01/01/2000,PSP,CA,AWP,WE,Combined TRACON& Tower with Radar,23,50,32,0,105,13,23,113,0,149,36,73,145,0,254,28,2,30,284
01/02/2000,PSP,CA,AWP,WE,Combined TRACON& Tower with Radar,37,79,50,0,166,9,0,162,0,171,46,79,212,0,337,76,0,76,413
01/03/2000,PSP,CA,AWP,WE,Combined TRACON& Tower with Radar,32,68,43,0,143,9,18,115,0,142,41,86,158,0,285,42,0,42,327
01/04/2000,PSP,CA,AWP,WE,Combined TRACON& Tower with Radar,34,73,45,0,152,10,43,135,0,188,44,116,180,0,340,52,0,52,392
01/05/2000,PSP,CA,AWP,WE,Combined TRACON& Tower with Radar,35,74,46,0,155,5,10,169,0,184,40,84,215,0,339,56,0,56,395
01/06/2000,PSP,CA,AWP,WE,Combined TRACON& Tower with Radar,34,73,45,1,153,8,26,141,1,176,42,99,186,2,329,36,2,38,367
01/07/2000,PSP,CA,AWP,WE,Combined TRACON& Tower with Radar,38,81,51,1,171,1,16,167,5,189,39,97,218,6,360,46,0,46,406
01/08/2000,PSP,CA,AWP,WE,Combined TRACON& Tower with Radar,32,70,43,1,146,12,11,198,2,223,44,81,241,3,369,142,0,142,511
01/09/2000,PSP,CA,AWP,WE,Combined TRACON& Tower with Radar,41,88,55,1,185,6,0,255,1,262,47,88,310,2,447,122,0,122,569
01/10/2000,PSP,CA,AWP,WE,Combined TRACON& Tower with Radar,38,81,51,0,170,3,9,211,0,223,41,90,262,0,393,16,0,16,409
01/11/2000,PSP,CA,AWP,WE,Combined TRACON& Tower with Radar,39,88,55,0,182,0,12,220,0,232,39,100,275,0,414,32,0,32,446
01/12/2000,PSP,CA,AWP,WE,Combined TRACON& Tower with Radar,38,91,57,0,186,0,5,198,0,203,38,96,255,0,389,20,0,20,409
01/13/2000,PSP,CA,AWP,WE,Combined TRACON& Tower with Radar,39,83,52,0,174,5,19,177,0,201,44,102,229,0,375,2,0,2,377
01/14/2000,PSP,CA,AWP,WE,Combined TRACON& Tower with Radar,42,98,61,0,201,0,5,221,0,226,42,103,282,0,427,100,0,100,527
01/15/2000,PSP,CA,AWP,WE,Combined TRACON& Tower with Radar,37,76,48,0,161,7,8,144,0,159,44,84,192,0,320,90,0,90,410
01/16/2000,PSP,CA,AWP,WE,Combined TRACON& Tower with Radar,44,97,67,0,208,0,0,58,0,58,44,97,125,0,266,40,0,40,306
01/17/2000,PSP,CA,AWP,WE,Combined TRACON& Tower with Radar,38,88,70,0,196,0,0,96,0,96,38,88,166,0,292,80,0,80,372
01/18/2000,PSP,CA,AWP,WE,Combined TRACON& Tower with Radar,41,88,56,0,185,0,0,83,0,83,41,88,139,0,268,70,0,70,338
01/19/2000,PSP,CA,AWP,WE,Combined TRACON& Tower with Radar,40,91,58,0,189,0,14,111,0,125,40,105,169,0,314,108,0,108,422
01/20/2000,PSP,CA,AWP,WE,Combined TRACON& Tower with Radar,41,95,65,0,201,0,0,79,4,83,41,95,144,4,284,98,0,98,382
01/21/2000,PSP,CA,AWP,WE,Combined TRACON& Tower with Radar,41,89,58,0,188,0,4,172,4,180,41,93,230,4,368,104,0,104,472
01/22/2000,PSP,CA,AWP,WE,Combined TRACON& Tower with Radar,37,76,49,0,162,5,1,123,0,129,42,77,172,0,291,80,0,80,371
01/23/2000,PSP,CA,AWP,WE,Combined TRACON& Tower with Radar,39,98,67,0,204,0,0,236,0,236,39,98,303,0,440,52,0,52,492
01/24/2000,PSP,CA,AWP,WE,Combined TRACON& Tower with Radar,42,95,61,0,198,0,3,127,4,134,42,98,188,4,332,100,0,100,432
01/25/2000,PSP,CA,AWP,WE,Combined TRACON& Tower with Radar,38,90,66,0,194,0,0,56,1,57,38,90,122,1,251,50,0,50,301
01/26/2000,PSP,CA,AWP,WE,Combined TRACON& Tower with Radar,40,78,53,0,171,0,0,144,0,144,40,78,197,0,315,42,0,42,357
01/27/2000,PSP,CA,AWP,WE,Combined TRACON& Tower with Radar,41,92,61,0,194,0,0,182,1,183,41,92,243,1,377,78,2,80,457
01/28/2000,PSP,CA,AWP,WE,Combined TRACON& Tower with Radar,39,86,58,0,183,0,0,144,4,148,39,86,202,4,331,92,4,96,427
01/29/2000,PSP,CA,AWP,WE,Combined TRACON& Tower with Radar,37,77,50,0,164,9,8,159,1,177,46,85,209,1,341,68,2,70,411
01/30/2000,PSP,CA,AWP,WE,Combined TRACON& Tower with Radar,39,84,60,0,183,0,0,117,4,121,39,84,177,4,304,44,2,46,350
01/31/2000,PSP,CA,AWP,WE,Combined TRACON& Tower with Radar,44,102,68,0,214,0,0,65,9,74,44,102,133,9,288,16,0,16,304
02/01/2000,PSP,CA,AWP,WE,Combined TRACON& Tower with Radar,34,66,50,1,151,7,30,76,1,114,41,96,126,2,265,28,0,28,293
02/02/2000,PSP,CA,AWP,WE,Combined TRACON& Tower with Radar,40,78,59,1,178,2,22,164,3,191,42,100,223,4,369,92,0,92,461
02/03/2000,PSP,CA,AWP,WE,Combined TRACON& Tower with Radar,39,75,57,1,172,6,19,120,0,145,45,94,177,1,317,86,0,86,403
02/04/2000,PSP,CA,AWP,WE,Combined TRACON& Tower with Radar,44,90,69,0,203,0,8,135,0,143,44,98,204,0,346,60,0,60,406
02/05/2000,PSP,CA,AWP,WE,Combined TRACON& Tower with Radar,38,73,56,0,167,12,7,111,0,130,50,80,167,0,297,102,0,102,399
02/06/2000,PSP,CA,AWP,WE,Combined TRACON& Tower with Radar,44,105,82,0,231,0,0,232,0,232,44,105,314,0,463,100,8,108,571
02/07/2000,PSP,CA,AWP,WE,Combined TRACON& Tower with Radar,42,85,65,0,192,0,9,82,0,91,42,94,147,0,283,48,0,48,331
02/08/2000,PSP,CA,AWP,WE,Combined TRACON& Tower with Radar,42,84,64,1,191,0,17,124,3,144,42,101,188,4,335,96,8,104,439
02/09/2000,PSP,CA,AWP,WE,Combined TRACON& Tower with Radar,45,96,73,0,214,0,5,94,0,99,45,101,167,0,313,70,0,70,383
02/10/2000,PSP,CA,AWP,WE,Combined TRACON& Tower with Radar,49,98,84,1,232,0,0,97,1,98,49,98,181,2,330,20,0,20,350
02/11/2000,PSP,CA,AWP,WE,Combined TRACON& Tower with Radar,41,94,71,1,207,0,10,160,2,172,41,104,231,3,379,54,6,60,439
02/12/2000,PSP,CA,AWP,WE,Combined TRACON& Tower with Radar,36,70,53,0,159,9,22,29,0,60,45,92,82,0,219,24,0,24,243
02/13/2000,PSP,CA,AWP,WE,Combined TRACON& Tower with Radar,37,98,78,0,213,0,0,71,0,71,37,98,149,0,284,50,0,50,334
02/14/2000,PSP,CA,AWP,WE,Combined TRACON& Tower with Radar,42,81,63,0,186,3,0,85,0,88,45,81,148,0,274,36,0,36,310
02/15/2000,PSP,CA,AWP,WE,Combined TRACON& Tower with Radar,42,82,63,0,187,3,11,142,0,156,45,93,205,0,343,48,0,48,391
02/16/2000,PSP,CA,AWP,WE,Combined TRACON& Tower with Radar,44,79,66,0,189,3,0,53,0,56,47,79,119,0,245,42,0,42,287
02/17/2000,PSP,CA,AWP,WE,Combined TRACON& Tower with Radar,41,80,62,1,184,4,4,79,3,90,45,84,141,4,274,12,0,12,286
02/18/2000,PSP,CA,AWP,WE,Combined TRACON& Tower with Radar,41,74,68,1,184,0,0,130,0,130,41,74,198,1,314,64,10,74,388
02/19/2000,PSP,CA,AWP,WE,Combined TRACON& Tower with Radar,42,70,61,0,173,10,0,145,0,155,52,70,206,0,328,72,0,72,400
02/20/2000,PSP,CA,AWP,WE,Combined TRACON& Tower with Radar,42,75,62,0,179,5,0,51,0,56,47,75,113,0,235,2,0,2,237
02/21/2000,PSP,CA,AWP,WE,Combined TRACON& Tower with Radar,45,90,70,0,205,0,0,30,0,30,45,90,100,0,235,24,0,24,259
02/22/2000,PSP,CA,AWP,WE,Combined TRACON& Tower with Radar,43,85,67,0,195,0,2,106,0,108,43,87,173,0,303,12,0,12,315
02/23/2000,PSP,CA,AWP,WE,Combined TRACON& Tower with Radar,42,65,62,0,169,2,0,45,1,48,44,65,107,1,217,24,0,24,241
02/24/2000,PSP,CA,AWP,WE,Combined TRACON& Tower with Radar,44,84,68,0,196,0,0,83,1,84,44,84,151,1,280,18,4,22,302
02/25/2000,PSP,CA,AWP,WE,Combined TRACON& Tower with Radar,42,73,65,0,180,0,0,83,0,83,42,73,148,0,263,36,0,36,299
02/26/2000,PSP,CA,AWP,WE,Combined TRACON& Tower with Radar,42,73,61,0,176,7,0,173,2,182,49,73,234,2,358,34,0,34,392
02/27/2000,PSP,CA,AWP,WE,Combined TRACON& Tower with Radar,49,83,82,0,214,0,0,88,0,88,49,83,170,0,302,60,0,60,362
02/28/2000,PSP,CA,AWP,WE,Combined TRACON& Tower with Radar,32,59,47,0,138,1,5,63,2,71,33,64,110,2,209,32,0,32,241
02/29/2000,PSP,CA,AWP,WE,Combined TRACON& Tower with Radar,30,57,45,0,132,0,6,69,3,78,30,63,114,3,210,12,8,20,230
03/01/2000,PSP,CA,AWP,WE,Combined TRACON& Tower with Radar,39,68,55,0,162,6,12,66,0,84,45,80,121,0,246,12,2,14,260
03/02/2000,PSP,CA,AWP,WE,Combined TRACON& Tower with Radar,45,77,65,0,187,0,0,94,0,94,45,77,159,0,281,8,2,10,291
03/03/2000,PSP,CA,AWP,WE,Combined TRACON& Tower with Radar,44,76,71,2,193,0,0,41,0,41,44,76,112,2,234,40,2,42,276
03/04/2000,PSP,CA,AWP,WE,Combined TRACON& Tower with Radar,39,64,55,0,158,6,0,60,0,66,45,64,115,0,224,26,0,26,250
03/05/2000,PSP,CA,AWP,WE,Combined TRACON& Tower with Radar,48,78,68,3,197,2,0,4,0,6,50,78,72,3,203,16,4,20,223
03/06/2000,PSP,CA,AWP,WE,Combined TRACON& Tower with Radar,7,78,64,3,152,0,6,46,0,52,7,84,110,3,204,4,0,4,208
03/07/2000,PSP,CA,AWP,WE,Combined TRACON& Tower with Radar,42,78,64,2,186,0,12,74,4,90,42,90,138,6,276,8,0,8,284
03/08/2000,PSP,CA,AWP,WE,Combined TRACON& Tower with Radar,46,80,65,0,191,2,0,24,0,26,48,80,89,0,217,10,0,10,227
03/09/2000,PSP,CA,AWP,WE,Combined TRACON& Tower with Radar,43,74,61,2,180,2,8,101,0,111,45,82,162,2,291,34,0,34,325
03/10/2000,PSP,CA,AWP,WE,Combined TRACON& Tower with Radar,44,86,72,3,205,0,0,155,8,163,44,86,227,11,368,68,0,68,436
03/11/2000,PSP,CA,AWP,WE,Combined TRACON& Tower with Radar,37,64,52,0,153,11,8,166,0,185,48,72,218,0,338,66,0,66,404
03/12/2000,PSP,CA,AWP,WE,Combined TRACON& Tower with Radar,48,70,72,0,190,0,0,203,0,203,48,70,275,0,393,30,0,30,423
03/13/2000,PSP,CA,AWP,WE,Combined TRACON& Tower with Radar,36,63,51,2,152,8,10,96,5,119,44,73,147,7,271,34,6,40,311
03/14/2000,PSP,CA,AWP,WE,Combined TRACON& Tower with Radar,36,62,50,2,150,4,17,118,7,146,40,79,168,9,296,8,24,32,328
03/15/2000,PSP,CA,AWP,WE,Combined TRACON& Tower with Radar,40,67,55,2,164,2,17,81,0,100,42,84,136,2,264,4,0,4,268
03/16/2000,PSP,CA,AWP,WE,Combined TRACON& Tower with Radar,46,78,71,2,197,0,0,113,2,115,46,78,184,4,312,12,0,12,324
03/17/2000,PSP,CA,AWP,WE,Combined TRACON& Tower with Radar,38,82,74,2,196,0,0,128,10,138,38,82,202,12,334,44,0,44,378
03/18/2000,PSP,CA,AWP,WE,Combined TRACON& Tower with Radar,47,78,66,0,191,0,0,158,0,158,47,78,224,0,349,90,0,90,439
03/19/2000,PSP,CA,AWP,WE,Combined TRACON& Tower with Radar,46,78,74,0,198,0,0,165,0,165,46,78,239,0,363,50,0,50,413
03/20/2000,PSP,CA,AWP,WE,Combined TRACON& Tower with Radar,34,49,48,0,131,7,0,12,0,19,41,49,60,0,150,0,0,0,150
03/21/2000,PSP,CA,AWP,WE,Combined TRACON& Tower with Radar,41,68,57,1,167,3,33,33,0,69,44,101,90,1,236,4,0,4,240
03/22/2000,PSP,CA,AWP,WE,Combined TRACON& Tower with Radar,43,76,63,0,182,0,7,85,0,92,43,83,148,0,274,10,0,10,284
03/23/2000,PSP,CA,AWP,WE,Combined TRACON& Tower with Radar,45,76,68,2,191,0,0,128,4,132,45,76,196,6,323,52,0,52,375
03/24/2000,PSP,CA,AWP,WE,Combined TRACON& Tower with Radar,40,76,64,0,180,0,2,88,0,90,40,78,152,0,270,40,0,40,310
03/25/2000,PSP,CA,AWP,WE,Combined TRACON& Tower with Radar,38,63,53,1,155,6,9,131,0,146,44,72,184,1,301,34,0,34,335
03/26/2000,PSP,CA,AWP,WE,Combined TRACON& Tower with Radar,47,79,66,2,194,0,1,128,1,130,47,80,194,3,324,78,0,78,402
03/27/2000,PSP,CA,AWP,WE,Combined TRACON& Tower with Radar,41,72,60,1,174,0,8,54,1,63,41,80,114,2,237,24,0,24,261
03/28/2000,PSP,CA,AWP,WE,Combined TRACON& Tower with Radar,39,65,55,1,160,3,18,49,8,78,42,83,104,9,238,8,14,22,260
03/29/2000,PSP,CA,AWP,WE,Combined TRACON& Tower with Radar,42,71,59,1,173,2,19,49,0,70,44,90,108,1,243,30,0,30,273
03/30/2000,PSP,CA,AWP,WE,Combined TRACON& Tower with Radar,45,81,68,0,194,0,13,99,0,112,45,94,167,0,306,34,0,34,340
03/31/2000,PSP,CA,AWP,WE,Combined TRACON& Tower with Radar,41,68,57,1,167,0,7,52,3,62,41,75,109,4,229,26,0,26,255
04/01/2000,PSP,CA,AWP,WE,Combined TRACON& Tower with Radar,37,62,52,0,151,13,4,33,0,50,50,66,85,0,201,42,0,42,243
04/02/2000,PSP,CA,AWP,WE,Combined TRACON& Tower with Radar,46,72,68,0,186,0,0,126,0,126,46,72,194,0,312,66,0,66,378
04/03/2000,PSP,CA,AWP,WE,Combined TRACON& Tower with Radar,35,58,49,0,142,6,15,91,0,112,41,73,140,0,254,14,0,14,268
04/04/2000,PSP,CA,AWP,WE,Combined TRACON& Tower with Radar,39,65,55,0,159,9,17,151,0,177,48,82,206,0,336,4,0,4,340
04/05/2000,PSP,CA,AWP,WE,Combined TRACON& Tower with Radar,37,62,52,1,152,6,14,89,2,111,43,76,141,3,263,46,6,52,315
04/06/2000,PSP,CA,AWP,WE,Combined TRACON& Tower with Radar,40,66,55,1,162,4,3,85,0,92,44,69,140,1,254,16,0,16,270
04/07/2000,PSP,CA,AWP,WE,Combined TRACON& Tower with Radar,42,71,59,1,173,0,5,125,1,131,42,76,184,2,304,48,4,52,356
04/08/2000,PSP,CA,AWP,WE,Combined TRACON& Tower with Radar,40,64,55,1,160,3,0,96,1,100,43,64,151,2,260,42,4,46,306
04/09/2000,PSP,CA,AWP,WE,Combined TRACON& Tower with Radar,41,71,67,0,179,0,0,152,0,152,41,71,219,0,331,32,0,32,363
04/10/2000,PSP,CA,AWP,WE,Combined TRACON& Tower with Radar,37,61,51,1,150,6,12,94,1,113,43,73,145,2,263,86,12,98,361
04/11/2000,PSP,CA,AWP,WE,Combined TRACON& Tower with Radar,35,58,49,1,143,6,18,108,0,132,41,76,157,1,275,34,2,36,311
04/12/2000,PSP,CA,AWP,WE,Combined TRACON& Tower with Radar,38,63,52,1,154,2,15,57,0,74,40,78,109,1,228,46,2,48,276
04/13/2000,PSP,CA,AWP,WE,Combined TRACON& Tower with Radar,40,71,59,0,170,0,8,111,0,119,40,79,170,0,289,22,0,22,311
04/14/2000,PSP,CA,AWP,WE,Combined TRACON& Tower with Radar,41,72,64,1,178,0,0,64,0,64,41,72,128,1,242,8,2,10,252
04/15/2000,PSP,CA,AWP,WE,Combined TRACON& Tower with Radar,41,69,68,0,178,0,0,119,0,119,41,69,187,0,297,60,0,60,357
04/16/2000,PSP,CA,AWP,WE,Combined TRACON& Tower with Radar,40,71,75,0,186,0,0,135,0,135,40,71,210,0,321,26,0,26,347
04/17/2000,PSP,CA,AWP,WE,Combined TRACON& Tower with Radar,44,69,66,0,179,0,0,64,5,69,44,69,130,5,248,40,6,46,294
04/18/2000,PSP,CA,AWP,WE,Combined TRACON& Tower with Radar,41,76,68,0,185,0,0,86,0,86,41,76,154,0,271,64,2,66,337
04/19/2000,PSP,CA,AWP,WE,Combined TRACON& Tower with Radar,46,70,64,0,180,1,0,116,0,117,47,70,180,0,297,64,0,64,361
04/20/2000,PSP,CA,AWP,WE,Combined TRACON& Tower with Radar,40,67,61,0,168,0,0,152,2,154,40,67,213,2,322,104,8,112,434
04/21/2000,PSP,CA,AWP,WE,Combined TRACON& Tower with Radar,40,69,64,0,173,0,0,72,0,72,40,69,136,0,245,10,0,10,255
04/22/2000,PSP,CA,AWP,WE,Combined TRACON& Tower with Radar,41,66,57,0,164,3,0,64,0,67,44,66,121,0,231,12,0,12,243
04/23/2000,PSP,CA,AWP,WE,Combined TRACON& Tower with Radar,41,65,56,0,162,1,13,99,4,117,42,78,155,4,279,12,0,12,291
04/24/2000,PSP,CA,AWP,WE,Combined TRACON& Tower with Radar,41,76,65,0,182,0,8,139,1,148,41,84,204,1,330,76,0,76,406
04/25/2000,PSP,CA,AWP,WE,Combined TRACON& Tower with Radar,37,59,51,0,147,7,13,89,1,110,44,72,140,1,257,18,0,18,275
04/26/2000,PSP,CA,AWP,WE,Combined TRACON& Tower with Radar,35,57,49,0,141,7,17,85,0,109,42,74,134,0,250,62,0,62,312
04/27/2000,PSP,CA,AWP,WE,Combined TRACON& Tower with Radar,40,63,55,0,158,1,12,103,5,121,41,75,158,5,279,16,0,16,295
04/28/2000,PSP,CA,AWP,WE,Combined TRACON& Tower with Radar,42,68,58,0,168,0,2,76,2,80,42,70,134,2,248,34,0,34,282
04/29/2000,PSP,CA,AWP,WE,Combined TRACON& Tower with Radar,36,57,49,0,142,7,5,90,0,102,43,62,139,0,244,46,0,46,290
04/30/2000,PSP,CA,AWP,WE,Combined TRACON& Tower with Radar,31,68,58,0,157,0,7,127,0,134,31,75,185,0,291,26,0,26,317
05/01/2000,PSP,CA,AWP,WE,Combined TRACON& Tower with Radar,28,65,38,0,131,7,0,107,0,114,35,65,145,0,245,70,0,70,315
05/02/2000,PSP,CA,AWP,WE,Combined TRACON& Tower with Radar,26,63,37,0,126,0,0,152,0,152,26,63,189,0,278,44,0,44,322
05/03/2000,PSP,CA,AWP,WE,Combined TRACON& Tower with Radar,26,61,35,1,123,11,0,106,1,118,37,61,141,2,241,36,0,36,277
05/04/2000,PSP,CA,AWP,WE,Combined TRACON& Tower with Radar,24,58,36,1,119,0,0,128,3,131,24,58,164,4,250,70,0,70,320
05/05/2000,PSP,CA,AWP,WE,Combined TRACON& Tower with Radar,25,67,38,0,130,0,6,107,0,113,25,73,145,0,243,18,0,18,261
05/06/2000,PSP,CA,AWP,WE,Combined TRACON& Tower with Radar,22,50,29,0,101,4,0,110,0,114,26,50,139,0,215,16,0,16,231
05/07/2000,PSP,CA,AWP,WE,Combined TRACON& Tower with Radar,22,63,40,0,125,0,0,126,0,126,22,63,166,0,251,12,0,12,263
05/08/2000,PSP,CA,AWP,WE,Combined TRACON& Tower with Radar,26,62,35,1,124,0,2,52,1,55,26,64,87,2,179,0,0,0,179
05/09/2000,PSP,CA,AWP,WE,Combined TRACON& Tower with Radar,22,51,29,1,103,2,7,96,1,106,24,58,125,2,209,38,4,42,251
05/10/2000,PSP,CA,AWP,WE,Combined TRACON& Tower with Radar,22,52,29,1,104,1,6,56,1,64,23,58,85,2,168,8,0,8,176
05/11/2000,PSP,CA,AWP,WE,Combined TRACON& Tower with Radar,25,60,34,1,120,1,4,57,2,64,26,64,91,3,184,20,36,56,240
05/12/2000,PSP,CA,AWP,WE,Combined TRACON& Tower with Radar,21,57,32,1,111,0,2,112,1,115,21,59,144,2,226,52,10,62,288
05/13/2000,PSP,CA,AWP,WE,Combined TRACON& Tower with Radar,20,48,28,0,96,4,4,94,0,102,24,52,122,0,198,16,0,16,214
05/14/2000,PSP,CA,AWP,WE,Combined TRACON& Tower with Radar,23,54,31,0,108,1,2,92,0,95,24,56,123,0,203,30,0,30,233
05/15/2000,PSP,CA,AWP,WE,Combined TRACON& Tower with Radar,21,46,27,0,94,3,13,39,0,55,24,59,66,0,149,44,0,44,193
05/16/2000,PSP,CA,AWP,WE,Combined TRACON& Tower with Radar,20,47,28,0,95,0,12,65,0,77,20,59,93,0,172,0,0,0,172
05/17/2000,PSP,CA,AWP,WE,Combined TRACON& Tower with Radar,23,51,30,0,104,0,6,126,0,132,23,57,156,0,236,30,6,36,272
05/18/2000,PSP,CA,AWP,WE,Combined TRACON& Tower with Radar,22,62,36,0,120,0,5,131,0,136,22,67,167,0,256,18,0,18,274
05/19/2000,PSP,CA,AWP,WE,Combined TRACON& Tower with Radar,24,53,31,1,109,0,7,88,1,96,24,60,119,2,205,86,4,90,295
05/20/2000,PSP,CA,AWP,WE,Combined TRACON& Tower with Radar,21,46,27,1,95,3,6,165,0,174,24,52,192,1,269,28,0,28,297
05/21/2000,PSP,CA,AWP,WE,Combined TRACON& Tower with Radar,23,52,31,0,106,0,3,119,0,122,23,55,150,0,228,102,0,102,330
05/22/2000,PSP,CA,AWP,WE,Combined TRACON& Tower with Radar,22,60,36,1,119,0,0,87,1,88,22,60,123,2,207,18,6,24,231
05/23/2000,PSP,CA,AWP,WE,Combined TRACON& Tower with Radar,22,50,29,0,101,1,11,118,0,130,23,61,147,0,231,32,0,32,263
05/24/2000,PSP,CA,AWP,WE,Combined TRACON& Tower with Radar,22,50,29,0,101,2,12,71,5,90,24,62,100,5,191,16,8,24,215
05/25/2000,PSP,CA,AWP,WE,Combined TRACON& Tower with Radar,22,61,36,0,119,0,5,66,1,72,22,66,102,1,191,16,0,16,207
05/26/2000,PSP,CA,AWP,WE,Combined TRACON& Tower with Radar,22,56,33,0,111,0,0,131,1,132,22,56,164,1,243,40,0,40,283
05/27/2000,PSP,CA,AWP,WE,Combined TRACON& Tower with Radar,18,41,24,0,83,6,5,92,0,103,24,46,116,0,186,52,0,52,238
05/28/2000,PSP,CA,AWP,WE,Combined TRACON& Tower with Radar,16,34,20,0,70,6,10,78,0,94,22,44,98,0,164,26,0,26,190
05/29/2000,PSP,CA,AWP,WE,Combined TRACON& Tower with Radar,22,49,29,0,100,0,2,116,0,118,22,51,145,0,218,14,0,14,232
05/30/2000,PSP,CA,AWP,WE,Combined TRACON& Tower with Radar,21,60,44,0,125,0,0,58,0,58,21,60,102,0,183,60,0,60,243
05/31/2000,PSP,CA,AWP,WE,Combined TRACON& Tower with Radar,21,48,27,0,96,0,14,99,3,116,21,62,126,3,212,56,0,56,268
06/01/2000,PSP,CA,AWP,WE,Combined TRACON& Tower with Radar,16,59,24,2,101,1,0,90,0,91,17,59,114,2,192,4,0,4,196
06/02/2000,PSP,CA,AWP,WE,Combined TRACON& Tower with Radar,15,58,23,0,96,0,5,99,0,104,15,63,122,0,200,56,0,56,256
06/03/2000,PSP,CA,AWP,WE,Combined TRACON& Tower with Radar,4,38,15,0,57,0,13,91,0,104,4,51,106,0,161,24,0,24,185
06/04/2000,PSP,CA,AWP,WE,Combined TRACON& Tower with Radar,13,50,20,0,83,4,0,74,0,78,17,50,94,0,161,6,0,6,167
06/05/2000,PSP,CA,AWP,WE,Combined TRACON& Tower with Radar,13,48,19,1,81,3,8,69,0,80,16,56,88,1,161,0,0,0,161
06/06/2000,PSP,CA,AWP,WE,Combined TRACON& Tower with Radar,14,51,20,2,87,2,8,60,0,70,16,59,80,2,157,4,0,4,161
06/07/2000,PSP,CA,AWP,WE,Combined TRACON& Tower with Radar,14,56,21,2,93,3,10,68,5,86,17,66,89,7,179,26,4,30,209
06/08/2000,PSP,CA,AWP,WE,Combined TRACON& Tower with Radar,13,52,19,2,86,2,5,48,2,57,15,57,67,4,143,52,6,58,201
06/09/2000,PSP,CA,AWP,WE,Combined TRACON& Tower with Radar,15,55,21,2,93,3,0,67,0,70,18,55,88,2,163,6,2,8,171
06/10/2000,PSP,CA,AWP,WE,Combined TRACON& Tower with Radar,12,50,18,0,80,0,13,77,0,90,12,63,95,0,170,12,0,12,182
06/11/2000,PSP,CA,AWP,WE,Combined TRACON& Tower with Radar,14,53,21,1,89,0,0,91,0,91,14,53,112,1,180,22,0,22,202
06/12/2000,PSP,CA,AWP,WE,Combined TRACON& Tower with Radar,13,48,18,2,81,1,3,74,2,80,14,51,92,4,161,16,18,34,195
06/13/2000,PSP,CA,AWP,WE,Combined TRACON& Tower with Radar,14,59,22,2,97,0,1,69,0,70,14,60,91,2,167,10,0,10,177
06/14/2000,PSP,CA,AWP,WE,Combined TRACON& Tower with Radar,12,55,20,1,88,0,5,62,1,68,12,60,82,2,156,34,0,34,190
06/15/2000,PSP,CA,AWP,WE,Combined TRACON& Tower with Radar,13,46,17,1,77,1,18,58,2,79,14,64,75,3,156,20,4,24,180
06/16/2000,PSP,CA,AWP,WE,Combined TRACON& Tower with Radar,12,52,20,1,85,0,6,62,1,69,12,58,82,2,154,12,0,12,166
06/17/2000,PSP,CA,AWP,WE,Combined TRACON& Tower with Radar,10,49,16,0,75,0,8,90,0,98,10,57,106,0,173,70,0,70,243
06/18/2000,PSP,CA,AWP,WE,Combined TRACON& Tower with Radar,15,55,21,1,92,0,0,82,3,85,15,55,103,4,177,42,2,44,221
06/19/2000,PSP,CA,AWP,WE,Combined TRACON& Tower with Radar,14,50,20,1,85,0,5,54,1,60,14,55,74,2,145,30,0,30,175
06/20/2000,PSP,CA,AWP,WE,Combined TRACON& Tower with Radar,12,45,18,1,76,0,7,54,3,64,12,52,72,4,140,16,0,16,156
06/21/2000,PSP,CA,AWP,WE,Combined TRACON& Tower with Radar,13,55,21,1,90,0,1,91,4,96,13,56,112,5,186,52,2,54,240
06/22/2000,PSP,CA,AWP,WE,Combined TRACON& Tower with Radar,14,47,19,1,81,0,0,83,0,83,14,47,102,1,164,56,0,56,220
06/23/2000,PSP,CA,AWP,WE,Combined TRACON& Tower with Radar,10,41,17,0,68,0,10,71,0,81,10,51,88,0,149,30,0,30,179
06/24/2000,PSP,CA,AWP,WE,Combined TRACON& Tower with Radar,13,44,18,0,75,5,4,82,0,91,18,48,100,0,166,14,0,14,180
06/25/2000,PSP,CA,AWP,WE,Combined TRACON& Tower with Radar,14,46,15,0,75,0,3,57,0,60,14,49,72,0,135,24,0,24,159
06/26/2000,PSP,CA,AWP,WE,Combined TRACON& Tower with Radar,11,41,17,1,70,0,11,57,0,68,11,52,74,1,138,24,0,24,162
06/27/2000,PSP,CA,AWP,WE,Combined TRACON& Tower with Radar,15,46,21,1,83,4,0,50,2,56,19,46,71,3,139,8,18,26,165
06/28/2000,PSP,CA,AWP,WE,Combined TRACON& Tower with Radar,14,55,22,1,92,0,5,58,5,68,14,60,80,6,160,70,20,90,250
06/29/2000,PSP,CA,AWP,WE,Combined TRACON& Tower with Radar,12,48,19,1,80,0,5,72,1,78,12,53,91,2,158,66,4,70,228
06/30/2000,PSP,CA,AWP,WE,Combined TRACON& Tower with Radar,10,50,20,0,80,0,0,84,0,84,10,50,104,0,164,48,0,48,212
07/01/2000,PSP,CA,AWP,WE,Combined TRACON& Tower with Radar,9,44,14,0,67,3,0,82,0,85,12,44,96,0,152,34,0,34,186
07/02/2000,PSP,CA,AWP,WE,Combined TRACON& Tower with Radar,7,41,11,0,59,2,0,83,0,85,9,41,94,0,144,2,0,2,146
07/03/2000,PSP,CA,AWP,WE,Combined TRACON& Tower with Radar,7,46,12,1,66,3,6,68,0,77,10,52,80,1,143,32,2,34,177
07/04/2000,PSP,CA,AWP,WE,Combined TRACON& Tower with Radar,8,48,12,0,68,2,2,55,0,59,10,50,67,0,127,18,0,18,145
07/05/2000,PSP,CA,AWP,WE,Combined TRACON& Tower with Radar,8,48,12,1,69,4,2,65,0,71,12,50,77,1,140,12,0,12,152
07/06/2000,PSP,CA,AWP,WE,Combined TRACON& Tower with Radar,8,56,15,2,81,0,0,73,0,73,8,56,88,2,154,26,2,28,182
07/07/2000,PSP,CA,AWP,WE,Combined TRACON& Tower with Radar,7,53,14,1,75,0,1,82,1,84,7,54,96,2,159,16,6,22,181
07/08/2000,PSP,CA,AWP,WE,Combined TRACON& Tower with Radar,8,48,13,0,69,3,0,89,0,92,11,48,102,0,161,6,0,6,167
07/09/2000,PSP,CA,AWP,WE,Combined TRACON& Tower with Radar,8,48,12,0,68,0,4,76,0,80,8,52,88,0,148,4,0,4,152
07/10/2000,PSP,CA,AWP,WE,Combined TRACON& Tower with Radar,8,55,16,0,79,0,0,86,0,86,8,55,102,0,165,10,2,12,177
07/11/2000,PSP,CA,AWP,WE,Combined TRACON& Tower with Radar,7,48,12,1,68,0,8,55,0,63,7,56,67,1,131,6,0,6,137
07/12/2000,PSP,CA,AWP,WE,Combined TRACON& Tower with Radar,8,49,13,1,71,0,4,45,1,50,8,53,58,2,121,36,20,56,177
07/13/2000,PSP,CA,AWP,WE,Combined TRACON& Tower with Radar,7,53,14,0,74,0,4,61,0,65,7,57,75,0,139,58,0,58,197
07/14/2000,PSP,CA,AWP,WE,Combined TRACON& Tower with Radar,7,56,15,2,80,0,0,81,0,81,7,56,96,2,161,32,0,32,193
07/15/2000,PSP,CA,AWP,WE,Combined TRACON& Tower with Radar,10,58,16,2,86,0,0,82,2,84,10,58,98,4,170,70,0,70,240
07/16/2000,PSP,CA,AWP,WE,Combined TRACON& Tower with Radar,7,43,12,0,62,2,7,76,0,85,9,50,88,0,147,4,0,4,151
07/17/2000,PSP,CA,AWP,WE,Combined TRACON& Tower with Radar,8,46,13,1,68,0,10,75,3,88,8,56,88,4,156,32,32,64,220
07/18/2000,PSP,CA,AWP,WE,Combined TRACON& Tower with Radar,7,45,13,1,66,0,13,58,1,72,7,58,71,2,138,30,6,36,174
07/19/2000,PSP,CA,AWP,WE,Combined TRACON& Tower with Radar,8,54,15,2,79,0,0,73,3,76,8,54,88,5,155,34,4,38,193
07/20/2000,PSP,CA,AWP,WE,Combined TRACON& Tower with Radar,10,54,15,2,81,1,4,75,0,80,11,58,90,2,161,32,0,32,193
07/21/2000,PSP,CA,AWP,WE,Combined TRACON& Tower with Radar,6,46,13,1,66,0,4,83,1,88,6,50,96,2,154,22,0,22,176
07/22/2000,PSP,CA,AWP,WE,Combined TRACON& Tower with Radar,8,42,12,1,63,3,6,69,1,79,11,48,81,2,142,28,0,28,170
07/23/2000,PSP,CA,AWP,WE,Combined TRACON& Tower with Radar,9,47,13,0,69,1,1,70,2,74,10,48,83,2,143,38,0,38,181
07/24/2000,PSP,CA,AWP,WE,Combined TRACON& Tower with Radar,8,46,13,0,67,0,12,71,0,83,8,58,84,0,150,18,0,18,168
07/25/2000,PSP,CA,AWP,WE,Combined TRACON& Tower with Radar,8,51,14,0,73,0,14,63,0,77,8,65,77,0,150,10,0,10,160
07/26/2000,PSP,CA,AWP,WE,Combined TRACON& Tower with Radar,8,45,13,0,66,0,13,52,0,65,8,58,65,0,131,34,0,34,165
07/27/2000,PSP,CA,AWP,WE,Combined TRACON& Tower with Radar,8,47,13,0,68,0,7,80,1,88,8,54,93,1,156,80,2,82,238
07/28/2000,PSP,CA,AWP,WE,Combined TRACON& Tower with Radar,8,54,17,1,80,0,0,73,0,73,8,54,90,1,153,26,0,26,179
07/29/2000,PSP,CA,AWP,WE,Combined TRACON& Tower with Radar,8,42,12,0,62,0,10,44,0,54,8,52,56,0,116,44,0,44,160
07/30/2000,PSP,CA,AWP,WE,Combined TRACON& Tower with Radar,8,48,14,0,70,0,8,72,1,81,8,56,86,1,151,26,0,26,177
07/31/2000,PSP,CA,AWP,WE,Combined TRACON& Tower with Radar,8,45,13,0,66,0,5,47,0,52,8,50,60,0,118,40,0,40,158
08/01/2000,PSP,CA,AWP,WE,Combined TRACON& Tower with Radar,7,51,15,1,74,0,9,54,3,66,7,60,69,4,140,8,2,10,150
08/02/2000,PSP,CA,AWP,WE,Combined TRACON& Tower with Radar,7,50,14,1,72,0,4,65,3,72,7,54,79,4,144,6,2,8,152
08/03/2000,PSP,CA,AWP,WE,Combined TRACON& Tower with Radar,7,44,13,0,64,0,13,48,0,61,7,57,61,0,125,32,2,34,159
08/04/2000,PSP,CA,AWP,WE,Combined TRACON& Tower with Radar,8,50,15,1,74,0,0,57,0,57,8,50,72,1,131,50,0,50,181
08/05/2000,PSP,CA,AWP,WE,Combined TRACON& Tower with Radar,7,46,12,0,65,1,4,68,0,73,8,50,80,0,138,44,0,44,182
08/06/2000,PSP,CA,AWP,WE,Combined TRACON& Tower with Radar,7,51,14,0,72,1,2,50,0,53,8,53,64,0,125,6,0,6,131
08/07/2000,PSP,CA,AWP,WE,Combined TRACON& Tower with Radar,6,48,13,0,67,0,0,46,0,46,6,48,59,0,113,38,0,38,151
08/08/2000,PSP,CA,AWP,WE,Combined TRACON& Tower with Radar,7,46,12,0,65,0,13,61,0,74,7,59,73,0,139,30,0,30,169
08/09/2000,PSP,CA,AWP,WE,Combined TRACON& Tower with Radar,7,54,15,1,77,0,4,77,3,84,7,58,92,4,161,36,0,36,197
08/10/2000,PSP,CA,AWP,WE,Combined TRACON& Tower with Radar,7,50,15,0,72,0,6,75,0,81,7,56,90,0,153,38,0,38,191
08/11/2000,PSP,CA,AWP,WE,Combined TRACON& Tower with Radar,9,55,15,0,79,6,1,58,0,65,15,56,73,0,144,6,0,6,150
08/12/2000,PSP,CA,AWP,WE,Combined TRACON& Tower with Radar,7,47,13,0,67,0,43,1,0,44,7,90,14,0,111,4,0,4,115
08/13/2000,PSP,CA,AWP,WE,Combined TRACON& Tower with Radar,8,51,15,1,75,0,8,51,2,61,8,59,66,3,136,16,0,16,152
08/14/2000,PSP,CA,AWP,WE,Combined TRACON& Tower with Radar,7,48,13,0,68,4,4,47,0,55,11,52,60,0,123,0,0,0,123
08/15/2000,PSP,CA,AWP,WE,Combined TRACON& Tower with Radar,8,54,15,1,78,0,12,45,1,58,8,66,60,2,136,14,8,22,158
08/16/2000,PSP,CA,AWP,WE,Combined TRACON& Tower with Radar,7,47,13,1,68,1,13,40,1,55,8,60,53,2,123,68,2,70,193
08/17/2000,PSP,CA,AWP,WE,Combined TRACON& Tower with Radar,6,47,13,0,66,0,8,64,0,72,6,55,77,0,138,22,0,22,160
08/18/2000,PSP,CA,AWP,WE,Combined TRACON& Tower with Radar,7,43,12,1,63,12,0,78,0,90,19,43,90,1,153,6,0,6,159
08/19/2000,PSP,CA,AWP,WE,Combined TRACON& Tower with Radar,7,41,12,0,60,1,9,48,0,58,8,50,60,0,118,0,0,0,118
08/20/2000,PSP,CA,AWP,WE,Combined TRACON& Tower with Radar,8,45,13,1,67,0,4,64,2,70,8,49,77,3,137,16,0,16,153
08/21/2000,PSP,CA,AWP,WE,Combined TRACON& Tower with Radar,7,41,11,1,60,1,11,78,0,90,8,52,89,1,150,22,0,22,172
08/22/2000,PSP,CA,AWP,WE,Combined TRACON& Tower with Radar,8,45,12,0,65,1,13,60,0,74,9,58,72,0,139,36,0,36,175
08/23/2000,PSP,CA,AWP,WE,Combined TRACON& Tower with Radar,8,49,14,0,71,0,7,64,0,71,8,56,78,0,142,20,0,20,162
08/24/2000,PSP,CA,AWP,WE,Combined TRACON& Tower with Radar,8,44,13,0,65,0,18,56,0,74,8,62,69,0,139,8,0,8,147
08/25/2000,PSP,CA,AWP,WE,Combined TRACON& Tower with Radar,8,58,17,0,83,0,1,72,0,73,8,59,89,0,156,24,0,24,180
08/26/2000,PSP,CA,AWP,WE,Combined TRACON& Tower with Radar,7,42,13,0,62,1,8,80,0,89,8,50,93,0,151,32,0,32,183
08/27/2000,PSP,CA,AWP,WE,Combined TRACON& Tower with Radar,8,53,18,0,79,0,0,62,0,62,8,53,80,0,141,6,0,6,147
08/28/2000,PSP,CA,AWP,WE,Combined TRACON& Tower with Radar,7,63,19,0,89,0,9,43,3,55,7,72,62,3,144,38,0,38,182
08/29/2000,PSP,CA,AWP,WE,Combined TRACON& Tower with Radar,8,67,24,0,99,0,0,54,0,54,8,67,78,0,153,22,0,22,175
08/30/2000,PSP,CA,AWP,WE,Combined TRACON& Tower with Radar,8,64,21,1,94,0,0,65,4,69,8,64,86,5,163,36,10,46,209
08/31/2000,PSP,CA,AWP,WE,Combined TRACON& Tower with Radar,8,56,17,0,81,0,0,82,3,85,8,56,99,3,166,30,0,30,196
09/01/2000,PSP,CA,AWP,WE,Combined TRACON& Tower with Radar,6,52,14,0,72,0,7,77,0,84,6,59,91,0,156,24,0,24,180
09/02/2000,PSP,CA,AWP,WE,Combined TRACON& Tower with Radar,7,45,14,0,66,1,5,56,3,65,8,50,70,3,131,32,0,32,163
09/03/2000,PSP,CA,AWP,WE,Combined TRACON& Tower with Radar,6,37,12,0,55,2,12,63,0,77,8,49,75,0,132,8,0,8,140
09/04/2000,PSP,CA,AWP,WE,Combined TRACON& Tower with Radar,8,56,18,0,82,0,0,85,5,90,8,56,103,5,172,48,0,48,220
09/05/2000,PSP,CA,AWP,WE,Combined TRACON& Tower with Radar,7,47,16,0,70,1,5,73,0,79,8,52,89,0,149,8,0,8,157
09/06/2000,PSP,CA,AWP,WE,Combined TRACON& Tower with Radar,10,59,19,0,88,3,18,73,2,96,13,77,92,2,184,38,10,48,232
09/07/2000,PSP,CA,AWP,WE,Combined TRACON& Tower with Radar,12,72,23,0,107,0,6,68,4,78,12,78,91,4,185,38,2,40,225
09/08/2000,PSP,CA,AWP,WE,Combined TRACON& Tower with Radar,11,65,17,0,93,1,1,89,0,91,12,66,106,0,184,26,0,26,210
09/09/2000,PSP,CA,AWP,WE,Combined TRACON& Tower with Radar,13,61,21,0,95,1,0,90,0,91,14,61,111,0,186,22,0,22,208
09/10/2000,PSP,CA,AWP,WE,Combined TRACON& Tower with Radar,11,66,17,0,94,1,0,71,0,72,12,66,88,0,166,42,0,42,208
09/11/2000,PSP,CA,AWP,WE,Combined TRACON& Tower with Radar,10,65,11,2,88,1,3,65,0,69,11,68,76,2,157,20,0,20,177
09/12/2000,PSP,CA,AWP,WE,Combined TRACON& Tower with Radar,10,67,22,0,99,0,19,48,0,67,10,86,70,0,166,24,0,24,190
09/13/2000,PSP,CA,AWP,WE,Combined TRACON& Tower with Radar,12,71,22,0,105,0,9,53,0,62,12,80,75,0,167,12,0,12,179
09/14/2000,PSP,CA,AWP,WE,Combined TRACON& Tower with Radar,12,66,20,1,99,0,1,55,3,59,12,67,75,4,158,24,0,24,182
09/15/2000,PSP,CA,AWP,WE,Combined TRACON& Tower with Radar,9,67,21,0,97,0,1,106,0,107,9,68,127,0,204,24,0,24,228
09/16/2000,PSP,CA,AWP,WE,Combined TRACON& Tower with Radar,14,61,22,0,97,0,4,71,0,75,14,65,93,0,172,10,0,10,182
09/17/2000,PSP,CA,AWP,WE,Combined TRACON& Tower with Radar,19,61,18,2,100,0,0,61,0,61,19,61,79,2,161,0,0,0,161
09/18/2000,PSP,CA,AWP,WE,Combined TRACON& Tower with Radar,10,52,16,0,78,0,12,70,0,82,10,64,86,0,160,38,2,40,200
09/19/2000,PSP,CA,AWP,WE,Combined TRACON& Tower with Radar,11,69,9,0,89,0,21,76,0,97,11,90,85,0,186,50,0,50,236
09/20/2000,PSP,CA,AWP,WE,Combined TRACON& Tower with Radar,10,75,24,1,110,0,6,82,4,92,10,81,106,5,202,18,8,26,228
09/21/2000,PSP,CA,AWP,WE,Combined TRACON& Tower with Radar,14,65,24,0,103,4,0,64,3,71,18,65,88,3,174,32,0,32,206
09/22/2000,PSP,CA,AWP,WE,Combined TRACON& Tower with Radar,12,64,40,0,116,0,2,63,0,65,12,66,103,0,181,8,0,8,189
09/23/2000,PSP,CA,AWP,WE,Combined TRACON& Tower with Radar,14,62,14,1,91,0,0,72,1,73,14,62,86,2,164,18,16,34,198
09/24/2000,PSP,CA,AWP,WE,Combined TRACON& Tower with Radar,12,69,17,0,98,0,0,85,0,85,12,69,102,0,183,22,0,22,205
09/25/2000,PSP,CA,AWP,WE,Combined TRACON& Tower with Radar,13,74,24,0,111,0,3,76,1,80,13,77,100,1,191,26,10,36,227
09/26/2000,PSP,CA,AWP,WE,Combined TRACON& Tower with Radar,12,75,27,4,118,0,3,60,2,65,12,78,87,6,183,22,4,26,209
09/27/2000,PSP,CA,AWP,WE,Combined TRACON& Tower with Radar,13,71,26,0,110,0,0,89,4,93,13,71,115,4,203,40,2,42,245
09/28/2000,PSP,CA,AWP,WE,Combined TRACON& Tower with Radar,12,68,26,0,106,0,2,78,0,80,12,70,104,0,186,38,0,38,224
09/29/2000,PSP,CA,AWP,WE,Combined TRACON& Tower with Radar,12,72,26,0,110,0,0,80,0,80,12,72,106,0,190,16,0,16,206
09/30/2000,PSP,CA,AWP,WE,Combined TRACON& Tower with Radar,13,58,27,0,98,0,0,65,0,65,13,58,92,0,163,10,0,10,173
10/01/2000,PSP,CA,AWP,WE,Combined TRACON& Tower with Radar,17,63,27,0,107,0,0,87,0,87,17,63,114,0,194,4,0,4,198
10/02/2000,PSP,CA,AWP,WE,Combined TRACON& Tower with Radar,16,67,14,0,97,0,2,46,0,48,16,69,60,0,145,34,0,34,179
10/03/2000,PSP,CA,AWP,WE,Combined TRACON& Tower with Radar,16,55,22,0,93,2,17,31,0,50,18,72,53,0,143,18,0,18,161
10/04/2000,PSP,CA,AWP,WE,Combined TRACON& Tower with Radar,17,63,25,0,105,0,0,47,0,47,17,63,72,0,152,14,0,14,166
10/05/2000,PSP,CA,AWP,WE,Combined TRACON& Tower with Radar,18,70,38,0,126,0,0,78,0,78,18,70,116,0,204,16,0,16,220
10/06/2000,PSP,CA,AWP,WE,Combined TRACON& Tower with Radar,17,65,39,0,121,0,1,88,0,89,17,66,127,0,210,28,0,28,238
10/07/2000,PSP,CA,AWP,WE,Combined TRACON& Tower with Radar,16,58,23,0,97,4,7,77,0,88,20,65,100,0,185,94,2,96,281
10/08/2000,PSP,CA,AWP,WE,Combined TRACON& Tower with Radar,18,67,29,0,114,0,0,79,0,79,18,67,108,0,193,16,0,16,209
10/09/2000,PSP,CA,AWP,WE,Combined TRACON& Tower with Radar,16,60,24,0,100,2,7,40,1,50,18,67,64,1,150,26,0,26,176
10/10/2000,PSP,CA,AWP,WE,Combined TRACON& Tower with Radar,20,77,18,0,115,0,2,29,0,31,20,79,47,0,146,44,0,44,190
10/11/2000,PSP,CA,AWP,WE,Combined TRACON& Tower with Radar,17,73,29,0,119,0,4,65,0,69,17,77,94,0,188,50,0,50,238
10/12/2000,PSP,CA,AWP,WE,Combined TRACON& Tower with Radar,21,60,27,0,108,0,2,81,0,83,21,62,108,0,191,50,0,50,241
10/13/2000,PSP,CA,AWP,WE,Combined TRACON& Tower with Radar,18,69,36,2,125,0,0,159,1,160,18,69,195,3,285,56,0,56,341
10/14/2000,PSP,CA,AWP,WE,Combined TRACON& Tower with Radar,18,66,26,0,110,2,8,216,0,226,20,74,242,0,336,88,0,88,424
10/15/2000,PSP,CA,AWP,WE,Combined TRACON& Tower with Radar,17,72,39,2,130,0,0,159,0,159,17,72,198,2,289,68,0,68,357
10/16/2000,PSP,CA,AWP,WE,Combined TRACON& Tower with Radar,17,65,26,0,108,2,9,91,0,102,19,74,117,0,210,22,0,22,232
10/17/2000,PSP,CA,AWP,WE,Combined TRACON& Tower with Radar,18,73,24,2,117,0,1,81,0,82,18,74,105,2,199,36,2,38,237
10/18/2000,PSP,CA,AWP,WE,Combined TRACON& Tower with Radar,18,70,31,0,119,0,2,97,0,99,18,72,128,0,218,18,2,20,238
10/19/2000,PSP,CA,AWP,WE,Combined TRACON& Tower with Radar,18,54,20,1,93,0,3,78,1,82,18,57,98,2,175,32,0,32,207
10/20/2000,PSP,CA,AWP,WE,Combined TRACON& Tower with Radar,20,58,30,3,111,0,0,101,5,106,20,58,131,8,217,18,0,18,235
10/21/2000,PSP,CA,AWP,WE,Combined TRACON& Tower with Radar,21,64,24,1,110,0,1,58,0,59,21,65,82,1,169,38,0,38,207
10/22/2000,PSP,CA,AWP,WE,Combined TRACON& Tower with Radar,21,73,41,2,137,0,1,75,1,77,21,74,116,3,214,12,0,12,226
10/23/2000,PSP,CA,AWP,WE,Combined TRACON& Tower with Radar,18,70,28,5,121,0,3,80,0,83,18,73,108,5,204,4,0,4,208
10/24/2000,PSP,CA,AWP,WE,Combined TRACON& Tower with Radar,17,75,30,0,122,0,6,78,4,88,17,81,108,4,210,56,0,56,266
10/25/2000,PSP,CA,AWP,WE,Combined TRACON& Tower with Radar,16,78,32,0,126,0,8,103,0,111,16,86,135,0,237,68,0,68,305
10/26/2000,PSP,CA,AWP,WE,Combined TRACON& Tower with Radar,18,86,42,2,148,0,3,62,1,66,18,89,104,3,214,30,0,30,244
10/27/2000,PSP,CA,AWP,WE,Combined TRACON& Tower with Radar,17,75,37,0,129,0,2,39,0,41,17,77,76,0,170,50,0,50,220
10/28/2000,PSP,CA,AWP,WE,Combined TRACON& Tower with Radar,20,68,36,0,124,0,0,60,0,60,20,68,96,0,184,52,0,52,236
10/29/2000,PSP,CA,AWP,WE,Combined TRACON& Tower with Radar,25,75,35,0,135,0,0,56,0,56,25,75,91,0,191,20,0,20,211
10/30/2000,PSP,CA,AWP,WE,Combined TRACON& Tower with Radar,20,78,19,1,118,0,4,63,1,68,20,82,82,2,186,30,4,34,220
10/31/2000,PSP,CA,AWP,WE,Combined TRACON& Tower with Radar,20,71,28,0,119,0,3,90,2,95,20,74,118,2,214,42,2,44,258
11/01/2000,PSP,CA,AWP,WE,Combined TRACON& Tower with Radar,24,83,28,0,135,0,6,85,0,91,24,89,113,0,226,80,0,80,306
11/02/2000,PSP,CA,AWP,WE,Combined TRACON& Tower with Radar,24,82,56,0,162,0,6,83,0,89,24,88,139,0,251,52,0,52,303
11/03/2000,PSP,CA,AWP,WE,Combined TRACON& Tower with Radar,24,76,72,0,172,0,3,68,0,71,24,79,140,0,243,44,0,44,287
11/04/2000,PSP,CA,AWP,WE,Combined TRACON& Tower with Radar,31,74,28,0,133,0,1,110,2,113,31,75,138,2,246,20,2,22,268
11/05/2000,PSP,CA,AWP,WE,Combined TRACON& Tower with Radar,29,85,66,0,180,0,0,127,0,127,29,85,193,0,307,50,0,50,357
11/06/2000,PSP,CA,AWP,WE,Combined TRACON& Tower with Radar,22,83,38,0,143,0,0,54,0,54,22,83,92,0,197,0,0,0,197
11/07/2000,PSP,CA,AWP,WE,Combined TRACON& Tower with Radar,24,93,37,0,154,0,1,56,2,59,24,94,93,2,213,0,0,0,213
11/08/2000,PSP,CA,AWP,WE,Combined TRACON& Tower with Radar,24,77,42,0,143,1,1,104,2,108,25,78,146,2,251,14,2,16,267
11/09/2000,PSP,CA,AWP,WE,Combined TRACON& Tower with Radar,24,87,71,2,184,0,2,71,0,73,24,89,142,2,257,22,0,22,279
11/10/2000,PSP,CA,AWP,WE,Combined TRACON& Tower with Radar,24,96,62,0,182,0,0,64,3,67,24,96,126,3,249,12,2,14,263
11/11/2000,PSP,CA,AWP,WE,Combined TRACON& Tower with Radar,24,77,42,0,143,5,7,119,7,138,29,84,161,7,281,64,10,74,355
11/12/2000,PSP,CA,AWP,WE,Combined TRACON& Tower with Radar,29,90,59,1,179,0,0,156,0,156,29,90,215,1,335,12,0,12,347
11/13/2000,PSP,CA,AWP,WE,Combined TRACON& Tower with Radar,24,85,22,0,131,0,0,89,0,89,24,85,111,0,220,16,0,16,236
11/14/2000,PSP,CA,AWP,WE,Combined TRACON& Tower with Radar,24,86,33,0,143,0,2,82,0,84,24,88,115,0,227,34,0,34,261
11/15/2000,PSP,CA,AWP,WE,Combined TRACON& Tower with Radar,23,76,42,0,141,1,14,106,7,128,24,90,148,7,269,36,4,40,309
11/16/2000,PSP,CA,AWP,WE,Combined TRACON& Tower with Radar,24,86,49,0,159,0,5,105,0,110,24,91,154,0,269,38,0,38,307
11/17/2000,PSP,CA,AWP,WE,Combined TRACON& Tower with Radar,24,88,42,0,154,0,0,124,1,125,24,88,166,1,279,88,0,88,367
11/18/2000,PSP,CA,AWP,WE,Combined TRACON& Tower with Radar,30,72,44,0,146,0,0,110,0,110,30,72,154,0,256,14,0,14,270
11/19/2000,PSP,CA,AWP,WE,Combined TRACON& Tower with Radar,29,84,52,0,165,0,0,151,0,151,29,84,203,0,316,28,0,28,344
11/20/2000,PSP,CA,AWP,WE,Combined TRACON& Tower with Radar,26,90,41,1,158,0,2,86,2,90,26,92,127,3,248,10,0,10,258
11/21/2000,PSP,CA,AWP,WE,Combined TRACON& Tower with Radar,26,93,75,0,194,0,9,105,0,114,26,102,180,0,308,46,0,46,354
11/22/2000,PSP,CA,AWP,WE,Combined TRACON& Tower with Radar,27,87,65,0,179,0,1,98,0,99,27,88,163,0,278,44,0,44,322
11/23/2000,PSP,CA,AWP,WE,Combined TRACON& Tower with Radar,23,67,13,0,103,0,0,87,0,87,23,67,100,0,190,2,0,2,192
11/24/2000,PSP,CA,AWP,WE,Combined TRACON& Tower with Radar,25,68,35,0,128,0,0,112,0,112,25,68,147,0,240,4,0,4,244
11/25/2000,PSP,CA,AWP,WE,Combined TRACON& Tower with Radar,33,84,35,1,153,0,0,144,0,144,33,84,179,1,297,38,0,38,335
11/26/2000,PSP,CA,AWP,WE,Combined TRACON& Tower with Radar,30,80,109,0,219,0,0,199,0,199,30,80,308,0,418,30,0,30,448
11/27/2000,PSP,CA,AWP,WE,Combined TRACON& Tower with Radar,24,84,40,0,148,0,0,84,5,89,24,84,124,5,237,0,0,0,237
11/28/2000,PSP,CA,AWP,WE,Combined TRACON& Tower with Radar,24,82,47,0,153,0,11,86,4,101,24,93,133,4,254,82,0,82,336
11/29/2000,PSP,CA,AWP,WE,Combined TRACON& Tower with Radar,24,76,43,0,143,3,8,100,3,114,27,84,143,3,257,60,0,60,317
11/30/2000,PSP,CA,AWP,WE,Combined TRACON& Tower with Radar,26,82,41,2,151,0,3,86,2,91,26,85,127,4,242,70,0,70,312
12/01/2000,PSP,CA,AWP,WE,Combined TRACON& Tower with Radar,26,79,59,0,164,1,13,108,0,122,27,92,167,0,286,42,0,42,328
12/02/2000,PSP,CA,AWP,WE,Combined TRACON& Tower with Radar,33,73,42,2,150,1,0,169,2,172,34,73,211,4,322,52,0,52,374
12/03/2000,PSP,CA,AWP,WE,Combined TRACON& Tower with Radar,30,94,41,0,165,1,0,149,0,150,31,94,190,0,315,64,0,64,379
12/04/2000,PSP,CA,AWP,WE,Combined TRACON& Tower with Radar,29,82,36,0,147,0,0,94,2,96,29,82,130,2,243,4,0,4,247
12/05/2000,PSP,CA,AWP,WE,Combined TRACON& Tower with Radar,27,81,23,0,131,1,1,101,0,103,28,82,124,0,234,24,0,24,258
12/06/2000,PSP,CA,AWP,WE,Combined TRACON& Tower with Radar,25,91,38,0,154,0,3,79,0,82,25,94,117,0,236,14,0,14,250
12/07/2000,PSP,CA,AWP,WE,Combined TRACON& Tower with Radar,26,74,49,0,149,0,1,80,0,81,26,75,129,0,230,28,0,28,258
12/08/2000,PSP,CA,AWP,WE,Combined TRACON& Tower with Radar,26,76,35,2,139,0,2,88,0,90,26,78,123,2,229,16,0,16,245
12/09/2000,PSP,CA,AWP,WE,Combined TRACON& Tower with Radar,32,70,34,0,136,0,0,68,1,69,32,70,102,1,205,4,0,4,209
12/10/2000,PSP,CA,AWP,WE,Combined TRACON& Tower with Radar,41,79,35,0,155,0,0,71,0,71,41,79,106,0,226,38,0,38,264
12/11/2000,PSP,CA,AWP,WE,Combined TRACON& Tower with Radar,25,87,29,0,141,0,1,71,0,72,25,88,100,0,213,2,0,2,215
12/12/2000,PSP,CA,AWP,WE,Combined TRACON& Tower with Radar,27,92,28,0,147,0,2,57,0,59,27,94,85,0,206,14,0,14,220
12/13/2000,PSP,CA,AWP,WE,Combined TRACON& Tower with Radar,25,72,31,0,128,0,12,63,4,79,25,84,94,4,207,34,2,36,243
12/14/2000,PSP,CA,AWP,WE,Combined TRACON& Tower with Radar,28,76,41,0,145,0,2,76,0,78,28,78,117,0,223,48,0,48,271
12/15/2000,PSP,CA,AWP,WE,Combined TRACON& Tower with Radar,29,80,44,1,154,0,4,74,1,79,29,84,118,2,233,20,0,20,253
12/16/2000,PSP,CA,AWP,WE,Combined TRACON& Tower with Radar,38,70,23,0,131,0,0,103,0,103,38,70,126,0,234,20,0,20,254
12/17/2000,PSP,CA,AWP,WE,Combined TRACON& Tower with Radar,36,85,37,1,159,0,0,134,1,135,36,85,171,2,294,36,0,36,330
12/18/2000,PSP,CA,AWP,WE,Combined TRACON& Tower with Radar,31,80,28,0,139,0,6,71,0,77,31,86,99,0,216,0,0,0,216
12/19/2000,PSP,CA,AWP,WE,Combined TRACON& Tower with Radar,31,75,32,0,138,3,14,93,0,110,34,89,125,0,248,6,0,6,254
12/20/2000,PSP,CA,AWP,WE,Combined TRACON& Tower with Radar,31,75,32,1,139,1,18,95,4,118,32,93,127,5,257,44,4,48,305
12/21/2000,PSP,CA,AWP,WE,Combined TRACON& Tower with Radar,33,72,32,3,140,1,7,88,0,96,34,79,120,3,236,8,4,12,248
12/22/2000,PSP,CA,AWP,WE,Combined TRACON& Tower with Radar,34,71,31,0,136,0,5,85,0,90,34,76,116,0,226,18,0,18,244
12/23/2000,PSP,CA,AWP,WE,Combined TRACON& Tower with Radar,27,63,28,0,118,15,0,93,0,108,42,63,121,0,226,30,0,30,256
12/24/2000,PSP,CA,AWP,WE,Combined TRACON& Tower with Radar,34,72,13,0,119,0,1,68,0,69,34,73,81,0,188,2,0,2,190
12/25/2000,PSP,CA,AWP,WE,Combined TRACON& Tower with Radar,38,63,6,1,108,0,0,10,3,13,38,63,16,4,121,0,0,0,121
12/26/2000,PSP,CA,AWP,WE,Combined TRACON& Tower with Radar,30,88,58,0,176,0,6,65,0,71,30,94,123,0,247,28,0,28,275
12/27/2000,PSP,CA,AWP,WE,Combined TRACON& Tower with Radar,36,96,41,0,173,0,3,104,0,107,36,99,145,0,280,16,0,16,296
12/28/2000,PSP,CA,AWP,WE,Combined TRACON& Tower with Radar,34,80,33,0,147,0,2,124,0,126,34,82,157,0,273,34,0,34,307
12/29/2000,PSP,CA,AWP,WE,Combined TRACON& Tower with Radar,31,81,60,0,172,0,3,133,0,136,31,84,193,0,308,46,0,46,354
12/30/2000,PSP,CA,AWP,WE,Combined TRACON& Tower with Radar,45,84,40,0,169,0,0,150,0,150,45,84,190,0,319,14,0,14,333
12/31/2000,PSP,CA,AWP,WE,Combined TRACON& Tower with Radar,35,77,18,0,130,0,0,125,0,125,35,77,143,0,255,26,0,26,281
01/01/2001,PSP,CA,AWP,WE,Combined TRACON& Tower with Radar,31,75,34,1,141,1,1,111,1,114,32,76,145,2,255,50,0,50,305
01/02/2001,PSP,CA,AWP,WE,Combined TRACON& Tower with Radar,35,92,48,0,175,0,0,85,0,85,35,92,133,0,260,26,0,26,286
01/03/2001,PSP,CA,AWP,WE,Combined TRACON& Tower with Radar,31,78,40,0,149,3,9,73,0,85,34,87,113,0,234,48,0,48,282
01/04/2001,PSP,CA,AWP,WE,Combined TRACON& Tower with Radar,33,83,45,0,161,1,4,123,1,129,34,87,168,1,290,74,0,74,364
01/05/2001,PSP,CA,AWP,WE,Combined TRACON& Tower with Radar,32,98,42,0,172,1,2,80,0,83,33,100,122,0,255,56,0,56,311
01/06/2001,PSP,CA,AWP,WE,Combined TRACON& Tower with Radar,45,77,49,0,171,1,0,143,0,144,46,77,192,0,315,58,0,58,373
01/07/2001,PSP,CA,AWP,WE,Combined TRACON& Tower with Radar,37,92,57,0,186,0,2,124,0,126,37,94,181,0,312,42,0,42,354
01/08/2001,PSP,CA,AWP,WE,Combined TRACON& Tower with Radar,39,90,52,2,183,0,1,52,0,53,39,91,104,2,236,18,0,18,254
01/09/2001,PSP,CA,AWP,WE,Combined TRACON& Tower with Radar,35,98,40,0,173,0,4,52,0,56,35,102,92,0,229,8,0,8,237
01/10/2001,PSP,CA,AWP,WE,Combined TRACON& Tower with Radar,34,85,65,0,184,0,5,65,0,70,34,90,130,0,254,26,0,26,280
01/11/2001,PSP,CA,AWP,WE,Combined TRACON& Tower with Radar,36,84,72,0,192,0,1,15,0,16,36,85,87,0,208,0,0,0,208
01/12/2001,PSP,CA,AWP,WE,Combined TRACON& Tower with Radar,35,94,71,0,200,0,5,39,0,44,35,99,110,0,244,10,0,10,254
01/13/2001,PSP,CA,AWP,WE,Combined TRACON& Tower with Radar,50,78,44,0,172,0,2,127,0,129,50,80,171,0,301,10,0,10,311
01/14/2001,PSP,CA,AWP,WE,Combined TRACON& Tower with Radar,39,87,48,0,174,0,2,117,0,119,39,89,165,0,293,54,0,54,347
01/15/2001,PSP,CA,AWP,WE,Combined TRACON& Tower with Radar,34,95,54,0,183,0,1,48,1,50,34,96,102,1,233,38,0,38,271
01/16/2001,PSP,CA,AWP,WE,Combined TRACON& Tower with Radar,32,91,39,1,163,0,7,82,1,90,32,98,121,2,253,40,12,52,305
01/17/2001,PSP,CA,AWP,WE,Combined TRACON& Tower with Radar,31,74,40,0,145,5,14,61,0,80,36,88,101,0,225,28,0,28,253
01/18/2001,PSP,CA,AWP,WE,Combined TRACON& Tower with Radar,28,80,49,0,157,0,1,118,0,119,28,81,167,0,276,20,0,20,296
01/19/2001,PSP,CA,AWP,WE,Combined TRACON& Tower with Radar,33,83,41,0,157,0,2,133,0,135,33,85,174,0,292,40,0,40,332
01/20/2001,PSP,CA,AWP,WE,Combined TRACON& Tower with Radar,42,87,24,0,153,0,3,121,0,124,42,90,145,0,277,52,0,52,329
01/21/2001,PSP,CA,AWP,WE,Combined TRACON& Tower with Radar,39,107,49,0,195,0,4,163,0,167,39,111,212,0,362,40,0,40,402
01/22/2001,PSP,CA,AWP,WE,Combined TRACON& Tower with Radar,35,92,33,2,162,0,8,58,1,67,35,100,91,3,229,98,2,100,329
01/23/2001,PSP,CA,AWP,WE,Combined TRACON& Tower with Radar,36,93,55,0,184,0,5,112,0,117,36,98,167,0,301,20,0,20,321
01/24/2001,PSP,CA,AWP,WE,Combined TRACON& Tower with Radar,33,93,45,0,171,0,3,59,0,62,33,96,104,0,233,2,0,2,235
01/25/2001,PSP,CA,AWP,WE,Combined TRACON& Tower with Radar,34,86,53,0,173,0,0,122,5,127,34,86,175,5,300,46,8,54,354
01/26/2001,PSP,CA,AWP,WE,Combined TRACON& Tower with Radar,34,91,67,0,192,0,4,49,0,53,34,95,116,0,245,40,0,40,285
01/27/2001,PSP,CA,AWP,WE,Combined TRACON& Tower with Radar,39,82,42,1,164,0,1,60,0,61,39,83,102,1,225,50,0,50,275
01/28/2001,PSP,CA,AWP,WE,Combined TRACON& Tower with Radar,37,98,54,0,189,0,3,88,0,91,37,101,142,0,280,44,0,44,324
01/29/2001,PSP,CA,AWP,WE,Combined TRACON& Tower with Radar,34,85,46,0,165,0,0,78,0,78,34,85,124,0,243,16,0,16,259
01/30/2001,PSP,CA,AWP,WE,Combined TRACON& Tower with Radar,33,93,29,0,155,0,4,128,0,132,33,97,157,0,287,18,0,18,305
01/31/2001,PSP,CA,AWP,WE,Combined TRACON& Tower with Radar,34,101,29,0,164,0,3,136,0,139,34,104,165,0,303,44,0,44,347
02/01/2001,PSP,CA,AWP,WE,Combined TRACON& Tower with Radar,34,87,55,0,176,0,5,83,3,91,34,92,138,3,267,30,8,38,305
02/02/2001,PSP,CA,AWP,WE,Combined TRACON& Tower with Radar,33,85,62,2,182,1,6,110,0,117,34,91,172,2,299,72,0,72,371
02/03/2001,PSP,CA,AWP,WE,Combined TRACON& Tower with Radar,41,85,25,0,151,1,2,155,0,158,42,87,180,0,309,18,0,18,327
02/04/2001,PSP,CA,AWP,WE,Combined TRACON& Tower with Radar,37,102,60,1,200,1,1,162,0,164,38,103,222,1,364,24,0,24,388
02/05/2001,PSP,CA,AWP,WE,Combined TRACON& Tower with Radar,33,89,48,0,170,1,4,90,0,95,34,93,138,0,265,46,0,46,311
02/06/2001,PSP,CA,AWP,WE,Combined TRACON& Tower with Radar,35,102,26,1,164,1,6,106,0,113,36,108,132,1,277,14,0,14,291
02/07/2001,PSP,CA,AWP,WE,Combined TRACON& Tower with Radar,33,94,39,2,168,1,2,36,0,39,34,96,75,2,207,16,0,16,223
02/08/2001,PSP,CA,AWP,WE,Combined TRACON& Tower with Radar,33,91,60,0,184,0,0,123,0,123,33,91,183,0,307,26,0,26,333
02/09/2001,PSP,CA,AWP,WE,Combined TRACON& Tower with Radar,31,97,65,0,193,1,7,114,0,122,32,104,179,0,315,42,0,42,357
02/10/2001,PSP,CA,AWP,WE,Combined TRACON& Tower with Radar,41,80,52,0,173,1,1,119,0,121,42,81,171,0,294,82,0,82,376
02/11/2001,PSP,CA,AWP,WE,Combined TRACON& Tower with Radar,39,103,54,0,196,1,1,87,0,89,40,104,141,0,285,90,4,94,379
02/12/2001,PSP,CA,AWP,WE,Combined TRACON& Tower with Radar,35,114,61,0,210,1,1,37,0,39,36,115,98,0,249,46,0,46,295
02/13/2001,PSP,CA,AWP,WE,Combined TRACON& Tower with Radar,36,102,67,0,205,1,2,37,0,40,37,104,104,0,245,14,0,14,259
02/14/2001,PSP,CA,AWP,WE,Combined TRACON& Tower with Radar,35,116,61,0,212,1,3,78,0,82,36,119,139,0,294,20,0,20,314
02/15/2001,PSP,CA,AWP,WE,Combined TRACON& Tower with Radar,34,88,59,0,181,1,4,144,3,152,35,92,203,3,333,40,10,50,383
02/16/2001,PSP,CA,AWP,WE,Combined TRACON& Tower with Radar,38,103,65,0,206,0,0,161,5,166,38,103,226,5,372,34,0,34,406
02/17/2001,PSP,CA,AWP,WE,Combined TRACON& Tower with Radar,47,97,45,0,189,1,3,168,0,172,48,100,213,0,361,20,0,20,381
02/18/2001,PSP,CA,AWP,WE,Combined TRACON& Tower with Radar,39,106,62,0,207,1,1,106,0,108,40,107,168,0,315,42,0,42,357
02/19/2001,PSP,CA,AWP,WE,Combined TRACON& Tower with Radar,34,99,61,0,194,0,4,103,2,109,34,103,164,2,303,8,2,10,313
02/20/2001,PSP,CA,AWP,WE,Combined TRACON& Tower with Radar,35,87,54,0,176,0,1,122,0,123,35,88,176,0,299,42,0,42,341
02/21/2001,PSP,CA,AWP,WE,Combined TRACON& Tower with Radar,36,89,55,0,180,0,4,135,12,151,36,93,190,12,331,48,0,48,379
02/22/2001,PSP,CA,AWP,WE,Combined TRACON& Tower with Radar,36,87,63,3,189,0,6,62,1,69,36,93,125,4,258,8,0,8,266
02/23/2001,PSP,CA,AWP,WE,Combined TRACON& Tower with Radar,36,93,68,0,197,0,0,44,1,45,36,93,112,1,242,12,0,12,254
02/24/2001,PSP,CA,AWP,WE,Combined TRACON& Tower with Radar,44,79,80,0,203,0,2,84,0,86,44,81,164,0,289,12,0,12,301
02/25/2001,PSP,CA,AWP,WE,Combined TRACON& Tower with Radar,45,99,98,0,242,0,2,8,0,10,45,101,106,0,252,24,0,24,276
02/26/2001,PSP,CA,AWP,WE,Combined TRACON& Tower with Radar,35,95,57,0,187,0,2,33,0,35,35,97,90,0,222,10,0,10,232
02/27/2001,PSP,CA,AWP,WE,Combined TRACON& Tower with Radar,37,93,58,0,188,5,9,9,0,23,42,102,67,0,211,34,0,34,245
02/28/2001,PSP,CA,AWP,WE,Combined TRACON& Tower with Radar,34,91,62,2,189,0,2,35,2,39,34,93,97,4,228,2,2,4,232
03/01/2001,PSP,CA,AWP,WE,Combined TRACON& Tower with Radar,36,87,80,0,203,0,9,110,0,119,36,96,190,0,322,24,0,24,346
03/02/2001,PSP,CA,AWP,WE,Combined TRACON& Tower with Radar,35,86,79,2,202,2,9,105,1,117,37,95,184,3,319,48,0,48,367
03/03/2001,PSP,CA,AWP,WE,Combined TRACON& Tower with Radar,45,86,79,4,214,2,3,104,1,110,47,89,183,5,324,48,2,50,374
03/04/2001,PSP,CA,AWP,WE,Combined TRACON& Tower with Radar,37,91,80,4,212,2,3,63,0,68,39,94,143,4,280,38,0,38,318
03/05/2001,PSP,CA,AWP,WE,Combined TRACON& Tower with Radar,35,86,58,0,179,2,3,60,0,65,37,89,118,0,244,52,0,52,296
03/06/2001,PSP,CA,AWP,WE,Combined TRACON& Tower with Radar,42,88,58,0,188,2,6,27,0,35,44,94,85,0,223,80,0,80,303
03/07/2001,PSP,CA,AWP,WE,Combined TRACON& Tower with Radar,32,100,78,0,210,2,6,67,0,75,34,106,145,0,285,14,0,14,299
03/08/2001,PSP,CA,AWP,WE,Combined TRACON& Tower with Radar,31,95,73,0,199,2,7,130,0,139,33,102,203,0,338,42,0,42,380
03/09/2001,PSP,CA,AWP,WE,Combined TRACON& Tower with Radar,33,85,94,2,214,2,7,45,2,56,35,92,139,4,270,4,0,4,274
03/10/2001,PSP,CA,AWP,WE,Combined TRACON& Tower with Radar,46,95,154,0,295,0,0,273,0,273,46,95,427,0,568,26,0,26,594
03/11/2001,PSP,CA,AWP,WE,Combined TRACON& Tower with Radar,39,92,98,0,229,1,3,90,0,94,40,95,188,0,323,26,0,26,349
03/12/2001,PSP,CA,AWP,WE,Combined TRACON& Tower with Radar,36,88,54,0,178,1,5,83,0,89,37,93,137,0,267,60,0,60,327
03/13/2001,PSP,CA,AWP,WE,Combined TRACON& Tower with Radar,38,92,62,2,194,1,5,180,1,187,39,97,242,3,381,80,0,80,461
03/14/2001,PSP,CA,AWP,WE,Combined TRACON& Tower with Radar,37,96,68,1,202,1,10,147,1,159,38,106,215,2,361,72,6,78,439
03/15/2001,PSP,CA,AWP,WE,Combined TRACON& Tower with Radar,35,85,83,0,203,1,10,127,2,140,36,95,210,2,343,90,0,90,433
03/16/2001,PSP,CA,AWP,WE,Combined TRACON& Tower with Radar,34,89,82,0,205,1,9,110,0,120,35,98,192,0,325,32,0,32,357
03/17/2001,PSP,CA,AWP,WE,Combined TRACON& Tower with Radar,46,82,81,0,209,1,4,164,2,171,47,86,245,2,380,76,0,76,456
03/18/2001,PSP,CA,AWP,WE,Combined TRACON& Tower with Radar,37,94,91,0,222,1,3,184,0,188,38,97,275,0,410,96,0,96,506
03/19/2001,PSP,CA,AWP,WE,Combined TRACON& Tower with Radar,38,95,59,0,192,1,9,141,3,154,39,104,200,3,346,20,8,28,374
03/20/2001,PSP,CA,AWP,WE,Combined TRACON& Tower with Radar,41,85,50,4,180,1,7,147,2,157,42,92,197,6,337,56,2,58,395
03/21/2001,PSP,CA,AWP,WE,Combined TRACON& Tower with Radar,45,85,74,0,204,1,8,122,0,131,46,93,196,0,335,80,0,80,415
03/22/2001,PSP,CA,AWP,WE,Combined TRACON& Tower with Radar,44,100,90,0,234,1,1,118,0,120,45,101,208,0,354,28,0,28,382
03/23/2001,PSP,CA,AWP,WE,Combined TRACON& Tower with Radar,45,89,97,0,231,1,8,106,0,115,46,97,203,0,346,46,0,46,392
03/24/2001,PSP,CA,AWP,WE,Combined TRACON& Tower with Radar,51,91,58,1,201,1,4,126,3,134,52,95,184,4,335,36,0,36,371
03/25/2001,PSP,CA,AWP,WE,Combined TRACON& Tower with Radar,41,106,95,1,243,0,2,127,2,131,41,108,222,3,374,34,0,34,408
03/26/2001,PSP,CA,AWP,WE,Combined TRACON& Tower with Radar,40,90,63,2,195,1,7,74,0,82,41,97,137,2,277,22,2,24,301
03/27/2001,PSP,CA,AWP,WE,Combined TRACON& Tower with Radar,34,101,57,2,194,1,9,138,0,148,35,110,195,2,342,28,0,28,370
03/28/2001,PSP,CA,AWP,WE,Combined TRACON& Tower with Radar,40,114,73,3,230,1,15,71,0,87,41,129,144,3,317,22,0,22,339
03/29/2001,PSP,CA,AWP,WE,Combined TRACON& Tower with Radar,43,88,79,1,211,1,8,144,0,153,44,96,223,1,364,70,0,70,434
03/30/2001,PSP,CA,AWP,WE,Combined TRACON& Tower with Radar,40,93,84,0,217,1,8,138,1,148,41,101,222,1,365,58,0,58,423
03/31/2001,PSP,CA,AWP,WE,Combined TRACON& Tower with Radar,45,93,59,0,197,1,3,143,5,152,46,96,202,5,349,80,0,80,429
04/01/2001,PSP,CA,AWP,WE,Combined TRACON& Tower with Radar,38,93,63,0,194,0,0,132,0,132,38,93,195,0,326,30,0,30,356
04/02/2001,PSP,CA,AWP,WE,Combined TRACON& Tower with Radar,38,91,32,3,164,1,3,80,0,84,39,94,112,3,248,14,4,18,266
04/03/2001,PSP,CA,AWP,WE,Combined TRACON& Tower with Radar,38,90,43,0,171,1,4,95,0,100,39,94,138,0,271,8,0,8,279
04/04/2001,PSP,CA,AWP,WE,Combined TRACON& Tower with Radar,38,89,60,0,187,1,3,69,0,73,39,92,129,0,260,32,0,32,292
04/05/2001,PSP,CA,AWP,WE,Combined TRACON& Tower with Radar,36,82,45,0,163,1,4,73,0,78,37,86,118,0,241,32,0,32,273
04/06/2001,PSP,CA,AWP,WE,Combined TRACON& Tower with Radar,34,88,87,2,211,1,6,96,0,103,35,94,183,2,314,44,0,44,358
04/07/2001,PSP,CA,AWP,WE,Combined TRACON& Tower with Radar,41,87,46,0,174,1,0,69,1,71,42,87,115,1,245,114,0,114,359
04/08/2001,PSP,CA,AWP,WE,Combined TRACON& Tower with Radar,37,100,56,0,193,1,0,169,0,170,38,100,225,0,363,98,0,98,461
04/09/2001,PSP,CA,AWP,WE,Combined TRACON& Tower with Radar,37,89,37,0,163,1,2,49,0,52,38,91,86,0,215,0,0,0,215
04/10/2001,PSP,CA,AWP,WE,Combined TRACON& Tower with Radar,33,96,45,4,178,1,1,90,1,93,34,97,135,5,271,42,4,46,317
04/11/2001,PSP,CA,AWP,WE,Combined TRACON& Tower with Radar,36,93,53,0,182,0,3,86,0,89,36,96,139,0,271,14,0,14,285
04/12/2001,PSP,CA,AWP,WE,Combined TRACON& Tower with Radar,36,87,60,0,183,1,4,130,0,135,37,91,190,0,318,46,0,46,364
04/13/2001,PSP,CA,AWP,WE,Combined TRACON& Tower with Radar,36,87,64,0,187,1,4,183,1,189,37,91,247,1,376,86,0,86,462
04/14/2001,PSP,CA,AWP,WE,Combined TRACON& Tower with Radar,43,82,38,0,163,1,1,151,0,153,44,83,189,0,316,34,0,34,350
04/15/2001,PSP,CA,AWP,WE,Combined TRACON& Tower with Radar,37,93,53,1,184,0,10,111,3,124,37,103,164,4,308,34,0,34,342
04/16/2001,PSP,CA,AWP,WE,Combined TRACON& Tower with Radar,38,104,58,5,205,1,5,163,0,169,39,109,221,5,374,66,0,66,440
04/17/2001,PSP,CA,AWP,WE,Combined TRACON& Tower with Radar,38,91,53,1,183,0,18,124,1,143,38,109,177,2,326,82,0,82,408
04/18/2001,PSP,CA,AWP,WE,Combined TRACON& Tower with Radar,37,94,51,1,183,1,5,130,0,136,38,99,181,1,319,82,0,82,401
04/19/2001,PSP,CA,AWP,WE,Combined TRACON& Tower with Radar,36,86,50,1,173,2,6,96,0,104,38,92,146,1,277,76,0,76,353
04/20/2001,PSP,CA,AWP,WE,Combined TRACON& Tower with Radar,36,77,74,1,188,1,4,63,0,68,37,81,137,1,256,36,0,36,292
04/21/2001,PSP,CA,AWP,WE,Combined TRACON& Tower with Radar,42,79,37,0,158,0,1,54,0,55,42,80,91,0,213,30,2,32,245
04/22/2001,PSP,CA,AWP,WE,Combined TRACON& Tower with Radar,37,91,70,2,200,0,3,194,2,199,37,94,264,4,399,104,0,104,503
04/23/2001,PSP,CA,AWP,WE,Combined TRACON& Tower with Radar,38,86,37,1,162,0,6,120,1,127,38,92,157,2,289,48,0,48,337
04/24/2001,PSP,CA,AWP,WE,Combined TRACON& Tower with Radar,40,86,44,1,171,0,7,146,1,154,40,93,190,2,325,68,4,72,397
04/25/2001,PSP,CA,AWP,WE,Combined TRACON& Tower with Radar,40,84,36,6,166,0,6,145,2,153,40,90,181,8,319,92,0,92,411
04/26/2001,PSP,CA,AWP,WE,Combined TRACON& Tower with Radar,36,84,66,0,186,0,8,134,0,142,36,92,200,0,328,62,0,62,390
04/27/2001,PSP,CA,AWP,WE,Combined TRACON& Tower with Radar,35,85,50,0,170,0,0,152,0,152,35,85,202,0,322,64,0,64,386
04/28/2001,PSP,CA,AWP,WE,Combined TRACON& Tower with Radar,41,80,39,0,160,0,1,123,2,126,41,81,162,2,286,36,0,36,322
04/29/2001,PSP,CA,AWP,WE,Combined TRACON& Tower with Radar,35,84,48,2,169,0,0,174,0,174,35,84,222,2,343,50,0,50,393
04/30/2001,PSP,CA,AWP,WE,Combined TRACON& Tower with Radar,26,82,38,0,146,0,5,134,0,139,26,87,172,0,285,74,0,74,359
05/01/2001,PSP,CA,AWP,WE,Combined TRACON& Tower with Radar,21,78,43,0,142,0,14,102,0,116,21,92,145,0,258,26,0,26,284
05/02/2001,PSP,CA,AWP,WE,Combined TRACON& Tower with Radar,20,70,36,0,126,0,8,101,0,109,20,78,137,0,235,58,0,58,293
05/03/2001,PSP,CA,AWP,WE,Combined TRACON& Tower with Radar,19,71,39,1,130,0,8,131,0,139,19,79,170,1,269,54,0,54,323
05/04/2001,PSP,CA,AWP,WE,Combined TRACON& Tower with Radar,18,69,43,0,130,0,11,155,1,167,18,80,198,1,297,52,0,52,349
05/05/2001,PSP,CA,AWP,WE,Combined TRACON& Tower with Radar,22,68,30,0,120,0,7,165,0,172,22,75,195,0,292,82,0,82,374
05/06/2001,PSP,CA,AWP,WE,Combined TRACON& Tower with Radar,18,71,47,0,136,0,4,174,1,179,18,75,221,1,315,40,0,40,355
05/07/2001,PSP,CA,AWP,WE,Combined TRACON& Tower with Radar,17,80,41,1,139,0,8,118,0,126,17,88,159,1,265,16,0,16,281
05/08/2001,PSP,CA,AWP,WE,Combined TRACON& Tower with Radar,18,74,40,0,132,0,8,114,0,122,18,82,154,0,254,52,0,52,306
05/09/2001,PSP,CA,AWP,WE,Combined TRACON& Tower with Radar,17,74,34,2,127,0,8,136,0,144,17,82,170,2,271,24,0,24,295
05/10/2001,PSP,CA,AWP,WE,Combined TRACON& Tower with Radar,18,65,39,1,123,0,7,116,5,128,18,72,155,6,251,14,0,14,265
05/11/2001,PSP,CA,AWP,WE,Combined TRACON& Tower with Radar,19,64,36,2,121,0,9,112,1,122,19,73,148,3,243,14,0,14,257
05/12/2001,PSP,CA,AWP,WE,Combined TRACON& Tower with Radar,66,66,76,0,208,178,0,79,0,257,244,66,155,0,465,18,0,18,483
05/13/2001,PSP,CA,AWP,WE,Combined TRACON& Tower with Radar,19,66,30,1,116,0,6,89,0,95,19,72,119,1,211,6,0,6,217
05/14/2001,PSP,CA,AWP,WE,Combined TRACON& Tower with Radar,17,70,29,2,118,0,9,95,1,105,17,79,124,3,223,70,0,70,293
05/15/2001,PSP,CA,AWP,WE,Combined TRACON& Tower with Radar,18,75,19,2,114,0,16,106,3,125,18,91,125,5,239,86,22,108,347
05/16/2001,PSP,CA,AWP,WE,Combined TRACON& Tower with Radar,19,59,38,2,118,0,12,117,6,135,19,71,155,8,253,36,0,36,289
05/17/2001,PSP,CA,AWP,WE,Combined TRACON& Tower with Radar,23,65,27,1,116,0,10,111,3,124,23,75,138,4,240,22,16,38,278
05/18/2001,PSP,CA,AWP,WE,Combined TRACON& Tower with Radar,22,61,35,0,118,0,12,126,0,138,22,73,161,0,256,54,0,54,310
05/19/2001,PSP,CA,AWP,WE,Combined TRACON& Tower with Radar,21,65,29,0,115,0,1,138,4,143,21,66,167,4,258,46,0,46,304
05/20/2001,PSP,CA,AWP,WE,Combined TRACON& Tower with Radar,16,69,27,0,112,0,3,123,0,126,16,72,150,0,238,16,0,16,254
05/21/2001,PSP,CA,AWP,WE,Combined TRACON& Tower with Radar,16,72,30,2,120,0,7,96,0,103,16,79,126,2,223,38,0,38,261
05/22/2001,PSP,CA,AWP,WE,Combined TRACON& Tower with Radar,18,70,22,0,110,0,14,102,0,116,18,84,124,0,226,24,0,24,250
05/23/2001,PSP,CA,AWP,WE,Combined TRACON& Tower with Radar,16,69,50,3,138,0,7,110,3,120,16,76,160,6,258,34,10,44,302
05/24/2001,PSP,CA,AWP,WE,Combined TRACON& Tower with Radar,20,69,32,0,121,0,7,113,0,120,20,76,145,0,241,38,0,38,279
05/25/2001,PSP,CA,AWP,WE,Combined TRACON& Tower with Radar,16,68,22,0,106,0,7,114,0,121,16,75,136,0,227,44,2,46,273
05/26/2001,PSP,CA,AWP,WE,Combined TRACON& Tower with Radar,17,50,23,0,90,0,8,80,0,88,17,58,103,0,178,52,0,52,230
05/27/2001,PSP,CA,AWP,WE,Combined TRACON& Tower with Radar,14,59,15,0,88,0,9,104,0,113,14,68,119,0,201,22,0,22,223
05/28/2001,PSP,CA,AWP,WE,Combined TRACON& Tower with Radar,18,64,27,2,111,0,3,110,0,113,18,67,137,2,224,26,6,32,256
05/29/2001,PSP,CA,AWP,WE,Combined TRACON& Tower with Radar,18,71,18,0,107,0,7,120,2,129,18,78,138,2,236,98,2,100,336
05/30/2001,PSP,CA,AWP,WE,Combined TRACON& Tower with Radar,17,69,22,1,109,0,8,122,0,130,17,77,144,1,239,36,0,36,275
05/31/2001,PSP,CA,AWP,WE,Combined TRACON& Tower with Radar,15,61,23,0,99,0,11,86,0,97,15,72,109,0,196,50,0,50,246
06/01/2001,PSP,CA,AWP,WE,Combined TRACON& Tower with Radar,11,67,39,0,117,1,3,84,1,89,12,70,123,1,206,20,0,20,226
06/02/2001,PSP,CA,AWP,WE,Combined TRACON& Tower with Radar,11,65,22,0,98,1,0,85,0,86,12,65,107,0,184,50,0,50,234
06/03/2001,PSP,CA,AWP,WE,Combined TRACON& Tower with Radar,10,71,24,0,105,0,2,93,0,95,10,73,117,0,200,14,0,14,214
06/04/2001,PSP,CA,AWP,WE,Combined TRACON& Tower with Radar,12,67,25,0,104,0,1,100,0,101,12,68,125,0,205,6,0,6,211
06/05/2001,PSP,CA,AWP,WE,Combined TRACON& Tower with Radar,11,73,27,0,111,0,3,110,2,115,11,76,137,2,226,24,8,32,258
06/06/2001,PSP,CA,AWP,WE,Combined TRACON& Tower with Radar,11,69,16,0,96,0,5,129,0,134,11,74,145,0,230,40,0,40,270
06/07/2001,PSP,CA,AWP,WE,Combined TRACON& Tower with Radar,10,69,24,0,103,0,4,83,0,87,10,73,107,0,190,12,0,12,202
06/08/2001,PSP,CA,AWP,WE,Combined TRACON& Tower with Radar,9,67,18,2,96,0,4,83,0,87,9,71,101,2,183,18,0,18,201
06/09/2001,PSP,CA,AWP,WE,Combined TRACON& Tower with Radar,14,57,7,0,78,0,0,73,0,73,14,57,80,0,151,22,2,24,175
06/10/2001,PSP,CA,AWP,WE,Combined TRACON& Tower with Radar,9,69,21,2,101,0,1,96,0,97,9,70,117,2,198,18,0,18,216
06/11/2001,PSP,CA,AWP,WE,Combined TRACON& Tower with Radar,8,65,12,0,85,0,5,104,4,113,8,70,116,4,198,44,0,44,242
06/12/2001,PSP,CA,AWP,WE,Combined TRACON& Tower with Radar,8,69,24,0,101,0,4,71,0,75,8,73,95,0,176,30,0,30,206
06/13/2001,PSP,CA,AWP,WE,Combined TRACON& Tower with Radar,13,61,16,0,90,0,5,93,2,100,13,66,109,2,190,40,0,40,230
06/14/2001,PSP,CA,AWP,WE,Combined TRACON& Tower with Radar,7,63,12,0,82,0,4,107,1,112,7,67,119,1,194,18,0,18,212
06/15/2001,PSP,CA,AWP,WE,Combined TRACON& Tower with Radar,8,69,18,2,97,0,4,107,0,111,8,73,125,2,208,72,6,78,286
06/16/2001,PSP,CA,AWP,WE,Combined TRACON& Tower with Radar,8,63,11,0,82,0,0,84,0,84,8,63,95,0,166,38,0,38,204
06/17/2001,PSP,CA,AWP,WE,Combined TRACON& Tower with Radar,8,63,10,0,81,0,0,94,0,94,8,63,104,0,175,22,0,22,197
06/18/2001,PSP,CA,AWP,WE,Combined TRACON& Tower with Radar,7,67,6,0,80,0,5,82,0,87,7,72,88,0,167,10,0,10,177
06/19/2001,PSP,CA,AWP,WE,Combined TRACON& Tower with Radar,8,68,20,0,96,0,5,77,0,82,8,73,97,0,178,28,0,28,206
06/20/2001,PSP,CA,AWP,WE,Combined TRACON& Tower with Radar,8,71,15,0,94,0,5,76,1,82,8,76,91,1,176,40,0,40,216
06/21/2001,PSP,CA,AWP,WE,Combined TRACON& Tower with Radar,8,69,23,0,100,0,5,83,0,88,8,74,106,0,188,16,0,16,204
06/22/2001,PSP,CA,AWP,WE,Combined TRACON& Tower with Radar,8,64,21,0,93,0,4,137,0,141,8,68,158,0,234,26,0,26,260
06/23/2001,PSP,CA,AWP,WE,Combined TRACON& Tower with Radar,12,53,13,0,78,0,0,71,0,71,12,53,84,0,149,20,0,20,169
06/24/2001,PSP,CA,AWP,WE,Combined TRACON& Tower with Radar,8,65,18,0,91,0,6,98,0,104,8,71,116,0,195,34,0,34,229
06/25/2001,PSP,CA,AWP,WE,Combined TRACON& Tower with Radar,6,69,10,0,85,0,3,85,0,88,6,72,95,0,173,24,0,24,197
06/26/2001,PSP,CA,AWP,WE,Combined TRACON& Tower with Radar,7,66,9,0,82,0,8,79,4,91,7,74,88,4,173,6,20,26,199
06/27/2001,PSP,CA,AWP,WE,Combined TRACON& Tower with Radar,16,59,17,0,92,0,6,96,0,102,16,65,113,0,194,14,0,14,208
06/28/2001,PSP,CA,AWP,WE,Combined TRACON& Tower with Radar,8,67,17,1,93,0,6,71,2,79,8,73,88,3,172,24,0,24,196
06/29/2001,PSP,CA,AWP,WE,Combined TRACON& Tower with Radar,8,63,26,0,97,0,6,73,0,79,8,69,99,0,176,14,0,14,190
06/30/2001,PSP,CA,AWP,WE,Combined TRACON& Tower with Radar,6,56,8,0,70,0,0,86,0,86,6,56,94,0,156,24,0,24,180
07/01/2001,PSP,CA,AWP,WE,Combined TRACON& Tower with Radar,5,64,16,0,85,1,0,66,0,67,6,64,82,0,152,8,0,8,160
07/02/2001,PSP,CA,AWP,WE,Combined TRACON& Tower with Radar,10,66,13,4,93,1,4,66,1,72,11,70,79,5,165,34,0,34,199
07/03/2001,PSP,CA,AWP,WE,Combined TRACON& Tower with Radar,6,67,20,1,94,1,5,57,0,63,7,72,77,1,157,2,0,2,159
07/04/2001,PSP,CA,AWP,WE,Combined TRACON& Tower with Radar,6,55,13,0,74,2,5,46,0,53,8,60,59,0,127,8,0,8,135
07/05/2001,PSP,CA,AWP,WE,Combined TRACON& Tower with Radar,7,63,15,1,86,0,4,49,1,54,7,67,64,2,140,42,0,42,182
07/06/2001,PSP,CA,AWP,WE,Combined TRACON& Tower with Radar,8,68,17,0,93,1,0,40,0,41,9,68,57,0,134,26,0,26,160
07/07/2001,PSP,CA,AWP,WE,Combined TRACON& Tower with Radar,8,57,6,0,71,0,1,61,0,62,8,58,67,0,133,26,0,26,159
07/08/2001,PSP,CA,AWP,WE,Combined TRACON& Tower with Radar,8,67,14,0,89,0,1,85,0,86,8,68,99,0,175,12,0,12,187
07/09/2001,PSP,CA,AWP,WE,Combined TRACON& Tower with Radar,11,64,9,0,84,0,4,97,0,101,11,68,106,0,185,14,0,14,199
07/10/2001,PSP,CA,AWP,WE,Combined TRACON& Tower with Radar,5,64,16,1,86,0,6,75,0,81,5,70,91,1,167,50,0,50,217
07/11/2001,PSP,CA,AWP,WE,Combined TRACON& Tower with Radar,6,64,17,0,87,0,6,65,2,73,6,70,82,2,160,14,0,14,174
07/12/2001,PSP,CA,AWP,WE,Combined TRACON& Tower with Radar,5,64,15,0,84,0,4,95,4,103,5,68,110,4,187,38,4,42,229
07/13/2001,PSP,CA,AWP,WE,Combined TRACON& Tower with Radar,6,63,13,0,82,0,7,94,2,103,6,70,107,2,185,20,2,22,207
07/14/2001,PSP,CA,AWP,WE,Combined TRACON& Tower with Radar,6,55,9,0,70,0,1,88,1,90,6,56,97,1,160,36,0,36,196
07/15/2001,PSP,CA,AWP,WE,Combined TRACON& Tower with Radar,6,67,19,2,94,0,0,79,0,79,6,67,98,2,173,54,0,54,227
07/16/2001,PSP,CA,AWP,WE,Combined TRACON& Tower with Radar,6,60,18,0,84,0,4,71,0,75,6,64,89,0,159,12,0,12,171
07/17/2001,PSP,CA,AWP,WE,Combined TRACON& Tower with Radar,6,64,9,0,79,0,7,76,2,85,6,71,85,2,164,40,0,40,204
07/18/2001,PSP,CA,AWP,WE,Combined TRACON& Tower with Radar,6,71,13,0,90,0,5,88,0,93,6,76,101,0,183,46,0,46,229
07/19/2001,PSP,CA,AWP,WE,Combined TRACON& Tower with Radar,6,67,15,2,90,0,6,96,0,102,6,73,111,2,192,14,2,16,208
07/20/2001,PSP,CA,AWP,WE,Combined TRACON& Tower with Radar,5,66,18,0,89,0,8,89,0,97,5,74,107,0,186,12,0,12,198
07/21/2001,PSP,CA,AWP,WE,Combined TRACON& Tower with Radar,6,59,13,0,78,0,0,93,0,93,6,59,106,0,171,54,0,54,225
07/22/2001,PSP,CA,AWP,WE,Combined TRACON& Tower with Radar,6,53,12,0,71,0,12,84,0,96,6,65,96,0,167,0,2,2,169
07/23/2001,PSP,CA,AWP,WE,Combined TRACON& Tower with Radar,6,70,11,0,87,0,11,99,0,110,6,81,110,0,197,46,0,46,243
07/24/2001,PSP,CA,AWP,WE,Combined TRACON& Tower with Radar,6,73,10,0,89,0,9,90,0,99,6,82,100,0,188,24,0,24,212
07/25/2001,PSP,CA,AWP,WE,Combined TRACON& Tower with Radar,4,58,13,0,75,0,5,90,2,97,4,63,103,2,172,42,0,42,214
07/26/2001,PSP,CA,AWP,WE,Combined TRACON& Tower with Radar,5,62,19,0,86,0,6,64,0,70,5,68,83,0,156,20,0,20,176
07/27/2001,PSP,CA,AWP,WE,Combined TRACON& Tower with Radar,7,65,16,0,88,5,0,109,0,114,12,65,125,0,202,30,0,30,232
07/28/2001,PSP,CA,AWP,WE,Combined TRACON& Tower with Radar,6,58,8,0,72,0,0,62,0,62,6,58,70,0,134,24,0,24,158
07/29/2001,PSP,CA,AWP,WE,Combined TRACON& Tower with Radar,6,77,22,0,105,0,1,76,0,77,6,78,98,0,182,16,0,16,198
07/30/2001,PSP,CA,AWP,WE,Combined TRACON& Tower with Radar,6,71,17,0,94,0,0,86,3,89,6,71,103,3,183,16,6,22,205
07/31/2001,PSP,CA,AWP,WE,Combined TRACON& Tower with Radar,5,67,28,2,102,0,11,79,0,90,5,78,107,2,192,38,0,38,230
08/01/2001,PSP,CA,AWP,WE,Combined TRACON& Tower with Radar,6,65,14,0,85,0,8,85,0,93,6,73,99,0,178,22,0,22,200
08/02/2001,PSP,CA,AWP,WE,Combined TRACON& Tower with Radar,6,60,13,0,79,0,5,61,0,66,6,65,74,0,145,20,0,20,165
08/03/2001,PSP,CA,AWP,WE,Combined TRACON& Tower with Radar,4,61,14,1,80,1,4,66,0,71,5,65,80,1,151,16,0,16,167
08/04/2001,PSP,CA,AWP,WE,Combined TRACON& Tower with Radar,5,59,9,0,73,1,0,57,0,58,6,59,66,0,131,16,0,16,147
08/05/2001,PSP,CA,AWP,WE,Combined TRACON& Tower with Radar,7,58,13,0,78,2,3,68,0,73,9,61,81,0,151,18,0,18,169
08/06/2001,PSP,CA,AWP,WE,Combined TRACON& Tower with Radar,6,61,14,1,82,0,6,79,5,90,6,67,93,6,172,56,0,56,228
08/07/2001,PSP,CA,AWP,WE,Combined TRACON& Tower with Radar,6,58,13,0,77,0,5,75,0,80,6,63,88,0,157,18,0,18,175
08/08/2001,PSP,CA,AWP,WE,Combined TRACON& Tower with Radar,6,64,14,1,85,0,7,75,0,82,6,71,89,1,167,38,0,38,205
08/09/2001,PSP,CA,AWP,WE,Combined TRACON& Tower with Radar,6,59,13,1,79,0,8,77,5,90,6,67,90,6,169,26,0,26,195
08/10/2001,PSP,CA,AWP,WE,Combined TRACON& Tower with Radar,10,57,18,2,87,0,4,107,0,111,10,61,125,2,198,16,0,16,214
08/11/2001,PSP,CA,AWP,WE,Combined TRACON& Tower with Radar,6,56,7,0,69,0,1,50,0,51,6,57,57,0,120,60,0,60,180
08/12/2001,PSP,CA,AWP,WE,Combined TRACON& Tower with Radar,6,66,12,1,85,0,2,92,0,94,6,68,104,1,179,8,0,8,187
08/13/2001,PSP,CA,AWP,WE,Combined TRACON& Tower with Radar,6,67,15,0,88,0,0,75,1,76,6,67,90,1,164,38,0,38,202
08/14/2001,PSP,CA,AWP,WE,Combined TRACON& Tower with Radar,7,69,14,1,91,0,7,58,0,65,7,76,72,1,156,38,0,38,194
08/15/2001,PSP,CA,AWP,WE,Combined TRACON& Tower with Radar,6,61,10,0,77,0,13,72,0,85,6,74,82,0,162,34,0,34,196
08/16/2001,PSP,CA,AWP,WE,Combined TRACON& Tower with Radar,7,61,13,0,81,0,4,65,4,73,7,65,78,4,154,14,0,14,168
08/17/2001,PSP,CA,AWP,WE,Combined TRACON& Tower with Radar,6,57,28,1,92,0,4,20,0,24,6,61,48,1,116,16,0,16,132
08/18/2001,PSP,CA,AWP,WE,Combined TRACON& Tower with Radar,6,62,4,0,72,0,1,55,0,56,6,63,59,0,128,40,0,40,168
08/19/2001,PSP,CA,AWP,WE,Combined TRACON& Tower with Radar,6,69,11,0,86,0,1,52,0,53,6,70,63,0,139,14,0,14,153
08/20/2001,PSP,CA,AWP,WE,Combined TRACON& Tower with Radar,11,58,10,0,79,0,6,77,0,83,11,64,87,0,162,8,0,8,170
08/21/2001,PSP,CA,AWP,WE,Combined TRACON& Tower with Radar,6,59,13,0,78,0,12,64,0,76,6,71,77,0,154,16,0,16,170
08/22/2001,PSP,CA,AWP,WE,Combined TRACON& Tower with Radar,6,63,8,0,77,0,8,77,0,85,6,71,85,0,162,8,0,8,170
08/23/2001,PSP,CA,AWP,WE,Combined TRACON& Tower with Radar,6,67,14,0,87,0,3,88,2,93,6,70,102,2,180,6,0,6,186
08/24/2001,PSP,CA,AWP,WE,Combined TRACON& Tower with Radar,6,66,13,0,85,0,2,92,2,96,6,68,105,2,181,18,0,18,199
08/25/2001,PSP,CA,AWP,WE,Combined TRACON& Tower with Radar,6,64,12,0,82,0,1,60,0,61,6,65,72,0,143,12,0,12,155
08/26/2001,PSP,CA,AWP,WE,Combined TRACON& Tower with Radar,8,67,15,0,90,0,0,109,0,109,8,67,124,0,199,12,0,12,211
08/27/2001,PSP,CA,AWP,WE,Combined TRACON& Tower with Radar,6,68,10,2,86,0,5,109,0,114,6,73,119,2,200,24,0,24,224
08/28/2001,PSP,CA,AWP,WE,Combined TRACON& Tower with Radar,8,72,14,0,94,8,3,59,2,72,16,75,73,2,166,8,2,10,176
08/29/2001,PSP,CA,AWP,WE,Combined TRACON& Tower with Radar,6,71,14,0,91,0,1,99,0,100,6,72,113,0,191,6,0,6,197
08/30/2001,PSP,CA,AWP,WE,Combined TRACON& Tower with Radar,6,67,21,1,95,0,7,82,2,91,6,74,103,3,186,40,0,40,226
08/31/2001,PSP,CA,AWP,WE,Combined TRACON& Tower with Radar,6,66,15,0,87,0,0,112,0,112,6,66,127,0,199,66,0,66,265
09/01/2001,PSP,CA,AWP,WE,Combined TRACON& Tower with Radar,7,53,16,0,76,0,3,95,0,98,7,56,111,0,174,34,0,34,208
09/02/2001,PSP,CA,AWP,WE,Combined TRACON& Tower with Radar,6,57,6,0,69,0,5,64,0,69,6,62,70,0,138,10,0,10,148
09/03/2001,PSP,CA,AWP,WE,Combined TRACON& Tower with Radar,6,66,16,1,89,0,4,89,0,93,6,70,105,1,182,2,0,2,184
09/04/2001,PSP,CA,AWP,WE,Combined TRACON& Tower with Radar,6,62,16,0,84,0,8,67,0,75,6,70,83,0,159,44,0,44,203
09/05/2001,PSP,CA,AWP,WE,Combined TRACON& Tower with Radar,10,68,10,0,88,0,7,68,0,75,10,75,78,0,163,58,0,58,221
09/06/2001,PSP,CA,AWP,WE,Combined TRACON& Tower with Radar,10,55,21,1,87,0,18,86,1,105,10,73,107,2,192,34,0,34,226
09/07/2001,PSP,CA,AWP,WE,Combined TRACON& Tower with Radar,7,21,12,0,40,3,0,65,0,68,10,21,77,0,108,72,0,72,180
09/08/2001,PSP,CA,AWP,WE,Combined TRACON& Tower with Radar,7,19,12,0,38,3,0,79,0,82,10,19,91,0,120,54,0,54,174
09/09/2001,PSP,CA,AWP,WE,Combined TRACON& Tower with Radar,13,63,17,0,93,0,3,90,0,93,13,66,107,0,186,16,0,16,202
09/10/2001,PSP,CA,AWP,WE,Combined TRACON& Tower with Radar,12,70,11,0,93,0,10,65,0,75,12,80,76,0,168,22,0,22,190
09/11/2001,PSP,CA,AWP,WE,Combined TRACON& Tower with Radar,0,1,0,0,1,0,4,2,0,6,0,5,2,0,7,0,0,0,7
09/12/2001,PSP,CA,AWP,WE,Combined TRACON& Tower with Radar,0,1,0,0,1,0,5,0,0,5,0,6,0,0,6,0,0,0,6
09/13/2001,PSP,CA,AWP,WE,Combined TRACON& Tower with Radar,1,29,0,0,30,0,2,0,0,2,1,31,0,0,32,0,0,0,32
09/14/2001,PSP,CA,AWP,WE,Combined TRACON& Tower with Radar,4,53,5,0,62,0,23,0,0,23,4,76,5,0,85,0,0,0,85
09/15/2001,PSP,CA,AWP,WE,Combined TRACON& Tower with Radar,10,56,23,3,92,0,3,0,1,4,10,59,23,4,96,0,0,0,96
09/16/2001,PSP,CA,AWP,WE,Combined TRACON& Tower with Radar,10,64,32,0,106,0,3,0,0,3,10,67,32,0,109,0,0,0,109
09/17/2001,PSP,CA,AWP,WE,Combined TRACON& Tower with Radar,12,68,31,1,112,0,4,5,1,10,12,72,36,2,122,0,2,2,124
09/18/2001,PSP,CA,AWP,WE,Combined TRACON& Tower with Radar,12,80,34,0,126,0,0,9,0,9,12,80,43,0,135,0,0,0,135
09/19/2001,PSP,CA,AWP,WE,Combined TRACON& Tower with Radar,12,73,33,0,118,0,0,22,0,22,12,73,55,0,140,2,0,2,142
09/20/2001,PSP,CA,AWP,WE,Combined TRACON& Tower with Radar,12,57,30,2,101,0,4,38,0,42,12,61,68,2,143,0,2,2,145
09/21/2001,PSP,CA,AWP,WE,Combined TRACON& Tower with Radar,12,61,55,0,128,0,6,59,0,65,12,67,114,0,193,8,0,8,201
09/22/2001,PSP,CA,AWP,WE,Combined TRACON& Tower with Radar,12,59,20,1,92,0,3,50,2,55,12,62,70,3,147,32,0,32,179
09/23/2001,PSP,CA,AWP,WE,Combined TRACON& Tower with Radar,12,61,15,0,88,0,2,62,6,70,12,63,77,6,158,8,0,8,166
09/24/2001,PSP,CA,AWP,WE,Combined TRACON& Tower with Radar,12,60,18,0,90,0,8,74,1,83,12,68,92,1,173,38,0,38,211
09/25/2001,PSP,CA,AWP,WE,Combined TRACON& Tower with Radar,10,57,22,0,89,2,14,76,2,94,12,71,98,2,183,18,0,18,201
09/26/2001,PSP,CA,AWP,WE,Combined TRACON& Tower with Radar,11,57,23,0,91,8,13,75,4,100,19,70,98,4,191,62,2,64,255
09/27/2001,PSP,CA,AWP,WE,Combined TRACON& Tower with Radar,8,25,17,0,50,5,0,94,9,108,13,25,111,9,158,30,0,30,188
09/28/2001,PSP,CA,AWP,WE,Combined TRACON& Tower with Radar,13,66,27,0,106,3,0,85,0,88,16,66,112,0,194,18,0,18,212
09/29/2001,PSP,CA,AWP,WE,Combined TRACON& Tower with Radar,12,52,24,0,88,0,2,80,0,82,12,54,104,0,170,60,0,60,230
09/30/2001,PSP,CA,AWP,WE,Combined TRACON& Tower with Radar,13,67,27,0,107,5,0,92,0,97,18,67,119,0,204,48,0,48,252
10/01/2001,PSP,CA,AWP,WE,Combined TRACON& Tower with Radar,13,63,23,0,99,1,4,55,0,60,14,67,78,0,159,20,0,20,179
10/02/2001,PSP,CA,AWP,WE,Combined TRACON& Tower with Radar,15,68,19,1,103,1,6,69,1,77,16,74,88,2,180,122,0,122,302
10/03/2001,PSP,CA,AWP,WE,Combined TRACON& Tower with Radar,15,64,30,0,109,11,1,110,0,122,26,65,140,0,231,18,0,18,249
10/04/2001,PSP,CA,AWP,WE,Combined TRACON& Tower with Radar,14,71,33,1,119,0,8,108,0,116,14,79,141,1,235,96,0,96,331
10/05/2001,PSP,CA,AWP,WE,Combined TRACON& Tower with Radar,14,65,33,0,112,0,0,114,0,114,14,65,147,0,226,72,0,72,298
10/06/2001,PSP,CA,AWP,WE,Combined TRACON& Tower with Radar,12,52,25,1,90,1,5,61,1,68,13,57,86,2,158,42,0,42,200
10/07/2001,PSP,CA,AWP,WE,Combined TRACON& Tower with Radar,14,67,72,2,155,0,0,42,0,42,14,67,114,2,197,24,2,26,223
10/08/2001,PSP,CA,AWP,WE,Combined TRACON& Tower with Radar,13,61,29,1,104,0,11,99,0,110,13,72,128,1,214,78,0,78,292
10/09/2001,PSP,CA,AWP,WE,Combined TRACON& Tower with Radar,14,61,29,0,104,4,2,68,0,74,18,63,97,0,178,76,0,76,254
10/10/2001,PSP,CA,AWP,WE,Combined TRACON& Tower with Radar,14,61,29,0,104,0,5,93,0,98,14,66,122,0,202,98,0,98,300
10/11/2001,PSP,CA,AWP,WE,Combined TRACON& Tower with Radar,15,66,31,0,112,1,13,108,0,122,16,79,139,0,234,78,0,78,312
10/12/2001,PSP,CA,AWP,WE,Combined TRACON& Tower with Radar,15,67,32,1,115,0,0,71,4,75,15,67,103,5,190,560,0,560,750
10/13/2001,PSP,CA,AWP,WE,Combined TRACON& Tower with Radar,13,57,27,1,98,4,5,99,0,108,17,62,126,1,206,34,0,34,240
10/14/2001,PSP,CA,AWP,WE,Combined TRACON& Tower with Radar,14,59,28,0,101,2,8,71,0,81,16,67,99,0,182,26,0,26,208
10/15/2001,PSP,CA,AWP,WE,Combined TRACON& Tower with Radar,13,56,27,0,96,2,8,85,0,95,15,64,112,0,191,44,0,44,235
10/16/2001,PSP,CA,AWP,WE,Combined TRACON& Tower with Radar,14,61,29,1,105,0,6,107,0,113,14,67,136,1,218,82,0,82,300
10/17/2001,PSP,CA,AWP,WE,Combined TRACON& Tower with Radar,14,68,32,0,114,0,0,106,0,106,14,68,138,0,220,156,0,156,376
10/18/2001,PSP,CA,AWP,WE,Combined TRACON& Tower with Radar,14,66,32,1,113,0,5,116,0,121,14,71,148,1,234,66,0,66,300
10/19/2001,PSP,CA,AWP,WE,Combined TRACON& Tower with Radar,14,64,31,0,109,0,8,114,0,122,14,72,145,0,231,90,0,90,321
10/20/2001,PSP,CA,AWP,WE,Combined TRACON& Tower with Radar,12,48,23,0,83,1,14,138,0,153,13,62,161,0,236,94,0,94,330
10/21/2001,PSP,CA,AWP,WE,Combined TRACON& Tower with Radar,15,61,29,1,106,0,9,98,0,107,15,70,127,1,213,110,0,110,323
10/22/2001,PSP,CA,AWP,WE,Combined TRACON& Tower with Radar,12,48,23,0,83,2,22,82,0,106,14,70,105,0,189,0,0,0,189
10/23/2001,PSP,CA,AWP,WE,Combined TRACON& Tower with Radar,14,61,28,0,103,0,31,72,2,105,14,92,100,2,208,92,6,98,306
10/24/2001,PSP,CA,AWP,WE,Combined TRACON& Tower with Radar,14,62,28,0,104,0,16,92,10,118,14,78,120,10,222,56,0,56,278
10/25/2001,PSP,CA,AWP,WE,Combined TRACON& Tower with Radar,15,65,30,0,110,0,2,117,11,130,15,67,147,11,240,72,0,72,312
10/26/2001,PSP,CA,AWP,WE,Combined TRACON& Tower with Radar,17,77,35,0,129,0,0,104,2,106,17,77,139,2,235,86,0,86,321
10/27/2001,PSP,CA,AWP,WE,Combined TRACON& Tower with Radar,13,51,23,0,87,1,8,64,0,73,14,59,87,0,160,14,0,14,174
10/28/2001,PSP,CA,AWP,WE,Combined TRACON& Tower with Radar,19,75,35,0,129,3,0,99,2,104,22,75,134,2,233,2,0,2,235
10/29/2001,PSP,CA,AWP,WE,Combined TRACON& Tower with Radar,16,66,30,0,112,0,6,89,0,95,16,72,119,0,207,12,0,12,219
10/30/2001,PSP,CA,AWP,WE,Combined TRACON& Tower with Radar,15,62,28,0,105,3,14,49,0,66,18,76,77,0,171,28,0,28,199
10/31/2001,PSP,CA,AWP,WE,Combined TRACON& Tower with Radar,14,54,25,0,93,4,12,97,0,113,18,66,122,0,206,52,0,52,258
11/01/2001,PSP,CA,AWP,WE,Combined TRACON& Tower with Radar,19,56,40,0,115,1,7,119,0,127,20,63,159,0,242,22,0,22,264
11/02/2001,PSP,CA,AWP,WE,Combined TRACON& Tower with Radar,23,65,49,0,137,0,0,121,0,121,23,65,170,0,258,54,0,54,312
11/03/2001,PSP,CA,AWP,WE,Combined TRACON& Tower with Radar,25,59,26,0,110,0,0,145,0,145,25,59,171,0,255,116,0,116,371
11/04/2001,PSP,CA,AWP,WE,Combined TRACON& Tower with Radar,27,69,55,0,151,0,0,89,0,89,27,69,144,0,240,32,0,32,272
11/05/2001,PSP,CA,AWP,WE,Combined TRACON& Tower with Radar,18,52,37,1,108,3,8,96,2,109,21,60,133,3,217,114,0,114,331
11/06/2001,PSP,CA,AWP,WE,Combined TRACON& Tower with Radar,22,71,32,1,126,0,0,120,0,120,22,71,152,1,246,110,0,110,356
11/07/2001,PSP,CA,AWP,WE,Combined TRACON& Tower with Radar,21,67,45,2,135,0,11,86,0,97,21,78,131,2,232,52,0,52,284
11/08/2001,PSP,CA,AWP,WE,Combined TRACON& Tower with Radar,24,54,45,2,125,0,4,138,0,142,24,58,183,2,267,86,0,86,353
11/09/2001,PSP,CA,AWP,WE,Combined TRACON& Tower with Radar,21,65,54,0,140,0,3,118,2,123,21,68,172,2,263,90,0,90,353
11/10/2001,PSP,CA,AWP,WE,Combined TRACON& Tower with Radar,21,56,42,0,119,3,0,119,0,122,24,56,161,0,241,40,0,40,281
11/11/2001,PSP,CA,AWP,WE,Combined TRACON& Tower with Radar,26,63,68,0,157,0,0,94,1,95,26,63,162,1,252,62,32,94,346
11/12/2001,PSP,CA,AWP,WE,Combined TRACON& Tower with Radar,22,68,39,0,129,0,3,73,0,76,22,71,112,0,205,20,0,20,225
11/13/2001,PSP,CA,AWP,WE,Combined TRACON& Tower with Radar,22,62,45,0,129,0,3,55,1,59,22,65,100,1,188,54,0,54,242
11/14/2001,PSP,CA,AWP,WE,Combined TRACON& Tower with Radar,21,57,35,0,113,0,2,86,0,88,21,59,121,0,201,44,0,44,245
11/15/2001,PSP,CA,AWP,WE,Combined TRACON& Tower with Radar,19,60,62,0,141,0,8,107,0,115,19,68,169,0,256,20,0,20,276
11/16/2001,PSP,CA,AWP,WE,Combined TRACON& Tower with Radar,22,63,53,2,140,0,5,146,0,151,22,68,199,2,291,14,0,14,305
11/17/2001,PSP,CA,AWP,WE,Combined TRACON& Tower with Radar,24,69,50,0,143,0,20,126,0,146,24,89,176,0,289,52,4,56,345
11/18/2001,PSP,CA,AWP,WE,Combined TRACON& Tower with Radar,27,83,60,0,170,0,8,110,4,122,27,91,170,4,292,6,0,6,298
11/19/2001,PSP,CA,AWP,WE,Combined TRACON& Tower with Radar,22,72,39,2,135,0,3,101,0,104,22,75,140,2,239,10,2,12,251
11/20/2001,PSP,CA,AWP,WE,Combined TRACON& Tower with Radar,22,79,53,0,154,0,3,128,3,134,22,82,181,3,288,56,0,56,344
11/21/2001,PSP,CA,AWP,WE,Combined TRACON& Tower with Radar,23,84,73,0,180,0,9,144,0,153,23,93,217,0,333,44,0,44,377
11/22/2001,PSP,CA,AWP,WE,Combined TRACON& Tower with Radar,19,47,13,0,79,0,4,60,0,64,19,51,73,0,143,14,0,14,157
11/23/2001,PSP,CA,AWP,WE,Combined TRACON& Tower with Radar,21,48,31,0,100,0,3,110,0,113,21,51,141,0,213,50,0,50,263
11/24/2001,PSP,CA,AWP,WE,Combined TRACON& Tower with Radar,34,70,52,0,156,0,3,58,0,61,34,73,110,0,217,24,0,24,241
11/25/2001,PSP,CA,AWP,WE,Combined TRACON& Tower with Radar,26,86,85,0,197,0,0,118,0,118,26,86,203,0,315,20,0,20,335
11/26/2001,PSP,CA,AWP,WE,Combined TRACON& Tower with Radar,23,61,43,0,127,0,0,80,0,80,23,61,123,0,207,32,0,32,239
11/27/2001,PSP,CA,AWP,WE,Combined TRACON& Tower with Radar,24,67,41,0,132,0,4,53,0,57,24,71,94,0,189,48,0,48,237
11/28/2001,PSP,CA,AWP,WE,Combined TRACON& Tower with Radar,21,75,36,0,132,0,9,78,2,89,21,84,114,2,221,66,2,68,289
11/29/2001,PSP,CA,AWP,WE,Combined TRACON& Tower with Radar,22,58,47,0,127,0,0,100,2,102,22,58,147,2,229,6,0,6,235
11/30/2001,PSP,CA,AWP,WE,Combined TRACON& Tower with Radar,22,58,47,0,127,0,0,100,2,102,22,58,147,2,229,6,0,6,235
12/01/2001,PSP,CA,AWP,WE,Combined TRACON& Tower with Radar,17,47,38,0,102,6,12,105,0,123,23,59,143,0,225,42,0,42,267
12/02/2001,PSP,CA,AWP,WE,Combined TRACON& Tower with Radar,24,66,53,0,143,2,7,57,0,66,26,73,110,0,209,28,0,28,237
12/03/2001,PSP,CA,AWP,WE,Combined TRACON& Tower with Radar,19,53,42,0,114,3,17,13,0,33,22,70,55,0,147,46,2,48,195
12/04/2001,PSP,CA,AWP,WE,Combined TRACON& Tower with Radar,20,73,32,0,125,2,5,87,0,94,22,78,119,0,219,50,0,50,269
12/05/2001,PSP,CA,AWP,WE,Combined TRACON& Tower with Radar,21,61,39,0,121,2,5,92,1,100,23,66,131,1,221,38,0,38,259
12/06/2001,PSP,CA,AWP,WE,Combined TRACON& Tower with Radar,19,59,39,2,119,2,6,113,1,122,21,65,152,3,241,92,0,92,333
12/07/2001,PSP,CA,AWP,WE,Combined TRACON& Tower with Radar,21,55,51,2,129,2,7,69,0,78,23,62,120,2,207,0,0,0,207
12/08/2001,PSP,CA,AWP,WE,Combined TRACON& Tower with Radar,24,52,29,0,105,2,6,79,0,87,26,58,108,0,192,72,0,72,264
12/09/2001,PSP,CA,AWP,WE,Combined TRACON& Tower with Radar,24,67,40,0,131,2,3,92,0,97,26,70,132,0,228,34,0,34,262
12/10/2001,PSP,CA,AWP,WE,Combined TRACON& Tower with Radar,20,55,44,0,119,1,13,59,0,73,21,68,103,0,192,42,0,42,234
12/11/2001,PSP,CA,AWP,WE,Combined TRACON& Tower with Radar,22,56,19,0,97,2,5,51,0,58,24,61,70,0,155,30,0,30,185
12/12/2001,PSP,CA,AWP,WE,Combined TRACON& Tower with Radar,18,49,40,0,107,2,15,98,1,116,20,64,138,1,223,52,0,52,275
12/13/2001,PSP,CA,AWP,WE,Combined TRACON& Tower with Radar,19,52,42,0,113,3,13,84,5,105,22,65,126,5,218,20,0,20,238
12/14/2001,PSP,CA,AWP,WE,Combined TRACON& Tower with Radar,23,61,109,0,193,0,0,231,3,234,23,61,340,3,427,50,2,52,479
12/15/2001,PSP,CA,AWP,WE,Combined TRACON& Tower with Radar,28,63,30,0,121,2,5,80,0,87,30,68,110,0,208,16,0,16,224
12/16/2001,PSP,CA,AWP,WE,Combined TRACON& Tower with Radar,25,72,37,0,134,2,2,125,1,130,27,74,162,1,264,54,0,54,318
12/17/2001,PSP,CA,AWP,WE,Combined TRACON& Tower with Radar,21,56,36,0,113,2,11,99,3,115,23,67,135,3,228,56,0,56,284
12/18/2001,PSP,CA,AWP,WE,Combined TRACON& Tower with Radar,20,56,39,0,115,2,6,78,0,86,22,62,117,0,201,54,0,54,255
12/19/2001,PSP,CA,AWP,WE,Combined TRACON& Tower with Radar,19,65,38,0,122,2,4,87,3,96,21,69,125,3,218,76,0,76,294
12/20/2001,PSP,CA,AWP,WE,Combined TRACON& Tower with Radar,21,58,29,0,108,2,4,47,0,53,23,62,76,0,161,40,12,52,213
12/21/2001,PSP,CA,AWP,WE,Combined TRACON& Tower with Radar,22,66,51,0,139,0,6,35,0,41,22,72,86,0,180,28,0,28,208
12/22/2001,PSP,CA,AWP,WE,Combined TRACON& Tower with Radar,29,56,40,0,125,2,3,96,0,101,31,59,136,0,226,30,0,30,256
12/23/2001,PSP,CA,AWP,WE,Combined TRACON& Tower with Radar,26,59,43,0,128,2,2,88,0,92,28,61,131,0,220,10,0,10,230
12/24/2001,PSP,CA,AWP,WE,Combined TRACON& Tower with Radar,21,56,13,0,90,1,9,65,0,75,22,65,78,0,165,4,0,4,169
12/25/2001,PSP,CA,AWP,WE,Combined TRACON& Tower with Radar,21,54,8,0,83,1,3,68,0,72,22,57,76,0,155,10,0,10,165
12/26/2001,PSP,CA,AWP,WE,Combined TRACON& Tower with Radar,22,72,59,1,154,0,0,109,1,110,22,72,168,2,264,20,0,20,284
12/27/2001,PSP,CA,AWP,WE,Combined TRACON& Tower with Radar,21,58,81,0,160,1,7,112,0,120,22,65,193,0,280,66,0,66,346
12/28/2001,PSP,CA,AWP,WE,Combined TRACON& Tower with Radar,22,65,57,0,144,0,0,86,32,118,22,65,143,32,262,32,0,32,294
12/29/2001,PSP,CA,AWP,WE,Combined TRACON& Tower with Radar,31,64,48,0,143,1,3,38,0,42,32,67,86,0,185,34,0,34,219
12/30/2001,PSP,CA,AWP,WE,Combined TRACON& Tower with Radar,26,64,68,0,158,1,3,91,0,95,27,67,159,0,253,34,0,34,287
12/31/2001,PSP,CA,AWP,WE,Combined TRACON& Tower with Radar,22,63,48,0,133,0,0,79,0,79,22,63,127,0,212,38,0,38,250
01/01/2002,PSP,CA,AWP,WE,Combined TRACON& Tower with Radar,22,59,52,0,133,0,4,75,0,79,22,63,127,0,212,38,0,38,250
01/02/2002,PSP,CA,AWP,WE,Combined TRACON& Tower with Radar,21,80,38,0,139,0,6,69,0,75,21,86,107,0,214,10,0,10,224
01/03/2002,PSP,CA,AWP,WE,Combined TRACON& Tower with Radar,21,58,23,0,102,0,4,95,0,99,21,62,118,0,201,24,0,24,225
01/04/2002,PSP,CA,AWP,WE,Combined TRACON& Tower with Radar,23,60,59,0,142,0,10,107,0,117,23,70,166,0,259,42,0,42,301
01/05/2002,PSP,CA,AWP,WE,Combined TRACON& Tower with Radar,32,58,60,0,150,0,2,138,0,140,32,60,198,0,290,78,0,78,368
01/06/2002,PSP,CA,AWP,WE,Combined TRACON& Tower with Radar,27,71,57,0,155,1,3,118,0,122,28,74,175,0,277,46,0,46,323
01/07/2002,PSP,CA,AWP,WE,Combined TRACON& Tower with Radar,26,70,55,0,151,1,5,94,0,100,27,75,149,0,251,0,0,0,251
01/08/2002,PSP,CA,AWP,WE,Combined TRACON& Tower with Radar,22,69,43,0,134,0,7,95,0,102,22,76,138,0,236,10,0,10,246
01/09/2002,PSP,CA,AWP,WE,Combined TRACON& Tower with Radar,22,61,49,0,132,0,15,75,0,90,22,76,124,0,222,78,0,78,300
01/10/2002,PSP,CA,AWP,WE,Combined TRACON& Tower with Radar,28,74,50,0,152,0,7,78,0,85,28,81,128,0,237,48,0,48,285
01/11/2002,PSP,CA,AWP,WE,Combined TRACON& Tower with Radar,25,5,51,4,85,0,0,131,53,184,25,5,182,57,269,72,0,72,341
01/12/2002,PSP,CA,AWP,WE,Combined TRACON& Tower with Radar,35,71,38,0,144,0,2,147,0,149,35,73,185,0,293,56,0,56,349
01/13/2002,PSP,CA,AWP,WE,Combined TRACON& Tower with Radar,25,64,51,0,140,4,9,151,0,164,29,73,202,0,304,10,0,10,314
01/14/2002,PSP,CA,AWP,WE,Combined TRACON& Tower with Radar,20,74,48,3,145,0,6,115,0,121,20,80,163,3,266,58,4,62,328
01/15/2002,PSP,CA,AWP,WE,Combined TRACON& Tower with Radar,27,70,56,0,153,3,0,75,0,78,30,70,131,0,231,58,0,58,289
01/16/2002,PSP,CA,AWP,WE,Combined TRACON& Tower with Radar,24,66,54,1,145,0,7,77,0,84,24,73,131,1,229,34,0,34,263
01/17/2002,PSP,CA,AWP,WE,Combined TRACON& Tower with Radar,21,64,58,0,143,0,4,144,0,148,21,68,202,0,291,38,4,42,333
01/18/2002,PSP,CA,AWP,WE,Combined TRACON& Tower with Radar,25,74,58,3,160,0,3,140,0,143,25,77,198,3,303,56,0,56,359
01/19/2002,PSP,CA,AWP,WE,Combined TRACON& Tower with Radar,34,66,44,1,145,0,3,122,0,125,34,69,166,1,270,72,0,72,342
01/20/2002,PSP,CA,AWP,WE,Combined TRACON& Tower with Radar,30,79,53,0,162,0,2,160,0,162,30,81,213,0,324,76,0,76,400
01/21/2002,PSP,CA,AWP,WE,Combined TRACON& Tower with Radar,22,113,50,0,185,0,9,141,0,150,22,122,191,0,335,92,0,92,427
01/22/2002,PSP,CA,AWP,WE,Combined TRACON& Tower with Radar,27,67,63,2,159,0,5,65,0,70,27,72,128,2,229,34,4,38,267
01/23/2002,PSP,CA,AWP,WE,Combined TRACON& Tower with Radar,24,75,33,0,132,0,5,56,0,61,24,80,89,0,193,34,0,34,227
01/24/2002,PSP,CA,AWP,WE,Combined TRACON& Tower with Radar,26,77,70,1,174,0,5,105,0,110,26,82,175,1,284,56,0,56,340
01/25/2002,PSP,CA,AWP,WE,Combined TRACON& Tower with Radar,24,68,65,2,159,0,6,150,0,156,24,74,215,2,315,94,0,94,409
01/26/2002,PSP,CA,AWP,WE,Combined TRACON& Tower with Radar,31,57,56,0,144,0,5,160,0,165,31,62,216,0,309,84,0,84,393
01/27/2002,PSP,CA,AWP,WE,Combined TRACON& Tower with Radar,26,81,65,0,172,0,2,118,0,120,26,83,183,0,292,38,0,38,330
01/28/2002,PSP,CA,AWP,WE,Combined TRACON& Tower with Radar,23,61,49,0,133,0,8,49,0,57,23,69,98,0,190,42,0,42,232
01/29/2002,PSP,CA,AWP,WE,Combined TRACON& Tower with Radar,25,68,56,0,149,0,2,50,0,52,25,70,106,0,201,28,0,28,229
01/30/2002,PSP,CA,AWP,WE,Combined TRACON& Tower with Radar,25,65,60,0,150,0,5,78,0,83,25,70,138,0,233,52,0,52,285
01/31/2002,PSP,CA,AWP,WE,Combined TRACON& Tower with Radar,22,67,64,1,154,0,3,132,1,136,22,70,196,2,290,92,2,94,384
02/01/2002,PSP,CA,AWP,WE,Combined TRACON& Tower with Radar,23,61,44,0,128,0,35,143,0,178,23,96,187,0,306,100,0,100,406
02/02/2002,PSP,CA,AWP,WE,Combined TRACON& Tower with Radar,15,39,28,1,83,17,29,212,0,258,32,68,240,1,341,142,0,142,483
02/03/2002,PSP,CA,AWP,WE,Combined TRACON& Tower with Radar,23,62,45,0,130,5,26,147,0,178,28,88,192,0,308,160,0,160,468
02/04/2002,PSP,CA,AWP,WE,Combined TRACON& Tower with Radar,18,99,66,0,183,4,12,112,0,128,22,111,178,0,311,30,0,30,341
02/05/2002,PSP,CA,AWP,WE,Combined TRACON& Tower with Radar,20,54,39,0,113,0,24,123,0,147,20,78,162,0,260,40,0,40,300
02/06/2002,PSP,CA,AWP,WE,Combined TRACON& Tower with Radar,20,87,58,3,168,4,13,88,1,106,24,100,146,4,274,38,10,48,322
02/07/2002,PSP,CA,AWP,WE,Combined TRACON& Tower with Radar,24,82,67,1,174,4,16,104,0,124,28,98,171,1,298,22,0,22,320
02/08/2002,PSP,CA,AWP,WE,Combined TRACON& Tower with Radar,21,68,52,2,143,4,17,129,1,151,25,85,181,3,294,50,0,50,344
02/09/2002,PSP,CA,AWP,WE,Combined TRACON& Tower with Radar,33,64,45,0,142,4,8,96,0,108,37,72,141,0,250,84,0,84,334
02/10/2002,PSP,CA,AWP,WE,Combined TRACON& Tower with Radar,27,72,53,0,152,6,13,182,2,203,33,85,235,2,355,142,0,142,497
02/11/2002,PSP,CA,AWP,WE,Combined TRACON& Tower with Radar,27,72,53,0,152,6,13,182,2,203,33,85,235,2,355,142,0,142,497
02/12/2002,PSP,CA,AWP,WE,Combined TRACON& Tower with Radar,31,56,38,3,128,4,11,116,0,131,35,67,154,3,259,10,0,10,269
02/13/2002,PSP,CA,AWP,WE,Combined TRACON& Tower with Radar,30,79,149,0,258,0,0,0,0,0,30,79,149,0,258,28,0,28,286
02/14/2002,PSP,CA,AWP,WE,Combined TRACON& Tower with Radar,22,65,46,2,135,4,16,112,2,134,26,81,158,4,269,18,0,18,287
02/15/2002,PSP,CA,AWP,WE,Combined TRACON& Tower with Radar,24,63,47,0,134,7,27,129,5,168,31,90,176,5,302,114,0,114,416
02/16/2002,PSP,CA,AWP,WE,Combined TRACON& Tower with Radar,38,60,43,1,142,4,8,123,0,135,42,68,166,1,277,88,0,88,365
02/17/2002,PSP,CA,AWP,WE,Combined TRACON& Tower with Radar,24,61,46,0,131,12,16,92,0,120,36,77,138,0,251,78,0,78,329
02/18/2002,PSP,CA,AWP,WE,Combined TRACON& Tower with Radar,27,68,51,0,146,1,13,134,0,148,28,81,185,0,294,66,0,66,360
02/19/2002,PSP,CA,AWP,WE,Combined TRACON& Tower with Radar,26,61,38,0,125,3,13,117,0,133,29,74,155,0,258,28,0,28,286
02/20/2002,PSP,CA,AWP,WE,Combined TRACON& Tower with Radar,16,40,29,0,85,13,34,93,2,142,29,74,122,2,227,32,0,32,259
02/21/2002,PSP,CA,AWP,WE,Combined TRACON& Tower with Radar,25,62,45,0,132,7,21,118,7,153,32,83,163,7,285,60,0,60,345
02/22/2002,PSP,CA,AWP,WE,Combined TRACON& Tower with Radar,28,76,46,2,152,3,14,172,0,189,31,90,218,2,341,380,0,380,721
02/23/2002,PSP,CA,AWP,WE,Combined TRACON& Tower with Radar,37,62,35,0,134,3,8,137,0,148,40,70,172,0,282,66,0,66,348
02/24/2002,PSP,CA,AWP,WE,Combined TRACON& Tower with Radar,32,64,64,0,160,3,8,176,0,187,35,72,240,0,347,58,0,58,405
02/25/2002,PSP,CA,AWP,WE,Combined TRACON& Tower with Radar,20,52,37,0,109,9,23,116,1,149,29,75,153,1,258,24,0,24,282
02/26/2002,PSP,CA,AWP,WE,Combined TRACON& Tower with Radar,28,59,43,1,131,3,13,80,2,98,31,72,123,3,229,0,2,2,231
02/27/2002,PSP,CA,AWP,WE,Combined TRACON& Tower with Radar,25,75,33,1,134,3,10,133,1,147,28,85,166,2,281,24,0,24,305
02/28/2002,PSP,CA,AWP,WE,Combined TRACON& Tower with Radar,27,69,49,1,146,3,11,95,0,109,30,80,144,1,255,32,0,32,287
03/01/2002,PSP,CA,AWP,WE,Combined TRACON& Tower with Radar,32,60,52,0,144,1,8,88,0,97,33,68,140,0,241,34,0,34,275
03/02/2002,PSP,CA,AWP,WE,Combined TRACON& Tower with Radar,38,62,43,0,143,1,2,134,0,137,39,64,177,0,280,106,0,106,386
03/03/2002,PSP,CA,AWP,WE,Combined TRACON& Tower with Radar,39,84,59,1,183,1,1,141,0,143,40,85,200,1,326,62,0,62,388
03/04/2002,PSP,CA,AWP,WE,Combined TRACON& Tower with Radar,31,77,44,0,152,1,2,112,0,115,32,79,156,0,267,990,0,990,1257
03/05/2002,PSP,CA,AWP,WE,Combined TRACON& Tower with Radar,39,63,29,2,133,1,6,112,0,119,40,69,141,2,252,100,2,102,354
03/06/2002,PSP,CA,AWP,WE,Combined TRACON& Tower with Radar,31,75,58,2,166,1,3,82,0,86,32,78,140,2,252,72,0,72,324
03/07/2002,PSP,CA,AWP,WE,Combined TRACON& Tower with Radar,34,91,75,0,200,0,0,55,4,59,34,91,130,4,259,72,0,72,331
03/08/2002,PSP,CA,AWP,WE,Combined TRACON& Tower with Radar,36,78,70,0,184,1,5,123,7,136,37,83,193,7,320,80,0,80,400
03/09/2002,PSP,CA,AWP,WE,Combined TRACON& Tower with Radar,42,70,46,2,160,1,3,166,4,174,43,73,212,6,334,82,0,82,416
03/10/2002,PSP,CA,AWP,WE,Combined TRACON& Tower with Radar,38,82,80,4,204,1,1,150,0,152,39,83,230,4,356,164,0,164,520
03/11/2002,PSP,CA,AWP,WE,Combined TRACON& Tower with Radar,31,80,40,1,152,1,4,115,0,120,32,84,155,1,272,46,0,46,318
03/12/2002,PSP,CA,AWP,WE,Combined TRACON& Tower with Radar,33,73,55,1,162,1,9,91,1,102,34,82,146,2,264,92,2,94,358
03/13/2002,PSP,CA,AWP,WE,Combined TRACON& Tower with Radar,32,68,72,0,172,0,7,64,0,71,32,75,136,0,243,22,0,22,265
03/14/2002,PSP,CA,AWP,WE,Combined TRACON& Tower with Radar,33,71,59,2,165,0,4,85,6,95,33,75,144,8,260,68,4,72,332
03/15/2002,PSP,CA,AWP,WE,Combined TRACON& Tower with Radar,33,80,69,0,182,0,0,131,1,132,33,80,200,1,314,106,0,106,420
03/16/2002,PSP,CA,AWP,WE,Combined TRACON& Tower with Radar,34,64,40,1,139,0,2,50,2,54,34,66,90,3,193,64,0,64,257
03/17/2002,PSP,CA,AWP,WE,Combined TRACON& Tower with Radar,36,84,90,0,210,0,4,97,0,101,36,88,187,0,311,28,0,28,339
03/18/2002,PSP,CA,AWP,WE,Combined TRACON& Tower with Radar,32,104,37,0,173,0,6,63,0,69,32,110,100,0,242,4,0,4,246
03/19/2002,PSP,CA,AWP,WE,Combined TRACON& Tower with Radar,31,67,44,1,143,0,4,167,2,173,31,71,211,3,316,80,4,84,400
03/20/2002,PSP,CA,AWP,WE,Combined TRACON& Tower with Radar,32,69,61,1,163,0,0,180,2,182,32,69,241,3,345,82,0,82,427
03/21/2002,PSP,CA,AWP,WE,Combined TRACON& Tower with Radar,27,54,44,0,125,7,12,107,2,128,34,66,151,2,253,48,0,48,301
03/22/2002,PSP,CA,AWP,WE,Combined TRACON& Tower with Radar,32,66,95,3,196,0,10,119,0,129,32,76,214,3,325,38,8,46,371
03/23/2002,PSP,CA,AWP,WE,Combined TRACON& Tower with Radar,34,69,56,0,159,7,3,61,5,76,41,72,117,5,235,30,0,30,265
03/24/2002,PSP,CA,AWP,WE,Combined TRACON& Tower with Radar,38,78,80,0,196,0,0,127,0,127,38,78,207,0,323,4,0,4,327
03/25/2002,PSP,CA,AWP,WE,Combined TRACON& Tower with Radar,31,83,57,0,171,0,4,125,0,129,31,87,182,0,300,72,0,72,372
03/26/2002,PSP,CA,AWP,WE,Combined TRACON& Tower with Radar,31,64,52,0,147,10,11,104,0,125,41,75,156,0,272,88,2,90,362
03/27/2002,PSP,CA,AWP,WE,Combined TRACON& Tower with Radar,35,73,59,0,167,0,8,111,0,119,35,81,170,0,286,74,0,74,360
03/28/2002,PSP,CA,AWP,WE,Combined TRACON& Tower with Radar,33,73,63,0,169,0,1,94,6,101,33,74,157,6,270,52,4,56,326
03/29/2002,PSP,CA,AWP,WE,Combined TRACON& Tower with Radar,34,61,62,0,157,0,6,119,0,125,34,67,181,0,282,32,0,32,314
03/30/2002,PSP,CA,AWP,WE,Combined TRACON& Tower with Radar,36,66,52,0,154,0,8,169,1,178,36,74,221,1,332,100,0,100,432
03/31/2002,PSP,CA,AWP,WE,Combined TRACON& Tower with Radar,38,74,68,0,180,0,1,139,0,140,38,75,207,0,320,14,0,14,334
04/01/2002,PSP,CA,AWP,WE,Combined TRACON& Tower with Radar,31,83,58,0,172,0,7,211,1,219,31,90,269,1,391,142,0,142,533
04/02/2002,PSP,CA,AWP,WE,Combined TRACON& Tower with Radar,35,68,57,0,160,2,5,118,0,125,37,73,175,0,285,94,0,94,379
04/03/2002,PSP,CA,AWP,WE,Combined TRACON& Tower with Radar,39,73,45,1,158,1,6,107,1,115,40,79,152,2,273,82,0,82,355
04/04/2002,PSP,CA,AWP,WE,Combined TRACON& Tower with Radar,33,70,54,0,157,1,6,127,2,136,34,76,181,2,293,112,0,112,405
04/05/2002,PSP,CA,AWP,WE,Combined TRACON& Tower with Radar,33,78,55,0,166,1,3,126,3,133,34,81,181,3,299,30,0,30,329
04/06/2002,PSP,CA,AWP,WE,Combined TRACON& Tower with Radar,39,64,59,0,162,1,3,147,1,152,40,67,206,1,314,30,0,30,344
04/07/2002,PSP,CA,AWP,WE,Combined TRACON& Tower with Radar,32,83,70,0,185,1,0,136,4,141,33,83,206,4,326,152,0,152,478
04/08/2002,PSP,CA,AWP,WE,Combined TRACON& Tower with Radar,28,81,50,5,164,1,2,107,5,115,29,83,157,10,279,28,0,28,307
04/09/2002,PSP,CA,AWP,WE,Combined TRACON& Tower with Radar,29,71,49,0,149,1,13,98,3,115,30,84,147,3,264,60,6,66,330
04/10/2002,PSP,CA,AWP,WE,Combined TRACON& Tower with Radar,28,76,37,1,142,1,6,94,1,102,29,82,131,2,244,62,0,62,306
04/11/2002,PSP,CA,AWP,WE,Combined TRACON& Tower with Radar,27,74,41,0,142,1,6,97,3,107,28,80,138,3,249,28,0,28,277
04/12/2002,PSP,CA,AWP,WE,Combined TRACON& Tower with Radar,30,73,53,1,157,1,7,118,1,127,31,80,171,2,284,40,0,40,324
04/13/2002,PSP,CA,AWP,WE,Combined TRACON& Tower with Radar,35,69,30,2,136,1,2,127,1,131,36,71,157,3,267,8,0,8,275
04/14/2002,PSP,CA,AWP,WE,Combined TRACON& Tower with Radar,41,106,52,3,202,1,0,145,0,146,42,106,197,3,348,120,0,120,468
04/15/2002,PSP,CA,AWP,WE,Combined TRACON& Tower with Radar,32,77,54,0,163,6,2,39,0,47,38,79,93,0,210,24,0,24,234
04/16/2002,PSP,CA,AWP,WE,Combined TRACON& Tower with Radar,29,69,57,0,155,1,2,86,0,89,30,71,143,0,244,38,0,38,282
04/17/2002,PSP,CA,AWP,WE,Combined TRACON& Tower with Radar,35,72,58,0,165,1,5,90,0,96,36,77,148,0,261,44,0,44,305
04/18/2002,PSP,CA,AWP,WE,Combined TRACON& Tower with Radar,27,72,60,0,159,1,5,135,0,141,28,77,195,0,300,30,0,30,330
04/19/2002,PSP,CA,AWP,WE,Combined TRACON& Tower with Radar,25,52,42,0,119,0,0,73,0,73,25,52,115,0,192,22,0,22,214
04/20/2002,PSP,CA,AWP,WE,Combined TRACON& Tower with Radar,33,59,41,1,134,1,0,131,1,133,34,59,172,2,267,78,0,78,345
04/21/2002,PSP,CA,AWP,WE,Combined TRACON& Tower with Radar,33,80,60,0,173,1,1,174,0,176,34,81,234,0,349,98,14,112,461
04/22/2002,PSP,CA,AWP,WE,Combined TRACON& Tower with Radar,27,78,31,0,136,1,4,105,4,114,28,82,136,4,250,22,2,24,274
04/23/2002,PSP,CA,AWP,WE,Combined TRACON& Tower with Radar,28,69,32,0,129,0,4,112,0,116,28,73,144,0,245,46,0,46,291
04/24/2002,PSP,CA,AWP,WE,Combined TRACON& Tower with Radar,28,71,54,1,154,0,5,119,1,125,28,76,173,2,279,32,0,32,311
04/25/2002,PSP,CA,AWP,WE,Combined TRACON& Tower with Radar,28,74,51,1,154,0,3,133,1,137,28,77,184,2,291,62,0,62,353
04/26/2002,PSP,CA,AWP,WE,Combined TRACON& Tower with Radar,28,79,55,1,163,0,4,82,3,89,28,83,137,4,252,46,6,52,304
04/27/2002,PSP,CA,AWP,WE,Combined TRACON& Tower with Radar,33,70,56,1,160,0,15,83,0,98,33,85,139,1,258,4,0,4,262
04/28/2002,PSP,CA,AWP,WE,Combined TRACON& Tower with Radar,21,73,60,1,155,0,5,163,0,168,21,78,223,1,323,82,0,82,405
04/29/2002,PSP,CA,AWP,WE,Combined TRACON& Tower with Radar,19,61,30,1,111,0,6,110,10,126,19,67,140,11,237,14,0,14,251
04/30/2002,PSP,CA,AWP,WE,Combined TRACON& Tower with Radar,19,67,47,1,134,0,1,93,5,99,19,68,140,6,233,64,0,64,297
05/01/2002,PSP,CA,AWP,WE,Combined TRACON& Tower with Radar,21,49,34,1,105,0,20,80,1,101,21,69,114,2,206,86,0,86,292
05/02/2002,PSP,CA,AWP,WE,Combined TRACON& Tower with Radar,16,45,49,1,111,0,15,117,4,136,16,60,166,5,247,40,0,40,287
05/03/2002,PSP,CA,AWP,WE,Combined TRACON& Tower with Radar,18,48,43,0,109,0,18,142,0,160,18,66,185,0,269,96,0,96,365
05/04/2002,PSP,CA,AWP,WE,Combined TRACON& Tower with Radar,20,47,80,1,148,0,0,435,9,444,20,47,515,10,592,96,0,96,688
05/05/2002,PSP,CA,AWP,WE,Combined TRACON& Tower with Radar,21,50,30,3,104,0,11,114,3,128,21,61,144,6,232,34,0,34,266
05/06/2002,PSP,CA,AWP,WE,Combined TRACON& Tower with Radar,22,49,32,1,104,0,13,103,2,118,22,62,135,3,222,66,4,70,292
05/07/2002,PSP,CA,AWP,WE,Combined TRACON& Tower with Radar,18,31,28,0,77,0,38,93,6,137,18,69,121,6,214,48,0,48,262
05/08/2002,PSP,CA,AWP,WE,Combined TRACON& Tower with Radar,18,20,20,0,58,0,40,68,2,110,18,60,88,2,168,80,0,80,248
05/09/2002,PSP,CA,AWP,WE,Combined TRACON& Tower with Radar,17,28,26,0,71,0,24,105,2,131,17,52,131,2,202,82,0,82,284
05/10/2002,PSP,CA,AWP,WE,Combined TRACON& Tower with Radar,18,49,22,0,89,0,15,124,0,139,18,64,146,0,228,8,0,8,236
05/11/2002,PSP,CA,AWP,WE,Combined TRACON& Tower with Radar,20,49,14,0,83,0,12,130,0,142,20,61,144,0,225,120,0,120,345
05/12/2002,PSP,CA,AWP,WE,Combined TRACON& Tower with Radar,21,49,34,0,104,0,11,99,0,110,21,60,133,0,214,44,0,44,258
05/13/2002,PSP,CA,AWP,WE,Combined TRACON& Tower with Radar,19,52,21,0,92,0,14,92,0,106,19,66,113,0,198,78,0,78,276
05/14/2002,PSP,CA,AWP,WE,Combined TRACON& Tower with Radar,18,22,21,0,61,0,36,101,1,138,18,58,122,1,199,74,0,74,273
05/15/2002,PSP,CA,AWP,WE,Combined TRACON& Tower with Radar,18,15,16,0,49,0,3,115,2,120,18,18,131,2,169,42,4,46,215
05/16/2002,PSP,CA,AWP,WE,Combined TRACON& Tower with Radar,20,42,40,2,104,0,14,89,0,103,20,56,129,2,207,86,0,86,293
05/17/2002,PSP,CA,AWP,WE,Combined TRACON& Tower with Radar,20,36,33,0,89,0,28,210,3,241,20,64,243,3,330,520,0,520,850
05/18/2002,PSP,CA,AWP,WE,Combined TRACON& Tower with Radar,30,33,21,0,84,0,11,187,0,198,30,44,208,0,282,78,0,78,360
05/19/2002,PSP,CA,AWP,WE,Combined TRACON& Tower with Radar,18,44,48,3,113,0,12,128,0,140,18,56,176,3,253,28,0,28,281
05/20/2002,PSP,CA,AWP,WE,Combined TRACON& Tower with Radar,14,47,22,0,83,0,15,54,0,69,14,62,76,0,152,32,0,32,184
05/21/2002,PSP,CA,AWP,WE,Combined TRACON& Tower with Radar,16,49,34,2,101,0,12,83,0,95,16,61,117,2,196,18,0,18,214
05/22/2002,PSP,CA,AWP,WE,Combined TRACON& Tower with Radar,17,27,26,0,70,0,42,134,0,176,17,69,160,0,246,50,0,50,296
05/23/2002,PSP,CA,AWP,WE,Combined TRACON& Tower with Radar,17,47,36,0,100,0,15,115,0,130,17,62,151,0,230,46,0,46,276
05/24/2002,PSP,CA,AWP,WE,Combined TRACON& Tower with Radar,16,51,45,0,112,0,15,120,0,135,16,66,165,0,247,36,0,36,283
05/25/2002,PSP,CA,AWP,WE,Combined TRACON& Tower with Radar,16,36,14,0,66,0,12,136,2,150,16,48,150,2,216,72,12,84,300
05/26/2002,PSP,CA,AWP,WE,Combined TRACON& Tower with Radar,17,20,21,0,58,0,29,142,0,171,17,49,163,0,229,88,0,88,317
05/27/2002,PSP,CA,AWP,WE,Combined TRACON& Tower with Radar,16,32,29,0,77,0,25,162,0,187,16,57,191,0,264,52,0,52,316
05/28/2002,PSP,CA,AWP,WE,Combined TRACON& Tower with Radar,16,50,23,1,90,0,16,113,0,129,16,66,136,1,219,78,0,78,297
05/29/2002,PSP,CA,AWP,WE,Combined TRACON& Tower with Radar,14,45,20,4,83,0,18,99,1,118,14,63,119,5,201,108,0,108,309
05/30/2002,PSP,CA,AWP,WE,Combined TRACON& Tower with Radar,20,20,21,0,61,0,33,109,0,142,20,53,130,0,203,88,0,88,291
05/31/2002,PSP,CA,AWP,WE,Combined TRACON& Tower with Radar,606,31,99,0,736,1043,0,0,0,1043,1649,31,99,0,1779,46,0,46,1825
06/01/2002,PSP,CA,AWP,WE,Combined TRACON& Tower with Radar,13,58,20,0,91,1,2,93,0,96,14,60,113,0,187,18,0,18,205
06/02/2002,PSP,CA,AWP,WE,Combined TRACON& Tower with Radar,9,53,21,0,83,7,0,207,0,214,16,53,228,0,297,22,0,22,319
06/03/2002,PSP,CA,AWP,WE,Combined TRACON& Tower with Radar,9,54,12,1,76,1,6,88,0,95,10,60,100,1,171,52,0,52,223
06/04/2002,PSP,CA,AWP,WE,Combined TRACON& Tower with Radar,12,61,19,0,92,1,6,82,0,89,13,67,101,0,181,38,0,38,219
06/05/2002,PSP,CA,AWP,WE,Combined TRACON& Tower with Radar,9,59,20,0,88,2,15,94,0,111,11,74,114,0,199,46,0,46,245
06/06/2002,PSP,CA,AWP,WE,Combined TRACON& Tower with Radar,12,57,34,0,103,1,5,111,2,119,13,62,145,2,222,38,0,38,260
06/07/2002,PSP,CA,AWP,WE,Combined TRACON& Tower with Radar,17,50,20,0,87,1,2,86,0,89,18,52,106,0,176,52,0,52,228
06/08/2002,PSP,CA,AWP,WE,Combined TRACON& Tower with Radar,11,49,15,0,75,1,2,62,0,65,12,51,77,0,140,6,0,6,146
06/09/2002,PSP,CA,AWP,WE,Combined TRACON& Tower with Radar,8,54,19,0,81,1,0,79,0,80,9,54,98,0,161,52,0,52,213
06/10/2002,PSP,CA,AWP,WE,Combined TRACON& Tower with Radar,9,58,26,0,93,0,3,108,0,111,9,61,134,0,204,8,0,8,212
06/11/2002,PSP,CA,AWP,WE,Combined TRACON& Tower with Radar,7,53,15,4,79,0,9,91,3,103,7,62,106,7,182,114,10,124,306
06/12/2002,PSP,CA,AWP,WE,Combined TRACON& Tower with Radar,9,48,27,0,84,0,6,91,1,98,9,54,118,1,182,6,0,6,188
06/13/2002,PSP,CA,AWP,WE,Combined TRACON& Tower with Radar,8,52,17,0,77,0,4,71,2,77,8,56,88,2,154,4,0,4,158
06/14/2002,PSP,CA,AWP,WE,Combined TRACON& Tower with Radar,7,53,19,0,79,0,4,91,1,96,7,57,110,1,175,4,0,4,179
06/15/2002,PSP,CA,AWP,WE,Combined TRACON& Tower with Radar,7,43,15,0,65,0,1,95,0,96,7,44,110,0,161,52,0,52,213
06/16/2002,PSP,CA,AWP,WE,Combined TRACON& Tower with Radar,6,50,13,0,69,0,4963,79,0,5042,6,5013,92,0,5111,8,0,8,5119
06/17/2002,PSP,CA,AWP,WE,Combined TRACON& Tower with Radar,6,47,10,0,63,0,2,71,0,73,6,49,81,0,136,46,0,46,182
06/18/2002,PSP,CA,AWP,WE,Combined TRACON& Tower with Radar,6,51,18,0,75,0,4,54,0,58,6,55,72,0,133,6,0,6,139
06/19/2002,PSP,CA,AWP,WE,Combined TRACON& Tower with Radar,7,57,16,2,82,0,3,71,0,74,7,60,87,2,156,64,0,64,220
06/20/2002,PSP,CA,AWP,WE,Combined TRACON& Tower with Radar,6,57,23,0,86,0,2,92,0,94,6,59,115,0,180,64,0,64,244
06/21/2002,PSP,CA,AWP,WE,Combined TRACON& Tower with Radar,6,57,20,0,83,0,2,95,0,97,6,59,115,0,180,64,0,64,244
06/22/2002,PSP,CA,AWP,WE,Combined TRACON& Tower with Radar,10,53,11,0,74,0,1,90,0,91,10,54,101,0,165,28,0,28,193
06/23/2002,PSP,CA,AWP,WE,Combined TRACON& Tower with Radar,7,46,16,0,69,0,186,3,1,190,7,232,19,1,259,40,0,40,299
06/24/2002,PSP,CA,AWP,WE,Combined TRACON& Tower with Radar,6,48,19,3,76,0,2,99,3,104,6,50,118,6,180,94,2,96,276
06/25/2002,PSP,CA,AWP,WE,Combined TRACON& Tower with Radar,8,50,22,0,80,0,5,70,2,77,8,55,92,2,157,64,0,64,221
06/26/2002,PSP,CA,AWP,WE,Combined TRACON& Tower with Radar,6,49,17,0,72,0,3,95,0,98,6,52,112,0,170,86,0,86,256
06/27/2002,PSP,CA,AWP,WE,Combined TRACON& Tower with Radar,6,54,19,2,81,0,6,88,2,96,6,60,107,4,177,0,26,26,203
06/28/2002,PSP,CA,AWP,WE,Combined TRACON& Tower with Radar,5,49,17,0,71,0,6,111,0,117,5,55,128,0,188,54,0,54,242
06/29/2002,PSP,CA,AWP,WE,Combined TRACON& Tower with Radar,4,52,11,0,67,0,1,96,0,97,4,53,107,0,164,52,0,52,216
06/30/2002,PSP,CA,AWP,WE,Combined TRACON& Tower with Radar,6,44,15,0,65,0,3,120,0,123,6,47,135,0,188,48,0,48,236
07/01/2002,PSP,CA,AWP,WE,Combined TRACON& Tower with Radar,7,51,7,0,65,1,1,105,0,107,8,52,112,0,172,22,0,22,194
07/02/2002,PSP,CA,AWP,WE,Combined TRACON& Tower with Radar,6,50,18,0,74,1,3,95,0,99,7,53,113,0,173,56,0,56,229
07/03/2002,PSP,CA,AWP,WE,Combined TRACON& Tower with Radar,5,50,15,0,70,1,1,93,0,95,6,51,108,0,165,40,0,40,205
07/04/2002,PSP,CA,AWP,WE,Combined TRACON& Tower with Radar,5,41,2,0,48,1,2,65,0,68,6,43,67,0,116,0,0,0,116
07/05/2002,PSP,CA,AWP,WE,Combined TRACON& Tower with Radar,6,44,14,0,64,0,0,98,0,98,6,44,112,0,162,64,0,64,226
07/06/2002,PSP,CA,AWP,WE,Combined TRACON& Tower with Radar,4,34,10,0,48,2,4,97,0,103,6,38,107,0,151,68,0,68,219
07/07/2002,PSP,CA,AWP,WE,Combined TRACON& Tower with Radar,5,55,14,0,74,1,1,101,0,103,6,56,115,0,177,42,0,42,219
07/08/2002,PSP,CA,AWP,WE,Combined TRACON& Tower with Radar,5,49,7,0,61,1,2,82,0,85,6,51,89,0,146,74,0,74,220
07/09/2002,PSP,CA,AWP,WE,Combined TRACON& Tower with Radar,7,48,10,2,67,0,4,107,0,111,7,52,117,2,178,22,0,22,200
07/10/2002,PSP,CA,AWP,WE,Combined TRACON& Tower with Radar,9,46,13,0,68,0,5,97,0,102,9,51,110,0,170,54,0,54,224
07/11/2002,PSP,CA,AWP,WE,Combined TRACON& Tower with Radar,6,45,22,1,74,0,3,75,0,78,6,48,97,1,152,32,0,32,184
07/12/2002,PSP,CA,AWP,WE,Combined TRACON& Tower with Radar,9,47,11,0,67,0,5,67,48,120,9,52,78,48,187,48,0,48,235
07/13/2002,PSP,CA,AWP,WE,Combined TRACON& Tower with Radar,6,37,11,0,54,0,9,72,2,83,6,46,83,2,137,50,0,50,187
07/14/2002,PSP,CA,AWP,WE,Combined TRACON& Tower with Radar,6,45,28,0,79,0,2,73,0,75,6,47,101,0,154,38,0,38,192
07/15/2002,PSP,CA,AWP,WE,Combined TRACON& Tower with Radar,6,47,10,0,63,0,2,63,0,65,6,49,73,0,128,42,0,42,170
07/16/2002,PSP,CA,AWP,WE,Combined TRACON& Tower with Radar,6,50,14,0,70,0,9,72,0,81,6,59,86,0,151,42,0,42,193
07/17/2002,PSP,CA,AWP,WE,Combined TRACON& Tower with Radar,10,49,5,0,64,0,5,63,0,68,10,54,68,0,132,0,18,18,150
07/18/2002,PSP,CA,AWP,WE,Combined TRACON& Tower with Radar,5,53,15,0,73,0,1,85,1,87,5,54,100,1,160,38,0,38,198
07/19/2002,PSP,CA,AWP,WE,Combined TRACON& Tower with Radar,10,51,11,0,72,0,3,89,0,92,10,54,100,0,164,20,0,20,184
07/20/2002,PSP,CA,AWP,WE,Combined TRACON& Tower with Radar,8,41,2,0,51,0,2,89,0,91,8,43,91,0,142,18,0,18,160
07/21/2002,PSP,CA,AWP,WE,Combined TRACON& Tower with Radar,7,46,14,0,67,1,0,95,2,98,8,46,109,2,165,10,0,10,175
07/22/2002,PSP,CA,AWP,WE,Combined TRACON& Tower with Radar,6,48,6,3,63,0,4,71,5,80,6,52,77,8,143,20,0,20,163
07/23/2002,PSP,CA,AWP,WE,Combined TRACON& Tower with Radar,6,45,14,1,66,0,8,67,0,75,6,53,81,1,141,22,0,22,163
07/24/2002,PSP,CA,AWP,WE,Combined TRACON& Tower with Radar,6,51,15,0,72,0,0,98,0,98,6,51,113,0,170,64,0,64,234
07/25/2002,PSP,CA,AWP,WE,Combined TRACON& Tower with Radar,6,51,11,0,68,0,2,95,0,97,6,53,106,0,165,38,0,38,203
07/26/2002,PSP,CA,AWP,WE,Combined TRACON& Tower with Radar,7,52,14,0,73,4,4,84,1,93,11,56,98,1,166,6,0,6,172
07/27/2002,PSP,CA,AWP,WE,Combined TRACON& Tower with Radar,6,44,13,0,63,0,0,72,0,72,6,44,85,0,135,2,0,2,137
07/28/2002,PSP,CA,AWP,WE,Combined TRACON& Tower with Radar,6,58,17,0,81,0,3,100,0,103,6,61,117,0,184,14,0,14,198
07/29/2002,PSP,CA,AWP,WE,Combined TRACON& Tower with Radar,7,52,23,0,82,0,1,93,0,94,7,53,116,0,176,26,0,26,202
07/30/2002,PSP,CA,AWP,WE,Combined TRACON& Tower with Radar,6,59,34,0,99,0,4,76,0,80,6,63,110,0,179,36,2,38,217
07/31/2002,PSP,CA,AWP,WE,Combined TRACON& Tower with Radar,6,58,17,0,81,0,0,77,1,78,6,58,94,1,159,44,0,44,203
08/01/2002,PSP,CA,AWP,WE,Combined TRACON& Tower with Radar,7,52,15,1,75,0,6,88,4,98,7,58,103,5,173,54,0,54,227
08/02/2002,PSP,CA,AWP,WE,Combined TRACON& Tower with Radar,6,43,12,1,62,2,3,52,1,58,8,46,64,2,120,28,0,28,148
08/03/2002,PSP,CA,AWP,WE,Combined TRACON& Tower with Radar,5,45,15,1,66,1,2,85,0,88,6,47,100,1,154,78,0,78,232
08/04/2002,PSP,CA,AWP,WE,Combined TRACON& Tower with Radar,6,52,10,0,68,1,3,95,0,99,7,55,105,0,167,24,0,24,191
08/05/2002,PSP,CA,AWP,WE,Combined TRACON& Tower with Radar,5,49,8,0,62,1,7,64,0,72,6,56,72,0,134,24,0,24,158
08/06/2002,PSP,CA,AWP,WE,Combined TRACON& Tower with Radar,6,49,13,1,69,1,5,63,0,69,7,54,76,1,138,28,0,28,166
08/07/2002,PSP,CA,AWP,WE,Combined TRACON& Tower with Radar,6,50,11,2,69,1,3,87,0,91,7,53,98,2,160,52,0,52,212
08/08/2002,PSP,CA,AWP,WE,Combined TRACON& Tower with Radar,5,45,16,0,66,1,9,84,0,94,6,54,100,0,160,40,0,40,200
08/09/2002,PSP,CA,AWP,WE,Combined TRACON& Tower with Radar,5,49,14,1,69,1,1,77,4,83,6,50,91,5,152,72,6,78,230
08/10/2002,PSP,CA,AWP,WE,Combined TRACON& Tower with Radar,6,47,26,0,79,0,0,65,0,65,6,47,91,0,144,16,0,16,160
08/11/2002,PSP,CA,AWP,WE,Combined TRACON& Tower with Radar,5,49,4,0,58,1,3,97,0,101,6,52,101,0,159,12,0,12,171
08/12/2002,PSP,CA,AWP,WE,Combined TRACON& Tower with Radar,8,51,7,0,66,0,12,109,0,121,8,63,116,0,187,32,0,32,219
08/13/2002,PSP,CA,AWP,WE,Combined TRACON& Tower with Radar,7,44,12,0,63,0,6,58,0,64,7,50,70,0,127,38,0,38,165
08/14/2002,PSP,CA,AWP,WE,Combined TRACON& Tower with Radar,6,45,12,0,63,0,38,84,0,122,6,83,96,0,185,28,0,28,213
08/15/2002,PSP,CA,AWP,WE,Combined TRACON& Tower with Radar,8,46,13,0,67,0,5,66,0,71,8,51,79,0,138,76,0,76,214
08/16/2002,PSP,CA,AWP,WE,Combined TRACON& Tower with Radar,8,51,14,0,73,79,11,96,1,187,87,62,110,1,260,50,2,52,312
08/17/2002,PSP,CA,AWP,WE,Combined TRACON& Tower with Radar,7,42,11,0,60,0,0,53,6,59,7,42,64,6,119,6,0,6,125
08/18/2002,PSP,CA,AWP,WE,Combined TRACON& Tower with Radar,4,5,7,0,16,2,0,76,1,79,6,5,83,1,95,2,0,2,97
08/19/2002,PSP,CA,AWP,WE,Combined TRACON& Tower with Radar,6,51,19,0,76,0,6,48,0,54,6,57,67,0,130,10,0,10,140
08/20/2002,PSP,CA,AWP,WE,Combined TRACON& Tower with Radar,7,48,13,0,68,0,2,0,75,77,7,50,13,75,145,24,0,24,169
08/21/2002,PSP,CA,AWP,WE,Combined TRACON& Tower with Radar,6,47,15,1,69,0,11,62,1,74,6,58,77,2,143,68,0,68,211
08/22/2002,PSP,CA,AWP,WE,Combined TRACON& Tower with Radar,6,45,12,0,63,0,17,76,1,94,6,62,88,1,157,64,0,64,221
08/23/2002,PSP,CA,AWP,WE,Combined TRACON& Tower with Radar,10,48,15,0,73,0,6,84,2,92,10,54,99,2,165,16,18,34,199
08/24/2002,PSP,CA,AWP,WE,Combined TRACON& Tower with Radar,6,43,11,0,60,0,7,60,0,67,6,50,71,0,127,32,0,32,159
08/25/2002,PSP,CA,AWP,WE,Combined TRACON& Tower with Radar,6,50,12,0,68,0,6,95,0,101,6,56,107,0,169,28,0,28,197
08/26/2002,PSP,CA,AWP,WE,Combined TRACON& Tower with Radar,8,49,4,0,61,0,8,82,0,90,8,57,86,0,151,30,0,30,181
08/27/2002,PSP,CA,AWP,WE,Combined TRACON& Tower with Radar,8,46,19,0,73,0,5,72,0,77,8,51,91,0,150,40,0,40,190
08/28/2002,PSP,CA,AWP,WE,Combined TRACON& Tower with Radar,6,49,15,3,73,0,5,95,0,100,6,54,110,3,173,50,0,50,223
08/29/2002,PSP,CA,AWP,WE,Combined TRACON& Tower with Radar,6,46,15,0,67,0,6,60,0,66,6,52,75,0,133,36,0,36,169
08/30/2002,PSP,CA,AWP,WE,Combined TRACON& Tower with Radar,6,45,17,0,68,0,4,104,0,108,6,49,121,0,176,54,0,54,230
08/31/2002,PSP,CA,AWP,WE,Combined TRACON& Tower with Radar,6,41,12,0,59,0,13,91,0,104,6,54,103,0,163,106,0,106,269
09/01/2002,PSP,CA,AWP,WE,Combined TRACON& Tower with Radar,5,39,15,0,59,1,0,79,0,80,6,39,94,0,139,64,0,64,203
09/02/2002,PSP,CA,AWP,WE,Combined TRACON& Tower with Radar,6,46,17,0,69,0,3,69,0,72,6,49,86,0,141,22,0,22,163
09/03/2002,PSP,CA,AWP,WE,Combined TRACON& Tower with Radar,9,47,17,0,73,0,5,86,0,91,9,52,103,0,164,40,0,40,204
09/04/2002,PSP,CA,AWP,WE,Combined TRACON& Tower with Radar,9,52,11,0,72,1,3,99,0,103,10,55,110,0,175,64,0,64,239
09/05/2002,PSP,CA,AWP,WE,Combined TRACON& Tower with Radar,9,50,19,0,78,1,3,79,0,83,10,53,98,0,161,30,0,30,191
09/06/2002,PSP,CA,AWP,WE,Combined TRACON& Tower with Radar,13,50,15,0,78,1,2,53,0,56,14,52,68,0,134,32,0,32,166
09/07/2002,PSP,CA,AWP,WE,Combined TRACON& Tower with Radar,10,43,9,0,62,1,0,70,0,71,11,43,79,0,133,28,0,28,161
09/08/2002,PSP,CA,AWP,WE,Combined TRACON& Tower with Radar,10,49,16,0,75,1,0,91,0,92,11,49,107,0,167,26,0,26,193
09/09/2002,PSP,CA,AWP,WE,Combined TRACON& Tower with Radar,11,46,13,2,72,1,2,95,0,98,12,48,108,2,170,42,0,42,212
09/10/2002,PSP,CA,AWP,WE,Combined TRACON& Tower with Radar,12,50,22,0,84,1,2,73,0,76,13,52,95,0,160,6,0,6,166
09/11/2002,PSP,CA,AWP,WE,Combined TRACON& Tower with Radar,9,41,16,0,66,3,9,141,4,157,12,50,157,4,223,64,8,72,295
09/12/2002,PSP,CA,AWP,WE,Combined TRACON& Tower with Radar,11,51,13,0,75,1,2,70,0,73,12,53,83,0,148,76,0,76,224
09/13/2002,PSP,CA,AWP,WE,Combined TRACON& Tower with Radar,12,51,20,0,83,0,4,98,6,108,12,55,118,6,191,56,0,56,247
09/14/2002,PSP,CA,AWP,WE,Combined TRACON& Tower with Radar,13,42,15,0,70,0,2,98,0,100,13,44,113,0,170,84,0,84,254
09/15/2002,PSP,CA,AWP,WE,Combined TRACON& Tower with Radar,11,43,17,0,71,1,11,100,0,112,12,54,117,0,183,14,0,14,197
09/16/2002,PSP,CA,AWP,WE,Combined TRACON& Tower with Radar,13,50,13,0,76,0,8,65,0,73,13,58,78,0,149,26,0,26,175
09/17/2002,PSP,CA,AWP,WE,Combined TRACON& Tower with Radar,12,47,18,0,77,0,0,83,0,83,12,47,101,0,160,40,0,40,200
09/18/2002,PSP,CA,AWP,WE,Combined TRACON& Tower with Radar,12,49,19,0,80,1,0,80,2,83,13,49,99,2,163,34,2,36,199
09/19/2002,PSP,CA,AWP,WE,Combined TRACON& Tower with Radar,13,47,19,2,81,0,2,80,0,82,13,49,99,2,163,34,2,36,199
09/20/2002,PSP,CA,AWP,WE,Combined TRACON& Tower with Radar,11,47,28,0,86,0,6,95,0,101,11,53,123,0,187,80,0,80,267
09/21/2002,PSP,CA,AWP,WE,Combined TRACON& Tower with Radar,13,51,15,0,79,0,1,91,0,92,13,52,106,0,171,84,0,84,255
09/22/2002,PSP,CA,AWP,WE,Combined TRACON& Tower with Radar,12,45,22,0,79,0,4,108,0,112,12,49,130,0,191,24,4,28,219
09/23/2002,PSP,CA,AWP,WE,Combined TRACON& Tower with Radar,12,50,21,1,84,0,5,86,0,91,12,55,107,1,175,108,0,108,283
09/24/2002,PSP,CA,AWP,WE,Combined TRACON& Tower with Radar,13,42,18,1,74,0,4,91,0,95,13,46,109,1,169,24,0,24,193
09/25/2002,PSP,CA,AWP,WE,Combined TRACON& Tower with Radar,13,58,25,0,96,0,0,112,0,112,13,58,137,0,208,32,6,38,246
09/26/2002,PSP,CA,AWP,WE,Combined TRACON& Tower with Radar,12,54,24,0,90,0,0,83,1,84,12,54,107,1,174,62,0,62,236
09/27/2002,PSP,CA,AWP,WE,Combined TRACON& Tower with Radar,13,51,36,0,100,0,7,102,0,109,13,58,138,0,209,64,0,64,273
09/28/2002,PSP,CA,AWP,WE,Combined TRACON& Tower with Radar,13,45,10,0,68,0,5,80,2,87,13,50,90,2,155,54,2,56,211
09/29/2002,PSP,CA,AWP,WE,Combined TRACON& Tower with Radar,13,47,29,2,91,0,1,107,0,108,13,48,136,2,199,8,0,8,207
09/30/2002,PSP,CA,AWP,WE,Combined TRACON& Tower with Radar,12,53,15,2,82,0,2,88,0,90,12,55,103,2,172,26,0,26,198
10/01/2002,PSP,CA,AWP,WE,Combined TRACON& Tower with Radar,14,59,29,1,103,0,0,66,0,66,14,59,95,1,169,24,0,24,193
10/02/2002,PSP,CA,AWP,WE,Combined TRACON& Tower with Radar,15,52,39,0,106,2,11,65,0,78,17,63,104,0,184,50,0,50,234
10/03/2002,PSP,CA,AWP,WE,Combined TRACON& Tower with Radar,14,56,26,0,96,0,2,84,0,86,14,58,110,0,182,8,0,8,190
10/04/2002,PSP,CA,AWP,WE,Combined TRACON& Tower with Radar,16,60,23,0,99,0,7,129,1,137,16,67,152,1,236,34,0,34,270
10/05/2002,PSP,CA,AWP,WE,Combined TRACON& Tower with Radar,13,45,33,0,91,1,5,126,0,132,14,50,159,0,223,64,0,64,287
10/06/2002,PSP,CA,AWP,WE,Combined TRACON& Tower with Radar,14,50,25,0,89,0,0,109,0,109,14,50,134,0,198,14,0,14,212
10/07/2002,PSP,CA,AWP,WE,Combined TRACON& Tower with Radar,13,42,32,0,87,2,14,68,0,84,15,56,100,0,171,26,0,26,197
10/08/2002,PSP,CA,AWP,WE,Combined TRACON& Tower with Radar,15,54,17,1,87,0,0,77,1,78,15,54,94,2,165,52,0,52,217
10/09/2002,PSP,CA,AWP,WE,Combined TRACON& Tower with Radar,14,56,23,9,102,0,2,80,9,91,14,58,103,18,193,24,0,24,217
10/10/2002,PSP,CA,AWP,WE,Combined TRACON& Tower with Radar,14,59,37,2,112,0,4,105,0,109,14,63,142,2,221,24,0,24,245
10/11/2002,PSP,CA,AWP,WE,Combined TRACON& Tower with Radar,16,61,16,0,93,0,3,109,0,112,16,64,125,0,205,24,0,24,229
10/12/2002,PSP,CA,AWP,WE,Combined TRACON& Tower with Radar,12,39,29,0,80,2,13,166,0,181,14,52,195,0,261,138,0,138,399
10/13/2002,PSP,CA,AWP,WE,Combined TRACON& Tower with Radar,14,53,23,0,90,0,0,182,0,182,14,53,205,0,272,56,0,56,328
10/14/2002,PSP,CA,AWP,WE,Combined TRACON& Tower with Radar,14,61,28,1,104,0,1,112,2,115,14,62,140,3,219,30,0,30,249
10/15/2002,PSP,CA,AWP,WE,Combined TRACON& Tower with Radar,14,65,29,0,108,0,0,93,0,93,14,65,122,0,201,6,0,6,207
10/16/2002,PSP,CA,AWP,WE,Combined TRACON& Tower with Radar,14,62,22,0,98,0,0,92,0,92,14,62,114,0,190,48,0,48,238
10/17/2002,PSP,CA,AWP,WE,Combined TRACON& Tower with Radar,15,60,37,0,112,0,3,72,0,75,15,63,109,0,187,22,0,22,209
10/18/2002,PSP,CA,AWP,WE,Combined TRACON& Tower with Radar,16,57,27,5,105,0,4,100,0,104,16,61,127,5,209,62,0,62,271
10/19/2002,PSP,CA,AWP,WE,Combined TRACON& Tower with Radar,15,54,16,1,86,0,3,118,0,121,15,57,134,1,207,52,0,52,259
10/20/2002,PSP,CA,AWP,WE,Combined TRACON& Tower with Radar,12,55,46,4,117,0,0,123,0,123,12,55,169,4,240,52,0,52,292
10/21/2002,PSP,CA,AWP,WE,Combined TRACON& Tower with Radar,16,63,43,1,123,0,1,105,2,108,16,64,148,3,231,42,0,42,273
10/22/2002,PSP,CA,AWP,WE,Combined TRACON& Tower with Radar,14,59,96,0,169,0,0,180,0,180,14,59,276,0,349,40,0,40,389
10/23/2002,PSP,CA,AWP,WE,Combined TRACON& Tower with Radar,13,60,111,1,185,0,1,497,0,498,13,61,608,1,683,10,0,10,693
10/24/2002,PSP,CA,AWP,WE,Combined TRACON& Tower with Radar,14,70,122,0,206,0,1,797,0,798,14,71,919,0,1004,36,0,36,1040
10/25/2002,PSP,CA,AWP,WE,Combined TRACON& Tower with Radar,15,58,132,0,205,0,1,429,0,430,15,59,561,0,635,10,0,10,645
10/26/2002,PSP,CA,AWP,WE,Combined TRACON& Tower with Radar,18,73,148,0,239,0,3,556,0,559,18,76,704,0,798,4,0,4,802
10/27/2002,PSP,CA,AWP,WE,Combined TRACON& Tower with Radar,20,58,57,0,135,3,0,700,0,703,23,58,757,0,838,8,0,8,846
10/28/2002,PSP,CA,AWP,WE,Combined TRACON& Tower with Radar,18,59,28,0,105,0,1,114,0,115,18,60,142,0,220,32,0,32,252
10/29/2002,PSP,CA,AWP,WE,Combined TRACON& Tower with Radar,22,55,37,2,116,0,1,98,0,99,22,56,135,2,215,36,0,36,251
10/30/2002,PSP,CA,AWP,WE,Combined TRACON& Tower with Radar,14,52,39,0,105,7,10,81,0,98,21,62,120,0,203,40,0,40,243
10/31/2002,PSP,CA,AWP,WE,Combined TRACON& Tower with Radar,20,54,28,0,102,0,7,120,0,127,20,61,148,0,229,14,0,14,243
11/01/2002,PSP,CA,AWP,WE,Combined TRACON& Tower with Radar,23,68,37,1,129,0,4,114,2,120,23,72,151,3,249,34,2,36,285
11/02/2002,PSP,CA,AWP,WE,Combined TRACON& Tower with Radar,26,46,32,2,106,0,7,181,1,189,26,53,213,3,295,30,0,30,325
11/03/2002,PSP,CA,AWP,WE,Combined TRACON& Tower with Radar,26,70,29,0,125,0,2,221,0,223,26,72,250,0,348,50,0,50,398
11/04/2002,PSP,CA,AWP,WE,Combined TRACON& Tower with Radar,23,56,27,0,106,0,3,91,0,94,23,59,118,0,200,36,0,36,236
11/05/2002,PSP,CA,AWP,WE,Combined TRACON& Tower with Radar,23,52,30,0,105,0,4,117,0,121,23,56,147,0,226,80,0,80,306
11/06/2002,PSP,CA,AWP,WE,Combined TRACON& Tower with Radar,24,63,26,0,113,0,7,71,0,78,24,70,97,0,191,22,0,22,213
11/07/2002,PSP,CA,AWP,WE,Combined TRACON& Tower with Radar,23,74,52,0,149,0,4,76,1,81,23,78,128,1,230,38,0,38,268
11/08/2002,PSP,CA,AWP,WE,Combined TRACON& Tower with Radar,22,74,54,0,150,0,3,42,0,45,22,77,96,0,195,50,0,50,245
11/09/2002,PSP,CA,AWP,WE,Combined TRACON& Tower with Radar,24,65,43,0,132,0,6,89,0,95,24,71,132,0,227,28,0,28,255
11/10/2002,PSP,CA,AWP,WE,Combined TRACON& Tower with Radar,24,65,43,1,133,0,8,82,7,97,24,73,125,8,230,38,0,38,268
11/11/2002,PSP,CA,AWP,WE,Combined TRACON& Tower with Radar,24,69,51,4,148,0,4,74,4,82,24,73,125,8,230,38,0,38,268
11/12/2002,PSP,CA,AWP,WE,Combined TRACON& Tower with Radar,23,54,30,0,107,0,7,97,0,104,23,61,127,0,211,52,0,52,263
11/13/2002,PSP,CA,AWP,WE,Combined TRACON& Tower with Radar,25,53,36,2,116,0,2,121,0,123,25,55,157,2,239,98,0,98,337
11/14/2002,PSP,CA,AWP,WE,Combined TRACON& Tower with Radar,24,60,40,0,124,0,3,115,0,118,24,63,155,0,242,38,0,38,280
11/15/2002,PSP,CA,AWP,WE,Combined TRACON& Tower with Radar,24,69,41,2,136,0,2,122,0,124,24,71,163,2,260,46,0,46,306
11/16/2002,PSP,CA,AWP,WE,Combined TRACON& Tower with Radar,23,57,37,0,117,3,0,93,4,100,26,57,130,4,217,28,0,28,245
11/17/2002,PSP,CA,AWP,WE,Combined TRACON& Tower with Radar,26,56,29,4,115,0,1,101,0,102,26,57,130,4,217,28,0,28,245
11/18/2002,PSP,CA,AWP,WE,Combined TRACON& Tower with Radar,24,59,40,2,125,0,4,130,3,137,24,63,170,5,262,38,2,40,302
11/19/2002,PSP,CA,AWP,WE,Combined TRACON& Tower with Radar,24,60,29,0,113,0,7,135,2,144,24,67,164,2,257,36,0,36,293
11/20/2002,PSP,CA,AWP,WE,Combined TRACON& Tower with Radar,17,8,28,0,53,6,0,107,0,113,23,8,135,0,166,40,0,40,206
11/21/2002,PSP,CA,AWP,WE,Combined TRACON& Tower with Radar,26,63,37,0,126,0,9,115,0,124,26,72,152,0,250,30,0,30,280
11/22/2002,PSP,CA,AWP,WE,Combined TRACON& Tower with Radar,24,66,47,0,137,0,0,143,0,143,24,66,190,0,280,34,0,34,314
11/23/2002,PSP,CA,AWP,WE,Combined TRACON& Tower with Radar,24,61,39,0,124,5,11,96,0,112,29,72,135,0,236,22,0,22,258
11/24/2002,PSP,CA,AWP,WE,Combined TRACON& Tower with Radar,26,71,50,1,148,0,0,131,0,131,26,71,181,1,279,48,0,48,327
11/25/2002,PSP,CA,AWP,WE,Combined TRACON& Tower with Radar,20,50,32,0,102,3,11,8,0,22,23,61,40,0,124,0,0,0,124
11/26/2002,PSP,CA,AWP,WE,Combined TRACON& Tower with Radar,23,70,60,3,156,0,4,45,0,49,23,74,105,3,205,40,0,40,245
11/27/2002,PSP,CA,AWP,WE,Combined TRACON& Tower with Radar,24,72,67,1,164,0,3,84,1,88,24,75,151,2,252,104,2,106,358
11/28/2002,PSP,CA,AWP,WE,Combined TRACON& Tower with Radar,20,51,13,0,84,0,2,55,0,57,20,53,68,0,141,12,0,12,153
11/29/2002,PSP,CA,AWP,WE,Combined TRACON& Tower with Radar,20,51,26,0,97,0,1,57,0,58,20,52,83,0,155,46,0,46,201
11/30/2002,PSP,CA,AWP,WE,Combined TRACON& Tower with Radar,26,71,56,1,154,0,1,47,0,48,26,72,103,1,202,76,0,76,278
12/01/2002,PSP,CA,AWP,WE,Combined TRACON& Tower with Radar,28,90,91,0,209,0,5,132,0,137,28,95,223,0,346,40,0,40,386
12/02/2002,PSP,CA,AWP,WE,Combined TRACON& Tower with Radar,26,65,24,0,115,0,2,77,0,79,26,67,101,0,194,52,0,52,246
12/03/2002,PSP,CA,AWP,WE,Combined TRACON& Tower with Radar,25,59,37,0,121,0,2,93,0,95,25,61,130,0,216,16,2,18,234
12/04/2002,PSP,CA,AWP,WE,Combined TRACON& Tower with Radar,26,68,37,2,133,0,7,106,1,114,26,75,143,3,247,40,0,40,287
12/05/2002,PSP,CA,AWP,WE,Combined TRACON& Tower with Radar,28,66,21,2,117,0,4,143,0,147,28,70,164,2,264,30,2,32,296
12/06/2002,PSP,CA,AWP,WE,Combined TRACON& Tower with Radar,25,68,28,0,121,0,1,98,0,99,25,69,126,0,220,36,0,36,256
12/07/2002,PSP,CA,AWP,WE,Combined TRACON& Tower with Radar,26,66,37,0,129,0,1,104,0,105,26,67,141,0,234,70,0,70,304
12/08/2002,PSP,CA,AWP,WE,Combined TRACON& Tower with Radar,28,69,33,0,130,0,0,117,1,118,28,69,150,1,248,42,0,42,290
12/09/2002,PSP,CA,AWP,WE,Combined TRACON& Tower with Radar,25,71,26,0,122,0,2,95,0,97,25,73,121,0,219,50,0,50,269
12/10/2002,PSP,CA,AWP,WE,Combined TRACON& Tower with Radar,27,66,23,2,118,0,3,79,0,82,27,69,102,2,200,34,4,38,238
12/11/2002,PSP,CA,AWP,WE,Combined TRACON& Tower with Radar,27,66,28,0,121,0,1,82,0,83,27,67,110,0,204,46,0,46,250
12/12/2002,PSP,CA,AWP,WE,Combined TRACON& Tower with Radar,26,63,28,0,117,0,6,126,0,132,26,69,154,0,249,62,0,62,311
12/13/2002,PSP,CA,AWP,WE,Combined TRACON& Tower with Radar,26,73,34,0,133,0,0,98,0,98,26,73,132,0,231,70,0,70,301
12/14/2002,PSP,CA,AWP,WE,Combined TRACON& Tower with Radar,32,65,33,0,130,5,0,109,0,114,37,65,142,0,244,38,0,38,282
12/15/2002,PSP,CA,AWP,WE,Combined TRACON& Tower with Radar,40,76,30,0,146,0,0,75,0,75,40,76,105,0,221,44,0,44,265
12/16/2002,PSP,CA,AWP,WE,Combined TRACON& Tower with Radar,28,71,17,2,118,0,0,37,0,37,28,71,54,2,155,28,0,28,183
12/17/2002,PSP,CA,AWP,WE,Combined TRACON& Tower with Radar,33,65,23,0,121,0,0,22,2,24,33,65,45,2,145,10,2,12,157
12/18/2002,PSP,CA,AWP,WE,Combined TRACON& Tower with Radar,20,51,23,0,94,11,21,46,1,79,31,72,69,1,173,6,0,6,179
12/19/2002,PSP,CA,AWP,WE,Combined TRACON& Tower with Radar,29,79,25,0,133,0,5,81,0,86,29,84,106,0,219,58,0,58,277
12/20/2002,PSP,CA,AWP,WE,Combined TRACON& Tower with Radar,27,67,30,0,124,2,17,76,0,95,29,84,106,0,219,58,0,58,277
12/21/2002,PSP,CA,AWP,WE,Combined TRACON& Tower with Radar,30,72,37,0,139,0,0,26,0,26,30,72,63,0,165,50,0,50,215
12/22/2002,PSP,CA,AWP,WE,Combined TRACON& Tower with Radar,33,76,33,0,142,0,0,45,0,45,33,76,78,0,187,34,0,34,221
12/23/2002,PSP,CA,AWP,WE,Combined TRACON& Tower with Radar,31,69,31,0,131,0,2,75,0,77,31,71,106,0,208,52,0,52,260
12/24/2002,PSP,CA,AWP,WE,Combined TRACON& Tower with Radar,27,57,14,0,98,0,2,67,0,69,27,59,81,0,167,34,0,34,201
12/25/2002,PSP,CA,AWP,WE,Combined TRACON& Tower with Radar,25,65,4,0,94,0,0,36,0,36,25,65,40,0,130,0,0,0,130
12/26/2002,PSP,CA,AWP,WE,Combined TRACON& Tower with Radar,27,97,64,0,188,0,0,88,0,88,27,97,152,0,276,22,0,22,298
12/27/2002,PSP,CA,AWP,WE,Combined TRACON& Tower with Radar,27,88,46,0,161,0,1,92,0,93,27,89,138,0,254,50,0,50,304
12/28/2002,PSP,CA,AWP,WE,Combined TRACON& Tower with Radar,29,86,41,0,156,1,0,108,0,109,30,86,149,0,265,54,0,54,319
12/29/2002,PSP,CA,AWP,WE,Combined TRACON& Tower with Radar,30,78,30,0,138,0,0,70,0,70,30,78,100,0,208,6,0,6,214
12/30/2002,PSP,CA,AWP,WE,Combined TRACON& Tower with Radar,28,71,39,0,138,0,8,106,0,114,28,79,145,0,252,26,0,26,278
12/31/2002,PSP,CA,AWP,WE,Combined TRACON& Tower with Radar,26,63,37,0,126,0,7,90,0,97,26,70,127,0,223,14,0,14,237
01/01/2003,PSP,CA,AWP,WE,Combined TRACON& Tower with Radar,27,79,35,0,141,1,0,106,0,107,28,79,141,0,248,20,0,20,268
01/02/2003,PSP,CA,AWP,WE,Combined TRACON& Tower with Radar,25,83,45,0,153,1,2,103,0,106,26,85,148,0,259,36,0,36,295
01/03/2003,PSP,CA,AWP,WE,Combined TRACON& Tower with Radar,32,89,44,1,166,1,2,99,1,103,33,91,143,2,269,56,2,58,327
01/04/2003,PSP,CA,AWP,WE,Combined TRACON& Tower with Radar,29,80,51,0,160,2,0,135,0,137,31,80,186,0,297,30,0,30,327
01/05/2003,PSP,CA,AWP,WE,Combined TRACON& Tower with Radar,29,85,62,0,176,1,1,91,0,93,30,86,153,0,269,14,0,14,283
01/06/2003,PSP,CA,AWP,WE,Combined TRACON& Tower with Radar,36,86,45,0,167,0,1,19,0,20,36,87,64,0,187,2,0,2,189
01/07/2003,PSP,CA,AWP,WE,Combined TRACON& Tower with Radar,27,81,41,0,149,1,6,40,4,51,28,87,81,4,200,0,0,0,200
01/08/2003,PSP,CA,AWP,WE,Combined TRACON& Tower with Radar,33,77,54,0,164,0,0,34,0,34,33,77,88,0,198,2,0,2,200
01/09/2003,PSP,CA,AWP,WE,Combined TRACON& Tower with Radar,32,88,69,2,191,0,0,93,0,93,32,88,162,2,284,16,0,16,300
01/10/2003,PSP,CA,AWP,WE,Combined TRACON& Tower with Radar,27,89,51,0,167,0,0,74,0,74,27,89,125,0,241,22,0,22,263
01/11/2003,PSP,CA,AWP,WE,Combined TRACON& Tower with Radar,27,78,30,0,135,8,41,0,0,49,35,119,30,0,184,0,0,0,184
01/12/2003,PSP,CA,AWP,WE,Combined TRACON& Tower with Radar,31,95,48,0,174,0,7,92,0,99,31,102,140,0,273,4,0,4,277
01/13/2003,PSP,CA,AWP,WE,Combined TRACON& Tower with Radar,27,79,36,0,142,3,1,0,0,4,30,80,36,0,146,0,0,0,146
01/14/2003,PSP,CA,AWP,WE,Combined TRACON& Tower with Radar,31,99,51,0,181,0,5,95,0,100,31,104,146,0,281,42,0,42,323
01/15/2003,PSP,CA,AWP,WE,Combined TRACON& Tower with Radar,27,78,40,1,146,2,10,99,0,111,29,88,139,1,257,46,0,46,303
01/16/2003,PSP,CA,AWP,WE,Combined TRACON& Tower with Radar,26,93,48,1,168,0,9,78,0,87,26,102,126,1,255,82,0,82,337
01/17/2003,PSP,CA,AWP,WE,Combined TRACON& Tower with Radar,31,97,56,0,184,0,4,128,0,132,31,101,184,0,316,62,0,62,378
01/18/2003,PSP,CA,AWP,WE,Combined TRACON& Tower with Radar,34,88,30,0,152,0,0,161,0,161,34,88,191,0,313,54,0,54,367
01/19/2003,PSP,CA,AWP,WE,Combined TRACON& Tower with Radar,30,89,45,0,164,0,14,142,0,156,30,103,187,0,320,40,2,42,362
01/20/2003,PSP,CA,AWP,WE,Combined TRACON& Tower with Radar,30,100,46,0,176,0,1,92,0,93,30,101,138,0,269,6,0,6,275
01/21/2003,PSP,CA,AWP,WE,Combined TRACON& Tower with Radar,27,83,32,0,142,0,4,114,0,118,27,87,146,0,260,66,0,66,326
01/22/2003,PSP,CA,AWP,WE,Combined TRACON& Tower with Radar,27,81,41,0,149,2,10,94,0,106,29,91,135,0,255,40,0,40,295
01/23/2003,PSP,CA,AWP,WE,Combined TRACON& Tower with Radar,31,97,58,0,186,0,0,91,0,91,31,97,149,0,277,82,0,82,359
01/24/2003,PSP,CA,AWP,WE,Combined TRACON& Tower with Radar,29,104,62,0,195,0,3,145,0,148,29,107,207,0,343,78,0,78,421
01/25/2003,PSP,CA,AWP,WE,Combined TRACON& Tower with Radar,35,76,35,0,146,0,0,134,0,134,35,76,169,0,280,70,2,72,352
01/26/2003,PSP,CA,AWP,WE,Combined TRACON& Tower with Radar,33,103,69,0,205,0,0,107,0,107,33,103,176,0,312,42,0,42,354
01/27/2003,PSP,CA,AWP,WE,Combined TRACON& Tower with Radar,31,99,40,1,171,0,2,97,0,99,31,101,137,1,270,44,0,44,314
01/28/2003,PSP,CA,AWP,WE,Combined TRACON& Tower with Radar,30,88,30,2,150,0,2,96,0,98,30,90,126,2,248,64,0,64,312
01/29/2003,PSP,CA,AWP,WE,Combined TRACON& Tower with Radar,28,78,49,0,155,0,0,84,0,84,28,78,133,0,239,18,0,18,257
01/30/2003,PSP,CA,AWP,WE,Combined TRACON& Tower with Radar,32,81,40,1,154,0,3,95,1,99,32,84,135,2,253,22,0,22,275
01/31/2003,PSP,CA,AWP,WE,Combined TRACON& Tower with Radar,29,104,55,0,188,0,11,81,0,92,29,115,136,0,280,86,0,86,366
02/01/2003,PSP,CA,AWP,WE,Combined TRACON& Tower with Radar,33,81,50,0,164,6,20,125,0,151,39,101,175,0,315,38,0,38,353
02/02/2003,PSP,CA,AWP,WE,Combined TRACON& Tower with Radar,31,116,68,0,215,1,1,84,0,86,32,117,152,0,301,28,0,28,329
02/03/2003,PSP,CA,AWP,WE,Combined TRACON& Tower with Radar,29,95,38,1,163,1,2,98,0,101,30,97,136,1,264,16,0,16,280
02/04/2003,PSP,CA,AWP,WE,Combined TRACON& Tower with Radar,31,83,29,2,145,0,10,82,84,176,31,93,111,86,321,82,0,82,403
02/05/2003,PSP,CA,AWP,WE,Combined TRACON& Tower with Radar,29,89,58,1,177,0,11,82,0,93,29,100,140,1,270,40,0,40,310
02/06/2003,PSP,CA,AWP,WE,Combined TRACON& Tower with Radar,29,78,49,0,156,0,19,111,0,130,29,97,160,0,286,86,0,86,372
02/07/2003,PSP,CA,AWP,WE,Combined TRACON& Tower with Radar,33,80,49,1,163,7,11,137,0,155,40,91,186,1,318,26,0,26,344
02/08/2003,PSP,CA,AWP,WE,Combined TRACON& Tower with Radar,33,80,48,0,161,7,10,140,0,157,40,90,188,0,318,82,0,82,400
02/09/2003,PSP,CA,AWP,WE,Combined TRACON& Tower with Radar,42,101,55,0,198,0,3,134,0,137,42,104,189,0,335,36,0,36,371
02/10/2003,PSP,CA,AWP,WE,Combined TRACON& Tower with Radar,33,80,49,3,165,1,8,65,0,74,34,88,114,3,239,28,0,28,267
02/11/2003,PSP,CA,AWP,WE,Combined TRACON& Tower with Radar,35,81,48,0,164,0,1,32,0,33,35,82,80,0,197,10,0,10,207
02/12/2003,PSP,CA,AWP,WE,Combined TRACON& Tower with Radar,32,76,51,0,159,0,1,55,0,56,32,77,106,0,215,58,0,58,273
02/13/2003,PSP,CA,AWP,WE,Combined TRACON& Tower with Radar,35,56,39,0,130,2,6,0,0,8,37,62,39,0,138,8,0,8,146
02/14/2003,PSP,CA,AWP,WE,Combined TRACON& Tower with Radar,42,104,64,2,212,0,0,97,0,97,42,104,161,2,309,36,0,36,345
02/15/2003,PSP,CA,AWP,WE,Combined TRACON& Tower with Radar,42,96,61,0,199,0,1,106,0,107,42,97,167,0,306,40,0,40,346
02/16/2003,PSP,CA,AWP,WE,Combined TRACON& Tower with Radar,41,91,54,0,186,0,6,73,0,79,41,97,127,0,265,46,0,46,311
02/17/2003,PSP,CA,AWP,WE,Combined TRACON& Tower with Radar,34,93,67,0,194,0,3,106,0,109,34,96,173,0,303,90,0,90,393
02/18/2003,PSP,CA,AWP,WE,Combined TRACON& Tower with Radar,34,82,50,1,167,6,24,66,0,96,40,106,116,1,263,54,2,56,319
02/19/2003,PSP,CA,AWP,WE,Combined TRACON& Tower with Radar,36,93,56,0,185,0,19,114,0,133,36,112,170,0,318,36,2,38,356
02/20/2003,PSP,CA,AWP,WE,Combined TRACON& Tower with Radar,0,4,54,5,63,0,0,198,1,199,0,4,252,6,262,36,2,38,300
02/21/2003,PSP,CA,AWP,WE,Combined TRACON& Tower with Radar,30,73,44,4,151,4,39,90,68,201,34,112,134,72,352,108,0,108,460
02/22/2003,PSP,CA,AWP,WE,Combined TRACON& Tower with Radar,17,0,25,1,43,24,0,186,0,210,41,0,211,1,253,138,0,138,391
02/23/2003,PSP,CA,AWP,WE,Combined TRACON& Tower with Radar,45,104,67,0,216,0,2,110,0,112,45,106,177,0,328,0,0,0,328
02/24/2003,PSP,CA,AWP,WE,Combined TRACON& Tower with Radar,34,96,57,5,192,0,5,55,69,129,34,101,112,74,321,74,0,74,395
02/25/2003,PSP,CA,AWP,WE,Combined TRACON& Tower with Radar,36,88,40,0,164,0,2,15,0,17,36,90,55,0,181,68,0,68,249
02/26/2003,PSP,CA,AWP,WE,Combined TRACON& Tower with Radar,33,92,69,2,196,0,3,54,0,57,33,95,123,2,253,104,0,104,357
02/27/2003,PSP,CA,AWP,WE,Combined TRACON& Tower with Radar,37,95,57,0,189,0,12,50,0,62,37,107,107,0,251,130,0,130,381
02/28/2003,PSP,CA,AWP,WE,Combined TRACON& Tower with Radar,36,93,52,0,181,0,4,135,0,139,36,97,187,0,320,120,0,120,440
03/01/2003,PSP,CA,AWP,WE,Combined TRACON& Tower with Radar,42,82,35,0,159,0,1,101,0,102,42,83,136,0,261,154,0,154,415
03/02/2003,PSP,CA,AWP,WE,Combined TRACON& Tower with Radar,45,97,57,0,199,1,2,132,0,135,46,99,189,0,334,90,0,90,424
03/03/2003,PSP,CA,AWP,WE,Combined TRACON& Tower with Radar,35,89,51,0,175,0,0,81,0,81,35,89,132,0,256,38,0,38,294
03/04/2003,PSP,CA,AWP,WE,Combined TRACON& Tower with Radar,36,85,35,0,156,0,0,45,2,47,36,85,80,2,203,6,0,6,209
03/05/2003,PSP,CA,AWP,WE,Combined TRACON& Tower with Radar,36,88,36,0,160,0,5,89,0,94,36,93,125,0,254,54,0,54,308
03/06/2003,PSP,CA,AWP,WE,Combined TRACON& Tower with Radar,38,81,47,0,166,1,11,115,1,128,39,92,162,1,294,100,0,100,394
03/07/2003,PSP,CA,AWP,WE,Combined TRACON& Tower with Radar,36,97,57,0,190,0,12,149,0,161,36,109,206,0,351,34,0,34,385
03/08/2003,PSP,CA,AWP,WE,Combined TRACON& Tower with Radar,41,87,37,0,165,0,0,142,1,143,41,87,179,1,308,42,0,42,350
03/09/2003,PSP,CA,AWP,WE,Combined TRACON& Tower with Radar,52,101,59,0,212,0,0,156,0,156,52,101,215,0,368,26,0,26,394
03/10/2003,PSP,CA,AWP,WE,Combined TRACON& Tower with Radar,36,77,50,0,163,0,3,97,0,100,36,80,147,0,263,126,0,126,389
03/11/2003,PSP,CA,AWP,WE,Combined TRACON& Tower with Radar,36,84,61,0,181,0,0,61,0,61,36,84,122,0,242,108,0,108,350
03/12/2003,PSP,CA,AWP,WE,Combined TRACON& Tower with Radar,40,71,45,0,156,0,1,104,0,105,40,72,149,0,261,38,0,38,299
03/13/2003,PSP,CA,AWP,WE,Combined TRACON& Tower with Radar,37,95,60,0,192,0,1,94,0,95,37,96,154,0,287,68,0,68,355
03/14/2003,PSP,CA,AWP,WE,Combined TRACON& Tower with Radar,36,91,71,0,198,0,0,106,3,109,36,91,177,3,307,82,0,82,389
03/15/2003,PSP,CA,AWP,WE,Combined TRACON& Tower with Radar,42,90,51,0,183,0,3,42,0,45,42,93,93,0,228,42,0,42,270
03/16/2003,PSP,CA,AWP,WE,Combined TRACON& Tower with Radar,48,97,77,0,222,0,0,48,0,48,48,97,125,0,270,92,0,92,362
03/17/2003,PSP,CA,AWP,WE,Combined TRACON& Tower with Radar,39,88,54,0,181,0,0,38,0,38,39,88,92,0,219,14,0,14,233
03/18/2003,PSP,CA,AWP,WE,Combined TRACON& Tower with Radar,33,72,43,0,148,8,12,63,0,83,41,84,106,0,231,18,0,18,249
03/19/2003,PSP,CA,AWP,WE,Combined TRACON& Tower with Radar,38,80,50,0,168,5,0,71,0,76,43,80,121,0,244,52,0,52,296
03/20/2003,PSP,CA,AWP,WE,Combined TRACON& Tower with Radar,37,87,57,0,181,0,1,56,0,57,37,88,113,0,238,52,0,52,290
03/21/2003,PSP,CA,AWP,WE,Combined TRACON& Tower with Radar,37,89,53,0,179,0,0,116,0,116,37,89,169,0,295,76,0,76,371
03/22/2003,PSP,CA,AWP,WE,Combined TRACON& Tower with Radar,44,86,54,0,184,0,0,167,0,167,44,86,221,0,351,74,0,74,425
03/23/2003,PSP,CA,AWP,WE,Combined TRACON& Tower with Radar,48,96,76,0,220,0,0,140,0,140,48,96,216,0,360,12,0,12,372
03/24/2003,PSP,CA,AWP,WE,Combined TRACON& Tower with Radar,34,89,53,0,176,0,24,75,22,121,34,113,128,22,297,22,0,22,319
03/25/2003,PSP,CA,AWP,WE,Combined TRACON& Tower with Radar,31,77,46,2,156,0,2,101,2,105,31,79,147,4,261,46,2,48,309
03/26/2003,PSP,CA,AWP,WE,Combined TRACON& Tower with Radar,37,92,55,0,184,0,0,129,2,131,37,92,184,2,315,20,0,20,335
03/27/2003,PSP,CA,AWP,WE,Combined TRACON& Tower with Radar,38,84,50,0,172,6,0,66,0,72,44,84,116,0,244,18,0,18,262
03/28/2003,PSP,CA,AWP,WE,Combined TRACON& Tower with Radar,37,103,51,0,191,0,3,68,0,71,37,106,119,0,262,48,0,48,310
03/29/2003,PSP,CA,AWP,WE,Combined TRACON& Tower with Radar,33,72,43,0,148,9,14,52,0,75,42,86,95,0,223,84,0,84,307
03/30/2003,PSP,CA,AWP,WE,Combined TRACON& Tower with Radar,44,91,69,0,204,0,0,136,0,136,44,91,205,0,340,10,0,10,350
03/31/2003,PSP,CA,AWP,WE,Combined TRACON& Tower with Radar,35,84,49,0,168,0,1,108,0,109,35,85,157,0,277,34,0,34,311
04/01/2003,PSP,CA,AWP,WE,Combined TRACON& Tower with Radar,34,72,20,0,126,1,5,100,0,106,35,77,120,0,232,32,0,32,264
04/02/2003,PSP,CA,AWP,WE,Combined TRACON& Tower with Radar,31,77,44,0,152,6,15,52,0,73,37,92,96,0,225,40,8,48,273
04/03/2003,PSP,CA,AWP,WE,Combined TRACON& Tower with Radar,31,79,44,1,155,3,22,90,0,115,34,101,134,1,270,46,0,46,316
04/04/2003,PSP,CA,AWP,WE,Combined TRACON& Tower with Radar,28,69,39,1,137,11,16,105,2,134,39,85,144,3,271,62,0,62,333
04/05/2003,PSP,CA,AWP,WE,Combined TRACON& Tower with Radar,24,60,34,1,119,15,25,100,2,142,39,85,134,3,261,62,0,62,323
04/06/2003,PSP,CA,AWP,WE,Combined TRACON& Tower with Radar,36,83,56,0,175,1,4,115,0,120,37,87,171,0,295,18,0,18,313
04/07/2003,PSP,CA,AWP,WE,Combined TRACON& Tower with Radar,25,62,34,1,122,6,18,105,1,130,31,80,139,2,252,38,0,38,290
04/08/2003,PSP,CA,AWP,WE,Combined TRACON& Tower with Radar,21,54,30,0,105,9,11,98,0,118,30,65,128,0,223,12,0,12,235
04/09/2003,PSP,CA,AWP,WE,Combined TRACON& Tower with Radar,27,67,38,0,132,4,16,85,0,105,31,83,123,0,237,70,0,70,307
04/10/2003,PSP,CA,AWP,WE,Combined TRACON& Tower with Radar,24,60,33,0,117,8,20,81,3,112,32,80,114,3,229,20,0,20,249
04/11/2003,PSP,CA,AWP,WE,Combined TRACON& Tower with Radar,30,96,141,1,268,0,0,0,0,0,30,96,141,1,268,46,2,48,316
04/12/2003,PSP,CA,AWP,WE,Combined TRACON& Tower with Radar,33,72,37,7,149,1,4,116,0,121,34,76,153,7,270,74,6,80,350
04/13/2003,PSP,CA,AWP,WE,Combined TRACON& Tower with Radar,0,8,19,0,27,0,0,71,6,77,0,8,90,6,104,14,0,14,118
04/14/2003,PSP,CA,AWP,WE,Combined TRACON& Tower with Radar,27,79,57,0,163,1,3,39,0,43,28,82,96,0,206,18,0,18,224
04/15/2003,PSP,CA,AWP,WE,Combined TRACON& Tower with Radar,29,89,34,4,156,1,9,68,0,78,30,98,102,4,234,16,0,16,250
04/16/2003,PSP,CA,AWP,WE,Combined TRACON& Tower with Radar,26,65,36,0,127,4,17,92,2,115,30,82,128,2,242,30,0,30,272
04/17/2003,PSP,CA,AWP,WE,Combined TRACON& Tower with Radar,31,78,44,1,154,2,17,90,4,113,33,95,134,5,267,16,0,16,283
04/18/2003,PSP,CA,AWP,WE,Combined TRACON& Tower with Radar,30,79,56,2,167,1,6,87,0,94,31,85,143,2,261,26,0,26,287
04/19/2003,PSP,CA,AWP,WE,Combined TRACON& Tower with Radar,23,56,32,0,111,14,16,133,4,167,37,72,165,4,278,48,2,50,328
04/20/2003,PSP,CA,AWP,WE,Combined TRACON& Tower with Radar,30,74,43,0,147,7,19,154,0,180,37,93,197,0,327,64,0,64,391
04/21/2003,PSP,CA,AWP,WE,Combined TRACON& Tower with Radar,30,85,63,0,178,0,4,57,0,61,30,89,120,0,239,34,0,34,273
04/22/2003,PSP,CA,AWP,WE,Combined TRACON& Tower with Radar,31,69,43,0,143,0,5,60,0,65,31,74,103,0,208,72,0,72,280
04/23/2003,PSP,CA,AWP,WE,Combined TRACON& Tower with Radar,30,70,43,0,143,0,10,89,1,100,30,80,132,1,243,62,0,62,305
04/24/2003,PSP,CA,AWP,WE,Combined TRACON& Tower with Radar,30,77,59,0,166,0,7,90,0,97,30,84,149,0,263,38,0,38,301
04/25/2003,PSP,CA,AWP,WE,Combined TRACON& Tower with Radar,31,73,63,2,169,0,7,109,2,118,31,80,172,4,287,32,2,34,321
04/26/2003,PSP,CA,AWP,WE,Combined TRACON& Tower with Radar,25,58,34,0,117,11,8,121,0,140,36,66,155,0,257,50,0,50,307
04/27/2003,PSP,CA,AWP,WE,Combined TRACON& Tower with Radar,23,80,62,0,165,0,4,119,0,123,23,84,181,0,288,34,0,34,322
04/28/2003,PSP,CA,AWP,WE,Combined TRACON& Tower with Radar,20,68,32,0,120,0,6,84,1,91,20,74,116,1,211,62,4,66,277
04/29/2003,PSP,CA,AWP,WE,Combined TRACON& Tower with Radar,33,74,32,0,139,0,4,93,0,97,33,78,125,0,236,42,2,44,280
04/30/2003,PSP,CA,AWP,WE,Combined TRACON& Tower with Radar,21,74,41,0,136,0,7,74,1,82,21,81,115,1,218,64,0,64,282
05/01/2003,PSP,CA,AWP,WE,Combined TRACON& Tower with Radar,16,80,49,4,149,0,7,87,0,94,16,87,136,4,243,40,0,40,283
05/02/2003,PSP,CA,AWP,WE,Combined TRACON& Tower with Radar,15,77,36,0,128,0,8,87,0,95,15,85,123,0,223,48,0,48,271
05/03/2003,PSP,CA,AWP,WE,Combined TRACON& Tower with Radar,18,60,26,0,104,0,15,64,2,81,18,75,90,2,185,36,14,50,235
05/04/2003,PSP,CA,AWP,WE,Combined TRACON& Tower with Radar,18,82,46,2,148,0,3,93,2,98,18,85,139,4,246,24,12,36,282
05/05/2003,PSP,CA,AWP,WE,Combined TRACON& Tower with Radar,21,65,27,0,113,0,7,49,0,56,21,72,76,0,169,38,0,38,207
05/06/2003,PSP,CA,AWP,WE,Combined TRACON& Tower with Radar,18,68,22,2,110,0,4,50,0,54,18,72,72,2,164,24,2,26,190
05/07/2003,PSP,CA,AWP,WE,Combined TRACON& Tower with Radar,16,76,37,0,129,0,5,50,1,56,16,81,87,1,185,10,0,10,195
05/08/2003,PSP,CA,AWP,WE,Combined TRACON& Tower with Radar,16,73,27,0,116,0,12,38,1,51,16,85,65,1,167,12,0,12,179
05/09/2003,PSP,CA,AWP,WE,Combined TRACON& Tower with Radar,16,64,38,0,118,0,4,105,0,109,16,68,143,0,227,12,0,12,239
05/10/2003,PSP,CA,AWP,WE,Combined TRACON& Tower with Radar,17,51,24,0,92,4,0,135,0,139,21,51,159,0,231,50,0,50,281
05/11/2003,PSP,CA,AWP,WE,Combined TRACON& Tower with Radar,17,71,20,0,108,0,3,141,0,144,17,74,161,0,252,84,0,84,336
05/12/2003,PSP,CA,AWP,WE,Combined TRACON& Tower with Radar,14,64,19,2,99,0,4,89,0,93,14,68,108,2,192,54,4,58,250
05/13/2003,PSP,CA,AWP,WE,Combined TRACON& Tower with Radar,16,63,26,0,105,0,5,50,0,55,16,68,76,0,160,14,0,14,174
05/14/2003,PSP,CA,AWP,WE,Combined TRACON& Tower with Radar,18,68,33,2,121,0,3,64,0,67,18,71,97,2,188,32,0,32,220
05/15/2003,PSP,CA,AWP,WE,Combined TRACON& Tower with Radar,23,69,22,2,116,0,2,81,0,83,23,71,103,2,199,28,0,28,227
05/16/2003,PSP,CA,AWP,WE,Combined TRACON& Tower with Radar,16,64,31,0,111,0,5,122,2,129,16,69,153,2,240,72,0,72,312
05/17/2003,PSP,CA,AWP,WE,Combined TRACON& Tower with Radar,20,53,14,0,87,0,1,90,0,91,20,54,104,0,178,54,0,54,232
05/18/2003,PSP,CA,AWP,WE,Combined TRACON& Tower with Radar,19,64,28,2,113,0,1,106,1,108,19,65,134,3,221,28,0,28,249
05/19/2003,PSP,CA,AWP,WE,Combined TRACON& Tower with Radar,16,66,22,2,106,0,4,53,0,57,16,70,75,2,163,16,0,16,179
05/20/2003,PSP,CA,AWP,WE,Combined TRACON& Tower with Radar,16,68,35,2,121,0,4,77,0,81,16,72,112,2,202,10,0,10,212
05/21/2003,PSP,CA,AWP,WE,Combined TRACON& Tower with Radar,17,64,16,2,99,0,4,65,1,70,17,68,81,3,169,10,0,10,179
05/22/2003,PSP,CA,AWP,WE,Combined TRACON& Tower with Radar,17,66,24,3,110,0,6,112,0,118,17,72,136,3,228,28,0,28,256
05/23/2003,PSP,CA,AWP,WE,Combined TRACON& Tower with Radar,17,67,32,0,116,0,0,124,0,124,17,67,156,0,240,146,0,146,386
05/24/2003,PSP,CA,AWP,WE,Combined TRACON& Tower with Radar,14,52,23,0,89,5,0,101,0,106,19,52,124,0,195,54,0,54,249
05/25/2003,PSP,CA,AWP,WE,Combined TRACON& Tower with Radar,10,14,16,0,40,7,0,69,2,78,17,14,85,2,118,32,0,32,150
05/26/2003,PSP,CA,AWP,WE,Combined TRACON& Tower with Radar,19,66,33,0,118,0,0,131,0,131,19,66,164,0,249,38,0,38,287
05/27/2003,PSP,CA,AWP,WE,Combined TRACON& Tower with Radar,16,59,26,2,103,0,2,64,0,66,16,61,90,2,169,10,4,14,183
05/28/2003,PSP,CA,AWP,WE,Combined TRACON& Tower with Radar,19,53,22,0,94,0,3,79,0,82,19,56,101,0,176,80,0,80,256
05/29/2003,PSP,CA,AWP,WE,Combined TRACON& Tower with Radar,16,55,26,0,97,0,0,88,7,95,16,55,114,7,192,24,0,24,216
05/30/2003,PSP,CA,AWP,WE,Combined TRACON& Tower with Radar,16,63,21,0,100,0,9,58,0,67,16,72,79,0,167,22,0,22,189
05/31/2003,PSP,CA,AWP,WE,Combined TRACON& Tower with Radar,13,45,20,1,79,4,17,79,0,100,17,62,99,1,179,50,0,50,229
06/01/2003,PSP,CA,AWP,WE,Combined TRACON& Tower with Radar,17,64,27,0,108,0,1,84,1,86,17,65,111,1,194,52,0,52,246
06/02/2003,PSP,CA,AWP,WE,Combined TRACON& Tower with Radar,15,55,17,0,87,0,3,53,0,56,15,58,70,0,143,8,0,8,151
06/03/2003,PSP,CA,AWP,WE,Combined TRACON& Tower with Radar,12,51,18,0,81,4,5,83,4,96,16,56,101,4,177,64,0,64,241
06/04/2003,PSP,CA,AWP,WE,Combined TRACON& Tower with Radar,14,61,21,0,96,4,5,41,1,51,18,66,62,1,147,40,0,40,187
06/05/2003,PSP,CA,AWP,WE,Combined TRACON& Tower with Radar,21,47,27,0,95,0,4,61,0,65,21,51,88,0,160,66,0,66,226
06/06/2003,PSP,CA,AWP,WE,Combined TRACON& Tower with Radar,12,54,19,0,85,2,5,64,0,71,14,59,83,0,156,40,8,48,204
06/07/2003,PSP,CA,AWP,WE,Combined TRACON& Tower with Radar,16,53,12,0,81,0,1,98,0,99,16,54,110,0,180,36,0,36,216
06/08/2003,PSP,CA,AWP,WE,Combined TRACON& Tower with Radar,14,54,23,0,91,0,2,62,0,64,14,56,85,0,155,40,0,40,195
06/09/2003,PSP,CA,AWP,WE,Combined TRACON& Tower with Radar,12,57,23,2,94,0,8,51,4,63,12,65,74,6,157,36,0,36,193
06/10/2003,PSP,CA,AWP,WE,Combined TRACON& Tower with Radar,12,59,11,0,82,0,6,75,0,81,12,65,86,0,163,50,0,50,213
06/11/2003,PSP,CA,AWP,WE,Combined TRACON& Tower with Radar,12,61,32,0,105,0,3,51,1,55,12,64,83,1,160,0,40,40,200
06/12/2003,PSP,CA,AWP,WE,Combined TRACON& Tower with Radar,12,52,19,0,83,0,5,79,3,87,12,57,98,3,170,12,0,12,182
06/13/2003,PSP,CA,AWP,WE,Combined TRACON& Tower with Radar,17,56,28,0,101,0,2,93,2,97,17,58,121,2,198,42,0,42,240
06/14/2003,PSP,CA,AWP,WE,Combined TRACON& Tower with Radar,8,52,7,0,67,0,1,110,0,111,8,53,117,0,178,92,0,92,270
06/15/2003,PSP,CA,AWP,WE,Combined TRACON& Tower with Radar,8,53,13,1,75,0,0,97,0,97,8,53,110,1,172,10,0,10,182
06/16/2003,PSP,CA,AWP,WE,Combined TRACON& Tower with Radar,8,52,23,0,83,0,2,87,0,89,8,54,110,0,172,42,0,42,214
06/17/2003,PSP,CA,AWP,WE,Combined TRACON& Tower with Radar,9,56,20,0,85,0,0,87,1,88,9,56,107,1,173,60,0,60,233
06/18/2003,PSP,CA,AWP,WE,Combined TRACON& Tower with Radar,8,54,17,0,79,0,0,56,0,56,8,54,73,0,135,20,0,20,155
06/19/2003,PSP,CA,AWP,WE,Combined TRACON& Tower with Radar,10,49,16,0,75,0,0,61,2,63,10,49,77,2,138,46,2,48,186
06/20/2003,PSP,CA,AWP,WE,Combined TRACON& Tower with Radar,13,56,19,3,91,0,6,62,1,69,13,62,81,4,160,10,4,14,174
06/21/2003,PSP,CA,AWP,WE,Combined TRACON& Tower with Radar,10,55,18,0,83,0,0,81,0,81,10,55,99,0,164,18,0,18,182
06/22/2003,PSP,CA,AWP,WE,Combined TRACON& Tower with Radar,6,62,21,0,89,0,0,105,0,105,6,62,126,0,194,14,0,14,208
06/23/2003,PSP,CA,AWP,WE,Combined TRACON& Tower with Radar,14,55,14,0,83,0,2,72,1,75,14,57,86,1,158,4,0,4,162
06/24/2003,PSP,CA,AWP,WE,Combined TRACON& Tower with Radar,9,58,16,2,85,0,2,60,0,62,9,60,76,2,147,64,0,64,211
06/25/2003,PSP,CA,AWP,WE,Combined TRACON& Tower with Radar,11,52,21,0,84,0,4,74,0,78,11,56,95,0,162,20,0,20,182
06/26/2003,PSP,CA,AWP,WE,Combined TRACON& Tower with Radar,8,48,16,0,72,0,15,76,0,91,8,63,92,0,163,40,0,40,203
06/27/2003,PSP,CA,AWP,WE,Combined TRACON& Tower with Radar,6,57,12,0,75,0,7,65,0,72,6,64,77,0,147,48,0,48,195
06/28/2003,PSP,CA,AWP,WE,Combined TRACON& Tower with Radar,9,57,13,0,79,0,0,89,0,89,9,57,102,0,168,26,0,26,194
06/29/2003,PSP,CA,AWP,WE,Combined TRACON& Tower with Radar,8,53,10,0,71,0,1,89,0,90,8,54,99,0,161,86,0,86,247
06/30/2003,PSP,CA,AWP,WE,Combined TRACON& Tower with Radar,9,42,14,0,65,9,7,54,4,74,18,49,68,4,139,36,0,36,175
07/01/2003,PSP,CA,AWP,WE,Combined TRACON& Tower with Radar,7,49,10,4,70,1,9,77,0,87,8,58,87,4,157,84,0,84,241
07/02/2003,PSP,CA,AWP,WE,Combined TRACON& Tower with Radar,6,58,20,0,84,1,8,49,0,58,7,66,69,0,142,8,0,8,150
07/03/2003,PSP,CA,AWP,WE,Combined TRACON& Tower with Radar,10,52,11,0,73,1,3,52,0,56,11,55,63,0,129,8,0,8,137
07/04/2003,PSP,CA,AWP,WE,Combined TRACON& Tower with Radar,7,51,3,0,61,1,2,65,0,68,8,53,68,0,129,6,0,6,135
07/05/2003,PSP,CA,AWP,WE,Combined TRACON& Tower with Radar,8,50,10,5,73,0,3,66,0,69,8,53,76,5,142,22,12,34,176
07/06/2003,PSP,CA,AWP,WE,Combined TRACON& Tower with Radar,8,51,15,0,74,0,4,77,0,81,8,55,92,0,155,46,0,46,201
07/07/2003,PSP,CA,AWP,WE,Combined TRACON& Tower with Radar,8,57,12,3,80,0,4,53,0,57,8,61,65,3,137,22,0,22,159
07/08/2003,PSP,CA,AWP,WE,Combined TRACON& Tower with Radar,8,49,12,1,70,1,7,55,2,65,9,56,67,3,135,38,8,46,181
07/09/2003,PSP,CA,AWP,WE,Combined TRACON& Tower with Radar,7,60,18,0,85,0,4,60,0,64,7,64,78,0,149,18,0,18,167
07/10/2003,PSP,CA,AWP,WE,Combined TRACON& Tower with Radar,8,58,8,2,76,0,5,63,0,68,8,63,71,2,144,60,0,60,204
07/11/2003,PSP,CA,AWP,WE,Combined TRACON& Tower with Radar,8,56,17,3,84,0,13,74,4,91,8,69,91,7,175,50,4,54,229
07/12/2003,PSP,CA,AWP,WE,Combined TRACON& Tower with Radar,7,49,9,2,67,0,2,88,1,91,7,51,97,3,158,64,0,64,222
07/13/2003,PSP,CA,AWP,WE,Combined TRACON& Tower with Radar,8,54,10,0,72,0,2,66,0,68,8,56,76,0,140,18,0,18,158
07/14/2003,PSP,CA,AWP,WE,Combined TRACON& Tower with Radar,6,33,8,0,47,0,13,49,0,62,6,46,57,0,109,38,0,38,147
07/15/2003,PSP,CA,AWP,WE,Combined TRACON& Tower with Radar,8,56,9,4,77,0,7,64,0,71,8,63,73,4,148,64,0,64,212
07/16/2003,PSP,CA,AWP,WE,Combined TRACON& Tower with Radar,9,58,12,0,79,0,3,50,0,53,9,61,62,0,132,22,0,22,154
07/17/2003,PSP,CA,AWP,WE,Combined TRACON& Tower with Radar,7,43,11,0,61,0,6,43,1,50,7,49,54,1,111,96,0,96,207
07/18/2003,PSP,CA,AWP,WE,Combined TRACON& Tower with Radar,6,57,16,5,84,0,2,56,5,63,6,59,72,10,147,22,0,22,169
07/19/2003,PSP,CA,AWP,WE,Combined TRACON& Tower with Radar,7,54,5,0,66,0,3,60,1,64,7,57,65,1,130,64,0,64,194
07/20/2003,PSP,CA,AWP,WE,Combined TRACON& Tower with Radar,8,52,12,0,72,0,1,55,0,56,8,53,67,0,128,70,0,70,198
07/21/2003,PSP,CA,AWP,WE,Combined TRACON& Tower with Radar,8,55,12,1,76,0,3,61,0,64,8,58,73,1,140,50,0,50,190
07/22/2003,PSP,CA,AWP,WE,Combined TRACON& Tower with Radar,7,56,24,1,88,0,0,78,0,78,7,56,102,1,166,60,0,60,226
07/23/2003,PSP,CA,AWP,WE,Combined TRACON& Tower with Radar,6,49,28,0,83,0,6,67,0,73,6,55,95,0,156,96,0,96,252
07/24/2003,PSP,CA,AWP,WE,Combined TRACON& Tower with Radar,10,54,11,2,77,0,8,78,0,86,10,62,89,2,163,38,0,38,201
07/25/2003,PSP,CA,AWP,WE,Combined TRACON& Tower with Radar,10,54,15,0,79,0,3,79,2,84,10,57,94,2,163,52,0,52,215
07/26/2003,PSP,CA,AWP,WE,Combined TRACON& Tower with Radar,7,49,13,0,69,0,2,58,0,60,7,51,71,0,129,44,0,44,173
07/27/2003,PSP,CA,AWP,WE,Combined TRACON& Tower with Radar,8,50,9,0,67,0,1,70,0,71,8,51,79,0,138,36,0,36,174
07/28/2003,PSP,CA,AWP,WE,Combined TRACON& Tower with Radar,6,52,10,4,72,0,4,61,0,65,6,56,71,4,137,44,2,46,183
07/29/2003,PSP,CA,AWP,WE,Combined TRACON& Tower with Radar,7,45,10,0,62,5,3,68,0,76,12,48,78,0,138,24,0,24,162
07/30/2003,PSP,CA,AWP,WE,Combined TRACON& Tower with Radar,8,49,11,1,69,0,8,44,0,52,8,57,55,1,121,36,0,36,157
07/31/2003,PSP,CA,AWP,WE,Combined TRACON& Tower with Radar,8,49,11,1,69,0,9,76,3,88,8,58,87,4,157,84,0,84,241
08/01/2003,PSP,CA,AWP,WE,Combined TRACON& Tower with Radar,7,54,15,0,76,1,1,49,0,51,8,55,64,0,127,32,0,32,159
08/02/2003,PSP,CA,AWP,WE,Combined TRACON& Tower with Radar,7,49,9,0,65,2,6,82,4,94,9,55,91,4,159,96,8,104,263
08/03/2003,PSP,CA,AWP,WE,Combined TRACON& Tower with Radar,8,52,8,0,68,0,5,65,0,70,8,57,73,0,138,128,0,128,266
08/04/2003,PSP,CA,AWP,WE,Combined TRACON& Tower with Radar,7,55,8,0,70,0,0,70,1,71,7,55,78,1,141,46,0,46,187
08/05/2003,PSP,CA,AWP,WE,Combined TRACON& Tower with Radar,9,51,7,0,67,0,4,73,0,77,9,55,80,0,144,20,0,20,164
08/06/2003,PSP,CA,AWP,WE,Combined TRACON& Tower with Radar,8,52,3,0,63,0,9,69,0,78,8,61,72,0,141,70,0,70,211
08/07/2003,PSP,CA,AWP,WE,Combined TRACON& Tower with Radar,8,57,7,0,72,0,5,77,0,82,8,62,84,0,154,36,0,36,190
08/08/2003,PSP,CA,AWP,WE,Combined TRACON& Tower with Radar,10,58,2,0,70,0,9,84,0,93,10,67,86,0,163,62,0,62,225
08/09/2003,PSP,CA,AWP,WE,Combined TRACON& Tower with Radar,8,48,7,0,63,0,5,61,0,66,8,53,68,0,129,104,0,104,233
08/10/2003,PSP,CA,AWP,WE,Combined TRACON& Tower with Radar,6,50,8,0,64,0,0,39,0,39,6,50,47,0,103,20,0,20,123
08/11/2003,PSP,CA,AWP,WE,Combined TRACON& Tower with Radar,8,52,9,0,69,1,12,46,4,63,9,64,55,4,132,36,0,36,168
08/12/2003,PSP,CA,AWP,WE,Combined TRACON& Tower with Radar,10,55,7,0,72,0,4,60,0,64,10,59,67,0,136,50,0,50,186
08/13/2003,PSP,CA,AWP,WE,Combined TRACON& Tower with Radar,8,60,5,0,73,0,6,43,0,49,8,66,48,0,122,50,0,50,172
08/14/2003,PSP,CA,AWP,WE,Combined TRACON& Tower with Radar,9,54,9,0,72,0,5,50,0,55,9,59,59,0,127,14,0,14,141
08/15/2003,PSP,CA,AWP,WE,Combined TRACON& Tower with Radar,8,58,16,0,82,0,2,39,0,41,8,60,55,0,123,20,0,20,143
08/16/2003,PSP,CA,AWP,WE,Combined TRACON& Tower with Radar,8,57,9,0,74,0,1,56,0,57,8,58,65,0,131,2,0,2,133
08/17/2003,PSP,CA,AWP,WE,Combined TRACON& Tower with Radar,7,48,10,0,65,0,0,52,0,52,7,48,62,0,117,28,0,28,145
08/18/2003,PSP,CA,AWP,WE,Combined TRACON& Tower with Radar,9,59,11,0,79,0,0,44,1,45,9,59,55,1,124,20,0,20,144
08/19/2003,PSP,CA,AWP,WE,Combined TRACON& Tower with Radar,10,58,10,1,79,0,0,44,0,44,10,58,54,1,123,40,0,40,163
08/20/2003,PSP,CA,AWP,WE,Combined TRACON& Tower with Radar,9,53,14,0,76,0,0,36,0,36,9,53,50,0,112,20,0,20,132
08/21/2003,PSP,CA,AWP,WE,Combined TRACON& Tower with Radar,7,56,17,0,80,0,4,44,0,48,7,60,61,0,128,26,0,26,154
08/22/2003,PSP,CA,AWP,WE,Combined TRACON& Tower with Radar,8,55,10,0,73,0,1,51,0,52,8,56,61,0,125,46,0,46,171
08/23/2003,PSP,CA,AWP,WE,Combined TRACON& Tower with Radar,8,52,9,0,69,0,3,49,1,53,8,55,58,1,122,26,0,26,148
08/24/2003,PSP,CA,AWP,WE,Combined TRACON& Tower with Radar,8,56,13,2,79,0,3,56,0,59,8,59,69,2,138,70,0,70,208
08/25/2003,PSP,CA,AWP,WE,Combined TRACON& Tower with Radar,8,57,4,0,69,0,0,43,0,43,8,57,47,0,112,44,0,44,156
08/26/2003,PSP,CA,AWP,WE,Combined TRACON& Tower with Radar,10,57,11,0,78,0,7,36,0,43,10,64,47,0,121,70,0,70,191
08/27/2003,PSP,CA,AWP,WE,Combined TRACON& Tower with Radar,9,53,6,0,68,0,6,38,0,44,9,59,44,0,112,52,0,52,164
08/28/2003,PSP,CA,AWP,WE,Combined TRACON& Tower with Radar,11,59,17,0,87,0,2,49,0,51,11,61,66,0,138,0,0,0,138
08/29/2003,PSP,CA,AWP,WE,Combined TRACON& Tower with Radar,7,54,12,1,74,0,4,62,8,74,7,58,74,9,148,20,0,20,168
08/30/2003,PSP,CA,AWP,WE,Combined TRACON& Tower with Radar,8,46,8,0,62,0,1,67,0,68,8,47,75,0,130,70,0,70,200
08/31/2003,PSP,CA,AWP,WE,Combined TRACON& Tower with Radar,8,45,8,0,61,0,1,65,0,66,8,46,73,0,127,34,0,34,161
09/01/2003,PSP,CA,AWP,WE,Combined TRACON& Tower with Radar,9,48,24,0,81,2,5,52,6,65,11,53,76,6,146,18,0,18,164
09/02/2003,PSP,CA,AWP,WE,Combined TRACON& Tower with Radar,7,58,19,0,84,1,7,51,0,59,8,65,70,0,143,50,0,50,193
09/03/2003,PSP,CA,AWP,WE,Combined TRACON& Tower with Radar,9,51,17,0,77,1,5,56,0,62,10,56,73,0,139,36,0,36,175
09/04/2003,PSP,CA,AWP,WE,Combined TRACON& Tower with Radar,10,54,11,0,75,1,9,42,1,53,11,63,53,1,128,0,0,0,128
09/05/2003,PSP,CA,AWP,WE,Combined TRACON& Tower with Radar,10,54,17,0,81,1,5,60,0,66,11,59,77,0,147,58,0,58,205
09/06/2003,PSP,CA,AWP,WE,Combined TRACON& Tower with Radar,9,45,13,0,67,1,5,63,0,69,10,50,76,0,136,14,0,14,150
09/07/2003,PSP,CA,AWP,WE,Combined TRACON& Tower with Radar,8,45,23,0,76,2,11,34,0,47,10,56,57,0,123,6,0,6,129
09/08/2003,PSP,CA,AWP,WE,Combined TRACON& Tower with Radar,9,53,17,0,79,1,2,2,43,48,10,55,19,43,127,98,0,98,225
09/09/2003,PSP,CA,AWP,WE,Combined TRACON& Tower with Radar,9,58,10,0,77,1,4,36,0,41,10,62,46,0,118,20,0,20,138
09/10/2003,PSP,CA,AWP,WE,Combined TRACON& Tower with Radar,9,50,14,0,73,1,10,64,0,75,10,60,78,0,148,48,0,48,196
09/11/2003,PSP,CA,AWP,WE,Combined TRACON& Tower with Radar,8,51,25,0,84,0,12,61,2,75,8,63,86,2,159,40,0,40,199
09/12/2003,PSP,CA,AWP,WE,Combined TRACON& Tower with Radar,9,56,21,0,86,1,5,79,0,85,10,61,100,0,171,54,0,54,225
09/13/2003,PSP,CA,AWP,WE,Combined TRACON& Tower with Radar,7,39,21,0,67,3,12,166,0,181,10,51,187,0,248,26,0,26,274
09/14/2003,PSP,CA,AWP,WE,Combined TRACON& Tower with Radar,9,51,25,0,85,1,7,82,0,90,10,58,107,0,175,22,0,22,197
09/15/2003,PSP,CA,AWP,WE,Combined TRACON& Tower with Radar,8,49,18,1,76,1,5,57,1,64,9,54,75,2,140,16,0,16,156
09/16/2003,PSP,CA,AWP,WE,Combined TRACON& Tower with Radar,9,56,26,5,96,1,4,59,0,64,10,60,85,5,160,40,0,40,200
09/17/2003,PSP,CA,AWP,WE,Combined TRACON& Tower with Radar,11,54,30,0,95,1,2,56,0,59,12,56,86,0,154,28,0,28,182
09/18/2003,PSP,CA,AWP,WE,Combined TRACON& Tower with Radar,11,62,28,1,102,0,1,64,3,68,11,63,92,4,170,66,14,80,250
09/19/2003,PSP,CA,AWP,WE,Combined TRACON& Tower with Radar,10,62,28,1,101,0,4,70,0,74,10,66,98,1,175,50,0,50,225
09/20/2003,PSP,CA,AWP,WE,Combined TRACON& Tower with Radar,10,52,19,1,82,1,1,86,1,89,11,53,105,2,171,94,0,94,265
09/21/2003,PSP,CA,AWP,WE,Combined TRACON& Tower with Radar,10,56,26,0,92,0,7,77,0,84,10,63,103,0,176,96,0,96,272
09/22/2003,PSP,CA,AWP,WE,Combined TRACON& Tower with Radar,11,54,21,0,86,0,4,64,0,68,11,58,85,0,154,40,0,40,194
09/23/2003,PSP,CA,AWP,WE,Combined TRACON& Tower with Radar,10,63,66,0,139,0,0,224,0,224,10,63,290,0,363,48,0,48,411
09/24/2003,PSP,CA,AWP,WE,Combined TRACON& Tower with Radar,10,53,18,0,81,0,4,33,0,37,10,57,51,0,118,36,0,36,154
09/25/2003,PSP,CA,AWP,WE,Combined TRACON& Tower with Radar,11,50,25,0,86,0,8,73,0,81,11,58,98,0,167,36,0,36,203
09/26/2003,PSP,CA,AWP,WE,Combined TRACON& Tower with Radar,10,59,21,0,90,0,6,67,0,73,10,65,88,0,163,38,0,38,201
09/27/2003,PSP,CA,AWP,WE,Combined TRACON& Tower with Radar,12,49,21,0,82,0,2,99,0,101,12,51,120,0,183,60,0,60,243
09/28/2003,PSP,CA,AWP,WE,Combined TRACON& Tower with Radar,10,47,23,0,80,0,7,115,0,122,10,54,138,0,202,42,0,42,244
09/29/2003,PSP,CA,AWP,WE,Combined TRACON& Tower with Radar,9,43,21,0,73,1,13,60,0,74,10,56,81,0,147,38,0,38,185
09/30/2003,PSP,CA,AWP,WE,Combined TRACON& Tower with Radar,11,55,18,1,85,0,7,61,1,69,11,62,79,2,154,10,0,10,164
10/01/2003,PSP,CA,AWP,WE,Combined TRACON& Tower with Radar,14,58,23,2,97,0,24,90,7,121,14,82,113,9,218,60,10,70,288
10/02/2003,PSP,CA,AWP,WE,Combined TRACON& Tower with Radar,14,54,21,1,90,0,9,81,17,107,14,63,102,18,197,14,10,24,221
10/03/2003,PSP,CA,AWP,WE,Combined TRACON& Tower with Radar,14,57,22,2,95,0,15,68,0,83,14,72,90,2,178,50,0,50,228
10/04/2003,PSP,CA,AWP,WE,Combined TRACON& Tower with Radar,11,42,16,1,70,3,10,97,1,111,14,52,113,2,181,12,0,12,193
10/05/2003,PSP,CA,AWP,WE,Combined TRACON& Tower with Radar,13,57,22,0,92,0,7,93,0,100,13,64,115,0,192,30,0,30,222
10/06/2003,PSP,CA,AWP,WE,Combined TRACON& Tower with Radar,13,49,18,1,81,2,13,58,3,76,15,62,76,4,157,56,10,66,223
10/07/2003,PSP,CA,AWP,WE,Combined TRACON& Tower with Radar,14,56,21,0,91,0,7,54,0,61,14,63,75,0,152,50,0,50,202
10/08/2003,PSP,CA,AWP,WE,Combined TRACON& Tower with Radar,15,55,21,0,91,0,9,85,0,94,15,64,106,0,185,42,0,42,227
10/09/2003,PSP,CA,AWP,WE,Combined TRACON& Tower with Radar,17,64,25,2,108,0,6,80,1,87,17,70,105,3,195,46,0,46,241
10/10/2003,PSP,CA,AWP,WE,Combined TRACON& Tower with Radar,18,57,25,2,102,0,0,82,2,84,18,57,107,4,186,18,4,22,208
10/11/2003,PSP,CA,AWP,WE,Combined TRACON& Tower with Radar,13,54,21,0,88,0,7,108,2,117,13,61,129,2,205,28,2,30,235
10/12/2003,PSP,CA,AWP,WE,Combined TRACON& Tower with Radar,14,57,24,0,95,0,0,132,0,132,14,57,156,0,227,32,0,32,259
10/13/2003,PSP,CA,AWP,WE,Combined TRACON& Tower with Radar,13,58,22,0,93,0,10,68,0,78,13,68,90,0,171,16,0,16,187
10/14/2003,PSP,CA,AWP,WE,Combined TRACON& Tower with Radar,14,54,21,0,89,0,8,83,2,93,14,62,104,2,182,10,0,10,192
10/15/2003,PSP,CA,AWP,WE,Combined TRACON& Tower with Radar,16,65,25,0,106,0,4,53,0,57,16,69,78,0,163,0,0,0,163
10/16/2003,PSP,CA,AWP,WE,Combined TRACON& Tower with Radar,14,63,28,1,106,0,0,69,1,70,14,63,97,2,176,32,0,32,208
10/17/2003,PSP,CA,AWP,WE,Combined TRACON& Tower with Radar,14,59,23,1,97,0,4,90,1,95,14,63,113,2,192,40,0,40,232
10/18/2003,PSP,CA,AWP,WE,Combined TRACON& Tower with Radar,14,47,19,0,80,0,16,118,0,134,14,63,137,0,214,26,0,26,240
10/19/2003,PSP,CA,AWP,WE,Combined TRACON& Tower with Radar,19,66,27,0,112,0,14,84,0,98,19,80,111,0,210,34,0,34,244
10/20/2003,PSP,CA,AWP,WE,Combined TRACON& Tower with Radar,14,62,25,0,101,0,11,76,0,87,14,73,101,0,188,14,0,14,202
10/21/2003,PSP,CA,AWP,WE,Combined TRACON& Tower with Radar,14,62,25,0,101,0,12,69,0,81,14,74,94,0,182,20,0,20,202
10/22/2003,PSP,CA,AWP,WE,Combined TRACON& Tower with Radar,18,69,28,0,115,0,16,80,0,96,18,85,108,0,211,52,0,52,263
10/23/2003,PSP,CA,AWP,WE,Combined TRACON& Tower with Radar,19,63,26,1,109,0,2,80,0,82,19,65,106,1,191,24,0,24,215
10/24/2003,PSP,CA,AWP,WE,Combined TRACON& Tower with Radar,20,75,30,1,126,0,6,100,0,106,20,81,130,1,232,40,0,40,272
10/25/2003,PSP,CA,AWP,WE,Combined TRACON& Tower with Radar,17,57,23,0,97,1,12,62,0,75,18,69,85,0,172,32,0,32,204
10/26/2003,PSP,CA,AWP,WE,Combined TRACON& Tower with Radar,23,64,31,1,119,19,0,97,1,117,42,64,128,2,236,16,0,16,252
10/27/2003,PSP,CA,AWP,WE,Combined TRACON& Tower with Radar,21,49,29,1,100,7,0,75,5,87,28,49,104,6,187,8,0,8,195
10/28/2003,PSP,CA,AWP,WE,Combined TRACON& Tower with Radar,19,57,26,1,103,9,0,57,6,72,28,57,83,7,175,20,0,20,195
10/29/2003,PSP,CA,AWP,WE,Combined TRACON& Tower with Radar,22,65,29,1,117,3,0,36,0,39,25,65,65,1,156,12,0,12,168
10/30/2003,PSP,CA,AWP,WE,Combined TRACON& Tower with Radar,23,64,31,1,119,1,0,21,0,22,24,64,52,1,141,0,0,0,141
10/31/2003,PSP,CA,AWP,WE,Combined TRACON& Tower with Radar,22,69,30,1,122,7,0,60,4,71,29,69,90,5,193,6,6,12,205
11/01/2003,PSP,CA,AWP,WE,Combined TRACON& Tower with Radar,26,59,35,1,121,3,5,82,1,91,29,64,117,2,212,100,2,102,314
11/02/2003,PSP,CA,AWP,WE,Combined TRACON& Tower with Radar,29,66,39,2,136,2,2,107,0,111,31,68,146,2,247,34,0,34,281
11/03/2003,PSP,CA,AWP,WE,Combined TRACON& Tower with Radar,28,65,38,2,133,0,0,44,2,46,28,65,82,4,179,24,0,24,203
11/04/2003,PSP,CA,AWP,WE,Combined TRACON& Tower with Radar,28,59,37,2,126,4,0,69,7,80,32,59,106,9,206,10,14,24,230
11/05/2003,PSP,CA,AWP,WE,Combined TRACON& Tower with Radar,29,67,38,2,136,0,3,74,3,80,29,70,112,5,216,20,0,20,236
11/06/2003,PSP,CA,AWP,WE,Combined TRACON& Tower with Radar,29,78,44,0,151,0,6,78,0,84,29,84,122,0,235,60,0,60,295
11/07/2003,PSP,CA,AWP,WE,Combined TRACON& Tower with Radar,30,64,39,0,133,0,0,114,0,114,30,64,153,0,247,78,0,78,325
11/08/2003,PSP,CA,AWP,WE,Combined TRACON& Tower with Radar,25,60,33,0,118,8,7,145,0,160,33,67,178,0,278,92,0,92,370
11/09/2003,PSP,CA,AWP,WE,Combined TRACON& Tower with Radar,32,67,44,0,143,0,0,92,0,92,32,67,136,0,235,78,0,78,313
11/10/2003,PSP,CA,AWP,WE,Combined TRACON& Tower with Radar,27,62,35,1,125,6,7,92,1,106,33,69,127,2,231,88,0,88,319
11/11/2003,PSP,CA,AWP,WE,Combined TRACON& Tower with Radar,30,69,39,1,139,2,6,69,0,77,32,75,108,1,216,50,0,50,266
11/12/2003,PSP,CA,AWP,WE,Combined TRACON& Tower with Radar,30,66,39,1,136,3,0,11,0,14,33,66,50,1,150,6,0,6,156
11/13/2003,PSP,CA,AWP,WE,Combined TRACON& Tower with Radar,28,74,41,0,143,0,2,100,0,102,28,76,141,0,245,56,0,56,301
11/14/2003,PSP,CA,AWP,WE,Combined TRACON& Tower with Radar,28,73,41,1,143,0,5,86,0,91,28,78,127,1,234,66,0,66,300
11/15/2003,PSP,CA,AWP,WE,Combined TRACON& Tower with Radar,29,67,38,0,134,1,3,107,0,111,30,70,145,0,245,114,0,114,359
11/16/2003,PSP,CA,AWP,WE,Combined TRACON& Tower with Radar,35,81,46,1,163,0,0,72,1,73,35,81,118,2,236,76,0,76,312
11/17/2003,PSP,CA,AWP,WE,Combined TRACON& Tower with Radar,30,69,41,1,141,3,0,90,1,94,33,69,131,2,235,42,0,42,277
11/18/2003,PSP,CA,AWP,WE,Combined TRACON& Tower with Radar,29,67,39,1,136,0,6,85,1,92,29,73,124,2,228,50,0,50,278
11/19/2003,PSP,CA,AWP,WE,Combined TRACON& Tower with Radar,25,56,33,0,114,4,6,110,2,122,29,62,143,2,236,66,0,66,302
11/20/2003,PSP,CA,AWP,WE,Combined TRACON& Tower with Radar,30,71,41,1,143,0,14,90,0,104,30,85,131,1,247,12,0,12,259
11/21/2003,PSP,CA,AWP,WE,Combined TRACON& Tower with Radar,32,82,50,1,165,0,0,124,1,125,32,82,174,2,290,84,0,84,374
11/22/2003,PSP,CA,AWP,WE,Combined TRACON& Tower with Radar,29,64,37,0,130,1,13,73,1,88,30,77,110,1,218,54,0,54,272
11/23/2003,PSP,CA,AWP,WE,Combined TRACON& Tower with Radar,36,80,47,1,164,0,0,105,1,106,36,80,152,2,270,54,0,54,324
11/24/2003,PSP,CA,AWP,WE,Combined TRACON& Tower with Radar,32,70,41,1,144,4,5,62,0,71,36,75,103,1,215,76,0,76,291
11/25/2003,PSP,CA,AWP,WE,Combined TRACON& Tower with Radar,34,80,49,0,163,0,0,77,0,77,34,80,126,0,240,40,0,40,280
11/26/2003,PSP,CA,AWP,WE,Combined TRACON& Tower with Radar,28,83,51,0,162,0,0,123,0,123,28,83,174,0,285,50,0,50,335
11/27/2003,PSP,CA,AWP,WE,Combined TRACON& Tower with Radar,17,37,22,0,76,9,14,46,0,69,26,51,68,0,145,46,0,46,191
11/28/2003,PSP,CA,AWP,WE,Combined TRACON& Tower with Radar,27,59,35,0,121,5,18,93,0,116,32,77,128,0,237,106,0,106,343
11/29/2003,PSP,CA,AWP,WE,Combined TRACON& Tower with Radar,31,70,41,0,142,3,7,142,0,152,34,77,183,0,294,116,0,116,410
11/30/2003,PSP,CA,AWP,WE,Combined TRACON& Tower with Radar,33,95,68,0,196,0,0,165,0,165,33,95,233,0,361,66,0,66,427
12/01/2003,PSP,CA,AWP,WE,Combined TRACON& Tower with Radar,29,74,35,1,139,0,4,73,1,78,29,78,108,2,217,68,0,68,285
12/02/2003,PSP,CA,AWP,WE,Combined TRACON& Tower with Radar,29,64,30,0,123,2,20,82,0,104,31,84,112,0,227,50,0,50,277
12/03/2003,PSP,CA,AWP,WE,Combined TRACON& Tower with Radar,27,59,27,1,114,1,20,107,1,129,28,79,134,2,243,90,0,90,333
12/04/2003,PSP,CA,AWP,WE,Combined TRACON& Tower with Radar,33,71,33,1,138,0,8,75,3,86,33,79,108,4,224,36,2,38,262
12/05/2003,PSP,CA,AWP,WE,Combined TRACON& Tower with Radar,32,70,32,0,134,1,9,76,0,86,33,79,108,0,220,36,2,38,258
12/06/2003,PSP,CA,AWP,WE,Combined TRACON& Tower with Radar,27,59,27,1,114,5,0,136,0,141,32,59,163,1,255,50,0,50,305
12/07/2003,PSP,CA,AWP,WE,Combined TRACON& Tower with Radar,34,71,37,1,143,0,0,69,1,70,34,71,106,2,213,76,0,76,289
12/08/2003,PSP,CA,AWP,WE,Combined TRACON& Tower with Radar,28,61,28,1,118,0,14,56,2,72,28,75,84,3,190,12,0,12,202
12/09/2003,PSP,CA,AWP,WE,Combined TRACON& Tower with Radar,27,59,27,1,114,1,13,79,3,96,28,72,106,4,210,100,0,100,310
12/10/2003,PSP,CA,AWP,WE,Combined TRACON& Tower with Radar,30,65,31,1,127,0,0,54,2,56,30,65,85,3,183,82,4,86,269
12/11/2003,PSP,CA,AWP,WE,Combined TRACON& Tower with Radar,28,65,36,1,130,0,0,49,3,52,28,65,85,4,182,16,0,16,198
12/12/2003,PSP,CA,AWP,WE,Combined TRACON& Tower with Radar,29,66,31,0,126,0,0,82,0,82,29,66,113,0,208,40,0,40,248
12/13/2003,PSP,CA,AWP,WE,Combined TRACON& Tower with Radar,25,55,26,0,106,8,0,130,0,138,33,55,156,0,244,40,0,40,284
12/14/2003,PSP,CA,AWP,WE,Combined TRACON& Tower with Radar,32,77,37,1,147,0,1,63,0,64,32,78,100,1,211,2,0,2,213
12/15/2003,PSP,CA,AWP,WE,Combined TRACON& Tower with Radar,26,58,28,1,113,5,7,80,0,92,31,65,108,1,205,18,0,18,223
12/16/2003,PSP,CA,AWP,WE,Combined TRACON& Tower with Radar,27,57,28,0,112,5,6,67,0,78,32,63,95,0,190,56,0,56,246
12/17/2003,PSP,CA,AWP,WE,Combined TRACON& Tower with Radar,31,65,32,0,128,2,2,130,0,134,33,67,162,0,262,166,0,166,428
12/18/2003,PSP,CA,AWP,WE,Combined TRACON& Tower with Radar,26,54,26,0,106,8,11,65,0,84,34,65,91,0,190,38,0,38,228
12/19/2003,PSP,CA,AWP,WE,Combined TRACON& Tower with Radar,30,67,33,0,130,0,5,106,0,111,30,72,139,0,241,74,0,74,315
12/20/2003,PSP,CA,AWP,WE,Combined TRACON& Tower with Radar,35,67,35,0,137,3,0,106,0,109,38,67,141,0,246,98,0,98,344
12/21/2003,PSP,CA,AWP,WE,Combined TRACON& Tower with Radar,33,63,34,0,130,5,0,71,0,76,38,63,105,0,206,24,0,24,230
12/22/2003,PSP,CA,AWP,WE,Combined TRACON& Tower with Radar,31,64,31,0,126,0,10,866,2,878,31,74,897,2,1004,48,0,48,1052
12/23/2003,PSP,CA,AWP,WE,Combined TRACON& Tower with Radar,30,70,34,0,134,0,8,69,2,79,30,78,103,2,213,50,0,50,263
12/24/2003,PSP,CA,AWP,WE,Combined TRACON& Tower with Radar,22,46,23,0,91,8,2,40,0,50,30,48,63,0,141,10,0,10,151
12/25/2003,PSP,CA,AWP,WE,Combined TRACON& Tower with Radar,20,42,20,0,82,18,22,2,0,42,38,64,22,0,124,0,0,0,124
12/26/2003,PSP,CA,AWP,WE,Combined TRACON& Tower with Radar,34,77,46,0,157,0,0,67,0,67,34,77,113,0,224,42,0,42,266
12/27/2003,PSP,CA,AWP,WE,Combined TRACON& Tower with Radar,38,87,66,0,191,0,0,128,0,128,38,87,194,0,319,70,0,70,389
12/28/2003,PSP,CA,AWP,WE,Combined TRACON& Tower with Radar,36,76,37,0,149,1,4,109,0,114,37,80,146,0,263,36,0,36,299
12/29/2003,PSP,CA,AWP,WE,Combined TRACON& Tower with Radar,32,71,33,0,136,0,2,88,1,91,32,73,121,1,227,64,0,64,291
12/30/2003,PSP,CA,AWP,WE,Combined TRACON& Tower with Radar,34,75,36,0,145,0,0,56,2,58,34,75,92,2,203,100,0,100,303
12/31/2003,PSP,CA,AWP,WE,Combined TRACON& Tower with Radar,31,65,30,0,126,0,9,77,2,88,31,74,107,2,214,48,0,48,262
01/01/2004,PSP,CA,AWP,WE,Combined TRACON& Tower with Radar,33,72,44,0,149,13,0,78,0,91,46,72,122,0,240,22,0,22,262
01/02/2004,PSP,CA,AWP,WE,Combined TRACON& Tower with Radar,31,82,49,0,162,0,7,44,0,51,31,89,93,0,213,54,0,54,267
01/03/2004,PSP,CA,AWP,WE,Combined TRACON& Tower with Radar,33,72,44,0,149,13,0,78,0,91,46,72,122,0,240,22,0,22,262
01/04/2004,PSP,CA,AWP,WE,Combined TRACON& Tower with Radar,34,83,52,1,170,0,0,127,1,128,34,83,179,2,298,108,4,112,410
01/05/2004,PSP,CA,AWP,WE,Combined TRACON& Tower with Radar,31,73,43,1,148,0,12,89,0,101,31,85,132,1,249,44,0,44,293
01/06/2004,PSP,CA,AWP,WE,Combined TRACON& Tower with Radar,31,82,49,0,162,0,7,44,0,51,31,89,93,0,213,54,0,54,267
01/07/2004,PSP,CA,AWP,WE,Combined TRACON& Tower with Radar,26,58,34,1,119,4,15,41,1,61,30,73,75,2,180,50,0,50,230
01/08/2004,PSP,CA,AWP,WE,Combined TRACON& Tower with Radar,29,78,47,1,155,0,0,106,1,107,29,78,153,2,262,20,0,20,282
01/09/2004,PSP,CA,AWP,WE,Combined TRACON& Tower with Radar,30,75,44,1,150,0,7,100,2,109,30,82,144,3,259,76,0,76,335
01/10/2004,PSP,CA,AWP,WE,Combined TRACON& Tower with Radar,29,66,39,0,134,8,19,131,0,158,37,85,170,0,292,38,0,38,330
01/11/2004,PSP,CA,AWP,WE,Combined TRACON& Tower with Radar,34,80,47,0,161,0,5,142,0,147,34,85,189,0,308,58,0,58,366
01/12/2004,PSP,CA,AWP,WE,Combined TRACON& Tower with Radar,23,11,30,0,64,10,0,98,0,108,33,11,128,0,172,28,0,28,200
01/13/2004,PSP,CA,AWP,WE,Combined TRACON& Tower with Radar,29,65,38,1,133,8,7,77,6,98,37,72,115,7,231,40,10,50,281
01/14/2004,PSP,CA,AWP,WE,Combined TRACON& Tower with Radar,32,77,46,1,156,0,13,86,0,99,32,90,132,1,255,26,0,26,281
01/15/2004,PSP,CA,AWP,WE,Combined TRACON& Tower with Radar,30,68,40,1,139,2,8,97,1,108,32,76,137,2,247,84,2,86,333
01/16/2004,PSP,CA,AWP,WE,Combined TRACON& Tower with Radar,35,101,61,1,198,0,1,115,1,117,35,102,176,2,315,66,0,66,381
01/17/2004,PSP,CA,AWP,WE,Combined TRACON& Tower with Radar,31,66,40,1,138,4,3,170,1,178,35,69,210,2,316,56,0,56,372
01/18/2004,PSP,CA,AWP,WE,Combined TRACON& Tower with Radar,36,75,51,0,162,0,0,148,0,148,36,75,199,0,310,58,0,58,368
01/19/2004,PSP,CA,AWP,WE,Combined TRACON& Tower with Radar,25,53,33,1,112,4,9,110,1,124,29,62,143,2,236,66,0,66,302
01/20/2004,PSP,CA,AWP,WE,Combined TRACON& Tower with Radar,34,78,52,1,165,0,0,68,0,68,34,78,120,1,233,50,0,50,283
01/21/2004,PSP,CA,AWP,WE,Combined TRACON& Tower with Radar,32,75,46,0,153,0,14,61,0,75,32,89,107,0,228,40,0,40,268
01/22/2004,PSP,CA,AWP,WE,Combined TRACON& Tower with Radar,32,76,47,1,156,0,15,58,0,73,32,91,105,1,229,34,4,38,267
01/23/2004,PSP,CA,AWP,WE,Combined TRACON& Tower with Radar,34,75,49,1,159,0,0,116,5,121,34,75,165,6,280,88,16,104,384
01/24/2004,PSP,CA,AWP,WE,Combined TRACON& Tower with Radar,32,64,42,0,138,6,0,85,9,100,38,64,127,9,238,82,8,90,328
01/25/2004,PSP,CA,AWP,WE,Combined TRACON& Tower with Radar,44,78,59,0,181,3,0,82,0,85,47,78,141,0,266,42,0,42,308
01/26/2004,PSP,CA,AWP,WE,Combined TRACON& Tower with Radar,32,73,45,0,150,0,5,71,1,77,32,78,116,1,227,82,0,82,309
01/27/2004,PSP,CA,AWP,WE,Combined TRACON& Tower with Radar,32,70,45,0,147,0,0,78,2,80,32,70,123,2,227,60,0,60,287
01/28/2004,PSP,CA,AWP,WE,Combined TRACON& Tower with Radar,33,77,47,0,157,0,1,56,6,63,33,78,103,6,220,18,0,18,238
01/29/2004,PSP,CA,AWP,WE,Combined TRACON& Tower with Radar,29,77,47,0,153,0,10,91,0,101,29,87,138,0,254,50,0,50,304
01/30/2004,PSP,CA,AWP,WE,Combined TRACON& Tower with Radar,32,82,50,0,164,0,10,114,0,124,32,92,164,0,288,70,0,70,358
01/31/2004,PSP,CA,AWP,WE,Combined TRACON& Tower with Radar,33,71,44,0,148,6,8,105,0,119,39,79,149,0,267,66,0,66,333
02/01/2004,PSP,CA,AWP,WE,Combined TRACON& Tower with Radar,37,88,55,2,182,0,11,102,0,113,37,99,157,2,295,94,0,94,389
02/02/2004,PSP,CA,AWP,WE,Combined TRACON& Tower with Radar,32,72,45,2,151,8,4,59,1,72,40,76,104,3,223,86,0,86,309
02/03/2004,PSP,CA,AWP,WE,Combined TRACON& Tower with Radar,32,71,45,2,150,5,16,41,1,63,37,87,86,3,213,50,0,50,263
02/04/2004,PSP,CA,AWP,WE,Combined TRACON& Tower with Radar,34,77,48,2,161,0,4,82,0,86,34,81,130,2,247,50,0,50,297
02/05/2004,PSP,CA,AWP,WE,Combined TRACON& Tower with Radar,32,84,53,2,171,0,12,103,6,121,32,96,156,8,292,20,0,20,312
02/06/2004,PSP,CA,AWP,WE,Combined TRACON& Tower with Radar,35,78,49,0,162,2,15,126,0,143,37,93,175,0,305,54,0,54,359
02/07/2004,PSP,CA,AWP,WE,Combined TRACON& Tower with Radar,28,64,40,1,133,8,8,149,0,165,36,72,189,1,298,90,0,90,388
02/08/2004,PSP,CA,AWP,WE,Combined TRACON& Tower with Radar,35,88,61,0,184,0,0,113,0,113,35,88,174,0,297,50,0,50,347
02/09/2004,PSP,CA,AWP,WE,Combined TRACON& Tower with Radar,31,68,43,0,142,4,23,71,0,98,35,91,114,0,240,50,0,50,290
02/10/2004,PSP,CA,AWP,WE,Combined TRACON& Tower with Radar,32,72,45,2,151,1,7,77,2,87,33,79,122,4,238,90,10,100,338
02/11/2004,PSP,CA,AWP,WE,Combined TRACON& Tower with Radar,35,78,49,1,163,1,20,104,0,125,36,98,153,1,288,62,0,62,350
02/12/2004,PSP,CA,AWP,WE,Combined TRACON& Tower with Radar,34,84,57,0,175,0,0,98,0,98,34,84,155,0,273,72,0,72,345
02/13/2004,PSP,CA,AWP,WE,Combined TRACON& Tower with Radar,38,94,69,0,201,0,0,123,0,123,38,94,192,0,324,64,0,64,388
02/14/2004,PSP,CA,AWP,WE,Combined TRACON& Tower with Radar,32,71,46,2,151,8,13,136,0,157,40,84,182,2,308,82,0,82,390
02/15/2004,PSP,CA,AWP,WE,Combined TRACON& Tower with Radar,40,84,56,0,180,6,0,147,0,153,46,84,203,0,333,44,0,44,377
02/16/2004,PSP,CA,AWP,WE,Combined TRACON& Tower with Radar,39,97,63,1,200,0,11,155,4,170,39,108,218,5,370,92,0,92,462
02/17/2004,PSP,CA,AWP,WE,Combined TRACON& Tower with Radar,36,77,50,1,164,2,3,98,22,125,38,80,148,23,289,100,0,100,389
02/18/2004,PSP,CA,AWP,WE,Combined TRACON& Tower with Radar,39,83,54,1,177,2,10,35,2,49,41,93,89,3,226,50,0,50,276
02/19/2004,PSP,CA,AWP,WE,Combined TRACON& Tower with Radar,38,94,62,1,195,0,0,85,4,89,38,94,147,5,284,6,0,6,290
02/20/2004,PSP,CA,AWP,WE,Combined TRACON& Tower with Radar,40,88,73,2,203,0,0,56,0,56,40,88,129,2,259,38,0,38,297
02/21/2004,PSP,CA,AWP,WE,Combined TRACON& Tower with Radar,38,77,54,0,169,6,0,50,0,56,44,77,104,0,225,18,0,18,243
02/22/2004,PSP,CA,AWP,WE,Combined TRACON& Tower with Radar,48,95,67,1,211,4,0,1,3,8,52,95,68,4,219,0,0,0,219
02/23/2004,PSP,CA,AWP,WE,Combined TRACON& Tower with Radar,41,79,57,1,178,3,0,36,2,41,44,79,93,3,219,44,10,54,273
02/24/2004,PSP,CA,AWP,WE,Combined TRACON& Tower with Radar,36,78,51,1,166,2,8,69,4,83,38,86,120,5,249,100,10,110,359
02/25/2004,PSP,CA,AWP,WE,Combined TRACON& Tower with Radar,41,88,57,1,187,0,13,41,0,54,41,101,98,1,241,28,0,28,269
02/26/2004,PSP,CA,AWP,WE,Combined TRACON& Tower with Radar,35,98,64,0,197,0,3,26,0,29,35,101,90,0,226,2,0,2,228
02/27/2004,PSP,CA,AWP,WE,Combined TRACON& Tower with Radar,40,88,57,0,185,0,1,39,0,40,40,89,96,0,225,76,0,76,301
02/28/2004,PSP,CA,AWP,WE,Combined TRACON& Tower with Radar,35,74,48,1,158,13,10,126,3,152,48,84,174,4,310,90,0,90,400
02/29/2004,PSP,CA,AWP,WE,Combined TRACON& Tower with Radar,43,87,65,0,195,0,0,130,0,130,43,87,195,0,325,78,0,78,403
03/01/2004,PSP,CA,AWP,WE,Combined TRACON& Tower with Radar,37,73,55,1,166,0,0,73,1,74,37,73,128,2,240,44,0,44,284
03/02/2004,PSP,CA,AWP,WE,Combined TRACON& Tower with Radar,36,88,55,1,180,0,0,22,1,23,36,88,77,2,203,50,10,60,263
03/03/2004,PSP,CA,AWP,WE,Combined TRACON& Tower with Radar,38,85,56,0,179,1,0,75,0,76,39,85,131,0,255,62,8,70,325
03/04/2004,PSP,CA,AWP,WE,Combined TRACON& Tower with Radar,37,91,60,2,190,0,0,118,1,119,37,91,178,3,309,32,0,32,341
03/05/2004,PSP,CA,AWP,WE,Combined TRACON& Tower with Radar,38,103,63,0,204,0,3,106,0,109,38,106,169,0,313,112,0,112,425
03/06/2004,PSP,CA,AWP,WE,Combined TRACON& Tower with Radar,30,73,43,0,146,12,15,167,0,194,42,88,210,0,340,122,0,122,462
03/07/2004,PSP,CA,AWP,WE,Combined TRACON& Tower with Radar,41,102,64,0,207,0,0,268,0,268,41,102,332,0,475,46,0,46,521
03/08/2004,PSP,CA,AWP,WE,Combined TRACON& Tower with Radar,33,78,47,1,159,4,12,93,0,109,37,90,140,1,268,68,0,68,336
03/09/2004,PSP,CA,AWP,WE,Combined TRACON& Tower with Radar,34,79,48,0,161,2,13,78,0,93,36,92,126,0,254,30,0,30,284
03/10/2004,PSP,CA,AWP,WE,Combined TRACON& Tower with Radar,36,79,52,0,167,6,0,70,0,76,42,79,122,0,243,60,0,60,303
03/11/2004,PSP,CA,AWP,WE,Combined TRACON& Tower with Radar,36,88,53,1,178,0,8,186,0,194,36,96,239,1,372,76,0,76,448
03/12/2004,PSP,CA,AWP,WE,Combined TRACON& Tower with Radar,40,106,76,0,222,0,0,113,0,113,40,106,189,0,335,38,0,38,373
03/13/2004,PSP,CA,AWP,WE,Combined TRACON& Tower with Radar,39,84,55,0,178,6,0,157,0,163,45,84,212,0,341,92,0,92,433
03/14/2004,PSP,CA,AWP,WE,Combined TRACON& Tower with Radar,44,97,64,0,205,0,0,144,0,144,44,97,208,0,349,54,0,54,403
03/15/2004,PSP,CA,AWP,WE,Combined TRACON& Tower with Radar,36,85,52,1,174,2,7,78,1,88,38,92,130,2,262,36,0,36,298
03/16/2004,PSP,CA,AWP,WE,Combined TRACON& Tower with Radar,31,71,43,1,146,7,12,72,4,95,38,83,115,5,241,6,4,10,251
03/17/2004,PSP,CA,AWP,WE,Combined TRACON& Tower with Radar,36,88,54,1,179,0,6,122,2,130,36,94,176,3,309,56,0,56,365
03/18/2004,PSP,CA,AWP,WE,Combined TRACON& Tower with Radar,37,99,62,0,198,0,0,138,0,138,37,99,200,0,336,56,0,56,392
03/19/2004,PSP,CA,AWP,WE,Combined TRACON& Tower with Radar,39,86,57,0,182,0,0,129,0,129,39,86,186,0,311,58,0,58,369
03/20/2004,PSP,CA,AWP,WE,Combined TRACON& Tower with Radar,38,87,53,1,179,8,7,126,0,141,46,94,179,1,320,102,0,102,422
03/21/2004,PSP,CA,AWP,WE,Combined TRACON& Tower with Radar,44,114,70,1,229,0,4,153,0,157,44,118,223,1,386,62,0,62,448
03/22/2004,PSP,CA,AWP,WE,Combined TRACON& Tower with Radar,39,88,55,0,182,0,8,86,2,96,39,96,141,2,278,2,0,2,280
03/23/2004,PSP,CA,AWP,WE,Combined TRACON& Tower with Radar,35,85,53,0,173,0,8,63,2,73,35,93,116,2,246,50,0,50,296
03/24/2004,PSP,CA,AWP,WE,Combined TRACON& Tower with Radar,39,89,55,0,183,1,0,81,3,85,40,89,136,3,268,70,0,70,338
03/25/2004,PSP,CA,AWP,WE,Combined TRACON& Tower with Radar,35,83,51,0,169,0,5,99,0,104,35,88,150,0,273,56,0,56,329
03/26/2004,PSP,CA,AWP,WE,Combined TRACON& Tower with Radar,42,96,60,1,199,2,4,61,1,68,44,100,121,2,267,34,0,34,301
03/27/2004,PSP,CA,AWP,WE,Combined TRACON& Tower with Radar,35,80,50,0,165,7,19,130,1,157,42,99,180,1,322,46,0,46,368
03/28/2004,PSP,CA,AWP,WE,Combined TRACON& Tower with Radar,45,98,68,1,212,0,0,144,0,144,45,98,212,1,356,94,0,94,450
03/29/2004,PSP,CA,AWP,WE,Combined TRACON& Tower with Radar,37,90,56,0,183,0,9,62,2,73,37,99,118,2,256,52,0,52,308
03/30/2004,PSP,CA,AWP,WE,Combined TRACON& Tower with Radar,38,85,53,0,176,1,8,101,1,111,39,93,154,1,287,50,0,50,337
03/31/2004,PSP,CA,AWP,WE,Combined TRACON& Tower with Radar,36,81,51,0,168,1,19,92,2,114,37,100,143,2,282,104,0,104,386
04/01/2004,PSP,CA,AWP,WE,Combined TRACON& Tower with Radar,39,99,56,0,194,4,0,76,0,80,43,99,132,0,274,26,0,26,300
04/02/2004,PSP,CA,AWP,WE,Combined TRACON& Tower with Radar,37,92,61,0,190,0,0,58,0,58,37,92,119,0,248,18,0,18,266
04/03/2004,PSP,CA,AWP,WE,Combined TRACON& Tower with Radar,36,88,52,2,178,3,0,30,3,36,39,88,82,5,214,26,0,26,240
04/04/2004,PSP,CA,AWP,WE,Combined TRACON& Tower with Radar,36,91,56,1,184,0,0,163,0,163,36,91,219,1,347,44,0,44,391
04/05/2004,PSP,CA,AWP,WE,Combined TRACON& Tower with Radar,33,87,47,2,169,1,2,69,0,72,34,89,116,2,241,80,0,80,321
04/06/2004,PSP,CA,AWP,WE,Combined TRACON& Tower with Radar,26,68,37,0,131,7,9,94,0,110,33,77,131,0,241,50,0,50,291
04/07/2004,PSP,CA,AWP,WE,Combined TRACON& Tower with Radar,30,78,42,0,150,6,11,103,0,120,36,89,145,0,270,38,0,38,308
04/08/2004,PSP,CA,AWP,WE,Combined TRACON& Tower with Radar,31,97,53,0,181,0,7,103,0,110,31,104,156,0,291,76,0,76,367
04/09/2004,PSP,CA,AWP,WE,Combined TRACON& Tower with Radar,34,82,49,2,167,0,0,93,10,103,34,82,142,12,270,20,4,24,294
04/10/2004,PSP,CA,AWP,WE,Combined TRACON& Tower with Radar,28,64,40,0,132,8,0,164,0,172,36,64,204,0,304,20,0,20,324
04/11/2004,PSP,CA,AWP,WE,Combined TRACON& Tower with Radar,31,82,44,0,157,4,14,102,0,120,35,96,146,0,277,58,0,58,335
04/12/2004,PSP,CA,AWP,WE,Combined TRACON& Tower with Radar,35,93,51,0,179,0,6,93,0,99,35,99,144,0,278,38,0,38,316
04/13/2004,PSP,CA,AWP,WE,Combined TRACON& Tower with Radar,29,76,41,1,147,3,12,90,4,109,32,88,131,5,256,50,0,50,306
04/14/2004,PSP,CA,AWP,WE,Combined TRACON& Tower with Radar,29,77,41,0,147,4,8,90,0,102,33,85,131,0,249,104,0,104,353
04/15/2004,PSP,CA,AWP,WE,Combined TRACON& Tower with Radar,31,87,47,0,165,0,0,119,0,119,31,87,166,0,284,36,0,36,320
04/16/2004,PSP,CA,AWP,WE,Combined TRACON& Tower with Radar,18,74,40,1,133,0,9,90,1,100,18,83,130,2,233,20,0,20,253
04/17/2004,PSP,CA,AWP,WE,Combined TRACON& Tower with Radar,33,86,47,1,167,3,0,78,2,83,36,86,125,3,250,10,0,10,260
04/18/2004,PSP,CA,AWP,WE,Combined TRACON& Tower with Radar,40,103,68,1,212,0,0,170,0,170,40,103,238,1,382,38,0,38,420
04/19/2004,PSP,CA,AWP,WE,Combined TRACON& Tower with Radar,30,69,45,0,144,0,0,69,0,69,30,69,114,0,213,20,0,20,233
04/20/2004,PSP,CA,AWP,WE,Combined TRACON& Tower with Radar,30,75,42,0,147,4,7,89,0,100,34,82,131,0,247,50,0,50,297
04/21/2004,PSP,CA,AWP,WE,Combined TRACON& Tower with Radar,35,91,51,1,178,0,2,59,3,64,35,93,110,4,242,22,2,24,266
04/22/2004,PSP,CA,AWP,WE,Combined TRACON& Tower with Radar,27,68,38,0,133,5,4,57,0,66,32,72,95,0,199,8,0,8,207
04/23/2004,PSP,CA,AWP,WE,Combined TRACON& Tower with Radar,32,82,46,0,160,0,16,73,6,95,32,98,119,6,255,84,0,84,339
04/24/2004,PSP,CA,AWP,WE,Combined TRACON& Tower with Radar,29,73,41,0,143,6,15,107,0,128,35,88,148,0,271,34,0,34,305
04/25/2004,PSP,CA,AWP,WE,Combined TRACON& Tower with Radar,26,95,53,0,174,0,7,128,0,135,26,102,181,0,309,58,0,58,367
04/26/2004,PSP,CA,AWP,WE,Combined TRACON& Tower with Radar,26,64,36,0,126,1,21,60,0,82,27,85,96,0,208,26,0,26,234
04/27/2004,PSP,CA,AWP,WE,Combined TRACON& Tower with Radar,26,64,36,0,126,1,9,63,0,73,27,73,99,0,199,50,0,50,249
04/28/2004,PSP,CA,AWP,WE,Combined TRACON& Tower with Radar,29,77,43,0,149,0,8,75,2,85,29,85,118,2,234,68,0,68,302
04/29/2004,PSP,CA,AWP,WE,Combined TRACON& Tower with Radar,28,73,41,0,142,0,7,38,3,48,28,80,79,3,190,18,0,18,208
04/30/2004,PSP,CA,AWP,WE,Combined TRACON& Tower with Radar,26,75,42,0,143,0,5,117,1,123,26,80,159,1,266,54,4,58,324
05/01/2004,PSP,CA,AWP,WE,Combined TRACON& Tower with Radar,19,63,29,2,113,1,6,129,0,136,20,69,158,2,249,48,0,48,297
05/02/2004,PSP,CA,AWP,WE,Combined TRACON& Tower with Radar,21,67,33,2,123,0,0,122,2,124,21,67,155,4,247,30,2,32,279
05/03/2004,PSP,CA,AWP,WE,Combined TRACON& Tower with Radar,20,64,29,1,114,2,6,74,0,82,22,70,103,1,196,40,0,40,236
05/04/2004,PSP,CA,AWP,WE,Combined TRACON& Tower with Radar,20,62,30,0,112,4,0,60,0,64,24,62,90,0,176,50,0,50,226
05/05/2004,PSP,CA,AWP,WE,Combined TRACON& Tower with Radar,22,69,33,1,125,1,0,76,0,77,23,69,109,1,202,20,0,20,222
05/06/2004,PSP,CA,AWP,WE,Combined TRACON& Tower with Radar,22,73,34,2,131,1,8,75,0,84,23,81,109,2,215,50,0,50,265
05/07/2004,PSP,CA,AWP,WE,Combined TRACON& Tower with Radar,23,74,38,0,135,0,0,118,0,118,23,74,156,0,253,50,0,50,303
05/08/2004,PSP,CA,AWP,WE,Combined TRACON& Tower with Radar,17,55,25,0,97,6,9,91,0,106,23,64,116,0,203,32,0,32,235
05/09/2004,PSP,CA,AWP,WE,Combined TRACON& Tower with Radar,18,58,26,0,102,4,7,124,0,135,22,65,150,0,237,76,0,76,313
05/10/2004,PSP,CA,AWP,WE,Combined TRACON& Tower with Radar,18,58,27,0,103,4,14,79,0,97,22,72,106,0,200,66,0,66,266
05/11/2004,PSP,CA,AWP,WE,Combined TRACON& Tower with Radar,19,64,29,2,114,2,6,86,2,96,21,70,115,4,210,50,0,50,260
05/12/2004,PSP,CA,AWP,WE,Combined TRACON& Tower with Radar,23,76,36,2,137,0,0,103,0,103,23,76,139,2,240,20,0,20,260
05/13/2004,PSP,CA,AWP,WE,Combined TRACON& Tower with Radar,20,65,31,0,116,2,0,113,0,115,22,65,144,0,231,52,0,52,283
05/14/2004,PSP,CA,AWP,WE,Combined TRACON& Tower with Radar,20,72,35,1,128,0,0,114,76,190,20,72,149,77,318,70,0,70,388
05/15/2004,PSP,CA,AWP,WE,Combined TRACON& Tower with Radar,15,49,23,0,87,6,13,111,0,130,21,62,134,0,217,30,0,30,247
05/16/2004,PSP,CA,AWP,WE,Combined TRACON& Tower with Radar,21,68,33,1,123,2,0,109,6,117,23,68,142,7,240,30,0,30,270
05/17/2004,PSP,CA,AWP,WE,Combined TRACON& Tower with Radar,20,61,32,1,114,0,0,66,1,67,20,61,98,2,181,66,0,66,247
05/18/2004,PSP,CA,AWP,WE,Combined TRACON& Tower with Radar,19,58,28,0,105,1,4,64,0,69,20,62,92,0,174,100,0,100,274
05/19/2004,PSP,CA,AWP,WE,Combined TRACON& Tower with Radar,20,67,32,1,120,0,5,70,1,76,20,72,102,2,196,18,2,20,216
05/20/2004,PSP,CA,AWP,WE,Combined TRACON& Tower with Radar,20,63,38,1,122,0,0,77,1,78,20,63,115,2,200,14,0,14,214
05/21/2004,PSP,CA,AWP,WE,Combined TRACON& Tower with Radar,17,64,34,0,115,0,0,65,0,65,17,64,99,0,180,26,0,26,206
05/22/2004,PSP,CA,AWP,WE,Combined TRACON& Tower with Radar,16,50,24,0,90,0,13,89,4,106,16,63,113,4,196,62,2,64,260
05/23/2004,PSP,CA,AWP,WE,Combined TRACON& Tower with Radar,20,57,32,1,110,0,0,85,5,90,20,57,117,6,200,42,0,42,242
05/24/2004,PSP,CA,AWP,WE,Combined TRACON& Tower with Radar,17,54,26,0,97,0,10,58,0,68,17,64,84,0,165,14,0,14,179
05/25/2004,PSP,CA,AWP,WE,Combined TRACON& Tower with Radar,17,51,25,0,93,0,11,60,0,71,17,62,85,0,164,96,0,96,260
05/26/2004,PSP,CA,AWP,WE,Combined TRACON& Tower with Radar,17,68,33,1,119,0,15,85,0,100,17,83,118,1,219,40,0,40,259
05/27/2004,PSP,CA,AWP,WE,Combined TRACON& Tower with Radar,18,64,31,1,114,0,7,91,0,98,18,71,122,1,212,0,0,0,212
05/28/2004,PSP,CA,AWP,WE,Combined TRACON& Tower with Radar,18,66,38,1,123,0,0,99,0,99,18,66,137,1,222,32,0,32,254
05/29/2004,PSP,CA,AWP,WE,Combined TRACON& Tower with Radar,16,47,23,0,86,2,14,76,0,92,18,61,99,0,178,6,0,6,184
05/30/2004,PSP,CA,AWP,WE,Combined TRACON& Tower with Radar,12,37,18,0,67,5,14,77,1,97,17,51,95,1,164,30,0,30,194
05/31/2004,PSP,CA,AWP,WE,Combined TRACON& Tower with Radar,20,61,29,0,110,0,5,105,0,110,20,66,134,0,220,64,0,64,284
06/01/2004,PSP,CA,AWP,WE,Combined TRACON& Tower with Radar,9,68,24,0,101,6,0,57,0,63,15,68,81,0,164,50,0,50,214
06/02/2004,PSP,CA,AWP,WE,Combined TRACON& Tower with Radar,7,56,20,0,83,7,0,86,0,93,14,56,106,0,176,16,0,16,192
06/03/2004,PSP,CA,AWP,WE,Combined TRACON& Tower with Radar,9,62,23,2,96,6,0,74,0,80,15,62,97,2,176,38,0,38,214
06/04/2004,PSP,CA,AWP,WE,Combined TRACON& Tower with Radar,8,58,22,2,90,6,0,88,1,95,14,58,110,3,185,60,4,64,249
06/05/2004,PSP,CA,AWP,WE,Combined TRACON& Tower with Radar,7,47,16,0,70,6,11,73,0,90,13,58,89,0,160,10,0,10,170
06/06/2004,PSP,CA,AWP,WE,Combined TRACON& Tower with Radar,8,54,18,1,81,0,6,84,0,90,8,60,102,1,171,30,0,30,201
06/07/2004,PSP,CA,AWP,WE,Combined TRACON& Tower with Radar,8,57,19,2,86,0,2,74,0,76,8,59,93,2,162,62,2,64,226
06/08/2004,PSP,CA,AWP,WE,Combined TRACON& Tower with Radar,8,56,20,0,84,6,0,47,0,53,14,56,67,0,137,50,0,50,187
06/09/2004,PSP,CA,AWP,WE,Combined TRACON& Tower with Radar,8,51,18,0,77,0,7,31,0,38,8,58,49,0,115,20,0,20,135
06/10/2004,PSP,CA,AWP,WE,Combined TRACON& Tower with Radar,7,64,22,0,93,0,2,76,0,78,7,66,98,0,171,30,0,30,201
06/11/2004,PSP,CA,AWP,WE,Combined TRACON& Tower with Radar,6,53,18,0,77,0,11,99,0,110,6,64,117,0,187,52,0,52,239
06/12/2004,PSP,CA,AWP,WE,Combined TRACON& Tower with Radar,6,44,16,0,66,0,6,112,6,124,6,50,128,6,190,24,0,24,214
06/13/2004,PSP,CA,AWP,WE,Combined TRACON& Tower with Radar,6,52,18,1,77,0,5,57,1,63,6,57,75,2,140,88,0,88,228
06/14/2004,PSP,CA,AWP,WE,Combined TRACON& Tower with Radar,6,52,18,1,77,0,5,57,1,63,6,57,75,2,140,88,0,88,228
06/15/2004,PSP,CA,AWP,WE,Combined TRACON& Tower with Radar,6,55,19,1,81,0,4,60,4,68,6,59,79,5,149,100,0,100,249
06/16/2004,PSP,CA,AWP,WE,Combined TRACON& Tower with Radar,6,54,19,1,80,0,2,86,1,89,6,56,105,2,169,100,0,100,269
06/17/2004,PSP,CA,AWP,WE,Combined TRACON& Tower with Radar,9,57,20,0,86,0,1,86,0,87,9,58,106,0,173,52,0,52,225
06/18/2004,PSP,CA,AWP,WE,Combined TRACON& Tower with Radar,6,60,25,1,92,0,0,93,0,93,6,60,118,1,185,42,4,46,231
06/19/2004,PSP,CA,AWP,WE,Combined TRACON& Tower with Radar,6,47,16,0,69,0,7,53,2,62,6,54,69,2,131,46,0,46,177
06/20/2004,PSP,CA,AWP,WE,Combined TRACON& Tower with Radar,5,59,21,0,85,0,0,84,0,84,5,59,105,0,169,30,4,34,203
06/21/2004,PSP,CA,AWP,WE,Combined TRACON& Tower with Radar,9,61,21,0,91,0,8,55,0,63,9,69,76,0,154,38,0,38,192
06/22/2004,PSP,CA,AWP,WE,Combined TRACON& Tower with Radar,6,54,19,1,80,0,11,46,2,59,6,65,65,3,139,98,2,100,239
06/23/2004,PSP,CA,AWP,WE,Combined TRACON& Tower with Radar,6,59,19,1,85,0,5,62,1,68,6,64,81,2,153,88,0,88,241
06/24/2004,PSP,CA,AWP,WE,Combined TRACON& Tower with Radar,6,54,18,1,79,0,9,85,0,94,6,63,103,1,173,28,0,28,201
06/25/2004,PSP,CA,AWP,WE,Combined TRACON& Tower with Radar,6,62,20,1,89,0,0,78,2,80,6,62,98,3,169,40,0,40,209
06/26/2004,PSP,CA,AWP,WE,Combined TRACON& Tower with Radar,6,42,13,0,61,1,13,54,4,72,7,55,67,4,133,4,0,4,137
06/27/2004,PSP,CA,AWP,WE,Combined TRACON& Tower with Radar,6,51,17,0,74,0,1,90,0,91,6,52,107,0,165,46,0,46,211
06/28/2004,PSP,CA,AWP,WE,Combined TRACON& Tower with Radar,6,53,18,1,78,0,0,77,1,78,6,53,95,2,156,76,0,76,232
06/29/2004,PSP,CA,AWP,WE,Combined TRACON& Tower with Radar,6,42,13,0,61,0,12,54,2,68,6,54,67,2,129,0,0,0,129
06/30/2004,PSP,CA,AWP,WE,Combined TRACON& Tower with Radar,6,59,20,0,85,0,0,75,0,75,6,59,95,0,160,48,0,48,208
07/01/2004,PSP,CA,AWP,WE,Combined TRACON& Tower with Radar,7,57,17,1,82,0,0,73,0,73,7,57,90,1,155,28,0,28,183
07/02/2004,PSP,CA,AWP,WE,Combined TRACON& Tower with Radar,6,56,17,0,79,0,1,90,0,91,6,57,107,0,170,64,0,64,234
07/03/2004,PSP,CA,AWP,WE,Combined TRACON& Tower with Radar,6,50,16,0,72,0,0,83,0,83,6,50,99,0,155,40,0,40,195
07/04/2004,PSP,CA,AWP,WE,Combined TRACON& Tower with Radar,4,37,11,0,52,2,6,82,0,90,6,43,93,0,142,22,0,22,164
07/05/2004,PSP,CA,AWP,WE,Combined TRACON& Tower with Radar,6,48,15,0,69,0,0,86,0,86,6,48,101,0,155,42,0,42,197
07/06/2004,PSP,CA,AWP,WE,Combined TRACON& Tower with Radar,6,50,15,0,71,1,0,73,0,74,7,50,88,0,145,78,0,78,223
07/07/2004,PSP,CA,AWP,WE,Combined TRACON& Tower with Radar,6,49,15,0,70,0,3,71,0,74,6,52,86,0,144,26,0,26,170
07/08/2004,PSP,CA,AWP,WE,Combined TRACON& Tower with Radar,5,45,14,0,64,1,5,75,0,81,6,50,89,0,145,22,0,22,167
07/09/2004,PSP,CA,AWP,WE,Combined TRACON& Tower with Radar,6,56,18,1,81,0,0,80,1,81,6,56,98,2,162,20,0,20,182
07/10/2004,PSP,CA,AWP,WE,Combined TRACON& Tower with Radar,4,37,11,0,52,2,11,85,0,98,6,48,96,0,150,70,0,70,220
07/11/2004,PSP,CA,AWP,WE,Combined TRACON& Tower with Radar,6,48,14,0,68,0,2,92,0,94,6,50,106,0,162,18,0,18,180
07/12/2004,PSP,CA,AWP,WE,Combined TRACON& Tower with Radar,5,45,14,1,65,3,4,50,1,58,8,49,64,2,123,10,0,10,133
07/13/2004,PSP,CA,AWP,WE,Combined TRACON& Tower with Radar,6,61,19,1,87,0,19,41,3,63,6,80,60,4,150,30,0,30,180
07/14/2004,PSP,CA,AWP,WE,Combined TRACON& Tower with Radar,7,54,17,1,79,0,5,39,3,47,7,59,56,4,126,18,6,24,150
07/15/2004,PSP,CA,AWP,WE,Combined TRACON& Tower with Radar,6,60,20,1,87,0,0,51,0,51,6,60,71,1,138,2,0,2,140
07/16/2004,PSP,CA,AWP,WE,Combined TRACON& Tower with Radar,8,52,18,0,78,3,0,60,0,63,11,52,78,0,141,54,0,54,195
07/17/2004,PSP,CA,AWP,WE,Combined TRACON& Tower with Radar,6,43,14,0,63,0,8,69,0,77,6,51,83,0,140,30,0,30,170
07/18/2004,PSP,CA,AWP,WE,Combined TRACON& Tower with Radar,6,50,16,1,73,0,5,84,2,91,6,55,100,3,164,52,0,52,216
07/19/2004,PSP,CA,AWP,WE,Combined TRACON& Tower with Radar,6,50,16,0,72,0,4,35,1,40,6,54,51,1,112,50,0,50,162
07/20/2004,PSP,CA,AWP,WE,Combined TRACON& Tower with Radar,7,50,16,0,73,1,4,53,2,60,8,54,69,2,133,30,0,30,163
07/21/2004,PSP,CA,AWP,WE,Combined TRACON& Tower with Radar,6,52,17,0,75,0,13,57,0,70,6,65,74,0,145,50,0,50,195
07/22/2004,PSP,CA,AWP,WE,Combined TRACON& Tower with Radar,6,53,17,0,76,0,1,65,3,69,6,54,82,3,145,0,0,0,145
07/23/2004,PSP,CA,AWP,WE,Combined TRACON& Tower with Radar,8,50,19,0,77,0,0,99,2,101,8,50,118,2,178,42,0,42,220
07/24/2004,PSP,CA,AWP,WE,Combined TRACON& Tower with Radar,6,40,13,0,59,2,7,68,0,77,8,47,81,0,136,64,0,64,200
07/25/2004,PSP,CA,AWP,WE,Combined TRACON& Tower with Radar,6,46,15,0,67,0,0,54,3,57,6,46,69,3,124,10,0,10,134
07/26/2004,PSP,CA,AWP,WE,Combined TRACON& Tower with Radar,6,50,16,0,72,0,0,42,3,45,6,50,58,3,117,0,0,0,117
07/27/2004,PSP,CA,AWP,WE,Combined TRACON& Tower with Radar,6,40,13,0,59,0,7,48,3,58,6,47,61,3,117,12,0,12,129
07/28/2004,PSP,CA,AWP,WE,Combined TRACON& Tower with Radar,6,46,15,0,67,0,8,46,0,54,6,54,61,0,121,38,0,38,159
07/29/2004,PSP,CA,AWP,WE,Combined TRACON& Tower with Radar,6,50,16,0,72,0,1,48,0,49,6,51,64,0,121,2,0,2,123
07/30/2004,PSP,CA,AWP,WE,Combined TRACON& Tower with Radar,8,46,17,0,71,1,0,63,0,64,9,46,80,0,135,32,0,32,167
07/31/2004,PSP,CA,AWP,WE,Combined TRACON& Tower with Radar,7,43,14,0,64,0,0,59,0,59,7,43,73,0,123,26,0,26,149
08/01/2004,PSP,CA,AWP,WE,Combined TRACON& Tower with Radar,6,46,12,0,64,6,0,58,0,64,12,46,70,0,128,48,0,48,176
08/02/2004,PSP,CA,AWP,WE,Combined TRACON& Tower with Radar,7,55,14,0,76,0,2,48,0,50,7,57,62,0,126,100,0,100,226
08/03/2004,PSP,CA,AWP,WE,Combined TRACON& Tower with Radar,6,47,11,0,64,1,3,49,0,53,7,50,60,0,117,50,0,50,167
08/04/2004,PSP,CA,AWP,WE,Combined TRACON& Tower with Radar,6,53,13,0,72,0,8,71,0,79,6,61,84,0,151,100,0,100,251
08/05/2004,PSP,CA,AWP,WE,Combined TRACON& Tower with Radar,5,47,12,1,65,0,2,112,0,114,5,49,124,1,179,58,0,58,237
08/06/2004,PSP,CA,AWP,WE,Combined TRACON& Tower with Radar,7,53,13,0,73,0,7,88,0,95,7,60,101,0,168,48,0,48,216
08/07/2004,PSP,CA,AWP,WE,Combined TRACON& Tower with Radar,6,45,11,0,62,2,0,69,0,71,8,45,80,0,133,32,0,32,165
08/08/2004,PSP,CA,AWP,WE,Combined TRACON& Tower with Radar,7,51,13,0,71,0,7,69,0,76,7,58,82,0,147,38,0,38,185
08/09/2004,PSP,CA,AWP,WE,Combined TRACON& Tower with Radar,6,42,10,0,58,0,10,59,0,69,6,52,69,0,127,36,0,36,163
08/10/2004,PSP,CA,AWP,WE,Combined TRACON& Tower with Radar,8,53,14,0,75,0,2,59,0,61,8,55,73,0,136,100,0,100,236
08/11/2004,PSP,CA,AWP,WE,Combined TRACON& Tower with Radar,7,48,13,1,69,3,2,58,1,64,10,50,71,2,133,32,0,32,165
08/12/2004,PSP,CA,AWP,WE,Combined TRACON& Tower with Radar,7,46,13,1,67,0,5,47,2,54,7,51,60,3,121,8,0,8,129
08/13/2004,PSP,CA,AWP,WE,Combined TRACON& Tower with Radar,7,43,12,0,62,0,17,30,0,47,7,60,42,0,109,26,0,26,135
08/14/2004,PSP,CA,AWP,WE,Combined TRACON& Tower with Radar,7,41,11,0,59,1,8,36,0,45,8,49,47,0,104,8,0,8,112
08/15/2004,PSP,CA,AWP,WE,Combined TRACON& Tower with Radar,7,49,13,0,69,0,3,39,0,42,7,52,52,0,111,10,0,10,121
08/16/2004,PSP,CA,AWP,WE,Combined TRACON& Tower with Radar,7,48,13,0,68,2,3,62,0,67,9,51,75,0,135,50,0,50,185
08/17/2004,PSP,CA,AWP,WE,Combined TRACON& Tower with Radar,7,48,13,0,68,2,3,62,0,67,9,51,75,0,135,50,0,50,185
08/18/2004,PSP,CA,AWP,WE,Combined TRACON& Tower with Radar,7,54,15,1,77,2,12,47,1,62,9,66,62,2,139,100,0,100,239
08/19/2004,PSP,CA,AWP,WE,Combined TRACON& Tower with Radar,7,49,13,1,70,0,1,59,1,61,7,50,72,2,131,56,0,56,187
08/20/2004,PSP,CA,AWP,WE,Combined TRACON& Tower with Radar,8,49,14,1,72,0,0,63,10,73,8,49,77,11,145,34,8,42,187
08/21/2004,PSP,CA,AWP,WE,Combined TRACON& Tower with Radar,8,48,13,1,70,0,1,75,7,83,8,49,88,8,153,26,12,38,191
08/22/2004,PSP,CA,AWP,WE,Combined TRACON& Tower with Radar,6,40,11,0,57,0,6,72,0,78,6,46,83,0,135,60,0,60,195
08/23/2004,PSP,CA,AWP,WE,Combined TRACON& Tower with Radar,6,55,16,2,79,0,0,51,2,53,6,55,67,4,132,46,4,50,182
08/24/2004,PSP,CA,AWP,WE,Combined TRACON& Tower with Radar,9,55,15,1,80,1,0,69,3,73,10,55,84,4,153,100,10,110,263
08/25/2004,PSP,CA,AWP,WE,Combined TRACON& Tower with Radar,6,51,15,1,73,0,0,54,1,55,6,51,69,2,128,22,0,22,150
08/26/2004,PSP,CA,AWP,WE,Combined TRACON& Tower with Radar,6,51,14,0,71,0,7,40,2,49,6,58,54,2,120,30,0,30,150
08/27/2004,PSP,CA,AWP,WE,Combined TRACON& Tower with Radar,6,59,15,1,81,0,0,69,3,72,6,59,84,4,153,10,2,12,165
08/28/2004,PSP,CA,AWP,WE,Combined TRACON& Tower with Radar,7,42,10,0,59,0,4,76,1,81,7,46,86,1,140,80,0,80,220
08/29/2004,PSP,CA,AWP,WE,Combined TRACON& Tower with Radar,6,55,14,0,75,0,2,90,2,94,6,57,104,2,169,36,0,36,205
08/30/2004,PSP,CA,AWP,WE,Combined TRACON& Tower with Radar,6,51,13,0,70,0,3,43,0,46,6,54,56,0,116,10,0,10,126
08/31/2004,PSP,CA,AWP,WE,Combined TRACON& Tower with Radar,6,51,14,0,71,0,0,82,6,88,6,51,96,6,159,56,4,60,219
09/01/2004,PSP,CA,AWP,WE,Combined TRACON& Tower with Radar,9,46,18,1,74,0,5,61,2,68,9,51,79,3,142,46,0,46,188
09/02/2004,PSP,CA,AWP,WE,Combined TRACON& Tower with Radar,8,40,16,0,64,0,11,55,0,66,8,51,71,0,130,22,0,22,152
09/03/2004,PSP,CA,AWP,WE,Combined TRACON& Tower with Radar,8,53,21,1,83,0,0,47,7,54,8,53,68,8,137,38,6,44,181
09/04/2004,PSP,CA,AWP,WE,Combined TRACON& Tower with Radar,9,40,15,1,65,0,6,91,0,97,9,46,106,1,162,70,0,70,232
09/05/2004,PSP,CA,AWP,WE,Combined TRACON& Tower with Radar,6,33,12,1,52,0,9,65,0,74,6,42,77,1,126,40,0,40,166
09/06/2004,PSP,CA,AWP,WE,Combined TRACON& Tower with Radar,7,48,18,1,74,0,0,66,0,66,7,48,84,1,140,50,0,50,190
09/07/2004,PSP,CA,AWP,WE,Combined TRACON& Tower with Radar,6,51,19,0,76,0,4,43,0,47,6,55,62,0,123,50,0,50,173
09/08/2004,PSP,CA,AWP,WE,Combined TRACON& Tower with Radar,7,44,16,0,67,0,14,66,0,80,7,58,82,0,147,38,0,38,185
09/09/2004,PSP,CA,AWP,WE,Combined TRACON& Tower with Radar,12,48,18,1,79,2,1,42,1,46,14,49,60,2,125,76,0,76,201
09/10/2004,PSP,CA,AWP,WE,Combined TRACON& Tower with Radar,11,45,16,0,72,1,5,51,0,57,12,50,67,0,129,34,0,34,163
09/11/2004,PSP,CA,AWP,WE,Combined TRACON& Tower with Radar,9,38,14,0,61,3,3,52,0,58,12,41,66,0,119,26,0,26,145
09/12/2004,PSP,CA,AWP,WE,Combined TRACON& Tower with Radar,11,47,17,0,75,7,0,68,0,75,18,47,85,0,150,48,0,48,198
09/13/2004,PSP,CA,AWP,WE,Combined TRACON& Tower with Radar,12,60,22,0,94,0,11,58,0,69,12,71,80,0,163,50,0,50,213
09/14/2004,PSP,CA,AWP,WE,Combined TRACON& Tower with Radar,9,53,19,1,82,0,1,57,2,60,9,54,76,3,142,50,10,60,202
09/15/2004,PSP,CA,AWP,WE,Combined TRACON& Tower with Radar,12,50,19,0,81,2,1,58,0,61,14,51,77,0,142,30,0,30,172
09/16/2004,PSP,CA,AWP,WE,Combined TRACON& Tower with Radar,11,43,16,0,70,2,6,54,0,62,13,49,70,0,132,42,0,42,174
09/17/2004,PSP,CA,AWP,WE,Combined TRACON& Tower with Radar,15,54,22,1,92,1,0,80,3,84,16,54,102,4,176,42,8,50,226
09/18/2004,PSP,CA,AWP,WE,Combined TRACON& Tower with Radar,0,12,16,1,29,0,0,127,8,135,0,12,143,9,164,12,0,12,176
09/19/2004,PSP,CA,AWP,WE,Combined TRACON& Tower with Radar,12,42,18,0,72,4,0,57,0,61,16,42,75,0,133,6,0,6,139
09/20/2004,PSP,CA,AWP,WE,Combined TRACON& Tower with Radar,12,45,18,0,75,3,8,44,0,55,15,53,62,0,130,88,0,88,218
09/21/2004,PSP,CA,AWP,WE,Combined TRACON& Tower with Radar,12,52,20,0,84,0,6,71,0,77,12,58,91,0,161,100,0,100,261
09/22/2004,PSP,CA,AWP,WE,Combined TRACON& Tower with Radar,13,41,19,1,74,4,0,71,3,78,17,41,90,4,152,34,0,34,186
09/23/2004,PSP,CA,AWP,WE,Combined TRACON& Tower with Radar,14,49,20,0,83,4,0,85,0,89,18,49,105,0,172,26,0,26,198
09/24/2004,PSP,CA,AWP,WE,Combined TRACON& Tower with Radar,12,54,21,0,87,0,9,90,3,102,12,63,111,3,189,54,0,54,243
09/25/2004,PSP,CA,AWP,WE,Combined TRACON& Tower with Radar,11,40,16,0,67,0,10,97,6,113,11,50,113,6,180,32,0,32,212
09/26/2004,PSP,CA,AWP,WE,Combined TRACON& Tower with Radar,14,54,21,0,89,3,2,85,2,92,17,56,106,2,181,42,0,42,223
09/27/2004,PSP,CA,AWP,WE,Combined TRACON& Tower with Radar,15,56,23,1,95,3,0,59,3,65,18,56,82,4,160,100,0,100,260
09/28/2004,PSP,CA,AWP,WE,Combined TRACON& Tower with Radar,12,49,20,0,81,0,49,56,0,105,12,98,76,0,186,50,0,50,236
09/29/2004,PSP,CA,AWP,WE,Combined TRACON& Tower with Radar,13,48,19,0,80,8,2,33,2,45,21,50,52,2,125,32,0,32,157
09/30/2004,PSP,CA,AWP,WE,Combined TRACON& Tower with Radar,14,52,21,0,87,1,0,41,0,42,15,52,62,0,129,38,0,38,167
10/01/2004,PSP,CA,AWP,WE,Combined TRACON& Tower with Radar,18,69,26,0,113,0,3,83,1,87,18,72,109,1,200,58,0,58,258
10/02/2004,PSP,CA,AWP,WE,Combined TRACON& Tower with Radar,18,51,13,0,82,0,0,84,0,84,18,51,97,0,166,86,0,86,252
10/03/2004,PSP,CA,AWP,WE,Combined TRACON& Tower with Radar,20,52,30,0,102,0,0,107,0,107,20,52,137,0,209,82,0,82,291
10/04/2004,PSP,CA,AWP,WE,Combined TRACON& Tower with Radar,20,47,40,0,107,0,3,44,0,47,20,50,84,0,154,10,0,10,164
10/05/2004,PSP,CA,AWP,WE,Combined TRACON& Tower with Radar,20,65,40,0,125,0,5,51,0,56,20,70,91,0,181,20,0,20,201
10/06/2004,PSP,CA,AWP,WE,Combined TRACON& Tower with Radar,25,65,85,4,179,0,5,95,0,100,25,70,180,4,279,74,10,84,363
10/07/2004,PSP,CA,AWP,WE,Combined TRACON& Tower with Radar,21,56,57,2,136,0,5,102,0,107,21,61,159,2,243,54,0,54,297
10/08/2004,PSP,CA,AWP,WE,Combined TRACON& Tower with Radar,32,68,50,2,152,0,7,91,0,98,32,75,141,2,250,70,0,70,320
10/09/2004,PSP,CA,AWP,WE,Combined TRACON& Tower with Radar,18,49,66,0,133,1,3,212,0,216,19,52,278,0,349,66,0,66,415
10/10/2004,PSP,CA,AWP,WE,Combined TRACON& Tower with Radar,22,53,80,0,155,0,0,202,0,202,22,53,282,0,357,116,0,116,473
10/11/2004,PSP,CA,AWP,WE,Combined TRACON& Tower with Radar,20,61,33,0,114,0,1,60,0,61,20,62,93,0,175,28,0,28,203
10/12/2004,PSP,CA,AWP,WE,Combined TRACON& Tower with Radar,21,58,30,0,109,0,3,66,2,71,21,61,96,2,180,130,0,130,310
10/13/2004,PSP,CA,AWP,WE,Combined TRACON& Tower with Radar,23,56,26,0,105,0,5,72,0,77,23,61,98,0,182,92,0,92,274
10/14/2004,PSP,CA,AWP,WE,Combined TRACON& Tower with Radar,25,57,21,2,105,0,1,83,0,84,25,58,104,2,189,34,28,62,251
10/15/2004,PSP,CA,AWP,WE,Combined TRACON& Tower with Radar,25,47,35,1,108,0,1,102,1,104,25,48,137,2,212,66,0,66,278
10/16/2004,PSP,CA,AWP,WE,Combined TRACON& Tower with Radar,21,43,17,0,81,0,0,83,0,83,21,43,100,0,164,56,0,56,220
10/17/2004,PSP,CA,AWP,WE,Combined TRACON& Tower with Radar,18,71,44,0,133,0,0,56,0,56,18,71,100,0,189,24,0,24,213
10/18/2004,PSP,CA,AWP,WE,Combined TRACON& Tower with Radar,25,53,29,0,107,0,4,40,0,44,25,57,69,0,151,12,0,12,163
10/19/2004,PSP,CA,AWP,WE,Combined TRACON& Tower with Radar,18,62,19,0,99,0,4,30,0,34,18,66,49,0,133,100,0,100,233
10/20/2004,PSP,CA,AWP,WE,Combined TRACON& Tower with Radar,20,62,35,0,117,0,2,22,0,24,20,64,57,0,141,0,0,0,141
10/21/2004,PSP,CA,AWP,WE,Combined TRACON& Tower with Radar,22,54,46,0,122,0,1,39,0,40,22,55,85,0,162,14,0,14,176
10/22/2004,PSP,CA,AWP,WE,Combined TRACON& Tower with Radar,21,62,34,0,117,0,3,105,0,108,21,65,139,0,225,54,0,54,279
10/23/2004,PSP,CA,AWP,WE,Combined TRACON& Tower with Radar,18,53,26,0,97,0,0,118,0,118,18,53,144,0,215,56,0,56,271
10/24/2004,PSP,CA,AWP,WE,Combined TRACON& Tower with Radar,21,66,28,0,115,0,0,112,0,112,21,66,140,0,227,78,0,78,305
10/25/2004,PSP,CA,AWP,WE,Combined TRACON& Tower with Radar,20,56,47,0,123,0,0,63,0,63,20,56,110,0,186,56,0,56,242
10/26/2004,PSP,CA,AWP,WE,Combined TRACON& Tower with Radar,20,68,27,2,117,0,1,40,0,41,20,69,67,2,158,100,0,100,258
10/27/2004,PSP,CA,AWP,WE,Combined TRACON& Tower with Radar,23,61,18,0,102,0,1,14,0,15,23,62,32,0,117,36,0,36,153
10/28/2004,PSP,CA,AWP,WE,Combined TRACON& Tower with Radar,19,62,34,0,115,0,1,40,0,41,19,63,74,0,156,26,0,26,182
10/29/2004,PSP,CA,AWP,WE,Combined TRACON& Tower with Radar,21,59,47,2,129,0,3,115,0,118,21,62,162,2,247,16,0,16,263
10/30/2004,PSP,CA,AWP,WE,Combined TRACON& Tower with Radar,19,45,32,2,98,0,1,143,0,144,19,46,175,2,242,78,2,80,322
10/31/2004,PSP,CA,AWP,WE,Combined TRACON& Tower with Radar,32,59,41,3,135,0,2,117,0,119,32,61,158,3,254,72,0,72,326
11/01/2004,PSP,CA,AWP,WE,Combined TRACON& Tower with Radar,31,59,17,0,107,0,3,34,1,38,31,62,51,1,145,6,0,6,151
11/02/2004,PSP,CA,AWP,WE,Combined TRACON& Tower with Radar,32,62,26,0,120,0,0,60,0,60,32,62,86,0,180,10,0,10,190
11/03/2004,PSP,CA,AWP,WE,Combined TRACON& Tower with Radar,30,67,45,1,143,0,2,692,0,694,30,69,737,1,837,106,0,106,943
11/04/2004,PSP,CA,AWP,WE,Combined TRACON& Tower with Radar,32,76,49,1,158,0,2,99,0,101,32,78,148,1,259,100,0,100,359
11/05/2004,PSP,CA,AWP,WE,Combined TRACON& Tower with Radar,32,67,47,1,147,0,2,146,4,152,32,69,193,5,299,74,0,74,373
11/06/2004,PSP,CA,AWP,WE,Combined TRACON& Tower with Radar,33,57,31,2,123,0,0,100,0,100,33,57,131,2,223,54,0,54,277
11/07/2004,PSP,CA,AWP,WE,Combined TRACON& Tower with Radar,33,72,41,2,148,0,0,88,1,89,33,72,129,3,237,132,0,132,369
11/08/2004,PSP,CA,AWP,WE,Combined TRACON& Tower with Radar,30,64,52,3,149,0,1,59,0,60,30,65,111,3,209,32,0,32,241
11/09/2004,PSP,CA,AWP,WE,Combined TRACON& Tower with Radar,34,75,34,3,146,0,1,78,1,80,34,76,112,4,226,100,0,100,326
11/10/2004,PSP,CA,AWP,WE,Combined TRACON& Tower with Radar,35,80,33,0,148,0,3,77,0,80,35,83,110,0,228,100,0,100,328
11/11/2004,PSP,CA,AWP,WE,Combined TRACON& Tower with Radar,35,65,55,3,158,0,2,71,0,73,35,67,126,3,231,70,0,70,301
11/12/2004,PSP,CA,AWP,WE,Combined TRACON& Tower with Radar,34,78,43,2,157,0,1,104,0,105,34,79,147,2,262,88,0,88,350
11/13/2004,PSP,CA,AWP,WE,Combined TRACON& Tower with Radar,35,61,40,0,136,0,0,74,0,74,35,61,114,0,210,126,0,126,336
11/14/2004,PSP,CA,AWP,WE,Combined TRACON& Tower with Radar,38,78,55,0,171,0,1,115,0,116,38,79,170,0,287,50,0,50,337
11/15/2004,PSP,CA,AWP,WE,Combined TRACON& Tower with Radar,30,75,39,0,144,0,1,95,0,96,30,76,134,0,240,28,0,28,268
11/16/2004,PSP,CA,AWP,WE,Combined TRACON& Tower with Radar,32,80,53,1,166,0,0,80,0,80,32,80,133,1,246,100,0,100,346
11/17/2004,PSP,CA,AWP,WE,Combined TRACON& Tower with Radar,34,80,34,0,148,0,0,100,0,100,34,80,134,0,248,100,0,100,348
11/18/2004,PSP,CA,AWP,WE,Combined TRACON& Tower with Radar,34,77,67,0,178,0,0,117,0,117,34,77,184,0,295,29,0,29,324
11/19/2004,PSP,CA,AWP,WE,Combined TRACON& Tower with Radar,34,79,67,0,180,0,15,116,0,131,34,94,183,0,311,56,0,56,367
11/20/2004,PSP,CA,AWP,WE,Combined TRACON& Tower with Radar,34,87,44,0,165,0,0,91,6,97,34,87,135,6,262,32,0,32,294
11/21/2004,PSP,CA,AWP,WE,Combined TRACON& Tower with Radar,36,77,70,0,183,0,0,21,0,21,36,77,91,0,204,4,0,4,208
11/22/2004,PSP,CA,AWP,WE,Combined TRACON& Tower with Radar,33,91,57,2,183,0,2,62,2,66,33,93,119,4,249,40,16,56,305
11/23/2004,PSP,CA,AWP,WE,Combined TRACON& Tower with Radar,40,74,66,4,184,0,2,120,1,123,40,76,186,5,307,100,0,100,407
11/24/2004,PSP,CA,AWP,WE,Combined TRACON& Tower with Radar,32,89,54,0,175,0,2,108,0,110,32,91,162,0,285,50,0,50,335
11/25/2004,PSP,CA,AWP,WE,Combined TRACON& Tower with Radar,28,47,15,0,90,0,0,69,0,69,28,47,84,0,159,30,0,30,189
11/26/2004,PSP,CA,AWP,WE,Combined TRACON& Tower with Radar,34,70,36,0,140,0,1,104,0,105,34,71,140,0,245,20,0,20,265
11/27/2004,PSP,CA,AWP,WE,Combined TRACON& Tower with Radar,36,71,43,0,150,0,5,72,0,77,36,76,115,0,227,18,0,18,245
11/28/2004,PSP,CA,AWP,WE,Combined TRACON& Tower with Radar,37,111,92,0,240,0,0,94,0,94,37,111,186,0,334,10,0,10,344
11/29/2004,PSP,CA,AWP,WE,Combined TRACON& Tower with Radar,32,74,42,1,149,0,0,76,0,76,32,74,118,1,225,82,0,82,307
11/30/2004,PSP,CA,AWP,WE,Combined TRACON& Tower with Radar,32,66,34,1,133,0,2,92,2,96,32,68,126,3,229,150,0,150,379
12/01/2004,PSP,CA,AWP,WE,Combined TRACON& Tower with Radar,37,72,53,0,162,0,5,86,3,94,37,77,139,3,256,60,20,80,336
12/02/2004,PSP,CA,AWP,WE,Combined TRACON& Tower with Radar,32,78,31,0,141,0,1,77,0,78,32,79,108,0,219,78,0,78,297
12/03/2004,PSP,CA,AWP,WE,Combined TRACON& Tower with Radar,32,71,26,0,129,0,1,117,0,118,32,72,143,0,247,54,0,54,301
12/04/2004,PSP,CA,AWP,WE,Combined TRACON& Tower with Radar,34,70,32,2,138,0,0,81,0,81,34,70,113,2,219,46,0,46,265
12/05/2004,PSP,CA,AWP,WE,Combined TRACON& Tower with Radar,36,67,47,0,150,0,0,32,0,32,36,67,79,0,182,46,0,46,228
12/06/2004,PSP,CA,AWP,WE,Combined TRACON& Tower with Radar,33,72,27,0,132,0,0,67,0,67,33,72,94,0,199,86,0,86,285
12/07/2004,PSP,CA,AWP,WE,Combined TRACON& Tower with Radar,36,64,41,0,141,0,0,17,0,17,36,64,58,0,158,50,0,50,208
12/08/2004,PSP,CA,AWP,WE,Combined TRACON& Tower with Radar,31,74,36,4,145,0,4,46,0,50,31,78,82,4,195,60,0,60,255
12/09/2004,PSP,CA,AWP,WE,Combined TRACON& Tower with Radar,31,79,30,4,144,0,1,63,0,64,31,80,93,4,208,30,0,30,238
12/10/2004,PSP,CA,AWP,WE,Combined TRACON& Tower with Radar,32,68,31,3,134,0,5,132,2,139,32,73,163,5,273,40,0,40,313
12/11/2004,PSP,CA,AWP,WE,Combined TRACON& Tower with Radar,47,51,46,2,146,0,1,165,0,166,47,52,211,2,312,58,0,58,370
12/12/2004,PSP,CA,AWP,WE,Combined TRACON& Tower with Radar,33,67,31,0,131,0,1,116,0,117,33,68,147,0,248,48,0,48,296
12/13/2004,PSP,CA,AWP,WE,Combined TRACON& Tower with Radar,31,76,32,0,139,0,0,71,2,73,31,76,103,2,212,86,0,86,298
12/14/2004,PSP,CA,AWP,WE,Combined TRACON& Tower with Radar,36,62,37,0,135,0,4,72,0,76,36,66,109,0,211,100,0,100,311
12/15/2004,PSP,CA,AWP,WE,Combined TRACON& Tower with Radar,31,72,25,0,128,0,2,69,1,72,31,74,94,1,200,12,0,12,212
12/16/2004,PSP,CA,AWP,WE,Combined TRACON& Tower with Radar,31,69,20,2,122,0,3,52,0,55,31,72,72,2,177,22,0,22,199
12/17/2004,PSP,CA,AWP,WE,Combined TRACON& Tower with Radar,35,72,33,0,140,0,3,80,0,83,35,75,113,0,223,50,0,50,273
12/18/2004,PSP,CA,AWP,WE,Combined TRACON& Tower with Radar,34,59,23,0,116,0,2,111,0,113,34,61,134,0,229,80,0,80,309
12/19/2004,PSP,CA,AWP,WE,Combined TRACON& Tower with Radar,33,67,119,0,219,0,0,0,0,0,33,67,119,0,219,22,0,22,241
12/20/2004,PSP,CA,AWP,WE,Combined TRACON& Tower with Radar,33,68,32,1,134,0,2,78,1,81,33,70,110,2,215,28,0,28,243
12/21/2004,PSP,CA,AWP,WE,Combined TRACON& Tower with Radar,32,69,33,0,134,0,4,71,0,75,32,73,104,0,209,48,0,48,257
12/22/2004,PSP,CA,AWP,WE,Combined TRACON& Tower with Radar,29,66,27,2,124,0,2,66,0,68,29,68,93,2,192,32,0,32,224
12/23/2004,PSP,CA,AWP,WE,Combined TRACON& Tower with Radar,32,76,18,0,126,0,1,24,0,25,32,77,42,0,151,12,0,12,163
12/24/2004,PSP,CA,AWP,WE,Combined TRACON& Tower with Radar,31,58,10,0,99,0,5,60,0,65,31,63,70,0,164,8,0,8,172
12/25/2004,PSP,CA,AWP,WE,Combined TRACON& Tower with Radar,35,65,8,0,108,0,1,49,0,50,35,66,57,0,158,4,0,4,162
12/26/2004,PSP,CA,AWP,WE,Combined TRACON& Tower with Radar,36,69,52,0,157,0,0,86,0,86,36,69,138,0,243,28,0,28,271
12/27/2004,PSP,CA,AWP,WE,Combined TRACON& Tower with Radar,34,74,54,0,162,0,1,44,0,45,34,75,98,0,207,32,0,32,239
12/28/2004,PSP,CA,AWP,WE,Combined TRACON& Tower with Radar,20,48,13,0,81,0,0,0,0,0,20,48,13,0,81,0,0,0,81
12/29/2004,PSP,CA,AWP,WE,Combined TRACON& Tower with Radar,32,68,46,0,146,0,3,16,0,19,32,71,62,0,165,50,0,50,215
12/30/2004,PSP,CA,AWP,WE,Combined TRACON& Tower with Radar,34,80,46,1,161,0,1,74,2,77,34,81,120,3,238,48,0,48,286
12/31/2004,PSP,CA,AWP,WE,Combined TRACON& Tower with Radar,35,62,29,0,126,0,1,27,0,28,35,63,56,0,154,30,0,30,184
01/01/2005,PSP,CA,AWP,WE,Combined TRACON& Tower with Radar,35,63,28,0,126,0,0,62,0,62,35,63,90,0,188,32,0,32,220
01/02/2005,PSP,CA,AWP,WE,Combined TRACON& Tower with Radar,34,82,79,0,195,0,0,82,0,82,34,82,161,0,277,58,0,58,335
01/03/2005,PSP,CA,AWP,WE,Combined TRACON& Tower with Radar,33,86,49,0,168,297,0,7,0,304,330,86,56,0,472,10,0,10,482
01/04/2005,PSP,CA,AWP,WE,Combined TRACON& Tower with Radar,34,68,52,0,154,0,0,26,0,26,34,68,78,0,180,100,0,100,280
01/05/2005,PSP,CA,AWP,WE,Combined TRACON& Tower with Radar,30,68,48,0,146,0,1,75,0,76,30,69,123,0,222,36,0,36,258
01/06/2005,PSP,CA,AWP,WE,Combined TRACON& Tower with Radar,35,74,63,1,173,0,3,84,1,88,35,77,147,2,261,20,0,20,281
01/07/2005,PSP,CA,AWP,WE,Combined TRACON& Tower with Radar,23,41,25,0,89,0,0,2,0,2,23,41,27,0,91,8,0,8,99
01/08/2005,PSP,CA,AWP,WE,Combined TRACON& Tower with Radar,5,14,12,0,31,0,1,2,0,3,5,15,14,0,34,0,0,0,34
01/09/2005,PSP,CA,AWP,WE,Combined TRACON& Tower with Radar,19,22,14,0,55,0,0,1,8,9,19,22,15,8,64,0,0,0,64
01/10/2005,PSP,CA,AWP,WE,Combined TRACON& Tower with Radar,35,46,18,2,101,0,0,2,0,2,35,46,20,2,103,0,0,0,103
01/11/2005,PSP,CA,AWP,WE,Combined TRACON& Tower with Radar,42,70,31,2,145,0,10,15,1,26,42,80,46,3,171,50,0,50,221
01/12/2005,PSP,CA,AWP,WE,Combined TRACON& Tower with Radar,30,70,27,0,127,0,10,110,0,120,30,80,137,0,247,100,0,100,347
01/13/2005,PSP,CA,AWP,WE,Combined TRACON& Tower with Radar,33,76,61,0,170,0,2,140,0,142,33,78,201,0,312,46,0,46,358
01/14/2005,PSP,CA,AWP,WE,Combined TRACON& Tower with Radar,38,91,44,0,173,0,2,151,0,153,38,93,195,0,326,40,0,40,366
01/15/2005,PSP,CA,AWP,WE,Combined TRACON& Tower with Radar,36,73,28,0,137,0,1,212,0,213,36,74,240,0,350,72,0,72,422
01/16/2005,PSP,CA,AWP,WE,Combined TRACON& Tower with Radar,38,81,55,1,175,0,0,166,0,166,38,81,221,1,341,114,0,114,455
01/17/2005,PSP,CA,AWP,WE,Combined TRACON& Tower with Radar,33,90,70,0,193,0,0,97,0,97,33,90,167,0,290,34,0,34,324
01/18/2005,PSP,CA,AWP,WE,Combined TRACON& Tower with Radar,32,80,35,2,149,0,0,106,3,109,32,80,141,5,258,100,10,110,368
01/19/2005,PSP,CA,AWP,WE,Combined TRACON& Tower with Radar,34,69,44,0,147,0,0,130,1,131,34,69,174,1,278,48,0,48,326
01/20/2005,PSP,CA,AWP,WE,Combined TRACON& Tower with Radar,32,83,40,0,155,0,0,93,0,93,32,83,133,0,248,104,0,104,352
01/21/2005,PSP,CA,AWP,WE,Combined TRACON& Tower with Radar,35,79,57,0,171,0,3,110,0,113,35,82,167,0,284,50,0,50,334
01/22/2005,PSP,CA,AWP,WE,Combined TRACON& Tower with Radar,36,83,46,1,166,0,2,118,0,120,36,85,164,1,286,100,0,100,386
01/23/2005,PSP,CA,AWP,WE,Combined TRACON& Tower with Radar,38,78,59,3,178,0,0,175,1,176,38,78,234,4,354,102,19,121,475
01/24/2005,PSP,CA,AWP,WE,Combined TRACON& Tower with Radar,31,81,53,0,165,0,0,86,0,86,31,81,139,0,251,156,0,156,407
01/25/2005,PSP,CA,AWP,WE,Combined TRACON& Tower with Radar,30,90,67,0,187,0,1,93,1,95,30,91,160,1,282,100,0,100,382
01/26/2005,PSP,CA,AWP,WE,Combined TRACON& Tower with Radar,33,81,56,1,171,0,1,6,0,7,33,82,62,1,178,92,0,92,270
01/27/2005,PSP,CA,AWP,WE,Combined TRACON& Tower with Radar,36,93,62,2,193,0,3,71,1,75,36,96,133,3,268,76,4,80,348
01/28/2005,PSP,CA,AWP,WE,Combined TRACON& Tower with Radar,33,94,63,2,192,0,0,61,0,61,33,94,124,2,253,82,0,82,335
01/29/2005,PSP,CA,AWP,WE,Combined TRACON& Tower with Radar,35,89,43,0,167,0,1,142,0,143,35,90,185,0,310,58,0,58,368
01/30/2005,PSP,CA,AWP,WE,Combined TRACON& Tower with Radar,38,105,54,0,197,0,2,119,0,121,38,107,173,0,318,16,0,16,334
01/31/2005,PSP,CA,AWP,WE,Combined TRACON& Tower with Radar,35,88,47,0,170,0,0,62,2,64,35,88,109,2,234,12,0,12,246
02/01/2005,PSP,CA,AWP,WE,Combined TRACON& Tower with Radar,32,92,33,0,157,0,3,90,1,94,32,95,123,1,251,50,0,50,301
02/02/2005,PSP,CA,AWP,WE,Combined TRACON& Tower with Radar,31,95,48,0,174,0,10,59,2,71,31,105,107,2,245,32,0,32,277
02/03/2005,PSP,CA,AWP,WE,Combined TRACON& Tower with Radar,37,91,49,0,177,0,2,71,0,73,37,93,120,0,250,6,0,6,256
02/04/2005,PSP,CA,AWP,WE,Combined TRACON& Tower with Radar,36,91,60,0,187,0,8,124,3,135,36,99,184,3,322,50,0,50,372
02/05/2005,PSP,CA,AWP,WE,Combined TRACON& Tower with Radar,37,72,30,0,139,0,4,120,0,124,37,76,150,0,263,32,0,32,295
02/06/2005,PSP,CA,AWP,WE,Combined TRACON& Tower with Radar,40,79,52,2,173,0,1,77,0,78,40,80,129,2,251,20,0,20,271
02/07/2005,PSP,CA,AWP,WE,Combined TRACON& Tower with Radar,38,90,65,0,193,0,0,67,0,67,38,90,132,0,260,60,0,60,320
02/08/2005,PSP,CA,AWP,WE,Combined TRACON& Tower with Radar,34,92,51,2,179,0,0,107,2,109,34,92,158,4,288,100,0,100,388
02/09/2005,PSP,CA,AWP,WE,Combined TRACON& Tower with Radar,35,72,63,4,174,0,5,131,3,139,35,77,194,7,313,54,2,56,369
02/10/2005,PSP,CA,AWP,WE,Combined TRACON& Tower with Radar,38,85,42,5,170,0,4,84,3,91,38,89,126,8,261,36,0,36,297
02/11/2005,PSP,CA,AWP,WE,Combined TRACON& Tower with Radar,44,83,62,0,189,0,0,0,0,0,44,83,62,0,189,0,0,0,189
02/12/2005,PSP,CA,AWP,WE,Combined TRACON& Tower with Radar,42,81,51,0,174,0,1,49,3,53,42,82,100,3,227,26,0,26,253
02/13/2005,PSP,CA,AWP,WE,Combined TRACON& Tower with Radar,42,95,78,0,215,0,0,86,6,92,42,95,164,6,307,40,0,40,347
02/14/2005,PSP,CA,AWP,WE,Combined TRACON& Tower with Radar,44,82,57,5,188,0,0,59,4,63,44,82,116,9,251,110,0,110,361
02/15/2005,PSP,CA,AWP,WE,Combined TRACON& Tower with Radar,36,91,51,3,181,0,11,63,1,75,36,102,114,4,256,100,0,100,356
02/16/2005,PSP,CA,AWP,WE,Combined TRACON& Tower with Radar,36,87,73,2,198,0,1,91,6,98,36,88,164,8,296,58,0,58,354
02/17/2005,PSP,CA,AWP,WE,Combined TRACON& Tower with Radar,39,102,72,4,217,0,0,92,1,93,39,102,164,5,310,124,0,124,434
02/18/2005,PSP,CA,AWP,WE,Combined TRACON& Tower with Radar,51,98,82,0,231,0,0,22,0,22,51,98,104,0,253,12,0,12,265
02/19/2005,PSP,CA,AWP,WE,Combined TRACON& Tower with Radar,50,58,42,2,152,0,1,24,0,25,50,59,66,2,177,100,2,102,279
02/20/2005,PSP,CA,AWP,WE,Combined TRACON& Tower with Radar,44,90,74,0,208,0,4,55,1,60,44,94,129,1,268,66,0,66,334
02/21/2005,PSP,CA,AWP,WE,Combined TRACON& Tower with Radar,44,105,77,2,228,0,0,7,0,7,44,105,84,2,235,4,0,4,239
02/22/2005,PSP,CA,AWP,WE,Combined TRACON& Tower with Radar,48,80,57,0,185,0,0,17,0,17,48,80,74,0,202,30,0,30,232
02/23/2005,PSP,CA,AWP,WE,Combined TRACON& Tower with Radar,38,88,42,0,168,0,3,31,0,34,38,91,73,0,202,80,0,80,282
02/24/2005,PSP,CA,AWP,WE,Combined TRACON& Tower with Radar,42,90,86,3,221,0,3,61,4,68,42,93,147,7,289,32,4,36,325
02/25/2005,PSP,CA,AWP,WE,Combined TRACON& Tower with Radar,46,82,54,2,184,0,0,90,12,102,46,82,144,14,286,30,0,30,316
02/26/2005,PSP,CA,AWP,WE,Combined TRACON& Tower with Radar,46,73,42,3,164,0,0,119,1,120,46,73,161,4,284,56,0,56,340
02/27/2005,PSP,CA,AWP,WE,Combined TRACON& Tower with Radar,48,99,99,0,246,0,0,140,0,140,48,99,239,0,386,38,0,38,424
02/28/2005,PSP,CA,AWP,WE,Combined TRACON& Tower with Radar,49,88,60,0,197,0,3,67,0,70,49,91,127,0,267,98,0,98,365
03/01/2005,PSP,CA,AWP,WE,Combined TRACON& Tower with Radar,42,80,54,2,178,0,3,115,2,120,42,83,169,4,298,100,0,100,398
03/02/2005,PSP,CA,AWP,WE,Combined TRACON& Tower with Radar,38,86,42,2,168,0,0,59,0,59,38,86,101,2,227,100,0,100,327
03/03/2005,PSP,CA,AWP,WE,Combined TRACON& Tower with Radar,38,105,65,5,213,0,2,138,0,140,38,107,203,5,353,94,0,94,447
03/04/2005,PSP,CA,AWP,WE,Combined TRACON& Tower with Radar,44,89,70,0,203,0,1,60,0,61,44,90,130,0,264,62,0,62,326
03/05/2005,PSP,CA,AWP,WE,Combined TRACON& Tower with Radar,47,83,38,0,168,0,0,69,0,69,47,83,107,0,237,90,0,90,327
03/06/2005,PSP,CA,AWP,WE,Combined TRACON& Tower with Radar,50,85,75,0,210,0,0,164,0,164,50,85,239,0,374,112,0,112,486
03/07/2005,PSP,CA,AWP,WE,Combined TRACON& Tower with Radar,43,101,55,3,202,0,2,106,2,110,43,103,161,5,312,22,2,24,336
03/08/2005,PSP,CA,AWP,WE,Combined TRACON& Tower with Radar,44,74,57,0,175,0,0,108,1,109,44,74,165,1,284,100,0,100,384
03/09/2005,PSP,CA,AWP,WE,Combined TRACON& Tower with Radar,42,80,62,0,184,0,6,144,0,150,42,86,206,0,334,140,0,140,474
03/10/2005,PSP,CA,AWP,WE,Combined TRACON& Tower with Radar,38,91,66,0,195,0,1,117,0,118,38,92,183,0,313,50,0,50,363
03/11/2005,PSP,CA,AWP,WE,Combined TRACON& Tower with Radar,48,96,92,3,239,0,3,144,2,149,48,99,236,5,388,72,0,72,460
03/12/2005,PSP,CA,AWP,WE,Combined TRACON& Tower with Radar,50,90,58,0,198,0,1,120,0,121,50,91,178,0,319,62,0,62,381
03/13/2005,PSP,CA,AWP,WE,Combined TRACON& Tower with Radar,48,102,88,0,238,0,1,114,0,115,48,103,202,0,353,40,0,40,393
03/14/2005,PSP,CA,AWP,WE,Combined TRACON& Tower with Radar,45,82,42,0,169,0,3,40,2,45,45,85,82,2,214,2,0,2,216
03/15/2005,PSP,CA,AWP,WE,Combined TRACON& Tower with Radar,42,84,40,0,166,0,1,100,0,101,42,85,140,0,267,50,0,50,317
03/16/2005,PSP,CA,AWP,WE,Combined TRACON& Tower with Radar,41,91,55,0,187,0,1,115,0,116,41,92,170,0,303,44,0,44,347
03/17/2005,PSP,CA,AWP,WE,Combined TRACON& Tower with Radar,41,87,52,0,180,0,2,124,0,126,41,89,176,0,306,20,0,20,326
03/18/2005,PSP,CA,AWP,WE,Combined TRACON& Tower with Radar,43,92,93,0,228,0,0,50,0,50,43,92,143,0,278,60,0,60,338
03/19/2005,PSP,CA,AWP,WE,Combined TRACON& Tower with Radar,47,98,56,1,202,0,1,52,1,54,47,99,108,2,256,30,0,30,286
03/20/2005,PSP,CA,AWP,WE,Combined TRACON& Tower with Radar,33,96,101,8,238,11,2,120,4,137,44,98,221,12,375,42,0,42,417
03/21/2005,PSP,CA,AWP,WE,Combined TRACON& Tower with Radar,46,97,59,2,204,0,0,92,0,92,46,97,151,2,296,80,0,80,376
03/22/2005,PSP,CA,AWP,WE,Combined TRACON& Tower with Radar,40,104,52,4,200,0,1,55,1,57,40,105,107,5,257,50,0,50,307
03/23/2005,PSP,CA,AWP,WE,Combined TRACON& Tower with Radar,40,82,70,4,196,0,0,40,0,40,40,82,110,4,236,10,0,10,246
03/24/2005,PSP,CA,AWP,WE,Combined TRACON& Tower with Radar,42,100,107,0,249,0,1,42,0,43,42,101,149,0,292,16,0,16,308
03/25/2005,PSP,CA,AWP,WE,Combined TRACON& Tower with Radar,50,99,66,2,217,0,0,97,0,97,50,99,163,2,314,48,0,48,362
03/26/2005,PSP,CA,AWP,WE,Combined TRACON& Tower with Radar,48,76,47,6,177,0,2,135,0,137,48,78,182,6,314,78,0,78,392
03/27/2005,PSP,CA,AWP,WE,Combined TRACON& Tower with Radar,48,94,58,1,201,0,0,165,0,165,48,94,223,1,366,74,0,74,440
03/28/2005,PSP,CA,AWP,WE,Combined TRACON& Tower with Radar,43,98,68,0,209,0,0,36,0,36,43,98,104,0,245,6,0,6,251
03/29/2005,PSP,CA,AWP,WE,Combined TRACON& Tower with Radar,46,88,38,0,172,0,5,78,0,83,46,93,116,0,255,100,0,100,355
03/30/2005,PSP,CA,AWP,WE,Combined TRACON& Tower with Radar,36,85,46,0,167,0,1,100,0,101,36,86,146,0,268,100,0,100,368
03/31/2005,PSP,CA,AWP,WE,Combined TRACON& Tower with Radar,39,95,56,0,190,0,1,66,0,67,39,96,122,0,257,60,0,60,317
04/01/2005,PSP,CA,AWP,WE,Combined TRACON& Tower with Radar,44,101,70,0,215,0,2,137,0,139,44,103,207,0,354,78,0,78,432
04/02/2005,PSP,CA,AWP,WE,Combined TRACON& Tower with Radar,45,97,36,0,178,0,8,171,0,179,45,105,207,0,357,62,0,62,419
04/03/2005,PSP,CA,AWP,WE,Combined TRACON& Tower with Radar,38,98,70,3,209,0,1,101,0,102,38,99,171,3,311,18,0,18,329
04/04/2005,PSP,CA,AWP,WE,Combined TRACON& Tower with Radar,37,71,45,0,153,0,2,54,1,57,37,73,99,1,210,24,0,24,234
04/05/2005,PSP,CA,AWP,WE,Combined TRACON& Tower with Radar,32,74,40,5,151,0,0,100,0,100,32,74,140,5,251,100,0,100,351
04/06/2005,PSP,CA,AWP,WE,Combined TRACON& Tower with Radar,30,74,38,2,144,0,2,85,1,88,30,76,123,3,232,38,0,38,270
04/07/2005,PSP,CA,AWP,WE,Combined TRACON& Tower with Radar,29,59,44,0,132,0,0,99,0,99,29,59,143,0,231,34,0,34,265
04/08/2005,PSP,CA,AWP,WE,Combined TRACON& Tower with Radar,34,86,38,2,160,0,2,58,0,60,34,88,96,2,220,24,0,24,244
04/09/2005,PSP,CA,AWP,WE,Combined TRACON& Tower with Radar,38,67,35,0,140,0,0,87,0,87,38,67,122,0,227,16,0,16,243
04/10/2005,PSP,CA,AWP,WE,Combined TRACON& Tower with Radar,36,86,63,0,185,0,0,124,0,124,36,86,187,0,309,76,0,76,385
04/11/2005,PSP,CA,AWP,WE,Combined TRACON& Tower with Radar,34,72,49,0,155,0,1,97,1,99,34,73,146,1,254,32,0,32,286
04/12/2005,PSP,CA,AWP,WE,Combined TRACON& Tower with Radar,36,65,56,2,159,0,3,120,0,123,36,68,176,2,282,100,0,100,382
04/13/2005,PSP,CA,AWP,WE,Combined TRACON& Tower with Radar,35,69,36,2,142,0,2,87,0,89,35,71,123,2,231,54,6,60,291
04/14/2005,PSP,CA,AWP,WE,Combined TRACON& Tower with Radar,29,70,48,0,147,0,1,100,0,101,29,71,148,0,248,74,0,74,322
04/15/2005,PSP,CA,AWP,WE,Combined TRACON& Tower with Radar,33,65,63,0,161,0,2,141,0,143,33,67,204,0,304,24,0,24,328
04/16/2005,PSP,CA,AWP,WE,Combined TRACON& Tower with Radar,36,70,38,0,144,0,4,131,0,135,36,74,169,0,279,56,0,56,335
04/17/2005,PSP,CA,AWP,WE,Combined TRACON& Tower with Radar,42,69,59,0,170,0,0,139,0,139,42,69,198,0,309,16,0,16,325
04/18/2005,PSP,CA,AWP,WE,Combined TRACON& Tower with Radar,35,88,41,0,164,0,2,57,0,59,35,90,98,0,223,24,0,24,247
04/19/2005,PSP,CA,AWP,WE,Combined TRACON& Tower with Radar,34,62,42,0,138,0,1,45,0,46,34,63,87,0,184,50,0,50,234
04/20/2005,PSP,CA,AWP,WE,Combined TRACON& Tower with Radar,31,74,52,0,157,0,5,75,0,80,31,79,127,0,237,62,0,62,299
04/21/2005,PSP,CA,AWP,WE,Combined TRACON& Tower with Radar,28,77,49,1,155,0,1,106,0,107,28,78,155,1,262,48,2,50,312
04/22/2005,PSP,CA,AWP,WE,Combined TRACON& Tower with Radar,33,70,73,3,179,0,8,105,0,113,33,78,178,3,292,98,0,98,390
04/23/2005,PSP,CA,AWP,WE,Combined TRACON& Tower with Radar,39,66,30,0,135,0,0,96,0,96,39,66,126,0,231,24,0,24,255
04/24/2005,PSP,CA,AWP,WE,Combined TRACON& Tower with Radar,37,75,78,0,190,0,4,66,0,70,37,79,144,0,260,30,0,30,290
04/25/2005,PSP,CA,AWP,WE,Combined TRACON& Tower with Radar,36,74,38,0,148,0,2,76,0,78,36,76,114,0,226,62,0,62,288
04/26/2005,PSP,CA,AWP,WE,Combined TRACON& Tower with Radar,36,76,46,0,158,0,2,87,0,89,36,78,133,0,247,100,0,100,347
04/27/2005,PSP,CA,AWP,WE,Combined TRACON& Tower with Radar,29,65,47,0,141,0,3,46,0,49,29,68,93,0,190,0,0,0,190
04/28/2005,PSP,CA,AWP,WE,Combined TRACON& Tower with Radar,29,75,60,0,164,0,0,36,0,36,29,75,96,0,200,42,0,42,242
04/29/2005,PSP,CA,AWP,WE,Combined TRACON& Tower with Radar,33,88,61,0,182,0,4,112,0,116,33,92,173,0,298,42,0,42,340
04/30/2005,PSP,CA,AWP,WE,Combined TRACON& Tower with Radar,36,70,42,0,148,0,1,119,0,120,36,71,161,0,268,60,0,60,328
05/01/2005,PSP,CA,AWP,WE,Combined TRACON& Tower with Radar,27,66,72,0,165,0,1,117,0,118,27,67,189,0,283,12,0,12,295
05/02/2005,PSP,CA,AWP,WE,Combined TRACON& Tower with Radar,27,70,41,0,138,0,1,55,0,56,27,71,96,0,194,24,0,24,218
05/03/2005,PSP,CA,AWP,WE,Combined TRACON& Tower with Radar,24,66,52,0,142,0,2,120,2,124,24,68,172,2,266,50,0,50,316
05/04/2005,PSP,CA,AWP,WE,Combined TRACON& Tower with Radar,22,65,55,1,143,0,0,74,0,74,22,65,129,1,217,42,17,59,276
05/05/2005,PSP,CA,AWP,WE,Combined TRACON& Tower with Radar,20,55,52,1,128,0,0,28,0,28,20,55,80,1,156,26,0,26,182
05/06/2005,PSP,CA,AWP,WE,Combined TRACON& Tower with Radar,23,72,64,0,159,0,0,65,0,65,23,72,129,0,224,14,0,14,238
05/07/2005,PSP,CA,AWP,WE,Combined TRACON& Tower with Radar,24,51,43,0,118,0,2,92,0,94,24,53,135,0,212,26,0,26,238
05/08/2005,PSP,CA,AWP,WE,Combined TRACON& Tower with Radar,24,60,31,0,115,0,1,129,0,130,24,61,160,0,245,10,0,10,255
05/09/2005,PSP,CA,AWP,WE,Combined TRACON& Tower with Radar,24,59,37,0,120,0,0,29,0,29,24,59,66,0,149,12,0,12,161
05/10/2005,PSP,CA,AWP,WE,Combined TRACON& Tower with Radar,24,57,40,2,123,0,5,68,0,73,24,62,108,2,196,50,0,50,246
05/11/2005,PSP,CA,AWP,WE,Combined TRACON& Tower with Radar,21,52,34,0,107,0,5,70,0,75,21,57,104,0,182,50,0,50,232
05/12/2005,PSP,CA,AWP,WE,Combined TRACON& Tower with Radar,21,65,40,1,127,0,0,85,6,91,21,65,125,7,218,16,0,16,234
05/13/2005,PSP,CA,AWP,WE,Combined TRACON& Tower with Radar,24,60,39,1,124,0,2,93,1,96,24,62,132,2,220,26,0,26,246
05/14/2005,PSP,CA,AWP,WE,Combined TRACON& Tower with Radar,24,49,8,0,81,0,1,139,0,140,24,50,147,0,221,26,0,26,247
05/15/2005,PSP,CA,AWP,WE,Combined TRACON& Tower with Radar,18,70,45,0,133,0,0,141,0,141,18,70,186,0,274,72,0,72,346
05/16/2005,PSP,CA,AWP,WE,Combined TRACON& Tower with Radar,21,63,37,2,123,0,5,60,0,65,21,68,97,2,188,28,0,28,216
05/17/2005,PSP,CA,AWP,WE,Combined TRACON& Tower with Radar,22,68,24,0,114,0,3,48,0,51,22,71,72,0,165,50,0,50,215
05/18/2005,PSP,CA,AWP,WE,Combined TRACON& Tower with Radar,21,56,30,0,107,0,3,60,0,63,21,59,90,0,170,54,0,54,224
05/19/2005,PSP,CA,AWP,WE,Combined TRACON& Tower with Radar,22,56,25,2,105,0,2,88,0,90,22,58,113,2,195,34,0,34,229
05/20/2005,PSP,CA,AWP,WE,Combined TRACON& Tower with Radar,22,68,24,0,114,0,2,88,0,90,22,70,112,0,204,22,0,22,226
05/21/2005,PSP,CA,AWP,WE,Combined TRACON& Tower with Radar,23,47,11,1,82,0,0,112,5,117,23,47,123,6,199,42,0,42,241
05/22/2005,PSP,CA,AWP,WE,Combined TRACON& Tower with Radar,20,63,32,0,115,0,0,123,2,125,20,63,155,2,240,30,0,30,270
05/23/2005,PSP,CA,AWP,WE,Combined TRACON& Tower with Radar,24,51,34,0,109,0,3,75,0,78,24,54,109,0,187,18,0,18,205
05/24/2005,PSP,CA,AWP,WE,Combined TRACON& Tower with Radar,20,55,34,0,109,0,0,77,1,78,20,55,111,1,187,10,0,10,197
05/25/2005,PSP,CA,AWP,WE,Combined TRACON& Tower with Radar,27,55,29,10,121,0,5,91,0,96,27,60,120,10,217,50,0,50,267
05/26/2005,PSP,CA,AWP,WE,Combined TRACON& Tower with Radar,23,56,38,4,121,0,0,82,0,82,23,56,120,4,203,30,0,30,233
05/27/2005,PSP,CA,AWP,WE,Combined TRACON& Tower with Radar,24,59,42,0,125,0,0,110,0,110,24,59,152,0,235,6,0,6,241
05/28/2005,PSP,CA,AWP,WE,Combined TRACON& Tower with Radar,23,43,15,0,81,0,0,114,0,114,23,43,129,0,195,74,0,74,269
05/29/2005,PSP,CA,AWP,WE,Combined TRACON& Tower with Radar,19,46,17,0,82,0,0,56,0,56,19,46,73,0,138,64,0,64,202
05/30/2005,PSP,CA,AWP,WE,Combined TRACON& Tower with Radar,24,49,37,0,110,0,2,79,0,81,24,51,116,0,191,58,0,58,249
05/31/2005,PSP,CA,AWP,WE,Combined TRACON& Tower with Radar,20,47,24,0,91,0,1,66,0,67,20,48,90,0,158,50,0,50,208
06/01/2005,PSP,CA,AWP,WE,Combined TRACON& Tower with Radar,16,47,26,2,91,0,1,80,0,81,16,48,106,2,172,24,0,24,196
06/02/2005,PSP,CA,AWP,WE,Combined TRACON& Tower with Radar,17,49,31,0,97,0,2,39,0,41,17,51,70,0,138,4,0,4,142
06/03/2005,PSP,CA,AWP,WE,Combined TRACON& Tower with Radar,19,55,17,1,92,0,2,83,0,85,19,57,100,1,177,16,0,16,193
06/04/2005,PSP,CA,AWP,WE,Combined TRACON& Tower with Radar,19,45,18,2,84,0,4,103,0,107,19,49,121,2,191,70,0,70,261
06/05/2005,PSP,CA,AWP,WE,Combined TRACON& Tower with Radar,14,47,18,5,84,0,4,77,2,83,14,51,95,7,167,38,0,38,205
06/06/2005,PSP,CA,AWP,WE,Combined TRACON& Tower with Radar,14,52,17,2,85,0,13,63,2,78,14,65,80,4,163,50,0,50,213
06/07/2005,PSP,CA,AWP,WE,Combined TRACON& Tower with Radar,16,52,20,2,90,0,3,70,1,74,16,55,90,3,164,10,0,10,174
06/08/2005,PSP,CA,AWP,WE,Combined TRACON& Tower with Radar,16,54,16,0,86,0,4,82,1,87,16,58,98,1,173,50,0,50,223
06/09/2005,PSP,CA,AWP,WE,Combined TRACON& Tower with Radar,13,47,17,0,77,0,6,84,0,90,13,53,101,0,167,14,0,14,181
06/10/2005,PSP,CA,AWP,WE,Combined TRACON& Tower with Radar,14,45,16,0,75,0,0,84,0,84,14,45,100,0,159,26,0,26,185
06/11/2005,PSP,CA,AWP,WE,Combined TRACON& Tower with Radar,13,37,9,0,59,0,2,102,0,104,13,39,111,0,163,46,0,46,209
06/12/2005,PSP,CA,AWP,WE,Combined TRACON& Tower with Radar,13,54,26,2,95,0,1,84,1,86,13,55,110,3,181,10,0,10,191
06/13/2005,PSP,CA,AWP,WE,Combined TRACON& Tower with Radar,13,46,15,0,74,0,0,58,0,58,13,46,73,0,132,48,0,48,180
06/14/2005,PSP,CA,AWP,WE,Combined TRACON& Tower with Radar,16,50,22,0,88,0,5,60,1,66,16,55,82,1,154,100,0,100,254
06/15/2005,PSP,CA,AWP,WE,Combined TRACON& Tower with Radar,12,49,14,2,77,0,1,62,0,63,12,50,76,2,140,50,0,50,190
06/16/2005,PSP,CA,AWP,WE,Combined TRACON& Tower with Radar,13,45,15,3,76,0,1,56,0,57,13,46,71,3,133,14,0,14,147
06/17/2005,PSP,CA,AWP,WE,Combined TRACON& Tower with Radar,14,52,22,3,91,0,1,56,11,68,14,53,78,14,159,38,4,42,201
06/18/2005,PSP,CA,AWP,WE,Combined TRACON& Tower with Radar,16,37,11,0,64,0,4,73,0,77,16,41,84,0,141,54,0,54,195
06/19/2005,PSP,CA,AWP,WE,Combined TRACON& Tower with Radar,14,46,21,2,83,0,3,87,1,91,14,49,108,3,174,28,0,28,202
06/20/2005,PSP,CA,AWP,WE,Combined TRACON& Tower with Radar,13,45,12,1,71,0,1,72,1,74,13,46,84,2,145,50,0,50,195
06/21/2005,PSP,CA,AWP,WE,Combined TRACON& Tower with Radar,16,44,19,6,85,0,0,64,0,64,16,44,83,6,149,10,2,12,161
06/22/2005,PSP,CA,AWP,WE,Combined TRACON& Tower with Radar,10,47,18,3,78,0,3,86,1,90,10,50,104,4,168,14,6,20,188
06/23/2005,PSP,CA,AWP,WE,Combined TRACON& Tower with Radar,13,41,30,0,84,0,0,94,0,94,13,41,124,0,178,16,0,16,194
06/24/2005,PSP,CA,AWP,WE,Combined TRACON& Tower with Radar,13,43,20,0,76,0,2,79,0,81,13,45,99,0,157,28,0,28,185
06/25/2005,PSP,CA,AWP,WE,Combined TRACON& Tower with Radar,13,38,11,2,64,0,2,85,1,88,13,40,96,3,152,8,10,18,170
06/26/2005,PSP,CA,AWP,WE,Combined TRACON& Tower with Radar,12,43,25,3,83,0,0,77,2,79,12,43,102,5,162,10,0,10,172
06/27/2005,PSP,CA,AWP,WE,Combined TRACON& Tower with Radar,11,41,7,0,59,0,1,79,0,80,11,42,86,0,139,10,0,10,149
06/28/2005,PSP,CA,AWP,WE,Combined TRACON& Tower with Radar,10,42,10,1,63,0,2,61,0,63,10,44,71,1,126,50,0,50,176
06/29/2005,PSP,CA,AWP,WE,Combined TRACON& Tower with Radar,12,38,15,0,65,0,2,63,0,65,12,40,78,0,130,38,0,38,168
06/30/2005,PSP,CA,AWP,WE,Combined TRACON& Tower with Radar,13,44,13,0,70,0,2,89,0,91,13,46,102,0,161,30,0,30,191
07/01/2005,PSP,CA,AWP,WE,Combined TRACON& Tower with Radar,14,44,23,0,81,0,2,104,0,106,14,46,127,0,187,42,0,42,229
07/02/2005,PSP,CA,AWP,WE,Combined TRACON& Tower with Radar,10,41,17,0,68,0,6,106,0,112,10,47,123,0,180,58,0,58,238
07/03/2005,PSP,CA,AWP,WE,Combined TRACON& Tower with Radar,8,43,9,0,60,0,0,56,0,56,8,43,65,0,116,2,0,2,118
07/04/2005,PSP,CA,AWP,WE,Combined TRACON& Tower with Radar,11,36,14,0,61,0,2,63,0,65,11,38,77,0,126,10,0,10,136
07/05/2005,PSP,CA,AWP,WE,Combined TRACON& Tower with Radar,10,42,11,0,63,0,0,75,0,75,10,42,86,0,138,16,0,16,154
07/06/2005,PSP,CA,AWP,WE,Combined TRACON& Tower with Radar,9,45,16,1,71,0,1,59,0,60,9,46,75,1,131,20,0,20,151
07/07/2005,PSP,CA,AWP,WE,Combined TRACON& Tower with Radar,11,40,14,0,65,0,0,68,2,70,11,40,82,2,135,40,0,40,175
07/08/2005,PSP,CA,AWP,WE,Combined TRACON& Tower with Radar,11,47,14,0,72,0,0,82,1,83,11,47,96,1,155,4,0,4,159
07/09/2005,PSP,CA,AWP,WE,Combined TRACON& Tower with Radar,13,35,7,0,55,0,0,89,0,89,13,35,96,0,144,24,0,24,168
07/10/2005,PSP,CA,AWP,WE,Combined TRACON& Tower with Radar,11,47,17,0,75,0,1,86,0,87,11,48,103,0,162,8,4,12,174
07/11/2005,PSP,CA,AWP,WE,Combined TRACON& Tower with Radar,11,57,23,0,91,0,0,57,0,57,11,57,80,0,148,69,0,69,217
07/12/2005,PSP,CA,AWP,WE,Combined TRACON& Tower with Radar,12,50,14,2,78,0,1,63,0,64,12,51,77,2,142,6,0,6,148
07/13/2005,PSP,CA,AWP,WE,Combined TRACON& Tower with Radar,10,42,20,1,73,0,2,60,1,63,10,44,80,2,136,54,0,54,190
07/14/2005,PSP,CA,AWP,WE,Combined TRACON& Tower with Radar,11,51,16,0,78,0,2,57,0,59,11,53,73,0,137,28,0,28,165
07/15/2005,PSP,CA,AWP,WE,Combined TRACON& Tower with Radar,11,47,13,0,71,0,5,82,0,87,11,52,95,0,158,8,10,18,176
07/16/2005,PSP,CA,AWP,WE,Combined TRACON& Tower with Radar,14,40,9,0,63,0,2,66,0,68,14,42,75,0,131,6,0,6,137
07/17/2005,PSP,CA,AWP,WE,Combined TRACON& Tower with Radar,9,41,8,0,58,0,0,70,4,74,9,41,78,4,132,40,0,40,172
07/18/2005,PSP,CA,AWP,WE,Combined TRACON& Tower with Radar,12,40,8,2,62,0,4,64,0,68,12,44,72,2,130,50,0,50,180
07/19/2005,PSP,CA,AWP,WE,Combined TRACON& Tower with Radar,12,44,7,6,69,0,3,59,1,63,12,47,66,7,132,50,4,54,186
07/20/2005,PSP,CA,AWP,WE,Combined TRACON& Tower with Radar,9,45,20,2,76,0,3,52,0,55,9,48,72,2,131,0,0,0,131
07/21/2005,PSP,CA,AWP,WE,Combined TRACON& Tower with Radar,12,39,21,1,73,0,1,68,1,70,12,40,89,2,143,0,2,2,145
07/22/2005,PSP,CA,AWP,WE,Combined TRACON& Tower with Radar,15,45,15,0,75,0,0,54,5,59,15,45,69,5,134,20,0,20,154
07/23/2005,PSP,CA,AWP,WE,Combined TRACON& Tower with Radar,12,36,8,2,58,0,0,41,2,43,12,36,49,4,101,18,0,18,119
07/24/2005,PSP,CA,AWP,WE,Combined TRACON& Tower with Radar,17,35,13,0,65,0,1,25,0,26,17,36,38,0,91,20,0,20,111
07/25/2005,PSP,CA,AWP,WE,Combined TRACON& Tower with Radar,8,44,13,0,65,0,1,60,0,61,8,45,73,0,126,26,0,26,152
07/26/2005,PSP,CA,AWP,WE,Combined TRACON& Tower with Radar,12,42,8,1,63,0,1,84,0,85,12,43,92,1,148,14,0,14,162
07/27/2005,PSP,CA,AWP,WE,Combined TRACON& Tower with Radar,9,41,9,1,60,0,2,72,0,74,9,43,81,1,134,30,0,30,164
07/28/2005,PSP,CA,AWP,WE,Combined TRACON& Tower with Radar,15,47,16,0,78,0,2,69,0,71,15,49,85,0,149,50,0,50,199
07/29/2005,PSP,CA,AWP,WE,Combined TRACON& Tower with Radar,15,40,7,0,62,0,1,61,0,62,15,41,68,0,124,24,0,24,148
07/30/2005,PSP,CA,AWP,WE,Combined TRACON& Tower with Radar,12,36,11,0,59,0,0,60,0,60,12,36,71,0,119,2,0,2,121
07/31/2005,PSP,CA,AWP,WE,Combined TRACON& Tower with Radar,12,41,6,0,59,0,369,57,0,426,12,410,63,0,485,22,0,22,507
08/01/2005,PSP,CA,AWP,WE,Combined TRACON& Tower with Radar,13,44,11,0,68,0,1,66,0,67,13,45,77,0,135,86,0,86,221
08/02/2005,PSP,CA,AWP,WE,Combined TRACON& Tower with Radar,14,58,14,0,86,0,2,47,2,51,14,60,61,2,137,50,0,50,187
08/03/2005,PSP,CA,AWP,WE,Combined TRACON& Tower with Radar,10,50,6,0,66,0,0,66,0,66,10,50,72,0,132,100,0,100,232
08/04/2005,PSP,CA,AWP,WE,Combined TRACON& Tower with Radar,12,46,12,0,70,0,1,72,0,73,12,47,84,0,143,28,0,28,171
08/05/2005,PSP,CA,AWP,WE,Combined TRACON& Tower with Radar,12,41,14,0,67,0,1,56,0,57,12,42,70,0,124,68,0,68,192
08/06/2005,PSP,CA,AWP,WE,Combined TRACON& Tower with Radar,11,41,10,1,63,0,4,61,0,65,11,45,71,1,128,26,0,26,154
08/07/2005,PSP,CA,AWP,WE,Combined TRACON& Tower with Radar,10,43,15,0,68,0,2,41,0,43,10,45,56,0,111,28,0,28,139
08/08/2005,PSP,CA,AWP,WE,Combined TRACON& Tower with Radar,11,46,15,0,72,0,0,49,0,49,11,46,64,0,121,50,0,50,171
08/09/2005,PSP,CA,AWP,WE,Combined TRACON& Tower with Radar,12,42,16,0,70,0,1,42,1,44,12,43,58,1,114,50,0,50,164
08/10/2005,PSP,CA,AWP,WE,Combined TRACON& Tower with Radar,11,43,15,2,71,0,6,61,0,67,11,49,76,2,138,50,0,50,188
08/11/2005,PSP,CA,AWP,WE,Combined TRACON& Tower with Radar,7,43,16,0,66,0,2,81,1,84,7,45,97,1,150,60,0,60,210
08/12/2005,PSP,CA,AWP,WE,Combined TRACON& Tower with Radar,11,44,27,2,84,0,10,81,0,91,11,54,108,2,175,58,0,58,233
08/13/2005,PSP,CA,AWP,WE,Combined TRACON& Tower with Radar,15,38,7,0,60,0,0,86,0,86,15,38,93,0,146,56,0,56,202
08/14/2005,PSP,CA,AWP,WE,Combined TRACON& Tower with Radar,16,44,14,2,76,0,2,75,0,77,16,46,89,2,153,20,0,20,173
08/15/2005,PSP,CA,AWP,WE,Combined TRACON& Tower with Radar,11,40,15,0,66,0,2,52,0,54,11,42,67,0,120,28,0,28,148
08/16/2005,PSP,CA,AWP,WE,Combined TRACON& Tower with Radar,13,39,20,0,72,0,3,61,1,65,13,42,81,1,137,54,0,54,191
08/17/2005,PSP,CA,AWP,WE,Combined TRACON& Tower with Radar,11,39,12,4,66,0,1,54,0,55,11,40,66,4,121,30,0,30,151
08/18/2005,PSP,CA,AWP,WE,Combined TRACON& Tower with Radar,13,38,16,4,71,0,0,60,0,60,13,38,76,4,131,14,0,14,145
08/19/2005,PSP,CA,AWP,WE,Combined TRACON& Tower with Radar,11,42,12,6,71,0,3,93,1,97,11,45,105,7,168,26,4,30,198
08/20/2005,PSP,CA,AWP,WE,Combined TRACON& Tower with Radar,11,42,14,0,67,0,1,89,0,90,11,43,103,0,157,14,0,14,171
08/21/2005,PSP,CA,AWP,WE,Combined TRACON& Tower with Radar,13,40,11,0,64,0,0,91,0,91,13,40,102,0,155,12,0,12,167
08/22/2005,PSP,CA,AWP,WE,Combined TRACON& Tower with Radar,12,50,7,4,73,0,4,75,0,79,12,54,82,4,152,34,16,50,202
08/23/2005,PSP,CA,AWP,WE,Combined TRACON& Tower with Radar,14,40,7,4,65,0,3,70,4,77,14,43,77,8,142,18,0,18,160
08/24/2005,PSP,CA,AWP,WE,Combined TRACON& Tower with Radar,14,48,12,2,76,0,4,53,2,59,14,52,65,4,135,66,0,66,201
08/25/2005,PSP,CA,AWP,WE,Combined TRACON& Tower with Radar,15,39,17,0,71,0,1,91,2,94,15,40,108,2,165,100,0,100,265
08/26/2005,PSP,CA,AWP,WE,Combined TRACON& Tower with Radar,13,39,19,0,71,0,6,101,3,110,13,45,120,3,181,14,0,14,195
08/27/2005,PSP,CA,AWP,WE,Combined TRACON& Tower with Radar,14,37,8,0,59,0,4,56,0,60,14,41,64,0,119,6,0,6,125
08/28/2005,PSP,CA,AWP,WE,Combined TRACON& Tower with Radar,14,47,10,1,72,0,0,80,2,82,14,47,90,3,154,32,0,32,186
08/29/2005,PSP,CA,AWP,WE,Combined TRACON& Tower with Radar,13,55,17,0,85,0,1,56,0,57,13,56,73,0,142,58,0,58,200
08/30/2005,PSP,CA,AWP,WE,Combined TRACON& Tower with Radar,14,44,21,0,79,0,3,50,0,53,14,47,71,0,132,20,0,20,152
08/31/2005,PSP,CA,AWP,WE,Combined TRACON& Tower with Radar,13,47,9,3,72,0,3,65,0,68,13,50,74,3,140,32,0,32,172
09/01/2005,PSP,CA,AWP,WE,Combined TRACON& Tower with Radar,18,41,12,0,71,0,3,65,0,68,18,44,77,0,139,6,0,6,145
09/02/2005,PSP,CA,AWP,WE,Combined TRACON& Tower with Radar,12,44,6,3,65,0,7,97,3,107,12,51,103,6,172,58,4,62,234
09/03/2005,PSP,CA,AWP,WE,Combined TRACON& Tower with Radar,13,43,10,0,66,0,1,64,0,65,13,44,74,0,131,42,0,42,173
09/04/2005,PSP,CA,AWP,WE,Combined TRACON& Tower with Radar,14,39,9,0,62,0,0,65,0,65,14,39,74,0,127,28,0,28,155
09/05/2005,PSP,CA,AWP,WE,Combined TRACON& Tower with Radar,12,50,14,0,76,0,0,85,0,85,12,50,99,0,161,54,0,54,215
09/06/2005,PSP,CA,AWP,WE,Combined TRACON& Tower with Radar,14,42,18,0,74,0,2,21,0,23,14,44,39,0,97,50,0,50,147
09/07/2005,PSP,CA,AWP,WE,Combined TRACON& Tower with Radar,16,47,15,0,78,0,10,36,0,46,16,57,51,0,124,86,0,86,210
09/08/2005,PSP,CA,AWP,WE,Combined TRACON& Tower with Radar,12,50,21,0,83,0,4,40,0,44,12,54,61,0,127,16,0,16,143
09/09/2005,PSP,CA,AWP,WE,Combined TRACON& Tower with Radar,14,51,13,2,80,0,5,75,3,83,14,56,88,5,163,34,0,34,197
09/10/2005,PSP,CA,AWP,WE,Combined TRACON& Tower with Radar,15,37,13,1,66,0,0,95,2,97,15,37,108,3,163,62,0,62,225
09/11/2005,PSP,CA,AWP,WE,Combined TRACON& Tower with Radar,18,46,11,2,77,0,0,85,2,87,18,46,96,4,164,32,0,32,196
09/12/2005,PSP,CA,AWP,WE,Combined TRACON& Tower with Radar,17,49,12,0,78,0,0,49,0,49,17,49,61,0,127,12,0,12,139
09/13/2005,PSP,CA,AWP,WE,Combined TRACON& Tower with Radar,20,48,15,2,85,0,1,78,1,80,20,49,93,3,165,10,0,10,175
09/14/2005,PSP,CA,AWP,WE,Combined TRACON& Tower with Radar,19,50,18,2,89,0,3,88,1,92,19,53,106,3,181,114,0,114,295
09/15/2005,PSP,CA,AWP,WE,Combined TRACON& Tower with Radar,18,57,30,0,105,0,3,99,0,102,18,60,129,0,207,64,0,64,271
09/16/2005,PSP,CA,AWP,WE,Combined TRACON& Tower with Radar,18,51,28,0,97,0,4,80,0,84,18,55,108,0,181,42,0,42,223
09/17/2005,PSP,CA,AWP,WE,Combined TRACON& Tower with Radar,18,41,9,0,68,0,2,98,0,100,18,43,107,0,168,48,0,48,216
09/18/2005,PSP,CA,AWP,WE,Combined TRACON& Tower with Radar,20,51,11,0,82,0,0,81,0,81,20,51,92,0,163,26,0,26,189
09/19/2005,PSP,CA,AWP,WE,Combined TRACON& Tower with Radar,22,48,32,0,102,0,2,70,0,72,22,50,102,0,174,28,0,28,202
09/20/2005,PSP,CA,AWP,WE,Combined TRACON& Tower with Radar,18,46,20,0,84,0,2,32,0,34,18,48,52,0,118,50,0,50,168
09/21/2005,PSP,CA,AWP,WE,Combined TRACON& Tower with Radar,18,50,26,6,100,0,8,60,0,68,18,58,86,6,168,50,0,50,218
09/22/2005,PSP,CA,AWP,WE,Combined TRACON& Tower with Radar,19,50,18,2,89,0,5,70,0,75,19,55,88,2,164,10,0,10,174
09/23/2005,PSP,CA,AWP,WE,Combined TRACON& Tower with Radar,18,47,19,0,84,0,3,75,0,78,18,50,94,0,162,14,0,14,176
09/24/2005,PSP,CA,AWP,WE,Combined TRACON& Tower with Radar,18,35,22,4,79,0,0,125,0,125,18,35,147,4,204,32,0,32,236
09/25/2005,PSP,CA,AWP,WE,Combined TRACON& Tower with Radar,20,46,15,0,81,0,2,125,0,127,20,48,140,0,208,52,0,52,260
09/26/2005,PSP,CA,AWP,WE,Combined TRACON& Tower with Radar,16,41,21,0,78,0,1,49,1,51,16,42,70,1,129,36,0,36,165
09/27/2005,PSP,CA,AWP,WE,Combined TRACON& Tower with Radar,23,60,26,0,109,0,1,104,2,107,23,61,130,2,216,100,0,100,316
09/28/2005,PSP,CA,AWP,WE,Combined TRACON& Tower with Radar,16,52,30,2,100,0,2,59,2,63,16,54,89,4,163,50,0,50,213
09/29/2005,PSP,CA,AWP,WE,Combined TRACON& Tower with Radar,19,58,34,2,113,0,4,88,4,96,19,62,122,6,209,48,0,48,257
09/30/2005,PSP,CA,AWP,WE,Combined TRACON& Tower with Radar,18,54,35,0,107,0,1,104,0,105,18,55,139,0,212,56,0,56,268
10/01/2005,PSP,CA,AWP,WE,Combined TRACON& Tower with Radar,21,44,16,2,83,0,0,80,0,80,21,44,96,2,163,70,2,72,235
10/02/2005,PSP,CA,AWP,WE,Combined TRACON& Tower with Radar,20,53,22,2,97,0,0,92,0,92,20,53,114,2,189,32,0,32,221
10/03/2005,PSP,CA,AWP,WE,Combined TRACON& Tower with Radar,18,49,13,0,80,0,3,59,0,62,18,52,72,0,142,60,0,60,202
10/04/2005,PSP,CA,AWP,WE,Combined TRACON& Tower with Radar,19,54,14,0,87,0,3,50,1,54,19,57,64,1,141,50,0,50,191
10/05/2005,PSP,CA,AWP,WE,Combined TRACON& Tower with Radar,21,50,16,1,88,0,2,75,0,77,21,52,91,1,165,32,0,32,197
10/06/2005,PSP,CA,AWP,WE,Combined TRACON& Tower with Radar,21,58,14,0,93,0,3,59,0,62,21,61,73,0,155,42,0,42,197
10/07/2005,PSP,CA,AWP,WE,Combined TRACON& Tower with Radar,20,62,27,1,110,0,3,93,0,96,20,65,120,1,206,24,0,24,230
10/08/2005,PSP,CA,AWP,WE,Combined TRACON& Tower with Radar,23,54,21,1,99,0,5,95,0,100,23,59,116,1,199,50,0,50,249
10/09/2005,PSP,CA,AWP,WE,Combined TRACON& Tower with Radar,23,56,23,1,103,0,0,108,12,120,23,56,131,13,223,50,0,50,273
10/10/2005,PSP,CA,AWP,WE,Combined TRACON& Tower with Radar,20,55,24,0,99,0,3,73,0,76,20,58,97,0,175,50,0,50,225
10/11/2005,PSP,CA,AWP,WE,Combined TRACON& Tower with Radar,22,50,22,0,94,0,2,75,0,77,22,52,97,0,171,50,0,50,221
10/12/2005,PSP,CA,AWP,WE,Combined TRACON& Tower with Radar,17,52,32,3,104,0,7,62,3,72,17,59,94,6,176,16,0,16,192
10/13/2005,PSP,CA,AWP,WE,Combined TRACON& Tower with Radar,23,58,25,2,108,0,6,82,0,88,23,64,107,2,196,32,0,32,228
10/14/2005,PSP,CA,AWP,WE,Combined TRACON& Tower with Radar,22,54,25,0,101,0,2,115,0,117,22,56,140,0,218,46,0,46,264
10/15/2005,PSP,CA,AWP,WE,Combined TRACON& Tower with Radar,21,48,16,0,85,0,7,72,1,80,21,55,88,1,165,18,0,18,183
10/16/2005,PSP,CA,AWP,WE,Combined TRACON& Tower with Radar,22,55,23,1,101,0,1,40,0,41,22,56,63,1,142,38,0,38,180
10/17/2005,PSP,CA,AWP,WE,Combined TRACON& Tower with Radar,24,47,28,0,99,0,0,11,0,11,24,47,39,0,110,10,0,10,120
10/18/2005,PSP,CA,AWP,WE,Combined TRACON& Tower with Radar,20,50,36,0,106,0,3,40,0,43,20,53,76,0,149,50,0,50,199
10/19/2005,PSP,CA,AWP,WE,Combined TRACON& Tower with Radar,18,53,19,0,90,0,7,80,0,87,18,60,99,0,177,50,0,50,227
10/20/2005,PSP,CA,AWP,WE,Combined TRACON& Tower with Radar,20,62,30,0,112,18,0,109,4,131,38,62,139,4,243,50,0,50,293
10/21/2005,PSP,CA,AWP,WE,Combined TRACON& Tower with Radar,24,50,37,1,112,0,2,118,0,120,24,52,155,1,232,56,0,56,288
10/22/2005,PSP,CA,AWP,WE,Combined TRACON& Tower with Radar,24,49,18,0,91,0,2,200,0,202,24,51,218,0,293,36,0,36,329
10/23/2005,PSP,CA,AWP,WE,Combined TRACON& Tower with Radar,22,59,35,1,117,0,3,104,2,109,22,62,139,3,226,12,0,12,238
10/24/2005,PSP,CA,AWP,WE,Combined TRACON& Tower with Radar,22,54,43,0,119,0,1,85,0,86,22,55,128,0,205,50,0,50,255
10/25/2005,PSP,CA,AWP,WE,Combined TRACON& Tower with Radar,20,60,50,0,130,0,5,65,0,70,20,65,115,0,200,50,0,50,250
10/26/2005,PSP,CA,AWP,WE,Combined TRACON& Tower with Radar,19,57,41,0,117,0,2,85,2,89,19,59,126,2,206,86,0,86,292
10/27/2005,PSP,CA,AWP,WE,Combined TRACON& Tower with Radar,20,59,38,2,119,0,2,82,2,86,20,61,120,4,205,54,0,54,259
10/28/2005,PSP,CA,AWP,WE,Combined TRACON& Tower with Radar,22,57,30,2,111,0,7,92,0,99,22,64,122,2,210,20,0,20,230
10/29/2005,PSP,CA,AWP,WE,Combined TRACON& Tower with Radar,21,53,21,0,95,0,0,123,0,123,21,53,144,0,218,48,0,48,266
10/30/2005,PSP,CA,AWP,WE,Combined TRACON& Tower with Radar,28,52,26,2,108,0,0,108,0,108,28,52,134,2,216,50,0,50,266
10/31/2005,PSP,CA,AWP,WE,Combined TRACON& Tower with Radar,36,53,21,4,114,0,3,59,1,63,36,56,80,5,177,60,4,64,241
11/01/2005,PSP,CA,AWP,WE,Combined TRACON& Tower with Radar,37,55,33,0,125,0,4,91,0,95,37,59,124,0,220,22,0,22,242
11/02/2005,PSP,CA,AWP,WE,Combined TRACON& Tower with Radar,37,51,29,0,117,0,9,76,0,85,37,60,105,0,202,42,0,42,244
11/03/2005,PSP,CA,AWP,WE,Combined TRACON& Tower with Radar,30,63,43,0,136,0,5,87,0,92,30,68,130,0,228,54,0,54,282
11/04/2005,PSP,CA,AWP,WE,Combined TRACON& Tower with Radar,34,69,50,1,154,0,1,121,0,122,34,70,171,1,276,58,0,58,334
11/05/2005,PSP,CA,AWP,WE,Combined TRACON& Tower with Radar,33,60,25,0,118,0,2,158,0,160,33,62,183,0,278,56,0,56,334
11/06/2005,PSP,CA,AWP,WE,Combined TRACON& Tower with Radar,32,78,55,0,165,0,6,130,0,136,32,84,185,0,301,40,0,40,341
11/07/2005,PSP,CA,AWP,WE,Combined TRACON& Tower with Radar,36,51,47,0,134,0,1,62,2,65,36,52,109,2,199,24,0,24,223
11/08/2005,PSP,CA,AWP,WE,Combined TRACON& Tower with Radar,37,55,33,2,127,0,3,62,0,65,37,58,95,2,192,30,0,30,222
11/09/2005,PSP,CA,AWP,WE,Combined TRACON& Tower with Radar,33,58,62,0,153,0,2,82,0,84,33,60,144,0,237,44,0,44,281
11/10/2005,PSP,CA,AWP,WE,Combined TRACON& Tower with Radar,33,67,51,0,151,0,2,71,1,74,33,69,122,1,225,16,0,16,241
11/11/2005,PSP,CA,AWP,WE,Combined TRACON& Tower with Radar,33,68,55,0,156,0,2,77,7,86,33,70,132,7,242,44,0,44,286
11/12/2005,PSP,CA,AWP,WE,Combined TRACON& Tower with Radar,33,62,35,0,130,0,0,151,3,154,33,62,186,3,284,96,0,96,380
11/13/2005,PSP,CA,AWP,WE,Combined TRACON& Tower with Radar,34,82,71,0,187,0,6,127,0,133,34,88,198,0,320,50,0,50,370
11/14/2005,PSP,CA,AWP,WE,Combined TRACON& Tower with Radar,34,64,44,0,142,0,6,80,0,86,34,70,124,0,228,10,0,10,238
11/15/2005,PSP,CA,AWP,WE,Combined TRACON& Tower with Radar,36,65,38,4,143,0,1,70,0,71,36,66,108,4,214,24,0,24,238
11/16/2005,PSP,CA,AWP,WE,Combined TRACON& Tower with Radar,40,71,63,0,174,0,1,78,4,83,40,72,141,4,257,28,0,28,285
11/17/2005,PSP,CA,AWP,WE,Combined TRACON& Tower with Radar,34,72,43,5,154,0,3,70,3,76,34,75,113,8,230,14,6,20,250
11/18/2005,PSP,CA,AWP,WE,Combined TRACON& Tower with Radar,41,70,51,0,162,0,5,109,0,114,41,75,160,0,276,48,0,48,324
11/19/2005,PSP,CA,AWP,WE,Combined TRACON& Tower with Radar,35,70,46,0,151,0,0,152,0,152,35,70,198,0,303,50,0,50,353
11/20/2005,PSP,CA,AWP,WE,Combined TRACON& Tower with Radar,40,76,60,2,178,0,2,96,2,100,40,78,156,4,278,40,0,40,318
11/21/2005,PSP,CA,AWP,WE,Combined TRACON& Tower with Radar,39,71,34,3,147,0,5,92,2,99,39,76,126,5,246,52,2,54,300
11/22/2005,PSP,CA,AWP,WE,Combined TRACON& Tower with Radar,35,78,48,0,161,0,3,109,0,112,35,81,157,0,273,30,0,30,303
11/23/2005,PSP,CA,AWP,WE,Combined TRACON& Tower with Radar,42,73,78,2,195,0,3,110,2,115,42,76,188,4,310,34,2,36,346
11/24/2005,PSP,CA,AWP,WE,Combined TRACON& Tower with Radar,34,36,8,0,78,0,3,60,0,63,34,39,68,0,141,8,0,8,149
11/25/2005,PSP,CA,AWP,WE,Combined TRACON& Tower with Radar,39,65,38,0,142,0,1,93,0,94,39,66,131,0,236,30,0,30,266
11/26/2005,PSP,CA,AWP,WE,Combined TRACON& Tower with Radar,38,67,35,0,140,0,0,74,0,74,38,67,109,0,214,30,0,30,244
11/27/2005,PSP,CA,AWP,WE,Combined TRACON& Tower with Radar,40,100,85,0,225,0,2,71,0,73,40,102,156,0,298,50,0,50,348
11/28/2005,PSP,CA,AWP,WE,Combined TRACON& Tower with Radar,34,70,44,0,148,0,1,90,0,91,34,71,134,0,239,50,0,50,289
11/29/2005,PSP,CA,AWP,WE,Combined TRACON& Tower with Radar,40,46,43,0,129,0,2,80,1,83,40,48,123,1,212,50,0,50,262
11/30/2005,PSP,CA,AWP,WE,Combined TRACON& Tower with Radar,38,54,31,0,123,0,1,88,0,89,38,55,119,0,212,50,0,50,262
12/01/2005,PSP,CA,AWP,WE,Combined TRACON& Tower with Radar,29,61,34,3,127,0,2,85,0,87,29,63,119,3,214,90,0,90,304
12/02/2005,PSP,CA,AWP,WE,Combined TRACON& Tower with Radar,36,61,27,0,124,0,1,51,0,52,36,62,78,0,176,8,0,8,184
12/03/2005,PSP,CA,AWP,WE,Combined TRACON& Tower with Radar,36,61,28,2,127,0,0,77,0,77,36,61,105,2,204,70,0,70,274
12/04/2005,PSP,CA,AWP,WE,Combined TRACON& Tower with Radar,38,60,34,4,136,0,1,85,1,87,38,61,119,5,223,50,0,50,273
12/05/2005,PSP,CA,AWP,WE,Combined TRACON& Tower with Radar,39,60,32,0,131,0,2,62,0,64,39,62,94,0,195,46,0,46,241
12/06/2005,PSP,CA,AWP,WE,Combined TRACON& Tower with Radar,38,66,42,0,146,0,2,76,0,78,38,68,118,0,224,100,0,100,324
12/07/2005,PSP,CA,AWP,WE,Combined TRACON& Tower with Radar,30,67,31,3,131,0,3,67,0,70,30,70,98,3,201,56,0,56,257
12/08/2005,PSP,CA,AWP,WE,Combined TRACON& Tower with Radar,33,71,55,0,159,0,1,78,0,79,33,72,133,0,238,10,0,10,248
12/09/2005,PSP,CA,AWP,WE,Combined TRACON& Tower with Radar,35,79,32,0,146,0,1,88,0,89,35,80,120,0,235,52,0,52,287
12/10/2005,PSP,CA,AWP,WE,Combined TRACON& Tower with Radar,35,53,23,4,115,0,1,100,0,101,35,54,123,4,216,60,0,60,276
12/11/2005,PSP,CA,AWP,WE,Combined TRACON& Tower with Radar,40,70,42,4,156,0,0,130,2,132,40,70,172,6,288,50,0,50,338
12/12/2005,PSP,CA,AWP,WE,Combined TRACON& Tower with Radar,34,64,34,0,132,0,2,95,0,97,34,66,129,0,229,50,0,50,279
12/13/2005,PSP,CA,AWP,WE,Combined TRACON& Tower with Radar,35,66,26,0,127,0,2,54,0,56,35,68,80,0,183,50,0,50,233
12/14/2005,PSP,CA,AWP,WE,Combined TRACON& Tower with Radar,36,55,30,1,122,0,2,60,0,62,36,57,90,1,184,24,0,24,208
12/15/2005,PSP,CA,AWP,WE,Combined TRACON& Tower with Radar,35,59,34,0,128,0,4,101,1,106,35,63,135,1,234,80,0,80,314
12/16/2005,PSP,CA,AWP,WE,Combined TRACON& Tower with Radar,38,67,39,5,149,0,3,90,0,93,38,70,129,5,242,64,0,64,306
12/17/2005,PSP,CA,AWP,WE,Combined TRACON& Tower with Radar,35,45,33,2,115,0,0,105,1,106,35,45,138,3,221,40,0,40,261
12/18/2005,PSP,CA,AWP,WE,Combined TRACON& Tower with Radar,40,60,35,0,135,0,0,97,0,97,40,60,132,0,232,50,0,50,282
12/19/2005,PSP,CA,AWP,WE,Combined TRACON& Tower with Radar,40,54,32,2,128,0,2,79,0,81,40,56,111,2,209,50,0,50,259
12/20/2005,PSP,CA,AWP,WE,Combined TRACON& Tower with Radar,40,56,55,0,151,0,2,106,0,108,40,58,161,0,259,100,0,100,359
12/21/2005,PSP,CA,AWP,WE,Combined TRACON& Tower with Radar,34,45,30,0,109,0,2,88,0,90,34,47,118,0,199,56,0,56,255
12/22/2005,PSP,CA,AWP,WE,Combined TRACON& Tower with Radar,39,67,35,0,141,0,1,91,0,92,39,68,126,0,233,84,0,84,317
12/23/2005,PSP,CA,AWP,WE,Combined TRACON& Tower with Radar,38,66,31,0,135,0,0,86,0,86,38,66,117,0,221,28,0,28,249
12/24/2005,PSP,CA,AWP,WE,Combined TRACON& Tower with Radar,36,55,9,0,100,0,1,66,0,67,36,56,75,0,167,6,0,6,173
12/25/2005,PSP,CA,AWP,WE,Combined TRACON& Tower with Radar,38,55,9,0,102,0,0,27,0,27,38,55,36,0,129,10,0,10,139
12/26/2005,PSP,CA,AWP,WE,Combined TRACON& Tower with Radar,41,63,54,0,158,0,2,48,0,50,41,65,102,0,208,12,0,12,220
12/27/2005,PSP,CA,AWP,WE,Combined TRACON& Tower with Radar,35,79,47,5,166,0,1,87,0,88,35,80,134,5,254,60,0,60,314
12/28/2005,PSP,CA,AWP,WE,Combined TRACON& Tower with Radar,36,70,41,0,147,0,1,88,0,89,36,71,129,0,236,86,0,86,322
12/29/2005,PSP,CA,AWP,WE,Combined TRACON& Tower with Radar,36,65,38,3,142,0,2,83,1,86,36,67,121,4,228,34,0,34,262
12/30/2005,PSP,CA,AWP,WE,Combined TRACON& Tower with Radar,39,68,53,1,161,0,0,82,0,82,39,68,135,1,243,36,0,36,279
12/31/2005,PSP,CA,AWP,WE,Combined TRACON& Tower with Radar,38,54,30,0,122,0,0,50,0,50,38,54,80,0,172,10,0,10,182
01/01/2006,PSP,CA,AWP,WE,Combined TRACON& Tower with Radar,40,60,30,0,130,0,9,70,0,79,40,69,100,0,209,50,0,50,259
01/02/2006,PSP,CA,AWP,WE,Combined TRACON& Tower with Radar,36,80,56,0,172,0,0,18,0,18,36,80,74,0,190,10,0,10,200
01/03/2006,PSP,CA,AWP,WE,Combined TRACON& Tower with Radar,37,82,62,0,181,0,2,77,0,79,37,84,139,0,260,38,0,38,298
01/04/2006,PSP,CA,AWP,WE,Combined TRACON& Tower with Radar,36,61,42,0,139,0,0,121,1,122,36,61,163,1,261,66,0,66,327
01/05/2006,PSP,CA,AWP,WE,Combined TRACON& Tower with Radar,37,67,35,0,139,0,0,105,0,105,37,67,140,0,244,40,0,40,284
01/06/2006,PSP,CA,AWP,WE,Combined TRACON& Tower with Radar,41,74,52,11,178,0,1,111,0,112,41,75,163,11,290,28,0,28,318
01/07/2006,PSP,CA,AWP,WE,Combined TRACON& Tower with Radar,44,61,39,8,152,0,0,132,1,133,44,61,171,9,285,46,0,46,331
01/08/2006,PSP,CA,AWP,WE,Combined TRACON& Tower with Radar,40,70,84,1,195,0,0,82,0,82,40,70,166,1,277,50,0,50,327
01/09/2006,PSP,CA,AWP,WE,Combined TRACON& Tower with Radar,41,73,23,2,139,0,3,79,0,82,41,76,102,2,221,88,0,88,309
01/10/2006,PSP,CA,AWP,WE,Combined TRACON& Tower with Radar,33,75,42,0,150,0,2,97,0,99,33,77,139,0,249,34,0,34,283
01/11/2006,PSP,CA,AWP,WE,Combined TRACON& Tower with Radar,34,68,66,0,168,0,1,73,0,74,34,69,139,0,242,21,0,21,263
01/12/2006,PSP,CA,AWP,WE,Combined TRACON& Tower with Radar,36,86,51,0,173,1,8,130,0,139,37,94,181,0,312,86,0,86,398
01/13/2006,PSP,CA,AWP,WE,Combined TRACON& Tower with Radar,41,84,60,8,193,0,1,158,0,159,41,85,218,8,352,116,0,116,468
01/14/2006,PSP,CA,AWP,WE,Combined TRACON& Tower with Radar,42,72,46,8,168,0,4,220,1,225,42,76,266,9,393,50,10,60,453
01/15/2006,PSP,CA,AWP,WE,Combined TRACON& Tower with Radar,40,78,58,3,179,0,0,78,19,97,40,78,136,22,276,60,20,80,356
01/16/2006,PSP,CA,AWP,WE,Combined TRACON& Tower with Radar,40,80,56,6,182,0,8,79,0,87,40,88,135,6,269,20,0,20,289
01/17/2006,PSP,CA,AWP,WE,Combined TRACON& Tower with Radar,37,80,49,0,166,0,2,68,8,78,37,82,117,8,244,80,0,80,324
01/18/2006,PSP,CA,AWP,WE,Combined TRACON& Tower with Radar,36,62,34,4,136,0,0,79,3,82,36,62,113,7,218,40,0,40,258
01/19/2006,PSP,CA,AWP,WE,Combined TRACON& Tower with Radar,37,71,59,2,169,0,1,77,2,80,37,72,136,4,249,44,0,44,293
01/20/2006,PSP,CA,AWP,WE,Combined TRACON& Tower with Radar,41,71,45,0,157,0,3,96,1,100,41,74,141,1,257,86,0,86,343
01/21/2006,PSP,CA,AWP,WE,Combined TRACON& Tower with Radar,44,66,36,1,147,0,0,123,0,123,44,66,159,1,270,100,0,100,370
01/22/2006,PSP,CA,AWP,WE,Combined TRACON& Tower with Radar,46,86,46,4,182,0,4,95,0,99,46,90,141,4,281,100,0,100,381
01/23/2006,PSP,CA,AWP,WE,Combined TRACON& Tower with Radar,37,89,59,0,185,0,1,47,2,50,37,90,106,2,235,0,0,0,235
01/24/2006,PSP,CA,AWP,WE,Combined TRACON& Tower with Radar,40,67,37,0,144,0,4,63,1,68,40,71,100,1,212,108,0,108,320
01/25/2006,PSP,CA,AWP,WE,Combined TRACON& Tower with Radar,37,74,53,2,166,0,5,95,0,100,37,79,148,2,266,30,0,30,296
01/26/2006,PSP,CA,AWP,WE,Combined TRACON& Tower with Radar,33,70,58,0,161,0,1,76,0,77,33,71,134,0,238,62,0,62,300
01/27/2006,PSP,CA,AWP,WE,Combined TRACON& Tower with Radar,38,72,73,2,185,0,0,110,16,126,38,72,183,18,311,26,6,32,343
01/28/2006,PSP,CA,AWP,WE,Combined TRACON& Tower with Radar,44,74,43,2,163,0,2,113,14,129,44,76,156,16,292,50,0,50,342
01/29/2006,PSP,CA,AWP,WE,Combined TRACON& Tower with Radar,42,75,57,0,174,0,4,100,2,106,42,79,157,2,280,20,0,20,300
01/30/2006,PSP,CA,AWP,WE,Combined TRACON& Tower with Radar,38,67,49,0,154,0,4,83,2,89,38,71,132,2,243,54,0,54,297
01/31/2006,PSP,CA,AWP,WE,Combined TRACON& Tower with Radar,38,83,60,4,185,0,3,66,24,93,38,86,126,28,278,28,10,38,316
02/01/2006,PSP,CA,AWP,WE,Combined TRACON& Tower with Radar,34,74,50,4,162,0,1,70,2,73,34,75,120,6,235,34,0,34,269
02/02/2006,PSP,CA,AWP,WE,Combined TRACON& Tower with Radar,38,78,47,6,169,0,4,77,18,99,38,82,124,24,268,54,4,58,326
02/03/2006,PSP,CA,AWP,WE,Combined TRACON& Tower with Radar,45,88,50,6,189,0,1,129,7,137,45,89,179,13,326,74,2,76,402
02/04/2006,PSP,CA,AWP,WE,Combined TRACON& Tower with Radar,44,90,45,8,187,0,0,152,0,152,44,90,197,8,339,110,12,122,461
02/05/2006,PSP,CA,AWP,WE,Combined TRACON& Tower with Radar,36,92,50,3,181,0,0,110,0,110,36,92,160,3,291,100,0,100,391
02/06/2006,PSP,CA,AWP,WE,Combined TRACON& Tower with Radar,42,73,47,1,163,0,1,110,0,111,42,74,157,1,274,34,0,34,308
02/07/2006,PSP,CA,AWP,WE,Combined TRACON& Tower with Radar,41,56,30,0,127,0,2,81,1,84,41,58,111,1,211,86,0,86,297
02/08/2006,PSP,CA,AWP,WE,Combined TRACON& Tower with Radar,41,76,35,0,152,0,1,85,0,86,41,77,120,0,238,48,0,48,286
02/09/2006,PSP,CA,AWP,WE,Combined TRACON& Tower with Radar,40,94,49,3,186,0,1,99,1,101,40,95,148,4,287,40,0,40,327
02/10/2006,PSP,CA,AWP,WE,Combined TRACON& Tower with Radar,43,90,43,2,178,0,0,92,0,92,43,90,135,2,270,88,0,88,358
02/11/2006,PSP,CA,AWP,WE,Combined TRACON& Tower with Radar,42,68,36,0,146,0,1,134,0,135,42,69,170,0,281,100,0,100,381
02/12/2006,PSP,CA,AWP,WE,Combined TRACON& Tower with Radar,44,90,66,0,200,0,5,123,0,128,44,95,189,0,328,50,0,50,378
02/13/2006,PSP,CA,AWP,WE,Combined TRACON& Tower with Radar,44,70,44,1,159,0,6,80,1,87,44,76,124,2,246,50,0,50,296
02/14/2006,PSP,CA,AWP,WE,Combined TRACON& Tower with Radar,41,68,30,1,140,0,1,79,3,83,41,69,109,4,223,0,0,0,223
02/15/2006,PSP,CA,AWP,WE,Combined TRACON& Tower with Radar,44,87,49,0,180,0,1,27,0,28,44,88,76,0,208,8,0,8,216
02/16/2006,PSP,CA,AWP,WE,Combined TRACON& Tower with Radar,37,87,45,0,169,0,2,97,2,101,37,89,142,2,270,66,0,66,336
02/17/2006,PSP,CA,AWP,WE,Combined TRACON& Tower with Radar,46,96,86,5,233,0,4,93,6,103,46,100,179,11,336,30,0,30,366
02/18/2006,PSP,CA,AWP,WE,Combined TRACON& Tower with Radar,46,66,37,0,149,0,3,64,1,68,46,69,101,1,217,86,0,86,303
02/19/2006,PSP,CA,AWP,WE,Combined TRACON& Tower with Radar,47,76,57,0,180,0,2,84,0,86,47,78,141,0,266,84,0,84,350
02/20/2006,PSP,CA,AWP,WE,Combined TRACON& Tower with Radar,46,102,75,0,223,0,2,104,0,106,46,104,179,0,329,0,0,0,329
02/21/2006,PSP,CA,AWP,WE,Combined TRACON& Tower with Radar,48,71,51,0,170,0,2,69,2,73,48,73,120,2,243,26,0,26,269
02/22/2006,PSP,CA,AWP,WE,Combined TRACON& Tower with Radar,44,75,41,0,160,0,2,109,0,111,44,77,150,0,271,260,0,260,531
02/23/2006,PSP,CA,AWP,WE,Combined TRACON& Tower with Radar,43,100,54,2,199,0,3,121,0,124,43,103,175,2,323,58,0,58,381
02/24/2006,PSP,CA,AWP,WE,Combined TRACON& Tower with Radar,52,92,56,0,200,0,7,150,3,160,52,99,206,3,360,50,2,52,412
02/25/2006,PSP,CA,AWP,WE,Combined TRACON& Tower with Radar,46,75,46,0,167,0,0,165,0,165,46,75,211,0,332,100,0,100,432
02/26/2006,PSP,CA,AWP,WE,Combined TRACON& Tower with Radar,48,96,68,1,213,0,1,150,1,152,48,97,218,2,365,100,0,100,465
02/27/2006,PSP,CA,AWP,WE,Combined TRACON& Tower with Radar,47,70,53,0,170,0,3,48,0,51,47,73,101,0,221,10,0,10,231
02/28/2006,PSP,CA,AWP,WE,Combined TRACON& Tower with Radar,42,92,42,0,176,0,0,26,0,26,42,92,68,0,202,6,0,6,208
03/01/2006,PSP,CA,AWP,WE,Combined TRACON& Tower with Radar,44,80,49,2,175,0,1,101,0,102,44,81,150,2,277,44,0,44,321
03/02/2006,PSP,CA,AWP,WE,Combined TRACON& Tower with Radar,41,89,56,1,187,0,1,96,1,98,41,90,152,2,285,38,0,38,323
03/03/2006,PSP,CA,AWP,WE,Combined TRACON& Tower with Radar,50,78,58,0,186,0,1,57,4,62,50,79,115,4,248,100,0,100,348
03/04/2006,PSP,CA,AWP,WE,Combined TRACON& Tower with Radar,44,76,37,5,162,0,0,136,4,140,44,76,173,9,302,42,12,54,356
03/05/2006,PSP,CA,AWP,WE,Combined TRACON& Tower with Radar,44,90,50,8,192,0,1,173,2,176,44,91,223,10,368,50,0,50,418
03/06/2006,PSP,CA,AWP,WE,Combined TRACON& Tower with Radar,44,72,31,0,147,0,0,43,0,43,44,72,74,0,190,28,2,30,220
03/07/2006,PSP,CA,AWP,WE,Combined TRACON& Tower with Radar,45,71,35,0,151,0,4,37,0,41,45,75,72,0,192,46,0,46,238
03/08/2006,PSP,CA,AWP,WE,Combined TRACON& Tower with Radar,41,79,59,1,180,0,1,116,0,117,41,80,175,1,297,18,2,20,317
03/09/2006,PSP,CA,AWP,WE,Combined TRACON& Tower with Radar,45,92,93,0,230,0,1,74,1,76,45,93,167,1,306,24,0,24,330
03/10/2006,PSP,CA,AWP,WE,Combined TRACON& Tower with Radar,50,94,68,2,214,0,1,30,0,31,50,95,98,2,245,10,2,12,257
03/11/2006,PSP,CA,AWP,WE,Combined TRACON& Tower with Radar,42,82,62,4,190,0,0,60,1,61,42,82,122,5,251,100,0,100,351
03/12/2006,PSP,CA,AWP,WE,Combined TRACON& Tower with Radar,42,82,62,4,190,0,0,60,1,61,42,82,122,5,251,100,0,100,351
03/13/2006,PSP,CA,AWP,WE,Combined TRACON& Tower with Radar,42,88,54,0,184,0,2,101,0,103,42,90,155,0,287,135,0,135,422
03/14/2006,PSP,CA,AWP,WE,Combined TRACON& Tower with Radar,38,78,45,0,161,0,1,80,0,81,38,79,125,0,242,106,0,106,348
03/15/2006,PSP,CA,AWP,WE,Combined TRACON& Tower with Radar,44,81,46,2,173,0,1,81,1,83,44,82,127,3,256,18,0,18,274
03/16/2006,PSP,CA,AWP,WE,Combined TRACON& Tower with Radar,44,97,72,2,215,0,1,145,1,147,44,98,217,3,362,96,0,96,458
03/17/2006,PSP,CA,AWP,WE,Combined TRACON& Tower with Radar,46,90,64,0,200,0,4,95,0,99,46,94,159,0,299,100,0,100,399
03/18/2006,PSP,CA,AWP,WE,Combined TRACON& Tower with Radar,46,86,45,0,177,0,1,83,1,85,46,87,128,1,262,100,0,100,362
03/19/2006,PSP,CA,AWP,WE,Combined TRACON& Tower with Radar,44,86,93,0,223,0,1,93,0,94,44,87,186,0,317,50,0,50,367
03/20/2006,PSP,CA,AWP,WE,Combined TRACON& Tower with Radar,44,92,54,2,192,0,1,67,0,68,44,93,121,2,260,16,2,18,278
03/21/2006,PSP,CA,AWP,WE,Combined TRACON& Tower with Radar,40,82,33,1,156,1,2,47,0,50,41,84,80,1,206,2,0,2,208
03/22/2006,PSP,CA,AWP,WE,Combined TRACON& Tower with Radar,43,101,57,2,203,0,1,110,7,118,43,102,167,9,321,36,0,36,357
03/23/2006,PSP,CA,AWP,WE,Combined TRACON& Tower with Radar,44,94,62,0,200,0,1,148,1,150,44,95,210,1,350,28,0,28,378
03/24/2006,PSP,CA,AWP,WE,Combined TRACON& Tower with Radar,50,100,76,0,226,0,1,133,1,135,50,101,209,1,361,100,0,100,461
03/25/2006,PSP,CA,AWP,WE,Combined TRACON& Tower with Radar,46,94,56,0,196,0,2,130,0,132,46,96,186,0,328,50,0,50,378
03/26/2006,PSP,CA,AWP,WE,Combined TRACON& Tower with Radar,46,100,75,0,221,0,0,138,0,138,46,100,213,0,359,50,0,50,409
03/27/2006,PSP,CA,AWP,WE,Combined TRACON& Tower with Radar,44,86,60,0,190,0,1,81,0,82,44,87,141,0,272,18,0,18,290
03/28/2006,PSP,CA,AWP,WE,Combined TRACON& Tower with Radar,46,65,48,0,159,0,1,30,3,34,46,66,78,3,193,14,2,16,209
03/29/2006,PSP,CA,AWP,WE,Combined TRACON& Tower with Radar,47,77,53,7,184,0,3,36,0,39,47,80,89,7,223,2,0,2,225
03/30/2006,PSP,CA,AWP,WE,Combined TRACON& Tower with Radar,45,77,55,0,177,0,1,90,0,91,45,78,145,0,268,14,0,14,282
03/31/2006,PSP,CA,AWP,WE,Combined TRACON& Tower with Radar,50,94,74,0,218,0,0,80,0,80,50,94,154,0,298,50,0,50,348
04/01/2006,PSP,CA,AWP,WE,Combined TRACON& Tower with Radar,46,90,62,0,198,0,4,110,4,118,46,94,172,4,316,100,0,100,416
04/02/2006,PSP,CA,AWP,WE,Combined TRACON& Tower with Radar,42,92,68,0,202,0,2,135,0,137,42,94,203,0,339,50,0,50,389
04/03/2006,PSP,CA,AWP,WE,Combined TRACON& Tower with Radar,38,86,45,0,169,0,1,56,0,57,38,87,101,0,226,8,0,8,234
04/04/2006,PSP,CA,AWP,WE,Combined TRACON& Tower with Radar,34,94,28,2,158,2,1,34,0,37,36,95,62,2,195,90,0,90,285
04/05/2006,PSP,CA,AWP,WE,Combined TRACON& Tower with Radar,39,94,49,0,182,0,0,17,0,17,39,94,66,0,199,22,0,22,221
04/06/2006,PSP,CA,AWP,WE,Combined TRACON& Tower with Radar,35,77,53,0,165,0,2,148,0,150,35,79,201,0,315,42,0,42,357
04/07/2006,PSP,CA,AWP,WE,Combined TRACON& Tower with Radar,40,95,65,3,203,0,8,130,0,138,40,103,195,3,341,50,0,50,391
04/08/2006,PSP,CA,AWP,WE,Combined TRACON& Tower with Radar,40,76,40,0,156,0,8,165,2,175,40,84,205,2,331,50,0,50,381
04/09/2006,PSP,CA,AWP,WE,Combined TRACON& Tower with Radar,42,94,86,4,226,0,2,110,0,112,42,96,196,4,338,26,4,30,368
04/10/2006,PSP,CA,AWP,WE,Combined TRACON& Tower with Radar,37,81,37,3,158,0,3,57,0,60,37,84,94,3,218,56,0,56,274
04/11/2006,PSP,CA,AWP,WE,Combined TRACON& Tower with Radar,36,72,41,4,153,0,0,86,0,86,36,72,127,4,239,22,0,22,261
04/12/2006,PSP,CA,AWP,WE,Combined TRACON& Tower with Radar,39,90,52,2,183,0,0,105,0,105,39,90,157,2,288,20,0,20,308
04/13/2006,PSP,CA,AWP,WE,Combined TRACON& Tower with Radar,36,77,58,1,172,0,2,107,0,109,36,79,165,1,281,54,0,54,335
04/14/2006,PSP,CA,AWP,WE,Combined TRACON& Tower with Radar,36,72,41,4,153,0,0,86,0,86,36,72,127,4,239,22,0,22,261
04/15/2006,PSP,CA,AWP,WE,Combined TRACON& Tower with Radar,37,81,46,4,168,0,1,104,4,109,37,82,150,8,277,52,0,52,329
04/16/2006,PSP,CA,AWP,WE,Combined TRACON& Tower with Radar,46,85,45,2,178,0,0,62,2,64,46,85,107,4,242,4,0,4,246
04/17/2006,PSP,CA,AWP,WE,Combined TRACON& Tower with Radar,39,85,76,0,200,0,2,54,5,61,39,87,130,5,261,18,0,18,279
04/18/2006,PSP,CA,AWP,WE,Combined TRACON& Tower with Radar,34,78,64,2,178,0,4,98,0,102,34,82,162,2,280,52,0,52,332
04/19/2006,PSP,CA,AWP,WE,Combined TRACON& Tower with Radar,35,88,42,3,168,0,4,145,0,149,35,92,187,3,317,32,0,32,349
04/20/2006,PSP,CA,AWP,WE,Combined TRACON& Tower with Radar,35,94,56,1,186,0,3,137,4,144,35,97,193,5,330,48,0,48,378
04/21/2006,PSP,CA,AWP,WE,Combined TRACON& Tower with Radar,41,92,62,1,196,0,1,144,12,157,41,93,206,13,353,34,0,34,387
04/22/2006,PSP,CA,AWP,WE,Combined TRACON& Tower with Radar,39,87,34,2,162,0,8,63,6,77,39,95,97,8,239,14,0,14,253
04/23/2006,PSP,CA,AWP,WE,Combined TRACON& Tower with Radar,39,72,28,2,141,0,1,33,16,50,39,73,61,18,191,26,0,26,217
04/24/2006,PSP,CA,AWP,WE,Combined TRACON& Tower with Radar,37,67,46,5,155,0,1,54,7,62,37,68,100,12,217,32,0,32,249
04/25/2006,PSP,CA,AWP,WE,Combined TRACON& Tower with Radar,35,77,45,0,157,0,1,75,3,79,35,78,120,3,236,0,0,0,236
04/26/2006,PSP,CA,AWP,WE,Combined TRACON& Tower with Radar,29,82,55,2,168,0,1,59,4,64,29,83,114,6,232,24,0,24,256
04/27/2006,PSP,CA,AWP,WE,Combined TRACON& Tower with Radar,32,72,65,0,169,0,1,35,2,38,32,73,100,2,207,4,0,4,211
04/28/2006,PSP,CA,AWP,WE,Combined TRACON& Tower with Radar,40,85,68,4,197,0,6,100,2,108,40,91,168,6,305,50,4,54,359
04/29/2006,PSP,CA,AWP,WE,Combined TRACON& Tower with Radar,40,70,41,0,151,0,2,88,2,92,40,72,129,2,243,36,4,40,283
04/30/2006,PSP,CA,AWP,WE,Combined TRACON& Tower with Radar,32,87,64,0,183,0,2,85,5,92,32,89,149,5,275,2,4,6,281
05/01/2006,PSP,CA,AWP,WE,Combined TRACON& Tower with Radar,26,74,55,1,156,0,1,52,2,55,26,75,107,3,211,24,0,24,235
05/02/2006,PSP,CA,AWP,WE,Combined TRACON& Tower with Radar,25,72,34,0,131,0,2,106,0,108,25,74,140,0,239,42,0,42,281
05/03/2006,PSP,CA,AWP,WE,Combined TRACON& Tower with Radar,21,74,33,0,128,0,3,78,0,81,21,77,111,0,209,12,0,12,221
05/04/2006,PSP,CA,AWP,WE,Combined TRACON& Tower with Radar,22,76,62,0,160,0,1,56,0,57,22,77,118,0,217,36,0,36,253
05/05/2006,PSP,CA,AWP,WE,Combined TRACON& Tower with Radar,24,66,50,2,142,0,2,125,0,127,24,68,175,2,269,100,0,100,369
05/06/2006,PSP,CA,AWP,WE,Combined TRACON& Tower with Radar,20,64,36,0,120,0,1,111,0,112,20,65,147,0,232,20,0,20,252
05/07/2006,PSP,CA,AWP,WE,Combined TRACON& Tower with Radar,24,71,66,2,163,0,0,120,4,124,24,71,186,6,287,26,4,30,317
05/08/2006,PSP,CA,AWP,WE,Combined TRACON& Tower with Radar,20,69,41,0,130,0,2,62,2,66,20,71,103,2,196,2,0,2,198
05/09/2006,PSP,CA,AWP,WE,Combined TRACON& Tower with Radar,49,69,29,2,149,0,0,0,0,0,49,69,29,2,149,32,0,32,181
05/10/2006,PSP,CA,AWP,WE,Combined TRACON& Tower with Radar,20,69,49,2,140,0,2,87,2,91,20,71,136,4,231,26,0,26,257
05/11/2006,PSP,CA,AWP,WE,Combined TRACON& Tower with Radar,20,64,110,5,199,0,3,0,0,3,20,67,110,5,202,14,2,16,218
05/12/2006,PSP,CA,AWP,WE,Combined TRACON& Tower with Radar,26,68,47,0,141,0,7,97,4,108,26,75,144,4,249,50,0,50,299
05/13/2006,PSP,CA,AWP,WE,Combined TRACON& Tower with Radar,20,56,28,0,104,0,1,120,0,121,20,57,148,0,225,50,0,50,275
05/14/2006,PSP,CA,AWP,WE,Combined TRACON& Tower with Radar,25,72,41,3,141,0,1,103,0,104,25,73,144,3,245,10,0,10,255
05/15/2006,PSP,CA,AWP,WE,Combined TRACON& Tower with Radar,23,74,34,1,132,0,7,87,2,96,23,81,121,3,228,26,0,26,254
05/16/2006,PSP,CA,AWP,WE,Combined TRACON& Tower with Radar,19,60,42,4,125,0,3,69,0,72,19,63,111,4,197,28,0,28,225
05/17/2006,PSP,CA,AWP,WE,Combined TRACON& Tower with Radar,22,72,27,4,125,0,1,62,2,65,22,73,89,6,190,10,0,10,200
05/18/2006,PSP,CA,AWP,WE,Combined TRACON& Tower with Radar,21,74,44,0,139,0,0,88,0,88,21,74,132,0,227,26,0,26,253
05/19/2006,PSP,CA,AWP,WE,Combined TRACON& Tower with Radar,22,68,46,5,141,0,1,115,6,122,22,69,161,11,263,50,0,50,313
05/20/2006,PSP,CA,AWP,WE,Combined TRACON& Tower with Radar,16,60,17,0,93,0,0,120,0,120,16,60,137,0,213,50,0,50,263
05/21/2006,PSP,CA,AWP,WE,Combined TRACON& Tower with Radar,24,71,53,1,149,0,0,71,4,75,24,71,124,5,224,100,0,100,324
05/22/2006,PSP,CA,AWP,WE,Combined TRACON& Tower with Radar,22,72,39,0,133,0,2,45,1,48,22,74,84,1,181,10,0,10,191
05/23/2006,PSP,CA,AWP,WE,Combined TRACON& Tower with Radar,20,66,23,0,109,0,4,69,0,73,20,70,92,0,182,28,0,28,210
05/24/2006,PSP,CA,AWP,WE,Combined TRACON& Tower with Radar,20,69,39,4,132,0,2,95,0,97,20,71,134,4,229,52,0,52,281
05/25/2006,PSP,CA,AWP,WE,Combined TRACON& Tower with Radar,20,59,29,3,111,0,3,75,0,78,20,62,104,3,189,24,0,24,213
05/26/2006,PSP,CA,AWP,WE,Combined TRACON& Tower with Radar,21,70,44,1,136,0,5,0,0,5,21,75,44,1,141,24,0,24,165
05/27/2006,PSP,CA,AWP,WE,Combined TRACON& Tower with Radar,19,55,18,0,92,0,0,47,4,51,19,55,65,4,143,4,0,4,147
05/28/2006,PSP,CA,AWP,WE,Combined TRACON& Tower with Radar,22,46,20,0,88,0,1,86,2,89,22,47,106,2,177,22,0,22,199
05/29/2006,PSP,CA,AWP,WE,Combined TRACON& Tower with Radar,21,64,32,0,117,0,1,123,4,128,21,65,155,4,245,34,0,34,279
05/30/2006,PSP,CA,AWP,WE,Combined TRACON& Tower with Radar,19,61,24,0,104,0,2,49,3,54,19,63,73,3,158,14,0,14,172
05/31/2006,PSP,CA,AWP,WE,Combined TRACON& Tower with Radar,22,63,18,3,106,0,2,66,2,70,22,65,84,5,176,10,0,10,186
06/01/2006,PSP,CA,AWP,WE,Combined TRACON& Tower with Radar,18,66,32,2,118,0,1,90,0,91,18,67,122,2,209,42,0,42,251
06/02/2006,PSP,CA,AWP,WE,Combined TRACON& Tower with Radar,18,60,36,0,114,0,6,106,1,113,18,66,142,1,227,100,0,100,327
06/03/2006,PSP,CA,AWP,WE,Combined TRACON& Tower with Radar,22,58,12,0,92,0,1,90,10,101,22,59,102,10,193,50,10,60,253
06/04/2006,PSP,CA,AWP,WE,Combined TRACON& Tower with Radar,16,62,19,1,98,0,4,90,3,97,16,66,109,4,195,30,4,34,229
06/05/2006,PSP,CA,AWP,WE,Combined TRACON& Tower with Radar,17,51,16,1,85,0,3,46,0,49,17,54,62,1,134,8,0,8,142
06/06/2006,PSP,CA,AWP,WE,Combined TRACON& Tower with Radar,15,45,29,1,90,0,5,47,0,52,15,50,76,1,142,18,0,18,160
06/07/2006,PSP,CA,AWP,WE,Combined TRACON& Tower with Radar,17,58,23,4,102,0,2,44,1,47,17,60,67,5,149,24,0,24,173
06/08/2006,PSP,CA,AWP,WE,Combined TRACON& Tower with Radar,13,50,18,3,84,0,2,73,0,75,13,52,91,3,159,30,0,30,189
06/09/2006,PSP,CA,AWP,WE,Combined TRACON& Tower with Radar,12,55,25,1,93,0,3,84,0,87,12,58,109,1,180,50,0,50,230
06/10/2006,PSP,CA,AWP,WE,Combined TRACON& Tower with Radar,12,44,18,0,74,0,3,85,0,88,12,47,103,0,162,50,0,50,212
06/11/2006,PSP,CA,AWP,WE,Combined TRACON& Tower with Radar,16,47,28,0,91,0,0,94,1,95,16,47,122,1,186,62,0,62,248
06/12/2006,PSP,CA,AWP,WE,Combined TRACON& Tower with Radar,17,49,26,0,92,0,2,58,0,60,17,51,84,0,152,14,0,14,166
06/13/2006,PSP,CA,AWP,WE,Combined TRACON& Tower with Radar,13,47,12,0,72,0,5,57,0,62,13,52,69,0,134,36,0,36,170
06/14/2006,PSP,CA,AWP,WE,Combined TRACON& Tower with Radar,13,52,20,1,86,0,5,68,0,73,13,57,88,1,159,38,0,38,197
06/15/2006,PSP,CA,AWP,WE,Combined TRACON& Tower with Radar,13,55,15,0,83,0,3,82,0,85,13,58,97,0,168,30,0,30,198
06/16/2006,PSP,CA,AWP,WE,Combined TRACON& Tower with Radar,13,58,11,0,82,0,4,81,0,85,13,62,92,0,167,10,0,10,177
06/17/2006,PSP,CA,AWP,WE,Combined TRACON& Tower with Radar,10,46,6,4,66,0,3,94,0,97,10,49,100,4,163,60,0,60,223
06/18/2006,PSP,CA,AWP,WE,Combined TRACON& Tower with Radar,12,44,16,4,76,0,0,66,2,68,12,44,82,6,144,4,4,8,152
06/19/2006,PSP,CA,AWP,WE,Combined TRACON& Tower with Radar,11,58,17,0,86,0,6,54,0,60,11,64,71,0,146,10,0,10,156
06/20/2006,PSP,CA,AWP,WE,Combined TRACON& Tower with Radar,0,0,0,0,0,14,59,75,0,148,14,59,75,0,148,6,0,6,154
06/21/2006,PSP,CA,AWP,WE,Combined TRACON& Tower with Radar,10,50,19,0,79,0,4,64,0,68,10,54,83,0,147,22,0,22,169
06/22/2006,PSP,CA,AWP,WE,Combined TRACON& Tower with Radar,14,42,27,2,85,0,1,66,0,67,14,43,93,2,152,40,0,40,192
06/23/2006,PSP,CA,AWP,WE,Combined TRACON& Tower with Radar,14,60,32,2,108,0,4,80,0,84,14,64,112,2,192,20,4,24,216
06/24/2006,PSP,CA,AWP,WE,Combined TRACON& Tower with Radar,10,48,15,2,75,0,4,65,0,69,10,52,80,2,144,20,0,20,164
06/25/2006,PSP,CA,AWP,WE,Combined TRACON& Tower with Radar,14,54,14,0,82,0,1,47,0,48,14,55,61,0,130,0,0,0,130
06/26/2006,PSP,CA,AWP,WE,Combined TRACON& Tower with Radar,10,47,12,0,69,0,0,44,1,45,10,47,56,1,114,12,0,12,126
06/27/2006,PSP,CA,AWP,WE,Combined TRACON& Tower with Radar,12,42,9,0,63,0,2,46,1,49,12,44,55,1,112,10,0,10,122
06/28/2006,PSP,CA,AWP,WE,Combined TRACON& Tower with Radar,13,49,13,2,77,0,2,35,0,37,13,51,48,2,114,2,0,2,116
06/29/2006,PSP,CA,AWP,WE,Combined TRACON& Tower with Radar,14,54,7,2,77,0,5,43,0,48,14,59,50,2,125,22,0,22,147
06/30/2006,PSP,CA,AWP,WE,Combined TRACON& Tower with Radar,22,47,10,0,79,0,4,64,1,69,22,51,74,1,148,24,0,24,172
07/01/2006,PSP,CA,AWP,WE,Combined TRACON& Tower with Radar,9,44,3,0,56,0,0,73,0,73,9,44,76,0,129,10,0,10,139
07/02/2006,PSP,CA,AWP,WE,Combined TRACON& Tower with Radar,9,43,10,0,62,0,0,38,0,38,9,43,48,0,100,6,0,6,106
07/03/2006,PSP,CA,AWP,WE,Combined TRACON& Tower with Radar,10,47,8,0,65,0,1,45,0,46,10,48,53,0,111,2,0,2,113
07/04/2006,PSP,CA,AWP,WE,Combined TRACON& Tower with Radar,12,38,7,0,57,0,0,41,0,41,12,38,48,0,98,4,0,4,102
07/05/2006,PSP,CA,AWP,WE,Combined TRACON& Tower with Radar,14,49,14,2,79,0,2,59,2,63,14,51,73,4,142,2,0,2,144
07/06/2006,PSP,CA,AWP,WE,Combined TRACON& Tower with Radar,12,52,17,1,82,0,2,45,0,47,12,54,62,1,129,8,0,8,137
07/07/2006,PSP,CA,AWP,WE,Combined TRACON& Tower with Radar,12,51,17,2,82,0,10,44,0,54,12,61,61,2,136,28,0,28,164
07/08/2006,PSP,CA,AWP,WE,Combined TRACON& Tower with Radar,17,40,5,0,62,0,1,73,1,75,17,41,78,1,137,10,0,10,147
07/09/2006,PSP,CA,AWP,WE,Combined TRACON& Tower with Radar,17,52,16,0,85,0,0,54,1,55,17,52,70,1,140,16,0,16,156
07/10/2006,PSP,CA,AWP,WE,Combined TRACON& Tower with Radar,21,50,15,0,86,0,3,56,0,59,21,53,71,0,145,16,0,16,161
07/11/2006,PSP,CA,AWP,WE,Combined TRACON& Tower with Radar,10,40,14,0,64,0,2,40,0,42,10,42,54,0,106,2,0,2,108
07/12/2006,PSP,CA,AWP,WE,Combined TRACON& Tower with Radar,10,54,16,0,80,0,7,83,0,90,10,61,99,0,170,0,0,0,170
07/13/2006,PSP,CA,AWP,WE,Combined TRACON& Tower with Radar,14,51,18,0,83,0,5,62,0,67,14,56,80,0,150,26,0,26,176
07/14/2006,PSP,CA,AWP,WE,Combined TRACON& Tower with Radar,14,44,17,0,75,0,8,90,1,99,14,52,107,1,174,54,0,54,228
07/15/2006,PSP,CA,AWP,WE,Combined TRACON& Tower with Radar,12,42,13,0,67,0,0,41,4,45,12,42,54,4,112,28,0,28,140
07/16/2006,PSP,CA,AWP,WE,Combined TRACON& Tower with Radar,12,45,17,0,74,0,4,34,11,49,12,49,51,11,123,4,0,4,127
07/17/2006,PSP,CA,AWP,WE,Combined TRACON& Tower with Radar,13,48,10,2,73,0,6,38,6,50,13,54,48,8,123,24,0,24,147
07/18/2006,PSP,CA,AWP,WE,Combined TRACON& Tower with Radar,10,50,12,0,72,0,5,32,0,37,10,55,44,0,109,0,0,0,109
07/19/2006,PSP,CA,AWP,WE,Combined TRACON& Tower with Radar,11,46,11,0,68,0,4,41,7,52,11,50,52,7,120,58,0,58,178
07/20/2006,PSP,CA,AWP,WE,Combined TRACON& Tower with Radar,12,48,13,0,73,0,2,67,6,75,12,50,80,6,148,30,0,30,178
07/21/2006,PSP,CA,AWP,WE,Combined TRACON& Tower with Radar,14,48,16,0,78,0,2,60,0,62,14,50,76,0,140,10,0,10,150
07/22/2006,PSP,CA,AWP,WE,Combined TRACON& Tower with Radar,10,36,6,0,52,0,1,60,0,61,10,37,66,0,113,2,0,2,115
07/23/2006,PSP,CA,AWP,WE,Combined TRACON& Tower with Radar,12,47,27,0,86,0,0,30,1,31,12,47,57,1,117,8,0,8,125
07/24/2006,PSP,CA,AWP,WE,Combined TRACON& Tower with Radar,15,43,9,0,67,0,3,55,4,62,15,46,64,4,129,0,8,8,137
07/25/2006,PSP,CA,AWP,WE,Combined TRACON& Tower with Radar,17,48,21,0,86,0,1,42,5,48,17,49,63,5,134,26,0,26,160
07/26/2006,PSP,CA,AWP,WE,Combined TRACON& Tower with Radar,11,48,12,2,73,0,1,35,1,37,11,49,47,3,110,6,0,6,116
07/27/2006,PSP,CA,AWP,WE,Combined TRACON& Tower with Radar,12,52,12,0,76,0,0,50,2,52,12,52,62,2,128,10,0,10,138
07/28/2006,PSP,CA,AWP,WE,Combined TRACON& Tower with Radar,13,48,13,0,74,0,4,42,0,46,13,52,55,0,120,12,0,12,132
07/29/2006,PSP,CA,AWP,WE,Combined TRACON& Tower with Radar,12,41,11,0,64,0,4,45,0,49,12,45,56,0,113,2,0,2,115
07/30/2006,PSP,CA,AWP,WE,Combined TRACON& Tower with Radar,10,52,21,1,84,0,2,26,0,28,10,54,47,1,112,0,0,0,112
07/31/2006,PSP,CA,AWP,WE,Combined TRACON& Tower with Radar,11,48,20,0,79,0,3,35,2,40,11,51,55,2,119,4,0,4,123
08/01/2006,PSP,CA,AWP,WE,Combined TRACON& Tower with Radar,14,39,10,0,63,0,1,35,1,37,14,40,45,1,100,6,0,6,106
08/02/2006,PSP,CA,AWP,WE,Combined TRACON& Tower with Radar,9,54,10,2,75,0,1,65,0,66,9,55,75,2,141,24,0,24,165
08/03/2006,PSP,CA,AWP,WE,Combined TRACON& Tower with Radar,12,59,20,2,93,0,1,57,2,60,12,60,77,4,153,78,0,78,231
08/04/2006,PSP,CA,AWP,WE,Combined TRACON& Tower with Radar,12,50,14,2,78,0,3,68,3,74,12,53,82,5,152,22,0,22,174
08/05/2006,PSP,CA,AWP,WE,Combined TRACON& Tower with Radar,12,43,12,0,67,0,1,94,0,95,12,44,106,0,162,4,0,4,166
08/06/2006,PSP,CA,AWP,WE,Combined TRACON& Tower with Radar,12,48,12,0,72,0,1,62,2,65,12,49,74,2,137,16,0,16,153
08/07/2006,PSP,CA,AWP,WE,Combined TRACON& Tower with Radar,12,49,12,0,73,0,7,37,0,44,12,56,49,0,117,6,0,6,123
08/08/2006,PSP,CA,AWP,WE,Combined TRACON& Tower with Radar,13,43,14,0,70,0,3,38,0,41,13,46,52,0,111,60,0,60,171
08/09/2006,PSP,CA,AWP,WE,Combined TRACON& Tower with Radar,13,51,18,2,84,0,2,60,1,63,13,53,78,3,147,52,20,72,219
08/10/2006,PSP,CA,AWP,WE,Combined TRACON& Tower with Radar,12,48,11,0,71,0,4,65,0,69,12,52,76,0,140,20,0,20,160
08/11/2006,PSP,CA,AWP,WE,Combined TRACON& Tower with Radar,12,57,13,0,82,0,1,70,2,73,12,58,83,2,155,14,0,14,169
08/12/2006,PSP,CA,AWP,WE,Combined TRACON& Tower with Radar,14,42,6,1,63,0,9,67,1,77,14,51,73,2,140,10,0,10,150
08/13/2006,PSP,CA,AWP,WE,Combined TRACON& Tower with Radar,11,56,21,0,88,0,3,61,0,64,11,59,82,0,152,0,0,0,152
08/14/2006,PSP,CA,AWP,WE,Combined TRACON& Tower with Radar,12,55,15,0,82,0,1,61,3,65,12,56,76,3,147,8,0,8,155
08/15/2006,PSP,CA,AWP,WE,Combined TRACON& Tower with Radar,13,57,11,0,81,0,2,55,0,57,13,59,66,0,138,12,0,12,150
08/16/2006,PSP,CA,AWP,WE,Combined TRACON& Tower with Radar,14,52,10,0,76,0,2,51,1,54,14,54,61,1,130,44,0,44,174
08/17/2006,PSP,CA,AWP,WE,Combined TRACON& Tower with Radar,12,62,23,0,97,0,1,68,0,69,12,63,91,0,166,50,0,50,216
08/18/2006,PSP,CA,AWP,WE,Combined TRACON& Tower with Radar,12,49,14,7,82,0,1,81,1,83,12,50,95,8,165,20,18,38,203
08/19/2006,PSP,CA,AWP,WE,Combined TRACON& Tower with Radar,16,46,10,4,76,0,4,76,0,80,16,50,86,4,156,50,0,50,206
08/20/2006,PSP,CA,AWP,WE,Combined TRACON& Tower with Radar,13,54,11,0,78,0,2,66,0,68,13,56,77,0,146,20,0,20,166
08/21/2006,PSP,CA,AWP,WE,Combined TRACON& Tower with Radar,14,53,13,0,80,0,2,49,1,52,14,55,62,1,132,8,0,8,140
08/22/2006,PSP,CA,AWP,WE,Combined TRACON& Tower with Radar,10,47,13,0,70,0,1,61,2,64,10,48,74,2,134,36,0,36,170
08/23/2006,PSP,CA,AWP,WE,Combined TRACON& Tower with Radar,12,51,12,1,76,0,1,52,1,54,12,52,64,2,130,56,0,56,186
08/24/2006,PSP,CA,AWP,WE,Combined TRACON& Tower with Radar,14,45,14,1,74,0,3,64,6,73,14,48,78,7,147,50,0,50,197
08/25/2006,PSP,CA,AWP,WE,Combined TRACON& Tower with Radar,11,58,11,2,82,0,3,114,3,120,11,61,125,5,202,28,0,28,230
08/26/2006,PSP,CA,AWP,WE,Combined TRACON& Tower with Radar,12,42,10,0,64,0,1,81,1,83,12,43,91,1,147,50,0,50,197
08/27/2006,PSP,CA,AWP,WE,Combined TRACON& Tower with Radar,14,50,11,0,75,0,3,75,0,78,14,53,86,0,153,10,0,10,163
08/28/2006,PSP,CA,AWP,WE,Combined TRACON& Tower with Radar,15,51,12,1,79,0,4,52,1,57,15,55,64,2,136,46,0,46,182
08/29/2006,PSP,CA,AWP,WE,Combined TRACON& Tower with Radar,13,49,11,0,73,0,2,55,0,57,13,51,66,0,130,44,0,44,174
08/30/2006,PSP,CA,AWP,WE,Combined TRACON& Tower with Radar,13,46,12,0,71,0,1,69,0,70,13,47,81,0,141,94,0,94,235
08/31/2006,PSP,CA,AWP,WE,Combined TRACON& Tower with Radar,14,50,14,0,78,0,3,70,1,74,14,53,84,1,152,50,0,50,202
09/01/2006,PSP,CA,AWP,WE,Combined TRACON& Tower with Radar,13,46,17,4,80,0,7,80,3,90,13,53,97,7,170,48,0,48,218
09/02/2006,PSP,CA,AWP,WE,Combined TRACON& Tower with Radar,12,44,12,0,68,0,1,51,0,52,12,45,63,0,120,6,0,6,126
09/03/2006,PSP,CA,AWP,WE,Combined TRACON& Tower with Radar,14,37,6,0,57,0,2,57,0,59,14,39,63,0,116,18,0,18,134
09/04/2006,PSP,CA,AWP,WE,Combined TRACON& Tower with Radar,15,48,8,2,73,0,0,62,0,62,15,48,70,2,135,4,0,4,139
09/05/2006,PSP,CA,AWP,WE,Combined TRACON& Tower with Radar,12,55,10,0,77,0,0,52,3,55,12,55,62,3,132,50,0,50,182
09/06/2006,PSP,CA,AWP,WE,Combined TRACON& Tower with Radar,15,55,10,0,80,0,6,59,1,66,15,61,69,1,146,10,0,10,156
09/07/2006,PSP,CA,AWP,WE,Combined TRACON& Tower with Radar,20,57,8,2,87,0,4,81,2,87,20,61,89,4,174,22,0,22,196
09/08/2006,PSP,CA,AWP,WE,Combined TRACON& Tower with Radar,16,61,14,0,91,0,4,75,1,80,16,65,89,1,171,8,0,8,179
09/09/2006,PSP,CA,AWP,WE,Combined TRACON& Tower with Radar,15,46,5,3,69,0,0,66,15,81,15,46,71,18,150,2,0,2,152
09/10/2006,PSP,CA,AWP,WE,Combined TRACON& Tower with Radar,18,72,29,0,119,0,0,79,3,82,18,72,108,3,201,38,0,38,239
09/11/2006,PSP,CA,AWP,WE,Combined TRACON& Tower with Radar,18,49,19,0,86,0,2,71,0,73,18,51,90,0,159,54,0,54,213
09/12/2006,PSP,CA,AWP,WE,Combined TRACON& Tower with Radar,22,46,28,0,96,0,5,60,1,66,22,51,88,1,162,50,0,50,212
09/13/2006,PSP,CA,AWP,WE,Combined TRACON& Tower with Radar,17,56,26,4,103,0,2,89,0,91,17,58,115,4,194,74,0,74,268
09/14/2006,PSP,CA,AWP,WE,Combined TRACON& Tower with Radar,20,55,23,0,98,0,2,52,0,54,20,57,75,0,152,14,0,14,166
09/15/2006,PSP,CA,AWP,WE,Combined TRACON& Tower with Radar,15,52,13,2,82,0,3,46,4,53,15,55,59,6,135,6,0,6,141
09/16/2006,PSP,CA,AWP,WE,Combined TRACON& Tower with Radar,14,54,3,0,71,0,0,85,4,89,14,54,88,4,160,24,0,24,184
09/17/2006,PSP,CA,AWP,WE,Combined TRACON& Tower with Radar,19,58,19,0,96,0,4,106,10,120,19,62,125,10,216,28,0,28,244
09/18/2006,PSP,CA,AWP,WE,Combined TRACON& Tower with Radar,18,51,13,0,82,0,3,80,0,83,18,54,93,0,165,8,0,8,173
09/19/2006,PSP,CA,AWP,WE,Combined TRACON& Tower with Radar,18,56,13,2,89,0,3,84,0,87,18,59,97,2,176,70,0,70,246
09/20/2006,PSP,CA,AWP,WE,Combined TRACON& Tower with Radar,20,49,25,2,96,0,2,58,0,60,20,51,83,2,156,20,0,20,176
09/21/2006,PSP,CA,AWP,WE,Combined TRACON& Tower with Radar,21,53,11,1,86,0,4,77,1,82,21,57,88,2,168,48,0,48,216
09/22/2006,PSP,CA,AWP,WE,Combined TRACON& Tower with Radar,18,60,27,0,105,0,2,61,0,63,18,62,88,0,168,38,0,38,206
09/23/2006,PSP,CA,AWP,WE,Combined TRACON& Tower with Radar,14,51,15,0,80,0,2,68,0,70,14,53,83,0,150,50,0,50,200
09/24/2006,PSP,CA,AWP,WE,Combined TRACON& Tower with Radar,20,60,24,0,104,0,0,99,0,99,20,60,123,0,203,106,0,106,309
09/25/2006,PSP,CA,AWP,WE,Combined TRACON& Tower with Radar,15,58,12,1,86,0,0,86,0,86,15,58,98,1,172,86,0,86,258
09/26/2006,PSP,CA,AWP,WE,Combined TRACON& Tower with Radar,22,47,14,0,83,0,6,60,3,69,22,53,74,3,152,50,0,50,202
09/27/2006,PSP,CA,AWP,WE,Combined TRACON& Tower with Radar,20,42,15,0,77,0,7,90,5,102,20,49,105,5,179,70,0,70,249
09/28/2006,PSP,CA,AWP,WE,Combined TRACON& Tower with Radar,23,55,22,1,101,0,3,107,1,111,23,58,129,2,212,60,8,68,280
09/29/2006,PSP,CA,AWP,WE,Combined TRACON& Tower with Radar,14,64,21,2,101,0,11,83,0,94,14,75,104,2,195,22,0,22,217
09/30/2006,PSP,CA,AWP,WE,Combined TRACON& Tower with Radar,17,46,9,0,72,0,2,79,1,82,17,48,88,1,154,34,0,34,188
10/01/2006,PSP,CA,AWP,WE,Combined TRACON& Tower with Radar,25,57,19,0,101,0,0,72,0,72,25,57,91,0,173,22,0,22,195
10/02/2006,PSP,CA,AWP,WE,Combined TRACON& Tower with Radar,20,58,23,0,101,0,3,70,0,73,20,61,93,0,174,20,0,20,194
10/03/2006,PSP,CA,AWP,WE,Combined TRACON& Tower with Radar,22,61,40,3,126,0,1,93,0,94,22,62,133,3,220,60,0,60,280
10/04/2006,PSP,CA,AWP,WE,Combined TRACON& Tower with Radar,22,72,34,0,128,0,3,95,0,98,22,75,129,0,226,100,0,100,326
10/05/2006,PSP,CA,AWP,WE,Combined TRACON& Tower with Radar,16,73,51,3,143,0,2,97,0,99,16,75,148,3,242,72,0,72,314
10/06/2006,PSP,CA,AWP,WE,Combined TRACON& Tower with Radar,18,60,31,3,112,0,2,83,1,86,18,62,114,4,198,42,0,42,240
10/07/2006,PSP,CA,AWP,WE,Combined TRACON& Tower with Radar,20,48,21,2,91,0,1,124,0,125,20,49,145,2,216,46,0,46,262
10/08/2006,PSP,CA,AWP,WE,Combined TRACON& Tower with Radar,20,66,31,0,117,0,0,93,0,93,20,66,124,0,210,14,0,14,224
10/09/2006,PSP,CA,AWP,WE,Combined TRACON& Tower with Radar,20,57,23,1,101,0,3,85,0,88,20,60,108,1,189,114,0,114,303
10/10/2006,PSP,CA,AWP,WE,Combined TRACON& Tower with Radar,20,54,27,4,105,0,6,71,3,80,20,60,98,7,185,100,0,100,285
10/11/2006,PSP,CA,AWP,WE,Combined TRACON& Tower with Radar,18,68,24,4,114,0,3,85,12,100,18,71,109,16,214,100,0,100,314
10/12/2006,PSP,CA,AWP,WE,Combined TRACON& Tower with Radar,23,59,38,0,120,0,4,85,0,89,23,63,123,0,209,26,0,26,235
10/13/2006,PSP,CA,AWP,WE,Combined TRACON& Tower with Radar,22,64,34,1,121,0,3,58,0,61,22,67,92,1,182,24,0,24,206
10/14/2006,PSP,CA,AWP,WE,Combined TRACON& Tower with Radar,22,51,23,0,96,0,4,48,1,53,22,55,71,1,149,20,0,20,169
10/15/2006,PSP,CA,AWP,WE,Combined TRACON& Tower with Radar,24,67,43,0,134,0,3,98,0,101,24,70,141,0,235,22,0,22,257
10/16/2006,PSP,CA,AWP,WE,Combined TRACON& Tower with Radar,20,54,20,0,94,0,2,36,0,38,20,56,56,0,132,12,0,12,144
10/17/2006,PSP,CA,AWP,WE,Combined TRACON& Tower with Radar,20,62,31,0,113,0,1,67,0,68,20,63,98,0,181,50,0,50,231
10/18/2006,PSP,CA,AWP,WE,Combined TRACON& Tower with Radar,20,72,50,2,144,0,6,60,11,77,20,78,110,13,221,10,0,10,231
10/19/2006,PSP,CA,AWP,WE,Combined TRACON& Tower with Radar,19,58,27,2,106,0,2,60,12,74,19,60,87,14,180,22,0,22,202
10/20/2006,PSP,CA,AWP,WE,Combined TRACON& Tower with Radar,21,58,39,4,122,0,1,101,9,111,21,59,140,13,233,16,0,16,249
10/21/2006,PSP,CA,AWP,WE,Combined TRACON& Tower with Radar,18,54,20,6,98,0,0,90,2,92,18,54,110,8,190,16,0,16,206
10/22/2006,PSP,CA,AWP,WE,Combined TRACON& Tower with Radar,21,63,32,4,120,0,0,110,7,117,21,63,142,11,237,46,0,46,283
10/23/2006,PSP,CA,AWP,WE,Combined TRACON& Tower with Radar,21,58,25,1,105,0,2,57,1,60,21,60,82,2,165,30,0,30,195
10/24/2006,PSP,CA,AWP,WE,Combined TRACON& Tower with Radar,20,67,26,0,113,0,5,73,0,78,20,72,99,0,191,50,0,50,241
10/25/2006,PSP,CA,AWP,WE,Combined TRACON& Tower with Radar,24,57,20,2,103,0,2,75,0,77,24,59,95,2,180,50,0,50,230
10/26/2006,PSP,CA,AWP,WE,Combined TRACON& Tower with Radar,20,71,25,4,120,0,1,97,5,103,20,72,122,9,223,26,0,26,249
10/27/2006,PSP,CA,AWP,WE,Combined TRACON& Tower with Radar,22,59,33,1,115,0,3,87,1,91,22,62,120,2,206,10,0,10,216
10/28/2006,PSP,CA,AWP,WE,Combined TRACON& Tower with Radar,18,56,23,2,99,0,2,90,2,94,18,58,113,4,193,54,0,54,247
10/29/2006,PSP,CA,AWP,WE,Combined TRACON& Tower with Radar,34,63,34,0,131,0,7,79,1,87,34,70,113,1,218,16,0,16,234
10/30/2006,PSP,CA,AWP,WE,Combined TRACON& Tower with Radar,30,60,30,3,123,0,5,65,0,70,30,65,95,3,193,20,0,20,213
10/31/2006,PSP,CA,AWP,WE,Combined TRACON& Tower with Radar,34,50,22,0,106,0,1,77,0,78,34,51,99,0,184,14,0,14,198
11/01/2006,PSP,CA,AWP,WE,Combined TRACON& Tower with Radar,25,57,19,0,101,0,0,72,0,72,25,57,91,0,173,22,0,22,195
11/02/2006,PSP,CA,AWP,WE,Combined TRACON& Tower with Radar,37,68,40,2,147,0,2,78,3,83,37,70,118,5,230,52,0,52,282
11/03/2006,PSP,CA,AWP,WE,Combined TRACON& Tower with Radar,22,61,40,3,126,0,1,93,0,94,22,62,133,3,220,60,0,60,280
11/04/2006,PSP,CA,AWP,WE,Combined TRACON& Tower with Radar,30,63,44,0,137,0,4,127,0,131,30,67,171,0,268,52,0,52,320
11/05/2006,PSP,CA,AWP,WE,Combined TRACON& Tower with Radar,33,69,55,0,157,0,1,154,1,156,33,70,209,1,313,22,0,22,335
11/06/2006,PSP,CA,AWP,WE,Combined TRACON& Tower with Radar,35,62,50,1,148,0,2,101,2,105,35,64,151,3,253,18,0,18,271
11/07/2006,PSP,CA,AWP,WE,Combined TRACON& Tower with Radar,36,64,83,5,188,0,2,198,0,200,36,66,281,5,388,10,0,10,398
11/08/2006,PSP,CA,AWP,WE,Combined TRACON& Tower with Radar,36,87,109,0,232,0,1,349,0,350,36,88,458,0,582,12,0,12,594
11/09/2006,PSP,CA,AWP,WE,Combined TRACON& Tower with Radar,35,77,133,0,245,0,2,845,0,847,35,79,978,0,1092,16,0,16,1108
11/10/2006,PSP,CA,AWP,WE,Combined TRACON& Tower with Radar,18,68,24,4,114,0,3,85,12,100,18,71,109,16,214,100,0,100,314
11/11/2006,PSP,CA,AWP,WE,Combined TRACON& Tower with Radar,35,64,102,0,201,0,0,577,0,577,35,64,679,0,778,32,0,32,810
11/12/2006,PSP,CA,AWP,WE,Combined TRACON& Tower with Radar,37,84,84,0,205,0,1,416,6,423,37,85,500,6,628,10,0,10,638
11/13/2006,PSP,CA,AWP,WE,Combined TRACON& Tower with Radar,38,82,45,2,167,0,2,135,0,137,38,84,180,2,304,100,0,100,404
11/14/2006,PSP,CA,AWP,WE,Combined TRACON& Tower with Radar,41,62,30,1,134,0,4,71,0,75,41,66,101,1,209,100,0,100,309
11/15/2006,PSP,CA,AWP,WE,Combined TRACON& Tower with Radar,35,84,44,0,163,0,3,115,1,119,35,87,159,1,282,76,0,76,358
11/16/2006,PSP,CA,AWP,WE,Combined TRACON& Tower with Radar,34,85,62,0,181,0,1,72,0,73,34,86,134,0,254,42,0,42,296
11/17/2006,PSP,CA,AWP,WE,Combined TRACON& Tower with Radar,20,62,31,0,113,0,1,67,0,68,20,63,98,0,181,50,0,50,231
11/18/2006,PSP,CA,AWP,WE,Combined TRACON& Tower with Radar,38,75,43,2,158,0,3,152,0,155,38,78,195,2,313,250,0,250,563
11/19/2006,PSP,CA,AWP,WE,Combined TRACON& Tower with Radar,38,89,61,0,188,0,2,92,4,98,38,91,153,4,286,80,0,80,366
11/20/2006,PSP,CA,AWP,WE,Combined TRACON& Tower with Radar,38,72,33,2,145,0,7,76,0,83,38,79,109,2,228,50,0,50,278
11/21/2006,PSP,CA,AWP,WE,Combined TRACON& Tower with Radar,35,87,57,0,179,0,0,78,0,78,35,87,135,0,257,50,0,50,307
11/22/2006,PSP,CA,AWP,WE,Combined TRACON& Tower with Radar,33,87,75,7,202,0,2,106,1,109,33,89,181,8,311,80,0,80,391
11/23/2006,PSP,CA,AWP,WE,Combined TRACON& Tower with Radar,24,52,16,0,92,0,0,72,0,72,24,52,88,0,164,46,0,46,210
11/24/2006,PSP,CA,AWP,WE,Combined TRACON& Tower with Radar,37,63,39,0,139,0,4,97,0,101,37,67,136,0,240,16,0,16,256
11/25/2006,PSP,CA,AWP,WE,Combined TRACON& Tower with Radar,34,90,51,0,175,0,0,98,0,98,34,90,149,0,273,26,0,26,299
11/26/2006,PSP,CA,AWP,WE,Combined TRACON& Tower with Radar,40,108,81,0,229,0,0,120,0,120,40,108,201,0,349,32,0,32,381
11/27/2006,PSP,CA,AWP,WE,Combined TRACON& Tower with Radar,36,76,52,3,167,0,0,37,0,37,36,76,89,3,204,100,0,100,304
11/28/2006,PSP,CA,AWP,WE,Combined TRACON& Tower with Radar,38,64,40,2,144,0,1,61,0,62,38,65,101,2,206,100,0,100,306
11/29/2006,PSP,CA,AWP,WE,Combined TRACON& Tower with Radar,42,63,88,12,205,0,0,0,0,0,42,63,88,12,205,54,60,114,319
11/30/2006,PSP,CA,AWP,WE,Combined TRACON& Tower with Radar,34,75,43,2,154,0,0,54,0,54,34,75,97,2,208,52,0,52,260
12/01/2006,PSP,CA,AWP,WE,Combined TRACON& Tower with Radar,34,77,38,0,149,0,0,73,0,73,34,77,111,0,222,56,0,56,278
12/02/2006,PSP,CA,AWP,WE,Combined TRACON& Tower with Radar,35,53,27,0,115,0,0,73,0,73,35,53,100,0,188,34,0,34,222
12/03/2006,PSP,CA,AWP,WE,Combined TRACON& Tower with Radar,40,76,22,0,138,0,1,52,0,53,40,77,74,0,191,10,0,10,201
12/04/2006,PSP,CA,AWP,WE,Combined TRACON& Tower with Radar,42,72,27,0,141,0,0,85,0,85,42,72,112,0,226,20,0,20,246
12/05/2006,PSP,CA,AWP,WE,Combined TRACON& Tower with Radar,39,10,30,8,87,0,0,77,0,77,39,10,107,8,164,20,0,20,184
12/06/2006,PSP,CA,AWP,WE,Combined TRACON& Tower with Radar,45,65,16,0,126,0,2,78,0,80,45,67,94,0,206,16,0,16,222
12/07/2006,PSP,CA,AWP,WE,Combined TRACON& Tower with Radar,36,72,37,0,145,0,5,85,0,90,36,77,122,0,235,88,0,88,323
12/08/2006,PSP,CA,AWP,WE,Combined TRACON& Tower with Radar,40,84,31,2,157,0,0,76,0,76,40,84,107,2,233,52,0,52,285
12/09/2006,PSP,CA,AWP,WE,Combined TRACON& Tower with Radar,35,59,16,1,111,0,0,122,0,122,35,59,138,1,233,76,0,76,309
12/10/2006,PSP,CA,AWP,WE,Combined TRACON& Tower with Radar,34,80,38,0,152,0,4,40,0,44,34,84,78,0,196,8,0,8,204
12/11/2006,PSP,CA,AWP,WE,Combined TRACON& Tower with Radar,35,75,27,0,137,0,4,85,0,89,35,79,112,0,226,10,0,10,236
12/12/2006,PSP,CA,AWP,WE,Combined TRACON& Tower with Radar,38,76,28,0,142,0,1,77,0,78,38,77,105,0,220,50,0,50,270
12/13/2006,PSP,CA,AWP,WE,Combined TRACON& Tower with Radar,38,58,43,0,139,0,4,80,0,84,38,62,123,0,223,20,0,20,243
12/14/2006,PSP,CA,AWP,WE,Combined TRACON& Tower with Radar,40,60,17,6,123,0,2,84,0,86,40,62,101,6,209,78,4,82,291
12/15/2006,PSP,CA,AWP,WE,Combined TRACON& Tower with Radar,39,69,41,2,151,0,0,70,1,71,39,69,111,3,222,68,0,68,290
12/16/2006,PSP,CA,AWP,WE,Combined TRACON& Tower with Radar,36,63,34,0,133,0,0,41,0,41,36,63,75,0,174,52,0,52,226
12/17/2006,PSP,CA,AWP,WE,Combined TRACON& Tower with Radar,38,74,41,7,160,0,0,54,1,55,38,74,95,8,215,18,0,18,233
12/18/2006,PSP,CA,AWP,WE,Combined TRACON& Tower with Radar,42,65,30,0,137,0,0,80,0,80,42,65,110,0,217,20,0,20,237
12/19/2006,PSP,CA,AWP,WE,Combined TRACON& Tower with Radar,38,63,23,0,124,0,0,75,0,75,38,63,98,0,199,28,0,28,227
12/20/2006,PSP,CA,AWP,WE,Combined TRACON& Tower with Radar,30,66,39,0,135,0,0,87,1,88,30,66,126,1,223,34,0,34,257
12/21/2006,PSP,CA,AWP,WE,Combined TRACON& Tower with Radar,39,59,28,2,128,0,1,71,0,72,39,60,99,2,200,8,0,8,208
12/22/2006,PSP,CA,AWP,WE,Combined TRACON& Tower with Radar,40,65,26,2,133,0,1,44,0,45,40,66,70,2,178,0,0,0,178
12/23/2006,PSP,CA,AWP,WE,Combined TRACON& Tower with Radar,37,73,30,0,140,0,0,69,0,69,37,73,99,0,209,32,0,32,241
12/24/2006,PSP,CA,AWP,WE,Combined TRACON& Tower with Radar,46,42,14,0,102,0,0,61,0,61,46,42,75,0,163,4,0,4,167
12/25/2006,PSP,CA,AWP,WE,Combined TRACON& Tower with Radar,44,53,8,0,105,0,1,53,0,54,44,54,61,0,159,50,0,50,209
12/26/2006,PSP,CA,AWP,WE,Combined TRACON& Tower with Radar,42,92,44,0,178,0,1,69,0,70,42,93,113,0,248,10,0,10,258
12/27/2006,PSP,CA,AWP,WE,Combined TRACON& Tower with Radar,40,92,65,4,201,0,1,18,0,19,40,93,83,4,220,4,0,4,224
12/28/2006,PSP,CA,AWP,WE,Combined TRACON& Tower with Radar,54,57,45,2,158,0,1,25,1,27,54,58,70,3,185,2,0,2,187
12/29/2006,PSP,CA,AWP,WE,Combined TRACON& Tower with Radar,40,78,61,5,184,0,2,121,0,123,40,80,182,5,307,34,0,34,341
12/30/2006,PSP,CA,AWP,WE,Combined TRACON& Tower with Radar,37,79,31,7,154,0,0,90,2,92,37,79,121,9,246,38,0,38,284
12/31/2006,PSP,CA,AWP,WE,Combined TRACON& Tower with Radar,41,61,35,1,138,0,0,77,0,77,41,61,112,1,215,50,0,50,265
01/01/2007,PSP,CA,AWP,WE,Combined TRACON& Tower with Radar,42,76,50,1,169,0,0,80,0,80,42,76,130,1,249,10,0,10,259
01/02/2007,PSP,CA,AWP,WE,Combined TRACON& Tower with Radar,40,76,58,1,175,0,2,55,0,57,40,78,113,1,232,50,0,50,282
01/03/2007,PSP,CA,AWP,WE,Combined TRACON& Tower with Radar,38,73,48,0,159,0,1,87,0,88,38,74,135,0,247,14,0,14,261
01/04/2007,PSP,CA,AWP,WE,Combined TRACON& Tower with Radar,42,74,68,2,186,0,1,70,0,71,42,75,138,2,257,0,0,0,257
01/05/2007,PSP,CA,AWP,WE,Combined TRACON& Tower with Radar,49,74,44,2,169,0,1,23,2,26,49,75,67,4,195,2,0,2,197
01/06/2007,PSP,CA,AWP,WE,Combined TRACON& Tower with Radar,34,70,44,0,148,0,2,107,0,109,34,72,151,0,257,22,0,22,279
01/07/2007,PSP,CA,AWP,WE,Combined TRACON& Tower with Radar,46,83,57,0,186,0,1,79,0,80,46,84,136,0,266,20,0,20,286
01/08/2007,PSP,CA,AWP,WE,Combined TRACON& Tower with Radar,46,68,33,2,149,0,7,62,0,69,46,75,95,2,218,20,0,20,238
01/09/2007,PSP,CA,AWP,WE,Combined TRACON& Tower with Radar,46,67,38,2,153,0,3,109,0,112,46,70,147,2,265,34,0,34,299
01/10/2007,PSP,CA,AWP,WE,Combined TRACON& Tower with Radar,47,79,50,2,178,0,1,72,0,73,47,80,122,2,251,22,0,22,273
01/11/2007,PSP,CA,AWP,WE,Combined TRACON& Tower with Radar,45,75,36,0,156,0,1,56,0,57,45,76,92,0,213,12,0,12,225
01/12/2007,PSP,CA,AWP,WE,Combined TRACON& Tower with Radar,46,82,56,1,185,0,0,36,0,36,46,82,92,1,221,14,0,14,235
01/13/2007,PSP,CA,AWP,WE,Combined TRACON& Tower with Radar,34,75,28,0,137,0,1,77,1,79,34,76,105,1,216,28,0,28,244
01/14/2007,PSP,CA,AWP,WE,Combined TRACON& Tower with Radar,45,87,38,1,171,0,0,98,0,98,45,87,136,1,269,26,0,26,295
01/15/2007,PSP,CA,AWP,WE,Combined TRACON& Tower with Radar,50,70,51,0,171,0,1,80,0,81,50,71,131,0,252,50,0,50,302
01/16/2007,PSP,CA,AWP,WE,Combined TRACON& Tower with Radar,45,59,45,2,151,0,0,0,0,0,45,59,45,2,151,18,0,18,169
01/17/2007,PSP,CA,AWP,WE,Combined TRACON& Tower with Radar,46,68,38,11,163,0,5,48,0,53,46,73,86,11,216,46,0,46,262
01/18/2007,PSP,CA,AWP,WE,Combined TRACON& Tower with Radar,52,70,48,0,170,0,1,51,4,56,52,71,99,4,226,0,0,0,226
01/19/2007,PSP,CA,AWP,WE,Combined TRACON& Tower with Radar,49,76,56,8,189,0,2,60,0,62,49,78,116,8,251,42,0,42,293
01/20/2007,PSP,CA,AWP,WE,Combined TRACON& Tower with Radar,45,72,31,4,152,0,1,124,3,128,45,73,155,7,280,26,0,26,306
01/21/2007,PSP,CA,AWP,WE,Combined TRACON& Tower with Radar,47,86,51,4,188,0,0,67,0,67,47,86,118,4,255,22,0,22,277
01/22/2007,PSP,CA,AWP,WE,Combined TRACON& Tower with Radar,44,76,40,0,160,0,4,47,2,53,44,80,87,2,213,20,0,20,233
01/23/2007,PSP,CA,AWP,WE,Combined TRACON& Tower with Radar,41,67,44,2,154,0,1,79,0,80,41,68,123,2,234,24,0,24,258
01/24/2007,PSP,CA,AWP,WE,Combined TRACON& Tower with Radar,51,77,57,0,185,0,2,88,0,90,51,79,145,0,275,26,0,26,301
01/25/2007,PSP,CA,AWP,WE,Combined TRACON& Tower with Radar,52,83,43,0,178,0,0,102,1,103,52,83,145,1,281,32,0,32,313
01/26/2007,PSP,CA,AWP,WE,Combined TRACON& Tower with Radar,53,86,44,0,183,0,2,108,1,111,53,88,152,1,294,12,0,12,306
01/27/2007,PSP,CA,AWP,WE,Combined TRACON& Tower with Radar,48,78,41,1,168,0,0,127,0,127,48,78,168,1,295,94,0,94,389
01/28/2007,PSP,CA,AWP,WE,Combined TRACON& Tower with Radar,48,104,62,0,214,0,2,109,0,111,48,106,171,0,325,14,0,14,339
01/29/2007,PSP,CA,AWP,WE,Combined TRACON& Tower with Radar,50,82,52,1,185,0,4,80,4,88,50,86,132,5,273,50,0,50,323
01/30/2007,PSP,CA,AWP,WE,Combined TRACON& Tower with Radar,41,89,61,2,193,0,1,54,5,60,41,90,115,7,253,20,0,20,273
01/31/2007,PSP,CA,AWP,WE,Combined TRACON& Tower with Radar,51,67,40,4,162,0,2,45,4,51,51,69,85,8,213,20,0,20,233
02/01/2007,PSP,CA,AWP,WE,Combined TRACON& Tower with Radar,51,89,66,3,209,0,1,74,21,96,51,90,140,24,305,28,0,28,333
02/02/2007,PSP,CA,AWP,WE,Combined TRACON& Tower with Radar,48,84,60,2,194,0,1,98,6,105,48,85,158,8,299,14,0,14,313
02/03/2007,PSP,CA,AWP,WE,Combined TRACON& Tower with Radar,49,84,35,1,169,0,0,138,23,161,49,84,173,24,330,32,0,32,362
02/04/2007,PSP,CA,AWP,WE,Combined TRACON& Tower with Radar,54,77,42,0,173,0,1,95,0,96,54,78,137,0,269,0,0,0,269
02/05/2007,PSP,CA,AWP,WE,Combined TRACON& Tower with Radar,50,74,55,2,181,0,2,77,8,87,50,76,132,10,268,60,0,60,328
02/06/2007,PSP,CA,AWP,WE,Combined TRACON& Tower with Radar,48,65,19,1,133,0,3,103,18,124,48,68,122,19,257,12,0,12,269
02/07/2007,PSP,CA,AWP,WE,Combined TRACON& Tower with Radar,53,66,31,5,155,0,1,85,0,86,53,67,116,5,241,44,2,46,287
02/08/2007,PSP,CA,AWP,WE,Combined TRACON& Tower with Radar,47,71,50,0,168,0,2,88,5,95,47,73,138,5,263,30,0,30,293
02/09/2007,PSP,CA,AWP,WE,Combined TRACON& Tower with Radar,47,86,60,0,193,0,1,98,1,100,47,87,158,1,293,16,0,16,309
02/10/2007,PSP,CA,AWP,WE,Combined TRACON& Tower with Radar,48,78,30,0,156,0,1,123,1,125,48,79,153,1,281,74,2,76,357
02/11/2007,PSP,CA,AWP,WE,Combined TRACON& Tower with Radar,48,85,60,0,193,0,3,68,4,75,48,88,128,4,268,50,0,50,318
02/12/2007,PSP,CA,AWP,WE,Combined TRACON& Tower with Radar,47,82,48,4,181,2,0,73,6,81,49,82,121,10,262,40,0,40,302
02/13/2007,PSP,CA,AWP,WE,Combined TRACON& Tower with Radar,42,71,33,6,152,0,2,67,6,75,42,73,100,12,227,34,0,34,261
02/14/2007,PSP,CA,AWP,WE,Combined TRACON& Tower with Radar,56,77,36,2,171,0,3,77,0,80,56,80,113,2,251,36,0,36,287
02/15/2007,PSP,CA,AWP,WE,Combined TRACON& Tower with Radar,58,81,55,0,194,0,10,103,0,113,58,91,158,0,307,2,0,2,309
02/16/2007,PSP,CA,AWP,WE,Combined TRACON& Tower with Radar,50,91,48,0,189,0,5,111,0,116,50,96,159,0,305,20,0,20,325
02/17/2007,PSP,CA,AWP,WE,Combined TRACON& Tower with Radar,53,75,42,0,170,0,2,103,2,107,53,77,145,2,277,22,0,22,299
02/18/2007,PSP,CA,AWP,WE,Combined TRACON& Tower with Radar,54,88,41,4,187,0,2,96,10,108,54,90,137,14,295,20,4,24,319
02/19/2007,PSP,CA,AWP,WE,Combined TRACON& Tower with Radar,54,86,74,3,217,0,1,35,0,36,54,87,109,3,253,20,0,20,273
02/20/2007,PSP,CA,AWP,WE,Combined TRACON& Tower with Radar,49,75,49,0,173,0,4,63,0,67,49,79,112,0,240,42,0,42,282
02/21/2007,PSP,CA,AWP,WE,Combined TRACON& Tower with Radar,65,82,44,1,192,2,1,66,1,70,67,83,110,2,262,18,0,18,280
02/22/2007,PSP,CA,AWP,WE,Combined TRACON& Tower with Radar,58,83,57,0,198,0,2,65,0,67,58,85,122,0,265,32,0,32,297
02/23/2007,PSP,CA,AWP,WE,Combined TRACON& Tower with Radar,51,93,51,1,196,0,0,41,0,41,51,93,92,1,237,0,0,0,237
02/24/2007,PSP,CA,AWP,WE,Combined TRACON& Tower with Radar,44,80,29,0,153,0,0,247,3,250,44,80,276,3,403,56,0,56,459
02/25/2007,PSP,CA,AWP,WE,Combined TRACON& Tower with Radar,47,105,71,2,225,0,1,94,0,95,47,106,165,2,320,50,0,50,370
02/26/2007,PSP,CA,AWP,WE,Combined TRACON& Tower with Radar,57,80,54,0,191,0,3,43,13,59,57,83,97,13,250,0,0,0,250
02/27/2007,PSP,CA,AWP,WE,Combined TRACON& Tower with Radar,51,79,52,0,182,0,1,24,0,25,51,80,76,0,207,6,0,6,213
02/28/2007,PSP,CA,AWP,WE,Combined TRACON& Tower with Radar,56,96,63,2,217,0,1,26,3,30,56,97,89,5,247,0,0,0,247
03/01/2007,PSP,CA,AWP,WE,Combined TRACON& Tower with Radar,54,84,81,3,222,0,1,104,0,105,54,85,185,3,327,22,0,22,349
03/02/2007,PSP,CA,AWP,WE,Combined TRACON& Tower with Radar,52,109,72,0,233,0,2,74,0,76,52,111,146,0,309,30,0,30,339
03/03/2007,PSP,CA,AWP,WE,Combined TRACON& Tower with Radar,52,80,45,2,179,0,0,94,0,94,52,80,139,2,273,50,0,50,323
03/04/2007,PSP,CA,AWP,WE,Combined TRACON& Tower with Radar,54,111,68,1,234,0,0,103,2,105,54,111,171,3,339,50,0,50,389
03/05/2007,PSP,CA,AWP,WE,Combined TRACON& Tower with Radar,51,83,62,4,200,0,0,72,0,72,51,83,134,4,272,30,0,30,302
03/06/2007,PSP,CA,AWP,WE,Combined TRACON& Tower with Radar,50,60,39,0,149,0,1,76,0,77,50,61,115,0,226,32,0,32,258
03/07/2007,PSP,CA,AWP,WE,Combined TRACON& Tower with Radar,56,69,45,0,170,0,0,73,0,73,56,69,118,0,243,40,0,40,283
03/08/2007,PSP,CA,AWP,WE,Combined TRACON& Tower with Radar,56,85,55,0,196,0,1,90,0,91,56,86,145,0,287,44,0,44,331
03/09/2007,PSP,CA,AWP,WE,Combined TRACON& Tower with Radar,54,92,57,3,206,0,2,114,3,119,54,94,171,6,325,130,0,130,455
03/10/2007,PSP,CA,AWP,WE,Combined TRACON& Tower with Radar,52,75,39,0,166,0,0,140,2,142,52,75,179,2,308,150,0,150,458
03/11/2007,PSP,CA,AWP,WE,Combined TRACON& Tower with Radar,56,94,66,0,216,0,0,144,2,146,56,94,210,2,362,170,0,170,532
03/12/2007,PSP,CA,AWP,WE,Combined TRACON& Tower with Radar,60,76,55,0,191,0,2,69,0,71,60,78,124,0,262,32,0,32,294
03/13/2007,PSP,CA,AWP,WE,Combined TRACON& Tower with Radar,47,77,53,0,177,0,2,56,1,59,47,79,109,1,236,44,0,44,280
03/14/2007,PSP,CA,AWP,WE,Combined TRACON& Tower with Radar,57,76,45,6,184,0,4,104,0,108,57,80,149,6,292,52,0,52,344
03/15/2007,PSP,CA,AWP,WE,Combined TRACON& Tower with Radar,55,85,61,1,202,0,3,101,1,105,55,88,162,2,307,92,0,92,399
03/16/2007,PSP,CA,AWP,WE,Combined TRACON& Tower with Radar,53,92,73,2,220,0,2,127,0,129,53,94,200,2,349,18,0,18,367
03/17/2007,PSP,CA,AWP,WE,Combined TRACON& Tower with Radar,62,84,55,0,201,0,5,130,1,136,62,89,185,1,337,50,0,50,387
03/18/2007,PSP,CA,AWP,WE,Combined TRACON& Tower with Radar,54,106,89,0,249,0,0,94,2,96,54,106,183,2,345,10,0,10,355
03/19/2007,PSP,CA,AWP,WE,Combined TRACON& Tower with Radar,51,90,53,1,195,0,3,62,6,71,51,93,115,7,266,42,0,42,308
03/20/2007,PSP,CA,AWP,WE,Combined TRACON& Tower with Radar,42,89,42,0,173,0,0,31,0,31,42,89,73,0,204,0,0,0,204
03/21/2007,PSP,CA,AWP,WE,Combined TRACON& Tower with Radar,122,84,38,0,244,0,0,61,2,63,122,84,99,2,307,32,0,32,339
03/22/2007,PSP,CA,AWP,WE,Combined TRACON& Tower with Radar,57,77,53,1,188,0,0,73,0,73,57,77,126,1,261,4,0,4,265
03/23/2007,PSP,CA,AWP,WE,Combined TRACON& Tower with Radar,56,93,69,4,222,0,0,124,0,124,56,93,193,4,346,6,0,6,352
03/24/2007,PSP,CA,AWP,WE,Combined TRACON& Tower with Radar,52,92,61,0,205,0,0,114,0,114,52,92,175,0,319,50,0,50,369
03/25/2007,PSP,CA,AWP,WE,Combined TRACON& Tower with Radar,56,106,71,0,233,0,0,123,0,123,56,106,194,0,356,56,0,56,412
03/26/2007,PSP,CA,AWP,WE,Combined TRACON& Tower with Radar,52,82,50,0,184,0,0,59,1,60,52,82,109,1,244,6,0,6,250
03/27/2007,PSP,CA,AWP,WE,Combined TRACON& Tower with Radar,50,83,43,0,176,0,0,15,0,15,50,83,58,0,191,8,0,8,199
03/28/2007,PSP,CA,AWP,WE,Combined TRACON& Tower with Radar,61,84,71,0,216,0,1,88,0,89,61,85,159,0,305,80,0,80,385
03/29/2007,PSP,CA,AWP,WE,Combined TRACON& Tower with Radar,46,78,46,2,172,0,1,106,2,109,46,79,152,4,281,32,0,32,313
03/30/2007,PSP,CA,AWP,WE,Combined TRACON& Tower with Radar,54,87,70,3,214,0,1,110,3,114,54,88,180,6,328,30,0,30,358
03/31/2007,PSP,CA,AWP,WE,Combined TRACON& Tower with Radar,48,100,49,2,199,0,1,153,0,154,48,101,202,2,353,14,0,14,367
04/01/2007,PSP,CA,AWP,WE,Combined TRACON& Tower with Radar,54,109,76,0,239,0,0,116,0,116,54,109,192,0,355,28,0,28,383
04/02/2007,PSP,CA,AWP,WE,Combined TRACON& Tower with Radar,52,78,34,2,166,0,1,90,0,91,52,79,124,2,257,22,0,22,279
04/03/2007,PSP,CA,AWP,WE,Combined TRACON& Tower with Radar,46,81,35,2,164,0,5,58,0,63,46,86,93,2,227,4,0,4,231
04/04/2007,PSP,CA,AWP,WE,Combined TRACON& Tower with Radar,55,81,47,0,183,0,3,87,0,90,55,84,134,0,273,26,0,26,299
04/05/2007,PSP,CA,AWP,WE,Combined TRACON& Tower with Radar,52,94,52,2,200,0,3,102,2,107,52,97,154,4,307,84,0,84,391
04/06/2007,PSP,CA,AWP,WE,Combined TRACON& Tower with Radar,54,86,50,3,193,0,1,64,1,66,54,87,114,4,259,32,0,32,291
04/07/2007,PSP,CA,AWP,WE,Combined TRACON& Tower with Radar,55,77,43,2,177,0,0,70,0,70,55,77,113,2,247,24,0,24,271
04/08/2007,PSP,CA,AWP,WE,Combined TRACON& Tower with Radar,53,101,45,0,199,0,4,61,0,65,53,105,106,0,264,10,0,10,274
04/09/2007,PSP,CA,AWP,WE,Combined TRACON& Tower with Radar,60,76,82,0,218,0,0,67,0,67,60,76,149,0,285,88,0,88,373
04/10/2007,PSP,CA,AWP,WE,Combined TRACON& Tower with Radar,45,72,42,2,161,0,2,78,0,80,45,74,120,2,241,2,0,2,243
04/11/2007,PSP,CA,AWP,WE,Combined TRACON& Tower with Radar,52,81,42,0,175,0,2,73,1,76,52,83,115,1,251,68,0,68,319
04/12/2007,PSP,CA,AWP,WE,Combined TRACON& Tower with Radar,44,88,54,0,186,0,0,19,0,19,44,88,73,0,205,4,0,4,209
04/13/2007,PSP,CA,AWP,WE,Combined TRACON& Tower with Radar,44,79,61,1,185,0,2,98,4,104,44,81,159,5,289,54,0,54,343
04/14/2007,PSP,CA,AWP,WE,Combined TRACON& Tower with Radar,46,72,50,1,169,0,0,136,6,142,46,72,186,7,311,100,0,100,411
04/15/2007,PSP,CA,AWP,WE,Combined TRACON& Tower with Radar,40,104,55,4,203,0,2,49,0,51,40,106,104,4,254,20,0,20,274
04/16/2007,PSP,CA,AWP,WE,Combined TRACON& Tower with Radar,44,69,45,0,158,0,1,47,1,49,44,70,92,1,207,52,0,52,259
04/17/2007,PSP,CA,AWP,WE,Combined TRACON& Tower with Radar,38,81,40,2,161,0,1,52,2,55,38,82,92,4,216,8,0,8,224
04/18/2007,PSP,CA,AWP,WE,Combined TRACON& Tower with Radar,40,94,50,2,186,0,1,37,2,40,40,95,87,4,226,0,0,0,226
04/19/2007,PSP,CA,AWP,WE,Combined TRACON& Tower with Radar,37,85,45,0,167,0,0,99,4,103,37,85,144,4,270,32,0,32,302
04/20/2007,PSP,CA,AWP,WE,Combined TRACON& Tower with Radar,44,90,46,4,184,0,2,45,0,47,44,92,91,4,231,50,0,50,281
04/21/2007,PSP,CA,AWP,WE,Combined TRACON& Tower with Radar,42,75,30,2,149,0,2,100,4,106,42,77,130,6,255,50,0,50,305
04/22/2007,PSP,CA,AWP,WE,Combined TRACON& Tower with Radar,40,88,68,1,197,0,1,74,0,75,40,89,142,1,272,50,0,50,322
04/23/2007,PSP,CA,AWP,WE,Combined TRACON& Tower with Radar,42,77,42,0,161,0,2,67,1,70,42,79,109,1,231,44,0,44,275
04/24/2007,PSP,CA,AWP,WE,Combined TRACON& Tower with Radar,34,64,47,0,145,1,4,85,2,92,35,68,132,2,237,96,0,96,333
04/25/2007,PSP,CA,AWP,WE,Combined TRACON& Tower with Radar,38,74,62,0,174,0,4,86,3,93,38,78,148,3,267,92,0,92,359
04/26/2007,PSP,CA,AWP,WE,Combined TRACON& Tower with Radar,35,74,42,0,151,0,3,103,2,108,35,77,145,2,259,70,0,70,329
04/27/2007,PSP,CA,AWP,WE,Combined TRACON& Tower with Radar,38,85,56,2,181,0,3,142,0,145,38,88,198,2,326,50,0,50,376
04/28/2007,PSP,CA,AWP,WE,Combined TRACON& Tower with Radar,31,66,26,2,125,0,0,112,0,112,31,66,138,2,237,48,0,48,285
04/29/2007,PSP,CA,AWP,WE,Combined TRACON& Tower with Radar,27,102,50,0,179,0,0,115,0,115,27,102,165,0,294,38,0,38,332
04/30/2007,PSP,CA,AWP,WE,Combined TRACON& Tower with Radar,31,76,56,1,164,0,1,59,0,60,31,77,115,1,224,6,0,6,230
05/01/2007,PSP,CA,AWP,WE,Combined TRACON& Tower with Radar,31,71,33,0,135,0,0,58,0,58,31,71,91,0,193,28,0,28,221
05/02/2007,PSP,CA,AWP,WE,Combined TRACON& Tower with Radar,25,79,33,0,137,0,1,49,0,50,25,80,82,0,187,48,0,48,235
05/03/2007,PSP,CA,AWP,WE,Combined TRACON& Tower with Radar,23,76,60,0,159,0,0,51,2,53,23,76,111,2,212,0,0,0,212
05/04/2007,PSP,CA,AWP,WE,Combined TRACON& Tower with Radar,28,85,40,0,153,0,6,35,3,44,28,91,75,3,197,50,0,50,247
05/05/2007,PSP,CA,AWP,WE,Combined TRACON& Tower with Radar,27,65,33,0,125,0,0,88,1,89,27,65,121,1,214,50,0,50,264
05/06/2007,PSP,CA,AWP,WE,Combined TRACON& Tower with Radar,26,86,56,0,168,0,0,96,0,96,26,86,152,0,264,70,0,70,334
05/07/2007,PSP,CA,AWP,WE,Combined TRACON& Tower with Radar,28,68,32,0,128,0,1,80,1,82,28,69,112,1,210,90,0,90,300
05/08/2007,PSP,CA,AWP,WE,Combined TRACON& Tower with Radar,26,73,27,0,126,0,3,56,0,59,26,76,83,0,185,20,0,20,205
05/09/2007,PSP,CA,AWP,WE,Combined TRACON& Tower with Radar,26,75,48,0,149,0,2,96,0,98,26,77,144,0,247,78,0,78,325
05/10/2007,PSP,CA,AWP,WE,Combined TRACON& Tower with Radar,23,71,34,2,130,0,1,85,4,90,23,72,119,6,220,2,0,2,222
05/11/2007,PSP,CA,AWP,WE,Combined TRACON& Tower with Radar,27,62,35,9,133,0,2,82,3,87,27,64,117,12,220,60,0,60,280
05/12/2007,PSP,CA,AWP,WE,Combined TRACON& Tower with Radar,29,65,32,4,130,0,0,123,3,126,29,65,155,7,256,50,0,50,306
05/13/2007,PSP,CA,AWP,WE,Combined TRACON& Tower with Radar,26,66,28,0,120,0,3,85,0,88,26,69,113,0,208,10,0,10,218
05/14/2007,PSP,CA,AWP,WE,Combined TRACON& Tower with Radar,24,63,23,2,112,0,3,71,2,76,24,66,94,4,188,38,0,38,226
05/15/2007,PSP,CA,AWP,WE,Combined TRACON& Tower with Radar,25,75,29,0,129,0,1,42,0,43,25,76,71,0,172,50,0,50,222
05/16/2007,PSP,CA,AWP,WE,Combined TRACON& Tower with Radar,25,60,30,1,116,0,4,53,1,58,25,64,83,2,174,112,0,112,286
05/17/2007,PSP,CA,AWP,WE,Combined TRACON& Tower with Radar,25,67,32,2,126,0,1,92,0,93,25,68,124,2,219,44,0,44,263
05/18/2007,PSP,CA,AWP,WE,Combined TRACON& Tower with Radar,24,63,31,11,129,0,1,98,11,110,24,64,129,22,239,34,0,34,273
05/19/2007,PSP,CA,AWP,WE,Combined TRACON& Tower with Radar,22,59,17,0,98,0,0,103,0,103,22,59,120,0,201,80,0,80,281
05/20/2007,PSP,CA,AWP,WE,Combined TRACON& Tower with Radar,26,86,39,3,154,0,3,95,4,102,26,89,134,7,256,70,0,70,326
05/21/2007,PSP,CA,AWP,WE,Combined TRACON& Tower with Radar,25,66,26,0,117,0,0,59,0,59,25,66,85,0,176,14,0,14,190
05/22/2007,PSP,CA,AWP,WE,Combined TRACON& Tower with Radar,26,59,19,0,104,0,0,63,1,64,26,59,82,1,168,0,0,0,168
05/23/2007,PSP,CA,AWP,WE,Combined TRACON& Tower with Radar,24,62,41,4,131,0,2,54,2,58,24,64,95,6,189,32,4,36,225
05/24/2007,PSP,CA,AWP,WE,Combined TRACON& Tower with Radar,28,65,25,8,126,0,2,70,0,72,28,67,95,8,198,100,0,100,298
05/25/2007,PSP,CA,AWP,WE,Combined TRACON& Tower with Radar,24,65,26,2,117,0,2,100,0,102,24,67,126,2,219,10,0,10,229
05/26/2007,PSP,CA,AWP,WE,Combined TRACON& Tower with Radar,20,60,20,2,102,0,0,110,22,132,20,60,130,24,234,100,0,100,334
05/27/2007,PSP,CA,AWP,WE,Combined TRACON& Tower with Radar,22,42,14,2,80,0,0,89,1,90,22,42,103,3,170,50,0,50,220
05/28/2007,PSP,CA,AWP,WE,Combined TRACON& Tower with Radar,23,57,44,0,124,0,1,73,0,74,23,58,117,0,198,28,0,28,226
05/29/2007,PSP,CA,AWP,WE,Combined TRACON& Tower with Radar,0,0,0,0,0,19,65,88,0,172,19,65,88,0,172,36,0,36,208
05/30/2007,PSP,CA,AWP,WE,Combined TRACON& Tower with Radar,17,69,24,2,112,0,1,72,0,73,17,70,96,2,185,52,0,52,237
05/31/2007,PSP,CA,AWP,WE,Combined TRACON& Tower with Radar,20,63,17,1,101,0,1,87,1,89,20,64,104,2,190,36,0,36,226
06/01/2007,PSP,CA,AWP,WE,Combined TRACON& Tower with Radar,19,57,16,0,92,0,3,74,2,79,19,60,90,2,171,64,0,64,235
06/02/2007,PSP,CA,AWP,WE,Combined TRACON& Tower with Radar,21,56,17,0,94,0,1,80,0,81,21,57,97,0,175,52,0,52,227
06/03/2007,PSP,CA,AWP,WE,Combined TRACON& Tower with Radar,11,61,22,0,94,0,1,71,0,72,11,62,93,0,166,10,0,10,176
06/04/2007,PSP,CA,AWP,WE,Combined TRACON& Tower with Radar,15,66,16,2,99,0,2,70,3,75,15,68,86,5,174,42,0,42,216
06/05/2007,PSP,CA,AWP,WE,Combined TRACON& Tower with Radar,12,60,57,1,130,0,0,0,0,0,12,60,57,1,130,34,0,34,164
06/06/2007,PSP,CA,AWP,WE,Combined TRACON& Tower with Radar,12,66,11,2,91,0,1,28,0,29,12,67,39,2,120,0,0,0,120
06/07/2007,PSP,CA,AWP,WE,Combined TRACON& Tower with Radar,11,49,24,0,84,1,6,80,1,88,12,55,104,1,172,14,18,32,204
06/08/2007,PSP,CA,AWP,WE,Combined TRACON& Tower with Radar,12,46,22,3,83,0,2,105,0,107,12,48,127,3,190,70,0,70,260
06/09/2007,PSP,CA,AWP,WE,Combined TRACON& Tower with Radar,12,50,13,4,79,0,1,102,1,104,12,51,115,5,183,50,0,50,233
06/10/2007,PSP,CA,AWP,WE,Combined TRACON& Tower with Radar,10,58,28,0,96,0,1,95,0,96,10,59,123,0,192,14,0,14,206
06/11/2007,PSP,CA,AWP,WE,Combined TRACON& Tower with Radar,11,57,11,4,83,0,1,59,2,62,11,58,70,6,145,20,0,20,165
06/12/2007,PSP,CA,AWP,WE,Combined TRACON& Tower with Radar,11,51,17,3,82,0,2,83,2,87,11,53,100,5,169,73,0,73,242
06/13/2007,PSP,CA,AWP,WE,Combined TRACON& Tower with Radar,11,48,15,0,74,0,2,75,0,77,11,50,90,0,151,114,0,114,265
06/14/2007,PSP,CA,AWP,WE,Combined TRACON& Tower with Radar,8,52,13,0,73,0,2,80,2,84,8,54,93,2,157,50,0,50,207
06/15/2007,PSP,CA,AWP,WE,Combined TRACON& Tower with Radar,8,58,13,2,81,0,2,72,4,78,8,60,85,6,159,20,0,20,179
06/16/2007,PSP,CA,AWP,WE,Combined TRACON& Tower with Radar,12,74,9,2,97,0,0,73,4,77,12,74,82,6,174,24,0,24,198
06/17/2007,PSP,CA,AWP,WE,Combined TRACON& Tower with Radar,10,63,25,0,98,0,0,61,1,62,10,63,86,1,160,50,0,50,210
06/18/2007,PSP,CA,AWP,WE,Combined TRACON& Tower with Radar,8,56,12,0,76,0,2,68,1,71,8,58,80,1,147,52,0,52,199
06/19/2007,PSP,CA,AWP,WE,Combined TRACON& Tower with Radar,9,51,6,0,66,0,2,56,0,58,9,53,62,0,124,10,0,10,134
06/20/2007,PSP,CA,AWP,WE,Combined TRACON& Tower with Radar,9,53,12,2,76,0,1,56,0,57,9,54,68,2,133,0,0,0,133
06/21/2007,PSP,CA,AWP,WE,Combined TRACON& Tower with Radar,8,54,10,2,74,0,2,62,2,66,8,56,72,4,140,50,0,50,190
06/22/2007,PSP,CA,AWP,WE,Combined TRACON& Tower with Radar,9,54,13,1,77,0,2,79,2,83,9,56,92,3,160,20,0,20,180
06/23/2007,PSP,CA,AWP,WE,Combined TRACON& Tower with Radar,10,51,5,0,66,0,1,89,4,94,10,52,94,4,160,50,0,50,210
06/24/2007,PSP,CA,AWP,WE,Combined TRACON& Tower with Radar,7,58,15,2,82,0,2,95,0,97,7,60,110,2,179,20,0,20,199
06/25/2007,PSP,CA,AWP,WE,Combined TRACON& Tower with Radar,11,51,9,2,73,0,3,50,0,53,11,54,59,2,126,12,0,12,138
06/26/2007,PSP,CA,AWP,WE,Combined TRACON& Tower with Radar,9,55,7,2,73,0,2,53,2,57,9,57,60,4,130,8,0,8,138
06/27/2007,PSP,CA,AWP,WE,Combined TRACON& Tower with Radar,10,58,13,0,81,0,3,54,0,57,10,61,67,0,138,46,0,46,184
06/28/2007,PSP,CA,AWP,WE,Combined TRACON& Tower with Radar,7,55,10,0,72,0,1,56,0,57,7,56,66,0,129,14,0,14,143
06/29/2007,PSP,CA,AWP,WE,Combined TRACON& Tower with Radar,10,44,9,0,63,9,2,88,0,99,19,46,97,0,162,56,0,56,218
06/30/2007,PSP,CA,AWP,WE,Combined TRACON& Tower with Radar,10,52,15,0,77,0,0,54,0,54,10,52,69,0,131,28,0,28,159
07/01/2007,PSP,CA,AWP,WE,Combined TRACON& Tower with Radar,11,50,11,0,72,0,2,59,0,61,11,52,70,0,133,12,0,12,145
07/02/2007,PSP,CA,AWP,WE,Combined TRACON& Tower with Radar,16,43,8,0,67,0,3,52,2,57,16,46,60,2,124,20,0,20,144
07/03/2007,PSP,CA,AWP,WE,Combined TRACON& Tower with Radar,13,44,6,0,63,0,1,56,0,57,13,45,62,0,120,108,0,108,228
07/04/2007,PSP,CA,AWP,WE,Combined TRACON& Tower with Radar,10,34,1,2,47,0,0,44,0,44,10,34,45,2,91,46,0,46,137
07/05/2007,PSP,CA,AWP,WE,Combined TRACON& Tower with Radar,13,51,2,0,66,0,0,52,0,52,13,51,54,0,118,44,0,44,162
07/06/2007,PSP,CA,AWP,WE,Combined TRACON& Tower with Radar,15,47,5,0,67,0,0,50,0,50,15,47,55,0,117,44,0,44,161
07/07/2007,PSP,CA,AWP,WE,Combined TRACON& Tower with Radar,15,49,10,0,74,0,3,42,0,45,15,52,52,0,119,36,0,36,155
07/08/2007,PSP,CA,AWP,WE,Combined TRACON& Tower with Radar,11,55,12,0,78,0,2,56,0,58,11,57,68,0,136,38,0,38,174
07/09/2007,PSP,CA,AWP,WE,Combined TRACON& Tower with Radar,0,0,0,0,0,15,48,57,0,120,15,48,57,0,120,0,0,0,120
07/10/2007,PSP,CA,AWP,WE,Combined TRACON& Tower with Radar,11,65,8,0,84,0,0,32,0,32,11,65,40,0,116,28,0,28,144
07/11/2007,PSP,CA,AWP,WE,Combined TRACON& Tower with Radar,0,0,0,0,0,9,55,50,6,120,9,55,50,6,120,32,2,34,154
07/12/2007,PSP,CA,AWP,WE,Combined TRACON& Tower with Radar,11,56,15,4,86,0,0,34,7,41,11,56,49,11,127,10,0,10,137
07/13/2007,PSP,CA,AWP,WE,Combined TRACON& Tower with Radar,0,0,0,0,0,12,48,74,4,138,12,48,74,4,138,0,0,0,138
07/14/2007,PSP,CA,AWP,WE,Combined TRACON& Tower with Radar,0,0,0,0,0,17,43,68,5,133,17,43,68,5,133,52,0,52,185
07/15/2007,PSP,CA,AWP,WE,Combined TRACON& Tower with Radar,0,0,0,0,0,12,46,72,0,130,12,46,72,0,130,28,0,28,158
07/16/2007,PSP,CA,AWP,WE,Combined TRACON& Tower with Radar,0,0,0,0,0,18,52,45,6,121,18,52,45,6,121,2,0,2,123
07/17/2007,PSP,CA,AWP,WE,Combined TRACON& Tower with Radar,10,54,7,2,73,0,7,38,8,53,10,61,45,10,126,0,0,0,126
07/18/2007,PSP,CA,AWP,WE,Combined TRACON& Tower with Radar,0,0,0,0,0,8,61,39,4,112,8,61,39,4,112,20,0,20,132
07/19/2007,PSP,CA,AWP,WE,Combined TRACON& Tower with Radar,14,58,19,2,93,0,1,50,3,54,14,59,69,5,147,34,0,34,181
07/20/2007,PSP,CA,AWP,WE,Combined TRACON& Tower with Radar,0,0,0,0,0,11,60,67,2,140,11,60,67,2,140,42,0,42,182
07/21/2007,PSP,CA,AWP,WE,Combined TRACON& Tower with Radar,0,0,0,0,0,17,48,49,3,117,17,48,49,3,117,38,0,38,155
07/22/2007,PSP,CA,AWP,WE,Combined TRACON& Tower with Radar,0,0,0,0,0,12,64,64,0,140,12,64,64,0,140,78,0,78,218
07/23/2007,PSP,CA,AWP,WE,Combined TRACON& Tower with Radar,0,0,0,0,0,8,49,19,9,85,8,49,19,9,85,40,0,40,125
07/24/2007,PSP,CA,AWP,WE,Combined TRACON& Tower with Radar,0,0,0,0,0,12,53,33,9,107,12,53,33,9,107,0,0,0,107
07/25/2007,PSP,CA,AWP,WE,Combined TRACON& Tower with Radar,0,0,0,0,0,10,55,47,7,119,10,55,47,7,119,50,0,50,169
07/26/2007,PSP,CA,AWP,WE,Combined TRACON& Tower with Radar,10,49,10,0,69,0,1,48,2,51,10,50,58,2,120,60,0,60,180
07/27/2007,PSP,CA,AWP,WE,Combined TRACON& Tower with Radar,0,0,0,0,0,12,56,69,4,141,12,56,69,4,141,10,0,10,151
07/28/2007,PSP,CA,AWP,WE,Combined TRACON& Tower with Radar,14,52,16,0,82,0,2,60,2,64,14,54,76,2,146,42,0,42,188
07/29/2007,PSP,CA,AWP,WE,Combined TRACON& Tower with Radar,0,0,0,0,0,11,53,47,3,114,11,53,47,3,114,30,0,30,144
07/30/2007,PSP,CA,AWP,WE,Combined TRACON& Tower with Radar,12,51,17,4,84,0,3,44,4,51,12,54,61,8,135,0,0,0,135
07/31/2007,PSP,CA,AWP,WE,Combined TRACON& Tower with Radar,10,51,54,13,128,0,2,0,0,2,10,53,54,13,130,64,2,66,196
08/01/2007,PSP,CA,AWP,WE,Combined TRACON& Tower with Radar,0,0,0,0,0,8,55,49,8,120,8,55,49,8,120,66,0,66,186
08/02/2007,PSP,CA,AWP,WE,Combined TRACON& Tower with Radar,0,0,0,0,0,7,49,68,7,131,7,49,68,7,131,50,0,50,181
08/03/2007,PSP,CA,AWP,WE,Combined TRACON& Tower with Radar,0,0,0,0,0,9,46,61,6,122,9,46,61,6,122,47,0,47,169
08/04/2007,PSP,CA,AWP,WE,Combined TRACON& Tower with Radar,0,0,0,0,0,11,36,60,0,107,11,36,60,0,107,2,0,2,109
08/05/2007,PSP,CA,AWP,WE,Combined TRACON& Tower with Radar,0,0,0,0,0,6,36,70,0,112,6,36,70,0,112,12,0,12,124
08/06/2007,PSP,CA,AWP,WE,Combined TRACON& Tower with Radar,0,0,0,0,0,6,37,52,0,95,6,37,52,0,95,34,0,34,129
08/07/2007,PSP,CA,AWP,WE,Combined TRACON& Tower with Radar,0,0,0,0,0,5,43,46,0,94,5,43,46,0,94,40,0,40,134
08/08/2007,PSP,CA,AWP,WE,Combined TRACON& Tower with Radar,0,0,0,0,0,10,46,46,3,105,10,46,46,3,105,42,0,42,147
08/09/2007,PSP,CA,AWP,WE,Combined TRACON& Tower with Radar,0,0,0,0,0,12,52,57,2,123,12,52,57,2,123,24,0,24,147
08/10/2007,PSP,CA,AWP,WE,Combined TRACON& Tower with Radar,0,0,0,0,0,12,54,58,0,124,12,54,58,0,124,64,0,64,188
08/11/2007,PSP,CA,AWP,WE,Combined TRACON& Tower with Radar,0,0,0,0,0,12,37,53,0,102,12,37,53,0,102,86,0,86,188
08/12/2007,PSP,CA,AWP,WE,Combined TRACON& Tower with Radar,0,0,0,0,0,9,52,67,0,128,9,52,67,0,128,34,0,34,162
08/13/2007,PSP,CA,AWP,WE,Combined TRACON& Tower with Radar,0,0,0,0,0,10,36,44,4,94,10,36,44,4,94,30,0,30,124
08/14/2007,PSP,CA,AWP,WE,Combined TRACON& Tower with Radar,0,0,0,0,0,11,55,64,0,130,11,55,64,0,130,18,0,18,148
08/15/2007,PSP,CA,AWP,WE,Combined TRACON& Tower with Radar,0,0,0,0,0,10,60,56,0,126,10,60,56,0,126,76,0,76,202
08/16/2007,PSP,CA,AWP,WE,Combined TRACON& Tower with Radar,0,0,0,0,0,11,47,41,7,106,11,47,41,7,106,46,0,46,152
08/17/2007,PSP,CA,AWP,WE,Combined TRACON& Tower with Radar,0,0,0,0,0,12,52,43,1,108,12,52,43,1,108,42,0,42,150
08/18/2007,PSP,CA,AWP,WE,Combined TRACON& Tower with Radar,0,0,0,0,0,12,47,71,5,135,12,47,71,5,135,18,0,18,153
08/19/2007,PSP,CA,AWP,WE,Combined TRACON& Tower with Radar,0,0,0,0,0,11,50,48,1,110,11,50,48,1,110,0,0,0,110
08/20/2007,PSP,CA,AWP,WE,Combined TRACON& Tower with Radar,0,0,0,0,0,10,52,43,0,105,10,52,43,0,105,24,0,24,129
08/21/2007,PSP,CA,AWP,WE,Combined TRACON& Tower with Radar,0,0,0,0,0,8,62,71,0,141,8,62,71,0,141,16,0,16,157
08/22/2007,PSP,CA,AWP,WE,Combined TRACON& Tower with Radar,0,0,0,0,0,9,52,46,4,111,9,52,46,4,111,20,4,24,135
08/23/2007,PSP,CA,AWP,WE,Combined TRACON& Tower with Radar,0,0,0,0,0,10,61,58,4,133,10,61,58,4,133,0,0,0,133
08/24/2007,PSP,CA,AWP,WE,Combined TRACON& Tower with Radar,0,0,0,0,0,15,49,67,8,139,15,49,67,8,139,10,0,10,149
08/25/2007,PSP,CA,AWP,WE,Combined TRACON& Tower with Radar,0,0,0,0,0,14,54,36,7,111,14,54,36,7,111,16,0,16,127
08/26/2007,PSP,CA,AWP,WE,Combined TRACON& Tower with Radar,0,0,0,0,0,9,52,45,0,106,9,52,45,0,106,20,0,20,126
08/27/2007,PSP,CA,AWP,WE,Combined TRACON& Tower with Radar,0,0,0,0,0,11,55,43,4,113,11,55,43,4,113,16,0,16,129
08/28/2007,PSP,CA,AWP,WE,Combined TRACON& Tower with Radar,0,0,0,0,0,10,57,50,6,123,10,57,50,6,123,50,0,50,173
08/29/2007,PSP,CA,AWP,WE,Combined TRACON& Tower with Radar,0,0,0,0,0,11,51,63,4,129,11,51,63,4,129,18,0,18,147
08/30/2007,PSP,CA,AWP,WE,Combined TRACON& Tower with Radar,0,0,0,0,0,11,52,38,0,101,11,52,38,0,101,0,0,0,101
08/31/2007,PSP,CA,AWP,WE,Combined TRACON& Tower with Radar,0,0,0,0,0,11,52,41,0,104,11,52,41,0,104,20,0,20,124
09/01/2007,PSP,CA,AWP,WE,Combined TRACON& Tower with Radar,0,0,0,0,0,13,42,54,0,109,13,42,54,0,109,4,0,4,113
09/02/2007,PSP,CA,AWP,WE,Combined TRACON& Tower with Radar,0,0,0,0,0,12,38,38,0,88,12,38,38,0,88,20,0,20,108
09/03/2007,PSP,CA,AWP,WE,Combined TRACON& Tower with Radar,0,0,0,0,0,10,51,42,6,109,10,51,42,6,109,0,0,0,109
09/04/2007,PSP,CA,AWP,WE,Combined TRACON& Tower with Radar,0,0,0,0,0,10,55,46,0,111,10,55,46,0,111,0,0,0,111
09/05/2007,PSP,CA,AWP,WE,Combined TRACON& Tower with Radar,0,0,0,0,0,19,52,52,0,123,19,52,52,0,123,10,0,10,133
09/06/2007,PSP,CA,AWP,WE,Combined TRACON& Tower with Radar,0,0,0,0,0,20,47,65,7,139,20,47,65,7,139,14,0,14,153
09/07/2007,PSP,CA,AWP,WE,Combined TRACON& Tower with Radar,0,0,0,0,0,17,51,81,2,151,17,51,81,2,151,74,0,74,225
09/08/2007,PSP,CA,AWP,WE,Combined TRACON& Tower with Radar,0,0,0,0,0,17,45,48,2,112,17,45,48,2,112,38,0,38,150
09/09/2007,PSP,CA,AWP,WE,Combined TRACON& Tower with Radar,0,0,0,0,0,19,50,53,0,122,19,50,53,0,122,24,0,24,146
09/10/2007,PSP,CA,AWP,WE,Combined TRACON& Tower with Radar,0,0,0,0,0,14,51,43,5,113,14,51,43,5,113,46,0,46,159
09/11/2007,PSP,CA,AWP,WE,Combined TRACON& Tower with Radar,0,0,0,0,0,16,48,42,0,106,16,48,42,0,106,30,0,30,136
09/12/2007,PSP,CA,AWP,WE,Combined TRACON& Tower with Radar,0,0,0,0,0,16,53,52,7,128,16,53,52,7,128,0,4,4,132
09/13/2007,PSP,CA,AWP,WE,Combined TRACON& Tower with Radar,0,0,0,0,0,19,55,63,11,148,19,55,63,11,148,24,2,26,174
09/14/2007,PSP,CA,AWP,WE,Combined TRACON& Tower with Radar,0,0,0,0,0,19,44,63,4,130,19,44,63,4,130,0,2,2,132
09/15/2007,PSP,CA,AWP,WE,Combined TRACON& Tower with Radar,0,0,0,0,0,18,40,43,0,101,18,40,43,0,101,22,2,24,125
09/16/2007,PSP,CA,AWP,WE,Combined TRACON& Tower with Radar,0,0,0,0,0,22,43,66,0,131,22,43,66,0,131,14,0,14,145
09/17/2007,PSP,CA,AWP,WE,Combined TRACON& Tower with Radar,0,0,0,0,0,22,52,62,4,140,22,52,62,4,140,36,0,36,176
09/18/2007,PSP,CA,AWP,WE,Combined TRACON& Tower with Radar,0,0,0,0,0,20,48,61,2,131,20,48,61,2,131,52,0,52,183
09/19/2007,PSP,CA,AWP,WE,Combined TRACON& Tower with Radar,0,0,0,0,0,19,46,63,0,128,19,46,63,0,128,60,0,60,188
09/20/2007,PSP,CA,AWP,WE,Combined TRACON& Tower with Radar,0,0,0,0,0,20,55,57,0,132,20,55,57,0,132,68,0,68,200
09/21/2007,PSP,CA,AWP,WE,Combined TRACON& Tower with Radar,0,0,0,0,0,21,54,56,0,131,21,54,56,0,131,2,0,2,133
09/22/2007,PSP,CA,AWP,WE,Combined TRACON& Tower with Radar,0,0,0,0,0,18,42,37,0,97,18,42,37,0,97,34,0,34,131
09/23/2007,PSP,CA,AWP,WE,Combined TRACON& Tower with Radar,0,0,0,0,0,20,56,93,1,170,20,56,93,1,170,26,0,26,196
09/24/2007,PSP,CA,AWP,WE,Combined TRACON& Tower with Radar,0,0,0,0,0,17,49,62,0,128,17,49,62,0,128,36,0,36,164
09/25/2007,PSP,CA,AWP,WE,Combined TRACON& Tower with Radar,0,0,0,0,0,17,48,58,0,123,17,48,58,0,123,60,0,60,183
09/26/2007,PSP,CA,AWP,WE,Combined TRACON& Tower with Radar,0,0,0,0,0,17,45,64,2,128,17,45,64,2,128,36,0,36,164
09/27/2007,PSP,CA,AWP,WE,Combined TRACON& Tower with Radar,0,0,0,0,0,23,50,65,2,140,23,50,65,2,140,46,0,46,186
09/28/2007,PSP,CA,AWP,WE,Combined TRACON& Tower with Radar,0,0,0,0,0,21,51,60,2,134,21,51,60,2,134,24,0,24,158
09/29/2007,PSP,CA,AWP,WE,Combined TRACON& Tower with Radar,0,0,0,0,0,19,43,53,0,115,19,43,53,0,115,28,0,28,143
09/30/2007,PSP,CA,AWP,WE,Combined TRACON& Tower with Radar,0,0,0,0,0,18,54,105,0,177,18,54,105,0,177,10,6,16,193
10/01/2007,PSP,CA,AWP,WE,Combined TRACON& Tower with Radar,24,57,52,0,133,0,0,0,0,0,24,57,52,0,133,62,0,62,195
10/02/2007,PSP,CA,AWP,WE,Combined TRACON& Tower with Radar,21,52,75,0,148,0,0,0,0,0,21,52,75,0,148,60,0,60,208
10/03/2007,PSP,CA,AWP,WE,Combined TRACON& Tower with Radar,25,53,58,9,145,0,0,0,0,0,25,53,58,9,145,44,0,44,189
10/04/2007,PSP,CA,AWP,WE,Combined TRACON& Tower with Radar,19,60,68,0,147,0,0,0,0,0,19,60,68,0,147,16,0,16,163
10/05/2007,PSP,CA,AWP,WE,Combined TRACON& Tower with Radar,22,52,42,2,118,0,0,0,0,0,22,52,42,2,118,26,0,26,144
10/06/2007,PSP,CA,AWP,WE,Combined TRACON& Tower with Radar,21,48,57,10,136,0,0,0,0,0,21,48,57,10,136,32,0,32,168
10/07/2007,PSP,CA,AWP,WE,Combined TRACON& Tower with Radar,27,50,74,0,151,0,0,0,0,0,27,50,74,0,151,68,0,68,219
10/08/2007,PSP,CA,AWP,WE,Combined TRACON& Tower with Radar,26,63,73,0,162,0,0,0,0,0,26,63,73,0,162,50,0,50,212
10/09/2007,PSP,CA,AWP,WE,Combined TRACON& Tower with Radar,22,61,86,10,179,0,0,0,0,0,22,61,86,10,179,50,0,50,229
10/10/2007,PSP,CA,AWP,WE,Combined TRACON& Tower with Radar,22,68,71,13,174,0,0,0,0,0,22,68,71,13,174,20,0,20,194
10/11/2007,PSP,CA,AWP,WE,Combined TRACON& Tower with Radar,24,61,78,7,170,0,0,0,0,0,24,61,78,7,170,22,0,22,192
10/12/2007,PSP,CA,AWP,WE,Combined TRACON& Tower with Radar,20,58,87,1,166,0,0,0,0,0,20,58,87,1,166,2,0,2,168
10/13/2007,PSP,CA,AWP,WE,Combined TRACON& Tower with Radar,24,48,72,7,151,0,0,0,0,0,24,48,72,7,151,42,0,42,193
10/14/2007,PSP,CA,AWP,WE,Combined TRACON& Tower with Radar,23,62,104,0,189,0,0,0,0,0,23,62,104,0,189,24,0,24,213
10/15/2007,PSP,CA,AWP,WE,Combined TRACON& Tower with Radar,24,64,58,7,153,0,0,0,0,0,24,64,58,7,153,10,0,10,163
10/16/2007,PSP,CA,AWP,WE,Combined TRACON& Tower with Radar,22,52,53,4,131,0,0,0,0,0,22,52,53,4,131,20,0,20,151
10/17/2007,PSP,CA,AWP,WE,Combined TRACON& Tower with Radar,29,50,59,12,150,0,0,0,0,0,29,50,59,12,150,78,0,78,228
10/18/2007,PSP,CA,AWP,WE,Combined TRACON& Tower with Radar,25,55,78,16,174,0,0,0,0,0,25,55,78,16,174,28,0,28,202
10/19/2007,PSP,CA,AWP,WE,Combined TRACON& Tower with Radar,25,60,111,4,200,0,0,0,0,0,25,60,111,4,200,48,0,48,248
10/20/2007,PSP,CA,AWP,WE,Combined TRACON& Tower with Radar,23,42,125,0,190,0,0,0,0,0,23,42,125,0,190,94,0,94,284
10/21/2007,PSP,CA,AWP,WE,Combined TRACON& Tower with Radar,26,65,67,2,160,0,0,0,0,0,26,65,67,2,160,0,0,0,160
10/22/2007,PSP,CA,AWP,WE,Combined TRACON& Tower with Radar,24,58,56,4,142,0,0,0,0,0,24,58,56,4,142,0,0,0,142
10/23/2007,PSP,CA,AWP,WE,Combined TRACON& Tower with Radar,20,60,56,8,144,0,0,0,0,0,20,60,56,8,144,46,0,46,190
10/24/2007,PSP,CA,AWP,WE,Combined TRACON& Tower with Radar,18,58,77,5,158,0,0,0,0,0,18,58,77,5,158,24,0,24,182
10/25/2007,PSP,CA,AWP,WE,Combined TRACON& Tower with Radar,23,62,68,0,153,0,0,0,0,0,23,62,68,0,153,0,0,0,153
10/26/2007,PSP,CA,AWP,WE,Combined TRACON& Tower with Radar,22,68,81,0,171,0,0,0,0,0,22,68,81,0,171,30,0,30,201
10/27/2007,PSP,CA,AWP,WE,Combined TRACON& Tower with Radar,20,49,57,0,126,0,0,0,0,0,20,49,57,0,126,38,0,38,164
10/28/2007,PSP,CA,AWP,WE,Combined TRACON& Tower with Radar,30,56,97,0,183,0,0,0,0,0,30,56,97,0,183,54,0,54,237
10/29/2007,PSP,CA,AWP,WE,Combined TRACON& Tower with Radar,29,61,84,0,174,0,0,0,0,0,29,61,84,0,174,128,0,128,302
10/30/2007,PSP,CA,AWP,WE,Combined TRACON& Tower with Radar,32,63,84,6,185,0,0,0,0,0,32,63,84,6,185,102,0,102,287
10/31/2007,PSP,CA,AWP,WE,Combined TRACON& Tower with Radar,30,60,112,0,202,0,0,0,0,0,30,60,112,0,202,62,0,62,264
11/01/2007,PSP,CA,AWP,WE,Towers with Radar,34,82,120,0,236,0,0,0,0,0,34,82,120,0,236,60,0,60,296
11/02/2007,PSP,CA,AWP,WE,Towers with Radar,29,83,115,5,232,0,0,0,0,0,29,83,115,5,232,32,0,32,264
11/03/2007,PSP,CA,AWP,WE,Towers with Radar,33,56,97,4,190,0,0,0,0,0,33,56,97,4,190,2,0,2,192
11/04/2007,PSP,CA,AWP,WE,Towers with Radar,40,73,107,7,227,0,0,0,0,0,40,73,107,7,227,54,0,54,281
11/05/2007,PSP,CA,AWP,WE,Towers with Radar,39,59,76,2,176,0,0,0,0,0,39,59,76,2,176,16,0,16,192
11/06/2007,PSP,CA,AWP,WE,Towers with Radar,42,66,62,6,176,0,0,0,0,0,42,66,62,6,176,32,0,32,208
11/07/2007,PSP,CA,AWP,WE,Towers with Radar,39,78,75,7,199,0,0,0,0,0,39,78,75,7,199,8,0,8,207
11/08/2007,PSP,CA,AWP,WE,Towers with Radar,42,77,93,1,213,0,0,0,0,0,42,77,93,1,213,52,0,52,265
11/09/2007,PSP,CA,AWP,WE,Towers with Radar,43,64,112,0,219,0,0,0,0,0,43,64,112,0,219,24,0,24,243
11/10/2007,PSP,CA,AWP,WE,Towers with Radar,41,51,131,0,223,0,0,0,0,0,41,51,131,0,223,72,0,72,295
11/11/2007,PSP,CA,AWP,WE,Towers with Radar,45,78,107,13,243,0,0,0,0,0,45,78,107,13,243,24,0,24,267
11/12/2007,PSP,CA,AWP,WE,Towers with Radar,38,76,77,3,194,0,0,0,0,0,38,76,77,3,194,0,0,0,194
11/13/2007,PSP,CA,AWP,WE,Towers with Radar,41,78,99,5,223,0,0,0,0,0,41,78,99,5,223,42,0,42,265
11/14/2007,PSP,CA,AWP,WE,Towers with Radar,38,73,111,5,227,0,0,0,0,0,38,73,111,5,227,90,0,90,317
11/15/2007,PSP,CA,AWP,WE,Towers with Radar,48,85,127,0,260,0,0,0,0,0,48,85,127,0,260,32,0,32,292
11/16/2007,PSP,CA,AWP,WE,Towers with Radar,43,70,122,0,235,0,0,0,0,0,43,70,122,0,235,64,0,64,299
11/17/2007,PSP,CA,AWP,WE,Towers with Radar,43,56,218,8,325,0,0,0,0,0,43,56,218,8,325,50,0,50,375
11/18/2007,PSP,CA,AWP,WE,Towers with Radar,45,87,124,4,260,0,0,0,0,0,45,87,124,4,260,10,0,10,270
11/19/2007,PSP,CA,AWP,WE,Towers with Radar,41,77,79,1,198,0,0,0,0,0,41,77,79,1,198,10,0,10,208
11/20/2007,PSP,CA,AWP,WE,Towers with Radar,42,85,109,2,238,0,0,0,0,0,42,85,109,2,238,20,0,20,258
11/21/2007,PSP,CA,AWP,WE,Towers with Radar,44,89,123,4,260,0,0,0,0,0,44,89,123,4,260,26,0,26,286
11/22/2007,PSP,CA,AWP,WE,Towers with Radar,40,39,66,0,145,0,0,0,0,0,40,39,66,0,145,0,0,0,145
11/23/2007,PSP,CA,AWP,WE,Towers with Radar,39,48,95,0,182,0,0,0,0,0,39,48,95,0,182,0,0,0,182
11/24/2007,PSP,CA,AWP,WE,Towers with Radar,43,74,104,0,221,0,0,0,0,0,43,74,104,0,221,6,0,6,227
11/25/2007,PSP,CA,AWP,WE,Towers with Radar,48,85,163,0,296,0,0,0,0,0,48,85,163,0,296,38,0,38,334
11/26/2007,PSP,CA,AWP,WE,Towers with Radar,41,72,72,1,186,0,0,0,0,0,41,72,72,1,186,14,0,14,200
11/27/2007,PSP,CA,AWP,WE,Towers with Radar,45,72,90,1,208,0,0,0,0,0,45,72,90,1,208,76,0,76,284
11/28/2007,PSP,CA,AWP,WE,Towers with Radar,38,70,69,2,179,0,0,0,0,0,38,70,69,2,179,36,0,36,215
11/29/2007,PSP,CA,AWP,WE,Towers with Radar,49,70,92,2,213,0,0,0,0,0,49,70,92,2,213,28,2,30,243
11/30/2007,PSP,CA,AWP,WE,Towers with Radar,44,74,41,0,159,0,0,0,0,0,44,74,41,0,159,0,0,0,159
12/01/2007,PSP,CA,AWP,WE,Towers with Radar,44,54,50,0,148,0,0,0,0,0,44,54,50,0,148,4,0,4,152
12/02/2007,PSP,CA,AWP,WE,Towers with Radar,46,74,110,3,233,0,0,0,0,0,46,74,110,3,233,22,0,22,255
12/03/2007,PSP,CA,AWP,WE,Towers with Radar,45,68,90,0,203,0,0,0,0,0,45,68,90,0,203,30,0,30,233
12/04/2007,PSP,CA,AWP,WE,Towers with Radar,44,66,79,3,192,0,0,0,0,0,44,66,79,3,192,10,0,10,202
12/05/2007,PSP,CA,AWP,WE,Towers with Radar,41,60,91,2,194,0,0,0,0,0,41,60,91,2,194,44,0,44,238
12/06/2007,PSP,CA,AWP,WE,Towers with Radar,47,58,79,2,186,0,0,0,0,0,47,58,79,2,186,38,0,38,224
12/07/2007,PSP,CA,AWP,WE,Towers with Radar,41,50,41,0,132,0,0,0,0,0,41,50,41,0,132,26,0,26,158
12/08/2007,PSP,CA,AWP,WE,Towers with Radar,44,48,59,2,153,0,0,0,0,0,44,48,59,2,153,22,0,22,175
12/09/2007,PSP,CA,AWP,WE,Towers with Radar,47,58,51,3,159,0,0,0,0,0,47,58,51,3,159,10,0,10,169
12/10/2007,PSP,CA,AWP,WE,Towers with Radar,38,60,90,0,188,0,0,0,0,0,38,60,90,0,188,50,0,50,238
12/11/2007,PSP,CA,AWP,WE,Towers with Radar,38,70,57,2,167,0,0,0,0,0,38,70,57,2,167,58,0,58,225
12/12/2007,PSP,CA,AWP,WE,Towers with Radar,39,60,76,8,183,0,0,0,0,0,39,60,76,8,183,44,0,44,227
12/13/2007,PSP,CA,AWP,WE,Towers with Radar,48,61,72,19,200,0,0,0,0,0,48,61,72,19,200,56,0,56,256
12/14/2007,PSP,CA,AWP,WE,Towers with Radar,42,60,77,2,181,0,0,0,0,0,42,60,77,2,181,24,0,24,205
12/15/2007,PSP,CA,AWP,WE,Towers with Radar,47,55,120,10,232,0,0,0,0,0,47,55,120,10,232,32,2,34,266
12/16/2007,PSP,CA,AWP,WE,Towers with Radar,47,65,83,0,195,0,0,0,0,0,47,65,83,0,195,32,0,32,227
12/17/2007,PSP,CA,AWP,WE,Towers with Radar,43,60,69,5,177,0,0,0,0,0,43,60,69,5,177,22,0,22,199
12/18/2007,PSP,CA,AWP,WE,Towers with Radar,47,77,50,0,174,0,0,0,0,0,47,77,50,0,174,74,0,74,248
12/19/2007,PSP,CA,AWP,WE,Towers with Radar,44,67,61,0,172,0,0,0,0,0,44,67,61,0,172,440,0,440,612
12/20/2007,PSP,CA,AWP,WE,Towers with Radar,48,62,48,0,158,0,0,0,0,0,48,62,48,0,158,16,4,20,178
12/21/2007,PSP,CA,AWP,WE,Towers with Radar,43,66,83,4,196,0,0,0,0,0,43,66,83,4,196,36,0,36,232
12/22/2007,PSP,CA,AWP,WE,Towers with Radar,45,59,108,0,212,0,0,0,0,0,45,59,108,0,212,78,0,78,290
12/23/2007,PSP,CA,AWP,WE,Towers with Radar,47,68,87,0,202,0,0,0,0,0,47,68,87,0,202,10,0,10,212
12/24/2007,PSP,CA,AWP,WE,Towers with Radar,38,51,55,0,144,0,0,0,0,0,38,51,55,0,144,18,0,18,162
12/25/2007,PSP,CA,AWP,WE,Towers with Radar,47,64,21,0,132,0,0,0,0,0,47,64,21,0,132,0,0,0,132
12/26/2007,PSP,CA,AWP,WE,Towers with Radar,44,73,101,0,218,0,0,0,0,0,44,73,101,0,218,38,0,38,256
12/27/2007,PSP,CA,AWP,WE,Towers with Radar,46,75,88,0,209,0,0,0,0,0,46,75,88,0,209,22,0,22,231
12/28/2007,PSP,CA,AWP,WE,Towers with Radar,43,80,98,2,223,0,0,0,0,0,43,80,98,2,223,38,0,38,261
12/29/2007,PSP,CA,AWP,WE,Towers with Radar,46,59,101,0,206,0,0,0,0,0,46,59,101,0,206,14,0,14,220
12/30/2007,PSP,CA,AWP,WE,Towers with Radar,51,71,92,0,214,0,0,0,0,0,51,71,92,0,214,44,0,44,258
12/31/2007,PSP,CA,AWP,WE,Towers with Radar,46,56,60,0,162,0,0,0,0,0,46,56,60,0,162,6,0,6,168
01/01/2008,PSP,CA,AWP,WE,Towers with Radar,48,64,53,0,165,0,0,0,0,0,48,64,53,0,165,0,0,0,165
01/02/2008,PSP,CA,AWP,WE,Towers with Radar,45,77,121,0,243,0,0,0,0,0,45,77,121,0,243,24,0,24,267
01/03/2008,PSP,CA,AWP,WE,Towers with Radar,48,66,90,2,206,0,0,0,0,0,48,66,90,2,206,42,0,42,248
01/04/2008,PSP,CA,AWP,WE,Towers with Radar,48,77,66,2,193,0,0,0,0,0,48,77,66,2,193,26,0,26,219
01/05/2008,PSP,CA,AWP,WE,Towers with Radar,43,77,54,1,175,0,0,0,0,0,43,77,54,1,175,32,0,32,207
01/06/2008,PSP,CA,AWP,WE,Towers with Radar,50,82,79,0,211,0,0,0,0,0,50,82,79,0,211,28,0,28,239
01/07/2008,PSP,CA,AWP,WE,Towers with Radar,47,58,65,0,170,0,0,0,0,0,47,58,65,0,170,30,0,30,200
01/08/2008,PSP,CA,AWP,WE,Towers with Radar,50,54,71,0,175,0,0,0,0,0,50,54,71,0,175,50,0,50,225
01/09/2008,PSP,CA,AWP,WE,Towers with Radar,49,59,64,4,176,0,0,0,0,0,49,59,64,4,176,20,2,22,198
01/10/2008,PSP,CA,AWP,WE,Towers with Radar,51,58,80,0,189,0,0,0,0,0,51,58,80,0,189,16,0,16,205
01/11/2008,PSP,CA,AWP,WE,Towers with Radar,44,74,88,0,206,0,0,0,0,0,44,74,88,0,206,24,0,24,230
01/12/2008,PSP,CA,AWP,WE,Towers with Radar,48,55,121,15,239,0,0,0,0,0,48,55,121,15,239,88,0,88,327
01/13/2008,PSP,CA,AWP,WE,Towers with Radar,50,74,72,2,198,0,0,0,0,0,50,74,72,2,198,42,0,42,240
01/14/2008,PSP,CA,AWP,WE,Towers with Radar,43,63,81,5,192,0,0,0,0,0,43,63,81,5,192,52,0,52,244
01/15/2008,PSP,CA,AWP,WE,Towers with Radar,48,71,85,7,211,0,0,0,0,0,48,71,85,7,211,56,0,56,267
01/16/2008,PSP,CA,AWP,WE,Towers with Radar,47,66,61,7,181,0,0,0,0,0,47,66,61,7,181,26,0,26,207
01/17/2008,PSP,CA,AWP,WE,Towers with Radar,52,61,80,2,195,0,0,0,0,0,52,61,80,2,195,72,0,72,267
01/18/2008,PSP,CA,AWP,WE,Towers with Radar,49,79,123,21,272,0,0,0,0,0,49,79,123,21,272,20,0,20,292
01/19/2008,PSP,CA,AWP,WE,Towers with Radar,49,55,179,12,295,0,0,0,0,0,49,55,179,12,295,54,0,54,349
01/20/2008,PSP,CA,AWP,WE,Towers with Radar,53,95,163,2,313,0,0,0,0,0,53,95,163,2,313,22,0,22,335
01/21/2008,PSP,CA,AWP,WE,Towers with Radar,45,72,108,0,225,0,0,0,0,0,45,72,108,0,225,36,0,36,261
01/22/2008,PSP,CA,AWP,WE,Towers with Radar,46,67,63,0,176,0,0,0,0,0,46,67,63,0,176,12,0,12,188
01/23/2008,PSP,CA,AWP,WE,Towers with Radar,48,66,78,4,196,0,0,0,0,0,48,66,78,4,196,66,0,66,262
01/24/2008,PSP,CA,AWP,WE,Towers with Radar,50,71,67,1,189,0,0,0,0,0,50,71,67,1,189,64,0,64,253
01/25/2008,PSP,CA,AWP,WE,Towers with Radar,44,77,75,6,202,0,0,0,0,0,44,77,75,6,202,18,0,18,220
01/26/2008,PSP,CA,AWP,WE,Towers with Radar,44,86,101,14,245,0,0,0,0,0,44,86,101,14,245,80,0,80,325
01/27/2008,PSP,CA,AWP,WE,Towers with Radar,9,29,14,2,54,0,0,0,0,0,9,29,14,2,54,8,2,10,64
01/28/2008,PSP,CA,AWP,WE,Towers with Radar,58,57,68,14,197,0,0,0,0,0,58,57,68,14,197,10,0,10,207
01/29/2008,PSP,CA,AWP,WE,Towers with Radar,52,62,98,8,220,0,0,0,0,0,52,62,98,8,220,50,0,50,270
01/30/2008,PSP,CA,AWP,WE,Towers with Radar,44,74,81,7,206,0,0,0,0,0,44,74,81,7,206,30,0,30,236
01/31/2008,PSP,CA,AWP,WE,Towers with Radar,47,74,152,8,281,0,0,0,0,0,47,74,152,8,281,80,0,80,361
02/01/2008,PSP,CA,AWP,WE,Towers with Radar,48,77,111,1,237,0,0,0,0,0,48,77,111,1,237,50,0,50,287
02/02/2008,PSP,CA,AWP,WE,Towers with Radar,48,55,93,5,201,0,0,0,0,0,48,55,93,5,201,46,0,46,247
02/03/2008,PSP,CA,AWP,WE,Towers with Radar,49,70,50,6,175,0,0,0,0,0,49,70,50,6,175,54,0,54,229
02/04/2008,PSP,CA,AWP,WE,Towers with Radar,42,68,103,0,213,0,0,0,0,0,42,68,103,0,213,20,0,20,233
02/05/2008,PSP,CA,AWP,WE,Towers with Radar,52,63,100,2,217,0,0,0,0,0,52,63,100,2,217,0,0,0,217
02/06/2008,PSP,CA,AWP,WE,Towers with Radar,41,75,105,2,223,0,0,0,0,0,41,75,105,2,223,32,0,32,255
02/07/2008,PSP,CA,AWP,WE,Towers with Radar,51,70,97,2,220,0,0,0,0,0,51,70,97,2,220,90,0,90,310
02/08/2008,PSP,CA,AWP,WE,Towers with Radar,42,77,116,1,236,0,0,0,0,0,42,77,116,1,236,30,0,30,266
02/09/2008,PSP,CA,AWP,WE,Towers with Radar,45,56,140,1,242,0,0,0,0,0,45,56,140,1,242,30,0,30,272
02/10/2008,PSP,CA,AWP,WE,Towers with Radar,50,75,183,2,310,0,0,0,0,0,50,75,183,2,310,10,0,10,320
02/11/2008,PSP,CA,AWP,WE,Towers with Radar,47,59,119,2,227,0,0,0,0,0,47,59,119,2,227,14,0,14,241
02/12/2008,PSP,CA,AWP,WE,Towers with Radar,49,75,98,2,224,0,0,0,0,0,49,75,98,2,224,54,0,54,278
02/13/2008,PSP,CA,AWP,WE,Towers with Radar,54,82,113,0,249,0,0,0,0,0,54,82,113,0,249,24,0,24,273
02/14/2008,PSP,CA,AWP,WE,Towers with Radar,56,78,71,0,205,0,0,0,0,0,56,78,71,0,205,0,0,0,205
02/15/2008,PSP,CA,AWP,WE,Towers with Radar,49,91,88,6,234,0,0,0,0,0,49,91,88,6,234,10,0,10,244
02/16/2008,PSP,CA,AWP,WE,Towers with Radar,49,75,152,0,276,0,0,0,0,0,49,75,152,0,276,56,0,56,332
02/17/2008,PSP,CA,AWP,WE,Towers with Radar,61,82,130,0,273,0,0,0,0,0,61,82,130,0,273,32,0,32,305
02/18/2008,PSP,CA,AWP,WE,Towers with Radar,53,93,130,14,290,0,0,0,0,0,53,93,130,14,290,30,0,30,320
02/19/2008,PSP,CA,AWP,WE,Towers with Radar,50,80,65,6,201,0,0,0,0,0,50,80,65,6,201,16,0,16,217
02/20/2008,PSP,CA,AWP,WE,Towers with Radar,60,82,63,4,209,0,0,0,0,0,60,82,63,4,209,26,0,26,235
02/21/2008,PSP,CA,AWP,WE,Towers with Radar,56,79,85,7,227,0,0,0,0,0,56,79,85,7,227,4,0,4,231
02/22/2008,PSP,CA,AWP,WE,Towers with Radar,50,92,63,0,205,0,0,0,0,0,50,92,63,0,205,6,0,6,211
02/23/2008,PSP,CA,AWP,WE,Towers with Radar,43,71,99,15,228,0,0,0,0,0,43,71,99,15,228,22,0,22,250
02/24/2008,PSP,CA,AWP,WE,Towers with Radar,55,81,54,4,194,0,0,0,0,0,55,81,54,4,194,6,0,6,200
02/25/2008,PSP,CA,AWP,WE,Towers with Radar,49,80,92,2,223,0,0,0,0,0,49,80,92,2,223,30,0,30,253
02/26/2008,PSP,CA,AWP,WE,Towers with Radar,56,78,156,0,290,0,0,0,0,0,56,78,156,0,290,30,0,30,320
02/27/2008,PSP,CA,AWP,WE,Towers with Radar,52,92,108,2,254,0,0,0,0,0,52,92,108,2,254,42,0,42,296
02/28/2008,PSP,CA,AWP,WE,Towers with Radar,56,84,97,6,243,0,0,0,0,0,56,84,97,6,243,28,0,28,271
02/29/2008,PSP,CA,AWP,WE,Towers with Radar,51,82,137,0,270,0,0,0,0,0,51,82,137,0,270,26,0,26,296
03/01/2008,PSP,CA,AWP,WE,Towers with Radar,49,86,177,2,314,0,0,0,0,0,49,86,177,2,314,22,0,22,336
03/02/2008,PSP,CA,AWP,WE,Towers with Radar,57,86,111,2,256,0,0,0,0,0,57,86,111,2,256,28,0,28,284
03/03/2008,PSP,CA,AWP,WE,Towers with Radar,54,81,123,0,258,0,0,0,0,0,54,81,123,0,258,50,0,50,308
03/04/2008,PSP,CA,AWP,WE,Towers with Radar,56,80,96,8,240,0,0,0,0,0,56,80,96,8,240,50,0,50,290
03/05/2008,PSP,CA,AWP,WE,Towers with Radar,49,80,103,3,235,0,0,0,0,0,49,80,103,3,235,26,0,26,261
03/06/2008,PSP,CA,AWP,WE,Towers with Radar,53,83,118,4,258,0,0,0,0,0,53,83,118,4,258,36,0,36,294
03/07/2008,PSP,CA,AWP,WE,Towers with Radar,51,81,122,4,258,0,0,0,0,0,51,81,122,4,258,30,0,30,288
03/08/2008,PSP,CA,AWP,WE,Towers with Radar,53,82,125,8,268,0,0,0,0,0,53,82,125,8,268,52,0,52,320
03/09/2008,PSP,CA,AWP,WE,Towers with Radar,54,104,126,5,289,0,0,0,0,0,54,104,126,5,289,8,0,8,297
03/10/2008,PSP,CA,AWP,WE,Towers with Radar,54,70,74,2,200,0,0,0,0,0,54,70,74,2,200,8,0,8,208
03/11/2008,PSP,CA,AWP,WE,Towers with Radar,53,83,104,3,243,0,0,0,0,0,53,83,104,3,243,40,0,40,283
03/12/2008,PSP,CA,AWP,WE,Towers with Radar,50,100,105,1,256,0,0,0,0,0,50,100,105,1,256,24,0,24,280
03/13/2008,PSP,CA,AWP,WE,Towers with Radar,57,91,106,0,254,0,0,0,0,0,57,91,106,0,254,34,0,34,288
03/14/2008,PSP,CA,AWP,WE,Towers with Radar,51,88,73,0,212,0,0,0,0,0,51,88,73,0,212,8,0,8,220
03/15/2008,PSP,CA,AWP,WE,Towers with Radar,49,83,56,0,188,0,0,0,0,0,49,83,56,0,188,0,0,0,188
03/16/2008,PSP,CA,AWP,WE,Towers with Radar,57,103,93,3,256,0,0,0,0,0,57,103,93,3,256,2,0,2,258
03/17/2008,PSP,CA,AWP,WE,Towers with Radar,51,79,76,2,208,0,0,0,0,0,51,79,76,2,208,2,0,2,210
03/18/2008,PSP,CA,AWP,WE,Towers with Radar,50,69,112,3,234,0,0,0,0,0,50,69,112,3,234,50,0,50,284
03/19/2008,PSP,CA,AWP,WE,Towers with Radar,52,89,135,2,278,0,0,0,0,0,52,89,135,2,278,56,0,56,334
03/20/2008,PSP,CA,AWP,WE,Towers with Radar,58,90,152,0,300,0,0,0,0,0,58,90,152,0,300,48,0,48,348
03/21/2008,PSP,CA,AWP,WE,Towers with Radar,44,112,161,0,317,0,0,0,0,0,44,112,161,0,317,38,0,38,355
03/22/2008,PSP,CA,AWP,WE,Towers with Radar,57,77,161,18,313,0,0,0,0,0,57,77,161,18,313,140,0,140,453
03/23/2008,PSP,CA,AWP,WE,Towers with Radar,51,92,124,0,267,0,0,0,0,0,51,92,124,0,267,54,0,54,321
03/24/2008,PSP,CA,AWP,WE,Towers with Radar,52,87,150,0,289,0,0,0,0,0,52,87,150,0,289,46,0,46,335
03/25/2008,PSP,CA,AWP,WE,Towers with Radar,62,75,110,3,250,0,0,0,0,0,62,75,110,3,250,70,0,70,320
03/26/2008,PSP,CA,AWP,WE,Towers with Radar,50,74,91,4,219,0,0,0,0,0,50,74,91,4,219,38,0,38,257
03/27/2008,PSP,CA,AWP,WE,Towers with Radar,54,77,94,2,227,0,0,0,0,0,54,77,94,2,227,84,0,84,311
03/28/2008,PSP,CA,AWP,WE,Towers with Radar,50,80,136,5,271,0,0,0,0,0,50,80,136,5,271,54,0,54,325
03/29/2008,PSP,CA,AWP,WE,Towers with Radar,44,95,137,9,285,0,0,0,0,0,44,95,137,9,285,46,0,46,331
03/30/2008,PSP,CA,AWP,WE,Towers with Radar,54,93,141,2,290,0,0,0,0,0,54,93,141,2,290,68,0,68,358
03/31/2008,PSP,CA,AWP,WE,Towers with Radar,48,80,118,4,250,0,0,0,0,0,48,80,118,4,250,60,0,60,310
04/01/2008,PSP,CA,AWP,WE,Towers with Radar,58,86,104,2,250,0,0,0,0,0,58,86,104,2,250,170,0,170,420
04/02/2008,PSP,CA,AWP,WE,Towers with Radar,54,76,102,0,232,0,0,0,0,0,54,76,102,0,232,70,0,70,302
04/03/2008,PSP,CA,AWP,WE,Towers with Radar,56,73,76,5,210,0,0,0,0,0,56,73,76,5,210,68,0,68,278
04/04/2008,PSP,CA,AWP,WE,Towers with Radar,53,81,131,1,266,0,0,0,0,0,53,81,131,1,266,76,0,76,342
04/05/2008,PSP,CA,AWP,WE,Towers with Radar,50,83,105,2,240,0,0,0,0,0,50,83,105,2,240,36,0,36,276
04/06/2008,PSP,CA,AWP,WE,Towers with Radar,49,95,131,1,276,0,0,0,0,0,49,95,131,1,276,34,0,34,310
04/07/2008,PSP,CA,AWP,WE,Towers with Radar,40,80,77,1,198,0,0,0,0,0,40,80,77,1,198,12,0,12,210
04/08/2008,PSP,CA,AWP,WE,Towers with Radar,44,77,57,1,179,0,0,0,0,0,44,77,57,1,179,30,0,30,209
04/09/2008,PSP,CA,AWP,WE,Towers with Radar,34,75,56,6,171,0,0,0,0,0,34,75,56,6,171,6,0,6,177
04/10/2008,PSP,CA,AWP,WE,Towers with Radar,37,77,121,2,237,0,0,0,0,0,37,77,121,2,237,44,0,44,281
04/11/2008,PSP,CA,AWP,WE,Towers with Radar,37,67,135,8,247,0,0,0,0,0,37,67,135,8,247,108,0,108,355
04/12/2008,PSP,CA,AWP,WE,Towers with Radar,42,59,144,9,254,0,0,0,0,0,42,59,144,9,254,60,0,60,314
04/13/2008,PSP,CA,AWP,WE,Towers with Radar,44,72,139,0,255,0,0,0,0,0,44,72,139,0,255,44,0,44,299
04/14/2008,PSP,CA,AWP,WE,Towers with Radar,35,81,107,5,228,0,0,0,0,0,35,81,107,5,228,24,0,24,252
04/15/2008,PSP,CA,AWP,WE,Towers with Radar,44,60,79,1,184,0,0,0,0,0,44,60,79,1,184,22,0,22,206
04/16/2008,PSP,CA,AWP,WE,Towers with Radar,37,67,86,0,190,0,0,0,0,0,37,67,86,0,190,44,0,44,234
04/17/2008,PSP,CA,AWP,WE,Towers with Radar,45,68,102,0,215,0,0,0,0,0,45,68,102,0,215,34,0,34,249
04/18/2008,PSP,CA,AWP,WE,Towers with Radar,38,69,134,2,243,0,0,0,0,0,38,69,134,2,243,36,0,36,279
04/19/2008,PSP,CA,AWP,WE,Towers with Radar,37,64,85,0,186,0,0,0,0,0,37,64,85,0,186,46,0,46,232
04/20/2008,PSP,CA,AWP,WE,Towers with Radar,44,73,109,1,227,0,0,0,0,0,44,73,109,1,227,18,0,18,245
04/21/2008,PSP,CA,AWP,WE,Towers with Radar,34,78,86,4,202,0,0,0,0,0,34,78,86,4,202,20,2,22,224
04/22/2008,PSP,CA,AWP,WE,Towers with Radar,40,57,76,0,173,0,0,0,0,0,40,57,76,0,173,10,0,10,183
04/23/2008,PSP,CA,AWP,WE,Towers with Radar,40,64,47,3,154,0,0,0,0,0,40,64,47,3,154,4,0,4,158
04/24/2008,PSP,CA,AWP,WE,Towers with Radar,44,57,127,0,228,0,0,0,0,0,44,57,127,0,228,60,0,60,288
04/25/2008,PSP,CA,AWP,WE,Towers with Radar,35,69,135,0,239,0,0,0,0,0,35,69,135,0,239,78,0,78,317
04/26/2008,PSP,CA,AWP,WE,Towers with Radar,36,61,99,0,196,0,0,0,0,0,36,61,99,0,196,60,0,60,256
04/27/2008,PSP,CA,AWP,WE,Towers with Radar,39,82,113,0,234,0,0,0,0,0,39,82,113,0,234,22,0,22,256
04/28/2008,PSP,CA,AWP,WE,Towers with Radar,32,75,66,0,173,0,0,0,0,0,32,75,66,0,173,24,0,24,197
04/29/2008,PSP,CA,AWP,WE,Towers with Radar,34,59,74,0,167,0,0,0,0,0,34,59,74,0,167,22,0,22,189
04/30/2008,PSP,CA,AWP,WE,Towers with Radar,34,79,94,2,209,0,0,0,0,0,34,79,94,2,209,14,0,14,223
05/01/2008,PSP,CA,AWP,WE,Towers with Radar,34,65,98,0,197,0,0,0,0,0,34,65,98,0,197,74,0,74,271
05/02/2008,PSP,CA,AWP,WE,Towers with Radar,30,73,134,2,239,0,0,0,0,0,30,73,134,2,239,40,0,40,279
05/03/2008,PSP,CA,AWP,WE,Towers with Radar,27,69,84,4,184,0,0,0,0,0,27,69,84,4,184,42,0,42,226
05/04/2008,PSP,CA,AWP,WE,Towers with Radar,38,61,122,0,221,0,0,0,0,0,38,61,122,0,221,16,0,16,237
05/05/2008,PSP,CA,AWP,WE,Towers with Radar,29,68,62,2,161,0,0,0,0,0,29,68,62,2,161,16,0,16,177
05/06/2008,PSP,CA,AWP,WE,Towers with Radar,28,48,67,4,147,0,0,0,0,0,28,48,67,4,147,54,0,54,201
05/07/2008,PSP,CA,AWP,WE,Towers with Radar,30,55,56,3,144,0,0,0,0,0,30,55,56,3,144,24,0,24,168
05/08/2008,PSP,CA,AWP,WE,Towers with Radar,30,57,95,1,183,0,0,0,0,0,30,57,95,1,183,44,0,44,227
05/09/2008,PSP,CA,AWP,WE,Towers with Radar,31,58,83,0,172,0,0,0,0,0,31,58,83,0,172,24,0,24,196
05/10/2008,PSP,CA,AWP,WE,Towers with Radar,24,59,114,0,197,0,0,0,0,0,24,59,114,0,197,258,0,258,455
05/11/2008,PSP,CA,AWP,WE,Towers with Radar,31,62,85,1,179,0,0,0,0,0,31,62,85,1,179,132,0,132,311
05/12/2008,PSP,CA,AWP,WE,Towers with Radar,28,54,53,4,139,0,0,0,0,0,28,54,53,4,139,30,0,30,169
05/13/2008,PSP,CA,AWP,WE,Towers with Radar,29,55,50,0,134,0,0,0,0,0,29,55,50,0,134,30,0,30,164
05/14/2008,PSP,CA,AWP,WE,Towers with Radar,30,61,76,2,169,0,0,0,0,0,30,61,76,2,169,36,0,36,205
05/15/2008,PSP,CA,AWP,WE,Towers with Radar,30,56,86,6,178,0,0,0,0,0,30,56,86,6,178,62,0,62,240
05/16/2008,PSP,CA,AWP,WE,Towers with Radar,30,56,120,7,213,0,0,0,0,0,30,56,120,7,213,60,0,60,273
05/17/2008,PSP,CA,AWP,WE,Towers with Radar,29,59,96,2,186,0,0,0,0,0,29,59,96,2,186,50,0,50,236
05/18/2008,PSP,CA,AWP,WE,Towers with Radar,30,67,110,8,215,0,0,0,0,0,30,67,110,8,215,44,0,44,259
05/19/2008,PSP,CA,AWP,WE,Towers with Radar,24,56,69,1,150,0,0,0,0,0,24,56,69,1,150,10,0,10,160
05/20/2008,PSP,CA,AWP,WE,Towers with Radar,28,48,50,6,132,0,0,0,0,0,28,48,50,6,132,12,0,12,144
05/21/2008,PSP,CA,AWP,WE,Towers with Radar,25,53,42,0,120,0,0,0,0,0,25,53,42,0,120,4,0,4,124
05/22/2008,PSP,CA,AWP,WE,Towers with Radar,26,58,32,4,120,0,0,0,0,0,26,58,32,4,120,2,0,2,122
05/23/2008,PSP,CA,AWP,WE,Towers with Radar,23,66,49,2,140,0,0,0,0,0,23,66,49,2,140,26,2,28,168
05/24/2008,PSP,CA,AWP,WE,Towers with Radar,25,43,79,11,158,0,0,0,0,0,25,43,79,11,158,54,0,54,212
05/25/2008,PSP,CA,AWP,WE,Towers with Radar,20,38,52,13,123,0,0,0,0,0,20,38,52,13,123,45,0,45,168
05/26/2008,PSP,CA,AWP,WE,Towers with Radar,19,63,70,8,160,0,0,0,0,0,19,63,70,8,160,18,0,18,178
05/27/2008,PSP,CA,AWP,WE,Towers with Radar,19,55,51,3,128,0,0,0,0,0,19,55,51,3,128,24,0,24,152
05/28/2008,PSP,CA,AWP,WE,Towers with Radar,21,53,50,4,128,0,0,0,0,0,21,53,50,4,128,34,0,34,162
05/29/2008,PSP,CA,AWP,WE,Towers with Radar,19,52,102,4,177,0,0,0,0,0,19,52,102,4,177,70,0,70,247
05/30/2008,PSP,CA,AWP,WE,Towers with Radar,20,52,101,5,178,0,0,0,0,0,20,52,101,5,178,48,0,48,226
05/31/2008,PSP,CA,AWP,WE,Towers with Radar,19,46,82,8,155,0,0,0,0,0,19,46,82,8,155,26,0,26,181
06/01/2008,PSP,CA,AWP,WE,Towers with Radar,0,0,0,0,0,17,51,66,5,139,17,51,66,5,139,58,0,58,197
06/02/2008,PSP,CA,AWP,WE,Towers with Radar,0,0,0,0,0,19,54,62,0,135,19,54,62,0,135,66,0,66,201
06/03/2008,PSP,CA,AWP,WE,Towers with Radar,0,0,0,0,0,15,54,50,1,120,15,54,50,1,120,16,0,16,136
06/04/2008,PSP,CA,AWP,WE,Towers with Radar,0,0,0,0,0,16,58,43,3,120,16,58,43,3,120,4,0,4,124
06/05/2008,PSP,CA,AWP,WE,Towers with Radar,0,0,0,0,0,17,49,65,0,131,17,49,65,0,131,16,0,16,147
06/06/2008,PSP,CA,AWP,WE,Towers with Radar,0,0,0,0,0,14,48,85,0,147,14,48,85,0,147,38,0,38,185
06/07/2008,PSP,CA,AWP,WE,Towers with Radar,0,0,0,0,0,14,41,104,3,162,14,41,104,3,162,26,0,26,188
06/08/2008,PSP,CA,AWP,WE,Towers with Radar,0,0,0,0,0,11,55,69,13,148,11,55,69,13,148,24,0,24,172
06/09/2008,PSP,CA,AWP,WE,Towers with Radar,0,0,0,0,0,14,54,50,6,124,14,54,50,6,124,10,0,10,134
06/10/2008,PSP,CA,AWP,WE,Towers with Radar,0,0,0,0,0,15,46,40,2,103,15,46,40,2,103,0,0,0,103
06/11/2008,PSP,CA,AWP,WE,Towers with Radar,0,0,0,0,0,11,53,64,2,130,11,53,64,2,130,44,0,44,174
06/12/2008,PSP,CA,AWP,WE,Towers with Radar,0,0,0,0,0,12,49,51,2,114,12,49,51,2,114,26,0,26,140
06/13/2008,PSP,CA,AWP,WE,Towers with Radar,0,0,0,0,0,12,53,65,3,133,12,53,65,3,133,34,0,34,167
06/14/2008,PSP,CA,AWP,WE,Towers with Radar,0,0,0,0,0,18,42,77,0,137,18,42,77,0,137,38,0,38,175
06/15/2008,PSP,CA,AWP,WE,Towers with Radar,0,0,0,0,0,12,43,81,7,143,12,43,81,7,143,50,0,50,193
06/16/2008,PSP,CA,AWP,WE,Towers with Radar,0,0,0,0,0,12,51,52,0,115,12,51,52,0,115,50,0,50,165
06/17/2008,PSP,CA,AWP,WE,Towers with Radar,0,0,0,0,0,12,44,47,2,105,12,44,47,2,105,20,0,20,125
06/18/2008,PSP,CA,AWP,WE,Towers with Radar,0,0,0,0,0,12,44,45,1,102,12,44,45,1,102,0,0,0,102
06/19/2008,PSP,CA,AWP,WE,Towers with Radar,0,0,0,0,0,12,47,42,1,102,12,47,42,1,102,48,0,48,150
06/20/2008,PSP,CA,AWP,WE,Towers with Radar,0,0,0,0,0,12,48,67,2,129,12,48,67,2,129,28,0,28,157
06/21/2008,PSP,CA,AWP,WE,Towers with Radar,0,0,0,0,0,17,37,40,4,98,17,37,40,4,98,16,0,16,114
06/22/2008,PSP,CA,AWP,WE,Towers with Radar,0,0,0,0,0,13,36,58,5,112,13,36,58,5,112,6,2,8,120
06/23/2008,PSP,CA,AWP,WE,Towers with Radar,0,0,0,0,0,9,45,35,0,89,9,45,35,0,89,4,0,4,93
06/24/2008,PSP,CA,AWP,WE,Towers with Radar,0,0,0,0,0,11,43,61,2,117,11,43,61,2,117,32,0,32,149
06/25/2008,PSP,CA,AWP,WE,Towers with Radar,0,0,0,0,0,11,49,42,2,104,11,49,42,2,104,42,0,42,146
06/26/2008,PSP,CA,AWP,WE,Towers with Radar,0,0,0,0,0,10,43,37,2,92,10,43,37,2,92,10,0,10,102
06/27/2008,PSP,CA,AWP,WE,Towers with Radar,0,0,0,0,0,12,44,69,10,135,12,44,69,10,135,30,0,30,165
06/28/2008,PSP,CA,AWP,WE,Towers with Radar,0,0,0,0,0,18,37,64,13,132,18,37,64,13,132,62,0,62,194
06/29/2008,PSP,CA,AWP,WE,Towers with Radar,0,0,0,0,0,14,40,47,11,112,14,40,47,11,112,0,0,0,112
06/30/2008,PSP,CA,AWP,WE,Towers with Radar,0,0,0,0,0,12,45,41,2,100,12,45,41,2,100,30,0,30,130
07/01/2008,PSP,CA,AWP,WE,Towers with Radar,10,45,10,2,67,0,10,18,0,28,10,55,28,2,95,30,0,30,125
07/02/2008,PSP,CA,AWP,WE,Towers with Radar,13,39,2,2,56,0,3,53,3,59,13,42,55,5,115,24,0,24,139
07/03/2008,PSP,CA,AWP,WE,Towers with Radar,12,35,16,0,63,0,1,54,0,55,12,36,70,0,118,46,0,46,164
07/04/2008,PSP,CA,AWP,WE,Towers with Radar,10,27,4,2,43,0,9,30,0,39,10,36,34,2,82,22,2,24,106
07/05/2008,PSP,CA,AWP,WE,Towers with Radar,15,38,9,0,62,0,2,22,0,24,15,40,31,0,86,0,0,0,86
07/06/2008,PSP,CA,AWP,WE,Towers with Radar,13,40,8,0,61,0,0,39,0,39,13,40,47,0,100,20,0,20,120
07/07/2008,PSP,CA,AWP,WE,Towers with Radar,12,42,6,0,60,12,44,32,0,88,24,86,38,0,148,62,0,62,210
07/08/2008,PSP,CA,AWP,WE,Towers with Radar,12,41,13,0,66,0,3,24,0,27,12,44,37,0,93,52,0,52,145
07/09/2008,PSP,CA,AWP,WE,Towers with Radar,13,40,15,3,71,0,44,46,4,94,13,84,61,7,165,48,0,48,213
07/10/2008,PSP,CA,AWP,WE,Towers with Radar,18,36,7,0,61,0,3,37,3,43,18,39,44,3,104,32,0,32,136
07/11/2008,PSP,CA,AWP,WE,Towers with Radar,12,44,15,0,71,0,0,36,0,36,12,44,51,0,107,12,0,12,119
07/12/2008,PSP,CA,AWP,WE,Towers with Radar,16,38,10,1,65,0,0,41,4,45,16,38,51,5,110,2,0,2,112
07/13/2008,PSP,CA,AWP,WE,Towers with Radar,17,36,12,0,65,0,3,39,8,50,17,39,51,8,115,8,0,8,123
07/14/2008,PSP,CA,AWP,WE,Towers with Radar,11,41,12,0,64,0,2,26,0,28,11,43,38,0,92,30,0,30,122
07/15/2008,PSP,CA,AWP,WE,Towers with Radar,12,42,11,0,65,0,5,32,0,37,12,47,43,0,102,50,0,50,152
07/16/2008,PSP,CA,AWP,WE,Towers with Radar,12,39,13,2,66,0,1,38,0,39,12,40,51,2,105,2,0,2,107
07/17/2008,PSP,CA,AWP,WE,Towers with Radar,12,36,12,2,62,0,2,32,0,34,12,38,44,2,96,60,0,60,156
07/18/2008,PSP,CA,AWP,WE,Towers with Radar,14,38,6,1,59,0,4,46,0,50,14,42,52,1,109,10,0,10,119
07/19/2008,PSP,CA,AWP,WE,Towers with Radar,18,37,8,3,66,0,3,42,7,52,18,40,50,10,118,8,0,8,126
07/20/2008,PSP,CA,AWP,WE,Towers with Radar,12,46,12,0,70,0,4,35,0,39,12,50,47,0,109,12,0,12,121
07/21/2008,PSP,CA,AWP,WE,Towers with Radar,15,37,17,1,70,0,2,42,12,56,15,39,59,13,126,10,0,10,136
07/22/2008,PSP,CA,AWP,WE,Towers with Radar,12,39,17,5,73,0,2,34,5,41,12,41,51,10,114,78,0,78,192
07/23/2008,PSP,CA,AWP,WE,Towers with Radar,10,43,10,3,66,0,1,33,2,36,10,44,43,5,102,16,0,16,118
07/24/2008,PSP,CA,AWP,WE,Towers with Radar,12,42,9,1,64,0,1,41,1,43,12,43,50,2,107,22,4,26,133
07/25/2008,PSP,CA,AWP,WE,Towers with Radar,12,45,16,0,73,0,1,59,4,64,12,46,75,4,137,96,0,96,233
07/26/2008,PSP,CA,AWP,WE,Towers with Radar,15,41,2,1,59,0,1,49,10,60,15,42,51,11,119,12,0,12,131
07/27/2008,PSP,CA,AWP,WE,Towers with Radar,12,40,16,0,68,0,1,37,3,41,12,41,53,3,109,22,0,22,131
07/28/2008,PSP,CA,AWP,WE,Towers with Radar,11,39,4,0,54,0,1,24,4,29,11,40,28,4,83,8,0,8,91
07/29/2008,PSP,CA,AWP,WE,Towers with Radar,12,42,3,9,66,0,3,39,1,43,12,45,42,10,109,26,0,26,135
07/30/2008,PSP,CA,AWP,WE,Towers with Radar,10,39,4,0,53,0,1,37,6,44,10,40,41,6,97,0,0,0,97
07/31/2008,PSP,CA,AWP,WE,Towers with Radar,12,45,10,0,67,0,1,32,1,34,12,46,42,1,101,0,0,0,101
08/01/2008,PSP,CA,AWP,WE,Towers with Radar,10,40,9,0,59,0,1,35,6,42,10,41,44,6,101,6,0,6,107
08/02/2008,PSP,CA,AWP,WE,Towers with Radar,16,36,11,2,65,0,0,44,0,44,16,36,55,2,109,4,0,4,113
08/03/2008,PSP,CA,AWP,WE,Towers with Radar,16,39,19,2,76,0,3,40,0,43,16,42,59,2,119,18,0,18,137
08/04/2008,PSP,CA,AWP,WE,Towers with Radar,15,35,4,1,55,0,1,22,0,23,15,36,26,1,78,0,0,0,78
08/05/2008,PSP,CA,AWP,WE,Towers with Radar,13,41,2,2,58,0,2,25,5,32,13,43,27,7,90,6,0,6,96
08/06/2008,PSP,CA,AWP,WE,Towers with Radar,11,44,12,0,67,0,2,44,1,47,11,46,56,1,114,32,0,32,146
08/07/2008,PSP,CA,AWP,WE,Towers with Radar,19,44,16,0,79,0,2,31,1,34,19,46,47,1,113,46,0,46,159
08/08/2008,PSP,CA,AWP,WE,Towers with Radar,14,37,14,0,65,0,2,53,0,55,14,39,67,0,120,4,0,4,124
08/09/2008,PSP,CA,AWP,WE,Towers with Radar,15,40,4,0,59,0,0,49,0,49,15,40,53,0,108,20,0,20,128
08/10/2008,PSP,CA,AWP,WE,Towers with Radar,13,41,5,5,64,0,0,35,11,46,13,41,40,16,110,16,0,16,126
08/11/2008,PSP,CA,AWP,WE,Towers with Radar,12,42,7,0,61,0,3,36,0,39,12,45,43,0,100,0,0,0,100
08/12/2008,PSP,CA,AWP,WE,Towers with Radar,12,42,5,0,59,0,0,27,0,27,12,42,32,0,86,10,0,10,96
08/13/2008,PSP,CA,AWP,WE,Towers with Radar,12,42,7,2,63,0,3,37,0,40,12,45,44,2,103,20,0,20,123
08/14/2008,PSP,CA,AWP,WE,Towers with Radar,12,47,7,1,67,0,0,33,3,36,12,47,40,4,103,40,2,42,145
08/15/2008,PSP,CA,AWP,WE,Towers with Radar,12,43,3,1,59,0,3,46,5,54,12,46,49,6,113,8,0,8,121
08/16/2008,PSP,CA,AWP,WE,Towers with Radar,16,36,6,2,60,0,0,53,2,55,16,36,59,4,115,12,0,12,127
08/17/2008,PSP,CA,AWP,WE,Towers with Radar,14,40,9,2,65,0,1,30,0,31,14,41,39,2,96,0,0,0,96
08/18/2008,PSP,CA,AWP,WE,Towers with Radar,12,42,15,4,73,0,0,59,0,59,12,42,74,4,132,28,0,28,160
08/19/2008,PSP,CA,AWP,WE,Towers with Radar,11,41,9,2,63,0,2,35,0,37,11,43,44,2,100,34,0,34,134
08/20/2008,PSP,CA,AWP,WE,Towers with Radar,12,43,11,5,71,0,2,39,1,42,12,45,50,6,113,36,0,36,149
08/21/2008,PSP,CA,AWP,WE,Towers with Radar,12,42,9,2,65,0,0,27,2,29,12,42,36,4,94,20,0,20,114
08/22/2008,PSP,CA,AWP,WE,Towers with Radar,11,40,6,0,57,0,0,39,3,42,11,40,45,3,99,68,0,68,167
08/23/2008,PSP,CA,AWP,WE,Towers with Radar,17,36,7,0,60,0,2,58,0,60,17,38,65,0,120,18,0,18,138
08/24/2008,PSP,CA,AWP,WE,Towers with Radar,15,42,11,0,68,0,8,50,3,61,15,50,61,3,129,18,0,18,147
08/25/2008,PSP,CA,AWP,WE,Towers with Radar,17,43,7,2,69,0,0,30,4,34,17,43,37,6,103,22,0,22,125
08/26/2008,PSP,CA,AWP,WE,Towers with Radar,12,41,3,2,58,0,1,52,0,53,12,42,55,2,111,16,0,16,127
08/27/2008,PSP,CA,AWP,WE,Towers with Radar,9,45,6,4,64,0,6,39,2,47,9,51,45,6,111,12,0,12,123
08/28/2008,PSP,CA,AWP,WE,Towers with Radar,9,42,11,2,64,0,1,38,0,39,9,43,49,2,103,0,0,0,103
08/29/2008,PSP,CA,AWP,WE,Towers with Radar,12,47,5,2,66,0,2,46,0,48,12,49,51,2,114,14,0,14,128
08/30/2008,PSP,CA,AWP,WE,Towers with Radar,15,36,2,2,55,0,2,19,0,21,15,38,21,2,76,0,0,0,76
08/31/2008,PSP,CA,AWP,WE,Towers with Radar,14,29,14,0,57,0,3,30,6,39,14,32,44,6,96,24,0,24,120
09/01/2008,PSP,CA,AWP,WE,Towers with Radar,12,36,9,0,57,0,2,40,0,42,12,38,49,0,99,10,0,10,109
09/02/2008,PSP,CA,AWP,WE,Towers with Radar,16,46,9,0,71,0,0,31,2,33,16,46,40,2,104,20,0,20,124
09/03/2008,PSP,CA,AWP,WE,Towers with Radar,17,42,10,3,72,0,0,27,0,27,17,42,37,3,99,6,0,6,105
09/04/2008,PSP,CA,AWP,WE,Towers with Radar,18,43,5,0,66,0,1,36,6,43,18,44,41,6,109,12,0,12,121
09/05/2008,PSP,CA,AWP,WE,Towers with Radar,20,44,6,0,70,0,0,43,0,43,20,44,49,0,113,14,0,14,127
09/06/2008,PSP,CA,AWP,WE,Towers with Radar,23,40,3,0,66,0,0,41,0,41,23,40,44,0,107,2,2,4,111
09/07/2008,PSP,CA,AWP,WE,Towers with Radar,22,41,13,0,76,0,6,46,0,52,22,47,59,0,128,24,0,24,152
09/08/2008,PSP,CA,AWP,WE,Towers with Radar,19,43,5,0,67,0,1,22,0,23,19,44,27,0,90,20,0,20,110
09/09/2008,PSP,CA,AWP,WE,Towers with Radar,18,44,0,0,62,0,0,18,1,19,18,44,18,1,81,30,0,30,111
09/10/2008,PSP,CA,AWP,WE,Towers with Radar,15,48,13,2,78,0,3,46,0,49,15,51,59,2,127,16,0,16,143
09/11/2008,PSP,CA,AWP,WE,Towers with Radar,20,53,16,2,91,0,4,30,2,36,20,57,46,4,127,4,0,4,131
09/12/2008,PSP,CA,AWP,WE,Towers with Radar,20,48,17,7,92,0,1,39,1,41,20,49,56,8,133,14,2,16,149
09/13/2008,PSP,CA,AWP,WE,Towers with Radar,22,35,9,3,69,0,0,53,7,60,22,35,62,10,129,34,0,34,163
09/14/2008,PSP,CA,AWP,WE,Towers with Radar,19,46,12,11,88,0,6,52,1,59,19,52,64,12,147,10,0,10,157
09/15/2008,PSP,CA,AWP,WE,Towers with Radar,20,37,15,0,72,0,0,35,0,35,20,37,50,0,107,28,0,28,135
09/16/2008,PSP,CA,AWP,WE,Towers with Radar,19,41,17,1,78,0,0,31,0,31,19,41,48,1,109,6,0,6,115
09/17/2008,PSP,CA,AWP,WE,Towers with Radar,17,44,15,3,79,0,2,33,0,35,17,46,48,3,114,0,0,0,114
09/18/2008,PSP,CA,AWP,WE,Towers with Radar,16,45,12,0,73,0,1,32,0,33,16,46,44,0,106,0,0,0,106
09/19/2008,PSP,CA,AWP,WE,Towers with Radar,19,45,11,1,76,0,2,61,1,64,19,47,72,2,140,22,0,22,162
09/20/2008,PSP,CA,AWP,WE,Towers with Radar,22,32,6,0,60,0,0,51,4,55,22,32,57,4,115,6,0,6,121
09/21/2008,PSP,CA,AWP,WE,Towers with Radar,20,47,9,1,77,0,0,43,1,44,20,47,52,2,121,10,0,10,131
09/22/2008,PSP,CA,AWP,WE,Towers with Radar,20,42,7,2,71,0,1,38,1,40,20,43,45,3,111,22,0,22,133
09/23/2008,PSP,CA,AWP,WE,Towers with Radar,17,48,8,1,74,0,0,30,1,31,17,48,38,2,105,14,0,14,119
09/24/2008,PSP,CA,AWP,WE,Towers with Radar,20,48,14,2,84,0,1,37,0,38,20,49,51,2,122,24,0,24,146
09/25/2008,PSP,CA,AWP,WE,Towers with Radar,18,46,17,0,81,0,0,46,1,47,18,46,63,1,128,18,0,18,146
09/26/2008,PSP,CA,AWP,WE,Towers with Radar,17,47,11,2,77,0,3,61,5,69,17,50,72,7,146,20,0,20,166
09/27/2008,PSP,CA,AWP,WE,Towers with Radar,23,34,10,3,70,0,1,39,3,43,23,35,49,6,113,34,0,34,147
09/28/2008,PSP,CA,AWP,WE,Towers with Radar,21,46,15,1,83,0,5,68,2,75,21,51,83,3,158,16,0,16,174
09/29/2008,PSP,CA,AWP,WE,Towers with Radar,20,44,10,0,74,0,0,34,10,44,20,44,44,10,118,10,0,10,128
09/30/2008,PSP,CA,AWP,WE,Towers with Radar,19,37,11,0,67,0,4,29,4,37,19,41,40,4,104,30,0,30,134
10/01/2008,PSP,CA,AWP,WE,Towers with Radar,22,4484,15,0,4521,0,5,37,0,42,22,4489,52,0,4563,12,0,12,4575
10/02/2008,PSP,CA,AWP,WE,Towers with Radar,22,42,17,0,81,0,3,43,12,58,22,45,60,12,139,44,2,46,185
10/03/2008,PSP,CA,AWP,WE,Towers with Radar,18,51,17,0,86,0,0,42,1,43,18,51,59,1,129,42,0,42,171
10/04/2008,PSP,CA,AWP,WE,Towers with Radar,25,34,11,0,70,0,5,12,6,23,25,39,23,6,93,8,0,8,101
10/05/2008,PSP,CA,AWP,WE,Towers with Radar,20,46,21,0,87,0,2,57,0,59,20,48,78,0,146,28,0,28,174
10/06/2008,PSP,CA,AWP,WE,Towers with Radar,22,48,14,2,86,0,2,48,3,53,22,50,62,5,139,50,0,50,189
10/07/2008,PSP,CA,AWP,WE,Towers with Radar,20,43,16,0,79,0,1,55,4,60,20,44,71,4,139,60,0,60,199
10/08/2008,PSP,CA,AWP,WE,Towers with Radar,25,39,26,0,90,0,2,48,7,57,25,41,74,7,147,18,2,20,167
10/09/2008,PSP,CA,AWP,WE,Towers with Radar,23,48,25,2,98,0,0,37,3,40,23,48,62,5,138,40,0,40,178
10/10/2008,PSP,CA,AWP,WE,Towers with Radar,20,51,27,4,102,0,9,40,11,60,20,60,67,15,162,0,0,0,162
10/11/2008,PSP,CA,AWP,WE,Towers with Radar,28,37,5,2,72,0,0,35,2,37,28,37,40,4,109,10,0,10,119
10/12/2008,PSP,CA,AWP,WE,Towers with Radar,21,53,20,2,96,0,1,60,0,61,21,54,80,2,157,28,0,28,185
10/13/2008,PSP,CA,AWP,WE,Towers with Radar,24,51,16,2,93,0,0,18,0,18,24,51,34,2,111,10,0,10,121
10/14/2008,PSP,CA,AWP,WE,Towers with Radar,23,46,8,3,80,0,1,42,0,43,23,47,50,3,123,14,0,14,137
10/15/2008,PSP,CA,AWP,WE,Towers with Radar,20,42,25,0,87,0,0,0,0,0,20,42,25,0,87,16,0,16,103
10/16/2008,PSP,CA,AWP,WE,Towers with Radar,26,50,17,0,93,0,3,59,0,62,26,53,76,0,155,2,0,2,157
10/17/2008,PSP,CA,AWP,WE,Towers with Radar,19,47,20,0,86,0,0,60,0,60,19,47,80,0,146,40,0,40,186
10/18/2008,PSP,CA,AWP,WE,Towers with Radar,26,43,11,0,80,0,0,75,0,75,26,43,86,0,155,14,0,14,169
10/19/2008,PSP,CA,AWP,WE,Towers with Radar,24,47,17,0,88,0,0,58,0,58,24,47,75,0,146,4,0,4,150
10/20/2008,PSP,CA,AWP,WE,Towers with Radar,24,44,23,4,95,0,2,36,0,38,24,46,59,4,133,26,0,26,159
10/21/2008,PSP,CA,AWP,WE,Towers with Radar,27,39,15,0,81,0,1,39,0,40,27,40,54,0,121,44,0,44,165
10/22/2008,PSP,CA,AWP,WE,Towers with Radar,23,55,7,0,85,0,3,33,0,36,23,58,40,0,121,62,0,62,183
10/23/2008,PSP,CA,AWP,WE,Towers with Radar,26,45,21,0,92,0,3,34,0,37,26,48,55,0,129,30,0,30,159
10/24/2008,PSP,CA,AWP,WE,Towers with Radar,19,49,25,0,93,0,1,57,1,59,19,50,82,1,152,50,0,50,202
10/25/2008,PSP,CA,AWP,WE,Towers with Radar,24,48,21,0,93,0,0,82,0,82,24,48,103,0,175,24,0,24,199
10/26/2008,PSP,CA,AWP,WE,Towers with Radar,24,51,22,0,97,0,4,73,0,77,24,55,95,0,174,30,0,30,204
10/27/2008,PSP,CA,AWP,WE,Towers with Radar,20,50,20,0,90,0,4,46,2,52,20,54,66,2,142,50,0,50,192
10/28/2008,PSP,CA,AWP,WE,Towers with Radar,26,44,12,0,82,0,4,58,0,62,26,48,70,0,144,100,0,100,244
10/29/2008,PSP,CA,AWP,WE,Towers with Radar,24,48,15,0,87,0,5,47,0,52,24,53,62,0,139,44,0,44,183
10/30/2008,PSP,CA,AWP,WE,Towers with Radar,24,51,31,2,108,0,0,45,0,45,24,51,76,2,153,54,0,54,207
10/31/2008,PSP,CA,AWP,WE,Towers with Radar,21,45,19,0,85,0,6,53,2,61,21,51,72,2,146,26,0,26,172
11/01/2008,PSP,CA,AWP,WE,Towers with Radar,28,49,13,0,90,0,7,57,1,65,28,56,70,1,155,16,0,16,171
11/02/2008,PSP,CA,AWP,WE,Towers with Radar,29,53,26,3,111,0,3,49,2,54,29,56,75,5,165,6,0,6,171
11/03/2008,PSP,CA,AWP,WE,Towers with Radar,26,50,22,2,100,0,10,41,2,53,26,60,63,4,153,0,0,0,153
11/04/2008,PSP,CA,AWP,WE,Towers with Radar,28,50,29,0,107,0,2,23,2,27,28,52,52,2,134,50,0,50,184
11/05/2008,PSP,CA,AWP,WE,Towers with Radar,30,51,29,2,112,0,0,40,11,51,30,51,69,13,163,14,4,18,181
11/06/2008,PSP,CA,AWP,WE,Towers with Radar,27,65,30,0,122,0,3,68,6,77,27,68,98,6,199,16,0,16,215
11/07/2008,PSP,CA,AWP,WE,Towers with Radar,27,55,37,0,119,0,3,46,2,51,27,58,83,2,170,2,0,2,172
11/08/2008,PSP,CA,AWP,WE,Towers with Radar,26,58,23,2,109,0,5,79,3,87,26,63,102,5,196,42,0,42,238
11/09/2008,PSP,CA,AWP,WE,Towers with Radar,36,54,44,0,134,0,4,12,0,16,36,58,56,0,150,6,0,6,156
11/10/2008,PSP,CA,AWP,WE,Towers with Radar,38,51,32,0,121,0,3,48,3,54,38,54,80,3,175,14,0,14,189
11/11/2008,PSP,CA,AWP,WE,Towers with Radar,37,52,26,1,116,0,1,56,6,63,37,53,82,7,179,10,0,10,189
11/12/2008,PSP,CA,AWP,WE,Towers with Radar,38,54,42,5,139,38,55,88,7,188,76,109,130,12,327,20,0,20,347
11/13/2008,PSP,CA,AWP,WE,Towers with Radar,34,65,28,2,129,0,1,64,8,73,34,66,92,10,202,14,2,16,218
11/14/2008,PSP,CA,AWP,WE,Towers with Radar,36,62,25,2,125,0,1,49,8,58,36,63,74,10,183,40,2,42,225
11/15/2008,PSP,CA,AWP,WE,Towers with Radar,36,45,22,1,104,0,8,47,7,62,36,53,69,8,166,16,0,16,182
11/16/2008,PSP,CA,AWP,WE,Towers with Radar,36,67,50,0,153,0,2,65,0,67,36,69,115,0,220,18,0,18,238
11/17/2008,PSP,CA,AWP,WE,Towers with Radar,36,49,19,0,104,0,0,53,10,63,36,49,72,10,167,52,2,54,221
11/18/2008,PSP,CA,AWP,WE,Towers with Radar,34,49,28,0,111,0,0,43,3,46,34,49,71,3,157,28,4,32,189
11/19/2008,PSP,CA,AWP,WE,Towers with Radar,39,64,27,0,130,39,67,85,0,191,78,131,112,0,321,18,0,18,339
11/20/2008,PSP,CA,AWP,WE,Towers with Radar,35,54,29,5,123,0,7,67,2,76,35,61,96,7,199,14,0,14,213
11/21/2008,PSP,CA,AWP,WE,Towers with Radar,37,62,23,2,124,0,5,80,7,92,37,67,103,9,216,36,0,36,252
11/22/2008,PSP,CA,AWP,WE,Towers with Radar,37,43,25,4,109,0,3,93,6,102,37,46,118,10,211,48,0,48,259
11/23/2008,PSP,CA,AWP,WE,Towers with Radar,35,63,28,3,129,0,1,64,1,66,35,64,92,4,195,74,0,74,269
11/24/2008,PSP,CA,AWP,WE,Towers with Radar,40,58,25,0,123,0,2,40,0,42,40,60,65,0,165,50,0,50,215
11/25/2008,PSP,CA,AWP,WE,Towers with Radar,36,54,40,2,132,0,3,45,1,49,36,57,85,3,181,50,0,50,231
11/26/2008,PSP,CA,AWP,WE,Towers with Radar,38,63,38,0,139,0,1,16,0,17,38,64,54,0,156,42,0,42,198
11/27/2008,PSP,CA,AWP,WE,Towers with Radar,25,31,15,0,71,0,2,23,0,25,25,33,38,0,96,30,0,30,126
11/28/2008,PSP,CA,AWP,WE,Towers with Radar,35,50,23,0,108,0,18,59,0,77,35,68,82,0,185,26,0,26,211
11/29/2008,PSP,CA,AWP,WE,Towers with Radar,38,70,27,0,135,0,9,90,0,99,38,79,117,0,234,86,0,86,320
11/30/2008,PSP,CA,AWP,WE,Towers with Radar,41,89,57,0,187,0,1,112,0,113,41,90,169,0,300,32,0,32,332
12/01/2008,PSP,CA,AWP,WE,Towers with Radar,40,62,30,0,132,0,6,55,0,61,40,68,85,0,193,0,0,0,193
12/02/2008,PSP,CA,AWP,WE,Towers with Radar,34,58,20,0,112,0,0,36,0,36,34,58,56,0,148,20,0,20,168
12/03/2008,PSP,CA,AWP,WE,Towers with Radar,36,46,31,5,118,0,0,66,2,68,36,46,97,7,186,40,0,40,226
12/04/2008,PSP,CA,AWP,WE,Towers with Radar,34,40,19,1,94,0,5,54,0,59,34,45,73,1,153,68,0,68,221
12/05/2008,PSP,CA,AWP,WE,Towers with Radar,34,54,21,0,109,0,2,66,0,68,34,56,87,0,177,30,0,30,207
12/06/2008,PSP,CA,AWP,WE,Towers with Radar,94,40,11,1,146,0,1,113,1,115,94,41,124,2,261,112,0,112,373
12/07/2008,PSP,CA,AWP,WE,Towers with Radar,35,46,30,2,113,0,3,55,3,61,35,49,85,5,174,50,0,50,224
12/08/2008,PSP,CA,AWP,WE,Towers with Radar,41,53,25,2,121,0,3,48,1,52,41,56,73,3,173,24,0,24,197
12/09/2008,PSP,CA,AWP,WE,Towers with Radar,36,45,13,0,94,0,0,28,0,28,36,45,41,0,122,28,0,28,150
12/10/2008,PSP,CA,AWP,WE,Towers with Radar,33,51,17,3,104,0,3,39,4,46,33,54,56,7,150,22,0,22,172
12/11/2008,PSP,CA,AWP,WE,Towers with Radar,36,62,22,2,122,0,2,53,0,55,36,64,75,2,177,56,0,56,233
12/12/2008,PSP,CA,AWP,WE,Towers with Radar,39,48,17,0,104,0,3,114,1,118,39,51,131,1,222,58,0,58,280
12/13/2008,PSP,CA,AWP,WE,Towers with Radar,35,41,13,2,91,0,2,31,1,34,35,43,44,3,125,20,0,20,145
12/14/2008,PSP,CA,AWP,WE,Towers with Radar,40,47,21,2,110,0,0,64,2,66,40,47,85,4,176,58,0,58,234
12/15/2008,PSP,CA,AWP,WE,Towers with Radar,37,55,17,0,109,0,0,7,0,7,37,55,24,0,116,56,0,56,172
12/16/2008,PSP,CA,AWP,WE,Towers with Radar,38,44,18,0,100,0,0,30,0,30,38,44,48,0,130,32,0,32,162
12/17/2008,PSP,CA,AWP,WE,Towers with Radar,33,47,6,0,86,0,0,1,0,1,33,47,7,0,87,0,0,0,87
12/18/2008,PSP,CA,AWP,WE,Towers with Radar,40,45,16,0,101,0,0,49,5,54,40,45,65,5,155,28,0,28,183
12/19/2008,PSP,CA,AWP,WE,Towers with Radar,40,47,22,1,110,0,0,72,6,78,40,47,94,7,188,30,0,30,218
12/20/2008,PSP,CA,AWP,WE,Towers with Radar,42,47,24,0,113,0,4,75,0,79,42,51,99,0,192,68,0,68,260
12/21/2008,PSP,CA,AWP,WE,Towers with Radar,31,45,14,0,90,0,0,58,3,61,31,45,72,3,151,20,0,20,171
12/22/2008,PSP,CA,AWP,WE,Towers with Radar,37,59,18,2,116,0,4,19,0,23,37,63,37,2,139,10,0,10,149
12/23/2008,PSP,CA,AWP,WE,Towers with Radar,42,48,18,2,110,0,1,32,2,35,42,49,50,4,145,50,0,50,195
12/24/2008,PSP,CA,AWP,WE,Towers with Radar,33,41,5,2,81,0,0,19,2,21,33,41,24,4,102,18,0,18,120
12/25/2008,PSP,CA,AWP,WE,Towers with Radar,39,56,8,0,103,0,0,5,0,5,39,56,13,0,108,0,0,0,108
12/26/2008,PSP,CA,AWP,WE,Towers with Radar,37,85,42,0,164,0,2,22,0,24,37,87,64,0,188,10,0,10,198
12/27/2008,PSP,CA,AWP,WE,Towers with Radar,40,64,41,0,145,0,2,108,0,110,40,66,149,0,255,30,0,30,285
12/28/2008,PSP,CA,AWP,WE,Towers with Radar,40,52,27,0,119,0,3,90,0,93,40,55,117,0,212,48,0,48,260
12/29/2008,PSP,CA,AWP,WE,Towers with Radar,40,56,29,4,129,0,0,66,0,66,40,56,95,4,195,6,4,10,205
12/30/2008,PSP,CA,AWP,WE,Towers with Radar,41,58,35,1,135,0,0,80,2,82,41,58,115,3,217,50,0,50,267
12/31/2008,PSP,CA,AWP,WE,Towers with Radar,41,52,21,0,114,0,11,64,0,75,41,63,85,0,189,56,0,56,245
01/01/2009,PSP,CA,AWP,WE,Towers with Radar,38,49,8,0,95,0,6,43,0,49,38,55,51,0,144,10,0,10,154
01/02/2009,PSP,CA,AWP,WE,Towers with Radar,37,76,34,0,147,0,22,70,0,92,37,98,104,0,239,66,0,66,305
01/03/2009,PSP,CA,AWP,WE,Towers with Radar,41,56,26,0,123,0,13,55,0,68,41,69,81,0,191,24,0,24,215
01/04/2009,PSP,CA,AWP,WE,Towers with Radar,36,65,27,0,128,0,4,50,0,54,36,69,77,0,182,0,0,0,182
01/05/2009,PSP,CA,AWP,WE,Towers with Radar,44,65,31,0,140,0,2,38,0,40,44,67,69,0,180,12,0,12,192
01/06/2009,PSP,CA,AWP,WE,Towers with Radar,40,49,42,2,133,0,0,54,1,55,40,49,96,3,188,4,0,4,192
01/07/2009,PSP,CA,AWP,WE,Towers with Radar,55,58,40,3,156,0,0,63,8,71,55,58,103,11,227,40,0,40,267
01/08/2009,PSP,CA,AWP,WE,Towers with Radar,37,55,22,0,114,0,0,73,3,76,37,55,95,3,190,64,0,64,254
01/09/2009,PSP,CA,AWP,WE,Towers with Radar,45,56,22,1,124,0,2,46,5,53,45,58,68,6,177,46,0,46,223
01/10/2009,PSP,CA,AWP,WE,Towers with Radar,45,49,13,0,107,0,1,53,8,62,45,50,66,8,169,74,0,74,243
01/11/2009,PSP,CA,AWP,WE,Towers with Radar,41,55,28,0,124,0,1,58,0,59,41,56,86,0,183,40,0,40,223
01/12/2009,PSP,CA,AWP,WE,Towers with Radar,45,48,25,2,120,0,1,63,13,77,45,49,88,15,197,76,0,76,273
01/13/2009,PSP,CA,AWP,WE,Towers with Radar,37,49,26,0,112,0,0,44,4,48,37,49,70,4,160,30,2,32,192
01/14/2009,PSP,CA,AWP,WE,Towers with Radar,45,44,25,0,114,0,0,63,5,68,45,44,88,5,182,42,0,42,224
01/15/2009,PSP,CA,AWP,WE,Towers with Radar,43,56,27,0,126,0,5,80,11,96,43,61,107,11,222,42,0,42,264
01/16/2009,PSP,CA,AWP,WE,Towers with Radar,44,59,36,6,145,0,7,102,16,125,44,66,138,22,270,40,0,40,310
01/17/2009,PSP,CA,AWP,WE,Towers with Radar,44,41,32,20,137,0,13,99,10,122,44,54,131,30,259,46,2,48,307
01/18/2009,PSP,CA,AWP,WE,Towers with Radar,48,62,21,4,135,0,3,115,2,120,48,65,136,6,255,46,0,46,301
01/19/2009,PSP,CA,AWP,WE,Towers with Radar,46,48,32,0,126,0,0,102,3,105,46,48,134,3,231,60,0,60,291
01/20/2009,PSP,CA,AWP,WE,Towers with Radar,44,54,44,4,146,0,1,60,4,65,44,55,104,8,211,50,0,50,261
01/21/2009,PSP,CA,AWP,WE,Towers with Radar,44,60,32,5,141,0,3,46,8,57,44,63,78,13,198,72,4,76,274
01/22/2009,PSP,CA,AWP,WE,Towers with Radar,45,54,35,0,134,0,0,22,12,34,45,54,57,12,168,22,0,22,190
01/23/2009,PSP,CA,AWP,WE,Towers with Radar,44,59,44,13,160,0,3,60,10,73,44,62,104,23,233,30,4,34,267
01/24/2009,PSP,CA,AWP,WE,Towers with Radar,43,51,26,0,120,0,7,68,5,80,43,58,94,5,200,62,0,62,262
01/25/2009,PSP,CA,AWP,WE,Towers with Radar,42,70,40,1,153,0,4,45,0,49,42,74,85,1,202,44,0,44,246
01/26/2009,PSP,CA,AWP,WE,Towers with Radar,44,55,38,1,138,0,0,49,8,57,44,55,87,9,195,100,0,100,295
01/27/2009,PSP,CA,AWP,WE,Towers with Radar,44,50,22,0,116,0,1,37,12,50,44,51,59,12,166,50,0,50,216
01/28/2009,PSP,CA,AWP,WE,Towers with Radar,45,61,19,0,125,0,0,61,11,72,45,61,80,11,197,50,0,50,247
01/29/2009,PSP,CA,AWP,WE,Towers with Radar,43,50,24,0,117,0,0,44,0,44,43,50,68,0,161,74,0,74,235
01/30/2009,PSP,CA,AWP,WE,Towers with Radar,42,48,34,7,131,0,6,78,6,90,42,54,112,13,221,84,0,84,305
01/31/2009,PSP,CA,AWP,WE,Towers with Radar,41,51,29,11,132,0,11,95,5,111,41,62,124,16,243,58,0,58,301
02/01/2009,PSP,CA,AWP,WE,Towers with Radar,45,50,24,3,122,0,7,63,6,76,45,57,87,9,198,22,4,26,224
02/02/2009,PSP,CA,AWP,WE,Towers with Radar,43,54,36,0,133,0,6,58,4,68,43,60,94,4,201,56,0,56,257
02/03/2009,PSP,CA,AWP,WE,Towers with Radar,39,49,17,0,105,0,2,49,0,51,39,51,66,0,156,52,0,52,208
02/04/2009,PSP,CA,AWP,WE,Towers with Radar,48,48,29,4,129,0,6,61,4,71,48,54,90,8,200,52,0,52,252
02/05/2009,PSP,CA,AWP,WE,Towers with Radar,44,74,37,2,157,0,0,37,0,37,44,74,74,2,194,18,0,18,212
02/06/2009,PSP,CA,AWP,WE,Towers with Radar,42,45,35,0,122,0,1,17,7,25,42,46,52,7,147,12,2,14,161
02/07/2009,PSP,CA,AWP,WE,Towers with Radar,44,47,32,3,126,0,1,15,2,18,44,48,47,5,144,50,0,50,194
02/08/2009,PSP,CA,AWP,WE,Towers with Radar,43,63,45,6,157,0,2,13,0,15,43,65,58,6,172,0,0,0,172
02/09/2009,PSP,CA,AWP,WE,Towers with Radar,45,48,22,2,117,0,0,9,0,9,45,48,31,2,126,0,0,0,126
02/10/2009,PSP,CA,AWP,WE,Towers with Radar,41,44,24,0,109,0,3,51,0,54,41,47,75,0,163,52,0,52,215
02/11/2009,PSP,CA,AWP,WE,Towers with Radar,47,46,28,0,121,0,0,45,1,46,47,46,73,1,167,26,0,26,193
02/12/2009,PSP,CA,AWP,WE,Towers with Radar,47,54,52,0,153,0,0,53,1,54,47,54,105,1,207,2,0,2,209
02/13/2009,PSP,CA,AWP,WE,Towers with Radar,47,73,33,2,155,0,0,37,3,40,47,73,70,5,195,0,0,0,195
02/14/2009,PSP,CA,AWP,WE,Towers with Radar,48,55,19,0,122,0,16,96,0,112,48,71,115,0,234,32,0,32,266
02/15/2009,PSP,CA,AWP,WE,Towers with Radar,45,61,34,0,140,0,0,65,0,65,45,61,99,0,205,10,0,10,215
02/16/2009,PSP,CA,AWP,WE,Towers with Radar,44,74,34,4,156,0,0,18,0,18,44,74,52,4,174,4,0,4,178
02/17/2009,PSP,CA,AWP,WE,Towers with Radar,46,62,29,2,139,0,0,33,2,35,46,62,62,4,174,10,0,10,184
02/18/2009,PSP,CA,AWP,WE,Towers with Radar,52,59,31,0,142,0,5,70,0,75,52,64,101,0,217,50,0,50,267
02/19/2009,PSP,CA,AWP,WE,Towers with Radar,40,61,31,0,132,0,3,80,0,83,40,64,111,0,215,16,0,16,231
02/20/2009,PSP,CA,AWP,WE,Towers with Radar,45,59,26,0,130,0,4,80,6,90,45,63,106,6,220,68,6,74,294
02/21/2009,PSP,CA,AWP,WE,Towers with Radar,47,51,26,0,124,0,2,83,0,85,47,53,109,0,209,46,0,46,255
02/22/2009,PSP,CA,AWP,WE,Towers with Radar,47,74,38,0,159,0,0,56,0,56,47,74,94,0,215,48,0,48,263
02/23/2009,PSP,CA,AWP,WE,Towers with Radar,48,56,37,0,141,0,2,47,2,51,48,58,84,2,192,50,0,50,242
02/24/2009,PSP,CA,AWP,WE,Towers with Radar,52,56,17,0,125,0,5,63,2,70,52,61,80,2,195,50,2,52,247
02/25/2009,PSP,CA,AWP,WE,Towers with Radar,48,61,41,0,150,0,0,42,0,42,48,61,83,0,192,30,0,30,222
02/26/2009,PSP,CA,AWP,WE,Towers with Radar,46,60,26,0,132,0,6,55,0,61,46,66,81,0,193,46,0,46,239
02/27/2009,PSP,CA,AWP,WE,Towers with Radar,46,73,40,2,161,0,3,58,2,63,46,76,98,4,224,50,0,50,274
02/28/2009,PSP,CA,AWP,WE,Towers with Radar,47,64,32,0,143,0,1,123,2,126,47,65,155,2,269,66,0,66,335
03/01/2009,PSP,CA,AWP,WE,Towers with Radar,64,52,51,0,167,0,5,80,4,89,64,57,131,4,256,58,0,58,314
03/02/2009,PSP,CA,AWP,WE,Towers with Radar,46,59,25,2,132,0,1,43,2,46,46,60,68,4,178,38,0,38,216
03/03/2009,PSP,CA,AWP,WE,Towers with Radar,54,50,20,0,124,0,2,48,2,52,54,52,68,2,176,14,0,14,190
03/04/2009,PSP,CA,AWP,WE,Towers with Radar,54,57,29,0,140,0,5,17,0,22,54,62,46,0,162,10,0,10,172
03/05/2009,PSP,CA,AWP,WE,Towers with Radar,49,62,29,0,140,0,1,35,0,36,49,63,64,0,176,18,0,18,194
03/06/2009,PSP,CA,AWP,WE,Towers with Radar,49,60,26,1,136,0,3,41,0,44,49,63,67,1,180,22,0,22,202
03/07/2009,PSP,CA,AWP,WE,Towers with Radar,51,57,24,0,132,0,1,90,0,91,51,58,114,0,223,116,0,116,339
03/08/2009,PSP,CA,AWP,WE,Towers with Radar,63,62,31,1,157,0,8,83,3,94,63,70,114,4,251,44,0,44,295
03/09/2009,PSP,CA,AWP,WE,Towers with Radar,51,58,21,0,130,0,7,39,0,46,51,65,60,0,176,8,0,8,184
03/10/2009,PSP,CA,AWP,WE,Towers with Radar,49,72,29,3,153,0,1,86,5,92,49,73,115,8,245,12,0,12,257
03/11/2009,PSP,CA,AWP,WE,Towers with Radar,54,57,33,0,144,0,9,39,2,50,54,66,72,2,194,18,0,18,212
03/12/2009,PSP,CA,AWP,WE,Towers with Radar,48,76,25,0,149,0,3,58,0,61,48,79,83,0,210,24,0,24,234
03/13/2009,PSP,CA,AWP,WE,Towers with Radar,52,63,26,1,142,0,4,76,0,80,52,67,102,1,222,22,0,22,244
03/14/2009,PSP,CA,AWP,WE,Towers with Radar,54,62,26,0,142,0,4,63,0,67,54,66,89,0,209,8,0,8,217
03/15/2009,PSP,CA,AWP,WE,Towers with Radar,56,60,47,0,163,0,3,51,1,55,56,63,98,1,218,10,0,10,228
03/16/2009,PSP,CA,AWP,WE,Towers with Radar,50,59,34,0,143,0,3,76,0,79,50,62,110,0,222,20,0,20,242
03/17/2009,PSP,CA,AWP,WE,Towers with Radar,54,66,27,2,149,0,2,40,0,42,54,68,67,2,191,100,0,100,291
03/18/2009,PSP,CA,AWP,WE,Towers with Radar,52,57,46,1,156,0,5,50,5,60,52,62,96,6,216,8,2,10,226
03/19/2009,PSP,CA,AWP,WE,Towers with Radar,50,70,37,0,157,0,2,47,0,49,50,72,84,0,206,28,0,28,234
03/20/2009,PSP,CA,AWP,WE,Towers with Radar,56,58,27,2,143,0,3,82,0,85,56,61,109,2,228,24,0,24,252
03/21/2009,PSP,CA,AWP,WE,Towers with Radar,53,73,29,0,155,0,0,77,0,77,53,73,106,0,232,24,0,24,256
03/22/2009,PSP,CA,AWP,WE,Towers with Radar,47,61,39,0,147,0,3,9,2,14,47,64,48,2,161,24,0,24,185
03/23/2009,PSP,CA,AWP,WE,Towers with Radar,56,74,33,4,167,0,1,40,0,41,56,75,73,4,208,20,0,20,228
03/24/2009,PSP,CA,AWP,WE,Towers with Radar,56,68,22,0,146,0,6,45,0,51,56,74,67,0,197,20,0,20,217
03/25/2009,PSP,CA,AWP,WE,Towers with Radar,53,67,19,0,139,53,69,84,0,206,106,136,103,0,345,30,0,30,375
03/26/2009,PSP,CA,AWP,WE,Towers with Radar,52,64,27,0,143,0,3,48,0,51,52,67,75,0,194,16,0,16,210
03/27/2009,PSP,CA,AWP,WE,Towers with Radar,50,56,40,2,148,0,10,63,4,77,50,66,103,6,225,38,0,38,263
03/28/2009,PSP,CA,AWP,WE,Towers with Radar,52,58,39,0,149,0,9,90,3,102,52,67,129,3,251,56,0,56,307
03/29/2009,PSP,CA,AWP,WE,Towers with Radar,64,69,40,0,173,0,3,50,4,57,64,72,90,4,230,34,0,34,264
03/30/2009,PSP,CA,AWP,WE,Towers with Radar,52,60,22,1,135,0,2,46,12,60,52,62,68,13,195,50,0,50,245
03/31/2009,PSP,CA,AWP,WE,Towers with Radar,54,58,18,0,130,0,0,63,12,75,54,58,81,12,205,20,0,20,225
04/01/2009,PSP,CA,AWP,WE,Towers with Radar,49,62,18,0,129,0,2,45,0,47,49,64,63,0,176,50,0,50,226
04/02/2009,PSP,CA,AWP,WE,Towers with Radar,42,65,14,3,124,0,0,32,3,35,42,65,46,6,159,26,0,26,185
04/03/2009,PSP,CA,AWP,WE,Towers with Radar,46,59,13,1,119,0,0,32,0,32,46,59,45,1,151,36,0,36,187
04/04/2009,PSP,CA,AWP,WE,Towers with Radar,54,54,19,2,129,0,0,66,27,93,54,54,85,29,222,13,4,17,239
04/05/2009,PSP,CA,AWP,WE,Towers with Radar,49,65,36,4,154,0,5,92,0,97,49,70,128,4,251,14,0,14,265
04/06/2009,PSP,CA,AWP,WE,Towers with Radar,41,57,25,1,124,0,0,56,11,67,41,57,81,12,191,50,0,50,241
04/07/2009,PSP,CA,AWP,WE,Towers with Radar,39,60,18,0,117,0,11,48,4,63,39,71,66,4,180,20,0,20,200
04/08/2009,PSP,CA,AWP,WE,Towers with Radar,45,73,29,0,147,0,2,19,18,39,45,75,48,18,186,10,0,10,196
04/09/2009,PSP,CA,AWP,WE,Towers with Radar,40,77,52,2,171,0,1,58,24,83,40,78,110,26,254,44,0,44,298
04/10/2009,PSP,CA,AWP,WE,Towers with Radar,41,67,22,2,132,0,4,28,0,32,41,71,50,2,164,22,40,62,226
04/11/2009,PSP,CA,AWP,WE,Towers with Radar,41,57,15,0,113,0,1,58,2,61,41,58,73,2,174,42,0,42,216
04/12/2009,PSP,CA,AWP,WE,Towers with Radar,43,61,30,3,137,0,6,50,0,56,43,67,80,3,193,20,0,20,213
04/13/2009,PSP,CA,AWP,WE,Towers with Radar,40,60,41,0,141,0,0,60,0,60,40,60,101,0,201,22,0,22,223
04/14/2009,PSP,CA,AWP,WE,Towers with Radar,42,55,19,0,116,0,2,31,0,33,42,57,50,0,149,50,0,50,199
04/15/2009,PSP,CA,AWP,WE,Towers with Radar,36,55,38,0,129,0,0,9,0,9,36,55,47,0,138,0,0,0,138
04/16/2009,PSP,CA,AWP,WE,Towers with Radar,36,68,27,0,131,0,1,79,0,80,36,69,106,0,211,14,0,14,225
04/17/2009,PSP,CA,AWP,WE,Towers with Radar,31,75,27,0,133,0,2,103,2,107,31,77,130,2,240,30,0,30,270
04/18/2009,PSP,CA,AWP,WE,Towers with Radar,38,55,19,2,114,0,0,112,4,116,38,55,131,6,230,140,0,140,370
04/19/2009,PSP,CA,AWP,WE,Towers with Radar,43,77,31,0,151,0,1,68,0,69,43,78,99,0,220,28,0,28,248
04/20/2009,PSP,CA,AWP,WE,Towers with Radar,38,60,22,0,120,0,2,61,0,63,38,62,83,0,183,50,0,50,233
04/21/2009,PSP,CA,AWP,WE,Towers with Radar,38,55,20,0,113,0,0,50,0,50,38,55,70,0,163,100,0,100,263
04/22/2009,PSP,CA,AWP,WE,Towers with Radar,39,67,14,1,121,0,0,41,2,43,39,67,55,3,164,68,4,72,236
04/23/2009,PSP,CA,AWP,WE,Towers with Radar,39,55,21,2,117,0,2,40,5,47,39,57,61,7,164,48,0,48,212
04/24/2009,PSP,CA,AWP,WE,Towers with Radar,33,63,28,2,126,0,5,40,0,45,33,68,68,2,171,66,0,66,237
04/25/2009,PSP,CA,AWP,WE,Towers with Radar,33,46,17,0,96,0,1,36,0,37,33,47,53,0,133,21,0,21,154
04/26/2009,PSP,CA,AWP,WE,Towers with Radar,38,45,33,0,116,0,0,75,0,75,38,45,108,0,191,34,0,34,225
04/27/2009,PSP,CA,AWP,WE,Towers with Radar,38,52,23,2,115,0,2,58,2,62,38,54,81,4,177,50,0,50,227
04/28/2009,PSP,CA,AWP,WE,Towers with Radar,40,60,35,0,135,0,7,46,0,53,40,67,81,0,188,50,0,50,238
04/29/2009,PSP,CA,AWP,WE,Towers with Radar,33,66,29,0,128,0,5,42,0,47,33,71,71,0,175,6,0,6,181
04/30/2009,PSP,CA,AWP,WE,Towers with Radar,33,68,30,0,131,0,2,74,0,76,33,70,104,0,207,100,0,100,307
05/01/2009,PSP,CA,AWP,WE,Towers with Radar,35,52,36,3,126,0,5,82,3,90,35,57,118,6,216,56,2,58,274
05/02/2009,PSP,CA,AWP,WE,Towers with Radar,37,44,24,3,108,0,1,39,0,40,37,45,63,3,148,52,0,52,200
05/03/2009,PSP,CA,AWP,WE,Towers with Radar,35,61,19,3,118,0,1,93,0,94,35,62,112,3,212,62,0,62,274
05/04/2009,PSP,CA,AWP,WE,Towers with Radar,36,58,21,0,115,0,0,48,2,50,36,58,69,2,165,30,0,30,195
05/05/2009,PSP,CA,AWP,WE,Towers with Radar,32,53,18,0,103,0,6,33,0,39,32,59,51,0,142,50,0,50,192
05/06/2009,PSP,CA,AWP,WE,Towers with Radar,29,60,22,0,111,0,0,70,5,75,29,60,92,5,186,60,0,60,246
05/07/2009,PSP,CA,AWP,WE,Towers with Radar,27,59,36,0,122,0,1,66,4,71,27,60,102,4,193,70,0,70,263
05/08/2009,PSP,CA,AWP,WE,Towers with Radar,25,62,33,0,120,0,0,77,5,82,25,62,110,5,202,32,0,32,234
05/09/2009,PSP,CA,AWP,WE,Towers with Radar,32,46,17,0,95,0,1,76,6,83,32,47,93,6,178,26,0,26,204
05/10/2009,PSP,CA,AWP,WE,Towers with Radar,32,65,19,2,118,0,1,58,0,59,32,66,77,2,177,2,0,2,179
05/11/2009,PSP,CA,AWP,WE,Towers with Radar,28,46,20,0,94,0,4,52,12,68,28,50,72,12,162,50,0,50,212
05/12/2009,PSP,CA,AWP,WE,Towers with Radar,30,53,21,0,104,0,4,36,3,43,30,57,57,3,147,50,0,50,197
05/13/2009,PSP,CA,AWP,WE,Towers with Radar,26,48,14,0,88,0,2,58,11,71,26,50,72,11,159,48,0,48,207
05/14/2009,PSP,CA,AWP,WE,Towers with Radar,28,63,21,0,112,0,3,63,4,70,28,66,84,4,182,34,0,34,216
05/15/2009,PSP,CA,AWP,WE,Towers with Radar,24,60,31,0,115,0,4,53,1,58,24,64,84,1,173,36,0,36,209
05/16/2009,PSP,CA,AWP,WE,Towers with Radar,40,51,20,2,113,0,2,73,0,75,40,53,93,2,188,22,0,22,210
05/17/2009,PSP,CA,AWP,WE,Towers with Radar,23,61,24,5,113,0,4,47,1,52,23,65,71,6,165,14,0,14,179
05/18/2009,PSP,CA,AWP,WE,Towers with Radar,18,48,16,2,84,3,13,40,0,56,21,61,56,2,140,10,0,10,150
05/19/2009,PSP,CA,AWP,WE,Towers with Radar,16,53,18,0,87,0,4,44,10,58,16,57,62,10,145,60,0,60,205
05/20/2009,PSP,CA,AWP,WE,Towers with Radar,18,56,21,0,95,0,2,41,4,47,18,58,62,4,142,50,0,50,192
05/21/2009,PSP,CA,AWP,WE,Towers with Radar,22,57,23,0,102,0,1,46,15,62,22,58,69,15,164,4,4,8,172
05/22/2009,PSP,CA,AWP,WE,Towers with Radar,15,59,17,0,91,0,4,58,8,70,15,63,75,8,161,8,0,8,169
05/23/2009,PSP,CA,AWP,WE,Towers with Radar,22,32,8,0,62,0,2,78,0,80,22,34,86,0,142,20,0,20,162
05/24/2009,PSP,CA,AWP,WE,Towers with Radar,21,32,20,0,73,0,10,62,0,72,21,42,82,0,145,50,0,50,195
05/25/2009,PSP,CA,AWP,WE,Towers with Radar,17,52,19,0,88,1,8,58,0,67,18,60,77,0,155,70,0,70,225
05/26/2009,PSP,CA,AWP,WE,Towers with Radar,18,56,17,0,91,0,0,35,0,35,18,56,52,0,126,30,0,30,156
05/27/2009,PSP,CA,AWP,WE,Towers with Radar,20,49,17,1,87,0,3,41,5,49,20,52,58,6,136,0,0,0,136
05/28/2009,PSP,CA,AWP,WE,Towers with Radar,18,52,18,4,92,0,6,33,4,43,18,58,51,8,135,48,18,66,201
05/29/2009,PSP,CA,AWP,WE,Towers with Radar,16,55,13,2,86,0,1,28,1,30,16,56,41,3,116,70,0,70,186
05/30/2009,PSP,CA,AWP,WE,Towers with Radar,26,36,5,0,67,0,4,39,2,45,26,40,44,2,112,40,0,40,152
05/31/2009,PSP,CA,AWP,WE,Towers with Radar,20,53,21,2,96,0,2,43,2,47,20,55,64,4,143,0,0,0,143
06/01/2009,PSP,CA,AWP,WE,Towers with Radar,18,48,10,2,78,0,1,37,3,41,18,49,47,5,119,50,0,50,169
06/02/2009,PSP,CA,AWP,WE,Towers with Radar,14,51,16,0,81,0,5,35,4,44,14,56,51,4,125,50,2,52,177
06/03/2009,PSP,CA,AWP,WE,Towers with Radar,16,52,20,0,88,0,6,39,0,45,16,58,59,0,133,20,0,20,153
06/04/2009,PSP,CA,AWP,WE,Towers with Radar,16,38,13,0,67,0,4,32,0,36,16,42,45,0,103,0,0,0,103
06/05/2009,PSP,CA,AWP,WE,Towers with Radar,13,47,18,2,80,0,6,27,3,36,13,53,45,5,116,18,0,18,134
06/06/2009,PSP,CA,AWP,WE,Towers with Radar,14,43,20,0,77,0,10,45,0,55,14,53,65,0,132,10,0,10,142
06/07/2009,PSP,CA,AWP,WE,Towers with Radar,15,47,26,1,89,0,5,58,1,64,15,52,84,2,153,28,2,30,183
06/08/2009,PSP,CA,AWP,WE,Towers with Radar,12,43,11,0,66,0,3,35,2,40,12,46,46,2,106,50,0,50,156
06/09/2009,PSP,CA,AWP,WE,Towers with Radar,16,44,9,0,69,0,0,43,0,43,16,44,52,0,112,10,0,10,122
06/10/2009,PSP,CA,AWP,WE,Towers with Radar,12,43,14,0,69,0,2,40,2,44,12,45,54,2,113,10,0,10,123
06/11/2009,PSP,CA,AWP,WE,Towers with Radar,8,47,15,0,70,0,0,15,0,15,8,47,30,0,85,34,0,34,119
06/12/2009,PSP,CA,AWP,WE,Towers with Radar,17,42,21,0,80,0,2,39,0,41,17,44,60,0,121,42,0,42,163
06/13/2009,PSP,CA,AWP,WE,Towers with Radar,15,41,17,0,73,0,2,45,0,47,15,43,62,0,120,10,0,10,130
06/14/2009,PSP,CA,AWP,WE,Towers with Radar,15,45,11,4,75,0,3,54,0,57,15,48,65,4,132,26,0,26,158
06/15/2009,PSP,CA,AWP,WE,Towers with Radar,10,58,12,0,80,0,2,40,1,43,10,60,52,1,123,50,0,50,173
06/16/2009,PSP,CA,AWP,WE,Towers with Radar,10,50,3,2,65,0,5,64,0,69,10,55,67,2,134,60,0,60,194
06/17/2009,PSP,CA,AWP,WE,Towers with Radar,9,44,5,0,58,0,4,65,4,73,9,48,70,4,131,4,0,4,135
06/18/2009,PSP,CA,AWP,WE,Towers with Radar,12,45,7,0,64,0,1,46,0,47,12,46,53,0,111,8,0,8,119
06/19/2009,PSP,CA,AWP,WE,Towers with Radar,12,37,12,0,61,0,5,77,1,83,12,42,89,1,144,36,0,36,180
06/20/2009,PSP,CA,AWP,WE,Towers with Radar,10,42,8,0,60,0,5,66,4,75,10,47,74,4,135,78,0,78,213
06/21/2009,PSP,CA,AWP,WE,Towers with Radar,14,45,8,5,72,0,7,50,1,58,14,52,58,6,130,70,0,70,200
06/22/2009,PSP,CA,AWP,WE,Towers with Radar,10,45,12,4,71,0,3,48,0,51,10,48,60,4,122,30,0,30,152
06/23/2009,PSP,CA,AWP,WE,Towers with Radar,12,42,9,0,63,0,0,61,0,61,12,42,70,0,124,60,10,70,194
06/24/2009,PSP,CA,AWP,WE,Towers with Radar,14,44,5,0,63,0,4,50,0,54,14,48,55,0,117,10,0,10,127
06/25/2009,PSP,CA,AWP,WE,Towers with Radar,12,47,6,2,67,0,3,53,0,56,12,50,59,2,123,52,0,52,175
06/26/2009,PSP,CA,AWP,WE,Towers with Radar,13,48,11,0,72,0,3,64,5,72,13,51,75,5,144,46,0,46,190
06/27/2009,PSP,CA,AWP,WE,Towers with Radar,11,44,7,3,65,0,3,48,8,59,11,47,55,11,124,6,0,6,130
06/28/2009,PSP,CA,AWP,WE,Towers with Radar,13,54,8,2,77,0,2,51,4,57,13,56,59,6,134,26,0,26,160
06/29/2009,PSP,CA,AWP,WE,Towers with Radar,11,42,9,0,62,0,1,32,0,33,11,43,41,0,95,32,0,32,127
06/30/2009,PSP,CA,AWP,WE,Towers with Radar,10,46,3,2,61,0,0,49,0,49,10,46,52,2,110,20,0,20,130
07/01/2009,PSP,CA,AWP,WE,Towers with Radar,10,47,12,0,69,0,0,36,2,38,10,47,48,2,107,16,0,16,123
07/02/2009,PSP,CA,AWP,WE,Towers with Radar,12,43,9,1,65,0,2,66,1,69,12,45,75,2,134,24,0,24,158
07/03/2009,PSP,CA,AWP,WE,Towers with Radar,13,34,2,0,49,0,0,32,0,32,13,34,34,0,81,0,0,0,81
07/04/2009,PSP,CA,AWP,WE,Towers with Radar,10,31,0,0,41,0,0,54,0,54,10,31,54,0,95,18,0,18,113
07/05/2009,PSP,CA,AWP,WE,Towers with Radar,12,46,9,0,67,0,2,28,0,30,12,48,37,0,97,0,0,0,97
07/06/2009,PSP,CA,AWP,WE,Towers with Radar,10,43,8,0,61,0,2,36,0,38,10,45,44,0,99,54,0,54,153
07/07/2009,PSP,CA,AWP,WE,Towers with Radar,10,45,6,0,61,0,0,34,0,34,10,45,40,0,95,64,0,64,159
07/08/2009,PSP,CA,AWP,WE,Towers with Radar,9,46,4,2,61,0,0,32,0,32,9,46,36,2,93,46,0,46,139
07/09/2009,PSP,CA,AWP,WE,Towers with Radar,12,50,8,2,72,0,1,66,0,67,12,51,74,2,139,58,0,58,197
07/10/2009,PSP,CA,AWP,WE,Towers with Radar,12,44,6,0,62,0,2,44,4,50,12,46,50,4,112,4,0,4,116
07/11/2009,PSP,CA,AWP,WE,Towers with Radar,14,34,5,5,58,0,2,45,7,54,14,36,50,12,112,0,0,0,112
07/12/2009,PSP,CA,AWP,WE,Towers with Radar,14,44,2,0,60,0,1,43,0,44,14,45,45,0,104,10,0,10,114
07/13/2009,PSP,CA,AWP,WE,Towers with Radar,14,39,5,0,58,0,2,43,5,50,14,41,48,5,108,20,0,20,128
07/14/2009,PSP,CA,AWP,WE,Towers with Radar,16,44,4,0,64,0,3,42,0,45,16,47,46,0,109,50,0,50,159
07/15/2009,PSP,CA,AWP,WE,Towers with Radar,13,37,6,0,56,0,3,63,2,68,13,40,69,2,124,30,0,30,154
07/16/2009,PSP,CA,AWP,WE,Towers with Radar,14,43,4,2,63,0,3,47,5,55,14,46,51,7,118,4,0,4,122
07/17/2009,PSP,CA,AWP,WE,Towers with Radar,11,45,15,0,71,0,4,52,3,59,11,49,67,3,130,38,0,38,168
07/18/2009,PSP,CA,AWP,WE,Towers with Radar,11,41,5,3,60,0,3,51,0,54,11,44,56,3,114,54,0,54,168
07/19/2009,PSP,CA,AWP,WE,Towers with Radar,13,42,16,0,71,0,3,52,8,63,13,45,68,8,134,30,0,30,164
07/20/2009,PSP,CA,AWP,WE,Towers with Radar,10,47,11,0,68,0,0,49,5,54,10,47,60,5,122,20,0,20,142
07/21/2009,PSP,CA,AWP,WE,Towers with Radar,12,40,8,0,60,0,4,32,4,40,12,44,40,4,100,20,0,20,120
07/22/2009,PSP,CA,AWP,WE,Towers with Radar,14,40,6,0,60,0,3,36,4,43,14,43,42,4,103,40,0,40,143
07/23/2009,PSP,CA,AWP,WE,Towers with Radar,12,44,5,0,61,0,0,45,1,46,12,44,50,1,107,56,0,56,163
07/24/2009,PSP,CA,AWP,WE,Towers with Radar,14,40,9,1,64,0,6,43,6,55,14,46,52,7,119,64,0,64,183
07/25/2009,PSP,CA,AWP,WE,Towers with Radar,9,42,3,2,56,0,5,46,1,52,9,47,49,3,108,88,0,88,196
07/26/2009,PSP,CA,AWP,WE,Towers with Radar,14,48,8,0,70,0,1,41,0,42,14,49,49,0,112,34,0,34,146
07/27/2009,PSP,CA,AWP,WE,Towers with Radar,8,46,4,0,58,0,0,19,0,19,8,46,23,0,77,0,0,0,77
07/28/2009,PSP,CA,AWP,WE,Towers with Radar,14,38,14,0,66,0,0,25,5,30,14,38,39,5,96,2,0,2,98
07/29/2009,PSP,CA,AWP,WE,Towers with Radar,14,42,7,0,63,0,0,39,2,41,14,42,46,2,104,20,0,20,124
07/30/2009,PSP,CA,AWP,WE,Towers with Radar,9,42,12,0,63,0,1,40,0,41,9,43,52,0,104,8,0,8,112
07/31/2009,PSP,CA,AWP,WE,Towers with Radar,11,42,7,0,60,0,2,22,1,25,11,44,29,1,85,16,0,16,101
08/01/2009,PSP,CA,AWP,WE,Towers with Radar,9,47,9,1,66,0,3,33,2,38,9,50,42,3,104,38,0,38,142
08/02/2009,PSP,CA,AWP,WE,Towers with Radar,13,47,6,0,66,0,2,29,2,33,13,49,35,2,99,40,0,40,139
08/03/2009,PSP,CA,AWP,WE,Towers with Radar,10,43,14,2,69,0,1,27,0,28,10,44,41,2,97,20,0,20,117
08/04/2009,PSP,CA,AWP,WE,Towers with Radar,17,34,10,3,64,0,0,26,2,28,17,34,36,5,92,22,0,22,114
08/05/2009,PSP,CA,AWP,WE,Towers with Radar,14,40,5,2,61,0,0,40,4,44,14,40,45,6,105,8,0,8,113
08/06/2009,PSP,CA,AWP,WE,Towers with Radar,14,42,8,0,64,0,2,30,0,32,14,44,38,0,96,24,0,24,120
08/07/2009,PSP,CA,AWP,WE,Towers with Radar,17,38,8,2,65,0,5,46,0,51,17,43,54,2,116,52,0,52,168
08/08/2009,PSP,CA,AWP,WE,Towers with Radar,11,42,2,0,55,0,1,48,0,49,11,43,50,0,104,52,0,52,156
08/09/2009,PSP,CA,AWP,WE,Towers with Radar,21,46,8,0,75,0,0,41,2,43,21,46,49,2,118,18,0,18,136
08/10/2009,PSP,CA,AWP,WE,Towers with Radar,12,42,7,2,63,0,4,45,0,49,12,46,52,2,112,60,0,60,172
08/11/2009,PSP,CA,AWP,WE,Towers with Radar,12,43,8,2,65,0,6,39,1,46,12,49,47,3,111,50,0,50,161
08/12/2009,PSP,CA,AWP,WE,Towers with Radar,14,41,6,0,61,0,0,53,6,59,14,41,59,6,120,20,0,20,140
08/13/2009,PSP,CA,AWP,WE,Towers with Radar,13,45,3,2,63,0,1,29,5,35,13,46,32,7,98,68,2,70,168
08/14/2009,PSP,CA,AWP,WE,Towers with Radar,13,43,9,1,66,0,3,35,1,39,13,46,44,2,105,54,0,54,159
08/15/2009,PSP,CA,AWP,WE,Towers with Radar,11,43,2,0,56,0,5,32,2,39,11,48,34,2,95,46,0,46,141
08/16/2009,PSP,CA,AWP,WE,Towers with Radar,15,46,11,0,72,0,8,39,0,47,15,54,50,0,119,26,0,26,145
08/17/2009,PSP,CA,AWP,WE,Towers with Radar,12,47,7,0,66,0,0,32,0,32,12,47,39,0,98,44,0,44,142
08/18/2009,PSP,CA,AWP,WE,Towers with Radar,10,43,5,5,63,0,1,24,2,27,10,44,29,7,90,20,0,20,110
08/19/2009,PSP,CA,AWP,WE,Towers with Radar,9,51,10,1,71,0,0,49,2,51,9,51,59,3,122,14,2,16,138
08/20/2009,PSP,CA,AWP,WE,Towers with Radar,14,44,6,0,64,0,1,28,0,29,14,45,34,0,93,8,0,8,101
08/21/2009,PSP,CA,AWP,WE,Towers with Radar,13,44,6,0,63,0,6,33,5,44,13,50,39,5,107,44,0,44,151
08/22/2009,PSP,CA,AWP,WE,Towers with Radar,9,40,1,0,50,0,4,31,0,35,9,44,32,0,85,8,0,8,93
08/23/2009,PSP,CA,AWP,WE,Towers with Radar,17,46,5,0,68,0,4,38,3,45,17,50,43,3,113,4,0,4,117
08/24/2009,PSP,CA,AWP,WE,Towers with Radar,12,45,4,0,61,0,1,31,0,32,12,46,35,0,93,2,0,2,95
08/25/2009,PSP,CA,AWP,WE,Towers with Radar,16,41,3,1,61,0,3,38,1,42,16,44,41,2,103,10,0,10,113
08/26/2009,PSP,CA,AWP,WE,Towers with Radar,16,44,12,2,74,0,0,38,4,42,16,44,50,6,116,30,0,30,146
08/27/2009,PSP,CA,AWP,WE,Towers with Radar,8,48,3,0,59,0,2,35,0,37,8,50,38,0,96,48,0,48,144
08/28/2009,PSP,CA,AWP,WE,Towers with Radar,14,53,13,0,80,0,1,31,1,33,14,54,44,1,113,18,0,18,131
08/29/2009,PSP,CA,AWP,WE,Towers with Radar,17,37,4,1,59,0,0,34,2,36,17,37,38,3,95,46,0,46,141
08/30/2009,PSP,CA,AWP,WE,Towers with Radar,18,49,10,2,79,0,0,26,2,28,18,49,36,4,107,36,0,36,143
08/31/2009,PSP,CA,AWP,WE,Towers with Radar,18,40,4,1,63,0,0,28,2,30,18,40,32,3,93,10,1,11,104
09/01/2009,PSP,CA,AWP,WE,Towers with Radar,17,46,6,0,69,0,3,23,3,29,17,49,29,3,98,12,0,12,110
09/02/2009,PSP,CA,AWP,WE,Towers with Radar,20,46,7,0,73,0,1,36,1,38,20,47,43,1,111,10,0,10,121
09/03/2009,PSP,CA,AWP,WE,Towers with Radar,20,50,6,0,76,0,0,8,2,10,20,50,14,2,86,0,0,0,86
09/04/2009,PSP,CA,AWP,WE,Towers with Radar,20,47,7,0,74,0,1,33,2,36,20,48,40,2,110,42,0,42,152
09/05/2009,PSP,CA,AWP,WE,Towers with Radar,17,33,7,0,57,0,0,49,0,49,17,33,56,0,106,64,0,64,170
09/06/2009,PSP,CA,AWP,WE,Towers with Radar,17,44,2,0,63,0,2,47,0,49,17,46,49,0,112,4,0,4,116
09/07/2009,PSP,CA,AWP,WE,Towers with Radar,17,44,13,0,74,0,0,38,0,38,17,44,51,0,112,4,0,4,116
09/08/2009,PSP,CA,AWP,WE,Towers with Radar,24,46,9,0,79,0,0,35,0,35,24,46,44,0,114,50,0,50,164
09/09/2009,PSP,CA,AWP,WE,Towers with Radar,24,42,8,0,74,0,1,39,0,40,24,43,47,0,114,20,0,20,134
09/10/2009,PSP,CA,AWP,WE,Towers with Radar,23,44,7,0,74,0,0,45,2,47,23,44,52,2,121,30,0,30,151
09/11/2009,PSP,CA,AWP,WE,Towers with Radar,22,44,8,1,75,0,7,56,2,65,22,51,64,3,140,42,0,42,182
09/12/2009,PSP,CA,AWP,WE,Towers with Radar,24,35,12,0,71,0,2,71,2,75,24,37,83,2,146,48,0,48,194
09/13/2009,PSP,CA,AWP,WE,Towers with Radar,28,45,11,0,84,0,3,32,1,36,28,48,43,1,120,12,0,12,132
09/14/2009,PSP,CA,AWP,WE,Towers with Radar,24,40,4,4,72,0,4,37,0,41,24,44,41,4,113,20,0,20,133
09/15/2009,PSP,CA,AWP,WE,Towers with Radar,24,38,12,2,76,0,2,60,2,64,24,40,72,4,140,50,0,50,190
09/16/2009,PSP,CA,AWP,WE,Towers with Radar,23,43,13,0,79,0,2,59,1,62,23,45,72,1,141,10,0,10,151
09/17/2009,PSP,CA,AWP,WE,Towers with Radar,26,45,11,0,82,0,8,38,0,46,26,53,49,0,128,12,0,12,140
09/18/2009,PSP,CA,AWP,WE,Towers with Radar,25,40,18,2,85,0,5,48,4,57,25,45,66,6,142,44,0,44,186
09/19/2009,PSP,CA,AWP,WE,Towers with Radar,24,40,14,2,80,0,7,53,4,64,24,47,67,6,144,20,0,20,164
09/20/2009,PSP,CA,AWP,WE,Towers with Radar,28,36,10,3,77,0,0,21,0,21,28,36,31,3,98,10,0,10,108
09/21/2009,PSP,CA,AWP,WE,Towers with Radar,22,44,11,2,79,0,1,32,0,33,22,45,43,2,112,20,0,20,132
09/22/2009,PSP,CA,AWP,WE,Towers with Radar,26,40,10,1,77,0,2,25,0,27,26,42,35,1,104,10,0,10,114
09/23/2009,PSP,CA,AWP,WE,Towers with Radar,24,42,4,1,71,0,1,24,0,25,24,43,28,1,96,10,0,10,106
09/24/2009,PSP,CA,AWP,WE,Towers with Radar,27,46,10,0,83,0,1,33,2,36,27,47,43,2,119,28,2,30,149
09/25/2009,PSP,CA,AWP,WE,Towers with Radar,20,49,10,2,81,0,2,52,2,56,20,51,62,4,137,6,0,6,143
09/26/2009,PSP,CA,AWP,WE,Towers with Radar,26,35,10,0,71,0,0,45,2,47,26,35,55,2,118,8,0,8,126
09/27/2009,PSP,CA,AWP,WE,Towers with Radar,30,38,14,7,89,0,1,43,3,47,30,39,57,10,136,26,6,32,168
09/28/2009,PSP,CA,AWP,WE,Towers with Radar,22,50,10,0,82,0,0,31,0,31,22,50,41,0,113,30,0,30,143
09/29/2009,PSP,CA,AWP,WE,Towers with Radar,28,41,12,1,82,0,2,37,2,41,28,43,49,3,123,40,2,42,165
09/30/2009,PSP,CA,AWP,WE,Towers with Radar,22,46,13,1,82,0,1,36,4,41,22,47,49,5,123,40,0,40,163
10/01/2009,PSP,CA,AWP,WE,Towers with Radar,25,40,6,0,71,0,0,60,0,60,25,40,66,0,131,78,0,78,209
10/02/2009,PSP,CA,AWP,WE,Towers with Radar,20,42,10,0,72,0,0,59,0,59,20,42,69,0,131,68,0,68,199
10/03/2009,PSP,CA,AWP,WE,Towers with Radar,22,33,2,0,57,0,5,46,3,54,22,38,48,3,111,36,0,36,147
10/04/2009,PSP,CA,AWP,WE,Towers with Radar,32,34,20,0,86,0,0,40,0,40,32,34,60,0,126,88,0,88,214
10/05/2009,PSP,CA,AWP,WE,Towers with Radar,22,43,16,10,91,0,7,44,11,62,22,50,60,21,153,70,0,70,223
10/06/2009,PSP,CA,AWP,WE,Towers with Radar,26,34,20,0,80,0,0,53,6,59,26,34,73,6,139,20,0,20,159
10/07/2009,PSP,CA,AWP,WE,Towers with Radar,23,44,22,0,89,0,0,50,8,58,23,44,72,8,147,30,0,30,177
10/08/2009,PSP,CA,AWP,WE,Towers with Radar,27,42,16,0,85,0,3,57,10,70,27,45,73,10,155,40,0,40,195
10/09/2009,PSP,CA,AWP,WE,Towers with Radar,25,45,25,2,97,0,3,67,3,73,25,48,92,5,170,28,0,28,198
10/10/2009,PSP,CA,AWP,WE,Towers with Radar,22,39,10,6,77,0,6,80,1,87,22,45,90,7,164,90,0,90,254
10/11/2009,PSP,CA,AWP,WE,Towers with Radar,34,46,21,2,103,0,8,51,0,59,34,54,72,2,162,24,0,24,186
10/12/2009,PSP,CA,AWP,WE,Towers with Radar,24,44,14,1,83,0,6,47,1,54,24,50,61,2,137,50,0,50,187
10/13/2009,PSP,CA,AWP,WE,Towers with Radar,30,43,10,3,86,0,2,25,2,29,30,45,35,5,115,50,0,50,165
10/14/2009,PSP,CA,AWP,WE,Towers with Radar,22,49,13,3,87,0,0,26,4,30,22,49,39,7,117,0,0,0,117
10/15/2009,PSP,CA,AWP,WE,Towers with Radar,24,37,25,2,88,0,3,76,18,97,24,40,101,20,185,30,0,30,215
10/16/2009,PSP,CA,AWP,WE,Towers with Radar,25,43,16,0,84,0,1,54,6,61,25,44,70,6,145,78,0,78,223
10/17/2009,PSP,CA,AWP,WE,Towers with Radar,25,43,13,0,81,0,4,63,3,70,25,47,76,3,151,92,0,92,243
10/18/2009,PSP,CA,AWP,WE,Towers with Radar,34,45,23,1,103,0,2,50,1,53,34,47,73,2,156,10,0,10,166
10/19/2009,PSP,CA,AWP,WE,Towers with Radar,22,50,15,0,87,0,0,29,3,32,22,50,44,3,119,2,0,2,121
10/20/2009,PSP,CA,AWP,WE,Towers with Radar,30,38,14,1,83,0,0,22,4,26,30,38,36,5,109,10,0,10,119
10/21/2009,PSP,CA,AWP,WE,Towers with Radar,27,42,11,2,82,0,0,44,2,46,27,42,55,4,128,28,0,28,156
10/22/2009,PSP,CA,AWP,WE,Towers with Radar,27,49,17,8,101,0,3,44,0,47,27,52,61,8,148,14,0,14,162
10/23/2009,PSP,CA,AWP,WE,Towers with Radar,27,50,16,0,93,0,3,75,0,78,27,53,91,0,171,66,0,66,237
10/24/2009,PSP,CA,AWP,WE,Towers with Radar,26,39,15,3,83,0,11,82,4,97,26,50,97,7,180,46,2,48,228
10/25/2009,PSP,CA,AWP,WE,Towers with Radar,32,44,13,3,92,0,2,54,0,56,32,46,67,3,148,30,0,30,178
10/26/2009,PSP,CA,AWP,WE,Towers with Radar,26,51,9,1,87,0,0,41,3,44,26,51,50,4,131,34,0,34,165
10/27/2009,PSP,CA,AWP,WE,Towers with Radar,28,47,11,0,86,0,0,21,0,21,28,47,32,0,107,60,0,60,167
10/28/2009,PSP,CA,AWP,WE,Towers with Radar,25,43,12,2,82,0,0,18,0,18,25,43,30,2,100,10,0,10,110
10/29/2009,PSP,CA,AWP,WE,Towers with Radar,25,53,25,1,104,0,0,41,1,42,25,53,66,2,146,6,0,6,152
10/30/2009,PSP,CA,AWP,WE,Towers with Radar,26,51,19,0,96,0,5,43,0,48,26,56,62,0,144,0,0,0,144
10/31/2009,PSP,CA,AWP,WE,Towers with Radar,30,37,7,0,74,0,9,62,0,71,30,46,69,0,145,66,0,66,211
11/01/2009,PSP,CA,AWP,WE,Towers with Radar,32,57,26,0,115,0,4,53,0,57,32,61,79,0,172,8,0,8,180
11/02/2009,PSP,CA,AWP,WE,Towers with Radar,30,56,22,0,108,0,0,39,3,42,30,56,61,3,150,80,0,80,230
11/03/2009,PSP,CA,AWP,WE,Towers with Radar,34,56,28,1,119,0,0,42,0,42,34,56,70,1,161,20,0,20,181
11/04/2009,PSP,CA,AWP,WE,Towers with Radar,30,62,23,1,116,0,0,58,7,65,30,62,81,8,181,80,2,82,263
11/05/2009,PSP,CA,AWP,WE,Towers with Radar,30,73,29,0,132,0,1,79,0,80,30,74,108,0,212,42,0,42,254
11/06/2009,PSP,CA,AWP,WE,Towers with Radar,32,59,46,2,139,0,2,78,2,82,32,61,124,4,221,112,0,112,333
11/07/2009,PSP,CA,AWP,WE,Towers with Radar,35,39,28,8,110,0,9,73,0,82,35,48,101,8,192,74,0,74,266
11/08/2009,PSP,CA,AWP,WE,Towers with Radar,36,60,41,4,141,0,1,69,0,70,36,61,110,4,211,22,0,22,233
11/09/2009,PSP,CA,AWP,WE,Towers with Radar,36,54,32,0,122,0,0,43,1,44,36,54,75,1,166,60,0,60,226
11/10/2009,PSP,CA,AWP,WE,Towers with Radar,36,53,25,3,117,0,0,59,10,69,36,53,84,13,186,100,0,100,286
11/11/2009,PSP,CA,AWP,WE,Towers with Radar,36,59,24,5,124,0,0,70,25,95,36,59,94,30,219,86,0,86,305
11/12/2009,PSP,CA,AWP,WE,Towers with Radar,36,54,46,3,139,0,0,43,11,54,36,54,89,14,193,28,0,28,221
11/13/2009,PSP,CA,AWP,WE,Towers with Radar,40,56,32,0,128,0,0,47,5,52,40,56,79,5,180,42,4,46,226
11/14/2009,PSP,CA,AWP,WE,Towers with Radar,41,48,24,4,117,0,4,92,2,98,41,52,116,6,215,126,0,126,341
11/15/2009,PSP,CA,AWP,WE,Towers with Radar,43,62,55,2,162,0,0,99,1,100,43,62,154,3,262,90,0,90,352
11/16/2009,PSP,CA,AWP,WE,Towers with Radar,38,52,28,2,120,0,0,65,8,73,38,52,93,10,193,10,0,10,203
11/17/2009,PSP,CA,AWP,WE,Towers with Radar,38,45,20,0,103,0,0,44,4,48,38,45,64,4,151,80,0,80,231
11/18/2009,PSP,CA,AWP,WE,Towers with Radar,41,55,22,5,123,0,0,54,5,59,41,55,76,10,182,50,0,50,232
11/19/2009,PSP,CA,AWP,WE,Towers with Radar,37,56,26,2,121,0,0,47,1,48,37,56,73,3,169,20,0,20,189
11/20/2009,PSP,CA,AWP,WE,Towers with Radar,41,63,30,0,134,0,11,86,3,100,41,74,116,3,234,56,0,56,290
11/21/2009,PSP,CA,AWP,WE,Towers with Radar,46,39,18,10,113,0,6,84,2,92,46,45,102,12,205,60,0,60,265
11/22/2009,PSP,CA,AWP,WE,Towers with Radar,44,59,30,3,136,0,7,75,0,82,44,66,105,3,218,30,0,30,248
11/23/2009,PSP,CA,AWP,WE,Towers with Radar,41,61,34,0,136,0,5,56,4,65,41,66,90,4,201,12,0,12,213
11/24/2009,PSP,CA,AWP,WE,Towers with Radar,38,59,34,4,135,0,0,60,1,61,38,59,94,5,196,6,0,6,202
11/25/2009,PSP,CA,AWP,WE,Towers with Radar,43,56,29,0,128,0,5,56,0,61,43,61,85,0,189,50,0,50,239
11/26/2009,PSP,CA,AWP,WE,Towers with Radar,29,29,2,0,60,0,2,41,0,43,29,31,43,0,103,0,0,0,103
11/27/2009,PSP,CA,AWP,WE,Towers with Radar,40,48,26,0,114,0,8,58,0,66,40,56,84,0,180,16,0,16,196
11/28/2009,PSP,CA,AWP,WE,Towers with Radar,39,49,25,0,113,0,24,41,0,65,39,73,66,0,178,66,0,66,244
11/29/2009,PSP,CA,AWP,WE,Towers with Radar,42,65,46,0,153,0,1,52,0,53,42,66,98,0,206,42,0,42,248
11/30/2009,PSP,CA,AWP,WE,Towers with Radar,47,58,25,0,130,0,1,42,3,46,47,59,67,3,176,30,0,30,206
12/01/2009,PSP,CA,AWP,WE,Towers with Radar,36,63,18,0,117,0,1,39,1,41,36,64,57,1,158,10,0,10,168
12/02/2009,PSP,CA,AWP,WE,Towers with Radar,41,53,13,0,107,0,0,33,0,33,41,53,46,0,140,50,0,50,190
12/03/2009,PSP,CA,AWP,WE,Towers with Radar,39,52,20,0,111,0,0,38,1,39,39,52,58,1,150,22,0,22,172
12/04/2009,PSP,CA,AWP,WE,Towers with Radar,40,55,24,0,119,0,4,53,2,59,40,59,77,2,178,22,4,26,204
12/05/2009,PSP,CA,AWP,WE,Towers with Radar,40,42,10,3,95,0,4,71,1,76,40,46,81,4,171,56,0,56,227
12/06/2009,PSP,CA,AWP,WE,Towers with Radar,40,48,34,1,123,0,15,41,0,56,40,63,75,1,179,76,0,76,255
12/07/2009,PSP,CA,AWP,WE,Towers with Radar,34,57,32,2,125,0,0,1,0,1,34,57,33,2,126,10,0,10,136
12/08/2009,PSP,CA,AWP,WE,Towers with Radar,36,54,13,3,106,0,5,30,1,36,36,59,43,4,142,20,0,20,162
12/09/2009,PSP,CA,AWP,WE,Towers with Radar,36,58,13,2,109,0,0,35,2,37,36,58,48,4,146,0,0,0,146
12/10/2009,PSP,CA,AWP,WE,Towers with Radar,40,61,28,1,130,0,0,44,1,45,40,61,72,2,175,26,0,26,201
12/11/2009,PSP,CA,AWP,WE,Towers with Radar,35,60,19,1,115,0,0,23,3,26,35,60,42,4,141,58,0,58,199
12/12/2009,PSP,CA,AWP,WE,Towers with Radar,35,44,11,1,91,0,7,33,0,40,35,51,44,1,131,80,0,80,211
12/13/2009,PSP,CA,AWP,WE,Towers with Radar,38,54,21,2,115,0,4,29,2,35,38,58,50,4,150,28,0,28,178
12/14/2009,PSP,CA,AWP,WE,Towers with Radar,39,56,17,0,112,0,0,39,0,39,39,56,56,0,151,50,0,50,201
12/15/2009,PSP,CA,AWP,WE,Towers with Radar,34,48,26,1,109,0,2,39,0,41,34,50,65,1,150,2,0,2,152
12/16/2009,PSP,CA,AWP,WE,Towers with Radar,36,58,17,3,114,0,0,51,0,51,36,58,68,3,165,34,0,34,199
12/17/2009,PSP,CA,AWP,WE,Towers with Radar,42,45,17,0,104,0,0,45,0,45,42,45,62,0,149,26,0,26,175
12/18/2009,PSP,CA,AWP,WE,Towers with Radar,41,53,14,0,108,0,5,58,0,63,41,58,72,0,171,6,0,6,177
12/19/2009,PSP,CA,AWP,WE,Towers with Radar,32,61,22,2,117,0,7,52,3,62,32,68,74,5,179,38,0,38,217
12/20/2009,PSP,CA,AWP,WE,Towers with Radar,39,53,12,4,108,0,3,38,4,45,39,56,50,8,153,60,0,60,213
12/21/2009,PSP,CA,AWP,WE,Towers with Radar,41,59,26,3,129,0,1,45,4,50,41,60,71,7,179,56,0,56,235
12/22/2009,PSP,CA,AWP,WE,Towers with Radar,43,47,13,0,103,2,0,9,0,11,45,47,22,0,114,0,0,0,114
12/23/2009,PSP,CA,AWP,WE,Towers with Radar,42,55,22,0,119,0,0,30,0,30,42,55,52,0,149,38,0,38,187
12/24/2009,PSP,CA,AWP,WE,Towers with Radar,32,45,4,0,81,0,1,28,0,29,32,46,32,0,110,10,0,10,120
12/25/2009,PSP,CA,AWP,WE,Towers with Radar,39,40,11,0,90,0,2,19,0,21,39,42,30,0,111,0,0,0,111
12/26/2009,PSP,CA,AWP,WE,Towers with Radar,43,54,33,0,130,0,6,52,0,58,43,60,85,0,188,64,0,64,252
12/27/2009,PSP,CA,AWP,WE,Towers with Radar,44,72,23,2,141,0,6,51,0,57,44,78,74,2,198,50,0,50,248
12/28/2009,PSP,CA,AWP,WE,Towers with Radar,46,63,36,1,146,0,0,35,0,35,46,63,71,1,181,86,0,86,267
12/29/2009,PSP,CA,AWP,WE,Towers with Radar,43,59,24,1,127,0,0,74,1,75,43,59,98,2,202,60,0,60,262
12/30/2009,PSP,CA,AWP,WE,Towers with Radar,45,59,43,0,147,0,0,44,0,44,45,59,87,0,191,70,0,70,261
12/31/2009,PSP,CA,AWP,WE,Towers with Radar,40,54,28,0,122,0,9,55,0,64,40,63,83,0,186,50,0,50,236
01/01/2010,PSP,CA,AWP,WE,Towers with Radar,42,53,20,0,115,0,6,65,0,71,42,59,85,0,186,44,0,44,230
01/02/2010,PSP,CA,AWP,WE,Towers with Radar,42,52,39,0,133,0,35,69,0,104,42,87,108,0,237,54,0,54,291
01/03/2010,PSP,CA,AWP,WE,Towers with Radar,46,69,46,0,161,0,3,48,0,51,46,72,94,0,212,50,0,50,262
01/04/2010,PSP,CA,AWP,WE,Towers with Radar,52,63,36,0,151,0,3,35,0,38,52,66,71,0,189,20,0,20,209
01/05/2010,PSP,CA,AWP,WE,Towers with Radar,40,52,23,1,116,0,2,57,1,60,40,54,80,2,176,50,0,50,226
01/06/2010,PSP,CA,AWP,WE,Towers with Radar,44,66,36,1,147,0,6,56,0,62,44,72,92,1,209,32,0,32,241
01/07/2010,PSP,CA,AWP,WE,Towers with Radar,40,75,24,1,140,0,3,55,0,58,40,78,79,1,198,36,0,36,234
01/08/2010,PSP,CA,AWP,WE,Towers with Radar,47,63,41,0,151,0,3,46,2,51,47,66,87,2,202,46,0,46,248
01/09/2010,PSP,CA,AWP,WE,Towers with Radar,47,39,34,1,121,0,6,74,5,85,47,45,108,6,206,80,0,80,286
01/10/2010,PSP,CA,AWP,WE,Towers with Radar,43,54,28,4,129,0,0,91,5,96,43,54,119,9,225,34,0,34,259
01/11/2010,PSP,CA,AWP,WE,Towers with Radar,46,55,18,0,119,0,5,63,1,69,46,60,81,1,188,50,0,50,238
01/12/2010,PSP,CA,AWP,WE,Towers with Radar,36,56,36,4,132,0,3,54,5,62,36,59,90,9,194,14,0,14,208
01/13/2010,PSP,CA,AWP,WE,Towers with Radar,43,60,30,2,135,0,2,16,2,20,43,62,46,4,155,0,0,0,155
01/14/2010,PSP,CA,AWP,WE,Towers with Radar,43,59,34,2,138,0,3,47,3,53,43,62,81,5,191,16,0,16,207
01/15/2010,PSP,CA,AWP,WE,Towers with Radar,44,59,38,2,143,0,11,94,1,106,44,70,132,3,249,60,0,60,309
01/16/2010,PSP,CA,AWP,WE,Towers with Radar,46,43,25,2,116,0,6,117,1,124,46,49,142,3,240,80,0,80,320
01/17/2010,PSP,CA,AWP,WE,Towers with Radar,42,59,28,2,131,0,17,75,0,92,42,76,103,2,223,54,0,54,277
01/18/2010,PSP,CA,AWP,WE,Towers with Radar,48,50,38,1,137,0,2,18,0,20,48,52,56,1,157,14,0,14,171
01/19/2010,PSP,CA,AWP,WE,Towers with Radar,24,50,28,3,105,0,0,8,0,8,24,50,36,3,113,10,0,10,123
01/20/2010,PSP,CA,AWP,WE,Towers with Radar,47,60,30,1,138,0,0,19,6,25,47,60,49,7,163,28,0,28,191
01/21/2010,PSP,CA,AWP,WE,Towers with Radar,36,33,21,1,91,0,0,0,0,0,36,33,21,1,91,0,0,0,91
01/22/2010,PSP,CA,AWP,WE,Towers with Radar,51,60,18,2,131,0,2,5,0,7,51,62,23,2,138,0,0,0,138
01/23/2010,PSP,CA,AWP,WE,Towers with Radar,48,46,24,2,120,0,4,64,8,76,48,50,88,10,196,72,0,72,268
01/24/2010,PSP,CA,AWP,WE,Towers with Radar,42,63,30,5,140,0,6,72,7,85,42,69,102,12,225,50,0,50,275
01/25/2010,PSP,CA,AWP,WE,Towers with Radar,46,62,26,0,134,0,4,42,5,51,46,66,68,5,185,50,0,50,235
01/26/2010,PSP,CA,AWP,WE,Towers with Radar,40,53,27,0,120,0,3,17,6,26,40,56,44,6,146,10,0,10,156
01/27/2010,PSP,CA,AWP,WE,Towers with Radar,40,64,39,2,145,0,6,27,2,35,40,70,66,4,180,0,0,0,180
01/28/2010,PSP,CA,AWP,WE,Towers with Radar,39,58,31,0,128,0,2,58,8,68,39,60,89,8,196,34,0,34,230
01/29/2010,PSP,CA,AWP,WE,Towers with Radar,48,59,33,0,140,0,1,62,1,64,48,60,95,1,204,40,0,40,244
01/30/2010,PSP,CA,AWP,WE,Towers with Radar,47,52,35,0,134,0,3,129,5,137,47,55,164,5,271,136,0,136,407
01/31/2010,PSP,CA,AWP,WE,Towers with Radar,45,70,28,0,143,0,0,62,0,62,45,70,90,0,205,16,0,16,221
02/01/2010,PSP,CA,AWP,WE,Towers with Radar,49,54,36,0,139,0,0,46,2,48,49,54,82,2,187,20,0,20,207
02/02/2010,PSP,CA,AWP,WE,Towers with Radar,39,56,32,1,128,0,7,38,6,51,39,63,70,7,179,32,0,32,211
02/03/2010,PSP,CA,AWP,WE,Towers with Radar,43,56,21,0,120,0,5,40,10,55,43,61,61,10,175,14,0,14,189
02/04/2010,PSP,CA,AWP,WE,Towers with Radar,40,68,30,2,140,0,8,25,10,43,40,76,55,12,183,0,0,0,183
02/05/2010,PSP,CA,AWP,WE,Towers with Radar,46,66,46,0,158,0,6,20,0,26,46,72,66,0,184,24,0,24,208
02/06/2010,PSP,CA,AWP,WE,Towers with Radar,51,48,17,0,116,0,1,3,2,6,51,49,20,2,122,4,0,4,126
02/07/2010,PSP,CA,AWP,WE,Towers with Radar,48,55,23,1,127,0,2,27,0,29,48,57,50,1,156,20,0,20,176
02/08/2010,PSP,CA,AWP,WE,Towers with Radar,46,64,41,0,151,0,2,47,4,53,46,66,88,4,204,30,0,30,234
02/09/2010,PSP,CA,AWP,WE,Towers with Radar,40,62,39,0,141,0,2,15,2,19,40,64,54,2,160,14,0,14,174
02/10/2010,PSP,CA,AWP,WE,Towers with Radar,43,56,28,2,129,0,0,37,0,37,43,56,65,2,166,12,0,12,178
02/11/2010,PSP,CA,AWP,WE,Towers with Radar,48,59,50,0,157,0,1,54,2,57,48,60,104,2,214,28,0,28,242
02/12/2010,PSP,CA,AWP,WE,Towers with Radar,54,64,42,2,162,0,6,69,0,75,54,70,111,2,237,80,2,82,319
02/13/2010,PSP,CA,AWP,WE,Towers with Radar,58,53,34,2,147,0,1,101,0,102,58,54,135,2,249,74,0,74,323
02/14/2010,PSP,CA,AWP,WE,Towers with Radar,49,61,42,7,159,0,8,89,0,97,49,69,131,7,256,94,0,94,350
02/15/2010,PSP,CA,AWP,WE,Towers with Radar,54,61,50,0,165,0,1,62,0,63,54,62,112,0,228,50,0,50,278
02/16/2010,PSP,CA,AWP,WE,Towers with Radar,51,53,28,0,132,0,0,82,2,84,51,53,110,2,216,60,0,60,276
02/17/2010,PSP,CA,AWP,WE,Towers with Radar,54,54,35,1,144,0,1,69,1,71,54,55,104,2,215,38,0,38,253
02/18/2010,PSP,CA,AWP,WE,Towers with Radar,50,65,30,0,145,0,2,64,2,68,50,67,94,2,213,36,0,36,249
02/19/2010,PSP,CA,AWP,WE,Towers with Radar,54,63,47,2,166,0,14,33,1,48,54,77,80,3,214,18,0,18,232
02/20/2010,PSP,CA,AWP,WE,Towers with Radar,61,52,13,0,126,0,9,47,0,56,61,61,60,0,182,26,0,26,208
02/21/2010,PSP,CA,AWP,WE,Towers with Radar,50,67,44,1,162,0,0,20,0,20,50,67,64,1,182,6,0,6,188
02/22/2010,PSP,CA,AWP,WE,Towers with Radar,56,64,28,0,148,0,2,7,1,10,56,66,35,1,158,0,0,0,158
02/23/2010,PSP,CA,AWP,WE,Towers with Radar,51,46,23,0,120,0,4,40,0,44,51,50,63,0,164,4,0,4,168
02/24/2010,PSP,CA,AWP,WE,Towers with Radar,56,58,40,0,154,0,0,29,0,29,56,58,69,0,183,10,0,10,193
02/25/2010,PSP,CA,AWP,WE,Towers with Radar,52,60,39,0,151,0,0,44,4,48,52,60,83,4,199,56,0,56,255
02/26/2010,PSP,CA,AWP,WE,Towers with Radar,54,51,51,4,160,0,1,50,2,53,54,52,101,6,213,68,0,68,281
02/27/2010,PSP,CA,AWP,WE,Towers with Radar,63,51,23,1,138,0,0,9,0,9,63,51,32,1,147,0,0,0,147
02/28/2010,PSP,CA,AWP,WE,Towers with Radar,50,65,55,0,170,0,3,59,0,62,50,68,114,0,232,16,4,20,252
03/01/2010,PSP,CA,AWP,WE,Towers with Radar,61,56,38,0,155,0,4,46,0,50,61,60,84,0,205,4,0,4,209
03/02/2010,PSP,CA,AWP,WE,Towers with Radar,50,57,31,0,138,0,6,32,0,38,50,63,63,0,176,50,0,50,226
03/03/2010,PSP,CA,AWP,WE,Towers with Radar,57,56,36,1,150,0,3,42,3,48,57,59,78,4,198,30,0,30,228
03/04/2010,PSP,CA,AWP,WE,Towers with Radar,51,72,46,0,169,0,1,35,0,36,51,73,81,0,205,19,0,19,224
03/05/2010,PSP,CA,AWP,WE,Towers with Radar,51,64,37,0,152,0,3,74,2,79,51,67,111,2,231,26,0,26,257
03/06/2010,PSP,CA,AWP,WE,Towers with Radar,62,53,24,3,142,0,5,34,2,41,62,58,58,5,183,14,0,14,197
03/07/2010,PSP,CA,AWP,WE,Towers with Radar,46,69,37,6,158,0,0,10,2,12,46,69,47,8,170,10,0,10,180
03/08/2010,PSP,CA,AWP,WE,Towers with Radar,58,60,34,3,155,0,3,27,0,30,58,63,61,3,185,10,10,20,205
03/09/2010,PSP,CA,AWP,WE,Towers with Radar,53,66,29,0,148,0,0,8,1,9,53,66,37,1,157,0,0,0,157
03/10/2010,PSP,CA,AWP,WE,Towers with Radar,56,66,29,0,151,0,0,39,0,39,56,66,68,0,190,6,0,6,196
03/11/2010,PSP,CA,AWP,WE,Towers with Radar,53,66,43,6,168,0,2,54,1,57,53,68,97,7,225,28,0,28,253
03/12/2010,PSP,CA,AWP,WE,Towers with Radar,59,53,37,2,151,0,5,79,2,86,59,58,116,4,237,40,0,40,277
03/13/2010,PSP,CA,AWP,WE,Towers with Radar,59,45,29,1,134,0,8,81,0,89,59,53,110,1,223,30,0,30,253
03/14/2010,PSP,CA,AWP,WE,Towers with Radar,54,58,57,1,170,0,2,80,0,82,54,60,137,1,252,62,0,62,314
03/15/2010,PSP,CA,AWP,WE,Towers with Radar,58,64,40,0,162,0,4,42,2,48,58,68,82,2,210,30,0,30,240
03/16/2010,PSP,CA,AWP,WE,Towers with Radar,56,64,29,0,149,0,3,80,1,84,56,67,109,1,233,2,0,2,235
03/17/2010,PSP,CA,AWP,WE,Towers with Radar,55,64,37,0,156,0,1,59,0,60,55,65,96,0,216,32,0,32,248
03/18/2010,PSP,CA,AWP,WE,Towers with Radar,56,70,47,2,175,0,4,60,2,66,56,74,107,4,241,28,0,28,269
03/19/2010,PSP,CA,AWP,WE,Towers with Radar,53,81,62,0,196,0,3,68,0,71,53,84,130,0,267,40,0,40,307
03/20/2010,PSP,CA,AWP,WE,Towers with Radar,61,60,40,0,161,0,2,101,0,103,61,62,141,0,264,56,0,56,320
03/21/2010,PSP,CA,AWP,WE,Towers with Radar,56,75,60,0,191,0,5,71,4,80,56,80,131,4,271,16,4,20,291
03/22/2010,PSP,CA,AWP,WE,Towers with Radar,54,70,41,0,165,0,0,44,2,46,54,70,85,2,211,50,0,50,261
03/23/2010,PSP,CA,AWP,WE,Towers with Radar,55,76,33,0,164,0,0,40,0,40,55,76,73,0,204,36,0,36,240
03/24/2010,PSP,CA,AWP,WE,Towers with Radar,57,57,25,4,143,0,0,46,4,50,57,57,71,8,193,44,24,68,261
03/25/2010,PSP,CA,AWP,WE,Towers with Radar,55,64,33,0,152,0,0,43,0,43,55,64,76,0,195,10,0,10,205
03/26/2010,PSP,CA,AWP,WE,Towers with Radar,53,62,40,3,158,0,4,49,2,55,53,66,89,5,213,74,0,74,287
03/27/2010,PSP,CA,AWP,WE,Towers with Radar,58,59,34,1,152,0,12,82,0,94,58,71,116,1,246,66,0,66,312
03/28/2010,PSP,CA,AWP,WE,Towers with Radar,54,70,56,4,184,0,8,77,0,85,54,78,133,4,269,66,0,66,335
03/29/2010,PSP,CA,AWP,WE,Towers with Radar,52,60,20,0,132,0,4,45,2,51,52,64,65,2,183,20,0,20,203
03/30/2010,PSP,CA,AWP,WE,Towers with Radar,55,61,17,0,133,0,16,26,9,51,55,77,43,9,184,20,0,20,204
03/31/2010,PSP,CA,AWP,WE,Towers with Radar,59,74,40,0,173,0,2,12,2,16,59,76,52,2,189,4,0,4,193
04/01/2010,PSP,CA,AWP,WE,Towers with Radar,51,77,29,1,158,0,2,25,2,29,51,79,54,3,187,12,0,12,199
04/02/2010,PSP,CA,AWP,WE,Towers with Radar,53,62,31,5,151,0,2,54,5,61,53,64,85,10,212,52,0,52,264
04/03/2010,PSP,CA,AWP,WE,Towers with Radar,55,52,29,4,140,0,13,58,7,78,55,65,87,11,218,54,0,54,272
04/04/2010,PSP,CA,AWP,WE,Towers with Radar,49,58,31,0,138,0,10,30,0,40,49,68,61,0,178,44,0,44,222
04/05/2010,PSP,CA,AWP,WE,Towers with Radar,56,58,35,0,149,0,0,6,0,6,56,58,41,0,155,10,0,10,165
04/06/2010,PSP,CA,AWP,WE,Towers with Radar,44,58,21,0,123,0,2,28,0,30,44,60,49,0,153,6,0,6,159
04/07/2010,PSP,CA,AWP,WE,Towers with Radar,45,50,24,0,119,0,0,49,4,53,45,50,73,4,172,44,0,44,216
04/08/2010,PSP,CA,AWP,WE,Towers with Radar,43,52,28,2,125,0,7,87,13,107,43,59,115,15,232,16,4,20,252
04/09/2010,PSP,CA,AWP,WE,Towers with Radar,47,57,36,1,141,0,5,73,0,78,47,62,109,1,219,76,0,76,295
04/10/2010,PSP,CA,AWP,WE,Towers with Radar,43,50,37,0,130,0,1,55,3,59,43,51,92,3,189,74,0,74,263
04/11/2010,PSP,CA,AWP,WE,Towers with Radar,37,73,37,1,148,0,9,22,1,32,37,82,59,2,180,50,0,50,230
04/12/2010,PSP,CA,AWP,WE,Towers with Radar,43,64,21,0,128,0,0,15,2,17,43,64,36,2,145,0,0,0,145
04/13/2010,PSP,CA,AWP,WE,Towers with Radar,43,59,29,0,131,0,0,45,7,52,43,59,74,7,183,18,2,20,203
04/14/2010,PSP,CA,AWP,WE,Towers with Radar,44,53,28,0,125,0,2,45,2,49,44,55,73,2,174,38,0,38,212
04/15/2010,PSP,CA,AWP,WE,Towers with Radar,42,69,34,0,145,0,8,51,5,64,42,77,85,5,209,38,10,48,257
04/16/2010,PSP,CA,AWP,WE,Towers with Radar,43,71,42,1,157,0,8,55,9,72,43,79,97,10,229,58,2,60,289
04/17/2010,PSP,CA,AWP,WE,Towers with Radar,40,61,24,4,129,0,5,93,3,101,40,66,117,7,230,52,0,52,282
04/18/2010,PSP,CA,AWP,WE,Towers with Radar,42,60,29,1,132,0,2,62,0,64,42,62,91,1,196,12,0,12,208
04/19/2010,PSP,CA,AWP,WE,Towers with Radar,40,63,32,0,135,0,2,46,13,61,40,65,78,13,196,40,0,40,236
04/20/2010,PSP,CA,AWP,WE,Towers with Radar,42,54,18,0,114,0,0,19,2,21,42,54,37,2,135,0,6,6,141
04/21/2010,PSP,CA,AWP,WE,Towers with Radar,43,52,30,0,125,0,5,8,0,13,43,57,38,0,138,0,0,0,138
04/22/2010,PSP,CA,AWP,WE,Towers with Radar,41,68,30,0,139,0,2,5,0,7,41,70,35,0,146,2,0,2,148
04/23/2010,PSP,CA,AWP,WE,Towers with Radar,41,44,32,1,118,0,5,57,2,64,41,49,89,3,182,14,0,14,196
04/24/2010,PSP,CA,AWP,WE,Towers with Radar,44,44,20,0,108,0,3,91,4,98,44,47,111,4,206,40,0,40,246
04/25/2010,PSP,CA,AWP,WE,Towers with Radar,39,63,42,2,146,0,5,64,4,73,39,68,106,6,219,12,0,12,231
04/26/2010,PSP,CA,AWP,WE,Towers with Radar,42,54,28,0,124,0,4,61,0,65,42,58,89,0,189,40,0,40,229
04/27/2010,PSP,CA,AWP,WE,Towers with Radar,43,53,19,0,115,0,0,26,2,28,43,53,45,2,143,8,0,8,151
04/28/2010,PSP,CA,AWP,WE,Towers with Radar,41,55,31,1,128,0,0,19,2,21,41,55,50,3,149,4,0,4,153
04/29/2010,PSP,CA,AWP,WE,Towers with Radar,39,57,25,1,122,0,2,14,1,17,39,59,39,2,139,2,0,2,141
04/30/2010,PSP,CA,AWP,WE,Towers with Radar,43,62,32,4,141,0,0,51,4,55,43,62,83,8,196,12,0,12,208
05/01/2010,PSP,CA,AWP,WE,Towers with Radar,43,44,16,4,107,0,0,80,0,80,43,44,96,4,187,38,0,38,225
05/02/2010,PSP,CA,AWP,WE,Towers with Radar,35,58,26,3,122,0,1,53,0,54,35,59,79,3,176,8,0,8,184
05/03/2010,PSP,CA,AWP,WE,Towers with Radar,36,50,19,0,105,0,0,40,0,40,36,50,59,0,145,10,0,10,155
05/04/2010,PSP,CA,AWP,WE,Towers with Radar,34,63,20,2,119,0,3,45,0,48,34,66,65,2,167,40,0,40,207
05/05/2010,PSP,CA,AWP,WE,Towers with Radar,32,52,24,0,108,0,0,52,0,52,32,52,76,0,160,38,0,38,198
05/06/2010,PSP,CA,AWP,WE,Towers with Radar,34,61,31,0,126,0,2,38,2,42,34,63,69,2,168,22,0,22,190
05/07/2010,PSP,CA,AWP,WE,Towers with Radar,38,57,27,2,124,0,1,87,1,89,38,58,114,3,213,54,0,54,267
05/08/2010,PSP,CA,AWP,WE,Towers with Radar,33,49,26,0,108,0,7,74,2,83,33,56,100,2,191,106,0,106,297
05/09/2010,PSP,CA,AWP,WE,Towers with Radar,33,49,17,6,105,0,7,44,0,51,33,56,61,6,156,70,0,70,226
05/10/2010,PSP,CA,AWP,WE,Towers with Radar,28,46,25,1,100,0,0,31,2,33,28,46,56,3,133,20,0,20,153
05/11/2010,PSP,CA,AWP,WE,Towers with Radar,28,52,23,1,104,0,0,33,5,38,28,52,56,6,142,50,0,50,192
05/12/2010,PSP,CA,AWP,WE,Towers with Radar,30,60,20,0,110,0,4,40,5,49,30,64,60,5,159,44,0,44,203
05/13/2010,PSP,CA,AWP,WE,Towers with Radar,30,65,19,2,116,0,2,40,4,46,30,67,59,6,162,10,0,10,172
05/14/2010,PSP,CA,AWP,WE,Towers with Radar,27,58,26,0,111,0,3,74,7,84,27,61,100,7,195,32,0,32,227
05/15/2010,PSP,CA,AWP,WE,Towers with Radar,27,63,14,0,104,0,1,61,13,75,27,64,75,13,179,30,0,30,209
05/16/2010,PSP,CA,AWP,WE,Towers with Radar,32,51,34,2,119,0,2,61,4,67,32,53,95,6,186,38,0,38,224
05/17/2010,PSP,CA,AWP,WE,Towers with Radar,32,58,30,0,120,0,0,20,1,21,32,58,50,1,141,10,0,10,151
05/18/2010,PSP,CA,AWP,WE,Towers with Radar,30,49,17,2,98,0,0,12,6,18,30,49,29,8,116,34,0,34,150
05/19/2010,PSP,CA,AWP,WE,Towers with Radar,29,50,16,0,95,0,0,40,0,40,29,50,56,0,135,38,0,38,173
05/20/2010,PSP,CA,AWP,WE,Towers with Radar,32,47,21,0,100,0,0,41,1,42,32,47,62,1,142,16,0,16,158
05/21/2010,PSP,CA,AWP,WE,Towers with Radar,30,58,21,1,110,0,5,27,0,32,30,63,48,1,142,0,0,0,142
05/22/2010,PSP,CA,AWP,WE,Towers with Radar,33,37,21,0,91,0,1,25,0,26,33,38,46,0,117,2,0,2,119
05/23/2010,PSP,CA,AWP,WE,Towers with Radar,26,56,26,3,111,0,2,17,0,19,26,58,43,3,130,14,0,14,144
05/24/2010,PSP,CA,AWP,WE,Towers with Radar,30,62,16,0,108,0,2,43,6,51,30,64,59,6,159,30,2,32,191
05/25/2010,PSP,CA,AWP,WE,Towers with Radar,24,46,14,0,84,0,0,53,2,55,24,46,67,2,139,26,0,26,165
05/26/2010,PSP,CA,AWP,WE,Towers with Radar,28,48,21,0,97,0,1,34,2,37,28,49,55,2,134,4,0,4,138
05/27/2010,PSP,CA,AWP,WE,Towers with Radar,32,51,21,0,104,0,1,33,1,35,32,52,54,1,139,30,0,30,169
05/28/2010,PSP,CA,AWP,WE,Towers with Radar,31,51,16,1,99,0,2,42,2,46,31,53,58,3,145,30,0,30,175
05/29/2010,PSP,CA,AWP,WE,Towers with Radar,28,47,16,0,91,0,1,60,8,69,28,48,76,8,160,38,0,38,198
05/30/2010,PSP,CA,AWP,WE,Towers with Radar,27,34,5,4,70,0,7,41,5,53,27,41,46,9,123,58,4,62,185
05/31/2010,PSP,CA,AWP,WE,Towers with Radar,29,58,14,3,104,0,2,38,1,41,29,60,52,4,145,72,0,72,217
06/01/2010,PSP,CA,AWP,WE,Towers with Radar,25,56,12,0,93,0,1,33,2,36,25,57,45,2,129,14,0,14,143
06/02/2010,PSP,CA,AWP,WE,Towers with Radar,27,48,20,2,97,0,4,43,0,47,27,52,63,2,144,28,0,28,172
06/03/2010,PSP,CA,AWP,WE,Towers with Radar,27,52,16,0,95,0,0,37,0,37,27,52,53,0,132,34,0,34,166
06/04/2010,PSP,CA,AWP,WE,Towers with Radar,26,46,20,0,92,0,16,46,0,62,26,62,66,0,154,22,0,22,176
06/05/2010,PSP,CA,AWP,WE,Towers with Radar,24,44,15,0,83,0,3,43,0,46,24,47,58,0,129,36,0,36,165
06/06/2010,PSP,CA,AWP,WE,Towers with Radar,18,47,17,2,84,0,3,44,0,47,18,50,61,2,131,24,0,24,155
06/07/2010,PSP,CA,AWP,WE,Towers with Radar,17,46,4,1,68,0,4,20,1,25,17,50,24,2,93,0,0,0,93
06/08/2010,PSP,CA,AWP,WE,Towers with Radar,13,46,7,2,68,0,0,36,0,36,13,46,43,2,104,16,0,16,120
06/09/2010,PSP,CA,AWP,WE,Towers with Radar,13,40,12,0,65,0,4,31,1,36,13,44,43,1,101,14,0,14,115
06/10/2010,PSP,CA,AWP,WE,Towers with Radar,12,44,15,1,72,0,1,22,0,23,12,45,37,1,95,36,0,36,131
06/11/2010,PSP,CA,AWP,WE,Towers with Radar,13,45,16,5,79,0,3,27,0,30,13,48,43,5,109,2,2,4,113
06/12/2010,PSP,CA,AWP,WE,Towers with Radar,14,34,5,0,53,0,4,31,0,35,14,38,36,0,88,0,0,0,88
06/13/2010,PSP,CA,AWP,WE,Towers with Radar,18,36,4,0,58,0,2,42,0,44,18,38,46,0,102,4,0,4,106
06/14/2010,PSP,CA,AWP,WE,Towers with Radar,10,40,22,0,72,0,1,43,4,48,10,41,65,4,120,0,0,0,120
06/15/2010,PSP,CA,AWP,WE,Towers with Radar,12,41,8,0,61,0,0,50,2,52,12,41,58,2,113,56,0,56,169
06/16/2010,PSP,CA,AWP,WE,Towers with Radar,10,39,8,3,60,0,3,32,23,58,10,42,40,26,118,20,0,20,138
06/17/2010,PSP,CA,AWP,WE,Towers with Radar,13,41,11,3,68,0,7,38,9,54,13,48,49,12,122,88,0,88,210
06/18/2010,PSP,CA,AWP,WE,Towers with Radar,12,44,16,2,74,0,5,40,4,49,12,49,56,6,123,42,0,42,165
06/19/2010,PSP,CA,AWP,WE,Towers with Radar,12,31,8,3,54,0,8,44,7,59,12,39,52,10,113,52,0,52,165
06/20/2010,PSP,CA,AWP,WE,Towers with Radar,13,37,16,6,72,0,5,35,5,45,13,42,51,11,117,40,0,40,157
06/21/2010,PSP,CA,AWP,WE,Towers with Radar,10,38,10,2,60,0,4,32,5,41,10,42,42,7,101,10,0,10,111
06/22/2010,PSP,CA,AWP,WE,Towers with Radar,8,40,9,0,57,0,3,27,2,32,8,43,36,2,89,14,0,14,103
06/23/2010,PSP,CA,AWP,WE,Towers with Radar,10,38,13,0,61,0,3,28,2,33,10,41,41,2,94,12,0,12,106
06/24/2010,PSP,CA,AWP,WE,Towers with Radar,11,42,11,0,64,0,1,35,4,40,11,43,46,4,104,8,0,8,112
06/25/2010,PSP,CA,AWP,WE,Towers with Radar,14,44,13,7,78,0,4,44,2,50,14,48,57,9,128,12,0,12,140
06/26/2010,PSP,CA,AWP,WE,Towers with Radar,13,35,8,3,59,0,2,66,3,71,13,37,74,6,130,32,0,32,162
06/27/2010,PSP,CA,AWP,WE,Towers with Radar,15,41,4,3,63,0,0,28,3,31,15,41,32,6,94,26,0,26,120
06/28/2010,PSP,CA,AWP,WE,Towers with Radar,10,37,12,0,59,0,1,29,4,34,10,38,41,4,93,36,0,36,129
06/29/2010,PSP,CA,AWP,WE,Towers with Radar,7,38,18,0,63,0,1,32,0,33,7,39,50,0,96,4,0,4,100
06/30/2010,PSP,CA,AWP,WE,Towers with Radar,10,41,7,0,58,0,0,28,18,46,10,41,35,18,104,12,2,14,118
07/01/2010,PSP,CA,AWP,WE,Towers with Radar,14,43,9,0,66,0,0,44,1,45,14,43,53,1,111,26,0,26,137
07/02/2010,PSP,CA,AWP,WE,Towers with Radar,13,43,10,0,66,0,0,37,0,37,13,43,47,0,103,4,0,4,107
07/03/2010,PSP,CA,AWP,WE,Towers with Radar,11,36,5,0,52,0,2,46,0,48,11,38,51,0,100,18,0,18,118
07/04/2010,PSP,CA,AWP,WE,Towers with Radar,12,25,5,0,42,0,0,15,0,15,12,25,20,0,57,8,0,8,65
07/05/2010,PSP,CA,AWP,WE,Towers with Radar,10,36,10,2,58,0,0,19,0,19,10,36,29,2,77,20,0,20,97
07/06/2010,PSP,CA,AWP,WE,Towers with Radar,8,39,3,0,50,0,8,26,2,36,8,47,29,2,86,20,0,20,106
07/07/2010,PSP,CA,AWP,WE,Towers with Radar,11,37,14,2,64,0,0,34,3,37,11,37,48,5,101,40,0,40,141
07/08/2010,PSP,CA,AWP,WE,Towers with Radar,12,43,11,2,68,0,0,40,0,40,12,43,51,2,108,10,0,10,118
07/09/2010,PSP,CA,AWP,WE,Towers with Radar,13,40,10,0,63,0,5,27,0,32,13,45,37,0,95,8,0,8,103
07/10/2010,PSP,CA,AWP,WE,Towers with Radar,13,32,5,0,50,0,8,51,5,64,13,40,56,5,114,64,0,64,178
07/11/2010,PSP,CA,AWP,WE,Towers with Radar,17,36,10,0,63,0,0,13,0,13,17,36,23,0,76,4,0,4,80
07/12/2010,PSP,CA,AWP,WE,Towers with Radar,10,37,4,0,51,0,4,19,2,25,10,41,23,2,76,20,0,20,96
07/13/2010,PSP,CA,AWP,WE,Towers with Radar,8,42,10,2,62,0,5,24,0,29,8,47,34,2,91,10,0,10,101
07/14/2010,PSP,CA,AWP,WE,Towers with Radar,10,40,11,1,62,0,3,27,1,31,10,43,38,2,93,68,0,68,161
07/15/2010,PSP,CA,AWP,WE,Towers with Radar,13,42,6,2,63,0,0,23,3,26,13,42,29,5,89,18,0,18,107
07/16/2010,PSP,CA,AWP,WE,Towers with Radar,14,44,10,2,70,0,0,14,5,19,14,44,24,7,89,18,0,18,107
07/17/2010,PSP,CA,AWP,WE,Towers with Radar,13,33,18,2,66,0,3,29,4,36,13,36,47,6,102,10,0,10,112
07/18/2010,PSP,CA,AWP,WE,Towers with Radar,17,40,16,0,73,0,0,25,2,27,17,40,41,2,100,4,0,4,104
07/19/2010,PSP,CA,AWP,WE,Towers with Radar,14,37,10,0,61,0,0,35,4,39,14,37,45,4,100,12,0,12,112
07/20/2010,PSP,CA,AWP,WE,Towers with Radar,8,39,4,0,51,0,5,19,0,24,8,44,23,0,75,32,0,32,107
07/21/2010,PSP,CA,AWP,WE,Towers with Radar,10,40,6,2,58,0,1,36,0,37,10,41,42,2,95,12,0,12,107
07/22/2010,PSP,CA,AWP,WE,Towers with Radar,14,36,13,0,63,0,0,26,0,26,14,36,39,0,89,22,0,22,111
07/23/2010,PSP,CA,AWP,WE,Towers with Radar,13,36,9,4,62,0,3,38,7,48,13,39,47,11,110,16,0,16,126
07/24/2010,PSP,CA,AWP,WE,Towers with Radar,13,31,6,1,51,0,2,42,3,47,13,33,48,4,98,14,0,14,112
07/25/2010,PSP,CA,AWP,WE,Towers with Radar,16,38,7,1,62,0,0,34,3,37,16,38,41,4,99,14,0,14,113
07/26/2010,PSP,CA,AWP,WE,Towers with Radar,12,36,10,0,58,0,2,19,0,21,12,38,29,0,79,10,0,10,89
07/27/2010,PSP,CA,AWP,WE,Towers with Radar,8,39,3,0,50,0,4,27,0,31,8,43,30,0,81,0,0,0,81
07/28/2010,PSP,CA,AWP,WE,Towers with Radar,9,39,4,0,52,1,0,30,0,31,10,39,34,0,83,2,0,2,85
07/29/2010,PSP,CA,AWP,WE,Towers with Radar,12,43,7,0,62,0,0,26,0,26,12,43,33,0,88,0,6,6,94
07/30/2010,PSP,CA,AWP,WE,Towers with Radar,14,37,8,0,59,0,1,34,0,35,14,38,42,0,94,8,0,8,102
07/31/2010,PSP,CA,AWP,WE,Towers with Radar,13,31,10,0,54,0,3,38,0,41,13,34,48,0,95,62,0,62,157
08/01/2010,PSP,CA,AWP,WE,Towers with Radar,14,40,8,3,65,0,0,29,1,30,14,40,37,4,95,22,10,32,127
08/02/2010,PSP,CA,AWP,WE,Towers with Radar,11,36,4,2,53,0,5,39,3,47,11,41,43,5,100,4,0,4,104
08/03/2010,PSP,CA,AWP,WE,Towers with Radar,10,40,7,2,59,0,2,47,6,55,10,42,54,8,114,22,0,22,136
08/04/2010,PSP,CA,AWP,WE,Towers with Radar,10,40,7,0,57,0,1,33,4,38,10,41,40,4,95,0,0,0,95
08/05/2010,PSP,CA,AWP,WE,Towers with Radar,12,39,13,2,66,0,3,10,10,23,12,42,23,12,89,16,0,16,105
08/06/2010,PSP,CA,AWP,WE,Towers with Radar,12,42,10,2,66,0,6,37,3,46,12,48,47,5,112,12,0,12,124
08/07/2010,PSP,CA,AWP,WE,Towers with Radar,13,32,6,1,52,0,2,30,1,33,13,34,36,2,85,48,0,48,133
08/08/2010,PSP,CA,AWP,WE,Towers with Radar,16,33,13,0,62,0,0,24,9,33,16,33,37,9,95,6,0,6,101
08/09/2010,PSP,CA,AWP,WE,Towers with Radar,14,36,8,0,58,0,2,30,3,35,14,38,38,3,93,0,0,0,93
08/10/2010,PSP,CA,AWP,WE,Towers with Radar,8,40,7,2,57,0,0,39,2,41,8,40,46,4,98,22,0,22,120
08/11/2010,PSP,CA,AWP,WE,Towers with Radar,10,38,2,4,54,0,0,27,5,32,10,38,29,9,86,0,0,0,86
08/12/2010,PSP,CA,AWP,WE,Towers with Radar,13,41,7,3,64,0,0,22,6,28,13,41,29,9,92,30,8,38,130
08/13/2010,PSP,CA,AWP,WE,Towers with Radar,14,38,9,0,61,0,1,45,7,53,14,39,54,7,114,22,0,22,136
08/14/2010,PSP,CA,AWP,WE,Towers with Radar,14,37,4,0,55,0,4,34,10,48,14,41,38,10,103,8,0,8,111
08/15/2010,PSP,CA,AWP,WE,Towers with Radar,16,34,4,0,54,0,3,48,0,51,16,37,52,0,105,0,0,0,105
08/16/2010,PSP,CA,AWP,WE,Towers with Radar,10,43,10,0,63,0,6,30,0,36,10,49,40,0,99,50,0,50,149
08/17/2010,PSP,CA,AWP,WE,Towers with Radar,8,35,8,0,51,0,0,23,0,23,8,35,31,0,74,20,0,20,94
08/18/2010,PSP,CA,AWP,WE,Towers with Radar,10,44,5,1,60,0,1,15,1,17,10,45,20,2,77,32,0,32,109
08/19/2010,PSP,CA,AWP,WE,Towers with Radar,11,38,9,5,63,0,0,27,1,28,11,38,36,6,91,62,0,62,153
08/20/2010,PSP,CA,AWP,WE,Towers with Radar,14,39,5,7,65,0,0,21,5,26,14,39,26,12,91,30,0,30,121
08/21/2010,PSP,CA,AWP,WE,Towers with Radar,11,33,3,2,49,0,0,35,6,41,11,33,38,8,90,30,2,32,122
08/22/2010,PSP,CA,AWP,WE,Towers with Radar,19,36,4,1,60,0,0,23,9,32,19,36,27,10,92,24,0,24,116
08/23/2010,PSP,CA,AWP,WE,Towers with Radar,14,36,8,4,62,0,0,38,1,39,14,36,46,5,101,20,2,22,123
08/24/2010,PSP,CA,AWP,WE,Towers with Radar,19,38,10,2,69,0,0,24,2,26,19,38,34,4,95,24,2,26,121
08/25/2010,PSP,CA,AWP,WE,Towers with Radar,17,44,9,0,70,0,0,37,0,37,17,44,46,0,107,20,0,20,127
08/26/2010,PSP,CA,AWP,WE,Towers with Radar,19,49,9,0,77,0,2,16,0,18,19,51,25,0,95,24,0,24,119
08/27/2010,PSP,CA,AWP,WE,Towers with Radar,16,50,6,4,76,0,9,32,2,43,16,59,38,6,119,54,2,56,175
08/28/2010,PSP,CA,AWP,WE,Towers with Radar,17,39,5,1,62,0,0,31,0,31,17,39,36,1,93,36,0,36,129
08/29/2010,PSP,CA,AWP,WE,Towers with Radar,18,41,12,3,74,0,2,22,3,27,18,43,34,6,101,4,0,4,105
08/30/2010,PSP,CA,AWP,WE,Towers with Radar,15,43,3,0,61,0,5,32,0,37,15,48,35,0,98,20,0,20,118
08/31/2010,PSP,CA,AWP,WE,Towers with Radar,16,39,8,2,65,0,8,24,8,40,16,47,32,10,105,18,0,18,123
09/01/2010,PSP,CA,AWP,WE,Towers with Radar,16,45,9,0,70,0,0,36,2,38,16,45,45,2,108,0,0,0,108
09/02/2010,PSP,CA,AWP,WE,Towers with Radar,19,45,20,1,85,0,1,42,6,49,19,46,62,7,134,62,6,68,202
09/03/2010,PSP,CA,AWP,WE,Towers with Radar,18,42,7,0,67,0,4,36,3,43,18,46,43,3,110,48,0,48,158
09/04/2010,PSP,CA,AWP,WE,Towers with Radar,16,37,6,0,59,0,0,37,0,37,16,37,43,0,96,2,0,2,98
09/05/2010,PSP,CA,AWP,WE,Towers with Radar,14,28,3,1,46,0,2,26,1,29,14,30,29,2,75,0,0,0,75
09/06/2010,PSP,CA,AWP,WE,Towers with Radar,18,44,4,0,66,0,0,33,0,33,18,44,37,0,99,10,0,10,109
09/07/2010,PSP,CA,AWP,WE,Towers with Radar,18,42,8,0,68,0,4,21,2,27,18,46,29,2,95,22,2,24,119
09/08/2010,PSP,CA,AWP,WE,Towers with Radar,16,38,8,0,62,0,2,26,2,30,16,40,34,2,92,4,0,4,96
09/09/2010,PSP,CA,AWP,WE,Towers with Radar,18,38,7,0,63,0,3,19,5,27,18,41,26,5,90,8,0,8,98
09/10/2010,PSP,CA,AWP,WE,Towers with Radar,18,46,12,3,79,0,0,36,0,36,18,46,48,3,115,40,0,40,155
09/11/2010,PSP,CA,AWP,WE,Towers with Radar,14,37,2,1,54,0,0,49,0,49,14,37,51,1,103,44,0,44,147
09/12/2010,PSP,CA,AWP,WE,Towers with Radar,21,38,6,2,67,0,1,27,0,28,21,39,33,2,95,2,0,2,97
09/13/2010,PSP,CA,AWP,WE,Towers with Radar,18,44,6,4,72,0,4,20,0,24,18,48,26,4,96,10,0,10,106
09/14/2010,PSP,CA,AWP,WE,Towers with Radar,17,48,9,0,74,0,6,24,0,30,17,54,33,0,104,50,0,50,154
09/15/2010,PSP,CA,AWP,WE,Towers with Radar,16,44,11,1,72,0,5,40,2,47,16,49,51,3,119,36,0,36,155
09/16/2010,PSP,CA,AWP,WE,Towers with Radar,18,44,3,3,68,0,1,29,0,30,18,45,32,3,98,12,0,12,110
09/17/2010,PSP,CA,AWP,WE,Towers with Radar,18,52,4,0,74,0,0,40,10,50,18,52,44,10,124,32,0,32,156
09/18/2010,PSP,CA,AWP,WE,Towers with Radar,16,39,10,0,65,0,0,44,1,45,16,39,54,1,110,18,0,18,128
09/19/2010,PSP,CA,AWP,WE,Towers with Radar,21,39,10,0,70,0,0,33,0,33,21,39,43,0,103,4,0,4,107
09/20/2010,PSP,CA,AWP,WE,Towers with Radar,20,50,5,0,75,0,4,35,5,44,20,54,40,5,119,60,0,60,179
09/21/2010,PSP,CA,AWP,WE,Towers with Radar,18,44,7,3,72,0,5,33,0,38,18,49,40,3,110,70,0,70,180
09/22/2010,PSP,CA,AWP,WE,Towers with Radar,17,49,7,2,75,0,6,15,2,23,17,55,22,4,98,12,0,12,110
09/23/2010,PSP,CA,AWP,WE,Towers with Radar,20,45,8,1,74,0,3,43,3,49,20,48,51,4,123,14,0,14,137
09/24/2010,PSP,CA,AWP,WE,Towers with Radar,17,45,11,0,73,0,3,52,0,55,17,48,63,0,128,40,0,40,168
09/25/2010,PSP,CA,AWP,WE,Towers with Radar,19,31,8,0,58,0,1,49,0,50,19,32,57,0,108,14,0,14,122
09/26/2010,PSP,CA,AWP,WE,Towers with Radar,22,38,13,0,73,0,5,31,0,36,22,43,44,0,109,12,0,12,121
09/27/2010,PSP,CA,AWP,WE,Towers with Radar,20,42,10,1,73,0,8,33,0,41,20,50,43,1,114,20,0,20,134
09/28/2010,PSP,CA,AWP,WE,Towers with Radar,18,41,14,2,75,0,2,24,2,28,18,43,38,4,103,20,0,20,123
09/29/2010,PSP,CA,AWP,WE,Towers with Radar,20,41,10,0,71,0,4,36,2,42,20,45,46,2,113,48,0,48,161
09/30/2010,PSP,CA,AWP,WE,Towers with Radar,19,42,11,2,74,0,2,34,0,36,19,44,45,2,110,14,0,14,124
10/01/2010,PSP,CA,AWP,WE,Towers with Radar,19,44,18,0,81,0,5,22,0,27,19,49,40,0,108,2,0,2,110
10/02/2010,PSP,CA,AWP,WE,Towers with Radar,17,37,8,0,62,0,3,22,0,25,17,40,30,0,87,2,0,2,89
10/03/2010,PSP,CA,AWP,WE,Towers with Radar,24,41,17,2,84,0,0,35,0,35,24,41,52,2,119,14,0,14,133
10/04/2010,PSP,CA,AWP,WE,Towers with Radar,30,36,8,2,76,0,1,35,13,49,30,37,43,15,125,10,0,10,135
10/05/2010,PSP,CA,AWP,WE,Towers with Radar,18,43,5,0,66,0,0,19,21,40,18,43,24,21,106,20,0,20,126
10/06/2010,PSP,CA,AWP,WE,Towers with Radar,22,43,6,0,71,0,3,26,0,29,22,46,32,0,100,16,0,16,116
10/07/2010,PSP,CA,AWP,WE,Towers with Radar,18,46,21,2,87,0,0,42,9,51,18,46,63,11,138,34,0,34,172
10/08/2010,PSP,CA,AWP,WE,Towers with Radar,24,46,11,1,82,0,7,55,3,65,24,53,66,4,147,26,2,28,175
10/09/2010,PSP,CA,AWP,WE,Towers with Radar,18,41,11,1,71,0,9,104,1,114,18,50,115,2,185,26,0,26,211
10/10/2010,PSP,CA,AWP,WE,Towers with Radar,21,40,21,0,82,0,18,74,0,92,21,58,95,0,174,16,0,16,190
10/11/2010,PSP,CA,AWP,WE,Towers with Radar,26,48,17,0,91,0,3,53,0,56,26,51,70,0,147,0,0,0,147
10/12/2010,PSP,CA,AWP,WE,Towers with Radar,22,40,22,0,84,0,2,43,3,48,22,42,65,3,132,30,0,30,162
10/13/2010,PSP,CA,AWP,WE,Towers with Radar,23,43,15,1,82,0,2,20,10,32,23,45,35,11,114,4,2,6,120
10/14/2010,PSP,CA,AWP,WE,Towers with Radar,19,46,21,0,86,0,0,40,8,48,19,46,61,8,134,0,0,0,134
10/15/2010,PSP,CA,AWP,WE,Towers with Radar,23,49,19,1,92,0,4,49,4,57,23,53,68,5,149,28,0,28,177
10/16/2010,PSP,CA,AWP,WE,Towers with Radar,19,38,23,1,81,0,10,48,1,59,19,48,71,2,140,8,0,8,148
10/17/2010,PSP,CA,AWP,WE,Towers with Radar,21,42,29,1,93,0,5,38,0,43,21,47,67,1,136,6,0,6,142
10/18/2010,PSP,CA,AWP,WE,Towers with Radar,20,50,23,1,94,0,2,18,4,24,20,52,41,5,118,50,0,50,168
10/19/2010,PSP,CA,AWP,WE,Towers with Radar,22,52,18,0,92,0,0,5,0,5,22,52,23,0,97,0,0,0,97
10/20/2010,PSP,CA,AWP,WE,Towers with Radar,23,41,20,0,84,0,0,17,0,17,23,41,37,0,101,14,0,14,115
10/21/2010,PSP,CA,AWP,WE,Towers with Radar,19,56,28,0,103,0,1,34,4,39,19,57,62,4,142,16,0,16,158
10/22/2010,PSP,CA,AWP,WE,Towers with Radar,24,49,25,4,102,0,2,40,0,42,24,51,65,4,144,18,0,18,162
10/23/2010,PSP,CA,AWP,WE,Towers with Radar,23,35,15,1,74,0,24,50,0,74,23,59,65,1,148,10,0,10,158
10/24/2010,PSP,CA,AWP,WE,Towers with Radar,18,44,25,2,89,0,2,37,2,41,18,46,62,4,130,6,0,6,136
10/25/2010,PSP,CA,AWP,WE,Towers with Radar,22,50,22,0,94,0,0,24,4,28,22,50,46,4,122,20,0,20,142
10/26/2010,PSP,CA,AWP,WE,Towers with Radar,18,51,16,4,89,0,2,38,3,43,18,53,54,7,132,20,2,22,154
10/27/2010,PSP,CA,AWP,WE,Towers with Radar,23,49,15,1,88,0,0,34,4,38,23,49,49,5,126,14,0,14,140
10/28/2010,PSP,CA,AWP,WE,Towers with Radar,18,48,14,0,80,0,2,55,0,57,18,50,69,0,137,36,0,36,173
10/29/2010,PSP,CA,AWP,WE,Towers with Radar,23,55,27,1,106,0,2,45,1,48,23,57,72,2,154,70,0,70,224
10/30/2010,PSP,CA,AWP,WE,Towers with Radar,20,50,12,0,82,0,2,31,0,33,20,52,43,0,115,48,0,48,163
10/31/2010,PSP,CA,AWP,WE,Towers with Radar,24,56,50,0,130,0,1,50,0,51,24,57,100,0,181,22,0,22,203
11/01/2010,PSP,CA,AWP,WE,Towers with Radar,32,55,37,1,125,0,2,46,1,49,32,57,83,2,174,10,0,10,184
11/02/2010,PSP,CA,AWP,WE,Towers with Radar,26,61,31,1,119,0,3,21,0,24,26,64,52,1,143,0,0,0,143
11/03/2010,PSP,CA,AWP,WE,Towers with Radar,27,65,52,2,146,0,1,43,1,45,27,66,95,3,191,28,0,28,219
11/04/2010,PSP,CA,AWP,WE,Towers with Radar,30,67,36,2,135,0,4,45,2,51,30,71,81,4,186,112,0,112,298
11/05/2010,PSP,CA,AWP,WE,Towers with Radar,30,71,27,0,128,0,2,51,0,53,30,73,78,0,181,36,0,36,217
11/06/2010,PSP,CA,AWP,WE,Towers with Radar,33,49,23,0,105,0,3,57,1,61,33,52,80,1,166,116,0,116,282
11/07/2010,PSP,CA,AWP,WE,Towers with Radar,40,56,35,2,133,0,1,40,1,42,40,57,75,3,175,68,0,68,243
11/08/2010,PSP,CA,AWP,WE,Towers with Radar,40,58,30,0,128,0,0,20,2,22,40,58,50,2,150,20,0,20,170
11/09/2010,PSP,CA,AWP,WE,Towers with Radar,36,52,27,1,116,0,3,30,4,37,36,55,57,5,153,10,0,10,163
11/10/2010,PSP,CA,AWP,WE,Towers with Radar,35,68,42,3,148,0,1,36,7,44,35,69,78,10,192,20,0,20,212
11/11/2010,PSP,CA,AWP,WE,Towers with Radar,36,66,49,2,153,0,0,34,14,48,36,66,83,16,201,8,0,8,209
11/12/2010,PSP,CA,AWP,WE,Towers with Radar,41,59,48,0,148,0,4,53,6,63,41,63,101,6,211,68,0,68,279
11/13/2010,PSP,CA,AWP,WE,Towers with Radar,45,42,23,0,110,0,8,68,4,80,45,50,91,4,190,28,0,28,218
11/14/2010,PSP,CA,AWP,WE,Towers with Radar,36,74,29,0,139,0,3,55,8,66,36,77,84,8,205,8,0,8,213
11/15/2010,PSP,CA,AWP,WE,Towers with Radar,40,58,18,0,116,0,0,40,1,41,40,58,58,1,157,16,0,16,173
11/16/2010,PSP,CA,AWP,WE,Towers with Radar,28,67,21,1,117,0,2,38,0,40,28,69,59,1,157,20,0,20,177
11/17/2010,PSP,CA,AWP,WE,Towers with Radar,38,58,17,0,113,0,1,53,0,54,38,59,70,0,167,32,0,32,199
11/18/2010,PSP,CA,AWP,WE,Towers with Radar,37,51,40,0,128,0,6,54,0,60,37,57,94,0,188,10,0,10,198
11/19/2010,PSP,CA,AWP,WE,Towers with Radar,38,62,44,0,144,0,3,38,4,45,38,65,82,4,189,16,0,16,205
11/20/2010,PSP,CA,AWP,WE,Towers with Radar,41,60,17,1,119,0,1,40,0,41,41,61,57,1,160,28,0,28,188
11/21/2010,PSP,CA,AWP,WE,Towers with Radar,39,73,30,3,145,0,2,16,2,20,39,75,46,5,165,0,0,0,165
11/22/2010,PSP,CA,AWP,WE,Towers with Radar,40,58,24,1,123,0,2,53,3,58,40,60,77,4,181,20,0,20,201
11/23/2010,PSP,CA,AWP,WE,Towers with Radar,35,61,23,2,121,0,2,33,1,36,35,63,56,3,157,10,0,10,167
11/24/2010,PSP,CA,AWP,WE,Towers with Radar,41,63,44,1,149,0,5,42,0,47,41,68,86,1,196,16,0,16,212
11/25/2010,PSP,CA,AWP,WE,Towers with Radar,26,34,3,0,63,0,3,27,2,32,26,37,30,2,95,14,0,14,109
11/26/2010,PSP,CA,AWP,WE,Towers with Radar,37,43,32,0,112,0,5,63,0,68,37,48,95,0,180,13,0,13,193
11/27/2010,PSP,CA,AWP,WE,Towers with Radar,42,63,28,0,133,0,9,72,0,81,42,72,100,0,214,106,0,106,320
11/28/2010,PSP,CA,AWP,WE,Towers with Radar,39,81,72,0,192,0,1,37,0,38,39,82,109,0,230,8,0,8,238
11/29/2010,PSP,CA,AWP,WE,Towers with Radar,40,60,30,0,130,0,2,35,0,37,40,62,65,0,167,40,0,40,207
11/30/2010,PSP,CA,AWP,WE,Towers with Radar,32,54,18,0,104,0,3,37,0,40,32,57,55,0,144,20,0,20,164
12/01/2010,PSP,CA,AWP,WE,Towers with Radar,37,59,13,6,115,0,0,28,0,28,37,59,41,6,143,12,2,14,157
12/02/2010,PSP,CA,AWP,WE,Towers with Radar,34,55,19,3,111,0,6,51,2,59,34,61,70,5,170,30,0,30,200
12/03/2010,PSP,CA,AWP,WE,Towers with Radar,34,60,21,1,116,0,3,35,2,40,34,63,56,3,156,22,0,22,178
12/04/2010,PSP,CA,AWP,WE,Towers with Radar,40,45,10,0,95,0,0,56,0,56,40,45,66,0,151,52,0,52,203
12/05/2010,PSP,CA,AWP,WE,Towers with Radar,41,57,36,0,134,0,2,23,0,25,41,59,59,0,159,24,0,24,183
12/06/2010,PSP,CA,AWP,WE,Towers with Radar,41,64,22,0,127,0,2,36,0,38,41,66,58,0,165,12,0,12,177
12/07/2010,PSP,CA,AWP,WE,Towers with Radar,33,54,23,0,110,0,1,36,0,37,33,55,59,0,147,10,0,10,157
12/08/2010,PSP,CA,AWP,WE,Towers with Radar,38,49,17,0,104,0,2,26,0,28,38,51,43,0,132,16,0,16,148
12/09/2010,PSP,CA,AWP,WE,Towers with Radar,31,59,26,0,116,0,5,49,2,56,31,64,75,2,172,14,2,16,188
12/10/2010,PSP,CA,AWP,WE,Towers with Radar,39,59,20,0,118,0,4,37,4,45,39,63,57,4,163,0,0,0,163
12/11/2010,PSP,CA,AWP,WE,Towers with Radar,38,45,25,0,108,0,2,54,1,57,38,47,79,1,165,16,0,16,181
12/12/2010,PSP,CA,AWP,WE,Towers with Radar,28,58,20,3,109,0,0,60,0,60,28,58,80,3,169,32,0,32,201
12/13/2010,PSP,CA,AWP,WE,Towers with Radar,35,54,27,0,116,0,0,48,0,48,35,54,75,0,164,10,0,10,174
12/14/2010,PSP,CA,AWP,WE,Towers with Radar,33,46,19,0,98,0,1,28,0,29,33,47,47,0,127,8,0,8,135
12/15/2010,PSP,CA,AWP,WE,Towers with Radar,41,51,27,0,119,0,5,24,0,29,41,56,51,0,148,0,0,0,148
12/16/2010,PSP,CA,AWP,WE,Towers with Radar,35,46,14,2,97,0,1,23,11,35,35,47,37,13,132,36,0,36,168
12/17/2010,PSP,CA,AWP,WE,Towers with Radar,36,58,36,2,132,0,2,9,1,12,36,60,45,3,144,0,0,0,144
12/18/2010,PSP,CA,AWP,WE,Towers with Radar,37,54,14,6,111,0,2,14,3,19,37,56,28,9,130,8,0,8,138
12/19/2010,PSP,CA,AWP,WE,Towers with Radar,30,28,16,1,75,0,0,4,0,4,30,28,20,1,79,0,0,0,79
12/20/2010,PSP,CA,AWP,WE,Towers with Radar,44,42,11,0,97,0,2,6,0,8,44,44,17,0,105,10,0,10,115
12/21/2010,PSP,CA,AWP,WE,Towers with Radar,35,58,15,0,108,0,0,4,0,4,35,58,19,0,112,0,0,0,112
12/22/2010,PSP,CA,AWP,WE,Towers with Radar,40,50,15,0,105,0,0,2,0,2,40,50,17,0,107,0,0,0,107
12/23/2010,PSP,CA,AWP,WE,Towers with Radar,36,60,33,0,129,0,0,26,0,26,36,60,59,0,155,0,0,0,155
12/24/2010,PSP,CA,AWP,WE,Towers with Radar,39,48,14,0,101,0,0,42,0,42,39,48,56,0,143,40,0,40,183
12/25/2010,PSP,CA,AWP,WE,Towers with Radar,36,44,3,0,83,0,0,13,0,13,36,44,16,0,96,4,0,4,100
12/26/2010,PSP,CA,AWP,WE,Towers with Radar,35,64,37,0,136,0,0,52,0,52,35,64,89,0,188,50,0,50,238
12/27/2010,PSP,CA,AWP,WE,Towers with Radar,42,70,40,0,152,0,3,60,0,63,42,73,100,0,215,70,0,70,285
12/28/2010,PSP,CA,AWP,WE,Towers with Radar,35,77,31,8,151,0,0,94,6,100,35,77,125,14,251,50,30,80,331
12/29/2010,PSP,CA,AWP,WE,Towers with Radar,43,66,29,4,142,0,0,24,0,24,43,66,53,4,166,52,0,52,218
12/30/2010,PSP,CA,AWP,WE,Towers with Radar,39,56,23,0,118,0,0,55,0,55,39,56,78,0,173,18,0,18,191
12/31/2010,PSP,CA,AWP,WE,Towers with Radar,40,52,19,0,111,0,2,48,0,50,40,54,67,0,161,52,0,52,213
01/01/2011,PSP,CA,AWP,WE,Towers with Radar,42,51,18,0,111,0,8,52,0,60,42,59,70,0,171,46,0,46,217
01/02/2011,PSP,CA,AWP,WE,Towers with Radar,38,66,52,0,156,0,0,27,0,27,38,66,79,0,183,36,0,36,219
01/03/2011,PSP,CA,AWP,WE,Towers with Radar,41,57,17,0,115,0,6,4,0,10,41,63,21,0,125,0,0,0,125
01/04/2011,PSP,CA,AWP,WE,Towers with Radar,39,61,13,0,113,0,0,35,0,35,39,61,48,0,148,32,0,32,180
01/05/2011,PSP,CA,AWP,WE,Towers with Radar,42,60,35,2,139,0,2,36,0,38,42,62,71,2,177,10,0,10,187
01/06/2011,PSP,CA,AWP,WE,Towers with Radar,37,72,33,2,144,0,3,34,2,39,37,75,67,4,183,0,0,0,183
01/07/2011,PSP,CA,AWP,WE,Towers with Radar,38,64,40,2,144,0,0,28,15,43,38,64,68,17,187,18,2,20,207
01/08/2011,PSP,CA,AWP,WE,Towers with Radar,43,62,24,10,139,0,0,62,18,80,43,62,86,28,219,48,0,48,267
01/09/2011,PSP,CA,AWP,WE,Towers with Radar,35,79,37,9,160,0,0,54,8,62,35,79,91,17,222,20,0,20,242
01/10/2011,PSP,CA,AWP,WE,Towers with Radar,40,60,20,0,120,0,1,32,2,35,40,61,52,2,155,30,0,30,185
01/11/2011,PSP,CA,AWP,WE,Towers with Radar,34,58,29,0,121,0,0,33,16,49,34,58,62,16,170,8,0,8,178
01/12/2011,PSP,CA,AWP,WE,Towers with Radar,35,59,34,2,130,0,0,44,2,46,35,59,78,4,176,6,0,6,182
01/13/2011,PSP,CA,AWP,WE,Towers with Radar,35,65,39,1,140,0,12,51,3,66,35,77,90,4,206,10,0,10,216
01/14/2011,PSP,CA,AWP,WE,Towers with Radar,37,72,42,6,157,0,2,53,15,70,37,74,95,21,227,2,0,2,229
01/15/2011,PSP,CA,AWP,WE,Towers with Radar,40,44,28,3,115,0,1,77,6,84,40,45,105,9,199,58,0,58,257
01/16/2011,PSP,CA,AWP,WE,Towers with Radar,39,55,15,0,109,0,0,84,0,84,39,55,99,0,193,34,0,34,227
01/17/2011,PSP,CA,AWP,WE,Towers with Radar,40,72,44,0,156,0,2,45,0,47,40,74,89,0,203,30,0,30,233
01/18/2011,PSP,CA,AWP,WE,Towers with Radar,32,63,33,1,129,0,5,48,8,61,32,68,81,9,190,30,0,30,220
01/19/2011,PSP,CA,AWP,WE,Towers with Radar,33,61,39,3,136,0,0,32,3,35,33,61,71,6,171,8,0,8,179
01/20/2011,PSP,CA,AWP,WE,Towers with Radar,36,63,36,1,136,0,1,38,5,44,36,64,74,6,180,34,0,34,214
01/21/2011,PSP,CA,AWP,WE,Towers with Radar,42,65,20,0,127,0,0,53,4,57,42,65,73,4,184,20,0,20,204
01/22/2011,PSP,CA,AWP,WE,Towers with Radar,38,53,28,0,119,0,1,57,6,64,38,54,85,6,183,40,0,40,223
01/23/2011,PSP,CA,AWP,WE,Towers with Radar,38,65,39,2,144,0,0,43,1,44,38,65,82,3,188,23,0,23,211
01/24/2011,PSP,CA,AWP,WE,Towers with Radar,36,70,16,4,126,0,2,36,3,41,36,72,52,7,167,10,0,10,177
01/25/2011,PSP,CA,AWP,WE,Towers with Radar,33,57,20,2,112,0,0,26,8,34,33,57,46,10,146,12,0,12,158
01/26/2011,PSP,CA,AWP,WE,Towers with Radar,32,62,31,4,129,0,0,32,2,34,32,62,63,6,163,8,0,8,171
01/27/2011,PSP,CA,AWP,WE,Towers with Radar,35,63,29,4,131,0,0,32,11,43,35,63,61,15,174,0,0,0,174
01/28/2011,PSP,CA,AWP,WE,Towers with Radar,37,67,38,7,149,0,2,37,1,40,37,69,75,8,189,24,0,24,213
01/29/2011,PSP,CA,AWP,WE,Towers with Radar,40,65,36,6,147,0,0,84,7,91,40,65,120,13,238,46,0,46,284
01/30/2011,PSP,CA,AWP,WE,Towers with Radar,39,92,39,2,172,0,4,31,2,37,39,96,70,4,209,4,0,4,213
01/31/2011,PSP,CA,AWP,WE,Towers with Radar,40,80,46,5,171,0,1,40,2,43,40,81,86,7,214,0,0,0,214
02/01/2011,PSP,CA,AWP,WE,Towers with Radar,26,80,38,2,146,0,2,22,0,24,26,82,60,2,170,10,0,10,180
02/02/2011,PSP,CA,AWP,WE,Towers with Radar,32,75,18,2,127,0,1,20,2,23,32,76,38,4,150,30,0,30,180
02/03/2011,PSP,CA,AWP,WE,Towers with Radar,33,65,34,0,132,0,0,43,0,43,33,65,77,0,175,20,0,20,195
02/04/2011,PSP,CA,AWP,WE,Towers with Radar,34,64,37,5,140,1,2,70,2,75,35,66,107,7,215,70,0,70,285
02/05/2011,PSP,CA,AWP,WE,Towers with Radar,42,65,14,4,125,0,0,73,1,74,42,65,87,5,199,82,0,82,281
02/06/2011,PSP,CA,AWP,WE,Towers with Radar,42,66,29,2,139,0,0,39,2,41,42,66,68,4,180,26,0,26,206
02/07/2011,PSP,CA,AWP,WE,Towers with Radar,40,70,28,3,141,0,6,30,0,36,40,76,58,3,177,10,0,10,187
02/08/2011,PSP,CA,AWP,WE,Towers with Radar,30,65,24,5,124,0,0,36,0,36,30,65,60,5,160,10,0,10,170
02/09/2011,PSP,CA,AWP,WE,Towers with Radar,32,66,32,4,134,0,10,43,2,55,32,76,75,6,189,58,0,58,247
02/10/2011,PSP,CA,AWP,WE,Towers with Radar,34,63,35,2,134,0,0,44,1,45,34,63,79,3,179,26,0,26,205
02/11/2011,PSP,CA,AWP,WE,Towers with Radar,36,71,37,1,145,0,1,35,3,39,36,72,72,4,184,20,0,20,204
02/12/2011,PSP,CA,AWP,WE,Towers with Radar,44,48,30,2,124,0,0,78,1,79,44,48,108,3,203,68,0,68,271
02/13/2011,PSP,CA,AWP,WE,Towers with Radar,37,71,32,3,143,0,1,73,0,74,37,72,105,3,217,36,0,36,253
02/14/2011,PSP,CA,AWP,WE,Towers with Radar,40,62,17,0,119,0,2,57,0,59,40,64,74,0,178,30,0,30,208
02/15/2011,PSP,CA,AWP,WE,Towers with Radar,32,72,30,1,135,0,2,26,0,28,32,74,56,1,163,24,0,24,187
02/16/2011,PSP,CA,AWP,WE,Towers with Radar,38,73,37,3,151,0,0,17,0,17,38,73,54,3,168,14,0,14,182
02/17/2011,PSP,CA,AWP,WE,Towers with Radar,38,63,48,0,149,0,0,48,0,48,38,63,96,0,197,10,0,10,207
02/18/2011,PSP,CA,AWP,WE,Towers with Radar,41,73,55,3,172,0,5,18,1,24,41,78,73,4,196,10,0,10,206
02/19/2011,PSP,CA,AWP,WE,Towers with Radar,47,51,23,3,124,0,0,12,2,14,47,51,35,5,138,22,0,22,160
02/20/2011,PSP,CA,AWP,WE,Towers with Radar,44,57,42,1,144,0,0,23,11,34,44,57,65,12,178,22,0,22,200
02/21/2011,PSP,CA,AWP,WE,Towers with Radar,46,72,34,1,153,0,8,51,13,72,46,80,85,14,225,20,0,20,245
02/22/2011,PSP,CA,AWP,WE,Towers with Radar,37,63,35,0,135,0,5,45,13,63,37,68,80,13,198,46,0,46,244
02/23/2011,PSP,CA,AWP,WE,Towers with Radar,45,66,29,1,141,0,1,23,1,25,45,67,52,2,166,2,0,2,168
02/24/2011,PSP,CA,AWP,WE,Towers with Radar,39,62,31,0,132,0,2,25,9,36,39,64,56,9,168,0,0,0,168
02/25/2011,PSP,CA,AWP,WE,Towers with Radar,44,75,39,2,160,0,1,30,0,31,44,76,69,2,191,14,8,22,213
02/26/2011,PSP,CA,AWP,WE,Towers with Radar,46,50,21,0,117,0,0,20,2,22,46,50,41,2,139,14,0,14,153
02/27/2011,PSP,CA,AWP,WE,Towers with Radar,40,71,27,0,138,0,0,48,2,50,40,71,75,2,188,14,0,14,202
02/28/2011,PSP,CA,AWP,WE,Towers with Radar,47,62,29,0,138,1,0,33,2,36,48,62,62,2,174,30,0,30,204
03/01/2011,PSP,CA,AWP,WE,Towers with Radar,39,58,26,0,123,0,6,65,2,73,39,64,91,2,196,36,0,36,232
03/02/2011,PSP,CA,AWP,WE,Towers with Radar,43,56,31,2,132,0,2,39,0,41,43,58,70,2,173,28,0,28,201
03/03/2011,PSP,CA,AWP,WE,Towers with Radar,37,70,34,0,141,0,0,38,0,38,37,70,72,0,179,16,0,16,195
03/04/2011,PSP,CA,AWP,WE,Towers with Radar,46,64,37,0,147,0,4,55,2,61,46,68,92,2,208,58,0,58,266
03/05/2011,PSP,CA,AWP,WE,Towers with Radar,45,59,26,0,130,0,1,80,0,81,45,60,106,0,211,64,0,64,275
03/06/2011,PSP,CA,AWP,WE,Towers with Radar,41,81,43,2,167,0,5,48,2,55,41,86,91,4,222,0,0,0,222
03/07/2011,PSP,CA,AWP,WE,Towers with Radar,46,60,22,1,129,0,0,8,1,9,46,60,30,2,138,10,0,10,148
03/08/2011,PSP,CA,AWP,WE,Towers with Radar,37,60,33,0,130,0,3,32,8,43,37,63,65,8,173,10,2,12,185
03/09/2011,PSP,CA,AWP,WE,Towers with Radar,46,72,35,0,153,0,3,53,6,62,46,75,88,6,215,52,0,52,267
03/10/2011,PSP,CA,AWP,WE,Towers with Radar,39,74,37,2,152,0,1,59,4,64,39,75,96,6,216,12,0,12,228
03/11/2011,PSP,CA,AWP,WE,Towers with Radar,42,87,34,2,165,0,1,49,6,56,42,88,83,8,221,12,0,12,233
03/12/2011,PSP,CA,AWP,WE,Towers with Radar,46,66,38,0,150,0,2,73,8,83,46,68,111,8,233,52,0,52,285
03/13/2011,PSP,CA,AWP,WE,Towers with Radar,41,83,50,2,176,0,4,52,3,59,41,87,102,5,235,38,0,38,273
03/14/2011,PSP,CA,AWP,WE,Towers with Radar,44,74,30,0,148,0,4,36,0,40,44,78,66,0,188,60,0,60,248
03/15/2011,PSP,CA,AWP,WE,Towers with Radar,38,59,33,0,130,0,4,53,2,59,38,63,86,2,189,24,0,24,213
03/16/2011,PSP,CA,AWP,WE,Towers with Radar,44,62,30,0,136,0,5,53,0,58,44,67,83,0,194,24,0,24,218
03/17/2011,PSP,CA,AWP,WE,Towers with Radar,37,82,45,1,165,0,3,67,3,73,37,85,112,4,238,30,0,30,268
03/18/2011,PSP,CA,AWP,WE,Towers with Radar,40,67,61,3,171,0,10,45,8,63,40,77,106,11,234,42,0,42,276
03/19/2011,PSP,CA,AWP,WE,Towers with Radar,49,76,31,0,156,0,0,82,7,89,49,76,113,7,245,158,0,158,403
03/20/2011,PSP,CA,AWP,WE,Towers with Radar,46,88,52,0,186,0,9,26,3,38,46,97,78,3,224,30,0,30,254
03/21/2011,PSP,CA,AWP,WE,Towers with Radar,46,64,32,0,142,0,1,14,1,16,46,65,46,1,158,10,0,10,168
03/22/2011,PSP,CA,AWP,WE,Towers with Radar,38,65,23,1,127,0,4,27,4,35,38,69,50,5,162,14,0,14,176
03/23/2011,PSP,CA,AWP,WE,Towers with Radar,46,66,18,0,130,0,2,20,0,22,46,68,38,0,152,24,0,24,176
03/24/2011,PSP,CA,AWP,WE,Towers with Radar,41,61,31,0,133,0,3,29,0,32,41,64,60,0,165,20,0,20,185
03/25/2011,PSP,CA,AWP,WE,Towers with Radar,42,79,46,3,170,0,3,35,10,48,42,82,81,13,218,8,0,8,226
03/26/2011,PSP,CA,AWP,WE,Towers with Radar,43,65,23,1,132,0,6,43,2,51,43,71,66,3,183,28,0,28,211
03/27/2011,PSP,CA,AWP,WE,Towers with Radar,41,74,52,1,168,0,1,29,1,31,41,75,81,2,199,10,0,10,209
03/28/2011,PSP,CA,AWP,WE,Towers with Radar,44,75,30,0,149,0,0,40,0,40,44,75,70,0,189,32,0,32,221
03/29/2011,PSP,CA,AWP,WE,Towers with Radar,39,78,17,0,134,0,5,53,0,58,39,83,70,0,192,40,0,40,232
03/30/2011,PSP,CA,AWP,WE,Towers with Radar,49,68,30,1,148,0,4,45,0,49,49,72,75,1,197,10,0,10,207
03/31/2011,PSP,CA,AWP,WE,Towers with Radar,40,68,29,0,137,0,2,55,0,57,40,70,84,0,194,0,0,0,194
04/01/2011,PSP,CA,AWP,WE,Towers with Radar,41,78,39,0,158,0,1,67,0,68,41,79,106,0,226,8,0,8,234
04/02/2011,PSP,CA,AWP,WE,Towers with Radar,47,62,28,0,137,0,5,55,0,60,47,67,83,0,197,26,0,26,223
04/03/2011,PSP,CA,AWP,WE,Towers with Radar,42,77,38,0,157,0,1,30,0,31,42,78,68,0,188,18,0,18,206
04/04/2011,PSP,CA,AWP,WE,Towers with Radar,46,66,30,0,142,0,5,36,0,41,46,71,66,0,183,30,0,30,213
04/05/2011,PSP,CA,AWP,WE,Towers with Radar,38,69,28,1,136,0,2,41,10,53,38,71,69,11,189,20,2,22,211
04/06/2011,PSP,CA,AWP,WE,Towers with Radar,46,60,21,0,127,0,3,40,0,43,46,63,61,0,170,10,0,10,180
04/07/2011,PSP,CA,AWP,WE,Towers with Radar,40,67,27,1,135,0,1,33,2,36,40,68,60,3,171,6,0,6,177
04/08/2011,PSP,CA,AWP,WE,Towers with Radar,43,64,30,4,141,0,8,32,4,44,43,72,62,8,185,14,0,14,199
04/09/2011,PSP,CA,AWP,WE,Towers with Radar,42,64,24,0,130,0,1,103,0,104,42,65,127,0,234,44,0,44,278
04/10/2011,PSP,CA,AWP,WE,Towers with Radar,44,75,34,0,153,0,0,107,0,107,44,75,141,0,260,74,0,74,334
04/11/2011,PSP,CA,AWP,WE,Towers with Radar,44,74,26,8,152,0,6,49,4,59,44,80,75,12,211,30,0,30,241
04/12/2011,PSP,CA,AWP,WE,Towers with Radar,34,67,19,0,120,0,3,56,5,64,34,70,75,5,184,32,0,32,216
04/13/2011,PSP,CA,AWP,WE,Towers with Radar,40,68,26,2,136,0,0,40,0,40,40,68,66,2,176,30,0,30,206
04/14/2011,PSP,CA,AWP,WE,Towers with Radar,45,60,36,1,142,0,4,49,2,55,45,64,85,3,197,36,0,36,233
04/15/2011,PSP,CA,AWP,WE,Towers with Radar,46,61,57,0,164,0,1,76,11,88,46,62,133,11,252,108,0,108,360
04/16/2011,PSP,CA,AWP,WE,Towers with Radar,44,54,30,0,128,0,4,72,9,85,44,58,102,9,213,20,0,20,233
04/17/2011,PSP,CA,AWP,WE,Towers with Radar,38,71,42,2,153,0,0,58,1,59,38,71,100,3,212,16,0,16,228
04/18/2011,PSP,CA,AWP,WE,Towers with Radar,44,62,38,0,144,0,0,43,4,47,44,62,81,4,191,10,0,10,201
04/19/2011,PSP,CA,AWP,WE,Towers with Radar,34,61,28,0,123,0,5,40,15,60,34,66,68,15,183,2,0,2,185
04/20/2011,PSP,CA,AWP,WE,Towers with Radar,42,56,32,3,133,0,0,30,10,40,42,56,62,13,173,2,0,2,175
04/21/2011,PSP,CA,AWP,WE,Towers with Radar,41,64,51,0,156,0,4,19,0,23,41,68,70,0,179,2,4,6,185
04/22/2011,PSP,CA,AWP,WE,Towers with Radar,40,69,34,6,149,0,9,45,0,54,40,78,79,6,203,0,2,2,205
04/23/2011,PSP,CA,AWP,WE,Towers with Radar,45,47,14,0,106,0,8,30,0,38,45,55,44,0,144,32,0,32,176
04/24/2011,PSP,CA,AWP,WE,Towers with Radar,40,65,26,5,136,0,2,13,2,17,40,67,39,7,153,2,0,2,155
04/25/2011,PSP,CA,AWP,WE,Towers with Radar,44,64,30,0,138,0,4,34,2,40,44,68,64,2,178,20,2,22,200
04/26/2011,PSP,CA,AWP,WE,Towers with Radar,32,67,18,0,117,0,2,37,2,41,32,69,55,2,158,32,0,32,190
04/27/2011,PSP,CA,AWP,WE,Towers with Radar,39,66,32,3,140,0,1,49,0,50,39,67,81,3,190,14,0,14,204
04/28/2011,PSP,CA,AWP,WE,Towers with Radar,34,66,25,1,126,0,5,41,3,49,34,71,66,4,175,16,0,16,191
04/29/2011,PSP,CA,AWP,WE,Towers with Radar,34,67,36,4,141,0,7,38,5,50,34,74,74,9,191,0,0,0,191
04/30/2011,PSP,CA,AWP,WE,Towers with Radar,40,54,24,0,118,0,2,37,5,44,40,56,61,5,162,88,0,88,250
05/01/2011,PSP,CA,AWP,WE,Towers with Radar,33,72,44,2,151,0,0,47,1,48,33,72,91,3,199,34,0,34,233
05/02/2011,PSP,CA,AWP,WE,Towers with Radar,28,59,34,0,121,0,2,48,0,50,28,61,82,0,171,20,0,20,191
05/03/2011,PSP,CA,AWP,WE,Towers with Radar,20,56,32,0,108,0,5,46,0,51,20,61,78,0,159,22,0,22,181
05/04/2011,PSP,CA,AWP,WE,Towers with Radar,27,61,33,0,121,0,3,38,0,41,27,64,71,0,162,36,0,36,198
05/05/2011,PSP,CA,AWP,WE,Towers with Radar,25,72,19,0,116,0,2,31,0,33,25,74,50,0,149,76,0,76,225
05/06/2011,PSP,CA,AWP,WE,Towers with Radar,22,64,20,0,106,0,1,56,4,61,22,65,76,4,167,32,0,32,199
05/07/2011,PSP,CA,AWP,WE,Towers with Radar,22,61,21,0,104,0,0,55,2,57,22,61,76,2,161,40,0,40,201
05/08/2011,PSP,CA,AWP,WE,Towers with Radar,21,64,25,0,110,0,2,18,0,20,21,66,43,0,130,10,0,10,140
05/09/2011,PSP,CA,AWP,WE,Towers with Radar,28,58,10,0,96,0,10,25,2,37,28,68,35,2,133,20,0,20,153
05/10/2011,PSP,CA,AWP,WE,Towers with Radar,26,52,15,0,93,0,0,27,0,27,26,52,42,0,120,10,0,10,130
05/11/2011,PSP,CA,AWP,WE,Towers with Radar,24,58,24,1,107,0,0,35,1,36,24,58,59,2,143,8,0,8,151
05/12/2011,PSP,CA,AWP,WE,Towers with Radar,20,61,27,0,108,0,1,41,2,44,20,62,68,2,152,40,0,40,192
05/13/2011,PSP,CA,AWP,WE,Towers with Radar,22,53,11,8,94,0,1,51,11,63,22,54,62,19,157,2,0,2,159
05/14/2011,PSP,CA,AWP,WE,Towers with Radar,24,51,16,5,96,0,0,44,8,52,24,51,60,13,148,0,0,0,148
05/15/2011,PSP,CA,AWP,WE,Towers with Radar,20,60,22,4,106,0,4,31,5,40,20,64,53,9,146,20,0,20,166
05/16/2011,PSP,CA,AWP,WE,Towers with Radar,20,62,27,2,111,0,1,20,2,23,20,63,47,4,134,20,0,20,154
05/17/2011,PSP,CA,AWP,WE,Towers with Radar,15,41,19,0,75,0,2,14,0,16,15,43,33,0,91,2,0,2,93
05/18/2011,PSP,CA,AWP,WE,Towers with Radar,19,54,20,1,94,0,1,8,3,12,19,55,28,4,106,10,0,10,116
05/19/2011,PSP,CA,AWP,WE,Towers with Radar,17,59,28,1,105,0,7,36,8,51,17,66,64,9,156,18,0,18,174
05/20/2011,PSP,CA,AWP,WE,Towers with Radar,19,58,32,5,114,0,1,70,3,74,19,59,102,8,188,18,0,18,206
05/21/2011,PSP,CA,AWP,WE,Towers with Radar,19,48,16,0,83,0,7,53,2,62,19,55,69,2,145,0,0,0,145
05/22/2011,PSP,CA,AWP,WE,Towers with Radar,24,54,32,1,111,0,2,41,3,46,24,56,73,4,157,6,0,6,163
05/23/2011,PSP,CA,AWP,WE,Towers with Radar,22,60,25,0,107,0,1,13,0,14,22,61,38,0,121,10,0,10,131
05/24/2011,PSP,CA,AWP,WE,Towers with Radar,16,47,22,0,85,0,2,23,0,25,16,49,45,0,110,0,0,0,110
05/25/2011,PSP,CA,AWP,WE,Towers with Radar,16,43,18,2,79,0,4,37,1,42,16,47,55,3,121,20,0,20,141
05/26/2011,PSP,CA,AWP,WE,Towers with Radar,11,56,23,1,91,0,9,34,6,49,11,65,57,7,140,18,0,18,158
05/27/2011,PSP,CA,AWP,WE,Towers with Radar,17,49,17,11,94,0,7,55,0,62,17,56,72,11,156,30,0,30,186
05/28/2011,PSP,CA,AWP,WE,Towers with Radar,14,43,8,1,66,0,3,42,1,46,14,46,50,2,112,2,0,2,114
05/29/2011,PSP,CA,AWP,WE,Towers with Radar,14,34,15,2,65,0,1,27,1,29,14,35,42,3,94,12,0,12,106
05/30/2011,PSP,CA,AWP,WE,Towers with Radar,22,52,22,6,102,0,3,92,3,98,22,55,114,9,200,120,12,132,332
05/31/2011,PSP,CA,AWP,WE,Towers with Radar,18,54,19,3,94,0,3,44,5,52,18,57,63,8,146,4,0,4,150
06/01/2011,PSP,CA,AWP,WE,Towers with Radar,14,56,9,2,81,0,8,32,1,41,14,64,41,3,122,14,2,16,138
06/02/2011,PSP,CA,AWP,WE,Towers with Radar,19,46,18,1,84,0,2,21,4,27,19,48,39,5,111,36,0,36,147
06/03/2011,PSP,CA,AWP,WE,Towers with Radar,20,43,12,6,81,0,6,27,4,37,20,49,39,10,118,0,4,4,122
06/04/2011,PSP,CA,AWP,WE,Towers with Radar,20,38,12,2,72,0,3,39,1,43,20,41,51,3,115,2,0,2,117
06/05/2011,PSP,CA,AWP,WE,Towers with Radar,25,40,8,1,74,0,0,33,2,35,25,40,41,3,109,0,0,0,109
06/06/2011,PSP,CA,AWP,WE,Towers with Radar,18,44,13,1,76,0,3,29,1,33,18,47,42,2,109,0,0,0,109
06/07/2011,PSP,CA,AWP,WE,Towers with Radar,16,47,17,2,82,0,1,24,0,25,16,48,41,2,107,20,0,20,127
06/08/2011,PSP,CA,AWP,WE,Towers with Radar,18,46,16,0,80,0,0,33,0,33,18,46,49,0,113,20,0,20,133
06/09/2011,PSP,CA,AWP,WE,Towers with Radar,15,36,12,0,63,0,8,42,0,50,15,44,54,0,113,22,0,22,135
06/10/2011,PSP,CA,AWP,WE,Towers with Radar,12,40,14,5,71,0,3,47,5,55,12,43,61,10,126,18,2,20,146
06/11/2011,PSP,CA,AWP,WE,Towers with Radar,14,33,17,4,68,0,2,40,0,42,14,35,57,4,110,30,0,30,140
06/12/2011,PSP,CA,AWP,WE,Towers with Radar,16,31,20,2,69,0,1,42,1,44,16,32,62,3,113,12,0,12,125
06/13/2011,PSP,CA,AWP,WE,Towers with Radar,10,33,7,2,52,0,2,26,1,29,10,35,33,3,81,4,0,4,85
06/14/2011,PSP,CA,AWP,WE,Towers with Radar,10,37,10,2,59,0,3,27,5,35,10,40,37,7,94,4,0,4,98
06/15/2011,PSP,CA,AWP,WE,Towers with Radar,10,47,12,0,69,0,4,16,6,26,10,51,28,6,95,4,0,4,99
06/16/2011,PSP,CA,AWP,WE,Towers with Radar,12,36,10,5,63,0,7,30,5,42,12,43,40,10,105,20,0,20,125
06/17/2011,PSP,CA,AWP,WE,Towers with Radar,13,36,10,7,66,0,4,29,10,43,13,40,39,17,109,16,0,16,125
06/18/2011,PSP,CA,AWP,WE,Towers with Radar,11,38,5,1,55,0,0,37,1,38,11,38,42,2,93,0,0,0,93
06/19/2011,PSP,CA,AWP,WE,Towers with Radar,17,25,9,0,51,0,0,18,2,20,17,25,27,2,71,8,0,8,79
06/20/2011,PSP,CA,AWP,WE,Towers with Radar,10,34,10,0,54,0,2,30,3,35,10,36,40,3,89,20,0,20,109
06/21/2011,PSP,CA,AWP,WE,Towers with Radar,12,27,7,1,47,0,3,23,3,29,12,30,30,4,76,22,0,22,98
06/22/2011,PSP,CA,AWP,WE,Towers with Radar,11,35,13,4,63,0,2,19,7,28,11,37,32,11,91,0,2,2,93
06/23/2011,PSP,CA,AWP,WE,Towers with Radar,14,32,17,1,64,0,1,14,6,21,14,33,31,7,85,2,0,2,87
06/24/2011,PSP,CA,AWP,WE,Towers with Radar,12,32,13,0,57,0,3,37,4,44,12,35,50,4,101,8,0,8,109
06/25/2011,PSP,CA,AWP,WE,Towers with Radar,10,35,9,8,62,0,1,33,2,36,10,36,42,10,98,10,0,10,108
06/26/2011,PSP,CA,AWP,WE,Towers with Radar,15,32,13,3,63,0,0,28,3,31,15,32,41,6,94,10,0,10,104
06/27/2011,PSP,CA,AWP,WE,Towers with Radar,15,27,8,1,51,0,2,45,4,51,15,29,53,5,102,20,0,20,122
06/28/2011,PSP,CA,AWP,WE,Towers with Radar,12,31,22,0,65,0,5,28,3,36,12,36,50,3,101,2,0,2,103
06/29/2011,PSP,CA,AWP,WE,Towers with Radar,9,38,6,0,53,0,2,19,2,23,9,40,25,2,76,20,0,20,96
06/30/2011,PSP,CA,AWP,WE,Towers with Radar,12,42,11,7,72,0,1,45,3,49,12,43,56,10,121,12,4,16,137
07/01/2011,PSP,CA,AWP,WE,Towers with Radar,13,38,6,7,64,0,2,27,5,34,13,40,33,12,98,0,0,0,98
07/02/2011,PSP,CA,AWP,WE,Towers with Radar,12,29,5,6,52,0,6,34,3,43,12,35,39,9,95,12,0,12,107
07/03/2011,PSP,CA,AWP,WE,Towers with Radar,29,21,4,4,58,0,2,12,5,19,29,23,16,9,77,0,0,0,77
07/04/2011,PSP,CA,AWP,WE,Towers with Radar,13,25,6,0,44,0,0,12,0,12,13,25,18,0,56,6,0,6,62
07/05/2011,PSP,CA,AWP,WE,Towers with Radar,9,30,14,0,53,0,2,14,2,18,9,32,28,2,71,10,0,10,81
07/06/2011,PSP,CA,AWP,WE,Towers with Radar,11,40,5,0,56,0,9,20,17,46,11,49,25,17,102,4,0,4,106
07/07/2011,PSP,CA,AWP,WE,Towers with Radar,13,33,7,2,55,0,2,14,17,33,13,35,21,19,88,0,0,0,88
07/08/2011,PSP,CA,AWP,WE,Towers with Radar,10,39,6,4,59,0,3,25,3,31,10,42,31,7,90,0,2,2,92
07/09/2011,PSP,CA,AWP,WE,Towers with Radar,13,27,4,1,45,0,1,23,3,27,13,28,27,4,72,10,0,10,82
07/10/2011,PSP,CA,AWP,WE,Towers with Radar,17,26,6,2,51,0,0,20,0,20,17,26,26,2,71,50,0,50,121
07/11/2011,PSP,CA,AWP,WE,Towers with Radar,13,27,6,1,47,0,1,32,2,35,13,28,38,3,82,6,0,6,88
07/12/2011,PSP,CA,AWP,WE,Towers with Radar,10,38,17,5,70,0,2,12,7,21,10,40,29,12,91,4,4,8,99
07/13/2011,PSP,CA,AWP,WE,Towers with Radar,10,31,10,4,55,0,1,15,2,18,10,32,25,6,73,0,4,4,77
07/14/2011,PSP,CA,AWP,WE,Towers with Radar,14,30,8,0,52,0,2,23,6,31,14,32,31,6,83,4,0,4,87
07/15/2011,PSP,CA,AWP,WE,Towers with Radar,17,26,14,0,57,0,8,24,17,49,17,34,38,17,106,8,0,8,114
07/16/2011,PSP,CA,AWP,WE,Towers with Radar,11,32,2,2,47,0,2,40,11,53,11,34,42,13,100,12,0,12,112
07/17/2011,PSP,CA,AWP,WE,Towers with Radar,19,31,5,1,56,0,1,20,0,21,19,32,25,1,77,32,2,34,111
07/18/2011,PSP,CA,AWP,WE,Towers with Radar,13,32,9,0,54,0,0,13,12,25,13,32,22,12,79,12,0,12,91
07/19/2011,PSP,CA,AWP,WE,Towers with Radar,11,26,9,0,46,0,3,16,11,30,11,29,25,11,76,10,0,10,86
07/20/2011,PSP,CA,AWP,WE,Towers with Radar,12,36,8,0,56,0,4,10,3,17,12,40,18,3,73,4,0,4,77
07/21/2011,PSP,CA,AWP,WE,Towers with Radar,13,36,15,8,72,0,1,26,7,34,13,37,41,15,106,32,0,32,138
07/22/2011,PSP,CA,AWP,WE,Towers with Radar,14,33,10,12,69,0,4,15,6,25,14,37,25,18,94,6,2,8,102
07/23/2011,PSP,CA,AWP,WE,Towers with Radar,15,28,7,10,60,0,2,30,4,36,15,30,37,14,96,30,0,30,126
07/24/2011,PSP,CA,AWP,WE,Towers with Radar,16,33,9,8,66,0,2,24,0,26,16,35,33,8,92,12,0,12,104
07/25/2011,PSP,CA,AWP,WE,Towers with Radar,10,32,8,6,56,0,10,14,2,26,10,42,22,8,82,10,0,10,92
07/26/2011,PSP,CA,AWP,WE,Towers with Radar,10,31,4,0,45,0,2,13,3,18,10,33,17,3,63,0,0,0,63
07/27/2011,PSP,CA,AWP,WE,Towers with Radar,11,28,5,2,46,0,6,30,3,39,11,34,35,5,85,10,0,10,95
07/28/2011,PSP,CA,AWP,WE,Towers with Radar,11,30,10,0,51,0,2,33,0,35,11,32,43,0,86,8,0,8,94
07/29/2011,PSP,CA,AWP,WE,Towers with Radar,11,34,5,3,53,0,3,23,9,35,11,37,28,12,88,14,0,14,102
07/30/2011,PSP,CA,AWP,WE,Towers with Radar,12,31,4,11,58,0,4,25,7,36,12,35,29,18,94,14,0,14,108
07/31/2011,PSP,CA,AWP,WE,Towers with Radar,12,33,9,3,57,0,0,28,4,32,12,33,37,7,89,6,0,6,95
08/01/2011,PSP,CA,AWP,WE,Towers with Radar,13,31,6,0,50,0,0,26,4,30,13,31,32,4,80,10,0,10,90
08/02/2011,PSP,CA,AWP,WE,Towers with Radar,10,30,5,0,45,0,2,25,0,27,10,32,30,0,72,0,0,0,72
08/03/2011,PSP,CA,AWP,WE,Towers with Radar,12,32,13,1,58,0,1,9,5,15,12,33,22,6,73,10,2,12,85
08/04/2011,PSP,CA,AWP,WE,Towers with Radar,12,32,6,1,51,0,6,29,3,38,12,38,35,4,89,10,0,10,99
08/05/2011,PSP,CA,AWP,WE,Towers with Radar,11,32,12,5,60,0,1,20,1,22,11,33,32,6,82,30,0,30,112
08/06/2011,PSP,CA,AWP,WE,Towers with Radar,11,28,3,4,46,0,0,23,11,34,11,28,26,15,80,4,0,4,84
08/07/2011,PSP,CA,AWP,WE,Towers with Radar,15,32,2,15,64,0,2,41,5,48,15,34,43,20,112,2,0,2,114
08/08/2011,PSP,CA,AWP,WE,Towers with Radar,12,33,6,2,53,0,3,13,9,25,12,36,19,11,78,2,0,2,80
08/09/2011,PSP,CA,AWP,WE,Towers with Radar,10,35,5,2,52,0,2,15,3,20,10,37,20,5,72,0,0,0,72
08/10/2011,PSP,CA,AWP,WE,Towers with Radar,10,35,7,1,53,0,1,24,0,25,10,36,31,1,78,0,0,0,78
08/11/2011,PSP,CA,AWP,WE,Towers with Radar,13,26,7,0,46,0,4,20,1,25,13,30,27,1,71,2,0,2,73
08/12/2011,PSP,CA,AWP,WE,Towers with Radar,13,32,5,4,54,0,2,26,1,29,13,34,31,5,83,10,0,10,93
08/13/2011,PSP,CA,AWP,WE,Towers with Radar,15,25,1,0,41,0,0,29,0,29,15,25,30,0,70,6,0,6,76
08/14/2011,PSP,CA,AWP,WE,Towers with Radar,16,30,3,0,49,0,2,30,0,32,16,32,33,0,81,10,0,10,91
08/15/2011,PSP,CA,AWP,WE,Towers with Radar,11,28,5,0,44,0,5,15,0,20,11,33,20,0,64,20,0,20,84
08/16/2011,PSP,CA,AWP,WE,Towers with Radar,10,29,7,0,46,0,11,12,0,23,10,40,19,0,69,0,0,0,69
08/17/2011,PSP,CA,AWP,WE,Towers with Radar,10,30,6,0,46,0,5,21,2,28,10,35,27,2,74,2,0,2,76
08/18/2011,PSP,CA,AWP,WE,Towers with Radar,13,32,8,1,54,0,6,27,0,33,13,38,35,1,87,10,0,10,97
08/19/2011,PSP,CA,AWP,WE,Towers with Radar,12,37,2,5,56,0,1,35,0,36,12,38,37,5,92,12,0,12,104
08/20/2011,PSP,CA,AWP,WE,Towers with Radar,9,30,7,2,48,0,5,26,0,31,9,35,33,2,79,6,0,6,85
08/21/2011,PSP,CA,AWP,WE,Towers with Radar,14,33,9,2,58,0,0,27,1,28,14,33,36,3,86,10,0,10,96
08/22/2011,PSP,CA,AWP,WE,Towers with Radar,18,22,9,0,49,0,0,12,1,13,18,22,21,1,62,0,0,0,62
08/23/2011,PSP,CA,AWP,WE,Towers with Radar,12,29,6,0,47,0,6,24,2,32,12,35,30,2,79,10,0,10,89
08/24/2011,PSP,CA,AWP,WE,Towers with Radar,12,32,2,0,46,0,1,9,0,10,12,33,11,0,56,2,0,2,58
08/25/2011,PSP,CA,AWP,WE,Towers with Radar,13,33,11,0,57,0,1,13,0,14,13,34,24,0,71,0,0,0,71
08/26/2011,PSP,CA,AWP,WE,Towers with Radar,17,24,6,0,47,0,1,20,7,28,17,25,26,7,75,0,0,0,75
08/27/2011,PSP,CA,AWP,WE,Towers with Radar,10,29,2,0,41,0,1,19,3,23,10,30,21,3,64,0,0,0,64
08/28/2011,PSP,CA,AWP,WE,Towers with Radar,17,32,5,0,54,0,0,19,3,22,17,32,24,3,76,0,0,0,76
08/29/2011,PSP,CA,AWP,WE,Towers with Radar,15,33,7,0,55,0,4,20,0,24,15,37,27,0,79,2,0,2,81
08/30/2011,PSP,CA,AWP,WE,Towers with Radar,12,35,5,0,52,0,4,17,0,21,12,39,22,0,73,10,0,10,83
08/31/2011,PSP,CA,AWP,WE,Towers with Radar,14,41,6,2,63,0,1,13,0,14,14,42,19,2,77,10,0,10,87
09/01/2011,PSP,CA,AWP,WE,Towers with Radar,16,38,4,0,58,0,2,29,8,39,16,40,33,8,97,12,6,18,115
09/02/2011,PSP,CA,AWP,WE,Towers with Radar,14,40,6,7,67,0,2,33,3,38,14,42,39,10,105,0,2,2,107
09/03/2011,PSP,CA,AWP,WE,Towers with Radar,16,23,2,9,50,0,0,43,0,43,16,23,45,9,93,0,0,0,93
09/04/2011,PSP,CA,AWP,WE,Towers with Radar,12,28,4,4,48,0,2,20,3,25,12,30,24,7,73,8,0,8,81
09/05/2011,PSP,CA,AWP,WE,Towers with Radar,12,38,7,2,59,0,0,18,1,19,12,38,25,3,78,0,0,0,78
09/06/2011,PSP,CA,AWP,WE,Towers with Radar,16,35,8,2,61,0,2,23,4,29,16,37,31,6,90,6,12,18,108
09/07/2011,PSP,CA,AWP,WE,Towers with Radar,12,35,12,4,63,0,4,15,2,21,12,39,27,6,84,0,0,0,84
09/08/2011,PSP,CA,AWP,WE,Towers with Radar,12,39,8,3,62,0,4,28,0,32,12,43,36,3,94,10,0,10,104
09/09/2011,PSP,CA,AWP,WE,Towers with Radar,12,41,6,1,60,0,2,18,1,21,12,43,24,2,81,18,0,18,99
09/10/2011,PSP,CA,AWP,WE,Towers with Radar,12,29,2,1,44,0,1,27,7,35,12,30,29,8,79,6,0,6,85
09/11/2011,PSP,CA,AWP,WE,Towers with Radar,16,37,4,3,60,0,0,37,1,38,16,37,41,4,98,4,0,4,102
09/12/2011,PSP,CA,AWP,WE,Towers with Radar,10,36,15,2,63,0,5,32,2,39,10,41,47,4,102,10,0,10,112
09/13/2011,PSP,CA,AWP,WE,Towers with Radar,11,31,11,4,57,0,0,4,0,4,11,31,15,4,61,0,30,30,91
09/14/2011,PSP,CA,AWP,WE,Towers with Radar,12,44,11,0,67,0,2,18,5,25,12,46,29,5,92,0,0,0,92
09/15/2011,PSP,CA,AWP,WE,Towers with Radar,14,35,9,2,60,0,3,21,3,27,14,38,30,5,87,8,0,8,95
09/16/2011,PSP,CA,AWP,WE,Towers with Radar,10,44,15,0,69,0,3,26,5,34,10,47,41,5,103,0,0,0,103
09/17/2011,PSP,CA,AWP,WE,Towers with Radar,12,31,8,4,55,0,0,30,4,34,12,31,38,8,89,6,0,6,95
09/18/2011,PSP,CA,AWP,WE,Towers with Radar,15,42,17,0,74,0,3,35,8,46,15,45,52,8,120,5,0,5,125
09/19/2011,PSP,CA,AWP,WE,Towers with Radar,12,40,9,1,62,0,2,15,2,19,12,42,24,3,81,22,0,22,103
09/20/2011,PSP,CA,AWP,WE,Towers with Radar,13,36,20,0,69,0,1,28,0,29,13,37,48,0,98,2,0,2,100
09/21/2011,PSP,CA,AWP,WE,Towers with Radar,13,39,11,2,65,0,1,29,0,30,13,40,40,2,95,0,0,0,95
09/22/2011,PSP,CA,AWP,WE,Towers with Radar,15,39,7,5,66,0,3,30,3,36,15,42,37,8,102,14,16,30,132
09/23/2011,PSP,CA,AWP,WE,Towers with Radar,15,39,12,6,72,0,6,29,3,38,15,45,41,9,110,44,0,44,154
09/24/2011,PSP,CA,AWP,WE,Towers with Radar,14,33,5,2,54,0,3,41,3,47,14,36,46,5,101,8,0,8,109
09/25/2011,PSP,CA,AWP,WE,Towers with Radar,16,44,19,2,81,0,4,49,2,55,16,48,68,4,136,0,0,0,136
09/26/2011,PSP,CA,AWP,WE,Towers with Radar,13,47,9,4,73,0,1,35,10,46,13,48,44,14,119,0,0,0,119
09/27/2011,PSP,CA,AWP,WE,Towers with Radar,13,34,8,3,58,0,2,14,1,17,13,36,22,4,75,12,2,14,89
09/28/2011,PSP,CA,AWP,WE,Towers with Radar,14,36,20,9,79,0,5,29,3,37,14,41,49,12,116,10,0,10,126
09/29/2011,PSP,CA,AWP,WE,Towers with Radar,14,38,10,4,66,0,2,26,3,31,14,40,36,7,97,16,0,16,113
09/30/2011,PSP,CA,AWP,WE,Towers with Radar,14,46,14,1,75,0,4,37,2,43,14,50,51,3,118,18,0,18,136
10/01/2011,PSP,CA,AWP,WE,Towers with Radar,18,39,11,2,70,0,2,53,2,57,18,41,64,4,127,10,0,10,137
10/02/2011,PSP,CA,AWP,WE,Towers with Radar,22,48,26,0,96,0,0,41,10,51,22,48,67,10,147,6,0,6,153
10/03/2011,PSP,CA,AWP,WE,Towers with Radar,26,56,24,1,107,0,7,36,1,44,26,63,60,2,151,0,8,8,159
10/04/2011,PSP,CA,AWP,WE,Towers with Radar,18,42,11,1,72,0,2,9,0,11,18,44,20,1,83,0,12,12,95
10/05/2011,PSP,CA,AWP,WE,Towers with Radar,23,46,11,0,80,0,0,6,0,6,23,46,17,0,86,0,0,0,86
10/06/2011,PSP,CA,AWP,WE,Towers with Radar,38,78,33,4,153,0,9,25,2,36,38,87,58,6,189,12,0,12,201
10/07/2011,PSP,CA,AWP,WE,Towers with Radar,20,50,17,4,91,0,4,41,6,51,20,54,58,10,142,4,0,4,146
10/08/2011,PSP,CA,AWP,WE,Towers with Radar,22,45,6,4,77,0,0,65,5,70,22,45,71,9,147,30,0,30,177
10/09/2011,PSP,CA,AWP,WE,Towers with Radar,26,43,12,6,87,0,3,56,11,70,26,46,68,17,157,28,0,28,185
10/10/2011,PSP,CA,AWP,WE,Towers with Radar,21,47,7,8,83,0,6,30,2,38,21,53,37,10,121,8,0,8,129
10/11/2011,PSP,CA,AWP,WE,Towers with Radar,20,50,13,9,92,0,6,27,4,37,20,56,40,13,129,4,6,10,139
10/12/2011,PSP,CA,AWP,WE,Towers with Radar,23,58,18,1,100,0,4,27,4,35,23,62,45,5,135,10,8,18,153
10/13/2011,PSP,CA,AWP,WE,Towers with Radar,30,52,10,4,96,0,4,34,12,50,30,56,44,16,146,14,0,14,160
10/14/2011,PSP,CA,AWP,WE,Towers with Radar,22,52,16,2,92,0,7,33,16,56,22,59,49,18,148,22,0,22,170
10/15/2011,PSP,CA,AWP,WE,Towers with Radar,22,49,20,4,95,0,6,51,6,63,22,55,71,10,158,8,0,8,166
10/16/2011,PSP,CA,AWP,WE,Towers with Radar,24,55,15,5,99,0,4,49,3,56,24,59,64,8,155,24,0,24,179
10/17/2011,PSP,CA,AWP,WE,Towers with Radar,24,44,16,2,86,0,3,18,0,21,24,47,34,2,107,8,2,10,117
10/18/2011,PSP,CA,AWP,WE,Towers with Radar,19,44,19,4,86,0,1,36,6,43,19,45,55,10,129,16,0,16,145
10/19/2011,PSP,CA,AWP,WE,Towers with Radar,22,50,30,4,106,0,1,26,5,32,22,51,56,9,138,10,0,10,148
10/20/2011,PSP,CA,AWP,WE,Towers with Radar,24,49,18,1,92,0,6,47,6,59,24,55,65,7,151,12,0,12,163
10/21/2011,PSP,CA,AWP,WE,Towers with Radar,22,53,19,4,98,0,1,38,13,52,22,54,57,17,150,16,0,16,166
10/22/2011,PSP,CA,AWP,WE,Towers with Radar,22,54,17,0,93,0,1,63,9,73,22,55,80,9,166,20,0,20,186
10/23/2011,PSP,CA,AWP,WE,Towers with Radar,24,62,31,3,120,0,0,41,2,43,24,62,72,5,163,30,0,30,193
10/24/2011,PSP,CA,AWP,WE,Towers with Radar,22,46,14,5,87,0,3,35,6,44,22,49,49,11,131,60,0,60,191
10/25/2011,PSP,CA,AWP,WE,Towers with Radar,19,43,22,1,85,0,0,18,6,24,19,43,40,7,109,0,0,0,109
10/26/2011,PSP,CA,AWP,WE,Towers with Radar,24,54,11,2,91,0,2,18,6,26,24,56,29,8,117,0,0,0,117
10/27/2011,PSP,CA,AWP,WE,Towers with Radar,24,48,27,2,101,0,2,27,6,35,24,50,54,8,136,0,0,0,136
10/28/2011,PSP,CA,AWP,WE,Towers with Radar,26,54,9,4,93,0,4,46,1,51,26,58,55,5,144,40,0,40,184
10/29/2011,PSP,CA,AWP,WE,Towers with Radar,22,49,16,4,91,0,1,53,5,59,22,50,69,9,150,36,0,36,186
10/30/2011,PSP,CA,AWP,WE,Towers with Radar,30,49,28,0,107,0,0,52,3,55,30,49,80,3,162,6,0,6,168
10/31/2011,PSP,CA,AWP,WE,Towers with Radar,33,45,12,5,95,0,5,26,8,39,33,50,38,13,134,4,0,4,138
11/01/2011,PSP,CA,AWP,WE,Towers with Radar,27,54,22,2,105,0,6,20,5,31,27,60,42,7,136,0,0,0,136
11/02/2011,PSP,CA,AWP,WE,Towers with Radar,30,49,21,3,103,0,2,30,6,38,30,51,51,9,141,0,2,2,143
11/03/2011,PSP,CA,AWP,WE,Towers with Radar,30,59,26,0,115,0,4,36,2,42,30,63,62,2,157,4,0,4,161
11/04/2011,PSP,CA,AWP,WE,Towers with Radar,37,65,41,1,144,0,0,17,9,26,37,65,58,10,170,14,0,14,184
11/05/2011,PSP,CA,AWP,WE,Towers with Radar,30,38,16,2,86,0,0,44,3,47,30,38,60,5,133,20,0,20,153
11/06/2011,PSP,CA,AWP,WE,Towers with Radar,43,61,38,2,144,0,0,23,1,24,43,61,61,3,168,0,0,0,168
11/07/2011,PSP,CA,AWP,WE,Towers with Radar,58,58,29,7,152,0,2,28,6,36,58,60,57,13,188,40,0,40,228
11/08/2011,PSP,CA,AWP,WE,Towers with Radar,42,68,32,0,142,0,1,31,5,37,42,69,63,5,179,0,0,0,179
11/09/2011,PSP,CA,AWP,WE,Towers with Radar,43,71,33,0,147,0,2,21,7,30,43,73,54,7,177,10,0,10,187
11/10/2011,PSP,CA,AWP,WE,Towers with Radar,44,71,50,8,173,0,8,32,10,50,44,79,82,18,223,12,10,22,245
11/11/2011,PSP,CA,AWP,WE,Towers with Radar,47,62,48,5,162,0,6,35,1,42,47,68,83,6,204,52,0,52,256
11/12/2011,PSP,CA,AWP,WE,Towers with Radar,41,44,30,3,118,0,3,12,3,18,41,47,42,6,136,28,0,28,164
11/13/2011,PSP,CA,AWP,WE,Towers with Radar,44,74,62,2,182,0,4,47,6,57,44,78,109,8,239,12,0,12,251
11/14/2011,PSP,CA,AWP,WE,Towers with Radar,48,60,19,4,131,0,2,21,4,27,48,62,40,8,158,0,0,0,158
11/15/2011,PSP,CA,AWP,WE,Towers with Radar,44,50,14,3,111,0,0,38,2,40,44,50,52,5,151,24,0,24,175
11/16/2011,PSP,CA,AWP,WE,Towers with Radar,40,55,17,2,114,0,2,29,15,46,40,57,46,17,160,30,2,32,192
11/17/2011,PSP,CA,AWP,WE,Towers with Radar,48,64,33,0,145,0,5,19,2,26,48,69,52,2,171,16,0,16,187
11/18/2011,PSP,CA,AWP,WE,Towers with Radar,50,61,32,1,144,0,3,29,3,35,50,64,61,4,179,28,0,28,207
11/19/2011,PSP,CA,AWP,WE,Towers with Radar,46,51,22,4,123,0,5,43,5,53,46,56,65,9,176,6,2,8,184
11/20/2011,PSP,CA,AWP,WE,Towers with Radar,46,53,21,5,125,0,0,19,3,22,46,53,40,8,147,18,0,18,165
11/21/2011,PSP,CA,AWP,WE,Towers with Radar,53,52,31,2,138,0,0,25,0,25,53,52,56,2,163,4,2,6,169
11/22/2011,PSP,CA,AWP,WE,Towers with Radar,47,46,27,7,127,0,3,41,1,45,47,49,68,8,172,2,2,4,176
11/23/2011,PSP,CA,AWP,WE,Towers with Radar,46,71,48,4,169,0,3,43,0,46,46,74,91,4,215,30,4,34,249
11/24/2011,PSP,CA,AWP,WE,Towers with Radar,36,32,15,0,83,0,1,22,1,24,36,33,37,1,107,4,0,4,111
11/25/2011,PSP,CA,AWP,WE,Towers with Radar,40,40,23,0,103,0,2,40,0,42,40,42,63,0,145,14,0,14,159
11/26/2011,PSP,CA,AWP,WE,Towers with Radar,48,54,33,0,135,0,0,57,5,62,48,54,90,5,197,36,2,38,235
11/27/2011,PSP,CA,AWP,WE,Towers with Radar,50,60,44,0,154,0,5,50,0,55,50,65,94,0,209,48,0,48,257
11/28/2011,PSP,CA,AWP,WE,Towers with Radar,51,62,29,3,145,0,4,34,4,42,51,66,63,7,187,18,6,24,211
11/29/2011,PSP,CA,AWP,WE,Towers with Radar,48,59,25,0,132,0,2,26,2,30,48,61,51,2,162,8,0,8,170
11/30/2011,PSP,CA,AWP,WE,Towers with Radar,50,52,25,0,127,0,1,15,2,18,50,53,40,2,145,14,0,14,159
12/01/2011,PSP,CA,AWP,WE,Towers with Radar,45,50,19,6,120,0,0,3,0,3,45,50,22,6,123,0,0,0,123
12/02/2011,PSP,CA,AWP,WE,Towers with Radar,43,59,24,2,128,0,1,28,12,41,43,60,52,14,169,18,0,18,187
12/03/2011,PSP,CA,AWP,WE,Towers with Radar,44,33,14,3,94,0,2,10,11,23,44,35,24,14,117,0,0,0,117
12/04/2011,PSP,CA,AWP,WE,Towers with Radar,44,54,36,1,135,0,0,23,7,30,44,54,59,8,165,14,0,14,179
12/05/2011,PSP,CA,AWP,WE,Towers with Radar,48,50,30,0,128,0,0,14,0,14,48,50,44,0,142,0,0,0,142
12/06/2011,PSP,CA,AWP,WE,Towers with Radar,44,40,27,1,112,0,1,34,1,36,44,41,61,2,148,8,0,8,156
12/07/2011,PSP,CA,AWP,WE,Towers with Radar,42,48,18,0,108,0,3,41,2,46,42,51,59,2,154,10,0,10,164
12/08/2011,PSP,CA,AWP,WE,Towers with Radar,44,49,29,0,122,0,1,39,4,44,44,50,68,4,166,10,0,10,176
12/09/2011,PSP,CA,AWP,WE,Towers with Radar,48,49,18,0,115,0,0,45,6,51,48,49,63,6,166,5,0,5,171
12/10/2011,PSP,CA,AWP,WE,Towers with Radar,44,31,14,1,90,0,0,44,10,54,44,31,58,11,144,7,3,10,154
12/11/2011,PSP,CA,AWP,WE,Towers with Radar,42,53,11,0,106,0,2,30,0,32,42,55,41,0,138,6,0,6,144
12/12/2011,PSP,CA,AWP,WE,Towers with Radar,54,49,18,0,121,0,0,7,0,7,54,49,25,0,128,20,0,20,148
12/13/2011,PSP,CA,AWP,WE,Towers with Radar,43,44,17,0,104,0,0,5,0,5,43,44,22,0,109,10,0,10,119
12/14/2011,PSP,CA,AWP,WE,Towers with Radar,42,47,21,5,115,0,4,28,2,34,42,51,49,7,149,2,10,12,161
12/15/2011,PSP,CA,AWP,WE,Towers with Radar,44,65,18,5,132,0,0,19,0,19,44,65,37,5,151,0,0,0,151
12/16/2011,PSP,CA,AWP,WE,Towers with Radar,45,70,29,3,147,0,0,13,3,16,45,70,42,6,163,18,0,18,181
12/17/2011,PSP,CA,AWP,WE,Towers with Radar,44,60,17,0,121,0,2,10,0,12,44,62,27,0,133,0,0,0,133
12/18/2011,PSP,CA,AWP,WE,Towers with Radar,48,65,21,3,137,0,4,15,2,21,48,69,36,5,158,0,0,0,158
12/19/2011,PSP,CA,AWP,WE,Towers with Radar,52,51,15,2,120,0,2,13,2,17,52,53,28,4,137,16,0,16,153
12/20/2011,PSP,CA,AWP,WE,Towers with Radar,44,65,19,2,130,0,9,31,2,42,44,74,50,4,172,0,0,0,172
12/21/2011,PSP,CA,AWP,WE,Towers with Radar,45,59,23,3,130,0,3,44,0,47,45,62,67,3,177,12,0,12,189
12/22/2011,PSP,CA,AWP,WE,Towers with Radar,49,57,22,3,131,0,4,17,0,21,49,61,39,3,152,6,0,6,158
12/23/2011,PSP,CA,AWP,WE,Towers with Radar,47,58,11,1,117,0,0,15,0,15,47,58,26,1,132,7,0,7,139
12/24/2011,PSP,CA,AWP,WE,Towers with Radar,40,44,5,1,90,0,0,34,3,37,40,44,39,4,127,0,0,0,127
12/25/2011,PSP,CA,AWP,WE,Towers with Radar,40,51,2,0,93,0,0,23,0,23,40,51,25,0,116,0,0,0,116
12/26/2011,PSP,CA,AWP,WE,Towers with Radar,48,66,32,0,146,0,0,49,0,49,48,66,81,0,195,10,0,10,205
12/27/2011,PSP,CA,AWP,WE,Towers with Radar,45,62,34,0,141,0,4,34,0,38,45,66,68,0,179,10,0,10,189
12/28/2011,PSP,CA,AWP,WE,Towers with Radar,46,75,25,0,146,1,4,62,2,69,47,79,87,2,215,2,0,2,217
12/29/2011,PSP,CA,AWP,WE,Towers with Radar,48,66,28,0,142,0,1,55,6,62,48,67,83,6,204,58,0,58,262
12/30/2011,PSP,CA,AWP,WE,Towers with Radar,56,65,17,1,139,0,1,62,0,63,56,66,79,1,202,38,0,38,240
12/31/2011,PSP,CA,AWP,WE,Towers with Radar,46,48,17,1,112,0,8,63,3,74,46,56,80,4,186,10,0,10,196
01/01/2012,PSP,CA,AWP,WE,Towers with Radar,55,60,23,0,138,0,2,42,4,48,55,62,65,4,186,8,0,8,194
01/02/2012,PSP,CA,AWP,WE,Towers with Radar,49,83,27,0,159,0,0,48,0,48,49,83,75,0,207,2,0,2,209
01/03/2012,PSP,CA,AWP,WE,Towers with Radar,49,78,33,3,163,0,0,29,1,30,49,78,62,4,193,6,0,6,199
01/04/2012,PSP,CA,AWP,WE,Towers with Radar,52,61,30,2,145,0,1,52,4,57,52,62,82,6,202,11,0,11,213
01/05/2012,PSP,CA,AWP,WE,Towers with Radar,47,71,31,0,149,0,0,15,8,23,47,71,46,8,172,30,0,30,202
01/06/2012,PSP,CA,AWP,WE,Towers with Radar,47,72,26,2,147,0,5,50,5,60,47,77,76,7,207,6,0,6,213
01/07/2012,PSP,CA,AWP,WE,Towers with Radar,45,54,27,3,129,0,1,52,8,61,45,55,79,11,190,18,0,18,208
01/08/2012,PSP,CA,AWP,WE,Towers with Radar,46,53,41,3,143,0,2,30,1,33,46,55,71,4,176,2,0,2,178
01/09/2012,PSP,CA,AWP,WE,Towers with Radar,50,56,18,1,125,0,0,30,7,37,50,56,48,8,162,30,0,30,192
01/10/2012,PSP,CA,AWP,WE,Towers with Radar,40,61,15,4,120,0,0,30,15,45,40,61,45,19,165,20,2,22,187
01/11/2012,PSP,CA,AWP,WE,Towers with Radar,48,63,25,1,137,0,0,39,8,47,48,63,64,9,184,16,0,16,200
01/12/2012,PSP,CA,AWP,WE,Towers with Radar,48,65,38,1,152,0,3,42,7,52,48,68,80,8,204,18,2,20,224
01/13/2012,PSP,CA,AWP,WE,Towers with Radar,48,66,30,2,146,0,1,56,3,60,48,67,86,5,206,16,0,16,222
01/14/2012,PSP,CA,AWP,WE,Towers with Radar,45,57,11,3,116,0,1,81,13,95,45,58,92,16,211,18,0,18,229
01/15/2012,PSP,CA,AWP,WE,Towers with Radar,49,68,31,2,150,0,0,32,2,34,49,68,63,4,184,0,0,0,184
01/16/2012,PSP,CA,AWP,WE,Towers with Radar,50,67,30,1,148,0,0,29,2,31,50,67,59,3,179,0,0,0,179
01/17/2012,PSP,CA,AWP,WE,Towers with Radar,44,64,31,0,139,0,2,36,9,47,44,66,67,9,186,20,0,20,206
01/18/2012,PSP,CA,AWP,WE,Towers with Radar,48,68,26,1,143,0,0,39,9,48,48,68,65,10,191,4,0,4,195
01/19/2012,PSP,CA,AWP,WE,Towers with Radar,47,71,20,2,140,0,0,38,0,38,47,71,58,2,178,0,0,0,178
01/20/2012,PSP,CA,AWP,WE,Towers with Radar,42,63,26,5,136,0,5,26,10,41,42,68,52,15,177,6,0,6,183
01/21/2012,PSP,CA,AWP,WE,Towers with Radar,31,36,8,2,77,0,1,10,2,13,31,37,18,4,90,4,0,4,94
01/22/2012,PSP,CA,AWP,WE,Towers with Radar,51,65,31,1,148,0,0,38,5,43,51,65,69,6,191,50,0,50,241
01/23/2012,PSP,CA,AWP,WE,Towers with Radar,51,55,26,0,132,0,3,9,0,12,51,58,35,0,144,4,0,4,148
01/24/2012,PSP,CA,AWP,WE,Towers with Radar,44,57,23,0,124,0,4,26,2,32,44,61,49,2,156,8,0,8,164
01/25/2012,PSP,CA,AWP,WE,Towers with Radar,50,68,27,3,148,0,4,50,5,59,50,72,77,8,207,10,0,10,217
01/26/2012,PSP,CA,AWP,WE,Towers with Radar,49,60,23,1,133,0,3,45,4,52,49,63,68,5,185,32,0,32,217
01/27/2012,PSP,CA,AWP,WE,Towers with Radar,46,65,31,8,150,0,10,43,0,53,46,75,74,8,203,15,0,15,218
01/28/2012,PSP,CA,AWP,WE,Towers with Radar,46,60,36,5,147,0,7,44,1,52,46,67,80,6,199,4,0,4,203
01/29/2012,PSP,CA,AWP,WE,Towers with Radar,50,82,46,2,180,0,2,57,1,60,50,84,103,3,240,31,0,31,271
01/30/2012,PSP,CA,AWP,WE,Towers with Radar,51,62,43,2,158,0,2,36,0,38,51,64,79,2,196,50,0,50,246
01/31/2012,PSP,CA,AWP,WE,Towers with Radar,43,67,38,0,148,0,1,29,4,34,43,68,67,4,182,22,2,24,206
02/01/2012,PSP,CA,AWP,WE,Towers with Radar,49,53,41,3,146,0,1,33,7,41,49,54,74,10,187,22,26,48,235
02/02/2012,PSP,CA,AWP,WE,Towers with Radar,48,59,44,0,151,0,0,40,3,43,48,59,84,3,194,6,0,6,200
02/03/2012,PSP,CA,AWP,WE,Towers with Radar,46,65,58,3,172,0,2,37,1,40,46,67,95,4,212,6,0,6,218
02/04/2012,PSP,CA,AWP,WE,Towers with Radar,44,56,24,3,127,0,3,64,0,67,44,59,88,3,194,7,2,9,203
02/05/2012,PSP,CA,AWP,WE,Towers with Radar,50,61,38,4,153,0,1,51,1,53,50,62,89,5,206,16,2,18,224
02/06/2012,PSP,CA,AWP,WE,Towers with Radar,50,58,32,0,140,0,0,25,0,25,50,58,57,0,165,0,0,0,165
02/07/2012,PSP,CA,AWP,WE,Towers with Radar,44,58,18,0,120,0,0,17,0,17,44,58,35,0,137,10,0,10,147
02/08/2012,PSP,CA,AWP,WE,Towers with Radar,48,59,26,0,133,0,0,42,0,42,48,59,68,0,175,24,0,24,199
02/09/2012,PSP,CA,AWP,WE,Towers with Radar,48,65,42,2,157,0,4,41,0,45,48,69,83,2,202,30,0,30,232
02/10/2012,PSP,CA,AWP,WE,Towers with Radar,46,61,22,5,134,4,4,55,7,70,50,65,77,12,204,30,0,30,234
02/11/2012,PSP,CA,AWP,WE,Towers with Radar,44,51,33,4,132,0,1,27,6,34,44,52,60,10,166,2,2,4,170
02/12/2012,PSP,CA,AWP,WE,Towers with Radar,53,63,45,0,161,0,4,43,11,58,53,67,88,11,219,0,0,0,219
02/13/2012,PSP,CA,AWP,WE,Towers with Radar,62,56,28,0,146,0,1,9,0,10,62,57,37,0,156,14,0,14,170
02/14/2012,PSP,CA,AWP,WE,Towers with Radar,46,66,18,0,130,0,0,36,0,36,46,66,54,0,166,20,0,20,186
02/15/2012,PSP,CA,AWP,WE,Towers with Radar,50,75,33,0,158,0,0,26,0,26,50,75,59,0,184,4,0,4,188
02/16/2012,PSP,CA,AWP,WE,Towers with Radar,54,74,48,9,185,0,0,20,3,23,54,74,68,12,208,14,0,14,222
02/17/2012,PSP,CA,AWP,WE,Towers with Radar,53,81,64,1,199,0,0,41,8,49,53,81,105,9,248,20,0,20,268
02/18/2012,PSP,CA,AWP,WE,Towers with Radar,54,74,24,2,154,0,7,60,11,78,54,81,84,13,232,38,0,38,270
02/19/2012,PSP,CA,AWP,WE,Towers with Radar,56,84,40,2,182,0,5,31,2,38,56,89,71,4,220,2,0,2,222
02/20/2012,PSP,CA,AWP,WE,Towers with Radar,56,76,38,0,170,0,2,39,5,46,56,78,77,5,216,2,0,2,218
02/21/2012,PSP,CA,AWP,WE,Towers with Radar,49,64,35,2,150,3,0,39,0,42,52,64,74,2,192,30,4,34,226
02/22/2012,PSP,CA,AWP,WE,Towers with Radar,54,71,32,3,160,0,0,42,1,43,54,71,74,4,203,10,0,10,213
02/23/2012,PSP,CA,AWP,WE,Towers with Radar,56,69,47,2,174,0,1,46,2,49,56,70,93,4,223,0,0,0,223
02/24/2012,PSP,CA,AWP,WE,Towers with Radar,54,79,23,3,159,0,1,58,2,61,54,80,81,5,220,30,0,30,250
02/25/2012,PSP,CA,AWP,WE,Towers with Radar,56,75,31,1,163,0,5,71,3,79,56,80,102,4,242,18,0,18,260
02/26/2012,PSP,CA,AWP,WE,Towers with Radar,56,76,45,4,181,0,1,60,1,62,56,77,105,5,243,26,0,26,269
02/27/2012,PSP,CA,AWP,WE,Towers with Radar,56,74,33,0,163,0,3,9,0,12,56,77,42,0,175,0,0,0,175
02/28/2012,PSP,CA,AWP,WE,Towers with Radar,49,59,25,0,133,0,0,31,0,31,49,59,56,0,164,60,0,60,224
02/29/2012,PSP,CA,AWP,WE,Towers with Radar,52,67,41,4,164,0,1,38,0,39,52,68,79,4,203,54,0,54,257
03/01/2012,PSP,CA,AWP,WE,Towers with Radar,55,71,30,2,158,1,0,18,2,21,56,71,48,4,179,108,0,108,287
03/02/2012,PSP,CA,AWP,WE,Towers with Radar,55,70,25,6,156,0,0,36,3,39,55,70,61,9,195,52,2,54,249
03/03/2012,PSP,CA,AWP,WE,Towers with Radar,54,67,34,6,161,0,3,63,6,72,54,70,97,12,233,128,4,132,365
03/04/2012,PSP,CA,AWP,WE,Towers with Radar,56,77,45,5,183,0,0,55,2,57,56,77,100,7,240,78,0,78,318
03/05/2012,PSP,CA,AWP,WE,Towers with Radar,55,67,27,2,151,0,2,42,0,44,55,69,69,2,195,30,0,30,225
03/06/2012,PSP,CA,AWP,WE,Towers with Radar,51,63,27,0,141,0,0,15,0,15,51,63,42,0,156,0,0,0,156
03/07/2012,PSP,CA,AWP,WE,Towers with Radar,54,79,28,1,162,0,0,20,0,20,54,79,48,1,182,22,0,22,204
03/08/2012,PSP,CA,AWP,WE,Towers with Radar,53,70,35,0,158,0,1,55,3,59,53,71,90,3,217,64,2,66,283
03/09/2012,PSP,CA,AWP,WE,Towers with Radar,53,71,55,5,184,0,5,72,6,83,53,76,127,11,267,6,0,6,273
03/10/2012,PSP,CA,AWP,WE,Towers with Radar,60,71,31,1,163,0,2,61,8,71,60,73,92,9,234,10,4,14,248
03/11/2012,PSP,CA,AWP,WE,Towers with Radar,57,77,53,3,190,0,2,51,2,55,57,79,104,5,245,0,0,0,245
03/12/2012,PSP,CA,AWP,WE,Towers with Radar,57,58,40,0,155,0,2,24,0,26,57,60,64,0,181,0,0,0,181
03/13/2012,PSP,CA,AWP,WE,Towers with Radar,51,71,32,2,156,0,2,31,1,34,51,73,63,3,190,4,0,4,194
03/14/2012,PSP,CA,AWP,WE,Towers with Radar,52,66,22,1,141,0,11,47,0,58,52,77,69,1,199,20,0,20,219
03/15/2012,PSP,CA,AWP,WE,Towers with Radar,56,75,43,6,180,0,12,28,2,42,56,87,71,8,222,4,0,4,226
03/16/2012,PSP,CA,AWP,WE,Towers with Radar,53,79,41,2,175,0,2,26,3,31,53,81,67,5,206,8,0,8,214
03/17/2012,PSP,CA,AWP,WE,Towers with Radar,62,66,26,0,154,0,4,5,6,15,62,70,31,6,169,0,0,0,169
03/18/2012,PSP,CA,AWP,WE,Towers with Radar,59,78,50,2,189,0,1,7,4,12,59,79,57,6,201,8,0,8,209
03/19/2012,PSP,CA,AWP,WE,Towers with Radar,54,81,35,0,170,0,4,24,0,28,54,85,59,0,198,24,0,24,222
03/20/2012,PSP,CA,AWP,WE,Towers with Radar,47,65,21,3,136,0,2,40,0,42,47,67,61,3,178,20,2,22,200
03/21/2012,PSP,CA,AWP,WE,Towers with Radar,52,70,25,1,148,0,4,54,1,59,52,74,79,2,207,20,0,20,227
03/22/2012,PSP,CA,AWP,WE,Towers with Radar,56,67,19,2,144,0,1,51,0,52,56,68,70,2,196,58,0,58,254
03/23/2012,PSP,CA,AWP,WE,Towers with Radar,54,68,28,3,153,0,5,57,0,62,54,73,85,3,215,42,0,42,257
03/24/2012,PSP,CA,AWP,WE,Towers with Radar,62,69,33,2,166,0,2,63,0,65,62,71,96,2,231,22,0,22,253
03/25/2012,PSP,CA,AWP,WE,Towers with Radar,55,71,37,1,164,0,0,19,0,19,55,71,56,1,183,0,0,0,183
03/26/2012,PSP,CA,AWP,WE,Towers with Radar,56,66,24,1,147,0,2,25,2,29,56,68,49,3,176,6,0,6,182
03/27/2012,PSP,CA,AWP,WE,Towers with Radar,50,74,26,2,152,0,0,54,1,55,50,74,80,3,207,8,0,8,215
03/28/2012,PSP,CA,AWP,WE,Towers with Radar,55,66,31,1,153,0,2,64,0,66,55,68,95,1,219,22,0,22,241
03/29/2012,PSP,CA,AWP,WE,Towers with Radar,55,82,30,6,173,0,0,45,0,45,55,82,75,6,218,24,0,24,242
03/30/2012,PSP,CA,AWP,WE,Towers with Radar,54,77,43,1,175,0,3,55,2,60,54,80,98,3,235,28,0,28,263
03/31/2012,PSP,CA,AWP,WE,Towers with Radar,60,72,36,0,168,0,2,39,2,43,60,74,75,2,211,40,0,40,251
04/01/2012,PSP,CA,AWP,WE,Towers with Radar,55,84,43,6,188,0,0,25,13,38,55,84,68,19,226,62,0,62,288
04/02/2012,PSP,CA,AWP,WE,Towers with Radar,56,66,35,0,157,0,1,34,0,35,56,67,69,0,192,8,0,8,200
04/03/2012,PSP,CA,AWP,WE,Towers with Radar,50,63,28,0,141,0,1,47,2,50,50,64,75,2,191,16,0,16,207
04/04/2012,PSP,CA,AWP,WE,Towers with Radar,53,68,23,3,147,0,0,43,4,47,53,68,66,7,194,0,0,0,194
04/05/2012,PSP,CA,AWP,WE,Towers with Radar,48,79,43,5,175,0,0,27,2,29,48,79,70,7,204,10,4,14,218
04/06/2012,PSP,CA,AWP,WE,Towers with Radar,52,71,29,0,152,0,1,45,0,46,52,72,74,0,198,14,0,14,212
04/07/2012,PSP,CA,AWP,WE,Towers with Radar,54,59,23,0,136,0,2,80,4,86,54,61,103,4,222,25,0,25,247
04/08/2012,PSP,CA,AWP,WE,Towers with Radar,49,69,33,0,151,0,1,53,0,54,49,70,86,0,205,16,0,16,221
04/09/2012,PSP,CA,AWP,WE,Towers with Radar,50,75,38,0,163,0,2,48,2,52,50,77,86,2,215,10,0,10,225
04/10/2012,PSP,CA,AWP,WE,Towers with Radar,44,69,28,1,142,0,2,56,21,79,44,71,84,22,221,40,0,40,261
04/11/2012,PSP,CA,AWP,WE,Towers with Radar,48,50,36,0,134,0,2,21,2,25,48,52,57,2,159,0,0,0,159
04/12/2012,PSP,CA,AWP,WE,Towers with Radar,47,67,27,1,142,1,3,35,6,45,48,70,62,7,187,0,0,0,187
04/13/2012,PSP,CA,AWP,WE,Towers with Radar,46,70,30,1,147,0,0,14,5,19,46,70,44,6,166,34,0,34,200
04/14/2012,PSP,CA,AWP,WE,Towers with Radar,52,68,21,3,144,0,0,32,5,37,52,68,53,8,181,26,0,26,207
04/15/2012,PSP,CA,AWP,WE,Towers with Radar,44,83,39,0,166,0,2,21,0,23,44,85,60,0,189,20,0,20,209
04/16/2012,PSP,CA,AWP,WE,Towers with Radar,48,64,31,0,143,0,3,39,2,44,48,67,70,2,187,4,2,6,193
04/17/2012,PSP,CA,AWP,WE,Towers with Radar,48,57,24,1,130,0,4,41,7,52,48,61,65,8,182,4,0,4,186
04/18/2012,PSP,CA,AWP,WE,Towers with Radar,49,53,23,3,128,0,0,40,10,50,49,53,63,13,178,6,0,6,184
04/19/2012,PSP,CA,AWP,WE,Towers with Radar,50,65,39,0,154,0,0,45,12,57,50,65,84,12,211,8,0,8,219
04/20/2012,PSP,CA,AWP,WE,Towers with Radar,46,63,32,1,142,0,1,42,6,49,46,64,74,7,191,12,0,12,203
04/21/2012,PSP,CA,AWP,WE,Towers with Radar,50,57,25,2,134,0,3,69,2,74,50,60,94,4,208,22,0,22,230
04/22/2012,PSP,CA,AWP,WE,Towers with Radar,48,79,39,0,166,0,0,49,0,49,48,79,88,0,215,10,0,10,225
04/23/2012,PSP,CA,AWP,WE,Towers with Radar,48,61,42,1,152,0,0,27,2,29,48,61,69,3,181,10,0,10,191
04/24/2012,PSP,CA,AWP,WE,Towers with Radar,48,63,33,0,144,0,0,29,6,35,48,63,62,6,179,10,0,10,189
04/25/2012,PSP,CA,AWP,WE,Towers with Radar,51,61,19,2,133,0,1,13,0,14,51,62,32,2,147,0,0,0,147
04/26/2012,PSP,CA,AWP,WE,Towers with Radar,50,62,30,6,148,0,2,19,12,33,50,64,49,18,181,0,0,0,181
04/27/2012,PSP,CA,AWP,WE,Towers with Radar,45,62,37,0,144,0,4,54,3,61,45,66,91,3,205,0,0,0,205
04/28/2012,PSP,CA,AWP,WE,Towers with Radar,50,62,29,1,142,0,0,70,4,74,50,62,99,5,216,28,0,28,244
04/29/2012,PSP,CA,AWP,WE,Towers with Radar,42,71,40,1,154,0,3,44,2,49,42,74,84,3,203,8,0,8,211
04/30/2012,PSP,CA,AWP,WE,Towers with Radar,41,69,22,4,136,0,2,38,3,43,41,71,60,7,179,14,0,14,193
05/01/2012,PSP,CA,AWP,WE,Towers with Radar,32,58,26,0,116,0,3,18,5,26,32,61,44,5,142,0,0,0,142
05/02/2012,PSP,CA,AWP,WE,Towers with Radar,31,60,20,6,117,0,0,31,2,33,31,60,51,8,150,6,2,8,158
05/03/2012,PSP,CA,AWP,WE,Towers with Radar,33,60,24,0,117,0,1,33,1,35,33,61,57,1,152,0,0,0,152
05/04/2012,PSP,CA,AWP,WE,Towers with Radar,31,53,25,0,109,0,1,52,1,54,31,54,77,1,163,14,0,14,177
05/05/2012,PSP,CA,AWP,WE,Towers with Radar,39,55,17,0,111,0,0,55,0,55,39,55,72,0,166,4,0,4,170
05/06/2012,PSP,CA,AWP,WE,Towers with Radar,31,67,29,0,127,0,2,62,0,64,31,69,91,0,191,26,0,26,217
05/07/2012,PSP,CA,AWP,WE,Towers with Radar,30,63,13,0,106,0,0,45,0,45,30,63,58,0,151,0,0,0,151
05/08/2012,PSP,CA,AWP,WE,Towers with Radar,28,55,10,0,93,0,1,17,1,19,28,56,27,1,112,0,0,0,112
05/09/2012,PSP,CA,AWP,WE,Towers with Radar,27,56,22,0,105,0,2,43,3,48,27,58,65,3,153,40,0,40,193
05/10/2012,PSP,CA,AWP,WE,Towers with Radar,28,59,23,0,110,0,1,30,2,33,28,60,53,2,143,4,0,4,147
05/11/2012,PSP,CA,AWP,WE,Towers with Radar,28,60,24,4,116,0,3,38,2,43,28,63,62,6,159,28,0,28,187
05/12/2012,PSP,CA,AWP,WE,Towers with Radar,31,58,13,0,102,0,1,48,0,49,31,59,61,0,151,10,0,10,161
05/13/2012,PSP,CA,AWP,WE,Towers with Radar,30,55,13,0,98,0,0,37,0,37,30,55,50,0,135,6,0,6,141
05/14/2012,PSP,CA,AWP,WE,Towers with Radar,30,56,12,0,98,0,0,21,0,21,30,56,33,0,119,2,0,2,121
05/15/2012,PSP,CA,AWP,WE,Towers with Radar,30,58,21,1,110,0,1,15,1,17,30,59,36,2,127,8,0,8,135
05/16/2012,PSP,CA,AWP,WE,Towers with Radar,25,53,28,3,109,0,1,36,2,39,25,54,64,5,148,14,0,14,162
05/17/2012,PSP,CA,AWP,WE,Towers with Radar,22,56,26,4,108,0,0,43,0,43,22,56,69,4,151,14,0,14,165
05/18/2012,PSP,CA,AWP,WE,Towers with Radar,25,58,24,4,111,0,3,30,0,33,25,61,54,4,144,6,0,6,150
05/19/2012,PSP,CA,AWP,WE,Towers with Radar,23,54,25,1,103,0,0,47,0,47,23,54,72,1,150,0,0,0,150
05/20/2012,PSP,CA,AWP,WE,Towers with Radar,21,56,19,1,97,0,0,37,0,37,21,56,56,1,134,2,0,2,136
05/21/2012,PSP,CA,AWP,WE,Towers with Radar,25,48,26,1,100,0,0,37,2,39,25,48,63,3,139,2,0,2,141
05/22/2012,PSP,CA,AWP,WE,Towers with Radar,25,61,14,0,100,0,2,31,1,34,25,63,45,1,134,4,0,4,138
05/23/2012,PSP,CA,AWP,WE,Towers with Radar,26,50,20,0,96,0,5,21,0,26,26,55,41,0,122,0,0,0,122
05/24/2012,PSP,CA,AWP,WE,Towers with Radar,17,73,17,3,110,0,2,26,3,31,17,75,43,6,141,0,2,2,143
05/25/2012,PSP,CA,AWP,WE,Towers with Radar,17,70,22,0,109,0,2,15,0,17,17,72,37,0,126,0,0,0,126
05/26/2012,PSP,CA,AWP,WE,Towers with Radar,21,52,8,2,83,0,0,19,1,20,21,52,27,3,103,16,0,16,119
05/27/2012,PSP,CA,AWP,WE,Towers with Radar,18,37,8,0,63,0,6,55,0,61,18,43,63,0,124,12,0,12,136
05/28/2012,PSP,CA,AWP,WE,Towers with Radar,22,58,18,0,98,0,0,62,2,64,22,58,80,2,162,66,0,66,228
05/29/2012,PSP,CA,AWP,WE,Towers with Radar,22,58,19,0,99,0,3,30,2,35,22,61,49,2,134,0,0,0,134
05/30/2012,PSP,CA,AWP,WE,Towers with Radar,20,58,14,0,92,0,2,29,2,33,20,60,43,2,125,4,0,4,129
05/31/2012,PSP,CA,AWP,WE,Towers with Radar,21,54,8,1,84,0,0,21,0,21,21,54,29,1,105,0,0,0,105
06/01/2012,PSP,CA,AWP,WE,Towers with Radar,22,59,16,1,98,0,0,36,0,36,22,59,52,1,134,16,0,16,150
06/02/2012,PSP,CA,AWP,WE,Towers with Radar,22,49,8,0,79,0,2,25,1,28,22,51,33,1,107,6,0,6,113
06/03/2012,PSP,CA,AWP,WE,Towers with Radar,15,52,14,0,81,0,1,25,0,26,15,53,39,0,107,2,0,2,109
06/04/2012,PSP,CA,AWP,WE,Towers with Radar,14,51,8,0,73,0,2,27,0,29,14,53,35,0,102,24,0,24,126
06/05/2012,PSP,CA,AWP,WE,Towers with Radar,13,53,8,0,74,0,1,10,2,13,13,54,18,2,87,0,0,0,87
06/06/2012,PSP,CA,AWP,WE,Towers with Radar,14,53,20,3,90,0,1,35,2,38,14,54,55,5,128,12,2,14,142
06/07/2012,PSP,CA,AWP,WE,Towers with Radar,12,43,10,0,65,0,0,23,2,25,12,43,33,2,90,16,0,16,106
06/08/2012,PSP,CA,AWP,WE,Towers with Radar,15,40,12,2,69,0,0,37,0,37,15,40,49,2,106,0,0,0,106
06/09/2012,PSP,CA,AWP,WE,Towers with Radar,10,37,7,0,54,0,3,45,1,49,10,40,52,1,103,2,0,2,105
06/10/2012,PSP,CA,AWP,WE,Towers with Radar,14,39,11,0,64,0,1,32,1,34,14,40,43,1,98,4,0,4,102
06/11/2012,PSP,CA,AWP,WE,Towers with Radar,14,33,9,0,56,0,4,16,0,20,14,37,25,0,76,2,0,2,78
06/12/2012,PSP,CA,AWP,WE,Towers with Radar,10,40,11,2,63,1,3,20,0,24,11,43,31,2,87,26,0,26,113
06/13/2012,PSP,CA,AWP,WE,Towers with Radar,12,40,15,3,70,0,0,31,1,32,12,40,46,4,102,14,0,14,116
06/14/2012,PSP,CA,AWP,WE,Towers with Radar,22,84,19,9,134,0,9,69,2,80,22,93,88,11,214,16,2,18,232
06/15/2012,PSP,CA,AWP,WE,Towers with Radar,19,88,32,1,140,0,12,44,7,63,19,100,76,8,203,24,6,30,233
06/16/2012,PSP,CA,AWP,WE,Towers with Radar,14,80,20,0,114,0,0,76,0,76,14,80,96,0,190,12,0,12,202
06/17/2012,PSP,CA,AWP,WE,Towers with Radar,20,87,14,0,121,0,1,41,1,43,20,88,55,1,164,0,0,0,164
06/18/2012,PSP,CA,AWP,WE,Towers with Radar,19,66,1,0,86,0,7,28,0,35,19,73,29,0,121,2,0,2,123
06/19/2012,PSP,CA,AWP,WE,Towers with Radar,11,69,5,0,85,0,2,15,0,17,11,71,20,0,102,0,0,0,102
06/20/2012,PSP,CA,AWP,WE,Towers with Radar,8,35,7,0,50,0,0,37,0,37,8,35,44,0,87,12,0,12,99
06/21/2012,PSP,CA,AWP,WE,Towers with Radar,9,45,9,1,64,0,3,45,0,48,9,48,54,1,112,2,0,2,114
06/22/2012,PSP,CA,AWP,WE,Towers with Radar,12,47,13,0,72,0,3,26,3,32,12,50,39,3,104,12,0,12,116
06/23/2012,PSP,CA,AWP,WE,Towers with Radar,5,31,9,0,45,0,0,47,0,47,5,31,56,0,92,20,0,20,112
06/24/2012,PSP,CA,AWP,WE,Towers with Radar,10,32,8,1,51,0,0,41,1,42,10,32,49,2,93,0,0,0,93
06/25/2012,PSP,CA,AWP,WE,Towers with Radar,11,36,11,4,62,0,0,28,0,28,11,36,39,4,90,14,4,18,108
06/26/2012,PSP,CA,AWP,WE,Towers with Radar,6,37,5,0,48,0,2,42,0,44,6,39,47,0,92,12,0,12,104
06/27/2012,PSP,CA,AWP,WE,Towers with Radar,9,33,7,1,50,0,5,26,0,31,9,38,33,1,81,0,0,0,81
06/28/2012,PSP,CA,AWP,WE,Towers with Radar,9,40,10,1,60,0,4,10,3,17,9,44,20,4,77,6,0,6,83
06/29/2012,PSP,CA,AWP,WE,Towers with Radar,11,39,10,0,60,0,2,23,0,25,11,41,33,0,85,0,0,0,85
06/30/2012,PSP,CA,AWP,WE,Towers with Radar,6,33,12,2,53,0,0,32,0,32,6,33,44,2,85,4,0,4,89
07/01/2012,PSP,CA,AWP,WE,Towers with Radar,8,31,9,0,48,0,0,14,0,14,8,31,23,0,62,0,0,0,62
07/02/2012,PSP,CA,AWP,WE,Towers with Radar,7,37,7,0,51,0,3,12,0,15,7,40,19,0,66,0,0,0,66
07/03/2012,PSP,CA,AWP,WE,Towers with Radar,6,36,5,1,48,0,4,15,2,21,6,40,20,3,69,0,0,0,69
07/04/2012,PSP,CA,AWP,WE,Towers with Radar,7,30,4,0,41,0,1,14,0,15,7,31,18,0,56,8,0,8,64
07/05/2012,PSP,CA,AWP,WE,Towers with Radar,10,38,11,0,59,0,4,24,3,31,10,42,35,3,90,4,0,4,94
07/06/2012,PSP,CA,AWP,WE,Towers with Radar,11,36,9,0,56,0,2,26,2,30,11,38,35,2,86,0,0,0,86
07/07/2012,PSP,CA,AWP,WE,Towers with Radar,5,32,8,0,45,0,0,18,4,22,5,32,26,4,67,2,0,2,69
07/08/2012,PSP,CA,AWP,WE,Towers with Radar,11,34,10,0,55,0,0,16,0,16,11,34,26,0,71,2,0,2,73
07/09/2012,PSP,CA,AWP,WE,Towers with Radar,8,36,1,0,45,0,2,28,2,32,8,38,29,2,77,10,0,10,87
07/10/2012,PSP,CA,AWP,WE,Towers with Radar,6,35,13,0,54,0,10,25,1,36,6,45,38,1,90,2,0,2,92
07/11/2012,PSP,CA,AWP,WE,Towers with Radar,7,35,8,6,56,0,2,17,5,24,7,37,25,11,80,4,0,4,84
07/12/2012,PSP,CA,AWP,WE,Towers with Radar,11,37,10,0,58,0,3,12,6,21,11,40,22,6,79,0,0,0,79
07/13/2012,PSP,CA,AWP,WE,Towers with Radar,9,37,6,0,52,0,1,11,8,20,9,38,17,8,72,0,2,2,74
07/14/2012,PSP,CA,AWP,WE,Towers with Radar,8,35,4,1,48,6,0,11,2,19,14,35,15,3,67,0,0,0,67
07/15/2012,PSP,CA,AWP,WE,Towers with Radar,9,35,11,0,55,9,1,19,0,29,18,36,30,0,84,6,0,6,90
07/16/2012,PSP,CA,AWP,WE,Towers with Radar,8,37,13,0,58,0,3,15,3,21,8,40,28,3,79,4,0,4,83
07/17/2012,PSP,CA,AWP,WE,Towers with Radar,6,39,5,1,51,0,3,23,7,33,6,42,28,8,84,0,0,0,84
07/18/2012,PSP,CA,AWP,WE,Towers with Radar,7,41,12,2,62,0,1,30,8,39,7,42,42,10,101,0,0,0,101
07/19/2012,PSP,CA,AWP,WE,Towers with Radar,9,42,13,0,64,0,2,42,12,56,9,44,55,12,120,4,0,4,124
07/20/2012,PSP,CA,AWP,WE,Towers with Radar,10,34,5,2,51,1,5,23,4,33,11,39,28,6,84,0,0,0,84
07/21/2012,PSP,CA,AWP,WE,Towers with Radar,14,31,6,0,51,0,3,21,1,25,14,34,27,1,76,20,0,20,96
07/22/2012,PSP,CA,AWP,WE,Towers with Radar,10,32,7,0,49,0,0,22,0,22,10,32,29,0,71,6,0,6,77
07/23/2012,PSP,CA,AWP,WE,Towers with Radar,7,36,15,2,60,0,0,18,0,18,7,36,33,2,78,16,0,16,94
07/24/2012,PSP,CA,AWP,WE,Towers with Radar,6,35,6,0,47,0,2,17,1,20,6,37,23,1,67,4,0,4,71
07/25/2012,PSP,CA,AWP,WE,Towers with Radar,7,35,6,0,48,0,0,12,4,16,7,35,18,4,64,4,0,4,68
07/26/2012,PSP,CA,AWP,WE,Towers with Radar,8,36,7,3,54,0,0,26,1,27,8,36,33,4,81,2,0,2,83
07/27/2012,PSP,CA,AWP,WE,Towers with Radar,10,37,7,0,54,0,0,13,1,14,10,37,20,1,68,2,0,2,70
07/28/2012,PSP,CA,AWP,WE,Towers with Radar,6,31,6,0,43,0,0,23,0,23,6,31,29,0,66,16,0,16,82
07/29/2012,PSP,CA,AWP,WE,Towers with Radar,10,33,4,0,47,0,6,32,1,39,10,39,36,1,86,0,0,0,86
07/30/2012,PSP,CA,AWP,WE,Towers with Radar,7,38,4,0,49,0,3,21,0,24,7,41,25,0,73,2,0,2,75
07/31/2012,PSP,CA,AWP,WE,Towers with Radar,8,37,7,0,52,0,0,5,0,5,8,37,12,0,57,0,0,0,57
08/01/2012,PSP,CA,AWP,WE,Towers with Radar,8,35,5,2,50,0,1,10,1,12,8,36,15,3,62,0,0,0,62
08/02/2012,PSP,CA,AWP,WE,Towers with Radar,8,36,4,0,48,0,7,18,0,25,8,43,22,0,73,34,0,34,107
08/03/2012,PSP,CA,AWP,WE,Towers with Radar,9,38,1,0,48,1,3,22,2,28,10,41,23,2,76,30,0,30,106
08/04/2012,PSP,CA,AWP,WE,Towers with Radar,6,33,3,0,42,0,0,19,0,19,6,33,22,0,61,0,0,0,61
08/05/2012,PSP,CA,AWP,WE,Towers with Radar,9,33,8,1,51,0,3,14,1,18,9,36,22,2,69,0,0,0,69
08/06/2012,PSP,CA,AWP,WE,Towers with Radar,7,35,9,2,53,0,3,18,1,22,7,38,27,3,75,25,0,25,100
08/07/2012,PSP,CA,AWP,WE,Towers with Radar,7,34,3,1,45,0,3,9,0,12,7,37,12,1,57,0,0,0,57
08/08/2012,PSP,CA,AWP,WE,Towers with Radar,7,38,3,0,48,0,1,24,0,25,7,39,27,0,73,0,0,0,73
08/09/2012,PSP,CA,AWP,WE,Towers with Radar,8,37,7,0,52,0,2,9,2,13,8,39,16,2,65,10,0,10,75
08/10/2012,PSP,CA,AWP,WE,Towers with Radar,10,43,8,0,61,0,1,10,2,13,10,44,18,2,74,2,0,2,76
08/11/2012,PSP,CA,AWP,WE,Towers with Radar,5,29,2,0,36,0,0,15,0,15,5,29,17,0,51,6,0,6,57
08/12/2012,PSP,CA,AWP,WE,Towers with Radar,8,34,4,0,46,0,0,19,0,19,8,34,23,0,65,22,0,22,87
08/13/2012,PSP,CA,AWP,WE,Towers with Radar,7,36,7,0,50,0,0,6,0,6,7,36,13,0,56,2,0,2,58
08/14/2012,PSP,CA,AWP,WE,Towers with Radar,8,38,7,0,53,0,1,15,2,18,8,39,22,2,71,2,0,2,73
08/15/2012,PSP,CA,AWP,WE,Towers with Radar,7,36,9,0,52,0,1,11,0,12,7,37,20,0,64,76,0,76,140
08/16/2012,PSP,CA,AWP,WE,Towers with Radar,12,38,7,1,58,0,3,13,2,18,12,41,20,3,76,52,2,54,130
08/17/2012,PSP,CA,AWP,WE,Towers with Radar,11,34,5,0,50,0,0,11,0,11,11,34,16,0,61,0,0,0,61
08/18/2012,PSP,CA,AWP,WE,Towers with Radar,7,29,5,0,41,0,0,14,2,16,7,29,19,2,57,0,0,0,57
08/19/2012,PSP,CA,AWP,WE,Towers with Radar,11,38,12,1,62,0,0,11,1,12,11,38,23,2,74,0,0,0,74
08/20/2012,PSP,CA,AWP,WE,Towers with Radar,10,35,7,0,52,0,3,15,2,20,10,38,22,2,72,6,0,6,78
08/21/2012,PSP,CA,AWP,WE,Towers with Radar,11,37,4,0,52,0,0,7,0,7,11,37,11,0,59,12,0,12,71
08/22/2012,PSP,CA,AWP,WE,Towers with Radar,8,30,3,0,41,0,0,11,0,11,8,30,14,0,52,6,0,6,58
08/23/2012,PSP,CA,AWP,WE,Towers with Radar,12,31,8,1,52,0,2,19,0,21,12,33,27,1,73,12,2,14,87
08/24/2012,PSP,CA,AWP,WE,Towers with Radar,14,32,8,2,56,0,0,28,0,28,14,32,36,2,84,0,0,0,84
08/25/2012,PSP,CA,AWP,WE,Towers with Radar,9,30,3,0,42,0,0,27,0,27,9,30,30,0,69,24,0,24,93
08/26/2012,PSP,CA,AWP,WE,Towers with Radar,12,36,4,0,52,0,1,22,0,23,12,37,26,0,75,40,0,40,115
08/27/2012,PSP,CA,AWP,WE,Towers with Radar,11,35,6,0,52,0,1,14,0,15,11,36,20,0,67,2,0,2,69
08/28/2012,PSP,CA,AWP,WE,Towers with Radar,48,36,8,2,94,0,0,27,1,28,48,36,35,3,122,22,2,24,146
08/29/2012,PSP,CA,AWP,WE,Towers with Radar,12,38,5,0,55,0,0,23,0,23,12,38,28,0,78,0,0,0,78
08/30/2012,PSP,CA,AWP,WE,Towers with Radar,14,41,9,0,64,0,0,17,5,22,14,41,26,5,86,6,0,6,92
08/31/2012,PSP,CA,AWP,WE,Towers with Radar,12,36,7,0,55,0,1,22,0,23,12,37,29,0,78,14,0,14,92
09/01/2012,PSP,CA,AWP,WE,Towers with Radar,9,27,5,0,41,0,2,38,0,40,9,29,43,0,81,0,0,0,81
09/02/2012,PSP,CA,AWP,WE,Towers with Radar,11,31,1,3,46,0,0,24,7,31,11,31,25,10,77,4,4,8,85
09/03/2012,PSP,CA,AWP,WE,Towers with Radar,14,35,2,0,51,0,0,22,4,26,14,35,24,4,77,4,0,4,81
09/04/2012,PSP,CA,AWP,WE,Towers with Radar,14,33,6,1,54,0,5,14,0,19,14,38,20,1,73,0,0,0,73
09/05/2012,PSP,CA,AWP,WE,Towers with Radar,13,35,8,1,57,0,1,24,2,27,13,36,32,3,84,2,0,2,86
09/06/2012,PSP,CA,AWP,WE,Towers with Radar,14,35,2,3,54,0,1,21,2,24,14,36,23,5,78,6,0,6,84
09/07/2012,PSP,CA,AWP,WE,Towers with Radar,15,37,5,4,61,0,0,15,2,17,15,37,20,6,78,2,4,6,84
09/08/2012,PSP,CA,AWP,WE,Towers with Radar,12,28,2,0,42,0,0,16,1,17,12,28,18,1,59,0,0,0,59
09/09/2012,PSP,CA,AWP,WE,Towers with Radar,13,32,4,0,49,0,2,13,0,15,13,34,17,0,64,0,0,0,64
09/10/2012,PSP,CA,AWP,WE,Towers with Radar,15,30,9,2,56,0,3,9,0,12,15,33,18,2,68,0,0,0,68
09/11/2012,PSP,CA,AWP,WE,Towers with Radar,16,38,13,0,67,0,2,4,2,8,16,40,17,2,75,0,0,0,75
09/12/2012,PSP,CA,AWP,WE,Towers with Radar,15,37,16,0,68,0,2,11,2,15,15,39,27,2,83,0,0,0,83
09/13/2012,PSP,CA,AWP,WE,Towers with Radar,16,31,7,0,54,0,1,22,1,24,16,32,29,1,78,0,0,0,78
09/14/2012,PSP,CA,AWP,WE,Towers with Radar,16,36,11,0,63,0,3,25,0,28,16,39,36,0,91,0,0,0,91
09/15/2012,PSP,CA,AWP,WE,Towers with Radar,12,27,3,0,42,0,0,16,2,18,12,27,19,2,60,6,0,6,66
09/16/2012,PSP,CA,AWP,WE,Towers with Radar,20,46,22,0,88,0,3,31,0,34,20,49,53,0,122,6,0,6,128
09/17/2012,PSP,CA,AWP,WE,Towers with Radar,15,33,6,0,54,0,3,21,2,26,15,36,27,2,80,0,0,0,80
09/18/2012,PSP,CA,AWP,WE,Towers with Radar,14,39,14,0,67,0,4,35,1,40,14,43,49,1,107,0,0,0,107
09/19/2012,PSP,CA,AWP,WE,Towers with Radar,12,33,10,2,57,0,3,24,0,27,12,36,34,2,84,0,0,0,84
09/20/2012,PSP,CA,AWP,WE,Towers with Radar,15,34,9,2,60,0,2,22,0,24,15,36,31,2,84,0,0,0,84
09/21/2012,PSP,CA,AWP,WE,Towers with Radar,16,34,12,1,63,0,2,37,5,44,16,36,49,6,107,0,0,0,107
09/22/2012,PSP,CA,AWP,WE,Towers with Radar,13,28,9,0,50,0,2,28,1,31,13,30,37,1,81,0,0,0,81
09/23/2012,PSP,CA,AWP,WE,Towers with Radar,16,44,16,0,76,0,2,46,0,48,16,46,62,0,124,0,0,0,124
09/24/2012,PSP,CA,AWP,WE,Towers with Radar,13,35,12,0,60,0,2,15,0,17,13,37,27,0,77,8,0,8,85
09/25/2012,PSP,CA,AWP,WE,Towers with Radar,14,36,10,2,62,0,1,23,2,26,14,37,33,4,88,12,0,12,100
09/26/2012,PSP,CA,AWP,WE,Towers with Radar,12,41,9,0,62,0,0,26,0,26,12,41,35,0,88,0,0,0,88
09/27/2012,PSP,CA,AWP,WE,Towers with Radar,17,41,12,3,73,0,0,29,2,31,17,41,41,5,104,4,12,16,120
09/28/2012,PSP,CA,AWP,WE,Towers with Radar,16,41,16,1,74,0,2,39,0,41,16,43,55,1,115,0,0,0,115
09/29/2012,PSP,CA,AWP,WE,Towers with Radar,13,27,6,4,50,0,0,31,1,32,13,27,37,5,82,0,0,0,82
09/30/2012,PSP,CA,AWP,WE,Towers with Radar,13,39,9,3,64,0,2,39,0,41,13,41,48,3,105,0,0,0,105
10/01/2012,PSP,CA,AWP,WE,Towers with Radar,22,39,9,2,72,0,0,13,2,15,22,39,22,4,87,0,6,6,93
10/02/2012,PSP,CA,AWP,WE,Towers with Radar,17,42,7,0,66,0,2,32,0,34,17,44,39,0,100,18,0,18,118
10/03/2012,PSP,CA,AWP,WE,Towers with Radar,20,53,10,2,85,0,3,16,0,19,20,56,26,2,104,4,0,4,108
10/04/2012,PSP,CA,AWP,WE,Towers with Radar,23,42,19,5,89,0,2,27,1,30,23,44,46,6,119,14,0,14,133
10/05/2012,PSP,CA,AWP,WE,Towers with Radar,20,53,14,0,87,0,2,26,2,30,20,55,40,2,117,2,0,2,119
10/06/2012,PSP,CA,AWP,WE,Towers with Radar,18,34,9,0,61,0,0,46,9,55,18,34,55,9,116,16,0,16,132
10/07/2012,PSP,CA,AWP,WE,Towers with Radar,24,50,19,0,93,0,3,46,3,52,24,53,65,3,145,0,0,0,145
10/08/2012,PSP,CA,AWP,WE,Towers with Radar,22,38,17,0,77,0,1,50,0,51,22,39,67,0,128,0,0,0,128
10/09/2012,PSP,CA,AWP,WE,Towers with Radar,21,40,50,0,111,0,1,107,0,108,21,41,157,0,219,4,0,4,223
10/10/2012,PSP,CA,AWP,WE,Towers with Radar,24,48,62,0,134,0,1,115,1,117,24,49,177,1,251,8,0,8,259
10/11/2012,PSP,CA,AWP,WE,Towers with Radar,31,45,83,0,159,0,0,64,1,65,31,45,147,1,224,0,0,0,224
10/12/2012,PSP,CA,AWP,WE,Towers with Radar,24,47,106,0,177,0,1,272,0,273,24,48,378,0,450,16,0,16,466
10/13/2012,PSP,CA,AWP,WE,Towers with Radar,21,38,59,0,118,0,1,522,0,523,21,39,581,0,641,6,0,6,647
10/14/2012,PSP,CA,AWP,WE,Towers with Radar,30,49,58,0,137,0,0,152,0,152,30,49,210,0,289,4,0,4,293
10/15/2012,PSP,CA,AWP,WE,Towers with Radar,24,45,13,6,88,0,2,37,0,39,24,47,50,6,127,6,0,6,133
10/16/2012,PSP,CA,AWP,WE,Towers with Radar,21,43,17,2,83,0,2,34,3,39,21,45,51,5,122,2,0,2,124
10/17/2012,PSP,CA,AWP,WE,Towers with Radar,26,45,15,2,88,0,2,26,1,29,26,47,41,3,117,18,0,18,135
10/18/2012,PSP,CA,AWP,WE,Towers with Radar,33,41,15,1,90,0,4,35,3,42,33,45,50,4,132,0,4,4,136
10/19/2012,PSP,CA,AWP,WE,Towers with Radar,27,44,16,0,87,0,6,39,2,47,27,50,55,2,134,4,0,4,138
10/20/2012,PSP,CA,AWP,WE,Towers with Radar,23,37,8,0,68,0,0,49,1,50,23,37,57,1,118,12,0,12,130
10/21/2012,PSP,CA,AWP,WE,Towers with Radar,33,53,15,1,102,0,0,31,0,31,33,53,46,1,133,0,0,0,133
10/22/2012,PSP,CA,AWP,WE,Towers with Radar,28,38,21,0,87,0,0,15,2,17,28,38,36,2,104,6,2,8,112
10/23/2012,PSP,CA,AWP,WE,Towers with Radar,23,46,18,1,88,0,2,10,3,15,23,48,28,4,103,6,4,10,113
10/24/2012,PSP,CA,AWP,WE,Towers with Radar,27,50,16,2,95,0,0,34,0,34,27,50,50,2,129,0,0,0,129
10/25/2012,PSP,CA,AWP,WE,Towers with Radar,33,53,18,1,105,0,1,18,0,19,33,54,36,1,124,0,0,0,124
10/26/2012,PSP,CA,AWP,WE,Towers with Radar,26,47,19,0,92,0,2,16,0,18,26,49,35,0,110,0,0,0,110
10/27/2012,PSP,CA,AWP,WE,Towers with Radar,22,47,10,0,79,0,0,55,0,55,22,47,65,0,134,0,0,0,134
10/28/2012,PSP,CA,AWP,WE,Towers with Radar,34,45,18,0,97,0,0,41,4,45,34,45,59,4,142,4,0,4,146
10/29/2012,PSP,CA,AWP,WE,Towers with Radar,34,49,14,0,97,0,3,29,2,34,34,52,43,2,131,0,0,0,131
10/30/2012,PSP,CA,AWP,WE,Towers with Radar,27,54,18,3,102,0,1,29,0,30,27,55,47,3,132,64,0,64,196
10/31/2012,PSP,CA,AWP,WE,Towers with Radar,30,39,19,3,91,0,1,20,1,22,30,40,39,4,113,8,4,12,125
11/01/2012,PSP,CA,AWP,WE,Towers with Radar,35,55,29,0,119,0,1,42,1,44,35,56,71,1,163,0,0,0,163
11/02/2012,PSP,CA,AWP,WE,Towers with Radar,33,44,26,1,104,0,5,47,1,53,33,49,73,2,157,0,0,0,157
11/03/2012,PSP,CA,AWP,WE,Towers with Radar,27,50,35,2,114,0,2,39,3,44,27,52,74,5,158,36,0,36,194
11/04/2012,PSP,CA,AWP,WE,Towers with Radar,44,61,25,0,130,0,2,52,1,55,44,63,77,1,185,4,0,4,189
11/05/2012,PSP,CA,AWP,WE,Towers with Radar,39,54,15,1,109,0,4,22,0,26,39,58,37,1,135,0,0,0,135
11/06/2012,PSP,CA,AWP,WE,Towers with Radar,34,67,11,0,112,0,0,27,4,31,34,67,38,4,143,4,6,10,153
11/07/2012,PSP,CA,AWP,WE,Towers with Radar,34,51,23,1,109,0,2,40,4,46,34,53,63,5,155,2,0,2,157
11/08/2012,PSP,CA,AWP,WE,Towers with Radar,43,55,29,1,128,0,0,19,0,19,43,55,48,1,147,14,0,14,161
11/09/2012,PSP,CA,AWP,WE,Towers with Radar,40,60,17,2,119,0,1,12,3,16,40,61,29,5,135,2,10,12,147
11/10/2012,PSP,CA,AWP,WE,Towers with Radar,36,44,25,4,109,0,5,31,0,36,36,49,56,4,145,16,0,16,161
11/11/2012,PSP,CA,AWP,WE,Towers with Radar,46,50,32,0,128,0,2,67,2,71,46,52,99,2,199,36,0,36,235
11/12/2012,PSP,CA,AWP,WE,Towers with Radar,39,55,31,0,125,0,0,35,5,40,39,55,66,5,165,22,4,26,191
11/13/2012,PSP,CA,AWP,WE,Towers with Radar,34,60,31,6,131,0,1,21,0,22,34,61,52,6,153,14,4,18,171
11/14/2012,PSP,CA,AWP,WE,Towers with Radar,35,62,30,0,127,0,2,24,2,28,35,64,54,2,155,10,2,12,167
11/15/2012,PSP,CA,AWP,WE,Towers with Radar,42,88,41,0,171,0,0,23,2,25,42,88,64,2,196,6,2,8,204
11/16/2012,PSP,CA,AWP,WE,Towers with Radar,41,69,43,1,154,0,1,24,0,25,41,70,67,1,179,16,0,16,195
11/17/2012,PSP,CA,AWP,WE,Towers with Radar,44,55,24,14,137,0,0,26,3,29,44,55,50,17,166,38,22,60,226
11/18/2012,PSP,CA,AWP,WE,Towers with Radar,49,72,41,0,162,0,0,32,0,32,49,72,73,0,194,0,0,0,194
11/19/2012,PSP,CA,AWP,WE,Towers with Radar,47,54,33,0,134,0,1,42,2,45,47,55,75,2,179,6,0,6,185
11/20/2012,PSP,CA,AWP,WE,Towers with Radar,43,61,32,3,139,0,2,32,2,36,43,63,64,5,175,0,2,2,177
11/21/2012,PSP,CA,AWP,WE,Towers with Radar,52,62,47,0,161,0,5,49,0,54,52,67,96,0,215,4,0,4,219
11/22/2012,PSP,CA,AWP,WE,Towers with Radar,38,33,11,0,82,0,7,20,0,27,38,40,31,0,109,0,0,0,109
11/23/2012,PSP,CA,AWP,WE,Towers with Radar,41,61,40,0,142,0,19,55,4,78,41,80,95,4,220,10,0,10,230
11/24/2012,PSP,CA,AWP,WE,Towers with Radar,47,51,22,0,120,1,8,63,3,75,48,59,85,3,195,4,0,4,199
11/25/2012,PSP,CA,AWP,WE,Towers with Radar,48,76,54,1,179,0,1,54,1,56,48,77,108,2,235,34,0,34,269
11/26/2012,PSP,CA,AWP,WE,Towers with Radar,47,70,20,0,137,0,4,22,0,26,47,74,42,0,163,20,0,20,183
11/27/2012,PSP,CA,AWP,WE,Towers with Radar,41,71,13,2,127,0,4,33,2,39,41,75,46,4,166,6,2,8,174
11/28/2012,PSP,CA,AWP,WE,Towers with Radar,36,58,21,4,119,0,6,33,3,42,36,64,54,7,161,8,4,12,173
11/29/2012,PSP,CA,AWP,WE,Towers with Radar,49,56,28,2,135,0,0,19,0,19,49,56,47,2,154,6,0,6,160
11/30/2012,PSP,CA,AWP,WE,Towers with Radar,40,51,31,0,122,0,0,14,0,14,40,51,45,0,136,0,0,0,136
12/01/2012,PSP,CA,AWP,WE,Towers with Radar,43,42,26,1,112,0,0,30,2,32,43,42,56,3,144,4,0,4,148
12/02/2012,PSP,CA,AWP,WE,Towers with Radar,46,45,41,0,132,0,1,16,1,18,46,46,57,1,150,0,0,0,150
12/03/2012,PSP,CA,AWP,WE,Towers with Radar,45,52,20,0,117,0,4,14,1,19,45,56,34,1,136,0,0,0,136
12/04/2012,PSP,CA,AWP,WE,Towers with Radar,35,54,21,1,111,0,5,17,3,25,35,59,38,4,136,0,0,0,136
12/05/2012,PSP,CA,AWP,WE,Towers with Radar,41,43,7,3,94,0,0,21,4,25,41,43,28,7,119,0,0,0,119
12/06/2012,PSP,CA,AWP,WE,Towers with Radar,47,60,16,0,123,0,0,35,2,37,47,60,51,2,160,8,0,8,168
12/07/2012,PSP,CA,AWP,WE,Towers with Radar,43,59,35,0,137,0,7,57,5,69,43,66,92,5,206,4,6,10,216
12/08/2012,PSP,CA,AWP,WE,Towers with Radar,43,49,13,1,106,0,3,60,4,67,43,52,73,5,173,20,0,20,193
12/09/2012,PSP,CA,AWP,WE,Towers with Radar,48,61,26,0,135,0,2,34,5,41,48,63,60,5,176,6,0,6,182
12/10/2012,PSP,CA,AWP,WE,Towers with Radar,45,52,17,1,115,0,0,25,2,27,45,52,42,3,142,4,4,8,150
12/11/2012,PSP,CA,AWP,WE,Towers with Radar,34,49,35,0,118,0,9,23,2,34,34,58,58,2,152,0,0,0,152
12/12/2012,PSP,CA,AWP,WE,Towers with Radar,40,51,7,1,99,0,2,39,0,41,40,53,46,1,140,20,0,20,160
12/13/2012,PSP,CA,AWP,WE,Towers with Radar,46,53,20,0,119,0,0,7,0,7,46,53,27,0,126,4,0,4,130
12/14/2012,PSP,CA,AWP,WE,Towers with Radar,44,68,23,0,135,0,3,15,0,18,44,71,38,0,153,6,0,6,159
12/15/2012,PSP,CA,AWP,WE,Towers with Radar,47,44,11,0,102,0,1,19,0,20,47,45,30,0,122,4,0,4,126
12/16/2012,PSP,CA,AWP,WE,Towers with Radar,48,53,24,0,125,0,0,20,0,20,48,53,44,0,145,12,0,12,157
12/17/2012,PSP,CA,AWP,WE,Towers with Radar,47,55,14,1,117,0,1,19,2,22,47,56,33,3,139,10,0,10,149
12/18/2012,PSP,CA,AWP,WE,Towers with Radar,43,54,24,0,121,1,1,4,2,8,44,55,28,2,129,12,0,12,141
12/19/2012,PSP,CA,AWP,WE,Towers with Radar,46,50,20,0,116,0,2,23,0,25,46,52,43,0,141,0,4,4,145
12/20/2012,PSP,CA,AWP,WE,Towers with Radar,54,57,24,0,135,0,2,38,0,40,54,59,62,0,175,20,0,20,195
12/21/2012,PSP,CA,AWP,WE,Towers with Radar,46,51,32,2,131,0,0,34,1,35,46,51,66,3,166,16,0,16,182
12/22/2012,PSP,CA,AWP,WE,Towers with Radar,51,57,22,0,130,0,0,49,0,49,51,57,71,0,179,12,0,12,191
12/23/2012,PSP,CA,AWP,WE,Towers with Radar,53,47,23,0,123,0,2,34,2,38,53,49,57,2,161,0,0,0,161
12/24/2012,PSP,CA,AWP,WE,Towers with Radar,45,46,10,0,101,0,0,6,0,6,45,46,16,0,107,8,0,8,115
12/25/2012,PSP,CA,AWP,WE,Towers with Radar,40,47,4,0,91,0,0,12,1,13,40,47,16,1,104,0,0,0,104
12/26/2012,PSP,CA,AWP,WE,Towers with Radar,51,64,42,1,158,0,2,10,0,12,51,66,52,1,170,10,0,10,180
12/27/2012,PSP,CA,AWP,WE,Towers with Radar,55,66,28,0,149,0,0,31,0,31,55,66,59,0,180,0,0,0,180
12/28/2012,PSP,CA,AWP,WE,Towers with Radar,51,61,30,2,144,0,2,48,0,50,51,63,78,2,194,4,0,4,198
12/29/2012,PSP,CA,AWP,WE,Towers with Radar,49,58,26,0,133,0,4,45,4,53,49,62,71,4,186,34,0,34,220
12/30/2012,PSP,CA,AWP,WE,Towers with Radar,54,59,14,0,127,0,2,16,0,18,54,61,30,0,145,0,0,0,145
12/31/2012,PSP,CA,AWP,WE,Towers with Radar,46,60,12,0,118,0,5,29,3,37,46,65,41,3,155,6,0,6,161
01/01/2013,PSP,CA,AWP,WE,Towers with Radar,46,56,22,0,124,0,0,23,0,23,46,56,45,0,147,2,0,2,149
01/02/2013,PSP,CA,AWP,WE,Towers with Radar,49,67,23,2,141,0,0,26,0,26,49,67,49,2,167,22,0,22,189
01/03/2013,PSP,CA,AWP,WE,Towers with Radar,51,65,33,0,149,1,1,34,0,36,52,66,67,0,185,14,0,14,199
01/04/2013,PSP,CA,AWP,WE,Towers with Radar,45,70,26,0,141,0,4,45,0,49,45,74,71,0,190,22,0,22,212
01/05/2013,PSP,CA,AWP,WE,Towers with Radar,46,57,52,0,155,0,0,67,0,67,46,57,119,0,222,50,0,50,272
01/06/2013,PSP,CA,AWP,WE,Towers with Radar,51,58,39,0,148,0,2,23,0,25,51,60,62,0,173,8,0,8,181
01/07/2013,PSP,CA,AWP,WE,Towers with Radar,43,59,17,0,119,0,1,19,2,22,43,60,36,2,141,40,0,40,181
01/08/2013,PSP,CA,AWP,WE,Towers with Radar,39,47,24,0,110,0,3,44,3,50,39,50,68,3,160,6,2,8,168
01/09/2013,PSP,CA,AWP,WE,Towers with Radar,50,55,26,0,131,0,1,36,2,39,50,56,62,2,170,0,0,0,170
01/10/2013,PSP,CA,AWP,WE,Towers with Radar,55,68,29,3,155,0,1,4,0,5,55,69,33,3,160,4,0,4,164
01/11/2013,PSP,CA,AWP,WE,Towers with Radar,43,60,21,1,125,0,5,29,1,35,43,65,50,2,160,20,0,20,180
01/12/2013,PSP,CA,AWP,WE,Towers with Radar,43,57,11,0,111,0,0,42,4,46,43,57,53,4,157,6,0,6,163
01/13/2013,PSP,CA,AWP,WE,Towers with Radar,47,62,18,2,129,0,0,37,0,37,47,62,55,2,166,0,0,0,166
01/14/2013,PSP,CA,AWP,WE,Towers with Radar,44,67,17,3,131,0,0,15,5,20,44,67,32,8,151,0,4,4,155
01/15/2013,PSP,CA,AWP,WE,Towers with Radar,35,53,26,2,116,0,2,13,7,22,35,55,39,9,138,0,12,12,150
01/16/2013,PSP,CA,AWP,WE,Towers with Radar,52,47,27,8,134,0,0,24,1,25,52,47,51,9,159,2,4,6,165
01/17/2013,PSP,CA,AWP,WE,Towers with Radar,49,67,26,3,145,0,2,30,4,36,49,69,56,7,181,0,0,0,181
01/18/2013,PSP,CA,AWP,WE,Towers with Radar,46,64,34,2,146,0,5,55,8,68,46,69,89,10,214,14,0,14,228
01/19/2013,PSP,CA,AWP,WE,Towers with Radar,45,62,25,1,133,0,2,63,2,67,45,64,88,3,200,22,0,22,222
01/20/2013,PSP,CA,AWP,WE,Towers with Radar,49,70,22,0,141,0,4,41,4,49,49,74,63,4,190,0,0,0,190
01/21/2013,PSP,CA,AWP,WE,Towers with Radar,45,74,39,0,158,0,4,76,0,80,45,78,115,0,238,4,0,4,242
01/22/2013,PSP,CA,AWP,WE,Towers with Radar,39,50,19,4,112,0,3,32,5,40,39,53,51,9,152,0,0,0,152
01/23/2013,PSP,CA,AWP,WE,Towers with Radar,51,51,37,2,141,0,4,20,3,27,51,55,57,5,168,28,2,30,198
01/24/2013,PSP,CA,AWP,WE,Towers with Radar,49,64,37,1,151,0,1,12,3,16,49,65,49,4,167,0,0,0,167
01/25/2013,PSP,CA,AWP,WE,Towers with Radar,44,56,32,3,135,0,0,3,1,4,44,56,35,4,139,0,0,0,139
01/26/2013,PSP,CA,AWP,WE,Towers with Radar,40,58,18,1,117,0,0,24,1,25,40,58,42,2,142,18,0,18,160
01/27/2013,PSP,CA,AWP,WE,Towers with Radar,46,67,33,1,147,0,2,17,0,19,46,69,50,1,166,4,0,4,170
01/28/2013,PSP,CA,AWP,WE,Towers with Radar,42,59,20,6,127,0,3,30,12,45,42,62,50,18,172,10,8,18,190
01/29/2013,PSP,CA,AWP,WE,Towers with Radar,39,57,16,0,112,0,4,39,0,43,39,61,55,0,155,28,0,28,183
01/30/2013,PSP,CA,AWP,WE,Towers with Radar,50,57,31,3,141,0,7,59,3,69,50,64,90,6,210,12,0,12,222
01/31/2013,PSP,CA,AWP,WE,Towers with Radar,50,76,33,1,160,0,3,33,4,40,50,79,66,5,200,14,2,16,216
02/01/2013,PSP,CA,AWP,WE,Towers with Radar,43,67,34,3,147,0,4,72,0,76,43,71,106,3,223,18,0,18,241
02/02/2013,PSP,CA,AWP,WE,Towers with Radar,45,68,19,0,132,0,3,76,1,80,45,71,95,1,212,34,0,34,246
02/03/2013,PSP,CA,AWP,WE,Towers with Radar,49,56,31,0,136,0,3,40,3,46,49,59,71,3,182,14,0,14,196
02/04/2013,PSP,CA,AWP,WE,Towers with Radar,54,71,52,0,177,0,3,71,5,79,54,74,123,5,256,36,0,36,292
02/05/2013,PSP,CA,AWP,WE,Towers with Radar,38,58,33,3,132,0,5,29,3,37,38,63,62,6,169,16,2,18,187
02/06/2013,PSP,CA,AWP,WE,Towers with Radar,49,56,22,0,127,1,5,16,0,22,50,61,38,0,149,4,0,4,153
02/07/2013,PSP,CA,AWP,WE,Towers with Radar,47,66,29,0,142,1,1,38,0,40,48,67,67,0,182,4,0,4,186
02/08/2013,PSP,CA,AWP,WE,Towers with Radar,43,62,37,2,144,0,1,15,1,17,43,63,52,3,161,0,0,0,161
02/09/2013,PSP,CA,AWP,WE,Towers with Radar,47,61,22,1,131,0,2,22,1,25,47,63,44,2,156,0,0,0,156
02/10/2013,PSP,CA,AWP,WE,Towers with Radar,46,76,41,0,163,0,0,31,0,31,46,76,72,0,194,4,0,4,198
02/11/2013,PSP,CA,AWP,WE,Towers with Radar,48,60,30,1,139,0,1,44,1,46,48,61,74,2,185,2,0,2,187
02/12/2013,PSP,CA,AWP,WE,Towers with Radar,41,54,22,3,120,0,0,42,4,46,41,54,64,7,166,10,0,10,176
02/13/2013,PSP,CA,AWP,WE,Towers with Radar,54,52,42,1,149,0,1,44,2,47,54,53,86,3,196,34,0,34,230
02/14/2013,PSP,CA,AWP,WE,Towers with Radar,58,63,35,2,158,0,1,46,0,47,58,64,81,2,205,4,0,4,209
02/15/2013,PSP,CA,AWP,WE,Towers with Radar,52,63,51,0,166,0,3,66,2,71,52,66,117,2,237,2,0,2,239
02/16/2013,PSP,CA,AWP,WE,Towers with Radar,57,58,21,0,136,0,2,77,0,79,57,60,98,0,215,26,0,26,241
02/17/2013,PSP,CA,AWP,WE,Towers with Radar,58,62,28,0,148,0,0,52,0,52,58,62,80,0,200,38,0,38,238
02/18/2013,PSP,CA,AWP,WE,Towers with Radar,56,67,50,1,174,0,0,44,3,47,56,67,94,4,221,14,0,14,235
02/19/2013,PSP,CA,AWP,WE,Towers with Radar,53,67,16,0,136,0,0,7,0,7,53,67,23,0,143,4,0,4,147
02/20/2013,PSP,CA,AWP,WE,Towers with Radar,54,67,17,0,138,0,0,12,1,13,54,67,29,1,151,6,0,6,157
02/21/2013,PSP,CA,AWP,WE,Towers with Radar,55,60,33,1,149,0,1,20,0,21,55,61,53,1,170,2,0,2,172
02/22/2013,PSP,CA,AWP,WE,Towers with Radar,53,58,29,2,142,0,1,53,4,58,53,59,82,6,200,16,0,16,216
02/23/2013,PSP,CA,AWP,WE,Towers with Radar,57,52,17,0,126,0,0,58,2,60,57,52,75,2,186,26,0,26,212
02/24/2013,PSP,CA,AWP,WE,Towers with Radar,54,69,38,0,161,0,2,19,1,22,54,71,57,1,183,52,0,52,235
02/25/2013,PSP,CA,AWP,WE,Towers with Radar,55,64,33,0,152,0,2,38,2,42,55,66,71,2,194,0,2,2,196
02/26/2013,PSP,CA,AWP,WE,Towers with Radar,39,52,22,1,114,0,4,26,0,30,39,56,48,1,144,20,4,24,168
02/27/2013,PSP,CA,AWP,WE,Towers with Radar,59,71,32,0,162,0,3,30,0,33,59,74,62,0,195,22,0,22,217
02/28/2013,PSP,CA,AWP,WE,Towers with Radar,59,66,24,0,149,0,0,45,1,46,59,66,69,1,195,4,0,4,199
03/01/2013,PSP,CA,AWP,WE,Towers with Radar,53,62,33,0,148,0,0,38,3,41,53,62,71,3,189,6,0,6,195
03/02/2013,PSP,CA,AWP,WE,Towers with Radar,60,49,17,0,126,0,0,73,2,75,60,49,90,2,201,34,0,34,235
03/03/2013,PSP,CA,AWP,WE,Towers with Radar,61,72,50,0,183,0,1,41,1,43,61,73,91,1,226,0,0,0,226
03/04/2013,PSP,CA,AWP,WE,Towers with Radar,53,55,34,0,142,0,1,34,0,35,53,56,68,0,177,6,0,6,183
03/05/2013,PSP,CA,AWP,WE,Towers with Radar,47,57,54,0,158,0,2,26,1,29,47,59,80,1,187,8,0,8,195
03/06/2013,PSP,CA,AWP,WE,Towers with Radar,56,70,35,0,161,0,0,23,3,26,56,70,58,3,187,6,2,8,195
03/07/2013,PSP,CA,AWP,WE,Towers with Radar,60,72,50,0,182,0,4,20,0,24,60,76,70,0,206,14,0,14,220
03/08/2013,PSP,CA,AWP,WE,Towers with Radar,52,79,49,0,180,0,1,9,5,15,52,80,58,5,195,0,0,0,195
03/09/2013,PSP,CA,AWP,WE,Towers with Radar,61,65,25,0,151,0,1,69,0,70,61,66,94,0,221,20,0,20,241
03/10/2013,PSP,CA,AWP,WE,Towers with Radar,63,78,41,2,184,0,0,32,4,36,63,78,73,6,220,26,0,26,246
03/11/2013,PSP,CA,AWP,WE,Towers with Radar,53,60,36,0,149,0,6,41,0,47,53,66,77,0,196,18,0,18,214
03/12/2013,PSP,CA,AWP,WE,Towers with Radar,51,62,37,0,150,0,2,40,0,42,51,64,77,0,192,4,0,4,196
03/13/2013,PSP,CA,AWP,WE,Towers with Radar,58,71,30,2,161,0,5,48,1,54,58,76,78,3,215,16,2,18,233
03/14/2013,PSP,CA,AWP,WE,Towers with Radar,60,79,45,1,185,0,1,46,4,51,60,80,91,5,236,8,0,8,244
03/15/2013,PSP,CA,AWP,WE,Towers with Radar,54,69,32,0,155,0,2,44,1,47,54,71,76,1,202,30,0,30,232
03/16/2013,PSP,CA,AWP,WE,Towers with Radar,62,59,35,0,156,0,2,65,0,67,62,61,100,0,223,10,0,10,233
03/17/2013,PSP,CA,AWP,WE,Towers with Radar,63,72,40,0,175,0,3,78,0,81,63,75,118,0,256,52,0,52,308
03/18/2013,PSP,CA,AWP,WE,Towers with Radar,56,65,26,0,147,0,5,37,2,44,56,70,63,2,191,6,0,6,197
03/19/2013,PSP,CA,AWP,WE,Towers with Radar,53,67,19,0,139,0,3,26,2,31,53,70,45,2,170,20,0,20,190
03/20/2013,PSP,CA,AWP,WE,Towers with Radar,55,64,45,0,164,0,4,35,6,45,55,68,80,6,209,4,0,4,213
03/21/2013,PSP,CA,AWP,WE,Towers with Radar,59,70,46,4,179,0,1,28,4,33,59,71,74,8,212,0,4,4,216
03/22/2013,PSP,CA,AWP,WE,Towers with Radar,53,79,23,0,155,0,1,33,5,39,53,80,56,5,194,0,0,0,194
03/23/2013,PSP,CA,AWP,WE,Towers with Radar,65,69,28,2,164,0,1,54,0,55,65,70,82,2,219,50,0,50,269
03/24/2013,PSP,CA,AWP,WE,Towers with Radar,63,79,37,0,179,0,4,40,4,48,63,83,77,4,227,8,0,8,235
03/25/2013,PSP,CA,AWP,WE,Towers with Radar,57,66,19,0,142,0,1,52,0,53,57,67,71,0,195,38,0,38,233
03/26/2013,PSP,CA,AWP,WE,Towers with Radar,53,54,24,0,131,0,2,34,6,42,53,56,58,6,173,2,2,4,177
03/27/2013,PSP,CA,AWP,WE,Towers with Radar,58,72,24,0,154,0,1,17,4,22,58,73,41,4,176,30,2,32,208
03/28/2013,PSP,CA,AWP,WE,Towers with Radar,59,63,48,0,170,0,1,55,7,63,59,64,103,7,233,22,2,24,257
03/29/2013,PSP,CA,AWP,WE,Towers with Radar,55,73,22,0,150,0,3,46,0,49,55,76,68,0,199,0,0,0,199
03/30/2013,PSP,CA,AWP,WE,Towers with Radar,66,66,15,0,147,1,2,79,0,82,67,68,94,0,229,20,2,22,251
03/31/2013,PSP,CA,AWP,WE,Towers with Radar,64,84,30,0,178,0,0,30,0,30,64,84,60,0,208,0,0,0,208
04/01/2013,PSP,CA,AWP,WE,Towers with Radar,55,95,51,0,201,0,2,23,0,25,55,97,74,0,226,0,0,0,226
04/02/2013,PSP,CA,AWP,WE,Towers with Radar,51,78,25,2,156,0,4,39,1,44,51,82,64,3,200,0,0,0,200
04/03/2013,PSP,CA,AWP,WE,Towers with Radar,57,64,40,0,161,0,3,51,3,57,57,67,91,3,218,8,0,8,226
04/04/2013,PSP,CA,AWP,WE,Towers with Radar,56,67,28,0,151,0,3,58,7,68,56,70,86,7,219,16,0,16,235
04/05/2013,PSP,CA,AWP,WE,Towers with Radar,50,67,19,0,136,0,5,50,0,55,50,72,69,0,191,0,0,0,191
04/06/2013,PSP,CA,AWP,WE,Towers with Radar,55,65,24,4,148,1,1,34,3,39,56,66,58,7,187,0,0,0,187
04/07/2013,PSP,CA,AWP,WE,Towers with Radar,63,77,46,0,186,0,1,35,0,36,63,78,81,0,222,8,0,8,230
04/08/2013,PSP,CA,AWP,WE,Towers with Radar,62,81,15,0,158,0,0,3,3,6,62,81,18,3,164,12,0,12,176
04/09/2013,PSP,CA,AWP,WE,Towers with Radar,44,64,16,0,124,0,1,26,2,29,44,65,42,2,153,0,0,0,153
04/10/2013,PSP,CA,AWP,WE,Towers with Radar,45,69,33,2,149,0,0,28,0,28,45,69,61,2,177,20,0,20,197
04/11/2013,PSP,CA,AWP,WE,Towers with Radar,54,65,29,0,148,0,1,36,1,38,54,66,65,1,186,10,2,12,198
04/12/2013,PSP,CA,AWP,WE,Towers with Radar,45,72,33,0,150,0,0,44,1,45,45,72,77,1,195,4,0,4,199
04/13/2013,PSP,CA,AWP,WE,Towers with Radar,56,50,22,1,129,0,3,60,2,65,56,53,82,3,194,24,0,24,218
04/14/2013,PSP,CA,AWP,WE,Towers with Radar,56,69,21,2,148,0,4,35,0,39,56,73,56,2,187,0,0,0,187
04/15/2013,PSP,CA,AWP,WE,Towers with Radar,53,72,21,0,146,0,0,6,3,9,53,72,27,3,155,4,0,4,159
04/16/2013,PSP,CA,AWP,WE,Towers with Radar,39,63,17,2,121,0,0,11,3,14,39,63,28,5,135,0,0,0,135
04/17/2013,PSP,CA,AWP,WE,Towers with Radar,42,70,21,1,134,0,0,29,2,31,42,70,50,3,165,4,2,6,171
04/18/2013,PSP,CA,AWP,WE,Towers with Radar,46,66,40,0,152,0,0,28,2,30,46,66,68,2,182,2,0,2,184
04/19/2013,PSP,CA,AWP,WE,Towers with Radar,43,71,27,0,141,0,1,39,1,41,43,72,66,1,182,0,0,0,182
04/20/2013,PSP,CA,AWP,WE,Towers with Radar,54,53,24,1,132,0,2,58,2,62,54,55,82,3,194,42,0,42,236
04/21/2013,PSP,CA,AWP,WE,Towers with Radar,50,72,56,1,179,0,3,41,0,44,50,75,97,1,223,0,0,0,223
04/22/2013,PSP,CA,AWP,WE,Towers with Radar,45,75,34,4,158,0,4,46,2,52,45,79,80,6,210,2,4,6,216
04/23/2013,PSP,CA,AWP,WE,Towers with Radar,41,67,26,0,134,0,3,21,1,25,41,70,47,1,159,0,0,0,159
04/24/2013,PSP,CA,AWP,WE,Towers with Radar,44,61,30,2,137,0,7,47,1,55,44,68,77,3,192,18,0,18,210
04/25/2013,PSP,CA,AWP,WE,Towers with Radar,43,77,29,3,152,0,2,23,3,28,43,79,52,6,180,0,2,2,182
04/26/2013,PSP,CA,AWP,WE,Towers with Radar,42,67,27,0,136,0,1,47,2,50,42,68,74,2,186,6,0,6,192
04/27/2013,PSP,CA,AWP,WE,Towers with Radar,54,55,34,0,143,0,5,63,2,70,54,60,97,2,213,26,0,26,239
04/28/2013,PSP,CA,AWP,WE,Towers with Radar,43,87,38,0,168,0,2,47,1,50,43,89,85,1,218,0,0,0,218
04/29/2013,PSP,CA,AWP,WE,Towers with Radar,37,83,41,0,161,0,1,39,2,42,37,84,80,2,203,0,0,0,203
04/30/2013,PSP,CA,AWP,WE,Towers with Radar,33,80,38,0,151,0,2,50,1,53,33,82,88,1,204,10,0,10,214
05/01/2013,PSP,CA,AWP,WE,Towers with Radar,34,64,27,0,125,0,3,29,2,34,34,67,56,2,159,4,0,4,163
05/02/2013,PSP,CA,AWP,WE,Towers with Radar,32,61,25,0,118,0,2,33,1,36,32,63,58,1,154,0,0,0,154
05/03/2013,PSP,CA,AWP,WE,Towers with Radar,31,56,26,0,113,0,0,26,0,26,31,56,52,0,139,0,0,0,139
05/04/2013,PSP,CA,AWP,WE,Towers with Radar,35,46,31,0,112,0,2,27,0,29,35,48,58,0,141,4,0,4,145
05/05/2013,PSP,CA,AWP,WE,Towers with Radar,31,67,44,0,142,0,1,21,0,22,31,68,65,0,164,2,0,2,166
05/06/2013,PSP,CA,AWP,WE,Towers with Radar,30,56,27,0,113,0,2,8,0,10,30,58,35,0,123,0,0,0,123
05/07/2013,PSP,CA,AWP,WE,Towers with Radar,25,62,20,0,107,0,2,15,5,22,25,64,35,5,129,4,0,4,133
05/08/2013,PSP,CA,AWP,WE,Towers with Radar,24,69,15,0,108,0,3,16,4,23,24,72,31,4,131,16,0,16,147
05/09/2013,PSP,CA,AWP,WE,Towers with Radar,27,58,30,3,118,0,0,34,4,38,27,58,64,7,156,8,0,8,164
05/10/2013,PSP,CA,AWP,WE,Towers with Radar,26,60,19,0,105,0,1,43,2,46,26,61,62,2,151,28,0,28,179
05/11/2013,PSP,CA,AWP,WE,Towers with Radar,29,50,9,0,88,0,0,47,1,48,29,50,56,1,136,10,0,10,146
05/12/2013,PSP,CA,AWP,WE,Towers with Radar,28,48,21,0,97,0,0,28,0,28,28,48,49,0,125,0,0,0,125
05/13/2013,PSP,CA,AWP,WE,Towers with Radar,24,63,20,0,107,0,0,34,1,35,24,63,54,1,142,0,0,0,142
05/14/2013,PSP,CA,AWP,WE,Towers with Radar,21,50,17,0,88,0,1,23,1,25,21,51,40,1,113,0,0,0,113
05/15/2013,PSP,CA,AWP,WE,Towers with Radar,21,67,20,2,110,0,0,21,0,21,21,67,41,2,131,4,0,4,135
05/16/2013,PSP,CA,AWP,WE,Towers with Radar,21,57,27,3,108,0,3,24,4,31,21,60,51,7,139,0,0,0,139
05/17/2013,PSP,CA,AWP,WE,Towers with Radar,23,60,30,2,115,0,3,37,0,40,23,63,67,2,155,6,0,6,161
05/18/2013,PSP,CA,AWP,WE,Towers with Radar,26,43,19,0,88,0,0,36,2,38,26,43,55,2,126,0,0,0,126
05/19/2013,PSP,CA,AWP,WE,Towers with Radar,22,55,22,1,100,0,1,39,4,44,22,56,61,5,144,0,0,0,144
05/20/2013,PSP,CA,AWP,WE,Towers with Radar,26,50,13,0,89,0,0,31,12,43,26,50,44,12,132,8,2,10,142
05/21/2013,PSP,CA,AWP,WE,Towers with Radar,22,60,12,0,94,0,0,29,7,36,22,60,41,7,130,0,2,2,132
05/22/2013,PSP,CA,AWP,WE,Towers with Radar,22,55,16,2,95,0,2,18,3,23,22,57,34,5,118,2,2,4,122
05/23/2013,PSP,CA,AWP,WE,Towers with Radar,25,57,15,1,98,0,2,27,2,31,25,59,42,3,129,2,0,2,131
05/24/2013,PSP,CA,AWP,WE,Towers with Radar,27,57,10,0,94,0,1,37,0,38,27,58,47,0,132,6,0,6,138
05/25/2013,PSP,CA,AWP,WE,Towers with Radar,27,42,8,0,77,0,0,46,2,48,27,42,54,2,125,14,0,14,139
05/26/2013,PSP,CA,AWP,WE,Towers with Radar,22,39,10,2,73,0,0,38,0,38,22,39,48,2,111,8,0,8,119
05/27/2013,PSP,CA,AWP,WE,Towers with Radar,23,51,8,1,83,0,0,65,0,65,23,51,73,1,148,68,0,68,216
05/28/2013,PSP,CA,AWP,WE,Towers with Radar,26,47,14,4,91,0,1,10,2,13,26,48,24,6,104,2,2,4,108
05/29/2013,PSP,CA,AWP,WE,Towers with Radar,22,47,18,1,88,0,3,29,2,34,22,50,47,3,122,8,0,8,130
05/30/2013,PSP,CA,AWP,WE,Towers with Radar,20,52,13,1,86,0,0,29,0,29,20,52,42,1,115,4,0,4,119
05/31/2013,PSP,CA,AWP,WE,Towers with Radar,24,54,14,2,94,0,0,34,1,35,24,54,48,3,129,8,0,8,137
06/01/2013,PSP,CA,AWP,WE,Towers with Radar,26,38,6,2,72,0,0,46,0,46,26,38,52,2,118,0,0,0,118
06/02/2013,PSP,CA,AWP,WE,Towers with Radar,17,53,15,0,85,0,1,30,0,31,17,54,45,0,116,0,0,0,116
06/03/2013,PSP,CA,AWP,WE,Towers with Radar,20,43,7,1,71,0,2,40,1,43,20,45,47,2,114,14,0,14,128
06/04/2013,PSP,CA,AWP,WE,Towers with Radar,14,48,15,3,80,0,3,17,1,21,14,51,32,4,101,2,0,2,103
06/05/2013,PSP,CA,AWP,WE,Towers with Radar,17,47,9,2,75,0,2,25,1,28,17,49,34,3,103,0,0,0,103
06/06/2013,PSP,CA,AWP,WE,Towers with Radar,16,37,13,3,69,0,3,39,2,44,16,40,52,5,113,6,0,6,119
06/07/2013,PSP,CA,AWP,WE,Towers with Radar,18,34,1,1,54,0,1,12,2,15,18,35,13,3,69,0,0,0,69
06/08/2013,PSP,CA,AWP,WE,Towers with Radar,13,33,2,0,48,0,0,8,3,11,13,33,10,3,59,0,0,0,59
06/09/2013,PSP,CA,AWP,WE,Towers with Radar,20,30,14,3,67,0,0,20,1,21,20,30,34,4,88,8,0,8,96
06/10/2013,PSP,CA,AWP,WE,Towers with Radar,17,33,4,2,56,0,5,8,1,14,17,38,12,3,70,0,0,0,70
06/11/2013,PSP,CA,AWP,WE,Towers with Radar,16,36,19,2,73,0,3,17,2,22,16,39,36,4,95,2,0,2,97
06/12/2013,PSP,CA,AWP,WE,Towers with Radar,11,34,7,0,52,0,5,12,4,21,11,39,19,4,73,8,0,8,81
06/13/2013,PSP,CA,AWP,WE,Towers with Radar,13,41,15,1,70,0,5,22,0,27,13,46,37,1,97,18,0,18,115
06/14/2013,PSP,CA,AWP,WE,Towers with Radar,14,44,17,3,78,0,6,22,0,28,14,50,39,3,106,2,2,4,110
06/15/2013,PSP,CA,AWP,WE,Towers with Radar,9,39,6,0,54,0,4,30,1,35,9,43,36,1,89,0,0,0,89
06/16/2013,PSP,CA,AWP,WE,Towers with Radar,15,37,15,0,67,0,0,36,1,37,15,37,51,1,104,8,0,8,112
06/17/2013,PSP,CA,AWP,WE,Towers with Radar,12,37,11,0,60,0,5,14,1,20,12,42,25,1,80,0,0,0,80
06/18/2013,PSP,CA,AWP,WE,Towers with Radar,10,32,10,1,53,0,5,24,0,29,10,37,34,1,82,30,0,30,112
06/19/2013,PSP,CA,AWP,WE,Towers with Radar,11,38,19,2,70,0,6,16,3,25,11,44,35,5,95,0,0,0,95
06/20/2013,PSP,CA,AWP,WE,Towers with Radar,11,35,9,0,55,0,2,27,0,29,11,37,36,0,84,2,0,2,86
06/21/2013,PSP,CA,AWP,WE,Towers with Radar,14,36,9,0,59,0,2,20,3,25,14,38,29,3,84,0,4,4,88
06/22/2013,PSP,CA,AWP,WE,Towers with Radar,9,32,5,0,46,0,2,45,5,52,9,34,50,5,98,10,0,10,108
06/23/2013,PSP,CA,AWP,WE,Towers with Radar,14,30,8,1,53,0,0,23,2,25,14,30,31,3,78,4,0,4,82
06/24/2013,PSP,CA,AWP,WE,Towers with Radar,12,34,6,0,52,0,1,14,0,15,12,35,20,0,67,0,0,0,67
06/25/2013,PSP,CA,AWP,WE,Towers with Radar,10,40,12,0,62,0,0,14,0,14,10,40,26,0,76,8,0,8,84
06/26/2013,PSP,CA,AWP,WE,Towers with Radar,8,44,11,1,64,0,1,21,1,23,8,45,32,2,87,0,0,0,87
06/27/2013,PSP,CA,AWP,WE,Towers with Radar,12,36,8,0,56,0,2,20,0,22,12,38,28,0,78,2,0,2,80
06/28/2013,PSP,CA,AWP,WE,Towers with Radar,14,33,9,0,56,0,7,18,4,29,14,40,27,4,85,0,16,16,101
06/29/2013,PSP,CA,AWP,WE,Towers with Radar,9,34,10,0,53,0,1,28,0,29,9,35,38,0,82,0,0,0,82
06/30/2013,PSP,CA,AWP,WE,Towers with Radar,17,34,8,1,60,0,0,10,1,11,17,34,18,2,71,0,0,0,71
07/01/2013,PSP,CA,AWP,WE,Towers with Radar,13,37,4,4,58,0,4,7,2,13,13,41,11,6,71,8,0,8,79
07/02/2013,PSP,CA,AWP,WE,Towers with Radar,16,40,5,0,61,0,1,10,0,11,16,41,15,0,72,0,0,0,72
07/03/2013,PSP,CA,AWP,WE,Towers with Radar,8,37,4,0,49,0,4,17,0,21,8,41,21,0,70,8,0,8,78
07/04/2013,PSP,CA,AWP,WE,Towers with Radar,10,30,4,0,44,0,0,14,0,14,10,30,18,0,58,0,0,0,58
07/05/2013,PSP,CA,AWP,WE,Towers with Radar,12,35,2,0,49,0,6,15,0,21,12,41,17,0,70,6,0,6,76
07/06/2013,PSP,CA,AWP,WE,Towers with Radar,6,31,2,0,39,0,1,24,1,26,6,32,26,1,65,0,0,0,65
07/07/2013,PSP,CA,AWP,WE,Towers with Radar,12,37,8,0,57,0,0,14,0,14,12,37,22,0,71,0,0,0,71
07/08/2013,PSP,CA,AWP,WE,Towers with Radar,9,34,5,0,48,0,2,15,2,19,9,36,20,2,67,2,0,2,69
07/09/2013,PSP,CA,AWP,WE,Towers with Radar,8,40,9,0,57,0,4,13,0,17,8,44,22,0,74,2,0,2,76
07/10/2013,PSP,CA,AWP,WE,Towers with Radar,8,39,8,4,59,0,3,9,0,12,8,42,17,4,71,0,0,0,71
07/11/2013,PSP,CA,AWP,WE,Towers with Radar,9,40,6,0,55,0,2,7,2,11,9,42,13,2,66,6,0,6,72
07/12/2013,PSP,CA,AWP,WE,Towers with Radar,11,39,5,0,55,0,3,16,0,19,11,42,21,0,74,0,0,0,74
07/13/2013,PSP,CA,AWP,WE,Towers with Radar,6,39,3,0,48,0,0,22,0,22,6,39,25,0,70,0,0,0,70
07/14/2013,PSP,CA,AWP,WE,Towers with Radar,10,40,7,0,57,0,2,17,0,19,10,42,24,0,76,4,0,4,80
07/15/2013,PSP,CA,AWP,WE,Towers with Radar,11,38,6,0,55,0,2,10,4,16,11,40,16,4,71,0,0,0,71
07/16/2013,PSP,CA,AWP,WE,Towers with Radar,10,36,4,1,51,0,1,9,3,13,10,37,13,4,64,0,0,0,64
07/17/2013,PSP,CA,AWP,WE,Towers with Radar,10,38,9,1,58,0,1,8,2,11,10,39,17,3,69,0,0,0,69
07/18/2013,PSP,CA,AWP,WE,Towers with Radar,9,43,9,6,67,0,1,29,0,30,9,44,38,6,97,6,0,6,103
07/19/2013,PSP,CA,AWP,WE,Towers with Radar,17,33,4,4,58,0,1,46,1,48,17,34,50,5,106,0,0,0,106
07/20/2013,PSP,CA,AWP,WE,Towers with Radar,8,30,2,2,42,0,0,14,4,18,8,30,16,6,60,0,0,0,60
07/21/2013,PSP,CA,AWP,WE,Towers with Radar,12,33,5,4,54,0,1,20,0,21,12,34,25,4,75,32,0,32,107
07/22/2013,PSP,CA,AWP,WE,Towers with Radar,12,40,2,2,56,4,1,13,3,21,16,41,15,5,77,20,0,20,97
07/23/2013,PSP,CA,AWP,WE,Towers with Radar,10,33,8,2,53,0,0,21,4,25,10,33,29,6,78,6,0,6,84
07/24/2013,PSP,CA,AWP,WE,Towers with Radar,10,35,5,1,51,0,1,14,1,16,10,36,19,2,67,0,0,0,67
07/25/2013,PSP,CA,AWP,WE,Towers with Radar,11,32,4,0,47,0,5,17,0,22,11,37,21,0,69,0,0,0,69
07/26/2013,PSP,CA,AWP,WE,Towers with Radar,13,33,10,3,59,0,5,13,2,20,13,38,23,5,79,12,0,12,91
07/27/2013,PSP,CA,AWP,WE,Towers with Radar,8,32,7,2,49,0,0,18,2,20,8,32,25,4,69,0,0,0,69
07/28/2013,PSP,CA,AWP,WE,Towers with Radar,13,33,6,4,56,0,0,29,1,30,13,33,35,5,86,4,0,4,90
07/29/2013,PSP,CA,AWP,WE,Towers with Radar,10,36,3,5,54,0,2,22,5,29,10,38,25,10,83,24,0,24,107
07/30/2013,PSP,CA,AWP,WE,Towers with Radar,10,33,6,4,53,0,4,18,5,27,10,37,24,9,80,2,0,2,82
07/31/2013,PSP,CA,AWP,WE,Towers with Radar,10,33,6,1,50,0,2,14,4,20,10,35,20,5,70,8,0,8,78
08/01/2013,PSP,CA,AWP,WE,Towers with Radar,9,39,5,1,54,0,4,10,4,18,9,43,15,5,72,0,0,0,72
08/02/2013,PSP,CA,AWP,WE,Towers with Radar,12,36,16,1,65,0,2,15,1,18,12,38,31,2,83,12,0,12,95
08/03/2013,PSP,CA,AWP,WE,Towers with Radar,9,31,6,1,47,0,3,29,3,35,9,34,35,4,82,0,0,0,82
08/04/2013,PSP,CA,AWP,WE,Towers with Radar,13,32,5,0,50,0,0,17,2,19,13,32,22,2,69,0,0,0,69
08/05/2013,PSP,CA,AWP,WE,Towers with Radar,12,32,5,4,53,0,2,19,1,22,12,34,24,5,75,16,0,16,91
08/06/2013,PSP,CA,AWP,WE,Towers with Radar,10,35,9,2,56,0,6,23,1,30,10,41,32,3,86,10,0,10,96
08/07/2013,PSP,CA,AWP,WE,Towers with Radar,9,29,5,1,44,0,0,8,1,9,9,29,13,2,53,2,0,2,55
08/08/2013,PSP,CA,AWP,WE,Towers with Radar,12,30,19,12,73,0,2,16,5,23,12,32,35,17,96,2,2,4,100
08/09/2013,PSP,CA,AWP,WE,Towers with Radar,12,32,3,1,48,0,4,17,0,21,12,36,20,1,69,18,0,18,87
08/10/2013,PSP,CA,AWP,WE,Towers with Radar,8,35,6,0,49,0,0,19,5,24,8,35,25,5,73,0,0,0,73
08/11/2013,PSP,CA,AWP,WE,Towers with Radar,11,32,5,0,48,0,0,28,0,28,11,32,33,0,76,38,0,38,114
08/12/2013,PSP,CA,AWP,WE,Towers with Radar,12,35,9,0,56,0,5,22,2,29,12,40,31,2,85,40,0,40,125
08/13/2013,PSP,CA,AWP,WE,Towers with Radar,10,36,7,0,53,0,2,9,4,15,10,38,16,4,68,2,2,4,72
08/14/2013,PSP,CA,AWP,WE,Towers with Radar,9,36,5,0,50,0,4,19,6,29,9,40,24,6,79,0,0,0,79
08/15/2013,PSP,CA,AWP,WE,Towers with Radar,12,35,6,7,60,0,7,13,2,22,12,42,19,9,82,6,0,6,88
08/16/2013,PSP,CA,AWP,WE,Towers with Radar,14,31,2,1,48,0,2,23,2,27,14,33,25,3,75,0,0,0,75
08/17/2013,PSP,CA,AWP,WE,Towers with Radar,9,31,7,0,47,0,2,44,2,48,9,33,51,2,95,0,0,0,95
08/18/2013,PSP,CA,AWP,WE,Towers with Radar,15,31,7,1,54,0,0,20,0,20,15,31,27,1,74,0,0,0,74
08/19/2013,PSP,CA,AWP,WE,Towers with Radar,12,37,2,3,54,0,2,17,0,19,12,39,19,3,73,12,0,12,85
08/20/2013,PSP,CA,AWP,WE,Towers with Radar,11,27,5,4,47,0,3,21,3,27,11,30,26,7,74,2,0,2,76
08/21/2013,PSP,CA,AWP,WE,Towers with Radar,9,35,4,4,52,0,4,25,4,33,9,39,29,8,85,0,0,0,85
08/22/2013,PSP,CA,AWP,WE,Towers with Radar,12,36,4,6,58,0,3,15,1,19,12,39,19,7,77,24,0,24,101
08/23/2013,PSP,CA,AWP,WE,Towers with Radar,15,38,7,2,62,0,2,42,1,45,15,40,49,3,107,36,0,36,143
08/24/2013,PSP,CA,AWP,WE,Towers with Radar,10,32,3,0,45,0,0,14,0,14,10,32,17,0,59,0,0,0,59
08/25/2013,PSP,CA,AWP,WE,Towers with Radar,14,31,5,0,50,0,1,15,4,20,14,32,20,4,70,0,0,0,70
08/26/2013,PSP,CA,AWP,WE,Towers with Radar,14,30,2,0,46,0,2,6,0,8,14,32,8,0,54,32,0,32,86
08/27/2013,PSP,CA,AWP,WE,Towers with Radar,15,35,6,0,56,0,4,9,4,17,15,39,15,4,73,2,2,4,77
08/28/2013,PSP,CA,AWP,WE,Towers with Radar,11,40,3,0,54,0,2,21,2,25,11,42,24,2,79,2,0,2,81
08/29/2013,PSP,CA,AWP,WE,Towers with Radar,14,41,10,0,65,0,4,15,2,21,14,45,25,2,86,4,0,4,90
08/30/2013,PSP,CA,AWP,WE,Towers with Radar,15,42,6,6,69,0,6,18,0,24,15,48,24,6,93,4,0,4,97
08/31/2013,PSP,CA,AWP,WE,Towers with Radar,12,28,5,4,49,0,1,23,3,27,12,29,28,7,76,2,0,2,78
09/01/2013,PSP,CA,AWP,WE,Towers with Radar,15,29,3,6,53,0,1,27,0,28,15,30,30,6,81,42,0,42,123
09/02/2013,PSP,CA,AWP,WE,Towers with Radar,18,34,4,5,61,0,0,14,1,15,18,34,18,6,76,32,0,32,108
09/03/2013,PSP,CA,AWP,WE,Towers with Radar,14,34,3,3,54,0,5,11,2,18,14,39,14,5,72,0,0,0,72
09/04/2013,PSP,CA,AWP,WE,Towers with Radar,14,31,4,3,52,0,7,10,4,21,14,38,14,7,73,0,0,0,73
09/05/2013,PSP,CA,AWP,WE,Towers with Radar,19,34,12,2,67,0,3,11,1,15,19,37,23,3,82,0,0,0,82
09/06/2013,PSP,CA,AWP,WE,Towers with Radar,18,38,5,3,64,0,2,12,2,16,18,40,17,5,80,4,0,4,84
09/07/2013,PSP,CA,AWP,WE,Towers with Radar,16,31,11,2,60,0,1,33,0,34,16,32,44,2,94,54,0,54,148
09/08/2013,PSP,CA,AWP,WE,Towers with Radar,20,38,8,3,69,0,0,16,0,16,20,38,24,3,85,12,0,12,97
09/09/2013,PSP,CA,AWP,WE,Towers with Radar,19,35,2,2,58,0,2,16,1,19,19,37,18,3,77,0,2,2,79
09/10/2013,PSP,CA,AWP,WE,Towers with Radar,18,28,10,2,58,0,3,26,0,29,18,31,36,2,87,10,0,10,97
09/11/2013,PSP,CA,AWP,WE,Towers with Radar,16,40,9,2,67,1,4,29,2,36,17,44,38,4,103,22,0,22,125
09/12/2013,PSP,CA,AWP,WE,Towers with Radar,21,40,11,4,76,0,2,25,0,27,21,42,36,4,103,4,0,4,107
09/13/2013,PSP,CA,AWP,WE,Towers with Radar,17,37,14,1,69,0,8,17,4,29,17,45,31,5,98,2,6,8,106
09/14/2013,PSP,CA,AWP,WE,Towers with Radar,15,33,7,3,58,0,11,57,1,69,15,44,64,4,127,0,0,0,127
09/15/2013,PSP,CA,AWP,WE,Towers with Radar,20,39,8,2,69,0,4,13,2,19,20,43,21,4,88,0,0,0,88
09/16/2013,PSP,CA,AWP,WE,Towers with Radar,17,36,14,3,70,0,6,21,5,32,17,42,35,8,102,10,0,10,112
09/17/2013,PSP,CA,AWP,WE,Towers with Radar,17,29,10,4,60,0,6,10,4,20,17,35,20,8,80,4,0,4,84
09/18/2013,PSP,CA,AWP,WE,Towers with Radar,16,37,7,4,64,0,10,14,9,33,16,47,21,13,97,0,20,20,117
09/19/2013,PSP,CA,AWP,WE,Towers with Radar,18,39,10,4,71,0,7,24,5,36,18,46,34,9,107,12,4,16,123
09/20/2013,PSP,CA,AWP,WE,Towers with Radar,15,43,6,2,66,0,2,29,9,40,15,45,35,11,106,0,0,0,106
09/21/2013,PSP,CA,AWP,WE,Towers with Radar,19,34,7,0,60,0,1,41,7,49,19,35,48,7,109,0,0,0,109
09/22/2013,PSP,CA,AWP,WE,Towers with Radar,19,36,10,0,65,0,0,16,0,16,19,36,26,0,81,0,0,0,81
09/23/2013,PSP,CA,AWP,WE,Towers with Radar,18,37,5,2,62,0,4,24,1,29,18,41,29,3,91,8,0,8,99
09/24/2013,PSP,CA,AWP,WE,Towers with Radar,17,32,6,1,56,1,4,21,7,33,18,36,27,8,89,2,0,2,91
09/25/2013,PSP,CA,AWP,WE,Towers with Radar,18,39,9,2,68,0,4,18,2,24,18,43,27,4,92,0,0,0,92
09/26/2013,PSP,CA,AWP,WE,Towers with Radar,20,39,5,1,65,0,4,19,0,23,20,43,24,1,88,2,0,2,90
09/27/2013,PSP,CA,AWP,WE,Towers with Radar,19,41,22,0,82,0,5,24,3,32,19,46,46,3,114,18,0,18,132
09/28/2013,PSP,CA,AWP,WE,Towers with Radar,19,33,7,0,59,0,0,38,3,41,19,33,45,3,100,12,0,12,112
09/29/2013,PSP,CA,AWP,WE,Towers with Radar,25,39,11,0,75,0,1,36,1,38,25,40,47,1,113,2,0,2,115
09/30/2013,PSP,CA,AWP,WE,Towers with Radar,22,58,5,3,88,0,3,23,0,26,22,61,28,3,114,0,0,0,114
10/01/2013,PSP,CA,AWP,WE,Towers with Radar,18,33,16,1,68,0,1,18,0,19,18,34,34,1,87,0,0,0,87
10/02/2013,PSP,CA,AWP,WE,Towers with Radar,19,40,9,4,72,0,2,29,0,31,19,42,38,4,103,0,0,0,103
10/03/2013,PSP,CA,AWP,WE,Towers with Radar,22,37,11,2,72,0,2,14,3,19,22,39,25,5,91,2,0,2,93
10/04/2013,PSP,CA,AWP,WE,Towers with Radar,21,44,8,1,74,0,4,11,3,18,21,48,19,4,92,0,2,2,94
10/05/2013,PSP,CA,AWP,WE,Towers with Radar,20,41,8,2,71,0,1,18,1,20,20,42,26,3,91,12,0,12,103
10/06/2013,PSP,CA,AWP,WE,Towers with Radar,26,43,12,0,81,0,1,18,0,19,26,44,30,0,100,0,0,0,100
10/07/2013,PSP,CA,AWP,WE,Towers with Radar,23,50,13,0,86,0,2,21,0,23,23,52,34,0,109,0,0,0,109
10/08/2013,PSP,CA,AWP,WE,Towers with Radar,19,42,10,0,71,0,2,34,0,36,19,44,44,0,107,0,0,0,107
10/09/2013,PSP,CA,AWP,WE,Towers with Radar,21,55,8,0,84,0,2,10,2,14,21,57,18,2,98,0,0,0,98
10/10/2013,PSP,CA,AWP,WE,Towers with Radar,24,51,23,0,98,0,2,27,0,29,24,53,50,0,127,0,0,0,127
10/11/2013,PSP,CA,AWP,WE,Towers with Radar,28,45,15,1,89,0,2,31,7,40,28,47,46,8,129,16,4,20,149
10/12/2013,PSP,CA,AWP,WE,Towers with Radar,25,36,12,0,73,0,1,42,0,43,25,37,54,0,116,0,0,0,116
10/13/2013,PSP,CA,AWP,WE,Towers with Radar,34,39,24,0,97,0,2,68,0,70,34,41,92,0,167,0,0,0,167
10/14/2013,PSP,CA,AWP,WE,Towers with Radar,26,41,27,0,94,0,2,28,1,31,26,43,55,1,125,24,18,42,167
10/15/2013,PSP,CA,AWP,WE,Towers with Radar,22,45,20,0,87,0,2,28,3,33,22,47,48,3,120,6,0,6,126
10/16/2013,PSP,CA,AWP,WE,Towers with Radar,25,48,17,0,90,0,2,29,0,31,25,50,46,0,121,0,0,0,121
10/17/2013,PSP,CA,AWP,WE,Towers with Radar,26,53,15,0,94,0,5,30,0,35,26,58,45,0,129,2,0,2,131
10/18/2013,PSP,CA,AWP,WE,Towers with Radar,26,46,19,0,91,0,6,39,0,45,26,52,58,0,136,18,0,18,154
10/19/2013,PSP,CA,AWP,WE,Towers with Radar,35,60,16,0,111,0,2,82,0,84,35,62,98,0,195,38,0,38,233
10/20/2013,PSP,CA,AWP,WE,Towers with Radar,32,49,24,2,107,0,2,52,0,54,32,51,76,2,161,2,0,2,163
10/21/2013,PSP,CA,AWP,WE,Towers with Radar,27,43,8,0,78,0,5,28,0,33,27,48,36,0,111,16,0,16,127
10/22/2013,PSP,CA,AWP,WE,Towers with Radar,19,44,15,2,80,0,3,22,2,27,19,47,37,4,107,6,0,6,113
10/23/2013,PSP,CA,AWP,WE,Towers with Radar,23,45,20,0,88,0,5,32,4,41,23,50,52,4,129,0,0,0,129
10/24/2013,PSP,CA,AWP,WE,Towers with Radar,24,50,29,6,109,0,3,31,2,36,24,53,60,8,145,16,12,28,173
10/25/2013,PSP,CA,AWP,WE,Towers with Radar,31,46,24,4,105,0,9,52,0,61,31,55,76,4,166,12,0,12,178
10/26/2013,PSP,CA,AWP,WE,Towers with Radar,27,41,14,3,85,0,6,53,0,59,27,47,67,3,144,10,0,10,154
10/27/2013,PSP,CA,AWP,WE,Towers with Radar,35,43,17,4,99,0,3,48,1,52,35,46,65,5,151,12,0,12,163
10/28/2013,PSP,CA,AWP,WE,Towers with Radar,34,50,22,4,110,0,7,9,2,18,34,57,31,6,128,8,0,8,136
10/29/2013,PSP,CA,AWP,WE,Towers with Radar,26,45,17,2,90,0,8,15,4,27,26,53,32,6,117,10,2,12,129
10/30/2013,PSP,CA,AWP,WE,Towers with Radar,29,55,14,3,101,0,2,37,1,40,29,57,51,4,141,10,2,12,153
10/31/2013,PSP,CA,AWP,WE,Towers with Radar,30,48,15,2,95,0,1,41,2,44,30,49,56,4,139,18,0,18,157
11/01/2013,PSP,CA,AWP,WE,Towers with Radar,36,51,26,4,117,0,2,38,2,42,36,53,64,6,159,0,0,0,159
11/02/2013,PSP,CA,AWP,WE,Towers with Radar,34,54,18,0,106,0,0,46,2,48,34,54,64,2,154,4,0,4,158
11/03/2013,PSP,CA,AWP,WE,Towers with Radar,38,57,32,0,127,0,0,60,2,62,38,57,92,2,189,30,0,30,219
11/04/2013,PSP,CA,AWP,WE,Towers with Radar,37,52,19,2,110,0,4,18,2,24,37,56,37,4,134,8,0,8,142
11/05/2013,PSP,CA,AWP,WE,Towers with Radar,34,45,13,7,99,0,1,23,5,29,34,46,36,12,128,0,2,2,130
11/06/2013,PSP,CA,AWP,WE,Towers with Radar,38,55,22,4,119,0,0,47,1,48,38,55,69,5,167,10,0,10,177
11/07/2013,PSP,CA,AWP,WE,Towers with Radar,39,60,26,8,133,0,0,34,2,36,39,60,60,10,169,10,6,16,185
11/08/2013,PSP,CA,AWP,WE,Towers with Radar,44,65,37,2,148,0,4,54,2,60,44,69,91,4,208,8,0,8,216
11/09/2013,PSP,CA,AWP,WE,Towers with Radar,39,49,24,2,114,0,0,80,3,83,39,49,104,5,197,45,0,45,242
11/10/2013,PSP,CA,AWP,WE,Towers with Radar,39,63,40,0,142,0,2,59,2,63,39,65,99,2,205,22,0,22,227
11/11/2013,PSP,CA,AWP,WE,Towers with Radar,43,57,19,5,124,0,3,42,3,48,43,60,61,8,172,30,0,30,202
11/12/2013,PSP,CA,AWP,WE,Towers with Radar,34,60,33,3,130,0,1,30,1,32,34,61,63,4,162,4,0,4,166
11/13/2013,PSP,CA,AWP,WE,Towers with Radar,39,67,29,1,136,0,3,47,2,52,39,70,76,3,188,24,0,24,212
11/14/2013,PSP,CA,AWP,WE,Towers with Radar,37,73,41,2,153,0,4,35,4,43,37,77,76,6,196,10,2,12,208
11/15/2013,PSP,CA,AWP,WE,Towers with Radar,42,68,35,2,147,0,8,26,0,34,42,76,61,2,181,16,0,16,197
11/16/2013,PSP,CA,AWP,WE,Towers with Radar,39,55,25,0,119,0,2,38,2,42,39,57,63,2,161,10,0,10,171
11/17/2013,PSP,CA,AWP,WE,Towers with Radar,37,76,45,1,159,0,1,31,1,33,37,77,76,2,192,0,0,0,192
11/18/2013,PSP,CA,AWP,WE,Towers with Radar,41,55,13,0,109,0,1,37,4,42,41,56,50,4,151,10,0,10,161
11/19/2013,PSP,CA,AWP,WE,Towers with Radar,35,55,20,4,114,0,1,15,8,24,35,56,35,12,138,0,4,4,142
11/20/2013,PSP,CA,AWP,WE,Towers with Radar,37,50,28,1,116,0,1,25,4,30,37,51,53,5,146,12,0,12,158
11/21/2013,PSP,CA,AWP,WE,Towers with Radar,43,51,25,4,123,0,3,15,0,18,43,54,40,4,141,22,0,22,163
11/22/2013,PSP,CA,AWP,WE,Towers with Radar,47,67,36,2,152,0,0,9,5,14,47,67,45,7,166,2,0,2,168
11/23/2013,PSP,CA,AWP,WE,Towers with Radar,43,49,31,1,124,0,1,43,2,46,43,50,74,3,170,14,0,14,184
11/24/2013,PSP,CA,AWP,WE,Towers with Radar,40,50,26,1,117,1,3,44,0,48,41,53,70,1,165,0,0,0,165
11/25/2013,PSP,CA,AWP,WE,Towers with Radar,47,55,14,0,116,0,0,24,2,26,47,55,38,2,142,12,0,12,154
11/26/2013,PSP,CA,AWP,WE,Towers with Radar,42,57,29,1,129,0,2,37,4,43,42,59,66,5,172,6,0,6,178
11/27/2013,PSP,CA,AWP,WE,Towers with Radar,45,69,34,0,148,0,0,42,1,43,45,69,76,1,191,20,0,20,211
11/28/2013,PSP,CA,AWP,WE,Towers with Radar,39,38,10,0,87,0,3,20,0,23,39,41,30,0,110,2,0,2,112
11/29/2013,PSP,CA,AWP,WE,Towers with Radar,46,46,33,0,125,0,3,30,1,34,46,49,63,1,159,16,0,16,175
11/30/2013,PSP,CA,AWP,WE,Towers with Radar,43,63,46,0,152,0,4,63,0,67,43,67,109,0,219,10,0,10,229
12/01/2013,PSP,CA,AWP,WE,Towers with Radar,44,73,49,2,168,0,2,43,0,45,44,75,92,2,213,4,0,4,217
12/02/2013,PSP,CA,AWP,WE,Towers with Radar,45,70,22,6,143,0,1,27,0,28,45,71,49,6,171,0,0,0,171
12/03/2013,PSP,CA,AWP,WE,Towers with Radar,38,48,14,1,101,0,2,13,7,22,38,50,27,8,123,8,0,8,131
12/04/2013,PSP,CA,AWP,WE,Towers with Radar,38,55,14,0,107,0,0,10,3,13,38,55,24,3,120,20,0,20,140
12/05/2013,PSP,CA,AWP,WE,Towers with Radar,40,47,15,0,102,0,5,38,7,50,40,52,53,7,152,28,2,30,182
12/06/2013,PSP,CA,AWP,WE,Towers with Radar,39,41,20,2,102,0,8,29,6,43,39,49,49,8,145,16,0,16,161
12/07/2013,PSP,CA,AWP,WE,Towers with Radar,33,50,11,0,94,0,1,39,10,50,33,51,50,10,144,26,0,26,170
12/08/2013,PSP,CA,AWP,WE,Towers with Radar,36,62,18,4,120,0,2,30,2,34,36,64,48,6,154,0,0,0,154
12/09/2013,PSP,CA,AWP,WE,Towers with Radar,38,54,16,0,108,0,1,11,2,14,38,55,27,2,122,0,0,0,122
12/10/2013,PSP,CA,AWP,WE,Towers with Radar,30,37,24,4,95,0,3,30,9,42,30,40,54,13,137,0,0,0,137
12/11/2013,PSP,CA,AWP,WE,Towers with Radar,37,40,18,1,96,0,5,31,2,38,37,45,49,3,134,0,0,0,134
12/12/2013,PSP,CA,AWP,WE,Towers with Radar,43,51,26,7,127,0,3,16,2,21,43,54,42,9,148,4,0,4,152
12/13/2013,PSP,CA,AWP,WE,Towers with Radar,46,53,22,4,125,0,0,38,3,41,46,53,60,7,166,0,2,2,168
12/14/2013,PSP,CA,AWP,WE,Towers with Radar,37,49,20,6,112,0,0,40,6,46,37,49,60,12,158,14,0,14,172
12/15/2013,PSP,CA,AWP,WE,Towers with Radar,43,48,29,3,123,0,2,37,2,41,43,50,66,5,164,8,0,8,172
12/16/2013,PSP,CA,AWP,WE,Towers with Radar,42,39,19,3,103,0,0,22,4,26,42,39,41,7,129,14,0,14,143
12/17/2013,PSP,CA,AWP,WE,Towers with Radar,34,47,17,4,102,0,2,32,3,37,34,49,49,7,139,20,0,20,159
12/18/2013,PSP,CA,AWP,WE,Towers with Radar,40,44,20,6,110,0,0,29,4,33,40,44,49,10,143,0,14,14,157
12/19/2013,PSP,CA,AWP,WE,Towers with Radar,47,61,15,0,123,0,3,11,0,14,47,64,26,0,137,26,0,26,163
12/20/2013,PSP,CA,AWP,WE,Towers with Radar,45,67,26,0,138,0,1,22,0,23,45,68,48,0,161,4,0,4,165
12/21/2013,PSP,CA,AWP,WE,Towers with Radar,53,62,24,1,140,0,3,56,1,60,53,65,80,2,200,22,0,22,222
12/22/2013,PSP,CA,AWP,WE,Towers with Radar,48,52,17,5,122,0,0,50,1,51,48,52,67,6,173,34,0,34,207
12/23/2013,PSP,CA,AWP,WE,Towers with Radar,51,65,12,0,128,0,0,42,0,42,51,65,54,0,170,24,0,24,194
12/24/2013,PSP,CA,AWP,WE,Towers with Radar,45,47,4,1,97,0,0,43,0,43,45,47,47,1,140,10,0,10,150
12/25/2013,PSP,CA,AWP,WE,Towers with Radar,48,48,9,0,105,0,0,21,0,21,48,48,30,0,126,0,0,0,126
12/26/2013,PSP,CA,AWP,WE,Towers with Radar,47,75,30,0,152,0,2,36,1,39,47,77,66,1,191,36,0,36,227
12/27/2013,PSP,CA,AWP,WE,Towers with Radar,48,81,26,2,157,0,2,55,0,57,48,83,81,2,214,30,0,30,244
12/28/2013,PSP,CA,AWP,WE,Towers with Radar,51,71,36,0,158,0,1,78,2,81,51,72,114,2,239,22,0,22,261
12/29/2013,PSP,CA,AWP,WE,Towers with Radar,50,58,11,0,119,0,0,24,3,27,50,58,35,3,146,2,0,2,148
12/30/2013,PSP,CA,AWP,WE,Towers with Radar,49,61,21,0,131,0,1,51,4,56,49,62,72,4,187,12,0,12,199
12/31/2013,PSP,CA,AWP,WE,Towers with Radar,48,48,21,1,118,0,2,46,2,50,48,50,67,3,168,20,0,20,188
01/01/2014,PSP,CA,AWP,WE,Towers with Radar,49,49,25,0,123,0,1,37,3,41,49,50,62,3,164,10,0,10,174
01/02/2014,PSP,CA,AWP,WE,Towers with Radar,45,73,23,0,141,0,3,40,1,44,45,76,63,1,185,0,0,0,185
01/03/2014,PSP,CA,AWP,WE,Towers with Radar,48,71,33,0,152,0,1,35,2,38,48,72,68,2,190,4,0,4,194
01/04/2014,PSP,CA,AWP,WE,Towers with Radar,55,52,38,0,145,0,1,70,0,71,55,53,108,0,216,30,0,30,246
01/05/2014,PSP,CA,AWP,WE,Towers with Radar,52,68,41,0,161,0,0,54,0,54,52,68,95,0,215,18,0,18,233
01/06/2014,PSP,CA,AWP,WE,Towers with Radar,44,71,17,0,132,0,0,26,1,27,44,71,43,1,159,10,0,10,169
01/07/2014,PSP,CA,AWP,WE,Towers with Radar,40,50,28,1,119,0,1,28,1,30,40,51,56,2,149,0,0,0,149
01/08/2014,PSP,CA,AWP,WE,Towers with Radar,53,48,34,3,138,0,4,31,3,38,53,52,65,6,176,0,10,10,186
01/09/2014,PSP,CA,AWP,WE,Towers with Radar,48,61,27,1,137,0,3,23,2,28,48,64,50,3,165,0,0,0,165
01/10/2014,PSP,CA,AWP,WE,Towers with Radar,50,65,23,0,138,0,4,47,3,54,50,69,70,3,192,38,0,38,230
01/11/2014,PSP,CA,AWP,WE,Towers with Radar,52,59,12,0,123,0,7,47,2,56,52,66,59,2,179,28,0,28,207
01/12/2014,PSP,CA,AWP,WE,Towers with Radar,50,54,34,0,138,0,1,31,0,32,50,55,65,0,170,0,0,0,170
01/13/2014,PSP,CA,AWP,WE,Towers with Radar,47,51,27,0,125,0,0,28,2,30,47,51,55,2,155,4,2,6,161
01/14/2014,PSP,CA,AWP,WE,Towers with Radar,43,55,21,0,119,0,1,30,0,31,43,56,51,0,150,24,0,24,174
01/15/2014,PSP,CA,AWP,WE,Towers with Radar,52,64,24,0,140,0,3,46,5,54,52,67,70,5,194,4,0,4,198
01/16/2014,PSP,CA,AWP,WE,Towers with Radar,50,65,32,3,150,0,2,32,10,44,50,67,64,13,194,20,0,20,214
01/17/2014,PSP,CA,AWP,WE,Towers with Radar,50,65,50,3,168,0,1,44,8,53,50,66,94,11,221,6,0,6,227
01/18/2014,PSP,CA,AWP,WE,Towers with Radar,51,55,34,3,143,0,0,55,11,66,51,55,89,14,209,30,2,32,241
01/19/2014,PSP,CA,AWP,WE,Towers with Radar,50,62,30,2,144,0,0,57,2,59,50,62,87,4,203,0,0,0,203
01/20/2014,PSP,CA,AWP,WE,Towers with Radar,50,60,32,2,144,0,7,44,2,53,50,67,76,4,197,20,0,20,217
01/21/2014,PSP,CA,AWP,WE,Towers with Radar,43,54,27,2,126,0,1,27,4,32,43,55,54,6,158,20,0,20,178
01/22/2014,PSP,CA,AWP,WE,Towers with Radar,51,61,22,2,136,0,1,40,2,43,51,62,62,4,179,8,0,8,187
01/23/2014,PSP,CA,AWP,WE,Towers with Radar,49,56,36,3,144,0,1,33,3,37,49,57,69,6,181,10,0,10,191
01/24/2014,PSP,CA,AWP,WE,Towers with Radar,49,67,35,2,153,0,2,35,7,44,49,69,70,9,197,4,2,6,203
01/25/2014,PSP,CA,AWP,WE,Towers with Radar,53,64,46,2,165,0,0,76,5,81,53,64,122,7,246,34,0,34,280
01/26/2014,PSP,CA,AWP,WE,Towers with Radar,48,69,37,0,154,0,0,53,4,57,48,69,90,4,211,26,0,26,237
01/27/2014,PSP,CA,AWP,WE,Towers with Radar,49,59,29,2,139,0,3,26,7,36,49,62,55,9,175,0,0,0,175
01/28/2014,PSP,CA,AWP,WE,Towers with Radar,44,50,48,5,147,0,2,31,9,42,44,52,79,14,189,20,4,24,213
01/29/2014,PSP,CA,AWP,WE,Towers with Radar,55,59,35,4,153,0,6,49,6,61,55,65,84,10,214,2,4,6,220
01/30/2014,PSP,CA,AWP,WE,Towers with Radar,48,63,39,1,151,0,5,23,7,35,48,68,62,8,186,10,0,10,196
01/31/2014,PSP,CA,AWP,WE,Towers with Radar,51,64,44,0,159,0,1,8,2,11,51,65,52,2,170,0,0,0,170
02/01/2014,PSP,CA,AWP,WE,Towers with Radar,53,56,26,0,135,0,3,51,1,55,53,59,77,1,190,10,0,10,200
02/02/2014,PSP,CA,AWP,WE,Towers with Radar,50,62,25,0,137,0,5,38,1,44,50,67,63,1,181,46,0,46,227
02/03/2014,PSP,CA,AWP,WE,Towers with Radar,49,69,32,0,150,0,3,14,4,21,49,72,46,4,171,2,0,2,173
02/04/2014,PSP,CA,AWP,WE,Towers with Radar,43,53,28,1,125,0,3,18,3,24,43,56,46,4,149,10,0,10,159
02/05/2014,PSP,CA,AWP,WE,Towers with Radar,51,55,24,2,132,0,2,42,6,50,51,57,66,8,182,10,22,32,214
02/06/2014,PSP,CA,AWP,WE,Towers with Radar,47,57,36,3,143,0,1,24,3,28,47,58,60,6,171,0,0,0,171
02/07/2014,PSP,CA,AWP,WE,Towers with Radar,49,57,40,4,150,0,8,37,9,54,49,65,77,13,204,16,0,16,220
02/08/2014,PSP,CA,AWP,WE,Towers with Radar,55,49,27,4,135,0,6,58,8,72,55,55,85,12,207,30,0,30,237
02/09/2014,PSP,CA,AWP,WE,Towers with Radar,55,53,46,2,156,0,2,53,1,56,55,55,99,3,212,8,0,8,220
02/10/2014,PSP,CA,AWP,WE,Towers with Radar,53,65,24,4,146,0,6,20,4,30,53,71,44,8,176,0,0,0,176
02/11/2014,PSP,CA,AWP,WE,Towers with Radar,49,70,25,2,146,0,2,46,12,60,49,72,71,14,206,42,0,42,248
02/12/2014,PSP,CA,AWP,WE,Towers with Radar,55,61,29,1,146,0,4,41,6,51,55,65,70,7,197,10,2,12,209
02/13/2014,PSP,CA,AWP,WE,Towers with Radar,62,77,42,2,183,0,1,62,7,70,62,78,104,9,253,0,0,0,253
02/14/2014,PSP,CA,AWP,WE,Towers with Radar,62,67,35,0,164,0,1,51,1,53,62,68,86,1,217,4,0,4,221
02/15/2014,PSP,CA,AWP,WE,Towers with Radar,67,45,4,6,122,0,2,2,5,9,67,47,6,11,131,0,0,0,131
02/16/2014,PSP,CA,AWP,WE,Towers with Radar,65,44,12,4,125,0,6,5,0,11,65,50,17,4,136,0,0,0,136
02/17/2014,PSP,CA,AWP,WE,Towers with Radar,61,63,32,4,160,0,3,25,4,32,61,66,57,8,192,2,0,2,194
02/18/2014,PSP,CA,AWP,WE,Towers with Radar,54,57,24,6,141,0,7,46,6,59,54,64,70,12,200,24,2,26,226
02/19/2014,PSP,CA,AWP,WE,Towers with Radar,62,58,33,0,153,0,4,52,2,58,62,62,85,2,211,36,0,36,247
02/20/2014,PSP,CA,AWP,WE,Towers with Radar,62,55,27,0,144,0,7,58,1,66,62,62,85,1,210,22,0,22,232
02/21/2014,PSP,CA,AWP,WE,Towers with Radar,59,66,30,0,155,0,2,63,7,72,59,68,93,7,227,38,6,44,271
02/22/2014,PSP,CA,AWP,WE,Towers with Radar,67,62,34,0,163,0,1,56,8,65,67,63,90,8,228,22,0,22,250
02/23/2014,PSP,CA,AWP,WE,Towers with Radar,63,78,36,4,181,0,0,43,7,50,63,78,79,11,231,0,0,0,231
02/24/2014,PSP,CA,AWP,WE,Towers with Radar,64,61,25,0,150,0,3,38,1,42,64,64,63,1,192,2,0,2,194
02/25/2014,PSP,CA,AWP,WE,Towers with Radar,55,49,29,3,136,0,4,47,2,53,55,53,76,5,189,2,0,2,191
02/26/2014,PSP,CA,AWP,WE,Towers with Radar,60,60,24,2,146,0,5,45,5,55,60,65,69,7,201,10,2,12,213
02/27/2014,PSP,CA,AWP,WE,Towers with Radar,65,65,34,3,167,0,3,27,0,30,65,68,61,3,197,6,0,6,203
02/28/2014,PSP,CA,AWP,WE,Towers with Radar,65,62,23,2,152,0,1,4,0,5,65,63,27,2,157,0,0,0,157
03/01/2014,PSP,CA,AWP,WE,Towers with Radar,64,61,24,2,151,0,19,11,2,32,64,80,35,4,183,10,2,12,195
03/02/2014,PSP,CA,AWP,WE,Towers with Radar,61,65,38,4,168,0,4,15,0,19,61,69,53,4,187,62,0,62,249
03/03/2014,PSP,CA,AWP,WE,Towers with Radar,63,61,26,6,156,0,4,44,3,51,63,65,70,9,207,8,0,8,215
03/04/2014,PSP,CA,AWP,WE,Towers with Radar,56,60,28,1,145,0,1,26,0,27,56,61,54,1,172,2,0,2,174
03/05/2014,PSP,CA,AWP,WE,Towers with Radar,61,57,41,1,160,0,2,38,12,52,61,59,79,13,212,6,8,14,226
03/06/2014,PSP,CA,AWP,WE,Towers with Radar,60,63,35,3,161,0,5,59,2,66,60,68,94,5,227,2,0,2,229
03/07/2014,PSP,CA,AWP,WE,Towers with Radar,62,62,39,1,164,0,2,43,0,45,62,64,82,1,209,4,2,6,215
03/08/2014,PSP,CA,AWP,WE,Towers with Radar,70,63,24,0,157,0,2,53,4,59,70,65,77,4,216,46,2,48,264
03/09/2014,PSP,CA,AWP,WE,Towers with Radar,66,75,42,0,183,0,2,54,3,59,66,77,96,3,242,0,0,0,242
03/10/2014,PSP,CA,AWP,WE,Towers with Radar,61,74,35,0,170,0,9,49,0,58,61,83,84,0,228,34,0,34,262
03/11/2014,PSP,CA,AWP,WE,Towers with Radar,59,71,18,0,148,0,4,47,3,54,59,75,65,3,202,6,2,8,210
03/12/2014,PSP,CA,AWP,WE,Towers with Radar,61,75,32,4,172,0,3,39,4,46,61,78,71,8,218,20,0,20,238
03/13/2014,PSP,CA,AWP,WE,Towers with Radar,63,70,38,0,171,0,5,55,3,63,63,75,93,3,234,0,0,0,234
03/14/2014,PSP,CA,AWP,WE,Towers with Radar,61,94,35,3,193,0,6,71,5,82,61,100,106,8,275,0,2,2,277
03/15/2014,PSP,CA,AWP,WE,Towers with Radar,82,71,34,9,196,0,4,73,1,78,82,75,107,10,274,18,2,20,294
03/16/2014,PSP,CA,AWP,WE,Towers with Radar,65,73,57,3,198,0,3,57,2,62,65,76,114,5,260,44,0,44,304
03/17/2014,PSP,CA,AWP,WE,Towers with Radar,56,63,32,4,155,0,9,39,1,49,56,72,71,5,204,8,0,8,212
03/18/2014,PSP,CA,AWP,WE,Towers with Radar,59,65,22,1,147,3,7,41,2,53,62,72,63,3,200,10,0,10,210
03/19/2014,PSP,CA,AWP,WE,Towers with Radar,62,58,35,3,158,0,10,84,0,94,62,68,119,3,252,28,0,28,280
03/20/2014,PSP,CA,AWP,WE,Towers with Radar,60,62,40,4,166,0,4,54,0,58,60,66,94,4,224,4,0,4,228
03/21/2014,PSP,CA,AWP,WE,Towers with Radar,60,71,46,0,177,0,4,71,3,78,60,75,117,3,255,30,2,32,287
03/22/2014,PSP,CA,AWP,WE,Towers with Radar,75,62,38,2,177,0,3,62,3,68,75,65,100,5,245,22,0,22,267
03/23/2014,PSP,CA,AWP,WE,Towers with Radar,69,78,50,1,198,0,2,46,4,52,69,80,96,5,250,38,0,38,288
03/24/2014,PSP,CA,AWP,WE,Towers with Radar,60,68,36,2,166,0,3,46,4,53,60,71,82,6,219,2,0,2,221
03/25/2014,PSP,CA,AWP,WE,Towers with Radar,61,66,27,2,156,0,1,37,3,41,61,67,64,5,197,20,0,20,217
03/26/2014,PSP,CA,AWP,WE,Towers with Radar,67,68,29,0,164,0,1,16,3,20,67,69,45,3,184,14,2,16,200
03/27/2014,PSP,CA,AWP,WE,Towers with Radar,64,68,27,0,159,0,5,36,2,43,64,73,63,2,202,0,0,0,202
03/28/2014,PSP,CA,AWP,WE,Towers with Radar,63,66,32,0,161,0,5,51,8,64,63,71,83,8,225,18,0,18,243
03/29/2014,PSP,CA,AWP,WE,Towers with Radar,75,63,23,0,161,0,6,82,5,93,75,69,105,5,254,28,0,28,282
03/30/2014,PSP,CA,AWP,WE,Towers with Radar,79,77,55,1,212,0,1,21,0,22,79,78,76,1,234,0,0,0,234
03/31/2014,PSP,CA,AWP,WE,Towers with Radar,58,65,23,2,148,0,3,32,2,37,58,68,55,4,185,10,0,10,195
04/01/2014,PSP,CA,AWP,WE,Towers with Radar,58,58,44,0,160,0,3,19,0,22,58,61,63,0,182,20,0,20,202
04/02/2014,PSP,CA,AWP,WE,Towers with Radar,56,70,25,0,151,0,5,24,0,29,56,75,49,0,180,4,0,4,184
04/03/2014,PSP,CA,AWP,WE,Towers with Radar,59,62,24,0,145,0,2,38,0,40,59,64,62,0,185,8,0,8,193
04/04/2014,PSP,CA,AWP,WE,Towers with Radar,57,58,24,0,139,0,7,23,6,36,57,65,47,6,175,6,0,6,181
04/05/2014,PSP,CA,AWP,WE,Towers with Radar,68,55,28,0,151,0,6,41,4,51,68,61,69,4,202,26,0,26,228
04/06/2014,PSP,CA,AWP,WE,Towers with Radar,62,68,57,2,189,0,7,36,2,45,62,75,93,4,234,2,0,2,236
04/07/2014,PSP,CA,AWP,WE,Towers with Radar,64,58,15,4,141,0,4,38,5,47,64,62,53,9,188,0,0,0,188
04/08/2014,PSP,CA,AWP,WE,Towers with Radar,54,57,23,3,137,0,3,33,4,40,54,60,56,7,177,10,0,10,187
04/09/2014,PSP,CA,AWP,WE,Towers with Radar,60,66,23,0,149,0,4,46,0,50,60,70,69,0,199,2,0,2,201
04/10/2014,PSP,CA,AWP,WE,Towers with Radar,61,60,36,3,160,0,8,48,6,62,61,68,84,9,222,4,0,4,226
04/11/2014,PSP,CA,AWP,WE,Towers with Radar,57,65,45,5,172,0,8,53,3,64,57,73,98,8,236,10,2,12,248
04/12/2014,PSP,CA,AWP,WE,Towers with Radar,65,66,16,0,147,0,11,49,8,68,65,77,65,8,215,8,0,8,223
04/13/2014,PSP,CA,AWP,WE,Towers with Radar,58,59,43,0,160,0,4,48,0,52,58,63,91,0,212,2,0,2,214
04/14/2014,PSP,CA,AWP,WE,Towers with Radar,60,71,25,0,156,0,2,48,0,50,60,73,73,0,206,20,0,20,226
04/15/2014,PSP,CA,AWP,WE,Towers with Radar,53,54,27,4,138,0,6,37,9,52,53,60,64,13,190,8,4,12,202
04/16/2014,PSP,CA,AWP,WE,Towers with Radar,61,61,29,0,151,0,5,50,5,60,61,66,79,5,211,14,2,16,227
04/17/2014,PSP,CA,AWP,WE,Towers with Radar,57,79,54,1,191,0,4,51,4,59,57,83,105,5,250,12,0,12,262
04/18/2014,PSP,CA,AWP,WE,Towers with Radar,57,53,33,0,143,0,6,33,2,41,57,59,66,2,184,22,0,22,206
04/19/2014,PSP,CA,AWP,WE,Towers with Radar,65,62,20,1,148,0,5,89,9,103,65,67,109,10,251,24,0,24,275
04/20/2014,PSP,CA,AWP,WE,Towers with Radar,58,63,29,1,151,0,3,52,1,56,58,66,81,2,207,2,0,2,209
04/21/2014,PSP,CA,AWP,WE,Towers with Radar,60,68,56,4,188,0,3,34,2,39,60,71,90,6,227,0,0,0,227
04/22/2014,PSP,CA,AWP,WE,Towers with Radar,51,58,16,6,131,0,3,31,6,40,51,61,47,12,171,0,2,2,173
04/23/2014,PSP,CA,AWP,WE,Towers with Radar,55,63,38,0,156,0,3,36,14,53,55,66,74,14,209,24,0,24,233
04/24/2014,PSP,CA,AWP,WE,Towers with Radar,51,58,45,2,156,0,4,41,3,48,51,62,86,5,204,2,2,4,208
04/25/2014,PSP,CA,AWP,WE,Towers with Radar,53,59,21,0,133,0,5,30,0,35,53,64,51,0,168,12,0,12,180
04/26/2014,PSP,CA,AWP,WE,Towers with Radar,62,54,26,0,142,0,1,19,1,21,62,55,45,1,163,14,0,14,177
04/27/2014,PSP,CA,AWP,WE,Towers with Radar,50,60,48,0,158,0,5,27,0,32,50,65,75,0,190,0,0,0,190
04/28/2014,PSP,CA,AWP,WE,Towers with Radar,47,56,32,0,135,0,2,26,0,28,47,58,58,0,163,2,0,2,165
04/29/2014,PSP,CA,AWP,WE,Towers with Radar,38,58,16,0,112,0,4,13,6,23,38,62,29,6,135,0,0,0,135
04/30/2014,PSP,CA,AWP,WE,Towers with Radar,42,61,38,0,141,0,5,15,1,21,42,66,53,1,162,0,0,0,162
05/01/2014,PSP,CA,AWP,WE,Towers with Radar,43,65,27,0,135,0,3,15,4,22,43,68,42,4,157,2,0,2,159
05/02/2014,PSP,CA,AWP,WE,Towers with Radar,46,56,27,2,131,0,2,50,3,55,46,58,77,5,186,6,0,6,192
05/03/2014,PSP,CA,AWP,WE,Towers with Radar,45,56,11,6,118,0,5,53,8,66,45,61,64,14,184,12,0,12,196
05/04/2014,PSP,CA,AWP,WE,Towers with Radar,44,62,31,1,138,0,0,54,4,58,44,62,85,5,196,6,0,6,202
05/05/2014,PSP,CA,AWP,WE,Towers with Radar,46,57,21,6,130,0,4,12,3,19,46,61,33,9,149,10,0,10,159
05/06/2014,PSP,CA,AWP,WE,Towers with Radar,36,61,20,0,117,0,6,11,3,20,36,67,31,3,137,6,0,6,143
05/07/2014,PSP,CA,AWP,WE,Towers with Radar,40,57,24,4,125,0,1,20,1,22,40,58,44,5,147,0,0,0,147
05/08/2014,PSP,CA,AWP,WE,Towers with Radar,34,65,21,4,124,0,7,25,0,32,34,72,46,4,156,2,0,2,158
05/09/2014,PSP,CA,AWP,WE,Towers with Radar,43,71,21,3,138,0,2,39,4,45,43,73,60,7,183,0,4,4,187
05/10/2014,PSP,CA,AWP,WE,Towers with Radar,38,52,8,1,99,0,2,28,4,34,38,54,36,5,133,0,0,0,133
05/11/2014,PSP,CA,AWP,WE,Towers with Radar,40,47,22,0,109,0,2,7,3,12,40,49,29,3,121,0,0,0,121
05/12/2014,PSP,CA,AWP,WE,Towers with Radar,36,60,12,5,113,0,3,26,3,32,36,63,38,8,145,0,0,0,145
05/13/2014,PSP,CA,AWP,WE,Towers with Radar,28,48,12,3,91,0,5,32,5,42,28,53,44,8,133,0,2,2,135
05/14/2014,PSP,CA,AWP,WE,Towers with Radar,33,58,11,4,106,0,5,18,1,24,33,63,29,5,130,2,0,2,132
05/15/2014,PSP,CA,AWP,WE,Towers with Radar,37,56,15,3,111,0,2,27,1,30,37,58,42,4,141,10,0,10,151
05/16/2014,PSP,CA,AWP,WE,Towers with Radar,38,48,12,6,104,0,3,45,1,49,38,51,57,7,153,8,0,8,161
05/17/2014,PSP,CA,AWP,WE,Towers with Radar,36,47,4,1,88,0,1,37,7,45,36,48,41,8,133,8,0,8,141
05/18/2014,PSP,CA,AWP,WE,Towers with Radar,38,46,18,1,103,0,1,26,2,29,38,47,44,3,132,2,0,2,134
05/19/2014,PSP,CA,AWP,WE,Towers with Radar,37,53,18,1,109,0,4,27,5,36,37,57,45,6,145,4,0,4,149
05/20/2014,PSP,CA,AWP,WE,Towers with Radar,33,56,19,7,115,0,5,15,0,20,33,61,34,7,135,0,0,0,135
05/21/2014,PSP,CA,AWP,WE,Towers with Radar,32,59,20,0,111,0,5,31,4,40,32,64,51,4,151,2,0,2,153
05/22/2014,PSP,CA,AWP,WE,Towers with Radar,38,52,17,5,112,0,5,18,2,25,38,57,35,7,137,0,0,0,137
05/23/2014,PSP,CA,AWP,WE,Towers with Radar,38,59,23,10,130,0,4,35,0,39,38,63,58,10,169,10,0,10,179
05/24/2014,PSP,CA,AWP,WE,Towers with Radar,33,43,9,7,92,0,1,44,1,46,33,44,53,8,138,2,0,2,140
05/25/2014,PSP,CA,AWP,WE,Towers with Radar,37,35,8,2,82,0,0,39,1,40,37,35,47,3,122,20,0,20,142
05/26/2014,PSP,CA,AWP,WE,Towers with Radar,38,51,15,3,107,0,1,78,1,80,38,52,93,4,187,60,0,60,247
05/27/2014,PSP,CA,AWP,WE,Towers with Radar,32,50,14,3,99,0,4,28,3,35,32,54,42,6,134,0,2,2,136
05/28/2014,PSP,CA,AWP,WE,Towers with Radar,35,50,15,3,103,0,4,36,0,40,35,54,51,3,143,2,0,2,145
05/29/2014,PSP,CA,AWP,WE,Towers with Radar,34,49,11,1,95,0,2,23,1,26,34,51,34,2,121,0,0,0,121
05/30/2014,PSP,CA,AWP,WE,Towers with Radar,35,52,11,2,100,0,1,39,3,43,35,53,50,5,143,10,0,10,153
05/31/2014,PSP,CA,AWP,WE,Towers with Radar,32,44,12,0,88,0,0,57,1,58,32,44,69,1,146,36,0,36,182
06/01/2014,PSP,CA,AWP,WE,Towers with Radar,37,40,22,0,99,0,0,20,1,21,37,40,42,1,120,0,0,0,120
06/02/2014,PSP,CA,AWP,WE,Towers with Radar,33,43,9,2,87,0,1,13,3,17,33,44,22,5,104,4,2,6,110
06/03/2014,PSP,CA,AWP,WE,Towers with Radar,30,50,7,2,89,0,6,22,2,30,30,56,29,4,119,4,0,4,123
06/04/2014,PSP,CA,AWP,WE,Towers with Radar,30,50,10,0,90,0,2,23,2,27,30,52,33,2,117,4,0,4,121
06/05/2014,PSP,CA,AWP,WE,Towers with Radar,26,41,9,2,78,0,5,22,5,32,26,46,31,7,110,0,4,4,114
06/06/2014,PSP,CA,AWP,WE,Towers with Radar,26,40,11,0,77,0,4,39,2,45,26,44,50,2,122,20,0,20,142
06/07/2014,PSP,CA,AWP,WE,Towers with Radar,21,33,6,1,61,0,1,42,3,46,21,34,48,4,107,10,2,12,119
06/08/2014,PSP,CA,AWP,WE,Towers with Radar,22,36,11,1,70,0,1,21,3,25,22,37,32,4,95,0,0,0,95
06/09/2014,PSP,CA,AWP,WE,Towers with Radar,18,34,10,4,66,0,2,29,3,34,18,36,39,7,100,10,0,10,110
06/10/2014,PSP,CA,AWP,WE,Towers with Radar,18,41,8,3,70,0,4,29,9,42,18,45,37,12,112,18,2,20,132
06/11/2014,PSP,CA,AWP,WE,Towers with Radar,13,37,12,7,69,0,3,17,4,24,13,40,29,11,93,0,0,0,93
06/12/2014,PSP,CA,AWP,WE,Towers with Radar,16,39,11,2,68,0,3,31,5,39,16,42,42,7,107,12,0,12,119
06/13/2014,PSP,CA,AWP,WE,Towers with Radar,16,38,12,0,66,0,2,4,1,7,16,40,16,1,73,0,4,4,77
06/14/2014,PSP,CA,AWP,WE,Towers with Radar,11,32,10,0,53,0,0,3,0,3,11,32,13,0,56,0,0,0,56
06/15/2014,PSP,CA,AWP,WE,Towers with Radar,19,32,3,3,57,0,0,1,3,4,19,32,4,6,61,0,0,0,61
06/16/2014,PSP,CA,AWP,WE,Towers with Radar,13,34,10,4,61,0,2,12,1,15,13,36,22,5,76,0,0,0,76
06/17/2014,PSP,CA,AWP,WE,Towers with Radar,14,38,4,3,59,0,4,23,2,29,14,42,27,5,88,10,0,10,98
06/18/2014,PSP,CA,AWP,WE,Towers with Radar,13,38,10,1,62,0,5,17,2,24,13,43,27,3,86,0,0,0,86
06/19/2014,PSP,CA,AWP,WE,Towers with Radar,15,40,8,2,65,0,8,14,2,24,15,48,22,4,89,0,0,0,89
06/20/2014,PSP,CA,AWP,WE,Towers with Radar,16,41,10,0,67,0,2,25,2,29,16,43,35,2,96,8,0,8,104
06/21/2014,PSP,CA,AWP,WE,Towers with Radar,11,31,13,2,57,0,0,47,0,47,11,31,60,2,104,26,0,26,130
06/22/2014,PSP,CA,AWP,WE,Towers with Radar,18,35,11,3,67,0,1,16,6,23,18,36,27,9,90,0,0,0,90
06/23/2014,PSP,CA,AWP,WE,Towers with Radar,13,38,5,0,56,0,4,28,0,32,13,42,33,0,88,10,0,10,98
06/24/2014,PSP,CA,AWP,WE,Towers with Radar,14,43,7,0,64,0,4,37,0,41,14,47,44,0,105,22,0,22,127
06/25/2014,PSP,CA,AWP,WE,Towers with Radar,13,35,9,0,57,0,2,18,0,20,13,37,27,0,77,0,0,0,77
06/26/2014,PSP,CA,AWP,WE,Towers with Radar,16,37,10,1,64,0,2,13,3,18,16,39,23,4,82,2,2,4,86
06/27/2014,PSP,CA,AWP,WE,Towers with Radar,12,44,26,0,82,0,2,31,4,37,12,46,57,4,119,22,0,22,141
06/28/2014,PSP,CA,AWP,WE,Towers with Radar,11,36,5,2,54,0,2,29,4,35,11,38,34,6,89,10,6,16,105
06/29/2014,PSP,CA,AWP,WE,Towers with Radar,21,38,7,0,66,0,14,37,3,54,21,52,44,3,120,10,0,10,130
06/30/2014,PSP,CA,AWP,WE,Towers with Radar,14,43,3,2,62,0,3,23,2,28,14,46,26,4,90,0,0,0,90
07/01/2014,PSP,CA,AWP,WE,Towers with Radar,15,36,4,4,59,0,3,18,2,23,15,39,22,6,82,0,0,0,82
07/02/2014,PSP,CA,AWP,WE,Towers with Radar,9,37,5,1,52,0,2,22,1,25,9,39,27,2,77,0,0,0,77
07/03/2014,PSP,CA,AWP,WE,Towers with Radar,18,40,7,0,65,0,2,25,2,29,18,42,32,2,94,0,0,0,94
07/04/2014,PSP,CA,AWP,WE,Towers with Radar,16,31,0,1,48,0,10,8,4,22,16,41,8,5,70,22,0,22,92
07/05/2014,PSP,CA,AWP,WE,Towers with Radar,11,32,2,0,45,0,4,17,1,22,11,36,19,1,67,0,0,0,67
07/06/2014,PSP,CA,AWP,WE,Towers with Radar,17,35,2,4,58,0,4,17,2,23,17,39,19,6,81,10,6,16,97
07/07/2014,PSP,CA,AWP,WE,Towers with Radar,14,34,6,2,56,0,2,11,0,13,14,36,17,2,69,4,0,4,73
07/08/2014,PSP,CA,AWP,WE,Towers with Radar,14,36,7,2,59,0,6,18,2,26,14,42,25,4,85,4,0,4,89
07/09/2014,PSP,CA,AWP,WE,Towers with Radar,13,37,6,0,56,0,3,19,2,24,13,40,25,2,80,2,0,2,82
07/10/2014,PSP,CA,AWP,WE,Towers with Radar,15,39,9,2,65,0,3,12,0,15,15,42,21,2,80,0,0,0,80
07/11/2014,PSP,CA,AWP,WE,Towers with Radar,16,37,3,1,57,0,2,24,0,26,16,39,27,1,83,24,0,24,107
07/12/2014,PSP,CA,AWP,WE,Towers with Radar,11,31,3,1,46,0,4,21,3,28,11,35,24,4,74,8,0,8,82
07/13/2014,PSP,CA,AWP,WE,Towers with Radar,16,37,5,0,58,0,1,17,2,20,16,38,22,2,78,0,0,0,78
07/14/2014,PSP,CA,AWP,WE,Towers with Radar,14,36,7,1,58,0,3,20,2,25,14,39,27,3,83,0,0,0,83
07/15/2014,PSP,CA,AWP,WE,Towers with Radar,12,32,10,0,54,0,2,23,0,25,12,34,33,0,79,14,0,14,93
07/16/2014,PSP,CA,AWP,WE,Towers with Radar,14,38,10,0,62,0,2,22,6,30,14,40,32,6,92,0,0,0,92
07/17/2014,PSP,CA,AWP,WE,Towers with Radar,15,37,7,0,59,0,4,15,10,29,15,41,22,10,88,10,0,10,98
07/18/2014,PSP,CA,AWP,WE,Towers with Radar,16,37,8,1,62,0,4,15,7,26,16,41,23,8,88,2,2,4,92
07/19/2014,PSP,CA,AWP,WE,Towers with Radar,9,34,5,2,50,0,1,27,11,39,9,35,32,13,89,12,0,12,101
07/20/2014,PSP,CA,AWP,WE,Towers with Radar,16,30,7,0,53,0,3,26,3,32,16,33,33,3,85,8,0,8,93
07/21/2014,PSP,CA,AWP,WE,Towers with Radar,14,38,7,3,62,0,2,22,4,28,14,40,29,7,90,8,2,10,100
07/22/2014,PSP,CA,AWP,WE,Towers with Radar,13,31,9,0,53,0,3,17,2,22,13,34,26,2,75,0,0,0,75
07/23/2014,PSP,CA,AWP,WE,Towers with Radar,13,36,7,0,56,0,3,25,1,29,13,39,32,1,85,16,2,18,103
07/24/2014,PSP,CA,AWP,WE,Towers with Radar,11,43,7,0,61,0,7,22,5,34,11,50,29,5,95,0,0,0,95
07/25/2014,PSP,CA,AWP,WE,Towers with Radar,14,35,3,0,52,0,5,22,1,28,14,40,25,1,80,4,0,4,84
07/26/2014,PSP,CA,AWP,WE,Towers with Radar,15,29,1,3,48,0,2,19,0,21,15,31,20,3,69,0,0,0,69
07/27/2014,PSP,CA,AWP,WE,Towers with Radar,17,30,5,2,54,0,0,13,0,13,17,30,18,2,67,0,0,0,67
07/28/2014,PSP,CA,AWP,WE,Towers with Radar,11,35,3,1,50,0,2,18,2,22,11,37,21,3,72,4,0,4,76
07/29/2014,PSP,CA,AWP,WE,Towers with Radar,13,33,11,0,57,0,2,13,1,16,13,35,24,1,73,4,0,4,77
07/30/2014,PSP,CA,AWP,WE,Towers with Radar,12,33,5,0,50,0,7,19,2,28,12,40,24,2,78,6,0,6,84
07/31/2014,PSP,CA,AWP,WE,Towers with Radar,15,32,9,0,56,0,2,16,1,19,15,34,25,1,75,6,0,6,81
08/01/2014,PSP,CA,AWP,WE,Towers with Radar,15,38,5,2,60,0,3,28,5,36,15,41,33,7,96,8,0,8,104
08/02/2014,PSP,CA,AWP,WE,Towers with Radar,12,31,4,0,47,0,0,13,1,14,12,31,17,1,61,0,0,0,61
08/03/2014,PSP,CA,AWP,WE,Towers with Radar,17,38,10,0,65,0,2,13,0,15,17,40,23,0,80,0,0,0,80
08/04/2014,PSP,CA,AWP,WE,Towers with Radar,13,34,10,0,57,0,3,23,1,27,13,37,33,1,84,4,0,4,88
08/05/2014,PSP,CA,AWP,WE,Towers with Radar,14,36,5,0,55,0,3,16,6,25,14,39,21,6,80,8,0,8,88
08/06/2014,PSP,CA,AWP,WE,Towers with Radar,16,36,2,0,54,0,2,17,2,21,16,38,19,2,75,20,0,20,95
08/07/2014,PSP,CA,AWP,WE,Towers with Radar,15,38,7,3,63,0,3,25,1,29,15,41,32,4,92,4,0,4,96
08/08/2014,PSP,CA,AWP,WE,Towers with Radar,16,36,8,0,60,0,10,30,2,42,16,46,38,2,102,6,0,6,108
08/09/2014,PSP,CA,AWP,WE,Towers with Radar,11,28,7,0,46,0,0,40,0,40,11,28,47,0,86,12,0,12,98
08/10/2014,PSP,CA,AWP,WE,Towers with Radar,15,41,8,0,64,0,7,18,0,25,15,48,26,0,89,0,0,0,89
08/11/2014,PSP,CA,AWP,WE,Towers with Radar,13,33,5,1,52,0,2,18,1,21,13,35,23,2,73,20,0,20,93
08/12/2014,PSP,CA,AWP,WE,Towers with Radar,15,38,5,2,60,0,4,13,0,17,15,42,18,2,77,2,0,2,79
08/13/2014,PSP,CA,AWP,WE,Towers with Radar,11,36,11,1,59,0,6,18,1,25,11,42,29,2,84,0,0,0,84
08/14/2014,PSP,CA,AWP,WE,Towers with Radar,16,34,5,0,55,0,7,14,3,24,16,41,19,3,79,0,0,0,79
08/15/2014,PSP,CA,AWP,WE,Towers with Radar,15,36,3,3,57,0,2,22,2,26,15,38,25,5,83,0,0,0,83
08/16/2014,PSP,CA,AWP,WE,Towers with Radar,12,29,10,4,55,0,0,24,3,27,12,29,34,7,82,0,2,2,84
08/17/2014,PSP,CA,AWP,WE,Towers with Radar,17,35,1,2,55,0,4,14,0,18,17,39,15,2,73,0,0,0,73
08/18/2014,PSP,CA,AWP,WE,Towers with Radar,15,37,8,2,62,0,1,9,0,10,15,38,17,2,72,0,0,0,72
08/19/2014,PSP,CA,AWP,WE,Towers with Radar,19,31,8,4,62,0,2,19,0,21,19,33,27,4,83,8,2,10,93
08/20/2014,PSP,CA,AWP,WE,Towers with Radar,14,35,2,0,51,0,3,6,1,10,14,38,8,1,61,0,0,0,61
08/21/2014,PSP,CA,AWP,WE,Towers with Radar,16,37,9,0,62,0,5,15,2,22,16,42,24,2,84,4,0,4,88
08/22/2014,PSP,CA,AWP,WE,Towers with Radar,16,35,1,0,52,0,3,28,4,35,16,38,29,4,87,36,0,36,123
08/23/2014,PSP,CA,AWP,WE,Towers with Radar,11,36,4,0,51,0,5,31,9,45,11,41,35,9,96,0,0,0,96
08/24/2014,PSP,CA,AWP,WE,Towers with Radar,19,33,12,0,64,0,4,26,1,31,19,37,38,1,95,2,0,2,97
08/25/2014,PSP,CA,AWP,WE,Towers with Radar,18,36,10,1,65,0,2,17,3,22,18,38,27,4,87,4,0,4,91
08/26/2014,PSP,CA,AWP,WE,Towers with Radar,17,27,3,0,47,0,2,15,6,23,17,29,18,6,70,0,0,0,70
08/27/2014,PSP,CA,AWP,WE,Towers with Radar,15,32,11,0,58,0,4,23,1,28,15,36,34,1,86,0,0,0,86
08/28/2014,PSP,CA,AWP,WE,Towers with Radar,20,36,7,3,66,0,6,20,7,33,20,42,27,10,99,0,10,10,109
08/29/2014,PSP,CA,AWP,WE,Towers with Radar,17,38,11,0,66,0,5,16,0,21,17,43,27,0,87,0,0,0,87
08/30/2014,PSP,CA,AWP,WE,Towers with Radar,13,26,4,0,43,0,0,23,2,25,13,26,27,2,68,8,0,8,76
08/31/2014,PSP,CA,AWP,WE,Towers with Radar,15,25,5,0,45,0,3,33,1,37,15,28,38,1,82,0,0,0,82
09/01/2014,PSP,CA,AWP,WE,Towers with Radar,17,35,5,0,57,0,2,21,10,33,17,37,26,10,90,4,0,4,94
09/02/2014,PSP,CA,AWP,WE,Towers with Radar,18,29,5,0,52,0,2,9,4,15,18,31,14,4,67,10,0,10,77
09/03/2014,PSP,CA,AWP,WE,Towers with Radar,18,28,8,0,54,0,7,11,2,20,18,35,19,2,74,0,0,0,74
09/04/2014,PSP,CA,AWP,WE,Towers with Radar,22,34,5,0,61,0,3,21,2,26,22,37,26,2,87,0,0,0,87
09/05/2014,PSP,CA,AWP,WE,Towers with Radar,22,36,12,0,70,0,2,25,0,27,22,38,37,0,97,0,0,0,97
09/06/2014,PSP,CA,AWP,WE,Towers with Radar,15,25,10,0,50,0,3,31,0,34,15,28,41,0,84,0,0,0,84
09/07/2014,PSP,CA,AWP,WE,Towers with Radar,21,29,8,2,60,0,0,15,0,15,21,29,23,2,75,10,0,10,85
09/08/2014,PSP,CA,AWP,WE,Towers with Radar,20,30,12,0,62,0,3,5,13,21,20,33,17,13,83,10,0,10,93
09/09/2014,PSP,CA,AWP,WE,Towers with Radar,19,25,15,0,59,0,4,18,0,22,19,29,33,0,81,6,0,6,87
09/10/2014,PSP,CA,AWP,WE,Towers with Radar,17,27,9,0,53,0,4,18,2,24,17,31,27,2,77,24,0,24,101
09/11/2014,PSP,CA,AWP,WE,Towers with Radar,26,30,14,0,70,0,6,21,2,29,26,36,35,2,99,8,0,8,107
09/12/2014,PSP,CA,AWP,WE,Towers with Radar,22,34,9,0,65,0,4,22,0,26,22,38,31,0,91,0,0,0,91
09/13/2014,PSP,CA,AWP,WE,Towers with Radar,15,24,2,0,41,0,2,27,0,29,15,26,29,0,70,0,0,0,70
09/14/2014,PSP,CA,AWP,WE,Towers with Radar,25,33,9,0,67,0,2,20,0,22,25,35,29,0,89,6,0,6,95
09/15/2014,PSP,CA,AWP,WE,Towers with Radar,22,32,6,0,60,0,2,21,3,26,22,34,27,3,86,6,0,6,92
09/16/2014,PSP,CA,AWP,WE,Towers with Radar,19,31,10,0,60,0,2,12,5,19,19,33,22,5,79,14,0,14,93
09/17/2014,PSP,CA,AWP,WE,Towers with Radar,17,32,7,3,59,0,2,10,5,17,17,34,17,8,76,0,0,0,76
09/18/2014,PSP,CA,AWP,WE,Towers with Radar,26,27,8,0,61,0,4,19,10,33,26,31,27,10,94,0,0,0,94
09/19/2014,PSP,CA,AWP,WE,Towers with Radar,21,32,8,0,61,0,3,27,1,31,21,35,35,1,92,0,0,0,92
09/20/2014,PSP,CA,AWP,WE,Towers with Radar,25,22,13,7,67,0,1,34,2,37,25,23,47,9,104,0,0,0,104
09/21/2014,PSP,CA,AWP,WE,Towers with Radar,26,39,11,0,76,0,1,26,3,30,26,40,37,3,106,2,0,2,108
09/22/2014,PSP,CA,AWP,WE,Towers with Radar,28,36,7,0,71,0,2,26,2,30,28,38,33,2,101,2,0,2,103
09/23/2014,PSP,CA,AWP,WE,Towers with Radar,23,33,8,0,64,0,2,33,5,40,23,35,41,5,104,0,0,0,104
09/24/2014,PSP,CA,AWP,WE,Towers with Radar,20,34,7,0,61,0,3,33,4,40,20,37,40,4,101,0,0,0,101
09/25/2014,PSP,CA,AWP,WE,Towers with Radar,30,34,7,1,72,0,2,42,3,47,30,36,49,4,119,0,0,0,119
09/26/2014,PSP,CA,AWP,WE,Towers with Radar,32,36,16,1,85,0,2,30,0,32,32,38,46,1,117,0,0,0,117
09/27/2014,PSP,CA,AWP,WE,Towers with Radar,24,29,6,1,60,0,0,23,2,25,24,29,29,3,85,0,0,0,85
09/28/2014,PSP,CA,AWP,WE,Towers with Radar,30,41,7,0,78,0,1,26,2,29,30,42,33,2,107,4,0,4,111
09/29/2014,PSP,CA,AWP,WE,Towers with Radar,24,39,4,0,67,0,2,23,4,29,24,41,27,4,96,2,0,2,98
09/30/2014,PSP,CA,AWP,WE,Towers with Radar,22,33,8,2,65,0,5,25,3,33,22,38,33,5,98,6,0,6,104
10/01/2014,PSP,CA,AWP,WE,Towers with Radar,20,36,2,2,60,0,2,28,0,30,20,38,30,2,90,0,0,0,90
10/02/2014,PSP,CA,AWP,WE,Towers with Radar,35,37,7,0,79,0,3,40,7,50,35,40,47,7,129,0,0,0,129
10/03/2014,PSP,CA,AWP,WE,Towers with Radar,31,36,14,1,82,0,3,46,0,49,31,39,60,1,131,12,0,12,143
10/04/2014,PSP,CA,AWP,WE,Towers with Radar,31,29,16,0,76,0,5,29,2,36,31,34,45,2,112,4,0,4,116
10/05/2014,PSP,CA,AWP,WE,Towers with Radar,35,36,12,0,83,0,1,45,6,52,35,37,57,6,135,10,0,10,145
10/06/2014,PSP,CA,AWP,WE,Towers with Radar,29,38,9,0,76,0,3,17,8,28,29,41,26,8,104,10,0,10,114
10/07/2014,PSP,CA,AWP,WE,Towers with Radar,27,40,9,2,78,0,2,24,1,27,27,42,33,3,105,16,0,16,121
10/08/2014,PSP,CA,AWP,WE,Towers with Radar,26,41,16,0,83,0,2,21,5,28,26,43,37,5,111,0,0,0,111
10/09/2014,PSP,CA,AWP,WE,Towers with Radar,35,48,20,0,103,0,2,43,2,47,35,50,63,2,150,0,0,0,150
10/10/2014,PSP,CA,AWP,WE,Towers with Radar,34,40,26,2,102,0,3,48,0,51,34,43,74,2,153,21,0,21,174
10/11/2014,PSP,CA,AWP,WE,Towers with Radar,33,34,8,2,77,0,10,38,4,52,33,44,46,6,129,6,0,6,135
10/12/2014,PSP,CA,AWP,WE,Towers with Radar,37,43,26,0,106,0,1,43,1,45,37,44,69,1,151,6,0,6,157
10/13/2014,PSP,CA,AWP,WE,Towers with Radar,37,46,24,0,107,0,2,49,1,52,37,48,73,1,159,28,0,28,187
10/14/2014,PSP,CA,AWP,WE,Towers with Radar,29,38,15,1,83,0,3,21,4,28,29,41,36,5,111,0,0,0,111
10/15/2014,PSP,CA,AWP,WE,Towers with Radar,29,38,20,2,89,0,2,24,8,34,29,40,44,10,123,2,0,2,125
10/16/2014,PSP,CA,AWP,WE,Towers with Radar,38,41,18,0,97,0,2,29,4,35,38,43,47,4,132,2,0,2,134
10/17/2014,PSP,CA,AWP,WE,Towers with Radar,34,42,23,3,102,0,4,39,8,51,34,46,62,11,153,8,0,8,161
10/18/2014,PSP,CA,AWP,WE,Towers with Radar,34,42,5,0,81,0,4,22,6,32,34,46,27,6,113,0,0,0,113
10/19/2014,PSP,CA,AWP,WE,Towers with Radar,39,46,18,0,103,0,2,38,3,43,39,48,56,3,146,8,0,8,154
10/20/2014,PSP,CA,AWP,WE,Towers with Radar,33,44,7,0,84,0,10,23,10,43,33,54,30,10,127,10,2,12,139
10/21/2014,PSP,CA,AWP,WE,Towers with Radar,29,46,12,5,92,0,1,32,5,38,29,47,44,10,130,6,0,6,136
10/22/2014,PSP,CA,AWP,WE,Towers with Radar,34,41,14,4,93,0,5,25,11,41,34,46,39,15,134,6,0,6,140
10/23/2014,PSP,CA,AWP,WE,Towers with Radar,40,40,17,2,99,0,2,53,2,57,40,42,70,4,156,12,0,12,168
10/24/2014,PSP,CA,AWP,WE,Towers with Radar,37,51,19,0,107,0,4,70,0,74,37,55,89,0,181,0,0,0,181
10/25/2014,PSP,CA,AWP,WE,Towers with Radar,34,36,16,0,86,0,6,37,0,43,34,42,53,0,129,0,0,0,129
10/26/2014,PSP,CA,AWP,WE,Towers with Radar,39,50,17,0,106,0,2,34,2,38,39,52,51,2,144,14,0,14,158
10/27/2014,PSP,CA,AWP,WE,Towers with Radar,42,48,16,2,108,0,2,24,3,29,42,50,40,5,137,2,0,2,139
10/28/2014,PSP,CA,AWP,WE,Towers with Radar,37,39,16,1,93,0,5,39,3,47,37,44,55,4,140,4,0,4,144
10/29/2014,PSP,CA,AWP,WE,Towers with Radar,37,53,20,3,113,0,3,54,3,60,37,56,74,6,173,26,4,30,203
10/30/2014,PSP,CA,AWP,WE,Towers with Radar,42,48,33,0,123,0,1,49,4,54,42,49,82,4,177,10,2,12,189
10/31/2014,PSP,CA,AWP,WE,Towers with Radar,43,42,34,3,122,0,0,70,3,73,43,42,104,6,195,10,0,10,205
11/01/2014,PSP,CA,AWP,WE,Towers with Radar,42,40,32,0,114,0,0,36,1,37,42,40,68,1,151,0,0,0,151
11/02/2014,PSP,CA,AWP,WE,Towers with Radar,45,58,36,0,139,0,2,114,4,120,45,60,150,4,259,14,0,14,273
11/03/2014,PSP,CA,AWP,WE,Towers with Radar,46,40,33,5,124,0,6,42,0,48,46,46,75,5,172,16,0,16,188
11/04/2014,PSP,CA,AWP,WE,Towers with Radar,44,55,20,2,121,0,0,28,3,31,44,55,48,5,152,2,0,2,154
11/05/2014,PSP,CA,AWP,WE,Towers with Radar,42,60,17,3,122,0,3,36,3,42,42,63,53,6,164,0,0,0,164
11/06/2014,PSP,CA,AWP,WE,Towers with Radar,51,64,21,3,139,0,1,42,3,46,51,65,63,6,185,2,0,2,187
11/07/2014,PSP,CA,AWP,WE,Towers with Radar,53,61,32,1,147,0,7,35,3,45,53,68,67,4,192,2,0,2,194
11/08/2014,PSP,CA,AWP,WE,Towers with Radar,48,46,16,1,111,0,1,73,6,80,48,47,89,7,191,54,0,54,245
11/09/2014,PSP,CA,AWP,WE,Towers with Radar,47,57,37,2,143,0,1,52,3,56,47,58,89,5,199,6,0,6,205
11/10/2014,PSP,CA,AWP,WE,Towers with Radar,48,47,19,0,114,0,1,32,6,39,48,48,51,6,153,10,0,10,163
11/11/2014,PSP,CA,AWP,WE,Towers with Radar,49,45,34,1,129,0,1,28,6,35,49,46,62,7,164,30,10,40,204
11/12/2014,PSP,CA,AWP,WE,Towers with Radar,44,61,37,4,146,0,0,30,1,31,44,61,67,5,177,0,0,0,177
11/13/2014,PSP,CA,AWP,WE,Towers with Radar,51,62,30,0,143,0,5,28,2,35,51,67,58,2,178,0,0,0,178
11/14/2014,PSP,CA,AWP,WE,Towers with Radar,49,68,34,4,155,0,3,13,8,24,49,71,47,12,179,26,0,26,205
11/15/2014,PSP,CA,AWP,WE,Towers with Radar,46,52,23,1,122,0,3,54,0,57,46,55,77,1,179,2,0,2,181
11/16/2014,PSP,CA,AWP,WE,Towers with Radar,50,74,54,0,178,0,1,23,3,27,50,75,77,3,205,0,0,0,205
11/17/2014,PSP,CA,AWP,WE,Towers with Radar,46,68,17,4,135,0,0,43,0,43,46,68,60,4,178,10,0,10,188
11/18/2014,PSP,CA,AWP,WE,Towers with Radar,43,48,27,4,122,0,1,41,2,44,43,49,68,6,166,22,0,22,188
11/19/2014,PSP,CA,AWP,WE,Towers with Radar,41,62,21,1,125,0,2,30,3,35,41,64,51,4,160,24,0,24,184
11/20/2014,PSP,CA,AWP,WE,Towers with Radar,50,57,31,3,141,0,4,40,3,47,50,61,71,6,188,40,0,40,228
11/21/2014,PSP,CA,AWP,WE,Towers with Radar,48,63,19,6,136,0,1,38,6,45,48,64,57,12,181,6,22,28,209
11/22/2014,PSP,CA,AWP,WE,Towers with Radar,46,51,31,6,134,0,0,114,10,124,46,51,145,16,258,88,6,94,352
11/23/2014,PSP,CA,AWP,WE,Towers with Radar,47,45,22,0,114,0,2,35,3,40,47,47,57,3,154,6,0,6,160
11/24/2014,PSP,CA,AWP,WE,Towers with Radar,48,52,27,1,128,0,1,26,4,31,48,53,53,5,159,22,0,22,181
11/25/2014,PSP,CA,AWP,WE,Towers with Radar,47,64,20,0,131,0,0,27,0,27,47,64,47,0,158,0,0,0,158
11/26/2014,PSP,CA,AWP,WE,Towers with Radar,47,56,29,0,132,0,2,40,0,42,47,58,69,0,174,8,0,8,182
11/27/2014,PSP,CA,AWP,WE,Towers with Radar,44,26,10,0,80,0,5,24,0,29,44,31,34,0,109,0,0,0,109
11/28/2014,PSP,CA,AWP,WE,Towers with Radar,45,35,17,0,97,0,12,45,1,58,45,47,62,1,155,0,0,0,155
11/29/2014,PSP,CA,AWP,WE,Towers with Radar,49,63,29,0,141,0,4,64,2,70,49,67,93,2,211,17,0,17,228
11/30/2014,PSP,CA,AWP,WE,Towers with Radar,53,81,60,0,194,0,9,25,1,35,53,90,85,1,229,10,0,10,239
12/01/2014,PSP,CA,AWP,WE,Towers with Radar,45,65,26,0,136,0,0,29,6,35,45,65,55,6,171,12,2,14,185
12/02/2014,PSP,CA,AWP,WE,Towers with Radar,42,41,8,0,91,0,0,1,1,2,42,41,9,1,93,0,0,0,93
12/03/2014,PSP,CA,AWP,WE,Towers with Radar,40,47,19,0,106,0,0,4,5,9,40,47,23,5,115,2,0,2,117
12/04/2014,PSP,CA,AWP,WE,Towers with Radar,48,57,18,0,123,0,0,14,0,14,48,57,32,0,137,2,0,2,139
12/05/2014,PSP,CA,AWP,WE,Towers with Radar,41,49,15,0,105,0,3,24,2,29,41,52,39,2,134,8,0,8,142
12/06/2014,PSP,CA,AWP,WE,Towers with Radar,44,33,20,0,97,0,4,52,1,57,44,37,72,1,154,0,0,0,154
12/07/2014,PSP,CA,AWP,WE,Towers with Radar,43,63,33,0,139,0,3,36,1,40,43,66,69,1,179,4,0,4,183
12/08/2014,PSP,CA,AWP,WE,Towers with Radar,38,48,22,1,109,0,0,25,0,25,38,48,47,1,134,4,0,4,138
12/09/2014,PSP,CA,AWP,WE,Towers with Radar,36,51,11,3,101,0,1,30,0,31,36,52,41,3,132,10,0,10,142
12/10/2014,PSP,CA,AWP,WE,Towers with Radar,40,55,20,0,115,0,2,34,0,36,40,57,54,0,151,10,0,10,161
12/11/2014,PSP,CA,AWP,WE,Towers with Radar,46,48,25,1,120,0,4,19,6,29,46,52,44,7,149,12,0,12,161
12/12/2014,PSP,CA,AWP,WE,Towers with Radar,39,52,12,4,107,0,0,2,3,5,39,52,14,7,112,0,0,0,112
12/13/2014,PSP,CA,AWP,WE,Towers with Radar,47,37,12,4,100,0,2,29,0,31,47,39,41,4,131,4,0,4,135
12/14/2014,PSP,CA,AWP,WE,Towers with Radar,45,52,16,9,122,1,1,35,1,38,46,53,51,10,160,6,0,6,166
12/15/2014,PSP,CA,AWP,WE,Towers with Radar,39,49,17,6,111,0,1,32,5,38,39,50,49,11,149,30,2,32,181
12/16/2014,PSP,CA,AWP,WE,Towers with Radar,36,41,12,4,93,1,1,15,0,17,37,42,27,4,110,12,0,12,122
12/17/2014,PSP,CA,AWP,WE,Towers with Radar,38,53,16,2,109,0,1,8,0,9,38,54,24,2,118,0,0,0,118
12/18/2014,PSP,CA,AWP,WE,Towers with Radar,59,67,11,0,137,0,1,23,2,26,59,68,34,2,163,0,0,0,163
12/19/2014,PSP,CA,AWP,WE,Towers with Radar,51,58,24,5,138,0,0,21,6,27,51,58,45,11,165,2,6,8,173
12/20/2014,PSP,CA,AWP,WE,Towers with Radar,61,40,11,0,112,0,3,67,4,74,61,43,78,4,186,20,2,22,208
12/21/2014,PSP,CA,AWP,WE,Towers with Radar,61,59,19,1,140,0,2,39,1,42,61,61,58,2,182,16,0,16,198
12/22/2014,PSP,CA,AWP,WE,Towers with Radar,56,47,16,3,122,0,8,35,0,43,56,55,51,3,165,52,2,54,219
12/23/2014,PSP,CA,AWP,WE,Towers with Radar,57,48,16,2,123,0,1,30,2,33,57,49,46,4,156,18,0,18,174
12/24/2014,PSP,CA,AWP,WE,Towers with Radar,51,34,13,0,98,0,2,27,0,29,51,36,40,0,127,14,0,14,141
12/25/2014,PSP,CA,AWP,WE,Towers with Radar,56,38,3,0,97,0,1,11,0,12,56,39,14,0,109,0,0,0,109
12/26/2014,PSP,CA,AWP,WE,Towers with Radar,57,65,40,0,162,0,2,33,0,35,57,67,73,0,197,2,0,2,199
12/27/2014,PSP,CA,AWP,WE,Towers with Radar,60,62,41,0,163,0,2,79,4,85,60,64,120,4,248,28,0,28,276
12/28/2014,PSP,CA,AWP,WE,Towers with Radar,58,57,26,0,141,0,0,54,1,55,58,57,80,1,196,8,0,8,204
12/29/2014,PSP,CA,AWP,WE,Towers with Radar,56,52,22,0,130,0,2,37,4,43,56,54,59,4,173,26,0,26,199
12/30/2014,PSP,CA,AWP,WE,Towers with Radar,55,61,18,6,140,0,2,11,4,17,55,63,29,10,157,2,0,2,159
12/31/2014,PSP,CA,AWP,WE,Towers with Radar,55,44,17,0,116,0,1,9,6,16,55,45,26,6,132,10,0,10,142
01/01/2015,PSP,CA,AWP,WE,Towers with Radar,62,45,8,0,115,0,0,17,4,21,62,45,25,4,136,0,0,0,136
01/02/2015,PSP,CA,AWP,WE,Towers with Radar,60,62,30,0,152,0,1,39,2,42,60,63,69,2,194,2,0,2,196
01/03/2015,PSP,CA,AWP,WE,Towers with Radar,70,53,45,1,169,0,4,60,0,64,70,57,105,1,233,38,0,38,271
01/04/2015,PSP,CA,AWP,WE,Towers with Radar,57,62,47,0,166,0,2,31,0,33,57,64,78,0,199,10,0,10,209
01/05/2015,PSP,CA,AWP,WE,Towers with Radar,53,57,33,2,145,0,2,19,0,21,53,59,52,2,166,12,0,12,178
01/06/2015,PSP,CA,AWP,WE,Towers with Radar,47,46,18,1,112,0,4,25,2,31,47,50,43,3,143,6,2,8,151
01/07/2015,PSP,CA,AWP,WE,Towers with Radar,49,48,16,1,114,0,3,35,5,43,49,51,51,6,157,4,0,4,161
01/08/2015,PSP,CA,AWP,WE,Towers with Radar,56,49,20,3,128,0,6,34,1,41,56,55,54,4,169,6,0,6,175
01/09/2015,PSP,CA,AWP,WE,Towers with Radar,54,50,26,5,135,0,3,37,3,43,54,53,63,8,178,24,0,24,202
01/10/2015,PSP,CA,AWP,WE,Towers with Radar,59,42,21,4,126,0,2,55,2,59,59,44,76,6,185,22,8,30,215
01/11/2015,PSP,CA,AWP,WE,Towers with Radar,64,50,30,0,144,0,2,13,0,15,64,52,43,0,159,2,0,2,161
01/12/2015,PSP,CA,AWP,WE,Towers with Radar,52,49,21,0,122,0,1,30,1,32,52,50,51,1,154,14,0,14,168
01/13/2015,PSP,CA,AWP,WE,Towers with Radar,46,52,26,4,128,0,5,27,7,39,46,57,53,11,167,2,0,2,169
01/14/2015,PSP,CA,AWP,WE,Towers with Radar,54,58,23,1,136,1,4,35,5,45,55,62,58,6,181,0,4,4,185
01/15/2015,PSP,CA,AWP,WE,Towers with Radar,55,52,28,2,137,0,0,38,5,43,55,52,66,7,180,0,0,0,180
01/16/2015,PSP,CA,AWP,WE,Towers with Radar,51,56,42,8,157,0,1,39,5,45,51,57,81,13,202,4,8,12,214
01/17/2015,PSP,CA,AWP,WE,Towers with Radar,53,45,33,2,133,0,6,109,2,117,53,51,142,4,250,72,0,72,322
01/18/2015,PSP,CA,AWP,WE,Towers with Radar,60,53,35,2,150,0,3,51,2,56,60,56,86,4,206,32,2,34,240
01/19/2015,PSP,CA,AWP,WE,Towers with Radar,62,71,36,0,169,0,7,47,0,54,62,78,83,0,223,49,0,49,272
01/20/2015,PSP,CA,AWP,WE,Towers with Radar,46,58,36,0,140,0,1,48,0,49,46,59,84,0,189,40,0,40,229
01/21/2015,PSP,CA,AWP,WE,Towers with Radar,50,62,41,0,153,0,3,36,6,45,50,65,77,6,198,2,0,2,200
01/22/2015,PSP,CA,AWP,WE,Towers with Radar,56,58,43,1,158,0,0,54,1,55,56,58,97,2,213,54,0,54,267
01/23/2015,PSP,CA,AWP,WE,Towers with Radar,58,59,20,1,138,0,4,47,6,57,58,63,67,7,195,28,0,28,223
01/24/2015,PSP,CA,AWP,WE,Towers with Radar,57,56,40,2,155,0,2,31,9,42,57,58,71,11,197,22,0,22,219
01/25/2015,PSP,CA,AWP,WE,Towers with Radar,59,63,48,5,175,0,0,60,2,62,59,63,108,7,237,18,0,18,255
01/26/2015,PSP,CA,AWP,WE,Towers with Radar,54,64,41,2,161,0,2,17,0,19,54,66,58,2,180,4,0,4,184
01/27/2015,PSP,CA,AWP,WE,Towers with Radar,59,47,41,5,152,0,3,26,5,34,59,50,67,10,186,10,0,10,196
01/28/2015,PSP,CA,AWP,WE,Towers with Radar,60,57,41,3,161,0,2,42,8,52,60,59,83,11,213,48,2,50,263
01/29/2015,PSP,CA,AWP,WE,Towers with Radar,54,55,30,0,139,0,1,22,2,25,54,56,52,2,164,34,0,34,198
01/30/2015,PSP,CA,AWP,WE,Towers with Radar,56,55,38,7,156,0,2,14,9,25,56,57,52,16,181,16,2,18,199
01/31/2015,PSP,CA,AWP,WE,Towers with Radar,61,51,20,16,148,0,5,52,15,72,61,56,72,31,220,10,14,24,244
02/01/2015,PSP,CA,AWP,WE,Towers with Radar,61,53,29,4,147,0,3,29,2,34,61,56,58,6,181,6,0,6,187
02/02/2015,PSP,CA,AWP,WE,Towers with Radar,58,50,31,4,143,0,1,46,8,55,58,51,77,12,198,2,2,4,202
02/03/2015,PSP,CA,AWP,WE,Towers with Radar,54,47,15,0,116,0,0,66,2,68,54,47,81,2,184,34,0,34,218
02/04/2015,PSP,CA,AWP,WE,Towers with Radar,55,44,29,0,128,0,2,72,0,74,55,46,101,0,202,74,0,74,276
02/05/2015,PSP,CA,AWP,WE,Towers with Radar,64,61,31,0,156,0,5,45,0,50,64,66,76,0,206,42,0,42,248
02/06/2015,PSP,CA,AWP,WE,Towers with Radar,56,46,28,0,130,0,1,52,8,61,56,47,80,8,191,18,2,20,211
02/07/2015,PSP,CA,AWP,WE,Towers with Radar,63,48,20,2,133,0,4,73,6,83,63,52,93,8,216,22,0,22,238
02/08/2015,PSP,CA,AWP,WE,Towers with Radar,63,64,38,2,167,0,4,81,0,85,63,68,119,2,252,16,0,16,268
02/09/2015,PSP,CA,AWP,WE,Towers with Radar,58,53,24,0,135,0,3,32,5,40,58,56,56,5,175,50,0,50,225
02/10/2015,PSP,CA,AWP,WE,Towers with Radar,53,39,37,0,129,0,5,34,7,46,53,44,71,7,175,10,0,10,185
02/11/2015,PSP,CA,AWP,WE,Towers with Radar,58,53,25,2,138,0,3,9,3,15,58,56,34,5,153,0,0,0,153
02/12/2015,PSP,CA,AWP,WE,Towers with Radar,63,62,37,6,168,0,1,41,11,53,63,63,78,17,221,8,0,8,229
02/13/2015,PSP,CA,AWP,WE,Towers with Radar,65,73,31,6,175,0,0,66,3,69,65,73,97,9,244,20,0,20,264
02/14/2015,PSP,CA,AWP,WE,Towers with Radar,73,36,7,3,119,0,0,9,2,11,73,36,16,5,130,2,0,2,132
02/15/2015,PSP,CA,AWP,WE,Towers with Radar,69,42,8,3,122,0,3,5,5,13,69,45,13,8,135,0,2,2,137
02/16/2015,PSP,CA,AWP,WE,Towers with Radar,66,55,20,0,141,0,1,17,3,21,66,56,37,3,162,0,0,0,162
02/17/2015,PSP,CA,AWP,WE,Towers with Radar,57,64,44,6,171,0,1,39,0,40,57,65,83,6,211,20,0,20,231
02/18/2015,PSP,CA,AWP,WE,Towers with Radar,63,63,37,2,165,0,3,54,4,61,63,66,91,6,226,20,2,22,248
02/19/2015,PSP,CA,AWP,WE,Towers with Radar,65,65,38,0,168,0,2,57,5,64,65,67,95,5,232,2,0,2,234
02/20/2015,PSP,CA,AWP,WE,Towers with Radar,64,67,44,3,178,0,1,69,3,73,64,68,113,6,251,18,0,18,269
02/21/2015,PSP,CA,AWP,WE,Towers with Radar,70,49,34,4,157,0,5,77,5,87,70,54,111,9,244,20,0,20,264
02/22/2015,PSP,CA,AWP,WE,Towers with Radar,70,66,52,1,189,0,1,34,0,35,70,67,86,1,224,0,0,0,224
02/23/2015,PSP,CA,AWP,WE,Towers with Radar,57,59,36,2,154,0,1,21,3,25,57,60,57,5,179,10,0,10,189
02/24/2015,PSP,CA,AWP,WE,Towers with Radar,60,59,29,0,148,0,4,35,2,41,60,63,64,2,189,16,0,16,205
02/25/2015,PSP,CA,AWP,WE,Towers with Radar,68,54,31,2,155,0,4,43,2,49,68,58,74,4,204,30,0,30,234
02/26/2015,PSP,CA,AWP,WE,Towers with Radar,65,59,29,8,161,0,2,68,2,72,65,61,97,10,233,30,0,30,263
02/27/2015,PSP,CA,AWP,WE,Towers with Radar,62,52,55,4,173,0,4,28,2,34,62,56,83,6,207,24,2,26,233
02/28/2015,PSP,CA,AWP,WE,Towers with Radar,67,65,21,0,153,0,3,37,5,45,67,68,58,5,198,34,0,34,232
03/01/2015,PSP,CA,AWP,WE,Towers with Radar,68,65,36,0,169,0,2,25,7,34,68,67,61,7,203,10,0,10,213
03/02/2015,PSP,CA,AWP,WE,Towers with Radar,66,62,22,0,150,0,2,4,5,11,66,64,26,5,161,4,2,6,167
03/03/2015,PSP,CA,AWP,WE,Towers with Radar,63,50,46,0,159,0,1,37,9,47,63,51,83,9,206,14,0,14,220
03/04/2015,PSP,CA,AWP,WE,Towers with Radar,68,59,23,0,150,0,4,41,3,48,68,63,64,3,198,50,0,50,248
03/05/2015,PSP,CA,AWP,WE,Towers with Radar,69,52,27,1,149,0,4,54,2,60,69,56,81,3,209,30,2,32,241
03/06/2015,PSP,CA,AWP,WE,Towers with Radar,71,57,20,2,150,0,2,42,2,46,71,59,62,4,196,0,0,0,196
03/07/2015,PSP,CA,AWP,WE,Towers with Radar,79,60,26,9,174,0,3,71,6,80,79,63,97,15,254,24,0,24,278
03/08/2015,PSP,CA,AWP,WE,Towers with Radar,76,49,33,2,160,0,4,80,5,89,76,53,113,7,249,8,0,8,257
03/09/2015,PSP,CA,AWP,WE,Towers with Radar,68,45,13,0,126,0,2,39,0,41,68,47,52,0,167,32,0,32,199
03/10/2015,PSP,CA,AWP,WE,Towers with Radar,69,44,36,3,152,0,2,39,7,48,69,46,75,10,200,20,4,24,224
03/11/2015,PSP,CA,AWP,WE,Towers with Radar,70,64,37,4,175,0,2,75,4,81,70,66,112,8,256,54,0,54,310
03/12/2015,PSP,CA,AWP,WE,Towers with Radar,74,67,25,0,166,0,4,83,2,89,74,71,108,2,255,42,0,42,297
03/13/2015,PSP,CA,AWP,WE,Towers with Radar,72,56,34,2,164,0,4,76,2,82,72,60,110,4,246,18,1,19,265
03/14/2015,PSP,CA,AWP,WE,Towers with Radar,79,50,32,2,163,0,1,108,1,110,79,51,140,3,273,80,0,80,353
03/15/2015,PSP,CA,AWP,WE,Towers with Radar,79,65,33,0,177,0,2,98,2,102,79,67,131,2,279,18,0,18,297
03/16/2015,PSP,CA,AWP,WE,Towers with Radar,70,59,21,2,152,0,4,50,5,59,70,63,71,7,211,36,2,38,249
03/17/2015,PSP,CA,AWP,WE,Towers with Radar,68,52,33,4,157,0,3,44,1,48,68,55,77,5,205,30,0,30,235
03/18/2015,PSP,CA,AWP,WE,Towers with Radar,73,61,22,3,159,0,3,53,1,57,73,64,75,4,216,8,0,8,224
03/19/2015,PSP,CA,AWP,WE,Towers with Radar,73,71,37,3,184,0,3,47,2,52,73,74,84,5,236,18,0,18,254
03/20/2015,PSP,CA,AWP,WE,Towers with Radar,73,50,46,0,169,0,1,57,2,60,73,51,103,2,229,32,2,34,263
03/21/2015,PSP,CA,AWP,WE,Towers with Radar,83,48,46,0,177,0,1,62,2,65,83,49,108,2,242,6,0,6,248
03/22/2015,PSP,CA,AWP,WE,Towers with Radar,77,63,53,0,193,0,0,58,3,61,77,63,111,3,254,0,0,0,254
03/23/2015,PSP,CA,AWP,WE,Towers with Radar,69,57,42,0,168,0,3,29,0,32,69,60,71,0,200,18,0,18,218
03/24/2015,PSP,CA,AWP,WE,Towers with Radar,67,39,24,1,131,0,5,36,2,43,67,44,60,3,174,26,0,26,200
03/25/2015,PSP,CA,AWP,WE,Towers with Radar,74,44,24,2,144,0,3,47,7,57,74,47,71,9,201,12,0,12,213
03/26/2015,PSP,CA,AWP,WE,Towers with Radar,75,51,34,3,163,0,1,45,3,49,75,52,79,6,212,14,0,14,226
03/27/2015,PSP,CA,AWP,WE,Towers with Radar,71,47,33,0,151,0,2,62,2,66,71,49,95,2,217,28,0,28,245
03/28/2015,PSP,CA,AWP,WE,Towers with Radar,82,43,23,0,148,0,8,49,4,61,82,51,72,4,209,100,0,100,309
03/29/2015,PSP,CA,AWP,WE,Towers with Radar,80,54,56,0,190,0,4,37,4,45,80,58,93,4,235,22,0,22,257
03/30/2015,PSP,CA,AWP,WE,Towers with Radar,64,54,20,2,140,0,2,27,2,31,64,56,47,4,171,22,2,24,195
03/31/2015,PSP,CA,AWP,WE,Towers with Radar,66,48,28,0,142,0,4,28,8,40,66,52,56,8,182,12,0,12,194
04/01/2015,PSP,CA,AWP,WE,Towers with Radar,70,51,19,4,144,0,5,23,2,30,70,56,42,6,174,20,0,20,194
04/02/2015,PSP,CA,AWP,WE,Towers with Radar,70,59,37,6,172,0,1,34,1,36,70,60,71,7,208,34,12,46,254
04/03/2015,PSP,CA,AWP,WE,Towers with Radar,66,47,23,3,139,0,2,44,5,51,66,49,67,8,190,22,0,22,212
04/04/2015,PSP,CA,AWP,WE,Towers with Radar,79,40,30,6,155,0,4,84,3,91,79,44,114,9,246,22,0,22,268
04/05/2015,PSP,CA,AWP,WE,Towers with Radar,83,47,33,1,164,0,6,25,1,32,83,53,58,2,196,20,0,20,216
04/06/2015,PSP,CA,AWP,WE,Towers with Radar,65,61,54,1,181,0,7,28,3,38,65,68,82,4,219,20,0,20,239
04/07/2015,PSP,CA,AWP,WE,Towers with Radar,56,48,25,2,131,0,3,13,3,19,56,51,38,5,150,30,4,34,184
04/08/2015,PSP,CA,AWP,WE,Towers with Radar,58,52,37,4,151,0,5,63,4,72,58,57,100,8,223,80,0,80,303
04/09/2015,PSP,CA,AWP,WE,Towers with Radar,60,54,31,0,145,0,2,49,4,55,60,56,80,4,200,60,0,60,260
04/10/2015,PSP,CA,AWP,WE,Towers with Radar,58,62,39,0,159,0,11,46,3,60,58,73,85,3,219,4,0,4,223
04/11/2015,PSP,CA,AWP,WE,Towers with Radar,67,34,25,2,128,0,4,58,5,67,67,38,83,7,195,14,0,14,209
04/12/2015,PSP,CA,AWP,WE,Towers with Radar,63,63,42,2,170,0,0,47,0,47,63,63,89,2,217,0,0,0,217
04/13/2015,PSP,CA,AWP,WE,Towers with Radar,54,62,30,0,146,0,3,31,0,34,54,65,61,0,180,10,0,10,190
04/14/2015,PSP,CA,AWP,WE,Towers with Radar,51,44,27,0,122,1,7,19,6,33,52,51,46,6,155,8,2,10,165
04/15/2015,PSP,CA,AWP,WE,Towers with Radar,54,57,33,0,144,0,4,32,1,37,54,61,65,1,181,4,0,4,185
04/16/2015,PSP,CA,AWP,WE,Towers with Radar,59,59,45,3,166,0,8,44,1,53,59,67,89,4,219,0,2,2,221
04/17/2015,PSP,CA,AWP,WE,Towers with Radar,52,49,53,0,154,0,2,69,4,75,52,51,122,4,229,10,0,10,239
04/18/2015,PSP,CA,AWP,WE,Towers with Radar,60,34,34,2,130,0,3,72,6,81,60,37,106,8,211,18,0,18,229
04/19/2015,PSP,CA,AWP,WE,Towers with Radar,58,60,41,0,159,0,0,72,0,72,58,60,113,0,231,14,0,14,245
04/20/2015,PSP,CA,AWP,WE,Towers with Radar,48,67,29,0,144,0,2,25,6,33,48,69,54,6,177,8,0,8,185
04/21/2015,PSP,CA,AWP,WE,Towers with Radar,47,51,15,4,117,0,2,25,6,33,47,53,40,10,150,22,0,22,172
04/22/2015,PSP,CA,AWP,WE,Towers with Radar,54,54,21,0,129,0,1,30,4,35,54,55,51,4,164,60,0,60,224
04/23/2015,PSP,CA,AWP,WE,Towers with Radar,53,57,33,0,143,0,1,27,2,30,53,58,60,2,173,54,0,54,227
04/24/2015,PSP,CA,AWP,WE,Towers with Radar,49,51,27,0,127,0,2,31,5,38,49,53,58,5,165,32,0,32,197
04/25/2015,PSP,CA,AWP,WE,Towers with Radar,61,33,19,0,113,0,0,20,5,25,61,33,39,5,138,72,0,72,210
04/26/2015,PSP,CA,AWP,WE,Towers with Radar,59,57,36,2,154,0,3,34,5,42,59,60,70,7,196,0,0,0,196
04/27/2015,PSP,CA,AWP,WE,Towers with Radar,52,62,26,0,140,2,0,31,5,38,54,62,57,5,178,8,2,10,188
04/28/2015,PSP,CA,AWP,WE,Towers with Radar,43,43,11,3,100,0,3,39,1,43,43,46,50,4,143,0,10,10,153
04/29/2015,PSP,CA,AWP,WE,Towers with Radar,48,54,19,2,123,0,3,39,3,45,48,57,58,5,168,38,0,38,206
04/30/2015,PSP,CA,AWP,WE,Towers with Radar,49,57,42,2,150,0,2,40,0,42,49,59,82,2,192,0,0,0,192
05/01/2015,PSP,CA,AWP,WE,Towers with Radar,48,57,38,0,143,0,3,41,0,44,48,60,79,0,187,32,0,32,219
05/02/2015,PSP,CA,AWP,WE,Towers with Radar,54,31,11,0,96,0,2,38,0,40,54,33,49,0,136,10,0,10,146
05/03/2015,PSP,CA,AWP,WE,Towers with Radar,44,55,35,0,134,0,1,39,7,47,44,56,74,7,181,4,0,4,185
05/04/2015,PSP,CA,AWP,WE,Towers with Radar,45,50,17,2,114,0,0,23,4,27,45,50,40,6,141,2,0,2,143
05/05/2015,PSP,CA,AWP,WE,Towers with Radar,51,55,25,3,134,0,2,46,3,51,51,57,71,6,185,28,0,28,213
05/06/2015,PSP,CA,AWP,WE,Towers with Radar,32,59,39,3,133,0,4,28,1,33,32,63,67,4,166,0,0,0,166
05/07/2015,PSP,CA,AWP,WE,Towers with Radar,36,57,37,2,132,0,3,11,0,14,36,60,48,2,146,8,0,8,154
05/08/2015,PSP,CA,AWP,WE,Towers with Radar,36,55,24,0,115,0,3,17,0,20,36,58,41,0,135,30,0,30,165
05/09/2015,PSP,CA,AWP,WE,Towers with Radar,34,40,8,0,82,0,4,38,4,46,34,44,46,4,128,6,0,6,134
05/10/2015,PSP,CA,AWP,WE,Towers with Radar,28,42,21,0,91,0,2,46,0,48,28,44,67,0,139,20,0,20,159
05/11/2015,PSP,CA,AWP,WE,Towers with Radar,38,45,30,0,113,0,2,24,0,26,38,47,54,0,139,20,0,20,159
05/12/2015,PSP,CA,AWP,WE,Towers with Radar,26,43,19,2,90,0,2,26,9,37,26,45,45,11,127,10,4,14,141
05/13/2015,PSP,CA,AWP,WE,Towers with Radar,28,35,13,5,81,0,5,37,1,43,28,40,50,6,124,22,2,24,148
05/14/2015,PSP,CA,AWP,WE,Towers with Radar,31,55,41,0,127,0,5,13,0,18,31,60,54,0,145,8,0,8,153
05/15/2015,PSP,CA,AWP,WE,Towers with Radar,35,53,44,0,132,0,1,17,2,20,35,54,61,2,152,12,0,12,164
05/16/2015,PSP,CA,AWP,WE,Towers with Radar,32,42,15,0,89,0,2,48,0,50,32,44,63,0,139,2,0,2,141
05/17/2015,PSP,CA,AWP,WE,Towers with Radar,29,50,43,0,122,0,0,30,0,30,29,50,73,0,152,16,0,16,168
05/18/2015,PSP,CA,AWP,WE,Towers with Radar,35,36,21,0,92,0,1,28,2,31,35,37,49,2,123,0,0,0,123
05/19/2015,PSP,CA,AWP,WE,Towers with Radar,27,37,26,2,92,0,2,19,0,21,27,39,45,2,113,0,2,2,115
05/20/2015,PSP,CA,AWP,WE,Towers with Radar,27,37,17,2,83,0,3,28,4,35,27,40,45,6,118,4,2,6,124
05/21/2015,PSP,CA,AWP,WE,Towers with Radar,29,35,20,0,84,0,4,13,0,17,29,39,33,0,101,0,0,0,101
05/22/2015,PSP,CA,AWP,WE,Towers with Radar,33,42,17,3,95,0,1,21,1,23,33,43,38,4,118,0,0,0,118
05/23/2015,PSP,CA,AWP,WE,Towers with Radar,35,35,15,0,85,0,6,42,1,49,35,41,57,1,134,4,0,4,138
05/24/2015,PSP,CA,AWP,WE,Towers with Radar,26,32,17,0,75,0,5,19,0,24,26,37,36,0,99,16,0,16,115
05/25/2015,PSP,CA,AWP,WE,Towers with Radar,31,41,23,0,95,0,0,80,8,88,31,41,103,8,183,50,0,50,233
05/26/2015,PSP,CA,AWP,WE,Towers with Radar,24,39,11,0,74,0,1,39,1,41,24,40,50,1,115,30,0,30,145
05/27/2015,PSP,CA,AWP,WE,Towers with Radar,25,33,14,0,72,0,0,38,4,42,25,33,52,4,114,14,0,14,128
05/28/2015,PSP,CA,AWP,WE,Towers with Radar,29,38,15,0,82,0,3,42,0,45,29,41,57,0,127,0,0,0,127
05/29/2015,PSP,CA,AWP,WE,Towers with Radar,33,34,12,0,79,0,3,38,6,47,33,37,50,6,126,2,0,2,128
05/30/2015,PSP,CA,AWP,WE,Towers with Radar,30,32,5,3,70,0,1,47,2,50,30,33,52,5,120,24,0,24,144
05/31/2015,PSP,CA,AWP,WE,Towers with Radar,28,42,12,0,82,0,1,31,0,32,28,43,43,0,114,0,0,0,114
06/01/2015,PSP,CA,AWP,WE,Towers with Radar,27,27,15,0,69,0,3,15,0,18,27,30,30,0,87,0,0,0,87
06/02/2015,PSP,CA,AWP,WE,Towers with Radar,25,25,7,1,58,0,2,33,0,35,25,27,40,1,93,10,0,10,103
06/03/2015,PSP,CA,AWP,WE,Towers with Radar,21,32,12,2,67,0,8,22,0,30,21,40,34,2,97,10,0,10,107
06/04/2015,PSP,CA,AWP,WE,Towers with Radar,20,30,20,0,70,0,3,10,5,18,20,33,30,5,88,10,0,10,98
06/05/2015,PSP,CA,AWP,WE,Towers with Radar,22,26,14,0,62,0,4,33,8,45,22,30,47,8,107,10,0,10,117
06/06/2015,PSP,CA,AWP,WE,Towers with Radar,22,23,5,0,50,0,2,31,3,36,22,25,36,3,86,8,0,8,94
06/07/2015,PSP,CA,AWP,WE,Towers with Radar,14,21,12,2,49,0,0,47,0,47,14,21,59,2,96,10,0,10,106
06/08/2015,PSP,CA,AWP,WE,Towers with Radar,15,28,5,0,48,0,3,22,1,26,15,31,27,1,74,14,0,14,88
06/09/2015,PSP,CA,AWP,WE,Towers with Radar,12,30,6,0,48,0,4,20,0,24,12,34,26,0,72,10,0,10,82
06/10/2015,PSP,CA,AWP,WE,Towers with Radar,10,21,8,1,40,0,3,12,4,19,10,24,20,5,59,4,0,4,63
06/11/2015,PSP,CA,AWP,WE,Towers with Radar,12,31,11,3,57,0,4,19,2,25,12,35,30,5,82,6,0,6,88
06/12/2015,PSP,CA,AWP,WE,Towers with Radar,16,23,15,10,64,0,2,23,5,30,16,25,38,15,94,0,0,0,94
06/13/2015,PSP,CA,AWP,WE,Towers with Radar,12,18,8,0,38,0,2,45,1,48,12,20,53,1,86,0,0,0,86
06/14/2015,PSP,CA,AWP,WE,Towers with Radar,16,20,11,0,47,0,4,56,0,60,16,24,67,0,107,2,0,2,109
06/15/2015,PSP,CA,AWP,WE,Towers with Radar,13,24,10,1,48,0,3,32,4,39,13,27,42,5,87,0,2,2,89
06/16/2015,PSP,CA,AWP,WE,Towers with Radar,14,20,6,0,40,0,1,21,2,24,14,21,27,2,64,0,0,0,64
06/17/2015,PSP,CA,AWP,WE,Towers with Radar,9,23,7,2,41,0,1,21,5,27,9,24,28,7,68,0,0,0,68
06/18/2015,PSP,CA,AWP,WE,Towers with Radar,12,21,8,1,42,0,1,17,4,22,12,22,25,5,64,24,0,24,88
06/19/2015,PSP,CA,AWP,WE,Towers with Radar,15,25,8,3,51,0,4,23,1,28,15,29,31,4,79,10,0,10,89
06/20/2015,PSP,CA,AWP,WE,Towers with Radar,13,20,5,2,40,0,0,12,2,14,13,20,17,4,54,8,0,8,62
06/21/2015,PSP,CA,AWP,WE,Towers with Radar,14,22,7,1,44,0,0,7,1,8,14,22,14,2,52,4,0,4,56
06/22/2015,PSP,CA,AWP,WE,Towers with Radar,17,23,11,1,52,0,2,22,0,24,17,25,33,1,76,0,0,0,76
06/23/2015,PSP,CA,AWP,WE,Towers with Radar,12,22,12,2,48,0,5,22,4,31,12,27,34,6,79,6,12,18,97
06/24/2015,PSP,CA,AWP,WE,Towers with Radar,12,25,11,1,49,0,2,38,0,40,12,27,49,1,89,10,2,12,101
06/25/2015,PSP,CA,AWP,WE,Towers with Radar,12,26,5,0,43,0,2,22,4,28,12,28,27,4,71,10,0,10,81
06/26/2015,PSP,CA,AWP,WE,Towers with Radar,14,27,9,0,50,0,4,34,10,48,14,31,43,10,98,6,0,6,104
06/27/2015,PSP,CA,AWP,WE,Towers with Radar,14,22,4,0,40,0,0,32,2,34,14,22,36,2,74,2,0,2,76
06/28/2015,PSP,CA,AWP,WE,Towers with Radar,12,27,5,0,44,0,1,29,0,30,12,28,34,0,74,48,0,48,122
06/29/2015,PSP,CA,AWP,WE,Towers with Radar,14,25,13,0,52,0,2,23,5,30,14,27,36,5,82,4,0,4,86
06/30/2015,PSP,CA,AWP,WE,Towers with Radar,12,27,2,0,41,0,6,41,0,47,12,33,43,0,88,2,0,2,90
07/01/2015,PSP,CA,AWP,WE,Towers with Radar,9,28,11,0,48,0,2,21,0,23,9,30,32,0,71,10,0,10,81
07/02/2015,PSP,CA,AWP,WE,Towers with Radar,11,26,9,0,46,0,4,13,0,17,11,30,22,0,63,4,0,4,67
07/03/2015,PSP,CA,AWP,WE,Towers with Radar,17,18,1,2,38,0,0,22,0,22,17,18,23,2,60,2,0,2,62
07/04/2015,PSP,CA,AWP,WE,Towers with Radar,13,14,2,0,29,0,0,23,0,23,13,14,25,0,52,28,0,28,80
07/05/2015,PSP,CA,AWP,WE,Towers with Radar,13,24,8,1,46,0,1,21,0,22,13,25,29,1,68,2,0,2,70
07/06/2015,PSP,CA,AWP,WE,Towers with Radar,15,23,11,2,51,0,1,15,4,20,15,24,26,6,71,12,4,16,87
07/07/2015,PSP,CA,AWP,WE,Towers with Radar,13,24,5,7,49,0,5,28,0,33,13,29,33,7,82,4,6,10,92
07/08/2015,PSP,CA,AWP,WE,Towers with Radar,9,22,12,6,49,0,2,17,2,21,9,24,29,8,70,0,0,0,70
07/09/2015,PSP,CA,AWP,WE,Towers with Radar,10,29,13,2,54,0,3,10,0,13,10,32,23,2,67,2,0,2,69
07/10/2015,PSP,CA,AWP,WE,Towers with Radar,18,22,8,1,49,0,1,33,4,38,18,23,41,5,87,0,0,0,87
07/11/2015,PSP,CA,AWP,WE,Towers with Radar,14,18,11,0,43,0,3,43,4,50,14,21,54,4,93,10,24,34,127
07/12/2015,PSP,CA,AWP,WE,Towers with Radar,13,19,7,0,39,0,0,26,0,26,13,19,33,0,65,0,0,0,65
07/13/2015,PSP,CA,AWP,WE,Towers with Radar,17,33,5,2,57,0,4,12,6,22,17,37,17,8,79,0,0,0,79
07/14/2015,PSP,CA,AWP,WE,Towers with Radar,12,25,8,0,45,0,4,23,8,35,12,29,31,8,80,14,2,16,96
07/15/2015,PSP,CA,AWP,WE,Towers with Radar,9,20,3,0,32,0,2,12,0,14,9,22,15,0,46,10,0,10,56
07/16/2015,PSP,CA,AWP,WE,Towers with Radar,15,22,5,3,45,0,3,23,5,31,15,25,28,8,76,14,2,16,92
07/17/2015,PSP,CA,AWP,WE,Towers with Radar,19,18,11,3,51,0,2,26,6,34,19,20,37,9,85,10,0,10,95
07/18/2015,PSP,CA,AWP,WE,Towers with Radar,15,24,4,2,45,0,0,8,0,8,15,24,12,2,53,10,0,10,63
07/19/2015,PSP,CA,AWP,WE,Towers with Radar,15,24,10,0,49,0,0,23,0,23,15,24,33,0,72,4,0,4,76
07/20/2015,PSP,CA,AWP,WE,Towers with Radar,19,25,7,0,51,0,1,18,2,21,19,26,25,2,72,8,0,8,80
07/21/2015,PSP,CA,AWP,WE,Towers with Radar,12,23,20,0,55,0,4,24,1,29,12,27,44,1,84,2,0,2,86
07/22/2015,PSP,CA,AWP,WE,Towers with Radar,9,19,12,3,43,0,1,22,3,26,9,20,34,6,69,6,2,8,77
07/23/2015,PSP,CA,AWP,WE,Towers with Radar,14,21,6,0,41,0,5,9,0,14,14,26,15,0,55,0,0,0,55
07/24/2015,PSP,CA,AWP,WE,Towers with Radar,15,21,8,0,44,1,4,15,1,21,16,25,23,1,65,0,0,0,65
07/25/2015,PSP,CA,AWP,WE,Towers with Radar,14,20,2,1,37,0,2,24,2,28,14,22,26,3,65,6,0,6,71
07/26/2015,PSP,CA,AWP,WE,Towers with Radar,12,23,11,7,53,0,1,23,0,24,12,24,34,7,77,8,2,10,87
07/27/2015,PSP,CA,AWP,WE,Towers with Radar,15,20,5,5,45,0,4,19,4,27,15,24,24,9,72,2,2,4,76
07/28/2015,PSP,CA,AWP,WE,Towers with Radar,13,20,6,3,42,0,5,26,4,35,13,25,32,7,77,2,0,2,79
07/29/2015,PSP,CA,AWP,WE,Towers with Radar,10,20,3,0,33,0,3,15,0,18,10,23,18,0,51,30,0,30,81
07/30/2015,PSP,CA,AWP,WE,Towers with Radar,15,25,4,0,44,0,0,24,1,25,15,25,28,1,69,10,2,12,81
07/31/2015,PSP,CA,AWP,WE,Towers with Radar,17,16,8,0,41,0,2,16,9,27,17,18,24,9,68,4,0,4,72
08/01/2015,PSP,CA,AWP,WE,Towers with Radar,30,53,14,0,97,0,7,50,10,67,30,60,64,10,164,14,0,14,178
08/02/2015,PSP,CA,AWP,WE,Towers with Radar,27,46,2,0,75,0,6,41,2,49,27,52,43,2,124,14,0,14,138
08/03/2015,PSP,CA,AWP,WE,Towers with Radar,26,35,9,0,70,0,8,41,4,53,26,43,50,4,123,26,0,26,149
08/04/2015,PSP,CA,AWP,WE,Towers with Radar,13,23,3,0,39,0,4,14,0,18,13,27,17,0,57,4,0,4,61
08/05/2015,PSP,CA,AWP,WE,Towers with Radar,12,26,8,2,48,0,2,15,0,17,12,28,23,2,65,0,0,0,65
08/06/2015,PSP,CA,AWP,WE,Towers with Radar,15,23,2,0,40,0,3,13,4,20,15,26,15,4,60,0,2,2,62
08/07/2015,PSP,CA,AWP,WE,Towers with Radar,20,21,10,3,54,0,4,24,6,34,20,25,34,9,88,0,2,2,90
08/08/2015,PSP,CA,AWP,WE,Towers with Radar,17,17,1,6,41,0,3,54,2,59,17,20,55,8,100,30,0,30,130
08/09/2015,PSP,CA,AWP,WE,Towers with Radar,16,23,3,0,42,0,0,31,0,31,16,23,34,0,73,4,0,4,77
08/10/2015,PSP,CA,AWP,WE,Towers with Radar,17,22,5,2,46,0,2,11,0,13,17,24,16,2,59,10,0,10,69
08/11/2015,PSP,CA,AWP,WE,Towers with Radar,15,22,8,6,51,0,4,19,4,27,15,26,27,10,78,4,2,6,84
08/12/2015,PSP,CA,AWP,WE,Towers with Radar,12,26,8,6,52,0,7,22,4,33,12,33,30,10,85,22,10,32,117
08/13/2015,PSP,CA,AWP,WE,Towers with Radar,15,23,3,4,45,0,2,21,2,25,15,25,24,6,70,0,0,0,70
08/14/2015,PSP,CA,AWP,WE,Towers with Radar,15,26,13,5,59,0,2,40,0,42,15,28,53,5,101,8,2,10,111
08/15/2015,PSP,CA,AWP,WE,Towers with Radar,18,16,4,4,42,0,1,20,0,21,18,17,24,4,63,6,0,6,69
08/16/2015,PSP,CA,AWP,WE,Towers with Radar,18,24,11,1,54,0,0,29,0,29,18,24,40,1,83,26,0,26,109
08/17/2015,PSP,CA,AWP,WE,Towers with Radar,17,25,3,2,47,0,2,32,1,35,17,27,35,3,82,10,0,10,92
08/18/2015,PSP,CA,AWP,WE,Towers with Radar,13,26,6,0,45,0,2,10,2,14,13,28,16,2,59,4,0,4,63
08/19/2015,PSP,CA,AWP,WE,Towers with Radar,12,26,5,1,44,0,3,28,2,33,12,29,33,3,77,0,0,0,77
08/20/2015,PSP,CA,AWP,WE,Towers with Radar,12,26,1,2,41,0,5,13,0,18,12,31,14,2,59,2,0,2,61
08/21/2015,PSP,CA,AWP,WE,Towers with Radar,16,22,8,3,49,0,2,25,9,36,16,24,33,12,85,6,0,6,91
08/22/2015,PSP,CA,AWP,WE,Towers with Radar,15,22,3,5,45,0,1,18,3,22,15,23,21,8,67,0,0,0,67
08/23/2015,PSP,CA,AWP,WE,Towers with Radar,11,32,5,3,51,0,2,28,13,43,11,34,33,16,94,8,0,8,102
08/24/2015,PSP,CA,AWP,WE,Towers with Radar,14,29,8,2,53,0,6,12,4,22,14,35,20,6,75,0,0,0,75
08/25/2015,PSP,CA,AWP,WE,Towers with Radar,16,21,5,0,42,0,1,14,5,20,16,22,19,5,62,14,0,14,76
08/26/2015,PSP,CA,AWP,WE,Towers with Radar,14,27,10,3,54,0,2,17,5,24,14,29,27,8,78,10,0,10,88
08/27/2015,PSP,CA,AWP,WE,Towers with Radar,14,25,14,0,53,0,3,37,3,43,14,28,51,3,96,4,0,4,100
08/28/2015,PSP,CA,AWP,WE,Towers with Radar,16,24,7,1,48,0,2,25,5,32,16,26,32,6,80,10,0,10,90
08/29/2015,PSP,CA,AWP,WE,Towers with Radar,17,20,7,3,47,0,4,23,1,28,17,24,30,4,75,0,0,0,75
08/30/2015,PSP,CA,AWP,WE,Towers with Radar,11,26,10,0,47,0,4,18,3,25,11,30,28,3,72,12,0,12,84
08/31/2015,PSP,CA,AWP,WE,Towers with Radar,16,32,7,0,55,0,3,23,3,29,16,35,30,3,84,6,2,8,92
09/01/2015,PSP,CA,AWP,WE,Towers with Radar,15,21,8,0,44,0,2,12,3,17,15,23,20,3,61,4,0,4,65
09/02/2015,PSP,CA,AWP,WE,Towers with Radar,14,22,5,1,42,0,2,13,1,16,14,24,18,2,58,0,0,0,58
09/03/2015,PSP,CA,AWP,WE,Towers with Radar,16,28,6,1,51,0,3,24,4,31,16,31,30,5,82,4,0,4,86
09/04/2015,PSP,CA,AWP,WE,Towers with Radar,18,34,9,0,61,0,4,29,5,38,18,38,38,5,99,2,0,2,101
09/05/2015,PSP,CA,AWP,WE,Towers with Radar,18,20,9,2,49,0,2,23,2,27,18,22,32,4,76,0,0,0,76
09/06/2015,PSP,CA,AWP,WE,Towers with Radar,14,22,4,0,40,0,1,29,2,32,14,23,33,2,72,0,0,0,72
09/07/2015,PSP,CA,AWP,WE,Towers with Radar,16,23,6,0,45,0,2,20,0,22,16,25,26,0,67,8,0,8,75
09/08/2015,PSP,CA,AWP,WE,Towers with Radar,13,17,5,1,36,0,3,8,1,12,13,20,13,2,48,0,0,0,48
09/09/2015,PSP,CA,AWP,WE,Towers with Radar,16,20,13,1,50,0,3,9,3,15,16,23,22,4,65,0,0,0,65
09/10/2015,PSP,CA,AWP,WE,Towers with Radar,17,27,13,1,58,0,4,10,4,18,17,31,23,5,76,10,0,10,86
09/11/2015,PSP,CA,AWP,WE,Towers with Radar,18,28,5,2,53,0,4,30,1,35,18,32,35,3,88,0,0,0,88
09/12/2015,PSP,CA,AWP,WE,Towers with Radar,19,25,2,0,46,0,2,43,0,45,19,27,45,0,91,10,0,10,101
09/13/2015,PSP,CA,AWP,WE,Towers with Radar,12,33,11,0,56,0,4,17,3,24,12,37,28,3,80,16,0,16,96
09/14/2015,PSP,CA,AWP,WE,Towers with Radar,16,27,8,0,51,0,4,10,0,14,16,31,18,0,65,2,0,2,67
09/15/2015,PSP,CA,AWP,WE,Towers with Radar,19,18,16,2,55,0,1,8,0,9,19,19,24,2,64,4,2,6,70
09/16/2015,PSP,CA,AWP,WE,Towers with Radar,13,25,3,0,41,0,5,14,5,24,13,30,17,5,65,2,0,2,67
09/17/2015,PSP,CA,AWP,WE,Towers with Radar,16,28,20,0,64,0,6,28,3,37,16,34,48,3,101,8,0,8,109
09/18/2015,PSP,CA,AWP,WE,Towers with Radar,18,31,13,3,65,0,6,32,3,41,18,37,45,6,106,2,2,4,110
09/19/2015,PSP,CA,AWP,WE,Towers with Radar,23,21,6,0,50,0,0,20,0,20,23,21,26,0,70,26,0,26,96
09/20/2015,PSP,CA,AWP,WE,Towers with Radar,15,34,7,0,56,0,1,28,0,29,15,35,35,0,85,8,0,8,93
09/21/2015,PSP,CA,AWP,WE,Towers with Radar,16,28,11,0,55,0,4,9,5,18,16,32,20,5,73,2,0,2,75
09/22/2015,PSP,CA,AWP,WE,Towers with Radar,13,22,5,0,40,0,2,6,0,8,13,24,11,0,48,6,0,6,54
09/23/2015,PSP,CA,AWP,WE,Towers with Radar,15,23,12,0,50,0,4,28,2,34,15,27,40,2,84,4,0,4,88
09/24/2015,PSP,CA,AWP,WE,Towers with Radar,22,22,10,0,54,0,5,28,4,37,22,27,38,4,91,16,4,20,111
09/25/2015,PSP,CA,AWP,WE,Towers with Radar,26,23,6,4,59,0,4,35,0,39,26,27,41,4,98,0,0,0,98
09/26/2015,PSP,CA,AWP,WE,Towers with Radar,27,18,10,0,55,0,3,42,1,46,27,21,52,1,101,8,0,8,109
09/27/2015,PSP,CA,AWP,WE,Towers with Radar,25,24,16,4,69,0,0,29,0,29,25,24,45,4,98,38,0,38,136
09/28/2015,PSP,CA,AWP,WE,Towers with Radar,22,28,9,2,61,0,0,26,0,26,22,28,35,2,87,6,0,6,93
09/29/2015,PSP,CA,AWP,WE,Towers with Radar,19,24,17,2,62,0,3,26,2,31,19,27,43,4,93,0,0,0,93
09/30/2015,PSP,CA,AWP,WE,Towers with Radar,19,21,17,0,57,0,2,36,2,40,19,23,53,2,97,6,2,8,105
10/01/2015,PSP,CA,AWP,WE,Towers with Radar,26,24,15,1,66,0,3,21,5,29,26,27,36,6,95,10,0,10,105
10/02/2015,PSP,CA,AWP,WE,Towers with Radar,25,24,19,2,70,0,3,24,0,27,25,27,43,2,97,10,0,10,107
10/03/2015,PSP,CA,AWP,WE,Towers with Radar,31,25,13,3,72,0,0,35,2,37,31,25,48,5,109,2,0,2,111
10/04/2015,PSP,CA,AWP,WE,Towers with Radar,31,25,18,0,74,0,0,13,2,15,31,25,31,2,89,18,0,18,107
10/05/2015,PSP,CA,AWP,WE,Towers with Radar,32,26,8,0,66,0,2,21,0,23,32,28,29,0,89,16,0,16,105
10/06/2015,PSP,CA,AWP,WE,Towers with Radar,25,20,6,0,51,0,2,19,1,22,25,22,25,1,73,2,0,2,75
10/07/2015,PSP,CA,AWP,WE,Towers with Radar,25,24,15,3,67,0,2,31,3,36,25,26,46,6,103,6,0,6,109
10/08/2015,PSP,CA,AWP,WE,Towers with Radar,32,24,21,0,77,0,3,16,2,21,32,27,37,2,98,14,0,14,112
10/09/2015,PSP,CA,AWP,WE,Towers with Radar,30,31,19,1,81,0,3,43,2,48,30,34,62,3,129,14,0,14,143
10/10/2015,PSP,CA,AWP,WE,Towers with Radar,33,36,8,1,78,0,1,30,1,32,33,37,38,2,110,6,0,6,116
10/11/2015,PSP,CA,AWP,WE,Towers with Radar,33,23,19,1,76,0,2,43,2,47,33,25,62,3,123,8,0,8,131
10/12/2015,PSP,CA,AWP,WE,Towers with Radar,36,25,25,2,88,0,3,24,1,28,36,28,49,3,116,6,0,6,122
10/13/2015,PSP,CA,AWP,WE,Towers with Radar,27,26,11,4,68,0,4,28,2,34,27,30,39,6,102,2,0,2,104
10/14/2015,PSP,CA,AWP,WE,Towers with Radar,27,33,27,6,93,0,3,69,3,75,27,36,96,9,168,14,0,14,182
10/15/2015,PSP,CA,AWP,WE,Towers with Radar,31,35,30,0,96,0,4,44,5,53,31,39,74,5,149,0,4,4,153
10/16/2015,PSP,CA,AWP,WE,Towers with Radar,32,32,42,3,109,0,2,80,4,86,32,34,122,7,195,8,0,8,203
10/17/2015,PSP,CA,AWP,WE,Towers with Radar,33,29,38,2,102,0,2,105,4,111,33,31,143,6,213,0,0,0,213
10/18/2015,PSP,CA,AWP,WE,Towers with Radar,35,32,30,0,97,0,0,51,0,51,35,32,81,0,148,22,0,22,170
10/19/2015,PSP,CA,AWP,WE,Towers with Radar,34,38,23,4,99,0,3,28,8,39,34,41,51,12,138,10,4,14,152
10/20/2015,PSP,CA,AWP,WE,Towers with Radar,29,26,14,1,70,0,3,31,18,52,29,29,45,19,122,2,0,2,124
10/21/2015,PSP,CA,AWP,WE,Towers with Radar,27,31,18,0,76,0,4,23,7,34,27,35,41,7,110,14,8,22,132
10/22/2015,PSP,CA,AWP,WE,Towers with Radar,32,28,19,1,80,0,3,40,2,45,32,31,59,3,125,6,0,6,131
10/23/2015,PSP,CA,AWP,WE,Towers with Radar,32,29,23,0,84,0,2,45,3,50,32,31,68,3,134,22,0,22,156
10/24/2015,PSP,CA,AWP,WE,Towers with Radar,35,24,16,0,75,0,6,47,8,61,35,30,63,8,136,12,0,12,148
10/25/2015,PSP,CA,AWP,WE,Towers with Radar,40,36,27,2,105,0,1,49,2,52,40,37,76,4,157,20,0,20,177
10/26/2015,PSP,CA,AWP,WE,Towers with Radar,44,27,18,0,89,0,1,20,2,23,44,28,38,2,112,6,0,6,118
10/27/2015,PSP,CA,AWP,WE,Towers with Radar,39,23,13,0,75,0,3,36,3,42,39,26,49,3,117,6,0,6,123
10/28/2015,PSP,CA,AWP,WE,Towers with Radar,39,26,15,0,80,0,0,31,6,37,39,26,46,6,117,0,0,0,117
10/29/2015,PSP,CA,AWP,WE,Towers with Radar,43,33,19,0,95,0,0,36,14,50,43,33,55,14,145,28,2,30,175
10/30/2015,PSP,CA,AWP,WE,Towers with Radar,42,36,12,0,90,0,3,11,3,17,42,39,23,3,107,2,0,2,109
10/31/2015,PSP,CA,AWP,WE,Towers with Radar,37,32,12,2,83,0,4,38,6,48,37,36,50,8,131,8,0,8,139
11/01/2015,PSP,CA,AWP,WE,Towers with Radar,44,44,22,1,111,0,3,17,1,21,44,47,39,2,132,0,0,0,132
11/02/2015,PSP,CA,AWP,WE,Towers with Radar,43,37,9,1,90,0,3,15,1,19,43,40,24,2,109,2,0,2,111
11/03/2015,PSP,CA,AWP,WE,Towers with Radar,41,31,17,0,89,0,3,19,5,27,41,34,36,5,116,2,0,2,118
11/04/2015,PSP,CA,AWP,WE,Towers with Radar,43,43,18,3,107,0,1,20,4,25,43,44,38,7,132,0,0,0,132
11/05/2015,PSP,CA,AWP,WE,Towers with Radar,48,53,22,1,124,0,3,32,3,38,48,56,54,4,162,14,0,14,176
11/06/2015,PSP,CA,AWP,WE,Towers with Radar,53,47,34,0,134,0,1,36,8,45,53,48,70,8,179,4,0,4,183
11/07/2015,PSP,CA,AWP,WE,Towers with Radar,47,45,20,9,121,0,0,76,10,86,47,45,96,19,207,30,0,30,237
11/08/2015,PSP,CA,AWP,WE,Towers with Radar,43,51,27,0,121,0,1,51,9,61,43,52,78,9,182,12,0,12,194
11/09/2015,PSP,CA,AWP,WE,Towers with Radar,48,31,15,5,99,0,1,16,5,22,48,32,31,10,121,4,10,14,135
11/10/2015,PSP,CA,AWP,WE,Towers with Radar,46,34,26,0,106,0,3,17,6,26,46,37,43,6,132,4,2,6,138
11/11/2015,PSP,CA,AWP,WE,Towers with Radar,46,52,30,2,130,0,3,49,20,72,46,55,79,22,202,32,16,48,250
11/12/2015,PSP,CA,AWP,WE,Towers with Radar,48,57,38,1,144,0,5,28,10,43,48,62,66,11,187,2,0,2,189
11/13/2015,PSP,CA,AWP,WE,Towers with Radar,50,52,25,0,127,0,1,41,3,45,50,53,66,3,172,8,0,8,180
11/14/2015,PSP,CA,AWP,WE,Towers with Radar,43,57,33,0,133,0,0,59,1,60,43,57,92,1,193,8,0,8,201
11/15/2015,PSP,CA,AWP,WE,Towers with Radar,49,71,60,2,182,0,2,12,0,14,49,73,72,2,196,12,0,12,208
11/16/2015,PSP,CA,AWP,WE,Towers with Radar,46,45,27,0,118,0,1,8,6,15,46,46,35,6,133,0,0,0,133
11/17/2015,PSP,CA,AWP,WE,Towers with Radar,46,53,26,0,125,0,2,22,2,26,46,55,48,2,151,0,0,0,151
11/18/2015,PSP,CA,AWP,WE,Towers with Radar,45,40,31,0,116,0,2,39,4,45,45,42,70,4,161,28,0,28,189
11/19/2015,PSP,CA,AWP,WE,Towers with Radar,48,47,32,0,127,0,0,22,9,31,48,47,54,9,158,0,2,2,160
11/20/2015,PSP,CA,AWP,WE,Towers with Radar,47,51,14,2,114,0,0,44,5,49,47,51,58,7,163,14,0,14,177
11/21/2015,PSP,CA,AWP,WE,Towers with Radar,49,54,20,2,125,0,1,87,6,94,49,55,107,8,219,60,0,60,279
11/22/2015,PSP,CA,AWP,WE,Towers with Radar,49,48,22,0,119,0,0,43,2,45,49,48,65,2,164,44,0,44,208
11/23/2015,PSP,CA,AWP,WE,Towers with Radar,44,42,22,3,111,0,0,26,3,29,44,42,48,6,140,2,0,2,142
11/24/2015,PSP,CA,AWP,WE,Towers with Radar,52,48,30,0,130,0,4,37,0,41,52,52,67,0,171,8,0,8,179
11/25/2015,PSP,CA,AWP,WE,Towers with Radar,49,55,36,0,140,0,1,27,0,28,49,56,63,0,168,0,0,0,168
11/26/2015,PSP,CA,AWP,WE,Towers with Radar,42,21,14,0,77,0,4,10,0,14,42,25,24,0,91,0,0,0,91
11/27/2015,PSP,CA,AWP,WE,Towers with Radar,45,42,22,0,109,0,7,34,0,41,45,49,56,0,150,0,0,0,150
11/28/2015,PSP,CA,AWP,WE,Towers with Radar,48,49,35,0,132,0,3,47,5,55,48,52,82,5,187,34,0,34,221
11/29/2015,PSP,CA,AWP,WE,Towers with Radar,47,70,62,1,180,0,3,37,3,43,47,73,99,4,223,0,0,0,223
11/30/2015,PSP,CA,AWP,WE,Towers with Radar,49,51,26,2,128,0,1,19,3,23,49,52,45,5,151,10,0,10,161
12/01/2015,PSP,CA,AWP,WE,Towers with Radar,53,39,21,2,115,0,1,20,3,24,53,40,41,5,139,0,0,0,139
12/02/2015,PSP,CA,AWP,WE,Towers with Radar,46,31,16,0,93,0,0,24,4,28,46,31,40,4,121,12,0,12,133
12/03/2015,PSP,CA,AWP,WE,Towers with Radar,46,40,23,0,109,0,3,24,10,37,46,43,47,10,146,14,0,14,160
12/04/2015,PSP,CA,AWP,WE,Towers with Radar,48,49,19,0,116,0,3,37,5,45,48,52,56,5,161,10,4,14,175
12/05/2015,PSP,CA,AWP,WE,Towers with Radar,45,28,28,0,101,0,1,46,0,47,45,29,74,0,148,8,0,8,156
12/06/2015,PSP,CA,AWP,WE,Towers with Radar,47,44,18,0,109,0,0,41,4,45,47,44,59,4,154,48,0,48,202
12/07/2015,PSP,CA,AWP,WE,Towers with Radar,47,28,14,4,93,0,1,28,2,31,47,29,42,6,124,30,0,30,154
12/08/2015,PSP,CA,AWP,WE,Towers with Radar,43,27,17,1,88,0,1,27,3,31,43,28,44,4,119,6,0,6,125
12/09/2015,PSP,CA,AWP,WE,Towers with Radar,48,33,13,2,96,0,0,28,9,37,48,33,41,11,133,18,0,18,151
12/10/2015,PSP,CA,AWP,WE,Towers with Radar,44,42,17,4,107,0,0,14,1,15,44,42,31,5,122,20,0,20,142
12/11/2015,PSP,CA,AWP,WE,Towers with Radar,46,44,19,1,110,0,2,10,1,13,46,46,29,2,123,0,4,4,127
12/12/2015,PSP,CA,AWP,WE,Towers with Radar,43,36,14,2,95,0,0,37,3,40,43,36,51,5,135,10,0,10,145
12/13/2015,PSP,CA,AWP,WE,Towers with Radar,43,40,17,0,100,0,3,36,12,51,43,43,53,12,151,66,0,66,217
12/14/2015,PSP,CA,AWP,WE,Towers with Radar,49,29,14,4,96,0,3,17,5,25,49,32,31,9,121,0,0,0,121
12/15/2015,PSP,CA,AWP,WE,Towers with Radar,42,27,13,1,83,0,2,24,9,35,42,29,37,10,118,0,0,0,118
12/16/2015,PSP,CA,AWP,WE,Towers with Radar,50,33,20,2,105,0,2,32,4,38,50,35,52,6,143,30,6,36,179
12/17/2015,PSP,CA,AWP,WE,Towers with Radar,45,36,20,0,101,0,2,36,1,39,45,38,56,1,140,12,0,12,152
12/18/2015,PSP,CA,AWP,WE,Towers with Radar,48,42,14,7,111,0,9,27,1,37,48,51,41,8,148,2,0,2,150
12/19/2015,PSP,CA,AWP,WE,Towers with Radar,62,40,18,0,120,0,0,53,1,54,62,40,71,1,174,36,0,36,210
12/20/2015,PSP,CA,AWP,WE,Towers with Radar,57,50,12,0,119,0,2,23,0,25,57,52,35,0,144,8,0,8,152
12/21/2015,PSP,CA,AWP,WE,Towers with Radar,54,46,11,1,112,0,4,26,2,32,54,50,37,3,144,24,0,24,168
12/22/2015,PSP,CA,AWP,WE,Towers with Radar,62,33,24,1,120,0,0,8,7,15,62,33,32,8,135,0,12,12,147
12/23/2015,PSP,CA,AWP,WE,Towers with Radar,57,60,15,0,132,0,2,20,2,24,57,62,35,2,156,6,2,8,164
12/24/2015,PSP,CA,AWP,WE,Towers with Radar,54,28,5,0,87,0,0,23,1,24,54,28,28,1,111,0,0,0,111
12/25/2015,PSP,CA,AWP,WE,Towers with Radar,54,38,3,0,95,0,2,9,3,14,54,40,12,3,109,0,0,0,109
12/26/2015,PSP,CA,AWP,WE,Towers with Radar,60,51,37,0,148,0,1,11,0,12,60,52,48,0,160,2,0,2,162
12/27/2015,PSP,CA,AWP,WE,Towers with Radar,55,62,30,0,147,0,1,39,1,41,55,63,69,1,188,6,0,6,194
12/28/2015,PSP,CA,AWP,WE,Towers with Radar,55,57,22,0,134,0,1,53,0,54,55,58,75,0,188,10,0,10,198
12/29/2015,PSP,CA,AWP,WE,Towers with Radar,56,50,24,0,130,0,1,45,5,51,56,51,69,5,181,14,6,20,201
12/30/2015,PSP,CA,AWP,WE,Towers with Radar,58,59,26,0,143,0,1,57,2,60,58,60,83,2,203,0,0,0,203
12/31/2015,PSP,CA,AWP,WE,Towers with Radar,55,39,25,1,120,0,2,44,3,49,55,41,69,4,169,0,0,0,169
01/01/2016,PSP,CA,AWP,WE,Towers with Radar,55,50,16,0,121,0,2,28,0,30,55,52,44,0,151,2,0,2,153
01/02/2016,PSP,CA,AWP,WE,Towers with Radar,67,69,40,0,176,0,4,61,0,65,67,73,101,0,241,30,0,30,271
01/03/2016,PSP,CA,AWP,WE,Towers with Radar,59,44,46,0,149,0,1,33,0,34,59,45,79,0,183,0,0,0,183
01/04/2016,PSP,CA,AWP,WE,Towers with Radar,57,74,23,0,154,0,0,11,0,11,57,74,34,0,165,16,0,16,181
01/05/2016,PSP,CA,AWP,WE,Towers with Radar,46,26,9,2,83,1,0,2,0,3,47,26,11,2,86,20,0,20,106
01/06/2016,PSP,CA,AWP,WE,Towers with Radar,60,37,13,0,110,0,3,9,2,14,60,40,22,2,124,0,0,0,124
01/07/2016,PSP,CA,AWP,WE,Towers with Radar,57,31,10,0,98,0,1,4,7,12,57,32,14,7,110,0,0,0,110
01/08/2016,PSP,CA,AWP,WE,Towers with Radar,54,41,24,2,121,0,0,28,13,41,54,41,52,15,162,44,4,48,210
01/09/2016,PSP,CA,AWP,WE,Towers with Radar,56,38,14,3,111,0,4,54,3,61,56,42,68,6,172,26,0,26,198
01/10/2016,PSP,CA,AWP,WE,Towers with Radar,66,47,36,2,151,0,2,16,3,21,66,49,52,5,172,16,0,16,188
01/11/2016,PSP,CA,AWP,WE,Towers with Radar,57,45,20,0,122,0,1,27,2,30,57,46,47,2,152,10,0,10,162
01/12/2016,PSP,CA,AWP,WE,Towers with Radar,57,39,37,0,133,0,3,28,2,33,57,42,65,2,166,5,0,5,171
01/13/2016,PSP,CA,AWP,WE,Towers with Radar,55,41,31,0,127,0,1,40,1,42,55,42,71,1,169,32,0,32,201
01/14/2016,PSP,CA,AWP,WE,Towers with Radar,58,36,31,2,127,0,3,33,4,40,58,39,64,6,167,0,4,4,171
01/15/2016,PSP,CA,AWP,WE,Towers with Radar,73,56,30,2,161,0,5,30,1,36,73,61,60,3,197,4,0,4,201
01/16/2016,PSP,CA,AWP,WE,Towers with Radar,59,40,14,0,113,0,3,64,6,73,59,43,78,6,186,4,6,10,196
01/17/2016,PSP,CA,AWP,WE,Towers with Radar,63,63,31,0,157,0,2,50,3,55,63,65,81,3,212,2,0,2,214
01/18/2016,PSP,CA,AWP,WE,Towers with Radar,57,46,27,0,130,0,10,21,3,34,57,56,48,3,164,27,0,27,191
01/19/2016,PSP,CA,AWP,WE,Towers with Radar,71,42,21,2,136,0,2,8,5,15,71,44,29,7,151,31,4,35,186
01/20/2016,PSP,CA,AWP,WE,Towers with Radar,57,43,39,3,142,0,0,32,1,33,57,43,71,4,175,50,0,50,225
01/21/2016,PSP,CA,AWP,WE,Towers with Radar,59,54,19,2,134,0,1,55,8,64,59,55,74,10,198,26,4,30,228
01/22/2016,PSP,CA,AWP,WE,Towers with Radar,67,46,33,6,152,0,1,65,6,72,67,47,98,12,224,22,0,22,246
01/23/2016,PSP,CA,AWP,WE,Towers with Radar,58,46,17,4,125,0,2,48,11,61,58,48,65,15,186,30,0,30,216
01/24/2016,PSP,CA,AWP,WE,Towers with Radar,64,47,31,1,143,0,1,61,1,63,64,48,92,2,206,10,0,10,216
01/25/2016,PSP,CA,AWP,WE,Towers with Radar,63,37,22,0,122,0,0,48,4,52,63,37,70,4,174,28,0,28,202
01/26/2016,PSP,CA,AWP,WE,Towers with Radar,55,40,15,0,110,0,3,49,7,59,55,43,64,7,169,12,0,12,181
01/27/2016,PSP,CA,AWP,WE,Towers with Radar,57,42,30,6,135,0,2,49,4,55,57,44,79,10,190,42,4,46,236
01/28/2016,PSP,CA,AWP,WE,Towers with Radar,61,54,34,0,149,0,2,54,5,61,61,56,88,5,210,20,0,20,230
01/29/2016,PSP,CA,AWP,WE,Towers with Radar,64,49,48,0,161,0,4,44,0,48,64,53,92,0,209,16,0,16,225
01/30/2016,PSP,CA,AWP,WE,Towers with Radar,60,59,44,0,163,0,2,73,0,75,60,61,117,0,238,68,0,68,306
01/31/2016,PSP,CA,AWP,WE,Towers with Radar,67,46,26,0,139,0,2,4,4,10,67,48,30,4,149,0,0,0,149
02/01/2016,PSP,CA,AWP,WE,Towers with Radar,63,46,42,0,151,0,3,24,6,33,63,49,66,6,184,0,0,0,184
02/02/2016,PSP,CA,AWP,WE,Towers with Radar,57,61,31,0,149,0,0,57,0,57,57,61,88,0,206,18,0,18,224
02/03/2016,PSP,CA,AWP,WE,Towers with Radar,63,36,20,3,122,0,1,65,2,68,63,37,85,5,190,40,0,40,230
02/04/2016,PSP,CA,AWP,WE,Towers with Radar,63,42,31,8,144,0,2,51,2,55,63,44,82,10,199,0,0,0,199
02/05/2016,PSP,CA,AWP,WE,Towers with Radar,66,60,24,7,157,0,0,73,2,75,66,60,97,9,232,8,0,8,240
02/06/2016,PSP,CA,AWP,WE,Towers with Radar,63,42,23,3,131,0,4,69,5,78,63,46,92,8,209,6,0,6,215
02/07/2016,PSP,CA,AWP,WE,Towers with Radar,67,42,20,1,130,0,1,47,5,53,67,43,67,6,183,12,0,12,195
02/08/2016,PSP,CA,AWP,WE,Towers with Radar,61,43,32,0,136,0,2,30,4,36,61,45,62,4,172,30,0,30,202
02/09/2016,PSP,CA,AWP,WE,Towers with Radar,54,41,24,9,128,0,0,71,6,77,54,41,95,15,205,60,0,60,265
02/10/2016,PSP,CA,AWP,WE,Towers with Radar,61,57,45,6,169,0,7,46,7,60,61,64,91,13,229,8,2,10,239
02/11/2016,PSP,CA,AWP,WE,Towers with Radar,72,52,44,6,174,0,0,57,4,61,72,52,101,10,235,14,0,14,249
02/12/2016,PSP,CA,AWP,WE,Towers with Radar,74,35,15,1,125,0,0,18,5,23,74,35,33,6,148,0,0,0,148
02/13/2016,PSP,CA,AWP,WE,Towers with Radar,70,29,2,2,103,0,2,3,2,7,70,31,5,4,110,0,0,0,110
02/14/2016,PSP,CA,AWP,WE,Towers with Radar,75,33,11,3,122,0,0,3,1,4,75,33,14,4,126,0,0,0,126
02/15/2016,PSP,CA,AWP,WE,Towers with Radar,72,35,9,4,120,0,0,10,5,15,72,35,19,9,135,0,0,0,135
02/16/2016,PSP,CA,AWP,WE,Towers with Radar,70,42,20,11,143,0,1,11,6,18,70,43,31,17,161,0,0,0,161
02/17/2016,PSP,CA,AWP,WE,Towers with Radar,69,46,20,2,137,0,5,54,2,61,69,51,74,4,198,30,0,30,228
02/18/2016,PSP,CA,AWP,WE,Towers with Radar,73,43,25,4,145,0,3,15,4,22,73,46,40,8,167,0,0,0,167
02/19/2016,PSP,CA,AWP,WE,Towers with Radar,74,52,30,3,159,0,1,61,6,68,74,53,91,9,227,54,0,54,281
02/20/2016,PSP,CA,AWP,WE,Towers with Radar,72,57,27,3,159,0,4,96,1,101,72,61,123,4,260,28,0,28,288
02/21/2016,PSP,CA,AWP,WE,Towers with Radar,80,51,30,2,163,0,1,44,1,46,80,52,74,3,209,24,0,24,233
02/22/2016,PSP,CA,AWP,WE,Towers with Radar,73,41,24,4,142,0,2,19,8,29,73,43,43,12,171,20,0,20,191
02/23/2016,PSP,CA,AWP,WE,Towers with Radar,63,32,26,1,122,0,1,31,6,38,63,33,57,7,160,20,2,22,182
02/24/2016,PSP,CA,AWP,WE,Towers with Radar,67,58,21,3,149,0,0,48,6,54,67,58,69,9,203,4,0,4,207
02/25/2016,PSP,CA,AWP,WE,Towers with Radar,72,57,32,1,162,0,3,44,8,55,72,60,76,9,217,22,0,22,239
02/26/2016,PSP,CA,AWP,WE,Towers with Radar,75,52,28,1,156,0,2,55,2,59,75,54,83,3,215,6,0,6,221
02/27/2016,PSP,CA,AWP,WE,Towers with Radar,80,43,12,0,135,0,0,57,0,57,80,43,69,0,192,2,0,2,194
02/28/2016,PSP,CA,AWP,WE,Towers with Radar,79,49,19,0,147,0,3,36,0,39,79,52,55,0,186,0,0,0,186
02/29/2016,PSP,CA,AWP,WE,Towers with Radar,72,40,30,1,143,0,2,34,6,42,72,42,64,7,185,30,0,30,215
03/01/2016,PSP,CA,AWP,WE,Towers with Radar,62,49,20,3,134,0,1,34,8,43,62,50,54,11,177,12,0,12,189
03/02/2016,PSP,CA,AWP,WE,Towers with Radar,77,44,25,0,146,0,1,43,8,52,77,45,68,8,198,10,4,14,212
03/03/2016,PSP,CA,AWP,WE,Towers with Radar,71,52,20,1,144,0,2,37,0,39,71,54,57,1,183,34,0,34,217
03/04/2016,PSP,CA,AWP,WE,Towers with Radar,79,64,37,0,180,0,1,31,0,32,79,65,68,0,212,12,0,12,224
03/05/2016,PSP,CA,AWP,WE,Towers with Radar,75,55,26,1,157,0,4,44,2,50,75,59,70,3,207,0,0,0,207
03/06/2016,PSP,CA,AWP,WE,Towers with Radar,78,65,32,1,176,0,1,9,0,10,78,66,41,1,186,2,0,2,188
03/07/2016,PSP,CA,AWP,WE,Towers with Radar,68,55,31,0,154,0,3,4,0,7,68,58,35,0,161,0,0,0,161
03/08/2016,PSP,CA,AWP,WE,Towers with Radar,66,48,37,0,151,0,4,24,2,30,66,52,61,2,181,4,0,4,185
03/09/2016,PSP,CA,AWP,WE,Towers with Radar,66,67,34,3,170,0,0,38,1,39,66,67,72,4,209,8,4,12,221
03/10/2016,PSP,CA,AWP,WE,Towers with Radar,69,56,45,0,170,0,0,48,0,48,69,56,93,0,218,38,0,38,256
03/11/2016,PSP,CA,AWP,WE,Towers with Radar,78,66,34,2,180,0,2,16,2,20,78,68,50,4,200,10,0,10,210
03/12/2016,PSP,CA,AWP,WE,Towers with Radar,81,65,34,2,182,0,2,68,1,71,81,67,102,3,253,22,0,22,275
03/13/2016,PSP,CA,AWP,WE,Towers with Radar,76,59,46,0,181,0,5,94,0,99,76,64,140,0,280,12,0,12,292
03/14/2016,PSP,CA,AWP,WE,Towers with Radar,70,52,36,0,158,0,1,15,4,20,70,53,51,4,178,8,2,10,188
03/15/2016,PSP,CA,AWP,WE,Towers with Radar,65,62,30,8,165,0,0,41,2,43,65,62,71,10,208,40,10,50,258
03/16/2016,PSP,CA,AWP,WE,Towers with Radar,72,42,37,1,152,0,0,47,3,50,72,42,84,4,202,38,0,38,240
03/17/2016,PSP,CA,AWP,WE,Towers with Radar,73,47,38,1,159,0,1,52,0,53,73,48,90,1,212,6,0,6,218
03/18/2016,PSP,CA,AWP,WE,Towers with Radar,77,65,48,0,190,0,3,43,5,51,77,68,91,5,241,12,0,12,253
03/19/2016,PSP,CA,AWP,WE,Towers with Radar,82,59,40,0,181,0,4,73,2,79,82,63,113,2,260,20,0,20,280
03/20/2016,PSP,CA,AWP,WE,Towers with Radar,78,64,55,0,197,0,1,54,2,57,78,65,109,2,254,16,0,16,270
03/21/2016,PSP,CA,AWP,WE,Towers with Radar,70,53,33,1,157,0,3,18,0,21,70,56,51,1,178,12,2,14,192
03/22/2016,PSP,CA,AWP,WE,Towers with Radar,72,48,26,2,148,0,0,19,0,19,72,48,45,2,167,0,0,0,167
03/23/2016,PSP,CA,AWP,WE,Towers with Radar,68,59,32,0,159,0,4,40,1,45,68,63,72,1,204,30,0,30,234
03/24/2016,PSP,CA,AWP,WE,Towers with Radar,72,63,52,0,187,0,1,40,2,43,72,64,92,2,230,14,0,14,244
03/25/2016,PSP,CA,AWP,WE,Towers with Radar,75,54,19,0,148,0,3,52,3,58,75,57,71,3,206,20,0,20,226
03/26/2016,PSP,CA,AWP,WE,Towers with Radar,82,52,22,0,156,0,4,81,2,87,82,56,103,2,243,14,0,14,257
03/27/2016,PSP,CA,AWP,WE,Towers with Radar,77,64,33,0,174,0,0,36,1,37,77,64,69,1,211,20,0,20,231
03/28/2016,PSP,CA,AWP,WE,Towers with Radar,58,53,55,0,166,0,0,16,6,22,58,53,71,6,188,18,0,18,206
03/29/2016,PSP,CA,AWP,WE,Towers with Radar,91,44,27,0,162,0,2,24,2,28,91,46,51,2,190,2,0,2,192
03/30/2016,PSP,CA,AWP,WE,Towers with Radar,71,40,20,2,133,0,4,28,4,36,71,44,48,6,169,0,0,0,169
03/31/2016,PSP,CA,AWP,WE,Towers with Radar,72,53,23,0,148,0,0,25,8,33,72,53,48,8,181,0,4,4,185
04/01/2016,PSP,CA,AWP,WE,Towers with Radar,72,52,28,2,154,0,0,46,11,57,72,52,74,13,211,6,12,18,229
04/02/2016,PSP,CA,AWP,WE,Towers with Radar,73,49,26,0,148,0,3,70,3,76,73,52,96,3,224,42,0,42,266
04/03/2016,PSP,CA,AWP,WE,Towers with Radar,74,65,23,0,162,0,1,67,4,72,74,66,90,4,234,20,0,20,254
04/04/2016,PSP,CA,AWP,WE,Towers with Radar,61,46,20,2,129,0,5,50,8,63,61,51,70,10,192,20,0,20,212
04/05/2016,PSP,CA,AWP,WE,Towers with Radar,54,46,21,0,121,0,0,47,5,52,54,46,68,5,173,30,0,30,203
04/06/2016,PSP,CA,AWP,WE,Towers with Radar,58,46,22,2,128,0,2,33,3,38,58,48,55,5,166,16,0,16,182
04/07/2016,PSP,CA,AWP,WE,Towers with Radar,60,43,27,0,130,0,2,9,7,18,60,45,36,7,148,8,0,8,156
04/08/2016,PSP,CA,AWP,WE,Towers with Radar,63,45,24,1,133,0,4,16,1,21,63,49,40,2,154,6,0,6,160
04/09/2016,PSP,CA,AWP,WE,Towers with Radar,67,26,18,0,111,0,0,40,20,60,67,26,58,20,171,0,4,4,175
04/10/2016,PSP,CA,AWP,WE,Towers with Radar,66,39,45,1,151,0,0,17,2,19,66,39,62,3,170,0,0,0,170
04/11/2016,PSP,CA,AWP,WE,Towers with Radar,55,46,17,0,118,0,0,14,8,22,55,46,31,8,140,0,0,0,140
04/12/2016,PSP,CA,AWP,WE,Towers with Radar,51,42,19,3,115,0,0,37,17,54,51,42,56,20,169,16,4,20,189
04/13/2016,PSP,CA,AWP,WE,Towers with Radar,56,46,30,0,132,0,1,35,17,53,56,47,65,17,185,6,2,8,193
04/14/2016,PSP,CA,AWP,WE,Towers with Radar,62,67,38,0,167,0,1,56,10,67,62,68,94,10,234,4,0,4,238
04/15/2016,PSP,CA,AWP,WE,Towers with Radar,63,69,51,3,186,0,2,52,10,64,63,71,103,13,250,0,12,12,262
04/16/2016,PSP,CA,AWP,WE,Towers with Radar,58,37,24,0,119,0,5,40,8,53,58,42,64,8,172,8,0,8,180
04/17/2016,PSP,CA,AWP,WE,Towers with Radar,59,56,55,0,170,0,4,43,6,53,59,60,98,6,223,28,0,28,251
04/18/2016,PSP,CA,AWP,WE,Towers with Radar,62,60,33,2,157,0,2,61,2,65,62,62,94,4,222,60,0,60,282
04/19/2016,PSP,CA,AWP,WE,Towers with Radar,53,49,22,2,126,0,0,32,16,48,53,49,54,18,174,10,0,10,184
04/20/2016,PSP,CA,AWP,WE,Towers with Radar,53,42,27,0,122,0,0,42,8,50,53,42,69,8,172,0,0,0,172
04/21/2016,PSP,CA,AWP,WE,Towers with Radar,62,59,26,0,147,0,0,44,7,51,62,59,70,7,198,6,0,6,204
04/22/2016,PSP,CA,AWP,WE,Towers with Radar,63,65,27,4,159,0,4,67,12,83,63,69,94,16,242,4,4,8,250
04/23/2016,PSP,CA,AWP,WE,Towers with Radar,65,32,25,0,122,0,2,44,8,54,65,34,69,8,176,12,0,12,188
04/24/2016,PSP,CA,AWP,WE,Towers with Radar,68,51,37,0,156,0,1,38,3,42,68,52,75,3,198,2,0,2,200
04/25/2016,PSP,CA,AWP,WE,Towers with Radar,68,49,31,0,148,0,2,15,2,19,68,51,46,2,167,14,0,14,181
04/26/2016,PSP,CA,AWP,WE,Towers with Radar,51,49,22,4,126,0,5,33,0,38,51,54,55,4,164,8,2,10,174
04/27/2016,PSP,CA,AWP,WE,Towers with Radar,53,43,21,2,119,0,2,51,4,57,53,45,72,6,176,20,0,20,196
04/28/2016,PSP,CA,AWP,WE,Towers with Radar,57,48,21,0,126,0,2,15,3,20,57,50,36,3,146,14,0,14,160
04/29/2016,PSP,CA,AWP,WE,Towers with Radar,55,56,36,3,150,0,2,33,4,39,55,58,69,7,189,2,2,4,193
04/30/2016,PSP,CA,AWP,WE,Towers with Radar,56,31,24,3,114,0,0,14,4,18,56,31,38,7,132,0,0,0,132
05/01/2016,PSP,CA,AWP,WE,Towers with Radar,49,49,31,0,129,0,3,54,2,59,49,52,85,2,188,18,0,18,206
05/02/2016,PSP,CA,AWP,WE,Towers with Radar,50,49,23,0,122,0,1,29,0,30,50,50,52,0,152,4,0,4,156
05/03/2016,PSP,CA,AWP,WE,Towers with Radar,39,41,15,1,96,0,1,34,5,40,39,42,49,6,136,46,0,46,182
05/04/2016,PSP,CA,AWP,WE,Towers with Radar,38,41,16,0,95,0,1,33,9,43,38,42,49,9,138,56,4,60,198
05/05/2016,PSP,CA,AWP,WE,Towers with Radar,35,52,23,4,114,0,1,11,2,14,35,53,34,6,128,12,0,12,140
05/06/2016,PSP,CA,AWP,WE,Towers with Radar,36,48,23,0,107,0,2,8,0,10,36,50,31,0,117,20,0,20,137
05/07/2016,PSP,CA,AWP,WE,Towers with Radar,33,30,23,0,86,0,1,30,2,33,33,31,53,2,119,0,0,0,119
05/08/2016,PSP,CA,AWP,WE,Towers with Radar,31,49,23,0,103,0,2,24,5,31,31,51,47,5,134,18,0,18,152
05/09/2016,PSP,CA,AWP,WE,Towers with Radar,37,42,24,0,103,0,0,22,4,26,37,42,46,4,129,20,0,20,149
05/10/2016,PSP,CA,AWP,WE,Towers with Radar,27,47,19,2,95,0,0,32,6,38,27,47,51,8,133,20,2,22,155
05/11/2016,PSP,CA,AWP,WE,Towers with Radar,29,42,16,0,87,0,6,22,8,36,29,48,38,8,123,2,0,2,125
05/12/2016,PSP,CA,AWP,WE,Towers with Radar,30,44,25,1,100,0,2,38,1,41,30,46,63,2,141,6,0,6,147
05/13/2016,PSP,CA,AWP,WE,Towers with Radar,35,40,25,0,100,0,0,42,1,43,35,40,67,1,143,0,0,0,143
05/14/2016,PSP,CA,AWP,WE,Towers with Radar,34,32,16,0,82,0,1,50,5,56,34,33,66,5,138,32,0,32,170
05/15/2016,PSP,CA,AWP,WE,Towers with Radar,32,46,15,0,93,0,1,25,4,30,32,47,40,4,123,4,0,4,127
05/16/2016,PSP,CA,AWP,WE,Towers with Radar,36,35,16,4,91,0,3,11,2,16,36,38,27,6,107,10,6,16,123
05/17/2016,PSP,CA,AWP,WE,Towers with Radar,28,44,9,1,82,0,5,27,10,42,28,49,36,11,124,68,0,68,192
05/18/2016,PSP,CA,AWP,WE,Towers with Radar,21,22,12,0,55,0,1,12,4,17,21,23,24,4,72,44,2,46,118
05/19/2016,PSP,CA,AWP,WE,Towers with Radar,33,44,26,0,103,0,2,27,2,31,33,46,53,2,134,0,0,0,134
05/20/2016,PSP,CA,AWP,WE,Towers with Radar,34,55,12,2,103,0,0,16,3,19,34,55,28,5,122,12,0,12,134
05/21/2016,PSP,CA,AWP,WE,Towers with Radar,34,27,21,1,83,0,0,25,5,30,34,27,46,6,113,0,0,0,113
05/22/2016,PSP,CA,AWP,WE,Towers with Radar,32,42,14,0,88,0,0,34,1,35,32,42,48,1,123,12,0,12,135
05/23/2016,PSP,CA,AWP,WE,Towers with Radar,37,40,14,0,91,0,2,11,0,13,37,42,25,0,104,0,0,0,104
05/24/2016,PSP,CA,AWP,WE,Towers with Radar,27,37,9,3,76,0,3,10,2,15,27,40,19,5,91,0,0,0,91
05/25/2016,PSP,CA,AWP,WE,Towers with Radar,27,34,11,3,75,0,0,15,5,20,27,34,26,8,95,0,0,0,95
05/26/2016,PSP,CA,AWP,WE,Towers with Radar,31,46,15,0,92,0,1,38,5,44,31,47,53,5,136,14,2,16,152
05/27/2016,PSP,CA,AWP,WE,Towers with Radar,35,44,28,0,107,0,4,47,2,53,35,48,75,2,160,28,0,28,188
05/28/2016,PSP,CA,AWP,WE,Towers with Radar,24,34,9,0,67,0,3,48,6,57,24,37,57,6,124,16,0,16,140
05/29/2016,PSP,CA,AWP,WE,Towers with Radar,27,33,12,0,72,0,2,41,2,45,27,35,53,2,117,16,0,16,133
05/30/2016,PSP,CA,AWP,WE,Towers with Radar,33,34,20,0,87,0,0,59,2,61,33,34,79,2,148,100,0,100,248
05/31/2016,PSP,CA,AWP,WE,Towers with Radar,27,35,13,2,77,0,2,27,7,36,27,37,40,9,113,16,0,16,129
06/01/2016,PSP,CA,AWP,WE,Towers with Radar,26,36,8,0,70,0,2,20,14,36,26,38,28,14,106,42,0,42,148
06/02/2016,PSP,CA,AWP,WE,Towers with Radar,23,33,6,1,63,0,2,32,12,46,23,35,38,13,109,30,0,30,139
06/03/2016,PSP,CA,AWP,WE,Towers with Radar,25,43,9,0,77,0,4,51,15,70,25,47,60,15,147,6,0,6,153
06/04/2016,PSP,CA,AWP,WE,Towers with Radar,21,30,8,0,59,0,2,41,3,46,21,32,49,3,105,12,0,12,117
06/05/2016,PSP,CA,AWP,WE,Towers with Radar,20,39,6,0,65,0,2,23,9,34,20,41,29,9,99,0,0,0,99
06/06/2016,PSP,CA,AWP,WE,Towers with Radar,18,36,19,0,73,0,3,12,4,19,18,39,31,4,92,2,0,2,94
06/07/2016,PSP,CA,AWP,WE,Towers with Radar,15,34,19,0,68,0,3,29,10,42,15,37,48,10,110,30,0,30,140
06/08/2016,PSP,CA,AWP,WE,Towers with Radar,10,38,9,0,57,0,5,32,9,46,10,43,41,9,103,6,10,16,119
06/09/2016,PSP,CA,AWP,WE,Towers with Radar,14,30,11,0,55,0,6,18,6,30,14,36,29,6,85,14,0,14,99
06/10/2016,PSP,CA,AWP,WE,Towers with Radar,21,29,7,1,58,0,3,25,14,42,21,32,32,15,100,6,0,6,106
06/11/2016,PSP,CA,AWP,WE,Towers with Radar,13,37,11,0,61,0,3,28,7,38,13,40,39,7,99,14,0,14,113
06/12/2016,PSP,CA,AWP,WE,Towers with Radar,16,32,12,0,60,0,0,23,8,31,16,32,35,8,91,8,2,10,101
06/13/2016,PSP,CA,AWP,WE,Towers with Radar,17,27,7,5,56,0,3,29,1,33,17,30,36,6,89,0,10,10,99
06/14/2016,PSP,CA,AWP,WE,Towers with Radar,13,28,10,1,52,0,2,25,13,40,13,30,35,14,92,4,0,4,96
06/15/2016,PSP,CA,AWP,WE,Towers with Radar,10,27,13,0,50,0,0,26,13,39,10,27,39,13,89,0,0,0,89
06/16/2016,PSP,CA,AWP,WE,Towers with Radar,15,26,2,0,43,0,3,27,12,42,15,29,29,12,85,0,0,0,85
06/17/2016,PSP,CA,AWP,WE,Towers with Radar,19,39,10,4,72,0,3,33,4,40,19,42,43,8,112,0,2,2,114
06/18/2016,PSP,CA,AWP,WE,Towers with Radar,12,29,8,1,50,0,0,33,4,37,12,29,41,5,87,2,2,4,91
06/19/2016,PSP,CA,AWP,WE,Towers with Radar,22,24,5,2,53,0,0,13,7,20,22,24,18,9,73,4,0,4,77
06/20/2016,PSP,CA,AWP,WE,Towers with Radar,13,23,7,8,51,0,3,11,4,18,13,26,18,12,69,4,2,6,75
06/21/2016,PSP,CA,AWP,WE,Towers with Radar,17,29,10,0,56,0,4,10,7,21,17,33,20,7,77,8,8,16,93
06/22/2016,PSP,CA,AWP,WE,Towers with Radar,10,29,9,1,49,0,2,22,15,39,10,31,31,16,88,16,6,22,110
06/23/2016,PSP,CA,AWP,WE,Towers with Radar,15,25,4,5,49,0,2,19,3,24,15,27,23,8,73,0,0,0,73
06/24/2016,PSP,CA,AWP,WE,Towers with Radar,19,32,2,0,53,0,6,17,3,26,19,38,19,3,79,0,0,0,79
06/25/2016,PSP,CA,AWP,WE,Towers with Radar,15,25,7,0,47,0,2,19,13,34,15,27,26,13,81,0,0,0,81
06/26/2016,PSP,CA,AWP,WE,Towers with Radar,16,32,4,0,52,0,1,15,6,22,16,33,19,6,74,12,0,12,86
06/27/2016,PSP,CA,AWP,WE,Towers with Radar,14,26,6,2,48,0,2,12,2,16,14,28,18,4,64,20,0,20,84
06/28/2016,PSP,CA,AWP,WE,Towers with Radar,19,27,4,1,51,0,2,13,1,16,19,29,17,2,67,0,0,0,67
06/29/2016,PSP,CA,AWP,WE,Towers with Radar,10,27,6,1,44,0,3,14,3,20,10,30,20,4,64,2,4,6,70
06/30/2016,PSP,CA,AWP,WE,Towers with Radar,24,31,4,1,60,0,4,17,5,26,24,35,21,6,86,2,2,4,90
07/01/2016,PSP,CA,AWP,WE,Towers with Radar,21,35,6,0,62,0,1,25,4,30,21,36,31,4,92,0,0,0,92
07/02/2016,PSP,CA,AWP,WE,Towers with Radar,15,28,4,2,49,0,2,24,2,28,15,30,28,4,77,4,0,4,81
07/03/2016,PSP,CA,AWP,WE,Towers with Radar,13,26,3,0,42,0,1,26,2,29,13,27,29,2,71,0,0,0,71
07/04/2016,PSP,CA,AWP,WE,Towers with Radar,16,21,2,0,39,0,1,19,2,22,16,22,21,2,61,2,0,2,63
07/05/2016,PSP,CA,AWP,WE,Towers with Radar,13,34,8,2,57,0,2,15,1,18,13,36,23,3,75,0,0,0,75
07/06/2016,PSP,CA,AWP,WE,Towers with Radar,10,29,8,0,47,0,2,26,2,30,10,31,34,2,77,0,0,0,77
07/07/2016,PSP,CA,AWP,WE,Towers with Radar,14,27,11,0,52,0,2,26,5,33,14,29,37,5,85,24,4,28,113
07/08/2016,PSP,CA,AWP,WE,Towers with Radar,19,26,4,0,49,0,6,26,4,36,19,32,30,4,85,32,2,34,119
07/09/2016,PSP,CA,AWP,WE,Towers with Radar,12,29,4,0,45,0,3,32,7,42,12,32,36,7,87,10,0,10,97
07/10/2016,PSP,CA,AWP,WE,Towers with Radar,13,28,7,2,50,0,4,24,2,30,13,32,31,4,80,0,0,0,80
07/11/2016,PSP,CA,AWP,WE,Towers with Radar,17,29,7,2,55,0,2,25,1,28,17,31,32,3,83,10,2,12,95
07/12/2016,PSP,CA,AWP,WE,Towers with Radar,12,28,0,0,40,0,1,23,1,25,12,29,23,1,65,0,0,0,65
07/13/2016,PSP,CA,AWP,WE,Towers with Radar,10,33,5,1,49,0,0,29,0,29,10,33,34,1,78,10,2,12,90
07/14/2016,PSP,CA,AWP,WE,Towers with Radar,15,31,2,3,51,0,4,21,1,26,15,35,23,4,77,0,2,2,79
07/15/2016,PSP,CA,AWP,WE,Towers with Radar,17,31,1,0,49,0,1,20,1,22,17,32,21,1,71,2,0,2,73
07/16/2016,PSP,CA,AWP,WE,Towers with Radar,13,32,2,0,47,0,3,32,1,36,13,35,34,1,83,2,0,2,85
07/17/2016,PSP,CA,AWP,WE,Towers with Radar,11,34,5,0,50,0,2,25,2,29,11,36,30,2,79,10,0,10,89
07/18/2016,PSP,CA,AWP,WE,Towers with Radar,17,28,10,0,55,0,3,14,7,24,17,31,24,7,79,10,0,10,89
07/19/2016,PSP,CA,AWP,WE,Towers with Radar,13,29,1,0,43,0,2,21,6,29,13,31,22,6,72,4,0,4,76
07/20/2016,PSP,CA,AWP,WE,Towers with Radar,10,33,5,0,48,0,4,22,5,31,10,37,27,5,79,0,0,0,79
07/21/2016,PSP,CA,AWP,WE,Towers with Radar,15,30,6,0,51,0,1,17,9,27,15,31,23,9,78,32,0,32,110
07/22/2016,PSP,CA,AWP,WE,Towers with Radar,17,34,5,2,58,0,2,13,10,25,17,36,18,12,83,0,2,2,85
07/23/2016,PSP,CA,AWP,WE,Towers with Radar,14,32,8,0,54,0,1,14,5,20,14,33,22,5,74,0,2,2,76
07/24/2016,PSP,CA,AWP,WE,Towers with Radar,13,28,2,0,43,0,0,25,0,25,13,28,27,0,68,16,0,16,84
07/25/2016,PSP,CA,AWP,WE,Towers with Radar,15,32,6,0,53,0,3,23,4,30,15,35,29,4,83,2,0,2,85
07/26/2016,PSP,CA,AWP,WE,Towers with Radar,9,36,8,2,55,0,2,21,0,23,9,38,29,2,78,20,0,20,98
07/27/2016,PSP,CA,AWP,WE,Towers with Radar,7,29,2,1,39,0,7,19,6,32,7,36,21,7,71,4,0,4,75
07/28/2016,PSP,CA,AWP,WE,Towers with Radar,11,35,11,1,58,0,2,19,9,30,11,37,30,10,88,0,0,0,88
07/29/2016,PSP,CA,AWP,WE,Towers with Radar,16,33,4,2,55,0,1,21,6,28,16,34,25,8,83,14,8,22,105
07/30/2016,PSP,CA,AWP,WE,Towers with Radar,12,13,0,0,25,0,0,2,1,3,12,13,2,1,28,2,0,2,30
07/31/2016,PSP,CA,AWP,WE,Towers with Radar,15,29,12,1,57,0,0,31,3,34,15,29,43,4,91,12,0,12,103
08/01/2016,PSP,CA,AWP,WE,Towers with Radar,15,32,7,3,57,0,4,17,0,21,15,36,24,3,78,0,2,2,80
08/02/2016,PSP,CA,AWP,WE,Towers with Radar,14,30,8,0,52,0,4,20,6,30,14,34,28,6,82,30,2,32,114
08/03/2016,PSP,CA,AWP,WE,Towers with Radar,6,29,5,1,41,0,4,10,6,20,6,33,15,7,61,6,2,8,69
08/04/2016,PSP,CA,AWP,WE,Towers with Radar,11,35,7,0,53,0,3,28,0,31,11,38,35,0,84,16,0,16,100
08/05/2016,PSP,CA,AWP,WE,Towers with Radar,17,31,5,1,54,0,2,21,0,23,17,33,26,1,77,16,0,16,93
08/06/2016,PSP,CA,AWP,WE,Towers with Radar,12,30,6,2,50,0,5,23,1,29,12,35,29,3,79,0,0,0,79
08/07/2016,PSP,CA,AWP,WE,Towers with Radar,14,30,6,4,54,0,4,23,3,30,14,34,29,7,84,20,0,20,104
08/08/2016,PSP,CA,AWP,WE,Towers with Radar,17,30,8,2,57,0,2,17,0,19,17,32,25,2,76,0,0,0,76
08/09/2016,PSP,CA,AWP,WE,Towers with Radar,12,39,5,0,56,0,4,16,0,20,12,43,21,0,76,0,0,0,76
08/10/2016,PSP,CA,AWP,WE,Towers with Radar,6,31,6,0,43,0,3,20,2,25,6,34,26,2,68,2,4,6,74
08/11/2016,PSP,CA,AWP,WE,Towers with Radar,12,33,6,1,52,0,2,18,5,25,12,35,24,6,77,4,0,4,81
08/12/2016,PSP,CA,AWP,WE,Towers with Radar,18,29,4,0,51,0,7,15,4,26,18,36,19,4,77,0,2,2,79
08/13/2016,PSP,CA,AWP,WE,Towers with Radar,13,34,3,0,50,0,2,40,0,42,13,36,43,0,92,0,0,0,92
08/14/2016,PSP,CA,AWP,WE,Towers with Radar,13,36,4,0,53,0,0,10,0,10,13,36,14,0,63,4,0,4,67
08/15/2016,PSP,CA,AWP,WE,Towers with Radar,14,28,8,2,52,0,2,8,3,13,14,30,16,5,65,26,0,26,91
08/16/2016,PSP,CA,AWP,WE,Towers with Radar,11,32,7,0,50,0,1,10,6,17,11,33,17,6,67,0,0,0,67
08/17/2016,PSP,CA,AWP,WE,Towers with Radar,9,33,3,2,47,0,1,26,4,31,9,34,29,6,78,22,2,24,102
08/18/2016,PSP,CA,AWP,WE,Towers with Radar,13,29,11,1,54,0,2,24,0,26,13,31,35,1,80,18,2,20,100
08/19/2016,PSP,CA,AWP,WE,Towers with Radar,17,31,7,0,55,0,2,29,3,34,17,33,36,3,89,10,6,16,105
08/20/2016,PSP,CA,AWP,WE,Towers with Radar,16,32,5,0,53,0,0,37,3,40,16,32,42,3,93,2,0,2,95
08/21/2016,PSP,CA,AWP,WE,Towers with Radar,15,32,6,0,53,0,2,16,3,21,15,34,22,3,74,2,0,2,76
08/22/2016,PSP,CA,AWP,WE,Towers with Radar,15,32,8,9,64,0,0,12,1,13,15,32,20,10,77,6,0,6,83
08/23/2016,PSP,CA,AWP,WE,Towers with Radar,10,37,7,0,54,0,1,16,3,20,10,38,23,3,74,0,0,0,74
08/24/2016,PSP,CA,AWP,WE,Towers with Radar,9,34,2,1,46,0,3,18,4,25,9,37,20,5,71,0,6,6,77
08/25/2016,PSP,CA,AWP,WE,Towers with Radar,13,37,5,0,55,0,5,18,8,31,13,42,23,8,86,0,0,0,86
08/26/2016,PSP,CA,AWP,WE,Towers with Radar,17,33,10,2,62,0,0,35,4,39,17,33,45,6,101,2,0,2,103
08/27/2016,PSP,CA,AWP,WE,Towers with Radar,16,26,4,2,48,1,1,33,2,37,17,27,37,4,85,2,0,2,87
08/28/2016,PSP,CA,AWP,WE,Towers with Radar,13,28,7,0,48,0,1,30,0,31,13,29,37,0,79,0,0,0,79
08/29/2016,PSP,CA,AWP,WE,Towers with Radar,19,31,7,2,59,0,4,12,7,23,19,35,19,9,82,0,0,0,82
08/30/2016,PSP,CA,AWP,WE,Towers with Radar,13,34,3,2,52,0,2,8,1,11,13,36,11,3,63,0,4,4,67
08/31/2016,PSP,CA,AWP,WE,Towers with Radar,10,34,4,0,48,0,4,12,4,20,10,38,16,4,68,6,0,6,74
09/01/2016,PSP,CA,AWP,WE,Towers with Radar,17,31,7,0,55,0,2,20,4,26,17,33,27,4,81,6,6,12,93
09/02/2016,PSP,CA,AWP,WE,Towers with Radar,15,31,10,0,56,0,4,31,5,40,15,35,41,5,96,14,0,14,110
09/03/2016,PSP,CA,AWP,WE,Towers with Radar,17,27,3,0,47,0,2,30,1,33,17,29,33,1,80,10,0,10,90
09/04/2016,PSP,CA,AWP,WE,Towers with Radar,12,28,1,0,41,0,3,22,2,27,12,31,23,2,68,0,0,0,68
09/05/2016,PSP,CA,AWP,WE,Towers with Radar,17,34,9,0,60,0,3,33,1,37,17,37,42,1,97,0,0,0,97
09/06/2016,PSP,CA,AWP,WE,Towers with Radar,13,29,9,0,51,0,7,19,0,26,13,36,28,0,77,40,0,40,117
09/07/2016,PSP,CA,AWP,WE,Towers with Radar,10,33,11,0,54,0,2,31,7,40,10,35,42,7,94,22,2,24,118
09/08/2016,PSP,CA,AWP,WE,Towers with Radar,15,35,8,1,59,0,4,31,7,42,15,39,39,8,101,16,0,16,117
09/09/2016,PSP,CA,AWP,WE,Towers with Radar,17,33,10,4,64,0,3,41,1,45,17,36,51,5,109,18,0,18,127
09/10/2016,PSP,CA,AWP,WE,Towers with Radar,16,27,4,6,53,0,0,46,3,49,16,27,50,9,102,0,0,0,102
09/11/2016,PSP,CA,AWP,WE,Towers with Radar,15,33,4,2,54,0,2,24,4,30,15,35,28,6,84,0,0,0,84
09/12/2016,PSP,CA,AWP,WE,Towers with Radar,14,31,4,3,52,0,1,9,2,12,14,32,13,5,64,0,0,0,64
09/13/2016,PSP,CA,AWP,WE,Towers with Radar,14,33,4,4,55,0,5,10,5,20,14,38,14,9,75,2,2,4,79
09/14/2016,PSP,CA,AWP,WE,Towers with Radar,11,33,9,6,59,0,2,27,4,33,11,35,36,10,92,12,0,12,104
09/15/2016,PSP,CA,AWP,WE,Towers with Radar,15,37,6,2,60,0,3,20,2,25,15,40,26,4,85,8,8,16,101
09/16/2016,PSP,CA,AWP,WE,Towers with Radar,17,34,11,5,67,0,3,21,2,26,17,37,32,7,93,0,0,0,93
09/17/2016,PSP,CA,AWP,WE,Towers with Radar,16,25,3,1,45,0,1,35,2,38,16,26,38,3,83,6,0,6,89
09/18/2016,PSP,CA,AWP,WE,Towers with Radar,19,31,10,0,60,0,1,25,3,29,19,32,35,3,89,4,0,4,93
09/19/2016,PSP,CA,AWP,WE,Towers with Radar,15,41,12,0,68,0,0,10,3,13,15,41,22,3,81,4,0,4,85
09/20/2016,PSP,CA,AWP,WE,Towers with Radar,13,28,6,0,47,0,0,6,2,8,13,28,12,2,55,0,0,0,55
09/21/2016,PSP,CA,AWP,WE,Towers with Radar,9,39,19,2,69,0,2,5,3,10,9,41,24,5,79,12,0,12,91
09/22/2016,PSP,CA,AWP,WE,Towers with Radar,18,44,11,1,74,0,2,12,2,16,18,46,23,3,90,28,0,28,118
09/23/2016,PSP,CA,AWP,WE,Towers with Radar,19,38,8,0,65,0,4,23,3,30,19,42,31,3,95,0,0,0,95
09/24/2016,PSP,CA,AWP,WE,Towers with Radar,19,32,6,0,57,0,1,37,2,40,19,33,43,2,97,0,0,0,97
09/25/2016,PSP,CA,AWP,WE,Towers with Radar,21,32,19,0,72,0,1,16,0,17,21,33,35,0,89,10,0,10,99
09/26/2016,PSP,CA,AWP,WE,Towers with Radar,15,34,5,0,54,0,3,19,3,25,15,37,24,3,79,0,0,0,79
09/27/2016,PSP,CA,AWP,WE,Towers with Radar,16,39,14,0,69,0,2,28,3,33,16,41,42,3,102,20,0,20,122
09/28/2016,PSP,CA,AWP,WE,Towers with Radar,10,31,7,4,52,0,0,33,1,34,10,31,40,5,86,10,0,10,96
09/29/2016,PSP,CA,AWP,WE,Towers with Radar,15,36,12,2,65,0,1,22,7,30,15,37,34,9,95,8,4,12,107
09/30/2016,PSP,CA,AWP,WE,Towers with Radar,19,38,14,0,71,0,3,25,0,28,19,41,39,0,99,4,0,4,103
10/01/2016,PSP,CA,AWP,WE,Towers with Radar,18,30,7,0,55,0,0,36,0,36,18,30,43,0,91,22,0,22,113
10/02/2016,PSP,CA,AWP,WE,Towers with Radar,22,27,8,0,57,0,0,30,1,31,22,27,38,1,88,8,0,8,96
10/03/2016,PSP,CA,AWP,WE,Towers with Radar,19,34,12,0,65,0,0,19,0,19,19,34,31,0,84,2,0,2,86
10/04/2016,PSP,CA,AWP,WE,Towers with Radar,15,33,7,1,56,0,4,19,0,23,15,37,26,1,79,8,0,8,87
10/05/2016,PSP,CA,AWP,WE,Towers with Radar,15,45,16,1,77,0,1,30,6,37,15,46,46,7,114,6,0,6,120
10/06/2016,PSP,CA,AWP,WE,Towers with Radar,36,49,37,2,124,0,1,37,2,40,36,50,74,4,164,14,0,14,178
10/07/2016,PSP,CA,AWP,WE,Towers with Radar,38,76,48,1,163,0,2,48,8,58,38,78,96,9,221,20,0,20,241
10/08/2016,PSP,CA,AWP,WE,Towers with Radar,30,47,14,3,94,0,3,57,1,61,30,50,71,4,155,30,0,30,185
10/09/2016,PSP,CA,AWP,WE,Towers with Radar,29,50,25,1,105,1,7,54,6,68,30,57,79,7,173,4,0,4,177
10/10/2016,PSP,CA,AWP,WE,Towers with Radar,46,85,60,1,192,0,5,46,2,53,46,90,106,3,245,10,0,10,255
10/11/2016,PSP,CA,AWP,WE,Towers with Radar,28,31,16,0,75,0,9,25,3,37,28,40,41,3,112,0,2,2,114
10/12/2016,PSP,CA,AWP,WE,Towers with Radar,27,28,22,1,78,0,6,24,8,38,27,34,46,9,116,6,0,6,122
10/13/2016,PSP,CA,AWP,WE,Towers with Radar,36,45,31,0,112,0,3,29,4,36,36,48,60,4,148,8,2,10,158
10/14/2016,PSP,CA,AWP,WE,Towers with Radar,33,66,44,0,143,0,7,38,4,49,33,73,82,4,192,0,0,0,192
10/15/2016,PSP,CA,AWP,WE,Towers with Radar,30,32,13,0,75,0,1,46,3,50,30,33,59,3,125,26,0,26,151
10/16/2016,PSP,CA,AWP,WE,Towers with Radar,28,54,34,0,116,0,1,18,2,21,28,55,52,2,137,0,0,0,137
10/17/2016,PSP,CA,AWP,WE,Towers with Radar,44,61,38,0,143,0,1,39,6,46,44,62,77,6,189,10,0,10,199
10/18/2016,PSP,CA,AWP,WE,Towers with Radar,27,36,18,1,82,0,1,50,7,58,27,37,68,8,140,20,0,20,160
10/19/2016,PSP,CA,AWP,WE,Towers with Radar,25,33,31,0,89,1,5,45,9,60,26,38,76,9,149,0,0,0,149
10/20/2016,PSP,CA,AWP,WE,Towers with Radar,28,36,27,0,91,0,4,72,9,85,28,40,99,9,176,4,0,4,180
10/21/2016,PSP,CA,AWP,WE,Towers with Radar,30,39,30,0,99,0,2,101,3,106,30,41,131,3,205,12,0,12,217
10/22/2016,PSP,CA,AWP,WE,Towers with Radar,31,35,18,0,84,0,3,142,0,145,31,38,160,0,229,0,0,0,229
10/23/2016,PSP,CA,AWP,WE,Towers with Radar,37,39,29,0,105,0,6,39,3,48,37,45,68,3,153,0,0,0,153
10/24/2016,PSP,CA,AWP,WE,Towers with Radar,37,34,22,0,93,0,1,12,5,18,37,35,34,5,111,0,0,0,111
10/25/2016,PSP,CA,AWP,WE,Towers with Radar,33,33,23,0,89,0,6,36,8,50,33,39,59,8,139,16,4,20,159
10/26/2016,PSP,CA,AWP,WE,Towers with Radar,32,37,10,2,81,0,1,38,13,52,32,38,48,15,133,4,0,4,137
10/27/2016,PSP,CA,AWP,WE,Towers with Radar,37,33,17,0,87,0,1,26,9,36,37,34,43,9,123,0,0,0,123
10/28/2016,PSP,CA,AWP,WE,Towers with Radar,35,50,24,7,116,0,5,27,13,45,35,55,51,20,161,16,0,16,177
10/29/2016,PSP,CA,AWP,WE,Towers with Radar,40,29,19,6,94,0,2,59,3,64,40,31,78,9,158,22,0,22,180
10/30/2016,PSP,CA,AWP,WE,Towers with Radar,43,35,20,2,100,0,0,10,0,10,43,35,30,2,110,0,0,0,110
10/31/2016,PSP,CA,AWP,WE,Towers with Radar,41,44,16,0,101,0,3,17,4,24,41,47,33,4,125,32,0,32,157
11/01/2016,PSP,CA,AWP,WE,Towers with Radar,39,50,21,4,114,0,2,45,10,57,39,52,66,14,171,4,4,8,179
11/02/2016,PSP,CA,AWP,WE,Towers with Radar,40,43,14,1,98,0,5,14,11,30,40,48,28,12,128,2,0,2,130
11/03/2016,PSP,CA,AWP,WE,Towers with Radar,46,54,29,1,130,0,1,27,10,38,46,55,56,11,168,8,0,8,176
11/04/2016,PSP,CA,AWP,WE,Towers with Radar,52,46,36,0,134,0,3,49,7,59,52,49,85,7,193,10,0,10,203
11/05/2016,PSP,CA,AWP,WE,Towers with Radar,53,39,28,0,120,0,0,49,4,53,53,39,77,4,173,2,0,2,175
11/06/2016,PSP,CA,AWP,WE,Towers with Radar,56,61,29,1,147,0,3,50,0,53,56,64,79,1,200,14,0,14,214
11/07/2016,PSP,CA,AWP,WE,Towers with Radar,51,40,13,1,105,0,0,39,6,45,51,40,52,7,150,30,2,32,182
11/08/2016,PSP,CA,AWP,WE,Towers with Radar,44,43,22,1,110,0,2,32,5,39,44,45,54,6,149,12,0,12,161
11/09/2016,PSP,CA,AWP,WE,Towers with Radar,48,46,26,0,120,0,4,38,2,44,48,50,64,2,164,14,0,14,178
11/10/2016,PSP,CA,AWP,WE,Towers with Radar,53,46,23,9,131,0,2,27,15,44,53,48,50,24,175,0,2,2,177
11/11/2016,PSP,CA,AWP,WE,Towers with Radar,57,57,22,1,137,0,3,64,0,67,57,60,86,1,204,40,0,40,244
11/12/2016,PSP,CA,AWP,WE,Towers with Radar,58,44,17,0,119,0,4,77,3,84,58,48,94,3,203,44,0,44,247
11/13/2016,PSP,CA,AWP,WE,Towers with Radar,58,45,38,0,141,0,3,66,2,71,58,48,104,2,212,28,0,28,240
11/14/2016,PSP,CA,AWP,WE,Towers with Radar,57,49,23,1,130,0,1,44,5,50,57,50,67,6,180,26,0,26,206
11/15/2016,PSP,CA,AWP,WE,Towers with Radar,48,46,20,0,114,0,3,35,9,47,48,49,55,9,161,10,0,10,171
11/16/2016,PSP,CA,AWP,WE,Towers with Radar,50,55,29,2,136,0,1,28,6,35,50,56,57,8,171,30,0,30,201
11/17/2016,PSP,CA,AWP,WE,Towers with Radar,55,47,44,1,147,0,2,36,0,38,55,49,80,1,185,12,0,12,197
11/18/2016,PSP,CA,AWP,WE,Towers with Radar,52,59,38,0,149,0,0,47,0,47,52,59,85,0,196,10,0,10,206
11/19/2016,PSP,CA,AWP,WE,Towers with Radar,63,37,28,0,128,0,11,79,2,92,63,48,107,2,220,96,0,96,316
11/20/2016,PSP,CA,AWP,WE,Towers with Radar,57,57,44,0,158,0,2,24,3,29,57,59,68,3,187,0,0,0,187
11/21/2016,PSP,CA,AWP,WE,Towers with Radar,55,41,29,2,127,0,1,20,2,23,55,42,49,4,150,6,0,6,156
11/22/2016,PSP,CA,AWP,WE,Towers with Radar,53,51,27,3,134,0,6,22,1,29,53,57,49,4,163,12,0,12,175
11/23/2016,PSP,CA,AWP,WE,Towers with Radar,52,49,24,0,125,0,1,45,0,46,52,50,69,0,171,20,0,20,191
11/24/2016,PSP,CA,AWP,WE,Towers with Radar,46,22,11,0,79,0,4,25,0,29,46,26,36,0,108,2,0,2,110
11/25/2016,PSP,CA,AWP,WE,Towers with Radar,45,32,24,0,101,0,1,34,4,39,45,33,58,4,140,14,0,14,154
11/26/2016,PSP,CA,AWP,WE,Towers with Radar,62,61,17,0,140,0,5,28,6,39,62,66,45,6,179,8,0,8,187
11/27/2016,PSP,CA,AWP,WE,Towers with Radar,58,45,37,0,140,0,4,20,0,24,58,49,57,0,164,0,0,0,164
11/28/2016,PSP,CA,AWP,WE,Towers with Radar,56,46,19,0,121,0,0,13,1,14,56,46,32,1,135,2,0,2,137
11/29/2016,PSP,CA,AWP,WE,Towers with Radar,62,33,17,0,112,0,1,23,0,24,62,34,40,0,136,15,0,15,151
11/30/2016,PSP,CA,AWP,WE,Towers with Radar,56,29,15,0,100,0,3,27,4,34,56,32,42,4,134,14,0,14,148
12/01/2016,PSP,CA,AWP,WE,Towers with Radar,56,23,20,0,99,0,1,29,2,32,56,24,49,2,131,12,0,12,143
12/02/2016,PSP,CA,AWP,WE,Towers with Radar,59,25,24,0,108,0,2,8,6,16,59,27,32,6,124,8,2,10,134
12/03/2016,PSP,CA,AWP,WE,Towers with Radar,56,19,11,2,88,0,1,21,6,28,56,20,32,8,116,14,0,14,130
12/04/2016,PSP,CA,AWP,WE,Towers with Radar,62,23,34,0,119,0,1,41,2,44,62,24,75,2,163,0,0,0,163
12/05/2016,PSP,CA,AWP,WE,Towers with Radar,54,30,17,2,103,0,9,21,0,30,54,39,38,2,133,12,4,16,149
12/06/2016,PSP,CA,AWP,WE,Towers with Radar,71,35,15,4,125,1,8,15,1,25,72,43,30,5,150,10,2,12,162
12/07/2016,PSP,CA,AWP,WE,Towers with Radar,54,25,20,0,99,0,1,22,4,27,54,26,42,4,126,0,0,0,126
12/08/2016,PSP,CA,AWP,WE,Towers with Radar,57,23,18,2,100,0,4,33,0,37,57,27,51,2,137,14,0,14,151
12/09/2016,PSP,CA,AWP,WE,Towers with Radar,58,27,13,2,100,0,1,38,2,41,58,28,51,4,141,42,2,44,185
12/10/2016,PSP,CA,AWP,WE,Towers with Radar,59,25,14,2,100,0,3,35,1,39,59,28,49,3,139,24,0,24,163
12/11/2016,PSP,CA,AWP,WE,Towers with Radar,59,34,21,4,118,0,1,35,4,40,59,35,56,8,158,38,0,38,196
12/12/2016,PSP,CA,AWP,WE,Towers with Radar,53,25,16,2,96,0,1,20,1,22,53,26,36,3,118,20,0,20,138
12/13/2016,PSP,CA,AWP,WE,Towers with Radar,71,34,32,0,137,0,4,15,4,23,71,38,47,4,160,11,4,15,175
12/14/2016,PSP,CA,AWP,WE,Towers with Radar,57,30,18,0,105,0,6,44,2,52,57,36,62,2,157,28,0,28,185
12/15/2016,PSP,CA,AWP,WE,Towers with Radar,59,30,9,0,98,0,3,21,8,32,59,33,30,8,130,14,0,14,144
12/16/2016,PSP,CA,AWP,WE,Towers with Radar,71,44,22,1,138,0,0,11,3,14,71,44,33,4,152,2,0,2,154
12/17/2016,PSP,CA,AWP,WE,Towers with Radar,60,36,20,0,116,0,2,42,5,49,60,38,62,5,165,0,0,0,165
12/18/2016,PSP,CA,AWP,WE,Towers with Radar,61,39,20,1,121,0,0,34,3,37,61,39,54,4,158,6,0,6,164
12/19/2016,PSP,CA,AWP,WE,Towers with Radar,45,17,6,2,70,0,4,11,2,17,45,21,17,4,87,4,0,4,91
12/20/2016,PSP,CA,AWP,WE,Towers with Radar,60,30,16,1,107,0,0,41,1,42,60,30,57,2,149,0,0,0,149
12/21/2016,PSP,CA,AWP,WE,Towers with Radar,70,43,30,5,148,0,0,15,0,15,70,43,45,5,163,18,0,18,181
12/22/2016,PSP,CA,AWP,WE,Towers with Radar,55,35,13,0,103,0,0,3,0,3,55,35,16,0,106,0,0,0,106
12/23/2016,PSP,CA,AWP,WE,Towers with Radar,46,10,9,0,65,0,1,6,0,7,46,11,15,0,72,8,0,8,80
12/24/2016,PSP,CA,AWP,WE,Towers with Radar,72,16,16,0,104,0,3,8,2,13,72,19,24,2,117,0,0,0,117
12/25/2016,PSP,CA,AWP,WE,Towers with Radar,67,27,9,0,103,0,1,26,1,28,67,28,35,1,131,8,0,8,139
12/26/2016,PSP,CA,AWP,WE,Towers with Radar,65,42,46,0,153,0,3,43,1,47,65,45,89,1,200,22,0,22,222
12/27/2016,PSP,CA,AWP,WE,Towers with Radar,66,47,37,0,150,0,0,55,3,58,66,47,92,3,208,46,0,46,254
12/28/2016,PSP,CA,AWP,WE,Towers with Radar,73,46,24,4,147,0,0,56,2,58,73,46,80,6,205,28,0,28,233
12/29/2016,PSP,CA,AWP,WE,Towers with Radar,72,46,25,1,144,0,1,49,5,55,72,47,74,6,199,8,0,8,207
12/30/2016,PSP,CA,AWP,WE,Towers with Radar,66,42,25,0,133,0,3,31,6,40,66,45,56,6,173,24,0,24,197
12/31/2016,PSP,CA,AWP,WE,Towers with Radar,73,26,16,0,115,0,7,19,5,31,73,33,35,5,146,26,0,26,172
01/01/2017,PSP,CA,AWP,WE,Towers with Radar,73,40,25,0,138,0,7,16,1,24,73,47,41,1,162,8,0,8,170
01/02/2017,PSP,CA,AWP,WE,Towers with Radar,69,37,64,0,170,0,3,18,0,21,69,40,82,0,191,38,0,38,229
01/03/2017,PSP,CA,AWP,WE,Towers with Radar,61,43,20,0,124,0,0,23,0,23,61,43,43,0,147,18,0,18,165
01/04/2017,PSP,CA,AWP,WE,Towers with Radar,68,45,17,2,132,0,2,24,2,28,68,47,41,4,160,10,0,10,170
01/05/2017,PSP,CA,AWP,WE,Towers with Radar,69,45,23,4,141,0,1,12,2,15,69,46,35,6,156,16,0,16,172
01/06/2017,PSP,CA,AWP,WE,Towers with Radar,68,39,22,4,133,0,2,29,2,33,68,41,51,6,166,2,0,2,168
01/07/2017,PSP,CA,AWP,WE,Towers with Radar,71,23,14,0,108,0,0,27,2,29,71,23,41,2,137,6,0,6,143
01/08/2017,PSP,CA,AWP,WE,Towers with Radar,68,31,20,0,119,0,8,30,5,43,68,39,50,5,162,10,0,10,172
01/09/2017,PSP,CA,AWP,WE,Towers with Radar,66,32,14,0,112,0,7,10,2,19,66,39,24,2,131,0,0,0,131
01/10/2017,PSP,CA,AWP,WE,Towers with Radar,60,20,10,0,90,0,0,23,2,25,60,20,33,2,115,2,0,2,117
01/11/2017,PSP,CA,AWP,WE,Towers with Radar,69,30,24,0,123,0,1,8,6,15,69,31,32,6,138,0,0,0,138
01/12/2017,PSP,CA,AWP,WE,Towers with Radar,70,33,41,4,148,0,2,8,0,10,70,35,49,4,158,54,0,54,212
01/13/2017,PSP,CA,AWP,WE,Towers with Radar,76,63,37,0,176,0,3,20,0,23,76,66,57,0,199,0,0,0,199
01/14/2017,PSP,CA,AWP,WE,Towers with Radar,70,33,18,0,121,0,1,48,5,54,70,34,66,5,175,38,0,38,213
01/15/2017,PSP,CA,AWP,WE,Towers with Radar,76,35,33,0,144,0,2,38,6,46,76,37,71,6,190,32,0,32,222
01/16/2017,PSP,CA,AWP,WE,Towers with Radar,67,36,17,0,120,0,4,28,0,32,67,40,45,0,152,14,0,14,166
01/17/2017,PSP,CA,AWP,WE,Towers with Radar,59,28,24,6,117,0,3,49,7,59,59,31,73,13,176,4,0,4,180
01/18/2017,PSP,CA,AWP,WE,Towers with Radar,73,21,21,6,121,0,2,45,6,53,73,23,66,12,174,16,2,18,192
01/19/2017,PSP,CA,AWP,WE,Towers with Radar,69,36,33,4,142,0,4,7,0,11,69,40,40,4,153,0,0,0,153
01/20/2017,PSP,CA,AWP,WE,Towers with Radar,68,22,31,0,121,0,1,3,2,6,68,23,34,2,127,0,0,0,127
01/21/2017,PSP,CA,AWP,WE,Towers with Radar,71,34,28,0,133,0,0,34,14,48,71,34,62,14,181,10,0,10,191
01/22/2017,PSP,CA,AWP,WE,Towers with Radar,70,45,31,0,146,0,1,5,1,7,70,46,36,1,153,0,0,0,153
01/23/2017,PSP,CA,AWP,WE,Towers with Radar,68,27,20,2,117,0,0,5,5,10,68,27,25,7,127,4,0,4,131
01/24/2017,PSP,CA,AWP,WE,Towers with Radar,63,24,21,0,108,0,1,26,9,36,63,25,47,9,144,16,2,18,162
01/25/2017,PSP,CA,AWP,WE,Towers with Radar,71,40,20,3,134,0,5,40,6,51,71,45,60,9,185,38,0,38,223
01/26/2017,PSP,CA,AWP,WE,Towers with Radar,71,31,30,3,135,0,1,38,1,40,71,32,68,4,175,12,2,14,189
01/27/2017,PSP,CA,AWP,WE,Towers with Radar,74,49,28,7,158,1,5,27,5,38,75,54,55,12,196,18,0,18,214
01/28/2017,PSP,CA,AWP,WE,Towers with Radar,77,40,41,0,158,0,3,62,4,69,77,43,103,4,227,90,0,90,317
01/29/2017,PSP,CA,AWP,WE,Towers with Radar,78,38,40,0,156,0,6,42,5,53,78,44,82,5,209,26,0,26,235
01/30/2017,PSP,CA,AWP,WE,Towers with Radar,71,40,34,0,145,0,1,30,6,37,71,41,64,6,182,0,0,0,182
01/31/2017,PSP,CA,AWP,WE,Towers with Radar,59,41,40,0,140,0,2,30,1,33,59,43,70,1,173,28,0,28,201
02/01/2017,PSP,CA,AWP,WE,Towers with Radar,77,34,27,0,138,0,1,35,2,38,77,35,62,2,176,12,0,12,188
02/02/2017,PSP,CA,AWP,WE,Towers with Radar,71,30,29,2,132,0,1,36,3,40,71,31,65,5,172,14,0,14,186
02/03/2017,PSP,CA,AWP,WE,Towers with Radar,72,43,22,0,137,0,2,33,1,36,72,45,55,1,173,8,4,12,185
02/04/2017,PSP,CA,AWP,WE,Towers with Radar,74,31,21,0,126,0,1,52,2,55,74,32,73,2,181,12,0,12,193
02/05/2017,PSP,CA,AWP,WE,Towers with Radar,77,52,20,2,151,0,3,35,2,40,77,55,55,4,191,14,0,14,205
02/06/2017,PSP,CA,AWP,WE,Towers with Radar,70,27,29,4,130,0,1,25,0,26,70,28,54,4,156,0,0,0,156
02/07/2017,PSP,CA,AWP,WE,Towers with Radar,64,25,20,0,109,0,2,21,1,24,64,27,41,1,133,10,0,10,143
02/08/2017,PSP,CA,AWP,WE,Towers with Radar,70,28,36,2,136,0,2,39,3,44,70,30,75,5,180,0,0,0,180
02/09/2017,PSP,CA,AWP,WE,Towers with Radar,74,25,38,4,141,0,7,66,2,75,74,32,104,6,216,0,2,2,218
02/10/2017,PSP,CA,AWP,WE,Towers with Radar,78,41,39,2,160,1,5,48,6,60,79,46,87,8,220,50,0,50,270
02/11/2017,PSP,CA,AWP,WE,Towers with Radar,84,24,22,2,132,0,4,49,3,56,84,28,71,5,188,8,0,8,196
02/12/2017,PSP,CA,AWP,WE,Towers with Radar,84,38,28,2,152,0,0,35,1,36,84,38,63,3,188,0,0,0,188
02/13/2017,PSP,CA,AWP,WE,Towers with Radar,72,31,32,0,135,0,2,57,9,68,72,33,89,9,203,14,0,14,217
02/14/2017,PSP,CA,AWP,WE,Towers with Radar,64,42,21,5,132,0,2,39,2,43,64,44,60,7,175,12,0,12,187
02/15/2017,PSP,CA,AWP,WE,Towers with Radar,81,38,31,1,151,0,1,44,1,46,81,39,75,2,197,6,0,6,203
02/16/2017,PSP,CA,AWP,WE,Towers with Radar,81,44,24,0,149,0,1,26,1,28,81,45,50,1,177,18,0,18,195
02/17/2017,PSP,CA,AWP,WE,Towers with Radar,87,51,35,1,174,0,4,5,6,15,87,55,40,7,189,0,0,0,189
02/18/2017,PSP,CA,AWP,WE,Towers with Radar,82,33,13,2,130,0,0,4,5,9,82,33,17,7,139,0,0,0,139
02/19/2017,PSP,CA,AWP,WE,Towers with Radar,84,30,29,2,145,0,4,10,4,18,84,34,39,6,163,0,0,0,163
02/20/2017,PSP,CA,AWP,WE,Towers with Radar,81,47,38,0,166,0,3,20,4,27,81,50,58,4,193,24,0,24,217
02/21/2017,PSP,CA,AWP,WE,Towers with Radar,71,36,19,0,126,0,1,25,0,26,71,37,44,0,152,10,0,10,162
02/22/2017,PSP,CA,AWP,WE,Towers with Radar,81,38,35,6,160,0,4,18,6,28,81,42,53,12,188,4,0,4,192
02/23/2017,PSP,CA,AWP,WE,Towers with Radar,79,52,27,0,158,0,7,37,6,50,79,59,64,6,208,20,0,20,228
02/24/2017,PSP,CA,AWP,WE,Towers with Radar,83,39,42,4,168,0,2,58,8,68,83,41,100,12,236,4,0,4,240
02/25/2017,PSP,CA,AWP,WE,Towers with Radar,86,40,22,4,152,0,2,75,9,86,86,42,97,13,238,4,0,4,242
02/26/2017,PSP,CA,AWP,WE,Towers with Radar,86,52,45,0,183,0,1,23,4,28,86,53,68,4,211,0,0,0,211
02/27/2017,PSP,CA,AWP,WE,Towers with Radar,68,51,25,0,144,0,0,3,2,5,68,51,28,2,149,0,0,0,149
02/28/2017,PSP,CA,AWP,WE,Towers with Radar,70,38,14,0,122,0,4,30,2,36,70,42,44,2,158,12,0,12,170
03/01/2017,PSP,CA,AWP,WE,Towers with Radar,83,50,22,5,160,0,4,42,6,52,83,54,64,11,212,0,2,2,214
03/02/2017,PSP,CA,AWP,WE,Towers with Radar,79,40,24,4,147,0,6,35,5,46,79,46,59,9,193,14,0,14,207
03/03/2017,PSP,CA,AWP,WE,Towers with Radar,86,34,27,0,147,0,1,43,8,52,86,35,70,8,199,8,0,8,207
03/04/2017,PSP,CA,AWP,WE,Towers with Radar,91,25,28,4,148,0,5,69,7,81,91,30,97,11,229,36,0,36,265
03/05/2017,PSP,CA,AWP,WE,Towers with Radar,91,43,25,0,159,0,1,28,10,39,91,44,53,10,198,0,0,0,198
03/06/2017,PSP,CA,AWP,WE,Towers with Radar,82,40,30,1,153,0,3,42,4,49,82,43,72,5,202,6,0,6,208
03/07/2017,PSP,CA,AWP,WE,Towers with Radar,72,38,38,0,148,0,0,26,2,28,72,38,64,2,176,16,0,16,192
03/08/2017,PSP,CA,AWP,WE,Towers with Radar,81,55,24,2,162,0,4,31,9,44,81,59,55,11,206,16,4,20,226
03/09/2017,PSP,CA,AWP,WE,Towers with Radar,83,47,32,1,163,0,3,43,8,54,83,50,75,9,217,32,2,34,251
03/10/2017,PSP,CA,AWP,WE,Towers with Radar,87,43,30,0,160,0,7,40,1,48,87,50,70,1,208,8,0,8,216
03/11/2017,PSP,CA,AWP,WE,Towers with Radar,94,53,20,0,167,0,2,77,1,80,94,55,97,1,247,14,0,14,261
03/12/2017,PSP,CA,AWP,WE,Towers with Radar,88,52,48,2,190,0,3,55,2,60,88,55,103,4,250,12,0,12,262
03/13/2017,PSP,CA,AWP,WE,Towers with Radar,85,50,34,0,169,0,4,45,6,55,85,54,79,6,224,18,0,18,242
03/14/2017,PSP,CA,AWP,WE,Towers with Radar,79,43,21,0,143,0,1,34,6,41,79,44,55,6,184,2,0,2,186
03/15/2017,PSP,CA,AWP,WE,Towers with Radar,86,36,34,0,156,0,4,36,1,41,86,40,70,1,197,0,0,0,197
03/16/2017,PSP,CA,AWP,WE,Towers with Radar,81,48,40,2,171,0,3,48,0,51,81,51,88,2,222,42,2,44,266
03/17/2017,PSP,CA,AWP,WE,Towers with Radar,87,44,39,0,170,0,5,59,2,66,87,49,98,2,236,32,2,34,270
03/18/2017,PSP,CA,AWP,WE,Towers with Radar,92,46,33,2,173,0,4,78,1,83,92,50,111,3,256,28,0,28,284
03/19/2017,PSP,CA,AWP,WE,Towers with Radar,87,55,35,0,177,0,2,75,0,77,87,57,110,0,254,16,0,16,270
03/20/2017,PSP,CA,AWP,WE,Towers with Radar,77,52,27,0,156,0,2,52,0,54,77,54,79,0,210,42,0,42,252
03/21/2017,PSP,CA,AWP,WE,Towers with Radar,78,38,21,0,137,0,2,53,4,59,78,40,74,4,196,10,0,10,206
03/22/2017,PSP,CA,AWP,WE,Towers with Radar,85,33,34,0,152,0,0,12,2,14,85,33,46,2,166,8,0,8,174
03/23/2017,PSP,CA,AWP,WE,Towers with Radar,80,33,28,4,145,0,1,37,8,46,80,34,65,12,191,4,0,4,195
03/24/2017,PSP,CA,AWP,WE,Towers with Radar,85,32,47,3,167,0,1,64,0,65,85,33,111,3,232,40,6,46,278
03/25/2017,PSP,CA,AWP,WE,Towers with Radar,91,31,36,1,159,0,0,34,3,37,91,31,70,4,196,10,0,10,206
03/26/2017,PSP,CA,AWP,WE,Towers with Radar,85,44,39,0,168,0,0,43,2,45,85,44,82,2,213,2,0,2,215
03/27/2017,PSP,CA,AWP,WE,Towers with Radar,78,30,27,4,139,0,4,21,2,27,78,34,48,6,166,6,2,8,174
03/28/2017,PSP,CA,AWP,WE,Towers with Radar,78,25,19,1,123,0,4,9,2,15,78,29,28,3,138,12,2,14,152
03/29/2017,PSP,CA,AWP,WE,Towers with Radar,84,36,26,3,149,0,5,38,4,47,84,41,64,7,196,12,0,12,208
03/30/2017,PSP,CA,AWP,WE,Towers with Radar,82,22,29,3,136,0,0,14,0,14,82,22,43,3,150,0,0,0,150
03/31/2017,PSP,CA,AWP,WE,Towers with Radar,86,34,19,0,139,0,3,42,0,45,86,37,61,0,184,6,0,6,190
04/01/2017,PSP,CA,AWP,WE,Towers with Radar,88,27,29,1,145,0,1,54,0,55,88,28,83,1,200,38,0,38,238
04/02/2017,PSP,CA,AWP,WE,Towers with Radar,81,36,36,3,156,0,0,42,2,44,81,36,78,5,200,8,0,8,208
04/03/2017,PSP,CA,AWP,WE,Towers with Radar,79,38,24,0,141,0,4,30,3,37,79,42,54,3,178,2,20,22,200
04/04/2017,PSP,CA,AWP,WE,Towers with Radar,67,31,18,0,116,0,2,26,0,28,67,33,44,0,144,20,0,20,164
04/05/2017,PSP,CA,AWP,WE,Towers with Radar,73,21,16,3,113,0,3,38,5,46,73,24,54,8,159,6,0,6,165
04/06/2017,PSP,CA,AWP,WE,Towers with Radar,70,25,28,5,128,0,4,44,6,54,70,29,72,11,182,4,2,6,188
04/07/2017,PSP,CA,AWP,WE,Towers with Radar,72,32,27,2,133,0,3,38,6,47,72,35,65,8,180,4,0,4,184
04/08/2017,PSP,CA,AWP,WE,Towers with Radar,81,27,22,6,136,0,1,18,2,21,81,28,40,8,157,6,0,6,163
04/09/2017,PSP,CA,AWP,WE,Towers with Radar,76,33,28,4,141,0,2,44,0,46,76,35,72,4,187,4,0,4,191
04/10/2017,PSP,CA,AWP,WE,Towers with Radar,66,27,13,3,109,0,1,26,3,30,66,28,39,6,139,8,2,10,149
04/11/2017,PSP,CA,AWP,WE,Towers with Radar,67,31,14,0,112,0,5,33,3,41,67,36,47,3,153,10,0,10,163
04/12/2017,PSP,CA,AWP,WE,Towers with Radar,74,37,51,0,162,0,6,23,4,33,74,43,74,4,195,8,0,8,203
04/13/2017,PSP,CA,AWP,WE,Towers with Radar,75,58,50,0,183,0,6,35,3,44,75,64,85,3,227,2,2,4,231
04/14/2017,PSP,CA,AWP,WE,Towers with Radar,81,49,48,2,180,0,9,68,4,81,81,58,116,6,261,14,0,14,275
04/15/2017,PSP,CA,AWP,WE,Towers with Radar,73,28,27,2,130,0,6,72,4,82,73,34,99,6,212,28,2,30,242
04/16/2017,PSP,CA,AWP,WE,Towers with Radar,78,37,58,0,173,0,1,53,2,56,78,38,111,2,229,2,0,2,231
04/17/2017,PSP,CA,AWP,WE,Towers with Radar,70,59,64,0,193,0,3,53,1,57,70,62,117,1,250,22,0,22,272
04/18/2017,PSP,CA,AWP,WE,Towers with Radar,63,26,19,0,108,0,1,21,4,26,63,27,40,4,134,8,0,8,142
04/19/2017,PSP,CA,AWP,WE,Towers with Radar,75,36,13,0,124,0,4,32,5,41,75,40,45,5,165,2,2,4,169
04/20/2017,PSP,CA,AWP,WE,Towers with Radar,79,31,40,0,150,0,0,33,3,36,79,31,73,3,186,40,0,40,226
04/21/2017,PSP,CA,AWP,WE,Towers with Radar,76,39,32,0,147,0,3,59,2,64,76,42,91,2,211,8,0,8,219
04/22/2017,PSP,CA,AWP,WE,Towers with Radar,70,35,18,0,123,0,5,53,2,60,70,40,71,2,183,38,0,38,221
04/23/2017,PSP,CA,AWP,WE,Towers with Radar,82,38,36,0,156,0,0,39,1,40,82,38,75,1,196,8,0,8,204
04/24/2017,PSP,CA,AWP,WE,Towers with Radar,75,38,39,0,152,0,7,39,3,49,75,45,78,3,201,0,0,0,201
04/25/2017,PSP,CA,AWP,WE,Towers with Radar,62,28,26,0,116,0,3,13,5,21,62,31,39,5,137,0,0,0,137
04/26/2017,PSP,CA,AWP,WE,Towers with Radar,65,31,27,0,123,0,3,28,2,33,65,34,55,2,156,8,0,8,164
04/27/2017,PSP,CA,AWP,WE,Towers with Radar,68,41,33,7,149,0,3,27,11,41,68,44,60,18,190,4,2,6,196
04/28/2017,PSP,CA,AWP,WE,Towers with Radar,64,40,34,0,138,0,0,31,0,31,64,40,65,0,169,8,0,8,177
04/29/2017,PSP,CA,AWP,WE,Towers with Radar,63,26,15,0,104,0,1,43,2,46,63,27,58,2,150,4,0,4,154
04/30/2017,PSP,CA,AWP,WE,Towers with Radar,55,35,35,0,125,0,3,59,3,65,55,38,94,3,190,4,0,4,194
05/01/2017,PSP,CA,AWP,WE,Towers with Radar,57,44,35,3,139,0,2,28,1,31,57,46,63,4,170,18,0,18,188
05/02/2017,PSP,CA,AWP,WE,Towers with Radar,48,22,20,1,91,0,0,37,1,38,48,22,57,2,129,4,0,4,133
05/03/2017,PSP,CA,AWP,WE,Towers with Radar,43,30,32,6,111,0,3,40,6,49,43,33,72,12,160,14,0,14,174
05/04/2017,PSP,CA,AWP,WE,Towers with Radar,68,25,27,4,124,0,1,32,4,37,68,26,59,8,161,0,0,0,161
05/05/2017,PSP,CA,AWP,WE,Towers with Radar,44,26,16,0,86,0,2,24,4,30,44,28,40,4,116,12,0,12,128
05/06/2017,PSP,CA,AWP,WE,Towers with Radar,37,26,22,0,85,0,0,15,1,16,37,26,37,1,101,0,0,0,101
05/07/2017,PSP,CA,AWP,WE,Towers with Radar,39,23,34,2,98,0,5,10,4,19,39,28,44,6,117,10,0,10,127
05/08/2017,PSP,CA,AWP,WE,Towers with Radar,46,34,17,3,100,0,2,28,0,30,46,36,45,3,130,0,0,0,130
05/09/2017,PSP,CA,AWP,WE,Towers with Radar,38,28,22,3,91,0,0,15,3,18,38,28,37,6,109,12,0,12,121
05/10/2017,PSP,CA,AWP,WE,Towers with Radar,36,32,21,0,89,0,1,12,0,13,36,33,33,0,102,4,0,4,106
05/11/2017,PSP,CA,AWP,WE,Towers with Radar,40,24,20,3,87,0,3,31,7,41,40,27,51,10,128,30,0,30,158
05/12/2017,PSP,CA,AWP,WE,Towers with Radar,41,30,16,0,87,0,3,26,3,32,41,33,42,3,119,2,0,2,121
05/13/2017,PSP,CA,AWP,WE,Towers with Radar,37,20,14,3,74,0,1,39,0,40,37,21,53,3,114,0,0,0,114
05/14/2017,PSP,CA,AWP,WE,Towers with Radar,39,20,8,1,68,0,3,14,1,18,39,23,22,2,86,0,0,0,86
05/15/2017,PSP,CA,AWP,WE,Towers with Radar,45,17,11,0,73,0,7,9,0,16,45,24,20,0,89,0,0,0,89
05/16/2017,PSP,CA,AWP,WE,Towers with Radar,37,20,13,4,74,0,2,5,1,8,37,22,18,5,82,2,0,2,84
05/17/2017,PSP,CA,AWP,WE,Towers with Radar,41,20,17,0,78,0,1,24,2,27,41,21,41,2,105,6,0,6,111
05/18/2017,PSP,CA,AWP,WE,Towers with Radar,41,28,28,2,99,0,3,36,5,44,41,31,64,7,143,0,0,0,143
05/19/2017,PSP,CA,AWP,WE,Towers with Radar,45,27,22,1,95,0,2,37,2,41,45,29,59,3,136,2,2,4,140
05/20/2017,PSP,CA,AWP,WE,Towers with Radar,35,19,10,3,67,0,2,72,0,74,35,21,82,3,141,18,0,18,159
05/21/2017,PSP,CA,AWP,WE,Towers with Radar,37,26,36,1,100,0,2,31,2,35,37,28,67,3,135,10,0,10,145
05/22/2017,PSP,CA,AWP,WE,Towers with Radar,48,12,15,0,75,0,8,34,2,44,48,20,49,2,119,0,4,4,123
05/23/2017,PSP,CA,AWP,WE,Towers with Radar,37,15,17,9,78,0,4,21,3,28,37,19,38,12,106,2,2,4,110
05/24/2017,PSP,CA,AWP,WE,Towers with Radar,37,22,12,5,76,0,4,33,2,39,37,26,45,7,115,2,0,2,117
05/25/2017,PSP,CA,AWP,WE,Towers with Radar,40,23,21,2,86,0,1,18,0,19,40,24,39,2,105,0,0,0,105
05/26/2017,PSP,CA,AWP,WE,Towers with Radar,40,27,18,0,85,0,7,25,2,34,40,34,43,2,119,0,0,0,119
05/27/2017,PSP,CA,AWP,WE,Towers with Radar,33,17,10,0,60,0,2,49,2,53,33,19,59,2,113,10,0,10,123
05/28/2017,PSP,CA,AWP,WE,Towers with Radar,32,19,11,0,62,0,2,45,1,48,32,21,56,1,110,6,0,6,116
05/29/2017,PSP,CA,AWP,WE,Towers with Radar,43,31,16,0,90,0,2,42,2,46,43,33,58,2,136,90,0,90,226
05/30/2017,PSP,CA,AWP,WE,Towers with Radar,39,19,16,0,74,0,2,10,0,12,39,21,26,0,86,12,0,12,98
05/31/2017,PSP,CA,AWP,WE,Towers with Radar,35,15,12,0,62,0,3,16,2,21,35,18,28,2,83,6,0,6,89
06/01/2017,PSP,CA,AWP,WE,Towers with Radar,38,16,16,0,70,0,4,19,5,28,38,20,35,5,98,0,0,0,98
06/02/2017,PSP,CA,AWP,WE,Towers with Radar,37,12,15,0,64,0,4,33,5,42,37,16,48,5,106,0,0,0,106
06/03/2017,PSP,CA,AWP,WE,Towers with Radar,35,20,10,4,69,0,1,22,1,24,35,21,32,5,93,10,0,10,103
06/04/2017,PSP,CA,AWP,WE,Towers with Radar,32,21,14,0,67,0,2,18,2,22,32,23,32,2,89,0,0,0,89
06/05/2017,PSP,CA,AWP,WE,Towers with Radar,33,17,11,2,63,0,4,20,0,24,33,21,31,2,87,0,0,0,87
06/06/2017,PSP,CA,AWP,WE,Towers with Radar,26,20,11,2,59,0,6,15,23,44,26,26,26,25,103,4,0,4,107
06/07/2017,PSP,CA,AWP,WE,Towers with Radar,22,14,15,1,52,0,5,19,3,27,22,19,34,4,79,16,2,18,97
06/08/2017,PSP,CA,AWP,WE,Towers with Radar,27,17,10,4,58,0,3,19,5,27,27,20,29,9,85,4,0,4,89
06/09/2017,PSP,CA,AWP,WE,Towers with Radar,32,15,12,0,59,0,3,25,2,30,32,18,37,2,89,0,0,0,89
06/10/2017,PSP,CA,AWP,WE,Towers with Radar,30,20,10,1,61,0,3,23,6,32,30,23,33,7,93,0,0,0,93
06/11/2017,PSP,CA,AWP,WE,Towers with Radar,30,20,19,0,69,0,3,7,0,10,30,23,26,0,79,2,0,2,81
06/12/2017,PSP,CA,AWP,WE,Towers with Radar,30,18,7,0,55,0,3,11,4,18,30,21,18,4,73,0,0,0,73
06/13/2017,PSP,CA,AWP,WE,Towers with Radar,25,15,7,3,50,0,2,13,2,17,25,17,20,5,67,0,0,0,67
06/14/2017,PSP,CA,AWP,WE,Towers with Radar,23,16,8,1,48,0,5,27,0,32,23,21,35,1,80,4,0,4,84
06/15/2017,PSP,CA,AWP,WE,Towers with Radar,28,13,3,2,46,0,4,26,10,40,28,17,29,12,86,2,0,2,88
06/16/2017,PSP,CA,AWP,WE,Towers with Radar,32,17,4,1,54,0,2,32,5,39,32,19,36,6,93,2,0,2,95
06/17/2017,PSP,CA,AWP,WE,Towers with Radar,27,14,8,0,49,0,1,26,8,35,27,15,34,8,84,20,0,20,104
06/18/2017,PSP,CA,AWP,WE,Towers with Radar,28,12,5,0,45,0,0,16,2,18,28,12,21,2,63,10,0,10,73
06/19/2017,PSP,CA,AWP,WE,Towers with Radar,30,9,6,4,49,0,3,16,4,23,30,12,22,8,72,0,0,0,72
06/20/2017,PSP,CA,AWP,WE,Towers with Radar,21,10,7,0,38,2,1,8,2,13,23,11,15,2,51,0,0,0,51
06/21/2017,PSP,CA,AWP,WE,Towers with Radar,23,15,4,2,44,0,5,21,3,29,23,20,25,5,73,2,0,2,75
06/22/2017,PSP,CA,AWP,WE,Towers with Radar,27,12,5,2,46,0,3,13,8,24,27,15,18,10,70,0,8,8,78
06/23/2017,PSP,CA,AWP,WE,Towers with Radar,31,13,6,2,52,0,3,13,2,18,31,16,19,4,70,6,0,6,76
06/24/2017,PSP,CA,AWP,WE,Towers with Radar,27,16,2,0,45,0,1,18,3,22,27,17,20,3,67,0,0,0,67
06/25/2017,PSP,CA,AWP,WE,Towers with Radar,28,23,5,2,58,0,0,21,2,23,28,23,26,4,81,8,2,10,91
06/26/2017,PSP,CA,AWP,WE,Towers with Radar,34,17,1,1,53,0,2,4,6,12,34,19,5,7,65,0,0,0,65
06/27/2017,PSP,CA,AWP,WE,Towers with Radar,25,15,6,1,47,0,5,12,5,22,25,20,18,6,69,0,4,4,73
06/28/2017,PSP,CA,AWP,WE,Towers with Radar,23,13,6,0,42,0,2,15,6,23,23,15,21,6,65,4,6,10,75
06/29/2017,PSP,CA,AWP,WE,Towers with Radar,27,11,6,0,44,0,2,25,0,27,27,13,31,0,71,6,0,6,77
06/30/2017,PSP,CA,AWP,WE,Towers with Radar,32,12,4,2,50,0,5,17,1,23,32,17,21,3,73,2,0,2,75
07/01/2017,PSP,CA,AWP,WE,Towers with Radar,26,14,9,0,49,0,1,32,0,33,26,15,41,0,82,0,0,0,82
07/02/2017,PSP,CA,AWP,WE,Towers with Radar,26,16,4,2,48,0,2,15,4,21,26,18,19,6,69,36,0,36,105
07/03/2017,PSP,CA,AWP,WE,Towers with Radar,22,16,7,1,46,0,2,31,5,38,22,18,38,6,84,12,0,12,96
07/04/2017,PSP,CA,AWP,WE,Towers with Radar,15,13,2,1,31,0,1,14,7,22,15,14,16,8,53,0,0,0,53
07/05/2017,PSP,CA,AWP,WE,Towers with Radar,24,10,9,4,47,0,2,15,5,22,24,12,24,9,69,0,10,10,79
07/06/2017,PSP,CA,AWP,WE,Towers with Radar,26,16,6,4,52,0,2,21,6,29,26,18,27,10,81,0,0,0,81
07/07/2017,PSP,CA,AWP,WE,Towers with Radar,27,11,7,1,46,0,1,15,4,20,27,12,22,5,66,2,0,2,68
07/08/2017,PSP,CA,AWP,WE,Towers with Radar,26,16,5,0,47,0,8,19,1,28,26,24,24,1,75,2,0,2,77
07/09/2017,PSP,CA,AWP,WE,Towers with Radar,23,16,8,1,48,0,2,20,1,23,23,18,28,2,71,0,0,0,71
07/10/2017,PSP,CA,AWP,WE,Towers with Radar,28,12,7,1,48,0,2,10,3,15,28,14,17,4,63,2,2,4,67
07/11/2017,PSP,CA,AWP,WE,Towers with Radar,21,17,9,3,50,0,3,14,0,17,21,20,23,3,67,6,0,6,73
07/12/2017,PSP,CA,AWP,WE,Towers with Radar,21,16,7,0,44,0,3,16,0,19,21,19,23,0,63,0,0,0,63
07/13/2017,PSP,CA,AWP,WE,Towers with Radar,26,17,3,2,48,0,4,21,2,27,26,21,24,4,75,0,0,0,75
07/14/2017,PSP,CA,AWP,WE,Towers with Radar,30,14,6,2,52,0,2,30,2,34,30,16,36,4,86,4,0,4,90
07/15/2017,PSP,CA,AWP,WE,Towers with Radar,32,12,3,0,47,0,1,24,0,25,32,13,27,0,72,4,0,4,76
07/16/2017,PSP,CA,AWP,WE,Towers with Radar,26,15,6,0,47,0,1,15,2,18,26,16,21,2,65,0,0,0,65
07/17/2017,PSP,CA,AWP,WE,Towers with Radar,30,15,10,1,56,0,1,14,2,17,30,16,24,3,73,0,0,0,73
07/18/2017,PSP,CA,AWP,WE,Towers with Radar,21,11,3,0,35,0,5,18,0,23,21,16,21,0,58,0,2,2,60
07/19/2017,PSP,CA,AWP,WE,Towers with Radar,23,27,5,2,57,0,1,29,2,32,23,28,34,4,89,0,0,0,89
07/20/2017,PSP,CA,AWP,WE,Towers with Radar,28,17,9,0,54,0,1,22,4,27,28,18,31,4,81,4,0,4,85
07/21/2017,PSP,CA,AWP,WE,Towers with Radar,29,14,7,2,52,0,0,16,1,17,29,14,23,3,69,4,0,4,73
07/22/2017,PSP,CA,AWP,WE,Towers with Radar,27,14,1,0,42,0,4,26,2,32,27,18,27,2,74,4,0,4,78
07/23/2017,PSP,CA,AWP,WE,Towers with Radar,28,14,4,0,46,0,3,15,2,20,28,17,19,2,66,0,0,0,66
07/24/2017,PSP,CA,AWP,WE,Towers with Radar,28,18,11,0,57,0,1,8,5,14,28,19,19,5,71,0,0,0,71
07/25/2017,PSP,CA,AWP,WE,Towers with Radar,21,13,6,0,40,0,5,25,4,34,21,18,31,4,74,6,0,6,80
07/26/2017,PSP,CA,AWP,WE,Towers with Radar,21,12,7,5,45,0,0,18,6,24,21,12,25,11,69,2,4,6,75
07/27/2017,PSP,CA,AWP,WE,Towers with Radar,26,18,9,0,53,0,1,20,0,21,26,19,29,0,74,2,0,2,76
07/28/2017,PSP,CA,AWP,WE,Towers with Radar,30,13,6,0,49,0,1,9,0,10,30,14,15,0,59,0,0,0,59
07/29/2017,PSP,CA,AWP,WE,Towers with Radar,25,22,7,1,55,0,4,27,1,32,25,26,34,2,87,2,0,2,89
07/30/2017,PSP,CA,AWP,WE,Towers with Radar,26,17,1,3,47,0,3,16,4,23,26,20,17,7,70,0,0,0,70
07/31/2017,PSP,CA,AWP,WE,Towers with Radar,30,13,11,1,55,0,1,16,4,21,30,14,27,5,76,0,0,0,76
08/01/2017,PSP,CA,AWP,WE,Towers with Radar,23,18,6,0,47,0,1,9,0,10,23,19,15,0,57,0,0,0,57
08/02/2017,PSP,CA,AWP,WE,Towers with Radar,21,16,7,0,44,0,3,3,4,10,21,19,10,4,54,0,0,0,54
08/03/2017,PSP,CA,AWP,WE,Towers with Radar,28,16,2,2,48,0,0,13,0,13,28,16,15,2,61,0,0,0,61
08/04/2017,PSP,CA,AWP,WE,Towers with Radar,29,17,4,0,50,0,0,25,2,27,29,17,29,2,77,26,0,26,103
08/05/2017,PSP,CA,AWP,WE,Towers with Radar,30,11,6,0,47,0,0,23,0,23,30,11,29,0,70,6,0,6,76
08/06/2017,PSP,CA,AWP,WE,Towers with Radar,26,19,5,1,51,0,1,11,2,14,26,20,16,3,65,0,0,0,65
08/07/2017,PSP,CA,AWP,WE,Towers with Radar,27,14,1,0,42,0,0,15,0,15,27,14,16,0,57,0,0,0,57
08/08/2017,PSP,CA,AWP,WE,Towers with Radar,22,14,3,0,39,0,2,19,0,21,22,16,22,0,60,4,0,4,64
08/09/2017,PSP,CA,AWP,WE,Towers with Radar,22,14,6,2,44,0,4,11,2,17,22,18,17,4,61,0,2,2,63
08/10/2017,PSP,CA,AWP,WE,Towers with Radar,24,14,3,0,41,0,3,17,3,23,24,17,20,3,64,14,2,16,80
08/11/2017,PSP,CA,AWP,WE,Towers with Radar,29,13,7,0,49,0,5,26,0,31,29,18,33,0,80,14,0,14,94
08/12/2017,PSP,CA,AWP,WE,Towers with Radar,25,20,4,0,49,0,3,22,0,25,25,23,26,0,74,10,0,10,84
08/13/2017,PSP,CA,AWP,WE,Towers with Radar,26,23,2,0,51,0,9,23,0,32,26,32,25,0,83,2,0,2,85
08/14/2017,PSP,CA,AWP,WE,Towers with Radar,30,16,3,0,49,0,3,6,6,15,30,19,9,6,64,0,0,0,64
08/15/2017,PSP,CA,AWP,WE,Towers with Radar,24,14,4,5,47,0,3,13,1,17,24,17,17,6,64,0,0,0,64
08/16/2017,PSP,CA,AWP,WE,Towers with Radar,24,11,6,0,41,0,2,17,2,21,24,13,23,2,62,4,0,4,66
08/17/2017,PSP,CA,AWP,WE,Towers with Radar,29,13,1,0,43,0,0,10,1,11,29,13,11,1,54,0,0,0,54
08/18/2017,PSP,CA,AWP,WE,Towers with Radar,31,10,2,0,43,0,0,32,1,33,31,10,34,1,76,6,0,6,82
08/19/2017,PSP,CA,AWP,WE,Towers with Radar,27,11,7,0,45,0,1,32,3,36,27,12,39,3,81,0,0,0,81
08/20/2017,PSP,CA,AWP,WE,Towers with Radar,31,12,7,0,50,0,5,37,0,42,31,17,44,0,92,8,0,8,100
08/21/2017,PSP,CA,AWP,WE,Towers with Radar,29,12,5,0,46,0,1,12,4,17,29,13,17,4,63,0,0,0,63
08/22/2017,PSP,CA,AWP,WE,Towers with Radar,22,9,4,0,35,0,3,23,3,29,22,12,27,3,64,0,0,0,64
08/23/2017,PSP,CA,AWP,WE,Towers with Radar,24,14,4,1,43,0,1,19,8,28,24,15,23,9,71,0,12,12,83
08/24/2017,PSP,CA,AWP,WE,Towers with Radar,28,18,7,0,53,0,3,17,0,20,28,21,24,0,73,4,0,4,77
08/25/2017,PSP,CA,AWP,WE,Towers with Radar,33,13,9,1,56,0,0,23,1,24,33,13,32,2,80,0,0,0,80
08/26/2017,PSP,CA,AWP,WE,Towers with Radar,25,13,2,0,40,0,5,15,0,20,25,18,17,0,60,6,0,6,66
08/27/2017,PSP,CA,AWP,WE,Towers with Radar,26,17,12,0,55,0,1,16,0,17,26,18,28,0,72,2,0,2,74
08/28/2017,PSP,CA,AWP,WE,Towers with Radar,30,18,4,2,54,0,2,9,6,17,30,20,13,8,71,2,0,2,73
08/29/2017,PSP,CA,AWP,WE,Towers with Radar,23,18,16,0,57,0,1,15,0,16,23,19,31,0,73,6,0,6,79
08/30/2017,PSP,CA,AWP,WE,Towers with Radar,26,13,3,2,44,0,3,16,0,19,26,16,19,2,63,0,0,0,63
08/31/2017,PSP,CA,AWP,WE,Towers with Radar,32,13,8,3,56,0,1,5,2,8,32,14,13,5,64,12,2,14,78
09/01/2017,PSP,CA,AWP,WE,Towers with Radar,32,14,21,1,68,0,1,16,0,17,32,15,37,1,85,0,0,0,85
09/02/2017,PSP,CA,AWP,WE,Towers with Radar,27,7,5,1,40,0,2,17,0,19,27,9,22,1,59,2,0,2,61
09/03/2017,PSP,CA,AWP,WE,Towers with Radar,29,10,4,0,43,0,2,12,4,18,29,12,16,4,61,12,0,12,73
09/04/2017,PSP,CA,AWP,WE,Towers with Radar,28,15,5,1,49,0,1,33,0,34,28,16,38,1,83,0,0,0,83
09/05/2017,PSP,CA,AWP,WE,Towers with Radar,25,12,6,3,46,0,3,20,1,24,25,15,26,4,70,0,0,0,70
09/06/2017,PSP,CA,AWP,WE,Towers with Radar,25,23,6,0,54,0,2,19,2,23,25,25,25,2,77,2,0,2,79
09/07/2017,PSP,CA,AWP,WE,Towers with Radar,30,15,6,3,54,0,3,22,1,26,30,18,28,4,80,0,0,0,80
09/08/2017,PSP,CA,AWP,WE,Towers with Radar,31,20,12,1,64,0,0,22,0,22,31,20,34,1,86,0,0,0,86
09/09/2017,PSP,CA,AWP,WE,Towers with Radar,29,9,3,0,41,0,2,12,0,14,29,11,15,0,55,0,0,0,55
09/10/2017,PSP,CA,AWP,WE,Towers with Radar,31,17,2,1,51,0,1,18,2,21,31,18,20,3,72,0,0,0,72
09/11/2017,PSP,CA,AWP,WE,Towers with Radar,29,14,9,3,55,1,2,24,5,32,30,16,33,8,87,2,0,2,89
09/12/2017,PSP,CA,AWP,WE,Towers with Radar,27,14,5,1,47,0,2,19,3,24,27,16,24,4,71,4,0,4,75
09/13/2017,PSP,CA,AWP,WE,Towers with Radar,28,21,14,0,63,0,0,26,0,26,28,21,40,0,89,0,0,0,89
09/14/2017,PSP,CA,AWP,WE,Towers with Radar,31,14,20,0,65,0,2,18,0,20,31,16,38,0,85,0,0,0,85
09/15/2017,PSP,CA,AWP,WE,Towers with Radar,33,16,10,2,61,0,1,19,2,22,33,17,29,4,83,0,0,0,83
09/16/2017,PSP,CA,AWP,WE,Towers with Radar,29,13,5,2,49,0,1,32,0,33,29,14,37,2,82,30,0,30,112
09/17/2017,PSP,CA,AWP,WE,Towers with Radar,33,20,12,1,66,0,3,35,0,38,33,23,47,1,104,0,0,0,104
09/18/2017,PSP,CA,AWP,WE,Towers with Radar,33,15,10,1,59,0,2,47,5,54,33,17,57,6,113,4,0,4,117
09/19/2017,PSP,CA,AWP,WE,Towers with Radar,27,16,8,2,53,0,2,22,6,30,27,18,30,8,83,0,0,0,83
09/20/2017,PSP,CA,AWP,WE,Towers with Radar,29,19,13,2,63,0,3,13,6,22,29,22,26,8,85,0,2,2,87
09/21/2017,PSP,CA,AWP,WE,Towers with Radar,35,19,6,3,63,0,0,7,2,9,35,19,13,5,72,0,0,0,72
09/22/2017,PSP,CA,AWP,WE,Towers with Radar,33,16,13,3,65,0,1,36,4,41,33,17,49,7,106,0,0,0,106
09/23/2017,PSP,CA,AWP,WE,Towers with Radar,33,11,10,0,54,0,1,35,3,39,33,12,45,3,93,2,0,2,95
09/24/2017,PSP,CA,AWP,WE,Towers with Radar,33,17,10,0,60,0,1,35,4,40,33,18,45,4,100,2,0,2,102
09/25/2017,PSP,CA,AWP,WE,Towers with Radar,32,12,5,0,49,1,1,10,4,16,33,13,15,4,65,4,0,4,69
09/26/2017,PSP,CA,AWP,WE,Towers with Radar,26,17,6,0,49,0,27,42,0,69,26,44,48,0,118,8,0,8,126
09/27/2017,PSP,CA,AWP,WE,Towers with Radar,30,15,15,2,62,0,0,11,4,15,30,15,26,6,77,0,2,2,79
09/28/2017,PSP,CA,AWP,WE,Towers with Radar,31,14,22,2,69,0,2,27,3,32,31,16,49,5,101,0,0,0,101
09/29/2017,PSP,CA,AWP,WE,Towers with Radar,35,20,12,1,68,0,0,35,0,35,35,20,47,1,103,12,0,12,115
09/30/2017,PSP,CA,AWP,WE,Towers with Radar,31,18,4,0,53,0,1,31,2,34,31,19,35,2,87,10,0,10,97
10/01/2017,PSP,CA,AWP,WE,Towers with Radar,37,18,15,0,70,0,1,31,4,36,37,19,46,4,106,6,0,6,112
10/02/2017,PSP,CA,AWP,WE,Towers with Radar,36,14,16,3,69,0,3,24,5,32,36,17,40,8,101,8,0,8,109
10/03/2017,PSP,CA,AWP,WE,Towers with Radar,30,13,8,3,54,0,4,9,7,20,30,17,17,10,74,0,0,0,74
10/04/2017,PSP,CA,AWP,WE,Towers with Radar,33,21,10,1,65,0,2,32,5,39,33,23,42,6,104,10,0,10,114
10/05/2017,PSP,CA,AWP,WE,Towers with Radar,47,19,11,0,77,0,6,26,6,38,47,25,37,6,115,8,0,8,123
10/06/2017,PSP,CA,AWP,WE,Towers with Radar,46,20,11,0,77,0,0,24,5,29,46,20,35,5,106,0,0,0,106
10/07/2017,PSP,CA,AWP,WE,Towers with Radar,48,10,12,0,70,0,0,29,0,29,48,10,41,0,99,8,0,8,107
10/08/2017,PSP,CA,AWP,WE,Towers with Radar,47,16,20,0,83,0,3,42,1,46,47,19,62,1,129,0,0,0,129
10/09/2017,PSP,CA,AWP,WE,Towers with Radar,49,19,7,0,75,0,0,16,1,17,49,19,23,1,92,2,0,2,94
10/10/2017,PSP,CA,AWP,WE,Towers with Radar,45,20,18,0,83,0,0,31,2,33,45,20,49,2,116,0,0,0,116
10/11/2017,PSP,CA,AWP,WE,Towers with Radar,42,24,13,0,79,0,0,24,3,27,42,24,37,3,106,0,0,0,106
10/12/2017,PSP,CA,AWP,WE,Towers with Radar,42,27,5,4,78,0,2,38,2,42,42,29,43,6,120,4,2,6,126
10/13/2017,PSP,CA,AWP,WE,Towers with Radar,39,14,24,2,79,0,2,33,4,39,39,16,57,6,118,18,0,18,136
10/14/2017,PSP,CA,AWP,WE,Towers with Radar,47,20,9,0,76,0,4,29,0,33,47,24,38,0,109,8,0,8,117
10/15/2017,PSP,CA,AWP,WE,Towers with Radar,46,20,15,0,81,0,2,21,0,23,46,22,36,0,104,2,0,2,106
10/16/2017,PSP,CA,AWP,WE,Towers with Radar,44,22,5,0,71,0,2,16,3,21,44,24,21,3,92,0,0,0,92
10/17/2017,PSP,CA,AWP,WE,Towers with Radar,44,15,10,0,69,0,2,14,3,19,44,17,24,3,88,0,0,0,88
10/18/2017,PSP,CA,AWP,WE,Towers with Radar,45,18,15,2,80,0,1,20,4,25,45,19,35,6,105,0,0,0,105
10/19/2017,PSP,CA,AWP,WE,Towers with Radar,42,23,20,0,85,0,4,27,2,33,42,27,47,2,118,2,0,2,120
10/20/2017,PSP,CA,AWP,WE,Towers with Radar,43,21,13,2,79,0,0,14,0,14,43,21,27,2,93,2,0,2,95
10/21/2017,PSP,CA,AWP,WE,Towers with Radar,46,20,17,0,83,0,1,33,0,34,46,21,50,0,117,28,0,28,145
10/22/2017,PSP,CA,AWP,WE,Towers with Radar,50,17,22,1,90,0,5,24,2,31,50,22,46,3,121,10,0,10,131
10/23/2017,PSP,CA,AWP,WE,Towers with Radar,46,24,7,0,77,0,0,6,0,6,46,24,13,0,83,0,4,4,87
10/24/2017,PSP,CA,AWP,WE,Towers with Radar,45,21,11,6,83,0,2,21,5,28,45,23,32,11,111,0,2,2,113
10/25/2017,PSP,CA,AWP,WE,Towers with Radar,44,17,18,4,83,0,3,15,2,20,44,20,33,6,103,0,2,2,105
10/26/2017,PSP,CA,AWP,WE,Towers with Radar,45,17,14,3,79,0,7,25,4,36,45,24,39,7,115,4,0,4,119
10/27/2017,PSP,CA,AWP,WE,Towers with Radar,45,24,29,0,98,0,0,30,3,33,45,24,59,3,131,2,0,2,133
10/28/2017,PSP,CA,AWP,WE,Towers with Radar,49,15,11,0,75,0,4,44,7,55,49,19,55,7,130,2,0,2,132
10/29/2017,PSP,CA,AWP,WE,Towers with Radar,63,19,21,1,104,0,5,48,8,61,63,24,69,9,165,22,0,22,187
10/30/2017,PSP,CA,AWP,WE,Towers with Radar,56,23,21,3,103,0,2,19,2,23,56,25,40,5,126,8,0,8,134
10/31/2017,PSP,CA,AWP,WE,Towers with Radar,54,20,14,1,89,0,5,22,4,31,54,25,36,5,120,0,0,0,120
11/01/2017,PSP,CA,AWP,WE,Towers with Radar,58,33,25,0,116,0,1,21,5,27,58,34,46,5,143,0,0,0,143
11/02/2017,PSP,CA,AWP,WE,Towers with Radar,57,32,23,2,114,0,1,33,10,44,57,33,56,12,158,12,0,12,170
11/03/2017,PSP,CA,AWP,WE,Towers with Radar,59,31,35,1,126,0,5,44,8,57,59,36,79,9,183,6,0,6,189
11/04/2017,PSP,CA,AWP,WE,Towers with Radar,65,21,9,0,95,0,1,85,4,90,65,22,94,4,185,8,2,10,195
11/05/2017,PSP,CA,AWP,WE,Towers with Radar,64,38,28,0,130,0,5,25,1,31,64,43,53,1,161,32,0,32,193
11/06/2017,PSP,CA,AWP,WE,Towers with Radar,66,32,25,0,123,0,2,31,10,43,66,34,56,10,166,0,0,0,166
11/07/2017,PSP,CA,AWP,WE,Towers with Radar,59,33,25,4,121,0,1,20,8,29,59,34,45,12,150,14,2,16,166
11/08/2017,PSP,CA,AWP,WE,Towers with Radar,62,28,33,0,123,0,1,26,2,29,62,29,59,2,152,6,0,6,158
11/09/2017,PSP,CA,AWP,WE,Towers with Radar,64,35,35,4,138,0,2,34,12,48,64,37,69,16,186,6,6,12,198
11/10/2017,PSP,CA,AWP,WE,Towers with Radar,68,33,38,1,140,0,0,34,10,44,68,33,72,11,184,28,8,36,220
11/11/2017,PSP,CA,AWP,WE,Towers with Radar,75,22,19,2,118,0,2,85,20,107,75,24,104,22,225,36,0,36,261
11/12/2017,PSP,CA,AWP,WE,Towers with Radar,69,28,26,0,123,0,5,33,2,40,69,33,59,2,163,28,0,28,191
11/13/2017,PSP,CA,AWP,WE,Towers with Radar,67,25,31,1,124,0,3,25,7,35,67,28,56,8,159,16,0,16,175
11/14/2017,PSP,CA,AWP,WE,Towers with Radar,61,28,31,0,120,0,2,39,13,54,61,30,70,13,174,6,4,10,184
11/15/2017,PSP,CA,AWP,WE,Towers with Radar,66,37,18,2,123,0,7,32,12,51,66,44,50,14,174,28,0,28,202
11/16/2017,PSP,CA,AWP,WE,Towers with Radar,64,42,29,7,142,0,4,36,0,40,64,46,65,7,182,16,0,16,198
11/17/2017,PSP,CA,AWP,WE,Towers with Radar,71,46,41,5,163,0,2,33,4,39,71,48,74,9,202,16,2,18,220
11/18/2017,PSP,CA,AWP,WE,Towers with Radar,74,42,30,1,147,0,5,101,3,109,74,47,131,4,256,44,0,44,300
11/19/2017,PSP,CA,AWP,WE,Towers with Radar,71,48,41,0,160,0,1,53,4,58,71,49,94,4,218,8,0,8,226
11/20/2017,PSP,CA,AWP,WE,Towers with Radar,67,34,11,0,112,0,0,21,2,23,67,34,32,2,135,0,0,0,135
11/21/2017,PSP,CA,AWP,WE,Towers with Radar,65,42,26,0,133,0,0,30,1,31,65,42,56,1,164,6,0,6,170
11/22/2017,PSP,CA,AWP,WE,Towers with Radar,68,28,37,0,133,0,0,47,0,47,68,28,84,0,180,16,0,16,196
11/23/2017,PSP,CA,AWP,WE,Towers with Radar,48,15,8,0,71,0,2,27,2,31,48,17,35,2,102,0,0,0,102
11/24/2017,PSP,CA,AWP,WE,Towers with Radar,58,23,14,0,95,0,1,52,4,57,58,24,66,4,152,0,0,0,152
11/25/2017,PSP,CA,AWP,WE,Towers with Radar,77,46,34,0,157,0,9,76,2,87,77,55,110,2,244,26,0,26,270
11/26/2017,PSP,CA,AWP,WE,Towers with Radar,67,42,46,0,155,0,4,65,0,69,67,46,111,0,224,52,0,52,276
11/27/2017,PSP,CA,AWP,WE,Towers with Radar,69,38,28,0,135,0,0,9,2,11,69,38,37,2,146,0,0,0,146
11/28/2017,PSP,CA,AWP,WE,Towers with Radar,59,25,33,3,120,0,1,23,7,31,59,26,56,10,151,0,2,2,153
11/29/2017,PSP,CA,AWP,WE,Towers with Radar,64,18,15,0,97,0,0,31,5,36,64,18,46,5,133,6,0,6,139
11/30/2017,PSP,CA,AWP,WE,Towers with Radar,60,26,29,2,117,0,0,22,2,24,60,26,51,4,141,4,0,4,145
12/01/2017,PSP,CA,AWP,WE,Towers with Radar,70,35,21,0,126,0,0,19,8,27,70,35,40,8,153,12,0,12,165
12/02/2017,PSP,CA,AWP,WE,Towers with Radar,67,23,27,0,117,0,2,54,3,59,67,25,81,3,176,10,0,10,186
12/03/2017,PSP,CA,AWP,WE,Towers with Radar,68,32,29,0,129,0,0,26,4,30,68,32,55,4,159,0,0,0,159
12/04/2017,PSP,CA,AWP,WE,Towers with Radar,63,21,15,0,99,0,0,10,2,12,63,21,25,2,111,0,0,0,111
12/05/2017,PSP,CA,AWP,WE,Towers with Radar,52,28,27,0,107,0,3,23,3,29,52,31,50,3,136,6,0,6,142
12/06/2017,PSP,CA,AWP,WE,Towers with Radar,59,33,11,0,103,0,1,7,0,8,59,34,18,0,111,10,0,10,121
12/07/2017,PSP,CA,AWP,WE,Towers with Radar,62,28,13,1,104,0,1,20,0,21,62,29,33,1,125,0,0,0,125
12/08/2017,PSP,CA,AWP,WE,Towers with Radar,66,21,26,2,115,0,1,30,7,38,66,22,56,9,153,0,2,2,155
12/09/2017,PSP,CA,AWP,WE,Towers with Radar,64,22,14,0,100,0,2,35,8,45,64,24,49,8,145,4,2,6,151
12/10/2017,PSP,CA,AWP,WE,Towers with Radar,65,27,23,0,115,0,1,38,0,39,65,28,61,0,154,4,0,4,158
12/11/2017,PSP,CA,AWP,WE,Towers with Radar,62,21,15,0,98,0,6,27,6,39,62,27,42,6,137,0,0,0,137
12/12/2017,PSP,CA,AWP,WE,Towers with Radar,59,18,16,0,93,0,1,24,4,29,59,19,40,4,122,2,4,6,128
12/13/2017,PSP,CA,AWP,WE,Towers with Radar,64,17,13,6,100,0,1,15,6,22,64,18,28,12,122,0,0,0,122
12/14/2017,PSP,CA,AWP,WE,Towers with Radar,66,19,29,0,114,0,2,21,0,23,66,21,50,0,137,0,0,0,137
12/15/2017,PSP,CA,AWP,WE,Towers with Radar,71,36,17,0,124,0,1,26,0,27,71,37,43,0,151,0,0,0,151
12/16/2017,PSP,CA,AWP,WE,Towers with Radar,78,33,13,4,128,0,1,39,1,41,78,34,52,5,169,24,0,24,193
12/17/2017,PSP,CA,AWP,WE,Towers with Radar,69,27,23,1,120,0,0,24,1,25,69,27,47,2,145,2,0,2,147
12/18/2017,PSP,CA,AWP,WE,Towers with Radar,67,21,14,1,103,0,0,34,1,35,67,21,48,2,138,35,0,35,173
12/19/2017,PSP,CA,AWP,WE,Towers with Radar,66,26,14,0,106,0,0,42,1,43,66,26,56,1,149,0,0,0,149
12/20/2017,PSP,CA,AWP,WE,Towers with Radar,74,22,23,5,124,0,2,24,2,28,74,24,47,7,152,0,0,0,152
12/21/2017,PSP,CA,AWP,WE,Towers with Radar,74,37,19,0,130,0,3,15,2,20,74,40,34,2,150,0,2,2,152
12/22/2017,PSP,CA,AWP,WE,Towers with Radar,82,29,20,0,131,0,4,67,5,76,82,33,87,5,207,8,0,8,215
12/23/2017,PSP,CA,AWP,WE,Towers with Radar,85,35,16,0,136,0,1,70,2,73,85,36,86,2,209,20,0,20,229
12/24/2017,PSP,CA,AWP,WE,Towers with Radar,67,18,7,0,92,0,0,37,0,37,67,18,44,0,129,0,0,0,129
12/25/2017,PSP,CA,AWP,WE,Towers with Radar,67,19,15,0,101,0,1,26,2,29,67,20,41,2,130,2,0,2,132
12/26/2017,PSP,CA,AWP,WE,Towers with Radar,70,42,43,0,155,0,3,38,3,44,70,45,81,3,199,8,0,8,207
12/27/2017,PSP,CA,AWP,WE,Towers with Radar,86,41,47,4,178,0,0,49,4,53,86,41,96,8,231,20,0,20,251
12/28/2017,PSP,CA,AWP,WE,Towers with Radar,74,42,28,0,144,0,3,51,3,57,74,45,79,3,201,6,0,6,207
12/29/2017,PSP,CA,AWP,WE,Towers with Radar,81,45,28,1,155,0,2,64,6,72,81,47,92,7,227,8,0,8,235
12/30/2017,PSP,CA,AWP,WE,Towers with Radar,88,33,27,1,149,0,8,109,2,119,88,41,136,3,268,16,0,16,284
12/31/2017,PSP,CA,AWP,WE,Towers with Radar,74,24,18,0,116,0,4,43,4,51,74,28,61,4,167,14,0,14,181
01/01/2018,PSP,CA,AWP,WE,Towers with Radar,83,33,32,0,148,0,0,29,0,29,83,33,61,0,177,4,0,4,181
01/02/2018,PSP,CA,AWP,WE,Towers with Radar,77,34,43,1,155,0,0,19,5,24,77,34,62,6,179,0,0,0,179
01/03/2018,PSP,CA,AWP,WE,Towers with Radar,75,40,36,0,151,0,0,38,4,42,75,40,74,4,193,12,0,12,205
01/04/2018,PSP,CA,AWP,WE,Towers with Radar,68,27,25,1,121,0,3,47,1,51,68,30,72,2,172,8,4,12,184
01/05/2018,PSP,CA,AWP,WE,Towers with Radar,77,30,21,0,128,2,3,49,3,57,79,33,70,3,185,2,0,2,187
01/06/2018,PSP,CA,AWP,WE,Towers with Radar,78,24,32,0,134,0,0,57,1,58,78,24,89,1,192,34,0,34,226
01/07/2018,PSP,CA,AWP,WE,Towers with Radar,69,26,32,0,127,0,1,41,0,42,69,27,73,0,169,14,0,14,183
01/08/2018,PSP,CA,AWP,WE,Towers with Radar,75,39,13,1,128,0,1,7,1,9,75,40,20,2,137,6,0,6,143
01/09/2018,PSP,CA,AWP,WE,Towers with Radar,69,25,15,2,111,0,0,2,1,3,69,25,17,3,114,8,0,8,122
01/10/2018,PSP,CA,AWP,WE,Towers with Radar,76,32,25,1,134,0,0,24,9,33,76,32,49,10,167,8,0,8,175
01/11/2018,PSP,CA,AWP,WE,Towers with Radar,67,47,35,1,150,0,7,22,12,41,67,54,57,13,191,18,0,18,209
01/12/2018,PSP,CA,AWP,WE,Towers with Radar,74,37,50,6,167,0,0,43,22,65,74,37,93,28,232,0,0,0,232
01/13/2018,PSP,CA,AWP,WE,Towers with Radar,81,26,10,0,117,0,1,86,4,91,81,27,96,4,208,12,0,12,220
01/14/2018,PSP,CA,AWP,WE,Towers with Radar,69,25,29,2,125,0,1,67,0,68,69,26,96,2,193,14,0,14,207
01/15/2018,PSP,CA,AWP,WE,Towers with Radar,77,26,29,1,133,0,0,55,0,55,77,26,84,1,188,10,0,10,198
01/16/2018,PSP,CA,AWP,WE,Towers with Radar,64,36,23,3,126,0,0,29,3,32,64,36,52,6,158,0,0,0,158
01/17/2018,PSP,CA,AWP,WE,Towers with Radar,74,41,26,5,146,0,4,42,4,50,74,45,68,9,196,20,0,20,216
01/18/2018,PSP,CA,AWP,WE,Towers with Radar,67,41,27,0,135,0,2,45,4,51,67,43,72,4,186,8,0,8,194
01/19/2018,PSP,CA,AWP,WE,Towers with Radar,74,20,23,1,118,0,2,30,6,38,74,22,53,7,156,26,0,26,182
01/20/2018,PSP,CA,AWP,WE,Towers with Radar,80,32,26,3,141,0,1,38,0,39,80,33,64,3,180,12,0,12,192
01/21/2018,PSP,CA,AWP,WE,Towers with Radar,69,27,38,1,135,0,0,43,2,45,69,27,81,3,180,18,0,18,198
01/22/2018,PSP,CA,AWP,WE,Towers with Radar,70,26,27,2,125,0,1,30,10,41,70,27,57,12,166,0,0,0,166
01/23/2018,PSP,CA,AWP,WE,Towers with Radar,67,39,25,2,133,0,6,48,9,63,67,45,73,11,196,28,0,28,224
01/24/2018,PSP,CA,AWP,WE,Towers with Radar,76,26,38,0,140,0,1,40,12,53,76,27,78,12,193,26,0,26,219
01/25/2018,PSP,CA,AWP,WE,Towers with Radar,67,17,41,0,125,0,0,25,12,37,67,17,66,12,162,10,0,10,172
01/26/2018,PSP,CA,AWP,WE,Towers with Radar,76,34,38,1,149,0,5,45,6,56,76,39,83,7,205,2,6,8,213
01/27/2018,PSP,CA,AWP,WE,Towers with Radar,77,29,41,2,149,0,2,48,1,51,77,31,89,3,200,82,2,84,284
01/28/2018,PSP,CA,AWP,WE,Towers with Radar,70,34,36,2,142,0,4,31,8,43,70,38,67,10,185,20,0,20,205
01/29/2018,PSP,CA,AWP,WE,Towers with Radar,74,31,35,5,145,0,2,26,2,30,74,33,61,7,175,4,0,4,179
01/30/2018,PSP,CA,AWP,WE,Towers with Radar,66,30,35,5,136,0,0,26,2,28,66,30,61,7,164,16,0,16,180
01/31/2018,PSP,CA,AWP,WE,Towers with Radar,75,28,35,0,138,0,0,60,0,60,75,28,95,0,198,30,0,30,228
02/01/2018,PSP,CA,AWP,WE,Towers with Radar,70,37,22,0,129,0,1,40,4,45,70,38,62,4,174,10,0,10,184
02/02/2018,PSP,CA,AWP,WE,Towers with Radar,80,31,25,0,136,0,3,50,0,53,80,34,75,0,189,16,0,16,205
02/03/2018,PSP,CA,AWP,WE,Towers with Radar,84,38,28,0,150,0,3,63,0,66,84,41,91,0,216,26,0,26,242
02/04/2018,PSP,CA,AWP,WE,Towers with Radar,71,38,27,0,136,0,0,52,0,52,71,38,79,0,188,24,0,24,212
02/05/2018,PSP,CA,AWP,WE,Towers with Radar,79,38,27,6,150,0,4,49,0,53,79,42,76,6,203,0,0,0,203
02/06/2018,PSP,CA,AWP,WE,Towers with Radar,70,31,24,2,127,0,3,34,1,38,70,34,58,3,165,26,2,28,193
02/07/2018,PSP,CA,AWP,WE,Towers with Radar,77,25,36,2,140,0,0,43,2,45,77,25,79,4,185,0,0,0,185
02/08/2018,PSP,CA,AWP,WE,Towers with Radar,76,30,43,3,152,0,0,66,2,68,76,30,109,5,220,23,2,25,245
02/09/2018,PSP,CA,AWP,WE,Towers with Radar,88,40,33,0,161,0,4,71,5,80,88,44,104,5,241,2,0,2,243
02/10/2018,PSP,CA,AWP,WE,Towers with Radar,84,32,22,0,138,0,1,72,3,76,84,33,94,3,214,20,0,20,234
02/11/2018,PSP,CA,AWP,WE,Towers with Radar,76,38,36,0,150,0,4,77,2,83,76,42,113,2,233,0,0,0,233
02/12/2018,PSP,CA,AWP,WE,Towers with Radar,85,26,25,1,137,0,1,33,2,36,85,27,58,3,173,6,0,6,179
02/13/2018,PSP,CA,AWP,WE,Towers with Radar,71,21,23,0,115,0,1,22,5,28,71,22,45,5,143,8,0,8,151
02/14/2018,PSP,CA,AWP,WE,Towers with Radar,82,44,24,2,152,0,1,29,4,34,82,45,53,6,186,4,0,4,190
02/15/2018,PSP,CA,AWP,WE,Towers with Radar,70,46,24,0,140,0,2,48,6,56,70,48,72,6,196,0,0,0,196
02/16/2018,PSP,CA,AWP,WE,Towers with Radar,82,38,32,0,152,0,4,41,2,47,82,42,73,2,199,2,0,2,201
02/17/2018,PSP,CA,AWP,WE,Towers with Radar,88,34,23,3,148,0,1,81,17,99,88,35,104,20,247,18,2,20,267
02/18/2018,PSP,CA,AWP,WE,Towers with Radar,77,37,40,0,154,0,3,98,11,112,77,40,138,11,266,18,0,18,284
02/19/2018,PSP,CA,AWP,WE,Towers with Radar,86,60,35,0,181,0,2,13,4,19,86,62,48,4,200,0,0,0,200
02/20/2018,PSP,CA,AWP,WE,Towers with Radar,72,53,25,1,151,0,2,57,2,61,72,55,82,3,212,4,0,4,216
02/21/2018,PSP,CA,AWP,WE,Towers with Radar,79,38,25,2,144,0,2,27,2,31,79,40,52,4,175,10,0,10,185
02/22/2018,PSP,CA,AWP,WE,Towers with Radar,72,47,39,1,159,0,0,27,5,32,72,47,66,6,191,8,0,8,199
02/23/2018,PSP,CA,AWP,WE,Towers with Radar,86,38,30,0,154,0,4,30,2,36,86,42,60,2,190,2,0,2,192
02/24/2018,PSP,CA,AWP,WE,Towers with Radar,92,30,22,0,144,0,5,58,8,71,92,35,80,8,215,62,0,62,277
02/25/2018,PSP,CA,AWP,WE,Towers with Radar,81,53,36,1,171,0,3,57,1,61,81,56,93,2,232,14,2,16,248
02/26/2018,PSP,CA,AWP,WE,Towers with Radar,85,37,34,0,156,0,5,33,0,38,85,42,67,0,194,6,0,6,200
02/27/2018,PSP,CA,AWP,WE,Towers with Radar,74,39,13,3,129,0,6,6,1,13,74,45,19,4,142,0,0,0,142
02/28/2018,PSP,CA,AWP,WE,Towers with Radar,82,30,31,0,143,0,7,47,6,60,82,37,78,6,203,16,0,16,219
03/01/2018,PSP,CA,AWP,WE,Towers with Radar,73,42,36,3,154,0,0,32,14,46,73,42,68,17,200,0,0,0,200
03/02/2018,PSP,CA,AWP,WE,Towers with Radar,81,48,28,2,159,0,2,21,11,34,81,50,49,13,193,12,2,14,207
03/03/2018,PSP,CA,AWP,WE,Towers with Radar,93,48,24,4,169,0,2,31,13,46,93,50,55,17,215,0,0,0,215
03/04/2018,PSP,CA,AWP,WE,Towers with Radar,75,46,37,3,161,0,6,67,0,73,75,52,104,3,234,8,6,14,248
03/05/2018,PSP,CA,AWP,WE,Towers with Radar,79,50,32,3,164,0,1,36,7,44,79,51,68,10,208,18,0,18,226
03/06/2018,PSP,CA,AWP,WE,Towers with Radar,75,45,28,3,151,0,1,29,3,33,75,46,57,6,184,0,0,0,184
03/07/2018,PSP,CA,AWP,WE,Towers with Radar,80,42,30,4,156,0,2,46,2,50,80,44,76,6,206,28,0,28,234
03/08/2018,PSP,CA,AWP,WE,Towers with Radar,79,56,33,2,170,0,3,51,0,54,79,59,84,2,224,36,0,36,260
03/09/2018,PSP,CA,AWP,WE,Towers with Radar,81,48,52,1,182,0,2,44,0,46,81,50,96,1,228,14,0,14,242
03/10/2018,PSP,CA,AWP,WE,Towers with Radar,89,53,29,0,171,0,4,26,1,31,89,57,55,1,202,8,0,8,210
03/11/2018,PSP,CA,AWP,WE,Towers with Radar,82,51,54,0,187,0,2,46,0,48,82,53,100,0,235,44,0,44,279
03/12/2018,PSP,CA,AWP,WE,Towers with Radar,84,54,38,1,177,0,1,52,1,54,84,55,90,2,231,16,0,16,247
03/13/2018,PSP,CA,AWP,WE,Towers with Radar,79,33,29,2,143,0,0,36,6,42,79,33,65,8,185,12,2,14,199
03/14/2018,PSP,CA,AWP,WE,Towers with Radar,85,41,42,0,168,0,4,22,4,30,85,45,64,4,198,4,0,4,202
03/15/2018,PSP,CA,AWP,WE,Towers with Radar,82,54,50,1,187,0,1,31,1,33,82,55,81,2,220,8,0,8,228
03/16/2018,PSP,CA,AWP,WE,Towers with Radar,86,44,40,3,173,0,5,28,0,33,86,49,68,3,206,12,0,12,218
03/17/2018,PSP,CA,AWP,WE,Towers with Radar,94,54,31,0,179,0,1,55,1,57,94,55,86,1,236,12,0,12,248
03/18/2018,PSP,CA,AWP,WE,Towers with Radar,83,67,56,1,207,0,6,59,0,65,83,73,115,1,272,8,0,8,280
03/19/2018,PSP,CA,AWP,WE,Towers with Radar,83,45,33,1,162,0,4,65,1,70,83,49,98,2,232,38,0,38,270
03/20/2018,PSP,CA,AWP,WE,Towers with Radar,77,54,29,2,162,0,1,93,3,97,77,55,122,5,259,36,0,36,295
03/21/2018,PSP,CA,AWP,WE,Towers with Radar,79,29,27,2,137,0,0,37,4,41,79,29,64,6,178,20,0,20,198
03/22/2018,PSP,CA,AWP,WE,Towers with Radar,73,47,38,3,161,0,4,8,4,16,73,51,46,7,177,2,0,2,179
03/23/2018,PSP,CA,AWP,WE,Towers with Radar,86,51,44,3,184,0,3,49,8,60,86,54,93,11,244,2,6,8,252
03/24/2018,PSP,CA,AWP,WE,Towers with Radar,93,48,37,2,180,0,2,43,2,47,93,50,80,4,227,8,0,8,235
03/25/2018,PSP,CA,AWP,WE,Towers with Radar,82,39,33,1,155,0,7,45,1,53,82,46,78,2,208,8,0,8,216
03/26/2018,PSP,CA,AWP,WE,Towers with Radar,84,45,34,2,165,0,1,21,4,26,84,46,55,6,191,2,0,2,193
03/27/2018,PSP,CA,AWP,WE,Towers with Radar,78,34,23,4,139,0,0,34,14,48,78,34,57,18,187,4,0,4,191
03/28/2018,PSP,CA,AWP,WE,Towers with Radar,85,37,24,0,146,1,3,47,2,53,86,40,71,2,199,0,0,0,199
03/29/2018,PSP,CA,AWP,WE,Towers with Radar,80,48,41,0,169,0,4,56,4,64,80,52,97,4,233,4,2,6,239
03/30/2018,PSP,CA,AWP,WE,Towers with Radar,86,43,30,0,159,0,3,59,1,63,86,46,89,1,222,8,0,8,230
03/31/2018,PSP,CA,AWP,WE,Towers with Radar,100,49,24,0,173,0,3,64,0,67,100,52,88,0,240,28,0,28,268
04/01/2018,PSP,CA,AWP,WE,Towers with Radar,79,41,31,0,151,0,2,31,2,35,79,43,62,2,186,2,0,2,188
04/02/2018,PSP,CA,AWP,WE,Towers with Radar,83,51,33,0,167,0,0,33,0,33,83,51,66,0,200,14,0,14,214
04/03/2018,PSP,CA,AWP,WE,Towers with Radar,79,40,31,0,150,0,1,34,0,35,79,41,65,0,185,2,0,2,187
04/04/2018,PSP,CA,AWP,WE,Towers with Radar,85,30,20,0,135,0,3,41,4,48,85,33,61,4,183,8,0,8,191
04/05/2018,PSP,CA,AWP,WE,Towers with Radar,80,31,29,1,141,0,3,50,0,53,80,34,79,1,194,24,10,34,228
04/06/2018,PSP,CA,AWP,WE,Towers with Radar,83,43,30,1,157,0,0,29,2,31,83,43,59,3,188,8,0,8,196
04/07/2018,PSP,CA,AWP,WE,Towers with Radar,91,38,29,0,158,0,4,44,0,48,91,42,73,0,206,24,0,24,230
04/08/2018,PSP,CA,AWP,WE,Towers with Radar,81,51,59,0,191,0,6,60,1,67,81,57,119,1,258,10,0,10,268
04/09/2018,PSP,CA,AWP,WE,Towers with Radar,80,32,22,0,134,0,1,34,3,38,80,33,56,3,172,4,0,4,176
04/10/2018,PSP,CA,AWP,WE,Towers with Radar,77,44,16,0,137,0,7,45,2,54,77,51,61,2,191,12,0,12,203
04/11/2018,PSP,CA,AWP,WE,Towers with Radar,81,34,17,0,132,0,1,24,0,25,81,35,41,0,157,8,0,8,165
04/12/2018,PSP,CA,AWP,WE,Towers with Radar,101,50,56,0,207,0,0,14,0,14,101,50,70,0,221,0,0,0,221
04/13/2018,PSP,CA,AWP,WE,Towers with Radar,92,47,35,0,174,0,3,71,4,78,92,50,106,4,252,14,0,14,266
04/14/2018,PSP,CA,AWP,WE,Towers with Radar,79,35,15,0,129,0,5,95,0,100,79,40,110,0,229,46,0,46,275
04/15/2018,PSP,CA,AWP,WE,Towers with Radar,84,48,45,0,177,0,2,56,2,60,84,50,101,2,237,24,0,24,261
04/16/2018,PSP,CA,AWP,WE,Towers with Radar,77,53,49,0,179,0,2,24,2,28,77,55,73,2,207,2,0,2,209
04/17/2018,PSP,CA,AWP,WE,Towers with Radar,80,33,19,0,132,0,2,26,11,39,80,35,45,11,171,2,0,2,173
04/18/2018,PSP,CA,AWP,WE,Towers with Radar,71,45,28,9,153,0,1,39,0,40,71,46,67,9,193,10,0,10,203
04/19/2018,PSP,CA,AWP,WE,Towers with Radar,92,36,35,0,163,0,4,11,0,15,92,40,46,0,178,18,0,18,196
04/20/2018,PSP,CA,AWP,WE,Towers with Radar,89,27,37,4,157,0,6,59,0,65,89,33,96,4,222,16,0,16,238
04/21/2018,PSP,CA,AWP,WE,Towers with Radar,83,28,26,1,138,0,1,98,2,101,83,29,124,3,239,16,0,16,255
04/22/2018,PSP,CA,AWP,WE,Towers with Radar,81,58,30,0,169,0,1,89,1,91,81,59,119,1,260,4,0,4,264
04/23/2018,PSP,CA,AWP,WE,Towers with Radar,79,43,25,1,148,0,0,38,7,45,79,43,63,8,193,10,0,10,203
04/24/2018,PSP,CA,AWP,WE,Towers with Radar,69,31,18,4,122,0,5,22,4,31,69,36,40,8,153,4,0,4,157
04/25/2018,PSP,CA,AWP,WE,Towers with Radar,73,32,21,0,126,0,0,20,6,26,73,32,41,6,152,6,0,6,158
04/26/2018,PSP,CA,AWP,WE,Towers with Radar,75,35,24,0,134,0,3,29,0,32,75,38,53,0,166,6,0,6,172
04/27/2018,PSP,CA,AWP,WE,Towers with Radar,75,40,35,2,152,0,3,38,1,42,75,43,73,3,194,2,2,4,198
04/28/2018,PSP,CA,AWP,WE,Towers with Radar,70,37,25,3,135,0,0,45,3,48,70,37,70,6,183,16,4,20,203
04/29/2018,PSP,CA,AWP,WE,Towers with Radar,77,34,30,0,141,0,7,19,1,27,77,41,49,1,168,8,0,8,176
04/30/2018,PSP,CA,AWP,WE,Towers with Radar,68,45,35,0,148,0,5,24,1,30,68,50,59,1,178,2,0,2,180
05/01/2018,PSP,CA,AWP,WE,Towers with Radar,59,34,22,0,115,0,1,14,4,19,59,35,36,4,134,0,0,0,134
05/02/2018,PSP,CA,AWP,WE,Towers with Radar,64,33,14,1,112,1,2,17,0,20,65,35,31,1,132,11,0,11,143
05/03/2018,PSP,CA,AWP,WE,Towers with Radar,56,34,23,3,116,0,4,38,5,47,56,38,61,8,163,2,2,4,167
05/04/2018,PSP,CA,AWP,WE,Towers with Radar,57,33,16,0,106,0,2,66,5,73,57,35,82,5,179,60,0,60,239
05/05/2018,PSP,CA,AWP,WE,Towers with Radar,49,37,17,0,103,0,2,49,4,55,49,39,66,4,158,0,0,0,158
05/06/2018,PSP,CA,AWP,WE,Towers with Radar,52,37,27,0,116,0,8,37,4,49,52,45,64,4,165,22,0,22,187
05/07/2018,PSP,CA,AWP,WE,Towers with Radar,51,27,23,0,101,0,5,39,0,44,51,32,62,0,145,28,0,28,173
05/08/2018,PSP,CA,AWP,WE,Towers with Radar,49,31,10,1,91,0,6,24,2,32,49,37,34,3,123,0,0,0,123
05/09/2018,PSP,CA,AWP,WE,Towers with Radar,43,32,17,0,92,0,4,29,3,36,43,36,46,3,128,2,0,2,130
05/10/2018,PSP,CA,AWP,WE,Towers with Radar,46,32,11,2,91,0,5,29,3,37,46,37,40,5,128,2,0,2,130
05/11/2018,PSP,CA,AWP,WE,Towers with Radar,49,33,23,1,106,0,1,35,3,39,49,34,58,4,145,2,2,4,149
05/12/2018,PSP,CA,AWP,WE,Towers with Radar,43,23,26,1,93,0,1,33,2,36,43,24,59,3,129,4,0,4,133
05/13/2018,PSP,CA,AWP,WE,Towers with Radar,49,19,16,0,84,0,0,38,0,38,49,19,54,0,122,2,0,2,124
05/14/2018,PSP,CA,AWP,WE,Towers with Radar,49,25,16,0,90,0,1,33,0,34,49,26,49,0,124,0,0,0,124
05/15/2018,PSP,CA,AWP,WE,Towers with Radar,48,22,8,0,78,0,2,16,5,23,48,24,24,5,101,10,0,10,111
05/16/2018,PSP,CA,AWP,WE,Towers with Radar,41,20,22,0,83,0,1,31,2,34,41,21,53,2,117,8,0,8,125
05/17/2018,PSP,CA,AWP,WE,Towers with Radar,47,28,20,2,97,0,0,26,2,28,47,28,46,4,125,0,0,0,125
05/18/2018,PSP,CA,AWP,WE,Towers with Radar,42,19,22,4,87,0,5,19,2,26,42,24,41,6,113,0,2,2,115
05/19/2018,PSP,CA,AWP,WE,Towers with Radar,38,20,13,3,74,0,4,28,6,38,38,24,41,9,112,24,6,30,142
05/20/2018,PSP,CA,AWP,WE,Towers with Radar,45,17,21,2,85,0,1,34,5,40,45,18,55,7,125,2,0,2,127
05/21/2018,PSP,CA,AWP,WE,Towers with Radar,47,21,11,2,81,0,5,12,14,31,47,26,23,16,112,0,0,0,112
05/22/2018,PSP,CA,AWP,WE,Towers with Radar,44,21,9,2,76,0,1,13,3,17,44,22,22,5,93,2,0,2,95
05/23/2018,PSP,CA,AWP,WE,Towers with Radar,39,21,9,2,71,0,0,19,8,27,39,21,28,10,98,8,0,8,106
05/24/2018,PSP,CA,AWP,WE,Towers with Radar,44,18,23,0,85,0,2,33,11,46,44,20,56,11,131,8,0,8,139
05/25/2018,PSP,CA,AWP,WE,Towers with Radar,44,17,25,3,89,0,2,39,7,48,44,19,64,10,137,6,0,6,143
05/26/2018,PSP,CA,AWP,WE,Towers with Radar,38,21,17,2,78,0,4,18,1,23,38,25,35,3,101,2,0,2,103
05/27/2018,PSP,CA,AWP,WE,Towers with Radar,42,17,9,0,68,0,0,57,0,57,42,17,66,0,125,44,0,44,169
05/28/2018,PSP,CA,AWP,WE,Towers with Radar,42,18,34,2,96,0,2,78,1,81,42,20,112,3,177,106,0,106,283
05/29/2018,PSP,CA,AWP,WE,Towers with Radar,42,21,14,0,77,0,1,22,6,29,42,22,36,6,106,28,0,28,134
05/30/2018,PSP,CA,AWP,WE,Towers with Radar,40,22,13,2,77,0,4,17,2,23,40,26,30,4,100,4,0,4,104
05/31/2018,PSP,CA,AWP,WE,Towers with Radar,44,19,15,1,79,0,0,22,2,24,44,19,37,3,103,20,2,22,125
06/01/2018,PSP,CA,AWP,WE,Towers with Radar,40,23,11,0,74,0,1,45,0,46,40,24,56,0,120,10,2,12,132
06/02/2018,PSP,CA,AWP,WE,Towers with Radar,36,16,13,0,65,0,2,34,1,37,36,18,47,1,102,0,0,0,102
06/03/2018,PSP,CA,AWP,WE,Towers with Radar,38,20,11,1,70,0,1,29,0,30,38,21,40,1,100,14,0,14,114
06/04/2018,PSP,CA,AWP,WE,Towers with Radar,34,23,9,3,69,0,2,21,2,25,34,25,30,5,94,12,0,12,106
06/05/2018,PSP,CA,AWP,WE,Towers with Radar,36,31,9,0,76,0,6,17,1,24,36,37,26,1,100,16,0,16,116
06/06/2018,PSP,CA,AWP,WE,Towers with Radar,32,18,2,2,54,0,1,17,0,18,32,19,19,2,72,0,0,0,72
06/07/2018,PSP,CA,AWP,WE,Towers with Radar,33,21,5,3,62,0,2,22,6,30,33,23,27,9,92,20,0,20,112
06/08/2018,PSP,CA,AWP,WE,Towers with Radar,30,9,3,0,42,0,2,30,0,32,30,11,33,0,74,0,0,0,74
06/09/2018,PSP,CA,AWP,WE,Towers with Radar,31,7,5,0,43,0,2,37,4,43,31,9,42,4,86,0,0,0,86
06/10/2018,PSP,CA,AWP,WE,Towers with Radar,38,7,11,1,57,0,0,38,1,39,38,7,49,2,96,14,0,14,110
06/11/2018,PSP,CA,AWP,WE,Towers with Radar,31,7,5,0,43,0,3,24,0,27,31,10,29,0,70,2,0,2,72
06/12/2018,PSP,CA,AWP,WE,Towers with Radar,32,14,3,0,49,0,0,17,2,19,32,14,20,2,68,4,0,4,72
06/13/2018,PSP,CA,AWP,WE,Towers with Radar,31,13,7,0,51,0,1,12,2,15,31,14,19,2,66,0,0,0,66
06/14/2018,PSP,CA,AWP,WE,Towers with Radar,36,11,8,3,58,0,2,23,4,29,36,13,31,7,87,14,0,14,101
06/15/2018,PSP,CA,AWP,WE,Towers with Radar,32,9,7,3,51,0,3,28,5,36,32,12,35,8,87,0,0,0,87
06/16/2018,PSP,CA,AWP,WE,Towers with Radar,30,13,9,0,52,0,2,17,0,19,30,15,26,0,71,0,0,0,71
06/17/2018,PSP,CA,AWP,WE,Towers with Radar,39,13,13,0,65,0,0,23,4,27,39,13,36,4,92,14,0,14,106
06/18/2018,PSP,CA,AWP,WE,Towers with Radar,30,13,17,1,61,0,1,14,5,20,30,14,31,6,81,2,0,2,83
06/19/2018,PSP,CA,AWP,WE,Towers with Radar,31,10,12,0,53,0,8,24,0,32,31,18,36,0,85,22,2,24,109
06/20/2018,PSP,CA,AWP,WE,Towers with Radar,32,9,14,1,56,0,2,33,1,36,32,11,47,2,92,10,0,10,102
06/21/2018,PSP,CA,AWP,WE,Towers with Radar,32,14,9,2,57,0,3,21,2,26,32,17,30,4,83,24,0,24,107
06/22/2018,PSP,CA,AWP,WE,Towers with Radar,32,14,5,0,51,0,5,36,0,41,32,19,41,0,92,8,0,8,100
06/23/2018,PSP,CA,AWP,WE,Towers with Radar,28,12,12,0,52,0,1,28,2,31,28,13,40,2,83,2,0,2,85
06/24/2018,PSP,CA,AWP,WE,Towers with Radar,33,16,7,1,57,0,2,37,3,42,33,18,44,4,99,20,0,20,119
06/25/2018,PSP,CA,AWP,WE,Towers with Radar,32,12,4,0,48,0,0,14,4,18,32,12,18,4,66,0,0,0,66
06/26/2018,PSP,CA,AWP,WE,Towers with Radar,32,6,8,0,46,0,0,32,3,35,32,6,40,3,81,2,2,4,85
06/27/2018,PSP,CA,AWP,WE,Towers with Radar,30,9,11,0,50,0,0,23,2,25,30,9,34,2,75,26,0,26,101
06/28/2018,PSP,CA,AWP,WE,Towers with Radar,34,8,5,0,47,0,0,25,0,25,34,8,30,0,72,4,0,4,76
06/29/2018,PSP,CA,AWP,WE,Towers with Radar,30,16,12,3,61,0,4,31,0,35,30,20,43,3,96,0,0,0,96
06/30/2018,PSP,CA,AWP,WE,Towers with Radar,29,14,4,7,54,0,3,35,1,39,29,17,39,8,93,0,0,0,93
07/01/2018,PSP,CA,AWP,WE,Towers with Radar,35,13,6,0,54,0,2,29,1,32,35,15,35,1,86,2,0,2,88
07/02/2018,PSP,CA,AWP,WE,Towers with Radar,28,10,6,1,45,0,1,24,2,27,28,11,30,3,72,6,0,6,78
07/03/2018,PSP,CA,AWP,WE,Towers with Radar,28,11,4,1,44,0,0,19,2,21,28,11,23,3,65,2,0,2,67
07/04/2018,PSP,CA,AWP,WE,Towers with Radar,27,10,3,0,40,0,1,18,0,19,27,11,21,0,59,6,0,6,65
07/05/2018,PSP,CA,AWP,WE,Towers with Radar,30,14,3,0,47,0,4,23,2,29,30,18,26,2,76,10,2,12,88
07/06/2018,PSP,CA,AWP,WE,Towers with Radar,30,16,6,1,53,0,1,42,46,89,30,17,48,47,142,0,0,0,142
07/07/2018,PSP,CA,AWP,WE,Towers with Radar,31,6,3,0,40,0,2,23,6,31,31,8,26,6,71,6,0,6,77
07/08/2018,PSP,CA,AWP,WE,Towers with Radar,35,12,4,1,52,0,2,19,0,21,35,14,23,1,73,0,0,0,73
07/09/2018,PSP,CA,AWP,WE,Towers with Radar,31,20,13,1,65,0,0,5,0,5,31,20,18,1,70,4,0,4,74
07/10/2018,PSP,CA,AWP,WE,Towers with Radar,25,12,9,2,48,0,2,11,9,22,25,14,20,11,70,10,0,10,80
07/11/2018,PSP,CA,AWP,WE,Towers with Radar,28,11,7,2,48,0,1,7,2,10,28,12,14,4,58,12,0,12,70
07/12/2018,PSP,CA,AWP,WE,Towers with Radar,30,19,9,0,58,0,6,14,6,26,30,25,23,6,84,8,0,8,92
07/13/2018,PSP,CA,AWP,WE,Towers with Radar,30,14,4,0,48,0,4,21,2,27,30,18,25,2,75,6,0,6,81
07/14/2018,PSP,CA,AWP,WE,Towers with Radar,31,15,2,2,50,0,7,17,0,24,31,22,19,2,74,6,0,6,80
07/15/2018,PSP,CA,AWP,WE,Towers with Radar,35,11,5,0,51,0,2,16,2,20,35,13,21,2,71,0,0,0,71
07/16/2018,PSP,CA,AWP,WE,Towers with Radar,27,14,6,0,47,0,2,18,0,20,27,16,24,0,67,0,0,0,67
07/17/2018,PSP,CA,AWP,WE,Towers with Radar,28,11,5,0,44,0,2,29,0,31,28,13,34,0,75,6,0,6,81
07/18/2018,PSP,CA,AWP,WE,Towers with Radar,28,12,10,0,50,0,5,16,1,22,28,17,26,1,72,10,0,10,82
07/19/2018,PSP,CA,AWP,WE,Towers with Radar,33,13,4,4,54,0,0,26,6,32,33,13,30,10,86,14,0,14,100
07/20/2018,PSP,CA,AWP,WE,Towers with Radar,29,10,4,0,43,0,2,35,6,43,29,12,39,6,86,30,0,30,116
07/21/2018,PSP,CA,AWP,WE,Towers with Radar,31,8,8,1,48,0,4,31,7,42,31,12,39,8,90,22,0,22,112
07/22/2018,PSP,CA,AWP,WE,Towers with Radar,32,10,8,0,50,0,0,17,2,19,32,10,25,2,69,0,0,0,69
07/23/2018,PSP,CA,AWP,WE,Towers with Radar,27,11,2,2,42,0,1,20,5,26,27,12,22,7,68,0,0,0,68
07/24/2018,PSP,CA,AWP,WE,Towers with Radar,27,12,12,1,52,0,5,19,2,26,27,17,31,3,78,6,0,6,84
07/25/2018,PSP,CA,AWP,WE,Towers with Radar,26,10,7,1,44,0,3,16,3,22,26,13,23,4,66,2,0,2,68
07/26/2018,PSP,CA,AWP,WE,Towers with Radar,31,14,3,0,48,0,2,30,4,36,31,16,33,4,84,6,0,6,90
07/27/2018,PSP,CA,AWP,WE,Towers with Radar,30,11,5,2,48,0,6,9,4,19,30,17,14,6,67,0,0,0,67
07/28/2018,PSP,CA,AWP,WE,Towers with Radar,30,7,3,2,42,0,0,23,2,25,30,7,26,4,67,22,0,22,89
07/29/2018,PSP,CA,AWP,WE,Towers with Radar,33,20,3,0,56,0,2,30,0,32,33,22,33,0,88,38,0,38,126
07/30/2018,PSP,CA,AWP,WE,Towers with Radar,29,9,2,1,41,0,0,13,1,14,29,9,15,2,55,22,0,22,77
07/31/2018,PSP,CA,AWP,WE,Towers with Radar,29,11,3,1,44,0,0,20,6,26,29,11,23,7,70,0,0,0,70
08/01/2018,PSP,CA,AWP,WE,Towers with Radar,27,9,2,1,39,0,1,17,0,18,27,10,19,1,57,4,0,4,61
08/02/2018,PSP,CA,AWP,WE,Towers with Radar,33,14,3,2,52,0,4,20,5,29,33,18,23,7,81,0,0,0,81
08/03/2018,PSP,CA,AWP,WE,Towers with Radar,29,12,6,0,47,0,2,23,1,26,29,14,29,1,73,0,0,0,73
08/04/2018,PSP,CA,AWP,WE,Towers with Radar,29,12,4,0,45,0,3,17,2,22,29,15,21,2,67,12,0,12,79
08/05/2018,PSP,CA,AWP,WE,Towers with Radar,34,10,3,1,48,0,2,26,3,31,34,12,29,4,79,0,0,0,79
08/06/2018,PSP,CA,AWP,WE,Towers with Radar,27,8,8,1,44,0,5,18,1,24,27,13,26,2,68,0,0,0,68
08/07/2018,PSP,CA,AWP,WE,Towers with Radar,43,10,10,0,63,0,5,7,3,15,43,15,17,3,78,0,0,0,78
08/08/2018,PSP,CA,AWP,WE,Towers with Radar,27,18,0,3,48,0,5,3,4,12,27,23,3,7,60,20,0,20,80
08/09/2018,PSP,CA,AWP,WE,Towers with Radar,32,13,5,1,51,0,1,16,4,21,32,14,21,5,72,18,0,18,90
08/10/2018,PSP,CA,AWP,WE,Towers with Radar,46,13,10,3,72,0,1,22,3,26,46,14,32,6,98,6,0,6,104
08/11/2018,PSP,CA,AWP,WE,Towers with Radar,43,6,6,0,55,0,5,34,2,41,43,11,40,2,96,14,2,16,112
08/12/2018,PSP,CA,AWP,WE,Towers with Radar,35,10,6,0,51,0,3,22,0,25,35,13,28,0,76,12,0,12,88
08/13/2018,PSP,CA,AWP,WE,Towers with Radar,27,12,6,1,46,0,10,18,5,33,27,22,24,6,79,0,0,0,79
08/14/2018,PSP,CA,AWP,WE,Towers with Radar,26,12,2,1,41,0,4,19,7,30,26,16,21,8,71,2,2,4,75
08/15/2018,PSP,CA,AWP,WE,Towers with Radar,26,9,2,4,41,0,3,18,8,29,26,12,20,12,70,4,0,4,74
08/16/2018,PSP,CA,AWP,WE,Towers with Radar,32,10,0,4,46,0,2,21,2,25,32,12,21,6,71,10,0,10,81
08/17/2018,PSP,CA,AWP,WE,Towers with Radar,29,12,5,2,48,0,4,19,2,25,29,16,24,4,73,10,0,10,83
08/18/2018,PSP,CA,AWP,WE,Towers with Radar,32,10,4,0,46,0,1,30,4,35,32,11,34,4,81,0,0,0,81
08/19/2018,PSP,CA,AWP,WE,Towers with Radar,32,10,1,1,44,0,2,34,0,36,32,12,35,1,80,18,0,18,98
08/20/2018,PSP,CA,AWP,WE,Towers with Radar,28,10,5,0,43,0,7,13,11,31,28,17,18,11,74,24,8,32,106
08/21/2018,PSP,CA,AWP,WE,Towers with Radar,26,14,9,2,51,0,1,22,7,30,26,15,31,9,81,4,0,4,85
08/22/2018,PSP,CA,AWP,WE,Towers with Radar,29,12,8,4,53,0,1,20,9,30,29,13,28,13,83,2,0,2,85
08/23/2018,PSP,CA,AWP,WE,Towers with Radar,32,17,11,1,61,0,2,23,8,33,32,19,34,9,94,10,0,10,104
08/24/2018,PSP,CA,AWP,WE,Towers with Radar,31,18,8,0,57,0,1,22,7,30,31,19,30,7,87,16,0,16,103
08/25/2018,PSP,CA,AWP,WE,Towers with Radar,28,12,5,2,47,0,3,23,3,29,28,15,28,5,76,38,0,38,114
08/26/2018,PSP,CA,AWP,WE,Towers with Radar,33,11,19,0,63,0,5,29,0,34,33,16,48,0,97,8,0,8,105
08/27/2018,PSP,CA,AWP,WE,Towers with Radar,32,17,9,0,58,0,5,29,4,38,32,22,38,4,96,1,0,1,97
08/28/2018,PSP,CA,AWP,WE,Towers with Radar,28,21,8,3,60,0,2,17,2,21,28,23,25,5,81,0,2,2,83
08/29/2018,PSP,CA,AWP,WE,Towers with Radar,31,14,8,1,54,0,3,18,9,30,31,17,26,10,84,10,0,10,94
08/30/2018,PSP,CA,AWP,WE,Towers with Radar,34,14,5,1,54,0,2,32,1,35,34,16,37,2,89,6,0,6,95
08/31/2018,PSP,CA,AWP,WE,Towers with Radar,30,24,9,0,63,0,2,21,2,25,30,26,30,2,88,6,0,6,94
09/01/2018,PSP,CA,AWP,WE,Towers with Radar,28,18,8,0,54,0,1,38,3,42,28,19,46,3,96,4,0,4,100
09/02/2018,PSP,CA,AWP,WE,Towers with Radar,27,16,3,0,46,0,4,33,0,37,27,20,36,0,83,16,0,16,99
09/03/2018,PSP,CA,AWP,WE,Towers with Radar,33,21,9,0,63,0,4,38,0,42,33,25,47,0,105,2,0,2,107
09/04/2018,PSP,CA,AWP,WE,Towers with Radar,31,15,10,2,58,0,2,10,2,14,31,17,20,4,72,0,0,0,72
09/05/2018,PSP,CA,AWP,WE,Towers with Radar,30,19,6,1,56,0,3,17,10,30,30,22,23,11,86,6,2,8,94
09/06/2018,PSP,CA,AWP,WE,Towers with Radar,34,23,4,3,64,0,3,20,1,24,34,26,24,4,88,18,0,18,106
09/07/2018,PSP,CA,AWP,WE,Towers with Radar,29,20,13,2,64,0,4,23,2,29,29,24,36,4,93,2,0,2,95
09/08/2018,PSP,CA,AWP,WE,Towers with Radar,30,13,12,0,55,0,4,29,6,39,30,17,41,6,94,0,0,0,94
09/09/2018,PSP,CA,AWP,WE,Towers with Radar,35,19,12,1,67,0,0,25,0,25,35,19,37,1,92,0,0,0,92
09/10/2018,PSP,CA,AWP,WE,Towers with Radar,32,15,7,0,54,0,3,23,1,27,32,18,30,1,81,24,0,24,105
09/11/2018,PSP,CA,AWP,WE,Towers with Radar,30,11,6,2,49,0,5,32,2,39,30,16,38,4,88,20,0,20,108
09/12/2018,PSP,CA,AWP,WE,Towers with Radar,31,18,13,0,62,0,4,33,1,38,31,22,46,1,100,16,0,16,116
09/13/2018,PSP,CA,AWP,WE,Towers with Radar,35,19,9,0,63,0,7,27,2,36,35,26,36,2,99,4,0,4,103
09/14/2018,PSP,CA,AWP,WE,Towers with Radar,31,18,10,0,59,0,4,25,0,29,31,22,35,0,88,0,0,0,88
09/15/2018,PSP,CA,AWP,WE,Towers with Radar,30,14,5,1,50,0,3,34,2,39,30,17,39,3,89,4,0,4,93
09/16/2018,PSP,CA,AWP,WE,Towers with Radar,37,19,11,0,67,0,0,25,0,25,37,19,36,0,92,0,0,0,92
09/17/2018,PSP,CA,AWP,WE,Towers with Radar,32,20,12,0,64,0,5,14,1,20,32,25,26,1,84,4,0,4,88
09/18/2018,PSP,CA,AWP,WE,Towers with Radar,31,14,9,0,54,0,4,20,4,28,31,18,29,4,82,0,0,0,82
09/19/2018,PSP,CA,AWP,WE,Towers with Radar,29,21,7,1,58,0,2,26,4,32,29,23,33,5,90,26,4,30,120
09/20/2018,PSP,CA,AWP,WE,Towers with Radar,38,15,6,2,61,0,2,43,1,46,38,17,49,3,107,6,0,6,113
09/21/2018,PSP,CA,AWP,WE,Towers with Radar,31,17,1,0,49,0,4,31,1,36,31,21,32,1,85,0,0,0,85
09/22/2018,PSP,CA,AWP,WE,Towers with Radar,31,15,8,0,54,0,0,29,0,29,31,15,37,0,83,5,0,5,88
09/23/2018,PSP,CA,AWP,WE,Towers with Radar,37,23,14,0,74,0,1,33,3,37,37,24,47,3,111,10,2,12,123
09/24/2018,PSP,CA,AWP,WE,Towers with Radar,42,20,14,5,81,0,5,15,2,22,42,25,29,7,103,2,0,2,105
09/25/2018,PSP,CA,AWP,WE,Towers with Radar,29,17,10,7,63,0,2,27,0,29,29,19,37,7,92,6,0,6,98
09/26/2018,PSP,CA,AWP,WE,Towers with Radar,31,22,8,7,68,0,3,27,2,32,31,25,35,9,100,0,0,0,100
09/27/2018,PSP,CA,AWP,WE,Towers with Radar,37,21,8,11,77,0,6,29,6,41,37,27,37,17,118,28,2,30,148
09/28/2018,PSP,CA,AWP,WE,Towers with Radar,31,23,15,4,73,0,4,25,0,29,31,27,40,4,102,20,0,20,122
09/29/2018,PSP,CA,AWP,WE,Towers with Radar,30,16,6,6,58,0,4,39,0,43,30,20,45,6,101,2,0,2,103
09/30/2018,PSP,CA,AWP,WE,Towers with Radar,38,33,13,1,85,1,1,29,1,32,39,34,42,2,117,0,0,0,117
10/01/2018,PSP,CA,AWP,WE,Towers with Radar,34,18,14,2,68,0,4,12,3,19,34,22,26,5,87,0,0,0,87
10/02/2018,PSP,CA,AWP,WE,Towers with Radar,29,18,10,0,57,0,2,26,3,31,29,20,36,3,88,26,4,30,118
10/03/2018,PSP,CA,AWP,WE,Towers with Radar,37,23,10,9,79,0,2,20,2,24,37,25,30,11,103,0,0,0,103
10/04/2018,PSP,CA,AWP,WE,Towers with Radar,48,22,9,0,79,0,3,26,3,32,48,25,35,3,111,2,2,4,115
10/05/2018,PSP,CA,AWP,WE,Towers with Radar,42,26,10,2,80,0,3,40,1,44,42,29,50,3,124,16,0,16,140
10/06/2018,PSP,CA,AWP,WE,Towers with Radar,51,22,9,1,83,0,0,44,0,44,51,22,53,1,127,6,4,10,137
10/07/2018,PSP,CA,AWP,WE,Towers with Radar,52,24,11,1,88,0,1,41,1,43,52,25,52,2,131,2,0,2,133
10/08/2018,PSP,CA,AWP,WE,Towers with Radar,47,22,10,3,82,0,4,27,3,34,47,26,37,6,116,2,0,2,118
10/09/2018,PSP,CA,AWP,WE,Towers with Radar,44,18,8,0,70,0,5,35,2,42,44,23,43,2,112,20,0,20,132
10/10/2018,PSP,CA,AWP,WE,Towers with Radar,53,18,14,0,85,0,1,45,4,50,53,19,59,4,135,0,0,0,135
10/11/2018,PSP,CA,AWP,WE,Towers with Radar,52,28,15,0,95,0,1,39,9,49,52,29,54,9,144,0,18,18,162
10/12/2018,PSP,CA,AWP,WE,Towers with Radar,53,37,10,0,100,0,5,50,4,59,53,42,60,4,159,10,0,10,169
10/13/2018,PSP,CA,AWP,WE,Towers with Radar,52,16,9,1,78,0,3,17,15,35,52,19,26,16,113,6,0,6,119
10/14/2018,PSP,CA,AWP,WE,Towers with Radar,58,19,16,0,93,0,3,47,0,50,58,22,63,0,143,6,0,6,149
10/15/2018,PSP,CA,AWP,WE,Towers with Radar,50,23,9,0,82,0,5,9,3,17,50,28,18,3,99,0,0,0,99
10/16/2018,PSP,CA,AWP,WE,Towers with Radar,45,26,12,2,85,0,1,31,7,39,45,27,43,9,124,0,0,0,124
10/17/2018,PSP,CA,AWP,WE,Towers with Radar,51,19,9,0,79,0,6,44,14,64,51,25,53,14,143,0,0,0,143
10/18/2018,PSP,CA,AWP,WE,Towers with Radar,51,24,23,5,103,0,4,36,10,50,51,28,59,15,153,8,2,10,163
10/19/2018,PSP,CA,AWP,WE,Towers with Radar,50,28,15,0,93,2,6,33,24,65,52,34,48,24,158,24,0,24,182
10/20/2018,PSP,CA,AWP,WE,Towers with Radar,51,14,10,0,75,0,4,55,11,70,51,18,65,11,145,0,0,0,145
10/21/2018,PSP,CA,AWP,WE,Towers with Radar,55,25,26,1,107,0,1,52,11,64,55,26,78,12,171,46,0,46,217
10/22/2018,PSP,CA,AWP,WE,Towers with Radar,48,21,21,3,93,0,5,47,7,59,48,26,68,10,152,0,0,0,152
10/23/2018,PSP,CA,AWP,WE,Towers with Radar,51,18,21,1,91,0,4,35,14,53,51,22,56,15,144,8,0,8,152
10/24/2018,PSP,CA,AWP,WE,Towers with Radar,54,27,9,3,93,0,4,38,0,42,54,31,47,3,135,6,0,6,141
10/25/2018,PSP,CA,AWP,WE,Towers with Radar,52,38,18,1,109,0,2,27,5,34,52,40,45,6,143,22,0,22,165
10/26/2018,PSP,CA,AWP,WE,Towers with Radar,50,30,13,0,93,0,7,54,2,63,50,37,67,2,156,34,0,34,190
10/27/2018,PSP,CA,AWP,WE,Towers with Radar,56,30,14,0,100,0,11,44,4,59,56,41,58,4,159,6,0,6,165
10/28/2018,PSP,CA,AWP,WE,Towers with Radar,70,34,28,0,132,0,8,61,2,71,70,42,89,2,203,26,12,38,241
10/29/2018,PSP,CA,AWP,WE,Towers with Radar,88,17,25,0,130,0,9,23,1,33,88,26,48,1,163,6,0,6,169
10/30/2018,PSP,CA,AWP,WE,Towers with Radar,63,25,17,0,105,0,2,15,1,18,63,27,32,1,123,20,0,20,143
10/31/2018,PSP,CA,AWP,WE,Towers with Radar,58,18,16,0,92,0,1,38,9,48,58,19,54,9,140,12,0,12,152
11/01/2018,PSP,CA,AWP,WE,Towers with Radar,73,31,26,1,131,0,3,41,2,46,73,34,67,3,177,8,0,8,185
11/02/2018,PSP,CA,AWP,WE,Towers with Radar,60,43,44,0,147,0,5,56,4,65,60,48,100,4,212,8,0,8,220
11/03/2018,PSP,CA,AWP,WE,Towers with Radar,73,31,11,0,115,0,8,76,0,84,73,39,87,0,199,14,0,14,213
11/04/2018,PSP,CA,AWP,WE,Towers with Radar,79,33,36,0,148,0,2,57,0,59,79,35,93,0,207,2,0,2,209
11/05/2018,PSP,CA,AWP,WE,Towers with Radar,72,30,31,0,133,0,3,36,0,39,72,33,67,0,172,4,0,4,176
11/06/2018,PSP,CA,AWP,WE,Towers with Radar,67,34,28,0,129,0,4,24,4,32,67,38,52,4,161,14,0,14,175
11/07/2018,PSP,CA,AWP,WE,Towers with Radar,71,37,32,0,140,0,2,45,3,50,71,39,77,3,190,12,0,12,202
11/08/2018,PSP,CA,AWP,WE,Towers with Radar,81,39,36,0,156,0,4,24,2,30,81,43,60,2,186,10,0,10,196
11/09/2018,PSP,CA,AWP,WE,Towers with Radar,70,54,33,0,157,0,3,47,0,50,70,57,80,0,207,2,0,2,209
11/10/2018,PSP,CA,AWP,WE,Towers with Radar,79,43,21,2,145,0,5,79,0,84,79,48,100,2,229,42,0,42,271
11/11/2018,PSP,CA,AWP,WE,Towers with Radar,84,48,37,1,170,0,3,43,1,47,84,51,80,2,217,2,0,2,219
11/12/2018,PSP,CA,AWP,WE,Towers with Radar,75,28,30,2,135,0,1,30,2,33,75,29,60,4,168,12,0,12,180
11/13/2018,PSP,CA,AWP,WE,Towers with Radar,69,39,30,0,138,0,1,14,3,18,69,40,44,3,156,0,0,0,156
11/14/2018,PSP,CA,AWP,WE,Towers with Radar,72,35,28,1,136,0,7,41,5,53,72,42,69,6,189,26,0,26,215
11/15/2018,PSP,CA,AWP,WE,Towers with Radar,81,46,26,0,153,0,7,37,0,44,81,53,63,0,197,2,0,2,199
11/16/2018,PSP,CA,AWP,WE,Towers with Radar,78,45,39,2,164,0,4,73,1,78,78,49,112,3,242,0,0,0,242
11/17/2018,PSP,CA,AWP,WE,Towers with Radar,83,49,28,0,160,0,3,69,1,73,83,52,97,1,233,66,0,66,299
11/18/2018,PSP,CA,AWP,WE,Towers with Radar,88,54,40,0,182,0,2,65,0,67,88,56,105,0,249,10,0,10,259
11/19/2018,PSP,CA,AWP,WE,Towers with Radar,81,41,26,0,148,0,11,36,1,48,81,52,62,1,196,6,0,6,202
11/20/2018,PSP,CA,AWP,WE,Towers with Radar,75,47,35,7,164,0,0,49,2,51,75,47,84,9,215,32,0,32,247
11/21/2018,PSP,CA,AWP,WE,Towers with Radar,70,45,31,0,146,0,5,50,1,56,70,50,81,1,202,16,0,16,218
11/22/2018,PSP,CA,AWP,WE,Towers with Radar,66,24,10,0,100,0,11,29,0,40,66,35,39,0,140,0,0,0,140
11/23/2018,PSP,CA,AWP,WE,Towers with Radar,63,35,35,2,135,0,5,62,1,68,63,40,97,3,203,24,0,24,227
11/24/2018,PSP,CA,AWP,WE,Towers with Radar,84,42,23,0,149,0,9,74,5,88,84,51,97,5,237,6,0,6,243
11/25/2018,PSP,CA,AWP,WE,Towers with Radar,83,42,36,0,161,0,9,59,1,69,83,51,95,1,230,0,0,0,230
11/26/2018,PSP,CA,AWP,WE,Towers with Radar,79,39,26,0,144,0,2,26,1,29,79,41,52,1,173,0,0,0,173
11/27/2018,PSP,CA,AWP,WE,Towers with Radar,67,32,24,2,125,0,0,39,2,41,67,32,63,4,166,8,0,8,174
11/28/2018,PSP,CA,AWP,WE,Towers with Radar,64,21,25,6,116,0,9,30,5,44,64,30,55,11,160,6,4,10,170
11/29/2018,PSP,CA,AWP,WE,Towers with Radar,81,35,20,5,141,0,2,5,4,11,81,37,25,9,152,13,7,20,172
11/30/2018,PSP,CA,AWP,WE,Towers with Radar,75,33,26,0,134,0,7,43,0,50,75,40,69,0,184,106,0,106,290
12/01/2018,PSP,CA,AWP,WE,Towers with Radar,77,16,16,0,109,0,3,50,8,61,77,19,66,8,170,12,0,12,182
12/02/2018,PSP,CA,AWP,WE,Towers with Radar,85,33,23,0,141,0,2,42,2,46,85,35,65,2,187,4,0,4,191
12/03/2018,PSP,CA,AWP,WE,Towers with Radar,77,22,22,1,122,0,3,37,2,42,77,25,59,3,164,18,0,18,182
12/04/2018,PSP,CA,AWP,WE,Towers with Radar,60,19,20,7,106,0,0,39,1,40,60,19,59,8,146,0,0,0,146
12/05/2018,PSP,CA,AWP,WE,Towers with Radar,63,17,25,0,105,0,2,10,0,12,63,19,35,0,117,0,0,0,117
12/06/2018,PSP,CA,AWP,WE,Towers with Radar,81,22,25,2,130,0,2,6,2,10,81,24,31,4,140,0,0,0,140
12/07/2018,PSP,CA,AWP,WE,Towers with Radar,77,16,26,3,122,0,0,44,2,46,77,16,70,5,168,12,0,12,180
12/08/2018,PSP,CA,AWP,WE,Towers with Radar,75,16,18,0,109,0,1,52,3,56,75,17,70,3,165,18,0,18,183
12/09/2018,PSP,CA,AWP,WE,Towers with Radar,84,21,26,0,131,0,2,40,4,46,84,23,66,4,177,19,0,19,196
12/10/2018,PSP,CA,AWP,WE,Towers with Radar,80,24,19,0,123,0,0,23,2,25,80,24,42,2,148,0,0,0,148
12/11/2018,PSP,CA,AWP,WE,Towers with Radar,62,16,10,1,89,0,3,40,9,52,62,19,50,10,141,28,0,28,169
12/12/2018,PSP,CA,AWP,WE,Towers with Radar,64,18,9,0,91,0,5,30,2,37,64,23,39,2,128,15,0,15,143
12/13/2018,PSP,CA,AWP,WE,Towers with Radar,81,23,32,0,136,0,3,50,6,59,81,26,82,6,195,9,0,9,204
12/14/2018,PSP,CA,AWP,WE,Towers with Radar,79,23,18,5,125,0,6,40,3,49,79,29,58,8,174,30,0,30,204
12/15/2018,PSP,CA,AWP,WE,Towers with Radar,81,21,9,2,113,0,3,68,4,75,81,24,77,6,188,54,0,54,242
12/16/2018,PSP,CA,AWP,WE,Towers with Radar,84,29,24,2,139,0,0,21,0,21,84,29,45,2,160,0,0,0,160
12/17/2018,PSP,CA,AWP,WE,Towers with Radar,88,22,23,1,134,0,3,24,1,28,88,25,47,2,162,0,0,0,162
12/18/2018,PSP,CA,AWP,WE,Towers with Radar,77,18,10,2,107,0,3,18,2,23,77,21,28,4,130,2,0,2,132
12/19/2018,PSP,CA,AWP,WE,Towers with Radar,83,29,26,5,143,0,2,30,2,34,83,31,56,7,177,20,0,20,197
12/20/2018,PSP,CA,AWP,WE,Towers with Radar,93,25,33,4,155,0,0,46,0,46,93,25,79,4,201,10,0,10,211
12/21/2018,PSP,CA,AWP,WE,Towers with Radar,98,35,31,1,165,0,1,25,0,26,98,36,56,1,191,24,0,24,215
12/22/2018,PSP,CA,AWP,WE,Towers with Radar,104,36,28,0,168,0,3,59,3,65,104,39,87,3,233,18,0,18,251
12/23/2018,PSP,CA,AWP,WE,Towers with Radar,105,22,25,0,152,0,0,31,1,32,105,22,56,1,184,0,0,0,184
12/24/2018,PSP,CA,AWP,WE,Towers with Radar,85,17,10,0,112,0,1,34,2,37,85,18,44,2,149,2,0,2,151
12/25/2018,PSP,CA,AWP,WE,Towers with Radar,88,23,7,0,118,0,2,17,0,19,88,25,24,0,137,0,0,0,137
12/26/2018,PSP,CA,AWP,WE,Towers with Radar,95,36,46,0,177,0,5,42,1,48,95,41,88,1,225,0,0,0,225
12/27/2018,PSP,CA,AWP,WE,Towers with Radar,98,61,45,0,204,0,5,54,4,63,98,66,99,4,267,16,0,16,283
12/28/2018,PSP,CA,AWP,WE,Towers with Radar,104,53,25,0,182,1,4,43,0,48,105,57,68,0,230,8,0,8,238
12/29/2018,PSP,CA,AWP,WE,Towers with Radar,101,49,26,0,176,0,5,84,0,89,101,54,110,0,265,24,0,24,289
12/30/2018,PSP,CA,AWP,WE,Towers with Radar,108,48,24,0,180,0,0,48,4,52,108,48,72,4,232,28,0,28,260
12/31/2018,PSP,CA,AWP,WE,Towers with Radar,93,24,17,0,134,0,8,24,2,34,93,32,41,2,168,4,0,4,172
01/01/2019,PSP,CA,AWP,WE,Towers with Radar,94,26,19,0,139,0,3,38,0,41,94,29,57,0,180,16,0,16,196
01/02/2019,PSP,CA,AWP,WE,Towers with Radar,98,31,34,2,165,0,2,39,0,41,98,33,73,2,206,4,0,4,210
01/03/2019,PSP,CA,AWP,WE,Towers with Radar,98,36,40,1,175,0,0,45,8,53,98,36,85,9,228,0,0,0,228
01/04/2019,PSP,CA,AWP,WE,Towers with Radar,96,33,41,0,170,0,3,57,4,64,96,36,98,4,234,22,0,22,256
01/05/2019,PSP,CA,AWP,WE,Towers with Radar,90,29,33,0,152,0,6,27,2,35,90,35,60,2,187,40,0,40,227
01/06/2019,PSP,CA,AWP,WE,Towers with Radar,92,29,24,0,145,0,1,15,4,20,92,30,39,4,165,12,0,12,177
01/07/2019,PSP,CA,AWP,WE,Towers with Radar,94,26,22,1,143,0,2,12,3,17,94,28,34,4,160,4,0,4,164
01/08/2019,PSP,CA,AWP,WE,Towers with Radar,83,25,16,0,124,0,1,28,0,29,83,26,44,0,153,0,0,0,153
01/09/2019,PSP,CA,AWP,WE,Towers with Radar,85,27,16,1,129,0,2,32,1,35,85,29,48,2,164,44,0,44,208
01/10/2019,PSP,CA,AWP,WE,Towers with Radar,96,26,29,0,151,0,5,39,3,47,96,31,68,3,198,21,0,21,219
01/11/2019,PSP,CA,AWP,WE,Towers with Radar,88,30,22,1,141,0,3,29,7,39,88,33,51,8,180,0,0,0,180
01/12/2019,PSP,CA,AWP,WE,Towers with Radar,96,28,18,0,142,0,1,14,3,18,96,29,32,3,160,0,0,0,160
01/13/2019,PSP,CA,AWP,WE,Towers with Radar,98,29,31,0,158,0,4,31,0,35,98,33,62,0,193,34,0,34,227
01/14/2019,PSP,CA,AWP,WE,Towers with Radar,89,22,23,1,135,0,2,11,1,14,89,24,34,2,149,0,0,0,149
01/15/2019,PSP,CA,AWP,WE,Towers with Radar,82,27,28,0,137,0,0,11,0,11,82,27,39,0,148,42,0,42,190
01/16/2019,PSP,CA,AWP,WE,Towers with Radar,80,22,9,0,111,0,0,3,0,3,80,22,12,0,114,0,0,0,114
01/17/2019,PSP,CA,AWP,WE,Towers with Radar,84,25,35,2,146,0,0,0,1,1,84,25,35,3,147,0,0,0,147
01/18/2019,PSP,CA,AWP,WE,Towers with Radar,91,46,50,1,188,0,6,49,9,64,91,52,99,10,252,10,2,12,264
01/19/2019,PSP,CA,AWP,WE,Towers with Radar,91,43,34,0,168,0,2,65,4,71,91,45,99,4,239,14,0,14,253
01/20/2019,PSP,CA,AWP,WE,Towers with Radar,101,44,30,0,175,0,5,53,3,61,101,49,83,3,236,30,0,30,266
01/21/2019,PSP,CA,AWP,WE,Towers with Radar,96,39,46,0,181,0,1,22,3,26,96,40,68,3,207,2,0,2,209
01/22/2019,PSP,CA,AWP,WE,Towers with Radar,87,26,21,0,134,0,0,18,2,20,87,26,39,2,154,0,0,0,154
01/23/2019,PSP,CA,AWP,WE,Towers with Radar,92,27,39,1,159,0,2,55,8,65,92,29,94,9,224,38,4,42,266
01/24/2019,PSP,CA,AWP,WE,Towers with Radar,102,34,38,0,174,0,0,27,12,39,102,34,65,12,213,12,0,12,225
01/25/2019,PSP,CA,AWP,WE,Towers with Radar,93,40,28,3,164,0,2,53,7,62,93,42,81,10,226,18,0,18,244
01/26/2019,PSP,CA,AWP,WE,Towers with Radar,98,30,29,1,158,0,0,60,1,61,98,30,89,2,219,154,0,154,373
01/27/2019,PSP,CA,AWP,WE,Towers with Radar,102,47,45,2,196,0,3,71,7,81,102,50,116,9,277,56,0,56,333
01/28/2019,PSP,CA,AWP,WE,Towers with Radar,98,41,34,0,173,0,0,46,1,47,98,41,80,1,220,0,0,0,220
01/29/2019,PSP,CA,AWP,WE,Towers with Radar,85,36,40,2,163,0,0,41,3,44,85,36,81,5,207,38,0,38,245
01/30/2019,PSP,CA,AWP,WE,Towers with Radar,88,32,24,1,145,0,1,20,4,25,88,33,44,5,170,2,0,2,172
01/31/2019,PSP,CA,AWP,WE,Towers with Radar,91,35,27,0,153,0,4,13,2,19,91,39,40,2,172,0,0,0,172
02/01/2019,PSP,CA,AWP,WE,Towers with Radar,92,40,38,5,175,0,9,44,0,53,92,49,82,5,228,16,0,16,244
02/02/2019,PSP,CA,AWP,WE,Towers with Radar,77,13,11,0,101,0,1,2,1,4,77,14,13,1,105,0,0,0,105
02/03/2019,PSP,CA,AWP,WE,Towers with Radar,105,33,26,0,164,0,2,27,2,31,105,35,53,2,195,0,0,0,195
02/04/2019,PSP,CA,AWP,WE,Towers with Radar,92,31,17,2,142,0,6,13,0,19,92,37,30,2,161,0,0,0,161
02/05/2019,PSP,CA,AWP,WE,Towers with Radar,86,33,16,0,135,0,0,20,2,22,86,33,36,2,157,114,2,116,273
02/06/2019,PSP,CA,AWP,WE,Towers with Radar,90,30,36,0,156,0,3,35,2,40,90,33,71,2,196,6,0,6,202
02/07/2019,PSP,CA,AWP,WE,Towers with Radar,97,37,29,0,163,0,0,54,1,55,97,37,83,1,218,2,0,2,220
02/08/2019,PSP,CA,AWP,WE,Towers with Radar,88,51,48,2,189,0,2,83,10,95,88,53,131,12,284,16,0,16,300
02/09/2019,PSP,CA,AWP,WE,Towers with Radar,99,33,23,1,156,0,5,82,4,91,99,38,105,5,247,27,0,27,274
02/10/2019,PSP,CA,AWP,WE,Towers with Radar,107,64,45,0,216,0,3,48,2,53,107,67,93,2,269,28,0,28,297
02/11/2019,PSP,CA,AWP,WE,Towers with Radar,94,33,40,0,167,0,0,63,0,63,94,33,103,0,230,12,0,12,242
02/12/2019,PSP,CA,AWP,WE,Towers with Radar,88,35,27,0,150,0,1,36,2,39,88,36,63,2,189,26,0,26,215
02/13/2019,PSP,CA,AWP,WE,Towers with Radar,86,41,45,2,174,0,2,20,2,24,86,43,65,4,198,12,0,12,210
02/14/2019,PSP,CA,AWP,WE,Towers with Radar,91,35,16,0,142,0,2,0,0,2,91,37,16,0,144,0,0,0,144
02/15/2019,PSP,CA,AWP,WE,Towers with Radar,108,40,35,0,183,0,4,37,0,41,108,44,72,0,224,32,0,32,256
02/16/2019,PSP,CA,AWP,WE,Towers with Radar,115,42,27,0,184,0,5,61,4,70,115,47,88,4,254,82,0,82,336
02/17/2019,PSP,CA,AWP,WE,Towers with Radar,114,34,24,0,172,0,4,23,0,27,114,38,47,0,199,0,0,0,199
02/18/2019,PSP,CA,AWP,WE,Towers with Radar,112,40,24,1,177,0,4,58,7,69,112,44,82,8,246,10,0,10,256
02/19/2019,PSP,CA,AWP,WE,Towers with Radar,98,30,26,2,156,0,3,60,3,66,98,33,86,5,222,16,0,16,238
02/20/2019,PSP,CA,AWP,WE,Towers with Radar,97,38,32,0,167,0,6,52,8,66,97,44,84,8,233,84,0,84,317
02/21/2019,PSP,CA,AWP,WE,Towers with Radar,107,34,43,0,184,0,0,17,3,20,107,34,60,3,204,20,2,22,226
02/22/2019,PSP,CA,AWP,WE,Towers with Radar,108,44,30,1,183,0,3,73,10,86,108,47,103,11,269,12,0,12,281
02/23/2019,PSP,CA,AWP,WE,Towers with Radar,107,29,33,1,170,0,6,64,13,83,107,35,97,14,253,22,0,22,275
02/24/2019,PSP,CA,AWP,WE,Towers with Radar,111,43,62,0,216,0,2,61,2,65,111,45,123,2,281,42,0,42,323
02/25/2019,PSP,CA,AWP,WE,Towers with Radar,100,26,18,0,144,0,7,31,8,46,100,33,49,8,190,0,0,0,190
02/26/2019,PSP,CA,AWP,WE,Towers with Radar,96,23,20,2,141,0,4,52,13,69,96,27,72,15,210,2,4,6,216
02/27/2019,PSP,CA,AWP,WE,Towers with Radar,98,37,31,0,166,0,1,50,7,58,98,38,81,7,224,6,0,6,230
02/28/2019,PSP,CA,AWP,WE,Towers with Radar,102,40,38,1,181,0,1,26,4,31,102,41,64,5,212,0,0,0,212
03/01/2019,PSP,CA,AWP,WE,Towers with Radar,106,39,37,2,184,0,3,21,6,30,106,42,58,8,214,40,0,40,254
03/02/2019,PSP,CA,AWP,WE,Towers with Radar,104,39,25,1,169,0,3,27,2,32,104,42,52,3,201,14,0,14,215
03/03/2019,PSP,CA,AWP,WE,Towers with Radar,106,45,41,1,193,0,4,24,2,30,106,49,65,3,223,0,0,0,223
03/04/2019,PSP,CA,AWP,WE,Towers with Radar,109,44,21,0,174,0,7,45,12,64,109,51,66,12,238,26,0,26,264
03/05/2019,PSP,CA,AWP,WE,Towers with Radar,94,31,34,0,159,0,1,22,4,27,94,32,56,4,186,0,0,0,186
03/06/2019,PSP,CA,AWP,WE,Towers with Radar,98,38,48,3,187,0,3,28,1,32,98,41,76,4,219,12,0,12,231
03/07/2019,PSP,CA,AWP,WE,Towers with Radar,99,39,52,0,190,0,4,26,3,33,99,43,78,3,223,11,0,11,234
03/08/2019,PSP,CA,AWP,WE,Towers with Radar,133,53,38,0,224,0,6,29,1,36,133,59,67,1,260,0,0,0,260
03/09/2019,PSP,CA,AWP,WE,Towers with Radar,117,56,35,0,208,0,4,60,1,65,117,60,95,1,273,0,0,0,273
03/10/2019,PSP,CA,AWP,WE,Towers with Radar,112,44,48,0,204,0,5,51,1,57,112,49,99,1,261,18,0,18,279
03/11/2019,PSP,CA,AWP,WE,Towers with Radar,114,39,26,2,181,0,0,29,0,29,114,39,55,2,210,58,0,58,268
03/12/2019,PSP,CA,AWP,WE,Towers with Radar,104,32,27,0,163,0,0,34,0,34,104,32,61,0,197,46,0,46,243
03/13/2019,PSP,CA,AWP,WE,Towers with Radar,98,36,23,0,157,0,4,37,2,43,98,40,60,2,200,12,2,14,214
03/14/2019,PSP,CA,AWP,WE,Towers with Radar,99,57,64,2,222,0,3,39,0,42,99,60,103,2,264,4,0,4,268
03/15/2019,PSP,CA,AWP,WE,Towers with Radar,108,64,39,1,212,0,3,46,2,51,108,67,85,3,263,22,0,22,285
03/16/2019,PSP,CA,AWP,WE,Towers with Radar,114,59,32,2,207,0,5,64,0,69,114,64,96,2,276,2,0,2,278
03/17/2019,PSP,CA,AWP,WE,Towers with Radar,112,79,56,1,248,2,4,54,3,63,114,83,110,4,311,38,0,38,349
03/18/2019,PSP,CA,AWP,WE,Towers with Radar,110,52,42,2,206,0,7,68,0,75,110,59,110,2,281,2,0,2,283
03/19/2019,PSP,CA,AWP,WE,Towers with Radar,101,43,34,0,178,0,3,49,0,52,101,46,83,0,230,18,0,18,248
03/20/2019,PSP,CA,AWP,WE,Towers with Radar,100,49,19,2,170,0,6,24,5,35,100,55,43,7,205,0,0,0,205
03/21/2019,PSP,CA,AWP,WE,Towers with Radar,107,47,42,3,199,0,1,23,4,28,107,48,65,7,227,10,0,10,237
03/22/2019,PSP,CA,AWP,WE,Towers with Radar,106,55,29,2,192,0,11,51,1,63,106,66,80,3,255,6,0,6,261
03/23/2019,PSP,CA,AWP,WE,Towers with Radar,109,50,24,1,184,0,3,75,3,81,109,53,99,4,265,34,2,36,301
03/24/2019,PSP,CA,AWP,WE,Towers with Radar,102,58,43,0,203,0,1,67,2,70,102,59,110,2,273,20,0,20,293
03/25/2019,PSP,CA,AWP,WE,Towers with Radar,105,41,47,0,193,0,4,27,2,33,105,45,74,2,226,10,0,10,236
03/26/2019,PSP,CA,AWP,WE,Towers with Radar,97,35,26,0,158,0,4,38,0,42,97,39,64,0,200,0,0,0,200
03/27/2019,PSP,CA,AWP,WE,Towers with Radar,100,43,47,2,192,0,2,48,4,54,100,45,95,6,246,10,2,12,258
03/28/2019,PSP,CA,AWP,WE,Towers with Radar,98,53,44,0,195,1,3,29,1,34,99,56,73,1,229,2,0,2,231
03/29/2019,PSP,CA,AWP,WE,Towers with Radar,110,45,26,2,183,0,3,62,0,65,110,48,88,2,248,36,0,36,284
03/30/2019,PSP,CA,AWP,WE,Towers with Radar,105,35,27,2,169,0,0,80,3,83,105,35,107,5,252,18,0,18,270
03/31/2019,PSP,CA,AWP,WE,Towers with Radar,101,52,47,0,200,0,3,50,6,59,101,55,97,6,259,22,0,22,281
04/01/2019,PSP,CA,AWP,WE,Towers with Radar,105,39,22,4,170,0,5,34,4,43,105,44,56,8,213,36,0,36,249
04/02/2019,PSP,CA,AWP,WE,Towers with Radar,99,39,20,2,160,0,1,15,0,16,99,40,35,2,176,2,0,2,178
04/03/2019,PSP,CA,AWP,WE,Towers with Radar,102,34,15,1,152,0,2,24,4,30,102,36,39,5,182,0,0,0,182
04/04/2019,PSP,CA,AWP,WE,Towers with Radar,106,33,27,0,166,0,4,28,8,40,106,37,55,8,206,0,0,0,206
04/05/2019,PSP,CA,AWP,WE,Towers with Radar,110,29,38,2,179,0,7,25,4,36,110,36,63,6,215,0,0,0,215
04/06/2019,PSP,CA,AWP,WE,Towers with Radar,106,27,25,0,158,0,1,61,1,63,106,28,86,1,221,14,0,14,235
04/07/2019,PSP,CA,AWP,WE,Towers with Radar,101,37,30,3,171,0,5,68,4,77,101,42,98,7,248,26,0,26,274
04/08/2019,PSP,CA,AWP,WE,Towers with Radar,108,33,20,0,161,0,2,29,2,33,108,35,49,2,194,0,0,0,194
04/09/2019,PSP,CA,AWP,WE,Towers with Radar,91,40,28,6,165,0,13,16,4,33,91,53,44,10,198,10,0,10,208
04/10/2019,PSP,CA,AWP,WE,Towers with Radar,94,33,13,1,141,0,3,43,2,48,94,36,56,3,189,0,0,0,189
04/11/2019,PSP,CA,AWP,WE,Towers with Radar,96,40,42,0,178,0,4,31,1,36,96,44,73,1,214,16,0,16,230
04/12/2019,PSP,CA,AWP,WE,Towers with Radar,117,47,54,0,218,0,6,48,12,66,117,53,102,12,284,26,4,30,314
04/13/2019,PSP,CA,AWP,WE,Towers with Radar,101,35,21,0,157,2,4,60,0,66,103,39,81,0,223,28,0,28,251
04/14/2019,PSP,CA,AWP,WE,Towers with Radar,95,50,50,0,195,0,4,59,1,64,95,54,109,1,259,0,0,0,259
04/15/2019,PSP,CA,AWP,WE,Towers with Radar,107,57,57,0,221,0,4,36,2,42,107,61,93,2,263,12,0,12,275
04/16/2019,PSP,CA,AWP,WE,Towers with Radar,86,51,35,0,172,0,1,19,0,20,86,52,54,0,192,2,0,2,194
04/17/2019,PSP,CA,AWP,WE,Towers with Radar,90,49,30,0,169,0,5,30,4,39,90,54,60,4,208,10,0,10,218
04/18/2019,PSP,CA,AWP,WE,Towers with Radar,96,63,51,4,214,0,5,36,7,48,96,68,87,11,262,20,6,26,288
04/19/2019,PSP,CA,AWP,WE,Towers with Radar,107,56,33,0,196,0,3,51,7,61,107,59,84,7,257,20,0,20,277
04/20/2019,PSP,CA,AWP,WE,Towers with Radar,95,29,20,0,144,0,1,36,2,39,95,30,56,2,183,8,0,8,191
04/21/2019,PSP,CA,AWP,WE,Towers with Radar,101,43,37,0,181,0,4,25,1,30,101,47,62,1,211,0,0,0,211
04/22/2019,PSP,CA,AWP,WE,Towers with Radar,108,54,42,0,204,0,4,32,5,41,108,58,74,5,245,0,0,0,245
04/23/2019,PSP,CA,AWP,WE,Towers with Radar,83,40,24,2,149,0,2,29,4,35,83,42,53,6,184,2,0,2,186
04/24/2019,PSP,CA,AWP,WE,Towers with Radar,92,33,21,0,146,0,1,40,4,45,92,34,61,4,191,0,0,0,191
04/25/2019,PSP,CA,AWP,WE,Towers with Radar,96,48,28,0,172,0,1,37,2,40,96,49,65,2,212,22,0,22,234
04/26/2019,PSP,CA,AWP,WE,Towers with Radar,102,40,50,2,194,0,3,49,3,55,102,43,99,5,249,14,0,14,263
04/27/2019,PSP,CA,AWP,WE,Towers with Radar,94,38,22,0,154,0,7,92,2,101,94,45,114,2,255,6,0,6,261
04/28/2019,PSP,CA,AWP,WE,Towers with Radar,93,39,40,1,173,0,2,46,0,48,93,41,86,1,221,18,0,18,239
04/29/2019,PSP,CA,AWP,WE,Towers with Radar,90,33,40,0,163,0,1,9,0,10,90,34,49,0,173,0,0,0,173
04/30/2019,PSP,CA,AWP,WE,Towers with Radar,73,27,16,2,118,0,7,21,5,33,73,34,37,7,151,6,2,8,159
05/01/2019,PSP,CA,AWP,WE,Towers with Radar,60,34,17,1,112,0,4,25,3,32,60,38,42,4,144,0,0,0,144
05/02/2019,PSP,CA,AWP,WE,Towers with Radar,69,29,23,0,121,0,3,37,2,42,69,32,60,2,163,4,0,4,167
05/03/2019,PSP,CA,AWP,WE,Towers with Radar,67,26,22,2,117,0,8,50,1,59,67,34,72,3,176,14,0,14,190
05/04/2019,PSP,CA,AWP,WE,Towers with Radar,62,28,15,2,107,0,3,41,5,49,62,31,56,7,156,24,0,24,180
05/05/2019,PSP,CA,AWP,WE,Towers with Radar,65,27,32,0,124,0,1,39,2,42,65,28,71,2,166,0,0,0,166
05/06/2019,PSP,CA,AWP,WE,Towers with Radar,67,20,18,2,107,0,4,17,0,21,67,24,35,2,128,2,0,2,130
05/07/2019,PSP,CA,AWP,WE,Towers with Radar,62,15,18,0,95,0,1,20,0,21,62,16,38,0,116,0,0,0,116
05/08/2019,PSP,CA,AWP,WE,Towers with Radar,57,21,24,0,102,0,2,18,1,21,57,23,42,1,123,6,0,6,129
05/09/2019,PSP,CA,AWP,WE,Towers with Radar,66,25,23,0,114,0,6,16,1,23,66,31,39,1,137,4,0,4,141
05/10/2019,PSP,CA,AWP,WE,Towers with Radar,66,28,20,0,114,0,1,14,0,15,66,29,34,0,129,0,0,0,129
05/11/2019,PSP,CA,AWP,WE,Towers with Radar,64,16,12,0,92,0,3,24,0,27,64,19,36,0,119,44,0,44,163
05/12/2019,PSP,CA,AWP,WE,Towers with Radar,67,21,12,0,100,0,0,34,0,34,67,21,46,0,134,0,0,0,134
05/13/2019,PSP,CA,AWP,WE,Towers with Radar,67,18,10,3,98,1,6,25,1,33,68,24,35,4,131,4,0,4,135
05/14/2019,PSP,CA,AWP,WE,Towers with Radar,61,29,13,5,108,0,12,25,2,39,61,41,38,7,147,2,2,4,151
05/15/2019,PSP,CA,AWP,WE,Towers with Radar,57,20,24,1,102,0,4,26,2,32,57,24,50,3,134,36,0,36,170
05/16/2019,PSP,CA,AWP,WE,Towers with Radar,64,21,28,0,113,0,2,7,0,9,64,23,35,0,122,6,0,6,128
05/17/2019,PSP,CA,AWP,WE,Towers with Radar,63,23,21,0,107,0,7,21,0,28,63,30,42,0,135,28,0,28,163
05/18/2019,PSP,CA,AWP,WE,Towers with Radar,59,17,7,0,83,0,2,43,0,45,59,19,50,0,128,12,0,12,140
05/19/2019,PSP,CA,AWP,WE,Towers with Radar,59,28,18,1,106,0,1,24,0,25,59,29,42,1,131,20,0,20,151
05/20/2019,PSP,CA,AWP,WE,Towers with Radar,61,21,21,1,104,0,5,17,1,23,61,26,38,2,127,0,0,0,127
05/21/2019,PSP,CA,AWP,WE,Towers with Radar,59,18,8,0,85,0,3,11,1,15,59,21,19,1,100,0,0,0,100
05/22/2019,PSP,CA,AWP,WE,Towers with Radar,65,15,15,0,95,0,0,12,2,14,65,15,27,2,109,0,0,0,109
05/23/2019,PSP,CA,AWP,WE,Towers with Radar,59,28,17,0,104,0,1,17,3,21,59,29,34,3,125,0,0,0,125
05/24/2019,PSP,CA,AWP,WE,Towers with Radar,62,26,21,0,109,0,4,49,1,54,62,30,70,1,163,42,0,42,205
05/25/2019,PSP,CA,AWP,WE,Towers with Radar,54,21,14,0,89,0,2,51,0,53,54,23,65,0,142,40,0,40,182
05/26/2019,PSP,CA,AWP,WE,Towers with Radar,52,21,12,0,85,0,0,10,0,10,52,21,22,0,95,16,0,16,111
05/27/2019,PSP,CA,AWP,WE,Towers with Radar,57,23,19,0,99,0,3,64,1,68,57,26,83,1,167,22,0,22,189
05/28/2019,PSP,CA,AWP,WE,Towers with Radar,53,24,17,2,96,0,2,26,0,28,53,26,43,2,124,46,0,46,170
05/29/2019,PSP,CA,AWP,WE,Towers with Radar,50,20,10,0,80,0,2,8,0,10,50,22,18,0,90,2,0,2,92
05/30/2019,PSP,CA,AWP,WE,Towers with Radar,56,20,18,0,94,0,4,18,0,22,56,24,36,0,116,0,0,0,116
05/31/2019,PSP,CA,AWP,WE,Towers with Radar,58,21,17,1,97,0,9,34,3,46,58,30,51,4,143,0,0,0,143
06/01/2019,PSP,CA,AWP,WE,Towers with Radar,52,10,18,0,80,0,2,28,2,32,52,12,46,2,112,0,0,0,112
06/02/2019,PSP,CA,AWP,WE,Towers with Radar,55,14,8,0,77,0,3,21,2,26,55,17,29,2,103,24,0,24,127
06/03/2019,PSP,CA,AWP,WE,Towers with Radar,54,13,11,0,78,0,3,30,0,33,54,16,41,0,111,56,0,56,167
06/04/2019,PSP,CA,AWP,WE,Towers with Radar,51,17,10,0,78,0,6,18,0,24,51,23,28,0,102,18,0,18,120
06/05/2019,PSP,CA,AWP,WE,Towers with Radar,50,17,5,0,72,0,2,20,0,22,50,19,25,0,94,0,0,0,94
06/06/2019,PSP,CA,AWP,WE,Towers with Radar,34,26,9,0,69,0,7,26,1,34,34,33,35,1,103,16,0,16,119
06/07/2019,PSP,CA,AWP,WE,Towers with Radar,32,18,12,0,62,0,5,25,0,30,32,23,37,0,92,4,0,4,96
06/08/2019,PSP,CA,AWP,WE,Towers with Radar,30,18,6,1,55,0,2,32,0,34,30,20,38,1,89,0,0,0,89
06/09/2019,PSP,CA,AWP,WE,Towers with Radar,23,20,5,0,48,0,2,39,1,42,23,22,44,1,90,8,0,8,98
06/10/2019,PSP,CA,AWP,WE,Towers with Radar,32,20,8,0,60,0,4,12,3,19,32,24,20,3,79,0,0,0,79
06/11/2019,PSP,CA,AWP,WE,Towers with Radar,32,25,13,1,71,0,5,20,0,25,32,30,33,1,96,12,0,12,108
06/12/2019,PSP,CA,AWP,WE,Towers with Radar,28,21,12,0,61,0,3,19,0,22,28,24,31,0,83,6,0,6,89
06/13/2019,PSP,CA,AWP,WE,Towers with Radar,32,21,5,3,61,0,2,17,2,21,32,23,22,5,82,0,0,0,82
06/14/2019,PSP,CA,AWP,WE,Towers with Radar,33,23,11,0,67,0,3,17,0,20,33,26,28,0,87,20,0,20,107
06/15/2019,PSP,CA,AWP,WE,Towers with Radar,28,19,14,0,61,0,3,35,2,40,28,22,49,2,101,12,0,12,113
06/16/2019,PSP,CA,AWP,WE,Towers with Radar,26,18,8,0,52,0,0,28,0,28,26,18,36,0,80,6,0,6,86
06/17/2019,PSP,CA,AWP,WE,Towers with Radar,33,16,8,2,59,0,2,20,2,24,33,18,28,4,83,2,0,2,85
06/18/2019,PSP,CA,AWP,WE,Towers with Radar,30,16,7,0,53,0,4,22,0,26,30,20,29,0,79,0,0,0,79
06/19/2019,PSP,CA,AWP,WE,Towers with Radar,30,19,14,1,64,0,4,20,1,25,30,23,34,2,89,10,0,10,99
06/20/2019,PSP,CA,AWP,WE,Towers with Radar,32,25,8,0,65,0,5,13,3,21,32,30,21,3,86,6,2,8,94
06/21/2019,PSP,CA,AWP,WE,Towers with Radar,37,24,11,3,75,0,1,18,0,19,37,25,29,3,94,0,0,0,94
06/22/2019,PSP,CA,AWP,WE,Towers with Radar,28,24,3,2,57,0,3,18,1,22,28,27,21,3,79,0,0,0,79
06/23/2019,PSP,CA,AWP,WE,Towers with Radar,28,21,13,3,65,0,1,36,2,39,28,22,49,5,104,0,0,0,104
06/24/2019,PSP,CA,AWP,WE,Towers with Radar,30,19,12,1,62,0,3,23,3,29,30,22,35,4,91,0,0,0,91
06/25/2019,PSP,CA,AWP,WE,Towers with Radar,29,23,12,2,66,0,3,16,1,20,29,26,28,3,86,24,0,24,110
06/26/2019,PSP,CA,AWP,WE,Towers with Radar,30,18,13,0,61,0,4,33,2,39,30,22,46,2,100,0,0,0,100
06/27/2019,PSP,CA,AWP,WE,Towers with Radar,28,21,13,1,63,0,6,29,3,38,28,27,42,4,101,26,0,26,127
06/28/2019,PSP,CA,AWP,WE,Towers with Radar,32,23,9,2,66,0,2,15,2,19,32,25,24,4,85,0,0,0,85
06/29/2019,PSP,CA,AWP,WE,Towers with Radar,28,15,1,0,44,0,6,31,0,37,28,21,32,0,81,10,0,10,91
06/30/2019,PSP,CA,AWP,WE,Towers with Radar,30,26,5,1,62,0,0,20,1,21,30,26,25,2,83,0,0,0,83
07/01/2019,PSP,CA,AWP,WE,Towers with Radar,34,20,6,2,62,0,5,14,3,22,34,25,20,5,84,0,0,0,84
07/02/2019,PSP,CA,AWP,WE,Towers with Radar,32,17,10,1,60,0,4,18,2,24,32,21,28,3,84,0,0,0,84
07/03/2019,PSP,CA,AWP,WE,Towers with Radar,31,15,8,3,57,0,2,12,0,14,31,17,20,3,71,18,0,18,89
07/04/2019,PSP,CA,AWP,WE,Towers with Radar,31,14,4,1,50,0,1,21,1,23,31,15,25,2,73,0,0,0,73
07/05/2019,PSP,CA,AWP,WE,Towers with Radar,32,18,6,2,58,0,10,24,0,34,32,28,30,2,92,24,0,24,116
07/06/2019,PSP,CA,AWP,WE,Towers with Radar,27,17,3,1,48,0,0,38,0,38,27,17,41,1,86,42,0,42,128
07/07/2019,PSP,CA,AWP,WE,Towers with Radar,29,15,4,0,48,0,0,37,5,42,29,15,41,5,90,22,0,22,112
07/08/2019,PSP,CA,AWP,WE,Towers with Radar,31,15,9,0,55,0,2,10,3,15,31,17,19,3,70,0,0,0,70
07/09/2019,PSP,CA,AWP,WE,Towers with Radar,32,16,3,2,53,0,7,19,1,27,32,23,22,3,80,12,0,12,92
07/10/2019,PSP,CA,AWP,WE,Towers with Radar,31,16,5,0,52,0,12,28,2,42,31,28,33,2,94,8,0,8,102
07/11/2019,PSP,CA,AWP,WE,Towers with Radar,29,18,7,1,55,0,5,20,2,27,29,23,27,3,82,4,0,4,86
07/12/2019,PSP,CA,AWP,WE,Towers with Radar,32,17,5,0,54,0,5,14,2,21,32,22,19,2,75,0,0,0,75
07/13/2019,PSP,CA,AWP,WE,Towers with Radar,28,20,3,0,51,0,1,11,2,14,28,21,14,2,65,0,0,0,65
07/14/2019,PSP,CA,AWP,WE,Towers with Radar,32,21,6,0,59,0,0,20,1,21,32,21,26,1,80,0,0,0,80
07/15/2019,PSP,CA,AWP,WE,Towers with Radar,32,18,6,1,57,0,6,12,3,21,32,24,18,4,78,0,0,0,78
07/16/2019,PSP,CA,AWP,WE,Towers with Radar,29,22,12,0,63,0,3,10,1,14,29,25,22,1,77,0,0,0,77
07/17/2019,PSP,CA,AWP,WE,Towers with Radar,29,19,8,1,57,0,3,18,1,22,29,22,26,2,79,16,0,16,95
07/18/2019,PSP,CA,AWP,WE,Towers with Radar,29,23,3,1,56,0,6,15,2,23,29,29,18,3,79,0,0,0,79
07/19/2019,PSP,CA,AWP,WE,Towers with Radar,33,15,8,3,59,0,4,19,0,23,33,19,27,3,82,0,0,0,82
07/20/2019,PSP,CA,AWP,WE,Towers with Radar,29,14,2,1,46,0,3,30,0,33,29,17,32,1,79,10,0,10,89
07/21/2019,PSP,CA,AWP,WE,Towers with Radar,27,14,5,0,46,0,3,15,0,18,27,17,20,0,64,0,0,0,64
07/22/2019,PSP,CA,AWP,WE,Towers with Radar,31,17,4,1,53,0,2,17,1,20,31,19,21,2,73,0,0,0,73
07/23/2019,PSP,CA,AWP,WE,Towers with Radar,29,16,7,0,52,0,3,17,2,22,29,19,24,2,74,2,0,2,76
07/24/2019,PSP,CA,AWP,WE,Towers with Radar,30,20,4,0,54,0,3,9,0,12,30,23,13,0,66,0,0,0,66
07/25/2019,PSP,CA,AWP,WE,Towers with Radar,32,19,0,0,51,0,3,19,1,23,32,22,19,1,74,0,0,0,74
07/26/2019,PSP,CA,AWP,WE,Towers with Radar,30,16,2,0,48,0,5,22,2,29,30,21,24,2,77,16,0,16,93
07/27/2019,PSP,CA,AWP,WE,Towers with Radar,29,16,2,0,47,0,0,12,1,13,29,16,14,1,60,8,0,8,68
07/28/2019,PSP,CA,AWP,WE,Towers with Radar,30,15,4,0,49,0,3,21,2,26,30,18,25,2,75,0,0,0,75
07/29/2019,PSP,CA,AWP,WE,Towers with Radar,31,16,12,1,60,0,3,12,8,23,31,19,24,9,83,0,0,0,83
07/30/2019,PSP,CA,AWP,WE,Towers with Radar,29,14,4,0,47,0,0,19,5,24,29,14,23,5,71,14,0,14,85
07/31/2019,PSP,CA,AWP,WE,Towers with Radar,35,14,7,0,56,0,0,15,0,15,35,14,22,0,71,0,0,0,71
08/01/2019,PSP,CA,AWP,WE,Towers with Radar,28,19,8,0,55,0,6,22,2,30,28,25,30,2,85,0,0,0,85
08/02/2019,PSP,CA,AWP,WE,Towers with Radar,32,16,8,2,58,0,2,28,0,30,32,18,36,2,88,4,0,4,92
08/03/2019,PSP,CA,AWP,WE,Towers with Radar,24,16,2,2,44,0,2,21,7,30,24,18,23,9,74,0,0,0,74
08/04/2019,PSP,CA,AWP,WE,Towers with Radar,28,16,6,1,51,0,0,17,3,20,28,16,23,4,71,0,0,0,71
08/05/2019,PSP,CA,AWP,WE,Towers with Radar,32,15,4,0,51,0,4,30,0,34,32,19,34,0,85,20,0,20,105
08/06/2019,PSP,CA,AWP,WE,Towers with Radar,31,18,8,2,59,0,10,24,1,35,31,28,32,3,94,26,0,26,120
08/07/2019,PSP,CA,AWP,WE,Towers with Radar,31,20,1,0,52,0,5,20,2,27,31,25,21,2,79,14,0,14,93
08/08/2019,PSP,CA,AWP,WE,Towers with Radar,28,25,13,0,66,0,3,24,0,27,28,28,37,0,93,0,0,0,93
08/09/2019,PSP,CA,AWP,WE,Towers with Radar,32,20,12,4,68,1,4,46,2,53,33,24,58,6,121,4,0,4,125
08/10/2019,PSP,CA,AWP,WE,Towers with Radar,27,19,10,0,56,0,3,25,0,28,27,22,35,0,84,14,0,14,98
08/11/2019,PSP,CA,AWP,WE,Towers with Radar,26,22,6,0,54,0,2,35,1,38,26,24,41,1,92,0,0,0,92
08/12/2019,PSP,CA,AWP,WE,Towers with Radar,32,19,10,0,61,0,10,26,6,42,32,29,36,6,103,0,0,0,103
08/13/2019,PSP,CA,AWP,WE,Towers with Radar,32,18,9,0,59,0,2,16,6,24,32,20,25,6,83,0,0,0,83
08/14/2019,PSP,CA,AWP,WE,Towers with Radar,29,20,9,0,58,0,3,24,0,27,29,23,33,0,85,0,0,0,85
08/15/2019,PSP,CA,AWP,WE,Towers with Radar,31,16,4,0,51,0,6,20,1,27,31,22,24,1,78,0,0,0,78
08/16/2019,PSP,CA,AWP,WE,Towers with Radar,30,18,3,2,53,0,4,19,3,26,30,22,22,5,79,0,0,0,79
08/17/2019,PSP,CA,AWP,WE,Towers with Radar,28,13,3,0,44,0,2,12,3,17,28,15,15,3,61,10,0,10,71
08/18/2019,PSP,CA,AWP,WE,Towers with Radar,32,19,12,0,63,0,1,40,6,47,32,20,52,6,110,16,0,16,126
08/19/2019,PSP,CA,AWP,WE,Towers with Radar,30,21,11,1,63,0,2,13,2,17,30,23,24,3,80,0,0,0,80
08/20/2019,PSP,CA,AWP,WE,Towers with Radar,34,14,5,0,53,0,2,15,1,18,34,16,20,1,71,10,0,10,81
08/21/2019,PSP,CA,AWP,WE,Towers with Radar,33,16,3,0,52,0,2,15,0,17,33,18,18,0,69,2,0,2,71
08/22/2019,PSP,CA,AWP,WE,Towers with Radar,37,11,14,0,62,0,4,10,0,14,37,15,24,0,76,6,0,6,82
08/23/2019,PSP,CA,AWP,WE,Towers with Radar,35,13,5,1,54,0,4,21,1,26,35,17,26,2,80,10,0,10,90
08/24/2019,PSP,CA,AWP,WE,Towers with Radar,31,10,4,2,47,0,4,21,0,25,31,14,25,2,72,0,0,0,72
08/25/2019,PSP,CA,AWP,WE,Towers with Radar,37,10,3,0,50,0,3,29,0,32,37,13,32,0,82,0,0,0,82
08/26/2019,PSP,CA,AWP,WE,Towers with Radar,33,12,4,1,50,0,5,22,0,27,33,17,26,1,77,6,0,6,83
08/27/2019,PSP,CA,AWP,WE,Towers with Radar,37,10,4,0,51,0,3,17,0,20,37,13,21,0,71,6,0,6,77
08/28/2019,PSP,CA,AWP,WE,Towers with Radar,36,8,7,2,53,0,4,12,0,16,36,12,19,2,69,4,0,4,73
08/29/2019,PSP,CA,AWP,WE,Towers with Radar,36,15,9,0,60,0,2,28,1,31,36,17,37,1,91,0,2,2,93
08/30/2019,PSP,CA,AWP,WE,Towers with Radar,35,13,4,1,53,0,2,27,0,29,35,15,31,1,82,0,0,0,82
08/31/2019,PSP,CA,AWP,WE,Towers with Radar,35,6,3,0,44,0,5,26,2,33,35,11,29,2,77,14,0,14,91
09/01/2019,PSP,CA,AWP,WE,Towers with Radar,33,14,5,0,52,0,1,19,1,21,33,15,24,1,73,0,0,0,73
09/02/2019,PSP,CA,AWP,WE,Towers with Radar,34,19,9,0,62,0,2,21,1,24,34,21,30,1,86,0,0,0,86
09/03/2019,PSP,CA,AWP,WE,Towers with Radar,34,12,9,2,57,0,6,6,0,12,34,18,15,2,69,0,0,0,69
09/04/2019,PSP,CA,AWP,WE,Towers with Radar,33,10,5,0,48,0,2,9,0,11,33,12,14,0,59,0,0,0,59
09/05/2019,PSP,CA,AWP,WE,Towers with Radar,36,13,5,0,54,0,5,15,4,24,36,18,20,4,78,0,0,0,78
09/06/2019,PSP,CA,AWP,WE,Towers with Radar,39,11,0,2,52,0,5,10,15,30,39,16,10,17,82,0,0,0,82
09/07/2019,PSP,CA,AWP,WE,Towers with Radar,30,8,7,0,45,0,2,19,9,30,30,10,26,9,75,0,0,0,75
09/08/2019,PSP,CA,AWP,WE,Towers with Radar,35,12,5,0,52,0,0,28,2,30,35,12,33,2,82,0,0,0,82
09/09/2019,PSP,CA,AWP,WE,Towers with Radar,35,17,7,0,59,0,7,3,4,14,35,24,10,4,73,12,0,12,85
09/10/2019,PSP,CA,AWP,WE,Towers with Radar,34,10,11,0,55,0,3,19,7,29,34,13,30,7,84,0,0,0,84
09/11/2019,PSP,CA,AWP,WE,Towers with Radar,32,15,16,0,63,0,6,15,8,29,32,21,31,8,92,0,0,0,92
09/12/2019,PSP,CA,AWP,WE,Towers with Radar,37,15,7,0,59,0,6,20,5,31,37,21,27,5,90,12,0,12,102
09/13/2019,PSP,CA,AWP,WE,Towers with Radar,38,14,12,0,64,0,4,14,1,19,38,18,26,1,83,6,0,6,89
09/14/2019,PSP,CA,AWP,WE,Towers with Radar,33,6,3,0,42,0,4,30,2,36,33,10,33,2,78,0,0,0,78
09/15/2019,PSP,CA,AWP,WE,Towers with Radar,37,13,17,0,67,0,1,22,0,23,37,14,39,0,90,0,0,0,90
09/16/2019,PSP,CA,AWP,WE,Towers with Radar,39,15,8,0,62,0,6,17,2,25,39,21,25,2,87,0,0,0,87
09/17/2019,PSP,CA,AWP,WE,Towers with Radar,36,21,12,0,69,0,3,16,0,19,36,24,28,0,88,0,0,0,88
09/18/2019,PSP,CA,AWP,WE,Towers with Radar,32,13,10,0,55,0,2,17,0,19,32,15,27,0,74,0,0,0,74
09/19/2019,PSP,CA,AWP,WE,Towers with Radar,38,12,10,0,60,0,2,27,3,32,38,14,37,3,92,16,0,16,108
09/20/2019,PSP,CA,AWP,WE,Towers with Radar,38,18,9,1,66,0,4,34,3,41,38,22,43,4,107,30,0,30,137
09/21/2019,PSP,CA,AWP,WE,Towers with Radar,38,18,7,0,63,0,4,29,1,34,38,22,36,1,97,0,0,0,97
09/22/2019,PSP,CA,AWP,WE,Towers with Radar,44,11,22,0,77,0,2,42,4,48,44,13,64,4,125,10,0,10,135
09/23/2019,PSP,CA,AWP,WE,Towers with Radar,45,23,6,0,74,0,4,15,0,19,45,27,21,0,93,0,0,0,93
09/24/2019,PSP,CA,AWP,WE,Towers with Radar,35,17,8,0,60,0,2,26,4,32,35,19,34,4,92,2,0,2,94
09/25/2019,PSP,CA,AWP,WE,Towers with Radar,36,18,10,0,64,0,3,16,2,21,36,21,26,2,85,16,0,16,101
09/26/2019,PSP,CA,AWP,WE,Towers with Radar,42,21,9,0,72,0,2,18,1,21,42,23,27,1,93,0,0,0,93
09/27/2019,PSP,CA,AWP,WE,Towers with Radar,38,24,10,0,72,0,3,17,1,21,38,27,27,1,93,0,0,0,93
09/28/2019,PSP,CA,AWP,WE,Towers with Radar,38,18,10,1,67,0,0,17,1,18,38,18,27,2,85,0,0,0,85
09/29/2019,PSP,CA,AWP,WE,Towers with Radar,44,21,12,0,77,0,4,32,0,36,44,25,44,0,113,0,0,0,113
09/30/2019,PSP,CA,AWP,WE,Towers with Radar,42,14,12,2,70,0,1,20,0,21,42,15,32,2,91,6,0,6,97
10/01/2019,PSP,CA,AWP,WE,Towers with Radar,37,17,12,0,66,0,2,30,3,35,37,19,42,3,101,24,12,36,137
10/02/2019,PSP,CA,AWP,WE,Towers with Radar,40,16,7,0,63,0,3,22,4,29,40,19,29,4,92,6,2,8,100
10/03/2019,PSP,CA,AWP,WE,Towers with Radar,46,17,17,0,80,0,2,21,4,27,46,19,38,4,107,0,0,0,107
10/04/2019,PSP,CA,AWP,WE,Towers with Radar,46,19,13,2,80,0,2,14,2,18,46,21,27,4,98,14,0,14,112
10/05/2019,PSP,CA,AWP,WE,Towers with Radar,52,24,9,6,91,0,4,38,0,42,52,28,47,6,133,14,0,14,147
10/06/2019,PSP,CA,AWP,WE,Towers with Radar,54,18,6,0,78,0,2,33,0,35,54,20,39,0,113,18,0,18,131
10/07/2019,PSP,CA,AWP,WE,Towers with Radar,50,14,12,0,76,0,4,18,2,24,50,18,30,2,100,0,0,0,100
10/08/2019,PSP,CA,AWP,WE,Towers with Radar,46,16,16,0,78,0,2,23,1,26,46,18,39,1,104,8,0,8,112
10/09/2019,PSP,CA,AWP,WE,Towers with Radar,49,19,13,3,84,0,2,32,7,41,49,21,45,10,125,2,0,2,127
10/10/2019,PSP,CA,AWP,WE,Towers with Radar,57,23,10,0,90,0,3,13,1,17,57,26,23,1,107,0,0,0,107
10/11/2019,PSP,CA,AWP,WE,Towers with Radar,48,14,11,1,74,0,4,43,2,49,48,18,54,3,123,4,0,4,127
10/12/2019,PSP,CA,AWP,WE,Towers with Radar,52,23,4,2,81,0,0,49,0,49,52,23,53,2,130,0,0,0,130
10/13/2019,PSP,CA,AWP,WE,Towers with Radar,57,20,21,0,98,0,4,31,4,39,57,24,52,4,137,0,0,0,137
10/14/2019,PSP,CA,AWP,WE,Towers with Radar,52,23,20,2,97,0,6,27,6,39,52,29,47,8,136,8,0,8,144
10/15/2019,PSP,CA,AWP,WE,Towers with Radar,50,25,16,1,92,0,2,25,0,27,50,27,41,1,119,0,0,0,119
10/16/2019,PSP,CA,AWP,WE,Towers with Radar,52,20,23,3,98,0,3,33,4,40,52,23,56,7,138,4,6,10,148
10/17/2019,PSP,CA,AWP,WE,Towers with Radar,54,22,14,0,90,0,4,34,2,40,54,26,48,2,130,12,0,12,142
10/18/2019,PSP,CA,AWP,WE,Towers with Radar,50,33,22,1,106,0,5,38,6,49,50,38,60,7,155,26,0,26,181
10/19/2019,PSP,CA,AWP,WE,Towers with Radar,57,35,17,3,112,0,3,43,3,49,57,38,60,6,161,8,0,8,169
10/20/2019,PSP,CA,AWP,WE,Towers with Radar,60,25,26,2,113,0,0,34,1,35,60,25,60,3,148,0,0,0,148
10/21/2019,PSP,CA,AWP,WE,Towers with Radar,54,29,11,4,98,0,4,21,1,26,54,33,32,5,124,14,0,14,138
10/22/2019,PSP,CA,AWP,WE,Towers with Radar,52,24,8,3,87,0,5,34,3,42,52,29,42,6,129,14,0,14,143
10/23/2019,PSP,CA,AWP,WE,Towers with Radar,53,26,15,4,98,0,8,24,3,35,53,34,39,7,133,0,0,0,133
10/24/2019,PSP,CA,AWP,WE,Towers with Radar,59,20,15,3,97,0,5,21,4,30,59,25,36,7,127,0,0,0,127
10/25/2019,PSP,CA,AWP,WE,Towers with Radar,55,26,14,0,95,0,4,30,3,37,55,30,44,3,132,0,0,0,132
10/26/2019,PSP,CA,AWP,WE,Towers with Radar,53,23,17,0,93,0,6,51,2,59,53,29,68,2,152,44,0,44,196
10/27/2019,PSP,CA,AWP,WE,Towers with Radar,75,28,18,0,121,0,1,39,1,41,75,29,57,1,162,29,0,29,191
10/28/2019,PSP,CA,AWP,WE,Towers with Radar,70,27,11,0,108,0,3,21,0,24,70,30,32,0,132,14,0,14,146
10/29/2019,PSP,CA,AWP,WE,Towers with Radar,69,23,21,2,115,0,5,28,0,33,69,28,49,2,148,0,0,0,148
10/30/2019,PSP,CA,AWP,WE,Towers with Radar,64,28,35,0,127,0,3,29,4,36,64,31,64,4,163,10,0,10,173
10/31/2019,PSP,CA,AWP,WE,Towers with Radar,68,18,27,1,114,0,5,25,4,34,68,23,52,5,148,8,0,8,156
11/01/2019,PSP,CA,AWP,WE,Towers with Radar,67,37,30,0,134,0,5,51,0,56,67,42,81,0,190,8,0,8,198
11/02/2019,PSP,CA,AWP,WE,Towers with Radar,72,36,18,0,126,0,5,50,1,56,72,41,68,1,182,20,0,20,202
11/03/2019,PSP,CA,AWP,WE,Towers with Radar,74,44,27,0,145,0,3,46,0,49,74,47,73,0,194,0,0,0,194
11/04/2019,PSP,CA,AWP,WE,Towers with Radar,71,30,17,0,118,0,1,30,0,31,71,31,47,0,149,0,0,0,149
11/05/2019,PSP,CA,AWP,WE,Towers with Radar,76,37,18,1,132,0,1,26,2,29,76,38,44,3,161,0,6,6,167
11/06/2019,PSP,CA,AWP,WE,Towers with Radar,75,49,16,2,142,0,2,36,1,39,75,51,52,3,181,18,0,18,199
11/07/2019,PSP,CA,AWP,WE,Towers with Radar,79,46,31,2,158,0,1,33,3,37,79,47,64,5,195,18,0,18,213
11/08/2019,PSP,CA,AWP,WE,Towers with Radar,73,44,30,9,156,0,5,44,9,58,73,49,74,18,214,24,0,24,238
11/09/2019,PSP,CA,AWP,WE,Towers with Radar,75,47,16,0,138,0,4,49,12,65,75,51,65,12,203,38,0,38,241
11/10/2019,PSP,CA,AWP,WE,Towers with Radar,84,50,25,0,159,0,5,46,3,54,84,55,71,3,213,24,0,24,237
11/11/2019,PSP,CA,AWP,WE,Towers with Radar,70,42,26,6,144,0,2,43,6,51,70,44,69,12,195,8,0,8,203
11/12/2019,PSP,CA,AWP,WE,Towers with Radar,73,27,11,0,111,0,2,32,8,42,73,29,43,8,153,10,0,10,163
11/13/2019,PSP,CA,AWP,WE,Towers with Radar,76,43,20,2,141,0,1,32,8,41,76,44,52,10,182,2,0,2,184
11/14/2019,PSP,CA,AWP,WE,Towers with Radar,74,54,27,0,155,0,2,36,7,45,74,56,63,7,200,0,0,0,200
11/15/2019,PSP,CA,AWP,WE,Towers with Radar,75,48,45,6,174,0,5,26,1,32,75,53,71,7,206,0,0,0,206
11/16/2019,PSP,CA,AWP,WE,Towers with Radar,77,44,35,2,158,0,1,51,1,53,77,45,86,3,211,2,0,2,213
11/17/2019,PSP,CA,AWP,WE,Towers with Radar,81,48,38,0,167,0,0,39,1,40,81,48,77,1,207,2,0,2,209
11/18/2019,PSP,CA,AWP,WE,Towers with Radar,75,37,13,0,125,0,2,27,2,31,75,39,40,2,156,4,0,4,160
11/19/2019,PSP,CA,AWP,WE,Towers with Radar,77,34,14,0,125,0,3,25,0,28,77,37,39,0,153,0,0,0,153
11/20/2019,PSP,CA,AWP,WE,Towers with Radar,74,40,22,0,136,0,1,4,2,7,74,41,26,2,143,0,0,0,143
11/21/2019,PSP,CA,AWP,WE,Towers with Radar,82,32,19,0,133,0,2,17,3,22,82,34,36,3,155,6,0,6,161
11/22/2019,PSP,CA,AWP,WE,Towers with Radar,76,37,27,4,144,0,3,19,4,26,76,40,46,8,170,4,0,4,174
11/23/2019,PSP,CA,AWP,WE,Towers with Radar,80,32,20,1,133,0,4,63,1,68,80,36,83,2,201,24,0,24,225
11/24/2019,PSP,CA,AWP,WE,Towers with Radar,81,42,33,0,156,0,4,44,2,50,81,46,77,2,206,16,0,16,222
11/25/2019,PSP,CA,AWP,WE,Towers with Radar,69,42,23,0,134,0,2,15,0,17,69,44,38,0,151,0,0,0,151
11/26/2019,PSP,CA,AWP,WE,Towers with Radar,81,34,25,0,140,0,3,28,0,31,81,37,53,0,171,42,0,42,213
11/27/2019,PSP,CA,AWP,WE,Towers with Radar,76,32,26,0,134,0,2,8,5,15,76,34,34,5,149,0,0,0,149
11/28/2019,PSP,CA,AWP,WE,Towers with Radar,61,21,10,0,92,0,3,0,0,3,61,24,10,0,95,0,0,0,95
11/29/2019,PSP,CA,AWP,WE,Towers with Radar,65,39,19,0,123,0,8,10,0,18,65,47,29,0,141,0,0,0,141
11/30/2019,PSP,CA,AWP,WE,Towers with Radar,77,52,32,0,161,0,5,43,0,48,77,57,75,0,209,36,0,36,245
12/01/2019,PSP,CA,AWP,WE,Towers with Radar,79,40,47,0,166,0,2,31,1,34,79,42,78,1,200,24,0,24,224
12/02/2019,PSP,CA,AWP,WE,Towers with Radar,74,38,32,0,144,0,4,18,0,22,74,42,50,0,166,10,0,10,176
12/03/2019,PSP,CA,AWP,WE,Towers with Radar,75,25,19,0,119,0,3,27,0,30,75,28,46,0,149,18,0,18,167
12/04/2019,PSP,CA,AWP,WE,Towers with Radar,66,34,19,0,119,0,1,2,0,3,66,35,21,0,122,0,0,0,122
12/05/2019,PSP,CA,AWP,WE,Towers with Radar,70,36,19,3,128,0,5,23,0,28,70,41,42,3,156,22,0,22,178
12/06/2019,PSP,CA,AWP,WE,Towers with Radar,71,37,20,1,129,0,7,20,2,29,71,44,40,3,158,0,0,0,158
12/07/2019,PSP,CA,AWP,WE,Towers with Radar,66,32,14,0,112,0,1,14,4,19,66,33,28,4,131,12,0,12,143
12/08/2019,PSP,CA,AWP,WE,Towers with Radar,76,40,37,0,153,0,1,3,1,5,76,41,40,1,158,0,0,0,158
12/09/2019,PSP,CA,AWP,WE,Towers with Radar,70,37,28,1,136,0,6,20,2,28,70,43,48,3,164,10,0,10,174
12/10/2019,PSP,CA,AWP,WE,Towers with Radar,65,32,13,0,110,0,2,24,5,31,65,34,37,5,141,4,0,4,145
12/11/2019,PSP,CA,AWP,WE,Towers with Radar,63,26,9,0,98,0,3,31,5,39,63,29,40,5,137,0,0,0,137
12/12/2019,PSP,CA,AWP,WE,Towers with Radar,67,32,15,0,114,4,9,24,2,39,71,41,39,2,153,32,0,32,185
12/13/2019,PSP,CA,AWP,WE,Towers with Radar,71,29,11,2,113,4,4,33,4,45,75,33,44,6,158,8,0,8,166
12/14/2019,PSP,CA,AWP,WE,Towers with Radar,66,30,10,0,106,0,0,18,2,20,66,30,28,2,126,11,0,11,137
12/15/2019,PSP,CA,AWP,WE,Towers with Radar,77,30,15,1,123,0,2,18,1,21,77,32,33,2,144,0,0,0,144
12/16/2019,PSP,CA,AWP,WE,Towers with Radar,73,35,17,0,125,0,2,17,0,19,73,37,34,0,144,6,0,6,150
12/17/2019,PSP,CA,AWP,WE,Towers with Radar,70,36,5,2,113,0,4,21,0,25,70,40,26,2,138,16,0,16,154
12/18/2019,PSP,CA,AWP,WE,Towers with Radar,76,29,18,0,123,0,6,26,2,34,76,35,44,2,157,26,0,26,183
12/19/2019,PSP,CA,AWP,WE,Towers with Radar,81,37,16,1,135,0,8,30,0,38,81,45,46,1,173,0,0,0,173
12/20/2019,PSP,CA,AWP,WE,Towers with Radar,80,39,29,2,150,0,4,39,0,43,80,43,68,2,193,36,0,36,229
12/21/2019,PSP,CA,AWP,WE,Towers with Radar,87,39,22,1,149,0,3,44,2,49,87,42,66,3,198,9,0,9,207
12/22/2019,PSP,CA,AWP,WE,Towers with Radar,94,37,32,0,163,0,0,22,0,22,94,37,54,0,185,24,0,24,209
12/23/2019,PSP,CA,AWP,WE,Towers with Radar,87,46,14,0,147,0,0,2,0,2,87,46,16,0,149,0,0,0,149
12/24/2019,PSP,CA,AWP,WE,Towers with Radar,76,23,7,0,106,0,2,4,1,7,76,25,11,1,113,0,0,0,113
12/25/2019,PSP,CA,AWP,WE,Towers with Radar,80,30,11,0,121,0,1,8,0,9,80,31,19,0,130,0,0,0,130
12/26/2019,PSP,CA,AWP,WE,Towers with Radar,85,34,23,0,142,0,0,2,0,2,85,34,25,0,144,0,0,0,144
12/27/2019,PSP,CA,AWP,WE,Towers with Radar,89,53,41,0,183,0,3,32,0,35,89,56,73,0,218,0,0,0,218
12/28/2019,PSP,CA,AWP,WE,Towers with Radar,89,52,14,0,155,0,2,48,0,50,89,54,62,0,205,0,0,0,205
12/29/2019,PSP,CA,AWP,WE,Towers with Radar,100,48,32,2,182,0,3,36,1,40,100,51,68,3,222,6,0,6,228
12/30/2019,PSP,CA,AWP,WE,Towers with Radar,88,52,22,0,162,0,1,22,0,23,88,53,44,0,185,2,0,2,187
12/31/2019,PSP,CA,AWP,WE,Towers with Radar,85,26,23,0,134,0,3,27,2,32,85,29,50,2,166,16,0,16,182
01/01/2020,PSP,CA,AWP,WE,Towers with Radar,78,38,25,1,142,0,2,31,1,34,78,40,56,2,176,18,0,18,194
01/02/2020,PSP,CA,AWP,WE,Towers with Radar,90,48,25,1,164,0,1,44,3,48,90,49,69,4,212,0,0,0,212
01/03/2020,PSP,CA,AWP,WE,Towers with Radar,87,60,34,0,181,0,2,49,0,51,87,62,83,0,232,20,0,20,252
01/04/2020,PSP,CA,AWP,WE,Towers with Radar,92,55,30,0,177,0,0,70,1,71,92,55,100,1,248,16,0,16,264
01/05/2020,PSP,CA,AWP,WE,Towers with Radar,96,40,46,2,184,0,4,39,0,43,96,44,85,2,227,24,0,24,251
01/06/2020,PSP,CA,AWP,WE,Towers with Radar,82,37,22,0,141,0,2,34,2,38,82,39,56,2,179,18,0,18,197
01/07/2020,PSP,CA,AWP,WE,Towers with Radar,76,27,18,0,121,0,1,28,2,31,76,28,46,2,152,38,0,38,190
01/08/2020,PSP,CA,AWP,WE,Towers with Radar,83,39,19,1,142,0,2,20,3,25,83,41,39,4,167,6,0,6,173
01/09/2020,PSP,CA,AWP,WE,Towers with Radar,87,32,21,0,140,0,0,13,3,16,87,32,34,3,156,4,0,4,160
01/10/2020,PSP,CA,AWP,WE,Towers with Radar,79,38,35,0,152,0,1,34,5,40,79,39,69,5,192,0,0,0,192
01/11/2020,PSP,CA,AWP,WE,Towers with Radar,82,27,32,0,141,0,4,40,2,46,82,31,72,2,187,12,0,12,199
01/12/2020,PSP,CA,AWP,WE,Towers with Radar,94,32,38,1,165,0,4,46,2,52,94,36,84,3,217,6,0,6,223
01/13/2020,PSP,CA,AWP,WE,Towers with Radar,74,35,23,0,132,0,1,32,3,36,74,36,55,3,168,0,0,0,168
01/14/2020,PSP,CA,AWP,WE,Towers with Radar,69,34,25,0,128,0,3,36,2,41,69,37,61,2,169,26,0,26,195
01/15/2020,PSP,CA,AWP,WE,Towers with Radar,78,34,23,0,135,0,2,41,4,47,78,36,64,4,182,22,0,22,204
01/16/2020,PSP,CA,AWP,WE,Towers with Radar,93,41,35,2,171,0,3,24,4,31,93,44,59,6,202,6,0,6,208
01/17/2020,PSP,CA,AWP,WE,Towers with Radar,81,47,24,1,153,0,2,31,3,36,81,49,55,4,189,8,2,10,199
01/18/2020,PSP,CA,AWP,WE,Towers with Radar,75,41,26,1,143,0,6,68,6,80,75,47,94,7,223,62,0,62,285
01/19/2020,PSP,CA,AWP,WE,Towers with Radar,88,40,26,0,154,0,2,40,3,45,88,42,66,3,199,20,0,20,219
01/20/2020,PSP,CA,AWP,WE,Towers with Radar,80,39,36,0,155,0,2,12,9,23,80,41,48,9,178,0,0,0,178
01/21/2020,PSP,CA,AWP,WE,Towers with Radar,70,39,21,3,133,0,6,10,6,22,70,45,31,9,155,12,0,12,167
01/22/2020,PSP,CA,AWP,WE,Towers with Radar,75,44,30,0,149,0,2,35,9,46,75,46,65,9,195,12,0,12,207
01/23/2020,PSP,CA,AWP,WE,Towers with Radar,91,40,28,0,159,0,2,45,1,48,91,42,73,1,207,6,0,6,213
01/24/2020,PSP,CA,AWP,WE,Towers with Radar,82,44,39,2,167,0,2,49,5,56,82,46,88,7,223,28,0,28,251
01/25/2020,PSP,CA,AWP,WE,Towers with Radar,78,38,44,1,161,0,4,63,10,77,78,42,107,11,238,74,0,74,312
01/26/2020,PSP,CA,AWP,WE,Towers with Radar,95,47,57,2,201,0,4,41,2,47,95,51,98,4,248,34,0,34,282
01/27/2020,PSP,CA,AWP,WE,Towers with Radar,81,35,35,4,155,0,3,22,6,31,81,38,57,10,186,20,0,20,206
01/28/2020,PSP,CA,AWP,WE,Towers with Radar,76,32,21,1,130,0,5,37,10,52,76,37,58,11,182,46,0,46,228
01/29/2020,PSP,CA,AWP,WE,Towers with Radar,80,35,27,3,145,0,3,11,9,23,80,38,38,12,168,0,14,14,182
01/30/2020,PSP,CA,AWP,WE,Towers with Radar,95,38,30,3,166,0,2,39,7,48,95,40,69,10,214,22,8,30,244
01/31/2020,PSP,CA,AWP,WE,Towers with Radar,77,37,30,3,147,0,6,51,5,62,77,43,81,8,209,4,0,4,213
02/01/2020,PSP,CA,AWP,WE,Towers with Radar,81,31,18,2,132,0,0,40,1,41,81,31,58,3,173,8,0,8,181
02/02/2020,PSP,CA,AWP,WE,Towers with Radar,98,38,26,3,165,0,1,31,0,32,98,39,57,3,197,0,0,0,197
02/03/2020,PSP,CA,AWP,WE,Towers with Radar,78,34,22,2,136,0,4,13,0,17,78,38,35,2,153,2,0,2,155
02/04/2020,PSP,CA,AWP,WE,Towers with Radar,73,24,14,1,112,0,0,15,0,15,73,24,29,1,127,0,0,0,127
02/05/2020,PSP,CA,AWP,WE,Towers with Radar,80,31,17,0,128,0,1,33,0,34,80,32,50,0,162,34,0,34,196
02/06/2020,PSP,CA,AWP,WE,Towers with Radar,88,43,32,0,163,0,3,68,1,72,88,46,100,1,235,12,0,12,247
02/07/2020,PSP,CA,AWP,WE,Towers with Radar,86,40,50,0,176,0,4,64,0,68,86,44,114,0,244,4,0,4,248
02/08/2020,PSP,CA,AWP,WE,Towers with Radar,85,36,20,0,141,0,5,61,0,66,85,41,81,0,207,12,0,12,219
02/09/2020,PSP,CA,AWP,WE,Towers with Radar,93,45,66,0,204,0,3,28,2,33,93,48,94,2,237,0,0,0,237
02/10/2020,PSP,CA,AWP,WE,Towers with Radar,80,39,26,4,149,0,0,5,0,5,80,39,31,4,154,0,0,0,154
02/11/2020,PSP,CA,AWP,WE,Towers with Radar,75,32,32,0,139,0,0,18,2,20,75,32,50,2,159,0,0,0,159
02/12/2020,PSP,CA,AWP,WE,Towers with Radar,80,36,38,1,155,0,6,30,0,36,80,42,68,1,191,44,0,44,235
02/13/2020,PSP,CA,AWP,WE,Towers with Radar,102,58,48,0,208,0,1,31,1,33,102,59,79,1,241,4,0,4,245
02/14/2020,PSP,CA,AWP,WE,Towers with Radar,99,42,34,0,175,0,3,37,0,40,99,45,71,0,215,10,0,10,225
02/15/2020,PSP,CA,AWP,WE,Towers with Radar,100,49,38,0,187,0,2,73,2,77,100,51,111,2,264,34,0,34,298
02/16/2020,PSP,CA,AWP,WE,Towers with Radar,105,50,29,1,185,0,6,35,3,44,105,56,64,4,229,40,0,40,269
02/17/2020,PSP,CA,AWP,WE,Towers with Radar,94,57,45,1,197,0,7,59,4,70,94,64,104,5,267,16,0,16,283
02/18/2020,PSP,CA,AWP,WE,Towers with Radar,94,56,42,2,194,0,5,19,0,24,94,61,61,2,218,0,0,0,218
02/19/2020,PSP,CA,AWP,WE,Towers with Radar,92,33,29,3,157,0,1,16,2,19,92,34,45,5,176,0,0,0,176
02/20/2020,PSP,CA,AWP,WE,Towers with Radar,105,50,37,3,195,0,5,44,0,49,105,55,81,3,244,16,0,16,260
02/21/2020,PSP,CA,AWP,WE,Towers with Radar,94,53,38,0,185,0,3,34,1,38,94,56,72,1,223,6,0,6,229
02/22/2020,PSP,CA,AWP,WE,Towers with Radar,102,37,24,0,163,0,1,13,0,14,102,38,37,0,177,0,0,0,177
02/23/2020,PSP,CA,AWP,WE,Towers with Radar,106,50,54,0,210,0,1,41,3,45,106,51,95,3,255,42,0,42,297
02/24/2020,PSP,CA,AWP,WE,Towers with Radar,97,37,15,2,151,0,8,36,2,46,97,45,51,4,197,0,0,0,197
02/25/2020,PSP,CA,AWP,WE,Towers with Radar,96,43,28,5,172,0,1,22,0,23,96,44,50,5,195,2,0,2,197
02/26/2020,PSP,CA,AWP,WE,Towers with Radar,94,49,16,0,159,0,3,40,2,45,94,52,56,2,204,16,0,16,220
02/27/2020,PSP,CA,AWP,WE,Towers with Radar,102,41,27,1,171,0,3,38,0,41,102,44,65,1,212,4,0,4,216
02/28/2020,PSP,CA,AWP,WE,Towers with Radar,97,54,22,1,174,0,5,55,0,60,97,59,77,1,234,36,0,36,270
02/29/2020,PSP,CA,AWP,WE,Towers with Radar,99,44,17,3,163,0,4,46,1,51,99,48,63,4,214,8,0,8,222
03/01/2020,PSP,CA,AWP,WE,Towers with Radar,113,51,30,0,194,0,4,15,0,19,113,55,45,0,213,4,0,4,217
03/02/2020,PSP,CA,AWP,WE,Towers with Radar,95,45,27,0,167,0,3,22,0,25,95,48,49,0,192,20,0,20,212
03/03/2020,PSP,CA,AWP,WE,Towers with Radar,92,40,25,1,158,0,2,36,2,40,92,42,61,3,198,6,0,6,204
03/04/2020,PSP,CA,AWP,WE,Towers with Radar,93,39,36,0,168,0,6,33,2,41,93,45,69,2,209,24,0,24,233
03/05/2020,PSP,CA,AWP,WE,Towers with Radar,106,54,24,0,184,0,4,40,4,48,106,58,64,4,232,14,0,14,246
03/06/2020,PSP,CA,AWP,WE,Towers with Radar,101,47,35,0,183,0,5,49,0,54,101,52,84,0,237,0,0,0,237
03/07/2020,PSP,CA,AWP,WE,Towers with Radar,104,55,20,0,179,0,1,41,2,44,104,56,61,2,223,30,0,30,253
03/08/2020,PSP,CA,AWP,WE,Towers with Radar,110,56,39,0,205,1,4,29,0,34,111,60,68,0,239,26,0,26,265
03/09/2020,PSP,CA,AWP,WE,Towers with Radar,98,36,24,0,158,0,7,52,0,59,98,43,76,0,217,13,0,13,230
03/10/2020,PSP,CA,AWP,WE,Towers with Radar,94,37,23,0,154,0,1,1,0,2,94,38,24,0,156,0,0,0,156
03/11/2020,PSP,CA,AWP,WE,Towers with Radar,105,57,25,1,188,0,0,14,5,19,105,57,39,6,207,44,0,44,251
03/12/2020,PSP,CA,AWP,WE,Towers with Radar,105,56,26,0,187,0,0,7,0,7,105,56,33,0,194,8,0,8,202
03/13/2020,PSP,CA,AWP,WE,Towers with Radar,99,56,36,0,191,0,1,6,0,7,99,57,42,0,198,58,0,58,256
03/14/2020,PSP,CA,AWP,WE,Towers with Radar,108,47,40,0,195,0,3,17,1,21,108,50,57,1,216,0,0,0,216
03/15/2020,PSP,CA,AWP,WE,Towers with Radar,114,60,56,0,230,0,4,24,0,28,114,64,80,0,258,22,0,22,280
03/16/2020,PSP,CA,AWP,WE,Towers with Radar,95,51,16,0,162,0,1,12,0,13,95,52,28,0,175,14,0,14,189
03/17/2020,PSP,CA,AWP,WE,Towers with Radar,97,53,48,0,198,0,2,10,1,13,97,55,58,1,211,0,0,0,211
03/18/2020,PSP,CA,AWP,WE,Towers with Radar,101,57,25,0,183,0,2,5,0,7,101,59,30,0,190,0,0,0,190
03/19/2020,PSP,CA,AWP,WE,Towers with Radar,92,46,26,0,164,0,0,7,0,7,92,46,33,0,171,12,0,12,183
03/20/2020,PSP,CA,AWP,WE,Towers with Radar,81,40,28,0,149,0,1,9,4,14,81,41,37,4,163,0,0,0,163
03/21/2020,PSP,CA,AWP,WE,Towers with Radar,74,28,18,0,120,0,1,21,1,23,74,29,39,1,143,22,0,22,165
03/22/2020,PSP,CA,AWP,WE,Towers with Radar,90,31,13,0,134,0,1,17,0,18,90,32,30,0,152,0,0,0,152
03/23/2020,PSP,CA,AWP,WE,Towers with Radar,57,25,22,0,104,0,2,1,0,3,57,27,23,0,107,0,0,0,107
03/24/2020,PSP,CA,AWP,WE,Towers with Radar,55,18,12,0,85,0,2,12,0,14,55,20,24,0,99,0,0,0,99
03/25/2020,PSP,CA,AWP,WE,Towers with Radar,41,20,11,2,74,0,2,6,0,8,41,22,17,2,82,0,0,0,82
03/26/2020,PSP,CA,AWP,WE,Towers with Radar,34,14,6,0,54,0,1,12,0,13,34,15,18,0,67,14,0,14,81
03/27/2020,PSP,CA,AWP,WE,Towers with Radar,35,20,4,0,59,0,4,14,1,19,35,24,18,1,78,0,0,0,78
03/28/2020,PSP,CA,AWP,WE,Towers with Radar,31,19,5,0,55,0,2,19,0,21,31,21,24,0,76,8,0,8,84
03/29/2020,PSP,CA,AWP,WE,Towers with Radar,35,17,10,0,62,0,2,10,0,12,35,19,20,0,74,0,0,0,74
03/30/2020,PSP,CA,AWP,WE,Towers with Radar,27,25,9,2,63,0,2,13,0,15,27,27,22,2,78,0,0,0,78
03/31/2020,PSP,CA,AWP,WE,Towers with Radar,28,18,5,0,51,0,2,8,0,10,28,20,13,0,61,0,0,0,61
04/01/2020,PSP,CA,AWP,WE,Towers with Radar,22,12,3,1,38,0,5,11,0,16,22,17,14,1,54,0,0,0,54
04/02/2020,PSP,CA,AWP,WE,Towers with Radar,26,6,7,0,39,0,4,12,2,18,26,10,19,2,57,14,0,14,71
04/03/2020,PSP,CA,AWP,WE,Towers with Radar,30,10,5,0,45,0,2,7,3,12,30,12,12,3,57,10,0,10,67
04/04/2020,PSP,CA,AWP,WE,Towers with Radar,24,8,4,0,36,0,3,18,1,22,24,11,22,1,58,36,0,36,94
04/05/2020,PSP,CA,AWP,WE,Towers with Radar,19,8,9,0,36,0,1,4,2,7,19,9,13,2,43,0,0,0,43
04/06/2020,PSP,CA,AWP,WE,Towers with Radar,17,12,3,0,32,0,2,4,0,6,17,14,7,0,38,0,0,0,38
04/07/2020,PSP,CA,AWP,WE,Towers with Radar,27,7,2,0,36,0,0,3,0,3,27,7,5,0,39,0,0,0,39
04/08/2020,PSP,CA,AWP,WE,Towers with Radar,27,8,1,0,36,0,0,1,0,1,27,8,2,0,37,0,0,0,37
04/09/2020,PSP,CA,AWP,WE,Towers with Radar,27,13,1,0,41,0,0,6,0,6,27,13,7,0,47,0,0,0,47
04/10/2020,PSP,CA,AWP,WE,Towers with Radar,20,14,6,0,40,0,0,2,0,2,20,14,8,0,42,0,0,0,42
04/11/2020,PSP,CA,AWP,WE,Towers with Radar,24,4,6,0,34,0,1,26,0,27,24,5,32,0,61,2,0,2,63
04/12/2020,PSP,CA,AWP,WE,Towers with Radar,18,5,4,0,27,0,2,8,1,11,18,7,12,1,38,6,0,6,44
04/13/2020,PSP,CA,AWP,WE,Towers with Radar,16,10,7,0,33,0,2,3,0,5,16,12,10,0,38,0,0,0,38
04/14/2020,PSP,CA,AWP,WE,Towers with Radar,18,10,4,1,33,0,2,19,5,26,18,12,23,6,59,4,8,12,71
04/15/2020,PSP,CA,AWP,WE,Towers with Radar,16,6,20,0,42,0,4,12,2,18,16,10,32,2,60,0,0,0,60
04/16/2020,PSP,CA,AWP,WE,Towers with Radar,18,5,8,2,33,0,2,23,0,25,18,7,31,2,58,10,0,10,68
04/17/2020,PSP,CA,AWP,WE,Towers with Radar,16,12,10,0,38,0,2,4,0,6,16,14,14,0,44,0,0,0,44
04/18/2020,PSP,CA,AWP,WE,Towers with Radar,11,5,15,0,31,0,2,6,0,8,11,7,21,0,39,0,0,0,39
04/19/2020,PSP,CA,AWP,WE,Towers with Radar,21,7,13,0,41,0,3,12,0,15,21,10,25,0,56,2,0,2,58
04/20/2020,PSP,CA,AWP,WE,Towers with Radar,12,10,8,0,30,0,2,10,3,15,12,12,18,3,45,0,0,0,45
04/21/2020,PSP,CA,AWP,WE,Towers with Radar,12,5,9,0,26,0,6,19,2,27,12,11,28,2,53,0,0,0,53
04/22/2020,PSP,CA,AWP,WE,Towers with Radar,14,11,13,0,38,0,2,17,2,21,14,13,30,2,59,2,0,2,61
04/23/2020,PSP,CA,AWP,WE,Towers with Radar,18,12,7,0,37,0,6,31,1,38,18,18,38,1,75,8,0,8,83
04/24/2020,PSP,CA,AWP,WE,Towers with Radar,16,19,9,0,44,0,6,19,0,25,16,25,28,0,69,0,0,0,69
04/25/2020,PSP,CA,AWP,WE,Towers with Radar,13,19,9,0,41,0,1,30,2,33,13,20,39,2,74,0,0,0,74
04/26/2020,PSP,CA,AWP,WE,Towers with Radar,13,8,7,0,28,0,1,20,3,24,13,9,27,3,52,0,0,0,52
04/27/2020,PSP,CA,AWP,WE,Towers with Radar,17,10,7,2,36,0,5,11,0,16,17,15,18,2,52,0,0,0,52
04/28/2020,PSP,CA,AWP,WE,Towers with Radar,15,14,6,2,37,0,2,29,2,33,15,16,35,4,70,2,0,2,72
04/29/2020,PSP,CA,AWP,WE,Towers with Radar,15,11,8,0,34,0,3,24,1,28,15,14,32,1,62,18,0,18,80
04/30/2020,PSP,CA,AWP,WE,Towers with Radar,18,15,8,2,43,0,3,26,5,34,18,18,34,7,77,10,4,14,91
05/01/2020,PSP,CA,AWP,WE,Towers with Radar,17,14,8,1,40,0,2,18,1,21,17,16,26,2,61,18,0,18,79
05/02/2020,PSP,CA,AWP,WE,Towers with Radar,13,11,6,0,30,0,0,22,1,23,13,11,28,1,53,6,0,6,59
05/03/2020,PSP,CA,AWP,WE,Towers with Radar,23,23,7,0,53,1,5,18,0,24,24,28,25,0,77,26,0,26,103
05/04/2020,PSP,CA,AWP,WE,Towers with Radar,19,12,5,0,36,0,4,21,0,25,19,16,26,0,61,6,0,6,67
05/05/2020,PSP,CA,AWP,WE,Towers with Radar,12,17,17,0,46,1,2,18,0,21,13,19,35,0,67,0,0,0,67
05/06/2020,PSP,CA,AWP,WE,Towers with Radar,12,22,10,0,44,0,0,20,0,20,12,22,30,0,64,0,0,0,64
05/07/2020,PSP,CA,AWP,WE,Towers with Radar,17,22,4,0,43,0,3,19,0,22,17,25,23,0,65,0,0,0,65
05/08/2020,PSP,CA,AWP,WE,Towers with Radar,24,30,16,0,70,0,2,19,3,24,24,32,35,3,94,0,0,0,94
05/09/2020,PSP,CA,AWP,WE,Towers with Radar,17,10,9,1,37,0,0,22,1,23,17,10,31,2,60,48,0,48,108
05/10/2020,PSP,CA,AWP,WE,Towers with Radar,18,12,7,0,37,0,0,15,2,17,18,12,22,2,54,10,0,10,64
05/11/2020,PSP,CA,AWP,WE,Towers with Radar,17,18,9,0,44,0,2,15,0,17,17,20,24,0,61,8,0,8,69
05/12/2020,PSP,CA,AWP,WE,Towers with Radar,12,17,12,0,41,0,1,12,0,13,12,18,24,0,54,28,0,28,82
05/13/2020,PSP,CA,AWP,WE,Towers with Radar,15,27,12,0,54,1,1,15,0,17,16,28,27,0,71,0,0,0,71
05/14/2020,PSP,CA,AWP,WE,Towers with Radar,17,13,12,1,43,1,3,16,4,24,18,16,28,5,67,0,0,0,67
05/15/2020,PSP,CA,AWP,WE,Towers with Radar,22,22,14,0,58,2,3,32,0,37,24,25,46,0,95,8,0,8,103
05/16/2020,PSP,CA,AWP,WE,Towers with Radar,13,21,6,0,40,1,0,30,0,31,14,21,36,0,71,14,0,14,85
05/17/2020,PSP,CA,AWP,WE,Towers with Radar,17,19,10,0,46,1,1,22,0,24,18,20,32,0,70,16,0,16,86
05/18/2020,PSP,CA,AWP,WE,Towers with Radar,20,31,20,0,71,0,2,7,0,9,20,33,27,0,80,6,0,6,86
05/19/2020,PSP,CA,AWP,WE,Towers with Radar,15,10,7,0,32,0,1,14,0,15,15,11,21,0,47,0,0,0,47
05/20/2020,PSP,CA,AWP,WE,Towers with Radar,15,19,9,2,45,0,2,28,0,30,15,21,37,2,75,0,0,0,75
05/21/2020,PSP,CA,AWP,WE,Towers with Radar,18,20,15,0,53,0,2,33,0,35,18,22,48,0,88,12,0,12,100
05/22/2020,PSP,CA,AWP,WE,Towers with Radar,24,16,13,0,53,0,5,40,0,45,24,21,53,0,98,0,0,0,98
05/23/2020,PSP,CA,AWP,WE,Towers with Radar,12,11,11,0,34,0,1,34,0,35,12,12,45,0,69,0,0,0,69
05/24/2020,PSP,CA,AWP,WE,Towers with Radar,20,15,8,0,43,0,3,25,0,28,20,18,33,0,71,0,0,0,71
05/25/2020,PSP,CA,AWP,WE,Towers with Radar,18,13,26,0,57,0,6,39,3,48,18,19,65,3,105,14,0,14,119
05/26/2020,PSP,CA,AWP,WE,Towers with Radar,10,15,8,0,33,1,4,12,0,17,11,19,20,0,50,0,0,0,50
05/27/2020,PSP,CA,AWP,WE,Towers with Radar,15,13,10,0,38,0,5,31,0,36,15,18,41,0,74,0,0,0,74
05/28/2020,PSP,CA,AWP,WE,Towers with Radar,13,20,15,0,48,2,3,30,1,36,15,23,45,1,84,6,0,6,90
05/29/2020,PSP,CA,AWP,WE,Towers with Radar,20,18,13,2,53,1,3,22,0,26,21,21,35,2,79,0,0,0,79
05/30/2020,PSP,CA,AWP,WE,Towers with Radar,13,13,8,0,34,0,3,15,0,18,13,16,23,0,52,10,0,10,62
05/31/2020,PSP,CA,AWP,WE,Towers with Radar,20,12,5,0,37,1,2,19,0,22,21,14,24,0,59,0,0,0,59
06/01/2020,PSP,CA,AWP,WE,Towers with Radar,18,17,7,0,42,1,3,32,0,36,19,20,39,0,78,26,0,26,104
06/02/2020,PSP,CA,AWP,WE,Towers with Radar,18,18,10,2,48,0,5,19,3,27,18,23,29,5,75,8,0,8,83
06/03/2020,PSP,CA,AWP,WE,Towers with Radar,19,14,11,1,45,0,0,14,2,16,19,14,25,3,61,0,0,0,61
06/04/2020,PSP,CA,AWP,WE,Towers with Radar,18,23,12,0,53,0,4,17,2,23,18,27,29,2,76,2,0,2,78
06/05/2020,PSP,CA,AWP,WE,Towers with Radar,18,21,6,1,46,1,0,9,4,14,19,21,15,5,60,0,0,0,60
06/06/2020,PSP,CA,AWP,WE,Towers with Radar,19,15,19,0,53,0,4,7,0,11,19,19,26,0,64,0,0,0,64
06/07/2020,PSP,CA,AWP,WE,Towers with Radar,19,9,11,0,39,0,4,10,3,17,19,13,21,3,56,0,0,0,56
06/08/2020,PSP,CA,AWP,WE,Towers with Radar,18,16,7,0,41,0,2,12,0,14,18,18,19,0,55,8,0,8,63
06/09/2020,PSP,CA,AWP,WE,Towers with Radar,15,11,8,0,34,0,0,21,0,21,15,11,29,0,55,16,0,16,71
06/10/2020,PSP,CA,AWP,WE,Towers with Radar,19,13,9,0,41,0,2,25,3,30,19,15,34,3,71,0,0,0,71
06/11/2020,PSP,CA,AWP,WE,Towers with Radar,18,9,10,0,37,1,6,20,8,35,19,15,30,8,72,22,0,22,94
06/12/2020,PSP,CA,AWP,WE,Towers with Radar,20,18,12,2,52,0,2,24,1,27,20,20,36,3,79,0,0,0,79
06/13/2020,PSP,CA,AWP,WE,Towers with Radar,17,14,8,2,41,0,4,26,4,34,17,18,34,6,75,20,0,20,95
06/14/2020,PSP,CA,AWP,WE,Towers with Radar,22,20,9,2,53,0,1,22,0,23,22,21,31,2,76,0,0,0,76
06/15/2020,PSP,CA,AWP,WE,Towers with Radar,19,22,8,0,49,1,2,15,4,22,20,24,23,4,71,0,0,0,71
06/16/2020,PSP,CA,AWP,WE,Towers with Radar,17,12,9,0,38,0,4,21,1,26,17,16,30,1,64,28,0,28,92
06/17/2020,PSP,CA,AWP,WE,Towers with Radar,19,13,11,0,43,0,3,26,0,29,19,16,37,0,72,4,0,4,76
06/18/2020,PSP,CA,AWP,WE,Towers with Radar,16,17,12,2,47,2,1,26,0,29,18,18,38,2,76,10,0,10,86
06/19/2020,PSP,CA,AWP,WE,Towers with Radar,19,14,11,1,45,0,2,22,1,25,19,16,33,2,70,0,0,0,70
06/20/2020,PSP,CA,AWP,WE,Towers with Radar,16,11,10,4,41,0,1,33,0,34,16,12,43,4,75,0,0,0,75
06/21/2020,PSP,CA,AWP,WE,Towers with Radar,15,10,3,3,31,0,2,13,0,15,15,12,16,3,46,0,0,0,46
06/22/2020,PSP,CA,AWP,WE,Towers with Radar,19,14,7,5,45,2,1,18,0,21,21,15,25,5,66,6,0,6,72
06/23/2020,PSP,CA,AWP,WE,Towers with Radar,17,10,7,0,34,1,2,20,2,25,18,12,27,2,59,6,0,6,65
06/24/2020,PSP,CA,AWP,WE,Towers with Radar,16,15,15,0,46,2,1,17,0,20,18,16,32,0,66,0,0,0,66
06/25/2020,PSP,CA,AWP,WE,Towers with Radar,17,10,4,1,32,2,0,15,0,17,19,10,19,1,49,26,0,26,75
06/26/2020,PSP,CA,AWP,WE,Towers with Radar,21,12,10,3,46,1,0,9,3,13,22,12,19,6,59,0,0,0,59
06/27/2020,PSP,CA,AWP,WE,Towers with Radar,18,11,10,2,41,0,0,25,1,26,18,11,35,3,67,2,0,2,69
06/28/2020,PSP,CA,AWP,WE,Towers with Radar,15,11,16,3,45,0,2,9,0,11,15,13,25,3,56,16,0,16,72
06/29/2020,PSP,CA,AWP,WE,Towers with Radar,21,5,9,0,35,0,0,15,0,15,21,5,24,0,50,0,0,0,50
06/30/2020,PSP,CA,AWP,WE,Towers with Radar,16,10,11,0,37,0,2,19,0,21,16,12,30,0,58,10,0,10,68
07/01/2020,PSP,CA,AWP,WE,Towers with Radar,17,8,10,0,35,0,0,16,0,16,17,8,26,0,51,0,0,0,51
07/02/2020,PSP,CA,AWP,WE,Towers with Radar,19,6,10,1,36,1,0,27,0,28,20,6,37,1,64,4,0,4,68
07/03/2020,PSP,CA,AWP,WE,Towers with Radar,19,12,7,0,38,0,1,13,0,14,19,13,20,0,52,0,0,0,52
07/04/2020,PSP,CA,AWP,WE,Towers with Radar,17,10,4,0,31,0,0,12,0,12,17,10,16,0,43,0,0,0,43
07/05/2020,PSP,CA,AWP,WE,Towers with Radar,19,8,7,0,34,0,0,7,0,7,19,8,14,0,41,0,0,0,41
07/06/2020,PSP,CA,AWP,WE,Towers with Radar,20,4,4,0,28,0,1,23,0,24,20,5,27,0,52,0,0,0,52
07/07/2020,PSP,CA,AWP,WE,Towers with Radar,18,6,15,0,39,0,3,19,0,22,18,9,34,0,61,0,0,0,61
07/08/2020,PSP,CA,AWP,WE,Towers with Radar,18,9,8,1,36,0,0,14,0,14,18,9,22,1,50,16,0,16,66
07/09/2020,PSP,CA,AWP,WE,Towers with Radar,18,4,8,3,33,0,1,16,0,17,18,5,24,3,50,4,0,4,54
07/10/2020,PSP,CA,AWP,WE,Towers with Radar,22,9,1,0,32,1,0,10,0,11,23,9,11,0,43,0,0,0,43
07/11/2020,PSP,CA,AWP,WE,Towers with Radar,21,7,11,0,39,0,1,13,0,14,21,8,24,0,53,0,0,0,53
07/12/2020,PSP,CA,AWP,WE,Towers with Radar,21,8,5,0,34,2,0,9,0,11,23,8,14,0,45,0,0,0,45
07/13/2020,PSP,CA,AWP,WE,Towers with Radar,23,7,2,0,32,1,1,14,0,16,24,8,16,0,48,2,0,2,50
07/14/2020,PSP,CA,AWP,WE,Towers with Radar,19,10,0,0,29,0,1,9,0,10,19,11,9,0,39,0,0,0,39
07/15/2020,PSP,CA,AWP,WE,Towers with Radar,18,5,1,0,24,0,2,3,0,5,18,7,4,0,29,0,0,0,29
07/16/2020,PSP,CA,AWP,WE,Towers with Radar,22,5,6,1,34,0,0,7,1,8,22,5,13,2,42,0,0,0,42
07/17/2020,PSP,CA,AWP,WE,Towers with Radar,21,9,6,3,39,0,1,15,5,21,21,10,21,8,60,2,0,2,62
07/18/2020,PSP,CA,AWP,WE,Towers with Radar,20,4,8,2,34,0,2,21,7,30,20,6,29,9,64,0,0,0,64
07/19/2020,PSP,CA,AWP,WE,Towers with Radar,21,5,9,4,39,0,3,23,7,33,21,8,32,11,72,0,0,0,72
07/20/2020,PSP,CA,AWP,WE,Towers with Radar,24,9,3,2,38,0,3,5,2,10,24,12,8,4,48,0,0,0,48
07/21/2020,PSP,CA,AWP,WE,Towers with Radar,20,7,5,0,32,0,3,20,0,23,20,10,25,0,55,0,0,0,55
07/22/2020,PSP,CA,AWP,WE,Towers with Radar,15,3,7,0,25,4,3,16,0,23,19,6,23,0,48,0,0,0,48
07/23/2020,PSP,CA,AWP,WE,Towers with Radar,21,4,3,0,28,0,0,10,0,10,21,4,13,0,38,4,0,4,42
07/24/2020,PSP,CA,AWP,WE,Towers with Radar,19,15,6,0,40,4,1,16,7,28,23,16,22,7,68,0,0,0,68
07/25/2020,PSP,CA,AWP,WE,Towers with Radar,20,7,7,0,34,0,3,30,0,33,20,10,37,0,67,8,0,8,75
07/26/2020,PSP,CA,AWP,WE,Towers with Radar,17,10,6,3,36,3,1,21,4,29,20,11,27,7,65,4,0,4,69
07/27/2020,PSP,CA,AWP,WE,Towers with Radar,23,12,3,0,38,1,1,10,3,15,24,13,13,3,53,2,0,2,55
07/28/2020,PSP,CA,AWP,WE,Towers with Radar,16,10,2,0,28,2,3,13,1,19,18,13,15,1,47,0,0,0,47
07/29/2020,PSP,CA,AWP,WE,Towers with Radar,19,14,8,1,42,0,3,9,0,12,19,17,17,1,54,0,0,0,54
07/30/2020,PSP,CA,AWP,WE,Towers with Radar,22,3,9,0,34,0,1,12,1,14,22,4,21,1,48,0,0,0,48
07/31/2020,PSP,CA,AWP,WE,Towers with Radar,20,10,4,0,34,1,4,11,0,16,21,14,15,0,50,0,0,0,50
08/01/2020,PSP,CA,AWP,WE,Towers with Radar,22,8,10,0,40,0,2,12,0,14,22,10,22,0,54,0,0,0,54
08/02/2020,PSP,CA,AWP,WE,Towers with Radar,21,10,6,0,37,2,5,6,0,13,23,15,12,0,50,0,0,0,50
08/03/2020,PSP,CA,AWP,WE,Towers with Radar,23,2,5,0,30,3,1,12,0,16,26,3,17,0,46,0,0,0,46
08/04/2020,PSP,CA,AWP,WE,Towers with Radar,20,5,3,0,28,1,2,17,0,20,21,7,20,0,48,0,0,0,48
08/05/2020,PSP,CA,AWP,WE,Towers with Radar,22,9,13,0,44,1,2,16,1,20,23,11,29,1,64,0,0,0,64
08/06/2020,PSP,CA,AWP,WE,Towers with Radar,23,7,8,0,38,0,1,17,0,18,23,8,25,0,56,0,0,0,56
08/07/2020,PSP,CA,AWP,WE,Towers with Radar,25,8,0,0,33,0,1,10,0,11,25,9,10,0,44,0,0,0,44
08/08/2020,PSP,CA,AWP,WE,Towers with Radar,23,4,3,0,30,0,0,12,0,12,23,4,15,0,42,0,0,0,42
08/09/2020,PSP,CA,AWP,WE,Towers with Radar,26,12,1,0,39,0,4,15,0,19,26,16,16,0,58,16,0,16,74
08/10/2020,PSP,CA,AWP,WE,Towers with Radar,24,7,3,0,34,1,3,15,1,20,25,10,18,1,54,0,0,0,54
08/11/2020,PSP,CA,AWP,WE,Towers with Radar,21,5,2,0,28,1,1,17,4,23,22,6,19,4,51,2,0,2,53
08/12/2020,PSP,CA,AWP,WE,Towers with Radar,21,5,10,0,36,1,2,10,1,14,22,7,20,1,50,0,0,0,50
08/13/2020,PSP,CA,AWP,WE,Towers with Radar,24,5,6,0,35,1,3,14,0,18,25,8,20,0,53,6,0,6,59
08/14/2020,PSP,CA,AWP,WE,Towers with Radar,25,12,4,0,41,0,5,25,1,31,25,17,29,1,72,6,0,6,78
08/15/2020,PSP,CA,AWP,WE,Towers with Radar,22,5,4,0,31,3,0,19,0,22,25,5,23,0,53,0,0,0,53
08/16/2020,PSP,CA,AWP,WE,Towers with Radar,24,7,0,0,31,1,1,10,1,13,25,8,10,1,44,0,0,0,44
08/17/2020,PSP,CA,AWP,WE,Towers with Radar,27,6,7,2,42,0,0,10,0,10,27,6,17,2,52,0,0,0,52
08/18/2020,PSP,CA,AWP,WE,Towers with Radar,22,8,8,0,38,0,1,4,0,5,22,9,12,0,43,0,0,0,43
08/19/2020,PSP,CA,AWP,WE,Towers with Radar,21,9,5,0,35,0,3,11,0,14,21,12,16,0,49,2,0,2,51
08/20/2020,PSP,CA,AWP,WE,Towers with Radar,25,7,5,0,37,1,1,3,0,5,26,8,8,0,42,0,0,0,42
08/21/2020,PSP,CA,AWP,WE,Towers with Radar,21,13,5,2,41,2,4,13,3,22,23,17,18,5,63,0,0,0,63
08/22/2020,PSP,CA,AWP,WE,Towers with Radar,25,8,1,0,34,1,2,15,0,18,26,10,16,0,52,24,0,24,76
08/23/2020,PSP,CA,AWP,WE,Towers with Radar,25,9,5,2,41,2,1,18,1,22,27,10,23,3,63,0,0,0,63
08/24/2020,PSP,CA,AWP,WE,Towers with Radar,22,11,3,3,39,0,1,13,1,15,22,12,16,4,54,6,0,6,60
08/25/2020,PSP,CA,AWP,WE,Towers with Radar,23,3,7,1,34,0,0,7,1,8,23,3,14,2,42,0,0,0,42
08/26/2020,PSP,CA,AWP,WE,Towers with Radar,24,2,6,3,35,0,2,8,1,11,24,4,14,4,46,0,0,0,46
08/27/2020,PSP,CA,AWP,WE,Towers with Radar,21,6,9,3,39,0,1,11,0,12,21,7,20,3,51,0,0,0,51
08/28/2020,PSP,CA,AWP,WE,Towers with Radar,20,12,5,4,41,0,1,10,4,15,20,13,15,8,56,0,0,0,56
08/29/2020,PSP,CA,AWP,WE,Towers with Radar,25,5,2,4,36,0,1,19,0,20,25,6,21,4,56,0,0,0,56
08/30/2020,PSP,CA,AWP,WE,Towers with Radar,23,8,6,2,39,0,1,16,2,19,23,9,22,4,58,0,0,0,58
08/31/2020,PSP,CA,AWP,WE,Towers with Radar,23,5,13,3,44,0,0,16,0,16,23,5,29,3,60,0,0,0,60
09/01/2020,PSP,CA,AWP,WE,Towers with Radar,22,4,5,1,32,0,0,13,1,14,22,4,18,2,46,0,0,0,46
09/02/2020,PSP,CA,AWP,WE,Towers with Radar,22,4,13,6,45,0,2,23,2,27,22,6,36,8,72,0,0,0,72
09/03/2020,PSP,CA,AWP,WE,Towers with Radar,26,6,11,3,46,0,3,18,2,23,26,9,29,5,69,0,0,0,69
09/04/2020,PSP,CA,AWP,WE,Towers with Radar,25,7,7,2,41,0,8,16,0,24,25,15,23,2,65,18,0,18,83
09/05/2020,PSP,CA,AWP,WE,Towers with Radar,21,6,1,0,28,0,2,23,0,25,21,8,24,0,53,18,0,18,71
09/06/2020,PSP,CA,AWP,WE,Towers with Radar,23,15,2,0,40,0,1,9,0,10,23,16,11,0,50,24,0,24,74
09/07/2020,PSP,CA,AWP,WE,Towers with Radar,26,12,10,0,48,0,2,12,0,14,26,14,22,0,62,0,0,0,62
09/08/2020,PSP,CA,AWP,WE,Towers with Radar,22,14,9,1,46,0,1,9,0,10,22,15,18,1,56,6,0,6,62
09/09/2020,PSP,CA,AWP,WE,Towers with Radar,26,12,8,1,47,0,0,6,2,8,26,12,14,3,55,0,0,0,55
09/10/2020,PSP,CA,AWP,WE,Towers with Radar,29,11,9,1,50,0,2,20,1,23,29,13,29,2,73,6,0,6,79
09/11/2020,PSP,CA,AWP,WE,Towers with Radar,28,23,2,2,55,0,0,18,0,18,28,23,20,2,73,0,0,0,73
09/12/2020,PSP,CA,AWP,WE,Towers with Radar,30,12,1,0,43,0,6,18,0,24,30,18,19,0,67,0,0,0,67
09/13/2020,PSP,CA,AWP,WE,Towers with Radar,31,17,11,6,65,0,2,21,0,23,31,19,32,6,88,0,0,0,88
09/14/2020,PSP,CA,AWP,WE,Towers with Radar,27,11,5,2,45,0,1,12,2,15,27,12,17,4,60,0,0,0,60
09/15/2020,PSP,CA,AWP,WE,Towers with Radar,25,7,13,1,46,1,1,7,0,9,26,8,20,1,55,0,0,0,55
09/16/2020,PSP,CA,AWP,WE,Towers with Radar,25,9,11,0,45,0,0,12,0,12,25,9,23,0,57,36,0,36,93
09/17/2020,PSP,CA,AWP,WE,Towers with Radar,33,15,11,1,60,0,0,11,0,11,33,15,22,1,71,0,0,0,71
09/18/2020,PSP,CA,AWP,WE,Towers with Radar,29,11,5,1,46,0,0,21,0,21,29,11,26,1,67,8,0,8,75
09/19/2020,PSP,CA,AWP,WE,Towers with Radar,27,7,6,0,40,0,1,25,1,27,27,8,31,1,67,24,0,24,91
09/20/2020,PSP,CA,AWP,WE,Towers with Radar,29,15,10,1,55,0,1,21,0,22,29,16,31,1,77,34,0,34,111
09/21/2020,PSP,CA,AWP,WE,Towers with Radar,28,10,6,0,44,2,1,15,0,18,30,11,21,0,62,4,0,4,66
09/22/2020,PSP,CA,AWP,WE,Towers with Radar,26,2,6,2,36,1,1,9,0,11,27,3,15,2,47,18,0,18,65
09/23/2020,PSP,CA,AWP,WE,Towers with Radar,25,15,3,4,47,0,1,18,0,19,25,16,21,4,66,2,0,2,68
09/24/2020,PSP,CA,AWP,WE,Towers with Radar,30,9,7,3,49,0,4,13,0,17,30,13,20,3,66,10,0,10,76
09/25/2020,PSP,CA,AWP,WE,Towers with Radar,28,6,12,9,55,0,2,21,1,24,28,8,33,10,79,4,0,4,83
09/26/2020,PSP,CA,AWP,WE,Towers with Radar,29,6,6,3,44,0,2,29,5,36,29,8,35,8,80,0,0,0,80
09/27/2020,PSP,CA,AWP,WE,Towers with Radar,34,12,4,0,50,0,1,19,0,20,34,13,23,0,70,0,0,0,70
09/28/2020,PSP,CA,AWP,WE,Towers with Radar,32,6,8,6,52,0,2,20,1,23,32,8,28,7,75,0,0,0,75
09/29/2020,PSP,CA,AWP,WE,Towers with Radar,26,16,4,1,47,0,3,10,8,21,26,19,14,9,68,0,0,0,68
09/30/2020,PSP,CA,AWP,WE,Towers with Radar,28,10,10,1,49,0,1,27,0,28,28,11,37,1,77,0,0,0,77
10/01/2020,PSP,CA,AWP,WE,Towers with Radar,38,10,10,2,60,0,0,15,1,16,38,10,25,3,76,0,0,0,76
10/02/2020,PSP,CA,AWP,WE,Towers with Radar,35,17,8,13,73,0,5,15,5,25,35,22,23,18,98,0,0,0,98
10/03/2020,PSP,CA,AWP,WE,Towers with Radar,32,15,9,7,63,0,0,38,5,43,32,15,47,12,106,12,0,12,118
10/04/2020,PSP,CA,AWP,WE,Towers with Radar,47,21,5,4,77,0,5,31,0,36,47,26,36,4,113,18,0,18,131
10/05/2020,PSP,CA,AWP,WE,Towers with Radar,49,11,6,2,68,0,1,10,4,15,49,12,16,6,83,0,0,0,83
10/06/2020,PSP,CA,AWP,WE,Towers with Radar,40,11,13,2,66,0,1,33,3,37,40,12,46,5,103,0,0,0,103
10/07/2020,PSP,CA,AWP,WE,Towers with Radar,42,15,6,4,67,1,1,19,0,21,43,16,25,4,88,12,0,12,100
10/08/2020,PSP,CA,AWP,WE,Towers with Radar,49,18,18,1,86,0,1,18,3,22,49,19,36,4,108,0,0,0,108
10/09/2020,PSP,CA,AWP,WE,Towers with Radar,48,25,21,8,102,0,0,20,1,21,48,25,41,9,123,0,0,0,123
10/10/2020,PSP,CA,AWP,WE,Towers with Radar,47,27,9,2,85,0,1,32,0,33,47,28,41,2,118,0,0,0,118
10/11/2020,PSP,CA,AWP,WE,Towers with Radar,53,18,13,3,87,0,0,25,0,25,53,18,38,3,112,0,0,0,112
10/12/2020,PSP,CA,AWP,WE,Towers with Radar,49,22,16,2,89,0,6,22,2,30,49,28,38,4,119,0,0,0,119
10/13/2020,PSP,CA,AWP,WE,Towers with Radar,42,13,8,4,67,0,5,13,2,20,42,18,21,6,87,0,0,0,87
10/14/2020,PSP,CA,AWP,WE,Towers with Radar,45,14,11,6,76,0,1,16,5,22,45,15,27,11,98,12,6,18,116
10/15/2020,PSP,CA,AWP,WE,Towers with Radar,50,21,27,5,103,0,0,25,3,28,50,21,52,8,131,0,0,0,131
10/16/2020,PSP,CA,AWP,WE,Towers with Radar,48,34,19,4,105,0,5,19,9,33,48,39,38,13,138,8,4,12,150
10/17/2020,PSP,CA,AWP,WE,Towers with Radar,49,22,10,0,81,0,3,26,5,34,49,25,36,5,115,24,0,24,139
10/18/2020,PSP,CA,AWP,WE,Towers with Radar,54,24,19,0,97,0,8,39,2,49,54,32,58,2,146,0,0,0,146
10/19/2020,PSP,CA,AWP,WE,Towers with Radar,52,28,15,7,102,0,2,25,1,28,52,30,40,8,130,22,0,22,152
10/20/2020,PSP,CA,AWP,WE,Towers with Radar,41,33,11,3,88,0,0,11,2,13,41,33,22,5,101,0,0,0,101
10/21/2020,PSP,CA,AWP,WE,Towers with Radar,47,23,15,5,90,0,2,19,3,24,47,25,34,8,114,0,0,0,114
10/22/2020,PSP,CA,AWP,WE,Towers with Radar,48,36,24,2,110,0,3,22,0,25,48,39,46,2,135,0,0,0,135
10/23/2020,PSP,CA,AWP,WE,Towers with Radar,43,19,19,0,81,1,7,30,1,39,44,26,49,1,120,8,0,8,128
10/24/2020,PSP,CA,AWP,WE,Towers with Radar,44,20,15,1,80,0,6,21,2,29,44,26,36,3,109,0,0,0,109
10/25/2020,PSP,CA,AWP,WE,Towers with Radar,52,26,14,0,92,0,4,16,1,21,52,30,30,1,113,0,0,0,113
10/26/2020,PSP,CA,AWP,WE,Towers with Radar,46,27,15,0,88,1,1,3,0,5,47,28,18,0,93,0,0,0,93
10/27/2020,PSP,CA,AWP,WE,Towers with Radar,41,19,14,1,75,0,3,7,5,15,41,22,21,6,90,0,0,0,90
10/28/2020,PSP,CA,AWP,WE,Towers with Radar,45,28,16,1,90,1,3,32,0,36,46,31,48,1,126,0,0,0,126
10/29/2020,PSP,CA,AWP,WE,Towers with Radar,52,28,12,5,97,0,2,29,0,31,52,30,41,5,128,0,0,0,128
10/30/2020,PSP,CA,AWP,WE,Towers with Radar,44,30,21,1,96,1,4,45,0,50,45,34,66,1,146,0,0,0,146
10/31/2020,PSP,CA,AWP,WE,Towers with Radar,37,21,8,0,66,1,3,36,1,41,38,24,44,1,107,0,0,0,107
11/01/2020,PSP,CA,AWP,WE,Towers with Radar,55,33,18,0,106,0,3,39,1,43,55,36,57,1,149,0,0,0,149
11/02/2020,PSP,CA,AWP,WE,Towers with Radar,54,27,20,1,102,1,1,18,1,21,55,28,38,2,123,8,0,8,131
11/03/2020,PSP,CA,AWP,WE,Towers with Radar,41,20,9,0,70,1,1,28,3,33,42,21,37,3,103,32,0,32,135
11/04/2020,PSP,CA,AWP,WE,Towers with Radar,44,41,10,1,96,3,4,26,3,36,47,45,36,4,132,0,0,0,132
11/05/2020,PSP,CA,AWP,WE,Towers with Radar,51,41,17,5,114,0,2,26,2,30,51,43,43,7,144,6,0,6,150
11/06/2020,PSP,CA,AWP,WE,Towers with Radar,49,33,24,0,106,4,4,17,1,26,53,37,41,1,132,10,0,10,142
11/07/2020,PSP,CA,AWP,WE,Towers with Radar,43,53,27,1,124,1,3,5,4,13,44,56,32,5,137,0,0,0,137
11/08/2020,PSP,CA,AWP,WE,Towers with Radar,66,47,24,2,139,0,1,4,1,6,66,48,28,3,145,0,0,0,145
11/09/2020,PSP,CA,AWP,WE,Towers with Radar,53,32,20,2,107,1,6,20,1,28,54,38,40,3,135,0,0,0,135
11/10/2020,PSP,CA,AWP,WE,Towers with Radar,51,26,21,2,100,0,4,22,0,26,51,30,43,2,126,0,0,0,126
11/11/2020,PSP,CA,AWP,WE,Towers with Radar,48,33,18,2,101,0,2,44,0,46,48,35,62,2,147,0,0,0,147
11/12/2020,PSP,CA,AWP,WE,Towers with Radar,59,44,11,1,115,0,6,28,0,34,59,50,39,1,149,22,0,22,171
11/13/2020,PSP,CA,AWP,WE,Towers with Radar,51,34,23,2,110,0,7,46,0,53,51,41,69,2,163,20,0,20,183
11/14/2020,PSP,CA,AWP,WE,Towers with Radar,49,22,18,0,89,0,2,75,1,78,49,24,93,1,167,8,0,8,175
11/15/2020,PSP,CA,AWP,WE,Towers with Radar,70,42,25,1,138,2,3,53,2,60,72,45,78,3,198,32,0,32,230
11/16/2020,PSP,CA,AWP,WE,Towers with Radar,64,39,15,0,118,2,4,23,0,29,66,43,38,0,147,10,0,10,157
11/17/2020,PSP,CA,AWP,WE,Towers with Radar,57,24,11,5,97,0,4,32,1,37,57,28,43,6,134,0,0,0,134
11/18/2020,PSP,CA,AWP,WE,Towers with Radar,58,41,7,0,106,0,8,22,6,36,58,49,29,6,142,0,0,0,142
11/19/2020,PSP,CA,AWP,WE,Towers with Radar,74,35,29,1,139,0,0,23,1,24,74,35,52,2,163,0,0,0,163
11/20/2020,PSP,CA,AWP,WE,Towers with Radar,61,42,35,0,138,0,7,27,0,34,61,49,62,0,172,0,0,0,172
11/21/2020,PSP,CA,AWP,WE,Towers with Radar,58,44,29,0,131,0,5,39,0,44,58,49,68,0,175,0,0,0,175
11/22/2020,PSP,CA,AWP,WE,Towers with Radar,76,48,38,0,162,0,5,47,1,53,76,53,85,1,215,0,0,0,215
11/23/2020,PSP,CA,AWP,WE,Towers with Radar,58,42,23,0,123,0,0,32,0,32,58,42,55,0,155,16,0,16,171
11/24/2020,PSP,CA,AWP,WE,Towers with Radar,70,32,21,1,124,0,1,24,2,27,70,33,45,3,151,10,0,10,161
11/25/2020,PSP,CA,AWP,WE,Towers with Radar,65,28,28,0,121,0,6,48,0,54,65,34,76,0,175,0,0,0,175
11/26/2020,PSP,CA,AWP,WE,Towers with Radar,46,14,3,0,63,0,2,15,1,18,46,16,18,1,81,0,0,0,81
11/27/2020,PSP,CA,AWP,WE,Towers with Radar,63,31,17,0,111,0,7,36,0,43,63,38,53,0,154,0,0,0,154
11/28/2020,PSP,CA,AWP,WE,Towers with Radar,71,39,22,0,132,0,5,49,0,54,71,44,71,0,186,0,0,0,186
11/29/2020,PSP,CA,AWP,WE,Towers with Radar,76,34,40,0,150,0,2,37,0,39,76,36,77,0,189,22,0,22,211
11/30/2020,PSP,CA,AWP,WE,Towers with Radar,68,31,27,0,126,0,8,16,0,24,68,39,43,0,150,0,0,0,150
12/01/2020,PSP,CA,AWP,WE,Towers with Radar,64,37,19,0,120,0,2,18,0,20,64,39,37,0,140,0,0,0,140
12/02/2020,PSP,CA,AWP,WE,Towers with Radar,60,39,11,0,110,2,7,25,0,34,62,46,36,0,144,12,0,12,156
12/03/2020,PSP,CA,AWP,WE,Towers with Radar,65,21,15,0,101,0,5,16,2,23,65,26,31,2,124,0,0,0,124
12/04/2020,PSP,CA,AWP,WE,Towers with Radar,38,31,17,0,86,0,2,26,2,30,38,33,43,2,116,22,0,22,138
12/05/2020,PSP,CA,AWP,WE,Towers with Radar,67,42,18,1,128,0,4,17,1,22,67,46,35,2,150,0,0,0,150
12/06/2020,PSP,CA,AWP,WE,Towers with Radar,67,33,16,0,116,0,4,35,0,39,67,37,51,0,155,12,0,12,167
12/07/2020,PSP,CA,AWP,WE,Towers with Radar,65,27,25,0,117,1,0,11,0,12,66,27,36,0,129,58,0,58,187
12/08/2020,PSP,CA,AWP,WE,Towers with Radar,58,27,9,0,94,0,2,14,0,16,58,29,23,0,110,0,0,0,110
12/09/2020,PSP,CA,AWP,WE,Towers with Radar,63,20,16,0,99,0,0,22,0,22,63,20,38,0,121,14,0,14,135
12/10/2020,PSP,CA,AWP,WE,Towers with Radar,66,30,19,0,115,1,0,31,0,32,67,30,50,0,147,0,0,0,147
12/11/2020,PSP,CA,AWP,WE,Towers with Radar,64,33,17,0,114,1,1,17,0,19,65,34,34,0,133,0,0,0,133
12/12/2020,PSP,CA,AWP,WE,Towers with Radar,65,22,18,0,105,0,3,17,0,20,65,25,35,0,125,0,0,0,125
12/13/2020,PSP,CA,AWP,WE,Towers with Radar,67,34,6,0,107,0,0,35,0,35,67,34,41,0,142,6,0,6,148
12/14/2020,PSP,CA,AWP,WE,Towers with Radar,66,28,18,0,112,0,2,13,0,15,66,30,31,0,127,4,0,4,131
12/15/2020,PSP,CA,AWP,WE,Towers with Radar,59,31,18,0,108,0,6,13,0,19,59,37,31,0,127,14,0,14,141
12/16/2020,PSP,CA,AWP,WE,Towers with Radar,61,24,14,0,99,0,3,25,0,28,61,27,39,0,127,38,0,38,165
12/17/2020,PSP,CA,AWP,WE,Towers with Radar,82,34,16,0,132,0,3,12,0,15,82,37,28,0,147,20,0,20,167
12/18/2020,PSP,CA,AWP,WE,Towers with Radar,87,36,22,0,145,0,1,32,0,33,87,37,54,0,178,0,0,0,178
12/19/2020,PSP,CA,AWP,WE,Towers with Radar,91,26,26,0,143,0,6,51,0,57,91,32,77,0,200,0,0,0,200
12/20/2020,PSP,CA,AWP,WE,Towers with Radar,87,23,15,0,125,0,1,29,0,30,87,24,44,0,155,0,0,0,155
12/21/2020,PSP,CA,AWP,WE,Towers with Radar,92,26,21,0,139,0,3,32,0,35,92,29,53,0,174,0,0,0,174
12/22/2020,PSP,CA,AWP,WE,Towers with Radar,88,25,11,2,126,1,0,26,0,27,89,25,37,2,153,0,0,0,153
12/23/2020,PSP,CA,AWP,WE,Towers with Radar,91,32,11,0,134,0,3,13,1,17,91,35,24,1,151,26,0,26,177
12/24/2020,PSP,CA,AWP,WE,Towers with Radar,67,28,4,0,99,0,1,10,1,12,67,29,14,1,111,2,0,2,113
12/25/2020,PSP,CA,AWP,WE,Towers with Radar,63,11,4,0,78,0,0,5,0,5,63,11,9,0,83,0,0,0,83
12/26/2020,PSP,CA,AWP,WE,Towers with Radar,98,33,25,0,156,0,4,31,0,35,98,37,56,0,191,0,0,0,191
12/27/2020,PSP,CA,AWP,WE,Towers with Radar,93,33,34,0,160,1,3,14,0,18,94,36,48,0,178,0,0,0,178
12/28/2020,PSP,CA,AWP,WE,Towers with Radar,94,33,18,0,145,0,0,1,0,1,94,33,19,0,146,0,0,0,146
12/29/2020,PSP,CA,AWP,WE,Towers with Radar,85,37,26,0,148,0,1,16,0,17,85,38,42,0,165,6,0,6,171
12/30/2020,PSP,CA,AWP,WE,Towers with Radar,84,39,20,0,143,1,2,45,0,48,85,41,65,0,191,3,0,3,194
12/31/2020,PSP,CA,AWP,WE,Towers with Radar,73,28,14,0,115,0,1,27,1,29,73,29,41,1,144,4,0,4,148
01/01/2021,PSP,CA,AWP,WE,Towers with Radar,77,40,2,0,119,1,5,12,0,18,78,45,14,0,137,0,0,0,137
01/02/2021,PSP,CA,AWP,WE,Towers with Radar,96,40,24,0,160,0,9,46,0,55,96,49,70,0,215,20,0,20,235
01/03/2021,PSP,CA,AWP,WE,Towers with Radar,93,42,29,1,165,0,3,36,0,39,93,45,65,1,204,36,0,36,240
01/04/2021,PSP,CA,AWP,WE,Towers with Radar,83,40,25,1,149,0,6,15,1,22,83,46,40,2,171,0,0,0,171
01/05/2021,PSP,CA,AWP,WE,Towers with Radar,77,35,14,0,126,0,3,21,0,24,77,38,35,0,150,10,0,10,160
01/06/2021,PSP,CA,AWP,WE,Towers with Radar,85,33,14,0,132,0,2,13,0,15,85,35,27,0,147,0,0,0,147
01/07/2021,PSP,CA,AWP,WE,Towers with Radar,90,21,22,0,133,0,2,32,0,34,90,23,54,0,167,2,0,2,169
01/08/2021,PSP,CA,AWP,WE,Towers with Radar,88,26,24,0,138,0,6,29,0,35,88,32,53,0,173,0,0,0,173
01/09/2021,PSP,CA,AWP,WE,Towers with Radar,84,31,29,1,145,0,2,31,1,34,84,33,60,2,179,7,0,7,186
01/10/2021,PSP,CA,AWP,WE,Towers with Radar,87,29,31,0,147,0,5,31,1,37,87,34,62,1,184,2,0,2,186
01/11/2021,PSP,CA,AWP,WE,Towers with Radar,84,25,12,1,122,3,5,22,1,31,87,30,34,2,153,0,0,0,153
01/12/2021,PSP,CA,AWP,WE,Towers with Radar,74,19,9,1,103,0,5,27,0,32,74,24,36,1,135,0,0,0,135
01/13/2021,PSP,CA,AWP,WE,Towers with Radar,77,20,26,1,124,0,4,33,1,38,77,24,59,2,162,4,0,4,166
01/14/2021,PSP,CA,AWP,WE,Towers with Radar,88,29,22,4,143,0,2,25,2,29,88,31,47,6,172,8,0,8,180
01/15/2021,PSP,CA,AWP,WE,Towers with Radar,91,42,21,2,156,0,1,27,3,31,91,43,48,5,187,28,0,28,215
01/16/2021,PSP,CA,AWP,WE,Towers with Radar,77,36,24,5,142,0,7,28,3,38,77,43,52,8,180,0,0,0,180
01/17/2021,PSP,CA,AWP,WE,Towers with Radar,95,24,8,0,127,0,1,28,0,29,95,25,36,0,156,16,0,16,172
01/18/2021,PSP,CA,AWP,WE,Towers with Radar,91,29,17,1,138,0,5,19,4,28,91,34,36,5,166,0,0,0,166
01/19/2021,PSP,CA,AWP,WE,Towers with Radar,74,25,18,0,117,0,3,4,0,7,74,28,22,0,124,0,0,0,124
01/20/2021,PSP,CA,AWP,WE,Towers with Radar,77,26,3,0,106,0,1,4,2,7,77,27,7,2,113,24,0,24,137
01/21/2021,PSP,CA,AWP,WE,Towers with Radar,91,25,22,0,138,0,5,34,2,41,91,30,56,2,179,12,0,12,191
01/22/2021,PSP,CA,AWP,WE,Towers with Radar,85,20,20,0,125,0,3,12,2,17,85,23,32,2,142,0,0,0,142
01/23/2021,PSP,CA,AWP,WE,Towers with Radar,84,28,10,3,125,0,2,8,4,14,84,30,18,7,139,26,0,26,165
01/24/2021,PSP,CA,AWP,WE,Towers with Radar,97,48,10,0,155,0,1,13,3,17,97,49,23,3,172,14,0,14,186
01/25/2021,PSP,CA,AWP,WE,Towers with Radar,84,27,11,0,122,0,3,1,1,5,84,30,12,1,127,0,0,0,127
01/26/2021,PSP,CA,AWP,WE,Towers with Radar,77,18,12,1,108,0,2,26,3,31,77,20,38,4,139,10,0,10,149
01/27/2021,PSP,CA,AWP,WE,Towers with Radar,77,18,16,0,111,0,6,11,5,22,77,24,27,5,133,0,0,0,133
01/28/2021,PSP,CA,AWP,WE,Towers with Radar,93,23,21,0,137,0,8,16,0,24,93,31,37,0,161,18,0,18,179
01/29/2021,PSP,CA,AWP,WE,Towers with Radar,86,24,17,1,128,0,1,3,2,6,86,25,20,3,134,0,0,0,134
01/30/2021,PSP,CA,AWP,WE,Towers with Radar,81,14,12,0,107,0,4,39,1,44,81,18,51,1,151,10,1,11,162
01/31/2021,PSP,CA,AWP,WE,Towers with Radar,91,41,22,0,154,0,3,39,0,42,91,44,61,0,196,14,0,14,210
02/01/2021,PSP,CA,AWP,WE,Towers with Radar,89,34,6,0,129,0,3,10,0,13,89,37,16,0,142,0,0,0,142
02/02/2021,PSP,CA,AWP,WE,Towers with Radar,77,21,11,1,110,0,1,27,3,31,77,22,38,4,141,8,0,8,149
02/03/2021,PSP,CA,AWP,WE,Towers with Radar,79,18,24,7,128,0,0,29,1,30,79,18,53,8,158,0,0,0,158
02/04/2021,PSP,CA,AWP,WE,Towers with Radar,90,25,19,0,134,0,3,16,1,20,90,28,35,1,154,6,0,6,160
02/05/2021,PSP,CA,AWP,WE,Towers with Radar,90,35,22,1,148,0,4,36,0,40,90,39,58,1,188,4,0,4,192
02/06/2021,PSP,CA,AWP,WE,Towers with Radar,86,28,21,4,139,0,5,55,1,61,86,33,76,5,200,2,0,2,202
02/07/2021,PSP,CA,AWP,WE,Towers with Radar,95,30,26,1,152,0,6,21,0,27,95,36,47,1,179,8,0,8,187
02/08/2021,PSP,CA,AWP,WE,Towers with Radar,86,29,16,2,133,0,5,20,0,25,86,34,36,2,158,0,0,0,158
02/09/2021,PSP,CA,AWP,WE,Towers with Radar,78,27,13,0,118,0,4,23,2,29,78,31,36,2,147,8,0,8,155
02/10/2021,PSP,CA,AWP,WE,Towers with Radar,79,22,13,1,115,0,10,23,2,35,79,32,36,3,150,14,0,14,164
02/11/2021,PSP,CA,AWP,WE,Towers with Radar,97,27,23,0,147,0,4,53,1,58,97,31,76,1,205,0,0,0,205
02/12/2021,PSP,CA,AWP,WE,Towers with Radar,92,18,37,7,154,0,3,25,1,29,92,21,62,8,183,10,0,10,193
02/13/2021,PSP,CA,AWP,WE,Towers with Radar,71,36,14,2,123,0,2,25,0,27,71,38,39,2,150,0,0,0,150
02/14/2021,PSP,CA,AWP,WE,Towers with Radar,81,33,20,5,139,0,0,28,1,29,81,33,48,6,168,0,0,0,168
02/15/2021,PSP,CA,AWP,WE,Towers with Radar,83,26,35,2,146,0,2,36,1,39,83,28,71,3,185,40,0,40,225
02/16/2021,PSP,CA,AWP,WE,Towers with Radar,75,22,34,6,137,0,2,16,1,19,75,24,50,7,156,0,0,0,156
02/17/2021,PSP,CA,AWP,WE,Towers with Radar,74,20,13,1,108,0,6,21,6,33,74,26,34,7,141,4,0,4,145
02/18/2021,PSP,CA,AWP,WE,Towers with Radar,94,15,30,6,145,0,6,35,1,42,94,21,65,7,187,46,0,46,233
02/19/2021,PSP,CA,AWP,WE,Towers with Radar,88,27,32,2,149,0,3,42,0,45,88,30,74,2,194,0,0,0,194
02/20/2021,PSP,CA,AWP,WE,Towers with Radar,96,23,24,0,143,0,0,22,0,22,96,23,46,0,165,0,0,0,165
02/21/2021,PSP,CA,AWP,WE,Towers with Radar,97,45,37,0,179,0,5,41,2,48,97,50,78,2,227,54,0,54,281
02/22/2021,PSP,CA,AWP,WE,Towers with Radar,88,21,19,1,129,0,0,22,1,23,88,21,41,2,152,0,0,0,152
02/23/2021,PSP,CA,AWP,WE,Towers with Radar,79,29,22,2,132,0,2,32,2,36,79,31,54,4,168,12,0,12,180
02/24/2021,PSP,CA,AWP,WE,Towers with Radar,84,32,27,2,145,0,3,28,1,32,84,35,55,3,177,6,0,6,183
02/25/2021,PSP,CA,AWP,WE,Towers with Radar,100,34,31,5,170,0,0,15,5,20,100,34,46,10,190,18,0,18,208
02/26/2021,PSP,CA,AWP,WE,Towers with Radar,93,23,32,1,149,0,6,37,4,47,93,29,69,5,196,0,0,0,196
02/27/2021,PSP,CA,AWP,WE,Towers with Radar,86,20,13,2,121,0,0,43,6,49,86,20,56,8,170,28,0,28,198
02/28/2021,PSP,CA,AWP,WE,Towers with Radar,97,36,29,0,162,0,1,18,0,19,97,37,47,0,181,28,0,28,209
03/01/2021,PSP,CA,AWP,WE,Towers with Radar,88,36,22,0,146,0,2,28,7,37,88,38,50,7,183,32,0,32,215
03/02/2021,PSP,CA,AWP,WE,Towers with Radar,74,23,22,0,119,1,5,36,9,51,75,28,58,9,170,2,0,2,172
03/03/2021,PSP,CA,AWP,WE,Towers with Radar,79,27,20,2,128,0,2,11,2,15,79,29,31,4,143,10,0,10,153
03/04/2021,PSP,CA,AWP,WE,Towers with Radar,95,19,26,0,140,0,4,35,0,39,95,23,61,0,179,6,0,6,185
03/05/2021,PSP,CA,AWP,WE,Towers with Radar,88,18,41,1,148,0,3,35,1,39,88,21,76,2,187,0,0,0,187
03/06/2021,PSP,CA,AWP,WE,Towers with Radar,90,41,26,0,157,0,4,63,0,67,90,45,89,0,224,12,0,12,236
03/07/2021,PSP,CA,AWP,WE,Towers with Radar,95,40,21,0,156,0,4,27,0,31,95,44,48,0,187,28,0,28,215
03/08/2021,PSP,CA,AWP,WE,Towers with Radar,90,27,25,0,142,0,1,8,0,9,90,28,33,0,151,6,0,6,157
03/09/2021,PSP,CA,AWP,WE,Towers with Radar,90,26,22,2,140,0,1,8,2,11,90,27,30,4,151,0,0,0,151
03/10/2021,PSP,CA,AWP,WE,Towers with Radar,90,32,39,1,162,0,0,4,3,7,90,32,43,4,169,0,0,0,169
03/11/2021,PSP,CA,AWP,WE,Towers with Radar,99,31,22,0,152,0,0,16,1,17,99,31,38,1,169,20,0,20,189
03/12/2021,PSP,CA,AWP,WE,Towers with Radar,90,32,40,3,165,0,6,22,0,28,90,38,62,3,193,18,0,18,211
03/13/2021,PSP,CA,AWP,WE,Towers with Radar,87,28,23,4,142,0,2,30,0,32,87,30,53,4,174,32,0,32,206
03/14/2021,PSP,CA,AWP,WE,Towers with Radar,91,39,45,3,178,0,3,36,1,40,91,42,81,4,218,4,0,4,222
03/15/2021,PSP,CA,AWP,WE,Towers with Radar,93,33,18,0,144,0,3,6,0,9,93,36,24,0,153,4,0,4,157
03/16/2021,PSP,CA,AWP,WE,Towers with Radar,86,32,22,0,140,0,2,37,1,40,86,34,59,1,180,2,0,2,182
03/17/2021,PSP,CA,AWP,WE,Towers with Radar,91,33,18,1,143,0,9,36,1,46,91,42,54,2,189,14,0,14,203
03/18/2021,PSP,CA,AWP,WE,Towers with Radar,101,32,31,0,164,0,3,27,0,30,101,35,58,0,194,0,0,0,194
03/19/2021,PSP,CA,AWP,WE,Towers with Radar,92,29,40,0,161,0,1,43,0,44,92,30,83,0,205,4,0,4,209
03/20/2021,PSP,CA,AWP,WE,Towers with Radar,93,30,25,0,148,0,4,30,0,34,93,34,55,0,182,0,0,0,182
03/21/2021,PSP,CA,AWP,WE,Towers with Radar,102,37,46,0,185,0,5,41,1,47,102,42,87,1,232,4,0,4,236
03/22/2021,PSP,CA,AWP,WE,Towers with Radar,87,30,22,0,139,0,2,25,1,28,87,32,47,1,167,4,0,4,171
03/23/2021,PSP,CA,AWP,WE,Towers with Radar,90,20,30,2,142,0,0,9,0,9,90,20,39,2,151,0,0,0,151
03/24/2021,PSP,CA,AWP,WE,Towers with Radar,92,33,40,0,165,0,4,28,0,32,92,37,68,0,197,12,0,12,209
03/25/2021,PSP,CA,AWP,WE,Towers with Radar,101,30,31,0,162,0,1,10,0,11,101,31,41,0,173,0,0,0,173
03/26/2021,PSP,CA,AWP,WE,Towers with Radar,93,40,40,0,173,0,6,32,0,38,93,46,72,0,211,0,0,0,211
03/27/2021,PSP,CA,AWP,WE,Towers with Radar,96,28,36,0,160,0,4,53,0,57,96,32,89,0,217,24,0,24,241
03/28/2021,PSP,CA,AWP,WE,Towers with Radar,101,27,32,0,160,0,3,50,0,53,101,30,82,0,213,20,0,20,233
03/29/2021,PSP,CA,AWP,WE,Towers with Radar,95,17,32,2,146,0,7,25,0,32,95,24,57,2,178,16,0,16,194
03/30/2021,PSP,CA,AWP,WE,Towers with Radar,91,19,23,2,135,0,1,32,1,34,91,20,55,3,169,12,0,12,181
03/31/2021,PSP,CA,AWP,WE,Towers with Radar,90,47,18,0,155,0,3,30,6,39,90,50,48,6,194,12,0,12,206
04/01/2021,PSP,CA,AWP,WE,Towers with Radar,104,43,33,1,181,0,0,31,1,32,104,43,64,2,213,0,0,0,213
04/02/2021,PSP,CA,AWP,WE,Towers with Radar,97,46,34,0,177,0,2,51,2,55,97,48,85,2,232,0,0,0,232
04/03/2021,PSP,CA,AWP,WE,Towers with Radar,93,32,27,1,153,0,2,39,1,42,93,34,66,2,195,0,0,0,195
04/04/2021,PSP,CA,AWP,WE,Towers with Radar,89,19,24,0,132,0,4,37,1,42,89,23,61,1,174,0,0,0,174
04/05/2021,PSP,CA,AWP,WE,Towers with Radar,96,39,30,0,165,0,6,18,0,24,96,45,48,0,189,0,0,0,189
04/06/2021,PSP,CA,AWP,WE,Towers with Radar,78,26,23,0,127,0,3,19,0,22,78,29,42,0,149,14,0,14,163
04/07/2021,PSP,CA,AWP,WE,Towers with Radar,76,29,29,0,134,0,2,26,0,28,76,31,55,0,162,10,0,10,172
04/08/2021,PSP,CA,AWP,WE,Towers with Radar,92,36,33,0,161,0,4,34,3,41,92,40,67,3,202,4,0,4,206
04/09/2021,PSP,CA,AWP,WE,Towers with Radar,86,41,35,0,162,0,10,24,1,35,86,51,59,1,197,0,0,0,197
04/10/2021,PSP,CA,AWP,WE,Towers with Radar,91,43,26,2,162,0,1,47,6,54,91,44,73,8,216,10,0,10,226
04/11/2021,PSP,CA,AWP,WE,Towers with Radar,90,41,30,0,161,0,6,31,0,37,90,47,61,0,198,0,0,0,198
04/12/2021,PSP,CA,AWP,WE,Towers with Radar,80,21,30,0,131,0,8,11,0,19,80,29,41,0,150,14,0,14,164
04/13/2021,PSP,CA,AWP,WE,Towers with Radar,75,29,22,0,126,0,0,12,4,16,75,29,34,4,142,0,0,0,142
04/14/2021,PSP,CA,AWP,WE,Towers with Radar,72,31,37,3,143,0,4,12,2,18,72,35,49,5,161,0,0,0,161
04/15/2021,PSP,CA,AWP,WE,Towers with Radar,90,30,39,1,160,0,2,45,0,47,90,32,84,1,207,10,0,10,217
04/16/2021,PSP,CA,AWP,WE,Towers with Radar,87,37,37,0,161,0,6,47,1,54,87,43,84,1,215,22,0,22,237
04/17/2021,PSP,CA,AWP,WE,Towers with Radar,79,37,29,0,145,0,5,36,0,41,79,42,65,0,186,42,0,42,228
04/18/2021,PSP,CA,AWP,WE,Towers with Radar,90,41,39,0,170,0,5,22,0,27,90,46,61,0,197,8,0,8,205
04/19/2021,PSP,CA,AWP,WE,Towers with Radar,78,31,32,0,141,0,4,36,3,43,78,35,68,3,184,26,2,28,212
04/20/2021,PSP,CA,AWP,WE,Towers with Radar,75,30,20,0,125,0,5,28,2,35,75,35,48,2,160,16,0,16,176
04/21/2021,PSP,CA,AWP,WE,Towers with Radar,73,32,19,0,124,0,3,5,1,9,73,35,24,1,133,0,0,0,133
04/22/2021,PSP,CA,AWP,WE,Towers with Radar,86,32,32,4,154,0,5,27,3,35,86,37,59,7,189,0,0,0,189
04/23/2021,PSP,CA,AWP,WE,Towers with Radar,80,39,38,4,161,0,9,17,7,33,80,48,55,11,194,0,0,0,194
04/24/2021,PSP,CA,AWP,WE,Towers with Radar,77,27,19,3,126,0,5,47,3,55,77,32,66,6,181,4,0,4,185
04/25/2021,PSP,CA,AWP,WE,Towers with Radar,83,49,32,1,165,0,5,31,3,39,83,54,63,4,204,0,0,0,204
04/26/2021,PSP,CA,AWP,WE,Towers with Radar,80,31,20,2,133,0,1,10,4,15,80,32,30,6,148,0,0,0,148
04/27/2021,PSP,CA,AWP,WE,Towers with Radar,75,23,19,2,119,0,1,15,8,24,75,24,34,10,143,4,0,4,147
04/28/2021,PSP,CA,AWP,WE,Towers with Radar,72,32,18,0,122,0,6,28,1,35,72,38,46,1,157,28,0,28,185
04/29/2021,PSP,CA,AWP,WE,Towers with Radar,83,33,24,3,143,0,5,20,2,27,83,38,44,5,170,14,0,14,184
04/30/2021,PSP,CA,AWP,WE,Towers with Radar,89,35,35,0,159,0,6,18,4,28,89,41,53,4,187,2,0,2,189
05/01/2021,PSP,CA,AWP,WE,Towers with Radar,77,39,23,0,139,0,1,42,0,43,77,40,65,0,182,16,0,16,198
05/02/2021,PSP,CA,AWP,WE,Towers with Radar,82,44,36,0,162,0,2,19,0,21,82,46,55,0,183,8,0,8,191
05/03/2021,PSP,CA,AWP,WE,Towers with Radar,81,19,18,0,118,0,1,14,0,15,81,20,32,0,133,0,0,0,133
05/04/2021,PSP,CA,AWP,WE,Towers with Radar,72,32,16,1,121,0,4,27,3,34,72,36,43,4,155,2,0,2,157
05/05/2021,PSP,CA,AWP,WE,Towers with Radar,68,33,18,2,121,0,6,27,1,34,68,39,45,3,155,33,0,33,188
05/06/2021,PSP,CA,AWP,WE,Towers with Radar,70,51,36,0,157,0,1,16,5,22,70,52,52,5,179,54,0,54,233
05/07/2021,PSP,CA,AWP,WE,Towers with Radar,71,44,22,4,141,0,4,18,1,23,71,48,40,5,164,38,0,38,202
05/08/2021,PSP,CA,AWP,WE,Towers with Radar,63,22,22,2,109,0,9,43,0,52,63,31,65,2,161,22,0,22,183
05/09/2021,PSP,CA,AWP,WE,Towers with Radar,66,46,30,0,142,0,1,27,5,33,66,47,57,5,175,14,0,14,189
05/10/2021,PSP,CA,AWP,WE,Towers with Radar,70,25,23,4,122,0,9,24,0,33,70,34,47,4,155,0,0,0,155
05/11/2021,PSP,CA,AWP,WE,Towers with Radar,58,25,10,0,93,0,0,27,1,28,58,25,37,1,121,0,0,0,121
05/12/2021,PSP,CA,AWP,WE,Towers with Radar,62,37,27,1,127,0,2,39,0,41,62,39,66,1,168,0,0,0,168
05/13/2021,PSP,CA,AWP,WE,Towers with Radar,70,36,25,3,134,0,2,31,4,37,70,38,56,7,171,36,0,36,207
05/14/2021,PSP,CA,AWP,WE,Towers with Radar,68,28,21,0,117,0,2,42,3,47,68,30,63,3,164,0,0,0,164
05/15/2021,PSP,CA,AWP,WE,Towers with Radar,63,24,19,0,106,0,3,43,1,47,63,27,62,1,153,0,0,0,153
05/16/2021,PSP,CA,AWP,WE,Towers with Radar,68,22,33,0,123,0,4,25,0,29,68,26,58,0,152,0,0,0,152
05/17/2021,PSP,CA,AWP,WE,Towers with Radar,66,15,13,0,94,0,4,21,1,26,66,19,34,1,120,0,0,0,120
05/18/2021,PSP,CA,AWP,WE,Towers with Radar,59,20,11,0,90,0,6,17,0,23,59,26,28,0,113,0,0,0,113
05/19/2021,PSP,CA,AWP,WE,Towers with Radar,65,18,18,0,101,0,3,21,0,24,65,21,39,0,125,0,0,0,125
05/20/2021,PSP,CA,AWP,WE,Towers with Radar,58,13,21,0,92,0,2,17,1,20,58,15,38,1,112,0,0,0,112
05/21/2021,PSP,CA,AWP,WE,Towers with Radar,65,20,15,0,100,0,0,10,0,10,65,20,25,0,110,0,0,0,110
05/22/2021,PSP,CA,AWP,WE,Towers with Radar,49,11,11,0,71,0,6,34,0,40,49,17,45,0,111,18,0,18,129
05/23/2021,PSP,CA,AWP,WE,Towers with Radar,55,18,23,0,96,0,4,33,1,38,55,22,56,1,134,10,0,10,144
05/24/2021,PSP,CA,AWP,WE,Towers with Radar,54,14,7,0,75,0,1,32,2,35,54,15,39,2,110,14,0,14,124
05/25/2021,PSP,CA,AWP,WE,Towers with Radar,50,15,17,8,90,0,2,24,3,29,50,17,41,11,119,6,0,6,125
05/26/2021,PSP,CA,AWP,WE,Towers with Radar,51,24,11,0,86,0,0,22,6,28,51,24,33,6,114,18,0,18,132
05/27/2021,PSP,CA,AWP,WE,Towers with Radar,51,18,20,0,89,0,6,21,2,29,51,24,41,2,118,4,0,4,122
05/28/2021,PSP,CA,AWP,WE,Towers with Radar,59,21,18,0,98,0,7,47,0,54,59,28,65,0,152,8,0,8,160
05/29/2021,PSP,CA,AWP,WE,Towers with Radar,49,16,9,0,74,0,4,56,0,60,49,20,65,0,134,0,0,0,134
05/30/2021,PSP,CA,AWP,WE,Towers with Radar,55,17,11,0,83,0,5,38,0,43,55,22,49,0,126,42,0,42,168
05/31/2021,PSP,CA,AWP,WE,Towers with Radar,56,17,31,0,104,0,1,57,0,58,56,18,88,0,162,56,0,56,218
06/01/2021,PSP,CA,AWP,WE,Towers with Radar,49,11,14,3,77,0,2,25,4,31,49,13,39,7,108,28,0,28,136
06/02/2021,PSP,CA,AWP,WE,Towers with Radar,55,25,11,0,91,1,7,17,5,30,56,32,28,5,121,10,0,10,131
06/03/2021,PSP,CA,AWP,WE,Towers with Radar,51,17,15,2,85,0,2,28,3,33,51,19,43,5,118,0,0,0,118
06/04/2021,PSP,CA,AWP,WE,Towers with Radar,61,18,15,0,94,0,2,30,2,34,61,20,45,2,128,0,0,0,128
06/05/2021,PSP,CA,AWP,WE,Towers with Radar,44,19,13,0,76,0,6,41,0,47,44,25,54,0,123,0,0,0,123
06/06/2021,PSP,CA,AWP,WE,Towers with Radar,47,14,8,0,69,0,1,20,0,21,47,15,28,0,90,18,0,18,108
06/07/2021,PSP,CA,AWP,WE,Towers with Radar,47,21,4,0,72,0,0,16,2,18,47,21,20,2,90,0,0,0,90
06/08/2021,PSP,CA,AWP,WE,Towers with Radar,50,13,6,1,70,0,2,21,0,23,50,15,27,1,93,10,0,10,103
06/09/2021,PSP,CA,AWP,WE,Towers with Radar,49,19,27,0,95,0,4,21,2,27,49,23,48,2,122,32,0,32,154
06/10/2021,PSP,CA,AWP,WE,Towers with Radar,48,15,12,0,75,0,6,27,0,33,48,21,39,0,108,0,0,0,108
06/11/2021,PSP,CA,AWP,WE,Towers with Radar,54,15,4,0,73,0,9,32,0,41,54,24,36,0,114,0,0,0,114
06/12/2021,PSP,CA,AWP,WE,Towers with Radar,46,17,8,0,71,0,5,37,0,42,46,22,45,0,113,0,0,0,113
06/13/2021,PSP,CA,AWP,WE,Towers with Radar,48,13,21,0,82,0,7,31,2,40,48,20,52,2,122,16,0,16,138
06/14/2021,PSP,CA,AWP,WE,Towers with Radar,51,19,14,4,88,0,3,16,0,19,51,22,30,4,107,0,0,0,107
06/15/2021,PSP,CA,AWP,WE,Towers with Radar,47,12,8,1,68,0,5,10,4,19,47,17,18,5,87,0,0,0,87
06/16/2021,PSP,CA,AWP,WE,Towers with Radar,50,22,8,0,80,0,4,18,2,24,50,26,26,2,104,0,0,0,104
06/17/2021,PSP,CA,AWP,WE,Towers with Radar,48,10,6,0,64,0,3,9,4,16,48,13,15,4,80,0,0,0,80
06/18/2021,PSP,CA,AWP,WE,Towers with Radar,54,10,7,4,75,0,2,18,9,29,54,12,25,13,104,0,0,0,104
06/19/2021,PSP,CA,AWP,WE,Towers with Radar,45,14,6,0,65,0,2,20,0,22,45,16,26,0,87,0,0,0,87
06/20/2021,PSP,CA,AWP,WE,Towers with Radar,51,7,3,0,61,0,1,13,2,16,51,8,16,2,77,8,0,8,85
06/21/2021,PSP,CA,AWP,WE,Towers with Radar,53,11,7,2,73,0,1,12,3,16,53,12,19,5,89,116,0,116,205
06/22/2021,PSP,CA,AWP,WE,Towers with Radar,49,14,12,0,75,0,2,25,4,31,49,16,37,4,106,38,0,38,144
06/23/2021,PSP,CA,AWP,WE,Towers with Radar,49,12,8,0,69,0,1,24,5,30,49,13,32,5,99,102,0,102,201
06/24/2021,PSP,CA,AWP,WE,Towers with Radar,53,9,18,0,80,0,2,38,9,49,53,11,56,9,129,26,4,30,159
06/25/2021,PSP,CA,AWP,WE,Towers with Radar,55,11,13,0,79,0,6,21,5,32,55,17,34,5,111,100,0,100,211
06/26/2021,PSP,CA,AWP,WE,Towers with Radar,46,8,12,0,66,0,9,35,4,48,46,17,47,4,114,46,0,46,160
06/27/2021,PSP,CA,AWP,WE,Towers with Radar,46,9,10,0,65,0,5,15,0,20,46,14,25,0,85,24,0,24,109
06/28/2021,PSP,CA,AWP,WE,Towers with Radar,51,17,6,1,75,0,4,24,1,29,51,21,30,2,104,6,0,6,110
06/29/2021,PSP,CA,AWP,WE,Towers with Radar,49,11,10,2,72,0,0,15,7,22,49,11,25,9,94,0,0,0,94
06/30/2021,PSP,CA,AWP,WE,Towers with Radar,50,9,9,3,71,0,1,16,5,22,50,10,25,8,93,0,0,0,93
07/01/2021,PSP,CA,AWP,WE,Towers with Radar,47,14,6,0,67,0,4,24,3,31,47,18,30,3,98,0,0,0,98
07/02/2021,PSP,CA,AWP,WE,Towers with Radar,51,10,8,0,69,0,1,26,0,27,51,11,34,0,96,0,0,0,96
07/03/2021,PSP,CA,AWP,WE,Towers with Radar,44,9,3,0,56,0,1,33,0,34,44,10,36,0,90,0,0,0,90
07/04/2021,PSP,CA,AWP,WE,Towers with Radar,41,10,0,0,51,0,1,16,0,17,41,11,16,0,68,20,0,20,88
07/05/2021,PSP,CA,AWP,WE,Towers with Radar,50,10,3,0,63,0,3,10,0,13,50,13,13,0,76,30,0,30,106
07/06/2021,PSP,CA,AWP,WE,Towers with Radar,50,9,9,0,68,0,5,15,1,21,50,14,24,1,89,18,0,18,107
07/07/2021,PSP,CA,AWP,WE,Towers with Radar,48,11,8,2,69,0,6,19,1,26,48,17,27,3,95,0,0,0,95
07/08/2021,PSP,CA,AWP,WE,Towers with Radar,50,11,11,0,72,0,4,16,1,21,50,15,27,1,93,0,0,0,93
07/09/2021,PSP,CA,AWP,WE,Towers with Radar,53,12,11,0,76,0,1,17,1,19,53,13,28,1,95,4,0,4,99
07/10/2021,PSP,CA,AWP,WE,Towers with Radar,46,11,0,0,57,0,7,19,4,30,46,18,19,4,87,0,0,0,87
07/11/2021,PSP,CA,AWP,WE,Towers with Radar,48,17,5,1,71,0,7,18,0,25,48,24,23,1,96,40,0,40,136
07/12/2021,PSP,CA,AWP,WE,Towers with Radar,53,8,7,2,70,0,2,10,2,14,53,10,17,4,84,60,0,60,144
07/13/2021,PSP,CA,AWP,WE,Towers with Radar,49,10,6,4,69,0,4,14,3,21,49,14,20,7,90,42,0,42,132
07/14/2021,PSP,CA,AWP,WE,Towers with Radar,52,17,15,0,84,0,5,13,2,20,52,22,28,2,104,0,0,0,104
07/15/2021,PSP,CA,AWP,WE,Towers with Radar,49,16,14,2,81,0,11,12,2,25,49,27,26,4,106,4,0,4,110
07/16/2021,PSP,CA,AWP,WE,Towers with Radar,55,12,9,0,76,0,5,13,4,22,55,17,22,4,98,26,0,26,124
07/17/2021,PSP,CA,AWP,WE,Towers with Radar,51,7,8,0,66,0,1,24,0,25,51,8,32,0,91,10,0,10,101
07/18/2021,PSP,CA,AWP,WE,Towers with Radar,49,13,11,0,73,0,2,14,1,17,49,15,25,1,90,8,0,8,98
07/19/2021,PSP,CA,AWP,WE,Towers with Radar,53,9,7,0,69,0,0,11,0,11,53,9,18,0,80,0,0,0,80
07/20/2021,PSP,CA,AWP,WE,Towers with Radar,50,9,4,1,64,0,1,8,1,10,50,10,12,2,74,0,0,0,74
07/21/2021,PSP,CA,AWP,WE,Towers with Radar,52,9,9,2,72,0,4,9,3,16,52,13,18,5,88,0,0,0,88
07/22/2021,PSP,CA,AWP,WE,Towers with Radar,51,12,4,0,67,0,2,9,6,17,51,14,13,6,84,0,0,0,84
07/23/2021,PSP,CA,AWP,WE,Towers with Radar,53,6,8,2,69,0,3,11,1,15,53,9,19,3,84,0,0,0,84
07/24/2021,PSP,CA,AWP,WE,Towers with Radar,47,9,2,0,58,0,5,19,2,26,47,14,21,2,84,4,0,4,88
07/25/2021,PSP,CA,AWP,WE,Towers with Radar,50,13,10,1,74,0,0,14,0,14,50,13,24,1,88,0,0,0,88
07/26/2021,PSP,CA,AWP,WE,Towers with Radar,50,9,4,0,63,0,4,5,1,10,50,13,9,1,73,24,0,24,97
07/27/2021,PSP,CA,AWP,WE,Towers with Radar,52,6,11,0,69,0,6,13,2,21,52,12,24,2,90,40,0,40,130
07/28/2021,PSP,CA,AWP,WE,Towers with Radar,49,16,8,0,73,0,4,13,0,17,49,20,21,0,90,0,0,0,90
07/29/2021,PSP,CA,AWP,WE,Towers with Radar,53,12,10,4,79,0,3,8,3,14,53,15,18,7,93,0,0,0,93
07/30/2021,PSP,CA,AWP,WE,Towers with Radar,51,10,12,0,73,0,3,9,0,12,51,13,21,0,85,0,0,0,85
07/31/2021,PSP,CA,AWP,WE,Towers with Radar,47,10,6,0,63,0,4,19,0,23,47,14,25,0,86,0,0,0,86
08/01/2021,PSP,CA,AWP,WE,Towers with Radar,47,20,6,0,73,0,2,13,1,16,47,22,19,1,89,0,0,0,89
08/02/2021,PSP,CA,AWP,WE,Towers with Radar,48,11,7,0,66,0,9,8,2,19,48,20,15,2,85,0,0,0,85
08/03/2021,PSP,CA,AWP,WE,Towers with Radar,47,10,2,0,59,0,5,8,0,13,47,15,10,0,72,0,0,0,72
08/04/2021,PSP,CA,AWP,WE,Towers with Radar,50,7,7,0,64,0,4,18,0,22,50,11,25,0,86,0,0,0,86
08/05/2021,PSP,CA,AWP,WE,Towers with Radar,51,9,8,1,69,0,3,10,0,13,51,12,18,1,82,0,0,0,82
08/06/2021,PSP,CA,AWP,WE,Towers with Radar,50,5,8,1,64,0,2,17,0,19,50,7,25,1,83,0,0,0,83
08/07/2021,PSP,CA,AWP,WE,Towers with Radar,47,8,4,0,59,0,4,32,2,38,47,12,36,2,97,18,0,18,115
08/08/2021,PSP,CA,AWP,WE,Towers with Radar,49,11,15,1,76,0,3,19,0,22,49,14,34,1,98,4,0,4,102
08/09/2021,PSP,CA,AWP,WE,Towers with Radar,47,10,8,1,66,0,2,15,1,18,47,12,23,2,84,0,0,0,84
08/10/2021,PSP,CA,AWP,WE,Towers with Radar,47,13,6,0,66,0,1,14,0,15,47,14,20,0,81,22,0,22,103
08/11/2021,PSP,CA,AWP,WE,Towers with Radar,52,7,8,0,67,0,3,10,0,13,52,10,18,0,80,0,0,0,80
08/12/2021,PSP,CA,AWP,WE,Towers with Radar,51,18,4,1,74,0,1,10,1,12,51,19,14,2,86,3,0,3,89
08/13/2021,PSP,CA,AWP,WE,Towers with Radar,47,15,6,1,69,0,1,14,1,16,47,16,20,2,85,24,0,24,109
08/14/2021,PSP,CA,AWP,WE,Towers with Radar,47,8,4,0,59,0,5,15,0,20,47,13,19,0,79,6,0,6,85
08/15/2021,PSP,CA,AWP,WE,Towers with Radar,47,9,5,0,61,0,2,18,0,20,47,11,23,0,81,0,0,0,81
08/16/2021,PSP,CA,AWP,WE,Towers with Radar,49,11,12,3,75,0,0,17,1,18,49,11,29,4,93,0,0,0,93
08/17/2021,PSP,CA,AWP,WE,Towers with Radar,45,10,7,2,64,0,0,4,0,4,45,10,11,2,68,0,0,0,68
08/18/2021,PSP,CA,AWP,WE,Towers with Radar,44,9,14,6,73,0,0,4,4,8,44,9,18,10,81,0,0,0,81
08/19/2021,PSP,CA,AWP,WE,Towers with Radar,48,7,11,4,70,0,0,16,1,17,48,7,27,5,87,0,0,0,87
08/20/2021,PSP,CA,AWP,WE,Towers with Radar,45,7,10,0,62,0,0,21,0,21,45,7,31,0,83,6,0,6,89
08/21/2021,PSP,CA,AWP,WE,Towers with Radar,44,8,15,0,67,0,3,28,2,33,44,11,43,2,100,12,0,12,112
08/22/2021,PSP,CA,AWP,WE,Towers with Radar,49,16,10,1,76,0,12,36,0,48,49,28,46,1,124,8,0,8,132
08/23/2021,PSP,CA,AWP,WE,Towers with Radar,47,9,8,1,65,0,0,18,0,18,47,9,26,1,83,0,0,0,83
08/24/2021,PSP,CA,AWP,WE,Towers with Radar,45,8,11,0,64,0,2,17,2,21,45,10,28,2,85,0,0,0,85
08/25/2021,PSP,CA,AWP,WE,Towers with Radar,47,6,9,0,62,0,4,11,2,17,47,10,20,2,79,0,0,0,79
08/26/2021,PSP,CA,AWP,WE,Towers with Radar,49,5,4,4,62,0,3,19,0,22,49,8,23,4,84,10,0,10,94
08/27/2021,PSP,CA,AWP,WE,Towers with Radar,50,9,11,0,70,0,2,14,0,16,50,11,25,0,86,20,0,20,106
08/28/2021,PSP,CA,AWP,WE,Towers with Radar,46,9,18,0,73,0,0,32,3,35,46,9,50,3,108,14,0,14,122
08/29/2021,PSP,CA,AWP,WE,Towers with Radar,51,12,12,0,75,0,0,11,1,12,51,12,23,1,87,0,0,0,87
08/30/2021,PSP,CA,AWP,WE,Towers with Radar,49,12,3,0,64,0,3,8,0,11,49,15,11,0,75,0,0,0,75
08/31/2021,PSP,CA,AWP,WE,Towers with Radar,45,7,10,0,62,0,1,6,1,8,45,8,16,1,70,36,0,36,106
09/01/2021,PSP,CA,AWP,WE,Towers with Radar,49,15,4,2,70,0,1,13,2,16,49,16,17,4,86,10,0,10,96
09/02/2021,PSP,CA,AWP,WE,Towers with Radar,49,20,11,2,82,0,3,13,0,16,49,23,24,2,98,0,0,0,98
09/03/2021,PSP,CA,AWP,WE,Towers with Radar,48,6,9,0,63,0,3,19,0,22,48,9,28,0,85,6,0,6,91
09/04/2021,PSP,CA,AWP,WE,Towers with Radar,45,9,6,0,60,0,0,22,0,22,45,9,28,0,82,14,0,14,96
09/05/2021,PSP,CA,AWP,WE,Towers with Radar,49,17,6,0,72,0,0,19,0,19,49,17,25,0,91,6,0,6,97
09/06/2021,PSP,CA,AWP,WE,Towers with Radar,49,10,13,0,72,0,3,18,0,21,49,13,31,0,93,0,0,0,93
09/07/2021,PSP,CA,AWP,WE,Towers with Radar,48,10,12,0,70,0,1,15,0,16,48,11,27,0,86,0,0,0,86
09/08/2021,PSP,CA,AWP,WE,Towers with Radar,55,7,11,0,73,0,2,8,0,10,55,9,19,0,83,0,0,0,83
09/09/2021,PSP,CA,AWP,WE,Towers with Radar,55,12,13,0,80,0,0,11,1,12,55,12,24,1,92,0,0,0,92
09/10/2021,PSP,CA,AWP,WE,Towers with Radar,52,13,9,2,76,0,1,22,1,24,52,14,31,3,100,16,0,16,116
09/11/2021,PSP,CA,AWP,WE,Towers with Radar,55,9,8,0,72,0,6,26,7,39,55,15,34,7,111,20,0,20,131
09/12/2021,PSP,CA,AWP,WE,Towers with Radar,56,10,5,0,71,0,2,18,0,20,56,12,23,0,91,0,0,0,91
09/13/2021,PSP,CA,AWP,WE,Towers with Radar,53,6,5,0,64,0,1,20,0,21,53,7,25,0,85,8,0,8,93
09/14/2021,PSP,CA,AWP,WE,Towers with Radar,53,8,7,3,71,0,0,19,0,19,53,8,26,3,90,10,0,10,100
09/15/2021,PSP,CA,AWP,WE,Towers with Radar,52,14,3,2,71,0,8,14,0,22,52,22,17,2,93,0,0,0,93
09/16/2021,PSP,CA,AWP,WE,Towers with Radar,54,15,13,0,82,0,2,18,3,23,54,17,31,3,105,16,0,16,121
09/17/2021,PSP,CA,AWP,WE,Towers with Radar,52,16,10,1,79,0,2,27,6,35,52,18,37,7,114,28,0,28,142
09/18/2021,PSP,CA,AWP,WE,Towers with Radar,54,15,11,1,81,0,2,35,3,40,54,17,46,4,121,0,0,0,121
09/19/2021,PSP,CA,AWP,WE,Towers with Radar,56,19,14,0,89,0,1,26,0,27,56,20,40,0,116,0,0,0,116
09/20/2021,PSP,CA,AWP,WE,Towers with Radar,55,15,9,0,79,0,3,22,5,30,55,18,31,5,109,0,0,0,109
09/21/2021,PSP,CA,AWP,WE,Towers with Radar,53,14,15,1,83,0,1,11,2,14,53,15,26,3,97,0,0,0,97
09/22/2021,PSP,CA,AWP,WE,Towers with Radar,54,13,5,3,75,0,0,25,4,29,54,13,30,7,104,4,0,4,108
09/23/2021,PSP,CA,AWP,WE,Towers with Radar,56,15,9,1,81,0,3,14,0,17,56,18,23,1,98,0,0,0,98
09/24/2021,PSP,CA,AWP,WE,Towers with Radar,52,13,12,1,78,0,3,13,0,16,52,16,25,1,94,0,0,0,94
09/25/2021,PSP,CA,AWP,WE,Towers with Radar,55,13,18,1,87,0,0,47,0,47,55,13,65,1,134,26,0,26,160
09/26/2021,PSP,CA,AWP,WE,Towers with Radar,58,20,26,0,104,0,6,23,0,29,58,26,49,0,133,4,0,4,137
09/27/2021,PSP,CA,AWP,WE,Towers with Radar,53,14,15,0,82,0,0,15,3,18,53,14,30,3,100,14,0,14,114
09/28/2021,PSP,CA,AWP,WE,Towers with Radar,53,7,14,0,74,0,4,12,5,21,53,11,26,5,95,8,0,8,103
09/29/2021,PSP,CA,AWP,WE,Towers with Radar,54,8,25,3,90,0,0,21,2,23,54,8,46,5,113,0,0,0,113
09/30/2021,PSP,CA,AWP,WE,Towers with Radar,57,15,13,3,88,0,0,31,2,33,57,15,44,5,121,18,0,18,139
10/01/2021,PSP,CA,AWP,WE,Towers with Radar,51,20,12,8,91,0,1,21,3,25,51,21,33,11,116,24,0,24,140
10/02/2021,PSP,CA,AWP,WE,Towers with Radar,60,18,6,7,91,0,2,27,0,29,60,20,33,7,120,30,0,30,150
10/03/2021,PSP,CA,AWP,WE,Towers with Radar,61,14,11,4,90,0,2,27,1,30,61,16,38,5,120,0,0,0,120
10/04/2021,PSP,CA,AWP,WE,Towers with Radar,54,11,19,1,85,0,0,9,0,9,54,11,28,1,94,0,0,0,94
10/05/2021,PSP,CA,AWP,WE,Towers with Radar,60,5,12,4,81,0,1,15,4,20,60,6,27,8,101,30,0,30,131
10/06/2021,PSP,CA,AWP,WE,Towers with Radar,58,26,11,0,95,0,2,27,19,48,58,28,38,19,143,22,0,22,165
10/07/2021,PSP,CA,AWP,WE,Towers with Radar,83,22,28,8,141,0,4,13,3,20,83,26,41,11,161,48,0,48,209
10/08/2021,PSP,CA,AWP,WE,Towers with Radar,74,31,28,0,133,0,1,8,4,13,74,32,36,4,146,22,0,22,168
10/09/2021,PSP,CA,AWP,WE,Towers with Radar,67,21,14,0,102,0,0,40,6,46,67,21,54,6,148,20,0,20,168
10/10/2021,PSP,CA,AWP,WE,Towers with Radar,72,29,26,0,127,0,1,29,0,30,72,30,55,0,157,12,0,12,169
10/11/2021,PSP,CA,AWP,WE,Towers with Radar,75,22,21,0,118,0,1,11,0,12,75,23,32,0,130,0,0,0,130
10/12/2021,PSP,CA,AWP,WE,Towers with Radar,78,28,29,0,135,0,1,15,0,16,78,29,44,0,151,34,0,34,185
10/13/2021,PSP,CA,AWP,WE,Towers with Radar,74,11,31,1,117,0,0,34,4,38,74,11,65,5,155,72,0,72,227
10/14/2021,PSP,CA,AWP,WE,Towers with Radar,85,33,36,1,155,0,1,39,5,45,85,34,75,6,200,22,0,22,222
10/15/2021,PSP,CA,AWP,WE,Towers with Radar,78,23,39,2,142,0,5,26,9,40,78,28,65,11,182,20,0,20,202
10/16/2021,PSP,CA,AWP,WE,Towers with Radar,70,31,26,0,127,0,11,47,4,62,70,42,73,4,189,60,0,60,249
10/17/2021,PSP,CA,AWP,WE,Towers with Radar,87,22,40,0,149,0,5,39,1,45,87,27,79,1,194,18,0,18,212
10/18/2021,PSP,CA,AWP,WE,Towers with Radar,81,19,22,1,123,0,2,15,4,21,81,21,37,5,144,2,0,2,146
10/19/2021,PSP,CA,AWP,WE,Towers with Radar,76,25,31,2,134,0,2,19,3,24,76,27,50,5,158,20,0,20,178
10/20/2021,PSP,CA,AWP,WE,Towers with Radar,78,29,32,0,139,0,1,28,1,30,78,30,60,1,169,52,0,52,221
10/21/2021,PSP,CA,AWP,WE,Towers with Radar,69,18,37,2,126,0,3,16,1,20,69,21,53,3,146,18,0,18,164
10/22/2021,PSP,CA,AWP,WE,Towers with Radar,81,33,30,1,145,0,1,24,4,29,81,34,54,5,174,0,0,0,174
10/23/2021,PSP,CA,AWP,WE,Towers with Radar,67,28,25,0,120,0,1,46,4,51,67,29,71,4,171,20,0,20,191
10/24/2021,PSP,CA,AWP,WE,Towers with Radar,74,26,38,0,138,0,5,47,2,54,74,31,85,2,192,2,0,2,194
10/25/2021,PSP,CA,AWP,WE,Towers with Radar,86,29,30,0,145,0,2,4,0,6,86,31,34,0,151,0,0,0,151
10/26/2021,PSP,CA,AWP,WE,Towers with Radar,75,26,23,5,129,0,2,22,0,24,75,28,45,5,153,18,0,18,171
10/27/2021,PSP,CA,AWP,WE,Towers with Radar,77,30,16,8,131,0,7,31,4,42,77,37,47,12,173,12,0,12,185
10/28/2021,PSP,CA,AWP,WE,Towers with Radar,79,31,20,0,130,0,3,30,2,35,79,34,50,2,165,12,0,12,177
10/29/2021,PSP,CA,AWP,WE,Towers with Radar,80,42,31,0,153,0,4,48,0,52,80,46,79,0,205,0,0,0,205
10/30/2021,PSP,CA,AWP,WE,Towers with Radar,67,25,28,0,120,0,15,46,1,62,67,40,74,1,182,42,0,42,224
10/31/2021,PSP,CA,AWP,WE,Towers with Radar,78,51,26,0,155,0,2,34,0,36,78,53,60,0,191,30,0,30,221
11/01/2021,PSP,CA,AWP,WE,Towers with Radar,89,37,50,0,176,0,5,14,3,22,89,42,64,3,198,0,0,0,198
11/02/2021,PSP,CA,AWP,WE,Towers with Radar,81,34,31,0,146,0,5,23,3,31,81,39,54,3,177,2,0,2,179
11/03/2021,PSP,CA,AWP,WE,Towers with Radar,85,51,29,3,168,0,2,32,5,39,85,53,61,8,207,18,0,18,225
11/04/2021,PSP,CA,AWP,WE,Towers with Radar,92,34,51,0,177,0,5,24,0,29,92,39,75,0,206,22,0,22,228
11/05/2021,PSP,CA,AWP,WE,Towers with Radar,90,43,39,0,172,0,7,32,0,39,90,50,71,0,211,0,0,0,211
11/06/2021,PSP,CA,AWP,WE,Towers with Radar,81,43,30,0,154,0,6,47,3,56,81,49,77,3,210,0,0,0,210
11/07/2021,PSP,CA,AWP,WE,Towers with Radar,91,45,63,0,199,0,2,33,0,35,91,47,96,0,234,0,0,0,234
11/08/2021,PSP,CA,AWP,WE,Towers with Radar,83,40,44,2,169,0,3,26,0,29,83,43,70,2,198,34,0,34,232
11/09/2021,PSP,CA,AWP,WE,Towers with Radar,82,37,27,2,148,0,1,31,1,33,82,38,58,3,181,0,0,0,181
11/10/2021,PSP,CA,AWP,WE,Towers with Radar,84,52,30,2,168,0,0,37,4,41,84,52,67,6,209,20,0,20,229
11/11/2021,PSP,CA,AWP,WE,Towers with Radar,95,53,52,0,200,0,8,37,2,47,95,61,89,2,247,6,0,6,253
11/12/2021,PSP,CA,AWP,WE,Towers with Radar,86,61,47,1,195,0,3,37,1,41,86,64,84,2,236,12,0,12,248
11/13/2021,PSP,CA,AWP,WE,Towers with Radar,85,54,31,0,170,0,1,55,2,58,85,55,86,2,228,52,0,52,280
11/14/2021,PSP,CA,AWP,WE,Towers with Radar,96,55,40,1,192,0,5,44,1,50,96,60,84,2,242,24,0,24,266
11/15/2021,PSP,CA,AWP,WE,Towers with Radar,89,42,40,3,174,0,4,35,3,42,89,46,75,6,216,20,0,20,236
11/16/2021,PSP,CA,AWP,WE,Towers with Radar,75,34,33,2,144,0,1,27,2,30,75,35,60,4,174,26,0,26,200
11/17/2021,PSP,CA,AWP,WE,Towers with Radar,81,37,30,2,150,0,5,33,3,41,81,42,63,5,191,0,0,0,191
11/18/2021,PSP,CA,AWP,WE,Towers with Radar,90,35,39,0,164,0,0,34,5,39,90,35,73,5,203,6,0,6,209
11/19/2021,PSP,CA,AWP,WE,Towers with Radar,96,43,46,2,187,0,4,35,5,44,96,47,81,7,231,10,0,10,241
11/20/2021,PSP,CA,AWP,WE,Towers with Radar,95,58,40,1,194,0,2,54,1,57,95,60,94,2,251,2,0,2,253
11/21/2021,PSP,CA,AWP,WE,Towers with Radar,98,52,43,0,193,0,1,36,0,37,98,53,79,0,230,0,0,0,230
11/22/2021,PSP,CA,AWP,WE,Towers with Radar,95,46,25,0,166,0,7,23,2,32,95,53,48,2,198,16,0,16,214
11/23/2021,PSP,CA,AWP,WE,Towers with Radar,100,43,40,0,183,0,0,32,0,32,100,43,72,0,215,14,0,14,229
11/24/2021,PSP,CA,AWP,WE,Towers with Radar,91,37,28,0,156,0,2,33,1,36,91,39,61,1,192,36,0,36,228
11/25/2021,PSP,CA,AWP,WE,Towers with Radar,69,31,10,0,110,0,2,5,0,7,69,33,15,0,117,0,0,0,117
11/26/2021,PSP,CA,AWP,WE,Towers with Radar,86,48,27,0,161,0,3,30,1,34,86,51,57,1,195,6,0,6,201
11/27/2021,PSP,CA,AWP,WE,Towers with Radar,93,54,48,0,195,0,6,49,1,56,93,60,97,1,251,0,0,0,251
11/28/2021,PSP,CA,AWP,WE,Towers with Radar,101,51,46,1,199,0,8,35,0,43,101,59,81,1,242,20,0,20,262
11/29/2021,PSP,CA,AWP,WE,Towers with Radar,103,54,42,2,201,0,0,27,2,29,103,54,69,4,230,8,0,8,238
11/30/2021,PSP,CA,AWP,WE,Towers with Radar,86,35,29,1,151,0,0,12,4,16,86,35,41,5,167,10,0,10,177
12/01/2021,PSP,CA,AWP,WE,Towers with Radar,76,52,17,4,149,0,1,36,5,42,76,53,53,9,191,40,0,40,231
12/02/2021,PSP,CA,AWP,WE,Towers with Radar,92,45,19,4,160,0,2,19,3,24,92,47,38,7,184,24,0,24,208
12/03/2021,PSP,CA,AWP,WE,Towers with Radar,89,42,30,3,164,0,1,21,2,24,89,43,51,5,188,16,0,16,204
12/04/2021,PSP,CA,AWP,WE,Towers with Radar,80,35,30,4,149,0,0,54,0,54,80,35,84,4,203,32,0,32,235
12/05/2021,PSP,CA,AWP,WE,Towers with Radar,98,34,30,3,165,0,2,46,0,48,98,36,76,3,213,12,0,12,225
12/06/2021,PSP,CA,AWP,WE,Towers with Radar,90,39,38,1,168,0,4,29,0,33,90,43,67,1,201,22,0,22,223
12/07/2021,PSP,CA,AWP,WE,Towers with Radar,76,35,35,2,148,0,2,16,0,18,76,37,51,2,166,8,0,8,174
12/08/2021,PSP,CA,AWP,WE,Towers with Radar,76,23,23,4,126,0,2,31,5,38,76,25,54,9,164,32,0,32,196
12/09/2021,PSP,CA,AWP,WE,Towers with Radar,92,22,33,6,153,0,1,6,2,9,92,23,39,8,162,10,0,10,172
12/10/2021,PSP,CA,AWP,WE,Towers with Radar,91,30,27,0,148,0,6,37,1,44,91,36,64,1,192,28,1,29,221
12/11/2021,PSP,CA,AWP,WE,Towers with Radar,78,37,25,0,140,0,7,68,0,75,78,44,93,0,215,10,0,10,225
12/12/2021,PSP,CA,AWP,WE,Towers with Radar,91,33,33,0,157,0,5,34,0,39,91,38,67,0,196,20,0,20,216
12/13/2021,PSP,CA,AWP,WE,Towers with Radar,90,33,27,2,152,0,0,11,2,13,90,33,38,4,165,14,0,14,179
12/14/2021,PSP,CA,AWP,WE,Towers with Radar,76,33,17,0,126,0,2,0,0,2,76,35,17,0,128,0,0,0,128
12/15/2021,PSP,CA,AWP,WE,Towers with Radar,76,28,26,0,130,0,5,24,2,31,76,33,50,2,161,0,0,0,161
12/16/2021,PSP,CA,AWP,WE,Towers with Radar,95,29,30,0,154,0,2,24,0,26,95,31,54,0,180,0,0,0,180
12/17/2021,PSP,CA,AWP,WE,Towers with Radar,97,34,36,3,170,0,3,21,3,27,97,37,57,6,197,16,0,16,213
12/18/2021,PSP,CA,AWP,WE,Towers with Radar,102,32,21,2,157,0,1,60,1,62,102,33,81,3,219,22,0,22,241
12/19/2021,PSP,CA,AWP,WE,Towers with Radar,102,35,32,1,170,0,3,67,0,70,102,38,99,1,240,56,0,56,296
12/20/2021,PSP,CA,AWP,WE,Towers with Radar,104,32,26,1,163,0,0,26,3,29,104,32,52,4,192,0,0,0,192
12/21/2021,PSP,CA,AWP,WE,Towers with Radar,89,34,21,2,146,0,2,16,8,26,89,36,37,10,172,4,2,6,178
12/22/2021,PSP,CA,AWP,WE,Towers with Radar,97,35,26,2,160,0,7,22,2,31,97,42,48,4,191,42,4,46,237
12/23/2021,PSP,CA,AWP,WE,Towers with Radar,105,27,25,0,157,0,4,2,0,6,105,31,27,0,163,4,0,4,167
12/24/2021,PSP,CA,AWP,WE,Towers with Radar,96,17,14,0,127,0,1,6,0,7,96,18,20,0,134,10,0,10,144
12/25/2021,PSP,CA,AWP,WE,Towers with Radar,88,39,9,0,136,0,2,4,0,6,88,41,13,0,142,8,0,8,150
12/26/2021,PSP,CA,AWP,WE,Towers with Radar,94,37,44,0,175,0,1,43,0,44,94,38,87,0,219,0,0,0,219
12/27/2021,PSP,CA,AWP,WE,Towers with Radar,102,36,40,4,182,0,2,27,1,30,102,38,67,5,212,8,0,8,220
12/28/2021,PSP,CA,AWP,WE,Towers with Radar,90,42,43,1,176,0,2,23,2,27,90,44,66,3,203,26,0,26,229
12/29/2021,PSP,CA,AWP,WE,Towers with Radar,98,49,22,1,170,0,0,15,0,15,98,49,37,1,185,8,0,8,193
12/30/2021,PSP,CA,AWP,WE,Towers with Radar,95,58,33,0,186,0,0,19,1,20,95,58,52,1,206,26,0,26,232
12/31/2021,PSP,CA,AWP,WE,Towers with Radar,88,41,23,0,152,0,3,33,1,37,88,44,56,1,189,0,0,0,189
01/01/2022,PSP,CA,AWP,WE,Towers with Radar,86,32,33,0,151,0,3,47,0,50,86,35,80,0,201,0,0,0,201
01/02/2022,PSP,CA,AWP,WE,Towers with Radar,90,30,38,0,158,0,1,51,0,52,90,31,89,0,210,28,0,28,238
01/03/2022,PSP,CA,AWP,WE,Towers with Radar,101,41,36,1,179,0,3,22,0,25,101,44,58,1,204,10,0,10,214
01/04/2022,PSP,CA,AWP,WE,Towers with Radar,83,39,32,1,155,0,1,25,3,29,83,40,57,4,184,16,0,16,200
01/05/2022,PSP,CA,AWP,WE,Towers with Radar,79,48,27,0,154,0,1,34,5,40,79,49,61,5,194,20,0,20,214
01/06/2022,PSP,CA,AWP,WE,Towers with Radar,95,32,23,0,150,0,0,22,3,25,95,32,45,3,175,0,0,0,175
01/07/2022,PSP,CA,AWP,WE,Towers with Radar,99,40,30,0,169,0,4,26,1,31,99,44,56,1,200,2,0,2,202
01/08/2022,PSP,CA,AWP,WE,Towers with Radar,85,29,26,0,140,0,4,48,3,55,85,33,74,3,195,14,0,14,209
01/09/2022,PSP,CA,AWP,WE,Towers with Radar,105,31,53,0,189,0,3,39,0,42,105,34,92,0,231,15,0,15,246
01/10/2022,PSP,CA,AWP,WE,Towers with Radar,92,42,24,1,159,0,2,25,7,34,92,44,49,8,193,38,0,38,231
01/11/2022,PSP,CA,AWP,WE,Towers with Radar,80,23,20,0,123,0,0,16,2,18,80,23,36,2,141,0,0,0,141
01/12/2022,PSP,CA,AWP,WE,Towers with Radar,89,30,25,5,149,0,2,23,1,26,89,32,48,6,175,26,12,38,213
01/13/2022,PSP,CA,AWP,WE,Towers with Radar,102,44,29,0,175,0,2,30,0,32,102,46,59,0,207,14,0,14,221
01/14/2022,PSP,CA,AWP,WE,Towers with Radar,99,69,30,0,198,1,1,22,1,25,100,70,52,1,223,22,0,22,245
01/15/2022,PSP,CA,AWP,WE,Towers with Radar,89,31,29,0,149,0,0,47,2,49,89,31,76,2,198,14,0,14,212
01/16/2022,PSP,CA,AWP,WE,Towers with Radar,98,56,40,0,194,0,1,33,1,35,98,57,73,1,229,16,0,16,245
01/17/2022,PSP,CA,AWP,WE,Towers with Radar,100,61,34,0,195,0,1,19,0,20,100,62,53,0,215,26,0,26,241
01/18/2022,PSP,CA,AWP,WE,Towers with Radar,84,36,34,0,154,0,1,35,5,41,84,37,69,5,195,28,0,28,223
01/19/2022,PSP,CA,AWP,WE,Towers with Radar,81,36,35,0,152,0,1,18,4,23,81,37,53,4,175,0,0,0,175
01/20/2022,PSP,CA,AWP,WE,Towers with Radar,101,34,32,0,167,0,4,28,1,33,101,38,60,1,200,11,0,11,211
01/21/2022,PSP,CA,AWP,WE,Towers with Radar,95,43,28,0,166,0,0,23,4,27,95,43,51,4,193,0,0,0,193
01/22/2022,PSP,CA,AWP,WE,Towers with Radar,91,47,23,0,161,0,0,32,1,33,91,47,55,1,194,8,0,8,202
01/23/2022,PSP,CA,AWP,WE,Towers with Radar,91,46,40,0,177,0,1,40,0,41,91,47,80,0,218,32,0,32,250
01/24/2022,PSP,CA,AWP,WE,Towers with Radar,94,33,23,2,152,0,0,27,0,27,94,33,50,2,179,22,0,22,201
01/25/2022,PSP,CA,AWP,WE,Towers with Radar,82,26,27,5,140,0,4,27,2,33,82,30,54,7,173,2,0,2,175
01/26/2022,PSP,CA,AWP,WE,Towers with Radar,85,43,32,0,160,0,0,32,0,32,85,43,64,0,192,0,0,0,192
01/27/2022,PSP,CA,AWP,WE,Towers with Radar,98,29,30,0,157,0,7,39,3,49,98,36,69,3,206,0,0,0,206
01/28/2022,PSP,CA,AWP,WE,Towers with Radar,92,30,24,0,146,0,2,37,5,44,92,32,61,5,190,18,0,18,208
01/29/2022,PSP,CA,AWP,WE,Towers with Radar,91,42,26,0,159,0,7,65,0,72,91,49,91,0,231,8,0,8,239
01/30/2022,PSP,CA,AWP,WE,Towers with Radar,102,49,35,0,186,0,0,58,0,58,102,49,93,0,244,28,0,28,272
01/31/2022,PSP,CA,AWP,WE,Towers with Radar,91,46,24,1,162,0,2,21,2,25,91,48,45,3,187,10,2,12,199
02/01/2022,PSP,CA,AWP,WE,Towers with Radar,82,34,13,0,129,0,0,19,2,21,82,34,32,2,150,14,0,14,164
02/02/2022,PSP,CA,AWP,WE,Towers with Radar,84,35,19,0,138,0,0,6,0,6,84,35,25,0,144,0,0,0,144
02/03/2022,PSP,CA,AWP,WE,Towers with Radar,88,35,25,0,148,1,6,24,3,34,89,41,49,3,182,0,0,0,182
02/04/2022,PSP,CA,AWP,WE,Towers with Radar,88,43,45,2,178,0,2,40,1,43,88,45,85,3,221,22,0,22,243
02/05/2022,PSP,CA,AWP,WE,Towers with Radar,89,37,26,3,155,0,2,68,7,77,89,39,94,10,232,6,30,36,268
02/06/2022,PSP,CA,AWP,WE,Towers with Radar,99,53,46,0,198,0,5,49,2,56,99,58,95,2,254,10,0,10,264
02/07/2022,PSP,CA,AWP,WE,Towers with Radar,98,43,16,0,157,0,3,38,8,49,98,46,54,8,206,0,0,0,206
02/08/2022,PSP,CA,AWP,WE,Towers with Radar,83,35,20,0,138,0,1,34,3,38,83,36,54,3,176,8,0,8,184
02/09/2022,PSP,CA,AWP,WE,Towers with Radar,89,37,30,0,156,0,0,19,12,31,89,37,49,12,187,22,0,22,209
02/10/2022,PSP,CA,AWP,WE,Towers with Radar,103,38,46,2,189,0,2,25,10,37,103,40,71,12,226,12,0,12,238
02/11/2022,PSP,CA,AWP,WE,Towers with Radar,98,40,24,1,163,0,1,43,4,48,98,41,67,5,211,20,0,20,231
02/12/2022,PSP,CA,AWP,WE,Towers with Radar,100,38,28,1,167,0,0,55,4,59,100,38,83,5,226,6,0,6,232
02/13/2022,PSP,CA,AWP,WE,Towers with Radar,108,38,25,1,172,0,2,50,2,54,108,40,75,3,226,6,0,6,232
02/14/2022,PSP,CA,AWP,WE,Towers with Radar,97,32,40,0,169,3,2,26,0,31,100,34,66,0,200,0,0,0,200
02/15/2022,PSP,CA,AWP,WE,Towers with Radar,95,38,25,0,158,0,3,8,0,11,95,41,33,0,169,0,0,0,169
02/16/2022,PSP,CA,AWP,WE,Towers with Radar,94,35,33,0,162,0,1,29,5,35,94,36,62,5,197,0,0,0,197
02/17/2022,PSP,CA,AWP,WE,Towers with Radar,106,46,48,0,200,0,1,26,2,29,106,47,74,2,229,0,0,0,229
02/18/2022,PSP,CA,AWP,WE,Towers with Radar,106,40,48,0,194,0,4,65,0,69,106,44,113,0,263,0,0,0,263
02/19/2022,PSP,CA,AWP,WE,Towers with Radar,103,39,39,0,181,0,2,71,1,74,103,41,110,1,255,6,0,6,261
02/20/2022,PSP,CA,AWP,WE,Towers with Radar,109,44,36,0,189,0,3,64,1,68,109,47,100,1,257,0,0,0,257
02/21/2022,PSP,CA,AWP,WE,Towers with Radar,94,48,38,0,180,0,7,22,3,32,94,55,60,3,212,0,0,0,212
02/22/2022,PSP,CA,AWP,WE,Towers with Radar,101,46,30,0,177,0,1,10,0,11,101,47,40,0,188,12,0,12,200
02/23/2022,PSP,CA,AWP,WE,Towers with Radar,92,34,32,0,158,0,1,13,3,17,92,35,45,3,175,0,0,0,175
02/24/2022,PSP,CA,AWP,WE,Towers with Radar,104,44,43,0,191,0,0,40,0,40,104,44,83,0,231,20,0,20,251
02/25/2022,PSP,CA,AWP,WE,Towers with Radar,106,45,49,2,202,0,4,65,2,71,106,49,114,4,273,22,0,22,295
02/26/2022,PSP,CA,AWP,WE,Towers with Radar,106,47,42,0,195,0,3,50,2,55,106,50,92,2,250,10,0,10,260
02/27/2022,PSP,CA,AWP,WE,Towers with Radar,114,44,46,0,204,0,2,54,0,56,114,46,100,0,260,18,0,18,278
02/28/2022,PSP,CA,AWP,WE,Towers with Radar,105,51,38,0,194,0,3,20,2,25,105,54,58,2,219,0,0,0,219
03/01/2022,PSP,CA,AWP,WE,Towers with Radar,92,37,33,1,163,0,2,32,1,35,92,39,65,2,198,0,0,0,198
03/02/2022,PSP,CA,AWP,WE,Towers with Radar,95,34,28,0,157,0,1,27,0,28,95,35,55,0,185,0,0,0,185
03/03/2022,PSP,CA,AWP,WE,Towers with Radar,108,51,33,1,193,0,1,22,2,25,108,52,55,3,218,0,0,0,218
03/04/2022,PSP,CA,AWP,WE,Towers with Radar,107,42,39,1,189,0,1,8,0,9,107,43,47,1,198,0,0,0,198
03/05/2022,PSP,CA,AWP,WE,Towers with Radar,116,46,20,0,182,0,1,11,0,12,116,47,31,0,194,0,0,0,194
03/06/2022,PSP,CA,AWP,WE,Towers with Radar,109,48,57,0,214,0,2,51,1,54,109,50,108,1,268,4,0,4,272
03/07/2022,PSP,CA,AWP,WE,Towers with Radar,103,39,23,0,165,0,0,17,0,17,103,39,40,0,182,0,0,0,182
03/08/2022,PSP,CA,AWP,WE,Towers with Radar,85,26,45,0,156,0,2,28,2,32,85,28,73,2,188,36,0,36,224
03/09/2022,PSP,CA,AWP,WE,Towers with Radar,93,33,28,0,154,0,2,28,3,33,93,35,56,3,187,18,0,18,205
03/10/2022,PSP,CA,AWP,WE,Towers with Radar,107,37,68,2,214,0,0,17,0,17,107,37,85,2,231,10,0,10,241
03/11/2022,PSP,CA,AWP,WE,Towers with Radar,107,60,52,4,223,0,4,51,2,57,107,64,103,6,280,26,0,26,306
03/12/2022,PSP,CA,AWP,WE,Towers with Radar,109,54,42,4,209,0,1,76,4,81,109,55,118,8,290,46,0,46,336
03/13/2022,PSP,CA,AWP,WE,Towers with Radar,110,45,73,0,228,1,2,52,0,55,111,47,125,0,283,16,0,16,299
03/14/2022,PSP,CA,AWP,WE,Towers with Radar,113,51,36,3,203,0,3,46,0,49,113,54,82,3,252,8,0,8,260
03/15/2022,PSP,CA,AWP,WE,Towers with Radar,90,49,33,6,178,0,1,33,3,37,90,50,66,9,215,12,0,12,227
03/16/2022,PSP,CA,AWP,WE,Towers with Radar,93,50,47,2,192,0,1,28,1,30,93,51,75,3,222,0,0,0,222
03/17/2022,PSP,CA,AWP,WE,Towers with Radar,119,50,36,2,207,0,3,28,1,32,119,53,64,3,239,8,1,9,248
03/18/2022,PSP,CA,AWP,WE,Towers with Radar,121,56,56,0,233,0,6,44,1,51,121,62,100,1,284,10,0,10,294
03/19/2022,PSP,CA,AWP,WE,Towers with Radar,127,45,49,0,221,0,3,71,2,76,127,48,120,2,297,0,0,0,297
03/20/2022,PSP,CA,AWP,WE,Towers with Radar,115,59,57,0,231,0,2,40,1,43,115,61,97,1,274,20,0,20,294
03/21/2022,PSP,CA,AWP,WE,Towers with Radar,119,57,48,0,224,0,2,15,0,17,119,59,63,0,241,0,0,0,241
03/22/2022,PSP,CA,AWP,WE,Towers with Radar,105,43,35,0,183,0,5,18,0,23,105,48,53,0,206,0,0,0,206
03/23/2022,PSP,CA,AWP,WE,Towers with Radar,110,52,31,2,195,0,1,24,0,25,110,53,55,2,220,2,0,2,222
03/24/2022,PSP,CA,AWP,WE,Towers with Radar,121,34,47,0,202,0,1,32,1,34,121,35,79,1,236,0,0,0,236
03/25/2022,PSP,CA,AWP,WE,Towers with Radar,120,53,37,4,214,0,3,36,0,39,120,56,73,4,253,0,0,0,253
03/26/2022,PSP,CA,AWP,WE,Towers with Radar,119,48,32,0,199,0,0,62,5,67,119,48,94,5,266,0,0,0,266
03/27/2022,PSP,CA,AWP,WE,Towers with Radar,121,67,53,0,241,0,1,30,0,31,121,68,83,0,272,0,0,0,272
03/28/2022,PSP,CA,AWP,WE,Towers with Radar,127,30,33,4,194,0,1,5,4,10,127,31,38,8,204,12,0,12,216
03/29/2022,PSP,CA,AWP,WE,Towers with Radar,111,40,22,1,174,0,1,8,0,9,111,41,30,1,183,0,0,0,183
03/30/2022,PSP,CA,AWP,WE,Towers with Radar,112,39,28,1,180,0,1,20,2,23,112,40,48,3,203,8,0,8,211
03/31/2022,PSP,CA,AWP,WE,Towers with Radar,120,34,35,1,190,0,2,29,2,33,120,36,64,3,223,2,0,2,225
04/01/2022,PSP,CA,AWP,WE,Towers with Radar,117,35,54,3,209,0,5,28,8,41,117,40,82,11,250,12,0,12,262
04/02/2022,PSP,CA,AWP,WE,Towers with Radar,128,32,30,0,190,0,4,45,6,55,128,36,75,6,245,26,0,26,271
04/03/2022,PSP,CA,AWP,WE,Towers with Radar,123,44,45,0,212,0,1,21,1,23,123,45,66,1,235,6,0,6,241
04/04/2022,PSP,CA,AWP,WE,Towers with Radar,110,41,32,1,184,0,2,24,4,30,110,43,56,5,214,6,1,7,221
04/05/2022,PSP,CA,AWP,WE,Towers with Radar,104,43,39,2,188,0,1,27,3,31,104,44,66,5,219,42,0,42,261
04/06/2022,PSP,CA,AWP,WE,Towers with Radar,107,30,29,2,168,0,1,25,6,32,107,31,54,8,200,18,0,18,218
04/07/2022,PSP,CA,AWP,WE,Towers with Radar,111,30,34,2,177,0,3,19,4,26,111,33,53,6,203,0,0,0,203
04/08/2022,PSP,CA,AWP,WE,Towers with Radar,115,30,47,1,193,0,2,29,2,33,115,32,76,3,226,0,0,0,226
04/09/2022,PSP,CA,AWP,WE,Towers with Radar,109,40,39,0,188,0,0,41,1,42,109,40,80,1,230,8,0,8,238
04/10/2022,PSP,CA,AWP,WE,Towers with Radar,118,47,52,0,217,0,0,45,0,45,118,47,97,0,262,0,0,0,262
04/11/2022,PSP,CA,AWP,WE,Towers with Radar,115,43,37,0,195,0,2,13,2,17,115,45,50,2,212,0,0,0,212
04/12/2022,PSP,CA,AWP,WE,Towers with Radar,106,42,29,3,180,0,2,11,2,15,106,44,40,5,195,0,0,0,195
04/13/2022,PSP,CA,AWP,WE,Towers with Radar,106,31,29,1,167,0,2,36,5,43,106,33,65,6,210,28,0,28,238
04/14/2022,PSP,CA,AWP,WE,Towers with Radar,113,50,65,2,230,0,2,55,4,61,113,52,120,6,291,16,0,16,307
04/15/2022,PSP,CA,AWP,WE,Towers with Radar,116,55,65,0,236,0,3,66,3,72,116,58,131,3,308,2,0,2,310
04/16/2022,PSP,CA,AWP,WE,Towers with Radar,112,30,23,0,165,0,1,29,0,30,112,31,52,0,195,10,0,10,205
04/17/2022,PSP,CA,AWP,WE,Towers with Radar,112,41,35,0,188,0,5,27,2,34,112,46,62,2,222,0,0,0,222
04/18/2022,PSP,CA,AWP,WE,Towers with Radar,117,62,84,2,265,0,0,36,1,37,117,62,120,3,302,10,0,10,312
04/19/2022,PSP,CA,AWP,WE,Towers with Radar,102,46,38,1,187,0,3,8,0,11,102,49,46,1,198,10,0,10,208
04/20/2022,PSP,CA,AWP,WE,Towers with Radar,100,48,35,2,185,0,1,20,1,22,100,49,55,3,207,2,0,2,209
04/21/2022,PSP,CA,AWP,WE,Towers with Radar,114,49,27,2,192,1,2,18,2,23,115,51,45,4,215,6,0,6,221
04/22/2022,PSP,CA,AWP,WE,Towers with Radar,125,44,42,0,211,0,2,12,2,16,125,46,54,2,227,0,0,0,227
04/23/2022,PSP,CA,AWP,WE,Towers with Radar,97,25,25,0,147,0,0,50,8,58,97,25,75,8,205,0,0,0,205
04/24/2022,PSP,CA,AWP,WE,Towers with Radar,107,50,44,0,201,4,3,45,2,54,111,53,89,2,255,8,0,8,263
04/25/2022,PSP,CA,AWP,WE,Towers with Radar,109,68,44,0,221,0,0,29,3,32,109,68,73,3,253,0,0,0,253
04/26/2022,PSP,CA,AWP,WE,Towers with Radar,95,46,32,0,173,0,2,26,3,31,95,48,58,3,204,0,0,0,204
04/27/2022,PSP,CA,AWP,WE,Towers with Radar,96,46,43,0,185,0,1,26,5,32,96,47,69,5,217,0,0,0,217
04/28/2022,PSP,CA,AWP,WE,Towers with Radar,105,39,30,0,174,0,2,26,3,31,105,41,56,3,205,8,0,8,213
04/29/2022,PSP,CA,AWP,WE,Towers with Radar,107,30,17,1,155,0,3,22,8,33,107,33,39,9,188,0,0,0,188
04/30/2022,PSP,CA,AWP,WE,Towers with Radar,96,37,31,0,164,0,3,36,8,47,96,40,67,8,211,0,0,0,211
05/01/2022,PSP,CA,AWP,WE,Towers with Radar,99,39,34,0,172,0,4,24,0,28,99,43,58,0,200,0,0,0,200
05/02/2022,PSP,CA,AWP,WE,Towers with Radar,98,50,46,4,198,0,2,20,7,29,98,52,66,11,227,0,0,0,227
05/03/2022,PSP,CA,AWP,WE,Towers with Radar,89,46,32,1,168,0,4,19,9,32,89,50,51,10,200,0,0,0,200
05/04/2022,PSP,CA,AWP,WE,Towers with Radar,84,31,27,1,143,0,1,26,9,36,84,32,53,10,179,12,12,24,203
05/05/2022,PSP,CA,AWP,WE,Towers with Radar,87,28,38,3,156,0,3,42,9,54,87,31,80,12,210,16,0,16,226
05/06/2022,PSP,CA,AWP,WE,Towers with Radar,93,40,20,0,153,0,3,29,1,33,93,43,49,1,186,22,0,22,208
05/07/2022,PSP,CA,AWP,WE,Towers with Radar,72,29,18,0,119,0,1,42,0,43,72,30,60,0,162,18,0,18,180
05/08/2022,PSP,CA,AWP,WE,Towers with Radar,85,35,27,0,147,0,0,9,1,10,85,35,36,1,157,0,0,0,157
05/09/2022,PSP,CA,AWP,WE,Towers with Radar,85,28,27,2,142,0,2,23,0,25,85,30,50,2,167,0,0,0,167
05/10/2022,PSP,CA,AWP,WE,Towers with Radar,76,22,32,1,131,0,0,27,0,27,76,22,59,1,158,52,0,52,210
05/11/2022,PSP,CA,AWP,WE,Towers with Radar,67,20,28,1,116,0,3,15,2,20,67,23,43,3,136,50,0,50,186
05/12/2022,PSP,CA,AWP,WE,Towers with Radar,83,21,36,5,145,0,2,32,2,36,83,23,68,7,181,38,0,38,219
05/13/2022,PSP,CA,AWP,WE,Towers with Radar,84,13,29,0,126,0,5,49,0,54,84,18,78,0,180,34,0,34,214
05/14/2022,PSP,CA,AWP,WE,Towers with Radar,69,16,23,0,108,0,1,32,1,34,69,17,55,1,142,22,0,22,164
05/15/2022,PSP,CA,AWP,WE,Towers with Radar,82,19,25,0,126,0,0,31,0,31,82,19,56,0,157,0,0,0,157
05/16/2022,PSP,CA,AWP,WE,Towers with Radar,85,26,23,5,139,0,2,18,6,26,85,28,41,11,165,24,0,24,189
05/17/2022,PSP,CA,AWP,WE,Towers with Radar,73,14,28,3,118,0,2,15,2,19,73,16,43,5,137,12,0,12,149
05/18/2022,PSP,CA,AWP,WE,Towers with Radar,70,19,15,0,104,0,3,22,0,25,70,22,37,0,129,8,0,8,137
05/19/2022,PSP,CA,AWP,WE,Towers with Radar,69,22,26,5,122,0,1,16,0,17,69,23,42,5,139,0,0,0,139
05/20/2022,PSP,CA,AWP,WE,Towers with Radar,67,18,17,6,108,0,1,8,5,14,67,19,25,11,122,0,0,0,122
05/21/2022,PSP,CA,AWP,WE,Towers with Radar,58,12,12,3,85,0,1,29,0,30,58,13,41,3,115,20,0,20,135
05/22/2022,PSP,CA,AWP,WE,Towers with Radar,62,19,20,0,101,0,2,34,1,37,62,21,54,1,138,18,0,18,156
05/23/2022,PSP,CA,AWP,WE,Towers with Radar,69,22,17,0,108,0,0,15,3,18,69,22,32,3,126,0,0,0,126
05/24/2022,PSP,CA,AWP,WE,Towers with Radar,62,12,15,0,89,0,3,28,0,31,62,15,43,0,120,10,0,10,130
05/25/2022,PSP,CA,AWP,WE,Towers with Radar,65,16,14,0,95,0,2,33,5,40,65,18,47,5,135,0,0,0,135
05/26/2022,PSP,CA,AWP,WE,Towers with Radar,65,14,9,0,88,0,0,25,1,26,65,14,34,1,114,14,0,14,128
05/27/2022,PSP,CA,AWP,WE,Towers with Radar,70,25,15,0,110,0,6,15,0,21,70,31,30,0,131,6,0,6,137
05/28/2022,PSP,CA,AWP,WE,Towers with Radar,59,13,12,0,84,0,0,23,0,23,59,13,35,0,107,18,0,18,125
05/29/2022,PSP,CA,AWP,WE,Towers with Radar,62,18,8,0,88,0,1,18,0,19,62,19,26,0,107,16,0,16,123
05/30/2022,PSP,CA,AWP,WE,Towers with Radar,69,17,14,0,100,0,5,40,0,45,69,22,54,0,145,0,0,0,145
05/31/2022,PSP,CA,AWP,WE,Towers with Radar,69,11,14,0,94,0,2,23,1,26,69,13,37,1,120,0,0,0,120
06/01/2022,PSP,CA,AWP,WE,Towers with Radar,60,6,21,0,87,0,2,14,7,23,60,8,35,7,110,0,0,0,110
06/02/2022,PSP,CA,AWP,WE,Towers with Radar,68,15,6,0,89,0,0,20,2,22,68,15,26,2,111,4,0,4,115
06/03/2022,PSP,CA,AWP,WE,Towers with Radar,62,21,15,0,98,0,3,24,2,29,62,24,39,2,127,8,0,8,135
06/04/2022,PSP,CA,AWP,WE,Towers with Radar,57,17,10,3,87,0,0,34,1,35,57,17,44,4,122,0,0,0,122
06/05/2022,PSP,CA,AWP,WE,Towers with Radar,63,22,13,1,99,0,2,29,2,33,63,24,42,3,132,0,0,0,132
06/06/2022,PSP,CA,AWP,WE,Towers with Radar,62,17,15,0,94,0,0,16,0,16,62,17,31,0,110,0,0,0,110
06/07/2022,PSP,CA,AWP,WE,Towers with Radar,52,13,7,1,73,0,4,27,4,35,52,17,34,5,108,0,0,0,108
06/08/2022,PSP,CA,AWP,WE,Towers with Radar,54,14,5,0,73,0,1,17,1,19,54,15,22,1,92,0,0,0,92
06/09/2022,PSP,CA,AWP,WE,Towers with Radar,60,20,11,1,92,0,5,14,1,20,60,25,25,2,112,0,0,0,112
06/10/2022,PSP,CA,AWP,WE,Towers with Radar,60,14,12,0,86,0,3,11,1,15,60,17,23,1,101,0,0,0,101
06/11/2022,PSP,CA,AWP,WE,Towers with Radar,52,12,5,0,69,0,2,23,0,25,52,14,28,0,94,4,0,4,98
06/12/2022,PSP,CA,AWP,WE,Towers with Radar,60,14,12,0,86,0,0,19,0,19,60,14,31,0,105,0,0,0,105
06/13/2022,PSP,CA,AWP,WE,Towers with Radar,59,17,9,0,85,0,3,8,1,12,59,20,17,1,97,0,0,0,97
06/14/2022,PSP,CA,AWP,WE,Towers with Radar,52,6,12,1,71,0,1,10,4,15,52,7,22,5,86,2,2,4,90
06/15/2022,PSP,CA,AWP,WE,Towers with Radar,50,15,9,0,74,0,0,8,0,8,50,15,17,0,82,0,0,0,82
06/16/2022,PSP,CA,AWP,WE,Towers with Radar,56,20,3,0,79,0,2,13,1,16,56,22,16,1,95,0,0,0,95
06/17/2022,PSP,CA,AWP,WE,Towers with Radar,55,11,3,0,69,0,1,11,0,12,55,12,14,0,81,0,0,0,81
06/18/2022,PSP,CA,AWP,WE,Towers with Radar,51,9,11,0,71,0,3,19,0,22,51,12,30,0,93,20,0,20,113
06/19/2022,PSP,CA,AWP,WE,Towers with Radar,57,15,6,1,79,0,1,24,0,25,57,16,30,1,104,8,0,8,112
06/20/2022,PSP,CA,AWP,WE,Towers with Radar,55,17,3,2,77,0,2,13,2,17,55,19,16,4,94,0,0,0,94
06/21/2022,PSP,CA,AWP,WE,Towers with Radar,51,19,4,0,74,0,3,13,1,17,51,22,17,1,91,0,0,0,91
06/22/2022,PSP,CA,AWP,WE,Towers with Radar,49,10,3,0,62,0,2,16,1,19,49,12,19,1,81,6,0,6,87
06/23/2022,PSP,CA,AWP,WE,Towers with Radar,58,16,2,0,76,0,1,23,3,27,58,17,25,3,103,0,0,0,103
06/24/2022,PSP,CA,AWP,WE,Towers with Radar,60,24,10,0,94,0,3,17,2,22,60,27,27,2,116,8,0,8,124
06/25/2022,PSP,CA,AWP,WE,Towers with Radar,52,16,5,1,74,0,1,15,0,16,52,17,20,1,90,6,0,6,96
06/26/2022,PSP,CA,AWP,WE,Towers with Radar,60,9,14,1,84,0,2,33,0,35,60,11,47,1,119,22,0,22,141
06/27/2022,PSP,CA,AWP,WE,Towers with Radar,59,9,7,0,75,0,0,10,5,15,59,9,17,5,90,0,0,0,90
06/28/2022,PSP,CA,AWP,WE,Towers with Radar,53,7,6,0,66,0,0,13,1,14,53,7,19,1,80,0,0,0,80
06/29/2022,PSP,CA,AWP,WE,Towers with Radar,54,11,8,0,73,0,2,7,0,9,54,13,15,0,82,0,0,0,82
06/30/2022,PSP,CA,AWP,WE,Towers with Radar,58,15,7,2,82,0,3,12,0,15,58,18,19,2,97,2,0,2,99
07/01/2022,PSP,CA,AWP,WE,Towers with Radar,55,11,3,0,69,0,1,17,0,18,55,12,20,0,87,0,0,0,87
07/02/2022,PSP,CA,AWP,WE,Towers with Radar,44,12,4,0,60,0,2,26,0,28,44,14,30,0,88,8,0,8,96
07/03/2022,PSP,CA,AWP,WE,Towers with Radar,56,11,6,0,73,0,0,26,0,26,56,11,32,0,99,12,0,12,111
07/04/2022,PSP,CA,AWP,WE,Towers with Radar,52,8,3,0,63,0,1,25,0,26,52,9,28,0,89,0,0,0,89
07/05/2022,PSP,CA,AWP,WE,Towers with Radar,54,10,10,0,74,0,6,8,3,17,54,16,18,3,91,0,0,0,91
07/06/2022,PSP,CA,AWP,WE,Towers with Radar,53,6,8,1,68,0,3,14,3,20,53,9,22,4,88,0,0,0,88
07/07/2022,PSP,CA,AWP,WE,Towers with Radar,55,12,5,1,73,0,2,23,3,28,55,14,28,4,101,10,0,10,111
07/08/2022,PSP,CA,AWP,WE,Towers with Radar,57,10,5,1,73,0,2,17,7,26,57,12,22,8,99,2,0,2,101
07/09/2022,PSP,CA,AWP,WE,Towers with Radar,45,5,10,0,60,0,1,29,1,31,45,6,39,1,91,2,0,2,93
07/10/2022,PSP,CA,AWP,WE,Towers with Radar,58,7,10,0,75,0,0,20,0,20,58,7,30,0,95,2,0,2,97
07/11/2022,PSP,CA,AWP,WE,Towers with Radar,52,14,3,0,69,0,2,7,3,12,52,16,10,3,81,0,0,0,81
07/12/2022,PSP,CA,AWP,WE,Towers with Radar,53,15,0,2,70,0,2,10,0,12,53,17,10,2,82,0,0,0,82
07/13/2022,PSP,CA,AWP,WE,Towers with Radar,54,14,1,1,70,0,1,23,2,26,54,15,24,3,96,0,0,0,96
07/14/2022,PSP,CA,AWP,WE,Towers with Radar,60,7,6,0,73,0,0,22,1,23,60,7,28,1,96,2,0,2,98
07/15/2022,PSP,CA,AWP,WE,Towers with Radar,57,10,6,0,73,0,0,18,1,19,57,10,24,1,92,0,0,0,92
07/16/2022,PSP,CA,AWP,WE,Towers with Radar,44,7,0,1,52,0,3,9,0,12,44,10,9,1,64,2,0,2,66
07/17/2022,PSP,CA,AWP,WE,Towers with Radar,55,6,10,1,72,0,2,9,0,11,55,8,19,1,83,0,0,0,83
07/18/2022,PSP,CA,AWP,WE,Towers with Radar,55,9,6,0,70,0,7,16,9,32,55,16,22,9,102,0,0,0,102
07/19/2022,PSP,CA,AWP,WE,Towers with Radar,54,8,4,0,66,0,5,14,2,21,54,13,18,2,87,22,0,22,109
07/20/2022,PSP,CA,AWP,WE,Towers with Radar,50,10,8,1,69,0,2,16,3,21,50,12,24,4,90,0,0,0,90
07/21/2022,PSP,CA,AWP,WE,Towers with Radar,59,9,8,2,78,0,2,19,5,26,59,11,27,7,104,6,0,6,110
07/22/2022,PSP,CA,AWP,WE,Towers with Radar,56,7,3,4,70,0,2,9,3,14,56,9,12,7,84,0,0,0,84
07/23/2022,PSP,CA,AWP,WE,Towers with Radar,43,6,11,0,60,0,0,10,5,15,43,6,21,5,75,0,0,0,75
07/24/2022,PSP,CA,AWP,WE,Towers with Radar,59,4,3,0,66,0,1,24,0,25,59,5,27,0,91,14,0,14,105
07/25/2022,PSP,CA,AWP,WE,Towers with Radar,56,16,0,0,72,0,1,9,5,15,56,17,9,5,87,0,0,0,87
07/26/2022,PSP,CA,AWP,WE,Towers with Radar,57,12,1,1,71,0,3,17,5,25,57,15,18,6,96,0,0,0,96
07/27/2022,PSP,CA,AWP,WE,Towers with Radar,52,7,5,0,64,0,0,15,1,16,52,7,20,1,80,0,0,0,80
07/28/2022,PSP,CA,AWP,WE,Towers with Radar,59,10,10,0,79,0,0,20,1,21,59,10,30,1,100,2,0,2,102
07/29/2022,PSP,CA,AWP,WE,Towers with Radar,53,14,8,2,77,0,2,15,4,21,53,16,23,6,98,12,4,16,114
07/30/2022,PSP,CA,AWP,WE,Towers with Radar,47,11,3,2,63,0,0,22,2,24,47,11,25,4,87,0,0,0,87
07/31/2022,PSP,CA,AWP,WE,Towers with Radar,59,16,6,0,81,0,0,22,0,22,59,16,28,0,103,0,0,0,103
08/01/2022,PSP,CA,AWP,WE,Towers with Radar,54,10,8,0,72,0,0,13,0,13,54,10,21,0,85,0,0,0,85
08/02/2022,PSP,CA,AWP,WE,Towers with Radar,53,9,3,0,65,0,2,25,1,28,53,11,28,1,93,10,0,10,103
08/03/2022,PSP,CA,AWP,WE,Towers with Radar,49,10,11,1,71,0,0,12,5,17,49,10,23,6,88,14,0,14,102
08/04/2022,PSP,CA,AWP,WE,Towers with Radar,69,6,4,2,81,0,2,8,2,12,69,8,12,4,93,24,0,24,117
08/05/2022,PSP,CA,AWP,WE,Towers with Radar,62,8,5,2,77,0,0,16,2,18,62,8,21,4,95,26,0,26,121
08/06/2022,PSP,CA,AWP,WE,Towers with Radar,47,7,8,0,62,0,1,21,0,22,47,8,29,0,84,16,0,16,100
08/07/2022,PSP,CA,AWP,WE,Towers with Radar,59,12,7,1,79,0,1,9,0,10,59,13,16,1,89,0,0,0,89
08/08/2022,PSP,CA,AWP,WE,Towers with Radar,56,18,9,2,85,0,2,11,0,13,56,20,20,2,98,0,0,0,98
08/09/2022,PSP,CA,AWP,WE,Towers with Radar,50,15,4,0,69,0,2,8,1,11,50,17,12,1,80,0,0,0,80
08/10/2022,PSP,CA,AWP,WE,Towers with Radar,48,11,11,0,70,0,3,15,0,18,48,14,26,0,88,12,0,12,100
08/11/2022,PSP,CA,AWP,WE,Towers with Radar,55,16,14,0,85,0,6,7,0,13,55,22,21,0,98,0,0,0,98
08/12/2022,PSP,CA,AWP,WE,Towers with Radar,54,10,3,0,67,0,3,18,0,21,54,13,21,0,88,8,0,8,96
08/13/2022,PSP,CA,AWP,WE,Towers with Radar,44,6,0,0,50,0,7,26,2,35,44,13,26,2,85,20,0,20,105
08/14/2022,PSP,CA,AWP,WE,Towers with Radar,59,6,7,0,72,0,1,26,4,31,59,7,33,4,103,0,0,0,103
08/15/2022,PSP,CA,AWP,WE,Towers with Radar,56,13,2,0,71,0,13,11,0,24,56,26,13,0,95,0,0,0,95
08/16/2022,PSP,CA,AWP,WE,Towers with Radar,51,7,6,0,64,0,2,10,1,13,51,9,16,1,77,28,0,28,105
08/17/2022,PSP,CA,AWP,WE,Towers with Radar,54,8,5,0,67,0,1,9,1,11,54,9,14,1,78,10,0,10,88
08/18/2022,PSP,CA,AWP,WE,Towers with Radar,58,13,5,0,76,0,3,17,0,20,58,16,22,0,96,0,0,0,96
08/19/2022,PSP,CA,AWP,WE,Towers with Radar,56,15,13,0,84,0,1,27,1,29,56,16,40,1,113,6,0,6,119
08/20/2022,PSP,CA,AWP,WE,Towers with Radar,46,7,4,0,57,0,4,17,0,21,46,11,21,0,78,0,0,0,78
08/21/2022,PSP,CA,AWP,WE,Towers with Radar,56,12,15,0,83,0,5,19,0,24,56,17,34,0,107,6,0,6,113
08/22/2022,PSP,CA,AWP,WE,Towers with Radar,52,11,10,6,79,0,8,11,0,19,52,19,21,6,98,0,0,0,98
08/23/2022,PSP,CA,AWP,WE,Towers with Radar,52,10,9,1,72,0,8,15,1,24,52,18,24,2,96,0,0,0,96
08/24/2022,PSP,CA,AWP,WE,Towers with Radar,49,3,4,0,56,0,3,16,6,25,49,6,20,6,81,20,0,20,101
08/25/2022,PSP,CA,AWP,WE,Towers with Radar,56,11,9,0,76,0,5,26,1,32,56,16,35,1,108,14,0,14,122
08/26/2022,PSP,CA,AWP,WE,Towers with Radar,57,3,11,2,73,0,2,27,5,34,57,5,38,7,107,20,16,36,143
08/27/2022,PSP,CA,AWP,WE,Towers with Radar,46,7,4,1,58,0,1,19,0,20,46,8,23,1,78,12,0,12,90
08/28/2022,PSP,CA,AWP,WE,Towers with Radar,60,4,9,0,73,0,1,30,0,31,60,5,39,0,104,0,0,0,104
08/29/2022,PSP,CA,AWP,WE,Towers with Radar,53,7,11,0,71,0,5,21,6,32,53,12,32,6,103,0,0,0,103
08/30/2022,PSP,CA,AWP,WE,Towers with Radar,51,7,2,0,60,0,2,18,4,24,51,9,20,4,84,18,0,18,102
08/31/2022,PSP,CA,AWP,WE,Towers with Radar,51,14,5,0,70,0,1,9,3,13,51,15,14,3,83,0,0,0,83
09/01/2022,PSP,CA,AWP,WE,Towers with Radar,58,9,11,1,79,0,3,19,4,26,58,12,30,5,105,14,0,14,119
09/02/2022,PSP,CA,AWP,WE,Towers with Radar,56,17,3,0,76,0,3,16,5,24,56,20,19,5,100,26,0,26,126
09/03/2022,PSP,CA,AWP,WE,Towers with Radar,42,9,3,0,54,0,4,21,0,25,42,13,24,0,79,14,0,14,93
09/04/2022,PSP,CA,AWP,WE,Towers with Radar,57,5,3,0,65,0,4,17,0,21,57,9,20,0,86,0,0,0,86
09/05/2022,PSP,CA,AWP,WE,Towers with Radar,58,12,7,2,79,0,4,15,2,21,58,16,22,4,100,0,0,0,100
09/06/2022,PSP,CA,AWP,WE,Towers with Radar,56,12,13,3,84,0,4,9,2,15,56,16,22,5,99,0,0,0,99
09/07/2022,PSP,CA,AWP,WE,Towers with Radar,57,8,7,4,76,0,0,16,0,16,57,8,23,4,92,0,4,4,96
09/08/2022,PSP,CA,AWP,WE,Towers with Radar,62,8,3,6,79,0,2,17,2,21,62,10,20,8,100,0,0,0,100
09/09/2022,PSP,CA,AWP,WE,Towers with Radar,60,9,10,0,79,0,0,6,0,6,60,9,16,0,85,0,0,0,85
09/10/2022,PSP,CA,AWP,WE,Towers with Radar,60,12,5,0,77,0,4,5,0,9,60,16,10,0,86,0,0,0,86
09/11/2022,PSP,CA,AWP,WE,Towers with Radar,62,8,12,0,82,0,3,16,0,19,62,11,28,0,101,0,0,0,101
09/12/2022,PSP,CA,AWP,WE,Towers with Radar,65,12,9,0,86,0,1,10,1,12,65,13,19,1,98,0,0,0,98
09/13/2022,PSP,CA,AWP,WE,Towers with Radar,58,14,9,4,85,0,4,8,0,12,58,18,17,4,97,0,0,0,97
09/14/2022,PSP,CA,AWP,WE,Towers with Radar,58,13,3,1,75,0,2,28,1,31,58,15,31,2,106,2,0,2,108
09/15/2022,PSP,CA,AWP,WE,Towers with Radar,63,17,14,3,97,0,4,24,1,29,63,21,38,4,126,0,0,0,126
09/16/2022,PSP,CA,AWP,WE,Towers with Radar,62,24,10,2,98,0,2,32,2,36,62,26,42,4,134,2,2,4,138
09/17/2022,PSP,CA,AWP,WE,Towers with Radar,57,12,5,0,74,0,4,29,1,34,57,16,34,1,108,18,0,18,126
09/18/2022,PSP,CA,AWP,WE,Towers with Radar,57,20,11,1,89,0,3,25,2,30,57,23,36,3,119,0,0,0,119
09/19/2022,PSP,CA,AWP,WE,Towers with Radar,63,11,14,0,88,0,6,22,3,31,63,17,36,3,119,30,0,30,149
09/20/2022,PSP,CA,AWP,WE,Towers with Radar,58,15,10,0,83,0,2,24,3,29,58,17,34,3,112,2,0,2,114
09/21/2022,PSP,CA,AWP,WE,Towers with Radar,59,6,21,2,88,0,4,16,4,24,59,10,37,6,112,18,0,18,130
09/22/2022,PSP,CA,AWP,WE,Towers with Radar,64,14,19,1,98,0,1,32,3,36,64,15,51,4,134,22,0,22,156
09/23/2022,PSP,CA,AWP,WE,Towers with Radar,68,14,20,0,102,0,3,18,2,23,68,17,38,2,125,18,0,18,143
09/24/2022,PSP,CA,AWP,WE,Towers with Radar,58,11,9,0,78,0,4,30,7,41,58,15,39,7,119,12,0,12,131
09/25/2022,PSP,CA,AWP,WE,Towers with Radar,63,16,19,0,98,0,6,25,0,31,63,22,44,0,129,4,0,4,133
09/26/2022,PSP,CA,AWP,WE,Towers with Radar,63,19,8,0,90,0,3,18,0,21,63,22,26,0,111,0,0,0,111
09/27/2022,PSP,CA,AWP,WE,Towers with Radar,59,13,4,0,76,0,8,15,3,26,59,21,19,3,102,0,0,0,102
09/28/2022,PSP,CA,AWP,WE,Towers with Radar,58,12,12,0,82,0,7,24,0,31,58,19,36,0,113,0,0,0,113
09/29/2022,PSP,CA,AWP,WE,Towers with Radar,64,17,17,0,98,0,3,10,0,13,64,20,27,0,111,0,0,0,111
09/30/2022,PSP,CA,AWP,WE,Towers with Radar,65,21,22,0,108,0,2,22,6,30,65,23,44,6,138,0,0,0,138
10/01/2022,PSP,CA,AWP,WE,Towers with Radar,63,9,8,0,80,0,5,40,0,45,63,14,48,0,125,14,0,14,139
10/02/2022,PSP,CA,AWP,WE,Towers with Radar,65,25,15,1,106,0,1,25,2,28,65,26,40,3,134,0,0,0,134
10/03/2022,PSP,CA,AWP,WE,Towers with Radar,67,18,5,4,94,0,3,11,1,15,67,21,16,5,109,0,0,0,109
10/04/2022,PSP,CA,AWP,WE,Towers with Radar,60,18,6,3,87,0,4,18,2,24,60,22,24,5,111,0,0,0,111
10/05/2022,PSP,CA,AWP,WE,Towers with Radar,61,13,5,3,82,0,4,24,5,33,61,17,29,8,115,0,0,0,115
10/06/2022,PSP,CA,AWP,WE,Towers with Radar,74,17,28,2,121,0,1,18,0,19,74,18,46,2,140,0,0,0,140
10/07/2022,PSP,CA,AWP,WE,Towers with Radar,70,23,7,0,100,0,3,12,3,18,70,26,19,3,118,0,0,0,118
10/08/2022,PSP,CA,AWP,WE,Towers with Radar,66,18,9,0,93,0,3,23,0,26,66,21,32,0,119,6,0,6,125
10/09/2022,PSP,CA,AWP,WE,Towers with Radar,67,12,9,2,90,0,1,20,0,21,67,13,29,2,111,0,0,0,111
10/10/2022,PSP,CA,AWP,WE,Towers with Radar,70,19,16,0,105,0,2,13,0,15,70,21,29,0,120,0,0,0,120
10/11/2022,PSP,CA,AWP,WE,Towers with Radar,63,11,27,0,101,0,1,14,0,15,63,12,41,0,116,0,0,0,116
10/12/2022,PSP,CA,AWP,WE,Towers with Radar,68,14,10,2,94,0,9,9,6,24,68,23,19,8,118,0,0,0,118
10/13/2022,PSP,CA,AWP,WE,Towers with Radar,72,18,10,1,101,0,0,12,3,15,72,18,22,4,116,0,0,0,116
10/14/2022,PSP,CA,AWP,WE,Towers with Radar,76,25,29,6,136,0,3,12,4,19,76,28,41,10,155,6,0,6,161
10/15/2022,PSP,CA,AWP,WE,Towers with Radar,68,20,8,11,107,0,1,3,5,9,68,21,11,16,116,0,0,0,116
10/16/2022,PSP,CA,AWP,WE,Towers with Radar,68,35,21,4,128,0,2,18,7,27,68,37,39,11,155,0,0,0,155
10/17/2022,PSP,CA,AWP,WE,Towers with Radar,76,13,20,7,116,0,3,22,2,27,76,16,42,9,143,0,0,0,143
10/18/2022,PSP,CA,AWP,WE,Towers with Radar,72,18,6,9,105,0,5,20,2,27,72,23,26,11,132,10,0,10,142
10/19/2022,PSP,CA,AWP,WE,Towers with Radar,68,32,17,8,125,0,10,20,1,31,68,42,37,9,156,0,0,0,156
10/20/2022,PSP,CA,AWP,WE,Towers with Radar,75,29,27,0,131,0,3,25,0,28,75,32,52,0,159,0,0,0,159
10/21/2022,PSP,CA,AWP,WE,Towers with Radar,84,23,18,0,125,0,4,23,0,27,84,27,41,0,152,0,0,0,152
10/22/2022,PSP,CA,AWP,WE,Towers with Radar,71,14,10,0,95,0,2,11,1,14,71,16,21,1,109,0,0,0,109
10/23/2022,PSP,CA,AWP,WE,Towers with Radar,69,30,22,0,121,0,0,19,0,19,69,30,41,0,140,10,0,10,150
10/24/2022,PSP,CA,AWP,WE,Towers with Radar,83,16,8,0,107,0,2,9,2,13,83,18,17,2,120,0,0,0,120
10/25/2022,PSP,CA,AWP,WE,Towers with Radar,69,24,15,3,111,0,3,22,2,27,69,27,37,5,138,4,0,4,142
10/26/2022,PSP,CA,AWP,WE,Towers with Radar,70,25,17,7,119,0,2,26,0,28,70,27,43,7,147,3,10,13,160
10/27/2022,PSP,CA,AWP,WE,Towers with Radar,74,34,15,1,124,0,5,24,1,30,74,39,39,2,154,34,0,34,188
10/28/2022,PSP,CA,AWP,WE,Towers with Radar,77,29,18,0,124,0,3,38,1,42,77,32,56,1,166,0,0,0,166
10/29/2022,PSP,CA,AWP,WE,Towers with Radar,69,21,19,0,109,0,5,38,0,43,69,26,57,0,152,28,0,28,180
10/30/2022,PSP,CA,AWP,WE,Towers with Radar,79,35,21,0,135,0,9,17,0,26,79,44,38,0,161,0,0,0,161
10/31/2022,PSP,CA,AWP,WE,Towers with Radar,80,11,14,0,105,0,0,21,1,22,80,11,35,1,127,0,0,0,127
11/01/2022,PSP,CA,AWP,WE,Towers with Radar,84,37,20,8,149,0,4,10,4,18,84,41,30,12,167,0,0,0,167
11/02/2022,PSP,CA,AWP,WE,Towers with Radar,83,31,27,6,147,0,7,11,3,21,83,38,38,9,168,0,0,0,168
11/03/2022,PSP,CA,AWP,WE,Towers with Radar,93,33,35,2,163,0,8,22,4,34,93,41,57,6,197,0,0,0,197
11/04/2022,PSP,CA,AWP,WE,Towers with Radar,89,41,32,1,163,0,6,25,2,33,89,47,57,3,196,0,0,0,196
11/05/2022,PSP,CA,AWP,WE,Towers with Radar,80,37,23,0,140,0,22,67,0,89,80,59,90,0,229,0,0,0,229
11/06/2022,PSP,CA,AWP,WE,Towers with Radar,91,39,45,1,176,0,11,43,0,54,91,50,88,1,230,0,0,0,230
11/07/2022,PSP,CA,AWP,WE,Towers with Radar,92,30,24,0,146,0,2,6,0,8,92,32,30,0,154,0,0,0,154
11/08/2022,PSP,CA,AWP,WE,Towers with Radar,95,28,25,0,148,0,1,2,0,3,95,29,27,0,151,0,0,0,151
11/09/2022,PSP,CA,AWP,WE,Towers with Radar,95,60,37,2,194,0,1,16,2,19,95,61,53,4,213,0,0,0,213
11/10/2022,PSP,CA,AWP,WE,Towers with Radar,97,51,29,0,177,0,6,24,1,31,97,57,53,1,208,18,0,18,226
11/11/2022,PSP,CA,AWP,WE,Towers with Radar,102,55,38,0,195,0,4,32,0,36,102,59,70,0,231,2,0,2,233
11/12/2022,PSP,CA,AWP,WE,Towers with Radar,89,24,22,0,135,0,7,81,1,89,89,31,103,1,224,32,0,32,256
11/13/2022,PSP,CA,AWP,WE,Towers with Radar,96,53,38,0,187,0,4,20,0,24,96,57,58,0,211,0,0,0,211
11/14/2022,PSP,CA,AWP,WE,Towers with Radar,100,41,35,0,176,0,0,19,0,19,100,41,54,0,195,0,0,0,195
11/15/2022,PSP,CA,AWP,WE,Towers with Radar,96,26,18,2,142,0,5,16,1,22,96,31,34,3,164,8,0,8,172
11/16/2022,PSP,CA,AWP,WE,Towers with Radar,96,31,21,0,148,0,0,12,2,14,96,31,33,2,162,8,0,8,170
11/17/2022,PSP,CA,AWP,WE,Towers with Radar,101,23,28,3,155,0,0,30,3,33,101,23,58,6,188,24,0,24,212
11/18/2022,PSP,CA,AWP,WE,Towers with Radar,109,39,44,0,192,0,2,56,1,59,109,41,100,1,251,14,0,14,265
11/19/2022,PSP,CA,AWP,WE,Towers with Radar,102,37,34,0,173,0,5,42,0,47,102,42,76,0,220,16,0,16,236
11/20/2022,PSP,CA,AWP,WE,Towers with Radar,114,42,30,0,186,0,4,38,3,45,114,46,68,3,231,10,0,10,241
11/21/2022,PSP,CA,AWP,WE,Towers with Radar,112,32,23,3,170,0,3,26,1,30,112,35,49,4,200,4,2,6,206
11/22/2022,PSP,CA,AWP,WE,Towers with Radar,116,43,24,1,184,0,6,31,3,40,116,49,55,4,224,34,2,36,260
11/23/2022,PSP,CA,AWP,WE,Towers with Radar,111,30,26,0,167,0,1,23,2,26,111,31,49,2,193,2,4,6,199
11/24/2022,PSP,CA,AWP,WE,Towers with Radar,71,14,13,0,98,0,1,13,6,20,71,15,26,6,118,0,0,0,118
11/25/2022,PSP,CA,AWP,WE,Towers with Radar,112,28,15,0,155,0,7,28,6,41,112,35,43,6,196,0,4,4,200
11/26/2022,PSP,CA,AWP,WE,Towers with Radar,112,33,28,1,174,0,7,61,2,70,112,40,89,3,244,4,0,4,248
11/27/2022,PSP,CA,AWP,WE,Towers with Radar,115,39,54,0,208,0,2,25,0,27,115,41,79,0,235,2,0,2,237
11/28/2022,PSP,CA,AWP,WE,Towers with Radar,110,39,27,0,176,0,4,17,4,25,110,43,44,4,201,0,0,0,201
11/29/2022,PSP,CA,AWP,WE,Towers with Radar,108,35,22,0,165,0,4,15,0,19,108,39,37,0,184,0,0,0,184
11/30/2022,PSP,CA,AWP,WE,Towers with Radar,90,41,32,0,163,0,2,31,3,36,90,43,63,3,199,0,0,0,199
12/01/2022,PSP,CA,AWP,WE,Towers with Radar,106,37,25,4,172,0,2,19,3,24,106,39,44,7,196,4,0,4,200
12/02/2022,PSP,CA,AWP,WE,Towers with Radar,106,31,23,7,167,0,1,24,1,26,106,32,47,8,193,44,0,44,237
12/03/2022,PSP,CA,AWP,WE,Towers with Radar,88,36,18,8,150,0,26,69,0,95,88,62,87,8,245,12,0,12,257
12/04/2022,PSP,CA,AWP,WE,Towers with Radar,109,38,18,2,167,0,1,31,0,32,109,39,49,2,199,18,0,18,217
12/05/2022,PSP,CA,AWP,WE,Towers with Radar,103,33,26,5,167,0,3,10,0,13,103,36,36,5,180,14,0,14,194
12/06/2022,PSP,CA,AWP,WE,Towers with Radar,85,29,15,7,136,0,3,17,3,23,85,32,32,10,159,8,0,8,167
12/07/2022,PSP,CA,AWP,WE,Towers with Radar,88,25,15,0,128,0,4,29,4,37,88,29,44,4,165,0,0,0,165
12/08/2022,PSP,CA,AWP,WE,Towers with Radar,104,26,17,0,147,0,2,24,3,29,104,28,41,3,176,40,0,40,216
12/09/2022,PSP,CA,AWP,WE,Towers with Radar,105,37,25,2,169,0,1,38,0,39,105,38,63,2,208,22,0,22,230
12/10/2022,PSP,CA,AWP,WE,Towers with Radar,89,17,14,0,120,0,2,48,1,51,89,19,62,1,171,0,0,0,171
12/11/2022,PSP,CA,AWP,WE,Towers with Radar,106,27,20,0,153,0,1,2,0,3,106,28,22,0,156,0,0,0,156
12/12/2022,PSP,CA,AWP,WE,Towers with Radar,104,22,20,1,147,0,2,4,1,7,104,24,24,2,154,14,0,14,168
12/13/2022,PSP,CA,AWP,WE,Towers with Radar,85,19,14,2,120,0,6,19,2,27,85,25,33,4,147,0,0,0,147
12/14/2022,PSP,CA,AWP,WE,Towers with Radar,84,30,19,5,138,0,3,25,2,30,84,33,44,7,168,0,0,0,168
12/15/2022,PSP,CA,AWP,WE,Towers with Radar,114,40,25,2,181,0,6,23,1,30,114,46,48,3,211,4,0,4,215
12/16/2022,PSP,CA,AWP,WE,Towers with Radar,119,33,20,1,173,0,4,30,0,34,119,37,50,1,207,30,0,30,237
12/17/2022,PSP,CA,AWP,WE,Towers with Radar,107,31,20,1,159,0,2,44,1,47,107,33,64,2,206,24,0,24,230
12/18/2022,PSP,CA,AWP,WE,Towers with Radar,114,31,19,0,164,0,3,41,0,44,114,34,60,0,208,6,0,6,214
12/19/2022,PSP,CA,AWP,WE,Towers with Radar,114,27,34,0,175,0,1,32,2,35,114,28,66,2,210,0,0,0,210
12/20/2022,PSP,CA,AWP,WE,Towers with Radar,97,31,31,0,159,0,3,26,3,32,97,34,57,3,191,18,0,18,209
12/21/2022,PSP,CA,AWP,WE,Towers with Radar,109,34,23,2,168,0,8,25,1,34,109,42,48,3,202,10,0,10,212
12/22/2022,PSP,CA,AWP,WE,Towers with Radar,108,42,21,0,171,0,2,29,1,32,108,44,50,1,203,26,0,26,229
12/23/2022,PSP,CA,AWP,WE,Towers with Radar,101,20,21,0,142,0,2,35,0,37,101,22,56,0,179,32,0,32,211
12/24/2022,PSP,CA,AWP,WE,Towers with Radar,82,16,17,0,115,0,0,45,0,45,82,16,62,0,160,0,0,0,160
12/25/2022,PSP,CA,AWP,WE,Towers with Radar,76,23,6,0,105,0,0,10,0,10,76,23,16,0,115,0,0,0,115
12/26/2022,PSP,CA,AWP,WE,Towers with Radar,92,47,35,0,174,0,2,48,0,50,92,49,83,0,224,20,0,20,244
12/27/2022,PSP,CA,AWP,WE,Towers with Radar,97,46,55,4,202,0,0,40,2,42,97,46,95,6,244,0,0,0,244
12/28/2022,PSP,CA,AWP,WE,Towers with Radar,104,52,30,5,191,0,3,32,3,38,104,55,62,8,229,0,0,0,229
12/29/2022,PSP,CA,AWP,WE,Towers with Radar,109,46,22,2,179,0,0,24,0,24,109,46,46,2,203,0,0,0,203
12/30/2022,PSP,CA,AWP,WE,Towers with Radar,119,55,36,0,210,0,1,18,1,20,119,56,54,1,230,0,0,0,230
12/31/2022,PSP,CA,AWP,WE,Towers with Radar,101,19,9,0,129,0,1,0,0,1,101,20,9,0,130,0,0,0,130
01/01/2023,PSP,CA,AWP,WE,Towers with Radar,108,34,20,0,162,0,3,10,0,13,108,37,30,0,175,0,0,0,175
01/02/2023,PSP,CA,AWP,WE,Towers with Radar,117,30,48,0,195,0,2,25,0,27,117,32,73,0,222,0,0,0,222
01/03/2023,PSP,CA,AWP,WE,Towers with Radar,111,30,25,0,166,0,2,2,0,4,111,32,27,0,170,0,0,0,170
01/04/2023,PSP,CA,AWP,WE,Towers with Radar,110,34,21,3,168,0,0,5,2,7,110,34,26,5,175,4,0,4,179
01/05/2023,PSP,CA,AWP,WE,Towers with Radar,127,42,27,2,198,0,0,2,1,3,127,42,29,3,201,0,0,0,201
01/06/2023,PSP,CA,AWP,WE,Towers with Radar,132,48,21,4,205,0,2,27,0,29,132,50,48,4,234,0,0,0,234
01/07/2023,PSP,CA,AWP,WE,Towers with Radar,117,25,24,5,171,0,2,45,0,47,117,27,69,5,218,24,0,24,242
01/08/2023,PSP,CA,AWP,WE,Towers with Radar,124,36,33,1,194,0,4,44,0,48,124,40,77,1,242,0,0,0,242
01/09/2023,PSP,CA,AWP,WE,Towers with Radar,117,29,20,4,170,0,7,6,1,14,117,36,26,5,184,0,0,0,184
01/10/2023,PSP,CA,AWP,WE,Towers with Radar,99,31,15,6,151,0,0,1,0,1,99,31,16,6,152,0,0,0,152
01/11/2023,PSP,CA,AWP,WE,Towers with Radar,96,46,25,3,170,0,4,18,0,22,96,50,43,3,192,8,2,10,202
01/12/2023,PSP,CA,AWP,WE,Towers with Radar,120,35,21,0,176,0,2,18,6,26,120,37,39,6,202,0,0,0,202
01/13/2023,PSP,CA,AWP,WE,Towers with Radar,126,32,38,4,200,0,4,29,2,35,126,36,67,6,235,10,0,10,245
01/14/2023,PSP,CA,AWP,WE,Towers with Radar,103,33,14,0,150,0,3,24,5,32,103,36,38,5,182,28,0,28,210
01/15/2023,PSP,CA,AWP,WE,Towers with Radar,118,49,27,0,194,0,2,30,3,35,118,51,57,3,229,0,0,0,229
01/16/2023,PSP,CA,AWP,WE,Towers with Radar,119,34,19,0,172,0,2,0,6,8,119,36,19,6,180,0,0,0,180
01/17/2023,PSP,CA,AWP,WE,Towers with Radar,103,34,21,3,161,0,0,22,3,25,103,34,43,6,186,6,0,6,192
01/18/2023,PSP,CA,AWP,WE,Towers with Radar,100,37,31,3,171,0,2,21,2,25,100,39,52,5,196,10,0,10,206
01/19/2023,PSP,CA,AWP,WE,Towers with Radar,123,28,18,0,169,0,5,14,1,20,123,33,32,1,189,2,4,6,195
01/20/2023,PSP,CA,AWP,WE,Towers with Radar,127,32,31,4,194,0,1,33,3,37,127,33,64,7,231,0,0,0,231
01/21/2023,PSP,CA,AWP,WE,Towers with Radar,103,21,16,6,146,0,3,39,0,42,103,24,55,6,188,42,4,46,234
01/22/2023,PSP,CA,AWP,WE,Towers with Radar,123,38,26,1,188,0,3,42,2,47,123,41,68,3,235,4,0,4,239
01/23/2023,PSP,CA,AWP,WE,Towers with Radar,122,23,26,5,176,0,0,4,0,4,122,23,30,5,180,0,0,0,180
01/24/2023,PSP,CA,AWP,WE,Towers with Radar,103,27,18,6,154,0,3,29,3,35,103,30,47,9,189,6,0,6,195
01/25/2023,PSP,CA,AWP,WE,Towers with Radar,104,34,29,6,173,0,4,27,0,31,104,38,56,6,204,0,0,0,204
01/26/2023,PSP,CA,AWP,WE,Towers with Radar,122,32,14,0,168,0,0,17,5,22,122,32,31,5,190,0,0,0,190
01/27/2023,PSP,CA,AWP,WE,Towers with Radar,126,33,29,0,188,0,4,55,12,71,126,37,84,12,259,40,0,40,299
01/28/2023,PSP,CA,AWP,WE,Towers with Radar,109,29,27,0,165,0,7,52,13,72,109,36,79,13,237,37,0,37,274
01/29/2023,PSP,CA,AWP,WE,Towers with Radar,126,44,31,0,201,0,1,16,0,17,126,45,47,0,218,0,0,0,218
01/30/2023,PSP,CA,AWP,WE,Towers with Radar,113,28,26,3,170,0,3,11,1,15,113,31,37,4,185,0,0,0,185
01/31/2023,PSP,CA,AWP,WE,Towers with Radar,99,36,16,3,154,0,0,8,2,10,99,36,24,5,164,12,0,12,176
02/01/2023,PSP,CA,AWP,WE,Towers with Radar,102,30,38,2,172,0,2,27,2,31,102,32,65,4,203,14,0,14,217
02/02/2023,PSP,CA,AWP,WE,Towers with Radar,122,54,29,5,210,0,2,36,0,38,122,56,65,5,248,14,0,14,262
02/03/2023,PSP,CA,AWP,WE,Towers with Radar,129,50,42,2,223,0,4,41,8,53,129,54,83,10,276,8,0,8,284
02/04/2023,PSP,CA,AWP,WE,Towers with Radar,128,30,17,1,176,0,2,50,0,52,128,32,67,1,228,0,0,0,228
02/05/2023,PSP,CA,AWP,WE,Towers with Radar,130,52,46,0,228,0,4,37,1,42,130,56,83,1,270,16,0,16,286
02/06/2023,PSP,CA,AWP,WE,Towers with Radar,130,45,17,0,192,0,5,16,1,22,130,50,33,1,214,0,0,0,214
02/07/2023,PSP,CA,AWP,WE,Towers with Radar,113,33,16,0,162,0,2,30,2,34,113,35,46,2,196,16,0,16,212
02/08/2023,PSP,CA,AWP,WE,Towers with Radar,115,39,27,0,181,0,0,37,1,38,115,39,64,1,219,36,0,36,255
02/09/2023,PSP,CA,AWP,WE,Towers with Radar,130,43,32,2,207,0,1,57,1,59,130,44,89,3,266,0,0,0,266
02/10/2023,PSP,CA,AWP,WE,Towers with Radar,129,45,40,0,214,0,2,67,7,76,129,47,107,7,290,0,0,0,290
02/11/2023,PSP,CA,AWP,WE,Towers with Radar,123,39,23,2,187,0,3,54,3,60,123,42,77,5,247,8,2,10,257
02/12/2023,PSP,CA,AWP,WE,Towers with Radar,128,38,32,0,198,0,3,38,2,43,128,41,70,2,241,0,1,1,242
02/13/2023,PSP,CA,AWP,WE,Towers with Radar,127,30,29,6,192,0,5,20,2,27,127,35,49,8,219,0,0,0,219
02/14/2023,PSP,CA,AWP,WE,Towers with Radar,124,37,15,7,183,0,1,4,0,5,124,38,19,7,188,22,0,22,210
02/15/2023,PSP,CA,AWP,WE,Towers with Radar,122,46,37,3,208,0,6,18,1,25,122,52,55,4,233,10,0,10,243
02/16/2023,PSP,CA,AWP,WE,Towers with Radar,122,43,37,0,202,0,7,24,2,33,122,50,61,2,235,24,0,24,259
02/17/2023,PSP,CA,AWP,WE,Towers with Radar,129,40,24,2,195,0,3,52,2,57,129,43,76,4,252,14,0,14,266
02/18/2023,PSP,CA,AWP,WE,Towers with Radar,131,41,26,0,198,0,2,58,0,60,131,43,84,0,258,18,0,18,276
02/19/2023,PSP,CA,AWP,WE,Towers with Radar,128,36,34,0,198,0,7,55,0,62,128,43,89,0,260,6,0,6,266
02/20/2023,PSP,CA,AWP,WE,Towers with Radar,127,45,36,0,208,0,6,40,0,46,127,51,76,0,254,8,0,8,262
02/21/2023,PSP,CA,AWP,WE,Towers with Radar,116,34,28,2,180,0,1,8,0,9,116,35,36,2,189,0,0,0,189
02/22/2023,PSP,CA,AWP,WE,Towers with Radar,126,38,23,0,187,0,0,3,1,4,126,38,26,1,191,4,2,6,197
02/23/2023,PSP,CA,AWP,WE,Towers with Radar,113,47,38,0,198,0,3,0,0,3,113,50,38,0,201,0,0,0,201
02/24/2023,PSP,CA,AWP,WE,Towers with Radar,132,40,23,0,195,0,1,10,0,11,132,41,33,0,206,0,0,0,206
02/25/2023,PSP,CA,AWP,WE,Towers with Radar,123,43,16,0,182,0,0,0,0,0,123,43,16,0,182,2,0,2,184
02/26/2023,PSP,CA,AWP,WE,Towers with Radar,121,39,39,0,199,0,4,32,0,36,121,43,71,0,235,4,0,4,239
02/27/2023,PSP,CA,AWP,WE,Towers with Radar,132,40,28,0,200,0,7,9,0,16,132,47,37,0,216,0,0,0,216
02/28/2023,PSP,CA,AWP,WE,Towers with Radar,116,21,12,0,149,0,3,11,2,16,116,24,23,2,165,8,0,8,173
03/01/2023,PSP,CA,AWP,WE,Towers with Radar,117,28,31,0,176,0,0,2,0,2,117,28,33,0,178,0,0,0,178
03/02/2023,PSP,CA,AWP,WE,Towers with Radar,118,41,39,0,198,0,1,55,0,56,118,42,94,0,254,10,0,10,264
03/03/2023,PSP,CA,AWP,WE,Towers with Radar,133,31,31,0,195,0,5,54,1,60,133,36,85,1,255,22,0,22,277
03/04/2023,PSP,CA,AWP,WE,Towers with Radar,115,28,25,1,169,0,5,47,4,56,115,33,72,5,225,10,2,12,237
03/05/2023,PSP,CA,AWP,WE,Towers with Radar,127,61,52,0,240,0,5,20,3,28,127,66,72,3,268,6,0,6,274
03/06/2023,PSP,CA,AWP,WE,Towers with Radar,130,42,20,1,193,0,1,18,4,23,130,43,38,5,216,22,0,22,238
03/07/2023,PSP,CA,AWP,WE,Towers with Radar,114,32,32,1,179,0,1,30,0,31,114,33,62,1,210,8,2,10,220
03/08/2023,PSP,CA,AWP,WE,Towers with Radar,118,59,37,0,214,0,4,24,3,31,118,63,61,3,245,24,0,24,269
03/09/2023,PSP,CA,AWP,WE,Towers with Radar,121,55,48,0,224,0,1,39,2,42,121,56,87,2,266,80,0,80,346
03/10/2023,PSP,CA,AWP,WE,Towers with Radar,127,50,61,4,242,1,1,13,2,17,128,51,74,6,259,0,0,0,259
03/11/2023,PSP,CA,AWP,WE,Towers with Radar,122,50,56,0,228,0,7,19,1,27,122,57,75,1,255,20,0,20,275
03/12/2023,PSP,CA,AWP,WE,Towers with Radar,126,64,56,0,246,0,6,36,3,45,126,70,92,3,291,8,0,8,299
03/13/2023,PSP,CA,AWP,WE,Towers with Radar,132,37,45,5,219,0,2,28,3,33,132,39,73,8,252,0,0,0,252
03/14/2023,PSP,CA,AWP,WE,Towers with Radar,116,44,36,2,198,0,0,6,4,10,116,44,42,6,208,16,0,16,224
03/15/2023,PSP,CA,AWP,WE,Towers with Radar,122,52,38,1,213,0,1,13,3,17,122,53,51,4,230,18,0,18,248
03/16/2023,PSP,CA,AWP,WE,Towers with Radar,125,48,29,0,202,0,5,34,5,44,125,53,63,5,246,35,0,35,281
03/17/2023,PSP,CA,AWP,WE,Towers with Radar,140,57,62,1,260,0,6,40,11,57,140,63,102,12,317,44,0,44,361
03/18/2023,PSP,CA,AWP,WE,Towers with Radar,133,42,40,3,218,0,13,49,4,66,133,55,89,7,284,0,0,0,284
03/19/2023,PSP,CA,AWP,WE,Towers with Radar,121,56,70,4,251,0,6,33,3,42,121,62,103,7,293,0,0,0,293
03/20/2023,PSP,CA,AWP,WE,Towers with Radar,142,38,44,1,225,6,0,13,2,21,148,38,57,3,246,0,0,0,246
03/21/2023,PSP,CA,AWP,WE,Towers with Radar,120,39,16,0,175,0,0,4,0,4,120,39,20,0,179,26,0,26,205
03/22/2023,PSP,CA,AWP,WE,Towers with Radar,127,49,27,0,203,40,2,10,0,52,167,51,37,0,255,52,0,52,307
03/23/2023,PSP,CA,AWP,WE,Towers with Radar,131,38,44,1,214,0,3,21,1,25,131,41,65,2,239,20,0,20,259
03/24/2023,PSP,CA,AWP,WE,Towers with Radar,135,38,35,3,211,0,3,37,2,42,135,41,72,5,253,20,2,22,275
03/25/2023,PSP,CA,AWP,WE,Towers with Radar,128,51,16,3,198,0,9,62,6,77,128,60,78,9,275,24,0,24,299
03/26/2023,PSP,CA,AWP,WE,Towers with Radar,115,50,36,2,203,0,3,70,1,74,115,53,106,3,277,0,0,0,277
03/27/2023,PSP,CA,AWP,WE,Towers with Radar,127,36,35,4,202,0,6,35,0,41,127,42,70,4,243,30,0,30,273
03/28/2023,PSP,CA,AWP,WE,Towers with Radar,114,44,31,5,194,0,1,29,3,33,114,45,60,8,227,66,0,66,293
03/29/2023,PSP,CA,AWP,WE,Towers with Radar,123,27,25,8,183,0,4,6,3,13,123,31,31,11,196,0,0,0,196
03/30/2023,PSP,CA,AWP,WE,Towers with Radar,121,29,22,8,180,0,1,15,3,19,121,30,37,11,199,0,0,0,199
03/31/2023,PSP,CA,AWP,WE,Towers with Radar,126,47,21,1,195,0,1,54,5,60,126,48,75,6,255,42,0,42,297
04/01/2023,PSP,CA,AWP,WE,Towers with Radar,115,59,27,6,207,0,7,82,1,90,115,66,109,7,297,14,0,14,311
04/02/2023,PSP,CA,AWP,WE,Towers with Radar,119,56,37,2,214,0,4,34,1,39,119,60,71,3,253,16,0,16,269
04/03/2023,PSP,CA,AWP,WE,Towers with Radar,135,35,17,0,187,0,0,0,0,0,135,35,17,0,187,0,0,0,187
04/04/2023,PSP,CA,AWP,WE,Towers with Radar,120,52,16,2,190,0,2,24,1,27,120,54,40,3,217,0,0,0,217
04/05/2023,PSP,CA,AWP,WE,Towers with Radar,117,43,24,2,186,1,11,33,3,48,118,54,57,5,234,0,0,0,234
04/06/2023,PSP,CA,AWP,WE,Towers with Radar,119,51,30,3,203,0,1,32,3,36,119,52,62,6,239,10,0,10,249
04/07/2023,PSP,CA,AWP,WE,Towers with Radar,129,35,31,2,197,0,0,37,1,38,129,35,68,3,235,26,2,28,263
04/08/2023,PSP,CA,AWP,WE,Towers with Radar,114,33,18,0,165,0,0,64,2,66,114,33,82,2,231,18,0,18,249
04/09/2023,PSP,CA,AWP,WE,Towers with Radar,111,30,23,0,164,0,2,39,0,41,111,32,62,0,205,10,0,10,215
04/10/2023,PSP,CA,AWP,WE,Towers with Radar,126,66,34,2,228,0,6,50,0,56,126,72,84,2,284,12,0,12,296
04/11/2023,PSP,CA,AWP,WE,Towers with Radar,115,41,14,1,171,0,1,27,0,28,115,42,41,1,199,0,0,0,199
04/12/2023,PSP,CA,AWP,WE,Towers with Radar,121,37,22,4,184,0,2,36,0,38,121,39,58,4,222,8,0,8,230
04/13/2023,PSP,CA,AWP,WE,Towers with Radar,133,45,49,0,227,0,2,10,0,12,133,47,59,0,239,2,0,2,241
04/14/2023,PSP,CA,AWP,WE,Towers with Radar,130,51,52,6,239,0,7,27,1,35,130,58,79,7,274,0,2,2,276
04/15/2023,PSP,CA,AWP,WE,Towers with Radar,110,44,35,0,189,0,1,68,5,74,110,45,103,5,263,10,0,10,273
04/16/2023,PSP,CA,AWP,WE,Towers with Radar,113,56,40,0,209,0,1,46,2,49,113,57,86,2,258,0,0,0,258
04/17/2023,PSP,CA,AWP,WE,Towers with Radar,141,55,43,0,239,0,3,24,0,27,141,58,67,0,266,0,0,0,266
04/18/2023,PSP,CA,AWP,WE,Towers with Radar,108,27,28,2,165,0,0,18,0,18,108,27,46,2,183,0,0,0,183
04/19/2023,PSP,CA,AWP,WE,Towers with Radar,107,34,21,1,163,0,6,22,5,33,107,40,43,6,196,6,0,6,202
04/20/2023,PSP,CA,AWP,WE,Towers with Radar,120,29,37,0,186,0,1,62,2,65,120,30,99,2,251,0,0,0,251
04/21/2023,PSP,CA,AWP,WE,Towers with Radar,121,42,31,4,198,0,3,37,1,41,121,45,68,5,239,0,0,0,239
04/22/2023,PSP,CA,AWP,WE,Towers with Radar,101,29,25,0,155,0,2,30,1,33,101,31,55,1,188,24,0,24,212
04/23/2023,PSP,CA,AWP,WE,Towers with Radar,107,42,33,1,183,0,7,42,0,49,107,49,75,1,232,0,0,0,232
04/24/2023,PSP,CA,AWP,WE,Towers with Radar,132,33,31,2,198,0,0,36,2,38,132,33,67,4,236,8,0,8,244
04/25/2023,PSP,CA,AWP,WE,Towers with Radar,104,36,18,0,158,0,9,28,0,37,104,45,46,0,195,42,0,42,237
04/26/2023,PSP,CA,AWP,WE,Towers with Radar,105,43,11,0,159,0,3,52,3,58,105,46,63,3,217,14,0,14,231
04/27/2023,PSP,CA,AWP,WE,Towers with Radar,107,53,33,2,195,0,5,59,0,64,107,58,92,2,259,8,0,8,267
04/28/2023,PSP,CA,AWP,WE,Towers with Radar,118,40,39,1,198,0,2,43,0,45,118,42,82,1,243,34,0,34,277
04/29/2023,PSP,CA,AWP,WE,Towers with Radar,100,46,11,3,160,0,4,57,0,61,100,50,68,3,221,24,0,24,245
04/30/2023,PSP,CA,AWP,WE,Towers with Radar,99,46,35,0,180,0,3,54,1,58,99,49,89,1,238,0,0,0,238
05/01/2023,PSP,CA,AWP,WE,Towers with Radar,109,53,48,0,210,0,0,8,3,11,109,53,56,3,221,0,0,0,221
05/02/2023,PSP,CA,AWP,WE,Towers with Radar,104,41,25,4,174,10,1,22,4,37,114,42,47,8,211,0,0,0,211
05/03/2023,PSP,CA,AWP,WE,Towers with Radar,100,26,27,10,163,0,7,16,3,26,100,33,43,13,189,26,0,26,215
05/04/2023,PSP,CA,AWP,WE,Towers with Radar,104,29,25,1,159,0,2,15,1,18,104,31,40,2,177,24,0,24,201
05/05/2023,PSP,CA,AWP,WE,Towers with Radar,92,23,33,5,153,0,7,19,1,27,92,30,52,6,180,4,0,4,184
05/06/2023,PSP,CA,AWP,WE,Towers with Radar,74,12,13,0,99,0,4,38,0,42,74,16,51,0,141,0,0,0,141
05/07/2023,PSP,CA,AWP,WE,Towers with Radar,84,24,27,0,135,0,1,53,0,54,84,25,80,0,189,0,0,0,189
05/08/2023,PSP,CA,AWP,WE,Towers with Radar,87,34,16,2,139,0,5,30,0,35,87,39,46,2,174,2,0,2,176
05/09/2023,PSP,CA,AWP,WE,Towers with Radar,78,32,17,2,129,0,3,19,0,22,78,35,36,2,151,0,0,0,151
05/10/2023,PSP,CA,AWP,WE,Towers with Radar,78,29,12,5,124,0,5,13,7,25,78,34,25,12,149,0,0,0,149
05/11/2023,PSP,CA,AWP,WE,Towers with Radar,79,34,33,0,146,0,0,32,2,34,79,34,65,2,180,18,0,18,198
05/12/2023,PSP,CA,AWP,WE,Towers with Radar,85,33,12,1,131,0,0,64,4,68,85,33,76,5,199,10,0,10,209
05/13/2023,PSP,CA,AWP,WE,Towers with Radar,72,24,15,1,112,0,0,59,1,60,72,24,74,2,172,78,0,78,250
05/14/2023,PSP,CA,AWP,WE,Towers with Radar,74,21,21,1,117,0,5,23,0,28,74,26,44,1,145,0,0,0,145
05/15/2023,PSP,CA,AWP,WE,Towers with Radar,89,21,20,2,132,0,2,26,3,31,89,23,46,5,163,0,0,0,163
05/16/2023,PSP,CA,AWP,WE,Towers with Radar,75,25,6,1,107,0,1,30,2,33,75,26,36,3,140,16,0,16,156
05/17/2023,PSP,CA,AWP,WE,Towers with Radar,73,51,27,2,153,0,4,37,0,41,73,55,64,2,194,6,0,6,200
05/18/2023,PSP,CA,AWP,WE,Towers with Radar,66,21,24,1,112,0,1,17,0,18,66,22,41,1,130,12,0,12,142
05/19/2023,PSP,CA,AWP,WE,Towers with Radar,65,20,33,3,121,0,1,33,2,36,65,21,66,5,157,6,0,6,163
05/20/2023,PSP,CA,AWP,WE,Towers with Radar,59,19,21,1,100,0,0,48,2,50,59,19,69,3,150,32,0,32,182
05/21/2023,PSP,CA,AWP,WE,Towers with Radar,56,29,20,2,107,0,2,33,0,35,56,31,53,2,142,0,0,0,142
05/22/2023,PSP,CA,AWP,WE,Towers with Radar,70,27,23,1,121,0,6,16,0,22,70,33,39,1,143,8,0,8,151
05/23/2023,PSP,CA,AWP,WE,Towers with Radar,66,33,13,2,114,0,1,13,2,16,66,34,26,4,130,30,0,30,160
05/24/2023,PSP,CA,AWP,WE,Towers with Radar,67,21,27,1,116,0,5,28,0,33,67,26,55,1,149,10,0,10,159
05/25/2023,PSP,CA,AWP,WE,Towers with Radar,65,10,16,3,94,0,2,37,0,39,65,12,53,3,133,14,0,14,147
05/26/2023,PSP,CA,AWP,WE,Towers with Radar,68,22,19,7,116,0,5,27,0,32,68,27,46,7,148,0,0,0,148
05/27/2023,PSP,CA,AWP,WE,Towers with Radar,56,14,10,2,82,0,4,53,0,57,56,18,63,2,139,0,0,0,139
05/28/2023,PSP,CA,AWP,WE,Towers with Radar,63,12,13,0,88,0,0,44,0,44,63,12,57,0,132,44,0,44,176
05/29/2023,PSP,CA,AWP,WE,Towers with Radar,67,16,19,0,102,0,3,40,0,43,67,19,59,0,145,56,0,56,201
05/30/2023,PSP,CA,AWP,WE,Towers with Radar,63,12,12,7,94,0,4,16,0,20,63,16,28,7,114,0,0,0,114
05/31/2023,PSP,CA,AWP,WE,Towers with Radar,65,18,4,6,93,0,2,9,0,11,65,20,13,6,104,2,0,2,106
06/01/2023,PSP,CA,AWP,WE,Towers with Radar,63,15,7,0,85,0,7,34,1,42,63,22,41,1,127,12,0,12,139
06/02/2023,PSP,CA,AWP,WE,Towers with Radar,58,16,11,2,87,0,4,32,0,36,58,20,43,2,123,0,0,0,123
06/03/2023,PSP,CA,AWP,WE,Towers with Radar,46,13,11,0,70,0,2,45,4,51,46,15,56,4,121,12,0,12,133
06/04/2023,PSP,CA,AWP,WE,Towers with Radar,48,16,7,0,71,0,2,24,2,28,48,18,31,2,99,0,0,0,99
06/05/2023,PSP,CA,AWP,WE,Towers with Radar,50,22,8,4,84,0,2,8,1,11,50,24,16,5,95,0,0,0,95
06/06/2023,PSP,CA,AWP,WE,Towers with Radar,43,8,7,15,73,0,1,19,11,31,43,9,26,26,104,0,4,4,108
06/07/2023,PSP,CA,AWP,WE,Towers with Radar,44,7,6,1,58,0,16,21,3,40,44,23,27,4,98,0,0,0,98
06/08/2023,PSP,CA,AWP,WE,Towers with Radar,48,18,16,1,83,0,4,38,4,46,48,22,54,5,129,40,0,40,169
06/09/2023,PSP,CA,AWP,WE,Towers with Radar,48,9,14,1,72,0,15,15,1,31,48,24,29,2,103,28,0,28,131
06/10/2023,PSP,CA,AWP,WE,Towers with Radar,40,6,13,0,59,0,0,18,4,22,40,6,31,4,81,18,0,18,99
06/11/2023,PSP,CA,AWP,WE,Towers with Radar,49,6,11,0,66,0,0,11,1,12,49,6,22,1,78,0,0,0,78
06/12/2023,PSP,CA,AWP,WE,Towers with Radar,47,16,11,0,74,0,3,20,0,23,47,19,31,0,97,0,0,0,97
06/13/2023,PSP,CA,AWP,WE,Towers with Radar,41,15,11,5,72,0,19,29,3,51,41,34,40,8,123,14,0,14,137
06/14/2023,PSP,CA,AWP,WE,Towers with Radar,44,16,4,5,69,0,6,15,2,23,44,22,19,7,92,0,0,0,92
06/15/2023,PSP,CA,AWP,WE,Towers with Radar,47,18,12,4,81,0,2,14,5,21,47,20,26,9,102,0,0,0,102
06/16/2023,PSP,CA,AWP,WE,Towers with Radar,47,10,6,0,63,0,10,22,2,34,47,20,28,2,97,0,0,0,97
06/17/2023,PSP,CA,AWP,WE,Towers with Radar,43,17,5,0,65,0,3,40,0,43,43,20,45,0,108,10,0,10,118
06/18/2023,PSP,CA,AWP,WE,Towers with Radar,49,20,6,0,75,0,3,10,4,17,49,23,16,4,92,8,0,8,100
06/19/2023,PSP,CA,AWP,WE,Towers with Radar,52,14,15,0,81,0,3,19,0,22,52,17,34,0,103,0,0,0,103
06/20/2023,PSP,CA,AWP,WE,Towers with Radar,41,15,7,0,63,0,1,34,0,35,41,16,41,0,98,0,0,0,98
06/21/2023,PSP,CA,AWP,WE,Towers with Radar,40,13,9,0,62,0,1,20,4,25,40,14,29,4,87,22,0,22,109
06/22/2023,PSP,CA,AWP,WE,Towers with Radar,46,10,8,0,64,0,0,23,2,25,46,10,31,2,89,10,0,10,99
06/23/2023,PSP,CA,AWP,WE,Towers with Radar,43,15,4,0,62,0,2,48,8,58,43,17,52,8,120,14,0,14,134
06/24/2023,PSP,CA,AWP,WE,Towers with Radar,44,12,5,0,61,0,3,29,1,33,44,15,34,1,94,0,0,0,94
06/25/2023,PSP,CA,AWP,WE,Towers with Radar,42,14,4,0,60,0,2,24,0,26,42,16,28,0,86,0,0,0,86
06/26/2023,PSP,CA,AWP,WE,Towers with Radar,45,16,8,2,71,0,2,36,0,38,45,18,44,2,109,6,0,6,115
06/27/2023,PSP,CA,AWP,WE,Towers with Radar,39,11,7,0,57,0,2,15,2,19,39,13,22,2,76,8,0,8,84
06/28/2023,PSP,CA,AWP,WE,Towers with Radar,39,11,4,2,56,0,2,20,4,26,39,13,24,6,82,24,0,24,106
06/29/2023,PSP,CA,AWP,WE,Towers with Radar,43,10,10,0,63,0,2,25,5,32,43,12,35,5,95,34,0,34,129
06/30/2023,PSP,CA,AWP,WE,Towers with Radar,45,14,15,2,76,0,5,38,0,43,45,19,53,2,119,4,0,4,123
07/01/2023,PSP,CA,AWP,WE,Towers with Radar,41,15,7,0,63,1,0,30,0,31,42,15,37,0,94,12,0,12,106
07/02/2023,PSP,CA,AWP,WE,Towers with Radar,43,12,6,0,61,0,3,13,0,16,43,15,19,0,77,2,0,2,79
07/03/2023,PSP,CA,AWP,WE,Towers with Radar,42,14,7,0,63,0,1,22,1,24,42,15,29,1,87,4,0,4,91
07/04/2023,PSP,CA,AWP,WE,Towers with Radar,36,6,5,0,47,0,3,16,0,19,36,9,21,0,66,10,0,10,76
07/05/2023,PSP,CA,AWP,WE,Towers with Radar,39,10,4,0,53,0,2,13,1,16,39,12,17,1,69,0,0,0,69
07/06/2023,PSP,CA,AWP,WE,Towers with Radar,44,11,8,0,63,0,6,10,0,16,44,17,18,0,79,22,0,22,101
07/07/2023,PSP,CA,AWP,WE,Towers with Radar,44,12,4,6,66,0,2,14,0,16,44,14,18,6,82,0,0,0,82
07/08/2023,PSP,CA,AWP,WE,Towers with Radar,42,12,4,0,58,0,3,16,0,19,42,15,20,0,77,8,0,8,85
07/09/2023,PSP,CA,AWP,WE,Towers with Radar,42,8,5,0,55,0,2,28,0,30,42,10,33,0,85,2,0,2,87
07/10/2023,PSP,CA,AWP,WE,Towers with Radar,44,12,8,0,64,0,5,13,1,19,44,17,21,1,83,34,0,34,117
07/11/2023,PSP,CA,AWP,WE,Towers with Radar,38,8,2,6,54,0,5,15,0,20,38,13,17,6,74,6,0,6,80
07/12/2023,PSP,CA,AWP,WE,Towers with Radar,39,14,7,0,60,0,33,17,1,51,39,47,24,1,111,0,0,0,111
07/13/2023,PSP,CA,AWP,WE,Towers with Radar,44,13,7,1,65,0,15,24,5,44,44,28,31,6,109,0,0,0,109
07/14/2023,PSP,CA,AWP,WE,Towers with Radar,43,9,6,1,59,0,8,19,4,31,43,17,25,5,90,14,0,14,104
07/15/2023,PSP,CA,AWP,WE,Towers with Radar,43,7,3,0,53,0,6,12,2,20,43,13,15,2,73,0,0,0,73
07/16/2023,PSP,CA,AWP,WE,Towers with Radar,39,13,4,0,56,0,8,19,1,28,39,21,23,1,84,6,0,6,90
07/17/2023,PSP,CA,AWP,WE,Towers with Radar,46,22,10,0,78,0,7,22,0,29,46,29,32,0,107,0,0,0,107
07/18/2023,PSP,CA,AWP,WE,Towers with Radar,37,15,5,0,57,0,22,29,8,59,37,37,34,8,116,0,0,0,116
07/19/2023,PSP,CA,AWP,WE,Towers with Radar,40,10,12,0,62,0,11,23,4,38,40,21,35,4,100,4,0,4,104
07/20/2023,PSP,CA,AWP,WE,Towers with Radar,44,10,5,0,59,0,2,26,2,30,44,12,31,2,89,0,0,0,89
07/21/2023,PSP,CA,AWP,WE,Towers with Radar,46,9,3,3,61,0,5,14,1,20,46,14,17,4,81,32,0,32,113
07/22/2023,PSP,CA,AWP,WE,Towers with Radar,41,12,0,0,53,0,4,15,0,19,41,16,15,0,72,0,0,0,72
07/23/2023,PSP,CA,AWP,WE,Towers with Radar,38,10,4,3,55,0,0,12,0,12,38,10,16,3,67,0,0,0,67
07/24/2023,PSP,CA,AWP,WE,Towers with Radar,43,16,3,0,62,0,2,18,1,21,43,18,21,1,83,0,0,0,83
07/25/2023,PSP,CA,AWP,WE,Towers with Radar,39,18,8,2,67,0,6,2,2,10,39,24,10,4,77,0,0,0,77
07/26/2023,PSP,CA,AWP,WE,Towers with Radar,39,15,0,4,58,0,3,22,0,25,39,18,22,4,83,0,0,0,83
07/27/2023,PSP,CA,AWP,WE,Towers with Radar,50,11,9,1,71,0,4,9,2,15,50,15,18,3,86,0,0,0,86
07/28/2023,PSP,CA,AWP,WE,Towers with Radar,44,16,5,2,67,0,2,11,2,15,44,18,16,4,82,0,0,0,82
07/29/2023,PSP,CA,AWP,WE,Towers with Radar,40,8,6,0,54,0,3,20,0,23,40,11,26,0,77,20,0,20,97
07/30/2023,PSP,CA,AWP,WE,Towers with Radar,40,16,6,0,62,0,1,8,0,9,40,17,14,0,71,0,0,0,71
07/31/2023,PSP,CA,AWP,WE,Towers with Radar,43,15,18,0,76,0,1,0,0,1,43,16,18,0,77,0,0,0,77
08/01/2023,PSP,CA,AWP,WE,Towers with Radar,37,14,2,0,53,0,3,16,0,19,37,17,18,0,72,0,0,0,72
08/02/2023,PSP,CA,AWP,WE,Towers with Radar,39,19,3,0,61,0,1,14,1,16,39,20,17,1,77,0,0,0,77
08/03/2023,PSP,CA,AWP,WE,Towers with Radar,42,12,10,0,64,0,2,14,1,17,42,14,24,1,81,38,0,38,119
08/04/2023,PSP,CA,AWP,WE,Towers with Radar,43,13,10,0,66,0,1,15,4,20,43,14,25,4,86,0,0,0,86
08/05/2023,PSP,CA,AWP,WE,Towers with Radar,41,8,11,1,61,0,10,13,5,28,41,18,24,6,89,0,0,0,89
08/06/2023,PSP,CA,AWP,WE,Towers with Radar,39,13,3,0,55,0,6,20,0,26,39,19,23,0,81,14,0,14,95
08/07/2023,PSP,CA,AWP,WE,Towers with Radar,47,16,7,0,70,0,4,15,5,24,47,20,22,5,94,0,0,0,94
08/08/2023,PSP,CA,AWP,WE,Towers with Radar,39,10,3,0,52,0,5,11,2,18,39,15,14,2,70,12,0,12,82
08/09/2023,PSP,CA,AWP,WE,Towers with Radar,39,15,6,1,61,0,6,4,1,11,39,21,10,2,72,28,0,28,100
08/10/2023,PSP,CA,AWP,WE,Towers with Radar,44,15,3,2,64,0,3,5,0,8,44,18,8,2,72,0,0,0,72
08/11/2023,PSP,CA,AWP,WE,Towers with Radar,44,10,7,0,61,0,4,10,0,14,44,14,17,0,75,20,0,20,95
08/12/2023,PSP,CA,AWP,WE,Towers with Radar,41,11,4,2,58,0,6,17,3,26,41,17,21,5,84,6,0,6,90
08/13/2023,PSP,CA,AWP,WE,Towers with Radar,40,22,7,0,69,0,1,20,1,22,40,23,27,1,91,24,0,24,115
08/14/2023,PSP,CA,AWP,WE,Towers with Radar,42,9,5,3,59,0,3,11,1,15,42,12,16,4,74,14,6,20,94
08/15/2023,PSP,CA,AWP,WE,Towers with Radar,38,11,8,1,58,0,0,11,2,13,38,11,19,3,71,0,0,0,71
08/16/2023,PSP,CA,AWP,WE,Towers with Radar,39,9,6,0,54,0,4,12,0,16,39,13,18,0,70,0,0,0,70
08/17/2023,PSP,CA,AWP,WE,Towers with Radar,45,13,1,0,59,0,2,20,0,22,45,15,21,0,81,0,0,0,81
08/18/2023,PSP,CA,AWP,WE,Towers with Radar,50,9,7,0,66,0,3,15,1,19,50,12,22,1,85,0,0,0,85
08/19/2023,PSP,CA,AWP,WE,Towers with Radar,33,13,7,1,54,0,0,4,0,4,33,13,11,1,58,0,0,0,58
08/20/2023,PSP,CA,AWP,WE,Towers with Radar,11,4,1,0,16,0,0,0,0,0,11,4,1,0,16,0,0,0,16
08/21/2023,PSP,CA,AWP,WE,Towers with Radar,41,6,2,0,49,0,0,21,0,21,41,6,23,0,70,0,0,0,70
08/22/2023,PSP,CA,AWP,WE,Towers with Radar,42,7,3,2,54,0,3,12,1,16,42,10,15,3,70,10,0,10,80
08/23/2023,PSP,CA,AWP,WE,Towers with Radar,39,10,11,0,60,0,0,9,0,9,39,10,20,0,69,0,0,0,69
08/24/2023,PSP,CA,AWP,WE,Towers with Radar,43,20,8,1,72,0,7,19,0,26,43,27,27,1,98,0,0,0,98
08/25/2023,PSP,CA,AWP,WE,Towers with Radar,44,20,3,0,67,0,7,25,2,34,44,27,28,2,101,0,0,0,101
08/26/2023,PSP,CA,AWP,WE,Towers with Radar,43,12,3,0,58,0,6,31,4,41,43,18,34,4,99,0,0,0,99
08/27/2023,PSP,CA,AWP,WE,Towers with Radar,43,8,7,0,58,0,1,24,5,30,43,9,31,5,88,0,0,0,88
08/28/2023,PSP,CA,AWP,WE,Towers with Radar,43,17,4,0,64,0,0,14,1,15,43,17,18,1,79,2,2,4,83
08/29/2023,PSP,CA,AWP,WE,Towers with Radar,41,8,5,0,54,0,5,9,1,15,41,13,14,1,69,0,0,0,69
08/30/2023,PSP,CA,AWP,WE,Towers with Radar,41,15,3,5,64,0,6,7,1,14,41,21,10,6,78,0,6,6,84
08/31/2023,PSP,CA,AWP,WE,Towers with Radar,44,20,13,0,77,0,6,18,3,27,44,26,31,3,104,6,0,6,110
