01/01/2000,PTK,MI,AGL,CE,Towers with Display (VFR),0,2,38,0,40,0,0,195,0,195,0,2,233,0,235,358,0,358,593
01/02/2000,PTK,MI,AGL,CE,Towers with Display (VFR),2,10,98,0,110,0,0,61,0,61,2,10,159,0,171,62,0,62,233
01/03/2000,PTK,MI,AGL,CE,Towers with Display (VFR),0,21,104,0,125,0,2,42,0,44,0,23,146,0,169,72,0,72,241
01/04/2000,PTK,MI,AGL,CE,Towers with Display (VFR),0,23,112,0,135,0,18,55,0,73,0,41,167,0,208,60,0,60,268
01/05/2000,PTK,MI,AGL,CE,Towers with Display (VFR),2,38,184,0,224,0,9,253,0,262,2,47,437,0,486,570,0,570,1056
01/06/2000,PTK,MI,AGL,CE,Towers with Display (VFR),3,33,160,0,196,0,3,245,0,248,3,36,405,0,444,448,0,448,892
01/07/2000,PTK,MI,AGL,CE,Towers with Display (VFR),2,31,149,0,182,0,10,188,0,198,2,41,337,0,380,396,0,396,776
01/08/2000,PTK,MI,AGL,CE,Towers with Display (VFR),1,10,65,0,76,2,0,322,0,324,3,10,387,0,400,438,0,438,838
01/09/2000,PTK,MI,AGL,CE,Towers with Display (VFR),0,10,67,0,77,0,0,5,0,5,0,10,72,0,82,0,0,0,82
01/10/2000,PTK,MI,AGL,CE,Towers with Display (VFR),0,22,114,0,136,0,0,60,0,60,0,22,174,0,196,60,0,60,256
01/11/2000,PTK,MI,AGL,CE,Towers with Display (VFR),2,33,163,0,198,0,18,66,0,84,2,51,229,0,282,96,0,96,378
01/12/2000,PTK,MI,AGL,CE,Towers with Display (VFR),2,39,191,0,232,0,6,316,0,322,2,45,507,0,554,538,0,538,1092
01/13/2000,PTK,MI,AGL,CE,Towers with Display (VFR),3,42,204,0,249,1,2,53,0,56,4,44,257,0,305,64,0,64,369
01/14/2000,PTK,MI,AGL,CE,Towers with Display (VFR),3,33,160,0,196,0,9,320,0,329,3,42,480,0,525,554,0,554,1079
01/15/2000,PTK,MI,AGL,CE,Towers with Display (VFR),0,13,79,0,92,0,0,399,0,399,0,13,478,0,491,654,0,654,1145
01/16/2000,PTK,MI,AGL,CE,Towers with Display (VFR),0,9,68,0,77,0,0,123,0,123,0,9,191,0,200,222,0,222,422
01/17/2000,PTK,MI,AGL,CE,Towers with Display (VFR),1,17,112,0,130,1,0,287,0,288,2,17,399,0,418,664,0,664,1082
01/18/2000,PTK,MI,AGL,CE,Towers with Display (VFR),2,33,163,0,198,1,13,43,0,57,3,46,206,0,255,128,0,128,383
01/19/2000,PTK,MI,AGL,CE,Towers with Display (VFR),1,29,182,0,212,0,0,185,0,185,1,29,367,0,397,402,0,402,799
01/20/2000,PTK,MI,AGL,CE,Towers with Display (VFR),0,32,157,0,189,0,18,152,0,170,0,50,309,0,359,280,0,280,639
01/21/2000,PTK,MI,AGL,CE,Towers with Display (VFR),0,31,148,0,179,0,2,175,0,177,0,33,323,0,356,310,0,310,666
01/22/2000,PTK,MI,AGL,CE,Towers with Display (VFR),0,9,71,0,80,2,0,288,0,290,2,9,359,0,370,594,0,594,964
01/23/2000,PTK,MI,AGL,CE,Towers with Display (VFR),0,12,59,0,71,1,2,82,0,85,1,14,141,0,156,116,0,116,272
01/24/2000,PTK,MI,AGL,CE,Towers with Display (VFR),1,28,135,0,164,1,14,202,0,217,2,42,337,0,381,494,0,494,875
01/25/2000,PTK,MI,AGL,CE,Towers with Display (VFR),2,28,164,0,194,1,0,4,0,5,3,28,168,0,199,0,0,0,199
01/26/2000,PTK,MI,AGL,CE,Towers with Display (VFR),0,36,174,0,210,0,16,193,0,209,0,52,367,0,419,238,0,238,657
01/27/2000,PTK,MI,AGL,CE,Towers with Display (VFR),2,34,165,0,201,0,3,266,0,269,2,37,431,0,470,472,0,472,942
01/28/2000,PTK,MI,AGL,CE,Towers with Display (VFR),2,32,159,0,193,2,17,312,0,331,4,49,471,0,524,466,0,466,990
01/29/2000,PTK,MI,AGL,CE,Towers with Display (VFR),0,7,74,0,81,0,0,450,0,450,0,7,524,0,531,594,0,594,1125
01/30/2000,PTK,MI,AGL,CE,Towers with Display (VFR),0,11,57,0,68,1,0,4,0,5,1,11,61,0,73,0,0,0,73
01/31/2000,PTK,MI,AGL,CE,Towers with Display (VFR),2,33,162,0,197,0,3,87,0,90,2,36,249,0,287,194,0,194,481
02/01/2000,PTK,MI,AGL,CE,Towers with Display (VFR),3,33,195,0,231,1,7,160,0,168,4,40,355,0,399,254,0,254,653
02/02/2000,PTK,MI,AGL,CE,Towers with Display (VFR),3,37,222,0,262,0,6,290,0,296,3,43,512,0,558,400,0,400,958
02/03/2000,PTK,MI,AGL,CE,Towers with Display (VFR),4,37,218,0,259,3,25,43,0,71,7,62,261,0,330,0,0,0,330
02/04/2000,PTK,MI,AGL,CE,Towers with Display (VFR),3,33,192,0,228,0,1,139,0,140,3,34,331,0,368,206,0,206,574
02/05/2000,PTK,MI,AGL,CE,Towers with Display (VFR),0,12,90,0,102,0,0,319,0,319,0,12,409,0,421,308,0,308,729
02/06/2000,PTK,MI,AGL,CE,Towers with Display (VFR),2,11,98,0,111,1,0,315,0,316,3,11,413,0,427,454,0,454,881
02/07/2000,PTK,MI,AGL,CE,Towers with Display (VFR),1,8,49,0,58,0,7,392,0,399,1,15,441,0,457,398,0,398,855
02/08/2000,PTK,MI,AGL,CE,Towers with Display (VFR),1,29,174,0,204,0,11,231,0,242,1,40,405,0,446,350,0,350,796
02/09/2000,PTK,MI,AGL,CE,Towers with Display (VFR),4,37,218,0,259,0,1,295,0,296,4,38,513,0,555,602,0,602,1157
02/10/2000,PTK,MI,AGL,CE,Towers with Display (VFR),2,36,214,0,252,0,0,82,0,82,2,36,296,0,334,54,0,54,388
02/11/2000,PTK,MI,AGL,CE,Towers with Display (VFR),3,32,191,0,226,1,10,214,0,225,4,42,405,0,451,318,0,318,769
02/12/2000,PTK,MI,AGL,CE,Towers with Display (VFR),0,11,118,0,129,0,0,453,0,453,0,11,571,0,582,640,0,640,1222
02/13/2000,PTK,MI,AGL,CE,Towers with Display (VFR),1,4,76,0,81,0,0,187,0,187,1,4,263,0,268,384,0,384,652
02/14/2000,PTK,MI,AGL,CE,Towers with Display (VFR),2,25,151,0,178,0,5,155,0,160,2,30,306,0,338,340,0,340,678
02/15/2000,PTK,MI,AGL,CE,Towers with Display (VFR),3,30,189,0,222,1,0,217,0,218,4,30,406,0,440,316,0,316,756
02/16/2000,PTK,MI,AGL,CE,Towers with Display (VFR),0,26,154,0,180,0,8,201,0,209,0,34,355,0,389,232,0,232,621
02/17/2000,PTK,MI,AGL,CE,Towers with Display (VFR),3,37,219,0,259,2,14,264,0,280,5,51,483,0,539,438,0,438,977
02/18/2000,PTK,MI,AGL,CE,Towers with Display (VFR),1,19,114,0,134,1,5,78,0,84,2,24,192,0,218,60,0,60,278
02/19/2000,PTK,MI,AGL,CE,Towers with Display (VFR),0,18,131,0,149,0,0,255,0,255,0,18,386,0,404,402,0,402,806
02/20/2000,PTK,MI,AGL,CE,Towers with Display (VFR),1,6,111,0,118,0,0,160,0,160,1,6,271,0,278,266,0,266,544
02/21/2000,PTK,MI,AGL,CE,Towers with Display (VFR),2,23,159,0,184,0,0,291,0,291,2,23,450,0,475,312,0,312,787
02/22/2000,PTK,MI,AGL,CE,Towers with Display (VFR),2,29,182,0,213,2,0,233,0,235,4,29,415,0,448,310,0,310,758
02/23/2000,PTK,MI,AGL,CE,Towers with Display (VFR),2,35,208,0,245,0,13,329,0,342,2,48,537,0,587,296,0,296,883
02/24/2000,PTK,MI,AGL,CE,Towers with Display (VFR),2,33,200,0,235,0,7,114,0,121,2,40,314,0,356,200,0,200,556
02/25/2000,PTK,MI,AGL,CE,Towers with Display (VFR),3,38,250,0,291,2,0,164,0,166,5,38,414,0,457,266,0,266,723
02/26/2000,PTK,MI,AGL,CE,Towers with Display (VFR),1,12,72,0,85,1,2,287,0,290,2,14,359,0,375,344,0,344,719
02/27/2000,PTK,MI,AGL,CE,Towers with Display (VFR),0,11,92,0,103,0,0,207,0,207,0,11,299,0,310,264,0,264,574
02/28/2000,PTK,MI,AGL,CE,Towers with Display (VFR),2,27,160,0,189,1,3,358,0,362,3,30,518,0,551,378,0,378,929
02/29/2000,PTK,MI,AGL,CE,Towers with Display (VFR),2,29,174,0,205,1,13,278,0,292,3,42,452,0,497,330,0,330,827
03/01/2000,PTK,MI,AGL,CE,Towers with Display (VFR),1,38,234,0,273,0,6,138,0,144,1,44,372,0,417,152,0,152,569
03/02/2000,PTK,MI,AGL,CE,Towers with Display (VFR),3,32,201,0,236,0,5,278,0,283,3,37,479,0,519,364,0,364,883
03/03/2000,PTK,MI,AGL,CE,Towers with Display (VFR),2,26,154,0,182,0,5,433,0,438,2,31,587,0,620,574,0,574,1194
03/04/2000,PTK,MI,AGL,CE,Towers with Display (VFR),0,12,92,0,104,0,0,692,0,692,0,12,784,0,796,798,0,798,1594
03/05/2000,PTK,MI,AGL,CE,Towers with Display (VFR),0,12,82,0,94,0,0,637,0,637,0,12,719,0,731,746,0,746,1477
03/06/2000,PTK,MI,AGL,CE,Towers with Display (VFR),2,22,156,0,180,0,0,371,0,371,2,22,527,0,551,518,0,518,1069
03/07/2000,PTK,MI,AGL,CE,Towers with Display (VFR),3,36,216,0,255,0,13,331,0,344,3,49,547,0,599,360,0,360,959
03/08/2000,PTK,MI,AGL,CE,Towers with Display (VFR),1,36,216,0,253,0,1,375,0,376,1,37,591,0,629,406,0,406,1035
03/09/2000,PTK,MI,AGL,CE,Towers with Display (VFR),3,24,194,0,221,1,0,234,0,235,4,24,428,0,456,202,0,202,658
03/10/2000,PTK,MI,AGL,CE,Towers with Display (VFR),3,32,194,0,229,0,1,179,0,180,3,33,373,0,409,232,0,232,641
03/11/2000,PTK,MI,AGL,CE,Towers with Display (VFR),1,16,97,0,114,0,2,265,0,267,1,18,362,0,381,686,0,686,1067
03/12/2000,PTK,MI,AGL,CE,Towers with Display (VFR),2,13,97,0,112,0,0,374,0,374,2,13,471,0,486,490,0,490,976
03/13/2000,PTK,MI,AGL,CE,Towers with Display (VFR),2,25,151,0,178,2,9,98,0,109,4,34,249,0,287,152,0,152,439
03/14/2000,PTK,MI,AGL,CE,Towers with Display (VFR),2,32,193,0,227,0,9,263,0,272,2,41,456,0,499,486,0,486,985
03/15/2000,PTK,MI,AGL,CE,Towers with Display (VFR),1,39,235,0,275,0,7,343,0,350,1,46,578,0,625,260,0,260,885
03/16/2000,PTK,MI,AGL,CE,Towers with Display (VFR),2,33,203,0,238,0,13,184,0,197,2,46,387,0,435,332,0,332,767
03/17/2000,PTK,MI,AGL,CE,Towers with Display (VFR),2,27,171,0,200,5,14,281,0,300,7,41,452,0,500,362,0,362,862
03/18/2000,PTK,MI,AGL,CE,Towers with Display (VFR),0,13,80,0,93,0,3,545,0,548,0,16,625,0,641,526,0,526,1167
03/19/2000,PTK,MI,AGL,CE,Towers with Display (VFR),0,6,109,0,115,0,0,206,0,206,0,6,315,0,321,304,0,304,625
03/20/2000,PTK,MI,AGL,CE,Towers with Display (VFR),2,17,195,0,214,0,0,126,0,126,2,17,321,0,340,122,0,122,462
03/21/2000,PTK,MI,AGL,CE,Towers with Display (VFR),2,38,232,0,272,0,13,124,0,137,2,51,356,0,409,168,0,168,577
03/22/2000,PTK,MI,AGL,CE,Towers with Display (VFR),2,32,196,0,230,0,10,301,0,311,2,42,497,0,541,558,0,558,1099
03/23/2000,PTK,MI,AGL,CE,Towers with Display (VFR),2,40,243,0,285,0,24,432,0,456,2,64,675,0,741,814,0,814,1555
03/24/2000,PTK,MI,AGL,CE,Towers with Display (VFR),2,29,180,0,211,0,4,409,0,413,2,33,589,0,624,638,0,638,1262
03/25/2000,PTK,MI,AGL,CE,Towers with Display (VFR),1,16,99,0,116,0,1,273,2,276,1,17,372,2,392,334,0,334,726
03/26/2000,PTK,MI,AGL,CE,Towers with Display (VFR),1,6,108,0,115,3,0,621,0,624,4,6,729,0,739,658,0,658,1397
03/27/2000,PTK,MI,AGL,CE,Towers with Display (VFR),1,20,146,0,167,1,0,220,0,221,2,20,366,0,388,298,0,298,686
03/28/2000,PTK,MI,AGL,CE,Towers with Display (VFR),2,27,171,0,200,0,18,234,0,252,2,45,405,0,452,280,0,280,732
03/29/2000,PTK,MI,AGL,CE,Towers with Display (VFR),1,33,203,0,237,0,13,230,0,243,1,46,433,0,480,380,0,380,860
03/30/2000,PTK,MI,AGL,CE,Towers with Display (VFR),2,29,179,0,210,0,5,412,0,417,2,34,591,0,627,582,0,582,1209
03/31/2000,PTK,MI,AGL,CE,Towers with Display (VFR),2,27,166,0,195,3,2,580,0,585,5,29,746,0,780,560,0,560,1340
04/01/2000,PTK,MI,AGL,CE,Towers with Display (VFR),0,0,0,0,0,2,15,517,0,534,2,15,517,0,534,556,0,556,1090
04/02/2000,PTK,MI,AGL,CE,Towers with Display (VFR),0,0,3,0,3,0,14,343,0,357,0,14,346,0,360,642,0,642,1002
04/03/2000,PTK,MI,AGL,CE,Towers with Display (VFR),1,5,26,0,32,1,29,325,0,355,2,34,351,0,387,304,0,304,691
04/04/2000,PTK,MI,AGL,CE,Towers with Display (VFR),1,4,20,0,25,1,42,252,0,295,2,46,272,0,320,140,0,140,460
04/05/2000,PTK,MI,AGL,CE,Towers with Display (VFR),0,0,0,0,0,3,29,613,0,645,3,29,613,0,645,502,0,502,1147
04/06/2000,PTK,MI,AGL,CE,Towers with Display (VFR),0,0,0,0,0,2,51,364,0,417,2,51,364,0,417,14,0,14,431
04/07/2000,PTK,MI,AGL,CE,Towers with Display (VFR),0,5,19,0,24,2,36,456,0,494,2,41,475,0,518,700,0,700,1218
04/08/2000,PTK,MI,AGL,CE,Towers with Display (VFR),0,2,7,0,9,0,14,169,0,183,0,16,176,0,192,152,0,152,344
04/09/2000,PTK,MI,AGL,CE,Towers with Display (VFR),0,0,0,0,0,0,8,248,0,256,0,8,248,0,256,350,0,350,606
04/10/2000,PTK,MI,AGL,CE,Towers with Display (VFR),0,0,0,0,0,2,27,456,0,485,2,27,456,0,485,530,0,530,1015
04/11/2000,PTK,MI,AGL,CE,Towers with Display (VFR),1,15,67,0,83,3,27,214,0,244,4,42,281,0,327,66,0,66,393
04/12/2000,PTK,MI,AGL,CE,Towers with Display (VFR),0,0,0,0,0,1,42,683,0,726,1,42,683,0,726,608,0,608,1334
04/13/2000,PTK,MI,AGL,CE,Towers with Display (VFR),0,0,0,0,0,4,24,499,0,527,4,24,499,0,527,434,0,434,961
04/14/2000,PTK,MI,AGL,CE,Towers with Display (VFR),0,0,0,0,0,4,28,524,0,556,4,28,524,0,556,438,0,438,994
04/15/2000,PTK,MI,AGL,CE,Towers with Display (VFR),0,0,0,0,0,2,21,592,0,615,2,21,592,0,615,808,0,808,1423
04/16/2000,PTK,MI,AGL,CE,Towers with Display (VFR),0,0,0,0,0,1,13,424,0,438,1,13,424,0,438,620,0,620,1058
04/17/2000,PTK,MI,AGL,CE,Towers with Display (VFR),0,1,1,0,2,6,45,352,0,403,6,46,353,0,405,278,0,278,683
04/18/2000,PTK,MI,AGL,CE,Towers with Display (VFR),0,3,17,0,20,6,51,486,0,543,6,54,503,0,563,582,0,582,1145
04/19/2000,PTK,MI,AGL,CE,Towers with Display (VFR),0,8,36,0,44,3,38,399,0,440,3,46,435,0,484,454,0,454,938
04/20/2000,PTK,MI,AGL,CE,Towers with Display (VFR),1,10,52,0,63,6,16,76,0,98,7,26,128,0,161,0,0,0,161
04/21/2000,PTK,MI,AGL,CE,Towers with Display (VFR),0,11,57,0,68,0,4,94,0,98,0,15,151,0,166,2,0,2,168
04/22/2000,PTK,MI,AGL,CE,Towers with Display (VFR),0,0,0,0,0,0,7,521,0,528,0,7,521,0,528,618,0,618,1146
04/23/2000,PTK,MI,AGL,CE,Towers with Display (VFR),0,0,0,0,0,1,1,305,0,307,1,1,305,0,307,278,0,278,585
04/24/2000,PTK,MI,AGL,CE,Towers with Display (VFR),0,0,0,0,0,0,17,469,0,486,0,17,469,0,486,494,0,494,980
04/25/2000,PTK,MI,AGL,CE,Towers with Display (VFR),0,0,0,0,0,0,40,493,0,533,0,40,493,0,533,484,0,484,1017
04/26/2000,PTK,MI,AGL,CE,Towers with Display (VFR),0,0,0,0,0,2,29,655,0,686,2,29,655,0,686,416,0,416,1102
04/27/2000,PTK,MI,AGL,CE,Towers with Display (VFR),0,0,0,0,0,1,40,726,0,767,1,40,726,0,767,780,0,780,1547
04/28/2000,PTK,MI,AGL,CE,Towers with Display (VFR),0,0,0,0,0,3,30,719,0,752,3,30,719,0,752,806,0,806,1558
04/29/2000,PTK,MI,AGL,CE,Towers with Display (VFR),0,0,0,0,0,3,8,671,0,682,3,8,671,0,682,786,0,786,1468
04/30/2000,PTK,MI,AGL,CE,Towers with Display (VFR),0,0,0,0,0,1,14,739,0,754,1,14,739,0,754,882,0,882,1636
05/01/2000,PTK,MI,AGL,CE,Towers with Display (VFR),1,24,172,0,197,0,0,134,0,134,1,24,306,0,331,202,0,202,533
05/02/2000,PTK,MI,AGL,CE,Towers with Display (VFR),0,35,224,0,259,0,6,280,0,286,0,41,504,0,545,586,0,586,1131
05/03/2000,PTK,MI,AGL,CE,Towers with Display (VFR),0,30,184,0,214,0,10,436,2,448,0,40,620,2,662,642,0,642,1304
05/04/2000,PTK,MI,AGL,CE,Towers with Display (VFR),2,35,216,0,253,0,11,352,0,363,2,46,568,0,616,530,0,530,1146
05/05/2000,PTK,MI,AGL,CE,Towers with Display (VFR),2,28,175,0,205,0,1,413,0,414,2,29,588,0,619,554,0,554,1173
05/06/2000,PTK,MI,AGL,CE,Towers with Display (VFR),0,17,111,0,128,0,0,469,0,469,0,17,580,0,597,672,0,672,1269
05/07/2000,PTK,MI,AGL,CE,Towers with Display (VFR),2,14,119,0,135,0,0,422,0,422,2,14,541,0,557,908,0,908,1465
05/08/2000,PTK,MI,AGL,CE,Towers with Display (VFR),2,25,164,0,191,4,0,168,0,172,6,25,332,0,363,316,0,316,679
05/09/2000,PTK,MI,AGL,CE,Towers with Display (VFR),2,37,231,0,270,2,4,168,0,174,4,41,399,0,444,454,0,454,898
05/10/2000,PTK,MI,AGL,CE,Towers with Display (VFR),2,35,220,0,257,1,15,269,0,285,3,50,489,0,542,436,0,436,978
05/11/2000,PTK,MI,AGL,CE,Towers with Display (VFR),2,37,234,0,273,0,5,271,0,276,2,42,505,0,549,518,0,518,1067
05/12/2000,PTK,MI,AGL,CE,Towers with Display (VFR),2,30,189,0,221,0,15,204,0,219,2,45,393,0,440,542,0,542,982
05/13/2000,PTK,MI,AGL,CE,Towers with Display (VFR),0,8,92,0,100,0,0,319,0,319,0,8,411,0,419,554,0,554,973
05/14/2000,PTK,MI,AGL,CE,Towers with Display (VFR),0,14,115,0,129,0,0,260,0,260,0,14,375,0,389,394,0,394,783
05/15/2000,PTK,MI,AGL,CE,Towers with Display (VFR),2,24,162,0,188,1,0,386,0,387,3,24,548,0,575,670,0,670,1245
05/16/2000,PTK,MI,AGL,CE,Towers with Display (VFR),2,39,247,0,288,0,9,129,0,138,2,48,376,0,426,304,0,304,730
05/17/2000,PTK,MI,AGL,CE,Towers with Display (VFR),0,44,274,0,318,0,11,284,0,295,0,55,558,0,613,664,0,664,1277
05/18/2000,PTK,MI,AGL,CE,Towers with Display (VFR),2,33,208,0,243,0,1,59,0,60,2,34,267,0,303,4,0,4,307
05/19/2000,PTK,MI,AGL,CE,Towers with Display (VFR),2,46,290,0,338,0,12,123,0,135,2,58,413,0,473,272,0,272,745
05/20/2000,PTK,MI,AGL,CE,Towers with Display (VFR),0,21,137,0,158,0,3,520,0,523,0,24,657,0,681,1078,0,1078,1759
05/21/2000,PTK,MI,AGL,CE,Towers with Display (VFR),0,12,131,0,143,0,0,546,0,546,0,12,677,0,689,814,0,814,1503
05/22/2000,PTK,MI,AGL,CE,Towers with Display (VFR),1,23,170,0,194,1,0,267,0,268,2,23,437,0,462,586,0,586,1048
05/23/2000,PTK,MI,AGL,CE,Towers with Display (VFR),1,37,232,0,270,1,2,178,0,181,2,39,410,0,451,336,0,336,787
05/24/2000,PTK,MI,AGL,CE,Towers with Display (VFR),0,29,183,0,212,0,6,326,0,332,0,35,509,0,544,554,0,554,1098
05/25/2000,PTK,MI,AGL,CE,Towers with Display (VFR),1,34,211,0,246,1,13,353,0,367,2,47,564,0,613,524,0,524,1137
05/26/2000,PTK,MI,AGL,CE,Towers with Display (VFR),1,31,193,0,225,1,13,415,1,430,2,44,608,1,655,818,0,818,1473
05/27/2000,PTK,MI,AGL,CE,Towers with Display (VFR),0,7,82,0,89,0,0,240,0,240,0,7,322,0,329,590,0,590,919
05/28/2000,PTK,MI,AGL,CE,Towers with Display (VFR),0,6,85,0,91,0,0,140,0,140,0,6,225,0,231,256,0,256,487
05/29/2000,PTK,MI,AGL,CE,Towers with Display (VFR),0,5,105,0,110,2,0,410,4,416,2,5,515,4,526,580,0,580,1106
05/30/2000,PTK,MI,AGL,CE,Towers with Display (VFR),1,28,178,0,207,5,1,312,0,318,6,29,490,0,525,444,0,444,969
05/31/2000,PTK,MI,AGL,CE,Towers with Display (VFR),0,35,217,0,252,0,3,209,0,212,0,38,426,0,464,476,0,476,940
06/01/2000,PTK,MI,AGL,CE,Towers with Display (VFR),3,43,239,0,285,1,0,241,0,242,4,43,480,0,527,490,0,490,1017
06/02/2000,PTK,MI,AGL,CE,Towers with Display (VFR),2,40,209,0,251,2,9,228,0,239,4,49,437,0,490,470,0,470,960
06/03/2000,PTK,MI,AGL,CE,Towers with Display (VFR),0,19,123,0,142,0,0,568,0,568,0,19,691,0,710,618,0,618,1328
06/04/2000,PTK,MI,AGL,CE,Towers with Display (VFR),0,15,131,0,146,0,0,523,0,523,0,15,654,0,669,736,0,736,1405
06/05/2000,PTK,MI,AGL,CE,Towers with Display (VFR),2,38,203,0,243,0,0,188,0,188,2,38,391,0,431,342,0,342,773
06/06/2000,PTK,MI,AGL,CE,Towers with Display (VFR),2,43,230,0,275,0,10,397,0,407,2,53,627,0,682,354,0,354,1036
06/07/2000,PTK,MI,AGL,CE,Towers with Display (VFR),0,42,229,0,271,0,13,490,0,503,0,55,719,0,774,848,0,848,1622
06/08/2000,PTK,MI,AGL,CE,Towers with Display (VFR),3,41,223,0,267,0,7,397,0,404,3,48,620,0,671,542,0,542,1213
06/09/2000,PTK,MI,AGL,CE,Towers with Display (VFR),2,39,204,0,245,2,1,427,0,430,4,40,631,0,675,642,0,642,1317
06/10/2000,PTK,MI,AGL,CE,Towers with Display (VFR),0,12,98,0,110,0,0,458,0,458,0,12,556,0,568,534,0,534,1102
06/11/2000,PTK,MI,AGL,CE,Towers with Display (VFR),0,10,114,0,124,0,0,190,0,190,0,10,304,0,314,450,0,450,764
06/12/2000,PTK,MI,AGL,CE,Towers with Display (VFR),2,34,252,0,288,0,0,0,0,0,2,34,252,0,288,0,0,0,288
06/13/2000,PTK,MI,AGL,CE,Towers with Display (VFR),2,44,233,0,279,0,12,189,0,201,2,56,422,0,480,466,0,466,946
06/14/2000,PTK,MI,AGL,CE,Towers with Display (VFR),1,38,198,0,237,1,12,184,0,197,2,50,382,0,434,396,0,396,830
06/15/2000,PTK,MI,AGL,CE,Towers with Display (VFR),2,47,249,0,298,8,6,362,0,376,10,53,611,0,674,678,0,678,1352
06/16/2000,PTK,MI,AGL,CE,Towers with Display (VFR),2,39,219,0,260,4,0,261,0,265,6,39,480,0,525,344,0,344,869
06/17/2000,PTK,MI,AGL,CE,Towers with Display (VFR),0,19,110,0,129,0,0,459,0,459,0,19,569,0,588,690,0,690,1278
06/18/2000,PTK,MI,AGL,CE,Towers with Display (VFR),1,11,154,0,166,0,0,323,0,323,1,11,477,0,489,688,0,688,1177
06/19/2000,PTK,MI,AGL,CE,Towers with Display (VFR),1,38,210,0,249,2,0,541,0,543,3,38,751,0,792,808,0,808,1600
06/20/2000,PTK,MI,AGL,CE,Towers with Display (VFR),2,48,261,0,311,0,15,269,0,284,2,63,530,0,595,378,0,378,973
06/21/2000,PTK,MI,AGL,CE,Towers with Display (VFR),0,49,262,0,311,0,12,265,0,277,0,61,527,0,588,404,0,404,992
06/22/2000,PTK,MI,AGL,CE,Towers with Display (VFR),1,45,241,0,287,0,19,315,0,334,1,64,556,0,621,428,0,428,1049
06/23/2000,PTK,MI,AGL,CE,Towers with Display (VFR),2,40,219,0,261,3,31,399,0,433,5,71,618,0,694,834,0,834,1528
06/24/2000,PTK,MI,AGL,CE,Towers with Display (VFR),0,19,98,0,117,0,11,336,0,347,0,30,434,0,464,580,0,580,1044
06/25/2000,PTK,MI,AGL,CE,Towers with Display (VFR),0,8,153,0,161,0,0,258,0,258,0,8,411,0,419,402,0,402,821
06/26/2000,PTK,MI,AGL,CE,Towers with Display (VFR),0,36,191,0,227,0,6,220,0,226,0,42,411,0,453,378,0,378,831
06/27/2000,PTK,MI,AGL,CE,Towers with Display (VFR),1,36,194,0,231,1,36,376,0,413,2,72,570,0,644,652,0,652,1296
06/28/2000,PTK,MI,AGL,CE,Towers with Display (VFR),0,47,256,0,303,0,12,364,0,376,0,59,620,0,679,650,0,650,1329
06/29/2000,PTK,MI,AGL,CE,Towers with Display (VFR),2,42,225,0,269,1,2,300,0,303,3,44,525,0,572,704,0,704,1276
06/30/2000,PTK,MI,AGL,CE,Towers with Display (VFR),2,44,236,0,282,0,11,377,2,390,2,55,613,2,672,788,0,788,1460
07/01/2000,PTK,MI,AGL,CE,Towers with Display (VFR),0,11,78,0,89,0,1,338,0,339,0,12,416,0,428,624,0,624,1052
07/02/2000,PTK,MI,AGL,CE,Towers with Display (VFR),1,4,56,0,61,1,0,257,0,258,2,4,313,0,319,452,0,452,771
07/03/2000,PTK,MI,AGL,CE,Towers with Display (VFR),1,3,82,0,86,1,0,51,0,52,2,3,133,0,138,158,0,158,296
07/04/2000,PTK,MI,AGL,CE,Towers with Display (VFR),1,4,93,0,98,1,0,180,0,181,2,4,273,0,279,252,0,252,531
07/05/2000,PTK,MI,AGL,CE,Towers with Display (VFR),2,19,130,0,151,0,4,359,0,363,2,23,489,0,514,404,0,404,918
07/06/2000,PTK,MI,AGL,CE,Towers with Display (VFR),2,22,147,0,171,0,3,226,0,229,2,25,373,0,400,488,0,488,888
07/07/2000,PTK,MI,AGL,CE,Towers with Display (VFR),2,20,134,0,156,0,16,354,0,370,2,36,488,0,526,654,0,654,1180
07/08/2000,PTK,MI,AGL,CE,Towers with Display (VFR),0,8,83,0,91,0,0,377,0,377,0,8,460,0,468,606,0,606,1074
07/09/2000,PTK,MI,AGL,CE,Towers with Display (VFR),2,18,120,0,140,2,137,2,0,141,4,155,122,0,281,264,0,264,545
07/10/2000,PTK,MI,AGL,CE,Towers with Display (VFR),1,22,156,0,179,0,0,150,0,150,1,22,306,0,329,442,0,442,771
07/11/2000,PTK,MI,AGL,CE,Towers with Display (VFR),2,28,185,0,215,0,9,350,0,359,2,37,535,0,574,588,0,588,1162
07/12/2000,PTK,MI,AGL,CE,Towers with Display (VFR),0,33,219,0,252,0,13,364,0,377,0,46,583,0,629,802,0,802,1431
07/13/2000,PTK,MI,AGL,CE,Towers with Display (VFR),2,29,188,0,219,0,0,296,0,296,2,29,484,0,515,630,0,630,1145
07/14/2000,PTK,MI,AGL,CE,Towers with Display (VFR),2,27,181,0,210,0,0,162,1,163,2,27,343,1,373,330,0,330,703
07/15/2000,PTK,MI,AGL,CE,Towers with Display (VFR),0,6,130,0,136,0,0,134,0,134,0,6,264,0,270,356,0,356,626
07/16/2000,PTK,MI,AGL,CE,Towers with Display (VFR),1,15,156,1,173,2,0,193,0,195,3,15,349,1,368,456,0,456,824
07/17/2000,PTK,MI,AGL,CE,Towers with Display (VFR),1,19,171,0,191,2,0,452,0,454,3,19,623,0,645,360,0,360,1005
07/18/2000,PTK,MI,AGL,CE,Towers with Display (VFR),2,31,209,0,242,1,10,308,0,319,3,41,517,0,561,752,0,752,1313
07/19/2000,PTK,MI,AGL,CE,Towers with Display (VFR),0,30,206,0,236,0,13,311,0,324,0,43,517,0,560,712,0,712,1272
07/20/2000,PTK,MI,AGL,CE,Towers with Display (VFR),2,35,230,0,267,1,10,366,0,377,3,45,596,0,644,746,0,746,1390
07/21/2000,PTK,MI,AGL,CE,Towers with Display (VFR),2,33,222,0,257,2,17,297,3,319,4,50,519,3,576,560,0,560,1136
07/22/2000,PTK,MI,AGL,CE,Towers with Display (VFR),0,15,100,0,115,0,7,406,0,413,0,22,506,0,528,612,0,612,1140
07/23/2000,PTK,MI,AGL,CE,Towers with Display (VFR),1,22,147,0,170,2,0,310,0,312,3,22,457,0,482,588,0,588,1070
07/24/2000,PTK,MI,AGL,CE,Towers with Display (VFR),1,28,187,0,216,0,8,327,0,335,1,36,514,0,551,616,0,616,1167
07/25/2000,PTK,MI,AGL,CE,Towers with Display (VFR),2,32,213,0,247,0,28,268,0,296,2,60,481,0,543,600,0,600,1143
07/26/2000,PTK,MI,AGL,CE,Towers with Display (VFR),1,39,260,0,300,0,21,178,0,199,1,60,438,0,499,488,0,488,987
07/27/2000,PTK,MI,AGL,CE,Towers with Display (VFR),2,38,252,0,292,0,25,168,0,193,2,63,420,0,485,498,0,498,983
07/28/2000,PTK,MI,AGL,CE,Towers with Display (VFR),2,30,202,0,234,2,30,39,0,71,4,60,241,0,305,160,0,160,465
07/29/2000,PTK,MI,AGL,CE,Towers with Display (VFR),0,18,125,0,143,0,0,50,0,50,0,18,175,0,193,216,0,216,409
07/30/2000,PTK,MI,AGL,CE,Towers with Display (VFR),0,13,145,0,158,0,0,23,0,23,0,13,168,0,181,36,0,36,217
07/31/2000,PTK,MI,AGL,CE,Towers with Display (VFR),0,32,214,0,246,0,4,97,0,101,0,36,311,0,347,370,0,370,717
08/01/2000,PTK,MI,AGL,CE,Towers with Display (VFR),1,50,262,0,313,0,18,256,0,274,1,68,518,0,587,486,0,486,1073
08/02/2000,PTK,MI,AGL,CE,Towers with Display (VFR),0,37,202,0,239,0,21,188,0,209,0,58,390,0,448,382,0,382,830
08/03/2000,PTK,MI,AGL,CE,Towers with Display (VFR),2,43,258,0,303,0,0,138,0,138,2,43,396,0,441,822,0,822,1263
08/04/2000,PTK,MI,AGL,CE,Towers with Display (VFR),2,38,202,0,242,0,18,471,0,489,2,56,673,0,731,820,0,820,1551
08/05/2000,PTK,MI,AGL,CE,Towers with Display (VFR),0,21,112,0,133,0,0,612,0,612,0,21,724,0,745,1044,0,1044,1789
08/06/2000,PTK,MI,AGL,CE,Towers with Display (VFR),0,16,159,0,175,0,0,165,0,165,0,16,324,0,340,272,0,272,612
08/07/2000,PTK,MI,AGL,CE,Towers with Display (VFR),2,37,194,0,233,0,4,361,4,369,2,41,555,4,602,536,0,536,1138
08/08/2000,PTK,MI,AGL,CE,Towers with Display (VFR),1,38,202,0,241,0,18,288,2,308,1,56,490,2,549,516,0,516,1065
08/09/2000,PTK,MI,AGL,CE,Towers with Display (VFR),2,44,230,0,276,0,17,259,2,278,2,61,489,2,554,632,0,632,1186
08/10/2000,PTK,MI,AGL,CE,Towers with Display (VFR),3,53,271,0,327,1,9,296,0,306,4,62,567,0,633,876,0,876,1509
08/11/2000,PTK,MI,AGL,CE,Towers with Display (VFR),3,41,216,0,260,1,1,297,1,300,4,42,513,1,560,624,0,624,1184
08/12/2000,PTK,MI,AGL,CE,Towers with Display (VFR),1,11,73,0,85,2,0,514,0,516,3,11,587,0,601,708,0,708,1309
08/13/2000,PTK,MI,AGL,CE,Towers with Display (VFR),1,8,121,0,130,0,0,460,0,460,1,8,581,0,590,954,0,954,1544
08/14/2000,PTK,MI,AGL,CE,Towers with Display (VFR),1,33,172,0,206,0,2,382,0,384,1,35,554,0,590,748,0,748,1338
08/15/2000,PTK,MI,AGL,CE,Towers with Display (VFR),2,33,182,0,217,1,0,259,0,260,3,33,441,0,477,538,0,538,1015
08/16/2000,PTK,MI,AGL,CE,Towers with Display (VFR),2,42,217,0,261,0,10,475,0,485,2,52,692,0,746,844,0,844,1590
08/17/2000,PTK,MI,AGL,CE,Towers with Display (VFR),3,52,267,0,322,0,40,130,0,170,3,92,397,0,492,394,0,394,886
08/18/2000,PTK,MI,AGL,CE,Towers with Display (VFR),2,46,236,0,284,10,39,309,0,358,12,85,545,0,642,810,0,810,1452
08/19/2000,PTK,MI,AGL,CE,Towers with Display (VFR),1,18,95,0,114,3,4,444,0,451,4,22,539,0,565,642,0,642,1207
08/20/2000,PTK,MI,AGL,CE,Towers with Display (VFR),1,11,119,0,131,1,0,637,0,638,2,11,756,0,769,1002,0,1002,1771
08/21/2000,PTK,MI,AGL,CE,Towers with Display (VFR),1,25,182,0,208,1,0,401,0,402,2,25,583,0,610,798,0,798,1408
08/22/2000,PTK,MI,AGL,CE,Towers with Display (VFR),2,44,230,0,276,0,20,330,0,350,2,64,560,0,626,798,0,798,1424
08/23/2000,PTK,MI,AGL,CE,Towers with Display (VFR),1,51,262,0,314,0,5,320,0,325,1,56,582,0,639,638,0,638,1277
08/24/2000,PTK,MI,AGL,CE,Towers with Display (VFR),2,45,233,0,280,1,21,464,0,486,3,66,697,0,766,796,0,796,1562
08/25/2000,PTK,MI,AGL,CE,Towers with Display (VFR),2,37,198,0,237,0,12,318,0,330,2,49,516,0,567,816,0,816,1383
08/26/2000,PTK,MI,AGL,CE,Towers with Display (VFR),0,18,94,0,112,0,2,370,0,372,0,20,464,0,484,766,0,766,1250
08/27/2000,PTK,MI,AGL,CE,Towers with Display (VFR),1,22,147,0,170,1,0,318,4,323,2,22,465,4,493,1298,0,1298,1791
08/28/2000,PTK,MI,AGL,CE,Towers with Display (VFR),2,41,216,0,259,0,3,265,0,268,2,44,481,0,527,524,0,524,1051
08/29/2000,PTK,MI,AGL,CE,Towers with Display (VFR),2,46,241,0,289,0,21,328,0,349,2,67,569,0,638,518,0,518,1156
08/30/2000,PTK,MI,AGL,CE,Towers with Display (VFR),0,48,252,0,300,0,15,368,0,383,0,63,620,0,683,694,0,694,1377
08/31/2000,PTK,MI,AGL,CE,Towers with Display (VFR),2,48,249,0,299,0,4,384,0,388,2,52,633,0,687,584,0,584,1271
09/01/2000,PTK,MI,AGL,CE,Towers with Display (VFR),3,40,207,0,250,5,16,342,0,363,8,56,549,0,613,586,0,586,1199
09/02/2000,PTK,MI,AGL,CE,Towers with Display (VFR),0,3,94,0,97,0,0,188,0,188,0,3,282,0,285,362,0,362,647
09/03/2000,PTK,MI,AGL,CE,Towers with Display (VFR),0,8,88,0,96,0,0,151,0,151,0,8,239,0,247,242,0,242,489
09/04/2000,PTK,MI,AGL,CE,Towers with Display (VFR),2,18,158,0,178,0,0,251,0,251,2,18,409,0,429,228,0,228,657
09/05/2000,PTK,MI,AGL,CE,Towers with Display (VFR),0,36,191,0,227,0,14,323,0,337,0,50,514,0,564,546,0,546,1110
09/06/2000,PTK,MI,AGL,CE,Towers with Display (VFR),0,43,224,0,267,0,27,424,0,451,0,70,648,0,718,634,0,634,1352
09/07/2000,PTK,MI,AGL,CE,Towers with Display (VFR),4,44,246,0,294,0,0,460,0,460,4,44,706,0,754,678,0,678,1432
09/08/2000,PTK,MI,AGL,CE,Towers with Display (VFR),2,51,266,0,319,0,5,257,0,262,2,56,523,0,581,526,0,526,1107
09/09/2000,PTK,MI,AGL,CE,Towers with Display (VFR),0,14,152,0,166,0,0,234,6,240,0,14,386,6,406,492,0,492,898
09/10/2000,PTK,MI,AGL,CE,Towers with Display (VFR),2,18,129,0,149,0,0,79,0,79,2,18,208,0,228,120,0,120,348
09/11/2000,PTK,MI,AGL,CE,Towers with Display (VFR),2,44,229,0,275,0,3,0,0,3,2,47,229,0,278,0,0,0,278
09/12/2000,PTK,MI,AGL,CE,Towers with Display (VFR),2,44,228,0,274,0,13,238,0,251,2,57,466,0,525,428,0,428,953
09/13/2000,PTK,MI,AGL,CE,Towers with Display (VFR),1,46,244,0,291,0,0,469,0,469,1,46,713,0,760,732,0,732,1492
09/14/2000,PTK,MI,AGL,CE,Towers with Display (VFR),2,49,260,0,311,0,3,116,0,119,2,52,376,0,430,208,0,208,638
09/15/2000,PTK,MI,AGL,CE,Towers with Display (VFR),2,42,220,0,264,0,26,306,0,332,2,68,526,0,596,340,0,340,936
09/16/2000,PTK,MI,AGL,CE,Towers with Display (VFR),1,12,103,0,116,1,0,381,0,382,2,12,484,0,498,390,0,390,888
09/17/2000,PTK,MI,AGL,CE,Towers with Display (VFR),1,15,113,0,129,5,0,352,0,357,6,15,465,0,486,468,0,468,954
09/18/2000,PTK,MI,AGL,CE,Towers with Display (VFR),2,31,163,0,196,0,18,372,0,390,2,49,535,0,586,506,0,506,1092
09/19/2000,PTK,MI,AGL,CE,Towers with Display (VFR),2,32,168,0,202,0,20,294,0,314,2,52,462,0,516,498,0,498,1014
09/20/2000,PTK,MI,AGL,CE,Towers with Display (VFR),2,34,178,0,214,0,13,223,0,236,2,47,401,0,450,410,0,410,860
09/21/2000,PTK,MI,AGL,CE,Towers with Display (VFR),2,41,215,0,258,3,19,319,0,341,5,60,534,0,599,618,0,618,1217
09/22/2000,PTK,MI,AGL,CE,Towers with Display (VFR),2,37,193,0,232,0,20,362,0,382,2,57,555,0,614,504,0,504,1118
09/23/2000,PTK,MI,AGL,CE,Towers with Display (VFR),0,22,114,0,136,0,4,150,0,154,0,26,264,0,290,346,0,346,636
09/24/2000,PTK,MI,AGL,CE,Towers with Display (VFR),1,11,158,0,170,4,0,321,0,325,5,11,479,0,495,656,0,656,1151
09/25/2000,PTK,MI,AGL,CE,Towers with Display (VFR),2,31,167,0,200,1,21,316,0,338,3,52,483,0,538,470,0,470,1008
09/26/2000,PTK,MI,AGL,CE,Towers with Display (VFR),2,31,163,0,196,0,14,444,1,459,2,45,607,1,655,796,0,796,1451
09/27/2000,PTK,MI,AGL,CE,Towers with Display (VFR),0,34,178,0,212,0,24,320,3,347,0,58,498,3,559,570,0,570,1129
09/28/2000,PTK,MI,AGL,CE,Towers with Display (VFR),2,37,198,0,237,1,48,363,0,412,3,85,561,0,649,528,0,528,1177
09/29/2000,PTK,MI,AGL,CE,Towers with Display (VFR),2,30,161,0,193,1,19,410,0,430,3,49,571,0,623,472,0,472,1095
09/30/2000,PTK,MI,AGL,CE,Towers with Display (VFR),0,11,64,0,75,3,0,418,0,421,3,11,482,0,496,710,0,710,1206
10/01/2000,PTK,MI,AGL,CE,Towers with Display (VFR),2,23,123,0,148,3,0,359,0,362,5,23,482,0,510,396,0,396,906
10/02/2000,PTK,MI,AGL,CE,Towers with Display (VFR),3,35,182,0,220,1,14,262,0,277,4,49,444,0,497,412,0,412,909
10/03/2000,PTK,MI,AGL,CE,Towers with Display (VFR),4,44,229,0,277,2,41,310,0,353,6,85,539,0,630,650,0,650,1280
10/04/2000,PTK,MI,AGL,CE,Towers with Display (VFR),1,47,240,0,288,0,14,244,0,258,1,61,484,0,546,490,0,490,1036
10/05/2000,PTK,MI,AGL,CE,Towers with Display (VFR),1,47,240,0,288,0,18,196,0,214,1,65,436,0,502,270,0,270,772
10/06/2000,PTK,MI,AGL,CE,Towers with Display (VFR),3,44,222,0,269,1,7,195,0,203,4,51,417,0,472,320,0,320,792
10/07/2000,PTK,MI,AGL,CE,Towers with Display (VFR),2,16,95,0,113,0,0,280,0,280,2,16,375,0,393,442,0,442,835
10/08/2000,PTK,MI,AGL,CE,Towers with Display (VFR),2,9,138,0,149,3,0,182,0,185,5,9,320,0,334,424,0,424,758
10/09/2000,PTK,MI,AGL,CE,Towers with Display (VFR),3,35,179,0,217,0,3,265,0,268,3,38,444,0,485,562,0,562,1047
10/10/2000,PTK,MI,AGL,CE,Towers with Display (VFR),3,40,206,0,249,0,12,353,0,365,3,52,559,0,614,594,0,594,1208
10/11/2000,PTK,MI,AGL,CE,Towers with Display (VFR),0,45,226,0,271,0,6,384,0,390,0,51,610,0,661,836,0,836,1497
10/12/2000,PTK,MI,AGL,CE,Towers with Display (VFR),2,37,228,0,267,0,0,481,1,482,2,37,709,1,749,702,0,702,1451
10/13/2000,PTK,MI,AGL,CE,Towers with Display (VFR),3,35,182,0,220,1,8,306,0,315,4,43,488,0,535,478,0,478,1013
10/14/2000,PTK,MI,AGL,CE,Towers with Display (VFR),0,21,105,0,126,0,1,313,0,314,0,22,418,0,440,442,0,442,882
10/15/2000,PTK,MI,AGL,CE,Towers with Display (VFR),2,19,181,0,202,0,0,314,0,314,2,19,495,0,516,582,0,582,1098
10/16/2000,PTK,MI,AGL,CE,Towers with Display (VFR),2,28,199,0,229,1,0,112,0,113,3,28,311,0,342,216,0,216,558
10/17/2000,PTK,MI,AGL,CE,Towers with Display (VFR),2,48,244,0,294,0,9,192,0,201,2,57,436,0,495,338,0,338,833
10/18/2000,PTK,MI,AGL,CE,Towers with Display (VFR),0,42,215,0,257,0,10,260,0,270,0,52,475,0,527,578,0,578,1105
10/19/2000,PTK,MI,AGL,CE,Towers with Display (VFR),1,47,241,0,289,0,12,359,0,371,1,59,600,0,660,584,0,584,1244
10/20/2000,PTK,MI,AGL,CE,Towers with Display (VFR),2,43,221,0,266,0,14,339,0,353,2,57,560,0,619,430,0,430,1049
10/21/2000,PTK,MI,AGL,CE,Towers with Display (VFR),0,7,102,0,109,0,0,481,0,481,0,7,583,0,590,548,0,548,1138
10/22/2000,PTK,MI,AGL,CE,Towers with Display (VFR),1,7,106,0,114,1,0,385,0,386,2,7,491,0,500,502,0,502,1002
10/23/2000,PTK,MI,AGL,CE,Towers with Display (VFR),1,27,140,0,168,3,12,326,0,341,4,39,466,0,509,410,0,410,919
10/24/2000,PTK,MI,AGL,CE,Towers with Display (VFR),2,45,223,0,270,4,0,0,0,4,6,45,223,0,274,0,0,0,274
10/25/2000,PTK,MI,AGL,CE,Towers with Display (VFR),0,44,231,0,275,0,0,108,0,108,0,44,339,0,383,398,0,398,781
10/26/2000,PTK,MI,AGL,CE,Towers with Display (VFR),2,46,238,0,286,0,31,92,0,123,2,77,330,0,409,300,0,300,709
10/27/2000,PTK,MI,AGL,CE,Towers with Display (VFR),2,40,204,0,246,1,18,120,0,139,3,58,324,0,385,264,0,264,649
10/28/2000,PTK,MI,AGL,CE,Towers with Display (VFR),1,19,103,0,123,1,0,261,0,262,2,19,364,0,385,380,0,380,765
10/29/2000,PTK,MI,AGL,CE,Towers with Display (VFR),1,8,99,0,108,3,0,412,0,415,4,8,511,0,523,614,0,614,1137
10/30/2000,PTK,MI,AGL,CE,Towers with Display (VFR),0,25,130,0,155,0,9,278,0,287,0,34,408,0,442,544,0,544,986
10/31/2000,PTK,MI,AGL,CE,Towers with Display (VFR),1,30,152,0,183,1,13,260,0,274,2,43,412,0,457,354,0,354,811
11/01/2000,PTK,MI,AGL,CE,Towers with Display (VFR),0,32,218,0,250,0,23,348,0,371,0,55,566,0,621,550,0,550,1171
11/02/2000,PTK,MI,AGL,CE,Towers with Display (VFR),3,39,260,0,302,0,30,343,1,374,3,69,603,1,676,470,0,470,1146
11/03/2000,PTK,MI,AGL,CE,Towers with Display (VFR),4,32,209,0,245,0,48,338,584,970,4,80,547,584,1215,0,0,0,1215
11/04/2000,PTK,MI,AGL,CE,Towers with Display (VFR),2,19,118,0,139,1,5,378,0,384,3,24,496,0,523,640,0,640,1163
11/05/2000,PTK,MI,AGL,CE,Towers with Display (VFR),2,15,129,0,146,2,0,494,0,496,4,15,623,0,642,586,0,586,1228
11/06/2000,PTK,MI,AGL,CE,Towers with Display (VFR),2,29,183,0,214,0,7,225,0,232,2,36,408,0,446,338,0,338,784
11/07/2000,PTK,MI,AGL,CE,Towers with Display (VFR),2,14,223,0,239,0,0,23,0,23,2,14,246,0,262,0,0,0,262
11/08/2000,PTK,MI,AGL,CE,Towers with Display (VFR),2,32,208,0,242,0,16,269,0,285,2,48,477,0,527,536,0,536,1063
11/09/2000,PTK,MI,AGL,CE,Towers with Display (VFR),0,28,228,0,256,0,0,11,0,11,0,28,239,0,267,0,0,0,267
11/10/2000,PTK,MI,AGL,CE,Towers with Display (VFR),3,31,196,0,230,5,12,156,2,175,8,43,352,2,405,332,0,332,737
11/11/2000,PTK,MI,AGL,CE,Towers with Display (VFR),2,17,107,0,126,3,4,437,0,444,5,21,544,0,570,690,0,690,1260
11/12/2000,PTK,MI,AGL,CE,Towers with Display (VFR),3,17,167,0,187,1,0,259,0,260,4,17,426,0,447,610,0,610,1057
11/13/2000,PTK,MI,AGL,CE,Towers with Display (VFR),2,33,218,0,253,0,0,7,0,7,2,33,225,0,260,4,0,4,264
11/14/2000,PTK,MI,AGL,CE,Towers with Display (VFR),4,32,214,0,250,0,0,110,0,110,4,32,324,0,360,314,0,314,674
11/15/2000,PTK,MI,AGL,CE,Towers with Display (VFR),3,33,212,0,248,3,17,191,0,211,6,50,403,0,459,466,0,466,925
11/16/2000,PTK,MI,AGL,CE,Towers with Display (VFR),0,38,244,0,282,0,21,118,0,139,0,59,362,0,421,272,0,272,693
11/17/2000,PTK,MI,AGL,CE,Towers with Display (VFR),2,26,167,0,195,1,3,161,0,165,3,29,328,0,360,416,0,416,776
11/18/2000,PTK,MI,AGL,CE,Towers with Display (VFR),2,21,140,0,163,0,1,180,0,181,2,22,320,0,344,458,0,458,802
11/19/2000,PTK,MI,AGL,CE,Towers with Display (VFR),1,9,130,0,140,3,0,277,0,280,4,9,407,0,420,528,0,528,948
11/20/2000,PTK,MI,AGL,CE,Towers with Display (VFR),2,26,169,0,197,0,11,77,0,88,2,37,246,0,285,236,0,236,521
11/21/2000,PTK,MI,AGL,CE,Towers with Display (VFR),2,37,237,0,276,0,12,162,0,174,2,49,399,0,450,400,0,400,850
11/22/2000,PTK,MI,AGL,CE,Towers with Display (VFR),2,32,208,0,242,0,27,150,0,177,2,59,358,0,419,326,0,326,745
11/23/2000,PTK,MI,AGL,CE,Towers with Display (VFR),1,6,78,0,85,3,0,108,0,111,4,6,186,0,196,334,0,334,530
11/24/2000,PTK,MI,AGL,CE,Towers with Display (VFR),0,16,101,0,117,0,1,316,1,318,0,17,417,1,435,456,0,456,891
11/25/2000,PTK,MI,AGL,CE,Towers with Display (VFR),1,9,100,0,110,1,0,265,0,266,2,9,365,0,376,410,0,410,786
11/26/2000,PTK,MI,AGL,CE,Towers with Display (VFR),3,8,208,0,219,0,0,24,0,24,3,8,232,0,243,0,0,0,243
11/27/2000,PTK,MI,AGL,CE,Towers with Display (VFR),2,33,215,0,250,0,15,117,0,132,2,48,332,0,382,376,0,376,758
11/28/2000,PTK,MI,AGL,CE,Towers with Display (VFR),0,27,171,0,198,0,16,128,0,144,0,43,299,0,342,258,0,258,600
11/29/2000,PTK,MI,AGL,CE,Towers with Display (VFR),3,31,206,0,240,2,7,66,0,75,5,38,272,0,315,284,0,284,599
11/30/2000,PTK,MI,AGL,CE,Towers with Display (VFR),3,34,218,0,255,0,10,176,0,186,3,44,394,0,441,482,0,482,923
12/01/2000,PTK,MI,AGL,CE,Towers with Display (VFR),3,35,200,0,238,0,30,188,0,218,3,65,388,0,456,376,0,376,832
12/02/2000,PTK,MI,AGL,CE,Towers with Display (VFR),0,24,147,0,171,0,0,800,0,800,0,24,947,0,971,744,0,744,1715
12/03/2000,PTK,MI,AGL,CE,Towers with Display (VFR),2,15,151,0,168,2,0,442,0,444,4,15,593,0,612,602,0,602,1214
12/04/2000,PTK,MI,AGL,CE,Towers with Display (VFR),2,28,162,0,192,0,16,195,0,211,2,44,357,0,403,330,0,330,733
12/05/2000,PTK,MI,AGL,CE,Towers with Display (VFR),0,35,196,0,231,0,1,77,0,78,0,36,273,0,309,138,0,138,447
12/06/2000,PTK,MI,AGL,CE,Towers with Display (VFR),2,38,209,0,249,0,10,163,0,173,2,48,372,0,422,452,0,452,874
12/07/2000,PTK,MI,AGL,CE,Towers with Display (VFR),3,36,201,0,240,1,12,59,0,72,4,48,260,0,312,118,0,118,430
12/08/2000,PTK,MI,AGL,CE,Towers with Display (VFR),3,37,208,0,248,3,8,139,10,160,6,45,347,10,408,232,0,232,640
12/09/2000,PTK,MI,AGL,CE,Towers with Display (VFR),0,21,115,0,136,0,2,353,0,355,0,23,468,0,491,666,0,666,1157
12/10/2000,PTK,MI,AGL,CE,Towers with Display (VFR),2,15,127,0,144,2,0,202,0,204,4,15,329,0,348,598,0,598,946
12/11/2000,PTK,MI,AGL,CE,Towers with Display (VFR),2,21,113,0,136,0,4,0,0,4,2,25,113,0,140,0,0,0,140
12/12/2000,PTK,MI,AGL,CE,Towers with Display (VFR),0,26,144,0,170,0,24,119,0,143,0,50,263,0,313,194,0,194,507
12/13/2000,PTK,MI,AGL,CE,Towers with Display (VFR),3,34,189,0,226,1,13,107,0,121,4,47,296,0,347,206,0,206,553
12/14/2000,PTK,MI,AGL,CE,Towers with Display (VFR),1,37,209,0,247,0,8,97,0,105,1,45,306,0,352,126,0,126,478
12/15/2000,PTK,MI,AGL,CE,Towers with Display (VFR),3,39,219,0,261,1,18,42,0,61,4,57,261,0,322,116,0,116,438
12/16/2000,PTK,MI,AGL,CE,Towers with Display (VFR),2,7,80,0,89,0,0,7,0,7,2,7,87,0,96,0,0,0,96
12/17/2000,PTK,MI,AGL,CE,Towers with Display (VFR),1,4,75,0,80,3,0,7,0,10,4,4,82,0,90,0,0,0,90
12/18/2000,PTK,MI,AGL,CE,Towers with Display (VFR),0,33,183,0,216,0,43,122,0,165,0,76,305,0,381,322,0,322,703
12/19/2000,PTK,MI,AGL,CE,Towers with Display (VFR),0,32,192,0,224,0,0,76,0,76,0,32,268,0,300,154,0,154,454
12/20/2000,PTK,MI,AGL,CE,Towers with Display (VFR),2,40,223,0,265,0,12,202,0,214,2,52,425,0,479,324,0,324,803
12/21/2000,PTK,MI,AGL,CE,Towers with Display (VFR),0,32,182,0,214,0,15,57,0,72,0,47,239,0,286,108,0,108,394
12/22/2000,PTK,MI,AGL,CE,Towers with Display (VFR),2,28,158,0,188,1,1,146,2,150,3,29,304,2,338,348,0,348,686
12/23/2000,PTK,MI,AGL,CE,Towers with Display (VFR),1,7,95,0,103,2,0,79,0,81,3,7,174,0,184,142,0,142,326
12/24/2000,PTK,MI,AGL,CE,Towers with Display (VFR),0,3,64,0,67,4,0,73,0,77,4,3,137,0,144,152,0,152,296
12/25/2000,PTK,MI,AGL,CE,Towers with Display (VFR),0,1,49,0,50,3,0,113,0,116,3,1,162,0,166,148,0,148,314
12/26/2000,PTK,MI,AGL,CE,Towers with Display (VFR),2,6,156,0,164,0,0,217,0,217,2,6,373,0,381,310,0,310,691
12/27/2000,PTK,MI,AGL,CE,Towers with Display (VFR),0,17,126,0,143,0,0,86,0,86,0,17,212,0,229,188,0,188,417
12/28/2000,PTK,MI,AGL,CE,Towers with Display (VFR),0,4,116,0,120,0,0,189,0,189,0,4,305,0,309,534,0,534,843
12/29/2000,PTK,MI,AGL,CE,Towers with Display (VFR),0,9,77,0,86,0,0,5,0,5,0,9,82,0,91,6,0,6,97
12/30/2000,PTK,MI,AGL,CE,Towers with Display (VFR),0,4,72,0,76,0,0,78,0,78,0,4,150,0,154,170,0,170,324
12/31/2000,PTK,MI,AGL,CE,Towers with Display (VFR),0,5,84,0,89,0,0,149,0,149,0,5,233,0,238,366,0,366,604
01/01/2001,PTK,MI,AGL,CE,Towers with Display (VFR),0,13,80,0,93,0,0,103,0,103,0,13,183,0,196,220,0,220,416
01/02/2001,PTK,MI,AGL,CE,Towers with Display (VFR),1,23,139,0,163,0,9,158,0,167,1,32,297,0,330,416,0,416,746
01/03/2001,PTK,MI,AGL,CE,Towers with Display (VFR),1,26,157,0,184,0,25,5,0,30,1,51,162,0,214,0,0,0,214
01/04/2001,PTK,MI,AGL,CE,Towers with Display (VFR),2,26,163,0,191,0,9,99,0,108,2,35,262,0,299,412,0,412,711
01/05/2001,PTK,MI,AGL,CE,Towers with Display (VFR),2,24,145,0,171,2,7,42,0,51,4,31,187,0,222,186,0,186,408
01/06/2001,PTK,MI,AGL,CE,Towers with Display (VFR),0,6,97,0,103,0,0,290,0,290,0,6,387,0,393,732,0,732,1125
01/07/2001,PTK,MI,AGL,CE,Towers with Display (VFR),2,7,83,0,92,0,0,47,0,47,2,7,130,0,139,190,0,190,329
01/08/2001,PTK,MI,AGL,CE,Towers with Display (VFR),2,24,141,0,167,0,8,173,0,181,2,32,314,0,348,438,0,438,786
01/09/2001,PTK,MI,AGL,CE,Towers with Display (VFR),2,27,165,0,194,0,11,260,0,271,2,38,425,0,465,300,0,300,765
01/10/2001,PTK,MI,AGL,CE,Towers with Display (VFR),2,27,167,0,196,0,17,244,0,261,2,44,411,0,457,564,0,564,1021
01/11/2001,PTK,MI,AGL,CE,Towers with Display (VFR),3,38,231,0,272,1,14,203,0,218,4,52,434,0,490,508,0,508,998
01/12/2001,PTK,MI,AGL,CE,Towers with Display (VFR),2,31,186,0,219,0,13,43,0,56,2,44,229,0,275,318,0,318,593
01/13/2001,PTK,MI,AGL,CE,Towers with Display (VFR),1,4,96,0,101,0,0,36,0,36,1,4,132,0,137,178,0,178,315
01/14/2001,PTK,MI,AGL,CE,Towers with Display (VFR),1,8,68,0,77,0,0,24,0,24,1,8,92,0,101,0,0,0,101
01/15/2001,PTK,MI,AGL,CE,Towers with Display (VFR),2,11,153,0,166,4,0,31,0,35,6,11,184,0,201,132,0,132,333
01/16/2001,PTK,MI,AGL,CE,Towers with Display (VFR),0,28,166,0,194,0,8,74,0,82,0,36,240,0,276,268,0,268,544
01/17/2001,PTK,MI,AGL,CE,Towers with Display (VFR),2,28,173,0,203,0,0,53,0,53,2,28,226,0,256,260,0,260,516
01/18/2001,PTK,MI,AGL,CE,Towers with Display (VFR),2,35,210,0,247,0,8,46,0,54,2,43,256,0,301,216,0,216,517
01/19/2001,PTK,MI,AGL,CE,Towers with Display (VFR),2,30,181,0,213,2,4,122,2,130,4,34,303,2,343,322,0,322,665
01/20/2001,PTK,MI,AGL,CE,Towers with Display (VFR),1,3,106,0,110,2,0,379,0,381,3,3,485,0,491,734,0,734,1225
01/21/2001,PTK,MI,AGL,CE,Towers with Display (VFR),1,16,136,0,153,2,0,171,0,173,3,16,307,0,326,552,0,552,878
01/22/2001,PTK,MI,AGL,CE,Towers with Display (VFR),1,26,157,0,184,1,0,127,0,128,2,26,284,0,312,318,0,318,630
01/23/2001,PTK,MI,AGL,CE,Towers with Display (VFR),0,18,159,0,177,0,0,100,0,100,0,18,259,0,277,398,0,398,675
01/24/2001,PTK,MI,AGL,CE,Towers with Display (VFR),2,34,209,0,245,1,6,121,0,128,3,40,330,0,373,468,0,468,841
01/25/2001,PTK,MI,AGL,CE,Towers with Display (VFR),0,29,194,0,223,0,0,214,0,214,0,29,408,0,437,482,0,482,919
01/26/2001,PTK,MI,AGL,CE,Towers with Display (VFR),2,27,165,0,194,0,17,126,0,143,2,44,291,0,337,202,0,202,539
01/27/2001,PTK,MI,AGL,CE,Towers with Display (VFR),0,4,86,0,90,0,0,70,1,71,0,4,156,1,161,244,0,244,405
01/28/2001,PTK,MI,AGL,CE,Towers with Display (VFR),1,18,130,0,149,1,0,140,0,141,2,18,270,0,290,584,0,584,874
01/29/2001,PTK,MI,AGL,CE,Towers with Display (VFR),1,26,154,0,181,1,2,29,0,32,2,28,183,0,213,126,0,126,339
01/30/2001,PTK,MI,AGL,CE,Towers with Display (VFR),0,23,139,0,162,0,12,102,1,115,0,35,241,1,277,302,0,302,579
01/31/2001,PTK,MI,AGL,CE,Towers with Display (VFR),2,26,164,0,192,0,13,85,0,98,2,39,249,0,290,366,0,366,656
02/01/2001,PTK,MI,AGL,CE,Towers with Display (VFR),1,31,193,0,225,0,6,234,0,240,1,37,427,0,465,296,0,296,761
02/02/2001,PTK,MI,AGL,CE,Towers with Display (VFR),2,25,154,0,181,2,9,180,0,191,4,34,334,0,372,294,0,294,666
02/03/2001,PTK,MI,AGL,CE,Towers with Display (VFR),2,7,92,0,101,1,0,313,0,314,3,7,405,0,415,556,0,556,971
02/04/2001,PTK,MI,AGL,CE,Towers with Display (VFR),0,13,89,0,102,0,0,89,0,89,0,13,178,0,191,270,0,270,461
02/05/2001,PTK,MI,AGL,CE,Towers with Display (VFR),2,20,128,0,150,0,0,9,0,9,2,20,137,0,159,0,0,0,159
02/06/2001,PTK,MI,AGL,CE,Towers with Display (VFR),3,28,175,0,206,0,17,91,0,108,3,45,266,0,314,168,0,168,482
02/07/2001,PTK,MI,AGL,CE,Towers with Display (VFR),2,32,200,0,234,0,15,277,0,292,2,47,477,0,526,482,0,482,1008
02/08/2001,PTK,MI,AGL,CE,Towers with Display (VFR),1,16,180,0,197,0,0,119,0,119,1,16,299,0,316,352,0,352,668
02/09/2001,PTK,MI,AGL,CE,Towers with Display (VFR),2,21,129,0,152,0,4,79,0,83,2,25,208,0,235,106,0,106,341
02/10/2001,PTK,MI,AGL,CE,Towers with Display (VFR),2,9,82,0,93,0,0,234,0,234,2,9,316,0,327,394,0,394,721
02/11/2001,PTK,MI,AGL,CE,Towers with Display (VFR),0,2,87,0,89,0,0,483,1,484,0,2,570,1,573,766,0,766,1339
02/12/2001,PTK,MI,AGL,CE,Towers with Display (VFR),2,32,190,0,224,0,5,293,0,298,2,37,483,0,522,620,0,620,1142
02/13/2001,PTK,MI,AGL,CE,Towers with Display (VFR),0,27,155,0,182,0,8,248,0,256,0,35,403,0,438,454,0,454,892
02/14/2001,PTK,MI,AGL,CE,Towers with Display (VFR),2,30,147,0,179,4,0,0,0,4,6,30,147,0,183,0,0,0,183
02/15/2001,PTK,MI,AGL,CE,Towers with Display (VFR),2,28,177,0,207,2,1,289,0,292,4,29,466,0,499,486,0,486,985
02/16/2001,PTK,MI,AGL,CE,Towers with Display (VFR),1,16,103,0,120,1,30,232,0,263,2,46,335,0,383,332,0,332,715
02/17/2001,PTK,MI,AGL,CE,Towers with Display (VFR),0,10,90,0,100,0,0,301,0,301,0,10,391,0,401,516,0,516,917
02/18/2001,PTK,MI,AGL,CE,Towers with Display (VFR),1,9,131,0,141,0,0,359,0,359,1,9,490,0,500,558,0,558,1058
02/19/2001,PTK,MI,AGL,CE,Towers with Display (VFR),2,28,180,0,210,0,0,125,0,125,2,28,305,0,335,146,0,146,481
02/20/2001,PTK,MI,AGL,CE,Towers with Display (VFR),1,30,185,0,216,0,10,225,0,235,1,40,410,0,451,404,0,404,855
02/21/2001,PTK,MI,AGL,CE,Towers with Display (VFR),2,27,172,0,201,1,15,237,0,253,3,42,409,0,454,364,0,364,818
02/22/2001,PTK,MI,AGL,CE,Towers with Display (VFR),2,31,194,0,227,0,2,126,0,128,2,33,320,0,355,260,0,260,615
02/23/2001,PTK,MI,AGL,CE,Towers with Display (VFR),2,27,169,0,198,1,3,299,0,303,3,30,468,0,501,394,0,394,895
02/24/2001,PTK,MI,AGL,CE,Towers with Display (VFR),0,13,78,0,91,0,5,72,0,77,0,18,150,0,168,216,0,216,384
02/25/2001,PTK,MI,AGL,CE,Towers with Display (VFR),0,17,106,0,123,0,0,82,0,82,0,17,188,0,205,172,0,172,377
02/26/2001,PTK,MI,AGL,CE,Towers with Display (VFR),1,25,155,0,181,2,8,271,0,281,3,33,426,0,462,462,0,462,924
02/27/2001,PTK,MI,AGL,CE,Towers with Display (VFR),0,26,167,0,193,0,28,285,0,313,0,54,452,0,506,554,0,554,1060
02/28/2001,PTK,MI,AGL,CE,Towers with Display (VFR),2,26,163,0,191,0,1,387,0,388,2,27,550,0,579,496,0,496,1075
03/01/2001,PTK,MI,AGL,CE,Towers with Display (VFR),0,25,201,0,226,0,0,300,0,300,0,25,501,0,526,594,0,594,1120
03/02/2001,PTK,MI,AGL,CE,Towers with Display (VFR),2,25,187,0,214,1,18,274,0,293,3,43,461,0,507,631,0,631,1138
03/03/2001,PTK,MI,AGL,CE,Towers with Display (VFR),1,18,143,0,162,0,0,458,0,458,1,18,601,0,620,734,0,734,1354
03/04/2001,PTK,MI,AGL,CE,Towers with Display (VFR),2,13,127,0,142,0,0,432,0,432,2,13,559,0,574,806,0,806,1380
03/05/2001,PTK,MI,AGL,CE,Towers with Display (VFR),2,20,146,0,168,0,14,125,0,139,2,34,271,0,307,318,0,318,625
03/06/2001,PTK,MI,AGL,CE,Towers with Display (VFR),0,21,153,0,174,0,14,166,0,180,0,35,319,0,354,244,0,244,598
03/07/2001,PTK,MI,AGL,CE,Towers with Display (VFR),2,28,206,0,236,0,2,243,0,245,2,30,449,0,481,550,0,550,1031
03/08/2001,PTK,MI,AGL,CE,Towers with Display (VFR),2,28,205,0,235,0,25,171,0,196,2,53,376,0,431,408,0,408,839
03/09/2001,PTK,MI,AGL,CE,Towers with Display (VFR),2,22,163,0,187,2,10,229,0,241,4,32,392,0,428,352,0,352,780
03/10/2001,PTK,MI,AGL,CE,Towers with Display (VFR),1,5,103,0,109,1,0,547,3,551,2,5,650,3,660,960,0,960,1620
03/11/2001,PTK,MI,AGL,CE,Towers with Display (VFR),1,8,103,0,112,1,0,389,0,390,2,8,492,0,502,650,0,650,1152
03/12/2001,PTK,MI,AGL,CE,Towers with Display (VFR),2,20,144,0,166,0,2,217,0,219,2,22,361,0,385,230,0,230,615
03/13/2001,PTK,MI,AGL,CE,Towers with Display (VFR),2,22,165,0,189,0,12,139,0,151,2,34,304,0,340,290,0,290,630
03/14/2001,PTK,MI,AGL,CE,Towers with Display (VFR),2,28,203,0,233,2,12,360,0,374,4,40,563,0,607,516,0,516,1123
03/15/2001,PTK,MI,AGL,CE,Towers with Display (VFR),1,27,241,0,269,0,0,229,0,229,1,27,470,0,498,390,0,390,888
03/16/2001,PTK,MI,AGL,CE,Towers with Display (VFR),2,23,168,0,193,2,11,127,0,140,4,34,295,0,333,156,0,156,489
03/17/2001,PTK,MI,AGL,CE,Towers with Display (VFR),0,11,87,0,98,0,0,159,0,159,0,11,246,0,257,182,0,182,439
03/18/2001,PTK,MI,AGL,CE,Towers with Display (VFR),2,13,141,0,156,0,0,545,0,545,2,13,686,0,701,800,0,800,1501
03/19/2001,PTK,MI,AGL,CE,Towers with Display (VFR),2,21,152,0,175,0,3,325,0,328,2,24,477,0,503,490,0,490,993
03/20/2001,PTK,MI,AGL,CE,Towers with Display (VFR),0,26,188,0,214,0,9,389,0,398,0,35,577,0,612,618,0,618,1230
03/21/2001,PTK,MI,AGL,CE,Towers with Display (VFR),2,30,224,0,256,1,12,528,0,541,3,42,752,0,797,722,0,722,1519
03/22/2001,PTK,MI,AGL,CE,Towers with Display (VFR),0,27,198,0,225,0,13,373,0,386,0,40,571,0,611,592,0,592,1203
03/23/2001,PTK,MI,AGL,CE,Towers with Display (VFR),1,26,189,0,216,1,3,339,0,343,2,29,528,0,559,536,0,536,1095
03/24/2001,PTK,MI,AGL,CE,Towers with Display (VFR),0,4,91,0,95,0,0,218,0,218,0,4,309,0,313,386,0,386,699
03/25/2001,PTK,MI,AGL,CE,Towers with Display (VFR),0,13,124,0,137,0,0,167,0,167,0,13,291,0,304,328,0,328,632
03/26/2001,PTK,MI,AGL,CE,Towers with Display (VFR),1,24,180,0,205,1,0,199,0,200,2,24,379,0,405,418,0,418,823
03/27/2001,PTK,MI,AGL,CE,Towers with Display (VFR),0,22,163,0,185,0,12,317,0,329,0,34,480,0,514,554,0,554,1068
03/28/2001,PTK,MI,AGL,CE,Towers with Display (VFR),1,25,182,0,208,1,15,447,0,463,2,40,629,0,671,744,0,744,1415
03/29/2001,PTK,MI,AGL,CE,Towers with Display (VFR),1,35,259,0,295,0,16,232,0,248,1,51,491,0,543,458,0,458,1001
03/30/2001,PTK,MI,AGL,CE,Towers with Display (VFR),1,25,183,0,209,2,17,340,0,359,3,42,523,0,568,482,0,482,1050
03/31/2001,PTK,MI,AGL,CE,Towers with Display (VFR),0,18,175,0,193,0,0,264,0,264,0,18,439,0,457,640,0,640,1097
04/01/2001,PTK,MI,AGL,CE,Towers with Display (VFR),1,14,88,0,103,1,0,174,0,175,2,14,262,0,278,0,0,0,278
04/02/2001,PTK,MI,AGL,CE,Towers with Display (VFR),1,21,119,0,141,1,21,478,0,500,2,42,597,0,641,704,0,704,1345
04/03/2001,PTK,MI,AGL,CE,Towers with Display (VFR),2,28,160,0,190,0,21,291,0,312,2,49,451,0,502,464,0,464,966
04/04/2001,PTK,MI,AGL,CE,Towers with Display (VFR),2,34,187,0,223,2,12,460,0,474,4,46,647,0,697,836,0,836,1533
04/05/2001,PTK,MI,AGL,CE,Towers with Display (VFR),0,34,193,0,227,0,0,286,0,286,0,34,479,0,513,576,0,576,1089
04/06/2001,PTK,MI,AGL,CE,Towers with Display (VFR),2,25,149,0,176,0,0,214,0,214,2,25,363,0,390,292,0,292,682
04/07/2001,PTK,MI,AGL,CE,Towers with Display (VFR),0,10,112,0,122,0,0,200,0,200,0,10,312,0,322,450,0,450,772
04/08/2001,PTK,MI,AGL,CE,Towers with Display (VFR),1,9,100,0,110,0,0,397,0,397,1,9,497,0,507,584,0,584,1091
04/09/2001,PTK,MI,AGL,CE,Towers with Display (VFR),2,37,206,0,245,0,0,252,0,252,2,37,458,0,497,436,0,436,933
04/10/2001,PTK,MI,AGL,CE,Towers with Display (VFR),1,24,177,0,202,0,0,290,0,290,1,24,467,0,492,684,0,684,1176
04/11/2001,PTK,MI,AGL,CE,Towers with Display (VFR),2,33,199,0,234,1,0,83,0,84,3,33,282,0,318,158,0,158,476
04/12/2001,PTK,MI,AGL,CE,Towers with Display (VFR),0,32,175,0,207,0,9,228,0,237,0,41,403,0,444,324,0,324,768
04/13/2001,PTK,MI,AGL,CE,Towers with Display (VFR),0,11,123,0,134,0,0,468,0,468,0,11,591,0,602,664,0,664,1266
04/14/2001,PTK,MI,AGL,CE,Towers with Display (VFR),0,11,89,0,100,0,0,387,0,387,0,11,476,0,487,690,0,690,1177
04/15/2001,PTK,MI,AGL,CE,Towers with Display (VFR),1,8,85,0,94,2,0,327,0,329,3,8,412,0,423,514,0,514,937
04/16/2001,PTK,MI,AGL,CE,Towers with Display (VFR),0,11,126,0,137,0,0,293,0,293,0,11,419,0,430,538,0,538,968
04/17/2001,PTK,MI,AGL,CE,Towers with Display (VFR),0,26,164,0,190,0,0,253,0,253,0,26,417,0,443,420,0,420,863
04/18/2001,PTK,MI,AGL,CE,Towers with Display (VFR),1,33,179,0,213,0,9,360,0,369,1,42,539,0,582,612,0,612,1194
04/19/2001,PTK,MI,AGL,CE,Towers with Display (VFR),0,31,170,0,201,0,5,353,0,358,0,36,523,0,559,752,0,752,1311
04/20/2001,PTK,MI,AGL,CE,Towers with Display (VFR),1,36,193,0,230,0,11,108,0,119,1,47,301,0,349,349,0,349,698
04/21/2001,PTK,MI,AGL,CE,Towers with Display (VFR),0,11,61,0,72,0,15,233,0,248,0,26,294,0,320,314,0,314,634
04/22/2001,PTK,MI,AGL,CE,Towers with Display (VFR),0,18,97,0,115,1,3,321,0,325,1,21,418,0,440,684,0,684,1124
04/23/2001,PTK,MI,AGL,CE,Towers with Display (VFR),0,22,119,0,141,1,12,297,0,310,1,34,416,0,451,308,0,308,759
04/24/2001,PTK,MI,AGL,CE,Towers with Display (VFR),1,27,146,0,174,1,22,290,0,313,2,49,436,0,487,436,0,436,923
04/25/2001,PTK,MI,AGL,CE,Towers with Display (VFR),1,31,169,0,201,1,25,364,0,390,2,56,533,0,591,604,0,604,1195
04/26/2001,PTK,MI,AGL,CE,Towers with Display (VFR),0,30,161,0,191,0,22,315,0,337,0,52,476,0,528,470,0,470,998
04/27/2001,PTK,MI,AGL,CE,Towers with Display (VFR),1,28,150,0,179,1,8,283,4,296,2,36,433,4,475,432,0,432,907
04/28/2001,PTK,MI,AGL,CE,Towers with Display (VFR),0,13,69,0,82,0,0,485,0,485,0,13,554,0,567,722,0,722,1289
04/29/2001,PTK,MI,AGL,CE,Towers with Display (VFR),0,11,100,0,111,0,0,448,0,448,0,11,548,0,559,476,0,476,1035
04/30/2001,PTK,MI,AGL,CE,Towers with Display (VFR),2,25,117,0,144,0,1,237,0,238,2,26,354,0,382,466,0,466,848
05/01/2001,PTK,MI,AGL,CE,Towers with Display (VFR),0,31,130,0,161,0,12,238,0,250,0,43,368,0,411,526,0,526,937
05/02/2001,PTK,MI,AGL,CE,Towers with Display (VFR),1,19,161,0,181,0,0,244,0,244,1,19,405,0,425,490,0,490,915
05/03/2001,PTK,MI,AGL,CE,Towers with Display (VFR),0,31,183,0,214,0,12,256,0,268,0,43,439,0,482,536,0,536,1018
05/04/2001,PTK,MI,AGL,CE,Towers with Display (VFR),1,37,164,0,202,0,11,191,0,202,1,48,355,0,404,498,0,498,902
05/05/2001,PTK,MI,AGL,CE,Towers with Display (VFR),0,6,78,0,84,0,3,341,0,344,0,9,419,0,428,630,0,630,1058
05/06/2001,PTK,MI,AGL,CE,Towers with Display (VFR),0,16,88,0,104,0,2,311,0,313,0,18,399,0,417,586,0,586,1003
05/07/2001,PTK,MI,AGL,CE,Towers with Display (VFR),2,30,130,0,162,0,3,214,0,217,2,33,344,0,379,394,0,394,773
05/08/2001,PTK,MI,AGL,CE,Towers with Display (VFR),0,37,168,0,205,0,7,246,0,253,0,44,414,0,458,484,0,484,942
05/09/2001,PTK,MI,AGL,CE,Towers with Display (VFR),2,41,156,0,199,0,5,293,1,299,2,46,449,1,498,596,0,596,1094
05/10/2001,PTK,MI,AGL,CE,Towers with Display (VFR),0,29,160,0,189,0,15,191,0,206,0,44,351,0,395,416,0,416,811
05/11/2001,PTK,MI,AGL,CE,Towers with Display (VFR),4,41,150,0,195,0,4,79,0,83,4,45,229,0,278,212,0,212,490
05/12/2001,PTK,MI,AGL,CE,Towers with Display (VFR),0,8,110,0,118,2,2,219,0,223,2,10,329,0,341,494,0,494,835
05/13/2001,PTK,MI,AGL,CE,Towers with Display (VFR),2,10,82,0,94,0,1,388,0,389,2,11,470,0,483,528,0,528,1011
05/14/2001,PTK,MI,AGL,CE,Towers with Display (VFR),0,28,139,0,167,0,8,232,0,240,0,36,371,0,407,388,0,388,795
05/15/2001,PTK,MI,AGL,CE,Towers with Display (VFR),0,43,161,0,204,0,1,5,0,6,0,44,166,0,210,0,0,0,210
05/16/2001,PTK,MI,AGL,CE,Towers with Display (VFR),2,37,198,0,237,0,3,23,2,28,2,40,221,2,265,146,0,146,411
05/17/2001,PTK,MI,AGL,CE,Towers with Display (VFR),0,40,174,0,214,0,10,175,0,185,0,50,349,0,399,404,0,404,803
05/18/2001,PTK,MI,AGL,CE,Towers with Display (VFR),2,34,129,0,165,0,13,264,0,277,2,47,393,0,442,608,0,608,1050
05/19/2001,PTK,MI,AGL,CE,Towers with Display (VFR),0,16,56,0,72,0,1,437,0,438,0,17,493,0,510,528,0,528,1038
05/20/2001,PTK,MI,AGL,CE,Towers with Display (VFR),0,16,98,0,114,0,8,432,0,440,0,24,530,0,554,614,0,614,1168
05/21/2001,PTK,MI,AGL,CE,Towers with Display (VFR),2,38,122,0,162,0,1,13,0,14,2,39,135,0,176,14,0,14,190
05/22/2001,PTK,MI,AGL,CE,Towers with Display (VFR),0,36,152,0,188,0,8,210,0,218,0,44,362,0,406,410,0,410,816
05/23/2001,PTK,MI,AGL,CE,Towers with Display (VFR),2,39,174,0,215,0,6,288,0,294,2,45,462,0,509,322,0,322,831
05/24/2001,PTK,MI,AGL,CE,Towers with Display (VFR),0,40,189,0,229,0,3,115,0,118,0,43,304,0,347,278,0,278,625
05/25/2001,PTK,MI,AGL,CE,Towers with Display (VFR),6,35,146,0,187,0,9,144,0,153,6,44,290,0,340,408,0,408,748
05/26/2001,PTK,MI,AGL,CE,Towers with Display (VFR),0,8,89,0,97,0,1,90,0,91,0,9,179,0,188,308,0,308,496
05/27/2001,PTK,MI,AGL,CE,Towers with Display (VFR),0,8,67,0,75,0,1,23,0,24,0,9,90,0,99,68,0,68,167
05/28/2001,PTK,MI,AGL,CE,Towers with Display (VFR),0,9,106,0,115,2,0,204,1,207,2,9,310,1,322,424,0,424,746
05/29/2001,PTK,MI,AGL,CE,Towers with Display (VFR),0,28,134,0,162,0,7,128,1,136,0,35,262,1,298,402,0,402,700
05/30/2001,PTK,MI,AGL,CE,Towers with Display (VFR),4,28,173,0,205,0,5,356,0,361,4,33,529,0,566,544,0,544,1110
05/31/2001,PTK,MI,AGL,CE,Towers with Display (VFR),1,44,171,2,218,0,6,305,0,311,1,50,476,2,529,538,0,538,1067
06/01/2001,PTK,MI,AGL,CE,Towers with Display (VFR),1,39,146,0,186,1,0,39,0,40,2,39,185,0,226,102,0,102,328
06/02/2001,PTK,MI,AGL,CE,Towers with Display (VFR),0,19,88,0,107,0,1,17,2,20,0,20,105,2,127,98,0,98,225
06/03/2001,PTK,MI,AGL,CE,Towers with Display (VFR),0,13,122,0,135,0,1,89,0,90,0,14,211,0,225,264,0,264,489
06/04/2001,PTK,MI,AGL,CE,Towers with Display (VFR),2,42,165,0,209,0,7,281,0,288,2,49,446,0,497,800,0,800,1297
06/05/2001,PTK,MI,AGL,CE,Towers with Display (VFR),0,31,167,0,198,0,1,208,0,209,0,32,375,0,407,420,0,420,827
06/06/2001,PTK,MI,AGL,CE,Towers with Display (VFR),2,35,188,0,225,0,8,161,0,169,2,43,349,0,394,580,0,580,974
06/07/2001,PTK,MI,AGL,CE,Towers with Display (VFR),0,50,142,0,192,0,12,315,0,327,0,62,457,0,519,596,0,596,1115
06/08/2001,PTK,MI,AGL,CE,Towers with Display (VFR),4,50,134,0,188,0,9,411,0,420,4,59,545,0,608,530,0,530,1138
06/09/2001,PTK,MI,AGL,CE,Towers with Display (VFR),0,8,88,0,96,0,6,358,0,364,0,14,446,0,460,592,0,592,1052
06/10/2001,PTK,MI,AGL,CE,Towers with Display (VFR),0,12,92,0,104,0,2,316,0,318,0,14,408,0,422,482,0,482,904
06/11/2001,PTK,MI,AGL,CE,Towers with Display (VFR),2,32,163,0,197,0,6,191,0,197,2,38,354,0,394,612,0,612,1006
06/12/2001,PTK,MI,AGL,CE,Towers with Display (VFR),0,39,130,0,169,0,5,237,0,242,0,44,367,0,411,434,0,434,845
06/13/2001,PTK,MI,AGL,CE,Towers with Display (VFR),2,39,142,0,183,0,12,305,0,317,2,51,447,0,500,502,0,502,1002
06/14/2001,PTK,MI,AGL,CE,Towers with Display (VFR),2,57,166,0,225,0,10,277,0,287,2,67,443,0,512,500,0,500,1012
06/15/2001,PTK,MI,AGL,CE,Towers with Display (VFR),2,63,143,0,208,0,4,149,0,153,2,67,292,0,361,178,0,178,539
06/16/2001,PTK,MI,AGL,CE,Towers with Display (VFR),0,14,68,0,82,0,6,468,4,478,0,20,536,4,560,596,0,596,1156
06/17/2001,PTK,MI,AGL,CE,Towers with Display (VFR),0,21,85,0,106,0,1,428,6,435,0,22,513,6,541,560,0,560,1101
06/18/2001,PTK,MI,AGL,CE,Towers with Display (VFR),4,38,162,5,209,0,8,211,14,233,4,46,373,19,442,246,0,246,688
06/19/2001,PTK,MI,AGL,CE,Towers with Display (VFR),4,36,128,0,168,1,13,232,0,246,5,49,360,0,414,336,0,336,750
06/20/2001,PTK,MI,AGL,CE,Towers with Display (VFR),4,44,197,0,245,0,12,237,0,249,4,56,434,0,494,586,0,586,1080
06/21/2001,PTK,MI,AGL,CE,Towers with Display (VFR),0,37,177,0,214,0,1,127,0,128,0,38,304,0,342,344,0,344,686
06/22/2001,PTK,MI,AGL,CE,Towers with Display (VFR),2,50,150,0,202,1,7,182,0,190,3,57,332,0,392,308,0,308,700
06/23/2001,PTK,MI,AGL,CE,Towers with Display (VFR),0,14,83,0,97,0,4,358,0,362,0,18,441,0,459,440,0,440,899
06/24/2001,PTK,MI,AGL,CE,Towers with Display (VFR),0,21,82,0,103,0,2,307,0,309,0,23,389,0,412,398,0,398,810
06/25/2001,PTK,MI,AGL,CE,Towers with Display (VFR),2,28,134,0,164,0,19,286,0,305,2,47,420,0,469,508,0,508,977
06/26/2001,PTK,MI,AGL,CE,Towers with Display (VFR),0,50,156,0,206,0,28,276,0,304,0,78,432,0,510,444,0,444,954
06/27/2001,PTK,MI,AGL,CE,Towers with Display (VFR),5,40,172,0,217,0,16,317,0,333,5,56,489,0,550,470,0,470,1020
06/28/2001,PTK,MI,AGL,CE,Towers with Display (VFR),4,41,217,0,262,0,13,278,0,291,4,54,495,0,553,564,0,564,1117
06/29/2001,PTK,MI,AGL,CE,Towers with Display (VFR),6,37,136,0,179,0,20,230,0,250,6,57,366,0,429,556,0,556,985
06/30/2001,PTK,MI,AGL,CE,Towers with Display (VFR),0,16,107,0,123,0,4,268,0,272,0,20,375,0,395,682,0,682,1077
07/01/2001,PTK,MI,AGL,CE,Towers with Display (VFR),0,13,82,0,95,0,0,187,0,187,0,13,269,0,282,366,0,366,648
07/02/2001,PTK,MI,AGL,CE,Towers with Display (VFR),1,13,120,0,134,1,7,244,0,252,2,20,364,0,386,400,0,400,786
07/03/2001,PTK,MI,AGL,CE,Towers with Display (VFR),0,21,123,0,144,0,5,240,0,245,0,26,363,0,389,410,0,410,799
07/04/2001,PTK,MI,AGL,CE,Towers with Display (VFR),0,7,43,0,50,0,4,111,4,119,0,11,154,4,169,272,0,272,441
07/05/2001,PTK,MI,AGL,CE,Towers with Display (VFR),0,17,104,0,121,0,7,272,0,279,0,24,376,0,400,488,0,488,888
07/06/2001,PTK,MI,AGL,CE,Towers with Display (VFR),1,20,116,0,137,1,5,335,0,341,2,25,451,0,478,492,0,492,970
07/07/2001,PTK,MI,AGL,CE,Towers with Display (VFR),0,14,73,0,87,0,3,158,0,161,0,17,231,0,248,548,0,548,796
07/08/2001,PTK,MI,AGL,CE,Towers with Display (VFR),0,20,119,0,139,0,8,364,0,372,0,28,483,0,511,556,0,556,1067
07/09/2001,PTK,MI,AGL,CE,Towers with Display (VFR),1,11,134,0,146,1,4,256,0,261,2,15,390,0,407,690,0,690,1097
07/10/2001,PTK,MI,AGL,CE,Towers with Display (VFR),0,13,127,0,140,0,9,334,0,343,0,22,461,0,483,688,0,688,1171
07/11/2001,PTK,MI,AGL,CE,Towers with Display (VFR),1,16,177,0,194,1,9,307,0,317,2,25,484,0,511,678,0,678,1189
07/12/2001,PTK,MI,AGL,CE,Towers with Display (VFR),0,33,156,0,189,0,10,346,0,356,0,43,502,0,545,614,0,614,1159
07/13/2001,PTK,MI,AGL,CE,Towers with Display (VFR),1,34,144,0,179,1,15,300,0,316,2,49,444,0,495,528,0,528,1023
07/14/2001,PTK,MI,AGL,CE,Towers with Display (VFR),0,10,84,0,94,0,3,368,1,372,0,13,452,1,466,498,0,498,964
07/15/2001,PTK,MI,AGL,CE,Towers with Display (VFR),2,14,94,0,110,1,0,316,0,317,3,14,410,0,427,494,0,494,921
07/16/2001,PTK,MI,AGL,CE,Towers with Display (VFR),2,22,134,0,158,0,5,240,0,245,2,27,374,0,403,364,0,364,767
07/17/2001,PTK,MI,AGL,CE,Towers with Display (VFR),0,23,174,0,197,0,6,228,0,234,0,29,402,0,431,498,0,498,929
07/18/2001,PTK,MI,AGL,CE,Towers with Display (VFR),2,39,194,0,235,0,2,186,0,188,2,41,380,0,423,412,0,412,835
07/19/2001,PTK,MI,AGL,CE,Towers with Display (VFR),0,32,172,0,204,0,6,255,0,261,0,38,427,0,465,582,0,582,1047
07/20/2001,PTK,MI,AGL,CE,Towers with Display (VFR),2,30,206,0,238,0,4,168,0,172,2,34,374,0,410,536,0,536,946
07/21/2001,PTK,MI,AGL,CE,Towers with Display (VFR),0,21,122,0,143,0,2,118,3,123,0,23,240,3,266,566,0,566,832
07/22/2001,PTK,MI,AGL,CE,Towers with Display (VFR),0,18,129,0,147,0,3,283,0,286,0,21,412,0,433,628,0,628,1061
07/23/2001,PTK,MI,AGL,CE,Towers with Display (VFR),0,26,166,0,192,2,13,97,0,112,2,39,263,0,304,334,0,334,638
07/24/2001,PTK,MI,AGL,CE,Towers with Display (VFR),0,32,200,0,232,1,8,203,0,212,1,40,403,0,444,276,0,276,720
07/25/2001,PTK,MI,AGL,CE,Towers with Display (VFR),2,39,201,0,242,0,0,148,0,148,2,39,349,0,390,250,0,250,640
07/26/2001,PTK,MI,AGL,CE,Towers with Display (VFR),0,31,183,0,214,0,21,271,0,292,0,52,454,0,506,580,0,580,1086
07/27/2001,PTK,MI,AGL,CE,Towers with Display (VFR),3,21,169,0,193,0,10,326,4,340,3,31,495,4,533,506,0,506,1039
07/28/2001,PTK,MI,AGL,CE,Towers with Display (VFR),0,14,77,0,91,0,4,328,0,332,0,18,405,0,423,630,0,630,1053
07/29/2001,PTK,MI,AGL,CE,Towers with Display (VFR),0,12,128,0,140,1,0,253,0,254,1,12,381,0,394,456,0,456,850
07/30/2001,PTK,MI,AGL,CE,Towers with Display (VFR),2,29,174,0,205,0,2,172,0,174,2,31,346,0,379,524,0,524,903
07/31/2001,PTK,MI,AGL,CE,Towers with Display (VFR),0,26,163,0,189,0,20,217,0,237,0,46,380,0,426,456,0,456,882
08/01/2001,PTK,MI,AGL,CE,Towers with Display (VFR),1,33,164,0,198,1,8,277,0,286,2,41,441,0,484,550,0,550,1034
08/02/2001,PTK,MI,AGL,CE,Towers with Display (VFR),0,49,182,0,231,0,8,123,0,131,0,57,305,0,362,582,0,582,944
08/03/2001,PTK,MI,AGL,CE,Towers with Display (VFR),1,37,160,0,198,1,8,265,0,274,2,45,425,0,472,416,0,416,888
08/04/2001,PTK,MI,AGL,CE,Towers with Display (VFR),0,12,76,0,88,0,1,269,0,270,0,13,345,0,358,382,0,382,740
08/05/2001,PTK,MI,AGL,CE,Towers with Display (VFR),0,8,110,0,118,0,4,291,0,295,0,12,401,0,413,640,0,640,1053
08/06/2001,PTK,MI,AGL,CE,Towers with Display (VFR),4,24,137,0,165,0,8,243,0,251,4,32,380,0,416,528,0,528,944
08/07/2001,PTK,MI,AGL,CE,Towers with Display (VFR),0,26,210,0,236,0,8,192,0,200,0,34,402,0,436,518,0,518,954
08/08/2001,PTK,MI,AGL,CE,Towers with Display (VFR),2,26,180,0,208,0,10,234,0,244,2,36,414,0,452,458,0,458,910
08/09/2001,PTK,MI,AGL,CE,Towers with Display (VFR),2,38,221,0,261,0,3,171,0,174,2,41,392,0,435,582,0,582,1017
08/10/2001,PTK,MI,AGL,CE,Towers with Display (VFR),2,34,186,0,222,0,1,321,0,322,2,35,507,0,544,508,0,508,1052
08/11/2001,PTK,MI,AGL,CE,Towers with Display (VFR),0,5,94,0,99,0,0,383,0,383,0,5,477,0,482,552,0,552,1034
08/12/2001,PTK,MI,AGL,CE,Towers with Display (VFR),0,12,183,0,195,1,6,455,0,462,1,18,638,0,657,526,0,526,1183
08/13/2001,PTK,MI,AGL,CE,Towers with Display (VFR),2,28,133,0,163,0,5,288,0,293,2,33,421,0,456,688,0,688,1144
08/14/2001,PTK,MI,AGL,CE,Towers with Display (VFR),0,29,155,0,184,0,10,293,1,304,0,39,448,1,488,574,0,574,1062
08/15/2001,PTK,MI,AGL,CE,Towers with Display (VFR),2,33,170,0,205,0,4,307,0,311,2,37,477,0,516,600,0,600,1116
08/16/2001,PTK,MI,AGL,CE,Towers with Display (VFR),0,33,189,0,222,0,9,30,0,39,0,42,219,0,261,126,0,126,387
08/17/2001,PTK,MI,AGL,CE,Towers with Display (VFR),2,36,204,2,244,0,8,200,6,214,2,44,404,8,458,602,0,602,1060
08/18/2001,PTK,MI,AGL,CE,Towers with Display (VFR),2,12,76,1,91,0,8,304,15,327,2,20,380,16,418,504,0,504,922
08/19/2001,PTK,MI,AGL,CE,Towers with Display (VFR),1,8,119,1,129,0,1,126,13,140,1,9,245,14,269,430,0,430,699
08/20/2001,PTK,MI,AGL,CE,Towers with Display (VFR),3,38,168,2,211,0,0,115,0,115,3,38,283,2,326,250,0,250,576
08/21/2001,PTK,MI,AGL,CE,Towers with Display (VFR),2,31,180,0,213,0,11,312,0,323,2,42,492,0,536,626,0,626,1162
08/22/2001,PTK,MI,AGL,CE,Towers with Display (VFR),2,26,155,2,185,0,4,93,0,97,2,30,248,2,282,192,0,192,474
08/23/2001,PTK,MI,AGL,CE,Towers with Display (VFR),0,35,205,0,240,0,4,125,0,129,0,39,330,0,369,348,0,348,717
08/24/2001,PTK,MI,AGL,CE,Towers with Display (VFR),2,35,152,0,189,0,6,214,2,222,2,41,366,2,411,432,0,432,843
08/25/2001,PTK,MI,AGL,CE,Towers with Display (VFR),0,10,104,0,114,0,4,205,0,209,0,14,309,0,323,584,0,584,907
08/26/2001,PTK,MI,AGL,CE,Towers with Display (VFR),0,6,126,0,132,0,2,251,0,253,0,8,377,0,385,404,0,404,789
08/27/2001,PTK,MI,AGL,CE,Towers with Display (VFR),2,33,119,0,154,0,11,266,0,277,2,44,385,0,431,658,0,658,1089
08/28/2001,PTK,MI,AGL,CE,Towers with Display (VFR),0,28,176,0,204,0,4,307,0,311,0,32,483,0,515,428,0,428,943
08/29/2001,PTK,MI,AGL,CE,Towers with Display (VFR),4,30,156,0,190,0,17,264,0,281,4,47,420,0,471,806,0,806,1277
08/30/2001,PTK,MI,AGL,CE,Towers with Display (VFR),1,50,184,0,235,0,8,216,0,224,1,58,400,0,459,568,0,568,1027
08/31/2001,PTK,MI,AGL,CE,Towers with Display (VFR),2,27,191,0,220,0,9,211,0,220,2,36,402,0,440,450,0,450,890
09/01/2001,PTK,MI,AGL,CE,Towers with Display (VFR),0,13,93,0,106,0,6,364,0,370,0,19,457,0,476,398,0,398,874
09/02/2001,PTK,MI,AGL,CE,Towers with Display (VFR),0,10,55,0,65,0,7,359,1,367,0,17,414,1,432,572,0,572,1004
09/03/2001,PTK,MI,AGL,CE,Towers with Display (VFR),2,10,106,0,118,0,0,249,0,249,2,10,355,0,367,294,0,294,661
09/04/2001,PTK,MI,AGL,CE,Towers with Display (VFR),0,28,125,0,153,0,1,180,0,181,0,29,305,0,334,358,0,358,692
09/05/2001,PTK,MI,AGL,CE,Towers with Display (VFR),2,28,174,0,204,0,3,233,0,236,2,31,407,0,440,554,0,554,994
09/06/2001,PTK,MI,AGL,CE,Towers with Display (VFR),0,38,177,0,215,0,12,257,0,269,0,50,434,0,484,554,0,554,1038
09/07/2001,PTK,MI,AGL,CE,Towers with Display (VFR),2,34,164,0,200,0,11,126,0,137,2,45,290,0,337,488,0,488,825
09/08/2001,PTK,MI,AGL,CE,Towers with Display (VFR),0,13,97,0,110,0,2,113,4,119,0,15,210,4,229,408,0,408,637
09/09/2001,PTK,MI,AGL,CE,Towers with Display (VFR),2,10,97,0,109,0,0,9,0,9,2,10,106,0,118,66,0,66,184
09/10/2001,PTK,MI,AGL,CE,Towers with Display (VFR),6,30,130,0,166,0,3,207,0,210,6,33,337,0,376,434,0,434,810
09/11/2001,PTK,MI,AGL,CE,Towers with Display (VFR),0,3,42,0,45,0,0,45,0,45,0,3,87,0,90,68,0,68,158
09/12/2001,PTK,MI,AGL,CE,Towers with Display (VFR),0,3,0,0,3,0,3,0,0,3,0,6,0,0,6,0,0,0,6
09/13/2001,PTK,MI,AGL,CE,Towers with Display (VFR),0,38,3,0,41,0,0,3,0,3,0,38,6,0,44,0,0,0,44
09/14/2001,PTK,MI,AGL,CE,Towers with Display (VFR),0,76,24,0,100,0,2,0,0,2,0,78,24,0,102,0,0,0,102
09/15/2001,PTK,MI,AGL,CE,Towers with Display (VFR),0,34,142,0,176,0,0,0,0,0,0,34,142,0,176,0,0,0,176
09/16/2001,PTK,MI,AGL,CE,Towers with Display (VFR),2,14,120,0,136,0,0,0,0,0,2,14,120,0,136,0,0,0,136
09/17/2001,PTK,MI,AGL,CE,Towers with Display (VFR),2,24,164,0,190,0,0,0,0,0,2,24,164,0,190,0,0,0,190
09/18/2001,PTK,MI,AGL,CE,Towers with Display (VFR),0,53,163,0,216,0,3,1,0,4,0,56,164,0,220,0,0,0,220
09/19/2001,PTK,MI,AGL,CE,Towers with Display (VFR),2,50,136,0,188,0,0,0,0,0,2,50,136,0,188,0,0,0,188
09/20/2001,PTK,MI,AGL,CE,Towers with Display (VFR),0,71,196,0,267,0,2,37,0,39,0,73,233,0,306,0,0,0,306
09/21/2001,PTK,MI,AGL,CE,Towers with Display (VFR),2,59,141,0,202,0,1,19,0,20,2,60,160,0,222,62,0,62,284
09/22/2001,PTK,MI,AGL,CE,Towers with Display (VFR),0,15,125,0,140,0,1,275,0,276,0,16,400,0,416,352,0,352,768
09/23/2001,PTK,MI,AGL,CE,Towers with Display (VFR),2,12,96,0,110,0,0,194,0,194,2,12,290,0,304,410,0,410,714
09/24/2001,PTK,MI,AGL,CE,Towers with Display (VFR),1,38,137,0,176,1,10,0,0,11,2,48,137,0,187,16,0,16,203
09/25/2001,PTK,MI,AGL,CE,Towers with Display (VFR),1,52,153,0,206,0,0,3,0,3,1,52,156,0,209,8,0,8,217
09/26/2001,PTK,MI,AGL,CE,Towers with Display (VFR),2,61,161,0,224,0,1,74,0,75,2,62,235,0,299,416,0,416,715
09/27/2001,PTK,MI,AGL,CE,Towers with Display (VFR),2,50,217,0,269,0,3,70,0,73,2,53,287,0,342,152,0,152,494
09/28/2001,PTK,MI,AGL,CE,Towers with Display (VFR),2,71,206,0,279,0,5,126,0,131,2,76,332,0,410,280,0,280,690
09/29/2001,PTK,MI,AGL,CE,Towers with Display (VFR),0,38,115,0,153,0,7,371,0,378,0,45,486,0,531,626,0,626,1157
09/30/2001,PTK,MI,AGL,CE,Towers with Display (VFR),2,23,130,0,155,0,2,389,0,391,2,25,519,0,546,802,0,802,1348
10/01/2001,PTK,MI,AGL,CE,Towers with Display (VFR),2,39,123,0,164,0,0,188,0,188,2,39,311,0,352,414,0,414,766
10/02/2001,PTK,MI,AGL,CE,Towers with Display (VFR),0,52,165,0,217,0,2,256,0,258,0,54,421,0,475,574,0,574,1049
10/03/2001,PTK,MI,AGL,CE,Towers with Display (VFR),2,51,156,0,209,0,2,179,0,181,2,53,335,0,390,224,0,224,614
10/04/2001,PTK,MI,AGL,CE,Towers with Display (VFR),0,50,183,0,233,0,2,96,0,98,0,52,279,0,331,312,0,312,643
10/05/2001,PTK,MI,AGL,CE,Towers with Display (VFR),2,47,136,0,185,0,3,11,0,14,2,50,147,0,199,22,0,22,221
10/06/2001,PTK,MI,AGL,CE,Towers with Display (VFR),0,13,82,0,95,0,0,150,0,150,0,13,232,0,245,332,0,332,577
10/07/2001,PTK,MI,AGL,CE,Towers with Display (VFR),4,15,107,0,126,0,5,395,0,400,4,20,502,0,526,596,0,596,1122
10/08/2001,PTK,MI,AGL,CE,Towers with Display (VFR),3,31,152,0,186,0,5,215,0,220,3,36,367,0,406,570,0,570,976
10/09/2001,PTK,MI,AGL,CE,Towers with Display (VFR),2,53,191,0,246,0,2,164,0,166,2,55,355,0,412,236,0,236,648
10/10/2001,PTK,MI,AGL,CE,Towers with Display (VFR),4,63,161,0,228,0,8,171,0,179,4,71,332,0,407,460,0,460,867
10/11/2001,PTK,MI,AGL,CE,Towers with Display (VFR),2,56,199,0,257,0,2,29,0,31,2,58,228,0,288,110,0,110,398
10/12/2001,PTK,MI,AGL,CE,Towers with Display (VFR),2,44,176,0,222,0,4,13,0,17,2,48,189,0,239,58,0,58,297
10/13/2001,PTK,MI,AGL,CE,Towers with Display (VFR),0,15,109,0,124,0,0,6,0,6,0,15,115,0,130,10,0,10,140
10/14/2001,PTK,MI,AGL,CE,Towers with Display (VFR),2,20,101,0,123,0,0,15,0,15,2,20,116,0,138,50,0,50,188
10/15/2001,PTK,MI,AGL,CE,Towers with Display (VFR),3,32,133,0,168,0,2,171,0,173,3,34,304,0,341,334,0,334,675
10/16/2001,PTK,MI,AGL,CE,Towers with Display (VFR),1,38,140,0,179,0,0,3,0,3,1,38,143,0,182,6,0,6,188
10/17/2001,PTK,MI,AGL,CE,Towers with Display (VFR),2,46,168,0,216,0,3,156,0,159,2,49,324,0,375,244,0,244,619
10/18/2001,PTK,MI,AGL,CE,Towers with Display (VFR),0,51,189,0,240,0,6,213,0,219,0,57,402,0,459,454,0,454,913
10/19/2001,PTK,MI,AGL,CE,Towers with Display (VFR),2,63,174,0,239,0,3,186,0,189,2,66,360,0,428,386,0,386,814
10/20/2001,PTK,MI,AGL,CE,Towers with Display (VFR),2,11,89,0,102,6,1,338,0,345,8,12,427,0,447,416,0,416,863
10/21/2001,PTK,MI,AGL,CE,Towers with Display (VFR),4,25,132,0,161,0,2,204,0,206,4,27,336,0,367,717,0,717,1084
10/22/2001,PTK,MI,AGL,CE,Towers with Display (VFR),2,34,159,0,195,0,4,203,0,207,2,38,362,0,402,402,0,402,804
10/23/2001,PTK,MI,AGL,CE,Towers with Display (VFR),0,32,130,0,162,0,0,104,0,104,0,32,234,0,266,228,0,228,494
10/24/2001,PTK,MI,AGL,CE,Towers with Display (VFR),2,47,144,0,193,0,3,108,0,111,2,50,252,0,304,176,0,176,480
10/25/2001,PTK,MI,AGL,CE,Towers with Display (VFR),0,53,115,0,168,0,3,2,0,5,0,56,117,0,173,0,0,0,173
10/26/2001,PTK,MI,AGL,CE,Towers with Display (VFR),2,36,100,0,138,0,3,34,0,37,2,39,134,0,175,92,0,92,267
10/27/2001,PTK,MI,AGL,CE,Towers with Display (VFR),2,11,69,0,82,0,0,174,0,174,2,11,243,0,256,344,0,344,600
10/28/2001,PTK,MI,AGL,CE,Towers with Display (VFR),4,22,98,0,124,0,0,341,0,341,4,22,439,0,465,608,0,608,1073
10/29/2001,PTK,MI,AGL,CE,Towers with Display (VFR),2,21,177,0,200,0,4,230,0,234,2,25,407,0,434,488,0,488,922
10/30/2001,PTK,MI,AGL,CE,Towers with Display (VFR),0,36,175,0,211,0,5,183,0,188,0,41,358,0,399,242,0,242,641
10/31/2001,PTK,MI,AGL,CE,Towers with Display (VFR),1,37,140,0,178,1,12,175,0,188,2,49,315,0,366,284,0,284,650
11/01/2001,PTK,MI,AGL,CE,Towers with Display (VFR),2,67,185,0,254,0,20,117,0,137,2,87,302,0,391,82,0,82,473
11/02/2001,PTK,MI,AGL,CE,Towers with Display (VFR),4,33,147,0,184,0,6,91,0,97,4,39,238,0,281,226,0,226,507
11/03/2001,PTK,MI,AGL,CE,Towers with Display (VFR),0,22,77,0,99,0,3,361,0,364,0,25,438,0,463,690,0,690,1153
11/04/2001,PTK,MI,AGL,CE,Towers with Display (VFR),3,17,79,0,99,0,0,266,0,266,3,17,345,0,365,586,0,586,951
11/05/2001,PTK,MI,AGL,CE,Towers with Display (VFR),2,37,123,0,162,0,4,214,0,218,2,41,337,0,380,416,0,416,796
11/06/2001,PTK,MI,AGL,CE,Towers with Display (VFR),0,55,151,0,206,0,6,211,0,217,0,61,362,0,423,402,0,402,825
11/07/2001,PTK,MI,AGL,CE,Towers with Display (VFR),2,37,164,0,203,0,10,244,0,254,2,47,408,0,457,318,0,318,775
11/08/2001,PTK,MI,AGL,CE,Towers with Display (VFR),1,62,140,0,203,0,6,79,0,85,1,68,219,0,288,180,0,180,468
11/09/2001,PTK,MI,AGL,CE,Towers with Display (VFR),2,50,162,0,214,0,4,254,0,258,2,54,416,0,472,486,0,486,958
11/10/2001,PTK,MI,AGL,CE,Towers with Display (VFR),2,13,76,0,91,0,0,268,0,268,2,13,344,0,359,508,0,508,867
11/11/2001,PTK,MI,AGL,CE,Towers with Display (VFR),6,27,93,0,126,0,6,294,0,300,6,33,387,0,426,404,0,404,830
11/12/2001,PTK,MI,AGL,CE,Towers with Display (VFR),2,32,125,0,159,0,2,240,0,242,2,34,365,0,401,430,0,430,831
11/13/2001,PTK,MI,AGL,CE,Towers with Display (VFR),0,33,166,0,199,0,3,206,0,209,0,36,372,0,408,332,0,332,740
11/14/2001,PTK,MI,AGL,CE,Towers with Display (VFR),3,50,177,0,230,0,6,192,0,198,3,56,369,0,428,544,0,544,972
11/15/2001,PTK,MI,AGL,CE,Towers with Display (VFR),1,64,173,0,238,0,6,122,2,130,1,70,295,2,368,296,0,296,664
11/16/2001,PTK,MI,AGL,CE,Towers with Display (VFR),2,26,217,0,245,1,2,207,0,210,3,28,424,0,455,322,0,322,777
11/17/2001,PTK,MI,AGL,CE,Towers with Display (VFR),0,26,100,0,126,2,3,303,0,308,2,29,403,0,434,548,0,548,982
11/18/2001,PTK,MI,AGL,CE,Towers with Display (VFR),2,18,108,0,128,0,0,53,0,53,2,18,161,0,181,174,0,174,355
11/19/2001,PTK,MI,AGL,CE,Towers with Display (VFR),2,32,133,2,169,0,2,15,0,17,2,34,148,2,186,124,0,124,310
11/20/2001,PTK,MI,AGL,CE,Towers with Display (VFR),0,44,159,0,203,0,8,183,0,191,0,52,342,0,394,402,0,402,796
11/21/2001,PTK,MI,AGL,CE,Towers with Display (VFR),2,38,153,0,193,2,21,240,0,263,4,59,393,0,456,428,0,428,884
11/22/2001,PTK,MI,AGL,CE,Towers with Display (VFR),0,10,41,0,51,2,0,121,0,123,2,10,162,0,174,120,0,120,294
11/23/2001,PTK,MI,AGL,CE,Towers with Display (VFR),0,6,81,0,87,0,2,226,0,228,0,8,307,0,315,318,0,318,633
11/24/2001,PTK,MI,AGL,CE,Towers with Display (VFR),2,16,69,0,87,0,0,109,0,109,2,16,178,0,196,280,0,280,476
11/25/2001,PTK,MI,AGL,CE,Towers with Display (VFR),2,20,118,0,140,0,1,31,0,32,2,21,149,0,172,108,0,108,280
11/26/2001,PTK,MI,AGL,CE,Towers with Display (VFR),2,26,176,0,204,0,5,129,0,134,2,31,305,0,338,368,0,368,706
11/27/2001,PTK,MI,AGL,CE,Towers with Display (VFR),0,46,167,0,213,0,2,22,0,24,0,48,189,0,237,78,0,78,315
11/28/2001,PTK,MI,AGL,CE,Towers with Display (VFR),4,36,203,0,243,0,0,4,0,4,4,36,207,0,247,8,0,8,255
11/29/2001,PTK,MI,AGL,CE,Towers with Display (VFR),0,40,168,0,208,0,0,0,0,0,0,40,168,0,208,0,0,0,208
11/30/2001,PTK,MI,AGL,CE,Towers with Display (VFR),2,31,159,0,192,0,1,25,0,26,2,32,184,0,218,72,0,72,290
12/01/2001,PTK,MI,AGL,CE,Towers with Display (VFR),0,13,78,0,91,0,1,119,0,120,0,14,197,0,211,582,0,582,793
12/02/2001,PTK,MI,AGL,CE,Towers with Display (VFR),3,22,109,0,134,0,1,272,0,273,3,23,381,0,407,656,0,656,1063
12/03/2001,PTK,MI,AGL,CE,Towers with Display (VFR),2,41,146,0,189,0,5,290,0,295,2,46,436,0,484,418,0,418,902
12/04/2001,PTK,MI,AGL,CE,Towers with Display (VFR),1,56,204,0,261,0,5,124,0,129,1,61,328,0,390,378,0,378,768
12/05/2001,PTK,MI,AGL,CE,Towers with Display (VFR),5,47,150,0,202,0,8,206,0,214,5,55,356,0,416,204,0,204,620
12/06/2001,PTK,MI,AGL,CE,Towers with Display (VFR),1,24,144,0,169,0,9,208,0,217,1,33,352,0,386,310,0,310,696
12/07/2001,PTK,MI,AGL,CE,Towers with Display (VFR),2,32,166,0,200,0,5,84,0,89,2,37,250,0,289,198,0,198,487
12/08/2001,PTK,MI,AGL,CE,Towers with Display (VFR),0,12,189,0,201,0,2,240,0,242,0,14,429,0,443,502,0,502,945
12/09/2001,PTK,MI,AGL,CE,Towers with Display (VFR),5,15,91,0,111,0,7,311,0,318,5,22,402,0,429,772,0,772,1201
12/10/2001,PTK,MI,AGL,CE,Towers with Display (VFR),2,27,138,0,167,0,10,294,0,304,2,37,432,0,471,554,0,554,1025
12/11/2001,PTK,MI,AGL,CE,Towers with Display (VFR),1,37,139,0,177,0,7,341,0,348,1,44,480,0,525,486,0,486,1011
12/12/2001,PTK,MI,AGL,CE,Towers with Display (VFR),4,38,188,0,230,0,1,88,0,89,4,39,276,0,319,316,0,316,635
12/13/2001,PTK,MI,AGL,CE,Towers with Display (VFR),2,48,164,0,214,0,0,44,0,44,2,48,208,0,258,184,0,184,442
12/14/2001,PTK,MI,AGL,CE,Towers with Display (VFR),2,43,150,0,195,0,4,27,0,31,2,47,177,0,226,146,0,146,372
12/15/2001,PTK,MI,AGL,CE,Towers with Display (VFR),2,14,121,0,137,0,0,30,0,30,2,14,151,0,167,264,0,264,431
12/16/2001,PTK,MI,AGL,CE,Towers with Display (VFR),4,16,98,0,118,0,3,190,0,193,4,19,288,0,311,358,0,358,669
12/17/2001,PTK,MI,AGL,CE,Towers with Display (VFR),2,50,116,0,168,0,0,0,0,0,2,50,116,0,168,0,0,0,168
12/18/2001,PTK,MI,AGL,CE,Towers with Display (VFR),0,43,135,0,178,0,4,208,0,212,0,47,343,0,390,626,0,626,1016
12/19/2001,PTK,MI,AGL,CE,Towers with Display (VFR),2,27,163,0,192,0,0,35,0,35,2,27,198,0,227,182,0,182,409
12/20/2001,PTK,MI,AGL,CE,Towers with Display (VFR),2,42,142,0,186,0,4,234,0,238,2,46,376,0,424,380,0,380,804
12/21/2001,PTK,MI,AGL,CE,Towers with Display (VFR),2,29,137,0,168,0,12,222,0,234,2,41,359,0,402,400,0,400,802
12/22/2001,PTK,MI,AGL,CE,Towers with Display (VFR),0,17,103,0,120,0,2,297,0,299,0,19,400,0,419,318,0,318,737
12/23/2001,PTK,MI,AGL,CE,Towers with Display (VFR),0,8,53,0,61,0,0,19,0,19,0,8,72,0,80,144,0,144,224
12/24/2001,PTK,MI,AGL,CE,Towers with Display (VFR),0,9,41,0,50,0,0,9,0,9,0,9,50,0,59,138,0,138,197
12/25/2001,PTK,MI,AGL,CE,Towers with Display (VFR),0,6,15,0,21,0,0,0,0,0,0,6,15,0,21,0,0,0,21
12/26/2001,PTK,MI,AGL,CE,Towers with Display (VFR),1,22,111,0,134,1,0,94,0,95,2,22,205,0,229,366,0,366,595
12/27/2001,PTK,MI,AGL,CE,Towers with Display (VFR),2,18,101,0,121,0,0,4,0,4,2,18,105,0,125,0,0,0,125
12/28/2001,PTK,MI,AGL,CE,Towers with Display (VFR),0,8,58,0,66,0,0,68,0,68,0,8,126,0,134,300,0,300,434
12/29/2001,PTK,MI,AGL,CE,Towers with Display (VFR),3,10,47,0,60,0,2,57,0,59,3,12,104,0,119,272,0,272,391
12/30/2001,PTK,MI,AGL,CE,Towers with Display (VFR),3,8,50,0,61,0,0,29,0,29,3,8,79,0,90,334,0,334,424
12/31/2001,PTK,MI,AGL,CE,Towers with Display (VFR),0,4,59,0,63,0,0,48,0,48,0,4,107,0,111,384,0,384,495
01/01/2002,PTK,MI,AGL,CE,Towers with Display (VFR),0,13,77,0,90,0,1,195,0,196,0,14,272,0,286,326,0,326,612
01/02/2002,PTK,MI,AGL,CE,Towers with Display (VFR),2,36,92,0,130,0,15,221,0,236,2,51,313,0,366,442,0,442,808
01/03/2002,PTK,MI,AGL,CE,Towers with Display (VFR),0,19,91,0,110,0,8,232,0,240,0,27,323,0,350,348,0,348,698
01/04/2002,PTK,MI,AGL,CE,Towers with Display (VFR),2,36,104,0,142,0,13,166,0,179,2,49,270,0,321,250,0,250,571
01/05/2002,PTK,MI,AGL,CE,Towers with Display (VFR),1,20,75,0,96,0,1,202,0,203,1,21,277,0,299,370,0,370,669
01/06/2002,PTK,MI,AGL,CE,Towers with Display (VFR),4,12,92,0,108,0,1,11,0,12,4,13,103,0,120,78,0,78,198
01/07/2002,PTK,MI,AGL,CE,Towers with Display (VFR),3,24,98,0,125,0,4,196,0,200,3,28,294,0,325,388,0,388,713
01/08/2002,PTK,MI,AGL,CE,Towers with Display (VFR),1,23,149,0,173,0,2,187,1,190,1,25,336,1,363,334,0,334,697
01/09/2002,PTK,MI,AGL,CE,Towers with Display (VFR),2,21,114,4,141,0,5,160,6,171,2,26,274,10,312,312,0,312,624
01/10/2002,PTK,MI,AGL,CE,Towers with Display (VFR),0,45,173,0,218,0,10,247,0,257,0,55,420,0,475,496,0,496,971
01/11/2002,PTK,MI,AGL,CE,Towers with Display (VFR),2,29,123,0,154,0,11,125,0,136,2,40,248,0,290,366,0,366,656
01/12/2002,PTK,MI,AGL,CE,Towers with Display (VFR),1,6,104,0,111,0,1,223,0,224,1,7,327,0,335,542,0,542,877
01/13/2002,PTK,MI,AGL,CE,Towers with Display (VFR),2,13,90,0,105,0,1,256,0,257,2,14,346,0,362,636,0,636,998
01/14/2002,PTK,MI,AGL,CE,Towers with Display (VFR),3,28,115,0,146,0,0,76,0,76,3,28,191,0,222,202,0,202,424
01/15/2002,PTK,MI,AGL,CE,Towers with Display (VFR),1,27,142,0,170,0,5,21,0,26,1,32,163,0,196,40,0,40,236
01/16/2002,PTK,MI,AGL,CE,Towers with Display (VFR),2,32,130,0,164,0,0,45,0,45,2,32,175,0,209,250,0,250,459
01/17/2002,PTK,MI,AGL,CE,Towers with Display (VFR),0,32,153,0,185,0,0,83,0,83,0,32,236,0,268,232,0,232,500
01/18/2002,PTK,MI,AGL,CE,Towers with Display (VFR),2,33,153,0,188,0,4,140,0,144,2,37,293,0,332,454,0,454,786
01/19/2002,PTK,MI,AGL,CE,Towers with Display (VFR),0,4,72,0,76,0,7,320,0,327,0,11,392,0,403,474,0,474,877
01/20/2002,PTK,MI,AGL,CE,Towers with Display (VFR),3,18,94,0,115,0,0,153,0,153,3,18,247,0,268,502,0,502,770
01/21/2002,PTK,MI,AGL,CE,Towers with Display (VFR),1,19,102,0,122,2,0,67,0,69,3,19,169,0,191,156,0,156,347
01/22/2002,PTK,MI,AGL,CE,Towers with Display (VFR),2,32,152,0,186,0,6,275,0,281,2,38,427,0,467,626,0,626,1093
01/23/2002,PTK,MI,AGL,CE,Towers with Display (VFR),2,38,172,0,212,0,1,5,0,6,2,39,177,0,218,2,0,2,220
01/24/2002,PTK,MI,AGL,CE,Towers with Display (VFR),1,30,135,0,166,0,3,39,0,42,1,33,174,0,208,108,0,108,316
01/25/2002,PTK,MI,AGL,CE,Towers with Display (VFR),2,43,145,0,190,0,3,239,0,242,2,46,384,0,432,350,0,350,782
01/26/2002,PTK,MI,AGL,CE,Towers with Display (VFR),0,13,67,0,80,0,1,459,0,460,0,14,526,0,540,706,0,706,1246
01/27/2002,PTK,MI,AGL,CE,Towers with Display (VFR),2,18,114,0,134,0,1,426,0,427,2,19,540,0,561,744,0,744,1305
01/28/2002,PTK,MI,AGL,CE,Towers with Display (VFR),2,28,134,0,164,0,1,191,0,192,2,29,325,0,356,680,0,680,1036
01/29/2002,PTK,MI,AGL,CE,Towers with Display (VFR),0,28,125,0,153,0,0,0,0,0,0,28,125,0,153,0,0,0,153
01/30/2002,PTK,MI,AGL,CE,Towers with Display (VFR),3,46,133,0,182,0,2,8,0,10,3,48,141,0,192,4,0,4,196
01/31/2002,PTK,MI,AGL,CE,Towers with Display (VFR),0,30,63,0,93,0,0,0,0,0,0,30,63,0,93,0,0,0,93
02/01/2002,PTK,MI,AGL,CE,Towers with Display (VFR),3,36,98,0,137,1,1,8,0,10,4,37,106,0,147,24,0,24,171
02/02/2002,PTK,MI,AGL,CE,Towers with Display (VFR),0,6,89,0,95,0,0,278,0,278,0,6,367,0,373,430,0,430,803
02/03/2002,PTK,MI,AGL,CE,Towers with Display (VFR),1,15,75,0,91,1,0,121,0,122,2,15,196,0,213,462,0,462,675
02/04/2002,PTK,MI,AGL,CE,Towers with Display (VFR),2,26,124,0,152,0,5,45,0,50,2,31,169,0,202,94,0,94,296
02/05/2002,PTK,MI,AGL,CE,Towers with Display (VFR),1,30,111,0,142,0,3,89,0,92,1,33,200,0,234,250,0,250,484
02/06/2002,PTK,MI,AGL,CE,Towers with Display (VFR),2,27,148,0,177,0,14,295,0,309,2,41,443,0,486,848,0,848,1334
02/07/2002,PTK,MI,AGL,CE,Towers with Display (VFR),1,34,184,0,219,0,10,128,0,138,1,44,312,0,357,536,0,536,893
02/08/2002,PTK,MI,AGL,CE,Towers with Display (VFR),3,47,162,0,212,0,9,298,0,307,3,56,460,0,519,460,0,460,979
02/09/2002,PTK,MI,AGL,CE,Towers with Display (VFR),0,16,137,0,153,0,2,335,0,337,0,18,472,0,490,666,0,666,1156
02/10/2002,PTK,MI,AGL,CE,Towers with Display (VFR),0,15,66,0,81,0,6,123,0,129,0,21,189,0,210,462,0,462,672
02/11/2002,PTK,MI,AGL,CE,Towers with Display (VFR),3,25,128,0,156,0,8,235,0,243,3,33,363,0,399,452,0,452,851
02/12/2002,PTK,MI,AGL,CE,Towers with Display (VFR),1,23,148,0,172,0,5,63,0,68,1,28,211,0,240,6,0,6,246
02/13/2002,PTK,MI,AGL,CE,Towers with Display (VFR),2,26,153,0,181,0,10,272,1,283,2,36,425,1,464,534,0,534,998
02/14/2002,PTK,MI,AGL,CE,Towers with Display (VFR),0,35,164,0,199,0,24,214,1,239,0,59,378,1,438,226,0,226,664
02/15/2002,PTK,MI,AGL,CE,Towers with Display (VFR),2,42,136,0,180,0,12,82,0,94,2,54,218,0,274,118,0,118,392
02/16/2002,PTK,MI,AGL,CE,Towers with Display (VFR),0,19,68,0,87,0,2,8,0,10,0,21,76,0,97,42,0,42,139
02/17/2002,PTK,MI,AGL,CE,Towers with Display (VFR),3,8,108,0,119,0,0,177,0,177,3,8,285,0,296,570,0,570,866
02/18/2002,PTK,MI,AGL,CE,Towers with Display (VFR),3,35,107,0,145,0,4,264,0,268,3,39,371,0,413,482,0,482,895
02/19/2002,PTK,MI,AGL,CE,Towers with Display (VFR),2,36,160,0,198,0,4,98,0,102,2,40,258,0,300,204,0,204,504
02/20/2002,PTK,MI,AGL,CE,Towers with Display (VFR),5,22,138,0,165,0,0,12,0,12,5,22,150,0,177,26,0,26,203
02/21/2002,PTK,MI,AGL,CE,Towers with Display (VFR),0,31,144,0,175,0,0,1,0,1,0,31,145,0,176,0,0,0,176
02/22/2002,PTK,MI,AGL,CE,Towers with Display (VFR),4,22,107,0,133,0,11,289,0,300,4,33,396,0,433,532,0,532,965
02/23/2002,PTK,MI,AGL,CE,Towers with Display (VFR),0,16,73,0,89,0,5,538,0,543,0,21,611,0,632,850,0,850,1482
02/24/2002,PTK,MI,AGL,CE,Towers with Display (VFR),2,12,91,0,105,0,2,388,0,390,2,14,479,0,495,602,0,602,1097
02/25/2002,PTK,MI,AGL,CE,Towers with Display (VFR),4,25,119,0,148,0,0,166,0,166,4,25,285,0,314,584,0,584,898
02/26/2002,PTK,MI,AGL,CE,Towers with Display (VFR),0,40,90,0,130,0,0,2,0,2,0,40,92,0,132,0,0,0,132
02/27/2002,PTK,MI,AGL,CE,Towers with Display (VFR),5,29,143,0,177,0,2,17,0,19,5,31,160,0,196,14,0,14,210
02/28/2002,PTK,MI,AGL,CE,Towers with Display (VFR),1,38,176,0,215,0,7,216,0,223,1,45,392,0,438,390,0,390,828
03/01/2002,PTK,MI,AGL,CE,Towers with Display (VFR),3,32,147,0,182,0,8,176,0,184,3,40,323,0,366,522,0,522,888
03/02/2002,PTK,MI,AGL,CE,Towers with Display (VFR),3,11,27,0,41,0,0,21,0,21,3,11,48,0,62,88,0,88,150
03/03/2002,PTK,MI,AGL,CE,Towers with Display (VFR),2,17,58,0,77,0,0,13,0,13,2,17,71,0,90,52,0,52,142
03/04/2002,PTK,MI,AGL,CE,Towers with Display (VFR),2,38,111,0,151,0,8,114,0,122,2,46,225,0,273,242,0,242,515
03/05/2002,PTK,MI,AGL,CE,Towers with Display (VFR),1,33,136,0,170,0,5,112,0,117,1,38,248,0,287,288,0,288,575
03/06/2002,PTK,MI,AGL,CE,Towers with Display (VFR),2,27,168,0,197,0,1,179,0,180,2,28,347,0,377,510,0,510,887
03/07/2002,PTK,MI,AGL,CE,Towers with Display (VFR),0,48,127,0,175,0,4,58,0,62,0,52,185,0,237,220,0,220,457
03/08/2002,PTK,MI,AGL,CE,Towers with Display (VFR),2,49,158,0,209,0,6,109,0,115,2,55,267,0,324,208,0,208,532
03/09/2002,PTK,MI,AGL,CE,Towers with Display (VFR),0,15,15,0,30,0,0,2,0,2,0,15,17,0,32,48,0,48,80
03/10/2002,PTK,MI,AGL,CE,Towers with Display (VFR),4,22,67,0,93,0,0,2,0,2,4,22,69,0,95,118,0,118,213
03/11/2002,PTK,MI,AGL,CE,Towers with Display (VFR),2,33,119,0,154,0,6,178,0,184,2,39,297,0,338,292,0,292,630
03/12/2002,PTK,MI,AGL,CE,Towers with Display (VFR),3,21,151,0,175,0,18,247,0,265,3,39,398,0,440,780,0,780,1220
03/13/2002,PTK,MI,AGL,CE,Towers with Display (VFR),3,42,150,0,195,0,8,233,2,243,3,50,383,2,438,472,0,472,910
03/14/2002,PTK,MI,AGL,CE,Towers with Display (VFR),1,22,139,0,162,0,7,195,0,202,1,29,334,0,364,340,0,340,704
03/15/2002,PTK,MI,AGL,CE,Towers with Display (VFR),3,54,121,0,178,0,8,95,0,103,3,62,216,0,281,160,0,160,441
03/16/2002,PTK,MI,AGL,CE,Towers with Display (VFR),3,30,94,0,127,0,2,388,0,390,3,32,482,0,517,510,0,510,1027
03/17/2002,PTK,MI,AGL,CE,Towers with Display (VFR),2,21,104,0,127,0,1,278,0,279,2,22,382,0,406,610,0,610,1016
03/18/2002,PTK,MI,AGL,CE,Towers with Display (VFR),2,37,161,0,200,0,5,135,0,140,2,42,296,0,340,398,0,398,738
03/19/2002,PTK,MI,AGL,CE,Towers with Display (VFR),1,54,137,0,192,0,7,231,0,238,1,61,368,0,430,384,0,384,814
03/20/2002,PTK,MI,AGL,CE,Towers with Display (VFR),2,47,173,0,222,0,10,80,0,90,2,57,253,0,312,208,0,208,520
03/21/2002,PTK,MI,AGL,CE,Towers with Display (VFR),0,42,117,0,159,0,10,36,0,46,0,52,153,0,205,0,0,0,205
03/22/2002,PTK,MI,AGL,CE,Towers with Display (VFR),3,44,142,0,189,0,5,29,0,34,3,49,171,0,223,24,0,24,247
03/23/2002,PTK,MI,AGL,CE,Towers with Display (VFR),1,21,59,0,81,0,6,134,0,140,1,27,193,0,221,244,0,244,465
03/24/2002,PTK,MI,AGL,CE,Towers with Display (VFR),1,13,113,0,127,2,0,278,0,280,3,13,391,0,407,676,0,676,1083
03/25/2002,PTK,MI,AGL,CE,Towers with Display (VFR),4,44,98,0,146,0,3,91,0,94,4,47,189,0,240,154,0,154,394
03/26/2002,PTK,MI,AGL,CE,Towers with Display (VFR),1,18,65,0,84,1,22,73,0,96,2,40,138,0,180,20,0,20,200
03/27/2002,PTK,MI,AGL,CE,Towers with Display (VFR),2,42,147,0,191,2,3,369,1,375,4,45,516,1,566,658,0,658,1224
03/28/2002,PTK,MI,AGL,CE,Towers with Display (VFR),0,45,146,0,191,0,19,224,0,243,0,64,370,0,434,376,0,376,810
03/29/2002,PTK,MI,AGL,CE,Towers with Display (VFR),2,30,201,0,233,0,0,28,0,28,2,30,229,0,261,248,0,248,509
03/30/2002,PTK,MI,AGL,CE,Towers with Display (VFR),1,13,90,0,104,0,2,182,0,184,1,15,272,0,288,276,0,276,564
03/31/2002,PTK,MI,AGL,CE,Towers with Display (VFR),1,8,40,0,49,0,0,159,0,159,1,8,199,0,208,422,0,422,630
04/01/2002,PTK,MI,AGL,CE,Towers with Display (VFR),0,24,88,0,112,0,2,180,0,182,0,26,268,0,294,616,0,616,910
04/02/2002,PTK,MI,AGL,CE,Towers with Display (VFR),0,52,82,2,136,0,1,0,0,1,0,53,82,2,137,0,0,0,137
04/03/2002,PTK,MI,AGL,CE,Towers with Display (VFR),1,33,110,8,152,1,9,133,0,143,2,42,243,8,295,208,10,218,513
04/04/2002,PTK,MI,AGL,CE,Towers with Display (VFR),2,42,138,0,182,1,11,210,0,222,3,53,348,0,404,422,0,422,826
04/05/2002,PTK,MI,AGL,CE,Towers with Display (VFR),2,37,145,2,186,0,9,95,11,115,2,46,240,13,301,214,0,214,515
04/06/2002,PTK,MI,AGL,CE,Towers with Display (VFR),0,29,98,0,127,0,2,387,0,389,0,31,485,0,516,586,0,586,1102
04/07/2002,PTK,MI,AGL,CE,Towers with Display (VFR),5,28,86,2,121,0,1,163,0,164,5,29,249,2,285,354,2,356,641
04/08/2002,PTK,MI,AGL,CE,Towers with Display (VFR),4,33,129,0,166,0,1,20,0,21,4,34,149,0,187,118,0,118,305
04/09/2002,PTK,MI,AGL,CE,Towers with Display (VFR),2,39,138,1,180,0,5,96,0,101,2,44,234,1,281,124,0,124,405
04/10/2002,PTK,MI,AGL,CE,Towers with Display (VFR),3,47,152,0,202,0,11,435,0,446,3,58,587,0,648,836,0,836,1484
04/11/2002,PTK,MI,AGL,CE,Towers with Display (VFR),1,40,156,0,197,0,19,269,0,288,1,59,425,0,485,240,0,240,725
04/12/2002,PTK,MI,AGL,CE,Towers with Display (VFR),6,33,145,0,184,0,11,106,0,117,6,44,251,0,301,114,0,114,415
04/13/2002,PTK,MI,AGL,CE,Towers with Display (VFR),0,17,103,0,120,0,9,381,0,390,0,26,484,0,510,798,0,798,1308
04/14/2002,PTK,MI,AGL,CE,Towers with Display (VFR),1,15,124,0,140,1,0,116,0,117,2,15,240,0,257,340,0,340,597
04/15/2002,PTK,MI,AGL,CE,Towers with Display (VFR),3,35,164,0,202,0,4,222,0,226,3,39,386,0,428,462,0,462,890
04/16/2002,PTK,MI,AGL,CE,Towers with Display (VFR),1,44,132,4,181,0,12,269,2,283,1,56,401,6,464,448,0,448,912
04/17/2002,PTK,MI,AGL,CE,Towers with Display (VFR),4,52,142,1,199,0,14,186,1,201,4,66,328,2,400,438,0,438,838
04/18/2002,PTK,MI,AGL,CE,Towers with Display (VFR),0,31,152,0,183,0,19,218,0,237,0,50,370,0,420,400,0,400,820
04/19/2002,PTK,MI,AGL,CE,Towers with Display (VFR),2,33,119,2,156,0,13,326,0,339,2,46,445,2,495,550,0,550,1045
04/20/2002,PTK,MI,AGL,CE,Towers with Display (VFR),1,4,86,0,91,0,4,363,0,367,1,8,449,0,458,656,0,656,1114
04/21/2002,PTK,MI,AGL,CE,Towers with Display (VFR),2,8,92,1,103,0,0,111,1,112,2,8,203,2,215,502,0,502,717
04/22/2002,PTK,MI,AGL,CE,Towers with Display (VFR),2,42,123,0,167,0,2,40,0,42,2,44,163,0,209,160,0,160,369
04/23/2002,PTK,MI,AGL,CE,Towers with Display (VFR),3,45,166,1,215,0,18,374,1,393,3,63,540,2,608,664,0,664,1272
04/24/2002,PTK,MI,AGL,CE,Towers with Display (VFR),3,29,127,0,159,0,13,228,0,241,3,42,355,0,400,398,0,398,798
04/25/2002,PTK,MI,AGL,CE,Towers with Display (VFR),1,36,150,0,187,0,18,125,2,145,1,54,275,2,332,352,0,352,684
04/26/2002,PTK,MI,AGL,CE,Towers with Display (VFR),2,35,142,1,180,0,20,373,3,396,2,55,515,4,576,968,0,968,1544
04/27/2002,PTK,MI,AGL,CE,Towers with Display (VFR),0,13,80,0,93,0,10,290,0,300,0,23,370,0,393,532,0,532,925
04/28/2002,PTK,MI,AGL,CE,Towers with Display (VFR),2,20,73,2,97,0,0,2,0,2,2,20,75,2,99,0,0,0,99
04/29/2002,PTK,MI,AGL,CE,Towers with Display (VFR),2,36,122,0,160,0,5,131,0,136,2,41,253,0,296,428,0,428,724
04/30/2002,PTK,MI,AGL,CE,Towers with Display (VFR),0,41,152,0,193,0,0,205,0,205,0,41,357,0,398,316,0,316,714
05/01/2002,PTK,MI,AGL,CE,Towers with Display (VFR),3,37,136,1,177,1,12,273,0,286,4,49,409,1,463,620,0,620,1083
05/02/2002,PTK,MI,AGL,CE,Towers with Display (VFR),3,58,194,2,257,0,13,71,1,85,3,71,265,3,342,208,0,208,550
05/03/2002,PTK,MI,AGL,CE,Towers with Display (VFR),2,43,164,2,211,0,18,347,0,365,2,61,511,2,576,646,0,646,1222
05/04/2002,PTK,MI,AGL,CE,Towers with Display (VFR),3,23,70,0,96,0,4,398,0,402,3,27,468,0,498,630,0,630,1128
05/05/2002,PTK,MI,AGL,CE,Towers with Display (VFR),3,14,99,2,118,0,4,307,0,311,3,18,406,2,429,630,0,630,1059
05/06/2002,PTK,MI,AGL,CE,Towers with Display (VFR),2,37,142,0,181,0,2,62,0,64,2,39,204,0,245,194,0,194,439
05/07/2002,PTK,MI,AGL,CE,Towers with Display (VFR),2,27,187,0,216,0,5,108,0,113,2,32,295,0,329,278,0,278,607
05/08/2002,PTK,MI,AGL,CE,Towers with Display (VFR),4,47,167,0,218,0,8,112,1,121,4,55,279,1,339,208,0,208,547
05/09/2002,PTK,MI,AGL,CE,Towers with Display (VFR),0,42,143,2,187,0,13,14,0,27,0,55,157,2,214,0,0,0,214
05/10/2002,PTK,MI,AGL,CE,Towers with Display (VFR),5,43,125,0,173,0,8,125,0,133,5,51,250,0,306,52,0,52,358
05/11/2002,PTK,MI,AGL,CE,Towers with Display (VFR),0,13,94,0,107,0,9,319,0,328,0,22,413,0,435,562,0,562,997
05/12/2002,PTK,MI,AGL,CE,Towers with Display (VFR),2,16,78,1,97,0,0,0,0,0,2,16,78,1,97,0,0,0,97
05/13/2002,PTK,MI,AGL,CE,Towers with Display (VFR),3,48,131,0,182,0,4,108,0,112,3,52,239,0,294,190,0,190,484
05/14/2002,PTK,MI,AGL,CE,Towers with Display (VFR),1,47,157,5,210,0,25,167,9,201,1,72,324,14,411,334,0,334,745
05/15/2002,PTK,MI,AGL,CE,Towers with Display (VFR),3,57,184,0,244,0,15,450,0,465,3,72,634,0,709,514,0,514,1223
05/16/2002,PTK,MI,AGL,CE,Towers with Display (VFR),0,48,138,1,187,0,6,103,0,109,0,54,241,1,296,90,0,90,386
05/17/2002,PTK,MI,AGL,CE,Towers with Display (VFR),4,43,122,5,174,0,10,202,12,224,4,53,324,17,398,574,0,574,972
05/18/2002,PTK,MI,AGL,CE,Towers with Display (VFR),0,20,103,0,123,0,5,261,0,266,0,25,364,0,389,560,0,560,949
05/19/2002,PTK,MI,AGL,CE,Towers with Display (VFR),2,17,90,4,113,0,4,302,0,306,2,21,392,4,419,512,0,512,931
05/20/2002,PTK,MI,AGL,CE,Towers with Display (VFR),2,48,135,0,185,0,3,162,0,165,2,51,297,0,350,336,0,336,686
05/21/2002,PTK,MI,AGL,CE,Towers with Display (VFR),0,38,156,0,194,0,12,242,0,254,0,50,398,0,448,564,0,564,1012
05/22/2002,PTK,MI,AGL,CE,Towers with Display (VFR),3,37,138,0,178,1,10,313,0,324,4,47,451,0,502,588,0,588,1090
05/23/2002,PTK,MI,AGL,CE,Towers with Display (VFR),2,54,184,2,242,0,20,261,3,284,2,74,445,5,526,428,0,428,954
05/24/2002,PTK,MI,AGL,CE,Towers with Display (VFR),2,47,167,0,216,0,8,182,0,190,2,55,349,0,406,328,0,328,734
05/25/2002,PTK,MI,AGL,CE,Towers with Display (VFR),0,13,75,3,91,0,5,140,0,145,0,18,215,3,236,402,0,402,638
05/26/2002,PTK,MI,AGL,CE,Towers with Display (VFR),0,12,92,0,104,0,4,271,0,275,0,16,363,0,379,440,0,440,819
05/27/2002,PTK,MI,AGL,CE,Towers with Display (VFR),2,22,109,0,133,0,0,292,11,303,2,22,401,11,436,458,0,458,894
05/28/2002,PTK,MI,AGL,CE,Towers with Display (VFR),0,40,139,0,179,0,6,238,0,244,0,46,377,0,423,402,0,402,825
05/29/2002,PTK,MI,AGL,CE,Towers with Display (VFR),2,39,141,0,182,0,13,173,0,186,2,52,314,0,368,474,0,474,842
05/30/2002,PTK,MI,AGL,CE,Towers with Display (VFR),1,55,203,0,259,0,21,208,0,229,1,76,411,0,488,432,0,432,920
05/31/2002,PTK,MI,AGL,CE,Towers with Display (VFR),3,43,149,0,195,0,12,318,0,330,3,55,467,0,525,356,0,356,881
06/01/2002,PTK,MI,AGL,CE,Towers with Display (VFR),1,5,87,0,93,0,10,488,0,498,1,15,575,0,591,588,0,588,1179
06/02/2002,PTK,MI,AGL,CE,Towers with Display (VFR),2,16,98,1,117,0,3,272,0,275,2,19,370,1,392,342,0,342,734
06/03/2002,PTK,MI,AGL,CE,Towers with Display (VFR),3,35,118,0,156,0,5,28,0,33,3,40,146,0,189,204,0,204,393
06/04/2002,PTK,MI,AGL,CE,Towers with Display (VFR),1,44,120,0,165,0,13,101,0,114,1,57,221,0,279,292,0,292,571
06/05/2002,PTK,MI,AGL,CE,Towers with Display (VFR),2,44,200,0,246,0,1,30,0,31,2,45,230,0,277,154,0,154,431
06/06/2002,PTK,MI,AGL,CE,Towers with Display (VFR),0,55,178,0,233,0,17,217,2,236,0,72,395,2,469,440,0,440,909
06/07/2002,PTK,MI,AGL,CE,Towers with Display (VFR),3,44,161,2,210,0,13,368,0,381,3,57,529,2,591,532,0,532,1123
06/08/2002,PTK,MI,AGL,CE,Towers with Display (VFR),0,30,95,0,125,0,7,368,0,375,0,37,463,0,500,524,0,524,1024
06/09/2002,PTK,MI,AGL,CE,Towers with Display (VFR),2,15,106,2,125,0,3,336,0,339,2,18,442,2,464,488,0,488,952
06/10/2002,PTK,MI,AGL,CE,Towers with Display (VFR),4,47,152,0,203,0,7,246,0,253,4,54,398,0,456,470,0,470,926
06/11/2002,PTK,MI,AGL,CE,Towers with Display (VFR),1,48,136,0,185,0,11,148,0,159,1,59,284,0,344,304,0,304,648
06/12/2002,PTK,MI,AGL,CE,Towers with Display (VFR),2,61,167,1,231,0,15,150,8,173,2,76,317,9,404,426,0,426,830
06/13/2002,PTK,MI,AGL,CE,Towers with Display (VFR),0,63,177,2,242,0,13,180,0,193,0,76,357,2,435,578,0,578,1013
06/14/2002,PTK,MI,AGL,CE,Towers with Display (VFR),3,58,162,1,224,0,17,159,2,178,3,75,321,3,402,522,0,522,924
06/15/2002,PTK,MI,AGL,CE,Towers with Display (VFR),1,26,120,0,147,0,2,51,0,53,1,28,171,0,200,80,0,80,280
06/16/2002,PTK,MI,AGL,CE,Towers with Display (VFR),0,18,95,0,113,0,3,135,0,138,0,21,230,0,251,288,0,288,539
06/17/2002,PTK,MI,AGL,CE,Towers with Display (VFR),2,47,151,0,200,0,6,176,0,182,2,53,327,0,382,502,0,502,884
06/18/2002,PTK,MI,AGL,CE,Towers with Display (VFR),0,42,137,0,179,0,16,274,0,290,0,58,411,0,469,626,0,626,1095
06/19/2002,PTK,MI,AGL,CE,Towers with Display (VFR),2,49,181,0,232,1,28,336,0,365,3,77,517,0,597,840,0,840,1437
06/20/2002,PTK,MI,AGL,CE,Towers with Display (VFR),0,34,198,0,232,0,30,329,0,359,0,64,527,0,591,638,0,638,1229
06/21/2002,PTK,MI,AGL,CE,Towers with Display (VFR),2,54,147,0,203,0,13,231,0,244,2,67,378,0,447,728,0,728,1175
06/22/2002,PTK,MI,AGL,CE,Towers with Display (VFR),0,15,71,0,86,0,5,189,0,194,0,20,260,0,280,656,0,656,936
06/23/2002,PTK,MI,AGL,CE,Towers with Display (VFR),2,14,139,0,155,0,7,266,0,273,2,21,405,0,428,546,0,546,974
06/24/2002,PTK,MI,AGL,CE,Towers with Display (VFR),1,42,155,0,198,1,10,170,0,181,2,52,325,0,379,482,0,482,861
06/25/2002,PTK,MI,AGL,CE,Towers with Display (VFR),2,45,169,0,216,0,7,186,0,193,2,52,355,0,409,506,0,506,915
06/26/2002,PTK,MI,AGL,CE,Towers with Display (VFR),3,71,183,6,263,0,18,175,8,201,3,89,358,14,464,492,0,492,956
06/27/2002,PTK,MI,AGL,CE,Towers with Display (VFR),5,58,194,0,257,1,22,296,0,319,6,80,490,0,576,926,0,926,1502
06/28/2002,PTK,MI,AGL,CE,Towers with Display (VFR),4,43,198,0,245,0,19,407,0,426,4,62,605,0,671,572,0,572,1243
06/29/2002,PTK,MI,AGL,CE,Towers with Display (VFR),0,18,80,0,98,0,9,357,1,367,0,27,437,1,465,600,0,600,1065
06/30/2002,PTK,MI,AGL,CE,Towers with Display (VFR),3,13,123,0,139,0,2,275,0,277,3,15,398,0,416,556,0,556,972
07/01/2002,PTK,MI,AGL,CE,Towers with Display (VFR),3,36,109,0,148,0,7,234,0,241,3,43,343,0,389,354,0,354,743
07/02/2002,PTK,MI,AGL,CE,Towers with Display (VFR),0,31,114,0,145,0,19,299,2,320,0,50,413,2,465,560,0,560,1025
07/03/2002,PTK,MI,AGL,CE,Towers with Display (VFR),3,25,161,0,189,1,35,311,0,347,4,60,472,0,536,556,0,556,1092
07/04/2002,PTK,MI,AGL,CE,Towers with Display (VFR),0,8,45,0,53,0,6,179,2,187,0,14,224,2,240,184,0,184,424
07/05/2002,PTK,MI,AGL,CE,Towers with Display (VFR),1,6,49,0,56,0,7,249,0,256,1,13,298,0,312,430,0,430,742
07/06/2002,PTK,MI,AGL,CE,Towers with Display (VFR),0,6,75,0,81,0,5,299,0,304,0,11,374,0,385,350,0,350,735
07/07/2002,PTK,MI,AGL,CE,Towers with Display (VFR),2,13,124,0,139,0,9,339,0,348,2,22,463,0,487,466,0,466,953
07/08/2002,PTK,MI,AGL,CE,Towers with Display (VFR),3,26,129,0,158,0,6,243,0,249,3,32,372,0,407,494,0,494,901
07/09/2002,PTK,MI,AGL,CE,Towers with Display (VFR),1,39,157,0,197,0,7,155,0,162,1,46,312,0,359,506,0,506,865
07/10/2002,PTK,MI,AGL,CE,Towers with Display (VFR),2,35,167,2,206,0,23,344,2,369,2,58,511,4,575,528,0,528,1103
07/11/2002,PTK,MI,AGL,CE,Towers with Display (VFR),0,44,174,0,218,0,26,405,0,431,0,70,579,0,649,708,0,708,1357
07/12/2002,PTK,MI,AGL,CE,Towers with Display (VFR),3,36,164,2,205,0,16,463,0,479,3,52,627,2,684,602,0,602,1286
07/13/2002,PTK,MI,AGL,CE,Towers with Display (VFR),0,12,75,0,87,0,4,407,0,411,0,16,482,0,498,646,0,646,1144
07/14/2002,PTK,MI,AGL,CE,Towers with Display (VFR),2,15,96,2,115,0,3,285,0,288,2,18,381,2,403,606,0,606,1009
07/15/2002,PTK,MI,AGL,CE,Towers with Display (VFR),2,29,162,0,193,0,10,258,14,282,2,39,420,14,475,588,0,588,1063
07/16/2002,PTK,MI,AGL,CE,Towers with Display (VFR),0,35,160,0,195,0,24,347,0,371,0,59,507,0,566,742,0,742,1308
07/17/2002,PTK,MI,AGL,CE,Towers with Display (VFR),3,30,138,0,171,0,17,280,2,299,3,47,418,2,470,730,0,730,1200
07/18/2002,PTK,MI,AGL,CE,Towers with Display (VFR),4,40,163,0,207,0,12,190,3,205,4,52,353,3,412,458,0,458,870
07/19/2002,PTK,MI,AGL,CE,Towers with Display (VFR),5,47,201,2,255,0,6,161,0,167,5,53,362,2,422,440,0,440,862
07/20/2002,PTK,MI,AGL,CE,Towers with Display (VFR),0,49,67,2,118,0,14,411,0,425,0,63,478,2,543,542,0,542,1085
07/21/2002,PTK,MI,AGL,CE,Towers with Display (VFR),2,16,108,2,128,0,2,212,0,214,2,18,320,2,342,414,0,414,756
07/22/2002,PTK,MI,AGL,CE,Towers with Display (VFR),3,53,115,0,171,0,11,126,0,137,3,64,241,0,308,306,0,306,614
07/23/2002,PTK,MI,AGL,CE,Towers with Display (VFR),0,38,163,0,201,0,15,308,0,323,0,53,471,0,524,462,0,462,986
07/24/2002,PTK,MI,AGL,CE,Towers with Display (VFR),3,35,174,2,214,0,20,326,0,346,3,55,500,2,560,612,0,612,1172
07/25/2002,PTK,MI,AGL,CE,Towers with Display (VFR),0,35,186,0,221,0,26,248,0,274,0,61,434,0,495,550,0,550,1045
07/26/2002,PTK,MI,AGL,CE,Towers with Display (VFR),2,26,181,1,210,2,0,204,12,218,4,26,385,13,428,354,0,354,782
07/27/2002,PTK,MI,AGL,CE,Towers with Display (VFR),1,16,95,0,112,0,10,225,0,235,1,26,320,0,347,612,0,612,959
07/28/2002,PTK,MI,AGL,CE,Towers with Display (VFR),2,16,142,2,162,0,1,133,0,134,2,17,275,2,296,402,0,402,698
07/29/2002,PTK,MI,AGL,CE,Towers with Display (VFR),2,29,149,0,180,0,0,90,0,90,2,29,239,0,270,182,0,182,452
07/30/2002,PTK,MI,AGL,CE,Towers with Display (VFR),0,42,178,1,221,0,13,274,0,287,0,55,452,1,508,630,0,630,1138
07/31/2002,PTK,MI,AGL,CE,Towers with Display (VFR),2,62,156,0,220,0,11,290,0,301,2,73,446,0,521,668,0,668,1189
08/01/2002,PTK,MI,AGL,CE,Towers with Display (VFR),2,50,167,0,219,0,19,241,0,260,2,69,408,0,479,494,0,494,973
08/02/2002,PTK,MI,AGL,CE,Towers with Display (VFR),2,41,119,2,164,0,27,261,0,288,2,68,380,2,452,422,0,422,874
08/03/2002,PTK,MI,AGL,CE,Towers with Display (VFR),0,15,97,2,114,0,4,333,0,337,0,19,430,2,451,672,0,672,1123
08/04/2002,PTK,MI,AGL,CE,Towers with Display (VFR),2,13,107,2,124,0,5,238,0,243,2,18,345,2,367,552,0,552,919
08/05/2002,PTK,MI,AGL,CE,Towers with Display (VFR),2,42,156,0,200,2,20,127,0,149,4,62,283,0,349,414,0,414,763
08/06/2002,PTK,MI,AGL,CE,Towers with Display (VFR),1,44,165,0,210,0,21,298,0,319,1,65,463,0,529,560,0,560,1089
08/07/2002,PTK,MI,AGL,CE,Towers with Display (VFR),3,54,177,0,234,1,25,331,0,357,4,79,508,0,591,66,0,66,657
08/08/2002,PTK,MI,AGL,CE,Towers with Display (VFR),2,38,159,0,199,0,10,287,0,297,2,48,446,0,496,480,0,480,976
08/09/2002,PTK,MI,AGL,CE,Towers with Display (VFR),3,39,166,2,210,0,21,341,0,362,3,60,507,2,572,718,0,718,1290
08/10/2002,PTK,MI,AGL,CE,Towers with Display (VFR),0,19,78,0,97,0,1,431,0,432,0,20,509,0,529,792,0,792,1321
08/11/2002,PTK,MI,AGL,CE,Towers with Display (VFR),1,12,118,2,133,0,1,349,0,350,1,13,467,2,483,630,0,630,1113
08/12/2002,PTK,MI,AGL,CE,Towers with Display (VFR),1,51,124,0,176,0,1,129,0,130,1,52,253,0,306,562,0,562,868
08/13/2002,PTK,MI,AGL,CE,Towers with Display (VFR),0,51,148,0,199,0,12,98,0,110,0,63,246,0,309,192,0,192,501
08/14/2002,PTK,MI,AGL,CE,Towers with Display (VFR),0,45,165,0,210,0,9,87,0,96,0,54,252,0,306,286,0,286,592
08/15/2002,PTK,MI,AGL,CE,Towers with Display (VFR),2,53,213,0,268,0,17,187,0,204,2,70,400,0,472,398,0,398,870
08/16/2002,PTK,MI,AGL,CE,Towers with Display (VFR),2,46,205,0,253,0,8,97,0,105,2,54,302,0,358,302,0,302,660
08/17/2002,PTK,MI,AGL,CE,Towers with Display (VFR),1,32,78,0,111,0,6,113,0,119,1,38,191,0,230,450,0,450,680
08/18/2002,PTK,MI,AGL,CE,Towers with Display (VFR),1,27,102,0,130,0,5,442,0,447,1,32,544,0,577,704,0,704,1281
08/19/2002,PTK,MI,AGL,CE,Towers with Display (VFR),4,51,159,0,214,0,4,95,0,99,4,55,254,0,313,252,0,252,565
08/20/2002,PTK,MI,AGL,CE,Towers with Display (VFR),2,58,173,0,233,0,0,430,0,430,2,58,603,0,663,886,0,886,1549
08/21/2002,PTK,MI,AGL,CE,Towers with Display (VFR),6,43,167,0,216,0,15,301,0,316,6,58,468,0,532,630,0,630,1162
08/22/2002,PTK,MI,AGL,CE,Towers with Display (VFR),4,44,134,1,183,0,11,88,0,99,4,55,222,1,282,208,0,208,490
08/23/2002,PTK,MI,AGL,CE,Towers with Display (VFR),6,53,208,3,270,0,0,0,0,0,6,53,208,3,270,0,0,0,270
08/24/2002,PTK,MI,AGL,CE,Towers with Display (VFR),2,13,125,0,140,0,1,134,0,135,2,14,259,0,275,406,0,406,681
08/25/2002,PTK,MI,AGL,CE,Towers with Display (VFR),5,18,123,2,148,0,2,657,0,659,5,20,780,2,807,1372,0,1372,2179
08/26/2002,PTK,MI,AGL,CE,Towers with Display (VFR),2,35,142,0,179,0,27,297,0,324,2,62,439,0,503,764,0,764,1267
08/27/2002,PTK,MI,AGL,CE,Towers with Display (VFR),2,42,189,0,233,0,15,278,0,293,2,57,467,0,526,660,0,660,1186
08/28/2002,PTK,MI,AGL,CE,Towers with Display (VFR),2,50,150,0,202,0,17,353,0,370,2,67,503,0,572,638,0,638,1210
08/29/2002,PTK,MI,AGL,CE,Towers with Display (VFR),2,48,205,1,256,0,19,279,2,300,2,67,484,3,556,640,0,640,1196
08/30/2002,PTK,MI,AGL,CE,Towers with Display (VFR),3,45,174,0,222,0,16,318,0,334,3,61,492,0,556,472,0,472,1028
08/31/2002,PTK,MI,AGL,CE,Towers with Display (VFR),0,6,83,1,90,0,1,290,0,291,0,7,373,1,381,542,0,542,923
09/01/2002,PTK,MI,AGL,CE,Towers with Display (VFR),2,12,57,0,71,0,10,255,0,265,2,22,312,0,336,420,0,420,756
09/02/2002,PTK,MI,AGL,CE,Towers with Display (VFR),2,14,120,0,136,0,2,177,0,179,2,16,297,0,315,352,0,352,667
09/03/2002,PTK,MI,AGL,CE,Towers with Display (VFR),1,37,153,0,191,2,19,233,0,254,3,56,386,0,445,388,0,388,833
09/04/2002,PTK,MI,AGL,CE,Towers with Display (VFR),2,37,169,0,208,0,10,308,0,318,2,47,477,0,526,428,0,428,954
09/05/2002,PTK,MI,AGL,CE,Towers with Display (VFR),0,37,165,0,202,0,20,323,0,343,0,57,488,0,545,562,0,562,1107
09/06/2002,PTK,MI,AGL,CE,Towers with Display (VFR),2,44,141,2,189,0,19,301,0,320,2,63,442,2,509,580,0,580,1089
09/07/2002,PTK,MI,AGL,CE,Towers with Display (VFR),0,6,63,0,69,0,6,351,0,357,0,12,414,0,426,478,0,478,904
09/08/2002,PTK,MI,AGL,CE,Towers with Display (VFR),1,15,73,0,89,1,0,267,2,270,2,15,340,2,359,392,0,392,751
09/09/2002,PTK,MI,AGL,CE,Towers with Display (VFR),7,22,135,0,164,0,4,164,0,168,7,26,299,0,332,502,0,502,834
09/10/2002,PTK,MI,AGL,CE,Towers with Display (VFR),1,33,157,0,191,0,4,146,0,150,1,37,303,0,341,298,0,298,639
09/11/2002,PTK,MI,AGL,CE,Towers with Display (VFR),2,30,135,0,167,0,14,260,0,274,2,44,395,0,441,496,0,496,937
09/12/2002,PTK,MI,AGL,CE,Towers with Display (VFR),1,41,163,0,205,0,19,379,0,398,1,60,542,0,603,626,0,626,1229
09/13/2002,PTK,MI,AGL,CE,Towers with Display (VFR),4,44,118,1,167,0,19,327,0,346,4,63,445,1,513,416,0,416,929
09/14/2002,PTK,MI,AGL,CE,Towers with Display (VFR),0,15,78,0,93,0,10,311,0,321,0,25,389,0,414,676,0,676,1090
09/15/2002,PTK,MI,AGL,CE,Towers with Display (VFR),2,2,102,1,107,0,3,49,0,52,2,5,151,1,159,268,0,268,427
09/16/2002,PTK,MI,AGL,CE,Towers with Display (VFR),2,26,122,1,151,0,6,257,0,263,2,32,379,1,414,474,0,474,888
09/17/2002,PTK,MI,AGL,CE,Towers with Display (VFR),1,44,153,0,198,0,12,321,0,333,1,56,474,0,531,506,0,506,1037
09/18/2002,PTK,MI,AGL,CE,Towers with Display (VFR),3,45,185,0,233,0,18,194,0,212,3,63,379,0,445,344,0,344,789
09/19/2002,PTK,MI,AGL,CE,Towers with Display (VFR),3,55,191,4,253,0,9,156,0,165,3,64,347,4,418,408,0,408,826
09/20/2002,PTK,MI,AGL,CE,Towers with Display (VFR),3,45,136,2,186,0,8,51,0,59,3,53,187,2,245,158,0,158,403
09/21/2002,PTK,MI,AGL,CE,Towers with Display (VFR),2,11,88,1,102,0,4,324,0,328,2,15,412,1,430,676,0,676,1106
09/22/2002,PTK,MI,AGL,CE,Towers with Display (VFR),4,16,113,0,133,0,3,182,0,185,4,19,295,0,318,260,0,260,578
09/23/2002,PTK,MI,AGL,CE,Towers with Display (VFR),4,34,123,2,163,0,18,246,0,264,4,52,369,2,427,428,0,428,855
09/24/2002,PTK,MI,AGL,CE,Towers with Display (VFR),3,30,149,0,182,0,17,266,1,284,3,47,415,1,466,576,0,576,1042
09/25/2002,PTK,MI,AGL,CE,Towers with Display (VFR),4,53,163,0,220,0,11,268,0,279,4,64,431,0,499,392,0,392,891
09/26/2002,PTK,MI,AGL,CE,Towers with Display (VFR),2,51,179,0,232,0,13,152,2,167,2,64,331,2,399,322,0,322,721
09/27/2002,PTK,MI,AGL,CE,Towers with Display (VFR),3,54,153,0,210,0,8,69,0,77,3,62,222,0,287,188,0,188,475
09/28/2002,PTK,MI,AGL,CE,Towers with Display (VFR),4,20,80,0,104,0,9,405,0,414,4,29,485,0,518,602,0,602,1120
09/29/2002,PTK,MI,AGL,CE,Towers with Display (VFR),4,23,111,0,138,0,4,164,0,168,4,27,275,0,306,364,0,364,670
09/30/2002,PTK,MI,AGL,CE,Towers with Display (VFR),2,33,152,0,187,0,29,248,0,277,2,62,400,0,464,370,0,370,834
10/01/2002,PTK,MI,AGL,CE,Towers with Display (VFR),2,34,159,5,200,1,24,260,0,285,3,58,419,5,485,704,0,704,1189
10/02/2002,PTK,MI,AGL,CE,Towers with Display (VFR),4,62,174,0,240,0,12,132,0,144,4,74,306,0,384,408,0,408,792
10/03/2002,PTK,MI,AGL,CE,Towers with Display (VFR),2,55,196,6,259,0,0,14,1,15,2,55,210,7,274,64,0,64,338
10/04/2002,PTK,MI,AGL,CE,Towers with Display (VFR),6,54,111,9,180,0,1,33,0,34,6,55,144,9,214,24,0,24,238
10/05/2002,PTK,MI,AGL,CE,Towers with Display (VFR),0,19,77,0,96,0,9,286,0,295,0,28,363,0,391,514,0,514,905
10/06/2002,PTK,MI,AGL,CE,Towers with Display (VFR),4,14,101,0,119,0,4,170,0,174,4,18,271,0,293,334,0,334,627
10/07/2002,PTK,MI,AGL,CE,Towers with Display (VFR),0,48,132,0,180,0,15,296,0,311,0,63,428,0,491,426,0,426,917
10/08/2002,PTK,MI,AGL,CE,Towers with Display (VFR),1,34,134,0,169,0,22,239,0,261,1,56,373,0,430,366,0,366,796
10/09/2002,PTK,MI,AGL,CE,Towers with Display (VFR),3,32,164,2,201,1,22,307,0,330,4,54,471,2,531,504,0,504,1035
10/10/2002,PTK,MI,AGL,CE,Towers with Display (VFR),2,49,165,0,216,0,12,218,0,230,2,61,383,0,446,522,0,522,968
10/11/2002,PTK,MI,AGL,CE,Towers with Display (VFR),7,46,177,0,230,0,18,233,0,251,7,64,410,0,481,312,0,312,793
10/12/2002,PTK,MI,AGL,CE,Towers with Display (VFR),0,11,114,2,127,0,1,94,0,95,0,12,208,2,222,220,0,220,442
10/13/2002,PTK,MI,AGL,CE,Towers with Display (VFR),3,14,112,1,130,0,2,150,0,152,3,16,262,1,282,258,0,258,540
10/14/2002,PTK,MI,AGL,CE,Towers with Display (VFR),6,17,130,3,156,0,20,241,0,261,6,37,371,3,417,406,0,406,823
10/15/2002,PTK,MI,AGL,CE,Towers with Display (VFR),3,40,157,1,201,0,15,276,0,291,3,55,433,1,492,702,0,702,1194
10/16/2002,PTK,MI,AGL,CE,Towers with Display (VFR),2,36,134,0,172,0,22,195,0,217,2,58,329,0,389,392,0,392,781
10/17/2002,PTK,MI,AGL,CE,Towers with Display (VFR),0,32,184,0,216,0,13,189,0,202,0,45,373,0,418,484,0,484,902
10/18/2002,PTK,MI,AGL,CE,Towers with Display (VFR),2,52,162,0,216,0,11,98,0,109,2,63,260,0,325,352,0,352,677
10/19/2002,PTK,MI,AGL,CE,Towers with Display (VFR),4,23,87,0,114,0,1,136,0,137,4,24,223,0,251,362,0,362,613
10/20/2002,PTK,MI,AGL,CE,Towers with Display (VFR),2,21,123,0,146,0,1,239,0,240,2,22,362,0,386,526,0,526,912
10/21/2002,PTK,MI,AGL,CE,Towers with Display (VFR),4,35,147,0,186,0,5,165,0,170,4,40,312,0,356,446,0,446,802
10/22/2002,PTK,MI,AGL,CE,Towers with Display (VFR),1,36,160,0,197,0,8,128,0,136,1,44,288,0,333,372,0,372,705
10/23/2002,PTK,MI,AGL,CE,Towers with Display (VFR),5,48,138,4,195,0,16,136,8,160,5,64,274,12,355,286,0,286,641
10/24/2002,PTK,MI,AGL,CE,Towers with Display (VFR),0,52,170,1,223,0,13,172,10,195,0,65,342,11,418,524,0,524,942
10/25/2002,PTK,MI,AGL,CE,Towers with Display (VFR),2,38,164,1,205,0,3,41,3,47,2,41,205,4,252,442,0,442,694
10/26/2002,PTK,MI,AGL,CE,Towers with Display (VFR),0,26,95,0,121,0,0,37,0,37,0,26,132,0,158,42,0,42,200
10/27/2002,PTK,MI,AGL,CE,Towers with Display (VFR),2,18,129,0,149,0,3,262,0,265,2,21,391,0,414,582,0,582,996
10/28/2002,PTK,MI,AGL,CE,Towers with Display (VFR),3,49,125,0,177,0,10,191,0,201,3,59,316,0,378,420,0,420,798
10/29/2002,PTK,MI,AGL,CE,Towers with Display (VFR),2,36,178,0,216,0,15,157,4,176,2,51,335,4,392,404,0,404,796
10/30/2002,PTK,MI,AGL,CE,Towers with Display (VFR),3,52,160,0,215,0,22,186,0,208,3,74,346,0,423,476,0,476,899
10/31/2002,PTK,MI,AGL,CE,Towers with Display (VFR),3,34,120,2,159,0,18,142,0,160,3,52,262,2,319,404,0,404,723
11/01/2002,PTK,MI,AGL,CE,Towers with Display (VFR),8,45,163,0,216,0,22,135,0,157,8,67,298,0,373,334,0,334,707
11/02/2002,PTK,MI,AGL,CE,Towers with Display (VFR),0,20,76,0,96,0,1,204,0,205,0,21,280,0,301,386,0,386,687
11/03/2002,PTK,MI,AGL,CE,Towers with Display (VFR),4,9,96,0,109,0,6,286,0,292,4,15,382,0,401,546,0,546,947
11/04/2002,PTK,MI,AGL,CE,Towers with Display (VFR),2,24,108,0,134,0,5,156,0,161,2,29,264,0,295,370,0,370,665
11/05/2002,PTK,MI,AGL,CE,Towers with Display (VFR),0,41,121,0,162,0,1,83,0,84,0,42,204,0,246,224,0,224,470
11/06/2002,PTK,MI,AGL,CE,Towers with Display (VFR),3,60,186,0,249,0,23,45,0,68,3,83,231,0,317,304,0,304,621
11/07/2002,PTK,MI,AGL,CE,Towers with Display (VFR),3,38,184,3,228,0,13,196,1,210,3,51,380,4,438,430,0,430,868
11/08/2002,PTK,MI,AGL,CE,Towers with Display (VFR),2,43,138,0,183,0,12,179,0,191,2,55,317,0,374,298,0,298,672
11/09/2002,PTK,MI,AGL,CE,Towers with Display (VFR),0,20,64,0,84,0,4,158,0,162,0,24,222,0,246,210,0,210,456
11/10/2002,PTK,MI,AGL,CE,Towers with Display (VFR),3,18,97,0,118,0,2,6,0,8,3,20,103,0,126,0,0,0,126
11/11/2002,PTK,MI,AGL,CE,Towers with Display (VFR),3,43,173,0,219,0,4,48,0,52,3,47,221,0,271,220,0,220,491
11/12/2002,PTK,MI,AGL,CE,Towers with Display (VFR),1,43,137,0,181,0,15,166,0,181,1,58,303,0,362,626,0,626,988
11/13/2002,PTK,MI,AGL,CE,Towers with Display (VFR),5,42,172,8,227,0,19,193,2,214,5,61,365,10,441,560,2,562,1003
11/14/2002,PTK,MI,AGL,CE,Towers with Display (VFR),3,50,159,0,212,0,18,117,0,135,3,68,276,0,347,408,0,408,755
11/15/2002,PTK,MI,AGL,CE,Towers with Display (VFR),3,33,134,0,170,0,5,80,0,85,3,38,214,0,255,144,0,144,399
11/16/2002,PTK,MI,AGL,CE,Towers with Display (VFR),1,7,59,0,67,0,0,94,0,94,1,7,153,0,161,588,0,588,749
11/17/2002,PTK,MI,AGL,CE,Towers with Display (VFR),4,16,92,0,112,0,0,49,0,49,4,16,141,0,161,98,0,98,259
11/18/2002,PTK,MI,AGL,CE,Towers with Display (VFR),2,60,136,0,198,0,33,188,0,221,2,93,324,0,419,404,0,404,823
11/19/2002,PTK,MI,AGL,CE,Towers with Display (VFR),1,28,126,0,155,0,23,183,0,206,1,51,309,0,361,336,0,336,697
11/20/2002,PTK,MI,AGL,CE,Towers with Display (VFR),4,31,148,4,187,4,15,204,0,223,8,46,352,4,410,652,0,652,1062
11/21/2002,PTK,MI,AGL,CE,Towers with Display (VFR),2,60,159,0,221,0,2,38,0,40,2,62,197,0,261,192,0,192,453
11/22/2002,PTK,MI,AGL,CE,Towers with Display (VFR),2,41,152,0,195,0,17,86,0,103,2,58,238,0,298,144,0,144,442
11/23/2002,PTK,MI,AGL,CE,Towers with Display (VFR),0,18,107,0,125,0,2,165,0,167,0,20,272,0,292,384,0,384,676
11/24/2002,PTK,MI,AGL,CE,Towers with Display (VFR),2,11,85,0,98,0,2,310,0,312,2,13,395,0,410,706,0,706,1116
11/25/2002,PTK,MI,AGL,CE,Towers with Display (VFR),2,38,152,0,192,0,7,142,0,149,2,45,294,0,341,324,0,324,665
11/26/2002,PTK,MI,AGL,CE,Towers with Display (VFR),1,43,149,0,193,0,8,163,0,171,1,51,312,0,364,460,0,460,824
11/27/2002,PTK,MI,AGL,CE,Towers with Display (VFR),3,31,159,0,193,0,11,224,2,237,3,42,383,2,430,276,0,276,706
11/28/2002,PTK,MI,AGL,CE,Towers with Display (VFR),1,5,40,0,46,0,0,46,0,46,1,5,86,0,92,76,0,76,168
11/29/2002,PTK,MI,AGL,CE,Towers with Display (VFR),3,3,58,0,64,0,0,42,0,42,3,3,100,0,106,128,0,128,234
11/30/2002,PTK,MI,AGL,CE,Towers with Display (VFR),0,14,43,0,57,0,0,0,0,0,0,14,43,0,57,0,0,0,57
12/01/2002,PTK,MI,AGL,CE,Towers with Display (VFR),4,13,124,0,141,0,2,92,0,94,4,15,216,0,235,190,0,190,425
12/02/2002,PTK,MI,AGL,CE,Towers with Display (VFR),2,34,106,0,142,0,2,0,0,2,2,36,106,0,144,0,0,0,144
12/03/2002,PTK,MI,AGL,CE,Towers with Display (VFR),1,43,151,0,195,0,20,164,0,184,1,63,315,0,379,298,0,298,677
12/04/2002,PTK,MI,AGL,CE,Towers with Display (VFR),3,46,148,1,198,0,8,144,0,152,3,54,292,1,350,374,0,374,724
12/05/2002,PTK,MI,AGL,CE,Towers with Display (VFR),0,45,144,0,189,0,12,172,0,184,0,57,316,0,373,462,0,462,835
12/06/2002,PTK,MI,AGL,CE,Towers with Display (VFR),2,43,143,0,188,0,8,183,0,191,2,51,326,0,379,478,0,478,857
12/07/2002,PTK,MI,AGL,CE,Towers with Display (VFR),0,16,199,0,215,0,0,274,0,274,0,16,473,0,489,380,0,380,869
12/08/2002,PTK,MI,AGL,CE,Towers with Display (VFR),2,19,82,0,103,0,3,142,0,145,2,22,224,0,248,278,0,278,526
12/09/2002,PTK,MI,AGL,CE,Towers with Display (VFR),2,30,116,0,148,0,17,152,0,169,2,47,268,0,317,352,0,352,669
12/10/2002,PTK,MI,AGL,CE,Towers with Display (VFR),1,71,181,0,253,0,30,226,0,256,1,101,407,0,509,470,0,470,979
12/11/2002,PTK,MI,AGL,CE,Towers with Display (VFR),12,40,178,0,230,0,4,201,0,205,12,44,379,0,435,364,0,364,799
12/12/2002,PTK,MI,AGL,CE,Towers with Display (VFR),0,43,174,0,217,0,10,184,0,194,0,53,358,0,411,486,0,486,897
12/13/2002,PTK,MI,AGL,CE,Towers with Display (VFR),4,42,163,0,209,0,5,36,0,41,4,47,199,0,250,260,0,260,510
12/14/2002,PTK,MI,AGL,CE,Towers with Display (VFR),2,15,66,0,83,0,4,96,8,108,2,19,162,8,191,368,0,368,559
12/15/2002,PTK,MI,AGL,CE,Towers with Display (VFR),3,21,97,0,121,0,1,117,0,118,3,22,214,0,239,828,0,828,1067
12/16/2002,PTK,MI,AGL,CE,Towers with Display (VFR),4,32,126,0,162,0,6,125,0,131,4,38,251,0,293,270,0,270,563
12/17/2002,PTK,MI,AGL,CE,Towers with Display (VFR),1,40,191,0,232,0,8,97,0,105,1,48,288,0,337,434,0,434,771
12/18/2002,PTK,MI,AGL,CE,Towers with Display (VFR),5,31,149,0,185,0,10,42,0,52,5,41,191,0,237,24,0,24,261
12/19/2002,PTK,MI,AGL,CE,Towers with Display (VFR),9,36,172,0,217,0,1,7,0,8,9,37,179,0,225,122,0,122,347
12/20/2002,PTK,MI,AGL,CE,Towers with Display (VFR),5,47,127,0,179,0,8,20,0,28,5,55,147,0,207,88,0,88,295
12/21/2002,PTK,MI,AGL,CE,Towers with Display (VFR),0,15,65,0,80,0,2,26,0,28,0,17,91,0,108,102,0,102,210
12/22/2002,PTK,MI,AGL,CE,Towers with Display (VFR),0,11,64,0,75,0,0,55,0,55,0,11,119,0,130,248,0,248,378
12/23/2002,PTK,MI,AGL,CE,Towers with Display (VFR),2,13,86,0,101,0,1,76,0,77,2,14,162,0,178,246,0,246,424
12/24/2002,PTK,MI,AGL,CE,Towers with Display (VFR),0,16,39,0,55,0,0,142,0,142,0,16,181,0,197,446,0,446,643
12/25/2002,PTK,MI,AGL,CE,Towers with Display (VFR),0,6,12,0,18,0,0,1,0,1,0,6,13,0,19,0,0,0,19
12/26/2002,PTK,MI,AGL,CE,Towers with Display (VFR),0,13,107,0,120,0,6,180,0,186,0,19,287,0,306,470,0,470,776
12/27/2002,PTK,MI,AGL,CE,Towers with Display (VFR),0,16,109,0,125,0,3,157,0,160,0,19,266,0,285,320,0,320,605
12/28/2002,PTK,MI,AGL,CE,Towers with Display (VFR),1,11,44,0,56,0,0,0,0,0,1,11,44,0,56,0,0,0,56
12/29/2002,PTK,MI,AGL,CE,Towers with Display (VFR),1,11,48,0,60,0,0,84,0,84,1,11,132,0,144,270,0,270,414
12/30/2002,PTK,MI,AGL,CE,Towers with Display (VFR),1,4,22,0,27,0,0,2,0,2,1,4,24,0,29,0,0,0,29
12/31/2002,PTK,MI,AGL,CE,Towers with Display (VFR),0,10,51,0,61,0,0,152,0,152,0,10,203,0,213,332,0,332,545
01/01/2003,PTK,MI,AGL,CE,Towers with Display (VFR),0,11,33,0,44,0,0,47,0,47,0,11,80,0,91,150,0,150,241
01/02/2003,PTK,MI,AGL,CE,Towers with Display (VFR),1,41,71,0,113,1,1,77,0,79,2,42,148,0,192,396,0,396,588
01/03/2003,PTK,MI,AGL,CE,Towers with Display (VFR),0,23,87,0,110,0,3,81,0,84,0,26,168,0,194,390,0,390,584
01/04/2003,PTK,MI,AGL,CE,Towers with Display (VFR),1,20,130,0,151,0,1,164,0,165,1,21,294,0,316,594,0,594,910
01/05/2003,PTK,MI,AGL,CE,Towers with Display (VFR),3,26,97,0,126,0,0,85,0,85,3,26,182,0,211,352,0,352,563
01/06/2003,PTK,MI,AGL,CE,Towers with Display (VFR),4,23,59,0,86,0,5,17,0,22,4,28,76,0,108,78,0,78,186
01/07/2003,PTK,MI,AGL,CE,Towers with Display (VFR),4,36,109,0,149,0,8,94,0,102,4,44,203,0,251,394,0,394,645
01/08/2003,PTK,MI,AGL,CE,Towers with Display (VFR),7,36,136,0,179,0,7,249,0,256,7,43,385,0,435,518,0,518,953
01/09/2003,PTK,MI,AGL,CE,Towers with Display (VFR),2,24,118,0,144,0,5,109,0,114,2,29,227,0,258,386,0,386,644
01/10/2003,PTK,MI,AGL,CE,Towers with Display (VFR),3,36,115,2,156,0,11,55,3,69,3,47,170,5,225,146,0,146,371
01/11/2003,PTK,MI,AGL,CE,Towers with Display (VFR),1,9,84,0,94,0,1,8,0,9,1,10,92,0,103,72,0,72,175
01/12/2003,PTK,MI,AGL,CE,Towers with Display (VFR),2,8,86,2,98,16,0,164,0,180,18,8,250,2,278,528,0,528,806
01/13/2003,PTK,MI,AGL,CE,Towers with Display (VFR),4,29,124,0,157,0,8,105,0,113,4,37,229,0,270,288,0,288,558
01/14/2003,PTK,MI,AGL,CE,Towers with Display (VFR),4,36,142,0,182,0,12,129,0,141,4,48,271,0,323,554,0,554,877
01/15/2003,PTK,MI,AGL,CE,Towers with Display (VFR),2,34,142,0,178,0,4,128,0,132,2,38,270,0,310,288,0,288,598
01/16/2003,PTK,MI,AGL,CE,Towers with Display (VFR),2,39,144,0,185,4,19,175,0,198,6,58,319,0,383,630,0,630,1013
01/17/2003,PTK,MI,AGL,CE,Towers with Display (VFR),12,14,128,0,154,0,9,191,0,200,12,23,319,0,354,436,0,436,790
01/18/2003,PTK,MI,AGL,CE,Towers with Display (VFR),2,5,58,0,65,0,5,149,0,154,2,10,207,0,219,254,0,254,473
01/19/2003,PTK,MI,AGL,CE,Towers with Display (VFR),4,10,60,0,74,0,0,75,0,75,4,10,135,0,149,312,0,312,461
01/20/2003,PTK,MI,AGL,CE,Towers with Display (VFR),4,19,130,0,153,0,3,140,0,143,4,22,270,0,296,482,0,482,778
01/21/2003,PTK,MI,AGL,CE,Towers with Display (VFR),2,25,153,0,180,0,10,144,0,154,2,35,297,0,334,494,0,494,828
01/22/2003,PTK,MI,AGL,CE,Towers with Display (VFR),5,31,152,0,188,1,12,117,0,130,6,43,269,0,318,428,0,428,746
01/23/2003,PTK,MI,AGL,CE,Towers with Display (VFR),3,44,118,3,168,0,5,15,0,20,3,49,133,3,188,34,0,34,222
01/24/2003,PTK,MI,AGL,CE,Towers with Display (VFR),4,41,156,0,201,0,7,130,0,137,4,48,286,0,338,512,0,512,850
01/25/2003,PTK,MI,AGL,CE,Towers with Display (VFR),0,15,55,0,70,0,4,93,0,97,0,19,148,0,167,242,0,242,409
01/26/2003,PTK,MI,AGL,CE,Towers with Display (VFR),2,10,77,0,89,0,3,78,0,81,2,13,155,0,170,308,0,308,478
01/27/2003,PTK,MI,AGL,CE,Towers with Display (VFR),6,22,98,0,126,0,4,91,0,95,6,26,189,0,221,328,0,328,549
01/28/2003,PTK,MI,AGL,CE,Towers with Display (VFR),2,37,141,0,180,0,11,79,0,90,2,48,220,0,270,430,0,430,700
01/29/2003,PTK,MI,AGL,CE,Towers with Display (VFR),3,32,143,0,178,0,24,193,0,217,3,56,336,0,395,294,0,294,689
01/30/2003,PTK,MI,AGL,CE,Towers with Display (VFR),3,30,154,0,187,0,18,240,0,258,3,48,394,0,445,664,0,664,1109
01/31/2003,PTK,MI,AGL,CE,Towers with Display (VFR),6,15,130,0,151,0,1,0,0,1,6,16,130,0,152,148,0,148,300
02/01/2003,PTK,MI,AGL,CE,Towers with Display (VFR),4,5,60,0,69,0,2,0,0,2,4,7,60,0,71,148,0,148,219
02/02/2003,PTK,MI,AGL,CE,Towers with Display (VFR),2,7,75,0,84,0,2,91,0,93,2,9,166,0,177,636,0,636,813
02/03/2003,PTK,MI,AGL,CE,Towers with Display (VFR),5,16,107,0,128,0,4,19,0,23,5,20,126,0,151,150,0,150,301
02/04/2003,PTK,MI,AGL,CE,Towers with Display (VFR),4,20,109,0,133,0,4,4,0,8,4,24,113,0,141,74,0,74,215
02/05/2003,PTK,MI,AGL,CE,Towers with Display (VFR),3,15,155,0,173,0,12,190,0,202,3,27,345,0,375,442,0,442,817
02/06/2003,PTK,MI,AGL,CE,Towers with Display (VFR),5,38,120,0,163,0,10,129,0,139,5,48,249,0,302,394,0,394,696
02/07/2003,PTK,MI,AGL,CE,Towers with Display (VFR),7,30,144,0,181,2,2,95,0,99,9,32,239,0,280,342,0,342,622
02/08/2003,PTK,MI,AGL,CE,Towers with Display (VFR),0,19,66,0,85,0,4,139,0,143,0,23,205,0,228,262,0,262,490
02/09/2003,PTK,MI,AGL,CE,Towers with Display (VFR),2,20,99,0,121,0,1,221,0,222,2,21,320,0,343,572,0,572,915
02/10/2003,PTK,MI,AGL,CE,Towers with Display (VFR),4,34,109,0,147,0,11,24,0,35,4,45,133,0,182,106,0,106,288
02/11/2003,PTK,MI,AGL,CE,Towers with Display (VFR),1,34,115,2,152,0,16,163,0,179,1,50,278,2,331,324,0,324,655
02/12/2003,PTK,MI,AGL,CE,Towers with Display (VFR),7,31,144,0,182,2,15,128,2,147,9,46,272,2,329,338,0,338,667
02/13/2003,PTK,MI,AGL,CE,Towers with Display (VFR),15,17,159,0,191,0,18,174,0,192,15,35,333,0,383,378,0,378,761
02/14/2003,PTK,MI,AGL,CE,Towers with Display (VFR),8,31,153,0,192,0,12,211,0,223,8,43,364,0,415,492,0,492,907
02/15/2003,PTK,MI,AGL,CE,Towers with Display (VFR),1,12,70,0,83,0,0,190,0,190,1,12,260,0,273,342,0,342,615
02/16/2003,PTK,MI,AGL,CE,Towers with Display (VFR),1,12,65,0,78,0,1,133,0,134,1,13,198,0,212,262,0,262,474
02/17/2003,PTK,MI,AGL,CE,Towers with Display (VFR),4,24,121,0,149,0,1,28,0,29,4,25,149,0,178,208,0,208,386
02/18/2003,PTK,MI,AGL,CE,Towers with Display (VFR),7,38,144,0,189,0,2,101,0,103,7,40,245,0,292,370,0,370,662
02/19/2003,PTK,MI,AGL,CE,Towers with Display (VFR),5,26,123,0,154,0,17,206,0,223,5,43,329,0,377,718,0,718,1095
02/20/2003,PTK,MI,AGL,CE,Towers with Display (VFR),11,44,172,0,227,0,34,274,0,308,11,78,446,0,535,440,0,440,975
02/21/2003,PTK,MI,AGL,CE,Towers with Display (VFR),5,35,131,0,171,0,25,221,0,246,5,60,352,0,417,428,0,428,845
02/22/2003,PTK,MI,AGL,CE,Towers with Display (VFR),0,15,49,0,64,0,2,38,0,40,0,17,87,0,104,152,0,152,256
02/23/2003,PTK,MI,AGL,CE,Towers with Display (VFR),2,13,71,0,86,0,3,81,0,84,2,16,152,0,170,160,0,160,330
02/24/2003,PTK,MI,AGL,CE,Towers with Display (VFR),3,31,104,0,138,0,6,51,0,57,3,37,155,0,195,112,0,112,307
02/25/2003,PTK,MI,AGL,CE,Towers with Display (VFR),2,25,133,0,160,0,20,215,0,235,2,45,348,0,395,594,0,594,989
02/26/2003,PTK,MI,AGL,CE,Towers with Display (VFR),6,30,141,0,177,6,19,187,0,212,12,49,328,0,389,454,0,454,843
02/27/2003,PTK,MI,AGL,CE,Towers with Display (VFR),11,41,139,0,191,0,14,247,0,261,11,55,386,0,452,448,0,448,900
02/28/2003,PTK,MI,AGL,CE,Towers with Display (VFR),5,33,124,0,162,0,14,257,0,271,5,47,381,0,433,664,0,664,1097
03/01/2003,PTK,MI,AGL,CE,Towers with Display (VFR),0,15,82,0,97,1,2,138,0,141,1,17,220,0,238,614,0,614,852
03/02/2003,PTK,MI,AGL,CE,Towers with Display (VFR),3,35,76,0,114,0,0,2,0,2,3,35,78,0,116,18,0,18,134
03/03/2003,PTK,MI,AGL,CE,Towers with Display (VFR),4,24,107,0,135,0,0,141,0,141,4,24,248,0,276,312,0,312,588
03/04/2003,PTK,MI,AGL,CE,Towers with Display (VFR),6,27,132,0,165,0,0,71,0,71,6,27,203,0,236,346,0,346,582
03/05/2003,PTK,MI,AGL,CE,Towers with Display (VFR),6,28,147,0,181,0,0,82,0,82,6,28,229,0,263,190,0,190,453
03/06/2003,PTK,MI,AGL,CE,Towers with Display (VFR),10,42,169,0,221,0,9,186,5,200,10,51,355,5,421,396,0,396,817
03/07/2003,PTK,MI,AGL,CE,Towers with Display (VFR),4,36,137,0,177,0,0,144,0,144,4,36,281,0,321,324,0,324,645
03/08/2003,PTK,MI,AGL,CE,Towers with Display (VFR),0,19,47,0,66,0,0,105,0,105,0,19,152,0,171,464,0,464,635
03/09/2003,PTK,MI,AGL,CE,Towers with Display (VFR),4,25,83,0,112,0,4,194,0,198,4,29,277,0,310,430,0,430,740
03/10/2003,PTK,MI,AGL,CE,Towers with Display (VFR),8,24,129,0,161,2,11,197,0,210,10,35,326,0,371,362,0,362,733
03/11/2003,PTK,MI,AGL,CE,Towers with Display (VFR),3,30,129,0,162,0,22,147,0,169,3,52,276,0,331,362,0,362,693
03/12/2003,PTK,MI,AGL,CE,Towers with Display (VFR),4,29,162,1,196,0,17,173,10,200,4,46,335,11,396,624,0,624,1020
03/13/2003,PTK,MI,AGL,CE,Towers with Display (VFR),8,27,120,0,155,0,15,148,0,163,8,42,268,0,318,258,0,258,576
03/14/2003,PTK,MI,AGL,CE,Towers with Display (VFR),11,32,169,0,212,0,13,292,0,305,11,45,461,0,517,494,0,494,1011
03/15/2003,PTK,MI,AGL,CE,Towers with Display (VFR),5,12,128,0,145,0,0,470,0,470,5,12,598,0,615,662,0,662,1277
03/16/2003,PTK,MI,AGL,CE,Towers with Display (VFR),2,11,98,0,111,0,0,191,0,191,2,11,289,0,302,530,0,530,832
03/17/2003,PTK,MI,AGL,CE,Towers with Display (VFR),2,41,124,0,167,0,1,162,0,163,2,42,286,0,330,518,0,518,848
03/18/2003,PTK,MI,AGL,CE,Towers with Display (VFR),1,27,119,0,147,0,2,43,0,45,1,29,162,0,192,205,0,205,397
03/19/2003,PTK,MI,AGL,CE,Towers with Display (VFR),8,36,129,0,173,2,10,132,0,144,10,46,261,0,317,308,0,308,625
03/20/2003,PTK,MI,AGL,CE,Towers with Display (VFR),8,36,161,0,205,4,12,185,0,201,12,48,346,0,406,572,0,572,978
03/21/2003,PTK,MI,AGL,CE,Towers with Display (VFR),8,24,108,0,140,0,0,4,0,4,8,24,112,0,144,68,0,68,212
03/22/2003,PTK,MI,AGL,CE,Towers with Display (VFR),2,16,78,0,96,0,4,89,0,93,2,20,167,0,189,392,0,392,581
03/23/2003,PTK,MI,AGL,CE,Towers with Display (VFR),3,14,129,0,146,0,3,372,0,375,3,17,501,0,521,780,0,780,1301
03/24/2003,PTK,MI,AGL,CE,Towers with Display (VFR),5,28,109,0,142,1,13,208,0,222,6,41,317,0,364,514,0,514,878
03/25/2003,PTK,MI,AGL,CE,Towers with Display (VFR),3,27,115,0,145,5,27,204,0,236,8,54,319,0,381,678,0,678,1059
03/26/2003,PTK,MI,AGL,CE,Towers with Display (VFR),3,29,126,0,158,0,5,236,12,253,3,34,362,12,411,458,0,458,869
03/27/2003,PTK,MI,AGL,CE,Towers with Display (VFR),5,25,136,2,168,0,6,160,2,168,5,31,296,4,336,370,0,370,706
03/28/2003,PTK,MI,AGL,CE,Towers with Display (VFR),9,24,110,0,143,0,5,42,0,47,9,29,152,0,190,56,0,56,246
03/29/2003,PTK,MI,AGL,CE,Towers with Display (VFR),0,15,70,0,85,0,2,65,0,67,0,17,135,0,152,260,0,260,412
03/30/2003,PTK,MI,AGL,CE,Towers with Display (VFR),5,25,113,0,143,0,0,203,0,203,5,25,316,0,346,612,0,612,958
03/31/2003,PTK,MI,AGL,CE,Towers with Display (VFR),6,22,90,0,118,0,7,102,0,109,6,29,192,0,227,264,0,264,491
04/01/2003,PTK,MI,AGL,CE,Towers with Display (VFR),3,34,117,0,154,2,12,189,0,203,5,46,306,0,357,488,0,488,845
04/02/2003,PTK,MI,AGL,CE,Towers with Display (VFR),6,30,148,10,194,0,6,86,12,104,6,36,234,22,298,308,0,308,606
04/03/2003,PTK,MI,AGL,CE,Towers with Display (VFR),3,17,119,0,139,0,0,7,2,9,3,17,126,2,148,0,0,0,148
04/04/2003,PTK,MI,AGL,CE,Towers with Display (VFR),7,25,80,0,112,0,1,0,0,1,7,26,80,0,113,0,0,0,113
04/05/2003,PTK,MI,AGL,CE,Towers with Display (VFR),3,5,47,0,55,0,2,13,0,15,3,7,60,0,70,8,0,8,78
04/06/2003,PTK,MI,AGL,CE,Towers with Display (VFR),4,15,96,0,115,0,2,144,0,146,4,17,240,0,261,632,0,632,893
04/07/2003,PTK,MI,AGL,CE,Towers with Display (VFR),2,18,68,0,88,0,1,1,0,2,2,19,69,0,90,0,0,0,90
04/08/2003,PTK,MI,AGL,CE,Towers with Display (VFR),2,34,100,0,136,0,1,15,0,16,2,35,115,0,152,27,0,27,179
04/09/2003,PTK,MI,AGL,CE,Towers with Display (VFR),3,33,140,1,177,0,17,269,3,289,3,50,409,4,466,676,0,676,1142
04/10/2003,PTK,MI,AGL,CE,Towers with Display (VFR),10,18,172,1,201,0,21,385,3,409,10,39,557,4,610,870,0,870,1480
04/11/2003,PTK,MI,AGL,CE,Towers with Display (VFR),8,30,160,3,201,0,17,306,2,325,8,47,466,5,526,748,0,748,1274
04/12/2003,PTK,MI,AGL,CE,Towers with Display (VFR),1,14,74,0,89,0,0,270,0,270,1,14,344,0,359,388,0,388,747
04/13/2003,PTK,MI,AGL,CE,Towers with Display (VFR),5,11,108,0,124,0,1,413,0,414,5,12,521,0,538,792,0,792,1330
04/14/2003,PTK,MI,AGL,CE,Towers with Display (VFR),1,33,141,0,175,0,6,188,0,194,1,39,329,0,369,348,0,348,717
04/15/2003,PTK,MI,AGL,CE,Towers with Display (VFR),2,34,104,0,140,3,17,171,0,191,5,51,275,0,331,392,0,392,723
04/16/2003,PTK,MI,AGL,CE,Towers with Display (VFR),6,46,139,0,191,0,18,223,2,243,6,64,362,2,434,480,0,480,914
04/17/2003,PTK,MI,AGL,CE,Towers with Display (VFR),4,31,150,0,185,4,13,146,0,163,8,44,296,0,348,438,0,438,786
04/18/2003,PTK,MI,AGL,CE,Towers with Display (VFR),1,13,128,0,142,0,3,24,0,27,1,16,152,0,169,156,0,156,325
04/19/2003,PTK,MI,AGL,CE,Towers with Display (VFR),1,6,76,0,83,0,2,251,0,253,1,8,327,0,336,628,0,628,964
04/20/2003,PTK,MI,AGL,CE,Towers with Display (VFR),2,16,37,0,55,0,1,32,0,33,2,17,69,0,88,68,0,68,156
04/21/2003,PTK,MI,AGL,CE,Towers with Display (VFR),0,15,124,0,139,0,1,58,0,59,0,16,182,0,198,514,0,514,712
04/22/2003,PTK,MI,AGL,CE,Towers with Display (VFR),5,28,123,0,156,0,6,120,0,126,5,34,243,0,282,418,0,418,700
04/23/2003,PTK,MI,AGL,CE,Towers with Display (VFR),0,22,123,0,145,0,12,318,0,330,0,34,441,0,475,852,0,852,1327
04/24/2003,PTK,MI,AGL,CE,Towers with Display (VFR),3,34,154,0,191,0,16,350,0,366,3,50,504,0,557,872,0,872,1429
04/25/2003,PTK,MI,AGL,CE,Towers with Display (VFR),3,33,111,0,147,0,9,204,0,213,3,42,315,0,360,556,0,556,916
04/26/2003,PTK,MI,AGL,CE,Towers with Display (VFR),1,20,76,0,97,0,5,315,1,321,1,25,391,1,418,616,0,616,1034
04/27/2003,PTK,MI,AGL,CE,Towers with Display (VFR),3,34,91,1,129,0,0,299,0,299,3,34,390,1,428,458,0,458,886
04/28/2003,PTK,MI,AGL,CE,Towers with Display (VFR),3,42,112,0,157,0,5,171,0,176,3,47,283,0,333,328,0,328,661
04/29/2003,PTK,MI,AGL,CE,Towers with Display (VFR),4,31,137,0,172,0,14,274,0,288,4,45,411,0,460,756,0,756,1216
04/30/2003,PTK,MI,AGL,CE,Towers with Display (VFR),10,33,142,0,185,0,6,112,0,118,10,39,254,0,303,318,0,318,621
05/01/2003,PTK,MI,AGL,CE,Towers with Display (VFR),0,41,170,0,211,0,7,88,0,95,0,48,258,0,306,284,0,284,590
05/02/2003,PTK,MI,AGL,CE,Towers with Display (VFR),6,36,170,0,212,0,11,198,0,209,6,47,368,0,421,548,0,548,969
05/03/2003,PTK,MI,AGL,CE,Towers with Display (VFR),0,14,90,0,104,0,7,314,0,321,0,21,404,0,425,728,0,728,1153
05/04/2003,PTK,MI,AGL,CE,Towers with Display (VFR),5,14,103,0,122,0,1,338,0,339,5,15,441,0,461,620,0,620,1081
05/05/2003,PTK,MI,AGL,CE,Towers with Display (VFR),6,19,106,0,131,0,3,15,0,18,6,22,121,0,149,60,0,60,209
05/06/2003,PTK,MI,AGL,CE,Towers with Display (VFR),3,19,157,0,179,0,10,186,0,196,3,29,343,0,375,680,0,680,1055
05/07/2003,PTK,MI,AGL,CE,Towers with Display (VFR),7,18,185,0,210,0,12,23,0,35,7,30,208,0,245,168,0,168,413
05/08/2003,PTK,MI,AGL,CE,Towers with Display (VFR),8,35,199,0,242,0,18,100,0,118,8,53,299,0,360,408,0,408,768
05/09/2003,PTK,MI,AGL,CE,Towers with Display (VFR),5,31,176,0,212,0,4,148,0,152,5,35,324,0,364,444,0,444,808
05/10/2003,PTK,MI,AGL,CE,Towers with Display (VFR),0,12,68,0,80,0,5,132,0,137,0,17,200,0,217,522,0,522,739
05/11/2003,PTK,MI,AGL,CE,Towers with Display (VFR),3,14,50,0,67,0,3,6,0,9,3,17,56,0,76,6,0,6,82
05/12/2003,PTK,MI,AGL,CE,Towers with Display (VFR),2,34,123,0,159,0,2,27,0,29,2,36,150,0,188,22,0,22,210
05/13/2003,PTK,MI,AGL,CE,Towers with Display (VFR),3,28,146,0,177,0,11,275,3,289,3,39,421,3,466,480,0,480,946
05/14/2003,PTK,MI,AGL,CE,Towers with Display (VFR),4,23,171,0,198,0,18,384,0,402,4,41,555,0,600,724,0,724,1324
05/15/2003,PTK,MI,AGL,CE,Towers with Display (VFR),4,41,171,0,216,0,6,119,0,125,4,47,290,0,341,484,0,484,825
05/16/2003,PTK,MI,AGL,CE,Towers with Display (VFR),5,29,155,0,189,0,0,18,0,18,5,29,173,0,207,184,0,184,391
05/17/2003,PTK,MI,AGL,CE,Towers with Display (VFR),3,14,90,0,107,0,7,240,0,247,3,21,330,0,354,666,0,666,1020
05/18/2003,PTK,MI,AGL,CE,Towers with Display (VFR),3,16,117,0,136,0,1,270,0,271,3,17,387,0,407,756,0,756,1163
05/19/2003,PTK,MI,AGL,CE,Towers with Display (VFR),2,37,165,0,204,0,13,240,0,253,2,50,405,0,457,614,0,614,1071
05/20/2003,PTK,MI,AGL,CE,Towers with Display (VFR),4,32,168,0,204,1,16,16,0,33,5,48,184,0,237,144,0,144,381
05/21/2003,PTK,MI,AGL,CE,Towers with Display (VFR),2,22,140,0,164,0,12,276,10,298,2,34,416,10,462,670,0,670,1132
05/22/2003,PTK,MI,AGL,CE,Towers with Display (VFR),4,30,176,0,210,12,0,402,1,415,16,30,578,1,625,922,0,922,1547
05/23/2003,PTK,MI,AGL,CE,Towers with Display (VFR),2,19,101,0,122,15,27,294,0,336,17,46,395,0,458,596,0,596,1054
05/24/2003,PTK,MI,AGL,CE,Towers with Display (VFR),0,6,48,0,54,0,0,118,0,118,0,6,166,0,172,226,0,226,398
05/25/2003,PTK,MI,AGL,CE,Towers with Display (VFR),0,6,52,0,58,0,0,138,0,138,0,6,190,0,196,544,0,544,740
05/26/2003,PTK,MI,AGL,CE,Towers with Display (VFR),1,14,100,0,115,0,4,154,0,158,1,18,254,0,273,338,0,338,611
05/27/2003,PTK,MI,AGL,CE,Towers with Display (VFR),3,32,120,1,156,0,15,195,0,210,3,47,315,1,366,538,0,538,904
05/28/2003,PTK,MI,AGL,CE,Towers with Display (VFR),3,52,175,0,230,0,8,307,0,315,3,60,482,0,545,654,0,654,1199
05/29/2003,PTK,MI,AGL,CE,Towers with Display (VFR),2,33,175,0,210,0,11,186,0,197,2,44,361,0,407,584,0,584,991
05/30/2003,PTK,MI,AGL,CE,Towers with Display (VFR),10,45,185,0,240,0,11,272,0,283,10,56,457,0,523,756,0,756,1279
05/31/2003,PTK,MI,AGL,CE,Towers with Display (VFR),0,14,62,0,76,0,0,7,0,7,0,14,69,0,83,0,0,0,83
06/01/2003,PTK,MI,AGL,CE,Towers with Display (VFR),3,14,111,0,128,0,0,405,0,405,3,14,516,0,533,690,0,690,1223
06/02/2003,PTK,MI,AGL,CE,Towers with Display (VFR),4,35,132,0,171,0,13,214,0,227,4,48,346,0,398,354,0,354,752
06/03/2003,PTK,MI,AGL,CE,Towers with Display (VFR),2,25,160,0,187,0,12,166,0,178,2,37,326,0,365,462,0,462,827
06/04/2003,PTK,MI,AGL,CE,Towers with Display (VFR),2,51,180,0,233,0,0,4,0,4,2,51,184,0,237,0,0,0,237
06/05/2003,PTK,MI,AGL,CE,Towers with Display (VFR),4,25,193,0,222,0,11,150,0,161,4,36,343,0,383,526,0,526,909
06/06/2003,PTK,MI,AGL,CE,Towers with Display (VFR),4,29,133,0,166,0,12,370,0,382,4,41,503,0,548,790,0,790,1338
06/07/2003,PTK,MI,AGL,CE,Towers with Display (VFR),2,10,67,0,79,0,0,255,0,255,2,10,322,0,334,664,0,664,998
06/08/2003,PTK,MI,AGL,CE,Towers with Display (VFR),0,18,84,0,102,0,0,138,0,138,0,18,222,0,240,340,0,340,580
06/09/2003,PTK,MI,AGL,CE,Towers with Display (VFR),5,29,121,0,155,0,6,221,0,227,5,35,342,0,382,548,0,548,930
06/10/2003,PTK,MI,AGL,CE,Towers with Display (VFR),4,20,134,0,158,0,1,185,0,186,4,21,319,0,344,492,0,492,836
06/11/2003,PTK,MI,AGL,CE,Towers with Display (VFR),4,43,177,0,224,1,10,217,0,228,5,53,394,0,452,644,0,644,1096
06/12/2003,PTK,MI,AGL,CE,Towers with Display (VFR),9,50,198,1,258,0,1,2,0,3,9,51,200,1,261,30,0,30,291
06/13/2003,PTK,MI,AGL,CE,Towers with Display (VFR),5,32,143,1,181,0,3,119,0,122,5,35,262,1,303,390,0,390,693
06/14/2003,PTK,MI,AGL,CE,Towers with Display (VFR),5,10,69,1,85,0,10,379,0,389,5,20,448,1,474,724,0,724,1198
06/15/2003,PTK,MI,AGL,CE,Towers with Display (VFR),2,14,79,1,96,0,0,305,0,305,2,14,384,1,401,482,0,482,883
06/16/2003,PTK,MI,AGL,CE,Towers with Display (VFR),6,42,138,0,186,0,13,305,0,318,6,55,443,0,504,508,0,508,1012
06/17/2003,PTK,MI,AGL,CE,Towers with Display (VFR),3,35,132,0,170,0,4,157,0,161,3,39,289,0,331,589,0,589,920
06/18/2003,PTK,MI,AGL,CE,Towers with Display (VFR),7,44,184,0,235,0,8,221,0,229,7,52,405,0,464,498,0,498,962
06/19/2003,PTK,MI,AGL,CE,Towers with Display (VFR),9,30,145,0,184,5,17,218,0,240,14,47,363,0,424,416,0,416,840
06/20/2003,PTK,MI,AGL,CE,Towers with Display (VFR),9,26,173,0,208,1,16,336,0,353,10,42,509,0,561,648,0,648,1209
06/21/2003,PTK,MI,AGL,CE,Towers with Display (VFR),0,15,66,0,81,0,3,397,0,400,0,18,463,0,481,508,0,508,989
06/22/2003,PTK,MI,AGL,CE,Towers with Display (VFR),2,26,110,0,138,0,6,350,0,356,2,32,460,0,494,744,0,744,1238
06/23/2003,PTK,MI,AGL,CE,Towers with Display (VFR),4,20,132,0,156,0,7,332,0,339,4,27,464,0,495,808,0,808,1303
06/24/2003,PTK,MI,AGL,CE,Towers with Display (VFR),6,33,162,0,201,3,11,248,0,262,9,44,410,0,463,554,0,554,1017
06/25/2003,PTK,MI,AGL,CE,Towers with Display (VFR),7,53,160,0,220,0,21,304,0,325,7,74,464,0,545,732,0,732,1277
06/26/2003,PTK,MI,AGL,CE,Towers with Display (VFR),11,30,153,0,194,0,18,154,0,172,11,48,307,0,366,488,0,488,854
06/27/2003,PTK,MI,AGL,CE,Towers with Display (VFR),4,41,202,0,247,0,10,310,0,320,4,51,512,0,567,560,0,560,1127
06/28/2003,PTK,MI,AGL,CE,Towers with Display (VFR),3,16,70,0,89,0,5,197,0,202,3,21,267,0,291,326,0,326,617
06/29/2003,PTK,MI,AGL,CE,Towers with Display (VFR),2,17,98,0,117,0,1,268,0,269,2,18,366,0,386,578,0,578,964
06/30/2003,PTK,MI,AGL,CE,Towers with Display (VFR),5,21,125,0,151,1,4,290,0,295,6,25,415,0,446,640,0,640,1086
07/01/2003,PTK,MI,AGL,CE,Towers with Display (VFR),2,34,145,0,181,1,9,374,2,386,3,43,519,2,567,712,0,712,1279
07/02/2003,PTK,MI,AGL,CE,Towers with Display (VFR),4,39,130,0,173,0,12,276,0,288,4,51,406,0,461,782,0,782,1243
07/03/2003,PTK,MI,AGL,CE,Towers with Display (VFR),3,26,133,0,162,0,16,285,0,301,3,42,418,0,463,518,0,518,981
07/04/2003,PTK,MI,AGL,CE,Towers with Display (VFR),0,7,28,0,35,0,0,98,14,112,0,7,126,14,147,246,0,246,393
07/05/2003,PTK,MI,AGL,CE,Towers with Display (VFR),2,13,61,0,76,0,1,142,0,143,2,14,203,0,219,386,0,386,605
07/06/2003,PTK,MI,AGL,CE,Towers with Display (VFR),2,14,118,0,134,0,0,277,0,277,2,14,395,0,411,472,0,472,883
07/07/2003,PTK,MI,AGL,CE,Towers with Display (VFR),4,23,133,0,160,0,1,117,0,118,4,24,250,0,278,324,0,324,602
07/08/2003,PTK,MI,AGL,CE,Towers with Display (VFR),2,20,145,0,167,0,6,188,0,194,2,26,333,0,361,392,0,392,753
07/09/2003,PTK,MI,AGL,CE,Towers with Display (VFR),4,36,139,0,179,0,8,258,0,266,4,44,397,0,445,608,0,608,1053
07/10/2003,PTK,MI,AGL,CE,Towers with Display (VFR),2,28,126,0,156,0,6,55,1,62,2,34,181,1,218,226,0,226,444
07/11/2003,PTK,MI,AGL,CE,Towers with Display (VFR),7,35,129,0,171,0,6,84,0,90,7,41,213,0,261,134,0,134,395
07/12/2003,PTK,MI,AGL,CE,Towers with Display (VFR),2,14,79,0,95,0,1,298,0,299,2,15,377,0,394,492,0,492,886
07/13/2003,PTK,MI,AGL,CE,Towers with Display (VFR),3,17,95,0,115,0,0,365,0,365,3,17,460,0,480,712,0,712,1192
07/14/2003,PTK,MI,AGL,CE,Towers with Display (VFR),4,29,134,0,167,0,7,294,0,301,4,36,428,0,468,638,0,638,1106
07/15/2003,PTK,MI,AGL,CE,Towers with Display (VFR),5,31,159,0,195,0,1,132,0,133,5,32,291,0,328,532,0,532,860
07/16/2003,PTK,MI,AGL,CE,Towers with Display (VFR),2,35,168,2,207,0,8,343,3,354,2,43,511,5,561,682,0,682,1243
07/17/2003,PTK,MI,AGL,CE,Towers with Display (VFR),2,54,165,0,221,0,9,185,0,194,2,63,350,0,415,432,0,432,847
07/18/2003,PTK,MI,AGL,CE,Towers with Display (VFR),7,52,139,0,198,1,9,248,0,258,8,61,387,0,456,734,0,734,1190
07/19/2003,PTK,MI,AGL,CE,Towers with Display (VFR),0,8,59,0,67,0,5,313,2,320,0,13,372,2,387,516,0,516,903
07/20/2003,PTK,MI,AGL,CE,Towers with Display (VFR),2,24,112,0,138,0,3,231,0,234,2,27,343,0,372,328,0,328,700
07/21/2003,PTK,MI,AGL,CE,Towers with Display (VFR),7,49,126,0,182,0,0,84,0,84,7,49,210,0,266,306,0,306,572
07/22/2003,PTK,MI,AGL,CE,Towers with Display (VFR),4,43,175,0,222,0,11,212,0,223,4,54,387,0,445,372,0,372,817
07/23/2003,PTK,MI,AGL,CE,Towers with Display (VFR),4,41,185,0,230,0,9,291,1,301,4,50,476,1,531,744,0,744,1275
07/24/2003,PTK,MI,AGL,CE,Towers with Display (VFR),6,51,231,0,288,0,11,184,0,195,6,62,415,0,483,320,0,320,803
07/25/2003,PTK,MI,AGL,CE,Towers with Display (VFR),4,23,181,3,211,0,5,281,0,286,4,28,462,3,497,506,0,506,1003
07/26/2003,PTK,MI,AGL,CE,Towers with Display (VFR),0,14,77,0,91,0,0,211,0,211,0,14,288,0,302,478,0,478,780
07/27/2003,PTK,MI,AGL,CE,Towers with Display (VFR),2,14,114,2,132,0,2,169,0,171,2,16,283,2,303,412,0,412,715
07/28/2003,PTK,MI,AGL,CE,Towers with Display (VFR),7,42,127,0,176,0,17,325,0,342,7,59,452,0,518,750,0,750,1268
07/29/2003,PTK,MI,AGL,CE,Towers with Display (VFR),3,24,179,0,206,0,10,301,0,311,3,34,480,0,517,658,0,658,1175
07/30/2003,PTK,MI,AGL,CE,Towers with Display (VFR),2,32,155,0,189,0,9,294,0,303,2,41,449,0,492,676,0,676,1168
07/31/2003,PTK,MI,AGL,CE,Towers with Display (VFR),7,41,181,0,229,0,14,193,0,207,7,55,374,0,436,676,0,676,1112
08/01/2003,PTK,MI,AGL,CE,Towers with Display (VFR),3,28,171,0,202,1,9,86,0,96,4,37,257,0,298,308,0,308,606
08/02/2003,PTK,MI,AGL,CE,Towers with Display (VFR),0,14,120,0,134,0,0,155,0,155,0,14,275,0,289,286,0,286,575
08/03/2003,PTK,MI,AGL,CE,Towers with Display (VFR),1,16,128,0,145,1,2,132,0,135,2,18,260,0,280,366,0,366,646
08/04/2003,PTK,MI,AGL,CE,Towers with Display (VFR),11,27,135,0,173,1,7,135,0,143,12,34,270,0,316,462,0,462,778
08/05/2003,PTK,MI,AGL,CE,Towers with Display (VFR),0,38,190,0,228,0,8,136,0,144,0,46,326,0,372,648,0,648,1020
08/06/2003,PTK,MI,AGL,CE,Towers with Display (VFR),5,24,148,3,180,12,18,233,2,265,17,42,381,5,445,654,0,654,1099
08/07/2003,PTK,MI,AGL,CE,Towers with Display (VFR),6,30,180,0,216,1,14,247,0,262,7,44,427,0,478,768,0,768,1246
08/08/2003,PTK,MI,AGL,CE,Towers with Display (VFR),3,40,192,0,235,0,12,145,0,157,3,52,337,0,392,503,0,503,895
08/09/2003,PTK,MI,AGL,CE,Towers with Display (VFR),3,7,93,0,103,1,2,320,0,323,4,9,413,0,426,520,0,520,946
08/10/2003,PTK,MI,AGL,CE,Towers with Display (VFR),0,16,125,0,141,0,4,245,0,249,0,20,370,0,390,260,0,260,650
08/11/2003,PTK,MI,AGL,CE,Towers with Display (VFR),5,29,148,0,182,1,1,193,0,195,6,30,341,0,377,432,0,432,809
08/12/2003,PTK,MI,AGL,CE,Towers with Display (VFR),3,38,187,0,228,1,9,115,0,125,4,47,302,0,353,336,0,336,689
08/13/2003,PTK,MI,AGL,CE,Towers with Display (VFR),7,34,185,5,231,4,11,285,0,300,11,45,470,5,531,658,0,658,1189
08/14/2003,PTK,MI,AGL,CE,Towers with Display (VFR),10,46,163,0,219,0,8,232,0,240,10,54,395,0,459,392,0,392,851
08/15/2003,PTK,MI,AGL,CE,Towers with Display (VFR),5,35,158,0,198,0,5,75,0,80,5,40,233,0,278,112,0,112,390
08/16/2003,PTK,MI,AGL,CE,Towers with Display (VFR),6,14,71,0,91,0,3,84,0,87,6,17,155,0,178,384,0,384,562
08/17/2003,PTK,MI,AGL,CE,Towers with Display (VFR),3,10,91,0,104,0,2,380,0,382,3,12,471,0,486,434,0,434,920
08/18/2003,PTK,MI,AGL,CE,Towers with Display (VFR),11,39,120,0,170,0,14,323,0,337,11,53,443,0,507,732,0,732,1239
08/19/2003,PTK,MI,AGL,CE,Towers with Display (VFR),7,48,156,0,211,0,8,286,0,294,7,56,442,0,505,582,0,582,1087
08/20/2003,PTK,MI,AGL,CE,Towers with Display (VFR),10,40,183,0,233,0,13,339,0,352,10,53,522,0,585,634,0,634,1219
08/21/2003,PTK,MI,AGL,CE,Towers with Display (VFR),11,27,156,0,194,0,10,137,0,147,11,37,293,0,341,400,0,400,741
08/22/2003,PTK,MI,AGL,CE,Towers with Display (VFR),13,36,144,2,195,0,11,277,7,295,13,47,421,9,490,552,0,552,1042
08/23/2003,PTK,MI,AGL,CE,Towers with Display (VFR),2,15,67,0,84,5,11,377,0,393,7,26,444,0,477,514,0,514,991
08/24/2003,PTK,MI,AGL,CE,Towers with Display (VFR),2,5,96,2,105,1,3,518,20,542,3,8,614,22,647,1494,0,1494,2141
08/25/2003,PTK,MI,AGL,CE,Towers with Display (VFR),11,23,125,3,162,0,20,286,0,306,11,43,411,3,468,728,0,728,1196
08/26/2003,PTK,MI,AGL,CE,Towers with Display (VFR),11,44,142,0,197,0,24,171,0,195,11,68,313,0,392,304,0,304,696
08/27/2003,PTK,MI,AGL,CE,Towers with Display (VFR),8,45,168,0,221,0,18,314,0,332,8,63,482,0,553,724,0,724,1277
08/28/2003,PTK,MI,AGL,CE,Towers with Display (VFR),9,53,165,0,227,0,20,287,0,307,9,73,452,0,534,548,0,548,1082
08/29/2003,PTK,MI,AGL,CE,Towers with Display (VFR),7,49,147,0,203,0,15,195,0,210,7,64,342,0,413,412,0,412,825
08/30/2003,PTK,MI,AGL,CE,Towers with Display (VFR),1,7,61,0,69,0,0,305,0,305,1,7,366,0,374,700,0,700,1074
08/31/2003,PTK,MI,AGL,CE,Towers with Display (VFR),2,15,78,0,95,0,1,271,0,272,2,16,349,0,367,514,0,514,881
09/01/2003,PTK,MI,AGL,CE,Towers with Display (VFR),0,24,125,0,149,0,0,56,0,56,0,24,181,0,205,10,0,10,215
09/02/2003,PTK,MI,AGL,CE,Towers with Display (VFR),5,29,146,0,180,1,17,235,0,253,6,46,381,0,433,612,0,612,1045
09/03/2003,PTK,MI,AGL,CE,Towers with Display (VFR),9,41,144,0,194,1,16,263,0,280,10,57,407,0,474,522,0,522,996
09/04/2003,PTK,MI,AGL,CE,Towers with Display (VFR),8,42,151,0,201,0,16,266,0,282,8,58,417,0,483,426,0,426,909
09/05/2003,PTK,MI,AGL,CE,Towers with Display (VFR),13,42,136,0,191,0,14,294,0,308,13,56,430,0,499,644,0,644,1143
09/06/2003,PTK,MI,AGL,CE,Towers with Display (VFR),2,16,56,0,74,0,2,444,0,446,2,18,500,0,520,618,0,618,1138
09/07/2003,PTK,MI,AGL,CE,Towers with Display (VFR),2,17,98,0,117,0,0,351,0,351,2,17,449,0,468,438,0,438,906
09/08/2003,PTK,MI,AGL,CE,Towers with Display (VFR),10,28,151,0,189,0,4,186,0,190,10,32,337,0,379,378,0,378,757
09/09/2003,PTK,MI,AGL,CE,Towers with Display (VFR),8,25,133,0,166,0,24,254,0,278,8,49,387,0,444,474,0,474,918
09/10/2003,PTK,MI,AGL,CE,Towers with Display (VFR),9,36,159,0,204,0,6,265,0,271,9,42,424,0,475,698,0,698,1173
09/11/2003,PTK,MI,AGL,CE,Towers with Display (VFR),9,35,167,0,211,0,23,247,0,270,9,58,414,0,481,440,0,440,921
09/12/2003,PTK,MI,AGL,CE,Towers with Display (VFR),10,50,145,0,205,0,23,234,0,257,10,73,379,0,462,348,0,348,810
09/13/2003,PTK,MI,AGL,CE,Towers with Display (VFR),0,26,93,0,119,0,4,263,0,267,0,30,356,0,386,402,0,402,788
09/14/2003,PTK,MI,AGL,CE,Towers with Display (VFR),2,30,119,0,151,0,0,107,0,107,2,30,226,0,258,366,0,366,624
09/15/2003,PTK,MI,AGL,CE,Towers with Display (VFR),5,37,144,0,186,0,22,127,8,157,5,59,271,8,343,322,0,322,665
09/16/2003,PTK,MI,AGL,CE,Towers with Display (VFR),4,37,160,0,201,0,14,307,0,321,4,51,467,0,522,586,0,586,1108
09/17/2003,PTK,MI,AGL,CE,Towers with Display (VFR),11,47,135,0,193,0,15,322,0,337,11,62,457,0,530,540,0,540,1070
09/18/2003,PTK,MI,AGL,CE,Towers with Display (VFR),7,44,162,0,213,0,20,299,0,319,7,64,461,0,532,610,0,610,1142
09/19/2003,PTK,MI,AGL,CE,Towers with Display (VFR),14,47,122,0,183,0,6,43,0,49,14,53,165,0,232,190,0,190,422
09/20/2003,PTK,MI,AGL,CE,Towers with Display (VFR),5,16,66,0,87,0,2,396,0,398,5,18,462,0,485,826,0,826,1311
09/21/2003,PTK,MI,AGL,CE,Towers with Display (VFR),2,24,113,0,139,3,2,351,0,356,5,26,464,0,495,624,0,624,1119
09/22/2003,PTK,MI,AGL,CE,Towers with Display (VFR),6,46,120,0,172,0,5,0,0,5,6,51,120,0,177,0,0,0,177
09/23/2003,PTK,MI,AGL,CE,Towers with Display (VFR),11,48,147,0,206,0,14,243,0,257,11,62,390,0,463,620,0,620,1083
09/24/2003,PTK,MI,AGL,CE,Towers with Display (VFR),9,59,155,0,223,0,4,124,0,128,9,63,279,0,351,260,0,260,611
09/25/2003,PTK,MI,AGL,CE,Towers with Display (VFR),11,31,171,0,213,0,17,230,0,247,11,48,401,0,460,712,0,712,1172
09/26/2003,PTK,MI,AGL,CE,Towers with Display (VFR),8,37,151,0,196,0,16,220,0,236,8,53,371,0,432,578,0,578,1010
09/27/2003,PTK,MI,AGL,CE,Towers with Display (VFR),0,12,69,0,81,0,3,114,0,117,0,15,183,0,198,282,0,282,480
09/28/2003,PTK,MI,AGL,CE,Towers with Display (VFR),2,14,104,0,120,0,2,153,0,155,2,16,257,0,275,450,0,450,725
09/29/2003,PTK,MI,AGL,CE,Towers with Display (VFR),4,42,147,0,193,0,7,217,0,224,4,49,364,0,417,480,0,480,897
09/30/2003,PTK,MI,AGL,CE,Towers with Display (VFR),10,30,165,0,205,2,6,141,0,149,12,36,306,0,354,438,0,438,792
10/01/2003,PTK,MI,AGL,CE,Towers with Display (VFR),9,36,136,0,181,2,7,131,0,140,11,43,267,0,321,258,0,258,579
10/02/2003,PTK,MI,AGL,CE,Towers with Display (VFR),11,45,167,0,223,3,14,189,0,206,14,59,356,0,429,458,0,458,887
10/03/2003,PTK,MI,AGL,CE,Towers with Display (VFR),9,39,143,0,191,6,5,46,0,57,15,44,189,0,248,174,0,174,422
10/04/2003,PTK,MI,AGL,CE,Towers with Display (VFR),4,18,65,0,87,0,7,171,0,178,4,25,236,0,265,342,0,342,607
10/05/2003,PTK,MI,AGL,CE,Towers with Display (VFR),3,22,107,0,132,0,0,366,0,366,3,22,473,0,498,546,0,546,1044
10/06/2003,PTK,MI,AGL,CE,Towers with Display (VFR),3,38,141,0,182,0,24,307,0,331,3,62,448,0,513,538,0,538,1051
10/07/2003,PTK,MI,AGL,CE,Towers with Display (VFR),4,40,149,0,193,0,18,341,0,359,4,58,490,0,552,526,0,526,1078
10/08/2003,PTK,MI,AGL,CE,Towers with Display (VFR),9,40,145,0,194,0,24,232,0,256,9,64,377,0,450,446,0,446,896
10/09/2003,PTK,MI,AGL,CE,Towers with Display (VFR),8,40,149,0,197,0,20,252,0,272,8,60,401,0,469,448,0,448,917
10/10/2003,PTK,MI,AGL,CE,Towers with Display (VFR),7,42,157,0,206,0,4,250,2,256,7,46,407,2,462,448,0,448,910
10/11/2003,PTK,MI,AGL,CE,Towers with Display (VFR),1,12,84,0,97,0,0,252,0,252,1,12,336,0,349,392,0,392,741
10/12/2003,PTK,MI,AGL,CE,Towers with Display (VFR),6,24,88,0,118,0,2,278,0,280,6,26,366,0,398,438,0,438,836
10/13/2003,PTK,MI,AGL,CE,Towers with Display (VFR),4,26,93,0,123,0,28,310,0,338,4,54,403,0,461,638,0,638,1099
10/14/2003,PTK,MI,AGL,CE,Towers with Display (VFR),7,35,129,0,171,0,15,26,0,41,7,50,155,0,212,62,0,62,274
10/15/2003,PTK,MI,AGL,CE,Towers with Display (VFR),10,42,157,0,209,5,9,125,0,139,15,51,282,0,348,140,0,140,488
10/16/2003,PTK,MI,AGL,CE,Towers with Display (VFR),11,52,193,0,256,0,27,334,0,361,11,79,527,0,617,534,0,534,1151
10/17/2003,PTK,MI,AGL,CE,Towers with Display (VFR),8,40,148,0,196,1,26,262,0,289,9,66,410,0,485,482,0,482,967
10/18/2003,PTK,MI,AGL,CE,Towers with Display (VFR),2,18,68,0,88,0,4,224,0,228,2,22,292,0,316,318,0,318,634
10/19/2003,PTK,MI,AGL,CE,Towers with Display (VFR),3,24,109,0,136,0,0,296,0,296,3,24,405,0,432,528,0,528,960
10/20/2003,PTK,MI,AGL,CE,Towers with Display (VFR),6,32,116,0,154,3,24,209,0,236,9,56,325,0,390,344,0,344,734
10/21/2003,PTK,MI,AGL,CE,Towers with Display (VFR),3,38,143,0,184,0,24,83,0,107,3,62,226,0,291,262,0,262,553
10/22/2003,PTK,MI,AGL,CE,Towers with Display (VFR),7,33,124,0,164,8,11,215,0,234,15,44,339,0,398,264,0,264,662
10/23/2003,PTK,MI,AGL,CE,Towers with Display (VFR),9,41,155,0,205,0,12,215,2,229,9,53,370,2,434,398,0,398,832
10/24/2003,PTK,MI,AGL,CE,Towers with Display (VFR),9,41,153,0,203,4,48,238,0,290,13,89,391,0,493,488,0,488,981
10/25/2003,PTK,MI,AGL,CE,Towers with Display (VFR),5,17,85,0,107,2,0,12,0,14,7,17,97,0,121,98,0,98,219
10/26/2003,PTK,MI,AGL,CE,Towers with Display (VFR),6,23,102,0,131,0,0,210,0,210,6,23,312,0,341,406,0,406,747
10/27/2003,PTK,MI,AGL,CE,Towers with Display (VFR),8,39,143,0,190,0,14,59,0,73,8,53,202,0,263,304,0,304,567
10/28/2003,PTK,MI,AGL,CE,Towers with Display (VFR),7,32,131,0,170,3,0,24,0,27,10,32,155,0,197,114,0,114,311
10/29/2003,PTK,MI,AGL,CE,Towers with Display (VFR),10,47,174,0,231,1,10,189,0,200,11,57,363,0,431,256,0,256,687
10/30/2003,PTK,MI,AGL,CE,Towers with Display (VFR),9,44,163,0,216,12,16,354,0,382,21,60,517,0,598,646,0,646,1244
10/31/2003,PTK,MI,AGL,CE,Towers with Display (VFR),7,35,131,0,173,0,13,177,0,190,7,48,308,0,363,328,0,328,691
11/01/2003,PTK,MI,AGL,CE,Towers with Display (VFR),3,29,114,0,146,0,0,119,0,119,3,29,233,0,265,550,0,550,815
11/02/2003,PTK,MI,AGL,CE,Towers with Display (VFR),2,17,90,0,109,0,0,9,0,9,2,17,99,0,118,2,0,2,120
11/03/2003,PTK,MI,AGL,CE,Towers with Display (VFR),7,35,132,0,174,2,1,0,0,3,9,36,132,0,177,0,0,0,177
11/04/2003,PTK,MI,AGL,CE,Towers with Display (VFR),6,30,115,0,151,6,24,125,0,155,12,54,240,0,306,342,0,342,648
11/05/2003,PTK,MI,AGL,CE,Towers with Display (VFR),7,33,128,0,168,6,4,41,0,51,13,37,169,0,219,106,0,106,325
11/06/2003,PTK,MI,AGL,CE,Towers with Display (VFR),9,44,171,0,224,2,11,261,0,274,11,55,432,0,498,420,0,420,918
11/07/2003,PTK,MI,AGL,CE,Towers with Display (VFR),8,37,145,0,190,4,15,186,0,205,12,52,331,0,395,294,0,294,689
11/08/2003,PTK,MI,AGL,CE,Towers with Display (VFR),4,12,70,0,86,4,0,380,0,384,8,12,450,0,470,746,0,746,1216
11/09/2003,PTK,MI,AGL,CE,Towers with Display (VFR),5,17,82,0,104,0,0,309,0,309,5,17,391,0,413,534,0,534,947
11/10/2003,PTK,MI,AGL,CE,Towers with Display (VFR),6,31,115,0,152,0,14,160,0,174,6,45,275,0,326,384,0,384,710
11/11/2003,PTK,MI,AGL,CE,Towers with Display (VFR),9,43,164,0,216,0,5,70,0,75,9,48,234,0,291,348,0,348,639
11/12/2003,PTK,MI,AGL,CE,Towers with Display (VFR),8,36,137,0,181,4,9,25,0,38,12,45,162,0,219,60,0,60,279
11/13/2003,PTK,MI,AGL,CE,Towers with Display (VFR),7,33,125,0,165,8,10,13,0,31,15,43,138,0,196,0,0,0,196
11/14/2003,PTK,MI,AGL,CE,Towers with Display (VFR),5,20,95,0,120,0,0,188,0,188,5,20,283,0,308,236,0,236,544
11/15/2003,PTK,MI,AGL,CE,Towers with Display (VFR),2,22,86,0,110,0,0,202,0,202,2,22,288,0,312,480,0,480,792
11/16/2003,PTK,MI,AGL,CE,Towers with Display (VFR),3,26,98,0,127,0,0,3,0,3,3,26,101,0,130,0,0,0,130
11/17/2003,PTK,MI,AGL,CE,Towers with Display (VFR),5,36,137,0,178,0,4,53,0,57,5,40,190,0,235,66,0,66,301
11/18/2003,PTK,MI,AGL,CE,Towers with Display (VFR),5,32,113,0,150,0,11,0,0,11,5,43,113,0,161,0,0,0,161
11/19/2003,PTK,MI,AGL,CE,Towers with Display (VFR),6,36,134,0,176,15,21,155,0,191,21,57,289,0,367,382,0,382,749
11/20/2003,PTK,MI,AGL,CE,Towers with Display (VFR),6,39,147,0,192,0,23,276,3,302,6,62,423,3,494,414,0,414,908
11/21/2003,PTK,MI,AGL,CE,Towers with Display (VFR),5,39,149,0,193,0,3,333,1,337,5,42,482,1,530,378,0,378,908
11/22/2003,PTK,MI,AGL,CE,Towers with Display (VFR),3,20,128,0,151,0,0,145,0,145,3,20,273,0,296,424,0,424,720
11/23/2003,PTK,MI,AGL,CE,Towers with Display (VFR),3,17,64,0,84,1,13,99,0,113,4,30,163,0,197,194,0,194,391
11/24/2003,PTK,MI,AGL,CE,Towers with Display (VFR),1,27,103,0,131,0,10,12,0,22,1,37,115,0,153,28,0,28,181
11/25/2003,PTK,MI,AGL,CE,Towers with Display (VFR),7,40,150,0,197,4,15,220,0,239,11,55,370,0,436,398,0,398,834
11/26/2003,PTK,MI,AGL,CE,Towers with Display (VFR),4,39,147,0,190,0,17,328,0,345,4,56,475,0,535,0,0,0,535
11/27/2003,PTK,MI,AGL,CE,Towers with Display (VFR),1,8,26,0,35,0,7,0,0,7,1,15,26,0,42,0,0,0,42
11/28/2003,PTK,MI,AGL,CE,Towers with Display (VFR),1,11,37,0,49,0,6,0,0,6,1,17,37,0,55,0,0,0,55
11/29/2003,PTK,MI,AGL,CE,Towers with Display (VFR),0,17,141,0,158,0,0,27,0,27,0,17,168,0,185,194,0,194,379
11/30/2003,PTK,MI,AGL,CE,Towers with Display (VFR),2,32,123,0,157,0,9,275,0,284,2,41,398,0,441,342,0,342,783
12/01/2003,PTK,MI,AGL,CE,Towers with Display (VFR),8,30,115,0,153,0,5,36,0,41,8,35,151,0,194,22,0,22,216
12/02/2003,PTK,MI,AGL,CE,Towers with Display (VFR),9,39,147,0,195,0,17,233,0,250,9,56,380,0,445,385,0,385,830
12/03/2003,PTK,MI,AGL,CE,Towers with Display (VFR),11,39,151,0,201,0,22,257,0,279,11,61,408,0,480,570,0,570,1050
12/04/2003,PTK,MI,AGL,CE,Towers with Display (VFR),11,35,136,0,182,6,24,224,0,254,17,59,360,0,436,572,0,572,1008
12/05/2003,PTK,MI,AGL,CE,Towers with Display (VFR),8,28,102,0,138,5,11,89,0,105,13,39,191,0,243,310,0,310,553
12/06/2003,PTK,MI,AGL,CE,Towers with Display (VFR),4,18,168,0,190,0,0,133,0,133,4,18,301,0,323,188,0,188,511
12/07/2003,PTK,MI,AGL,CE,Towers with Display (VFR),4,13,77,0,94,0,0,340,0,340,4,13,417,0,434,562,0,562,996
12/08/2003,PTK,MI,AGL,CE,Towers with Display (VFR),10,35,127,0,172,0,6,193,0,199,10,41,320,0,371,434,0,434,805
12/09/2003,PTK,MI,AGL,CE,Towers with Display (VFR),7,41,150,0,198,0,2,3,0,5,7,43,153,0,203,0,0,0,203
12/10/2003,PTK,MI,AGL,CE,Towers with Display (VFR),12,41,151,0,204,7,1,35,0,43,19,42,186,0,247,100,0,100,347
12/11/2003,PTK,MI,AGL,CE,Towers with Display (VFR),11,40,145,0,196,10,22,42,0,74,21,62,187,0,270,246,0,246,516
12/12/2003,PTK,MI,AGL,CE,Towers with Display (VFR),12,44,160,0,216,2,2,202,0,206,14,46,362,0,422,350,0,350,772
12/13/2003,PTK,MI,AGL,CE,Towers with Display (VFR),7,20,80,0,107,2,0,368,0,370,9,20,448,0,477,764,0,764,1241
12/14/2003,PTK,MI,AGL,CE,Towers with Display (VFR),2,16,59,0,77,0,3,0,0,3,2,19,59,0,80,0,0,0,80
12/15/2003,PTK,MI,AGL,CE,Towers with Display (VFR),9,37,138,0,184,0,10,20,0,30,9,47,158,0,214,64,0,64,278
12/16/2003,PTK,MI,AGL,CE,Towers with Display (VFR),10,38,143,0,191,2,0,15,0,17,12,38,158,0,208,38,0,38,246
12/17/2003,PTK,MI,AGL,CE,Towers with Display (VFR),11,43,153,0,207,3,12,0,0,15,14,55,153,0,222,82,0,82,304
12/18/2003,PTK,MI,AGL,CE,Towers with Display (VFR),11,45,167,1,224,0,2,109,1,112,11,47,276,2,336,254,0,254,590
12/19/2003,PTK,MI,AGL,CE,Towers with Display (VFR),11,41,151,0,203,2,22,31,2,57,13,63,182,2,260,186,0,186,446
12/20/2003,PTK,MI,AGL,CE,Towers with Display (VFR),3,25,96,0,124,0,0,304,1,305,3,25,400,1,429,550,0,550,979
12/21/2003,PTK,MI,AGL,CE,Towers with Display (VFR),5,20,73,0,98,1,15,102,0,118,6,35,175,0,216,296,0,296,512
12/22/2003,PTK,MI,AGL,CE,Towers with Display (VFR),6,29,105,0,140,0,8,184,0,192,6,37,289,0,332,516,0,516,848
12/23/2003,PTK,MI,AGL,CE,Towers with Display (VFR),5,22,55,0,82,8,18,0,0,26,13,40,55,0,108,0,0,0,108
12/24/2003,PTK,MI,AGL,CE,Towers with Display (VFR),0,6,42,0,48,0,0,9,0,9,0,6,51,0,57,192,0,192,249
12/25/2003,PTK,MI,AGL,CE,Towers with Display (VFR),0,3,11,0,14,2,0,0,0,2,2,3,11,0,16,0,0,0,16
12/26/2003,PTK,MI,AGL,CE,Towers with Display (VFR),4,15,96,0,115,0,0,217,0,217,4,15,313,0,332,298,0,298,630
12/27/2003,PTK,MI,AGL,CE,Towers with Display (VFR),1,14,79,0,94,0,0,272,0,272,1,14,351,0,366,576,0,576,942
12/28/2003,PTK,MI,AGL,CE,Towers with Display (VFR),1,11,55,0,67,0,0,141,0,141,1,11,196,0,208,228,0,228,436
12/29/2003,PTK,MI,AGL,CE,Towers with Display (VFR),1,15,47,0,63,0,12,0,0,12,1,27,47,0,75,0,0,0,75
12/30/2003,PTK,MI,AGL,CE,Towers with Display (VFR),2,15,55,0,72,0,3,68,0,71,2,18,123,0,143,334,0,334,477
12/31/2003,PTK,MI,AGL,CE,Towers with Display (VFR),2,8,38,0,48,1,0,96,0,97,3,8,134,0,145,222,0,222,367
01/01/2004,PTK,MI,AGL,CE,Towers with Display (VFR),1,9,28,0,38,0,0,152,0,152,1,9,180,0,190,280,0,280,470
01/02/2004,PTK,MI,AGL,CE,Towers with Display (VFR),3,12,67,0,82,0,0,28,0,28,3,12,95,0,110,104,0,104,214
01/03/2004,PTK,MI,AGL,CE,Towers with Display (VFR),5,23,133,0,161,0,0,279,0,279,5,23,412,0,440,628,0,628,1068
01/04/2004,PTK,MI,AGL,CE,Towers with Display (VFR),2,24,82,0,108,0,4,49,0,53,2,28,131,0,161,186,0,186,347
01/05/2004,PTK,MI,AGL,CE,Towers with Display (VFR),3,28,88,0,119,0,32,0,0,32,3,60,88,0,151,20,0,20,171
01/06/2004,PTK,MI,AGL,CE,Towers with Display (VFR),5,28,81,0,114,1,14,0,0,15,6,42,81,0,129,0,0,0,129
01/07/2004,PTK,MI,AGL,CE,Towers with Display (VFR),7,35,118,0,160,8,5,70,0,83,15,40,188,0,243,146,0,146,389
01/08/2004,PTK,MI,AGL,CE,Towers with Display (VFR),7,38,126,0,171,2,32,198,0,232,9,70,324,0,403,444,0,444,847
01/09/2004,PTK,MI,AGL,CE,Towers with Display (VFR),7,38,124,0,169,2,19,121,0,142,9,57,245,0,311,366,0,366,677
01/10/2004,PTK,MI,AGL,CE,Towers with Display (VFR),1,16,69,0,86,0,0,214,0,214,1,16,283,0,300,496,0,496,796
01/11/2004,PTK,MI,AGL,CE,Towers with Display (VFR),4,13,63,0,80,4,0,144,0,148,8,13,207,0,228,414,0,414,642
01/12/2004,PTK,MI,AGL,CE,Towers with Display (VFR),5,40,131,0,176,0,3,19,0,22,5,43,150,0,198,78,0,78,276
01/13/2004,PTK,MI,AGL,CE,Towers with Display (VFR),4,46,154,0,204,0,16,99,0,115,4,62,253,0,319,294,0,294,613
01/14/2004,PTK,MI,AGL,CE,Towers with Display (VFR),6,30,97,0,133,0,9,0,0,9,6,39,97,0,142,0,0,0,142
01/15/2004,PTK,MI,AGL,CE,Towers with Display (VFR),8,42,138,0,188,4,16,126,0,146,12,58,264,0,334,348,0,348,682
01/16/2004,PTK,MI,AGL,CE,Towers with Display (VFR),7,43,141,0,191,0,4,240,0,244,7,47,381,0,435,496,0,496,931
01/17/2004,PTK,MI,AGL,CE,Towers with Display (VFR),0,10,31,0,41,0,1,0,0,1,0,11,31,0,42,16,0,16,58
01/18/2004,PTK,MI,AGL,CE,Towers with Display (VFR),3,10,59,0,72,0,0,136,0,136,3,10,195,0,208,274,0,274,482
01/19/2004,PTK,MI,AGL,CE,Towers with Display (VFR),5,39,129,0,173,0,0,78,0,78,5,39,207,0,251,182,0,182,433
01/20/2004,PTK,MI,AGL,CE,Towers with Display (VFR),5,36,122,0,163,0,16,181,0,197,5,52,303,0,360,442,0,442,802
01/21/2004,PTK,MI,AGL,CE,Towers with Display (VFR),6,38,127,0,171,0,17,53,0,70,6,55,180,0,241,186,0,186,427
01/22/2004,PTK,MI,AGL,CE,Towers with Display (VFR),1,26,97,0,124,0,0,88,0,88,1,26,185,0,212,66,0,66,278
01/23/2004,PTK,MI,AGL,CE,Towers with Display (VFR),6,39,128,0,173,2,13,32,0,47,8,52,160,0,220,102,0,102,322
01/24/2004,PTK,MI,AGL,CE,Towers with Display (VFR),2,10,69,0,81,0,0,280,0,280,2,10,349,0,361,392,0,392,753
01/25/2004,PTK,MI,AGL,CE,Towers with Display (VFR),3,15,74,0,92,0,0,145,1,146,3,15,219,1,238,258,0,258,496
01/26/2004,PTK,MI,AGL,CE,Towers with Display (VFR),4,28,86,0,118,1,16,0,0,17,5,44,86,0,135,0,0,0,135
01/27/2004,PTK,MI,AGL,CE,Towers with Display (VFR),3,22,63,0,88,6,4,0,0,10,9,26,63,0,98,10,0,10,108
01/28/2004,PTK,MI,AGL,CE,Towers with Display (VFR),7,40,136,0,183,4,11,27,0,42,11,51,163,0,225,64,0,64,289
01/29/2004,PTK,MI,AGL,CE,Towers with Display (VFR),7,39,134,0,180,2,16,138,0,156,9,55,272,0,336,216,0,216,552
01/30/2004,PTK,MI,AGL,CE,Towers with Display (VFR),7,41,137,0,185,4,19,124,0,147,11,60,261,0,332,380,0,380,712
01/31/2004,PTK,MI,AGL,CE,Towers with Display (VFR),4,16,79,0,99,3,0,178,0,181,7,16,257,0,280,522,0,522,802
02/01/2004,PTK,MI,AGL,CE,Towers with Display (VFR),3,17,88,0,108,0,0,227,0,227,3,17,315,0,335,390,0,390,725
02/02/2004,PTK,MI,AGL,CE,Towers with Display (VFR),6,32,104,0,142,1,4,96,0,101,7,36,200,0,243,212,0,212,455
02/03/2004,PTK,MI,AGL,CE,Towers with Display (VFR),6,34,102,0,142,3,12,0,0,15,9,46,102,0,157,108,0,108,265
02/04/2004,PTK,MI,AGL,CE,Towers with Display (VFR),9,49,158,0,216,4,18,155,0,177,13,67,313,0,393,454,0,454,847
02/05/2004,PTK,MI,AGL,CE,Towers with Display (VFR),5,44,142,0,191,0,11,113,0,124,5,55,255,0,315,238,0,238,553
02/06/2004,PTK,MI,AGL,CE,Towers with Display (VFR),6,35,97,0,138,13,12,0,0,25,19,47,97,0,163,6,0,6,169
02/07/2004,PTK,MI,AGL,CE,Towers with Display (VFR),3,21,68,0,92,0,1,138,0,139,3,22,206,0,231,414,0,414,645
02/08/2004,PTK,MI,AGL,CE,Towers with Display (VFR),2,13,71,0,86,0,0,193,0,193,2,13,264,0,279,562,0,562,841
02/09/2004,PTK,MI,AGL,CE,Towers with Display (VFR),6,34,109,0,149,5,4,45,0,54,11,38,154,0,203,64,0,64,267
02/10/2004,PTK,MI,AGL,CE,Towers with Display (VFR),3,39,125,0,167,0,4,23,0,27,3,43,148,0,194,156,0,156,350
02/11/2004,PTK,MI,AGL,CE,Towers with Display (VFR),8,39,136,0,183,0,0,184,0,184,8,39,320,0,367,432,0,432,799
02/12/2004,PTK,MI,AGL,CE,Towers with Display (VFR),4,40,136,0,180,0,0,104,0,104,4,40,240,0,284,290,0,290,574
02/13/2004,PTK,MI,AGL,CE,Towers with Display (VFR),6,37,115,0,158,1,3,87,0,91,7,40,202,0,249,274,0,274,523
02/14/2004,PTK,MI,AGL,CE,Towers with Display (VFR),0,25,80,0,105,0,7,130,0,137,0,32,210,0,242,494,0,494,736
02/15/2004,PTK,MI,AGL,CE,Towers with Display (VFR),2,24,78,0,104,0,7,209,0,216,2,31,287,0,320,436,0,436,756
02/16/2004,PTK,MI,AGL,CE,Towers with Display (VFR),5,36,114,0,155,2,3,194,0,199,7,39,308,0,354,396,0,396,750
02/17/2004,PTK,MI,AGL,CE,Towers with Display (VFR),6,39,126,0,171,0,12,149,0,161,6,51,275,0,332,458,0,458,790
02/18/2004,PTK,MI,AGL,CE,Towers with Display (VFR),6,41,128,0,175,10,10,95,0,115,16,51,223,0,290,154,0,154,444
02/19/2004,PTK,MI,AGL,CE,Towers with Display (VFR),5,35,127,0,167,0,0,171,0,171,5,35,298,0,338,478,0,478,816
02/20/2004,PTK,MI,AGL,CE,Towers with Display (VFR),6,37,119,0,162,12,9,15,0,36,18,46,134,0,198,50,0,50,248
02/21/2004,PTK,MI,AGL,CE,Towers with Display (VFR),5,35,81,0,121,0,41,0,0,41,5,76,81,0,162,22,0,22,184
02/22/2004,PTK,MI,AGL,CE,Towers with Display (VFR),6,37,120,0,163,1,11,303,0,315,7,48,423,0,478,644,0,644,1122
02/23/2004,PTK,MI,AGL,CE,Towers with Display (VFR),4,43,140,0,187,0,1,24,4,29,4,44,164,4,216,152,0,152,368
02/24/2004,PTK,MI,AGL,CE,Towers with Display (VFR),2,46,146,0,194,0,2,101,0,103,2,48,247,0,297,190,0,190,487
02/25/2004,PTK,MI,AGL,CE,Towers with Display (VFR),7,42,147,0,196,15,0,126,3,144,22,42,273,3,340,468,0,468,808
02/26/2004,PTK,MI,AGL,CE,Towers with Display (VFR),6,37,122,0,165,1,0,195,0,196,7,37,317,0,361,400,0,400,761
02/27/2004,PTK,MI,AGL,CE,Towers with Display (VFR),6,40,129,0,175,3,9,249,0,261,9,49,378,0,436,650,0,650,1086
02/28/2004,PTK,MI,AGL,CE,Towers with Display (VFR),3,11,69,0,83,1,0,425,0,426,4,11,494,0,509,658,0,658,1167
02/29/2004,PTK,MI,AGL,CE,Towers with Display (VFR),2,18,72,0,92,0,0,379,0,379,2,18,451,0,471,678,0,678,1149
03/01/2004,PTK,MI,AGL,CE,Towers with Display (VFR),7,39,135,0,181,4,8,29,0,41,11,47,164,0,222,54,0,54,276
03/02/2004,PTK,MI,AGL,CE,Towers with Display (VFR),6,34,118,0,158,11,8,48,0,67,17,42,166,0,225,172,0,172,397
03/03/2004,PTK,MI,AGL,CE,Towers with Display (VFR),4,34,118,0,156,0,10,106,0,116,4,44,224,0,272,250,0,250,522
03/04/2004,PTK,MI,AGL,CE,Towers with Display (VFR),7,38,139,0,184,1,0,123,0,124,8,38,262,0,308,282,0,282,590
03/05/2004,PTK,MI,AGL,CE,Towers with Display (VFR),6,31,99,0,136,0,23,0,0,23,6,54,99,0,159,36,0,36,195
03/06/2004,PTK,MI,AGL,CE,Towers with Display (VFR),2,13,73,0,88,0,0,90,0,90,2,13,163,0,178,288,0,288,466
03/07/2004,PTK,MI,AGL,CE,Towers with Display (VFR),3,13,59,0,75,1,0,42,0,43,4,13,101,0,118,114,0,114,232
03/08/2004,PTK,MI,AGL,CE,Towers with Display (VFR),4,34,114,0,152,0,4,78,0,82,4,38,192,0,234,244,0,244,478
03/09/2004,PTK,MI,AGL,CE,Towers with Display (VFR),3,29,151,0,183,0,0,188,0,188,3,29,339,0,371,422,0,422,793
03/10/2004,PTK,MI,AGL,CE,Towers with Display (VFR),7,37,127,0,171,5,25,223,0,253,12,62,350,0,424,462,0,462,886
03/11/2004,PTK,MI,AGL,CE,Towers with Display (VFR),6,33,112,0,151,6,4,1,0,11,12,37,113,0,162,72,0,72,234
03/12/2004,PTK,MI,AGL,CE,Towers with Display (VFR),7,47,160,0,214,0,4,53,0,57,7,51,213,0,271,104,0,104,375
03/13/2004,PTK,MI,AGL,CE,Towers with Display (VFR),4,19,64,0,87,1,4,397,0,402,5,23,461,0,489,800,0,800,1289
03/14/2004,PTK,MI,AGL,CE,Towers with Display (VFR),3,22,74,0,99,0,2,20,0,22,3,24,94,0,121,26,0,26,147
03/15/2004,PTK,MI,AGL,CE,Towers with Display (VFR),3,29,100,0,132,0,7,92,0,99,3,36,192,0,231,294,0,294,525
03/16/2004,PTK,MI,AGL,CE,Towers with Display (VFR),3,34,118,0,155,0,0,20,0,20,3,34,138,0,175,0,0,0,175
03/17/2004,PTK,MI,AGL,CE,Towers with Display (VFR),8,42,141,0,191,3,3,29,0,35,11,45,170,0,226,86,0,86,312
03/18/2004,PTK,MI,AGL,CE,Towers with Display (VFR),4,36,123,0,163,0,11,13,0,24,4,47,136,0,187,52,0,52,239
03/19/2004,PTK,MI,AGL,CE,Towers with Display (VFR),7,45,150,0,202,8,22,106,0,136,15,67,256,0,338,358,0,358,696
03/20/2004,PTK,MI,AGL,CE,Towers with Display (VFR),0,14,54,0,68,0,0,60,0,60,0,14,114,0,128,262,0,262,390
03/21/2004,PTK,MI,AGL,CE,Towers with Display (VFR),2,23,75,0,100,0,1,91,0,92,2,24,166,0,192,112,0,112,304
03/22/2004,PTK,MI,AGL,CE,Towers with Display (VFR),5,33,112,1,151,8,4,231,4,247,13,37,343,5,398,444,0,444,842
03/23/2004,PTK,MI,AGL,CE,Towers with Display (VFR),3,36,118,0,157,0,12,158,0,170,3,48,276,0,327,452,0,452,779
03/24/2004,PTK,MI,AGL,CE,Towers with Display (VFR),7,43,148,0,198,1,4,17,0,22,8,47,165,0,220,136,0,136,356
03/25/2004,PTK,MI,AGL,CE,Towers with Display (VFR),4,39,132,0,175,0,12,137,0,149,4,51,269,0,324,236,0,236,560
03/26/2004,PTK,MI,AGL,CE,Towers with Display (VFR),6,39,133,0,178,0,3,42,0,45,6,42,175,0,223,164,0,164,387
03/27/2004,PTK,MI,AGL,CE,Towers with Display (VFR),5,35,118,0,158,0,4,161,0,165,5,39,279,0,323,598,0,598,921
03/28/2004,PTK,MI,AGL,CE,Towers with Display (VFR),2,20,105,0,127,0,0,61,0,61,2,20,166,0,188,72,0,72,260
03/29/2004,PTK,MI,AGL,CE,Towers with Display (VFR),6,41,142,0,189,0,18,144,0,162,6,59,286,0,351,430,0,430,781
03/30/2004,PTK,MI,AGL,CE,Towers with Display (VFR),4,41,137,0,182,0,9,58,0,67,4,50,195,0,249,244,0,244,493
03/31/2004,PTK,MI,AGL,CE,Towers with Display (VFR),4,24,98,0,126,0,0,83,8,91,4,24,181,8,217,162,0,162,379
04/01/2004,PTK,MI,AGL,CE,Towers with Display (VFR),7,41,155,0,203,1,16,93,3,113,8,57,248,3,316,100,0,100,416
04/02/2004,PTK,MI,AGL,CE,Towers with Display (VFR),5,34,125,0,164,6,27,167,1,201,11,61,292,1,365,208,0,208,573
04/03/2004,PTK,MI,AGL,CE,Towers with Display (VFR),4,18,83,0,105,1,0,420,0,421,5,18,503,0,526,708,0,708,1234
04/04/2004,PTK,MI,AGL,CE,Towers with Display (VFR),3,12,81,0,96,0,0,101,0,101,3,12,182,0,197,22,0,22,219
04/05/2004,PTK,MI,AGL,CE,Towers with Display (VFR),3,34,129,0,166,0,19,276,0,295,3,53,405,0,461,632,0,632,1093
04/06/2004,PTK,MI,AGL,CE,Towers with Display (VFR),6,38,142,0,186,2,9,185,0,196,8,47,327,0,382,542,0,542,924
04/07/2004,PTK,MI,AGL,CE,Towers with Display (VFR),3,45,168,0,216,0,6,183,0,189,3,51,351,0,405,384,0,384,789
04/08/2004,PTK,MI,AGL,CE,Towers with Display (VFR),7,46,170,0,223,4,3,120,0,127,11,49,290,0,350,368,0,368,718
04/09/2004,PTK,MI,AGL,CE,Towers with Display (VFR),4,28,101,0,133,1,3,288,0,292,5,31,389,0,425,370,0,370,795
04/10/2004,PTK,MI,AGL,CE,Towers with Display (VFR),0,18,76,0,94,0,0,339,0,339,0,18,415,0,433,510,0,510,943
04/11/2004,PTK,MI,AGL,CE,Towers with Display (VFR),1,17,63,0,81,0,9,62,0,71,1,26,125,0,152,140,0,140,292
04/12/2004,PTK,MI,AGL,CE,Towers with Display (VFR),2,21,90,0,113,0,0,171,0,171,2,21,261,0,284,424,0,424,708
04/13/2004,PTK,MI,AGL,CE,Towers with Display (VFR),5,33,121,0,159,0,4,57,0,61,5,37,178,0,220,62,0,62,282
04/14/2004,PTK,MI,AGL,CE,Towers with Display (VFR),5,32,119,0,156,3,22,228,0,253,8,54,347,0,409,574,0,574,983
04/15/2004,PTK,MI,AGL,CE,Towers with Display (VFR),5,34,126,0,165,0,17,236,1,254,5,51,362,1,419,530,0,530,949
04/16/2004,PTK,MI,AGL,CE,Towers with Display (VFR),3,37,133,0,173,0,20,213,0,233,3,57,346,0,406,338,0,338,744
04/17/2004,PTK,MI,AGL,CE,Towers with Display (VFR),2,23,84,0,109,0,6,216,0,222,2,29,300,0,331,428,0,428,759
04/18/2004,PTK,MI,AGL,CE,Towers with Display (VFR),3,26,96,0,125,1,6,137,0,144,4,32,233,0,269,294,0,294,563
04/19/2004,PTK,MI,AGL,CE,Towers with Display (VFR),4,30,111,0,145,0,1,41,0,42,4,31,152,0,187,14,0,14,201
04/20/2004,PTK,MI,AGL,CE,Towers with Display (VFR),5,40,150,0,195,2,21,121,0,144,7,61,271,0,339,360,0,360,699
04/21/2004,PTK,MI,AGL,CE,Towers with Display (VFR),5,36,137,0,178,1,19,79,0,99,6,55,216,0,277,84,0,84,361
04/22/2004,PTK,MI,AGL,CE,Towers with Display (VFR),5,38,140,0,183,1,22,203,0,226,6,60,343,0,409,354,0,354,763
04/23/2004,PTK,MI,AGL,CE,Towers with Display (VFR),5,39,146,0,190,5,18,284,0,307,10,57,430,0,497,616,0,616,1113
04/24/2004,PTK,MI,AGL,CE,Towers with Display (VFR),2,16,69,0,87,0,0,332,0,332,2,16,401,0,419,394,0,394,813
04/25/2004,PTK,MI,AGL,CE,Towers with Display (VFR),2,20,85,0,107,0,0,13,0,13,2,20,98,0,120,106,0,106,226
04/26/2004,PTK,MI,AGL,CE,Towers with Display (VFR),4,32,121,0,157,1,10,125,0,136,5,42,246,0,293,565,0,565,858
04/27/2004,PTK,MI,AGL,CE,Towers with Display (VFR),4,43,163,0,210,0,10,89,0,99,4,53,252,0,309,216,0,216,525
04/28/2004,PTK,MI,AGL,CE,Towers with Display (VFR),6,43,165,0,214,6,0,134,0,140,12,43,299,0,354,186,0,186,540
04/29/2004,PTK,MI,AGL,CE,Towers with Display (VFR),6,42,156,0,204,1,13,124,0,138,7,55,280,0,342,164,0,164,506
04/30/2004,PTK,MI,AGL,CE,Towers with Display (VFR),5,35,134,0,174,0,11,158,0,169,5,46,292,0,343,376,0,376,719
05/01/2004,PTK,MI,AGL,CE,Towers with Display (VFR),0,20,94,0,114,0,0,23,9,32,0,20,117,9,146,82,0,82,228
05/02/2004,PTK,MI,AGL,CE,Towers with Display (VFR),3,26,102,0,131,0,2,46,0,48,3,28,148,0,179,182,0,182,361
05/03/2004,PTK,MI,AGL,CE,Towers with Display (VFR),3,29,117,0,149,0,8,129,0,137,3,37,246,0,286,466,0,466,752
05/04/2004,PTK,MI,AGL,CE,Towers with Display (VFR),1,38,149,0,188,0,13,179,0,192,1,51,328,0,380,482,0,482,862
05/05/2004,PTK,MI,AGL,CE,Towers with Display (VFR),8,42,165,0,215,2,8,302,2,314,10,50,467,2,529,488,0,488,1017
05/06/2004,PTK,MI,AGL,CE,Towers with Display (VFR),8,39,154,0,201,1,23,203,1,228,9,62,357,1,429,368,0,368,797
05/07/2004,PTK,MI,AGL,CE,Towers with Display (VFR),7,34,137,0,178,1,13,181,0,195,8,47,318,0,373,368,0,368,741
05/08/2004,PTK,MI,AGL,CE,Towers with Display (VFR),1,18,75,0,94,0,9,144,0,153,1,27,219,0,247,578,0,578,825
05/09/2004,PTK,MI,AGL,CE,Towers with Display (VFR),2,19,79,0,100,0,14,146,0,160,2,33,225,0,260,500,0,500,760
05/10/2004,PTK,MI,AGL,CE,Towers with Display (VFR),5,35,139,0,179,0,10,119,0,129,5,45,258,0,308,300,0,300,608
05/11/2004,PTK,MI,AGL,CE,Towers with Display (VFR),6,43,168,0,217,0,2,168,1,171,6,45,336,1,388,396,0,396,784
05/12/2004,PTK,MI,AGL,CE,Towers with Display (VFR),8,46,175,0,229,17,17,136,3,173,25,63,311,3,402,262,0,262,664
05/13/2004,PTK,MI,AGL,CE,Towers with Display (VFR),8,43,164,0,215,3,17,107,0,127,11,60,271,0,342,288,0,288,630
05/14/2004,PTK,MI,AGL,CE,Towers with Display (VFR),5,39,148,0,192,0,3,28,0,31,5,42,176,0,223,184,0,184,407
05/15/2004,PTK,MI,AGL,CE,Towers with Display (VFR),5,22,120,1,148,0,0,161,1,162,5,22,281,2,310,454,0,454,764
05/16/2004,PTK,MI,AGL,CE,Towers with Display (VFR),3,18,82,0,103,0,0,335,0,335,3,18,417,0,438,656,0,656,1094
05/17/2004,PTK,MI,AGL,CE,Towers with Display (VFR),6,34,132,0,172,8,13,96,0,117,14,47,228,0,289,230,0,230,519
05/18/2004,PTK,MI,AGL,CE,Towers with Display (VFR),7,43,166,0,216,1,8,186,0,195,8,51,352,0,411,554,0,554,965
05/19/2004,PTK,MI,AGL,CE,Towers with Display (VFR),7,42,161,1,211,14,21,235,0,270,21,63,396,1,481,604,0,604,1085
05/20/2004,PTK,MI,AGL,CE,Towers with Display (VFR),9,53,204,0,266,24,11,79,0,114,33,64,283,0,380,218,0,218,598
05/21/2004,PTK,MI,AGL,CE,Towers with Display (VFR),6,38,146,0,190,1,18,107,0,126,7,56,253,0,316,202,0,202,518
05/22/2004,PTK,MI,AGL,CE,Towers with Display (VFR),2,13,53,1,69,3,0,41,1,45,5,13,94,2,114,154,0,154,268
05/23/2004,PTK,MI,AGL,CE,Towers with Display (VFR),2,22,84,0,108,0,6,42,0,48,2,28,126,0,156,120,0,120,276
05/24/2004,PTK,MI,AGL,CE,Towers with Display (VFR),7,41,158,1,207,10,23,72,1,106,17,64,230,2,313,400,0,400,713
05/25/2004,PTK,MI,AGL,CE,Towers with Display (VFR),6,39,159,0,204,0,0,15,0,15,6,39,174,0,219,58,0,58,277
05/26/2004,PTK,MI,AGL,CE,Towers with Display (VFR),7,40,156,0,203,2,12,211,0,225,9,52,367,0,428,566,0,566,994
05/27/2004,PTK,MI,AGL,CE,Towers with Display (VFR),9,49,189,0,247,2,17,117,0,136,11,66,306,0,383,318,0,318,701
05/28/2004,PTK,MI,AGL,CE,Towers with Display (VFR),7,46,175,0,228,6,1,217,0,224,13,47,392,0,452,392,0,392,844
05/29/2004,PTK,MI,AGL,CE,Towers with Display (VFR),2,16,61,0,79,0,8,355,0,363,2,24,416,0,442,682,0,682,1124
05/30/2004,PTK,MI,AGL,CE,Towers with Display (VFR),0,14,59,0,73,0,0,165,0,165,0,14,224,0,238,306,0,306,544
05/31/2004,PTK,MI,AGL,CE,Towers with Display (VFR),2,23,88,0,113,0,1,35,0,36,2,24,123,0,149,12,0,12,161
06/01/2004,PTK,MI,AGL,CE,Towers with Display (VFR),3,38,144,0,185,0,18,175,0,193,3,56,319,0,378,372,0,372,750
06/02/2004,PTK,MI,AGL,CE,Towers with Display (VFR),8,37,140,0,185,4,0,154,0,158,12,37,294,0,343,538,0,538,881
06/03/2004,PTK,MI,AGL,CE,Towers with Display (VFR),9,42,161,0,212,0,17,387,0,404,9,59,548,0,616,736,0,736,1352
06/04/2004,PTK,MI,AGL,CE,Towers with Display (VFR),8,38,141,0,187,2,14,364,0,380,10,52,505,0,567,546,0,546,1113
06/05/2004,PTK,MI,AGL,CE,Towers with Display (VFR),0,14,58,0,72,0,0,417,0,417,0,14,475,0,489,632,0,632,1121
06/06/2004,PTK,MI,AGL,CE,Towers with Display (VFR),3,27,96,0,126,0,0,208,0,208,3,27,304,0,334,338,0,338,672
06/07/2004,PTK,MI,AGL,CE,Towers with Display (VFR),8,38,137,0,183,5,1,239,0,245,13,39,376,0,428,438,0,438,866
06/08/2004,PTK,MI,AGL,CE,Towers with Display (VFR),9,41,148,0,198,4,11,266,2,283,13,52,414,2,481,648,0,648,1129
06/09/2004,PTK,MI,AGL,CE,Towers with Display (VFR),10,46,166,0,222,11,11,54,1,77,21,57,220,1,299,344,0,344,643
06/10/2004,PTK,MI,AGL,CE,Towers with Display (VFR),9,56,207,0,272,0,0,4,0,4,9,56,211,0,276,0,0,0,276
06/11/2004,PTK,MI,AGL,CE,Towers with Display (VFR),9,41,149,0,199,0,16,180,0,196,9,57,329,0,395,264,0,264,659
06/12/2004,PTK,MI,AGL,CE,Towers with Display (VFR),4,21,85,0,110,0,0,229,0,229,4,21,314,0,339,348,0,348,687
06/13/2004,PTK,MI,AGL,CE,Towers with Display (VFR),3,23,109,0,135,0,0,164,0,164,3,23,273,0,299,412,0,412,711
06/14/2004,PTK,MI,AGL,CE,Towers with Display (VFR),8,39,145,0,192,4,1,111,0,116,12,40,256,0,308,198,0,198,506
06/15/2004,PTK,MI,AGL,CE,Towers with Display (VFR),7,50,183,0,240,0,3,313,0,316,7,53,496,0,556,580,0,580,1136
06/16/2004,PTK,MI,AGL,CE,Towers with Display (VFR),4,49,180,0,233,0,4,96,0,100,4,53,276,0,333,204,0,204,537
06/17/2004,PTK,MI,AGL,CE,Towers with Display (VFR),6,44,160,0,210,0,30,73,0,103,6,74,233,0,313,396,0,396,709
06/18/2004,PTK,MI,AGL,CE,Towers with Display (VFR),10,52,188,1,251,2,11,238,0,251,12,63,426,1,502,528,0,528,1030
06/19/2004,PTK,MI,AGL,CE,Towers with Display (VFR),3,18,70,0,91,8,0,327,0,335,11,18,397,0,426,306,0,306,732
06/20/2004,PTK,MI,AGL,CE,Towers with Display (VFR),2,33,120,0,155,0,6,316,1,323,2,39,436,1,478,478,0,478,956
06/21/2004,PTK,MI,AGL,CE,Towers with Display (VFR),8,39,145,0,192,16,17,118,0,151,24,56,263,0,343,270,0,270,613
06/22/2004,PTK,MI,AGL,CE,Towers with Display (VFR),11,54,199,0,264,0,1,183,0,184,11,55,382,0,448,636,0,636,1084
06/23/2004,PTK,MI,AGL,CE,Towers with Display (VFR),8,40,149,0,197,8,15,299,0,322,16,55,448,0,519,470,0,470,989
06/24/2004,PTK,MI,AGL,CE,Towers with Display (VFR),10,51,187,0,248,1,22,173,0,196,11,73,360,0,444,386,0,386,830
06/25/2004,PTK,MI,AGL,CE,Towers with Display (VFR),8,39,146,0,193,4,33,287,0,324,12,72,433,0,517,634,0,634,1151
06/26/2004,PTK,MI,AGL,CE,Towers with Display (VFR),3,22,80,0,105,0,1,476,0,477,3,23,556,0,582,760,0,760,1342
06/27/2004,PTK,MI,AGL,CE,Towers with Display (VFR),2,21,76,0,99,0,0,466,0,466,2,21,542,0,565,618,0,618,1183
06/28/2004,PTK,MI,AGL,CE,Towers with Display (VFR),8,41,150,0,199,4,24,169,1,198,12,65,319,1,397,526,0,526,923
06/29/2004,PTK,MI,AGL,CE,Towers with Display (VFR),5,39,143,0,187,0,8,283,0,291,5,47,426,0,478,556,0,556,1034
06/30/2004,PTK,MI,AGL,CE,Towers with Display (VFR),9,45,167,0,221,8,16,263,0,287,17,61,430,0,508,658,0,658,1166
07/01/2004,PTK,MI,AGL,CE,Towers with Display (VFR),6,35,152,0,193,4,16,327,0,347,10,51,479,0,540,694,0,694,1234
07/02/2004,PTK,MI,AGL,CE,Towers with Display (VFR),6,30,134,0,170,2,16,334,0,352,8,46,468,0,522,588,0,588,1110
07/03/2004,PTK,MI,AGL,CE,Towers with Display (VFR),0,13,62,0,75,0,2,264,1,267,0,15,326,1,342,334,0,334,676
07/04/2004,PTK,MI,AGL,CE,Towers with Display (VFR),0,8,45,0,53,0,0,25,8,33,0,8,70,8,86,0,0,0,86
07/05/2004,PTK,MI,AGL,CE,Towers with Display (VFR),2,21,118,0,141,0,0,178,0,178,2,21,296,0,319,642,0,642,961
07/06/2004,PTK,MI,AGL,CE,Towers with Display (VFR),5,35,154,0,194,0,22,228,2,252,5,57,382,2,446,622,0,622,1068
07/07/2004,PTK,MI,AGL,CE,Towers with Display (VFR),5,26,115,0,146,6,9,65,4,84,11,35,180,4,230,268,0,268,498
07/08/2004,PTK,MI,AGL,CE,Towers with Display (VFR),7,38,166,0,211,2,14,250,4,270,9,52,416,4,481,632,0,632,1113
07/09/2004,PTK,MI,AGL,CE,Towers with Display (VFR),3,32,142,0,177,0,12,256,0,268,3,44,398,0,445,510,0,510,955
07/10/2004,PTK,MI,AGL,CE,Towers with Display (VFR),3,9,79,0,91,0,0,270,1,271,3,9,349,1,362,480,0,480,842
07/11/2004,PTK,MI,AGL,CE,Towers with Display (VFR),5,25,118,0,148,0,0,298,0,298,5,25,416,0,446,428,0,428,874
07/12/2004,PTK,MI,AGL,CE,Towers with Display (VFR),6,37,163,0,206,0,0,124,0,124,6,37,287,0,330,244,0,244,574
07/13/2004,PTK,MI,AGL,CE,Towers with Display (VFR),2,35,150,0,187,0,17,191,0,208,2,52,341,0,395,652,0,652,1047
07/14/2004,PTK,MI,AGL,CE,Towers with Display (VFR),4,35,149,0,188,0,14,151,0,165,4,49,300,0,353,210,0,210,563
07/15/2004,PTK,MI,AGL,CE,Towers with Display (VFR),5,34,142,0,181,1,19,203,0,223,6,53,345,0,404,444,0,444,848
07/16/2004,PTK,MI,AGL,CE,Towers with Display (VFR),5,35,150,1,191,1,9,206,1,217,6,44,356,2,408,408,0,408,816
07/17/2004,PTK,MI,AGL,CE,Towers with Display (VFR),3,13,80,0,96,0,0,184,0,184,3,13,264,0,280,380,0,380,660
07/18/2004,PTK,MI,AGL,CE,Towers with Display (VFR),3,29,127,0,159,0,0,223,0,223,3,29,350,0,382,372,0,372,754
07/19/2004,PTK,MI,AGL,CE,Towers with Display (VFR),5,31,133,1,170,0,36,239,1,276,5,67,372,2,446,678,0,678,1124
07/20/2004,PTK,MI,AGL,CE,Towers with Display (VFR),3,35,148,1,187,0,15,192,0,207,3,50,340,1,394,574,0,574,968
07/21/2004,PTK,MI,AGL,CE,Towers with Display (VFR),5,32,139,0,176,1,16,114,0,131,6,48,253,0,307,470,0,470,777
07/22/2004,PTK,MI,AGL,CE,Towers with Display (VFR),3,41,174,0,218,0,13,162,0,175,3,54,336,0,393,434,0,434,827
07/23/2004,PTK,MI,AGL,CE,Towers with Display (VFR),3,36,155,0,194,0,6,290,0,296,3,42,445,0,490,296,0,296,786
07/24/2004,PTK,MI,AGL,CE,Towers with Display (VFR),0,27,114,1,142,0,4,364,1,369,0,31,478,2,511,704,0,704,1215
07/25/2004,PTK,MI,AGL,CE,Towers with Display (VFR),2,23,106,0,131,0,0,278,0,278,2,23,384,0,409,626,0,626,1035
07/26/2004,PTK,MI,AGL,CE,Towers with Display (VFR),2,33,142,0,177,0,4,255,0,259,2,37,397,0,436,566,0,566,1002
07/27/2004,PTK,MI,AGL,CE,Towers with Display (VFR),5,39,168,0,212,0,5,18,0,23,5,44,186,0,235,80,0,80,315
07/28/2004,PTK,MI,AGL,CE,Towers with Display (VFR),7,42,181,0,230,15,15,329,0,359,22,57,510,0,589,728,0,728,1317
07/29/2004,PTK,MI,AGL,CE,Towers with Display (VFR),7,44,188,0,239,2,17,249,0,268,9,61,437,0,507,534,0,534,1041
07/30/2004,PTK,MI,AGL,CE,Towers with Display (VFR),7,45,194,0,246,14,8,127,0,149,21,53,321,0,395,178,0,178,573
07/31/2004,PTK,MI,AGL,CE,Towers with Display (VFR),3,21,107,0,131,0,0,142,0,142,3,21,249,0,273,478,0,478,751
08/01/2004,PTK,MI,AGL,CE,Towers with Display (VFR),3,25,106,0,134,0,0,274,0,274,3,25,380,0,408,496,0,496,904
08/02/2004,PTK,MI,AGL,CE,Towers with Display (VFR),7,36,132,0,175,0,8,151,0,159,7,44,283,0,334,376,0,376,710
08/03/2004,PTK,MI,AGL,CE,Towers with Display (VFR),7,47,171,0,225,0,11,226,0,237,7,58,397,0,462,462,0,462,924
08/04/2004,PTK,MI,AGL,CE,Towers with Display (VFR),9,44,156,0,209,3,3,144,0,150,12,47,300,0,359,280,0,280,639
08/05/2004,PTK,MI,AGL,CE,Towers with Display (VFR),9,46,163,0,218,1,5,245,0,251,10,51,408,0,469,328,0,328,797
08/06/2004,PTK,MI,AGL,CE,Towers with Display (VFR),6,41,148,0,195,0,9,351,0,360,6,50,499,0,555,368,0,368,923
08/07/2004,PTK,MI,AGL,CE,Towers with Display (VFR),4,13,66,0,83,1,0,338,0,339,5,13,404,0,422,552,0,552,974
08/08/2004,PTK,MI,AGL,CE,Towers with Display (VFR),2,19,94,0,115,0,0,301,0,301,2,19,395,0,416,546,0,546,962
08/09/2004,PTK,MI,AGL,CE,Towers with Display (VFR),8,38,137,0,183,3,30,138,3,174,11,68,275,3,357,530,0,530,887
08/10/2004,PTK,MI,AGL,CE,Towers with Display (VFR),3,39,139,0,181,0,16,166,0,182,3,55,305,0,363,452,0,452,815
08/11/2004,PTK,MI,AGL,CE,Towers with Display (VFR),6,41,169,1,217,0,0,188,5,193,6,41,357,6,410,496,0,496,906
08/12/2004,PTK,MI,AGL,CE,Towers with Display (VFR),10,55,196,0,261,2,9,238,0,249,12,64,434,0,510,720,0,720,1230
08/13/2004,PTK,MI,AGL,CE,Towers with Display (VFR),7,41,143,0,191,0,22,191,0,213,7,63,334,0,404,290,0,290,694
08/14/2004,PTK,MI,AGL,CE,Towers with Display (VFR),2,24,84,0,110,0,0,236,0,236,2,24,320,0,346,422,0,422,768
08/15/2004,PTK,MI,AGL,CE,Towers with Display (VFR),0,30,103,1,134,0,8,614,26,648,0,38,717,27,782,1179,0,1179,1961
08/16/2004,PTK,MI,AGL,CE,Towers with Display (VFR),4,33,114,0,151,0,37,320,0,357,4,70,434,0,508,624,0,624,1132
08/17/2004,PTK,MI,AGL,CE,Towers with Display (VFR),3,37,142,0,182,0,0,136,0,136,3,37,278,0,318,260,0,260,578
08/18/2004,PTK,MI,AGL,CE,Towers with Display (VFR),9,53,184,0,246,0,0,107,0,107,9,53,291,0,353,336,0,336,689
08/19/2004,PTK,MI,AGL,CE,Towers with Display (VFR),8,48,166,0,222,6,4,238,0,248,14,52,404,0,470,720,0,720,1190
08/20/2004,PTK,MI,AGL,CE,Towers with Display (VFR),8,40,140,0,188,3,28,134,0,165,11,68,274,0,353,298,0,298,651
08/21/2004,PTK,MI,AGL,CE,Towers with Display (VFR),1,13,57,0,71,0,0,390,0,390,1,13,447,0,461,658,0,658,1119
08/22/2004,PTK,MI,AGL,CE,Towers with Display (VFR),3,26,90,0,119,0,6,312,0,318,3,32,402,0,437,360,0,360,797
08/23/2004,PTK,MI,AGL,CE,Towers with Display (VFR),7,43,148,1,199,2,11,125,1,139,9,54,273,2,338,368,0,368,706
08/24/2004,PTK,MI,AGL,CE,Towers with Display (VFR),9,47,164,1,221,1,16,105,3,125,10,63,269,4,346,174,0,174,520
08/25/2004,PTK,MI,AGL,CE,Towers with Display (VFR),7,41,143,0,191,6,17,95,0,118,13,58,238,0,309,296,0,296,605
08/26/2004,PTK,MI,AGL,CE,Towers with Display (VFR),8,43,151,0,202,7,18,94,0,119,15,61,245,0,321,264,0,264,585
08/27/2004,PTK,MI,AGL,CE,Towers with Display (VFR),8,43,149,0,200,6,7,92,0,105,14,50,241,0,305,188,0,188,493
08/28/2004,PTK,MI,AGL,CE,Towers with Display (VFR),4,16,80,0,100,1,0,6,0,7,5,16,86,0,107,54,0,54,161
08/29/2004,PTK,MI,AGL,CE,Towers with Display (VFR),6,23,124,0,153,0,0,28,0,28,6,23,152,0,181,114,0,114,295
08/30/2004,PTK,MI,AGL,CE,Towers with Display (VFR),7,42,147,0,196,0,11,123,0,134,7,53,270,0,330,340,0,340,670
08/31/2004,PTK,MI,AGL,CE,Towers with Display (VFR),8,41,145,0,194,1,38,215,0,254,9,79,360,0,448,556,0,556,1004
09/01/2004,PTK,MI,AGL,CE,Towers with Display (VFR),12,44,131,0,187,1,9,14,0,24,13,53,145,0,211,0,0,0,211
09/02/2004,PTK,MI,AGL,CE,Towers with Display (VFR),8,56,183,0,247,1,0,6,1,8,9,56,189,1,255,0,0,0,255
09/03/2004,PTK,MI,AGL,CE,Towers with Display (VFR),14,43,157,0,214,0,7,10,0,17,14,50,167,0,231,0,0,0,231
09/04/2004,PTK,MI,AGL,CE,Towers with Display (VFR),2,17,88,0,107,1,5,0,0,6,3,22,88,0,113,0,0,0,113
09/05/2004,PTK,MI,AGL,CE,Towers with Display (VFR),2,11,65,0,78,0,2,7,0,9,2,13,72,0,87,0,0,0,87
09/06/2004,PTK,MI,AGL,CE,Towers with Display (VFR),3,16,109,0,128,0,0,3,0,3,3,16,112,0,131,0,0,0,131
09/07/2004,PTK,MI,AGL,CE,Towers with Display (VFR),3,42,146,1,192,0,3,0,0,3,3,45,146,1,195,0,0,0,195
09/08/2004,PTK,MI,AGL,CE,Towers with Display (VFR),6,42,148,0,196,0,0,9,1,10,6,42,157,1,206,0,0,0,206
09/09/2004,PTK,MI,AGL,CE,Towers with Display (VFR),5,55,168,0,228,0,2,7,1,10,5,57,175,1,238,0,0,0,238
09/10/2004,PTK,MI,AGL,CE,Towers with Display (VFR),17,50,145,0,212,0,6,10,1,17,17,56,155,1,229,0,0,0,229
09/11/2004,PTK,MI,AGL,CE,Towers with Display (VFR),6,23,83,0,112,2,2,16,0,20,8,25,99,0,132,0,0,0,132
09/12/2004,PTK,MI,AGL,CE,Towers with Display (VFR),4,31,102,0,137,0,1,9,0,10,4,32,111,0,147,0,0,0,147
09/13/2004,PTK,MI,AGL,CE,Towers with Display (VFR),5,63,148,0,216,0,0,5,0,5,5,63,153,0,221,0,0,0,221
09/14/2004,PTK,MI,AGL,CE,Towers with Display (VFR),14,70,152,0,236,0,4,12,1,17,14,74,164,1,253,0,0,0,253
09/15/2004,PTK,MI,AGL,CE,Towers with Display (VFR),8,62,175,1,246,0,4,12,0,16,8,66,187,1,262,0,0,0,262
09/16/2004,PTK,MI,AGL,CE,Towers with Display (VFR),20,91,206,0,317,0,5,7,3,15,20,96,213,3,332,0,0,0,332
09/17/2004,PTK,MI,AGL,CE,Towers with Display (VFR),17,87,272,0,376,0,3,9,0,12,17,90,281,0,388,0,0,0,388
09/18/2004,PTK,MI,AGL,CE,Towers with Display (VFR),6,43,131,0,180,0,8,6,0,14,6,51,137,0,194,0,0,0,194
09/19/2004,PTK,MI,AGL,CE,Towers with Display (VFR),5,61,177,1,244,0,0,14,0,14,5,61,191,1,258,0,0,0,258
09/20/2004,PTK,MI,AGL,CE,Towers with Display (VFR),6,55,134,0,195,0,4,12,0,16,6,59,146,0,211,0,0,0,211
09/21/2004,PTK,MI,AGL,CE,Towers with Display (VFR),7,62,135,0,204,0,3,11,3,17,7,65,146,3,221,0,0,0,221
09/22/2004,PTK,MI,AGL,CE,Towers with Display (VFR),10,52,115,2,179,0,7,4,1,12,10,59,119,3,191,0,0,0,191
09/23/2004,PTK,MI,AGL,CE,Towers with Display (VFR),5,55,140,2,202,0,11,20,0,31,5,66,160,2,233,0,0,0,233
09/24/2004,PTK,MI,AGL,CE,Towers with Display (VFR),15,55,11,0,81,0,5,117,1,123,15,60,128,1,204,0,0,0,204
09/25/2004,PTK,MI,AGL,CE,Towers with Display (VFR),5,8,73,0,86,4,4,5,1,14,9,12,78,1,100,0,0,0,100
09/26/2004,PTK,MI,AGL,CE,Towers with Display (VFR),2,16,98,0,116,0,4,20,0,24,2,20,118,0,140,0,0,0,140
09/27/2004,PTK,MI,AGL,CE,Towers with Display (VFR),6,44,103,0,153,0,1,9,0,10,6,45,112,0,163,0,0,0,163
09/28/2004,PTK,MI,AGL,CE,Towers with Display (VFR),6,58,134,0,198,5,3,3,0,11,11,61,137,0,209,0,0,0,209
09/29/2004,PTK,MI,AGL,CE,Towers with Display (VFR),9,62,115,0,186,0,1,18,2,21,9,63,133,2,207,0,0,0,207
09/30/2004,PTK,MI,AGL,CE,Towers with Display (VFR),7,54,170,0,231,0,6,8,1,15,7,60,178,1,246,0,0,0,246
10/01/2004,PTK,MI,AGL,CE,Towers with Radar,14,57,134,0,205,5,16,284,0,305,19,73,418,0,510,466,0,466,976
10/02/2004,PTK,MI,AGL,CE,Towers with Radar,0,23,81,0,104,5,1,182,0,188,5,24,263,0,292,162,0,162,454
10/03/2004,PTK,MI,AGL,CE,Towers with Radar,2,22,99,0,123,0,2,270,2,274,2,24,369,2,397,384,0,384,781
10/04/2004,PTK,MI,AGL,CE,Towers with Radar,6,62,124,0,192,2,4,132,0,138,8,66,256,0,330,176,0,176,506
10/05/2004,PTK,MI,AGL,CE,Towers with Radar,10,60,150,0,220,0,7,268,0,275,10,67,418,0,495,430,0,430,925
10/06/2004,PTK,MI,AGL,CE,Towers with Radar,19,49,152,0,220,1,7,124,0,132,20,56,276,0,352,236,0,236,588
10/07/2004,PTK,MI,AGL,CE,Towers with Radar,15,50,177,0,242,0,15,205,6,226,15,65,382,6,468,332,0,332,800
10/08/2004,PTK,MI,AGL,CE,Towers with Radar,15,43,149,0,207,0,5,121,0,126,15,48,270,0,333,154,0,154,487
10/09/2004,PTK,MI,AGL,CE,Towers with Radar,5,17,90,0,112,1,7,203,0,211,6,24,293,0,323,228,0,228,551
10/10/2004,PTK,MI,AGL,CE,Towers with Radar,6,19,109,0,134,0,4,323,0,327,6,23,432,0,461,506,0,506,967
10/11/2004,PTK,MI,AGL,CE,Towers with Radar,9,32,121,0,162,0,8,251,0,259,9,40,372,0,421,534,0,534,955
10/12/2004,PTK,MI,AGL,CE,Towers with Radar,8,45,154,0,207,0,14,157,0,171,8,59,311,0,378,412,0,412,790
10/13/2004,PTK,MI,AGL,CE,Towers with Radar,9,45,153,0,207,0,11,186,0,197,9,56,339,0,404,570,0,570,974
10/14/2004,PTK,MI,AGL,CE,Towers with Radar,13,67,164,0,244,0,2,85,0,87,13,69,249,0,331,176,0,176,507
10/15/2004,PTK,MI,AGL,CE,Towers with Radar,13,54,132,0,199,0,0,10,0,10,13,54,142,0,209,54,0,54,263
10/16/2004,PTK,MI,AGL,CE,Towers with Radar,1,22,53,0,76,0,1,16,0,17,1,23,69,0,93,134,0,134,227
10/17/2004,PTK,MI,AGL,CE,Towers with Radar,5,20,94,0,119,0,0,66,0,66,5,20,160,0,185,50,0,50,235
10/18/2004,PTK,MI,AGL,CE,Towers with Radar,9,40,118,0,167,0,5,123,0,128,9,45,241,0,295,222,0,222,517
10/19/2004,PTK,MI,AGL,CE,Towers with Radar,13,69,122,0,204,0,3,60,0,63,13,72,182,0,267,316,0,316,583
10/20/2004,PTK,MI,AGL,CE,Towers with Radar,13,41,178,0,232,0,0,31,0,31,13,41,209,0,263,234,0,234,497
10/21/2004,PTK,MI,AGL,CE,Towers with Radar,15,56,187,0,258,0,8,32,0,40,15,64,219,0,298,166,0,166,464
10/22/2004,PTK,MI,AGL,CE,Towers with Radar,13,62,172,0,247,4,14,194,0,212,17,76,366,0,459,466,0,466,925
10/23/2004,PTK,MI,AGL,CE,Towers with Radar,9,20,66,0,95,0,0,0,0,0,9,20,66,0,95,30,0,30,125
10/24/2004,PTK,MI,AGL,CE,Towers with Radar,11,37,150,2,200,0,5,192,0,197,11,42,342,2,397,772,0,772,1169
10/25/2004,PTK,MI,AGL,CE,Towers with Radar,16,52,124,3,195,0,5,253,0,258,16,57,377,3,453,568,0,568,1021
10/26/2004,PTK,MI,AGL,CE,Towers with Radar,9,60,158,3,230,0,7,57,0,64,9,67,215,3,294,262,0,262,556
10/27/2004,PTK,MI,AGL,CE,Towers with Radar,9,18,40,1,68,9,41,201,0,251,18,59,241,1,319,159,4,163,482
10/28/2004,PTK,MI,AGL,CE,Towers with Radar,17,47,167,15,246,0,6,139,0,145,17,53,306,15,391,372,0,372,763
10/29/2004,PTK,MI,AGL,CE,Towers with Radar,11,56,118,3,188,0,0,0,0,0,11,56,118,3,188,0,0,0,188
10/30/2004,PTK,MI,AGL,CE,Towers with Radar,4,13,0,0,17,0,9,143,0,152,4,22,143,0,169,49,0,49,218
10/31/2004,PTK,MI,AGL,CE,Towers with Radar,3,24,89,0,116,0,11,124,0,135,3,35,213,0,251,456,0,456,707
11/01/2004,PTK,MI,AGL,CE,Towers with Radar,10,44,116,0,170,4,6,175,0,185,14,50,291,0,355,200,0,200,555
11/02/2004,PTK,MI,AGL,CE,Towers with Radar,7,38,102,0,147,0,1,3,0,4,7,39,105,0,151,0,0,0,151
11/03/2004,PTK,MI,AGL,CE,Towers with Radar,10,69,160,0,239,0,16,234,0,250,10,85,394,0,489,600,0,600,1089
11/04/2004,PTK,MI,AGL,CE,Towers with Radar,6,45,117,2,170,0,3,0,0,3,6,48,117,2,173,16,0,16,189
11/05/2004,PTK,MI,AGL,CE,Towers with Radar,8,49,122,0,179,0,7,167,0,174,8,56,289,0,353,360,0,360,713
11/06/2004,PTK,MI,AGL,CE,Towers with Radar,2,28,58,0,88,0,6,316,0,322,2,34,374,0,410,434,0,434,844
11/07/2004,PTK,MI,AGL,CE,Towers with Radar,3,29,61,0,93,0,2,200,0,202,3,31,261,0,295,240,0,240,535
11/08/2004,PTK,MI,AGL,CE,Towers with Radar,13,45,119,0,177,0,9,165,0,174,13,54,284,0,351,234,0,234,585
11/09/2004,PTK,MI,AGL,CE,Towers with Radar,9,55,152,0,216,0,23,176,0,199,9,78,328,0,415,326,0,326,741
11/10/2004,PTK,MI,AGL,CE,Towers with Radar,10,34,111,0,155,0,12,171,0,183,10,46,282,0,338,374,0,374,712
11/11/2004,PTK,MI,AGL,CE,Towers with Radar,12,59,129,0,200,0,11,93,0,104,12,70,222,0,304,134,0,134,438
11/12/2004,PTK,MI,AGL,CE,Towers with Radar,6,26,127,0,159,0,12,298,0,310,6,38,425,0,469,346,0,346,815
11/13/2004,PTK,MI,AGL,CE,Towers with Radar,1,18,79,0,98,0,6,321,0,327,1,24,400,0,425,518,0,518,943
11/14/2004,PTK,MI,AGL,CE,Towers with Radar,3,27,86,0,116,0,4,344,0,348,3,31,430,0,464,652,0,652,1116
11/15/2004,PTK,MI,AGL,CE,Towers with Radar,10,33,121,0,164,0,5,217,0,222,10,38,338,0,386,572,0,572,958
11/16/2004,PTK,MI,AGL,CE,Towers with Radar,6,51,166,0,223,0,0,0,0,0,6,51,166,0,223,66,0,66,289
11/17/2004,PTK,MI,AGL,CE,Towers with Radar,9,53,124,0,186,0,0,0,0,0,9,53,124,0,186,0,0,0,186
11/18/2004,PTK,MI,AGL,CE,Towers with Radar,15,56,136,0,207,0,11,165,0,176,15,67,301,0,383,346,0,346,729
11/19/2004,PTK,MI,AGL,CE,Towers with Radar,13,46,162,0,221,0,1,14,0,15,13,47,176,0,236,20,0,20,256
11/20/2004,PTK,MI,AGL,CE,Towers with Radar,4,22,84,0,110,0,0,22,0,22,4,22,106,0,132,104,0,104,236
11/21/2004,PTK,MI,AGL,CE,Towers with Radar,7,24,97,0,128,0,2,299,0,301,7,26,396,0,429,596,0,596,1025
11/22/2004,PTK,MI,AGL,CE,Towers with Radar,7,40,123,0,170,0,11,196,0,207,7,51,319,0,377,454,0,454,831
11/23/2004,PTK,MI,AGL,CE,Towers with Radar,13,54,162,0,229,0,2,34,0,36,13,56,196,0,265,104,0,104,369
11/24/2004,PTK,MI,AGL,CE,Towers with Radar,10,55,101,0,166,0,0,5,0,5,10,55,106,0,171,42,0,42,213
11/25/2004,PTK,MI,AGL,CE,Towers with Radar,3,15,25,0,43,0,4,62,0,66,3,19,87,0,109,46,0,46,155
11/26/2004,PTK,MI,AGL,CE,Towers with Radar,8,20,39,0,67,4,1,125,0,130,12,21,164,0,197,258,0,258,455
11/27/2004,PTK,MI,AGL,CE,Towers with Radar,1,20,49,0,70,3,5,78,0,86,4,25,127,0,156,200,0,200,356
11/28/2004,PTK,MI,AGL,CE,Towers with Radar,3,35,133,0,171,0,3,77,0,80,3,38,210,0,251,270,0,270,521
11/29/2004,PTK,MI,AGL,CE,Towers with Radar,9,54,137,0,200,0,4,131,0,135,9,58,268,0,335,170,0,170,505
11/30/2004,PTK,MI,AGL,CE,Towers with Radar,12,58,116,0,186,0,0,0,0,0,12,58,116,0,186,0,0,0,186
12/01/2004,PTK,MI,AGL,CE,Towers with Radar,10,40,94,0,144,0,10,114,0,124,10,50,208,0,268,230,0,230,498
12/02/2004,PTK,MI,AGL,CE,Towers with Radar,5,49,137,0,191,6,14,249,0,269,11,63,386,0,460,452,0,452,912
12/03/2004,PTK,MI,AGL,CE,Towers with Radar,10,35,121,0,166,0,15,174,0,189,10,50,295,0,355,350,0,350,705
12/04/2004,PTK,MI,AGL,CE,Towers with Radar,8,16,129,0,153,0,4,342,0,346,8,20,471,0,499,324,0,324,823
12/05/2004,PTK,MI,AGL,CE,Towers with Radar,4,15,97,0,116,0,4,377,0,381,4,19,474,0,497,578,0,578,1075
12/06/2004,PTK,MI,AGL,CE,Towers with Radar,5,45,69,0,119,0,0,0,0,0,5,45,69,0,119,0,0,0,119
12/07/2004,PTK,MI,AGL,CE,Towers with Radar,11,48,108,0,167,0,0,2,0,2,11,48,110,0,169,0,0,0,169
12/08/2004,PTK,MI,AGL,CE,Towers with Radar,13,51,143,0,207,0,7,226,0,233,13,58,369,0,440,554,0,554,994
12/09/2004,PTK,MI,AGL,CE,Towers with Radar,9,42,131,2,184,0,3,200,0,203,9,45,331,2,387,396,0,396,783
12/10/2004,PTK,MI,AGL,CE,Towers with Radar,7,70,123,0,200,0,0,0,0,0,7,70,123,0,200,0,0,0,200
12/11/2004,PTK,MI,AGL,CE,Towers with Radar,7,22,79,0,108,0,0,7,0,7,7,22,86,0,115,104,0,104,219
12/12/2004,PTK,MI,AGL,CE,Towers with Radar,4,13,62,0,79,0,0,0,0,0,4,13,62,0,79,0,0,0,79
12/13/2004,PTK,MI,AGL,CE,Towers with Radar,7,58,105,0,170,0,2,1,0,3,7,60,106,0,173,16,0,16,189
12/14/2004,PTK,MI,AGL,CE,Towers with Radar,10,58,159,0,227,0,4,150,0,154,10,62,309,0,381,330,0,330,711
12/15/2004,PTK,MI,AGL,CE,Towers with Radar,5,53,122,0,180,13,14,287,1,315,18,67,409,1,495,558,0,558,1053
12/16/2004,PTK,MI,AGL,CE,Towers with Radar,5,52,139,0,196,0,10,115,0,125,5,62,254,0,321,174,0,174,495
12/17/2004,PTK,MI,AGL,CE,Towers with Radar,9,53,127,0,189,0,21,246,0,267,9,74,373,0,456,362,0,362,818
12/18/2004,PTK,MI,AGL,CE,Towers with Radar,3,25,83,0,111,0,30,117,0,147,3,55,200,0,258,210,0,210,468
12/19/2004,PTK,MI,AGL,CE,Towers with Radar,3,17,49,0,69,0,1,45,0,46,3,18,94,0,115,28,0,28,143
12/20/2004,PTK,MI,AGL,CE,Towers with Radar,7,45,102,0,154,0,2,68,0,70,7,47,170,0,224,150,0,150,374
12/21/2004,PTK,MI,AGL,CE,Towers with Radar,11,54,115,0,180,0,2,121,0,123,11,56,236,0,303,194,0,194,497
12/22/2004,PTK,MI,AGL,CE,Towers with Radar,8,38,99,0,145,0,4,115,0,119,8,42,214,0,264,506,0,506,770
12/23/2004,PTK,MI,AGL,CE,Towers with Radar,11,35,56,0,102,0,0,2,0,2,11,35,58,0,104,0,0,0,104
12/24/2004,PTK,MI,AGL,CE,Towers with Radar,2,10,32,0,44,0,4,26,0,30,2,14,58,0,74,98,0,98,172
12/25/2004,PTK,MI,AGL,CE,Towers with Radar,0,14,18,0,32,0,0,30,0,30,0,14,48,0,62,16,0,16,78
12/26/2004,PTK,MI,AGL,CE,Towers with Radar,1,25,93,0,119,0,0,88,0,88,1,25,181,0,207,280,0,280,487
12/27/2004,PTK,MI,AGL,CE,Towers with Radar,1,15,82,0,98,0,0,103,0,103,1,15,185,0,201,114,0,114,315
12/28/2004,PTK,MI,AGL,CE,Towers with Radar,2,5,56,0,63,0,2,129,0,131,2,7,185,0,194,348,0,348,542
12/29/2004,PTK,MI,AGL,CE,Towers with Radar,2,7,50,1,60,0,4,68,1,73,2,11,118,2,133,290,0,290,423
12/30/2004,PTK,MI,AGL,CE,Towers with Radar,3,6,63,0,72,2,3,34,0,39,5,9,97,0,111,148,0,148,259
12/31/2004,PTK,MI,AGL,CE,Towers with Radar,0,5,51,0,56,0,1,22,0,23,0,6,73,0,79,82,0,82,161
01/01/2005,PTK,MI,AGL,CE,Towers with Radar,2,15,72,0,89,0,0,130,0,130,2,15,202,0,219,302,0,302,521
01/02/2005,PTK,MI,AGL,CE,Towers with Radar,6,26,126,0,158,0,0,0,0,0,6,26,126,0,158,0,0,0,158
01/03/2005,PTK,MI,AGL,CE,Towers with Radar,3,34,69,0,106,0,0,13,0,13,3,34,82,0,119,78,0,78,197
01/04/2005,PTK,MI,AGL,CE,Towers with Radar,4,44,85,0,133,0,0,7,0,7,4,44,92,0,140,50,0,50,190
01/05/2005,PTK,MI,AGL,CE,Towers with Radar,9,31,73,0,113,0,2,4,0,6,9,33,77,0,119,16,0,16,135
01/06/2005,PTK,MI,AGL,CE,Towers with Radar,10,25,53,0,88,0,10,28,0,38,10,35,81,0,126,70,0,70,196
01/07/2005,PTK,MI,AGL,CE,Towers with Radar,9,42,123,0,174,0,19,90,1,110,9,61,213,1,284,296,0,296,580
01/08/2005,PTK,MI,AGL,CE,Towers with Radar,5,17,61,0,83,0,1,91,0,92,5,18,152,0,175,294,0,294,469
01/09/2005,PTK,MI,AGL,CE,Towers with Radar,2,19,66,0,87,0,2,64,0,66,2,21,130,0,153,344,0,344,497
01/10/2005,PTK,MI,AGL,CE,Towers with Radar,9,34,111,0,154,0,0,145,0,145,9,34,256,0,299,580,0,580,879
01/11/2005,PTK,MI,AGL,CE,Towers with Radar,7,59,98,0,164,0,0,0,0,0,7,59,98,0,164,0,0,0,164
01/12/2005,PTK,MI,AGL,CE,Towers with Radar,7,27,94,0,128,0,0,0,0,0,7,27,94,0,128,0,0,0,128
01/13/2005,PTK,MI,AGL,CE,Towers with Radar,3,16,48,0,67,4,9,76,0,89,7,25,124,0,156,122,0,122,278
01/14/2005,PTK,MI,AGL,CE,Towers with Radar,2,53,138,0,193,0,11,146,3,160,2,64,284,3,353,304,0,304,657
01/15/2005,PTK,MI,AGL,CE,Towers with Radar,2,16,71,2,91,0,1,312,0,313,2,17,383,2,404,676,0,676,1080
01/16/2005,PTK,MI,AGL,CE,Towers with Radar,4,14,75,0,93,0,4,140,0,144,4,18,215,0,237,324,0,324,561
01/17/2005,PTK,MI,AGL,CE,Towers with Radar,9,31,124,0,164,0,4,85,0,89,9,35,209,0,253,192,0,192,445
01/18/2005,PTK,MI,AGL,CE,Towers with Radar,0,48,115,0,163,0,4,127,0,131,0,52,242,0,294,230,0,230,524
01/19/2005,PTK,MI,AGL,CE,Towers with Radar,2,52,97,0,151,2,1,22,0,25,4,53,119,0,176,68,0,68,244
01/20/2005,PTK,MI,AGL,CE,Towers with Radar,7,32,118,0,157,0,4,113,0,117,7,36,231,0,274,188,0,188,462
01/21/2005,PTK,MI,AGL,CE,Towers with Radar,6,38,126,0,170,0,7,157,0,164,6,45,283,0,334,396,0,396,730
01/22/2005,PTK,MI,AGL,CE,Towers with Radar,1,7,9,0,17,0,0,0,0,0,1,7,9,0,17,0,0,0,17
01/23/2005,PTK,MI,AGL,CE,Towers with Radar,9,37,65,0,111,1,1,173,0,175,10,38,238,0,286,352,0,352,638
01/24/2005,PTK,MI,AGL,CE,Towers with Radar,4,29,102,0,135,0,2,62,0,64,4,31,164,0,199,150,0,150,349
01/25/2005,PTK,MI,AGL,CE,Towers with Radar,0,27,138,0,165,0,1,48,0,49,0,28,186,0,214,164,0,164,378
01/26/2005,PTK,MI,AGL,CE,Towers with Radar,6,36,116,0,158,0,2,30,0,32,6,38,146,0,190,6,0,6,196
01/27/2005,PTK,MI,AGL,CE,Towers with Radar,4,28,145,0,177,0,20,229,0,249,4,48,374,0,426,480,0,480,906
01/28/2005,PTK,MI,AGL,CE,Towers with Radar,9,26,137,0,172,8,17,218,0,243,17,43,355,0,415,372,0,372,787
01/29/2005,PTK,MI,AGL,CE,Towers with Radar,1,9,65,0,75,0,5,323,0,328,1,14,388,0,403,824,0,824,1227
01/30/2005,PTK,MI,AGL,CE,Towers with Radar,3,24,110,0,137,0,0,310,0,310,3,24,420,0,447,616,0,616,1063
01/31/2005,PTK,MI,AGL,CE,Towers with Radar,9,41,117,0,167,1,3,126,0,130,10,44,243,0,297,198,0,198,495
02/01/2005,PTK,MI,AGL,CE,Towers with Radar,6,49,122,0,177,0,6,120,0,126,6,55,242,0,303,396,0,396,699
02/02/2005,PTK,MI,AGL,CE,Towers with Radar,7,55,127,0,189,0,10,101,0,111,7,65,228,0,300,360,0,360,660
02/03/2005,PTK,MI,AGL,CE,Towers with Radar,8,42,130,0,180,0,17,221,0,238,8,59,351,0,418,574,0,574,992
02/04/2005,PTK,MI,AGL,CE,Towers with Radar,11,40,133,0,184,0,12,191,0,203,11,52,324,0,387,442,0,442,829
02/05/2005,PTK,MI,AGL,CE,Towers with Radar,1,12,88,0,101,0,1,186,0,187,1,13,274,0,288,362,0,362,650
02/06/2005,PTK,MI,AGL,CE,Towers with Radar,5,12,85,0,102,0,1,164,0,165,5,13,249,0,267,396,0,396,663
02/07/2005,PTK,MI,AGL,CE,Towers with Radar,4,46,118,0,168,0,0,17,0,17,4,46,135,0,185,62,0,62,247
02/08/2005,PTK,MI,AGL,CE,Towers with Radar,8,48,138,0,194,0,0,0,0,0,8,48,138,0,194,0,0,0,194
02/09/2005,PTK,MI,AGL,CE,Towers with Radar,10,41,138,0,189,0,1,22,0,23,10,42,160,0,212,58,0,58,270
02/10/2005,PTK,MI,AGL,CE,Towers with Radar,7,39,161,0,207,0,21,192,0,213,7,60,353,0,420,182,0,182,602
02/11/2005,PTK,MI,AGL,CE,Towers with Radar,9,49,140,0,198,0,8,85,0,93,9,57,225,0,291,270,0,270,561
02/12/2005,PTK,MI,AGL,CE,Towers with Radar,2,26,84,0,112,0,8,435,0,443,2,34,519,0,555,606,0,606,1161
02/13/2005,PTK,MI,AGL,CE,Towers with Radar,6,30,70,0,106,0,1,343,0,344,6,31,413,0,450,360,0,360,810
02/14/2005,PTK,MI,AGL,CE,Towers with Radar,4,33,92,0,129,0,0,1,0,1,4,33,93,0,130,24,0,24,154
02/15/2005,PTK,MI,AGL,CE,Towers with Radar,4,33,106,0,143,0,0,7,0,7,4,33,113,0,150,8,0,8,158
02/16/2005,PTK,MI,AGL,CE,Towers with Radar,11,36,140,0,187,0,7,72,0,79,11,43,212,0,266,174,0,174,440
02/17/2005,PTK,MI,AGL,CE,Towers with Radar,10,30,120,0,160,0,9,102,0,111,10,39,222,0,271,254,0,254,525
02/18/2005,PTK,MI,AGL,CE,Towers with Radar,10,36,130,0,176,0,15,175,0,190,10,51,305,0,366,284,0,284,650
02/19/2005,PTK,MI,AGL,CE,Towers with Radar,2,25,123,0,150,0,5,234,0,239,2,30,357,0,389,456,0,456,845
02/20/2005,PTK,MI,AGL,CE,Towers with Radar,2,25,54,0,81,0,0,0,0,0,2,25,54,0,81,6,0,6,87
02/21/2005,PTK,MI,AGL,CE,Towers with Radar,12,52,134,0,198,0,2,47,0,49,12,54,181,0,247,72,0,72,319
02/22/2005,PTK,MI,AGL,CE,Towers with Radar,5,42,107,0,154,0,0,2,0,2,5,42,109,0,156,0,0,0,156
02/23/2005,PTK,MI,AGL,CE,Towers with Radar,8,49,123,4,184,0,6,183,0,189,8,55,306,4,373,346,0,346,719
02/24/2005,PTK,MI,AGL,CE,Towers with Radar,9,47,117,0,173,0,21,201,0,222,9,68,318,0,395,316,0,316,711
02/25/2005,PTK,MI,AGL,CE,Towers with Radar,5,47,123,0,175,0,0,2,0,2,5,47,125,0,177,0,0,0,177
02/26/2005,PTK,MI,AGL,CE,Towers with Radar,3,14,81,0,98,0,8,409,0,417,3,22,490,0,515,654,0,654,1169
02/27/2005,PTK,MI,AGL,CE,Towers with Radar,4,17,101,0,122,0,4,253,0,257,4,21,354,0,379,436,0,436,815
02/28/2005,PTK,MI,AGL,CE,Towers with Radar,7,39,74,0,120,0,1,59,0,60,7,40,133,0,180,286,0,286,466
03/01/2005,PTK,MI,AGL,CE,Towers with Radar,0,31,101,0,132,0,0,0,0,0,0,31,101,0,132,0,0,0,132
03/02/2005,PTK,MI,AGL,CE,Towers with Radar,3,31,98,0,132,0,14,69,0,83,3,45,167,0,215,60,0,60,275
03/03/2005,PTK,MI,AGL,CE,Towers with Radar,2,29,130,0,161,0,16,246,0,262,2,45,376,0,423,458,0,458,881
03/04/2005,PTK,MI,AGL,CE,Towers with Radar,5,30,145,0,180,0,17,185,0,202,5,47,330,0,382,310,0,310,692
03/05/2005,PTK,MI,AGL,CE,Towers with Radar,2,15,73,0,90,0,4,392,0,396,2,19,465,0,486,776,0,776,1262
03/06/2005,PTK,MI,AGL,CE,Towers with Radar,4,21,68,0,93,0,3,190,0,193,4,24,258,0,286,322,0,322,608
03/07/2005,PTK,MI,AGL,CE,Towers with Radar,2,48,15,0,65,0,0,0,0,0,2,48,15,0,65,44,0,44,109
03/08/2005,PTK,MI,AGL,CE,Towers with Radar,2,37,112,0,151,0,8,126,0,134,2,45,238,0,285,168,0,168,453
03/09/2005,PTK,MI,AGL,CE,Towers with Radar,5,42,130,0,177,0,7,121,0,128,5,49,251,0,305,202,0,202,507
03/10/2005,PTK,MI,AGL,CE,Towers with Radar,3,35,129,0,167,0,15,121,0,136,3,50,250,0,303,218,0,218,521
03/11/2005,PTK,MI,AGL,CE,Towers with Radar,4,25,113,2,144,0,5,115,0,120,4,30,228,2,264,368,0,368,632
03/12/2005,PTK,MI,AGL,CE,Towers with Radar,3,12,60,2,77,0,4,107,0,111,3,16,167,2,188,244,0,244,432
03/13/2005,PTK,MI,AGL,CE,Towers with Radar,9,18,92,2,121,0,6,338,0,344,9,24,430,2,465,506,0,506,971
03/14/2005,PTK,MI,AGL,CE,Towers with Radar,2,38,94,0,134,0,10,246,0,256,2,48,340,0,390,482,0,482,872
03/15/2005,PTK,MI,AGL,CE,Towers with Radar,3,45,135,0,183,0,13,204,0,217,3,58,339,0,400,442,0,442,842
03/16/2005,PTK,MI,AGL,CE,Towers with Radar,3,27,108,0,138,1,13,186,0,200,4,40,294,0,338,276,0,276,614
03/17/2005,PTK,MI,AGL,CE,Towers with Radar,2,35,129,0,166,16,14,199,0,229,18,49,328,0,395,464,0,464,859
03/18/2005,PTK,MI,AGL,CE,Towers with Radar,10,56,129,0,195,0,2,24,0,26,10,58,153,0,221,170,0,170,391
03/19/2005,PTK,MI,AGL,CE,Towers with Radar,2,20,73,0,95,0,1,50,0,51,2,21,123,0,146,238,0,238,384
03/20/2005,PTK,MI,AGL,CE,Towers with Radar,4,14,81,0,99,0,0,9,0,9,4,14,90,0,108,46,0,46,154
03/21/2005,PTK,MI,AGL,CE,Towers with Radar,9,39,121,0,169,0,4,132,0,136,9,43,253,0,305,310,0,310,615
03/22/2005,PTK,MI,AGL,CE,Towers with Radar,4,45,119,0,168,0,5,280,0,285,4,50,399,0,453,584,0,584,1037
03/23/2005,PTK,MI,AGL,CE,Towers with Radar,5,52,115,0,172,0,3,65,0,68,5,55,180,0,240,142,0,142,382
03/24/2005,PTK,MI,AGL,CE,Towers with Radar,5,46,142,0,193,0,10,221,0,231,5,56,363,0,424,582,0,582,1006
03/25/2005,PTK,MI,AGL,CE,Towers with Radar,4,29,78,1,112,8,10,173,0,191,12,39,251,1,303,500,0,500,803
03/26/2005,PTK,MI,AGL,CE,Towers with Radar,1,9,91,0,101,0,7,386,0,393,1,16,477,0,494,516,0,516,1010
03/27/2005,PTK,MI,AGL,CE,Towers with Radar,1,23,54,0,78,0,1,142,0,143,1,24,196,0,221,324,0,324,545
03/28/2005,PTK,MI,AGL,CE,Towers with Radar,3,34,125,0,162,0,4,209,0,213,3,38,334,0,375,336,0,336,711
03/29/2005,PTK,MI,AGL,CE,Towers with Radar,4,37,138,0,179,0,6,289,0,295,4,43,427,0,474,396,0,396,870
03/30/2005,PTK,MI,AGL,CE,Towers with Radar,6,41,106,0,153,0,9,174,0,183,6,50,280,0,336,316,0,316,652
03/31/2005,PTK,MI,AGL,CE,Towers with Radar,3,36,108,0,147,0,7,59,0,66,3,43,167,0,213,96,0,96,309
04/01/2005,PTK,MI,AGL,CE,Towers with Radar,7,27,129,0,163,0,15,187,0,202,7,42,316,0,365,438,0,438,803
04/02/2005,PTK,MI,AGL,CE,Towers with Radar,0,22,68,0,90,0,0,30,0,30,0,22,98,0,120,8,0,8,128
04/03/2005,PTK,MI,AGL,CE,Towers with Radar,6,34,100,0,140,0,6,113,0,119,6,40,213,0,259,78,0,78,337
04/04/2005,PTK,MI,AGL,CE,Towers with Radar,5,38,116,0,159,0,7,235,0,242,5,45,351,0,401,352,0,352,753
04/05/2005,PTK,MI,AGL,CE,Towers with Radar,1,48,110,0,159,2,21,175,0,198,3,69,285,0,357,286,0,286,643
04/06/2005,PTK,MI,AGL,CE,Towers with Radar,5,39,130,0,174,0,17,276,0,293,5,56,406,0,467,428,0,428,895
04/07/2005,PTK,MI,AGL,CE,Towers with Radar,2,43,127,0,172,0,22,260,0,282,2,65,387,0,454,650,0,650,1104
04/08/2005,PTK,MI,AGL,CE,Towers with Radar,3,46,145,0,194,0,22,316,0,338,3,68,461,0,532,710,0,710,1242
04/09/2005,PTK,MI,AGL,CE,Towers with Radar,2,16,113,0,131,0,11,510,0,521,2,27,623,0,652,808,0,808,1460
04/10/2005,PTK,MI,AGL,CE,Towers with Radar,2,24,104,0,130,0,2,469,0,471,2,26,573,0,601,770,0,770,1371
04/11/2005,PTK,MI,AGL,CE,Towers with Radar,7,47,131,0,185,0,5,142,0,147,7,52,273,0,332,298,0,298,630
04/12/2005,PTK,MI,AGL,CE,Towers with Radar,2,50,126,0,178,0,16,151,0,167,2,66,277,0,345,224,0,224,569
04/13/2005,PTK,MI,AGL,CE,Towers with Radar,8,59,133,0,200,2,16,207,0,225,10,75,340,0,425,220,0,220,645
04/14/2005,PTK,MI,AGL,CE,Towers with Radar,7,46,107,0,160,0,16,197,0,213,7,62,304,0,373,586,0,586,959
04/15/2005,PTK,MI,AGL,CE,Towers with Radar,3,40,105,0,148,0,16,334,0,350,3,56,439,0,498,754,0,754,1252
04/16/2005,PTK,MI,AGL,CE,Towers with Radar,2,13,89,0,104,0,8,467,0,475,2,21,556,0,579,580,0,580,1159
04/17/2005,PTK,MI,AGL,CE,Towers with Radar,5,16,60,0,81,0,6,355,0,361,5,22,415,0,442,668,0,668,1110
04/18/2005,PTK,MI,AGL,CE,Towers with Radar,11,26,87,0,124,0,9,250,0,259,11,35,337,0,383,366,0,366,749
04/19/2005,PTK,MI,AGL,CE,Towers with Radar,20,47,103,0,170,10,9,269,0,288,30,56,372,0,458,454,0,454,912
04/20/2005,PTK,MI,AGL,CE,Towers with Radar,10,49,118,0,177,0,6,89,0,95,10,55,207,0,272,188,0,188,460
04/21/2005,PTK,MI,AGL,CE,Towers with Radar,5,36,150,0,191,10,20,284,0,314,15,56,434,0,505,546,0,546,1051
04/22/2005,PTK,MI,AGL,CE,Towers with Radar,8,42,113,0,163,1,12,133,0,146,9,54,246,0,309,338,0,338,647
04/23/2005,PTK,MI,AGL,CE,Towers with Radar,1,5,31,0,37,0,0,4,0,4,1,5,35,0,41,0,0,0,41
04/24/2005,PTK,MI,AGL,CE,Towers with Radar,2,14,60,0,76,0,0,0,0,0,2,14,60,0,76,0,0,0,76
04/25/2005,PTK,MI,AGL,CE,Towers with Radar,5,41,113,0,159,14,4,149,0,167,19,45,262,0,326,324,0,324,650
04/26/2005,PTK,MI,AGL,CE,Towers with Radar,6,52,144,1,203,0,5,89,0,94,6,57,233,1,297,200,0,200,497
04/27/2005,PTK,MI,AGL,CE,Towers with Radar,11,32,162,0,205,0,4,121,0,125,11,36,283,0,330,288,0,288,618
04/28/2005,PTK,MI,AGL,CE,Towers with Radar,9,43,146,0,198,0,8,299,0,307,9,51,445,0,505,504,0,504,1009
04/29/2005,PTK,MI,AGL,CE,Towers with Radar,5,50,116,0,171,0,14,263,0,277,5,64,379,0,448,594,0,594,1042
04/30/2005,PTK,MI,AGL,CE,Towers with Radar,2,19,66,0,87,0,7,283,0,290,2,26,349,0,377,662,0,662,1039
05/01/2005,PTK,MI,AGL,CE,Towers with Radar,4,14,89,0,107,0,6,204,0,210,4,20,293,0,317,346,0,346,663
05/02/2005,PTK,MI,AGL,CE,Towers with Radar,3,46,92,0,141,0,4,128,0,132,3,50,220,0,273,82,0,82,355
05/03/2005,PTK,MI,AGL,CE,Towers with Radar,3,66,118,0,187,11,8,142,0,161,14,74,260,0,348,152,0,152,500
05/04/2005,PTK,MI,AGL,CE,Towers with Radar,6,32,129,0,167,0,15,191,2,208,6,47,320,2,375,484,0,484,859
05/05/2005,PTK,MI,AGL,CE,Towers with Radar,6,57,161,0,224,0,21,236,0,257,6,78,397,0,481,326,0,326,807
05/06/2005,PTK,MI,AGL,CE,Towers with Radar,4,52,126,0,182,0,9,191,0,200,4,61,317,0,382,280,0,280,662
05/07/2005,PTK,MI,AGL,CE,Towers with Radar,0,9,81,0,90,0,0,241,0,241,0,9,322,0,331,454,0,454,785
05/08/2005,PTK,MI,AGL,CE,Towers with Radar,3,24,102,0,129,12,2,197,0,211,15,26,299,0,340,306,0,306,646
05/09/2005,PTK,MI,AGL,CE,Towers with Radar,3,44,129,0,176,0,3,120,0,123,3,47,249,0,299,202,0,202,501
05/10/2005,PTK,MI,AGL,CE,Towers with Radar,3,45,145,0,193,0,13,112,0,125,3,58,257,0,318,180,0,180,498
05/11/2005,PTK,MI,AGL,CE,Towers with Radar,12,61,156,0,229,0,9,65,0,74,12,70,221,0,303,124,0,124,427
05/12/2005,PTK,MI,AGL,CE,Towers with Radar,12,61,156,0,229,0,9,65,0,74,12,70,221,0,303,124,0,124,427
05/13/2005,PTK,MI,AGL,CE,Towers with Radar,4,34,119,0,157,0,12,59,0,71,4,46,178,0,228,164,0,164,392
05/14/2005,PTK,MI,AGL,CE,Towers with Radar,0,14,98,0,112,0,0,52,0,52,0,14,150,0,164,128,0,128,292
05/15/2005,PTK,MI,AGL,CE,Towers with Radar,4,17,91,0,112,0,9,116,0,125,4,26,207,0,237,458,0,458,695
05/16/2005,PTK,MI,AGL,CE,Towers with Radar,7,36,115,0,158,1,9,125,0,135,8,45,240,0,293,396,0,396,689
05/17/2005,PTK,MI,AGL,CE,Towers with Radar,1,45,155,0,201,0,11,191,0,202,1,56,346,0,403,238,0,238,641
05/18/2005,PTK,MI,AGL,CE,Towers with Radar,6,45,147,0,198,0,5,145,0,150,6,50,292,0,348,302,0,302,650
05/19/2005,PTK,MI,AGL,CE,Towers with Radar,3,45,159,0,207,0,10,89,0,99,3,55,248,0,306,178,0,178,484
05/20/2005,PTK,MI,AGL,CE,Towers with Radar,3,45,152,1,201,0,18,267,0,285,3,63,419,1,486,342,0,342,828
05/21/2005,PTK,MI,AGL,CE,Towers with Radar,0,17,79,0,96,0,6,326,0,332,0,23,405,0,428,374,0,374,802
05/22/2005,PTK,MI,AGL,CE,Towers with Radar,4,16,97,0,117,5,6,138,0,149,9,22,235,0,266,250,0,250,516
05/23/2005,PTK,MI,AGL,CE,Towers with Radar,4,47,132,0,183,0,0,6,0,6,4,47,138,0,189,12,0,12,201
05/24/2005,PTK,MI,AGL,CE,Towers with Radar,9,56,136,0,201,0,5,91,0,96,9,61,227,0,297,156,0,156,453
05/25/2005,PTK,MI,AGL,CE,Towers with Radar,10,53,142,0,205,10,18,230,0,258,20,71,372,0,463,318,0,318,781
05/26/2005,PTK,MI,AGL,CE,Towers with Radar,0,56,186,0,242,3,14,207,0,224,3,70,393,0,466,394,0,394,860
05/27/2005,PTK,MI,AGL,CE,Towers with Radar,2,50,143,0,195,0,11,174,2,187,2,61,317,2,382,318,0,318,700
05/28/2005,PTK,MI,AGL,CE,Towers with Radar,3,20,72,0,95,0,0,173,0,173,3,20,245,0,268,344,0,344,612
05/29/2005,PTK,MI,AGL,CE,Towers with Radar,0,19,68,0,87,0,0,189,0,189,0,19,257,0,276,280,0,280,556
05/30/2005,PTK,MI,AGL,CE,Towers with Radar,2,17,94,0,113,4,0,171,2,177,6,17,265,2,290,256,0,256,546
05/31/2005,PTK,MI,AGL,CE,Towers with Radar,0,44,159,0,203,1,4,200,0,205,1,48,359,0,408,252,0,252,660
06/01/2005,PTK,MI,AGL,CE,Towers with Radar,8,50,146,0,204,0,6,220,0,226,8,56,366,0,430,336,0,336,766
06/02/2005,PTK,MI,AGL,CE,Towers with Radar,7,40,150,0,197,0,13,173,0,186,7,53,323,0,383,278,0,278,661
06/03/2005,PTK,MI,AGL,CE,Towers with Radar,9,47,140,0,196,0,8,117,0,125,9,55,257,0,321,354,0,354,675
06/04/2005,PTK,MI,AGL,CE,Towers with Radar,7,11,124,3,145,7,2,160,0,169,14,13,284,3,314,390,0,390,704
06/05/2005,PTK,MI,AGL,CE,Towers with Radar,5,29,64,0,98,0,5,125,0,130,5,34,189,0,228,202,0,202,430
06/06/2005,PTK,MI,AGL,CE,Towers with Radar,7,39,107,0,153,0,10,124,0,134,7,49,231,0,287,230,0,230,517
06/07/2005,PTK,MI,AGL,CE,Towers with Radar,0,54,153,2,209,1,22,191,2,216,1,76,344,4,425,254,0,254,679
06/08/2005,PTK,MI,AGL,CE,Towers with Radar,6,54,163,4,227,0,9,172,2,183,6,63,335,6,410,216,0,216,626
06/09/2005,PTK,MI,AGL,CE,Towers with Radar,8,54,138,0,200,0,19,151,0,170,8,73,289,0,370,332,0,332,702
06/10/2005,PTK,MI,AGL,CE,Towers with Radar,6,55,141,0,202,1,19,191,1,212,7,74,332,1,414,240,0,240,654
06/11/2005,PTK,MI,AGL,CE,Towers with Radar,3,18,89,0,110,0,2,174,0,176,3,20,263,0,286,288,0,288,574
06/12/2005,PTK,MI,AGL,CE,Towers with Radar,3,20,117,0,140,0,7,177,0,184,3,27,294,0,324,478,0,478,802
06/13/2005,PTK,MI,AGL,CE,Towers with Radar,4,43,192,0,239,0,6,52,0,58,4,49,244,0,297,146,0,146,443
06/14/2005,PTK,MI,AGL,CE,Towers with Radar,4,56,143,0,203,6,7,107,0,120,10,63,250,0,323,174,0,174,497
06/15/2005,PTK,MI,AGL,CE,Towers with Radar,3,40,182,0,225,0,1,56,0,57,3,41,238,0,282,280,0,280,562
06/16/2005,PTK,MI,AGL,CE,Towers with Radar,10,58,178,0,246,0,10,113,0,123,10,68,291,0,369,252,0,252,621
06/17/2005,PTK,MI,AGL,CE,Towers with Radar,12,46,186,0,244,0,4,147,0,151,12,50,333,0,395,182,0,182,577
06/18/2005,PTK,MI,AGL,CE,Towers with Radar,6,19,112,0,137,0,2,176,0,178,6,21,288,0,315,234,0,234,549
06/19/2005,PTK,MI,AGL,CE,Towers with Radar,3,19,127,0,149,1,5,228,0,234,4,24,355,0,383,338,0,338,721
06/20/2005,PTK,MI,AGL,CE,Towers with Radar,5,51,146,0,202,0,11,206,0,217,5,62,352,0,419,422,0,422,841
06/21/2005,PTK,MI,AGL,CE,Towers with Radar,4,54,138,2,198,0,8,146,0,154,4,62,284,2,352,272,0,272,624
06/22/2005,PTK,MI,AGL,CE,Towers with Radar,9,65,177,1,252,0,6,169,8,183,9,71,346,9,435,198,0,198,633
06/23/2005,PTK,MI,AGL,CE,Towers with Radar,8,53,138,0,199,4,15,258,2,279,12,68,396,2,478,328,0,328,806
06/24/2005,PTK,MI,AGL,CE,Towers with Radar,3,65,155,0,223,0,21,174,0,195,3,86,329,0,418,332,0,332,750
06/25/2005,PTK,MI,AGL,CE,Towers with Radar,5,19,65,0,89,0,4,155,0,159,5,23,220,0,248,352,0,352,600
06/26/2005,PTK,MI,AGL,CE,Towers with Radar,6,27,111,0,144,0,1,149,0,150,6,28,260,0,294,330,0,330,624
06/27/2005,PTK,MI,AGL,CE,Towers with Radar,8,47,117,0,172,8,14,143,0,165,16,61,260,0,337,340,0,340,677
06/28/2005,PTK,MI,AGL,CE,Towers with Radar,1,60,119,0,180,0,9,100,0,109,1,69,219,0,289,266,0,266,555
06/29/2005,PTK,MI,AGL,CE,Towers with Radar,8,64,164,0,236,0,10,139,0,149,8,74,303,0,385,444,0,444,829
06/30/2005,PTK,MI,AGL,CE,Towers with Radar,0,0,0,0,0,7,45,148,0,200,7,45,148,0,200,0,0,0,200
07/01/2005,PTK,MI,AGL,CE,Towers with Radar,9,39,155,0,203,2,8,155,0,165,11,47,310,0,368,288,0,288,656
07/02/2005,PTK,MI,AGL,CE,Towers with Radar,0,20,96,0,116,0,2,248,0,250,0,22,344,0,366,286,0,286,652
07/03/2005,PTK,MI,AGL,CE,Towers with Radar,3,7,71,0,81,0,2,160,1,163,3,9,231,1,244,132,0,132,376
07/04/2005,PTK,MI,AGL,CE,Towers with Radar,2,9,53,0,64,0,5,117,0,122,2,14,170,0,186,206,0,206,392
07/05/2005,PTK,MI,AGL,CE,Towers with Radar,6,38,130,0,174,0,3,77,0,80,6,41,207,0,254,136,0,136,390
07/06/2005,PTK,MI,AGL,CE,Towers with Radar,6,41,153,0,200,0,8,36,0,44,6,49,189,0,244,252,0,252,496
07/07/2005,PTK,MI,AGL,CE,Towers with Radar,2,40,118,0,160,0,12,160,0,172,2,52,278,0,332,292,0,292,624
07/08/2005,PTK,MI,AGL,CE,Towers with Radar,6,40,115,0,161,4,7,147,0,158,10,47,262,0,319,264,0,264,583
07/09/2005,PTK,MI,AGL,CE,Towers with Radar,0,12,70,0,82,0,1,218,0,219,0,13,288,0,301,436,0,436,737
07/10/2005,PTK,MI,AGL,CE,Towers with Radar,2,25,114,0,141,0,4,266,0,270,2,29,380,0,411,412,0,412,823
07/11/2005,PTK,MI,AGL,CE,Towers with Radar,5,29,130,0,164,0,6,138,0,144,5,35,268,0,308,244,0,244,552
07/12/2005,PTK,MI,AGL,CE,Towers with Radar,0,47,134,0,181,0,7,148,0,155,0,54,282,0,336,308,0,308,644
07/13/2005,PTK,MI,AGL,CE,Towers with Radar,3,45,140,0,188,0,4,66,0,70,3,49,206,0,258,230,0,230,488
07/14/2005,PTK,MI,AGL,CE,Towers with Radar,5,42,167,0,214,0,6,144,0,150,5,48,311,0,364,312,0,312,676
07/15/2005,PTK,MI,AGL,CE,Towers with Radar,8,33,160,4,205,3,6,84,0,93,11,39,244,4,298,224,0,224,522
07/16/2005,PTK,MI,AGL,CE,Towers with Radar,4,12,58,0,74,10,3,13,0,26,14,15,71,0,100,24,0,24,124
07/17/2005,PTK,MI,AGL,CE,Towers with Radar,2,23,114,0,139,7,1,96,0,104,9,24,210,0,243,270,0,270,513
07/18/2005,PTK,MI,AGL,CE,Towers with Radar,6,56,128,0,190,0,8,31,0,39,6,64,159,0,229,148,0,148,377
07/19/2005,PTK,MI,AGL,CE,Towers with Radar,0,54,135,0,189,0,7,184,0,191,0,61,319,0,380,532,0,532,912
07/20/2005,PTK,MI,AGL,CE,Towers with Radar,7,47,149,2,205,0,14,194,0,208,7,61,343,2,413,254,0,254,667
07/21/2005,PTK,MI,AGL,CE,Towers with Radar,1,38,163,0,202,0,16,127,0,143,1,54,290,0,345,362,0,362,707
07/22/2005,PTK,MI,AGL,CE,Towers with Radar,13,51,146,0,210,0,10,210,0,220,13,61,356,0,430,284,0,284,714
07/23/2005,PTK,MI,AGL,CE,Towers with Radar,2,24,67,0,93,0,9,278,0,287,2,33,345,0,380,270,0,270,650
07/24/2005,PTK,MI,AGL,CE,Towers with Radar,2,28,108,0,138,0,3,59,0,62,2,31,167,0,200,102,0,102,302
07/25/2005,PTK,MI,AGL,CE,Towers with Radar,6,36,138,0,180,1,5,189,0,195,7,41,327,0,375,348,0,348,723
07/26/2005,PTK,MI,AGL,CE,Towers with Radar,4,44,122,0,170,0,3,28,0,31,4,47,150,0,201,74,0,74,275
07/27/2005,PTK,MI,AGL,CE,Towers with Radar,11,42,148,0,201,0,5,140,0,145,11,47,288,0,346,428,0,428,774
07/28/2005,PTK,MI,AGL,CE,Towers with Radar,12,50,169,0,231,0,12,178,0,190,12,62,347,0,421,336,0,336,757
07/29/2005,PTK,MI,AGL,CE,Towers with Radar,9,46,151,0,206,1,13,162,0,176,10,59,313,0,382,356,0,356,738
07/30/2005,PTK,MI,AGL,CE,Towers with Radar,6,11,71,0,88,0,20,196,0,216,6,31,267,0,304,282,0,282,586
07/31/2005,PTK,MI,AGL,CE,Towers with Radar,4,25,111,0,140,0,4,246,0,250,4,29,357,0,390,268,0,268,658
08/01/2005,PTK,MI,AGL,CE,Towers with Radar,5,48,141,0,194,0,10,138,0,148,5,58,279,0,342,326,0,326,668
08/02/2005,PTK,MI,AGL,CE,Towers with Radar,15,33,146,0,194,0,12,186,2,200,15,45,332,2,394,268,0,268,662
08/03/2005,PTK,MI,AGL,CE,Towers with Radar,19,56,154,0,229,0,1,134,0,135,19,57,288,0,364,236,0,236,600
08/04/2005,PTK,MI,AGL,CE,Towers with Radar,11,55,125,0,191,0,8,120,0,128,11,63,245,0,319,206,0,206,525
08/05/2005,PTK,MI,AGL,CE,Towers with Radar,4,39,129,0,172,0,16,267,1,284,4,55,396,1,456,342,0,342,798
08/06/2005,PTK,MI,AGL,CE,Towers with Radar,3,20,83,0,106,0,9,280,0,289,3,29,363,0,395,366,0,366,761
08/07/2005,PTK,MI,AGL,CE,Towers with Radar,0,15,106,0,121,0,5,183,0,188,0,20,289,0,309,270,0,270,579
08/08/2005,PTK,MI,AGL,CE,Towers with Radar,4,49,121,0,174,1,11,154,0,166,5,60,275,0,340,388,0,388,728
08/09/2005,PTK,MI,AGL,CE,Towers with Radar,2,45,118,0,165,0,16,97,0,113,2,61,215,0,278,232,0,232,510
08/10/2005,PTK,MI,AGL,CE,Towers with Radar,4,34,141,0,179,0,5,79,0,84,4,39,220,0,263,274,0,274,537
08/11/2005,PTK,MI,AGL,CE,Towers with Radar,8,36,180,0,224,0,7,168,0,175,8,43,348,0,399,258,0,258,657
08/12/2005,PTK,MI,AGL,CE,Towers with Radar,6,46,159,0,211,0,7,78,0,85,6,53,237,0,296,116,0,116,412
08/13/2005,PTK,MI,AGL,CE,Towers with Radar,0,10,91,0,101,0,3,215,0,218,0,13,306,0,319,394,0,394,713
08/14/2005,PTK,MI,AGL,CE,Towers with Radar,1,21,129,0,151,0,5,165,0,170,1,26,294,0,321,688,0,688,1009
08/15/2005,PTK,MI,AGL,CE,Towers with Radar,11,51,133,0,195,1,8,180,0,189,12,59,313,0,384,296,0,296,680
08/16/2005,PTK,MI,AGL,CE,Towers with Radar,4,44,143,0,191,0,2,192,0,194,4,46,335,0,385,394,0,394,779
08/17/2005,PTK,MI,AGL,CE,Towers with Radar,9,47,132,0,188,2,6,215,0,223,11,53,347,0,411,386,0,386,797
08/18/2005,PTK,MI,AGL,CE,Towers with Radar,9,63,166,0,238,0,11,145,0,156,9,74,311,0,394,372,0,372,766
08/19/2005,PTK,MI,AGL,CE,Towers with Radar,14,54,145,0,213,0,15,78,0,93,14,69,223,0,306,36,0,36,342
08/20/2005,PTK,MI,AGL,CE,Towers with Radar,4,14,65,0,83,0,0,32,0,32,4,14,97,0,115,20,0,20,135
08/21/2005,PTK,MI,AGL,CE,Towers with Radar,2,25,98,0,125,0,1,200,0,201,2,26,298,0,326,176,0,176,502
08/22/2005,PTK,MI,AGL,CE,Towers with Radar,6,55,177,0,238,0,1,127,0,128,6,56,304,0,366,344,0,344,710
08/23/2005,PTK,MI,AGL,CE,Towers with Radar,14,53,130,0,197,0,6,162,0,168,14,59,292,0,365,290,0,290,655
08/24/2005,PTK,MI,AGL,CE,Towers with Radar,11,51,153,0,215,0,9,149,0,158,11,60,302,0,373,236,0,236,609
08/25/2005,PTK,MI,AGL,CE,Towers with Radar,8,50,139,0,197,0,17,179,0,196,8,67,318,0,393,398,0,398,791
08/26/2005,PTK,MI,AGL,CE,Towers with Radar,10,43,128,0,181,0,7,163,0,170,10,50,291,0,351,228,0,228,579
08/27/2005,PTK,MI,AGL,CE,Towers with Radar,4,16,82,0,102,0,1,35,0,36,4,17,117,0,138,42,0,42,180
08/28/2005,PTK,MI,AGL,CE,Towers with Radar,3,17,96,0,116,0,1,249,0,250,3,18,345,0,366,250,0,250,616
08/29/2005,PTK,MI,AGL,CE,Towers with Radar,11,47,106,0,164,1,8,138,0,147,12,55,244,0,311,160,0,160,471
08/30/2005,PTK,MI,AGL,CE,Towers with Radar,15,56,158,0,229,0,2,26,0,28,15,58,184,0,257,96,0,96,353
08/31/2005,PTK,MI,AGL,CE,Towers with Radar,12,57,134,0,203,0,9,82,0,91,12,66,216,0,294,120,0,120,414
09/01/2005,PTK,MI,AGL,CE,Towers with Radar,10,58,150,0,218,4,13,172,0,189,14,71,322,0,407,252,0,252,659
09/02/2005,PTK,MI,AGL,CE,Towers with Radar,10,25,126,0,161,0,14,150,0,164,10,39,276,0,325,148,0,148,473
09/03/2005,PTK,MI,AGL,CE,Towers with Radar,2,21,49,0,72,0,3,206,0,209,2,24,255,0,281,334,0,334,615
09/04/2005,PTK,MI,AGL,CE,Towers with Radar,0,13,63,0,76,0,4,163,0,167,0,17,226,0,243,296,0,296,539
09/05/2005,PTK,MI,AGL,CE,Towers with Radar,4,18,114,0,136,0,2,204,0,206,4,20,318,0,342,188,0,188,530
09/06/2005,PTK,MI,AGL,CE,Towers with Radar,7,56,108,0,171,0,7,116,0,123,7,63,224,0,294,210,0,210,504
09/07/2005,PTK,MI,AGL,CE,Towers with Radar,12,46,126,1,185,0,6,94,0,100,12,52,220,1,285,270,0,270,555
09/08/2005,PTK,MI,AGL,CE,Towers with Radar,7,52,171,0,230,0,4,68,0,72,7,56,239,0,302,118,0,118,420
09/09/2005,PTK,MI,AGL,CE,Towers with Radar,6,47,137,0,190,0,9,217,0,226,6,56,354,0,416,314,0,314,730
09/10/2005,PTK,MI,AGL,CE,Towers with Radar,1,12,18,0,31,0,2,296,0,298,1,14,314,0,329,382,0,382,711
09/11/2005,PTK,MI,AGL,CE,Towers with Radar,2,23,87,0,112,0,3,223,0,226,2,26,310,0,338,216,0,216,554
09/12/2005,PTK,MI,AGL,CE,Towers with Radar,9,53,126,0,188,1,17,95,0,113,10,70,221,0,301,186,0,186,487
09/13/2005,PTK,MI,AGL,CE,Towers with Radar,5,57,124,0,186,0,6,139,0,145,5,63,263,0,331,212,0,212,543
09/14/2005,PTK,MI,AGL,CE,Towers with Radar,12,54,112,0,178,0,7,91,0,98,12,61,203,0,276,160,0,160,436
09/15/2005,PTK,MI,AGL,CE,Towers with Radar,15,64,139,2,220,1,8,153,0,162,16,72,292,2,382,218,0,218,600
09/16/2005,PTK,MI,AGL,CE,Towers with Radar,14,61,152,0,227,0,5,45,0,50,14,66,197,0,277,166,0,166,443
09/17/2005,PTK,MI,AGL,CE,Towers with Radar,2,6,102,0,110,0,3,118,0,121,2,9,220,0,231,312,0,312,543
09/18/2005,PTK,MI,AGL,CE,Towers with Radar,8,14,119,0,141,0,2,255,0,257,8,16,374,0,398,398,0,398,796
09/19/2005,PTK,MI,AGL,CE,Towers with Radar,11,50,97,0,158,0,5,74,0,79,11,55,171,0,237,292,0,292,529
09/20/2005,PTK,MI,AGL,CE,Towers with Radar,12,57,137,0,206,0,7,131,0,138,12,64,268,0,344,274,0,274,618
09/21/2005,PTK,MI,AGL,CE,Towers with Radar,19,66,128,0,213,0,11,202,0,213,19,77,330,0,426,258,0,258,684
09/22/2005,PTK,MI,AGL,CE,Towers with Radar,12,44,135,0,191,0,5,49,0,54,12,49,184,0,245,90,0,90,335
09/23/2005,PTK,MI,AGL,CE,Towers with Radar,5,52,162,0,219,0,8,128,0,136,5,60,290,0,355,292,0,292,647
09/24/2005,PTK,MI,AGL,CE,Towers with Radar,8,26,62,0,96,0,4,196,0,200,8,30,258,0,296,246,0,246,542
09/25/2005,PTK,MI,AGL,CE,Towers with Radar,12,28,126,0,166,0,2,62,0,64,12,30,188,0,230,154,0,154,384
09/26/2005,PTK,MI,AGL,CE,Towers with Radar,12,51,108,0,171,0,1,36,0,37,12,52,144,0,208,242,0,242,450
09/27/2005,PTK,MI,AGL,CE,Towers with Radar,10,55,149,1,215,0,10,228,0,238,10,65,377,1,453,482,0,482,935
09/28/2005,PTK,MI,AGL,CE,Towers with Radar,11,53,138,0,202,3,12,113,0,128,14,65,251,0,330,370,0,370,700
09/29/2005,PTK,MI,AGL,CE,Towers with Radar,17,55,156,0,228,0,11,117,0,128,17,66,273,0,356,38,0,38,394
09/30/2005,PTK,MI,AGL,CE,Towers with Radar,12,49,142,0,203,0,11,179,0,190,12,60,321,0,393,194,0,194,587
10/01/2005,PTK,MI,AGL,CE,Towers with Radar,3,15,73,0,91,0,3,225,0,228,3,18,298,0,319,212,0,212,531
10/02/2005,PTK,MI,AGL,CE,Towers with Radar,3,15,133,0,151,0,3,218,0,221,3,18,351,0,372,362,0,362,734
10/03/2005,PTK,MI,AGL,CE,Towers with Radar,12,38,119,0,169,0,6,63,0,69,12,44,182,0,238,266,0,266,504
10/04/2005,PTK,MI,AGL,CE,Towers with Radar,5,57,118,0,180,0,7,152,0,159,5,64,270,0,339,388,0,388,727
10/05/2005,PTK,MI,AGL,CE,Towers with Radar,11,55,154,0,220,0,9,107,0,116,11,64,261,0,336,280,0,280,616
10/06/2005,PTK,MI,AGL,CE,Towers with Radar,7,44,148,0,199,0,10,81,0,91,7,54,229,0,290,138,0,138,428
10/07/2005,PTK,MI,AGL,CE,Towers with Radar,6,32,154,0,192,0,4,87,0,91,6,36,241,0,283,246,0,246,529
10/08/2005,PTK,MI,AGL,CE,Towers with Radar,2,13,84,0,99,1,1,135,0,137,3,14,219,0,236,242,0,242,478
10/09/2005,PTK,MI,AGL,CE,Towers with Radar,2,26,81,0,109,0,4,265,0,269,2,30,346,0,378,266,0,266,644
10/10/2005,PTK,MI,AGL,CE,Towers with Radar,9,38,152,0,199,0,1,18,0,19,9,39,170,0,218,174,0,174,392
10/11/2005,PTK,MI,AGL,CE,Towers with Radar,12,49,140,0,201,0,1,28,1,30,12,50,168,1,231,166,0,166,397
10/12/2005,PTK,MI,AGL,CE,Towers with Radar,6,41,171,0,218,0,2,25,0,27,6,43,196,0,245,112,0,112,357
10/13/2005,PTK,MI,AGL,CE,Towers with Radar,4,55,159,0,218,0,13,91,0,104,4,68,250,0,322,288,0,288,610
10/14/2005,PTK,MI,AGL,CE,Towers with Radar,10,47,175,0,232,0,6,148,0,154,10,53,323,0,386,354,0,354,740
10/15/2005,PTK,MI,AGL,CE,Towers with Radar,0,27,94,0,121,0,4,154,0,158,0,31,248,0,279,138,0,138,417
10/16/2005,PTK,MI,AGL,CE,Towers with Radar,4,20,130,0,154,0,2,146,0,148,4,22,276,0,302,332,0,332,634
10/17/2005,PTK,MI,AGL,CE,Towers with Radar,9,42,116,0,167,0,4,91,0,95,9,46,207,0,262,206,0,206,468
10/18/2005,PTK,MI,AGL,CE,Towers with Radar,6,48,117,0,171,0,5,136,0,141,6,53,253,0,312,296,0,296,608
10/19/2005,PTK,MI,AGL,CE,Towers with Radar,10,50,136,0,196,0,6,95,0,101,10,56,231,0,297,118,0,118,415
10/20/2005,PTK,MI,AGL,CE,Towers with Radar,9,56,148,0,213,0,12,177,0,189,9,68,325,0,402,310,0,310,712
10/21/2005,PTK,MI,AGL,CE,Towers with Radar,10,54,132,0,196,1,8,170,0,179,11,62,302,0,375,274,0,274,649
10/22/2005,PTK,MI,AGL,CE,Towers with Radar,5,18,65,0,88,0,3,182,0,185,5,21,247,0,273,344,0,344,617
10/23/2005,PTK,MI,AGL,CE,Towers with Radar,4,23,100,0,127,0,1,121,0,122,4,24,221,0,249,224,0,224,473
10/24/2005,PTK,MI,AGL,CE,Towers with Radar,7,61,115,0,183,0,4,32,0,36,7,65,147,0,219,218,0,218,437
10/25/2005,PTK,MI,AGL,CE,Towers with Radar,7,46,116,0,169,0,5,49,0,54,7,51,165,0,223,138,0,138,361
10/26/2005,PTK,MI,AGL,CE,Towers with Radar,6,32,153,0,191,0,12,133,0,145,6,44,286,0,336,232,0,232,568
10/27/2005,PTK,MI,AGL,CE,Towers with Radar,5,45,106,0,156,0,9,141,0,150,5,54,247,0,306,294,0,294,600
10/28/2005,PTK,MI,AGL,CE,Towers with Radar,10,59,169,0,238,0,9,151,0,160,10,68,320,0,398,312,0,312,710
10/29/2005,PTK,MI,AGL,CE,Towers with Radar,0,7,80,0,87,0,1,320,0,321,0,8,400,0,408,328,0,328,736
10/30/2005,PTK,MI,AGL,CE,Towers with Radar,3,14,112,0,129,0,4,200,0,204,3,18,312,0,333,258,0,258,591
10/31/2005,PTK,MI,AGL,CE,Towers with Radar,7,41,80,0,128,0,2,56,0,58,7,43,136,0,186,368,0,368,554
11/01/2005,PTK,MI,AGL,CE,Towers with Radar,3,56,145,0,204,0,4,82,0,86,3,60,227,0,290,228,0,228,518
11/02/2005,PTK,MI,AGL,CE,Towers with Radar,3,62,159,0,224,0,7,218,0,225,3,69,377,0,449,276,0,276,725
11/03/2005,PTK,MI,AGL,CE,Towers with Radar,6,42,157,1,206,0,10,166,2,178,6,52,323,3,384,282,0,282,666
11/04/2005,PTK,MI,AGL,CE,Towers with Radar,8,37,132,3,180,0,11,124,0,135,8,48,256,3,315,112,0,112,427
11/05/2005,PTK,MI,AGL,CE,Towers with Radar,1,13,110,0,124,0,3,114,0,117,1,16,224,0,241,574,0,574,815
11/06/2005,PTK,MI,AGL,CE,Towers with Radar,3,18,56,0,77,0,0,10,0,10,3,18,66,0,87,6,0,6,93
11/07/2005,PTK,MI,AGL,CE,Towers with Radar,6,52,106,0,164,0,9,103,0,112,6,61,209,0,276,146,0,146,422
11/08/2005,PTK,MI,AGL,CE,Towers with Radar,3,61,111,0,175,0,7,128,0,135,3,68,239,0,310,344,0,344,654
11/09/2005,PTK,MI,AGL,CE,Towers with Radar,8,28,111,0,147,1,2,12,0,15,9,30,123,0,162,2,0,2,164
11/10/2005,PTK,MI,AGL,CE,Towers with Radar,7,34,121,0,162,0,22,130,1,153,7,56,251,1,315,216,0,216,531
11/11/2005,PTK,MI,AGL,CE,Towers with Radar,9,43,116,0,168,2,8,213,0,223,11,51,329,0,391,292,0,292,683
11/12/2005,PTK,MI,AGL,CE,Towers with Radar,4,11,66,0,81,0,4,237,0,241,4,15,303,0,322,326,0,326,648
11/13/2005,PTK,MI,AGL,CE,Towers with Radar,2,20,79,0,101,0,4,41,0,45,2,24,120,0,146,52,0,52,198
11/14/2005,PTK,MI,AGL,CE,Towers with Radar,7,25,118,0,150,0,4,159,0,163,7,29,277,0,313,366,0,366,679
11/15/2005,PTK,MI,AGL,CE,Towers with Radar,11,51,94,0,156,0,0,0,0,0,11,51,94,0,156,0,0,0,156
11/16/2005,PTK,MI,AGL,CE,Towers with Radar,5,63,105,0,173,0,4,13,0,17,5,67,118,0,190,18,0,18,208
11/17/2005,PTK,MI,AGL,CE,Towers with Radar,4,56,122,0,182,0,7,50,0,57,4,63,172,0,239,194,0,194,433
11/18/2005,PTK,MI,AGL,CE,Towers with Radar,2,50,126,0,178,0,10,108,0,118,2,60,234,0,296,202,0,202,498
11/19/2005,PTK,MI,AGL,CE,Towers with Radar,1,16,59,0,76,0,2,251,0,253,1,18,310,0,329,388,0,388,717
11/20/2005,PTK,MI,AGL,CE,Towers with Radar,2,25,78,0,105,0,2,245,0,247,2,27,323,0,352,550,0,550,902
11/21/2005,PTK,MI,AGL,CE,Towers with Radar,9,40,121,1,171,0,3,19,0,22,9,43,140,1,193,392,0,392,585
11/22/2005,PTK,MI,AGL,CE,Towers with Radar,10,42,155,0,207,0,11,47,0,58,10,53,202,0,265,96,0,96,361
11/23/2005,PTK,MI,AGL,CE,Towers with Radar,9,59,121,0,189,2,2,8,0,12,11,61,129,0,201,18,0,18,219
11/24/2005,PTK,MI,AGL,CE,Towers with Radar,0,8,17,0,25,0,0,6,0,6,0,8,23,0,31,0,0,0,31
11/25/2005,PTK,MI,AGL,CE,Towers with Radar,5,17,39,0,61,0,3,84,0,87,5,20,123,0,148,330,0,330,478
11/26/2005,PTK,MI,AGL,CE,Towers with Radar,0,29,44,0,73,0,1,117,0,118,0,30,161,0,191,392,0,392,583
11/27/2005,PTK,MI,AGL,CE,Towers with Radar,2,29,117,0,148,0,0,14,0,14,2,29,131,0,162,44,0,44,206
11/28/2005,PTK,MI,AGL,CE,Towers with Radar,8,55,95,0,158,2,4,55,0,61,10,59,150,0,219,110,0,110,329
11/29/2005,PTK,MI,AGL,CE,Towers with Radar,9,57,104,0,170,0,4,56,0,60,9,61,160,0,230,218,0,218,448
11/30/2005,PTK,MI,AGL,CE,Towers with Radar,11,44,117,0,172,0,3,43,0,46,11,47,160,0,218,266,0,266,484
12/01/2005,PTK,MI,AGL,CE,Towers with Radar,6,29,113,0,148,0,3,36,0,39,6,32,149,0,187,192,0,192,379
12/02/2005,PTK,MI,AGL,CE,Towers with Radar,11,37,104,0,152,0,1,8,0,9,11,38,112,0,161,58,0,58,219
12/03/2005,PTK,MI,AGL,CE,Towers with Radar,3,26,153,0,182,0,5,468,0,473,3,31,621,0,655,186,0,186,841
12/04/2005,PTK,MI,AGL,CE,Towers with Radar,2,25,0,0,27,0,0,151,0,151,2,25,151,0,178,398,0,398,576
12/05/2005,PTK,MI,AGL,CE,Towers with Radar,2,50,125,0,177,0,0,66,0,66,2,50,191,0,243,322,0,322,565
12/06/2005,PTK,MI,AGL,CE,Towers with Radar,1,41,147,0,189,0,3,43,0,46,1,44,190,0,235,210,0,210,445
12/07/2005,PTK,MI,AGL,CE,Towers with Radar,11,53,126,0,190,1,7,110,0,118,12,60,236,0,308,196,0,196,504
12/08/2005,PTK,MI,AGL,CE,Towers with Radar,13,55,129,0,197,0,10,113,0,123,13,65,242,0,320,250,0,250,570
12/09/2005,PTK,MI,AGL,CE,Towers with Radar,18,48,122,0,188,0,3,52,0,55,18,51,174,0,243,182,0,182,425
12/10/2005,PTK,MI,AGL,CE,Towers with Radar,2,17,42,0,61,0,6,133,0,139,2,23,175,0,200,176,0,176,376
12/11/2005,PTK,MI,AGL,CE,Towers with Radar,6,16,69,0,91,0,0,21,0,21,6,16,90,0,112,92,0,92,204
12/12/2005,PTK,MI,AGL,CE,Towers with Radar,4,52,118,2,176,0,3,113,0,116,4,55,231,2,292,316,0,316,608
12/13/2005,PTK,MI,AGL,CE,Towers with Radar,9,33,122,0,164,0,2,30,0,32,9,35,152,0,196,104,0,104,300
12/14/2005,PTK,MI,AGL,CE,Towers with Radar,5,53,112,0,170,0,5,53,0,58,5,58,165,0,228,104,0,104,332
12/15/2005,PTK,MI,AGL,CE,Towers with Radar,4,34,86,0,124,0,1,0,0,1,4,35,86,0,125,0,0,0,125
12/16/2005,PTK,MI,AGL,CE,Towers with Radar,16,49,146,0,211,0,4,19,0,23,16,53,165,0,234,98,0,98,332
12/17/2005,PTK,MI,AGL,CE,Towers with Radar,4,7,104,0,115,0,4,97,0,101,4,11,201,0,216,302,0,302,518
12/18/2005,PTK,MI,AGL,CE,Towers with Radar,2,13,82,0,97,0,0,52,0,52,2,13,134,0,149,360,0,360,509
12/19/2005,PTK,MI,AGL,CE,Towers with Radar,9,46,139,0,194,0,3,73,2,78,9,49,212,2,272,222,0,222,494
12/20/2005,PTK,MI,AGL,CE,Towers with Radar,8,48,103,0,159,0,2,29,0,31,8,50,132,0,190,92,0,92,282
12/21/2005,PTK,MI,AGL,CE,Towers with Radar,6,52,104,0,162,0,0,25,0,25,6,52,129,0,187,358,0,358,545
12/22/2005,PTK,MI,AGL,CE,Towers with Radar,7,34,114,0,155,0,5,25,0,30,7,39,139,0,185,42,0,42,227
12/23/2005,PTK,MI,AGL,CE,Towers with Radar,4,16,85,0,105,0,8,66,0,74,4,24,151,0,179,182,0,182,361
12/24/2005,PTK,MI,AGL,CE,Towers with Radar,1,11,32,0,44,0,3,40,0,43,1,14,72,0,87,94,0,94,181
12/25/2005,PTK,MI,AGL,CE,Towers with Radar,2,9,10,0,21,0,0,0,0,0,2,9,10,0,21,0,0,0,21
12/26/2005,PTK,MI,AGL,CE,Towers with Radar,2,33,88,0,123,0,0,12,0,12,2,33,100,0,135,28,0,28,163
12/27/2005,PTK,MI,AGL,CE,Towers with Radar,3,20,70,2,95,0,0,2,0,2,3,20,72,2,97,32,0,32,129
12/28/2005,PTK,MI,AGL,CE,Towers with Radar,1,10,45,0,56,0,0,0,0,0,1,10,45,0,56,0,0,0,56
12/29/2005,PTK,MI,AGL,CE,Towers with Radar,0,6,49,0,55,0,0,3,0,3,0,6,52,0,58,26,0,26,84
12/30/2005,PTK,MI,AGL,CE,Towers with Radar,2,18,47,0,67,0,2,65,0,67,2,20,112,0,134,260,0,260,394
12/31/2005,PTK,MI,AGL,CE,Towers with Radar,6,13,19,0,38,0,0,1,0,1,6,13,20,0,39,2,0,2,41
01/01/2006,PTK,MI,AGL,CE,Towers with Radar,0,23,56,0,79,0,0,65,0,65,0,23,121,0,144,178,0,178,322
01/02/2006,PTK,MI,AGL,CE,Towers with Radar,4,30,103,0,137,0,0,2,0,2,4,30,105,0,139,32,0,32,171
01/03/2006,PTK,MI,AGL,CE,Towers with Radar,3,48,45,0,96,0,0,31,0,31,3,48,76,0,127,0,0,0,127
01/04/2006,PTK,MI,AGL,CE,Towers with Radar,2,32,81,0,115,0,0,0,0,0,2,32,81,0,115,0,0,0,115
01/05/2006,PTK,MI,AGL,CE,Towers with Radar,1,44,98,0,143,0,0,1,0,1,1,44,99,0,144,12,0,12,156
01/06/2006,PTK,MI,AGL,CE,Towers with Radar,5,30,100,0,135,0,1,168,0,169,5,31,268,0,304,206,0,206,510
01/07/2006,PTK,MI,AGL,CE,Towers with Radar,8,16,33,0,57,0,0,0,0,0,8,16,33,0,57,0,0,0,57
01/08/2006,PTK,MI,AGL,CE,Towers with Radar,3,12,96,0,111,0,3,151,0,154,3,15,247,0,265,192,0,192,457
01/09/2006,PTK,MI,AGL,CE,Towers with Radar,4,28,104,0,136,0,0,32,0,32,4,28,136,0,168,214,0,214,382
01/10/2006,PTK,MI,AGL,CE,Towers with Radar,4,25,105,0,134,0,8,228,0,236,4,33,333,0,370,314,0,314,684
01/11/2006,PTK,MI,AGL,CE,Towers with Radar,3,35,101,0,139,0,0,15,0,15,3,35,116,0,154,48,0,48,202
01/12/2006,PTK,MI,AGL,CE,Towers with Radar,3,26,143,0,172,0,4,231,0,235,3,30,374,0,407,434,0,434,841
01/13/2006,PTK,MI,AGL,CE,Towers with Radar,10,60,98,0,168,0,3,17,0,20,10,63,115,0,188,38,0,38,226
01/14/2006,PTK,MI,AGL,CE,Towers with Radar,4,17,44,0,65,0,3,60,0,63,4,20,104,0,128,130,0,130,258
01/15/2006,PTK,MI,AGL,CE,Towers with Radar,2,15,79,0,96,0,2,243,0,245,2,17,322,0,341,496,0,496,837
01/16/2006,PTK,MI,AGL,CE,Towers with Radar,4,25,90,0,119,0,6,136,0,142,4,31,226,0,261,394,0,394,655
01/17/2006,PTK,MI,AGL,CE,Towers with Radar,1,41,81,0,123,0,0,1,0,1,1,41,82,0,124,0,0,0,124
01/18/2006,PTK,MI,AGL,CE,Towers with Radar,2,51,113,0,166,0,0,1,0,1,2,51,114,0,167,0,0,0,167
01/19/2006,PTK,MI,AGL,CE,Towers with Radar,0,35,118,0,153,0,12,131,0,143,0,47,249,0,296,256,0,256,552
01/20/2006,PTK,MI,AGL,CE,Towers with Radar,2,35,150,0,187,0,2,59,0,61,2,37,209,0,248,232,0,232,480
01/21/2006,PTK,MI,AGL,CE,Towers with Radar,0,7,43,0,50,0,2,62,0,64,0,9,105,0,114,412,0,412,526
01/22/2006,PTK,MI,AGL,CE,Towers with Radar,2,26,83,0,111,0,4,243,0,247,2,30,326,0,358,396,0,396,754
01/23/2006,PTK,MI,AGL,CE,Towers with Radar,4,38,105,0,147,0,7,73,0,80,4,45,178,0,227,336,0,336,563
01/24/2006,PTK,MI,AGL,CE,Towers with Radar,2,33,78,0,113,0,0,7,0,7,2,33,85,0,120,0,0,0,120
01/25/2006,PTK,MI,AGL,CE,Towers with Radar,4,36,106,0,146,0,4,18,0,22,4,40,124,0,168,14,0,14,182
01/26/2006,PTK,MI,AGL,CE,Towers with Radar,4,42,98,0,144,0,13,172,0,185,4,55,270,0,329,494,0,494,823
01/27/2006,PTK,MI,AGL,CE,Towers with Radar,4,34,120,0,158,0,2,159,0,161,4,36,279,0,319,382,0,382,701
01/28/2006,PTK,MI,AGL,CE,Towers with Radar,3,11,58,0,72,1,11,254,0,266,4,22,312,0,338,518,0,518,856
01/29/2006,PTK,MI,AGL,CE,Towers with Radar,6,23,61,0,90,0,0,2,0,2,6,23,63,0,92,4,0,4,96
01/30/2006,PTK,MI,AGL,CE,Towers with Radar,8,44,78,0,130,0,0,40,0,40,8,44,118,0,170,140,0,140,310
01/31/2006,PTK,MI,AGL,CE,Towers with Radar,8,42,71,0,121,0,0,57,0,57,8,42,128,0,178,224,0,224,402
02/01/2006,PTK,MI,AGL,CE,Towers with Radar,7,51,134,0,192,5,4,87,0,96,12,55,221,0,288,84,0,84,372
02/02/2006,PTK,MI,AGL,CE,Towers with Radar,2,59,152,0,213,0,5,78,5,88,2,64,230,5,301,244,0,244,545
02/03/2006,PTK,MI,AGL,CE,Towers with Radar,2,66,128,0,196,0,7,23,0,30,2,73,151,0,226,134,0,134,360
02/04/2006,PTK,MI,AGL,CE,Towers with Radar,2,53,61,2,118,0,0,0,0,0,2,53,61,2,118,0,0,0,118
02/05/2006,PTK,MI,AGL,CE,Towers with Radar,2,74,99,0,175,0,1,5,0,6,2,75,104,0,181,0,0,0,181
02/06/2006,PTK,MI,AGL,CE,Towers with Radar,10,110,208,2,330,0,3,63,0,66,10,113,271,2,396,68,0,68,464
02/07/2006,PTK,MI,AGL,CE,Towers with Radar,2,34,147,0,183,2,19,87,0,108,4,53,234,0,291,196,0,196,487
02/08/2006,PTK,MI,AGL,CE,Towers with Radar,2,35,119,0,156,0,4,72,0,76,2,39,191,0,232,206,0,206,438
02/09/2006,PTK,MI,AGL,CE,Towers with Radar,4,43,118,0,165,5,10,95,0,110,9,53,213,0,275,200,0,200,475
02/10/2006,PTK,MI,AGL,CE,Towers with Radar,5,48,125,0,178,0,1,20,0,21,5,49,145,0,199,258,0,258,457
02/11/2006,PTK,MI,AGL,CE,Towers with Radar,3,22,50,0,75,0,1,44,0,45,3,23,94,0,120,428,0,428,548
02/12/2006,PTK,MI,AGL,CE,Towers with Radar,2,31,68,0,101,0,9,191,0,200,2,40,259,0,301,530,0,530,831
02/13/2006,PTK,MI,AGL,CE,Towers with Radar,5,37,108,0,150,0,0,37,0,37,5,37,145,0,187,266,0,266,453
02/14/2006,PTK,MI,AGL,CE,Towers with Radar,7,42,109,0,158,0,3,96,2,101,7,45,205,2,259,118,0,118,377
02/15/2006,PTK,MI,AGL,CE,Towers with Radar,4,51,144,0,199,0,2,107,0,109,4,53,251,0,308,246,0,246,554
02/16/2006,PTK,MI,AGL,CE,Towers with Radar,1,33,96,0,130,0,0,0,0,0,1,33,96,0,130,0,0,0,130
02/17/2006,PTK,MI,AGL,CE,Towers with Radar,3,40,119,0,162,0,7,24,0,31,3,47,143,0,193,120,0,120,313
02/18/2006,PTK,MI,AGL,CE,Towers with Radar,0,20,53,0,73,0,8,124,0,132,0,28,177,0,205,220,0,220,425
02/19/2006,PTK,MI,AGL,CE,Towers with Radar,2,16,47,0,65,0,5,64,0,69,2,21,111,0,134,126,0,126,260
02/20/2006,PTK,MI,AGL,CE,Towers with Radar,6,31,77,0,114,0,2,32,0,34,6,33,109,0,148,84,0,84,232
02/21/2006,PTK,MI,AGL,CE,Towers with Radar,3,42,83,0,128,0,8,122,0,130,3,50,205,0,258,220,0,220,478
02/22/2006,PTK,MI,AGL,CE,Towers with Radar,7,38,111,0,156,0,5,169,0,174,7,43,280,0,330,200,0,200,530
02/23/2006,PTK,MI,AGL,CE,Towers with Radar,4,36,100,2,142,0,4,96,0,100,4,40,196,2,242,214,0,214,456
02/24/2006,PTK,MI,AGL,CE,Towers with Radar,5,43,114,0,162,5,4,133,0,142,10,47,247,0,304,298,0,298,602
02/25/2006,PTK,MI,AGL,CE,Towers with Radar,3,17,58,0,78,0,2,21,0,23,3,19,79,0,101,22,0,22,123
02/26/2006,PTK,MI,AGL,CE,Towers with Radar,3,20,104,0,127,0,1,149,0,150,3,21,253,0,277,222,0,222,499
02/27/2006,PTK,MI,AGL,CE,Towers with Radar,5,34,85,0,124,0,0,19,0,19,5,34,104,0,143,28,0,28,171
02/28/2006,PTK,MI,AGL,CE,Towers with Radar,0,33,115,2,150,0,7,131,0,138,0,40,246,2,288,276,0,276,564
03/01/2006,PTK,MI,AGL,CE,Towers with Radar,5,45,110,0,160,0,1,143,0,144,5,46,253,0,304,248,0,248,552
03/02/2006,PTK,MI,AGL,CE,Towers with Radar,1,38,78,0,117,0,2,14,1,17,1,40,92,1,134,0,0,0,134
03/03/2006,PTK,MI,AGL,CE,Towers with Radar,4,44,119,0,167,0,9,151,0,160,4,53,270,0,327,368,0,368,695
03/04/2006,PTK,MI,AGL,CE,Towers with Radar,1,17,73,0,91,0,7,249,0,256,1,24,322,0,347,402,0,402,749
03/05/2006,PTK,MI,AGL,CE,Towers with Radar,2,20,82,0,104,0,0,213,0,213,2,20,295,0,317,408,0,408,725
03/06/2006,PTK,MI,AGL,CE,Towers with Radar,2,45,85,0,132,0,0,59,0,59,2,45,144,0,191,288,0,288,479
03/07/2006,PTK,MI,AGL,CE,Towers with Radar,3,32,152,0,187,1,9,188,0,198,4,41,340,0,385,394,0,394,779
03/08/2006,PTK,MI,AGL,CE,Towers with Radar,5,34,132,0,171,2,5,78,0,85,7,39,210,0,256,232,0,232,488
03/09/2006,PTK,MI,AGL,CE,Towers with Radar,4,44,119,0,167,0,9,151,0,160,4,53,270,0,327,368,0,368,695
03/10/2006,PTK,MI,AGL,CE,Towers with Radar,4,45,108,0,157,0,1,56,1,58,4,46,164,1,215,144,0,144,359
03/11/2006,PTK,MI,AGL,CE,Towers with Radar,1,10,69,0,80,0,0,171,0,171,1,10,240,0,251,308,0,308,559
03/12/2006,PTK,MI,AGL,CE,Towers with Radar,3,20,100,0,123,0,0,99,0,99,3,20,199,0,222,476,0,476,698
03/13/2006,PTK,MI,AGL,CE,Towers with Radar,3,44,84,0,131,0,3,3,0,6,3,47,87,0,137,4,0,4,141
03/14/2006,PTK,MI,AGL,CE,Towers with Radar,2,40,90,0,132,0,2,6,0,8,2,42,96,0,140,88,0,88,228
03/15/2006,PTK,MI,AGL,CE,Towers with Radar,6,53,148,0,207,2,4,118,0,124,8,57,266,0,331,212,0,212,543
03/16/2006,PTK,MI,AGL,CE,Towers with Radar,4,35,107,0,146,0,6,95,0,101,4,41,202,0,247,247,0,247,494
03/17/2006,PTK,MI,AGL,CE,Towers with Radar,9,56,169,0,234,0,3,145,0,148,9,59,314,0,382,242,0,242,624
03/18/2006,PTK,MI,AGL,CE,Towers with Radar,0,18,90,0,108,0,2,163,0,165,0,20,253,0,273,252,0,252,525
03/19/2006,PTK,MI,AGL,CE,Towers with Radar,9,21,118,0,148,0,2,194,2,198,9,23,312,2,346,292,0,292,638
03/20/2006,PTK,MI,AGL,CE,Towers with Radar,4,40,105,0,149,0,2,103,0,105,4,42,208,0,254,216,0,216,470
03/21/2006,PTK,MI,AGL,CE,Towers with Radar,8,38,107,2,155,0,3,80,0,83,8,41,187,2,238,186,0,186,424
03/22/2006,PTK,MI,AGL,CE,Towers with Radar,9,39,111,0,159,2,2,39,0,43,11,41,150,0,202,24,0,24,226
03/23/2006,PTK,MI,AGL,CE,Towers with Radar,1,38,133,0,172,0,10,122,0,132,1,48,255,0,304,320,0,320,624
03/24/2006,PTK,MI,AGL,CE,Towers with Radar,10,39,112,0,161,0,19,34,0,53,10,58,146,0,214,216,0,216,430
03/25/2006,PTK,MI,AGL,CE,Towers with Radar,1,11,48,0,60,0,0,14,0,14,1,11,62,0,74,110,0,110,184
03/26/2006,PTK,MI,AGL,CE,Towers with Radar,4,12,119,0,135,0,0,296,0,296,4,12,415,0,431,418,0,418,849
03/27/2006,PTK,MI,AGL,CE,Towers with Radar,2,31,89,0,122,0,3,151,0,154,2,34,240,0,276,306,0,306,582
03/28/2006,PTK,MI,AGL,CE,Towers with Radar,9,27,122,0,158,2,9,34,0,45,11,36,156,0,203,168,0,168,371
03/29/2006,PTK,MI,AGL,CE,Towers with Radar,6,44,135,2,187,0,3,130,0,133,6,47,265,2,320,302,0,302,622
03/30/2006,PTK,MI,AGL,CE,Towers with Radar,6,45,136,2,189,0,8,162,6,176,6,53,298,8,365,266,0,266,631
03/31/2006,PTK,MI,AGL,CE,Towers with Radar,5,48,101,0,154,0,11,50,0,61,5,59,151,0,215,76,0,76,291
04/01/2006,PTK,MI,AGL,CE,Towers with Radar,7,5,114,0,126,0,0,75,5,80,7,5,189,5,206,230,0,230,436
04/02/2006,PTK,MI,AGL,CE,Towers with Radar,3,21,129,0,153,0,6,109,0,115,3,27,238,0,268,378,0,378,646
04/03/2006,PTK,MI,AGL,CE,Towers with Radar,4,71,100,0,175,0,3,11,0,14,4,74,111,0,189,78,0,78,267
04/04/2006,PTK,MI,AGL,CE,Towers with Radar,3,43,129,0,175,0,2,60,0,62,3,45,189,0,237,74,0,74,311
04/05/2006,PTK,MI,AGL,CE,Towers with Radar,6,45,114,0,165,0,7,91,0,98,6,52,205,0,263,162,0,162,425
04/06/2006,PTK,MI,AGL,CE,Towers with Radar,4,57,101,0,162,0,14,166,1,181,4,71,267,1,343,222,0,222,565
04/07/2006,PTK,MI,AGL,CE,Towers with Radar,4,44,116,0,164,0,2,8,0,10,4,46,124,0,174,0,0,0,174
04/08/2006,PTK,MI,AGL,CE,Towers with Radar,2,11,83,0,96,0,7,235,0,242,2,18,318,0,338,244,0,244,582
04/09/2006,PTK,MI,AGL,CE,Towers with Radar,5,23,115,0,143,0,4,322,0,326,5,27,437,0,469,548,0,548,1017
04/10/2006,PTK,MI,AGL,CE,Towers with Radar,6,38,105,0,149,0,1,125,0,126,6,39,230,0,275,242,0,242,517
04/11/2006,PTK,MI,AGL,CE,Towers with Radar,2,60,100,0,162,0,5,108,0,113,2,65,208,0,275,158,0,158,433
04/12/2006,PTK,MI,AGL,CE,Towers with Radar,9,47,135,0,191,0,4,21,0,25,9,51,156,0,216,34,0,34,250
04/13/2006,PTK,MI,AGL,CE,Towers with Radar,6,58,133,2,199,0,8,115,8,131,6,66,248,10,330,340,0,340,670
04/14/2006,PTK,MI,AGL,CE,Towers with Radar,2,18,82,0,102,0,10,108,0,118,2,28,190,0,220,318,0,318,538
04/15/2006,PTK,MI,AGL,CE,Towers with Radar,1,19,87,0,107,0,2,292,0,294,1,21,379,0,401,428,0,428,829
04/16/2006,PTK,MI,AGL,CE,Towers with Radar,4,16,42,0,62,0,3,65,0,68,4,19,107,0,130,134,0,134,264
04/17/2006,PTK,MI,AGL,CE,Towers with Radar,1,16,94,0,111,0,0,118,0,118,1,16,212,0,229,204,0,204,433
04/18/2006,PTK,MI,AGL,CE,Towers with Radar,6,38,105,0,149,0,5,164,0,169,6,43,269,0,318,318,0,318,636
04/19/2006,PTK,MI,AGL,CE,Towers with Radar,8,42,128,0,178,0,1,200,2,203,8,43,328,2,381,268,0,268,649
04/20/2006,PTK,MI,AGL,CE,Towers with Radar,1,34,141,0,176,0,7,159,0,166,1,41,300,0,342,322,0,322,664
04/21/2006,PTK,MI,AGL,CE,Towers with Radar,5,45,113,0,163,0,0,121,0,121,5,45,234,0,284,452,0,452,736
04/22/2006,PTK,MI,AGL,CE,Towers with Radar,4,16,81,0,101,0,5,189,0,194,4,21,270,0,295,560,0,560,855
04/23/2006,PTK,MI,AGL,CE,Towers with Radar,4,16,118,0,138,0,6,67,0,73,4,22,185,0,211,270,0,270,481
04/24/2006,PTK,MI,AGL,CE,Towers with Radar,3,40,115,0,158,0,12,82,0,94,3,52,197,0,252,214,0,214,466
04/25/2006,PTK,MI,AGL,CE,Towers with Radar,7,29,117,0,153,0,2,99,0,101,7,31,216,0,254,258,0,258,512
04/26/2006,PTK,MI,AGL,CE,Towers with Radar,5,39,149,0,193,0,3,202,0,205,5,42,351,0,398,336,0,336,734
04/27/2006,PTK,MI,AGL,CE,Towers with Radar,7,44,140,0,191,0,7,188,0,195,7,51,328,0,386,286,0,286,672
04/28/2006,PTK,MI,AGL,CE,Towers with Radar,10,63,133,0,206,3,9,210,0,222,13,72,343,0,428,294,0,294,722
04/29/2006,PTK,MI,AGL,CE,Towers with Radar,2,11,69,0,82,0,4,220,0,224,2,15,289,0,306,466,0,466,772
04/30/2006,PTK,MI,AGL,CE,Towers with Radar,4,11,76,0,91,0,5,169,0,174,4,16,245,0,265,268,0,268,533
05/01/2006,PTK,MI,AGL,CE,Towers with Radar,3,32,95,0,130,0,3,75,0,78,3,35,170,0,208,250,0,250,458
05/02/2006,PTK,MI,AGL,CE,Towers with Radar,2,42,116,0,160,0,0,49,0,49,2,42,165,0,209,34,0,34,243
05/03/2006,PTK,MI,AGL,CE,Towers with Radar,6,44,133,0,183,0,4,160,0,164,6,48,293,0,347,472,0,472,819
05/04/2006,PTK,MI,AGL,CE,Towers with Radar,2,39,121,0,162,0,3,129,0,132,2,42,250,0,294,336,0,336,630
05/05/2006,PTK,MI,AGL,CE,Towers with Radar,3,43,131,0,177,0,9,182,0,191,3,52,313,0,368,386,0,386,754
05/06/2006,PTK,MI,AGL,CE,Towers with Radar,1,17,83,0,101,0,2,233,0,235,1,19,316,0,336,386,0,386,722
05/07/2006,PTK,MI,AGL,CE,Towers with Radar,5,27,116,0,148,0,5,178,1,184,5,32,294,1,332,270,0,270,602
05/08/2006,PTK,MI,AGL,CE,Towers with Radar,4,38,122,0,164,0,6,184,0,190,4,44,306,0,354,282,0,282,636
05/09/2006,PTK,MI,AGL,CE,Towers with Radar,1,50,96,0,147,0,1,198,0,199,1,51,294,0,346,278,0,278,624
05/10/2006,PTK,MI,AGL,CE,Towers with Radar,11,47,120,0,178,0,3,87,0,90,11,50,207,0,268,284,0,284,552
05/11/2006,PTK,MI,AGL,CE,Towers with Radar,8,37,129,0,174,0,4,19,0,23,8,41,148,0,197,42,0,42,239
05/12/2006,PTK,MI,AGL,CE,Towers with Radar,8,50,127,0,185,0,3,2,0,5,8,53,129,0,190,0,0,0,190
05/13/2006,PTK,MI,AGL,CE,Towers with Radar,4,8,73,0,85,0,3,37,0,40,4,11,110,0,125,222,0,222,347
05/14/2006,PTK,MI,AGL,CE,Towers with Radar,2,18,92,0,112,0,2,37,0,39,2,20,129,0,151,170,0,170,321
05/15/2006,PTK,MI,AGL,CE,Towers with Radar,4,45,141,0,190,0,0,4,0,4,4,45,145,0,194,14,0,14,208
05/16/2006,PTK,MI,AGL,CE,Towers with Radar,7,35,129,2,173,0,4,36,0,40,7,39,165,2,213,198,0,198,411
05/17/2006,PTK,MI,AGL,CE,Towers with Radar,3,41,113,0,157,0,4,97,0,101,3,45,210,0,258,280,0,280,538
05/18/2006,PTK,MI,AGL,CE,Towers with Radar,3,48,154,0,205,0,6,78,0,84,3,54,232,0,289,88,0,88,377
05/19/2006,PTK,MI,AGL,CE,Towers with Radar,7,54,162,0,223,0,4,59,0,63,7,58,221,0,286,76,0,76,362
05/20/2006,PTK,MI,AGL,CE,Towers with Radar,4,14,91,0,109,0,0,255,0,255,4,14,346,0,364,314,0,314,678
05/21/2006,PTK,MI,AGL,CE,Towers with Radar,1,27,79,0,107,0,0,137,0,137,1,27,216,0,244,88,0,88,332
05/22/2006,PTK,MI,AGL,CE,Towers with Radar,3,42,126,0,171,0,1,143,0,144,3,43,269,0,315,380,0,380,695
05/23/2006,PTK,MI,AGL,CE,Towers with Radar,5,30,119,0,154,0,7,197,0,204,5,37,316,0,358,604,0,604,962
05/24/2006,PTK,MI,AGL,CE,Towers with Radar,2,68,126,0,196,0,5,189,1,195,2,73,315,1,391,458,0,458,849
05/25/2006,PTK,MI,AGL,CE,Towers with Radar,5,36,139,0,180,0,4,78,0,82,5,40,217,0,262,406,0,406,668
05/26/2006,PTK,MI,AGL,CE,Towers with Radar,5,52,164,0,221,0,2,65,0,67,5,54,229,0,288,220,0,220,508
05/27/2006,PTK,MI,AGL,CE,Towers with Radar,0,6,95,0,101,0,4,231,0,235,0,10,326,0,336,306,0,306,642
05/28/2006,PTK,MI,AGL,CE,Towers with Radar,2,29,61,0,92,0,5,190,0,195,2,34,251,0,287,322,0,322,609
05/29/2006,PTK,MI,AGL,CE,Towers with Radar,2,23,83,0,108,0,6,197,0,203,2,29,280,0,311,194,0,194,505
05/30/2006,PTK,MI,AGL,CE,Towers with Radar,4,41,112,0,157,0,0,67,0,67,4,41,179,0,224,282,0,282,506
05/31/2006,PTK,MI,AGL,CE,Towers with Radar,6,42,133,0,181,2,1,108,0,111,8,43,241,0,292,396,0,396,688
06/01/2006,PTK,MI,AGL,CE,Towers with Radar,8,32,120,0,160,0,12,183,0,195,8,44,303,0,355,384,0,384,739
06/02/2006,PTK,MI,AGL,CE,Towers with Radar,7,49,133,0,189,0,9,141,0,150,7,58,274,0,339,268,0,268,607
06/03/2006,PTK,MI,AGL,CE,Towers with Radar,0,8,68,0,76,0,1,166,0,167,0,9,234,0,243,220,0,220,463
06/04/2006,PTK,MI,AGL,CE,Towers with Radar,2,22,92,0,116,0,2,206,0,208,2,24,298,0,324,354,0,354,678
06/05/2006,PTK,MI,AGL,CE,Towers with Radar,4,35,122,1,162,0,5,219,0,224,4,40,341,1,386,512,0,512,898
06/06/2006,PTK,MI,AGL,CE,Towers with Radar,7,49,105,0,161,0,4,193,0,197,7,53,298,0,358,322,0,322,680
06/07/2006,PTK,MI,AGL,CE,Towers with Radar,6,58,126,0,190,2,11,77,0,90,8,69,203,0,280,150,0,150,430
06/08/2006,PTK,MI,AGL,CE,Towers with Radar,4,51,149,0,204,0,13,210,0,223,4,64,359,0,427,220,0,220,647
06/09/2006,PTK,MI,AGL,CE,Towers with Radar,9,59,141,0,209,0,7,198,0,205,9,66,339,0,414,148,0,148,562
06/10/2006,PTK,MI,AGL,CE,Towers with Radar,2,17,66,0,85,0,7,277,0,284,2,24,343,0,369,170,0,170,539
06/11/2006,PTK,MI,AGL,CE,Towers with Radar,4,22,90,0,116,0,1,239,0,240,4,23,329,0,356,188,0,188,544
06/12/2006,PTK,MI,AGL,CE,Towers with Radar,9,45,140,0,194,0,6,154,0,160,9,51,294,0,354,272,0,272,626
06/13/2006,PTK,MI,AGL,CE,Towers with Radar,7,54,126,0,187,0,7,122,0,129,7,61,248,0,316,236,0,236,552
06/14/2006,PTK,MI,AGL,CE,Towers with Radar,8,43,130,0,181,0,13,195,0,208,8,56,325,0,389,158,0,158,547
06/15/2006,PTK,MI,AGL,CE,Towers with Radar,5,55,155,0,215,0,12,260,0,272,5,67,415,0,487,244,0,244,731
06/16/2006,PTK,MI,AGL,CE,Towers with Radar,7,49,158,0,214,0,27,258,0,285,7,76,416,0,499,234,0,234,733
06/17/2006,PTK,MI,AGL,CE,Towers with Radar,2,22,92,0,116,0,5,270,0,275,2,27,362,0,391,372,0,372,763
06/18/2006,PTK,MI,AGL,CE,Towers with Radar,5,23,75,0,103,0,4,62,0,66,5,27,137,0,169,46,0,46,215
06/19/2006,PTK,MI,AGL,CE,Towers with Radar,6,43,129,0,178,0,6,49,0,55,6,49,178,0,233,102,0,102,335
06/20/2006,PTK,MI,AGL,CE,Towers with Radar,9,61,136,0,206,0,10,238,0,248,9,71,374,0,454,250,0,250,704
06/21/2006,PTK,MI,AGL,CE,Towers with Radar,10,48,111,0,169,0,5,13,0,18,10,53,124,0,187,22,0,22,209
06/22/2006,PTK,MI,AGL,CE,Towers with Radar,8,51,136,0,195,0,6,186,0,192,8,57,322,0,387,200,0,200,587
06/23/2006,PTK,MI,AGL,CE,Towers with Radar,8,52,147,0,207,0,11,203,0,214,8,63,350,0,421,274,0,274,695
06/24/2006,PTK,MI,AGL,CE,Towers with Radar,2,16,83,0,101,1,6,367,0,374,3,22,450,0,475,520,0,520,995
06/25/2006,PTK,MI,AGL,CE,Towers with Radar,3,10,123,0,136,0,7,299,0,306,3,17,422,0,442,442,0,442,884
06/26/2006,PTK,MI,AGL,CE,Towers with Radar,2,52,101,0,155,0,3,141,0,144,2,55,242,0,299,344,0,344,643
06/27/2006,PTK,MI,AGL,CE,Towers with Radar,10,42,133,0,185,2,3,84,0,89,12,45,217,0,274,208,0,208,482
06/28/2006,PTK,MI,AGL,CE,Towers with Radar,16,51,110,0,177,0,9,213,0,222,16,60,323,0,399,352,0,352,751
06/29/2006,PTK,MI,AGL,CE,Towers with Radar,11,32,152,0,195,6,11,207,0,224,17,43,359,0,419,362,0,362,781
06/30/2006,PTK,MI,AGL,CE,Towers with Radar,6,41,129,0,176,1,9,286,0,296,7,50,415,0,472,600,0,600,1072
07/01/2006,PTK,MI,AGL,CE,Towers with Radar,2,22,98,0,122,0,0,249,0,249,2,22,347,0,371,222,0,222,593
07/02/2006,PTK,MI,AGL,CE,Towers with Radar,2,15,73,0,90,0,1,165,0,166,2,16,238,0,256,348,0,348,604
07/03/2006,PTK,MI,AGL,CE,Towers with Radar,3,5,46,0,54,0,0,132,0,132,3,5,178,0,186,308,0,308,494
07/04/2006,PTK,MI,AGL,CE,Towers with Radar,3,9,61,1,74,0,0,107,5,112,3,9,168,6,186,106,0,106,292
07/05/2006,PTK,MI,AGL,CE,Towers with Radar,5,52,99,1,157,4,1,156,0,161,9,53,255,1,318,248,0,248,566
07/06/2006,PTK,MI,AGL,CE,Towers with Radar,3,32,118,0,153,0,6,264,0,270,3,38,382,0,423,396,0,396,819
07/07/2006,PTK,MI,AGL,CE,Towers with Radar,2,34,98,0,134,0,7,236,1,244,2,41,334,1,378,434,0,434,812
07/08/2006,PTK,MI,AGL,CE,Towers with Radar,0,27,79,0,106,0,1,255,0,256,0,28,334,0,362,474,0,474,836
07/09/2006,PTK,MI,AGL,CE,Towers with Radar,2,23,108,0,133,0,0,174,0,174,2,23,282,0,307,164,0,164,471
07/10/2006,PTK,MI,AGL,CE,Towers with Radar,2,33,88,0,123,1,0,97,0,98,3,33,185,0,221,260,0,260,481
07/11/2006,PTK,MI,AGL,CE,Towers with Radar,2,35,100,0,137,1,2,71,0,74,3,37,171,0,211,266,0,266,477
07/12/2006,PTK,MI,AGL,CE,Towers with Radar,4,45,131,0,180,0,5,61,0,66,4,50,192,0,246,238,0,238,484
07/13/2006,PTK,MI,AGL,CE,Towers with Radar,0,40,153,0,193,0,14,238,0,252,0,54,391,0,445,532,0,532,977
07/14/2006,PTK,MI,AGL,CE,Towers with Radar,2,52,125,0,179,0,6,159,0,165,2,58,284,0,344,318,0,318,662
07/15/2006,PTK,MI,AGL,CE,Towers with Radar,0,20,114,3,137,0,0,243,0,243,0,20,357,3,380,400,0,400,780
07/16/2006,PTK,MI,AGL,CE,Towers with Radar,3,28,104,0,135,0,3,247,0,250,3,31,351,0,385,362,0,362,747
07/17/2006,PTK,MI,AGL,CE,Towers with Radar,2,26,140,0,168,0,12,127,0,139,2,38,267,0,307,174,0,174,481
07/18/2006,PTK,MI,AGL,CE,Towers with Radar,2,30,130,0,162,0,7,237,0,244,2,37,367,0,406,476,0,476,882
07/19/2006,PTK,MI,AGL,CE,Towers with Radar,10,50,147,0,207,2,1,284,0,287,12,51,431,0,494,398,0,398,892
07/20/2006,PTK,MI,AGL,CE,Towers with Radar,2,42,133,0,177,0,7,111,0,118,2,49,244,0,295,262,0,262,557
07/21/2006,PTK,MI,AGL,CE,Towers with Radar,5,43,152,0,200,0,7,237,0,244,5,50,389,0,444,338,0,338,782
07/22/2006,PTK,MI,AGL,CE,Towers with Radar,2,17,87,0,106,0,2,281,1,284,2,19,368,1,390,402,0,402,792
07/23/2006,PTK,MI,AGL,CE,Towers with Radar,3,22,138,0,163,0,7,265,0,272,3,29,403,0,435,398,0,398,833
07/24/2006,PTK,MI,AGL,CE,Towers with Radar,5,31,123,0,159,10,1,111,0,122,15,32,234,0,281,184,0,184,465
07/25/2006,PTK,MI,AGL,CE,Towers with Radar,5,50,125,0,180,0,1,169,0,170,5,51,294,0,350,430,0,430,780
07/26/2006,PTK,MI,AGL,CE,Towers with Radar,10,54,142,0,206,0,9,127,0,136,10,63,269,0,342,216,0,216,558
07/27/2006,PTK,MI,AGL,CE,Towers with Radar,7,37,150,0,194,0,11,90,0,101,7,48,240,0,295,230,0,230,525
07/28/2006,PTK,MI,AGL,CE,Towers with Radar,6,42,146,0,194,0,12,162,0,174,6,54,308,0,368,254,0,254,622
07/29/2006,PTK,MI,AGL,CE,Towers with Radar,3,20,77,0,100,0,11,190,2,203,3,31,267,2,303,284,0,284,587
07/30/2006,PTK,MI,AGL,CE,Towers with Radar,9,24,98,0,131,0,5,155,1,161,9,29,253,1,292,294,0,294,586
07/31/2006,PTK,MI,AGL,CE,Towers with Radar,5,56,98,0,159,0,1,97,0,98,5,57,195,0,257,176,0,176,433
08/01/2006,PTK,MI,AGL,CE,Towers with Radar,3,48,107,0,158,0,7,141,0,148,3,55,248,0,306,348,0,348,654
08/02/2006,PTK,MI,AGL,CE,Towers with Radar,2,50,128,0,180,0,8,172,0,180,2,58,300,0,360,336,0,336,696
08/03/2006,PTK,MI,AGL,CE,Towers with Radar,5,29,116,7,157,0,2,33,0,35,5,31,149,7,192,120,0,120,312
08/04/2006,PTK,MI,AGL,CE,Towers with Radar,8,52,149,0,209,0,8,253,0,261,8,60,402,0,470,424,0,424,894
08/05/2006,PTK,MI,AGL,CE,Towers with Radar,0,5,92,0,97,0,4,334,0,338,0,9,426,0,435,458,0,458,893
08/06/2006,PTK,MI,AGL,CE,Towers with Radar,0,23,124,0,147,0,6,267,0,273,0,29,391,0,420,288,0,288,708
08/07/2006,PTK,MI,AGL,CE,Towers with Radar,0,45,125,0,170,0,11,183,0,194,0,56,308,0,364,450,0,450,814
08/08/2006,PTK,MI,AGL,CE,Towers with Radar,7,27,121,0,155,0,2,195,0,197,7,29,316,0,352,426,0,426,778
08/09/2006,PTK,MI,AGL,CE,Towers with Radar,1,45,136,0,182,0,4,221,0,225,1,49,357,0,407,262,0,262,669
08/10/2006,PTK,MI,AGL,CE,Towers with Radar,0,37,139,5,181,0,8,184,6,198,0,45,323,11,379,380,0,380,759
08/11/2006,PTK,MI,AGL,CE,Towers with Radar,8,36,136,0,180,0,8,184,20,212,8,44,320,20,392,376,0,376,768
08/12/2006,PTK,MI,AGL,CE,Towers with Radar,3,20,66,0,89,1,10,366,5,382,4,30,432,5,471,410,0,410,881
08/13/2006,PTK,MI,AGL,CE,Towers with Radar,1,20,144,3,168,0,6,479,27,512,1,26,623,30,680,1040,0,1040,1720
08/14/2006,PTK,MI,AGL,CE,Towers with Radar,1,71,128,0,200,0,1,111,8,120,1,72,239,8,320,264,0,264,584
08/15/2006,PTK,MI,AGL,CE,Towers with Radar,3,44,124,0,171,0,6,232,0,238,3,50,356,0,409,268,0,268,677
08/16/2006,PTK,MI,AGL,CE,Towers with Radar,2,36,187,0,225,0,5,250,0,255,2,41,437,0,480,378,0,378,858
08/17/2006,PTK,MI,AGL,CE,Towers with Radar,5,35,142,0,182,1,7,258,0,266,6,42,400,0,448,628,0,628,1076
08/18/2006,PTK,MI,AGL,CE,Towers with Radar,1,48,145,0,194,0,9,196,0,205,1,57,341,0,399,444,0,444,843
08/19/2006,PTK,MI,AGL,CE,Towers with Radar,0,18,81,0,99,0,0,6,0,6,0,18,87,0,105,16,0,16,121
08/20/2006,PTK,MI,AGL,CE,Towers with Radar,3,28,107,0,138,0,0,167,0,167,3,28,274,0,305,228,0,228,533
08/21/2006,PTK,MI,AGL,CE,Towers with Radar,4,50,120,0,174,0,3,206,0,209,4,53,326,0,383,262,0,262,645
08/22/2006,PTK,MI,AGL,CE,Towers with Radar,3,57,124,0,184,0,7,195,0,202,3,64,319,0,386,442,0,442,828
08/23/2006,PTK,MI,AGL,CE,Towers with Radar,8,51,179,0,238,0,4,236,0,240,8,55,415,0,478,272,0,272,750
08/24/2006,PTK,MI,AGL,CE,Towers with Radar,6,60,126,0,192,0,3,86,0,89,6,63,212,0,281,280,0,280,561
08/25/2006,PTK,MI,AGL,CE,Towers with Radar,11,46,154,0,211,0,3,60,0,63,11,49,214,0,274,356,0,356,630
08/26/2006,PTK,MI,AGL,CE,Towers with Radar,1,15,86,0,102,0,1,35,0,36,1,16,121,0,138,154,0,154,292
08/27/2006,PTK,MI,AGL,CE,Towers with Radar,3,23,113,0,139,0,0,1,0,1,3,23,114,0,140,32,0,32,172
08/28/2006,PTK,MI,AGL,CE,Towers with Radar,4,35,152,0,191,0,1,82,0,83,4,36,234,0,274,238,0,238,512
08/29/2006,PTK,MI,AGL,CE,Towers with Radar,2,42,141,0,185,0,5,116,0,121,2,47,257,0,306,298,0,298,604
08/30/2006,PTK,MI,AGL,CE,Towers with Radar,9,51,127,0,187,0,3,173,0,176,9,54,300,0,363,402,0,402,765
08/31/2006,PTK,MI,AGL,CE,Towers with Radar,2,56,134,0,192,0,13,261,0,274,2,69,395,0,466,496,0,496,962
09/01/2006,PTK,MI,AGL,CE,Towers with Radar,2,25,126,0,153,0,5,252,0,257,2,30,378,0,410,632,0,632,1042
09/02/2006,PTK,MI,AGL,CE,Towers with Radar,1,13,95,0,109,4,2,187,1,194,5,15,282,1,303,364,0,364,667
09/03/2006,PTK,MI,AGL,CE,Towers with Radar,1,9,74,0,84,0,2,140,0,142,1,11,214,0,226,266,0,266,492
09/04/2006,PTK,MI,AGL,CE,Towers with Radar,3,18,98,0,119,0,3,346,0,349,3,21,444,0,468,430,0,430,898
09/05/2006,PTK,MI,AGL,CE,Towers with Radar,0,40,108,0,148,0,3,135,1,139,0,43,243,1,287,470,0,470,757
09/06/2006,PTK,MI,AGL,CE,Towers with Radar,2,53,142,0,197,0,16,165,0,181,2,69,307,0,378,368,0,368,746
09/07/2006,PTK,MI,AGL,CE,Towers with Radar,8,51,141,0,200,14,17,203,0,234,22,68,344,0,434,406,0,406,840
09/08/2006,PTK,MI,AGL,CE,Towers with Radar,11,48,127,0,186,0,9,123,3,135,11,57,250,3,321,270,0,270,591
09/09/2006,PTK,MI,AGL,CE,Towers with Radar,0,11,80,2,93,0,2,28,0,30,0,13,108,2,123,52,0,52,175
09/10/2006,PTK,MI,AGL,CE,Towers with Radar,2,27,98,0,127,0,4,162,0,166,2,31,260,0,293,416,0,416,709
09/11/2006,PTK,MI,AGL,CE,Towers with Radar,8,46,90,2,146,0,5,99,0,104,8,51,189,2,250,322,0,322,572
09/12/2006,PTK,MI,AGL,CE,Towers with Radar,0,49,121,0,170,0,0,0,0,0,0,49,121,0,170,0,0,0,170
09/13/2006,PTK,MI,AGL,CE,Towers with Radar,4,61,110,0,175,0,2,19,0,21,4,63,129,0,196,100,0,100,296
09/14/2006,PTK,MI,AGL,CE,Towers with Radar,8,40,143,2,193,0,9,125,0,134,8,49,268,2,327,410,0,410,737
09/15/2006,PTK,MI,AGL,CE,Towers with Radar,5,52,153,0,210,0,11,151,0,162,5,63,304,0,372,390,0,390,762
09/16/2006,PTK,MI,AGL,CE,Towers with Radar,2,23,113,0,138,0,5,144,0,149,2,28,257,0,287,398,0,398,685
09/17/2006,PTK,MI,AGL,CE,Towers with Radar,2,24,109,0,135,0,3,153,0,156,2,27,262,0,291,326,0,326,617
09/18/2006,PTK,MI,AGL,CE,Towers with Radar,7,56,113,0,176,0,1,24,0,25,7,57,137,0,201,94,0,94,295
09/19/2006,PTK,MI,AGL,CE,Towers with Radar,10,52,105,0,167,0,2,159,0,161,10,54,264,0,328,240,0,240,568
09/20/2006,PTK,MI,AGL,CE,Towers with Radar,11,47,131,0,189,0,1,178,0,179,11,48,309,0,368,340,0,340,708
09/21/2006,PTK,MI,AGL,CE,Towers with Radar,0,53,133,0,186,0,6,355,0,361,0,59,488,0,547,506,0,506,1053
09/22/2006,PTK,MI,AGL,CE,Towers with Radar,4,42,121,0,167,0,4,126,0,130,4,46,247,0,297,264,0,264,561
09/23/2006,PTK,MI,AGL,CE,Towers with Radar,2,27,72,0,101,0,0,20,0,20,2,27,92,0,121,164,0,164,285
09/24/2006,PTK,MI,AGL,CE,Towers with Radar,3,27,85,0,115,0,3,67,0,70,3,30,152,0,185,392,0,392,577
09/25/2006,PTK,MI,AGL,CE,Towers with Radar,6,47,110,0,163,0,3,130,0,133,6,50,240,0,296,182,0,182,478
09/26/2006,PTK,MI,AGL,CE,Towers with Radar,8,42,141,0,191,0,10,294,0,304,8,52,435,0,495,542,0,542,1037
09/27/2006,PTK,MI,AGL,CE,Towers with Radar,8,57,120,0,185,0,3,84,0,87,8,60,204,0,272,182,0,182,454
09/28/2006,PTK,MI,AGL,CE,Towers with Radar,10,61,139,6,216,0,8,173,0,181,10,69,312,6,397,394,0,394,791
09/29/2006,PTK,MI,AGL,CE,Towers with Radar,9,60,132,0,201,0,5,303,0,308,9,65,435,0,509,602,0,602,1111
09/30/2006,PTK,MI,AGL,CE,Towers with Radar,1,28,77,0,106,0,0,38,0,38,1,28,115,0,144,42,0,42,186
10/01/2006,PTK,MI,AGL,CE,Towers with Radar,2,18,115,0,135,0,6,330,0,336,2,24,445,0,471,426,0,426,897
10/02/2006,PTK,MI,AGL,CE,Towers with Radar,9,51,97,0,157,0,3,382,0,385,9,54,479,0,542,232,0,232,774
10/03/2006,PTK,MI,AGL,CE,Towers with Radar,3,38,132,0,173,0,12,135,0,147,3,50,267,0,320,272,0,272,592
10/04/2006,PTK,MI,AGL,CE,Towers with Radar,6,61,120,0,187,0,0,2,0,2,6,61,122,0,189,0,0,0,189
10/05/2006,PTK,MI,AGL,CE,Towers with Radar,6,35,161,0,202,0,14,263,0,277,6,49,424,0,479,392,0,392,871
10/06/2006,PTK,MI,AGL,CE,Towers with Radar,5,38,153,0,196,0,4,299,2,305,5,42,452,2,501,546,0,546,1047
10/07/2006,PTK,MI,AGL,CE,Towers with Radar,1,26,79,0,106,0,6,360,0,366,1,32,439,0,472,510,0,510,982
10/08/2006,PTK,MI,AGL,CE,Towers with Radar,2,18,82,0,102,0,2,328,0,330,2,20,410,0,432,386,0,386,818
10/09/2006,PTK,MI,AGL,CE,Towers with Radar,8,51,97,1,157,0,0,224,0,224,8,51,321,1,381,504,0,504,885
10/10/2006,PTK,MI,AGL,CE,Towers with Radar,0,38,112,0,150,0,8,120,0,128,0,46,232,0,278,382,0,382,660
10/11/2006,PTK,MI,AGL,CE,Towers with Radar,12,46,141,0,199,0,0,1,0,1,12,46,142,0,200,50,0,50,250
10/12/2006,PTK,MI,AGL,CE,Towers with Radar,4,48,128,0,180,0,3,16,0,19,4,51,144,0,199,30,0,30,229
10/13/2006,PTK,MI,AGL,CE,Towers with Radar,8,52,115,2,177,0,2,45,0,47,8,54,160,2,224,100,0,100,324
10/14/2006,PTK,MI,AGL,CE,Towers with Radar,0,27,71,0,98,0,3,180,16,199,0,30,251,16,297,314,0,314,611
10/15/2006,PTK,MI,AGL,CE,Towers with Radar,7,39,119,0,165,0,1,315,0,316,7,40,434,0,481,638,0,638,1119
10/16/2006,PTK,MI,AGL,CE,Towers with Radar,5,33,142,0,180,0,3,111,0,114,5,36,253,0,294,282,0,282,576
10/17/2006,PTK,MI,AGL,CE,Towers with Radar,7,46,95,0,148,0,0,2,0,2,7,46,97,0,150,0,0,0,150
10/18/2006,PTK,MI,AGL,CE,Towers with Radar,11,48,133,0,192,0,0,105,0,105,11,48,238,0,297,342,0,342,639
10/19/2006,PTK,MI,AGL,CE,Towers with Radar,8,38,125,0,171,0,3,118,0,121,8,41,243,0,292,332,0,332,624
10/20/2006,PTK,MI,AGL,CE,Towers with Radar,14,65,149,0,228,0,4,104,0,108,14,69,253,0,336,310,0,310,646
10/21/2006,PTK,MI,AGL,CE,Towers with Radar,3,24,81,0,108,0,3,169,0,172,3,27,250,0,280,456,0,456,736
10/22/2006,PTK,MI,AGL,CE,Towers with Radar,8,27,103,0,138,0,2,0,0,2,8,29,103,0,140,84,0,84,224
10/23/2006,PTK,MI,AGL,CE,Towers with Radar,4,62,99,0,165,0,0,85,0,85,4,62,184,0,250,198,0,198,448
10/24/2006,PTK,MI,AGL,CE,Towers with Radar,9,34,121,0,164,0,4,105,0,109,9,38,226,0,273,250,0,250,523
10/25/2006,PTK,MI,AGL,CE,Towers with Radar,6,59,132,2,199,0,3,226,0,229,6,62,358,2,428,348,0,348,776
10/26/2006,PTK,MI,AGL,CE,Towers with Radar,5,50,155,0,210,0,4,129,0,133,5,54,284,0,343,112,0,112,455
10/27/2006,PTK,MI,AGL,CE,Towers with Radar,4,47,95,0,146,0,2,18,0,20,4,49,113,0,166,152,0,152,318
10/28/2006,PTK,MI,AGL,CE,Towers with Radar,3,11,42,0,56,0,0,3,0,3,3,11,45,0,59,6,0,6,65
10/29/2006,PTK,MI,AGL,CE,Towers with Radar,3,27,73,0,103,0,0,84,0,84,3,27,157,0,187,164,0,164,351
10/30/2006,PTK,MI,AGL,CE,Towers with Radar,10,56,111,0,177,3,5,223,0,231,13,61,334,0,408,304,0,304,712
10/31/2006,PTK,MI,AGL,CE,Towers with Radar,9,35,97,0,141,0,0,71,0,71,9,35,168,0,212,126,0,126,338
11/01/2006,PTK,MI,AGL,CE,Towers with Radar,11,57,127,0,195,0,9,195,0,204,11,66,322,0,399,254,0,254,653
11/02/2006,PTK,MI,AGL,CE,Towers with Radar,15,40,104,0,159,0,9,98,0,107,15,49,202,0,266,314,0,314,580
11/03/2006,PTK,MI,AGL,CE,Towers with Radar,11,51,110,0,172,0,4,98,0,102,11,55,208,0,274,340,0,340,614
11/04/2006,PTK,MI,AGL,CE,Towers with Radar,2,23,98,0,123,2,2,238,0,242,4,25,336,0,365,452,0,452,817
11/05/2006,PTK,MI,AGL,CE,Towers with Radar,4,35,100,0,139,0,20,218,0,238,4,55,318,0,377,466,0,466,843
11/06/2006,PTK,MI,AGL,CE,Towers with Radar,7,38,92,0,137,0,1,143,0,144,7,39,235,0,281,246,0,246,527
11/07/2006,PTK,MI,AGL,CE,Towers with Radar,7,26,78,0,111,0,0,2,0,2,7,26,80,0,113,0,0,0,113
11/08/2006,PTK,MI,AGL,CE,Towers with Radar,3,51,153,0,207,0,2,9,0,11,3,53,162,0,218,12,0,12,230
11/09/2006,PTK,MI,AGL,CE,Towers with Radar,6,44,132,0,182,0,5,273,0,278,6,49,405,0,460,370,0,370,830
11/10/2006,PTK,MI,AGL,CE,Towers with Radar,11,54,120,0,185,0,2,156,0,158,11,56,276,0,343,392,0,392,735
11/11/2006,PTK,MI,AGL,CE,Towers with Radar,0,19,39,0,58,0,0,3,0,3,0,19,42,0,61,10,0,10,71
11/12/2006,PTK,MI,AGL,CE,Towers with Radar,2,20,113,0,135,0,5,225,0,230,2,25,338,0,365,626,0,626,991
11/13/2006,PTK,MI,AGL,CE,Towers with Radar,2,28,97,0,127,0,0,21,0,21,2,28,118,0,148,170,0,170,318
11/14/2006,PTK,MI,AGL,CE,Towers with Radar,0,43,131,0,174,0,0,40,0,40,0,43,171,0,214,166,0,166,380
11/15/2006,PTK,MI,AGL,CE,Towers with Radar,10,37,127,0,174,0,1,78,0,79,10,38,205,0,253,312,0,312,565
11/16/2006,PTK,MI,AGL,CE,Towers with Radar,11,35,90,0,136,0,0,1,0,1,11,35,91,0,137,6,0,6,143
11/17/2006,PTK,MI,AGL,CE,Towers with Radar,10,53,137,0,200,0,7,94,2,103,10,60,231,2,303,378,0,378,681
11/18/2006,PTK,MI,AGL,CE,Towers with Radar,1,21,94,0,116,0,0,155,0,155,1,21,249,0,271,398,0,398,669
11/19/2006,PTK,MI,AGL,CE,Towers with Radar,2,22,65,0,89,0,1,14,0,15,2,23,79,0,104,124,0,124,228
11/20/2006,PTK,MI,AGL,CE,Towers with Radar,7,23,175,0,205,0,4,123,0,127,7,27,298,0,332,402,0,402,734
11/21/2006,PTK,MI,AGL,CE,Towers with Radar,11,43,158,0,212,0,14,229,0,243,11,57,387,0,455,480,0,480,935
11/22/2006,PTK,MI,AGL,CE,Towers with Radar,13,42,110,0,165,0,14,253,0,267,13,56,363,0,432,382,0,382,814
11/23/2006,PTK,MI,AGL,CE,Towers with Radar,2,10,37,0,49,0,0,106,0,106,2,10,143,0,155,210,0,210,365
11/24/2006,PTK,MI,AGL,CE,Towers with Radar,2,24,48,0,74,0,0,236,0,236,2,24,284,0,310,542,0,542,852
11/25/2006,PTK,MI,AGL,CE,Towers with Radar,4,20,83,0,107,0,0,313,0,313,4,20,396,0,420,488,0,488,908
11/26/2006,PTK,MI,AGL,CE,Towers with Radar,4,28,147,0,179,0,0,214,0,214,4,28,361,0,393,474,0,474,867
11/27/2006,PTK,MI,AGL,CE,Towers with Radar,9,64,90,3,166,0,7,111,0,118,9,71,201,3,284,494,0,494,778
11/28/2006,PTK,MI,AGL,CE,Towers with Radar,5,42,109,0,156,0,5,130,0,135,5,47,239,0,291,230,0,230,521
11/29/2006,PTK,MI,AGL,CE,Towers with Radar,13,61,142,0,216,0,2,17,0,19,13,63,159,0,235,26,0,26,261
11/30/2006,PTK,MI,AGL,CE,Towers with Radar,12,54,81,0,147,0,0,12,0,12,12,54,93,0,159,32,0,32,191
12/01/2006,PTK,MI,AGL,CE,Towers with Radar,9,45,56,0,110,0,2,0,0,2,9,47,56,0,112,0,0,0,112
12/02/2006,PTK,MI,AGL,CE,Towers with Radar,7,23,143,0,173,1,5,474,0,480,8,28,617,0,653,388,0,388,1041
12/03/2006,PTK,MI,AGL,CE,Towers with Radar,3,16,65,0,84,0,1,81,0,82,3,17,146,0,166,246,0,246,412
12/04/2006,PTK,MI,AGL,CE,Towers with Radar,6,44,87,0,137,0,0,34,0,34,6,44,121,0,171,96,0,96,267
12/05/2006,PTK,MI,AGL,CE,Towers with Radar,8,52,107,0,167,0,4,91,0,95,8,56,198,0,262,206,0,206,468
12/06/2006,PTK,MI,AGL,CE,Towers with Radar,13,62,87,0,162,0,1,74,0,75,13,63,161,0,237,186,0,186,423
12/07/2006,PTK,MI,AGL,CE,Towers with Radar,16,42,117,0,175,0,8,54,0,62,16,50,171,0,237,110,0,110,347
12/08/2006,PTK,MI,AGL,CE,Towers with Radar,11,55,109,0,175,0,12,193,0,205,11,67,302,0,380,350,0,350,730
12/09/2006,PTK,MI,AGL,CE,Towers with Radar,5,19,83,0,107,0,14,257,1,272,5,33,340,1,379,332,0,332,711
12/10/2006,PTK,MI,AGL,CE,Towers with Radar,5,23,89,0,117,0,3,299,0,302,5,26,388,0,419,452,0,452,871
12/11/2006,PTK,MI,AGL,CE,Towers with Radar,10,50,103,0,163,0,4,108,0,112,10,54,211,0,275,308,0,308,583
12/12/2006,PTK,MI,AGL,CE,Towers with Radar,7,46,101,0,154,0,1,61,0,62,7,47,162,0,216,128,0,128,344
12/13/2006,PTK,MI,AGL,CE,Towers with Radar,11,53,115,0,179,0,7,94,0,101,11,60,209,0,280,176,0,176,456
12/14/2006,PTK,MI,AGL,CE,Towers with Radar,10,51,116,0,177,0,8,108,0,116,10,59,224,0,293,304,0,304,597
12/15/2006,PTK,MI,AGL,CE,Towers with Radar,9,53,116,0,178,0,5,101,0,106,9,58,217,0,284,234,0,234,518
12/16/2006,PTK,MI,AGL,CE,Towers with Radar,1,29,79,0,109,0,7,270,0,277,1,36,349,0,386,456,0,456,842
12/17/2006,PTK,MI,AGL,CE,Towers with Radar,3,12,77,0,92,0,0,94,0,94,3,12,171,0,186,416,0,416,602
12/18/2006,PTK,MI,AGL,CE,Towers with Radar,9,49,116,0,174,0,0,140,0,140,9,49,256,0,314,434,0,434,748
12/19/2006,PTK,MI,AGL,CE,Towers with Radar,12,31,101,0,144,0,1,216,0,217,12,32,317,0,361,346,0,346,707
12/20/2006,PTK,MI,AGL,CE,Towers with Radar,13,46,118,0,177,0,1,256,0,257,13,47,374,0,434,438,0,438,872
12/21/2006,PTK,MI,AGL,CE,Towers with Radar,9,46,104,0,159,0,6,102,2,110,9,52,206,2,269,528,0,528,797
12/22/2006,PTK,MI,AGL,CE,Towers with Radar,10,42,54,0,106,0,0,0,0,0,10,42,54,0,106,0,0,0,106
12/23/2006,PTK,MI,AGL,CE,Towers with Radar,4,18,47,0,69,0,2,19,0,21,4,20,66,0,90,100,0,100,190
12/24/2006,PTK,MI,AGL,CE,Towers with Radar,0,4,45,0,49,0,0,86,0,86,0,4,131,0,135,132,0,132,267
12/25/2006,PTK,MI,AGL,CE,Towers with Radar,1,15,22,0,38,0,0,2,0,2,1,15,24,0,40,0,0,0,40
12/26/2006,PTK,MI,AGL,CE,Towers with Radar,7,28,70,0,105,0,0,16,0,16,7,28,86,0,121,58,0,58,179
12/27/2006,PTK,MI,AGL,CE,Towers with Radar,0,23,84,2,109,0,2,185,0,187,0,25,269,2,296,356,0,356,652
12/28/2006,PTK,MI,AGL,CE,Towers with Radar,3,20,64,0,87,0,0,183,0,183,3,20,247,0,270,348,0,348,618
12/29/2006,PTK,MI,AGL,CE,Towers with Radar,2,12,72,0,86,0,0,11,0,11,2,12,83,0,97,78,0,78,175
12/30/2006,PTK,MI,AGL,CE,Towers with Radar,5,8,75,0,88,0,7,157,0,164,5,15,232,0,252,374,0,374,626
12/31/2006,PTK,MI,AGL,CE,Towers with Radar,3,1,27,0,31,0,0,0,0,0,3,1,27,0,31,0,0,0,31
01/01/2007,PTK,MI,AGL,CE,Towers with Radar,0,15,73,0,88,0,0,19,0,19,0,15,92,0,107,8,0,8,115
01/02/2007,PTK,MI,AGL,CE,Towers with Radar,4,39,96,0,139,0,4,149,0,153,4,43,245,0,292,180,0,180,472
01/03/2007,PTK,MI,AGL,CE,Towers with Radar,6,41,98,0,145,1,1,161,0,163,7,42,259,0,308,150,0,150,458
01/04/2007,PTK,MI,AGL,CE,Towers with Radar,9,28,98,0,135,0,3,134,0,137,9,31,232,0,272,204,0,204,476
01/05/2007,PTK,MI,AGL,CE,Towers with Radar,20,40,95,0,155,0,3,27,0,30,20,43,122,0,185,134,0,134,319
01/06/2007,PTK,MI,AGL,CE,Towers with Radar,8,17,57,0,82,0,5,44,0,49,8,22,101,0,131,46,0,46,177
01/07/2007,PTK,MI,AGL,CE,Towers with Radar,5,22,81,0,108,0,3,167,0,170,5,25,248,0,278,640,0,640,918
01/08/2007,PTK,MI,AGL,CE,Towers with Radar,7,33,64,0,104,0,2,14,0,16,7,35,78,0,120,0,0,0,120
01/09/2007,PTK,MI,AGL,CE,Towers with Radar,11,42,78,0,131,0,2,43,0,45,11,44,121,0,176,62,0,62,238
01/10/2007,PTK,MI,AGL,CE,Towers with Radar,5,37,114,2,158,0,3,143,2,148,5,40,257,4,306,230,0,230,536
01/11/2007,PTK,MI,AGL,CE,Towers with Radar,11,42,121,0,174,1,4,92,0,97,12,46,213,0,271,118,0,118,389
01/12/2007,PTK,MI,AGL,CE,Towers with Radar,9,48,101,0,158,0,6,42,0,48,9,54,143,0,206,108,0,108,314
01/13/2007,PTK,MI,AGL,CE,Towers with Radar,2,10,30,0,42,0,0,16,0,16,2,10,46,0,58,80,0,80,138
01/14/2007,PTK,MI,AGL,CE,Towers with Radar,2,9,36,0,47,0,0,0,0,0,2,9,36,0,47,0,0,0,47
01/15/2007,PTK,MI,AGL,CE,Towers with Radar,7,23,47,0,77,0,0,0,0,0,7,23,47,0,77,0,0,0,77
01/16/2007,PTK,MI,AGL,CE,Towers with Radar,2,31,96,0,129,0,7,59,0,66,2,38,155,0,195,174,0,174,369
01/17/2007,PTK,MI,AGL,CE,Towers with Radar,6,50,95,0,151,0,8,185,0,193,6,58,280,0,344,392,0,392,736
01/18/2007,PTK,MI,AGL,CE,Towers with Radar,3,47,96,0,146,0,3,95,0,98,3,50,191,0,244,180,0,180,424
01/19/2007,PTK,MI,AGL,CE,Towers with Radar,7,36,101,0,144,0,1,7,0,8,7,37,108,0,152,20,0,20,172
01/20/2007,PTK,MI,AGL,CE,Towers with Radar,1,13,92,0,106,0,6,288,0,294,1,19,380,0,400,580,0,580,980
01/21/2007,PTK,MI,AGL,CE,Towers with Radar,3,14,49,0,66,0,3,59,0,62,3,17,108,0,128,248,0,248,376
01/22/2007,PTK,MI,AGL,CE,Towers with Radar,7,52,78,0,137,0,1,10,0,11,7,53,88,0,148,16,0,16,164
01/23/2007,PTK,MI,AGL,CE,Towers with Radar,12,53,96,0,161,0,0,10,0,10,12,53,106,0,171,84,0,84,255
01/24/2007,PTK,MI,AGL,CE,Towers with Radar,9,60,102,0,171,2,0,20,0,22,11,60,122,0,193,70,0,70,263
01/25/2007,PTK,MI,AGL,CE,Towers with Radar,6,36,91,0,133,15,7,54,0,76,21,43,145,0,209,0,0,0,209
01/26/2007,PTK,MI,AGL,CE,Towers with Radar,6,39,70,0,115,0,3,3,0,6,6,42,73,0,121,0,0,0,121
01/27/2007,PTK,MI,AGL,CE,Towers with Radar,3,7,40,0,50,0,0,45,0,45,3,7,85,0,95,102,0,102,197
01/28/2007,PTK,MI,AGL,CE,Towers with Radar,3,21,75,0,99,0,0,36,0,36,3,21,111,0,135,74,0,74,209
01/29/2007,PTK,MI,AGL,CE,Towers with Radar,11,36,115,0,162,0,1,76,0,77,11,37,191,0,239,138,0,138,377
01/30/2007,PTK,MI,AGL,CE,Towers with Radar,5,31,76,0,112,0,0,30,0,30,5,31,106,0,142,96,0,96,238
01/31/2007,PTK,MI,AGL,CE,Towers with Radar,13,39,108,0,160,0,3,140,0,143,13,42,248,0,303,278,0,278,581
02/01/2007,PTK,MI,AGL,CE,Towers with Radar,2,43,99,0,144,0,6,48,0,54,2,49,147,0,198,178,0,178,376
02/02/2007,PTK,MI,AGL,CE,Towers with Radar,8,52,107,0,167,2,9,74,0,85,10,61,181,0,252,220,0,220,472
02/03/2007,PTK,MI,AGL,CE,Towers with Radar,2,9,42,0,53,0,4,43,0,47,2,13,85,0,100,136,0,136,236
02/04/2007,PTK,MI,AGL,CE,Towers with Radar,5,6,52,0,63,0,4,24,0,28,5,10,76,0,91,82,0,82,173
02/05/2007,PTK,MI,AGL,CE,Towers with Radar,8,45,88,0,141,0,0,27,0,27,8,45,115,0,168,4,0,4,172
02/06/2007,PTK,MI,AGL,CE,Towers with Radar,10,43,71,0,124,0,6,39,0,45,10,49,110,0,169,74,0,74,243
02/07/2007,PTK,MI,AGL,CE,Towers with Radar,12,51,87,0,150,0,2,120,0,122,12,53,207,0,272,214,0,214,486
02/08/2007,PTK,MI,AGL,CE,Towers with Radar,13,33,113,0,159,0,10,118,0,128,13,43,231,0,287,306,0,306,593
02/09/2007,PTK,MI,AGL,CE,Towers with Radar,12,35,90,0,137,0,5,181,0,186,12,40,271,0,323,364,0,364,687
02/10/2007,PTK,MI,AGL,CE,Towers with Radar,7,14,77,1,99,1,6,268,0,275,8,20,345,1,374,586,0,586,960
02/11/2007,PTK,MI,AGL,CE,Towers with Radar,4,28,90,0,122,0,7,153,0,160,4,35,243,0,282,290,0,290,572
02/12/2007,PTK,MI,AGL,CE,Towers with Radar,12,34,76,0,122,0,1,0,0,1,12,35,76,0,123,24,0,24,147
02/13/2007,PTK,MI,AGL,CE,Towers with Radar,15,23,73,0,111,0,0,6,0,6,15,23,79,0,117,48,0,48,165
02/14/2007,PTK,MI,AGL,CE,Towers with Radar,18,57,76,0,151,0,9,27,0,36,18,66,103,0,187,6,0,6,193
02/15/2007,PTK,MI,AGL,CE,Towers with Radar,14,38,137,0,189,0,3,77,0,80,14,41,214,0,269,198,0,198,467
02/16/2007,PTK,MI,AGL,CE,Towers with Radar,7,37,117,0,161,1,3,122,0,126,8,40,239,0,287,306,0,306,593
02/17/2007,PTK,MI,AGL,CE,Towers with Radar,3,22,64,0,89,0,1,37,0,38,3,23,101,0,127,96,0,96,223
02/18/2007,PTK,MI,AGL,CE,Towers with Radar,0,15,63,0,78,2,1,40,0,43,2,16,103,0,121,76,0,76,197
02/19/2007,PTK,MI,AGL,CE,Towers with Radar,11,31,86,0,128,0,2,51,0,53,11,33,137,0,181,42,0,42,223
02/20/2007,PTK,MI,AGL,CE,Towers with Radar,8,24,87,1,120,0,1,69,0,70,8,25,156,1,190,196,0,196,386
02/21/2007,PTK,MI,AGL,CE,Towers with Radar,11,46,87,2,146,0,4,99,0,103,11,50,186,2,249,234,0,234,483
02/22/2007,PTK,MI,AGL,CE,Towers with Radar,5,34,103,0,142,0,0,0,0,0,5,34,103,0,142,4,0,4,146
02/23/2007,PTK,MI,AGL,CE,Towers with Radar,10,42,110,0,162,0,5,209,0,214,10,47,319,0,376,456,0,456,832
02/24/2007,PTK,MI,AGL,CE,Towers with Radar,0,17,107,0,124,0,0,340,0,340,0,17,447,0,464,450,0,450,914
02/25/2007,PTK,MI,AGL,CE,Towers with Radar,3,17,63,0,83,0,0,0,0,0,3,17,63,0,83,0,0,0,83
02/26/2007,PTK,MI,AGL,CE,Towers with Radar,9,37,100,0,146,0,0,4,0,4,9,37,104,0,150,6,0,6,156
02/27/2007,PTK,MI,AGL,CE,Towers with Radar,4,40,88,0,132,0,0,2,0,2,4,40,90,0,134,24,0,24,158
02/28/2007,PTK,MI,AGL,CE,Towers with Radar,9,46,110,0,165,0,4,87,0,91,9,50,197,0,256,326,0,326,582
03/01/2007,PTK,MI,AGL,CE,Towers with Radar,8,39,63,0,110,0,1,0,0,1,8,40,63,0,111,2,0,2,113
03/02/2007,PTK,MI,AGL,CE,Towers with Radar,11,37,82,0,130,0,0,4,0,4,11,37,86,0,134,4,0,4,138
03/03/2007,PTK,MI,AGL,CE,Towers with Radar,0,14,43,0,57,0,0,6,0,6,0,14,49,0,63,30,0,30,93
03/04/2007,PTK,MI,AGL,CE,Towers with Radar,4,42,45,0,91,0,2,62,0,64,4,44,107,0,155,178,0,178,333
03/05/2007,PTK,MI,AGL,CE,Towers with Radar,12,41,112,0,165,2,3,38,0,43,14,44,150,0,208,26,0,26,234
03/06/2007,PTK,MI,AGL,CE,Towers with Radar,13,37,109,2,161,0,9,168,2,179,13,46,277,4,340,270,0,270,610
03/07/2007,PTK,MI,AGL,CE,Towers with Radar,15,47,87,0,149,0,2,133,0,135,15,49,220,0,284,316,0,316,600
03/08/2007,PTK,MI,AGL,CE,Towers with Radar,8,36,111,0,155,0,5,219,0,224,8,41,330,0,379,424,0,424,803
03/09/2007,PTK,MI,AGL,CE,Towers with Radar,8,40,128,0,176,0,9,298,0,307,8,49,426,0,483,510,0,510,993
03/10/2007,PTK,MI,AGL,CE,Towers with Radar,3,18,76,0,97,0,2,219,0,221,3,20,295,0,318,440,0,440,758
03/11/2007,PTK,MI,AGL,CE,Towers with Radar,3,17,105,0,125,0,3,363,0,366,3,20,468,0,491,620,0,620,1111
03/12/2007,PTK,MI,AGL,CE,Towers with Radar,11,31,94,0,136,0,7,102,0,109,11,38,196,0,245,214,0,214,459
03/13/2007,PTK,MI,AGL,CE,Towers with Radar,15,37,108,0,160,1,5,177,0,183,16,42,285,0,343,272,0,272,615
03/14/2007,PTK,MI,AGL,CE,Towers with Radar,10,52,103,0,165,0,0,12,0,12,10,52,115,0,177,60,0,60,237
03/15/2007,PTK,MI,AGL,CE,Towers with Radar,7,56,116,1,180,0,4,146,0,150,7,60,262,1,330,188,0,188,518
03/16/2007,PTK,MI,AGL,CE,Towers with Radar,10,33,128,1,172,13,12,141,0,166,23,45,269,1,338,204,0,204,542
03/17/2007,PTK,MI,AGL,CE,Towers with Radar,2,17,88,0,107,2,5,200,0,207,4,22,288,0,314,172,0,172,486
03/18/2007,PTK,MI,AGL,CE,Towers with Radar,3,19,100,0,122,0,0,260,0,260,3,19,360,0,382,466,0,466,848
03/19/2007,PTK,MI,AGL,CE,Towers with Radar,6,33,80,0,119,0,0,15,0,15,6,33,95,0,134,78,0,78,212
03/20/2007,PTK,MI,AGL,CE,Towers with Radar,7,38,95,1,141,0,0,185,0,185,7,38,280,1,326,290,0,290,616
03/21/2007,PTK,MI,AGL,CE,Towers with Radar,10,43,140,0,193,0,1,46,0,47,10,44,186,0,240,114,0,114,354
03/22/2007,PTK,MI,AGL,CE,Towers with Radar,11,24,116,0,151,0,8,87,0,95,11,32,203,0,246,110,0,110,356
03/23/2007,PTK,MI,AGL,CE,Towers with Radar,11,43,102,0,156,0,7,202,0,209,11,50,304,0,365,308,0,308,673
03/24/2007,PTK,MI,AGL,CE,Towers with Radar,3,12,106,0,121,0,2,79,0,81,3,14,185,0,202,148,0,148,350
03/25/2007,PTK,MI,AGL,CE,Towers with Radar,8,16,87,0,111,0,3,176,0,179,8,19,263,0,290,554,0,554,844
03/26/2007,PTK,MI,AGL,CE,Towers with Radar,6,46,92,0,144,0,1,115,0,116,6,47,207,0,260,370,0,370,630
03/27/2007,PTK,MI,AGL,CE,Towers with Radar,1,30,102,0,133,0,1,85,0,86,1,31,187,0,219,118,0,118,337
03/28/2007,PTK,MI,AGL,CE,Towers with Radar,6,44,110,1,161,1,6,130,0,137,7,50,240,1,298,296,0,296,594
03/29/2007,PTK,MI,AGL,CE,Towers with Radar,6,39,108,0,153,15,14,250,0,279,21,53,358,0,432,604,0,604,1036
03/30/2007,PTK,MI,AGL,CE,Towers with Radar,6,42,120,0,168,8,10,299,0,317,14,52,419,0,485,684,0,684,1169
03/31/2007,PTK,MI,AGL,CE,Towers with Radar,1,13,72,0,86,0,3,253,0,256,1,16,325,0,342,634,0,634,976
04/01/2007,PTK,MI,AGL,CE,Towers with Radar,3,4,79,0,86,0,1,47,0,48,3,5,126,0,134,194,0,194,328
04/02/2007,PTK,MI,AGL,CE,Towers with Radar,17,40,86,0,143,0,5,105,0,110,17,45,191,0,253,372,0,372,625
04/03/2007,PTK,MI,AGL,CE,Towers with Radar,6,34,83,2,125,0,0,63,0,63,6,34,146,2,188,250,0,250,438
04/04/2007,PTK,MI,AGL,CE,Towers with Radar,7,52,80,0,139,0,1,2,0,3,7,53,82,0,142,14,0,14,156
04/05/2007,PTK,MI,AGL,CE,Towers with Radar,8,34,116,0,158,0,3,5,0,8,8,37,121,0,166,0,0,0,166
04/06/2007,PTK,MI,AGL,CE,Towers with Radar,3,33,83,0,119,0,5,51,0,56,3,38,134,0,175,72,0,72,247
04/07/2007,PTK,MI,AGL,CE,Towers with Radar,3,5,65,0,73,0,1,27,0,28,3,6,92,0,101,66,0,66,167
04/08/2007,PTK,MI,AGL,CE,Towers with Radar,3,8,33,0,44,0,0,7,0,7,3,8,40,0,51,32,0,32,83
04/09/2007,PTK,MI,AGL,CE,Towers with Radar,1,33,87,0,121,0,1,170,0,171,1,34,257,0,292,502,0,502,794
04/10/2007,PTK,MI,AGL,CE,Towers with Radar,5,30,81,0,116,0,4,182,0,186,5,34,263,0,302,506,0,506,808
04/11/2007,PTK,MI,AGL,CE,Towers with Radar,7,35,78,0,120,0,2,15,0,17,7,37,93,0,137,14,0,14,151
04/12/2007,PTK,MI,AGL,CE,Towers with Radar,9,33,84,0,126,0,3,80,0,83,9,36,164,0,209,122,0,122,331
04/13/2007,PTK,MI,AGL,CE,Towers with Radar,10,24,110,0,144,5,13,188,0,206,15,37,298,0,350,226,0,226,576
04/14/2007,PTK,MI,AGL,CE,Towers with Radar,5,23,76,0,104,0,3,297,0,300,5,26,373,0,404,744,0,744,1148
04/15/2007,PTK,MI,AGL,CE,Towers with Radar,5,20,72,0,97,0,9,160,0,169,5,29,232,0,266,172,0,172,438
04/16/2007,PTK,MI,AGL,CE,Towers with Radar,8,31,91,0,130,0,4,55,0,59,8,35,146,0,189,6,0,6,195
04/17/2007,PTK,MI,AGL,CE,Towers with Radar,10,42,82,0,134,0,5,156,0,161,10,47,238,0,295,314,0,314,609
04/19/2007,PTK,MI,AGL,CE,Towers with Radar,9,42,140,0,191,11,8,216,0,235,20,50,356,0,426,448,0,448,874
04/20/2007,PTK,MI,AGL,CE,Towers with Radar,10,46,103,0,159,2,7,275,0,284,12,53,378,0,443,588,0,588,1031
04/21/2007,PTK,MI,AGL,CE,Towers with Radar,3,11,145,0,159,0,6,417,0,423,3,17,562,0,582,728,0,728,1310
04/22/2007,PTK,MI,AGL,CE,Towers with Radar,2,24,77,0,103,0,3,247,0,250,2,27,324,0,353,376,0,376,729
04/23/2007,PTK,MI,AGL,CE,Towers with Radar,11,34,99,0,144,0,4,36,0,40,11,38,135,0,184,32,0,32,216
04/24/2007,PTK,MI,AGL,CE,Towers with Radar,6,35,116,2,159,1,9,187,0,197,7,44,303,2,356,458,0,458,814
04/25/2007,PTK,MI,AGL,CE,Towers with Radar,10,49,117,0,176,18,5,47,0,70,28,54,164,0,246,108,0,108,354
04/26/2007,PTK,MI,AGL,CE,Towers with Radar,7,35,127,0,169,0,1,0,0,1,7,36,127,0,170,0,0,0,170
04/27/2007,PTK,MI,AGL,CE,Towers with Radar,13,40,102,0,155,0,1,27,0,28,13,41,129,0,183,74,0,74,257
04/28/2007,PTK,MI,AGL,CE,Towers with Radar,3,12,72,0,87,2,2,208,0,212,5,14,280,0,299,442,0,442,741
04/29/2007,PTK,MI,AGL,CE,Towers with Radar,2,9,96,0,107,0,5,321,0,326,2,14,417,0,433,594,0,594,1027
04/30/2007,PTK,MI,AGL,CE,Towers with Radar,7,60,115,0,182,0,4,181,0,185,7,64,296,0,367,378,0,378,745
05/01/2007,PTK,MI,AGL,CE,Towers with Radar,1,38,97,0,136,0,3,20,0,23,1,41,117,0,159,98,0,98,257
05/02/2007,PTK,MI,AGL,CE,Towers with Radar,10,45,137,0,192,0,7,180,0,187,10,52,317,0,379,352,0,352,731
05/03/2007,PTK,MI,AGL,CE,Towers with Radar,9,57,147,2,215,0,10,268,0,278,9,67,415,2,493,542,0,542,1035
05/04/2007,PTK,MI,AGL,CE,Towers with Radar,18,56,135,0,209,18,11,252,0,281,36,67,387,0,490,434,0,434,924
05/05/2007,PTK,MI,AGL,CE,Towers with Radar,3,12,81,0,96,7,1,228,0,236,10,13,309,0,332,394,0,394,726
05/06/2007,PTK,MI,AGL,CE,Towers with Radar,3,14,127,0,144,1,2,276,1,280,4,16,403,1,424,462,0,462,886
05/07/2007,PTK,MI,AGL,CE,Towers with Radar,4,34,115,0,153,2,0,198,0,200,6,34,313,0,353,266,0,266,619
05/08/2007,PTK,MI,AGL,CE,Towers with Radar,9,38,110,0,157,10,4,198,0,212,19,42,308,0,369,370,0,370,739
05/09/2007,PTK,MI,AGL,CE,Towers with Radar,17,48,92,0,157,9,1,2,0,12,26,49,94,0,169,0,0,0,169
05/10/2007,PTK,MI,AGL,CE,Towers with Radar,9,42,157,0,208,0,16,211,0,227,9,58,368,0,435,686,0,686,1121
05/11/2007,PTK,MI,AGL,CE,Towers with Radar,8,47,126,0,181,2,1,265,3,271,10,48,391,3,452,514,0,514,966
05/12/2007,PTK,MI,AGL,CE,Towers with Radar,2,18,67,0,87,2,1,230,0,233,4,19,297,0,320,520,0,520,840
05/13/2007,PTK,MI,AGL,CE,Towers with Radar,3,16,75,0,94,1,0,239,0,240,4,16,314,0,334,388,0,388,722
05/14/2007,PTK,MI,AGL,CE,Towers with Radar,10,7,88,0,105,1,45,129,0,175,11,52,217,0,280,206,0,206,486
05/15/2007,PTK,MI,AGL,CE,Towers with Radar,8,47,111,0,166,0,4,98,0,102,8,51,209,0,268,232,0,232,500
05/16/2007,PTK,MI,AGL,CE,Towers with Radar,15,51,134,0,200,2,2,19,0,23,17,53,153,0,223,90,0,90,313
05/17/2007,PTK,MI,AGL,CE,Towers with Radar,9,59,119,0,187,6,8,157,0,171,15,67,276,0,358,332,0,332,690
05/18/2007,PTK,MI,AGL,CE,Towers with Radar,7,34,151,0,192,0,7,363,0,370,7,41,514,0,562,756,0,756,1318
05/19/2007,PTK,MI,AGL,CE,Towers with Radar,0,13,63,0,76,0,3,200,0,203,0,16,263,0,279,474,0,474,753
05/20/2007,PTK,MI,AGL,CE,Towers with Radar,4,28,121,0,153,0,2,132,0,134,4,30,253,0,287,360,0,360,647
05/21/2007,PTK,MI,AGL,CE,Towers with Radar,13,59,105,0,177,0,4,200,0,204,13,63,305,0,381,446,0,446,827
05/22/2007,PTK,MI,AGL,CE,Towers with Radar,2,35,104,0,141,12,2,175,2,191,14,37,279,2,332,334,0,334,666
05/23/2007,PTK,MI,AGL,CE,Towers with Radar,11,48,117,0,176,0,4,197,0,201,11,52,314,0,377,276,0,276,653
05/24/2007,PTK,MI,AGL,CE,Towers with Radar,5,36,111,0,152,1,5,233,0,239,6,41,344,0,391,314,0,314,705
05/25/2007,PTK,MI,AGL,CE,Towers with Radar,10,38,130,1,179,5,9,162,0,176,15,47,292,1,355,596,0,596,951
05/26/2007,PTK,MI,AGL,CE,Towers with Radar,5,5,61,0,71,0,3,68,0,71,5,8,129,0,142,370,0,370,512
05/27/2007,PTK,MI,AGL,CE,Towers with Radar,3,6,57,0,66,0,0,47,0,47,3,6,104,0,113,82,0,82,195
05/28/2007,PTK,MI,AGL,CE,Towers with Radar,2,22,98,0,122,0,0,388,9,397,2,22,486,9,519,484,0,484,1003
05/29/2007,PTK,MI,AGL,CE,Towers with Radar,7,13,97,0,117,3,3,164,0,170,10,16,261,0,287,360,0,360,647
05/30/2007,PTK,MI,AGL,CE,Towers with Radar,9,34,132,0,175,0,2,169,0,171,9,36,301,0,346,468,0,468,814
05/31/2007,PTK,MI,AGL,CE,Towers with Radar,16,42,149,0,207,2,6,183,0,191,18,48,332,0,398,554,0,554,952
06/01/2007,PTK,MI,AGL,CE,Towers with Radar,10,45,119,0,174,0,2,133,0,135,10,47,252,0,309,366,0,366,675
06/02/2007,PTK,MI,AGL,CE,Towers with Radar,1,14,73,0,88,0,1,193,0,194,1,15,266,0,282,518,0,518,800
06/03/2007,PTK,MI,AGL,CE,Towers with Radar,3,12,80,0,95,0,0,12,1,13,3,12,92,1,108,58,0,58,166
06/04/2007,PTK,MI,AGL,CE,Towers with Radar,14,39,120,0,173,0,2,49,0,51,14,41,169,0,224,190,0,190,414
06/05/2007,PTK,MI,AGL,CE,Towers with Radar,4,39,120,0,163,0,2,29,1,32,4,41,149,1,195,58,0,58,253
06/06/2007,PTK,MI,AGL,CE,Towers with Radar,9,38,130,0,177,0,4,262,3,269,9,42,392,3,446,324,0,324,770
06/07/2007,PTK,MI,AGL,CE,Towers with Radar,5,50,114,0,169,3,4,97,0,104,8,54,211,0,273,152,0,152,425
06/08/2007,PTK,MI,AGL,CE,Towers with Radar,10,51,88,0,149,0,7,97,0,104,10,58,185,0,253,178,0,178,431
06/09/2007,PTK,MI,AGL,CE,Towers with Radar,1,19,91,0,111,0,2,365,0,367,1,21,456,0,478,766,0,766,1244
06/10/2007,PTK,MI,AGL,CE,Towers with Radar,2,12,94,0,108,0,5,296,0,301,2,17,390,0,409,340,0,340,749
06/11/2007,PTK,MI,AGL,CE,Towers with Radar,6,35,114,0,155,0,10,194,1,205,6,45,308,1,360,472,0,472,832
06/12/2007,PTK,MI,AGL,CE,Towers with Radar,8,54,119,0,181,22,4,180,0,206,30,58,299,0,387,268,0,268,655
06/13/2007,PTK,MI,AGL,CE,Towers with Radar,15,70,155,0,240,0,11,238,0,249,15,81,393,0,489,306,0,306,795
06/14/2007,PTK,MI,AGL,CE,Towers with Radar,7,44,147,0,198,0,2,198,0,200,7,46,345,0,398,254,0,254,652
06/15/2007,PTK,MI,AGL,CE,Towers with Radar,9,34,111,0,154,2,15,276,0,293,11,49,387,0,447,418,0,418,865
06/16/2007,PTK,MI,AGL,CE,Towers with Radar,9,10,76,0,95,0,7,375,0,382,9,17,451,0,477,624,0,624,1101
06/17/2007,PTK,MI,AGL,CE,Towers with Radar,3,19,96,0,118,0,0,249,0,249,3,19,345,0,367,354,0,354,721
06/18/2007,PTK,MI,AGL,CE,Towers with Radar,10,46,132,0,188,0,11,161,0,172,10,57,293,0,360,268,0,268,628
06/19/2007,PTK,MI,AGL,CE,Towers with Radar,10,41,82,0,133,4,17,62,0,83,14,58,144,0,216,70,0,70,286
06/20/2007,PTK,MI,AGL,CE,Towers with Radar,15,65,130,2,212,1,1,254,0,256,16,66,384,2,468,412,0,412,880
06/21/2007,PTK,MI,AGL,CE,Towers with Radar,18,50,91,0,159,0,6,184,0,190,18,56,275,0,349,430,0,430,779
06/22/2007,PTK,MI,AGL,CE,Towers with Radar,15,59,135,0,209,0,8,294,0,302,15,67,429,0,511,568,0,568,1079
06/23/2007,PTK,MI,AGL,CE,Towers with Radar,6,15,80,0,101,37,6,312,0,355,43,21,392,0,456,408,0,408,864
06/24/2007,PTK,MI,AGL,CE,Towers with Radar,8,21,129,0,158,0,2,273,0,275,8,23,402,0,433,292,0,292,725
06/25/2007,PTK,MI,AGL,CE,Towers with Radar,4,62,122,0,188,14,9,197,0,220,18,71,319,0,408,374,0,374,782
06/26/2007,PTK,MI,AGL,CE,Towers with Radar,14,54,152,2,222,0,3,193,0,196,14,57,345,2,418,324,0,324,742
06/27/2007,PTK,MI,AGL,CE,Towers with Radar,16,57,114,0,187,0,5,81,0,86,16,62,195,0,273,158,0,158,431
06/28/2007,PTK,MI,AGL,CE,Towers with Radar,20,42,126,0,188,0,14,200,0,214,20,56,326,0,402,406,0,406,808
06/29/2007,PTK,MI,AGL,CE,Towers with Radar,8,37,104,0,149,0,7,244,0,251,8,44,348,0,400,252,0,252,652
06/30/2007,PTK,MI,AGL,CE,Towers with Radar,1,24,87,0,112,0,5,394,0,399,1,29,481,0,511,586,0,586,1097
07/01/2007,PTK,MI,AGL,CE,Towers with Radar,2,7,89,0,98,0,2,263,0,265,2,9,352,0,363,354,0,354,717
07/02/2007,PTK,MI,AGL,CE,Towers with Radar,2,24,88,0,114,0,0,193,0,193,2,24,281,0,307,340,0,340,647
07/03/2007,PTK,MI,AGL,CE,Towers with Radar,0,24,79,0,103,5,3,189,0,197,5,27,268,0,300,316,0,316,616
07/04/2007,PTK,MI,AGL,CE,Towers with Radar,2,8,29,0,39,0,1,46,4,51,2,9,75,4,90,168,0,168,258
07/05/2007,PTK,MI,AGL,CE,Towers with Radar,4,17,64,0,85,1,1,107,0,109,5,18,171,0,194,340,0,340,534
07/06/2007,PTK,MI,AGL,CE,Towers with Radar,5,16,80,2,103,13,0,231,2,246,18,16,311,4,349,538,0,538,887
07/07/2007,PTK,MI,AGL,CE,Towers with Radar,0,8,90,0,98,2,1,260,0,263,2,9,350,0,361,354,0,354,715
07/08/2007,PTK,MI,AGL,CE,Towers with Radar,2,19,118,0,139,0,0,158,0,158,2,19,276,0,297,186,0,186,483
07/09/2007,PTK,MI,AGL,CE,Towers with Radar,4,42,83,0,129,21,5,110,2,138,25,47,193,2,267,162,0,162,429
07/10/2007,PTK,MI,AGL,CE,Towers with Radar,2,25,104,0,131,9,4,101,0,114,11,29,205,0,245,182,0,182,427
07/11/2007,PTK,MI,AGL,CE,Towers with Radar,5,45,114,0,164,0,1,146,0,147,5,46,260,0,311,266,0,266,577
07/12/2007,PTK,MI,AGL,CE,Towers with Radar,2,56,124,0,182,0,3,152,0,155,2,59,276,0,337,218,0,218,555
07/13/2007,PTK,MI,AGL,CE,Towers with Radar,2,44,132,0,178,0,6,301,0,307,2,50,433,0,485,528,0,528,1013
07/14/2007,PTK,MI,AGL,CE,Towers with Radar,1,17,65,0,83,4,9,146,0,159,5,26,211,0,242,168,0,168,410
07/15/2007,PTK,MI,AGL,CE,Towers with Radar,2,26,98,0,126,0,3,275,0,278,2,29,373,0,404,562,0,562,966
07/16/2007,PTK,MI,AGL,CE,Towers with Radar,2,30,106,0,138,4,11,172,0,187,6,41,278,0,325,444,0,444,769
07/17/2007,PTK,MI,AGL,CE,Towers with Radar,1,49,118,0,168,0,3,99,0,102,1,52,217,0,270,254,0,254,524
07/18/2007,PTK,MI,AGL,CE,Towers with Radar,6,42,119,2,169,0,10,97,0,107,6,52,216,2,276,564,0,564,840
07/19/2007,PTK,MI,AGL,CE,Towers with Radar,2,54,120,0,176,0,7,97,0,104,2,61,217,0,280,94,0,94,374
07/20/2007,PTK,MI,AGL,CE,Towers with Radar,5,42,120,0,167,3,7,252,0,262,8,49,372,0,429,216,0,216,645
07/21/2007,PTK,MI,AGL,CE,Towers with Radar,2,6,102,0,110,0,5,325,0,330,2,11,427,0,440,472,0,472,912
07/22/2007,PTK,MI,AGL,CE,Towers with Radar,2,23,103,0,128,0,5,263,0,268,2,28,366,0,396,454,0,454,850
07/23/2007,PTK,MI,AGL,CE,Towers with Radar,3,42,113,0,158,0,12,237,0,249,3,54,350,0,407,334,0,334,741
07/24/2007,PTK,MI,AGL,CE,Towers with Radar,6,48,154,0,208,0,9,212,0,221,6,57,366,0,429,242,0,242,671
07/25/2007,PTK,MI,AGL,CE,Towers with Radar,3,68,147,0,218,0,11,181,0,192,3,79,328,0,410,392,0,392,802
07/26/2007,PTK,MI,AGL,CE,Towers with Radar,4,50,154,0,208,9,9,116,0,134,13,59,270,0,342,298,0,298,640
07/27/2007,PTK,MI,AGL,CE,Towers with Radar,5,50,130,0,185,2,7,129,0,138,7,57,259,0,323,380,0,380,703
07/28/2007,PTK,MI,AGL,CE,Towers with Radar,2,16,121,0,139,0,1,105,0,106,2,17,226,0,245,176,0,176,421
07/29/2007,PTK,MI,AGL,CE,Towers with Radar,3,25,122,0,150,0,2,296,1,299,3,27,418,1,449,508,0,508,957
07/30/2007,PTK,MI,AGL,CE,Towers with Radar,3,39,120,0,162,9,9,187,0,205,12,48,307,0,367,338,0,338,705
07/31/2007,PTK,MI,AGL,CE,Towers with Radar,2,44,103,0,149,13,6,205,0,224,15,50,308,0,373,428,0,428,801
08/01/2007,PTK,MI,AGL,CE,Towers with Radar,7,40,124,0,171,11,4,152,0,167,18,44,276,0,338,366,0,366,704
08/02/2007,PTK,MI,AGL,CE,Towers with Radar,5,35,119,0,159,0,7,152,0,159,5,42,271,0,318,338,0,338,656
08/03/2007,PTK,MI,AGL,CE,Towers with Radar,8,47,143,0,198,2,5,259,0,266,10,52,402,0,464,382,0,382,846
08/04/2007,PTK,MI,AGL,CE,Towers with Radar,1,7,110,0,118,0,6,331,2,339,1,13,441,2,457,446,0,446,903
08/05/2007,PTK,MI,AGL,CE,Towers with Radar,0,27,106,0,133,0,1,51,0,52,0,28,157,0,185,198,0,198,383
08/06/2007,PTK,MI,AGL,CE,Towers with Radar,4,32,155,0,191,0,6,60,0,66,4,38,215,0,257,270,0,270,527
08/07/2007,PTK,MI,AGL,CE,Towers with Radar,2,44,101,0,147,0,6,63,0,69,2,50,164,0,216,156,0,156,372
08/08/2007,PTK,MI,AGL,CE,Towers with Radar,7,64,111,0,182,1,6,179,0,186,8,70,290,0,368,300,0,300,668
08/09/2007,PTK,MI,AGL,CE,Towers with Radar,3,35,140,0,178,1,6,110,0,117,4,41,250,0,295,386,0,386,681
08/10/2007,PTK,MI,AGL,CE,Towers with Radar,7,34,180,0,221,0,2,206,0,208,7,36,386,0,429,354,0,354,783
08/11/2007,PTK,MI,AGL,CE,Towers with Radar,1,15,85,0,101,0,6,418,0,424,1,21,503,0,525,520,0,520,1045
08/12/2007,PTK,MI,AGL,CE,Towers with Radar,0,21,100,0,121,0,2,435,28,465,0,23,535,28,586,934,0,934,1520
08/13/2007,PTK,MI,AGL,CE,Towers with Radar,0,36,126,0,162,0,1,235,0,236,0,37,361,0,398,434,0,434,832
08/14/2007,PTK,MI,AGL,CE,Towers with Radar,5,44,102,0,151,0,9,175,0,184,5,53,277,0,335,298,0,298,633
08/15/2007,PTK,MI,AGL,CE,Towers with Radar,1,37,131,0,169,0,6,212,0,218,1,43,343,0,387,364,0,364,751
08/16/2007,PTK,MI,AGL,CE,Towers with Radar,5,39,37,0,81,4,8,0,0,12,9,47,37,0,93,328,0,328,421
08/17/2007,PTK,MI,AGL,CE,Towers with Radar,6,42,97,0,145,0,7,153,1,161,6,49,250,1,306,136,0,136,442
08/18/2007,PTK,MI,AGL,CE,Towers with Radar,0,10,97,0,107,0,19,263,1,283,0,29,360,1,390,476,0,476,866
08/19/2007,PTK,MI,AGL,CE,Towers with Radar,0,22,117,0,139,0,0,2,0,2,0,22,119,0,141,8,0,8,149
08/20/2007,PTK,MI,AGL,CE,Towers with Radar,9,47,96,0,152,0,0,0,0,0,9,47,96,0,152,0,0,0,152
08/21/2007,PTK,MI,AGL,CE,Towers with Radar,6,36,137,0,179,0,7,106,0,113,6,43,243,0,292,320,0,320,612
08/22/2007,PTK,MI,AGL,CE,Towers with Radar,9,50,117,0,176,2,15,54,1,72,11,65,171,1,248,182,0,182,430
08/23/2007,PTK,MI,AGL,CE,Towers with Radar,9,39,107,1,156,0,4,90,0,94,9,43,197,1,250,270,0,270,520
08/24/2007,PTK,MI,AGL,CE,Towers with Radar,10,48,119,0,177,0,8,181,2,191,10,56,300,2,368,314,0,314,682
08/25/2007,PTK,MI,AGL,CE,Towers with Radar,2,28,59,0,89,0,3,84,0,87,2,31,143,0,176,224,0,224,400
08/26/2007,PTK,MI,AGL,CE,Towers with Radar,2,26,102,0,130,0,0,339,0,339,2,26,441,0,469,524,0,524,993
08/27/2007,PTK,MI,AGL,CE,Towers with Radar,6,56,115,0,177,13,15,303,0,331,19,71,418,0,508,316,0,316,824
08/28/2007,PTK,MI,AGL,CE,Towers with Radar,9,45,122,0,176,0,6,178,0,184,9,51,300,0,360,340,0,340,700
08/29/2007,PTK,MI,AGL,CE,Towers with Radar,11,57,114,0,182,2,8,135,0,145,13,65,249,0,327,168,0,168,495
08/30/2007,PTK,MI,AGL,CE,Towers with Radar,12,39,148,2,201,0,9,267,0,276,12,48,415,2,477,296,0,296,773
08/31/2007,PTK,MI,AGL,CE,Towers with Radar,6,42,114,0,162,4,8,275,0,287,10,50,389,0,449,366,0,366,815
09/01/2007,PTK,MI,AGL,CE,Towers with Radar,1,13,68,0,82,0,1,266,0,267,1,14,334,0,349,350,0,350,699
09/02/2007,PTK,MI,AGL,CE,Towers with Radar,2,12,67,0,81,0,0,187,0,187,2,12,254,0,268,438,0,438,706
09/03/2007,PTK,MI,AGL,CE,Towers with Radar,1,25,97,0,123,0,2,281,0,283,1,27,378,0,406,324,0,324,730
09/04/2007,PTK,MI,AGL,CE,Towers with Radar,0,44,103,0,147,1,5,159,0,165,1,49,262,0,312,310,0,310,622
09/05/2007,PTK,MI,AGL,CE,Towers with Radar,9,41,99,0,149,0,6,182,0,188,9,47,281,0,337,194,0,194,531
09/06/2007,PTK,MI,AGL,CE,Towers with Radar,5,45,132,0,182,0,2,115,0,117,5,47,247,0,299,300,0,300,599
09/07/2007,PTK,MI,AGL,CE,Towers with Radar,6,32,106,0,144,16,8,45,0,69,22,40,151,0,213,90,0,90,303
09/08/2007,PTK,MI,AGL,CE,Towers with Radar,0,16,98,0,114,0,0,238,0,238,0,16,336,0,352,292,0,292,644
09/09/2007,PTK,MI,AGL,CE,Towers with Radar,2,15,116,0,133,0,1,102,0,103,2,16,218,0,236,354,0,354,590
09/10/2007,PTK,MI,AGL,CE,Towers with Radar,9,44,117,0,170,2,0,52,0,54,11,44,169,0,224,202,0,202,426
09/11/2007,PTK,MI,AGL,CE,Towers with Radar,3,38,116,0,157,0,3,56,0,59,3,41,172,0,216,78,0,78,294
09/12/2007,PTK,MI,AGL,CE,Towers with Radar,3,50,126,0,179,4,6,162,0,172,7,56,288,0,351,270,0,270,621
09/13/2007,PTK,MI,AGL,CE,Towers with Radar,4,52,134,0,190,0,15,219,0,234,4,67,353,0,424,416,0,416,840
09/14/2007,PTK,MI,AGL,CE,Towers with Radar,15,51,96,2,164,2,7,147,6,162,17,58,243,8,326,270,0,270,596
09/15/2007,PTK,MI,AGL,CE,Towers with Radar,0,9,91,0,100,0,4,230,0,234,0,13,321,0,334,388,0,388,722
09/16/2007,PTK,MI,AGL,CE,Towers with Radar,3,26,104,0,133,0,1,276,0,277,3,27,380,0,410,476,0,476,886
09/17/2007,PTK,MI,AGL,CE,Towers with Radar,7,39,108,0,154,1,1,165,0,167,8,40,273,0,321,216,0,216,537
09/18/2007,PTK,MI,AGL,CE,Towers with Radar,5,48,112,0,165,1,8,205,0,214,6,56,317,0,379,270,0,270,649
09/19/2007,PTK,MI,AGL,CE,Towers with Radar,13,63,103,0,179,0,10,240,0,250,13,73,343,0,429,316,0,316,745
09/20/2007,PTK,MI,AGL,CE,Towers with Radar,3,53,139,0,195,0,8,225,0,233,3,61,364,0,428,362,0,362,790
09/21/2007,PTK,MI,AGL,CE,Towers with Radar,7,39,124,0,170,0,8,223,0,231,7,47,347,0,401,336,0,336,737
09/22/2007,PTK,MI,AGL,CE,Towers with Radar,3,10,77,0,90,0,7,266,0,273,3,17,343,0,363,406,0,406,769
09/23/2007,PTK,MI,AGL,CE,Towers with Radar,4,25,115,0,144,0,10,329,0,339,4,35,444,0,483,600,0,600,1083
09/24/2007,PTK,MI,AGL,CE,Towers with Radar,4,47,119,0,170,0,2,196,0,198,4,49,315,0,368,198,0,198,566
09/25/2007,PTK,MI,AGL,CE,Towers with Radar,5,42,98,0,145,0,2,103,0,105,5,44,201,0,250,326,0,326,576
09/27/2007,PTK,MI,AGL,CE,Towers with Radar,7,54,139,0,200,0,6,218,0,224,7,60,357,0,424,366,0,366,790
09/28/2007,PTK,MI,AGL,CE,Towers with Radar,8,46,132,0,186,0,21,194,0,215,8,67,326,0,401,230,0,230,631
09/29/2007,PTK,MI,AGL,CE,Towers with Radar,6,27,119,0,152,0,8,310,1,319,6,35,429,1,471,504,0,504,975
09/30/2007,PTK,MI,AGL,CE,Towers with Radar,6,16,101,0,123,0,2,261,0,263,6,18,362,0,386,396,0,396,782
10/01/2007,PTK,MI,AGL,CE,Towers with Radar,10,35,102,0,147,0,0,17,0,17,10,35,119,0,164,2,0,2,166
10/02/2007,PTK,MI,AGL,CE,Towers with Radar,10,38,115,0,163,0,3,61,0,64,10,41,176,0,227,106,0,106,333
10/03/2007,PTK,MI,AGL,CE,Towers with Radar,7,53,119,0,179,2,2,120,0,124,9,55,239,0,303,214,0,214,517
10/04/2007,PTK,MI,AGL,CE,Towers with Radar,5,42,87,0,134,8,19,212,0,239,13,61,299,0,373,368,0,368,741
10/05/2007,PTK,MI,AGL,CE,Towers with Radar,9,43,133,0,185,0,16,250,0,266,9,59,383,0,451,336,0,336,787
10/06/2007,PTK,MI,AGL,CE,Towers with Radar,2,8,73,0,83,0,3,279,0,282,2,11,352,0,365,366,0,366,731
10/07/2007,PTK,MI,AGL,CE,Towers with Radar,5,18,95,0,118,0,4,230,0,234,5,22,325,0,352,378,0,378,730
10/08/2007,PTK,MI,AGL,CE,Towers with Radar,7,35,108,0,150,0,1,65,0,66,7,36,173,0,216,168,0,168,384
10/09/2007,PTK,MI,AGL,CE,Towers with Radar,2,26,106,0,134,0,7,151,0,158,2,33,257,0,292,324,0,324,616
10/10/2007,PTK,MI,AGL,CE,Towers with Radar,6,34,112,0,152,1,0,86,2,89,7,34,198,2,241,226,0,226,467
10/11/2007,PTK,MI,AGL,CE,Towers with Radar,5,54,126,0,185,0,4,45,0,49,5,58,171,0,234,36,0,36,270
10/12/2007,PTK,MI,AGL,CE,Towers with Radar,6,39,119,0,164,3,6,201,1,211,9,45,320,1,375,328,0,328,703
10/13/2007,PTK,MI,AGL,CE,Towers with Radar,2,14,68,0,84,0,9,223,0,232,2,23,291,0,316,232,0,232,548
10/14/2007,PTK,MI,AGL,CE,Towers with Radar,2,20,129,0,151,0,11,336,0,347,2,31,465,0,498,442,0,442,940
10/15/2007,PTK,MI,AGL,CE,Towers with Radar,4,51,112,0,167,0,4,170,0,174,4,55,282,0,341,306,0,306,647
10/16/2007,PTK,MI,AGL,CE,Towers with Radar,3,35,147,0,185,0,0,0,0,0,3,35,147,0,185,0,0,0,185
10/17/2007,PTK,MI,AGL,CE,Towers with Radar,11,39,116,0,166,0,7,199,0,206,11,46,315,0,372,426,0,426,798
10/18/2007,PTK,MI,AGL,CE,Towers with Radar,1,41,114,0,156,0,7,58,0,65,1,48,172,0,221,66,0,66,287
10/19/2007,PTK,MI,AGL,CE,Towers with Radar,10,42,105,0,157,2,1,39,0,42,12,43,144,0,199,32,0,32,231
10/20/2007,PTK,MI,AGL,CE,Towers with Radar,0,17,80,0,97,1,4,121,0,126,1,21,201,0,223,108,0,108,331
10/21/2007,PTK,MI,AGL,CE,Towers with Radar,2,26,69,0,97,0,2,176,0,178,2,28,245,0,275,180,0,180,455
10/22/2007,PTK,MI,AGL,CE,Towers with Radar,4,46,101,0,151,0,1,181,0,182,4,47,282,0,333,244,0,244,577
10/23/2007,PTK,MI,AGL,CE,Towers with Radar,0,29,121,0,150,0,0,96,2,98,0,29,217,2,248,230,0,230,478
10/24/2007,PTK,MI,AGL,CE,Towers with Radar,6,42,122,0,170,13,5,142,0,160,19,47,264,0,330,304,0,304,634
10/25/2007,PTK,MI,AGL,CE,Towers with Radar,2,39,109,0,150,0,8,202,0,210,2,47,311,0,360,384,0,384,744
10/26/2007,PTK,MI,AGL,CE,Towers with Radar,5,34,106,0,145,0,0,5,0,5,5,34,111,0,150,52,0,52,202
10/27/2007,PTK,MI,AGL,CE,Towers with Radar,4,11,38,0,53,0,0,6,0,6,4,11,44,0,59,16,0,16,75
10/28/2007,PTK,MI,AGL,CE,Towers with Radar,4,15,126,0,145,0,4,338,0,342,4,19,464,0,487,396,0,396,883
10/29/2007,PTK,MI,AGL,CE,Towers with Radar,5,52,82,0,139,0,8,112,0,120,5,60,194,0,259,124,0,124,383
10/30/2007,PTK,MI,AGL,CE,Towers with Radar,5,37,122,0,164,3,8,217,0,228,8,45,339,0,392,360,0,360,752
10/31/2007,PTK,MI,AGL,CE,Towers with Radar,5,48,72,0,125,16,6,96,2,120,21,54,168,2,245,128,0,128,373
11/01/2007,PTK,MI,AGL,CE,Towers with Radar,6,40,117,0,163,4,12,179,0,195,10,52,296,0,358,396,0,396,754
11/02/2007,PTK,MI,AGL,CE,Towers with Radar,8,40,131,0,179,4,9,264,0,277,12,49,395,0,456,376,0,376,832
11/03/2007,PTK,MI,AGL,CE,Towers with Radar,3,15,81,0,99,0,4,292,2,298,3,19,373,2,397,354,0,354,751
11/04/2007,PTK,MI,AGL,CE,Towers with Radar,2,19,101,0,122,0,4,379,0,383,2,23,480,0,505,472,0,472,977
11/05/2007,PTK,MI,AGL,CE,Towers with Radar,13,32,95,0,140,0,2,50,0,52,13,34,145,0,192,84,0,84,276
11/06/2007,PTK,MI,AGL,CE,Towers with Radar,5,25,92,0,122,0,0,9,0,9,5,25,101,0,131,0,0,0,131
11/07/2007,PTK,MI,AGL,CE,Towers with Radar,11,42,117,0,170,6,8,139,0,153,17,50,256,0,323,362,0,362,685
11/08/2007,PTK,MI,AGL,CE,Towers with Radar,9,43,150,0,202,0,9,127,0,136,9,52,277,0,338,348,0,348,686
11/09/2007,PTK,MI,AGL,CE,Towers with Radar,12,47,132,0,191,0,6,136,0,142,12,53,268,0,333,248,0,248,581
11/10/2007,PTK,MI,AGL,CE,Towers with Radar,2,20,80,1,103,0,2,239,2,243,2,22,319,3,346,560,0,560,906
11/11/2007,PTK,MI,AGL,CE,Towers with Radar,2,15,92,0,109,0,6,79,0,85,2,21,171,0,194,214,0,214,408
11/12/2007,PTK,MI,AGL,CE,Towers with Radar,4,47,138,0,189,0,0,1,0,1,4,47,139,0,190,68,0,68,258
11/13/2007,PTK,MI,AGL,CE,Towers with Radar,3,40,138,0,181,10,4,193,0,207,13,44,331,0,388,472,0,472,860
11/14/2007,PTK,MI,AGL,CE,Towers with Radar,7,42,102,0,151,4,8,113,0,125,11,50,215,0,276,242,0,242,518
11/15/2007,PTK,MI,AGL,CE,Towers with Radar,8,38,120,0,166,0,9,54,0,63,8,47,174,0,229,180,0,180,409
11/16/2007,PTK,MI,AGL,CE,Towers with Radar,2,42,105,0,149,1,2,155,0,158,3,44,260,0,307,366,0,366,673
11/17/2007,PTK,MI,AGL,CE,Towers with Radar,0,17,72,0,89,0,3,80,1,84,0,20,152,1,173,178,0,178,351
11/18/2007,PTK,MI,AGL,CE,Towers with Radar,2,17,89,0,108,0,4,258,0,262,2,21,347,0,370,448,0,448,818
11/19/2007,PTK,MI,AGL,CE,Towers with Radar,4,50,104,0,158,0,0,46,0,46,4,50,150,0,204,220,0,220,424
11/20/2007,PTK,MI,AGL,CE,Towers with Radar,3,6,34,0,43,3,28,133,0,164,6,34,167,0,207,44,0,44,251
11/21/2007,PTK,MI,AGL,CE,Towers with Radar,16,43,88,1,148,0,0,2,0,2,16,43,90,1,150,62,0,62,212
11/22/2007,PTK,MI,AGL,CE,Towers with Radar,2,12,26,0,40,0,0,1,0,1,2,12,27,0,41,0,0,0,41
11/23/2007,PTK,MI,AGL,CE,Towers with Radar,4,13,52,0,69,0,12,264,0,276,4,25,316,0,345,492,0,492,837
11/24/2007,PTK,MI,AGL,CE,Towers with Radar,3,21,74,0,98,0,3,181,0,184,3,24,255,0,282,424,0,424,706
11/25/2007,PTK,MI,AGL,CE,Towers with Radar,3,28,119,0,150,0,0,185,0,185,3,28,304,0,335,320,0,320,655
11/26/2007,PTK,MI,AGL,CE,Towers with Radar,2,44,85,0,131,0,0,11,0,11,2,44,96,0,142,42,0,42,184
11/27/2007,PTK,MI,AGL,CE,Towers with Radar,1,59,82,0,142,6,3,41,1,51,7,62,123,1,193,0,0,0,193
11/28/2007,PTK,MI,AGL,CE,Towers with Radar,7,36,100,0,143,17,2,99,0,118,24,38,199,0,261,150,0,150,411
11/29/2007,PTK,MI,AGL,CE,Towers with Radar,3,45,97,0,145,0,2,23,0,25,3,47,120,0,170,0,0,0,170
11/30/2007,PTK,MI,AGL,CE,Towers with Radar,7,48,87,0,142,9,9,77,1,96,16,57,164,1,238,110,0,110,348
12/01/2007,PTK,MI,AGL,CE,Towers with Radar,2,27,53,0,82,7,3,309,0,319,9,30,362,0,401,520,0,520,921
12/02/2007,PTK,MI,AGL,CE,Towers with Radar,0,11,43,0,54,0,0,0,0,0,0,11,43,0,54,0,0,0,54
12/03/2007,PTK,MI,AGL,CE,Towers with Radar,9,31,69,0,109,0,1,4,0,5,9,32,73,0,114,4,0,4,118
12/04/2007,PTK,MI,AGL,CE,Towers with Radar,4,27,104,0,135,3,2,59,0,64,7,29,163,0,199,148,0,148,347
12/05/2007,PTK,MI,AGL,CE,Towers with Radar,9,47,95,0,151,2,1,26,6,35,11,48,121,6,186,64,0,64,250
12/06/2007,PTK,MI,AGL,CE,Towers with Radar,7,47,135,2,191,0,5,144,0,149,7,52,279,2,340,232,0,232,572
12/07/2007,PTK,MI,AGL,CE,Towers with Radar,8,48,78,0,134,0,5,49,0,54,8,53,127,0,188,49,0,49,237
12/08/2007,PTK,MI,AGL,CE,Towers with Radar,2,15,140,0,157,2,8,541,0,551,4,23,681,0,708,300,0,300,1008
12/09/2007,PTK,MI,AGL,CE,Towers with Radar,4,15,50,0,69,0,0,24,0,24,4,15,74,0,93,166,0,166,259
12/10/2007,PTK,MI,AGL,CE,Towers with Radar,7,43,87,0,137,0,2,75,0,77,7,45,162,0,214,196,0,196,410
12/11/2007,PTK,MI,AGL,CE,Towers with Radar,4,39,79,0,122,0,0,0,0,0,4,39,79,0,122,0,0,0,122
12/12/2007,PTK,MI,AGL,CE,Towers with Radar,11,40,101,0,152,1,2,182,0,185,12,42,283,0,337,332,0,332,669
12/13/2007,PTK,MI,AGL,CE,Towers with Radar,5,43,95,0,143,0,2,13,0,15,5,45,108,0,158,64,0,64,222
12/14/2007,PTK,MI,AGL,CE,Towers with Radar,9,52,104,0,165,0,7,105,0,112,9,59,209,0,277,214,0,214,491
12/15/2007,PTK,MI,AGL,CE,Towers with Radar,4,26,54,0,84,0,0,43,0,43,4,26,97,0,127,200,0,200,327
12/16/2007,PTK,MI,AGL,CE,Towers with Radar,1,8,47,0,56,0,0,0,0,0,1,8,47,0,56,0,0,0,56
12/17/2007,PTK,MI,AGL,CE,Towers with Radar,6,45,100,0,151,0,0,42,0,42,6,45,142,0,193,112,0,112,305
12/18/2007,PTK,MI,AGL,CE,Towers with Radar,5,46,120,0,171,4,5,75,2,86,9,51,195,2,257,144,0,144,401
12/19/2007,PTK,MI,AGL,CE,Towers with Radar,7,48,121,0,176,0,0,82,0,82,7,48,203,0,258,258,0,258,516
12/20/2007,PTK,MI,AGL,CE,Towers with Radar,8,41,117,0,166,3,11,132,0,146,11,52,249,0,312,288,0,288,600
12/21/2007,PTK,MI,AGL,CE,Towers with Radar,10,51,97,0,158,0,1,65,0,66,10,52,162,0,224,208,0,208,432
12/22/2007,PTK,MI,AGL,CE,Towers with Radar,2,26,88,0,116,0,3,112,0,115,2,29,200,0,231,308,0,308,539
12/23/2007,PTK,MI,AGL,CE,Towers with Radar,0,14,34,0,48,0,0,3,0,3,0,14,37,0,51,28,0,28,79
12/24/2007,PTK,MI,AGL,CE,Towers with Radar,0,6,9,0,15,0,0,5,0,5,0,6,14,0,20,32,0,32,52
12/25/2007,PTK,MI,AGL,CE,Towers with Radar,2,18,17,0,37,0,0,9,0,9,2,18,26,0,46,4,0,4,50
12/26/2007,PTK,MI,AGL,CE,Towers with Radar,0,30,100,0,130,5,0,134,0,139,5,30,234,0,269,336,0,336,605
12/27/2007,PTK,MI,AGL,CE,Towers with Radar,0,27,52,0,79,0,0,3,0,3,0,27,55,0,82,56,0,56,138
12/28/2007,PTK,MI,AGL,CE,Towers with Radar,1,17,45,0,63,0,1,73,0,74,1,18,118,0,137,92,0,92,229
12/29/2007,PTK,MI,AGL,CE,Towers with Radar,1,12,26,0,39,0,0,64,0,64,1,12,90,0,103,248,0,248,351
12/30/2007,PTK,MI,AGL,CE,Towers with Radar,3,11,56,0,70,0,2,81,0,83,3,13,137,0,153,260,0,260,413
12/31/2007,PTK,MI,AGL,CE,Towers with Radar,2,9,35,0,46,0,1,0,0,1,2,10,35,0,47,10,0,10,57
01/01/2008,PTK,MI,AGL,CE,Towers with Radar,2,14,38,0,54,0,0,0,0,0,2,14,38,0,54,0,0,0,54
01/02/2008,PTK,MI,AGL,CE,Towers with Radar,3,11,60,0,74,0,1,31,0,32,3,12,91,0,106,146,0,146,252
01/03/2008,PTK,MI,AGL,CE,Towers with Radar,4,30,63,0,97,0,6,104,0,110,4,36,167,0,207,108,0,108,315
01/04/2008,PTK,MI,AGL,CE,Towers with Radar,4,31,99,0,134,0,3,121,1,125,4,34,220,1,259,259,0,259,518
01/05/2008,PTK,MI,AGL,CE,Towers with Radar,4,20,60,0,84,0,0,50,0,50,4,20,110,0,134,268,0,268,402
01/06/2008,PTK,MI,AGL,CE,Towers with Radar,0,5,18,0,23,0,0,0,0,0,0,5,18,0,23,0,0,0,23
01/07/2008,PTK,MI,AGL,CE,Towers with Radar,5,37,73,0,115,2,0,31,0,33,7,37,104,0,148,60,0,60,208
01/08/2008,PTK,MI,AGL,CE,Towers with Radar,6,25,81,0,112,4,0,0,0,4,10,25,81,0,116,20,0,20,136
01/09/2008,PTK,MI,AGL,CE,Towers with Radar,5,22,99,0,126,0,6,113,3,122,5,28,212,3,248,272,0,272,520
01/10/2008,PTK,MI,AGL,CE,Towers with Radar,1,38,100,0,139,0,5,131,0,136,1,43,231,0,275,362,0,362,637
01/11/2008,PTK,MI,AGL,CE,Towers with Radar,4,27,73,0,104,0,7,56,0,63,4,34,129,0,167,104,0,104,271
01/12/2008,PTK,MI,AGL,CE,Towers with Radar,5,9,83,0,97,0,1,311,0,312,5,10,394,0,409,560,0,560,969
01/13/2008,PTK,MI,AGL,CE,Towers with Radar,3,18,49,0,70,0,0,39,0,39,3,18,88,0,109,180,0,180,289
01/14/2008,PTK,MI,AGL,CE,Towers with Radar,4,33,70,0,107,0,0,27,0,27,4,33,97,0,134,94,0,94,228
01/15/2008,PTK,MI,AGL,CE,Towers with Radar,2,36,95,0,133,0,0,27,0,27,2,36,122,0,160,48,0,48,208
01/16/2008,PTK,MI,AGL,CE,Towers with Radar,4,36,117,0,157,0,2,172,0,174,4,38,289,0,331,390,0,390,721
01/17/2008,PTK,MI,AGL,CE,Towers with Radar,2,37,125,0,164,0,2,13,0,15,2,39,138,0,179,20,0,20,199
01/18/2008,PTK,MI,AGL,CE,Towers with Radar,5,37,103,0,145,0,5,93,0,98,5,42,196,0,243,110,0,110,353
01/19/2008,PTK,MI,AGL,CE,Towers with Radar,0,12,57,0,69,0,0,48,0,48,0,12,105,0,117,202,0,202,319
01/20/2008,PTK,MI,AGL,CE,Towers with Radar,2,17,63,0,82,0,2,38,0,40,2,19,101,0,122,128,0,128,250
01/21/2008,PTK,MI,AGL,CE,Towers with Radar,2,27,78,0,107,0,0,47,0,47,2,27,125,0,154,146,0,146,300
01/22/2008,PTK,MI,AGL,CE,Towers with Radar,3,27,90,0,120,0,1,15,0,16,3,28,105,0,136,52,0,52,188
01/23/2008,PTK,MI,AGL,CE,Towers with Radar,2,36,107,0,145,0,0,27,0,27,2,36,134,0,172,56,0,56,228
01/24/2008,PTK,MI,AGL,CE,Towers with Radar,0,35,104,0,139,6,0,102,2,110,6,35,206,2,249,218,0,218,467
01/25/2008,PTK,MI,AGL,CE,Towers with Radar,5,16,112,0,133,0,2,147,0,149,5,18,259,0,282,236,0,236,518
01/26/2008,PTK,MI,AGL,CE,Towers with Radar,0,8,34,0,42,0,0,26,0,26,0,8,60,0,68,128,0,128,196
01/27/2008,PTK,MI,AGL,CE,Towers with Radar,5,22,60,0,87,0,0,39,0,39,5,22,99,0,126,250,0,250,376
01/28/2008,PTK,MI,AGL,CE,Towers with Radar,4,26,79,0,109,0,0,70,0,70,4,26,149,0,179,88,0,88,267
01/29/2008,PTK,MI,AGL,CE,Towers with Radar,6,35,82,0,123,0,1,16,0,17,6,36,98,0,140,76,0,76,216
01/30/2008,PTK,MI,AGL,CE,Towers with Radar,6,38,84,0,128,0,5,15,0,20,6,43,99,0,148,2,0,2,150
01/31/2008,PTK,MI,AGL,CE,Towers with Radar,0,41,103,0,144,0,10,138,0,148,0,51,241,0,292,256,0,256,548
02/01/2008,PTK,MI,AGL,CE,Towers with Radar,2,30,41,0,73,0,0,0,0,0,2,30,41,0,73,0,0,0,73
02/02/2008,PTK,MI,AGL,CE,Towers with Radar,2,13,40,0,55,0,0,19,0,19,2,13,59,0,74,34,0,34,108
02/03/2008,PTK,MI,AGL,CE,Towers with Radar,3,25,47,0,75,0,4,99,0,103,3,29,146,0,178,584,0,584,762
02/04/2008,PTK,MI,AGL,CE,Towers with Radar,3,24,80,0,107,0,0,0,0,0,3,24,80,0,107,0,0,0,107
02/05/2008,PTK,MI,AGL,CE,Towers with Radar,4,39,100,0,143,0,0,0,0,0,4,39,100,0,143,0,0,0,143
02/06/2008,PTK,MI,AGL,CE,Towers with Radar,3,31,78,0,112,0,0,0,0,0,3,31,78,0,112,0,0,0,112
02/07/2008,PTK,MI,AGL,CE,Towers with Radar,8,44,116,0,168,0,0,35,0,35,8,44,151,0,203,160,0,160,363
02/08/2008,PTK,MI,AGL,CE,Towers with Radar,3,26,101,0,130,0,5,28,0,33,3,31,129,0,163,104,0,104,267
02/09/2008,PTK,MI,AGL,CE,Towers with Radar,2,12,27,0,41,0,0,1,0,1,2,12,28,0,42,26,0,26,68
02/10/2008,PTK,MI,AGL,CE,Towers with Radar,6,15,49,0,70,0,0,1,0,1,6,15,50,0,71,0,0,0,71
02/11/2008,PTK,MI,AGL,CE,Towers with Radar,6,38,114,0,158,0,1,86,0,87,6,39,200,0,245,190,0,190,435
02/12/2008,PTK,MI,AGL,CE,Towers with Radar,3,36,85,0,124,0,0,18,0,18,3,36,103,0,142,94,0,94,236
02/13/2008,PTK,MI,AGL,CE,Towers with Radar,8,42,102,0,152,0,3,94,1,98,8,45,196,1,250,284,0,284,534
02/14/2008,PTK,MI,AGL,CE,Towers with Radar,3,40,101,0,144,0,4,96,2,102,3,44,197,2,246,194,0,194,440
02/15/2008,PTK,MI,AGL,CE,Towers with Radar,5,38,85,0,128,0,5,108,0,113,5,43,193,0,241,214,0,214,455
02/16/2008,PTK,MI,AGL,CE,Towers with Radar,6,15,91,0,112,0,4,362,0,366,6,19,453,0,478,522,0,522,1000
02/17/2008,PTK,MI,AGL,CE,Towers with Radar,2,15,34,0,51,0,0,4,0,4,2,15,38,0,55,50,0,50,105
02/18/2008,PTK,MI,AGL,CE,Towers with Radar,9,31,81,0,121,0,0,14,0,14,9,31,95,0,135,52,0,52,187
02/19/2008,PTK,MI,AGL,CE,Towers with Radar,13,34,102,0,149,0,3,37,0,40,13,37,139,0,189,154,0,154,343
02/20/2008,PTK,MI,AGL,CE,Towers with Radar,4,37,95,0,136,0,6,108,0,114,4,43,203,0,250,222,0,222,472
02/21/2008,PTK,MI,AGL,CE,Towers with Radar,8,22,103,3,136,0,4,147,0,151,8,26,250,3,287,216,0,216,503
02/22/2008,PTK,MI,AGL,CE,Towers with Radar,9,28,94,0,131,0,5,105,0,110,9,33,199,0,241,186,0,186,427
02/23/2008,PTK,MI,AGL,CE,Towers with Radar,9,19,84,0,112,0,3,316,0,319,9,22,400,0,431,564,0,564,995
02/24/2008,PTK,MI,AGL,CE,Towers with Radar,2,34,83,0,119,0,8,336,0,344,2,42,419,0,463,496,0,496,959
02/25/2008,PTK,MI,AGL,CE,Towers with Radar,7,29,68,0,104,0,0,12,0,12,7,29,80,0,116,66,0,66,182
02/26/2008,PTK,MI,AGL,CE,Towers with Radar,3,30,56,0,89,0,0,0,0,0,3,30,56,0,89,0,0,0,89
02/27/2008,PTK,MI,AGL,CE,Towers with Radar,5,47,89,0,141,2,6,99,0,107,7,53,188,0,248,228,0,228,476
02/28/2008,PTK,MI,AGL,CE,Towers with Radar,6,42,115,0,163,0,5,128,0,133,6,47,243,0,296,210,0,210,506
02/29/2008,PTK,MI,AGL,CE,Towers with Radar,14,30,74,0,118,0,0,6,0,6,14,30,80,0,124,14,0,14,138
03/01/2008,PTK,MI,AGL,CE,Towers with Radar,3,10,66,0,79,0,4,171,0,175,3,14,237,0,254,316,0,316,570
03/02/2008,PTK,MI,AGL,CE,Towers with Radar,2,19,89,0,110,0,0,107,0,107,2,19,196,0,217,204,0,204,421
03/03/2008,PTK,MI,AGL,CE,Towers with Radar,2,36,77,0,115,2,0,16,0,18,4,36,93,0,133,12,0,12,145
03/04/2008,PTK,MI,AGL,CE,Towers with Radar,6,29,89,0,124,0,0,59,0,59,6,29,148,0,183,194,0,194,377
03/05/2008,PTK,MI,AGL,CE,Towers with Radar,4,42,90,0,136,0,2,73,0,75,4,44,163,0,211,48,0,48,259
03/06/2008,PTK,MI,AGL,CE,Towers with Radar,5,27,112,0,144,0,5,125,0,130,5,32,237,0,274,322,0,322,596
03/07/2008,PTK,MI,AGL,CE,Towers with Radar,5,23,80,0,108,0,5,108,0,113,5,28,188,0,221,108,0,108,329
03/08/2008,PTK,MI,AGL,CE,Towers with Radar,4,10,34,0,48,0,1,18,0,19,4,11,52,0,67,52,0,52,119
03/09/2008,PTK,MI,AGL,CE,Towers with Radar,0,10,81,0,91,0,1,153,0,154,0,11,234,0,245,150,0,150,395
03/10/2008,PTK,MI,AGL,CE,Towers with Radar,1,37,74,0,112,2,11,81,0,94,3,48,155,0,206,366,0,366,572
03/11/2008,PTK,MI,AGL,CE,Towers with Radar,4,24,84,0,112,0,5,82,0,87,4,29,166,0,199,144,0,144,343
03/12/2008,PTK,MI,AGL,CE,Towers with Radar,7,50,127,0,184,1,12,160,0,173,8,62,287,0,357,316,0,316,673
03/13/2008,PTK,MI,AGL,CE,Towers with Radar,2,36,105,0,143,11,5,63,0,79,13,41,168,0,222,144,0,144,366
03/14/2008,PTK,MI,AGL,CE,Towers with Radar,4,36,116,0,156,1,3,178,0,182,5,39,294,0,338,354,0,354,692
03/15/2008,PTK,MI,AGL,CE,Towers with Radar,2,18,76,0,96,0,2,220,1,223,2,20,296,1,319,448,0,448,767
03/16/2008,PTK,MI,AGL,CE,Towers with Radar,2,22,98,0,122,0,3,184,0,187,2,25,282,0,309,290,0,290,599
03/17/2008,PTK,MI,AGL,CE,Towers with Radar,1,38,79,4,122,0,6,123,0,129,1,44,202,4,251,236,0,236,487
03/18/2008,PTK,MI,AGL,CE,Towers with Radar,1,33,97,0,131,0,0,0,0,0,1,33,97,0,131,0,0,0,131
03/19/2008,PTK,MI,AGL,CE,Towers with Radar,4,38,96,0,138,0,5,47,0,52,4,43,143,0,190,190,0,190,380
03/20/2008,PTK,MI,AGL,CE,Towers with Radar,2,12,139,0,153,4,3,148,0,155,6,15,287,0,308,116,0,116,424
03/21/2008,PTK,MI,AGL,CE,Towers with Radar,4,25,85,0,114,0,0,72,0,72,4,25,157,0,186,178,0,178,364
03/22/2008,PTK,MI,AGL,CE,Towers with Radar,2,4,60,0,66,0,0,139,1,140,2,4,199,1,206,230,0,230,436
03/23/2008,PTK,MI,AGL,CE,Towers with Radar,0,9,50,0,59,0,4,98,0,102,0,13,148,0,161,214,0,214,375
03/24/2008,PTK,MI,AGL,CE,Towers with Radar,3,21,73,2,99,0,4,156,0,160,3,25,229,2,259,396,0,396,655
03/25/2008,PTK,MI,AGL,CE,Towers with Radar,3,27,56,0,86,0,0,8,0,8,3,27,64,0,94,16,0,16,110
03/26/2008,PTK,MI,AGL,CE,Towers with Radar,1,23,84,0,108,1,7,155,1,164,2,30,239,1,272,344,0,344,616
03/27/2008,PTK,MI,AGL,CE,Towers with Radar,6,22,80,0,108,0,1,24,0,25,6,23,104,0,133,66,0,66,199
03/28/2008,PTK,MI,AGL,CE,Towers with Radar,3,35,78,0,116,2,4,92,0,98,5,39,170,0,214,282,0,282,496
03/29/2008,PTK,MI,AGL,CE,Towers with Radar,9,21,112,0,142,0,3,306,0,309,9,24,418,0,451,432,0,432,883
03/30/2008,PTK,MI,AGL,CE,Towers with Radar,2,21,83,0,106,0,0,56,0,56,2,21,139,0,162,70,0,70,232
03/31/2008,PTK,MI,AGL,CE,Towers with Radar,4,36,76,0,116,0,0,0,0,0,4,36,76,0,116,0,0,0,116
04/01/2008,PTK,MI,AGL,CE,Towers with Radar,2,42,49,0,93,0,3,14,0,17,2,45,63,0,110,4,0,4,114
04/02/2008,PTK,MI,AGL,CE,Towers with Radar,3,43,101,3,150,0,8,201,0,209,3,51,302,3,359,404,0,404,763
04/03/2008,PTK,MI,AGL,CE,Towers with Radar,8,32,114,0,154,0,5,143,2,150,8,37,257,2,304,126,0,126,430
04/04/2008,PTK,MI,AGL,CE,Towers with Radar,3,37,87,0,127,0,2,21,0,23,3,39,108,0,150,54,0,54,204
04/05/2008,PTK,MI,AGL,CE,Towers with Radar,2,10,91,0,103,2,0,266,0,268,4,10,357,0,371,420,0,420,791
04/06/2008,PTK,MI,AGL,CE,Towers with Radar,0,10,98,0,108,0,2,229,0,231,0,12,327,0,339,180,0,180,519
04/07/2008,PTK,MI,AGL,CE,Towers with Radar,1,24,103,0,128,1,14,106,1,122,2,38,209,1,250,98,0,98,348
04/08/2008,PTK,MI,AGL,CE,Towers with Radar,5,38,96,0,139,3,4,108,0,115,8,42,204,0,254,288,0,288,542
04/09/2008,PTK,MI,AGL,CE,Towers with Radar,5,43,105,1,154,0,4,31,1,36,5,47,136,2,190,32,0,32,222
04/10/2008,PTK,MI,AGL,CE,Towers with Radar,4,33,96,0,133,0,1,43,0,44,4,34,139,0,177,148,0,148,325
04/11/2008,PTK,MI,AGL,CE,Towers with Radar,3,30,88,0,121,0,2,37,0,39,3,32,125,0,160,114,0,114,274
04/12/2008,PTK,MI,AGL,CE,Towers with Radar,2,19,47,0,68,0,0,25,0,25,2,19,72,0,93,108,0,108,201
04/13/2008,PTK,MI,AGL,CE,Towers with Radar,4,25,97,0,126,0,0,38,0,38,4,25,135,0,164,78,0,78,242
04/14/2008,PTK,MI,AGL,CE,Towers with Radar,3,43,99,0,145,0,2,152,0,154,3,45,251,0,299,310,0,310,609
04/15/2008,PTK,MI,AGL,CE,Towers with Radar,4,33,114,0,151,0,12,224,0,236,4,45,338,0,387,438,0,438,825
04/16/2008,PTK,MI,AGL,CE,Towers with Radar,3,24,91,0,118,0,6,111,0,117,3,30,202,0,235,64,0,64,299
04/17/2008,PTK,MI,AGL,CE,Towers with Radar,0,26,149,0,175,2,2,233,0,237,2,28,382,0,412,378,0,378,790
04/18/2008,PTK,MI,AGL,CE,Towers with Radar,3,40,81,0,124,0,10,149,0,159,3,50,230,0,283,254,0,254,537
04/19/2008,PTK,MI,AGL,CE,Towers with Radar,1,15,70,0,86,0,10,240,0,250,1,25,310,0,336,374,0,374,710
04/20/2008,PTK,MI,AGL,CE,Towers with Radar,0,11,82,0,93,1,1,183,0,185,1,12,265,0,278,216,0,216,494
04/21/2008,PTK,MI,AGL,CE,Towers with Radar,5,30,104,0,139,4,4,114,0,122,9,34,218,0,261,176,0,176,437
04/22/2008,PTK,MI,AGL,CE,Towers with Radar,2,30,109,2,143,0,3,156,0,159,2,33,265,2,302,260,0,260,562
04/23/2008,PTK,MI,AGL,CE,Towers with Radar,2,18,122,0,142,0,10,168,0,178,2,28,290,0,320,268,0,268,588
04/24/2008,PTK,MI,AGL,CE,Towers with Radar,4,25,127,0,156,0,6,209,0,215,4,31,336,0,371,218,0,218,589
04/25/2008,PTK,MI,AGL,CE,Towers with Radar,1,26,91,0,118,0,1,70,0,71,1,27,161,0,189,88,0,88,277
04/26/2008,PTK,MI,AGL,CE,Towers with Radar,0,14,53,0,67,0,0,83,0,83,0,14,136,0,150,178,0,178,328
04/27/2008,PTK,MI,AGL,CE,Towers with Radar,0,13,99,0,112,2,3,233,0,238,2,16,332,0,350,268,0,268,618
04/28/2008,PTK,MI,AGL,CE,Towers with Radar,1,34,115,0,150,14,0,76,0,90,15,34,191,0,240,298,0,298,538
04/29/2008,PTK,MI,AGL,CE,Towers with Radar,5,34,104,0,143,0,8,118,0,126,5,42,222,0,269,216,0,216,485
04/30/2008,PTK,MI,AGL,CE,Towers with Radar,7,24,112,0,143,5,8,224,0,237,12,32,336,0,380,382,0,382,762
05/01/2008,PTK,MI,AGL,CE,Towers with Radar,2,37,131,0,170,10,7,144,0,161,12,44,275,0,331,298,0,298,629
05/02/2008,PTK,MI,AGL,CE,Towers with Radar,1,39,87,0,127,0,5,55,0,60,1,44,142,0,187,60,0,60,247
05/03/2008,PTK,MI,AGL,CE,Towers with Radar,3,20,81,0,104,0,0,99,2,101,3,20,180,2,205,244,0,244,449
05/04/2008,PTK,MI,AGL,CE,Towers with Radar,0,29,102,0,131,0,4,322,0,326,0,33,424,0,457,360,0,360,817
05/05/2008,PTK,MI,AGL,CE,Towers with Radar,5,37,116,0,158,4,5,129,0,138,9,42,245,0,296,246,0,246,542
05/06/2008,PTK,MI,AGL,CE,Towers with Radar,4,36,116,0,156,3,8,138,0,149,7,44,254,0,305,268,0,268,573
05/07/2008,PTK,MI,AGL,CE,Towers with Radar,2,31,104,0,137,9,0,20,0,29,11,31,124,0,166,40,0,40,206
05/08/2008,PTK,MI,AGL,CE,Towers with Radar,4,36,111,0,151,2,3,128,0,133,6,39,239,0,284,238,0,238,522
05/09/2008,PTK,MI,AGL,CE,Towers with Radar,2,19,98,0,119,2,5,173,0,180,4,24,271,0,299,184,0,184,483
05/10/2008,PTK,MI,AGL,CE,Towers with Radar,1,8,90,0,99,0,1,313,0,314,1,9,403,0,413,320,0,320,733
05/11/2008,PTK,MI,AGL,CE,Towers with Radar,0,6,67,0,73,0,2,33,0,35,0,8,100,0,108,66,0,66,174
05/12/2008,PTK,MI,AGL,CE,Towers with Radar,3,32,108,0,143,0,1,17,0,18,3,33,125,0,161,112,0,112,273
05/13/2008,PTK,MI,AGL,CE,Towers with Radar,1,34,112,0,147,0,6,136,0,142,1,40,248,0,289,244,0,244,533
05/14/2008,PTK,MI,AGL,CE,Towers with Radar,2,52,113,0,167,0,3,36,0,39,2,55,149,0,206,94,0,94,300
05/15/2008,PTK,MI,AGL,CE,Towers with Radar,0,39,113,0,152,4,5,227,0,236,4,44,340,0,388,388,0,388,776
05/16/2008,PTK,MI,AGL,CE,Towers with Radar,0,38,100,0,138,1,6,170,2,179,1,44,270,2,317,192,0,192,509
05/17/2008,PTK,MI,AGL,CE,Towers with Radar,1,22,55,0,78,0,3,88,0,91,1,25,143,0,169,66,0,66,235
05/18/2008,PTK,MI,AGL,CE,Towers with Radar,0,19,71,0,90,0,2,89,2,93,0,21,160,2,183,104,0,104,287
05/19/2008,PTK,MI,AGL,CE,Towers with Radar,2,30,88,0,120,0,5,89,0,94,2,35,177,0,214,114,0,114,328
05/20/2008,PTK,MI,AGL,CE,Towers with Radar,0,23,125,0,148,0,9,122,0,131,0,32,247,0,279,168,0,168,447
05/21/2008,PTK,MI,AGL,CE,Towers with Radar,2,22,98,0,122,1,4,106,0,111,3,26,204,0,233,196,0,196,429
05/22/2008,PTK,MI,AGL,CE,Towers with Radar,1,30,138,0,169,1,3,123,0,127,2,33,261,0,296,174,0,174,470
05/23/2008,PTK,MI,AGL,CE,Towers with Radar,1,26,128,4,159,0,9,228,0,237,1,35,356,4,396,336,0,336,732
05/24/2008,PTK,MI,AGL,CE,Towers with Radar,0,9,57,0,66,0,4,265,0,269,0,13,322,0,335,352,0,352,687
05/25/2008,PTK,MI,AGL,CE,Towers with Radar,0,8,63,0,71,0,0,259,0,259,0,8,322,0,330,208,0,208,538
05/26/2008,PTK,MI,AGL,CE,Towers with Radar,0,16,88,0,104,0,2,122,2,126,0,18,210,2,230,162,0,162,392
05/27/2008,PTK,MI,AGL,CE,Towers with Radar,9,28,116,0,153,0,5,111,0,116,9,33,227,0,269,168,0,168,437
05/28/2008,PTK,MI,AGL,CE,Towers with Radar,13,41,119,0,173,0,8,199,0,207,13,49,318,0,380,284,0,284,664
05/29/2008,PTK,MI,AGL,CE,Towers with Radar,6,35,125,0,166,2,8,236,0,246,8,43,361,0,412,330,0,330,742
05/30/2008,PTK,MI,AGL,CE,Towers with Radar,3,32,92,0,127,0,6,85,0,91,3,38,177,0,218,162,0,162,380
05/31/2008,PTK,MI,AGL,CE,Towers with Radar,0,0,0,0,0,2,11,79,0,92,2,11,79,0,92,199,0,199,291
06/01/2008,PTK,MI,AGL,CE,Towers with Radar,1,18,94,0,113,0,1,164,0,165,1,19,258,0,278,186,0,186,464
06/02/2008,PTK,MI,AGL,CE,Towers with Radar,7,47,107,0,161,0,8,174,0,182,7,55,281,0,343,234,0,234,577
06/03/2008,PTK,MI,AGL,CE,Towers with Radar,10,31,87,0,128,0,3,58,0,61,10,34,145,0,189,178,0,178,367
06/04/2008,PTK,MI,AGL,CE,Towers with Radar,7,59,116,0,182,0,0,0,0,0,7,59,116,0,182,0,0,0,182
06/05/2008,PTK,MI,AGL,CE,Towers with Radar,7,45,123,0,175,0,7,93,2,102,7,52,216,2,277,256,0,256,533
06/06/2008,PTK,MI,AGL,CE,Towers with Radar,6,30,95,0,131,0,6,130,0,136,6,36,225,0,267,142,0,142,409
06/07/2008,PTK,MI,AGL,CE,Towers with Radar,2,10,73,1,86,0,0,174,0,174,2,10,247,1,260,352,0,352,612
06/08/2008,PTK,MI,AGL,CE,Towers with Radar,1,4,75,0,80,2,1,142,0,145,3,5,217,0,225,94,0,94,319
06/09/2008,PTK,MI,AGL,CE,Towers with Radar,7,41,65,0,113,0,1,77,0,78,7,42,142,0,191,132,0,132,323
06/10/2008,PTK,MI,AGL,CE,Towers with Radar,1,34,100,0,135,0,1,79,0,80,1,35,179,0,215,178,0,178,393
06/11/2008,PTK,MI,AGL,CE,Towers with Radar,6,37,122,0,165,0,13,220,4,237,6,50,342,4,402,406,0,406,808
06/12/2008,PTK,MI,AGL,CE,Towers with Radar,8,23,137,0,168,0,14,200,0,214,8,37,337,0,382,212,0,212,594
06/13/2008,PTK,MI,AGL,CE,Towers with Radar,8,32,77,0,117,0,12,74,0,86,8,44,151,0,203,72,0,72,275
06/14/2008,PTK,MI,AGL,CE,Towers with Radar,0,22,90,0,112,0,6,289,0,295,0,28,379,0,407,380,0,380,787
06/15/2008,PTK,MI,AGL,CE,Towers with Radar,0,18,91,0,109,0,4,193,0,197,0,22,284,0,306,180,0,180,486
06/16/2008,PTK,MI,AGL,CE,Towers with Radar,4,24,100,0,128,1,0,136,6,143,5,24,236,6,271,220,0,220,491
06/17/2008,PTK,MI,AGL,CE,Towers with Radar,4,26,125,0,155,0,8,130,0,138,4,34,255,0,293,352,0,352,645
06/18/2008,PTK,MI,AGL,CE,Towers with Radar,5,32,105,0,142,1,8,198,1,208,6,40,303,1,350,422,0,422,772
06/19/2008,PTK,MI,AGL,CE,Towers with Radar,3,38,119,0,160,0,7,193,0,200,3,45,312,0,360,418,0,418,778
06/20/2008,PTK,MI,AGL,CE,Towers with Radar,6,27,118,0,151,3,1,249,2,255,9,28,367,2,406,434,0,434,840
06/21/2008,PTK,MI,AGL,CE,Towers with Radar,0,19,68,0,87,0,0,209,0,209,0,19,277,0,296,296,0,296,592
06/22/2008,PTK,MI,AGL,CE,Towers with Radar,1,11,92,0,104,0,4,247,0,251,1,15,339,0,355,350,0,350,705
06/23/2008,PTK,MI,AGL,CE,Towers with Radar,2,35,77,0,114,2,0,114,0,116,4,35,191,0,230,142,0,142,372
06/24/2008,PTK,MI,AGL,CE,Towers with Radar,5,40,129,0,174,0,2,228,0,230,5,42,357,0,404,358,0,358,762
06/25/2008,PTK,MI,AGL,CE,Towers with Radar,6,38,120,0,164,0,3,82,0,85,6,41,202,0,249,116,0,116,365
06/26/2008,PTK,MI,AGL,CE,Towers with Radar,8,51,119,0,178,0,7,133,0,140,8,58,252,0,318,302,0,302,620
06/27/2008,PTK,MI,AGL,CE,Towers with Radar,4,38,91,0,133,4,5,169,0,178,8,43,260,0,311,300,0,300,611
06/28/2008,PTK,MI,AGL,CE,Towers with Radar,1,14,61,0,76,0,2,49,0,51,1,16,110,0,127,40,0,40,167
06/29/2008,PTK,MI,AGL,CE,Towers with Radar,0,20,113,0,133,0,0,165,0,165,0,20,278,0,298,298,0,298,596
06/30/2008,PTK,MI,AGL,CE,Towers with Radar,4,33,103,0,140,0,6,122,0,128,4,39,225,0,268,148,0,148,416
07/01/2008,PTK,MI,AGL,CE,Towers with Radar,1,36,104,0,141,0,4,254,0,258,1,40,358,0,399,378,0,378,777
07/02/2008,PTK,MI,AGL,CE,Towers with Radar,2,28,92,0,122,0,7,145,0,152,2,35,237,0,274,294,0,294,568
07/03/2008,PTK,MI,AGL,CE,Towers with Radar,4,16,114,0,134,4,7,149,0,160,8,23,263,0,294,230,0,230,524
07/04/2008,PTK,MI,AGL,CE,Towers with Radar,0,8,41,0,49,0,0,156,0,156,0,8,197,0,205,210,0,210,415
07/05/2008,PTK,MI,AGL,CE,Towers with Radar,0,5,50,0,55,0,0,204,0,204,0,5,254,0,259,152,0,152,411
07/06/2008,PTK,MI,AGL,CE,Towers with Radar,0,12,103,0,115,2,0,237,0,239,2,12,340,0,354,178,0,178,532
07/07/2008,PTK,MI,AGL,CE,Towers with Radar,1,21,66,0,88,0,5,101,0,106,1,26,167,0,194,56,0,56,250
07/08/2008,PTK,MI,AGL,CE,Towers with Radar,3,36,84,0,123,0,2,90,0,92,3,38,174,0,215,234,0,234,449
07/09/2008,PTK,MI,AGL,CE,Towers with Radar,4,17,99,0,120,0,3,178,0,181,4,20,277,0,301,278,0,278,579
07/10/2008,PTK,MI,AGL,CE,Towers with Radar,2,21,101,4,128,0,5,228,1,234,2,26,329,5,362,402,0,402,764
07/11/2008,PTK,MI,AGL,CE,Towers with Radar,0,14,127,0,141,0,6,193,0,199,0,20,320,0,340,430,0,430,770
07/12/2008,PTK,MI,AGL,CE,Towers with Radar,0,15,62,0,77,0,0,90,0,90,0,15,152,0,167,148,0,148,315
07/13/2008,PTK,MI,AGL,CE,Towers with Radar,0,17,119,1,137,0,0,189,0,189,0,17,308,1,326,106,0,106,432
07/14/2008,PTK,MI,AGL,CE,Towers with Radar,0,22,113,0,135,0,6,163,0,169,0,28,276,0,304,256,0,256,560
07/15/2008,PTK,MI,AGL,CE,Towers with Radar,0,29,126,0,155,0,3,172,0,175,0,32,298,0,330,270,0,270,600
07/16/2008,PTK,MI,AGL,CE,Towers with Radar,0,29,97,2,128,0,6,219,0,225,0,35,316,2,353,288,0,288,641
07/17/2008,PTK,MI,AGL,CE,Towers with Radar,0,39,104,0,143,0,10,154,3,167,0,49,258,3,310,246,0,246,556
07/18/2008,PTK,MI,AGL,CE,Towers with Radar,0,24,93,0,117,0,6,182,0,188,0,30,275,0,305,330,0,330,635
07/19/2008,PTK,MI,AGL,CE,Towers with Radar,0,8,51,0,59,0,1,178,0,179,0,9,229,0,238,292,0,292,530
07/20/2008,PTK,MI,AGL,CE,Towers with Radar,0,29,82,0,111,0,0,88,0,88,0,29,170,0,199,128,0,128,327
07/21/2008,PTK,MI,AGL,CE,Towers with Radar,2,24,85,0,111,0,6,100,0,106,2,30,185,0,217,176,0,176,393
07/22/2008,PTK,MI,AGL,CE,Towers with Radar,0,35,101,0,136,0,4,103,0,107,0,39,204,0,243,224,0,224,467
07/23/2008,PTK,MI,AGL,CE,Towers with Radar,2,34,113,0,149,0,12,224,0,236,2,46,337,0,385,180,0,180,565
07/24/2008,PTK,MI,AGL,CE,Towers with Radar,4,32,125,0,161,0,3,198,0,201,4,35,323,0,362,202,0,202,564
07/25/2008,PTK,MI,AGL,CE,Towers with Radar,0,16,141,0,157,0,5,217,0,222,0,21,358,0,379,158,0,158,537
07/26/2008,PTK,MI,AGL,CE,Towers with Radar,0,13,84,0,97,0,0,156,0,156,0,13,240,0,253,250,0,250,503
07/27/2008,PTK,MI,AGL,CE,Towers with Radar,0,27,114,0,141,0,5,247,0,252,0,32,361,0,393,224,0,224,617
07/28/2008,PTK,MI,AGL,CE,Towers with Radar,0,26,146,0,172,0,2,130,0,132,0,28,276,0,304,168,0,168,472
07/29/2008,PTK,MI,AGL,CE,Towers with Radar,1,24,130,0,155,0,10,163,0,173,1,34,293,0,328,242,0,242,570
07/30/2008,PTK,MI,AGL,CE,Towers with Radar,3,23,102,1,129,0,3,136,0,139,3,26,238,1,268,280,0,280,548
07/31/2008,PTK,MI,AGL,CE,Towers with Radar,5,36,128,0,169,0,5,266,0,271,5,41,394,0,440,242,0,242,682
08/01/2008,PTK,MI,AGL,CE,Towers with Radar,11,36,99,0,146,0,8,209,0,217,11,44,308,0,363,250,0,250,613
08/02/2008,PTK,MI,AGL,CE,Towers with Radar,4,15,67,0,86,0,3,178,0,181,4,18,245,0,267,176,0,176,443
08/03/2008,PTK,MI,AGL,CE,Towers with Radar,0,17,89,0,106,0,5,236,0,241,0,22,325,0,347,274,0,274,621
08/04/2008,PTK,MI,AGL,CE,Towers with Radar,0,39,111,0,150,0,4,100,0,104,0,43,211,0,254,80,0,80,334
08/05/2008,PTK,MI,AGL,CE,Towers with Radar,0,39,122,0,161,0,7,119,0,126,0,46,241,0,287,168,0,168,455
08/06/2008,PTK,MI,AGL,CE,Towers with Radar,7,34,118,0,159,2,4,204,0,210,9,38,322,0,369,302,0,302,671
08/07/2008,PTK,MI,AGL,CE,Towers with Radar,4,41,116,0,161,0,2,117,0,119,4,43,233,0,280,226,0,226,506
08/08/2008,PTK,MI,AGL,CE,Towers with Radar,1,23,100,0,124,0,4,176,0,180,1,27,276,0,304,264,0,264,568
08/09/2008,PTK,MI,AGL,CE,Towers with Radar,0,15,66,0,81,0,0,150,3,153,0,15,216,3,234,164,0,164,398
08/10/2008,PTK,MI,AGL,CE,Towers with Radar,1,31,114,0,146,0,0,112,0,112,1,31,226,0,258,152,0,152,410
08/11/2008,PTK,MI,AGL,CE,Towers with Radar,2,32,105,0,139,3,3,103,0,109,5,35,208,0,248,206,0,206,454
08/12/2008,PTK,MI,AGL,CE,Towers with Radar,0,20,103,1,124,0,1,158,0,159,0,21,261,1,283,314,0,314,597
08/13/2008,PTK,MI,AGL,CE,Towers with Radar,1,31,75,0,107,0,6,139,0,145,1,37,214,0,252,354,0,354,606
08/14/2008,PTK,MI,AGL,CE,Towers with Radar,1,19,133,0,153,3,4,158,0,165,4,23,291,0,318,198,0,198,516
08/15/2008,PTK,MI,AGL,CE,Towers with Radar,2,25,103,2,132,0,10,215,0,225,2,35,318,2,357,370,0,370,727
08/16/2008,PTK,MI,AGL,CE,Towers with Radar,0,17,80,0,97,0,0,305,0,305,0,17,385,0,402,412,0,412,814
08/17/2008,PTK,MI,AGL,CE,Towers with Radar,0,15,108,0,123,0,3,436,24,463,0,18,544,24,586,676,0,676,1262
08/18/2008,PTK,MI,AGL,CE,Towers with Radar,0,20,100,0,120,0,0,125,0,125,0,20,225,0,245,192,0,192,437
08/19/2008,PTK,MI,AGL,CE,Towers with Radar,4,34,101,0,139,0,2,170,0,172,4,36,271,0,311,436,0,436,747
08/20/2008,PTK,MI,AGL,CE,Towers with Radar,1,14,115,0,130,0,5,223,0,228,1,19,338,0,358,394,0,394,752
08/21/2008,PTK,MI,AGL,CE,Towers with Radar,0,22,153,0,175,0,4,178,0,182,0,26,331,0,357,412,0,412,769
08/22/2008,PTK,MI,AGL,CE,Towers with Radar,0,41,101,0,142,0,0,96,0,96,0,41,197,0,238,212,0,212,450
08/23/2008,PTK,MI,AGL,CE,Towers with Radar,2,16,58,0,76,0,0,121,0,121,2,16,179,0,197,356,0,356,553
08/24/2008,PTK,MI,AGL,CE,Towers with Radar,0,11,90,0,101,0,0,164,0,164,0,11,254,0,265,228,0,228,493
08/25/2008,PTK,MI,AGL,CE,Towers with Radar,1,29,114,0,144,0,4,134,0,138,1,33,248,0,282,188,0,188,470
08/26/2008,PTK,MI,AGL,CE,Towers with Radar,1,25,146,0,172,0,17,214,0,231,1,42,360,0,403,0,428,428,831
08/27/2008,PTK,MI,AGL,CE,Towers with Radar,0,25,89,1,115,0,6,212,0,218,0,31,301,1,333,264,0,264,597
08/28/2008,PTK,MI,AGL,CE,Towers with Radar,3,22,122,0,147,0,1,44,0,45,3,23,166,0,192,142,0,142,334
08/29/2008,PTK,MI,AGL,CE,Towers with Radar,1,20,122,0,143,0,0,121,0,121,1,20,243,0,264,228,0,228,492
08/30/2008,PTK,MI,AGL,CE,Towers with Radar,1,14,91,0,106,0,1,258,0,259,1,15,349,0,365,386,0,386,751
08/31/2008,PTK,MI,AGL,CE,Towers with Radar,0,13,55,0,68,0,0,137,0,137,0,13,192,0,205,294,0,294,499
09/01/2008,PTK,MI,AGL,CE,Towers with Radar,2,12,90,0,104,0,0,252,0,252,2,12,342,0,356,274,0,274,630
09/02/2008,PTK,MI,AGL,CE,Towers with Radar,1,21,94,0,116,0,1,181,0,182,1,22,275,0,298,344,0,344,642
09/03/2008,PTK,MI,AGL,CE,Towers with Radar,0,17,74,0,91,0,2,78,0,80,0,19,152,0,171,166,0,166,337
09/04/2008,PTK,MI,AGL,CE,Towers with Radar,2,29,107,0,138,0,1,114,0,115,2,30,221,0,253,166,0,166,419
09/05/2008,PTK,MI,AGL,CE,Towers with Radar,3,26,103,0,132,0,1,40,0,41,3,27,143,0,173,46,0,46,219
09/06/2008,PTK,MI,AGL,CE,Towers with Radar,1,9,76,0,86,0,2,259,0,261,1,11,335,0,347,454,0,454,801
09/07/2008,PTK,MI,AGL,CE,Towers with Radar,1,16,63,0,80,0,2,113,0,115,1,18,176,0,195,260,0,260,455
09/08/2008,PTK,MI,AGL,CE,Towers with Radar,7,34,73,0,114,0,4,65,0,69,7,38,138,0,183,126,0,126,309
09/09/2008,PTK,MI,AGL,CE,Towers with Radar,2,34,92,0,128,0,3,146,0,149,2,37,238,0,277,302,0,302,579
09/10/2008,PTK,MI,AGL,CE,Towers with Radar,0,25,133,0,158,0,3,163,0,166,0,28,296,0,324,326,0,326,650
09/11/2008,PTK,MI,AGL,CE,Towers with Radar,0,25,84,0,109,0,1,185,0,186,0,26,269,0,295,346,0,346,641
09/12/2008,PTK,MI,AGL,CE,Towers with Radar,2,33,105,0,140,0,0,0,0,0,2,33,105,0,140,0,0,0,140
09/13/2008,PTK,MI,AGL,CE,Towers with Radar,1,17,53,0,71,0,0,0,0,0,1,17,53,0,71,0,0,0,71
09/14/2008,PTK,MI,AGL,CE,Towers with Radar,0,13,68,0,81,0,0,26,0,26,0,13,94,0,107,104,0,104,211
09/15/2008,PTK,MI,AGL,CE,Towers with Radar,0,36,106,0,142,0,3,79,0,82,0,39,185,0,224,122,0,122,346
09/16/2008,PTK,MI,AGL,CE,Towers with Radar,2,24,107,0,133,0,6,184,0,190,2,30,291,0,323,464,0,464,787
09/17/2008,PTK,MI,AGL,CE,Towers with Radar,4,34,120,0,158,0,1,190,5,196,4,35,310,5,354,294,0,294,648
09/18/2008,PTK,MI,AGL,CE,Towers with Radar,7,35,124,0,166,0,11,230,0,241,7,46,354,0,407,340,0,340,747
09/19/2008,PTK,MI,AGL,CE,Towers with Radar,0,37,113,0,150,194,5,0,0,199,194,42,113,0,349,456,0,456,805
09/20/2008,PTK,MI,AGL,CE,Towers with Radar,0,5,71,0,76,0,4,303,0,307,0,9,374,0,383,312,0,312,695
09/21/2008,PTK,MI,AGL,CE,Towers with Radar,0,16,108,0,124,0,3,135,0,138,0,19,243,0,262,268,0,268,530
09/22/2008,PTK,MI,AGL,CE,Towers with Radar,0,31,94,0,125,0,2,143,0,145,0,33,237,0,270,130,0,130,400
09/23/2008,PTK,MI,AGL,CE,Towers with Radar,3,31,87,0,121,0,1,128,0,129,3,32,215,0,250,252,0,252,502
09/24/2008,PTK,MI,AGL,CE,Towers with Radar,2,41,98,0,141,1,10,176,0,187,3,51,274,0,328,346,0,346,674
09/25/2008,PTK,MI,AGL,CE,Towers with Radar,3,44,86,0,133,2,4,146,0,152,5,48,232,0,285,130,0,130,415
09/26/2008,PTK,MI,AGL,CE,Towers with Radar,2,30,109,0,141,6,2,188,0,196,8,32,297,0,337,288,0,288,625
09/27/2008,PTK,MI,AGL,CE,Towers with Radar,0,18,84,0,102,0,0,173,0,173,0,18,257,0,275,362,0,362,637
09/28/2008,PTK,MI,AGL,CE,Towers with Radar,0,10,83,0,93,0,1,118,0,119,0,11,201,0,212,208,0,208,420
09/29/2008,PTK,MI,AGL,CE,Towers with Radar,0,30,81,0,111,0,0,86,0,86,0,30,167,0,197,256,0,256,453
09/30/2008,PTK,MI,AGL,CE,Towers with Radar,0,18,91,0,109,0,4,92,0,96,0,22,183,0,205,222,0,222,427
10/01/2008,PTK,MI,AGL,CE,Towers with Radar,1,32,97,0,130,0,2,60,2,64,1,34,157,2,194,170,0,170,364
10/02/2008,PTK,MI,AGL,CE,Towers with Radar,0,34,98,0,132,0,3,92,0,95,0,37,190,0,227,244,0,244,471
10/03/2008,PTK,MI,AGL,CE,Towers with Radar,0,35,81,0,116,0,6,197,0,203,0,41,278,0,319,278,0,278,597
10/04/2008,PTK,MI,AGL,CE,Towers with Radar,0,12,62,0,74,0,3,292,0,295,0,15,354,0,369,348,0,348,717
10/05/2008,PTK,MI,AGL,CE,Towers with Radar,0,15,72,0,87,0,3,221,0,224,0,18,293,0,311,334,0,334,645
10/06/2008,PTK,MI,AGL,CE,Towers with Radar,0,23,77,0,100,2,3,132,0,137,2,26,209,0,237,246,0,246,483
10/07/2008,PTK,MI,AGL,CE,Towers with Radar,1,14,92,0,107,8,4,174,0,186,9,18,266,0,293,300,0,300,593
10/08/2008,PTK,MI,AGL,CE,Towers with Radar,4,33,86,0,123,0,0,6,0,6,4,33,92,0,129,6,0,6,135
10/09/2008,PTK,MI,AGL,CE,Towers with Radar,1,30,88,0,119,1,1,179,0,181,2,31,267,0,300,334,0,334,634
10/10/2008,PTK,MI,AGL,CE,Towers with Radar,0,36,109,0,145,1,7,232,0,240,1,43,341,0,385,346,0,346,731
10/11/2008,PTK,MI,AGL,CE,Towers with Radar,0,8,71,0,79,7,0,246,0,253,7,8,317,0,332,318,0,318,650
10/12/2008,PTK,MI,AGL,CE,Towers with Radar,0,13,99,0,112,0,5,197,0,202,0,18,296,0,314,178,0,178,492
10/13/2008,PTK,MI,AGL,CE,Towers with Radar,0,31,93,0,124,0,0,161,0,161,0,31,254,0,285,254,0,254,539
10/14/2008,PTK,MI,AGL,CE,Towers with Radar,0,33,73,0,106,0,3,131,0,134,0,36,204,0,240,232,0,232,472
10/15/2008,PTK,MI,AGL,CE,Towers with Radar,3,30,93,0,126,0,2,77,0,79,3,32,170,0,205,184,0,184,389
10/16/2008,PTK,MI,AGL,CE,Towers with Radar,3,30,108,0,141,0,13,149,0,162,3,43,257,0,303,354,0,354,657
10/17/2008,PTK,MI,AGL,CE,Towers with Radar,1,33,115,0,149,0,9,206,0,215,1,42,321,0,364,280,0,280,644
10/18/2008,PTK,MI,AGL,CE,Towers with Radar,1,12,70,0,83,0,3,292,0,295,1,15,362,0,378,358,0,358,736
10/19/2008,PTK,MI,AGL,CE,Towers with Radar,0,18,89,0,107,0,3,211,0,214,0,21,300,0,321,264,0,264,585
10/20/2008,PTK,MI,AGL,CE,Towers with Radar,0,25,90,0,115,0,2,95,0,97,0,27,185,0,212,196,0,196,408
10/21/2008,PTK,MI,AGL,CE,Towers with Radar,3,27,76,0,106,0,0,101,0,101,3,27,177,0,207,84,0,84,291
10/22/2008,PTK,MI,AGL,CE,Towers with Radar,5,35,91,0,131,9,9,209,0,227,14,44,300,0,358,434,0,434,792
10/23/2008,PTK,MI,AGL,CE,Towers with Radar,3,27,101,0,131,0,6,132,0,138,3,33,233,0,269,254,0,254,523
10/24/2008,PTK,MI,AGL,CE,Towers with Radar,0,29,94,0,123,0,4,84,0,88,0,33,178,0,211,196,0,196,407
10/25/2008,PTK,MI,AGL,CE,Towers with Radar,2,7,59,0,68,0,6,92,0,98,2,13,151,0,166,196,0,196,362
10/26/2008,PTK,MI,AGL,CE,Towers with Radar,1,12,54,0,67,0,2,44,0,46,1,14,98,0,113,96,0,96,209
10/27/2008,PTK,MI,AGL,CE,Towers with Radar,5,31,75,0,111,0,0,32,0,32,5,31,107,0,143,64,0,64,207
10/28/2008,PTK,MI,AGL,CE,Towers with Radar,6,26,87,0,119,0,8,58,0,66,6,34,145,0,185,116,0,116,301
10/29/2008,PTK,MI,AGL,CE,Towers with Radar,3,46,74,0,123,1,1,93,0,95,4,47,167,0,218,124,0,124,342
10/30/2008,PTK,MI,AGL,CE,Towers with Radar,4,34,94,0,132,0,3,200,0,203,4,37,294,0,335,264,0,264,599
10/31/2008,PTK,MI,AGL,CE,Towers with Radar,5,30,77,0,112,4,20,172,0,196,9,50,249,0,308,220,0,220,528
11/01/2008,PTK,MI,AGL,CE,Towers with Radar,2,12,66,0,80,0,1,258,0,259,2,13,324,0,339,176,0,176,515
11/02/2008,PTK,MI,AGL,CE,Towers with Radar,0,18,80,0,98,1,2,138,0,141,1,20,218,0,239,322,0,322,561
11/03/2008,PTK,MI,AGL,CE,Towers with Radar,0,24,57,0,81,0,0,91,0,91,0,24,148,0,172,274,0,274,446
11/04/2008,PTK,MI,AGL,CE,Towers with Radar,4,17,81,0,102,0,7,131,0,138,4,24,212,0,240,264,0,264,504
11/05/2008,PTK,MI,AGL,CE,Towers with Radar,0,37,77,2,116,0,1,28,1,30,0,38,105,3,146,0,0,0,146
11/06/2008,PTK,MI,AGL,CE,Towers with Radar,0,38,91,0,129,0,7,193,0,200,0,45,284,0,329,376,0,376,705
11/07/2008,PTK,MI,AGL,CE,Towers with Radar,2,26,80,0,108,0,4,120,0,124,2,30,200,0,232,214,0,214,446
11/08/2008,PTK,MI,AGL,CE,Towers with Radar,1,10,28,0,39,0,2,70,0,72,1,12,98,0,111,208,0,208,319
11/09/2008,PTK,MI,AGL,CE,Towers with Radar,4,9,42,0,55,0,0,23,0,23,4,9,65,0,78,116,0,116,194
11/10/2008,PTK,MI,AGL,CE,Towers with Radar,0,19,66,0,85,0,0,63,0,63,0,19,129,0,148,170,0,170,318
11/11/2008,PTK,MI,AGL,CE,Towers with Radar,3,22,86,0,111,0,2,101,0,103,3,24,187,0,214,284,0,284,498
11/12/2008,PTK,MI,AGL,CE,Towers with Radar,0,36,85,0,121,0,2,12,0,14,0,38,97,0,135,0,0,0,135
11/13/2008,PTK,MI,AGL,CE,Towers with Radar,0,34,92,0,126,0,6,112,0,118,0,40,204,0,244,170,0,170,414
11/14/2008,PTK,MI,AGL,CE,Towers with Radar,1,27,72,0,100,1,0,44,0,45,2,27,116,0,145,128,0,128,273
11/15/2008,PTK,MI,AGL,CE,Towers with Radar,0,3,22,0,25,0,0,1,0,1,0,3,23,0,26,0,0,0,26
11/16/2008,PTK,MI,AGL,CE,Towers with Radar,0,16,60,0,76,0,3,9,0,12,0,19,69,0,88,22,0,22,110
11/17/2008,PTK,MI,AGL,CE,Towers with Radar,1,20,76,0,97,0,1,41,0,42,1,21,117,0,139,98,0,98,237
11/18/2008,PTK,MI,AGL,CE,Towers with Radar,2,18,107,0,127,0,1,102,0,103,2,19,209,0,230,136,0,136,366
11/19/2008,PTK,MI,AGL,CE,Towers with Radar,3,28,99,0,130,0,7,1,0,8,3,35,100,0,138,112,0,112,250
11/20/2008,PTK,MI,AGL,CE,Towers with Radar,6,27,94,0,127,0,3,56,2,61,6,30,150,2,188,128,0,128,316
11/21/2008,PTK,MI,AGL,CE,Towers with Radar,4,26,67,3,100,0,0,73,0,73,4,26,140,3,173,196,0,196,369
11/22/2008,PTK,MI,AGL,CE,Towers with Radar,2,15,98,0,115,0,0,249,0,249,2,15,347,0,364,356,0,356,720
11/23/2008,PTK,MI,AGL,CE,Towers with Radar,0,20,57,0,77,0,1,192,0,193,0,21,249,0,270,292,0,292,562
11/24/2008,PTK,MI,AGL,CE,Towers with Radar,0,22,55,0,77,0,0,6,0,6,0,22,61,0,83,6,0,6,89
11/25/2008,PTK,MI,AGL,CE,Towers with Radar,0,29,58,0,87,0,0,21,0,21,0,29,79,0,108,134,0,134,242
11/26/2008,PTK,MI,AGL,CE,Towers with Radar,0,26,79,0,105,0,1,117,0,118,0,27,196,0,223,212,0,212,435
11/27/2008,PTK,MI,AGL,CE,Towers with Radar,0,11,31,0,42,0,0,0,0,0,0,11,31,0,42,92,0,92,134
11/28/2008,PTK,MI,AGL,CE,Towers with Radar,2,14,31,0,47,0,6,114,0,120,2,20,145,0,167,150,0,150,317
11/29/2008,PTK,MI,AGL,CE,Towers with Radar,2,17,80,0,99,0,0,253,0,253,2,17,333,0,352,248,0,248,600
11/30/2008,PTK,MI,AGL,CE,Towers with Radar,2,24,68,0,94,0,0,34,0,34,2,24,102,0,128,46,0,46,174
12/01/2008,PTK,MI,AGL,CE,Towers with Radar,1,37,53,0,91,0,0,0,0,0,1,37,53,0,91,0,0,0,91
12/02/2008,PTK,MI,AGL,CE,Towers with Radar,1,26,81,0,108,0,5,37,0,42,1,31,118,0,150,212,0,212,362
12/03/2008,PTK,MI,AGL,CE,Towers with Radar,0,21,69,0,90,1,3,75,0,79,1,24,144,0,169,160,0,160,329
12/04/2008,PTK,MI,AGL,CE,Towers with Radar,1,22,78,0,101,0,5,31,0,36,1,27,109,0,137,156,0,156,293
12/05/2008,PTK,MI,AGL,CE,Towers with Radar,8,26,75,0,109,0,3,59,0,62,8,29,134,0,171,153,0,153,324
12/06/2008,PTK,MI,AGL,CE,Towers with Radar,0,14,80,0,94,0,0,1,0,1,0,14,81,0,95,0,0,0,95
12/07/2008,PTK,MI,AGL,CE,Towers with Radar,0,12,63,0,75,0,3,136,0,139,0,15,199,0,214,252,0,252,466
12/08/2008,PTK,MI,AGL,CE,Towers with Radar,0,32,72,0,104,0,5,94,0,99,0,37,166,0,203,106,0,106,309
12/09/2008,PTK,MI,AGL,CE,Towers with Radar,2,21,57,0,80,0,0,0,0,0,2,21,57,0,80,0,0,0,80
12/10/2008,PTK,MI,AGL,CE,Towers with Radar,2,27,60,0,89,0,1,49,0,50,2,28,109,0,139,116,0,116,255
12/11/2008,PTK,MI,AGL,CE,Towers with Radar,0,30,86,0,116,0,10,77,0,87,0,40,163,0,203,180,0,180,383
12/12/2008,PTK,MI,AGL,CE,Towers with Radar,4,14,95,0,113,0,0,29,0,29,4,14,124,0,142,146,0,146,288
12/13/2008,PTK,MI,AGL,CE,Towers with Radar,0,15,36,0,51,0,0,79,0,79,0,15,115,0,130,80,0,80,210
12/14/2008,PTK,MI,AGL,CE,Towers with Radar,1,9,33,0,43,0,0,6,0,6,1,9,39,0,49,34,0,34,83
12/15/2008,PTK,MI,AGL,CE,Towers with Radar,3,26,39,0,68,0,0,11,0,11,3,26,50,0,79,28,0,28,107
12/16/2008,PTK,MI,AGL,CE,Towers with Radar,3,24,82,0,109,0,2,115,0,117,3,26,197,0,226,190,0,190,416
12/17/2008,PTK,MI,AGL,CE,Towers with Radar,5,43,79,0,127,0,0,3,0,3,5,43,82,0,130,0,0,0,130
12/18/2008,PTK,MI,AGL,CE,Towers with Radar,6,38,105,0,149,0,2,80,0,82,6,40,185,0,231,148,0,148,379
12/19/2008,PTK,MI,AGL,CE,Towers with Radar,2,26,37,0,65,0,1,0,0,1,2,27,37,0,66,0,0,0,66
12/20/2008,PTK,MI,AGL,CE,Towers with Radar,1,14,66,0,81,0,0,39,0,39,1,14,105,0,120,198,0,198,318
12/21/2008,PTK,MI,AGL,CE,Towers with Radar,0,4,36,0,40,0,0,2,0,2,0,4,38,0,42,0,0,0,42
12/22/2008,PTK,MI,AGL,CE,Towers with Radar,2,28,41,0,71,0,5,19,0,24,2,33,60,0,95,8,0,8,103
12/23/2008,PTK,MI,AGL,CE,Towers with Radar,2,25,22,0,49,0,0,6,0,6,2,25,28,0,55,10,0,10,65
12/24/2008,PTK,MI,AGL,CE,Towers with Radar,1,14,17,0,32,0,0,0,0,0,1,14,17,0,32,0,0,0,32
12/25/2008,PTK,MI,AGL,CE,Towers with Radar,2,7,21,0,30,0,0,29,0,29,2,7,50,0,59,10,0,10,69
12/26/2008,PTK,MI,AGL,CE,Towers with Radar,2,22,53,0,77,0,0,8,0,8,2,22,61,0,85,0,0,0,85
12/27/2008,PTK,MI,AGL,CE,Towers with Radar,0,9,24,0,33,0,0,0,0,0,0,9,24,0,33,0,0,0,33
12/28/2008,PTK,MI,AGL,CE,Towers with Radar,0,11,32,0,43,0,0,14,0,14,0,11,46,0,57,38,0,38,95
12/29/2008,PTK,MI,AGL,CE,Towers with Radar,1,10,43,0,54,0,1,158,0,159,1,11,201,0,213,128,0,128,341
12/30/2008,PTK,MI,AGL,CE,Towers with Radar,1,10,57,0,68,0,1,158,0,159,1,11,215,0,227,414,0,414,641
12/31/2008,PTK,MI,AGL,CE,Towers with Radar,1,6,30,0,37,1,5,33,0,39,2,11,63,0,76,44,0,44,120
01/01/2009,PTK,MI,AGL,CE,Towers with Radar,1,4,25,0,30,0,4,85,0,89,1,8,110,0,119,126,0,126,245
01/02/2009,PTK,MI,AGL,CE,Towers with Radar,1,8,44,0,53,0,2,46,0,48,1,10,90,0,101,92,0,92,193
01/03/2009,PTK,MI,AGL,CE,Towers with Radar,0,17,100,0,117,0,0,317,0,317,0,17,417,0,434,448,0,448,882
01/04/2009,PTK,MI,AGL,CE,Towers with Radar,0,23,53,0,76,0,0,5,0,5,0,23,58,0,81,0,0,0,81
01/05/2009,PTK,MI,AGL,CE,Towers with Radar,0,10,66,0,76,0,0,168,0,168,0,10,234,0,244,340,0,340,584
01/06/2009,PTK,MI,AGL,CE,Towers with Radar,0,29,29,0,58,0,1,63,0,64,0,30,92,0,122,188,0,188,310
01/07/2009,PTK,MI,AGL,CE,Towers with Radar,0,20,68,0,88,0,0,0,0,0,0,20,68,0,88,34,0,34,122
01/08/2009,PTK,MI,AGL,CE,Towers with Radar,3,22,135,0,160,0,0,0,0,0,3,22,135,0,160,124,0,124,284
01/09/2009,PTK,MI,AGL,CE,Towers with Radar,0,20,59,0,79,3,2,76,0,81,3,22,135,0,160,124,0,124,284
01/10/2009,PTK,MI,AGL,CE,Towers with Radar,1,11,17,0,29,0,0,0,0,0,1,11,17,0,29,0,0,0,29
01/11/2009,PTK,MI,AGL,CE,Towers with Radar,2,7,45,0,54,4,0,31,0,35,6,7,76,0,89,112,0,112,201
01/12/2009,PTK,MI,AGL,CE,Towers with Radar,5,6,52,0,63,0,2,27,0,29,5,8,79,0,92,224,0,224,316
01/13/2009,PTK,MI,AGL,CE,Towers with Radar,5,22,49,0,76,0,4,25,0,29,5,26,74,0,105,0,0,0,105
01/14/2009,PTK,MI,AGL,CE,Towers with Radar,1,14,59,0,74,0,1,4,0,5,1,15,63,0,79,28,0,28,107
01/15/2009,PTK,MI,AGL,CE,Towers with Radar,2,17,61,0,80,0,1,64,0,65,2,18,125,0,145,42,0,42,187
01/16/2009,PTK,MI,AGL,CE,Towers with Radar,1,22,63,0,86,0,4,70,0,74,1,26,133,0,160,60,0,60,220
01/17/2009,PTK,MI,AGL,CE,Towers with Radar,1,4,36,0,41,0,0,0,0,0,1,4,36,0,41,18,0,18,59
01/18/2009,PTK,MI,AGL,CE,Towers with Radar,0,4,48,0,52,0,0,19,0,19,0,4,67,0,71,124,0,124,195
01/19/2009,PTK,MI,AGL,CE,Towers with Radar,0,16,90,0,106,0,1,120,0,121,0,17,210,0,227,202,0,202,429
01/20/2009,PTK,MI,AGL,CE,Towers with Radar,1,14,70,0,85,0,10,102,0,112,1,24,172,0,197,270,0,270,467
01/21/2009,PTK,MI,AGL,CE,Towers with Radar,2,15,76,0,93,0,0,104,0,104,2,15,180,0,197,270,0,270,467
01/22/2009,PTK,MI,AGL,CE,Towers with Radar,0,23,94,0,117,0,1,32,0,33,0,24,126,0,150,196,0,196,346
01/23/2009,PTK,MI,AGL,CE,Towers with Radar,1,18,46,0,65,0,12,39,0,51,1,30,85,0,116,126,0,126,242
01/24/2009,PTK,MI,AGL,CE,Towers with Radar,0,12,59,0,71,0,0,183,0,183,0,12,242,0,254,306,0,306,560
01/25/2009,PTK,MI,AGL,CE,Towers with Radar,0,14,54,0,68,7,1,91,0,99,7,15,145,0,167,192,0,192,359
01/26/2009,PTK,MI,AGL,CE,Towers with Radar,0,13,60,0,73,0,1,95,0,96,0,14,155,0,169,184,0,184,353
01/27/2009,PTK,MI,AGL,CE,Towers with Radar,1,22,65,0,88,0,0,101,0,101,1,22,166,0,189,252,0,252,441
01/28/2009,PTK,MI,AGL,CE,Towers with Radar,0,30,45,0,75,0,2,35,0,37,0,32,80,0,112,38,0,38,150
01/29/2009,PTK,MI,AGL,CE,Towers with Radar,1,24,79,0,104,0,1,15,0,16,1,25,94,0,120,0,0,0,120
01/30/2009,PTK,MI,AGL,CE,Towers with Radar,1,16,44,0,61,0,0,14,2,16,1,16,58,2,77,78,0,78,155
01/31/2009,PTK,MI,AGL,CE,Towers with Radar,2,7,48,0,57,0,0,79,0,79,2,7,127,0,136,332,0,332,468
02/01/2009,PTK,MI,AGL,CE,Towers with Radar,1,11,36,0,48,0,0,190,0,190,1,11,226,0,238,282,0,282,520
02/02/2009,PTK,MI,AGL,CE,Towers with Radar,2,21,54,0,77,0,1,96,0,97,2,22,150,0,174,354,0,354,528
02/03/2009,PTK,MI,AGL,CE,Towers with Radar,2,20,66,0,88,1,3,45,0,49,3,23,111,0,137,76,0,76,213
02/04/2009,PTK,MI,AGL,CE,Towers with Radar,1,22,70,0,93,0,5,84,0,89,1,27,154,0,182,152,0,152,334
02/05/2009,PTK,MI,AGL,CE,Towers with Radar,6,20,69,0,95,0,5,9,0,14,6,25,78,0,109,0,0,0,109
02/06/2009,PTK,MI,AGL,CE,Towers with Radar,2,24,68,0,94,6,32,178,0,216,8,56,246,0,310,306,0,306,616
02/07/2009,PTK,MI,AGL,CE,Towers with Radar,0,15,38,0,53,0,0,29,0,29,0,15,67,0,82,88,0,88,170
02/08/2009,PTK,MI,AGL,CE,Towers with Radar,0,12,82,0,94,0,0,236,0,236,0,12,318,0,330,248,0,248,578
02/09/2009,PTK,MI,AGL,CE,Towers with Radar,2,19,48,0,69,0,0,101,0,101,2,19,149,0,170,182,0,182,352
02/10/2009,PTK,MI,AGL,CE,Towers with Radar,0,16,47,0,63,0,0,34,0,34,0,16,81,0,97,92,0,92,189
02/11/2009,PTK,MI,AGL,CE,Towers with Radar,1,9,60,0,70,0,0,0,0,0,1,9,60,0,70,0,0,0,70
02/12/2009,PTK,MI,AGL,CE,Towers with Radar,0,19,57,0,76,0,0,24,0,24,0,19,81,0,100,60,0,60,160
02/13/2009,PTK,MI,AGL,CE,Towers with Radar,0,25,72,0,97,0,26,120,0,146,0,51,192,0,243,148,0,148,391
02/14/2009,PTK,MI,AGL,CE,Towers with Radar,0,11,41,0,52,0,0,5,0,5,0,11,46,0,57,20,0,20,77
02/15/2009,PTK,MI,AGL,CE,Towers with Radar,0,12,60,0,72,0,0,96,0,96,0,12,156,0,168,282,0,282,450
02/16/2009,PTK,MI,AGL,CE,Towers with Radar,1,23,87,0,111,0,1,108,0,109,1,24,195,0,220,202,0,202,422
02/17/2009,PTK,MI,AGL,CE,Towers with Radar,1,26,70,0,97,0,3,107,0,110,1,29,177,0,207,154,0,154,361
02/18/2009,PTK,MI,AGL,CE,Towers with Radar,2,17,65,0,84,0,0,0,0,0,2,17,65,0,84,0,0,0,84
02/19/2009,PTK,MI,AGL,CE,Towers with Radar,2,30,47,0,79,2,1,14,0,17,4,31,61,0,96,34,0,34,130
02/20/2009,PTK,MI,AGL,CE,Towers with Radar,0,22,54,0,76,0,6,68,0,74,0,28,122,0,150,176,0,176,326
02/21/2009,PTK,MI,AGL,CE,Towers with Radar,0,10,17,0,27,0,0,3,0,3,0,10,20,0,30,40,0,40,70
02/22/2009,PTK,MI,AGL,CE,Towers with Radar,0,14,49,0,63,0,0,30,0,30,0,14,79,0,93,66,0,66,159
02/23/2009,PTK,MI,AGL,CE,Towers with Radar,1,23,65,0,89,0,0,84,0,84,1,23,149,0,173,136,0,136,309
02/24/2009,PTK,MI,AGL,CE,Towers with Radar,0,20,59,6,85,0,2,135,0,137,0,22,194,6,222,278,0,278,500
02/25/2009,PTK,MI,AGL,CE,Towers with Radar,0,28,57,3,88,0,6,73,0,79,0,34,130,3,167,120,0,120,287
02/26/2009,PTK,MI,AGL,CE,Towers with Radar,1,34,62,0,97,0,0,37,2,39,1,34,99,2,136,260,0,260,396
02/27/2009,PTK,MI,AGL,CE,Towers with Radar,0,20,60,0,80,0,0,7,0,7,0,20,67,0,87,82,0,82,169
02/28/2009,PTK,MI,AGL,CE,Towers with Radar,0,7,58,0,65,0,3,256,0,259,0,10,314,0,324,252,0,252,576
03/01/2009,PTK,MI,AGL,CE,Towers with Radar,1,14,75,0,90,0,1,82,0,83,1,15,157,0,173,104,0,104,277
03/02/2009,PTK,MI,AGL,CE,Towers with Radar,1,15,66,0,82,0,2,60,0,62,1,17,126,0,144,36,0,36,180
03/03/2009,PTK,MI,AGL,CE,Towers with Radar,4,16,69,0,89,0,8,153,0,161,4,24,222,0,250,484,0,484,734
03/04/2009,PTK,MI,AGL,CE,Towers with Radar,2,16,69,0,87,0,11,176,3,190,2,27,245,3,277,284,0,284,561
03/05/2009,PTK,MI,AGL,CE,Towers with Radar,0,16,73,0,89,0,4,69,0,73,0,20,142,0,162,50,0,50,212
03/06/2009,PTK,MI,AGL,CE,Towers with Radar,4,11,59,0,74,4,16,89,0,109,8,27,148,0,183,155,0,155,338
03/07/2009,PTK,MI,AGL,CE,Towers with Radar,1,7,32,0,40,0,0,7,0,7,1,7,39,0,47,66,0,66,113
03/08/2009,PTK,MI,AGL,CE,Towers with Radar,1,6,43,0,50,0,0,0,0,0,1,6,43,0,50,0,0,0,50
03/09/2009,PTK,MI,AGL,CE,Towers with Radar,1,6,62,0,69,0,1,146,0,147,1,7,208,0,216,272,0,272,488
03/10/2009,PTK,MI,AGL,CE,Towers with Radar,1,16,60,0,77,0,0,0,0,0,1,16,60,0,77,0,0,0,77
03/11/2009,PTK,MI,AGL,CE,Towers with Radar,1,17,56,0,74,0,2,15,0,17,1,19,71,0,91,54,0,54,145
03/12/2009,PTK,MI,AGL,CE,Towers with Radar,0,24,86,0,110,0,7,110,0,117,0,31,196,0,227,216,0,216,443
03/13/2009,PTK,MI,AGL,CE,Towers with Radar,1,17,81,0,99,0,2,198,0,200,1,19,279,0,299,316,0,316,615
03/14/2009,PTK,MI,AGL,CE,Towers with Radar,0,6,63,0,69,0,1,390,0,391,0,7,453,0,460,576,0,576,1036
03/15/2009,PTK,MI,AGL,CE,Towers with Radar,1,5,74,0,80,0,1,304,0,305,1,6,378,0,385,362,0,362,747
03/16/2009,PTK,MI,AGL,CE,Towers with Radar,0,15,62,4,81,0,1,146,0,147,0,16,208,4,228,372,0,372,600
03/17/2009,PTK,MI,AGL,CE,Towers with Radar,0,19,72,0,91,0,0,88,0,88,0,19,160,0,179,240,0,240,419
03/18/2009,PTK,MI,AGL,CE,Towers with Radar,0,28,69,0,97,0,8,91,0,99,0,36,160,0,196,230,0,230,426
03/19/2009,PTK,MI,AGL,CE,Towers with Radar,1,18,66,0,85,0,1,91,0,92,1,19,157,0,177,224,0,224,401
03/20/2009,PTK,MI,AGL,CE,Towers with Radar,0,19,99,0,118,0,19,259,4,282,0,38,358,4,400,278,0,278,678
03/21/2009,PTK,MI,AGL,CE,Towers with Radar,0,19,60,1,80,0,0,113,1,114,0,19,173,2,194,202,0,202,396
03/22/2009,PTK,MI,AGL,CE,Towers with Radar,0,14,83,0,97,0,0,181,0,181,0,14,264,0,278,298,0,298,576
03/23/2009,PTK,MI,AGL,CE,Towers with Radar,0,23,56,0,79,0,0,93,0,93,0,23,149,0,172,174,0,174,346
03/24/2009,PTK,MI,AGL,CE,Towers with Radar,0,18,59,0,77,0,6,60,0,66,0,24,119,0,143,246,0,246,389
03/25/2009,PTK,MI,AGL,CE,Towers with Radar,2,31,64,0,97,0,0,21,0,21,2,31,85,0,118,26,0,26,144
03/26/2009,PTK,MI,AGL,CE,Towers with Radar,1,24,98,2,125,2,4,117,0,123,3,28,215,2,248,358,0,358,606
03/27/2009,PTK,MI,AGL,CE,Towers with Radar,5,20,74,0,99,0,1,179,0,180,5,21,253,0,279,272,0,272,551
03/28/2009,PTK,MI,AGL,CE,Towers with Radar,2,8,54,0,64,0,0,153,2,155,2,8,207,2,219,362,0,362,581
03/29/2009,PTK,MI,AGL,CE,Towers with Radar,1,10,53,0,64,0,0,0,0,0,1,10,53,0,64,0,0,0,64
03/30/2009,PTK,MI,AGL,CE,Towers with Radar,2,28,68,0,98,0,0,126,0,126,2,28,194,0,224,274,0,274,498
03/31/2009,PTK,MI,AGL,CE,Towers with Radar,0,6,55,0,61,0,7,85,0,92,0,13,140,0,153,144,0,144,297
04/01/2009,PTK,MI,AGL,CE,Towers with Radar,0,15,53,0,68,0,3,48,0,51,0,18,101,0,119,60,0,60,179
04/02/2009,PTK,MI,AGL,CE,Towers with Radar,1,26,62,0,89,0,2,118,0,120,1,28,180,0,209,166,0,166,375
04/03/2009,PTK,MI,AGL,CE,Towers with Radar,3,21,47,0,71,0,0,4,0,4,3,21,51,0,75,0,0,0,75
04/04/2009,PTK,MI,AGL,CE,Towers with Radar,3,17,67,0,87,0,2,139,0,141,3,19,206,0,228,232,0,232,460
04/05/2009,PTK,MI,AGL,CE,Towers with Radar,2,15,82,0,99,1,0,82,0,83,3,15,164,0,182,172,0,172,354
04/06/2009,PTK,MI,AGL,CE,Towers with Radar,0,15,48,0,63,0,2,1,0,3,0,17,49,0,66,0,0,0,66
04/07/2009,PTK,MI,AGL,CE,Towers with Radar,0,8,80,0,88,0,1,15,9,25,0,9,95,9,113,46,0,46,159
04/08/2009,PTK,MI,AGL,CE,Towers with Radar,0,21,90,0,111,0,6,146,0,152,0,27,236,0,263,384,0,384,647
04/09/2009,PTK,MI,AGL,CE,Towers with Radar,3,22,94,0,119,0,5,147,0,152,3,27,241,0,271,342,0,342,613
04/10/2009,PTK,MI,AGL,CE,Towers with Radar,3,3,49,0,55,0,5,116,0,121,3,8,165,0,176,270,0,270,446
04/11/2009,PTK,MI,AGL,CE,Towers with Radar,1,13,64,0,78,0,0,222,4,226,1,13,286,4,304,262,0,262,566
04/12/2009,PTK,MI,AGL,CE,Towers with Radar,3,5,66,0,74,0,0,119,0,119,3,5,185,0,193,206,0,206,399
04/13/2009,PTK,MI,AGL,CE,Towers with Radar,2,18,97,0,117,0,0,93,0,93,2,18,190,0,210,142,0,142,352
04/14/2009,PTK,MI,AGL,CE,Towers with Radar,2,18,59,0,79,0,1,15,0,16,2,19,74,0,95,108,0,108,203
04/15/2009,PTK,MI,AGL,CE,Towers with Radar,0,28,85,0,113,0,0,83,0,83,0,28,168,0,196,288,0,288,484
04/16/2009,PTK,MI,AGL,CE,Towers with Radar,1,17,79,0,97,0,1,147,0,148,1,18,226,0,245,202,0,202,447
04/17/2009,PTK,MI,AGL,CE,Towers with Radar,2,19,76,0,97,0,2,143,0,145,2,21,219,0,242,394,0,394,636
04/18/2009,PTK,MI,AGL,CE,Towers with Radar,2,12,66,0,80,0,0,245,0,245,2,12,311,0,325,330,0,330,655
04/19/2009,PTK,MI,AGL,CE,Towers with Radar,0,18,78,0,96,0,0,85,0,85,0,18,163,0,181,94,0,94,275
04/20/2009,PTK,MI,AGL,CE,Towers with Radar,2,20,65,0,87,0,1,3,0,4,2,21,68,0,91,0,0,0,91
04/21/2009,PTK,MI,AGL,CE,Towers with Radar,1,17,50,0,68,0,0,23,0,23,1,17,73,0,91,24,0,24,115
04/22/2009,PTK,MI,AGL,CE,Towers with Radar,1,25,85,0,111,0,13,55,0,68,1,38,140,0,179,226,0,226,405
04/23/2009,PTK,MI,AGL,CE,Towers with Radar,2,11,80,0,93,0,6,203,0,209,2,17,283,0,302,284,0,284,586
04/24/2009,PTK,MI,AGL,CE,Towers with Radar,0,20,84,0,104,0,1,119,0,120,0,21,203,0,224,206,0,206,430
04/25/2009,PTK,MI,AGL,CE,Towers with Radar,1,12,34,0,47,0,0,81,0,81,1,12,115,0,128,122,0,122,250
04/26/2009,PTK,MI,AGL,CE,Towers with Radar,1,10,54,0,65,0,0,50,0,50,1,10,104,0,115,114,0,114,229
04/27/2009,PTK,MI,AGL,CE,Towers with Radar,0,22,64,0,86,0,1,20,0,21,0,23,84,0,107,30,0,30,137
04/28/2009,PTK,MI,AGL,CE,Towers with Radar,0,9,58,0,67,0,11,63,0,74,0,20,121,0,141,62,0,62,203
04/29/2009,PTK,MI,AGL,CE,Towers with Radar,0,12,70,2,84,0,0,150,0,150,0,12,220,2,234,172,0,172,406
04/30/2009,PTK,MI,AGL,CE,Towers with Radar,3,17,82,0,102,0,0,13,0,13,3,17,95,0,115,58,0,58,173
05/01/2009,PTK,MI,AGL,CE,Towers with Radar,3,23,196,0,222,0,3,113,0,116,3,26,309,0,338,116,0,116,454
05/02/2009,PTK,MI,AGL,CE,Towers with Radar,0,7,80,0,87,0,1,170,0,171,0,8,250,0,258,282,0,282,540
05/03/2009,PTK,MI,AGL,CE,Towers with Radar,1,12,69,0,82,0,0,192,0,192,1,12,261,0,274,310,0,310,584
05/04/2009,PTK,MI,AGL,CE,Towers with Radar,0,11,68,0,79,1,6,129,0,136,1,17,197,0,215,338,0,338,553
05/05/2009,PTK,MI,AGL,CE,Towers with Radar,0,10,81,0,91,7,5,147,0,159,7,15,228,0,250,238,0,238,488
05/06/2009,PTK,MI,AGL,CE,Towers with Radar,2,14,62,0,78,1,8,144,1,154,3,22,206,1,232,430,0,430,662
05/07/2009,PTK,MI,AGL,CE,Towers with Radar,1,16,77,0,94,0,4,51,0,55,1,20,128,0,149,58,0,58,207
05/08/2009,PTK,MI,AGL,CE,Towers with Radar,0,12,73,0,85,0,5,148,0,153,0,17,221,0,238,296,0,296,534
05/09/2009,PTK,MI,AGL,CE,Towers with Radar,0,7,55,0,62,0,3,73,0,76,0,10,128,0,138,60,0,60,198
05/10/2009,PTK,MI,AGL,CE,Towers with Radar,0,7,81,0,88,0,0,123,0,123,0,7,204,0,211,186,0,186,397
05/11/2009,PTK,MI,AGL,CE,Towers with Radar,0,14,82,0,96,0,3,180,0,183,0,17,262,0,279,332,0,332,611
05/12/2009,PTK,MI,AGL,CE,Towers with Radar,1,18,73,0,92,0,2,223,0,225,1,20,296,0,317,342,0,342,659
05/13/2009,PTK,MI,AGL,CE,Towers with Radar,1,22,56,0,79,0,0,69,0,69,1,22,125,0,148,92,0,92,240
05/14/2009,PTK,MI,AGL,CE,Towers with Radar,0,17,90,0,107,0,1,69,0,70,0,18,159,0,177,6,0,6,183
05/15/2009,PTK,MI,AGL,CE,Towers with Radar,0,18,94,0,112,0,4,168,0,172,0,22,262,0,284,362,0,362,646
05/16/2009,PTK,MI,AGL,CE,Towers with Radar,0,12,62,0,74,0,0,59,0,59,0,12,121,0,133,20,0,20,153
05/17/2009,PTK,MI,AGL,CE,Towers with Radar,0,19,79,0,98,0,0,196,0,196,0,19,275,0,294,152,0,152,446
05/18/2009,PTK,MI,AGL,CE,Towers with Radar,1,14,57,0,72,0,4,189,0,193,1,18,246,0,265,320,0,320,585
05/19/2009,PTK,MI,AGL,CE,Towers with Radar,0,20,83,0,103,2,4,153,0,159,2,24,236,0,262,334,0,334,596
05/20/2009,PTK,MI,AGL,CE,Towers with Radar,2,10,80,0,92,0,4,148,0,152,2,14,228,0,244,160,0,160,404
05/21/2009,PTK,MI,AGL,CE,Towers with Radar,1,24,91,0,116,0,3,125,0,128,1,27,216,0,244,176,0,176,420
05/22/2009,PTK,MI,AGL,CE,Towers with Radar,0,13,93,0,106,0,0,122,0,122,0,13,215,0,228,212,0,212,440
05/23/2009,PTK,MI,AGL,CE,Towers with Radar,0,13,42,0,55,0,0,213,0,213,0,13,255,0,268,244,0,244,512
05/24/2009,PTK,MI,AGL,CE,Towers with Radar,0,7,63,0,70,0,1,148,0,149,0,8,211,0,219,168,0,168,387
05/25/2009,PTK,MI,AGL,CE,Towers with Radar,0,9,65,0,74,0,0,187,4,191,0,9,252,4,265,302,0,302,567
05/26/2009,PTK,MI,AGL,CE,Towers with Radar,0,18,73,0,91,3,3,92,0,98,3,21,165,0,189,242,0,242,431
05/27/2009,PTK,MI,AGL,CE,Towers with Radar,0,22,79,0,101,0,6,12,0,18,0,28,91,0,119,40,0,40,159
05/28/2009,PTK,MI,AGL,CE,Towers with Radar,3,24,85,0,112,0,1,15,0,16,3,25,100,0,128,112,0,112,240
05/29/2009,PTK,MI,AGL,CE,Towers with Radar,0,18,95,0,113,0,9,152,0,161,0,27,247,0,274,506,0,506,780
05/30/2009,PTK,MI,AGL,CE,Towers with Radar,0,13,51,0,64,0,0,148,0,148,0,13,199,0,212,328,0,328,540
05/31/2009,PTK,MI,AGL,CE,Towers with Radar,0,8,60,0,68,0,1,289,0,290,0,9,349,0,358,310,0,310,668
06/01/2009,PTK,MI,AGL,CE,Towers with Radar,2,21,61,0,84,0,1,49,0,50,2,22,110,0,134,120,0,120,254
06/02/2009,PTK,MI,AGL,CE,Towers with Radar,4,9,76,0,89,1,3,136,0,140,5,12,212,0,229,270,0,270,499
06/03/2009,PTK,MI,AGL,CE,Towers with Radar,0,16,80,0,96,0,1,131,0,132,0,17,211,0,228,284,0,284,512
06/04/2009,PTK,MI,AGL,CE,Towers with Radar,0,19,76,2,97,1,2,186,0,189,1,21,262,2,286,324,0,324,610
06/05/2009,PTK,MI,AGL,CE,Towers with Radar,1,4,62,0,67,0,0,159,0,159,1,4,221,0,226,300,0,300,526
06/06/2009,PTK,MI,AGL,CE,Towers with Radar,0,5,72,0,77,0,1,184,0,185,0,6,256,0,262,334,0,334,596
06/07/2009,PTK,MI,AGL,CE,Towers with Radar,0,8,57,0,65,0,0,99,0,99,0,8,156,0,164,184,0,184,348
06/08/2009,PTK,MI,AGL,CE,Towers with Radar,1,22,63,0,86,0,0,16,0,16,1,22,79,0,102,62,0,62,164
06/09/2009,PTK,MI,AGL,CE,Towers with Radar,0,14,90,0,104,0,6,152,0,158,0,20,242,0,262,368,0,368,630
06/10/2009,PTK,MI,AGL,CE,Towers with Radar,0,22,96,0,118,0,6,120,0,126,0,28,216,0,244,322,0,322,566
06/11/2009,PTK,MI,AGL,CE,Towers with Radar,0,34,76,0,110,0,0,60,0,60,0,34,136,0,170,178,0,178,348
06/12/2009,PTK,MI,AGL,CE,Towers with Radar,0,14,79,0,93,2,5,172,0,179,2,19,251,0,272,252,0,252,524
06/13/2009,PTK,MI,AGL,CE,Towers with Radar,0,13,57,0,70,0,1,163,0,164,0,14,220,0,234,346,0,346,580
06/14/2009,PTK,MI,AGL,CE,Towers with Radar,1,17,97,0,115,1,1,147,0,149,2,18,244,0,264,222,0,222,486
06/15/2009,PTK,MI,AGL,CE,Towers with Radar,0,20,71,0,91,0,0,154,1,155,0,20,225,1,246,228,0,228,474
06/16/2009,PTK,MI,AGL,CE,Towers with Radar,0,16,82,0,98,0,1,150,0,151,0,17,232,0,249,224,0,224,473
06/17/2009,PTK,MI,AGL,CE,Towers with Radar,0,17,89,0,106,0,0,0,0,0,0,17,89,0,106,0,0,0,106
06/18/2009,PTK,MI,AGL,CE,Towers with Radar,2,22,106,0,130,0,3,99,0,102,2,25,205,0,232,172,0,172,404
06/19/2009,PTK,MI,AGL,CE,Towers with Radar,0,14,65,0,79,0,0,14,0,14,0,14,79,0,93,38,0,38,131
06/20/2009,PTK,MI,AGL,CE,Towers with Radar,2,4,67,0,73,0,0,5,0,5,2,4,72,0,78,0,0,0,78
06/21/2009,PTK,MI,AGL,CE,Towers with Radar,0,10,82,0,92,0,0,182,0,182,0,10,264,0,274,332,0,332,606
06/22/2009,PTK,MI,AGL,CE,Towers with Radar,1,11,97,0,109,0,0,152,0,152,1,11,249,0,261,216,0,216,477
06/23/2009,PTK,MI,AGL,CE,Towers with Radar,1,20,80,0,101,0,7,182,0,189,1,27,262,0,290,308,0,308,598
06/24/2009,PTK,MI,AGL,CE,Towers with Radar,1,13,74,0,88,0,6,169,0,175,1,19,243,0,263,188,0,188,451
06/25/2009,PTK,MI,AGL,CE,Towers with Radar,0,26,93,0,119,0,4,74,0,78,0,30,167,0,197,82,0,82,279
06/26/2009,PTK,MI,AGL,CE,Towers with Radar,0,22,78,0,100,0,0,161,0,161,0,22,239,0,261,206,0,206,467
06/27/2009,PTK,MI,AGL,CE,Towers with Radar,1,9,80,0,90,0,1,210,0,211,1,10,290,0,301,308,0,308,609
06/28/2009,PTK,MI,AGL,CE,Towers with Radar,0,13,57,0,70,0,1,89,0,90,0,14,146,0,160,208,0,208,368
06/29/2009,PTK,MI,AGL,CE,Towers with Radar,0,15,76,0,91,0,3,93,0,96,0,18,169,0,187,96,0,96,283
06/30/2009,PTK,MI,AGL,CE,Towers with Radar,3,12,83,0,98,0,7,58,0,65,3,19,141,0,163,88,0,88,251
07/01/2009,PTK,MI,AGL,CE,Towers with Radar,1,13,83,0,97,0,4,79,0,83,1,17,162,0,180,282,0,282,462
07/02/2009,PTK,MI,AGL,CE,Towers with Radar,2,20,104,0,126,0,0,34,0,34,2,20,138,0,160,130,0,130,290
07/03/2009,PTK,MI,AGL,CE,Towers with Radar,0,12,71,0,83,0,1,128,0,129,0,13,199,0,212,366,0,366,578
07/04/2009,PTK,MI,AGL,CE,Towers with Radar,0,8,42,0,50,0,5,107,1,113,0,13,149,1,163,56,0,56,219
07/05/2009,PTK,MI,AGL,CE,Towers with Radar,2,14,61,0,77,0,0,133,0,133,2,14,194,0,210,230,0,230,440
07/06/2009,PTK,MI,AGL,CE,Towers with Radar,0,6,64,0,70,0,1,136,0,137,0,7,200,0,207,158,0,158,365
07/07/2009,PTK,MI,AGL,CE,Towers with Radar,3,10,86,0,99,0,0,125,0,125,3,10,211,0,224,328,0,328,552
07/08/2009,PTK,MI,AGL,CE,Towers with Radar,1,15,66,0,82,1,6,282,2,291,2,21,348,2,373,490,0,490,863
07/09/2009,PTK,MI,AGL,CE,Towers with Radar,4,19,99,0,122,0,7,191,0,198,4,26,290,0,320,284,0,284,604
07/10/2009,PTK,MI,AGL,CE,Towers with Radar,0,12,72,0,84,1,4,181,1,187,1,16,253,1,271,352,0,352,623
07/11/2009,PTK,MI,AGL,CE,Towers with Radar,2,12,41,0,55,0,0,137,0,137,2,12,178,0,192,162,0,162,354
07/12/2009,PTK,MI,AGL,CE,Towers with Radar,0,13,102,0,115,0,4,207,0,211,0,17,309,0,326,166,0,166,492
07/13/2009,PTK,MI,AGL,CE,Towers with Radar,2,15,86,0,103,0,3,180,0,183,2,18,266,0,286,422,0,422,708
07/14/2009,PTK,MI,AGL,CE,Towers with Radar,0,25,94,0,119,0,4,193,0,197,0,29,287,0,316,360,0,360,676
07/15/2009,PTK,MI,AGL,CE,Towers with Radar,1,27,69,8,105,0,0,2,0,2,1,27,71,8,107,348,0,348,455
07/16/2009,PTK,MI,AGL,CE,Towers with Radar,0,11,87,0,98,0,8,139,0,147,0,19,226,0,245,146,0,146,391
07/17/2009,PTK,MI,AGL,CE,Towers with Radar,0,17,104,0,121,0,1,148,1,150,0,18,252,1,271,244,0,244,515
07/18/2009,PTK,MI,AGL,CE,Towers with Radar,0,14,87,0,101,0,0,160,0,160,0,14,247,0,261,224,0,224,485
07/19/2009,PTK,MI,AGL,CE,Towers with Radar,0,15,76,0,91,0,1,176,0,177,0,16,252,0,268,312,0,312,580
07/20/2009,PTK,MI,AGL,CE,Towers with Radar,0,21,57,0,78,0,3,143,0,146,0,24,200,0,224,254,0,254,478
07/21/2009,PTK,MI,AGL,CE,Towers with Radar,0,17,67,0,84,0,2,145,0,147,0,19,212,0,231,342,0,342,573
07/22/2009,PTK,MI,AGL,CE,Towers with Radar,0,28,61,0,89,5,0,50,0,55,5,28,111,0,144,212,0,212,356
07/23/2009,PTK,MI,AGL,CE,Towers with Radar,4,24,107,0,135,16,2,36,0,54,20,26,143,0,189,96,0,96,285
07/24/2009,PTK,MI,AGL,CE,Towers with Radar,0,13,77,0,90,4,3,156,0,163,4,16,233,0,253,204,0,204,457
07/25/2009,PTK,MI,AGL,CE,Towers with Radar,2,8,53,0,63,1,1,79,0,81,3,9,132,0,144,146,0,146,290
07/26/2009,PTK,MI,AGL,CE,Towers with Radar,2,7,98,0,107,0,0,66,0,66,2,7,164,0,173,92,0,92,265
07/27/2009,PTK,MI,AGL,CE,Towers with Radar,2,17,86,0,105,4,3,141,0,148,6,20,227,0,253,316,0,316,569
07/28/2009,PTK,MI,AGL,CE,Towers with Radar,0,22,85,0,107,3,8,89,0,100,3,30,174,0,207,274,0,274,481
07/29/2009,PTK,MI,AGL,CE,Towers with Radar,0,20,116,1,137,4,2,122,1,129,4,22,238,2,266,160,0,160,426
07/30/2009,PTK,MI,AGL,CE,Towers with Radar,0,22,128,0,150,2,4,173,0,179,2,26,301,0,329,320,0,320,649
07/31/2009,PTK,MI,AGL,CE,Towers with Radar,0,15,95,0,110,0,0,128,0,128,0,15,223,0,238,158,0,158,396
08/01/2009,PTK,MI,AGL,CE,Towers with Radar,0,9,64,0,73,0,1,157,0,158,0,10,221,0,231,190,0,190,421
08/02/2009,PTK,MI,AGL,CE,Towers with Radar,0,10,97,0,107,0,0,149,0,149,0,10,246,0,256,178,0,178,434
08/03/2009,PTK,MI,AGL,CE,Towers with Radar,1,18,71,1,91,1,0,69,0,70,2,18,140,1,161,72,0,72,233
08/04/2009,PTK,MI,AGL,CE,Towers with Radar,0,27,63,0,90,0,10,128,0,138,0,37,191,0,228,344,0,344,572
08/05/2009,PTK,MI,AGL,CE,Towers with Radar,0,22,78,0,100,0,0,199,0,199,0,22,277,0,299,364,0,364,663
08/06/2009,PTK,MI,AGL,CE,Towers with Radar,2,20,108,1,131,0,4,168,1,173,2,24,276,2,304,410,0,410,714
08/07/2009,PTK,MI,AGL,CE,Towers with Radar,1,18,88,0,107,0,3,141,2,146,1,21,229,2,253,362,0,362,615
08/08/2009,PTK,MI,AGL,CE,Towers with Radar,0,9,24,0,33,0,0,1,0,1,0,9,25,0,34,8,0,8,42
08/09/2009,PTK,MI,AGL,CE,Towers with Radar,0,11,95,0,106,0,1,78,0,79,0,12,173,0,185,116,0,116,301
08/10/2009,PTK,MI,AGL,CE,Towers with Radar,0,15,74,0,89,0,1,91,4,96,0,16,165,4,185,282,0,282,467
08/11/2009,PTK,MI,AGL,CE,Towers with Radar,1,27,94,0,122,0,11,189,0,200,1,38,283,0,322,482,0,482,804
08/12/2009,PTK,MI,AGL,CE,Towers with Radar,1,16,88,0,105,0,7,164,0,171,1,23,252,0,276,320,0,320,596
08/13/2009,PTK,MI,AGL,CE,Towers with Radar,3,14,111,0,128,0,1,184,0,185,3,15,295,0,313,270,0,270,583
08/14/2009,PTK,MI,AGL,CE,Towers with Radar,0,20,89,0,109,0,10,152,0,162,0,30,241,0,271,236,0,236,507
08/15/2009,PTK,MI,AGL,CE,Towers with Radar,1,9,66,0,76,0,0,182,0,182,1,9,248,0,258,220,0,220,478
08/16/2009,PTK,MI,AGL,CE,Towers with Radar,1,11,69,0,81,0,2,306,17,325,1,13,375,17,406,666,0,666,1072
08/17/2009,PTK,MI,AGL,CE,Towers with Radar,0,13,73,0,86,0,3,72,0,75,0,16,145,0,161,188,0,188,349
08/18/2009,PTK,MI,AGL,CE,Towers with Radar,0,17,86,0,103,0,3,127,0,130,0,20,213,0,233,268,0,268,501
08/19/2009,PTK,MI,AGL,CE,Towers with Radar,1,26,77,0,104,1,4,182,0,187,2,30,259,0,291,242,0,242,533
08/20/2009,PTK,MI,AGL,CE,Towers with Radar,7,21,66,0,94,1,1,28,0,30,8,22,94,0,124,62,0,62,186
08/21/2009,PTK,MI,AGL,CE,Towers with Radar,0,19,110,0,129,0,3,92,0,95,0,22,202,0,224,180,0,180,404
08/22/2009,PTK,MI,AGL,CE,Towers with Radar,0,2,62,0,64,0,0,80,0,80,0,2,142,0,144,154,0,154,298
08/23/2009,PTK,MI,AGL,CE,Towers with Radar,0,9,85,0,94,0,0,45,2,47,0,9,130,2,141,148,0,148,289
08/24/2009,PTK,MI,AGL,CE,Towers with Radar,0,19,100,0,119,0,2,212,0,214,0,21,312,0,333,342,0,342,675
08/25/2009,PTK,MI,AGL,CE,Towers with Radar,2,11,89,0,102,0,8,189,0,197,2,19,278,0,299,318,0,318,617
08/26/2009,PTK,MI,AGL,CE,Towers with Radar,5,23,71,0,99,0,0,45,0,45,5,23,116,0,144,96,0,96,240
08/27/2009,PTK,MI,AGL,CE,Towers with Radar,4,20,92,0,116,0,7,155,0,162,4,27,247,0,278,298,0,298,576
08/28/2009,PTK,MI,AGL,CE,Towers with Radar,2,19,94,0,115,0,1,35,0,36,2,20,129,0,151,162,0,162,313
08/29/2009,PTK,MI,AGL,CE,Towers with Radar,1,7,50,0,58,0,0,96,0,96,1,7,146,0,154,298,0,298,452
08/30/2009,PTK,MI,AGL,CE,Towers with Radar,0,8,56,0,64,2,0,142,0,144,2,8,198,0,208,298,0,298,506
08/31/2009,PTK,MI,AGL,CE,Towers with Radar,5,16,86,0,107,0,3,193,0,196,5,19,279,0,303,398,0,398,701
09/01/2009,PTK,MI,AGL,CE,Towers with Radar,7,25,81,0,113,7,8,216,0,231,14,33,297,0,344,424,0,424,768
09/02/2009,PTK,MI,AGL,CE,Towers with Radar,2,22,86,0,110,0,1,182,0,183,2,23,268,0,293,248,0,248,541
09/03/2009,PTK,MI,AGL,CE,Towers with Radar,0,24,103,0,127,0,0,255,0,255,0,24,358,0,382,292,0,292,674
09/04/2009,PTK,MI,AGL,CE,Towers with Radar,2,31,107,0,140,0,1,212,0,213,2,32,319,0,353,284,0,284,637
09/05/2009,PTK,MI,AGL,CE,Towers with Radar,0,12,46,0,58,0,1,208,0,209,0,13,254,0,267,234,0,234,501
09/06/2009,PTK,MI,AGL,CE,Towers with Radar,0,4,65,0,69,0,0,149,0,149,0,4,214,0,218,192,0,192,410
09/07/2009,PTK,MI,AGL,CE,Towers with Radar,0,10,79,0,89,0,2,133,0,135,0,12,212,0,224,126,0,126,350
09/08/2009,PTK,MI,AGL,CE,Towers with Radar,1,21,77,0,99,0,3,23,0,26,1,24,100,0,125,104,0,104,229
09/09/2009,PTK,MI,AGL,CE,Towers with Radar,3,17,76,0,96,0,4,110,0,114,3,21,186,0,210,290,0,290,500
09/10/2009,PTK,MI,AGL,CE,Towers with Radar,4,34,91,0,129,0,2,109,0,111,4,36,200,0,240,120,0,120,360
09/11/2009,PTK,MI,AGL,CE,Towers with Radar,3,24,100,0,127,0,2,142,0,144,3,26,242,0,271,246,0,246,517
09/12/2009,PTK,MI,AGL,CE,Towers with Radar,1,8,75,0,84,0,5,205,0,210,1,13,280,0,294,248,0,248,542
09/13/2009,PTK,MI,AGL,CE,Towers with Radar,5,9,83,0,97,0,2,241,0,243,5,11,324,0,340,364,0,364,704
09/14/2009,PTK,MI,AGL,CE,Towers with Radar,4,31,71,0,106,0,1,182,0,183,4,32,253,0,289,296,0,296,585
09/15/2009,PTK,MI,AGL,CE,Towers with Radar,9,31,66,2,108,0,1,16,0,17,9,32,82,2,125,0,0,0,125
09/16/2009,PTK,MI,AGL,CE,Towers with Radar,3,22,85,2,112,0,7,156,2,165,3,29,241,4,277,248,0,248,525
09/17/2009,PTK,MI,AGL,CE,Towers with Radar,2,36,91,0,129,0,6,159,0,165,2,42,250,0,294,332,0,332,626
09/18/2009,PTK,MI,AGL,CE,Towers with Radar,4,22,85,0,111,0,0,119,0,119,4,22,204,0,230,224,0,224,454
09/19/2009,PTK,MI,AGL,CE,Towers with Radar,1,14,75,0,90,0,3,208,0,211,1,17,283,0,301,478,0,478,779
09/20/2009,PTK,MI,AGL,CE,Towers with Radar,1,16,87,0,104,0,0,237,0,237,1,16,324,0,341,332,0,332,673
09/21/2009,PTK,MI,AGL,CE,Towers with Radar,3,25,91,0,119,0,0,18,0,18,3,25,109,0,137,50,0,50,187
09/22/2009,PTK,MI,AGL,CE,Towers with Radar,7,27,88,0,122,0,1,42,0,43,7,28,130,0,165,194,0,194,359
09/23/2009,PTK,MI,AGL,CE,Towers with Radar,2,36,81,0,119,1,3,94,0,98,3,39,175,0,217,198,0,198,415
09/24/2009,PTK,MI,AGL,CE,Towers with Radar,3,32,82,0,117,0,1,143,0,144,3,33,225,0,261,290,0,290,551
09/25/2009,PTK,MI,AGL,CE,Towers with Radar,3,18,107,0,128,0,4,149,0,153,3,22,256,0,281,216,0,216,497
09/26/2009,PTK,MI,AGL,CE,Towers with Radar,0,9,75,0,84,0,0,21,0,21,0,9,96,0,105,32,0,32,137
09/27/2009,PTK,MI,AGL,CE,Towers with Radar,0,10,101,0,111,0,0,78,0,78,0,10,179,0,189,182,0,182,371
09/28/2009,PTK,MI,AGL,CE,Towers with Radar,2,14,48,0,64,0,0,19,0,19,2,14,67,0,83,36,0,36,119
09/29/2009,PTK,MI,AGL,CE,Towers with Radar,3,23,73,0,99,0,3,45,0,48,3,26,118,0,147,110,0,110,257
09/30/2009,PTK,MI,AGL,CE,Towers with Radar,5,27,81,0,113,0,8,141,6,155,5,35,222,6,268,188,0,188,456
10/01/2009,PTK,MI,AGL,CE,Towers with Radar,2,29,120,0,151,0,5,151,0,156,2,34,271,0,307,166,0,166,473
10/02/2009,PTK,MI,AGL,CE,Towers with Radar,0,29,76,0,105,0,2,5,0,7,0,31,81,0,112,40,0,40,152
10/03/2009,PTK,MI,AGL,CE,Towers with Radar,1,20,43,1,65,0,0,55,0,55,1,20,98,1,120,152,0,152,272
10/04/2009,PTK,MI,AGL,CE,Towers with Radar,1,16,99,0,116,1,0,49,0,50,2,16,148,0,166,66,0,66,232
10/05/2009,PTK,MI,AGL,CE,Towers with Radar,0,19,75,0,94,0,6,117,0,123,0,25,192,0,217,220,0,220,437
10/06/2009,PTK,MI,AGL,CE,Towers with Radar,7,16,71,2,96,0,0,54,0,54,7,16,125,2,150,172,0,172,322
10/07/2009,PTK,MI,AGL,CE,Towers with Radar,7,19,74,0,100,0,2,31,0,33,7,21,105,0,133,38,0,38,171
10/08/2009,PTK,MI,AGL,CE,Towers with Radar,7,28,97,0,132,0,2,119,0,121,7,30,216,0,253,142,0,142,395
10/09/2009,PTK,MI,AGL,CE,Towers with Radar,4,18,80,0,102,0,0,1,0,1,4,18,81,0,103,38,0,38,141
10/10/2009,PTK,MI,AGL,CE,Towers with Radar,2,10,84,0,96,0,1,208,0,209,2,11,292,0,305,236,0,236,541
10/11/2009,PTK,MI,AGL,CE,Towers with Radar,2,7,83,0,92,0,0,178,0,178,2,7,261,0,270,156,0,156,426
10/12/2009,PTK,MI,AGL,CE,Towers with Radar,1,15,62,0,78,0,3,76,0,79,1,18,138,0,157,152,0,152,309
10/13/2009,PTK,MI,AGL,CE,Towers with Radar,0,24,85,0,109,0,2,118,0,120,0,26,203,0,229,138,0,138,367
10/14/2009,PTK,MI,AGL,CE,Towers with Radar,1,16,89,0,106,0,9,116,0,125,1,25,205,0,231,244,0,244,475
10/15/2009,PTK,MI,AGL,CE,Towers with Radar,1,29,83,0,113,0,4,90,2,96,1,33,173,2,209,162,0,162,371
10/16/2009,PTK,MI,AGL,CE,Towers with Radar,2,21,61,0,84,0,5,116,0,121,2,26,177,0,205,158,0,158,363
10/17/2009,PTK,MI,AGL,CE,Towers with Radar,1,9,51,0,61,0,0,220,0,220,1,9,271,0,281,360,0,360,641
10/18/2009,PTK,MI,AGL,CE,Towers with Radar,0,18,87,0,105,4,1,217,0,222,4,19,304,0,327,210,0,210,537
10/19/2009,PTK,MI,AGL,CE,Towers with Radar,1,17,101,0,119,5,4,89,0,98,6,21,190,0,217,234,0,234,451
10/20/2009,PTK,MI,AGL,CE,Towers with Radar,1,28,80,0,109,0,7,140,0,147,1,35,220,0,256,374,0,374,630
10/21/2009,PTK,MI,AGL,CE,Towers with Radar,3,17,84,0,104,1,2,129,0,132,4,19,213,0,236,212,0,212,448
10/22/2009,PTK,MI,AGL,CE,Towers with Radar,7,33,81,0,121,0,1,62,1,64,7,34,143,1,185,134,0,134,319
10/23/2009,PTK,MI,AGL,CE,Towers with Radar,0,19,60,0,79,0,0,0,0,0,0,19,60,0,79,0,0,0,79
10/24/2009,PTK,MI,AGL,CE,Towers with Radar,1,7,51,0,59,0,0,11,0,11,1,7,62,0,70,84,0,84,154
10/25/2009,PTK,MI,AGL,CE,Towers with Radar,0,8,73,0,81,0,0,197,0,197,0,8,270,0,278,378,0,378,656
10/26/2009,PTK,MI,AGL,CE,Towers with Radar,2,17,62,0,81,1,4,98,0,103,3,21,160,0,184,234,0,234,418
10/27/2009,PTK,MI,AGL,CE,Towers with Radar,3,31,92,0,126,0,0,74,0,74,3,31,166,0,200,188,0,188,388
10/28/2009,PTK,MI,AGL,CE,Towers with Radar,5,35,90,0,130,0,7,67,0,74,5,42,157,0,204,236,0,236,440
10/29/2009,PTK,MI,AGL,CE,Towers with Radar,5,32,80,0,117,0,0,21,0,21,5,32,101,0,138,104,0,104,242
10/30/2009,PTK,MI,AGL,CE,Towers with Radar,4,26,61,0,91,0,0,22,0,22,4,26,83,0,113,0,0,0,113
10/31/2009,PTK,MI,AGL,CE,Towers with Radar,4,11,29,0,44,0,0,27,0,27,4,11,56,0,71,72,0,72,143
11/01/2009,PTK,MI,AGL,CE,Towers with Radar,3,12,73,0,88,0,0,214,0,214,3,12,287,0,302,402,0,402,704
11/02/2009,PTK,MI,AGL,CE,Towers with Radar,2,27,63,0,92,0,1,113,0,114,2,28,176,0,206,192,0,192,398
11/03/2009,PTK,MI,AGL,CE,Towers with Radar,3,17,90,0,110,0,7,112,0,119,3,24,202,0,229,296,0,296,525
11/04/2009,PTK,MI,AGL,CE,Towers with Radar,1,23,79,0,103,1,2,108,0,111,2,25,187,0,214,190,0,190,404
11/05/2009,PTK,MI,AGL,CE,Towers with Radar,2,17,72,0,91,0,3,76,1,80,2,20,148,1,171,112,0,112,283
11/06/2009,PTK,MI,AGL,CE,Towers with Radar,0,23,93,2,118,0,2,165,4,171,0,25,258,6,289,260,0,260,549
11/07/2009,PTK,MI,AGL,CE,Towers with Radar,3,6,52,0,61,0,0,129,4,133,3,6,181,4,194,214,0,214,408
11/08/2009,PTK,MI,AGL,CE,Towers with Radar,2,9,77,0,88,0,2,259,0,261,2,11,336,0,349,416,0,416,765
11/09/2009,PTK,MI,AGL,CE,Towers with Radar,3,20,73,0,96,0,2,116,0,118,3,22,189,0,214,200,0,200,414
11/10/2009,PTK,MI,AGL,CE,Towers with Radar,1,26,83,0,110,0,5,96,0,101,1,31,179,0,211,228,0,228,439
11/11/2009,PTK,MI,AGL,CE,Towers with Radar,2,31,113,0,146,0,0,170,0,170,2,31,283,0,316,262,0,262,578
11/12/2009,PTK,MI,AGL,CE,Towers with Radar,4,31,60,0,95,0,0,85,0,85,4,31,145,0,180,150,0,150,330
11/13/2009,PTK,MI,AGL,CE,Towers with Radar,2,20,102,1,125,17,1,116,0,134,19,21,218,1,259,146,0,146,405
11/14/2009,PTK,MI,AGL,CE,Towers with Radar,0,14,68,0,82,0,0,232,0,232,0,14,300,0,314,452,0,452,766
11/15/2009,PTK,MI,AGL,CE,Towers with Radar,4,17,78,0,99,1,0,142,0,143,5,17,220,0,242,254,0,254,496
11/16/2009,PTK,MI,AGL,CE,Towers with Radar,1,16,61,0,78,0,2,73,0,75,1,18,134,0,153,196,0,196,349
11/17/2009,PTK,MI,AGL,CE,Towers with Radar,0,2,25,61,88,0,3,88,0,91,0,5,113,61,179,84,0,84,263
11/18/2009,PTK,MI,AGL,CE,Towers with Radar,6,21,89,0,116,0,5,115,0,120,6,26,204,0,236,312,0,312,548
11/19/2009,PTK,MI,AGL,CE,Towers with Radar,4,37,99,0,140,0,0,28,0,28,4,37,127,0,168,130,0,130,298
11/20/2009,PTK,MI,AGL,CE,Towers with Radar,1,31,88,0,120,0,0,0,0,0,1,31,88,0,120,44,0,44,164
11/21/2009,PTK,MI,AGL,CE,Towers with Radar,2,16,64,0,82,0,0,149,0,149,2,16,213,0,231,360,0,360,591
11/22/2009,PTK,MI,AGL,CE,Towers with Radar,0,17,105,0,122,0,0,50,0,50,0,17,155,0,172,252,0,252,424
11/23/2009,PTK,MI,AGL,CE,Towers with Radar,0,25,79,0,104,0,0,33,0,33,0,25,112,0,137,84,0,84,221
11/24/2009,PTK,MI,AGL,CE,Towers with Radar,4,31,98,2,135,0,0,6,0,6,4,31,104,2,141,156,0,156,297
11/25/2009,PTK,MI,AGL,CE,Towers with Radar,1,31,78,0,110,0,0,10,0,10,1,31,88,0,120,72,0,72,192
11/26/2009,PTK,MI,AGL,CE,Towers with Radar,2,12,15,0,29,0,0,8,0,8,2,12,23,0,37,78,0,78,115
11/27/2009,PTK,MI,AGL,CE,Towers with Radar,4,11,32,0,47,0,0,35,0,35,4,11,67,0,82,160,0,160,242
11/28/2009,PTK,MI,AGL,CE,Towers with Radar,1,6,82,0,89,0,0,291,0,291,1,6,373,0,380,414,0,414,794
11/29/2009,PTK,MI,AGL,CE,Towers with Radar,5,24,102,0,131,0,0,34,0,34,5,24,136,0,165,108,0,108,273
11/30/2009,PTK,MI,AGL,CE,Towers with Radar,3,33,74,0,110,0,1,97,0,98,3,34,171,0,208,186,0,186,394
12/01/2009,PTK,MI,AGL,CE,Towers with Radar,3,32,61,0,96,0,6,124,0,130,3,38,185,0,226,268,0,268,494
12/02/2009,PTK,MI,AGL,CE,Towers with Radar,3,25,93,0,121,0,0,100,0,100,3,25,193,0,221,222,0,222,443
12/03/2009,PTK,MI,AGL,CE,Towers with Radar,6,34,65,0,105,0,0,16,0,16,6,34,81,0,121,76,0,76,197
12/04/2009,PTK,MI,AGL,CE,Towers with Radar,5,23,62,0,90,0,3,80,0,83,5,26,142,0,173,86,0,86,259
12/05/2009,PTK,MI,AGL,CE,Towers with Radar,0,11,245,0,256,0,0,428,0,428,0,11,673,0,684,290,0,290,974
12/06/2009,PTK,MI,AGL,CE,Towers with Radar,2,7,57,0,66,0,1,134,0,135,2,8,191,0,201,172,0,172,373
12/07/2009,PTK,MI,AGL,CE,Towers with Radar,4,27,51,0,82,0,0,54,0,54,4,27,105,0,136,196,0,196,332
12/08/2009,PTK,MI,AGL,CE,Towers with Radar,7,21,75,0,103,0,0,44,0,44,7,21,119,0,147,160,0,160,307
12/09/2009,PTK,MI,AGL,CE,Towers with Radar,8,17,43,0,68,0,0,2,0,2,8,17,45,0,70,0,0,0,70
12/10/2009,PTK,MI,AGL,CE,Towers with Radar,8,24,75,0,107,2,3,5,0,10,10,27,80,0,117,0,0,0,117
12/11/2009,PTK,MI,AGL,CE,Towers with Radar,4,22,63,0,89,3,0,14,0,17,7,22,77,0,106,68,0,68,174
12/12/2009,PTK,MI,AGL,CE,Towers with Radar,3,19,74,0,96,0,0,227,0,227,3,19,301,0,323,288,0,288,611
12/13/2009,PTK,MI,AGL,CE,Towers with Radar,0,11,40,0,51,0,0,0,0,0,0,11,40,0,51,0,0,0,51
12/14/2009,PTK,MI,AGL,CE,Towers with Radar,4,21,60,0,85,0,0,1,0,1,4,21,61,0,86,10,0,10,96
12/15/2009,PTK,MI,AGL,CE,Towers with Radar,5,18,64,0,87,0,0,0,0,0,5,18,64,0,87,0,0,0,87
12/16/2009,PTK,MI,AGL,CE,Towers with Radar,5,30,84,0,119,0,2,98,0,100,5,32,182,0,219,130,0,130,349
12/17/2009,PTK,MI,AGL,CE,Towers with Radar,8,35,90,0,133,0,3,139,0,142,8,38,229,0,275,316,0,316,591
12/18/2009,PTK,MI,AGL,CE,Towers with Radar,5,21,72,0,98,1,2,90,0,93,6,23,162,0,191,86,0,86,277
12/19/2009,PTK,MI,AGL,CE,Towers with Radar,3,10,81,0,94,0,0,37,0,37,3,10,118,0,131,60,0,60,191
12/20/2009,PTK,MI,AGL,CE,Towers with Radar,2,11,62,0,75,0,1,146,0,147,2,12,208,0,222,242,0,242,464
12/21/2009,PTK,MI,AGL,CE,Towers with Radar,6,23,48,0,77,0,1,46,0,47,6,24,94,0,124,152,0,152,276
12/22/2009,PTK,MI,AGL,CE,Towers with Radar,0,16,68,0,84,0,2,88,0,90,0,18,156,0,174,106,0,106,280
12/23/2009,PTK,MI,AGL,CE,Towers with Radar,1,16,65,0,82,0,0,148,0,148,1,16,213,0,230,258,0,258,488
12/24/2009,PTK,MI,AGL,CE,Towers with Radar,5,8,23,0,36,0,0,1,0,1,5,8,24,0,37,0,0,0,37
12/25/2009,PTK,MI,AGL,CE,Towers with Radar,1,8,9,0,18,0,0,0,0,0,1,8,9,0,18,0,0,0,18
12/26/2009,PTK,MI,AGL,CE,Towers with Radar,2,18,66,0,86,0,0,60,0,60,2,18,126,0,146,108,0,108,254
12/27/2009,PTK,MI,AGL,CE,Towers with Radar,0,20,50,0,70,0,0,25,0,25,0,20,75,0,95,10,0,10,105
12/28/2009,PTK,MI,AGL,CE,Towers with Radar,1,10,28,0,39,0,0,2,0,2,1,10,30,0,41,6,0,6,47
12/29/2009,PTK,MI,AGL,CE,Towers with Radar,1,8,55,0,64,0,2,129,0,131,1,10,184,0,195,346,0,346,541
12/30/2009,PTK,MI,AGL,CE,Towers with Radar,1,5,44,0,50,0,0,99,0,99,1,5,143,0,149,120,0,120,269
12/31/2009,PTK,MI,AGL,CE,Towers with Radar,1,4,21,0,26,0,0,3,0,3,1,4,24,0,29,0,0,0,29
01/01/2010,PTK,MI,AGL,CE,Towers with Radar,2,4,24,0,30,0,0,4,0,4,2,4,28,0,34,8,0,8,42
01/02/2010,PTK,MI,AGL,CE,Towers with Radar,0,13,58,0,71,0,1,56,0,57,0,14,114,0,128,26,0,26,154
01/03/2010,PTK,MI,AGL,CE,Towers with Radar,1,13,80,0,94,0,0,59,0,59,1,13,139,0,153,76,0,76,229
01/04/2010,PTK,MI,AGL,CE,Towers with Radar,2,12,39,0,53,0,0,18,0,18,2,12,57,0,71,38,0,38,109
01/05/2010,PTK,MI,AGL,CE,Towers with Radar,3,18,49,0,70,0,0,6,0,6,3,18,55,0,76,30,0,30,106
01/06/2010,PTK,MI,AGL,CE,Towers with Radar,2,18,56,0,76,2,3,33,7,45,4,21,89,7,121,120,0,120,241
01/07/2010,PTK,MI,AGL,CE,Towers with Radar,1,25,48,0,74,0,0,11,0,11,1,25,59,0,85,48,0,48,133
01/08/2010,PTK,MI,AGL,CE,Towers with Radar,0,11,39,0,50,2,0,22,0,24,2,11,61,0,74,46,0,46,120
01/09/2010,PTK,MI,AGL,CE,Towers with Radar,2,12,52,0,66,0,0,219,0,219,2,12,271,0,285,324,0,324,609
01/10/2010,PTK,MI,AGL,CE,Towers with Radar,1,12,72,0,85,0,0,195,0,195,1,12,267,0,280,198,0,198,478
01/11/2010,PTK,MI,AGL,CE,Towers with Radar,1,20,52,0,73,0,0,0,0,0,1,20,52,0,73,0,0,0,73
01/12/2010,PTK,MI,AGL,CE,Towers with Radar,0,14,67,0,81,0,0,84,0,84,0,14,151,0,165,184,0,184,349
01/13/2010,PTK,MI,AGL,CE,Towers with Radar,1,23,93,0,117,1,5,170,0,176,2,28,263,0,293,132,0,132,425
01/14/2010,PTK,MI,AGL,CE,Towers with Radar,3,21,92,0,116,0,1,79,0,80,3,22,171,0,196,196,0,196,392
01/15/2010,PTK,MI,AGL,CE,Towers with Radar,1,16,65,0,82,0,0,51,0,51,1,16,116,0,133,194,0,194,327
01/16/2010,PTK,MI,AGL,CE,Towers with Radar,1,11,66,0,78,0,0,148,0,148,1,11,214,0,226,318,0,318,544
01/17/2010,PTK,MI,AGL,CE,Towers with Radar,0,10,40,1,51,0,0,25,0,25,0,10,65,1,76,38,0,38,114
01/18/2010,PTK,MI,AGL,CE,Towers with Radar,0,18,45,0,63,0,0,0,0,0,0,18,45,0,63,0,0,0,63
01/19/2010,PTK,MI,AGL,CE,Towers with Radar,1,18,75,0,94,0,2,53,0,55,1,20,128,0,149,184,0,184,333
01/20/2010,PTK,MI,AGL,CE,Towers with Radar,2,21,91,0,114,1,7,112,0,120,3,28,203,0,234,274,0,274,508
01/21/2010,PTK,MI,AGL,CE,Towers with Radar,8,29,91,0,128,2,6,98,0,106,10,35,189,0,234,122,0,122,356
01/22/2010,PTK,MI,AGL,CE,Towers with Radar,1,14,75,0,90,0,4,90,0,94,1,18,165,0,184,202,0,202,386
01/23/2010,PTK,MI,AGL,CE,Towers with Radar,0,0,0,0,0,0,9,181,0,190,0,9,181,0,190,286,0,286,476
01/24/2010,PTK,MI,AGL,CE,Towers with Radar,0,10,29,0,39,0,0,0,0,0,0,10,29,0,39,0,0,0,39
01/25/2010,PTK,MI,AGL,CE,Towers with Radar,0,17,54,0,71,0,0,9,0,9,0,17,63,0,80,44,0,44,124
01/26/2010,PTK,MI,AGL,CE,Towers with Radar,1,27,49,0,77,0,1,19,0,20,1,28,68,0,97,66,0,66,163
01/27/2010,PTK,MI,AGL,CE,Towers with Radar,0,19,73,0,92,0,2,61,0,63,0,21,134,0,155,86,0,86,241
01/28/2010,PTK,MI,AGL,CE,Towers with Radar,5,19,71,0,95,2,2,64,0,68,7,21,135,0,163,52,0,52,215
01/29/2010,PTK,MI,AGL,CE,Towers with Radar,3,12,80,0,95,0,1,156,0,157,3,13,236,0,252,134,0,134,386
01/30/2010,PTK,MI,AGL,CE,Towers with Radar,1,7,55,0,63,2,0,258,0,260,3,7,313,0,323,470,0,470,793
01/31/2010,PTK,MI,AGL,CE,Towers with Radar,2,10,60,0,72,0,2,104,0,106,2,12,164,0,178,178,0,178,356
02/01/2010,PTK,MI,AGL,CE,Towers with Radar,0,11,51,0,62,0,0,97,0,97,0,11,148,0,159,200,0,200,359
02/02/2010,PTK,MI,AGL,CE,Towers with Radar,2,18,54,0,74,0,0,1,0,1,2,18,55,0,75,0,0,0,75
02/03/2010,PTK,MI,AGL,CE,Towers with Radar,1,10,62,0,73,2,4,47,0,53,3,14,109,0,126,240,0,240,366
02/04/2010,PTK,MI,AGL,CE,Towers with Radar,0,25,89,0,114,0,2,172,0,174,0,27,261,0,288,202,0,202,490
02/05/2010,PTK,MI,AGL,CE,Towers with Radar,0,24,68,0,92,0,2,84,0,86,0,26,152,0,178,288,0,288,466
02/06/2010,PTK,MI,AGL,CE,Towers with Radar,1,11,37,0,49,0,0,90,0,90,1,11,127,0,139,174,0,174,313
02/07/2010,PTK,MI,AGL,CE,Towers with Radar,0,11,57,0,68,0,2,124,0,126,0,13,181,0,194,356,0,356,550
02/08/2010,PTK,MI,AGL,CE,Towers with Radar,0,20,68,0,88,1,2,124,0,127,1,22,192,0,215,132,0,132,347
02/09/2010,PTK,MI,AGL,CE,Towers with Radar,2,17,37,0,56,0,0,0,0,0,2,17,37,0,56,0,0,0,56
02/10/2010,PTK,MI,AGL,CE,Towers with Radar,3,18,27,0,48,0,0,11,0,11,3,18,38,0,59,44,0,44,103
02/11/2010,PTK,MI,AGL,CE,Towers with Radar,2,22,87,0,111,4,3,73,0,80,6,25,160,0,191,90,0,90,281
02/12/2010,PTK,MI,AGL,CE,Towers with Radar,0,35,60,0,95,0,0,103,0,103,0,35,163,0,198,146,0,146,344
02/13/2010,PTK,MI,AGL,CE,Towers with Radar,0,17,57,0,74,0,11,135,0,146,0,28,192,0,220,116,0,116,336
02/14/2010,PTK,MI,AGL,CE,Towers with Radar,0,8,40,0,48,0,0,28,0,28,0,8,68,0,76,80,0,80,156
02/15/2010,PTK,MI,AGL,CE,Towers with Radar,2,20,59,0,81,0,0,39,0,39,2,20,98,0,120,144,0,144,264
02/16/2010,PTK,MI,AGL,CE,Towers with Radar,2,24,73,0,99,0,0,3,0,3,2,24,76,0,102,0,0,0,102
02/17/2010,PTK,MI,AGL,CE,Towers with Radar,2,22,81,0,105,0,0,26,0,26,2,22,107,0,131,46,0,46,177
02/18/2010,PTK,MI,AGL,CE,Towers with Radar,3,24,82,0,109,0,6,72,0,78,3,30,154,0,187,80,0,80,267
02/19/2010,PTK,MI,AGL,CE,Towers with Radar,3,21,71,0,95,0,2,109,0,111,3,23,180,0,206,78,0,78,284
02/20/2010,PTK,MI,AGL,CE,Towers with Radar,1,22,81,0,104,0,5,303,0,308,1,27,384,0,412,384,0,384,796
02/21/2010,PTK,MI,AGL,CE,Towers with Radar,2,15,77,0,94,0,0,132,0,132,2,15,209,0,226,204,0,204,430
02/22/2010,PTK,MI,AGL,CE,Towers with Radar,2,15,36,0,53,0,0,0,0,0,2,15,36,0,53,0,0,0,53
02/23/2010,PTK,MI,AGL,CE,Towers with Radar,0,24,68,0,92,0,1,9,0,10,0,25,77,0,102,30,0,30,132
02/24/2010,PTK,MI,AGL,CE,Towers with Radar,1,19,57,0,77,0,0,0,0,0,1,19,57,0,77,0,0,0,77
02/25/2010,PTK,MI,AGL,CE,Towers with Radar,4,30,72,0,106,2,0,31,0,33,6,30,103,0,139,62,0,62,201
02/26/2010,PTK,MI,AGL,CE,Towers with Radar,0,24,47,0,71,0,0,0,0,0,0,24,47,0,71,0,0,0,71
02/27/2010,PTK,MI,AGL,CE,Towers with Radar,2,12,20,0,34,0,0,12,0,12,2,12,32,0,46,44,0,44,90
02/28/2010,PTK,MI,AGL,CE,Towers with Radar,0,23,53,0,76,0,0,60,0,60,0,23,113,0,136,194,0,194,330
03/01/2010,PTK,MI,AGL,CE,Towers with Radar,5,24,52,0,81,3,2,103,0,108,8,26,155,0,189,82,0,82,271
03/02/2010,PTK,MI,AGL,CE,Towers with Radar,4,23,71,0,98,0,0,56,0,56,4,23,127,0,154,90,0,90,244
03/03/2010,PTK,MI,AGL,CE,Towers with Radar,0,19,76,0,95,0,1,83,0,84,0,20,159,0,179,144,0,144,323
03/04/2010,PTK,MI,AGL,CE,Towers with Radar,1,32,73,1,107,0,2,114,0,116,1,34,187,1,223,188,0,188,411
03/05/2010,PTK,MI,AGL,CE,Towers with Radar,1,35,109,0,145,0,2,144,0,146,1,37,253,0,291,162,0,162,453
03/06/2010,PTK,MI,AGL,CE,Towers with Radar,1,10,81,0,92,0,1,305,1,307,1,11,386,1,399,348,0,348,747
03/07/2010,PTK,MI,AGL,CE,Towers with Radar,4,15,58,0,77,0,1,170,0,171,4,16,228,0,248,182,0,182,430
03/08/2010,PTK,MI,AGL,CE,Towers with Radar,1,27,78,0,106,0,1,106,0,107,1,28,184,0,213,148,0,148,361
03/09/2010,PTK,MI,AGL,CE,Towers with Radar,0,17,77,0,94,0,1,96,0,97,0,18,173,0,191,148,0,148,339
03/10/2010,PTK,MI,AGL,CE,Towers with Radar,2,27,76,0,105,0,0,48,0,48,2,27,124,0,153,138,0,138,291
03/11/2010,PTK,MI,AGL,CE,Towers with Radar,2,29,76,0,107,4,3,50,0,57,6,32,126,0,164,170,0,170,334
03/12/2010,PTK,MI,AGL,CE,Towers with Radar,2,23,71,0,96,0,0,0,0,0,2,23,71,0,96,0,0,0,96
03/13/2010,PTK,MI,AGL,CE,Towers with Radar,0,7,29,14,50,0,0,0,0,0,0,7,29,14,50,0,0,0,50
03/14/2010,PTK,MI,AGL,CE,Towers with Radar,3,10,53,0,66,0,0,12,0,12,3,10,65,0,78,36,0,36,114
03/15/2010,PTK,MI,AGL,CE,Towers with Radar,2,16,92,0,110,0,1,17,0,18,2,17,109,0,128,3,0,3,131
03/16/2010,PTK,MI,AGL,CE,Towers with Radar,4,15,97,0,116,0,0,171,0,171,4,15,268,0,287,228,0,228,515
03/17/2010,PTK,MI,AGL,CE,Towers with Radar,0,33,70,2,105,0,2,144,2,148,0,35,214,4,253,280,0,280,533
03/18/2010,PTK,MI,AGL,CE,Towers with Radar,3,34,79,0,116,1,0,124,0,125,4,34,203,0,241,188,0,188,429
03/19/2010,PTK,MI,AGL,CE,Towers with Radar,0,25,87,0,112,0,1,153,0,154,0,26,240,0,266,288,0,288,554
03/20/2010,PTK,MI,AGL,CE,Towers with Radar,0,14,40,0,54,0,1,41,0,42,0,15,81,0,96,156,0,156,252
03/21/2010,PTK,MI,AGL,CE,Towers with Radar,1,13,67,0,81,0,0,113,0,113,1,13,180,0,194,134,0,134,328
03/22/2010,PTK,MI,AGL,CE,Towers with Radar,3,19,59,0,81,0,2,34,0,36,3,21,93,0,117,48,0,48,165
03/23/2010,PTK,MI,AGL,CE,Towers with Radar,4,25,65,1,95,0,6,50,0,56,4,31,115,1,151,26,0,26,177
03/24/2010,PTK,MI,AGL,CE,Towers with Radar,0,28,86,0,114,1,4,178,0,183,1,32,264,0,297,288,0,288,585
03/25/2010,PTK,MI,AGL,CE,Towers with Radar,0,17,70,0,87,0,4,59,0,63,0,21,129,0,150,122,0,122,272
03/26/2010,PTK,MI,AGL,CE,Towers with Radar,1,27,84,0,112,0,7,117,0,124,1,34,201,0,236,200,0,200,436
03/27/2010,PTK,MI,AGL,CE,Towers with Radar,0,11,101,0,112,0,1,250,0,251,0,12,351,0,363,252,0,252,615
03/28/2010,PTK,MI,AGL,CE,Towers with Radar,1,9,56,0,66,0,0,38,0,38,1,9,94,0,104,12,0,12,116
03/29/2010,PTK,MI,AGL,CE,Towers with Radar,0,23,73,0,96,0,39,0,0,39,0,62,73,0,135,150,0,150,285
03/30/2010,PTK,MI,AGL,CE,Towers with Radar,0,2,19,76,97,0,2,127,0,129,0,4,146,76,226,212,0,212,438
03/31/2010,PTK,MI,AGL,CE,Towers with Radar,8,28,102,0,138,0,2,175,0,177,8,30,277,0,315,174,0,174,489
04/01/2010,PTK,MI,AGL,CE,Towers with Radar,2,24,92,0,118,0,7,121,0,128,2,31,213,0,246,174,0,174,420
04/02/2010,PTK,MI,AGL,CE,Towers with Radar,1,18,69,0,88,0,0,132,0,132,1,18,201,0,220,336,0,336,556
04/03/2010,PTK,MI,AGL,CE,Towers with Radar,0,14,50,0,64,0,0,110,0,110,0,14,160,0,174,78,0,78,252
04/04/2010,PTK,MI,AGL,CE,Towers with Radar,0,12,49,0,61,0,0,72,0,72,0,12,121,0,133,50,0,50,183
04/05/2010,PTK,MI,AGL,CE,Towers with Radar,0,11,84,0,95,0,0,133,0,133,0,11,217,0,228,192,0,192,420
04/06/2010,PTK,MI,AGL,CE,Towers with Radar,0,27,64,0,91,0,3,25,0,28,0,30,89,0,119,44,0,44,163
04/07/2010,PTK,MI,AGL,CE,Towers with Radar,3,23,57,0,83,0,3,71,0,74,3,26,128,0,157,102,0,102,259
04/08/2010,PTK,MI,AGL,CE,Towers with Radar,3,20,79,0,102,0,2,40,0,42,3,22,119,0,144,68,0,68,212
04/09/2010,PTK,MI,AGL,CE,Towers with Radar,1,15,76,0,92,0,2,58,0,60,1,17,134,0,152,72,0,72,224
04/10/2010,PTK,MI,AGL,CE,Towers with Radar,2,11,73,0,86,0,0,175,0,175,2,11,248,0,261,172,0,172,433
04/11/2010,PTK,MI,AGL,CE,Towers with Radar,2,19,107,0,128,0,1,190,0,191,2,20,297,0,319,272,0,272,591
04/12/2010,PTK,MI,AGL,CE,Towers with Radar,3,16,49,0,68,13,3,138,0,154,16,19,187,0,222,260,0,260,482
04/13/2010,PTK,MI,AGL,CE,Towers with Radar,2,15,95,0,112,6,0,86,0,92,8,15,181,0,204,160,0,160,364
04/14/2010,PTK,MI,AGL,CE,Towers with Radar,0,11,99,0,110,6,10,132,0,148,6,21,231,0,258,206,0,206,464
04/15/2010,PTK,MI,AGL,CE,Towers with Radar,0,11,84,0,95,5,5,117,0,127,5,16,201,0,222,226,0,226,448
04/16/2010,PTK,MI,AGL,CE,Towers with Radar,2,15,81,0,98,3,3,43,2,51,5,18,124,2,149,70,0,70,219
04/17/2010,PTK,MI,AGL,CE,Towers with Radar,1,8,43,0,52,0,0,46,0,46,1,8,89,0,98,36,0,36,134
04/18/2010,PTK,MI,AGL,CE,Towers with Radar,0,6,76,0,82,0,0,169,0,169,0,6,245,0,251,158,0,158,409
04/19/2010,PTK,MI,AGL,CE,Towers with Radar,2,12,66,0,80,3,1,164,0,168,5,13,230,0,248,214,0,214,462
04/20/2010,PTK,MI,AGL,CE,Towers with Radar,2,23,74,1,100,1,1,177,0,179,3,24,251,1,279,254,0,254,533
04/21/2010,PTK,MI,AGL,CE,Towers with Radar,3,18,89,0,110,0,1,124,0,125,3,19,213,0,235,230,0,230,465
04/22/2010,PTK,MI,AGL,CE,Towers with Radar,1,23,76,0,100,0,3,101,0,104,1,26,177,0,204,230,0,230,434
04/23/2010,PTK,MI,AGL,CE,Towers with Radar,0,27,79,0,106,2,0,172,0,174,2,27,251,0,280,234,0,234,514
04/24/2010,PTK,MI,AGL,CE,Towers with Radar,0,11,62,0,73,0,2,92,2,96,0,13,154,2,169,232,0,232,401
04/25/2010,PTK,MI,AGL,CE,Towers with Radar,0,11,59,0,70,0,0,0,0,0,0,11,59,0,70,0,0,0,70
04/26/2010,PTK,MI,AGL,CE,Towers with Radar,2,15,64,0,81,0,0,58,0,58,2,15,122,0,139,24,0,24,163
04/27/2010,PTK,MI,AGL,CE,Towers with Radar,1,21,64,0,86,0,2,81,0,83,1,23,145,0,169,36,0,36,205
04/28/2010,PTK,MI,AGL,CE,Towers with Radar,3,21,96,0,120,0,0,143,0,143,3,21,239,0,263,226,0,226,489
04/29/2010,PTK,MI,AGL,CE,Towers with Radar,2,24,86,0,112,0,5,140,0,145,2,29,226,0,257,250,0,250,507
04/30/2010,PTK,MI,AGL,CE,Towers with Radar,1,19,79,0,99,0,1,134,0,135,1,20,213,0,234,42,0,42,276
05/01/2010,PTK,MI,AGL,CE,Towers with Radar,0,12,56,0,68,0,1,30,0,31,0,13,86,0,99,16,0,16,115
05/02/2010,PTK,MI,AGL,CE,Towers with Radar,1,14,54,0,69,0,0,13,0,13,1,14,67,0,82,64,0,64,146
05/03/2010,PTK,MI,AGL,CE,Towers with Radar,0,21,71,0,92,1,1,118,0,120,1,22,189,0,212,106,0,106,318
05/04/2010,PTK,MI,AGL,CE,Towers with Radar,0,15,103,0,118,0,0,104,0,104,0,15,207,0,222,146,0,146,368
05/05/2010,PTK,MI,AGL,CE,Towers with Radar,2,19,83,0,104,0,0,79,0,79,2,19,162,0,183,88,0,88,271
05/06/2010,PTK,MI,AGL,CE,Towers with Radar,5,36,83,0,124,0,0,177,1,178,5,36,260,1,302,248,0,248,550
05/07/2010,PTK,MI,AGL,CE,Towers with Radar,8,30,64,0,102,0,0,15,0,15,8,30,79,0,117,2,0,2,119
05/08/2010,PTK,MI,AGL,CE,Towers with Radar,1,3,34,0,38,0,0,4,0,4,1,3,38,0,42,12,0,12,54
05/09/2010,PTK,MI,AGL,CE,Towers with Radar,0,9,63,0,72,0,0,100,0,100,0,9,163,0,172,94,0,94,266
05/10/2010,PTK,MI,AGL,CE,Towers with Radar,1,18,76,0,95,4,8,164,0,176,5,26,240,0,271,198,0,198,469
05/11/2010,PTK,MI,AGL,CE,Towers with Radar,4,18,65,0,87,0,0,2,0,2,4,18,67,0,89,0,0,0,89
05/12/2010,PTK,MI,AGL,CE,Towers with Radar,4,11,86,0,101,0,1,47,0,48,4,12,133,0,149,252,0,252,401
05/13/2010,PTK,MI,AGL,CE,Towers with Radar,4,16,44,0,64,0,0,2,0,2,4,16,46,0,66,0,0,0,66
05/14/2010,PTK,MI,AGL,CE,Towers with Radar,8,27,106,0,141,0,2,123,0,125,8,29,229,0,266,150,0,150,416
05/15/2010,PTK,MI,AGL,CE,Towers with Radar,1,15,85,0,101,0,0,230,0,230,1,15,315,0,331,420,0,420,751
05/16/2010,PTK,MI,AGL,CE,Towers with Radar,2,13,90,1,106,0,0,202,0,202,2,13,292,1,308,276,0,276,584
05/17/2010,PTK,MI,AGL,CE,Towers with Radar,3,26,76,0,105,0,1,92,0,93,3,27,168,0,198,218,0,218,416
05/18/2010,PTK,MI,AGL,CE,Towers with Radar,4,18,98,0,120,4,2,36,0,42,8,20,134,0,162,112,0,112,274
05/19/2010,PTK,MI,AGL,CE,Towers with Radar,18,9,84,0,111,0,4,152,0,156,18,13,236,0,267,246,0,246,513
05/20/2010,PTK,MI,AGL,CE,Towers with Radar,3,31,101,0,135,0,2,134,0,136,3,33,235,0,271,296,0,296,567
05/21/2010,PTK,MI,AGL,CE,Towers with Radar,1,17,81,0,99,0,3,66,0,69,1,20,147,0,168,82,0,82,250
05/22/2010,PTK,MI,AGL,CE,Towers with Radar,2,9,68,0,79,0,0,27,0,27,2,9,95,0,106,80,0,80,186
05/23/2010,PTK,MI,AGL,CE,Towers with Radar,0,12,65,0,77,0,0,188,0,188,0,12,253,0,265,172,0,172,437
05/24/2010,PTK,MI,AGL,CE,Towers with Radar,6,16,73,0,95,2,3,136,4,145,8,19,209,4,240,128,0,128,368
05/25/2010,PTK,MI,AGL,CE,Towers with Radar,3,20,77,0,100,1,5,121,0,127,4,25,198,0,227,124,0,124,351
05/26/2010,PTK,MI,AGL,CE,Towers with Radar,3,19,98,0,120,11,5,110,0,126,14,24,208,0,246,246,0,246,492
05/27/2010,PTK,MI,AGL,CE,Towers with Radar,4,26,88,0,118,2,2,126,0,130,6,28,214,0,248,176,0,176,424
05/28/2010,PTK,MI,AGL,CE,Towers with Radar,3,16,96,0,115,1,2,159,0,162,4,18,255,0,277,168,0,168,445
05/29/2010,PTK,MI,AGL,CE,Towers with Radar,0,9,62,0,71,0,0,205,0,205,0,9,267,0,276,90,0,90,366
05/30/2010,PTK,MI,AGL,CE,Towers with Radar,0,11,59,0,70,0,0,149,0,149,0,11,208,0,219,150,0,150,369
05/31/2010,PTK,MI,AGL,CE,Towers with Radar,2,14,57,1,74,1,3,59,1,64,3,17,116,2,138,180,0,180,318
06/01/2010,PTK,MI,AGL,CE,Towers with Radar,2,23,73,0,98,2,3,143,1,149,4,26,216,1,247,200,0,200,447
06/02/2010,PTK,MI,AGL,CE,Towers with Radar,7,26,86,0,119,0,0,12,0,12,7,26,98,0,131,152,0,152,283
06/03/2010,PTK,MI,AGL,CE,Towers with Radar,8,28,96,0,132,1,4,106,0,111,9,32,202,0,243,218,0,218,461
06/04/2010,PTK,MI,AGL,CE,Towers with Radar,7,13,97,0,117,0,0,111,0,111,7,13,208,0,228,112,0,112,340
06/05/2010,PTK,MI,AGL,CE,Towers with Radar,4,15,72,0,91,0,0,161,0,161,4,15,233,0,252,206,0,206,458
06/06/2010,PTK,MI,AGL,CE,Towers with Radar,2,4,69,0,75,0,0,23,0,23,2,4,92,0,98,18,0,18,116
06/07/2010,PTK,MI,AGL,CE,Towers with Radar,6,23,80,0,109,1,3,119,0,123,7,26,199,0,232,274,0,274,506
06/08/2010,PTK,MI,AGL,CE,Towers with Radar,8,21,72,0,101,0,1,112,0,113,8,22,184,0,214,150,0,150,364
06/09/2010,PTK,MI,AGL,CE,Towers with Radar,12,21,89,0,122,2,3,77,0,82,14,24,166,0,204,78,0,78,282
06/10/2010,PTK,MI,AGL,CE,Towers with Radar,10,30,113,0,153,3,2,184,0,189,13,32,297,0,342,298,0,298,640
06/11/2010,PTK,MI,AGL,CE,Towers with Radar,10,39,96,0,145,2,2,102,0,106,12,41,198,0,251,122,0,122,373
06/12/2010,PTK,MI,AGL,CE,Towers with Radar,4,12,80,0,96,0,0,104,0,104,4,12,184,0,200,156,0,156,356
06/13/2010,PTK,MI,AGL,CE,Towers with Radar,3,16,82,1,102,0,0,71,1,72,3,16,153,2,174,134,0,134,308
06/14/2010,PTK,MI,AGL,CE,Towers with Radar,3,29,79,0,111,0,0,77,0,77,3,29,156,0,188,190,0,190,378
06/15/2010,PTK,MI,AGL,CE,Towers with Radar,7,22,82,0,111,0,2,81,0,83,7,24,163,0,194,204,0,204,398
06/16/2010,PTK,MI,AGL,CE,Towers with Radar,10,24,72,0,106,0,2,73,2,77,10,26,145,2,183,110,0,110,293
06/17/2010,PTK,MI,AGL,CE,Towers with Radar,17,28,116,0,161,0,1,205,0,206,17,29,321,0,367,254,0,254,621
06/18/2010,PTK,MI,AGL,CE,Towers with Radar,9,40,74,0,123,0,1,126,0,127,9,41,200,0,250,94,0,94,344
06/19/2010,PTK,MI,AGL,CE,Towers with Radar,3,12,56,0,71,1,0,148,0,149,4,12,204,0,220,196,0,196,416
06/20/2010,PTK,MI,AGL,CE,Towers with Radar,3,17,95,0,115,0,0,183,0,183,3,17,278,0,298,94,0,94,392
06/21/2010,PTK,MI,AGL,CE,Towers with Radar,2,20,72,0,94,0,1,143,0,144,2,21,215,0,238,212,0,212,450
06/22/2010,PTK,MI,AGL,CE,Towers with Radar,6,20,72,0,98,0,0,58,0,58,6,20,130,0,156,102,0,102,258
06/23/2010,PTK,MI,AGL,CE,Towers with Radar,5,25,83,0,113,0,0,44,1,45,5,25,127,1,158,68,0,68,226
06/24/2010,PTK,MI,AGL,CE,Towers with Radar,4,22,115,0,141,0,2,120,0,122,4,24,235,0,263,168,0,168,431
06/25/2010,PTK,MI,AGL,CE,Towers with Radar,7,31,131,1,170,1,5,210,0,216,8,36,341,1,386,252,0,252,638
06/26/2010,PTK,MI,AGL,CE,Towers with Radar,3,14,56,0,73,1,0,127,0,128,4,14,183,0,201,156,0,156,357
06/27/2010,PTK,MI,AGL,CE,Towers with Radar,0,20,61,0,81,4,2,56,0,62,4,22,117,0,143,88,0,88,231
06/28/2010,PTK,MI,AGL,CE,Towers with Radar,1,37,92,0,130,0,2,131,0,133,1,39,223,0,263,152,0,152,415
06/29/2010,PTK,MI,AGL,CE,Towers with Radar,4,25,101,0,130,0,4,105,0,109,4,29,206,0,239,196,0,196,435
06/30/2010,PTK,MI,AGL,CE,Towers with Radar,9,29,120,0,158,0,0,133,0,133,9,29,253,0,291,190,0,190,481
07/01/2010,PTK,MI,AGL,CE,Towers with Radar,4,20,103,0,127,0,1,162,0,163,4,21,265,0,290,232,0,232,522
07/02/2010,PTK,MI,AGL,CE,Towers with Radar,2,18,96,0,116,3,3,231,0,237,5,21,327,0,353,208,0,208,561
07/03/2010,PTK,MI,AGL,CE,Towers with Radar,3,3,60,0,66,0,0,193,0,193,3,3,253,0,259,130,0,130,389
07/04/2010,PTK,MI,AGL,CE,Towers with Radar,0,3,34,0,37,0,1,91,0,92,0,4,125,0,129,82,0,82,211
07/05/2010,PTK,MI,AGL,CE,Towers with Radar,0,8,72,0,80,0,0,155,0,155,0,8,227,0,235,138,0,138,373
07/06/2010,PTK,MI,AGL,CE,Towers with Radar,0,14,81,0,95,0,0,87,0,87,0,14,168,0,182,154,0,154,336
07/07/2010,PTK,MI,AGL,CE,Towers with Radar,2,22,74,0,98,0,1,132,1,134,2,23,206,1,232,172,0,172,404
07/08/2010,PTK,MI,AGL,CE,Towers with Radar,4,17,70,0,91,0,1,53,0,54,4,18,123,0,145,100,0,100,245
07/09/2010,PTK,MI,AGL,CE,Towers with Radar,7,23,89,0,119,0,0,124,0,124,7,23,213,0,243,172,0,172,415
07/10/2010,PTK,MI,AGL,CE,Towers with Radar,2,9,76,0,87,0,1,192,0,193,2,10,268,0,280,152,0,152,432
07/11/2010,PTK,MI,AGL,CE,Towers with Radar,0,15,72,0,87,0,1,167,0,168,0,16,239,0,255,170,0,170,425
07/12/2010,PTK,MI,AGL,CE,Towers with Radar,2,23,72,0,97,0,3,107,0,110,2,26,179,0,207,138,0,138,345
07/13/2010,PTK,MI,AGL,CE,Towers with Radar,5,25,79,0,109,1,0,99,0,100,6,25,178,0,209,186,0,186,395
07/14/2010,PTK,MI,AGL,CE,Towers with Radar,0,24,91,0,115,0,2,122,0,124,0,26,213,0,239,248,0,248,487
07/15/2010,PTK,MI,AGL,CE,Towers with Radar,0,31,84,0,115,0,0,73,2,75,0,31,157,2,190,74,0,74,264
07/16/2010,PTK,MI,AGL,CE,Towers with Radar,4,20,91,0,115,0,1,138,0,139,4,21,229,0,254,110,0,110,364
07/17/2010,PTK,MI,AGL,CE,Towers with Radar,3,19,74,1,97,0,2,281,0,283,3,21,355,1,380,236,0,236,616
07/18/2010,PTK,MI,AGL,CE,Towers with Radar,0,12,72,0,84,0,1,117,0,118,0,13,189,0,202,170,0,170,372
07/19/2010,PTK,MI,AGL,CE,Towers with Radar,2,24,125,0,151,0,1,91,0,92,2,25,216,0,243,54,0,54,297
07/20/2010,PTK,MI,AGL,CE,Towers with Radar,6,20,74,0,100,5,2,80,0,87,11,22,154,0,187,94,0,94,281
07/21/2010,PTK,MI,AGL,CE,Towers with Radar,5,25,113,0,143,4,2,131,0,137,9,27,244,0,280,184,0,184,464
07/22/2010,PTK,MI,AGL,CE,Towers with Radar,1,28,121,0,150,0,2,99,0,101,1,30,220,0,251,117,0,117,368
07/23/2010,PTK,MI,AGL,CE,Towers with Radar,3,20,87,0,110,0,1,33,0,34,3,21,120,0,144,58,0,58,202
07/24/2010,PTK,MI,AGL,CE,Towers with Radar,1,15,59,0,75,0,0,31,0,31,1,15,90,0,106,86,0,86,192
07/25/2010,PTK,MI,AGL,CE,Towers with Radar,0,12,122,0,134,0,0,129,0,129,0,12,251,0,263,104,0,104,367
07/26/2010,PTK,MI,AGL,CE,Towers with Radar,1,26,88,0,115,2,0,155,0,157,3,26,243,0,272,216,0,216,488
07/27/2010,PTK,MI,AGL,CE,Towers with Radar,3,19,90,0,112,0,5,145,0,150,3,24,235,0,262,192,0,192,454
07/28/2010,PTK,MI,AGL,CE,Towers with Radar,1,26,105,0,132,0,0,70,0,70,1,26,175,0,202,64,0,64,266
07/29/2010,PTK,MI,AGL,CE,Towers with Radar,2,29,134,0,165,0,2,159,0,161,2,31,293,0,326,174,0,174,500
07/30/2010,PTK,MI,AGL,CE,Towers with Radar,8,24,126,0,158,4,0,48,0,52,12,24,174,0,210,106,0,106,316
07/31/2010,PTK,MI,AGL,CE,Towers with Radar,4,14,51,0,69,0,1,113,0,114,4,15,164,0,183,192,0,192,375
08/01/2010,PTK,MI,AGL,CE,Towers with Radar,1,8,87,0,96,0,1,168,0,169,1,9,255,0,265,200,0,200,465
08/02/2010,PTK,MI,AGL,CE,Towers with Radar,6,17,83,0,106,0,0,97,0,97,6,17,180,0,203,5,1,6,209
08/03/2010,PTK,MI,AGL,CE,Towers with Radar,1,20,71,0,92,0,2,111,0,113,1,22,182,0,205,164,0,164,369
08/04/2010,PTK,MI,AGL,CE,Towers with Radar,2,22,99,0,123,0,2,115,0,117,2,24,214,0,240,186,0,186,426
08/05/2010,PTK,MI,AGL,CE,Towers with Radar,1,30,84,0,115,1,5,119,0,125,2,35,203,0,240,198,0,198,438
08/06/2010,PTK,MI,AGL,CE,Towers with Radar,6,28,126,0,160,0,1,114,0,115,6,29,240,0,275,126,0,126,401
08/07/2010,PTK,MI,AGL,CE,Towers with Radar,3,12,74,0,89,10,2,171,0,183,13,14,245,0,272,218,0,218,490
08/08/2010,PTK,MI,AGL,CE,Towers with Radar,0,14,95,0,109,8,2,111,0,121,8,16,206,0,230,98,0,98,328
08/09/2010,PTK,MI,AGL,CE,Towers with Radar,4,29,90,0,123,5,0,83,0,88,9,29,173,0,211,170,0,170,381
08/10/2010,PTK,MI,AGL,CE,Towers with Radar,6,18,76,0,100,0,0,50,1,51,6,18,126,1,151,144,0,144,295
08/11/2010,PTK,MI,AGL,CE,Towers with Radar,1,27,72,0,100,0,1,76,0,77,1,28,148,0,177,198,0,198,375
08/12/2010,PTK,MI,AGL,CE,Towers with Radar,2,34,97,0,133,1,0,66,0,67,3,34,163,0,200,158,0,158,358
08/13/2010,PTK,MI,AGL,CE,Towers with Radar,5,35,98,0,138,0,6,109,0,115,5,41,207,0,253,212,0,212,465
08/14/2010,PTK,MI,AGL,CE,Towers with Radar,2,21,32,0,55,0,1,104,6,111,2,22,136,6,166,232,0,232,398
08/15/2010,PTK,MI,AGL,CE,Towers with Radar,0,23,77,2,102,0,0,12,126,138,0,23,89,128,240,318,0,318,558
08/16/2010,PTK,MI,AGL,CE,Towers with Radar,3,31,89,0,123,0,1,111,5,117,3,32,200,5,240,144,0,144,384
08/17/2010,PTK,MI,AGL,CE,Towers with Radar,2,25,85,1,113,6,2,126,0,134,8,27,211,1,247,188,0,188,435
08/18/2010,PTK,MI,AGL,CE,Towers with Radar,8,26,76,0,110,4,1,145,0,150,12,27,221,0,260,168,0,168,428
08/19/2010,PTK,MI,AGL,CE,Towers with Radar,5,33,96,0,134,0,0,127,0,127,5,33,223,0,261,86,0,86,347
08/20/2010,PTK,MI,AGL,CE,Towers with Radar,2,38,94,0,134,0,3,111,0,114,2,41,205,0,248,136,0,136,384
08/21/2010,PTK,MI,AGL,CE,Towers with Radar,3,13,44,0,60,0,0,73,0,73,3,13,117,0,133,162,0,162,295
08/22/2010,PTK,MI,AGL,CE,Towers with Radar,2,15,84,0,101,0,1,92,0,93,2,16,176,0,194,132,0,132,326
08/23/2010,PTK,MI,AGL,CE,Towers with Radar,3,26,93,0,122,2,0,59,0,61,5,26,152,0,183,142,0,142,325
08/24/2010,PTK,MI,AGL,CE,Towers with Radar,4,26,94,0,124,0,1,101,0,102,4,27,195,0,226,306,0,306,532
08/25/2010,PTK,MI,AGL,CE,Towers with Radar,5,41,97,0,143,0,2,78,0,80,5,43,175,0,223,158,0,158,381
08/26/2010,PTK,MI,AGL,CE,Towers with Radar,8,29,100,3,140,0,3,186,0,189,8,32,286,3,329,210,0,210,539
08/27/2010,PTK,MI,AGL,CE,Towers with Radar,5,45,95,0,145,0,6,197,0,203,5,51,292,0,348,156,0,156,504
08/28/2010,PTK,MI,AGL,CE,Towers with Radar,3,12,64,0,79,0,3,217,0,220,3,15,281,0,299,250,0,250,549
08/29/2010,PTK,MI,AGL,CE,Towers with Radar,0,18,81,0,99,0,0,187,0,187,0,18,268,0,286,166,0,166,452
08/30/2010,PTK,MI,AGL,CE,Towers with Radar,0,31,78,0,109,2,0,91,0,93,2,31,169,0,202,170,0,170,372
08/31/2010,PTK,MI,AGL,CE,Towers with Radar,2,36,85,0,123,2,2,127,0,131,4,38,212,0,254,174,0,174,428
09/01/2010,PTK,MI,AGL,CE,Towers with Radar,7,27,68,0,102,2,0,83,0,85,9,27,151,0,187,168,0,168,355
09/02/2010,PTK,MI,AGL,CE,Towers with Radar,9,34,74,0,117,0,0,22,0,22,9,34,96,0,139,8,0,8,147
09/03/2010,PTK,MI,AGL,CE,Towers with Radar,3,30,74,0,107,0,1,90,0,91,3,31,164,0,198,102,0,102,300
09/04/2010,PTK,MI,AGL,CE,Towers with Radar,1,11,26,0,38,0,0,29,0,29,1,11,55,0,67,34,0,34,101
09/05/2010,PTK,MI,AGL,CE,Towers with Radar,4,13,40,0,57,0,0,104,0,104,4,13,144,0,161,74,0,74,235
09/06/2010,PTK,MI,AGL,CE,Towers with Radar,2,14,72,0,88,2,0,96,0,98,4,14,168,0,186,84,0,84,270
09/07/2010,PTK,MI,AGL,CE,Towers with Radar,3,23,69,0,95,0,3,31,1,35,3,26,100,1,130,36,0,36,166
09/08/2010,PTK,MI,AGL,CE,Towers with Radar,4,25,91,0,120,0,5,99,0,104,4,30,190,0,224,60,0,60,284
09/09/2010,PTK,MI,AGL,CE,Towers with Radar,3,20,57,0,80,0,0,122,3,125,3,20,179,3,205,258,0,258,463
09/10/2010,PTK,MI,AGL,CE,Towers with Radar,2,33,83,1,119,0,2,189,0,191,2,35,272,1,310,180,0,180,490
09/11/2010,PTK,MI,AGL,CE,Towers with Radar,1,6,58,2,67,0,1,82,0,83,1,7,140,2,150,96,0,96,246
09/12/2010,PTK,MI,AGL,CE,Towers with Radar,1,23,71,1,96,0,2,149,0,151,1,25,220,1,247,100,0,100,347
09/13/2010,PTK,MI,AGL,CE,Towers with Radar,2,30,76,0,108,3,2,117,0,122,5,32,193,0,230,94,0,94,324
09/14/2010,PTK,MI,AGL,CE,Towers with Radar,3,32,73,0,108,0,3,108,0,111,3,35,181,0,219,248,0,248,467
09/15/2010,PTK,MI,AGL,CE,Towers with Radar,1,28,134,0,163,0,1,191,0,192,1,29,325,0,355,240,0,240,595
09/16/2010,PTK,MI,AGL,CE,Towers with Radar,1,35,98,3,137,0,0,4,0,4,1,35,102,3,141,2,0,2,143
09/17/2010,PTK,MI,AGL,CE,Towers with Radar,3,25,117,0,145,0,1,147,0,148,3,26,264,0,293,188,0,188,481
09/18/2010,PTK,MI,AGL,CE,Towers with Radar,0,11,56,0,67,0,0,76,0,76,0,11,132,0,143,136,0,136,279
09/19/2010,PTK,MI,AGL,CE,Towers with Radar,2,9,104,0,115,0,0,132,0,132,2,9,236,0,247,140,0,140,387
09/20/2010,PTK,MI,AGL,CE,Towers with Radar,0,21,98,0,119,0,4,107,0,111,0,25,205,0,230,146,0,146,376
09/21/2010,PTK,MI,AGL,CE,Towers with Radar,3,49,80,0,132,0,6,79,0,85,3,55,159,0,217,194,0,194,411
09/22/2010,PTK,MI,AGL,CE,Towers with Radar,1,31,99,0,131,0,0,33,0,33,1,31,132,0,164,58,0,58,222
09/23/2010,PTK,MI,AGL,CE,Towers with Radar,4,28,84,0,116,2,6,63,0,71,6,34,147,0,187,92,0,92,279
09/24/2010,PTK,MI,AGL,CE,Towers with Radar,0,34,65,0,99,0,3,23,0,26,0,37,88,0,125,0,0,0,125
09/25/2010,PTK,MI,AGL,CE,Towers with Radar,2,11,54,0,67,1,1,90,0,92,3,12,144,0,159,100,0,100,259
09/26/2010,PTK,MI,AGL,CE,Towers with Radar,0,12,82,0,94,0,0,88,0,88,0,12,170,0,182,114,0,114,296
09/27/2010,PTK,MI,AGL,CE,Towers with Radar,2,17,58,0,77,1,5,97,0,103,3,22,155,0,180,124,0,124,304
09/28/2010,PTK,MI,AGL,CE,Towers with Radar,4,31,92,0,127,0,0,6,0,6,4,31,98,0,133,48,0,48,181
09/29/2010,PTK,MI,AGL,CE,Towers with Radar,5,28,78,0,111,0,1,256,0,257,5,29,334,0,368,174,0,174,542
09/30/2010,PTK,MI,AGL,CE,Towers with Radar,2,38,73,1,114,1,4,133,0,138,3,42,206,1,252,160,0,160,412
10/01/2010,PTK,MI,AGL,CE,Towers with Radar,9,26,100,2,137,0,3,128,0,131,9,29,228,2,268,44,0,44,312
10/02/2010,PTK,MI,AGL,CE,Towers with Radar,0,15,55,0,70,0,0,15,0,15,0,15,70,0,85,42,0,42,127
10/03/2010,PTK,MI,AGL,CE,Towers with Radar,1,21,95,0,117,0,0,94,0,94,1,21,189,0,211,64,0,64,275
10/04/2010,PTK,MI,AGL,CE,Towers with Radar,2,24,69,0,95,3,3,120,0,126,5,27,189,0,221,66,0,66,287
10/05/2010,PTK,MI,AGL,CE,Towers with Radar,4,38,57,0,99,1,4,95,0,100,5,42,152,0,199,206,0,206,405
10/06/2010,PTK,MI,AGL,CE,Towers with Radar,3,25,70,4,102,0,1,132,0,133,3,26,202,4,235,156,0,156,391
10/07/2010,PTK,MI,AGL,CE,Towers with Radar,3,28,97,0,128,0,2,117,1,120,3,30,214,1,248,194,0,194,442
10/08/2010,PTK,MI,AGL,CE,Towers with Radar,1,28,108,0,137,0,0,145,0,145,1,28,253,0,282,140,0,140,422
10/09/2010,PTK,MI,AGL,CE,Towers with Radar,2,17,55,0,74,0,0,208,2,210,2,17,263,2,284,170,0,170,454
10/10/2010,PTK,MI,AGL,CE,Towers with Radar,2,16,65,0,83,0,1,142,0,143,2,17,207,0,226,72,0,72,298
10/11/2010,PTK,MI,AGL,CE,Towers with Radar,3,30,41,6,80,0,1,108,0,109,3,31,149,6,189,104,0,104,293
10/12/2010,PTK,MI,AGL,CE,Towers with Radar,4,19,71,0,94,0,0,129,0,129,4,19,200,0,223,208,0,208,431
10/13/2010,PTK,MI,AGL,CE,Towers with Radar,9,29,98,0,136,1,4,41,0,46,10,33,139,0,182,130,0,130,312
10/14/2010,PTK,MI,AGL,CE,Towers with Radar,4,26,93,0,123,0,0,154,1,155,4,26,247,1,278,144,0,144,422
10/15/2010,PTK,MI,AGL,CE,Towers with Radar,2,32,81,0,115,0,0,87,0,87,2,32,168,0,202,88,0,88,290
10/16/2010,PTK,MI,AGL,CE,Towers with Radar,2,20,61,0,83,0,2,186,0,188,2,22,247,0,271,184,0,184,455
10/17/2010,PTK,MI,AGL,CE,Towers with Radar,1,17,79,0,97,0,0,129,0,129,1,17,208,0,226,148,0,148,374
10/18/2010,PTK,MI,AGL,CE,Towers with Radar,3,27,58,0,88,0,0,65,0,65,3,27,123,0,153,110,0,110,263
10/19/2010,PTK,MI,AGL,CE,Towers with Radar,4,24,80,0,108,0,0,103,0,103,4,24,183,0,211,186,0,186,397
10/20/2010,PTK,MI,AGL,CE,Towers with Radar,3,31,102,0,136,0,0,55,2,57,3,31,157,2,193,60,0,60,253
10/21/2010,PTK,MI,AGL,CE,Towers with Radar,3,29,82,0,114,0,2,85,0,87,3,31,167,0,201,64,0,64,265
10/22/2010,PTK,MI,AGL,CE,Towers with Radar,2,28,71,0,101,0,0,122,0,122,2,28,193,0,223,164,0,164,387
10/23/2010,PTK,MI,AGL,CE,Towers with Radar,3,7,55,0,65,0,0,116,0,116,3,7,171,0,181,140,0,140,321
10/24/2010,PTK,MI,AGL,CE,Towers with Radar,2,13,62,0,77,0,1,93,0,94,2,14,155,0,171,100,0,100,271
10/25/2010,PTK,MI,AGL,CE,Towers with Radar,6,22,62,0,90,1,90,1,0,92,7,112,63,0,182,156,0,156,338
10/26/2010,PTK,MI,AGL,CE,Towers with Radar,9,23,42,0,74,0,1,0,0,1,9,24,42,0,75,6,0,6,81
10/27/2010,PTK,MI,AGL,CE,Towers with Radar,4,31,45,0,80,0,5,11,0,16,4,36,56,0,96,2,0,2,98
10/28/2010,PTK,MI,AGL,CE,Towers with Radar,7,33,64,0,104,0,2,30,0,32,7,35,94,0,136,66,0,66,202
10/29/2010,PTK,MI,AGL,CE,Towers with Radar,4,37,87,0,128,0,1,93,0,94,4,38,180,0,222,150,0,150,372
10/30/2010,PTK,MI,AGL,CE,Towers with Radar,1,21,48,0,70,0,2,102,0,104,1,23,150,0,174,102,0,102,276
10/31/2010,PTK,MI,AGL,CE,Towers with Radar,0,11,66,0,77,0,1,73,0,74,0,12,139,0,151,98,0,98,249
11/01/2010,PTK,MI,AGL,CE,Towers with Radar,1,25,83,0,109,0,0,115,0,115,1,25,198,0,224,98,0,98,322
11/02/2010,PTK,MI,AGL,CE,Towers with Radar,3,24,72,0,99,0,1,128,0,129,3,25,200,0,228,166,0,166,394
11/03/2010,PTK,MI,AGL,CE,Towers with Radar,2,34,91,0,127,0,0,107,0,107,2,34,198,0,234,128,0,128,362
11/04/2010,PTK,MI,AGL,CE,Towers with Radar,3,27,82,0,112,0,0,47,0,47,3,27,129,0,159,132,0,132,291
11/05/2010,PTK,MI,AGL,CE,Towers with Radar,3,24,72,0,99,0,0,48,0,48,3,24,120,0,147,68,0,68,215
11/06/2010,PTK,MI,AGL,CE,Towers with Radar,3,9,71,1,84,0,1,196,0,197,3,10,267,1,281,182,0,182,463
11/07/2010,PTK,MI,AGL,CE,Towers with Radar,1,17,78,0,96,0,0,0,0,0,1,17,78,0,96,158,0,158,254
11/08/2010,PTK,MI,AGL,CE,Towers with Radar,5,28,85,0,118,0,1,94,0,95,5,29,179,0,213,234,0,234,447
11/09/2010,PTK,MI,AGL,CE,Towers with Radar,11,33,86,1,131,0,1,94,0,95,11,34,180,1,226,182,0,182,408
11/10/2010,PTK,MI,AGL,CE,Towers with Radar,10,36,105,0,151,0,0,1,0,1,10,36,106,0,152,4,0,4,156
11/11/2010,PTK,MI,AGL,CE,Towers with Radar,7,18,96,0,121,3,0,210,0,213,10,18,306,0,334,220,0,220,554
11/12/2010,PTK,MI,AGL,CE,Towers with Radar,4,21,73,0,98,14,0,125,0,139,18,21,198,0,237,126,0,126,363
11/13/2010,PTK,MI,AGL,CE,Towers with Radar,3,21,41,0,65,15,0,142,0,157,18,21,183,0,222,192,0,192,414
11/14/2010,PTK,MI,AGL,CE,Towers with Radar,4,12,49,0,65,0,0,91,0,91,4,12,140,0,156,68,0,68,224
11/15/2010,PTK,MI,AGL,CE,Towers with Radar,4,31,57,5,97,0,3,106,0,109,4,34,163,5,206,106,0,106,312
11/16/2010,PTK,MI,AGL,CE,Towers with Radar,2,29,79,0,110,0,1,64,0,65,2,30,143,0,175,100,0,100,275
11/17/2010,PTK,MI,AGL,CE,Towers with Radar,7,25,65,0,97,0,1,107,0,108,7,26,172,0,205,122,0,122,327
11/18/2010,PTK,MI,AGL,CE,Towers with Radar,5,43,86,0,134,1,1,74,5,81,6,44,160,5,215,130,0,130,345
11/19/2010,PTK,MI,AGL,CE,Towers with Radar,1,30,74,0,105,0,0,114,0,114,1,30,188,0,219,136,0,136,355
11/20/2010,PTK,MI,AGL,CE,Towers with Radar,3,8,74,0,85,0,0,258,0,258,3,8,332,0,343,156,0,156,499
11/21/2010,PTK,MI,AGL,CE,Towers with Radar,3,17,80,0,100,0,0,70,0,70,3,17,150,0,170,88,0,88,258
11/22/2010,PTK,MI,AGL,CE,Towers with Radar,2,33,46,0,81,0,0,8,0,8,2,33,54,0,89,0,0,0,89
11/23/2010,PTK,MI,AGL,CE,Towers with Radar,3,26,71,0,100,0,1,23,0,24,3,27,94,0,124,24,0,24,148
11/24/2010,PTK,MI,AGL,CE,Towers with Radar,7,27,78,2,114,0,0,114,4,118,7,27,192,6,232,202,0,202,434
11/25/2010,PTK,MI,AGL,CE,Towers with Radar,0,16,16,0,32,0,0,0,0,0,0,16,16,0,32,0,0,0,32
11/26/2010,PTK,MI,AGL,CE,Towers with Radar,1,9,28,0,38,0,0,26,0,26,1,9,54,0,64,46,0,46,110
11/27/2010,PTK,MI,AGL,CE,Towers with Radar,2,10,72,0,84,0,0,71,0,71,2,10,143,0,155,148,0,148,303
11/28/2010,PTK,MI,AGL,CE,Towers with Radar,1,21,93,0,115,0,0,246,0,246,1,21,339,0,361,180,0,180,541
11/29/2010,PTK,MI,AGL,CE,Towers with Radar,2,35,64,0,101,0,2,74,0,76,2,37,138,0,177,44,0,44,221
11/30/2010,PTK,MI,AGL,CE,Towers with Radar,3,26,53,2,84,0,1,6,0,7,3,27,59,2,91,30,0,30,121
12/01/2010,PTK,MI,AGL,CE,Towers with Radar,3,23,63,0,89,0,2,8,0,10,3,25,71,0,99,30,0,30,129
12/02/2010,PTK,MI,AGL,CE,Towers with Radar,6,28,103,0,137,0,2,73,0,75,6,30,176,0,212,84,0,84,296
12/03/2010,PTK,MI,AGL,CE,Towers with Radar,3,32,73,0,108,0,0,116,0,116,3,32,189,0,224,108,0,108,332
12/04/2010,PTK,MI,AGL,CE,Towers with Radar,0,15,251,0,266,0,1,373,2,376,0,16,624,2,642,122,0,122,764
12/05/2010,PTK,MI,AGL,CE,Towers with Radar,6,15,49,0,70,0,0,34,0,34,6,15,83,0,104,6,0,6,110
12/06/2010,PTK,MI,AGL,CE,Towers with Radar,1,24,63,0,88,0,0,15,0,15,1,24,78,0,103,6,0,6,109
12/07/2010,PTK,MI,AGL,CE,Towers with Radar,6,24,72,0,102,0,1,29,0,30,6,25,101,0,132,30,0,30,162
12/08/2010,PTK,MI,AGL,CE,Towers with Radar,10,23,96,0,129,0,2,120,0,122,10,25,216,0,251,106,0,106,357
12/09/2010,PTK,MI,AGL,CE,Towers with Radar,8,34,88,1,131,2,0,73,0,75,10,34,161,1,206,170,0,170,376
12/10/2010,PTK,MI,AGL,CE,Towers with Radar,6,22,69,0,97,0,0,21,0,21,6,22,90,0,118,62,0,62,180
12/11/2010,PTK,MI,AGL,CE,Towers with Radar,5,10,37,0,52,0,0,21,0,21,5,10,58,0,73,80,0,80,153
12/12/2010,PTK,MI,AGL,CE,Towers with Radar,0,7,16,0,23,0,0,0,0,0,0,7,16,0,23,0,0,0,23
12/13/2010,PTK,MI,AGL,CE,Towers with Radar,4,26,57,0,87,0,1,7,0,8,4,27,64,0,95,0,0,0,95
12/14/2010,PTK,MI,AGL,CE,Towers with Radar,7,25,86,2,120,0,0,25,0,25,7,25,111,2,145,18,0,18,163
12/15/2010,PTK,MI,AGL,CE,Towers with Radar,5,33,87,0,125,0,6,56,0,62,5,39,143,0,187,52,0,52,239
12/16/2010,PTK,MI,AGL,CE,Towers with Radar,9,20,94,0,123,0,4,73,0,77,9,24,167,0,200,96,0,96,296
12/17/2010,PTK,MI,AGL,CE,Towers with Radar,7,35,80,0,122,0,0,24,0,24,7,35,104,0,146,80,0,80,226
12/18/2010,PTK,MI,AGL,CE,Towers with Radar,6,17,49,0,72,0,0,35,0,35,6,17,84,0,107,132,0,132,239
12/19/2010,PTK,MI,AGL,CE,Towers with Radar,6,12,39,0,57,0,2,24,0,26,6,14,63,0,83,20,0,20,103
12/20/2010,PTK,MI,AGL,CE,Towers with Radar,4,29,63,0,96,2,5,77,0,84,6,34,140,0,180,172,0,172,352
12/21/2010,PTK,MI,AGL,CE,Towers with Radar,4,26,56,1,87,0,1,51,0,52,4,27,107,1,139,66,0,66,205
12/22/2010,PTK,MI,AGL,CE,Towers with Radar,7,46,72,0,125,0,6,69,0,75,7,52,141,0,200,40,0,40,240
12/23/2010,PTK,MI,AGL,CE,Towers with Radar,6,33,55,0,94,0,1,75,0,76,6,34,130,0,170,134,0,134,304
12/24/2010,PTK,MI,AGL,CE,Towers with Radar,2,10,21,0,33,0,0,45,0,45,2,10,66,0,78,68,0,68,146
12/25/2010,PTK,MI,AGL,CE,Towers with Radar,1,4,13,0,18,0,0,1,0,1,1,4,14,0,19,0,0,0,19
12/26/2010,PTK,MI,AGL,CE,Towers with Radar,1,16,73,0,90,0,0,9,0,9,1,16,82,0,99,2,0,2,101
12/27/2010,PTK,MI,AGL,CE,Towers with Radar,2,18,54,0,74,0,1,57,0,58,2,19,111,0,132,86,0,86,218
12/28/2010,PTK,MI,AGL,CE,Towers with Radar,3,17,39,0,59,0,0,9,0,9,3,17,48,0,68,24,0,24,92
12/29/2010,PTK,MI,AGL,CE,Towers with Radar,1,10,53,0,64,0,0,105,0,105,1,10,158,0,169,114,0,114,283
12/30/2010,PTK,MI,AGL,CE,Towers with Radar,0,15,20,0,35,0,0,0,0,0,0,15,20,0,35,0,0,0,35
12/31/2010,PTK,MI,AGL,CE,Towers with Radar,0,15,29,0,44,4,0,7,0,11,4,15,36,0,55,8,0,8,63
01/01/2011,PTK,MI,AGL,CE,Towers with Radar,0,13,34,0,47,0,0,46,0,46,0,13,80,0,93,38,0,38,131
01/02/2011,PTK,MI,AGL,CE,Towers with Radar,1,14,103,0,118,0,0,51,0,51,1,14,154,0,169,110,0,110,279
01/03/2011,PTK,MI,AGL,CE,Towers with Radar,3,30,47,0,80,0,1,94,0,95,3,31,141,0,175,70,0,70,245
01/04/2011,PTK,MI,AGL,CE,Towers with Radar,3,19,40,0,62,0,0,33,0,33,3,19,73,0,95,70,0,70,165
01/05/2011,PTK,MI,AGL,CE,Towers with Radar,0,20,64,0,84,0,0,72,0,72,0,20,136,0,156,156,0,156,312
01/06/2011,PTK,MI,AGL,CE,Towers with Radar,2,25,69,0,96,0,0,0,0,0,2,25,69,0,96,0,0,0,96
01/07/2011,PTK,MI,AGL,CE,Towers with Radar,4,14,66,0,84,0,0,21,0,21,4,14,87,0,105,8,0,8,113
01/08/2011,PTK,MI,AGL,CE,Towers with Radar,3,10,40,0,53,0,0,74,0,74,3,10,114,0,127,78,0,78,205
01/09/2011,PTK,MI,AGL,CE,Towers with Radar,1,10,81,0,92,1,0,186,0,187,2,10,267,0,279,174,0,174,453
01/10/2011,PTK,MI,AGL,CE,Towers with Radar,3,22,47,0,72,0,1,99,0,100,3,23,146,0,172,178,0,178,350
01/11/2011,PTK,MI,AGL,CE,Towers with Radar,5,31,52,0,88,0,0,6,0,6,5,31,58,0,94,42,0,42,136
01/12/2011,PTK,MI,AGL,CE,Towers with Radar,5,32,52,0,89,0,0,27,0,27,5,32,79,0,116,0,0,0,116
01/13/2011,PTK,MI,AGL,CE,Towers with Radar,2,30,85,0,117,0,0,67,0,67,2,30,152,0,184,120,0,120,304
01/14/2011,PTK,MI,AGL,CE,Towers with Radar,4,27,67,0,98,0,1,44,0,45,4,28,111,0,143,46,0,46,189
01/15/2011,PTK,MI,AGL,CE,Towers with Radar,4,10,32,0,46,0,0,13,0,13,4,10,45,0,59,0,0,0,59
01/16/2011,PTK,MI,AGL,CE,Towers with Radar,0,11,67,0,78,0,0,128,0,128,0,11,195,0,206,184,0,184,390
01/17/2011,PTK,MI,AGL,CE,Towers with Radar,2,29,66,0,97,0,2,78,0,80,2,31,144,0,177,98,0,98,275
01/18/2011,PTK,MI,AGL,CE,Towers with Radar,1,26,43,0,70,0,0,0,0,0,1,26,43,0,70,0,0,0,70
01/19/2011,PTK,MI,AGL,CE,Towers with Radar,2,32,48,0,82,0,0,44,0,44,2,32,92,0,126,26,0,26,152
01/20/2011,PTK,MI,AGL,CE,Towers with Radar,3,25,93,0,121,0,2,65,0,67,3,27,158,0,188,52,0,52,240
01/21/2011,PTK,MI,AGL,CE,Towers with Radar,5,17,80,0,102,0,0,38,0,38,5,17,118,0,140,8,0,8,148
01/22/2011,PTK,MI,AGL,CE,Towers with Radar,2,8,32,0,42,0,0,3,0,3,2,8,35,0,45,0,0,0,45
01/23/2011,PTK,MI,AGL,CE,Towers with Radar,1,12,175,0,188,0,0,0,0,0,1,12,175,0,188,154,0,154,342
01/24/2011,PTK,MI,AGL,CE,Towers with Radar,3,32,72,0,107,0,0,0,0,0,3,32,72,0,107,0,0,0,107
01/25/2011,PTK,MI,AGL,CE,Towers with Radar,4,24,63,0,91,0,0,25,0,25,4,24,88,0,116,52,0,52,168
01/26/2011,PTK,MI,AGL,CE,Towers with Radar,4,24,98,0,126,0,0,27,0,27,4,24,125,0,153,102,0,102,255
01/27/2011,PTK,MI,AGL,CE,Towers with Radar,6,16,98,0,120,0,0,2,0,2,6,16,100,0,122,0,0,0,122
01/28/2011,PTK,MI,AGL,CE,Towers with Radar,3,24,65,0,92,5,0,24,0,29,8,24,89,0,121,108,0,108,229
01/29/2011,PTK,MI,AGL,CE,Towers with Radar,2,8,26,0,36,0,0,22,0,22,2,8,48,0,58,2,0,2,60
01/30/2011,PTK,MI,AGL,CE,Towers with Radar,3,19,74,0,96,1,0,144,0,145,4,19,218,0,241,204,0,204,445
01/31/2011,PTK,MI,AGL,CE,Towers with Radar,5,19,54,0,78,6,1,86,0,93,11,20,140,0,171,46,0,46,217
02/01/2011,PTK,MI,AGL,CE,Towers with Radar,7,20,40,0,67,0,2,16,0,18,7,22,56,0,85,2,0,2,87
02/02/2011,PTK,MI,AGL,CE,Towers with Radar,9,24,13,0,46,0,0,1,0,1,9,24,14,0,47,0,0,0,47
02/03/2011,PTK,MI,AGL,CE,Towers with Radar,7,28,67,0,102,0,3,78,0,81,7,31,145,0,183,146,0,146,329
02/04/2011,PTK,MI,AGL,CE,Towers with Radar,6,21,86,0,113,2,19,79,0,100,8,40,165,0,213,210,0,210,423
02/05/2011,PTK,MI,AGL,CE,Towers with Radar,3,10,36,0,49,0,0,82,0,82,3,10,118,0,131,136,0,136,267
02/06/2011,PTK,MI,AGL,CE,Towers with Radar,1,5,43,0,49,0,1,5,0,6,1,6,48,0,55,8,0,8,63
02/07/2011,PTK,MI,AGL,CE,Towers with Radar,3,32,51,0,86,0,1,9,0,10,3,33,60,0,96,50,0,50,146
02/08/2011,PTK,MI,AGL,CE,Towers with Radar,10,33,69,0,112,0,5,36,0,41,10,38,105,0,153,22,0,22,175
02/09/2011,PTK,MI,AGL,CE,Towers with Radar,9,16,65,0,90,0,4,48,0,52,9,20,113,0,142,38,0,38,180
02/10/2011,PTK,MI,AGL,CE,Towers with Radar,12,32,71,0,115,0,0,67,0,67,12,32,138,0,182,56,0,56,238
02/11/2011,PTK,MI,AGL,CE,Towers with Radar,6,34,58,0,98,0,5,44,0,49,6,39,102,0,147,58,0,58,205
02/12/2011,PTK,MI,AGL,CE,Towers with Radar,3,12,29,0,44,0,0,78,0,78,3,12,107,0,122,76,0,76,198
02/13/2011,PTK,MI,AGL,CE,Towers with Radar,3,15,52,0,70,0,1,78,0,79,3,16,130,0,149,74,0,74,223
02/14/2011,PTK,MI,AGL,CE,Towers with Radar,7,21,44,0,72,0,0,12,0,12,7,21,56,0,84,2,0,2,86
02/15/2011,PTK,MI,AGL,CE,Towers with Radar,8,36,106,0,150,0,2,129,0,131,8,38,235,0,281,190,0,190,471
02/16/2011,PTK,MI,AGL,CE,Towers with Radar,3,24,87,2,116,0,6,103,2,111,3,30,190,4,227,136,0,136,363
02/17/2011,PTK,MI,AGL,CE,Towers with Radar,1,33,94,0,128,0,1,45,4,50,1,34,139,4,178,30,0,30,208
02/18/2011,PTK,MI,AGL,CE,Towers with Radar,6,25,56,0,87,0,3,23,0,26,6,28,79,0,113,2,0,2,115
02/19/2011,PTK,MI,AGL,CE,Towers with Radar,3,16,39,0,58,0,0,126,0,126,3,16,165,0,184,122,0,122,306
02/20/2011,PTK,MI,AGL,CE,Towers with Radar,1,9,31,0,41,0,0,68,0,68,1,9,99,0,109,210,0,210,319
02/21/2011,PTK,MI,AGL,CE,Towers with Radar,8,20,52,0,80,0,1,8,0,9,8,21,60,0,89,0,0,0,89
02/22/2011,PTK,MI,AGL,CE,Towers with Radar,8,18,72,0,98,0,1,108,0,109,8,19,180,0,207,164,0,164,371
02/23/2011,PTK,MI,AGL,CE,Towers with Radar,17,15,84,0,116,0,2,85,0,87,17,17,169,0,203,202,0,202,405
02/24/2011,PTK,MI,AGL,CE,Towers with Radar,9,29,64,0,102,0,0,31,0,31,9,29,95,0,133,68,0,68,201
02/25/2011,PTK,MI,AGL,CE,Towers with Radar,11,23,41,0,75,0,3,40,0,43,11,26,81,0,118,98,0,98,216
02/26/2011,PTK,MI,AGL,CE,Towers with Radar,5,16,51,0,72,0,0,10,0,10,5,16,61,0,82,2,0,2,84
02/27/2011,PTK,MI,AGL,CE,Towers with Radar,0,11,52,0,63,0,0,13,0,13,0,11,65,0,76,40,0,40,116
02/28/2011,PTK,MI,AGL,CE,Towers with Radar,4,26,47,0,77,0,0,29,0,29,4,26,76,0,106,20,0,20,126
03/01/2011,PTK,MI,AGL,CE,Towers with Radar,4,21,87,2,114,0,0,136,0,136,4,21,223,2,250,130,0,130,380
03/02/2011,PTK,MI,AGL,CE,Towers with Radar,5,20,56,0,81,0,0,145,0,145,5,20,201,0,226,244,0,244,470
03/03/2011,PTK,MI,AGL,CE,Towers with Radar,11,32,73,0,116,0,2,100,0,102,11,34,173,0,218,158,0,158,376
03/04/2011,PTK,MI,AGL,CE,Towers with Radar,8,18,60,0,86,0,1,6,0,7,8,19,66,0,93,22,0,22,115
03/05/2011,PTK,MI,AGL,CE,Towers with Radar,0,8,29,0,37,0,0,0,0,0,0,8,29,0,37,0,0,0,37
03/06/2011,PTK,MI,AGL,CE,Towers with Radar,3,4,80,0,87,0,0,91,0,91,3,4,171,0,178,210,0,210,388
03/07/2011,PTK,MI,AGL,CE,Towers with Radar,4,26,65,0,95,1,5,87,0,93,5,31,152,0,188,184,0,184,372
03/08/2011,PTK,MI,AGL,CE,Towers with Radar,8,24,59,0,91,0,4,117,0,121,8,28,176,0,212,176,0,176,388
03/09/2011,PTK,MI,AGL,CE,Towers with Radar,11,19,51,0,81,0,0,0,0,0,11,19,51,0,81,0,0,0,81
03/10/2011,PTK,MI,AGL,CE,Towers with Radar,5,36,79,0,120,0,0,4,0,4,5,36,83,0,124,2,0,2,126
03/11/2011,PTK,MI,AGL,CE,Towers with Radar,4,29,39,0,72,0,3,31,0,34,4,32,70,0,106,48,0,48,154
03/12/2011,PTK,MI,AGL,CE,Towers with Radar,2,10,44,0,56,0,0,33,0,33,2,10,77,0,89,62,0,62,151
03/13/2011,PTK,MI,AGL,CE,Towers with Radar,1,3,60,0,64,0,0,117,0,117,1,3,177,0,181,338,0,338,519
03/14/2011,PTK,MI,AGL,CE,Towers with Radar,1,24,70,0,95,0,1,148,0,149,1,25,218,0,244,154,0,154,398
03/15/2011,PTK,MI,AGL,CE,Towers with Radar,4,26,63,0,93,0,2,68,0,70,4,28,131,0,163,140,0,140,303
03/16/2011,PTK,MI,AGL,CE,Towers with Radar,6,19,73,0,98,3,0,123,0,126,9,19,196,0,224,186,0,186,410
03/17/2011,PTK,MI,AGL,CE,Towers with Radar,2,30,71,0,103,0,3,97,2,102,2,33,168,2,205,64,0,64,269
03/18/2011,PTK,MI,AGL,CE,Towers with Radar,8,23,73,0,104,0,3,71,0,74,8,26,144,0,178,190,0,190,368
03/19/2011,PTK,MI,AGL,CE,Towers with Radar,1,8,66,0,75,0,0,251,0,251,1,8,317,0,326,366,0,366,692
03/20/2011,PTK,MI,AGL,CE,Towers with Radar,1,10,63,0,74,0,0,147,0,147,1,10,210,0,221,120,0,120,341
03/21/2011,PTK,MI,AGL,CE,Towers with Radar,4,30,73,0,107,0,0,50,0,50,4,30,123,0,157,134,0,134,291
03/22/2011,PTK,MI,AGL,CE,Towers with Radar,6,23,62,0,91,0,0,24,0,24,6,23,86,0,115,46,0,46,161
03/23/2011,PTK,MI,AGL,CE,Towers with Radar,6,30,43,0,79,0,0,0,0,0,6,30,43,0,79,0,0,0,79
03/24/2011,PTK,MI,AGL,CE,Towers with Radar,3,30,84,0,117,0,3,117,2,122,3,33,201,2,239,110,0,110,349
03/25/2011,PTK,MI,AGL,CE,Towers with Radar,5,21,96,0,122,0,2,117,0,119,5,23,213,0,241,208,0,208,449
03/26/2011,PTK,MI,AGL,CE,Towers with Radar,3,9,58,0,70,4,6,252,0,262,7,15,310,0,332,398,0,398,730
03/27/2011,PTK,MI,AGL,CE,Towers with Radar,2,9,72,0,83,1,1,169,0,171,3,10,241,0,254,226,0,226,480
03/28/2011,PTK,MI,AGL,CE,Towers with Radar,4,24,47,3,78,2,5,81,4,92,6,29,128,7,170,248,0,248,418
03/29/2011,PTK,MI,AGL,CE,Towers with Radar,8,37,83,0,128,0,8,106,3,117,8,45,189,3,245,156,0,156,401
03/30/2011,PTK,MI,AGL,CE,Towers with Radar,11,26,90,0,127,0,7,111,0,118,11,33,201,0,245,292,0,292,537
03/31/2011,PTK,MI,AGL,CE,Towers with Radar,10,33,86,0,129,0,2,91,1,94,10,35,177,1,223,160,0,160,383
04/01/2011,PTK,MI,AGL,CE,Towers with Radar,7,22,86,0,115,0,5,97,0,102,7,27,183,0,217,206,0,206,423
04/02/2011,PTK,MI,AGL,CE,Towers with Radar,2,8,48,3,61,0,0,74,0,74,2,8,122,3,135,152,0,152,287
04/03/2011,PTK,MI,AGL,CE,Towers with Radar,1,8,64,0,73,0,0,19,0,19,1,8,83,0,92,78,0,78,170
04/04/2011,PTK,MI,AGL,CE,Towers with Radar,7,29,48,0,84,0,16,0,0,16,7,45,48,0,100,4,0,4,104
04/05/2011,PTK,MI,AGL,CE,Towers with Radar,6,33,48,0,87,0,2,49,0,51,6,35,97,0,138,76,0,76,214
04/06/2011,PTK,MI,AGL,CE,Towers with Radar,7,19,72,0,98,0,0,1,0,1,7,19,73,0,99,20,0,20,119
04/07/2011,PTK,MI,AGL,CE,Towers with Radar,9,31,57,0,97,0,2,88,0,90,9,33,145,0,187,186,0,186,373
04/08/2011,PTK,MI,AGL,CE,Towers with Radar,5,21,49,0,75,0,1,62,0,63,5,22,111,0,138,80,0,80,218
04/09/2011,PTK,MI,AGL,CE,Towers with Radar,0,12,106,0,118,0,0,95,0,95,0,12,201,0,213,230,0,230,443
04/10/2011,PTK,MI,AGL,CE,Towers with Radar,1,16,85,1,103,0,0,60,0,60,1,16,145,1,163,22,0,22,185
04/11/2011,PTK,MI,AGL,CE,Towers with Radar,2,24,47,0,73,0,1,31,0,32,2,25,78,0,105,22,0,22,127
04/12/2011,PTK,MI,AGL,CE,Towers with Radar,3,25,79,0,107,0,3,99,1,103,3,28,178,1,210,176,0,176,386
04/13/2011,PTK,MI,AGL,CE,Towers with Radar,4,22,92,0,118,1,4,195,0,200,5,26,287,0,318,402,0,402,720
04/14/2011,PTK,MI,AGL,CE,Towers with Radar,1,26,65,0,92,0,2,136,4,142,1,28,201,4,234,196,0,196,430
04/15/2011,PTK,MI,AGL,CE,Towers with Radar,2,16,76,0,94,0,2,60,0,62,2,18,136,0,156,30,0,30,186
04/16/2011,PTK,MI,AGL,CE,Towers with Radar,2,19,32,0,53,0,0,6,0,6,2,19,38,0,59,22,0,22,81
04/17/2011,PTK,MI,AGL,CE,Towers with Radar,1,9,53,0,63,0,0,8,0,8,1,9,61,0,71,2,0,2,73
04/18/2011,PTK,MI,AGL,CE,Towers with Radar,3,23,41,0,67,0,0,54,0,54,3,23,95,0,121,110,0,110,231
04/19/2011,PTK,MI,AGL,CE,Towers with Radar,3,21,57,0,81,0,0,23,0,23,3,21,80,0,104,52,0,52,156
04/20/2011,PTK,MI,AGL,CE,Towers with Radar,5,13,76,0,94,0,1,11,0,12,5,14,87,0,106,76,0,76,182
04/21/2011,PTK,MI,AGL,CE,Towers with Radar,2,37,127,0,166,0,4,190,0,194,2,41,317,0,360,552,0,552,912
04/22/2011,PTK,MI,AGL,CE,Towers with Radar,3,21,47,0,71,0,1,64,0,65,3,22,111,0,136,100,0,100,236
04/23/2011,PTK,MI,AGL,CE,Towers with Radar,0,6,38,0,44,0,0,115,0,115,0,6,153,0,159,144,0,144,303
04/24/2011,PTK,MI,AGL,CE,Towers with Radar,1,10,40,0,51,0,2,113,0,115,1,12,153,0,166,120,0,120,286
04/25/2011,PTK,MI,AGL,CE,Towers with Radar,1,15,90,0,106,0,0,31,0,31,1,15,121,0,137,92,0,92,229
04/26/2011,PTK,MI,AGL,CE,Towers with Radar,4,21,64,0,89,0,1,10,0,11,4,22,74,0,100,0,0,0,100
04/27/2011,PTK,MI,AGL,CE,Towers with Radar,5,34,62,0,101,0,3,13,0,16,5,37,75,0,117,0,0,0,117
04/28/2011,PTK,MI,AGL,CE,Towers with Radar,9,24,64,0,97,0,1,14,0,15,9,25,78,0,112,24,0,24,136
04/29/2011,PTK,MI,AGL,CE,Towers with Radar,4,30,113,0,147,0,1,114,0,115,4,31,227,0,262,298,0,298,560
04/30/2011,PTK,MI,AGL,CE,Towers with Radar,0,12,65,0,77,0,0,165,0,165,0,12,230,0,242,146,0,146,388
05/01/2011,PTK,MI,AGL,CE,Towers with Radar,1,5,71,0,77,0,0,59,0,59,1,5,130,0,136,138,0,138,274
05/02/2011,PTK,MI,AGL,CE,Towers with Radar,3,27,56,0,86,1,1,82,0,84,4,28,138,0,170,104,0,104,274
05/03/2011,PTK,MI,AGL,CE,Towers with Radar,3,15,48,0,66,0,1,77,0,78,3,16,125,0,144,92,0,92,236
05/04/2011,PTK,MI,AGL,CE,Towers with Radar,2,23,77,0,102,0,9,130,0,139,2,32,207,0,241,170,0,170,411
05/05/2011,PTK,MI,AGL,CE,Towers with Radar,3,24,89,0,116,0,1,179,6,186,3,25,268,6,302,208,0,208,510
05/06/2011,PTK,MI,AGL,CE,Towers with Radar,3,32,73,0,108,0,3,47,0,50,3,35,120,0,158,112,0,112,270
05/07/2011,PTK,MI,AGL,CE,Towers with Radar,0,5,81,0,86,0,2,218,0,220,0,7,299,0,306,378,0,378,684
05/08/2011,PTK,MI,AGL,CE,Towers with Radar,1,16,60,0,77,0,3,136,0,139,1,19,196,0,216,192,0,192,408
05/09/2011,PTK,MI,AGL,CE,Towers with Radar,1,31,62,0,94,0,0,124,0,124,1,31,186,0,218,188,0,188,406
05/10/2011,PTK,MI,AGL,CE,Towers with Radar,5,29,81,0,115,0,2,89,0,91,5,31,170,0,206,128,0,128,334
05/11/2011,PTK,MI,AGL,CE,Towers with Radar,1,20,74,0,95,1,6,143,4,154,2,26,217,4,249,270,0,270,519
05/12/2011,PTK,MI,AGL,CE,Towers with Radar,3,38,74,0,115,0,2,85,0,87,3,40,159,0,202,124,0,124,326
05/13/2011,PTK,MI,AGL,CE,Towers with Radar,0,22,62,1,85,6,3,62,0,71,6,25,124,1,156,148,0,148,304
05/14/2011,PTK,MI,AGL,CE,Towers with Radar,1,7,52,5,65,0,0,0,0,0,1,7,52,5,65,0,0,0,65
05/15/2011,PTK,MI,AGL,CE,Towers with Radar,1,14,54,0,69,0,0,6,0,6,1,14,60,0,75,2,0,2,77
05/16/2011,PTK,MI,AGL,CE,Towers with Radar,3,26,70,0,99,0,0,94,0,94,3,26,164,0,193,90,0,90,283
05/17/2011,PTK,MI,AGL,CE,Towers with Radar,6,29,93,0,128,0,5,30,0,35,6,34,123,0,163,82,0,82,245
05/18/2011,PTK,MI,AGL,CE,Towers with Radar,4,30,65,0,99,0,1,21,0,22,4,31,86,0,121,128,0,128,249
05/19/2011,PTK,MI,AGL,CE,Towers with Radar,3,19,90,0,112,0,2,59,0,61,3,21,149,0,173,184,0,184,357
05/20/2011,PTK,MI,AGL,CE,Towers with Radar,4,25,82,0,111,0,2,82,0,84,4,27,164,0,195,280,0,280,475
05/21/2011,PTK,MI,AGL,CE,Towers with Radar,1,19,55,0,75,0,0,185,0,185,1,19,240,0,260,304,0,304,564
05/22/2011,PTK,MI,AGL,CE,Towers with Radar,5,8,48,0,61,0,0,79,0,79,5,8,127,0,140,138,0,138,278
05/23/2011,PTK,MI,AGL,CE,Towers with Radar,2,18,57,0,77,0,0,31,0,31,2,18,88,0,108,28,0,28,136
05/24/2011,PTK,MI,AGL,CE,Towers with Radar,2,27,77,0,106,4,3,190,0,197,6,30,267,0,303,316,0,316,619
05/25/2011,PTK,MI,AGL,CE,Towers with Radar,2,23,55,0,80,0,0,5,0,5,2,23,60,0,85,0,0,0,85
05/26/2011,PTK,MI,AGL,CE,Towers with Radar,5,22,94,0,121,0,0,0,0,0,5,22,94,0,121,0,0,0,121
05/27/2011,PTK,MI,AGL,CE,Towers with Radar,3,25,125,0,153,0,0,0,0,0,3,25,125,0,153,2,0,2,155
05/28/2011,PTK,MI,AGL,CE,Towers with Radar,5,5,75,0,85,0,0,63,0,63,5,5,138,0,148,104,0,104,252
05/29/2011,PTK,MI,AGL,CE,Towers with Radar,0,4,56,0,60,0,0,70,0,70,0,4,126,0,130,256,0,256,386
05/30/2011,PTK,MI,AGL,CE,Towers with Radar,2,9,82,0,93,0,2,156,2,160,2,11,238,2,253,222,0,222,475
05/31/2011,PTK,MI,AGL,CE,Towers with Radar,2,18,51,0,71,3,3,68,3,77,5,21,119,3,148,154,0,154,302
06/01/2011,PTK,MI,AGL,CE,Towers with Radar,3,32,81,0,116,3,7,69,0,79,6,39,150,0,195,80,0,80,275
06/02/2011,PTK,MI,AGL,CE,Towers with Radar,6,35,109,2,152,0,9,198,0,207,6,44,307,2,359,318,0,318,677
06/03/2011,PTK,MI,AGL,CE,Towers with Radar,10,35,110,0,155,4,1,134,0,139,14,36,244,0,294,174,0,174,468
06/04/2011,PTK,MI,AGL,CE,Towers with Radar,1,8,54,0,63,5,2,131,0,138,6,10,185,0,201,258,0,258,459
06/05/2011,PTK,MI,AGL,CE,Towers with Radar,1,12,60,0,73,0,1,187,5,193,1,13,247,5,266,226,0,226,492
06/06/2011,PTK,MI,AGL,CE,Towers with Radar,4,27,72,0,103,2,2,120,0,124,6,29,192,0,227,240,0,240,467
06/07/2011,PTK,MI,AGL,CE,Towers with Radar,1,25,79,0,105,0,6,103,2,111,1,31,182,2,216,112,0,112,328
06/08/2011,PTK,MI,AGL,CE,Towers with Radar,2,23,83,0,108,0,3,90,0,93,2,26,173,0,201,80,0,80,281
06/09/2011,PTK,MI,AGL,CE,Towers with Radar,2,35,83,2,122,0,0,111,2,113,2,35,194,4,235,202,0,202,437
06/10/2011,PTK,MI,AGL,CE,Towers with Radar,3,19,87,0,109,0,0,36,0,36,3,19,123,0,145,102,0,102,247
06/11/2011,PTK,MI,AGL,CE,Towers with Radar,1,12,67,0,80,0,1,43,0,44,1,13,110,0,124,86,0,86,210
06/12/2011,PTK,MI,AGL,CE,Towers with Radar,4,10,82,0,96,0,1,134,0,135,4,11,216,0,231,280,0,280,511
06/13/2011,PTK,MI,AGL,CE,Towers with Radar,1,41,89,0,131,0,8,181,0,189,1,49,270,0,320,106,0,106,426
06/14/2011,PTK,MI,AGL,CE,Towers with Radar,4,12,112,0,128,2,3,155,3,163,6,15,267,3,291,188,0,188,479
06/15/2011,PTK,MI,AGL,CE,Towers with Radar,6,29,74,0,109,0,4,135,0,139,6,33,209,0,248,117,0,117,365
06/16/2011,PTK,MI,AGL,CE,Towers with Radar,8,28,90,0,126,0,1,58,2,61,8,29,148,2,187,102,0,102,289
06/17/2011,PTK,MI,AGL,CE,Towers with Radar,4,30,87,0,121,0,4,172,2,178,4,34,259,2,299,306,0,306,605
06/18/2011,PTK,MI,AGL,CE,Towers with Radar,1,16,56,0,73,0,1,210,0,211,1,17,266,0,284,180,0,180,464
06/19/2011,PTK,MI,AGL,CE,Towers with Radar,1,10,73,0,84,0,2,188,0,190,1,12,261,0,274,224,0,224,498
06/20/2011,PTK,MI,AGL,CE,Towers with Radar,2,29,62,0,93,0,3,52,0,55,2,32,114,0,148,120,0,120,268
06/21/2011,PTK,MI,AGL,CE,Towers with Radar,8,30,93,0,131,0,0,34,0,34,8,30,127,0,165,130,0,130,295
06/22/2011,PTK,MI,AGL,CE,Towers with Radar,5,27,102,1,135,0,0,50,0,50,5,27,152,1,185,132,0,132,317
06/23/2011,PTK,MI,AGL,CE,Towers with Radar,6,28,88,0,122,0,0,39,0,39,6,28,127,0,161,108,0,108,269
06/24/2011,PTK,MI,AGL,CE,Towers with Radar,6,41,103,2,152,0,2,61,0,63,6,43,164,2,215,122,0,122,337
06/25/2011,PTK,MI,AGL,CE,Towers with Radar,3,11,94,0,108,0,0,115,0,115,3,11,209,0,223,160,0,160,383
06/26/2011,PTK,MI,AGL,CE,Towers with Radar,4,11,82,0,97,0,1,249,1,251,4,12,331,1,348,178,0,178,526
06/27/2011,PTK,MI,AGL,CE,Towers with Radar,4,29,67,0,100,0,1,103,0,104,4,30,170,0,204,70,0,70,274
06/28/2011,PTK,MI,AGL,CE,Towers with Radar,6,31,73,0,110,0,6,96,2,104,6,37,169,2,214,106,0,106,320
06/29/2011,PTK,MI,AGL,CE,Towers with Radar,11,44,86,0,141,2,4,167,0,173,13,48,253,0,314,374,0,374,688
06/30/2011,PTK,MI,AGL,CE,Towers with Radar,6,45,76,0,127,1,1,131,0,133,7,46,207,0,260,148,0,148,408
07/01/2011,PTK,MI,AGL,CE,Towers with Radar,5,24,105,0,134,0,4,105,0,109,5,28,210,0,243,154,0,154,397
07/02/2011,PTK,MI,AGL,CE,Towers with Radar,4,6,50,0,60,0,0,134,0,134,4,6,184,0,194,162,0,162,356
07/03/2011,PTK,MI,AGL,CE,Towers with Radar,0,6,39,0,45,0,0,107,0,107,0,6,146,0,152,130,0,130,282
07/04/2011,PTK,MI,AGL,CE,Towers with Radar,0,4,35,2,41,0,0,97,0,97,0,4,132,2,138,88,0,88,226
07/05/2011,PTK,MI,AGL,CE,Towers with Radar,4,15,63,0,82,0,1,129,0,130,4,16,192,0,212,116,0,116,328
07/06/2011,PTK,MI,AGL,CE,Towers with Radar,6,13,72,0,91,0,4,122,0,126,6,17,194,0,217,282,0,282,499
07/07/2011,PTK,MI,AGL,CE,Towers with Radar,3,17,123,0,143,0,4,138,0,142,3,21,261,0,285,174,0,174,459
07/08/2011,PTK,MI,AGL,CE,Towers with Radar,1,8,85,0,94,0,7,156,0,163,1,15,241,0,257,136,0,136,393
07/09/2011,PTK,MI,AGL,CE,Towers with Radar,2,11,75,0,88,0,1,156,0,157,2,12,231,0,245,254,0,254,499
07/10/2011,PTK,MI,AGL,CE,Towers with Radar,0,13,87,0,100,0,0,121,0,121,0,13,208,0,221,147,0,147,368
07/11/2011,PTK,MI,AGL,CE,Towers with Radar,3,23,59,0,85,1,3,39,0,43,4,26,98,0,128,80,0,80,208
07/12/2011,PTK,MI,AGL,CE,Towers with Radar,6,22,83,0,111,0,1,93,0,94,6,23,176,0,205,80,0,80,285
07/13/2011,PTK,MI,AGL,CE,Towers with Radar,5,16,106,0,127,0,3,136,0,139,5,19,242,0,266,158,0,158,424
07/14/2011,PTK,MI,AGL,CE,Towers with Radar,3,19,84,0,106,0,2,121,0,123,3,21,205,0,229,256,0,256,485
07/15/2011,PTK,MI,AGL,CE,Towers with Radar,2,20,64,0,86,0,4,106,0,110,2,24,170,0,196,166,0,166,362
07/16/2011,PTK,MI,AGL,CE,Towers with Radar,1,5,61,0,67,0,2,257,0,259,1,7,318,0,326,82,0,82,408
07/17/2011,PTK,MI,AGL,CE,Towers with Radar,0,7,77,0,84,1,3,153,0,157,1,10,230,0,241,158,0,158,399
07/18/2011,PTK,MI,AGL,CE,Towers with Radar,1,16,82,0,99,0,1,56,0,57,1,17,138,0,156,40,0,40,196
07/19/2011,PTK,MI,AGL,CE,Towers with Radar,3,33,84,0,120,0,9,99,0,108,3,42,183,0,228,220,0,220,448
07/20/2011,PTK,MI,AGL,CE,Towers with Radar,2,27,94,0,123,0,7,128,0,135,2,34,222,0,258,218,0,218,476
07/21/2011,PTK,MI,AGL,CE,Towers with Radar,3,35,93,2,133,0,7,123,3,133,3,42,216,5,266,90,0,90,356
07/22/2011,PTK,MI,AGL,CE,Towers with Radar,8,26,88,0,122,0,1,90,0,91,8,27,178,0,213,88,0,88,301
07/23/2011,PTK,MI,AGL,CE,Towers with Radar,0,11,59,0,70,0,0,141,0,141,0,11,200,0,211,212,0,212,423
07/24/2011,PTK,MI,AGL,CE,Towers with Radar,0,11,86,0,97,0,0,84,0,84,0,11,170,0,181,170,0,170,351
07/25/2011,PTK,MI,AGL,CE,Towers with Radar,3,22,73,0,98,0,0,101,0,101,3,22,174,0,199,168,0,168,367
07/26/2011,PTK,MI,AGL,CE,Towers with Radar,0,37,90,0,127,0,10,174,1,185,0,47,264,1,312,156,0,156,468
07/27/2011,PTK,MI,AGL,CE,Towers with Radar,6,33,98,0,137,0,3,109,0,112,6,36,207,0,249,56,0,56,305
07/28/2011,PTK,MI,AGL,CE,Towers with Radar,7,35,91,0,133,0,3,53,0,56,7,38,144,0,189,114,0,114,303
07/29/2011,PTK,MI,AGL,CE,Towers with Radar,8,34,83,0,125,0,3,63,0,66,8,37,146,0,191,28,0,28,219
07/30/2011,PTK,MI,AGL,CE,Towers with Radar,4,16,42,0,62,0,1,154,0,155,4,17,196,0,217,108,0,108,325
07/31/2011,PTK,MI,AGL,CE,Towers with Radar,3,14,76,0,93,0,0,149,0,149,3,14,225,0,242,96,0,96,338
08/01/2011,PTK,MI,AGL,CE,Towers with Radar,3,25,55,0,83,0,3,149,0,152,3,28,204,0,235,158,0,158,393
08/02/2011,PTK,MI,AGL,CE,Towers with Radar,7,39,76,0,122,0,5,99,4,108,7,44,175,4,230,168,0,168,398
08/03/2011,PTK,MI,AGL,CE,Towers with Radar,7,39,96,1,143,0,4,34,1,39,7,43,130,2,182,110,0,110,292
08/04/2011,PTK,MI,AGL,CE,Towers with Radar,6,36,80,1,123,0,4,126,0,130,6,40,206,1,253,282,0,282,535
08/05/2011,PTK,MI,AGL,CE,Towers with Radar,7,25,54,0,86,0,3,167,0,170,7,28,221,0,256,122,0,122,378
08/06/2011,PTK,MI,AGL,CE,Towers with Radar,2,21,79,0,102,0,4,194,1,199,2,25,273,1,301,258,0,258,559
08/07/2011,PTK,MI,AGL,CE,Towers with Radar,2,21,55,0,78,0,3,111,0,114,2,24,166,0,192,98,0,98,290
08/08/2011,PTK,MI,AGL,CE,Towers with Radar,3,27,91,0,121,0,2,78,0,80,3,29,169,0,201,242,0,242,443
08/09/2011,PTK,MI,AGL,CE,Towers with Radar,5,32,75,0,112,0,2,63,1,66,5,34,138,1,178,218,0,218,396
08/10/2011,PTK,MI,AGL,CE,Towers with Radar,7,30,72,0,109,1,5,161,2,169,8,35,233,2,278,140,0,140,418
08/11/2011,PTK,MI,AGL,CE,Towers with Radar,6,46,90,0,142,0,3,228,0,231,6,49,318,0,373,210,0,210,583
08/12/2011,PTK,MI,AGL,CE,Towers with Radar,6,31,80,0,117,0,5,147,0,152,6,36,227,0,269,180,0,180,449
08/13/2011,PTK,MI,AGL,CE,Towers with Radar,3,13,33,0,49,2,1,138,0,141,5,14,171,0,190,267,0,267,457
08/14/2011,PTK,MI,AGL,CE,Towers with Radar,0,18,90,0,108,0,1,41,0,42,0,19,131,0,150,56,0,56,206
08/15/2011,PTK,MI,AGL,CE,Towers with Radar,4,34,72,0,110,0,3,109,0,112,4,37,181,0,222,116,0,116,338
08/16/2011,PTK,MI,AGL,CE,Towers with Radar,6,25,60,1,92,3,3,127,1,134,9,28,187,2,226,186,0,186,412
08/17/2011,PTK,MI,AGL,CE,Towers with Radar,6,39,85,0,130,0,5,219,0,224,6,44,304,0,354,232,0,232,586
08/18/2011,PTK,MI,AGL,CE,Towers with Radar,6,50,86,2,144,0,4,133,0,137,6,54,219,2,281,156,0,156,437
08/19/2011,PTK,MI,AGL,CE,Towers with Radar,3,20,84,4,111,0,5,217,2,224,3,25,301,6,335,176,0,176,511
08/20/2011,PTK,MI,AGL,CE,Towers with Radar,3,10,53,0,66,0,2,185,0,187,3,12,238,0,253,214,0,214,467
08/21/2011,PTK,MI,AGL,CE,Towers with Radar,2,16,58,0,76,0,1,115,0,116,2,17,173,0,192,64,0,64,256
08/22/2011,PTK,MI,AGL,CE,Towers with Radar,3,35,87,0,125,0,4,150,0,154,3,39,237,0,279,212,0,212,491
08/23/2011,PTK,MI,AGL,CE,Towers with Radar,3,27,79,0,109,2,4,132,0,138,5,31,211,0,247,204,0,204,451
08/24/2011,PTK,MI,AGL,CE,Towers with Radar,5,26,70,0,101,0,5,82,0,87,5,31,152,0,188,20,0,20,208
08/25/2011,PTK,MI,AGL,CE,Towers with Radar,7,45,85,1,138,0,3,128,0,131,7,48,213,1,269,148,0,148,417
08/26/2011,PTK,MI,AGL,CE,Towers with Radar,4,33,88,0,125,0,4,200,0,204,4,37,288,0,329,150,0,150,479
08/27/2011,PTK,MI,AGL,CE,Towers with Radar,3,16,54,0,73,0,7,224,1,232,3,23,278,1,305,214,0,214,519
08/28/2011,PTK,MI,AGL,CE,Towers with Radar,5,7,58,0,70,1,1,425,7,434,6,8,483,7,504,330,0,330,834
08/29/2011,PTK,MI,AGL,CE,Towers with Radar,7,24,66,0,97,0,2,176,0,178,7,26,242,0,275,338,0,338,613
08/30/2011,PTK,MI,AGL,CE,Towers with Radar,2,26,55,0,83,0,6,137,0,143,2,32,192,0,226,100,0,100,326
08/31/2011,PTK,MI,AGL,CE,Towers with Radar,6,44,77,7,134,0,5,158,4,167,6,49,235,11,301,192,0,192,493
09/01/2011,PTK,MI,AGL,CE,Towers with Radar,11,23,86,0,120,0,1,214,0,215,11,24,300,0,335,262,0,262,597
09/02/2011,PTK,MI,AGL,CE,Towers with Radar,3,31,69,2,105,0,6,110,2,118,3,37,179,4,223,142,0,142,365
09/03/2011,PTK,MI,AGL,CE,Towers with Radar,0,10,41,0,51,0,5,110,0,115,0,15,151,0,166,96,0,96,262
09/04/2011,PTK,MI,AGL,CE,Towers with Radar,3,12,53,0,68,0,0,50,0,50,3,12,103,0,118,68,0,68,186
09/05/2011,PTK,MI,AGL,CE,Towers with Radar,1,13,90,0,104,0,3,24,0,27,1,16,114,0,131,40,0,40,171
09/06/2011,PTK,MI,AGL,CE,Towers with Radar,2,18,64,4,88,0,6,91,0,97,2,24,155,4,185,100,0,100,285
09/07/2011,PTK,MI,AGL,CE,Towers with Radar,5,37,71,0,113,0,1,28,1,30,5,38,99,1,143,44,0,44,187
09/08/2011,PTK,MI,AGL,CE,Towers with Radar,5,34,80,0,119,0,1,15,0,16,5,35,95,0,135,0,0,0,135
09/09/2011,PTK,MI,AGL,CE,Towers with Radar,6,20,83,0,109,2,5,116,0,123,8,25,199,0,232,196,0,196,428
09/10/2011,PTK,MI,AGL,CE,Towers with Radar,4,22,59,0,85,0,0,106,0,106,4,22,165,0,191,134,0,134,325
09/11/2011,PTK,MI,AGL,CE,Towers with Radar,4,12,65,0,81,0,0,101,0,101,4,12,166,0,182,124,0,124,306
09/12/2011,PTK,MI,AGL,CE,Towers with Radar,7,23,75,0,105,4,2,65,0,71,11,25,140,0,176,182,0,182,358
09/13/2011,PTK,MI,AGL,CE,Towers with Radar,5,27,60,0,92,2,5,111,0,118,7,32,171,0,210,168,0,168,378
09/14/2011,PTK,MI,AGL,CE,Towers with Radar,2,27,84,0,113,1,6,151,0,158,3,33,235,0,271,180,0,180,451
09/15/2011,PTK,MI,AGL,CE,Towers with Radar,4,41,85,0,130,1,9,135,0,145,5,50,220,0,275,228,0,228,503
09/16/2011,PTK,MI,AGL,CE,Towers with Radar,4,26,96,0,126,0,5,162,2,169,4,31,258,2,295,266,0,266,561
09/17/2011,PTK,MI,AGL,CE,Towers with Radar,1,19,60,0,80,1,4,196,1,202,2,23,256,1,282,158,0,158,440
09/18/2011,PTK,MI,AGL,CE,Towers with Radar,4,23,80,0,107,0,1,166,0,167,4,24,246,0,274,140,0,140,414
09/19/2011,PTK,MI,AGL,CE,Towers with Radar,9,35,64,0,108,0,1,10,0,11,9,36,74,0,119,10,0,10,129
09/20/2011,PTK,MI,AGL,CE,Towers with Radar,5,31,69,0,105,2,3,129,1,135,7,34,198,1,240,284,0,284,524
09/21/2011,PTK,MI,AGL,CE,Towers with Radar,5,38,111,0,154,0,4,81,0,85,5,42,192,0,239,176,0,176,415
09/22/2011,PTK,MI,AGL,CE,Towers with Radar,7,33,67,0,107,1,4,146,0,151,8,37,213,0,258,172,0,172,430
09/23/2011,PTK,MI,AGL,CE,Towers with Radar,5,29,103,0,137,0,2,28,0,30,5,31,131,0,167,104,0,104,271
09/24/2011,PTK,MI,AGL,CE,Towers with Radar,3,15,68,0,86,0,6,200,0,206,3,21,268,0,292,262,0,262,554
09/25/2011,PTK,MI,AGL,CE,Towers with Radar,3,22,113,0,138,0,0,67,0,67,3,22,180,0,205,110,0,110,315
09/26/2011,PTK,MI,AGL,CE,Towers with Radar,2,24,77,0,103,0,1,17,0,18,2,25,94,0,121,2,0,2,123
09/27/2011,PTK,MI,AGL,CE,Towers with Radar,7,40,84,0,131,0,2,122,0,124,7,42,206,0,255,262,0,262,517
09/28/2011,PTK,MI,AGL,CE,Towers with Radar,3,26,93,0,122,0,0,55,0,55,3,26,148,0,177,202,0,202,379
09/29/2011,PTK,MI,AGL,CE,Towers with Radar,7,44,83,0,134,0,5,46,0,51,7,49,129,0,185,56,0,56,241
09/30/2011,PTK,MI,AGL,CE,Towers with Radar,4,42,80,2,128,0,0,7,0,7,4,42,87,2,135,0,0,0,135
10/01/2011,PTK,MI,AGL,CE,Towers with Radar,4,16,51,0,71,2,1,34,0,37,6,17,85,0,108,64,0,64,172
10/02/2011,PTK,MI,AGL,CE,Towers with Radar,1,15,74,2,92,0,0,121,0,121,1,15,195,2,213,60,0,60,273
10/03/2011,PTK,MI,AGL,CE,Towers with Radar,2,30,59,0,91,0,3,82,0,85,2,33,141,0,176,168,0,168,344
10/04/2011,PTK,MI,AGL,CE,Towers with Radar,1,34,60,0,95,0,6,157,1,164,1,40,217,1,259,198,0,198,457
10/05/2011,PTK,MI,AGL,CE,Towers with Radar,3,33,76,0,112,0,6,182,0,188,3,39,258,0,300,252,0,252,552
10/06/2011,PTK,MI,AGL,CE,Towers with Radar,6,40,83,0,129,0,4,153,1,158,6,44,236,1,287,268,0,268,555
10/07/2011,PTK,MI,AGL,CE,Towers with Radar,5,30,57,0,92,0,3,210,0,213,5,33,267,0,305,220,0,220,525
10/08/2011,PTK,MI,AGL,CE,Towers with Radar,3,18,49,0,70,0,0,179,0,179,3,18,228,0,249,122,0,122,371
10/09/2011,PTK,MI,AGL,CE,Towers with Radar,2,19,83,0,104,0,3,202,0,205,2,22,285,0,309,220,0,220,529
10/10/2011,PTK,MI,AGL,CE,Towers with Radar,1,20,50,0,71,0,0,147,0,147,1,20,197,0,218,204,0,204,422
10/11/2011,PTK,MI,AGL,CE,Towers with Radar,3,26,88,4,121,0,9,128,0,137,3,35,216,4,258,236,0,236,494
10/12/2011,PTK,MI,AGL,CE,Towers with Radar,4,32,90,0,126,0,0,64,2,66,4,32,154,2,192,152,0,152,344
10/13/2011,PTK,MI,AGL,CE,Towers with Radar,5,61,73,0,139,0,0,58,0,58,5,61,131,0,197,100,0,100,297
10/14/2011,PTK,MI,AGL,CE,Towers with Radar,3,23,85,0,111,0,3,21,3,27,3,26,106,3,138,6,0,6,144
10/15/2011,PTK,MI,AGL,CE,Towers with Radar,2,20,36,0,58,0,2,20,0,22,2,22,56,0,80,0,0,0,80
10/16/2011,PTK,MI,AGL,CE,Towers with Radar,2,12,57,0,71,0,1,112,0,113,2,13,169,0,184,152,0,152,336
10/17/2011,PTK,MI,AGL,CE,Towers with Radar,3,37,66,0,106,0,5,66,0,71,3,42,132,0,177,68,0,68,245
10/18/2011,PTK,MI,AGL,CE,Towers with Radar,3,32,79,0,114,0,1,92,2,95,3,33,171,2,209,164,0,164,373
10/19/2011,PTK,MI,AGL,CE,Towers with Radar,2,38,63,0,103,0,1,7,0,8,2,39,70,0,111,18,0,18,129
10/20/2011,PTK,MI,AGL,CE,Towers with Radar,4,34,96,0,134,0,0,0,0,0,4,34,96,0,134,0,0,0,134
10/21/2011,PTK,MI,AGL,CE,Towers with Radar,6,35,91,0,132,1,8,83,0,92,7,43,174,0,224,68,0,68,292
10/22/2011,PTK,MI,AGL,CE,Towers with Radar,3,19,64,0,86,0,0,254,0,254,3,19,318,0,340,272,0,272,612
10/23/2011,PTK,MI,AGL,CE,Towers with Radar,0,11,73,0,84,0,1,192,0,193,0,12,265,0,277,166,0,166,443
10/24/2011,PTK,MI,AGL,CE,Towers with Radar,3,24,57,0,84,0,7,59,0,66,3,31,116,0,150,102,0,102,252
10/25/2011,PTK,MI,AGL,CE,Towers with Radar,0,44,81,0,125,0,4,80,0,84,0,48,161,0,209,108,0,108,317
10/26/2011,PTK,MI,AGL,CE,Towers with Radar,0,46,85,0,131,0,2,31,0,33,0,48,116,0,164,146,0,146,310
10/27/2011,PTK,MI,AGL,CE,Towers with Radar,2,37,56,0,95,0,4,68,1,73,2,41,124,1,168,104,0,104,272
10/28/2011,PTK,MI,AGL,CE,Towers with Radar,6,29,84,0,119,0,7,175,12,194,6,36,259,12,313,186,0,186,499
10/29/2011,PTK,MI,AGL,CE,Towers with Radar,4,12,45,0,61,0,3,148,0,151,4,15,193,0,212,256,0,256,468
10/30/2011,PTK,MI,AGL,CE,Towers with Radar,0,18,60,0,78,2,4,142,0,148,2,22,202,0,226,116,0,116,342
10/31/2011,PTK,MI,AGL,CE,Towers with Radar,3,31,57,0,91,2,2,62,4,70,5,33,119,4,161,86,0,86,247
11/01/2011,PTK,MI,AGL,CE,Towers with Radar,4,40,73,0,117,0,5,107,0,112,4,45,180,0,229,106,0,106,335
11/02/2011,PTK,MI,AGL,CE,Towers with Radar,2,48,94,0,144,1,6,131,4,142,3,54,225,4,286,142,0,142,428
11/03/2011,PTK,MI,AGL,CE,Towers with Radar,2,40,84,0,126,0,7,69,0,76,2,47,153,0,202,28,0,28,230
11/04/2011,PTK,MI,AGL,CE,Towers with Radar,2,43,61,2,108,0,4,138,0,142,2,47,199,2,250,154,0,154,404
11/05/2011,PTK,MI,AGL,CE,Towers with Radar,1,23,40,0,64,0,1,180,0,181,1,24,220,0,245,228,0,228,473
11/06/2011,PTK,MI,AGL,CE,Towers with Radar,3,17,53,0,73,0,0,91,0,91,3,17,144,0,164,58,0,58,222
11/07/2011,PTK,MI,AGL,CE,Towers with Radar,1,30,62,0,93,0,0,79,0,79,1,30,141,0,172,220,0,220,392
11/08/2011,PTK,MI,AGL,CE,Towers with Radar,1,31,69,0,101,0,0,52,0,52,1,31,121,0,153,74,0,74,227
11/09/2011,PTK,MI,AGL,CE,Towers with Radar,0,34,84,0,118,0,4,8,0,12,0,38,92,0,130,6,0,6,136
11/10/2011,PTK,MI,AGL,CE,Towers with Radar,3,22,82,0,107,0,1,62,0,63,3,23,144,0,170,128,0,128,298
11/11/2011,PTK,MI,AGL,CE,Towers with Radar,3,36,76,0,115,0,1,139,0,140,3,37,215,0,255,242,0,242,497
11/12/2011,PTK,MI,AGL,CE,Towers with Radar,1,7,45,0,53,0,1,260,0,261,1,8,305,0,314,318,0,318,632
11/13/2011,PTK,MI,AGL,CE,Towers with Radar,1,16,68,0,85,0,1,26,0,27,1,17,94,0,112,20,0,20,132
11/14/2011,PTK,MI,AGL,CE,Towers with Radar,2,26,64,0,92,0,0,58,0,58,2,26,122,0,150,88,0,88,238
11/15/2011,PTK,MI,AGL,CE,Towers with Radar,2,31,53,2,88,0,4,89,0,93,2,35,142,2,181,112,0,112,293
11/16/2011,PTK,MI,AGL,CE,Towers with Radar,4,36,66,3,109,1,6,158,1,166,5,42,224,4,275,182,0,182,457
11/17/2011,PTK,MI,AGL,CE,Towers with Radar,4,40,93,0,137,0,14,49,2,65,4,54,142,2,202,84,0,84,286
11/18/2011,PTK,MI,AGL,CE,Towers with Radar,5,44,72,0,121,0,6,78,0,84,5,50,150,0,205,56,0,56,261
11/19/2011,PTK,MI,AGL,CE,Towers with Radar,6,10,47,0,63,0,0,114,0,114,6,10,161,0,177,188,0,188,365
11/20/2011,PTK,MI,AGL,CE,Towers with Radar,2,13,77,0,92,0,1,98,0,99,2,14,175,0,191,172,0,172,363
11/21/2011,PTK,MI,AGL,CE,Towers with Radar,2,24,43,0,69,1,18,129,0,148,3,42,172,0,217,204,0,204,421
11/22/2011,PTK,MI,AGL,CE,Towers with Radar,3,37,69,0,109,0,0,17,0,17,3,37,86,0,126,46,0,46,172
11/23/2011,PTK,MI,AGL,CE,Towers with Radar,4,33,95,0,132,0,4,232,0,236,4,37,327,0,368,292,0,292,660
11/24/2011,PTK,MI,AGL,CE,Towers with Radar,1,13,12,0,26,0,1,3,0,4,1,14,15,0,30,0,0,0,30
11/25/2011,PTK,MI,AGL,CE,Towers with Radar,1,9,21,0,31,0,3,168,0,171,1,12,189,0,202,224,0,224,426
11/26/2011,PTK,MI,AGL,CE,Towers with Radar,0,12,50,0,62,0,3,159,0,162,0,15,209,0,224,250,0,250,474
11/27/2011,PTK,MI,AGL,CE,Towers with Radar,4,29,109,0,142,0,0,7,0,7,4,29,116,0,149,0,0,0,149
11/28/2011,PTK,MI,AGL,CE,Towers with Radar,4,35,64,0,103,0,0,56,0,56,4,35,120,0,159,126,0,126,285
11/29/2011,PTK,MI,AGL,CE,Towers with Radar,2,30,52,1,85,0,0,2,0,2,2,30,54,1,87,2,0,2,89
11/30/2011,PTK,MI,AGL,CE,Towers with Radar,4,30,73,0,107,0,6,112,2,120,4,36,185,2,227,200,0,200,427
12/01/2011,PTK,MI,AGL,CE,Towers with Radar,6,32,65,0,103,0,4,138,1,143,6,36,203,1,246,140,0,140,386
12/02/2011,PTK,MI,AGL,CE,Towers with Radar,4,51,58,0,113,0,11,117,0,128,4,62,175,0,241,156,0,156,397
12/03/2011,PTK,MI,AGL,CE,Towers with Radar,5,10,163,0,178,0,6,400,1,407,5,16,563,1,585,142,0,142,727
12/04/2011,PTK,MI,AGL,CE,Towers with Radar,2,13,45,0,60,0,0,10,0,10,2,13,55,0,70,40,0,40,110
12/05/2011,PTK,MI,AGL,CE,Towers with Radar,9,32,80,0,121,0,3,28,0,31,9,35,108,0,152,98,0,98,250
12/06/2011,PTK,MI,AGL,CE,Towers with Radar,10,37,89,0,136,0,4,25,0,29,10,41,114,0,165,122,0,122,287
12/07/2011,PTK,MI,AGL,CE,Towers with Radar,8,50,87,0,145,0,4,167,0,171,8,54,254,0,316,148,0,148,464
12/08/2011,PTK,MI,AGL,CE,Towers with Radar,5,31,71,0,107,0,6,110,0,116,5,37,181,0,223,60,0,60,283
12/09/2011,PTK,MI,AGL,CE,Towers with Radar,10,39,61,0,110,0,4,12,0,16,10,43,73,0,126,24,0,24,150
12/10/2011,PTK,MI,AGL,CE,Towers with Radar,2,26,59,0,87,0,4,152,1,157,2,30,211,1,244,284,0,284,528
12/11/2011,PTK,MI,AGL,CE,Towers with Radar,2,5,61,0,68,0,4,152,0,156,2,9,213,0,224,256,0,256,480
12/12/2011,PTK,MI,AGL,CE,Towers with Radar,2,30,74,0,106,0,0,140,0,140,2,30,214,0,246,212,0,212,458
12/13/2011,PTK,MI,AGL,CE,Towers with Radar,4,37,76,1,118,0,5,86,1,92,4,42,162,2,210,84,0,84,294
12/14/2011,PTK,MI,AGL,CE,Towers with Radar,7,33,65,0,105,0,2,2,0,4,7,35,67,0,109,4,0,4,113
12/15/2011,PTK,MI,AGL,CE,Towers with Radar,8,53,67,0,128,0,10,24,0,34,8,63,91,0,162,14,0,14,176
12/16/2011,PTK,MI,AGL,CE,Towers with Radar,9,42,73,0,124,0,2,69,0,71,9,44,142,0,195,192,0,192,387
12/17/2011,PTK,MI,AGL,CE,Towers with Radar,9,14,47,0,70,0,0,186,0,186,9,14,233,0,256,306,0,306,562
12/18/2011,PTK,MI,AGL,CE,Towers with Radar,3,17,42,0,62,0,1,118,0,119,3,18,160,0,181,230,0,230,411
12/19/2011,PTK,MI,AGL,CE,Towers with Radar,4,19,52,0,75,0,3,53,1,57,4,22,105,1,132,98,0,98,230
12/20/2011,PTK,MI,AGL,CE,Towers with Radar,4,38,52,0,94,0,1,108,3,112,4,39,160,3,206,212,0,212,418
12/21/2011,PTK,MI,AGL,CE,Towers with Radar,0,48,78,0,126,0,0,0,0,0,0,48,78,0,126,0,0,0,126
12/22/2011,PTK,MI,AGL,CE,Towers with Radar,2,32,49,0,83,0,1,68,0,69,2,33,117,0,152,152,0,152,304
12/23/2011,PTK,MI,AGL,CE,Towers with Radar,5,34,59,0,98,0,2,138,0,140,5,36,197,0,238,279,0,279,517
12/24/2011,PTK,MI,AGL,CE,Towers with Radar,2,4,54,0,60,0,6,44,0,50,2,10,98,0,110,44,0,44,154
12/25/2011,PTK,MI,AGL,CE,Towers with Radar,0,11,15,0,26,0,0,15,0,15,0,11,30,0,41,16,0,16,57
12/26/2011,PTK,MI,AGL,CE,Towers with Radar,2,18,73,0,93,0,3,178,0,181,2,21,251,0,274,272,0,272,546
12/27/2011,PTK,MI,AGL,CE,Towers with Radar,3,26,39,0,68,0,0,0,0,0,3,26,39,0,68,0,0,0,68
12/28/2011,PTK,MI,AGL,CE,Towers with Radar,2,26,50,0,78,0,7,253,0,260,2,33,303,0,338,272,0,272,610
12/29/2011,PTK,MI,AGL,CE,Towers with Radar,1,18,32,0,51,0,0,2,0,2,1,18,34,0,53,14,0,14,67
12/30/2011,PTK,MI,AGL,CE,Towers with Radar,2,15,39,0,56,0,1,33,0,34,2,16,72,0,90,66,0,66,156
12/31/2011,PTK,MI,AGL,CE,Towers with Radar,2,17,39,0,58,0,2,20,0,22,2,19,59,0,80,34,0,34,114
01/01/2012,PTK,MI,AGL,CE,Towers with Radar,0,7,34,0,41,0,0,12,0,12,0,7,46,0,53,8,0,8,61
01/02/2012,PTK,MI,AGL,CE,Towers with Radar,2,19,65,0,86,0,0,2,0,2,2,19,67,0,88,4,0,4,92
01/03/2012,PTK,MI,AGL,CE,Towers with Radar,0,31,55,0,86,0,3,58,0,61,0,34,113,0,147,44,0,44,191
01/04/2012,PTK,MI,AGL,CE,Towers with Radar,2,18,57,0,77,0,4,134,0,138,2,22,191,0,215,146,0,146,361
01/05/2012,PTK,MI,AGL,CE,Towers with Radar,2,29,66,0,97,0,7,126,0,133,2,36,192,0,230,102,0,102,332
01/06/2012,PTK,MI,AGL,CE,Towers with Radar,3,25,46,0,74,0,7,147,1,155,3,32,193,1,229,128,0,128,357
01/07/2012,PTK,MI,AGL,CE,Towers with Radar,3,12,59,2,76,0,3,248,1,252,3,15,307,3,328,326,0,326,654
01/08/2012,PTK,MI,AGL,CE,Towers with Radar,1,19,52,0,72,0,0,168,0,168,1,19,220,0,240,264,0,264,504
01/09/2012,PTK,MI,AGL,CE,Towers with Radar,4,22,45,0,71,0,5,72,3,80,4,27,117,3,151,76,0,76,227
01/10/2012,PTK,MI,AGL,CE,Towers with Radar,2,13,75,2,92,0,1,133,0,134,2,14,208,2,226,164,0,164,390
01/11/2012,PTK,MI,AGL,CE,Towers with Radar,3,25,79,0,107,0,13,129,0,142,3,38,208,0,249,190,0,190,439
01/12/2012,PTK,MI,AGL,CE,Towers with Radar,0,37,51,0,88,0,1,3,0,4,0,38,54,0,92,0,0,0,92
01/13/2012,PTK,MI,AGL,CE,Towers with Radar,1,18,52,0,71,0,2,18,0,20,1,20,70,0,91,0,0,0,91
01/14/2012,PTK,MI,AGL,CE,Towers with Radar,0,7,39,0,46,0,1,73,0,74,0,8,112,0,120,234,0,234,354
01/15/2012,PTK,MI,AGL,CE,Towers with Radar,2,6,41,0,49,0,0,128,0,128,2,6,169,0,177,214,0,214,391
01/16/2012,PTK,MI,AGL,CE,Towers with Radar,0,27,52,0,79,0,6,59,1,66,0,33,111,1,145,64,0,64,209
01/17/2012,PTK,MI,AGL,CE,Towers with Radar,1,28,47,0,76,0,0,0,0,0,1,28,47,0,76,0,0,0,76
01/18/2012,PTK,MI,AGL,CE,Towers with Radar,0,20,73,0,93,0,3,112,0,115,0,23,185,0,208,178,0,178,386
01/19/2012,PTK,MI,AGL,CE,Towers with Radar,1,26,52,0,79,0,2,15,0,17,1,28,67,0,96,8,0,8,104
01/20/2012,PTK,MI,AGL,CE,Towers with Radar,0,39,58,0,97,0,1,70,0,71,0,40,128,0,168,54,0,54,222
01/21/2012,PTK,MI,AGL,CE,Towers with Radar,9,11,36,0,56,0,1,181,0,182,9,12,217,0,238,434,0,434,672
01/22/2012,PTK,MI,AGL,CE,Towers with Radar,0,12,70,0,82,0,1,6,0,7,0,13,76,0,89,28,0,28,117
01/23/2012,PTK,MI,AGL,CE,Towers with Radar,0,22,46,0,68,0,0,0,0,0,0,22,46,0,68,0,0,0,68
01/24/2012,PTK,MI,AGL,CE,Towers with Radar,6,38,69,0,113,0,5,23,0,28,6,43,92,0,141,110,0,110,251
01/25/2012,PTK,MI,AGL,CE,Towers with Radar,5,28,64,0,97,1,12,110,0,123,6,40,174,0,220,186,0,186,406
01/26/2012,PTK,MI,AGL,CE,Towers with Radar,8,37,73,0,118,0,0,9,0,9,8,37,82,0,127,0,0,0,127
01/27/2012,PTK,MI,AGL,CE,Towers with Radar,6,31,57,0,94,0,4,90,0,94,6,35,147,0,188,86,0,86,274
01/28/2012,PTK,MI,AGL,CE,Towers with Radar,1,13,29,0,43,0,0,5,0,5,1,13,34,0,48,0,0,0,48
01/29/2012,PTK,MI,AGL,CE,Towers with Radar,2,13,62,0,77,0,0,11,0,11,2,13,73,0,88,26,0,26,114
01/30/2012,PTK,MI,AGL,CE,Towers with Radar,4,26,43,0,73,0,0,34,0,34,4,26,77,0,107,82,0,82,189
01/31/2012,PTK,MI,AGL,CE,Towers with Radar,4,29,52,0,85,2,11,100,0,113,6,40,152,0,198,80,0,80,278
02/01/2012,PTK,MI,AGL,CE,Towers with Radar,4,21,84,0,109,1,10,175,2,188,5,31,259,2,297,330,0,330,627
02/02/2012,PTK,MI,AGL,CE,Towers with Radar,7,27,77,0,111,0,14,84,0,98,7,41,161,0,209,268,0,268,477
02/03/2012,PTK,MI,AGL,CE,Towers with Radar,10,45,69,0,124,0,3,90,0,93,10,48,159,0,217,258,0,258,475
02/04/2012,PTK,MI,AGL,CE,Towers with Radar,2,21,51,0,74,0,0,283,2,285,2,21,334,2,359,372,0,372,731
02/05/2012,PTK,MI,AGL,CE,Towers with Radar,1,15,57,0,73,0,1,204,0,205,1,16,261,0,278,332,0,332,610
02/06/2012,PTK,MI,AGL,CE,Towers with Radar,2,37,57,0,96,0,4,94,1,99,2,41,151,1,195,78,0,78,273
02/07/2012,PTK,MI,AGL,CE,Towers with Radar,1,32,59,0,92,0,4,69,0,73,1,36,128,0,165,106,0,106,271
02/08/2012,PTK,MI,AGL,CE,Towers with Radar,3,18,77,0,98,0,3,162,0,165,3,21,239,0,263,192,0,192,455
02/09/2012,PTK,MI,AGL,CE,Towers with Radar,4,27,88,2,121,0,4,91,0,95,4,31,179,2,216,98,0,98,314
02/10/2012,PTK,MI,AGL,CE,Towers with Radar,1,25,48,0,74,0,1,29,0,30,1,26,77,0,104,150,0,150,254
02/11/2012,PTK,MI,AGL,CE,Towers with Radar,3,16,36,0,55,0,0,33,1,34,3,16,69,1,89,14,0,14,103
02/12/2012,PTK,MI,AGL,CE,Towers with Radar,0,6,39,0,45,0,1,89,0,90,0,7,128,0,135,244,0,244,379
02/13/2012,PTK,MI,AGL,CE,Towers with Radar,2,32,31,0,65,0,4,72,0,76,2,36,103,0,141,180,0,180,321
02/14/2012,PTK,MI,AGL,CE,Towers with Radar,1,28,49,0,78,0,2,5,0,7,1,30,54,0,85,28,0,28,113
02/15/2012,PTK,MI,AGL,CE,Towers with Radar,1,38,74,0,113,0,4,84,0,88,1,42,158,0,201,82,0,82,283
02/16/2012,PTK,MI,AGL,CE,Towers with Radar,2,33,61,0,96,0,3,15,0,18,2,36,76,0,114,6,0,6,120
02/17/2012,PTK,MI,AGL,CE,Towers with Radar,2,40,95,0,137,0,5,151,0,156,2,45,246,0,293,106,0,106,399
02/18/2012,PTK,MI,AGL,CE,Towers with Radar,4,14,57,0,75,1,3,89,0,93,5,17,146,0,168,234,0,234,402
02/19/2012,PTK,MI,AGL,CE,Towers with Radar,2,11,59,0,72,0,1,166,0,167,2,12,225,0,239,202,0,202,441
02/20/2012,PTK,MI,AGL,CE,Towers with Radar,0,24,47,0,71,0,9,126,0,135,0,33,173,0,206,232,0,232,438
02/21/2012,PTK,MI,AGL,CE,Towers with Radar,6,35,78,0,119,0,0,6,0,6,6,35,84,0,125,0,0,0,125
02/22/2012,PTK,MI,AGL,CE,Towers with Radar,3,42,61,0,106,0,5,98,0,103,3,47,159,0,209,170,0,170,379
02/23/2012,PTK,MI,AGL,CE,Towers with Radar,5,36,65,0,106,0,9,49,0,58,5,45,114,0,164,98,0,98,262
02/24/2012,PTK,MI,AGL,CE,Towers with Radar,2,29,33,0,64,0,0,56,0,56,2,29,89,0,120,66,0,66,186
02/25/2012,PTK,MI,AGL,CE,Towers with Radar,0,21,44,0,65,0,0,3,0,3,0,21,47,0,68,0,0,0,68
02/26/2012,PTK,MI,AGL,CE,Towers with Radar,0,24,86,0,110,0,0,164,0,164,0,24,250,0,274,214,0,214,488
02/27/2012,PTK,MI,AGL,CE,Towers with Radar,3,33,48,1,85,2,7,43,1,53,5,40,91,2,138,48,0,48,186
02/28/2012,PTK,MI,AGL,CE,Towers with Radar,2,37,72,0,111,0,6,135,0,141,2,43,207,0,252,140,0,140,392
02/29/2012,PTK,MI,AGL,CE,Towers with Radar,4,31,51,0,86,0,3,0,0,3,4,34,51,0,89,0,0,0,89
03/01/2012,PTK,MI,AGL,CE,Towers with Radar,5,52,72,0,129,0,4,63,0,67,5,56,135,0,196,96,0,96,292
03/02/2012,PTK,MI,AGL,CE,Towers with Radar,3,38,53,0,94,2,1,68,0,71,5,39,121,0,165,108,0,108,273
03/03/2012,PTK,MI,AGL,CE,Towers with Radar,1,21,23,0,45,0,0,7,0,7,1,21,30,0,52,2,0,2,54
03/04/2012,PTK,MI,AGL,CE,Towers with Radar,4,18,50,0,72,0,1,124,0,125,4,19,174,0,197,352,0,352,549
03/05/2012,PTK,MI,AGL,CE,Towers with Radar,1,32,55,0,88,0,1,78,0,79,1,33,133,0,167,220,0,220,387
03/06/2012,PTK,MI,AGL,CE,Towers with Radar,3,32,56,0,91,0,1,54,0,55,3,33,110,0,146,31,0,31,177
03/07/2012,PTK,MI,AGL,CE,Towers with Radar,4,45,53,0,102,0,8,47,0,55,4,53,100,0,157,30,0,30,187
03/08/2012,PTK,MI,AGL,CE,Towers with Radar,14,39,58,0,111,0,3,25,0,28,14,42,83,0,139,56,0,56,195
03/09/2012,PTK,MI,AGL,CE,Towers with Radar,8,39,86,1,134,0,6,38,2,46,8,45,124,3,180,50,0,50,230
03/10/2012,PTK,MI,AGL,CE,Towers with Radar,10,14,56,2,82,0,2,166,0,168,10,16,222,2,250,150,0,150,400
03/11/2012,PTK,MI,AGL,CE,Towers with Radar,0,11,69,0,80,0,0,196,0,196,0,11,265,0,276,452,0,452,728
03/12/2012,PTK,MI,AGL,CE,Towers with Radar,1,33,56,0,90,0,0,5,0,5,1,33,61,0,95,2,0,2,97
03/13/2012,PTK,MI,AGL,CE,Towers with Radar,4,41,59,0,104,0,5,94,0,99,4,46,153,0,203,176,0,176,379
03/14/2012,PTK,MI,AGL,CE,Towers with Radar,5,42,64,0,111,0,5,234,1,240,5,47,298,1,351,320,0,320,671
03/15/2012,PTK,MI,AGL,CE,Towers with Radar,10,43,69,0,122,0,1,52,0,53,10,44,121,0,175,44,0,44,219
03/16/2012,PTK,MI,AGL,CE,Towers with Radar,8,36,67,0,111,0,7,59,0,66,8,43,126,0,177,88,0,88,265
03/17/2012,PTK,MI,AGL,CE,Towers with Radar,5,18,58,0,81,0,0,247,0,247,5,18,305,0,328,280,0,280,608
03/18/2012,PTK,MI,AGL,CE,Towers with Radar,0,22,41,0,63,0,0,111,0,111,0,22,152,0,174,294,0,294,468
03/19/2012,PTK,MI,AGL,CE,Towers with Radar,4,22,51,0,77,2,2,88,0,92,6,24,139,0,169,132,0,132,301
03/20/2012,PTK,MI,AGL,CE,Towers with Radar,2,34,63,0,99,1,7,109,0,117,3,41,172,0,216,200,0,200,416
03/21/2012,PTK,MI,AGL,CE,Towers with Radar,5,38,76,2,121,5,9,165,0,179,10,47,241,2,300,138,0,138,438
03/22/2012,PTK,MI,AGL,CE,Towers with Radar,11,38,59,0,108,3,10,121,0,134,14,48,180,0,242,164,0,164,406
03/23/2012,PTK,MI,AGL,CE,Towers with Radar,10,30,46,0,86,2,5,63,0,70,12,35,109,0,156,104,0,104,260
03/24/2012,PTK,MI,AGL,CE,Towers with Radar,4,17,63,0,84,0,0,0,0,0,4,17,63,0,84,0,0,0,84
03/25/2012,PTK,MI,AGL,CE,Towers with Radar,1,13,59,0,73,6,0,182,0,188,7,13,241,0,261,152,0,152,413
03/26/2012,PTK,MI,AGL,CE,Towers with Radar,2,31,65,0,98,0,9,105,0,114,2,40,170,0,212,72,0,72,284
03/27/2012,PTK,MI,AGL,CE,Towers with Radar,3,34,62,0,99,1,7,68,0,76,4,41,130,0,175,42,0,42,217
03/28/2012,PTK,MI,AGL,CE,Towers with Radar,0,32,73,0,105,0,0,42,0,42,0,32,115,0,147,50,0,50,197
03/29/2012,PTK,MI,AGL,CE,Towers with Radar,5,35,104,0,144,0,3,93,0,96,5,38,197,0,240,118,0,118,358
03/30/2012,PTK,MI,AGL,CE,Towers with Radar,2,18,60,2,82,0,1,10,0,11,2,19,70,2,93,2,0,2,95
03/31/2012,PTK,MI,AGL,CE,Towers with Radar,5,21,76,0,102,0,1,97,0,98,5,22,173,0,200,194,0,194,394
04/01/2012,PTK,MI,AGL,CE,Towers with Radar,2,21,81,0,104,0,2,112,0,114,2,23,193,0,218,162,0,162,380
04/02/2012,PTK,MI,AGL,CE,Towers with Radar,5,31,53,0,89,1,2,128,0,131,6,33,181,0,220,158,0,158,378
04/03/2012,PTK,MI,AGL,CE,Towers with Radar,1,30,54,0,85,0,4,49,0,53,1,34,103,0,138,88,0,88,226
04/04/2012,PTK,MI,AGL,CE,Towers with Radar,3,44,69,0,116,0,10,137,0,147,3,54,206,0,263,168,0,168,431
04/05/2012,PTK,MI,AGL,CE,Towers with Radar,6,33,70,1,110,0,6,98,2,106,6,39,168,3,216,64,0,64,280
04/06/2012,PTK,MI,AGL,CE,Towers with Radar,0,17,69,0,86,0,5,209,0,214,0,22,278,0,300,330,0,330,630
04/07/2012,PTK,MI,AGL,CE,Towers with Radar,0,17,56,0,73,0,3,248,0,251,0,20,304,0,324,328,0,328,652
04/08/2012,PTK,MI,AGL,CE,Towers with Radar,0,15,41,0,56,0,0,31,0,31,0,15,72,0,87,4,0,4,91
04/09/2012,PTK,MI,AGL,CE,Towers with Radar,2,44,58,1,105,0,4,55,1,60,2,48,113,2,165,32,0,32,197
04/10/2012,PTK,MI,AGL,CE,Towers with Radar,2,28,48,0,78,0,1,22,0,23,2,29,70,0,101,2,0,2,103
04/11/2012,PTK,MI,AGL,CE,Towers with Radar,2,32,81,0,115,0,6,157,0,163,2,38,238,0,278,184,0,184,462
04/12/2012,PTK,MI,AGL,CE,Towers with Radar,2,28,88,0,118,0,6,141,0,147,2,34,229,0,265,130,0,130,395
04/13/2012,PTK,MI,AGL,CE,Towers with Radar,3,23,66,0,92,0,5,172,0,177,3,28,238,0,269,236,0,236,505
04/14/2012,PTK,MI,AGL,CE,Towers with Radar,0,18,45,0,63,0,4,89,0,93,0,22,134,0,156,92,0,92,248
04/15/2012,PTK,MI,AGL,CE,Towers with Radar,0,21,61,0,82,0,0,9,0,9,0,21,70,0,91,34,0,34,125
04/16/2012,PTK,MI,AGL,CE,Towers with Radar,3,36,42,0,81,0,1,3,0,4,3,37,45,0,85,0,0,0,85
04/17/2012,PTK,MI,AGL,CE,Towers with Radar,6,23,70,0,99,0,6,111,0,117,6,29,181,0,216,134,0,134,350
04/18/2012,PTK,MI,AGL,CE,Towers with Radar,4,40,82,0,126,0,1,86,0,87,4,41,168,0,213,66,0,66,279
04/19/2012,PTK,MI,AGL,CE,Towers with Radar,4,46,75,0,125,0,8,53,0,61,4,54,128,0,186,118,0,118,304
04/20/2012,PTK,MI,AGL,CE,Towers with Radar,1,33,80,0,114,0,2,43,0,45,1,35,123,0,159,38,0,38,197
04/21/2012,PTK,MI,AGL,CE,Towers with Radar,2,18,70,0,90,0,2,132,0,134,2,20,202,0,224,366,0,366,590
04/22/2012,PTK,MI,AGL,CE,Towers with Radar,2,18,60,0,80,0,0,56,0,56,2,18,116,0,136,76,0,76,212
04/23/2012,PTK,MI,AGL,CE,Towers with Radar,8,17,59,0,84,0,2,25,0,27,8,19,84,0,111,4,0,4,115
04/24/2012,PTK,MI,AGL,CE,Towers with Radar,3,44,64,0,111,0,5,21,0,26,3,49,85,0,137,16,0,16,153
04/25/2012,PTK,MI,AGL,CE,Towers with Radar,3,40,83,0,126,0,7,195,0,202,3,47,278,0,328,274,0,274,602
04/26/2012,PTK,MI,AGL,CE,Towers with Radar,5,45,103,0,153,0,2,43,0,45,5,47,146,0,198,78,0,78,276
04/27/2012,PTK,MI,AGL,CE,Towers with Radar,2,42,75,0,119,0,12,111,0,123,2,54,186,0,242,112,0,112,354
04/28/2012,PTK,MI,AGL,CE,Towers with Radar,3,15,34,0,52,0,2,108,0,110,3,17,142,0,162,228,0,228,390
04/29/2012,PTK,MI,AGL,CE,Towers with Radar,2,18,75,0,95,0,3,169,0,172,2,21,244,0,267,286,0,286,553
04/30/2012,PTK,MI,AGL,CE,Towers with Radar,3,35,74,0,112,0,3,25,0,28,3,38,99,0,140,70,0,70,210
05/01/2012,PTK,MI,AGL,CE,Towers with Radar,4,41,79,2,126,0,8,51,0,59,4,49,130,2,185,118,0,118,303
05/02/2012,PTK,MI,AGL,CE,Towers with Radar,4,42,81,0,127,0,9,61,0,70,4,51,142,0,197,146,0,146,343
05/03/2012,PTK,MI,AGL,CE,Towers with Radar,6,41,71,0,118,0,3,77,0,80,6,44,148,0,198,42,0,42,240
05/04/2012,PTK,MI,AGL,CE,Towers with Radar,5,44,102,0,151,0,3,87,1,91,5,47,189,1,242,134,0,134,376
05/05/2012,PTK,MI,AGL,CE,Towers with Radar,5,15,84,0,104,0,2,145,0,147,5,17,229,0,251,190,0,190,441
05/06/2012,PTK,MI,AGL,CE,Towers with Radar,0,21,70,0,91,0,0,144,0,144,0,21,214,0,235,196,0,196,431
05/07/2012,PTK,MI,AGL,CE,Towers with Radar,3,32,73,0,108,0,0,13,0,13,3,32,86,0,121,16,0,16,137
05/08/2012,PTK,MI,AGL,CE,Towers with Radar,1,28,83,0,112,1,8,110,0,119,2,36,193,0,231,248,0,248,479
05/09/2012,PTK,MI,AGL,CE,Towers with Radar,3,35,84,0,122,0,2,78,2,82,3,37,162,2,204,140,0,140,344
05/10/2012,PTK,MI,AGL,CE,Towers with Radar,2,30,82,0,114,0,5,127,0,132,2,35,209,0,246,178,0,178,424
05/11/2012,PTK,MI,AGL,CE,Towers with Radar,5,24,76,0,105,1,15,166,0,182,6,39,242,0,287,250,0,250,537
05/12/2012,PTK,MI,AGL,CE,Towers with Radar,2,12,63,0,77,0,1,124,0,125,2,13,187,0,202,300,0,300,502
05/13/2012,PTK,MI,AGL,CE,Towers with Radar,1,9,57,0,67,0,0,115,0,115,1,9,172,0,182,118,0,118,300
05/14/2012,PTK,MI,AGL,CE,Towers with Radar,6,37,72,0,115,0,3,117,0,120,6,40,189,0,235,184,0,184,419
05/15/2012,PTK,MI,AGL,CE,Towers with Radar,4,28,83,0,115,0,4,127,0,131,4,32,210,0,246,298,0,298,544
05/16/2012,PTK,MI,AGL,CE,Towers with Radar,4,23,84,0,111,0,2,118,0,120,4,25,202,0,231,134,0,134,365
05/17/2012,PTK,MI,AGL,CE,Towers with Radar,4,34,81,2,121,0,8,182,0,190,4,42,263,2,311,188,0,188,499
05/18/2012,PTK,MI,AGL,CE,Towers with Radar,5,17,75,0,97,0,8,209,0,217,5,25,284,0,314,170,0,170,484
05/19/2012,PTK,MI,AGL,CE,Towers with Radar,0,12,50,0,62,0,2,254,0,256,0,14,304,0,318,218,0,218,536
05/20/2012,PTK,MI,AGL,CE,Towers with Radar,1,11,52,0,64,0,4,176,1,181,1,15,228,1,245,224,0,224,469
05/21/2012,PTK,MI,AGL,CE,Towers with Radar,2,28,51,0,81,1,6,68,0,75,3,34,119,0,156,98,0,98,254
05/22/2012,PTK,MI,AGL,CE,Towers with Radar,0,37,96,0,133,3,9,78,0,90,3,46,174,0,223,214,0,214,437
05/23/2012,PTK,MI,AGL,CE,Towers with Radar,6,35,80,0,121,0,3,183,0,186,6,38,263,0,307,244,0,244,551
05/24/2012,PTK,MI,AGL,CE,Towers with Radar,3,37,77,0,117,0,0,117,0,117,3,37,194,0,234,170,0,170,404
05/25/2012,PTK,MI,AGL,CE,Towers with Radar,4,31,82,0,117,0,5,136,0,141,4,36,218,0,258,134,0,134,392
05/26/2012,PTK,MI,AGL,CE,Towers with Radar,0,20,49,0,69,0,2,187,0,189,0,22,236,0,258,308,0,308,566
05/27/2012,PTK,MI,AGL,CE,Towers with Radar,0,9,32,0,41,0,3,73,0,76,0,12,105,0,117,80,0,80,197
05/28/2012,PTK,MI,AGL,CE,Towers with Radar,0,13,52,0,65,0,0,99,0,99,0,13,151,0,164,28,0,28,192
05/29/2012,PTK,MI,AGL,CE,Towers with Radar,2,32,67,0,101,0,3,93,0,96,2,35,160,0,197,144,0,144,341
05/30/2012,PTK,MI,AGL,CE,Towers with Radar,2,38,114,0,154,0,8,142,0,150,2,46,256,0,304,70,0,70,374
05/31/2012,PTK,MI,AGL,CE,Towers with Radar,1,35,107,0,143,0,7,109,0,116,1,42,216,0,259,138,0,138,397
06/01/2012,PTK,MI,AGL,CE,Towers with Radar,3,33,72,0,108,0,0,0,0,0,3,33,72,0,108,0,0,0,108
06/02/2012,PTK,MI,AGL,CE,Towers with Radar,0,15,44,0,59,0,1,94,0,95,0,16,138,0,154,42,0,42,196
06/03/2012,PTK,MI,AGL,CE,Towers with Radar,0,10,49,0,59,0,1,95,0,96,0,11,144,0,155,68,0,68,223
06/04/2012,PTK,MI,AGL,CE,Towers with Radar,4,27,75,0,106,0,3,121,0,124,4,30,196,0,230,154,0,154,384
06/05/2012,PTK,MI,AGL,CE,Towers with Radar,7,32,71,0,110,0,6,126,0,132,7,38,197,0,242,218,0,218,460
06/06/2012,PTK,MI,AGL,CE,Towers with Radar,3,29,81,0,113,0,5,154,0,159,3,34,235,0,272,150,0,150,422
06/07/2012,PTK,MI,AGL,CE,Towers with Radar,6,30,94,0,130,0,9,179,0,188,6,39,273,0,318,230,0,230,548
06/08/2012,PTK,MI,AGL,CE,Towers with Radar,6,24,79,0,109,1,13,184,0,198,7,37,263,0,307,252,0,252,559
06/09/2012,PTK,MI,AGL,CE,Towers with Radar,1,28,47,0,76,0,1,213,0,214,1,29,260,0,290,162,0,162,452
06/10/2012,PTK,MI,AGL,CE,Towers with Radar,2,11,81,0,94,0,1,170,1,172,2,12,251,1,266,150,0,150,416
06/11/2012,PTK,MI,AGL,CE,Towers with Radar,2,29,84,0,115,0,2,65,0,67,2,31,149,0,182,106,0,106,288
06/12/2012,PTK,MI,AGL,CE,Towers with Radar,4,39,81,0,124,0,14,104,0,118,4,53,185,0,242,52,0,52,294
06/13/2012,PTK,MI,AGL,CE,Towers with Radar,5,33,84,0,122,1,7,188,0,196,6,40,272,0,318,238,0,238,556
06/14/2012,PTK,MI,AGL,CE,Towers with Radar,4,52,95,0,151,0,13,169,0,182,4,65,264,0,333,116,0,116,449
06/15/2012,PTK,MI,AGL,CE,Towers with Radar,4,36,77,0,117,0,4,190,0,194,4,40,267,0,311,202,0,202,513
06/16/2012,PTK,MI,AGL,CE,Towers with Radar,1,17,62,0,80,0,2,190,1,193,1,19,252,1,273,188,0,188,461
06/17/2012,PTK,MI,AGL,CE,Towers with Radar,1,17,44,0,62,0,1,89,0,90,1,18,133,0,152,84,0,84,236
06/18/2012,PTK,MI,AGL,CE,Towers with Radar,1,36,77,0,114,0,9,130,0,139,1,45,207,0,253,76,0,76,329
06/19/2012,PTK,MI,AGL,CE,Towers with Radar,3,38,76,0,117,0,8,153,0,161,3,46,229,0,278,166,0,166,444
06/20/2012,PTK,MI,AGL,CE,Towers with Radar,4,32,111,0,147,2,9,130,0,141,6,41,241,0,288,112,0,112,400
06/21/2012,PTK,MI,AGL,CE,Towers with Radar,7,47,65,0,119,0,7,75,1,83,7,54,140,1,202,94,0,94,296
06/22/2012,PTK,MI,AGL,CE,Towers with Radar,8,33,78,0,119,0,2,174,0,176,8,35,252,0,295,234,0,234,529
06/23/2012,PTK,MI,AGL,CE,Towers with Radar,0,16,49,0,65,0,2,252,0,254,0,18,301,0,319,366,0,366,685
06/24/2012,PTK,MI,AGL,CE,Towers with Radar,0,12,71,0,83,0,5,150,0,155,0,17,221,0,238,106,0,106,344
06/25/2012,PTK,MI,AGL,CE,Towers with Radar,1,27,66,1,95,0,11,111,8,130,1,38,177,9,225,70,0,70,295
06/26/2012,PTK,MI,AGL,CE,Towers with Radar,4,31,78,0,113,0,9,194,0,203,4,40,272,0,316,292,0,292,608
06/27/2012,PTK,MI,AGL,CE,Towers with Radar,8,44,64,0,116,0,3,154,1,158,8,47,218,1,274,268,0,268,542
06/28/2012,PTK,MI,AGL,CE,Towers with Radar,3,48,92,2,145,0,6,146,0,152,3,54,238,2,297,140,0,140,437
06/29/2012,PTK,MI,AGL,CE,Towers with Radar,4,28,81,0,113,0,4,152,0,156,4,32,233,0,269,96,0,96,365
06/30/2012,PTK,MI,AGL,CE,Towers with Radar,3,13,43,0,59,3,3,176,0,182,6,16,219,0,241,178,0,178,419
07/01/2012,PTK,MI,AGL,CE,Towers with Radar,1,13,57,0,71,0,1,162,0,163,1,14,219,0,234,162,0,162,396
07/02/2012,PTK,MI,AGL,CE,Towers with Radar,5,17,48,0,70,0,8,92,0,100,5,25,140,0,170,82,0,82,252
07/03/2012,PTK,MI,AGL,CE,Towers with Radar,4,16,56,0,76,8,3,40,0,51,12,19,96,0,127,102,0,102,229
07/04/2012,PTK,MI,AGL,CE,Towers with Radar,3,5,22,0,30,0,0,69,1,70,3,5,91,1,100,168,0,168,268
07/05/2012,PTK,MI,AGL,CE,Towers with Radar,2,9,60,0,71,0,2,97,0,99,2,11,157,0,170,118,0,118,288
07/06/2012,PTK,MI,AGL,CE,Towers with Radar,5,12,50,0,67,0,3,103,0,106,5,15,153,0,173,140,0,140,313
07/07/2012,PTK,MI,AGL,CE,Towers with Radar,1,11,49,0,61,0,3,103,0,106,1,14,152,0,167,82,0,82,249
07/08/2012,PTK,MI,AGL,CE,Towers with Radar,1,7,92,0,100,0,0,145,0,145,1,7,237,0,245,160,0,160,405
07/09/2012,PTK,MI,AGL,CE,Towers with Radar,2,17,83,1,103,0,7,129,3,139,2,24,212,4,242,146,0,146,388
07/10/2012,PTK,MI,AGL,CE,Towers with Radar,1,43,53,0,97,0,0,10,0,10,1,43,63,0,107,0,0,0,107
07/11/2012,PTK,MI,AGL,CE,Towers with Radar,5,25,106,0,136,0,4,174,0,178,5,29,280,0,314,378,0,378,692
07/12/2012,PTK,MI,AGL,CE,Towers with Radar,3,31,100,0,134,0,5,165,0,170,3,36,265,0,304,236,0,236,540
07/13/2012,PTK,MI,AGL,CE,Towers with Radar,0,26,62,0,88,2,3,176,1,182,2,29,238,1,270,136,0,136,406
07/14/2012,PTK,MI,AGL,CE,Towers with Radar,0,16,47,0,63,0,12,297,0,309,0,28,344,0,372,330,0,330,702
07/15/2012,PTK,MI,AGL,CE,Towers with Radar,2,19,70,0,91,0,1,150,0,151,2,20,220,0,242,146,0,146,388
07/16/2012,PTK,MI,AGL,CE,Towers with Radar,1,23,67,0,91,0,3,110,0,113,1,26,177,0,204,182,0,182,386
07/17/2012,PTK,MI,AGL,CE,Towers with Radar,0,32,83,0,115,0,7,134,0,141,0,39,217,0,256,162,0,162,418
07/18/2012,PTK,MI,AGL,CE,Towers with Radar,6,26,88,1,121,0,7,90,0,97,6,33,178,1,218,122,0,122,340
07/19/2012,PTK,MI,AGL,CE,Towers with Radar,7,35,97,0,139,5,1,47,0,53,12,36,144,0,192,166,0,166,358
07/20/2012,PTK,MI,AGL,CE,Towers with Radar,7,23,103,0,133,0,10,190,1,201,7,33,293,1,334,212,0,212,546
07/21/2012,PTK,MI,AGL,CE,Towers with Radar,9,12,73,0,94,1,3,244,0,248,10,15,317,0,342,340,0,340,682
07/22/2012,PTK,MI,AGL,CE,Towers with Radar,0,14,87,0,101,0,2,155,0,157,0,16,242,0,258,284,0,284,542
07/23/2012,PTK,MI,AGL,CE,Towers with Radar,3,35,66,0,104,0,9,100,0,109,3,44,166,0,213,32,0,32,245
07/24/2012,PTK,MI,AGL,CE,Towers with Radar,8,35,91,0,134,0,5,159,0,164,8,40,250,0,298,226,0,226,524
07/25/2012,PTK,MI,AGL,CE,Towers with Radar,6,35,90,0,131,0,8,133,0,141,6,43,223,0,272,150,0,150,422
07/26/2012,PTK,MI,AGL,CE,Towers with Radar,6,32,87,0,125,0,3,89,0,92,6,35,176,0,217,194,0,194,411
07/27/2012,PTK,MI,AGL,CE,Towers with Radar,5,43,97,0,145,0,5,35,0,40,5,48,132,0,185,62,0,62,247
07/28/2012,PTK,MI,AGL,CE,Towers with Radar,4,10,97,0,111,0,0,147,0,147,4,10,244,0,258,174,0,174,432
07/29/2012,PTK,MI,AGL,CE,Towers with Radar,2,18,73,0,93,0,8,134,0,142,2,26,207,0,235,124,0,124,359
07/30/2012,PTK,MI,AGL,CE,Towers with Radar,2,22,84,3,111,0,17,106,1,124,2,39,190,4,235,80,0,80,315
07/31/2012,PTK,MI,AGL,CE,Towers with Radar,5,33,79,0,117,0,2,144,0,146,5,35,223,0,263,254,0,254,517
08/01/2012,PTK,MI,AGL,CE,Towers with Radar,3,20,105,0,128,0,12,153,2,167,3,32,258,2,295,160,0,160,455
08/02/2012,PTK,MI,AGL,CE,Towers with Radar,4,31,106,0,141,0,7,170,0,177,4,38,276,0,318,161,0,161,479
08/03/2012,PTK,MI,AGL,CE,Towers with Radar,9,40,69,0,118,0,3,125,0,128,9,43,194,0,246,58,0,58,304
08/04/2012,PTK,MI,AGL,CE,Towers with Radar,1,18,62,5,86,0,2,134,0,136,1,20,196,5,222,142,0,142,364
08/05/2012,PTK,MI,AGL,CE,Towers with Radar,0,23,61,0,84,0,2,82,0,84,0,25,143,0,168,148,0,148,316
08/06/2012,PTK,MI,AGL,CE,Towers with Radar,0,27,69,0,96,0,10,114,0,124,0,37,183,0,220,136,0,136,356
08/07/2012,PTK,MI,AGL,CE,Towers with Radar,6,25,74,0,105,1,14,138,0,153,7,39,212,0,258,222,0,222,480
08/08/2012,PTK,MI,AGL,CE,Towers with Radar,4,25,66,0,95,0,6,106,1,113,4,31,172,1,208,184,0,184,392
08/09/2012,PTK,MI,AGL,CE,Towers with Radar,2,35,88,0,125,0,0,7,0,7,2,35,95,0,132,10,0,10,142
08/10/2012,PTK,MI,AGL,CE,Towers with Radar,7,33,82,0,122,0,0,5,0,5,7,33,87,0,127,2,0,2,129
08/11/2012,PTK,MI,AGL,CE,Towers with Radar,7,20,73,0,100,0,0,12,0,12,7,20,85,0,112,36,0,36,148
08/12/2012,PTK,MI,AGL,CE,Towers with Radar,1,23,57,0,81,0,5,198,0,203,1,28,255,0,284,396,0,396,680
08/13/2012,PTK,MI,AGL,CE,Towers with Radar,3,34,48,0,85,0,7,80,0,87,3,41,128,0,172,114,0,114,286
08/14/2012,PTK,MI,AGL,CE,Towers with Radar,3,28,84,0,115,0,3,94,0,97,3,31,178,0,212,176,0,176,388
08/15/2012,PTK,MI,AGL,CE,Towers with Radar,0,22,96,0,118,0,8,176,0,184,0,30,272,0,302,216,0,216,518
08/16/2012,PTK,MI,AGL,CE,Towers with Radar,1,43,75,0,119,0,4,65,0,69,1,47,140,0,188,134,0,134,322
08/17/2012,PTK,MI,AGL,CE,Towers with Radar,0,44,89,0,133,0,8,116,0,124,0,52,205,0,257,162,0,162,419
08/18/2012,PTK,MI,AGL,CE,Towers with Radar,0,11,36,0,47,0,3,216,0,219,0,14,252,0,266,278,0,278,544
08/19/2012,PTK,MI,AGL,CE,Towers with Radar,1,18,81,0,100,0,4,143,0,147,1,22,224,0,247,108,0,108,355
08/20/2012,PTK,MI,AGL,CE,Towers with Radar,0,30,69,0,99,0,6,171,0,177,0,36,240,0,276,166,0,166,442
08/21/2012,PTK,MI,AGL,CE,Towers with Radar,3,30,81,0,114,6,10,137,0,153,9,40,218,0,267,162,0,162,429
08/22/2012,PTK,MI,AGL,CE,Towers with Radar,4,42,82,2,130,0,7,174,0,181,4,49,256,2,311,264,0,264,575
08/23/2012,PTK,MI,AGL,CE,Towers with Radar,4,28,92,0,124,0,8,179,0,187,4,36,271,0,311,188,0,188,499
08/24/2012,PTK,MI,AGL,CE,Towers with Radar,5,40,68,1,114,2,4,170,1,177,7,44,238,2,291,248,0,248,539
08/25/2012,PTK,MI,AGL,CE,Towers with Radar,4,26,46,0,76,2,9,261,0,272,6,35,307,0,348,303,0,303,651
08/26/2012,PTK,MI,AGL,CE,Towers with Radar,0,20,43,0,63,0,3,662,2,667,0,23,705,2,730,258,0,258,988
08/27/2012,PTK,MI,AGL,CE,Towers with Radar,2,41,77,0,120,0,3,69,1,73,2,44,146,1,193,124,0,124,317
08/28/2012,PTK,MI,AGL,CE,Towers with Radar,4,22,83,0,109,0,11,142,0,153,4,33,225,0,262,176,0,176,438
08/29/2012,PTK,MI,AGL,CE,Towers with Radar,6,35,79,0,120,0,13,166,2,181,6,48,245,2,301,296,0,296,597
08/30/2012,PTK,MI,AGL,CE,Towers with Radar,7,38,91,0,136,0,9,134,0,143,7,47,225,0,279,122,0,122,401
08/31/2012,PTK,MI,AGL,CE,Towers with Radar,3,41,70,0,114,0,14,121,0,135,3,55,191,0,249,68,0,68,317
09/01/2012,PTK,MI,AGL,CE,Towers with Radar,1,22,53,0,76,0,6,145,0,151,1,28,198,0,227,92,0,92,319
09/02/2012,PTK,MI,AGL,CE,Towers with Radar,2,16,59,0,77,0,5,119,0,124,2,21,178,0,201,152,0,152,353
09/03/2012,PTK,MI,AGL,CE,Towers with Radar,2,18,79,0,99,0,5,148,2,155,2,23,227,2,254,130,0,130,384
09/04/2012,PTK,MI,AGL,CE,Towers with Radar,4,24,76,0,104,0,2,36,0,38,4,26,112,0,142,32,0,32,174
09/05/2012,PTK,MI,AGL,CE,Towers with Radar,6,28,63,0,97,0,11,78,0,89,6,39,141,0,186,148,0,148,334
09/06/2012,PTK,MI,AGL,CE,Towers with Radar,4,31,116,0,151,0,11,131,0,142,4,42,247,0,293,178,0,178,471
09/07/2012,PTK,MI,AGL,CE,Towers with Radar,0,30,62,0,92,2,8,125,0,135,2,38,187,0,227,116,0,116,343
09/08/2012,PTK,MI,AGL,CE,Towers with Radar,3,23,42,0,68,0,10,85,0,95,3,33,127,0,163,66,0,66,229
09/09/2012,PTK,MI,AGL,CE,Towers with Radar,2,20,76,0,98,4,22,211,0,237,6,42,287,0,335,262,0,262,597
09/10/2012,PTK,MI,AGL,CE,Towers with Radar,3,18,64,2,87,0,8,136,2,146,3,26,200,4,233,202,0,202,435
09/11/2012,PTK,MI,AGL,CE,Towers with Radar,5,24,83,0,112,1,15,144,0,160,6,39,227,0,272,346,0,346,618
09/12/2012,PTK,MI,AGL,CE,Towers with Radar,4,20,90,0,114,0,6,153,0,159,4,26,243,0,273,154,0,154,427
09/13/2012,PTK,MI,AGL,CE,Towers with Radar,2,40,87,0,129,1,10,109,0,120,3,50,196,0,249,142,0,142,391
09/14/2012,PTK,MI,AGL,CE,Towers with Radar,3,39,78,0,120,0,10,90,0,100,3,49,168,0,220,118,0,118,338
09/15/2012,PTK,MI,AGL,CE,Towers with Radar,2,11,62,0,75,0,1,214,0,215,2,12,276,0,290,330,0,330,620
09/16/2012,PTK,MI,AGL,CE,Towers with Radar,0,18,55,0,73,0,5,226,0,231,0,23,281,0,304,214,0,214,518
09/17/2012,PTK,MI,AGL,CE,Towers with Radar,3,25,50,5,83,1,10,80,3,94,4,35,130,8,177,127,0,127,304
09/18/2012,PTK,MI,AGL,CE,Towers with Radar,3,37,66,0,106,0,4,43,0,47,3,41,109,0,153,76,0,76,229
09/19/2012,PTK,MI,AGL,CE,Towers with Radar,5,35,82,0,122,0,8,143,0,151,5,43,225,0,273,144,0,144,417
09/20/2012,PTK,MI,AGL,CE,Towers with Radar,10,42,86,0,138,1,14,97,0,112,11,56,183,0,250,124,0,124,374
09/21/2012,PTK,MI,AGL,CE,Towers with Radar,6,47,93,0,146,0,6,148,4,158,6,53,241,4,304,106,0,106,410
09/22/2012,PTK,MI,AGL,CE,Towers with Radar,2,19,40,0,61,0,4,65,0,69,2,23,105,0,130,57,0,57,187
09/23/2012,PTK,MI,AGL,CE,Towers with Radar,4,15,72,0,91,1,6,268,1,276,5,21,340,1,367,328,0,328,695
09/24/2012,PTK,MI,AGL,CE,Towers with Radar,2,30,52,0,84,0,8,81,0,89,2,38,133,0,173,38,0,38,211
09/25/2012,PTK,MI,AGL,CE,Towers with Radar,3,24,59,0,86,0,5,102,8,115,3,29,161,8,201,145,0,145,346
09/26/2012,PTK,MI,AGL,CE,Towers with Radar,7,29,91,0,127,0,5,75,0,80,7,34,166,0,207,180,0,180,387
09/27/2012,PTK,MI,AGL,CE,Towers with Radar,6,37,96,0,139,0,6,224,0,230,6,43,320,0,369,180,0,180,549
09/28/2012,PTK,MI,AGL,CE,Towers with Radar,2,40,76,2,120,0,8,178,0,186,2,48,254,2,306,162,0,162,468
09/29/2012,PTK,MI,AGL,CE,Towers with Radar,2,23,48,0,73,1,2,187,0,190,3,25,235,0,263,234,0,234,497
09/30/2012,PTK,MI,AGL,CE,Towers with Radar,1,23,70,0,94,0,3,142,0,145,1,26,212,0,239,218,0,218,457
10/01/2012,PTK,MI,AGL,CE,Towers with Radar,2,35,67,0,104,2,9,95,0,106,4,44,162,0,210,168,0,168,378
10/02/2012,PTK,MI,AGL,CE,Towers with Radar,9,31,69,0,109,0,2,108,0,110,9,33,177,0,219,108,0,108,327
10/03/2012,PTK,MI,AGL,CE,Towers with Radar,9,51,112,0,172,0,3,68,0,71,9,54,180,0,243,160,0,160,403
10/04/2012,PTK,MI,AGL,CE,Towers with Radar,10,48,90,2,150,0,1,191,0,192,10,49,281,2,342,298,0,298,640
10/05/2012,PTK,MI,AGL,CE,Towers with Radar,11,53,75,0,139,0,1,101,0,102,11,54,176,0,241,164,0,164,405
10/06/2012,PTK,MI,AGL,CE,Towers with Radar,7,17,45,0,69,0,3,137,0,140,7,20,182,0,209,248,0,248,457
10/07/2012,PTK,MI,AGL,CE,Towers with Radar,3,24,62,0,89,0,3,151,0,154,3,27,213,0,243,260,0,260,503
10/08/2012,PTK,MI,AGL,CE,Towers with Radar,8,22,54,0,84,0,9,116,0,125,8,31,170,0,209,130,0,130,339
10/09/2012,PTK,MI,AGL,CE,Towers with Radar,5,30,64,0,99,0,3,109,0,112,5,33,173,0,211,100,0,100,311
10/10/2012,PTK,MI,AGL,CE,Towers with Radar,8,31,63,0,102,0,1,48,0,49,8,32,111,0,151,76,0,76,227
10/11/2012,PTK,MI,AGL,CE,Towers with Radar,8,33,102,0,143,0,10,82,2,94,8,43,184,2,237,60,0,60,297
10/12/2012,PTK,MI,AGL,CE,Towers with Radar,14,19,86,1,120,0,10,186,0,196,14,29,272,1,316,156,0,156,472
10/13/2012,PTK,MI,AGL,CE,Towers with Radar,7,24,53,1,85,0,6,64,6,76,7,30,117,7,161,166,0,166,327
10/14/2012,PTK,MI,AGL,CE,Towers with Radar,0,18,58,0,76,0,1,4,0,5,0,19,62,0,81,16,0,16,97
10/15/2012,PTK,MI,AGL,CE,Towers with Radar,5,37,73,0,115,0,0,21,0,21,5,37,94,0,136,40,0,40,176
10/16/2012,PTK,MI,AGL,CE,Towers with Radar,8,31,75,0,114,0,8,145,0,153,8,39,220,0,267,218,0,218,485
10/17/2012,PTK,MI,AGL,CE,Towers with Radar,8,30,75,2,115,0,3,118,1,122,8,33,193,3,237,130,0,130,367
10/18/2012,PTK,MI,AGL,CE,Towers with Radar,6,44,86,0,136,0,1,29,0,30,6,45,115,0,166,26,0,26,192
10/19/2012,PTK,MI,AGL,CE,Towers with Radar,10,37,78,1,126,0,3,93,0,96,10,40,171,1,222,75,0,75,297
10/20/2012,PTK,MI,AGL,CE,Towers with Radar,5,14,77,0,96,0,1,114,0,115,5,15,191,0,211,184,0,184,395
10/21/2012,PTK,MI,AGL,CE,Towers with Radar,0,22,58,0,80,0,1,233,0,234,0,23,291,0,314,322,0,322,636
10/22/2012,PTK,MI,AGL,CE,Towers with Radar,3,25,68,0,96,0,7,80,0,87,3,32,148,0,183,172,0,172,355
10/23/2012,PTK,MI,AGL,CE,Towers with Radar,8,36,90,0,134,0,1,38,0,39,8,37,128,0,173,66,0,66,239
10/24/2012,PTK,MI,AGL,CE,Towers with Radar,7,26,111,0,144,0,3,175,0,178,7,29,286,0,322,258,0,258,580
10/25/2012,PTK,MI,AGL,CE,Towers with Radar,7,29,98,0,134,0,6,179,4,189,7,35,277,4,323,134,0,134,457
10/26/2012,PTK,MI,AGL,CE,Towers with Radar,10,32,74,0,116,0,3,55,0,58,10,35,129,0,174,116,0,116,290
10/27/2012,PTK,MI,AGL,CE,Towers with Radar,3,8,51,0,62,0,3,180,0,183,3,11,231,0,245,162,0,162,407
10/28/2012,PTK,MI,AGL,CE,Towers with Radar,4,15,64,0,83,0,1,77,0,78,4,16,141,0,161,62,0,62,223
10/29/2012,PTK,MI,AGL,CE,Towers with Radar,7,16,33,0,56,0,1,3,0,4,7,17,36,0,60,0,0,0,60
10/30/2012,PTK,MI,AGL,CE,Towers with Radar,2,24,21,0,47,0,0,0,0,0,2,24,21,0,47,0,0,0,47
10/31/2012,PTK,MI,AGL,CE,Towers with Radar,10,27,46,0,83,0,0,8,0,8,10,27,54,0,91,14,0,14,105
11/01/2012,PTK,MI,AGL,CE,Towers with Radar,11,31,75,0,117,1,1,55,0,57,12,32,130,0,174,84,0,84,258
11/02/2012,PTK,MI,AGL,CE,Towers with Radar,11,38,77,0,126,0,2,92,0,94,11,40,169,0,220,90,0,90,310
11/03/2012,PTK,MI,AGL,CE,Towers with Radar,7,14,53,0,74,0,3,261,0,264,7,17,314,0,338,354,0,354,692
11/04/2012,PTK,MI,AGL,CE,Towers with Radar,2,15,60,0,77,1,0,172,0,173,3,15,232,0,250,274,0,274,524
11/05/2012,PTK,MI,AGL,CE,Towers with Radar,6,29,67,0,102,1,6,101,0,108,7,35,168,0,210,202,0,202,412
11/06/2012,PTK,MI,AGL,CE,Towers with Radar,5,28,56,0,89,3,6,97,0,106,8,34,153,0,195,140,0,140,335
11/07/2012,PTK,MI,AGL,CE,Towers with Radar,5,26,85,0,116,0,10,133,0,143,5,36,218,0,259,118,0,118,377
11/08/2012,PTK,MI,AGL,CE,Towers with Radar,8,31,89,2,130,1,10,189,0,200,9,41,278,2,330,166,0,166,496
11/09/2012,PTK,MI,AGL,CE,Towers with Radar,3,21,93,0,117,0,6,135,0,141,3,27,228,0,258,94,0,94,352
11/10/2012,PTK,MI,AGL,CE,Towers with Radar,3,9,58,0,70,0,4,166,1,171,3,13,224,1,241,259,0,259,500
11/11/2012,PTK,MI,AGL,CE,Towers with Radar,1,11,50,0,62,0,1,122,0,123,1,12,172,0,185,78,0,78,263
11/12/2012,PTK,MI,AGL,CE,Towers with Radar,6,31,52,0,89,0,1,14,0,15,6,32,66,0,104,12,0,12,116
11/13/2012,PTK,MI,AGL,CE,Towers with Radar,6,33,78,0,117,0,8,72,0,80,6,41,150,0,197,36,0,36,233
11/14/2012,PTK,MI,AGL,CE,Towers with Radar,9,50,82,0,141,0,11,101,0,112,9,61,183,0,253,140,0,140,393
11/15/2012,PTK,MI,AGL,CE,Towers with Radar,10,29,65,0,104,0,4,125,3,132,10,33,190,3,236,120,0,120,356
11/16/2012,PTK,MI,AGL,CE,Towers with Radar,3,29,98,0,130,0,4,169,0,173,3,33,267,0,303,204,0,204,507
11/17/2012,PTK,MI,AGL,CE,Towers with Radar,4,21,69,0,94,4,0,158,0,162,8,21,227,0,256,164,0,164,420
11/18/2012,PTK,MI,AGL,CE,Towers with Radar,2,15,74,0,91,0,3,106,0,109,2,18,180,0,200,206,0,206,406
11/19/2012,PTK,MI,AGL,CE,Towers with Radar,0,20,63,0,83,0,5,92,0,97,0,25,155,0,180,122,0,122,302
11/20/2012,PTK,MI,AGL,CE,Towers with Radar,0,29,80,0,109,0,14,94,0,108,0,43,174,0,217,114,0,114,331
11/21/2012,PTK,MI,AGL,CE,Towers with Radar,6,37,104,0,147,0,10,178,1,189,6,47,282,1,336,208,0,208,544
11/22/2012,PTK,MI,AGL,CE,Towers with Radar,2,8,17,0,27,0,1,24,0,25,2,9,41,0,52,56,0,56,108
11/23/2012,PTK,MI,AGL,CE,Towers with Radar,1,12,34,1,48,0,0,7,0,7,1,12,41,1,55,6,0,6,61
11/24/2012,PTK,MI,AGL,CE,Towers with Radar,0,9,59,0,68,0,2,108,0,110,0,11,167,0,178,74,0,74,252
11/25/2012,PTK,MI,AGL,CE,Towers with Radar,1,24,111,0,136,0,0,64,0,64,1,24,175,0,200,128,0,128,328
11/26/2012,PTK,MI,AGL,CE,Towers with Radar,4,48,64,0,116,0,8,52,0,60,4,56,116,0,176,94,0,94,270
11/27/2012,PTK,MI,AGL,CE,Towers with Radar,3,27,65,0,95,2,8,115,0,125,5,35,180,0,220,86,0,86,306
11/28/2012,PTK,MI,AGL,CE,Towers with Radar,3,30,77,0,110,0,12,109,0,121,3,42,186,0,231,94,0,94,325
11/29/2012,PTK,MI,AGL,CE,Towers with Radar,3,30,54,1,88,1,9,174,0,184,4,39,228,1,272,236,0,236,508
11/30/2012,PTK,MI,AGL,CE,Towers with Radar,3,37,78,2,120,1,1,26,0,28,4,38,104,2,148,54,0,54,202
12/01/2012,PTK,MI,AGL,CE,Towers with Radar,2,17,102,0,121,0,2,61,0,63,2,19,163,0,184,48,0,48,232
12/02/2012,PTK,MI,AGL,CE,Towers with Radar,2,18,85,0,105,0,1,15,0,16,2,19,100,0,121,60,0,60,181
12/03/2012,PTK,MI,AGL,CE,Towers with Radar,5,21,30,0,56,0,0,2,0,2,5,21,32,0,58,0,0,0,58
12/04/2012,PTK,MI,AGL,CE,Towers with Radar,6,31,52,0,89,0,3,71,0,74,6,34,123,0,163,20,0,20,183
12/05/2012,PTK,MI,AGL,CE,Towers with Radar,10,36,89,0,135,0,11,155,0,166,10,47,244,0,301,134,0,134,435
12/06/2012,PTK,MI,AGL,CE,Towers with Radar,3,27,65,0,95,0,5,109,0,114,3,32,174,0,209,164,0,164,373
12/07/2012,PTK,MI,AGL,CE,Towers with Radar,3,27,73,0,103,0,1,16,0,17,3,28,89,0,120,30,0,30,150
12/08/2012,PTK,MI,AGL,CE,Towers with Radar,3,22,44,0,69,0,2,19,0,21,3,24,63,0,90,38,0,38,128
12/09/2012,PTK,MI,AGL,CE,Towers with Radar,0,22,96,0,118,0,0,28,0,28,0,22,124,0,146,64,0,64,210
12/10/2012,PTK,MI,AGL,CE,Towers with Radar,2,27,72,0,101,0,1,3,0,4,2,28,75,0,105,26,0,26,131
12/11/2012,PTK,MI,AGL,CE,Towers with Radar,4,33,97,0,134,0,4,123,0,127,4,37,220,0,261,80,0,80,341
12/12/2012,PTK,MI,AGL,CE,Towers with Radar,5,40,88,0,133,0,5,167,4,176,5,45,255,4,309,170,0,170,479
12/13/2012,PTK,MI,AGL,CE,Towers with Radar,6,39,74,0,119,2,10,193,0,205,8,49,267,0,324,238,0,238,562
12/14/2012,PTK,MI,AGL,CE,Towers with Radar,6,21,66,0,93,0,11,219,0,230,6,32,285,0,323,238,0,238,561
12/15/2012,PTK,MI,AGL,CE,Towers with Radar,4,11,58,0,73,0,0,44,0,44,4,11,102,0,117,50,0,50,167
12/16/2012,PTK,MI,AGL,CE,Towers with Radar,4,21,53,0,78,0,0,46,0,46,4,21,99,0,124,122,0,122,246
12/17/2012,PTK,MI,AGL,CE,Towers with Radar,5,33,69,0,107,0,0,39,0,39,5,33,108,0,146,168,0,168,314
12/18/2012,PTK,MI,AGL,CE,Towers with Radar,4,32,70,0,106,1,4,113,1,119,5,36,183,1,225,230,0,230,455
12/19/2012,PTK,MI,AGL,CE,Towers with Radar,5,53,88,0,146,0,4,111,0,115,5,57,199,0,261,238,0,238,499
12/20/2012,PTK,MI,AGL,CE,Towers with Radar,4,44,71,0,119,0,3,10,2,15,4,47,81,2,134,14,0,14,148
12/21/2012,PTK,MI,AGL,CE,Towers with Radar,6,39,62,0,107,0,0,0,0,0,6,39,62,0,107,0,0,0,107
12/22/2012,PTK,MI,AGL,CE,Towers with Radar,3,21,60,0,84,0,0,79,0,79,3,21,139,0,163,50,0,50,213
12/23/2012,PTK,MI,AGL,CE,Towers with Radar,0,17,49,0,66,0,0,168,0,168,0,17,217,0,234,228,0,228,462
12/24/2012,PTK,MI,AGL,CE,Towers with Radar,1,15,27,0,43,0,0,48,9,57,1,15,75,9,100,86,0,86,186
12/25/2012,PTK,MI,AGL,CE,Towers with Radar,1,8,16,0,25,0,0,28,0,28,1,8,44,0,53,38,0,38,91
12/26/2012,PTK,MI,AGL,CE,Towers with Radar,0,27,48,0,75,0,0,22,0,22,0,27,70,0,97,20,0,20,117
12/27/2012,PTK,MI,AGL,CE,Towers with Radar,3,22,58,0,83,0,1,46,0,47,3,23,104,0,130,0,0,0,130
12/28/2012,PTK,MI,AGL,CE,Towers with Radar,1,15,36,0,52,2,2,100,0,104,3,17,136,0,156,202,0,202,358
12/29/2012,PTK,MI,AGL,CE,Towers with Radar,0,12,36,0,48,0,0,31,0,31,0,12,67,0,79,78,0,78,157
12/30/2012,PTK,MI,AGL,CE,Towers with Radar,2,6,27,0,35,0,0,77,0,77,2,6,104,0,112,98,0,98,210
12/31/2012,PTK,MI,AGL,CE,Towers with Radar,2,10,19,0,31,0,0,5,0,5,2,10,24,0,36,0,0,0,36
01/01/2013,PTK,MI,AGL,CE,Towers with Radar,2,9,30,0,41,0,0,4,0,4,2,9,34,0,45,0,0,0,45
01/02/2013,PTK,MI,AGL,CE,Towers with Radar,0,18,66,0,84,0,1,88,0,89,0,19,154,0,173,104,0,104,277
01/03/2013,PTK,MI,AGL,CE,Towers with Radar,3,22,35,0,60,0,0,21,0,21,3,22,56,0,81,74,0,74,155
01/04/2013,PTK,MI,AGL,CE,Towers with Radar,4,17,36,0,57,0,3,77,0,80,4,20,113,0,137,30,0,30,167
01/05/2013,PTK,MI,AGL,CE,Towers with Radar,3,10,79,0,92,0,1,157,0,158,3,11,236,0,250,230,0,230,480
01/06/2013,PTK,MI,AGL,CE,Towers with Radar,2,19,43,0,64,0,0,28,0,28,2,19,71,0,92,8,0,8,100
01/07/2013,PTK,MI,AGL,CE,Towers with Radar,2,18,45,0,65,0,1,48,0,49,2,19,93,0,114,26,0,26,140
01/08/2013,PTK,MI,AGL,CE,Towers with Radar,1,30,55,0,86,4,7,85,0,96,5,37,140,0,182,98,0,98,280
01/09/2013,PTK,MI,AGL,CE,Towers with Radar,3,28,39,0,70,0,2,57,1,60,3,30,96,1,130,4,0,4,134
01/10/2013,PTK,MI,AGL,CE,Towers with Radar,1,23,58,0,82,1,4,92,0,97,2,27,150,0,179,106,0,106,285
01/11/2013,PTK,MI,AGL,CE,Towers with Radar,5,22,37,0,64,0,2,27,0,29,5,24,64,0,93,10,0,10,103
01/12/2013,PTK,MI,AGL,CE,Towers with Radar,1,17,44,0,62,0,42,192,0,234,1,59,236,0,296,246,0,246,542
01/13/2013,PTK,MI,AGL,CE,Towers with Radar,1,19,53,0,73,0,0,16,0,16,1,19,69,0,89,14,0,14,103
01/14/2013,PTK,MI,AGL,CE,Towers with Radar,2,32,45,0,79,0,3,44,0,47,2,35,89,0,126,56,0,56,182
01/15/2013,PTK,MI,AGL,CE,Towers with Radar,2,27,68,0,97,0,3,93,3,99,2,30,161,3,196,110,0,110,306
01/16/2013,PTK,MI,AGL,CE,Towers with Radar,2,20,73,0,95,0,7,95,0,102,2,27,168,0,197,162,0,162,359
01/17/2013,PTK,MI,AGL,CE,Towers with Radar,0,25,58,0,83,0,10,77,0,87,0,35,135,0,170,140,0,140,310
01/18/2013,PTK,MI,AGL,CE,Towers with Radar,1,37,63,0,101,0,7,115,0,122,1,44,178,0,223,76,0,76,299
01/19/2013,PTK,MI,AGL,CE,Towers with Radar,3,12,63,0,78,0,4,109,0,113,3,16,172,0,191,172,0,172,363
01/20/2013,PTK,MI,AGL,CE,Towers with Radar,1,12,47,0,60,0,0,41,0,41,1,12,88,0,101,34,0,34,135
01/21/2013,PTK,MI,AGL,CE,Towers with Radar,2,17,58,0,77,0,0,11,0,11,2,17,69,0,88,34,0,34,122
01/22/2013,PTK,MI,AGL,CE,Towers with Radar,2,26,47,0,75,0,1,19,0,20,2,27,66,0,95,36,0,36,131
01/23/2013,PTK,MI,AGL,CE,Towers with Radar,1,24,71,0,96,0,0,37,0,37,1,24,108,0,133,62,0,62,195
01/24/2013,PTK,MI,AGL,CE,Towers with Radar,4,31,61,0,96,0,6,114,0,120,4,37,175,0,216,81,0,81,297
01/25/2013,PTK,MI,AGL,CE,Towers with Radar,4,27,55,0,86,0,0,7,0,7,4,27,62,0,93,32,0,32,125
01/26/2013,PTK,MI,AGL,CE,Towers with Radar,3,12,50,0,65,1,0,131,0,132,4,12,181,0,197,152,0,152,349
01/27/2013,PTK,MI,AGL,CE,Towers with Radar,2,11,48,3,64,0,0,133,15,148,2,11,181,18,212,186,0,186,398
01/28/2013,PTK,MI,AGL,CE,Towers with Radar,3,21,52,0,76,0,0,0,0,0,3,21,52,0,76,0,0,0,76
01/29/2013,PTK,MI,AGL,CE,Towers with Radar,1,30,69,0,100,0,1,0,0,1,1,31,69,0,101,0,0,0,101
01/30/2013,PTK,MI,AGL,CE,Towers with Radar,4,31,70,0,105,0,1,7,0,8,4,32,77,0,113,32,0,32,145
01/31/2013,PTK,MI,AGL,CE,Towers with Radar,2,28,47,0,77,0,0,1,0,1,2,28,48,0,78,0,0,0,78
02/01/2013,PTK,MI,AGL,CE,Towers with Radar,1,33,70,0,104,0,3,102,0,105,1,36,172,0,209,97,0,97,306
02/02/2013,PTK,MI,AGL,CE,Towers with Radar,3,10,32,0,45,0,0,29,0,29,3,10,61,0,74,84,0,84,158
02/03/2013,PTK,MI,AGL,CE,Towers with Radar,2,10,39,0,51,0,0,71,0,71,2,10,110,0,122,164,0,164,286
02/04/2013,PTK,MI,AGL,CE,Towers with Radar,1,30,62,0,93,0,0,3,0,3,1,30,65,0,96,0,0,0,96
02/05/2013,PTK,MI,AGL,CE,Towers with Radar,0,20,65,0,85,0,7,50,0,57,0,27,115,0,142,84,0,84,226
02/06/2013,PTK,MI,AGL,CE,Towers with Radar,5,21,76,1,103,0,7,177,0,184,5,28,253,1,287,110,0,110,397
02/07/2013,PTK,MI,AGL,CE,Towers with Radar,5,31,55,0,91,2,4,58,0,64,7,35,113,0,155,94,0,94,249
02/08/2013,PTK,MI,AGL,CE,Towers with Radar,3,23,38,0,64,0,0,7,0,7,3,23,45,0,71,0,0,0,71
02/09/2013,PTK,MI,AGL,CE,Towers with Radar,6,12,41,0,59,0,2,184,0,186,6,14,225,0,245,256,0,256,501
02/10/2013,PTK,MI,AGL,CE,Towers with Radar,1,6,42,0,49,0,0,105,0,105,1,6,147,0,154,170,0,170,324
02/11/2013,PTK,MI,AGL,CE,Towers with Radar,3,15,51,0,69,1,0,1,0,2,4,15,52,0,71,4,0,4,75
02/12/2013,PTK,MI,AGL,CE,Towers with Radar,2,26,86,0,114,0,0,70,0,70,2,26,156,0,184,160,0,160,344
02/13/2013,PTK,MI,AGL,CE,Towers with Radar,4,31,91,0,126,0,4,161,0,165,4,35,252,0,291,246,0,246,537
02/14/2013,PTK,MI,AGL,CE,Towers with Radar,0,27,63,0,90,0,3,34,0,37,0,30,97,0,127,128,0,128,255
02/15/2013,PTK,MI,AGL,CE,Towers with Radar,2,41,48,0,91,0,1,132,0,133,2,42,180,0,224,130,0,130,354
02/16/2013,PTK,MI,AGL,CE,Towers with Radar,1,22,43,0,66,0,1,80,0,81,1,23,123,0,147,122,0,122,269
02/17/2013,PTK,MI,AGL,CE,Towers with Radar,0,14,50,0,64,0,2,172,0,174,0,16,222,0,238,182,0,182,420
02/18/2013,PTK,MI,AGL,CE,Towers with Radar,3,24,64,0,91,0,2,61,0,63,3,26,125,0,154,26,0,26,180
02/19/2013,PTK,MI,AGL,CE,Towers with Radar,1,32,38,0,71,0,0,4,0,4,1,32,42,0,75,0,0,0,75
02/20/2013,PTK,MI,AGL,CE,Towers with Radar,3,16,83,0,102,1,1,61,0,63,4,17,144,0,165,104,0,104,269
02/21/2013,PTK,MI,AGL,CE,Towers with Radar,3,22,60,0,85,0,7,163,0,170,3,29,223,0,255,274,0,274,529
02/22/2013,PTK,MI,AGL,CE,Towers with Radar,7,21,34,0,62,0,0,4,0,4,7,21,38,0,66,0,0,0,66
02/23/2013,PTK,MI,AGL,CE,Towers with Radar,2,17,47,0,66,0,0,100,0,100,2,17,147,0,166,188,0,188,354
02/24/2013,PTK,MI,AGL,CE,Towers with Radar,3,23,72,0,98,0,0,92,0,92,3,23,164,0,190,196,0,196,386
02/25/2013,PTK,MI,AGL,CE,Towers with Radar,2,23,63,0,88,3,4,148,1,156,5,27,211,1,244,178,0,178,422
02/26/2013,PTK,MI,AGL,CE,Towers with Radar,4,25,43,0,72,0,1,36,0,37,4,26,79,0,109,22,0,22,131
02/27/2013,PTK,MI,AGL,CE,Towers with Radar,6,26,39,0,71,0,0,0,0,0,6,26,39,0,71,0,0,0,71
02/28/2013,PTK,MI,AGL,CE,Towers with Radar,4,24,86,0,114,0,2,33,0,35,4,26,119,0,149,32,0,32,181
03/01/2013,PTK,MI,AGL,CE,Towers with Radar,6,23,61,0,90,0,2,160,0,162,6,25,221,0,252,102,0,102,354
03/02/2013,PTK,MI,AGL,CE,Towers with Radar,1,20,29,0,50,0,0,108,0,108,1,20,137,0,158,216,0,216,374
03/03/2013,PTK,MI,AGL,CE,Towers with Radar,0,18,55,0,73,0,4,201,0,205,0,22,256,0,278,262,0,262,540
03/04/2013,PTK,MI,AGL,CE,Towers with Radar,0,30,77,0,107,0,1,103,0,104,0,31,180,0,211,196,0,196,407
03/05/2013,PTK,MI,AGL,CE,Towers with Radar,3,19,64,2,88,3,2,93,5,103,6,21,157,7,191,126,0,126,317
03/06/2013,PTK,MI,AGL,CE,Towers with Radar,4,25,71,0,100,0,3,146,0,149,4,28,217,0,249,178,0,178,427
03/07/2013,PTK,MI,AGL,CE,Towers with Radar,8,29,77,0,114,0,10,62,0,72,8,39,139,0,186,130,0,130,316
03/08/2013,PTK,MI,AGL,CE,Towers with Radar,6,14,75,2,97,0,13,185,0,198,6,27,260,2,295,200,0,200,495
03/09/2013,PTK,MI,AGL,CE,Towers with Radar,3,8,62,0,73,2,1,239,12,254,5,9,301,12,327,314,0,314,641
03/10/2013,PTK,MI,AGL,CE,Towers with Radar,1,11,42,0,54,0,2,84,0,86,1,13,126,0,140,196,0,196,336
03/11/2013,PTK,MI,AGL,CE,Towers with Radar,1,29,77,0,107,0,0,14,0,14,1,29,91,0,121,30,0,30,151
03/12/2013,PTK,MI,AGL,CE,Towers with Radar,3,29,84,0,116,1,5,24,0,30,4,34,108,0,146,126,0,126,272
03/13/2013,PTK,MI,AGL,CE,Towers with Radar,1,27,64,0,92,0,5,34,0,39,1,32,98,0,131,10,0,10,141
03/14/2013,PTK,MI,AGL,CE,Towers with Radar,1,31,70,0,102,0,9,194,0,203,1,40,264,0,305,114,0,114,419
03/15/2013,PTK,MI,AGL,CE,Towers with Radar,3,29,80,0,112,0,1,48,0,49,3,30,128,0,161,114,0,114,275
03/16/2013,PTK,MI,AGL,CE,Towers with Radar,3,21,37,0,61,0,1,19,0,20,3,22,56,0,81,66,0,66,147
03/17/2013,PTK,MI,AGL,CE,Towers with Radar,0,20,79,0,99,1,2,186,0,189,1,22,265,0,288,268,0,268,556
03/18/2013,PTK,MI,AGL,CE,Towers with Radar,5,24,49,0,78,0,0,6,0,6,5,24,55,0,84,0,0,0,84
03/19/2013,PTK,MI,AGL,CE,Towers with Radar,5,28,49,0,82,0,2,30,0,32,5,30,79,0,114,12,0,12,126
03/20/2013,PTK,MI,AGL,CE,Towers with Radar,3,44,69,0,116,0,10,114,4,128,3,54,183,4,244,132,0,132,376
03/21/2013,PTK,MI,AGL,CE,Towers with Radar,8,33,73,0,114,0,2,29,0,31,8,35,102,0,145,16,0,16,161
03/22/2013,PTK,MI,AGL,CE,Towers with Radar,2,31,76,0,109,0,13,181,0,194,2,44,257,0,303,196,0,196,499
03/23/2013,PTK,MI,AGL,CE,Towers with Radar,1,27,80,0,108,0,0,230,0,230,1,27,310,0,338,276,0,276,614
03/24/2013,PTK,MI,AGL,CE,Towers with Radar,3,14,72,0,89,0,0,170,0,170,3,14,242,0,259,146,0,146,405
03/25/2013,PTK,MI,AGL,CE,Towers with Radar,6,19,42,0,67,0,1,30,0,31,6,20,72,0,98,44,0,44,142
03/26/2013,PTK,MI,AGL,CE,Towers with Radar,4,37,55,0,96,0,7,94,3,104,4,44,149,3,200,178,0,178,378
03/27/2013,PTK,MI,AGL,CE,Towers with Radar,4,44,81,0,129,0,17,135,0,152,4,61,216,0,281,166,0,166,447
03/28/2013,PTK,MI,AGL,CE,Towers with Radar,4,28,59,0,91,0,4,186,0,190,4,32,245,0,281,186,0,186,467
03/29/2013,PTK,MI,AGL,CE,Towers with Radar,2,15,52,2,71,2,2,246,0,250,4,17,298,2,321,242,0,242,563
03/30/2013,PTK,MI,AGL,CE,Towers with Radar,0,9,36,0,45,0,2,298,0,300,0,11,334,0,345,174,0,174,519
03/31/2013,PTK,MI,AGL,CE,Towers with Radar,0,16,39,0,55,0,0,47,0,47,0,16,86,0,102,44,0,44,146
04/01/2013,PTK,MI,AGL,CE,Towers with Radar,0,21,39,0,60,0,0,33,0,33,0,21,72,0,93,42,0,42,135
04/02/2013,PTK,MI,AGL,CE,Towers with Radar,7,22,68,0,97,0,3,74,0,77,7,25,142,0,174,80,0,80,254
04/03/2013,PTK,MI,AGL,CE,Towers with Radar,2,33,77,0,112,0,2,168,0,170,2,35,245,0,282,284,0,284,566
04/04/2013,PTK,MI,AGL,CE,Towers with Radar,4,30,79,0,113,2,3,121,0,126,6,33,200,0,239,172,0,172,411
04/05/2013,PTK,MI,AGL,CE,Towers with Radar,7,26,61,0,94,0,4,138,0,142,7,30,199,0,236,106,0,106,342
04/06/2013,PTK,MI,AGL,CE,Towers with Radar,6,24,58,0,88,0,0,110,0,110,6,24,168,0,198,160,0,160,358
04/07/2013,PTK,MI,AGL,CE,Towers with Radar,1,23,83,0,107,0,1,38,0,39,1,24,121,0,146,36,0,36,182
04/08/2013,PTK,MI,AGL,CE,Towers with Radar,2,31,70,0,103,0,1,25,0,26,2,32,95,0,129,54,0,54,183
04/09/2013,PTK,MI,AGL,CE,Towers with Radar,1,38,72,0,111,0,2,14,0,16,1,40,86,0,127,50,0,50,177
04/10/2013,PTK,MI,AGL,CE,Towers with Radar,4,24,76,0,104,0,0,1,0,1,4,24,77,0,105,6,0,6,111
04/11/2013,PTK,MI,AGL,CE,Towers with Radar,7,41,72,0,120,0,0,3,0,3,7,41,75,0,123,2,0,2,125
04/12/2013,PTK,MI,AGL,CE,Towers with Radar,7,37,53,0,97,0,4,27,0,31,7,41,80,0,128,58,0,58,186
04/13/2013,PTK,MI,AGL,CE,Towers with Radar,2,12,39,1,54,0,2,91,0,93,2,14,130,1,147,122,0,122,269
04/14/2013,PTK,MI,AGL,CE,Towers with Radar,2,18,50,0,70,0,1,157,0,158,2,19,207,0,228,266,0,266,494
04/15/2013,PTK,MI,AGL,CE,Towers with Radar,2,24,60,0,86,2,1,42,0,45,4,25,102,0,131,22,0,22,153
04/16/2013,PTK,MI,AGL,CE,Towers with Radar,2,24,79,1,106,0,2,74,0,76,2,26,153,1,182,224,0,224,406
04/17/2013,PTK,MI,AGL,CE,Towers with Radar,2,19,81,0,102,0,3,113,0,116,2,22,194,0,218,138,0,138,356
04/18/2013,PTK,MI,AGL,CE,Towers with Radar,2,18,50,0,70,1,2,11,0,14,3,20,61,0,84,16,0,16,100
04/19/2013,PTK,MI,AGL,CE,Towers with Radar,4,18,43,0,65,0,2,5,0,7,4,20,48,0,72,0,0,0,72
04/20/2013,PTK,MI,AGL,CE,Towers with Radar,3,16,33,0,52,0,2,80,0,82,3,18,113,0,134,90,0,90,224
04/21/2013,PTK,MI,AGL,CE,Towers with Radar,2,14,66,0,82,0,6,187,0,193,2,20,253,0,275,372,0,372,647
04/22/2013,PTK,MI,AGL,CE,Towers with Radar,2,17,62,0,81,0,2,140,0,142,2,19,202,0,223,184,0,184,407
04/23/2013,PTK,MI,AGL,CE,Towers with Radar,5,34,87,0,126,0,7,81,1,89,5,41,168,1,215,110,0,110,325
04/24/2013,PTK,MI,AGL,CE,Towers with Radar,9,25,55,0,89,0,0,43,0,43,9,25,98,0,132,58,0,58,190
04/25/2013,PTK,MI,AGL,CE,Towers with Radar,7,28,79,0,114,0,3,94,0,97,7,31,173,0,211,116,0,116,327
04/26/2013,PTK,MI,AGL,CE,Towers with Radar,3,29,85,2,119,1,6,194,1,202,4,35,279,3,321,190,0,190,511
04/27/2013,PTK,MI,AGL,CE,Towers with Radar,5,9,61,2,77,0,2,255,0,257,5,11,316,2,334,230,0,230,564
04/28/2013,PTK,MI,AGL,CE,Towers with Radar,1,12,76,0,89,0,1,34,0,35,1,13,110,0,124,114,0,114,238
04/29/2013,PTK,MI,AGL,CE,Towers with Radar,1,20,63,0,84,0,6,84,0,90,1,26,147,0,174,198,0,198,372
04/30/2013,PTK,MI,AGL,CE,Towers with Radar,4,18,79,0,101,0,8,36,0,44,4,26,115,0,145,36,0,36,181
05/01/2013,PTK,MI,AGL,CE,Towers with Radar,7,18,82,0,107,2,6,205,0,213,9,24,287,0,320,172,0,172,492
05/02/2013,PTK,MI,AGL,CE,Towers with Radar,5,27,91,0,123,0,10,180,1,191,5,37,271,1,314,136,0,136,450
05/03/2013,PTK,MI,AGL,CE,Towers with Radar,4,24,86,0,114,0,5,155,0,160,4,29,241,0,274,168,0,168,442
05/04/2013,PTK,MI,AGL,CE,Towers with Radar,6,19,44,0,69,0,1,233,0,234,6,20,277,0,303,200,0,200,503
05/05/2013,PTK,MI,AGL,CE,Towers with Radar,6,15,60,0,81,0,2,195,0,197,6,17,255,0,278,266,0,266,544
05/06/2013,PTK,MI,AGL,CE,Towers with Radar,2,16,78,0,96,0,1,94,0,95,2,17,172,0,191,140,0,140,331
05/07/2013,PTK,MI,AGL,CE,Towers with Radar,5,23,74,0,102,2,1,136,2,141,7,24,210,2,243,150,0,150,393
05/08/2013,PTK,MI,AGL,CE,Towers with Radar,7,36,91,0,134,0,4,117,0,121,7,40,208,0,255,202,0,202,457
05/09/2013,PTK,MI,AGL,CE,Towers with Radar,10,36,102,0,148,0,4,167,2,173,10,40,269,2,321,278,0,278,599
05/10/2013,PTK,MI,AGL,CE,Towers with Radar,6,31,92,0,129,0,4,9,0,13,6,35,101,0,142,6,0,6,148
05/11/2013,PTK,MI,AGL,CE,Towers with Radar,5,12,77,1,95,0,0,57,0,57,5,12,134,1,152,34,0,34,186
05/12/2013,PTK,MI,AGL,CE,Towers with Radar,6,29,51,0,86,0,2,36,1,39,6,31,87,1,125,30,0,30,155
05/13/2013,PTK,MI,AGL,CE,Towers with Radar,3,23,70,0,96,0,1,96,0,97,3,24,166,0,193,116,0,116,309
05/14/2013,PTK,MI,AGL,CE,Towers with Radar,5,21,78,0,104,1,4,100,0,105,6,25,178,0,209,144,0,144,353
05/15/2013,PTK,MI,AGL,CE,Towers with Radar,6,39,77,0,122,0,2,106,1,109,6,41,183,1,231,76,0,76,307
05/16/2013,PTK,MI,AGL,CE,Towers with Radar,8,33,70,0,111,0,2,184,0,186,8,35,254,0,297,220,0,220,517
05/17/2013,PTK,MI,AGL,CE,Towers with Radar,4,27,83,0,114,1,10,170,0,181,5,37,253,0,295,206,0,206,501
05/18/2013,PTK,MI,AGL,CE,Towers with Radar,2,15,41,0,58,0,0,228,0,228,2,15,269,0,286,206,0,206,492
05/19/2013,PTK,MI,AGL,CE,Towers with Radar,1,20,54,0,75,0,3,186,0,189,1,23,240,0,264,194,0,194,458
05/20/2013,PTK,MI,AGL,CE,Towers with Radar,3,26,68,0,97,0,1,46,0,47,3,27,114,0,144,68,0,68,212
05/21/2013,PTK,MI,AGL,CE,Towers with Radar,3,20,68,0,91,0,0,117,0,117,3,20,185,0,208,128,0,128,336
05/22/2013,PTK,MI,AGL,CE,Towers with Radar,6,35,81,0,122,0,2,75,0,77,6,37,156,0,199,98,0,98,297
05/23/2013,PTK,MI,AGL,CE,Towers with Radar,6,30,97,0,133,0,0,14,0,14,6,30,111,0,147,28,0,28,175
05/24/2013,PTK,MI,AGL,CE,Towers with Radar,6,32,98,0,136,2,5,134,0,141,8,37,232,0,277,110,0,110,387
05/25/2013,PTK,MI,AGL,CE,Towers with Radar,5,7,43,0,55,0,0,223,1,224,5,7,266,1,279,160,0,160,439
05/26/2013,PTK,MI,AGL,CE,Towers with Radar,0,15,41,0,56,0,2,218,0,220,0,17,259,0,276,126,0,126,402
05/27/2013,PTK,MI,AGL,CE,Towers with Radar,0,30,78,0,108,1,1,157,0,159,1,31,235,0,267,138,0,138,405
05/28/2013,PTK,MI,AGL,CE,Towers with Radar,3,23,69,0,95,0,0,6,0,6,3,23,75,0,101,0,0,0,101
05/29/2013,PTK,MI,AGL,CE,Towers with Radar,6,38,110,0,154,1,5,158,0,164,7,43,268,0,318,98,0,98,416
05/30/2013,PTK,MI,AGL,CE,Towers with Radar,4,24,80,0,108,0,3,119,0,122,4,27,199,0,230,70,0,70,300
05/31/2013,PTK,MI,AGL,CE,Towers with Radar,8,22,66,0,96,0,3,105,0,108,8,25,171,0,204,78,0,78,282
06/01/2013,PTK,MI,AGL,CE,Towers with Radar,5,8,38,0,51,0,0,114,0,114,5,8,152,0,165,104,0,104,269
06/02/2013,PTK,MI,AGL,CE,Towers with Radar,2,12,46,0,60,0,0,76,0,76,2,12,122,0,136,122,0,122,258
06/03/2013,PTK,MI,AGL,CE,Towers with Radar,5,20,73,0,98,0,6,145,0,151,5,26,218,0,249,184,0,184,433
06/04/2013,PTK,MI,AGL,CE,Towers with Radar,7,30,85,0,122,0,5,233,0,238,7,35,318,0,360,348,0,348,708
06/05/2013,PTK,MI,AGL,CE,Towers with Radar,12,25,64,0,101,0,1,210,0,211,12,26,274,0,312,242,0,242,554
06/06/2013,PTK,MI,AGL,CE,Towers with Radar,9,30,81,0,120,0,5,140,0,145,9,35,221,0,265,140,0,140,405
06/07/2013,PTK,MI,AGL,CE,Towers with Radar,10,42,122,0,174,0,0,87,0,87,10,42,209,0,261,88,0,88,349
06/08/2013,PTK,MI,AGL,CE,Towers with Radar,3,17,51,0,71,0,0,204,0,204,3,17,255,0,275,198,0,198,473
06/09/2013,PTK,MI,AGL,CE,Towers with Radar,3,30,67,0,100,1,1,193,0,195,4,31,260,0,295,114,0,114,409
06/10/2013,PTK,MI,AGL,CE,Towers with Radar,2,39,81,0,122,0,0,2,0,2,2,39,83,0,124,28,0,28,152
06/11/2013,PTK,MI,AGL,CE,Towers with Radar,6,45,80,0,131,0,7,89,2,98,6,52,169,2,229,154,0,154,383
06/12/2013,PTK,MI,AGL,CE,Towers with Radar,2,26,73,0,101,0,4,90,0,94,2,30,163,0,195,202,0,202,397
06/13/2013,PTK,MI,AGL,CE,Towers with Radar,2,26,64,0,92,1,11,130,0,142,3,37,194,0,234,134,0,134,368
06/14/2013,PTK,MI,AGL,CE,Towers with Radar,3,36,73,0,112,0,6,202,0,208,3,42,275,0,320,167,0,167,487
06/15/2013,PTK,MI,AGL,CE,Towers with Radar,3,13,52,0,68,0,4,171,0,175,3,17,223,0,243,114,0,114,357
06/16/2013,PTK,MI,AGL,CE,Towers with Radar,3,24,60,0,87,0,3,112,0,115,3,27,172,0,202,88,0,88,290
06/17/2013,PTK,MI,AGL,CE,Towers with Radar,8,25,53,0,86,1,5,170,0,176,9,30,223,0,262,170,0,170,432
06/18/2013,PTK,MI,AGL,CE,Towers with Radar,6,31,71,0,108,1,11,179,0,191,7,42,250,0,299,108,0,108,407
06/19/2013,PTK,MI,AGL,CE,Towers with Radar,7,22,80,0,109,0,5,191,2,198,7,27,271,2,307,206,0,206,513
06/20/2013,PTK,MI,AGL,CE,Towers with Radar,3,35,102,0,140,0,7,210,0,217,3,42,312,0,357,202,0,202,559
06/21/2013,PTK,MI,AGL,CE,Towers with Radar,1,36,77,1,115,0,4,131,5,140,1,40,208,6,255,136,0,136,391
06/22/2013,PTK,MI,AGL,CE,Towers with Radar,4,14,46,0,64,0,1,127,0,128,4,15,173,0,192,114,0,114,306
06/23/2013,PTK,MI,AGL,CE,Towers with Radar,2,23,59,0,84,0,2,156,0,158,2,25,215,0,242,115,0,115,357
06/24/2013,PTK,MI,AGL,CE,Towers with Radar,2,37,76,1,116,0,1,90,0,91,2,38,166,1,207,44,0,44,251
06/25/2013,PTK,MI,AGL,CE,Towers with Radar,7,28,80,0,115,0,1,64,1,66,7,29,144,1,181,156,0,156,337
06/26/2013,PTK,MI,AGL,CE,Towers with Radar,4,37,84,0,125,0,5,146,4,155,4,42,230,4,280,186,0,186,466
06/27/2013,PTK,MI,AGL,CE,Towers with Radar,3,43,115,0,161,0,0,71,0,71,3,43,186,0,232,76,0,76,308
06/28/2013,PTK,MI,AGL,CE,Towers with Radar,4,42,91,0,137,0,6,61,0,67,4,48,152,0,204,144,0,144,348
06/29/2013,PTK,MI,AGL,CE,Towers with Radar,1,21,81,0,103,0,2,143,0,145,1,23,224,0,248,146,0,146,394
06/30/2013,PTK,MI,AGL,CE,Towers with Radar,0,20,74,0,94,8,3,185,0,196,8,23,259,0,290,236,0,236,526
07/01/2013,PTK,MI,AGL,CE,Towers with Radar,1,22,65,0,88,0,0,82,0,82,1,22,147,0,170,106,0,106,276
07/02/2013,PTK,MI,AGL,CE,Towers with Radar,2,27,70,0,99,0,1,114,0,115,2,28,184,0,214,218,0,218,432
07/03/2013,PTK,MI,AGL,CE,Towers with Radar,4,32,62,0,98,0,9,126,0,135,4,41,188,0,233,172,0,172,405
07/04/2013,PTK,MI,AGL,CE,Towers with Radar,1,11,33,0,45,0,0,68,0,68,1,11,101,0,113,62,0,62,175
07/05/2013,PTK,MI,AGL,CE,Towers with Radar,1,12,42,0,55,0,0,92,0,92,1,12,134,0,147,138,0,138,285
07/06/2013,PTK,MI,AGL,CE,Towers with Radar,1,13,45,0,59,0,0,179,0,179,1,13,224,0,238,216,0,216,454
07/07/2013,PTK,MI,AGL,CE,Towers with Radar,1,30,94,4,129,0,0,73,0,73,1,30,167,4,202,118,0,118,320
07/08/2013,PTK,MI,AGL,CE,Towers with Radar,3,20,49,0,72,0,0,67,0,67,3,20,116,0,139,146,0,146,285
07/09/2013,PTK,MI,AGL,CE,Towers with Radar,1,32,88,0,121,2,0,72,0,74,3,32,160,0,195,132,0,132,327
07/10/2013,PTK,MI,AGL,CE,Towers with Radar,2,25,76,0,103,9,6,128,0,143,11,31,204,0,246,286,0,286,532
07/11/2013,PTK,MI,AGL,CE,Towers with Radar,0,25,89,0,114,1,10,200,0,211,1,35,289,0,325,206,0,206,531
07/12/2013,PTK,MI,AGL,CE,Towers with Radar,0,35,98,0,133,0,7,276,0,283,0,42,374,0,416,269,0,269,685
07/13/2013,PTK,MI,AGL,CE,Towers with Radar,0,10,43,0,53,1,0,306,0,307,1,10,349,0,360,160,0,160,520
07/14/2013,PTK,MI,AGL,CE,Towers with Radar,2,23,78,0,103,0,4,194,0,198,2,27,272,0,301,328,0,328,629
07/15/2013,PTK,MI,AGL,CE,Towers with Radar,1,31,93,0,125,0,3,103,0,106,1,34,196,0,231,164,0,164,395
07/16/2013,PTK,MI,AGL,CE,Towers with Radar,1,27,62,0,90,0,7,103,0,110,1,34,165,0,200,212,0,212,412
07/17/2013,PTK,MI,AGL,CE,Towers with Radar,1,26,83,0,110,0,3,127,0,130,1,29,210,0,240,236,0,236,476
07/18/2013,PTK,MI,AGL,CE,Towers with Radar,1,31,75,0,107,0,5,143,0,148,1,36,218,0,255,162,0,162,417
07/19/2013,PTK,MI,AGL,CE,Towers with Radar,1,31,61,0,93,2,0,109,0,111,3,31,170,0,204,226,0,226,430
07/20/2013,PTK,MI,AGL,CE,Towers with Radar,0,15,79,0,94,0,1,222,0,223,0,16,301,0,317,106,0,106,423
07/21/2013,PTK,MI,AGL,CE,Towers with Radar,0,29,59,0,88,0,4,234,0,238,0,33,293,0,326,210,0,210,536
07/22/2013,PTK,MI,AGL,CE,Towers with Radar,2,27,73,0,102,0,2,109,0,111,2,29,182,0,213,182,0,182,395
07/23/2013,PTK,MI,AGL,CE,Towers with Radar,3,35,78,0,116,0,3,92,0,95,3,38,170,0,211,86,0,86,297
07/24/2013,PTK,MI,AGL,CE,Towers with Radar,0,21,95,0,116,0,0,172,0,172,0,21,267,0,288,274,0,274,562
07/25/2013,PTK,MI,AGL,CE,Towers with Radar,2,22,86,0,110,0,2,218,0,220,2,24,304,0,330,204,0,204,534
07/26/2013,PTK,MI,AGL,CE,Towers with Radar,0,29,94,0,123,0,6,177,0,183,0,35,271,0,306,212,0,212,518
07/27/2013,PTK,MI,AGL,CE,Towers with Radar,0,7,86,0,93,0,1,67,0,68,0,8,153,0,161,174,0,174,335
07/28/2013,PTK,MI,AGL,CE,Towers with Radar,0,16,95,0,111,0,2,86,0,88,0,18,181,0,199,158,0,158,357
07/29/2013,PTK,MI,AGL,CE,Towers with Radar,2,28,94,0,124,0,2,115,0,117,2,30,209,0,241,182,0,182,423
07/30/2013,PTK,MI,AGL,CE,Towers with Radar,2,23,73,0,98,0,7,179,0,186,2,30,252,0,284,126,0,126,410
07/31/2013,PTK,MI,AGL,CE,Towers with Radar,0,28,107,0,135,0,4,47,0,51,0,32,154,0,186,132,0,132,318
08/01/2013,PTK,MI,AGL,CE,Towers with Radar,2,24,105,0,131,0,4,117,0,121,2,28,222,0,252,82,0,82,334
08/02/2013,PTK,MI,AGL,CE,Towers with Radar,1,22,74,0,97,0,8,107,0,115,1,30,181,0,212,182,0,182,394
08/03/2013,PTK,MI,AGL,CE,Towers with Radar,0,15,66,0,81,2,4,198,0,204,2,19,264,0,285,208,0,208,493
08/04/2013,PTK,MI,AGL,CE,Towers with Radar,0,16,85,0,101,0,0,160,0,160,0,16,245,0,261,150,0,150,411
08/05/2013,PTK,MI,AGL,CE,Towers with Radar,1,24,66,0,91,0,1,122,0,123,1,25,188,0,214,142,0,142,356
08/06/2013,PTK,MI,AGL,CE,Towers with Radar,1,24,92,0,117,0,6,78,0,84,1,30,170,0,201,174,0,174,375
08/07/2013,PTK,MI,AGL,CE,Towers with Radar,1,14,98,0,113,0,9,109,0,118,1,23,207,0,231,206,0,206,437
08/08/2013,PTK,MI,AGL,CE,Towers with Radar,0,37,159,0,196,0,8,122,0,130,0,45,281,0,326,200,0,200,526
08/09/2013,PTK,MI,AGL,CE,Towers with Radar,0,31,72,0,103,0,1,191,0,192,0,32,263,0,295,250,0,250,545
08/10/2013,PTK,MI,AGL,CE,Towers with Radar,0,15,49,0,64,0,1,219,0,220,0,16,268,0,284,244,0,244,528
08/11/2013,PTK,MI,AGL,CE,Towers with Radar,0,18,60,0,78,0,2,208,1,211,0,20,268,1,289,230,0,230,519
08/12/2013,PTK,MI,AGL,CE,Towers with Radar,1,26,79,0,106,0,0,16,0,16,1,26,95,0,122,34,0,34,156
08/13/2013,PTK,MI,AGL,CE,Towers with Radar,0,23,78,0,101,0,2,90,0,92,0,25,168,0,193,176,0,176,369
08/14/2013,PTK,MI,AGL,CE,Towers with Radar,5,28,78,0,111,0,8,182,0,190,5,36,260,0,301,256,0,256,557
08/15/2013,PTK,MI,AGL,CE,Towers with Radar,5,29,88,0,122,0,7,211,0,218,5,36,299,0,340,302,0,302,642
08/16/2013,PTK,MI,AGL,CE,Towers with Radar,5,31,88,0,124,0,7,196,1,204,5,38,284,1,328,232,0,232,560
08/17/2013,PTK,MI,AGL,CE,Towers with Radar,2,17,42,0,61,0,2,337,0,339,2,19,379,0,400,274,0,274,674
08/18/2013,PTK,MI,AGL,CE,Towers with Radar,0,22,78,0,100,0,4,198,0,202,0,26,276,0,302,334,0,334,636
08/19/2013,PTK,MI,AGL,CE,Towers with Radar,3,34,57,0,94,0,8,122,0,130,3,42,179,0,224,248,0,248,472
08/20/2013,PTK,MI,AGL,CE,Towers with Radar,4,34,84,0,122,0,9,130,0,139,4,43,214,0,261,142,0,142,403
08/21/2013,PTK,MI,AGL,CE,Towers with Radar,2,25,78,0,105,0,7,122,0,129,2,32,200,0,234,140,0,140,374
08/22/2013,PTK,MI,AGL,CE,Towers with Radar,4,34,81,4,123,0,9,137,4,150,4,43,218,8,273,234,0,234,507
08/23/2013,PTK,MI,AGL,CE,Towers with Radar,0,23,65,2,90,0,3,172,0,175,0,26,237,2,265,116,0,116,381
08/24/2013,PTK,MI,AGL,CE,Towers with Radar,0,11,48,0,59,0,0,306,0,306,0,11,354,0,365,329,0,329,694
08/25/2013,PTK,MI,AGL,CE,Towers with Radar,0,11,42,0,53,0,1,658,0,659,0,12,700,0,712,318,0,318,1030
08/26/2013,PTK,MI,AGL,CE,Towers with Radar,2,24,71,0,97,0,7,57,0,64,2,31,128,0,161,100,0,100,261
08/27/2013,PTK,MI,AGL,CE,Towers with Radar,4,18,72,0,94,0,9,40,0,49,4,27,112,0,143,142,0,142,285
08/28/2013,PTK,MI,AGL,CE,Towers with Radar,2,33,97,0,132,3,3,108,0,114,5,36,205,0,246,161,0,161,407
08/29/2013,PTK,MI,AGL,CE,Towers with Radar,1,35,88,0,124,0,16,140,0,156,1,51,228,0,280,264,0,264,544
08/30/2013,PTK,MI,AGL,CE,Towers with Radar,2,32,63,0,97,0,9,123,0,132,2,41,186,0,229,144,0,144,373
08/31/2013,PTK,MI,AGL,CE,Towers with Radar,2,11,57,0,70,0,0,108,0,108,2,11,165,0,178,178,0,178,356
09/01/2013,PTK,MI,AGL,CE,Towers with Radar,1,9,42,0,52,0,1,81,0,82,1,10,123,0,134,112,0,112,246
09/02/2013,PTK,MI,AGL,CE,Towers with Radar,0,16,71,0,87,0,0,91,1,92,0,16,162,1,179,78,0,78,257
09/03/2013,PTK,MI,AGL,CE,Towers with Radar,6,23,62,0,91,0,1,89,0,90,6,24,151,0,181,116,0,116,297
09/04/2013,PTK,MI,AGL,CE,Towers with Radar,1,22,57,0,80,11,2,133,0,146,12,24,190,0,226,104,0,104,330
09/05/2013,PTK,MI,AGL,CE,Towers with Radar,1,27,75,0,103,0,3,120,0,123,1,30,195,0,226,140,0,140,366
09/06/2013,PTK,MI,AGL,CE,Towers with Radar,1,36,66,0,103,0,4,193,0,197,1,40,259,0,300,98,0,98,398
09/07/2013,PTK,MI,AGL,CE,Towers with Radar,2,14,66,0,82,0,1,206,0,207,2,15,272,0,289,290,0,290,579
09/08/2013,PTK,MI,AGL,CE,Towers with Radar,0,11,67,0,78,0,0,154,0,154,0,11,221,0,232,104,0,104,336
09/09/2013,PTK,MI,AGL,CE,Towers with Radar,1,24,67,0,92,0,2,33,0,35,1,26,100,0,127,72,0,72,199
09/10/2013,PTK,MI,AGL,CE,Towers with Radar,4,24,89,0,117,0,4,64,0,68,4,28,153,0,185,20,0,20,205
09/11/2013,PTK,MI,AGL,CE,Towers with Radar,4,40,70,0,114,0,2,88,2,92,4,42,158,2,206,80,0,80,286
09/12/2013,PTK,MI,AGL,CE,Towers with Radar,1,31,75,0,107,0,3,107,3,113,1,34,182,3,220,136,0,136,356
09/13/2013,PTK,MI,AGL,CE,Towers with Radar,2,44,90,0,136,0,3,98,0,101,2,47,188,0,237,72,0,72,309
09/14/2013,PTK,MI,AGL,CE,Towers with Radar,3,15,36,0,54,0,4,276,0,280,3,19,312,0,334,174,0,174,508
09/15/2013,PTK,MI,AGL,CE,Towers with Radar,2,21,74,0,97,0,1,155,0,156,2,22,229,0,253,178,0,178,431
09/16/2013,PTK,MI,AGL,CE,Towers with Radar,1,20,104,0,125,0,1,86,0,87,1,21,190,0,212,88,0,88,300
09/17/2013,PTK,MI,AGL,CE,Towers with Radar,6,32,83,0,121,2,5,131,0,138,8,37,214,0,259,134,0,134,393
09/18/2013,PTK,MI,AGL,CE,Towers with Radar,3,22,95,0,120,1,11,189,0,201,4,33,284,0,321,68,0,68,389
09/19/2013,PTK,MI,AGL,CE,Towers with Radar,9,34,77,0,120,0,5,63,1,69,9,39,140,1,189,72,0,72,261
09/20/2013,PTK,MI,AGL,CE,Towers with Radar,7,37,68,0,112,0,2,19,0,21,7,39,87,0,133,56,0,56,189
09/21/2013,PTK,MI,AGL,CE,Towers with Radar,3,15,90,0,108,0,1,116,0,117,3,16,206,0,225,162,0,162,387
09/22/2013,PTK,MI,AGL,CE,Towers with Radar,1,17,68,0,86,0,1,192,0,193,1,18,260,0,279,214,0,214,493
09/23/2013,PTK,MI,AGL,CE,Towers with Radar,0,28,80,0,108,2,2,132,0,136,2,30,212,0,244,144,0,144,388
09/24/2013,PTK,MI,AGL,CE,Towers with Radar,4,40,94,0,138,1,6,124,0,131,5,46,218,0,269,80,0,80,349
09/25/2013,PTK,MI,AGL,CE,Towers with Radar,3,36,77,0,116,0,7,128,0,135,3,43,205,0,251,156,0,156,407
09/26/2013,PTK,MI,AGL,CE,Towers with Radar,2,25,83,0,110,1,4,101,0,106,3,29,184,0,216,88,0,88,304
09/27/2013,PTK,MI,AGL,CE,Towers with Radar,7,31,83,2,123,0,5,134,0,139,7,36,217,2,262,108,0,108,370
09/28/2013,PTK,MI,AGL,CE,Towers with Radar,5,9,77,0,91,0,1,172,0,173,5,10,249,0,264,112,0,112,376
09/29/2013,PTK,MI,AGL,CE,Towers with Radar,2,18,104,0,124,0,0,52,0,52,2,18,156,0,176,38,0,38,214
09/30/2013,PTK,MI,AGL,CE,Towers with Radar,2,22,70,0,94,1,4,119,2,126,3,26,189,2,220,112,0,112,332
10/01/2013,PTK,MI,AGL,CE,Towers with Radar,7,26,98,0,131,0,2,46,0,48,7,28,144,0,179,34,0,34,213
10/02/2013,PTK,MI,AGL,CE,Towers with Radar,5,22,89,0,116,0,4,155,0,159,5,26,244,0,275,250,0,250,525
10/03/2013,PTK,MI,AGL,CE,Towers with Radar,6,34,74,0,114,5,1,32,0,38,11,35,106,0,152,74,0,74,226
10/04/2013,PTK,MI,AGL,CE,Towers with Radar,10,33,73,0,116,0,4,142,0,146,10,37,215,0,262,162,0,162,424
10/05/2013,PTK,MI,AGL,CE,Towers with Radar,3,14,63,0,80,0,2,28,0,30,3,16,91,0,110,116,0,116,226
10/06/2013,PTK,MI,AGL,CE,Towers with Radar,2,27,98,0,127,0,2,26,0,28,2,29,124,0,155,38,0,38,193
10/07/2013,PTK,MI,AGL,CE,Towers with Radar,7,30,52,0,89,0,4,35,0,39,7,34,87,0,128,26,0,26,154
10/08/2013,PTK,MI,AGL,CE,Towers with Radar,7,39,76,0,122,0,13,179,1,193,7,52,255,1,315,234,0,234,549
10/09/2013,PTK,MI,AGL,CE,Towers with Radar,9,25,71,0,105,0,3,143,0,146,9,28,214,0,251,102,0,102,353
10/10/2013,PTK,MI,AGL,CE,Towers with Radar,12,31,85,0,128,0,4,105,0,109,12,35,190,0,237,114,0,114,351
10/11/2013,PTK,MI,AGL,CE,Towers with Radar,8,42,76,1,127,0,4,174,0,178,8,46,250,1,305,156,0,156,461
10/12/2013,PTK,MI,AGL,CE,Towers with Radar,8,17,76,0,101,0,4,157,0,161,8,21,233,0,262,60,0,60,322
10/13/2013,PTK,MI,AGL,CE,Towers with Radar,3,29,69,0,101,0,1,196,0,197,3,30,265,0,298,170,0,170,468
10/14/2013,PTK,MI,AGL,CE,Towers with Radar,0,24,59,0,83,0,2,95,0,97,0,26,154,0,180,78,0,78,258
10/15/2013,PTK,MI,AGL,CE,Towers with Radar,1,34,72,0,107,0,2,37,0,39,1,36,109,0,146,94,0,94,240
10/16/2013,PTK,MI,AGL,CE,Towers with Radar,1,30,71,0,102,2,9,44,0,55,3,39,115,0,157,80,0,80,237
10/17/2013,PTK,MI,AGL,CE,Towers with Radar,2,34,78,0,114,0,1,9,0,10,2,35,87,0,124,34,0,34,158
10/18/2013,PTK,MI,AGL,CE,Towers with Radar,6,42,86,0,134,0,5,111,0,116,6,47,197,0,250,190,0,190,440
10/19/2013,PTK,MI,AGL,CE,Towers with Radar,5,11,54,0,70,0,1,26,0,27,5,12,80,0,97,38,0,38,135
10/20/2013,PTK,MI,AGL,CE,Towers with Radar,2,17,64,0,83,0,3,195,0,198,2,20,259,0,281,242,0,242,523
10/21/2013,PTK,MI,AGL,CE,Towers with Radar,2,23,54,0,79,0,1,30,0,31,2,24,84,0,110,20,0,20,130
10/22/2013,PTK,MI,AGL,CE,Towers with Radar,5,26,71,0,102,0,6,61,2,69,5,32,132,2,171,168,0,168,339
10/23/2013,PTK,MI,AGL,CE,Towers with Radar,3,29,83,0,115,2,2,91,0,95,5,31,174,0,210,68,0,68,278
10/24/2013,PTK,MI,AGL,CE,Towers with Radar,9,32,65,0,106,5,5,80,0,90,14,37,145,0,196,94,0,94,290
10/25/2013,PTK,MI,AGL,CE,Towers with Radar,3,46,103,0,152,2,7,95,0,104,5,53,198,0,256,172,0,172,428
10/26/2013,PTK,MI,AGL,CE,Towers with Radar,3,22,53,0,78,0,0,45,0,45,3,22,98,0,123,28,0,28,151
10/27/2013,PTK,MI,AGL,CE,Towers with Radar,1,16,75,0,92,0,3,194,0,197,1,19,269,0,289,246,0,246,535
10/28/2013,PTK,MI,AGL,CE,Towers with Radar,1,30,82,4,117,0,5,106,1,112,1,35,188,5,229,82,0,82,311
10/29/2013,PTK,MI,AGL,CE,Towers with Radar,9,46,76,0,131,4,5,94,4,107,13,51,170,4,238,172,0,172,410
10/30/2013,PTK,MI,AGL,CE,Towers with Radar,6,45,79,0,130,0,4,175,0,179,6,49,254,0,309,120,0,120,429
10/31/2013,PTK,MI,AGL,CE,Towers with Radar,8,36,49,0,93,0,0,2,0,2,8,36,51,0,95,0,0,0,95
11/01/2013,PTK,MI,AGL,CE,Towers with Radar,6,42,64,0,112,0,0,17,0,17,6,42,81,0,129,36,0,36,165
11/02/2013,PTK,MI,AGL,CE,Towers with Radar,7,13,35,0,55,0,0,39,0,39,7,13,74,0,94,72,0,72,166
11/03/2013,PTK,MI,AGL,CE,Towers with Radar,3,24,70,0,97,0,6,150,0,156,3,30,220,0,253,220,0,220,473
11/04/2013,PTK,MI,AGL,CE,Towers with Radar,2,17,72,0,91,0,5,93,1,99,2,22,165,1,190,72,0,72,262
11/05/2013,PTK,MI,AGL,CE,Towers with Radar,4,23,79,0,106,0,3,80,6,89,4,26,159,6,195,90,0,90,285
11/06/2013,PTK,MI,AGL,CE,Towers with Radar,2,32,63,0,97,0,0,1,0,1,2,32,64,0,98,0,0,0,98
11/07/2013,PTK,MI,AGL,CE,Towers with Radar,6,28,53,0,87,0,1,80,0,81,6,29,133,0,168,70,0,70,238
11/08/2013,PTK,MI,AGL,CE,Towers with Radar,7,35,53,0,95,0,6,129,0,135,7,41,182,0,230,104,0,104,334
11/09/2013,PTK,MI,AGL,CE,Towers with Radar,4,17,49,0,70,0,0,104,0,104,4,17,153,0,174,108,0,108,282
11/10/2013,PTK,MI,AGL,CE,Towers with Radar,0,13,53,0,66,0,1,76,0,77,0,14,129,0,143,56,0,56,199
11/11/2013,PTK,MI,AGL,CE,Towers with Radar,2,18,51,0,71,0,0,16,0,16,2,18,67,0,87,28,0,28,115
11/12/2013,PTK,MI,AGL,CE,Towers with Radar,7,27,64,0,98,6,11,40,0,57,13,38,104,0,155,40,0,40,195
11/13/2013,PTK,MI,AGL,CE,Towers with Radar,7,34,78,1,120,0,6,135,3,144,7,40,213,4,264,64,0,64,328
11/14/2013,PTK,MI,AGL,CE,Towers with Radar,5,48,61,0,114,1,7,114,0,122,6,55,175,0,236,78,0,78,314
11/15/2013,PTK,MI,AGL,CE,Towers with Radar,1,35,68,0,104,0,4,138,0,142,1,39,206,0,246,110,0,110,356
11/16/2013,PTK,MI,AGL,CE,Towers with Radar,2,16,77,0,95,1,1,134,0,136,3,17,211,0,231,244,0,244,475
11/17/2013,PTK,MI,AGL,CE,Towers with Radar,2,21,49,0,72,0,0,2,0,2,2,21,51,0,74,18,0,18,92
11/18/2013,PTK,MI,AGL,CE,Towers with Radar,0,27,53,0,80,0,0,6,0,6,0,27,59,0,86,0,0,0,86
11/19/2013,PTK,MI,AGL,CE,Towers with Radar,4,28,85,0,117,2,4,98,0,104,6,32,183,0,221,124,0,124,345
11/20/2013,PTK,MI,AGL,CE,Towers with Radar,6,28,61,0,95,0,7,107,0,114,6,35,168,0,209,92,0,92,301
11/21/2013,PTK,MI,AGL,CE,Towers with Radar,7,46,70,1,124,1,2,45,0,48,8,48,115,1,172,68,0,68,240
11/22/2013,PTK,MI,AGL,CE,Towers with Radar,6,41,49,0,96,0,6,11,0,17,6,47,60,0,113,0,0,0,113
11/23/2013,PTK,MI,AGL,CE,Towers with Radar,3,16,45,0,64,0,2,33,0,35,3,18,78,0,99,30,0,30,129
11/24/2013,PTK,MI,AGL,CE,Towers with Radar,4,22,44,0,70,0,0,139,0,139,4,22,183,0,209,126,0,126,335
11/25/2013,PTK,MI,AGL,CE,Towers with Radar,3,26,45,0,74,0,4,47,0,51,3,30,92,0,125,92,0,92,217
11/26/2013,PTK,MI,AGL,CE,Towers with Radar,3,47,72,2,124,0,6,48,1,55,3,53,120,3,179,78,0,78,257
11/27/2013,PTK,MI,AGL,CE,Towers with Radar,5,49,83,0,137,3,1,31,0,35,8,50,114,0,172,16,0,16,188
11/28/2013,PTK,MI,AGL,CE,Towers with Radar,1,10,16,0,27,0,0,3,0,3,1,10,19,0,30,12,0,12,42
11/29/2013,PTK,MI,AGL,CE,Towers with Radar,0,15,41,0,56,6,0,195,0,201,6,15,236,0,257,182,0,182,439
11/30/2013,PTK,MI,AGL,CE,Towers with Radar,3,13,55,0,71,0,3,163,0,166,3,16,218,0,237,148,0,148,385
12/01/2013,PTK,MI,AGL,CE,Towers with Radar,2,39,107,0,148,0,1,86,0,87,2,40,193,0,235,202,0,202,437
12/02/2013,PTK,MI,AGL,CE,Towers with Radar,1,34,76,0,111,0,6,70,1,77,1,40,146,1,188,26,0,26,214
12/03/2013,PTK,MI,AGL,CE,Towers with Radar,2,31,62,0,95,0,0,7,0,7,2,31,69,0,102,18,0,18,120
12/04/2013,PTK,MI,AGL,CE,Towers with Radar,1,45,61,0,107,0,3,15,0,18,1,48,76,0,125,16,0,16,141
12/05/2013,PTK,MI,AGL,CE,Towers with Radar,3,51,64,0,118,0,3,44,1,48,3,54,108,1,166,86,0,86,252
12/06/2013,PTK,MI,AGL,CE,Towers with Radar,3,42,52,0,97,0,1,103,0,104,3,43,155,0,201,124,0,124,325
12/07/2013,PTK,MI,AGL,CE,Towers with Radar,6,21,135,0,162,1,4,485,0,490,7,25,620,0,652,62,0,62,714
12/08/2013,PTK,MI,AGL,CE,Towers with Radar,2,22,50,0,74,0,0,100,0,100,2,22,150,0,174,92,0,92,266
12/09/2013,PTK,MI,AGL,CE,Towers with Radar,8,23,63,0,94,0,0,2,0,2,8,23,65,0,96,4,0,4,100
12/10/2013,PTK,MI,AGL,CE,Towers with Radar,11,27,72,0,110,0,1,52,0,53,11,28,124,0,163,22,0,22,185
12/11/2013,PTK,MI,AGL,CE,Towers with Radar,5,23,65,0,93,0,9,23,0,32,5,32,88,0,125,20,0,20,145
12/12/2013,PTK,MI,AGL,CE,Towers with Radar,3,48,79,0,130,0,7,70,0,77,3,55,149,0,207,52,0,52,259
12/13/2013,PTK,MI,AGL,CE,Towers with Radar,7,28,80,0,115,0,2,73,4,79,7,30,153,4,194,144,0,144,338
12/14/2013,PTK,MI,AGL,CE,Towers with Radar,4,15,33,0,52,0,0,0,0,0,4,15,33,0,52,0,0,0,52
12/15/2013,PTK,MI,AGL,CE,Towers with Radar,3,20,60,0,83,0,0,0,0,0,3,20,60,0,83,0,0,0,83
12/16/2013,PTK,MI,AGL,CE,Towers with Radar,4,29,43,0,76,0,8,69,0,77,4,37,112,0,153,48,0,48,201
12/17/2013,PTK,MI,AGL,CE,Towers with Radar,5,34,57,0,96,0,1,8,0,9,5,35,65,0,105,24,0,24,129
12/18/2013,PTK,MI,AGL,CE,Towers with Radar,7,41,99,0,147,0,2,103,1,106,7,43,202,1,253,126,0,126,379
12/19/2013,PTK,MI,AGL,CE,Towers with Radar,8,40,67,0,115,0,0,75,0,75,8,40,142,0,190,76,0,76,266
12/20/2013,PTK,MI,AGL,CE,Towers with Radar,13,39,46,0,98,0,0,0,0,0,13,39,46,0,98,0,0,0,98
12/21/2013,PTK,MI,AGL,CE,Towers with Radar,7,22,56,0,85,0,0,0,0,0,7,22,56,0,85,0,0,0,85
12/22/2013,PTK,MI,AGL,CE,Towers with Radar,0,11,34,0,45,0,0,4,0,4,0,11,38,0,49,10,0,10,59
12/23/2013,PTK,MI,AGL,CE,Towers with Radar,5,23,35,0,63,0,0,27,0,27,5,23,62,0,90,4,0,4,94
12/24/2013,PTK,MI,AGL,CE,Towers with Radar,2,5,14,0,21,1,1,59,0,61,3,6,73,0,82,26,0,26,108
12/25/2013,PTK,MI,AGL,CE,Towers with Radar,0,7,16,0,23,0,0,2,0,2,0,7,18,0,25,0,0,0,25
12/26/2013,PTK,MI,AGL,CE,Towers with Radar,0,31,55,0,86,0,0,39,0,39,0,31,94,0,125,84,0,84,209
12/27/2013,PTK,MI,AGL,CE,Towers with Radar,0,29,47,0,76,0,4,82,0,86,0,33,129,0,162,118,0,118,280
12/28/2013,PTK,MI,AGL,CE,Towers with Radar,0,13,42,0,55,0,1,228,0,229,0,14,270,0,284,284,0,284,568
12/29/2013,PTK,MI,AGL,CE,Towers with Radar,2,10,36,0,48,0,1,82,0,83,2,11,118,0,131,88,0,88,219
12/30/2013,PTK,MI,AGL,CE,Towers with Radar,2,11,53,0,66,0,2,80,0,82,2,13,133,0,148,86,0,86,234
12/31/2013,PTK,MI,AGL,CE,Towers with Radar,0,11,43,0,54,0,0,15,0,15,0,11,58,0,69,23,0,23,92
01/01/2014,PTK,MI,AGL,CE,Towers with Radar,0,8,21,0,29,0,0,2,0,2,0,8,23,0,31,0,0,0,31
01/02/2014,PTK,MI,AGL,CE,Towers with Radar,0,24,25,0,49,0,0,0,0,0,0,24,25,0,49,0,0,0,49
01/03/2014,PTK,MI,AGL,CE,Towers with Radar,5,27,42,0,74,0,11,123,0,134,5,38,165,0,208,76,0,76,284
01/04/2014,PTK,MI,AGL,CE,Towers with Radar,6,30,46,0,82,1,4,52,1,58,7,34,98,1,140,38,0,38,178
01/05/2014,PTK,MI,AGL,CE,Towers with Radar,2,16,30,0,48,0,0,0,0,0,2,16,30,0,48,0,0,0,48
01/06/2014,PTK,MI,AGL,CE,Towers with Radar,2,22,41,1,66,0,0,0,0,0,2,22,41,1,66,0,0,0,66
01/07/2014,PTK,MI,AGL,CE,Towers with Radar,11,25,56,0,92,0,5,8,0,13,11,30,64,0,105,0,0,0,105
01/08/2014,PTK,MI,AGL,CE,Towers with Radar,11,30,58,0,99,0,3,60,5,68,11,33,118,5,167,84,0,84,251
01/09/2014,PTK,MI,AGL,CE,Towers with Radar,4,44,59,0,107,0,6,48,3,57,4,50,107,3,164,66,0,66,230
01/10/2014,PTK,MI,AGL,CE,Towers with Radar,4,20,32,0,56,0,0,0,0,0,4,20,32,0,56,0,0,0,56
01/11/2014,PTK,MI,AGL,CE,Towers with Radar,3,4,31,0,38,0,0,2,0,2,3,4,33,0,40,0,0,0,40
01/12/2014,PTK,MI,AGL,CE,Towers with Radar,1,11,81,0,93,2,1,171,0,174,3,12,252,0,267,196,0,196,463
01/13/2014,PTK,MI,AGL,CE,Towers with Radar,2,27,47,0,76,1,2,57,2,62,3,29,104,2,138,30,0,30,168
01/14/2014,PTK,MI,AGL,CE,Towers with Radar,0,27,57,0,84,0,4,47,2,53,0,31,104,2,137,96,0,96,233
01/15/2014,PTK,MI,AGL,CE,Towers with Radar,2,17,70,0,89,0,8,69,0,77,2,25,139,0,166,30,0,30,196
01/16/2014,PTK,MI,AGL,CE,Towers with Radar,2,22,83,0,107,0,1,7,1,9,2,23,90,1,116,0,0,0,116
01/17/2014,PTK,MI,AGL,CE,Towers with Radar,1,27,53,0,81,0,5,42,0,47,1,32,95,0,128,74,0,74,202
01/18/2014,PTK,MI,AGL,CE,Towers with Radar,0,18,53,0,71,0,1,112,0,113,0,19,165,0,184,144,0,144,328
01/19/2014,PTK,MI,AGL,CE,Towers with Radar,1,8,45,0,54,0,0,46,1,47,1,8,91,1,101,22,0,22,123
01/20/2014,PTK,MI,AGL,CE,Towers with Radar,2,18,84,0,104,0,4,39,0,43,2,22,123,0,147,66,0,66,213
01/21/2014,PTK,MI,AGL,CE,Towers with Radar,1,13,55,0,69,0,9,45,0,54,1,22,100,0,123,44,0,44,167
01/22/2014,PTK,MI,AGL,CE,Towers with Radar,3,14,59,0,76,0,0,11,1,12,3,14,70,1,88,0,0,0,88
01/23/2014,PTK,MI,AGL,CE,Towers with Radar,2,40,57,2,101,0,0,64,7,71,2,40,121,9,172,56,0,56,228
01/24/2014,PTK,MI,AGL,CE,Towers with Radar,2,37,35,0,74,1,1,4,0,6,3,38,39,0,80,0,0,0,80
01/25/2014,PTK,MI,AGL,CE,Towers with Radar,2,17,34,0,53,0,0,1,0,1,2,17,35,0,54,0,0,0,54
01/26/2014,PTK,MI,AGL,CE,Towers with Radar,0,14,33,0,47,1,0,0,0,1,1,14,33,0,48,0,0,0,48
01/27/2014,PTK,MI,AGL,CE,Towers with Radar,1,25,56,0,82,0,0,42,0,42,1,25,98,0,124,62,0,62,186
01/28/2014,PTK,MI,AGL,CE,Towers with Radar,3,25,60,0,88,0,7,18,0,25,3,32,78,0,113,42,0,42,155
01/29/2014,PTK,MI,AGL,CE,Towers with Radar,1,18,60,0,79,0,1,29,0,30,1,19,89,0,109,12,0,12,121
01/30/2014,PTK,MI,AGL,CE,Towers with Radar,10,19,42,0,71,0,5,32,0,37,10,24,74,0,108,34,0,34,142
01/31/2014,PTK,MI,AGL,CE,Towers with Radar,5,34,49,0,88,0,1,79,0,80,5,35,128,0,168,152,0,152,320
02/01/2014,PTK,MI,AGL,CE,Towers with Radar,3,6,8,0,17,0,0,0,0,0,3,6,8,0,17,0,0,0,17
02/02/2014,PTK,MI,AGL,CE,Towers with Radar,1,15,36,0,52,0,0,35,0,35,1,15,71,0,87,56,0,56,143
02/03/2014,PTK,MI,AGL,CE,Towers with Radar,4,20,60,0,84,0,3,92,0,95,4,23,152,0,179,100,0,100,279
02/04/2014,PTK,MI,AGL,CE,Towers with Radar,3,25,50,0,78,2,1,50,0,53,5,26,100,0,131,46,0,46,177
02/05/2014,PTK,MI,AGL,CE,Towers with Radar,4,30,37,0,71,0,0,1,2,3,4,30,38,2,74,0,0,0,74
02/06/2014,PTK,MI,AGL,CE,Towers with Radar,4,51,78,1,134,0,4,43,0,47,4,55,121,1,181,70,0,70,251
02/07/2014,PTK,MI,AGL,CE,Towers with Radar,6,37,53,0,96,0,8,56,0,64,6,45,109,0,160,36,0,36,196
02/08/2014,PTK,MI,AGL,CE,Towers with Radar,10,12,32,0,54,1,2,104,2,109,11,14,136,2,163,80,0,80,243
02/09/2014,PTK,MI,AGL,CE,Towers with Radar,4,14,37,0,55,0,0,37,0,37,4,14,74,0,92,88,0,88,180
02/10/2014,PTK,MI,AGL,CE,Towers with Radar,8,21,62,0,91,0,0,19,0,19,8,21,81,0,110,64,0,64,174
02/11/2014,PTK,MI,AGL,CE,Towers with Radar,11,23,74,0,108,0,5,65,0,70,11,28,139,0,178,122,0,122,300
02/12/2014,PTK,MI,AGL,CE,Towers with Radar,13,21,78,0,112,0,4,60,0,64,13,25,138,0,176,120,0,120,296
02/13/2014,PTK,MI,AGL,CE,Towers with Radar,5,18,98,0,121,0,5,80,1,86,5,23,178,1,207,112,0,112,319
02/14/2014,PTK,MI,AGL,CE,Towers with Radar,8,36,60,0,104,0,1,78,0,79,8,37,138,0,183,68,0,68,251
02/15/2014,PTK,MI,AGL,CE,Towers with Radar,8,27,63,0,98,0,3,171,2,176,8,30,234,2,274,114,0,114,388
02/16/2014,PTK,MI,AGL,CE,Towers with Radar,3,12,21,0,36,0,1,23,0,24,3,13,44,0,60,84,0,84,144
02/17/2014,PTK,MI,AGL,CE,Towers with Radar,2,32,48,0,82,0,0,32,0,32,2,32,80,0,114,88,0,88,202
02/18/2014,PTK,MI,AGL,CE,Towers with Radar,6,30,55,0,91,2,4,64,0,70,8,34,119,0,161,48,0,48,209
02/19/2014,PTK,MI,AGL,CE,Towers with Radar,5,21,66,0,92,0,2,102,0,104,5,23,168,0,196,100,0,100,296
02/20/2014,PTK,MI,AGL,CE,Towers with Radar,3,36,47,0,86,0,0,6,2,8,3,36,53,2,94,4,0,4,98
02/21/2014,PTK,MI,AGL,CE,Towers with Radar,5,34,60,0,99,0,2,7,0,9,5,36,67,0,108,0,0,0,108
02/22/2014,PTK,MI,AGL,CE,Towers with Radar,5,22,44,0,71,0,1,87,0,88,5,23,131,0,159,70,0,70,229
02/23/2014,PTK,MI,AGL,CE,Towers with Radar,3,25,41,0,69,0,1,134,0,135,3,26,175,0,204,246,0,246,450
02/24/2014,PTK,MI,AGL,CE,Towers with Radar,0,38,73,0,111,0,1,57,0,58,0,39,130,0,169,78,0,78,247
02/25/2014,PTK,MI,AGL,CE,Towers with Radar,1,24,66,0,91,0,2,59,0,61,1,26,125,0,152,94,0,94,246
02/26/2014,PTK,MI,AGL,CE,Towers with Radar,1,21,82,0,104,0,6,64,0,70,1,27,146,0,174,56,0,56,230
02/27/2014,PTK,MI,AGL,CE,Towers with Radar,1,27,60,0,88,2,1,16,0,19,3,28,76,0,107,0,0,0,107
02/28/2014,PTK,MI,AGL,CE,Towers with Radar,0,9,72,0,81,0,4,99,0,103,0,13,171,0,184,28,0,28,212
03/01/2014,PTK,MI,AGL,CE,Towers with Radar,3,15,35,0,53,0,1,44,0,45,3,16,79,0,98,50,0,50,148
03/02/2014,PTK,MI,AGL,CE,Towers with Radar,0,8,38,0,46,0,0,89,0,89,0,8,127,0,135,212,0,212,347
03/03/2014,PTK,MI,AGL,CE,Towers with Radar,2,25,40,0,67,0,0,34,2,36,2,25,74,2,103,98,0,98,201
03/04/2014,PTK,MI,AGL,CE,Towers with Radar,3,27,58,0,88,0,1,24,0,25,3,28,82,0,113,26,0,26,139
03/05/2014,PTK,MI,AGL,CE,Towers with Radar,8,27,62,0,97,0,2,70,0,72,8,29,132,0,169,84,0,84,253
03/06/2014,PTK,MI,AGL,CE,Towers with Radar,8,34,60,0,102,4,7,89,3,103,12,41,149,3,205,128,0,128,333
03/07/2014,PTK,MI,AGL,CE,Towers with Radar,3,22,61,0,86,0,5,148,2,155,3,27,209,2,241,132,0,132,373
03/08/2014,PTK,MI,AGL,CE,Towers with Radar,4,12,41,0,57,0,1,131,0,132,4,13,172,0,189,112,0,112,301
03/09/2014,PTK,MI,AGL,CE,Towers with Radar,4,10,42,0,56,0,5,170,0,175,4,15,212,0,231,238,0,238,469
03/10/2014,PTK,MI,AGL,CE,Towers with Radar,4,30,54,0,88,0,5,56,0,61,4,35,110,0,149,118,0,118,267
03/11/2014,PTK,MI,AGL,CE,Towers with Radar,4,25,64,0,93,0,7,51,0,58,4,32,115,0,151,32,0,32,183
03/12/2014,PTK,MI,AGL,CE,Towers with Radar,0,30,32,0,62,0,1,0,0,1,0,31,32,0,63,0,0,0,63
03/13/2014,PTK,MI,AGL,CE,Towers with Radar,3,34,74,1,112,0,1,106,4,111,3,35,180,5,223,184,0,184,407
03/14/2014,PTK,MI,AGL,CE,Towers with Radar,0,27,54,0,81,0,3,62,0,65,0,30,116,0,146,56,0,56,202
03/15/2014,PTK,MI,AGL,CE,Towers with Radar,4,22,44,0,70,0,8,178,0,186,4,30,222,0,256,88,0,88,344
03/16/2014,PTK,MI,AGL,CE,Towers with Radar,4,20,61,0,85,0,0,82,0,82,4,20,143,0,167,132,0,132,299
03/17/2014,PTK,MI,AGL,CE,Towers with Radar,1,13,61,0,75,2,5,58,0,65,3,18,119,0,140,12,0,12,152
03/18/2014,PTK,MI,AGL,CE,Towers with Radar,1,17,72,4,94,0,3,119,2,124,1,20,191,6,218,110,0,110,328
03/19/2014,PTK,MI,AGL,CE,Towers with Radar,1,11,71,0,83,0,0,1,0,1,1,11,72,0,84,12,0,12,96
03/20/2014,PTK,MI,AGL,CE,Towers with Radar,1,31,85,0,117,0,16,40,0,56,1,47,125,0,173,62,0,62,235
03/21/2014,PTK,MI,AGL,CE,Towers with Radar,3,21,47,0,71,0,1,117,0,118,3,22,164,0,189,208,0,208,397
03/22/2014,PTK,MI,AGL,CE,Towers with Radar,1,9,40,0,50,0,0,151,0,151,1,9,191,0,201,146,0,146,347
03/23/2014,PTK,MI,AGL,CE,Towers with Radar,0,13,51,0,64,0,2,119,0,121,0,15,170,0,185,100,0,100,285
03/24/2014,PTK,MI,AGL,CE,Towers with Radar,3,18,74,2,97,0,8,60,0,68,3,26,134,2,165,150,0,150,315
03/25/2014,PTK,MI,AGL,CE,Towers with Radar,3,25,68,0,96,0,0,23,0,23,3,25,91,0,119,24,0,24,143
03/26/2014,PTK,MI,AGL,CE,Towers with Radar,4,23,66,0,93,0,2,138,0,140,4,25,204,0,233,158,0,158,391
03/27/2014,PTK,MI,AGL,CE,Towers with Radar,3,36,70,0,109,0,1,11,0,12,3,37,81,0,121,8,0,8,129
03/28/2014,PTK,MI,AGL,CE,Towers with Radar,3,39,67,0,109,0,1,32,0,33,3,40,99,0,142,36,0,36,178
03/29/2014,PTK,MI,AGL,CE,Towers with Radar,5,16,43,0,64,0,4,123,0,127,5,20,166,0,191,110,0,110,301
03/30/2014,PTK,MI,AGL,CE,Towers with Radar,2,24,84,0,110,0,0,309,0,309,2,24,393,0,419,194,0,194,613
03/31/2014,PTK,MI,AGL,CE,Towers with Radar,3,28,44,0,75,2,1,92,1,96,5,29,136,1,171,122,0,122,293
04/01/2014,PTK,MI,AGL,CE,Towers with Radar,2,29,59,0,90,0,7,37,2,46,2,36,96,2,136,28,0,28,164
04/02/2014,PTK,MI,AGL,CE,Towers with Radar,3,13,79,0,95,0,3,104,0,107,3,16,183,0,202,216,0,216,418
04/03/2014,PTK,MI,AGL,CE,Towers with Radar,1,30,54,0,85,0,1,54,2,57,1,31,108,2,142,20,0,20,162
04/04/2014,PTK,MI,AGL,CE,Towers with Radar,0,33,43,0,76,0,0,0,0,0,0,33,43,0,76,0,0,0,76
04/05/2014,PTK,MI,AGL,CE,Towers with Radar,5,11,67,0,83,0,1,157,3,161,5,12,224,3,244,78,0,78,322
04/06/2014,PTK,MI,AGL,CE,Towers with Radar,0,12,74,0,86,0,2,249,0,251,0,14,323,0,337,236,0,236,573
04/07/2014,PTK,MI,AGL,CE,Towers with Radar,2,17,52,0,71,0,1,45,0,46,2,18,97,0,117,166,0,166,283
04/08/2014,PTK,MI,AGL,CE,Towers with Radar,3,31,81,0,115,0,2,102,4,108,3,33,183,4,223,110,0,110,333
04/09/2014,PTK,MI,AGL,CE,Towers with Radar,5,27,63,0,95,0,3,149,3,155,5,30,212,3,250,208,0,208,458
04/10/2014,PTK,MI,AGL,CE,Towers with Radar,2,20,69,0,91,0,3,29,0,32,2,23,98,0,123,48,0,48,171
04/11/2014,PTK,MI,AGL,CE,Towers with Radar,2,21,64,0,87,0,5,154,0,159,2,26,218,0,246,204,0,204,450
04/12/2014,PTK,MI,AGL,CE,Towers with Radar,6,22,45,0,73,0,1,246,0,247,6,23,291,0,320,174,0,174,494
04/13/2014,PTK,MI,AGL,CE,Towers with Radar,4,18,62,0,84,0,0,89,0,89,4,18,151,0,173,154,0,154,327
04/14/2014,PTK,MI,AGL,CE,Towers with Radar,1,16,49,0,66,0,2,9,0,11,1,18,58,0,77,12,0,12,89
04/15/2014,PTK,MI,AGL,CE,Towers with Radar,1,21,60,0,82,0,0,19,0,19,1,21,79,0,101,52,0,52,153
04/16/2014,PTK,MI,AGL,CE,Towers with Radar,2,20,60,2,84,1,5,133,3,142,3,25,193,5,226,128,0,128,354
04/17/2014,PTK,MI,AGL,CE,Towers with Radar,4,28,74,0,106,4,3,145,3,155,8,31,219,3,261,192,0,192,453
04/18/2014,PTK,MI,AGL,CE,Towers with Radar,0,9,64,0,73,0,0,196,1,197,0,9,260,1,270,132,0,132,402
04/19/2014,PTK,MI,AGL,CE,Towers with Radar,0,5,30,1,36,0,4,231,0,235,0,9,261,1,271,262,0,262,533
04/20/2014,PTK,MI,AGL,CE,Towers with Radar,3,3,34,0,40,0,0,117,0,117,3,3,151,0,157,158,0,158,315
04/21/2014,PTK,MI,AGL,CE,Towers with Radar,1,10,78,0,89,0,5,84,0,89,1,15,162,0,178,82,0,82,260
04/22/2014,PTK,MI,AGL,CE,Towers with Radar,2,20,60,0,82,0,8,25,4,37,2,28,85,4,119,24,0,24,143
04/23/2014,PTK,MI,AGL,CE,Towers with Radar,2,18,73,0,93,0,4,133,0,137,2,22,206,0,230,168,0,168,398
04/24/2014,PTK,MI,AGL,CE,Towers with Radar,1,20,76,0,97,0,3,147,2,152,1,23,223,2,249,154,0,154,403
04/25/2014,PTK,MI,AGL,CE,Towers with Radar,1,18,75,0,94,0,2,42,0,44,1,20,117,0,138,104,0,104,242
04/26/2014,PTK,MI,AGL,CE,Towers with Radar,1,10,38,0,49,0,2,146,0,148,1,12,184,0,197,128,0,128,325
04/27/2014,PTK,MI,AGL,CE,Towers with Radar,0,11,60,0,71,0,1,183,0,184,0,12,243,0,255,244,0,244,499
04/28/2014,PTK,MI,AGL,CE,Towers with Radar,1,13,64,2,80,0,0,22,0,22,1,13,86,2,102,82,0,82,184
04/29/2014,PTK,MI,AGL,CE,Towers with Radar,2,20,60,0,82,0,2,15,0,17,2,22,75,0,99,28,0,28,127
04/30/2014,PTK,MI,AGL,CE,Towers with Radar,2,20,73,3,98,0,0,23,0,23,2,20,96,3,121,80,0,80,201
05/01/2014,PTK,MI,AGL,CE,Towers with Radar,5,32,96,0,133,0,3,58,5,66,5,35,154,5,199,74,0,74,273
05/02/2014,PTK,MI,AGL,CE,Towers with Radar,3,26,75,0,104,0,0,25,2,27,3,26,100,2,131,32,0,32,163
05/03/2014,PTK,MI,AGL,CE,Towers with Radar,1,10,70,0,81,0,0,30,0,30,1,10,100,0,111,48,0,48,159
05/04/2014,PTK,MI,AGL,CE,Towers with Radar,2,20,62,0,84,0,0,98,0,98,2,20,160,0,182,82,0,82,264
05/05/2014,PTK,MI,AGL,CE,Towers with Radar,0,11,72,2,85,0,3,93,0,96,0,14,165,2,181,148,0,148,329
05/06/2014,PTK,MI,AGL,CE,Towers with Radar,1,21,71,0,93,0,7,188,1,196,1,28,259,1,289,160,0,160,449
05/07/2014,PTK,MI,AGL,CE,Towers with Radar,1,27,89,0,117,0,2,68,0,70,1,29,157,0,187,32,0,32,219
05/08/2014,PTK,MI,AGL,CE,Towers with Radar,1,33,78,0,112,0,9,132,2,143,1,42,210,2,255,126,0,126,381
05/09/2014,PTK,MI,AGL,CE,Towers with Radar,2,21,52,0,75,0,4,42,0,46,2,25,94,0,121,78,0,78,199
05/10/2014,PTK,MI,AGL,CE,Towers with Radar,1,10,60,0,71,0,2,195,0,197,1,12,255,0,268,166,0,166,434
05/11/2014,PTK,MI,AGL,CE,Towers with Radar,0,9,46,0,55,0,0,115,0,115,0,9,161,0,170,128,0,128,298
05/12/2014,PTK,MI,AGL,CE,Towers with Radar,3,20,57,0,80,0,0,19,0,19,3,20,76,0,99,22,0,22,121
05/13/2014,PTK,MI,AGL,CE,Towers with Radar,2,23,56,0,81,0,9,25,4,38,2,32,81,4,119,16,0,16,135
05/14/2014,PTK,MI,AGL,CE,Towers with Radar,4,28,98,0,130,0,2,47,2,51,4,30,145,2,181,86,0,86,267
05/15/2014,PTK,MI,AGL,CE,Towers with Radar,3,40,90,0,133,0,1,31,0,32,3,41,121,0,165,54,0,54,219
05/16/2014,PTK,MI,AGL,CE,Towers with Radar,2,35,91,0,128,0,6,156,0,162,2,41,247,0,290,166,0,166,456
05/17/2014,PTK,MI,AGL,CE,Towers with Radar,1,7,51,0,59,0,3,253,0,256,1,10,304,0,315,360,0,360,675
05/18/2014,PTK,MI,AGL,CE,Towers with Radar,2,9,65,0,76,0,2,235,0,237,2,11,300,0,313,254,0,254,567
05/19/2014,PTK,MI,AGL,CE,Towers with Radar,5,21,80,0,106,1,11,157,1,170,6,32,237,1,276,228,0,228,504
05/20/2014,PTK,MI,AGL,CE,Towers with Radar,5,20,60,0,85,1,8,66,0,75,6,28,126,0,160,88,0,88,248
05/21/2014,PTK,MI,AGL,CE,Towers with Radar,2,25,90,0,117,0,4,115,0,119,2,29,205,0,236,156,0,156,392
05/22/2014,PTK,MI,AGL,CE,Towers with Radar,5,29,100,0,134,0,2,145,0,147,5,31,245,0,281,254,0,254,535
05/23/2014,PTK,MI,AGL,CE,Towers with Radar,4,32,94,2,132,0,4,160,0,164,4,36,254,2,296,200,0,200,496
05/24/2014,PTK,MI,AGL,CE,Towers with Radar,0,12,38,0,50,0,0,277,0,277,0,12,315,0,327,312,0,312,639
05/25/2014,PTK,MI,AGL,CE,Towers with Radar,0,5,53,0,58,0,2,172,0,174,0,7,225,0,232,190,0,190,422
05/26/2014,PTK,MI,AGL,CE,Towers with Radar,0,21,69,0,90,0,0,120,0,120,0,21,189,0,210,78,0,78,288
05/27/2014,PTK,MI,AGL,CE,Towers with Radar,0,24,62,0,86,1,5,65,1,72,1,29,127,1,158,88,0,88,246
05/28/2014,PTK,MI,AGL,CE,Towers with Radar,2,19,84,0,105,0,0,45,0,45,2,19,129,0,150,96,0,96,246
05/29/2014,PTK,MI,AGL,CE,Towers with Radar,2,26,93,0,121,0,4,174,0,178,2,30,267,0,299,220,0,220,519
05/30/2014,PTK,MI,AGL,CE,Towers with Radar,1,15,70,2,88,0,12,179,0,191,1,27,249,2,279,236,0,236,515
05/31/2014,PTK,MI,AGL,CE,Towers with Radar,1,19,46,0,66,0,3,198,0,201,1,22,244,0,267,196,0,196,463
06/01/2014,PTK,MI,AGL,CE,Towers with Radar,1,11,54,0,66,0,10,136,0,146,1,21,190,0,212,138,0,138,350
06/02/2014,PTK,MI,AGL,CE,Towers with Radar,1,27,58,0,86,0,1,32,0,33,1,28,90,0,119,14,0,14,133
06/03/2014,PTK,MI,AGL,CE,Towers with Radar,4,27,45,0,76,0,7,90,2,99,4,34,135,2,175,94,0,94,269
06/04/2014,PTK,MI,AGL,CE,Towers with Radar,2,17,86,0,105,0,10,117,0,127,2,27,203,0,232,166,0,166,398
06/05/2014,PTK,MI,AGL,CE,Towers with Radar,2,19,95,0,116,8,5,155,1,169,10,24,250,1,285,150,0,150,435
06/06/2014,PTK,MI,AGL,CE,Towers with Radar,3,22,72,1,98,0,3,160,0,163,3,25,232,1,261,106,0,106,367
06/07/2014,PTK,MI,AGL,CE,Towers with Radar,0,9,49,0,58,0,2,246,8,256,0,11,295,8,314,264,0,264,578
06/08/2014,PTK,MI,AGL,CE,Towers with Radar,0,13,81,0,94,0,1,111,0,112,0,14,192,0,206,158,0,158,364
06/09/2014,PTK,MI,AGL,CE,Towers with Radar,2,17,69,0,88,0,1,122,0,123,2,18,191,0,211,214,0,214,425
06/10/2014,PTK,MI,AGL,CE,Towers with Radar,0,21,63,0,84,0,4,104,4,112,0,25,167,4,196,172,0,172,368
06/11/2014,PTK,MI,AGL,CE,Towers with Radar,2,23,93,0,118,0,1,35,0,36,2,24,128,0,154,84,0,84,238
06/12/2014,PTK,MI,AGL,CE,Towers with Radar,0,35,88,0,123,0,2,120,0,122,0,37,208,0,245,172,0,172,417
06/13/2014,PTK,MI,AGL,CE,Towers with Radar,2,31,76,0,109,1,6,120,0,127,3,37,196,0,236,118,0,118,354
06/14/2014,PTK,MI,AGL,CE,Towers with Radar,1,20,72,18,111,0,4,259,4,267,1,24,331,22,378,270,0,270,648
06/15/2014,PTK,MI,AGL,CE,Towers with Radar,2,21,43,0,66,0,1,228,0,229,2,22,271,0,295,136,0,136,431
06/16/2014,PTK,MI,AGL,CE,Towers with Radar,3,39,63,0,105,3,2,111,1,117,6,41,174,1,222,134,0,134,356
06/17/2014,PTK,MI,AGL,CE,Towers with Radar,0,34,65,0,99,0,1,55,0,56,0,35,120,0,155,56,0,56,211
06/18/2014,PTK,MI,AGL,CE,Towers with Radar,0,35,71,0,106,0,0,28,0,28,0,35,99,0,134,42,0,42,176
06/19/2014,PTK,MI,AGL,CE,Towers with Radar,4,49,108,0,161,0,1,129,0,130,4,50,237,0,291,202,0,202,493
06/20/2014,PTK,MI,AGL,CE,Towers with Radar,4,30,63,0,97,0,2,105,0,107,4,32,168,0,204,130,0,130,334
06/21/2014,PTK,MI,AGL,CE,Towers with Radar,2,11,58,12,83,0,3,247,0,250,2,14,305,12,333,172,0,172,505
06/22/2014,PTK,MI,AGL,CE,Towers with Radar,0,15,47,0,62,0,7,207,0,214,0,22,254,0,276,156,0,156,432
06/23/2014,PTK,MI,AGL,CE,Towers with Radar,3,18,53,0,74,0,5,71,0,76,3,23,124,0,150,202,0,202,352
06/24/2014,PTK,MI,AGL,CE,Towers with Radar,5,19,79,2,105,0,1,36,1,38,5,20,115,3,143,112,0,112,255
06/25/2014,PTK,MI,AGL,CE,Towers with Radar,5,30,91,0,126,0,6,138,0,144,5,36,229,0,270,180,0,180,450
06/26/2014,PTK,MI,AGL,CE,Towers with Radar,4,29,91,0,124,0,3,165,0,168,4,32,256,0,292,228,0,228,520
06/27/2014,PTK,MI,AGL,CE,Towers with Radar,0,27,85,0,112,3,3,186,0,192,3,30,271,0,304,224,0,224,528
06/28/2014,PTK,MI,AGL,CE,Towers with Radar,0,13,36,0,49,0,4,196,0,200,0,17,232,0,249,136,0,136,385
06/29/2014,PTK,MI,AGL,CE,Towers with Radar,2,12,82,0,96,0,3,100,0,103,2,15,182,0,199,308,0,308,507
06/30/2014,PTK,MI,AGL,CE,Towers with Radar,0,26,57,0,83,0,2,85,1,88,0,28,142,1,171,200,0,200,371
07/01/2014,PTK,MI,AGL,CE,Towers with Radar,1,17,76,0,94,0,5,86,1,92,1,22,162,1,186,130,0,130,316
07/02/2014,PTK,MI,AGL,CE,Towers with Radar,2,28,81,0,111,0,8,127,0,135,2,36,208,0,246,202,0,202,448
07/03/2014,PTK,MI,AGL,CE,Towers with Radar,3,31,97,0,131,0,3,124,0,127,3,34,221,0,258,174,0,174,432
07/04/2014,PTK,MI,AGL,CE,Towers with Radar,0,9,30,0,39,0,0,140,0,140,0,9,170,0,179,156,0,156,335
07/05/2014,PTK,MI,AGL,CE,Towers with Radar,0,7,44,0,51,0,0,165,0,165,0,7,209,0,216,146,0,146,362
07/06/2014,PTK,MI,AGL,CE,Towers with Radar,0,17,71,0,88,0,2,131,0,133,0,19,202,0,221,100,0,100,321
07/07/2014,PTK,MI,AGL,CE,Towers with Radar,3,25,78,0,106,0,0,99,0,99,3,25,177,0,205,132,0,132,337
07/08/2014,PTK,MI,AGL,CE,Towers with Radar,3,14,51,0,68,0,3,34,0,37,3,17,85,0,105,36,0,36,141
07/09/2014,PTK,MI,AGL,CE,Towers with Radar,1,18,87,0,106,0,1,201,1,203,1,19,288,1,309,208,0,208,517
07/10/2014,PTK,MI,AGL,CE,Towers with Radar,1,19,83,0,103,0,7,249,4,260,1,26,332,4,363,268,0,268,631
07/11/2014,PTK,MI,AGL,CE,Towers with Radar,1,20,72,0,93,0,4,215,0,219,1,24,287,0,312,124,0,124,436
07/12/2014,PTK,MI,AGL,CE,Towers with Radar,1,10,59,0,70,0,2,319,1,322,1,12,378,1,392,170,0,170,562
07/13/2014,PTK,MI,AGL,CE,Towers with Radar,0,16,59,0,75,0,0,120,0,120,0,16,179,0,195,54,0,54,249
07/14/2014,PTK,MI,AGL,CE,Towers with Radar,0,23,77,1,101,0,1,112,0,113,0,24,189,1,214,118,0,118,332
07/15/2014,PTK,MI,AGL,CE,Towers with Radar,1,20,84,0,105,0,5,126,0,131,1,25,210,0,236,206,0,206,442
07/16/2014,PTK,MI,AGL,CE,Towers with Radar,1,18,106,0,125,0,8,151,0,159,1,26,257,0,284,182,0,182,466
07/17/2014,PTK,MI,AGL,CE,Towers with Radar,2,32,95,0,129,3,13,197,4,217,5,45,292,4,346,156,0,156,502
07/18/2014,PTK,MI,AGL,CE,Towers with Radar,0,27,73,0,100,0,5,190,0,195,0,32,263,0,295,132,0,132,427
07/19/2014,PTK,MI,AGL,CE,Towers with Radar,0,9,63,0,72,0,3,180,3,186,0,12,243,3,258,254,0,254,512
07/20/2014,PTK,MI,AGL,CE,Towers with Radar,0,13,66,0,79,0,1,204,4,209,0,14,270,4,288,102,0,102,390
07/21/2014,PTK,MI,AGL,CE,Towers with Radar,0,22,60,0,82,0,3,113,1,117,0,25,173,1,199,280,0,280,479
07/22/2014,PTK,MI,AGL,CE,Towers with Radar,0,20,83,0,103,0,3,78,2,83,0,23,161,2,186,86,0,86,272
07/23/2014,PTK,MI,AGL,CE,Towers with Radar,2,47,102,0,151,0,3,155,0,158,2,50,257,0,309,178,0,178,487
07/24/2014,PTK,MI,AGL,CE,Towers with Radar,0,36,90,0,126,5,6,182,2,195,5,42,272,2,321,180,0,180,501
07/25/2014,PTK,MI,AGL,CE,Towers with Radar,2,22,75,0,99,0,3,212,0,215,2,25,287,0,314,220,0,220,534
07/26/2014,PTK,MI,AGL,CE,Towers with Radar,0,8,77,0,85,0,0,148,0,148,0,8,225,0,233,171,0,171,404
07/27/2014,PTK,MI,AGL,CE,Towers with Radar,2,24,68,0,94,0,1,36,0,37,2,25,104,0,131,142,0,142,273
07/28/2014,PTK,MI,AGL,CE,Towers with Radar,2,29,98,0,129,0,4,92,0,96,2,33,190,0,225,106,0,106,331
07/29/2014,PTK,MI,AGL,CE,Towers with Radar,2,39,65,0,106,0,3,121,0,124,2,42,186,0,230,132,0,132,362
07/30/2014,PTK,MI,AGL,CE,Towers with Radar,0,31,91,0,122,1,8,166,1,176,1,39,257,1,298,164,0,164,462
07/31/2014,PTK,MI,AGL,CE,Towers with Radar,1,32,97,0,130,0,4,148,2,154,1,36,245,2,284,132,0,132,416
08/01/2014,PTK,MI,AGL,CE,Towers with Radar,3,36,65,0,104,0,5,148,0,153,3,41,213,0,257,138,0,138,395
08/02/2014,PTK,MI,AGL,CE,Towers with Radar,0,15,58,0,73,2,1,157,0,160,2,16,215,0,233,152,0,152,385
08/03/2014,PTK,MI,AGL,CE,Towers with Radar,0,11,75,0,86,0,4,195,0,199,0,15,270,0,285,218,0,218,503
08/04/2014,PTK,MI,AGL,CE,Towers with Radar,1,31,76,0,108,0,0,102,0,102,1,31,178,0,210,56,0,56,266
08/05/2014,PTK,MI,AGL,CE,Towers with Radar,2,43,59,0,104,0,2,115,0,117,2,45,174,0,221,132,0,132,353
08/06/2014,PTK,MI,AGL,CE,Towers with Radar,3,27,105,1,136,1,5,169,3,178,4,32,274,4,314,186,0,186,500
08/07/2014,PTK,MI,AGL,CE,Towers with Radar,3,24,97,0,124,0,3,178,1,182,3,27,275,1,306,118,0,118,424
08/08/2014,PTK,MI,AGL,CE,Towers with Radar,8,25,69,0,102,0,2,203,2,207,8,27,272,2,309,222,0,222,531
08/09/2014,PTK,MI,AGL,CE,Towers with Radar,3,15,56,0,74,0,3,206,0,209,3,18,262,0,283,210,0,210,493
08/10/2014,PTK,MI,AGL,CE,Towers with Radar,0,14,64,0,78,0,2,170,0,172,0,16,234,0,250,200,0,200,450
08/11/2014,PTK,MI,AGL,CE,Towers with Radar,3,20,54,0,77,0,0,50,1,51,3,20,104,1,128,48,0,48,176
08/12/2014,PTK,MI,AGL,CE,Towers with Radar,3,45,70,0,118,0,0,8,0,8,3,45,78,0,126,28,0,28,154
08/13/2014,PTK,MI,AGL,CE,Towers with Radar,2,31,62,0,95,0,2,113,2,117,2,33,175,2,212,90,0,90,302
08/14/2014,PTK,MI,AGL,CE,Towers with Radar,1,33,80,0,114,1,6,163,0,170,2,39,243,0,284,128,0,128,412
08/15/2014,PTK,MI,AGL,CE,Towers with Radar,1,24,56,2,83,0,3,189,0,192,1,27,245,2,275,164,0,164,439
08/16/2014,PTK,MI,AGL,CE,Towers with Radar,0,13,51,0,64,0,1,141,0,142,0,14,192,0,206,76,0,76,282
08/17/2014,PTK,MI,AGL,CE,Towers with Radar,0,19,66,0,85,0,0,100,0,100,0,19,166,0,185,66,0,66,251
08/18/2014,PTK,MI,AGL,CE,Towers with Radar,0,12,87,0,99,0,0,145,1,146,0,12,232,1,245,142,0,142,387
08/19/2014,PTK,MI,AGL,CE,Towers with Radar,5,26,52,0,83,2,4,61,0,67,7,30,113,0,150,146,0,146,296
08/20/2014,PTK,MI,AGL,CE,Towers with Radar,6,25,79,0,110,0,5,62,0,67,6,30,141,0,177,82,0,82,259
08/21/2014,PTK,MI,AGL,CE,Towers with Radar,8,31,69,0,108,0,5,124,0,129,8,36,193,0,237,246,0,246,483
08/22/2014,PTK,MI,AGL,CE,Towers with Radar,6,23,77,0,106,2,3,141,0,146,8,26,218,0,252,164,0,164,416
08/23/2014,PTK,MI,AGL,CE,Towers with Radar,1,13,77,0,91,0,7,218,0,225,1,20,295,0,316,154,0,154,470
08/24/2014,PTK,MI,AGL,CE,Towers with Radar,4,12,77,0,93,1,1,353,0,355,5,13,430,0,448,386,0,386,834
08/25/2014,PTK,MI,AGL,CE,Towers with Radar,6,26,72,0,104,0,3,106,0,109,6,29,178,0,213,186,0,186,399
08/26/2014,PTK,MI,AGL,CE,Towers with Radar,12,39,51,0,102,0,2,128,0,130,12,41,179,0,232,198,0,198,430
08/27/2014,PTK,MI,AGL,CE,Towers with Radar,6,34,101,0,141,0,8,177,1,186,6,42,278,1,327,286,0,286,613
08/28/2014,PTK,MI,AGL,CE,Towers with Radar,5,24,85,1,115,0,8,158,0,166,5,32,243,1,281,134,0,134,415
08/29/2014,PTK,MI,AGL,CE,Towers with Radar,1,18,42,0,61,0,2,162,0,164,1,20,204,0,225,150,0,150,375
08/30/2014,PTK,MI,AGL,CE,Towers with Radar,1,4,38,0,43,0,1,154,0,155,1,5,192,0,198,212,0,212,410
08/31/2014,PTK,MI,AGL,CE,Towers with Radar,0,4,50,0,54,0,0,74,0,74,0,4,124,0,128,162,0,162,290
09/01/2014,PTK,MI,AGL,CE,Towers with Radar,2,9,76,0,87,0,5,32,0,37,2,14,108,0,124,42,0,42,166
09/02/2014,PTK,MI,AGL,CE,Towers with Radar,5,15,55,0,75,0,1,80,0,81,5,16,135,0,156,192,0,192,348
09/03/2014,PTK,MI,AGL,CE,Towers with Radar,3,16,96,0,115,0,5,195,0,200,3,21,291,0,315,318,0,318,633
09/04/2014,PTK,MI,AGL,CE,Towers with Radar,2,14,63,0,79,0,4,130,0,134,2,18,193,0,213,158,0,158,371
09/05/2014,PTK,MI,AGL,CE,Towers with Radar,4,19,72,0,95,0,0,89,0,89,4,19,161,0,184,106,0,106,290
09/06/2014,PTK,MI,AGL,CE,Towers with Radar,1,16,70,1,88,0,0,124,0,124,1,16,194,1,212,154,0,154,366
09/07/2014,PTK,MI,AGL,CE,Towers with Radar,2,5,44,0,51,0,0,180,1,181,2,5,224,1,232,112,0,112,344
09/08/2014,PTK,MI,AGL,CE,Towers with Radar,0,15,73,1,89,0,2,105,0,107,0,17,178,1,196,92,0,92,288
09/09/2014,PTK,MI,AGL,CE,Towers with Radar,3,24,68,0,95,1,4,107,1,113,4,28,175,1,208,114,0,114,322
09/10/2014,PTK,MI,AGL,CE,Towers with Radar,4,28,79,0,111,0,1,13,0,14,4,29,92,0,125,4,0,4,129
09/11/2014,PTK,MI,AGL,CE,Towers with Radar,3,35,80,0,118,0,4,67,0,71,3,39,147,0,189,62,0,62,251
09/12/2014,PTK,MI,AGL,CE,Towers with Radar,3,26,76,0,105,0,1,108,0,109,3,27,184,0,214,240,0,240,454
09/13/2014,PTK,MI,AGL,CE,Towers with Radar,2,12,64,0,78,0,4,92,0,96,2,16,156,0,174,152,0,152,326
09/14/2014,PTK,MI,AGL,CE,Towers with Radar,0,16,63,0,79,0,2,214,0,216,0,18,277,0,295,202,0,202,497
09/15/2014,PTK,MI,AGL,CE,Towers with Radar,2,31,70,0,103,0,2,76,0,78,2,33,146,0,181,46,0,46,227
09/16/2014,PTK,MI,AGL,CE,Towers with Radar,7,24,72,0,103,1,3,102,0,106,8,27,174,0,209,130,0,130,339
09/17/2014,PTK,MI,AGL,CE,Towers with Radar,6,14,102,0,122,1,6,130,1,138,7,20,232,1,260,118,0,118,378
09/18/2014,PTK,MI,AGL,CE,Towers with Radar,5,34,108,0,147,0,4,124,0,128,5,38,232,0,275,74,0,74,349
09/19/2014,PTK,MI,AGL,CE,Towers with Radar,4,15,82,0,101,0,1,213,0,214,4,16,295,0,315,144,0,144,459
09/20/2014,PTK,MI,AGL,CE,Towers with Radar,2,22,47,0,71,0,0,104,0,104,2,22,151,0,175,96,0,96,271
09/21/2014,PTK,MI,AGL,CE,Towers with Radar,4,14,65,0,83,0,1,30,0,31,4,15,95,0,114,8,0,8,122
09/22/2014,PTK,MI,AGL,CE,Towers with Radar,0,15,55,0,70,1,1,87,1,90,1,16,142,1,160,128,0,128,288
09/23/2014,PTK,MI,AGL,CE,Towers with Radar,13,28,58,0,99,0,1,134,2,137,13,29,192,2,236,178,0,178,414
09/24/2014,PTK,MI,AGL,CE,Towers with Radar,7,26,64,0,97,0,3,127,1,131,7,29,191,1,228,150,0,150,378
09/25/2014,PTK,MI,AGL,CE,Towers with Radar,7,35,57,0,99,0,2,151,0,153,7,37,208,0,252,120,0,120,372
09/26/2014,PTK,MI,AGL,CE,Towers with Radar,6,24,65,0,95,0,4,164,2,170,6,28,229,2,265,122,0,122,387
09/27/2014,PTK,MI,AGL,CE,Towers with Radar,3,7,56,0,66,0,0,160,0,160,3,7,216,0,226,74,0,74,300
09/28/2014,PTK,MI,AGL,CE,Towers with Radar,2,21,62,0,85,0,1,204,0,205,2,22,266,0,290,122,0,122,412
09/29/2014,PTK,MI,AGL,CE,Towers with Radar,4,28,70,0,102,0,0,101,1,102,4,28,171,1,204,112,0,112,316
09/30/2014,PTK,MI,AGL,CE,Towers with Radar,8,37,82,0,127,1,0,15,0,16,9,37,97,0,143,32,0,32,175
10/01/2014,PTK,MI,AGL,CE,Towers with Radar,5,26,76,0,107,0,3,94,0,97,5,29,170,0,204,68,0,68,272
10/02/2014,PTK,MI,AGL,CE,Towers with Radar,12,29,96,1,138,1,3,94,1,99,13,32,190,2,237,136,0,136,373
10/03/2014,PTK,MI,AGL,CE,Towers with Radar,6,33,77,0,116,0,1,14,0,15,6,34,91,0,131,6,0,6,137
10/04/2014,PTK,MI,AGL,CE,Towers with Radar,5,10,26,0,41,0,0,44,0,44,5,10,70,0,85,54,0,54,139
10/05/2014,PTK,MI,AGL,CE,Towers with Radar,1,22,68,0,91,0,1,102,0,103,1,23,170,0,194,56,0,56,250
10/06/2014,PTK,MI,AGL,CE,Towers with Radar,2,32,54,0,88,0,3,39,0,42,2,35,93,0,130,28,0,28,158
10/07/2014,PTK,MI,AGL,CE,Towers with Radar,4,25,55,0,84,0,9,76,2,87,4,34,131,2,171,50,0,50,221
10/08/2014,PTK,MI,AGL,CE,Towers with Radar,5,29,73,0,107,0,5,93,0,98,5,34,166,0,205,102,0,102,307
10/09/2014,PTK,MI,AGL,CE,Towers with Radar,5,25,76,0,106,0,6,149,1,156,5,31,225,1,262,72,0,72,334
10/10/2014,PTK,MI,AGL,CE,Towers with Radar,2,33,81,0,116,0,4,135,0,139,2,37,216,0,255,208,0,208,463
10/11/2014,PTK,MI,AGL,CE,Towers with Radar,2,16,44,0,62,0,4,178,0,182,2,20,222,0,244,120,0,120,364
10/12/2014,PTK,MI,AGL,CE,Towers with Radar,2,24,61,0,87,0,2,157,0,159,2,26,218,0,246,158,0,158,404
10/13/2014,PTK,MI,AGL,CE,Towers with Radar,4,27,68,0,99,0,1,7,0,8,4,28,75,0,107,0,0,0,107
10/14/2014,PTK,MI,AGL,CE,Towers with Radar,6,31,62,0,99,0,3,14,0,17,6,34,76,0,116,10,0,10,126
10/15/2014,PTK,MI,AGL,CE,Towers with Radar,5,30,67,0,102,0,5,59,2,66,5,35,126,2,168,142,0,142,310
10/16/2014,PTK,MI,AGL,CE,Towers with Radar,4,26,79,0,109,0,1,53,0,54,4,27,132,0,163,76,0,76,239
10/17/2014,PTK,MI,AGL,CE,Towers with Radar,4,33,58,2,97,0,2,109,0,111,4,35,167,2,208,120,0,120,328
10/18/2014,PTK,MI,AGL,CE,Towers with Radar,3,11,47,0,61,0,0,87,0,87,3,11,134,0,148,52,0,52,200
10/19/2014,PTK,MI,AGL,CE,Towers with Radar,2,20,68,0,90,0,2,162,0,164,2,22,230,0,254,208,0,208,462
10/20/2014,PTK,MI,AGL,CE,Towers with Radar,4,31,55,0,90,0,3,38,0,41,4,34,93,0,131,92,0,92,223
10/21/2014,PTK,MI,AGL,CE,Towers with Radar,6,31,61,0,98,0,0,29,0,29,6,31,90,0,127,66,0,66,193
10/22/2014,PTK,MI,AGL,CE,Towers with Radar,9,25,95,0,129,0,12,96,1,109,9,37,191,1,238,50,0,50,288
10/23/2014,PTK,MI,AGL,CE,Towers with Radar,9,28,66,3,106,2,7,164,7,180,11,35,230,10,286,222,0,222,508
10/24/2014,PTK,MI,AGL,CE,Towers with Radar,6,25,63,0,94,0,2,173,0,175,6,27,236,0,269,154,0,154,423
10/25/2014,PTK,MI,AGL,CE,Towers with Radar,4,7,51,0,62,0,2,79,0,81,4,9,130,0,143,24,0,24,167
10/26/2014,PTK,MI,AGL,CE,Towers with Radar,4,8,68,0,80,0,0,201,0,201,4,8,269,0,281,174,0,174,455
10/27/2014,PTK,MI,AGL,CE,Towers with Radar,2,20,47,0,69,0,2,102,1,105,2,22,149,1,174,182,0,182,356
10/28/2014,PTK,MI,AGL,CE,Towers with Radar,3,26,73,0,102,1,1,38,0,40,4,27,111,0,142,66,0,66,208
10/29/2014,PTK,MI,AGL,CE,Towers with Radar,4,25,88,0,117,0,4,78,0,82,4,29,166,0,199,158,0,158,357
10/30/2014,PTK,MI,AGL,CE,Towers with Radar,4,20,63,0,87,0,5,138,1,144,4,25,201,1,231,272,0,272,503
10/31/2014,PTK,MI,AGL,CE,Towers with Radar,6,28,60,0,94,0,0,4,0,4,6,28,64,0,98,10,0,10,108
11/01/2014,PTK,MI,AGL,CE,Towers with Radar,1,25,45,0,71,0,1,47,0,48,1,26,92,0,119,2,0,2,121
11/02/2014,PTK,MI,AGL,CE,Towers with Radar,0,17,68,0,85,0,2,231,1,234,0,19,299,1,319,214,0,214,533
11/03/2014,PTK,MI,AGL,CE,Towers with Radar,2,21,61,0,84,0,2,101,0,103,2,23,162,0,187,188,0,188,375
11/04/2014,PTK,MI,AGL,CE,Towers with Radar,2,42,60,1,105,0,3,21,0,24,2,45,81,1,129,82,0,82,211
11/05/2014,PTK,MI,AGL,CE,Towers with Radar,3,16,76,0,95,0,0,171,0,171,3,16,247,0,266,280,0,280,546
11/06/2014,PTK,MI,AGL,CE,Towers with Radar,7,28,51,0,86,0,1,60,5,66,7,29,111,5,152,106,0,106,258
11/07/2014,PTK,MI,AGL,CE,Towers with Radar,2,21,68,0,91,0,10,145,0,155,2,31,213,0,246,148,0,148,394
11/08/2014,PTK,MI,AGL,CE,Towers with Radar,4,16,19,0,39,0,0,6,0,6,4,16,25,0,45,2,0,2,47
11/09/2014,PTK,MI,AGL,CE,Towers with Radar,2,14,48,0,64,0,4,122,0,126,2,18,170,0,190,226,0,226,416
11/10/2014,PTK,MI,AGL,CE,Towers with Radar,6,24,51,0,81,0,2,102,0,104,6,26,153,0,185,150,0,150,335
11/11/2014,PTK,MI,AGL,CE,Towers with Radar,2,17,85,0,104,2,0,42,0,44,4,17,127,0,148,104,0,104,252
11/12/2014,PTK,MI,AGL,CE,Towers with Radar,4,30,67,0,101,2,3,59,0,64,6,33,126,0,165,100,0,100,265
11/13/2014,PTK,MI,AGL,CE,Towers with Radar,3,15,72,0,90,0,0,75,1,76,3,15,147,1,166,32,0,32,198
11/14/2014,PTK,MI,AGL,CE,Towers with Radar,7,16,77,0,100,0,4,111,5,120,7,20,188,5,220,198,0,198,418
11/15/2014,PTK,MI,AGL,CE,Towers with Radar,3,17,44,0,64,0,3,175,0,178,3,20,219,0,242,184,0,184,426
11/16/2014,PTK,MI,AGL,CE,Towers with Radar,3,17,44,0,64,0,1,135,0,136,3,18,179,0,200,118,0,118,318
11/17/2014,PTK,MI,AGL,CE,Towers with Radar,4,31,63,0,98,0,3,12,0,15,4,34,75,0,113,46,0,46,159
11/18/2014,PTK,MI,AGL,CE,Towers with Radar,6,35,57,0,98,0,0,20,0,20,6,35,77,0,118,30,0,30,148
11/19/2014,PTK,MI,AGL,CE,Towers with Radar,4,33,68,0,105,0,0,7,0,7,4,33,75,0,112,20,0,20,132
11/20/2014,PTK,MI,AGL,CE,Towers with Radar,3,27,71,0,101,0,1,2,0,3,3,28,73,0,104,0,0,0,104
11/21/2014,PTK,MI,AGL,CE,Towers with Radar,5,33,70,0,108,0,2,161,1,164,5,35,231,1,272,212,0,212,484
11/22/2014,PTK,MI,AGL,CE,Towers with Radar,2,16,36,0,54,0,0,0,0,0,2,16,36,0,54,0,0,0,54
11/23/2014,PTK,MI,AGL,CE,Towers with Radar,2,16,64,0,82,0,1,54,0,55,2,17,118,0,137,96,0,96,233
11/24/2014,PTK,MI,AGL,CE,Towers with Radar,1,20,41,0,62,0,0,5,0,5,1,20,46,0,67,20,0,20,87
11/25/2014,PTK,MI,AGL,CE,Towers with Radar,2,26,52,0,80,0,0,53,0,53,2,26,105,0,133,72,0,72,205
11/26/2014,PTK,MI,AGL,CE,Towers with Radar,2,48,71,0,121,0,2,122,0,124,2,50,193,0,245,154,0,154,399
11/27/2014,PTK,MI,AGL,CE,Towers with Radar,0,17,11,0,28,1,0,17,0,18,1,17,28,0,46,34,0,34,80
11/28/2014,PTK,MI,AGL,CE,Towers with Radar,1,16,38,0,55,0,2,97,0,99,1,18,135,0,154,114,0,114,268
11/29/2014,PTK,MI,AGL,CE,Towers with Radar,1,29,79,0,109,0,0,76,0,76,1,29,155,0,185,58,0,58,243
11/30/2014,PTK,MI,AGL,CE,Towers with Radar,2,19,106,0,127,0,0,82,0,82,2,19,188,0,209,110,0,110,319
12/01/2014,PTK,MI,AGL,CE,Towers with Radar,3,27,50,0,80,0,3,58,0,61,3,30,108,0,141,50,0,50,191
12/02/2014,PTK,MI,AGL,CE,Towers with Radar,3,32,72,0,107,0,0,74,0,74,3,32,146,0,181,154,0,154,335
12/03/2014,PTK,MI,AGL,CE,Towers with Radar,5,31,66,0,102,0,3,51,0,54,5,34,117,0,156,124,0,124,280
12/04/2014,PTK,MI,AGL,CE,Towers with Radar,4,27,57,0,88,0,2,126,0,128,4,29,183,0,216,202,0,202,418
12/05/2014,PTK,MI,AGL,CE,Towers with Radar,5,35,87,0,127,0,3,83,2,88,5,38,170,2,215,166,0,166,381
12/06/2014,PTK,MI,AGL,CE,Towers with Radar,5,19,200,0,224,0,2,239,0,241,5,21,439,0,465,6,0,6,471
12/07/2014,PTK,MI,AGL,CE,Towers with Radar,3,17,55,0,75,1,0,167,1,169,4,17,222,1,244,234,0,234,478
12/08/2014,PTK,MI,AGL,CE,Towers with Radar,5,30,41,0,76,0,2,61,0,63,5,32,102,0,139,58,0,58,197
12/09/2014,PTK,MI,AGL,CE,Towers with Radar,3,31,63,0,97,0,0,2,0,2,3,31,65,0,99,20,0,20,119
12/10/2014,PTK,MI,AGL,CE,Towers with Radar,7,28,102,0,137,0,2,55,0,57,7,30,157,0,194,102,0,102,296
12/11/2014,PTK,MI,AGL,CE,Towers with Radar,8,37,56,0,101,0,2,114,1,117,8,39,170,1,218,148,0,148,366
12/12/2014,PTK,MI,AGL,CE,Towers with Radar,9,26,98,0,133,0,2,14,0,16,9,28,112,0,149,20,0,20,169
12/13/2014,PTK,MI,AGL,CE,Towers with Radar,1,16,62,0,79,0,0,0,0,0,1,16,62,0,79,6,0,6,85
12/14/2014,PTK,MI,AGL,CE,Towers with Radar,3,10,55,0,68,0,0,19,0,19,3,10,74,0,87,22,0,22,109
12/15/2014,PTK,MI,AGL,CE,Towers with Radar,6,32,83,0,121,0,2,52,0,54,6,34,135,0,175,88,0,88,263
12/16/2014,PTK,MI,AGL,CE,Towers with Radar,7,39,73,0,119,0,0,0,0,0,7,39,73,0,119,0,0,0,119
12/17/2014,PTK,MI,AGL,CE,Towers with Radar,6,30,92,0,128,0,2,32,0,34,6,32,124,0,162,88,0,88,250
12/18/2014,PTK,MI,AGL,CE,Towers with Radar,6,35,68,0,109,0,0,16,0,16,6,35,84,0,125,38,0,38,163
12/19/2014,PTK,MI,AGL,CE,Towers with Radar,7,49,54,0,110,0,0,186,0,186,7,49,240,0,296,180,0,180,476
12/20/2014,PTK,MI,AGL,CE,Towers with Radar,3,23,72,0,98,0,0,158,0,158,3,23,230,0,256,152,0,152,408
12/21/2014,PTK,MI,AGL,CE,Towers with Radar,1,11,56,0,68,0,1,97,0,98,1,12,153,0,166,156,0,156,322
12/22/2014,PTK,MI,AGL,CE,Towers with Radar,2,37,69,0,108,0,4,73,0,77,2,41,142,0,185,140,0,140,325
12/23/2014,PTK,MI,AGL,CE,Towers with Radar,2,28,28,0,58,0,0,0,0,0,2,28,28,0,58,0,0,0,58
12/24/2014,PTK,MI,AGL,CE,Towers with Radar,2,16,17,0,35,0,0,0,0,0,2,16,17,0,35,0,0,0,35
12/25/2014,PTK,MI,AGL,CE,Towers with Radar,2,13,16,0,31,0,0,1,0,1,2,13,17,0,32,0,0,0,32
12/26/2014,PTK,MI,AGL,CE,Towers with Radar,3,34,66,0,103,0,4,158,0,162,3,38,224,0,265,138,0,138,403
12/27/2014,PTK,MI,AGL,CE,Towers with Radar,0,32,58,0,90,0,0,17,0,17,0,32,75,0,107,20,0,20,127
12/28/2014,PTK,MI,AGL,CE,Towers with Radar,0,18,52,0,70,0,1,156,0,157,0,19,208,0,227,154,0,154,381
12/29/2014,PTK,MI,AGL,CE,Towers with Radar,0,7,58,0,65,2,4,88,0,94,2,11,146,0,159,64,0,64,223
12/30/2014,PTK,MI,AGL,CE,Towers with Radar,0,17,40,0,57,3,10,120,9,142,3,27,160,9,199,200,0,200,399
12/31/2014,PTK,MI,AGL,CE,Towers with Radar,1,3,34,0,38,0,0,52,0,52,1,3,86,0,90,100,0,100,190
01/01/2015,PTK,MI,AGL,CE,Towers with Radar,0,6,21,0,27,0,0,30,0,30,0,6,51,0,57,22,0,22,79
01/02/2015,PTK,MI,AGL,CE,Towers with Radar,0,21,37,0,58,0,3,126,0,129,0,24,163,0,187,162,0,162,349
01/03/2015,PTK,MI,AGL,CE,Towers with Radar,0,14,44,0,58,0,0,0,0,0,0,14,44,0,58,0,0,0,58
01/04/2015,PTK,MI,AGL,CE,Towers with Radar,2,20,50,0,72,0,0,0,0,0,2,20,50,0,72,0,0,0,72
01/05/2015,PTK,MI,AGL,CE,Towers with Radar,0,19,47,0,66,0,0,24,0,24,0,19,71,0,90,30,0,30,120
01/06/2015,PTK,MI,AGL,CE,Towers with Radar,2,22,45,0,69,0,1,33,0,34,2,23,78,0,103,76,0,76,179
01/07/2015,PTK,MI,AGL,CE,Towers with Radar,2,25,58,0,85,0,3,9,0,12,2,28,67,0,97,4,0,4,101
01/08/2015,PTK,MI,AGL,CE,Towers with Radar,4,17,64,0,85,0,0,23,2,25,4,17,87,2,110,40,0,40,150
01/09/2015,PTK,MI,AGL,CE,Towers with Radar,3,25,50,0,78,0,3,13,1,17,3,28,63,1,95,0,0,0,95
01/10/2015,PTK,MI,AGL,CE,Towers with Radar,3,10,42,0,55,0,4,79,7,90,3,14,121,7,145,80,0,80,225
01/11/2015,PTK,MI,AGL,CE,Towers with Radar,2,18,57,0,77,0,0,111,0,111,2,18,168,0,188,86,0,86,274
01/12/2015,PTK,MI,AGL,CE,Towers with Radar,4,19,49,0,72,0,1,31,0,32,4,20,80,0,104,42,0,42,146
01/13/2015,PTK,MI,AGL,CE,Towers with Radar,0,15,65,0,80,0,6,79,1,86,0,21,144,1,166,140,0,140,306
01/14/2015,PTK,MI,AGL,CE,Towers with Radar,2,17,53,0,72,0,3,102,0,105,2,20,155,0,177,74,0,74,251
01/15/2015,PTK,MI,AGL,CE,Towers with Radar,0,24,60,0,84,0,2,78,0,80,0,26,138,0,164,106,0,106,270
01/16/2015,PTK,MI,AGL,CE,Towers with Radar,3,29,58,0,90,0,2,81,0,83,3,31,139,0,173,66,0,66,239
01/17/2015,PTK,MI,AGL,CE,Towers with Radar,0,7,37,0,44,0,1,102,0,103,0,8,139,0,147,76,0,76,223
01/18/2015,PTK,MI,AGL,CE,Towers with Radar,3,9,26,0,38,0,0,42,0,42,3,9,68,0,80,55,0,55,135
01/19/2015,PTK,MI,AGL,CE,Towers with Radar,4,13,79,0,96,0,3,78,0,81,4,16,157,0,177,154,0,154,331
01/20/2015,PTK,MI,AGL,CE,Towers with Radar,4,15,53,0,72,0,0,13,0,13,4,15,66,0,85,4,0,4,89
01/21/2015,PTK,MI,AGL,CE,Towers with Radar,3,28,79,0,110,0,0,16,0,16,3,28,95,0,126,0,0,0,126
01/22/2015,PTK,MI,AGL,CE,Towers with Radar,0,27,86,1,114,0,3,75,0,78,0,30,161,1,192,98,0,98,290
01/23/2015,PTK,MI,AGL,CE,Towers with Radar,0,14,58,0,72,0,2,103,0,105,0,16,161,0,177,264,0,264,441
01/24/2015,PTK,MI,AGL,CE,Towers with Radar,0,10,34,0,44,0,1,60,0,61,0,11,94,0,105,70,0,70,175
01/25/2015,PTK,MI,AGL,CE,Towers with Radar,0,12,72,1,85,0,0,81,0,81,0,12,153,1,166,112,0,112,278
01/26/2015,PTK,MI,AGL,CE,Towers with Radar,1,20,50,0,71,0,7,118,0,125,1,27,168,0,196,88,0,88,284
01/27/2015,PTK,MI,AGL,CE,Towers with Radar,2,27,57,0,86,0,10,91,0,101,2,37,148,0,187,106,0,106,293
01/28/2015,PTK,MI,AGL,CE,Towers with Radar,1,36,64,1,102,0,6,140,0,146,1,42,204,1,248,136,0,136,384
01/29/2015,PTK,MI,AGL,CE,Towers with Radar,2,26,51,0,79,0,2,21,0,23,2,28,72,0,102,18,0,18,120
01/30/2015,PTK,MI,AGL,CE,Towers with Radar,0,18,66,0,84,0,5,97,0,102,0,23,163,0,186,122,0,122,308
01/31/2015,PTK,MI,AGL,CE,Towers with Radar,0,12,48,0,60,0,3,191,0,194,0,15,239,0,254,154,0,154,408
02/01/2015,PTK,MI,AGL,CE,Towers with Radar,0,4,20,0,24,0,0,0,0,0,0,4,20,0,24,0,0,0,24
02/02/2015,PTK,MI,AGL,CE,Towers with Radar,5,28,42,0,75,0,2,16,0,18,5,30,58,0,93,4,0,4,97
02/03/2015,PTK,MI,AGL,CE,Towers with Radar,4,24,62,0,90,0,4,57,1,62,4,28,119,1,152,116,0,116,268
02/04/2015,PTK,MI,AGL,CE,Towers with Radar,1,24,51,0,76,0,0,0,0,0,1,24,51,0,76,0,0,0,76
02/05/2015,PTK,MI,AGL,CE,Towers with Radar,2,16,51,6,75,0,4,118,1,123,2,20,169,7,198,120,0,120,318
02/06/2015,PTK,MI,AGL,CE,Towers with Radar,2,12,52,0,66,0,2,77,1,80,2,14,129,1,146,38,0,38,184
02/07/2015,PTK,MI,AGL,CE,Towers with Radar,3,9,47,0,59,0,0,156,1,157,3,9,203,1,216,130,0,130,346
02/08/2015,PTK,MI,AGL,CE,Towers with Radar,2,14,56,0,72,0,0,39,0,39,2,14,95,0,111,60,0,60,171
02/09/2015,PTK,MI,AGL,CE,Towers with Radar,0,24,53,0,77,0,4,38,0,42,0,28,91,0,119,60,0,60,179
02/10/2015,PTK,MI,AGL,CE,Towers with Radar,5,31,60,0,96,0,3,59,0,62,5,34,119,0,158,66,0,66,224
02/11/2015,PTK,MI,AGL,CE,Towers with Radar,5,28,63,0,96,0,0,1,0,1,5,28,64,0,97,0,0,0,97
02/12/2015,PTK,MI,AGL,CE,Towers with Radar,1,21,67,0,89,0,3,25,0,28,1,24,92,0,117,12,0,12,129
02/13/2015,PTK,MI,AGL,CE,Towers with Radar,0,38,78,0,116,0,0,36,0,36,0,38,114,0,152,10,0,10,162
02/14/2015,PTK,MI,AGL,CE,Towers with Radar,0,10,42,0,52,0,0,0,0,0,0,10,42,0,52,0,0,0,52
02/15/2015,PTK,MI,AGL,CE,Towers with Radar,0,16,36,0,52,0,0,43,0,43,0,16,79,0,95,40,0,40,135
02/16/2015,PTK,MI,AGL,CE,Towers with Radar,1,16,44,0,61,0,2,53,0,55,1,18,97,0,116,34,0,34,150
02/17/2015,PTK,MI,AGL,CE,Towers with Radar,6,29,40,0,75,0,0,33,0,33,6,29,73,0,108,50,0,50,158
02/18/2015,PTK,MI,AGL,CE,Towers with Radar,4,22,66,0,92,0,0,45,0,45,4,22,111,0,137,136,0,136,273
02/19/2015,PTK,MI,AGL,CE,Towers with Radar,8,29,66,0,103,0,0,39,0,39,8,29,105,0,142,16,0,16,158
02/20/2015,PTK,MI,AGL,CE,Towers with Radar,7,18,56,0,81,0,5,42,0,47,7,23,98,0,128,32,0,32,160
02/21/2015,PTK,MI,AGL,CE,Towers with Radar,7,21,41,0,69,0,0,75,0,75,7,21,116,0,144,58,0,58,202
02/22/2015,PTK,MI,AGL,CE,Towers with Radar,2,16,77,0,95,0,1,34,0,35,2,17,111,0,130,82,0,82,212
02/23/2015,PTK,MI,AGL,CE,Towers with Radar,3,22,54,0,79,0,0,47,2,49,3,22,101,2,128,70,0,70,198
02/24/2015,PTK,MI,AGL,CE,Towers with Radar,3,22,55,0,80,0,1,17,1,19,3,23,72,1,99,16,0,16,115
02/25/2015,PTK,MI,AGL,CE,Towers with Radar,1,24,55,0,80,0,4,113,0,117,1,28,168,0,197,122,0,122,319
02/26/2015,PTK,MI,AGL,CE,Towers with Radar,3,10,73,2,88,0,1,54,0,55,3,11,127,2,143,16,0,16,159
02/27/2015,PTK,MI,AGL,CE,Towers with Radar,2,12,38,0,52,0,3,117,0,120,2,15,155,0,172,108,0,108,280
02/28/2015,PTK,MI,AGL,CE,Towers with Radar,5,13,47,0,65,0,0,207,0,207,5,13,254,0,272,128,0,128,400
03/01/2015,PTK,MI,AGL,CE,Towers with Radar,0,11,34,0,45,0,0,54,0,54,0,11,88,0,99,62,0,62,161
03/02/2015,PTK,MI,AGL,CE,Towers with Radar,2,24,53,0,79,0,5,151,0,156,2,29,204,0,235,200,0,200,435
03/03/2015,PTK,MI,AGL,CE,Towers with Radar,4,11,33,0,48,0,0,0,0,0,4,11,33,0,48,0,0,0,48
03/04/2015,PTK,MI,AGL,CE,Towers with Radar,3,25,87,0,115,0,12,66,0,78,3,37,153,0,193,68,0,68,261
03/05/2015,PTK,MI,AGL,CE,Towers with Radar,6,22,55,0,83,0,9,83,1,93,6,31,138,1,176,56,0,56,232
03/06/2015,PTK,MI,AGL,CE,Towers with Radar,4,27,60,0,91,0,1,110,0,111,4,28,170,0,202,60,0,60,262
03/07/2015,PTK,MI,AGL,CE,Towers with Radar,3,19,42,0,64,0,0,124,0,124,3,19,166,0,188,180,0,180,368
03/08/2015,PTK,MI,AGL,CE,Towers with Radar,3,13,55,0,71,0,0,126,0,126,3,13,181,0,197,124,0,124,321
03/09/2015,PTK,MI,AGL,CE,Towers with Radar,3,20,62,0,85,0,1,107,1,109,3,21,169,1,194,126,0,126,320
03/10/2015,PTK,MI,AGL,CE,Towers with Radar,2,19,61,0,82,0,0,56,0,56,2,19,117,0,138,136,0,136,274
03/11/2015,PTK,MI,AGL,CE,Towers with Radar,0,21,100,0,121,0,5,160,0,165,0,26,260,0,286,154,0,154,440
03/12/2015,PTK,MI,AGL,CE,Towers with Radar,2,22,62,0,86,0,6,152,0,158,2,28,214,0,244,156,0,156,400
03/13/2015,PTK,MI,AGL,CE,Towers with Radar,0,41,61,0,102,0,16,107,1,124,0,57,168,1,226,156,0,156,382
03/14/2015,PTK,MI,AGL,CE,Towers with Radar,0,10,43,0,53,0,0,47,0,47,0,10,90,0,100,22,0,22,122
03/15/2015,PTK,MI,AGL,CE,Towers with Radar,0,15,60,0,75,0,0,192,0,192,0,15,252,0,267,276,0,276,543
03/16/2015,PTK,MI,AGL,CE,Towers with Radar,0,21,71,0,92,0,2,112,0,114,0,23,183,0,206,202,0,202,408
03/17/2015,PTK,MI,AGL,CE,Towers with Radar,5,8,54,0,67,0,3,26,0,29,5,11,80,0,96,20,0,20,116
03/18/2015,PTK,MI,AGL,CE,Towers with Radar,0,15,59,0,74,0,2,86,1,89,0,17,145,1,163,82,0,82,245
03/19/2015,PTK,MI,AGL,CE,Towers with Radar,0,27,64,0,91,0,5,114,9,128,0,32,178,9,219,256,0,256,475
03/20/2015,PTK,MI,AGL,CE,Towers with Radar,2,17,83,0,102,0,0,108,3,111,2,17,191,3,213,208,0,208,421
03/21/2015,PTK,MI,AGL,CE,Towers with Radar,6,17,50,0,73,0,0,63,0,63,6,17,113,0,136,64,0,64,200
03/22/2015,PTK,MI,AGL,CE,Towers with Radar,0,14,62,0,76,0,1,159,0,160,0,15,221,0,236,166,0,166,402
03/23/2015,PTK,MI,AGL,CE,Towers with Radar,4,17,45,0,66,0,3,64,1,68,4,20,109,1,134,92,0,92,226
03/24/2015,PTK,MI,AGL,CE,Towers with Radar,7,18,69,0,94,0,5,142,1,148,7,23,211,1,242,186,0,186,428
03/25/2015,PTK,MI,AGL,CE,Towers with Radar,3,20,63,0,86,0,2,8,0,10,3,22,71,0,96,0,0,0,96
03/26/2015,PTK,MI,AGL,CE,Towers with Radar,2,25,46,1,74,0,1,76,13,90,2,26,122,14,164,131,0,131,295
03/27/2015,PTK,MI,AGL,CE,Towers with Radar,3,23,74,3,103,0,0,46,0,46,3,23,120,3,149,72,0,72,221
03/28/2015,PTK,MI,AGL,CE,Towers with Radar,0,13,59,0,72,0,4,234,0,238,0,17,293,0,310,198,0,198,508
03/29/2015,PTK,MI,AGL,CE,Towers with Radar,1,7,61,0,69,0,0,55,0,55,1,7,116,0,124,0,0,0,124
03/30/2015,PTK,MI,AGL,CE,Towers with Radar,3,31,72,0,106,0,3,48,1,52,3,34,120,1,158,0,0,0,158
03/31/2015,PTK,MI,AGL,CE,Towers with Radar,5,21,43,0,69,0,2,22,0,24,5,23,65,0,93,20,0,20,113
04/01/2015,PTK,MI,AGL,CE,Towers with Radar,4,18,77,0,99,0,4,159,0,163,4,22,236,0,262,191,0,191,453
04/02/2015,PTK,MI,AGL,CE,Towers with Radar,0,34,65,0,99,0,4,19,1,24,0,38,84,1,123,32,0,32,155
04/03/2015,PTK,MI,AGL,CE,Towers with Radar,0,13,60,0,73,0,3,84,0,87,0,16,144,0,160,116,0,116,276
04/04/2015,PTK,MI,AGL,CE,Towers with Radar,4,17,57,0,78,0,1,167,0,168,4,18,224,0,246,140,0,140,386
04/05/2015,PTK,MI,AGL,CE,Towers with Radar,0,14,38,0,52,0,1,60,0,61,0,15,98,0,113,71,0,71,184
04/06/2015,PTK,MI,AGL,CE,Towers with Radar,1,14,69,0,84,0,0,99,0,99,1,14,168,0,183,163,0,163,346
04/07/2015,PTK,MI,AGL,CE,Towers with Radar,2,20,47,0,69,0,2,42,0,44,2,22,89,0,113,74,0,74,187
04/08/2015,PTK,MI,AGL,CE,Towers with Radar,2,24,59,0,85,0,0,0,0,0,2,24,59,0,85,6,0,6,91
04/09/2015,PTK,MI,AGL,CE,Towers with Radar,0,18,37,0,55,0,0,0,0,0,0,18,37,0,55,0,0,0,55
04/10/2015,PTK,MI,AGL,CE,Towers with Radar,5,25,46,0,76,0,0,10,0,10,5,25,56,0,86,0,0,0,86
04/11/2015,PTK,MI,AGL,CE,Towers with Radar,2,6,52,0,60,0,0,246,0,246,2,6,298,0,306,144,0,144,450
04/12/2015,PTK,MI,AGL,CE,Towers with Radar,3,16,70,0,89,0,3,204,0,207,3,19,274,0,296,212,0,212,508
04/13/2015,PTK,MI,AGL,CE,Towers with Radar,2,20,63,0,85,0,0,44,1,45,2,20,107,1,130,22,0,22,152
04/14/2015,PTK,MI,AGL,CE,Towers with Radar,1,27,53,2,83,0,2,154,0,156,1,29,207,2,239,108,0,108,347
04/15/2015,PTK,MI,AGL,CE,Towers with Radar,3,29,68,0,100,0,5,129,0,134,3,34,197,0,234,232,0,232,466
04/16/2015,PTK,MI,AGL,CE,Towers with Radar,3,17,75,2,97,0,3,101,1,105,3,20,176,3,202,160,0,160,362
04/17/2015,PTK,MI,AGL,CE,Towers with Radar,0,34,62,0,96,0,6,177,0,183,0,40,239,0,279,158,0,158,437
04/18/2015,PTK,MI,AGL,CE,Towers with Radar,0,12,44,0,56,0,1,244,0,245,0,13,288,0,301,192,0,192,493
04/19/2015,PTK,MI,AGL,CE,Towers with Radar,2,14,41,0,57,0,0,78,0,78,2,14,119,0,135,174,0,174,309
04/20/2015,PTK,MI,AGL,CE,Towers with Radar,0,22,72,0,94,0,0,0,0,0,0,22,72,0,94,1,0,1,95
04/21/2015,PTK,MI,AGL,CE,Towers with Radar,2,64,89,0,155,0,1,21,0,22,2,65,110,0,177,22,0,22,199
04/22/2015,PTK,MI,AGL,CE,Towers with Radar,2,19,70,0,91,0,0,30,0,30,2,19,100,0,121,23,0,23,144
04/23/2015,PTK,MI,AGL,CE,Towers with Radar,2,16,81,3,102,0,3,70,1,74,2,19,151,4,176,74,0,74,250
04/24/2015,PTK,MI,AGL,CE,Towers with Radar,0,18,60,0,78,0,5,142,0,147,0,23,202,0,225,104,0,104,329
04/25/2015,PTK,MI,AGL,CE,Towers with Radar,0,13,50,0,63,0,3,168,0,171,0,16,218,0,234,220,0,220,454
04/26/2015,PTK,MI,AGL,CE,Towers with Radar,1,9,56,0,66,0,1,159,0,160,1,10,215,0,226,160,0,160,386
04/27/2015,PTK,MI,AGL,CE,Towers with Radar,0,21,64,0,85,0,0,49,0,49,0,21,113,0,134,46,0,46,180
04/28/2015,PTK,MI,AGL,CE,Towers with Radar,0,15,72,0,87,0,4,95,0,99,0,19,167,0,186,156,0,156,342
04/29/2015,PTK,MI,AGL,CE,Towers with Radar,0,16,63,0,79,0,5,93,0,98,0,21,156,0,177,178,2,180,357
04/30/2015,PTK,MI,AGL,CE,Towers with Radar,3,19,92,0,114,0,2,75,0,77,3,21,167,0,191,188,1,189,380
05/01/2015,PTK,MI,AGL,CE,Towers with Radar,3,21,81,0,105,0,0,125,0,125,3,21,206,0,230,158,0,158,388
05/02/2015,PTK,MI,AGL,CE,Towers with Radar,2,15,48,0,65,0,1,172,0,173,2,16,220,0,238,131,0,131,369
05/03/2015,PTK,MI,AGL,CE,Towers with Radar,0,12,68,0,80,0,0,145,0,145,0,12,213,0,225,162,0,162,387
05/04/2015,PTK,MI,AGL,CE,Towers with Radar,1,17,68,0,86,0,2,46,0,48,1,19,114,0,134,84,0,84,218
05/05/2015,PTK,MI,AGL,CE,Towers with Radar,1,20,81,0,102,0,1,22,0,23,1,21,103,0,125,36,0,36,161
05/06/2015,PTK,MI,AGL,CE,Towers with Radar,1,41,98,0,140,0,3,101,0,104,1,44,199,0,244,72,0,72,316
05/07/2015,PTK,MI,AGL,CE,Towers with Radar,2,36,79,0,117,0,0,184,0,184,2,36,263,0,301,284,0,284,585
05/08/2015,PTK,MI,AGL,CE,Towers with Radar,1,27,59,0,87,0,1,91,0,92,1,28,150,0,179,158,0,158,337
05/09/2015,PTK,MI,AGL,CE,Towers with Radar,0,12,63,0,75,0,0,119,0,119,0,12,182,0,194,126,0,126,320
05/10/2015,PTK,MI,AGL,CE,Towers with Radar,0,12,37,0,49,0,0,6,0,6,0,12,43,0,55,2,0,2,57
05/11/2015,PTK,MI,AGL,CE,Towers with Radar,0,19,69,0,88,0,1,38,0,39,0,20,107,0,127,62,0,62,189
05/12/2015,PTK,MI,AGL,CE,Towers with Radar,2,27,75,0,104,0,3,52,0,55,2,30,127,0,159,54,0,54,213
05/13/2015,PTK,MI,AGL,CE,Towers with Radar,4,24,87,0,115,0,0,105,1,106,4,24,192,1,221,112,0,112,333
05/14/2015,PTK,MI,AGL,CE,Towers with Radar,6,28,78,0,112,0,2,177,0,179,6,30,255,0,291,308,0,308,599
05/15/2015,PTK,MI,AGL,CE,Towers with Radar,3,23,60,0,86,0,5,60,0,65,3,28,120,0,151,160,0,160,311
05/16/2015,PTK,MI,AGL,CE,Towers with Radar,0,14,79,0,93,0,0,33,0,33,0,14,112,0,126,36,0,36,162
05/17/2015,PTK,MI,AGL,CE,Towers with Radar,1,21,79,0,101,0,1,105,0,106,1,22,184,0,207,140,0,140,347
05/18/2015,PTK,MI,AGL,CE,Towers with Radar,4,33,84,0,121,0,4,92,0,96,4,37,176,0,217,164,0,164,381
05/19/2015,PTK,MI,AGL,CE,Towers with Radar,4,20,94,4,122,0,2,75,0,77,4,22,169,4,199,132,0,132,331
05/20/2015,PTK,MI,AGL,CE,Towers with Radar,5,19,88,0,112,0,10,161,0,171,5,29,249,0,283,198,0,198,481
05/21/2015,PTK,MI,AGL,CE,Towers with Radar,1,21,103,0,125,0,1,157,0,158,1,22,260,0,283,196,0,196,479
05/22/2015,PTK,MI,AGL,CE,Towers with Radar,6,31,62,0,99,0,2,224,0,226,6,33,286,0,325,86,0,86,411
05/23/2015,PTK,MI,AGL,CE,Towers with Radar,0,14,38,0,52,0,0,254,0,254,0,14,292,0,306,127,0,127,433
05/24/2015,PTK,MI,AGL,CE,Towers with Radar,0,7,42,0,49,0,0,130,0,130,0,7,172,0,179,82,0,82,261
05/25/2015,PTK,MI,AGL,CE,Towers with Radar,0,14,58,0,72,0,1,64,0,65,0,15,122,0,137,72,0,72,209
05/26/2015,PTK,MI,AGL,CE,Towers with Radar,3,15,80,0,98,0,4,57,0,61,3,19,137,0,159,58,0,58,217
05/27/2015,PTK,MI,AGL,CE,Towers with Radar,3,45,76,4,128,0,2,90,1,93,3,47,166,5,221,108,0,108,329
05/28/2015,PTK,MI,AGL,CE,Towers with Radar,2,21,92,0,115,0,4,200,0,204,2,25,292,0,319,314,0,314,633
05/29/2015,PTK,MI,AGL,CE,Towers with Radar,5,32,84,0,121,0,0,102,0,102,5,32,186,0,223,94,0,94,317
05/30/2015,PTK,MI,AGL,CE,Towers with Radar,1,14,43,0,58,0,0,81,0,81,1,14,124,0,139,154,0,154,293
05/31/2015,PTK,MI,AGL,CE,Towers with Radar,0,11,79,0,90,0,0,14,0,14,0,11,93,0,104,32,0,32,136
06/01/2015,PTK,MI,AGL,CE,Towers with Radar,1,23,82,0,106,0,1,159,1,161,1,24,241,1,267,210,0,210,477
06/02/2015,PTK,MI,AGL,CE,Towers with Radar,5,32,72,0,109,0,5,204,0,209,5,37,276,0,318,273,0,273,591
06/03/2015,PTK,MI,AGL,CE,Towers with Radar,4,29,77,2,112,0,18,191,1,210,4,47,268,3,322,146,0,146,468
06/04/2015,PTK,MI,AGL,CE,Towers with Radar,5,30,73,0,108,0,3,168,0,171,5,33,241,0,279,228,0,228,507
06/05/2015,PTK,MI,AGL,CE,Towers with Radar,2,28,81,0,111,0,1,175,0,176,2,29,256,0,287,174,0,174,461
06/06/2015,PTK,MI,AGL,CE,Towers with Radar,2,14,66,0,82,0,3,278,0,281,2,17,344,0,363,130,0,130,493
06/07/2015,PTK,MI,AGL,CE,Towers with Radar,2,10,43,0,55,0,0,134,0,134,2,10,177,0,189,192,0,192,381
06/08/2015,PTK,MI,AGL,CE,Towers with Radar,3,18,69,0,90,0,0,77,0,77,3,18,146,0,167,229,0,229,396
06/09/2015,PTK,MI,AGL,CE,Towers with Radar,3,34,105,0,142,0,5,154,0,159,3,39,259,0,301,206,0,206,507
06/10/2015,PTK,MI,AGL,CE,Towers with Radar,3,39,73,0,115,0,5,129,0,134,3,44,202,0,249,128,0,128,377
06/11/2015,PTK,MI,AGL,CE,Towers with Radar,6,38,103,0,147,0,1,186,0,187,6,39,289,0,334,173,0,173,507
06/12/2015,PTK,MI,AGL,CE,Towers with Radar,2,43,64,0,109,0,1,110,0,111,2,44,174,0,220,180,0,180,400
06/13/2015,PTK,MI,AGL,CE,Towers with Radar,1,17,133,0,151,0,0,9,0,9,1,17,142,0,160,0,0,0,160
06/14/2015,PTK,MI,AGL,CE,Towers with Radar,1,29,92,0,122,0,1,44,0,45,1,30,136,0,167,118,0,118,285
06/15/2015,PTK,MI,AGL,CE,Towers with Radar,5,28,66,0,99,0,3,104,0,107,5,31,170,0,206,56,0,56,262
06/16/2015,PTK,MI,AGL,CE,Towers with Radar,4,35,98,0,137,0,6,213,0,219,4,41,311,0,356,200,0,200,556
06/17/2015,PTK,MI,AGL,CE,Towers with Radar,3,43,62,1,109,0,6,224,0,230,3,49,286,1,339,246,0,246,585
06/18/2015,PTK,MI,AGL,CE,Towers with Radar,5,18,103,0,126,0,3,138,0,141,5,21,241,0,267,104,0,104,371
06/19/2015,PTK,MI,AGL,CE,Towers with Radar,3,25,89,0,117,0,2,183,0,185,3,27,272,0,302,174,0,174,476
06/20/2015,PTK,MI,AGL,CE,Towers with Radar,7,11,86,0,104,0,1,209,0,210,7,12,295,0,314,236,0,236,550
06/21/2015,PTK,MI,AGL,CE,Towers with Radar,1,23,71,0,95,0,1,166,0,167,1,24,237,0,262,180,0,180,442
06/22/2015,PTK,MI,AGL,CE,Towers with Radar,4,26,71,0,101,0,0,65,2,67,4,26,136,2,168,80,0,80,248
06/23/2015,PTK,MI,AGL,CE,Towers with Radar,3,30,86,0,119,0,6,184,0,190,3,36,270,0,309,152,0,152,461
06/24/2015,PTK,MI,AGL,CE,Towers with Radar,4,29,78,0,111,0,8,256,0,264,4,37,334,0,375,378,0,378,753
06/25/2015,PTK,MI,AGL,CE,Towers with Radar,4,31,83,0,118,0,3,201,0,204,4,34,284,0,322,210,0,210,532
06/26/2015,PTK,MI,AGL,CE,Towers with Radar,6,26,92,0,124,0,0,184,0,184,6,26,276,0,308,248,0,248,556
06/27/2015,PTK,MI,AGL,CE,Towers with Radar,0,19,45,0,64,0,2,25,0,27,0,21,70,0,91,4,0,4,95
06/28/2015,PTK,MI,AGL,CE,Towers with Radar,0,24,73,0,97,0,1,142,0,143,0,25,215,0,240,176,0,176,416
06/29/2015,PTK,MI,AGL,CE,Towers with Radar,3,29,61,0,93,0,4,143,0,147,3,33,204,0,240,222,0,222,462
06/30/2015,PTK,MI,AGL,CE,Towers with Radar,3,36,58,0,97,2,0,120,0,122,5,36,178,0,219,396,0,396,615
07/01/2015,PTK,MI,AGL,CE,Towers with Radar,0,21,73,0,94,0,5,178,0,183,0,26,251,0,277,404,0,404,681
07/02/2015,PTK,MI,AGL,CE,Towers with Radar,1,19,100,0,120,0,2,194,2,198,1,21,294,2,318,262,0,262,580
07/03/2015,PTK,MI,AGL,CE,Towers with Radar,0,13,44,0,57,0,0,232,0,232,0,13,276,0,289,248,0,248,537
07/04/2015,PTK,MI,AGL,CE,Towers with Radar,0,3,30,0,33,0,3,158,0,161,0,6,188,0,194,110,0,110,304
07/05/2015,PTK,MI,AGL,CE,Towers with Radar,0,17,69,0,86,0,0,109,0,109,0,17,178,0,195,176,0,176,371
07/06/2015,PTK,MI,AGL,CE,Towers with Radar,0,25,73,0,98,0,2,143,0,145,0,27,216,0,243,172,0,172,415
07/07/2015,PTK,MI,AGL,CE,Towers with Radar,0,24,69,0,93,0,0,34,0,34,0,24,103,0,127,97,0,97,224
07/08/2015,PTK,MI,AGL,CE,Towers with Radar,4,21,91,0,116,0,4,179,0,183,4,25,270,0,299,252,0,252,551
07/09/2015,PTK,MI,AGL,CE,Towers with Radar,1,19,92,0,112,0,4,96,0,100,1,23,188,0,212,116,0,116,328
07/10/2015,PTK,MI,AGL,CE,Towers with Radar,1,16,83,0,100,0,1,157,1,159,1,17,240,1,259,264,0,264,523
07/11/2015,PTK,MI,AGL,CE,Towers with Radar,0,10,72,0,82,0,1,241,0,242,0,11,313,0,324,220,0,220,544
07/12/2015,PTK,MI,AGL,CE,Towers with Radar,0,10,84,0,94,0,2,104,0,106,0,12,188,0,200,142,0,142,342
07/13/2015,PTK,MI,AGL,CE,Towers with Radar,3,26,74,0,103,0,5,140,0,145,3,31,214,0,248,236,0,236,484
07/14/2015,PTK,MI,AGL,CE,Towers with Radar,0,26,75,0,101,0,3,68,0,71,0,29,143,0,172,162,0,162,334
07/15/2015,PTK,MI,AGL,CE,Towers with Radar,0,19,92,0,111,0,8,217,1,226,0,27,309,1,337,238,0,238,575
07/16/2015,PTK,MI,AGL,CE,Towers with Radar,1,25,94,0,120,0,4,166,0,170,1,29,260,0,290,242,0,242,532
07/17/2015,PTK,MI,AGL,CE,Towers with Radar,1,21,109,0,131,0,1,38,0,39,1,22,147,0,170,86,0,86,256
07/18/2015,PTK,MI,AGL,CE,Towers with Radar,0,12,38,0,50,0,3,326,0,329,0,15,364,0,379,232,0,232,611
07/19/2015,PTK,MI,AGL,CE,Towers with Radar,0,21,79,0,100,0,5,151,4,160,0,26,230,4,260,118,0,118,378
07/20/2015,PTK,MI,AGL,CE,Towers with Radar,0,30,71,0,101,0,2,113,0,115,0,32,184,0,216,124,0,124,340
07/21/2015,PTK,MI,AGL,CE,Towers with Radar,0,27,93,0,120,0,12,156,0,168,0,39,249,0,288,212,0,212,500
07/22/2015,PTK,MI,AGL,CE,Towers with Radar,4,35,94,0,133,0,2,211,0,213,4,37,305,0,346,298,0,298,644
07/23/2015,PTK,MI,AGL,CE,Towers with Radar,4,27,95,0,126,0,9,228,0,237,4,36,323,0,363,232,0,232,595
07/24/2015,PTK,MI,AGL,CE,Towers with Radar,1,23,85,0,109,0,0,190,0,190,1,23,275,0,299,258,0,258,557
07/25/2015,PTK,MI,AGL,CE,Towers with Radar,0,11,48,0,59,0,2,160,0,162,0,13,208,0,221,184,0,184,405
07/26/2015,PTK,MI,AGL,CE,Towers with Radar,0,18,63,0,81,0,2,169,0,171,0,20,232,0,252,154,0,154,406
07/27/2015,PTK,MI,AGL,CE,Towers with Radar,0,20,85,0,105,0,3,186,0,189,0,23,271,0,294,246,0,246,540
07/28/2015,PTK,MI,AGL,CE,Towers with Radar,1,23,83,0,107,0,1,192,1,194,1,24,275,1,301,222,0,222,523
07/29/2015,PTK,MI,AGL,CE,Towers with Radar,0,38,89,0,127,0,5,105,1,111,0,43,194,1,238,164,0,164,402
07/30/2015,PTK,MI,AGL,CE,Towers with Radar,3,16,117,0,136,0,2,198,0,200,3,18,315,0,336,112,0,112,448
07/31/2015,PTK,MI,AGL,CE,Towers with Radar,0,24,100,1,125,0,2,189,1,192,0,26,289,2,317,136,0,136,453
08/01/2015,PTK,MI,AGL,CE,Towers with Radar,0,12,53,0,65,0,1,162,0,163,0,13,215,0,228,320,0,320,548
08/02/2015,PTK,MI,AGL,CE,Towers with Radar,2,19,66,0,87,0,6,153,1,160,2,25,219,1,247,268,0,268,515
08/03/2015,PTK,MI,AGL,CE,Towers with Radar,0,16,73,0,89,0,0,85,0,85,0,16,158,0,174,182,0,182,356
08/04/2015,PTK,MI,AGL,CE,Towers with Radar,2,9,79,0,90,0,3,173,0,176,2,12,252,0,266,184,0,184,450
08/05/2015,PTK,MI,AGL,CE,Towers with Radar,0,18,58,0,76,0,3,183,0,186,0,21,241,0,262,244,0,244,506
08/06/2015,PTK,MI,AGL,CE,Towers with Radar,3,32,85,0,120,0,3,213,0,216,3,35,298,0,336,152,0,152,488
08/07/2015,PTK,MI,AGL,CE,Towers with Radar,4,25,83,0,112,0,1,170,0,171,4,26,253,0,283,218,0,218,501
08/08/2015,PTK,MI,AGL,CE,Towers with Radar,1,10,59,0,70,0,2,196,0,198,1,12,255,0,268,180,0,180,448
08/09/2015,PTK,MI,AGL,CE,Towers with Radar,0,22,83,0,105,0,0,169,0,169,0,22,252,0,274,146,0,146,420
08/10/2015,PTK,MI,AGL,CE,Towers with Radar,1,25,83,0,109,0,1,59,0,60,1,26,142,0,169,82,0,82,251
08/11/2015,PTK,MI,AGL,CE,Towers with Radar,1,21,96,0,118,0,1,147,0,148,1,22,243,0,266,86,0,86,352
08/12/2015,PTK,MI,AGL,CE,Towers with Radar,0,30,87,0,117,0,6,168,0,174,0,36,255,0,291,228,0,228,519
08/13/2015,PTK,MI,AGL,CE,Towers with Radar,0,16,104,0,120,0,1,164,2,167,0,17,268,2,287,216,0,216,503
08/14/2015,PTK,MI,AGL,CE,Towers with Radar,0,26,91,0,117,0,0,136,0,136,0,26,227,0,253,186,0,186,439
08/15/2015,PTK,MI,AGL,CE,Towers with Radar,1,12,43,0,56,0,2,187,0,189,1,14,230,0,245,186,0,186,431
08/16/2015,PTK,MI,AGL,CE,Towers with Radar,0,12,78,0,90,0,2,186,0,188,0,14,264,0,278,186,0,186,464
08/17/2015,PTK,MI,AGL,CE,Towers with Radar,3,30,68,0,101,0,0,114,0,114,3,30,182,0,215,152,0,152,367
08/18/2015,PTK,MI,AGL,CE,Towers with Radar,4,21,65,0,90,0,2,105,0,107,4,23,170,0,197,90,0,90,287
08/19/2015,PTK,MI,AGL,CE,Towers with Radar,4,20,101,0,125,0,3,90,0,93,4,23,191,0,218,88,0,88,306
08/20/2015,PTK,MI,AGL,CE,Towers with Radar,4,19,104,0,127,0,7,103,0,110,4,26,207,0,237,210,0,210,447
08/21/2015,PTK,MI,AGL,CE,Towers with Radar,3,24,91,0,118,0,5,238,0,243,3,29,329,0,361,138,0,138,499
08/22/2015,PTK,MI,AGL,CE,Towers with Radar,2,12,58,0,72,0,5,427,1,433,2,17,485,1,505,178,0,178,683
08/23/2015,PTK,MI,AGL,CE,Towers with Radar,0,20,79,0,99,0,16,619,4,639,0,36,698,4,738,62,0,62,800
08/24/2015,PTK,MI,AGL,CE,Towers with Radar,5,27,68,0,100,0,1,138,0,139,5,28,206,0,239,99,0,99,338
08/25/2015,PTK,MI,AGL,CE,Towers with Radar,5,27,70,0,102,0,1,140,0,141,5,28,210,0,243,152,0,152,395
08/26/2015,PTK,MI,AGL,CE,Towers with Radar,6,18,99,0,123,0,5,202,0,207,6,23,301,0,330,264,0,264,594
08/27/2015,PTK,MI,AGL,CE,Towers with Radar,6,35,98,0,139,0,1,197,4,202,6,36,295,4,341,312,0,312,653
08/28/2015,PTK,MI,AGL,CE,Towers with Radar,2,23,90,2,117,0,2,221,2,225,2,25,311,4,342,112,0,112,454
08/29/2015,PTK,MI,AGL,CE,Towers with Radar,3,14,60,0,77,0,2,116,0,118,3,16,176,0,195,146,0,146,341
08/30/2015,PTK,MI,AGL,CE,Towers with Radar,0,16,72,0,88,0,1,143,0,144,0,17,215,0,232,200,0,200,432
08/31/2015,PTK,MI,AGL,CE,Towers with Radar,1,16,78,0,95,3,0,145,1,149,4,16,223,1,244,100,0,100,344
09/01/2015,PTK,MI,AGL,CE,Towers with Radar,4,17,95,0,116,0,1,135,0,136,4,18,230,0,252,210,0,210,462
09/02/2015,PTK,MI,AGL,CE,Towers with Radar,3,22,92,0,117,0,6,147,0,153,3,28,239,0,270,110,0,110,380
09/03/2015,PTK,MI,AGL,CE,Towers with Radar,4,29,71,2,106,0,0,70,1,71,4,29,141,3,177,120,0,120,297
09/04/2015,PTK,MI,AGL,CE,Towers with Radar,4,37,115,0,156,0,2,114,0,116,4,39,229,0,272,80,0,80,352
09/05/2015,PTK,MI,AGL,CE,Towers with Radar,2,12,37,0,51,0,3,122,2,127,2,15,159,2,178,194,0,194,372
09/06/2015,PTK,MI,AGL,CE,Towers with Radar,1,11,51,0,63,0,2,210,0,212,1,13,261,0,275,132,0,132,407
09/07/2015,PTK,MI,AGL,CE,Towers with Radar,0,10,80,0,90,0,0,80,0,80,0,10,160,0,170,16,0,16,186
09/08/2015,PTK,MI,AGL,CE,Towers with Radar,4,23,57,0,84,0,1,85,0,86,4,24,142,0,170,104,0,104,274
09/09/2015,PTK,MI,AGL,CE,Towers with Radar,3,36,78,0,117,0,2,76,2,80,3,38,154,2,197,63,0,63,260
09/10/2015,PTK,MI,AGL,CE,Towers with Radar,2,25,92,0,119,0,2,217,0,219,2,27,309,0,338,252,0,252,590
09/11/2015,PTK,MI,AGL,CE,Towers with Radar,1,25,92,0,118,0,2,151,0,153,1,27,243,0,271,240,0,240,511
09/12/2015,PTK,MI,AGL,CE,Towers with Radar,1,9,84,0,94,0,8,112,0,120,1,17,196,0,214,96,0,96,310
09/13/2015,PTK,MI,AGL,CE,Towers with Radar,0,18,59,0,77,0,1,226,0,227,0,19,285,0,304,178,0,178,482
09/14/2015,PTK,MI,AGL,CE,Towers with Radar,4,19,84,0,107,0,4,159,0,163,4,23,243,0,270,206,0,206,476
09/15/2015,PTK,MI,AGL,CE,Towers with Radar,0,17,82,2,101,0,10,139,0,149,0,27,221,2,250,224,0,224,474
09/16/2015,PTK,MI,AGL,CE,Towers with Radar,1,32,86,0,119,0,5,224,0,229,1,37,310,0,348,320,0,320,668
09/17/2015,PTK,MI,AGL,CE,Towers with Radar,5,21,93,0,119,0,2,158,1,161,5,23,251,1,280,162,0,162,442
09/18/2015,PTK,MI,AGL,CE,Towers with Radar,8,31,85,1,125,0,3,56,1,60,8,34,141,2,185,140,0,140,325
09/19/2015,PTK,MI,AGL,CE,Towers with Radar,4,12,54,0,70,0,0,38,0,38,4,12,92,0,108,56,0,56,164
09/20/2015,PTK,MI,AGL,CE,Towers with Radar,3,22,94,0,119,0,0,236,2,238,3,22,330,2,357,292,0,292,649
09/21/2015,PTK,MI,AGL,CE,Towers with Radar,2,22,95,0,119,0,13,102,0,115,2,35,197,0,234,93,0,93,327
09/22/2015,PTK,MI,AGL,CE,Towers with Radar,3,30,75,5,113,0,3,170,0,173,3,33,245,5,286,268,0,268,554
09/23/2015,PTK,MI,AGL,CE,Towers with Radar,6,29,98,1,134,0,6,203,0,209,6,35,301,1,343,158,0,158,501
09/24/2015,PTK,MI,AGL,CE,Towers with Radar,3,26,98,0,127,0,5,184,1,190,3,31,282,1,317,148,0,148,465
09/25/2015,PTK,MI,AGL,CE,Towers with Radar,4,29,105,0,138,0,5,185,0,190,4,34,290,0,328,194,0,194,522
09/26/2015,PTK,MI,AGL,CE,Towers with Radar,3,17,57,0,77,0,3,198,0,201,3,20,255,0,278,198,0,198,476
09/27/2015,PTK,MI,AGL,CE,Towers with Radar,2,12,64,0,78,0,2,218,0,220,2,14,282,0,298,368,0,368,666
09/28/2015,PTK,MI,AGL,CE,Towers with Radar,3,19,71,0,93,0,4,73,0,77,3,23,144,0,170,196,0,196,366
09/29/2015,PTK,MI,AGL,CE,Towers with Radar,4,24,76,0,104,0,2,77,0,79,4,26,153,0,183,144,0,144,327
09/30/2015,PTK,MI,AGL,CE,Towers with Radar,4,10,87,0,101,0,5,82,0,87,4,15,169,0,188,68,0,68,256
10/01/2015,PTK,MI,AGL,CE,Towers with Radar,2,30,86,0,118,0,1,94,0,95,2,31,180,0,213,160,0,160,373
10/02/2015,PTK,MI,AGL,CE,Towers with Radar,4,28,77,0,109,0,0,64,0,64,4,28,141,0,173,80,0,80,253
10/03/2015,PTK,MI,AGL,CE,Towers with Radar,5,11,32,0,48,0,1,92,0,93,5,12,124,0,141,156,0,156,297
10/04/2015,PTK,MI,AGL,CE,Towers with Radar,2,9,98,0,109,0,11,22,0,33,2,20,120,0,142,108,0,108,250
10/05/2015,PTK,MI,AGL,CE,Towers with Radar,4,27,96,0,127,0,1,29,0,30,4,28,125,0,157,128,0,128,285
10/06/2015,PTK,MI,AGL,CE,Towers with Radar,6,34,83,0,123,0,0,13,0,13,6,34,96,0,136,100,0,100,236
10/07/2015,PTK,MI,AGL,CE,Towers with Radar,4,44,90,0,138,0,1,131,0,132,4,45,221,0,270,222,0,222,492
10/08/2015,PTK,MI,AGL,CE,Towers with Radar,8,32,94,0,134,0,4,195,1,200,8,36,289,1,334,240,0,240,574
10/09/2015,PTK,MI,AGL,CE,Towers with Radar,4,38,91,0,133,0,1,76,0,77,4,39,167,0,210,204,0,204,414
10/10/2015,PTK,MI,AGL,CE,Towers with Radar,2,22,60,0,84,0,3,296,0,299,2,25,356,0,383,470,0,470,853
10/11/2015,PTK,MI,AGL,CE,Towers with Radar,1,26,82,0,109,0,1,212,0,213,1,27,294,0,322,308,0,308,630
10/12/2015,PTK,MI,AGL,CE,Towers with Radar,2,30,66,0,98,0,2,87,0,89,2,32,153,0,187,64,0,64,251
10/13/2015,PTK,MI,AGL,CE,Towers with Radar,9,27,65,0,101,0,2,51,0,53,9,29,116,0,154,146,0,146,300
10/14/2015,PTK,MI,AGL,CE,Towers with Radar,3,29,87,0,119,0,3,187,0,190,3,32,274,0,309,312,0,312,621
10/15/2015,PTK,MI,AGL,CE,Towers with Radar,1,41,74,0,116,0,2,92,0,94,1,43,166,0,210,134,0,134,344
10/16/2015,PTK,MI,AGL,CE,Towers with Radar,1,32,89,0,122,0,1,104,4,109,1,33,193,4,231,184,0,184,415
10/17/2015,PTK,MI,AGL,CE,Towers with Radar,3,15,44,1,63,0,0,155,0,155,3,15,199,1,218,186,0,186,404
10/18/2015,PTK,MI,AGL,CE,Towers with Radar,3,19,78,0,100,0,5,232,0,237,3,24,310,0,337,140,0,140,477
10/19/2015,PTK,MI,AGL,CE,Towers with Radar,3,25,43,1,72,0,1,54,1,56,3,26,97,2,128,50,0,50,178
10/20/2015,PTK,MI,AGL,CE,Towers with Radar,3,31,49,0,83,0,3,117,0,120,3,34,166,0,203,304,0,304,507
10/21/2015,PTK,MI,AGL,CE,Towers with Radar,3,29,75,1,108,0,5,96,1,102,3,34,171,2,210,82,0,82,292
10/22/2015,PTK,MI,AGL,CE,Towers with Radar,8,34,73,0,115,0,6,151,0,157,8,40,224,0,272,276,0,276,548
10/23/2015,PTK,MI,AGL,CE,Towers with Radar,3,29,61,1,94,0,1,151,0,152,3,30,212,1,246,360,0,360,606
10/24/2015,PTK,MI,AGL,CE,Towers with Radar,0,8,46,0,54,0,0,15,0,15,0,8,61,0,69,12,0,12,81
10/25/2015,PTK,MI,AGL,CE,Towers with Radar,0,13,57,2,72,0,2,215,0,217,0,15,272,2,289,296,0,296,585
10/26/2015,PTK,MI,AGL,CE,Towers with Radar,1,25,71,0,97,0,1,155,0,156,1,26,226,0,253,250,0,250,503
10/27/2015,PTK,MI,AGL,CE,Towers with Radar,5,28,62,0,95,0,23,132,0,155,5,51,194,0,250,155,0,155,405
10/28/2015,PTK,MI,AGL,CE,Towers with Radar,7,39,69,0,115,0,0,10,0,10,7,39,79,0,125,26,0,26,151
10/29/2015,PTK,MI,AGL,CE,Towers with Radar,4,41,77,0,122,0,2,54,0,56,4,43,131,0,178,34,0,34,212
10/30/2015,PTK,MI,AGL,CE,Towers with Radar,5,31,108,0,144,0,1,131,1,133,5,32,239,1,277,222,0,222,499
10/31/2015,PTK,MI,AGL,CE,Towers with Radar,0,10,54,0,64,0,0,149,0,149,0,10,203,0,213,263,0,263,476
11/01/2015,PTK,MI,AGL,CE,Towers with Radar,2,11,48,0,61,0,3,113,0,116,2,14,161,0,177,170,0,170,347
11/02/2015,PTK,MI,AGL,CE,Towers with Radar,4,29,57,0,90,0,2,128,0,130,4,31,185,0,220,93,0,93,313
11/03/2015,PTK,MI,AGL,CE,Towers with Radar,6,31,60,0,97,0,6,165,0,171,6,37,225,0,268,274,0,274,542
11/04/2015,PTK,MI,AGL,CE,Towers with Radar,3,29,102,0,134,0,2,220,2,224,3,31,322,2,358,396,0,396,754
11/05/2015,PTK,MI,AGL,CE,Towers with Radar,1,43,65,0,109,0,0,102,1,103,1,43,167,1,212,166,0,166,378
11/06/2015,PTK,MI,AGL,CE,Towers with Radar,1,26,78,0,105,0,1,49,0,50,1,27,127,0,155,4,0,4,159
11/07/2015,PTK,MI,AGL,CE,Towers with Radar,0,18,65,0,83,0,2,188,0,190,0,20,253,0,273,208,0,208,481
11/08/2015,PTK,MI,AGL,CE,Towers with Radar,0,19,71,0,90,0,0,261,0,261,0,19,332,0,351,296,0,296,647
11/09/2015,PTK,MI,AGL,CE,Towers with Radar,3,33,70,0,106,0,0,121,0,121,3,33,191,0,227,158,0,158,385
11/10/2015,PTK,MI,AGL,CE,Towers with Radar,0,33,83,1,117,0,0,30,0,30,0,33,113,1,147,64,0,64,211
11/11/2015,PTK,MI,AGL,CE,Towers with Radar,4,38,70,0,112,0,8,177,0,185,4,46,247,0,297,260,0,260,557
11/12/2015,PTK,MI,AGL,CE,Towers with Radar,1,31,48,0,80,0,0,5,0,5,1,31,53,0,85,12,0,12,97
11/13/2015,PTK,MI,AGL,CE,Towers with Radar,3,26,60,0,89,0,3,23,0,26,3,29,83,0,115,62,0,62,177
11/14/2015,PTK,MI,AGL,CE,Towers with Radar,4,13,65,0,82,0,1,194,0,195,4,14,259,0,277,334,0,334,611
11/15/2015,PTK,MI,AGL,CE,Towers with Radar,4,22,65,0,91,0,2,180,0,182,4,24,245,0,273,160,0,160,433
11/16/2015,PTK,MI,AGL,CE,Towers with Radar,6,16,60,0,82,0,1,100,0,101,6,17,160,0,183,198,0,198,381
11/17/2015,PTK,MI,AGL,CE,Towers with Radar,4,23,57,0,84,0,3,75,2,80,4,26,132,2,164,76,0,76,240
11/18/2015,PTK,MI,AGL,CE,Towers with Radar,0,15,76,0,91,0,0,12,0,12,0,15,88,0,103,4,0,4,107
11/19/2015,PTK,MI,AGL,CE,Towers with Radar,0,20,81,0,101,0,5,62,0,67,0,25,143,0,168,30,0,30,198
11/20/2015,PTK,MI,AGL,CE,Towers with Radar,2,28,85,0,115,0,0,169,0,169,2,28,254,0,284,158,0,158,442
11/21/2015,PTK,MI,AGL,CE,Towers with Radar,1,15,42,0,58,0,0,0,0,0,1,15,42,0,58,0,0,0,58
11/22/2015,PTK,MI,AGL,CE,Towers with Radar,0,30,51,0,81,0,0,134,0,134,0,30,185,0,215,272,0,272,487
11/23/2015,PTK,MI,AGL,CE,Towers with Radar,3,33,56,0,92,0,2,33,0,35,3,35,89,0,127,52,0,52,179
11/24/2015,PTK,MI,AGL,CE,Towers with Radar,4,32,84,0,120,0,2,132,0,134,4,34,216,0,254,224,0,224,478
11/25/2015,PTK,MI,AGL,CE,Towers with Radar,2,36,71,0,109,0,6,134,0,140,2,42,205,0,249,180,0,180,429
11/26/2015,PTK,MI,AGL,CE,Towers with Radar,0,11,23,0,34,0,0,16,0,16,0,11,39,0,50,0,0,0,50
11/27/2015,PTK,MI,AGL,CE,Towers with Radar,0,7,36,0,43,0,0,13,0,13,0,7,49,0,56,8,0,8,64
11/28/2015,PTK,MI,AGL,CE,Towers with Radar,0,22,48,0,70,1,0,158,1,160,1,22,206,1,230,284,0,284,514
11/29/2015,PTK,MI,AGL,CE,Towers with Radar,0,23,89,0,112,0,0,214,0,214,0,23,303,0,326,308,0,308,634
11/30/2015,PTK,MI,AGL,CE,Towers with Radar,2,40,76,0,118,0,0,105,0,105,2,40,181,0,223,166,0,166,389
12/01/2015,PTK,MI,AGL,CE,Towers with Radar,1,31,67,0,99,0,0,4,0,4,1,31,71,0,103,8,0,8,111
12/02/2015,PTK,MI,AGL,CE,Towers with Radar,0,20,65,0,85,0,1,75,1,77,0,21,140,1,162,114,0,114,276
12/03/2015,PTK,MI,AGL,CE,Towers with Radar,3,28,82,0,113,0,0,58,1,59,3,28,140,1,172,102,0,102,274
12/04/2015,PTK,MI,AGL,CE,Towers with Radar,3,30,83,0,116,0,2,167,0,169,3,32,250,0,285,296,0,296,581
12/05/2015,PTK,MI,AGL,CE,Towers with Radar,3,12,210,0,225,0,2,241,0,243,3,14,451,0,468,8,0,8,476
12/06/2015,PTK,MI,AGL,CE,Towers with Radar,3,11,75,0,89,0,0,135,0,135,3,11,210,0,224,188,0,188,412
12/07/2015,PTK,MI,AGL,CE,Towers with Radar,6,20,60,0,86,0,0,57,0,57,6,20,117,0,143,134,0,134,277
12/08/2015,PTK,MI,AGL,CE,Towers with Radar,8,27,103,0,138,0,1,13,0,14,8,28,116,0,152,10,0,10,162
12/09/2015,PTK,MI,AGL,CE,Towers with Radar,7,27,98,0,132,16,2,101,0,119,23,29,199,0,251,90,0,90,341
12/10/2015,PTK,MI,AGL,CE,Towers with Radar,3,32,64,1,100,4,2,79,2,87,7,34,143,3,187,56,0,56,243
12/11/2015,PTK,MI,AGL,CE,Towers with Radar,3,15,65,0,83,5,2,129,0,136,8,17,194,0,219,232,0,232,451
12/12/2015,PTK,MI,AGL,CE,Towers with Radar,4,7,55,0,66,0,0,32,0,32,4,7,87,0,98,44,0,44,142
12/13/2015,PTK,MI,AGL,CE,Towers with Radar,3,11,47,0,61,1,0,50,0,51,4,11,97,0,112,100,0,100,212
12/14/2015,PTK,MI,AGL,CE,Towers with Radar,5,14,43,0,62,0,1,15,0,16,5,15,58,0,78,18,0,18,96
12/15/2015,PTK,MI,AGL,CE,Towers with Radar,6,26,91,1,124,7,6,93,2,108,13,32,184,3,232,172,0,172,404
12/16/2015,PTK,MI,AGL,CE,Towers with Radar,7,25,100,1,133,1,2,41,0,44,8,27,141,1,177,46,0,46,223
12/17/2015,PTK,MI,AGL,CE,Towers with Radar,5,30,72,0,107,0,4,97,0,101,5,34,169,0,208,284,0,284,492
12/18/2015,PTK,MI,AGL,CE,Towers with Radar,0,33,66,0,99,22,6,52,0,80,22,39,118,0,179,150,0,150,329
12/19/2015,PTK,MI,AGL,CE,Towers with Radar,5,18,49,0,72,0,1,95,0,96,5,19,144,0,168,214,0,214,382
12/20/2015,PTK,MI,AGL,CE,Towers with Radar,4,23,45,0,72,2,1,102,2,107,6,24,147,2,179,150,0,150,329
12/21/2015,PTK,MI,AGL,CE,Towers with Radar,6,30,54,0,90,0,0,9,0,9,6,30,63,0,99,10,0,10,109
12/22/2015,PTK,MI,AGL,CE,Towers with Radar,2,33,70,0,105,0,2,136,0,138,2,35,206,0,243,282,0,282,525
12/23/2015,PTK,MI,AGL,CE,Towers with Radar,2,24,43,0,69,0,0,10,0,10,2,24,53,0,79,24,0,24,103
12/24/2015,PTK,MI,AGL,CE,Towers with Radar,3,7,15,0,25,0,1,40,0,41,3,8,55,0,66,40,0,40,106
12/25/2015,PTK,MI,AGL,CE,Towers with Radar,2,8,13,0,23,0,0,47,0,47,2,8,60,0,70,30,0,30,100
12/26/2015,PTK,MI,AGL,CE,Towers with Radar,4,16,81,0,101,0,0,105,0,105,4,16,186,0,206,120,0,120,326
12/27/2015,PTK,MI,AGL,CE,Towers with Radar,2,10,49,0,61,0,0,5,0,5,2,10,54,0,66,36,0,36,102
12/28/2015,PTK,MI,AGL,CE,Towers with Radar,2,10,23,0,35,0,0,12,0,12,2,10,35,0,47,24,0,24,71
12/29/2015,PTK,MI,AGL,CE,Towers with Radar,0,11,31,0,42,0,0,46,0,46,0,11,77,0,88,138,0,138,226
12/30/2015,PTK,MI,AGL,CE,Towers with Radar,0,17,58,0,75,0,0,66,0,66,0,17,124,0,141,164,0,164,305
12/31/2015,PTK,MI,AGL,CE,Towers with Radar,2,7,23,0,32,0,0,28,0,28,2,7,51,0,60,102,0,102,162
01/01/2016,PTK,MI,AGL,CE,Towers with Radar,0,10,27,0,37,0,0,4,0,4,0,10,31,0,41,12,0,12,53
01/02/2016,PTK,MI,AGL,CE,Towers with Radar,0,12,70,0,82,1,1,157,0,159,1,13,227,0,241,252,0,252,493
01/03/2016,PTK,MI,AGL,CE,Towers with Radar,0,30,70,0,100,0,0,120,0,120,0,30,190,0,220,140,0,140,360
01/04/2016,PTK,MI,AGL,CE,Towers with Radar,2,14,44,0,60,0,0,28,1,29,2,14,72,1,89,38,0,38,127
01/05/2016,PTK,MI,AGL,CE,Towers with Radar,0,19,40,0,59,0,4,126,1,131,0,23,166,1,190,169,0,169,359
01/06/2016,PTK,MI,AGL,CE,Towers with Radar,2,20,66,0,88,1,2,148,1,152,3,22,214,1,240,144,0,144,384
01/07/2016,PTK,MI,AGL,CE,Towers with Radar,1,17,70,0,88,1,5,135,2,143,2,22,205,2,231,182,0,182,413
01/08/2016,PTK,MI,AGL,CE,Towers with Radar,0,25,46,0,71,2,0,36,0,38,2,25,82,0,109,88,0,88,197
01/09/2016,PTK,MI,AGL,CE,Towers with Radar,2,9,41,0,52,0,0,38,0,38,2,9,79,0,90,66,0,66,156
01/10/2016,PTK,MI,AGL,CE,Towers with Radar,0,15,41,0,56,0,0,0,0,0,0,15,41,0,56,0,0,0,56
01/11/2016,PTK,MI,AGL,CE,Towers with Radar,0,25,60,0,85,0,1,44,0,45,0,26,104,0,130,24,0,24,154
01/12/2016,PTK,MI,AGL,CE,Towers with Radar,2,36,47,0,85,0,0,2,0,2,2,36,49,0,87,2,0,2,89
01/13/2016,PTK,MI,AGL,CE,Towers with Radar,2,15,92,0,109,0,0,42,0,42,2,15,134,0,151,44,0,44,195
01/14/2016,PTK,MI,AGL,CE,Towers with Radar,1,18,66,0,85,0,1,31,0,32,1,19,97,0,117,42,0,42,159
01/15/2016,PTK,MI,AGL,CE,Towers with Radar,2,19,58,0,79,0,0,33,0,33,2,19,91,0,112,16,0,16,128
01/16/2016,PTK,MI,AGL,CE,Towers with Radar,0,12,36,0,48,0,2,98,0,100,0,14,134,0,148,174,0,174,322
01/17/2016,PTK,MI,AGL,CE,Towers with Radar,4,7,38,0,49,0,0,37,0,37,4,7,75,0,86,94,0,94,180
01/18/2016,PTK,MI,AGL,CE,Towers with Radar,3,17,73,0,93,0,3,65,0,68,3,20,138,0,161,78,0,78,239
01/19/2016,PTK,MI,AGL,CE,Towers with Radar,0,20,76,0,96,0,2,112,2,116,0,22,188,2,212,192,0,192,404
01/20/2016,PTK,MI,AGL,CE,Towers with Radar,0,24,64,0,88,0,0,0,0,0,0,24,64,0,88,0,0,0,88
01/21/2016,PTK,MI,AGL,CE,Towers with Radar,0,23,64,0,87,0,12,31,0,43,0,35,95,0,130,118,0,118,248
01/22/2016,PTK,MI,AGL,CE,Towers with Radar,1,33,47,0,81,0,4,57,1,62,1,37,104,1,143,156,0,156,299
01/23/2016,PTK,MI,AGL,CE,Towers with Radar,2,6,50,0,58,0,7,161,1,169,2,13,211,1,227,225,0,225,452
01/24/2016,PTK,MI,AGL,CE,Towers with Radar,0,11,50,0,61,0,9,199,0,208,0,20,249,0,269,220,0,220,489
01/25/2016,PTK,MI,AGL,CE,Towers with Radar,0,20,60,0,80,0,5,90,0,95,0,25,150,0,175,52,0,52,227
01/26/2016,PTK,MI,AGL,CE,Towers with Radar,0,9,46,0,55,0,1,6,0,7,0,10,52,0,62,0,0,0,62
01/27/2016,PTK,MI,AGL,CE,Towers with Radar,2,20,82,0,104,0,2,69,2,73,2,22,151,2,177,100,0,100,277
01/28/2016,PTK,MI,AGL,CE,Towers with Radar,2,22,78,0,102,0,1,40,0,41,2,23,118,0,143,60,0,60,203
01/29/2016,PTK,MI,AGL,CE,Towers with Radar,3,23,71,0,97,1,2,128,0,131,4,25,199,0,228,196,0,196,424
01/30/2016,PTK,MI,AGL,CE,Towers with Radar,0,13,43,0,56,0,0,190,0,190,0,13,233,0,246,290,0,290,536
01/31/2016,PTK,MI,AGL,CE,Towers with Radar,1,9,44,0,54,0,0,60,0,60,1,9,104,0,114,136,0,136,250
02/01/2016,PTK,MI,AGL,CE,Towers with Radar,0,22,63,0,85,0,2,113,0,115,0,24,176,0,200,124,0,124,324
02/02/2016,PTK,MI,AGL,CE,Towers with Radar,0,15,38,0,53,0,4,39,0,43,0,19,77,0,96,62,0,62,158
02/03/2016,PTK,MI,AGL,CE,Towers with Radar,2,17,62,0,81,0,1,17,0,18,2,18,79,0,99,14,0,14,113
02/04/2016,PTK,MI,AGL,CE,Towers with Radar,2,21,72,0,95,0,0,70,0,70,2,21,142,0,165,100,0,100,265
02/05/2016,PTK,MI,AGL,CE,Towers with Radar,2,30,55,0,87,0,2,119,0,121,2,32,174,0,208,152,0,152,360
02/06/2016,PTK,MI,AGL,CE,Towers with Radar,0,9,51,0,60,0,4,232,0,236,0,13,283,0,296,278,0,278,574
02/07/2016,PTK,MI,AGL,CE,Towers with Radar,1,15,70,0,86,0,0,108,0,108,1,15,178,0,194,150,0,150,344
02/08/2016,PTK,MI,AGL,CE,Towers with Radar,2,11,74,2,89,0,2,77,0,79,2,13,151,2,168,100,0,100,268
02/09/2016,PTK,MI,AGL,CE,Towers with Radar,1,20,56,0,77,0,0,0,0,0,1,20,56,0,77,0,0,0,77
02/10/2016,PTK,MI,AGL,CE,Towers with Radar,2,17,105,1,125,0,0,10,0,10,2,17,115,1,135,52,0,52,187
02/11/2016,PTK,MI,AGL,CE,Towers with Radar,2,21,100,0,123,0,4,116,0,120,2,25,216,0,243,97,0,97,340
02/12/2016,PTK,MI,AGL,CE,Towers with Radar,2,25,94,0,121,1,1,35,1,38,3,26,129,1,159,68,0,68,227
02/13/2016,PTK,MI,AGL,CE,Towers with Radar,0,10,36,0,46,6,1,101,0,108,6,11,137,0,154,152,0,152,306
02/14/2016,PTK,MI,AGL,CE,Towers with Radar,2,10,34,0,46,1,4,126,0,131,3,14,160,0,177,94,0,94,271
02/15/2016,PTK,MI,AGL,CE,Towers with Radar,2,14,59,0,75,0,0,5,0,5,2,14,64,0,80,2,0,2,82
02/16/2016,PTK,MI,AGL,CE,Towers with Radar,2,35,43,0,80,0,2,91,0,93,2,37,134,0,173,106,0,106,279
02/17/2016,PTK,MI,AGL,CE,Towers with Radar,2,22,56,0,80,0,8,103,1,112,2,30,159,1,192,112,0,112,304
02/18/2016,PTK,MI,AGL,CE,Towers with Radar,2,23,86,0,111,0,3,99,0,102,2,26,185,0,213,156,0,156,369
02/19/2016,PTK,MI,AGL,CE,Towers with Radar,0,21,50,0,71,0,0,14,0,14,0,21,64,0,85,2,0,2,87
02/20/2016,PTK,MI,AGL,CE,Towers with Radar,2,12,44,0,58,0,2,140,0,142,2,14,184,0,200,150,0,150,350
02/21/2016,PTK,MI,AGL,CE,Towers with Radar,1,14,84,0,99,0,1,102,0,103,1,15,186,0,202,200,0,200,402
02/22/2016,PTK,MI,AGL,CE,Towers with Radar,0,14,74,2,90,0,0,114,3,117,0,14,188,5,207,90,0,90,297
02/23/2016,PTK,MI,AGL,CE,Towers with Radar,4,21,69,0,94,1,11,136,1,149,5,32,205,1,243,228,0,228,471
02/24/2016,PTK,MI,AGL,CE,Towers with Radar,1,21,43,0,65,0,0,0,0,0,1,21,43,0,65,0,0,0,65
02/25/2016,PTK,MI,AGL,CE,Towers with Radar,2,15,43,2,62,0,1,3,0,4,2,16,46,2,66,0,0,0,66
02/26/2016,PTK,MI,AGL,CE,Towers with Radar,1,14,51,0,66,0,3,91,1,95,1,17,142,1,161,106,0,106,267
02/27/2016,PTK,MI,AGL,CE,Towers with Radar,4,6,35,0,45,0,0,112,0,112,4,6,147,0,157,124,0,124,281
02/28/2016,PTK,MI,AGL,CE,Towers with Radar,2,9,45,0,56,0,0,70,0,70,2,9,115,0,126,82,0,82,208
02/29/2016,PTK,MI,AGL,CE,Towers with Radar,1,25,53,0,79,0,1,36,0,37,1,26,89,0,116,18,0,18,134
03/01/2016,PTK,MI,AGL,CE,Towers with Radar,0,10,51,0,61,0,0,7,0,7,0,10,58,0,68,0,0,0,68
03/02/2016,PTK,MI,AGL,CE,Towers with Radar,6,15,62,0,83,0,5,80,3,88,6,20,142,3,171,230,0,230,401
03/03/2016,PTK,MI,AGL,CE,Towers with Radar,0,25,77,0,102,0,2,56,2,60,0,27,133,2,162,54,0,54,216
03/04/2016,PTK,MI,AGL,CE,Towers with Radar,0,12,61,0,73,0,2,139,0,141,0,14,200,0,214,230,0,230,444
03/05/2016,PTK,MI,AGL,CE,Towers with Radar,0,12,36,0,48,0,0,0,0,0,0,12,36,0,48,0,0,0,48
03/06/2016,PTK,MI,AGL,CE,Towers with Radar,2,11,64,0,77,0,1,117,2,120,2,12,181,2,197,204,0,204,401
03/07/2016,PTK,MI,AGL,CE,Towers with Radar,0,20,31,0,51,2,12,104,0,118,2,32,135,0,169,146,0,146,315
03/08/2016,PTK,MI,AGL,CE,Towers with Radar,0,15,88,0,103,0,2,101,0,103,0,17,189,0,206,156,0,156,362
03/09/2016,PTK,MI,AGL,CE,Towers with Radar,0,18,54,0,72,0,2,70,0,72,0,20,124,0,144,100,0,100,244
03/10/2016,PTK,MI,AGL,CE,Towers with Radar,1,33,79,0,113,0,0,12,0,12,1,33,91,0,125,12,0,12,137
03/11/2016,PTK,MI,AGL,CE,Towers with Radar,5,20,68,0,93,4,1,176,1,182,9,21,244,1,275,210,0,210,485
03/12/2016,PTK,MI,AGL,CE,Towers with Radar,1,13,38,0,52,3,2,238,0,243,4,15,276,0,295,306,0,306,601
03/13/2016,PTK,MI,AGL,CE,Towers with Radar,3,8,64,0,75,1,0,40,0,41,4,8,104,0,116,58,0,58,174
03/14/2016,PTK,MI,AGL,CE,Towers with Radar,2,23,72,0,97,0,0,8,0,8,2,23,80,0,105,40,0,40,145
03/15/2016,PTK,MI,AGL,CE,Towers with Radar,10,19,73,0,102,0,1,71,0,72,10,20,144,0,174,202,0,202,376
03/16/2016,PTK,MI,AGL,CE,Towers with Radar,3,21,91,0,115,4,3,8,0,15,7,24,99,0,130,0,0,0,130
03/17/2016,PTK,MI,AGL,CE,Towers with Radar,7,23,66,0,96,2,6,37,0,45,9,29,103,0,141,32,0,32,173
03/18/2016,PTK,MI,AGL,CE,Towers with Radar,4,24,60,0,88,9,1,122,1,133,13,25,182,1,221,206,0,206,427
03/19/2016,PTK,MI,AGL,CE,Towers with Radar,5,13,43,0,61,1,5,227,2,235,6,18,270,2,296,174,0,174,470
03/20/2016,PTK,MI,AGL,CE,Towers with Radar,1,8,45,2,56,6,25,162,6,199,7,33,207,8,255,234,0,234,489
03/21/2016,PTK,MI,AGL,CE,Towers with Radar,2,25,56,0,83,3,3,119,0,125,5,28,175,0,208,104,0,104,312
03/22/2016,PTK,MI,AGL,CE,Towers with Radar,1,28,76,0,105,3,6,97,1,107,4,34,173,1,212,104,0,104,316
03/23/2016,PTK,MI,AGL,CE,Towers with Radar,6,25,82,0,113,0,0,47,0,47,6,25,129,0,160,130,0,130,290
03/24/2016,PTK,MI,AGL,CE,Towers with Radar,1,21,50,0,72,0,0,3,0,3,1,21,53,0,75,0,0,0,75
03/25/2016,PTK,MI,AGL,CE,Towers with Radar,4,23,64,0,91,1,6,144,0,151,5,29,208,0,242,174,0,174,416
03/26/2016,PTK,MI,AGL,CE,Towers with Radar,1,14,59,0,74,0,1,246,0,247,1,15,305,0,321,304,0,304,625
03/27/2016,PTK,MI,AGL,CE,Towers with Radar,0,15,37,0,52,0,2,119,0,121,0,17,156,0,173,126,0,126,299
03/28/2016,PTK,MI,AGL,CE,Towers with Radar,0,16,51,0,67,0,0,26,0,26,0,16,77,0,93,30,0,30,123
03/29/2016,PTK,MI,AGL,CE,Towers with Radar,3,17,67,2,89,0,5,167,0,172,3,22,234,2,261,188,0,188,449
03/30/2016,PTK,MI,AGL,CE,Towers with Radar,2,22,53,0,77,0,2,107,2,111,2,24,160,2,188,140,0,140,328
03/31/2016,PTK,MI,AGL,CE,Towers with Radar,1,18,58,0,77,0,2,5,0,7,1,20,63,0,84,0,0,0,84
04/01/2016,PTK,MI,AGL,CE,Towers with Radar,0,21,42,0,63,0,2,110,0,112,0,23,152,0,175,88,0,88,263
04/02/2016,PTK,MI,AGL,CE,Towers with Radar,0,18,50,0,68,0,0,57,0,57,0,18,107,0,125,108,0,108,233
04/03/2016,PTK,MI,AGL,CE,Towers with Radar,1,21,49,0,71,0,3,135,2,140,1,24,184,2,211,184,0,184,395
04/04/2016,PTK,MI,AGL,CE,Towers with Radar,1,18,40,0,59,0,3,57,0,60,1,21,97,0,119,30,0,30,149
04/05/2016,PTK,MI,AGL,CE,Towers with Radar,2,21,81,0,104,0,6,210,0,216,2,27,291,0,320,174,0,174,494
04/06/2016,PTK,MI,AGL,CE,Towers with Radar,1,21,61,0,83,0,1,35,0,36,1,22,96,0,119,58,0,58,177
04/07/2016,PTK,MI,AGL,CE,Towers with Radar,3,21,61,0,85,0,3,18,0,21,3,24,79,0,106,110,0,110,216
04/08/2016,PTK,MI,AGL,CE,Towers with Radar,3,22,56,0,81,0,5,98,0,103,3,27,154,0,184,106,0,106,290
04/09/2016,PTK,MI,AGL,CE,Towers with Radar,1,14,68,0,83,0,1,85,0,86,1,15,153,0,169,66,0,66,235
04/10/2016,PTK,MI,AGL,CE,Towers with Radar,2,22,64,0,88,0,0,14,0,14,2,22,78,0,102,2,0,2,104
04/11/2016,PTK,MI,AGL,CE,Towers with Radar,1,19,61,2,83,0,4,61,0,65,1,23,122,2,148,30,0,30,178
04/12/2016,PTK,MI,AGL,CE,Towers with Radar,2,25,61,0,88,0,4,161,1,166,2,29,222,1,254,166,0,166,420
04/13/2016,PTK,MI,AGL,CE,Towers with Radar,2,20,90,1,113,0,4,171,0,175,2,24,261,1,288,248,0,248,536
04/14/2016,PTK,MI,AGL,CE,Towers with Radar,0,24,77,0,101,2,1,196,2,201,2,25,273,2,302,226,0,226,528
04/15/2016,PTK,MI,AGL,CE,Towers with Radar,0,25,71,0,96,0,11,231,0,242,0,36,302,0,338,242,0,242,580
04/16/2016,PTK,MI,AGL,CE,Towers with Radar,1,10,65,0,76,0,0,259,0,259,1,10,324,0,335,244,0,244,579
04/17/2016,PTK,MI,AGL,CE,Towers with Radar,0,11,58,0,69,0,1,259,0,260,0,12,317,0,329,296,0,296,625
04/18/2016,PTK,MI,AGL,CE,Towers with Radar,0,17,83,0,100,0,7,147,0,154,0,24,230,0,254,170,0,170,424
04/19/2016,PTK,MI,AGL,CE,Towers with Radar,3,24,76,0,103,0,5,180,4,189,3,29,256,4,292,136,0,136,428
04/20/2016,PTK,MI,AGL,CE,Towers with Radar,1,22,91,0,114,0,10,163,0,173,1,32,254,0,287,274,0,274,561
04/21/2016,PTK,MI,AGL,CE,Towers with Radar,7,19,113,0,139,0,0,29,0,29,7,19,142,0,168,54,0,54,222
04/22/2016,PTK,MI,AGL,CE,Towers with Radar,2,16,95,0,113,0,2,58,0,60,2,18,153,0,173,52,0,52,225
04/23/2016,PTK,MI,AGL,CE,Towers with Radar,1,13,54,0,68,0,4,307,0,311,1,17,361,0,379,164,0,164,543
04/24/2016,PTK,MI,AGL,CE,Towers with Radar,3,15,74,0,92,8,0,184,0,192,11,15,258,0,284,186,0,186,470
04/25/2016,PTK,MI,AGL,CE,Towers with Radar,0,26,89,0,115,0,7,87,4,98,0,33,176,4,213,67,0,67,280
04/26/2016,PTK,MI,AGL,CE,Towers with Radar,1,26,78,0,105,0,1,34,0,35,1,27,112,0,140,68,0,68,208
04/27/2016,PTK,MI,AGL,CE,Towers with Radar,0,24,92,0,116,0,6,173,0,179,0,30,265,0,295,220,0,220,515
04/28/2016,PTK,MI,AGL,CE,Towers with Radar,0,20,60,0,80,0,7,67,0,74,0,27,127,0,154,90,0,90,244
04/29/2016,PTK,MI,AGL,CE,Towers with Radar,1,22,73,0,96,0,2,133,1,136,1,24,206,1,232,122,0,122,354
04/30/2016,PTK,MI,AGL,CE,Towers with Radar,1,15,67,0,83,0,2,213,2,217,1,17,280,2,300,242,0,242,542
05/01/2016,PTK,MI,AGL,CE,Towers with Radar,0,13,63,0,76,0,0,2,0,2,0,13,65,0,78,0,0,0,78
05/02/2016,PTK,MI,AGL,CE,Towers with Radar,0,13,64,0,77,0,4,70,1,75,0,17,134,1,152,62,0,62,214
05/03/2016,PTK,MI,AGL,CE,Towers with Radar,2,16,85,0,103,0,7,177,0,184,2,23,262,0,287,179,0,179,466
05/04/2016,PTK,MI,AGL,CE,Towers with Radar,3,20,114,0,137,0,2,17,0,19,3,22,131,0,156,64,0,64,220
05/05/2016,PTK,MI,AGL,CE,Towers with Radar,0,17,84,3,104,0,8,165,0,173,0,25,249,3,277,206,0,206,483
05/06/2016,PTK,MI,AGL,CE,Towers with Radar,0,29,67,0,96,0,5,301,0,306,0,34,368,0,402,262,0,262,664
05/07/2016,PTK,MI,AGL,CE,Towers with Radar,0,10,43,0,53,1,3,191,0,195,1,13,234,0,248,212,0,212,460
05/08/2016,PTK,MI,AGL,CE,Towers with Radar,0,24,49,0,73,0,3,179,3,185,0,27,228,3,258,104,0,104,362
05/09/2016,PTK,MI,AGL,CE,Towers with Radar,4,16,74,0,94,0,3,157,0,160,4,19,231,0,254,176,0,176,430
05/10/2016,PTK,MI,AGL,CE,Towers with Radar,0,22,65,0,87,0,3,62,0,65,0,25,127,0,152,98,0,98,250
05/11/2016,PTK,MI,AGL,CE,Towers with Radar,1,26,83,0,110,0,3,136,0,139,1,29,219,0,249,94,0,94,343
05/12/2016,PTK,MI,AGL,CE,Towers with Radar,0,23,74,0,97,0,3,55,0,58,0,26,129,0,155,82,0,82,237
05/13/2016,PTK,MI,AGL,CE,Towers with Radar,1,14,94,0,109,0,4,141,0,145,1,18,235,0,254,148,0,148,402
05/14/2016,PTK,MI,AGL,CE,Towers with Radar,1,17,47,0,65,0,1,68,0,69,1,18,115,0,134,54,0,54,188
05/15/2016,PTK,MI,AGL,CE,Towers with Radar,2,14,69,0,85,0,5,154,0,159,2,19,223,0,244,170,0,170,414
05/16/2016,PTK,MI,AGL,CE,Towers with Radar,3,26,77,0,106,0,4,125,0,129,3,30,202,0,235,78,0,78,313
05/17/2016,PTK,MI,AGL,CE,Towers with Radar,2,17,95,0,114,0,7,150,1,158,2,24,245,1,272,122,0,122,394
05/18/2016,PTK,MI,AGL,CE,Towers with Radar,1,29,90,1,121,0,8,203,0,211,1,37,293,1,332,158,0,158,490
05/19/2016,PTK,MI,AGL,CE,Towers with Radar,1,28,79,5,113,0,2,183,1,186,1,30,262,6,299,138,0,138,437
05/20/2016,PTK,MI,AGL,CE,Towers with Radar,0,24,59,2,85,0,16,198,2,216,0,40,257,4,301,312,0,312,613
05/21/2016,PTK,MI,AGL,CE,Towers with Radar,0,19,68,0,87,0,8,239,0,247,0,27,307,0,334,236,0,236,570
05/22/2016,PTK,MI,AGL,CE,Towers with Radar,1,30,68,0,99,0,1,150,0,151,1,31,218,0,250,97,0,97,347
05/23/2016,PTK,MI,AGL,CE,Towers with Radar,0,21,70,0,91,0,4,146,1,151,0,25,216,1,242,144,0,144,386
05/24/2016,PTK,MI,AGL,CE,Towers with Radar,0,25,83,0,108,0,5,163,0,168,0,30,246,0,276,80,0,80,356
05/25/2016,PTK,MI,AGL,CE,Towers with Radar,2,28,78,0,108,1,10,126,1,138,3,38,204,1,246,92,0,92,338
05/26/2016,PTK,MI,AGL,CE,Towers with Radar,2,24,89,0,115,0,11,124,5,140,2,35,213,5,255,90,0,90,345
05/27/2016,PTK,MI,AGL,CE,Towers with Radar,0,23,95,0,118,0,4,153,0,157,0,27,248,0,275,64,0,64,339
05/28/2016,PTK,MI,AGL,CE,Towers with Radar,0,10,38,0,48,0,0,156,0,156,0,10,194,0,204,128,0,128,332
05/29/2016,PTK,MI,AGL,CE,Towers with Radar,0,11,26,0,37,0,0,119,0,119,0,11,145,0,156,124,0,124,280
05/30/2016,PTK,MI,AGL,CE,Towers with Radar,0,14,87,0,101,0,4,160,4,168,0,18,247,4,269,106,0,106,375
05/31/2016,PTK,MI,AGL,CE,Towers with Radar,1,29,101,0,131,0,6,148,1,155,1,35,249,1,286,130,0,130,416
06/01/2016,PTK,MI,AGL,CE,Towers with Radar,4,26,107,0,137,0,3,157,0,160,4,29,264,0,297,220,0,220,517
06/02/2016,PTK,MI,AGL,CE,Towers with Radar,1,25,90,0,116,0,9,177,1,187,1,34,267,1,303,280,0,280,583
06/03/2016,PTK,MI,AGL,CE,Towers with Radar,0,22,82,0,104,0,7,202,0,209,0,29,284,0,313,208,0,208,521
06/04/2016,PTK,MI,AGL,CE,Towers with Radar,2,7,59,0,68,0,2,186,0,188,2,9,245,0,256,138,0,138,394
06/05/2016,PTK,MI,AGL,CE,Towers with Radar,0,10,59,0,69,0,1,54,0,55,0,11,113,0,124,74,0,74,198
06/06/2016,PTK,MI,AGL,CE,Towers with Radar,2,10,65,0,77,1,1,151,0,153,3,11,216,0,230,126,0,126,356
06/07/2016,PTK,MI,AGL,CE,Towers with Radar,3,27,84,0,114,0,5,226,2,233,3,32,310,2,347,186,0,186,533
06/08/2016,PTK,MI,AGL,CE,Towers with Radar,2,34,87,0,123,0,4,147,2,153,2,38,234,2,276,240,0,240,516
06/09/2016,PTK,MI,AGL,CE,Towers with Radar,0,26,96,0,122,0,3,172,0,175,0,29,268,0,297,230,0,230,527
06/10/2016,PTK,MI,AGL,CE,Towers with Radar,1,29,79,0,109,0,6,250,0,256,1,35,329,0,365,236,0,236,601
06/11/2016,PTK,MI,AGL,CE,Towers with Radar,2,13,65,0,80,0,2,212,0,214,2,15,277,0,294,182,0,182,476
06/12/2016,PTK,MI,AGL,CE,Towers with Radar,0,18,87,0,105,0,10,213,1,224,0,28,300,1,329,144,0,144,473
06/13/2016,PTK,MI,AGL,CE,Towers with Radar,2,28,82,0,112,0,3,190,0,193,2,31,272,0,305,232,0,232,537
06/14/2016,PTK,MI,AGL,CE,Towers with Radar,2,25,91,2,120,0,5,122,0,127,2,30,213,2,247,166,0,166,413
06/15/2016,PTK,MI,AGL,CE,Towers with Radar,1,22,78,0,101,0,1,109,0,110,1,23,187,0,211,186,0,186,397
06/16/2016,PTK,MI,AGL,CE,Towers with Radar,2,15,91,0,108,0,0,19,0,19,2,15,110,0,127,76,0,76,203
06/17/2016,PTK,MI,AGL,CE,Towers with Radar,1,33,100,0,134,0,1,303,0,304,1,34,403,0,438,214,0,214,652
06/18/2016,PTK,MI,AGL,CE,Towers with Radar,1,7,81,0,89,0,0,274,0,274,1,7,355,0,363,166,0,166,529
06/19/2016,PTK,MI,AGL,CE,Towers with Radar,0,22,64,0,86,0,2,202,0,204,0,24,266,0,290,70,0,70,360
06/20/2016,PTK,MI,AGL,CE,Towers with Radar,3,26,100,0,129,0,3,86,0,89,3,29,186,0,218,49,0,49,267
06/21/2016,PTK,MI,AGL,CE,Towers with Radar,2,19,90,0,111,0,7,186,1,194,2,26,276,1,305,146,0,146,451
06/22/2016,PTK,MI,AGL,CE,Towers with Radar,3,32,98,2,135,0,1,214,2,217,3,33,312,4,352,160,0,160,512
06/23/2016,PTK,MI,AGL,CE,Towers with Radar,9,24,92,0,125,0,6,167,0,173,9,30,259,0,298,152,0,152,450
06/24/2016,PTK,MI,AGL,CE,Towers with Radar,6,28,93,0,127,0,10,224,2,236,6,38,317,2,363,214,0,214,577
06/25/2016,PTK,MI,AGL,CE,Towers with Radar,5,12,55,0,72,1,6,234,0,241,6,18,289,0,313,122,0,122,435
06/26/2016,PTK,MI,AGL,CE,Towers with Radar,1,19,89,0,109,0,4,99,0,103,1,23,188,0,212,130,0,130,342
06/27/2016,PTK,MI,AGL,CE,Towers with Radar,3,21,83,2,109,0,6,144,0,150,3,27,227,2,259,132,0,132,391
06/28/2016,PTK,MI,AGL,CE,Towers with Radar,0,11,92,0,103,1,1,132,1,135,1,12,224,1,238,92,0,92,330
06/29/2016,PTK,MI,AGL,CE,Towers with Radar,3,39,87,0,129,0,13,200,0,213,3,52,287,0,342,206,0,206,548
06/30/2016,PTK,MI,AGL,CE,Towers with Radar,2,38,114,0,154,0,3,178,2,183,2,41,292,2,337,192,0,192,529
07/01/2016,PTK,MI,AGL,CE,Towers with Radar,4,34,104,0,142,0,6,114,0,120,4,40,218,0,262,124,0,124,386
07/02/2016,PTK,MI,AGL,CE,Towers with Radar,2,3,36,0,41,0,5,157,0,162,2,8,193,0,203,148,0,148,351
07/03/2016,PTK,MI,AGL,CE,Towers with Radar,1,8,41,0,50,0,1,166,0,167,1,9,207,0,217,196,0,196,413
07/04/2016,PTK,MI,AGL,CE,Towers with Radar,1,10,42,0,53,0,2,94,2,98,1,12,136,2,151,64,0,64,215
07/05/2016,PTK,MI,AGL,CE,Towers with Radar,5,36,83,0,124,0,2,109,0,111,5,38,192,0,235,186,0,186,421
07/06/2016,PTK,MI,AGL,CE,Towers with Radar,1,16,59,0,76,0,4,111,0,115,1,20,170,0,191,268,0,268,459
07/07/2016,PTK,MI,AGL,CE,Towers with Radar,4,19,80,0,103,0,5,121,0,126,4,24,201,0,229,226,0,226,455
07/08/2016,PTK,MI,AGL,CE,Towers with Radar,1,12,66,0,79,1,0,86,0,87,2,12,152,0,166,158,0,158,324
07/09/2016,PTK,MI,AGL,CE,Towers with Radar,0,9,78,0,87,0,2,165,0,167,0,11,243,0,254,186,0,186,440
07/10/2016,PTK,MI,AGL,CE,Towers with Radar,0,13,84,0,97,0,2,225,0,227,0,15,309,0,324,128,0,128,452
07/11/2016,PTK,MI,AGL,CE,Towers with Radar,3,21,82,0,106,3,3,142,0,148,6,24,224,0,254,110,0,110,364
07/12/2016,PTK,MI,AGL,CE,Towers with Radar,2,21,83,0,106,0,9,142,2,153,2,30,225,2,259,104,0,104,363
07/13/2016,PTK,MI,AGL,CE,Towers with Radar,2,26,93,0,121,0,2,68,2,72,2,28,161,2,193,98,0,98,291
07/14/2016,PTK,MI,AGL,CE,Towers with Radar,5,20,102,1,128,0,7,122,3,132,5,27,224,4,260,152,0,152,412
07/15/2016,PTK,MI,AGL,CE,Towers with Radar,3,20,108,1,132,0,4,172,0,176,3,24,280,1,308,198,0,198,506
07/16/2016,PTK,MI,AGL,CE,Towers with Radar,1,13,69,0,83,0,3,209,2,214,1,16,278,2,297,222,0,222,519
07/17/2016,PTK,MI,AGL,CE,Towers with Radar,2,13,87,0,102,0,5,133,0,138,2,18,220,0,240,178,0,178,418
07/18/2016,PTK,MI,AGL,CE,Towers with Radar,0,18,81,0,99,0,6,118,0,124,0,24,199,0,223,88,0,88,311
07/19/2016,PTK,MI,AGL,CE,Towers with Radar,0,34,90,0,124,0,0,199,0,199,0,34,289,0,323,138,0,138,461
07/20/2016,PTK,MI,AGL,CE,Towers with Radar,0,24,97,0,121,0,6,185,0,191,0,30,282,0,312,166,0,166,478
07/21/2016,PTK,MI,AGL,CE,Towers with Radar,3,31,81,0,115,0,2,112,0,114,3,33,193,0,229,122,0,122,351
07/22/2016,PTK,MI,AGL,CE,Towers with Radar,1,31,88,0,120,0,3,157,0,160,1,34,245,0,280,110,0,110,390
07/23/2016,PTK,MI,AGL,CE,Towers with Radar,0,19,60,0,79,0,3,198,0,201,0,22,258,0,280,158,0,158,438
07/24/2016,PTK,MI,AGL,CE,Towers with Radar,1,16,73,0,90,0,2,40,0,42,1,18,113,0,132,34,0,34,166
07/25/2016,PTK,MI,AGL,CE,Towers with Radar,2,25,81,0,108,0,2,188,0,190,2,27,269,0,298,136,0,136,434
07/26/2016,PTK,MI,AGL,CE,Towers with Radar,2,29,81,0,112,0,5,180,0,185,2,34,261,0,297,256,0,256,553
07/27/2016,PTK,MI,AGL,CE,Towers with Radar,1,27,69,0,97,0,2,141,0,143,1,29,210,0,240,246,0,246,486
07/28/2016,PTK,MI,AGL,CE,Towers with Radar,7,32,106,0,145,0,4,124,0,128,7,36,230,0,273,94,0,94,367
07/29/2016,PTK,MI,AGL,CE,Towers with Radar,2,25,68,0,95,0,4,123,0,127,2,29,191,0,222,112,0,112,334
07/30/2016,PTK,MI,AGL,CE,Towers with Radar,2,5,59,0,66,0,0,61,0,61,2,5,120,0,127,72,0,72,199
07/31/2016,PTK,MI,AGL,CE,Towers with Radar,3,21,80,0,104,0,3,165,0,168,3,24,245,0,272,152,0,152,424
08/01/2016,PTK,MI,AGL,CE,Towers with Radar,2,20,85,0,107,0,0,130,0,130,2,20,215,0,237,208,0,208,445
08/02/2016,PTK,MI,AGL,CE,Towers with Radar,1,22,76,0,99,0,1,187,1,189,1,23,263,1,288,90,0,90,378
08/03/2016,PTK,MI,AGL,CE,Towers with Radar,2,25,65,0,92,0,4,186,0,190,2,29,251,0,282,210,0,210,492
08/04/2016,PTK,MI,AGL,CE,Towers with Radar,2,31,81,1,115,0,4,167,2,173,2,35,248,3,288,246,0,246,534
08/05/2016,PTK,MI,AGL,CE,Towers with Radar,2,36,82,0,120,0,6,121,0,127,2,42,203,0,247,132,0,132,379
08/06/2016,PTK,MI,AGL,CE,Towers with Radar,0,8,38,0,46,0,0,182,0,182,0,8,220,0,228,134,0,134,362
08/07/2016,PTK,MI,AGL,CE,Towers with Radar,1,12,70,0,83,0,0,167,0,167,1,12,237,0,250,60,0,60,310
08/08/2016,PTK,MI,AGL,CE,Towers with Radar,0,27,78,0,105,0,0,131,0,131,0,27,209,0,236,114,0,114,350
08/09/2016,PTK,MI,AGL,CE,Towers with Radar,2,36,94,0,132,0,0,125,0,125,2,36,219,0,257,132,0,132,389
08/10/2016,PTK,MI,AGL,CE,Towers with Radar,1,36,94,0,131,0,1,102,0,103,1,37,196,0,234,68,0,68,302
08/11/2016,PTK,MI,AGL,CE,Towers with Radar,0,25,106,0,131,0,2,81,0,83,0,27,187,0,214,124,0,124,338
08/12/2016,PTK,MI,AGL,CE,Towers with Radar,0,32,58,0,90,0,1,42,0,43,0,33,100,0,133,40,0,40,173
08/13/2016,PTK,MI,AGL,CE,Towers with Radar,1,15,62,0,78,0,4,30,0,34,1,19,92,0,112,20,0,20,132
08/14/2016,PTK,MI,AGL,CE,Towers with Radar,2,9,79,0,90,0,0,158,0,158,2,9,237,0,248,156,0,156,404
08/15/2016,PTK,MI,AGL,CE,Towers with Radar,0,22,88,0,110,0,3,154,0,157,0,25,242,0,267,108,0,108,375
08/16/2016,PTK,MI,AGL,CE,Towers with Radar,1,21,92,0,114,0,0,70,0,70,1,21,162,0,184,34,0,34,218
08/17/2016,PTK,MI,AGL,CE,Towers with Radar,2,26,104,0,132,0,0,203,0,203,2,26,307,0,335,220,0,220,555
08/18/2016,PTK,MI,AGL,CE,Towers with Radar,3,28,86,0,117,0,9,159,0,168,3,37,245,0,285,252,0,252,537
08/19/2016,PTK,MI,AGL,CE,Towers with Radar,0,28,94,0,122,0,13,157,0,170,0,41,251,0,292,113,0,113,405
08/20/2016,PTK,MI,AGL,CE,Towers with Radar,0,17,45,0,62,0,13,94,2,109,0,30,139,2,171,53,0,53,224
08/21/2016,PTK,MI,AGL,CE,Towers with Radar,0,16,83,0,99,0,0,130,0,130,0,16,213,0,229,110,0,110,339
08/22/2016,PTK,MI,AGL,CE,Towers with Radar,0,29,94,0,123,7,2,158,0,167,7,31,252,0,290,188,0,188,478
08/23/2016,PTK,MI,AGL,CE,Towers with Radar,3,19,81,0,103,1,7,181,0,189,4,26,262,0,292,162,0,162,454
08/24/2016,PTK,MI,AGL,CE,Towers with Radar,2,25,83,0,110,0,1,96,0,97,2,26,179,0,207,90,0,90,297
08/25/2016,PTK,MI,AGL,CE,Towers with Radar,1,24,87,0,112,0,1,66,0,67,1,25,153,0,179,128,0,128,307
08/26/2016,PTK,MI,AGL,CE,Towers with Radar,1,24,105,0,130,0,6,253,0,259,1,30,358,0,389,175,0,175,564
08/27/2016,PTK,MI,AGL,CE,Towers with Radar,1,6,49,0,56,0,2,140,0,142,1,8,189,0,198,132,0,132,330
08/28/2016,PTK,MI,AGL,CE,Towers with Radar,2,11,63,0,76,0,0,488,2,490,2,11,551,2,566,224,0,224,790
08/29/2016,PTK,MI,AGL,CE,Towers with Radar,1,27,78,0,106,0,7,173,0,180,1,34,251,0,286,174,0,174,460
08/30/2016,PTK,MI,AGL,CE,Towers with Radar,2,28,89,0,119,0,4,109,0,113,2,32,198,0,232,178,0,178,410
08/31/2016,PTK,MI,AGL,CE,Towers with Radar,2,32,87,2,123,0,5,62,1,68,2,37,149,3,191,106,0,106,297
09/01/2016,PTK,MI,AGL,CE,Towers with Radar,1,36,87,0,124,0,6,101,0,107,1,42,188,0,231,75,0,75,306
09/02/2016,PTK,MI,AGL,CE,Towers with Radar,1,35,97,0,133,0,0,140,0,140,1,35,237,0,273,147,0,147,420
09/03/2016,PTK,MI,AGL,CE,Towers with Radar,0,12,38,0,50,0,4,187,0,191,0,16,225,0,241,127,0,127,368
09/04/2016,PTK,MI,AGL,CE,Towers with Radar,0,9,47,0,56,0,1,151,0,152,0,10,198,0,208,134,0,134,342
09/05/2016,PTK,MI,AGL,CE,Towers with Radar,0,10,67,0,77,0,3,128,0,131,0,13,195,0,208,63,0,63,271
09/06/2016,PTK,MI,AGL,CE,Towers with Radar,0,24,74,0,98,1,4,122,0,127,1,28,196,0,225,89,0,89,314
09/07/2016,PTK,MI,AGL,CE,Towers with Radar,1,24,88,0,113,0,0,135,3,138,1,24,223,3,251,167,0,167,418
09/08/2016,PTK,MI,AGL,CE,Towers with Radar,0,35,96,1,132,0,2,56,0,58,0,37,152,1,190,230,0,230,420
09/09/2016,PTK,MI,AGL,CE,Towers with Radar,1,41,100,0,142,0,4,101,0,105,1,45,201,0,247,151,0,151,398
09/10/2016,PTK,MI,AGL,CE,Towers with Radar,4,9,49,0,62,0,0,7,0,7,4,9,56,0,69,4,0,4,73
09/11/2016,PTK,MI,AGL,CE,Towers with Radar,2,20,71,2,95,0,4,188,0,192,2,24,259,2,287,209,0,209,496
09/12/2016,PTK,MI,AGL,CE,Towers with Radar,0,30,96,2,128,1,2,117,1,121,1,32,213,3,249,154,0,154,403
09/13/2016,PTK,MI,AGL,CE,Towers with Radar,5,31,81,0,117,1,6,114,0,121,6,37,195,0,238,211,0,211,449
09/14/2016,PTK,MI,AGL,CE,Towers with Radar,3,39,82,0,124,0,2,113,0,115,3,41,195,0,239,104,0,104,343
09/15/2016,PTK,MI,AGL,CE,Towers with Radar,2,26,112,0,140,2,5,138,0,145,4,31,250,0,285,277,0,277,562
09/16/2016,PTK,MI,AGL,CE,Towers with Radar,1,32,107,0,140,1,3,162,0,166,2,35,269,0,306,200,0,200,506
09/17/2016,PTK,MI,AGL,CE,Towers with Radar,0,10,72,4,86,7,5,18,0,30,7,15,90,4,116,67,0,67,183
09/18/2016,PTK,MI,AGL,CE,Towers with Radar,0,19,83,0,102,2,0,146,0,148,2,19,229,0,250,117,0,117,367
09/19/2016,PTK,MI,AGL,CE,Towers with Radar,1,31,85,0,117,3,10,89,0,102,4,41,174,0,219,92,0,92,311
09/20/2016,PTK,MI,AGL,CE,Towers with Radar,3,37,77,0,117,2,3,125,0,130,5,40,202,0,247,209,0,209,456
09/21/2016,PTK,MI,AGL,CE,Towers with Radar,1,35,91,0,127,4,7,113,0,124,5,42,204,0,251,226,0,226,477
09/22/2016,PTK,MI,AGL,CE,Towers with Radar,4,40,98,0,142,1,10,110,1,122,5,50,208,1,264,260,0,260,524
09/23/2016,PTK,MI,AGL,CE,Towers with Radar,5,40,108,0,153,0,3,33,0,36,5,43,141,0,189,133,0,133,322
09/24/2016,PTK,MI,AGL,CE,Towers with Radar,1,12,47,0,60,0,1,146,0,147,1,13,193,0,207,145,0,145,352
09/25/2016,PTK,MI,AGL,CE,Towers with Radar,2,13,61,0,76,0,4,169,0,173,2,17,230,0,249,194,0,194,443
09/26/2016,PTK,MI,AGL,CE,Towers with Radar,5,19,74,0,98,1,1,58,0,60,6,20,132,0,158,33,0,33,191
09/27/2016,PTK,MI,AGL,CE,Towers with Radar,2,34,102,0,138,0,3,115,0,118,2,37,217,0,256,95,0,95,351
09/28/2016,PTK,MI,AGL,CE,Towers with Radar,1,42,84,0,127,0,6,66,0,72,1,48,150,0,199,249,0,249,448
09/29/2016,PTK,MI,AGL,CE,Towers with Radar,2,34,87,0,123,0,4,14,0,18,2,38,101,0,141,9,0,9,150
09/30/2016,PTK,MI,AGL,CE,Towers with Radar,0,30,121,0,151,0,0,6,0,6,0,30,127,0,157,0,0,0,157
10/01/2016,PTK,MI,AGL,CE,Towers with Radar,2,20,46,0,68,0,0,8,0,8,2,20,54,0,76,92,0,92,168
10/02/2016,PTK,MI,AGL,CE,Towers with Radar,1,13,75,0,89,0,0,96,0,96,1,13,171,0,185,159,0,159,344
10/03/2016,PTK,MI,AGL,CE,Towers with Radar,0,23,86,0,109,0,3,62,0,65,0,26,148,0,174,101,0,101,275
10/04/2016,PTK,MI,AGL,CE,Towers with Radar,3,30,80,0,113,0,2,89,0,91,3,32,169,0,204,209,0,209,413
10/05/2016,PTK,MI,AGL,CE,Towers with Radar,3,32,79,0,114,0,2,126,0,128,3,34,205,0,242,149,0,149,391
10/06/2016,PTK,MI,AGL,CE,Towers with Radar,4,29,80,0,113,0,1,120,1,122,4,30,200,1,235,205,0,205,440
10/07/2016,PTK,MI,AGL,CE,Towers with Radar,5,21,88,0,114,0,6,144,5,155,5,27,232,5,269,198,0,198,467
10/08/2016,PTK,MI,AGL,CE,Towers with Radar,0,9,57,0,66,0,1,161,0,162,0,10,218,0,228,132,0,132,360
10/09/2016,PTK,MI,AGL,CE,Towers with Radar,1,14,75,0,90,0,1,179,0,180,1,15,254,0,270,150,0,150,420
10/10/2016,PTK,MI,AGL,CE,Towers with Radar,1,23,44,0,68,1,5,126,0,132,2,28,170,0,200,174,0,174,374
10/11/2016,PTK,MI,AGL,CE,Towers with Radar,5,18,81,0,104,2,2,84,0,88,7,20,165,0,192,218,0,218,410
10/12/2016,PTK,MI,AGL,CE,Towers with Radar,5,20,68,0,93,0,3,82,0,85,5,23,150,0,178,103,0,103,281
10/13/2016,PTK,MI,AGL,CE,Towers with Radar,2,27,89,0,118,0,8,112,1,121,2,35,201,1,239,221,0,221,460
10/14/2016,PTK,MI,AGL,CE,Towers with Radar,2,21,96,0,119,0,9,113,1,123,2,30,209,1,242,163,0,163,405
10/15/2016,PTK,MI,AGL,CE,Towers with Radar,0,11,59,0,70,0,1,95,0,96,0,12,154,0,166,120,0,120,286
10/16/2016,PTK,MI,AGL,CE,Towers with Radar,1,17,69,0,87,0,0,8,0,8,1,17,77,0,95,67,0,67,162
10/17/2016,PTK,MI,AGL,CE,Towers with Radar,6,27,72,0,105,2,2,66,0,70,8,29,138,0,175,74,0,74,249
10/18/2016,PTK,MI,AGL,CE,Towers with Radar,5,25,70,0,100,1,0,43,4,48,6,25,113,4,148,109,0,109,257
10/19/2016,PTK,MI,AGL,CE,Towers with Radar,5,29,108,2,144,0,5,149,1,155,5,34,257,3,299,277,0,277,576
10/20/2016,PTK,MI,AGL,CE,Towers with Radar,4,37,72,0,113,0,2,18,0,20,4,39,90,0,133,59,0,59,192
10/21/2016,PTK,MI,AGL,CE,Towers with Radar,4,24,99,0,127,0,7,68,0,75,4,31,167,0,202,132,0,132,334
10/22/2016,PTK,MI,AGL,CE,Towers with Radar,1,10,48,0,59,0,4,141,1,146,1,14,189,1,205,114,0,114,319
10/23/2016,PTK,MI,AGL,CE,Towers with Radar,0,11,64,0,75,0,6,188,0,194,0,17,252,0,269,278,0,278,547
10/24/2016,PTK,MI,AGL,CE,Towers with Radar,4,20,64,0,88,0,3,96,4,103,4,23,160,4,191,107,0,107,298
10/25/2016,PTK,MI,AGL,CE,Towers with Radar,3,25,84,0,112,0,2,110,0,112,3,27,194,0,224,194,0,194,418
10/26/2016,PTK,MI,AGL,CE,Towers with Radar,2,36,94,0,132,7,7,27,0,41,9,43,121,0,173,50,0,50,223
10/27/2016,PTK,MI,AGL,CE,Towers with Radar,2,40,104,0,146,0,0,3,0,3,2,40,107,0,149,57,0,57,206
10/28/2016,PTK,MI,AGL,CE,Towers with Radar,3,25,96,0,124,1,6,99,0,106,4,31,195,0,230,142,0,142,372
10/29/2016,PTK,MI,AGL,CE,Towers with Radar,0,14,45,0,59,1,0,81,0,82,1,14,126,0,141,160,0,160,301
10/30/2016,PTK,MI,AGL,CE,Towers with Radar,1,9,79,0,89,0,2,30,0,32,1,11,109,0,121,146,0,146,267
10/31/2016,PTK,MI,AGL,CE,Towers with Radar,4,20,53,0,77,2,4,92,6,104,6,24,145,6,181,120,0,120,301
11/01/2016,PTK,MI,AGL,CE,Towers with Radar,7,28,77,1,113,1,5,120,3,129,8,33,197,4,242,270,0,270,512
11/02/2016,PTK,MI,AGL,CE,Towers with Radar,6,25,107,0,138,0,1,33,0,34,6,26,140,0,172,106,0,106,278
11/03/2016,PTK,MI,AGL,CE,Towers with Radar,3,28,92,2,125,2,4,60,1,67,5,32,152,3,192,163,0,163,355
11/04/2016,PTK,MI,AGL,CE,Towers with Radar,3,34,97,0,134,2,19,64,0,85,5,53,161,0,219,93,0,93,312
11/05/2016,PTK,MI,AGL,CE,Towers with Radar,3,7,71,0,81,2,3,179,6,190,5,10,250,6,271,207,0,207,478
11/06/2016,PTK,MI,AGL,CE,Towers with Radar,4,21,81,0,106,2,2,181,0,185,6,23,262,0,291,145,0,145,436
11/07/2016,PTK,MI,AGL,CE,Towers with Radar,0,26,74,0,100,2,4,87,1,94,2,30,161,1,194,140,0,140,334
11/08/2016,PTK,MI,AGL,CE,Towers with Radar,1,27,82,0,110,0,3,73,0,76,1,30,155,0,186,207,0,207,393
11/09/2016,PTK,MI,AGL,CE,Towers with Radar,1,27,87,0,115,0,5,108,0,113,1,32,195,0,228,274,0,274,502
11/10/2016,PTK,MI,AGL,CE,Towers with Radar,2,26,80,0,108,1,3,75,1,80,3,29,155,1,188,203,0,203,391
11/11/2016,PTK,MI,AGL,CE,Towers with Radar,0,27,66,0,93,0,13,111,0,124,0,40,177,0,217,60,0,60,277
11/12/2016,PTK,MI,AGL,CE,Towers with Radar,0,15,47,0,62,2,0,161,0,163,2,15,208,0,225,191,0,191,416
11/13/2016,PTK,MI,AGL,CE,Towers with Radar,0,23,71,0,94,0,0,147,0,147,0,23,218,0,241,165,0,165,406
11/14/2016,PTK,MI,AGL,CE,Towers with Radar,2,38,79,0,119,0,2,87,0,89,2,40,166,0,208,185,0,185,393
11/15/2016,PTK,MI,AGL,CE,Towers with Radar,1,19,74,0,94,0,7,112,0,119,1,26,186,0,213,281,0,281,494
11/16/2016,PTK,MI,AGL,CE,Towers with Radar,1,31,92,0,124,0,3,85,0,88,1,34,177,0,212,139,0,139,351
11/17/2016,PTK,MI,AGL,CE,Towers with Radar,1,26,82,0,109,0,2,76,0,78,1,28,158,0,187,118,0,118,305
11/18/2016,PTK,MI,AGL,CE,Towers with Radar,1,25,83,0,109,0,19,99,1,119,1,44,182,1,228,163,0,163,391
11/19/2016,PTK,MI,AGL,CE,Towers with Radar,4,10,36,0,50,0,1,8,0,9,4,11,44,0,59,21,0,21,80
11/20/2016,PTK,MI,AGL,CE,Towers with Radar,3,12,67,0,82,0,4,19,0,23,3,16,86,0,105,174,0,174,279
11/21/2016,PTK,MI,AGL,CE,Towers with Radar,2,26,72,0,100,1,4,89,0,94,3,30,161,0,194,53,0,53,247
11/22/2016,PTK,MI,AGL,CE,Towers with Radar,2,27,91,0,120,0,2,121,0,123,2,29,212,0,243,161,0,161,404
11/23/2016,PTK,MI,AGL,CE,Towers with Radar,3,37,57,0,97,0,0,2,0,2,3,37,59,0,99,0,0,0,99
11/24/2016,PTK,MI,AGL,CE,Towers with Radar,2,10,17,0,29,0,0,0,0,0,2,10,17,0,29,0,0,0,29
11/25/2016,PTK,MI,AGL,CE,Towers with Radar,1,12,43,0,56,0,24,22,0,46,1,36,65,0,102,166,0,166,268
11/26/2016,PTK,MI,AGL,CE,Towers with Radar,0,20,72,0,92,0,2,51,0,53,0,22,123,0,145,179,0,179,324
11/27/2016,PTK,MI,AGL,CE,Towers with Radar,0,19,110,0,129,0,2,90,0,92,0,21,200,0,221,284,0,284,505
11/28/2016,PTK,MI,AGL,CE,Towers with Radar,2,25,55,0,82,0,4,38,0,42,2,29,93,0,124,53,0,53,177
11/29/2016,PTK,MI,AGL,CE,Towers with Radar,0,32,70,2,104,0,4,87,4,95,0,36,157,6,199,113,0,113,312
11/30/2016,PTK,MI,AGL,CE,Towers with Radar,2,29,91,0,122,0,3,108,0,111,2,32,199,0,233,238,0,238,471
12/01/2016,PTK,MI,AGL,CE,Towers with Radar,1,22,76,0,99,0,0,18,0,18,1,22,94,0,117,163,0,163,280
12/02/2016,PTK,MI,AGL,CE,Towers with Radar,4,34,72,0,110,0,14,50,0,64,4,48,122,0,174,226,0,226,400
12/03/2016,PTK,MI,AGL,CE,Towers with Radar,5,17,159,0,181,0,8,503,0,511,5,25,662,0,692,169,0,169,861
12/04/2016,PTK,MI,AGL,CE,Towers with Radar,2,13,62,0,77,0,0,76,0,76,2,13,138,0,153,269,0,269,422
12/05/2016,PTK,MI,AGL,CE,Towers with Radar,2,39,67,0,108,0,2,65,0,67,2,41,132,0,175,97,0,97,272
12/06/2016,PTK,MI,AGL,CE,Towers with Radar,9,36,76,0,121,0,1,28,0,29,9,37,104,0,150,44,0,44,194
12/07/2016,PTK,MI,AGL,CE,Towers with Radar,2,34,79,0,115,0,7,82,0,89,2,41,161,0,204,182,0,182,386
12/08/2016,PTK,MI,AGL,CE,Towers with Radar,4,31,60,0,95,0,0,11,0,11,4,31,71,0,106,91,0,91,197
12/09/2016,PTK,MI,AGL,CE,Towers with Radar,1,37,72,0,110,0,3,48,0,51,1,40,120,0,161,80,0,80,241
12/10/2016,PTK,MI,AGL,CE,Towers with Radar,1,14,51,0,66,0,2,43,0,45,1,16,94,0,111,184,0,184,295
12/11/2016,PTK,MI,AGL,CE,Towers with Radar,0,6,30,0,36,0,0,0,0,0,0,6,30,0,36,0,0,0,36
12/12/2016,PTK,MI,AGL,CE,Towers with Radar,4,31,76,0,111,0,2,23,0,25,4,33,99,0,136,54,0,54,190
12/13/2016,PTK,MI,AGL,CE,Towers with Radar,4,39,74,0,117,0,0,36,0,36,4,39,110,0,153,112,0,112,265
12/14/2016,PTK,MI,AGL,CE,Towers with Radar,3,42,85,0,130,0,1,21,0,22,3,43,106,0,152,60,0,60,212
12/15/2016,PTK,MI,AGL,CE,Towers with Radar,2,34,90,0,126,0,6,55,0,61,2,40,145,0,187,198,0,198,385
12/16/2016,PTK,MI,AGL,CE,Towers with Radar,4,40,54,0,98,0,2,72,1,75,4,42,126,1,173,88,0,88,261
12/17/2016,PTK,MI,AGL,CE,Towers with Radar,1,11,35,0,47,0,0,13,0,13,1,11,48,0,60,74,0,74,134
12/18/2016,PTK,MI,AGL,CE,Towers with Radar,4,12,43,0,59,0,2,83,0,85,4,14,126,0,144,277,0,277,421
12/19/2016,PTK,MI,AGL,CE,Towers with Radar,3,39,80,0,122,0,5,102,0,107,3,44,182,0,229,94,0,94,323
12/20/2016,PTK,MI,AGL,CE,Towers with Radar,1,28,55,0,84,0,5,54,0,59,1,33,109,0,143,43,0,43,186
12/21/2016,PTK,MI,AGL,CE,Towers with Radar,2,32,89,0,123,0,1,72,0,73,2,33,161,0,196,232,0,232,428
12/22/2016,PTK,MI,AGL,CE,Towers with Radar,1,39,56,0,96,0,4,81,0,85,1,43,137,0,181,164,0,164,345
12/23/2016,PTK,MI,AGL,CE,Towers with Radar,1,21,45,0,67,0,7,71,0,78,1,28,116,0,145,207,0,207,352
12/24/2016,PTK,MI,AGL,CE,Towers with Radar,3,7,16,0,26,0,0,4,0,4,3,7,20,0,30,22,0,22,52
12/25/2016,PTK,MI,AGL,CE,Towers with Radar,1,8,26,0,35,0,0,1,0,1,1,8,27,0,36,10,0,10,46
12/26/2016,PTK,MI,AGL,CE,Towers with Radar,3,24,66,0,93,0,0,11,0,11,3,24,77,0,104,0,0,0,104
12/27/2016,PTK,MI,AGL,CE,Towers with Radar,0,21,51,0,72,0,2,47,0,49,0,23,98,0,121,131,0,131,252
12/28/2016,PTK,MI,AGL,CE,Towers with Radar,3,22,64,0,89,1,5,123,0,129,4,27,187,0,218,99,0,99,317
12/29/2016,PTK,MI,AGL,CE,Towers with Radar,2,12,26,0,40,0,0,14,0,14,2,12,40,0,54,39,0,39,93
12/30/2016,PTK,MI,AGL,CE,Towers with Radar,0,5,37,0,42,0,9,40,0,49,0,14,77,0,91,125,0,125,216
12/31/2016,PTK,MI,AGL,CE,Towers with Radar,0,11,24,0,35,0,0,26,0,26,0,11,50,0,61,40,0,40,101
01/01/2017,PTK,MI,AGL,CE,Towers with Radar,0,7,36,0,43,0,1,104,0,105,0,8,140,0,148,126,0,126,274
01/02/2017,PTK,MI,AGL,CE,Towers with Radar,4,17,77,0,98,0,0,42,0,42,4,17,119,0,140,138,0,138,278
01/03/2017,PTK,MI,AGL,CE,Towers with Radar,2,28,53,0,83,0,0,0,0,0,2,28,53,0,83,0,0,0,83
01/04/2017,PTK,MI,AGL,CE,Towers with Radar,2,14,48,0,64,0,0,0,0,0,2,14,48,0,64,0,0,0,64
01/05/2017,PTK,MI,AGL,CE,Towers with Radar,3,23,67,0,93,0,0,44,0,44,3,23,111,0,137,79,0,79,216
01/06/2017,PTK,MI,AGL,CE,Towers with Radar,2,30,66,0,98,0,2,53,0,55,2,32,119,0,153,82,0,82,235
01/07/2017,PTK,MI,AGL,CE,Towers with Radar,1,4,61,0,66,0,0,61,0,61,1,4,122,0,127,166,0,166,293
01/08/2017,PTK,MI,AGL,CE,Towers with Radar,1,12,50,0,63,0,1,86,0,87,1,13,136,0,150,233,0,233,383
01/09/2017,PTK,MI,AGL,CE,Towers with Radar,0,26,59,0,85,0,3,60,0,63,0,29,119,0,148,91,0,91,239
01/10/2017,PTK,MI,AGL,CE,Towers with Radar,0,22,42,0,64,0,0,0,0,0,0,22,42,0,64,0,0,0,64
01/11/2017,PTK,MI,AGL,CE,Towers with Radar,2,32,76,0,110,3,1,31,0,35,5,33,107,0,145,51,0,51,196
01/12/2017,PTK,MI,AGL,CE,Towers with Radar,0,20,57,0,77,0,1,0,0,1,0,21,57,0,78,0,0,0,78
01/13/2017,PTK,MI,AGL,CE,Towers with Radar,0,38,62,0,100,0,7,63,0,70,0,45,125,0,170,133,0,133,303
01/14/2017,PTK,MI,AGL,CE,Towers with Radar,0,12,48,0,60,0,4,108,0,112,0,16,156,0,172,211,0,211,383
01/15/2017,PTK,MI,AGL,CE,Towers with Radar,2,15,47,0,64,0,1,122,0,123,2,16,169,0,187,277,0,277,464
01/16/2017,PTK,MI,AGL,CE,Towers with Radar,1,22,42,0,65,0,0,13,0,13,1,22,55,0,78,35,0,35,113
01/17/2017,PTK,MI,AGL,CE,Towers with Radar,0,23,42,0,65,0,0,0,0,0,0,23,42,0,65,0,0,0,65
01/18/2017,PTK,MI,AGL,CE,Towers with Radar,2,22,63,0,87,0,0,1,0,1,2,22,64,0,88,0,0,0,88
01/19/2017,PTK,MI,AGL,CE,Towers with Radar,0,30,83,0,113,2,12,43,0,57,2,42,126,0,170,62,0,62,232
01/20/2017,PTK,MI,AGL,CE,Towers with Radar,1,24,72,0,97,0,0,0,0,0,1,24,72,0,97,0,0,0,97
01/21/2017,PTK,MI,AGL,CE,Towers with Radar,2,14,69,0,85,0,0,0,0,0,2,14,69,0,85,15,0,15,100
01/22/2017,PTK,MI,AGL,CE,Towers with Radar,2,6,39,0,47,0,0,0,0,0,2,6,39,0,47,0,0,0,47
01/23/2017,PTK,MI,AGL,CE,Towers with Radar,2,23,53,0,78,0,0,0,0,0,2,23,53,0,78,0,0,0,78
01/24/2017,PTK,MI,AGL,CE,Towers with Radar,0,24,73,0,97,0,0,0,0,0,0,24,73,0,97,23,0,23,120
01/25/2017,PTK,MI,AGL,CE,Towers with Radar,1,26,97,0,124,0,0,28,0,28,1,26,125,0,152,22,0,22,174
01/26/2017,PTK,MI,AGL,CE,Towers with Radar,3,24,74,0,101,0,0,17,0,17,3,24,91,0,118,43,0,43,161
01/27/2017,PTK,MI,AGL,CE,Towers with Radar,1,41,52,0,94,0,0,18,0,18,1,41,70,0,112,24,0,24,136
01/28/2017,PTK,MI,AGL,CE,Towers with Radar,1,2,33,0,36,0,0,30,0,30,1,2,63,0,66,185,0,185,251
01/29/2017,PTK,MI,AGL,CE,Towers with Radar,2,12,59,0,73,0,2,65,0,67,2,14,124,0,140,288,0,288,428
01/30/2017,PTK,MI,AGL,CE,Towers with Radar,2,21,52,0,75,0,3,67,0,70,2,24,119,0,145,134,0,134,279
01/31/2017,PTK,MI,AGL,CE,Towers with Radar,1,19,54,0,74,0,0,2,0,2,1,19,56,0,76,26,0,26,102
02/01/2017,PTK,MI,AGL,CE,Towers with Radar,5,24,87,0,116,1,2,72,0,75,6,26,159,0,191,46,0,46,237
02/02/2017,PTK,MI,AGL,CE,Towers with Radar,3,27,66,0,96,0,4,92,0,96,3,31,158,0,192,92,0,92,284
02/03/2017,PTK,MI,AGL,CE,Towers with Radar,3,15,51,0,69,2,1,69,0,72,5,16,120,0,141,112,0,112,253
02/04/2017,PTK,MI,AGL,CE,Towers with Radar,1,4,47,2,54,0,1,161,0,162,1,5,208,2,216,270,0,270,486
02/05/2017,PTK,MI,AGL,CE,Towers with Radar,1,12,40,0,53,0,3,84,0,87,1,15,124,0,140,147,0,147,287
02/06/2017,PTK,MI,AGL,CE,Towers with Radar,3,23,81,0,107,2,2,103,1,108,5,25,184,1,215,77,0,77,292
02/07/2017,PTK,MI,AGL,CE,Towers with Radar,4,11,55,0,70,0,0,0,0,0,4,11,55,0,70,6,0,6,76
02/08/2017,PTK,MI,AGL,CE,Towers with Radar,2,16,74,0,92,2,1,56,0,59,4,17,130,0,151,72,0,72,223
02/09/2017,PTK,MI,AGL,CE,Towers with Radar,6,23,70,0,99,0,3,51,0,54,6,26,121,0,153,101,0,101,254
02/10/2017,PTK,MI,AGL,CE,Towers with Radar,3,20,67,0,90,0,1,25,0,26,3,21,92,0,116,48,0,48,164
02/11/2017,PTK,MI,AGL,CE,Towers with Radar,3,10,37,0,50,0,3,168,3,174,3,13,205,3,224,287,0,287,511
02/12/2017,PTK,MI,AGL,CE,Towers with Radar,0,5,41,0,46,0,0,4,0,4,0,5,45,0,50,49,0,49,99
02/13/2017,PTK,MI,AGL,CE,Towers with Radar,1,14,78,0,93,0,3,104,0,107,1,17,182,0,200,221,0,221,421
02/14/2017,PTK,MI,AGL,CE,Towers with Radar,1,22,63,0,86,0,3,97,2,102,1,25,160,2,188,103,0,103,291
02/15/2017,PTK,MI,AGL,CE,Towers with Radar,2,22,63,0,87,0,1,23,0,24,2,23,86,0,111,27,0,27,138
02/16/2017,PTK,MI,AGL,CE,Towers with Radar,0,17,85,0,102,0,13,125,0,138,0,30,210,0,240,164,0,164,404
02/17/2017,PTK,MI,AGL,CE,Towers with Radar,0,27,84,0,111,6,6,96,0,108,6,33,180,0,219,123,0,123,342
02/18/2017,PTK,MI,AGL,CE,Towers with Radar,0,7,60,0,67,0,4,173,0,177,0,11,233,0,244,178,0,178,422
02/19/2017,PTK,MI,AGL,CE,Towers with Radar,1,8,66,0,75,0,1,153,1,155,1,9,219,1,230,244,0,244,474
02/20/2017,PTK,MI,AGL,CE,Towers with Radar,0,15,82,0,97,0,1,106,0,107,0,16,188,0,204,158,0,158,362
02/21/2017,PTK,MI,AGL,CE,Towers with Radar,1,20,62,0,83,0,4,61,0,65,1,24,123,0,148,132,0,132,280
02/22/2017,PTK,MI,AGL,CE,Towers with Radar,3,26,87,0,116,0,6,56,0,62,3,32,143,0,178,368,0,368,546
02/23/2017,PTK,MI,AGL,CE,Towers with Radar,3,39,88,0,130,1,7,99,0,107,4,46,187,0,237,167,0,167,404
02/24/2017,PTK,MI,AGL,CE,Towers with Radar,1,34,47,0,82,0,0,5,0,5,1,34,52,0,87,7,0,7,94
02/25/2017,PTK,MI,AGL,CE,Towers with Radar,1,19,40,0,60,0,1,28,0,29,1,20,68,0,89,32,0,32,121
02/26/2017,PTK,MI,AGL,CE,Towers with Radar,4,26,74,1,105,0,3,93,0,96,4,29,167,1,201,154,0,154,355
02/27/2017,PTK,MI,AGL,CE,Towers with Radar,0,17,55,0,72,0,6,99,0,105,0,23,154,0,177,171,0,171,348
02/28/2017,PTK,MI,AGL,CE,Towers with Radar,0,16,60,0,76,0,0,0,0,0,0,16,60,0,76,0,0,0,76
03/01/2017,PTK,MI,AGL,CE,Towers with Radar,0,23,74,0,97,0,0,10,0,10,0,23,84,0,107,17,0,17,124
03/02/2017,PTK,MI,AGL,CE,Towers with Radar,2,25,82,0,109,1,1,79,2,83,3,26,161,2,192,159,0,159,351
03/03/2017,PTK,MI,AGL,CE,Towers with Radar,3,18,61,0,82,1,5,72,2,80,4,23,133,2,162,104,0,104,266
03/04/2017,PTK,MI,AGL,CE,Towers with Radar,1,10,52,0,63,1,2,169,7,179,2,12,221,7,242,253,0,253,495
03/05/2017,PTK,MI,AGL,CE,Towers with Radar,3,15,62,0,80,2,2,117,0,121,5,17,179,0,201,164,0,164,365
03/06/2017,PTK,MI,AGL,CE,Towers with Radar,4,28,63,0,95,2,4,46,0,52,6,32,109,0,147,98,0,98,245
03/07/2017,PTK,MI,AGL,CE,Towers with Radar,2,29,72,0,103,0,4,33,0,37,2,33,105,0,140,56,0,56,196
03/08/2017,PTK,MI,AGL,CE,Towers with Radar,2,24,54,2,82,0,0,3,0,3,2,24,57,2,85,6,0,6,91
03/09/2017,PTK,MI,AGL,CE,Towers with Radar,5,31,75,0,111,0,4,116,2,122,5,35,191,2,233,193,0,193,426
03/10/2017,PTK,MI,AGL,CE,Towers with Radar,2,23,49,2,76,1,0,44,0,45,3,23,93,2,121,108,0,108,229
03/11/2017,PTK,MI,AGL,CE,Towers with Radar,2,15,41,0,58,0,4,110,1,115,2,19,151,1,173,130,0,130,303
03/12/2017,PTK,MI,AGL,CE,Towers with Radar,0,6,67,0,73,0,3,139,0,142,0,9,206,0,215,129,0,129,344
03/13/2017,PTK,MI,AGL,CE,Towers with Radar,1,31,52,0,84,0,0,0,0,0,1,31,52,0,84,0,0,0,84
03/14/2017,PTK,MI,AGL,CE,Towers with Radar,2,21,48,0,71,0,3,20,0,23,2,24,68,0,94,15,0,15,109
03/15/2017,PTK,MI,AGL,CE,Towers with Radar,6,33,56,0,95,0,10,39,0,49,6,43,95,0,144,72,0,72,216
03/16/2017,PTK,MI,AGL,CE,Towers with Radar,4,21,82,2,109,0,5,157,1,163,4,26,239,3,272,303,0,303,575
03/17/2017,PTK,MI,AGL,CE,Towers with Radar,3,23,44,0,70,0,1,20,0,21,3,24,64,0,91,63,0,63,154
03/18/2017,PTK,MI,AGL,CE,Towers with Radar,1,21,35,0,57,0,0,3,0,3,1,21,38,0,60,4,0,4,64
03/19/2017,PTK,MI,AGL,CE,Towers with Radar,2,16,80,0,98,0,2,169,0,171,2,18,249,0,269,243,0,243,512
03/20/2017,PTK,MI,AGL,CE,Towers with Radar,1,20,59,0,80,0,7,47,0,54,1,27,106,0,134,148,0,148,282
03/21/2017,PTK,MI,AGL,CE,Towers with Radar,0,29,68,0,97,2,8,93,0,103,2,37,161,0,200,62,0,62,262
03/22/2017,PTK,MI,AGL,CE,Towers with Radar,1,19,82,2,104,0,12,172,5,189,1,31,254,7,293,183,0,183,476
03/23/2017,PTK,MI,AGL,CE,Towers with Radar,2,21,75,0,98,0,0,115,5,120,2,21,190,5,218,166,0,166,384
03/24/2017,PTK,MI,AGL,CE,Towers with Radar,2,21,67,0,90,0,0,62,1,63,2,21,129,1,153,74,0,74,227
03/25/2017,PTK,MI,AGL,CE,Towers with Radar,0,13,45,0,58,0,0,1,0,1,0,13,46,0,59,33,0,33,92
03/26/2017,PTK,MI,AGL,CE,Towers with Radar,1,7,62,0,70,0,0,2,0,2,1,7,64,0,72,64,0,64,136
03/27/2017,PTK,MI,AGL,CE,Towers with Radar,3,21,85,0,109,0,2,82,0,84,3,23,167,0,193,145,0,145,338
03/28/2017,PTK,MI,AGL,CE,Towers with Radar,4,13,77,0,94,0,0,38,2,40,4,13,115,2,134,182,0,182,316
03/29/2017,PTK,MI,AGL,CE,Towers with Radar,2,29,67,0,98,0,6,151,0,157,2,35,218,0,255,381,0,381,636
03/30/2017,PTK,MI,AGL,CE,Towers with Radar,6,23,65,0,94,0,0,0,0,0,6,23,65,0,94,3,0,3,97
03/31/2017,PTK,MI,AGL,CE,Towers with Radar,1,26,71,0,98,0,0,0,0,0,1,26,71,0,98,32,0,32,130
04/01/2017,PTK,MI,AGL,CE,Towers with Radar,0,11,62,0,73,0,1,160,0,161,0,12,222,0,234,226,0,226,460
04/02/2017,PTK,MI,AGL,CE,Towers with Radar,0,9,46,0,55,0,6,161,0,167,0,15,207,0,222,266,0,266,488
04/03/2017,PTK,MI,AGL,CE,Towers with Radar,0,26,54,2,82,0,5,58,8,71,0,31,112,10,153,177,0,177,330
04/04/2017,PTK,MI,AGL,CE,Towers with Radar,3,22,85,0,110,0,2,22,0,24,3,24,107,0,134,76,0,76,210
04/05/2017,PTK,MI,AGL,CE,Towers with Radar,1,33,68,2,104,0,4,7,0,11,1,37,75,2,115,0,0,0,115
04/06/2017,PTK,MI,AGL,CE,Towers with Radar,3,23,44,0,70,0,3,50,2,55,3,26,94,2,125,212,0,212,337
04/07/2017,PTK,MI,AGL,CE,Towers with Radar,0,28,74,0,102,2,3,48,0,53,2,31,122,0,155,63,0,63,218
04/08/2017,PTK,MI,AGL,CE,Towers with Radar,1,25,76,0,102,0,7,227,1,235,1,32,303,1,337,274,0,274,611
04/09/2017,PTK,MI,AGL,CE,Towers with Radar,3,29,64,0,96,0,5,121,0,126,3,34,185,0,222,202,0,202,424
04/10/2017,PTK,MI,AGL,CE,Towers with Radar,3,26,50,0,79,0,2,47,0,49,3,28,97,0,128,73,0,73,201
04/11/2017,PTK,MI,AGL,CE,Towers with Radar,3,23,98,0,124,0,2,43,0,45,3,25,141,0,169,261,0,261,430
04/12/2017,PTK,MI,AGL,CE,Towers with Radar,4,29,104,0,137,0,7,103,1,111,4,36,207,1,248,232,0,232,480
04/13/2017,PTK,MI,AGL,CE,Towers with Radar,1,27,88,2,118,0,8,100,2,110,1,35,188,4,228,191,0,191,419
04/14/2017,PTK,MI,AGL,CE,Towers with Radar,0,18,67,0,85,0,5,139,0,144,0,23,206,0,229,348,0,348,577
04/15/2017,PTK,MI,AGL,CE,Towers with Radar,1,10,40,0,51,0,0,102,0,102,1,10,142,0,153,96,0,96,249
04/16/2017,PTK,MI,AGL,CE,Towers with Radar,0,12,44,0,56,0,2,37,0,39,0,14,81,0,95,86,0,86,181
04/17/2017,PTK,MI,AGL,CE,Towers with Radar,2,20,91,0,113,0,3,176,0,179,2,23,267,0,292,339,0,339,631
04/18/2017,PTK,MI,AGL,CE,Towers with Radar,0,23,57,0,80,1,5,136,0,142,1,28,193,0,222,232,0,232,454
04/19/2017,PTK,MI,AGL,CE,Towers with Radar,1,11,77,0,89,0,2,71,0,73,1,13,148,0,162,283,0,283,445
04/20/2017,PTK,MI,AGL,CE,Towers with Radar,0,14,74,0,88,0,0,0,0,0,0,14,74,0,88,0,0,0,88
04/21/2017,PTK,MI,AGL,CE,Towers with Radar,0,20,84,0,104,2,3,56,1,62,2,23,140,1,166,151,0,151,317
04/22/2017,PTK,MI,AGL,CE,Towers with Radar,1,15,50,0,66,0,1,156,0,157,1,16,206,0,223,362,0,362,585
04/23/2017,PTK,MI,AGL,CE,Towers with Radar,0,12,69,0,81,0,2,222,0,224,0,14,291,0,305,190,0,190,495
04/24/2017,PTK,MI,AGL,CE,Towers with Radar,0,24,67,0,91,0,4,115,0,119,0,28,182,0,210,195,0,195,405
04/25/2017,PTK,MI,AGL,CE,Towers with Radar,2,23,82,0,107,0,5,94,2,101,2,28,176,2,208,204,0,204,412
04/26/2017,PTK,MI,AGL,CE,Towers with Radar,1,26,94,2,123,0,5,80,1,86,1,31,174,3,209,95,0,95,304
04/27/2017,PTK,MI,AGL,CE,Towers with Radar,7,24,102,0,133,0,2,31,0,33,7,26,133,0,166,3,0,3,169
04/28/2017,PTK,MI,AGL,CE,Towers with Radar,2,17,60,3,82,0,5,95,0,100,2,22,155,3,182,266,0,266,448
04/29/2017,PTK,MI,AGL,CE,Towers with Radar,1,10,54,0,65,0,0,124,0,124,1,10,178,0,189,173,0,173,362
04/30/2017,PTK,MI,AGL,CE,Towers with Radar,2,15,80,0,97,0,0,12,0,12,2,15,92,0,109,94,0,94,203
05/01/2017,PTK,MI,AGL,CE,Towers with Radar,0,26,46,0,72,0,2,29,0,31,0,28,75,0,103,12,0,12,115
05/02/2017,PTK,MI,AGL,CE,Towers with Radar,1,24,76,0,101,0,4,21,0,25,1,28,97,0,126,65,0,65,191
05/03/2017,PTK,MI,AGL,CE,Towers with Radar,2,28,105,0,135,0,7,176,3,186,2,35,281,3,321,268,0,268,589
05/04/2017,PTK,MI,AGL,CE,Towers with Radar,2,29,76,0,107,0,3,11,0,14,2,32,87,0,121,31,0,31,152
05/05/2017,PTK,MI,AGL,CE,Towers with Radar,3,34,79,0,116,0,0,5,0,5,3,34,84,0,121,78,0,78,199
05/06/2017,PTK,MI,AGL,CE,Towers with Radar,2,15,51,0,68,0,3,64,0,67,2,18,115,0,135,83,0,83,218
05/07/2017,PTK,MI,AGL,CE,Towers with Radar,0,18,79,0,97,0,0,161,0,161,0,18,240,0,258,194,0,194,452
05/08/2017,PTK,MI,AGL,CE,Towers with Radar,2,18,69,0,89,0,2,130,0,132,2,20,199,0,221,176,0,176,397
05/09/2017,PTK,MI,AGL,CE,Towers with Radar,2,32,97,0,131,0,8,139,0,147,2,40,236,0,278,208,0,208,486
05/10/2017,PTK,MI,AGL,CE,Towers with Radar,1,33,96,0,130,0,11,145,2,158,1,44,241,2,288,241,0,241,529
05/11/2017,PTK,MI,AGL,CE,Towers with Radar,0,40,89,2,131,1,5,98,0,104,1,45,187,2,235,199,0,199,434
05/12/2017,PTK,MI,AGL,CE,Towers with Radar,1,26,78,0,105,0,1,131,0,132,1,27,209,0,237,164,0,164,401
05/13/2017,PTK,MI,AGL,CE,Towers with Radar,0,11,75,0,86,0,4,145,0,149,0,15,220,0,235,322,0,322,557
05/14/2017,PTK,MI,AGL,CE,Towers with Radar,0,17,64,0,81,0,2,81,0,83,0,19,145,0,164,217,0,217,381
05/15/2017,PTK,MI,AGL,CE,Towers with Radar,0,35,71,0,106,0,4,190,0,194,0,39,261,0,300,277,0,277,577
05/16/2017,PTK,MI,AGL,CE,Towers with Radar,1,24,65,0,90,0,3,84,0,87,1,27,149,0,177,178,0,178,355
05/17/2017,PTK,MI,AGL,CE,Towers with Radar,1,39,78,0,118,0,3,53,0,56,1,42,131,0,174,124,0,124,298
05/18/2017,PTK,MI,AGL,CE,Towers with Radar,1,29,65,2,97,0,2,28,0,30,1,31,93,2,127,5,0,5,132
05/19/2017,PTK,MI,AGL,CE,Towers with Radar,2,39,88,0,129,0,2,59,0,61,2,41,147,0,190,229,0,229,419
05/20/2017,PTK,MI,AGL,CE,Towers with Radar,0,11,46,0,57,0,5,130,0,135,0,16,176,0,192,315,0,315,507
05/21/2017,PTK,MI,AGL,CE,Towers with Radar,0,20,70,0,90,0,1,25,0,26,0,21,95,0,116,6,0,6,122
05/22/2017,PTK,MI,AGL,CE,Towers with Radar,4,23,69,0,96,2,4,55,0,61,6,27,124,0,157,194,0,194,351
05/23/2017,PTK,MI,AGL,CE,Towers with Radar,1,27,89,0,117,3,1,84,0,88,4,28,173,0,205,222,0,222,427
05/24/2017,PTK,MI,AGL,CE,Towers with Radar,2,28,67,0,97,0,2,59,0,61,2,30,126,0,158,176,0,176,334
05/25/2017,PTK,MI,AGL,CE,Towers with Radar,5,36,99,0,140,0,0,0,0,0,5,36,99,0,140,2,0,2,142
05/26/2017,PTK,MI,AGL,CE,Towers with Radar,3,24,106,0,133,0,2,70,0,72,3,26,176,0,205,359,0,359,564
05/27/2017,PTK,MI,AGL,CE,Towers with Radar,0,9,55,0,64,0,2,153,1,156,0,11,208,1,220,325,0,325,545
05/28/2017,PTK,MI,AGL,CE,Towers with Radar,0,7,34,0,41,0,0,98,1,99,0,7,132,1,140,219,0,219,359
05/29/2017,PTK,MI,AGL,CE,Towers with Radar,1,12,92,0,105,0,2,96,0,98,1,14,188,0,203,195,0,195,398
05/30/2017,PTK,MI,AGL,CE,Towers with Radar,3,23,101,0,127,0,6,97,0,103,3,29,198,0,230,195,0,195,425
05/31/2017,PTK,MI,AGL,CE,Towers with Radar,5,29,102,0,136,0,2,136,1,139,5,31,238,1,275,394,0,394,669
06/01/2017,PTK,MI,AGL,CE,Towers with Radar,7,33,112,0,152,3,3,141,0,147,10,36,253,0,299,289,0,289,588
06/02/2017,PTK,MI,AGL,CE,Towers with Radar,1,31,89,0,121,0,6,140,0,146,1,37,229,0,267,239,0,239,506
06/03/2017,PTK,MI,AGL,CE,Towers with Radar,2,14,44,0,60,0,3,210,0,213,2,17,254,0,273,322,0,322,595
06/04/2017,PTK,MI,AGL,CE,Towers with Radar,1,18,66,0,85,0,5,93,0,98,1,23,159,0,183,151,0,151,334
06/05/2017,PTK,MI,AGL,CE,Towers with Radar,3,21,74,0,98,0,2,43,0,45,3,23,117,0,143,97,0,97,240
06/06/2017,PTK,MI,AGL,CE,Towers with Radar,2,24,81,0,107,0,1,112,0,113,2,25,193,0,220,57,0,57,277
06/07/2017,PTK,MI,AGL,CE,Towers with Radar,3,26,85,0,114,0,1,162,0,163,3,27,247,0,277,193,0,193,470
06/08/2017,PTK,MI,AGL,CE,Towers with Radar,5,36,86,0,127,0,5,165,1,171,5,41,251,1,298,322,0,322,620
06/09/2017,PTK,MI,AGL,CE,Towers with Radar,1,30,92,0,123,2,3,89,2,96,3,33,181,2,219,167,0,167,386
06/10/2017,PTK,MI,AGL,CE,Towers with Radar,2,12,69,0,83,0,6,164,0,170,2,18,233,0,253,217,0,217,470
06/11/2017,PTK,MI,AGL,CE,Towers with Radar,0,23,76,0,99,1,5,153,1,160,1,28,229,1,259,237,0,237,496
06/12/2017,PTK,MI,AGL,CE,Towers with Radar,4,35,71,0,110,0,8,107,0,115,4,43,178,0,225,329,0,329,554
06/13/2017,PTK,MI,AGL,CE,Towers with Radar,3,36,96,0,135,3,11,132,0,146,6,47,228,0,281,215,0,215,496
06/14/2017,PTK,MI,AGL,CE,Towers with Radar,5,25,103,0,133,4,2,98,18,122,9,27,201,18,255,196,0,196,451
06/15/2017,PTK,MI,AGL,CE,Towers with Radar,3,30,88,0,121,1,2,92,0,95,4,32,180,0,216,363,0,363,579
06/16/2017,PTK,MI,AGL,CE,Towers with Radar,3,30,81,0,114,0,6,98,2,106,3,36,179,2,220,376,0,376,596
06/17/2017,PTK,MI,AGL,CE,Towers with Radar,1,10,82,0,93,0,13,137,0,150,1,23,219,0,243,351,0,351,594
06/18/2017,PTK,MI,AGL,CE,Towers with Radar,2,16,50,0,68,0,2,73,0,75,2,18,123,0,143,156,0,156,299
06/19/2017,PTK,MI,AGL,CE,Towers with Radar,4,35,93,0,132,0,6,93,0,99,4,41,186,0,231,248,0,248,479
06/20/2017,PTK,MI,AGL,CE,Towers with Radar,0,24,71,0,95,0,7,103,0,110,0,31,174,0,205,210,0,210,415
06/21/2017,PTK,MI,AGL,CE,Towers with Radar,1,38,88,0,127,0,5,206,0,211,1,43,294,0,338,385,0,385,723
06/22/2017,PTK,MI,AGL,CE,Towers with Radar,3,47,85,0,135,0,2,50,0,52,3,49,135,0,187,149,0,149,336
06/23/2017,PTK,MI,AGL,CE,Towers with Radar,1,34,87,0,122,1,6,44,0,51,2,40,131,0,173,58,0,58,231
06/24/2017,PTK,MI,AGL,CE,Towers with Radar,1,19,41,0,61,3,1,141,1,146,4,20,182,1,207,242,0,242,449
06/25/2017,PTK,MI,AGL,CE,Towers with Radar,0,21,86,0,107,3,0,95,0,98,3,21,181,0,205,87,0,87,292
06/26/2017,PTK,MI,AGL,CE,Towers with Radar,2,28,85,0,115,3,6,68,1,78,5,34,153,1,193,175,0,175,368
06/27/2017,PTK,MI,AGL,CE,Towers with Radar,4,35,94,0,133,10,1,167,0,178,14,36,261,0,311,365,0,365,676
06/28/2017,PTK,MI,AGL,CE,Towers with Radar,1,20,106,0,127,0,8,139,0,147,1,28,245,0,274,263,0,263,537
06/29/2017,PTK,MI,AGL,CE,Towers with Radar,5,28,96,0,129,0,8,82,2,92,5,36,178,2,221,182,0,182,403
06/30/2017,PTK,MI,AGL,CE,Towers with Radar,2,37,78,0,117,0,3,35,3,41,2,40,113,3,158,71,0,71,229
07/01/2017,PTK,MI,AGL,CE,Towers with Radar,0,7,73,0,80,0,3,43,0,46,0,10,116,0,126,84,0,84,210
07/02/2017,PTK,MI,AGL,CE,Towers with Radar,0,13,45,0,58,0,0,116,0,116,0,13,161,0,174,185,0,185,359
07/03/2017,PTK,MI,AGL,CE,Towers with Radar,0,7,36,0,43,0,0,103,1,104,0,7,139,1,147,159,0,159,306
07/04/2017,PTK,MI,AGL,CE,Towers with Radar,0,10,36,0,46,0,0,85,3,88,0,10,121,3,134,95,0,95,229
07/05/2017,PTK,MI,AGL,CE,Towers with Radar,0,24,85,1,110,2,6,136,0,144,2,30,221,1,254,205,0,205,459
07/06/2017,PTK,MI,AGL,CE,Towers with Radar,2,22,66,0,90,0,0,124,0,124,2,22,190,0,214,313,0,313,527
07/07/2017,PTK,MI,AGL,CE,Towers with Radar,1,23,73,0,97,0,0,72,0,72,1,23,145,0,169,172,0,172,341
07/08/2017,PTK,MI,AGL,CE,Towers with Radar,0,8,76,0,84,0,1,188,1,190,0,9,264,1,274,339,0,339,613
07/09/2017,PTK,MI,AGL,CE,Towers with Radar,0,9,82,0,91,0,3,161,0,164,0,12,243,0,255,333,0,333,588
07/10/2017,PTK,MI,AGL,CE,Towers with Radar,2,14,74,0,90,0,1,27,0,28,2,15,101,0,118,137,0,137,255
07/11/2017,PTK,MI,AGL,CE,Towers with Radar,1,23,89,1,114,0,2,44,1,47,1,25,133,2,161,287,0,287,448
07/12/2017,PTK,MI,AGL,CE,Towers with Radar,3,37,92,0,132,0,4,98,2,104,3,41,190,2,236,323,0,323,559
07/13/2017,PTK,MI,AGL,CE,Towers with Radar,1,25,69,0,95,0,0,7,0,7,1,25,76,0,102,0,0,0,102
07/14/2017,PTK,MI,AGL,CE,Towers with Radar,5,25,88,0,118,0,3,86,0,89,5,28,174,0,207,278,0,278,485
07/15/2017,PTK,MI,AGL,CE,Towers with Radar,1,9,52,0,62,0,7,180,0,187,1,16,232,0,249,251,0,251,500
07/16/2017,PTK,MI,AGL,CE,Towers with Radar,2,12,86,0,100,0,1,57,0,58,2,13,143,0,158,209,0,209,367
07/17/2017,PTK,MI,AGL,CE,Towers with Radar,1,25,93,0,119,5,4,119,0,128,6,29,212,0,247,356,0,356,603
07/18/2017,PTK,MI,AGL,CE,Towers with Radar,0,24,103,0,127,6,7,153,0,166,6,31,256,0,293,179,0,179,472
07/19/2017,PTK,MI,AGL,CE,Towers with Radar,0,32,90,0,122,7,3,120,0,130,7,35,210,0,252,311,0,311,563
07/20/2017,PTK,MI,AGL,CE,Towers with Radar,2,33,104,0,139,5,2,89,2,98,7,35,193,2,237,275,0,275,512
07/21/2017,PTK,MI,AGL,CE,Towers with Radar,0,27,86,0,113,8,9,106,0,123,8,36,192,0,236,226,0,226,462
07/22/2017,PTK,MI,AGL,CE,Towers with Radar,4,16,56,0,76,2,0,55,0,57,6,16,111,0,133,182,0,182,315
07/23/2017,PTK,MI,AGL,CE,Towers with Radar,5,8,82,0,95,1,2,81,1,85,6,10,163,1,180,236,0,236,416
07/24/2017,PTK,MI,AGL,CE,Towers with Radar,5,14,104,0,123,3,4,78,0,85,8,18,182,0,208,219,0,219,427
07/25/2017,PTK,MI,AGL,CE,Towers with Radar,0,23,66,0,89,0,4,148,0,152,0,27,214,0,241,202,0,202,443
07/26/2017,PTK,MI,AGL,CE,Towers with Radar,1,27,121,0,149,3,4,151,0,158,4,31,272,0,307,133,0,133,440
07/27/2017,PTK,MI,AGL,CE,Towers with Radar,1,29,117,0,147,0,7,77,0,84,1,36,194,0,231,241,0,241,472
07/28/2017,PTK,MI,AGL,CE,Towers with Radar,3,29,87,0,119,0,5,119,0,124,3,34,206,0,243,128,0,128,371
07/29/2017,PTK,MI,AGL,CE,Towers with Radar,1,10,59,0,70,0,1,168,0,169,1,11,227,0,239,174,0,174,413
07/30/2017,PTK,MI,AGL,CE,Towers with Radar,0,28,75,0,103,0,0,191,2,193,0,28,266,2,296,179,0,179,475
07/31/2017,PTK,MI,AGL,CE,Towers with Radar,1,35,60,0,96,0,7,117,0,124,1,42,177,0,220,292,0,292,512
08/01/2017,PTK,MI,AGL,CE,Towers with Radar,0,30,82,0,112,1,6,155,0,162,1,36,237,0,274,271,0,271,545
08/02/2017,PTK,MI,AGL,CE,Towers with Radar,3,37,77,0,117,5,0,75,2,82,8,37,152,2,199,152,0,152,351
08/03/2017,PTK,MI,AGL,CE,Towers with Radar,2,47,93,0,142,0,0,55,0,55,2,47,148,0,197,194,0,194,391
08/04/2017,PTK,MI,AGL,CE,Towers with Radar,1,29,92,0,122,2,2,61,0,65,3,31,153,0,187,24,0,24,211
08/05/2017,PTK,MI,AGL,CE,Towers with Radar,1,14,57,0,72,0,3,173,1,177,1,17,230,1,249,146,0,146,395
08/06/2017,PTK,MI,AGL,CE,Towers with Radar,0,16,69,0,85,0,0,140,2,142,0,16,209,2,227,234,0,234,461
08/07/2017,PTK,MI,AGL,CE,Towers with Radar,2,25,77,2,106,0,7,127,0,134,2,32,204,2,240,329,0,329,569
08/08/2017,PTK,MI,AGL,CE,Towers with Radar,1,40,91,0,132,0,6,177,0,183,1,46,268,0,315,323,0,323,638
08/09/2017,PTK,MI,AGL,CE,Towers with Radar,4,24,71,0,99,0,3,184,0,187,4,27,255,0,286,169,0,169,455
08/10/2017,PTK,MI,AGL,CE,Towers with Radar,1,28,59,0,88,0,7,174,0,181,1,35,233,0,269,259,0,259,528
08/11/2017,PTK,MI,AGL,CE,Towers with Radar,2,28,86,0,116,1,4,71,0,76,3,32,157,0,192,172,0,172,364
08/12/2017,PTK,MI,AGL,CE,Towers with Radar,1,14,64,0,79,0,1,75,0,76,1,15,139,0,155,106,0,106,261
08/13/2017,PTK,MI,AGL,CE,Towers with Radar,0,18,86,0,104,0,3,182,0,185,0,21,268,0,289,180,0,180,469
08/14/2017,PTK,MI,AGL,CE,Towers with Radar,1,22,75,0,98,0,8,114,0,122,1,30,189,0,220,279,0,279,499
08/15/2017,PTK,MI,AGL,CE,Towers with Radar,1,27,81,0,109,0,6,111,0,117,1,33,192,0,226,174,0,174,400
08/16/2017,PTK,MI,AGL,CE,Towers with Radar,0,25,70,0,95,2,8,200,0,210,2,33,270,0,305,205,0,205,510
08/17/2017,PTK,MI,AGL,CE,Towers with Radar,3,34,71,0,108,0,2,12,0,14,3,36,83,0,122,76,0,76,198
08/18/2017,PTK,MI,AGL,CE,Towers with Radar,2,46,92,0,140,0,11,147,1,159,2,57,239,1,299,308,0,308,607
08/19/2017,PTK,MI,AGL,CE,Towers with Radar,0,12,54,0,66,0,2,146,0,148,0,14,200,0,214,273,0,273,487
08/20/2017,PTK,MI,AGL,CE,Towers with Radar,2,5,83,0,90,0,1,161,0,162,2,6,244,0,252,248,0,248,500
08/21/2017,PTK,MI,AGL,CE,Towers with Radar,1,33,83,0,117,0,7,141,1,149,1,40,224,1,266,227,0,227,493
08/22/2017,PTK,MI,AGL,CE,Towers with Radar,2,34,77,0,113,0,2,77,0,79,2,36,154,0,192,214,0,214,406
08/23/2017,PTK,MI,AGL,CE,Towers with Radar,1,40,78,0,119,1,6,186,0,193,2,46,264,0,312,137,0,137,449
08/24/2017,PTK,MI,AGL,CE,Towers with Radar,3,18,104,1,126,0,2,182,1,185,3,20,286,2,311,216,0,216,527
08/25/2017,PTK,MI,AGL,CE,Towers with Radar,1,36,83,0,120,4,5,199,2,210,5,41,282,2,330,303,0,303,633
08/26/2017,PTK,MI,AGL,CE,Towers with Radar,0,12,57,0,69,0,11,199,3,213,0,23,256,3,282,183,0,183,465
08/27/2017,PTK,MI,AGL,CE,Towers with Radar,0,15,80,2,97,0,4,181,1,186,0,19,261,3,283,671,0,671,954
08/28/2017,PTK,MI,AGL,CE,Towers with Radar,3,22,70,0,95,2,2,34,0,38,5,24,104,0,133,243,0,243,376
08/29/2017,PTK,MI,AGL,CE,Towers with Radar,7,34,95,0,136,0,1,15,0,16,7,35,110,0,152,22,0,22,174
08/30/2017,PTK,MI,AGL,CE,Towers with Radar,5,25,110,0,140,0,3,74,1,78,5,28,184,1,218,302,0,302,520
08/31/2017,PTK,MI,AGL,CE,Towers with Radar,0,30,93,0,123,0,5,97,0,102,0,35,190,0,225,109,0,109,334
09/01/2017,PTK,MI,AGL,CE,Towers with Radar,2,25,81,0,108,0,11,199,0,210,2,36,280,0,318,161,0,161,479
09/02/2017,PTK,MI,AGL,CE,Towers with Radar,0,10,35,0,45,0,0,172,0,172,0,10,207,0,217,258,0,258,475
09/03/2017,PTK,MI,AGL,CE,Towers with Radar,2,15,49,0,66,0,2,119,0,121,2,17,168,0,187,160,0,160,347
09/04/2017,PTK,MI,AGL,CE,Towers with Radar,2,13,55,0,70,0,1,66,0,67,2,14,121,0,137,42,0,42,179
09/05/2017,PTK,MI,AGL,CE,Towers with Radar,2,19,70,0,91,0,13,139,0,152,2,32,209,0,243,168,0,168,411
09/06/2017,PTK,MI,AGL,CE,Towers with Radar,0,32,91,0,123,0,6,101,0,107,0,38,192,0,230,172,0,172,402
09/07/2017,PTK,MI,AGL,CE,Towers with Radar,0,34,106,0,140,0,2,85,0,87,0,36,191,0,227,162,0,162,389
09/08/2017,PTK,MI,AGL,CE,Towers with Radar,2,38,105,0,145,0,8,116,0,124,2,46,221,0,269,140,0,140,409
09/09/2017,PTK,MI,AGL,CE,Towers with Radar,0,14,48,0,62,0,2,191,1,194,0,16,239,1,256,214,0,214,470
09/10/2017,PTK,MI,AGL,CE,Towers with Radar,1,24,57,0,82,0,4,161,0,165,1,28,218,0,247,285,0,285,532
09/11/2017,PTK,MI,AGL,CE,Towers with Radar,1,27,64,0,92,0,0,140,0,140,1,27,204,0,232,331,0,331,563
09/12/2017,PTK,MI,AGL,CE,Towers with Radar,2,16,64,0,82,0,2,115,0,117,2,18,179,0,199,191,0,191,390
09/13/2017,PTK,MI,AGL,CE,Towers with Radar,4,29,84,0,117,0,6,89,0,95,4,35,173,0,212,174,0,174,386
09/14/2017,PTK,MI,AGL,CE,Towers with Radar,0,29,90,0,119,0,0,86,0,86,0,29,176,0,205,200,0,200,405
09/15/2017,PTK,MI,AGL,CE,Towers with Radar,0,37,87,0,124,0,5,118,0,123,0,42,205,0,247,165,0,165,412
09/16/2017,PTK,MI,AGL,CE,Towers with Radar,0,7,58,0,65,0,0,135,0,135,0,7,193,0,200,216,0,216,416
09/17/2017,PTK,MI,AGL,CE,Towers with Radar,1,14,93,0,108,0,4,93,0,97,1,18,186,0,205,208,0,208,413
09/18/2017,PTK,MI,AGL,CE,Towers with Radar,1,27,102,0,130,0,0,28,0,28,1,27,130,0,158,49,0,49,207
09/19/2017,PTK,MI,AGL,CE,Towers with Radar,3,17,85,0,105,0,1,16,0,17,3,18,101,0,122,193,0,193,315
09/20/2017,PTK,MI,AGL,CE,Towers with Radar,4,25,89,0,118,0,1,86,0,87,4,26,175,0,205,170,0,170,375
09/21/2017,PTK,MI,AGL,CE,Towers with Radar,1,30,91,0,122,2,4,137,0,143,3,34,228,0,265,270,0,270,535
09/22/2017,PTK,MI,AGL,CE,Towers with Radar,2,25,65,0,92,0,1,124,0,125,2,26,189,0,217,193,0,193,410
09/23/2017,PTK,MI,AGL,CE,Towers with Radar,1,13,65,0,79,0,3,158,0,161,1,16,223,0,240,306,0,306,546
09/24/2017,PTK,MI,AGL,CE,Towers with Radar,0,12,68,0,80,0,2,171,0,173,0,14,239,0,253,252,0,252,505
09/25/2017,PTK,MI,AGL,CE,Towers with Radar,0,28,76,0,104,0,4,88,0,92,0,32,164,0,196,164,0,164,360
09/26/2017,PTK,MI,AGL,CE,Towers with Radar,0,21,72,1,94,0,3,120,2,125,0,24,192,3,219,233,0,233,452
09/27/2017,PTK,MI,AGL,CE,Towers with Radar,0,34,93,0,127,0,2,76,2,80,0,36,169,2,207,178,0,178,385
09/28/2017,PTK,MI,AGL,CE,Towers with Radar,0,29,89,1,119,0,6,114,9,129,0,35,203,10,248,209,0,209,457
09/29/2017,PTK,MI,AGL,CE,Towers with Radar,0,38,74,0,112,0,4,95,2,101,0,42,169,2,213,152,0,152,365
09/30/2017,PTK,MI,AGL,CE,Towers with Radar,0,12,57,0,69,0,6,189,1,196,0,18,246,1,265,220,0,220,485
10/01/2017,PTK,MI,AGL,CE,Towers with Radar,0,18,65,1,84,0,1,138,0,139,0,19,203,1,223,220,0,220,443
10/02/2017,PTK,MI,AGL,CE,Towers with Radar,1,25,79,0,105,0,4,307,0,311,1,29,386,0,416,408,0,408,824
10/03/2017,PTK,MI,AGL,CE,Towers with Radar,0,32,84,0,116,0,5,254,2,261,0,37,338,2,377,298,0,298,675
10/04/2017,PTK,MI,AGL,CE,Towers with Radar,2,28,108,0,138,0,3,54,0,57,2,31,162,0,195,247,0,247,442
10/05/2017,PTK,MI,AGL,CE,Towers with Radar,0,40,76,0,116,0,5,139,0,144,0,45,215,0,260,315,0,315,575
10/06/2017,PTK,MI,AGL,CE,Towers with Radar,0,33,88,0,121,0,0,17,0,17,0,33,105,0,138,214,0,214,352
10/07/2017,PTK,MI,AGL,CE,Towers with Radar,0,11,42,0,53,0,1,118,0,119,0,12,160,0,172,142,0,142,314
10/08/2017,PTK,MI,AGL,CE,Towers with Radar,1,12,86,0,99,0,1,155,3,159,1,13,241,3,258,259,0,259,517
10/09/2017,PTK,MI,AGL,CE,Towers with Radar,2,37,54,0,93,2,3,130,0,135,4,40,184,0,228,240,0,240,468
10/10/2017,PTK,MI,AGL,CE,Towers with Radar,1,24,67,0,92,0,6,116,0,122,1,30,183,0,214,222,0,222,436
10/11/2017,PTK,MI,AGL,CE,Towers with Radar,1,28,96,0,125,0,0,26,0,26,1,28,122,0,151,0,0,0,151
10/12/2017,PTK,MI,AGL,CE,Towers with Radar,3,27,111,0,141,0,0,0,0,0,3,27,111,0,141,6,0,6,147
10/13/2017,PTK,MI,AGL,CE,Towers with Radar,1,23,120,0,144,0,2,58,0,60,1,25,178,0,204,203,0,203,407
10/14/2017,PTK,MI,AGL,CE,Towers with Radar,3,11,68,0,82,0,2,3,0,5,3,13,71,0,87,16,0,16,103
10/15/2017,PTK,MI,AGL,CE,Towers with Radar,0,18,57,0,75,0,0,10,0,10,0,18,67,0,85,99,0,99,184
10/16/2017,PTK,MI,AGL,CE,Towers with Radar,1,26,75,0,102,0,8,144,0,152,1,34,219,0,254,176,0,176,430
10/17/2017,PTK,MI,AGL,CE,Towers with Radar,2,24,71,0,97,0,6,123,1,130,2,30,194,1,227,212,0,212,439
10/18/2017,PTK,MI,AGL,CE,Towers with Radar,1,28,84,0,113,0,4,149,0,153,1,32,233,0,266,214,0,214,480
10/19/2017,PTK,MI,AGL,CE,Towers with Radar,3,27,114,0,144,2,2,140,3,147,5,29,254,3,291,294,0,294,585
10/20/2017,PTK,MI,AGL,CE,Towers with Radar,2,45,95,0,142,0,8,173,0,181,2,53,268,0,323,273,0,273,596
10/21/2017,PTK,MI,AGL,CE,Towers with Radar,0,13,64,0,77,0,1,207,0,208,0,14,271,0,285,145,0,145,430
10/22/2017,PTK,MI,AGL,CE,Towers with Radar,6,15,73,0,94,0,1,179,0,180,6,16,252,0,274,135,0,135,409
10/23/2017,PTK,MI,AGL,CE,Towers with Radar,2,29,65,2,98,0,2,15,0,17,2,31,80,2,115,94,0,94,209
10/24/2017,PTK,MI,AGL,CE,Towers with Radar,3,29,79,0,111,0,0,2,0,2,3,29,81,0,113,63,0,63,176
10/25/2017,PTK,MI,AGL,CE,Towers with Radar,4,31,73,0,108,0,2,131,0,133,4,33,204,0,241,349,0,349,590
10/26/2017,PTK,MI,AGL,CE,Towers with Radar,4,34,77,0,115,0,3,163,0,166,4,37,240,0,281,286,0,286,567
10/27/2017,PTK,MI,AGL,CE,Towers with Radar,4,31,76,0,111,0,0,59,0,59,4,31,135,0,170,189,0,189,359
10/28/2017,PTK,MI,AGL,CE,Towers with Radar,1,8,60,0,69,0,4,114,0,118,1,12,174,0,187,301,0,301,488
10/29/2017,PTK,MI,AGL,CE,Towers with Radar,0,21,78,0,99,0,0,72,0,72,0,21,150,0,171,201,0,201,372
10/30/2017,PTK,MI,AGL,CE,Towers with Radar,1,24,88,0,113,0,5,38,0,43,1,29,126,0,156,233,0,233,389
10/31/2017,PTK,MI,AGL,CE,Towers with Radar,0,37,37,0,74,0,2,51,0,53,0,39,88,0,127,192,0,192,319
11/01/2017,PTK,MI,AGL,CE,Towers with Radar,3,36,85,0,124,0,0,88,0,88,3,36,173,0,212,229,0,229,441
11/02/2017,PTK,MI,AGL,CE,Towers with Radar,6,23,84,0,113,0,1,0,0,1,6,24,84,0,114,2,0,2,116
11/03/2017,PTK,MI,AGL,CE,Towers with Radar,2,36,109,0,147,1,6,123,5,135,3,42,232,5,282,197,0,197,479
11/04/2017,PTK,MI,AGL,CE,Towers with Radar,0,4,57,0,61,0,2,64,0,66,0,6,121,0,127,224,0,224,351
11/05/2017,PTK,MI,AGL,CE,Towers with Radar,0,13,62,0,75,0,0,0,0,0,0,13,62,0,75,17,0,17,92
11/06/2017,PTK,MI,AGL,CE,Towers with Radar,1,32,108,0,141,0,9,123,1,133,1,41,231,1,274,186,0,186,460
11/07/2017,PTK,MI,AGL,CE,Towers with Radar,1,37,83,0,121,0,2,104,0,106,1,39,187,0,227,276,0,276,503
11/08/2017,PTK,MI,AGL,CE,Towers with Radar,2,39,85,0,126,0,9,168,2,179,2,48,253,2,305,270,0,270,575
11/09/2017,PTK,MI,AGL,CE,Towers with Radar,4,26,86,0,116,0,2,43,0,45,4,28,129,0,161,83,0,83,244
11/10/2017,PTK,MI,AGL,CE,Towers with Radar,3,32,101,0,136,0,3,119,0,122,3,35,220,0,258,169,0,169,427
11/11/2017,PTK,MI,AGL,CE,Towers with Radar,3,14,46,0,63,0,11,140,0,151,3,25,186,0,214,229,0,229,443
11/12/2017,PTK,MI,AGL,CE,Towers with Radar,0,11,58,0,69,0,0,19,0,19,0,11,77,0,88,236,0,236,324
11/13/2017,PTK,MI,AGL,CE,Towers with Radar,1,29,101,0,131,0,2,41,0,43,1,31,142,0,174,196,0,196,370
11/14/2017,PTK,MI,AGL,CE,Towers with Radar,3,20,69,0,92,0,6,115,1,122,3,26,184,1,214,138,0,138,352
11/15/2017,PTK,MI,AGL,CE,Towers with Radar,0,31,93,0,124,0,2,29,1,32,0,33,122,1,156,15,0,15,171
11/16/2017,PTK,MI,AGL,CE,Towers with Radar,3,27,87,0,117,0,0,36,0,36,3,27,123,0,153,164,0,164,317
11/17/2017,PTK,MI,AGL,CE,Towers with Radar,1,37,80,0,118,0,0,76,0,76,1,37,156,0,194,180,0,180,374
11/18/2017,PTK,MI,AGL,CE,Towers with Radar,0,24,41,0,65,0,0,0,0,0,0,24,41,0,65,0,0,0,65
11/19/2017,PTK,MI,AGL,CE,Towers with Radar,0,25,75,0,100,0,0,40,0,40,0,25,115,0,140,152,0,152,292
11/20/2017,PTK,MI,AGL,CE,Towers with Radar,1,26,67,0,94,0,1,70,0,71,1,27,137,0,165,107,0,107,272
11/21/2017,PTK,MI,AGL,CE,Towers with Radar,1,26,75,0,102,0,4,55,0,59,1,30,130,0,161,90,0,90,251
11/22/2017,PTK,MI,AGL,CE,Towers with Radar,1,25,71,0,97,0,12,116,0,128,1,37,187,0,225,245,0,245,470
11/23/2017,PTK,MI,AGL,CE,Towers with Radar,1,11,20,0,32,0,0,34,0,34,1,11,54,0,66,20,0,20,86
11/24/2017,PTK,MI,AGL,CE,Towers with Radar,0,11,56,0,67,0,2,134,0,136,0,13,190,0,203,144,0,144,347
11/25/2017,PTK,MI,AGL,CE,Towers with Radar,1,17,43,0,61,0,1,61,0,62,1,18,104,0,123,385,0,385,508
11/26/2017,PTK,MI,AGL,CE,Towers with Radar,3,16,98,0,117,0,0,127,0,127,3,16,225,0,244,296,0,296,540
11/27/2017,PTK,MI,AGL,CE,Towers with Radar,1,26,83,1,111,0,5,94,1,100,1,31,177,2,211,278,0,278,489
11/28/2017,PTK,MI,AGL,CE,Towers with Radar,3,28,83,0,114,0,6,89,0,95,3,34,172,0,209,131,0,131,340
11/29/2017,PTK,MI,AGL,CE,Towers with Radar,0,27,63,0,90,0,1,102,0,103,0,28,165,0,193,353,0,353,546
11/30/2017,PTK,MI,AGL,CE,Towers with Radar,1,26,95,0,122,0,0,57,2,59,1,26,152,2,181,192,0,192,373
12/01/2017,PTK,MI,AGL,CE,Towers with Radar,0,26,87,0,113,0,2,153,0,155,0,28,240,0,268,351,0,351,619
12/02/2017,PTK,MI,AGL,CE,Towers with Radar,1,12,132,0,145,0,4,694,0,698,1,16,826,0,843,94,0,94,937
12/03/2017,PTK,MI,AGL,CE,Towers with Radar,0,12,60,0,72,0,3,171,0,174,0,15,231,0,246,331,0,331,577
12/04/2017,PTK,MI,AGL,CE,Towers with Radar,1,34,65,0,100,0,0,54,0,54,1,34,119,0,154,102,0,102,256
12/05/2017,PTK,MI,AGL,CE,Towers with Radar,1,30,76,0,107,0,5,27,0,32,1,35,103,0,139,33,0,33,172
12/06/2017,PTK,MI,AGL,CE,Towers with Radar,2,37,76,0,115,0,0,31,1,32,2,37,107,1,147,30,0,30,177
12/07/2017,PTK,MI,AGL,CE,Towers with Radar,3,33,107,0,143,0,3,44,4,51,3,36,151,4,194,213,0,213,407
12/08/2017,PTK,MI,AGL,CE,Towers with Radar,1,24,77,0,102,0,3,72,29,104,1,27,149,29,206,115,0,115,321
12/09/2017,PTK,MI,AGL,CE,Towers with Radar,0,11,28,0,39,0,0,1,0,1,0,11,29,0,40,12,0,12,52
12/10/2017,PTK,MI,AGL,CE,Towers with Radar,0,14,62,0,76,0,1,27,0,28,0,15,89,0,104,148,0,148,252
12/11/2017,PTK,MI,AGL,CE,Towers with Radar,0,49,93,0,142,0,0,8,0,8,0,49,101,0,150,0,0,0,150
12/12/2017,PTK,MI,AGL,CE,Towers with Radar,2,30,66,0,98,0,0,9,0,9,2,30,75,0,107,0,0,0,107
12/13/2017,PTK,MI,AGL,CE,Towers with Radar,2,27,64,0,93,0,0,2,0,2,2,27,66,0,95,0,0,0,95
12/14/2017,PTK,MI,AGL,CE,Towers with Radar,0,30,71,0,101,0,4,89,2,95,0,34,160,2,196,250,0,250,446
12/15/2017,PTK,MI,AGL,CE,Towers with Radar,1,32,70,0,103,0,1,11,0,12,1,33,81,0,115,34,0,34,149
12/16/2017,PTK,MI,AGL,CE,Towers with Radar,3,13,31,0,47,0,1,26,0,27,3,14,57,0,74,63,0,63,137
12/17/2017,PTK,MI,AGL,CE,Towers with Radar,1,20,49,0,70,0,0,3,0,3,1,20,52,0,73,14,0,14,87
12/18/2017,PTK,MI,AGL,CE,Towers with Radar,1,36,59,0,96,0,0,0,0,0,1,36,59,0,96,0,0,0,96
12/19/2017,PTK,MI,AGL,CE,Towers with Radar,2,31,80,0,113,0,4,94,0,98,2,35,174,0,211,327,0,327,538
12/20/2017,PTK,MI,AGL,CE,Towers with Radar,0,34,81,0,115,0,2,106,0,108,0,36,187,0,223,258,0,258,481
12/21/2017,PTK,MI,AGL,CE,Towers with Radar,2,44,73,0,119,0,3,76,0,79,2,47,149,0,198,218,0,218,416
12/22/2017,PTK,MI,AGL,CE,Towers with Radar,0,35,65,0,100,0,5,18,0,23,0,40,83,0,123,111,0,111,234
12/23/2017,PTK,MI,AGL,CE,Towers with Radar,2,10,46,0,58,0,0,56,0,56,2,10,102,0,114,165,0,165,279
12/24/2017,PTK,MI,AGL,CE,Towers with Radar,0,6,9,0,15,0,0,18,0,18,0,6,27,0,33,112,0,112,145
12/25/2017,PTK,MI,AGL,CE,Towers with Radar,0,6,17,0,23,0,0,0,0,0,0,6,17,0,23,0,0,0,23
12/26/2017,PTK,MI,AGL,CE,Towers with Radar,0,41,62,0,103,0,0,29,0,29,0,41,91,0,132,93,0,93,225
12/27/2017,PTK,MI,AGL,CE,Towers with Radar,4,25,61,0,90,0,4,63,0,67,4,29,124,0,157,167,0,167,324
12/28/2017,PTK,MI,AGL,CE,Towers with Radar,0,18,35,0,53,2,3,60,0,65,2,21,95,0,118,154,0,154,272
12/29/2017,PTK,MI,AGL,CE,Towers with Radar,2,7,56,0,65,0,0,24,0,24,2,7,80,0,89,184,0,184,273
12/30/2017,PTK,MI,AGL,CE,Towers with Radar,1,9,27,0,37,0,0,25,0,25,1,9,52,0,62,148,0,148,210
12/31/2017,PTK,MI,AGL,CE,Towers with Radar,0,11,35,0,46,0,8,66,0,74,0,19,101,0,120,125,0,125,245
01/01/2018,PTK,MI,AGL,CE,Towers with Radar,0,9,30,0,39,0,0,10,0,10,0,9,40,0,49,4,0,4,53
01/02/2018,PTK,MI,AGL,CE,Towers with Radar,2,22,60,0,84,0,5,33,0,38,2,27,93,0,122,168,0,168,290
01/03/2018,PTK,MI,AGL,CE,Towers with Radar,2,25,46,0,73,0,0,2,0,2,2,25,48,0,75,16,0,16,91
01/04/2018,PTK,MI,AGL,CE,Towers with Radar,3,28,42,0,73,0,0,50,0,50,3,28,92,0,123,51,0,51,174
01/05/2018,PTK,MI,AGL,CE,Towers with Radar,3,29,43,0,75,0,1,28,0,29,3,30,71,0,104,41,0,41,145
01/06/2018,PTK,MI,AGL,CE,Towers with Radar,3,14,34,0,51,0,2,81,0,83,3,16,115,0,134,195,0,195,329
01/07/2018,PTK,MI,AGL,CE,Towers with Radar,0,13,45,0,58,0,0,36,0,36,0,13,81,0,94,52,0,52,146
01/08/2018,PTK,MI,AGL,CE,Towers with Radar,1,21,59,0,81,0,3,10,0,13,1,24,69,0,94,47,0,47,141
01/09/2018,PTK,MI,AGL,CE,Towers with Radar,3,18,78,0,99,0,1,66,0,67,3,19,144,0,166,158,0,158,324
01/10/2018,PTK,MI,AGL,CE,Towers with Radar,3,15,52,0,70,0,0,0,0,0,3,15,52,0,70,0,0,0,70
01/11/2018,PTK,MI,AGL,CE,Towers with Radar,3,17,80,0,100,0,1,14,0,15,3,18,94,0,115,4,0,4,119
01/12/2018,PTK,MI,AGL,CE,Towers with Radar,2,23,55,0,80,0,2,6,0,8,2,25,61,0,88,8,0,8,96
01/13/2018,PTK,MI,AGL,CE,Towers with Radar,0,6,39,0,45,0,0,69,0,69,0,6,108,0,114,191,0,191,305
01/14/2018,PTK,MI,AGL,CE,Towers with Radar,5,15,54,0,74,0,4,116,0,120,5,19,170,0,194,297,0,297,491
01/15/2018,PTK,MI,AGL,CE,Towers with Radar,2,24,76,0,102,0,0,0,0,0,2,24,76,0,102,0,0,0,102
01/16/2018,PTK,MI,AGL,CE,Towers with Radar,6,31,73,0,110,0,0,0,0,0,6,31,73,0,110,35,0,35,145
01/17/2018,PTK,MI,AGL,CE,Towers with Radar,4,28,77,0,109,2,5,101,0,108,6,33,178,0,217,224,0,224,441
01/18/2018,PTK,MI,AGL,CE,Towers with Radar,5,27,66,0,98,1,5,60,2,68,6,32,126,2,166,194,0,194,360
01/19/2018,PTK,MI,AGL,CE,Towers with Radar,3,38,72,0,113,1,10,111,0,122,4,48,183,0,235,234,0,234,469
01/20/2018,PTK,MI,AGL,CE,Towers with Radar,6,18,81,0,105,0,5,163,1,169,6,23,244,1,274,337,0,337,611
01/21/2018,PTK,MI,AGL,CE,Towers with Radar,0,16,37,0,53,0,0,1,0,1,0,16,38,0,54,45,0,45,99
01/22/2018,PTK,MI,AGL,CE,Towers with Radar,7,44,64,0,115,0,1,13,0,14,7,45,77,0,129,35,0,35,164
01/23/2018,PTK,MI,AGL,CE,Towers with Radar,5,31,67,0,103,0,1,19,0,20,5,32,86,0,123,39,0,39,162
01/24/2018,PTK,MI,AGL,CE,Towers with Radar,6,25,80,0,111,0,1,165,0,166,6,26,245,0,277,263,0,263,540
01/25/2018,PTK,MI,AGL,CE,Towers with Radar,4,39,71,0,114,0,7,130,0,137,4,46,201,0,251,244,0,244,495
01/26/2018,PTK,MI,AGL,CE,Towers with Radar,2,26,84,0,112,1,3,129,3,136,3,29,213,3,248,206,0,206,454
01/27/2018,PTK,MI,AGL,CE,Towers with Radar,3,9,50,0,62,0,3,96,0,99,3,12,146,0,161,269,0,269,430
01/28/2018,PTK,MI,AGL,CE,Towers with Radar,3,16,65,0,84,1,2,133,0,136,4,18,198,0,220,297,0,297,517
01/29/2018,PTK,MI,AGL,CE,Towers with Radar,0,20,63,0,83,0,0,5,0,5,0,20,68,0,88,0,0,0,88
01/30/2018,PTK,MI,AGL,CE,Towers with Radar,4,20,90,0,114,2,4,110,1,117,6,24,200,1,231,165,0,165,396
01/31/2018,PTK,MI,AGL,CE,Towers with Radar,3,43,88,0,134,2,2,40,0,44,5,45,128,0,178,71,0,71,249
02/01/2018,PTK,MI,AGL,CE,Towers with Radar,7,16,73,0,96,1,0,69,0,70,8,16,142,0,166,69,0,69,235
02/02/2018,PTK,MI,AGL,CE,Towers with Radar,3,18,67,0,88,1,1,69,0,71,4,19,136,0,159,117,0,117,276
02/03/2018,PTK,MI,AGL,CE,Towers with Radar,3,16,58,0,77,2,0,46,0,48,5,16,104,0,125,99,0,99,224
02/04/2018,PTK,MI,AGL,CE,Towers with Radar,0,9,34,0,43,0,0,0,0,0,0,9,34,0,43,0,0,0,43
02/05/2018,PTK,MI,AGL,CE,Towers with Radar,0,35,63,0,98,0,7,84,0,91,0,42,147,0,189,88,0,88,277
02/06/2018,PTK,MI,AGL,CE,Towers with Radar,0,14,55,0,69,0,2,98,1,101,0,16,153,1,170,120,0,120,290
02/07/2018,PTK,MI,AGL,CE,Towers with Radar,1,9,60,0,70,0,0,49,0,49,1,9,109,0,119,224,0,224,343
02/08/2018,PTK,MI,AGL,CE,Towers with Radar,5,31,97,0,133,0,0,46,0,46,5,31,143,0,179,244,0,244,423
02/09/2018,PTK,MI,AGL,CE,Towers with Radar,3,13,34,0,50,0,0,0,0,0,3,13,34,0,50,0,0,0,50
02/10/2018,PTK,MI,AGL,CE,Towers with Radar,4,10,27,0,41,0,0,0,0,0,4,10,27,0,41,9,0,9,50
02/11/2018,PTK,MI,AGL,CE,Towers with Radar,2,19,49,0,70,0,0,0,0,0,2,19,49,0,70,20,0,20,90
02/12/2018,PTK,MI,AGL,CE,Towers with Radar,3,31,63,0,97,0,6,124,0,130,3,37,187,0,227,166,0,166,393
02/13/2018,PTK,MI,AGL,CE,Towers with Radar,2,28,67,0,97,0,11,163,0,174,2,39,230,0,271,131,0,131,402
02/14/2018,PTK,MI,AGL,CE,Towers with Radar,2,28,72,0,102,0,1,77,0,78,2,29,149,0,180,176,0,176,356
02/15/2018,PTK,MI,AGL,CE,Towers with Radar,5,28,76,2,111,0,0,0,0,0,5,28,76,2,111,0,0,0,111
02/16/2018,PTK,MI,AGL,CE,Towers with Radar,4,29,85,0,118,0,4,67,0,71,4,33,152,0,189,172,0,172,361
02/17/2018,PTK,MI,AGL,CE,Towers with Radar,2,10,49,0,61,0,0,120,0,120,2,10,169,0,181,268,0,268,449
02/18/2018,PTK,MI,AGL,CE,Towers with Radar,2,12,65,0,79,0,2,138,0,140,2,14,203,0,219,218,0,218,437
02/19/2018,PTK,MI,AGL,CE,Towers with Radar,2,32,59,0,93,0,0,0,0,0,2,32,59,0,93,0,0,0,93
02/20/2018,PTK,MI,AGL,CE,Towers with Radar,4,36,67,0,107,0,0,0,0,0,4,36,67,0,107,13,0,13,120
02/21/2018,PTK,MI,AGL,CE,Towers with Radar,5,21,99,0,125,0,1,35,0,36,5,22,134,0,161,73,0,73,234
02/22/2018,PTK,MI,AGL,CE,Towers with Radar,4,29,89,0,122,0,2,101,0,103,4,31,190,0,225,213,0,213,438
02/23/2018,PTK,MI,AGL,CE,Towers with Radar,7,38,58,0,103,0,0,0,0,0,7,38,58,0,103,4,0,4,107
02/24/2018,PTK,MI,AGL,CE,Towers with Radar,2,13,51,2,68,0,4,77,0,81,2,17,128,2,149,185,0,185,334
02/25/2018,PTK,MI,AGL,CE,Towers with Radar,2,18,69,0,89,0,1,28,0,29,2,19,97,0,118,57,0,57,175
02/26/2018,PTK,MI,AGL,CE,Towers with Radar,2,30,61,0,93,0,12,130,0,142,2,42,191,0,235,200,0,200,435
02/27/2018,PTK,MI,AGL,CE,Towers with Radar,2,23,90,3,118,0,5,144,2,151,2,28,234,5,269,405,0,405,674
02/28/2018,PTK,MI,AGL,CE,Towers with Radar,3,23,80,0,106,0,4,109,1,114,3,27,189,1,220,176,0,176,396
03/01/2018,PTK,MI,AGL,CE,Towers with Radar,2,22,59,0,83,0,0,0,0,0,2,22,59,0,83,0,0,0,83
03/02/2018,PTK,MI,AGL,CE,Towers with Radar,1,28,72,0,101,0,3,56,0,59,1,31,128,0,160,106,0,106,266
03/03/2018,PTK,MI,AGL,CE,Towers with Radar,0,21,70,0,91,0,4,172,1,177,0,25,242,1,268,282,0,282,550
03/04/2018,PTK,MI,AGL,CE,Towers with Radar,1,29,72,0,102,0,2,197,0,199,1,31,269,0,301,254,0,254,555
03/05/2018,PTK,MI,AGL,CE,Towers with Radar,2,25,61,0,88,0,7,115,0,122,2,32,176,0,210,283,0,283,493
03/06/2018,PTK,MI,AGL,CE,Towers with Radar,1,28,76,0,105,0,1,30,0,31,1,29,106,0,136,52,0,52,188
03/07/2018,PTK,MI,AGL,CE,Towers with Radar,0,20,68,0,88,0,0,1,0,1,0,20,69,0,89,2,0,2,91
03/08/2018,PTK,MI,AGL,CE,Towers with Radar,2,21,67,0,90,0,0,0,0,0,2,21,67,0,90,0,0,0,90
03/09/2018,PTK,MI,AGL,CE,Towers with Radar,2,37,67,0,106,0,3,85,0,88,2,40,152,0,194,336,0,336,530
03/10/2018,PTK,MI,AGL,CE,Towers with Radar,0,14,43,0,57,0,2,187,0,189,0,16,230,0,246,280,0,280,526
03/11/2018,PTK,MI,AGL,CE,Towers with Radar,2,17,52,0,71,0,1,144,0,145,2,18,196,0,216,167,0,167,383
03/12/2018,PTK,MI,AGL,CE,Towers with Radar,3,20,52,0,75,0,1,5,0,6,3,21,57,0,81,46,0,46,127
03/13/2018,PTK,MI,AGL,CE,Towers with Radar,0,28,71,0,99,0,8,27,0,35,0,36,98,0,134,196,0,196,330
03/14/2018,PTK,MI,AGL,CE,Towers with Radar,0,25,90,0,115,0,2,78,0,80,0,27,168,0,195,253,0,253,448
03/15/2018,PTK,MI,AGL,CE,Towers with Radar,1,28,94,0,123,0,1,60,0,61,1,29,154,0,184,215,0,215,399
03/16/2018,PTK,MI,AGL,CE,Towers with Radar,0,23,86,0,109,0,0,118,0,118,0,23,204,0,227,257,0,257,484
03/17/2018,PTK,MI,AGL,CE,Towers with Radar,0,15,45,0,60,0,2,183,0,185,0,17,228,0,245,369,0,369,614
03/18/2018,PTK,MI,AGL,CE,Towers with Radar,0,15,69,0,84,0,1,171,0,172,0,16,240,0,256,294,0,294,550
03/19/2018,PTK,MI,AGL,CE,Towers with Radar,0,21,73,0,94,0,8,95,0,103,0,29,168,0,197,172,0,172,369
03/20/2018,PTK,MI,AGL,CE,Towers with Radar,0,23,77,0,100,0,4,106,1,111,0,27,183,1,211,119,0,119,330
03/21/2018,PTK,MI,AGL,CE,Towers with Radar,2,23,61,0,86,0,5,72,0,77,2,28,133,0,163,118,0,118,281
03/22/2018,PTK,MI,AGL,CE,Towers with Radar,4,30,103,2,139,0,2,145,0,147,4,32,248,2,286,182,0,182,468
03/23/2018,PTK,MI,AGL,CE,Towers with Radar,0,32,71,0,103,0,2,126,0,128,0,34,197,0,231,291,0,291,522
03/24/2018,PTK,MI,AGL,CE,Towers with Radar,0,11,47,0,58,0,5,131,0,136,0,16,178,0,194,136,0,136,330
03/25/2018,PTK,MI,AGL,CE,Towers with Radar,0,21,70,0,91,0,3,162,1,166,0,24,232,1,257,275,0,275,532
03/26/2018,PTK,MI,AGL,CE,Towers with Radar,1,32,71,0,104,0,5,80,0,85,1,37,151,0,189,130,0,130,319
03/27/2018,PTK,MI,AGL,CE,Towers with Radar,3,26,57,0,86,0,0,0,0,0,3,26,57,0,86,0,0,0,86
03/28/2018,PTK,MI,AGL,CE,Towers with Radar,6,27,74,0,107,0,2,76,0,78,6,29,150,0,185,239,0,239,424
03/29/2018,PTK,MI,AGL,CE,Towers with Radar,1,38,65,2,106,0,0,3,2,5,1,38,68,4,111,36,0,36,147
03/30/2018,PTK,MI,AGL,CE,Towers with Radar,3,31,51,0,85,0,5,131,0,136,3,36,182,0,221,245,0,245,466
03/31/2018,PTK,MI,AGL,CE,Towers with Radar,1,12,45,0,58,0,0,64,0,64,1,12,109,0,122,89,0,89,211
04/01/2018,PTK,MI,AGL,CE,Towers with Radar,2,8,38,0,48,0,0,38,0,38,2,8,76,0,86,131,0,131,217
04/02/2018,PTK,MI,AGL,CE,Towers with Radar,4,23,71,0,98,0,10,108,0,118,4,33,179,0,216,376,0,376,592
04/03/2018,PTK,MI,AGL,CE,Towers with Radar,3,13,40,0,56,0,1,10,0,11,3,14,50,0,67,36,0,36,103
04/04/2018,PTK,MI,AGL,CE,Towers with Radar,2,10,38,0,50,0,0,1,0,1,2,10,39,0,51,0,0,0,51
04/05/2018,PTK,MI,AGL,CE,Towers with Radar,1,20,66,1,88,0,5,108,2,115,1,25,174,3,203,216,0,216,419
04/06/2018,PTK,MI,AGL,CE,Towers with Radar,0,35,66,0,101,0,0,17,0,17,0,35,83,0,118,24,0,24,142
04/07/2018,PTK,MI,AGL,CE,Towers with Radar,4,12,57,0,73,0,3,151,0,154,4,15,208,0,227,214,0,214,441
04/08/2018,PTK,MI,AGL,CE,Towers with Radar,2,22,78,0,102,0,0,171,2,173,2,22,249,2,275,352,0,352,627
04/09/2018,PTK,MI,AGL,CE,Towers with Radar,4,18,83,1,106,0,1,20,0,21,4,19,103,1,127,66,0,66,193
04/10/2018,PTK,MI,AGL,CE,Towers with Radar,2,18,68,1,89,2,2,111,3,118,4,20,179,4,207,216,0,216,423
04/11/2018,PTK,MI,AGL,CE,Towers with Radar,2,27,83,0,112,3,2,59,0,64,5,29,142,0,176,139,0,139,315
04/12/2018,PTK,MI,AGL,CE,Towers with Radar,2,30,80,0,112,0,2,32,0,34,2,32,112,0,146,105,0,105,251
04/13/2018,PTK,MI,AGL,CE,Towers with Radar,1,24,88,0,113,2,0,66,1,69,3,24,154,1,182,275,0,275,457
04/14/2018,PTK,MI,AGL,CE,Towers with Radar,0,14,36,0,50,0,0,0,0,0,0,14,36,0,50,0,0,0,50
04/15/2018,PTK,MI,AGL,CE,Towers with Radar,0,10,38,0,48,0,0,0,0,0,0,10,38,0,48,0,0,0,48
04/16/2018,PTK,MI,AGL,CE,Towers with Radar,4,30,51,0,85,0,0,7,0,7,4,30,58,0,92,0,0,0,92
04/17/2018,PTK,MI,AGL,CE,Towers with Radar,1,32,81,0,114,0,2,39,0,41,1,34,120,0,155,130,0,130,285
04/18/2018,PTK,MI,AGL,CE,Towers with Radar,5,25,72,0,102,0,3,104,0,107,5,28,176,0,209,183,0,183,392
04/19/2018,PTK,MI,AGL,CE,Towers with Radar,1,26,72,1,100,0,3,93,0,96,1,29,165,1,196,103,0,103,299
04/20/2018,PTK,MI,AGL,CE,Towers with Radar,3,31,47,0,81,0,5,185,0,190,3,36,232,0,271,171,0,171,442
04/21/2018,PTK,MI,AGL,CE,Towers with Radar,0,14,46,0,60,0,2,200,0,202,0,16,246,0,262,313,0,313,575
04/22/2018,PTK,MI,AGL,CE,Towers with Radar,2,13,60,0,75,0,3,139,0,142,2,16,199,0,217,181,0,181,398
04/23/2018,PTK,MI,AGL,CE,Towers with Radar,1,22,82,0,105,0,7,111,0,118,1,29,193,0,223,169,0,169,392
04/24/2018,PTK,MI,AGL,CE,Towers with Radar,6,23,85,0,114,0,3,24,0,27,6,26,109,0,141,109,0,109,250
04/25/2018,PTK,MI,AGL,CE,Towers with Radar,5,25,79,0,109,0,0,58,0,58,5,25,137,0,167,101,0,101,268
04/26/2018,PTK,MI,AGL,CE,Towers with Radar,2,24,79,0,105,0,1,127,0,128,2,25,206,0,233,261,0,261,494
04/27/2018,PTK,MI,AGL,CE,Towers with Radar,1,34,69,0,104,0,5,105,0,110,1,39,174,0,214,248,0,248,462
04/28/2018,PTK,MI,AGL,CE,Towers with Radar,1,10,36,0,47,0,1,59,0,60,1,11,95,0,107,230,0,230,337
04/29/2018,PTK,MI,AGL,CE,Towers with Radar,2,28,55,0,85,0,0,152,0,152,2,28,207,0,237,284,0,284,521
04/30/2018,PTK,MI,AGL,CE,Towers with Radar,1,26,67,0,94,0,6,118,0,124,1,32,185,0,218,185,0,185,403
05/01/2018,PTK,MI,AGL,CE,Towers with Radar,1,27,71,0,99,1,3,111,0,115,2,30,182,0,214,212,0,212,426
05/02/2018,PTK,MI,AGL,CE,Towers with Radar,3,21,77,0,101,1,2,92,0,95,4,23,169,0,196,137,0,137,333
05/03/2018,PTK,MI,AGL,CE,Towers with Radar,3,32,68,0,103,0,0,2,0,2,3,32,70,0,105,42,0,42,147
05/04/2018,PTK,MI,AGL,CE,Towers with Radar,1,30,64,0,95,1,0,31,0,32,2,30,95,0,127,21,0,21,148
05/05/2018,PTK,MI,AGL,CE,Towers with Radar,0,22,65,0,87,0,2,189,0,191,0,24,254,0,278,168,0,168,446
05/06/2018,PTK,MI,AGL,CE,Towers with Radar,0,16,60,0,76,0,1,108,0,109,0,17,168,0,185,212,0,212,397
05/07/2018,PTK,MI,AGL,CE,Towers with Radar,1,23,74,3,101,0,3,158,1,162,1,26,232,4,263,315,0,315,578
05/08/2018,PTK,MI,AGL,CE,Towers with Radar,1,34,65,0,100,2,5,221,3,231,3,39,286,3,331,263,0,263,594
05/09/2018,PTK,MI,AGL,CE,Towers with Radar,3,34,84,0,121,5,2,117,0,124,8,36,201,0,245,300,0,300,545
05/10/2018,PTK,MI,AGL,CE,Towers with Radar,1,29,88,2,120,0,1,98,2,101,1,30,186,4,221,284,0,284,505
05/11/2018,PTK,MI,AGL,CE,Towers with Radar,0,44,68,4,116,0,0,32,0,32,0,44,100,4,148,153,0,153,301
05/12/2018,PTK,MI,AGL,CE,Towers with Radar,0,13,59,0,72,0,0,17,0,17,0,13,76,0,89,35,0,35,124
05/13/2018,PTK,MI,AGL,CE,Towers with Radar,2,21,64,0,87,0,1,98,0,99,2,22,162,0,186,275,0,275,461
05/14/2018,PTK,MI,AGL,CE,Towers with Radar,1,27,65,0,93,0,3,99,0,102,1,30,164,0,195,348,0,348,543
05/15/2018,PTK,MI,AGL,CE,Towers with Radar,1,29,84,0,114,0,1,69,0,70,1,30,153,0,184,287,0,287,471
05/16/2018,PTK,MI,AGL,CE,Towers with Radar,1,30,88,0,119,0,8,197,1,206,1,38,285,1,325,483,0,483,808
05/17/2018,PTK,MI,AGL,CE,Towers with Radar,2,33,69,2,106,0,5,190,2,197,2,38,259,4,303,233,0,233,536
05/18/2018,PTK,MI,AGL,CE,Towers with Radar,3,41,77,1,122,0,0,92,1,93,3,41,169,2,215,295,0,295,510
05/19/2018,PTK,MI,AGL,CE,Towers with Radar,1,16,53,0,70,0,0,6,0,6,1,16,59,0,76,57,0,57,133
05/20/2018,PTK,MI,AGL,CE,Towers with Radar,0,17,54,1,72,0,2,24,0,26,0,19,78,1,98,309,0,309,407
05/21/2018,PTK,MI,AGL,CE,Towers with Radar,1,29,60,0,90,0,0,75,0,75,1,29,135,0,165,165,0,165,330
05/22/2018,PTK,MI,AGL,CE,Towers with Radar,0,27,93,0,120,0,1,46,0,47,0,28,139,0,167,416,0,416,583
05/23/2018,PTK,MI,AGL,CE,Towers with Radar,0,30,80,0,110,0,2,183,1,186,0,32,263,1,296,279,0,279,575
05/24/2018,PTK,MI,AGL,CE,Towers with Radar,3,34,72,0,109,0,5,149,2,156,3,39,221,2,265,203,0,203,468
05/25/2018,PTK,MI,AGL,CE,Towers with Radar,0,34,81,0,115,0,9,177,0,186,0,43,258,0,301,268,0,268,569
05/26/2018,PTK,MI,AGL,CE,Towers with Radar,0,9,50,0,59,0,5,125,0,130,0,14,175,0,189,172,0,172,361
05/27/2018,PTK,MI,AGL,CE,Towers with Radar,2,10,33,0,45,0,1,80,0,81,2,11,113,0,126,272,0,272,398
05/28/2018,PTK,MI,AGL,CE,Towers with Radar,0,17,68,0,85,0,1,88,4,93,0,18,156,4,178,156,0,156,334
05/29/2018,PTK,MI,AGL,CE,Towers with Radar,2,35,99,2,138,0,4,130,0,134,2,39,229,2,272,259,0,259,531
05/30/2018,PTK,MI,AGL,CE,Towers with Radar,1,38,83,0,122,0,1,124,0,125,1,39,207,0,247,211,0,211,458
05/31/2018,PTK,MI,AGL,CE,Towers with Radar,1,36,110,0,147,0,3,123,0,126,1,39,233,0,273,330,0,330,603
06/01/2018,PTK,MI,AGL,CE,Towers with Radar,0,33,90,1,124,0,3,81,0,84,0,36,171,1,208,198,0,198,406
06/02/2018,PTK,MI,AGL,CE,Towers with Radar,0,18,78,0,96,0,7,108,0,115,0,25,186,0,211,382,0,382,593
06/03/2018,PTK,MI,AGL,CE,Towers with Radar,0,18,79,1,98,0,2,35,2,39,0,20,114,3,137,153,0,153,290
06/04/2018,PTK,MI,AGL,CE,Towers with Radar,1,26,67,2,96,2,11,135,1,149,3,37,202,3,245,167,0,167,412
06/05/2018,PTK,MI,AGL,CE,Towers with Radar,2,41,88,1,132,0,11,186,0,197,2,52,274,1,329,310,0,310,639
06/06/2018,PTK,MI,AGL,CE,Towers with Radar,2,37,92,0,131,0,4,186,0,190,2,41,278,0,321,383,0,383,704
06/07/2018,PTK,MI,AGL,CE,Towers with Radar,5,38,78,0,121,2,5,158,2,167,7,43,236,2,288,406,0,406,694
06/08/2018,PTK,MI,AGL,CE,Towers with Radar,2,35,89,0,126,0,2,178,0,180,2,37,267,0,306,148,0,148,454
06/09/2018,PTK,MI,AGL,CE,Towers with Radar,3,15,62,0,80,0,2,51,0,53,3,17,113,0,133,210,0,210,343
06/10/2018,PTK,MI,AGL,CE,Towers with Radar,0,19,121,0,140,0,2,65,0,67,0,21,186,0,207,293,0,293,500
06/11/2018,PTK,MI,AGL,CE,Towers with Radar,3,34,63,0,100,0,10,127,2,139,3,44,190,2,239,284,0,284,523
06/12/2018,PTK,MI,AGL,CE,Towers with Radar,0,31,91,0,122,0,3,106,1,110,0,34,197,1,232,242,0,242,474
06/13/2018,PTK,MI,AGL,CE,Towers with Radar,0,36,88,0,124,1,3,98,0,102,1,39,186,0,226,372,0,372,598
06/14/2018,PTK,MI,AGL,CE,Towers with Radar,1,33,101,1,136,0,4,211,0,215,1,37,312,1,351,336,0,336,687
06/15/2018,PTK,MI,AGL,CE,Towers with Radar,1,30,110,1,142,0,6,146,0,152,1,36,256,1,294,157,0,157,451
06/16/2018,PTK,MI,AGL,CE,Towers with Radar,0,22,60,0,82,0,5,148,0,153,0,27,208,0,235,185,0,185,420
06/17/2018,PTK,MI,AGL,CE,Towers with Radar,0,24,49,0,73,0,3,146,0,149,0,27,195,0,222,128,0,128,350
06/18/2018,PTK,MI,AGL,CE,Towers with Radar,0,20,76,0,96,0,1,96,0,97,0,21,172,0,193,206,0,206,399
06/19/2018,PTK,MI,AGL,CE,Towers with Radar,1,29,88,0,118,0,5,116,0,121,1,34,204,0,239,426,0,426,665
06/20/2018,PTK,MI,AGL,CE,Towers with Radar,0,34,82,0,116,0,3,150,0,153,0,37,232,0,269,416,0,416,685
06/21/2018,PTK,MI,AGL,CE,Towers with Radar,1,38,94,0,133,0,5,201,2,208,1,43,295,2,341,340,0,340,681
06/22/2018,PTK,MI,AGL,CE,Towers with Radar,1,42,93,0,136,0,1,75,0,76,1,43,168,0,212,200,0,200,412
06/23/2018,PTK,MI,AGL,CE,Towers with Radar,0,14,48,0,62,0,0,11,0,11,0,14,59,0,73,249,0,249,322
06/24/2018,PTK,MI,AGL,CE,Towers with Radar,1,30,91,0,122,0,1,43,0,44,1,31,134,0,166,235,0,235,401
06/25/2018,PTK,MI,AGL,CE,Towers with Radar,0,26,90,0,116,0,4,154,0,158,0,30,244,0,274,374,0,374,648
06/26/2018,PTK,MI,AGL,CE,Towers with Radar,1,28,88,0,117,0,3,142,0,145,1,31,230,0,262,228,0,228,490
06/27/2018,PTK,MI,AGL,CE,Towers with Radar,2,34,99,0,135,0,0,7,0,7,2,34,106,0,142,32,0,32,174
06/28/2018,PTK,MI,AGL,CE,Towers with Radar,2,35,103,0,140,0,2,166,1,169,2,37,269,1,309,149,0,149,458
06/29/2018,PTK,MI,AGL,CE,Towers with Radar,3,42,109,0,154,0,4,112,0,116,3,46,221,0,270,170,0,170,440
06/30/2018,PTK,MI,AGL,CE,Towers with Radar,0,17,59,0,76,0,4,138,0,142,0,21,197,0,218,242,0,242,460
07/01/2018,PTK,MI,AGL,CE,Towers with Radar,0,18,71,0,89,0,0,102,0,102,0,18,173,0,191,194,0,194,385
07/02/2018,PTK,MI,AGL,CE,Towers with Radar,0,21,44,0,65,1,0,89,0,90,1,21,133,0,155,348,0,348,503
07/03/2018,PTK,MI,AGL,CE,Towers with Radar,0,20,74,0,94,0,5,149,0,154,0,25,223,0,248,248,0,248,496
07/04/2018,PTK,MI,AGL,CE,Towers with Radar,0,10,27,0,37,0,0,52,5,57,0,10,79,5,94,36,0,36,130
07/05/2018,PTK,MI,AGL,CE,Towers with Radar,0,24,48,0,72,0,0,71,0,71,0,24,119,0,143,256,0,256,399
07/06/2018,PTK,MI,AGL,CE,Towers with Radar,0,20,58,0,78,0,5,128,0,133,0,25,186,0,211,229,0,229,440
07/07/2018,PTK,MI,AGL,CE,Towers with Radar,0,12,59,0,71,0,0,204,1,205,0,12,263,1,276,264,0,264,540
07/08/2018,PTK,MI,AGL,CE,Towers with Radar,0,30,88,0,118,0,14,159,0,173,0,44,247,0,291,277,0,277,568
07/09/2018,PTK,MI,AGL,CE,Towers with Radar,1,31,74,0,106,0,0,18,4,22,1,31,92,4,128,0,0,0,128
07/10/2018,PTK,MI,AGL,CE,Towers with Radar,0,32,60,0,92,0,3,129,4,136,0,35,189,4,228,212,0,212,440
07/11/2018,PTK,MI,AGL,CE,Towers with Radar,0,26,84,0,110,5,10,159,0,174,5,36,243,0,284,344,0,344,628
07/12/2018,PTK,MI,AGL,CE,Towers with Radar,0,33,97,0,130,4,2,133,0,139,4,35,230,0,269,414,0,414,683
07/13/2018,PTK,MI,AGL,CE,Towers with Radar,2,40,76,0,118,4,3,140,0,147,6,43,216,0,265,226,0,226,491
07/14/2018,PTK,MI,AGL,CE,Towers with Radar,0,16,58,0,74,0,4,179,0,183,0,20,237,0,257,167,0,167,424
07/15/2018,PTK,MI,AGL,CE,Towers with Radar,0,23,68,0,91,0,0,149,0,149,0,23,217,0,240,221,0,221,461
07/16/2018,PTK,MI,AGL,CE,Towers with Radar,2,32,73,0,107,2,4,58,0,64,4,36,131,0,171,248,0,248,419
07/17/2018,PTK,MI,AGL,CE,Towers with Radar,3,30,80,0,113,2,2,152,0,156,5,32,232,0,269,282,0,282,551
07/18/2018,PTK,MI,AGL,CE,Towers with Radar,0,24,89,0,113,2,6,176,4,188,2,30,265,4,301,438,0,438,739
07/19/2018,PTK,MI,AGL,CE,Towers with Radar,2,33,94,0,129,1,8,174,2,185,3,41,268,2,314,216,0,216,530
07/20/2018,PTK,MI,AGL,CE,Towers with Radar,1,44,90,0,135,2,10,80,4,96,3,54,170,4,231,94,0,94,325
07/21/2018,PTK,MI,AGL,CE,Towers with Radar,0,5,55,0,60,0,0,2,0,2,0,5,57,0,62,13,0,13,75
07/22/2018,PTK,MI,AGL,CE,Towers with Radar,0,19,79,0,98,0,0,15,0,15,0,19,94,0,113,143,0,143,256
07/23/2018,PTK,MI,AGL,CE,Towers with Radar,1,46,92,0,139,0,15,90,2,107,1,61,182,2,246,399,0,399,645
07/24/2018,PTK,MI,AGL,CE,Towers with Radar,2,25,76,0,103,0,1,69,1,71,2,26,145,1,174,379,0,379,553
07/25/2018,PTK,MI,AGL,CE,Towers with Radar,0,31,91,0,122,2,4,141,1,148,2,35,232,1,270,321,0,321,591
07/26/2018,PTK,MI,AGL,CE,Towers with Radar,5,37,103,0,145,1,2,106,2,111,6,39,209,2,256,181,0,181,437
07/27/2018,PTK,MI,AGL,CE,Towers with Radar,1,38,85,0,124,0,3,136,0,139,1,41,221,0,263,180,0,180,443
07/28/2018,PTK,MI,AGL,CE,Towers with Radar,0,8,63,0,71,1,5,169,1,176,1,13,232,1,247,186,0,186,433
07/29/2018,PTK,MI,AGL,CE,Towers with Radar,0,34,91,0,125,2,1,172,0,175,2,35,263,0,300,115,0,115,415
07/30/2018,PTK,MI,AGL,CE,Towers with Radar,2,33,85,0,120,4,3,129,0,136,6,36,214,0,256,291,0,291,547
07/31/2018,PTK,MI,AGL,CE,Towers with Radar,0,27,68,0,95,1,12,90,0,103,1,39,158,0,198,193,0,193,391
08/01/2018,PTK,MI,AGL,CE,Towers with Radar,0,27,91,0,118,2,0,102,0,104,2,27,193,0,222,282,0,282,504
08/02/2018,PTK,MI,AGL,CE,Towers with Radar,0,29,80,0,109,2,2,217,0,221,2,31,297,0,330,214,0,214,544
08/03/2018,PTK,MI,AGL,CE,Towers with Radar,3,26,77,0,106,0,6,129,2,137,3,32,206,2,243,175,0,175,418
08/04/2018,PTK,MI,AGL,CE,Towers with Radar,0,9,48,0,57,0,2,149,0,151,0,11,197,0,208,204,0,204,412
08/05/2018,PTK,MI,AGL,CE,Towers with Radar,0,12,63,0,75,0,1,166,0,167,0,13,229,0,242,119,0,119,361
08/06/2018,PTK,MI,AGL,CE,Towers with Radar,2,19,82,0,103,0,0,62,0,62,2,19,144,0,165,118,0,118,283
08/07/2018,PTK,MI,AGL,CE,Towers with Radar,0,25,78,1,104,0,1,110,4,115,0,26,188,5,219,243,0,243,462
08/08/2018,PTK,MI,AGL,CE,Towers with Radar,1,24,98,0,123,0,1,88,0,89,1,25,186,0,212,202,0,202,414
08/09/2018,PTK,MI,AGL,CE,Towers with Radar,2,33,79,0,114,0,2,118,0,120,2,35,197,0,234,241,0,241,475
08/10/2018,PTK,MI,AGL,CE,Towers with Radar,0,38,88,0,126,0,6,135,0,141,0,44,223,0,267,141,0,141,408
08/11/2018,PTK,MI,AGL,CE,Towers with Radar,3,22,47,0,72,0,12,159,15,186,3,34,206,15,258,200,0,200,458
08/12/2018,PTK,MI,AGL,CE,Towers with Radar,3,19,66,0,88,1,4,164,1,170,4,23,230,1,258,614,0,614,872
08/13/2018,PTK,MI,AGL,CE,Towers with Radar,0,31,74,0,105,0,1,122,1,124,0,32,196,1,229,261,0,261,490
08/14/2018,PTK,MI,AGL,CE,Towers with Radar,1,35,78,0,114,0,9,148,0,157,1,44,226,0,271,289,0,289,560
08/15/2018,PTK,MI,AGL,CE,Towers with Radar,2,39,81,0,122,2,6,94,0,102,4,45,175,0,224,284,0,284,508
08/16/2018,PTK,MI,AGL,CE,Towers with Radar,4,35,108,0,147,0,2,6,0,8,4,37,114,0,155,103,0,103,258
08/17/2018,PTK,MI,AGL,CE,Towers with Radar,1,45,97,0,143,0,14,56,0,70,1,59,153,0,213,53,0,53,266
08/18/2018,PTK,MI,AGL,CE,Towers with Radar,0,15,72,0,87,1,10,164,0,175,1,25,236,0,262,227,0,227,489
08/19/2018,PTK,MI,AGL,CE,Towers with Radar,2,28,81,0,111,0,1,123,0,124,2,29,204,0,235,207,0,207,442
08/20/2018,PTK,MI,AGL,CE,Towers with Radar,0,31,71,0,102,0,2,124,0,126,0,33,195,0,228,275,0,275,503
08/21/2018,PTK,MI,AGL,CE,Towers with Radar,0,40,55,0,95,0,4,25,0,29,0,44,80,0,124,52,0,52,176
08/22/2018,PTK,MI,AGL,CE,Towers with Radar,5,31,90,0,126,0,11,106,0,117,5,42,196,0,243,262,0,262,505
08/23/2018,PTK,MI,AGL,CE,Towers with Radar,0,28,77,0,105,0,2,160,1,163,0,30,237,1,268,243,0,243,511
08/24/2018,PTK,MI,AGL,CE,Towers with Radar,2,26,87,0,115,0,1,161,0,162,2,27,248,0,277,187,0,187,464
08/25/2018,PTK,MI,AGL,CE,Towers with Radar,0,8,34,0,42,0,6,58,0,64,0,14,92,0,106,70,0,70,176
08/26/2018,PTK,MI,AGL,CE,Towers with Radar,1,14,82,0,97,0,0,48,1,49,1,14,130,1,146,95,0,95,241
08/27/2018,PTK,MI,AGL,CE,Towers with Radar,2,31,66,0,99,6,4,94,1,105,8,35,160,1,204,281,0,281,485
08/28/2018,PTK,MI,AGL,CE,Towers with Radar,1,28,71,1,101,0,6,76,0,82,1,34,147,1,183,184,0,184,367
08/29/2018,PTK,MI,AGL,CE,Towers with Radar,3,43,94,1,141,0,4,56,0,60,3,47,150,1,201,179,0,179,380
08/30/2018,PTK,MI,AGL,CE,Towers with Radar,3,30,108,0,141,0,4,150,0,154,3,34,258,0,295,254,0,254,549
08/31/2018,PTK,MI,AGL,CE,Towers with Radar,5,39,91,0,135,0,15,165,1,181,5,54,256,1,316,227,0,227,543
09/01/2018,PTK,MI,AGL,CE,Towers with Radar,0,9,34,0,43,0,8,113,0,121,0,17,147,0,164,128,0,128,292
09/02/2018,PTK,MI,AGL,CE,Towers with Radar,0,11,43,0,54,0,3,91,0,94,0,14,134,0,148,163,0,163,311
09/03/2018,PTK,MI,AGL,CE,Towers with Radar,0,13,74,0,87,0,1,56,0,57,0,14,130,0,144,77,0,77,221
09/04/2018,PTK,MI,AGL,CE,Towers with Radar,1,16,76,1,94,0,5,83,1,89,1,21,159,2,183,102,0,102,285
09/05/2018,PTK,MI,AGL,CE,Towers with Radar,1,28,71,0,100,0,4,88,2,94,1,32,159,2,194,133,0,133,327
09/06/2018,PTK,MI,AGL,CE,Towers with Radar,0,33,91,1,125,0,3,62,0,65,0,36,153,1,190,247,0,247,437
09/07/2018,PTK,MI,AGL,CE,Towers with Radar,2,37,83,0,122,0,5,131,0,136,2,42,214,0,258,240,0,240,498
09/08/2018,PTK,MI,AGL,CE,Towers with Radar,1,7,53,0,61,0,7,135,0,142,1,14,188,0,203,218,0,218,421
09/09/2018,PTK,MI,AGL,CE,Towers with Radar,0,15,48,0,63,0,1,55,0,56,0,16,103,0,119,92,0,92,211
09/10/2018,PTK,MI,AGL,CE,Towers with Radar,3,31,78,0,112,1,0,4,0,5,4,31,82,0,117,7,0,7,124
09/11/2018,PTK,MI,AGL,CE,Towers with Radar,3,26,102,0,131,1,3,102,0,106,4,29,204,0,237,149,0,149,386
09/12/2018,PTK,MI,AGL,CE,Towers with Radar,2,37,84,0,123,1,5,142,1,149,3,42,226,1,272,382,0,382,654
09/13/2018,PTK,MI,AGL,CE,Towers with Radar,5,34,103,0,142,0,0,20,0,20,5,34,123,0,162,91,0,91,253
09/14/2018,PTK,MI,AGL,CE,Towers with Radar,3,34,107,1,145,0,4,77,0,81,3,38,184,1,226,198,0,198,424
09/15/2018,PTK,MI,AGL,CE,Towers with Radar,0,11,59,0,70,0,4,98,0,102,0,15,157,0,172,339,0,339,511
09/16/2018,PTK,MI,AGL,CE,Towers with Radar,4,13,88,1,106,0,5,120,0,125,4,18,208,1,231,158,0,158,389
09/17/2018,PTK,MI,AGL,CE,Towers with Radar,1,18,71,0,90,1,2,112,0,115,2,20,183,0,205,124,0,124,329
09/18/2018,PTK,MI,AGL,CE,Towers with Radar,4,20,61,0,85,0,7,151,0,158,4,27,212,0,243,7,0,7,250
09/19/2018,PTK,MI,AGL,CE,Towers with Radar,2,27,68,0,97,0,0,109,0,109,2,27,177,0,206,101,0,101,307
09/20/2018,PTK,MI,AGL,CE,Towers with Radar,4,39,82,0,125,0,0,0,0,0,4,39,82,0,125,12,0,12,137
09/21/2018,PTK,MI,AGL,CE,Towers with Radar,2,22,76,0,100,0,1,47,0,48,2,23,123,0,148,137,0,137,285
09/22/2018,PTK,MI,AGL,CE,Towers with Radar,3,20,59,0,82,0,5,143,1,149,3,25,202,1,231,277,0,277,508
09/23/2018,PTK,MI,AGL,CE,Towers with Radar,0,8,76,0,84,0,0,135,0,135,0,8,211,0,219,205,0,205,424
09/24/2018,PTK,MI,AGL,CE,Towers with Radar,3,35,97,0,135,0,0,10,0,10,3,35,107,0,145,50,0,50,195
09/25/2018,PTK,MI,AGL,CE,Towers with Radar,3,37,68,0,108,0,1,5,0,6,3,38,73,0,114,90,0,90,204
09/26/2018,PTK,MI,AGL,CE,Towers with Radar,1,35,75,0,111,1,4,101,0,106,2,39,176,0,217,210,0,210,427
09/27/2018,PTK,MI,AGL,CE,Towers with Radar,3,29,89,0,121,0,3,123,0,126,3,32,212,0,247,204,0,204,451
09/28/2018,PTK,MI,AGL,CE,Towers with Radar,2,37,62,0,101,0,12,99,1,112,2,49,161,1,213,204,0,204,417
09/29/2018,PTK,MI,AGL,CE,Towers with Radar,0,11,64,0,75,0,1,131,0,132,0,12,195,0,207,385,0,385,592
09/30/2018,PTK,MI,AGL,CE,Towers with Radar,0,27,69,0,96,0,0,9,0,9,0,27,78,0,105,0,0,0,105
10/01/2018,PTK,MI,AGL,CE,Towers with Radar,2,35,67,1,105,0,0,0,0,0,2,35,67,1,105,0,0,0,105
10/02/2018,PTK,MI,AGL,CE,Towers with Radar,3,28,93,0,124,0,0,11,0,11,3,28,104,0,135,13,0,13,148
10/03/2018,PTK,MI,AGL,CE,Towers with Radar,1,31,78,0,110,0,3,69,2,74,1,34,147,2,184,119,0,119,303
10/04/2018,PTK,MI,AGL,CE,Towers with Radar,3,28,83,0,114,0,0,75,0,75,3,28,158,0,189,132,0,132,321
10/05/2018,PTK,MI,AGL,CE,Towers with Radar,2,26,73,0,101,0,4,49,3,56,2,30,122,3,157,211,0,211,368
10/06/2018,PTK,MI,AGL,CE,Towers with Radar,1,11,29,0,41,0,0,5,0,5,1,11,34,0,46,55,0,55,101
10/07/2018,PTK,MI,AGL,CE,Towers with Radar,0,22,66,0,88,0,0,0,0,0,0,22,66,0,88,0,0,0,88
10/08/2018,PTK,MI,AGL,CE,Towers with Radar,2,24,50,0,76,0,2,60,0,62,2,26,110,0,138,99,0,99,237
10/09/2018,PTK,MI,AGL,CE,Towers with Radar,4,31,40,0,75,0,4,129,0,133,4,35,169,0,208,133,0,133,341
10/10/2018,PTK,MI,AGL,CE,Towers with Radar,3,30,66,0,99,0,1,74,1,76,3,31,140,1,175,146,0,146,321
10/11/2018,PTK,MI,AGL,CE,Towers with Radar,3,24,91,0,118,1,2,48,8,59,4,26,139,8,177,136,0,136,313
10/12/2018,PTK,MI,AGL,CE,Towers with Radar,4,28,83,0,115,0,10,93,0,103,4,38,176,0,218,178,0,178,396
10/13/2018,PTK,MI,AGL,CE,Towers with Radar,0,14,81,0,95,0,4,140,4,148,0,18,221,4,243,331,0,331,574
10/14/2018,PTK,MI,AGL,CE,Towers with Radar,2,15,78,0,95,2,2,134,4,142,4,17,212,4,237,303,0,303,540
10/15/2018,PTK,MI,AGL,CE,Towers with Radar,3,40,65,0,108,0,2,21,1,24,3,42,86,1,132,57,0,57,189
10/16/2018,PTK,MI,AGL,CE,Towers with Radar,4,36,62,0,102,0,3,87,0,90,4,39,149,0,192,108,0,108,300
10/17/2018,PTK,MI,AGL,CE,Towers with Radar,1,32,79,0,112,0,9,74,0,83,1,41,153,0,195,107,0,107,302
10/18/2018,PTK,MI,AGL,CE,Towers with Radar,1,22,91,0,114,0,17,142,0,159,1,39,233,0,273,174,0,174,447
10/19/2018,PTK,MI,AGL,CE,Towers with Radar,2,23,62,0,87,0,4,112,3,119,2,27,174,3,206,138,0,138,344
10/20/2018,PTK,MI,AGL,CE,Towers with Radar,1,14,47,0,62,0,0,37,0,37,1,14,84,0,99,103,0,103,202
10/21/2018,PTK,MI,AGL,CE,Towers with Radar,0,23,71,0,94,0,2,108,0,110,0,25,179,0,204,253,0,253,457
10/22/2018,PTK,MI,AGL,CE,Towers with Radar,2,37,72,0,111,0,1,118,0,119,2,38,190,0,230,250,0,250,480
10/23/2018,PTK,MI,AGL,CE,Towers with Radar,1,37,54,0,92,0,4,56,0,60,1,41,110,0,152,83,0,83,235
10/24/2018,PTK,MI,AGL,CE,Towers with Radar,1,40,80,0,121,0,6,109,2,117,1,46,189,2,238,286,0,286,524
10/25/2018,PTK,MI,AGL,CE,Towers with Radar,1,32,97,0,130,0,5,121,0,126,1,37,218,0,256,103,0,103,359
10/26/2018,PTK,MI,AGL,CE,Towers with Radar,0,39,59,0,98,0,0,83,0,83,0,39,142,0,181,186,0,186,367
10/27/2018,PTK,MI,AGL,CE,Towers with Radar,1,6,54,2,63,0,2,11,0,13,1,8,65,2,76,20,0,20,96
10/28/2018,PTK,MI,AGL,CE,Towers with Radar,0,23,62,1,86,0,0,4,0,4,0,23,66,1,90,10,0,10,100
10/29/2018,PTK,MI,AGL,CE,Towers with Radar,1,27,65,2,95,0,5,66,0,71,1,32,131,2,166,154,0,154,320
10/30/2018,PTK,MI,AGL,CE,Towers with Radar,3,35,74,2,114,0,9,126,0,135,3,44,200,2,249,142,0,142,391
10/31/2018,PTK,MI,AGL,CE,Towers with Radar,0,19,60,3,82,0,1,28,0,29,0,20,88,3,111,154,0,154,265
11/01/2018,PTK,MI,AGL,CE,Towers with Radar,3,33,76,0,112,0,0,10,0,10,3,33,86,0,122,20,0,20,142
11/02/2018,PTK,MI,AGL,CE,Towers with Radar,2,34,81,0,117,0,2,8,2,12,2,36,89,2,129,44,0,44,173
11/03/2018,PTK,MI,AGL,CE,Towers with Radar,1,12,63,0,76,0,2,171,0,173,1,14,234,0,249,294,0,294,543
11/04/2018,PTK,MI,AGL,CE,Towers with Radar,2,9,56,0,67,0,0,80,0,80,2,9,136,0,147,98,0,98,245
11/05/2018,PTK,MI,AGL,CE,Towers with Radar,1,44,79,0,124,0,2,42,6,50,1,46,121,6,174,234,0,234,408
11/06/2018,PTK,MI,AGL,CE,Towers with Radar,2,22,54,0,78,0,1,4,0,5,2,23,58,0,83,2,0,2,85
11/07/2018,PTK,MI,AGL,CE,Towers with Radar,0,35,64,0,99,0,0,79,0,79,0,35,143,0,178,147,0,147,325
11/08/2018,PTK,MI,AGL,CE,Towers with Radar,1,24,84,0,109,0,1,93,1,95,1,25,177,1,204,175,0,175,379
11/09/2018,PTK,MI,AGL,CE,Towers with Radar,4,32,54,0,90,0,0,0,0,0,4,32,54,0,90,7,0,7,97
11/10/2018,PTK,MI,AGL,CE,Towers with Radar,0,29,49,0,78,1,2,56,0,59,1,31,105,0,137,200,0,200,337
11/11/2018,PTK,MI,AGL,CE,Towers with Radar,1,26,65,0,92,0,0,118,0,118,1,26,183,0,210,170,0,170,380
11/12/2018,PTK,MI,AGL,CE,Towers with Radar,3,33,73,0,109,0,2,85,0,87,3,35,158,0,196,183,0,183,379
11/13/2018,PTK,MI,AGL,CE,Towers with Radar,2,35,78,0,115,0,1,46,2,49,2,36,124,2,164,178,0,178,342
11/14/2018,PTK,MI,AGL,CE,Towers with Radar,2,37,96,0,135,1,9,121,0,131,3,46,217,0,266,321,0,321,587
11/15/2018,PTK,MI,AGL,CE,Towers with Radar,4,29,70,0,103,0,0,11,0,11,4,29,81,0,114,44,0,44,158
11/16/2018,PTK,MI,AGL,CE,Towers with Radar,6,33,81,0,120,0,0,7,0,7,6,33,88,0,127,0,0,0,127
11/17/2018,PTK,MI,AGL,CE,Towers with Radar,3,12,74,0,89,0,2,35,8,45,3,14,109,8,134,170,0,170,304
11/18/2018,PTK,MI,AGL,CE,Towers with Radar,7,19,53,0,79,0,0,36,0,36,7,19,89,0,115,127,0,127,242
11/19/2018,PTK,MI,AGL,CE,Towers with Radar,2,45,66,0,113,0,1,48,0,49,2,46,114,0,162,396,0,396,558
11/20/2018,PTK,MI,AGL,CE,Towers with Radar,1,43,69,0,113,2,3,90,2,97,3,46,159,2,210,191,0,191,401
11/21/2018,PTK,MI,AGL,CE,Towers with Radar,2,26,92,0,120,0,10,76,0,86,2,36,168,0,206,121,0,121,327
11/22/2018,PTK,MI,AGL,CE,Towers with Radar,1,8,12,0,21,0,0,26,1,27,1,8,38,1,48,32,0,32,80
11/23/2018,PTK,MI,AGL,CE,Towers with Radar,1,14,51,0,66,2,0,136,0,138,3,14,187,0,204,128,0,128,332
11/24/2018,PTK,MI,AGL,CE,Towers with Radar,0,22,36,0,58,0,0,1,0,1,0,22,37,0,59,21,0,21,80
11/25/2018,PTK,MI,AGL,CE,Towers with Radar,3,16,103,0,122,0,1,48,0,49,3,17,151,0,171,251,0,251,422
11/26/2018,PTK,MI,AGL,CE,Towers with Radar,3,26,53,0,82,0,0,0,0,0,3,26,53,0,82,0,0,0,82
11/27/2018,PTK,MI,AGL,CE,Towers with Radar,2,23,62,0,87,1,3,31,2,37,3,26,93,2,124,222,0,222,346
11/28/2018,PTK,MI,AGL,CE,Towers with Radar,4,24,73,0,101,1,5,62,4,72,5,29,135,4,173,221,0,221,394
11/29/2018,PTK,MI,AGL,CE,Towers with Radar,0,19,50,0,69,0,0,12,0,12,0,19,62,0,81,31,0,31,112
11/30/2018,PTK,MI,AGL,CE,Towers with Radar,6,22,67,0,95,3,3,57,0,63,9,25,124,0,158,293,0,293,451
12/01/2018,PTK,MI,AGL,CE,Towers with Radar,0,17,42,0,59,0,0,0,0,0,0,17,42,0,59,0,0,0,59
12/02/2018,PTK,MI,AGL,CE,Towers with Radar,0,10,39,0,49,0,0,45,0,45,0,10,84,0,94,160,0,160,254
12/03/2018,PTK,MI,AGL,CE,Towers with Radar,0,33,67,0,100,1,2,9,0,12,1,35,76,0,112,12,0,12,124
12/04/2018,PTK,MI,AGL,CE,Towers with Radar,1,30,86,0,117,0,4,132,1,137,1,34,218,1,254,255,0,255,509
12/05/2018,PTK,MI,AGL,CE,Towers with Radar,1,31,85,0,117,0,4,35,0,39,1,35,120,0,156,86,0,86,242
12/06/2018,PTK,MI,AGL,CE,Towers with Radar,5,30,74,0,109,0,1,36,0,37,5,31,110,0,146,42,0,42,188
12/07/2018,PTK,MI,AGL,CE,Towers with Radar,0,40,86,0,126,0,1,77,0,78,0,41,163,0,204,264,0,264,468
12/08/2018,PTK,MI,AGL,CE,Towers with Radar,0,7,150,0,157,0,0,478,0,478,0,7,628,0,635,34,0,34,669
12/09/2018,PTK,MI,AGL,CE,Towers with Radar,1,17,73,0,91,0,2,128,0,130,1,19,201,0,221,332,0,332,553
12/10/2018,PTK,MI,AGL,CE,Towers with Radar,3,41,68,0,112,0,0,4,0,4,3,41,72,0,116,136,0,136,252
12/11/2018,PTK,MI,AGL,CE,Towers with Radar,5,35,67,0,107,0,0,36,0,36,5,35,103,0,143,256,0,256,399
12/12/2018,PTK,MI,AGL,CE,Towers with Radar,4,39,67,0,110,0,7,62,2,71,4,46,129,2,181,225,0,225,406
12/13/2018,PTK,MI,AGL,CE,Towers with Radar,2,37,77,0,116,0,1,71,0,72,2,38,148,0,188,276,0,276,464
12/14/2018,PTK,MI,AGL,CE,Towers with Radar,1,44,59,0,104,0,0,0,0,0,1,44,59,0,104,22,0,22,126
12/15/2018,PTK,MI,AGL,CE,Towers with Radar,0,19,57,0,76,0,7,132,0,139,0,26,189,0,215,211,0,211,426
12/16/2018,PTK,MI,AGL,CE,Towers with Radar,2,22,59,0,83,0,0,75,0,75,2,22,134,0,158,244,0,244,402
12/17/2018,PTK,MI,AGL,CE,Towers with Radar,1,32,63,0,96,0,3,63,0,66,1,35,126,0,162,85,0,85,247
12/18/2018,PTK,MI,AGL,CE,Towers with Radar,4,42,92,0,138,0,15,116,3,134,4,57,208,3,272,271,0,271,543
12/19/2018,PTK,MI,AGL,CE,Towers with Radar,0,39,74,0,113,2,1,155,4,162,2,40,229,4,275,204,0,204,479
12/20/2018,PTK,MI,AGL,CE,Towers with Radar,4,25,77,0,106,0,0,16,1,17,4,25,93,1,123,186,0,186,309
12/21/2018,PTK,MI,AGL,CE,Towers with Radar,2,34,69,0,105,0,0,0,0,0,2,34,69,0,105,0,0,0,105
12/22/2018,PTK,MI,AGL,CE,Towers with Radar,6,15,55,0,76,0,0,7,0,7,6,15,62,0,83,89,0,89,172
12/23/2018,PTK,MI,AGL,CE,Towers with Radar,0,16,32,0,48,0,0,10,0,10,0,16,42,0,58,82,0,82,140
12/24/2018,PTK,MI,AGL,CE,Towers with Radar,0,12,20,0,32,0,0,33,0,33,0,12,53,0,65,74,0,74,139
12/25/2018,PTK,MI,AGL,CE,Towers with Radar,1,10,17,0,28,0,1,19,0,20,1,11,36,0,48,35,0,35,83
12/26/2018,PTK,MI,AGL,CE,Towers with Radar,1,31,79,0,111,1,2,46,0,49,2,33,125,0,160,103,0,103,263
12/27/2018,PTK,MI,AGL,CE,Towers with Radar,1,28,70,0,99,0,3,16,0,19,1,31,86,0,118,99,0,99,217
12/28/2018,PTK,MI,AGL,CE,Towers with Radar,0,16,37,0,53,0,3,10,0,13,0,19,47,0,66,72,0,72,138
12/29/2018,PTK,MI,AGL,CE,Towers with Radar,0,8,37,0,45,0,2,28,0,30,0,10,65,0,75,104,0,104,179
12/30/2018,PTK,MI,AGL,CE,Towers with Radar,0,7,41,0,48,0,2,93,0,95,0,9,134,0,143,170,0,170,313
12/31/2018,PTK,MI,AGL,CE,Towers with Radar,0,5,14,0,19,0,0,4,0,4,0,5,18,0,23,37,0,37,60
01/01/2019,PTK,MI,AGL,CE,Towers with Radar,0,5,30,0,35,0,0,1,0,1,0,5,31,0,36,0,0,0,36
01/02/2019,PTK,MI,AGL,CE,Towers with Radar,1,17,64,0,82,0,0,1,0,1,1,17,65,0,83,8,0,8,91
01/03/2019,PTK,MI,AGL,CE,Towers with Radar,0,21,51,0,72,0,6,86,0,92,0,27,137,0,164,188,0,188,352
01/04/2019,PTK,MI,AGL,CE,Towers with Radar,0,24,37,0,61,0,4,151,0,155,0,28,188,0,216,309,0,309,525
01/05/2019,PTK,MI,AGL,CE,Towers with Radar,1,13,83,0,97,1,3,204,0,208,2,16,287,0,305,324,0,324,629
01/06/2019,PTK,MI,AGL,CE,Towers with Radar,2,19,74,0,95,0,0,135,0,135,2,19,209,0,230,240,0,240,470
01/07/2019,PTK,MI,AGL,CE,Towers with Radar,2,30,34,0,66,0,3,21,0,24,2,33,55,0,90,0,0,0,90
01/08/2019,PTK,MI,AGL,CE,Towers with Radar,2,22,55,0,79,0,0,10,0,10,2,22,65,0,89,59,0,59,148
01/09/2019,PTK,MI,AGL,CE,Towers with Radar,0,27,40,0,67,0,1,27,0,28,0,28,67,0,95,28,0,28,123
01/10/2019,PTK,MI,AGL,CE,Towers with Radar,0,31,62,0,93,0,6,42,0,48,0,37,104,0,141,118,0,118,259
01/11/2019,PTK,MI,AGL,CE,Towers with Radar,0,12,64,0,76,0,13,121,0,134,0,25,185,0,210,208,0,208,418
01/12/2019,PTK,MI,AGL,CE,Towers with Radar,0,4,48,0,52,0,4,120,1,125,0,8,168,1,177,258,0,258,435
01/13/2019,PTK,MI,AGL,CE,Towers with Radar,1,12,48,0,61,0,0,121,0,121,1,12,169,0,182,282,0,282,464
01/14/2019,PTK,MI,AGL,CE,Towers with Radar,1,30,45,0,76,0,0,101,0,101,1,30,146,0,177,254,0,254,431
01/15/2019,PTK,MI,AGL,CE,Towers with Radar,2,28,63,0,93,0,1,1,0,2,2,29,64,0,95,38,0,38,133
01/16/2019,PTK,MI,AGL,CE,Towers with Radar,1,28,66,0,95,0,4,96,2,102,1,32,162,2,197,82,0,82,279
01/17/2019,PTK,MI,AGL,CE,Towers with Radar,3,30,72,0,105,0,2,26,0,28,3,32,98,0,133,98,0,98,231
01/18/2019,PTK,MI,AGL,CE,Towers with Radar,2,35,59,0,96,0,1,25,0,26,2,36,84,0,122,229,0,229,351
01/19/2019,PTK,MI,AGL,CE,Towers with Radar,1,13,20,0,34,0,0,0,0,0,1,13,20,0,34,0,0,0,34
01/20/2019,PTK,MI,AGL,CE,Towers with Radar,2,17,36,0,55,0,0,45,0,45,2,17,81,0,100,50,0,50,150
01/21/2019,PTK,MI,AGL,CE,Towers with Radar,0,40,56,0,96,0,5,54,0,59,0,45,110,0,155,65,0,65,220
01/22/2019,PTK,MI,AGL,CE,Towers with Radar,2,30,62,0,94,0,5,56,2,63,2,35,118,2,157,101,0,101,258
01/23/2019,PTK,MI,AGL,CE,Towers with Radar,2,29,32,0,63,0,0,0,0,0,2,29,32,0,63,0,0,0,63
01/24/2019,PTK,MI,AGL,CE,Towers with Radar,1,20,80,0,101,0,0,119,0,119,1,20,199,0,220,166,0,166,386
01/25/2019,PTK,MI,AGL,CE,Towers with Radar,0,23,72,0,95,0,10,25,0,35,0,33,97,0,130,133,0,133,263
01/26/2019,PTK,MI,AGL,CE,Towers with Radar,0,9,40,0,49,0,2,150,0,152,0,11,190,0,201,179,0,179,380
01/27/2019,PTK,MI,AGL,CE,Towers with Radar,1,20,78,0,99,0,2,35,0,37,1,22,113,0,136,167,0,167,303
01/28/2019,PTK,MI,AGL,CE,Towers with Radar,0,20,25,0,45,0,0,0,0,0,0,20,25,0,45,0,0,0,45
01/29/2019,PTK,MI,AGL,CE,Towers with Radar,1,25,46,0,72,0,0,10,0,10,1,25,56,0,82,17,0,17,99
01/30/2019,PTK,MI,AGL,CE,Towers with Radar,0,25,43,0,68,0,2,0,0,2,0,27,43,0,70,0,0,0,70
01/31/2019,PTK,MI,AGL,CE,Towers with Radar,0,28,52,0,80,0,0,10,0,10,0,28,62,0,90,57,0,57,147
02/01/2019,PTK,MI,AGL,CE,Towers with Radar,2,27,49,0,78,0,4,72,0,76,2,31,121,0,154,122,0,122,276
02/02/2019,PTK,MI,AGL,CE,Towers with Radar,0,13,37,0,50,0,0,102,0,102,0,13,139,0,152,206,0,206,358
02/03/2019,PTK,MI,AGL,CE,Towers with Radar,0,9,50,0,59,0,0,38,7,45,0,9,88,7,104,261,0,261,365
02/04/2019,PTK,MI,AGL,CE,Towers with Radar,2,25,59,0,86,0,2,27,0,29,2,27,86,0,115,67,0,67,182
02/05/2019,PTK,MI,AGL,CE,Towers with Radar,2,29,77,0,108,0,3,13,0,16,2,32,90,0,124,117,0,117,241
02/06/2019,PTK,MI,AGL,CE,Towers with Radar,1,23,42,0,66,0,0,0,0,0,1,23,42,0,66,0,0,0,66
02/07/2019,PTK,MI,AGL,CE,Towers with Radar,1,15,43,0,59,0,0,4,0,4,1,15,47,0,63,0,0,0,63
02/08/2019,PTK,MI,AGL,CE,Towers with Radar,0,31,62,0,93,0,0,2,0,2,0,31,64,0,95,0,0,0,95
02/09/2019,PTK,MI,AGL,CE,Towers with Radar,2,9,43,0,54,2,7,161,0,170,4,16,204,0,224,217,0,217,441
02/10/2019,PTK,MI,AGL,CE,Towers with Radar,2,11,49,0,62,0,0,53,0,53,2,11,102,0,115,204,0,204,319
02/11/2019,PTK,MI,AGL,CE,Towers with Radar,1,33,61,0,95,0,0,9,0,9,1,33,70,0,104,203,0,203,307
02/12/2019,PTK,MI,AGL,CE,Towers with Radar,3,21,40,0,64,0,0,0,0,0,3,21,40,0,64,0,0,0,64
02/13/2019,PTK,MI,AGL,CE,Towers with Radar,1,26,60,0,87,0,0,4,0,4,1,26,64,0,91,0,0,0,91
02/14/2019,PTK,MI,AGL,CE,Towers with Radar,2,29,74,0,105,0,3,57,0,60,2,32,131,0,165,110,0,110,275
02/15/2019,PTK,MI,AGL,CE,Towers with Radar,1,33,50,0,84,0,0,23,0,23,1,33,73,0,107,148,0,148,255
02/16/2019,PTK,MI,AGL,CE,Towers with Radar,1,10,52,0,63,0,0,91,0,91,1,10,143,0,154,323,0,323,477
02/17/2019,PTK,MI,AGL,CE,Towers with Radar,1,15,58,0,74,0,0,13,0,13,1,15,71,0,87,144,0,144,231
02/18/2019,PTK,MI,AGL,CE,Towers with Radar,1,28,84,0,113,0,2,43,0,45,1,30,127,0,158,191,0,191,349
02/19/2019,PTK,MI,AGL,CE,Towers with Radar,3,30,67,2,102,0,2,88,0,90,3,32,155,2,192,322,0,322,514
02/20/2019,PTK,MI,AGL,CE,Towers with Radar,2,28,32,0,62,0,0,4,0,4,2,28,36,0,66,51,0,51,117
02/21/2019,PTK,MI,AGL,CE,Towers with Radar,2,26,80,0,108,0,7,53,0,60,2,33,133,0,168,103,0,103,271
02/22/2019,PTK,MI,AGL,CE,Towers with Radar,2,26,52,0,80,0,13,135,0,148,2,39,187,0,228,520,0,520,748
02/23/2019,PTK,MI,AGL,CE,Towers with Radar,0,21,49,0,70,0,0,94,0,94,0,21,143,0,164,135,0,135,299
02/24/2019,PTK,MI,AGL,CE,Towers with Radar,4,21,23,0,48,0,0,0,0,0,4,21,23,0,48,28,0,28,76
02/25/2019,PTK,MI,AGL,CE,Towers with Radar,0,37,60,0,97,0,3,37,0,40,0,40,97,0,137,85,0,85,222
02/26/2019,PTK,MI,AGL,CE,Towers with Radar,3,31,89,0,123,0,1,95,0,96,3,32,184,0,219,177,0,177,396
02/27/2019,PTK,MI,AGL,CE,Towers with Radar,2,31,79,0,112,0,1,12,0,13,2,32,91,0,125,32,0,32,157
02/28/2019,PTK,MI,AGL,CE,Towers with Radar,3,21,89,0,113,0,4,79,0,83,3,25,168,0,196,149,0,149,345
03/01/2019,PTK,MI,AGL,CE,Towers with Radar,3,24,56,0,83,0,3,95,0,98,3,27,151,0,181,258,0,258,439
03/02/2019,PTK,MI,AGL,CE,Towers with Radar,4,7,69,0,80,0,1,37,0,38,4,8,106,0,118,216,0,216,334
03/03/2019,PTK,MI,AGL,CE,Towers with Radar,1,21,53,0,75,0,0,54,0,54,1,21,107,0,129,194,0,194,323
03/04/2019,PTK,MI,AGL,CE,Towers with Radar,0,29,78,0,107,0,3,35,0,38,0,32,113,0,145,164,0,164,309
03/05/2019,PTK,MI,AGL,CE,Towers with Radar,0,16,70,0,86,0,0,28,0,28,0,16,98,0,114,131,0,131,245
03/06/2019,PTK,MI,AGL,CE,Towers with Radar,3,26,78,0,107,0,3,58,0,61,3,29,136,0,168,146,0,146,314
03/07/2019,PTK,MI,AGL,CE,Towers with Radar,4,38,69,0,111,0,4,94,0,98,4,42,163,0,209,219,0,219,428
03/08/2019,PTK,MI,AGL,CE,Towers with Radar,1,28,46,0,75,0,8,138,0,146,1,36,184,0,221,309,0,309,530
03/09/2019,PTK,MI,AGL,CE,Towers with Radar,1,12,39,0,52,0,2,102,0,104,1,14,141,0,156,222,0,222,378
03/10/2019,PTK,MI,AGL,CE,Towers with Radar,1,17,47,0,65,0,3,2,0,5,1,20,49,0,70,0,0,0,70
03/11/2019,PTK,MI,AGL,CE,Towers with Radar,2,26,57,0,85,0,1,65,0,66,2,27,122,0,151,202,0,202,353
03/12/2019,PTK,MI,AGL,CE,Towers with Radar,2,24,61,0,87,0,3,150,0,153,2,27,211,0,240,364,0,364,604
03/13/2019,PTK,MI,AGL,CE,Towers with Radar,2,22,93,0,117,0,3,32,0,35,2,25,125,0,152,242,0,242,394
03/14/2019,PTK,MI,AGL,CE,Towers with Radar,3,25,103,0,131,0,0,18,0,18,3,25,121,0,149,44,0,44,193
03/15/2019,PTK,MI,AGL,CE,Towers with Radar,3,30,59,0,92,0,0,6,0,6,3,30,65,0,98,146,0,146,244
03/16/2019,PTK,MI,AGL,CE,Towers with Radar,3,16,37,0,56,0,1,105,0,106,3,17,142,0,162,308,0,308,470
03/17/2019,PTK,MI,AGL,CE,Towers with Radar,4,8,84,0,96,0,1,112,2,115,4,9,196,2,211,269,0,269,480
03/18/2019,PTK,MI,AGL,CE,Towers with Radar,7,30,56,0,93,0,4,90,0,94,7,34,146,0,187,283,0,283,470
03/19/2019,PTK,MI,AGL,CE,Towers with Radar,4,24,67,0,95,2,6,172,0,180,6,30,239,0,275,237,0,237,512
03/20/2019,PTK,MI,AGL,CE,Towers with Radar,3,33,60,0,96,0,4,95,0,99,3,37,155,0,195,237,0,237,432
03/21/2019,PTK,MI,AGL,CE,Towers with Radar,3,28,89,0,120,0,0,7,0,7,3,28,96,0,127,117,0,117,244
03/22/2019,PTK,MI,AGL,CE,Towers with Radar,2,33,53,0,88,0,5,20,0,25,2,38,73,0,113,53,0,53,166
03/23/2019,PTK,MI,AGL,CE,Towers with Radar,1,13,65,0,79,0,7,191,0,198,1,20,256,0,277,378,0,378,655
03/24/2019,PTK,MI,AGL,CE,Towers with Radar,1,22,52,0,75,0,0,91,0,91,1,22,143,0,166,281,0,281,447
03/25/2019,PTK,MI,AGL,CE,Towers with Radar,1,32,48,0,81,0,5,98,0,103,1,37,146,0,184,154,0,154,338
03/26/2019,PTK,MI,AGL,CE,Towers with Radar,2,33,58,0,93,0,1,133,0,134,2,34,191,0,227,180,0,180,407
03/27/2019,PTK,MI,AGL,CE,Towers with Radar,3,38,89,0,130,0,0,18,2,20,3,38,107,2,150,0,0,0,150
03/28/2019,PTK,MI,AGL,CE,Towers with Radar,3,29,78,0,110,3,1,79,0,83,6,30,157,0,193,113,0,113,306
03/29/2019,PTK,MI,AGL,CE,Towers with Radar,4,39,72,0,115,0,1,62,1,64,4,40,134,1,179,320,0,320,499
03/30/2019,PTK,MI,AGL,CE,Towers with Radar,1,15,56,0,72,0,0,1,0,1,1,15,57,0,73,30,0,30,103
03/31/2019,PTK,MI,AGL,CE,Towers with Radar,2,21,67,0,90,0,0,41,0,41,2,21,108,0,131,131,0,131,262
04/01/2019,PTK,MI,AGL,CE,Towers with Radar,2,26,66,0,94,0,0,73,2,75,2,26,139,2,169,221,0,221,390
04/02/2019,PTK,MI,AGL,CE,Towers with Radar,3,25,44,0,72,0,10,72,0,82,3,35,116,0,154,142,0,142,296
04/03/2019,PTK,MI,AGL,CE,Towers with Radar,5,26,75,0,106,0,0,51,0,51,5,26,126,0,157,107,0,107,264
04/04/2019,PTK,MI,AGL,CE,Towers with Radar,5,24,72,1,102,0,6,88,0,94,5,30,160,1,196,192,0,192,388
04/05/2019,PTK,MI,AGL,CE,Towers with Radar,1,27,72,0,100,0,4,54,0,58,1,31,126,0,158,425,0,425,583
04/06/2019,PTK,MI,AGL,CE,Towers with Radar,0,23,63,0,86,0,5,117,0,122,0,28,180,0,208,371,0,371,579
04/07/2019,PTK,MI,AGL,CE,Towers with Radar,0,18,95,0,113,0,2,73,0,75,0,20,168,0,188,272,0,272,460
04/08/2019,PTK,MI,AGL,CE,Towers with Radar,4,16,85,0,105,0,1,67,0,68,4,17,152,0,173,254,0,254,427
04/09/2019,PTK,MI,AGL,CE,Towers with Radar,4,26,78,0,108,0,3,86,0,89,4,29,164,0,197,111,0,111,308
04/10/2019,PTK,MI,AGL,CE,Towers with Radar,1,30,76,0,107,0,3,61,0,64,1,33,137,0,171,347,0,347,518
04/11/2019,PTK,MI,AGL,CE,Towers with Radar,1,28,81,0,110,0,2,27,3,32,1,30,108,3,142,34,0,34,176
04/12/2019,PTK,MI,AGL,CE,Towers with Radar,1,25,60,0,86,0,5,39,0,44,1,30,99,0,130,75,0,75,205
04/13/2019,PTK,MI,AGL,CE,Towers with Radar,1,12,55,0,68,0,1,121,0,122,1,13,176,0,190,241,0,241,431
04/14/2019,PTK,MI,AGL,CE,Towers with Radar,2,8,42,0,52,0,0,0,0,0,2,8,42,0,52,0,0,0,52
04/15/2019,PTK,MI,AGL,CE,Towers with Radar,0,25,79,0,104,0,5,87,0,92,0,30,166,0,196,232,0,232,428
04/16/2019,PTK,MI,AGL,CE,Towers with Radar,1,21,96,0,118,0,5,62,0,67,1,26,158,0,185,332,0,332,517
04/17/2019,PTK,MI,AGL,CE,Towers with Radar,4,27,76,1,108,0,4,49,0,53,4,31,125,1,161,212,0,212,373
04/18/2019,PTK,MI,AGL,CE,Towers with Radar,1,29,72,0,102,0,1,13,0,14,1,30,85,0,116,99,0,99,215
04/19/2019,PTK,MI,AGL,CE,Towers with Radar,3,9,47,0,59,0,0,0,0,0,3,9,47,0,59,36,0,36,95
04/20/2019,PTK,MI,AGL,CE,Towers with Radar,0,5,29,0,34,0,0,16,0,16,0,5,45,0,50,1,0,1,51
04/21/2019,PTK,MI,AGL,CE,Towers with Radar,0,6,39,0,45,0,1,74,0,75,0,7,113,0,120,88,0,88,208
04/22/2019,PTK,MI,AGL,CE,Towers with Radar,0,26,81,0,107,0,5,132,0,137,0,31,213,0,244,276,0,276,520
04/23/2019,PTK,MI,AGL,CE,Towers with Radar,0,24,70,0,94,0,6,65,1,72,0,30,135,1,166,258,0,258,424
04/24/2019,PTK,MI,AGL,CE,Towers with Radar,1,23,90,0,114,0,10,188,0,198,1,33,278,0,312,372,0,372,684
04/25/2019,PTK,MI,AGL,CE,Towers with Radar,0,20,78,0,98,0,4,104,0,108,0,24,182,0,206,344,0,344,550
04/26/2019,PTK,MI,AGL,CE,Towers with Radar,0,34,55,0,89,0,5,36,2,43,0,39,91,2,132,47,0,47,179
04/27/2019,PTK,MI,AGL,CE,Towers with Radar,0,21,55,0,76,0,0,102,0,102,0,21,157,0,178,238,0,238,416
04/28/2019,PTK,MI,AGL,CE,Towers with Radar,0,19,65,0,84,0,0,163,0,163,0,19,228,0,247,238,0,238,485
04/29/2019,PTK,MI,AGL,CE,Towers with Radar,0,28,66,0,94,0,1,24,0,25,0,29,90,0,119,207,0,207,326
04/30/2019,PTK,MI,AGL,CE,Towers with Radar,2,30,76,0,108,0,2,33,0,35,2,32,109,0,143,373,0,373,516
05/01/2019,PTK,MI,AGL,CE,Towers with Radar,0,25,75,0,100,0,1,27,0,28,0,26,102,0,128,157,0,157,285
05/02/2019,PTK,MI,AGL,CE,Towers with Radar,4,27,94,0,125,0,0,15,0,15,4,27,109,0,140,195,0,195,335
05/03/2019,PTK,MI,AGL,CE,Towers with Radar,5,39,88,0,132,0,7,18,0,25,5,46,106,0,157,144,0,144,301
05/04/2019,PTK,MI,AGL,CE,Towers with Radar,0,16,53,0,69,0,0,90,0,90,0,16,143,0,159,282,0,282,441
05/05/2019,PTK,MI,AGL,CE,Towers with Radar,0,30,72,0,102,0,5,186,0,191,0,35,258,0,293,328,0,328,621
05/06/2019,PTK,MI,AGL,CE,Towers with Radar,0,22,88,0,110,3,16,81,0,100,3,38,169,0,210,251,0,251,461
05/07/2019,PTK,MI,AGL,CE,Towers with Radar,0,17,77,0,94,0,5,71,2,78,0,22,148,2,172,313,0,313,485
05/08/2019,PTK,MI,AGL,CE,Towers with Radar,1,28,97,0,126,0,2,90,2,94,1,30,187,2,220,213,0,213,433
05/09/2019,PTK,MI,AGL,CE,Towers with Radar,0,22,88,0,110,21,0,27,0,48,21,22,115,0,158,142,0,142,300
05/10/2019,PTK,MI,AGL,CE,Towers with Radar,3,35,90,0,128,0,4,80,0,84,3,39,170,0,212,324,0,324,536
05/11/2019,PTK,MI,AGL,CE,Towers with Radar,0,23,70,0,93,0,8,114,0,122,0,31,184,0,215,274,0,274,489
05/12/2019,PTK,MI,AGL,CE,Towers with Radar,2,24,43,0,69,0,2,45,1,48,2,26,88,1,117,208,0,208,325
05/13/2019,PTK,MI,AGL,CE,Towers with Radar,1,27,85,0,113,0,6,33,2,41,1,33,118,2,154,105,0,105,259
05/14/2019,PTK,MI,AGL,CE,Towers with Radar,2,15,67,0,84,0,3,170,4,177,2,18,237,4,261,229,0,229,490
05/15/2019,PTK,MI,AGL,CE,Towers with Radar,1,39,93,0,133,6,3,102,0,111,7,42,195,0,244,408,0,408,652
05/16/2019,PTK,MI,AGL,CE,Towers with Radar,0,35,91,0,126,0,1,100,0,101,0,36,191,0,227,276,0,276,503
05/17/2019,PTK,MI,AGL,CE,Towers with Radar,0,37,99,0,136,0,8,123,0,131,0,45,222,0,267,333,0,333,600
05/18/2019,PTK,MI,AGL,CE,Towers with Radar,0,22,81,0,103,0,3,88,0,91,0,25,169,0,194,309,0,309,503
05/19/2019,PTK,MI,AGL,CE,Towers with Radar,0,19,50,0,69,0,1,53,0,54,0,20,103,0,123,149,0,149,272
05/20/2019,PTK,MI,AGL,CE,Towers with Radar,0,29,83,0,112,0,1,49,0,50,0,30,132,0,162,156,0,156,318
05/21/2019,PTK,MI,AGL,CE,Towers with Radar,1,34,102,0,137,0,4,154,2,160,1,38,256,2,297,321,0,321,618
05/22/2019,PTK,MI,AGL,CE,Towers with Radar,1,29,91,0,121,0,6,73,0,79,1,35,164,0,200,276,0,276,476
05/23/2019,PTK,MI,AGL,CE,Towers with Radar,0,22,87,0,109,0,4,45,1,50,0,26,132,1,159,97,0,97,256
05/24/2019,PTK,MI,AGL,CE,Towers with Radar,1,20,100,0,121,0,0,119,0,119,1,20,219,0,240,274,0,274,514
05/25/2019,PTK,MI,AGL,CE,Towers with Radar,0,13,54,0,67,0,3,110,2,115,0,16,164,2,182,143,0,143,325
05/26/2019,PTK,MI,AGL,CE,Towers with Radar,0,11,75,0,86,0,5,52,0,57,0,16,127,0,143,205,0,205,348
05/27/2019,PTK,MI,AGL,CE,Towers with Radar,0,17,83,0,100,0,1,88,0,89,0,18,171,0,189,119,0,119,308
05/28/2019,PTK,MI,AGL,CE,Towers with Radar,0,28,198,2,228,0,1,57,0,58,0,29,255,2,286,173,0,173,459
05/29/2019,PTK,MI,AGL,CE,Towers with Radar,2,41,243,0,286,0,1,26,2,29,2,42,269,2,315,265,0,265,580
05/30/2019,PTK,MI,AGL,CE,Towers with Radar,0,33,259,0,292,2,3,80,0,85,2,36,339,0,377,243,0,243,620
05/31/2019,PTK,MI,AGL,CE,Towers with Radar,2,24,256,0,282,0,8,173,0,181,2,32,429,0,463,278,0,278,741
06/01/2019,PTK,MI,AGL,CE,Towers with Radar,0,12,36,0,48,0,0,61,0,61,0,12,97,0,109,159,0,159,268
06/02/2019,PTK,MI,AGL,CE,Towers with Radar,2,21,68,0,91,0,3,104,0,107,2,24,172,0,198,116,0,116,314
06/03/2019,PTK,MI,AGL,CE,Towers with Radar,0,27,91,0,118,0,6,141,0,147,0,33,232,0,265,332,0,332,597
06/04/2019,PTK,MI,AGL,CE,Towers with Radar,2,17,80,0,99,0,3,119,5,127,2,20,199,5,226,240,0,240,466
06/05/2019,PTK,MI,AGL,CE,Towers with Radar,1,28,93,0,122,0,2,44,0,46,1,30,137,0,168,274,0,274,442
06/06/2019,PTK,MI,AGL,CE,Towers with Radar,1,29,115,0,145,0,1,79,1,81,1,30,194,1,226,283,0,283,509
06/07/2019,PTK,MI,AGL,CE,Towers with Radar,0,31,90,0,121,6,23,153,0,182,6,54,243,0,303,229,0,229,532
06/08/2019,PTK,MI,AGL,CE,Towers with Radar,2,16,57,2,77,0,0,139,0,139,2,16,196,2,216,214,0,214,430
06/09/2019,PTK,MI,AGL,CE,Towers with Radar,0,22,81,0,103,0,1,83,0,84,0,23,164,0,187,220,0,220,407
06/10/2019,PTK,MI,AGL,CE,Towers with Radar,5,25,60,0,90,0,0,17,0,17,5,25,77,0,107,19,0,19,126
06/11/2019,PTK,MI,AGL,CE,Towers with Radar,0,23,81,0,104,2,8,154,2,166,2,31,235,2,270,409,0,409,679
06/12/2019,PTK,MI,AGL,CE,Towers with Radar,2,26,107,0,135,0,11,138,2,151,2,37,245,2,286,287,0,287,573
06/13/2019,PTK,MI,AGL,CE,Towers with Radar,4,32,85,0,121,0,0,16,0,16,4,32,101,0,137,201,0,201,338
06/14/2019,PTK,MI,AGL,CE,Towers with Radar,0,39,83,0,122,2,24,116,0,142,2,63,199,0,264,406,0,406,670
06/15/2019,PTK,MI,AGL,CE,Towers with Radar,2,13,50,0,65,0,4,48,0,52,2,17,98,0,117,199,0,199,316
06/16/2019,PTK,MI,AGL,CE,Towers with Radar,1,13,70,0,84,0,0,4,0,4,1,13,74,0,88,51,0,51,139
06/17/2019,PTK,MI,AGL,CE,Towers with Radar,0,32,76,0,108,0,16,85,0,101,0,48,161,0,209,338,0,338,547
06/18/2019,PTK,MI,AGL,CE,Towers with Radar,0,38,89,0,127,0,1,129,0,130,0,39,218,0,257,446,0,446,703
06/19/2019,PTK,MI,AGL,CE,Towers with Radar,1,39,105,0,145,0,1,103,1,105,1,40,208,1,250,538,0,538,788
06/20/2019,PTK,MI,AGL,CE,Towers with Radar,0,34,109,0,143,0,0,3,0,3,0,34,112,0,146,5,0,5,151
06/21/2019,PTK,MI,AGL,CE,Towers with Radar,2,38,93,0,133,0,7,182,0,189,2,45,275,0,322,349,0,349,671
06/22/2019,PTK,MI,AGL,CE,Towers with Radar,1,21,87,0,109,0,0,170,0,170,1,21,257,0,279,357,0,357,636
06/23/2019,PTK,MI,AGL,CE,Towers with Radar,1,19,85,0,105,0,5,137,0,142,1,24,222,0,247,346,0,346,593
06/24/2019,PTK,MI,AGL,CE,Towers with Radar,0,39,79,0,118,0,1,42,2,45,0,40,121,2,163,296,0,296,459
06/25/2019,PTK,MI,AGL,CE,Towers with Radar,5,40,90,0,135,0,4,89,2,95,5,44,179,2,230,292,0,292,522
06/26/2019,PTK,MI,AGL,CE,Towers with Radar,0,40,94,0,134,0,4,163,0,167,0,44,257,0,301,573,0,573,874
06/27/2019,PTK,MI,AGL,CE,Towers with Radar,3,45,84,0,132,1,1,102,5,109,4,46,186,5,241,320,0,320,561
06/28/2019,PTK,MI,AGL,CE,Towers with Radar,2,44,84,0,130,0,12,113,0,125,2,56,197,0,255,290,0,290,545
06/29/2019,PTK,MI,AGL,CE,Towers with Radar,0,16,64,0,80,0,5,120,0,125,0,21,184,0,205,279,0,279,484
06/30/2019,PTK,MI,AGL,CE,Towers with Radar,1,21,80,0,102,0,0,121,0,121,1,21,201,0,223,267,0,267,490
07/01/2019,PTK,MI,AGL,CE,Towers with Radar,2,30,79,0,111,1,1,158,0,160,3,31,237,0,271,375,0,375,646
07/02/2019,PTK,MI,AGL,CE,Towers with Radar,2,23,69,0,94,0,2,77,0,79,2,25,146,0,173,329,0,329,502
07/03/2019,PTK,MI,AGL,CE,Towers with Radar,1,29,81,0,111,0,5,75,0,80,1,34,156,0,191,181,0,181,372
07/04/2019,PTK,MI,AGL,CE,Towers with Radar,1,9,22,0,32,0,0,61,2,63,1,9,83,2,95,35,0,35,130
07/05/2019,PTK,MI,AGL,CE,Towers with Radar,0,19,44,0,63,0,2,84,0,86,0,21,128,0,149,123,0,123,272
07/06/2019,PTK,MI,AGL,CE,Towers with Radar,0,16,58,0,74,0,0,89,0,89,0,16,147,0,163,269,0,269,432
07/07/2019,PTK,MI,AGL,CE,Towers with Radar,0,18,103,0,121,0,0,154,1,155,0,18,257,1,276,190,0,190,466
07/08/2019,PTK,MI,AGL,CE,Towers with Radar,0,28,100,0,128,0,3,140,0,143,0,31,240,0,271,364,0,364,635
07/09/2019,PTK,MI,AGL,CE,Towers with Radar,0,31,104,0,135,0,0,140,1,141,0,31,244,1,276,352,0,352,628
07/10/2019,PTK,MI,AGL,CE,Towers with Radar,0,31,86,0,117,0,2,136,0,138,0,33,222,0,255,266,0,266,521
07/11/2019,PTK,MI,AGL,CE,Towers with Radar,0,23,93,0,116,0,5,126,0,131,0,28,219,0,247,266,0,266,513
07/12/2019,PTK,MI,AGL,CE,Towers with Radar,1,30,98,0,129,0,7,124,0,131,1,37,222,0,260,361,0,361,621
07/13/2019,PTK,MI,AGL,CE,Towers with Radar,1,9,63,0,73,0,2,205,0,207,1,11,268,0,280,195,0,195,475
07/14/2019,PTK,MI,AGL,CE,Towers with Radar,1,21,73,0,95,0,0,145,0,145,1,21,218,0,240,238,0,238,478
07/15/2019,PTK,MI,AGL,CE,Towers with Radar,1,33,103,0,137,0,3,53,0,56,1,36,156,0,193,193,0,193,386
07/16/2019,PTK,MI,AGL,CE,Towers with Radar,1,25,91,0,117,0,2,46,0,48,1,27,137,0,165,235,0,235,400
07/17/2019,PTK,MI,AGL,CE,Towers with Radar,0,37,93,0,130,0,6,94,0,100,0,43,187,0,230,244,0,244,474
07/18/2019,PTK,MI,AGL,CE,Towers with Radar,1,39,96,0,136,2,18,98,0,118,3,57,194,0,254,294,0,294,548
07/19/2019,PTK,MI,AGL,CE,Towers with Radar,1,26,85,1,113,0,3,56,0,59,1,29,141,1,172,277,0,277,449
07/20/2019,PTK,MI,AGL,CE,Towers with Radar,0,26,56,0,82,0,0,94,0,94,0,26,150,0,176,130,0,130,306
07/21/2019,PTK,MI,AGL,CE,Towers with Radar,2,25,105,0,132,1,1,54,0,56,3,26,159,0,188,199,0,199,387
07/22/2019,PTK,MI,AGL,CE,Towers with Radar,0,45,79,1,125,0,3,121,0,124,0,48,200,1,249,218,0,218,467
07/23/2019,PTK,MI,AGL,CE,Towers with Radar,1,40,65,0,106,0,6,133,1,140,1,46,198,1,246,243,0,243,489
07/24/2019,PTK,MI,AGL,CE,Towers with Radar,1,39,90,0,130,0,7,149,2,158,1,46,239,2,288,301,0,301,589
07/25/2019,PTK,MI,AGL,CE,Towers with Radar,0,41,114,0,155,0,6,109,1,116,0,47,223,1,271,304,0,304,575
07/26/2019,PTK,MI,AGL,CE,Towers with Radar,0,31,117,0,148,0,9,118,2,129,0,40,235,2,277,236,0,236,513
07/27/2019,PTK,MI,AGL,CE,Towers with Radar,0,22,60,0,82,0,3,131,0,134,0,25,191,0,216,116,0,116,332
07/28/2019,PTK,MI,AGL,CE,Towers with Radar,0,29,72,0,101,0,3,80,0,83,0,32,152,0,184,175,0,175,359
07/29/2019,PTK,MI,AGL,CE,Towers with Radar,0,28,210,0,238,0,0,59,0,59,0,28,269,0,297,99,0,99,396
07/30/2019,PTK,MI,AGL,CE,Towers with Radar,3,35,200,1,239,1,2,72,2,77,4,37,272,3,316,434,0,434,750
07/31/2019,PTK,MI,AGL,CE,Towers with Radar,2,39,234,0,275,0,9,131,5,145,2,48,365,5,420,433,0,433,853
08/01/2019,PTK,MI,AGL,CE,Towers with Radar,1,31,100,0,132,0,2,136,0,138,1,33,236,0,270,311,0,311,581
08/02/2019,PTK,MI,AGL,CE,Towers with Radar,5,28,89,0,122,0,1,176,0,177,5,29,265,0,299,344,0,344,643
08/03/2019,PTK,MI,AGL,CE,Towers with Radar,1,9,37,0,47,0,0,131,0,131,1,9,168,0,178,206,0,206,384
08/04/2019,PTK,MI,AGL,CE,Towers with Radar,2,20,90,0,112,2,0,124,0,126,4,20,214,0,238,183,0,183,421
08/05/2019,PTK,MI,AGL,CE,Towers with Radar,0,21,95,0,116,0,2,107,0,109,0,23,202,0,225,331,0,331,556
08/06/2019,PTK,MI,AGL,CE,Towers with Radar,0,21,87,0,108,0,4,59,2,65,0,25,146,2,173,280,0,280,453
08/07/2019,PTK,MI,AGL,CE,Towers with Radar,0,20,74,0,94,0,8,98,0,106,0,28,172,0,200,489,0,489,689
08/08/2019,PTK,MI,AGL,CE,Towers with Radar,2,27,113,0,142,0,3,112,1,116,2,30,225,1,258,225,0,225,483
08/09/2019,PTK,MI,AGL,CE,Towers with Radar,0,35,69,0,104,0,3,113,0,116,0,38,182,0,220,219,0,219,439
08/10/2019,PTK,MI,AGL,CE,Towers with Radar,0,16,70,0,86,0,10,170,0,180,0,26,240,0,266,247,0,247,513
08/11/2019,PTK,MI,AGL,CE,Towers with Radar,0,29,89,0,118,0,2,188,2,192,0,31,277,2,310,651,0,651,961
08/12/2019,PTK,MI,AGL,CE,Towers with Radar,0,25,94,0,119,0,2,78,0,80,0,27,172,0,199,286,0,286,485
08/13/2019,PTK,MI,AGL,CE,Towers with Radar,0,39,102,0,141,0,0,82,2,84,0,39,184,2,225,398,0,398,623
08/14/2019,PTK,MI,AGL,CE,Towers with Radar,0,27,95,0,122,0,1,103,0,104,0,28,198,0,226,288,0,288,514
08/15/2019,PTK,MI,AGL,CE,Towers with Radar,2,23,83,0,108,0,6,84,3,93,2,29,167,3,201,275,0,275,476
08/16/2019,PTK,MI,AGL,CE,Towers with Radar,0,36,86,0,122,0,19,103,1,123,0,55,189,1,245,330,0,330,575
08/17/2019,PTK,MI,AGL,CE,Towers with Radar,0,15,63,0,78,0,14,148,0,162,0,29,211,0,240,264,0,264,504
08/18/2019,PTK,MI,AGL,CE,Towers with Radar,0,38,64,0,102,0,0,35,0,35,0,38,99,0,137,148,0,148,285
08/19/2019,PTK,MI,AGL,CE,Towers with Radar,0,29,89,0,118,1,11,88,1,101,1,40,177,1,219,338,0,338,557
08/20/2019,PTK,MI,AGL,CE,Towers with Radar,0,23,81,0,104,0,4,77,0,81,0,27,158,0,185,379,0,379,564
08/21/2019,PTK,MI,AGL,CE,Towers with Radar,0,31,109,0,140,0,5,44,0,49,0,36,153,0,189,212,0,212,401
08/22/2019,PTK,MI,AGL,CE,Towers with Radar,1,46,97,0,144,0,8,170,1,179,1,54,267,1,323,364,0,364,687
08/23/2019,PTK,MI,AGL,CE,Towers with Radar,1,31,98,0,130,0,11,149,0,160,1,42,247,0,290,258,0,258,548
08/24/2019,PTK,MI,AGL,CE,Towers with Radar,0,20,70,0,90,0,6,125,0,131,0,26,195,0,221,190,0,190,411
08/25/2019,PTK,MI,AGL,CE,Towers with Radar,0,24,81,0,105,0,1,133,0,134,0,25,214,0,239,214,0,214,453
08/26/2019,PTK,MI,AGL,CE,Towers with Radar,3,34,100,0,137,0,1,50,0,51,3,35,150,0,188,249,0,249,437
08/27/2019,PTK,MI,AGL,CE,Towers with Radar,0,30,94,0,124,0,3,45,0,48,0,33,139,0,172,210,0,210,382
08/28/2019,PTK,MI,AGL,CE,Towers with Radar,0,29,93,0,122,1,7,88,0,96,1,36,181,0,218,285,0,285,503
08/29/2019,PTK,MI,AGL,CE,Towers with Radar,3,35,99,0,137,2,5,130,0,137,5,40,229,0,274,193,0,193,467
08/30/2019,PTK,MI,AGL,CE,Towers with Radar,4,46,285,0,335,2,8,137,0,147,6,54,422,0,482,218,0,218,700
08/31/2019,PTK,MI,AGL,CE,Towers with Radar,0,28,145,0,173,0,3,144,0,147,0,31,289,0,320,163,0,163,483
09/01/2019,PTK,MI,AGL,CE,Towers with Radar,0,12,52,0,64,0,0,38,0,38,0,12,90,0,102,141,0,141,243
09/02/2019,PTK,MI,AGL,CE,Towers with Radar,1,17,79,0,97,0,2,79,0,81,1,19,158,0,178,92,0,92,270
09/03/2019,PTK,MI,AGL,CE,Towers with Radar,4,20,64,0,88,0,2,50,0,52,4,22,114,0,140,38,0,38,178
09/04/2019,PTK,MI,AGL,CE,Towers with Radar,2,28,119,0,149,0,2,88,0,90,2,30,207,0,239,281,0,281,520
09/05/2019,PTK,MI,AGL,CE,Towers with Radar,2,15,84,0,101,0,4,148,0,152,2,19,232,0,253,316,0,316,569
09/06/2019,PTK,MI,AGL,CE,Towers with Radar,3,26,88,0,117,0,7,62,0,69,3,33,150,0,186,250,0,250,436
09/07/2019,PTK,MI,AGL,CE,Towers with Radar,0,15,55,0,70,0,4,94,0,98,0,19,149,0,168,245,0,245,413
09/08/2019,PTK,MI,AGL,CE,Towers with Radar,0,19,89,0,108,0,11,127,0,138,0,30,216,0,246,193,0,193,439
09/09/2019,PTK,MI,AGL,CE,Towers with Radar,2,23,92,0,117,0,4,92,0,96,2,27,184,0,213,281,0,281,494
09/10/2019,PTK,MI,AGL,CE,Towers with Radar,0,23,86,0,109,2,4,70,0,76,2,27,156,0,185,139,0,139,324
09/11/2019,PTK,MI,AGL,CE,Towers with Radar,1,24,85,0,110,0,1,44,2,47,1,25,129,2,157,174,0,174,331
09/12/2019,PTK,MI,AGL,CE,Towers with Radar,4,25,91,1,121,0,2,7,0,9,4,27,98,1,130,42,0,42,172
09/13/2019,PTK,MI,AGL,CE,Towers with Radar,3,36,76,0,115,0,0,27,0,27,3,36,103,0,142,96,0,96,238
09/14/2019,PTK,MI,AGL,CE,Towers with Radar,1,25,74,0,100,0,0,119,0,119,1,25,193,0,219,228,0,228,447
09/15/2019,PTK,MI,AGL,CE,Towers with Radar,2,20,78,0,100,0,0,58,0,58,2,20,136,0,158,76,0,76,234
09/16/2019,PTK,MI,AGL,CE,Towers with Radar,1,24,77,0,102,0,1,56,0,57,1,25,133,0,159,290,0,290,449
09/17/2019,PTK,MI,AGL,CE,Towers with Radar,1,17,87,0,105,0,4,115,2,121,1,21,202,2,226,231,0,231,457
09/18/2019,PTK,MI,AGL,CE,Towers with Radar,1,29,107,0,137,0,6,156,0,162,1,35,263,0,299,207,0,207,506
09/19/2019,PTK,MI,AGL,CE,Towers with Radar,2,24,115,0,141,0,5,156,5,166,2,29,271,5,307,180,0,180,487
09/20/2019,PTK,MI,AGL,CE,Towers with Radar,1,26,80,0,107,0,4,122,0,126,1,30,202,0,233,135,0,135,368
09/21/2019,PTK,MI,AGL,CE,Towers with Radar,2,11,52,0,65,0,4,125,0,129,2,15,177,0,194,159,0,159,353
09/22/2019,PTK,MI,AGL,CE,Towers with Radar,4,14,53,0,71,0,3,60,0,63,4,17,113,0,134,120,0,120,254
09/23/2019,PTK,MI,AGL,CE,Towers with Radar,2,38,101,0,141,0,0,71,0,71,2,38,172,0,212,207,0,207,419
09/24/2019,PTK,MI,AGL,CE,Towers with Radar,2,26,91,0,119,2,2,146,1,151,4,28,237,1,270,337,0,337,607
09/25/2019,PTK,MI,AGL,CE,Towers with Radar,4,42,70,0,116,0,0,70,1,71,4,42,140,1,187,116,0,116,303
09/26/2019,PTK,MI,AGL,CE,Towers with Radar,2,33,108,0,143,0,5,93,0,98,2,38,201,0,241,173,0,173,414
09/27/2019,PTK,MI,AGL,CE,Towers with Radar,1,39,224,0,264,0,0,80,0,80,1,39,304,0,344,80,0,80,424
09/28/2019,PTK,MI,AGL,CE,Towers with Radar,1,16,157,0,174,0,1,8,0,9,1,17,165,0,183,40,0,40,223
09/29/2019,PTK,MI,AGL,CE,Towers with Radar,1,21,186,0,208,0,1,17,0,18,1,22,203,0,226,116,0,116,342
09/30/2019,PTK,MI,AGL,CE,Towers with Radar,3,33,178,0,214,0,0,31,0,31,3,33,209,0,245,137,0,137,382
10/01/2019,PTK,MI,AGL,CE,Towers with Radar,4,25,72,1,102,5,2,124,0,131,9,27,196,1,233,249,0,249,482
10/02/2019,PTK,MI,AGL,CE,Towers with Radar,8,35,61,0,104,0,0,1,0,1,8,35,62,0,105,0,0,0,105
10/03/2019,PTK,MI,AGL,CE,Towers with Radar,5,27,97,0,129,0,0,9,0,9,5,27,106,0,138,44,0,44,182
10/04/2019,PTK,MI,AGL,CE,Towers with Radar,4,37,102,0,143,0,4,105,0,109,4,41,207,0,252,184,0,184,436
10/05/2019,PTK,MI,AGL,CE,Towers with Radar,3,11,61,0,75,0,2,168,0,170,3,13,229,0,245,262,0,262,507
10/06/2019,PTK,MI,AGL,CE,Towers with Radar,0,22,80,0,102,0,3,86,0,89,0,25,166,0,191,292,0,292,483
10/07/2019,PTK,MI,AGL,CE,Towers with Radar,0,21,82,0,103,0,6,131,0,137,0,27,213,0,240,204,0,204,444
10/08/2019,PTK,MI,AGL,CE,Towers with Radar,2,29,57,0,88,0,7,192,0,199,2,36,249,0,287,378,0,378,665
10/09/2019,PTK,MI,AGL,CE,Towers with Radar,3,23,86,1,113,0,3,119,1,123,3,26,205,2,236,339,0,339,575
10/10/2019,PTK,MI,AGL,CE,Towers with Radar,3,26,115,0,144,0,3,150,0,153,3,29,265,0,297,302,0,302,599
10/11/2019,PTK,MI,AGL,CE,Towers with Radar,1,23,91,0,115,0,1,47,0,48,1,24,138,0,163,138,0,138,301
10/12/2019,PTK,MI,AGL,CE,Towers with Radar,0,14,66,0,80,0,5,111,0,116,0,19,177,0,196,144,0,144,340
10/13/2019,PTK,MI,AGL,CE,Towers with Radar,0,18,69,0,87,0,3,58,0,61,0,21,127,0,148,140,0,140,288
10/14/2019,PTK,MI,AGL,CE,Towers with Radar,0,30,85,0,115,0,0,89,0,89,0,30,174,0,204,246,0,246,450
10/15/2019,PTK,MI,AGL,CE,Towers with Radar,0,29,69,0,98,0,3,80,4,87,0,32,149,4,185,206,0,206,391
10/16/2019,PTK,MI,AGL,CE,Towers with Radar,4,27,68,0,99,0,3,50,0,53,4,30,118,0,152,92,0,92,244
10/17/2019,PTK,MI,AGL,CE,Towers with Radar,2,32,86,0,120,0,0,69,0,69,2,32,155,0,189,176,0,176,365
10/18/2019,PTK,MI,AGL,CE,Towers with Radar,1,30,67,0,98,0,10,152,3,165,1,40,219,3,263,272,0,272,535
10/19/2019,PTK,MI,AGL,CE,Towers with Radar,1,14,72,1,88,0,3,158,0,161,1,17,230,1,249,216,0,216,465
10/20/2019,PTK,MI,AGL,CE,Towers with Radar,0,22,72,0,94,0,0,129,0,129,0,22,201,0,223,294,0,294,517
10/21/2019,PTK,MI,AGL,CE,Towers with Radar,0,32,72,0,104,0,0,25,0,25,0,32,97,0,129,172,0,172,301
10/22/2019,PTK,MI,AGL,CE,Towers with Radar,2,24,74,0,100,0,7,39,0,46,2,31,113,0,146,97,0,97,243
10/23/2019,PTK,MI,AGL,CE,Towers with Radar,2,36,87,0,125,0,6,103,0,109,2,42,190,0,234,110,0,110,344
10/24/2019,PTK,MI,AGL,CE,Towers with Radar,1,38,108,0,147,0,5,121,0,126,1,43,229,0,273,262,0,262,535
10/25/2019,PTK,MI,AGL,CE,Towers with Radar,2,21,84,0,107,0,1,150,0,151,2,22,234,0,258,299,0,299,557
10/26/2019,PTK,MI,AGL,CE,Towers with Radar,2,14,53,0,69,0,2,94,0,96,2,16,147,0,165,205,0,205,370
10/27/2019,PTK,MI,AGL,CE,Towers with Radar,0,24,57,0,81,0,0,19,0,19,0,24,76,0,100,52,0,52,152
10/28/2019,PTK,MI,AGL,CE,Towers with Radar,1,23,86,0,110,0,4,128,0,132,1,27,214,0,242,273,0,273,515
10/29/2019,PTK,MI,AGL,CE,Towers with Radar,1,38,107,0,146,0,1,53,0,54,1,39,160,0,200,200,0,200,400
10/30/2019,PTK,MI,AGL,CE,Towers with Radar,2,45,79,0,126,0,0,0,0,0,2,45,79,0,126,25,0,25,151
10/31/2019,PTK,MI,AGL,CE,Towers with Radar,0,24,66,0,90,0,0,0,0,0,0,24,66,0,90,0,0,0,90
11/01/2019,PTK,MI,AGL,CE,Towers with Radar,1,57,69,0,127,0,8,90,1,99,1,65,159,1,226,281,0,281,507
11/02/2019,PTK,MI,AGL,CE,Towers with Radar,2,23,44,0,69,0,0,37,0,37,2,23,81,0,106,240,0,240,346
11/03/2019,PTK,MI,AGL,CE,Towers with Radar,0,18,79,0,97,0,1,119,0,120,0,19,198,0,217,243,0,243,460
11/04/2019,PTK,MI,AGL,CE,Towers with Radar,0,31,46,0,77,0,0,50,0,50,0,31,96,0,127,108,0,108,235
11/05/2019,PTK,MI,AGL,CE,Towers with Radar,3,21,71,0,95,0,3,92,0,95,3,24,163,0,190,198,0,198,388
11/06/2019,PTK,MI,AGL,CE,Towers with Radar,4,34,84,0,122,0,7,36,1,44,4,41,120,1,166,250,0,250,416
11/07/2019,PTK,MI,AGL,CE,Towers with Radar,1,40,58,0,99,0,1,60,0,61,1,41,118,0,160,172,0,172,332
11/08/2019,PTK,MI,AGL,CE,Towers with Radar,0,18,86,0,104,0,5,138,0,143,0,23,224,0,247,213,0,213,460
11/09/2019,PTK,MI,AGL,CE,Towers with Radar,1,16,50,0,67,0,4,107,0,111,1,20,157,0,178,150,0,150,328
11/10/2019,PTK,MI,AGL,CE,Towers with Radar,0,19,63,0,82,0,0,21,0,21,0,19,84,0,103,310,0,310,413
11/11/2019,PTK,MI,AGL,CE,Towers with Radar,0,14,47,0,61,0,0,0,0,0,0,14,47,0,61,0,0,0,61
11/12/2019,PTK,MI,AGL,CE,Towers with Radar,6,29,72,0,107,0,1,74,2,77,6,30,146,2,184,191,0,191,375
11/13/2019,PTK,MI,AGL,CE,Towers with Radar,4,31,76,1,112,0,5,81,4,90,4,36,157,5,202,184,0,184,386
11/14/2019,PTK,MI,AGL,CE,Towers with Radar,3,27,66,0,96,0,3,19,0,22,3,30,85,0,118,72,0,72,190
11/15/2019,PTK,MI,AGL,CE,Towers with Radar,2,36,73,0,111,0,5,22,0,27,2,41,95,0,138,222,0,222,360
11/16/2019,PTK,MI,AGL,CE,Towers with Radar,2,14,48,0,64,0,3,123,0,126,2,17,171,0,190,333,0,333,523
11/17/2019,PTK,MI,AGL,CE,Towers with Radar,0,22,76,0,98,0,0,119,0,119,0,22,195,0,217,173,0,173,390
11/18/2019,PTK,MI,AGL,CE,Towers with Radar,1,27,74,0,102,0,1,74,0,75,1,28,148,0,177,202,0,202,379
11/19/2019,PTK,MI,AGL,CE,Towers with Radar,3,29,91,0,123,0,4,12,0,16,3,33,103,0,139,175,0,175,314
11/20/2019,PTK,MI,AGL,CE,Towers with Radar,3,26,104,0,133,0,4,51,0,55,3,30,155,0,188,345,0,345,533
11/21/2019,PTK,MI,AGL,CE,Towers with Radar,6,31,81,0,118,0,0,11,0,11,6,31,92,0,129,58,0,58,187
11/22/2019,PTK,MI,AGL,CE,Towers with Radar,1,32,89,0,122,0,4,93,0,97,1,36,182,0,219,168,0,168,387
11/23/2019,PTK,MI,AGL,CE,Towers with Radar,1,11,77,0,89,0,0,168,0,168,1,11,245,0,257,126,0,126,383
11/24/2019,PTK,MI,AGL,CE,Towers with Radar,0,22,56,0,78,0,0,91,0,91,0,22,147,0,169,140,0,140,309
11/25/2019,PTK,MI,AGL,CE,Towers with Radar,3,23,98,0,124,0,1,99,0,100,3,24,197,0,224,165,0,165,389
11/26/2019,PTK,MI,AGL,CE,Towers with Radar,2,38,79,0,119,0,6,83,0,89,2,44,162,0,208,272,0,272,480
11/27/2019,PTK,MI,AGL,CE,Towers with Radar,0,38,42,0,80,0,0,1,0,1,0,38,43,0,81,0,0,0,81
11/28/2019,PTK,MI,AGL,CE,Towers with Radar,0,18,15,0,33,0,0,11,0,11,0,18,26,0,44,4,0,4,48
11/29/2019,PTK,MI,AGL,CE,Towers with Radar,1,25,55,0,81,1,4,62,0,67,2,29,117,0,148,313,0,313,461
11/30/2019,PTK,MI,AGL,CE,Towers with Radar,2,15,43,0,60,0,0,29,0,29,2,15,72,0,89,367,0,367,456
12/01/2019,PTK,MI,AGL,CE,Towers with Radar,1,21,88,0,110,0,0,0,0,0,1,21,88,0,110,0,0,0,110
12/02/2019,PTK,MI,AGL,CE,Towers with Radar,2,29,56,0,87,0,0,0,0,0,2,29,56,0,87,0,0,0,87
12/03/2019,PTK,MI,AGL,CE,Towers with Radar,2,25,81,0,108,0,0,13,0,13,2,25,94,0,121,122,0,122,243
12/04/2019,PTK,MI,AGL,CE,Towers with Radar,0,23,102,0,125,0,0,17,0,17,0,23,119,0,142,86,0,86,228
12/05/2019,PTK,MI,AGL,CE,Towers with Radar,0,31,96,0,127,0,69,85,0,154,0,100,181,0,281,256,0,256,537
12/06/2019,PTK,MI,AGL,CE,Towers with Radar,0,35,81,0,116,0,56,68,0,124,0,91,149,0,240,157,0,157,397
12/07/2019,PTK,MI,AGL,CE,Towers with Radar,1,13,134,0,148,0,1,479,0,480,1,14,613,0,628,57,0,57,685
12/08/2019,PTK,MI,AGL,CE,Towers with Radar,0,21,67,0,88,0,0,43,0,43,0,21,110,0,131,189,0,189,320
12/09/2019,PTK,MI,AGL,CE,Towers with Radar,1,38,61,0,100,0,0,0,0,0,1,38,61,0,100,2,0,2,102
12/10/2019,PTK,MI,AGL,CE,Towers with Radar,2,24,80,0,106,0,0,23,0,23,2,24,103,0,129,117,0,117,246
12/11/2019,PTK,MI,AGL,CE,Towers with Radar,0,31,91,0,122,0,3,55,0,58,0,34,146,0,180,79,0,79,259
12/12/2019,PTK,MI,AGL,CE,Towers with Radar,0,32,88,0,120,0,5,96,0,101,0,37,184,0,221,107,0,107,328
12/13/2019,PTK,MI,AGL,CE,Towers with Radar,2,33,84,0,119,0,7,97,0,104,2,40,181,0,223,181,0,181,404
12/14/2019,PTK,MI,AGL,CE,Towers with Radar,1,13,46,0,60,0,0,50,0,50,1,13,96,0,110,258,0,258,368
12/15/2019,PTK,MI,AGL,CE,Towers with Radar,2,21,58,0,81,0,0,50,0,50,2,21,108,0,131,133,0,133,264
12/16/2019,PTK,MI,AGL,CE,Towers with Radar,3,49,94,0,146,0,1,76,1,78,3,50,170,1,224,140,0,140,364
12/17/2019,PTK,MI,AGL,CE,Towers with Radar,7,29,95,0,131,3,3,87,2,95,10,32,182,2,226,264,0,264,490
12/18/2019,PTK,MI,AGL,CE,Towers with Radar,2,26,81,0,109,0,6,42,0,48,2,32,123,0,157,119,0,119,276
12/19/2019,PTK,MI,AGL,CE,Towers with Radar,0,38,87,0,125,0,5,87,0,92,0,43,174,0,217,167,0,167,384
12/20/2019,PTK,MI,AGL,CE,Towers with Radar,2,32,83,0,117,2,5,97,0,104,4,37,180,0,221,248,0,248,469
12/21/2019,PTK,MI,AGL,CE,Towers with Radar,2,16,69,0,87,0,1,118,0,119,2,17,187,0,206,185,0,185,391
12/22/2019,PTK,MI,AGL,CE,Towers with Radar,2,15,48,0,65,0,0,108,0,108,2,15,156,0,173,235,0,235,408
12/23/2019,PTK,MI,AGL,CE,Towers with Radar,0,17,66,0,83,0,1,105,0,106,0,18,171,0,189,180,0,180,369
12/24/2019,PTK,MI,AGL,CE,Towers with Radar,0,12,24,0,36,0,0,6,0,6,0,12,30,0,42,21,0,21,63
12/25/2019,PTK,MI,AGL,CE,Towers with Radar,2,14,11,0,27,0,0,6,0,6,2,14,17,0,33,8,0,8,41
12/26/2019,PTK,MI,AGL,CE,Towers with Radar,0,31,110,1,142,0,0,6,0,6,0,31,116,1,148,22,0,22,170
12/27/2019,PTK,MI,AGL,CE,Towers with Radar,0,21,86,0,107,0,4,23,0,27,0,25,109,0,134,222,0,222,356
12/28/2019,PTK,MI,AGL,CE,Towers with Radar,0,5,60,0,65,0,5,56,0,61,0,10,116,0,126,193,0,193,319
12/29/2019,PTK,MI,AGL,CE,Towers with Radar,0,7,8,0,15,0,0,0,0,0,0,7,8,0,15,0,0,0,15
12/30/2019,PTK,MI,AGL,CE,Towers with Radar,0,16,30,2,48,0,0,1,0,1,0,16,31,2,49,0,0,0,49
12/31/2019,PTK,MI,AGL,CE,Towers with Radar,0,9,28,0,37,0,0,0,0,0,0,9,28,0,37,11,0,11,48
01/01/2020,PTK,MI,AGL,CE,Towers with Radar,0,4,39,0,43,0,0,53,0,53,0,4,92,0,96,78,0,78,174
01/02/2020,PTK,MI,AGL,CE,Towers with Radar,0,14,50,0,64,3,4,105,3,115,3,18,155,3,179,115,0,115,294
01/03/2020,PTK,MI,AGL,CE,Towers with Radar,0,28,49,0,77,0,1,20,0,21,0,29,69,0,98,193,0,193,291
01/04/2020,PTK,MI,AGL,CE,Towers with Radar,0,18,52,0,70,0,0,2,0,2,0,18,54,0,72,55,0,55,127
01/05/2020,PTK,MI,AGL,CE,Towers with Radar,0,27,62,0,89,0,4,35,0,39,0,31,97,0,128,136,0,136,264
01/06/2020,PTK,MI,AGL,CE,Towers with Radar,2,19,76,0,97,0,4,74,0,78,2,23,150,0,175,61,0,61,236
01/07/2020,PTK,MI,AGL,CE,Towers with Radar,0,20,63,0,83,0,9,59,0,68,0,29,122,0,151,194,0,194,345
01/08/2020,PTK,MI,AGL,CE,Towers with Radar,0,18,64,0,82,0,1,50,0,51,0,19,114,0,133,137,0,137,270
01/09/2020,PTK,MI,AGL,CE,Towers with Radar,0,24,69,0,93,0,7,39,0,46,0,31,108,0,139,106,0,106,245
01/10/2020,PTK,MI,AGL,CE,Towers with Radar,0,17,59,0,76,0,0,0,0,0,0,17,59,0,76,0,0,0,76
01/11/2020,PTK,MI,AGL,CE,Towers with Radar,0,5,13,0,18,0,0,0,0,0,0,5,13,0,18,0,0,0,18
01/12/2020,PTK,MI,AGL,CE,Towers with Radar,2,9,52,0,63,0,0,21,0,21,2,9,73,0,84,48,0,48,132
01/13/2020,PTK,MI,AGL,CE,Towers with Radar,7,14,61,0,82,0,0,4,0,4,7,14,65,0,86,135,0,135,221
01/14/2020,PTK,MI,AGL,CE,Towers with Radar,5,18,82,0,105,0,5,14,1,20,5,23,96,1,125,362,0,362,487
01/15/2020,PTK,MI,AGL,CE,Towers with Radar,4,23,70,0,97,1,6,58,0,65,5,29,128,0,162,304,0,304,466
01/16/2020,PTK,MI,AGL,CE,Towers with Radar,1,33,80,0,114,0,0,23,0,23,1,33,103,0,137,76,0,76,213
01/17/2020,PTK,MI,AGL,CE,Towers with Radar,0,32,92,0,124,1,10,117,0,128,1,42,209,0,252,258,0,258,510
01/18/2020,PTK,MI,AGL,CE,Towers with Radar,0,8,16,0,24,0,0,0,0,0,0,8,16,0,24,0,0,0,24
01/19/2020,PTK,MI,AGL,CE,Towers with Radar,0,20,36,0,56,0,0,6,0,6,0,20,42,0,62,3,0,3,65
01/20/2020,PTK,MI,AGL,CE,Towers with Radar,0,28,70,0,98,2,11,95,0,108,2,39,165,0,206,250,0,250,456
01/21/2020,PTK,MI,AGL,CE,Towers with Radar,0,24,85,0,109,0,5,92,0,97,0,29,177,0,206,180,0,180,386
01/22/2020,PTK,MI,AGL,CE,Towers with Radar,0,18,64,0,82,2,12,103,0,117,2,30,167,0,199,249,0,249,448
01/23/2020,PTK,MI,AGL,CE,Towers with Radar,0,27,92,0,119,0,1,89,0,90,0,28,181,0,209,247,0,247,456
01/24/2020,PTK,MI,AGL,CE,Towers with Radar,0,20,37,0,57,0,0,0,0,0,0,20,37,0,57,0,0,0,57
01/25/2020,PTK,MI,AGL,CE,Towers with Radar,0,2,29,0,31,0,0,0,0,0,0,2,29,0,31,0,0,0,31
01/26/2020,PTK,MI,AGL,CE,Towers with Radar,0,17,47,0,64,0,0,0,0,0,0,17,47,0,64,13,0,13,77
01/27/2020,PTK,MI,AGL,CE,Towers with Radar,0,29,58,0,87,0,1,10,0,11,0,30,68,0,98,207,0,207,305
01/28/2020,PTK,MI,AGL,CE,Towers with Radar,1,30,63,0,94,0,0,35,0,35,1,30,98,0,129,234,0,234,363
01/29/2020,PTK,MI,AGL,CE,Towers with Radar,0,35,77,0,112,0,16,57,0,73,0,51,134,0,185,263,0,263,448
01/30/2020,PTK,MI,AGL,CE,Towers with Radar,4,32,95,0,131,0,3,56,0,59,4,35,151,0,190,152,0,152,342
01/31/2020,PTK,MI,AGL,CE,Towers with Radar,3,30,60,0,93,0,3,46,0,49,3,33,106,0,142,402,0,402,544
02/01/2020,PTK,MI,AGL,CE,Towers with Radar,3,6,33,0,42,0,0,9,0,9,3,6,42,0,51,87,0,87,138
02/02/2020,PTK,MI,AGL,CE,Towers with Radar,0,14,41,0,55,0,0,42,0,42,0,14,83,0,97,109,0,109,206
02/03/2020,PTK,MI,AGL,CE,Towers with Radar,0,22,60,0,82,0,7,156,0,163,0,29,216,0,245,207,0,207,452
02/04/2020,PTK,MI,AGL,CE,Towers with Radar,2,15,63,0,80,0,3,40,1,44,2,18,103,1,124,149,0,149,273
02/05/2020,PTK,MI,AGL,CE,Towers with Radar,1,38,73,0,112,0,10,83,0,93,1,48,156,0,205,264,0,264,469
02/06/2020,PTK,MI,AGL,CE,Towers with Radar,2,25,63,0,90,0,1,3,0,4,2,26,66,0,94,64,0,64,158
02/07/2020,PTK,MI,AGL,CE,Towers with Radar,2,31,55,0,88,0,5,37,0,42,2,36,92,0,130,115,0,115,245
02/08/2020,PTK,MI,AGL,CE,Towers with Radar,0,5,46,0,51,0,0,35,0,35,0,5,81,0,86,219,0,219,305
02/09/2020,PTK,MI,AGL,CE,Towers with Radar,0,13,58,0,71,0,0,35,0,35,0,13,93,0,106,110,0,110,216
02/10/2020,PTK,MI,AGL,CE,Towers with Radar,5,33,66,0,104,0,4,44,0,48,5,37,110,0,152,264,0,264,416
02/11/2020,PTK,MI,AGL,CE,Towers with Radar,3,23,79,0,105,0,7,46,2,55,3,30,125,2,160,169,0,169,329
02/12/2020,PTK,MI,AGL,CE,Towers with Radar,1,33,79,0,113,0,3,103,0,106,1,36,182,0,219,226,0,226,445
02/13/2020,PTK,MI,AGL,CE,Towers with Radar,1,35,62,0,98,0,0,3,0,3,1,35,65,0,101,22,0,22,123
02/14/2020,PTK,MI,AGL,CE,Towers with Radar,0,23,70,0,93,0,3,104,0,107,0,26,174,0,200,226,0,226,426
02/15/2020,PTK,MI,AGL,CE,Towers with Radar,0,17,51,0,68,0,0,74,0,74,0,17,125,0,142,147,0,147,289
02/16/2020,PTK,MI,AGL,CE,Towers with Radar,0,19,62,0,81,0,0,86,1,87,0,19,148,1,168,355,0,355,523
02/17/2020,PTK,MI,AGL,CE,Towers with Radar,0,20,72,0,92,0,2,52,0,54,0,22,124,0,146,162,0,162,308
02/18/2020,PTK,MI,AGL,CE,Towers with Radar,1,22,48,0,71,0,0,21,0,21,1,22,69,0,92,74,0,74,166
02/19/2020,PTK,MI,AGL,CE,Towers with Radar,2,26,67,0,95,0,13,125,1,139,2,39,192,1,234,331,0,331,565
02/20/2020,PTK,MI,AGL,CE,Towers with Radar,1,29,82,0,112,0,7,120,0,127,1,36,202,0,239,163,0,163,402
02/21/2020,PTK,MI,AGL,CE,Towers with Radar,0,26,48,0,74,0,10,100,2,112,0,36,148,2,186,254,0,254,440
02/22/2020,PTK,MI,AGL,CE,Towers with Radar,0,20,59,0,79,0,5,146,0,151,0,25,205,0,230,312,0,312,542
02/23/2020,PTK,MI,AGL,CE,Towers with Radar,0,21,71,0,92,0,1,149,0,150,0,22,220,0,242,216,0,216,458
02/24/2020,PTK,MI,AGL,CE,Towers with Radar,1,29,69,0,99,0,4,78,0,82,1,33,147,0,181,237,0,237,418
02/25/2020,PTK,MI,AGL,CE,Towers with Radar,0,24,70,0,94,0,0,0,0,0,0,24,70,0,94,49,0,49,143
02/26/2020,PTK,MI,AGL,CE,Towers with Radar,0,19,40,0,59,0,0,0,0,0,0,19,40,0,59,0,0,0,59
02/27/2020,PTK,MI,AGL,CE,Towers with Radar,0,25,59,0,84,0,2,11,2,15,0,27,70,2,99,11,0,11,110
02/28/2020,PTK,MI,AGL,CE,Towers with Radar,0,29,71,0,100,0,0,45,0,45,0,29,116,0,145,158,0,158,303
02/29/2020,PTK,MI,AGL,CE,Towers with Radar,0,19,49,0,68,0,1,135,0,136,0,20,184,0,204,280,0,280,484
03/01/2020,PTK,MI,AGL,CE,Towers with Radar,2,17,65,0,84,0,0,116,0,116,2,17,181,0,200,156,0,156,356
03/02/2020,PTK,MI,AGL,CE,Towers with Radar,2,37,68,0,107,0,3,57,0,60,2,40,125,0,167,164,0,164,331
03/03/2020,PTK,MI,AGL,CE,Towers with Radar,0,33,72,0,105,0,12,95,4,111,0,45,167,4,216,186,0,186,402
03/04/2020,PTK,MI,AGL,CE,Towers with Radar,0,30,99,0,129,0,3,113,0,116,0,33,212,0,245,157,0,157,402
03/05/2020,PTK,MI,AGL,CE,Towers with Radar,1,19,88,0,108,0,9,103,0,112,1,28,191,0,220,106,0,106,326
03/06/2020,PTK,MI,AGL,CE,Towers with Radar,0,21,57,0,78,0,2,1,0,3,0,23,58,0,81,0,0,0,81
03/07/2020,PTK,MI,AGL,CE,Towers with Radar,1,18,62,0,81,0,5,201,2,208,1,23,263,2,289,296,0,296,585
03/08/2020,PTK,MI,AGL,CE,Towers with Radar,0,19,72,0,91,0,1,137,0,138,0,20,209,0,229,136,0,136,365
03/09/2020,PTK,MI,AGL,CE,Towers with Radar,1,22,56,0,79,0,2,48,0,50,1,24,104,0,129,159,0,159,288
03/10/2020,PTK,MI,AGL,CE,Towers with Radar,0,23,53,0,76,2,2,35,1,40,2,25,88,1,116,111,0,111,227
03/11/2020,PTK,MI,AGL,CE,Towers with Radar,2,24,65,0,91,0,15,79,0,94,2,39,144,0,185,330,0,330,515
03/12/2020,PTK,MI,AGL,CE,Towers with Radar,0,42,88,2,132,0,1,53,0,54,0,43,141,2,186,215,0,215,401
03/13/2020,PTK,MI,AGL,CE,Towers with Radar,1,31,51,0,83,0,1,37,0,38,1,32,88,0,121,34,0,34,155
03/14/2020,PTK,MI,AGL,CE,Towers with Radar,0,17,62,0,79,0,0,121,0,121,0,17,183,0,200,278,0,278,478
03/15/2020,PTK,MI,AGL,CE,Towers with Radar,0,11,73,0,84,0,2,181,0,183,0,13,254,0,267,234,0,234,501
03/16/2020,PTK,MI,AGL,CE,Towers with Radar,1,30,51,0,82,0,17,85,0,102,1,47,136,0,184,245,0,245,429
03/17/2020,PTK,MI,AGL,CE,Towers with Radar,1,22,47,4,74,0,1,96,0,97,1,23,143,4,171,201,0,201,372
03/18/2020,PTK,MI,AGL,CE,Towers with Radar,0,20,53,0,73,0,2,69,0,71,0,22,122,0,144,221,0,221,365
03/19/2020,PTK,MI,AGL,CE,Towers with Radar,1,18,46,0,65,0,0,0,0,0,1,18,46,0,65,14,0,14,79
03/20/2020,PTK,MI,AGL,CE,Towers with Radar,0,15,36,0,51,0,2,9,0,11,0,17,45,0,62,64,0,64,126
03/21/2020,PTK,MI,AGL,CE,Towers with Radar,0,18,51,0,69,0,8,107,0,115,0,26,158,0,184,230,0,230,414
03/22/2020,PTK,MI,AGL,CE,Towers with Radar,0,7,25,0,32,0,0,89,0,89,0,7,114,0,121,121,0,121,242
03/23/2020,PTK,MI,AGL,CE,Towers with Radar,0,9,29,0,38,0,0,6,0,6,0,9,35,0,44,55,0,55,99
03/24/2020,PTK,MI,AGL,CE,Towers with Radar,0,10,19,0,29,0,2,24,0,26,0,12,43,0,55,43,0,43,98
03/25/2020,PTK,MI,AGL,CE,Towers with Radar,0,14,7,0,21,0,1,55,0,56,0,15,62,0,77,66,0,66,143
03/26/2020,PTK,MI,AGL,CE,Towers with Radar,1,10,17,0,28,0,0,11,0,11,1,10,28,0,39,25,0,25,64
03/27/2020,PTK,MI,AGL,CE,Towers with Radar,3,14,28,0,45,0,2,25,0,27,3,16,53,0,72,33,0,33,105
03/28/2020,PTK,MI,AGL,CE,Towers with Radar,1,8,10,0,19,0,0,0,0,0,1,8,10,0,19,0,0,0,19
03/29/2020,PTK,MI,AGL,CE,Towers with Radar,0,4,3,0,7,0,0,1,0,1,0,4,4,0,8,15,0,15,23
03/30/2020,PTK,MI,AGL,CE,Towers with Radar,0,5,8,0,13,0,1,0,0,1,0,6,8,0,14,9,0,9,23
03/31/2020,PTK,MI,AGL,CE,Towers with Radar,0,12,27,0,39,0,0,8,0,8,0,12,35,0,47,24,0,24,71
04/01/2020,PTK,MI,AGL,CE,Towers with Radar,1,8,10,0,19,0,1,9,0,10,1,9,19,0,29,60,0,60,89
04/02/2020,PTK,MI,AGL,CE,Towers with Radar,0,10,19,0,29,0,1,69,0,70,0,11,88,0,99,25,0,25,124
04/03/2020,PTK,MI,AGL,CE,Towers with Radar,0,6,19,2,27,0,1,85,1,87,0,7,104,3,114,85,0,85,199
04/04/2020,PTK,MI,AGL,CE,Towers with Radar,0,4,11,0,15,0,2,22,0,24,0,6,33,0,39,4,0,4,43
04/05/2020,PTK,MI,AGL,CE,Towers with Radar,0,4,19,0,23,0,0,37,0,37,0,4,56,0,60,22,0,22,82
04/06/2020,PTK,MI,AGL,CE,Towers with Radar,1,8,10,0,19,0,1,25,0,26,1,9,35,0,45,34,0,34,79
04/07/2020,PTK,MI,AGL,CE,Towers with Radar,1,12,6,0,19,0,0,3,0,3,1,12,9,0,22,10,0,10,32
04/08/2020,PTK,MI,AGL,CE,Towers with Radar,1,10,12,0,23,1,5,35,0,41,2,15,47,0,64,23,0,23,87
04/09/2020,PTK,MI,AGL,CE,Towers with Radar,1,5,16,0,22,0,0,5,0,5,1,5,21,0,27,4,0,4,31
04/10/2020,PTK,MI,AGL,CE,Towers with Radar,0,9,16,0,25,0,4,6,0,10,0,13,22,0,35,12,0,12,47
04/11/2020,PTK,MI,AGL,CE,Towers with Radar,0,2,21,0,23,0,0,48,0,48,0,2,69,0,71,67,0,67,138
04/12/2020,PTK,MI,AGL,CE,Towers with Radar,1,7,7,0,15,0,0,6,0,6,1,7,13,0,21,17,0,17,38
04/13/2020,PTK,MI,AGL,CE,Towers with Radar,0,7,9,0,16,0,0,0,0,0,0,7,9,0,16,0,0,0,16
04/14/2020,PTK,MI,AGL,CE,Towers with Radar,1,13,14,0,28,0,0,5,0,5,1,13,19,0,33,0,0,0,33
04/15/2020,PTK,MI,AGL,CE,Towers with Radar,0,10,24,0,34,0,2,5,0,7,0,12,29,0,41,0,0,0,41
04/16/2020,PTK,MI,AGL,CE,Towers with Radar,0,7,17,0,24,0,14,25,0,39,0,21,42,0,63,50,0,50,113
04/17/2020,PTK,MI,AGL,CE,Towers with Radar,0,2,10,0,12,0,0,2,0,2,0,2,12,0,14,0,0,0,14
04/18/2020,PTK,MI,AGL,CE,Towers with Radar,0,2,25,0,27,0,1,57,0,58,0,3,82,0,85,58,0,58,143
04/19/2020,PTK,MI,AGL,CE,Towers with Radar,0,7,20,0,27,0,0,15,0,15,0,7,35,0,42,42,0,42,84
04/20/2020,PTK,MI,AGL,CE,Towers with Radar,0,8,15,0,23,0,3,28,0,31,0,11,43,0,54,15,0,15,69
04/21/2020,PTK,MI,AGL,CE,Towers with Radar,0,6,12,0,18,0,0,3,0,3,0,6,15,0,21,8,0,8,29
04/22/2020,PTK,MI,AGL,CE,Towers with Radar,0,9,21,0,30,0,3,17,0,20,0,12,38,0,50,40,0,40,90
04/23/2020,PTK,MI,AGL,CE,Towers with Radar,0,6,25,0,31,0,2,2,0,4,0,8,27,0,35,0,0,0,35
04/24/2020,PTK,MI,AGL,CE,Towers with Radar,0,12,41,0,53,0,2,54,0,56,0,14,95,0,109,131,0,131,240
04/25/2020,PTK,MI,AGL,CE,Towers with Radar,0,4,25,0,29,0,0,74,0,74,0,4,99,0,103,84,0,84,187
04/26/2020,PTK,MI,AGL,CE,Towers with Radar,0,1,18,0,19,0,0,5,0,5,0,1,23,0,24,22,0,22,46
04/27/2020,PTK,MI,AGL,CE,Towers with Radar,0,11,32,0,43,0,2,78,0,80,0,13,110,0,123,81,0,81,204
04/28/2020,PTK,MI,AGL,CE,Towers with Radar,0,9,19,0,28,0,4,51,1,56,0,13,70,1,84,65,0,65,149
04/29/2020,PTK,MI,AGL,CE,Towers with Radar,0,8,22,0,30,0,0,3,0,3,0,8,25,0,33,12,0,12,45
04/30/2020,PTK,MI,AGL,CE,Towers with Radar,0,14,22,0,36,0,0,0,0,0,0,14,22,0,36,0,0,0,36
05/01/2020,PTK,MI,AGL,CE,Towers with Radar,0,8,38,0,46,0,4,71,0,75,0,12,109,0,121,98,0,98,219
05/02/2020,PTK,MI,AGL,CE,Towers with Radar,0,3,32,0,35,0,1,67,0,68,0,4,99,0,103,11,0,11,114
05/03/2020,PTK,MI,AGL,CE,Towers with Radar,0,4,19,0,23,0,0,61,0,61,0,4,80,0,84,67,0,67,151
05/04/2020,PTK,MI,AGL,CE,Towers with Radar,0,13,16,0,29,0,5,40,0,45,0,18,56,0,74,29,0,29,103
05/05/2020,PTK,MI,AGL,CE,Towers with Radar,0,18,18,0,36,0,3,37,0,40,0,21,55,0,76,44,0,44,120
05/06/2020,PTK,MI,AGL,CE,Towers with Radar,0,9,28,0,37,0,2,33,0,35,0,11,61,0,72,29,0,29,101
05/07/2020,PTK,MI,AGL,CE,Towers with Radar,0,13,38,0,51,0,7,38,0,45,0,20,76,0,96,76,0,76,172
05/08/2020,PTK,MI,AGL,CE,Towers with Radar,0,9,28,0,37,0,0,22,0,22,0,9,50,0,59,48,0,48,107
05/09/2020,PTK,MI,AGL,CE,Towers with Radar,3,8,22,0,33,0,0,28,0,28,3,8,50,0,61,37,0,37,98
05/10/2020,PTK,MI,AGL,CE,Towers with Radar,0,7,17,0,24,0,0,9,0,9,0,7,26,0,33,60,0,60,93
05/11/2020,PTK,MI,AGL,CE,Towers with Radar,1,8,20,0,29,0,7,29,0,36,1,15,49,0,65,72,0,72,137
05/12/2020,PTK,MI,AGL,CE,Towers with Radar,0,7,15,0,22,0,6,73,0,79,0,13,88,0,101,103,0,103,204
05/13/2020,PTK,MI,AGL,CE,Towers with Radar,1,17,33,0,51,0,5,104,0,109,1,22,137,0,160,216,0,216,376
05/14/2020,PTK,MI,AGL,CE,Towers with Radar,0,10,27,0,37,0,0,1,0,1,0,10,28,0,38,0,0,0,38
05/15/2020,PTK,MI,AGL,CE,Towers with Radar,0,19,33,0,52,0,0,10,1,11,0,19,43,1,63,128,0,128,191
05/16/2020,PTK,MI,AGL,CE,Towers with Radar,0,7,32,0,39,0,2,112,0,114,0,9,144,0,153,169,0,169,322
05/17/2020,PTK,MI,AGL,CE,Towers with Radar,2,11,26,0,39,0,0,16,0,16,2,11,42,0,55,135,0,135,190
05/18/2020,PTK,MI,AGL,CE,Towers with Radar,1,12,33,0,46,0,0,0,0,0,1,12,33,0,46,0,0,0,46
05/19/2020,PTK,MI,AGL,CE,Towers with Radar,0,6,35,0,41,0,1,15,0,16,0,7,50,0,57,104,0,104,161
05/20/2020,PTK,MI,AGL,CE,Towers with Radar,0,15,36,1,52,0,7,90,0,97,0,22,126,1,149,223,0,223,372
05/21/2020,PTK,MI,AGL,CE,Towers with Radar,0,15,52,0,67,0,7,102,0,109,0,22,154,0,176,66,0,66,242
05/22/2020,PTK,MI,AGL,CE,Towers with Radar,0,8,65,0,73,0,1,9,0,10,0,9,74,0,83,38,0,38,121
05/23/2020,PTK,MI,AGL,CE,Towers with Radar,0,7,49,0,56,0,0,82,0,82,0,7,131,0,138,192,0,192,330
05/24/2020,PTK,MI,AGL,CE,Towers with Radar,0,9,30,0,39,0,0,54,0,54,0,9,84,0,93,149,0,149,242
05/25/2020,PTK,MI,AGL,CE,Towers with Radar,0,4,29,0,33,0,1,97,2,100,0,5,126,2,133,161,0,161,294
05/26/2020,PTK,MI,AGL,CE,Towers with Radar,0,15,52,0,67,0,3,67,0,70,0,18,119,0,137,126,0,126,263
05/27/2020,PTK,MI,AGL,CE,Towers with Radar,0,12,41,0,53,0,1,65,0,66,0,13,106,0,119,179,0,179,298
05/28/2020,PTK,MI,AGL,CE,Towers with Radar,0,17,32,0,49,0,3,20,0,23,0,20,52,0,72,201,0,201,273
05/29/2020,PTK,MI,AGL,CE,Towers with Radar,0,12,52,0,64,0,5,25,0,30,0,17,77,0,94,79,0,79,173
05/30/2020,PTK,MI,AGL,CE,Towers with Radar,0,15,27,0,42,0,0,131,0,131,0,15,158,0,173,150,0,150,323
05/31/2020,PTK,MI,AGL,CE,Towers with Radar,0,10,38,2,50,0,0,120,0,120,0,10,158,2,170,159,0,159,329
06/01/2020,PTK,MI,AGL,CE,Towers with Radar,0,13,43,0,56,0,3,111,0,114,0,16,154,0,170,91,0,91,261
06/02/2020,PTK,MI,AGL,CE,Towers with Radar,0,9,33,0,42,0,6,91,0,97,0,15,124,0,139,140,0,140,279
06/03/2020,PTK,MI,AGL,CE,Towers with Radar,0,12,34,0,46,0,9,57,0,66,0,21,91,0,112,206,0,206,318
06/04/2020,PTK,MI,AGL,CE,Towers with Radar,3,15,55,0,73,0,4,162,2,168,3,19,217,2,241,206,0,206,447
06/05/2020,PTK,MI,AGL,CE,Towers with Radar,0,14,58,2,74,0,3,88,0,91,0,17,146,2,165,149,0,149,314
06/06/2020,PTK,MI,AGL,CE,Towers with Radar,0,6,44,0,50,0,8,130,0,138,0,14,174,0,188,228,0,228,416
06/07/2020,PTK,MI,AGL,CE,Towers with Radar,0,8,37,0,45,0,3,99,0,102,0,11,136,0,147,181,0,181,328
06/08/2020,PTK,MI,AGL,CE,Towers with Radar,0,13,62,0,75,0,3,69,0,72,0,16,131,0,147,143,0,143,290
06/09/2020,PTK,MI,AGL,CE,Towers with Radar,0,17,47,0,64,0,1,73,0,74,0,18,120,0,138,141,0,141,279
06/10/2020,PTK,MI,AGL,CE,Towers with Radar,0,11,53,0,64,0,1,38,0,39,0,12,91,0,103,81,0,81,184
06/11/2020,PTK,MI,AGL,CE,Towers with Radar,0,10,51,0,61,2,3,60,0,65,2,13,111,0,126,112,0,112,238
06/12/2020,PTK,MI,AGL,CE,Towers with Radar,0,17,75,0,92,0,3,161,0,164,0,20,236,0,256,304,0,304,560
06/13/2020,PTK,MI,AGL,CE,Towers with Radar,1,15,50,0,66,0,12,168,0,180,1,27,218,0,246,295,0,295,541
06/14/2020,PTK,MI,AGL,CE,Towers with Radar,0,18,64,0,82,0,0,124,0,124,0,18,188,0,206,249,0,249,455
06/15/2020,PTK,MI,AGL,CE,Towers with Radar,0,33,47,1,81,0,4,115,1,120,0,37,162,2,201,288,0,288,489
06/16/2020,PTK,MI,AGL,CE,Towers with Radar,0,19,57,0,76,0,12,163,1,176,0,31,220,1,252,309,0,309,561
06/17/2020,PTK,MI,AGL,CE,Towers with Radar,0,28,60,0,88,0,12,154,1,167,0,40,214,1,255,248,0,248,503
06/18/2020,PTK,MI,AGL,CE,Towers with Radar,2,31,67,2,102,0,7,130,1,138,2,38,197,3,240,405,0,405,645
06/19/2020,PTK,MI,AGL,CE,Towers with Radar,2,20,77,1,100,0,4,116,5,125,2,24,193,6,225,300,0,300,525
06/20/2020,PTK,MI,AGL,CE,Towers with Radar,0,5,43,0,48,0,1,150,1,152,0,6,193,1,200,323,0,323,523
06/21/2020,PTK,MI,AGL,CE,Towers with Radar,1,12,39,0,52,0,0,60,0,60,1,12,99,0,112,167,0,167,279
06/22/2020,PTK,MI,AGL,CE,Towers with Radar,2,22,74,0,98,0,4,96,1,101,2,26,170,1,199,249,0,249,448
06/23/2020,PTK,MI,AGL,CE,Towers with Radar,1,27,78,0,106,0,6,38,0,44,1,33,116,0,150,422,0,422,572
06/24/2020,PTK,MI,AGL,CE,Towers with Radar,2,22,75,2,101,0,8,116,0,124,2,30,191,2,225,241,0,241,466
06/25/2020,PTK,MI,AGL,CE,Towers with Radar,2,23,68,2,95,0,22,143,1,166,2,45,211,3,261,382,0,382,643
06/26/2020,PTK,MI,AGL,CE,Towers with Radar,2,16,73,0,91,0,5,130,0,135,2,21,203,0,226,290,0,290,516
06/27/2020,PTK,MI,AGL,CE,Towers with Radar,0,11,56,0,67,0,2,59,0,61,0,13,115,0,128,563,0,563,691
06/28/2020,PTK,MI,AGL,CE,Towers with Radar,0,16,70,0,86,0,0,123,0,123,0,16,193,0,209,234,0,234,443
06/29/2020,PTK,MI,AGL,CE,Towers with Radar,2,20,57,0,79,0,8,111,1,120,2,28,168,1,199,284,0,284,483
06/30/2020,PTK,MI,AGL,CE,Towers with Radar,2,22,68,1,93,0,8,137,1,146,2,30,205,2,239,195,0,195,434
07/01/2020,PTK,MI,AGL,CE,Towers with Radar,0,38,93,1,132,0,6,102,4,112,0,44,195,5,244,261,0,261,505
07/02/2020,PTK,MI,AGL,CE,Towers with Radar,1,19,78,0,98,0,5,153,0,158,1,24,231,0,256,385,0,385,641
07/03/2020,PTK,MI,AGL,CE,Towers with Radar,0,15,50,0,65,0,4,117,0,121,0,19,167,0,186,189,0,189,375
07/04/2020,PTK,MI,AGL,CE,Towers with Radar,0,4,20,0,24,0,0,61,0,61,0,4,81,0,85,72,0,72,157
07/05/2020,PTK,MI,AGL,CE,Towers with Radar,1,20,64,0,85,0,0,89,0,89,1,20,153,0,174,96,0,96,270
07/06/2020,PTK,MI,AGL,CE,Towers with Radar,2,26,74,0,102,0,3,120,0,123,2,29,194,0,225,303,0,303,528
07/07/2020,PTK,MI,AGL,CE,Towers with Radar,1,19,62,0,82,0,7,83,0,90,1,26,145,0,172,271,0,271,443
07/08/2020,PTK,MI,AGL,CE,Towers with Radar,2,20,68,0,90,0,7,98,1,106,2,27,166,1,196,195,0,195,391
07/09/2020,PTK,MI,AGL,CE,Towers with Radar,2,33,73,1,109,0,8,96,3,107,2,41,169,4,216,340,0,340,556
07/10/2020,PTK,MI,AGL,CE,Towers with Radar,2,19,68,0,89,0,4,46,0,50,2,23,114,0,139,175,0,175,314
07/11/2020,PTK,MI,AGL,CE,Towers with Radar,0,12,41,0,53,0,2,132,0,134,0,14,173,0,187,102,0,102,289
07/12/2020,PTK,MI,AGL,CE,Towers with Radar,0,13,74,0,87,0,1,122,0,123,0,14,196,0,210,274,0,274,484
07/13/2020,PTK,MI,AGL,CE,Towers with Radar,2,18,85,0,105,0,6,104,2,112,2,24,189,2,217,172,0,172,389
07/14/2020,PTK,MI,AGL,CE,Towers with Radar,1,19,59,1,80,0,5,121,0,126,1,24,180,1,206,409,0,409,615
07/15/2020,PTK,MI,AGL,CE,Towers with Radar,2,24,64,1,91,0,5,119,1,125,2,29,183,2,216,299,0,299,515
07/16/2020,PTK,MI,AGL,CE,Towers with Radar,1,36,101,0,138,0,0,5,0,5,1,36,106,0,143,87,0,87,230
07/17/2020,PTK,MI,AGL,CE,Towers with Radar,2,20,70,1,93,0,4,131,1,136,2,24,201,2,229,278,0,278,507
07/18/2020,PTK,MI,AGL,CE,Towers with Radar,0,17,44,0,61,0,0,137,3,140,0,17,181,3,201,149,0,149,350
07/19/2020,PTK,MI,AGL,CE,Towers with Radar,1,8,49,0,58,0,0,37,0,37,1,8,86,0,95,126,0,126,221
07/20/2020,PTK,MI,AGL,CE,Towers with Radar,1,25,44,1,71,0,6,119,1,126,1,31,163,2,197,303,0,303,500
07/21/2020,PTK,MI,AGL,CE,Towers with Radar,0,16,67,4,87,0,3,126,3,132,0,19,193,7,219,428,0,428,647
07/22/2020,PTK,MI,AGL,CE,Towers with Radar,1,28,75,0,104,0,6,79,2,87,1,34,154,2,191,433,0,433,624
07/23/2020,PTK,MI,AGL,CE,Towers with Radar,0,26,80,0,106,0,7,142,2,151,0,33,222,2,257,326,0,326,583
07/24/2020,PTK,MI,AGL,CE,Towers with Radar,0,27,98,0,125,0,4,142,1,147,0,31,240,1,272,294,0,294,566
07/25/2020,PTK,MI,AGL,CE,Towers with Radar,1,14,50,0,65,0,5,190,7,202,1,19,240,7,267,260,0,260,527
07/26/2020,PTK,MI,AGL,CE,Towers with Radar,2,16,61,0,79,0,0,137,0,137,2,16,198,0,216,284,0,284,500
07/27/2020,PTK,MI,AGL,CE,Towers with Radar,0,27,81,0,108,0,3,61,1,65,0,30,142,1,173,303,0,303,476
07/28/2020,PTK,MI,AGL,CE,Towers with Radar,0,22,62,0,84,0,6,129,2,137,0,28,191,2,221,295,0,295,516
07/29/2020,PTK,MI,AGL,CE,Towers with Radar,0,18,69,0,87,0,10,101,2,113,0,28,170,2,200,273,0,273,473
07/30/2020,PTK,MI,AGL,CE,Towers with Radar,2,30,81,0,113,0,8,118,6,132,2,38,199,6,245,347,0,347,592
07/31/2020,PTK,MI,AGL,CE,Towers with Radar,0,33,79,0,112,0,7,151,0,158,0,40,230,0,270,358,0,358,628
08/01/2020,PTK,MI,AGL,CE,Towers with Radar,0,15,68,0,83,0,1,110,0,111,0,16,178,0,194,265,0,265,459
08/02/2020,PTK,MI,AGL,CE,Towers with Radar,0,21,69,0,90,0,0,12,0,12,0,21,81,0,102,49,0,49,151
08/03/2020,PTK,MI,AGL,CE,Towers with Radar,0,28,66,0,94,0,4,65,2,71,0,32,131,2,165,290,0,290,455
08/04/2020,PTK,MI,AGL,CE,Towers with Radar,0,12,92,0,104,0,2,46,0,48,0,14,138,0,152,445,0,445,597
08/05/2020,PTK,MI,AGL,CE,Towers with Radar,0,24,85,0,109,0,5,207,2,214,0,29,292,2,323,282,0,282,605
08/06/2020,PTK,MI,AGL,CE,Towers with Radar,0,29,67,0,96,0,3,163,1,167,0,32,230,1,263,375,0,375,638
08/07/2020,PTK,MI,AGL,CE,Towers with Radar,0,32,66,0,98,0,4,135,0,139,0,36,201,0,237,388,0,388,625
08/08/2020,PTK,MI,AGL,CE,Towers with Radar,0,13,50,0,63,0,0,205,0,205,0,13,255,0,268,320,0,320,588
08/09/2020,PTK,MI,AGL,CE,Towers with Radar,0,10,78,0,88,0,4,125,0,129,0,14,203,0,217,262,0,262,479
08/10/2020,PTK,MI,AGL,CE,Towers with Radar,0,27,42,0,69,0,3,79,1,83,0,30,121,1,152,219,0,219,371
08/11/2020,PTK,MI,AGL,CE,Towers with Radar,0,41,75,0,116,1,3,104,1,109,1,44,179,1,225,254,0,254,479
08/12/2020,PTK,MI,AGL,CE,Towers with Radar,0,39,66,0,105,1,11,185,5,202,1,50,251,5,307,318,0,318,625
08/13/2020,PTK,MI,AGL,CE,Towers with Radar,3,42,62,0,107,0,3,139,2,144,3,45,201,2,251,236,0,236,487
08/14/2020,PTK,MI,AGL,CE,Towers with Radar,3,36,65,1,105,0,5,101,4,110,3,41,166,5,215,203,0,203,418
08/15/2020,PTK,MI,AGL,CE,Towers with Radar,0,18,61,0,79,0,12,138,0,150,0,30,199,0,229,266,0,266,495
08/16/2020,PTK,MI,AGL,CE,Towers with Radar,0,33,59,0,92,0,0,62,0,62,0,33,121,0,154,172,0,172,326
08/17/2020,PTK,MI,AGL,CE,Towers with Radar,1,39,64,0,104,1,4,116,2,123,2,43,180,2,227,234,0,234,461
08/18/2020,PTK,MI,AGL,CE,Towers with Radar,1,27,56,0,84,0,13,135,6,154,1,40,191,6,238,296,0,296,534
08/19/2020,PTK,MI,AGL,CE,Towers with Radar,1,28,73,0,102,3,7,146,0,156,4,35,219,0,258,227,0,227,485
08/20/2020,PTK,MI,AGL,CE,Towers with Radar,2,30,64,1,97,1,6,131,1,139,3,36,195,2,236,238,0,238,474
08/21/2020,PTK,MI,AGL,CE,Towers with Radar,1,18,69,0,88,0,4,126,2,132,1,22,195,2,220,217,0,217,437
08/22/2020,PTK,MI,AGL,CE,Towers with Radar,0,16,54,0,70,0,1,147,1,149,0,17,201,1,219,180,0,180,399
08/23/2020,PTK,MI,AGL,CE,Towers with Radar,1,16,84,0,101,0,1,128,5,134,1,17,212,5,235,197,0,197,432
08/24/2020,PTK,MI,AGL,CE,Towers with Radar,1,34,73,0,108,0,9,106,1,116,1,43,179,1,224,157,0,157,381
08/25/2020,PTK,MI,AGL,CE,Towers with Radar,2,33,83,0,118,1,9,93,1,104,3,42,176,1,222,263,0,263,485
08/26/2020,PTK,MI,AGL,CE,Towers with Radar,1,23,66,1,91,0,3,51,0,54,1,26,117,1,145,170,0,170,315
08/27/2020,PTK,MI,AGL,CE,Towers with Radar,2,24,86,1,113,0,4,91,2,97,2,28,177,3,210,174,0,174,384
08/28/2020,PTK,MI,AGL,CE,Towers with Radar,0,32,60,0,92,0,3,9,0,12,0,35,69,0,104,2,0,2,106
08/29/2020,PTK,MI,AGL,CE,Towers with Radar,3,15,48,1,67,0,1,52,2,55,3,16,100,3,122,160,0,160,282
08/30/2020,PTK,MI,AGL,CE,Towers with Radar,2,18,76,0,96,0,1,156,2,159,2,19,232,2,255,310,0,310,565
08/31/2020,PTK,MI,AGL,CE,Towers with Radar,0,14,80,0,94,0,6,129,2,137,0,20,209,2,231,253,0,253,484
09/01/2020,PTK,MI,AGL,CE,Towers with Radar,1,24,62,0,87,0,14,102,1,117,1,38,164,1,204,307,0,307,511
09/02/2020,PTK,MI,AGL,CE,Towers with Radar,2,37,70,0,109,1,4,99,2,106,3,41,169,2,215,369,0,369,584
09/03/2020,PTK,MI,AGL,CE,Towers with Radar,1,26,82,0,109,0,7,68,2,77,1,33,150,2,186,129,0,129,315
09/04/2020,PTK,MI,AGL,CE,Towers with Radar,0,30,91,0,121,0,1,133,0,134,0,31,224,0,255,316,0,316,571
09/05/2020,PTK,MI,AGL,CE,Towers with Radar,0,9,48,0,57,0,0,128,0,128,0,9,176,0,185,236,0,236,421
09/06/2020,PTK,MI,AGL,CE,Towers with Radar,2,11,29,0,42,0,1,90,0,91,2,12,119,0,133,89,0,89,222
09/07/2020,PTK,MI,AGL,CE,Towers with Radar,0,9,66,0,75,0,0,80,0,80,0,9,146,0,155,76,0,76,231
09/08/2020,PTK,MI,AGL,CE,Towers with Radar,0,33,83,0,116,0,0,0,0,0,0,33,83,0,116,0,0,0,116
09/09/2020,PTK,MI,AGL,CE,Towers with Radar,0,25,89,0,114,0,0,0,0,0,0,25,89,0,114,25,0,25,139
09/10/2020,PTK,MI,AGL,CE,Towers with Radar,0,38,118,0,156,0,3,56,0,59,0,41,174,0,215,243,0,243,458
09/11/2020,PTK,MI,AGL,CE,Towers with Radar,0,29,76,0,105,0,7,148,1,156,0,36,224,1,261,384,0,384,645
09/12/2020,PTK,MI,AGL,CE,Towers with Radar,0,18,69,0,87,0,1,113,0,114,0,19,182,0,201,258,0,258,459
09/13/2020,PTK,MI,AGL,CE,Towers with Radar,0,23,85,0,108,0,11,67,0,78,0,34,152,0,186,261,0,261,447
09/14/2020,PTK,MI,AGL,CE,Towers with Radar,5,36,79,0,120,0,2,112,2,116,5,38,191,2,236,282,0,282,518
09/15/2020,PTK,MI,AGL,CE,Towers with Radar,1,18,74,3,96,0,7,133,2,142,1,25,207,5,238,212,0,212,450
09/16/2020,PTK,MI,AGL,CE,Towers with Radar,1,35,82,1,119,0,25,135,3,163,1,60,217,4,282,220,0,220,502
09/17/2020,PTK,MI,AGL,CE,Towers with Radar,0,33,68,2,103,0,3,111,1,115,0,36,179,3,218,195,0,195,413
09/18/2020,PTK,MI,AGL,CE,Towers with Radar,1,41,68,1,111,0,12,101,4,117,1,53,169,5,228,222,0,222,450
09/19/2020,PTK,MI,AGL,CE,Towers with Radar,1,10,48,0,59,0,6,179,0,185,1,16,227,0,244,307,0,307,551
09/20/2020,PTK,MI,AGL,CE,Towers with Radar,0,20,49,0,69,0,0,149,0,149,0,20,198,0,218,150,0,150,368
09/21/2020,PTK,MI,AGL,CE,Towers with Radar,0,24,57,1,82,0,1,121,1,123,0,25,178,2,205,282,0,282,487
09/22/2020,PTK,MI,AGL,CE,Towers with Radar,1,26,82,0,109,0,6,114,3,123,1,32,196,3,232,285,0,285,517
09/23/2020,PTK,MI,AGL,CE,Towers with Radar,1,29,79,1,110,0,6,118,1,125,1,35,197,2,235,319,0,319,554
09/24/2020,PTK,MI,AGL,CE,Towers with Radar,0,35,87,0,122,0,19,155,1,175,0,54,242,1,297,273,0,273,570
09/25/2020,PTK,MI,AGL,CE,Towers with Radar,0,34,89,2,125,0,11,114,1,126,0,45,203,3,251,323,0,323,574
09/26/2020,PTK,MI,AGL,CE,Towers with Radar,0,16,44,0,60,0,7,135,2,144,0,23,179,2,204,108,0,108,312
09/27/2020,PTK,MI,AGL,CE,Towers with Radar,0,20,51,0,71,0,1,68,1,70,0,21,119,1,141,239,0,239,380
09/28/2020,PTK,MI,AGL,CE,Towers with Radar,0,34,47,0,81,0,3,73,0,76,0,37,120,0,157,271,0,271,428
09/29/2020,PTK,MI,AGL,CE,Towers with Radar,0,34,77,0,111,0,2,59,0,61,0,36,136,0,172,154,0,154,326
09/30/2020,PTK,MI,AGL,CE,Towers with Radar,0,37,88,0,125,0,11,36,1,48,0,48,124,1,173,198,0,198,371
10/01/2020,PTK,MI,AGL,CE,Towers with Radar,1,42,67,0,110,0,4,57,0,61,1,46,124,0,171,296,0,296,467
10/02/2020,PTK,MI,AGL,CE,Towers with Radar,2,35,88,0,125,0,2,121,2,125,2,37,209,2,250,226,0,226,476
10/03/2020,PTK,MI,AGL,CE,Towers with Radar,2,10,66,0,78,0,3,151,0,154,2,13,217,0,232,306,0,306,538
10/04/2020,PTK,MI,AGL,CE,Towers with Radar,0,27,70,1,98,0,0,22,0,22,0,27,92,1,120,279,0,279,399
10/05/2020,PTK,MI,AGL,CE,Towers with Radar,0,31,62,0,93,0,8,45,5,58,0,39,107,5,151,166,0,166,317
10/06/2020,PTK,MI,AGL,CE,Towers with Radar,0,33,61,1,95,1,18,98,5,122,1,51,159,6,217,214,0,214,431
10/07/2020,PTK,MI,AGL,CE,Towers with Radar,2,30,60,1,93,0,5,28,3,36,2,35,88,4,129,105,0,105,234
10/08/2020,PTK,MI,AGL,CE,Towers with Radar,0,39,80,1,120,0,8,138,1,147,0,47,218,2,267,212,0,212,479
10/09/2020,PTK,MI,AGL,CE,Towers with Radar,0,37,87,0,124,0,6,109,0,115,0,43,196,0,239,188,0,188,427
10/10/2020,PTK,MI,AGL,CE,Towers with Radar,1,25,48,0,74,0,1,101,0,102,1,26,149,0,176,262,0,262,438
10/11/2020,PTK,MI,AGL,CE,Towers with Radar,1,26,78,0,105,0,0,119,0,119,1,26,197,0,224,329,0,329,553
10/12/2020,PTK,MI,AGL,CE,Towers with Radar,1,50,55,0,106,0,0,15,0,15,1,50,70,0,121,178,0,178,299
10/13/2020,PTK,MI,AGL,CE,Towers with Radar,0,27,81,0,108,0,5,146,2,153,0,32,227,2,261,319,0,319,580
10/14/2020,PTK,MI,AGL,CE,Towers with Radar,0,32,75,6,113,0,43,122,6,171,0,75,197,12,284,243,0,243,527
10/15/2020,PTK,MI,AGL,CE,Towers with Radar,0,43,84,4,131,0,9,60,4,73,0,52,144,8,204,299,0,299,503
10/16/2020,PTK,MI,AGL,CE,Towers with Radar,0,24,64,0,88,0,21,136,0,157,0,45,200,0,245,216,0,216,461
10/17/2020,PTK,MI,AGL,CE,Towers with Radar,1,24,53,0,78,0,1,195,0,196,1,25,248,0,274,308,0,308,582
10/18/2020,PTK,MI,AGL,CE,Towers with Radar,2,21,63,1,87,0,2,44,0,46,2,23,107,1,133,80,0,80,213
10/19/2020,PTK,MI,AGL,CE,Towers with Radar,0,29,60,1,90,0,0,56,0,56,0,29,116,1,146,229,0,229,375
10/20/2020,PTK,MI,AGL,CE,Towers with Radar,1,33,76,0,110,0,10,116,0,126,1,43,192,0,236,291,0,291,527
10/21/2020,PTK,MI,AGL,CE,Towers with Radar,0,35,92,2,129,0,7,68,0,75,0,42,160,2,204,142,0,142,346
10/22/2020,PTK,MI,AGL,CE,Towers with Radar,1,20,68,2,91,0,1,0,0,1,1,21,68,2,92,0,0,0,92
10/23/2020,PTK,MI,AGL,CE,Towers with Radar,0,38,57,2,97,0,2,39,0,41,0,40,96,2,138,93,0,93,231
10/24/2020,PTK,MI,AGL,CE,Towers with Radar,1,15,60,1,77,0,1,169,1,171,1,16,229,2,248,308,0,308,556
10/25/2020,PTK,MI,AGL,CE,Towers with Radar,0,15,87,0,102,0,1,105,0,106,0,16,192,0,208,183,0,183,391
10/26/2020,PTK,MI,AGL,CE,Towers with Radar,1,29,58,0,88,0,2,40,0,42,1,31,98,0,130,306,0,306,436
10/27/2020,PTK,MI,AGL,CE,Towers with Radar,0,23,74,1,98,0,1,43,0,44,0,24,117,1,142,375,0,375,517
10/28/2020,PTK,MI,AGL,CE,Towers with Radar,0,22,94,1,117,0,6,127,1,134,0,28,221,2,251,256,0,256,507
10/29/2020,PTK,MI,AGL,CE,Towers with Radar,0,37,64,0,101,0,29,7,1,37,0,66,71,1,138,233,0,233,371
10/30/2020,PTK,MI,AGL,CE,Towers with Radar,0,27,44,4,75,0,7,34,1,42,0,34,78,5,117,67,0,67,184
10/31/2020,PTK,MI,AGL,CE,Towers with Radar,1,10,41,2,54,0,3,142,0,145,1,13,183,2,199,190,0,190,389
11/01/2020,PTK,MI,AGL,CE,Towers with Radar,0,29,41,4,74,0,1,1,1,3,0,30,42,5,77,24,0,24,101
11/02/2020,PTK,MI,AGL,CE,Towers with Radar,0,24,50,2,76,0,4,79,0,83,0,28,129,2,159,359,0,359,518
11/03/2020,PTK,MI,AGL,CE,Towers with Radar,0,21,50,0,71,0,4,143,1,148,0,25,193,1,219,323,0,323,542
11/04/2020,PTK,MI,AGL,CE,Towers with Radar,0,23,62,0,85,1,6,94,0,101,1,29,156,0,186,215,0,215,401
11/05/2020,PTK,MI,AGL,CE,Towers with Radar,3,39,62,0,104,0,3,92,1,96,3,42,154,1,200,323,0,323,523
11/06/2020,PTK,MI,AGL,CE,Towers with Radar,1,24,78,1,104,0,2,120,1,123,1,26,198,2,227,274,0,274,501
11/07/2020,PTK,MI,AGL,CE,Towers with Radar,0,16,35,0,51,0,0,158,0,158,0,16,193,0,209,322,0,322,531
11/08/2020,PTK,MI,AGL,CE,Towers with Radar,0,14,57,1,72,0,0,181,0,181,0,14,238,1,253,211,0,211,464
11/09/2020,PTK,MI,AGL,CE,Towers with Radar,0,32,57,0,89,0,3,123,1,127,0,35,180,1,216,259,0,259,475
11/10/2020,PTK,MI,AGL,CE,Towers with Radar,0,23,49,0,72,0,7,68,2,77,0,30,117,2,149,49,0,49,198
11/11/2020,PTK,MI,AGL,CE,Towers with Radar,0,22,76,0,98,0,7,88,0,95,0,29,164,0,193,340,0,340,533
11/12/2020,PTK,MI,AGL,CE,Towers with Radar,0,36,74,1,111,0,5,121,1,127,0,41,195,2,238,272,0,272,510
11/13/2020,PTK,MI,AGL,CE,Towers with Radar,0,31,54,0,85,0,1,38,2,41,0,32,92,2,126,209,0,209,335
11/14/2020,PTK,MI,AGL,CE,Towers with Radar,0,14,54,0,68,0,1,142,0,143,0,15,196,0,211,264,0,264,475
11/15/2020,PTK,MI,AGL,CE,Towers with Radar,0,16,34,0,50,0,0,0,0,0,0,16,34,0,50,0,0,0,50
11/16/2020,PTK,MI,AGL,CE,Towers with Radar,0,30,57,0,87,0,3,56,0,59,0,33,113,0,146,156,0,156,302
11/17/2020,PTK,MI,AGL,CE,Towers with Radar,0,26,51,0,77,0,1,31,0,32,0,27,82,0,109,146,0,146,255
11/18/2020,PTK,MI,AGL,CE,Towers with Radar,0,28,85,1,114,0,6,102,1,109,0,34,187,2,223,311,0,311,534
11/19/2020,PTK,MI,AGL,CE,Towers with Radar,0,38,48,2,88,0,6,47,0,53,0,44,95,2,141,70,0,70,211
11/20/2020,PTK,MI,AGL,CE,Towers with Radar,1,44,75,0,120,0,4,81,1,86,1,48,156,1,206,118,0,118,324
11/21/2020,PTK,MI,AGL,CE,Towers with Radar,0,25,66,0,91,0,0,139,0,139,0,25,205,0,230,207,0,207,437
11/22/2020,PTK,MI,AGL,CE,Towers with Radar,1,17,44,0,62,0,0,0,0,0,1,17,44,0,62,0,0,0,62
11/23/2020,PTK,MI,AGL,CE,Towers with Radar,0,36,59,0,95,0,15,44,0,59,0,51,103,0,154,233,0,233,387
11/24/2020,PTK,MI,AGL,CE,Towers with Radar,1,45,52,0,98,0,2,42,0,44,1,47,94,0,142,206,0,206,348
11/25/2020,PTK,MI,AGL,CE,Towers with Radar,1,38,64,0,103,0,0,0,0,0,1,38,64,0,103,0,0,0,103
11/26/2020,PTK,MI,AGL,CE,Towers with Radar,0,8,19,0,27,0,0,0,0,0,0,8,19,0,27,0,0,0,27
11/27/2020,PTK,MI,AGL,CE,Towers with Radar,0,15,44,0,59,0,2,30,0,32,0,17,74,0,91,306,0,306,397
11/28/2020,PTK,MI,AGL,CE,Towers with Radar,0,19,63,0,82,0,3,197,0,200,0,22,260,0,282,322,0,322,604
11/29/2020,PTK,MI,AGL,CE,Towers with Radar,0,32,112,0,144,0,9,130,0,139,0,41,242,0,283,221,0,221,504
11/30/2020,PTK,MI,AGL,CE,Towers with Radar,1,31,42,0,74,0,0,0,0,0,1,31,42,0,74,0,0,0,74
12/01/2020,PTK,MI,AGL,CE,Towers with Radar,1,24,27,0,52,0,1,4,0,5,1,25,31,0,57,83,0,83,140
12/02/2020,PTK,MI,AGL,CE,Towers with Radar,0,36,63,1,100,0,10,114,3,127,0,46,177,4,227,315,0,315,542
12/03/2020,PTK,MI,AGL,CE,Towers with Radar,0,19,54,0,73,0,3,89,1,93,0,22,143,1,166,300,0,300,466
12/04/2020,PTK,MI,AGL,CE,Towers with Radar,0,31,37,0,68,0,2,60,0,62,0,33,97,0,130,244,0,244,374
12/05/2020,PTK,MI,AGL,CE,Towers with Radar,0,19,52,0,71,0,0,60,0,60,0,19,112,0,131,365,0,365,496
12/06/2020,PTK,MI,AGL,CE,Towers with Radar,0,18,45,0,63,0,2,71,0,73,0,20,116,0,136,481,0,481,617
12/07/2020,PTK,MI,AGL,CE,Towers with Radar,0,36,44,1,81,0,6,55,1,62,0,42,99,2,143,317,0,317,460
12/08/2020,PTK,MI,AGL,CE,Towers with Radar,0,34,42,0,76,0,2,47,0,49,0,36,89,0,125,299,0,299,424
12/09/2020,PTK,MI,AGL,CE,Towers with Radar,2,41,47,0,90,0,3,5,0,8,2,44,52,0,98,285,0,285,383
12/10/2020,PTK,MI,AGL,CE,Towers with Radar,2,34,57,0,93,0,6,101,0,107,2,40,158,0,200,233,0,233,433
12/11/2020,PTK,MI,AGL,CE,Towers with Radar,0,34,57,0,91,0,2,62,3,67,0,36,119,3,158,199,0,199,357
12/12/2020,PTK,MI,AGL,CE,Towers with Radar,0,25,43,0,68,0,0,1,0,1,0,25,44,0,69,8,0,8,77
12/13/2020,PTK,MI,AGL,CE,Towers with Radar,0,24,61,0,85,0,1,29,0,30,0,25,90,0,115,392,0,392,507
12/14/2020,PTK,MI,AGL,CE,Towers with Radar,1,35,58,0,94,1,1,49,0,51,2,36,107,0,145,134,0,134,279
12/15/2020,PTK,MI,AGL,CE,Towers with Radar,0,39,65,1,105,0,3,100,0,103,0,42,165,1,208,291,0,291,499
12/16/2020,PTK,MI,AGL,CE,Towers with Radar,0,33,46,0,79,0,2,4,0,6,0,35,50,0,85,55,0,55,140
12/17/2020,PTK,MI,AGL,CE,Towers with Radar,0,38,54,0,92,0,0,6,0,6,0,38,60,0,98,180,0,180,278
12/18/2020,PTK,MI,AGL,CE,Towers with Radar,0,30,76,0,106,0,2,83,0,85,0,32,159,0,191,334,0,334,525
12/19/2020,PTK,MI,AGL,CE,Towers with Radar,0,38,77,0,115,0,1,31,1,33,0,39,108,1,148,176,0,176,324
12/20/2020,PTK,MI,AGL,CE,Towers with Radar,0,17,47,0,64,0,0,34,0,34,0,17,81,0,98,239,0,239,337
12/21/2020,PTK,MI,AGL,CE,Towers with Radar,0,35,53,0,88,0,1,20,0,21,0,36,73,0,109,124,0,124,233
12/22/2020,PTK,MI,AGL,CE,Towers with Radar,0,31,88,0,119,0,3,75,0,78,0,34,163,0,197,232,0,232,429
12/23/2020,PTK,MI,AGL,CE,Towers with Radar,0,36,75,0,111,0,0,36,0,36,0,36,111,0,147,39,0,39,186
12/24/2020,PTK,MI,AGL,CE,Towers with Radar,2,12,21,0,35,0,0,5,0,5,2,12,26,0,40,19,0,19,59
12/25/2020,PTK,MI,AGL,CE,Towers with Radar,0,10,18,0,28,0,0,0,0,0,0,10,18,0,28,0,0,0,28
12/26/2020,PTK,MI,AGL,CE,Towers with Radar,1,29,95,0,125,0,0,33,0,33,1,29,128,0,158,288,0,288,446
12/27/2020,PTK,MI,AGL,CE,Towers with Radar,0,23,82,0,105,0,0,105,0,105,0,23,187,0,210,199,0,199,409
12/28/2020,PTK,MI,AGL,CE,Towers with Radar,0,26,46,0,72,6,1,45,0,52,6,27,91,0,124,242,0,242,366
12/29/2020,PTK,MI,AGL,CE,Towers with Radar,0,17,59,0,76,0,6,176,0,182,0,23,235,0,258,236,0,236,494
12/30/2020,PTK,MI,AGL,CE,Towers with Radar,0,12,40,0,52,0,0,2,0,2,0,12,42,0,54,0,0,0,54
12/31/2020,PTK,MI,AGL,CE,Towers with Radar,2,10,45,0,57,0,3,84,0,87,2,13,129,0,144,169,0,169,313
01/01/2021,PTK,MI,AGL,CE,Towers with Radar,0,6,12,0,18,0,0,2,0,2,0,6,14,0,20,23,0,23,43
01/02/2021,PTK,MI,AGL,CE,Towers with Radar,0,22,75,0,97,0,0,1,0,1,0,22,76,0,98,14,0,14,112
01/03/2021,PTK,MI,AGL,CE,Towers with Radar,1,27,82,0,110,0,0,0,0,0,1,27,82,0,110,11,0,11,121
01/04/2021,PTK,MI,AGL,CE,Towers with Radar,0,25,78,0,103,0,1,7,0,8,0,26,85,0,111,218,0,218,329
01/05/2021,PTK,MI,AGL,CE,Towers with Radar,0,35,46,0,81,0,0,0,0,0,0,35,46,0,81,0,0,0,81
01/06/2021,PTK,MI,AGL,CE,Towers with Radar,1,29,62,0,92,0,0,5,0,5,1,29,67,0,97,21,0,21,118
01/07/2021,PTK,MI,AGL,CE,Towers with Radar,0,32,41,0,73,0,0,69,0,69,0,32,110,0,142,266,0,266,408
01/08/2021,PTK,MI,AGL,CE,Towers with Radar,0,20,63,0,83,0,0,19,0,19,0,20,82,0,102,258,0,258,360
01/09/2021,PTK,MI,AGL,CE,Towers with Radar,0,18,64,0,82,0,3,226,0,229,0,21,290,0,311,225,0,225,536
01/10/2021,PTK,MI,AGL,CE,Towers with Radar,0,10,59,0,69,0,0,33,0,33,0,10,92,0,102,102,0,102,204
01/11/2021,PTK,MI,AGL,CE,Towers with Radar,0,29,27,0,56,0,0,5,0,5,0,29,32,0,61,357,0,357,418
01/12/2021,PTK,MI,AGL,CE,Towers with Radar,0,34,40,0,74,0,0,0,0,0,0,34,40,0,74,0,0,0,74
01/13/2021,PTK,MI,AGL,CE,Towers with Radar,0,16,62,0,78,0,15,85,0,100,0,31,147,0,178,152,0,152,330
01/14/2021,PTK,MI,AGL,CE,Towers with Radar,0,20,58,0,78,0,2,74,0,76,0,22,132,0,154,228,0,228,382
01/15/2021,PTK,MI,AGL,CE,Towers with Radar,0,29,36,0,65,0,0,1,0,1,0,29,37,0,66,4,0,4,70
01/16/2021,PTK,MI,AGL,CE,Towers with Radar,0,26,47,0,73,0,0,0,0,0,0,26,47,0,73,0,0,0,73
01/17/2021,PTK,MI,AGL,CE,Towers with Radar,0,22,52,0,74,0,0,6,0,6,0,22,58,0,80,93,0,93,173
01/18/2021,PTK,MI,AGL,CE,Towers with Radar,0,24,45,0,69,0,0,6,0,6,0,24,51,0,75,132,0,132,207
01/19/2021,PTK,MI,AGL,CE,Towers with Radar,0,22,54,0,76,0,0,64,0,64,0,22,118,0,140,196,0,196,336
01/20/2021,PTK,MI,AGL,CE,Towers with Radar,0,26,66,0,92,8,4,81,1,94,8,30,147,1,186,209,0,209,395
01/21/2021,PTK,MI,AGL,CE,Towers with Radar,0,30,59,0,89,0,13,77,1,91,0,43,136,1,180,155,0,155,335
01/22/2021,PTK,MI,AGL,CE,Towers with Radar,0,29,59,0,88,0,2,36,0,38,0,31,95,0,126,111,0,111,237
01/23/2021,PTK,MI,AGL,CE,Towers with Radar,0,20,54,0,74,0,2,185,0,187,0,22,239,0,261,319,0,319,580
01/24/2021,PTK,MI,AGL,CE,Towers with Radar,0,28,48,0,76,0,0,6,0,6,0,28,54,0,82,66,0,66,148
01/25/2021,PTK,MI,AGL,CE,Towers with Radar,0,30,50,0,80,0,1,17,0,18,0,31,67,0,98,307,0,307,405
01/26/2021,PTK,MI,AGL,CE,Towers with Radar,0,23,37,0,60,0,0,0,0,0,0,23,37,0,60,0,0,0,60
01/27/2021,PTK,MI,AGL,CE,Towers with Radar,0,30,60,0,90,0,2,79,0,81,0,32,139,0,171,272,0,272,443
01/28/2021,PTK,MI,AGL,CE,Towers with Radar,0,33,47,0,80,0,7,64,0,71,0,40,111,0,151,141,0,141,292
01/29/2021,PTK,MI,AGL,CE,Towers with Radar,0,27,67,0,94,0,0,130,0,130,0,27,197,0,224,163,0,163,387
01/30/2021,PTK,MI,AGL,CE,Towers with Radar,0,21,59,0,80,0,13,126,0,139,0,34,185,0,219,220,0,220,439
01/31/2021,PTK,MI,AGL,CE,Towers with Radar,0,22,43,0,65,0,0,0,0,0,0,22,43,0,65,0,0,0,65
02/01/2021,PTK,MI,AGL,CE,Towers with Radar,0,26,35,1,62,0,4,19,1,24,0,30,54,2,86,93,0,93,179
02/02/2021,PTK,MI,AGL,CE,Towers with Radar,0,26,58,0,84,0,4,82,1,87,0,30,140,1,171,164,0,164,335
02/03/2021,PTK,MI,AGL,CE,Towers with Radar,0,24,86,1,111,0,15,108,0,123,0,39,194,1,234,253,0,253,487
02/04/2021,PTK,MI,AGL,CE,Towers with Radar,0,39,49,0,88,0,2,48,2,52,0,41,97,2,140,85,0,85,225
02/05/2021,PTK,MI,AGL,CE,Towers with Radar,0,20,37,0,57,0,0,0,0,0,0,20,37,0,57,19,0,19,76
02/06/2021,PTK,MI,AGL,CE,Towers with Radar,0,19,53,0,72,0,1,73,0,74,0,20,126,0,146,226,0,226,372
02/07/2021,PTK,MI,AGL,CE,Towers with Radar,0,12,46,0,58,0,1,74,0,75,0,13,120,0,133,233,0,233,366
02/08/2021,PTK,MI,AGL,CE,Towers with Radar,0,40,52,0,92,0,0,6,0,6,0,40,58,0,98,0,0,0,98
02/09/2021,PTK,MI,AGL,CE,Towers with Radar,0,13,67,1,81,0,17,56,1,74,0,30,123,2,155,226,0,226,381
02/10/2021,PTK,MI,AGL,CE,Towers with Radar,0,23,80,3,106,0,2,59,0,61,0,25,139,3,167,211,0,211,378
02/11/2021,PTK,MI,AGL,CE,Towers with Radar,0,43,75,2,120,0,2,71,1,74,0,45,146,3,194,202,0,202,396
02/12/2021,PTK,MI,AGL,CE,Towers with Radar,0,43,82,0,125,0,2,10,0,12,0,45,92,0,137,106,0,106,243
02/13/2021,PTK,MI,AGL,CE,Towers with Radar,0,22,35,0,57,0,0,0,0,0,0,22,35,0,57,0,0,0,57
02/14/2021,PTK,MI,AGL,CE,Towers with Radar,0,17,47,0,64,0,7,82,0,89,0,24,129,0,153,197,0,197,350
02/15/2021,PTK,MI,AGL,CE,Towers with Radar,0,31,50,0,81,0,2,9,0,11,0,33,59,0,92,0,0,0,92
02/16/2021,PTK,MI,AGL,CE,Towers with Radar,2,41,47,0,90,0,2,6,0,8,2,43,53,0,98,25,0,25,123
02/17/2021,PTK,MI,AGL,CE,Towers with Radar,1,40,71,0,112,0,3,80,3,86,1,43,151,3,198,226,0,226,424
02/18/2021,PTK,MI,AGL,CE,Towers with Radar,0,40,35,0,75,0,0,8,0,8,0,40,43,0,83,103,0,103,186
02/19/2021,PTK,MI,AGL,CE,Towers with Radar,0,44,64,1,109,0,7,41,0,48,0,51,105,1,157,250,0,250,407
02/20/2021,PTK,MI,AGL,CE,Towers with Radar,0,25,67,0,92,0,1,113,0,114,0,26,180,0,206,243,0,243,449
02/21/2021,PTK,MI,AGL,CE,Towers with Radar,0,43,74,0,117,0,1,90,0,91,0,44,164,0,208,102,0,102,310
02/22/2021,PTK,MI,AGL,CE,Towers with Radar,0,35,47,0,82,0,0,3,0,3,0,35,50,0,85,11,0,11,96
02/23/2021,PTK,MI,AGL,CE,Towers with Radar,0,32,65,0,97,0,5,48,0,53,0,37,113,0,150,289,0,289,439
02/24/2021,PTK,MI,AGL,CE,Towers with Radar,0,38,60,0,98,0,2,30,2,34,0,40,90,2,132,134,0,134,266
02/25/2021,PTK,MI,AGL,CE,Towers with Radar,0,39,75,0,114,0,6,103,3,112,0,45,178,3,226,293,0,293,519
02/26/2021,PTK,MI,AGL,CE,Towers with Radar,0,27,78,0,105,0,32,106,0,138,0,59,184,0,243,198,0,198,441
02/27/2021,PTK,MI,AGL,CE,Towers with Radar,0,17,47,0,64,0,1,119,0,120,0,18,166,0,184,211,0,211,395
02/28/2021,PTK,MI,AGL,CE,Towers with Radar,0,19,65,0,84,0,2,13,0,15,0,21,78,0,99,82,0,82,181
03/01/2021,PTK,MI,AGL,CE,Towers with Radar,3,34,60,1,98,0,5,34,1,40,3,39,94,2,138,19,0,19,157
03/02/2021,PTK,MI,AGL,CE,Towers with Radar,0,32,59,0,91,0,3,93,0,96,0,35,152,0,187,163,0,163,350
03/03/2021,PTK,MI,AGL,CE,Towers with Radar,1,30,72,0,103,0,16,96,1,113,1,46,168,1,216,289,0,289,505
03/04/2021,PTK,MI,AGL,CE,Towers with Radar,0,40,82,1,123,0,1,48,0,49,0,41,130,1,172,117,0,117,289
03/05/2021,PTK,MI,AGL,CE,Towers with Radar,1,28,78,0,107,0,5,98,0,103,1,33,176,0,210,138,0,138,348
03/06/2021,PTK,MI,AGL,CE,Towers with Radar,0,20,36,0,56,0,3,124,0,127,0,23,160,0,183,270,0,270,453
03/07/2021,PTK,MI,AGL,CE,Towers with Radar,0,19,72,0,91,0,2,134,2,138,0,21,206,2,229,212,0,212,441
03/08/2021,PTK,MI,AGL,CE,Towers with Radar,1,30,50,0,81,0,7,75,1,83,1,37,125,1,164,135,0,135,299
03/09/2021,PTK,MI,AGL,CE,Towers with Radar,0,27,75,0,102,0,1,115,0,116,0,28,190,0,218,244,0,244,462
03/10/2021,PTK,MI,AGL,CE,Towers with Radar,1,33,44,1,79,0,4,41,1,46,1,37,85,2,125,59,0,59,184
03/11/2021,PTK,MI,AGL,CE,Towers with Radar,1,35,75,0,111,0,2,4,0,6,1,37,79,0,117,0,0,0,117
03/12/2021,PTK,MI,AGL,CE,Towers with Radar,0,37,76,1,114,0,1,84,0,85,0,38,160,1,199,115,0,115,314
03/13/2021,PTK,MI,AGL,CE,Towers with Radar,0,19,38,0,57,0,3,191,2,196,0,22,229,2,253,275,0,275,528
03/14/2021,PTK,MI,AGL,CE,Towers with Radar,0,21,75,2,98,0,2,80,2,84,0,23,155,4,182,121,0,121,303
03/15/2021,PTK,MI,AGL,CE,Towers with Radar,0,37,61,0,98,0,4,67,1,72,0,41,128,1,170,199,0,199,369
03/16/2021,PTK,MI,AGL,CE,Towers with Radar,2,32,45,0,79,0,5,49,0,54,2,37,94,0,133,209,0,209,342
03/17/2021,PTK,MI,AGL,CE,Towers with Radar,0,29,69,0,98,0,4,101,3,108,0,33,170,3,206,325,0,325,531
03/18/2021,PTK,MI,AGL,CE,Towers with Radar,0,17,45,0,62,0,0,4,1,5,0,17,49,1,67,1,0,1,68
03/19/2021,PTK,MI,AGL,CE,Towers with Radar,1,36,64,0,101,0,14,120,1,135,1,50,184,1,236,122,0,122,358
03/20/2021,PTK,MI,AGL,CE,Towers with Radar,0,29,84,0,113,0,2,176,2,180,0,31,260,2,293,233,0,233,526
03/21/2021,PTK,MI,AGL,CE,Towers with Radar,0,22,55,0,77,0,0,160,0,160,0,22,215,0,237,172,0,172,409
03/22/2021,PTK,MI,AGL,CE,Towers with Radar,1,40,48,1,90,0,7,105,3,115,1,47,153,4,205,123,0,123,328
03/23/2021,PTK,MI,AGL,CE,Towers with Radar,1,25,71,5,102,0,7,109,1,117,1,32,180,6,219,190,0,190,409
03/24/2021,PTK,MI,AGL,CE,Towers with Radar,3,38,54,1,96,0,9,38,4,51,3,47,92,5,147,61,0,61,208
03/25/2021,PTK,MI,AGL,CE,Towers with Radar,2,29,73,1,105,0,3,97,1,101,2,32,170,2,206,269,0,269,475
03/26/2021,PTK,MI,AGL,CE,Towers with Radar,2,39,78,0,119,0,0,27,0,27,2,39,105,0,146,74,0,74,220
03/27/2021,PTK,MI,AGL,CE,Towers with Radar,1,25,81,0,107,0,3,151,2,156,1,28,232,2,263,241,0,241,504
03/28/2021,PTK,MI,AGL,CE,Towers with Radar,1,15,65,0,81,0,0,0,2,2,1,15,65,2,83,87,0,87,170
03/29/2021,PTK,MI,AGL,CE,Towers with Radar,1,22,60,0,83,0,11,125,2,138,1,33,185,2,221,211,0,211,432
03/30/2021,PTK,MI,AGL,CE,Towers with Radar,3,33,67,0,103,0,1,44,0,45,3,34,111,0,148,68,0,68,216
03/31/2021,PTK,MI,AGL,CE,Towers with Radar,0,33,67,2,102,0,2,79,1,82,0,35,146,3,184,232,0,232,416
04/01/2021,PTK,MI,AGL,CE,Towers with Radar,1,27,82,2,112,0,3,27,3,33,1,30,109,5,145,25,0,25,170
04/02/2021,PTK,MI,AGL,CE,Towers with Radar,0,32,72,0,104,0,9,144,4,157,0,41,216,4,261,207,0,207,468
04/03/2021,PTK,MI,AGL,CE,Towers with Radar,0,21,73,0,94,0,8,145,2,155,0,29,218,2,249,117,0,117,366
04/04/2021,PTK,MI,AGL,CE,Towers with Radar,2,28,57,0,87,0,0,98,0,98,2,28,155,0,185,270,0,270,455
04/05/2021,PTK,MI,AGL,CE,Towers with Radar,0,46,77,0,123,0,8,59,5,72,0,54,136,5,195,137,0,137,332
04/06/2021,PTK,MI,AGL,CE,Towers with Radar,0,36,75,2,113,0,4,145,3,152,0,40,220,5,265,200,0,200,465
04/07/2021,PTK,MI,AGL,CE,Towers with Radar,0,34,82,0,116,0,6,128,2,136,0,40,210,2,252,179,0,179,431
04/08/2021,PTK,MI,AGL,CE,Towers with Radar,1,29,59,3,92,0,8,58,1,67,1,37,117,4,159,208,0,208,367
04/09/2021,PTK,MI,AGL,CE,Towers with Radar,0,20,51,0,71,0,2,58,1,61,0,22,109,1,132,60,0,60,192
04/10/2021,PTK,MI,AGL,CE,Towers with Radar,0,25,52,0,77,0,1,114,0,115,0,26,166,0,192,276,0,276,468
04/11/2021,PTK,MI,AGL,CE,Towers with Radar,0,9,71,0,80,0,0,45,0,45,0,9,116,0,125,139,0,139,264
04/12/2021,PTK,MI,AGL,CE,Towers with Radar,0,41,65,0,106,0,0,17,0,17,0,41,82,0,123,92,0,92,215
04/13/2021,PTK,MI,AGL,CE,Towers with Radar,0,29,67,0,96,0,9,136,2,147,0,38,203,2,243,358,0,358,601
04/14/2021,PTK,MI,AGL,CE,Towers with Radar,1,34,73,2,110,0,7,117,1,125,1,41,190,3,235,209,0,209,444
04/15/2021,PTK,MI,AGL,CE,Towers with Radar,2,30,90,0,122,0,0,17,0,17,2,30,107,0,139,100,0,100,239
04/16/2021,PTK,MI,AGL,CE,Towers with Radar,0,26,72,0,98,0,3,44,0,47,0,29,116,0,145,203,0,203,348
04/17/2021,PTK,MI,AGL,CE,Towers with Radar,0,11,65,0,76,0,3,144,0,147,0,14,209,0,223,251,0,251,474
04/18/2021,PTK,MI,AGL,CE,Towers with Radar,4,18,92,0,114,0,1,151,0,152,4,19,243,0,266,278,0,278,544
04/19/2021,PTK,MI,AGL,CE,Towers with Radar,0,28,57,1,86,0,7,52,1,60,0,35,109,2,146,72,0,72,218
04/20/2021,PTK,MI,AGL,CE,Towers with Radar,0,34,66,1,101,0,7,60,1,68,0,41,126,2,169,196,0,196,365
04/21/2021,PTK,MI,AGL,CE,Towers with Radar,0,40,79,0,119,0,3,72,1,76,0,43,151,1,195,116,0,116,311
04/22/2021,PTK,MI,AGL,CE,Towers with Radar,3,39,109,2,153,0,11,119,4,134,3,50,228,6,287,265,0,265,552
04/23/2021,PTK,MI,AGL,CE,Towers with Radar,0,30,74,1,105,0,4,129,1,134,0,34,203,2,239,155,0,155,394
04/24/2021,PTK,MI,AGL,CE,Towers with Radar,1,11,34,0,46,0,1,100,0,101,1,12,134,0,147,306,0,306,453
04/25/2021,PTK,MI,AGL,CE,Towers with Radar,0,28,77,0,105,0,0,92,0,92,0,28,169,0,197,114,0,114,311
04/26/2021,PTK,MI,AGL,CE,Towers with Radar,1,21,64,1,87,0,5,87,27,119,1,26,151,28,206,83,0,83,289
04/27/2021,PTK,MI,AGL,CE,Towers with Radar,3,18,66,1,88,0,9,127,4,140,3,27,193,5,228,293,0,293,521
04/28/2021,PTK,MI,AGL,CE,Towers with Radar,1,34,65,3,103,0,9,53,1,63,1,43,118,4,166,217,0,217,383
04/29/2021,PTK,MI,AGL,CE,Towers with Radar,0,30,110,0,140,0,0,1,0,1,0,30,111,0,141,28,0,28,169
04/30/2021,PTK,MI,AGL,CE,Towers with Radar,1,36,86,6,129,0,15,38,0,53,1,51,124,6,182,105,0,105,287
05/01/2021,PTK,MI,AGL,CE,Towers with Radar,0,13,59,0,72,0,0,137,0,137,0,13,196,0,209,177,0,177,386
05/02/2021,PTK,MI,AGL,CE,Towers with Radar,0,21,63,0,84,0,6,104,0,110,0,27,167,0,194,178,0,178,372
05/03/2021,PTK,MI,AGL,CE,Towers with Radar,0,29,102,0,131,0,0,0,0,0,0,29,102,0,131,2,0,2,133
05/04/2021,PTK,MI,AGL,CE,Towers with Radar,1,36,82,2,121,0,0,33,0,33,1,36,115,2,154,277,0,277,431
05/05/2021,PTK,MI,AGL,CE,Towers with Radar,0,42,115,0,157,0,0,118,1,119,0,42,233,1,276,360,0,360,636
05/06/2021,PTK,MI,AGL,CE,Towers with Radar,2,37,73,0,112,0,12,81,0,93,2,49,154,0,205,393,0,393,598
05/07/2021,PTK,MI,AGL,CE,Towers with Radar,0,42,83,1,126,0,1,37,4,42,0,43,120,5,168,197,0,197,365
05/08/2021,PTK,MI,AGL,CE,Towers with Radar,1,18,89,1,109,0,0,169,0,169,1,18,258,1,278,304,0,304,582
05/09/2021,PTK,MI,AGL,CE,Towers with Radar,0,18,62,0,80,0,0,51,0,51,0,18,113,0,131,227,0,227,358
05/10/2021,PTK,MI,AGL,CE,Towers with Radar,3,31,89,0,123,0,3,90,0,93,3,34,179,0,216,273,0,273,489
05/11/2021,PTK,MI,AGL,CE,Towers with Radar,1,42,82,0,125,0,8,111,2,121,1,50,193,2,246,162,0,162,408
05/12/2021,PTK,MI,AGL,CE,Towers with Radar,0,39,80,1,120,0,3,138,1,142,0,42,218,2,262,460,0,460,722
05/13/2021,PTK,MI,AGL,CE,Towers with Radar,3,39,103,1,146,0,8,136,1,145,3,47,239,2,291,342,0,342,633
05/14/2021,PTK,MI,AGL,CE,Towers with Radar,0,40,78,1,119,0,5,139,1,145,0,45,217,2,264,295,0,295,559
05/15/2021,PTK,MI,AGL,CE,Towers with Radar,0,17,57,0,74,0,2,154,0,156,0,19,211,0,230,259,0,259,489
05/16/2021,PTK,MI,AGL,CE,Towers with Radar,0,23,91,0,114,0,0,100,2,102,0,23,191,2,216,231,0,231,447
05/17/2021,PTK,MI,AGL,CE,Towers with Radar,0,25,80,1,106,0,3,99,1,103,0,28,179,2,209,287,0,287,496
05/18/2021,PTK,MI,AGL,CE,Towers with Radar,0,52,75,1,128,0,9,74,3,86,0,61,149,4,214,184,0,184,398
05/19/2021,PTK,MI,AGL,CE,Towers with Radar,0,39,77,1,117,0,8,92,1,101,0,47,169,2,218,369,0,369,587
05/20/2021,PTK,MI,AGL,CE,Towers with Radar,0,50,91,0,141,0,12,120,3,135,0,62,211,3,276,296,0,296,572
05/21/2021,PTK,MI,AGL,CE,Towers with Radar,0,38,95,1,134,0,7,99,2,108,0,45,194,3,242,279,0,279,521
05/22/2021,PTK,MI,AGL,CE,Towers with Radar,0,17,49,0,66,0,2,113,0,115,0,19,162,0,181,239,0,239,420
05/23/2021,PTK,MI,AGL,CE,Towers with Radar,2,24,96,0,122,0,2,98,0,100,2,26,194,0,222,232,0,232,454
05/24/2021,PTK,MI,AGL,CE,Towers with Radar,0,37,85,0,122,0,2,68,0,70,0,39,153,0,192,251,0,251,443
05/25/2021,PTK,MI,AGL,CE,Towers with Radar,0,38,68,1,107,0,8,122,5,135,0,46,190,6,242,219,0,219,461
05/26/2021,PTK,MI,AGL,CE,Towers with Radar,0,53,113,0,166,0,1,57,0,58,0,54,170,0,224,174,0,174,398
05/27/2021,PTK,MI,AGL,CE,Towers with Radar,0,49,110,0,159,0,4,121,3,128,0,53,231,3,287,324,0,324,611
05/28/2021,PTK,MI,AGL,CE,Towers with Radar,0,37,73,0,110,0,0,6,0,6,0,37,79,0,116,5,0,5,121
05/29/2021,PTK,MI,AGL,CE,Towers with Radar,0,18,49,0,67,0,1,112,0,113,0,19,161,0,180,87,0,87,267
05/30/2021,PTK,MI,AGL,CE,Towers with Radar,0,8,41,0,49,0,0,131,0,131,0,8,172,0,180,229,0,229,409
05/31/2021,PTK,MI,AGL,CE,Towers with Radar,1,27,75,0,103,0,0,85,0,85,1,27,160,0,188,76,0,76,264
06/01/2021,PTK,MI,AGL,CE,Towers with Radar,0,36,80,1,117,0,8,138,2,148,0,44,218,3,265,340,0,340,605
06/02/2021,PTK,MI,AGL,CE,Towers with Radar,1,44,78,1,124,0,6,68,3,77,1,50,146,4,201,152,0,152,353
06/03/2021,PTK,MI,AGL,CE,Towers with Radar,3,44,73,0,120,0,3,92,2,97,3,47,165,2,217,275,0,275,492
06/04/2021,PTK,MI,AGL,CE,Towers with Radar,2,38,67,0,107,0,4,132,0,136,2,42,199,0,243,275,0,275,518
06/05/2021,PTK,MI,AGL,CE,Towers with Radar,0,17,51,0,68,0,1,144,0,145,0,18,195,0,213,234,0,234,447
06/06/2021,PTK,MI,AGL,CE,Towers with Radar,0,18,66,0,84,0,0,122,0,122,0,18,188,0,206,320,0,320,526
06/07/2021,PTK,MI,AGL,CE,Towers with Radar,0,29,72,1,102,0,7,63,1,71,0,36,135,2,173,235,0,235,408
06/08/2021,PTK,MI,AGL,CE,Towers with Radar,0,35,80,0,115,0,4,74,2,80,0,39,154,2,195,254,0,254,449
06/09/2021,PTK,MI,AGL,CE,Towers with Radar,0,37,97,1,135,0,4,81,3,88,0,41,178,4,223,353,0,353,576
06/10/2021,PTK,MI,AGL,CE,Towers with Radar,0,56,83,1,140,0,12,110,1,123,0,68,193,2,263,320,0,320,583
06/11/2021,PTK,MI,AGL,CE,Towers with Radar,1,34,99,4,138,0,6,111,4,121,1,40,210,8,259,219,0,219,478
06/12/2021,PTK,MI,AGL,CE,Towers with Radar,0,22,69,0,91,0,3,132,0,135,0,25,201,0,226,146,0,146,372
06/13/2021,PTK,MI,AGL,CE,Towers with Radar,0,23,102,0,125,0,2,103,2,107,0,25,205,2,232,142,0,142,374
06/14/2021,PTK,MI,AGL,CE,Towers with Radar,2,25,84,2,113,0,2,79,1,82,2,27,163,3,195,125,0,125,320
06/15/2021,PTK,MI,AGL,CE,Towers with Radar,1,34,105,1,141,0,5,132,0,137,1,39,237,1,278,186,0,186,464
06/16/2021,PTK,MI,AGL,CE,Towers with Radar,1,33,109,1,144,0,8,182,1,191,1,41,291,2,335,342,0,342,677
06/17/2021,PTK,MI,AGL,CE,Towers with Radar,2,41,85,1,129,0,9,142,1,152,2,50,227,2,281,339,0,339,620
06/18/2021,PTK,MI,AGL,CE,Towers with Radar,1,35,95,0,131,0,1,66,0,67,1,36,161,0,198,93,0,93,291
06/19/2021,PTK,MI,AGL,CE,Towers with Radar,0,21,48,0,69,0,0,70,0,70,0,21,118,0,139,166,0,166,305
06/20/2021,PTK,MI,AGL,CE,Towers with Radar,0,20,66,0,86,0,0,105,0,105,0,20,171,0,191,231,0,231,422
06/21/2021,PTK,MI,AGL,CE,Towers with Radar,0,43,109,0,152,0,0,33,0,33,0,43,142,0,185,35,0,35,220
06/22/2021,PTK,MI,AGL,CE,Towers with Radar,1,35,94,0,130,0,4,164,0,168,1,39,258,0,298,234,0,234,532
06/23/2021,PTK,MI,AGL,CE,Towers with Radar,0,36,96,0,132,0,12,111,0,123,0,48,207,0,255,196,0,196,451
06/24/2021,PTK,MI,AGL,CE,Towers with Radar,2,51,89,0,142,0,9,127,2,138,2,60,216,2,280,91,0,91,371
06/25/2021,PTK,MI,AGL,CE,Towers with Radar,2,38,77,0,117,0,0,9,0,9,2,38,86,0,126,59,0,59,185
06/26/2021,PTK,MI,AGL,CE,Towers with Radar,1,20,67,0,88,0,0,11,0,11,1,20,78,0,99,24,0,24,123
06/27/2021,PTK,MI,AGL,CE,Towers with Radar,0,23,86,2,111,0,1,64,0,65,0,24,150,2,176,138,0,138,314
06/28/2021,PTK,MI,AGL,CE,Towers with Radar,1,33,79,0,113,0,0,90,0,90,1,33,169,0,203,202,0,202,405
06/29/2021,PTK,MI,AGL,CE,Towers with Radar,0,21,84,0,105,0,1,104,2,107,0,22,188,2,212,393,0,393,605
06/30/2021,PTK,MI,AGL,CE,Towers with Radar,2,27,85,0,114,0,5,66,0,71,2,32,151,0,185,370,0,370,555
07/01/2021,PTK,MI,AGL,CE,Towers with Radar,2,47,138,0,187,0,4,109,1,114,2,51,247,1,301,276,0,276,577
07/02/2021,PTK,MI,AGL,CE,Towers with Radar,2,31,92,0,125,0,7,126,0,133,2,38,218,0,258,98,0,98,356
07/03/2021,PTK,MI,AGL,CE,Towers with Radar,0,17,51,0,68,0,0,151,0,151,0,17,202,0,219,168,0,168,387
07/04/2021,PTK,MI,AGL,CE,Towers with Radar,0,12,27,0,39,0,0,81,0,81,0,12,108,0,120,99,0,99,219
07/05/2021,PTK,MI,AGL,CE,Towers with Radar,0,28,63,0,91,0,3,73,0,76,0,31,136,0,167,34,0,34,201
07/06/2021,PTK,MI,AGL,CE,Towers with Radar,0,33,90,2,125,0,5,123,1,129,0,38,213,3,254,39,0,39,293
07/07/2021,PTK,MI,AGL,CE,Towers with Radar,1,46,57,1,105,1,3,70,4,78,2,49,127,5,183,88,0,88,271
07/08/2021,PTK,MI,AGL,CE,Towers with Radar,0,37,94,0,131,2,1,21,0,24,2,38,115,0,155,92,0,92,247
07/09/2021,PTK,MI,AGL,CE,Towers with Radar,3,37,84,2,126,0,8,187,2,197,3,45,271,4,323,50,0,50,373
07/10/2021,PTK,MI,AGL,CE,Towers with Radar,0,23,65,0,88,0,0,244,0,244,0,23,309,0,332,79,0,79,411
07/11/2021,PTK,MI,AGL,CE,Towers with Radar,0,20,99,0,119,0,0,5,0,5,0,20,104,0,124,101,0,101,225
07/12/2021,PTK,MI,AGL,CE,Towers with Radar,0,26,82,0,108,0,0,3,0,3,0,26,85,0,111,20,0,20,131
07/13/2021,PTK,MI,AGL,CE,Towers with Radar,0,19,93,0,112,0,1,11,0,12,0,20,104,0,124,65,0,65,189
07/14/2021,PTK,MI,AGL,CE,Towers with Radar,0,38,101,1,140,0,10,222,3,235,0,48,323,4,375,99,0,99,474
07/15/2021,PTK,MI,AGL,CE,Towers with Radar,2,34,99,1,136,0,6,71,2,79,2,40,170,3,215,130,0,130,345
07/16/2021,PTK,MI,AGL,CE,Towers with Radar,0,44,97,0,141,0,1,13,0,14,0,45,110,0,155,36,0,36,191
07/17/2021,PTK,MI,AGL,CE,Towers with Radar,0,8,62,0,70,0,5,107,0,112,0,13,169,0,182,172,0,172,354
07/18/2021,PTK,MI,AGL,CE,Towers with Radar,0,24,107,1,132,0,2,165,0,167,0,26,272,1,299,81,0,81,380
07/19/2021,PTK,MI,AGL,CE,Towers with Radar,0,47,92,0,139,0,9,177,1,187,0,56,269,1,326,90,0,90,416
07/20/2021,PTK,MI,AGL,CE,Towers with Radar,0,35,88,2,125,0,11,115,2,128,0,46,203,4,253,87,0,87,340
07/21/2021,PTK,MI,AGL,CE,Towers with Radar,2,35,80,0,117,0,8,183,4,195,2,43,263,4,312,76,0,76,388
07/22/2021,PTK,MI,AGL,CE,Towers with Radar,1,34,132,0,167,0,4,163,2,169,1,38,295,2,336,105,0,105,441
07/23/2021,PTK,MI,AGL,CE,Towers with Radar,0,37,96,0,133,0,5,89,0,94,0,42,185,0,227,65,0,65,292
07/24/2021,PTK,MI,AGL,CE,Towers with Radar,0,21,62,2,85,0,5,20,0,25,0,26,82,2,110,16,0,16,126
07/25/2021,PTK,MI,AGL,CE,Towers with Radar,0,33,107,0,140,0,2,156,0,158,0,35,263,0,298,41,0,41,339
07/26/2021,PTK,MI,AGL,CE,Towers with Radar,0,32,99,0,131,0,4,169,0,173,0,36,268,0,304,58,0,58,362
07/27/2021,PTK,MI,AGL,CE,Towers with Radar,3,36,99,0,138,0,10,126,1,137,3,46,225,1,275,111,0,111,386
07/28/2021,PTK,MI,AGL,CE,Towers with Radar,3,48,104,3,158,0,5,191,1,197,3,53,295,4,355,59,0,59,414
07/29/2021,PTK,MI,AGL,CE,Towers with Radar,2,35,86,1,124,0,3,81,0,84,2,38,167,1,208,49,0,49,257
07/30/2021,PTK,MI,AGL,CE,Towers with Radar,0,45,123,0,168,0,0,133,0,133,0,45,256,0,301,70,0,70,371
07/31/2021,PTK,MI,AGL,CE,Towers with Radar,0,28,63,0,91,0,0,182,0,182,0,28,245,0,273,54,0,54,327
08/01/2021,PTK,MI,AGL,CE,Towers with Radar,0,34,106,0,140,0,0,50,0,50,0,34,156,0,190,59,0,59,249
08/02/2021,PTK,MI,AGL,CE,Towers with Radar,1,53,78,0,132,0,5,143,2,150,1,58,221,2,282,98,0,98,380
08/03/2021,PTK,MI,AGL,CE,Towers with Radar,2,35,80,0,117,0,8,160,0,168,2,43,240,0,285,115,0,115,400
08/04/2021,PTK,MI,AGL,CE,Towers with Radar,2,40,98,0,140,0,8,165,0,173,2,48,263,0,313,62,0,62,375
08/05/2021,PTK,MI,AGL,CE,Towers with Radar,2,43,117,0,162,0,5,163,0,168,2,48,280,0,330,116,0,116,446
08/06/2021,PTK,MI,AGL,CE,Towers with Radar,2,40,98,1,141,0,7,121,1,129,2,47,219,2,270,46,0,46,316
08/07/2021,PTK,MI,AGL,CE,Towers with Radar,0,21,84,0,105,0,2,67,0,69,0,23,151,0,174,239,0,239,413
08/08/2021,PTK,MI,AGL,CE,Towers with Radar,0,38,95,0,133,0,0,65,0,65,0,38,160,0,198,86,0,86,284
08/09/2021,PTK,MI,AGL,CE,Towers with Radar,1,32,83,1,117,0,2,79,1,82,1,34,162,2,199,36,0,36,235
08/10/2021,PTK,MI,AGL,CE,Towers with Radar,2,43,91,0,136,0,1,84,1,86,2,44,175,1,222,199,0,199,421
08/11/2021,PTK,MI,AGL,CE,Towers with Radar,1,41,74,1,117,0,12,73,2,87,1,53,147,3,204,37,0,37,241
08/12/2021,PTK,MI,AGL,CE,Towers with Radar,2,42,116,0,160,0,6,121,0,127,2,48,237,0,287,116,0,116,403
08/13/2021,PTK,MI,AGL,CE,Towers with Radar,2,41,89,1,133,0,4,102,0,106,2,45,191,1,239,118,0,118,357
08/14/2021,PTK,MI,AGL,CE,Towers with Radar,0,21,50,0,71,0,7,162,0,169,0,28,212,0,240,149,0,149,389
08/15/2021,PTK,MI,AGL,CE,Towers with Radar,1,24,81,0,106,0,1,152,0,153,1,25,233,0,259,134,0,134,393
08/16/2021,PTK,MI,AGL,CE,Towers with Radar,1,40,104,0,145,0,4,100,1,105,1,44,204,1,250,140,0,140,390
08/17/2021,PTK,MI,AGL,CE,Towers with Radar,0,34,94,1,129,0,6,109,1,116,0,40,203,2,245,147,0,147,392
08/18/2021,PTK,MI,AGL,CE,Towers with Radar,0,48,81,3,132,0,9,150,0,159,0,57,231,3,291,198,0,198,489
08/19/2021,PTK,MI,AGL,CE,Towers with Radar,0,35,122,1,158,0,9,142,0,151,0,44,264,1,309,122,0,122,431
08/20/2021,PTK,MI,AGL,CE,Towers with Radar,0,35,99,1,135,0,20,149,0,169,0,55,248,1,304,116,0,116,420
08/21/2021,PTK,MI,AGL,CE,Towers with Radar,0,20,68,0,88,0,21,205,0,226,0,41,273,0,314,67,0,67,381
08/22/2021,PTK,MI,AGL,CE,Towers with Radar,0,35,84,0,119,0,3,92,0,95,0,38,176,0,214,49,0,49,263
08/23/2021,PTK,MI,AGL,CE,Towers with Radar,0,37,87,0,124,0,1,125,0,126,0,38,212,0,250,84,0,84,334
08/24/2021,PTK,MI,AGL,CE,Towers with Radar,2,50,107,0,159,0,6,144,0,150,2,56,251,0,309,108,0,108,417
08/25/2021,PTK,MI,AGL,CE,Towers with Radar,1,40,82,0,123,0,8,137,4,149,1,48,219,4,272,159,0,159,431
08/26/2021,PTK,MI,AGL,CE,Towers with Radar,2,41,117,0,160,0,5,143,0,148,2,46,260,0,308,104,0,104,412
08/27/2021,PTK,MI,AGL,CE,Towers with Radar,1,39,95,0,135,0,0,85,0,85,1,39,180,0,220,86,0,86,306
08/28/2021,PTK,MI,AGL,CE,Towers with Radar,0,26,56,0,82,0,0,105,0,105,0,26,161,0,187,91,0,91,278
08/29/2021,PTK,MI,AGL,CE,Towers with Radar,0,28,89,0,117,0,1,97,0,98,0,29,186,0,215,47,0,47,262
08/30/2021,PTK,MI,AGL,CE,Towers with Radar,0,33,76,0,109,0,3,140,0,143,0,36,216,0,252,165,0,165,417
08/31/2021,PTK,MI,AGL,CE,Towers with Radar,0,34,105,0,139,0,7,145,0,152,0,41,250,0,291,101,0,101,392
09/01/2021,PTK,MI,AGL,CE,Towers with Radar,0,33,101,0,134,0,3,158,0,161,0,36,259,0,295,146,0,146,441
09/02/2021,PTK,MI,AGL,CE,Towers with Radar,0,27,107,0,134,0,5,130,0,135,0,32,237,0,269,131,0,131,400
09/03/2021,PTK,MI,AGL,CE,Towers with Radar,0,35,100,0,135,0,8,192,0,200,0,43,292,0,335,178,0,178,513
09/04/2021,PTK,MI,AGL,CE,Towers with Radar,0,15,60,0,75,0,6,106,0,112,0,21,166,0,187,81,0,81,268
09/05/2021,PTK,MI,AGL,CE,Towers with Radar,0,9,57,1,67,0,4,85,0,89,0,13,142,1,156,72,0,72,228
09/06/2021,PTK,MI,AGL,CE,Towers with Radar,1,28,89,0,118,0,3,91,0,94,1,31,180,0,212,64,0,64,276
09/07/2021,PTK,MI,AGL,CE,Towers with Radar,0,29,66,1,96,0,0,60,0,60,0,29,126,1,156,67,0,67,223
09/08/2021,PTK,MI,AGL,CE,Towers with Radar,0,32,77,0,109,0,7,115,0,122,0,39,192,0,231,91,0,91,322
09/09/2021,PTK,MI,AGL,CE,Towers with Radar,0,36,102,2,140,0,8,118,2,128,0,44,220,4,268,188,0,188,456
09/10/2021,PTK,MI,AGL,CE,Towers with Radar,0,42,80,0,122,0,3,178,5,186,0,45,258,5,308,142,0,142,450
09/11/2021,PTK,MI,AGL,CE,Towers with Radar,0,28,67,0,95,0,2,123,0,125,0,30,190,0,220,68,0,68,288
09/12/2021,PTK,MI,AGL,CE,Towers with Radar,1,24,78,0,103,0,1,85,0,86,1,25,163,0,189,87,0,87,276
09/13/2021,PTK,MI,AGL,CE,Towers with Radar,0,55,78,0,133,0,0,24,0,24,0,55,102,0,157,53,0,53,210
09/14/2021,PTK,MI,AGL,CE,Towers with Radar,1,43,73,0,117,0,9,49,0,58,1,52,122,0,175,30,0,30,205
09/15/2021,PTK,MI,AGL,CE,Towers with Radar,0,62,91,0,153,1,2,174,0,177,1,64,265,0,330,190,0,190,520
09/16/2021,PTK,MI,AGL,CE,Towers with Radar,0,39,114,0,153,0,8,135,3,146,0,47,249,3,299,107,0,107,406
09/17/2021,PTK,MI,AGL,CE,Towers with Radar,0,34,102,0,136,0,17,151,1,169,0,51,253,1,305,140,0,140,445
09/18/2021,PTK,MI,AGL,CE,Towers with Radar,0,21,61,0,82,0,1,251,0,252,0,22,312,0,334,37,0,37,371
09/19/2021,PTK,MI,AGL,CE,Towers with Radar,2,43,90,1,136,0,2,168,1,171,2,45,258,2,307,46,0,46,353
09/20/2021,PTK,MI,AGL,CE,Towers with Radar,0,49,92,0,141,0,1,57,1,59,0,50,149,1,200,71,0,71,271
09/21/2021,PTK,MI,AGL,CE,Towers with Radar,0,46,88,3,137,0,1,1,0,2,0,47,89,3,139,63,0,63,202
09/22/2021,PTK,MI,AGL,CE,Towers with Radar,0,27,88,0,115,0,0,2,0,2,0,27,90,0,117,17,0,17,134
09/23/2021,PTK,MI,AGL,CE,Towers with Radar,0,47,100,0,147,0,0,0,0,0,0,47,100,0,147,10,0,10,157
09/24/2021,PTK,MI,AGL,CE,Towers with Radar,0,37,98,0,135,0,3,168,0,171,0,40,266,0,306,163,0,163,469
09/25/2021,PTK,MI,AGL,CE,Towers with Radar,0,22,90,0,112,0,0,71,0,71,0,22,161,0,183,73,0,73,256
09/26/2021,PTK,MI,AGL,CE,Towers with Radar,0,39,101,1,141,0,6,146,0,152,0,45,247,1,293,126,0,126,419
09/27/2021,PTK,MI,AGL,CE,Towers with Radar,0,46,88,2,136,0,9,146,0,155,0,55,234,2,291,131,0,131,422
09/28/2021,PTK,MI,AGL,CE,Towers with Radar,0,36,96,0,132,0,7,164,0,171,0,43,260,0,303,200,0,200,503
09/29/2021,PTK,MI,AGL,CE,Towers with Radar,0,39,101,1,141,0,11,186,2,199,0,50,287,3,340,167,0,167,507
09/30/2021,PTK,MI,AGL,CE,Towers with Radar,0,32,85,0,117,0,6,185,2,193,0,38,270,2,310,136,0,136,446
10/01/2021,PTK,MI,AGL,CE,Towers with Radar,0,45,90,1,136,0,3,175,3,181,0,48,265,4,317,139,0,139,456
10/02/2021,PTK,MI,AGL,CE,Towers with Radar,0,29,82,0,111,0,0,128,1,129,0,29,210,1,240,124,0,124,364
10/03/2021,PTK,MI,AGL,CE,Towers with Radar,0,34,97,1,132,0,0,12,0,12,0,34,109,1,144,0,0,0,144
10/04/2021,PTK,MI,AGL,CE,Towers with Radar,0,43,91,2,136,0,4,1,0,5,0,47,92,2,141,62,0,62,203
10/05/2021,PTK,MI,AGL,CE,Towers with Radar,0,40,91,0,131,0,0,20,0,20,0,40,111,0,151,22,0,22,173
10/06/2021,PTK,MI,AGL,CE,Towers with Radar,0,50,136,0,186,0,0,13,0,13,0,50,149,0,199,90,0,90,289
10/07/2021,PTK,MI,AGL,CE,Towers with Radar,0,42,95,0,137,0,0,1,0,1,0,42,96,0,138,24,0,24,162
10/08/2021,PTK,MI,AGL,CE,Towers with Radar,0,39,93,0,132,0,0,0,0,0,0,39,93,0,132,0,0,0,132
10/09/2021,PTK,MI,AGL,CE,Towers with Radar,0,26,63,2,91,0,4,68,0,72,0,30,131,2,163,194,0,194,357
10/10/2021,PTK,MI,AGL,CE,Towers with Radar,0,35,107,0,142,0,9,55,0,64,0,44,162,0,206,78,0,78,284
10/11/2021,PTK,MI,AGL,CE,Towers with Radar,0,40,123,0,163,0,0,138,0,138,0,40,261,0,301,23,0,23,324
10/12/2021,PTK,MI,AGL,CE,Towers with Radar,0,27,99,0,126,0,0,25,0,25,0,27,124,0,151,102,0,102,253
10/13/2021,PTK,MI,AGL,CE,Towers with Radar,0,32,117,0,149,0,12,127,0,139,0,44,244,0,288,134,0,134,422
10/14/2021,PTK,MI,AGL,CE,Towers with Radar,0,37,123,4,164,0,0,23,2,25,0,37,146,6,189,100,0,100,289
10/15/2021,PTK,MI,AGL,CE,Towers with Radar,0,36,93,0,129,0,0,15,0,15,0,36,108,0,144,79,0,79,223
10/16/2021,PTK,MI,AGL,CE,Towers with Radar,0,25,64,0,89,0,0,181,0,181,0,25,245,0,270,131,0,131,401
10/17/2021,PTK,MI,AGL,CE,Towers with Radar,0,24,104,0,128,0,5,170,0,175,0,29,274,0,303,139,0,139,442
10/18/2021,PTK,MI,AGL,CE,Towers with Radar,0,36,87,0,123,0,2,170,0,172,0,38,257,0,295,171,0,171,466
10/19/2021,PTK,MI,AGL,CE,Towers with Radar,0,29,91,0,120,0,6,164,0,170,0,35,255,0,290,175,0,175,465
10/20/2021,PTK,MI,AGL,CE,Towers with Radar,1,36,119,0,156,0,12,185,1,198,1,48,304,1,354,120,0,120,474
10/21/2021,PTK,MI,AGL,CE,Towers with Radar,0,34,130,2,166,0,1,8,0,9,0,35,138,2,175,30,0,30,205
10/22/2021,PTK,MI,AGL,CE,Towers with Radar,0,31,117,1,149,0,4,137,0,141,0,35,254,1,290,171,0,171,461
10/23/2021,PTK,MI,AGL,CE,Towers with Radar,0,27,90,1,118,0,1,98,0,99,0,28,188,1,217,107,0,107,324
10/24/2021,PTK,MI,AGL,CE,Towers with Radar,0,24,84,0,108,0,0,66,0,66,0,24,150,0,174,52,0,52,226
10/25/2021,PTK,MI,AGL,CE,Towers with Radar,0,35,66,0,101,0,0,0,0,0,0,35,66,0,101,0,0,0,101
10/26/2021,PTK,MI,AGL,CE,Towers with Radar,0,27,97,1,125,0,6,76,1,83,0,33,173,2,208,75,0,75,283
10/27/2021,PTK,MI,AGL,CE,Towers with Radar,0,39,104,0,143,0,4,6,0,10,0,43,110,0,153,6,0,6,159
10/28/2021,PTK,MI,AGL,CE,Towers with Radar,0,36,115,1,152,0,3,106,1,110,0,39,221,2,262,79,0,79,341
10/29/2021,PTK,MI,AGL,CE,Towers with Radar,0,31,85,0,116,0,0,0,0,0,0,31,85,0,116,0,0,0,116
10/30/2021,PTK,MI,AGL,CE,Towers with Radar,0,24,82,0,106,0,0,1,0,1,0,24,83,0,107,2,0,2,109
10/31/2021,PTK,MI,AGL,CE,Towers with Radar,0,33,130,0,163,0,1,81,0,82,0,34,211,0,245,60,0,60,305
11/01/2021,PTK,MI,AGL,CE,Towers with Radar,0,28,97,0,125,0,10,92,2,104,0,38,189,2,229,75,0,75,304
11/02/2021,PTK,MI,AGL,CE,Towers with Radar,1,33,92,0,126,0,8,107,2,117,1,41,199,2,243,133,0,133,376
11/03/2021,PTK,MI,AGL,CE,Towers with Radar,0,38,84,0,122,0,8,159,2,169,0,46,243,2,291,213,0,213,504
11/04/2021,PTK,MI,AGL,CE,Towers with Radar,0,30,92,0,122,0,1,133,0,134,0,31,225,0,256,146,0,146,402
11/05/2021,PTK,MI,AGL,CE,Towers with Radar,0,40,93,0,133,0,3,148,0,151,0,43,241,0,284,151,0,151,435
11/06/2021,PTK,MI,AGL,CE,Towers with Radar,0,24,78,1,103,0,25,168,0,193,0,49,246,1,296,62,0,62,358
11/07/2021,PTK,MI,AGL,CE,Towers with Radar,0,29,90,1,120,0,2,214,0,216,0,31,304,1,336,70,0,70,406
11/08/2021,PTK,MI,AGL,CE,Towers with Radar,0,33,93,0,126,0,4,117,0,121,0,37,210,0,247,103,0,103,350
11/09/2021,PTK,MI,AGL,CE,Towers with Radar,0,42,87,0,129,0,0,96,0,96,0,42,183,0,225,77,0,77,302
11/10/2021,PTK,MI,AGL,CE,Towers with Radar,0,44,122,0,166,0,4,152,0,156,0,48,274,0,322,108,0,108,430
11/11/2021,PTK,MI,AGL,CE,Towers with Radar,0,31,93,0,124,0,1,34,0,35,0,32,127,0,159,10,0,10,169
11/12/2021,PTK,MI,AGL,CE,Towers with Radar,0,42,78,0,120,0,0,55,0,55,0,42,133,0,175,101,0,101,276
11/13/2021,PTK,MI,AGL,CE,Towers with Radar,2,17,70,0,89,0,53,58,0,111,2,70,128,0,200,391,0,391,591
11/14/2021,PTK,MI,AGL,CE,Towers with Radar,1,38,69,0,108,0,0,0,0,0,1,38,69,0,108,0,0,0,108
11/15/2021,PTK,MI,AGL,CE,Towers with Radar,0,39,78,0,117,0,35,94,0,129,0,74,172,0,246,249,0,249,495
11/16/2021,PTK,MI,AGL,CE,Towers with Radar,0,42,98,2,142,0,4,98,0,102,0,46,196,2,244,173,0,173,417
11/17/2021,PTK,MI,AGL,CE,Towers with Radar,1,47,89,0,137,0,0,1,0,1,1,47,90,0,138,14,0,14,152
11/18/2021,PTK,MI,AGL,CE,Towers with Radar,0,56,107,0,163,0,5,43,0,48,0,61,150,0,211,180,0,180,391
11/19/2021,PTK,MI,AGL,CE,Towers with Radar,0,44,126,0,170,0,24,145,1,170,0,68,271,1,340,217,0,217,557
11/20/2021,PTK,MI,AGL,CE,Towers with Radar,0,27,98,0,125,0,2,103,0,105,0,29,201,0,230,162,0,162,392
11/21/2021,PTK,MI,AGL,CE,Towers with Radar,1,25,110,1,137,0,0,32,0,32,1,25,142,1,169,173,0,173,342
11/22/2021,PTK,MI,AGL,CE,Towers with Radar,2,44,66,0,112,0,4,75,0,79,2,48,141,0,191,157,0,157,348
11/23/2021,PTK,MI,AGL,CE,Towers with Radar,0,49,117,0,166,0,4,132,0,136,0,53,249,0,302,316,0,316,618
11/24/2021,PTK,MI,AGL,CE,Towers with Radar,0,49,76,0,125,0,1,87,0,88,0,50,163,0,213,105,0,105,318
11/25/2021,PTK,MI,AGL,CE,Towers with Radar,0,14,18,0,32,0,0,0,0,0,0,14,18,0,32,0,0,0,32
11/26/2021,PTK,MI,AGL,CE,Towers with Radar,0,34,43,0,77,0,0,47,0,47,0,34,90,0,124,159,0,159,283
11/27/2021,PTK,MI,AGL,CE,Towers with Radar,0,31,71,0,102,0,0,52,0,52,0,31,123,0,154,111,0,111,265
11/28/2021,PTK,MI,AGL,CE,Towers with Radar,0,29,110,0,139,0,0,1,0,1,0,29,111,0,140,0,0,0,140
11/29/2021,PTK,MI,AGL,CE,Towers with Radar,2,49,95,0,146,0,4,90,1,95,2,53,185,1,241,69,0,69,310
11/30/2021,PTK,MI,AGL,CE,Towers with Radar,0,44,88,2,134,0,2,36,0,38,0,46,124,2,172,209,0,209,381
12/01/2021,PTK,MI,AGL,CE,Towers with Radar,0,60,86,0,146,0,4,61,2,67,0,64,147,2,213,94,0,94,307
12/02/2021,PTK,MI,AGL,CE,Towers with Radar,0,60,82,0,142,0,0,38,0,38,0,60,120,0,180,103,0,103,283
12/03/2021,PTK,MI,AGL,CE,Towers with Radar,0,50,77,0,127,0,4,35,0,39,0,54,112,0,166,160,0,160,326
12/04/2021,PTK,MI,AGL,CE,Towers with Radar,2,28,159,0,189,0,7,308,1,316,2,35,467,1,505,22,0,22,527
12/05/2021,PTK,MI,AGL,CE,Towers with Radar,3,27,64,0,94,0,1,50,0,51,3,28,114,0,145,167,0,167,312
12/06/2021,PTK,MI,AGL,CE,Towers with Radar,2,33,49,0,84,0,0,4,0,4,2,33,53,0,88,0,0,0,88
12/07/2021,PTK,MI,AGL,CE,Towers with Radar,2,41,80,0,123,0,2,79,0,81,2,43,159,0,204,395,0,395,599
12/08/2021,PTK,MI,AGL,CE,Towers with Radar,0,39,90,0,129,0,9,92,1,102,0,48,182,1,231,342,0,342,573
12/09/2021,PTK,MI,AGL,CE,Towers with Radar,1,36,94,0,131,0,0,60,0,60,1,36,154,0,191,155,0,155,346
12/10/2021,PTK,MI,AGL,CE,Towers with Radar,1,37,79,0,117,0,3,71,1,75,1,40,150,1,192,237,0,237,429
12/11/2021,PTK,MI,AGL,CE,Towers with Radar,0,27,23,0,50,0,0,0,0,0,0,27,23,0,50,0,0,0,50
12/12/2021,PTK,MI,AGL,CE,Towers with Radar,0,33,66,0,99,0,1,118,0,119,0,34,184,0,218,183,0,183,401
12/13/2021,PTK,MI,AGL,CE,Towers with Radar,0,38,93,0,131,0,5,96,0,101,0,43,189,0,232,200,0,200,432
12/14/2021,PTK,MI,AGL,CE,Towers with Radar,0,46,90,0,136,0,1,119,0,120,0,47,209,0,256,277,0,277,533
12/15/2021,PTK,MI,AGL,CE,Towers with Radar,0,40,104,0,144,0,1,9,1,11,0,41,113,1,155,48,0,48,203
12/16/2021,PTK,MI,AGL,CE,Towers with Radar,0,49,59,0,108,0,0,1,0,1,0,49,60,0,109,0,0,0,109
12/17/2021,PTK,MI,AGL,CE,Towers with Radar,0,52,105,0,157,0,6,156,1,163,0,58,261,1,320,172,0,172,492
12/18/2021,PTK,MI,AGL,CE,Towers with Radar,2,28,58,0,88,0,1,0,0,1,2,29,58,0,89,13,0,13,102
12/19/2021,PTK,MI,AGL,CE,Towers with Radar,0,36,71,0,107,0,0,65,0,65,0,36,136,0,172,245,0,245,417
12/20/2021,PTK,MI,AGL,CE,Towers with Radar,0,30,74,0,104,0,5,68,0,73,0,35,142,0,177,171,0,171,348
12/21/2021,PTK,MI,AGL,CE,Towers with Radar,0,42,76,0,118,0,1,38,0,39,0,43,114,0,157,289,0,289,446
12/22/2021,PTK,MI,AGL,CE,Towers with Radar,0,45,78,0,123,0,1,62,0,63,0,46,140,0,186,350,0,350,536
12/23/2021,PTK,MI,AGL,CE,Towers with Radar,0,32,85,0,117,0,2,41,0,43,0,34,126,0,160,85,0,85,245
12/24/2021,PTK,MI,AGL,CE,Towers with Radar,2,18,19,0,39,0,0,5,0,5,2,18,24,0,44,59,0,59,103
12/25/2021,PTK,MI,AGL,CE,Towers with Radar,0,19,24,0,43,0,0,1,0,1,0,19,25,0,44,0,0,0,44
12/26/2021,PTK,MI,AGL,CE,Towers with Radar,0,34,120,0,154,0,0,109,0,109,0,34,229,0,263,153,0,153,416
12/27/2021,PTK,MI,AGL,CE,Towers with Radar,0,20,63,0,83,0,0,0,0,0,0,20,63,0,83,0,0,0,83
12/28/2021,PTK,MI,AGL,CE,Towers with Radar,0,31,71,0,102,0,1,54,0,55,0,32,125,0,157,178,0,178,335
12/29/2021,PTK,MI,AGL,CE,Towers with Radar,0,28,52,0,80,0,0,6,0,6,0,28,58,0,86,32,0,32,118
12/30/2021,PTK,MI,AGL,CE,Towers with Radar,0,34,66,0,100,0,1,38,0,39,0,35,104,0,139,195,0,195,334
12/31/2021,PTK,MI,AGL,CE,Towers with Radar,0,27,41,0,68,0,0,12,0,12,0,27,53,0,80,51,0,51,131
01/01/2022,PTK,MI,AGL,CE,Towers with Radar,0,10,25,0,35,0,0,0,0,0,0,10,25,0,35,0,0,0,35
01/02/2022,PTK,MI,AGL,CE,Towers with Radar,0,23,118,0,141,0,0,30,0,30,0,23,148,0,171,18,0,18,189
01/03/2022,PTK,MI,AGL,CE,Towers with Radar,1,43,98,0,142,0,2,82,4,88,1,45,180,4,230,301,0,301,531
01/04/2022,PTK,MI,AGL,CE,Towers with Radar,3,42,58,0,103,0,7,103,5,115,3,49,161,5,218,80,0,80,298
01/05/2022,PTK,MI,AGL,CE,Towers with Radar,2,24,47,2,75,0,0,2,0,2,2,24,49,2,77,25,0,25,102
01/06/2022,PTK,MI,AGL,CE,Towers with Radar,1,29,44,0,74,0,0,0,0,0,1,29,44,0,74,19,0,19,93
01/07/2022,PTK,MI,AGL,CE,Towers with Radar,0,23,41,0,64,0,2,95,2,99,0,25,136,2,163,142,0,142,305
01/08/2022,PTK,MI,AGL,CE,Towers with Radar,1,16,36,0,53,0,1,109,0,110,1,17,145,0,163,83,0,83,246
01/09/2022,PTK,MI,AGL,CE,Towers with Radar,1,25,56,0,82,0,0,18,0,18,1,25,74,0,100,55,0,55,155
01/10/2022,PTK,MI,AGL,CE,Towers with Radar,1,17,55,0,73,0,2,42,0,44,1,19,97,0,117,82,0,82,199
01/11/2022,PTK,MI,AGL,CE,Towers with Radar,1,23,75,0,99,0,0,87,0,87,1,23,162,0,186,134,0,134,320
01/12/2022,PTK,MI,AGL,CE,Towers with Radar,1,25,67,0,93,0,1,25,0,26,1,26,92,0,119,194,0,194,313
01/13/2022,PTK,MI,AGL,CE,Towers with Radar,3,47,76,0,126,0,0,4,0,4,3,47,80,0,130,24,0,24,154
01/14/2022,PTK,MI,AGL,CE,Towers with Radar,3,33,63,0,99,0,4,27,0,31,3,37,90,0,130,106,0,106,236
01/15/2022,PTK,MI,AGL,CE,Towers with Radar,0,15,40,0,55,0,4,115,0,119,0,19,155,0,174,168,0,168,342
01/16/2022,PTK,MI,AGL,CE,Towers with Radar,1,25,57,0,83,0,0,154,0,154,1,25,211,0,237,172,0,172,409
01/17/2022,PTK,MI,AGL,CE,Towers with Radar,0,30,90,0,120,0,0,16,0,16,0,30,106,0,136,76,0,76,212
01/18/2022,PTK,MI,AGL,CE,Towers with Radar,3,27,63,0,93,0,3,30,0,33,3,30,93,0,126,266,0,266,392
01/19/2022,PTK,MI,AGL,CE,Towers with Radar,4,39,60,0,103,0,0,33,0,33,4,39,93,0,136,88,0,88,224
01/20/2022,PTK,MI,AGL,CE,Towers with Radar,0,38,77,0,115,0,13,49,0,62,0,51,126,0,177,111,0,111,288
01/21/2022,PTK,MI,AGL,CE,Towers with Radar,0,33,78,0,111,0,9,141,1,151,0,42,219,1,262,257,0,257,519
01/22/2022,PTK,MI,AGL,CE,Towers with Radar,0,22,41,0,63,0,1,29,0,30,0,23,70,0,93,106,0,106,199
01/23/2022,PTK,MI,AGL,CE,Towers with Radar,0,27,63,0,90,0,1,60,0,61,0,28,123,0,151,77,0,77,228
01/24/2022,PTK,MI,AGL,CE,Towers with Radar,1,27,50,0,78,0,0,0,0,0,1,27,50,0,78,0,0,0,78
01/25/2022,PTK,MI,AGL,CE,Towers with Radar,0,27,79,1,107,0,4,75,0,79,0,31,154,1,186,356,0,356,542
01/26/2022,PTK,MI,AGL,CE,Towers with Radar,0,47,64,0,111,0,1,116,2,119,0,48,180,2,230,254,8,262,492
01/27/2022,PTK,MI,AGL,CE,Towers with Radar,0,30,63,0,93,0,0,32,0,32,0,30,95,0,125,185,0,185,310
01/28/2022,PTK,MI,AGL,CE,Towers with Radar,0,41,67,0,108,0,8,103,0,111,0,49,170,0,219,216,0,216,435
01/29/2022,PTK,MI,AGL,CE,Towers with Radar,1,7,72,0,80,0,0,125,0,125,1,7,197,0,205,243,0,243,448
01/30/2022,PTK,MI,AGL,CE,Towers with Radar,0,25,74,0,99,0,0,80,0,80,0,25,154,0,179,152,0,152,331
01/31/2022,PTK,MI,AGL,CE,Towers with Radar,0,40,66,0,106,0,0,91,0,91,0,40,157,0,197,208,0,208,405
02/01/2022,PTK,MI,AGL,CE,Towers with Radar,0,45,80,3,128,0,3,61,2,66,0,48,141,5,194,47,0,47,241
02/02/2022,PTK,MI,AGL,CE,Towers with Radar,0,17,20,0,37,0,0,0,0,0,0,17,20,0,37,0,0,0,37
02/03/2022,PTK,MI,AGL,CE,Towers with Radar,0,31,27,0,58,0,0,3,0,3,0,31,30,0,61,6,0,6,67
02/04/2022,PTK,MI,AGL,CE,Towers with Radar,0,25,62,0,87,0,10,65,2,77,0,35,127,2,164,219,0,219,383
02/05/2022,PTK,MI,AGL,CE,Towers with Radar,0,19,45,1,65,0,0,122,0,122,0,19,167,1,187,223,0,223,410
02/06/2022,PTK,MI,AGL,CE,Towers with Radar,0,28,75,0,103,0,2,97,0,99,0,30,172,0,202,144,0,144,346
02/07/2022,PTK,MI,AGL,CE,Towers with Radar,0,35,53,1,89,0,0,5,0,5,0,35,58,1,94,0,0,0,94
02/08/2022,PTK,MI,AGL,CE,Towers with Radar,2,35,80,3,120,0,2,118,3,123,2,37,198,6,243,269,0,269,512
02/09/2022,PTK,MI,AGL,CE,Towers with Radar,0,37,92,0,129,0,3,73,1,77,0,40,165,1,206,205,0,205,411
02/10/2022,PTK,MI,AGL,CE,Towers with Radar,0,32,83,1,116,0,0,9,0,9,0,32,92,1,125,93,0,93,218
02/11/2022,PTK,MI,AGL,CE,Towers with Radar,1,25,48,0,74,0,0,0,0,0,1,25,48,0,74,0,0,0,74
02/12/2022,PTK,MI,AGL,CE,Towers with Radar,0,13,73,0,86,0,0,68,0,68,0,13,141,0,154,212,0,212,366
02/13/2022,PTK,MI,AGL,CE,Towers with Radar,0,20,42,0,62,0,0,17,0,17,0,20,59,0,79,107,0,107,186
02/14/2022,PTK,MI,AGL,CE,Towers with Radar,0,32,75,0,107,0,3,77,1,81,0,35,152,1,188,168,0,168,356
02/15/2022,PTK,MI,AGL,CE,Towers with Radar,0,27,108,2,137,0,0,96,1,97,0,27,204,3,234,201,0,201,435
02/16/2022,PTK,MI,AGL,CE,Towers with Radar,1,38,74,0,113,0,2,10,0,12,1,40,84,0,125,8,0,8,133
02/17/2022,PTK,MI,AGL,CE,Towers with Radar,0,30,53,0,83,0,0,0,0,0,0,30,53,0,83,0,0,0,83
02/18/2022,PTK,MI,AGL,CE,Towers with Radar,0,45,89,0,134,0,6,73,0,79,0,51,162,0,213,120,0,120,333
02/19/2022,PTK,MI,AGL,CE,Towers with Radar,0,21,70,0,91,0,0,18,0,18,0,21,88,0,109,3,0,3,112
02/20/2022,PTK,MI,AGL,CE,Towers with Radar,0,19,59,0,78,0,0,5,0,5,0,19,64,0,83,11,0,11,94
02/21/2022,PTK,MI,AGL,CE,Towers with Radar,1,39,93,0,133,0,3,93,0,96,1,42,186,0,229,201,0,201,430
02/22/2022,PTK,MI,AGL,CE,Towers with Radar,2,34,64,0,100,0,0,0,0,0,2,34,64,0,100,0,0,0,100
02/23/2022,PTK,MI,AGL,CE,Towers with Radar,1,39,83,0,123,0,0,50,0,50,1,39,133,0,173,90,0,90,263
02/24/2022,PTK,MI,AGL,CE,Towers with Radar,2,38,90,0,130,0,7,68,2,77,2,45,158,2,207,205,0,205,412
02/25/2022,PTK,MI,AGL,CE,Towers with Radar,1,41,61,0,103,0,0,20,0,20,1,41,81,0,123,114,0,114,237
02/26/2022,PTK,MI,AGL,CE,Towers with Radar,0,26,79,0,105,0,0,86,0,86,0,26,165,0,191,230,0,230,421
02/27/2022,PTK,MI,AGL,CE,Towers with Radar,1,15,96,0,112,0,0,66,0,66,1,15,162,0,178,219,0,219,397
02/28/2022,PTK,MI,AGL,CE,Towers with Radar,1,25,80,0,106,0,6,116,0,122,1,31,196,0,228,136,0,136,364
03/01/2022,PTK,MI,AGL,CE,Towers with Radar,1,29,87,0,117,0,6,99,1,106,1,35,186,1,223,158,0,158,381
03/02/2022,PTK,MI,AGL,CE,Towers with Radar,1,32,98,1,132,0,5,63,2,70,1,37,161,3,202,267,0,267,469
03/03/2022,PTK,MI,AGL,CE,Towers with Radar,0,27,82,2,111,0,5,81,2,88,0,32,163,4,199,109,0,109,308
03/04/2022,PTK,MI,AGL,CE,Towers with Radar,1,45,90,2,138,0,21,114,3,138,1,66,204,5,276,190,0,190,466
03/05/2022,PTK,MI,AGL,CE,Towers with Radar,1,15,58,0,74,0,5,143,1,149,1,20,201,1,223,267,0,267,490
03/06/2022,PTK,MI,AGL,CE,Towers with Radar,0,28,63,0,91,0,0,6,0,6,0,28,69,0,97,23,0,23,120
03/07/2022,PTK,MI,AGL,CE,Towers with Radar,1,24,43,0,68,0,2,0,0,2,1,26,43,0,70,0,0,0,70
03/08/2022,PTK,MI,AGL,CE,Towers with Radar,2,37,87,0,126,0,3,107,1,111,2,40,194,1,237,234,0,234,471
03/09/2022,PTK,MI,AGL,CE,Towers with Radar,1,29,84,0,114,0,1,114,0,115,1,30,198,0,229,294,0,294,523
03/10/2022,PTK,MI,AGL,CE,Towers with Radar,1,26,70,1,98,0,5,79,0,84,1,31,149,1,182,166,0,166,348
03/11/2022,PTK,MI,AGL,CE,Towers with Radar,2,29,69,1,101,0,2,22,0,24,2,31,91,1,125,51,0,51,176
03/12/2022,PTK,MI,AGL,CE,Towers with Radar,3,19,50,0,72,0,0,54,0,54,3,19,104,0,126,147,0,147,273
03/13/2022,PTK,MI,AGL,CE,Towers with Radar,1,25,70,0,96,0,0,28,0,28,1,25,98,0,124,86,0,86,210
03/14/2022,PTK,MI,AGL,CE,Towers with Radar,1,39,71,0,111,0,3,95,0,98,1,42,166,0,209,92,0,92,301
03/15/2022,PTK,MI,AGL,CE,Towers with Radar,2,27,54,0,83,0,5,89,0,94,2,32,143,0,177,304,0,304,481
03/16/2022,PTK,MI,AGL,CE,Towers with Radar,0,46,71,0,117,0,1,118,0,119,0,47,189,0,236,275,0,275,511
03/17/2022,PTK,MI,AGL,CE,Towers with Radar,0,34,87,1,122,0,2,137,0,139,0,36,224,1,261,216,0,216,477
03/18/2022,PTK,MI,AGL,CE,Towers with Radar,2,39,73,1,115,0,2,50,1,53,2,41,123,2,168,131,0,131,299
03/19/2022,PTK,MI,AGL,CE,Towers with Radar,1,30,52,0,83,0,0,0,0,0,1,30,52,0,83,0,0,0,83
03/20/2022,PTK,MI,AGL,CE,Towers with Radar,0,29,93,0,122,0,0,209,0,209,0,29,302,0,331,215,0,215,546
03/21/2022,PTK,MI,AGL,CE,Towers with Radar,2,46,87,0,135,0,2,110,1,113,2,48,197,1,248,268,0,268,516
03/22/2022,PTK,MI,AGL,CE,Towers with Radar,0,39,80,0,119,0,5,71,0,76,0,44,151,0,195,191,0,191,386
03/23/2022,PTK,MI,AGL,CE,Towers with Radar,1,37,69,0,107,0,0,2,0,2,1,37,71,0,109,7,0,7,116
03/24/2022,PTK,MI,AGL,CE,Towers with Radar,0,38,72,0,110,0,0,6,0,6,0,38,78,0,116,156,0,156,272
03/25/2022,PTK,MI,AGL,CE,Towers with Radar,0,49,91,0,140,0,0,31,0,31,0,49,122,0,171,101,0,101,272
03/26/2022,PTK,MI,AGL,CE,Towers with Radar,4,21,55,0,80,0,0,11,0,11,4,21,66,0,91,48,0,48,139
03/27/2022,PTK,MI,AGL,CE,Towers with Radar,0,35,66,0,101,0,1,58,0,59,0,36,124,0,160,99,0,99,259
03/28/2022,PTK,MI,AGL,CE,Towers with Radar,2,35,54,0,91,0,3,69,0,72,2,38,123,0,163,164,0,164,327
03/29/2022,PTK,MI,AGL,CE,Towers with Radar,2,24,71,1,98,0,1,131,0,132,2,25,202,1,230,244,0,244,474
03/30/2022,PTK,MI,AGL,CE,Towers with Radar,3,29,64,0,96,0,4,19,0,23,3,33,83,0,119,125,0,125,244
03/31/2022,PTK,MI,AGL,CE,Towers with Radar,3,38,49,0,90,0,0,5,0,5,3,38,54,0,95,73,0,73,168
04/01/2022,PTK,MI,AGL,CE,Towers with Radar,2,36,74,0,112,0,4,35,0,39,2,40,109,0,151,143,0,143,294
04/02/2022,PTK,MI,AGL,CE,Towers with Radar,0,32,93,0,125,0,0,185,0,185,0,32,278,0,310,179,0,179,489
04/03/2022,PTK,MI,AGL,CE,Towers with Radar,0,41,100,0,141,0,0,55,0,55,0,41,155,0,196,164,0,164,360
04/04/2022,PTK,MI,AGL,CE,Towers with Radar,1,43,56,0,100,0,0,0,0,0,1,43,56,0,100,0,0,0,100
04/05/2022,PTK,MI,AGL,CE,Towers with Radar,0,36,85,0,121,0,1,70,0,71,0,37,155,0,192,310,0,310,502
04/06/2022,PTK,MI,AGL,CE,Towers with Radar,3,40,72,0,115,0,0,4,0,4,3,40,76,0,119,12,0,12,131
04/07/2022,PTK,MI,AGL,CE,Towers with Radar,3,41,89,0,133,0,3,67,0,70,3,44,156,0,203,137,0,137,340
04/08/2022,PTK,MI,AGL,CE,Towers with Radar,1,39,77,0,117,0,0,10,0,10,1,39,87,0,127,98,0,98,225
04/09/2022,PTK,MI,AGL,CE,Towers with Radar,1,21,53,0,75,0,2,91,0,93,1,23,144,0,168,513,0,513,681
04/10/2022,PTK,MI,AGL,CE,Towers with Radar,0,23,87,0,110,0,20,239,0,259,0,43,326,0,369,302,0,302,671
04/11/2022,PTK,MI,AGL,CE,Towers with Radar,0,36,85,0,121,0,7,88,2,97,0,43,173,2,218,155,0,155,373
04/12/2022,PTK,MI,AGL,CE,Towers with Radar,2,34,102,2,140,0,6,167,2,175,2,40,269,4,315,231,0,231,546
04/13/2022,PTK,MI,AGL,CE,Towers with Radar,2,33,67,0,102,0,3,6,2,11,2,36,73,2,113,55,0,55,168
04/14/2022,PTK,MI,AGL,CE,Towers with Radar,1,36,93,0,130,0,3,28,4,35,1,39,121,4,165,32,0,32,197
04/15/2022,PTK,MI,AGL,CE,Towers with Radar,0,33,45,0,78,0,0,10,0,10,0,33,55,0,88,25,0,25,113
04/16/2022,PTK,MI,AGL,CE,Towers with Radar,0,11,55,0,66,0,3,161,0,164,0,14,216,0,230,225,0,225,455
04/17/2022,PTK,MI,AGL,CE,Towers with Radar,2,15,38,0,55,0,2,110,0,112,2,17,148,0,167,113,0,113,280
04/18/2022,PTK,MI,AGL,CE,Towers with Radar,1,30,69,1,101,0,5,13,2,20,1,35,82,3,121,99,0,99,220
04/19/2022,PTK,MI,AGL,CE,Towers with Radar,1,26,69,0,96,0,1,38,0,39,1,27,107,0,135,170,0,170,305
04/20/2022,PTK,MI,AGL,CE,Towers with Radar,1,38,108,0,147,0,7,154,0,161,1,45,262,0,308,248,0,248,556
04/21/2022,PTK,MI,AGL,CE,Towers with Radar,1,39,83,0,123,0,1,43,0,44,1,40,126,0,167,47,0,47,214
04/22/2022,PTK,MI,AGL,CE,Towers with Radar,0,34,96,0,130,0,4,84,2,90,0,38,180,2,220,189,0,189,409
04/23/2022,PTK,MI,AGL,CE,Towers with Radar,2,9,83,0,94,0,1,228,0,229,2,10,311,0,323,146,0,146,469
04/24/2022,PTK,MI,AGL,CE,Towers with Radar,0,23,83,0,106,0,0,84,0,84,0,23,167,0,190,119,0,119,309
04/25/2022,PTK,MI,AGL,CE,Towers with Radar,3,37,88,0,128,0,6,63,0,69,3,43,151,0,197,227,0,227,424
04/26/2022,PTK,MI,AGL,CE,Towers with Radar,1,29,65,0,95,0,5,77,0,82,1,34,142,0,177,409,0,409,586
04/27/2022,PTK,MI,AGL,CE,Towers with Radar,1,40,81,0,122,0,12,60,0,72,1,52,141,0,194,313,0,313,507
04/28/2022,PTK,MI,AGL,CE,Towers with Radar,2,37,91,0,130,0,7,164,0,171,2,44,255,0,301,336,0,336,637
04/29/2022,PTK,MI,AGL,CE,Towers with Radar,0,26,86,0,112,0,2,120,2,124,0,28,206,2,236,208,0,208,444
04/30/2022,PTK,MI,AGL,CE,Towers with Radar,1,24,68,0,93,0,1,139,0,140,1,25,207,0,233,288,0,288,521
05/01/2022,PTK,MI,AGL,CE,Towers with Radar,0,26,101,0,127,0,0,43,0,43,0,26,144,0,170,186,0,186,356
05/02/2022,PTK,MI,AGL,CE,Towers with Radar,3,31,79,0,113,0,2,49,0,51,3,33,128,0,164,152,0,152,316
05/03/2022,PTK,MI,AGL,CE,Towers with Radar,0,38,56,0,94,0,1,11,1,13,0,39,67,1,107,63,0,63,170
05/04/2022,PTK,MI,AGL,CE,Towers with Radar,1,44,126,1,172,0,0,69,0,69,1,44,195,1,241,243,0,243,484
05/05/2022,PTK,MI,AGL,CE,Towers with Radar,1,41,118,0,160,0,20,151,2,173,1,61,269,2,333,290,0,290,623
05/06/2022,PTK,MI,AGL,CE,Towers with Radar,1,43,86,0,130,0,3,63,0,66,1,46,149,0,196,143,0,143,339
05/07/2022,PTK,MI,AGL,CE,Towers with Radar,0,20,81,0,101,0,9,132,2,143,0,29,213,2,244,185,0,185,429
05/08/2022,PTK,MI,AGL,CE,Towers with Radar,2,40,70,0,112,0,0,121,0,121,2,40,191,0,233,356,0,356,589
05/09/2022,PTK,MI,AGL,CE,Towers with Radar,2,37,94,0,133,0,3,116,2,121,2,40,210,2,254,126,0,126,380
05/10/2022,PTK,MI,AGL,CE,Towers with Radar,2,35,71,0,108,0,5,156,4,165,2,40,227,4,273,186,0,186,459
05/11/2022,PTK,MI,AGL,CE,Towers with Radar,2,44,106,0,152,0,6,141,2,149,2,50,247,2,301,193,0,193,494
05/12/2022,PTK,MI,AGL,CE,Towers with Radar,4,34,106,1,145,0,12,152,5,169,4,46,258,6,314,266,0,266,580
05/13/2022,PTK,MI,AGL,CE,Towers with Radar,0,40,79,0,119,0,7,145,0,152,0,47,224,0,271,249,0,249,520
05/14/2022,PTK,MI,AGL,CE,Towers with Radar,0,24,53,0,77,0,5,95,0,100,0,29,148,0,177,201,0,201,378
05/15/2022,PTK,MI,AGL,CE,Towers with Radar,2,37,95,0,134,0,1,112,0,113,2,38,207,0,247,247,0,247,494
05/16/2022,PTK,MI,AGL,CE,Towers with Radar,0,42,77,0,119,0,7,87,2,96,0,49,164,2,215,164,0,164,379
05/17/2022,PTK,MI,AGL,CE,Towers with Radar,0,35,99,0,134,0,4,149,0,153,0,39,248,0,287,230,0,230,517
05/18/2022,PTK,MI,AGL,CE,Towers with Radar,1,37,93,0,131,0,0,30,2,32,1,37,123,2,163,102,0,102,265
05/19/2022,PTK,MI,AGL,CE,Towers with Radar,1,42,74,0,117,0,10,97,0,107,1,52,171,0,224,248,0,248,472
05/20/2022,PTK,MI,AGL,CE,Towers with Radar,0,33,79,0,112,0,7,50,4,61,0,40,129,4,173,140,0,140,313
05/21/2022,PTK,MI,AGL,CE,Towers with Radar,0,7,57,0,64,0,0,36,0,36,0,7,93,0,100,119,0,119,219
05/22/2022,PTK,MI,AGL,CE,Towers with Radar,0,26,115,0,141,0,0,69,0,69,0,26,184,0,210,269,0,269,479
05/23/2022,PTK,MI,AGL,CE,Towers with Radar,1,33,79,0,113,0,9,121,2,132,1,42,200,2,245,358,0,358,603
05/24/2022,PTK,MI,AGL,CE,Towers with Radar,2,41,79,0,122,0,5,172,0,177,2,46,251,0,299,298,0,298,597
05/25/2022,PTK,MI,AGL,CE,Towers with Radar,3,44,78,0,125,0,5,65,2,72,3,49,143,2,197,144,0,144,341
05/26/2022,PTK,MI,AGL,CE,Towers with Radar,1,42,79,0,122,0,1,8,0,9,1,43,87,0,131,94,0,94,225
05/27/2022,PTK,MI,AGL,CE,Towers with Radar,1,37,90,0,128,0,2,8,0,10,1,39,98,0,138,87,0,87,225
05/28/2022,PTK,MI,AGL,CE,Towers with Radar,0,21,66,0,87,0,0,155,0,155,0,21,221,0,242,282,0,282,524
05/29/2022,PTK,MI,AGL,CE,Towers with Radar,2,15,43,0,60,0,0,121,0,121,2,15,164,0,181,212,0,212,393
05/30/2022,PTK,MI,AGL,CE,Towers with Radar,0,19,81,0,100,0,0,64,0,64,0,19,145,0,164,42,0,42,206
05/31/2022,PTK,MI,AGL,CE,Towers with Radar,0,35,86,0,121,0,3,117,0,120,0,38,203,0,241,295,0,295,536
06/01/2022,PTK,MI,AGL,CE,Towers with Radar,0,31,76,0,107,0,7,109,3,119,0,38,185,3,226,318,0,318,544
06/02/2022,PTK,MI,AGL,CE,Towers with Radar,0,29,105,2,136,0,11,127,4,142,0,40,232,6,278,376,0,376,654
06/03/2022,PTK,MI,AGL,CE,Towers with Radar,0,37,85,1,123,0,6,81,0,87,0,43,166,1,210,193,0,193,403
06/04/2022,PTK,MI,AGL,CE,Towers with Radar,1,16,57,5,79,0,1,191,2,194,1,17,248,7,273,358,0,358,631
06/05/2022,PTK,MI,AGL,CE,Towers with Radar,0,19,76,0,95,0,1,89,0,90,0,20,165,0,185,240,0,240,425
06/06/2022,PTK,MI,AGL,CE,Towers with Radar,2,24,74,0,100,0,10,64,4,78,2,34,138,4,178,157,0,157,335
06/07/2022,PTK,MI,AGL,CE,Towers with Radar,2,19,86,0,107,0,2,67,0,69,2,21,153,0,176,348,0,348,524
06/08/2022,PTK,MI,AGL,CE,Towers with Radar,0,37,94,0,131,0,1,93,6,100,0,38,187,6,231,189,0,189,420
06/09/2022,PTK,MI,AGL,CE,Towers with Radar,2,41,93,0,136,0,6,74,1,81,2,47,167,1,217,180,0,180,397
06/10/2022,PTK,MI,AGL,CE,Towers with Radar,2,35,99,0,136,0,11,117,1,129,2,46,216,1,265,259,0,259,524
06/11/2022,PTK,MI,AGL,CE,Towers with Radar,0,16,47,1,64,0,1,209,0,210,0,17,256,1,274,271,0,271,545
06/12/2022,PTK,MI,AGL,CE,Towers with Radar,2,32,96,3,133,0,0,109,1,110,2,32,205,4,243,228,0,228,471
06/13/2022,PTK,MI,AGL,CE,Towers with Radar,0,29,79,0,108,0,4,95,0,99,0,33,174,0,207,56,0,56,263
06/14/2022,PTK,MI,AGL,CE,Towers with Radar,4,33,90,0,127,0,8,123,0,131,4,41,213,0,258,192,0,192,450
06/15/2022,PTK,MI,AGL,CE,Towers with Radar,2,25,89,1,117,0,2,112,1,115,2,27,201,2,232,141,0,141,373
06/16/2022,PTK,MI,AGL,CE,Towers with Radar,2,30,90,0,122,0,3,95,0,98,2,33,185,0,220,97,0,97,317
06/17/2022,PTK,MI,AGL,CE,Towers with Radar,1,34,88,0,123,0,5,131,1,137,1,39,219,1,260,145,0,145,405
06/18/2022,PTK,MI,AGL,CE,Towers with Radar,1,23,54,0,78,0,2,165,0,167,1,25,219,0,245,98,0,98,343
06/19/2022,PTK,MI,AGL,CE,Towers with Radar,1,18,71,0,90,0,0,138,0,138,1,18,209,0,228,265,0,265,493
06/20/2022,PTK,MI,AGL,CE,Towers with Radar,1,40,82,0,123,0,0,85,0,85,1,40,167,0,208,257,0,257,465
06/21/2022,PTK,MI,AGL,CE,Towers with Radar,1,34,95,0,130,0,10,100,2,112,1,44,195,2,242,263,0,263,505
06/22/2022,PTK,MI,AGL,CE,Towers with Radar,1,49,92,0,142,0,3,100,0,103,1,52,192,0,245,225,0,225,470
06/23/2022,PTK,MI,AGL,CE,Towers with Radar,0,48,82,0,130,0,7,136,1,144,0,55,218,1,274,322,0,322,596
06/24/2022,PTK,MI,AGL,CE,Towers with Radar,0,41,88,1,130,0,6,130,2,138,0,47,218,3,268,357,0,357,625
06/25/2022,PTK,MI,AGL,CE,Towers with Radar,0,16,70,0,86,0,3,158,3,164,0,19,228,3,250,309,0,309,559
06/26/2022,PTK,MI,AGL,CE,Towers with Radar,0,27,93,1,121,0,4,75,0,79,0,31,168,1,200,214,0,214,414
06/27/2022,PTK,MI,AGL,CE,Towers with Radar,2,42,85,2,131,0,0,128,0,128,2,42,213,2,259,212,0,212,471
06/28/2022,PTK,MI,AGL,CE,Towers with Radar,1,37,103,0,141,0,3,143,2,148,1,40,246,2,289,307,0,307,596
06/29/2022,PTK,MI,AGL,CE,Towers with Radar,0,37,93,0,130,0,18,93,2,113,0,55,186,2,243,324,0,324,567
06/30/2022,PTK,MI,AGL,CE,Towers with Radar,2,52,91,0,145,0,3,126,0,129,2,55,217,0,274,192,0,192,466
07/01/2022,PTK,MI,AGL,CE,Towers with Radar,3,33,120,0,156,0,3,70,0,73,3,36,190,0,229,199,0,199,428
07/02/2022,PTK,MI,AGL,CE,Towers with Radar,0,14,58,0,72,0,0,192,0,192,0,14,250,0,264,243,0,243,507
07/03/2022,PTK,MI,AGL,CE,Towers with Radar,2,19,33,0,54,0,0,90,0,90,2,19,123,0,144,153,0,153,297
07/04/2022,PTK,MI,AGL,CE,Towers with Radar,0,17,49,0,66,0,0,46,9,55,0,17,95,9,121,47,0,47,168
07/05/2022,PTK,MI,AGL,CE,Towers with Radar,0,29,68,1,98,2,0,81,0,83,2,29,149,1,181,259,0,259,440
07/06/2022,PTK,MI,AGL,CE,Towers with Radar,0,31,72,2,105,0,0,65,0,65,0,31,137,2,170,453,0,453,623
07/07/2022,PTK,MI,AGL,CE,Towers with Radar,0,25,89,0,114,0,2,147,5,154,0,27,236,5,268,387,0,387,655
07/08/2022,PTK,MI,AGL,CE,Towers with Radar,0,25,98,0,123,0,1,99,2,102,0,26,197,2,225,131,0,131,356
07/09/2022,PTK,MI,AGL,CE,Towers with Radar,0,13,73,0,86,0,1,242,0,243,0,14,315,0,329,152,0,152,481
07/10/2022,PTK,MI,AGL,CE,Towers with Radar,0,19,99,0,118,0,0,190,0,190,0,19,289,0,308,272,0,272,580
07/11/2022,PTK,MI,AGL,CE,Towers with Radar,0,39,73,0,112,0,2,91,1,94,0,41,164,1,206,157,0,157,363
07/12/2022,PTK,MI,AGL,CE,Towers with Radar,2,31,88,0,121,0,4,89,0,93,2,35,177,0,214,202,0,202,416
07/13/2022,PTK,MI,AGL,CE,Towers with Radar,2,35,101,0,138,0,0,69,0,69,2,35,170,0,207,234,0,234,441
07/14/2022,PTK,MI,AGL,CE,Towers with Radar,3,38,107,0,148,0,4,164,0,168,3,42,271,0,316,339,0,339,655
07/15/2022,PTK,MI,AGL,CE,Towers with Radar,2,29,96,0,127,0,3,162,2,167,2,32,258,2,294,172,0,172,466
07/16/2022,PTK,MI,AGL,CE,Towers with Radar,0,12,80,0,92,0,2,78,0,80,0,14,158,0,172,271,0,271,443
07/17/2022,PTK,MI,AGL,CE,Towers with Radar,0,21,94,0,115,0,0,54,0,54,0,21,148,0,169,161,0,161,330
07/18/2022,PTK,MI,AGL,CE,Towers with Radar,0,32,96,0,128,0,0,112,0,112,0,32,208,0,240,267,0,267,507
07/19/2022,PTK,MI,AGL,CE,Towers with Radar,2,35,81,1,119,0,20,144,1,165,2,55,225,2,284,214,0,214,498
07/20/2022,PTK,MI,AGL,CE,Towers with Radar,0,35,99,0,134,0,8,48,2,58,0,43,147,2,192,52,0,52,244
07/21/2022,PTK,MI,AGL,CE,Towers with Radar,2,42,108,0,152,0,5,116,1,122,2,47,224,1,274,195,0,195,469
07/22/2022,PTK,MI,AGL,CE,Towers with Radar,2,45,92,0,139,0,1,142,0,143,2,46,234,0,282,177,0,177,459
07/23/2022,PTK,MI,AGL,CE,Towers with Radar,0,20,98,0,118,0,2,107,0,109,0,22,205,0,227,253,0,253,480
07/24/2022,PTK,MI,AGL,CE,Towers with Radar,0,26,90,0,116,0,0,27,0,27,0,26,117,0,143,23,0,23,166
07/25/2022,PTK,MI,AGL,CE,Towers with Radar,1,40,90,0,131,0,5,136,0,141,1,45,226,0,272,222,0,222,494
07/26/2022,PTK,MI,AGL,CE,Towers with Radar,0,35,97,1,133,2,36,137,7,182,2,71,234,8,315,373,0,373,688
07/27/2022,PTK,MI,AGL,CE,Towers with Radar,0,57,113,1,171,0,1,67,0,68,0,58,180,1,239,152,0,152,391
07/28/2022,PTK,MI,AGL,CE,Towers with Radar,1,55,110,1,167,0,8,109,3,120,1,63,219,4,287,295,0,295,582
07/29/2022,PTK,MI,AGL,CE,Towers with Radar,2,45,92,1,140,0,4,150,1,155,2,49,242,2,295,291,0,291,586
07/30/2022,PTK,MI,AGL,CE,Towers with Radar,1,20,68,0,89,0,0,160,1,161,1,20,228,1,250,251,0,251,501
07/31/2022,PTK,MI,AGL,CE,Towers with Radar,0,22,90,0,112,0,0,151,0,151,0,22,241,0,263,139,0,139,402
08/01/2022,PTK,MI,AGL,CE,Towers with Radar,0,34,81,1,116,0,0,44,5,49,0,34,125,6,165,133,0,133,298
08/02/2022,PTK,MI,AGL,CE,Towers with Radar,1,33,96,0,130,0,6,156,0,162,1,39,252,0,292,248,0,248,540
08/03/2022,PTK,MI,AGL,CE,Towers with Radar,4,27,78,1,110,2,0,64,0,66,6,27,142,1,176,90,0,90,266
08/04/2022,PTK,MI,AGL,CE,Towers with Radar,6,30,100,0,136,1,0,8,0,9,7,30,108,0,145,84,0,84,229
08/05/2022,PTK,MI,AGL,CE,Towers with Radar,1,33,113,1,148,0,5,85,1,91,1,38,198,2,239,140,0,140,379
08/06/2022,PTK,MI,AGL,CE,Towers with Radar,0,26,79,0,105,0,0,120,0,120,0,26,199,0,225,305,0,305,530
08/07/2022,PTK,MI,AGL,CE,Towers with Radar,0,17,79,0,96,0,0,71,0,71,0,17,150,0,167,224,0,224,391
08/08/2022,PTK,MI,AGL,CE,Towers with Radar,1,33,92,0,126,0,0,18,0,18,1,33,110,0,144,60,0,60,204
08/09/2022,PTK,MI,AGL,CE,Towers with Radar,0,32,77,0,109,0,6,115,0,121,0,38,192,0,230,366,0,366,596
08/10/2022,PTK,MI,AGL,CE,Towers with Radar,2,58,95,5,160,0,10,180,2,192,2,68,275,7,352,434,0,434,786
08/11/2022,PTK,MI,AGL,CE,Towers with Radar,1,52,110,0,163,0,2,160,1,163,1,54,270,1,326,214,0,214,540
08/12/2022,PTK,MI,AGL,CE,Towers with Radar,0,38,90,1,129,0,13,183,1,197,0,51,273,2,326,299,0,299,625
08/13/2022,PTK,MI,AGL,CE,Towers with Radar,0,19,60,0,79,0,37,125,0,162,0,56,185,0,241,191,0,191,432
08/14/2022,PTK,MI,AGL,CE,Towers with Radar,1,27,103,0,131,0,0,206,0,206,1,27,309,0,337,525,0,525,862
08/15/2022,PTK,MI,AGL,CE,Towers with Radar,0,41,83,0,124,0,11,121,2,134,0,52,204,2,258,211,0,211,469
08/16/2022,PTK,MI,AGL,CE,Towers with Radar,2,40,107,0,149,0,10,150,1,161,2,50,257,1,310,319,0,319,629
08/17/2022,PTK,MI,AGL,CE,Towers with Radar,3,36,107,0,146,0,1,144,2,147,3,37,251,2,293,303,0,303,596
08/18/2022,PTK,MI,AGL,CE,Towers with Radar,1,45,111,0,157,0,3,147,0,150,1,48,258,0,307,472,0,472,779
08/19/2022,PTK,MI,AGL,CE,Towers with Radar,1,48,102,0,151,0,18,146,0,164,1,66,248,0,315,245,0,245,560
08/20/2022,PTK,MI,AGL,CE,Towers with Radar,2,24,47,0,73,0,16,116,0,132,2,40,163,0,205,159,0,159,364
08/21/2022,PTK,MI,AGL,CE,Towers with Radar,0,20,100,0,120,0,0,46,0,46,0,20,146,0,166,38,0,38,204
08/22/2022,PTK,MI,AGL,CE,Towers with Radar,5,37,89,0,131,0,6,74,0,80,5,43,163,0,211,182,0,182,393
08/23/2022,PTK,MI,AGL,CE,Towers with Radar,2,37,103,1,143,0,2,122,2,126,2,39,225,3,269,246,0,246,515
08/24/2022,PTK,MI,AGL,CE,Towers with Radar,3,43,92,1,139,1,1,155,0,157,4,44,247,1,296,166,0,166,462
08/25/2022,PTK,MI,AGL,CE,Towers with Radar,2,33,90,0,125,0,0,26,0,26,2,33,116,0,151,0,0,0,151
08/26/2022,PTK,MI,AGL,CE,Towers with Radar,0,44,110,0,154,0,2,57,0,59,0,46,167,0,213,257,0,257,470
08/27/2022,PTK,MI,AGL,CE,Towers with Radar,1,18,62,0,81,0,2,169,0,171,1,20,231,0,252,265,0,265,517
08/28/2022,PTK,MI,AGL,CE,Towers with Radar,0,27,65,2,94,0,1,147,0,148,0,28,212,2,242,178,0,178,420
08/29/2022,PTK,MI,AGL,CE,Towers with Radar,1,33,82,0,116,0,2,25,0,27,1,35,107,0,143,68,0,68,211
08/30/2022,PTK,MI,AGL,CE,Towers with Radar,2,30,92,0,124,0,5,69,2,76,2,35,161,2,200,265,0,265,465
08/31/2022,PTK,MI,AGL,CE,Towers with Radar,2,47,111,0,160,0,1,138,2,141,2,48,249,2,301,285,0,285,586
09/01/2022,PTK,MI,AGL,CE,Towers with Radar,3,46,99,0,148,0,17,157,2,176,3,63,256,2,324,342,0,342,666
09/02/2022,PTK,MI,AGL,CE,Towers with Radar,0,26,86,0,112,0,10,154,0,164,0,36,240,0,276,241,0,241,517
09/03/2022,PTK,MI,AGL,CE,Towers with Radar,0,14,39,1,54,0,10,124,0,134,0,24,163,1,188,240,0,240,428
09/04/2022,PTK,MI,AGL,CE,Towers with Radar,0,17,51,0,68,0,0,6,0,6,0,17,57,0,74,22,0,22,96
09/05/2022,PTK,MI,AGL,CE,Towers with Radar,0,21,82,0,103,0,8,19,0,27,0,29,101,0,130,96,0,96,226
09/06/2022,PTK,MI,AGL,CE,Towers with Radar,0,40,94,0,134,0,19,108,1,128,0,59,202,1,262,386,0,386,648
09/07/2022,PTK,MI,AGL,CE,Towers with Radar,2,47,90,0,139,0,4,163,2,169,2,51,253,2,308,255,0,255,563
09/08/2022,PTK,MI,AGL,CE,Towers with Radar,2,45,101,0,148,0,5,133,2,140,2,50,234,2,288,297,0,297,585
09/09/2022,PTK,MI,AGL,CE,Towers with Radar,1,29,86,0,116,0,1,202,1,204,1,30,288,1,320,163,0,163,483
09/10/2022,PTK,MI,AGL,CE,Towers with Radar,2,14,87,0,103,0,1,118,2,121,2,15,205,2,224,111,0,111,335
09/11/2022,PTK,MI,AGL,CE,Towers with Radar,3,21,68,0,92,0,0,12,0,12,3,21,80,0,104,65,0,65,169
09/12/2022,PTK,MI,AGL,CE,Towers with Radar,1,43,92,0,136,0,0,68,0,68,1,43,160,0,204,250,0,250,454
09/13/2022,PTK,MI,AGL,CE,Towers with Radar,0,41,63,0,104,0,1,114,2,117,0,42,177,2,221,182,0,182,403
09/14/2022,PTK,MI,AGL,CE,Towers with Radar,2,36,125,0,163,0,0,57,0,57,2,36,182,0,220,91,0,91,311
09/15/2022,PTK,MI,AGL,CE,Towers with Radar,4,38,108,1,151,0,11,139,1,151,4,49,247,2,302,336,0,336,638
09/16/2022,PTK,MI,AGL,CE,Towers with Radar,1,45,97,0,143,2,4,102,1,109,3,49,199,1,252,150,0,150,402
09/17/2022,PTK,MI,AGL,CE,Towers with Radar,0,10,61,0,71,1,2,236,0,239,1,12,297,0,310,270,0,270,580
09/18/2022,PTK,MI,AGL,CE,Towers with Radar,0,30,95,0,125,0,0,98,0,98,0,30,193,0,223,218,0,218,441
09/19/2022,PTK,MI,AGL,CE,Towers with Radar,1,39,77,0,117,1,7,102,2,112,2,46,179,2,229,150,0,150,379
09/20/2022,PTK,MI,AGL,CE,Towers with Radar,0,42,85,0,127,0,3,84,2,89,0,45,169,2,216,190,0,190,406
09/21/2022,PTK,MI,AGL,CE,Towers with Radar,2,46,97,0,145,0,4,71,0,75,2,50,168,0,220,254,0,254,474
09/22/2022,PTK,MI,AGL,CE,Towers with Radar,0,48,78,0,126,0,1,65,0,66,0,49,143,0,192,70,0,70,262
09/23/2022,PTK,MI,AGL,CE,Towers with Radar,2,43,97,0,142,0,7,166,0,173,2,50,263,0,315,329,0,329,644
09/24/2022,PTK,MI,AGL,CE,Towers with Radar,1,26,61,0,88,0,6,110,1,117,1,32,171,1,205,257,0,257,462
09/25/2022,PTK,MI,AGL,CE,Towers with Radar,0,19,97,0,116,0,4,43,0,47,0,23,140,0,163,130,0,130,293
09/26/2022,PTK,MI,AGL,CE,Towers with Radar,5,40,77,0,122,0,0,3,0,3,5,40,80,0,125,132,0,132,257
09/27/2022,PTK,MI,AGL,CE,Towers with Radar,2,40,93,0,135,0,5,28,2,35,2,45,121,2,170,194,0,194,364
09/28/2022,PTK,MI,AGL,CE,Towers with Radar,2,53,98,0,153,0,4,35,0,39,2,57,133,0,192,480,0,480,672
09/29/2022,PTK,MI,AGL,CE,Towers with Radar,3,51,97,0,151,0,11,151,1,163,3,62,248,1,314,217,0,217,531
09/30/2022,PTK,MI,AGL,CE,Towers with Radar,1,42,80,0,123,0,2,152,1,155,1,44,232,1,278,221,0,221,499
10/01/2022,PTK,MI,AGL,CE,Towers with Radar,1,21,53,0,75,0,3,151,0,154,1,24,204,0,229,189,0,189,418
10/02/2022,PTK,MI,AGL,CE,Towers with Radar,1,34,70,0,105,0,2,120,0,122,1,36,190,0,227,207,0,207,434
10/03/2022,PTK,MI,AGL,CE,Towers with Radar,2,36,74,0,112,0,6,117,4,127,2,42,191,4,239,294,0,294,533
10/04/2022,PTK,MI,AGL,CE,Towers with Radar,1,34,75,1,111,0,13,118,8,139,1,47,193,9,250,348,0,348,598
10/05/2022,PTK,MI,AGL,CE,Towers with Radar,0,36,75,0,111,0,15,152,2,169,0,51,227,2,280,471,0,471,751
10/06/2022,PTK,MI,AGL,CE,Towers with Radar,1,39,86,0,126,0,19,90,4,113,1,58,176,4,239,248,0,248,487
10/07/2022,PTK,MI,AGL,CE,Towers with Radar,2,42,87,0,131,4,0,57,1,62,6,42,144,1,193,215,0,215,408
10/08/2022,PTK,MI,AGL,CE,Towers with Radar,0,31,48,0,79,0,0,102,0,102,0,31,150,0,181,253,0,253,434
10/09/2022,PTK,MI,AGL,CE,Towers with Radar,0,37,89,0,126,0,0,135,0,135,0,37,224,0,261,277,0,277,538
10/10/2022,PTK,MI,AGL,CE,Towers with Radar,4,41,89,0,134,0,11,159,3,173,4,52,248,3,307,338,0,338,645
10/11/2022,PTK,MI,AGL,CE,Towers with Radar,0,34,81,0,115,0,4,103,2,109,0,38,184,2,224,181,0,181,405
10/12/2022,PTK,MI,AGL,CE,Towers with Radar,0,35,69,0,104,0,0,36,0,36,0,35,105,0,140,69,0,69,209
10/13/2022,PTK,MI,AGL,CE,Towers with Radar,0,44,103,0,147,0,2,56,0,58,0,46,159,0,205,306,0,306,511
10/14/2022,PTK,MI,AGL,CE,Towers with Radar,1,41,76,0,118,0,23,109,2,134,1,64,185,2,252,161,0,161,413
10/15/2022,PTK,MI,AGL,CE,Towers with Radar,1,9,56,0,66,0,2,102,0,104,1,11,158,0,170,199,0,199,369
10/16/2022,PTK,MI,AGL,CE,Towers with Radar,0,22,96,0,118,0,5,148,0,153,0,27,244,0,271,354,0,354,625
10/17/2022,PTK,MI,AGL,CE,Towers with Radar,2,25,77,0,104,0,0,9,0,9,2,25,86,0,113,150,0,150,263
10/18/2022,PTK,MI,AGL,CE,Towers with Radar,2,45,56,0,103,0,0,1,0,1,2,45,57,0,104,101,0,101,205
10/19/2022,PTK,MI,AGL,CE,Towers with Radar,0,35,74,0,109,0,0,39,0,39,0,35,113,0,148,284,0,284,432
10/20/2022,PTK,MI,AGL,CE,Towers with Radar,1,44,123,0,168,0,5,39,0,44,1,49,162,0,212,188,0,188,400
10/21/2022,PTK,MI,AGL,CE,Towers with Radar,2,37,93,0,132,0,12,154,3,169,2,49,247,3,301,176,0,176,477
10/22/2022,PTK,MI,AGL,CE,Towers with Radar,1,26,51,0,78,0,0,188,0,188,1,26,239,0,266,264,0,264,530
10/23/2022,PTK,MI,AGL,CE,Towers with Radar,2,35,90,0,127,0,5,148,0,153,2,40,238,0,280,217,0,217,497
10/24/2022,PTK,MI,AGL,CE,Towers with Radar,2,34,69,0,105,0,11,87,2,100,2,45,156,2,205,107,0,107,312
10/25/2022,PTK,MI,AGL,CE,Towers with Radar,2,39,89,0,130,0,10,135,1,146,2,49,224,1,276,302,0,302,578
10/26/2022,PTK,MI,AGL,CE,Towers with Radar,2,34,101,0,137,0,2,2,0,4,2,36,103,0,141,46,0,46,187
10/27/2022,PTK,MI,AGL,CE,Towers with Radar,2,48,87,0,137,0,10,176,2,188,2,58,263,2,325,407,0,407,732
10/28/2022,PTK,MI,AGL,CE,Towers with Radar,2,36,85,1,124,0,5,148,0,153,2,41,233,1,277,309,0,309,586
10/29/2022,PTK,MI,AGL,CE,Towers with Radar,1,10,60,0,71,0,1,124,0,125,1,11,184,0,196,195,0,195,391
10/30/2022,PTK,MI,AGL,CE,Towers with Radar,0,34,73,0,107,0,0,111,0,111,0,34,184,0,218,251,0,251,469
10/31/2022,PTK,MI,AGL,CE,Towers with Radar,0,28,42,0,70,0,0,0,0,0,0,28,42,0,70,0,0,0,70
11/01/2022,PTK,MI,AGL,CE,Towers with Radar,2,24,85,0,111,0,13,126,3,142,2,37,211,3,253,342,0,342,595
11/02/2022,PTK,MI,AGL,CE,Towers with Radar,1,34,67,1,103,0,3,156,1,160,1,37,223,2,263,328,0,328,591
11/03/2022,PTK,MI,AGL,CE,Towers with Radar,2,37,92,0,131,0,7,95,0,102,2,44,187,0,233,160,0,160,393
11/04/2022,PTK,MI,AGL,CE,Towers with Radar,1,33,101,2,137,0,8,87,1,96,1,41,188,3,233,80,0,80,313
11/05/2022,PTK,MI,AGL,CE,Towers with Radar,0,24,39,0,63,0,0,0,0,0,0,24,39,0,63,15,0,15,78
11/06/2022,PTK,MI,AGL,CE,Towers with Radar,2,27,66,0,95,0,2,106,1,109,2,29,172,1,204,110,0,110,314
11/07/2022,PTK,MI,AGL,CE,Towers with Radar,1,20,88,0,109,0,4,97,0,101,1,24,185,0,210,326,0,326,536
11/08/2022,PTK,MI,AGL,CE,Towers with Radar,1,24,98,0,123,0,9,102,0,111,1,33,200,0,234,314,0,314,548
11/09/2022,PTK,MI,AGL,CE,Towers with Radar,0,25,78,0,103,0,4,142,0,146,0,29,220,0,249,252,0,252,501
11/10/2022,PTK,MI,AGL,CE,Towers with Radar,0,30,104,0,134,0,11,132,0,143,0,41,236,0,277,226,0,226,503
11/11/2022,PTK,MI,AGL,CE,Towers with Radar,1,34,97,0,132,1,3,106,0,110,2,37,203,0,242,247,0,247,489
11/12/2022,PTK,MI,AGL,CE,Towers with Radar,0,6,52,0,58,0,0,38,0,38,0,6,90,0,96,249,0,249,345
11/13/2022,PTK,MI,AGL,CE,Towers with Radar,0,29,96,0,125,0,0,61,0,61,0,29,157,0,186,276,0,276,462
11/14/2022,PTK,MI,AGL,CE,Towers with Radar,2,36,94,0,132,0,8,146,2,156,2,44,240,2,288,224,0,224,512
11/15/2022,PTK,MI,AGL,CE,Towers with Radar,1,34,68,0,103,0,0,6,0,6,1,34,74,0,109,43,0,43,152
11/16/2022,PTK,MI,AGL,CE,Towers with Radar,1,44,84,0,129,0,0,2,0,2,1,44,86,0,131,37,0,37,168
11/17/2022,PTK,MI,AGL,CE,Towers with Radar,2,40,88,0,130,0,0,6,0,6,2,40,94,0,136,25,0,25,161
11/18/2022,PTK,MI,AGL,CE,Towers with Radar,1,36,77,0,114,0,0,2,0,2,1,36,79,0,116,12,0,12,128
11/19/2022,PTK,MI,AGL,CE,Towers with Radar,1,30,46,0,77,0,4,50,2,56,1,34,96,2,133,77,0,77,210
11/20/2022,PTK,MI,AGL,CE,Towers with Radar,1,22,83,0,106,0,0,44,0,44,1,22,127,0,150,218,0,218,368
11/21/2022,PTK,MI,AGL,CE,Towers with Radar,1,48,63,0,112,0,10,68,2,80,1,58,131,2,192,97,0,97,289
11/22/2022,PTK,MI,AGL,CE,Towers with Radar,2,45,94,4,145,0,10,160,1,171,2,55,254,5,316,376,0,376,692
11/23/2022,PTK,MI,AGL,CE,Towers with Radar,1,44,86,0,131,0,4,159,0,163,1,48,245,0,294,320,0,320,614
11/24/2022,PTK,MI,AGL,CE,Towers with Radar,0,19,15,0,34,0,0,32,0,32,0,19,47,0,66,55,0,55,121
11/25/2022,PTK,MI,AGL,CE,Towers with Radar,0,22,54,0,76,0,2,58,0,60,0,24,112,0,136,186,0,186,322
11/26/2022,PTK,MI,AGL,CE,Towers with Radar,0,25,85,0,110,0,1,138,0,139,0,26,223,0,249,339,0,339,588
11/27/2022,PTK,MI,AGL,CE,Towers with Radar,0,41,92,0,133,0,0,0,0,0,0,41,92,0,133,0,0,0,133
11/28/2022,PTK,MI,AGL,CE,Towers with Radar,4,55,97,0,156,0,0,54,0,54,4,55,151,0,210,324,0,324,534
11/29/2022,PTK,MI,AGL,CE,Towers with Radar,0,35,82,0,117,0,2,42,0,44,0,37,124,0,161,99,0,99,260
11/30/2022,PTK,MI,AGL,CE,Towers with Radar,0,44,78,0,122,0,0,0,0,0,0,44,78,0,122,6,0,6,128
12/01/2022,PTK,MI,AGL,CE,Towers with Radar,0,40,92,0,132,0,3,131,1,135,0,43,223,1,267,350,0,350,617
12/02/2022,PTK,MI,AGL,CE,Towers with Radar,0,40,65,0,105,0,2,81,0,83,0,42,146,0,188,50,0,50,238
12/03/2022,PTK,MI,AGL,CE,Towers with Radar,0,27,82,0,109,0,6,13,0,19,0,33,95,0,128,14,0,14,142
12/04/2022,PTK,MI,AGL,CE,Towers with Radar,0,20,66,0,86,0,2,132,0,134,0,22,198,0,220,209,0,209,429
12/05/2022,PTK,MI,AGL,CE,Towers with Radar,1,45,96,0,142,0,1,89,0,90,1,46,185,0,232,217,0,217,449
12/06/2022,PTK,MI,AGL,CE,Towers with Radar,0,55,74,0,129,0,3,45,1,49,0,58,119,1,178,541,0,541,719
12/07/2022,PTK,MI,AGL,CE,Towers with Radar,0,56,106,0,162,0,2,29,0,31,0,58,135,0,193,293,0,293,486
12/08/2022,PTK,MI,AGL,CE,Towers with Radar,0,47,91,0,138,0,3,39,0,42,0,50,130,0,180,185,0,185,365
12/09/2022,PTK,MI,AGL,CE,Towers with Radar,0,46,83,0,129,0,0,21,0,21,0,46,104,0,150,241,0,241,391
12/10/2022,PTK,MI,AGL,CE,Towers with Radar,0,20,59,0,79,0,0,33,0,33,0,20,92,0,112,291,0,291,403
12/11/2022,PTK,MI,AGL,CE,Towers with Radar,1,34,56,0,91,0,0,5,0,5,1,34,61,0,96,204,0,204,300
12/12/2022,PTK,MI,AGL,CE,Towers with Radar,2,41,83,0,126,0,6,57,0,63,2,47,140,0,189,513,0,513,702
12/13/2022,PTK,MI,AGL,CE,Towers with Radar,1,45,105,0,151,0,12,49,0,61,1,57,154,0,212,297,0,297,509
12/14/2022,PTK,MI,AGL,CE,Towers with Radar,1,39,96,1,137,0,1,39,1,41,1,40,135,2,178,163,0,163,341
12/15/2022,PTK,MI,AGL,CE,Towers with Radar,3,37,80,0,120,0,0,10,2,12,3,37,90,2,132,86,0,86,218
12/16/2022,PTK,MI,AGL,CE,Towers with Radar,0,38,90,0,128,0,1,33,0,34,0,39,123,0,162,154,0,154,316
12/17/2022,PTK,MI,AGL,CE,Towers with Radar,0,30,76,0,106,0,0,40,0,40,0,30,116,0,146,181,0,181,327
12/18/2022,PTK,MI,AGL,CE,Towers with Radar,0,31,56,0,87,0,0,9,0,9,0,31,65,0,96,112,0,112,208
12/19/2022,PTK,MI,AGL,CE,Towers with Radar,0,33,79,0,112,0,1,15,0,16,0,34,94,0,128,417,0,417,545
12/20/2022,PTK,MI,AGL,CE,Towers with Radar,0,54,87,0,141,0,5,132,2,139,0,59,219,2,280,353,0,353,633
12/21/2022,PTK,MI,AGL,CE,Towers with Radar,2,53,99,0,154,0,3,193,0,196,2,56,292,0,350,321,0,321,671
12/22/2022,PTK,MI,AGL,CE,Towers with Radar,1,42,66,0,109,0,1,50,0,51,1,43,116,0,160,125,0,125,285
12/23/2022,PTK,MI,AGL,CE,Towers with Radar,2,12,9,0,23,0,0,0,0,0,2,12,9,0,23,0,0,0,23
12/24/2022,PTK,MI,AGL,CE,Towers with Radar,1,14,22,0,37,0,0,0,0,0,1,14,22,0,37,0,0,0,37
12/25/2022,PTK,MI,AGL,CE,Towers with Radar,1,8,29,0,38,0,0,0,0,0,1,8,29,0,38,0,0,0,38
12/26/2022,PTK,MI,AGL,CE,Towers with Radar,0,35,86,0,121,0,0,18,0,18,0,35,104,0,139,123,0,123,262
12/27/2022,PTK,MI,AGL,CE,Towers with Radar,0,40,63,0,103,0,3,36,0,39,0,43,99,0,142,166,0,166,308
12/28/2022,PTK,MI,AGL,CE,Towers with Radar,0,22,78,0,100,0,3,76,0,79,0,25,154,0,179,61,0,61,240
12/29/2022,PTK,MI,AGL,CE,Towers with Radar,0,31,35,0,66,0,0,5,0,5,0,31,40,0,71,30,0,30,101
12/30/2022,PTK,MI,AGL,CE,Towers with Radar,0,17,44,0,61,0,0,0,0,0,0,17,44,0,61,4,0,4,65
12/31/2022,PTK,MI,AGL,CE,Towers with Radar,0,12,24,0,36,0,0,0,0,0,0,12,24,0,36,0,0,0,36
01/01/2023,PTK,MI,AGL,CE,Towers with Radar,0,13,31,0,44,0,0,0,0,0,0,13,31,0,44,12,0,12,56
01/02/2023,PTK,MI,AGL,CE,Towers with Radar,0,27,124,0,151,0,0,3,0,3,0,27,127,0,154,90,0,90,244
01/03/2023,PTK,MI,AGL,CE,Towers with Radar,0,19,60,0,79,0,0,0,0,0,0,19,60,0,79,0,0,0,79
01/04/2023,PTK,MI,AGL,CE,Towers with Radar,1,30,60,0,91,0,0,0,0,0,1,30,60,0,91,0,0,0,91
01/05/2023,PTK,MI,AGL,CE,Towers with Radar,3,38,56,0,97,0,0,18,0,18,3,38,74,0,115,27,0,27,142
01/06/2023,PTK,MI,AGL,CE,Towers with Radar,1,25,59,0,85,0,0,8,0,8,1,25,67,0,93,177,0,177,270
01/07/2023,PTK,MI,AGL,CE,Towers with Radar,0,17,36,0,53,0,0,46,0,46,0,17,82,0,99,392,0,392,491
01/08/2023,PTK,MI,AGL,CE,Towers with Radar,0,31,64,0,95,0,0,57,0,57,0,31,121,0,152,284,0,284,436
01/09/2023,PTK,MI,AGL,CE,Towers with Radar,2,16,80,0,98,0,9,104,0,113,2,25,184,0,211,226,0,226,437
01/10/2023,PTK,MI,AGL,CE,Towers with Radar,0,19,72,0,91,0,6,59,0,65,0,25,131,0,156,200,0,200,356
01/11/2023,PTK,MI,AGL,CE,Towers with Radar,0,32,60,0,92,0,17,50,0,67,0,49,110,0,159,123,0,123,282
01/12/2023,PTK,MI,AGL,CE,Towers with Radar,0,33,75,0,108,0,0,0,0,0,0,33,75,0,108,0,0,0,108
01/13/2023,PTK,MI,AGL,CE,Towers with Radar,1,29,56,0,86,0,0,4,0,4,1,29,60,0,90,76,0,76,166
01/14/2023,PTK,MI,AGL,CE,Towers with Radar,0,15,54,0,69,0,5,192,0,197,0,20,246,0,266,386,0,386,652
01/15/2023,PTK,MI,AGL,CE,Towers with Radar,0,22,56,0,78,0,2,136,0,138,0,24,192,0,216,229,0,229,445
01/16/2023,PTK,MI,AGL,CE,Towers with Radar,1,29,69,0,99,0,2,81,0,83,1,31,150,0,182,117,0,117,299
01/17/2023,PTK,MI,AGL,CE,Towers with Radar,0,16,61,0,77,0,0,0,0,0,0,16,61,0,77,4,0,4,81
01/18/2023,PTK,MI,AGL,CE,Towers with Radar,0,27,79,0,106,0,7,44,0,51,0,34,123,0,157,184,0,184,341
01/19/2023,PTK,MI,AGL,CE,Towers with Radar,0,31,49,0,80,0,0,1,0,1,0,31,50,0,81,48,0,48,129
01/20/2023,PTK,MI,AGL,CE,Towers with Radar,1,22,64,0,87,0,0,15,0,15,1,22,79,0,102,70,0,70,172
01/21/2023,PTK,MI,AGL,CE,Towers with Radar,0,9,35,0,44,0,0,32,0,32,0,9,67,0,76,251,0,251,327
01/22/2023,PTK,MI,AGL,CE,Towers with Radar,2,22,39,0,63,0,0,0,0,0,2,22,39,0,63,0,0,0,63
01/23/2023,PTK,MI,AGL,CE,Towers with Radar,0,21,58,0,79,0,2,62,0,64,0,23,120,0,143,248,0,248,391
01/24/2023,PTK,MI,AGL,CE,Towers with Radar,1,32,74,0,107,0,18,112,2,132,1,50,186,2,239,297,0,297,536
01/25/2023,PTK,MI,AGL,CE,Towers with Radar,0,35,36,0,71,0,0,0,0,0,0,35,36,0,71,0,0,0,71
01/26/2023,PTK,MI,AGL,CE,Towers with Radar,1,42,87,0,130,0,0,0,0,0,1,42,87,0,130,8,0,8,138
01/27/2023,PTK,MI,AGL,CE,Towers with Radar,2,31,74,0,107,0,0,28,0,28,2,31,102,0,135,93,0,93,228
01/28/2023,PTK,MI,AGL,CE,Towers with Radar,0,16,41,0,57,0,0,62,0,62,0,16,103,0,119,305,0,305,424
01/29/2023,PTK,MI,AGL,CE,Towers with Radar,0,31,63,0,94,0,0,2,0,2,0,31,65,0,96,0,10,10,106
01/30/2023,PTK,MI,AGL,CE,Towers with Radar,0,27,39,0,66,0,2,23,0,25,0,29,62,0,91,54,0,54,145
01/31/2023,PTK,MI,AGL,CE,Towers with Radar,5,35,74,0,114,0,10,117,3,130,5,45,191,3,244,228,0,228,472
02/01/2023,PTK,MI,AGL,CE,Towers with Radar,1,29,82,0,112,2,26,131,0,159,3,55,213,0,271,246,0,246,517
02/02/2023,PTK,MI,AGL,CE,Towers with Radar,2,36,72,0,110,0,11,94,4,109,2,47,166,4,219,244,0,244,463
02/03/2023,PTK,MI,AGL,CE,Towers with Radar,0,36,72,0,108,0,15,69,1,85,0,51,141,1,193,122,0,122,315
02/04/2023,PTK,MI,AGL,CE,Towers with Radar,0,13,56,0,69,0,1,76,0,77,0,14,132,0,146,47,0,47,193
02/05/2023,PTK,MI,AGL,CE,Towers with Radar,0,20,51,0,71,0,0,69,0,69,0,20,120,0,140,115,0,115,255
02/06/2023,PTK,MI,AGL,CE,Towers with Radar,2,34,64,6,106,0,9,91,5,105,2,43,155,11,211,315,0,315,526
02/07/2023,PTK,MI,AGL,CE,Towers with Radar,0,32,59,0,91,0,5,27,0,32,0,37,86,0,123,106,0,106,229
02/08/2023,PTK,MI,AGL,CE,Towers with Radar,2,38,293,2,335,2,10,132,0,144,4,48,425,2,479,293,0,293,772
02/09/2023,PTK,MI,AGL,CE,Towers with Radar,1,25,57,0,83,0,0,4,0,4,1,25,61,0,87,8,0,8,95
02/10/2023,PTK,MI,AGL,CE,Towers with Radar,4,33,68,1,106,8,4,29,1,42,12,37,97,2,148,171,0,171,319
02/11/2023,PTK,MI,AGL,CE,Towers with Radar,0,13,51,0,64,0,0,199,0,199,0,13,250,0,263,311,0,311,574
02/12/2023,PTK,MI,AGL,CE,Towers with Radar,0,18,52,0,70,0,1,163,0,164,0,19,215,0,234,156,0,156,390
02/13/2023,PTK,MI,AGL,CE,Towers with Radar,2,42,77,1,122,0,23,91,1,115,2,65,168,2,237,180,0,180,417
02/14/2023,PTK,MI,AGL,CE,Towers with Radar,2,20,48,0,70,4,11,81,2,98,6,31,129,2,168,152,0,152,320
02/15/2023,PTK,MI,AGL,CE,Towers with Radar,2,26,80,0,108,0,1,4,0,5,2,27,84,0,113,29,0,29,142
02/16/2023,PTK,MI,AGL,CE,Towers with Radar,0,28,47,0,75,0,0,3,0,3,0,28,50,0,78,25,0,25,103
02/17/2023,PTK,MI,AGL,CE,Towers with Radar,1,37,94,0,132,0,1,51,0,52,1,38,145,0,184,140,0,140,324
02/18/2023,PTK,MI,AGL,CE,Towers with Radar,0,33,50,0,83,0,0,129,0,129,0,33,179,0,212,105,0,105,317
02/19/2023,PTK,MI,AGL,CE,Towers with Radar,0,18,36,0,54,0,4,85,0,89,0,22,121,0,143,129,0,129,272
02/20/2023,PTK,MI,AGL,CE,Towers with Radar,1,29,67,0,97,0,2,108,0,110,1,31,175,0,207,292,0,292,499
02/21/2023,PTK,MI,AGL,CE,Towers with Radar,1,41,65,0,107,0,2,34,2,38,1,43,99,2,145,72,0,72,217
02/22/2023,PTK,MI,AGL,CE,Towers with Radar,0,11,33,0,44,0,0,3,0,3,0,11,36,0,47,28,0,28,75
02/23/2023,PTK,MI,AGL,CE,Towers with Radar,0,34,57,0,91,0,0,0,0,0,0,34,57,0,91,0,0,0,91
02/24/2023,PTK,MI,AGL,CE,Towers with Radar,0,37,72,1,110,0,3,87,1,91,0,40,159,2,201,255,0,255,456
02/25/2023,PTK,MI,AGL,CE,Towers with Radar,0,15,63,0,78,0,0,23,0,23,0,15,86,0,101,159,0,159,260
02/26/2023,PTK,MI,AGL,CE,Towers with Radar,0,17,102,0,119,0,5,150,0,155,0,22,252,0,274,225,0,225,499
02/27/2023,PTK,MI,AGL,CE,Towers with Radar,2,31,27,0,60,0,1,0,0,1,2,32,27,0,61,0,0,0,61
02/28/2023,PTK,MI,AGL,CE,Towers with Radar,1,36,87,0,124,0,3,39,0,42,1,39,126,0,166,201,0,201,367
03/01/2023,PTK,MI,AGL,CE,Towers with Radar,0,40,67,0,107,0,3,91,0,94,0,43,158,0,201,297,0,297,498
03/02/2023,PTK,MI,AGL,CE,Towers with Radar,0,40,91,0,131,0,0,1,0,1,0,40,92,0,132,0,0,0,132
03/03/2023,PTK,MI,AGL,CE,Towers with Radar,1,28,45,0,74,0,1,3,0,4,1,29,48,0,78,36,0,36,114
03/04/2023,PTK,MI,AGL,CE,Towers with Radar,0,12,54,0,66,0,2,75,2,79,0,14,129,2,145,133,0,133,278
03/05/2023,PTK,MI,AGL,CE,Towers with Radar,0,20,72,0,92,0,1,115,0,116,0,21,187,0,208,339,0,339,547
03/06/2023,PTK,MI,AGL,CE,Towers with Radar,2,25,43,0,70,0,2,11,0,13,2,27,54,0,83,60,0,60,143
03/07/2023,PTK,MI,AGL,CE,Towers with Radar,1,24,67,1,93,0,8,101,4,113,1,32,168,5,206,91,6,97,303
03/08/2023,PTK,MI,AGL,CE,Towers with Radar,0,38,68,2,108,0,6,116,4,126,0,44,184,6,234,241,0,241,475
03/09/2023,PTK,MI,AGL,CE,Towers with Radar,1,43,219,3,266,0,16,114,7,137,1,59,333,10,403,169,0,169,572
03/10/2023,PTK,MI,AGL,CE,Towers with Radar,0,23,35,0,58,0,0,0,0,0,0,23,35,0,58,0,0,0,58
03/11/2023,PTK,MI,AGL,CE,Towers with Radar,0,22,70,0,92,1,0,106,0,107,1,22,176,0,199,308,0,308,507
03/12/2023,PTK,MI,AGL,CE,Towers with Radar,0,22,53,0,75,0,0,1,0,1,0,22,54,0,76,4,0,4,80
03/13/2023,PTK,MI,AGL,CE,Towers with Radar,1,24,39,0,64,0,0,0,0,0,1,24,39,0,64,3,0,3,67
03/14/2023,PTK,MI,AGL,CE,Towers with Radar,3,22,97,2,124,0,11,130,0,141,3,33,227,2,265,177,0,177,442
03/15/2023,PTK,MI,AGL,CE,Towers with Radar,0,24,84,3,111,0,10,144,0,154,0,34,228,3,265,282,0,282,547
03/16/2023,PTK,MI,AGL,CE,Towers with Radar,2,37,85,1,125,0,4,75,1,80,2,41,160,2,205,158,0,158,363
03/17/2023,PTK,MI,AGL,CE,Towers with Radar,0,37,60,0,97,0,1,0,0,1,0,38,60,0,98,0,0,0,98
03/18/2023,PTK,MI,AGL,CE,Towers with Radar,0,11,41,0,52,0,0,3,0,3,0,11,44,0,55,0,0,0,55
03/19/2023,PTK,MI,AGL,CE,Towers with Radar,0,35,72,2,109,0,0,116,0,116,0,35,188,2,225,306,0,306,531
03/20/2023,PTK,MI,AGL,CE,Towers with Radar,0,24,60,2,86,0,3,67,4,74,0,27,127,6,160,56,0,56,216
03/21/2023,PTK,MI,AGL,CE,Towers with Radar,1,35,107,0,143,0,2,176,1,179,1,37,283,1,322,356,0,356,678
03/22/2023,PTK,MI,AGL,CE,Towers with Radar,19,28,138,0,185,0,0,4,0,4,19,28,142,0,189,54,0,54,243
03/23/2023,PTK,MI,AGL,CE,Towers with Radar,2,38,224,1,265,0,0,14,0,14,2,38,238,1,279,59,1,60,339
03/24/2023,PTK,MI,AGL,CE,Towers with Radar,1,48,91,0,140,0,5,118,2,125,1,53,209,2,265,149,0,149,414
03/25/2023,PTK,MI,AGL,CE,Towers with Radar,2,21,36,0,59,0,0,0,0,0,2,21,36,0,59,0,0,0,59
03/26/2023,PTK,MI,AGL,CE,Towers with Radar,0,22,68,0,90,0,0,163,0,163,0,22,231,0,253,264,0,264,517
03/27/2023,PTK,MI,AGL,CE,Towers with Radar,2,26,41,0,69,0,2,14,0,16,2,28,55,0,85,82,0,82,167
03/28/2023,PTK,MI,AGL,CE,Towers with Radar,7,23,72,0,102,0,6,94,0,100,7,29,166,0,202,214,0,214,416
03/29/2023,PTK,MI,AGL,CE,Towers with Radar,4,25,55,0,84,0,0,23,0,23,4,25,78,0,107,100,0,100,207
03/30/2023,PTK,MI,AGL,CE,Towers with Radar,3,39,79,0,121,3,1,165,0,169,6,40,244,0,290,315,0,315,605
03/31/2023,PTK,MI,AGL,CE,Towers with Radar,3,29,173,0,205,0,0,0,0,0,3,29,173,0,205,46,0,46,251
04/01/2023,PTK,MI,AGL,CE,Towers with Radar,1,24,41,0,66,0,0,9,0,9,1,24,50,0,75,86,0,86,161
04/02/2023,PTK,MI,AGL,CE,Towers with Radar,0,28,95,0,123,0,1,191,0,192,0,29,286,0,315,224,0,224,539
04/03/2023,PTK,MI,AGL,CE,Towers with Radar,4,25,71,0,100,0,8,75,0,83,4,33,146,0,183,264,0,264,447
04/04/2023,PTK,MI,AGL,CE,Towers with Radar,2,23,59,0,84,0,0,1,0,1,2,23,60,0,85,4,0,4,89
04/05/2023,PTK,MI,AGL,CE,Towers with Radar,3,39,143,0,185,0,2,5,0,7,3,41,148,0,192,30,0,30,222
04/06/2023,PTK,MI,AGL,CE,Towers with Radar,2,35,195,2,234,0,1,88,1,90,2,36,283,3,324,161,0,161,485
04/07/2023,PTK,MI,AGL,CE,Towers with Radar,0,26,223,0,249,0,4,193,13,210,0,30,416,13,459,447,0,447,906
04/08/2023,PTK,MI,AGL,CE,Towers with Radar,0,14,48,0,62,0,0,163,0,163,0,14,211,0,225,378,0,378,603
04/09/2023,PTK,MI,AGL,CE,Towers with Radar,0,21,52,0,73,0,1,121,0,122,0,22,173,0,195,176,0,176,371
04/10/2023,PTK,MI,AGL,CE,Towers with Radar,0,26,86,1,113,0,23,135,1,159,0,49,221,2,272,237,0,237,509
04/11/2023,PTK,MI,AGL,CE,Towers with Radar,0,45,60,0,105,0,8,117,2,127,0,53,177,2,232,211,0,211,443
04/12/2023,PTK,MI,AGL,CE,Towers with Radar,0,30,72,1,103,0,8,109,2,119,0,38,181,3,222,206,0,206,428
04/13/2023,PTK,MI,AGL,CE,Towers with Radar,0,25,231,1,257,0,4,123,1,128,0,29,354,2,385,274,0,274,659
04/14/2023,PTK,MI,AGL,CE,Towers with Radar,0,21,182,0,203,1,0,153,1,155,1,21,335,1,358,197,0,197,555
04/15/2023,PTK,MI,AGL,CE,Towers with Radar,1,20,52,0,73,0,0,168,0,168,1,20,220,0,241,245,0,245,486
04/16/2023,PTK,MI,AGL,CE,Towers with Radar,2,21,43,0,66,0,0,63,6,69,2,21,106,6,135,51,0,51,186
04/17/2023,PTK,MI,AGL,CE,Towers with Radar,0,31,59,0,90,0,0,0,0,0,0,31,59,0,90,0,0,0,90
04/18/2023,PTK,MI,AGL,CE,Towers with Radar,0,34,71,1,106,0,0,8,1,9,0,34,79,2,115,0,0,0,115
04/19/2023,PTK,MI,AGL,CE,Towers with Radar,2,43,75,0,120,0,14,171,2,187,2,57,246,2,307,166,0,166,473
04/20/2023,PTK,MI,AGL,CE,Towers with Radar,0,35,246,1,282,0,10,138,3,151,0,45,384,4,433,249,0,249,682
04/21/2023,PTK,MI,AGL,CE,Towers with Radar,1,30,221,0,252,0,6,52,0,58,1,36,273,0,310,245,0,245,555
04/22/2023,PTK,MI,AGL,CE,Towers with Radar,1,15,46,0,62,0,6,70,0,76,1,21,116,0,138,296,0,296,434
04/23/2023,PTK,MI,AGL,CE,Towers with Radar,0,21,67,0,88,0,4,76,0,80,0,25,143,0,168,274,0,274,442
04/24/2023,PTK,MI,AGL,CE,Towers with Radar,1,39,96,0,136,0,7,86,0,93,1,46,182,0,229,330,0,330,559
04/25/2023,PTK,MI,AGL,CE,Towers with Radar,3,31,81,0,115,0,0,13,0,13,3,31,94,0,128,160,0,160,288
04/26/2023,PTK,MI,AGL,CE,Towers with Radar,3,37,95,3,138,0,15,152,1,168,3,52,247,4,306,341,10,351,657
04/27/2023,PTK,MI,AGL,CE,Towers with Radar,2,42,88,0,132,0,11,176,0,187,2,53,264,0,319,389,0,389,708
04/28/2023,PTK,MI,AGL,CE,Towers with Radar,0,26,66,0,92,0,0,8,0,8,0,26,74,0,100,17,0,17,117
04/29/2023,PTK,MI,AGL,CE,Towers with Radar,0,14,71,0,85,0,0,28,0,28,0,14,99,0,113,181,0,181,294
04/30/2023,PTK,MI,AGL,CE,Towers with Radar,0,24,69,0,93,0,1,68,0,69,0,25,137,0,162,306,0,306,468
05/01/2023,PTK,MI,AGL,CE,Towers with Radar,1,27,67,2,97,0,14,30,0,44,1,41,97,2,141,164,0,164,305
05/02/2023,PTK,MI,AGL,CE,Towers with Radar,2,15,61,0,78,0,2,10,0,12,2,17,71,0,90,180,0,180,270
05/03/2023,PTK,MI,AGL,CE,Towers with Radar,2,32,91,0,125,0,4,37,0,41,2,36,128,0,166,79,0,79,245
05/04/2023,PTK,MI,AGL,CE,Towers with Radar,1,44,257,0,302,0,18,175,0,193,1,62,432,0,495,271,0,271,766
05/05/2023,PTK,MI,AGL,CE,Towers with Radar,1,48,89,0,138,1,5,189,0,195,2,53,278,0,333,318,0,318,651
05/06/2023,PTK,MI,AGL,CE,Towers with Radar,0,21,61,0,82,0,5,226,0,231,0,26,287,0,313,234,0,234,547
05/07/2023,PTK,MI,AGL,CE,Towers with Radar,0,30,89,0,119,0,6,63,0,69,0,36,152,0,188,131,0,131,319
05/08/2023,PTK,MI,AGL,CE,Towers with Radar,1,31,87,0,119,0,11,103,0,114,1,42,190,0,233,90,0,90,323
05/09/2023,PTK,MI,AGL,CE,Towers with Radar,3,48,86,0,137,3,15,163,0,181,6,63,249,0,318,108,0,108,426
05/10/2023,PTK,MI,AGL,CE,Towers with Radar,2,40,87,0,129,4,12,181,1,198,6,52,268,1,327,74,0,74,401
05/11/2023,PTK,MI,AGL,CE,Towers with Radar,1,42,281,0,324,0,8,159,0,167,1,50,440,0,491,71,0,71,562
05/12/2023,PTK,MI,AGL,CE,Towers with Radar,1,36,234,0,271,0,1,133,0,134,1,37,367,0,405,65,0,65,470
05/13/2023,PTK,MI,AGL,CE,Towers with Radar,1,31,74,0,106,10,3,142,0,155,11,34,216,0,261,55,0,55,316
05/14/2023,PTK,MI,AGL,CE,Towers with Radar,3,30,62,0,95,0,0,115,0,115,3,30,177,0,210,74,0,74,284
05/15/2023,PTK,MI,AGL,CE,Towers with Radar,2,45,77,0,124,1,6,146,0,153,3,51,223,0,277,96,0,96,373
05/16/2023,PTK,MI,AGL,CE,Towers with Radar,1,45,266,0,312,0,2,113,0,115,1,47,379,0,427,95,0,95,522
05/17/2023,PTK,MI,AGL,CE,Towers with Radar,1,41,91,0,133,0,2,142,0,144,1,43,233,0,277,97,0,97,374
05/18/2023,PTK,MI,AGL,CE,Towers with Radar,3,47,127,0,177,0,9,175,0,184,3,56,302,0,361,49,0,49,410
05/19/2023,PTK,MI,AGL,CE,Towers with Radar,0,28,85,0,113,0,0,66,0,66,0,28,151,0,179,78,0,78,257
05/20/2023,PTK,MI,AGL,CE,Towers with Radar,0,35,76,0,111,0,1,92,0,93,0,36,168,0,204,129,0,129,333
05/21/2023,PTK,MI,AGL,CE,Towers with Radar,0,21,94,0,115,0,2,201,0,203,0,23,295,0,318,58,0,58,376
05/22/2023,PTK,MI,AGL,CE,Towers with Radar,0,51,74,0,125,0,10,153,0,163,0,61,227,0,288,80,0,80,368
05/23/2023,PTK,MI,AGL,CE,Towers with Radar,2,26,87,1,116,0,27,183,0,210,2,53,270,1,326,41,0,41,367
05/24/2023,PTK,MI,AGL,CE,Towers with Radar,3,39,83,0,125,0,3,89,0,92,3,42,172,0,217,92,0,92,309
05/25/2023,PTK,MI,AGL,CE,Towers with Radar,1,41,253,0,295,0,2,118,0,120,1,43,371,0,415,72,0,72,487
05/26/2023,PTK,MI,AGL,CE,Towers with Radar,0,46,93,0,139,0,3,189,1,193,0,49,282,1,332,153,0,153,485
05/27/2023,PTK,MI,AGL,CE,Towers with Radar,0,15,50,0,65,0,0,149,0,149,0,15,199,0,214,85,0,85,299
05/28/2023,PTK,MI,AGL,CE,Towers with Radar,0,15,54,0,69,0,1,103,0,104,0,16,157,0,173,84,0,84,257
05/29/2023,PTK,MI,AGL,CE,Towers with Radar,0,19,78,0,97,0,2,123,0,125,0,21,201,0,222,88,0,88,310
05/30/2023,PTK,MI,AGL,CE,Towers with Radar,1,32,101,0,134,0,3,160,0,163,1,35,261,0,297,74,0,74,371
05/31/2023,PTK,MI,AGL,CE,Towers with Radar,0,26,79,0,105,0,4,168,0,172,0,30,247,0,277,103,0,103,380
06/01/2023,PTK,MI,AGL,CE,Towers with Radar,0,41,277,0,318,0,6,146,0,152,0,47,423,0,470,37,0,37,507
06/02/2023,PTK,MI,AGL,CE,Towers with Radar,2,47,216,0,265,0,1,171,0,172,2,48,387,0,437,62,0,62,499
06/03/2023,PTK,MI,AGL,CE,Towers with Radar,0,14,54,0,68,0,1,169,0,170,0,15,223,0,238,73,0,73,311
06/04/2023,PTK,MI,AGL,CE,Towers with Radar,0,25,84,0,109,0,0,150,0,150,0,25,234,0,259,74,0,74,333
06/05/2023,PTK,MI,AGL,CE,Towers with Radar,0,47,83,0,130,1,4,89,0,94,1,51,172,0,224,133,0,133,357
06/06/2023,PTK,MI,AGL,CE,Towers with Radar,0,16,75,1,92,0,5,118,0,123,0,21,193,1,215,94,0,94,309
06/07/2023,PTK,MI,AGL,CE,Towers with Radar,0,35,78,0,113,0,0,135,0,135,0,35,213,0,248,98,0,98,346
06/08/2023,PTK,MI,AGL,CE,Towers with Radar,2,38,247,0,287,0,5,162,0,167,2,43,409,0,454,106,0,106,560
06/09/2023,PTK,MI,AGL,CE,Towers with Radar,0,41,292,0,333,0,7,170,0,177,0,48,462,0,510,76,0,76,586
06/10/2023,PTK,MI,AGL,CE,Towers with Radar,0,20,35,0,55,0,12,237,0,249,0,32,272,0,304,55,0,55,359
06/11/2023,PTK,MI,AGL,CE,Towers with Radar,3,41,101,0,145,0,0,40,0,40,3,41,141,0,185,114,0,114,299
06/12/2023,PTK,MI,AGL,CE,Towers with Radar,2,29,115,1,147,0,0,50,0,50,2,29,165,1,197,25,0,25,222
06/13/2023,PTK,MI,AGL,CE,Towers with Radar,1,53,93,0,147,0,0,45,2,47,1,53,138,2,194,56,0,56,250
06/14/2023,PTK,MI,AGL,CE,Towers with Radar,1,43,116,0,160,0,2,134,0,136,1,45,250,0,296,73,0,73,369
06/15/2023,PTK,MI,AGL,CE,Towers with Radar,4,39,103,2,148,0,1,58,4,63,4,40,161,6,211,121,0,121,332
06/16/2023,PTK,MI,AGL,CE,Towers with Radar,5,33,127,0,165,0,1,83,0,84,5,34,210,0,249,255,0,255,504
06/17/2023,PTK,MI,AGL,CE,Towers with Radar,0,19,71,0,90,0,6,208,0,214,0,25,279,0,304,79,0,79,383
06/18/2023,PTK,MI,AGL,CE,Towers with Radar,2,48,78,0,128,0,27,147,0,174,2,75,225,0,302,107,0,107,409
06/19/2023,PTK,MI,AGL,CE,Towers with Radar,2,32,105,0,139,0,2,149,1,152,2,34,254,1,291,52,0,52,343
06/20/2023,PTK,MI,AGL,CE,Towers with Radar,1,41,96,0,138,0,1,157,0,158,1,42,253,0,296,85,0,85,381
06/21/2023,PTK,MI,AGL,CE,Towers with Radar,2,44,106,0,152,0,6,142,0,148,2,50,248,0,300,169,0,169,469
06/22/2023,PTK,MI,AGL,CE,Towers with Radar,3,47,93,0,143,0,23,156,0,179,3,70,249,0,322,98,0,98,420
06/23/2023,PTK,MI,AGL,CE,Towers with Radar,0,44,127,2,173,0,0,6,0,6,0,44,133,2,179,78,0,78,257
06/24/2023,PTK,MI,AGL,CE,Towers with Radar,0,27,79,0,106,0,1,125,0,126,0,28,204,0,232,93,0,93,325
06/25/2023,PTK,MI,AGL,CE,Towers with Radar,1,31,85,0,117,0,0,105,0,105,1,31,190,0,222,24,0,24,246
06/26/2023,PTK,MI,AGL,CE,Towers with Radar,1,46,83,0,130,0,0,4,0,4,1,46,87,0,134,35,0,35,169
06/27/2023,PTK,MI,AGL,CE,Towers with Radar,8,51,100,0,159,0,0,0,0,0,8,51,100,0,159,0,0,0,159
06/28/2023,PTK,MI,AGL,CE,Towers with Radar,2,40,121,0,163,0,0,4,0,4,2,40,125,0,167,0,0,0,167
06/29/2023,PTK,MI,AGL,CE,Towers with Radar,0,41,110,0,151,0,0,0,0,0,0,41,110,0,151,8,0,8,159
06/30/2023,PTK,MI,AGL,CE,Towers with Radar,1,46,121,0,168,0,0,143,0,143,1,46,264,0,311,272,0,272,583
07/01/2023,PTK,MI,AGL,CE,Towers with Radar,0,18,93,2,113,0,0,65,0,65,0,18,158,2,178,203,0,203,381
07/02/2023,PTK,MI,AGL,CE,Towers with Radar,0,15,44,0,59,0,0,1,0,1,0,15,45,0,60,0,0,0,60
07/03/2023,PTK,MI,AGL,CE,Towers with Radar,0,20,68,0,88,0,2,42,0,44,0,22,110,0,132,201,0,201,333
07/04/2023,PTK,MI,AGL,CE,Towers with Radar,0,15,46,0,61,0,8,128,0,136,0,23,174,0,197,185,0,185,382
07/05/2023,PTK,MI,AGL,CE,Towers with Radar,1,21,91,0,113,0,5,161,0,166,1,26,252,0,279,376,0,376,655
07/06/2023,PTK,MI,AGL,CE,Towers with Radar,0,32,91,0,123,0,5,42,0,47,0,37,133,0,170,314,0,314,484
07/07/2023,PTK,MI,AGL,CE,Towers with Radar,0,30,90,0,120,1,4,203,0,208,1,34,293,0,328,254,0,254,582
07/08/2023,PTK,MI,AGL,CE,Towers with Radar,0,17,49,0,66,0,0,96,0,96,0,17,145,0,162,290,0,290,452
07/09/2023,PTK,MI,AGL,CE,Towers with Radar,0,20,103,0,123,0,0,105,0,105,0,20,208,0,228,332,0,332,560
07/10/2023,PTK,MI,AGL,CE,Towers with Radar,3,29,93,0,125,0,15,185,0,200,3,44,278,0,325,191,0,191,516
07/11/2023,PTK,MI,AGL,CE,Towers with Radar,1,22,84,0,107,0,9,98,1,108,1,31,182,1,215,307,0,307,522
07/12/2023,PTK,MI,AGL,CE,Towers with Radar,0,27,118,0,145,0,1,123,0,124,0,28,241,0,269,209,0,209,478
07/13/2023,PTK,MI,AGL,CE,Towers with Radar,0,40,100,0,140,0,10,73,0,83,0,50,173,0,223,249,0,249,472
07/14/2023,PTK,MI,AGL,CE,Towers with Radar,1,29,78,0,108,0,6,152,0,158,1,35,230,0,266,316,0,316,582
07/15/2023,PTK,MI,AGL,CE,Towers with Radar,0,21,55,0,76,0,0,54,0,54,0,21,109,0,130,220,0,220,350
07/16/2023,PTK,MI,AGL,CE,Towers with Radar,0,17,83,0,100,0,4,122,0,126,0,21,205,0,226,135,0,135,361
07/17/2023,PTK,MI,AGL,CE,Towers with Radar,3,21,93,0,117,0,21,176,0,197,3,42,269,0,314,499,0,499,813
07/18/2023,PTK,MI,AGL,CE,Towers with Radar,3,34,111,0,148,0,4,185,0,189,3,38,296,0,337,415,0,415,752
07/19/2023,PTK,MI,AGL,CE,Towers with Radar,1,28,95,0,124,1,4,208,2,215,2,32,303,2,339,261,0,261,600
07/20/2023,PTK,MI,AGL,CE,Towers with Radar,1,29,92,0,122,0,5,79,0,84,1,34,171,0,206,287,0,287,493
07/21/2023,PTK,MI,AGL,CE,Towers with Radar,0,27,113,0,140,0,0,119,0,119,0,27,232,0,259,358,0,358,617
07/22/2023,PTK,MI,AGL,CE,Towers with Radar,0,20,64,0,84,0,0,155,0,155,0,20,219,0,239,230,0,230,469
07/23/2023,PTK,MI,AGL,CE,Towers with Radar,0,32,85,0,117,0,2,107,1,110,0,34,192,1,227,181,0,181,408
07/24/2023,PTK,MI,AGL,CE,Towers with Radar,1,21,101,0,123,0,6,105,2,113,1,27,206,2,236,370,0,370,606
07/25/2023,PTK,MI,AGL,CE,Towers with Radar,1,33,114,0,148,0,7,133,0,140,1,40,247,0,288,361,0,361,649
07/26/2023,PTK,MI,AGL,CE,Towers with Radar,0,46,86,0,132,0,9,58,0,67,0,55,144,0,199,260,0,260,459
07/27/2023,PTK,MI,AGL,CE,Towers with Radar,1,36,129,0,166,0,4,96,0,100,1,40,225,0,266,191,0,191,457
07/28/2023,PTK,MI,AGL,CE,Towers with Radar,0,29,93,0,122,0,4,143,0,147,0,33,236,0,269,536,0,536,805
07/29/2023,PTK,MI,AGL,CE,Towers with Radar,0,18,67,0,85,0,0,74,0,74,0,18,141,0,159,201,0,201,360
07/30/2023,PTK,MI,AGL,CE,Towers with Radar,0,22,82,0,104,0,2,149,0,151,0,24,231,0,255,252,0,252,507
07/31/2023,PTK,MI,AGL,CE,Towers with Radar,0,37,79,0,116,0,2,153,2,157,0,39,232,2,273,503,0,503,776
08/01/2023,PTK,MI,AGL,CE,Towers with Radar,0,37,78,0,115,0,14,176,0,190,0,51,254,0,305,281,0,281,586
08/02/2023,PTK,MI,AGL,CE,Towers with Radar,0,45,90,0,135,0,3,162,0,165,0,48,252,0,300,318,0,318,618
08/03/2023,PTK,MI,AGL,CE,Towers with Radar,4,28,105,0,137,0,7,144,0,151,4,35,249,0,288,346,0,346,634
08/04/2023,PTK,MI,AGL,CE,Towers with Radar,1,34,79,2,116,0,9,143,0,152,1,43,222,2,268,285,0,285,553
08/05/2023,PTK,MI,AGL,CE,Towers with Radar,0,21,81,0,102,0,9,184,4,197,0,30,265,4,299,219,0,219,518
08/06/2023,PTK,MI,AGL,CE,Towers with Radar,2,28,90,4,124,0,2,28,8,38,2,30,118,12,162,449,0,449,611
08/07/2023,PTK,MI,AGL,CE,Towers with Radar,2,35,103,0,140,0,0,22,0,22,2,35,125,0,162,103,0,103,265
08/08/2023,PTK,MI,AGL,CE,Towers with Radar,0,40,102,0,142,0,6,187,0,193,0,46,289,0,335,349,0,349,684
08/09/2023,PTK,MI,AGL,CE,Towers with Radar,2,33,115,0,150,0,8,194,0,202,2,41,309,0,352,372,0,372,724
08/10/2023,PTK,MI,AGL,CE,Towers with Radar,2,49,124,0,175,0,2,92,0,94,2,51,216,0,269,287,0,287,556
08/11/2023,PTK,MI,AGL,CE,Towers with Radar,4,33,118,0,155,0,4,96,0,100,4,37,214,0,255,286,0,286,541
08/12/2023,PTK,MI,AGL,CE,Towers with Radar,0,28,52,0,80,0,0,117,0,117,0,28,169,0,197,198,0,198,395
08/13/2023,PTK,MI,AGL,CE,Towers with Radar,0,19,88,0,107,0,1,180,0,181,0,20,268,0,288,234,0,234,522
08/14/2023,PTK,MI,AGL,CE,Towers with Radar,0,21,98,0,119,0,1,87,0,88,0,22,185,0,207,284,0,284,491
08/15/2023,PTK,MI,AGL,CE,Towers with Radar,5,33,103,0,141,0,0,6,0,6,5,33,109,0,147,30,0,30,177
08/16/2023,PTK,MI,AGL,CE,Towers with Radar,1,47,126,0,174,0,4,225,0,229,1,51,351,0,403,252,0,252,655
08/17/2023,PTK,MI,AGL,CE,Towers with Radar,1,34,107,0,142,0,2,58,0,60,1,36,165,0,202,85,0,85,287
08/18/2023,PTK,MI,AGL,CE,Towers with Radar,2,40,91,0,133,0,10,156,0,166,2,50,247,0,299,86,0,86,385
08/19/2023,PTK,MI,AGL,CE,Towers with Radar,0,24,84,1,109,0,9,207,2,218,0,33,291,3,327,167,0,167,494
08/20/2023,PTK,MI,AGL,CE,Towers with Radar,2,28,100,0,130,0,0,143,0,143,2,28,243,0,273,108,0,108,381
08/21/2023,PTK,MI,AGL,CE,Towers with Radar,0,30,85,0,115,0,2,162,0,164,0,32,247,0,279,208,0,208,487
08/22/2023,PTK,MI,AGL,CE,Towers with Radar,2,25,122,0,149,0,9,179,2,190,2,34,301,2,339,108,0,108,447
08/23/2023,PTK,MI,AGL,CE,Towers with Radar,2,44,80,0,126,0,4,87,0,91,2,48,167,0,217,123,0,123,340
08/24/2023,PTK,MI,AGL,CE,Towers with Radar,5,40,91,0,136,0,1,57,0,58,5,41,148,0,194,178,0,178,372
08/25/2023,PTK,MI,AGL,CE,Towers with Radar,3,36,106,0,145,0,0,33,0,33,3,36,139,0,178,135,0,135,313
08/26/2023,PTK,MI,AGL,CE,Towers with Radar,0,14,74,0,88,0,1,66,0,67,0,15,140,0,155,172,0,172,327
08/27/2023,PTK,MI,AGL,CE,Towers with Radar,2,25,63,0,90,0,2,179,0,181,2,27,242,0,271,204,0,204,475
08/28/2023,PTK,MI,AGL,CE,Towers with Radar,0,21,94,1,116,0,5,154,0,159,0,26,248,1,275,312,0,312,587
08/29/2023,PTK,MI,AGL,CE,Towers with Radar,1,29,102,0,132,0,3,103,0,106,1,32,205,0,238,254,0,254,492
08/30/2023,PTK,MI,AGL,CE,Towers with Radar,2,43,121,1,167,0,2,89,0,91,2,45,210,1,258,379,0,379,637
08/31/2023,PTK,MI,AGL,CE,Towers with Radar,2,65,140,0,207,0,9,200,0,209,2,74,340,0,416,212,0,212,628
