01/01/2000,PUB,CO,ANM,WE,Combined TRACON& Tower with Radar,0,5,9,0,14,0,1,21,0,22,0,6,30,0,36,6,0,6,42
01/02/2000,PUB,CO,ANM,WE,Combined TRACON& Tower with Radar,0,3,34,1,38,0,1,22,1,24,0,4,56,2,62,26,0,26,88
01/03/2000,PUB,CO,ANM,WE,Combined TRACON& Tower with Radar,0,19,17,0,36,0,1,3,0,4,0,20,20,0,40,24,0,24,64
01/04/2000,PUB,CO,ANM,WE,Combined TRACON& Tower with Radar,0,15,28,16,59,0,0,21,0,21,0,15,49,16,80,38,76,114,194
01/05/2000,PUB,CO,ANM,WE,Combined TRACON& Tower with Radar,0,28,53,11,92,0,1,5,0,6,0,29,58,11,98,73,48,121,219
01/06/2000,PUB,CO,ANM,WE,Combined TRACON& Tower with Radar,0,30,74,19,123,0,8,17,0,25,0,38,91,19,148,82,58,140,288
01/07/2000,PUB,CO,ANM,WE,Combined TRACON& Tower with Radar,2,23,40,42,107,0,1,39,0,40,2,24,79,42,147,84,146,230,377
01/08/2000,PUB,CO,ANM,WE,Combined TRACON& Tower with Radar,0,23,32,11,66,0,1,77,0,78,0,24,109,11,144,98,30,128,272
01/09/2000,PUB,CO,ANM,WE,Combined TRACON& Tower with Radar,0,10,41,4,55,0,1,0,0,1,0,11,41,4,56,42,12,54,110
01/10/2000,PUB,CO,ANM,WE,Combined TRACON& Tower with Radar,0,9,14,2,25,0,1,10,0,11,0,10,24,2,36,8,8,16,52
01/11/2000,PUB,CO,ANM,WE,Combined TRACON& Tower with Radar,1,10,21,8,40,0,1,17,0,18,1,11,38,8,58,14,18,32,90
01/12/2000,PUB,CO,ANM,WE,Combined TRACON& Tower with Radar,3,11,26,18,58,0,14,24,0,38,3,25,50,18,96,16,66,82,178
01/13/2000,PUB,CO,ANM,WE,Combined TRACON& Tower with Radar,0,16,54,14,84,0,5,53,16,74,0,21,107,30,158,80,50,130,288
01/14/2000,PUB,CO,ANM,WE,Combined TRACON& Tower with Radar,0,13,55,10,78,0,7,39,0,46,0,20,94,10,124,76,54,130,254
01/15/2000,PUB,CO,ANM,WE,Combined TRACON& Tower with Radar,2,10,52,10,74,0,1,80,0,81,2,11,132,10,155,68,18,86,241
01/16/2000,PUB,CO,ANM,WE,Combined TRACON& Tower with Radar,0,6,42,0,48,0,0,55,0,55,0,6,97,0,103,60,0,60,163
01/17/2000,PUB,CO,ANM,WE,Combined TRACON& Tower with Radar,0,17,51,10,78,0,0,20,0,20,0,17,71,10,98,84,24,108,206
01/18/2000,PUB,CO,ANM,WE,Combined TRACON& Tower with Radar,0,14,29,13,56,0,2,17,2,21,0,16,46,15,77,38,54,92,169
01/19/2000,PUB,CO,ANM,WE,Combined TRACON& Tower with Radar,2,20,29,44,95,0,0,15,0,15,2,20,44,44,110,116,140,256,366
01/20/2000,PUB,CO,ANM,WE,Combined TRACON& Tower with Radar,2,15,57,17,91,0,0,43,0,43,2,15,100,17,134,96,76,172,306
01/21/2000,PUB,CO,ANM,WE,Combined TRACON& Tower with Radar,1,13,39,18,71,0,6,14,0,20,1,19,53,18,91,42,80,122,213
01/22/2000,PUB,CO,ANM,WE,Combined TRACON& Tower with Radar,0,21,77,21,119,0,5,77,0,82,0,26,154,21,201,112,64,176,377
01/23/2000,PUB,CO,ANM,WE,Combined TRACON& Tower with Radar,0,19,48,6,73,0,0,64,0,64,0,19,112,6,137,110,10,120,257
01/24/2000,PUB,CO,ANM,WE,Combined TRACON& Tower with Radar,0,19,55,10,84,0,0,3,0,3,0,19,58,10,87,80,26,106,193
01/25/2000,PUB,CO,ANM,WE,Combined TRACON& Tower with Radar,0,27,32,6,65,0,8,10,4,22,0,35,42,10,87,26,20,46,133
01/26/2000,PUB,CO,ANM,WE,Combined TRACON& Tower with Radar,2,35,32,24,93,0,4,0,0,4,2,39,32,24,97,36,64,100,197
01/27/2000,PUB,CO,ANM,WE,Combined TRACON& Tower with Radar,0,13,20,0,33,0,0,0,1,1,0,13,20,1,34,0,0,0,34
01/28/2000,PUB,CO,ANM,WE,Combined TRACON& Tower with Radar,0,14,22,2,38,0,0,1,0,1,0,14,23,2,39,4,0,4,43
01/29/2000,PUB,CO,ANM,WE,Combined TRACON& Tower with Radar,0,15,42,8,65,0,0,13,0,13,0,15,55,8,78,56,22,78,156
01/30/2000,PUB,CO,ANM,WE,Combined TRACON& Tower with Radar,0,7,23,11,41,0,0,56,3,59,0,7,79,14,100,2,32,34,134
01/31/2000,PUB,CO,ANM,WE,Combined TRACON& Tower with Radar,0,14,42,0,56,0,0,13,0,13,0,14,55,0,69,56,80,136,205
02/01/2000,PUB,CO,ANM,WE,Combined TRACON& Tower with Radar,1,10,44,19,74,0,0,26,9,35,1,10,70,28,109,62,66,128,237
02/02/2000,PUB,CO,ANM,WE,Combined TRACON& Tower with Radar,0,11,46,7,64,1,0,47,3,51,1,11,93,10,115,56,24,80,195
02/03/2000,PUB,CO,ANM,WE,Combined TRACON& Tower with Radar,0,9,42,17,68,0,0,44,3,47,0,9,86,20,115,18,78,96,211
02/04/2000,PUB,CO,ANM,WE,Combined TRACON& Tower with Radar,2,9,41,16,68,2,1,3,0,6,4,10,44,16,74,40,84,124,198
02/05/2000,PUB,CO,ANM,WE,Combined TRACON& Tower with Radar,0,12,28,10,50,0,0,71,0,71,0,12,99,10,121,38,48,86,207
02/06/2000,PUB,CO,ANM,WE,Combined TRACON& Tower with Radar,0,6,34,1,41,0,0,83,3,86,0,6,117,4,127,110,24,134,261
02/07/2000,PUB,CO,ANM,WE,Combined TRACON& Tower with Radar,0,9,21,12,42,0,0,31,0,31,0,9,52,12,73,38,72,110,183
02/08/2000,PUB,CO,ANM,WE,Combined TRACON& Tower with Radar,0,8,37,16,61,0,2,35,0,37,0,10,72,16,98,46,46,92,190
02/09/2000,PUB,CO,ANM,WE,Combined TRACON& Tower with Radar,0,12,50,14,76,0,0,24,0,24,0,12,74,14,100,82,70,152,252
02/10/2000,PUB,CO,ANM,WE,Combined TRACON& Tower with Radar,2,8,68,16,94,0,2,0,0,2,2,10,68,16,96,62,52,114,210
02/11/2000,PUB,CO,ANM,WE,Combined TRACON& Tower with Radar,0,14,9,0,23,0,0,0,0,0,0,14,9,0,23,0,0,0,23
02/12/2000,PUB,CO,ANM,WE,Combined TRACON& Tower with Radar,0,12,56,2,70,0,0,15,0,15,0,12,71,2,85,40,0,40,125
02/13/2000,PUB,CO,ANM,WE,Combined TRACON& Tower with Radar,0,4,32,8,44,0,0,0,0,0,0,4,32,8,44,38,8,46,90
02/14/2000,PUB,CO,ANM,WE,Combined TRACON& Tower with Radar,0,11,16,7,34,0,0,24,0,24,0,11,40,7,58,92,24,116,174
02/15/2000,PUB,CO,ANM,WE,Combined TRACON& Tower with Radar,1,7,28,13,49,0,0,16,1,17,1,7,44,14,66,52,40,92,158
02/16/2000,PUB,CO,ANM,WE,Combined TRACON& Tower with Radar,0,9,52,18,79,0,1,39,0,40,0,10,91,18,119,78,69,147,266
02/17/2000,PUB,CO,ANM,WE,Combined TRACON& Tower with Radar,3,13,52,4,72,0,0,8,8,16,3,13,60,12,88,22,18,40,128
02/18/2000,PUB,CO,ANM,WE,Combined TRACON& Tower with Radar,0,13,63,29,105,0,3,18,0,21,0,16,81,29,126,46,28,74,200
02/19/2000,PUB,CO,ANM,WE,Combined TRACON& Tower with Radar,0,11,66,1,78,0,2,134,23,159,0,13,200,24,237,108,16,124,361
02/20/2000,PUB,CO,ANM,WE,Combined TRACON& Tower with Radar,0,6,49,0,55,0,2,94,28,124,0,8,143,28,179,120,22,142,321
02/21/2000,PUB,CO,ANM,WE,Combined TRACON& Tower with Radar,0,8,46,4,58,0,0,36,0,36,0,8,82,4,94,127,1,128,222
02/22/2000,PUB,CO,ANM,WE,Combined TRACON& Tower with Radar,0,19,53,34,106,0,0,9,0,9,0,19,62,34,115,76,116,192,307
02/23/2000,PUB,CO,ANM,WE,Combined TRACON& Tower with Radar,0,11,53,8,72,0,0,34,0,34,0,11,87,8,106,72,46,118,224
02/24/2000,PUB,CO,ANM,WE,Combined TRACON& Tower with Radar,4,14,37,17,72,0,1,7,0,8,4,15,44,17,80,20,70,90,170
02/25/2000,PUB,CO,ANM,WE,Combined TRACON& Tower with Radar,0,11,26,6,43,0,0,6,0,6,0,11,32,6,49,6,10,16,65
02/26/2000,PUB,CO,ANM,WE,Combined TRACON& Tower with Radar,0,11,46,5,62,0,1,51,5,57,0,12,97,10,119,118,10,128,247
02/27/2000,PUB,CO,ANM,WE,Combined TRACON& Tower with Radar,0,8,78,7,93,0,0,62,3,65,0,8,140,10,158,200,10,210,368
02/28/2000,PUB,CO,ANM,WE,Combined TRACON& Tower with Radar,2,14,27,6,49,0,0,10,0,10,2,14,37,6,59,20,10,30,89
02/29/2000,PUB,CO,ANM,WE,Combined TRACON& Tower with Radar,0,8,24,11,43,0,0,35,0,35,0,8,59,11,78,44,72,116,194
03/01/2000,PUB,CO,ANM,WE,Combined TRACON& Tower with Radar,0,14,47,10,71,0,0,22,0,22,0,14,69,10,93,84,28,112,205
03/02/2000,PUB,CO,ANM,WE,Combined TRACON& Tower with Radar,0,13,29,4,46,0,0,1,0,1,0,13,30,4,47,0,8,8,55
03/03/2000,PUB,CO,ANM,WE,Combined TRACON& Tower with Radar,2,11,34,14,61,0,1,26,0,27,2,12,60,14,88,62,22,84,172
03/04/2000,PUB,CO,ANM,WE,Combined TRACON& Tower with Radar,0,6,38,10,54,0,0,99,0,99,0,6,137,10,153,86,18,104,257
03/05/2000,PUB,CO,ANM,WE,Combined TRACON& Tower with Radar,0,6,26,10,42,0,1,50,0,51,0,7,76,10,93,54,42,96,189
03/06/2000,PUB,CO,ANM,WE,Combined TRACON& Tower with Radar,0,12,43,11,66,0,0,9,0,9,0,12,52,11,75,39,86,125,200
03/07/2000,PUB,CO,ANM,WE,Combined TRACON& Tower with Radar,0,10,19,2,31,0,0,9,0,9,0,10,28,2,40,8,8,16,56
03/08/2000,PUB,CO,ANM,WE,Combined TRACON& Tower with Radar,4,9,23,29,65,0,0,16,0,16,4,9,39,29,81,16,104,120,201
03/09/2000,PUB,CO,ANM,WE,Combined TRACON& Tower with Radar,0,9,35,10,54,0,0,17,0,17,0,9,52,10,71,6,14,20,91
03/10/2000,PUB,CO,ANM,WE,Combined TRACON& Tower with Radar,0,11,39,7,57,0,0,11,0,11,0,11,50,7,68,30,10,40,108
03/11/2000,PUB,CO,ANM,WE,Combined TRACON& Tower with Radar,0,6,85,12,103,0,1,88,0,89,0,7,173,12,192,110,84,194,386
03/12/2000,PUB,CO,ANM,WE,Combined TRACON& Tower with Radar,2,10,48,0,60,0,0,57,2,59,2,10,105,2,119,64,0,64,183
03/13/2000,PUB,CO,ANM,WE,Combined TRACON& Tower with Radar,0,9,32,4,45,0,0,40,6,46,0,9,72,10,91,60,36,96,187
03/14/2000,PUB,CO,ANM,WE,Combined TRACON& Tower with Radar,2,14,39,9,64,0,2,58,6,66,2,16,97,15,130,62,44,106,236
03/15/2000,PUB,CO,ANM,WE,Combined TRACON& Tower with Radar,2,14,49,5,70,0,0,0,0,0,2,14,49,5,70,0,34,34,104
03/16/2000,PUB,CO,ANM,WE,Combined TRACON& Tower with Radar,4,9,66,15,94,0,4,23,0,27,4,13,89,15,121,50,66,116,237
03/17/2000,PUB,CO,ANM,WE,Combined TRACON& Tower with Radar,2,15,35,32,84,0,0,37,0,37,2,15,72,32,121,52,24,76,197
03/18/2000,PUB,CO,ANM,WE,Combined TRACON& Tower with Radar,0,8,39,10,57,0,0,1,0,1,0,8,40,10,58,68,12,80,138
03/19/2000,PUB,CO,ANM,WE,Combined TRACON& Tower with Radar,0,5,79,3,87,0,1,97,3,101,0,6,176,6,188,134,0,134,322
03/20/2000,PUB,CO,ANM,WE,Combined TRACON& Tower with Radar,4,16,14,0,34,0,0,0,0,0,4,16,14,0,34,6,0,6,40
03/21/2000,PUB,CO,ANM,WE,Combined TRACON& Tower with Radar,0,13,9,7,29,0,0,1,0,1,0,13,10,7,30,12,12,24,54
03/22/2000,PUB,CO,ANM,WE,Combined TRACON& Tower with Radar,2,14,38,4,58,0,0,0,0,0,2,14,38,4,58,15,24,39,97
03/23/2000,PUB,CO,ANM,WE,Combined TRACON& Tower with Radar,0,7,47,7,61,0,2,42,4,48,0,9,89,11,109,54,20,74,183
03/24/2000,PUB,CO,ANM,WE,Combined TRACON& Tower with Radar,2,8,45,26,81,0,1,47,0,48,2,9,92,26,129,56,68,124,253
03/25/2000,PUB,CO,ANM,WE,Combined TRACON& Tower with Radar,0,8,68,6,82,0,0,87,0,87,0,8,155,6,169,130,18,148,317
03/26/2000,PUB,CO,ANM,WE,Combined TRACON& Tower with Radar,0,8,47,6,61,0,0,41,0,41,0,8,88,6,102,24,24,48,150
03/27/2000,PUB,CO,ANM,WE,Combined TRACON& Tower with Radar,0,14,47,6,67,0,0,21,0,21,0,14,68,6,88,100,30,130,218
03/28/2000,PUB,CO,ANM,WE,Combined TRACON& Tower with Radar,0,12,24,16,52,0,2,34,0,36,0,14,58,16,88,82,90,172,260
03/29/2000,PUB,CO,ANM,WE,Combined TRACON& Tower with Radar,0,15,45,8,68,0,0,25,0,25,0,15,70,8,93,48,20,68,161
03/30/2000,PUB,CO,ANM,WE,Combined TRACON& Tower with Radar,0,14,20,3,37,0,0,0,1,1,0,14,20,4,38,8,0,8,46
03/31/2000,PUB,CO,ANM,WE,Combined TRACON& Tower with Radar,0,16,14,0,30,0,0,3,0,3,0,16,17,0,33,0,0,0,33
04/01/2000,PUB,CO,ANM,WE,Combined TRACON& Tower with Radar,0,9,77,5,91,0,1,37,1,39,0,10,114,6,130,74,2,76,206
04/02/2000,PUB,CO,ANM,WE,Combined TRACON& Tower with Radar,0,9,45,6,60,0,1,53,6,60,0,10,98,12,120,24,18,42,162
04/03/2000,PUB,CO,ANM,WE,Combined TRACON& Tower with Radar,0,13,59,12,84,0,1,13,0,14,0,14,72,12,98,98,56,154,252
04/04/2000,PUB,CO,ANM,WE,Combined TRACON& Tower with Radar,1,10,37,15,63,1,0,23,0,24,2,10,60,15,87,48,58,106,193
04/05/2000,PUB,CO,ANM,WE,Combined TRACON& Tower with Radar,2,10,38,5,55,0,0,40,0,40,2,10,78,5,95,70,38,108,203
04/06/2000,PUB,CO,ANM,WE,Combined TRACON& Tower with Radar,0,15,84,12,111,0,2,21,0,23,0,17,105,12,134,196,54,250,384
04/07/2000,PUB,CO,ANM,WE,Combined TRACON& Tower with Radar,0,12,37,9,58,0,0,20,0,20,0,12,57,9,78,64,38,102,180
04/08/2000,PUB,CO,ANM,WE,Combined TRACON& Tower with Radar,0,6,81,34,121,0,6,85,0,91,0,12,166,34,212,192,70,262,474
04/09/2000,PUB,CO,ANM,WE,Combined TRACON& Tower with Radar,0,4,43,6,53,0,0,91,0,91,0,4,134,6,144,80,18,98,242
04/10/2000,PUB,CO,ANM,WE,Combined TRACON& Tower with Radar,0,10,40,10,60,0,0,3,0,3,0,10,43,10,63,78,50,128,191
04/11/2000,PUB,CO,ANM,WE,Combined TRACON& Tower with Radar,0,11,15,12,38,0,2,23,0,25,0,13,38,12,63,48,50,98,161
04/12/2000,PUB,CO,ANM,WE,Combined TRACON& Tower with Radar,2,10,61,6,79,0,0,128,0,128,2,10,189,6,207,100,40,140,347
04/13/2000,PUB,CO,ANM,WE,Combined TRACON& Tower with Radar,2,20,56,19,97,0,5,28,0,33,2,25,84,19,130,62,110,172,302
04/14/2000,PUB,CO,ANM,WE,Combined TRACON& Tower with Radar,2,14,21,22,59,0,4,19,0,23,2,18,40,22,82,42,78,120,202
04/15/2000,PUB,CO,ANM,WE,Combined TRACON& Tower with Radar,3,20,51,4,78,1,0,0,0,1,4,20,51,4,79,50,6,56,135
04/16/2000,PUB,CO,ANM,WE,Combined TRACON& Tower with Radar,0,6,52,2,60,0,0,69,0,69,0,6,121,2,129,78,2,80,209
04/17/2000,PUB,CO,ANM,WE,Combined TRACON& Tower with Radar,0,14,23,0,37,0,4,70,2,76,0,18,93,2,113,96,0,96,209
04/18/2000,PUB,CO,ANM,WE,Combined TRACON& Tower with Radar,0,18,27,9,54,0,0,8,0,8,0,18,35,9,62,36,52,88,150
04/19/2000,PUB,CO,ANM,WE,Combined TRACON& Tower with Radar,0,13,22,11,46,0,1,14,0,15,0,14,36,11,61,14,48,62,123
04/20/2000,PUB,CO,ANM,WE,Combined TRACON& Tower with Radar,0,20,71,28,119,0,0,93,0,93,0,20,164,28,212,166,44,210,422
04/21/2000,PUB,CO,ANM,WE,Combined TRACON& Tower with Radar,2,10,40,21,73,0,8,86,0,94,2,18,126,21,167,102,58,160,327
04/22/2000,PUB,CO,ANM,WE,Combined TRACON& Tower with Radar,0,5,35,0,40,0,0,66,0,66,0,5,101,0,106,84,0,84,190
04/23/2000,PUB,CO,ANM,WE,Combined TRACON& Tower with Radar,0,4,6,0,10,0,0,27,0,27,0,4,33,0,37,1,0,1,38
04/24/2000,PUB,CO,ANM,WE,Combined TRACON& Tower with Radar,0,10,37,17,64,0,0,21,0,21,0,10,58,17,85,88,98,186,271
04/25/2000,PUB,CO,ANM,WE,Combined TRACON& Tower with Radar,0,14,50,11,75,0,0,27,0,27,0,14,77,11,102,112,58,170,272
04/26/2000,PUB,CO,ANM,WE,Combined TRACON& Tower with Radar,0,13,40,16,69,0,3,44,0,47,0,16,84,16,116,116,130,246,362
04/27/2000,PUB,CO,ANM,WE,Combined TRACON& Tower with Radar,0,11,30,14,55,0,0,37,0,37,0,11,67,14,92,94,36,130,222
04/28/2000,PUB,CO,ANM,WE,Combined TRACON& Tower with Radar,4,14,57,19,94,0,0,79,0,79,4,14,136,19,173,54,68,122,295
04/29/2000,PUB,CO,ANM,WE,Combined TRACON& Tower with Radar,0,7,41,13,61,0,0,84,0,84,0,7,125,13,145,124,40,164,309
04/30/2000,PUB,CO,ANM,WE,Combined TRACON& Tower with Radar,0,18,16,0,34,0,0,13,0,13,0,18,29,0,47,6,2,8,55
05/01/2000,PUB,CO,ANM,WE,Combined TRACON& Tower with Radar,0,10,21,8,39,0,0,61,0,61,0,10,82,8,100,88,24,112,212
05/02/2000,PUB,CO,ANM,WE,Combined TRACON& Tower with Radar,0,10,39,20,69,0,0,33,0,33,0,10,72,20,102,102,84,186,288
05/03/2000,PUB,CO,ANM,WE,Combined TRACON& Tower with Radar,0,14,31,18,63,0,2,63,0,65,0,16,94,18,128,78,80,158,286
05/04/2000,PUB,CO,ANM,WE,Combined TRACON& Tower with Radar,2,11,48,22,83,0,1,61,2,64,2,12,109,24,147,86,94,180,327
05/05/2000,PUB,CO,ANM,WE,Combined TRACON& Tower with Radar,1,11,38,14,64,1,1,84,0,86,2,12,122,14,150,90,36,126,276
05/06/2000,PUB,CO,ANM,WE,Combined TRACON& Tower with Radar,2,10,51,11,74,0,2,71,3,76,2,12,122,14,150,88,24,112,262
05/07/2000,PUB,CO,ANM,WE,Combined TRACON& Tower with Radar,0,11,43,1,55,0,0,41,1,42,0,11,84,2,97,56,8,64,161
05/08/2000,PUB,CO,ANM,WE,Combined TRACON& Tower with Radar,0,14,45,8,67,0,0,6,0,6,0,14,51,8,73,16,28,44,117
05/09/2000,PUB,CO,ANM,WE,Combined TRACON& Tower with Radar,0,18,61,35,114,0,0,32,0,32,0,18,93,35,146,102,148,250,396
05/10/2000,PUB,CO,ANM,WE,Combined TRACON& Tower with Radar,1,11,55,17,84,0,0,7,0,7,1,11,62,17,91,64,108,172,263
05/11/2000,PUB,CO,ANM,WE,Combined TRACON& Tower with Radar,0,11,39,17,67,2,9,8,0,19,2,20,47,17,86,14,34,48,134
05/12/2000,PUB,CO,ANM,WE,Combined TRACON& Tower with Radar,0,13,44,16,73,0,2,75,0,77,0,15,119,16,150,92,95,187,337
05/13/2000,PUB,CO,ANM,WE,Combined TRACON& Tower with Radar,0,8,39,10,57,0,5,79,0,84,0,13,118,10,141,70,50,120,261
05/14/2000,PUB,CO,ANM,WE,Combined TRACON& Tower with Radar,0,3,11,0,14,0,2,73,0,75,0,5,84,0,89,36,0,36,125
05/15/2000,PUB,CO,ANM,WE,Combined TRACON& Tower with Radar,1,12,45,12,70,0,0,33,0,33,1,12,78,12,103,52,38,90,193
05/16/2000,PUB,CO,ANM,WE,Combined TRACON& Tower with Radar,0,11,38,8,57,2,1,32,0,35,2,12,70,8,92,102,34,136,228
05/17/2000,PUB,CO,ANM,WE,Combined TRACON& Tower with Radar,4,11,30,2,47,1,0,23,0,24,5,11,53,2,71,30,6,36,107
05/18/2000,PUB,CO,ANM,WE,Combined TRACON& Tower with Radar,2,20,34,18,74,0,3,31,0,34,2,23,65,18,108,46,48,94,202
05/19/2000,PUB,CO,ANM,WE,Combined TRACON& Tower with Radar,0,12,50,28,90,0,1,39,0,40,0,13,89,28,130,124,80,204,334
05/20/2000,PUB,CO,ANM,WE,Combined TRACON& Tower with Radar,0,6,50,9,65,0,1,48,0,49,0,7,98,9,114,112,70,182,296
05/21/2000,PUB,CO,ANM,WE,Combined TRACON& Tower with Radar,1,15,24,5,45,0,0,72,3,75,1,15,96,8,120,40,2,42,162
05/22/2000,PUB,CO,ANM,WE,Combined TRACON& Tower with Radar,1,8,61,4,74,0,0,26,0,26,1,8,87,4,100,106,22,128,228
05/23/2000,PUB,CO,ANM,WE,Combined TRACON& Tower with Radar,0,13,58,24,95,0,0,41,0,41,0,13,99,24,136,78,84,162,298
05/24/2000,PUB,CO,ANM,WE,Combined TRACON& Tower with Radar,0,11,37,4,52,0,0,16,0,16,0,11,53,4,68,40,12,52,120
05/25/2000,PUB,CO,ANM,WE,Combined TRACON& Tower with Radar,2,15,34,13,64,0,0,29,0,29,2,15,63,13,93,64,28,92,185
05/26/2000,PUB,CO,ANM,WE,Combined TRACON& Tower with Radar,0,13,45,9,67,2,5,33,0,40,2,18,78,9,107,72,68,140,247
05/27/2000,PUB,CO,ANM,WE,Combined TRACON& Tower with Radar,0,8,44,1,53,0,0,98,5,103,0,8,142,6,156,88,30,118,274
05/28/2000,PUB,CO,ANM,WE,Combined TRACON& Tower with Radar,2,4,15,2,23,0,0,49,0,49,2,4,64,2,72,26,2,28,100
05/29/2000,PUB,CO,ANM,WE,Combined TRACON& Tower with Radar,0,8,42,0,50,0,0,90,2,92,0,8,132,2,142,118,4,122,264
05/30/2000,PUB,CO,ANM,WE,Combined TRACON& Tower with Radar,0,9,53,24,86,0,1,50,0,51,0,10,103,24,137,74,80,154,291
05/31/2000,PUB,CO,ANM,WE,Combined TRACON& Tower with Radar,0,26,67,16,109,0,2,45,8,55,0,28,112,24,164,54,20,74,238
06/01/2000,PUB,CO,ANM,WE,Combined TRACON& Tower with Radar,2,20,42,12,76,0,2,42,0,44,2,22,84,12,120,62,32,94,214
06/02/2000,PUB,CO,ANM,WE,Combined TRACON& Tower with Radar,0,17,23,12,52,0,4,25,0,29,0,21,48,12,81,74,66,140,221
06/03/2000,PUB,CO,ANM,WE,Combined TRACON& Tower with Radar,0,4,53,14,71,0,2,65,0,67,0,6,118,14,138,60,34,94,232
06/04/2000,PUB,CO,ANM,WE,Combined TRACON& Tower with Radar,0,10,26,7,43,2,0,44,6,52,2,10,70,13,95,16,4,20,115
06/05/2000,PUB,CO,ANM,WE,Combined TRACON& Tower with Radar,0,13,31,13,57,0,0,35,1,36,0,13,66,14,93,38,18,56,149
06/06/2000,PUB,CO,ANM,WE,Combined TRACON& Tower with Radar,2,12,35,27,76,0,1,55,9,65,2,13,90,36,141,106,70,176,317
06/07/2000,PUB,CO,ANM,WE,Combined TRACON& Tower with Radar,0,16,42,40,98,0,3,81,0,84,0,19,123,40,182,94,134,228,410
06/08/2000,PUB,CO,ANM,WE,Combined TRACON& Tower with Radar,0,19,54,20,93,0,0,44,0,44,0,19,98,20,137,80,80,160,297
06/09/2000,PUB,CO,ANM,WE,Combined TRACON& Tower with Radar,5,7,27,16,55,0,0,32,0,32,5,7,59,16,87,42,36,78,165
06/10/2000,PUB,CO,ANM,WE,Combined TRACON& Tower with Radar,0,8,49,33,90,0,0,19,7,26,0,8,68,40,116,86,60,146,262
06/11/2000,PUB,CO,ANM,WE,Combined TRACON& Tower with Radar,0,6,60,4,70,0,0,75,0,75,0,6,135,4,145,62,0,62,207
06/12/2000,PUB,CO,ANM,WE,Combined TRACON& Tower with Radar,0,11,49,16,76,0,2,23,0,25,0,13,72,16,101,72,70,142,243
06/13/2000,PUB,CO,ANM,WE,Combined TRACON& Tower with Radar,0,15,37,21,73,0,2,12,0,14,0,17,49,21,87,64,56,120,207
06/14/2000,PUB,CO,ANM,WE,Combined TRACON& Tower with Radar,2,12,51,18,83,0,0,49,0,49,2,12,100,18,132,62,76,138,270
06/15/2000,PUB,CO,ANM,WE,Combined TRACON& Tower with Radar,0,13,36,25,74,0,0,48,0,48,0,13,84,25,122,20,42,62,184
06/16/2000,PUB,CO,ANM,WE,Combined TRACON& Tower with Radar,0,11,34,27,72,0,4,67,0,71,0,15,101,27,143,104,56,160,303
06/17/2000,PUB,CO,ANM,WE,Combined TRACON& Tower with Radar,0,8,64,12,84,0,6,0,0,6,0,14,64,12,90,100,36,136,226
06/18/2000,PUB,CO,ANM,WE,Combined TRACON& Tower with Radar,0,6,51,6,63,0,4,91,0,95,0,10,142,6,158,70,10,80,238
06/19/2000,PUB,CO,ANM,WE,Combined TRACON& Tower with Radar,0,16,47,6,69,0,0,21,0,21,0,16,68,6,90,104,36,140,230
06/20/2000,PUB,CO,ANM,WE,Combined TRACON& Tower with Radar,2,27,34,16,79,0,3,48,0,51,2,30,82,16,130,210,124,334,464
06/21/2000,PUB,CO,ANM,WE,Combined TRACON& Tower with Radar,0,14,55,16,85,0,0,93,0,93,0,14,148,16,178,218,78,296,474
06/22/2000,PUB,CO,ANM,WE,Combined TRACON& Tower with Radar,0,13,49,26,88,0,0,80,0,80,0,13,129,26,168,114,40,154,322
06/23/2000,PUB,CO,ANM,WE,Combined TRACON& Tower with Radar,0,15,51,10,76,2,10,43,0,55,2,25,94,10,131,100,64,164,295
06/24/2000,PUB,CO,ANM,WE,Combined TRACON& Tower with Radar,0,8,38,8,54,0,3,66,0,69,0,11,104,8,123,106,32,138,261
06/25/2000,PUB,CO,ANM,WE,Combined TRACON& Tower with Radar,2,8,37,8,55,0,0,75,0,75,2,8,112,8,130,48,26,74,204
06/26/2000,PUB,CO,ANM,WE,Combined TRACON& Tower with Radar,0,13,60,13,86,0,1,5,0,6,0,14,65,13,92,46,28,74,166
06/27/2000,PUB,CO,ANM,WE,Combined TRACON& Tower with Radar,0,14,41,23,78,0,8,0,0,8,0,22,41,23,86,60,78,138,224
06/28/2000,PUB,CO,ANM,WE,Combined TRACON& Tower with Radar,0,12,53,35,100,1,0,14,5,20,1,12,67,40,120,36,126,162,282
06/29/2000,PUB,CO,ANM,WE,Combined TRACON& Tower with Radar,2,11,36,16,65,0,3,64,0,67,2,14,100,16,132,104,44,148,280
06/30/2000,PUB,CO,ANM,WE,Combined TRACON& Tower with Radar,0,11,65,10,86,0,6,116,0,122,0,17,181,10,208,154,16,170,378
07/01/2000,PUB,CO,ANM,WE,Combined TRACON& Tower with Radar,0,6,56,0,62,0,3,128,0,131,0,9,184,0,193,160,0,160,353
07/02/2000,PUB,CO,ANM,WE,Combined TRACON& Tower with Radar,0,5,41,0,46,0,0,51,5,56,0,5,92,5,102,86,0,86,188
07/03/2000,PUB,CO,ANM,WE,Combined TRACON& Tower with Radar,0,7,24,0,31,0,0,68,5,73,0,7,92,5,104,122,22,144,248
07/04/2000,PUB,CO,ANM,WE,Combined TRACON& Tower with Radar,0,10,32,0,42,0,3,95,5,103,0,13,127,5,145,76,6,82,227
07/05/2000,PUB,CO,ANM,WE,Combined TRACON& Tower with Radar,0,15,46,49,110,0,1,50,0,51,0,16,96,49,161,62,132,194,355
07/06/2000,PUB,CO,ANM,WE,Combined TRACON& Tower with Radar,0,13,29,16,58,0,0,39,0,39,0,13,68,16,97,110,62,172,269
07/07/2000,PUB,CO,ANM,WE,Combined TRACON& Tower with Radar,2,8,49,18,77,0,6,72,0,78,2,14,121,18,155,114,78,192,347
07/08/2000,PUB,CO,ANM,WE,Combined TRACON& Tower with Radar,0,19,50,10,79,0,4,95,0,99,0,23,145,10,178,148,16,164,342
07/09/2000,PUB,CO,ANM,WE,Combined TRACON& Tower with Radar,0,4,51,5,60,0,0,96,3,99,0,4,147,8,159,80,0,80,239
07/10/2000,PUB,CO,ANM,WE,Combined TRACON& Tower with Radar,0,9,14,4,27,0,0,46,2,48,0,9,60,6,75,44,26,70,145
07/11/2000,PUB,CO,ANM,WE,Combined TRACON& Tower with Radar,0,10,33,13,56,0,3,28,0,31,0,13,61,13,87,104,18,122,209
07/12/2000,PUB,CO,ANM,WE,Combined TRACON& Tower with Radar,2,13,56,9,80,0,0,100,7,107,2,13,156,16,187,184,45,229,416
07/13/2000,PUB,CO,ANM,WE,Combined TRACON& Tower with Radar,0,15,32,8,55,0,1,22,0,23,0,16,54,8,78,62,24,86,164
07/14/2000,PUB,CO,ANM,WE,Combined TRACON& Tower with Radar,0,15,46,18,79,0,2,47,0,49,0,17,93,18,128,90,30,120,248
07/15/2000,PUB,CO,ANM,WE,Combined TRACON& Tower with Radar,0,20,30,16,66,0,0,97,0,97,0,20,127,16,163,48,80,128,291
07/16/2000,PUB,CO,ANM,WE,Combined TRACON& Tower with Radar,0,6,32,20,58,0,0,62,0,62,0,6,94,20,120,34,58,92,212
07/17/2000,PUB,CO,ANM,WE,Combined TRACON& Tower with Radar,0,12,37,16,65,0,0,8,0,8,0,12,45,16,73,34,62,96,169
07/18/2000,PUB,CO,ANM,WE,Combined TRACON& Tower with Radar,0,16,50,18,84,0,6,42,0,48,0,22,92,18,132,142,164,306,438
07/19/2000,PUB,CO,ANM,WE,Combined TRACON& Tower with Radar,0,15,49,28,92,2,2,27,0,31,2,17,76,28,123,88,62,150,273
07/20/2000,PUB,CO,ANM,WE,Combined TRACON& Tower with Radar,2,12,35,7,56,0,0,18,12,30,2,12,53,19,86,28,46,74,160
07/21/2000,PUB,CO,ANM,WE,Combined TRACON& Tower with Radar,0,12,44,12,68,0,1,35,0,36,0,13,79,12,104,92,88,180,284
07/22/2000,PUB,CO,ANM,WE,Combined TRACON& Tower with Radar,0,12,43,4,59,0,4,67,0,71,0,16,110,4,130,68,6,74,204
07/23/2000,PUB,CO,ANM,WE,Combined TRACON& Tower with Radar,0,12,46,13,71,0,0,75,0,75,0,12,121,13,146,88,14,102,248
07/24/2000,PUB,CO,ANM,WE,Combined TRACON& Tower with Radar,0,10,27,8,45,0,0,27,0,27,0,10,54,8,72,34,56,90,162
07/25/2000,PUB,CO,ANM,WE,Combined TRACON& Tower with Radar,0,14,49,24,87,0,6,38,12,56,0,20,87,36,143,36,82,118,261
07/26/2000,PUB,CO,ANM,WE,Combined TRACON& Tower with Radar,0,8,27,15,50,0,0,41,14,55,0,8,68,29,105,34,60,94,199
07/27/2000,PUB,CO,ANM,WE,Combined TRACON& Tower with Radar,0,15,45,21,81,0,3,60,0,63,0,18,105,21,144,30,50,80,224
07/28/2000,PUB,CO,ANM,WE,Combined TRACON& Tower with Radar,0,11,39,19,69,2,1,54,4,61,2,12,93,23,130,108,64,172,302
07/29/2000,PUB,CO,ANM,WE,Combined TRACON& Tower with Radar,0,7,30,6,43,0,5,82,0,87,0,12,112,6,130,84,6,90,220
07/30/2000,PUB,CO,ANM,WE,Combined TRACON& Tower with Radar,0,6,85,2,93,0,0,57,4,61,0,6,142,6,154,120,36,156,310
07/31/2000,PUB,CO,ANM,WE,Combined TRACON& Tower with Radar,0,11,39,10,60,0,2,42,0,44,0,13,81,10,104,66,42,108,212
08/01/2000,PUB,CO,ANM,WE,Combined TRACON& Tower with Radar,1,20,72,10,103,0,0,26,0,26,1,20,98,10,129,132,34,166,295
08/02/2000,PUB,CO,ANM,WE,Combined TRACON& Tower with Radar,2,16,69,4,91,0,3,105,6,114,2,19,174,10,205,162,12,174,379
08/03/2000,PUB,CO,ANM,WE,Combined TRACON& Tower with Radar,2,12,42,27,83,0,4,76,0,80,2,16,118,27,163,78,72,150,313
08/04/2000,PUB,CO,ANM,WE,Combined TRACON& Tower with Radar,0,11,55,10,76,0,6,33,0,39,0,17,88,10,115,70,78,148,263
08/05/2000,PUB,CO,ANM,WE,Combined TRACON& Tower with Radar,0,9,60,10,79,0,3,82,0,85,0,12,142,10,164,68,28,96,260
08/06/2000,PUB,CO,ANM,WE,Combined TRACON& Tower with Radar,0,4,50,0,54,0,1,53,0,54,0,5,103,0,108,62,0,62,170
08/07/2000,PUB,CO,ANM,WE,Combined TRACON& Tower with Radar,0,13,46,10,69,0,1,36,0,37,0,14,82,10,106,62,30,92,198
08/08/2000,PUB,CO,ANM,WE,Combined TRACON& Tower with Radar,0,11,30,8,49,0,1,63,0,64,0,12,93,8,113,74,30,104,217
08/09/2000,PUB,CO,ANM,WE,Combined TRACON& Tower with Radar,0,12,67,8,87,0,1,49,2,52,0,13,116,10,139,100,30,130,269
08/10/2000,PUB,CO,ANM,WE,Combined TRACON& Tower with Radar,0,9,31,22,62,0,2,38,0,40,0,11,69,22,102,48,32,80,182
08/11/2000,PUB,CO,ANM,WE,Combined TRACON& Tower with Radar,0,12,34,18,64,0,2,41,0,43,0,14,75,18,107,32,32,64,171
08/12/2000,PUB,CO,ANM,WE,Combined TRACON& Tower with Radar,0,11,33,4,48,0,4,86,3,93,0,15,119,7,141,94,8,102,243
08/13/2000,PUB,CO,ANM,WE,Combined TRACON& Tower with Radar,0,9,70,2,81,0,1,54,0,55,0,10,124,2,136,72,4,76,212
08/14/2000,PUB,CO,ANM,WE,Combined TRACON& Tower with Radar,0,14,30,6,50,0,1,78,0,79,0,15,108,6,129,52,42,94,223
08/15/2000,PUB,CO,ANM,WE,Combined TRACON& Tower with Radar,0,13,69,9,91,0,3,39,0,42,0,16,108,9,133,80,40,120,253
08/16/2000,PUB,CO,ANM,WE,Combined TRACON& Tower with Radar,0,25,68,10,103,0,4,50,8,62,0,29,118,18,165,108,12,120,285
08/17/2000,PUB,CO,ANM,WE,Combined TRACON& Tower with Radar,0,10,41,18,69,0,0,52,0,52,0,10,93,18,121,70,20,90,211
08/18/2000,PUB,CO,ANM,WE,Combined TRACON& Tower with Radar,4,17,43,12,76,0,0,22,0,22,4,17,65,12,98,18,42,60,158
08/19/2000,PUB,CO,ANM,WE,Combined TRACON& Tower with Radar,0,6,48,5,59,0,4,89,0,93,0,10,137,5,152,48,30,78,230
08/20/2000,PUB,CO,ANM,WE,Combined TRACON& Tower with Radar,2,6,17,2,27,0,0,83,3,86,2,6,100,5,113,61,0,61,174
08/21/2000,PUB,CO,ANM,WE,Combined TRACON& Tower with Radar,0,8,43,15,66,0,1,38,0,39,0,9,81,15,105,66,88,154,259
08/22/2000,PUB,CO,ANM,WE,Combined TRACON& Tower with Radar,2,15,41,17,75,0,2,49,0,51,2,17,90,17,126,56,68,124,250
08/23/2000,PUB,CO,ANM,WE,Combined TRACON& Tower with Radar,0,14,66,21,101,0,0,45,27,72,0,14,111,48,173,100,94,194,367
08/24/2000,PUB,CO,ANM,WE,Combined TRACON& Tower with Radar,2,13,40,16,71,0,0,72,16,88,2,13,112,32,159,112,90,202,361
08/25/2000,PUB,CO,ANM,WE,Combined TRACON& Tower with Radar,0,9,48,23,80,0,0,63,0,63,0,9,111,23,143,82,140,222,365
08/26/2000,PUB,CO,ANM,WE,Combined TRACON& Tower with Radar,0,7,39,14,60,0,5,90,0,95,0,12,129,14,155,82,26,108,263
08/27/2000,PUB,CO,ANM,WE,Combined TRACON& Tower with Radar,0,5,40,2,47,0,0,85,0,85,0,5,125,2,132,80,2,82,214
08/28/2000,PUB,CO,ANM,WE,Combined TRACON& Tower with Radar,0,12,31,2,45,0,0,41,0,41,0,12,72,2,86,96,10,106,192
08/29/2000,PUB,CO,ANM,WE,Combined TRACON& Tower with Radar,2,13,38,28,81,0,0,35,0,35,2,13,73,28,116,96,10,106,222
08/30/2000,PUB,CO,ANM,WE,Combined TRACON& Tower with Radar,0,12,68,31,111,0,0,17,23,40,0,12,85,54,151,76,118,194,345
08/31/2000,PUB,CO,ANM,WE,Combined TRACON& Tower with Radar,0,8,39,18,65,2,0,27,14,43,2,8,66,32,108,70,64,134,242
09/01/2000,PUB,CO,ANM,WE,Combined TRACON& Tower with Radar,0,9,64,10,83,0,3,64,0,67,0,12,128,10,150,146,76,222,372
09/02/2000,PUB,CO,ANM,WE,Combined TRACON& Tower with Radar,0,7,30,0,37,0,2,91,0,93,0,9,121,0,130,50,0,50,180
09/03/2000,PUB,CO,ANM,WE,Combined TRACON& Tower with Radar,0,3,27,0,30,0,1,98,0,99,0,4,125,0,129,122,0,122,251
09/04/2000,PUB,CO,ANM,WE,Combined TRACON& Tower with Radar,0,2,40,10,52,0,1,63,0,64,0,3,103,10,116,20,30,50,166
09/05/2000,PUB,CO,ANM,WE,Combined TRACON& Tower with Radar,2,26,55,20,103,0,4,22,0,26,2,30,77,20,129,80,114,194,323
09/06/2000,PUB,CO,ANM,WE,Combined TRACON& Tower with Radar,0,9,40,16,65,0,0,43,2,45,0,9,83,18,110,84,32,116,226
09/07/2000,PUB,CO,ANM,WE,Combined TRACON& Tower with Radar,0,14,50,7,71,0,5,58,0,63,0,19,108,7,134,106,26,132,266
09/08/2000,PUB,CO,ANM,WE,Combined TRACON& Tower with Radar,0,8,30,16,54,0,8,70,0,78,0,16,100,16,132,38,32,70,202
09/09/2000,PUB,CO,ANM,WE,Combined TRACON& Tower with Radar,0,21,52,23,96,0,0,85,2,87,0,21,137,25,183,122,26,148,331
09/10/2000,PUB,CO,ANM,WE,Combined TRACON& Tower with Radar,0,4,53,12,69,0,0,65,0,65,0,4,118,12,134,56,30,86,220
09/11/2000,PUB,CO,ANM,WE,Combined TRACON& Tower with Radar,0,15,25,18,58,0,0,48,0,48,0,15,73,18,106,100,60,160,266
09/12/2000,PUB,CO,ANM,WE,Combined TRACON& Tower with Radar,1,18,72,12,103,0,1,19,0,20,1,19,91,12,123,54,42,96,219
09/13/2000,PUB,CO,ANM,WE,Combined TRACON& Tower with Radar,0,13,43,29,85,0,0,75,9,84,0,13,118,38,169,46,112,158,327
09/14/2000,PUB,CO,ANM,WE,Combined TRACON& Tower with Radar,4,13,45,12,74,0,2,48,0,50,4,15,93,12,124,106,42,148,272
09/15/2000,PUB,CO,ANM,WE,Combined TRACON& Tower with Radar,0,4,41,26,71,0,0,87,0,87,0,4,128,26,158,66,106,172,330
09/16/2000,PUB,CO,ANM,WE,Combined TRACON& Tower with Radar,0,19,67,6,92,0,0,149,2,151,0,19,216,8,243,132,0,132,375
09/17/2000,PUB,CO,ANM,WE,Combined TRACON& Tower with Radar,0,4,72,8,84,0,0,89,0,89,0,4,161,8,173,96,20,116,289
09/18/2000,PUB,CO,ANM,WE,Combined TRACON& Tower with Radar,0,13,49,18,80,2,9,13,0,24,2,22,62,18,104,32,54,86,190
09/19/2000,PUB,CO,ANM,WE,Combined TRACON& Tower with Radar,0,14,91,27,132,0,5,0,0,5,0,19,91,27,137,112,106,218,355
09/20/2000,PUB,CO,ANM,WE,Combined TRACON& Tower with Radar,0,15,52,37,104,0,3,40,1,44,0,18,92,38,148,70,74,144,292
09/21/2000,PUB,CO,ANM,WE,Combined TRACON& Tower with Radar,0,15,48,33,96,0,0,42,0,42,0,15,90,33,138,58,98,156,294
09/22/2000,PUB,CO,ANM,WE,Combined TRACON& Tower with Radar,0,19,58,62,139,0,5,34,0,39,0,24,92,62,178,50,192,242,420
09/23/2000,PUB,CO,ANM,WE,Combined TRACON& Tower with Radar,0,9,23,14,46,0,4,12,6,22,0,13,35,20,68,0,4,4,72
09/24/2000,PUB,CO,ANM,WE,Combined TRACON& Tower with Radar,0,13,56,6,75,0,0,28,4,32,0,13,84,10,107,44,20,64,171
09/25/2000,PUB,CO,ANM,WE,Combined TRACON& Tower with Radar,2,12,60,9,83,0,0,69,9,78,2,12,129,18,161,134,46,180,341
09/26/2000,PUB,CO,ANM,WE,Combined TRACON& Tower with Radar,4,18,107,18,147,0,2,7,0,9,4,20,114,18,156,106,38,144,300
09/27/2000,PUB,CO,ANM,WE,Combined TRACON& Tower with Radar,0,14,66,33,113,0,0,78,1,79,0,14,144,34,192,152,68,220,412
09/28/2000,PUB,CO,ANM,WE,Combined TRACON& Tower with Radar,0,6,36,8,50,0,5,49,0,54,0,11,85,8,104,102,48,150,254
09/29/2000,PUB,CO,ANM,WE,Combined TRACON& Tower with Radar,2,14,49,6,71,0,0,23,0,23,2,14,72,6,94,56,8,64,158
09/30/2000,PUB,CO,ANM,WE,Combined TRACON& Tower with Radar,0,30,82,6,118,0,0,62,0,62,0,30,144,6,180,106,16,122,302
10/01/2000,PUB,CO,ANM,WE,Combined TRACON& Tower with Radar,0,21,47,1,69,0,1,29,1,31,0,22,76,2,100,42,6,48,148
10/02/2000,PUB,CO,ANM,WE,Combined TRACON& Tower with Radar,0,7,30,11,48,0,0,36,0,36,0,7,66,11,84,64,46,110,194
10/03/2000,PUB,CO,ANM,WE,Combined TRACON& Tower with Radar,0,15,55,7,77,0,0,39,0,39,0,15,94,7,116,70,26,96,212
10/04/2000,PUB,CO,ANM,WE,Combined TRACON& Tower with Radar,0,21,34,4,59,0,1,8,0,9,0,22,42,4,68,40,10,50,118
10/05/2000,PUB,CO,ANM,WE,Combined TRACON& Tower with Radar,0,7,29,14,50,0,1,23,0,24,0,8,52,14,74,24,30,54,128
10/06/2000,PUB,CO,ANM,WE,Combined TRACON& Tower with Radar,0,22,21,22,65,0,1,0,0,1,0,23,21,22,66,0,0,0,66
10/07/2000,PUB,CO,ANM,WE,Combined TRACON& Tower with Radar,0,10,15,2,27,0,5,10,0,15,0,15,25,2,42,0,2,2,44
10/08/2000,PUB,CO,ANM,WE,Combined TRACON& Tower with Radar,0,4,62,3,69,0,2,9,1,12,0,6,71,4,81,48,0,48,129
10/09/2000,PUB,CO,ANM,WE,Combined TRACON& Tower with Radar,0,18,45,4,67,0,1,73,1,75,0,19,118,5,142,102,6,108,250
10/10/2000,PUB,CO,ANM,WE,Combined TRACON& Tower with Radar,0,23,100,36,159,0,4,38,0,42,0,27,138,36,201,102,94,196,397
10/11/2000,PUB,CO,ANM,WE,Combined TRACON& Tower with Radar,0,16,39,3,58,0,1,79,1,81,0,17,118,4,139,100,12,112,251
10/12/2000,PUB,CO,ANM,WE,Combined TRACON& Tower with Radar,2,21,38,18,79,0,5,46,0,51,2,26,84,18,130,60,62,122,252
10/13/2000,PUB,CO,ANM,WE,Combined TRACON& Tower with Radar,0,11,77,17,105,0,5,57,0,62,0,16,134,17,167,106,93,199,366
10/14/2000,PUB,CO,ANM,WE,Combined TRACON& Tower with Radar,0,15,86,4,105,0,5,79,10,94,0,20,165,14,199,64,34,98,297
10/15/2000,PUB,CO,ANM,WE,Combined TRACON& Tower with Radar,2,8,39,6,55,0,0,80,0,80,2,8,119,6,135,52,6,58,193
10/16/2000,PUB,CO,ANM,WE,Combined TRACON& Tower with Radar,0,11,54,12,77,0,1,10,0,11,0,12,64,12,88,110,96,206,294
10/17/2000,PUB,CO,ANM,WE,Combined TRACON& Tower with Radar,0,22,80,24,126,0,0,27,0,27,0,22,107,24,153,118,70,188,341
10/18/2000,PUB,CO,ANM,WE,Combined TRACON& Tower with Radar,0,13,55,30,98,0,0,85,0,85,0,13,140,30,183,132,76,208,391
10/19/2000,PUB,CO,ANM,WE,Combined TRACON& Tower with Radar,2,11,37,15,65,0,0,42,0,42,2,11,79,15,107,110,38,148,255
10/20/2000,PUB,CO,ANM,WE,Combined TRACON& Tower with Radar,0,19,66,24,109,0,2,63,0,65,0,21,129,24,174,88,50,138,312
10/21/2000,PUB,CO,ANM,WE,Combined TRACON& Tower with Radar,0,12,42,15,69,0,0,96,10,106,0,12,138,25,175,96,16,112,287
10/22/2000,PUB,CO,ANM,WE,Combined TRACON& Tower with Radar,0,4,42,4,50,0,2,10,0,12,0,6,52,4,62,28,2,30,92
10/23/2000,PUB,CO,ANM,WE,Combined TRACON& Tower with Radar,0,13,50,24,87,0,0,0,0,0,0,13,50,24,87,52,38,90,177
10/24/2000,PUB,CO,ANM,WE,Combined TRACON& Tower with Radar,12,34,79,25,150,0,4,0,0,4,12,38,79,25,154,78,36,114,268
10/25/2000,PUB,CO,ANM,WE,Combined TRACON& Tower with Radar,0,11,59,22,92,0,4,71,0,75,0,15,130,22,167,152,74,226,393
10/26/2000,PUB,CO,ANM,WE,Combined TRACON& Tower with Radar,0,13,37,65,115,0,5,68,0,73,0,18,105,65,188,108,168,276,464
10/27/2000,PUB,CO,ANM,WE,Combined TRACON& Tower with Radar,2,10,62,20,94,0,12,43,0,55,2,22,105,20,149,90,118,208,357
10/28/2000,PUB,CO,ANM,WE,Combined TRACON& Tower with Radar,0,20,35,0,55,0,0,2,0,2,0,20,37,0,57,0,0,0,57
10/29/2000,PUB,CO,ANM,WE,Combined TRACON& Tower with Radar,0,6,42,4,52,0,0,47,0,47,0,6,89,4,99,62,16,78,177
10/30/2000,PUB,CO,ANM,WE,Combined TRACON& Tower with Radar,0,11,54,13,78,0,0,44,0,44,0,11,98,13,122,102,66,168,290
10/31/2000,PUB,CO,ANM,WE,Combined TRACON& Tower with Radar,0,13,43,2,58,0,5,8,0,13,0,18,51,2,71,30,4,34,105
11/01/2000,PUB,CO,ANM,WE,Combined TRACON& Tower with Radar,0,9,65,43,117,0,3,36,0,39,0,12,101,43,156,56,80,136,292
11/02/2000,PUB,CO,ANM,WE,Combined TRACON& Tower with Radar,2,13,56,31,102,0,1,11,0,12,2,14,67,31,114,40,64,104,218
11/03/2000,PUB,CO,ANM,WE,Combined TRACON& Tower with Radar,2,14,62,26,104,0,4,36,0,40,2,18,98,26,144,72,54,126,270
11/04/2000,PUB,CO,ANM,WE,Combined TRACON& Tower with Radar,0,3,100,4,107,0,9,93,8,110,0,12,193,12,217,202,34,236,453
11/05/2000,PUB,CO,ANM,WE,Combined TRACON& Tower with Radar,2,2,26,10,40,0,2,15,0,17,2,4,41,10,57,16,8,24,81
11/06/2000,PUB,CO,ANM,WE,Combined TRACON& Tower with Radar,0,7,21,15,43,0,1,5,0,6,0,8,26,15,49,16,62,78,127
11/07/2000,PUB,CO,ANM,WE,Combined TRACON& Tower with Radar,0,14,82,24,120,0,3,0,0,3,0,17,82,24,123,42,126,168,291
11/08/2000,PUB,CO,ANM,WE,Combined TRACON& Tower with Radar,0,11,50,32,93,0,1,64,0,65,0,12,114,32,158,40,118,158,316
11/09/2000,PUB,CO,ANM,WE,Combined TRACON& Tower with Radar,2,14,66,52,134,0,0,64,0,64,2,14,130,52,198,70,98,168,366
11/10/2000,PUB,CO,ANM,WE,Combined TRACON& Tower with Radar,0,11,47,15,73,0,3,0,0,3,0,14,47,15,76,62,68,130,206
11/11/2000,PUB,CO,ANM,WE,Combined TRACON& Tower with Radar,0,5,17,4,26,0,3,2,0,5,0,8,19,4,31,12,28,40,71
11/12/2000,PUB,CO,ANM,WE,Combined TRACON& Tower with Radar,0,4,42,8,54,0,0,0,0,0,0,4,42,8,54,32,14,46,100
11/13/2000,PUB,CO,ANM,WE,Combined TRACON& Tower with Radar,0,10,45,16,71,0,0,32,0,32,0,10,77,16,103,72,38,110,213
11/14/2000,PUB,CO,ANM,WE,Combined TRACON& Tower with Radar,0,14,89,40,143,0,0,36,0,36,0,14,125,40,179,124,82,206,385
11/15/2000,PUB,CO,ANM,WE,Combined TRACON& Tower with Radar,0,16,27,24,67,0,0,9,0,9,0,16,36,24,76,24,94,118,194
11/16/2000,PUB,CO,ANM,WE,Combined TRACON& Tower with Radar,0,16,35,72,123,0,0,40,21,61,0,16,75,93,184,28,125,153,337
11/17/2000,PUB,CO,ANM,WE,Combined TRACON& Tower with Radar,0,16,81,13,110,0,0,15,0,15,0,16,96,13,125,55,34,89,214
11/18/2000,PUB,CO,ANM,WE,Combined TRACON& Tower with Radar,0,8,66,3,77,0,6,29,3,38,0,14,95,6,115,124,14,138,253
11/19/2000,PUB,CO,ANM,WE,Combined TRACON& Tower with Radar,0,8,50,6,64,0,2,71,0,73,0,10,121,6,137,50,8,58,195
11/20/2000,PUB,CO,ANM,WE,Combined TRACON& Tower with Radar,0,14,29,30,73,0,0,43,0,43,0,14,72,30,116,106,80,186,302
11/21/2000,PUB,CO,ANM,WE,Combined TRACON& Tower with Radar,0,21,85,28,134,0,3,56,0,59,0,24,141,28,193,52,52,104,297
11/22/2000,PUB,CO,ANM,WE,Combined TRACON& Tower with Radar,0,14,38,20,72,0,0,92,0,92,0,14,130,20,164,34,32,66,230
11/23/2000,PUB,CO,ANM,WE,Combined TRACON& Tower with Radar,0,4,4,0,8,0,0,41,0,41,0,4,45,0,49,12,0,12,61
11/24/2000,PUB,CO,ANM,WE,Combined TRACON& Tower with Radar,0,7,27,2,36,2,0,62,0,64,2,7,89,2,100,53,6,59,159
11/25/2000,PUB,CO,ANM,WE,Combined TRACON& Tower with Radar,0,5,32,0,37,0,2,71,0,73,0,7,103,0,110,83,0,83,193
11/26/2000,PUB,CO,ANM,WE,Combined TRACON& Tower with Radar,0,14,58,0,72,0,1,51,4,56,0,15,109,4,128,58,2,60,188
11/27/2000,PUB,CO,ANM,WE,Combined TRACON& Tower with Radar,0,11,25,32,68,0,0,42,0,42,0,11,67,32,110,36,64,100,210
11/28/2000,PUB,CO,ANM,WE,Combined TRACON& Tower with Radar,0,10,97,38,145,0,5,0,2,7,0,15,97,40,152,86,46,132,284
11/29/2000,PUB,CO,ANM,WE,Combined TRACON& Tower with Radar,2,16,45,18,81,0,0,59,0,59,2,16,104,18,140,76,50,126,266
11/30/2000,PUB,CO,ANM,WE,Combined TRACON& Tower with Radar,0,9,30,4,43,0,0,47,9,56,0,9,77,13,99,32,30,62,161
12/01/2000,PUB,CO,ANM,WE,Combined TRACON& Tower with Radar,2,11,55,98,166,0,6,41,17,64,2,17,96,115,230,72,96,168,398
12/02/2000,PUB,CO,ANM,WE,Combined TRACON& Tower with Radar,0,4,45,4,53,0,3,70,1,74,0,7,115,5,127,134,18,152,279
12/03/2000,PUB,CO,ANM,WE,Combined TRACON& Tower with Radar,2,4,46,4,56,0,4,71,2,77,2,8,117,6,133,92,8,100,233
12/04/2000,PUB,CO,ANM,WE,Combined TRACON& Tower with Radar,0,14,47,24,85,0,0,51,0,51,0,14,98,24,136,78,66,144,280
12/05/2000,PUB,CO,ANM,WE,Combined TRACON& Tower with Radar,0,18,60,32,110,0,6,20,2,28,0,24,80,34,138,48,72,120,258
12/06/2000,PUB,CO,ANM,WE,Combined TRACON& Tower with Radar,0,14,43,8,65,0,0,42,0,42,0,14,85,8,107,120,50,170,277
12/07/2000,PUB,CO,ANM,WE,Combined TRACON& Tower with Radar,2,23,46,34,105,0,0,65,0,65,2,23,111,34,170,102,110,212,382
12/08/2000,PUB,CO,ANM,WE,Combined TRACON& Tower with Radar,0,23,41,11,75,0,1,15,0,16,0,24,56,11,91,34,18,52,143
12/09/2000,PUB,CO,ANM,WE,Combined TRACON& Tower with Radar,0,7,52,10,69,0,0,67,6,73,0,7,119,16,142,142,14,156,298
12/10/2000,PUB,CO,ANM,WE,Combined TRACON& Tower with Radar,0,2,9,0,11,0,0,5,0,5,0,2,14,0,16,1,0,1,17
12/11/2000,PUB,CO,ANM,WE,Combined TRACON& Tower with Radar,0,4,15,4,23,0,4,2,0,6,0,8,17,4,29,0,4,4,33
12/12/2000,PUB,CO,ANM,WE,Combined TRACON& Tower with Radar,0,13,30,61,104,0,2,50,0,52,0,15,80,61,156,52,150,202,358
12/13/2000,PUB,CO,ANM,WE,Combined TRACON& Tower with Radar,0,10,63,36,109,0,0,27,21,48,0,10,90,57,157,92,64,156,313
12/14/2000,PUB,CO,ANM,WE,Combined TRACON& Tower with Radar,0,10,30,14,54,0,0,30,0,30,0,10,60,14,84,18,32,50,134
12/15/2000,PUB,CO,ANM,WE,Combined TRACON& Tower with Radar,0,15,21,6,42,0,0,29,0,29,0,15,50,6,71,34,8,42,113
12/16/2000,PUB,CO,ANM,WE,Combined TRACON& Tower with Radar,0,7,56,2,65,0,0,12,4,16,0,7,68,6,81,66,0,66,147
12/17/2000,PUB,CO,ANM,WE,Combined TRACON& Tower with Radar,0,6,27,2,35,0,8,17,0,25,0,14,44,2,60,38,14,52,112
12/18/2000,PUB,CO,ANM,WE,Combined TRACON& Tower with Radar,0,7,39,16,62,0,0,19,2,21,0,7,58,18,83,22,26,48,131
12/19/2000,PUB,CO,ANM,WE,Combined TRACON& Tower with Radar,0,12,59,60,131,0,3,2,0,5,0,15,61,60,136,32,76,108,244
12/20/2000,PUB,CO,ANM,WE,Combined TRACON& Tower with Radar,2,16,34,26,78,0,0,8,0,8,2,16,42,26,86,54,78,132,218
12/21/2000,PUB,CO,ANM,WE,Combined TRACON& Tower with Radar,2,9,45,20,76,0,0,40,0,40,2,9,85,20,116,42,96,138,254
12/22/2000,PUB,CO,ANM,WE,Combined TRACON& Tower with Radar,0,12,40,2,54,0,0,45,0,45,0,12,85,2,99,36,2,38,137
12/23/2000,PUB,CO,ANM,WE,Combined TRACON& Tower with Radar,0,2,52,0,54,0,1,58,0,59,0,3,110,0,113,108,0,108,221
12/24/2000,PUB,CO,ANM,WE,Combined TRACON& Tower with Radar,0,6,14,0,20,0,1,24,0,25,0,7,38,0,45,15,0,15,60
12/25/2000,PUB,CO,ANM,WE,Combined TRACON& Tower with Radar,0,2,13,0,15,0,0,0,0,0,0,2,13,0,15,0,0,0,15
12/26/2000,PUB,CO,ANM,WE,Combined TRACON& Tower with Radar,0,12,45,0,57,0,4,25,0,29,0,16,70,0,86,60,0,60,146
12/27/2000,PUB,CO,ANM,WE,Combined TRACON& Tower with Radar,0,12,59,20,91,0,0,78,0,78,0,12,137,20,169,78,48,126,295
12/28/2000,PUB,CO,ANM,WE,Combined TRACON& Tower with Radar,0,10,41,13,64,0,0,33,0,33,0,10,74,13,97,36,46,82,179
12/29/2000,PUB,CO,ANM,WE,Combined TRACON& Tower with Radar,0,10,63,11,84,0,0,51,0,51,0,10,114,11,135,68,82,150,285
12/30/2000,PUB,CO,ANM,WE,Combined TRACON& Tower with Radar,0,10,53,0,63,0,0,70,1,71,0,10,123,1,134,99,2,101,235
12/31/2000,PUB,CO,ANM,WE,Combined TRACON& Tower with Radar,0,2,17,0,19,0,0,35,0,35,0,2,52,0,54,44,0,44,98
01/01/2001,PUB,CO,ANM,WE,Combined TRACON& Tower with Radar,2,8,29,0,39,0,0,44,0,44,2,8,73,0,83,12,0,12,95
01/02/2001,PUB,CO,ANM,WE,Combined TRACON& Tower with Radar,4,17,115,14,150,0,2,18,0,20,4,19,133,14,170,76,68,144,314
01/03/2001,PUB,CO,ANM,WE,Combined TRACON& Tower with Radar,2,17,52,32,103,0,1,26,0,27,2,18,78,32,130,96,58,154,284
01/04/2001,PUB,CO,ANM,WE,Combined TRACON& Tower with Radar,0,12,46,31,89,0,0,38,0,38,0,12,84,31,127,78,34,112,239
01/05/2001,PUB,CO,ANM,WE,Combined TRACON& Tower with Radar,0,13,35,17,65,0,0,75,0,75,0,13,110,17,140,107,42,149,289
01/06/2001,PUB,CO,ANM,WE,Combined TRACON& Tower with Radar,0,5,59,4,68,0,1,112,0,113,0,6,171,4,181,84,12,96,277
01/07/2001,PUB,CO,ANM,WE,Combined TRACON& Tower with Radar,0,6,36,14,56,0,0,66,0,66,0,6,102,14,122,78,80,158,280
01/08/2001,PUB,CO,ANM,WE,Combined TRACON& Tower with Radar,0,12,16,43,71,0,0,54,0,54,0,12,70,43,125,62,128,190,315
01/09/2001,PUB,CO,ANM,WE,Combined TRACON& Tower with Radar,0,21,85,39,145,0,3,26,2,31,0,24,111,41,176,64,92,156,332
01/10/2001,PUB,CO,ANM,WE,Combined TRACON& Tower with Radar,0,10,49,37,96,0,5,40,0,45,0,15,89,37,141,88,160,248,389
01/11/2001,PUB,CO,ANM,WE,Combined TRACON& Tower with Radar,0,14,48,21,83,0,0,56,0,56,0,14,104,21,139,110,126,236,375
01/12/2001,PUB,CO,ANM,WE,Combined TRACON& Tower with Radar,2,10,48,33,93,0,0,51,0,51,2,10,99,33,144,54,100,154,298
01/13/2001,PUB,CO,ANM,WE,Combined TRACON& Tower with Radar,1,8,10,0,19,1,2,0,0,3,2,10,10,0,22,9,1,10,32
01/14/2001,PUB,CO,ANM,WE,Combined TRACON& Tower with Radar,0,6,38,10,54,0,2,78,2,82,0,8,116,12,136,68,10,78,214
01/15/2001,PUB,CO,ANM,WE,Combined TRACON& Tower with Radar,0,11,54,4,69,0,0,5,0,5,0,11,59,4,74,64,0,64,138
01/16/2001,PUB,CO,ANM,WE,Combined TRACON& Tower with Radar,0,8,0,0,8,0,0,0,0,0,0,8,0,0,8,0,0,0,8
01/17/2001,PUB,CO,ANM,WE,Combined TRACON& Tower with Radar,0,13,44,27,84,2,2,0,0,4,2,15,44,27,88,68,140,208,296
01/18/2001,PUB,CO,ANM,WE,Combined TRACON& Tower with Radar,0,7,31,44,82,0,0,24,0,24,0,7,55,44,106,48,156,204,310
01/19/2001,PUB,CO,ANM,WE,Combined TRACON& Tower with Radar,0,13,33,38,84,0,0,32,0,32,0,13,65,38,116,42,90,132,248
01/20/2001,PUB,CO,ANM,WE,Combined TRACON& Tower with Radar,0,11,46,18,75,0,0,27,4,31,0,11,73,22,106,66,12,78,184
01/21/2001,PUB,CO,ANM,WE,Combined TRACON& Tower with Radar,0,4,42,18,64,0,4,44,0,48,0,8,86,18,112,56,34,90,202
01/22/2001,PUB,CO,ANM,WE,Combined TRACON& Tower with Radar,0,10,48,31,89,0,2,58,0,60,0,12,106,31,149,110,100,210,359
01/23/2001,PUB,CO,ANM,WE,Combined TRACON& Tower with Radar,0,14,53,45,112,0,7,0,17,24,0,21,53,62,136,30,100,130,266
01/24/2001,PUB,CO,ANM,WE,Combined TRACON& Tower with Radar,2,8,51,40,101,0,5,15,0,20,2,13,66,40,121,76,118,194,315
01/25/2001,PUB,CO,ANM,WE,Combined TRACON& Tower with Radar,2,7,12,28,49,0,1,7,0,8,2,8,19,28,57,10,92,102,159
01/26/2001,PUB,CO,ANM,WE,Combined TRACON& Tower with Radar,0,17,69,15,101,0,0,31,0,31,0,17,100,15,132,50,70,120,252
01/27/2001,PUB,CO,ANM,WE,Combined TRACON& Tower with Radar,2,2,12,0,16,0,0,3,0,3,2,2,15,0,19,0,0,0,19
01/28/2001,PUB,CO,ANM,WE,Combined TRACON& Tower with Radar,0,3,9,1,13,0,3,0,0,3,0,6,9,1,16,12,0,12,28
01/29/2001,PUB,CO,ANM,WE,Combined TRACON& Tower with Radar,0,16,22,2,40,0,0,10,2,12,0,16,32,4,52,4,32,36,88
01/30/2001,PUB,CO,ANM,WE,Combined TRACON& Tower with Radar,0,12,57,48,117,2,0,32,1,35,2,12,89,49,152,28,108,136,288
01/31/2001,PUB,CO,ANM,WE,Combined TRACON& Tower with Radar,0,25,65,25,115,0,2,27,0,29,0,27,92,25,144,68,104,172,316
02/01/2001,PUB,CO,ANM,WE,Combined TRACON& Tower with Radar,0,10,43,33,86,0,0,34,0,34,0,10,77,33,120,68,84,152,272
02/02/2001,PUB,CO,ANM,WE,Combined TRACON& Tower with Radar,0,6,59,34,99,0,0,45,0,45,0,6,104,34,144,52,58,110,254
02/03/2001,PUB,CO,ANM,WE,Combined TRACON& Tower with Radar,0,7,42,0,49,0,0,62,2,64,0,7,104,2,113,82,0,82,195
02/04/2001,PUB,CO,ANM,WE,Combined TRACON& Tower with Radar,0,5,25,2,32,0,1,40,2,43,0,6,65,4,75,28,0,28,103
02/05/2001,PUB,CO,ANM,WE,Combined TRACON& Tower with Radar,0,14,29,5,48,0,0,22,0,22,0,14,51,5,70,28,8,36,106
02/06/2001,PUB,CO,ANM,WE,Combined TRACON& Tower with Radar,0,18,27,7,52,0,0,6,2,8,0,18,33,9,60,0,0,0,60
02/07/2001,PUB,CO,ANM,WE,Combined TRACON& Tower with Radar,0,6,28,12,46,0,0,0,2,2,0,6,28,14,48,18,43,61,109
02/08/2001,PUB,CO,ANM,WE,Combined TRACON& Tower with Radar,0,3,5,0,8,0,3,0,0,3,0,6,5,0,11,0,0,0,11
02/09/2001,PUB,CO,ANM,WE,Combined TRACON& Tower with Radar,2,13,25,9,49,0,1,0,1,2,2,14,25,10,51,40,76,116,167
02/10/2001,PUB,CO,ANM,WE,Combined TRACON& Tower with Radar,0,6,80,0,86,2,4,59,12,77,2,10,139,12,163,126,0,126,289
02/11/2001,PUB,CO,ANM,WE,Combined TRACON& Tower with Radar,0,2,22,0,24,0,4,39,0,43,0,6,61,0,67,26,0,26,93
02/12/2001,PUB,CO,ANM,WE,Combined TRACON& Tower with Radar,0,16,36,12,64,0,0,40,0,40,0,16,76,12,104,22,22,44,148
02/13/2001,PUB,CO,ANM,WE,Combined TRACON& Tower with Radar,0,11,54,28,93,0,3,25,0,28,0,14,79,28,121,70,68,138,259
02/14/2001,PUB,CO,ANM,WE,Combined TRACON& Tower with Radar,0,20,19,4,43,0,0,0,0,0,0,20,19,4,43,2,12,14,57
02/15/2001,PUB,CO,ANM,WE,Combined TRACON& Tower with Radar,0,15,55,20,90,0,0,41,0,41,0,15,96,20,131,88,82,170,301
02/16/2001,PUB,CO,ANM,WE,Combined TRACON& Tower with Radar,0,9,44,12,65,0,0,0,0,0,0,9,44,12,65,4,30,34,99
02/17/2001,PUB,CO,ANM,WE,Combined TRACON& Tower with Radar,1,5,41,14,61,1,3,20,0,24,2,8,61,14,85,60,20,80,165
02/18/2001,PUB,CO,ANM,WE,Combined TRACON& Tower with Radar,2,4,50,8,64,0,0,36,0,36,2,4,86,8,100,66,30,96,196
02/19/2001,PUB,CO,ANM,WE,Combined TRACON& Tower with Radar,0,10,79,0,89,0,3,53,4,60,0,13,132,4,149,80,0,80,229
02/20/2001,PUB,CO,ANM,WE,Combined TRACON& Tower with Radar,4,46,59,25,134,0,0,34,0,34,4,46,93,25,168,98,92,190,358
02/21/2001,PUB,CO,ANM,WE,Combined TRACON& Tower with Radar,0,18,17,1,36,2,0,9,0,11,2,18,26,1,47,2,14,16,63
02/22/2001,PUB,CO,ANM,WE,Combined TRACON& Tower with Radar,2,15,53,33,103,0,2,59,0,61,2,17,112,33,164,108,94,202,366
02/23/2001,PUB,CO,ANM,WE,Combined TRACON& Tower with Radar,2,13,53,34,102,0,0,2,0,2,2,13,55,34,104,38,86,124,228
02/24/2001,PUB,CO,ANM,WE,Combined TRACON& Tower with Radar,0,7,45,2,54,0,0,0,2,2,0,7,45,4,56,25,4,29,85
02/25/2001,PUB,CO,ANM,WE,Combined TRACON& Tower with Radar,2,4,68,7,81,0,2,100,0,102,2,6,168,7,183,120,42,162,345
02/26/2001,PUB,CO,ANM,WE,Combined TRACON& Tower with Radar,0,9,29,23,61,0,0,32,0,32,0,9,61,23,93,30,68,98,191
02/27/2001,PUB,CO,ANM,WE,Combined TRACON& Tower with Radar,0,26,7,0,33,0,0,0,0,0,0,26,7,0,33,0,0,0,33
02/28/2001,PUB,CO,ANM,WE,Combined TRACON& Tower with Radar,0,15,20,14,49,0,0,10,0,10,0,15,30,14,59,2,38,40,99
03/01/2001,PUB,CO,ANM,WE,Combined TRACON& Tower with Radar,0,9,74,18,101,0,2,30,0,32,0,11,104,18,133,70,82,152,285
03/02/2001,PUB,CO,ANM,WE,Combined TRACON& Tower with Radar,0,16,80,33,129,2,0,42,0,44,2,16,122,33,173,88,102,190,363
03/03/2001,PUB,CO,ANM,WE,Combined TRACON& Tower with Radar,0,10,63,23,96,0,0,83,0,83,0,10,146,23,179,112,88,200,379
03/04/2001,PUB,CO,ANM,WE,Combined TRACON& Tower with Radar,0,5,59,10,74,0,1,90,0,91,0,6,149,10,165,106,14,120,285
03/05/2001,PUB,CO,ANM,WE,Combined TRACON& Tower with Radar,0,6,43,14,63,0,0,63,0,63,0,6,106,14,126,132,74,206,332
03/06/2001,PUB,CO,ANM,WE,Combined TRACON& Tower with Radar,0,16,69,48,133,0,1,4,0,5,0,17,73,48,138,70,136,206,344
03/07/2001,PUB,CO,ANM,WE,Combined TRACON& Tower with Radar,0,9,35,13,57,0,3,16,0,19,0,12,51,13,76,32,60,92,168
03/08/2001,PUB,CO,ANM,WE,Combined TRACON& Tower with Radar,2,7,44,24,77,0,0,18,0,18,2,7,62,24,95,70,102,172,267
03/09/2001,PUB,CO,ANM,WE,Combined TRACON& Tower with Radar,0,9,89,9,107,0,2,23,0,25,0,11,112,9,132,110,6,116,248
03/10/2001,PUB,CO,ANM,WE,Combined TRACON& Tower with Radar,0,10,22,0,32,0,0,1,0,1,0,10,23,0,33,2,0,2,35
03/11/2001,PUB,CO,ANM,WE,Combined TRACON& Tower with Radar,0,11,17,8,36,0,0,5,0,5,0,11,22,8,41,0,0,0,41
03/12/2001,PUB,CO,ANM,WE,Combined TRACON& Tower with Radar,0,12,39,27,78,0,0,44,0,44,0,12,83,27,122,64,82,146,268
03/13/2001,PUB,CO,ANM,WE,Combined TRACON& Tower with Radar,0,16,109,30,155,0,6,22,0,28,0,22,131,30,183,48,68,116,299
03/14/2001,PUB,CO,ANM,WE,Combined TRACON& Tower with Radar,0,12,61,28,101,0,0,1,0,1,0,12,62,28,102,24,38,62,164
03/15/2001,PUB,CO,ANM,WE,Combined TRACON& Tower with Radar,4,16,48,19,87,0,0,2,0,2,4,16,50,19,89,80,50,130,219
03/16/2001,PUB,CO,ANM,WE,Combined TRACON& Tower with Radar,0,10,49,16,75,0,2,31,0,33,0,12,80,16,108,35,66,101,209
03/17/2001,PUB,CO,ANM,WE,Combined TRACON& Tower with Radar,0,5,2,3,10,0,4,1,0,5,0,9,3,3,15,0,0,0,15
03/18/2001,PUB,CO,ANM,WE,Combined TRACON& Tower with Radar,2,8,64,1,75,0,0,20,3,23,2,8,84,4,98,52,6,58,156
03/19/2001,PUB,CO,ANM,WE,Combined TRACON& Tower with Radar,0,8,56,14,78,0,0,49,0,49,0,8,105,14,127,70,40,110,237
03/20/2001,PUB,CO,ANM,WE,Combined TRACON& Tower with Radar,0,11,59,50,120,0,5,88,0,93,0,16,147,50,213,64,58,122,335
03/21/2001,PUB,CO,ANM,WE,Combined TRACON& Tower with Radar,2,14,36,26,78,0,0,39,0,39,2,14,75,26,117,70,96,166,283
03/22/2001,PUB,CO,ANM,WE,Combined TRACON& Tower with Radar,0,9,44,17,70,2,0,42,0,44,2,9,86,17,114,40,64,104,218
03/23/2001,PUB,CO,ANM,WE,Combined TRACON& Tower with Radar,0,8,33,32,73,0,0,44,0,44,0,8,77,32,117,32,122,154,271
03/24/2001,PUB,CO,ANM,WE,Combined TRACON& Tower with Radar,0,8,9,2,19,0,3,1,0,4,0,11,10,2,23,0,0,0,23
03/25/2001,PUB,CO,ANM,WE,Combined TRACON& Tower with Radar,0,18,39,11,68,0,0,7,0,7,0,18,46,11,75,2,2,4,79
03/26/2001,PUB,CO,ANM,WE,Combined TRACON& Tower with Radar,0,19,29,0,48,0,0,12,0,12,0,19,41,0,60,18,0,18,78
03/27/2001,PUB,CO,ANM,WE,Combined TRACON& Tower with Radar,0,8,33,21,62,0,11,6,1,18,0,19,39,22,80,4,46,50,130
03/28/2001,PUB,CO,ANM,WE,Combined TRACON& Tower with Radar,0,9,37,12,58,0,8,29,0,37,0,17,66,12,95,26,8,34,129
03/29/2001,PUB,CO,ANM,WE,Combined TRACON& Tower with Radar,0,18,48,13,79,0,0,21,0,21,0,18,69,13,100,82,98,180,280
03/30/2001,PUB,CO,ANM,WE,Combined TRACON& Tower with Radar,0,13,27,12,52,0,4,39,0,43,0,17,66,12,95,26,8,34,129
03/31/2001,PUB,CO,ANM,WE,Combined TRACON& Tower with Radar,0,3,3,6,12,0,4,69,0,73,0,7,72,6,85,62,8,70,155
04/01/2001,PUB,CO,ANM,WE,Combined TRACON& Tower with Radar,0,5,43,5,53,0,1,105,13,119,0,6,148,18,172,86,26,112,284
04/02/2001,PUB,CO,ANM,WE,Combined TRACON& Tower with Radar,2,12,38,8,60,0,1,25,0,26,2,13,63,8,86,124,26,150,236
04/03/2001,PUB,CO,ANM,WE,Combined TRACON& Tower with Radar,0,13,53,8,74,0,3,19,0,22,0,16,72,8,96,32,34,66,162
04/04/2001,PUB,CO,ANM,WE,Combined TRACON& Tower with Radar,0,12,54,33,99,0,1,31,0,32,0,13,85,33,131,60,110,170,301
04/05/2001,PUB,CO,ANM,WE,Combined TRACON& Tower with Radar,3,15,59,21,98,0,0,12,0,12,3,15,71,21,110,78,39,117,227
04/06/2001,PUB,CO,ANM,WE,Combined TRACON& Tower with Radar,4,11,16,0,31,0,0,3,1,4,4,11,19,1,35,2,4,6,41
04/07/2001,PUB,CO,ANM,WE,Combined TRACON& Tower with Radar,0,7,29,4,40,0,2,58,0,60,0,9,87,4,100,40,4,44,144
04/08/2001,PUB,CO,ANM,WE,Combined TRACON& Tower with Radar,0,7,42,3,52,0,0,46,4,50,0,7,88,7,102,32,0,32,134
04/09/2001,PUB,CO,ANM,WE,Combined TRACON& Tower with Radar,2,12,48,30,92,0,0,39,0,39,2,12,87,30,131,78,58,136,267
04/10/2001,PUB,CO,ANM,WE,Combined TRACON& Tower with Radar,0,17,40,23,80,0,2,4,0,6,0,19,44,23,86,34,34,68,154
04/11/2001,PUB,CO,ANM,WE,Combined TRACON& Tower with Radar,0,13,19,3,35,0,0,2,0,2,0,13,21,3,37,0,4,4,41
04/12/2001,PUB,CO,ANM,WE,Combined TRACON& Tower with Radar,2,15,21,29,67,0,0,21,0,21,2,15,42,29,88,63,98,161,249
04/13/2001,PUB,CO,ANM,WE,Combined TRACON& Tower with Radar,0,10,43,10,63,0,0,37,0,37,0,10,80,10,100,78,40,118,218
04/14/2001,PUB,CO,ANM,WE,Combined TRACON& Tower with Radar,0,9,37,4,50,0,0,81,0,81,0,9,118,4,131,108,2,110,241
04/15/2001,PUB,CO,ANM,WE,Combined TRACON& Tower with Radar,0,5,22,0,27,0,0,63,2,65,0,5,85,2,92,56,0,56,148
04/16/2001,PUB,CO,ANM,WE,Combined TRACON& Tower with Radar,2,14,31,19,66,0,0,21,18,39,2,14,52,37,105,10,76,86,191
04/17/2001,PUB,CO,ANM,WE,Combined TRACON& Tower with Radar,0,14,90,37,141,0,3,0,0,3,0,17,90,37,144,78,60,138,282
04/18/2001,PUB,CO,ANM,WE,Combined TRACON& Tower with Radar,2,14,47,22,85,0,0,27,0,27,2,14,74,22,112,62,88,150,262
04/19/2001,PUB,CO,ANM,WE,Combined TRACON& Tower with Radar,2,10,36,9,57,0,0,29,0,29,2,10,65,9,86,28,24,52,138
04/20/2001,PUB,CO,ANM,WE,Combined TRACON& Tower with Radar,0,11,32,6,49,0,0,0,0,0,0,11,32,6,49,2,10,12,61
04/21/2001,PUB,CO,ANM,WE,Combined TRACON& Tower with Radar,2,5,32,9,48,0,3,45,0,48,2,8,77,9,96,84,8,92,188
04/22/2001,PUB,CO,ANM,WE,Combined TRACON& Tower with Radar,0,0,11,0,11,0,0,0,0,0,0,0,11,0,11,0,0,0,11
04/23/2001,PUB,CO,ANM,WE,Combined TRACON& Tower with Radar,0,11,46,13,70,0,0,50,4,54,0,11,96,17,124,82,42,124,248
04/24/2001,PUB,CO,ANM,WE,Combined TRACON& Tower with Radar,0,12,29,19,60,0,2,96,0,98,0,14,125,19,158,138,68,206,364
04/25/2001,PUB,CO,ANM,WE,Combined TRACON& Tower with Radar,2,12,83,21,118,0,0,50,0,50,2,12,133,21,168,142,98,240,408
04/26/2001,PUB,CO,ANM,WE,Combined TRACON& Tower with Radar,0,11,70,24,105,0,0,35,0,35,0,11,105,24,140,142,84,226,366
04/27/2001,PUB,CO,ANM,WE,Combined TRACON& Tower with Radar,0,12,42,13,67,0,0,59,0,59,0,12,101,13,126,43,90,133,259
04/28/2001,PUB,CO,ANM,WE,Combined TRACON& Tower with Radar,0,10,52,11,73,0,0,58,1,59,0,10,110,12,132,86,28,114,246
04/29/2001,PUB,CO,ANM,WE,Combined TRACON& Tower with Radar,2,5,52,0,59,0,2,54,2,58,2,7,106,2,117,50,0,50,167
04/30/2001,PUB,CO,ANM,WE,Combined TRACON& Tower with Radar,0,10,37,17,64,0,0,24,0,24,0,10,61,17,88,62,58,120,208
05/01/2001,PUB,CO,ANM,WE,Combined TRACON& Tower with Radar,0,17,60,27,104,0,0,0,0,0,0,17,60,27,104,48,106,154,258
05/02/2001,PUB,CO,ANM,WE,Combined TRACON& Tower with Radar,2,13,29,9,53,0,1,10,0,11,2,14,39,9,64,28,36,64,128
05/03/2001,PUB,CO,ANM,WE,Combined TRACON& Tower with Radar,4,12,26,0,42,0,1,0,0,1,4,13,26,0,43,6,0,6,49
05/04/2001,PUB,CO,ANM,WE,Combined TRACON& Tower with Radar,0,13,8,11,32,0,3,3,0,6,0,16,11,11,38,0,24,24,62
05/05/2001,PUB,CO,ANM,WE,Combined TRACON& Tower with Radar,0,4,15,0,19,0,1,0,3,4,0,5,15,3,23,12,0,12,35
05/06/2001,PUB,CO,ANM,WE,Combined TRACON& Tower with Radar,0,9,54,8,71,0,0,88,0,88,0,9,142,8,159,64,14,78,237
05/07/2001,PUB,CO,ANM,WE,Combined TRACON& Tower with Radar,0,9,64,6,79,0,0,78,2,80,0,9,142,8,159,80,42,122,281
05/08/2001,PUB,CO,ANM,WE,Combined TRACON& Tower with Radar,0,15,61,20,96,0,3,74,0,77,0,18,135,20,173,130,106,236,409
05/09/2001,PUB,CO,ANM,WE,Combined TRACON& Tower with Radar,0,13,25,21,59,0,1,32,0,33,0,14,57,21,92,28,116,144,236
05/10/2001,PUB,CO,ANM,WE,Combined TRACON& Tower with Radar,0,19,32,18,69,0,1,26,0,27,0,20,58,18,96,56,52,108,204
05/11/2001,PUB,CO,ANM,WE,Combined TRACON& Tower with Radar,0,10,24,10,44,0,1,22,0,23,0,11,46,10,67,38,84,122,189
05/12/2001,PUB,CO,ANM,WE,Combined TRACON& Tower with Radar,0,4,54,14,72,0,6,70,0,76,0,10,124,14,148,64,14,78,226
05/13/2001,PUB,CO,ANM,WE,Combined TRACON& Tower with Radar,0,3,33,5,41,0,2,52,0,54,0,5,85,5,95,58,34,92,187
05/14/2001,PUB,CO,ANM,WE,Combined TRACON& Tower with Radar,6,8,68,22,104,0,0,0,0,0,6,8,68,22,104,94,62,156,260
05/15/2001,PUB,CO,ANM,WE,Combined TRACON& Tower with Radar,2,15,48,8,73,0,1,74,10,85,2,16,122,18,158,86,36,122,280
05/16/2001,PUB,CO,ANM,WE,Combined TRACON& Tower with Radar,0,11,67,20,98,0,1,32,0,33,0,12,99,20,131,124,34,158,289
05/17/2001,PUB,CO,ANM,WE,Combined TRACON& Tower with Radar,0,9,39,1,49,0,1,13,0,14,0,10,52,1,63,38,10,48,111
05/18/2001,PUB,CO,ANM,WE,Combined TRACON& Tower with Radar,2,12,55,15,84,0,0,36,0,36,2,12,91,15,120,106,46,152,272
05/19/2001,PUB,CO,ANM,WE,Combined TRACON& Tower with Radar,0,8,34,6,48,0,3,0,0,3,0,11,34,6,51,30,48,78,129
05/20/2001,PUB,CO,ANM,WE,Combined TRACON& Tower with Radar,3,8,35,10,56,3,6,59,0,68,6,14,94,10,124,34,36,70,194
05/21/2001,PUB,CO,ANM,WE,Combined TRACON& Tower with Radar,3,7,32,15,57,1,8,42,5,56,4,15,74,20,113,80,48,128,241
05/22/2001,PUB,CO,ANM,WE,Combined TRACON& Tower with Radar,0,14,118,35,167,0,7,0,0,7,0,21,118,35,174,154,124,278,452
05/23/2001,PUB,CO,ANM,WE,Combined TRACON& Tower with Radar,0,13,58,13,84,0,0,29,0,29,0,13,87,13,113,92,82,174,287
05/24/2001,PUB,CO,ANM,WE,Combined TRACON& Tower with Radar,6,12,46,15,79,0,1,22,0,23,6,13,68,15,102,84,88,172,274
05/25/2001,PUB,CO,ANM,WE,Combined TRACON& Tower with Radar,0,9,34,6,49,0,1,81,0,82,0,10,115,6,131,76,12,88,219
05/26/2001,PUB,CO,ANM,WE,Combined TRACON& Tower with Radar,0,11,48,6,65,0,0,84,0,84,0,11,132,6,149,86,0,86,235
05/27/2001,PUB,CO,ANM,WE,Combined TRACON& Tower with Radar,2,7,42,0,51,0,3,58,0,61,2,10,100,0,112,54,0,54,166
05/28/2001,PUB,CO,ANM,WE,Combined TRACON& Tower with Radar,8,7,37,0,52,0,0,46,0,46,8,7,83,0,98,54,0,54,152
05/29/2001,PUB,CO,ANM,WE,Combined TRACON& Tower with Radar,1,20,33,15,69,0,3,32,0,35,1,23,65,15,104,20,76,96,200
05/30/2001,PUB,CO,ANM,WE,Combined TRACON& Tower with Radar,0,12,47,22,81,0,0,9,7,16,0,12,56,29,97,30,54,84,181
05/31/2001,PUB,CO,ANM,WE,Combined TRACON& Tower with Radar,2,11,45,45,103,0,0,48,0,48,2,11,93,45,151,110,132,242,393
06/01/2001,PUB,CO,ANM,WE,Combined TRACON& Tower with Radar,0,10,57,28,95,0,5,10,0,15,0,15,67,28,110,118,68,186,296
06/02/2001,PUB,CO,ANM,WE,Combined TRACON& Tower with Radar,1,6,65,6,78,0,4,25,0,29,1,10,90,6,107,148,20,168,275
06/03/2001,PUB,CO,ANM,WE,Combined TRACON& Tower with Radar,3,13,39,8,63,1,1,23,0,25,4,14,62,8,88,40,30,70,158
06/04/2001,PUB,CO,ANM,WE,Combined TRACON& Tower with Radar,0,17,41,17,75,0,1,20,0,21,0,18,61,17,96,70,54,124,220
06/05/2001,PUB,CO,ANM,WE,Combined TRACON& Tower with Radar,4,13,53,46,116,0,3,37,10,50,4,16,90,56,166,82,74,156,322
06/06/2001,PUB,CO,ANM,WE,Combined TRACON& Tower with Radar,0,12,61,20,93,0,1,24,0,25,0,13,85,20,118,60,86,146,264
06/07/2001,PUB,CO,ANM,WE,Combined TRACON& Tower with Radar,2,11,21,14,48,0,2,26,0,28,2,13,47,14,76,27,15,42,118
06/08/2001,PUB,CO,ANM,WE,Combined TRACON& Tower with Radar,0,7,42,0,49,0,6,35,1,42,0,13,77,1,91,84,10,94,185
06/09/2001,PUB,CO,ANM,WE,Combined TRACON& Tower with Radar,2,6,29,20,57,0,1,87,0,88,2,7,116,20,145,92,44,136,281
06/10/2001,PUB,CO,ANM,WE,Combined TRACON& Tower with Radar,2,6,39,10,57,0,1,73,0,74,2,7,112,10,131,44,22,66,197
06/11/2001,PUB,CO,ANM,WE,Combined TRACON& Tower with Radar,2,12,37,16,67,0,0,34,10,44,2,12,71,26,111,38,70,108,219
06/12/2001,PUB,CO,ANM,WE,Combined TRACON& Tower with Radar,2,15,113,20,150,0,4,0,0,4,2,19,113,20,154,92,60,152,306
06/13/2001,PUB,CO,ANM,WE,Combined TRACON& Tower with Radar,0,8,33,41,82,0,4,44,0,48,0,12,77,41,130,54,38,92,222
06/14/2001,PUB,CO,ANM,WE,Combined TRACON& Tower with Radar,2,10,46,36,94,0,2,21,0,23,2,12,67,36,117,82,178,260,377
06/15/2001,PUB,CO,ANM,WE,Combined TRACON& Tower with Radar,4,11,63,32,110,0,10,63,0,73,4,21,126,32,183,52,59,111,294
06/16/2001,PUB,CO,ANM,WE,Combined TRACON& Tower with Radar,2,23,61,0,86,0,5,89,0,94,2,28,150,0,180,128,0,128,308
06/17/2001,PUB,CO,ANM,WE,Combined TRACON& Tower with Radar,0,4,32,6,42,0,2,94,0,96,0,6,126,6,138,66,8,74,212
06/18/2001,PUB,CO,ANM,WE,Combined TRACON& Tower with Radar,0,13,54,14,81,0,0,68,17,85,0,13,122,31,166,98,34,132,298
06/19/2001,PUB,CO,ANM,WE,Combined TRACON& Tower with Radar,0,18,45,23,86,0,2,67,0,69,0,20,112,23,155,120,156,276,431
06/20/2001,PUB,CO,ANM,WE,Combined TRACON& Tower with Radar,0,10,40,13,63,4,5,8,0,17,4,15,48,13,80,40,76,116,196
06/21/2001,PUB,CO,ANM,WE,Combined TRACON& Tower with Radar,0,9,61,24,94,0,4,43,0,47,0,13,104,24,141,116,62,178,319
06/22/2001,PUB,CO,ANM,WE,Combined TRACON& Tower with Radar,0,7,31,8,46,0,7,66,0,73,0,14,97,8,119,96,4,100,219
06/23/2001,PUB,CO,ANM,WE,Combined TRACON& Tower with Radar,0,7,29,4,40,0,1,104,0,105,0,8,133,4,145,114,0,114,259
06/24/2001,PUB,CO,ANM,WE,Combined TRACON& Tower with Radar,0,5,33,2,40,0,0,74,0,74,0,5,107,2,114,82,3,85,199
06/25/2001,PUB,CO,ANM,WE,Combined TRACON& Tower with Radar,2,13,33,12,60,0,0,58,0,58,2,13,91,12,118,92,18,110,228
06/26/2001,PUB,CO,ANM,WE,Combined TRACON& Tower with Radar,0,12,50,9,71,0,5,35,0,40,0,17,85,9,111,96,38,134,245
06/27/2001,PUB,CO,ANM,WE,Combined TRACON& Tower with Radar,0,11,39,29,79,0,4,83,0,87,0,15,122,29,166,112,158,270,436
06/28/2001,PUB,CO,ANM,WE,Combined TRACON& Tower with Radar,0,16,30,11,57,0,1,61,0,62,0,17,91,11,119,60,82,142,261
06/29/2001,PUB,CO,ANM,WE,Combined TRACON& Tower with Radar,2,10,46,12,70,0,3,37,0,40,2,13,83,12,110,48,26,74,184
06/30/2001,PUB,CO,ANM,WE,Combined TRACON& Tower with Radar,0,10,42,2,54,0,4,108,0,112,0,14,150,2,166,104,0,104,270
07/01/2001,PUB,CO,ANM,WE,Combined TRACON& Tower with Radar,0,9,29,5,43,0,8,51,1,60,0,17,80,6,103,48,8,56,159
07/02/2001,PUB,CO,ANM,WE,Combined TRACON& Tower with Radar,0,14,44,20,78,0,0,9,0,9,0,14,53,20,87,24,48,72,159
07/03/2001,PUB,CO,ANM,WE,Combined TRACON& Tower with Radar,0,15,69,31,115,0,0,42,0,42,0,15,111,31,157,74,120,194,351
07/04/2001,PUB,CO,ANM,WE,Combined TRACON& Tower with Radar,0,2,41,1,44,1,2,88,4,95,1,4,129,5,139,108,4,112,251
07/05/2001,PUB,CO,ANM,WE,Combined TRACON& Tower with Radar,0,11,59,18,88,1,7,53,0,61,1,18,112,18,149,78,52,130,279
07/06/2001,PUB,CO,ANM,WE,Combined TRACON& Tower with Radar,5,24,39,13,81,0,0,35,0,35,5,24,74,13,116,48,106,154,270
07/07/2001,PUB,CO,ANM,WE,Combined TRACON& Tower with Radar,0,3,76,0,79,0,3,72,0,75,0,6,148,0,154,110,0,110,264
07/08/2001,PUB,CO,ANM,WE,Combined TRACON& Tower with Radar,18,22,59,1,100,0,3,71,1,75,18,25,130,2,175,116,0,116,291
07/09/2001,PUB,CO,ANM,WE,Combined TRACON& Tower with Radar,1,12,42,20,75,0,1,50,0,51,1,13,92,20,126,56,30,86,212
07/10/2001,PUB,CO,ANM,WE,Combined TRACON& Tower with Radar,0,24,61,16,101,0,0,32,0,32,0,24,93,16,133,60,58,118,251
07/11/2001,PUB,CO,ANM,WE,Combined TRACON& Tower with Radar,2,12,50,9,73,1,0,19,0,20,3,12,69,9,93,58,40,98,191
07/12/2001,PUB,CO,ANM,WE,Combined TRACON& Tower with Radar,0,12,31,12,55,0,1,47,0,48,0,13,78,12,103,76,34,110,213
07/13/2001,PUB,CO,ANM,WE,Combined TRACON& Tower with Radar,0,19,48,13,80,0,0,35,0,35,0,19,83,13,115,27,29,56,171
07/14/2001,PUB,CO,ANM,WE,Combined TRACON& Tower with Radar,0,8,32,6,46,0,0,66,0,66,0,8,98,6,112,42,0,42,154
07/15/2001,PUB,CO,ANM,WE,Combined TRACON& Tower with Radar,0,7,30,0,37,0,4,81,0,85,0,11,111,0,122,22,0,22,144
07/16/2001,PUB,CO,ANM,WE,Combined TRACON& Tower with Radar,2,13,44,10,69,0,6,58,0,64,2,19,102,10,133,66,36,102,235
07/17/2001,PUB,CO,ANM,WE,Combined TRACON& Tower with Radar,0,14,48,21,83,0,6,47,0,53,0,20,95,21,136,76,84,160,296
07/18/2001,PUB,CO,ANM,WE,Combined TRACON& Tower with Radar,0,9,40,21,70,0,4,46,0,50,0,13,86,21,120,84,138,222,342
07/19/2001,PUB,CO,ANM,WE,Combined TRACON& Tower with Radar,0,14,39,7,60,0,13,39,0,52,0,27,78,7,112,124,34,158,270
07/20/2001,PUB,CO,ANM,WE,Combined TRACON& Tower with Radar,0,17,47,18,82,0,0,43,0,43,0,17,90,18,125,64,18,82,207
07/21/2001,PUB,CO,ANM,WE,Combined TRACON& Tower with Radar,0,8,26,0,34,0,0,95,0,95,0,8,121,0,129,62,0,62,191
07/22/2001,PUB,CO,ANM,WE,Combined TRACON& Tower with Radar,0,10,58,6,74,0,2,61,0,63,0,12,119,6,137,84,2,86,223
07/23/2001,PUB,CO,ANM,WE,Combined TRACON& Tower with Radar,0,13,34,24,71,0,0,38,1,39,0,13,72,25,110,70,76,146,256
07/24/2001,PUB,CO,ANM,WE,Combined TRACON& Tower with Radar,1,16,57,26,100,1,11,25,0,37,2,27,82,26,137,86,46,132,269
07/25/2001,PUB,CO,ANM,WE,Combined TRACON& Tower with Radar,2,13,74,24,113,0,5,68,0,73,2,18,142,24,186,62,66,128,314
07/26/2001,PUB,CO,ANM,WE,Combined TRACON& Tower with Radar,6,19,57,28,110,0,0,48,0,48,6,19,105,28,158,78,30,108,266
07/27/2001,PUB,CO,ANM,WE,Combined TRACON& Tower with Radar,0,13,46,13,72,0,0,73,3,76,0,13,119,16,148,56,24,80,228
07/28/2001,PUB,CO,ANM,WE,Combined TRACON& Tower with Radar,0,13,49,18,80,0,12,59,0,71,0,25,108,18,151,104,38,142,293
07/29/2001,PUB,CO,ANM,WE,Combined TRACON& Tower with Radar,2,2,59,14,77,0,1,67,0,68,2,3,126,14,145,26,20,46,191
07/30/2001,PUB,CO,ANM,WE,Combined TRACON& Tower with Radar,0,11,48,3,62,0,0,46,8,54,0,11,94,11,116,68,27,95,211
07/31/2001,PUB,CO,ANM,WE,Combined TRACON& Tower with Radar,2,11,38,74,125,0,3,69,0,72,2,14,107,74,197,70,112,182,379
08/01/2001,PUB,CO,ANM,WE,Combined TRACON& Tower with Radar,1,15,31,12,59,0,0,72,8,80,1,15,103,20,139,38,62,100,239
08/02/2001,PUB,CO,ANM,WE,Combined TRACON& Tower with Radar,0,18,41,38,97,0,2,47,0,49,0,20,88,38,146,61,10,71,217
08/03/2001,PUB,CO,ANM,WE,Combined TRACON& Tower with Radar,0,13,46,32,91,0,1,63,0,64,0,14,109,32,155,96,50,146,301
08/04/2001,PUB,CO,ANM,WE,Combined TRACON& Tower with Radar,0,4,42,5,51,0,7,112,25,144,0,11,154,30,195,84,14,98,293
08/05/2001,PUB,CO,ANM,WE,Combined TRACON& Tower with Radar,0,8,53,19,80,0,1,111,27,139,0,9,164,46,219,74,58,132,351
08/06/2001,PUB,CO,ANM,WE,Combined TRACON& Tower with Radar,0,16,54,38,108,0,0,11,1,12,0,16,65,39,120,68,126,194,314
08/07/2001,PUB,CO,ANM,WE,Combined TRACON& Tower with Radar,0,16,33,25,74,0,2,85,0,87,0,18,118,25,161,114,106,220,381
08/08/2001,PUB,CO,ANM,WE,Combined TRACON& Tower with Radar,2,15,30,7,54,0,0,50,3,53,2,15,80,10,107,94,4,98,205
08/09/2001,PUB,CO,ANM,WE,Combined TRACON& Tower with Radar,0,19,26,17,62,0,0,20,0,20,0,19,46,17,82,28,36,64,146
08/10/2001,PUB,CO,ANM,WE,Combined TRACON& Tower with Radar,0,9,31,11,51,0,1,48,0,49,0,10,79,11,100,56,22,78,178
08/11/2001,PUB,CO,ANM,WE,Combined TRACON& Tower with Radar,0,8,42,1,51,0,2,90,1,93,0,10,132,2,144,94,2,96,240
08/12/2001,PUB,CO,ANM,WE,Combined TRACON& Tower with Radar,0,9,38,0,47,0,3,70,0,73,0,12,108,0,120,60,0,60,180
08/13/2001,PUB,CO,ANM,WE,Combined TRACON& Tower with Radar,2,13,51,14,80,0,0,28,0,28,2,13,79,14,108,102,20,122,230
08/14/2001,PUB,CO,ANM,WE,Combined TRACON& Tower with Radar,0,13,43,25,81,2,3,57,0,62,2,16,100,25,143,58,60,118,261
08/15/2001,PUB,CO,ANM,WE,Combined TRACON& Tower with Radar,0,14,52,25,91,0,0,55,0,55,0,14,107,25,146,76,40,116,262
08/16/2001,PUB,CO,ANM,WE,Combined TRACON& Tower with Radar,0,15,32,18,65,5,0,40,18,63,5,15,72,36,128,55,68,123,251
08/17/2001,PUB,CO,ANM,WE,Combined TRACON& Tower with Radar,0,12,30,27,69,0,1,63,9,73,0,13,93,36,142,54,48,102,244
08/18/2001,PUB,CO,ANM,WE,Combined TRACON& Tower with Radar,3,6,40,2,51,0,0,98,0,98,3,6,138,2,149,58,0,58,207
08/19/2001,PUB,CO,ANM,WE,Combined TRACON& Tower with Radar,2,5,55,1,63,0,2,65,5,72,2,7,120,6,135,60,4,64,199
08/20/2001,PUB,CO,ANM,WE,Combined TRACON& Tower with Radar,0,19,35,7,61,0,0,63,9,72,0,19,98,16,133,34,0,34,167
08/21/2001,PUB,CO,ANM,WE,Combined TRACON& Tower with Radar,1,16,79,53,149,0,2,62,0,64,1,18,141,53,213,142,90,232,445
08/22/2001,PUB,CO,ANM,WE,Combined TRACON& Tower with Radar,2,13,46,17,78,0,0,74,0,74,2,13,120,17,152,88,26,114,266
08/23/2001,PUB,CO,ANM,WE,Combined TRACON& Tower with Radar,0,10,45,37,92,0,4,94,0,98,0,14,139,37,190,122,120,242,432
08/24/2001,PUB,CO,ANM,WE,Combined TRACON& Tower with Radar,2,16,47,15,80,0,3,74,0,77,2,19,121,15,157,78,78,156,313
08/25/2001,PUB,CO,ANM,WE,Combined TRACON& Tower with Radar,0,8,47,4,59,0,3,32,0,35,0,11,79,4,94,60,40,100,194
08/26/2001,PUB,CO,ANM,WE,Combined TRACON& Tower with Radar,0,16,64,12,92,0,5,86,0,91,0,21,150,12,183,74,14,88,271
08/27/2001,PUB,CO,ANM,WE,Combined TRACON& Tower with Radar,0,8,29,25,62,0,3,82,0,85,0,11,111,25,147,74,86,160,307
08/28/2001,PUB,CO,ANM,WE,Combined TRACON& Tower with Radar,2,11,27,26,66,0,4,87,0,91,2,15,114,26,157,86,62,148,305
08/29/2001,PUB,CO,ANM,WE,Combined TRACON& Tower with Radar,0,9,42,14,65,0,6,15,0,21,0,15,57,14,86,78,114,192,278
08/30/2001,PUB,CO,ANM,WE,Combined TRACON& Tower with Radar,0,16,34,49,99,0,1,63,2,66,0,17,97,51,165,86,48,134,299
08/31/2001,PUB,CO,ANM,WE,Combined TRACON& Tower with Radar,0,10,48,17,75,3,0,0,0,3,3,10,48,17,78,38,58,96,174
09/01/2001,PUB,CO,ANM,WE,Combined TRACON& Tower with Radar,0,4,50,2,56,0,1,52,4,57,0,5,102,6,113,58,12,70,183
09/02/2001,PUB,CO,ANM,WE,Combined TRACON& Tower with Radar,0,3,27,0,30,0,5,89,6,100,0,8,116,6,130,74,10,84,214
09/03/2001,PUB,CO,ANM,WE,Combined TRACON& Tower with Radar,0,14,60,2,76,0,1,97,2,100,0,15,157,4,176,134,10,144,320
09/04/2001,PUB,CO,ANM,WE,Combined TRACON& Tower with Radar,3,2,25,50,80,22,11,56,0,89,25,13,81,50,169,94,96,190,359
09/05/2001,PUB,CO,ANM,WE,Combined TRACON& Tower with Radar,0,12,43,32,87,0,3,35,0,38,0,15,78,32,125,94,68,162,287
09/06/2001,PUB,CO,ANM,WE,Combined TRACON& Tower with Radar,2,8,40,36,86,0,1,27,0,28,2,9,67,36,114,44,98,142,256
09/07/2001,PUB,CO,ANM,WE,Combined TRACON& Tower with Radar,0,12,26,18,56,0,5,43,0,48,0,17,69,18,104,62,52,114,218
09/08/2001,PUB,CO,ANM,WE,Combined TRACON& Tower with Radar,0,8,16,10,34,0,2,8,0,10,0,10,24,10,44,8,8,16,60
09/09/2001,PUB,CO,ANM,WE,Combined TRACON& Tower with Radar,0,6,50,13,69,0,2,96,0,98,0,8,146,13,167,98,30,128,295
09/10/2001,PUB,CO,ANM,WE,Combined TRACON& Tower with Radar,0,8,50,23,81,0,5,54,1,60,0,13,104,24,141,72,44,116,257
09/11/2001,PUB,CO,ANM,WE,Combined TRACON& Tower with Radar,1,2,2,0,5,0,0,3,1,4,1,2,5,1,9,0,0,0,9
09/12/2001,PUB,CO,ANM,WE,Combined TRACON& Tower with Radar,0,6,1,0,7,1,0,6,1,8,1,6,7,1,15,0,0,0,15
09/13/2001,PUB,CO,ANM,WE,Combined TRACON& Tower with Radar,2,26,0,2,30,0,0,0,0,0,2,26,0,2,30,0,18,18,48
09/14/2001,PUB,CO,ANM,WE,Combined TRACON& Tower with Radar,0,53,11,12,76,0,5,0,0,5,0,58,11,12,81,0,24,24,105
09/15/2001,PUB,CO,ANM,WE,Combined TRACON& Tower with Radar,0,9,38,2,49,0,0,0,0,0,0,9,38,2,49,6,0,6,55
09/16/2001,PUB,CO,ANM,WE,Combined TRACON& Tower with Radar,0,14,46,0,60,0,3,0,0,3,0,17,46,0,63,12,0,12,75
09/17/2001,PUB,CO,ANM,WE,Combined TRACON& Tower with Radar,0,21,50,1,72,0,0,8,3,11,0,21,58,4,83,4,0,4,87
09/18/2001,PUB,CO,ANM,WE,Combined TRACON& Tower with Radar,0,37,56,51,144,0,0,0,3,3,0,37,56,54,147,12,76,88,235
09/19/2001,PUB,CO,ANM,WE,Combined TRACON& Tower with Radar,0,17,77,13,107,0,0,0,0,0,0,17,77,13,107,38,58,96,203
09/20/2001,PUB,CO,ANM,WE,Combined TRACON& Tower with Radar,0,11,77,26,114,0,0,0,0,0,0,11,77,26,114,20,104,124,238
09/21/2001,PUB,CO,ANM,WE,Combined TRACON& Tower with Radar,0,13,60,32,105,0,8,14,0,22,0,21,74,32,127,44,68,112,239
09/22/2001,PUB,CO,ANM,WE,Combined TRACON& Tower with Radar,0,4,45,5,54,0,0,29,0,29,0,4,74,5,83,58,30,88,171
09/23/2001,PUB,CO,ANM,WE,Combined TRACON& Tower with Radar,0,14,71,12,97,0,0,46,0,46,0,14,117,12,143,96,28,124,267
09/24/2001,PUB,CO,ANM,WE,Combined TRACON& Tower with Radar,0,14,40,18,72,0,0,0,0,0,0,14,40,18,72,68,60,128,200
09/25/2001,PUB,CO,ANM,WE,Combined TRACON& Tower with Radar,0,27,65,19,111,0,3,25,0,28,0,30,90,19,139,60,118,178,317
09/26/2001,PUB,CO,ANM,WE,Combined TRACON& Tower with Radar,0,6,65,49,120,0,0,65,1,66,0,6,130,50,186,98,58,156,342
09/27/2001,PUB,CO,ANM,WE,Combined TRACON& Tower with Radar,2,13,54,49,118,0,3,22,0,25,2,16,76,49,143,62,114,176,319
09/28/2001,PUB,CO,ANM,WE,Combined TRACON& Tower with Radar,0,9,72,24,105,0,5,50,0,55,0,14,122,24,160,56,40,96,256
09/29/2001,PUB,CO,ANM,WE,Combined TRACON& Tower with Radar,0,8,92,0,100,0,2,49,2,53,0,10,141,2,153,112,20,132,285
09/30/2001,PUB,CO,ANM,WE,Combined TRACON& Tower with Radar,0,8,58,0,66,0,0,34,0,34,0,8,92,0,100,44,0,44,144
10/01/2001,PUB,CO,ANM,WE,Combined TRACON& Tower with Radar,0,15,52,9,76,0,0,14,0,14,0,15,66,9,90,96,80,176,266
10/02/2001,PUB,CO,ANM,WE,Combined TRACON& Tower with Radar,2,19,108,35,164,0,4,43,0,47,2,23,151,35,211,130,80,210,421
10/03/2001,PUB,CO,ANM,WE,Combined TRACON& Tower with Radar,10,19,76,22,127,0,0,53,0,53,10,19,129,22,180,98,70,168,348
10/04/2001,PUB,CO,ANM,WE,Combined TRACON& Tower with Radar,0,13,44,40,97,0,2,60,0,62,0,15,104,40,159,70,118,188,347
10/05/2001,PUB,CO,ANM,WE,Combined TRACON& Tower with Radar,0,20,36,18,74,0,0,0,0,0,0,20,36,18,74,66,38,104,178
10/06/2001,PUB,CO,ANM,WE,Combined TRACON& Tower with Radar,0,7,54,10,71,0,0,61,0,61,0,7,115,10,132,92,24,116,248
10/07/2001,PUB,CO,ANM,WE,Combined TRACON& Tower with Radar,2,6,39,13,60,0,0,59,0,59,2,6,98,13,119,74,36,110,229
10/08/2001,PUB,CO,ANM,WE,Combined TRACON& Tower with Radar,0,12,86,3,101,0,2,56,0,58,0,14,142,3,159,130,2,132,291
10/09/2001,PUB,CO,ANM,WE,Combined TRACON& Tower with Radar,0,18,24,26,68,0,2,57,0,59,0,20,81,26,127,106,82,188,315
10/10/2001,PUB,CO,ANM,WE,Combined TRACON& Tower with Radar,0,8,67,37,112,0,0,62,0,62,0,8,129,37,174,166,138,304,478
10/11/2001,PUB,CO,ANM,WE,Combined TRACON& Tower with Radar,4,11,86,38,139,0,4,70,0,74,4,15,156,38,213,124,70,194,407
10/12/2001,PUB,CO,ANM,WE,Combined TRACON& Tower with Radar,2,17,22,20,61,0,0,22,0,22,2,17,44,20,83,44,14,58,141
10/13/2001,PUB,CO,ANM,WE,Combined TRACON& Tower with Radar,0,13,41,15,69,0,1,97,0,98,0,14,138,15,167,94,22,116,283
10/14/2001,PUB,CO,ANM,WE,Combined TRACON& Tower with Radar,0,7,82,4,93,0,1,43,0,44,0,8,125,4,137,80,32,112,249
10/15/2001,PUB,CO,ANM,WE,Combined TRACON& Tower with Radar,0,9,44,4,57,0,0,36,1,37,0,9,80,5,94,102,2,104,198
10/16/2001,PUB,CO,ANM,WE,Combined TRACON& Tower with Radar,1,23,91,39,154,0,3,81,0,84,1,26,172,39,238,156,170,326,564
10/17/2001,PUB,CO,ANM,WE,Combined TRACON& Tower with Radar,0,16,76,25,117,0,0,92,12,104,0,16,168,37,221,208,54,262,483
10/18/2001,PUB,CO,ANM,WE,Combined TRACON& Tower with Radar,0,17,39,14,70,0,0,53,0,53,0,17,92,14,123,94,46,140,263
10/19/2001,PUB,CO,ANM,WE,Combined TRACON& Tower with Radar,0,19,32,15,66,0,1,54,0,55,0,20,86,15,121,128,52,180,301
10/20/2001,PUB,CO,ANM,WE,Combined TRACON& Tower with Radar,0,8,90,6,104,0,1,25,0,26,0,9,115,6,130,136,40,176,306
10/21/2001,PUB,CO,ANM,WE,Combined TRACON& Tower with Radar,0,9,66,3,78,0,3,28,3,34,0,12,94,6,112,110,10,120,232
10/22/2001,PUB,CO,ANM,WE,Combined TRACON& Tower with Radar,0,18,71,16,105,0,0,9,0,9,0,18,80,16,114,126,74,200,314
10/23/2001,PUB,CO,ANM,WE,Combined TRACON& Tower with Radar,0,21,26,32,79,0,6,36,0,42,0,27,62,32,121,34,106,140,261
10/24/2001,PUB,CO,ANM,WE,Combined TRACON& Tower with Radar,2,14,23,13,52,0,6,47,2,55,2,20,70,15,107,100,60,160,267
10/25/2001,PUB,CO,ANM,WE,Combined TRACON& Tower with Radar,0,13,50,20,83,0,7,56,0,63,0,20,106,20,146,70,108,178,324
10/26/2001,PUB,CO,ANM,WE,Combined TRACON& Tower with Radar,0,11,49,17,77,0,2,59,0,61,0,13,108,17,138,196,60,256,394
10/27/2001,PUB,CO,ANM,WE,Combined TRACON& Tower with Radar,0,7,86,20,113,0,0,59,0,59,0,7,145,20,172,144,104,248,420
10/28/2001,PUB,CO,ANM,WE,Combined TRACON& Tower with Radar,0,10,42,3,55,0,4,104,1,109,0,14,146,4,164,88,10,98,262
10/29/2001,PUB,CO,ANM,WE,Combined TRACON& Tower with Radar,0,16,53,14,83,0,4,22,0,26,0,20,75,14,109,56,50,106,215
10/30/2001,PUB,CO,ANM,WE,Combined TRACON& Tower with Radar,0,9,48,25,82,0,7,56,0,63,0,16,104,25,145,102,112,214,359
10/31/2001,PUB,CO,ANM,WE,Combined TRACON& Tower with Radar,0,17,37,2,56,0,1,19,0,20,0,18,56,2,76,34,2,36,112
11/01/2001,PUB,CO,ANM,WE,Combined TRACON& Tower with Radar,0,18,46,23,87,0,1,33,0,34,0,19,79,23,121,142,68,210,331
11/02/2001,PUB,CO,ANM,WE,Combined TRACON& Tower with Radar,0,31,41,12,84,2,0,84,0,86,2,31,125,12,170,130,48,178,348
11/03/2001,PUB,CO,ANM,WE,Combined TRACON& Tower with Radar,0,8,43,4,55,0,0,112,5,117,0,8,155,9,172,74,8,82,254
11/04/2001,PUB,CO,ANM,WE,Combined TRACON& Tower with Radar,0,8,56,1,65,0,5,43,17,65,0,13,99,18,130,114,154,268,398
11/05/2001,PUB,CO,ANM,WE,Combined TRACON& Tower with Radar,0,18,55,26,99,0,9,36,0,45,0,27,91,26,144,98,142,240,384
11/06/2001,PUB,CO,ANM,WE,Combined TRACON& Tower with Radar,0,15,77,47,139,0,5,63,17,85,0,20,140,64,224,224,318,542,766
11/07/2001,PUB,CO,ANM,WE,Combined TRACON& Tower with Radar,0,25,52,48,125,0,3,80,9,92,0,28,132,57,217,324,216,540,757
11/08/2001,PUB,CO,ANM,WE,Combined TRACON& Tower with Radar,0,20,30,26,76,0,0,34,0,34,0,20,64,26,110,126,24,150,260
11/09/2001,PUB,CO,ANM,WE,Combined TRACON& Tower with Radar,3,18,40,24,85,1,5,86,0,92,4,23,126,24,177,322,186,508,685
11/10/2001,PUB,CO,ANM,WE,Combined TRACON& Tower with Radar,2,8,66,16,92,0,3,135,0,138,2,11,201,16,230,224,30,254,484
11/11/2001,PUB,CO,ANM,WE,Combined TRACON& Tower with Radar,0,7,69,0,76,0,3,103,2,108,0,10,172,2,184,170,12,182,366
11/12/2001,PUB,CO,ANM,WE,Combined TRACON& Tower with Radar,0,12,40,0,52,0,0,67,10,77,0,12,107,10,129,152,2,154,283
11/13/2001,PUB,CO,ANM,WE,Combined TRACON& Tower with Radar,1,18,80,38,137,0,2,43,0,45,1,20,123,38,182,182,56,238,420
11/14/2001,PUB,CO,ANM,WE,Combined TRACON& Tower with Radar,0,9,48,18,75,0,6,48,9,63,0,15,96,27,138,64,38,102,240
11/15/2001,PUB,CO,ANM,WE,Combined TRACON& Tower with Radar,1,15,79,46,141,0,0,58,0,58,1,15,137,46,199,132,114,246,445
11/16/2001,PUB,CO,ANM,WE,Combined TRACON& Tower with Radar,4,14,29,24,71,0,2,17,0,19,4,16,46,24,90,64,92,156,246
11/17/2001,PUB,CO,ANM,WE,Combined TRACON& Tower with Radar,2,7,53,6,68,0,5,22,1,28,2,12,75,7,96,78,6,84,180
11/18/2001,PUB,CO,ANM,WE,Combined TRACON& Tower with Radar,0,13,49,10,72,0,0,22,0,22,0,13,71,10,94,28,22,50,144
11/19/2001,PUB,CO,ANM,WE,Combined TRACON& Tower with Radar,2,16,46,26,90,0,0,41,0,41,2,16,87,26,131,58,56,114,245
11/20/2001,PUB,CO,ANM,WE,Combined TRACON& Tower with Radar,0,21,67,35,123,0,5,42,0,47,0,26,109,35,170,70,34,104,274
11/21/2001,PUB,CO,ANM,WE,Combined TRACON& Tower with Radar,0,10,58,15,83,2,2,41,0,45,2,12,99,15,128,142,118,260,388
11/22/2001,PUB,CO,ANM,WE,Combined TRACON& Tower with Radar,0,4,2,0,6,0,0,26,1,27,0,4,28,1,33,0,0,0,33
11/23/2001,PUB,CO,ANM,WE,Combined TRACON& Tower with Radar,0,20,16,0,36,0,0,4,0,4,0,20,20,0,40,6,0,6,46
11/24/2001,PUB,CO,ANM,WE,Combined TRACON& Tower with Radar,0,10,45,0,55,0,2,78,0,80,0,12,123,0,135,68,0,68,203
11/25/2001,PUB,CO,ANM,WE,Combined TRACON& Tower with Radar,4,16,39,0,59,0,6,23,0,29,4,22,62,0,88,30,0,30,118
11/26/2001,PUB,CO,ANM,WE,Combined TRACON& Tower with Radar,0,1,8,1,10,5,0,0,0,5,5,1,8,1,15,18,52,70,85
11/27/2001,PUB,CO,ANM,WE,Combined TRACON& Tower with Radar,0,19,20,30,69,0,2,0,0,2,0,21,20,30,71,14,68,82,153
11/28/2001,PUB,CO,ANM,WE,Combined TRACON& Tower with Radar,0,9,38,59,106,0,0,67,4,71,0,9,105,63,177,74,76,150,327
11/29/2001,PUB,CO,ANM,WE,Combined TRACON& Tower with Radar,4,18,45,86,153,3,0,78,0,81,7,18,123,86,234,128,144,272,506
11/30/2001,PUB,CO,ANM,WE,Combined TRACON& Tower with Radar,4,20,75,60,159,0,0,5,0,5,4,20,80,60,164,54,110,164,328
12/01/2001,PUB,CO,ANM,WE,Combined TRACON& Tower with Radar,2,11,43,8,64,0,1,75,0,76,2,12,118,8,140,205,36,241,381
12/02/2001,PUB,CO,ANM,WE,Combined TRACON& Tower with Radar,2,5,63,14,84,0,2,74,0,76,2,7,137,14,160,102,34,136,296
12/03/2001,PUB,CO,ANM,WE,Combined TRACON& Tower with Radar,0,9,47,20,76,0,2,35,0,37,0,11,82,20,113,80,92,172,285
12/04/2001,PUB,CO,ANM,WE,Combined TRACON& Tower with Radar,2,17,20,28,67,0,9,75,0,84,2,26,95,28,151,128,116,244,395
12/05/2001,PUB,CO,ANM,WE,Combined TRACON& Tower with Radar,0,19,34,24,77,0,1,23,0,24,0,20,57,24,101,96,122,218,319
12/06/2001,PUB,CO,ANM,WE,Combined TRACON& Tower with Radar,0,12,49,25,86,0,1,40,3,44,0,13,89,28,130,90,40,130,260
12/07/2001,PUB,CO,ANM,WE,Combined TRACON& Tower with Radar,0,14,63,30,107,0,0,1,0,1,0,14,64,30,108,58,112,170,278
12/08/2001,PUB,CO,ANM,WE,Combined TRACON& Tower with Radar,0,5,21,8,34,0,3,103,0,106,0,8,124,8,140,158,6,164,304
12/09/2001,PUB,CO,ANM,WE,Combined TRACON& Tower with Radar,0,9,38,4,51,0,0,112,0,112,0,9,150,4,163,104,4,108,271
12/10/2001,PUB,CO,ANM,WE,Combined TRACON& Tower with Radar,0,11,39,15,65,0,8,32,0,40,0,19,71,15,105,66,34,100,205
12/11/2001,PUB,CO,ANM,WE,Combined TRACON& Tower with Radar,4,19,75,59,157,0,4,29,0,33,4,23,104,59,190,118,130,248,438
12/12/2001,PUB,CO,ANM,WE,Combined TRACON& Tower with Radar,0,19,31,14,64,0,6,5,3,14,0,25,36,17,78,6,20,26,104
12/13/2001,PUB,CO,ANM,WE,Combined TRACON& Tower with Radar,0,13,48,22,83,4,0,50,0,54,4,13,98,22,137,68,66,134,271
12/14/2001,PUB,CO,ANM,WE,Combined TRACON& Tower with Radar,2,10,49,20,81,0,0,49,0,49,2,10,98,20,130,40,28,68,198
12/15/2001,PUB,CO,ANM,WE,Combined TRACON& Tower with Radar,2,5,43,3,53,0,0,19,0,19,2,5,62,3,72,48,34,82,154
12/16/2001,PUB,CO,ANM,WE,Combined TRACON& Tower with Radar,0,8,39,0,47,0,0,43,1,44,0,8,82,1,91,104,0,104,195
12/17/2001,PUB,CO,ANM,WE,Combined TRACON& Tower with Radar,0,14,32,22,68,0,5,47,0,52,0,19,79,22,120,66,116,182,302
12/18/2001,PUB,CO,ANM,WE,Combined TRACON& Tower with Radar,4,11,22,43,80,0,0,46,0,46,4,11,68,43,126,50,140,190,316
12/19/2001,PUB,CO,ANM,WE,Combined TRACON& Tower with Radar,0,9,40,28,77,0,1,44,0,45,0,10,84,28,122,70,92,162,284
12/20/2001,PUB,CO,ANM,WE,Combined TRACON& Tower with Radar,2,13,39,7,61,0,7,94,12,113,2,20,133,19,174,124,38,162,336
12/21/2001,PUB,CO,ANM,WE,Combined TRACON& Tower with Radar,1,16,22,12,51,0,0,15,0,15,1,16,37,12,66,18,70,88,154
12/22/2001,PUB,CO,ANM,WE,Combined TRACON& Tower with Radar,0,4,22,0,26,0,1,22,0,23,0,5,44,0,49,36,9,45,94
12/23/2001,PUB,CO,ANM,WE,Combined TRACON& Tower with Radar,0,5,24,2,31,0,7,73,0,80,0,12,97,2,111,36,0,36,147
12/24/2001,PUB,CO,ANM,WE,Combined TRACON& Tower with Radar,0,7,14,0,21,0,0,49,0,49,0,7,63,0,70,0,0,0,70
12/25/2001,PUB,CO,ANM,WE,Combined TRACON& Tower with Radar,0,0,8,0,8,0,1,13,0,14,0,1,21,0,22,0,0,0,22
12/26/2001,PUB,CO,ANM,WE,Combined TRACON& Tower with Radar,0,15,32,12,59,0,0,50,0,50,0,15,82,12,109,82,68,150,259
12/27/2001,PUB,CO,ANM,WE,Combined TRACON& Tower with Radar,0,11,54,20,85,0,0,76,0,76,0,11,130,20,161,78,80,158,319
12/28/2001,PUB,CO,ANM,WE,Combined TRACON& Tower with Radar,0,11,30,32,73,0,3,30,0,33,0,14,60,32,106,62,54,116,222
12/29/2001,PUB,CO,ANM,WE,Combined TRACON& Tower with Radar,0,8,30,6,44,0,2,18,0,20,0,10,48,6,64,54,46,100,164
12/30/2001,PUB,CO,ANM,WE,Combined TRACON& Tower with Radar,0,10,4,0,14,0,0,0,0,0,0,10,4,0,14,3,0,3,17
12/31/2001,PUB,CO,ANM,WE,Combined TRACON& Tower with Radar,0,9,15,1,25,0,2,14,2,18,0,11,29,3,43,20,0,20,63
01/01/2002,PUB,CO,ANM,WE,Combined TRACON& Tower with Radar,0,6,6,0,12,0,0,0,0,0,0,6,6,0,12,0,0,0,12
01/02/2002,PUB,CO,ANM,WE,Combined TRACON& Tower with Radar,0,10,25,6,41,0,2,29,0,31,0,12,54,6,72,36,16,52,124
01/03/2002,PUB,CO,ANM,WE,Combined TRACON& Tower with Radar,2,9,39,20,70,0,6,46,0,52,2,15,85,20,122,54,78,132,254
01/04/2002,PUB,CO,ANM,WE,Combined TRACON& Tower with Radar,2,18,10,13,43,0,0,10,0,10,2,18,20,13,53,10,62,72,125
01/05/2002,PUB,CO,ANM,WE,Combined TRACON& Tower with Radar,0,11,69,7,87,0,4,63,0,67,0,15,132,7,154,134,14,148,302
01/06/2002,PUB,CO,ANM,WE,Combined TRACON& Tower with Radar,0,5,59,1,65,0,2,90,1,93,0,7,149,2,158,120,1,121,279
01/07/2002,PUB,CO,ANM,WE,Combined TRACON& Tower with Radar,0,14,35,28,77,0,2,72,0,74,0,16,107,28,151,88,80,168,319
01/08/2002,PUB,CO,ANM,WE,Combined TRACON& Tower with Radar,2,19,70,35,126,0,2,6,1,9,2,21,76,36,135,134,54,188,323
01/09/2002,PUB,CO,ANM,WE,Combined TRACON& Tower with Radar,0,19,52,51,122,0,0,82,0,82,0,19,134,51,204,169,115,284,488
01/10/2002,PUB,CO,ANM,WE,Combined TRACON& Tower with Radar,0,12,13,6,31,0,6,21,0,27,0,18,34,6,58,54,8,62,120
01/11/2002,PUB,CO,ANM,WE,Combined TRACON& Tower with Radar,6,14,50,34,104,0,1,46,0,47,6,15,96,34,151,80,104,184,335
01/12/2002,PUB,CO,ANM,WE,Combined TRACON& Tower with Radar,0,4,47,13,64,0,0,99,0,99,0,4,146,13,163,162,8,170,333
01/13/2002,PUB,CO,ANM,WE,Combined TRACON& Tower with Radar,0,5,15,12,32,0,0,10,0,10,0,5,25,12,42,0,16,16,58
01/14/2002,PUB,CO,ANM,WE,Combined TRACON& Tower with Radar,0,13,27,22,62,0,2,23,0,25,0,15,50,22,87,24,100,124,211
01/15/2002,PUB,CO,ANM,WE,Combined TRACON& Tower with Radar,0,15,60,26,101,0,2,60,0,62,0,17,120,26,163,138,80,218,381
01/16/2002,PUB,CO,ANM,WE,Combined TRACON& Tower with Radar,0,15,48,15,78,2,11,25,0,38,2,26,73,15,116,44,56,100,216
01/17/2002,PUB,CO,ANM,WE,Combined TRACON& Tower with Radar,0,16,53,39,108,0,8,55,3,66,0,24,108,42,174,96,108,204,378
01/18/2002,PUB,CO,ANM,WE,Combined TRACON& Tower with Radar,4,24,57,20,105,0,0,33,0,33,4,24,90,20,138,48,60,108,246
01/19/2002,PUB,CO,ANM,WE,Combined TRACON& Tower with Radar,0,6,84,26,116,0,12,7,0,19,0,18,91,26,135,76,44,120,255
01/20/2002,PUB,CO,ANM,WE,Combined TRACON& Tower with Radar,4,8,42,4,58,0,4,20,0,24,4,12,62,4,82,38,12,50,132
01/21/2002,PUB,CO,ANM,WE,Combined TRACON& Tower with Radar,2,15,57,12,86,0,0,50,0,50,2,15,107,12,136,94,38,132,268
01/22/2002,PUB,CO,ANM,WE,Combined TRACON& Tower with Radar,2,19,39,13,73,0,0,34,0,34,2,19,73,13,107,68,34,102,209
01/23/2002,PUB,CO,ANM,WE,Combined TRACON& Tower with Radar,0,14,13,10,37,0,0,0,0,0,0,14,13,10,37,0,12,12,49
01/24/2002,PUB,CO,ANM,WE,Combined TRACON& Tower with Radar,2,19,52,51,124,0,0,81,0,81,2,19,133,51,205,168,146,314,519
01/25/2002,PUB,CO,ANM,WE,Combined TRACON& Tower with Radar,0,12,27,26,65,0,3,39,0,42,0,15,66,26,107,70,90,160,267
01/26/2002,PUB,CO,ANM,WE,Combined TRACON& Tower with Radar,0,8,51,4,63,0,1,114,2,117,0,9,165,6,180,138,0,138,318
01/27/2002,PUB,CO,ANM,WE,Combined TRACON& Tower with Radar,0,6,32,16,54,0,1,92,0,93,0,7,124,16,147,78,12,90,237
01/28/2002,PUB,CO,ANM,WE,Combined TRACON& Tower with Radar,0,19,40,22,81,0,0,17,0,17,0,19,57,22,98,34,50,84,182
01/29/2002,PUB,CO,ANM,WE,Combined TRACON& Tower with Radar,0,10,31,5,46,0,2,14,0,16,0,12,45,5,62,14,2,16,78
01/30/2002,PUB,CO,ANM,WE,Combined TRACON& Tower with Radar,0,13,64,26,103,0,0,20,0,20,0,13,84,26,123,138,118,256,379
01/31/2002,PUB,CO,ANM,WE,Combined TRACON& Tower with Radar,0,12,57,26,95,0,2,19,0,21,0,14,76,26,116,68,60,128,244
02/01/2002,PUB,CO,ANM,WE,Combined TRACON& Tower with Radar,0,13,70,12,95,0,6,43,4,53,0,19,113,16,148,80,50,130,278
02/02/2002,PUB,CO,ANM,WE,Combined TRACON& Tower with Radar,0,4,66,1,71,0,1,60,3,64,0,5,126,4,135,174,2,176,311
02/03/2002,PUB,CO,ANM,WE,Combined TRACON& Tower with Radar,0,6,66,0,72,0,0,81,4,85,0,6,147,4,157,112,0,112,269
02/04/2002,PUB,CO,ANM,WE,Combined TRACON& Tower with Radar,0,10,44,8,62,0,0,21,12,33,0,10,65,20,95,102,42,144,239
02/05/2002,PUB,CO,ANM,WE,Combined TRACON& Tower with Radar,2,17,79,9,107,0,2,24,10,36,2,19,103,19,143,122,14,136,279
02/06/2002,PUB,CO,ANM,WE,Combined TRACON& Tower with Radar,2,12,63,36,113,0,5,43,0,48,2,17,106,36,161,109,114,223,384
02/07/2002,PUB,CO,ANM,WE,Combined TRACON& Tower with Radar,0,17,83,40,140,0,0,62,0,62,0,17,145,40,202,222,70,292,494
02/08/2002,PUB,CO,ANM,WE,Combined TRACON& Tower with Radar,0,16,27,18,61,0,0,29,0,29,0,16,56,18,90,52,40,92,182
02/09/2002,PUB,CO,ANM,WE,Combined TRACON& Tower with Radar,0,10,10,0,20,0,0,14,0,14,0,10,24,0,34,6,0,6,40
02/10/2002,PUB,CO,ANM,WE,Combined TRACON& Tower with Radar,0,15,78,8,101,0,2,92,2,96,0,17,170,10,197,118,10,128,325
02/11/2002,PUB,CO,ANM,WE,Combined TRACON& Tower with Radar,4,10,67,20,101,0,0,23,0,23,4,10,90,20,124,88,92,180,304
02/12/2002,PUB,CO,ANM,WE,Combined TRACON& Tower with Radar,4,21,51,35,111,0,3,41,0,44,4,24,92,35,155,136,78,214,369
02/13/2002,PUB,CO,ANM,WE,Combined TRACON& Tower with Radar,2,15,63,31,111,0,3,48,6,57,2,18,111,37,168,126,26,152,320
02/14/2002,PUB,CO,ANM,WE,Combined TRACON& Tower with Radar,2,20,35,16,73,0,2,7,0,9,2,22,42,16,82,20,42,62,144
02/15/2002,PUB,CO,ANM,WE,Combined TRACON& Tower with Radar,2,14,47,30,93,0,0,29,0,29,2,14,76,30,122,24,66,90,212
02/16/2002,PUB,CO,ANM,WE,Combined TRACON& Tower with Radar,0,5,75,11,91,0,0,109,0,109,0,5,184,11,200,112,28,140,340
02/17/2002,PUB,CO,ANM,WE,Combined TRACON& Tower with Radar,0,6,32,2,40,0,1,51,0,52,0,7,83,2,92,104,4,108,200
02/18/2002,PUB,CO,ANM,WE,Combined TRACON& Tower with Radar,0,15,37,7,59,0,0,18,4,22,0,15,55,11,81,62,10,72,153
02/19/2002,PUB,CO,ANM,WE,Combined TRACON& Tower with Radar,0,20,65,47,132,0,3,6,0,9,0,23,71,47,141,64,96,160,301
02/20/2002,PUB,CO,ANM,WE,Combined TRACON& Tower with Radar,0,20,20,13,53,0,0,34,2,36,0,20,54,15,89,54,12,66,155
02/21/2002,PUB,CO,ANM,WE,Combined TRACON& Tower with Radar,0,19,30,61,110,0,1,46,0,47,0,20,76,61,157,52,126,178,335
02/22/2002,PUB,CO,ANM,WE,Combined TRACON& Tower with Radar,0,13,60,15,88,0,2,42,1,45,0,15,102,16,133,72,18,90,223
02/23/2002,PUB,CO,ANM,WE,Combined TRACON& Tower with Radar,0,6,22,0,28,0,2,17,0,19,0,8,39,0,47,20,0,20,67
02/24/2002,PUB,CO,ANM,WE,Combined TRACON& Tower with Radar,0,8,29,8,45,0,5,108,0,113,0,13,137,8,158,100,12,112,270
02/25/2002,PUB,CO,ANM,WE,Combined TRACON& Tower with Radar,0,5,12,2,19,0,2,0,0,2,0,7,12,2,21,0,0,0,21
02/26/2002,PUB,CO,ANM,WE,Combined TRACON& Tower with Radar,0,17,80,30,127,0,3,28,0,31,0,20,108,30,158,84,60,144,302
02/27/2002,PUB,CO,ANM,WE,Combined TRACON& Tower with Radar,2,12,44,45,103,0,3,37,0,40,2,15,81,45,143,64,82,146,289
02/28/2002,PUB,CO,ANM,WE,Combined TRACON& Tower with Radar,2,16,42,13,73,0,7,30,12,49,2,23,72,25,122,68,50,118,240
03/01/2002,PUB,CO,ANM,WE,Combined TRACON& Tower with Radar,0,21,4,0,25,0,1,0,0,1,0,22,4,0,26,0,0,0,26
03/02/2002,PUB,CO,ANM,WE,Combined TRACON& Tower with Radar,0,6,30,16,52,0,0,33,0,33,0,6,63,16,85,52,8,60,145
03/03/2002,PUB,CO,ANM,WE,Combined TRACON& Tower with Radar,0,7,25,2,34,0,4,104,0,108,0,11,129,2,142,48,2,50,192
03/04/2002,PUB,CO,ANM,WE,Combined TRACON& Tower with Radar,0,11,39,15,65,0,1,29,5,35,0,12,68,20,100,44,6,50,150
03/05/2002,PUB,CO,ANM,WE,Combined TRACON& Tower with Radar,0,18,83,35,136,0,0,25,0,25,0,18,108,35,161,120,90,210,371
03/06/2002,PUB,CO,ANM,WE,Combined TRACON& Tower with Radar,0,8,46,39,93,0,1,44,0,45,0,9,90,39,138,60,88,148,286
03/07/2002,PUB,CO,ANM,WE,Combined TRACON& Tower with Radar,1,21,25,3,50,1,3,29,6,39,2,24,54,9,89,50,12,62,151
03/08/2002,PUB,CO,ANM,WE,Combined TRACON& Tower with Radar,9,36,26,6,77,1,4,8,0,13,10,40,34,6,90,6,20,26,116
03/09/2002,PUB,CO,ANM,WE,Combined TRACON& Tower with Radar,4,8,25,16,53,0,1,80,0,81,4,9,105,16,134,134,76,210,344
03/10/2002,PUB,CO,ANM,WE,Combined TRACON& Tower with Radar,2,5,94,0,101,0,3,76,2,81,2,8,170,2,182,156,0,156,338
03/11/2002,PUB,CO,ANM,WE,Combined TRACON& Tower with Radar,2,9,53,6,70,0,5,54,0,59,2,14,107,6,129,66,26,92,221
03/12/2002,PUB,CO,ANM,WE,Combined TRACON& Tower with Radar,0,17,33,32,82,0,3,83,0,86,0,20,116,32,168,56,50,106,274
03/13/2002,PUB,CO,ANM,WE,Combined TRACON& Tower with Radar,2,15,76,27,120,0,3,56,10,69,2,18,132,37,189,92,36,128,317
03/14/2002,PUB,CO,ANM,WE,Combined TRACON& Tower with Radar,1,15,46,24,86,1,4,0,0,5,2,19,46,24,91,26,98,124,215
03/15/2002,PUB,CO,ANM,WE,Combined TRACON& Tower with Radar,0,16,35,24,75,0,5,9,0,14,0,21,44,24,89,14,50,64,153
03/16/2002,PUB,CO,ANM,WE,Combined TRACON& Tower with Radar,0,9,34,2,45,0,1,59,0,60,0,10,93,2,105,118,4,122,227
03/17/2002,PUB,CO,ANM,WE,Combined TRACON& Tower with Radar,4,10,80,4,98,0,4,86,2,92,4,14,166,6,190,88,12,100,290
03/18/2002,PUB,CO,ANM,WE,Combined TRACON& Tower with Radar,2,17,48,16,83,0,0,38,0,38,2,17,86,16,121,54,32,86,207
03/19/2002,PUB,CO,ANM,WE,Combined TRACON& Tower with Radar,2,20,73,27,122,0,4,34,0,38,2,24,107,27,160,104,130,234,394
03/20/2002,PUB,CO,ANM,WE,Combined TRACON& Tower with Radar,0,13,65,65,143,0,3,61,0,64,0,16,126,65,207,54,118,172,379
03/21/2002,PUB,CO,ANM,WE,Combined TRACON& Tower with Radar,0,16,48,22,86,0,0,11,4,15,0,16,59,26,101,72,44,116,217
03/22/2002,PUB,CO,ANM,WE,Combined TRACON& Tower with Radar,0,28,63,33,124,0,3,60,0,63,0,31,123,33,187,58,103,161,348
03/23/2002,PUB,CO,ANM,WE,Combined TRACON& Tower with Radar,4,9,53,18,84,0,4,73,0,77,4,13,126,18,161,50,36,86,247
03/24/2002,PUB,CO,ANM,WE,Combined TRACON& Tower with Radar,0,3,23,0,26,0,3,6,1,10,0,6,29,1,36,46,0,46,82
03/25/2002,PUB,CO,ANM,WE,Combined TRACON& Tower with Radar,0,10,12,5,27,0,0,9,6,15,0,10,21,11,42,0,26,26,68
03/26/2002,PUB,CO,ANM,WE,Combined TRACON& Tower with Radar,0,10,55,20,85,0,1,62,18,81,0,11,117,38,166,52,32,84,250
03/27/2002,PUB,CO,ANM,WE,Combined TRACON& Tower with Radar,2,19,34,13,68,0,2,48,0,50,2,21,82,13,118,42,22,64,182
03/28/2002,PUB,CO,ANM,WE,Combined TRACON& Tower with Radar,0,9,32,7,48,0,3,58,9,70,0,12,90,16,118,36,10,46,164
03/29/2002,PUB,CO,ANM,WE,Combined TRACON& Tower with Radar,0,8,37,18,63,0,0,52,0,52,0,8,89,18,115,48,14,62,177
03/30/2002,PUB,CO,ANM,WE,Combined TRACON& Tower with Radar,6,8,32,0,46,0,4,121,8,133,6,12,153,8,179,126,0,126,305
03/31/2002,PUB,CO,ANM,WE,Combined TRACON& Tower with Radar,2,4,20,0,26,0,0,106,0,106,2,4,126,0,132,76,0,76,208
04/01/2002,PUB,CO,ANM,WE,Combined TRACON& Tower with Radar,0,11,28,10,49,0,2,25,2,29,0,13,53,12,78,44,16,60,138
04/02/2002,PUB,CO,ANM,WE,Combined TRACON& Tower with Radar,2,12,19,26,59,0,1,23,0,24,2,13,42,26,83,52,64,116,199
04/03/2002,PUB,CO,ANM,WE,Combined TRACON& Tower with Radar,0,11,60,28,99,0,1,17,0,18,0,12,77,28,117,76,86,162,279
04/04/2002,PUB,CO,ANM,WE,Combined TRACON& Tower with Radar,0,13,67,39,119,0,0,75,3,78,0,13,142,42,197,160,102,262,459
04/05/2002,PUB,CO,ANM,WE,Combined TRACON& Tower with Radar,1,12,63,37,113,1,0,67,3,71,2,12,130,40,184,140,108,248,432
04/06/2002,PUB,CO,ANM,WE,Combined TRACON& Tower with Radar,4,6,42,8,60,0,1,85,0,86,4,7,127,8,146,102,34,136,282
04/07/2002,PUB,CO,ANM,WE,Combined TRACON& Tower with Radar,0,8,31,6,45,0,5,17,0,22,0,13,48,6,67,28,36,64,131
04/08/2002,PUB,CO,ANM,WE,Combined TRACON& Tower with Radar,2,11,42,9,64,0,1,14,0,15,2,12,56,9,79,20,30,50,129
04/09/2002,PUB,CO,ANM,WE,Combined TRACON& Tower with Radar,0,37,74,27,138,0,1,34,6,41,0,38,108,33,179,132,62,194,373
04/10/2002,PUB,CO,ANM,WE,Combined TRACON& Tower with Radar,0,14,37,26,77,0,1,29,0,30,0,15,66,26,107,74,108,182,289
04/11/2002,PUB,CO,ANM,WE,Combined TRACON& Tower with Radar,0,12,51,24,87,0,1,69,2,72,0,13,120,26,159,122,98,220,379
04/12/2002,PUB,CO,ANM,WE,Combined TRACON& Tower with Radar,0,8,54,13,75,0,0,49,0,49,0,8,103,13,124,74,40,114,238
04/13/2002,PUB,CO,ANM,WE,Combined TRACON& Tower with Radar,0,7,71,6,84,0,1,94,0,95,0,8,165,6,179,96,8,104,283
04/14/2002,PUB,CO,ANM,WE,Combined TRACON& Tower with Radar,0,8,70,8,86,0,3,50,2,55,0,11,120,10,141,102,12,114,255
04/15/2002,PUB,CO,ANM,WE,Combined TRACON& Tower with Radar,2,10,21,12,45,0,2,20,1,23,2,12,41,13,68,46,4,50,118
04/16/2002,PUB,CO,ANM,WE,Combined TRACON& Tower with Radar,0,7,13,0,20,0,2,25,0,27,0,9,38,0,47,28,0,28,75
04/17/2002,PUB,CO,ANM,WE,Combined TRACON& Tower with Radar,0,10,28,10,48,0,1,10,0,11,0,11,38,10,59,16,8,24,83
04/18/2002,PUB,CO,ANM,WE,Combined TRACON& Tower with Radar,0,12,26,8,46,0,1,18,0,19,0,13,44,8,65,22,18,40,105
04/19/2002,PUB,CO,ANM,WE,Combined TRACON& Tower with Radar,0,12,36,18,66,0,5,36,4,45,0,17,72,22,111,48,70,118,229
04/20/2002,PUB,CO,ANM,WE,Combined TRACON& Tower with Radar,0,5,6,8,19,0,3,0,6,9,0,8,6,14,28,10,2,12,40
04/21/2002,PUB,CO,ANM,WE,Combined TRACON& Tower with Radar,0,12,40,4,56,2,0,116,0,118,2,12,156,4,174,86,0,86,260
04/22/2002,PUB,CO,ANM,WE,Combined TRACON& Tower with Radar,2,16,54,12,84,0,0,48,0,48,2,16,102,12,132,74,40,114,246
04/23/2002,PUB,CO,ANM,WE,Combined TRACON& Tower with Radar,2,10,32,26,70,0,2,35,0,37,2,12,67,26,107,38,88,126,233
04/24/2002,PUB,CO,ANM,WE,Combined TRACON& Tower with Radar,0,14,63,18,95,0,0,32,0,32,0,14,95,18,127,70,62,132,259
04/25/2002,PUB,CO,ANM,WE,Combined TRACON& Tower with Radar,2,16,56,54,128,0,4,76,0,80,2,20,132,54,208,80,106,186,394
04/26/2002,PUB,CO,ANM,WE,Combined TRACON& Tower with Radar,0,15,35,26,76,0,0,35,0,35,0,15,70,26,111,8,70,78,189
04/27/2002,PUB,CO,ANM,WE,Combined TRACON& Tower with Radar,0,8,21,4,33,0,0,19,0,19,0,8,40,4,52,24,18,42,94
04/28/2002,PUB,CO,ANM,WE,Combined TRACON& Tower with Radar,2,11,51,6,70,0,5,68,2,75,2,16,119,8,145,100,56,156,301
04/29/2002,PUB,CO,ANM,WE,Combined TRACON& Tower with Radar,2,12,24,19,57,0,4,54,0,58,2,16,78,19,115,80,24,104,219
04/30/2002,PUB,CO,ANM,WE,Combined TRACON& Tower with Radar,0,15,50,31,96,0,0,32,0,32,0,15,82,31,128,68,72,140,268
05/01/2002,PUB,CO,ANM,WE,Combined TRACON& Tower with Radar,0,9,33,9,51,0,1,26,0,27,0,10,59,9,78,12,2,14,92
05/02/2002,PUB,CO,ANM,WE,Combined TRACON& Tower with Radar,5,13,58,16,92,0,5,30,0,35,5,18,88,16,127,56,46,102,229
05/03/2002,PUB,CO,ANM,WE,Combined TRACON& Tower with Radar,0,13,50,21,84,0,1,12,0,13,0,14,62,21,97,51,90,141,238
05/04/2002,PUB,CO,ANM,WE,Combined TRACON& Tower with Radar,2,7,55,18,82,0,3,79,4,86,2,10,134,22,168,58,20,78,246
05/05/2002,PUB,CO,ANM,WE,Combined TRACON& Tower with Radar,0,7,57,5,69,0,5,121,1,127,0,12,178,6,196,78,4,82,278
05/06/2002,PUB,CO,ANM,WE,Combined TRACON& Tower with Radar,0,18,35,16,69,0,2,67,0,69,0,20,102,16,138,78,54,132,270
05/07/2002,PUB,CO,ANM,WE,Combined TRACON& Tower with Radar,2,10,67,21,100,0,1,58,11,70,2,11,125,32,170,88,62,150,320
05/08/2002,PUB,CO,ANM,WE,Combined TRACON& Tower with Radar,0,9,33,20,62,0,0,29,0,29,0,9,62,20,91,18,46,64,155
05/09/2002,PUB,CO,ANM,WE,Combined TRACON& Tower with Radar,3,14,54,54,125,0,1,60,10,71,3,15,114,64,196,42,92,134,330
05/10/2002,PUB,CO,ANM,WE,Combined TRACON& Tower with Radar,4,12,44,24,84,0,3,61,4,68,4,15,105,28,152,87,62,149,301
05/11/2002,PUB,CO,ANM,WE,Combined TRACON& Tower with Radar,0,13,38,3,54,0,0,37,3,40,0,13,75,6,94,46,10,56,150
05/12/2002,PUB,CO,ANM,WE,Combined TRACON& Tower with Radar,0,9,38,10,57,0,1,6,0,7,0,10,44,10,64,50,26,76,140
05/13/2002,PUB,CO,ANM,WE,Combined TRACON& Tower with Radar,2,14,40,14,70,0,2,73,0,75,2,16,113,14,145,86,48,134,279
05/14/2002,PUB,CO,ANM,WE,Combined TRACON& Tower with Radar,0,9,39,24,72,0,0,51,8,59,0,9,90,32,131,118,58,176,307
05/15/2002,PUB,CO,ANM,WE,Combined TRACON& Tower with Radar,0,11,37,11,59,0,0,38,0,38,0,11,75,11,97,98,76,174,271
05/16/2002,PUB,CO,ANM,WE,Combined TRACON& Tower with Radar,0,11,48,31,90,0,0,27,2,29,0,11,75,33,119,70,72,142,261
05/17/2002,PUB,CO,ANM,WE,Combined TRACON& Tower with Radar,2,8,59,14,83,1,5,42,0,48,3,13,101,14,131,52,32,84,215
05/18/2002,PUB,CO,ANM,WE,Combined TRACON& Tower with Radar,0,4,22,12,38,0,2,54,0,56,0,6,76,12,94,54,24,78,172
05/19/2002,PUB,CO,ANM,WE,Combined TRACON& Tower with Radar,1,10,59,20,90,0,0,92,0,92,1,10,151,20,182,82,32,114,296
05/20/2002,PUB,CO,ANM,WE,Combined TRACON& Tower with Radar,0,5,48,22,75,0,4,59,0,63,0,9,107,22,138,66,54,120,258
05/21/2002,PUB,CO,ANM,WE,Combined TRACON& Tower with Radar,0,18,37,32,87,0,0,21,1,22,0,18,58,33,109,56,62,118,227
05/22/2002,PUB,CO,ANM,WE,Combined TRACON& Tower with Radar,0,11,57,71,139,0,0,43,0,43,0,11,100,71,182,76,142,218,400
05/23/2002,PUB,CO,ANM,WE,Combined TRACON& Tower with Radar,2,14,60,26,102,0,6,33,0,39,2,20,93,26,141,76,114,190,331
05/24/2002,PUB,CO,ANM,WE,Combined TRACON& Tower with Radar,0,12,35,6,53,0,0,15,0,15,0,12,50,6,68,16,6,22,90
05/25/2002,PUB,CO,ANM,WE,Combined TRACON& Tower with Radar,0,4,22,13,39,0,0,92,2,94,0,4,114,15,133,54,18,72,205
05/26/2002,PUB,CO,ANM,WE,Combined TRACON& Tower with Radar,0,8,41,1,50,0,3,79,3,85,0,11,120,4,135,64,7,71,206
05/27/2002,PUB,CO,ANM,WE,Combined TRACON& Tower with Radar,0,10,62,0,72,0,6,62,2,70,0,16,124,2,142,108,4,112,254
05/28/2002,PUB,CO,ANM,WE,Combined TRACON& Tower with Radar,0,12,45,25,82,0,6,45,0,51,0,18,90,25,133,60,80,140,273
05/29/2002,PUB,CO,ANM,WE,Combined TRACON& Tower with Radar,0,12,55,34,101,0,0,34,0,34,0,12,89,34,135,48,64,112,247
05/30/2002,PUB,CO,ANM,WE,Combined TRACON& Tower with Radar,1,16,63,35,115,13,2,44,17,76,14,18,107,52,191,68,94,162,353
05/31/2002,PUB,CO,ANM,WE,Combined TRACON& Tower with Radar,0,12,58,32,102,0,0,23,2,25,0,12,81,34,127,69,74,143,270
06/01/2002,PUB,CO,ANM,WE,Combined TRACON& Tower with Radar,0,5,35,1,41,0,7,78,1,86,0,12,113,2,127,58,0,58,185
06/02/2002,PUB,CO,ANM,WE,Combined TRACON& Tower with Radar,0,4,14,0,18,0,24,118,0,142,0,28,132,0,160,24,0,24,184
06/03/2002,PUB,CO,ANM,WE,Combined TRACON& Tower with Radar,0,14,38,12,64,0,20,57,0,77,0,34,95,12,141,12,60,72,213
06/04/2002,PUB,CO,ANM,WE,Combined TRACON& Tower with Radar,0,27,34,14,75,0,2,25,0,27,0,29,59,14,102,12,40,52,154
06/05/2002,PUB,CO,ANM,WE,Combined TRACON& Tower with Radar,0,13,56,10,79,0,0,72,0,72,0,13,128,10,151,108,54,162,313
06/06/2002,PUB,CO,ANM,WE,Combined TRACON& Tower with Radar,1,16,75,30,122,3,0,63,12,78,4,16,138,42,200,74,146,220,420
06/07/2002,PUB,CO,ANM,WE,Combined TRACON& Tower with Radar,0,6,52,11,69,0,0,100,0,100,0,6,152,11,169,88,23,111,280
06/08/2002,PUB,CO,ANM,WE,Combined TRACON& Tower with Radar,2,4,52,15,73,0,1,95,2,98,2,5,147,17,171,48,16,64,235
06/09/2002,PUB,CO,ANM,WE,Combined TRACON& Tower with Radar,0,15,41,0,56,0,2,50,0,52,0,17,91,0,108,38,0,38,146
06/10/2002,PUB,CO,ANM,WE,Combined TRACON& Tower with Radar,2,9,58,16,85,0,1,98,0,99,2,10,156,16,184,98,56,154,338
06/11/2002,PUB,CO,ANM,WE,Combined TRACON& Tower with Radar,2,16,39,14,71,0,4,85,0,89,2,20,124,14,160,92,34,126,286
06/12/2002,PUB,CO,ANM,WE,Combined TRACON& Tower with Radar,0,12,39,22,73,0,0,100,0,100,0,12,139,22,173,108,44,152,325
06/13/2002,PUB,CO,ANM,WE,Combined TRACON& Tower with Radar,0,12,29,22,63,0,4,69,0,73,0,16,98,22,136,68,58,126,262
06/14/2002,PUB,CO,ANM,WE,Combined TRACON& Tower with Radar,0,14,22,18,54,0,4,97,0,101,0,18,119,18,155,26,35,61,216
06/15/2002,PUB,CO,ANM,WE,Combined TRACON& Tower with Radar,0,8,32,2,42,0,0,98,0,98,0,8,130,2,140,88,4,92,232
06/16/2002,PUB,CO,ANM,WE,Combined TRACON& Tower with Radar,0,6,34,5,45,0,2,59,0,61,0,8,93,5,106,42,0,42,148
06/17/2002,PUB,CO,ANM,WE,Combined TRACON& Tower with Radar,2,6,23,4,35,0,0,79,2,81,2,6,102,6,116,34,0,34,150
06/18/2002,PUB,CO,ANM,WE,Combined TRACON& Tower with Radar,0,13,49,6,68,0,10,49,0,59,0,23,98,6,127,82,52,134,261
06/19/2002,PUB,CO,ANM,WE,Combined TRACON& Tower with Radar,0,16,39,7,62,1,15,31,3,50,1,31,70,10,112,82,6,88,200
06/20/2002,PUB,CO,ANM,WE,Combined TRACON& Tower with Radar,2,10,31,14,57,0,10,37,0,47,2,20,68,14,104,62,10,72,176
06/21/2002,PUB,CO,ANM,WE,Combined TRACON& Tower with Radar,0,12,40,8,60,1,6,54,0,61,1,18,94,8,121,74,0,74,195
06/22/2002,PUB,CO,ANM,WE,Combined TRACON& Tower with Radar,0,6,79,0,85,0,15,36,2,53,0,21,115,2,138,100,0,100,238
06/23/2002,PUB,CO,ANM,WE,Combined TRACON& Tower with Radar,0,12,40,2,54,2,24,104,0,130,2,36,144,2,184,62,0,62,246
06/24/2002,PUB,CO,ANM,WE,Combined TRACON& Tower with Radar,0,9,32,5,46,0,12,47,0,59,0,21,79,5,105,74,28,102,207
06/25/2002,PUB,CO,ANM,WE,Combined TRACON& Tower with Radar,0,15,39,10,64,0,1,47,0,48,0,16,86,10,112,42,2,44,156
06/26/2002,PUB,CO,ANM,WE,Combined TRACON& Tower with Radar,0,11,34,29,74,0,5,45,0,50,0,16,79,29,124,50,60,110,234
06/27/2002,PUB,CO,ANM,WE,Combined TRACON& Tower with Radar,2,12,34,16,64,0,4,51,0,55,2,16,85,16,119,66,28,94,213
06/28/2002,PUB,CO,ANM,WE,Combined TRACON& Tower with Radar,0,10,47,8,65,0,3,33,0,36,0,13,80,8,101,22,4,26,127
06/29/2002,PUB,CO,ANM,WE,Combined TRACON& Tower with Radar,0,11,71,18,100,0,5,75,0,80,0,16,146,18,180,62,30,92,272
06/30/2002,PUB,CO,ANM,WE,Combined TRACON& Tower with Radar,2,8,33,2,45,0,3,60,0,63,2,11,93,2,108,62,6,68,176
07/01/2002,PUB,CO,ANM,WE,Combined TRACON& Tower with Radar,2,23,31,22,78,0,5,56,0,61,2,28,87,22,139,56,52,108,247
07/02/2002,PUB,CO,ANM,WE,Combined TRACON& Tower with Radar,2,14,55,20,91,0,1,37,0,38,2,15,92,20,129,50,74,124,253
07/03/2002,PUB,CO,ANM,WE,Combined TRACON& Tower with Radar,2,11,32,20,65,0,5,42,0,47,2,16,74,20,112,22,40,62,174
07/04/2002,PUB,CO,ANM,WE,Combined TRACON& Tower with Radar,1,2,16,0,19,4,0,64,0,68,5,2,80,0,87,70,0,70,157
07/05/2002,PUB,CO,ANM,WE,Combined TRACON& Tower with Radar,0,7,50,9,66,0,1,24,3,28,0,8,74,12,94,14,21,35,129
07/06/2002,PUB,CO,ANM,WE,Combined TRACON& Tower with Radar,0,2,52,0,54,0,0,37,0,37,0,2,89,0,91,72,0,72,163
07/07/2002,PUB,CO,ANM,WE,Combined TRACON& Tower with Radar,0,20,58,2,80,0,3,118,4,125,0,23,176,6,205,46,0,46,251
07/08/2002,PUB,CO,ANM,WE,Combined TRACON& Tower with Radar,0,12,39,12,63,0,10,67,0,77,0,22,106,12,140,44,30,74,214
07/09/2002,PUB,CO,ANM,WE,Combined TRACON& Tower with Radar,0,14,53,0,67,0,1,17,14,32,0,15,70,14,99,46,36,82,181
07/10/2002,PUB,CO,ANM,WE,Combined TRACON& Tower with Radar,0,5,31,24,60,0,0,22,0,22,0,5,53,24,82,30,64,94,176
07/11/2002,PUB,CO,ANM,WE,Combined TRACON& Tower with Radar,2,18,39,31,90,0,0,58,0,58,2,18,97,31,148,76,34,110,258
07/12/2002,PUB,CO,ANM,WE,Combined TRACON& Tower with Radar,0,16,24,17,57,0,8,62,0,70,0,24,86,17,127,42,49,91,218
07/13/2002,PUB,CO,ANM,WE,Combined TRACON& Tower with Radar,0,3,29,4,36,0,3,88,0,91,0,6,117,4,127,58,5,63,190
07/14/2002,PUB,CO,ANM,WE,Combined TRACON& Tower with Radar,0,12,44,2,58,0,2,62,6,70,0,14,106,8,128,50,4,54,182
07/15/2002,PUB,CO,ANM,WE,Combined TRACON& Tower with Radar,0,10,48,5,63,0,2,80,1,83,0,12,128,6,146,48,6,54,200
07/16/2002,PUB,CO,ANM,WE,Combined TRACON& Tower with Radar,4,8,44,58,114,0,2,58,4,64,4,10,102,62,178,132,86,218,396
07/17/2002,PUB,CO,ANM,WE,Combined TRACON& Tower with Radar,0,13,28,46,87,0,4,47,0,51,0,17,75,46,138,90,112,202,340
07/18/2002,PUB,CO,ANM,WE,Combined TRACON& Tower with Radar,0,11,45,46,102,0,4,76,0,80,0,15,121,46,182,128,106,234,416
07/19/2002,PUB,CO,ANM,WE,Combined TRACON& Tower with Radar,2,14,52,20,88,0,3,58,0,61,2,17,110,20,149,64,64,128,277
07/20/2002,PUB,CO,ANM,WE,Combined TRACON& Tower with Radar,0,8,32,22,62,0,2,72,1,75,0,10,104,23,137,86,18,104,241
07/21/2002,PUB,CO,ANM,WE,Combined TRACON& Tower with Radar,0,21,31,8,60,0,2,83,0,85,0,23,114,8,145,68,24,92,237
07/22/2002,PUB,CO,ANM,WE,Combined TRACON& Tower with Radar,0,12,22,13,47,0,4,48,0,52,0,16,70,13,99,38,24,62,161
07/23/2002,PUB,CO,ANM,WE,Combined TRACON& Tower with Radar,0,17,51,18,86,0,0,37,0,37,0,17,88,18,123,96,24,120,243
07/24/2002,PUB,CO,ANM,WE,Combined TRACON& Tower with Radar,0,18,62,37,117,0,4,27,9,40,0,22,89,46,157,92,71,163,320
07/25/2002,PUB,CO,ANM,WE,Combined TRACON& Tower with Radar,2,12,49,54,117,0,0,52,0,52,2,12,101,54,169,60,124,184,353
07/26/2002,PUB,CO,ANM,WE,Combined TRACON& Tower with Radar,0,14,48,11,73,0,0,58,3,61,0,14,106,14,134,88,42,130,264
07/27/2002,PUB,CO,ANM,WE,Combined TRACON& Tower with Radar,0,6,39,0,45,0,0,86,2,88,0,6,125,2,133,56,2,58,191
07/28/2002,PUB,CO,ANM,WE,Combined TRACON& Tower with Radar,0,9,57,9,75,0,1,55,0,56,0,10,112,9,131,86,20,106,237
07/29/2002,PUB,CO,ANM,WE,Combined TRACON& Tower with Radar,0,9,63,15,87,0,5,76,0,81,0,14,139,15,168,64,20,84,252
07/30/2002,PUB,CO,ANM,WE,Combined TRACON& Tower with Radar,0,14,52,14,80,0,0,82,1,83,0,14,134,15,163,102,18,120,283
07/31/2002,PUB,CO,ANM,WE,Combined TRACON& Tower with Radar,0,14,40,30,84,0,0,49,0,49,0,14,89,30,133,64,130,194,327
08/01/2002,PUB,CO,ANM,WE,Combined TRACON& Tower with Radar,0,10,23,10,43,0,5,22,0,27,0,15,45,10,70,20,18,38,108
08/02/2002,PUB,CO,ANM,WE,Combined TRACON& Tower with Radar,2,12,53,12,79,0,0,43,0,43,2,12,96,12,122,36,20,56,178
08/03/2002,PUB,CO,ANM,WE,Combined TRACON& Tower with Radar,0,4,48,1,53,0,1,54,1,56,0,5,102,2,109,112,0,112,221
08/04/2002,PUB,CO,ANM,WE,Combined TRACON& Tower with Radar,0,10,39,2,51,0,3,110,0,113,0,13,149,2,164,78,4,82,246
08/05/2002,PUB,CO,ANM,WE,Combined TRACON& Tower with Radar,1,10,38,11,60,9,6,34,0,49,10,16,72,11,109,28,38,66,175
08/06/2002,PUB,CO,ANM,WE,Combined TRACON& Tower with Radar,0,19,36,24,79,0,2,53,0,55,0,21,89,24,134,72,52,124,258
08/07/2002,PUB,CO,ANM,WE,Combined TRACON& Tower with Radar,0,12,46,22,80,0,4,38,5,47,0,16,84,27,127,54,52,106,233
08/08/2002,PUB,CO,ANM,WE,Combined TRACON& Tower with Radar,2,16,55,18,91,0,1,68,0,69,2,17,123,18,160,74,44,118,278
08/09/2002,PUB,CO,ANM,WE,Combined TRACON& Tower with Radar,0,13,48,9,70,0,4,45,0,49,0,17,93,9,119,106,23,129,248
08/10/2002,PUB,CO,ANM,WE,Combined TRACON& Tower with Radar,0,6,46,9,61,0,0,90,10,100,0,6,136,19,161,90,26,116,277
08/11/2002,PUB,CO,ANM,WE,Combined TRACON& Tower with Radar,2,12,65,6,85,0,0,67,0,67,2,12,132,6,152,134,12,146,298
08/12/2002,PUB,CO,ANM,WE,Combined TRACON& Tower with Radar,0,11,37,6,54,0,0,49,0,49,0,11,86,6,103,14,40,54,157
08/13/2002,PUB,CO,ANM,WE,Combined TRACON& Tower with Radar,0,8,59,12,79,0,7,46,0,53,0,15,105,12,132,40,58,98,230
08/14/2002,PUB,CO,ANM,WE,Combined TRACON& Tower with Radar,0,6,40,19,65,0,1,36,0,37,0,7,76,19,102,124,58,182,284
08/15/2002,PUB,CO,ANM,WE,Combined TRACON& Tower with Radar,0,9,44,12,65,0,2,34,0,36,0,11,78,12,101,42,26,68,169
08/16/2002,PUB,CO,ANM,WE,Combined TRACON& Tower with Radar,0,0,42,24,66,0,0,49,0,49,0,0,91,24,115,44,47,91,206
08/17/2002,PUB,CO,ANM,WE,Combined TRACON& Tower with Radar,0,0,37,9,46,0,0,54,15,69,0,0,91,24,115,46,18,64,179
08/18/2002,PUB,CO,ANM,WE,Combined TRACON& Tower with Radar,0,15,35,5,55,0,1,76,1,78,0,16,111,6,133,34,6,40,173
08/19/2002,PUB,CO,ANM,WE,Combined TRACON& Tower with Radar,0,10,54,10,74,0,1,44,0,45,0,11,98,10,119,88,26,114,233
08/20/2002,PUB,CO,ANM,WE,Combined TRACON& Tower with Radar,0,18,32,4,54,0,0,62,2,64,0,18,94,6,118,66,4,70,188
08/21/2002,PUB,CO,ANM,WE,Combined TRACON& Tower with Radar,0,10,33,2,45,2,5,72,0,79,2,15,105,2,124,86,8,94,218
08/22/2002,PUB,CO,ANM,WE,Combined TRACON& Tower with Radar,0,11,25,16,52,2,0,72,0,74,2,11,97,16,126,92,27,119,245
08/23/2002,PUB,CO,ANM,WE,Combined TRACON& Tower with Radar,0,6,25,10,41,1,0,47,0,48,1,6,72,10,89,46,79,125,214
08/24/2002,PUB,CO,ANM,WE,Combined TRACON& Tower with Radar,0,9,46,8,63,0,2,33,0,35,0,11,79,8,98,64,18,82,180
08/25/2002,PUB,CO,ANM,WE,Combined TRACON& Tower with Radar,0,11,76,0,87,0,2,42,0,44,0,13,118,0,131,52,0,52,183
08/26/2002,PUB,CO,ANM,WE,Combined TRACON& Tower with Radar,0,10,32,14,56,0,3,47,0,50,0,13,79,14,106,54,78,132,238
08/27/2002,PUB,CO,ANM,WE,Combined TRACON& Tower with Radar,0,12,66,18,96,0,2,13,0,15,0,14,79,18,111,102,46,148,259
08/28/2002,PUB,CO,ANM,WE,Combined TRACON& Tower with Radar,0,7,61,30,98,2,1,44,0,47,2,8,105,30,145,66,78,144,289
08/29/2002,PUB,CO,ANM,WE,Combined TRACON& Tower with Radar,15,16,59,54,144,0,1,59,0,60,15,17,118,54,204,84,136,220,424
08/30/2002,PUB,CO,ANM,WE,Combined TRACON& Tower with Radar,0,15,61,43,119,14,8,43,0,65,14,23,104,43,184,80,58,138,322
08/31/2002,PUB,CO,ANM,WE,Combined TRACON& Tower with Radar,0,4,31,0,35,0,1,57,4,62,0,5,88,4,97,64,10,74,171
09/01/2002,PUB,CO,ANM,WE,Combined TRACON& Tower with Radar,0,7,22,2,31,0,10,71,0,81,0,17,93,2,112,28,4,32,144
09/02/2002,PUB,CO,ANM,WE,Combined TRACON& Tower with Radar,0,9,19,10,38,0,6,102,0,108,0,15,121,10,146,44,32,76,222
09/03/2002,PUB,CO,ANM,WE,Combined TRACON& Tower with Radar,0,14,24,11,49,0,3,61,4,68,0,17,85,15,117,76,12,88,205
09/04/2002,PUB,CO,ANM,WE,Combined TRACON& Tower with Radar,2,10,19,16,47,0,4,74,0,78,2,14,93,16,125,68,54,122,247
09/05/2002,PUB,CO,ANM,WE,Combined TRACON& Tower with Radar,0,16,31,20,67,0,0,69,0,69,0,16,100,20,136,84,74,158,294
09/06/2002,PUB,CO,ANM,WE,Combined TRACON& Tower with Radar,0,8,47,31,86,3,0,36,10,49,3,8,83,41,135,27,58,85,220
09/07/2002,PUB,CO,ANM,WE,Combined TRACON& Tower with Radar,0,7,30,8,45,0,0,86,0,86,0,7,116,8,131,78,12,90,221
09/08/2002,PUB,CO,ANM,WE,Combined TRACON& Tower with Radar,4,6,37,6,53,0,4,74,0,78,4,10,111,6,131,50,4,54,185
09/09/2002,PUB,CO,ANM,WE,Combined TRACON& Tower with Radar,0,8,18,30,56,0,4,21,0,25,0,12,39,30,81,24,40,64,145
09/10/2002,PUB,CO,ANM,WE,Combined TRACON& Tower with Radar,2,12,57,19,90,0,0,14,0,14,2,12,71,19,104,48,16,64,168
09/11/2002,PUB,CO,ANM,WE,Combined TRACON& Tower with Radar,0,15,53,22,90,0,2,0,0,2,0,17,53,22,92,42,42,84,176
09/12/2002,PUB,CO,ANM,WE,Combined TRACON& Tower with Radar,2,8,30,22,62,0,3,26,0,29,2,11,56,22,91,22,60,82,173
09/13/2002,PUB,CO,ANM,WE,Combined TRACON& Tower with Radar,0,8,18,4,30,1,0,42,0,43,1,8,60,4,73,73,12,85,158
09/14/2002,PUB,CO,ANM,WE,Combined TRACON& Tower with Radar,0,4,52,26,82,0,0,97,0,97,0,4,149,26,179,66,48,114,293
09/15/2002,PUB,CO,ANM,WE,Combined TRACON& Tower with Radar,0,11,42,12,65,0,1,127,0,128,0,12,169,12,193,144,52,196,389
09/16/2002,PUB,CO,ANM,WE,Combined TRACON& Tower with Radar,0,11,48,20,79,0,1,48,11,60,0,12,96,31,139,70,24,94,233
09/17/2002,PUB,CO,ANM,WE,Combined TRACON& Tower with Radar,0,11,20,14,45,0,2,40,0,42,0,13,60,14,87,60,56,116,203
09/18/2002,PUB,CO,ANM,WE,Combined TRACON& Tower with Radar,2,8,36,14,60,0,1,14,0,15,2,9,50,14,75,50,74,124,199
09/19/2002,PUB,CO,ANM,WE,Combined TRACON& Tower with Radar,4,14,30,50,98,0,2,31,0,33,4,16,61,50,131,88,126,214,345
09/20/2002,PUB,CO,ANM,WE,Combined TRACON& Tower with Radar,4,10,30,36,80,0,2,44,0,46,4,12,74,36,126,70,98,168,294
09/21/2002,PUB,CO,ANM,WE,Combined TRACON& Tower with Radar,0,8,53,4,65,0,1,62,0,63,0,9,115,4,128,114,8,122,250
09/22/2002,PUB,CO,ANM,WE,Combined TRACON& Tower with Radar,2,6,52,10,70,0,2,74,0,76,2,8,126,10,146,66,12,78,224
09/23/2002,PUB,CO,ANM,WE,Combined TRACON& Tower with Radar,0,7,53,13,73,0,7,39,1,47,0,14,92,14,120,110,32,142,262
09/24/2002,PUB,CO,ANM,WE,Combined TRACON& Tower with Radar,2,13,50,27,92,0,0,43,0,43,2,13,93,27,135,52,48,100,235
09/25/2002,PUB,CO,ANM,WE,Combined TRACON& Tower with Radar,0,18,45,18,81,0,0,55,0,55,0,18,100,18,136,56,122,178,314
09/26/2002,PUB,CO,ANM,WE,Combined TRACON& Tower with Radar,2,14,43,28,87,0,4,58,0,62,2,18,101,28,149,112,86,198,347
09/27/2002,PUB,CO,ANM,WE,Combined TRACON& Tower with Radar,2,21,38,6,67,0,0,80,22,102,2,21,118,28,169,82,26,108,277
09/28/2002,PUB,CO,ANM,WE,Combined TRACON& Tower with Radar,0,7,32,14,53,0,0,48,0,48,0,7,80,14,101,48,42,90,191
09/29/2002,PUB,CO,ANM,WE,Combined TRACON& Tower with Radar,0,5,49,4,58,0,5,57,0,62,0,10,106,4,120,94,2,96,216
09/30/2002,PUB,CO,ANM,WE,Combined TRACON& Tower with Radar,0,15,53,9,77,0,0,33,0,33,0,15,86,9,110,70,34,104,214
10/01/2002,PUB,CO,ANM,WE,Combined TRACON& Tower with Radar,0,8,48,12,68,0,2,38,6,46,0,10,86,18,114,78,56,134,248
10/02/2002,PUB,CO,ANM,WE,Combined TRACON& Tower with Radar,2,17,47,4,70,0,1,0,0,1,2,18,47,4,71,60,8,68,139
10/03/2002,PUB,CO,ANM,WE,Combined TRACON& Tower with Radar,0,11,47,4,62,0,1,15,0,16,0,12,62,4,78,18,12,30,108
10/04/2002,PUB,CO,ANM,WE,Combined TRACON& Tower with Radar,2,12,54,33,101,0,9,57,0,66,2,21,111,33,167,90,144,234,401
10/05/2002,PUB,CO,ANM,WE,Combined TRACON& Tower with Radar,0,7,21,8,36,0,2,47,0,49,0,9,68,8,85,80,38,118,203
10/06/2002,PUB,CO,ANM,WE,Combined TRACON& Tower with Radar,0,5,33,1,39,0,1,75,11,87,0,6,108,12,126,78,12,90,216
10/07/2002,PUB,CO,ANM,WE,Combined TRACON& Tower with Radar,0,6,27,48,81,0,6,87,0,93,0,12,114,48,174,104,104,208,382
10/08/2002,PUB,CO,ANM,WE,Combined TRACON& Tower with Radar,2,12,40,46,100,5,1,62,0,68,7,13,102,46,168,82,118,200,368
10/09/2002,PUB,CO,ANM,WE,Combined TRACON& Tower with Radar,2,6,56,57,121,0,7,40,0,47,2,13,96,57,168,180,236,416,584
10/10/2002,PUB,CO,ANM,WE,Combined TRACON& Tower with Radar,4,10,54,34,102,0,1,26,0,27,4,11,80,34,129,74,158,232,361
10/11/2002,PUB,CO,ANM,WE,Combined TRACON& Tower with Radar,0,19,38,12,69,0,0,62,0,62,0,19,100,12,131,86,62,148,279
10/12/2002,PUB,CO,ANM,WE,Combined TRACON& Tower with Radar,0,6,43,8,57,0,1,68,0,69,0,7,111,8,126,78,34,112,238
10/13/2002,PUB,CO,ANM,WE,Combined TRACON& Tower with Radar,1,8,32,0,41,3,2,93,0,98,4,10,125,0,139,162,0,162,301
10/14/2002,PUB,CO,ANM,WE,Combined TRACON& Tower with Radar,0,11,12,10,33,0,2,71,0,73,0,13,83,10,106,130,50,180,286
10/15/2002,PUB,CO,ANM,WE,Combined TRACON& Tower with Radar,0,7,79,41,127,0,2,47,0,49,0,9,126,41,176,130,114,244,420
10/16/2002,PUB,CO,ANM,WE,Combined TRACON& Tower with Radar,0,9,52,44,105,0,5,47,0,52,0,14,99,44,157,76,226,302,459
10/17/2002,PUB,CO,ANM,WE,Combined TRACON& Tower with Radar,0,12,54,38,104,0,2,76,0,78,0,14,130,38,182,182,104,286,468
10/18/2002,PUB,CO,ANM,WE,Combined TRACON& Tower with Radar,2,21,43,55,121,0,0,78,49,127,2,21,121,104,248,90,140,230,478
10/19/2002,PUB,CO,ANM,WE,Combined TRACON& Tower with Radar,0,6,54,34,94,0,4,81,0,85,0,10,135,34,179,52,36,88,267
10/20/2002,PUB,CO,ANM,WE,Combined TRACON& Tower with Radar,0,5,39,28,72,0,3,78,0,81,0,8,117,28,153,88,32,120,273
10/21/2002,PUB,CO,ANM,WE,Combined TRACON& Tower with Radar,0,8,57,46,111,0,10,53,0,63,0,18,110,46,174,144,172,316,490
10/22/2002,PUB,CO,ANM,WE,Combined TRACON& Tower with Radar,2,12,58,19,91,0,4,12,0,16,2,16,70,19,107,74,62,136,243
10/23/2002,PUB,CO,ANM,WE,Combined TRACON& Tower with Radar,0,15,26,0,41,0,0,0,0,0,0,15,26,0,41,4,0,4,45
10/24/2002,PUB,CO,ANM,WE,Combined TRACON& Tower with Radar,0,23,30,6,59,0,0,10,0,10,0,23,40,6,69,20,20,40,109
10/25/2002,PUB,CO,ANM,WE,Combined TRACON& Tower with Radar,0,8,60,55,123,0,0,30,13,43,0,8,90,68,166,94,92,186,352
10/26/2002,PUB,CO,ANM,WE,Combined TRACON& Tower with Radar,0,4,45,20,69,0,2,76,0,78,0,6,121,20,147,108,40,148,295
10/27/2002,PUB,CO,ANM,WE,Combined TRACON& Tower with Radar,4,4,79,4,91,0,3,17,0,20,4,7,96,4,111,58,0,58,169
10/28/2002,PUB,CO,ANM,WE,Combined TRACON& Tower with Radar,0,17,74,37,128,0,2,34,0,36,0,19,108,37,164,130,62,192,356
10/29/2002,PUB,CO,ANM,WE,Combined TRACON& Tower with Radar,0,15,16,35,66,0,0,1,0,1,0,15,17,35,67,12,64,76,143
10/30/2002,PUB,CO,ANM,WE,Combined TRACON& Tower with Radar,0,12,35,20,67,0,0,10,0,10,0,12,45,20,77,24,58,82,159
10/31/2002,PUB,CO,ANM,WE,Combined TRACON& Tower with Radar,5,17,20,2,44,0,2,0,0,2,5,19,20,2,46,2,0,2,48
11/01/2002,PUB,CO,ANM,WE,Combined TRACON& Tower with Radar,0,10,5,3,18,0,2,8,1,11,0,12,13,4,29,0,0,0,29
11/02/2002,PUB,CO,ANM,WE,Combined TRACON& Tower with Radar,0,8,36,12,56,0,7,0,0,7,0,15,36,12,63,6,16,22,85
11/03/2002,PUB,CO,ANM,WE,Combined TRACON& Tower with Radar,1,10,60,18,89,1,0,51,0,52,2,10,111,18,141,64,24,88,229
11/04/2002,PUB,CO,ANM,WE,Combined TRACON& Tower with Radar,1,13,65,20,99,1,5,40,0,46,2,18,105,20,145,158,72,230,375
11/05/2002,PUB,CO,ANM,WE,Combined TRACON& Tower with Radar,0,11,75,45,131,0,0,6,7,13,0,11,81,52,144,140,120,260,404
11/06/2002,PUB,CO,ANM,WE,Combined TRACON& Tower with Radar,1,10,46,43,100,0,2,84,0,86,1,12,130,43,186,138,90,228,414
11/07/2002,PUB,CO,ANM,WE,Combined TRACON& Tower with Radar,0,17,60,41,118,0,2,45,0,47,0,19,105,41,165,124,72,196,361
11/08/2002,PUB,CO,ANM,WE,Combined TRACON& Tower with Radar,0,13,29,16,58,0,3,41,0,44,0,16,70,16,102,52,48,100,202
11/09/2002,PUB,CO,ANM,WE,Combined TRACON& Tower with Radar,0,9,24,8,41,0,0,22,0,22,0,9,46,8,63,40,18,58,121
11/10/2002,PUB,CO,ANM,WE,Combined TRACON& Tower with Radar,0,7,63,0,70,0,3,69,0,72,0,10,132,0,142,134,0,134,276
11/11/2002,PUB,CO,ANM,WE,Combined TRACON& Tower with Radar,0,11,31,8,50,0,0,48,0,48,0,11,79,8,98,72,24,96,194
11/12/2002,PUB,CO,ANM,WE,Combined TRACON& Tower with Radar,0,12,43,10,65,0,0,64,0,64,0,12,107,10,129,90,22,112,241
11/13/2002,PUB,CO,ANM,WE,Combined TRACON& Tower with Radar,0,7,67,28,102,0,0,22,0,22,0,7,89,28,124,118,76,194,318
11/14/2002,PUB,CO,ANM,WE,Combined TRACON& Tower with Radar,2,8,43,40,93,0,3,19,0,22,2,11,62,40,115,66,82,148,263
11/15/2002,PUB,CO,ANM,WE,Combined TRACON& Tower with Radar,0,9,30,12,51,0,1,8,0,9,0,10,38,12,60,26,68,94,154
11/16/2002,PUB,CO,ANM,WE,Combined TRACON& Tower with Radar,0,7,90,10,107,0,3,99,0,102,0,10,189,10,209,182,52,234,443
11/17/2002,PUB,CO,ANM,WE,Combined TRACON& Tower with Radar,0,5,103,3,111,0,5,97,13,115,0,10,200,16,226,202,18,220,446
11/18/2002,PUB,CO,ANM,WE,Combined TRACON& Tower with Radar,0,9,49,46,104,0,5,92,0,97,0,14,141,46,201,150,136,286,487
11/19/2002,PUB,CO,ANM,WE,Combined TRACON& Tower with Radar,0,9,57,39,105,0,3,34,23,60,0,12,91,62,165,106,124,230,395
11/20/2002,PUB,CO,ANM,WE,Combined TRACON& Tower with Radar,2,9,56,51,118,0,0,50,9,59,2,9,106,60,177,76,136,212,389
11/21/2002,PUB,CO,ANM,WE,Combined TRACON& Tower with Radar,2,9,57,50,118,0,4,48,3,55,2,13,105,53,173,158,94,252,425
11/22/2002,PUB,CO,ANM,WE,Combined TRACON& Tower with Radar,0,10,51,18,79,2,1,67,0,70,2,11,118,18,149,94,22,116,265
11/23/2002,PUB,CO,ANM,WE,Combined TRACON& Tower with Radar,0,4,62,4,70,0,4,49,1,54,0,8,111,5,124,134,32,166,290
11/24/2002,PUB,CO,ANM,WE,Combined TRACON& Tower with Radar,0,0,5,6,11,0,0,8,0,8,0,0,13,6,19,12,24,36,55
11/25/2002,PUB,CO,ANM,WE,Combined TRACON& Tower with Radar,2,12,25,2,41,0,0,4,0,4,2,12,29,2,45,2,0,2,47
11/26/2002,PUB,CO,ANM,WE,Combined TRACON& Tower with Radar,0,11,33,61,105,0,0,18,7,25,0,11,51,68,130,56,112,168,298
11/27/2002,PUB,CO,ANM,WE,Combined TRACON& Tower with Radar,0,9,47,24,80,0,4,56,0,60,0,13,103,24,140,44,88,132,272
11/28/2002,PUB,CO,ANM,WE,Combined TRACON& Tower with Radar,0,2,20,0,22,0,0,54,0,54,0,2,74,0,76,48,0,48,124
11/29/2002,PUB,CO,ANM,WE,Combined TRACON& Tower with Radar,0,9,20,6,35,0,3,105,0,108,0,12,125,6,143,56,30,86,229
11/30/2002,PUB,CO,ANM,WE,Combined TRACON& Tower with Radar,0,6,40,6,52,0,0,102,0,102,0,6,142,6,154,172,6,178,332
12/01/2002,PUB,CO,ANM,WE,Combined TRACON& Tower with Radar,2,8,78,0,88,0,5,101,0,106,2,13,179,0,194,148,0,148,342
12/02/2002,PUB,CO,ANM,WE,Combined TRACON& Tower with Radar,2,12,28,25,67,0,1,26,0,27,2,13,54,25,94,58,82,140,234
12/03/2002,PUB,CO,ANM,WE,Combined TRACON& Tower with Radar,0,12,27,16,55,0,1,0,0,1,0,13,27,16,56,4,30,34,90
12/04/2002,PUB,CO,ANM,WE,Combined TRACON& Tower with Radar,0,13,37,19,69,0,1,0,7,8,0,14,37,26,77,10,20,30,107
12/05/2002,PUB,CO,ANM,WE,Combined TRACON& Tower with Radar,4,11,56,40,111,0,1,0,0,1,4,12,56,40,112,22,62,84,196
12/06/2002,PUB,CO,ANM,WE,Combined TRACON& Tower with Radar,1,7,45,34,87,3,0,51,0,54,4,7,96,34,141,80,70,150,291
12/07/2002,PUB,CO,ANM,WE,Combined TRACON& Tower with Radar,2,6,78,14,100,0,5,80,3,88,2,11,158,17,188,80,46,126,314
12/08/2002,PUB,CO,ANM,WE,Combined TRACON& Tower with Radar,2,6,25,8,41,0,0,46,0,46,2,6,71,8,87,64,20,84,171
12/09/2002,PUB,CO,ANM,WE,Combined TRACON& Tower with Radar,0,7,39,24,70,0,2,53,0,55,0,9,92,24,125,58,42,100,225
12/10/2002,PUB,CO,ANM,WE,Combined TRACON& Tower with Radar,0,13,40,96,149,2,4,43,0,49,2,17,83,96,198,79,72,151,349
12/11/2002,PUB,CO,ANM,WE,Combined TRACON& Tower with Radar,0,16,35,42,93,0,1,75,20,96,0,17,110,62,189,136,84,220,409
12/12/2002,PUB,CO,ANM,WE,Combined TRACON& Tower with Radar,0,12,43,55,110,0,1,19,0,20,0,13,62,55,130,34,126,160,290
12/13/2002,PUB,CO,ANM,WE,Combined TRACON& Tower with Radar,2,12,19,24,57,0,0,39,0,39,2,12,58,24,96,42,106,148,244
12/14/2002,PUB,CO,ANM,WE,Combined TRACON& Tower with Radar,0,8,58,30,96,0,4,106,0,110,0,12,164,30,206,96,76,172,378
12/15/2002,PUB,CO,ANM,WE,Combined TRACON& Tower with Radar,0,6,37,13,56,0,2,13,13,28,0,8,50,26,84,54,82,136,220
12/16/2002,PUB,CO,ANM,WE,Combined TRACON& Tower with Radar,0,8,34,52,94,0,2,30,0,32,0,10,64,52,126,82,144,226,352
12/17/2002,PUB,CO,ANM,WE,Combined TRACON& Tower with Radar,0,15,35,61,111,0,0,14,0,14,0,15,49,61,125,26,84,110,235
12/18/2002,PUB,CO,ANM,WE,Combined TRACON& Tower with Radar,0,19,25,51,95,0,0,31,0,31,0,19,56,51,126,56,122,178,304
12/19/2002,PUB,CO,ANM,WE,Combined TRACON& Tower with Radar,0,16,29,24,69,0,0,43,0,43,0,16,72,24,112,72,54,126,238
12/20/2002,PUB,CO,ANM,WE,Combined TRACON& Tower with Radar,2,12,44,6,64,0,2,47,18,67,2,14,91,24,131,54,22,76,207
12/21/2002,PUB,CO,ANM,WE,Combined TRACON& Tower with Radar,0,11,51,0,62,0,2,63,0,65,0,13,114,0,127,80,0,80,207
12/22/2002,PUB,CO,ANM,WE,Combined TRACON& Tower with Radar,0,5,30,0,35,0,3,49,4,56,0,8,79,4,91,60,2,62,153
12/23/2002,PUB,CO,ANM,WE,Combined TRACON& Tower with Radar,0,11,11,12,34,0,0,0,0,0,0,11,11,12,34,4,16,20,54
12/24/2002,PUB,CO,ANM,WE,Combined TRACON& Tower with Radar,0,5,26,0,31,0,0,1,0,1,0,5,27,0,32,4,0,4,36
12/25/2002,PUB,CO,ANM,WE,Combined TRACON& Tower with Radar,0,5,5,0,10,0,0,24,0,24,0,5,29,0,34,0,0,0,34
12/26/2002,PUB,CO,ANM,WE,Combined TRACON& Tower with Radar,0,18,38,4,60,0,2,46,2,50,0,20,84,6,110,80,10,90,200
12/27/2002,PUB,CO,ANM,WE,Combined TRACON& Tower with Radar,0,12,41,11,64,0,0,52,0,52,0,12,93,11,116,66,14,80,196
12/28/2002,PUB,CO,ANM,WE,Combined TRACON& Tower with Radar,0,7,30,0,37,0,2,61,0,63,0,9,91,0,100,74,0,74,174
12/29/2002,PUB,CO,ANM,WE,Combined TRACON& Tower with Radar,2,5,29,1,37,0,0,33,5,38,2,5,62,6,75,104,38,142,217
12/30/2002,PUB,CO,ANM,WE,Combined TRACON& Tower with Radar,0,16,26,8,50,0,0,39,0,39,0,16,65,8,89,16,20,36,125
12/31/2002,PUB,CO,ANM,WE,Combined TRACON& Tower with Radar,0,9,29,0,38,0,0,40,0,40,0,9,69,0,78,100,0,100,178
01/01/2003,PUB,CO,ANM,WE,Combined TRACON& Tower with Radar,0,5,12,0,17,0,1,0,0,1,0,6,12,0,18,0,0,0,18
01/02/2003,PUB,CO,ANM,WE,Combined TRACON& Tower with Radar,0,12,56,0,68,0,1,58,2,61,0,13,114,2,129,80,4,84,213
01/03/2003,PUB,CO,ANM,WE,Combined TRACON& Tower with Radar,0,12,27,0,39,0,3,45,4,52,0,15,72,4,91,78,0,78,169
01/04/2003,PUB,CO,ANM,WE,Combined TRACON& Tower with Radar,0,10,67,10,87,0,4,80,0,84,0,14,147,10,171,148,42,190,361
01/05/2003,PUB,CO,ANM,WE,Combined TRACON& Tower with Radar,0,7,32,6,45,0,1,68,0,69,0,8,100,6,114,38,6,44,158
01/06/2003,PUB,CO,ANM,WE,Combined TRACON& Tower with Radar,0,10,37,6,53,0,1,4,6,11,0,11,41,12,64,45,66,111,175
01/07/2003,PUB,CO,ANM,WE,Combined TRACON& Tower with Radar,0,8,52,35,95,0,3,54,0,57,0,11,106,35,152,87,142,229,381
01/08/2003,PUB,CO,ANM,WE,Combined TRACON& Tower with Radar,0,17,35,20,72,0,1,56,4,61,0,18,91,24,133,40,66,106,239
01/09/2003,PUB,CO,ANM,WE,Combined TRACON& Tower with Radar,0,8,37,26,71,0,5,25,19,49,0,13,62,45,120,30,82,112,232
01/10/2003,PUB,CO,ANM,WE,Combined TRACON& Tower with Radar,0,8,40,53,101,0,4,51,11,66,0,12,91,64,167,76,92,168,335
01/11/2003,PUB,CO,ANM,WE,Combined TRACON& Tower with Radar,0,6,44,10,60,0,4,8,0,12,0,10,52,10,72,22,20,42,114
01/12/2003,PUB,CO,ANM,WE,Combined TRACON& Tower with Radar,0,11,49,18,78,1,1,91,0,93,1,12,140,18,171,82,14,96,267
01/13/2003,PUB,CO,ANM,WE,Combined TRACON& Tower with Radar,0,10,48,18,76,0,6,28,0,34,0,16,76,18,110,70,38,108,218
01/14/2003,PUB,CO,ANM,WE,Combined TRACON& Tower with Radar,0,12,41,80,133,0,3,50,6,59,0,15,91,86,192,122,158,280,472
01/15/2003,PUB,CO,ANM,WE,Combined TRACON& Tower with Radar,0,14,52,31,97,0,1,2,0,3,0,15,54,31,100,32,106,138,238
01/16/2003,PUB,CO,ANM,WE,Combined TRACON& Tower with Radar,2,16,44,62,124,0,0,40,0,40,2,16,84,62,164,58,178,236,400
01/17/2003,PUB,CO,ANM,WE,Combined TRACON& Tower with Radar,0,11,47,27,85,0,0,45,0,45,0,11,92,27,130,94,44,138,268
01/18/2003,PUB,CO,ANM,WE,Combined TRACON& Tower with Radar,0,11,47,22,80,0,2,86,0,88,0,13,133,22,168,122,90,212,380
01/19/2003,PUB,CO,ANM,WE,Combined TRACON& Tower with Radar,0,7,58,6,71,0,5,53,6,64,0,12,111,12,135,92,12,104,239
01/20/2003,PUB,CO,ANM,WE,Combined TRACON& Tower with Radar,0,9,39,17,65,0,2,33,0,35,0,11,72,17,100,60,34,94,194
01/21/2003,PUB,CO,ANM,WE,Combined TRACON& Tower with Radar,0,19,76,53,148,4,5,22,0,31,4,24,98,53,179,44,104,148,327
01/22/2003,PUB,CO,ANM,WE,Combined TRACON& Tower with Radar,0,12,23,9,44,0,1,0,0,1,0,13,23,9,45,6,28,34,79
01/23/2003,PUB,CO,ANM,WE,Combined TRACON& Tower with Radar,2,10,33,41,86,0,1,6,0,7,2,11,39,41,93,20,90,110,203
01/24/2003,PUB,CO,ANM,WE,Combined TRACON& Tower with Radar,1,15,49,30,95,0,1,40,0,41,1,16,89,30,136,40,74,114,250
01/25/2003,PUB,CO,ANM,WE,Combined TRACON& Tower with Radar,0,10,48,22,80,0,0,55,0,55,0,10,103,22,135,76,50,126,261
01/26/2003,PUB,CO,ANM,WE,Combined TRACON& Tower with Radar,0,7,30,14,51,0,0,132,0,132,0,7,162,14,183,60,28,88,271
01/27/2003,PUB,CO,ANM,WE,Combined TRACON& Tower with Radar,0,9,37,22,68,0,2,10,3,15,0,11,47,25,83,42,74,116,199
01/28/2003,PUB,CO,ANM,WE,Combined TRACON& Tower with Radar,0,13,36,53,102,0,5,9,4,18,0,18,45,57,120,87,108,195,315
01/29/2003,PUB,CO,ANM,WE,Combined TRACON& Tower with Radar,0,9,34,34,77,0,0,34,8,42,0,9,68,42,119,60,80,140,259
01/30/2003,PUB,CO,ANM,WE,Combined TRACON& Tower with Radar,2,13,36,40,91,0,1,37,0,38,2,14,73,40,129,56,178,234,363
01/31/2003,PUB,CO,ANM,WE,Combined TRACON& Tower with Radar,0,12,48,8,68,2,2,38,0,42,2,14,86,8,110,74,34,108,218
02/01/2003,PUB,CO,ANM,WE,Combined TRACON& Tower with Radar,0,4,66,8,78,0,6,72,0,78,0,10,138,8,156,106,26,132,288
02/02/2003,PUB,CO,ANM,WE,Combined TRACON& Tower with Radar,0,5,34,3,42,0,1,15,1,17,0,6,49,4,59,18,0,18,77
02/03/2003,PUB,CO,ANM,WE,Combined TRACON& Tower with Radar,0,8,34,20,62,0,0,15,0,15,0,8,49,20,77,12,64,76,153
02/04/2003,PUB,CO,ANM,WE,Combined TRACON& Tower with Radar,0,8,22,34,64,0,2,50,4,56,0,10,72,38,120,16,144,160,280
02/05/2003,PUB,CO,ANM,WE,Combined TRACON& Tower with Radar,0,17,37,10,64,0,0,0,0,0,0,17,37,10,64,18,22,40,104
02/06/2003,PUB,CO,ANM,WE,Combined TRACON& Tower with Radar,0,13,12,13,38,0,0,4,2,6,0,13,16,15,44,6,34,40,84
02/07/2003,PUB,CO,ANM,WE,Combined TRACON& Tower with Radar,2,9,36,8,55,0,2,37,1,40,2,11,73,9,95,44,20,64,159
02/08/2003,PUB,CO,ANM,WE,Combined TRACON& Tower with Radar,0,10,64,26,100,0,1,78,0,79,0,11,142,26,179,140,112,252,431
02/09/2003,PUB,CO,ANM,WE,Combined TRACON& Tower with Radar,0,9,77,30,116,0,1,41,0,42,0,10,118,30,158,78,82,160,318
02/10/2003,PUB,CO,ANM,WE,Combined TRACON& Tower with Radar,2,11,29,34,76,0,4,9,0,13,2,15,38,34,89,14,52,66,155
02/11/2003,PUB,CO,ANM,WE,Combined TRACON& Tower with Radar,0,16,35,52,103,0,0,61,16,77,0,16,96,68,180,54,128,182,362
02/12/2003,PUB,CO,ANM,WE,Combined TRACON& Tower with Radar,0,12,61,37,110,0,1,53,18,72,0,13,114,55,182,66,114,180,362
02/13/2003,PUB,CO,ANM,WE,Combined TRACON& Tower with Radar,0,12,36,34,82,0,0,40,0,40,0,12,76,34,122,94,150,244,366
02/14/2003,PUB,CO,ANM,WE,Combined TRACON& Tower with Radar,0,15,52,28,95,0,3,89,0,92,0,18,141,28,187,26,92,118,305
02/15/2003,PUB,CO,ANM,WE,Combined TRACON& Tower with Radar,0,7,29,8,44,0,2,23,0,25,0,9,52,8,69,12,18,30,99
02/16/2003,PUB,CO,ANM,WE,Combined TRACON& Tower with Radar,3,6,47,43,99,0,2,21,0,23,3,8,68,43,122,40,56,96,218
02/17/2003,PUB,CO,ANM,WE,Combined TRACON& Tower with Radar,0,15,47,20,82,0,2,39,0,41,0,17,86,20,123,76,42,118,241
02/18/2003,PUB,CO,ANM,WE,Combined TRACON& Tower with Radar,2,11,28,36,77,0,0,30,10,40,2,11,58,46,117,26,114,140,257
02/19/2003,PUB,CO,ANM,WE,Combined TRACON& Tower with Radar,0,12,34,18,64,0,0,8,0,8,0,12,42,18,72,10,24,34,106
02/20/2003,PUB,CO,ANM,WE,Combined TRACON& Tower with Radar,2,9,39,33,83,0,0,33,0,33,2,9,72,33,116,50,96,146,262
02/21/2003,PUB,CO,ANM,WE,Combined TRACON& Tower with Radar,0,14,50,26,90,0,2,28,0,30,0,16,78,26,120,90,70,160,280
02/22/2003,PUB,CO,ANM,WE,Combined TRACON& Tower with Radar,1,10,48,6,65,0,2,64,0,66,1,12,112,6,131,68,26,94,225
02/23/2003,PUB,CO,ANM,WE,Combined TRACON& Tower with Radar,0,7,23,6,36,0,1,15,0,16,0,8,38,6,52,40,12,52,104
02/24/2003,PUB,CO,ANM,WE,Combined TRACON& Tower with Radar,3,11,18,2,34,0,2,11,0,13,3,13,29,2,47,0,6,6,53
02/25/2003,PUB,CO,ANM,WE,Combined TRACON& Tower with Radar,2,13,33,43,91,0,2,17,9,28,2,15,50,52,119,32,52,84,203
02/26/2003,PUB,CO,ANM,WE,Combined TRACON& Tower with Radar,0,13,26,17,56,0,1,9,14,24,0,14,35,31,80,26,64,90,170
02/27/2003,PUB,CO,ANM,WE,Combined TRACON& Tower with Radar,0,7,28,20,55,0,1,10,7,18,0,8,38,27,73,22,56,78,151
02/28/2003,PUB,CO,ANM,WE,Combined TRACON& Tower with Radar,2,14,7,6,29,0,1,10,0,11,2,15,17,6,40,36,12,48,88
03/01/2003,PUB,CO,ANM,WE,Combined TRACON& Tower with Radar,0,7,12,4,23,0,1,0,0,1,0,8,12,4,24,12,10,22,46
03/02/2003,PUB,CO,ANM,WE,Combined TRACON& Tower with Radar,0,10,23,1,34,0,1,33,3,37,0,11,56,4,71,28,2,30,101
03/03/2003,PUB,CO,ANM,WE,Combined TRACON& Tower with Radar,0,11,45,29,85,0,1,42,4,47,0,12,87,33,132,144,62,206,338
03/04/2003,PUB,CO,ANM,WE,Combined TRACON& Tower with Radar,0,12,46,10,68,0,0,3,0,3,0,12,49,10,71,24,36,60,131
03/05/2003,PUB,CO,ANM,WE,Combined TRACON& Tower with Radar,0,19,25,20,64,0,0,15,0,15,0,19,40,20,79,18,62,80,159
03/06/2003,PUB,CO,ANM,WE,Combined TRACON& Tower with Radar,0,12,33,14,59,0,1,22,7,30,0,13,55,21,89,28,52,80,169
03/07/2003,PUB,CO,ANM,WE,Combined TRACON& Tower with Radar,0,8,29,22,59,0,3,45,0,48,0,11,74,22,107,20,104,124,231
03/08/2003,PUB,CO,ANM,WE,Combined TRACON& Tower with Radar,2,9,53,28,92,0,1,70,0,71,2,10,123,28,163,76,42,118,281
03/09/2003,PUB,CO,ANM,WE,Combined TRACON& Tower with Radar,0,5,37,14,56,0,0,77,0,77,0,5,114,14,133,62,76,138,271
03/10/2003,PUB,CO,ANM,WE,Combined TRACON& Tower with Radar,0,9,66,7,82,0,3,36,5,44,0,12,102,12,126,88,52,140,266
03/11/2003,PUB,CO,ANM,WE,Combined TRACON& Tower with Radar,0,11,48,25,84,0,0,24,9,33,0,11,72,34,117,81,78,159,276
03/12/2003,PUB,CO,ANM,WE,Combined TRACON& Tower with Radar,0,17,20,18,55,0,0,61,6,67,0,17,81,24,122,44,64,108,230
03/13/2003,PUB,CO,ANM,WE,Combined TRACON& Tower with Radar,2,13,47,36,98,0,3,58,0,61,2,16,105,36,159,98,130,228,387
03/14/2003,PUB,CO,ANM,WE,Combined TRACON& Tower with Radar,0,10,27,44,81,0,2,63,0,65,0,12,90,44,146,38,66,104,250
03/15/2003,PUB,CO,ANM,WE,Combined TRACON& Tower with Radar,0,6,78,9,93,0,2,93,1,96,0,8,171,10,189,122,36,158,347
03/16/2003,PUB,CO,ANM,WE,Combined TRACON& Tower with Radar,0,10,37,7,54,2,6,75,0,83,2,16,112,7,137,144,6,150,287
03/17/2003,PUB,CO,ANM,WE,Combined TRACON& Tower with Radar,0,9,18,2,29,0,3,0,4,7,0,12,18,6,36,12,6,18,54
03/18/2003,PUB,CO,ANM,WE,Combined TRACON& Tower with Radar,0,4,10,0,14,0,14,0,0,14,0,18,10,0,28,0,0,0,28
03/19/2003,PUB,CO,ANM,WE,Combined TRACON& Tower with Radar,0,0,4,0,4,0,3,11,0,14,0,3,15,0,18,0,0,0,18
03/20/2003,PUB,CO,ANM,WE,Combined TRACON& Tower with Radar,2,13,35,18,68,0,0,22,2,24,2,13,57,20,92,20,94,114,206
03/21/2003,PUB,CO,ANM,WE,Combined TRACON& Tower with Radar,0,20,20,4,44,0,0,14,0,14,0,20,34,4,58,6,10,16,74
03/22/2003,PUB,CO,ANM,WE,Combined TRACON& Tower with Radar,0,7,36,34,77,0,1,74,4,79,0,8,110,38,156,98,234,332,488
03/23/2003,PUB,CO,ANM,WE,Combined TRACON& Tower with Radar,0,8,38,4,50,0,0,69,31,100,0,8,107,35,150,58,174,232,382
03/24/2003,PUB,CO,ANM,WE,Combined TRACON& Tower with Radar,11,17,75,56,159,0,0,0,0,0,11,17,75,56,159,76,184,260,419
03/25/2003,PUB,CO,ANM,WE,Combined TRACON& Tower with Radar,2,12,54,52,120,0,0,23,12,35,2,12,77,64,155,58,260,318,473
03/26/2003,PUB,CO,ANM,WE,Combined TRACON& Tower with Radar,2,13,62,18,95,0,3,17,5,25,2,16,79,23,120,86,178,264,384
03/27/2003,PUB,CO,ANM,WE,Combined TRACON& Tower with Radar,0,13,14,3,30,0,0,3,7,10,0,13,17,10,40,0,32,32,72
03/28/2003,PUB,CO,ANM,WE,Combined TRACON& Tower with Radar,0,10,23,5,38,0,3,17,3,23,0,13,40,8,61,8,14,22,83
03/29/2003,PUB,CO,ANM,WE,Combined TRACON& Tower with Radar,0,6,54,0,60,0,0,56,14,70,0,6,110,14,130,76,12,88,218
03/30/2003,PUB,CO,ANM,WE,Combined TRACON& Tower with Radar,0,4,48,2,54,0,2,92,14,108,0,6,140,16,162,166,12,178,340
03/31/2003,PUB,CO,ANM,WE,Combined TRACON& Tower with Radar,0,11,52,4,67,0,0,30,0,30,0,11,82,4,97,38,8,46,143
04/01/2003,PUB,CO,ANM,WE,Combined TRACON& Tower with Radar,0,9,35,32,76,0,1,27,0,28,0,10,62,32,104,46,112,158,262
04/02/2003,PUB,CO,ANM,WE,Combined TRACON& Tower with Radar,0,9,40,5,54,0,2,41,0,43,0,11,81,5,97,46,30,76,173
04/03/2003,PUB,CO,ANM,WE,Combined TRACON& Tower with Radar,0,10,30,28,68,0,2,13,0,15,0,12,43,28,83,36,90,126,209
04/04/2003,PUB,CO,ANM,WE,Combined TRACON& Tower with Radar,2,10,33,32,77,0,2,55,0,57,2,12,88,32,134,44,50,94,228
04/05/2003,PUB,CO,ANM,WE,Combined TRACON& Tower with Radar,0,6,39,10,55,0,2,9,0,11,0,8,48,10,66,76,34,110,176
04/06/2003,PUB,CO,ANM,WE,Combined TRACON& Tower with Radar,0,4,41,28,73,0,3,7,0,10,0,7,48,28,83,32,98,130,213
04/07/2003,PUB,CO,ANM,WE,Combined TRACON& Tower with Radar,0,9,9,0,18,0,4,8,4,16,0,13,17,4,34,12,0,12,46
04/08/2003,PUB,CO,ANM,WE,Combined TRACON& Tower with Radar,0,11,42,20,73,0,3,74,0,77,0,14,116,20,150,112,84,196,346
04/09/2003,PUB,CO,ANM,WE,Combined TRACON& Tower with Radar,0,11,50,28,89,0,2,66,30,98,0,13,116,58,187,34,54,88,275
04/10/2003,PUB,CO,ANM,WE,Combined TRACON& Tower with Radar,0,8,40,49,97,0,4,46,3,53,0,12,86,52,150,84,90,174,324
04/11/2003,PUB,CO,ANM,WE,Combined TRACON& Tower with Radar,0,6,29,19,54,0,8,56,3,67,0,14,85,22,121,68,46,114,235
04/12/2003,PUB,CO,ANM,WE,Combined TRACON& Tower with Radar,2,4,36,10,52,0,2,92,0,94,2,6,128,10,146,56,12,68,214
04/13/2003,PUB,CO,ANM,WE,Combined TRACON& Tower with Radar,0,6,75,15,96,0,1,113,0,114,0,7,188,15,210,116,56,172,382
04/14/2003,PUB,CO,ANM,WE,Combined TRACON& Tower with Radar,0,13,51,42,106,0,1,29,2,32,0,14,80,44,138,78,118,196,334
04/15/2003,PUB,CO,ANM,WE,Combined TRACON& Tower with Radar,0,8,18,22,48,0,0,31,0,31,0,8,49,22,79,14,54,68,147
04/16/2003,PUB,CO,ANM,WE,Combined TRACON& Tower with Radar,0,6,39,14,59,0,4,35,0,39,0,10,74,14,98,28,84,112,210
04/17/2003,PUB,CO,ANM,WE,Combined TRACON& Tower with Radar,4,16,32,29,81,0,0,37,5,42,4,16,69,34,123,32,74,106,229
04/18/2003,PUB,CO,ANM,WE,Combined TRACON& Tower with Radar,0,7,55,24,86,0,5,22,0,27,0,12,77,24,113,34,64,98,211
04/19/2003,PUB,CO,ANM,WE,Combined TRACON& Tower with Radar,2,4,19,16,41,0,0,0,0,0,2,4,19,16,41,4,16,20,61
04/20/2003,PUB,CO,ANM,WE,Combined TRACON& Tower with Radar,2,6,33,0,41,0,0,71,2,73,2,6,104,2,114,30,2,32,146
04/21/2003,PUB,CO,ANM,WE,Combined TRACON& Tower with Radar,9,7,47,43,106,0,2,48,0,50,9,9,95,43,156,112,102,214,370
04/22/2003,PUB,CO,ANM,WE,Combined TRACON& Tower with Radar,2,16,27,36,81,0,1,50,10,61,2,17,77,46,142,28,70,98,240
04/23/2003,PUB,CO,ANM,WE,Combined TRACON& Tower with Radar,0,11,39,13,63,0,3,0,0,3,0,14,39,13,66,32,62,94,160
04/24/2003,PUB,CO,ANM,WE,Combined TRACON& Tower with Radar,0,15,28,12,55,0,1,22,6,29,0,16,50,18,84,10,42,52,136
04/25/2003,PUB,CO,ANM,WE,Combined TRACON& Tower with Radar,0,10,30,38,78,0,2,55,9,66,0,12,85,47,144,56,94,150,294
04/26/2003,PUB,CO,ANM,WE,Combined TRACON& Tower with Radar,0,6,34,0,40,0,0,88,4,92,0,6,122,4,132,102,0,102,234
04/27/2003,PUB,CO,ANM,WE,Combined TRACON& Tower with Radar,0,8,32,6,46,2,1,96,0,99,2,9,128,6,145,112,0,112,257
04/28/2003,PUB,CO,ANM,WE,Combined TRACON& Tower with Radar,0,11,21,26,58,0,3,23,4,30,0,14,44,30,88,22,42,64,152
04/29/2003,PUB,CO,ANM,WE,Combined TRACON& Tower with Radar,0,10,42,24,76,0,0,36,2,38,0,10,78,26,114,54,84,138,252
04/30/2003,PUB,CO,ANM,WE,Combined TRACON& Tower with Radar,0,12,37,25,74,0,5,42,0,47,0,17,79,25,121,76,56,132,253
05/01/2003,PUB,CO,ANM,WE,Combined TRACON& Tower with Radar,3,14,33,16,66,1,0,22,2,25,4,14,55,18,91,12,48,60,151
05/02/2003,PUB,CO,ANM,WE,Combined TRACON& Tower with Radar,0,9,74,22,105,0,1,19,0,20,0,10,93,22,125,60,92,152,277
05/03/2003,PUB,CO,ANM,WE,Combined TRACON& Tower with Radar,0,8,28,17,53,0,6,52,9,67,0,14,80,26,120,50,20,70,190
05/04/2003,PUB,CO,ANM,WE,Combined TRACON& Tower with Radar,0,7,29,12,48,0,0,45,16,61,0,7,74,28,109,24,22,46,155
05/05/2003,PUB,CO,ANM,WE,Combined TRACON& Tower with Radar,2,10,34,27,73,0,0,39,5,44,2,10,73,32,117,48,94,142,259
05/06/2003,PUB,CO,ANM,WE,Combined TRACON& Tower with Radar,0,10,71,24,105,0,4,54,10,68,0,14,125,34,173,108,54,162,335
05/07/2003,PUB,CO,ANM,WE,Combined TRACON& Tower with Radar,0,14,34,12,60,0,5,32,14,51,0,19,66,26,111,18,64,82,193
05/08/2003,PUB,CO,ANM,WE,Combined TRACON& Tower with Radar,2,16,27,28,73,0,2,21,0,23,2,18,48,28,96,18,42,60,156
05/09/2003,PUB,CO,ANM,WE,Combined TRACON& Tower with Radar,0,13,29,8,50,0,0,29,4,33,0,13,58,12,83,12,10,22,105
05/10/2003,PUB,CO,ANM,WE,Combined TRACON& Tower with Radar,0,5,13,0,18,0,1,13,0,14,0,6,26,0,32,14,2,16,48
05/11/2003,PUB,CO,ANM,WE,Combined TRACON& Tower with Radar,0,7,55,10,72,0,2,58,0,60,0,9,113,10,132,108,28,136,268
05/12/2003,PUB,CO,ANM,WE,Combined TRACON& Tower with Radar,0,12,55,35,102,0,4,81,9,94,0,16,136,44,196,192,64,256,452
05/13/2003,PUB,CO,ANM,WE,Combined TRACON& Tower with Radar,0,10,44,46,100,0,0,40,0,40,0,10,84,46,140,86,104,190,330
05/14/2003,PUB,CO,ANM,WE,Combined TRACON& Tower with Radar,0,10,63,19,92,0,6,61,26,93,0,16,124,45,185,74,76,150,335
05/15/2003,PUB,CO,ANM,WE,Combined TRACON& Tower with Radar,2,13,15,22,52,0,1,24,6,31,2,14,39,28,83,30,38,68,151
05/16/2003,PUB,CO,ANM,WE,Combined TRACON& Tower with Radar,0,12,44,23,79,0,2,36,0,38,0,14,80,23,117,62,12,74,191
05/17/2003,PUB,CO,ANM,WE,Combined TRACON& Tower with Radar,0,12,36,28,76,0,6,111,0,117,0,18,147,28,193,38,62,100,293
05/18/2003,PUB,CO,ANM,WE,Combined TRACON& Tower with Radar,0,13,54,6,73,0,0,66,10,76,0,13,120,16,149,80,18,98,247
05/19/2003,PUB,CO,ANM,WE,Combined TRACON& Tower with Radar,0,15,55,30,100,0,0,34,28,62,0,15,89,58,162,106,132,238,400
05/20/2003,PUB,CO,ANM,WE,Combined TRACON& Tower with Radar,0,15,45,24,84,0,0,38,9,47,0,15,83,33,131,60,82,142,273
05/21/2003,PUB,CO,ANM,WE,Combined TRACON& Tower with Radar,0,10,38,25,73,0,0,64,38,102,0,10,102,63,175,84,74,158,333
05/22/2003,PUB,CO,ANM,WE,Combined TRACON& Tower with Radar,0,14,40,34,88,0,4,53,0,57,0,18,93,34,145,46,62,108,253
05/23/2003,PUB,CO,ANM,WE,Combined TRACON& Tower with Radar,0,13,39,6,58,23,1,55,0,79,23,14,94,6,137,28,46,74,211
05/24/2003,PUB,CO,ANM,WE,Combined TRACON& Tower with Radar,0,7,35,2,44,0,1,43,0,44,0,8,78,2,88,46,12,58,146
05/25/2003,PUB,CO,ANM,WE,Combined TRACON& Tower with Radar,0,6,35,14,55,0,3,11,4,18,0,9,46,18,73,2,12,14,87
05/26/2003,PUB,CO,ANM,WE,Combined TRACON& Tower with Radar,0,11,30,0,41,0,1,66,1,68,0,12,96,1,109,78,2,80,189
05/27/2003,PUB,CO,ANM,WE,Combined TRACON& Tower with Radar,0,9,54,36,99,0,8,58,0,66,0,17,112,36,165,56,108,164,329
05/28/2003,PUB,CO,ANM,WE,Combined TRACON& Tower with Radar,0,13,43,19,75,0,2,31,0,33,0,15,74,19,108,48,84,132,240
05/29/2003,PUB,CO,ANM,WE,Combined TRACON& Tower with Radar,0,13,30,8,51,0,3,56,0,59,0,16,86,8,110,54,28,82,192
05/30/2003,PUB,CO,ANM,WE,Combined TRACON& Tower with Radar,2,17,29,11,59,1,2,45,0,48,3,19,74,11,107,18,30,48,155
05/31/2003,PUB,CO,ANM,WE,Combined TRACON& Tower with Radar,0,9,72,2,83,0,1,23,0,24,0,10,95,2,107,74,0,74,181
06/01/2003,PUB,CO,ANM,WE,Combined TRACON& Tower with Radar,0,7,46,14,67,0,1,62,0,63,0,8,108,14,130,84,60,144,274
06/02/2003,PUB,CO,ANM,WE,Combined TRACON& Tower with Radar,2,11,49,45,107,0,2,68,1,71,2,13,117,46,178,96,102,198,376
06/03/2003,PUB,CO,ANM,WE,Combined TRACON& Tower with Radar,0,15,57,35,107,0,2,41,17,60,0,17,98,52,167,82,112,194,361
06/04/2003,PUB,CO,ANM,WE,Combined TRACON& Tower with Radar,2,13,29,31,75,0,0,4,10,14,2,13,33,41,89,12,80,92,181
06/05/2003,PUB,CO,ANM,WE,Combined TRACON& Tower with Radar,0,20,37,24,81,0,0,0,0,0,0,20,37,24,81,22,54,76,157
06/06/2003,PUB,CO,ANM,WE,Combined TRACON& Tower with Radar,0,16,38,36,90,0,2,51,6,59,0,18,89,42,149,76,58,134,283
06/07/2003,PUB,CO,ANM,WE,Combined TRACON& Tower with Radar,0,3,29,28,60,0,0,35,0,35,0,3,64,28,95,106,68,174,269
06/08/2003,PUB,CO,ANM,WE,Combined TRACON& Tower with Radar,0,7,59,21,87,2,0,118,0,120,2,7,177,21,207,124,18,142,349
06/09/2003,PUB,CO,ANM,WE,Combined TRACON& Tower with Radar,0,13,40,25,78,0,2,47,0,49,0,15,87,25,127,94,62,156,283
06/10/2003,PUB,CO,ANM,WE,Combined TRACON& Tower with Radar,0,16,52,25,93,0,4,29,17,50,0,20,81,42,143,54,68,122,265
06/11/2003,PUB,CO,ANM,WE,Combined TRACON& Tower with Radar,0,17,37,13,67,0,0,47,0,47,0,17,84,13,114,112,40,152,266
06/12/2003,PUB,CO,ANM,WE,Combined TRACON& Tower with Radar,10,13,41,28,92,0,1,26,10,37,10,14,67,38,129,36,64,100,229
06/13/2003,PUB,CO,ANM,WE,Combined TRACON& Tower with Radar,0,8,29,12,49,0,3,27,0,30,0,11,56,12,79,60,12,72,151
06/14/2003,PUB,CO,ANM,WE,Combined TRACON& Tower with Radar,2,9,23,0,34,0,3,34,11,48,2,12,57,11,82,44,2,46,128
06/15/2003,PUB,CO,ANM,WE,Combined TRACON& Tower with Radar,0,8,41,4,53,0,0,53,0,53,0,8,94,4,106,36,8,44,150
06/16/2003,PUB,CO,ANM,WE,Combined TRACON& Tower with Radar,0,10,37,29,76,0,2,43,0,45,0,12,80,29,121,56,80,136,257
06/17/2003,PUB,CO,ANM,WE,Combined TRACON& Tower with Radar,0,15,47,28,90,0,1,45,10,56,0,16,92,38,146,72,68,140,286
06/18/2003,PUB,CO,ANM,WE,Combined TRACON& Tower with Radar,0,10,35,12,57,0,0,27,8,35,0,10,62,20,92,88,62,150,242
06/19/2003,PUB,CO,ANM,WE,Combined TRACON& Tower with Radar,0,7,43,6,56,0,3,17,0,20,0,10,60,6,76,82,18,100,176
06/20/2003,PUB,CO,ANM,WE,Combined TRACON& Tower with Radar,0,16,56,30,102,0,4,48,0,52,0,20,104,30,154,104,32,136,290
06/21/2003,PUB,CO,ANM,WE,Combined TRACON& Tower with Radar,0,5,53,18,76,0,3,88,0,91,0,8,141,18,167,102,22,124,291
06/22/2003,PUB,CO,ANM,WE,Combined TRACON& Tower with Radar,0,6,46,14,66,0,4,142,0,146,0,10,188,14,212,68,16,84,296
06/23/2003,PUB,CO,ANM,WE,Combined TRACON& Tower with Radar,0,14,47,28,89,0,3,36,0,39,0,17,83,28,128,62,98,160,288
06/24/2003,PUB,CO,ANM,WE,Combined TRACON& Tower with Radar,0,10,36,25,71,0,0,44,0,44,0,10,80,25,115,46,66,112,227
06/25/2003,PUB,CO,ANM,WE,Combined TRACON& Tower with Radar,0,15,56,24,95,0,9,66,17,92,0,24,122,41,187,68,124,192,379
06/26/2003,PUB,CO,ANM,WE,Combined TRACON& Tower with Radar,2,15,36,26,79,0,1,51,0,52,2,16,87,26,131,58,74,132,263
06/27/2003,PUB,CO,ANM,WE,Combined TRACON& Tower with Radar,0,20,42,34,96,0,2,69,0,71,0,22,111,34,167,58,74,132,299
06/28/2003,PUB,CO,ANM,WE,Combined TRACON& Tower with Radar,0,9,56,17,82,0,1,72,1,74,0,10,128,18,156,76,32,108,264
06/29/2003,PUB,CO,ANM,WE,Combined TRACON& Tower with Radar,0,9,48,1,58,0,0,58,7,65,0,9,106,8,123,66,14,80,203
06/30/2003,PUB,CO,ANM,WE,Combined TRACON& Tower with Radar,0,16,49,20,85,0,0,76,0,76,0,16,125,20,161,116,46,162,323
07/01/2003,PUB,CO,ANM,WE,Combined TRACON& Tower with Radar,0,12,36,24,72,2,3,67,0,72,2,15,103,24,144,102,72,174,318
07/02/2003,PUB,CO,ANM,WE,Combined TRACON& Tower with Radar,0,18,49,21,88,0,1,35,0,36,0,19,84,21,124,30,38,68,192
07/03/2003,PUB,CO,ANM,WE,Combined TRACON& Tower with Radar,0,15,26,14,55,0,2,52,6,60,0,17,78,20,115,48,22,70,185
07/04/2003,PUB,CO,ANM,WE,Combined TRACON& Tower with Radar,0,3,80,1,84,0,1,54,1,56,0,4,134,2,140,96,0,96,236
07/05/2003,PUB,CO,ANM,WE,Combined TRACON& Tower with Radar,0,7,60,0,67,0,4,43,0,47,0,11,103,0,114,86,0,86,200
07/06/2003,PUB,CO,ANM,WE,Combined TRACON& Tower with Radar,0,9,61,4,74,0,5,78,0,83,0,14,139,4,157,40,6,46,203
07/07/2003,PUB,CO,ANM,WE,Combined TRACON& Tower with Radar,0,28,31,20,79,0,3,67,0,70,0,31,98,20,149,88,48,136,285
07/08/2003,PUB,CO,ANM,WE,Combined TRACON& Tower with Radar,0,16,39,27,82,0,3,70,11,84,0,19,109,38,166,76,116,192,358
07/09/2003,PUB,CO,ANM,WE,Combined TRACON& Tower with Radar,0,18,22,21,61,0,0,108,0,108,0,18,130,21,169,58,96,154,323
07/10/2003,PUB,CO,ANM,WE,Combined TRACON& Tower with Radar,2,14,26,36,78,0,8,64,0,72,2,22,90,36,150,44,130,174,324
07/11/2003,PUB,CO,ANM,WE,Combined TRACON& Tower with Radar,0,12,18,53,83,0,5,69,14,88,0,17,87,67,171,92,82,174,345
07/12/2003,PUB,CO,ANM,WE,Combined TRACON& Tower with Radar,0,5,54,5,64,0,2,92,11,105,0,7,146,16,169,54,14,68,237
07/13/2003,PUB,CO,ANM,WE,Combined TRACON& Tower with Radar,0,14,39,22,75,0,0,59,0,59,0,14,98,22,134,38,48,86,220
07/14/2003,PUB,CO,ANM,WE,Combined TRACON& Tower with Radar,0,18,38,40,96,0,2,34,0,36,0,20,72,40,132,32,98,130,262
07/15/2003,PUB,CO,ANM,WE,Combined TRACON& Tower with Radar,0,14,28,20,62,0,2,36,0,38,0,16,64,20,100,12,84,96,196
07/16/2003,PUB,CO,ANM,WE,Combined TRACON& Tower with Radar,0,15,34,2,51,0,0,57,0,57,0,15,91,2,108,52,0,52,160
07/17/2003,PUB,CO,ANM,WE,Combined TRACON& Tower with Radar,0,15,38,10,63,0,0,39,0,39,0,15,77,10,102,58,12,70,172
07/18/2003,PUB,CO,ANM,WE,Combined TRACON& Tower with Radar,0,32,39,16,87,0,7,26,0,33,0,39,65,16,120,86,38,124,244
07/19/2003,PUB,CO,ANM,WE,Combined TRACON& Tower with Radar,0,9,27,0,36,0,0,69,0,69,0,9,96,0,105,52,0,52,157
07/20/2003,PUB,CO,ANM,WE,Combined TRACON& Tower with Radar,0,24,30,12,66,0,3,109,0,112,0,27,139,12,178,32,20,52,230
07/21/2003,PUB,CO,ANM,WE,Combined TRACON& Tower with Radar,0,11,24,14,49,0,0,56,0,56,0,11,80,14,105,64,28,92,197
07/22/2003,PUB,CO,ANM,WE,Combined TRACON& Tower with Radar,0,19,42,20,81,0,1,65,0,66,0,20,107,20,147,52,58,110,257
07/23/2003,PUB,CO,ANM,WE,Combined TRACON& Tower with Radar,0,15,41,21,77,0,0,39,0,39,0,15,80,21,116,54,70,124,240
07/24/2003,PUB,CO,ANM,WE,Combined TRACON& Tower with Radar,2,16,39,26,83,0,2,74,5,81,2,18,113,31,164,56,72,128,292
07/25/2003,PUB,CO,ANM,WE,Combined TRACON& Tower with Radar,0,11,29,5,45,0,3,52,2,57,0,14,81,7,102,24,2,26,128
07/26/2003,PUB,CO,ANM,WE,Combined TRACON& Tower with Radar,2,4,7,4,17,0,2,68,0,70,2,6,75,4,87,62,4,66,153
07/27/2003,PUB,CO,ANM,WE,Combined TRACON& Tower with Radar,0,8,43,0,51,0,5,71,8,84,0,13,114,8,135,62,10,72,207
07/28/2003,PUB,CO,ANM,WE,Combined TRACON& Tower with Radar,0,20,28,3,51,0,3,29,4,36,0,23,57,7,87,24,6,30,117
07/29/2003,PUB,CO,ANM,WE,Combined TRACON& Tower with Radar,0,13,48,22,83,0,2,39,0,41,0,15,87,22,124,28,96,124,248
07/30/2003,PUB,CO,ANM,WE,Combined TRACON& Tower with Radar,0,18,37,19,74,0,0,49,11,60,0,18,86,30,134,68,56,124,258
07/31/2003,PUB,CO,ANM,WE,Combined TRACON& Tower with Radar,0,12,56,20,88,0,1,35,0,36,0,13,91,20,124,62,34,96,220
08/01/2003,PUB,CO,ANM,WE,Combined TRACON& Tower with Radar,0,14,15,8,37,0,0,46,0,46,0,14,61,8,83,48,12,60,143
08/02/2003,PUB,CO,ANM,WE,Combined TRACON& Tower with Radar,0,6,35,4,45,0,0,77,0,77,0,6,112,4,122,20,18,38,160
08/03/2003,PUB,CO,ANM,WE,Combined TRACON& Tower with Radar,0,13,38,4,55,0,2,94,0,96,0,15,132,4,151,50,4,54,205
08/04/2003,PUB,CO,ANM,WE,Combined TRACON& Tower with Radar,0,18,33,12,63,0,3,71,9,83,0,21,104,21,146,40,44,84,230
08/05/2003,PUB,CO,ANM,WE,Combined TRACON& Tower with Radar,0,15,16,35,66,0,2,65,0,67,0,17,81,35,133,56,98,154,287
08/06/2003,PUB,CO,ANM,WE,Combined TRACON& Tower with Radar,0,15,30,20,65,0,7,47,0,54,0,22,77,20,119,36,68,104,223
08/07/2003,PUB,CO,ANM,WE,Combined TRACON& Tower with Radar,2,19,27,3,51,0,1,61,12,74,2,20,88,15,125,82,34,116,241
08/08/2003,PUB,CO,ANM,WE,Combined TRACON& Tower with Radar,0,10,41,9,60,0,4,33,1,38,0,14,74,10,98,26,40,66,164
08/09/2003,PUB,CO,ANM,WE,Combined TRACON& Tower with Radar,0,7,61,11,79,0,0,35,1,36,0,7,96,12,115,80,28,108,223
08/10/2003,PUB,CO,ANM,WE,Combined TRACON& Tower with Radar,0,13,42,7,62,0,7,91,2,100,0,20,133,9,162,80,8,88,250
08/11/2003,PUB,CO,ANM,WE,Combined TRACON& Tower with Radar,0,22,32,21,75,0,0,61,7,68,0,22,93,28,143,96,54,150,293
08/12/2003,PUB,CO,ANM,WE,Combined TRACON& Tower with Radar,0,16,29,23,68,0,0,58,0,58,0,16,87,23,126,54,74,128,254
08/13/2003,PUB,CO,ANM,WE,Combined TRACON& Tower with Radar,0,15,41,34,90,0,0,54,19,73,0,15,95,53,163,76,90,166,329
08/14/2003,PUB,CO,ANM,WE,Combined TRACON& Tower with Radar,0,12,62,40,114,0,1,59,0,60,0,13,121,40,174,112,110,222,396
08/15/2003,PUB,CO,ANM,WE,Combined TRACON& Tower with Radar,0,16,53,27,96,0,8,17,5,30,0,24,70,32,126,94,60,154,280
08/16/2003,PUB,CO,ANM,WE,Combined TRACON& Tower with Radar,0,7,48,19,74,0,2,134,0,136,0,9,182,19,210,98,40,138,348
08/17/2003,PUB,CO,ANM,WE,Combined TRACON& Tower with Radar,0,11,32,0,43,0,0,74,4,78,0,11,106,4,121,30,4,34,155
08/18/2003,PUB,CO,ANM,WE,Combined TRACON& Tower with Radar,0,17,20,24,61,0,0,82,4,86,0,17,102,28,147,118,68,186,333
08/19/2003,PUB,CO,ANM,WE,Combined TRACON& Tower with Radar,0,21,31,21,73,0,7,81,17,105,0,28,112,38,178,98,64,162,340
08/20/2003,PUB,CO,ANM,WE,Combined TRACON& Tower with Radar,0,9,29,14,52,0,0,70,6,76,0,9,99,20,128,90,78,168,296
08/21/2003,PUB,CO,ANM,WE,Combined TRACON& Tower with Radar,0,15,29,8,52,0,0,68,12,80,0,15,97,20,132,88,32,120,252
08/22/2003,PUB,CO,ANM,WE,Combined TRACON& Tower with Radar,2,10,30,52,94,0,4,52,0,56,2,14,82,52,150,46,30,76,226
08/23/2003,PUB,CO,ANM,WE,Combined TRACON& Tower with Radar,0,4,45,1,50,0,1,73,5,79,0,5,118,6,129,62,0,62,191
08/24/2003,PUB,CO,ANM,WE,Combined TRACON& Tower with Radar,0,22,22,12,56,0,0,68,0,68,0,22,90,12,124,46,14,60,184
08/25/2003,PUB,CO,ANM,WE,Combined TRACON& Tower with Radar,0,13,37,29,79,0,2,48,8,58,0,15,85,37,137,112,92,204,341
08/26/2003,PUB,CO,ANM,WE,Combined TRACON& Tower with Radar,0,14,30,37,81,0,2,52,11,65,0,16,82,48,146,68,134,202,348
08/27/2003,PUB,CO,ANM,WE,Combined TRACON& Tower with Radar,0,12,38,21,71,0,0,68,27,95,0,12,106,48,166,100,78,178,344
08/28/2003,PUB,CO,ANM,WE,Combined TRACON& Tower with Radar,0,9,40,36,85,0,4,30,0,34,0,13,70,36,119,18,40,58,177
08/29/2003,PUB,CO,ANM,WE,Combined TRACON& Tower with Radar,0,10,54,18,82,0,3,21,18,42,0,13,75,36,124,44,68,112,236
08/30/2003,PUB,CO,ANM,WE,Combined TRACON& Tower with Radar,1,11,68,0,80,0,0,0,0,0,1,11,68,0,80,10,0,10,90
08/31/2003,PUB,CO,ANM,WE,Combined TRACON& Tower with Radar,0,4,44,6,54,0,0,13,0,13,0,4,57,6,67,68,30,98,165
09/01/2003,PUB,CO,ANM,WE,Combined TRACON& Tower with Radar,2,12,113,0,127,0,6,71,0,77,2,18,184,0,204,106,0,106,310
09/02/2003,PUB,CO,ANM,WE,Combined TRACON& Tower with Radar,0,15,55,32,102,0,0,77,0,77,0,15,132,32,179,68,126,194,373
09/03/2003,PUB,CO,ANM,WE,Combined TRACON& Tower with Radar,0,13,49,30,92,0,2,80,0,82,0,15,129,30,174,112,88,200,374
09/04/2003,PUB,CO,ANM,WE,Combined TRACON& Tower with Radar,2,11,40,32,85,0,2,50,0,52,2,13,90,32,137,116,82,198,335
09/05/2003,PUB,CO,ANM,WE,Combined TRACON& Tower with Radar,0,12,40,8,60,0,2,68,12,82,0,14,108,20,142,108,16,124,266
09/06/2003,PUB,CO,ANM,WE,Combined TRACON& Tower with Radar,0,9,43,18,70,0,2,79,0,81,0,11,122,18,151,158,48,206,357
09/07/2003,PUB,CO,ANM,WE,Combined TRACON& Tower with Radar,0,5,38,8,51,0,4,28,0,32,0,9,66,8,83,36,22,58,141
09/08/2003,PUB,CO,ANM,WE,Combined TRACON& Tower with Radar,0,25,35,31,91,0,3,54,3,60,0,28,89,34,151,132,58,190,341
09/09/2003,PUB,CO,ANM,WE,Combined TRACON& Tower with Radar,0,19,56,38,113,0,3,23,0,26,0,22,79,38,139,58,136,194,333
09/10/2003,PUB,CO,ANM,WE,Combined TRACON& Tower with Radar,0,12,56,31,99,0,0,56,21,77,0,12,112,52,176,104,86,190,366
09/11/2003,PUB,CO,ANM,WE,Combined TRACON& Tower with Radar,0,18,49,59,126,0,1,103,15,119,0,19,152,74,245,86,136,222,467
09/12/2003,PUB,CO,ANM,WE,Combined TRACON& Tower with Radar,0,13,54,42,109,0,1,66,0,67,0,14,120,42,176,102,50,152,328
09/13/2003,PUB,CO,ANM,WE,Combined TRACON& Tower with Radar,0,4,50,14,68,0,4,19,0,23,0,8,69,14,91,60,34,94,185
09/14/2003,PUB,CO,ANM,WE,Combined TRACON& Tower with Radar,0,10,61,10,81,0,2,64,0,66,0,12,125,10,147,60,28,88,235
09/15/2003,PUB,CO,ANM,WE,Combined TRACON& Tower with Radar,0,15,28,42,85,0,3,55,2,60,0,18,83,44,145,106,92,198,343
09/16/2003,PUB,CO,ANM,WE,Combined TRACON& Tower with Radar,0,9,27,24,60,0,4,61,19,84,0,13,88,43,144,74,66,140,284
09/17/2003,PUB,CO,ANM,WE,Combined TRACON& Tower with Radar,0,18,33,21,72,0,0,29,0,29,0,18,62,21,101,28,46,74,175
09/18/2003,PUB,CO,ANM,WE,Combined TRACON& Tower with Radar,2,16,68,26,112,0,0,19,0,19,2,16,87,26,131,88,104,192,323
09/19/2003,PUB,CO,ANM,WE,Combined TRACON& Tower with Radar,0,16,69,54,139,0,5,54,0,59,0,21,123,54,198,108,50,158,356
09/20/2003,PUB,CO,ANM,WE,Combined TRACON& Tower with Radar,0,4,21,38,63,0,4,83,19,106,0,8,104,57,169,44,40,84,253
09/21/2003,PUB,CO,ANM,WE,Combined TRACON& Tower with Radar,2,14,83,3,102,0,2,65,0,67,2,16,148,3,169,86,4,90,259
09/22/2003,PUB,CO,ANM,WE,Combined TRACON& Tower with Radar,0,13,32,23,68,0,3,80,29,112,0,16,112,52,180,118,72,190,370
09/23/2003,PUB,CO,ANM,WE,Combined TRACON& Tower with Radar,0,9,33,22,64,0,0,72,5,77,0,9,105,27,141,84,64,148,289
09/24/2003,PUB,CO,ANM,WE,Combined TRACON& Tower with Radar,0,15,29,18,62,0,2,69,22,93,0,17,98,40,155,128,22,150,305
09/25/2003,PUB,CO,ANM,WE,Combined TRACON& Tower with Radar,2,14,61,17,94,0,1,56,11,68,2,15,117,28,162,116,30,146,308
09/26/2003,PUB,CO,ANM,WE,Combined TRACON& Tower with Radar,0,14,32,23,69,0,5,82,0,87,0,19,114,23,156,88,54,142,298
09/27/2003,PUB,CO,ANM,WE,Combined TRACON& Tower with Radar,0,8,27,18,53,0,3,130,6,139,0,11,157,24,192,104,10,114,306
09/28/2003,PUB,CO,ANM,WE,Combined TRACON& Tower with Radar,0,7,26,6,39,0,4,92,0,96,0,11,118,6,135,110,0,110,245
09/29/2003,PUB,CO,ANM,WE,Combined TRACON& Tower with Radar,0,12,34,1,47,0,1,67,17,85,0,13,101,18,132,108,28,136,268
09/30/2003,PUB,CO,ANM,WE,Combined TRACON& Tower with Radar,0,15,32,25,72,0,0,20,0,20,0,15,52,25,92,32,56,88,180
10/01/2003,PUB,CO,ANM,WE,Combined TRACON& Tower with Radar,0,14,59,44,117,0,0,28,17,45,0,14,87,61,162,42,56,98,260
10/02/2003,PUB,CO,ANM,WE,Combined TRACON& Tower with Radar,1,13,49,27,90,1,10,20,0,31,2,23,69,27,121,24,68,92,213
10/03/2003,PUB,CO,ANM,WE,Combined TRACON& Tower with Radar,0,12,44,32,88,0,0,16,20,36,0,12,60,52,124,36,98,134,258
10/04/2003,PUB,CO,ANM,WE,Combined TRACON& Tower with Radar,0,6,42,20,68,0,0,48,0,48,0,6,90,20,116,116,44,160,276
10/05/2003,PUB,CO,ANM,WE,Combined TRACON& Tower with Radar,0,4,38,2,44,0,0,80,0,80,0,4,118,2,124,110,4,114,238
10/06/2003,PUB,CO,ANM,WE,Combined TRACON& Tower with Radar,0,0,0,0,0,0,0,0,0,0,0,0,0,0,0,0,0,0,0
10/07/2003,PUB,CO,ANM,WE,Combined TRACON& Tower with Radar,0,10,40,29,79,0,10,50,22,82,0,20,90,51,161,62,114,176,337
10/08/2003,PUB,CO,ANM,WE,Combined TRACON& Tower with Radar,0,10,38,25,73,0,0,52,0,52,0,10,90,25,125,48,72,120,245
10/09/2003,PUB,CO,ANM,WE,Combined TRACON& Tower with Radar,0,12,78,49,139,0,0,41,0,41,0,12,119,49,180,42,158,200,380
10/10/2003,PUB,CO,ANM,WE,Combined TRACON& Tower with Radar,0,16,61,38,115,0,4,48,0,52,0,20,109,38,167,78,102,180,347
10/11/2003,PUB,CO,ANM,WE,Combined TRACON& Tower with Radar,0,10,42,22,74,0,0,117,0,117,0,10,159,22,191,176,58,234,425
10/12/2003,PUB,CO,ANM,WE,Combined TRACON& Tower with Radar,0,8,41,10,59,0,0,115,0,115,0,8,156,10,174,98,10,108,282
10/13/2003,PUB,CO,ANM,WE,Combined TRACON& Tower with Radar,0,7,28,12,47,0,10,20,0,30,0,17,48,12,77,62,42,104,181
10/14/2003,PUB,CO,ANM,WE,Combined TRACON& Tower with Radar,0,17,73,52,142,0,0,21,0,21,0,17,94,52,163,70,174,244,407
10/15/2003,PUB,CO,ANM,WE,Combined TRACON& Tower with Radar,0,13,50,32,95,0,0,62,0,62,0,13,112,32,157,82,90,172,329
10/16/2003,PUB,CO,ANM,WE,Combined TRACON& Tower with Radar,0,10,35,21,66,0,6,41,0,47,0,16,76,21,113,72,62,134,247
10/17/2003,PUB,CO,ANM,WE,Combined TRACON& Tower with Radar,0,14,48,28,90,0,2,23,0,25,0,16,71,28,115,62,64,126,241
10/18/2003,PUB,CO,ANM,WE,Combined TRACON& Tower with Radar,0,6,30,12,48,0,0,90,0,90,0,6,120,12,138,100,52,152,290
10/19/2003,PUB,CO,ANM,WE,Combined TRACON& Tower with Radar,0,9,31,5,45,0,1,89,0,90,0,10,120,5,135,62,2,64,199
10/20/2003,PUB,CO,ANM,WE,Combined TRACON& Tower with Radar,0,13,43,33,89,0,5,74,24,103,0,18,117,57,192,48,56,104,296
10/21/2003,PUB,CO,ANM,WE,Combined TRACON& Tower with Radar,0,10,33,26,69,0,1,39,15,55,0,11,72,41,124,102,98,200,324
10/22/2003,PUB,CO,ANM,WE,Combined TRACON& Tower with Radar,0,9,33,26,68,0,0,104,14,118,0,9,137,40,186,150,56,206,392
10/23/2003,PUB,CO,ANM,WE,Combined TRACON& Tower with Radar,0,17,57,38,112,2,1,24,0,27,2,18,81,38,139,56,106,162,301
10/24/2003,PUB,CO,ANM,WE,Combined TRACON& Tower with Radar,0,18,69,46,133,0,0,32,0,32,0,18,101,46,165,106,114,220,385
10/25/2003,PUB,CO,ANM,WE,Combined TRACON& Tower with Radar,0,10,34,14,58,0,0,28,0,28,0,10,62,14,86,84,36,120,206
10/26/2003,PUB,CO,ANM,WE,Combined TRACON& Tower with Radar,0,10,35,16,61,0,3,114,0,117,0,13,149,16,178,54,24,78,256
10/27/2003,PUB,CO,ANM,WE,Combined TRACON& Tower with Radar,0,9,55,42,106,0,0,5,12,17,0,9,60,54,123,64,100,164,287
10/28/2003,PUB,CO,ANM,WE,Combined TRACON& Tower with Radar,0,13,45,33,91,0,1,54,0,55,0,14,99,33,146,82,92,174,320
10/29/2003,PUB,CO,ANM,WE,Combined TRACON& Tower with Radar,0,8,27,8,43,0,3,18,0,21,0,11,45,8,64,82,88,170,234
10/30/2003,PUB,CO,ANM,WE,Combined TRACON& Tower with Radar,0,11,37,9,57,2,6,0,0,8,2,17,37,9,65,60,24,84,149
10/31/2003,PUB,CO,ANM,WE,Combined TRACON& Tower with Radar,0,7,22,4,33,0,6,6,0,12,0,13,28,4,45,26,0,26,71
11/01/2003,PUB,CO,ANM,WE,Combined TRACON& Tower with Radar,0,7,21,10,38,0,7,11,0,18,0,14,32,10,56,32,12,44,100
11/02/2003,PUB,CO,ANM,WE,Combined TRACON& Tower with Radar,0,8,37,4,49,0,0,47,0,47,0,8,84,4,96,60,0,60,156
11/03/2003,PUB,CO,ANM,WE,Combined TRACON& Tower with Radar,0,13,41,30,84,0,0,18,2,20,0,13,59,32,104,38,78,116,220
11/04/2003,PUB,CO,ANM,WE,Combined TRACON& Tower with Radar,0,16,50,37,103,0,0,60,33,93,0,16,110,70,196,112,88,200,396
11/05/2003,PUB,CO,ANM,WE,Combined TRACON& Tower with Radar,1,22,57,50,130,5,9,0,0,14,6,31,57,50,144,32,156,188,332
11/06/2003,PUB,CO,ANM,WE,Combined TRACON& Tower with Radar,1,11,37,13,62,1,10,9,0,20,2,21,46,13,82,74,48,122,204
11/07/2003,PUB,CO,ANM,WE,Combined TRACON& Tower with Radar,0,18,57,42,117,0,4,33,8,45,0,22,90,50,162,108,128,236,398
11/08/2003,PUB,CO,ANM,WE,Combined TRACON& Tower with Radar,0,8,44,32,84,0,0,123,6,129,0,8,167,38,213,108,60,168,381
11/09/2003,PUB,CO,ANM,WE,Combined TRACON& Tower with Radar,1,11,36,12,60,1,5,82,0,88,2,16,118,12,148,96,40,136,284
11/10/2003,PUB,CO,ANM,WE,Combined TRACON& Tower with Radar,0,14,45,32,91,0,4,34,0,38,0,18,79,32,129,68,144,212,341
11/11/2003,PUB,CO,ANM,WE,Combined TRACON& Tower with Radar,0,8,27,10,45,0,7,37,0,44,0,15,64,10,89,30,16,46,135
11/12/2003,PUB,CO,ANM,WE,Combined TRACON& Tower with Radar,0,12,60,44,116,0,0,50,3,53,0,12,110,47,169,136,158,294,463
11/13/2003,PUB,CO,ANM,WE,Combined TRACON& Tower with Radar,1,20,45,45,111,1,3,0,9,13,2,23,45,54,124,34,182,216,340
11/14/2003,PUB,CO,ANM,WE,Combined TRACON& Tower with Radar,0,12,37,27,76,0,4,44,1,49,0,16,81,28,125,100,26,126,251
11/15/2003,PUB,CO,ANM,WE,Combined TRACON& Tower with Radar,0,8,27,19,54,0,1,124,15,140,0,9,151,34,194,126,20,146,340
11/16/2003,PUB,CO,ANM,WE,Combined TRACON& Tower with Radar,0,8,32,18,58,0,0,102,0,102,0,8,134,18,160,116,24,140,300
11/17/2003,PUB,CO,ANM,WE,Combined TRACON& Tower with Radar,0,14,43,32,89,0,0,13,2,15,0,14,56,34,104,68,122,190,294
11/18/2003,PUB,CO,ANM,WE,Combined TRACON& Tower with Radar,0,14,41,31,86,2,1,26,16,45,2,15,67,47,131,110,113,223,354
11/19/2003,PUB,CO,ANM,WE,Combined TRACON& Tower with Radar,0,11,49,38,98,2,0,52,32,86,2,11,101,70,184,168,216,384,568
11/20/2003,PUB,CO,ANM,WE,Combined TRACON& Tower with Radar,0,15,44,24,83,2,3,23,0,28,2,18,67,24,111,42,64,106,217
11/21/2003,PUB,CO,ANM,WE,Combined TRACON& Tower with Radar,0,19,56,18,93,0,3,25,0,28,0,22,81,18,121,148,28,176,297
11/22/2003,PUB,CO,ANM,WE,Combined TRACON& Tower with Radar,0,7,18,0,25,0,2,1,0,3,0,9,19,0,28,38,0,38,66
11/23/2003,PUB,CO,ANM,WE,Combined TRACON& Tower with Radar,0,5,13,2,20,0,3,29,0,32,0,8,42,2,52,38,2,40,92
11/24/2003,PUB,CO,ANM,WE,Combined TRACON& Tower with Radar,0,9,32,18,59,0,0,2,0,2,0,9,34,18,61,56,70,126,187
11/25/2003,PUB,CO,ANM,WE,Combined TRACON& Tower with Radar,0,18,61,46,125,0,0,18,18,36,0,18,79,64,161,84,134,218,379
11/26/2003,PUB,CO,ANM,WE,Combined TRACON& Tower with Radar,0,13,49,32,94,0,0,28,0,28,0,13,77,32,122,106,86,192,314
11/27/2003,PUB,CO,ANM,WE,Combined TRACON& Tower with Radar,0,3,7,0,10,0,5,33,0,38,0,8,40,0,48,12,0,12,60
11/28/2003,PUB,CO,ANM,WE,Combined TRACON& Tower with Radar,0,7,19,14,40,0,3,81,0,84,0,10,100,14,124,98,8,106,230
11/29/2003,PUB,CO,ANM,WE,Combined TRACON& Tower with Radar,0,9,25,6,40,0,0,53,0,53,0,9,78,6,93,50,10,60,153
11/30/2003,PUB,CO,ANM,WE,Combined TRACON& Tower with Radar,0,8,37,2,47,0,0,105,0,105,0,8,142,2,152,40,0,40,192
12/01/2003,PUB,CO,ANM,WE,Combined TRACON& Tower with Radar,0,10,45,27,82,0,0,21,17,38,0,10,66,44,120,102,96,198,318
12/02/2003,PUB,CO,ANM,WE,Combined TRACON& Tower with Radar,0,13,34,21,68,0,5,28,5,38,0,18,62,26,106,104,40,144,250
12/03/2003,PUB,CO,ANM,WE,Combined TRACON& Tower with Radar,0,14,56,32,102,0,0,7,11,18,0,14,63,43,120,66,120,186,306
12/04/2003,PUB,CO,ANM,WE,Combined TRACON& Tower with Radar,1,19,58,31,109,3,0,0,0,3,4,19,58,31,112,48,110,158,270
12/05/2003,PUB,CO,ANM,WE,Combined TRACON& Tower with Radar,0,10,27,15,52,0,6,32,7,45,0,16,59,22,97,78,38,116,213
12/06/2003,PUB,CO,ANM,WE,Combined TRACON& Tower with Radar,0,10,35,19,64,0,0,78,11,89,0,10,113,30,153,66,62,128,281
12/07/2003,PUB,CO,ANM,WE,Combined TRACON& Tower with Radar,0,10,26,14,50,0,1,42,0,43,0,11,68,14,93,138,32,170,263
12/08/2003,PUB,CO,ANM,WE,Combined TRACON& Tower with Radar,0,13,28,18,59,0,3,0,0,3,0,16,28,18,62,30,46,76,138
12/09/2003,PUB,CO,ANM,WE,Combined TRACON& Tower with Radar,0,15,40,22,77,0,3,27,1,31,0,18,67,23,108,58,84,142,250
12/10/2003,PUB,CO,ANM,WE,Combined TRACON& Tower with Radar,0,12,42,24,78,0,0,39,15,54,0,12,81,39,132,70,90,160,292
12/11/2003,PUB,CO,ANM,WE,Combined TRACON& Tower with Radar,0,16,41,23,80,0,3,39,23,65,0,19,80,46,145,70,130,200,345
12/12/2003,PUB,CO,ANM,WE,Combined TRACON& Tower with Radar,0,11,28,12,51,0,8,15,0,23,0,19,43,12,74,62,52,114,188
12/13/2003,PUB,CO,ANM,WE,Combined TRACON& Tower with Radar,0,9,31,17,57,0,0,97,6,103,0,9,128,23,160,90,24,114,274
12/14/2003,PUB,CO,ANM,WE,Combined TRACON& Tower with Radar,0,14,38,6,58,0,0,48,0,48,0,14,86,6,106,52,36,88,194
12/15/2003,PUB,CO,ANM,WE,Combined TRACON& Tower with Radar,0,5,8,5,18,0,7,0,0,7,0,12,8,5,25,0,22,22,47
12/16/2003,PUB,CO,ANM,WE,Combined TRACON& Tower with Radar,0,16,57,33,106,0,0,6,8,14,0,16,63,41,120,68,190,258,378
12/17/2003,PUB,CO,ANM,WE,Combined TRACON& Tower with Radar,0,15,41,24,80,17,0,80,3,100,17,15,121,27,180,94,100,194,374
12/18/2003,PUB,CO,ANM,WE,Combined TRACON& Tower with Radar,0,28,85,34,147,2,0,45,0,47,2,28,130,34,194,98,152,250,444
12/19/2003,PUB,CO,ANM,WE,Combined TRACON& Tower with Radar,0,19,46,14,79,2,10,50,0,62,2,29,96,14,141,86,32,118,259
12/20/2003,PUB,CO,ANM,WE,Combined TRACON& Tower with Radar,0,13,31,2,46,0,7,107,0,114,0,20,138,2,160,68,0,68,228
12/21/2003,PUB,CO,ANM,WE,Combined TRACON& Tower with Radar,0,10,24,2,36,0,8,84,0,92,0,18,108,2,128,188,2,190,318
12/22/2003,PUB,CO,ANM,WE,Combined TRACON& Tower with Radar,0,15,25,20,60,0,4,0,0,4,0,19,25,20,64,32,48,80,144
12/23/2003,PUB,CO,ANM,WE,Combined TRACON& Tower with Radar,0,15,42,8,65,0,0,83,0,83,0,15,125,8,148,166,38,204,352
12/24/2003,PUB,CO,ANM,WE,Combined TRACON& Tower with Radar,0,7,15,0,22,0,6,31,0,37,0,13,46,0,59,56,0,56,115
12/25/2003,PUB,CO,ANM,WE,Combined TRACON& Tower with Radar,0,3,7,2,12,0,5,34,0,39,0,8,41,2,51,32,6,38,89
12/26/2003,PUB,CO,ANM,WE,Combined TRACON& Tower with Radar,0,13,30,8,51,0,1,47,0,48,0,14,77,8,99,46,22,68,167
12/27/2003,PUB,CO,ANM,WE,Combined TRACON& Tower with Radar,0,8,24,4,36,0,0,40,0,40,0,8,64,4,76,46,0,46,122
12/28/2003,PUB,CO,ANM,WE,Combined TRACON& Tower with Radar,0,11,26,0,37,0,3,38,0,41,0,14,64,0,78,128,0,128,206
12/29/2003,PUB,CO,ANM,WE,Combined TRACON& Tower with Radar,0,10,27,12,49,0,0,47,0,47,0,10,74,12,96,110,64,174,270
12/30/2003,PUB,CO,ANM,WE,Combined TRACON& Tower with Radar,0,23,56,16,95,0,0,8,0,8,0,23,64,16,103,84,64,148,251
12/31/2003,PUB,CO,ANM,WE,Combined TRACON& Tower with Radar,0,12,29,0,41,0,3,51,0,54,0,15,80,0,95,60,0,60,155
01/01/2004,PUB,CO,ANM,WE,Combined TRACON& Tower with Radar,0,10,30,0,40,0,2,72,0,74,0,12,102,0,114,50,0,50,164
01/02/2004,PUB,CO,ANM,WE,Combined TRACON& Tower with Radar,0,6,20,0,26,0,6,18,0,24,0,12,38,0,50,46,0,46,96
01/03/2004,PUB,CO,ANM,WE,Combined TRACON& Tower with Radar,0,9,29,2,40,0,11,30,0,41,0,20,59,2,81,32,0,32,113
01/04/2004,PUB,CO,ANM,WE,Combined TRACON& Tower with Radar,0,11,33,0,44,0,15,37,0,52,0,26,70,0,96,22,0,22,118
01/05/2004,PUB,CO,ANM,WE,Combined TRACON& Tower with Radar,0,10,30,8,48,0,9,22,0,31,0,19,52,8,79,58,42,100,179
01/06/2004,PUB,CO,ANM,WE,Combined TRACON& Tower with Radar,0,13,25,23,61,0,7,0,6,13,0,20,25,29,74,34,100,134,208
01/07/2004,PUB,CO,ANM,WE,Combined TRACON& Tower with Radar,0,14,42,22,78,0,2,13,0,15,0,16,55,22,93,64,40,104,197
01/08/2004,PUB,CO,ANM,WE,Combined TRACON& Tower with Radar,1,21,62,25,109,1,6,0,0,7,2,27,62,25,116,42,90,132,248
01/09/2004,PUB,CO,ANM,WE,Combined TRACON& Tower with Radar,1,16,47,8,72,1,4,42,0,47,2,20,89,8,119,54,50,104,223
01/10/2004,PUB,CO,ANM,WE,Combined TRACON& Tower with Radar,0,6,38,10,54,0,0,114,0,114,0,6,152,10,168,134,18,152,320
01/11/2004,PUB,CO,ANM,WE,Combined TRACON& Tower with Radar,1,6,37,14,58,1,0,91,0,92,2,6,128,14,150,90,34,124,274
01/12/2004,PUB,CO,ANM,WE,Combined TRACON& Tower with Radar,1,11,47,27,86,1,0,37,7,45,2,11,84,34,131,82,132,214,345
01/13/2004,PUB,CO,ANM,WE,Combined TRACON& Tower with Radar,0,16,49,28,93,0,0,19,9,28,0,16,68,37,121,74,86,160,281
01/14/2004,PUB,CO,ANM,WE,Combined TRACON& Tower with Radar,0,12,45,16,73,0,0,32,0,32,0,12,77,16,105,96,80,176,281
01/15/2004,PUB,CO,ANM,WE,Combined TRACON& Tower with Radar,0,17,56,30,103,0,0,28,0,28,0,17,84,30,131,52,72,124,255
01/16/2004,PUB,CO,ANM,WE,Combined TRACON& Tower with Radar,0,18,55,28,101,0,4,29,0,33,0,22,84,28,134,86,76,162,296
01/17/2004,PUB,CO,ANM,WE,Combined TRACON& Tower with Radar,0,6,35,10,51,2,0,47,0,49,2,6,82,10,100,76,24,100,200
01/18/2004,PUB,CO,ANM,WE,Combined TRACON& Tower with Radar,0,6,25,4,35,0,0,109,0,109,0,6,134,4,144,112,6,118,262
01/19/2004,PUB,CO,ANM,WE,Combined TRACON& Tower with Radar,0,13,36,6,55,0,6,37,0,43,0,19,73,6,98,126,34,160,258
01/20/2004,PUB,CO,ANM,WE,Combined TRACON& Tower with Radar,0,10,13,11,34,0,15,0,0,15,0,25,13,11,49,12,10,22,71
01/21/2004,PUB,CO,ANM,WE,Combined TRACON& Tower with Radar,0,13,59,36,108,0,0,0,1,1,0,13,59,37,109,48,90,138,247
01/22/2004,PUB,CO,ANM,WE,Combined TRACON& Tower with Radar,0,29,81,39,149,0,1,26,0,27,0,30,107,39,176,160,124,284,460
01/23/2004,PUB,CO,ANM,WE,Combined TRACON& Tower with Radar,0,16,61,28,105,2,0,27,0,29,2,16,88,28,134,72,62,134,268
01/24/2004,PUB,CO,ANM,WE,Combined TRACON& Tower with Radar,0,8,44,20,72,0,0,76,0,76,0,8,120,20,148,194,46,240,388
01/25/2004,PUB,CO,ANM,WE,Combined TRACON& Tower with Radar,0,9,27,2,38,0,0,33,0,33,0,9,60,2,71,14,2,16,87
01/26/2004,PUB,CO,ANM,WE,Combined TRACON& Tower with Radar,0,15,32,25,72,0,5,0,19,24,0,20,32,44,96,18,104,122,218
01/27/2004,PUB,CO,ANM,WE,Combined TRACON& Tower with Radar,0,14,48,30,92,0,0,3,7,10,0,14,51,37,102,60,104,164,266
01/28/2004,PUB,CO,ANM,WE,Combined TRACON& Tower with Radar,0,9,44,27,80,0,0,34,3,37,0,9,78,30,117,86,74,160,277
01/29/2004,PUB,CO,ANM,WE,Combined TRACON& Tower with Radar,0,26,74,35,135,0,9,23,0,32,0,35,97,35,167,84,104,188,355
01/30/2004,PUB,CO,ANM,WE,Combined TRACON& Tower with Radar,0,15,41,10,66,0,7,69,0,76,0,22,110,10,142,104,36,140,282
01/31/2004,PUB,CO,ANM,WE,Combined TRACON& Tower with Radar,0,9,24,0,33,0,8,16,0,24,0,17,40,0,57,108,0,108,165
02/01/2004,PUB,CO,ANM,WE,Combined TRACON& Tower with Radar,0,5,14,0,19,0,7,34,0,41,0,12,48,0,60,26,0,26,86
02/02/2004,PUB,CO,ANM,WE,Combined TRACON& Tower with Radar,0,11,32,8,51,0,6,75,0,81,0,17,107,8,132,126,32,158,290
02/03/2004,PUB,CO,ANM,WE,Combined TRACON& Tower with Radar,0,11,33,14,58,0,12,23,0,35,0,23,56,14,93,74,68,142,235
02/04/2004,PUB,CO,ANM,WE,Combined TRACON& Tower with Radar,0,11,27,4,42,0,19,0,0,19,0,30,27,4,61,24,20,44,105
02/05/2004,PUB,CO,ANM,WE,Combined TRACON& Tower with Radar,1,17,38,27,83,1,10,0,0,11,2,27,38,27,94,38,120,158,252
02/06/2004,PUB,CO,ANM,WE,Combined TRACON& Tower with Radar,0,15,44,22,81,0,4,39,0,43,0,19,83,22,124,48,38,86,210
02/07/2004,PUB,CO,ANM,WE,Combined TRACON& Tower with Radar,0,8,44,12,64,0,0,128,0,128,0,8,172,12,192,146,60,206,398
02/08/2004,PUB,CO,ANM,WE,Combined TRACON& Tower with Radar,0,7,21,8,36,0,3,41,0,44,0,10,62,8,80,50,0,50,130
02/09/2004,PUB,CO,ANM,WE,Combined TRACON& Tower with Radar,0,19,63,48,130,0,0,29,0,29,0,19,92,48,159,48,186,234,393
02/10/2004,PUB,CO,ANM,WE,Combined TRACON& Tower with Radar,0,12,36,32,80,0,3,40,19,62,0,15,76,51,142,60,122,182,324
02/11/2004,PUB,CO,ANM,WE,Combined TRACON& Tower with Radar,0,5,18,0,23,0,10,4,0,14,0,15,22,0,37,0,0,0,37
02/12/2004,PUB,CO,ANM,WE,Combined TRACON& Tower with Radar,0,18,50,19,87,0,9,10,0,19,0,27,60,19,106,70,138,208,314
02/13/2004,PUB,CO,ANM,WE,Combined TRACON& Tower with Radar,1,13,36,26,76,1,5,54,0,60,2,18,90,26,136,84,40,124,260
02/14/2004,PUB,CO,ANM,WE,Combined TRACON& Tower with Radar,0,19,55,24,98,0,3,123,0,126,0,22,178,24,224,178,66,244,468
02/15/2004,PUB,CO,ANM,WE,Combined TRACON& Tower with Radar,0,6,27,0,33,2,0,97,0,99,2,6,124,0,132,112,0,112,244
02/16/2004,PUB,CO,ANM,WE,Combined TRACON& Tower with Radar,0,15,39,13,67,1,6,64,0,71,1,21,103,13,138,136,66,202,340
02/17/2004,PUB,CO,ANM,WE,Combined TRACON& Tower with Radar,0,18,49,46,113,0,0,15,27,42,0,18,64,73,155,52,134,186,341
02/18/2004,PUB,CO,ANM,WE,Combined TRACON& Tower with Radar,0,16,57,35,108,0,0,58,0,58,0,16,115,35,166,90,128,218,384
02/19/2004,PUB,CO,ANM,WE,Combined TRACON& Tower with Radar,0,14,36,19,69,2,0,11,0,13,2,14,47,19,82,14,50,64,146
02/20/2004,PUB,CO,ANM,WE,Combined TRACON& Tower with Radar,0,19,49,24,92,2,0,26,0,28,2,19,75,24,120,56,70,126,246
02/21/2004,PUB,CO,ANM,WE,Combined TRACON& Tower with Radar,0,14,60,42,116,0,0,76,0,76,0,14,136,42,192,188,98,286,478
02/22/2004,PUB,CO,ANM,WE,Combined TRACON& Tower with Radar,0,6,34,6,46,0,0,66,0,66,0,6,100,6,112,40,26,66,178
02/23/2004,PUB,CO,ANM,WE,Combined TRACON& Tower with Radar,0,20,42,32,94,0,0,0,0,0,0,20,42,32,94,50,164,214,308
02/24/2004,PUB,CO,ANM,WE,Combined TRACON& Tower with Radar,0,15,40,37,92,2,15,9,61,87,2,30,49,98,179,52,174,226,405
02/25/2004,PUB,CO,ANM,WE,Combined TRACON& Tower with Radar,0,17,59,55,131,2,0,53,15,70,2,17,112,70,201,116,214,330,531
02/26/2004,PUB,CO,ANM,WE,Combined TRACON& Tower with Radar,0,20,67,34,121,0,0,39,0,39,0,20,106,34,160,70,126,196,356
02/27/2004,PUB,CO,ANM,WE,Combined TRACON& Tower with Radar,0,14,36,6,56,0,0,52,0,52,0,14,88,6,108,68,34,102,210
02/28/2004,PUB,CO,ANM,WE,Combined TRACON& Tower with Radar,0,4,21,0,25,2,0,42,0,44,2,4,63,0,69,66,2,68,137
02/29/2004,PUB,CO,ANM,WE,Combined TRACON& Tower with Radar,0,9,24,2,35,0,0,23,0,23,0,9,47,2,58,38,12,50,108
03/01/2004,PUB,CO,ANM,WE,Combined TRACON& Tower with Radar,1,11,42,21,75,3,0,50,0,53,4,11,92,21,128,88,42,130,258
03/02/2004,PUB,CO,ANM,WE,Combined TRACON& Tower with Radar,1,12,33,23,69,0,0,33,8,41,1,12,66,31,110,104,52,156,266
03/03/2004,PUB,CO,ANM,WE,Combined TRACON& Tower with Radar,0,13,58,41,112,0,0,39,9,48,0,13,97,50,160,104,146,250,410
03/04/2004,PUB,CO,ANM,WE,Combined TRACON& Tower with Radar,1,25,42,47,115,5,10,0,3,18,6,35,42,50,133,8,120,128,261
03/05/2004,PUB,CO,ANM,WE,Combined TRACON& Tower with Radar,0,13,34,12,59,0,4,10,0,14,0,17,44,12,73,52,28,80,153
03/06/2004,PUB,CO,ANM,WE,Combined TRACON& Tower with Radar,0,8,23,8,39,0,3,12,0,15,0,11,35,8,54,29,20,49,103
03/07/2004,PUB,CO,ANM,WE,Combined TRACON& Tower with Radar,0,11,61,14,86,0,0,81,0,81,0,11,142,14,167,160,36,196,363
03/08/2004,PUB,CO,ANM,WE,Combined TRACON& Tower with Radar,0,16,58,41,115,0,0,63,6,69,0,16,121,47,184,138,114,252,436
03/09/2004,PUB,CO,ANM,WE,Combined TRACON& Tower with Radar,0,17,46,32,95,0,0,45,5,50,0,17,91,37,145,114,88,202,347
03/10/2004,PUB,CO,ANM,WE,Combined TRACON& Tower with Radar,0,17,51,27,95,0,0,29,0,29,0,17,80,27,124,58,68,126,250
03/11/2004,PUB,CO,ANM,WE,Combined TRACON& Tower with Radar,0,17,46,32,95,0,1,20,8,29,0,18,66,40,124,84,176,260,384
03/12/2004,PUB,CO,ANM,WE,Combined TRACON& Tower with Radar,0,23,61,34,118,0,5,87,0,92,0,28,148,34,210,168,94,262,472
03/13/2004,PUB,CO,ANM,WE,Combined TRACON& Tower with Radar,0,14,47,4,65,0,0,88,0,88,0,14,135,4,153,166,18,184,337
03/14/2004,PUB,CO,ANM,WE,Combined TRACON& Tower with Radar,0,14,38,4,56,0,0,97,0,97,0,14,135,4,153,130,6,136,289
03/15/2004,PUB,CO,ANM,WE,Combined TRACON& Tower with Radar,0,17,45,31,93,0,9,34,0,43,0,26,79,31,136,122,54,176,312
03/16/2004,PUB,CO,ANM,WE,Combined TRACON& Tower with Radar,1,15,41,20,77,1,19,18,0,38,2,34,59,20,115,76,32,108,223
03/17/2004,PUB,CO,ANM,WE,Combined TRACON& Tower with Radar,0,23,58,38,119,0,1,33,0,34,0,24,91,38,153,184,136,320,473
03/18/2004,PUB,CO,ANM,WE,Combined TRACON& Tower with Radar,0,22,56,28,106,0,8,51,0,59,0,30,107,28,165,122,36,158,323
03/19/2004,PUB,CO,ANM,WE,Combined TRACON& Tower with Radar,1,22,56,17,96,1,20,45,0,66,2,42,101,17,162,98,30,128,290
03/20/2004,PUB,CO,ANM,WE,Combined TRACON& Tower with Radar,0,10,30,6,46,0,0,136,0,136,0,10,166,6,182,208,16,224,406
03/21/2004,PUB,CO,ANM,WE,Combined TRACON& Tower with Radar,0,10,47,22,79,0,0,119,0,119,0,10,166,22,198,120,40,160,358
03/22/2004,PUB,CO,ANM,WE,Combined TRACON& Tower with Radar,0,14,43,32,89,0,0,25,11,36,0,14,68,43,125,72,94,166,291
03/23/2004,PUB,CO,ANM,WE,Combined TRACON& Tower with Radar,0,13,31,23,67,2,10,28,11,51,2,23,59,34,118,112,78,190,308
03/24/2004,PUB,CO,ANM,WE,Combined TRACON& Tower with Radar,0,26,65,42,133,0,9,20,0,29,0,35,85,42,162,78,102,180,342
03/25/2004,PUB,CO,ANM,WE,Combined TRACON& Tower with Radar,0,25,63,43,131,0,7,27,0,34,0,32,90,43,165,84,106,190,355
03/26/2004,PUB,CO,ANM,WE,Combined TRACON& Tower with Radar,0,14,47,34,95,2,0,26,14,42,2,14,73,48,137,36,86,122,259
03/27/2004,PUB,CO,ANM,WE,Combined TRACON& Tower with Radar,0,11,28,6,45,0,1,10,0,11,0,12,38,6,56,16,42,58,114
03/28/2004,PUB,CO,ANM,WE,Combined TRACON& Tower with Radar,0,8,32,8,48,2,0,88,0,90,2,8,120,8,138,138,12,150,288
03/29/2004,PUB,CO,ANM,WE,Combined TRACON& Tower with Radar,0,12,31,15,58,0,0,58,0,58,0,12,89,15,116,124,52,176,292
03/30/2004,PUB,CO,ANM,WE,Combined TRACON& Tower with Radar,0,15,38,28,81,2,2,69,0,73,2,17,107,28,154,134,44,178,332
03/31/2004,PUB,CO,ANM,WE,Combined TRACON& Tower with Radar,0,23,56,37,116,0,5,59,0,64,0,28,115,37,180,180,84,264,444
04/01/2004,PUB,CO,ANM,WE,Combined TRACON& Tower with Radar,0,16,45,31,92,0,0,53,26,79,0,16,98,57,171,74,110,184,355
04/02/2004,PUB,CO,ANM,WE,Combined TRACON& Tower with Radar,0,12,26,6,44,0,1,11,0,12,0,13,37,6,56,80,26,106,162
04/03/2004,PUB,CO,ANM,WE,Combined TRACON& Tower with Radar,0,8,19,10,37,0,5,9,0,14,0,13,28,10,51,66,4,70,121
04/04/2004,PUB,CO,ANM,WE,Combined TRACON& Tower with Radar,2,5,32,9,48,33,0,34,0,67,35,5,66,9,115,24,6,30,145
04/05/2004,PUB,CO,ANM,WE,Combined TRACON& Tower with Radar,0,11,25,10,46,0,14,36,0,50,0,25,61,10,96,108,44,152,248
04/06/2004,PUB,CO,ANM,WE,Combined TRACON& Tower with Radar,0,20,53,31,104,0,0,6,0,6,0,20,59,31,110,50,82,132,242
04/07/2004,PUB,CO,ANM,WE,Combined TRACON& Tower with Radar,0,14,33,22,69,0,0,19,4,23,0,14,52,26,92,40,60,100,192
04/08/2004,PUB,CO,ANM,WE,Combined TRACON& Tower with Radar,0,18,40,0,58,0,0,25,0,25,0,18,65,0,83,46,0,46,129
04/09/2004,PUB,CO,ANM,WE,Combined TRACON& Tower with Radar,2,16,36,4,58,0,2,10,0,12,2,18,46,4,70,48,44,92,162
04/10/2004,PUB,CO,ANM,WE,Combined TRACON& Tower with Radar,0,4,11,0,15,0,9,1,0,10,0,13,12,0,25,0,0,0,25
04/11/2004,PUB,CO,ANM,WE,Combined TRACON& Tower with Radar,0,4,13,4,21,0,0,26,0,26,0,4,39,4,47,28,2,30,77
04/12/2004,PUB,CO,ANM,WE,Combined TRACON& Tower with Radar,0,9,34,22,65,0,0,10,0,10,0,9,44,22,75,76,82,158,233
04/13/2004,PUB,CO,ANM,WE,Combined TRACON& Tower with Radar,0,22,51,22,95,0,0,19,0,19,0,22,70,22,114,130,82,212,326
04/14/2004,PUB,CO,ANM,WE,Combined TRACON& Tower with Radar,2,27,61,24,114,0,0,30,0,30,2,27,91,24,144,84,72,156,300
04/15/2004,PUB,CO,ANM,WE,Combined TRACON& Tower with Radar,0,17,35,24,76,0,6,77,31,114,0,23,112,55,190,98,102,200,390
04/16/2004,PUB,CO,ANM,WE,Combined TRACON& Tower with Radar,2,14,39,27,82,0,0,82,5,87,2,14,121,32,169,104,54,158,327
04/17/2004,PUB,CO,ANM,WE,Combined TRACON& Tower with Radar,0,8,27,18,53,0,0,61,0,61,0,8,88,18,114,50,44,94,208
04/18/2004,PUB,CO,ANM,WE,Combined TRACON& Tower with Radar,0,5,14,0,19,0,0,24,0,24,0,5,38,0,43,10,0,10,53
04/19/2004,PUB,CO,ANM,WE,Combined TRACON& Tower with Radar,1,10,23,12,46,1,0,50,0,51,2,10,73,12,97,48,24,72,169
04/20/2004,PUB,CO,ANM,WE,Combined TRACON& Tower with Radar,0,15,29,21,65,0,3,44,1,48,0,18,73,22,113,52,56,108,221
04/21/2004,PUB,CO,ANM,WE,Combined TRACON& Tower with Radar,0,14,44,31,89,0,0,37,13,50,0,14,81,44,139,40,82,122,261
04/22/2004,PUB,CO,ANM,WE,Combined TRACON& Tower with Radar,0,20,35,16,71,0,11,0,0,11,0,31,35,16,82,20,26,46,128
04/23/2004,PUB,CO,ANM,WE,Combined TRACON& Tower with Radar,0,3,6,0,9,0,5,0,0,5,0,8,6,0,14,0,0,0,14
04/24/2004,PUB,CO,ANM,WE,Combined TRACON& Tower with Radar,0,10,29,12,51,0,0,45,0,45,0,10,74,12,96,56,38,94,190
04/25/2004,PUB,CO,ANM,WE,Combined TRACON& Tower with Radar,1,11,27,14,53,1,0,21,0,22,2,11,48,14,75,52,36,88,163
04/26/2004,PUB,CO,ANM,WE,Combined TRACON& Tower with Radar,0,22,54,39,115,0,0,52,3,55,0,22,106,42,170,68,58,126,296
04/27/2004,PUB,CO,ANM,WE,Combined TRACON& Tower with Radar,0,15,38,15,68,0,0,44,0,44,0,15,82,15,112,56,60,116,228
04/28/2004,PUB,CO,ANM,WE,Combined TRACON& Tower with Radar,2,29,59,26,116,0,3,45,0,48,2,32,104,26,164,82,98,180,344
04/29/2004,PUB,CO,ANM,WE,Combined TRACON& Tower with Radar,1,15,29,5,50,1,7,21,0,29,2,22,50,5,79,58,34,92,171
04/30/2004,PUB,CO,ANM,WE,Combined TRACON& Tower with Radar,0,9,18,4,31,0,3,2,0,5,0,12,20,4,36,10,12,22,58
05/01/2004,PUB,CO,ANM,WE,Combined TRACON& Tower with Radar,1,9,42,29,81,1,0,58,9,68,2,9,100,38,149,94,86,180,329
05/02/2004,PUB,CO,ANM,WE,Combined TRACON& Tower with Radar,0,8,39,20,67,0,0,92,0,92,0,8,131,20,159,91,35,126,285
05/03/2004,PUB,CO,ANM,WE,Combined TRACON& Tower with Radar,0,13,38,25,76,0,0,63,13,76,0,13,101,38,152,112,38,150,302
05/04/2004,PUB,CO,ANM,WE,Combined TRACON& Tower with Radar,0,7,42,29,78,0,0,50,8,58,0,7,92,37,136,44,82,126,262
05/05/2004,PUB,CO,ANM,WE,Combined TRACON& Tower with Radar,0,15,41,28,84,0,5,38,1,44,0,20,79,29,128,80,70,150,278
05/06/2004,PUB,CO,ANM,WE,Combined TRACON& Tower with Radar,0,18,52,31,101,0,11,30,0,41,0,29,82,31,142,100,98,198,340
05/07/2004,PUB,CO,ANM,WE,Combined TRACON& Tower with Radar,1,10,33,2,46,1,0,79,0,80,2,10,112,2,126,104,4,108,234
05/08/2004,PUB,CO,ANM,WE,Combined TRACON& Tower with Radar,0,8,22,15,45,0,3,88,0,91,0,11,110,15,136,58,14,72,208
05/09/2004,PUB,CO,ANM,WE,Combined TRACON& Tower with Radar,0,8,33,4,45,0,0,53,0,53,0,8,86,4,98,49,0,49,147
05/10/2004,PUB,CO,ANM,WE,Combined TRACON& Tower with Radar,0,12,35,22,69,0,6,47,0,53,0,18,82,22,122,112,38,150,272
05/11/2004,PUB,CO,ANM,WE,Combined TRACON& Tower with Radar,1,10,28,12,51,1,10,0,0,11,2,20,28,12,62,40,66,106,168
05/12/2004,PUB,CO,ANM,WE,Combined TRACON& Tower with Radar,0,16,46,30,92,0,9,58,0,67,0,25,104,30,159,84,122,206,365
05/13/2004,PUB,CO,ANM,WE,Combined TRACON& Tower with Radar,0,17,48,23,88,0,0,5,0,5,0,17,53,23,93,52,52,104,197
05/14/2004,PUB,CO,ANM,WE,Combined TRACON& Tower with Radar,0,19,52,31,102,0,3,47,0,50,0,22,99,31,152,60,76,136,288
05/15/2004,PUB,CO,ANM,WE,Combined TRACON& Tower with Radar,0,5,33,22,60,0,0,73,7,80,0,5,106,29,140,100,51,151,291
05/16/2004,PUB,CO,ANM,WE,Combined TRACON& Tower with Radar,0,4,37,14,55,0,0,63,0,63,0,4,100,14,118,76,32,108,226
05/17/2004,PUB,CO,ANM,WE,Combined TRACON& Tower with Radar,0,13,34,19,66,0,1,62,0,63,0,14,96,19,129,62,44,106,235
05/18/2004,PUB,CO,ANM,WE,Combined TRACON& Tower with Radar,0,11,43,19,73,0,0,0,0,0,0,11,43,19,73,54,138,192,265
05/19/2004,PUB,CO,ANM,WE,Combined TRACON& Tower with Radar,1,9,21,16,47,1,14,55,6,76,2,23,76,22,123,110,16,126,249
05/20/2004,PUB,CO,ANM,WE,Combined TRACON& Tower with Radar,0,15,38,19,72,0,13,41,0,54,0,28,79,19,126,44,50,94,220
05/21/2004,PUB,CO,ANM,WE,Combined TRACON& Tower with Radar,1,9,46,33,89,1,0,19,13,33,2,9,65,46,122,30,104,134,256
05/22/2004,PUB,CO,ANM,WE,Combined TRACON& Tower with Radar,0,15,38,12,65,0,3,82,0,85,0,18,120,12,150,72,36,108,258
05/23/2004,PUB,CO,ANM,WE,Combined TRACON& Tower with Radar,0,18,46,16,80,0,1,100,0,101,0,19,146,16,181,72,72,144,325
05/24/2004,PUB,CO,ANM,WE,Combined TRACON& Tower with Radar,0,16,42,30,88,0,12,61,13,86,0,28,103,43,174,56,84,140,314
05/25/2004,PUB,CO,ANM,WE,Combined TRACON& Tower with Radar,0,13,33,24,70,0,7,35,1,43,0,20,68,25,113,66,40,106,219
05/26/2004,PUB,CO,ANM,WE,Combined TRACON& Tower with Radar,0,14,36,26,76,0,4,49,16,69,0,18,85,42,145,62,88,150,295
05/27/2004,PUB,CO,ANM,WE,Combined TRACON& Tower with Radar,0,16,42,10,68,0,0,42,0,42,0,16,84,10,110,122,60,182,292
05/28/2004,PUB,CO,ANM,WE,Combined TRACON& Tower with Radar,0,16,47,8,71,0,0,54,0,54,0,16,101,8,125,70,52,122,247
05/29/2004,PUB,CO,ANM,WE,Combined TRACON& Tower with Radar,0,6,26,0,32,14,0,46,0,60,14,6,72,0,92,42,0,42,134
05/30/2004,PUB,CO,ANM,WE,Combined TRACON& Tower with Radar,0,3,10,0,13,0,0,34,0,34,0,3,44,0,47,16,0,16,63
05/31/2004,PUB,CO,ANM,WE,Combined TRACON& Tower with Radar,0,13,35,0,48,0,2,95,0,97,0,15,130,0,145,154,0,154,299
06/01/2004,PUB,CO,ANM,WE,Combined TRACON& Tower with Radar,0,13,41,17,71,0,1,23,0,24,0,14,64,17,95,102,96,198,293
06/02/2004,PUB,CO,ANM,WE,Combined TRACON& Tower with Radar,0,9,29,15,53,0,8,23,12,43,0,17,52,27,96,34,56,90,186
06/03/2004,PUB,CO,ANM,WE,Combined TRACON& Tower with Radar,0,14,44,20,78,0,1,32,0,33,0,15,76,20,111,64,50,114,225
06/04/2004,PUB,CO,ANM,WE,Combined TRACON& Tower with Radar,2,10,34,10,56,2,4,38,0,44,4,14,72,10,100,38,20,58,158
06/05/2004,PUB,CO,ANM,WE,Combined TRACON& Tower with Radar,0,8,26,4,38,0,0,79,0,79,0,8,105,4,117,42,6,48,165
06/06/2004,PUB,CO,ANM,WE,Combined TRACON& Tower with Radar,0,13,42,19,74,0,3,14,0,17,0,16,56,19,91,76,12,88,179
06/07/2004,PUB,CO,ANM,WE,Combined TRACON& Tower with Radar,0,9,29,11,49,0,8,58,0,66,0,17,87,11,115,43,22,65,180
06/08/2004,PUB,CO,ANM,WE,Combined TRACON& Tower with Radar,2,12,40,20,74,0,4,59,12,75,2,16,99,32,149,42,200,242,391
06/09/2004,PUB,CO,ANM,WE,Combined TRACON& Tower with Radar,0,12,40,20,72,0,0,71,7,78,0,12,111,27,150,94,22,116,266
06/10/2004,PUB,CO,ANM,WE,Combined TRACON& Tower with Radar,2,13,43,22,80,0,9,34,21,64,2,22,77,43,144,20,136,156,300
06/11/2004,PUB,CO,ANM,WE,Combined TRACON& Tower with Radar,0,12,40,14,66,0,6,50,0,56,0,18,90,14,122,74,52,126,248
06/12/2004,PUB,CO,ANM,WE,Combined TRACON& Tower with Radar,0,4,25,6,35,0,0,83,0,83,0,4,108,6,118,82,6,88,206
06/13/2004,PUB,CO,ANM,WE,Combined TRACON& Tower with Radar,1,8,27,2,38,1,4,63,0,68,2,12,90,2,106,18,0,18,124
06/14/2004,PUB,CO,ANM,WE,Combined TRACON& Tower with Radar,2,13,49,23,87,1,0,39,0,40,3,13,88,23,127,38,34,72,199
06/15/2004,PUB,CO,ANM,WE,Combined TRACON& Tower with Radar,1,13,51,17,82,1,0,43,0,44,2,13,94,17,126,44,68,112,238
06/16/2004,PUB,CO,ANM,WE,Combined TRACON& Tower with Radar,0,8,35,19,62,0,0,7,22,29,0,8,42,41,91,14,48,62,153
06/17/2004,PUB,CO,ANM,WE,Combined TRACON& Tower with Radar,1,11,44,14,70,1,0,5,0,6,2,11,49,14,76,24,50,74,150
06/18/2004,PUB,CO,ANM,WE,Combined TRACON& Tower with Radar,0,11,32,0,43,2,2,2,0,6,2,13,34,0,49,2,0,2,51
06/19/2004,PUB,CO,ANM,WE,Combined TRACON& Tower with Radar,1,9,36,13,59,1,0,11,0,12,2,9,47,13,71,26,10,36,107
06/20/2004,PUB,CO,ANM,WE,Combined TRACON& Tower with Radar,0,8,28,0,36,0,0,48,0,48,0,8,76,0,84,8,0,8,92
06/21/2004,PUB,CO,ANM,WE,Combined TRACON& Tower with Radar,1,12,36,10,59,5,2,12,0,19,6,14,48,10,78,32,28,60,138
06/22/2004,PUB,CO,ANM,WE,Combined TRACON& Tower with Radar,1,14,50,25,90,1,0,65,0,66,2,14,115,25,156,120,80,200,356
06/23/2004,PUB,CO,ANM,WE,Combined TRACON& Tower with Radar,1,15,43,23,82,1,7,55,13,76,2,22,98,36,158,126,94,220,378
06/24/2004,PUB,CO,ANM,WE,Combined TRACON& Tower with Radar,0,11,43,20,74,0,0,33,0,33,0,11,76,20,107,76,114,190,297
06/25/2004,PUB,CO,ANM,WE,Combined TRACON& Tower with Radar,0,10,30,10,50,0,5,23,0,28,0,15,53,10,78,80,42,122,200
06/26/2004,PUB,CO,ANM,WE,Combined TRACON& Tower with Radar,0,4,24,6,34,3,0,48,0,51,3,4,72,6,85,91,34,125,210
06/27/2004,PUB,CO,ANM,WE,Combined TRACON& Tower with Radar,0,9,33,9,51,3,0,63,0,66,3,9,96,9,117,56,32,88,205
06/28/2004,PUB,CO,ANM,WE,Combined TRACON& Tower with Radar,0,12,51,26,89,0,0,33,6,39,0,12,84,32,128,42,69,111,239
06/29/2004,PUB,CO,ANM,WE,Combined TRACON& Tower with Radar,1,13,40,15,69,1,2,64,0,67,2,15,104,15,136,40,14,54,190
06/30/2004,PUB,CO,ANM,WE,Combined TRACON& Tower with Radar,0,15,49,25,89,0,0,6,11,17,0,15,55,36,106,14,24,38,144
07/01/2004,PUB,CO,ANM,WE,Combined TRACON& Tower with Radar,0,15,48,23,86,0,0,89,3,92,0,15,137,26,178,108,56,164,342
07/02/2004,PUB,CO,ANM,WE,Combined TRACON& Tower with Radar,2,14,59,7,82,0,0,64,0,64,2,14,123,7,146,80,12,92,238
07/03/2004,PUB,CO,ANM,WE,Combined TRACON& Tower with Radar,0,5,23,3,31,0,0,113,0,113,0,5,136,3,144,78,0,78,222
07/04/2004,PUB,CO,ANM,WE,Combined TRACON& Tower with Radar,0,4,16,0,20,0,2,69,0,71,0,6,85,0,91,44,0,44,135
07/05/2004,PUB,CO,ANM,WE,Combined TRACON& Tower with Radar,0,11,41,14,66,0,0,79,0,79,0,11,120,14,145,92,24,116,261
07/06/2004,PUB,CO,ANM,WE,Combined TRACON& Tower with Radar,0,15,48,23,86,0,4,43,18,65,0,19,91,41,151,100,90,190,341
07/07/2004,PUB,CO,ANM,WE,Combined TRACON& Tower with Radar,2,21,66,19,108,2,9,72,0,83,4,30,138,19,191,52,42,94,285
07/08/2004,PUB,CO,ANM,WE,Combined TRACON& Tower with Radar,0,15,57,23,95,0,0,45,0,45,0,15,102,23,140,82,82,164,304
07/09/2004,PUB,CO,ANM,WE,Combined TRACON& Tower with Radar,2,11,37,14,64,0,3,47,0,50,2,14,84,14,114,62,26,88,202
07/10/2004,PUB,CO,ANM,WE,Combined TRACON& Tower with Radar,1,4,38,2,45,0,0,71,0,71,1,4,109,2,116,85,12,97,213
07/11/2004,PUB,CO,ANM,WE,Combined TRACON& Tower with Radar,1,8,40,6,55,0,0,102,0,102,1,8,142,6,157,76,16,92,249
07/12/2004,PUB,CO,ANM,WE,Combined TRACON& Tower with Radar,0,23,74,32,129,0,7,42,0,49,0,30,116,32,178,82,100,182,360
07/13/2004,PUB,CO,ANM,WE,Combined TRACON& Tower with Radar,0,15,48,14,77,0,9,78,0,87,0,24,126,14,164,48,46,94,258
07/14/2004,PUB,CO,ANM,WE,Combined TRACON& Tower with Radar,1,16,51,14,82,1,4,39,0,44,2,20,90,14,126,64,26,90,216
07/15/2004,PUB,CO,ANM,WE,Combined TRACON& Tower with Radar,0,15,49,8,72,0,5,48,0,53,0,20,97,8,125,50,24,74,199
07/16/2004,PUB,CO,ANM,WE,Combined TRACON& Tower with Radar,0,12,35,10,57,0,8,50,0,58,0,20,85,10,115,50,10,60,175
07/17/2004,PUB,CO,ANM,WE,Combined TRACON& Tower with Radar,0,20,64,14,98,0,0,39,0,39,0,20,103,14,137,72,38,110,247
07/18/2004,PUB,CO,ANM,WE,Combined TRACON& Tower with Radar,0,8,42,10,60,0,0,66,0,66,0,8,108,10,126,58,6,64,190
07/19/2004,PUB,CO,ANM,WE,Combined TRACON& Tower with Radar,1,15,47,8,71,1,0,47,0,48,2,15,94,8,119,68,44,112,231
07/20/2004,PUB,CO,ANM,WE,Combined TRACON& Tower with Radar,0,16,48,25,89,0,1,14,6,21,0,17,62,31,110,76,122,198,308
07/21/2004,PUB,CO,ANM,WE,Combined TRACON& Tower with Radar,0,12,41,21,74,0,0,53,7,60,0,12,94,28,134,74,78,152,286
07/22/2004,PUB,CO,ANM,WE,Combined TRACON& Tower with Radar,1,15,55,28,99,15,0,42,4,61,16,15,97,32,160,48,142,190,350
07/23/2004,PUB,CO,ANM,WE,Combined TRACON& Tower with Radar,1,18,55,6,80,1,1,18,0,20,2,19,73,6,100,48,0,48,148
07/24/2004,PUB,CO,ANM,WE,Combined TRACON& Tower with Radar,1,15,45,12,73,1,0,0,0,1,2,15,45,12,74,56,30,86,160
07/25/2004,PUB,CO,ANM,WE,Combined TRACON& Tower with Radar,1,15,45,4,65,1,4,55,0,60,2,19,100,4,125,52,4,56,181
07/26/2004,PUB,CO,ANM,WE,Combined TRACON& Tower with Radar,0,16,50,26,92,0,0,30,0,30,0,16,80,26,122,40,30,70,192
07/27/2004,PUB,CO,ANM,WE,Combined TRACON& Tower with Radar,0,17,50,25,92,0,1,45,0,46,0,18,95,25,138,74,118,192,330
07/28/2004,PUB,CO,ANM,WE,Combined TRACON& Tower with Radar,1,16,47,24,88,3,2,51,17,73,4,18,98,41,161,86,56,142,303
07/29/2004,PUB,CO,ANM,WE,Combined TRACON& Tower with Radar,0,17,49,25,91,0,2,23,7,32,0,19,72,32,123,78,122,200,323
07/30/2004,PUB,CO,ANM,WE,Combined TRACON& Tower with Radar,1,15,46,24,86,1,5,51,0,57,2,20,97,24,143,68,56,124,267
07/31/2004,PUB,CO,ANM,WE,Combined TRACON& Tower with Radar,0,15,47,15,77,0,0,97,0,97,0,15,144,15,174,40,15,55,229
08/01/2004,PUB,CO,ANM,WE,Combined TRACON& Tower with Radar,2,12,44,8,66,2,0,88,0,90,4,12,132,8,156,112,14,126,282
08/02/2004,PUB,CO,ANM,WE,Combined TRACON& Tower with Radar,0,14,46,27,87,0,0,46,4,50,0,14,92,31,137,82,48,130,267
08/03/2004,PUB,CO,ANM,WE,Combined TRACON& Tower with Radar,0,12,35,19,66,0,1,65,0,66,0,13,100,19,132,40,38,78,210
08/04/2004,PUB,CO,ANM,WE,Combined TRACON& Tower with Radar,0,20,60,18,98,0,10,16,0,26,0,30,76,18,124,108,36,144,268
08/05/2004,PUB,CO,ANM,WE,Combined TRACON& Tower with Radar,2,19,57,13,91,2,27,13,0,42,4,46,70,13,133,20,20,40,173
08/06/2004,PUB,CO,ANM,WE,Combined TRACON& Tower with Radar,1,15,49,13,78,0,0,32,0,32,1,15,81,13,110,50,26,76,186
08/07/2004,PUB,CO,ANM,WE,Combined TRACON& Tower with Radar,1,14,43,5,63,0,1,33,0,34,1,15,76,5,97,64,12,76,173
08/08/2004,PUB,CO,ANM,WE,Combined TRACON& Tower with Radar,2,15,45,24,86,0,0,25,0,25,2,15,70,24,111,30,52,82,193
08/09/2004,PUB,CO,ANM,WE,Combined TRACON& Tower with Radar,2,13,49,23,87,3,0,13,0,16,5,13,62,23,103,42,78,120,223
08/10/2004,PUB,CO,ANM,WE,Combined TRACON& Tower with Radar,2,13,51,29,95,0,0,17,2,19,2,13,68,31,114,38,60,98,212
08/11/2004,PUB,CO,ANM,WE,Combined TRACON& Tower with Radar,1,14,41,13,69,1,0,25,0,26,2,14,66,13,95,32,46,78,173
08/12/2004,PUB,CO,ANM,WE,Combined TRACON& Tower with Radar,0,11,39,22,72,0,0,29,2,31,0,11,68,24,103,68,64,132,235
08/13/2004,PUB,CO,ANM,WE,Combined TRACON& Tower with Radar,2,10,44,16,72,3,0,72,0,75,5,10,116,16,147,126,64,190,337
08/14/2004,PUB,CO,ANM,WE,Combined TRACON& Tower with Radar,1,10,29,7,47,0,0,60,0,60,1,10,89,7,107,94,10,104,211
08/15/2004,PUB,CO,ANM,WE,Combined TRACON& Tower with Radar,0,16,47,2,65,0,8,51,0,59,0,24,98,2,124,92,6,98,222
08/16/2004,PUB,CO,ANM,WE,Combined TRACON& Tower with Radar,0,10,31,13,54,0,4,60,0,64,0,14,91,13,118,92,38,130,248
08/17/2004,PUB,CO,ANM,WE,Combined TRACON& Tower with Radar,0,12,35,15,62,0,0,34,0,34,0,12,69,15,96,108,36,144,240
08/18/2004,PUB,CO,ANM,WE,Combined TRACON& Tower with Radar,1,20,54,19,94,1,1,6,0,8,2,21,60,19,102,72,30,102,204
08/19/2004,PUB,CO,ANM,WE,Combined TRACON& Tower with Radar,0,14,34,7,55,0,1,0,0,1,0,15,34,7,56,14,2,16,72
08/20/2004,PUB,CO,ANM,WE,Combined TRACON& Tower with Radar,0,15,44,16,75,0,0,26,0,26,0,15,70,16,101,46,50,96,197
08/21/2004,PUB,CO,ANM,WE,Combined TRACON& Tower with Radar,0,11,30,11,52,0,3,45,0,48,0,14,75,11,100,55,18,73,173
08/22/2004,PUB,CO,ANM,WE,Combined TRACON& Tower with Radar,0,9,26,8,43,0,0,74,0,74,0,9,100,8,117,76,26,102,219
08/23/2004,PUB,CO,ANM,WE,Combined TRACON& Tower with Radar,0,16,44,27,87,0,3,44,7,54,0,19,88,34,141,68,57,125,266
08/24/2004,PUB,CO,ANM,WE,Combined TRACON& Tower with Radar,0,10,56,33,99,0,0,49,19,68,0,10,105,52,167,84,82,166,333
08/25/2004,PUB,CO,ANM,WE,Combined TRACON& Tower with Radar,0,21,57,24,102,0,8,28,0,36,0,29,85,24,138,52,96,148,286
08/26/2004,PUB,CO,ANM,WE,Combined TRACON& Tower with Radar,1,18,50,30,99,1,19,66,5,91,2,37,116,35,190,120,116,236,426
08/27/2004,PUB,CO,ANM,WE,Combined TRACON& Tower with Radar,0,18,50,14,82,0,13,25,0,38,0,31,75,14,120,40,48,88,208
08/28/2004,PUB,CO,ANM,WE,Combined TRACON& Tower with Radar,0,14,38,20,72,0,4,76,0,80,0,18,114,20,152,152,66,218,370
08/29/2004,PUB,CO,ANM,WE,Combined TRACON& Tower with Radar,0,4,35,14,53,2,0,93,0,95,2,4,128,14,148,126,66,192,340
08/30/2004,PUB,CO,ANM,WE,Combined TRACON& Tower with Radar,0,11,40,21,72,0,0,49,0,49,0,11,89,21,121,112,32,144,265
08/31/2004,PUB,CO,ANM,WE,Combined TRACON& Tower with Radar,0,8,33,17,58,0,0,51,0,51,0,8,84,17,109,62,38,100,209
09/01/2004,PUB,CO,ANM,WE,Combined TRACON& Tower with Radar,0,13,50,17,80,0,5,64,0,69,0,18,114,17,149,102,62,164,313
09/02/2004,PUB,CO,ANM,WE,Combined TRACON& Tower with Radar,1,12,45,19,77,1,2,63,0,66,2,14,108,19,143,100,50,150,293
09/03/2004,PUB,CO,ANM,WE,Combined TRACON& Tower with Radar,0,9,47,26,82,0,0,53,0,53,0,9,100,26,135,54,80,134,269
09/04/2004,PUB,CO,ANM,WE,Combined TRACON& Tower with Radar,0,6,26,0,32,0,15,29,0,44,0,21,55,0,76,47,0,47,123
09/05/2004,PUB,CO,ANM,WE,Combined TRACON& Tower with Radar,0,5,22,6,33,0,0,52,0,52,0,5,74,6,85,46,20,66,151
09/06/2004,PUB,CO,ANM,WE,Combined TRACON& Tower with Radar,0,10,40,10,60,0,9,99,0,108,0,19,139,10,168,208,14,222,390
09/07/2004,PUB,CO,ANM,WE,Combined TRACON& Tower with Radar,0,17,67,38,122,0,0,16,13,29,0,17,83,51,151,96,94,190,341
09/08/2004,PUB,CO,ANM,WE,Combined TRACON& Tower with Radar,1,24,87,36,148,0,0,0,0,0,1,24,87,36,148,100,80,180,328
09/09/2004,PUB,CO,ANM,WE,Combined TRACON& Tower with Radar,2,19,80,26,127,5,0,31,0,36,7,19,111,26,163,104,64,168,331
09/10/2004,PUB,CO,ANM,WE,Combined TRACON& Tower with Radar,0,13,53,30,96,0,5,28,18,51,0,18,81,48,147,90,76,166,313
09/11/2004,PUB,CO,ANM,WE,Combined TRACON& Tower with Radar,0,11,42,14,67,0,1,58,0,59,0,12,100,14,126,102,40,142,268
09/12/2004,PUB,CO,ANM,WE,Combined TRACON& Tower with Radar,0,4,32,12,48,0,0,78,0,78,0,4,110,12,126,26,16,42,168
09/13/2004,PUB,CO,ANM,WE,Combined TRACON& Tower with Radar,0,11,50,20,81,0,0,38,0,38,0,11,88,20,119,70,46,116,235
09/14/2004,PUB,CO,ANM,WE,Combined TRACON& Tower with Radar,0,12,46,15,73,0,0,34,0,34,0,12,80,15,107,92,44,136,243
09/15/2004,PUB,CO,ANM,WE,Combined TRACON& Tower with Radar,0,10,38,21,69,0,3,35,9,47,0,13,73,30,116,72,36,108,224
09/16/2004,PUB,CO,ANM,WE,Combined TRACON& Tower with Radar,0,15,58,32,105,0,5,30,1,36,0,20,88,33,141,48,66,114,255
09/17/2004,PUB,CO,ANM,WE,Combined TRACON& Tower with Radar,0,11,44,24,79,0,1,50,2,53,0,12,94,26,132,84,20,104,236
09/18/2004,PUB,CO,ANM,WE,Combined TRACON& Tower with Radar,1,10,36,10,57,1,3,80,0,84,2,13,116,10,141,50,40,90,231
09/19/2004,PUB,CO,ANM,WE,Combined TRACON& Tower with Radar,1,8,39,4,52,3,0,35,0,38,4,8,74,4,90,50,40,90,180
09/20/2004,PUB,CO,ANM,WE,Combined TRACON& Tower with Radar,0,9,33,12,54,0,1,13,0,14,0,10,46,12,68,8,26,34,102
09/21/2004,PUB,CO,ANM,WE,Combined TRACON& Tower with Radar,0,9,33,12,54,0,1,13,0,14,0,10,46,12,68,8,29,37,105
09/22/2004,PUB,CO,ANM,WE,Combined TRACON& Tower with Radar,0,14,48,34,96,2,0,0,11,13,2,14,48,45,109,30,102,132,241
09/23/2004,PUB,CO,ANM,WE,Combined TRACON& Tower with Radar,0,13,58,28,99,0,0,45,0,45,0,13,103,28,144,112,98,210,354
09/24/2004,PUB,CO,ANM,WE,Combined TRACON& Tower with Radar,0,10,45,22,77,0,0,33,0,33,0,10,78,22,110,22,44,66,176
09/25/2004,PUB,CO,ANM,WE,Combined TRACON& Tower with Radar,0,8,46,5,59,0,0,73,0,73,0,8,119,5,132,88,18,106,238
09/26/2004,PUB,CO,ANM,WE,Combined TRACON& Tower with Radar,0,4,37,10,51,0,0,92,0,92,0,4,129,10,143,78,22,100,243
09/27/2004,PUB,CO,ANM,WE,Combined TRACON& Tower with Radar,0,9,33,20,62,0,0,15,19,34,0,9,48,39,96,56,52,108,204
09/28/2004,PUB,CO,ANM,WE,Combined TRACON& Tower with Radar,0,14,51,27,92,2,9,3,0,14,2,23,54,27,106,28,50,78,184
09/29/2004,PUB,CO,ANM,WE,Combined TRACON& Tower with Radar,0,16,57,33,106,2,3,16,0,21,2,19,73,33,127,62,76,138,265
09/30/2004,PUB,CO,ANM,WE,Combined TRACON& Tower with Radar,0,13,46,16,75,2,8,26,0,36,2,21,72,16,111,42,50,92,203
10/01/2004,PUB,CO,ANM,WE,Combined TRACON& Tower with Radar,0,14,34,0,48,0,0,5,14,19,0,14,39,14,67,52,18,70,137
10/02/2004,PUB,CO,ANM,WE,Combined TRACON& Tower with Radar,0,13,54,23,90,0,2,72,0,74,0,15,126,23,164,108,42,150,314
10/03/2004,PUB,CO,ANM,WE,Combined TRACON& Tower with Radar,0,8,18,10,36,0,4,70,0,74,0,12,88,10,110,70,16,86,196
10/04/2004,PUB,CO,ANM,WE,Combined TRACON& Tower with Radar,0,8,67,18,93,0,0,0,0,0,0,8,67,18,93,20,65,85,178
10/05/2004,PUB,CO,ANM,WE,Combined TRACON& Tower with Radar,0,13,27,26,66,0,0,10,12,22,0,13,37,38,88,58,82,140,228
10/06/2004,PUB,CO,ANM,WE,Combined TRACON& Tower with Radar,0,12,47,41,100,0,0,5,0,5,0,12,52,41,105,40,86,126,231
10/07/2004,PUB,CO,ANM,WE,Combined TRACON& Tower with Radar,0,8,52,20,80,0,0,53,0,53,0,8,105,20,133,76,54,130,263
10/08/2004,PUB,CO,ANM,WE,Combined TRACON& Tower with Radar,2,14,60,20,96,0,2,30,0,32,2,16,90,20,128,64,70,134,262
10/09/2004,PUB,CO,ANM,WE,Combined TRACON& Tower with Radar,0,14,50,6,70,0,1,77,4,82,0,15,127,10,152,112,16,128,280
10/10/2004,PUB,CO,ANM,WE,Combined TRACON& Tower with Radar,2,6,35,10,53,0,0,55,0,55,2,6,90,10,108,28,26,54,162
10/11/2004,PUB,CO,ANM,WE,Combined TRACON& Tower with Radar,0,6,31,3,40,0,0,22,0,22,0,6,53,3,62,140,2,142,204
10/12/2004,PUB,CO,ANM,WE,Combined TRACON& Tower with Radar,0,11,17,15,43,0,1,41,8,50,0,12,58,23,93,46,42,88,181
10/13/2004,PUB,CO,ANM,WE,Combined TRACON& Tower with Radar,0,13,30,19,62,0,0,10,5,15,0,13,40,24,77,70,46,116,193
10/14/2004,PUB,CO,ANM,WE,Combined TRACON& Tower with Radar,4,10,40,25,79,0,0,20,1,21,4,10,60,26,100,16,38,54,154
10/15/2004,PUB,CO,ANM,WE,Combined TRACON& Tower with Radar,0,21,51,20,92,0,2,22,3,27,0,23,73,23,119,68,36,104,223
10/16/2004,PUB,CO,ANM,WE,Combined TRACON& Tower with Radar,0,9,26,20,55,0,0,49,0,49,0,9,75,20,104,58,56,114,218
10/17/2004,PUB,CO,ANM,WE,Combined TRACON& Tower with Radar,0,8,47,14,69,0,0,33,0,33,0,8,80,14,102,52,22,74,176
10/18/2004,PUB,CO,ANM,WE,Combined TRACON& Tower with Radar,0,11,67,35,113,0,0,13,0,13,0,11,80,35,126,610,126,736,862
10/19/2004,PUB,CO,ANM,WE,Combined TRACON& Tower with Radar,0,14,43,43,100,0,0,36,10,46,0,14,79,53,146,46,100,146,292
10/20/2004,PUB,CO,ANM,WE,Combined TRACON& Tower with Radar,0,9,34,35,78,0,0,44,23,67,0,9,78,58,145,100,96,196,341
10/21/2004,PUB,CO,ANM,WE,Combined TRACON& Tower with Radar,0,11,25,28,64,0,0,29,0,29,0,11,54,28,93,58,126,184,277
10/22/2004,PUB,CO,ANM,WE,Combined TRACON& Tower with Radar,2,17,28,19,66,0,2,9,0,11,2,19,37,19,77,6,76,82,159
10/23/2004,PUB,CO,ANM,WE,Combined TRACON& Tower with Radar,4,27,56,8,95,0,2,102,4,108,4,29,158,12,203,74,32,106,309
10/24/2004,PUB,CO,ANM,WE,Combined TRACON& Tower with Radar,0,8,44,8,60,0,0,55,0,55,0,8,99,8,115,112,8,120,235
10/25/2004,PUB,CO,ANM,WE,Combined TRACON& Tower with Radar,0,10,42,24,76,0,1,12,0,13,0,11,54,24,89,880,86,966,1055
10/26/2004,PUB,CO,ANM,WE,Combined TRACON& Tower with Radar,0,20,45,84,149,0,0,72,3,75,0,20,117,87,224,86,160,246,470
10/27/2004,PUB,CO,ANM,WE,Combined TRACON& Tower with Radar,0,17,44,54,115,0,3,34,0,37,0,20,78,54,152,24,144,168,320
10/28/2004,PUB,CO,ANM,WE,Combined TRACON& Tower with Radar,0,18,50,20,88,0,1,32,11,44,0,19,82,31,132,86,58,144,276
10/29/2004,PUB,CO,ANM,WE,Combined TRACON& Tower with Radar,0,19,25,6,50,0,2,6,0,8,0,21,31,6,58,26,14,40,98
10/30/2004,PUB,CO,ANM,WE,Combined TRACON& Tower with Radar,0,8,40,19,67,0,5,99,13,117,0,13,139,32,184,124,34,158,342
10/31/2004,PUB,CO,ANM,WE,Combined TRACON& Tower with Radar,0,4,16,4,24,0,4,156,2,162,0,8,172,6,186,72,20,92,278
11/01/2004,PUB,CO,ANM,WE,Combined TRACON& Tower with Radar,0,10,28,4,42,0,0,6,0,6,0,10,34,4,48,2,8,10,58
11/02/2004,PUB,CO,ANM,WE,Combined TRACON& Tower with Radar,0,12,51,56,119,0,4,4,0,8,0,16,55,56,127,64,124,188,315
11/03/2004,PUB,CO,ANM,WE,Combined TRACON& Tower with Radar,0,8,44,57,109,0,1,44,0,45,0,9,88,57,154,90,192,282,436
11/04/2004,PUB,CO,ANM,WE,Combined TRACON& Tower with Radar,0,8,33,32,73,0,4,47,6,57,0,12,80,38,130,82,98,180,310
11/05/2004,PUB,CO,ANM,WE,Combined TRACON& Tower with Radar,2,17,34,34,87,0,2,56,0,58,2,19,90,34,145,64,116,180,325
11/06/2004,PUB,CO,ANM,WE,Combined TRACON& Tower with Radar,0,9,39,32,80,0,6,130,0,136,0,15,169,32,216,178,50,228,444
11/07/2004,PUB,CO,ANM,WE,Combined TRACON& Tower with Radar,0,4,45,14,63,0,0,75,0,75,0,4,120,14,138,128,58,186,324
11/08/2004,PUB,CO,ANM,WE,Combined TRACON& Tower with Radar,0,13,33,41,87,0,0,0,0,0,0,13,33,41,87,620,106,726,813
11/09/2004,PUB,CO,ANM,WE,Combined TRACON& Tower with Radar,0,18,30,42,90,1,5,42,0,48,1,23,72,42,138,460,164,624,762
11/10/2004,PUB,CO,ANM,WE,Combined TRACON& Tower with Radar,0,19,8,9,36,0,0,2,0,2,0,19,10,9,38,0,26,26,64
11/11/2004,PUB,CO,ANM,WE,Combined TRACON& Tower with Radar,0,13,35,2,50,0,0,46,17,63,0,13,81,19,113,65,5,70,183
11/12/2004,PUB,CO,ANM,WE,Combined TRACON& Tower with Radar,0,10,82,2,94,0,2,14,6,22,0,12,96,8,116,100,4,104,220
11/13/2004,PUB,CO,ANM,WE,Combined TRACON& Tower with Radar,0,7,7,0,14,0,0,0,0,0,0,7,7,0,14,0,2,2,16
11/14/2004,PUB,CO,ANM,WE,Combined TRACON& Tower with Radar,0,8,62,2,72,0,0,6,0,6,0,8,68,2,78,98,0,98,176
11/15/2004,PUB,CO,ANM,WE,Combined TRACON& Tower with Radar,0,8,45,22,75,0,0,71,22,93,0,8,116,44,168,570,49,619,787
11/16/2004,PUB,CO,ANM,WE,Combined TRACON& Tower with Radar,0,25,55,47,127,0,0,36,18,54,0,25,91,65,181,96,98,194,375
11/17/2004,PUB,CO,ANM,WE,Combined TRACON& Tower with Radar,0,18,57,53,128,0,3,43,0,46,0,21,100,53,174,56,98,154,328
11/18/2004,PUB,CO,ANM,WE,Combined TRACON& Tower with Radar,0,22,69,55,146,0,0,28,7,35,0,22,97,62,181,85,146,231,412
11/19/2004,PUB,CO,ANM,WE,Combined TRACON& Tower with Radar,2,10,42,16,70,218,2,37,21,278,220,12,79,37,348,74,64,138,486
11/20/2004,PUB,CO,ANM,WE,Combined TRACON& Tower with Radar,0,6,15,12,33,0,0,0,0,0,0,6,15,12,33,10,10,20,53
11/21/2004,PUB,CO,ANM,WE,Combined TRACON& Tower with Radar,0,6,18,2,26,0,0,8,0,8,0,6,26,2,34,6,0,6,40
11/22/2004,PUB,CO,ANM,WE,Combined TRACON& Tower with Radar,0,8,59,60,127,0,0,15,0,15,0,8,74,60,142,520,152,672,814
11/23/2004,PUB,CO,ANM,WE,Combined TRACON& Tower with Radar,0,27,23,58,108,0,0,26,2,28,0,27,49,60,136,72,174,246,382
11/24/2004,PUB,CO,ANM,WE,Combined TRACON& Tower with Radar,0,20,48,18,86,0,1,51,0,52,0,21,99,18,138,42,68,110,248
11/25/2004,PUB,CO,ANM,WE,Combined TRACON& Tower with Radar,0,6,9,0,15,0,1,23,0,24,0,7,32,0,39,8,0,8,47
11/26/2004,PUB,CO,ANM,WE,Combined TRACON& Tower with Radar,0,18,19,0,37,0,1,20,2,23,0,19,39,2,60,42,8,50,110
11/27/2004,PUB,CO,ANM,WE,Combined TRACON& Tower with Radar,0,21,45,0,66,0,0,32,0,32,0,21,77,0,98,74,0,74,172
11/28/2004,PUB,CO,ANM,WE,Combined TRACON& Tower with Radar,0,8,10,0,18,0,0,0,0,0,0,8,10,0,18,10,0,10,28
11/29/2004,PUB,CO,ANM,WE,Combined TRACON& Tower with Radar,0,7,20,14,41,0,0,5,6,11,0,7,25,20,52,60,55,115,167
11/30/2004,PUB,CO,ANM,WE,Combined TRACON& Tower with Radar,2,29,41,24,96,0,0,36,27,63,2,29,77,51,159,60,114,174,333
12/01/2004,PUB,CO,ANM,WE,Combined TRACON& Tower with Radar,0,10,19,47,76,0,3,38,0,41,0,13,57,47,117,36,122,158,275
12/02/2004,PUB,CO,ANM,WE,Combined TRACON& Tower with Radar,0,20,35,22,77,0,0,56,10,66,0,20,91,32,143,76,66,142,285
12/03/2004,PUB,CO,ANM,WE,Combined TRACON& Tower with Radar,0,13,49,60,122,0,2,41,0,43,0,15,90,60,165,34,58,92,257
12/04/2004,PUB,CO,ANM,WE,Combined TRACON& Tower with Radar,0,8,52,9,69,0,0,92,22,114,0,8,144,31,183,84,12,96,279
12/05/2004,PUB,CO,ANM,WE,Combined TRACON& Tower with Radar,2,9,48,12,71,0,0,40,0,40,2,9,88,12,111,66,22,88,199
12/06/2004,PUB,CO,ANM,WE,Combined TRACON& Tower with Radar,0,8,54,32,94,1,0,22,0,23,1,8,76,32,117,45,72,117,234
12/07/2004,PUB,CO,ANM,WE,Combined TRACON& Tower with Radar,0,20,39,21,80,0,0,38,19,57,0,20,77,40,137,76,72,148,285
12/08/2004,PUB,CO,ANM,WE,Combined TRACON& Tower with Radar,0,14,30,38,82,0,0,25,0,25,0,14,55,38,107,36,80,116,223
12/09/2004,PUB,CO,ANM,WE,Combined TRACON& Tower with Radar,4,10,30,19,63,0,1,18,2,21,4,11,48,21,84,46,22,68,152
12/10/2004,PUB,CO,ANM,WE,Combined TRACON& Tower with Radar,0,12,29,45,86,0,2,60,0,62,0,14,89,45,148,32,114,146,294
12/11/2004,PUB,CO,ANM,WE,Combined TRACON& Tower with Radar,0,8,52,10,70,0,6,56,0,62,0,14,108,10,132,68,48,116,248
12/12/2004,PUB,CO,ANM,WE,Combined TRACON& Tower with Radar,0,20,46,10,76,0,0,42,0,42,0,20,88,10,118,134,58,192,310
12/13/2004,PUB,CO,ANM,WE,Combined TRACON& Tower with Radar,0,10,52,59,121,0,0,2,0,2,0,10,54,59,123,56,92,148,271
12/14/2004,PUB,CO,ANM,WE,Combined TRACON& Tower with Radar,3,15,30,29,77,0,0,51,21,72,3,15,81,50,149,58,106,164,313
12/15/2004,PUB,CO,ANM,WE,Combined TRACON& Tower with Radar,0,25,45,27,97,2,0,19,0,21,2,25,64,27,118,24,94,118,236
12/16/2004,PUB,CO,ANM,WE,Combined TRACON& Tower with Radar,0,19,31,12,62,0,0,29,11,40,0,19,60,23,102,34,60,94,196
12/17/2004,PUB,CO,ANM,WE,Combined TRACON& Tower with Radar,0,23,73,29,125,0,3,32,0,35,0,26,105,29,160,84,72,156,316
12/18/2004,PUB,CO,ANM,WE,Combined TRACON& Tower with Radar,2,14,52,13,81,0,2,85,23,110,2,16,137,36,191,86,54,140,331
12/19/2004,PUB,CO,ANM,WE,Combined TRACON& Tower with Radar,0,9,48,0,57,0,5,69,6,80,0,14,117,6,137,90,18,108,245
12/20/2004,PUB,CO,ANM,WE,Combined TRACON& Tower with Radar,0,8,29,22,59,0,8,14,0,22,0,16,43,22,81,8,172,180,261
12/21/2004,PUB,CO,ANM,WE,Combined TRACON& Tower with Radar,0,17,39,39,95,0,0,9,0,9,0,17,48,39,104,30,96,126,230
12/22/2004,PUB,CO,ANM,WE,Combined TRACON& Tower with Radar,0,13,9,0,22,0,0,0,0,0,0,13,9,0,22,0,0,0,22
12/23/2004,PUB,CO,ANM,WE,Combined TRACON& Tower with Radar,0,18,14,13,45,0,3,14,0,17,0,21,28,13,62,0,6,6,68
12/24/2004,PUB,CO,ANM,WE,Combined TRACON& Tower with Radar,0,10,16,0,26,0,0,16,2,18,0,10,32,2,44,18,1,19,63
12/25/2004,PUB,CO,ANM,WE,Combined TRACON& Tower with Radar,0,5,7,0,12,0,1,14,0,15,0,6,21,0,27,34,0,34,61
12/26/2004,PUB,CO,ANM,WE,Combined TRACON& Tower with Radar,0,8,46,0,54,0,6,58,0,64,0,14,104,0,118,68,0,68,186
12/27/2004,PUB,CO,ANM,WE,Combined TRACON& Tower with Radar,0,8,55,8,71,0,0,21,0,21,0,8,76,8,92,740,27,767,859
12/28/2004,PUB,CO,ANM,WE,Combined TRACON& Tower with Radar,0,10,42,19,71,0,0,56,15,71,0,10,98,34,142,48,78,126,268
12/29/2004,PUB,CO,ANM,WE,Combined TRACON& Tower with Radar,0,16,31,31,78,0,1,15,0,16,0,17,46,31,94,42,38,80,174
12/30/2004,PUB,CO,ANM,WE,Combined TRACON& Tower with Radar,0,12,27,0,39,0,0,16,0,16,0,12,43,0,55,27,0,27,82
12/31/2004,PUB,CO,ANM,WE,Combined TRACON& Tower with Radar,0,15,19,0,34,0,0,66,0,66,0,15,85,0,100,54,0,54,154
01/01/2005,PUB,CO,ANM,WE,Combined TRACON& Tower with Radar,0,11,28,0,39,0,2,44,2,48,0,13,72,2,87,44,4,48,135
01/02/2005,PUB,CO,ANM,WE,Combined TRACON& Tower with Radar,0,5,70,7,82,0,4,58,1,63,0,9,128,8,145,114,0,114,259
01/03/2005,PUB,CO,ANM,WE,Combined TRACON& Tower with Radar,0,12,30,6,48,3,4,11,0,18,3,16,41,6,66,18,6,24,90
01/04/2005,PUB,CO,ANM,WE,Combined TRACON& Tower with Radar,0,9,12,5,26,0,0,0,0,0,0,9,12,5,26,0,10,10,36
01/05/2005,PUB,CO,ANM,WE,Combined TRACON& Tower with Radar,0,16,8,0,24,0,0,0,0,0,0,16,8,0,24,0,0,0,24
01/06/2005,PUB,CO,ANM,WE,Combined TRACON& Tower with Radar,2,15,39,39,95,0,1,50,13,64,2,16,89,52,159,35,68,103,262
01/07/2005,PUB,CO,ANM,WE,Combined TRACON& Tower with Radar,0,20,54,36,110,0,3,40,0,43,0,23,94,36,153,76,100,176,329
01/08/2005,PUB,CO,ANM,WE,Combined TRACON& Tower with Radar,0,12,34,0,46,0,1,17,0,18,0,13,51,0,64,44,0,44,108
01/09/2005,PUB,CO,ANM,WE,Combined TRACON& Tower with Radar,0,4,30,2,36,0,2,15,10,27,0,6,45,12,63,30,0,30,93
01/10/2005,PUB,CO,ANM,WE,Combined TRACON& Tower with Radar,0,15,41,18,74,6,3,13,4,26,6,18,54,22,100,40,70,110,210
01/11/2005,PUB,CO,ANM,WE,Combined TRACON& Tower with Radar,0,7,18,4,29,0,0,0,0,0,0,7,18,4,29,6,4,10,39
01/12/2005,PUB,CO,ANM,WE,Combined TRACON& Tower with Radar,0,15,12,13,40,0,0,6,0,6,0,15,18,13,46,6,64,70,116
01/13/2005,PUB,CO,ANM,WE,Combined TRACON& Tower with Radar,0,14,37,18,69,0,0,35,4,39,0,14,72,22,108,58,48,106,214
01/14/2005,PUB,CO,ANM,WE,Combined TRACON& Tower with Radar,0,18,39,14,71,0,2,11,6,19,0,20,50,20,90,28,8,36,126
01/15/2005,PUB,CO,ANM,WE,Combined TRACON& Tower with Radar,0,12,57,12,81,0,0,16,0,16,0,12,73,12,97,44,56,100,197
01/16/2005,PUB,CO,ANM,WE,Combined TRACON& Tower with Radar,0,9,35,0,44,0,5,57,0,62,0,14,92,0,106,58,0,58,164
01/17/2005,PUB,CO,ANM,WE,Combined TRACON& Tower with Radar,0,8,41,27,76,1,8,31,0,40,1,16,72,27,116,24,46,70,186
01/18/2005,PUB,CO,ANM,WE,Combined TRACON& Tower with Radar,0,13,24,36,73,0,0,59,6,65,0,13,83,42,138,86,158,244,382
01/19/2005,PUB,CO,ANM,WE,Combined TRACON& Tower with Radar,0,11,46,44,101,0,6,55,13,74,0,17,101,57,175,52,88,140,315
01/20/2005,PUB,CO,ANM,WE,Combined TRACON& Tower with Radar,0,13,44,53,110,0,5,68,11,84,0,18,112,64,194,102,84,186,380
01/21/2005,PUB,CO,ANM,WE,Combined TRACON& Tower with Radar,0,15,40,38,93,0,2,40,0,42,0,17,80,38,135,14,118,132,267
01/22/2005,PUB,CO,ANM,WE,Combined TRACON& Tower with Radar,0,12,35,30,77,0,2,23,0,25,0,14,58,30,102,34,80,114,216
01/23/2005,PUB,CO,ANM,WE,Combined TRACON& Tower with Radar,0,3,49,6,58,0,0,50,0,50,0,3,99,6,108,72,36,108,216
01/24/2005,PUB,CO,ANM,WE,Combined TRACON& Tower with Radar,0,4,60,37,101,0,0,41,0,41,0,4,101,37,142,66,104,170,312
01/25/2005,PUB,CO,ANM,WE,Combined TRACON& Tower with Radar,0,23,38,58,119,0,0,38,0,38,0,23,76,58,157,34,106,140,297
01/26/2005,PUB,CO,ANM,WE,Combined TRACON& Tower with Radar,2,18,62,27,109,0,0,31,0,31,2,18,93,27,140,78,68,146,286
01/27/2005,PUB,CO,ANM,WE,Combined TRACON& Tower with Radar,2,9,68,32,111,0,0,9,0,9,2,9,77,32,120,46,98,144,264
01/28/2005,PUB,CO,ANM,WE,Combined TRACON& Tower with Radar,0,17,24,25,66,0,2,2,0,4,0,19,26,25,70,24,24,48,118
01/29/2005,PUB,CO,ANM,WE,Combined TRACON& Tower with Radar,0,7,20,4,31,0,3,20,0,23,0,10,40,4,54,78,8,86,140
01/30/2005,PUB,CO,ANM,WE,Combined TRACON& Tower with Radar,0,5,8,2,15,0,0,0,0,0,0,5,8,2,15,0,0,0,15
01/31/2005,PUB,CO,ANM,WE,Combined TRACON& Tower with Radar,0,6,22,15,43,0,6,13,0,19,0,12,35,15,62,12,24,36,98
02/01/2005,PUB,CO,ANM,WE,Combined TRACON& Tower with Radar,2,13,30,51,96,0,0,24,23,47,2,13,54,74,143,58,120,178,321
02/02/2005,PUB,CO,ANM,WE,Combined TRACON& Tower with Radar,0,21,45,42,108,0,0,36,0,36,0,21,81,42,144,50,110,160,304
02/03/2005,PUB,CO,ANM,WE,Combined TRACON& Tower with Radar,0,10,30,37,77,0,2,48,7,57,0,12,78,44,134,49,82,131,265
02/04/2005,PUB,CO,ANM,WE,Combined TRACON& Tower with Radar,2,14,87,29,132,218,2,40,0,260,220,16,127,29,392,78,64,142,534
02/05/2005,PUB,CO,ANM,WE,Combined TRACON& Tower with Radar,0,6,35,11,52,0,3,112,9,124,0,9,147,20,176,102,8,110,286
02/06/2005,PUB,CO,ANM,WE,Combined TRACON& Tower with Radar,0,9,36,0,45,0,0,0,0,0,0,9,36,0,45,34,8,42,87
02/07/2005,PUB,CO,ANM,WE,Combined TRACON& Tower with Radar,0,16,35,7,58,0,0,0,0,0,0,16,35,7,58,0,0,0,58
02/08/2005,PUB,CO,ANM,WE,Combined TRACON& Tower with Radar,0,28,28,16,72,0,0,9,20,29,0,28,37,36,101,12,44,56,157
02/09/2005,PUB,CO,ANM,WE,Combined TRACON& Tower with Radar,0,13,39,38,90,0,0,68,0,68,0,13,107,38,158,20,96,116,274
02/10/2005,PUB,CO,ANM,WE,Combined TRACON& Tower with Radar,0,10,56,46,112,0,2,40,3,45,0,12,96,49,157,82,152,234,391
02/11/2005,PUB,CO,ANM,WE,Combined TRACON& Tower with Radar,0,22,33,31,86,0,0,38,0,38,0,22,71,31,124,34,76,110,234
02/12/2005,PUB,CO,ANM,WE,Combined TRACON& Tower with Radar,0,7,40,14,61,0,2,93,0,95,0,9,133,14,156,132,22,154,310
02/13/2005,PUB,CO,ANM,WE,Combined TRACON& Tower with Radar,0,8,35,18,61,0,0,47,0,47,0,8,82,18,108,68,40,108,216
02/14/2005,PUB,CO,ANM,WE,Combined TRACON& Tower with Radar,0,11,34,24,69,0,3,40,0,43,0,14,74,24,112,34,42,76,188
02/15/2005,PUB,CO,ANM,WE,Combined TRACON& Tower with Radar,0,10,38,28,76,0,0,6,12,18,0,10,44,40,94,64,90,154,248
02/16/2005,PUB,CO,ANM,WE,Combined TRACON& Tower with Radar,0,40,54,0,94,0,5,6,0,11,0,45,60,0,105,0,0,0,105
02/17/2005,PUB,CO,ANM,WE,Combined TRACON& Tower with Radar,0,17,66,33,116,0,0,7,12,19,0,17,73,45,135,64,98,162,297
02/18/2005,PUB,CO,ANM,WE,Combined TRACON& Tower with Radar,0,21,43,12,76,0,1,12,0,13,0,22,55,12,89,48,35,83,172
02/19/2005,PUB,CO,ANM,WE,Combined TRACON& Tower with Radar,0,8,35,8,51,0,1,43,0,44,0,9,78,8,95,46,20,66,161
02/20/2005,PUB,CO,ANM,WE,Combined TRACON& Tower with Radar,2,4,48,26,80,0,0,78,0,78,2,4,126,26,158,38,70,108,266
02/21/2005,PUB,CO,ANM,WE,Combined TRACON& Tower with Radar,0,10,72,18,100,8,6,12,0,26,8,16,84,18,126,56,45,101,227
02/22/2005,PUB,CO,ANM,WE,Combined TRACON& Tower with Radar,0,27,34,22,83,0,0,6,7,13,0,27,40,29,96,14,12,26,122
02/23/2005,PUB,CO,ANM,WE,Combined TRACON& Tower with Radar,0,17,16,21,54,0,3,5,0,8,0,20,21,21,62,2,24,26,88
02/24/2005,PUB,CO,ANM,WE,Combined TRACON& Tower with Radar,2,32,111,67,212,0,0,46,5,51,2,32,157,72,263,86,104,190,453
02/25/2005,PUB,CO,ANM,WE,Combined TRACON& Tower with Radar,0,25,32,31,88,2,0,45,0,47,2,25,77,31,135,42,52,94,229
02/27/2005,PUB,CO,ANM,WE,Combined TRACON& Tower with Radar,0,9,31,10,50,0,0,39,0,39,0,9,70,10,89,58,34,92,181
02/28/2005,PUB,CO,ANM,WE,Combined TRACON& Tower with Radar,0,11,36,22,69,0,2,44,0,46,0,13,80,22,115,54,76,130,245
03/01/2005,PUB,CO,ANM,WE,Combined TRACON& Tower with Radar,0,12,25,12,49,0,0,20,34,54,0,12,45,46,103,60,66,126,229
03/02/2005,PUB,CO,ANM,WE,Combined TRACON& Tower with Radar,0,13,42,37,92,0,0,43,0,43,0,13,85,37,135,88,124,212,347
03/03/2005,PUB,CO,ANM,WE,Combined TRACON& Tower with Radar,0,0,0,0,0,0,13,69,46,128,0,13,69,46,128,51,192,243,371
03/04/2005,PUB,CO,ANM,WE,Combined TRACON& Tower with Radar,2,14,11,35,62,0,0,33,0,33,2,14,44,35,95,22,104,126,221
03/05/2005,PUB,CO,ANM,WE,Combined TRACON& Tower with Radar,0,8,58,28,94,0,0,79,6,85,0,8,137,34,179,114,38,152,331
03/06/2005,PUB,CO,ANM,WE,Combined TRACON& Tower with Radar,0,8,36,20,64,0,0,100,0,100,0,8,136,20,164,72,62,134,298
03/07/2005,PUB,CO,ANM,WE,Combined TRACON& Tower with Radar,0,12,76,26,114,0,0,0,0,0,0,12,76,26,114,28,98,126,240
03/08/2005,PUB,CO,ANM,WE,Combined TRACON& Tower with Radar,0,9,36,9,54,2,3,0,0,5,2,12,36,9,59,32,12,44,103
03/09/2005,PUB,CO,ANM,WE,Combined TRACON& Tower with Radar,0,10,34,57,101,0,2,43,0,45,0,12,77,57,146,50,138,188,334
03/10/2005,PUB,CO,ANM,WE,Combined TRACON& Tower with Radar,0,9,44,42,95,4,0,35,0,39,4,9,79,42,134,82,78,160,294
03/11/2005,PUB,CO,ANM,WE,Combined TRACON& Tower with Radar,0,11,57,46,114,0,0,31,0,31,0,11,88,46,145,64,142,206,351
03/12/2005,PUB,CO,ANM,WE,Combined TRACON& Tower with Radar,0,23,19,8,50,0,1,19,2,22,0,24,38,10,72,12,6,18,90
03/13/2005,PUB,CO,ANM,WE,Combined TRACON& Tower with Radar,0,4,6,2,12,0,0,0,0,0,0,4,6,2,12,0,0,0,12
03/14/2005,PUB,CO,ANM,WE,Combined TRACON& Tower with Radar,0,13,6,0,19,0,0,0,0,0,0,13,6,0,19,0,0,0,19
03/15/2005,PUB,CO,ANM,WE,Combined TRACON& Tower with Radar,0,17,45,25,87,0,0,30,17,47,0,17,75,42,134,54,36,90,224
03/16/2005,PUB,CO,ANM,WE,Combined TRACON& Tower with Radar,0,14,55,38,107,0,0,35,22,57,0,14,90,60,164,112,56,168,332
03/17/2005,PUB,CO,ANM,WE,Combined TRACON& Tower with Radar,2,9,63,44,118,0,2,15,3,20,2,11,78,47,138,68,132,200,338
03/18/2005,PUB,CO,ANM,WE,Combined TRACON& Tower with Radar,0,17,36,10,63,0,0,36,8,44,0,17,72,18,107,50,18,68,175
03/19/2005,PUB,CO,ANM,WE,Combined TRACON& Tower with Radar,0,15,53,9,77,0,6,94,8,108,0,21,147,17,185,117,16,133,318
03/20/2005,PUB,CO,ANM,WE,Combined TRACON& Tower with Radar,0,9,64,8,81,0,0,81,0,81,0,9,145,8,162,126,10,136,298
03/21/2005,PUB,CO,ANM,WE,Combined TRACON& Tower with Radar,0,15,43,5,63,0,4,0,0,4,0,19,43,5,67,24,12,36,103
03/22/2005,PUB,CO,ANM,WE,Combined TRACON& Tower with Radar,0,15,50,51,116,0,5,55,0,60,0,20,105,51,176,80,110,190,366
03/23/2005,PUB,CO,ANM,WE,Combined TRACON& Tower with Radar,0,17,22,10,49,0,0,2,7,9,0,17,24,17,58,18,38,56,114
03/24/2005,PUB,CO,ANM,WE,Combined TRACON& Tower with Radar,0,11,67,16,94,0,4,9,0,13,0,15,76,16,107,24,40,64,171
03/25/2005,PUB,CO,ANM,WE,Combined TRACON& Tower with Radar,0,23,12,0,35,0,2,3,0,5,0,25,15,0,40,8,0,8,48
03/26/2005,PUB,CO,ANM,WE,Combined TRACON& Tower with Radar,0,11,10,0,21,0,0,4,0,4,0,11,14,0,25,2,0,2,27
03/27/2005,PUB,CO,ANM,WE,Combined TRACON& Tower with Radar,0,7,28,2,37,0,7,78,0,85,0,14,106,2,122,66,2,68,190
03/28/2005,PUB,CO,ANM,WE,Combined TRACON& Tower with Radar,0,20,93,13,126,0,3,44,1,48,0,23,137,14,174,84,20,104,278
03/29/2005,PUB,CO,ANM,WE,Combined TRACON& Tower with Radar,2,12,34,10,58,0,0,11,8,19,2,12,45,18,77,60,66,126,203
03/30/2005,PUB,CO,ANM,WE,Combined TRACON& Tower with Radar,2,7,33,13,55,0,4,18,6,28,2,11,51,19,83,39,27,66,149
03/31/2005,PUB,CO,ANM,WE,Combined TRACON& Tower with Radar,0,11,34,18,63,0,0,8,8,16,0,11,42,26,79,30,66,96,175
04/01/2005,PUB,CO,ANM,WE,Combined TRACON& Tower with Radar,0,10,60,46,116,0,0,78,0,78,0,10,138,46,194,60,80,140,334
04/02/2005,PUB,CO,ANM,WE,Combined TRACON& Tower with Radar,0,10,71,40,121,0,0,97,4,101,0,10,168,44,222,104,46,150,372
04/03/2005,PUB,CO,ANM,WE,Combined TRACON& Tower with Radar,0,5,74,13,92,0,0,48,0,48,0,5,122,13,140,118,30,148,288
04/04/2005,PUB,CO,ANM,WE,Combined TRACON& Tower with Radar,0,18,16,30,64,0,2,35,0,37,0,20,51,30,101,74,82,156,257
04/05/2005,PUB,CO,ANM,WE,Combined TRACON& Tower with Radar,0,6,13,5,24,0,2,3,0,5,0,8,16,5,29,0,32,32,61
04/06/2005,PUB,CO,ANM,WE,Combined TRACON& Tower with Radar,0,26,33,30,89,0,0,42,0,42,0,26,75,30,131,40,74,114,245
04/07/2005,PUB,CO,ANM,WE,Combined TRACON& Tower with Radar,4,11,52,46,113,0,5,42,0,47,4,16,94,46,160,76,106,182,342
04/08/2005,PUB,CO,ANM,WE,Combined TRACON& Tower with Radar,0,14,44,48,106,0,0,24,0,24,0,14,68,48,130,36,28,64,194
04/09/2005,PUB,CO,ANM,WE,Combined TRACON& Tower with Radar,0,8,75,0,83,0,1,77,26,104,0,9,152,26,187,76,20,96,283
04/10/2005,PUB,CO,ANM,WE,Combined TRACON& Tower with Radar,0,6,8,0,14,0,0,0,0,0,0,6,8,0,14,0,0,0,14
04/11/2005,PUB,CO,ANM,WE,Combined TRACON& Tower with Radar,0,14,8,6,28,0,4,27,0,31,0,18,35,6,59,64,26,90,149
04/12/2005,PUB,CO,ANM,WE,Combined TRACON& Tower with Radar,0,13,56,42,111,0,0,42,4,46,0,13,98,46,157,98,102,200,357
04/13/2005,PUB,CO,ANM,WE,Combined TRACON& Tower with Radar,0,9,32,39,80,0,3,54,0,57,0,12,86,39,137,123,87,210,347
04/14/2005,PUB,CO,ANM,WE,Combined TRACON& Tower with Radar,0,14,41,20,75,0,4,47,2,53,0,18,88,22,128,88,36,124,252
04/15/2005,PUB,CO,ANM,WE,Combined TRACON& Tower with Radar,0,10,24,26,60,1,1,52,0,54,1,11,76,26,114,96,64,160,274
04/16/2005,PUB,CO,ANM,WE,Combined TRACON& Tower with Radar,0,8,15,20,43,0,2,103,10,115,0,10,118,30,158,148,38,186,344
04/17/2005,PUB,CO,ANM,WE,Combined TRACON& Tower with Radar,0,15,54,8,77,0,2,72,0,74,0,17,126,8,151,140,26,166,317
04/18/2005,PUB,CO,ANM,WE,Combined TRACON& Tower with Radar,0,17,48,27,92,0,2,59,0,61,0,19,107,27,153,90,56,146,299
04/19/2005,PUB,CO,ANM,WE,Combined TRACON& Tower with Radar,0,12,62,36,110,0,0,32,4,36,0,12,94,40,146,118,66,184,330
04/20/2005,PUB,CO,ANM,WE,Combined TRACON& Tower with Radar,18,9,26,20,73,0,0,51,0,51,18,9,77,20,124,148,60,208,332
04/21/2005,PUB,CO,ANM,WE,Combined TRACON& Tower with Radar,4,10,45,33,92,0,4,29,0,33,4,14,74,33,125,152,84,236,361
04/22/2005,PUB,CO,ANM,WE,Combined TRACON& Tower with Radar,0,14,36,35,85,0,0,44,13,57,0,14,80,48,142,186,72,258,400
04/23/2005,PUB,CO,ANM,WE,Combined TRACON& Tower with Radar,0,10,66,20,96,0,3,82,0,85,0,13,148,20,181,174,58,232,413
04/24/2005,PUB,CO,ANM,WE,Combined TRACON& Tower with Radar,2,5,18,0,25,0,1,40,0,41,2,6,58,0,66,184,0,184,250
04/25/2005,PUB,CO,ANM,WE,Combined TRACON& Tower with Radar,2,15,28,4,49,0,2,50,0,52,2,17,78,4,101,90,12,102,203
04/26/2005,PUB,CO,ANM,WE,Combined TRACON& Tower with Radar,0,13,72,21,106,0,0,58,0,58,0,13,130,21,164,268,74,342,506
04/27/2005,PUB,CO,ANM,WE,Combined TRACON& Tower with Radar,0,17,41,48,106,0,0,53,0,53,0,17,94,48,159,188,82,270,429
04/28/2005,PUB,CO,ANM,WE,Combined TRACON& Tower with Radar,5,30,45,11,91,0,0,15,0,15,5,30,60,11,106,68,10,78,184
04/29/2005,PUB,CO,ANM,WE,Combined TRACON& Tower with Radar,0,9,23,8,40,0,0,10,0,10,0,9,33,8,50,58,38,96,146
04/30/2005,PUB,CO,ANM,WE,Combined TRACON& Tower with Radar,0,7,22,8,37,0,2,26,0,28,0,9,48,8,65,86,36,122,187
05/01/2005,PUB,CO,ANM,WE,Combined TRACON& Tower with Radar,0,4,9,0,13,0,0,7,0,7,0,4,16,0,20,146,0,146,166
05/02/2005,PUB,CO,ANM,WE,Combined TRACON& Tower with Radar,0,16,20,18,54,0,2,30,0,32,0,18,50,18,86,190,36,226,312
05/03/2005,PUB,CO,ANM,WE,Combined TRACON& Tower with Radar,2,12,56,24,94,0,4,14,0,18,2,16,70,24,112,268,64,332,444
05/04/2005,PUB,CO,ANM,WE,Combined TRACON& Tower with Radar,0,14,48,10,72,0,0,37,0,37,0,14,85,10,109,238,14,252,361
05/05/2005,PUB,CO,ANM,WE,Combined TRACON& Tower with Radar,0,15,52,60,127,0,0,94,0,94,0,15,146,60,221,272,96,368,589
05/06/2005,PUB,CO,ANM,WE,Combined TRACON& Tower with Radar,2,8,22,24,56,0,0,58,0,58,2,8,80,24,114,160,84,244,358
05/07/2005,PUB,CO,ANM,WE,Combined TRACON& Tower with Radar,0,8,35,20,63,0,3,59,0,62,0,11,94,20,125,258,38,296,421
05/08/2005,PUB,CO,ANM,WE,Combined TRACON& Tower with Radar,0,9,12,4,25,0,0,58,0,58,0,9,70,4,83,208,20,228,311
05/09/2005,PUB,CO,ANM,WE,Combined TRACON& Tower with Radar,0,13,38,30,81,0,2,55,0,57,0,15,93,30,138,346,62,408,546
05/10/2005,PUB,CO,ANM,WE,Combined TRACON& Tower with Radar,0,18,11,23,52,0,4,84,9,97,0,22,95,32,149,328,64,392,541
05/11/2005,PUB,CO,ANM,WE,Combined TRACON& Tower with Radar,0,21,30,11,62,0,0,34,13,47,0,21,64,24,109,274,64,338,447
05/12/2005,PUB,CO,ANM,WE,Combined TRACON& Tower with Radar,0,15,21,27,63,0,3,49,13,65,0,18,70,40,128,248,86,334,462
05/13/2005,PUB,CO,ANM,WE,Combined TRACON& Tower with Radar,0,8,44,40,92,0,2,56,0,58,0,10,100,40,150,224,66,290,440
05/14/2005,PUB,CO,ANM,WE,Combined TRACON& Tower with Radar,0,6,49,8,63,0,3,68,2,73,0,9,117,10,136,244,16,260,396
05/15/2005,PUB,CO,ANM,WE,Combined TRACON& Tower with Radar,0,7,53,13,73,0,0,75,13,88,0,7,128,26,161,252,38,290,451
05/16/2005,PUB,CO,ANM,WE,Combined TRACON& Tower with Radar,2,16,35,14,67,0,2,78,0,80,2,18,113,14,147,338,36,374,521
05/17/2005,PUB,CO,ANM,WE,Combined TRACON& Tower with Radar,0,12,34,18,64,0,0,73,0,73,0,12,107,18,137,302,68,370,507
05/18/2005,PUB,CO,ANM,WE,Combined TRACON& Tower with Radar,0,11,38,35,84,0,1,66,18,85,0,12,104,53,169,264,102,366,535
05/19/2005,PUB,CO,ANM,WE,Combined TRACON& Tower with Radar,2,11,24,22,59,0,7,76,2,85,2,18,100,24,144,118,60,178,322
05/20/2005,PUB,CO,ANM,WE,Combined TRACON& Tower with Radar,2,15,42,20,79,0,0,72,0,72,2,15,114,20,151,56,88,144,295
05/21/2005,PUB,CO,ANM,WE,Combined TRACON& Tower with Radar,0,5,34,3,42,0,3,91,9,103,0,8,125,12,145,216,20,236,381
05/22/2005,PUB,CO,ANM,WE,Combined TRACON& Tower with Radar,0,13,75,16,104,0,0,67,6,73,0,13,142,22,177,216,34,250,427
05/23/2005,PUB,CO,ANM,WE,Combined TRACON& Tower with Radar,0,14,25,13,52,0,2,59,3,64,0,16,84,16,116,286,50,336,452
05/24/2005,PUB,CO,ANM,WE,Combined TRACON& Tower with Radar,0,18,86,38,142,0,0,14,0,14,0,18,100,38,156,284,82,366,522
05/25/2005,PUB,CO,ANM,WE,Combined TRACON& Tower with Radar,0,10,25,30,65,0,0,16,1,17,0,10,41,31,82,32,50,82,164
05/26/2005,PUB,CO,ANM,WE,Combined TRACON& Tower with Radar,0,9,0,16,25,0,0,62,0,62,0,9,62,16,87,46,90,136,223
05/27/2005,PUB,CO,ANM,WE,Combined TRACON& Tower with Radar,0,9,24,21,54,0,3,68,0,71,0,12,92,21,125,36,58,94,219
05/28/2005,PUB,CO,ANM,WE,Combined TRACON& Tower with Radar,0,7,31,0,38,0,7,59,4,70,0,14,90,4,108,68,6,74,182
05/29/2005,PUB,CO,ANM,WE,Combined TRACON& Tower with Radar,0,4,22,1,27,0,0,35,0,35,0,4,57,1,62,54,2,56,118
05/30/2005,PUB,CO,ANM,WE,Combined TRACON& Tower with Radar,0,12,75,0,87,0,2,0,0,2,0,14,75,0,89,28,0,28,117
05/31/2005,PUB,CO,ANM,WE,Combined TRACON& Tower with Radar,0,6,39,27,72,0,6,43,3,52,0,12,82,30,124,256,56,312,436
06/01/2005,PUB,CO,ANM,WE,Combined TRACON& Tower with Radar,0,8,29,16,53,0,0,53,6,59,0,8,82,22,112,328,42,370,482
06/02/2005,PUB,CO,ANM,WE,Combined TRACON& Tower with Radar,0,11,0,0,11,0,0,104,24,128,0,11,104,24,139,284,56,340,479
06/03/2005,PUB,CO,ANM,WE,Combined TRACON& Tower with Radar,4,9,53,14,80,0,3,35,5,43,4,12,88,19,123,228,8,236,359
06/04/2005,PUB,CO,ANM,WE,Combined TRACON& Tower with Radar,0,5,32,4,41,0,0,51,0,51,0,5,83,4,92,174,6,180,272
06/05/2005,PUB,CO,ANM,WE,Combined TRACON& Tower with Radar,0,3,59,10,72,0,1,122,8,131,0,4,181,18,203,264,10,274,477
06/06/2005,PUB,CO,ANM,WE,Combined TRACON& Tower with Radar,0,9,24,10,43,0,3,44,0,47,0,12,68,10,90,158,34,192,282
06/07/2005,PUB,CO,ANM,WE,Combined TRACON& Tower with Radar,0,12,38,35,85,4,4,148,66,222,4,16,186,101,307,190,192,382,689
06/08/2005,PUB,CO,ANM,WE,Combined TRACON& Tower with Radar,0,9,45,24,78,0,4,51,0,55,0,13,96,24,133,230,60,290,423
06/09/2005,PUB,CO,ANM,WE,Combined TRACON& Tower with Radar,2,14,56,18,90,0,4,30,4,38,2,18,86,22,128,162,56,218,346
06/10/2005,PUB,CO,ANM,WE,Combined TRACON& Tower with Radar,14,14,28,11,67,2,0,30,0,32,16,14,58,11,99,148,24,172,271
06/11/2005,PUB,CO,ANM,WE,Combined TRACON& Tower with Radar,0,8,44,2,54,0,2,74,2,78,0,10,118,4,132,304,2,306,438
06/12/2005,PUB,CO,ANM,WE,Combined TRACON& Tower with Radar,0,12,31,6,49,0,2,81,0,83,0,14,112,6,132,168,54,222,354
06/13/2005,PUB,CO,ANM,WE,Combined TRACON& Tower with Radar,0,10,34,9,53,0,2,38,1,41,0,12,72,10,94,178,24,202,296
06/14/2005,PUB,CO,ANM,WE,Combined TRACON& Tower with Radar,0,8,31,28,67,0,4,51,0,55,0,12,82,28,122,256,72,328,450
06/15/2005,PUB,CO,ANM,WE,Combined TRACON& Tower with Radar,0,11,36,27,74,0,0,27,0,27,0,11,63,27,101,72,62,134,235
06/16/2005,PUB,CO,ANM,WE,Combined TRACON& Tower with Radar,0,11,33,8,52,0,2,46,12,60,0,13,79,20,112,40,20,60,172
06/17/2005,PUB,CO,ANM,WE,Combined TRACON& Tower with Radar,0,13,35,25,73,0,4,59,0,63,0,17,94,25,136,70,88,158,294
06/18/2005,PUB,CO,ANM,WE,Combined TRACON& Tower with Radar,0,11,44,24,79,0,0,82,0,82,0,11,126,24,161,8,100,108,269
06/19/2005,PUB,CO,ANM,WE,Combined TRACON& Tower with Radar,2,5,35,2,44,0,1,62,6,69,2,6,97,8,113,34,6,40,153
06/20/2005,PUB,CO,ANM,WE,Combined TRACON& Tower with Radar,2,16,56,24,98,0,0,45,0,45,2,16,101,24,143,90,84,174,317
06/21/2005,PUB,CO,ANM,WE,Combined TRACON& Tower with Radar,0,11,71,13,95,0,3,30,0,33,0,14,101,13,128,82,28,110,238
06/22/2005,PUB,CO,ANM,WE,Combined TRACON& Tower with Radar,1,11,54,14,80,0,2,33,0,35,1,13,87,14,115,66,38,104,219
06/23/2005,PUB,CO,ANM,WE,Combined TRACON& Tower with Radar,3,15,54,22,94,0,0,28,0,28,3,15,82,22,122,32,80,112,234
06/24/2005,PUB,CO,ANM,WE,Combined TRACON& Tower with Radar,0,23,32,6,61,0,0,37,0,37,0,23,69,6,98,60,16,76,174
06/25/2005,PUB,CO,ANM,WE,Combined TRACON& Tower with Radar,0,12,37,4,53,0,2,57,0,59,0,14,94,4,112,112,2,114,226
06/26/2005,PUB,CO,ANM,WE,Combined TRACON& Tower with Radar,2,18,28,8,56,0,3,65,4,72,2,21,93,12,128,54,24,78,206
06/27/2005,PUB,CO,ANM,WE,Combined TRACON& Tower with Radar,0,14,30,12,56,0,2,63,0,65,0,16,93,12,121,82,38,120,241
06/28/2005,PUB,CO,ANM,WE,Combined TRACON& Tower with Radar,0,16,32,26,74,0,0,50,0,50,0,16,82,26,124,80,42,122,246
06/29/2005,PUB,CO,ANM,WE,Combined TRACON& Tower with Radar,0,10,41,3,54,0,0,30,0,30,0,10,71,3,84,118,18,136,220
06/30/2005,PUB,CO,ANM,WE,Combined TRACON& Tower with Radar,0,13,56,20,89,0,0,32,0,32,0,13,88,20,121,106,66,172,293
07/01/2005,PUB,CO,ANM,WE,Combined TRACON& Tower with Radar,0,10,44,17,71,0,1,70,0,71,0,11,114,17,142,104,36,140,282
07/02/2005,PUB,CO,ANM,WE,Combined TRACON& Tower with Radar,0,21,41,0,62,0,3,51,0,54,0,24,92,0,116,72,2,74,190
07/03/2005,PUB,CO,ANM,WE,Combined TRACON& Tower with Radar,0,5,15,0,20,0,0,51,0,51,0,5,66,0,71,34,0,34,105
07/04/2005,PUB,CO,ANM,WE,Combined TRACON& Tower with Radar,0,5,30,0,35,0,3,69,2,74,0,8,99,2,109,16,0,16,125
07/05/2005,PUB,CO,ANM,WE,Combined TRACON& Tower with Radar,2,11,58,40,111,0,2,0,2,4,2,13,58,42,115,68,70,138,253
07/06/2005,PUB,CO,ANM,WE,Combined TRACON& Tower with Radar,0,9,43,31,83,0,0,48,0,48,0,9,91,31,131,120,62,182,313
07/07/2005,PUB,CO,ANM,WE,Combined TRACON& Tower with Radar,0,9,32,6,47,0,5,74,0,79,0,14,106,6,126,138,12,150,276
07/08/2005,PUB,CO,ANM,WE,Combined TRACON& Tower with Radar,0,9,40,24,73,0,3,72,0,75,0,12,112,24,148,134,70,204,352
07/09/2005,PUB,CO,ANM,WE,Combined TRACON& Tower with Radar,4,7,54,6,71,0,15,105,0,120,4,22,159,6,191,128,16,144,335
07/10/2005,PUB,CO,ANM,WE,Combined TRACON& Tower with Radar,2,7,29,5,43,0,10,114,3,127,2,17,143,8,170,100,2,102,272
07/11/2005,PUB,CO,ANM,WE,Combined TRACON& Tower with Radar,2,24,25,23,74,0,3,100,0,103,2,27,125,23,177,60,84,144,321
07/12/2005,PUB,CO,ANM,WE,Combined TRACON& Tower with Radar,0,7,47,29,83,0,4,38,0,42,0,11,85,29,125,140,56,196,321
07/13/2005,PUB,CO,ANM,WE,Combined TRACON& Tower with Radar,2,14,65,4,85,0,3,25,0,28,2,17,90,4,113,96,14,110,223
07/14/2005,PUB,CO,ANM,WE,Combined TRACON& Tower with Radar,0,14,46,6,66,0,2,48,0,50,0,16,94,6,116,78,56,134,250
07/15/2005,PUB,CO,ANM,WE,Combined TRACON& Tower with Radar,0,9,45,3,57,0,0,61,0,61,0,9,106,3,118,90,4,94,212
07/16/2005,PUB,CO,ANM,WE,Combined TRACON& Tower with Radar,0,9,27,11,47,0,3,66,0,69,0,12,93,11,116,124,34,158,274
07/17/2005,PUB,CO,ANM,WE,Combined TRACON& Tower with Radar,0,15,31,2,48,0,0,67,3,70,0,15,98,5,118,54,0,54,172
07/18/2005,PUB,CO,ANM,WE,Combined TRACON& Tower with Radar,0,9,35,22,66,0,1,60,0,61,0,10,95,22,127,82,58,140,267
07/19/2005,PUB,CO,ANM,WE,Combined TRACON& Tower with Radar,0,17,68,10,95,0,1,41,0,42,0,18,109,10,137,16,96,112,249
07/20/2005,PUB,CO,ANM,WE,Combined TRACON& Tower with Radar,0,19,25,26,70,0,1,48,0,49,0,20,73,26,119,98,66,164,283
07/21/2005,PUB,CO,ANM,WE,Combined TRACON& Tower with Radar,2,11,22,16,51,0,0,48,0,48,2,11,70,16,99,122,68,190,289
07/22/2005,PUB,CO,ANM,WE,Combined TRACON& Tower with Radar,0,7,37,9,53,0,1,51,0,52,0,8,88,9,105,126,22,148,253
07/23/2005,PUB,CO,ANM,WE,Combined TRACON& Tower with Radar,2,10,27,1,40,0,5,74,12,91,2,15,101,13,131,70,6,76,207
07/24/2005,PUB,CO,ANM,WE,Combined TRACON& Tower with Radar,0,14,27,6,47,0,0,73,2,75,0,14,100,8,122,80,6,86,208
07/25/2005,PUB,CO,ANM,WE,Combined TRACON& Tower with Radar,2,18,25,6,51,0,2,53,2,57,2,20,78,8,108,108,14,122,230
07/26/2005,PUB,CO,ANM,WE,Combined TRACON& Tower with Radar,0,18,47,20,85,0,2,0,0,2,0,20,47,20,87,136,60,196,283
07/27/2005,PUB,CO,ANM,WE,Combined TRACON& Tower with Radar,0,17,33,25,75,0,2,54,1,57,0,19,87,26,132,100,68,168,300
07/28/2005,PUB,CO,ANM,WE,Combined TRACON& Tower with Radar,0,9,28,26,63,0,0,60,0,60,0,9,88,26,123,214,90,304,427
07/29/2005,PUB,CO,ANM,WE,Combined TRACON& Tower with Radar,2,14,37,7,60,0,0,122,0,122,2,14,159,7,182,194,38,232,414
07/30/2005,PUB,CO,ANM,WE,Combined TRACON& Tower with Radar,0,5,30,0,35,0,0,83,4,87,0,5,113,4,122,176,0,176,298
07/31/2005,PUB,CO,ANM,WE,Combined TRACON& Tower with Radar,0,12,26,0,38,0,4,71,3,78,0,16,97,3,116,232,0,232,348
08/01/2005,PUB,CO,ANM,WE,Combined TRACON& Tower with Radar,0,16,35,23,74,0,0,41,4,45,0,16,76,27,119,166,56,222,341
08/02/2005,PUB,CO,ANM,WE,Combined TRACON& Tower with Radar,0,21,58,7,86,0,3,47,0,50,0,24,105,7,136,226,60,286,422
08/03/2005,PUB,CO,ANM,WE,Combined TRACON& Tower with Radar,4,8,24,7,43,0,2,53,2,57,4,10,77,9,100,237,0,237,337
08/04/2005,PUB,CO,ANM,WE,Combined TRACON& Tower with Radar,2,10,34,8,54,0,0,28,0,28,2,10,62,8,82,288,16,304,386
08/05/2005,PUB,CO,ANM,WE,Combined TRACON& Tower with Radar,0,11,40,20,71,0,0,77,0,77,0,11,117,20,148,242,69,311,459
08/06/2005,PUB,CO,ANM,WE,Combined TRACON& Tower with Radar,0,10,41,8,59,0,2,94,10,106,0,12,135,18,165,178,50,228,393
08/07/2005,PUB,CO,ANM,WE,Combined TRACON& Tower with Radar,0,13,41,10,64,0,2,101,8,111,0,15,142,18,175,194,10,204,379
08/08/2005,PUB,CO,ANM,WE,Combined TRACON& Tower with Radar,2,21,37,26,86,0,3,56,0,59,2,24,93,26,145,208,114,322,467
08/09/2005,PUB,CO,ANM,WE,Combined TRACON& Tower with Radar,0,9,42,32,83,0,6,80,0,86,0,15,122,32,169,206,48,254,423
08/10/2005,PUB,CO,ANM,WE,Combined TRACON& Tower with Radar,0,8,32,8,48,0,2,44,0,46,0,10,76,8,94,122,36,158,252
08/11/2005,PUB,CO,ANM,WE,Combined TRACON& Tower with Radar,0,10,25,12,47,0,0,45,4,49,0,10,70,16,96,243,36,279,375
08/12/2005,PUB,CO,ANM,WE,Combined TRACON& Tower with Radar,0,13,35,22,70,0,2,53,0,55,0,15,88,22,125,204,46,250,375
08/13/2005,PUB,CO,ANM,WE,Combined TRACON& Tower with Radar,0,7,59,0,66,0,1,28,4,33,0,8,87,4,99,198,12,210,309
08/14/2005,PUB,CO,ANM,WE,Combined TRACON& Tower with Radar,2,10,54,4,70,1,3,31,2,37,3,13,85,6,107,198,6,204,311
08/15/2005,PUB,CO,ANM,WE,Combined TRACON& Tower with Radar,0,23,26,21,70,0,3,64,0,67,0,26,90,21,137,196,40,236,373
08/16/2005,PUB,CO,ANM,WE,Combined TRACON& Tower with Radar,0,10,90,29,129,1,0,0,0,1,1,10,90,29,130,76,136,212,342
08/17/2005,PUB,CO,ANM,WE,Combined TRACON& Tower with Radar,0,7,33,30,70,0,3,63,7,73,0,10,96,37,143,182,110,292,435
08/18/2005,PUB,CO,ANM,WE,Combined TRACON& Tower with Radar,0,8,65,34,107,0,4,51,0,55,0,12,116,34,162,242,160,402,564
08/19/2005,PUB,CO,ANM,WE,Combined TRACON& Tower with Radar,0,12,32,32,76,0,3,75,0,78,0,15,107,32,154,224,94,318,472
08/20/2005,PUB,CO,ANM,WE,Combined TRACON& Tower with Radar,4,15,30,10,59,0,6,45,0,51,4,21,75,10,110,180,30,210,320
08/21/2005,PUB,CO,ANM,WE,Combined TRACON& Tower with Radar,0,5,48,1,54,0,5,87,8,100,0,10,135,9,154,142,0,142,296
08/22/2005,PUB,CO,ANM,WE,Combined TRACON& Tower with Radar,0,16,63,25,104,0,2,44,0,46,0,18,107,25,150,150,56,206,356
08/23/2005,PUB,CO,ANM,WE,Combined TRACON& Tower with Radar,0,20,66,7,93,1,7,8,0,16,1,27,74,7,109,204,26,230,339
08/24/2005,PUB,CO,ANM,WE,Combined TRACON& Tower with Radar,0,9,77,15,101,1,0,21,0,22,1,9,98,15,123,150,56,206,329
08/25/2005,PUB,CO,ANM,WE,Combined TRACON& Tower with Radar,2,16,50,2,70,0,18,74,28,120,2,34,124,30,190,146,38,184,374
08/26/2005,PUB,CO,ANM,WE,Combined TRACON& Tower with Radar,0,10,25,24,59,0,11,63,11,85,0,21,88,35,144,148,30,178,322
08/27/2005,PUB,CO,ANM,WE,Combined TRACON& Tower with Radar,0,10,32,16,58,0,0,59,0,59,0,10,91,16,117,178,20,198,315
08/28/2005,PUB,CO,ANM,WE,Combined TRACON& Tower with Radar,0,11,16,13,40,0,4,82,7,93,0,15,98,20,133,116,16,132,265
08/29/2005,PUB,CO,ANM,WE,Combined TRACON& Tower with Radar,0,15,51,29,95,0,2,31,0,33,0,17,82,29,128,238,82,320,448
08/30/2005,PUB,CO,ANM,WE,Combined TRACON& Tower with Radar,0,8,63,32,103,0,2,22,0,24,0,10,85,32,127,224,58,282,409
08/31/2005,PUB,CO,ANM,WE,Combined TRACON& Tower with Radar,2,18,38,37,95,0,0,21,0,21,2,18,59,37,116,200,80,280,396
09/01/2005,PUB,CO,ANM,WE,Combined TRACON& Tower with Radar,0,10,16,26,52,0,3,58,0,61,0,13,74,26,113,162,96,258,371
09/02/2005,PUB,CO,ANM,WE,Combined TRACON& Tower with Radar,2,16,19,35,72,0,3,61,0,64,2,19,80,35,136,150,58,208,344
09/03/2005,PUB,CO,ANM,WE,Combined TRACON& Tower with Radar,0,8,21,16,45,0,3,68,0,71,0,11,89,16,116,152,70,222,338
09/04/2005,PUB,CO,ANM,WE,Combined TRACON& Tower with Radar,0,5,35,9,49,0,5,73,1,79,0,10,108,10,128,134,8,142,270
09/05/2005,PUB,CO,ANM,WE,Combined TRACON& Tower with Radar,2,20,38,6,66,0,3,90,2,95,2,23,128,8,161,258,4,262,423
09/06/2005,PUB,CO,ANM,WE,Combined TRACON& Tower with Radar,0,15,68,24,107,0,0,12,0,12,0,15,80,24,119,187,50,237,356
09/07/2005,PUB,CO,ANM,WE,Combined TRACON& Tower with Radar,0,15,20,8,43,0,0,53,0,53,0,15,73,8,96,166,40,206,302
09/08/2005,PUB,CO,ANM,WE,Combined TRACON& Tower with Radar,0,6,27,22,55,0,3,71,0,74,0,9,98,22,129,316,50,366,495
09/09/2005,PUB,CO,ANM,WE,Combined TRACON& Tower with Radar,0,16,32,24,72,0,3,61,0,64,0,19,93,24,136,130,44,174,310
09/10/2005,PUB,CO,ANM,WE,Combined TRACON& Tower with Radar,0,2,28,30,60,0,10,94,0,104,0,12,122,30,164,154,86,240,404
09/11/2005,PUB,CO,ANM,WE,Combined TRACON& Tower with Radar,0,5,52,13,70,0,8,117,7,132,0,13,169,20,202,162,32,194,396
09/12/2005,PUB,CO,ANM,WE,Combined TRACON& Tower with Radar,0,13,61,31,105,0,2,48,0,50,0,15,109,31,155,206,92,298,453
09/13/2005,PUB,CO,ANM,WE,Combined TRACON& Tower with Radar,0,10,56,64,130,0,3,72,12,87,0,13,128,76,217,198,108,306,523
09/14/2005,PUB,CO,ANM,WE,Combined TRACON& Tower with Radar,2,12,47,11,72,0,2,54,12,68,2,14,101,23,140,184,43,227,367
09/15/2005,PUB,CO,ANM,WE,Combined TRACON& Tower with Radar,0,21,40,16,77,0,3,48,0,51,0,24,88,16,128,204,60,264,392
09/16/2005,PUB,CO,ANM,WE,Combined TRACON& Tower with Radar,0,10,41,54,105,0,1,46,0,47,0,11,87,54,152,200,68,268,420
09/17/2005,PUB,CO,ANM,WE,Combined TRACON& Tower with Radar,0,18,67,20,105,0,2,82,0,84,0,20,149,20,189,254,34,288,477
09/18/2005,PUB,CO,ANM,WE,Combined TRACON& Tower with Radar,0,8,59,12,79,0,8,80,0,88,0,16,139,12,167,238,14,252,419
09/19/2005,PUB,CO,ANM,WE,Combined TRACON& Tower with Radar,0,18,56,30,104,0,2,73,0,75,0,20,129,30,179,318,48,366,545
09/20/2005,PUB,CO,ANM,WE,Combined TRACON& Tower with Radar,0,6,35,17,58,0,4,42,0,46,0,10,77,17,104,183,19,202,306
09/21/2005,PUB,CO,ANM,WE,Combined TRACON& Tower with Radar,0,19,35,41,95,0,0,30,0,30,0,19,65,41,125,226,92,318,443
09/22/2005,PUB,CO,ANM,WE,Combined TRACON& Tower with Radar,2,12,42,36,92,0,1,48,0,49,2,13,90,36,141,214,56,270,411
09/23/2005,PUB,CO,ANM,WE,Combined TRACON& Tower with Radar,0,9,31,26,66,0,5,38,0,43,0,14,69,26,109,240,56,296,405
09/24/2005,PUB,CO,ANM,WE,Combined TRACON& Tower with Radar,0,8,29,30,67,0,7,58,0,65,0,15,87,30,132,250,38,288,420
09/25/2005,PUB,CO,ANM,WE,Combined TRACON& Tower with Radar,0,16,17,8,41,0,2,39,0,41,0,18,56,8,82,200,30,230,312
09/26/2005,PUB,CO,ANM,WE,Combined TRACON& Tower with Radar,1,14,41,27,83,0,2,32,1,35,1,16,73,28,118,254,68,322,440
09/27/2005,PUB,CO,ANM,WE,Combined TRACON& Tower with Radar,2,17,45,21,85,0,2,35,0,37,2,19,80,21,122,182,70,252,374
09/28/2005,PUB,CO,ANM,WE,Combined TRACON& Tower with Radar,0,16,33,25,74,0,0,10,2,12,0,16,43,27,86,124,78,202,288
09/29/2005,PUB,CO,ANM,WE,Combined TRACON& Tower with Radar,0,16,30,10,56,0,1,54,0,55,0,17,84,10,111,208,116,324,435
09/30/2005,PUB,CO,ANM,WE,Combined TRACON& Tower with Radar,0,28,45,15,88,0,0,60,0,60,0,28,105,15,148,240,46,286,434
10/01/2005,PUB,CO,ANM,WE,Combined TRACON& Tower with Radar,0,7,27,0,34,0,2,75,2,79,0,9,102,2,113,226,0,226,339
10/02/2005,PUB,CO,ANM,WE,Combined TRACON& Tower with Radar,0,7,37,0,44,0,0,68,8,76,0,7,105,8,120,186,0,186,306
10/03/2005,PUB,CO,ANM,WE,Combined TRACON& Tower with Radar,2,14,33,10,59,0,0,28,0,28,2,14,61,10,87,234,38,272,359
10/04/2005,PUB,CO,ANM,WE,Combined TRACON& Tower with Radar,0,7,28,14,49,0,0,11,0,11,0,7,39,14,60,6,34,40,100
10/05/2005,PUB,CO,ANM,WE,Combined TRACON& Tower with Radar,0,8,19,45,72,0,0,33,0,33,0,8,52,45,105,266,152,418,523
10/06/2005,PUB,CO,ANM,WE,Combined TRACON& Tower with Radar,0,12,31,10,53,2,2,61,0,65,2,14,92,10,118,247,97,344,462
10/07/2005,PUB,CO,ANM,WE,Combined TRACON& Tower with Radar,1,12,58,26,97,0,2,79,0,81,1,14,137,26,178,314,76,390,568
10/08/2005,PUB,CO,ANM,WE,Combined TRACON& Tower with Radar,0,9,23,2,34,0,0,82,6,88,0,9,105,8,122,256,2,258,380
10/09/2005,PUB,CO,ANM,WE,Combined TRACON& Tower with Radar,0,7,28,0,35,0,1,19,0,20,0,8,47,0,55,60,0,60,115
10/10/2005,PUB,CO,ANM,WE,Combined TRACON& Tower with Radar,0,17,15,1,33,0,0,4,0,4,0,17,19,1,37,0,0,0,37
10/11/2005,PUB,CO,ANM,WE,Combined TRACON& Tower with Radar,0,11,20,7,38,0,0,27,0,27,0,11,47,7,65,219,16,235,300
10/12/2005,PUB,CO,ANM,WE,Combined TRACON& Tower with Radar,0,14,93,25,132,0,2,11,0,13,0,16,104,25,145,348,62,410,555
10/13/2005,PUB,CO,ANM,WE,Combined TRACON& Tower with Radar,0,15,100,10,125,0,7,10,2,19,0,22,110,12,144,404,16,420,564
10/14/2005,PUB,CO,ANM,WE,Combined TRACON& Tower with Radar,0,10,54,18,82,4,3,71,0,78,4,13,125,18,160,359,30,389,549
10/15/2005,PUB,CO,ANM,WE,Combined TRACON& Tower with Radar,0,18,43,4,65,0,1,73,2,76,0,19,116,6,141,312,6,318,459
10/16/2005,PUB,CO,ANM,WE,Combined TRACON& Tower with Radar,4,10,38,14,66,0,5,94,0,99,4,15,132,14,165,226,30,256,421
10/17/2005,PUB,CO,ANM,WE,Combined TRACON& Tower with Radar,4,13,36,7,60,0,6,49,7,62,4,19,85,14,122,270,46,316,438
10/18/2005,PUB,CO,ANM,WE,Combined TRACON& Tower with Radar,0,9,30,37,76,0,7,53,0,60,0,16,83,37,136,188,54,242,378
10/19/2005,PUB,CO,ANM,WE,Combined TRACON& Tower with Radar,0,28,32,45,105,0,3,29,0,32,0,31,61,45,137,196,70,266,403
10/20/2005,PUB,CO,ANM,WE,Combined TRACON& Tower with Radar,2,11,92,26,131,0,23,30,0,53,2,34,122,26,184,252,86,338,522
10/21/2005,PUB,CO,ANM,WE,Combined TRACON& Tower with Radar,3,17,59,48,127,0,2,24,0,26,3,19,83,48,153,312,102,414,567
10/22/2005,PUB,CO,ANM,WE,Combined TRACON& Tower with Radar,0,14,25,9,48,5,1,90,0,96,5,15,115,9,144,222,16,238,382
10/23/2005,PUB,CO,ANM,WE,Combined TRACON& Tower with Radar,0,7,27,4,38,0,1,23,0,24,0,8,50,4,62,232,22,254,316
10/24/2005,PUB,CO,ANM,WE,Combined TRACON& Tower with Radar,0,9,48,30,87,0,6,76,0,82,0,15,124,30,169,252,40,292,461
10/25/2005,PUB,CO,ANM,WE,Combined TRACON& Tower with Radar,0,11,25,54,90,0,0,63,0,63,0,11,88,54,153,214,96,310,463
10/26/2005,PUB,CO,ANM,WE,Combined TRACON& Tower with Radar,2,9,44,28,83,0,4,46,0,50,2,13,90,28,133,180,40,220,353
10/27/2005,PUB,CO,ANM,WE,Combined TRACON& Tower with Radar,0,18,72,34,124,0,2,60,0,62,0,20,132,34,186,318,80,398,584
10/28/2005,PUB,CO,ANM,WE,Combined TRACON& Tower with Radar,1,14,53,28,96,4,2,50,0,56,5,16,103,28,152,264,116,380,532
10/29/2005,PUB,CO,ANM,WE,Combined TRACON& Tower with Radar,0,6,28,28,62,0,0,48,0,48,0,6,76,28,110,104,28,132,242
10/30/2005,PUB,CO,ANM,WE,Combined TRACON& Tower with Radar,0,4,19,0,23,0,0,57,0,57,0,4,76,0,80,230,0,230,310
10/31/2005,PUB,CO,ANM,WE,Combined TRACON& Tower with Radar,0,5,21,12,38,0,5,67,0,72,0,10,88,12,110,268,58,326,436
11/01/2005,PUB,CO,ANM,WE,Combined TRACON& Tower with Radar,0,12,27,31,70,0,5,41,11,57,0,17,68,42,127,196,84,280,407
11/02/2005,PUB,CO,ANM,WE,Combined TRACON& Tower with Radar,0,13,26,12,51,0,2,50,8,60,0,15,76,20,111,234,38,272,383
11/03/2005,PUB,CO,ANM,WE,Combined TRACON& Tower with Radar,2,13,35,8,58,0,4,16,0,20,2,17,51,8,78,78,80,158,236
11/04/2005,PUB,CO,ANM,WE,Combined TRACON& Tower with Radar,0,12,34,38,84,0,2,50,5,57,0,14,84,43,141,194,44,238,379
11/05/2005,PUB,CO,ANM,WE,Combined TRACON& Tower with Radar,0,5,20,15,40,0,1,53,0,54,0,6,73,15,94,210,26,236,330
11/06/2005,PUB,CO,ANM,WE,Combined TRACON& Tower with Radar,0,15,60,22,97,0,5,75,0,80,0,20,135,22,177,346,58,404,581
11/07/2005,PUB,CO,ANM,WE,Combined TRACON& Tower with Radar,0,8,15,20,43,0,3,72,2,77,0,11,87,22,120,256,50,306,426
11/08/2005,PUB,CO,ANM,WE,Combined TRACON& Tower with Radar,0,22,30,56,108,0,0,38,0,38,0,22,68,56,146,258,68,326,472
11/09/2005,PUB,CO,ANM,WE,Combined TRACON& Tower with Radar,0,12,35,23,70,0,2,56,2,60,0,14,91,25,130,339,74,413,543
11/10/2005,PUB,CO,ANM,WE,Combined TRACON& Tower with Radar,0,16,32,24,72,0,10,60,6,76,0,26,92,30,148,240,96,336,484
11/11/2005,PUB,CO,ANM,WE,Combined TRACON& Tower with Radar,0,12,41,6,59,1,0,58,0,59,1,12,99,6,118,190,6,196,314
11/12/2005,PUB,CO,ANM,WE,Combined TRACON& Tower with Radar,0,7,12,14,33,0,2,16,0,18,0,9,28,14,51,16,26,42,93
11/13/2005,PUB,CO,ANM,WE,Combined TRACON& Tower with Radar,0,11,27,14,52,0,4,60,0,64,0,15,87,14,116,152,14,166,282
11/14/2005,PUB,CO,ANM,WE,Combined TRACON& Tower with Radar,0,9,8,20,37,0,2,21,0,23,0,11,29,20,60,248,36,284,344
11/15/2005,PUB,CO,ANM,WE,Combined TRACON& Tower with Radar,0,12,13,36,61,0,2,39,2,43,0,14,52,38,104,172,128,300,404
11/16/2005,PUB,CO,ANM,WE,Combined TRACON& Tower with Radar,2,17,48,24,91,0,2,58,0,60,2,19,106,24,151,148,68,216,367
11/17/2005,PUB,CO,ANM,WE,Combined TRACON& Tower with Radar,0,18,30,38,86,0,5,34,0,39,0,23,64,38,125,34,90,124,249
11/18/2005,PUB,CO,ANM,WE,Combined TRACON& Tower with Radar,1,24,41,16,82,0,4,71,0,75,1,28,112,16,157,294,34,328,485
11/19/2005,PUB,CO,ANM,WE,Combined TRACON& Tower with Radar,0,17,22,8,47,0,2,31,0,33,0,19,53,8,80,78,10,88,168
11/20/2005,PUB,CO,ANM,WE,Combined TRACON& Tower with Radar,0,5,50,3,58,0,6,128,3,137,0,11,178,6,195,316,18,334,529
11/21/2005,PUB,CO,ANM,WE,Combined TRACON& Tower with Radar,0,10,28,34,72,2,13,66,0,81,2,23,94,34,153,206,28,234,387
11/22/2005,PUB,CO,ANM,WE,Combined TRACON& Tower with Radar,0,9,42,27,78,0,9,57,0,66,0,18,99,27,144,298,80,378,522
11/23/2005,PUB,CO,ANM,WE,Combined TRACON& Tower with Radar,0,11,30,5,46,0,0,62,0,62,0,11,92,5,108,316,18,334,442
11/24/2005,PUB,CO,ANM,WE,Combined TRACON& Tower with Radar,0,4,2,0,6,0,2,16,0,18,0,6,18,0,24,2,0,2,26
11/25/2005,PUB,CO,ANM,WE,Combined TRACON& Tower with Radar,0,8,50,0,58,0,0,69,6,75,0,8,119,6,133,137,5,142,275
11/26/2005,PUB,CO,ANM,WE,Combined TRACON& Tower with Radar,0,7,23,0,30,0,5,69,0,74,0,12,92,0,104,264,0,264,368
11/27/2005,PUB,CO,ANM,WE,Combined TRACON& Tower with Radar,0,9,9,0,18,0,0,5,0,5,0,9,14,0,23,0,0,0,23
11/28/2005,PUB,CO,ANM,WE,Combined TRACON& Tower with Radar,2,9,37,24,72,0,6,7,0,13,2,15,44,24,85,194,42,236,321
11/29/2005,PUB,CO,ANM,WE,Combined TRACON& Tower with Radar,0,7,60,17,84,0,5,27,0,32,0,12,87,17,116,262,52,314,430
11/30/2005,PUB,CO,ANM,WE,Combined TRACON& Tower with Radar,0,15,46,15,76,0,2,38,2,42,0,17,84,17,118,120,72,192,310
12/01/2005,PUB,CO,ANM,WE,Combined TRACON& Tower with Radar,0,14,24,20,58,0,0,60,10,70,0,14,84,30,128,302,34,336,464
12/02/2005,PUB,CO,ANM,WE,Combined TRACON& Tower with Radar,0,10,22,2,34,0,0,21,0,21,0,10,43,2,55,82,4,86,141
12/03/2005,PUB,CO,ANM,WE,Combined TRACON& Tower with Radar,0,5,4,0,9,0,0,13,0,13,0,5,17,0,22,60,0,60,82
12/04/2005,PUB,CO,ANM,WE,Combined TRACON& Tower with Radar,2,3,25,2,32,0,3,37,0,40,2,6,62,2,72,164,0,164,236
12/05/2005,PUB,CO,ANM,WE,Combined TRACON& Tower with Radar,0,5,15,10,30,0,8,79,5,92,0,13,94,15,122,190,10,200,322
12/06/2005,PUB,CO,ANM,WE,Combined TRACON& Tower with Radar,0,18,17,8,43,0,2,19,0,21,0,20,36,8,64,162,10,172,236
12/07/2005,PUB,CO,ANM,WE,Combined TRACON& Tower with Radar,0,11,16,3,30,0,3,27,0,30,0,14,43,3,60,190,10,200,260
12/08/2005,PUB,CO,ANM,WE,Combined TRACON& Tower with Radar,2,12,17,27,58,0,6,61,51,118,2,18,78,78,176,228,88,316,492
12/09/2005,PUB,CO,ANM,WE,Combined TRACON& Tower with Radar,2,8,45,40,95,0,1,59,0,60,2,9,104,40,155,297,120,417,572
12/10/2005,PUB,CO,ANM,WE,Combined TRACON& Tower with Radar,0,6,35,18,59,0,0,84,1,85,0,6,119,19,144,390,8,398,542
12/11/2005,PUB,CO,ANM,WE,Combined TRACON& Tower with Radar,0,0,47,10,57,0,2,82,0,84,0,2,129,10,141,318,10,328,469
12/12/2005,PUB,CO,ANM,WE,Combined TRACON& Tower with Radar,0,11,28,7,46,0,6,48,7,61,0,17,76,14,107,258,10,268,375
12/13/2005,PUB,CO,ANM,WE,Combined TRACON& Tower with Radar,0,15,36,41,92,0,2,39,7,48,0,17,75,48,140,58,107,165,305
12/14/2005,PUB,CO,ANM,WE,Combined TRACON& Tower with Radar,0,18,27,54,99,0,3,41,0,44,0,21,68,54,143,290,146,436,579
12/15/2005,PUB,CO,ANM,WE,Combined TRACON& Tower with Radar,0,10,44,16,70,0,2,66,4,72,0,12,110,20,142,334,46,380,522
12/16/2005,PUB,CO,ANM,WE,Combined TRACON& Tower with Radar,0,15,32,22,69,2,3,54,0,59,2,18,86,22,128,240,58,298,426
12/17/2005,PUB,CO,ANM,WE,Combined TRACON& Tower with Radar,0,10,20,0,30,0,0,10,0,10,0,10,30,0,40,181,0,181,221
12/18/2005,PUB,CO,ANM,WE,Combined TRACON& Tower with Radar,0,3,3,0,6,0,0,0,0,0,0,3,3,0,6,0,0,0,6
12/19/2005,PUB,CO,ANM,WE,Combined TRACON& Tower with Radar,0,8,31,3,42,0,0,16,6,22,0,8,47,9,64,142,42,184,248
12/20/2005,PUB,CO,ANM,WE,Combined TRACON& Tower with Radar,0,11,24,42,77,0,3,74,12,89,0,14,98,54,166,292,104,396,562
12/21/2005,PUB,CO,ANM,WE,Combined TRACON& Tower with Radar,0,21,44,21,86,0,5,80,1,86,0,26,124,22,172,202,18,220,392
12/22/2005,PUB,CO,ANM,WE,Combined TRACON& Tower with Radar,0,14,30,26,70,0,0,54,0,54,0,14,84,26,124,68,48,116,240
12/23/2005,PUB,CO,ANM,WE,Combined TRACON& Tower with Radar,0,13,18,0,31,0,0,11,0,11,0,13,29,0,42,50,0,50,92
12/24/2005,PUB,CO,ANM,WE,Combined TRACON& Tower with Radar,0,3,15,0,18,0,0,40,0,40,0,3,55,0,58,92,0,92,150
12/25/2005,PUB,CO,ANM,WE,Combined TRACON& Tower with Radar,0,12,4,0,16,0,2,43,0,45,0,14,47,0,61,48,0,48,109
12/26/2005,PUB,CO,ANM,WE,Combined TRACON& Tower with Radar,0,14,38,0,52,0,3,64,2,69,0,17,102,2,121,128,2,130,251
12/27/2005,PUB,CO,ANM,WE,Combined TRACON& Tower with Radar,0,18,28,23,69,0,3,20,1,24,0,21,48,24,93,136,20,156,249
12/28/2005,PUB,CO,ANM,WE,Combined TRACON& Tower with Radar,0,11,39,3,53,0,1,84,0,85,0,12,123,3,138,194,8,202,340
12/29/2005,PUB,CO,ANM,WE,Combined TRACON& Tower with Radar,0,11,16,6,33,0,12,16,0,28,0,23,32,6,61,24,12,36,97
12/30/2005,PUB,CO,ANM,WE,Combined TRACON& Tower with Radar,0,13,28,7,48,0,0,68,0,68,0,13,96,7,116,314,18,332,448
12/31/2005,PUB,CO,ANM,WE,Combined TRACON& Tower with Radar,0,4,33,0,37,0,4,74,2,80,0,8,107,2,117,240,0,240,357
01/01/2006,PUB,CO,ANM,WE,Combined TRACON& Tower with Radar,0,4,1,0,5,0,2,14,0,16,0,6,15,0,21,4,0,4,25
01/02/2006,PUB,CO,ANM,WE,Combined TRACON& Tower with Radar,0,4,65,0,69,0,6,62,4,72,0,10,127,4,141,350,0,350,491
01/03/2006,PUB,CO,ANM,WE,Combined TRACON& Tower with Radar,0,10,9,0,19,2,1,1,0,4,2,11,10,0,23,27,0,27,50
01/04/2006,PUB,CO,ANM,WE,Combined TRACON& Tower with Radar,0,14,43,41,98,0,2,39,0,41,0,16,82,41,139,334,114,448,587
01/05/2006,PUB,CO,ANM,WE,Combined TRACON& Tower with Radar,4,14,35,28,81,0,2,41,0,43,4,16,76,28,124,194,140,334,458
01/06/2006,PUB,CO,ANM,WE,Combined TRACON& Tower with Radar,0,10,4,8,22,0,2,56,0,58,0,12,60,8,80,27,144,171,251
01/07/2006,PUB,CO,ANM,WE,Combined TRACON& Tower with Radar,0,5,66,25,96,0,0,55,0,55,0,5,121,25,151,224,72,296,447
01/08/2006,PUB,CO,ANM,WE,Combined TRACON& Tower with Radar,0,11,16,2,29,0,2,9,0,11,0,13,25,2,40,4,2,6,46
01/09/2006,PUB,CO,ANM,WE,Combined TRACON& Tower with Radar,0,10,47,19,76,0,2,40,0,42,0,12,87,19,118,242,64,306,424
01/10/2006,PUB,CO,ANM,WE,Combined TRACON& Tower with Radar,2,16,38,11,67,0,2,69,35,106,2,18,107,46,173,226,53,279,452
01/11/2006,PUB,CO,ANM,WE,Combined TRACON& Tower with Radar,0,11,54,21,86,0,4,12,0,16,0,15,66,21,102,94,56,150,252
01/12/2006,PUB,CO,ANM,WE,Combined TRACON& Tower with Radar,0,15,24,20,59,0,4,30,8,42,0,19,54,28,101,232,86,318,419
01/13/2006,PUB,CO,ANM,WE,Combined TRACON& Tower with Radar,0,12,37,32,81,0,0,158,0,158,0,12,195,32,239,304,84,388,627
01/14/2006,PUB,CO,ANM,WE,Combined TRACON& Tower with Radar,0,9,26,2,37,0,1,128,8,137,0,10,154,10,174,264,22,286,460
01/15/2006,PUB,CO,ANM,WE,Combined TRACON& Tower with Radar,0,6,17,0,23,0,7,50,0,57,0,13,67,0,80,214,0,214,294
01/16/2006,PUB,CO,ANM,WE,Combined TRACON& Tower with Radar,0,12,26,2,40,0,0,5,0,5,0,12,31,2,45,26,0,26,71
01/17/2006,PUB,CO,ANM,WE,Combined TRACON& Tower with Radar,0,11,35,57,103,0,2,36,8,46,0,13,71,65,149,184,88,272,421
01/18/2006,PUB,CO,ANM,WE,Combined TRACON& Tower with Radar,0,18,39,15,72,0,3,16,4,23,0,21,55,19,95,100,68,168,263
01/19/2006,PUB,CO,ANM,WE,Combined TRACON& Tower with Radar,2,11,27,13,53,0,2,25,3,30,2,13,52,16,83,194,24,218,301
01/20/2006,PUB,CO,ANM,WE,Combined TRACON& Tower with Radar,0,12,35,12,59,0,0,35,0,35,0,12,70,12,94,226,14,240,334
01/21/2006,PUB,CO,ANM,WE,Combined TRACON& Tower with Radar,0,5,38,10,53,0,7,82,2,91,0,12,120,12,144,358,10,368,512
01/22/2006,PUB,CO,ANM,WE,Combined TRACON& Tower with Radar,2,4,26,1,33,0,5,29,1,35,2,9,55,2,68,236,0,236,304
01/23/2006,PUB,CO,ANM,WE,Combined TRACON& Tower with Radar,0,25,68,32,125,0,0,0,0,0,0,25,68,32,125,268,106,374,499
01/24/2006,PUB,CO,ANM,WE,Combined TRACON& Tower with Radar,0,13,60,46,119,0,4,49,0,53,0,17,109,46,172,226,162,388,560
01/25/2006,PUB,CO,ANM,WE,Combined TRACON& Tower with Radar,0,7,25,32,64,0,2,42,0,44,0,9,67,32,108,224,114,338,446
01/26/2006,PUB,CO,ANM,WE,Combined TRACON& Tower with Radar,2,9,20,44,75,0,2,24,0,26,2,11,44,44,101,186,130,316,417
01/27/2006,PUB,CO,ANM,WE,Combined TRACON& Tower with Radar,2,8,15,23,48,0,0,70,0,70,2,8,85,23,118,312,48,360,478
01/28/2006,PUB,CO,ANM,WE,Combined TRACON& Tower with Radar,0,6,39,8,53,0,6,36,2,44,0,12,75,10,97,286,28,314,411
01/29/2006,PUB,CO,ANM,WE,Combined TRACON& Tower with Radar,0,6,30,4,40,0,4,57,0,61,0,10,87,4,101,194,8,202,303
01/30/2006,PUB,CO,ANM,WE,Combined TRACON& Tower with Radar,0,13,36,23,72,0,0,64,0,64,0,13,100,23,136,174,70,244,380
01/31/2006,PUB,CO,ANM,WE,Combined TRACON& Tower with Radar,0,8,44,33,85,0,7,18,5,30,0,15,62,38,115,58,84,142,257
02/01/2006,PUB,CO,ANM,WE,Combined TRACON& Tower with Radar,0,14,84,48,146,0,2,31,0,33,0,16,115,48,179,228,126,354,533
02/02/2006,PUB,CO,ANM,WE,Combined TRACON& Tower with Radar,2,12,30,32,76,0,0,30,0,30,2,12,60,32,106,142,58,200,306
02/03/2006,PUB,CO,ANM,WE,Combined TRACON& Tower with Radar,1,12,36,16,65,0,0,17,0,17,1,12,53,16,82,114,74,188,270
02/04/2006,PUB,CO,ANM,WE,Combined TRACON& Tower with Radar,0,4,48,20,72,0,0,56,0,56,0,4,104,20,128,228,48,276,404
02/05/2006,PUB,CO,ANM,WE,Combined TRACON& Tower with Radar,0,4,9,0,13,0,2,11,0,13,0,6,20,0,26,38,0,38,64
02/06/2006,PUB,CO,ANM,WE,Combined TRACON& Tower with Radar,0,10,43,16,69,0,0,43,6,49,0,10,86,22,118,148,28,176,294
02/07/2006,PUB,CO,ANM,WE,Combined TRACON& Tower with Radar,0,10,21,47,78,0,2,44,2,48,0,12,65,49,126,208,67,275,401
02/08/2006,PUB,CO,ANM,WE,Combined TRACON& Tower with Radar,0,8,25,26,59,0,1,67,0,68,0,9,92,26,127,216,98,314,441
02/09/2006,PUB,CO,ANM,WE,Combined TRACON& Tower with Radar,0,7,28,14,49,0,0,34,0,34,0,7,62,14,83,92,60,152,235
02/10/2006,PUB,CO,ANM,WE,Combined TRACON& Tower with Radar,0,13,48,8,69,0,0,11,0,11,0,13,59,8,80,246,20,266,346
02/11/2006,PUB,CO,ANM,WE,Combined TRACON& Tower with Radar,0,6,29,13,48,0,0,60,0,60,0,6,89,13,108,206,50,256,364
02/12/2006,PUB,CO,ANM,WE,Combined TRACON& Tower with Radar,0,8,56,14,78,0,9,90,2,101,0,17,146,16,179,284,92,376,555
02/13/2006,PUB,CO,ANM,WE,Combined TRACON& Tower with Radar,0,8,18,32,58,0,6,36,0,42,0,14,54,32,100,96,40,136,236
02/14/2006,PUB,CO,ANM,WE,Combined TRACON& Tower with Radar,0,14,26,42,82,0,3,35,4,42,0,17,61,46,124,98,62,160,284
02/15/2006,PUB,CO,ANM,WE,Combined TRACON& Tower with Radar,0,20,40,14,74,0,5,43,0,48,0,25,83,14,122,232,52,284,406
02/16/2006,PUB,CO,ANM,WE,Combined TRACON& Tower with Radar,2,12,18,4,36,0,4,22,0,26,2,16,40,4,62,80,16,96,158
02/17/2006,PUB,CO,ANM,WE,Combined TRACON& Tower with Radar,0,16,29,3,48,0,0,21,0,21,0,16,50,3,69,102,2,104,173
02/18/2006,PUB,CO,ANM,WE,Combined TRACON& Tower with Radar,0,8,15,3,26,0,3,30,1,34,0,11,45,4,60,238,2,240,300
02/19/2006,PUB,CO,ANM,WE,Combined TRACON& Tower with Radar,0,4,20,0,24,0,2,39,2,43,0,6,59,2,67,240,0,240,307
02/20/2006,PUB,CO,ANM,WE,Combined TRACON& Tower with Radar,0,11,50,12,73,0,4,48,0,52,0,15,98,12,125,146,10,156,281
02/21/2006,PUB,CO,ANM,WE,Combined TRACON& Tower with Radar,0,14,55,47,116,0,2,21,7,30,0,16,76,54,146,149,98,247,393
02/22/2006,PUB,CO,ANM,WE,Combined TRACON& Tower with Radar,0,13,58,27,98,0,10,68,0,78,0,23,126,27,176,176,108,284,460
02/23/2006,PUB,CO,ANM,WE,Combined TRACON& Tower with Radar,0,14,62,16,92,0,0,78,0,78,0,14,140,16,170,218,78,296,466
02/24/2006,PUB,CO,ANM,WE,Combined TRACON& Tower with Radar,0,18,62,24,104,0,4,58,0,62,0,22,120,24,166,274,32,306,472
02/25/2006,PUB,CO,ANM,WE,Combined TRACON& Tower with Radar,0,7,29,43,79,0,4,96,0,100,0,11,125,43,179,176,66,242,421
02/26/2006,PUB,CO,ANM,WE,Combined TRACON& Tower with Radar,0,11,42,6,59,0,5,101,2,108,0,16,143,8,167,154,0,154,321
02/27/2006,PUB,CO,ANM,WE,Combined TRACON& Tower with Radar,0,15,42,22,79,0,3,62,0,65,0,18,104,22,144,120,60,180,324
02/28/2006,PUB,CO,ANM,WE,Combined TRACON& Tower with Radar,0,16,41,20,77,0,4,47,0,51,0,20,88,20,128,128,54,182,310
03/01/2006,PUB,CO,ANM,WE,Combined TRACON& Tower with Radar,0,29,31,52,112,0,3,7,0,10,0,32,38,52,122,42,90,132,254
03/02/2006,PUB,CO,ANM,WE,Combined TRACON& Tower with Radar,2,7,32,36,77,0,3,62,0,65,2,10,94,36,142,276,112,388,530
03/03/2006,PUB,CO,ANM,WE,Combined TRACON& Tower with Radar,0,12,36,12,60,0,4,74,0,78,0,16,110,12,138,324,38,362,500
03/04/2006,PUB,CO,ANM,WE,Combined TRACON& Tower with Radar,0,12,13,12,37,0,6,45,3,54,0,18,58,15,91,184,38,222,313
03/05/2006,PUB,CO,ANM,WE,Combined TRACON& Tower with Radar,4,9,30,6,49,0,10,104,0,114,4,19,134,6,163,268,20,288,451
03/06/2006,PUB,CO,ANM,WE,Combined TRACON& Tower with Radar,0,10,29,18,57,0,4,86,0,90,0,14,115,18,147,288,58,346,493
03/07/2006,PUB,CO,ANM,WE,Combined TRACON& Tower with Radar,0,13,38,59,110,0,5,30,10,45,0,18,68,69,155,88,82,170,325
03/08/2006,PUB,CO,ANM,WE,Combined TRACON& Tower with Radar,2,14,39,18,73,0,2,7,0,9,2,16,46,18,82,120,28,148,230
03/09/2006,PUB,CO,ANM,WE,Combined TRACON& Tower with Radar,2,9,30,60,101,0,3,56,2,61,2,12,86,62,162,182,128,310,472
03/10/2006,PUB,CO,ANM,WE,Combined TRACON& Tower with Radar,4,11,36,8,59,0,0,18,0,18,4,11,54,8,77,96,40,136,213
03/11/2006,PUB,CO,ANM,WE,Combined TRACON& Tower with Radar,0,22,74,4,100,0,3,34,0,37,0,25,108,4,137,232,6,238,375
03/12/2006,PUB,CO,ANM,WE,Combined TRACON& Tower with Radar,0,4,40,4,48,0,2,33,0,35,0,6,73,4,83,112,14,126,209
03/13/2006,PUB,CO,ANM,WE,Combined TRACON& Tower with Radar,0,9,43,20,72,0,2,30,0,32,0,11,73,20,104,252,80,332,436
03/14/2006,PUB,CO,ANM,WE,Combined TRACON& Tower with Radar,0,8,56,19,83,0,0,36,2,38,0,8,92,21,121,116,62,178,299
03/15/2006,PUB,CO,ANM,WE,Combined TRACON& Tower with Radar,0,19,31,14,64,0,5,6,0,11,0,24,37,14,75,96,32,128,203
03/16/2006,PUB,CO,ANM,WE,Combined TRACON& Tower with Radar,2,8,44,48,102,0,8,64,0,72,2,16,108,48,174,254,140,394,568
03/17/2006,PUB,CO,ANM,WE,Combined TRACON& Tower with Radar,0,10,85,18,113,0,5,59,0,64,0,15,144,18,177,192,26,218,395
03/18/2006,PUB,CO,ANM,WE,Combined TRACON& Tower with Radar,0,7,105,0,112,0,2,2,1,5,0,9,107,1,117,236,0,236,353
03/19/2006,PUB,CO,ANM,WE,Combined TRACON& Tower with Radar,0,7,33,0,40,0,0,16,0,16,0,7,49,0,56,156,0,156,212
03/20/2006,PUB,CO,ANM,WE,Combined TRACON& Tower with Radar,0,9,7,0,16,0,0,3,0,3,0,9,10,0,19,0,0,0,19
03/21/2006,PUB,CO,ANM,WE,Combined TRACON& Tower with Radar,2,12,23,45,82,0,2,41,0,43,2,14,64,45,125,290,62,352,477
03/22/2006,PUB,CO,ANM,WE,Combined TRACON& Tower with Radar,0,10,19,50,79,0,3,4,0,7,0,13,23,50,86,194,74,268,354
03/23/2006,PUB,CO,ANM,WE,Combined TRACON& Tower with Radar,0,11,55,26,92,0,4,15,0,19,0,15,70,26,111,226,86,312,423
03/24/2006,PUB,CO,ANM,WE,Combined TRACON& Tower with Radar,1,8,65,38,112,0,2,26,0,28,1,10,91,38,140,155,82,237,377
03/25/2006,PUB,CO,ANM,WE,Combined TRACON& Tower with Radar,0,8,90,4,102,0,2,65,0,67,0,10,155,4,169,271,7,278,447
03/26/2006,PUB,CO,ANM,WE,Combined TRACON& Tower with Radar,0,10,21,2,33,0,3,18,0,21,0,13,39,2,54,46,0,46,100
03/27/2006,PUB,CO,ANM,WE,Combined TRACON& Tower with Radar,2,13,52,53,120,0,2,17,0,19,2,15,69,53,139,164,162,326,465
03/28/2006,PUB,CO,ANM,WE,Combined TRACON& Tower with Radar,0,16,17,7,40,0,3,51,4,58,0,19,68,11,98,168,48,216,314
03/29/2006,PUB,CO,ANM,WE,Combined TRACON& Tower with Radar,0,13,22,12,47,0,0,29,4,33,0,13,51,16,80,2000,30,2030,2110
03/30/2006,PUB,CO,ANM,WE,Combined TRACON& Tower with Radar,2,17,22,15,56,0,0,30,7,37,2,17,52,22,93,96,38,134,227
03/31/2006,PUB,CO,ANM,WE,Combined TRACON& Tower with Radar,0,11,37,16,64,0,4,59,0,63,0,15,96,16,127,320,28,348,475
04/01/2006,PUB,CO,ANM,WE,Combined TRACON& Tower with Radar,0,8,66,1,75,0,0,43,1,44,0,8,109,2,119,142,0,142,261
04/02/2006,PUB,CO,ANM,WE,Combined TRACON& Tower with Radar,0,2,35,0,37,0,6,33,2,41,0,8,68,2,78,80,2,82,160
04/03/2006,PUB,CO,ANM,WE,Combined TRACON& Tower with Radar,0,14,18,19,51,0,2,57,0,59,0,16,75,19,110,196,96,292,402
04/04/2006,PUB,CO,ANM,WE,Combined TRACON& Tower with Radar,0,11,19,12,42,0,2,78,0,80,0,13,97,12,122,184,82,266,388
04/05/2006,PUB,CO,ANM,WE,Combined TRACON& Tower with Radar,0,12,33,11,56,0,0,27,0,27,0,12,60,11,83,128,54,182,265
04/06/2006,PUB,CO,ANM,WE,Combined TRACON& Tower with Radar,0,9,27,35,71,0,0,11,0,11,0,9,38,35,82,4,75,79,161
04/07/2006,PUB,CO,ANM,WE,Combined TRACON& Tower with Radar,2,13,10,2,27,0,1,8,0,9,2,14,18,2,36,0,22,22,58
04/08/2006,PUB,CO,ANM,WE,Combined TRACON& Tower with Radar,0,5,52,2,59,0,3,70,4,77,0,8,122,6,136,306,22,328,464
04/09/2006,PUB,CO,ANM,WE,Combined TRACON& Tower with Radar,0,3,41,2,46,0,12,84,1,97,0,15,125,3,143,296,28,324,467
04/10/2006,PUB,CO,ANM,WE,Combined TRACON& Tower with Radar,0,12,27,20,59,0,4,59,0,63,0,16,86,20,122,232,46,278,400
04/11/2006,PUB,CO,ANM,WE,Combined TRACON& Tower with Radar,0,17,16,32,65,0,2,18,0,20,0,19,34,32,85,36,142,178,263
04/12/2006,PUB,CO,ANM,WE,Combined TRACON& Tower with Radar,0,11,37,29,77,0,0,41,0,41,0,11,78,29,118,120,58,178,296
04/13/2006,PUB,CO,ANM,WE,Combined TRACON& Tower with Radar,2,18,53,5,78,0,0,34,0,34,2,18,87,5,112,150,46,196,308
04/14/2006,PUB,CO,ANM,WE,Combined TRACON& Tower with Radar,2,16,48,46,112,0,2,28,0,30,2,18,76,46,142,228,98,326,468
04/15/2006,PUB,CO,ANM,WE,Combined TRACON& Tower with Radar,0,11,11,3,25,0,0,0,0,0,0,11,11,3,25,6,2,8,33
04/16/2006,PUB,CO,ANM,WE,Combined TRACON& Tower with Radar,0,5,14,4,23,0,8,56,0,64,0,13,70,4,87,186,12,198,285
04/17/2006,PUB,CO,ANM,WE,Combined TRACON& Tower with Radar,0,20,57,18,95,0,3,22,0,25,0,23,79,18,120,190,48,238,358
04/18/2006,PUB,CO,ANM,WE,Combined TRACON& Tower with Radar,0,16,13,6,35,0,1,8,5,14,0,17,21,11,49,18,28,46,95
04/19/2006,PUB,CO,ANM,WE,Combined TRACON& Tower with Radar,0,14,47,15,76,0,0,55,0,55,0,14,102,15,131,126,108,234,365
04/20/2006,PUB,CO,ANM,WE,Combined TRACON& Tower with Radar,0,12,34,24,70,0,1,30,0,31,0,13,64,24,101,220,150,370,471
04/21/2006,PUB,CO,ANM,WE,Combined TRACON& Tower with Radar,2,16,31,10,59,0,4,92,0,96,2,20,123,10,155,200,28,228,383
04/22/2006,PUB,CO,ANM,WE,Combined TRACON& Tower with Radar,0,15,61,6,82,1,0,121,10,132,1,15,182,16,214,192,16,208,422
04/23/2006,PUB,CO,ANM,WE,Combined TRACON& Tower with Radar,0,8,22,0,30,0,6,43,2,51,0,14,65,2,81,80,0,80,161
04/24/2006,PUB,CO,ANM,WE,Combined TRACON& Tower with Radar,0,7,39,10,56,0,0,0,3,3,0,7,39,13,59,80,24,104,163
04/25/2006,PUB,CO,ANM,WE,Combined TRACON& Tower with Radar,0,10,19,48,77,0,9,29,0,38,0,19,48,48,115,224,125,349,464
04/26/2006,PUB,CO,ANM,WE,Combined TRACON& Tower with Radar,0,14,24,17,55,0,0,45,2,47,0,14,69,19,102,132,70,202,304
04/27/2006,PUB,CO,ANM,WE,Combined TRACON& Tower with Radar,0,11,66,15,92,0,4,23,0,27,0,15,89,15,119,112,18,130,249
04/28/2006,PUB,CO,ANM,WE,Combined TRACON& Tower with Radar,2,14,14,1,31,0,0,0,0,0,2,14,14,1,31,14,0,14,45
04/29/2006,PUB,CO,ANM,WE,Combined TRACON& Tower with Radar,0,4,30,3,37,0,0,16,0,16,0,4,46,3,53,60,5,65,118
04/30/2006,PUB,CO,ANM,WE,Combined TRACON& Tower with Radar,0,8,42,6,56,0,0,73,0,73,0,8,115,6,129,146,24,170,299
05/01/2006,PUB,CO,ANM,WE,Combined TRACON& Tower with Radar,0,12,50,20,82,0,4,53,0,57,0,16,103,20,139,142,70,212,351
05/02/2006,PUB,CO,ANM,WE,Combined TRACON& Tower with Radar,2,14,36,50,102,0,1,42,9,52,2,15,78,59,154,92,88,180,334
05/03/2006,PUB,CO,ANM,WE,Combined TRACON& Tower with Radar,0,7,52,33,92,0,2,35,0,37,0,9,87,33,129,156,56,212,341
05/04/2006,PUB,CO,ANM,WE,Combined TRACON& Tower with Radar,2,14,20,15,51,0,0,15,0,15,2,14,35,15,66,96,32,128,194
05/05/2006,PUB,CO,ANM,WE,Combined TRACON& Tower with Radar,2,12,38,6,58,0,4,0,0,4,2,16,38,6,62,4,8,12,74
05/06/2006,PUB,CO,ANM,WE,Combined TRACON& Tower with Radar,0,10,55,25,90,0,0,18,0,18,0,10,73,25,108,114,44,158,266
05/07/2006,PUB,CO,ANM,WE,Combined TRACON& Tower with Radar,2,15,40,8,65,0,5,62,0,67,2,20,102,8,132,152,50,202,334
05/08/2006,PUB,CO,ANM,WE,Combined TRACON& Tower with Radar,0,9,48,7,64,0,1,28,0,29,0,10,76,7,93,74,8,82,175
05/09/2006,PUB,CO,ANM,WE,Combined TRACON& Tower with Radar,0,8,19,39,66,0,0,18,5,23,0,8,37,44,89,14,98,112,201
05/10/2006,PUB,CO,ANM,WE,Combined TRACON& Tower with Radar,2,16,49,16,83,0,0,11,0,11,2,16,60,16,94,10,58,68,162
05/11/2006,PUB,CO,ANM,WE,Combined TRACON& Tower with Radar,2,9,44,23,78,0,1,27,0,28,2,10,71,23,106,65,69,134,240
05/12/2006,PUB,CO,ANM,WE,Combined TRACON& Tower with Radar,4,7,34,37,82,0,15,14,0,29,4,22,48,37,111,28,55,83,194
05/13/2006,PUB,CO,ANM,WE,Combined TRACON& Tower with Radar,1,8,40,10,59,0,0,53,0,53,1,8,93,10,112,540,10,550,662
05/14/2006,PUB,CO,ANM,WE,Combined TRACON& Tower with Radar,0,3,18,8,29,0,4,20,0,24,0,7,38,8,53,68,2,70,123
05/15/2006,PUB,CO,ANM,WE,Combined TRACON& Tower with Radar,0,17,65,14,96,0,2,24,0,26,0,19,89,14,122,140,48,188,310
05/16/2006,PUB,CO,ANM,WE,Combined TRACON& Tower with Radar,0,7,29,59,95,0,9,75,9,93,0,16,104,68,188,228,124,352,540
05/17/2006,PUB,CO,ANM,WE,Combined TRACON& Tower with Radar,0,15,45,32,92,0,2,51,0,53,0,17,96,32,145,98,74,172,317
05/18/2006,PUB,CO,ANM,WE,Combined TRACON& Tower with Radar,2,9,35,15,61,0,4,64,7,75,2,13,99,22,136,174,53,227,363
05/19/2006,PUB,CO,ANM,WE,Combined TRACON& Tower with Radar,0,12,43,15,70,0,5,47,0,52,0,17,90,15,122,92,54,146,268
05/20/2006,PUB,CO,ANM,WE,Combined TRACON& Tower with Radar,2,14,29,0,45,0,3,81,0,84,2,17,110,0,129,110,0,110,239
05/21/2006,PUB,CO,ANM,WE,Combined TRACON& Tower with Radar,0,12,31,5,48,0,3,44,0,47,0,15,75,5,95,128,8,136,231
05/22/2006,PUB,CO,ANM,WE,Combined TRACON& Tower with Radar,0,8,24,18,50,0,7,42,0,49,0,15,66,18,99,124,48,172,271
05/23/2006,PUB,CO,ANM,WE,Combined TRACON& Tower with Radar,0,17,37,45,99,0,2,40,10,52,0,19,77,55,151,189,82,271,422
05/24/2006,PUB,CO,ANM,WE,Combined TRACON& Tower with Radar,0,9,42,25,76,0,3,56,0,59,0,12,98,25,135,114,52,166,301
05/25/2006,PUB,CO,ANM,WE,Combined TRACON& Tower with Radar,0,10,54,26,90,0,2,50,0,52,0,12,104,26,142,153,76,229,371
05/26/2006,PUB,CO,ANM,WE,Combined TRACON& Tower with Radar,0,9,18,14,41,0,11,66,50,127,0,20,84,64,168,96,20,116,284
05/27/2006,PUB,CO,ANM,WE,Combined TRACON& Tower with Radar,0,4,21,13,38,0,0,49,0,49,0,4,70,13,87,126,0,126,213
05/28/2006,PUB,CO,ANM,WE,Combined TRACON& Tower with Radar,0,2,15,0,17,0,2,43,0,45,0,4,58,0,62,52,0,52,114
05/29/2006,PUB,CO,ANM,WE,Combined TRACON& Tower with Radar,0,25,31,0,56,0,1,84,0,85,0,26,115,0,141,174,0,174,315
05/30/2006,PUB,CO,ANM,WE,Combined TRACON& Tower with Radar,0,10,40,11,61,0,6,47,0,53,0,16,87,11,114,127,28,155,269
05/31/2006,PUB,CO,ANM,WE,Combined TRACON& Tower with Radar,0,9,24,11,44,0,0,33,2,35,0,9,57,13,79,92,14,106,185
06/01/2006,PUB,CO,ANM,WE,Combined TRACON& Tower with Radar,0,13,42,24,79,4,2,64,0,70,4,15,106,24,149,126,61,187,336
06/02/2006,PUB,CO,ANM,WE,Combined TRACON& Tower with Radar,4,10,51,2,67,0,3,39,2,44,4,13,90,4,111,130,8,138,249
06/03/2006,PUB,CO,ANM,WE,Combined TRACON& Tower with Radar,0,6,16,2,24,0,8,50,0,58,0,14,66,2,82,28,16,44,126
06/04/2006,PUB,CO,ANM,WE,Combined TRACON& Tower with Radar,0,13,26,0,39,0,12,71,0,83,0,25,97,0,122,142,0,142,264
06/05/2006,PUB,CO,ANM,WE,Combined TRACON& Tower with Radar,2,18,37,23,80,0,9,44,0,53,2,27,81,23,133,118,68,186,319
06/06/2006,PUB,CO,ANM,WE,Combined TRACON& Tower with Radar,0,15,32,22,69,0,0,34,0,34,0,15,66,22,103,154,92,246,349
06/07/2006,PUB,CO,ANM,WE,Combined TRACON& Tower with Radar,2,11,41,16,70,0,0,46,5,51,2,11,87,21,121,144,28,172,293
06/08/2006,PUB,CO,ANM,WE,Combined TRACON& Tower with Radar,1,11,38,25,75,0,7,37,0,44,1,18,75,25,119,70,22,92,211
06/09/2006,PUB,CO,ANM,WE,Combined TRACON& Tower with Radar,0,16,57,2,75,0,6,57,6,69,0,22,114,8,144,88,22,110,254
06/10/2006,PUB,CO,ANM,WE,Combined TRACON& Tower with Radar,0,10,32,4,46,0,0,78,0,78,0,10,110,4,124,150,6,156,280
06/11/2006,PUB,CO,ANM,WE,Combined TRACON& Tower with Radar,16,4,54,0,74,0,12,58,4,74,16,16,112,4,148,120,0,120,268
06/12/2006,PUB,CO,ANM,WE,Combined TRACON& Tower with Radar,0,12,33,10,55,0,4,25,0,29,0,16,58,10,84,126,40,166,250
06/13/2006,PUB,CO,ANM,WE,Combined TRACON& Tower with Radar,0,12,23,21,56,0,0,6,0,6,0,12,29,21,62,93,60,153,215
06/14/2006,PUB,CO,ANM,WE,Combined TRACON& Tower with Radar,0,23,20,16,59,0,2,19,0,21,0,25,39,16,80,86,40,126,206
06/15/2006,PUB,CO,ANM,WE,Combined TRACON& Tower with Radar,4,9,28,22,63,0,6,37,0,43,4,15,65,22,106,130,20,150,256
06/16/2006,PUB,CO,ANM,WE,Combined TRACON& Tower with Radar,4,15,24,5,48,0,6,34,1,41,4,21,58,6,89,42,16,58,147
06/17/2006,PUB,CO,ANM,WE,Combined TRACON& Tower with Radar,0,6,47,40,93,0,2,74,0,76,0,8,121,40,169,110,40,150,319
06/18/2006,PUB,CO,ANM,WE,Combined TRACON& Tower with Radar,0,10,38,5,53,0,2,74,0,76,0,12,112,5,129,98,2,100,229
06/19/2006,PUB,CO,ANM,WE,Combined TRACON& Tower with Radar,0,14,40,23,77,0,2,48,4,54,0,16,88,27,131,122,48,170,301
06/20/2006,PUB,CO,ANM,WE,Combined TRACON& Tower with Radar,0,12,48,26,86,2,0,41,0,43,2,12,89,26,129,104,30,134,263
06/21/2006,PUB,CO,ANM,WE,Combined TRACON& Tower with Radar,0,9,51,9,69,0,0,10,0,10,0,9,61,9,79,82,34,116,195
06/22/2006,PUB,CO,ANM,WE,Combined TRACON& Tower with Radar,2,7,47,14,70,0,2,37,0,39,2,9,84,14,109,48,54,102,211
06/23/2006,PUB,CO,ANM,WE,Combined TRACON& Tower with Radar,2,14,42,10,68,0,3,64,0,67,2,17,106,10,135,165,26,191,326
06/24/2006,PUB,CO,ANM,WE,Combined TRACON& Tower with Radar,2,6,20,2,30,0,2,40,0,42,2,8,60,2,72,152,0,152,224
06/25/2006,PUB,CO,ANM,WE,Combined TRACON& Tower with Radar,0,9,57,2,68,0,11,96,8,115,0,20,153,10,183,130,0,130,313
06/26/2006,PUB,CO,ANM,WE,Combined TRACON& Tower with Radar,0,16,31,15,62,0,2,88,3,93,0,18,119,18,155,174,96,270,425
06/27/2006,PUB,CO,ANM,WE,Combined TRACON& Tower with Radar,0,8,41,27,76,0,0,32,0,32,0,8,73,27,108,136,32,168,276
06/28/2006,PUB,CO,ANM,WE,Combined TRACON& Tower with Radar,0,14,40,13,67,0,0,52,0,52,0,14,92,13,119,166,58,224,343
06/29/2006,PUB,CO,ANM,WE,Combined TRACON& Tower with Radar,2,17,37,19,75,0,2,58,19,79,2,19,95,38,154,166,42,208,362
06/30/2006,PUB,CO,ANM,WE,Combined TRACON& Tower with Radar,0,18,35,15,68,0,0,53,1,54,0,18,88,16,122,122,6,128,250
07/01/2006,PUB,CO,ANM,WE,Combined TRACON& Tower with Radar,0,7,35,0,42,0,3,41,0,44,0,10,76,0,86,68,0,68,154
07/02/2006,PUB,CO,ANM,WE,Combined TRACON& Tower with Radar,2,5,33,0,40,0,8,34,4,46,2,13,67,4,86,142,0,142,228
07/03/2006,PUB,CO,ANM,WE,Combined TRACON& Tower with Radar,0,12,44,0,56,0,2,54,0,56,0,14,98,0,112,54,0,54,166
07/04/2006,PUB,CO,ANM,WE,Combined TRACON& Tower with Radar,0,4,34,0,38,0,5,50,4,59,0,9,84,4,97,188,0,188,285
07/05/2006,PUB,CO,ANM,WE,Combined TRACON& Tower with Radar,0,11,26,8,45,0,6,42,0,48,0,17,68,8,93,178,48,226,319
07/06/2006,PUB,CO,ANM,WE,Combined TRACON& Tower with Radar,1,7,38,4,50,1,4,51,0,56,2,11,89,4,106,124,34,158,264
07/07/2006,PUB,CO,ANM,WE,Combined TRACON& Tower with Radar,1,17,45,4,67,0,1,31,0,32,1,18,76,4,99,116,20,136,235
07/08/2006,PUB,CO,ANM,WE,Combined TRACON& Tower with Radar,0,10,39,2,51,0,0,19,5,24,0,10,58,7,75,68,0,68,143
07/09/2006,PUB,CO,ANM,WE,Combined TRACON& Tower with Radar,0,4,38,2,44,0,4,22,0,26,0,8,60,2,70,36,0,36,106
07/10/2006,PUB,CO,ANM,WE,Combined TRACON& Tower with Radar,0,12,65,21,98,0,0,14,0,14,0,12,79,21,112,126,54,180,292
07/11/2006,PUB,CO,ANM,WE,Combined TRACON& Tower with Radar,0,14,52,22,88,0,0,68,0,68,0,14,120,22,156,156,132,288,444
07/12/2006,PUB,CO,ANM,WE,Combined TRACON& Tower with Radar,0,11,61,23,95,0,4,31,7,42,0,15,92,30,137,130,82,212,349
07/13/2006,PUB,CO,ANM,WE,Combined TRACON& Tower with Radar,0,17,66,35,118,0,0,57,0,57,0,17,123,35,175,126,68,194,369
07/14/2006,PUB,CO,ANM,WE,Combined TRACON& Tower with Radar,2,9,46,22,79,0,11,48,0,59,2,20,94,22,138,92,66,158,296
07/15/2006,PUB,CO,ANM,WE,Combined TRACON& Tower with Radar,0,8,41,0,49,0,6,111,0,117,0,14,152,0,166,80,2,82,248
07/16/2006,PUB,CO,ANM,WE,Combined TRACON& Tower with Radar,0,8,39,0,47,0,7,62,5,74,0,15,101,5,121,54,18,72,193
07/17/2006,PUB,CO,ANM,WE,Combined TRACON& Tower with Radar,0,13,43,12,68,0,4,21,0,25,0,17,64,12,93,78,46,124,217
07/18/2006,PUB,CO,ANM,WE,Combined TRACON& Tower with Radar,0,17,68,8,93,0,0,17,0,17,0,17,85,8,110,104,24,128,238
07/19/2006,PUB,CO,ANM,WE,Combined TRACON& Tower with Radar,0,10,33,22,65,0,0,54,0,54,0,10,87,22,119,132,24,156,275
07/20/2006,PUB,CO,ANM,WE,Combined TRACON& Tower with Radar,0,17,13,2,32,0,0,40,1,41,0,17,53,3,73,84,4,88,161
07/21/2006,PUB,CO,ANM,WE,Combined TRACON& Tower with Radar,0,7,28,12,47,0,6,35,0,41,0,13,63,12,88,78,36,114,202
07/22/2006,PUB,CO,ANM,WE,Combined TRACON& Tower with Radar,0,11,40,6,57,0,0,77,0,77,0,11,117,6,134,64,12,76,210
07/23/2006,PUB,CO,ANM,WE,Combined TRACON& Tower with Radar,0,13,41,7,61,0,3,74,3,80,0,16,115,10,141,34,10,44,185
07/24/2006,PUB,CO,ANM,WE,Combined TRACON& Tower with Radar,0,15,51,5,71,0,0,0,0,0,0,15,51,5,71,116,32,148,219
07/25/2006,PUB,CO,ANM,WE,Combined TRACON& Tower with Radar,0,19,72,19,110,0,0,60,0,60,0,19,132,19,170,126,62,188,358
07/26/2006,PUB,CO,ANM,WE,Combined TRACON& Tower with Radar,0,9,38,19,66,0,1,44,0,45,0,10,82,19,111,72,86,158,269
07/27/2006,PUB,CO,ANM,WE,Combined TRACON& Tower with Radar,0,17,29,14,60,0,0,39,0,39,0,17,68,14,99,118,44,162,261
07/28/2006,PUB,CO,ANM,WE,Combined TRACON& Tower with Radar,5,15,42,12,74,0,3,28,0,31,5,18,70,12,105,96,34,130,235
07/29/2006,PUB,CO,ANM,WE,Combined TRACON& Tower with Radar,0,10,52,12,74,0,4,46,2,52,0,14,98,14,126,72,16,88,214
07/30/2006,PUB,CO,ANM,WE,Combined TRACON& Tower with Radar,0,11,54,0,65,0,7,99,0,106,0,18,153,0,171,126,0,126,297
07/31/2006,PUB,CO,ANM,WE,Combined TRACON& Tower with Radar,0,15,21,5,41,0,3,53,11,67,0,18,74,16,108,62,8,70,178
08/01/2006,PUB,CO,ANM,WE,Combined TRACON& Tower with Radar,2,7,37,24,70,0,8,98,0,106,2,15,135,24,176,110,98,208,384
08/02/2006,PUB,CO,ANM,WE,Combined TRACON& Tower with Radar,0,10,37,19,66,0,2,82,0,84,0,12,119,19,150,150,34,184,334
08/03/2006,PUB,CO,ANM,WE,Combined TRACON& Tower with Radar,0,11,30,14,55,0,1,63,0,64,0,12,93,14,119,72,53,125,244
08/04/2006,PUB,CO,ANM,WE,Combined TRACON& Tower with Radar,0,6,50,14,70,0,5,32,8,45,0,11,82,22,115,98,20,118,233
08/05/2006,PUB,CO,ANM,WE,Combined TRACON& Tower with Radar,0,10,33,3,46,0,1,94,0,95,0,11,127,3,141,116,19,135,276
08/06/2006,PUB,CO,ANM,WE,Combined TRACON& Tower with Radar,0,10,34,4,48,0,2,30,2,34,0,12,64,6,82,100,2,102,184
08/07/2006,PUB,CO,ANM,WE,Combined TRACON& Tower with Radar,0,17,19,8,44,0,5,57,0,62,0,22,76,8,106,84,48,132,238
08/08/2006,PUB,CO,ANM,WE,Combined TRACON& Tower with Radar,0,8,35,28,71,0,11,83,0,94,0,19,118,28,165,108,86,194,359
08/09/2006,PUB,CO,ANM,WE,Combined TRACON& Tower with Radar,0,11,28,8,47,0,3,37,1,41,0,14,65,9,88,106,14,120,208
08/10/2006,PUB,CO,ANM,WE,Combined TRACON& Tower with Radar,2,17,45,30,94,0,0,28,0,28,2,17,73,30,122,124,74,198,320
08/11/2006,PUB,CO,ANM,WE,Combined TRACON& Tower with Radar,0,9,25,14,48,0,1,55,4,60,0,10,80,18,108,110,70,180,288
08/12/2006,PUB,CO,ANM,WE,Combined TRACON& Tower with Radar,0,8,19,0,27,0,0,52,0,52,0,8,71,0,79,6,2,8,87
08/13/2006,PUB,CO,ANM,WE,Combined TRACON& Tower with Radar,0,8,16,2,26,0,2,95,0,97,0,10,111,2,123,111,2,113,236
08/14/2006,PUB,CO,ANM,WE,Combined TRACON& Tower with Radar,0,18,50,25,93,0,3,35,3,41,0,21,85,28,134,162,76,238,372
08/15/2006,PUB,CO,ANM,WE,Combined TRACON& Tower with Radar,0,13,66,22,101,0,0,18,1,19,0,13,84,23,120,28,30,58,178
08/16/2006,PUB,CO,ANM,WE,Combined TRACON& Tower with Radar,0,11,69,6,86,0,3,23,38,64,0,14,92,44,150,92,58,150,300
08/17/2006,PUB,CO,ANM,WE,Combined TRACON& Tower with Radar,0,20,39,6,65,0,0,37,0,37,0,20,76,6,102,118,6,124,226
08/18/2006,PUB,CO,ANM,WE,Combined TRACON& Tower with Radar,2,9,45,4,60,0,2,25,0,27,2,11,70,4,87,60,28,88,175
08/19/2006,PUB,CO,ANM,WE,Combined TRACON& Tower with Radar,4,8,43,2,57,0,0,18,0,18,4,8,61,2,75,109,28,137,212
08/20/2006,PUB,CO,ANM,WE,Combined TRACON& Tower with Radar,0,17,42,8,67,0,1,42,0,43,0,18,84,8,110,30,8,38,148
08/21/2006,PUB,CO,ANM,WE,Combined TRACON& Tower with Radar,0,10,38,14,62,0,12,41,0,53,0,22,79,14,115,68,56,124,239
08/22/2006,PUB,CO,ANM,WE,Combined TRACON& Tower with Radar,0,12,70,11,93,0,0,0,0,0,0,12,70,11,93,58,76,134,227
08/23/2006,PUB,CO,ANM,WE,Combined TRACON& Tower with Radar,0,17,77,26,120,0,0,42,3,45,0,17,119,29,165,140,70,210,375
08/24/2006,PUB,CO,ANM,WE,Combined TRACON& Tower with Radar,0,16,28,12,56,0,2,55,2,59,0,18,83,14,115,78,24,102,217
08/25/2006,PUB,CO,ANM,WE,Combined TRACON& Tower with Radar,4,12,30,10,56,0,0,0,0,0,4,12,30,10,56,40,10,50,106
08/26/2006,PUB,CO,ANM,WE,Combined TRACON& Tower with Radar,0,8,31,3,42,0,4,34,3,41,0,12,65,6,83,68,2,70,153
08/27/2006,PUB,CO,ANM,WE,Combined TRACON& Tower with Radar,0,8,56,3,67,0,4,26,2,32,0,12,82,5,99,30,4,34,133
08/28/2006,PUB,CO,ANM,WE,Combined TRACON& Tower with Radar,0,21,20,18,59,0,3,51,0,54,0,24,71,18,113,82,20,102,215
08/29/2006,PUB,CO,ANM,WE,Combined TRACON& Tower with Radar,0,16,46,55,117,0,2,51,10,63,0,18,97,65,180,95,82,177,357
08/30/2006,PUB,CO,ANM,WE,Combined TRACON& Tower with Radar,0,12,70,30,112,0,1,14,0,15,0,13,84,30,127,68,82,150,277
08/31/2006,PUB,CO,ANM,WE,Combined TRACON& Tower with Radar,4,16,49,30,99,0,2,29,0,31,4,18,78,30,130,117,36,153,283
09/01/2006,PUB,CO,ANM,WE,Combined TRACON& Tower with Radar,2,22,42,4,70,0,0,42,0,42,2,22,84,4,112,40,2,42,154
09/02/2006,PUB,CO,ANM,WE,Combined TRACON& Tower with Radar,0,4,27,0,31,0,0,28,0,28,0,4,55,0,59,80,2,82,141
09/03/2006,PUB,CO,ANM,WE,Combined TRACON& Tower with Radar,0,4,30,2,36,0,7,62,0,69,0,11,92,2,105,80,2,82,187
09/04/2006,PUB,CO,ANM,WE,Combined TRACON& Tower with Radar,0,26,62,6,94,0,0,62,0,62,0,26,124,6,156,92,2,94,250
09/05/2006,PUB,CO,ANM,WE,Combined TRACON& Tower with Radar,0,17,23,37,77,0,2,56,4,62,0,19,79,41,139,97,58,155,294
09/06/2006,PUB,CO,ANM,WE,Combined TRACON& Tower with Radar,0,15,23,37,75,0,0,29,1,30,0,15,52,38,105,30,34,64,169
09/07/2006,PUB,CO,ANM,WE,Combined TRACON& Tower with Radar,2,10,28,20,60,0,0,21,0,21,2,10,49,20,81,62,36,98,179
09/08/2006,PUB,CO,ANM,WE,Combined TRACON& Tower with Radar,0,11,30,18,59,0,2,35,0,37,0,13,65,18,96,104,42,146,242
09/09/2006,PUB,CO,ANM,WE,Combined TRACON& Tower with Radar,0,10,54,19,83,0,0,40,0,40,0,10,94,19,123,122,52,174,297
09/10/2006,PUB,CO,ANM,WE,Combined TRACON& Tower with Radar,0,8,51,4,63,0,0,39,0,39,0,8,90,4,102,40,0,40,142
09/11/2006,PUB,CO,ANM,WE,Combined TRACON& Tower with Radar,0,17,56,20,93,0,3,9,0,12,0,20,65,20,105,80,92,172,277
09/12/2006,PUB,CO,ANM,WE,Combined TRACON& Tower with Radar,0,11,40,17,68,0,8,39,0,47,0,19,79,17,115,86,58,144,259
09/13/2006,PUB,CO,ANM,WE,Combined TRACON& Tower with Radar,0,9,39,31,79,0,3,62,0,65,0,12,101,31,144,76,74,150,294
09/14/2006,PUB,CO,ANM,WE,Combined TRACON& Tower with Radar,4,14,34,25,77,0,5,15,3,23,4,19,49,28,100,84,48,132,232
09/15/2006,PUB,CO,ANM,WE,Combined TRACON& Tower with Radar,0,15,24,5,44,0,1,24,0,25,0,16,48,5,69,60,22,82,151
09/16/2006,PUB,CO,ANM,WE,Combined TRACON& Tower with Radar,0,4,29,0,33,0,1,20,0,21,0,5,49,0,54,8,0,8,62
09/17/2006,PUB,CO,ANM,WE,Combined TRACON& Tower with Radar,2,6,47,2,57,0,11,59,1,71,2,17,106,3,128,90,0,90,218
09/18/2006,PUB,CO,ANM,WE,Combined TRACON& Tower with Radar,0,23,59,5,87,0,3,62,0,65,0,26,121,5,152,134,18,152,304
09/19/2006,PUB,CO,ANM,WE,Combined TRACON& Tower with Radar,0,16,51,25,92,0,3,103,0,106,0,19,154,25,198,114,38,152,350
09/20/2006,PUB,CO,ANM,WE,Combined TRACON& Tower with Radar,0,14,41,30,85,0,2,52,0,54,0,16,93,30,139,110,78,188,327
09/21/2006,PUB,CO,ANM,WE,Combined TRACON& Tower with Radar,0,14,29,2,45,0,1,14,10,25,0,15,43,12,70,42,24,66,136
09/22/2006,PUB,CO,ANM,WE,Combined TRACON& Tower with Radar,0,9,20,7,36,0,1,9,0,10,0,10,29,7,46,65,60,125,171
09/23/2006,PUB,CO,ANM,WE,Combined TRACON& Tower with Radar,0,3,23,10,36,0,5,38,0,43,0,8,61,10,79,96,22,118,197
09/24/2006,PUB,CO,ANM,WE,Combined TRACON& Tower with Radar,0,13,76,5,94,0,2,68,2,72,0,15,144,7,166,86,6,92,258
09/25/2006,PUB,CO,ANM,WE,Combined TRACON& Tower with Radar,0,5,60,16,81,0,0,78,0,78,0,5,138,16,159,118,44,162,321
09/26/2006,PUB,CO,ANM,WE,Combined TRACON& Tower with Radar,0,11,39,24,74,0,1,26,0,27,0,12,65,24,101,40,42,82,183
09/27/2006,PUB,CO,ANM,WE,Combined TRACON& Tower with Radar,0,9,44,34,87,0,2,53,8,63,0,11,97,42,150,70,66,136,286
09/28/2006,PUB,CO,ANM,WE,Combined TRACON& Tower with Radar,0,7,40,4,51,0,2,51,0,53,0,9,91,4,104,116,18,134,238
09/29/2006,PUB,CO,ANM,WE,Combined TRACON& Tower with Radar,0,7,50,16,73,0,2,46,0,48,0,9,96,16,121,76,16,92,213
09/30/2006,PUB,CO,ANM,WE,Combined TRACON& Tower with Radar,0,8,31,0,39,0,3,68,0,71,0,11,99,0,110,78,0,78,188
10/01/2006,PUB,CO,ANM,WE,Combined TRACON& Tower with Radar,0,4,34,0,38,0,3,69,2,74,0,7,103,2,112,34,4,38,150
10/02/2006,PUB,CO,ANM,WE,Combined TRACON& Tower with Radar,4,22,40,8,74,0,2,62,0,64,4,24,102,8,138,109,14,123,261
10/03/2006,PUB,CO,ANM,WE,Combined TRACON& Tower with Radar,0,20,39,28,87,0,4,28,0,32,0,24,67,28,119,98,76,174,293
10/04/2006,PUB,CO,ANM,WE,Combined TRACON& Tower with Radar,0,12,35,16,63,0,0,34,0,34,0,12,69,16,97,158,80,238,335
10/05/2006,PUB,CO,ANM,WE,Combined TRACON& Tower with Radar,0,10,47,6,63,0,1,31,0,32,0,11,78,6,95,126,22,148,243
10/06/2006,PUB,CO,ANM,WE,Combined TRACON& Tower with Radar,0,13,38,10,61,0,3,40,0,43,0,16,78,10,104,84,44,128,232
10/07/2006,PUB,CO,ANM,WE,Combined TRACON& Tower with Radar,0,10,16,0,26,0,4,61,0,65,0,14,77,0,91,50,0,50,141
10/08/2006,PUB,CO,ANM,WE,Combined TRACON& Tower with Radar,0,4,32,4,40,0,2,1,0,3,0,6,33,4,43,6,8,14,57
10/09/2006,PUB,CO,ANM,WE,Combined TRACON& Tower with Radar,0,17,36,3,56,0,3,20,0,23,0,20,56,3,79,10,7,17,96
10/10/2006,PUB,CO,ANM,WE,Combined TRACON& Tower with Radar,0,17,38,18,73,0,4,41,0,45,0,21,79,18,118,82,62,144,262
10/11/2006,PUB,CO,ANM,WE,Combined TRACON& Tower with Radar,0,13,32,23,68,0,7,26,0,33,0,20,58,23,101,100,110,210,311
10/12/2006,PUB,CO,ANM,WE,Combined TRACON& Tower with Radar,1,10,37,24,72,1,7,20,0,28,2,17,57,24,100,148,20,168,268
10/13/2006,PUB,CO,ANM,WE,Combined TRACON& Tower with Radar,0,16,74,26,116,0,0,40,0,40,0,16,114,26,156,160,36,196,352
10/14/2006,PUB,CO,ANM,WE,Combined TRACON& Tower with Radar,0,6,25,0,31,0,0,37,3,40,0,6,62,3,71,76,20,96,167
10/15/2006,PUB,CO,ANM,WE,Combined TRACON& Tower with Radar,0,20,15,0,35,0,3,83,7,93,0,23,98,7,128,42,36,78,206
10/16/2006,PUB,CO,ANM,WE,Combined TRACON& Tower with Radar,0,13,44,79,136,0,3,30,7,40,0,16,74,86,176,121,93,214,390
10/17/2006,PUB,CO,ANM,WE,Combined TRACON& Tower with Radar,0,10,37,35,82,0,6,37,51,94,0,16,74,86,176,126,180,306,482
10/18/2006,PUB,CO,ANM,WE,Combined TRACON& Tower with Radar,0,18,31,41,90,0,0,38,0,38,0,18,69,41,128,178,190,368,496
10/19/2006,PUB,CO,ANM,WE,Combined TRACON& Tower with Radar,0,13,46,19,78,0,2,67,8,77,0,15,113,27,155,152,122,274,429
10/20/2006,PUB,CO,ANM,WE,Combined TRACON& Tower with Radar,2,14,26,38,80,0,0,32,0,32,2,14,58,38,112,32,148,180,292
10/21/2006,PUB,CO,ANM,WE,Combined TRACON& Tower with Radar,0,6,15,0,21,0,6,33,0,39,0,12,48,0,60,44,0,44,104
10/22/2006,PUB,CO,ANM,WE,Combined TRACON& Tower with Radar,3,6,56,2,67,0,2,52,4,58,3,8,108,6,125,100,36,136,261
10/23/2006,PUB,CO,ANM,WE,Combined TRACON& Tower with Radar,2,14,41,16,73,0,3,86,22,111,2,17,127,38,184,202,114,316,500
10/24/2006,PUB,CO,ANM,WE,Combined TRACON& Tower with Radar,0,6,30,4,40,0,0,84,15,99,0,6,114,19,139,265,28,293,432
10/25/2006,PUB,CO,ANM,WE,Combined TRACON& Tower with Radar,0,15,58,43,116,0,0,56,0,56,0,15,114,43,172,282,96,378,550
10/26/2006,PUB,CO,ANM,WE,Combined TRACON& Tower with Radar,1,6,3,0,10,0,2,5,0,7,1,8,8,0,17,0,0,0,17
10/27/2006,PUB,CO,ANM,WE,Combined TRACON& Tower with Radar,2,11,30,16,59,0,0,58,10,68,2,11,88,26,127,160,122,282,409
10/28/2006,PUB,CO,ANM,WE,Combined TRACON& Tower with Radar,0,6,38,18,62,0,10,80,0,90,0,16,118,18,152,96,54,150,302
10/29/2006,PUB,CO,ANM,WE,Combined TRACON& Tower with Radar,0,10,75,0,85,0,2,55,0,57,0,12,130,0,142,76,0,76,218
10/30/2006,PUB,CO,ANM,WE,Combined TRACON& Tower with Radar,0,9,20,29,58,0,5,11,19,35,0,14,31,48,93,38,228,266,359
10/31/2006,PUB,CO,ANM,WE,Combined TRACON& Tower with Radar,0,13,34,42,89,0,5,24,45,74,0,18,58,87,163,145,339,484,647
11/01/2006,PUB,CO,ANM,WE,Combined TRACON& Tower with Radar,0,12,71,44,127,0,8,71,23,102,0,20,142,67,229,152,272,424,653
11/02/2006,PUB,CO,ANM,WE,Combined TRACON& Tower with Radar,1,14,78,4,97,0,1,37,53,91,1,15,115,57,188,158,232,390,578
11/03/2006,PUB,CO,ANM,WE,Combined TRACON& Tower with Radar,0,12,60,55,127,0,4,26,0,30,0,16,86,55,157,96,252,348,505
11/04/2006,PUB,CO,ANM,WE,Combined TRACON& Tower with Radar,0,9,63,24,96,0,5,43,0,48,0,14,106,24,144,166,66,232,376
11/05/2006,PUB,CO,ANM,WE,Combined TRACON& Tower with Radar,0,8,53,0,61,0,10,63,0,73,0,18,116,0,134,116,0,116,250
11/06/2006,PUB,CO,ANM,WE,Combined TRACON& Tower with Radar,0,22,36,39,97,0,0,38,5,43,0,22,74,44,140,176,304,480,620
11/07/2006,PUB,CO,ANM,WE,Combined TRACON& Tower with Radar,1,14,51,36,102,0,0,46,23,69,1,14,97,59,171,172,250,422,593
11/08/2006,PUB,CO,ANM,WE,Combined TRACON& Tower with Radar,0,12,38,32,82,0,9,25,32,66,0,21,63,64,148,40,168,208,356
11/09/2006,PUB,CO,ANM,WE,Combined TRACON& Tower with Radar,0,8,59,17,84,0,0,11,24,35,0,8,70,41,119,158,198,356,475
11/10/2006,PUB,CO,ANM,WE,Combined TRACON& Tower with Radar,0,10,24,4,38,0,0,44,2,46,0,10,68,6,84,100,4,104,188
11/11/2006,PUB,CO,ANM,WE,Combined TRACON& Tower with Radar,0,5,33,0,38,0,5,32,2,39,0,10,65,2,77,114,0,114,191
11/12/2006,PUB,CO,ANM,WE,Combined TRACON& Tower with Radar,0,8,27,0,35,0,4,18,0,22,0,12,45,0,57,40,0,40,97
11/13/2006,PUB,CO,ANM,WE,Combined TRACON& Tower with Radar,0,9,9,0,18,0,4,38,16,58,0,13,47,16,76,44,136,180,256
11/14/2006,PUB,CO,ANM,WE,Combined TRACON& Tower with Radar,0,7,30,8,45,0,0,5,19,24,0,7,35,27,69,62,94,156,225
11/15/2006,PUB,CO,ANM,WE,Combined TRACON& Tower with Radar,0,14,32,28,74,0,3,72,25,100,0,17,104,53,174,128,256,384,558
11/16/2006,PUB,CO,ANM,WE,Combined TRACON& Tower with Radar,2,8,58,47,115,0,4,58,5,67,2,12,116,52,182,128,202,330,512
11/17/2006,PUB,CO,ANM,WE,Combined TRACON& Tower with Radar,2,10,54,24,90,0,4,42,12,58,2,14,96,36,148,104,206,310,458
11/18/2006,PUB,CO,ANM,WE,Combined TRACON& Tower with Radar,0,7,54,6,67,0,7,72,0,79,0,14,126,6,146,130,26,156,302
11/19/2006,PUB,CO,ANM,WE,Combined TRACON& Tower with Radar,0,7,52,4,63,0,4,72,0,76,0,11,124,4,139,146,22,168,307
11/20/2006,PUB,CO,ANM,WE,Combined TRACON& Tower with Radar,0,17,54,26,97,0,0,50,50,100,0,17,104,76,197,113,331,444,641
11/21/2006,PUB,CO,ANM,WE,Combined TRACON& Tower with Radar,0,16,58,25,99,0,0,64,21,85,0,16,122,46,184,254,248,502,686
11/22/2006,PUB,CO,ANM,WE,Combined TRACON& Tower with Radar,0,16,23,32,71,0,2,52,13,67,0,18,75,45,138,122,200,322,460
11/23/2006,PUB,CO,ANM,WE,Combined TRACON& Tower with Radar,0,2,1,0,3,0,0,18,0,18,0,2,19,0,21,0,0,0,21
11/24/2006,PUB,CO,ANM,WE,Combined TRACON& Tower with Radar,0,13,26,0,39,0,0,52,32,84,0,13,78,32,123,66,198,264,387
11/25/2006,PUB,CO,ANM,WE,Combined TRACON& Tower with Radar,0,8,38,0,46,0,4,77,4,85,0,12,115,4,131,116,8,124,255
11/26/2006,PUB,CO,ANM,WE,Combined TRACON& Tower with Radar,0,9,71,0,80,0,2,67,0,69,0,11,138,0,149,222,0,222,371
11/27/2006,PUB,CO,ANM,WE,Combined TRACON& Tower with Radar,0,24,31,44,99,0,2,8,2,12,0,26,39,46,111,92,148,240,351
11/28/2006,PUB,CO,ANM,WE,Combined TRACON& Tower with Radar,0,19,25,29,73,0,0,0,0,0,0,19,25,29,73,68,248,316,389
11/29/2006,PUB,CO,ANM,WE,Combined TRACON& Tower with Radar,2,16,6,0,24,0,0,0,0,0,2,16,6,0,24,0,0,0,24
11/30/2006,PUB,CO,ANM,WE,Combined TRACON& Tower with Radar,0,15,33,20,68,0,0,38,25,63,0,15,71,45,131,78,224,302,433
12/01/2006,PUB,CO,ANM,WE,Combined TRACON& Tower with Radar,2,16,50,12,80,0,0,34,16,50,2,16,84,28,130,50,252,302,432
12/02/2006,PUB,CO,ANM,WE,Combined TRACON& Tower with Radar,0,5,7,0,12,0,0,3,2,5,0,5,10,2,17,2,10,12,29
12/03/2006,PUB,CO,ANM,WE,Combined TRACON& Tower with Radar,2,6,25,0,33,0,0,48,0,48,2,6,73,0,81,142,0,142,223
12/04/2006,PUB,CO,ANM,WE,Combined TRACON& Tower with Radar,0,12,17,16,45,0,3,55,42,100,0,15,72,58,145,138,284,422,567
12/05/2006,PUB,CO,ANM,WE,Combined TRACON& Tower with Radar,0,9,37,26,72,0,3,43,44,90,0,12,80,70,162,106,256,362,524
12/06/2006,PUB,CO,ANM,WE,Combined TRACON& Tower with Radar,0,11,36,31,78,0,7,48,28,83,0,18,84,59,161,102,360,462,623
12/07/2006,PUB,CO,ANM,WE,Combined TRACON& Tower with Radar,2,8,27,37,74,0,2,22,17,41,2,10,49,54,115,22,376,398,513
12/08/2006,PUB,CO,ANM,WE,Combined TRACON& Tower with Radar,2,14,54,52,122,0,4,30,2,36,2,18,84,54,158,38,220,258,416
12/09/2006,PUB,CO,ANM,WE,Combined TRACON& Tower with Radar,0,8,24,0,32,0,1,69,2,72,0,9,93,2,104,68,0,68,172
12/10/2006,PUB,CO,ANM,WE,Combined TRACON& Tower with Radar,0,5,24,4,33,0,13,60,55,128,0,18,84,59,161,56,4,60,221
12/11/2006,PUB,CO,ANM,WE,Combined TRACON& Tower with Radar,0,9,17,19,45,0,1,10,16,27,0,10,27,35,72,86,166,252,324
12/12/2006,PUB,CO,ANM,WE,Combined TRACON& Tower with Radar,0,12,57,31,100,0,0,33,45,78,0,12,90,76,178,72,296,368,546
12/13/2006,PUB,CO,ANM,WE,Combined TRACON& Tower with Radar,0,13,49,20,82,0,6,39,34,79,0,19,88,54,161,50,158,208,369
12/14/2006,PUB,CO,ANM,WE,Combined TRACON& Tower with Radar,4,12,63,43,122,0,5,40,16,61,4,17,103,59,183,86,168,254,437
12/15/2006,PUB,CO,ANM,WE,Combined TRACON& Tower with Radar,0,8,45,10,63,0,4,31,30,65,0,12,76,40,128,76,98,174,302
12/16/2006,PUB,CO,ANM,WE,Combined TRACON& Tower with Radar,0,12,58,1,71,1,0,74,1,76,1,12,132,2,147,44,0,44,191
12/17/2006,PUB,CO,ANM,WE,Combined TRACON& Tower with Radar,0,8,39,0,47,0,1,10,0,11,0,9,49,0,58,104,0,104,162
12/18/2006,PUB,CO,ANM,WE,Combined TRACON& Tower with Radar,1,8,30,2,41,0,0,47,29,76,1,8,77,31,117,144,194,338,455
12/19/2006,PUB,CO,ANM,WE,Combined TRACON& Tower with Radar,1,9,11,0,21,0,3,4,0,7,1,12,15,0,28,0,0,0,28
12/20/2006,PUB,CO,ANM,WE,Combined TRACON& Tower with Radar,0,2,5,1,8,0,0,0,0,0,0,2,5,1,8,0,0,0,8
12/21/2006,PUB,CO,ANM,WE,Combined TRACON& Tower with Radar,0,4,24,0,28,0,3,10,7,20,0,7,34,7,48,20,18,38,86
12/22/2006,PUB,CO,ANM,WE,Combined TRACON& Tower with Radar,0,12,38,10,60,0,2,52,2,56,0,14,90,12,116,36,36,72,188
12/23/2006,PUB,CO,ANM,WE,Combined TRACON& Tower with Radar,0,13,29,0,42,0,5,87,0,92,0,18,116,0,134,70,0,70,204
12/24/2006,PUB,CO,ANM,WE,Combined TRACON& Tower with Radar,0,3,13,0,16,0,3,8,0,11,0,6,21,0,27,8,0,8,35
12/25/2006,PUB,CO,ANM,WE,Combined TRACON& Tower with Radar,0,3,0,0,3,0,0,3,0,3,0,3,3,0,6,0,0,0,6
12/26/2006,PUB,CO,ANM,WE,Combined TRACON& Tower with Radar,0,13,45,12,70,0,0,38,0,38,0,13,83,12,108,100,44,144,252
12/27/2006,PUB,CO,ANM,WE,Combined TRACON& Tower with Radar,2,11,23,17,53,0,0,55,9,64,2,11,78,26,117,82,80,162,279
12/28/2006,PUB,CO,ANM,WE,Combined TRACON& Tower with Radar,0,13,22,21,56,0,1,0,2,3,0,14,22,23,59,14,10,24,83
12/29/2006,PUB,CO,ANM,WE,Combined TRACON& Tower with Radar,0,9,3,0,12,0,0,0,0,0,0,9,3,0,12,0,0,0,12
12/30/2006,PUB,CO,ANM,WE,Combined TRACON& Tower with Radar,0,10,18,0,28,0,0,1,0,1,0,10,19,0,29,0,0,0,29
12/31/2006,PUB,CO,ANM,WE,Combined TRACON& Tower with Radar,0,3,25,11,39,0,12,60,4,76,0,15,85,15,115,100,6,106,221
01/01/2007,PUB,CO,ANM,WE,Combined TRACON& Tower with Radar,0,6,29,1,36,0,5,51,0,56,0,11,80,1,92,46,3,49,141
01/02/2007,PUB,CO,ANM,WE,Combined TRACON& Tower with Radar,0,12,32,9,53,0,3,56,7,66,0,15,88,16,119,98,60,158,277
01/03/2007,PUB,CO,ANM,WE,Combined TRACON& Tower with Radar,0,16,31,17,64,0,3,58,2,63,0,19,89,19,127,74,68,142,269
01/04/2007,PUB,CO,ANM,WE,Combined TRACON& Tower with Radar,0,13,28,7,48,0,0,43,17,60,0,13,71,24,108,66,46,112,220
01/05/2007,PUB,CO,ANM,WE,Combined TRACON& Tower with Radar,0,9,8,0,17,0,0,4,0,4,0,9,12,0,21,0,0,0,21
01/06/2007,PUB,CO,ANM,WE,Combined TRACON& Tower with Radar,0,8,35,8,51,0,6,47,0,53,0,14,82,8,104,124,26,150,254
01/07/2007,PUB,CO,ANM,WE,Combined TRACON& Tower with Radar,0,4,30,3,37,0,4,40,5,49,0,8,70,8,86,116,16,132,218
01/08/2007,PUB,CO,ANM,WE,Combined TRACON& Tower with Radar,0,12,12,14,38,0,0,20,21,41,0,12,32,35,79,48,128,176,255
01/09/2007,PUB,CO,ANM,WE,Combined TRACON& Tower with Radar,0,18,30,37,85,0,2,65,11,78,0,20,95,48,163,134,160,294,457
01/10/2007,PUB,CO,ANM,WE,Combined TRACON& Tower with Radar,0,14,44,14,72,0,3,24,15,42,0,17,68,29,114,42,120,162,276
01/11/2007,PUB,CO,ANM,WE,Combined TRACON& Tower with Radar,0,6,48,25,79,0,12,27,30,69,0,18,75,55,148,62,218,280,428
01/12/2007,PUB,CO,ANM,WE,Combined TRACON& Tower with Radar,0,12,4,0,16,0,2,0,0,2,0,14,4,0,18,0,0,0,18
01/13/2007,PUB,CO,ANM,WE,Combined TRACON& Tower with Radar,0,10,12,0,22,0,1,6,0,7,0,11,18,0,29,52,0,52,81
01/14/2007,PUB,CO,ANM,WE,Combined TRACON& Tower with Radar,0,4,0,0,4,0,0,6,0,6,0,4,6,0,10,2,0,2,12
01/15/2007,PUB,CO,ANM,WE,Combined TRACON& Tower with Radar,0,9,34,0,43,0,5,33,0,38,0,14,67,0,81,86,0,86,167
01/16/2007,PUB,CO,ANM,WE,Combined TRACON& Tower with Radar,0,16,33,18,67,0,2,41,16,59,0,18,74,34,126,76,94,170,296
01/17/2007,PUB,CO,ANM,WE,Combined TRACON& Tower with Radar,4,9,40,41,94,0,0,7,25,32,4,9,47,66,126,50,228,278,404
01/18/2007,PUB,CO,ANM,WE,Combined TRACON& Tower with Radar,0,9,27,26,62,0,0,46,8,54,0,9,73,34,116,122,224,346,462
01/19/2007,PUB,CO,ANM,WE,Combined TRACON& Tower with Radar,0,13,70,30,113,0,5,20,18,43,0,18,90,48,156,104,184,288,444
01/20/2007,PUB,CO,ANM,WE,Combined TRACON& Tower with Radar,0,10,14,0,24,0,4,26,2,32,0,14,40,2,56,108,2,110,166
01/21/2007,PUB,CO,ANM,WE,Combined TRACON& Tower with Radar,0,3,17,0,20,0,3,6,2,11,0,6,23,2,31,30,0,30,61
01/22/2007,PUB,CO,ANM,WE,Combined TRACON& Tower with Radar,0,12,10,18,40,0,2,39,56,97,0,14,49,74,137,82,346,428,565
01/23/2007,PUB,CO,ANM,WE,Combined TRACON& Tower with Radar,9,15,31,7,62,0,0,56,50,106,9,15,87,57,168,78,330,408,576
01/24/2007,PUB,CO,ANM,WE,Combined TRACON& Tower with Radar,0,8,33,26,67,0,2,43,35,80,0,10,76,61,147,130,244,374,521
01/25/2007,PUB,CO,ANM,WE,Combined TRACON& Tower with Radar,0,19,63,29,111,0,3,65,23,91,0,22,128,52,202,86,296,382,584
01/26/2007,PUB,CO,ANM,WE,Combined TRACON& Tower with Radar,0,15,38,3,56,0,2,39,25,66,0,17,77,28,122,16,108,124,246
01/27/2007,PUB,CO,ANM,WE,Combined TRACON& Tower with Radar,0,7,16,0,23,0,0,8,0,8,0,7,24,0,31,88,0,88,119
01/28/2007,PUB,CO,ANM,WE,Combined TRACON& Tower with Radar,0,6,82,0,88,0,6,49,3,58,0,12,131,3,146,144,4,148,294
01/29/2007,PUB,CO,ANM,WE,Combined TRACON& Tower with Radar,0,7,41,17,65,0,2,63,21,86,0,9,104,38,151,102,278,380,531
01/30/2007,PUB,CO,ANM,WE,Combined TRACON& Tower with Radar,2,10,21,14,47,0,0,20,38,58,2,10,41,52,105,190,368,558,663
01/31/2007,PUB,CO,ANM,WE,Combined TRACON& Tower with Radar,0,10,21,5,36,0,1,7,2,10,0,11,28,7,46,30,18,48,94
02/01/2007,PUB,CO,ANM,WE,Combined TRACON& Tower with Radar,2,9,13,19,43,0,2,14,19,35,2,11,27,38,78,138,170,308,386
02/02/2007,PUB,CO,ANM,WE,Combined TRACON& Tower with Radar,0,8,24,0,32,0,0,0,38,38,0,8,24,38,70,40,202,242,312
02/03/2007,PUB,CO,ANM,WE,Combined TRACON& Tower with Radar,0,6,23,0,29,0,0,18,0,18,0,6,41,0,47,32,0,32,79
02/04/2007,PUB,CO,ANM,WE,Combined TRACON& Tower with Radar,0,5,40,1,46,0,5,42,3,50,0,10,82,4,96,178,0,178,274
02/05/2007,PUB,CO,ANM,WE,Combined TRACON& Tower with Radar,0,8,50,19,77,0,3,36,20,59,0,11,86,39,136,208,261,469,605
02/06/2007,PUB,CO,ANM,WE,Combined TRACON& Tower with Radar,0,17,33,10,60,0,3,58,57,118,0,20,91,67,178,150,234,384,562
02/07/2007,PUB,CO,ANM,WE,Combined TRACON& Tower with Radar,0,12,24,27,63,0,0,0,0,0,0,12,24,27,63,34,38,72,135
02/08/2007,PUB,CO,ANM,WE,Combined TRACON& Tower with Radar,1,3,4,1,9,1,4,5,1,11,2,7,9,2,20,0,0,0,20
02/09/2007,PUB,CO,ANM,WE,Combined TRACON& Tower with Radar,0,10,27,12,49,0,2,14,10,26,0,12,41,22,75,36,22,58,133
02/10/2007,PUB,CO,ANM,WE,Combined TRACON& Tower with Radar,0,3,38,3,44,0,2,0,0,2,0,5,38,3,46,10,4,14,60
02/11/2007,PUB,CO,ANM,WE,Combined TRACON& Tower with Radar,0,10,51,8,69,0,4,81,0,85,0,14,132,8,154,128,8,136,290
02/12/2007,PUB,CO,ANM,WE,Combined TRACON& Tower with Radar,2,28,28,14,72,0,3,11,15,29,2,31,39,29,101,62,95,157,258
02/13/2007,PUB,CO,ANM,WE,Combined TRACON& Tower with Radar,0,17,8,2,27,0,0,0,1,1,0,17,8,3,28,0,0,0,28
02/14/2007,PUB,CO,ANM,WE,Combined TRACON& Tower with Radar,0,10,11,10,31,0,0,15,31,46,0,10,26,41,77,54,128,182,259
02/15/2007,PUB,CO,ANM,WE,Combined TRACON& Tower with Radar,0,18,25,23,66,0,0,18,28,46,0,18,43,51,112,68,280,348,460
02/16/2007,PUB,CO,ANM,WE,Combined TRACON& Tower with Radar,2,12,30,10,54,0,0,6,5,11,2,12,36,15,65,2,10,12,77
02/17/2007,PUB,CO,ANM,WE,Combined TRACON& Tower with Radar,0,12,55,0,67,1,0,66,29,96,1,12,121,29,163,122,194,316,479
02/18/2007,PUB,CO,ANM,WE,Combined TRACON& Tower with Radar,0,5,87,5,97,0,1,66,0,67,0,6,153,5,164,128,4,132,296
02/19/2007,PUB,CO,ANM,WE,Combined TRACON& Tower with Radar,0,14,33,0,47,0,3,38,0,41,0,17,71,0,88,93,0,93,181
02/20/2007,PUB,CO,ANM,WE,Combined TRACON& Tower with Radar,0,8,27,30,65,0,10,35,58,103,0,18,62,88,168,67,287,354,522
02/21/2007,PUB,CO,ANM,WE,Combined TRACON& Tower with Radar,2,11,38,26,77,0,0,53,53,106,2,11,91,79,183,84,364,448,631
02/22/2007,PUB,CO,ANM,WE,Combined TRACON& Tower with Radar,0,12,59,17,88,0,4,45,50,99,0,16,104,67,187,56,280,336,523
02/23/2007,PUB,CO,ANM,WE,Combined TRACON& Tower with Radar,0,20,21,17,58,0,0,12,30,42,0,20,33,47,100,62,254,316,416
02/24/2007,PUB,CO,ANM,WE,Combined TRACON& Tower with Radar,0,4,12,12,28,0,6,0,0,6,0,10,12,12,34,4,24,28,62
02/25/2007,PUB,CO,ANM,WE,Combined TRACON& Tower with Radar,0,8,54,15,77,0,4,82,3,89,0,12,136,18,166,144,6,150,316
02/26/2007,PUB,CO,ANM,WE,Combined TRACON& Tower with Radar,0,9,29,19,57,0,6,19,34,59,0,15,48,53,116,64,147,211,327
02/27/2007,PUB,CO,ANM,WE,Combined TRACON& Tower with Radar,0,10,38,11,59,0,4,29,60,93,0,14,67,71,152,66,302,368,520
02/28/2007,PUB,CO,ANM,WE,Combined TRACON& Tower with Radar,0,15,22,19,56,0,4,12,44,60,0,19,34,63,116,50,256,306,422
03/01/2007,PUB,CO,ANM,WE,Combined TRACON& Tower with Radar,0,10,25,17,52,0,0,13,20,33,0,10,38,37,85,6,162,168,253
03/02/2007,PUB,CO,ANM,WE,Combined TRACON& Tower with Radar,0,16,13,4,33,0,7,20,34,61,0,23,33,38,94,56,280,336,430
03/03/2007,PUB,CO,ANM,WE,Combined TRACON& Tower with Radar,0,5,36,25,66,0,0,42,40,82,0,5,78,65,148,100,358,458,606
03/04/2007,PUB,CO,ANM,WE,Combined TRACON& Tower with Radar,2,7,71,7,87,0,2,95,0,97,2,9,166,7,184,204,10,214,398
03/05/2007,PUB,CO,ANM,WE,Combined TRACON& Tower with Radar,0,8,51,14,73,0,12,77,70,159,0,20,128,84,232,78,438,516,748
03/06/2007,PUB,CO,ANM,WE,Combined TRACON& Tower with Radar,0,12,52,21,85,0,2,58,37,97,0,14,110,58,182,196,184,380,562
03/07/2007,PUB,CO,ANM,WE,Combined TRACON& Tower with Radar,0,16,33,41,90,0,0,31,37,68,0,16,64,78,158,146,343,489,647
03/08/2007,PUB,CO,ANM,WE,Combined TRACON& Tower with Radar,2,10,30,36,78,0,2,8,47,57,2,12,38,83,135,124,312,436,571
03/09/2007,PUB,CO,ANM,WE,Combined TRACON& Tower with Radar,2,15,60,28,105,0,7,38,32,77,2,22,98,60,182,120,260,380,562
03/10/2007,PUB,CO,ANM,WE,Combined TRACON& Tower with Radar,0,12,57,14,83,0,5,77,0,82,0,17,134,14,165,190,26,216,381
03/11/2007,PUB,CO,ANM,WE,Combined TRACON& Tower with Radar,0,8,60,0,68,0,5,75,4,84,0,13,135,4,152,120,0,120,272
03/12/2007,PUB,CO,ANM,WE,Combined TRACON& Tower with Radar,0,19,37,27,83,0,3,64,60,127,0,22,101,87,210,88,282,370,580
03/13/2007,PUB,CO,ANM,WE,Combined TRACON& Tower with Radar,0,11,59,48,118,0,8,52,36,96,0,19,111,84,214,174,338,512,726
03/14/2007,PUB,CO,ANM,WE,Combined TRACON& Tower with Radar,0,21,59,24,104,0,0,63,37,100,0,21,122,61,204,92,268,360,564
03/15/2007,PUB,CO,ANM,WE,Combined TRACON& Tower with Radar,2,13,40,10,65,0,0,3,41,44,2,13,43,51,109,112,216,328,437
03/16/2007,PUB,CO,ANM,WE,Combined TRACON& Tower with Radar,2,10,66,16,94,0,4,70,46,120,2,14,136,62,214,148,342,490,704
03/17/2007,PUB,CO,ANM,WE,Combined TRACON& Tower with Radar,0,3,65,8,76,0,9,134,0,143,0,12,199,8,219,242,30,272,491
03/18/2007,PUB,CO,ANM,WE,Combined TRACON& Tower with Radar,0,6,87,6,99,0,11,69,0,80,0,17,156,6,179,192,12,204,383
03/19/2007,PUB,CO,ANM,WE,Combined TRACON& Tower with Radar,0,25,25,6,56,0,5,71,96,172,0,30,96,102,228,142,382,524,752
03/20/2007,PUB,CO,ANM,WE,Combined TRACON& Tower with Radar,0,10,30,48,88,0,0,26,46,72,0,10,56,94,160,163,288,451,611
03/21/2007,PUB,CO,ANM,WE,Combined TRACON& Tower with Radar,2,12,32,9,55,0,5,44,53,102,2,17,76,62,157,98,414,512,669
03/22/2007,PUB,CO,ANM,WE,Combined TRACON& Tower with Radar,2,18,45,48,113,0,0,42,24,66,2,18,87,72,179,77,304,381,560
03/23/2007,PUB,CO,ANM,WE,Combined TRACON& Tower with Radar,0,9,34,34,77,0,0,30,40,70,0,9,64,74,147,56,316,372,519
03/24/2007,PUB,CO,ANM,WE,Combined TRACON& Tower with Radar,0,10,34,3,47,0,0,5,3,8,0,10,39,6,55,158,18,176,231
03/25/2007,PUB,CO,ANM,WE,Combined TRACON& Tower with Radar,1,7,116,10,134,0,2,58,0,60,1,9,174,10,194,210,14,224,418
03/26/2007,PUB,CO,ANM,WE,Combined TRACON& Tower with Radar,0,15,33,9,57,0,4,45,71,120,0,19,78,80,177,121,304,425,602
03/27/2007,PUB,CO,ANM,WE,Combined TRACON& Tower with Radar,2,12,29,3,46,0,0,17,35,52,2,12,46,38,98,44,106,150,248
03/28/2007,PUB,CO,ANM,WE,Combined TRACON& Tower with Radar,0,12,19,5,36,0,2,13,33,48,0,14,32,38,84,18,162,180,264
03/29/2007,PUB,CO,ANM,WE,Combined TRACON& Tower with Radar,0,14,36,3,53,0,0,7,51,58,0,14,43,54,111,28,154,182,293
03/30/2007,PUB,CO,ANM,WE,Combined TRACON& Tower with Radar,0,12,35,30,77,0,2,29,12,43,0,14,64,42,120,116,128,244,364
03/31/2007,PUB,CO,ANM,WE,Combined TRACON& Tower with Radar,0,3,47,0,50,0,4,37,4,45,0,7,84,4,95,116,3,119,214
04/01/2007,PUB,CO,ANM,WE,Combined TRACON& Tower with Radar,0,2,32,9,43,0,8,102,1,111,0,10,134,10,154,96,18,114,268
04/02/2007,PUB,CO,ANM,WE,Combined TRACON& Tower with Radar,0,14,25,2,41,0,4,51,61,116,0,18,76,63,157,193,306,499,656
04/03/2007,PUB,CO,ANM,WE,Combined TRACON& Tower with Radar,0,10,25,20,55,0,2,47,69,118,0,12,72,89,173,94,212,306,479
04/04/2007,PUB,CO,ANM,WE,Combined TRACON& Tower with Radar,0,7,31,14,52,0,5,47,48,100,0,12,78,62,152,108,282,390,542
04/05/2007,PUB,CO,ANM,WE,Combined TRACON& Tower with Radar,0,7,29,15,51,0,1,38,64,103,0,8,67,79,154,80,340,420,574
04/06/2007,PUB,CO,ANM,WE,Combined TRACON& Tower with Radar,1,6,6,1,14,1,5,10,2,18,2,11,16,3,32,0,0,0,32
04/07/2007,PUB,CO,ANM,WE,Combined TRACON& Tower with Radar,0,8,3,0,11,0,0,7,3,10,0,8,10,3,21,18,0,18,39
04/08/2007,PUB,CO,ANM,WE,Combined TRACON& Tower with Radar,0,4,6,0,10,0,0,0,0,0,0,4,6,0,10,34,0,34,44
04/09/2007,PUB,CO,ANM,WE,Combined TRACON& Tower with Radar,0,11,47,6,64,0,3,49,48,100,0,14,96,54,164,185,230,415,579
04/10/2007,PUB,CO,ANM,WE,Combined TRACON& Tower with Radar,0,13,25,38,76,0,1,16,22,39,0,14,41,60,115,46,152,198,313
04/11/2007,PUB,CO,ANM,WE,Combined TRACON& Tower with Radar,0,16,48,36,100,0,0,22,4,26,0,16,70,40,126,28,76,104,230
04/12/2007,PUB,CO,ANM,WE,Combined TRACON& Tower with Radar,0,9,24,0,33,0,0,8,24,32,0,9,32,24,65,12,109,121,186
04/13/2007,PUB,CO,ANM,WE,Combined TRACON& Tower with Radar,0,15,4,2,21,0,2,4,0,6,0,17,8,2,27,0,0,0,27
04/14/2007,PUB,CO,ANM,WE,Combined TRACON& Tower with Radar,0,7,54,22,83,0,11,87,3,101,0,18,141,25,184,110,26,136,320
04/15/2007,PUB,CO,ANM,WE,Combined TRACON& Tower with Radar,0,11,36,3,50,0,0,86,13,99,0,11,122,16,149,120,6,126,275
04/16/2007,PUB,CO,ANM,WE,Combined TRACON& Tower with Radar,0,12,26,16,54,0,0,19,23,42,0,12,45,39,96,26,200,226,322
04/17/2007,PUB,CO,ANM,WE,Combined TRACON& Tower with Radar,0,17,12,17,46,0,2,23,81,106,0,19,35,98,152,22,344,366,518
04/18/2007,PUB,CO,ANM,WE,Combined TRACON& Tower with Radar,0,15,41,6,62,0,3,50,63,116,0,18,91,69,178,110,372,482,660
04/19/2007,PUB,CO,ANM,WE,Combined TRACON& Tower with Radar,2,11,31,34,78,0,2,29,36,67,2,13,60,70,145,54,182,236,381
04/20/2007,PUB,CO,ANM,WE,Combined TRACON& Tower with Radar,0,15,23,20,58,0,2,38,46,86,0,17,61,66,144,24,300,324,468
04/21/2007,PUB,CO,ANM,WE,Combined TRACON& Tower with Radar,0,5,45,2,52,0,3,88,2,93,0,8,133,4,145,120,0,120,265
04/22/2007,PUB,CO,ANM,WE,Combined TRACON& Tower with Radar,2,3,58,0,63,0,6,84,0,90,2,9,142,0,153,90,0,90,243
04/23/2007,PUB,CO,ANM,WE,Combined TRACON& Tower with Radar,0,11,47,8,66,0,5,17,48,70,0,16,64,56,136,156,250,406,542
04/24/2007,PUB,CO,ANM,WE,Combined TRACON& Tower with Radar,0,9,11,0,20,0,0,0,0,0,0,9,11,0,20,0,0,0,20
04/25/2007,PUB,CO,ANM,WE,Combined TRACON& Tower with Radar,0,12,22,19,53,0,0,17,78,95,0,12,39,97,148,26,210,236,384
04/26/2007,PUB,CO,ANM,WE,Combined TRACON& Tower with Radar,0,12,77,31,120,0,7,101,87,195,0,19,178,118,315,154,350,504,819
04/27/2007,PUB,CO,ANM,WE,Combined TRACON& Tower with Radar,0,9,53,28,90,0,2,84,47,133,0,11,137,75,223,135,290,425,648
04/28/2007,PUB,CO,ANM,WE,Combined TRACON& Tower with Radar,0,3,36,12,51,0,9,107,6,122,0,12,143,18,173,76,26,102,275
04/29/2007,PUB,CO,ANM,WE,Combined TRACON& Tower with Radar,2,2,56,22,82,0,7,28,10,45,2,9,84,32,127,126,10,136,263
04/30/2007,PUB,CO,ANM,WE,Combined TRACON& Tower with Radar,0,9,22,9,40,0,4,99,53,156,0,13,121,62,196,150,304,454,650
05/01/2007,PUB,CO,ANM,WE,Combined TRACON& Tower with Radar,0,13,29,12,54,0,5,36,48,89,0,18,65,60,143,60,202,262,405
05/02/2007,PUB,CO,ANM,WE,Combined TRACON& Tower with Radar,0,7,18,22,47,0,2,5,0,7,0,9,23,22,54,34,34,68,122
05/03/2007,PUB,CO,ANM,WE,Combined TRACON& Tower with Radar,2,11,65,33,111,0,2,40,51,93,2,13,105,84,204,50,282,332,536
05/04/2007,PUB,CO,ANM,WE,Combined TRACON& Tower with Radar,4,8,35,37,84,0,7,45,88,140,4,15,80,125,224,76,508,584,808
05/05/2007,PUB,CO,ANM,WE,Combined TRACON& Tower with Radar,4,10,36,19,69,0,4,59,13,76,4,14,95,32,145,108,48,156,301
05/06/2007,PUB,CO,ANM,WE,Combined TRACON& Tower with Radar,0,5,47,0,52,0,5,44,18,67,0,10,91,18,119,132,26,158,277
05/07/2007,PUB,CO,ANM,WE,Combined TRACON& Tower with Radar,4,11,31,39,85,0,4,60,50,114,4,15,91,89,199,20,452,472,671
05/08/2007,PUB,CO,ANM,WE,Combined TRACON& Tower with Radar,0,19,31,21,71,0,3,53,82,138,0,22,84,103,209,78,290,368,577
05/09/2007,PUB,CO,ANM,WE,Combined TRACON& Tower with Radar,0,8,62,66,136,0,13,78,54,145,0,21,140,120,281,118,586,704,985
05/10/2007,PUB,CO,ANM,WE,Combined TRACON& Tower with Radar,0,13,52,6,71,0,4,98,100,202,0,17,150,106,273,82,548,630,903
05/11/2007,PUB,CO,ANM,WE,Combined TRACON& Tower with Radar,0,7,31,39,77,0,4,69,121,194,0,11,100,160,271,78,476,554,825
05/12/2007,PUB,CO,ANM,WE,Combined TRACON& Tower with Radar,0,8,49,5,62,0,9,126,4,139,0,17,175,9,201,108,10,118,319
05/13/2007,PUB,CO,ANM,WE,Combined TRACON& Tower with Radar,0,5,32,0,37,0,3,53,0,56,0,8,85,0,93,78,0,78,171
05/14/2007,PUB,CO,ANM,WE,Combined TRACON& Tower with Radar,2,23,23,14,62,0,0,57,74,131,2,23,80,88,193,26,324,350,543
05/15/2007,PUB,CO,ANM,WE,Combined TRACON& Tower with Radar,0,9,23,26,58,0,0,26,43,69,0,9,49,69,127,94,228,322,449
05/16/2007,PUB,CO,ANM,WE,Combined TRACON& Tower with Radar,0,12,43,32,87,0,2,32,92,126,0,14,75,124,213,76,460,536,749
05/17/2007,PUB,CO,ANM,WE,Combined TRACON& Tower with Radar,0,12,53,5,70,2,4,42,83,131,2,16,95,88,201,87,366,453,654
05/18/2007,PUB,CO,ANM,WE,Combined TRACON& Tower with Radar,4,9,45,34,92,0,9,37,40,86,4,18,82,74,178,66,252,318,496
05/19/2007,PUB,CO,ANM,WE,Combined TRACON& Tower with Radar,0,10,38,2,50,0,5,90,6,101,0,15,128,8,151,74,16,90,241
05/20/2007,PUB,CO,ANM,WE,Combined TRACON& Tower with Radar,0,12,43,0,55,0,7,139,1,147,0,19,182,1,202,83,0,83,285
05/21/2007,PUB,CO,ANM,WE,Combined TRACON& Tower with Radar,0,14,28,13,55,0,12,66,47,125,0,26,94,60,180,96,246,342,522
05/22/2007,PUB,CO,ANM,WE,Combined TRACON& Tower with Radar,0,10,32,3,45,0,3,44,67,114,0,13,76,70,159,132,340,472,631
05/23/2007,PUB,CO,ANM,WE,Combined TRACON& Tower with Radar,0,14,43,9,66,0,2,23,52,77,0,16,66,61,143,42,426,468,611
05/24/2007,PUB,CO,ANM,WE,Combined TRACON& Tower with Radar,0,11,45,37,93,0,2,45,82,129,0,13,90,119,222,150,572,722,944
05/25/2007,PUB,CO,ANM,WE,Combined TRACON& Tower with Radar,0,18,38,9,65,0,8,70,77,155,0,26,108,86,220,106,342,448,668
05/26/2007,PUB,CO,ANM,WE,Combined TRACON& Tower with Radar,0,4,41,0,45,0,4,134,0,138,0,8,175,0,183,156,0,156,339
05/27/2007,PUB,CO,ANM,WE,Combined TRACON& Tower with Radar,0,9,23,0,32,0,5,101,2,108,0,14,124,2,140,122,0,122,262
05/28/2007,PUB,CO,ANM,WE,Combined TRACON& Tower with Radar,0,5,48,0,53,0,0,93,0,93,0,5,141,0,146,48,0,48,194
05/29/2007,PUB,CO,ANM,WE,Combined TRACON& Tower with Radar,14,13,18,5,50,0,0,42,42,84,14,13,60,47,134,8,250,258,392
05/30/2007,PUB,CO,ANM,WE,Combined TRACON& Tower with Radar,0,9,40,2,51,0,4,62,99,165,0,13,102,101,216,62,370,432,648
05/31/2007,PUB,CO,ANM,WE,Combined TRACON& Tower with Radar,0,9,40,2,51,0,4,62,99,165,0,13,102,101,216,148,520,668,884
06/01/2007,PUB,CO,ANM,WE,Combined TRACON& Tower with Radar,4,17,36,9,66,0,2,45,32,79,4,19,81,41,145,86,120,206,351
06/02/2007,PUB,CO,ANM,WE,Combined TRACON& Tower with Radar,0,10,85,6,101,0,3,70,9,82,0,13,155,15,183,62,22,84,267
06/03/2007,PUB,CO,ANM,WE,Combined TRACON& Tower with Radar,0,2,29,4,35,0,0,66,0,66,0,2,95,4,101,166,10,176,277
06/04/2007,PUB,CO,ANM,WE,Combined TRACON& Tower with Radar,0,12,25,6,43,0,3,40,9,52,0,15,65,15,95,118,46,164,259
06/05/2007,PUB,CO,ANM,WE,Combined TRACON& Tower with Radar,6,9,53,25,93,0,4,47,25,76,6,13,100,50,169,78,64,142,311
06/06/2007,PUB,CO,ANM,WE,Combined TRACON& Tower with Radar,4,11,19,1,35,0,0,43,0,43,4,11,62,1,78,18,0,18,96
06/07/2007,PUB,CO,ANM,WE,Combined TRACON& Tower with Radar,2,11,29,7,49,0,2,18,42,62,2,13,47,49,111,10,48,58,169
06/08/2007,PUB,CO,ANM,WE,Combined TRACON& Tower with Radar,2,10,54,5,71,0,6,68,79,153,2,16,122,84,224,130,126,256,480
06/09/2007,PUB,CO,ANM,WE,Combined TRACON& Tower with Radar,0,5,32,1,38,0,7,75,5,87,0,12,107,6,125,132,10,142,267
06/10/2007,PUB,CO,ANM,WE,Combined TRACON& Tower with Radar,0,5,36,3,44,0,5,88,1,94,0,10,124,4,138,144,0,144,282
06/11/2007,PUB,CO,ANM,WE,Combined TRACON& Tower with Radar,0,13,35,18,66,0,3,74,59,136,0,16,109,77,202,152,254,406,608
06/12/2007,PUB,CO,ANM,WE,Combined TRACON& Tower with Radar,0,9,35,4,48,0,3,35,83,121,0,12,70,87,169,30,354,384,553
06/13/2007,PUB,CO,ANM,WE,Combined TRACON& Tower with Radar,0,12,27,28,67,0,1,33,57,91,0,13,60,85,158,98,227,325,483
06/14/2007,PUB,CO,ANM,WE,Combined TRACON& Tower with Radar,0,14,46,10,70,0,3,48,49,100,0,17,94,59,170,162,374,536,706
06/15/2007,PUB,CO,ANM,WE,Combined TRACON& Tower with Radar,0,17,38,41,96,0,8,74,84,166,0,25,112,125,262,78,458,536,798
06/16/2007,PUB,CO,ANM,WE,Combined TRACON& Tower with Radar,0,7,41,16,64,0,3,121,49,173,0,10,162,65,237,132,324,456,693
06/17/2007,PUB,CO,ANM,WE,Combined TRACON& Tower with Radar,0,7,47,1,55,0,4,101,2,107,0,11,148,3,162,124,0,124,286
06/18/2007,PUB,CO,ANM,WE,Combined TRACON& Tower with Radar,0,13,42,7,62,0,3,89,71,163,0,16,131,78,225,332,264,596,821
06/19/2007,PUB,CO,ANM,WE,Combined TRACON& Tower with Radar,0,10,31,14,55,0,1,137,25,163,0,11,168,39,218,418,106,524,742
06/20/2007,PUB,CO,ANM,WE,Combined TRACON& Tower with Radar,0,16,37,3,56,1,0,163,8,172,1,16,200,11,228,534,66,600,828
06/21/2007,PUB,CO,ANM,WE,Combined TRACON& Tower with Radar,2,12,39,19,72,0,4,188,1,193,2,16,227,20,265,466,30,496,761
06/22/2007,PUB,CO,ANM,WE,Combined TRACON& Tower with Radar,0,13,38,2,53,0,6,111,0,117,0,19,149,2,170,396,24,420,590
06/23/2007,PUB,CO,ANM,WE,Combined TRACON& Tower with Radar,0,4,31,0,35,0,0,0,0,0,0,4,31,0,35,116,0,116,151
06/24/2007,PUB,CO,ANM,WE,Combined TRACON& Tower with Radar,0,9,42,0,51,0,0,69,4,73,0,9,111,4,124,162,0,162,286
06/25/2007,PUB,CO,ANM,WE,Combined TRACON& Tower with Radar,0,11,47,5,63,0,3,131,4,138,0,14,178,9,201,515,18,533,734
06/26/2007,PUB,CO,ANM,WE,Combined TRACON& Tower with Radar,0,8,29,12,49,0,4,87,4,95,0,12,116,16,144,402,18,420,564
06/27/2007,PUB,CO,ANM,WE,Combined TRACON& Tower with Radar,0,17,47,0,64,0,0,113,6,119,0,17,160,6,183,418,0,418,601
06/28/2007,PUB,CO,ANM,WE,Combined TRACON& Tower with Radar,0,15,44,8,67,0,4,92,11,107,0,19,136,19,174,370,12,382,556
06/29/2007,PUB,CO,ANM,WE,Combined TRACON& Tower with Radar,0,9,51,32,92,0,0,137,8,145,0,9,188,40,237,364,42,406,643
06/30/2007,PUB,CO,ANM,WE,Combined TRACON& Tower with Radar,0,9,50,24,83,0,7,82,6,95,0,16,132,30,178,184,24,208,386
07/01/2007,PUB,CO,ANM,WE,Combined TRACON& Tower with Radar,0,15,41,2,58,0,4,97,0,101,0,19,138,2,159,140,0,140,299
07/02/2007,PUB,CO,ANM,WE,Combined TRACON& Tower with Radar,0,21,29,21,71,0,1,173,3,177,0,22,202,24,248,630,26,656,904
07/03/2007,PUB,CO,ANM,WE,Combined TRACON& Tower with Radar,0,16,30,21,67,0,0,134,4,138,0,16,164,25,205,332,12,344,549
07/04/2007,PUB,CO,ANM,WE,Combined TRACON& Tower with Radar,0,4,26,0,30,0,4,51,2,57,0,8,77,2,87,46,0,46,133
07/05/2007,PUB,CO,ANM,WE,Combined TRACON& Tower with Radar,0,10,31,5,46,0,2,133,4,139,0,12,164,9,185,484,10,494,679
07/06/2007,PUB,CO,ANM,WE,Combined TRACON& Tower with Radar,0,18,38,16,72,0,0,136,7,143,0,18,174,23,215,474,6,480,695
07/07/2007,PUB,CO,ANM,WE,Combined TRACON& Tower with Radar,0,8,47,13,68,0,5,90,4,99,0,13,137,17,167,104,14,118,285
07/08/2007,PUB,CO,ANM,WE,Combined TRACON& Tower with Radar,0,15,65,3,83,0,4,56,4,64,0,19,121,7,147,100,2,102,249
07/09/2007,PUB,CO,ANM,WE,Combined TRACON& Tower with Radar,0,11,51,4,66,0,0,147,0,147,0,11,198,4,213,502,0,502,715
07/10/2007,PUB,CO,ANM,WE,Combined TRACON& Tower with Radar,0,17,25,29,71,0,2,63,5,70,0,19,88,34,141,225,6,231,372
07/11/2007,PUB,CO,ANM,WE,Combined TRACON& Tower with Radar,0,11,43,3,57,0,13,192,3,208,0,24,235,6,265,456,0,456,721
07/12/2007,PUB,CO,ANM,WE,Combined TRACON& Tower with Radar,2,12,31,2,47,0,2,123,4,129,2,14,154,6,176,410,0,410,586
07/13/2007,PUB,CO,ANM,WE,Combined TRACON& Tower with Radar,0,15,36,18,69,0,2,152,0,154,0,17,188,18,223,418,6,424,647
07/14/2007,PUB,CO,ANM,WE,Combined TRACON& Tower with Radar,0,7,41,6,54,0,3,91,0,94,0,10,132,6,148,88,2,90,238
07/15/2007,PUB,CO,ANM,WE,Combined TRACON& Tower with Radar,0,8,53,5,66,0,3,91,7,101,0,11,144,12,167,104,0,104,271
07/16/2007,PUB,CO,ANM,WE,Combined TRACON& Tower with Radar,0,10,42,0,52,0,8,125,8,141,0,18,167,8,193,580,16,596,789
07/17/2007,PUB,CO,ANM,WE,Combined TRACON& Tower with Radar,0,9,63,2,74,0,2,114,2,118,0,11,177,4,192,460,28,488,680
07/18/2007,PUB,CO,ANM,WE,Combined TRACON& Tower with Radar,0,12,45,0,57,0,0,96,2,98,0,12,141,2,155,444,14,458,613
07/19/2007,PUB,CO,ANM,WE,Combined TRACON& Tower with Radar,0,23,23,0,46,0,0,136,7,143,0,23,159,7,189,406,0,406,595
07/20/2007,PUB,CO,ANM,WE,Combined TRACON& Tower with Radar,2,7,39,4,52,0,3,139,10,152,2,10,178,14,204,338,30,368,572
07/21/2007,PUB,CO,ANM,WE,Combined TRACON& Tower with Radar,0,7,49,21,77,0,6,136,0,142,0,13,185,21,219,170,0,170,389
07/22/2007,PUB,CO,ANM,WE,Combined TRACON& Tower with Radar,0,8,53,1,62,0,10,114,5,129,0,18,167,6,191,114,0,114,305
07/23/2007,PUB,CO,ANM,WE,Combined TRACON& Tower with Radar,0,9,38,2,49,0,5,119,19,143,0,14,157,21,192,341,0,341,533
07/24/2007,PUB,CO,ANM,WE,Combined TRACON& Tower with Radar,0,12,36,6,54,0,1,188,0,189,0,13,224,6,243,440,24,464,707
07/25/2007,PUB,CO,ANM,WE,Combined TRACON& Tower with Radar,0,9,30,11,50,0,0,134,0,134,0,9,164,11,184,494,8,502,686
07/26/2007,PUB,CO,ANM,WE,Combined TRACON& Tower with Radar,2,11,14,5,32,0,3,78,5,86,2,14,92,10,118,144,24,168,286
07/27/2007,PUB,CO,ANM,WE,Combined TRACON& Tower with Radar,0,12,37,23,72,0,23,128,8,159,0,35,165,31,231,478,32,510,741
07/28/2007,PUB,CO,ANM,WE,Combined TRACON& Tower with Radar,0,8,49,10,67,2,6,43,0,51,2,14,92,10,118,144,24,168,286
07/29/2007,PUB,CO,ANM,WE,Combined TRACON& Tower with Radar,0,6,66,8,80,0,0,55,0,55,0,6,121,8,135,56,14,70,205
07/30/2007,PUB,CO,ANM,WE,Combined TRACON& Tower with Radar,0,13,47,9,69,0,5,87,5,97,0,18,134,14,166,444,6,450,616
07/31/2007,PUB,CO,ANM,WE,Combined TRACON& Tower with Radar,0,14,36,42,92,0,4,133,12,149,0,18,169,54,241,550,46,596,837
08/01/2007,PUB,CO,ANM,WE,Combined TRACON& Tower with Radar,0,11,40,10,61,0,0,122,0,122,0,11,162,10,183,296,28,324,507
08/02/2007,PUB,CO,ANM,WE,Combined TRACON& Tower with Radar,0,9,23,6,38,0,12,133,0,145,0,21,156,6,183,472,12,484,667
08/03/2007,PUB,CO,ANM,WE,Combined TRACON& Tower with Radar,4,11,49,19,83,0,4,144,0,148,4,15,193,19,231,328,2,330,561
08/04/2007,PUB,CO,ANM,WE,Combined TRACON& Tower with Radar,0,12,31,0,43,0,0,83,2,85,0,12,114,2,128,100,0,100,228
08/05/2007,PUB,CO,ANM,WE,Combined TRACON& Tower with Radar,0,10,31,2,43,0,5,99,0,104,0,15,130,2,147,128,9,137,284
08/06/2007,PUB,CO,ANM,WE,Combined TRACON& Tower with Radar,0,7,36,10,53,0,2,127,8,137,0,9,163,18,190,154,12,166,356
08/07/2007,PUB,CO,ANM,WE,Combined TRACON& Tower with Radar,0,13,34,4,51,0,0,150,23,173,0,13,184,27,224,220,32,252,476
08/08/2007,PUB,CO,ANM,WE,Combined TRACON& Tower with Radar,0,14,43,20,77,0,2,123,8,133,0,16,166,28,210,312,26,338,548
08/09/2007,PUB,CO,ANM,WE,Combined TRACON& Tower with Radar,0,11,39,9,59,0,0,152,6,158,0,11,191,15,217,200,18,218,435
08/10/2007,PUB,CO,ANM,WE,Combined TRACON& Tower with Radar,0,9,17,8,34,0,7,114,5,126,0,16,131,13,160,146,24,170,330
08/11/2007,PUB,CO,ANM,WE,Combined TRACON& Tower with Radar,0,9,14,0,23,0,6,82,4,92,0,15,96,4,115,134,4,138,253
08/12/2007,PUB,CO,ANM,WE,Combined TRACON& Tower with Radar,0,7,21,1,29,0,0,92,4,96,0,7,113,5,125,109,6,115,240
08/13/2007,PUB,CO,ANM,WE,Combined TRACON& Tower with Radar,0,10,36,9,55,0,4,180,0,184,0,14,216,9,239,310,10,320,559
08/14/2007,PUB,CO,ANM,WE,Combined TRACON& Tower with Radar,2,17,37,11,67,0,2,149,20,171,2,19,186,31,238,186,32,218,456
08/15/2007,PUB,CO,ANM,WE,Combined TRACON& Tower with Radar,0,12,54,10,76,0,7,145,3,155,0,19,199,13,231,180,10,190,421
08/16/2007,PUB,CO,ANM,WE,Combined TRACON& Tower with Radar,0,20,40,4,64,0,2,146,13,161,0,22,186,17,225,282,8,290,515
08/17/2007,PUB,CO,ANM,WE,Combined TRACON& Tower with Radar,5,10,30,9,54,0,4,141,9,154,5,14,171,18,208,300,2,302,510
08/18/2007,PUB,CO,ANM,WE,Combined TRACON& Tower with Radar,1,4,31,0,36,0,8,108,0,116,1,12,139,0,152,128,0,128,280
08/19/2007,PUB,CO,ANM,WE,Combined TRACON& Tower with Radar,0,7,37,14,58,0,0,78,2,80,0,7,115,16,138,64,14,78,216
08/20/2007,PUB,CO,ANM,WE,Combined TRACON& Tower with Radar,2,16,37,11,66,0,6,163,0,169,2,22,200,11,235,275,26,301,536
08/21/2007,PUB,CO,ANM,WE,Combined TRACON& Tower with Radar,2,19,33,17,71,0,2,142,6,150,2,21,175,23,221,320,60,380,601
08/22/2007,PUB,CO,ANM,WE,Combined TRACON& Tower with Radar,0,14,21,14,49,0,0,142,5,147,0,14,163,19,196,406,14,420,616
08/23/2007,PUB,CO,ANM,WE,Combined TRACON& Tower with Radar,2,15,38,8,63,0,1,137,0,138,2,16,175,8,201,530,4,534,735
08/24/2007,PUB,CO,ANM,WE,Combined TRACON& Tower with Radar,2,7,27,18,54,0,3,122,9,134,2,10,149,27,188,352,12,364,552
08/25/2007,PUB,CO,ANM,WE,Combined TRACON& Tower with Radar,0,9,33,10,52,0,1,59,10,70,0,10,92,20,122,22,12,34,156
08/26/2007,PUB,CO,ANM,WE,Combined TRACON& Tower with Radar,0,14,34,0,48,0,2,81,0,83,0,16,115,0,131,60,0,60,191
08/27/2007,PUB,CO,ANM,WE,Combined TRACON& Tower with Radar,0,15,21,1,37,0,3,146,7,156,0,18,167,8,193,390,24,414,607
08/28/2007,PUB,CO,ANM,WE,Combined TRACON& Tower with Radar,2,16,30,1,49,0,8,139,12,159,2,24,169,13,208,268,8,276,484
08/29/2007,PUB,CO,ANM,WE,Combined TRACON& Tower with Radar,0,10,38,27,75,0,0,8,0,8,0,10,46,27,83,42,22,64,147
08/30/2007,PUB,CO,ANM,WE,Combined TRACON& Tower with Radar,0,12,60,20,92,4,2,103,3,112,4,14,163,23,204,90,52,142,346
08/31/2007,PUB,CO,ANM,WE,Combined TRACON& Tower with Radar,0,13,39,9,61,0,0,161,9,170,0,13,200,18,231,360,14,374,605
09/01/2007,PUB,CO,ANM,WE,Combined TRACON& Tower with Radar,0,5,33,0,38,0,5,75,10,90,0,10,108,10,128,122,0,122,250
09/02/2007,PUB,CO,ANM,WE,Combined TRACON& Tower with Radar,0,7,44,0,51,0,0,42,0,42,0,7,86,0,93,108,0,108,201
09/03/2007,PUB,CO,ANM,WE,Combined TRACON& Tower with Radar,0,13,40,0,53,0,2,68,2,72,0,15,108,2,125,150,4,154,279
09/04/2007,PUB,CO,ANM,WE,Combined TRACON& Tower with Radar,2,8,48,9,67,0,4,107,7,118,2,12,155,16,185,260,38,298,483
09/05/2007,PUB,CO,ANM,WE,Combined TRACON& Tower with Radar,0,14,47,7,68,0,0,81,0,81,0,14,128,7,149,216,18,234,383
09/06/2007,PUB,CO,ANM,WE,Combined TRACON& Tower with Radar,2,13,46,22,83,0,0,131,4,135,2,13,177,26,218,202,24,226,444
09/07/2007,PUB,CO,ANM,WE,Combined TRACON& Tower with Radar,0,16,64,12,92,0,0,122,7,129,0,16,186,19,221,218,42,260,481
09/08/2007,PUB,CO,ANM,WE,Combined TRACON& Tower with Radar,0,10,44,7,61,0,5,108,9,122,0,15,152,16,183,80,22,102,285
09/09/2007,PUB,CO,ANM,WE,Combined TRACON& Tower with Radar,0,12,43,20,75,0,0,0,0,0,0,12,43,20,75,192,8,200,275
09/10/2007,PUB,CO,ANM,WE,Combined TRACON& Tower with Radar,0,7,29,28,64,0,0,72,0,72,0,7,101,28,136,461,20,481,617
09/11/2007,PUB,CO,ANM,WE,Combined TRACON& Tower with Radar,0,12,46,20,78,0,3,171,0,174,0,15,217,20,252,260,14,274,526
09/12/2007,PUB,CO,ANM,WE,Combined TRACON& Tower with Radar,0,8,34,25,67,0,0,136,7,143,0,8,170,32,210,236,52,288,498
09/13/2007,PUB,CO,ANM,WE,Combined TRACON& Tower with Radar,2,13,38,5,58,0,0,96,0,96,2,13,134,5,154,176,48,224,378
09/14/2007,PUB,CO,ANM,WE,Combined TRACON& Tower with Radar,2,11,40,21,74,0,4,107,3,114,2,15,147,24,188,438,2,440,628
09/15/2007,PUB,CO,ANM,WE,Combined TRACON& Tower with Radar,0,7,51,11,69,0,7,138,5,150,0,14,189,16,219,90,22,112,331
09/16/2007,PUB,CO,ANM,WE,Combined TRACON& Tower with Radar,0,6,54,4,64,0,0,87,4,91,0,6,141,8,155,35,10,45,200
09/17/2007,PUB,CO,ANM,WE,Combined TRACON& Tower with Radar,0,13,22,0,35,0,0,74,0,74,0,13,96,0,109,186,0,186,295
09/18/2007,PUB,CO,ANM,WE,Combined TRACON& Tower with Radar,0,13,28,33,74,0,6,142,15,163,0,19,170,48,237,380,60,440,677
09/19/2007,PUB,CO,ANM,WE,Combined TRACON& Tower with Radar,2,9,41,11,63,0,4,152,0,156,2,13,193,11,219,326,28,354,573
09/20/2007,PUB,CO,ANM,WE,Combined TRACON& Tower with Radar,0,14,35,14,63,0,0,125,3,128,0,14,160,17,191,210,60,270,461
09/21/2007,PUB,CO,ANM,WE,Combined TRACON& Tower with Radar,2,8,38,8,56,0,3,159,1,163,2,11,197,9,219,308,12,320,539
09/22/2007,PUB,CO,ANM,WE,Combined TRACON& Tower with Radar,0,6,38,0,44,0,4,65,4,73,0,10,103,4,117,102,2,104,221
09/23/2007,PUB,CO,ANM,WE,Combined TRACON& Tower with Radar,0,12,28,2,42,0,0,40,0,40,0,12,68,2,82,60,0,60,142
09/24/2007,PUB,CO,ANM,WE,Combined TRACON& Tower with Radar,0,6,37,5,48,0,2,138,1,141,0,8,175,6,189,280,6,286,475
09/25/2007,PUB,CO,ANM,WE,Combined TRACON& Tower with Radar,0,8,36,5,49,0,0,152,0,152,0,8,188,5,201,206,10,216,417
09/26/2007,PUB,CO,ANM,WE,Combined TRACON& Tower with Radar,0,10,31,17,58,0,2,156,0,158,0,12,187,17,216,322,8,330,546
09/27/2007,PUB,CO,ANM,WE,Combined TRACON& Tower with Radar,2,9,45,0,56,0,0,131,10,141,2,9,176,10,197,342,20,362,559
09/28/2007,PUB,CO,ANM,WE,Combined TRACON& Tower with Radar,0,8,30,16,54,0,4,120,8,132,0,12,150,24,186,288,8,296,482
09/29/2007,PUB,CO,ANM,WE,Combined TRACON& Tower with Radar,0,3,12,0,15,0,0,51,0,51,0,3,63,0,66,86,0,86,152
09/30/2007,PUB,CO,ANM,WE,Combined TRACON& Tower with Radar,2,4,36,4,46,0,0,56,0,56,2,4,92,4,102,96,0,96,198
10/01/2007,PUB,CO,ANM,WE,Combined TRACON& Tower with Radar,0,11,35,0,46,0,1,149,2,152,0,12,184,2,198,384,0,384,582
10/02/2007,PUB,CO,ANM,WE,Combined TRACON& Tower with Radar,0,12,31,31,74,0,3,98,9,110,0,15,129,40,184,142,42,184,368
10/03/2007,PUB,CO,ANM,WE,Combined TRACON& Tower with Radar,2,13,34,10,59,0,0,111,0,111,2,13,145,10,170,300,26,326,496
10/04/2007,PUB,CO,ANM,WE,Combined TRACON& Tower with Radar,0,16,65,12,93,0,2,117,0,119,0,18,182,12,212,294,12,306,518
10/05/2007,PUB,CO,ANM,WE,Combined TRACON& Tower with Radar,0,9,40,0,49,0,0,97,2,99,0,9,137,2,148,186,0,186,334
10/06/2007,PUB,CO,ANM,WE,Combined TRACON& Tower with Radar,0,10,20,1,31,0,6,34,1,41,0,16,54,2,72,0,2,2,74
10/07/2007,PUB,CO,ANM,WE,Combined TRACON& Tower with Radar,0,7,32,0,39,0,0,51,0,51,0,7,83,0,90,84,22,106,196
10/08/2007,PUB,CO,ANM,WE,Combined TRACON& Tower with Radar,0,14,47,8,69,0,4,97,2,103,0,18,144,10,172,136,2,138,310
10/09/2007,PUB,CO,ANM,WE,Combined TRACON& Tower with Radar,0,17,44,4,65,0,6,163,1,170,0,23,207,5,235,538,22,560,795
10/10/2007,PUB,CO,ANM,WE,Combined TRACON& Tower with Radar,0,7,30,22,59,0,2,138,3,143,0,9,168,25,202,266,48,314,516
10/11/2007,PUB,CO,ANM,WE,Combined TRACON& Tower with Radar,2,7,42,10,61,0,0,165,2,167,2,7,207,12,228,444,20,464,692
10/12/2007,PUB,CO,ANM,WE,Combined TRACON& Tower with Radar,0,10,43,11,64,0,10,159,3,172,0,20,202,14,236,278,6,284,520
10/13/2007,PUB,CO,ANM,WE,Combined TRACON& Tower with Radar,2,3,31,8,44,0,1,61,0,62,2,4,92,8,106,64,24,88,194
10/14/2007,PUB,CO,ANM,WE,Combined TRACON& Tower with Radar,0,3,24,0,27,0,0,17,0,17,0,3,41,0,44,0,0,0,44
10/15/2007,PUB,CO,ANM,WE,Combined TRACON& Tower with Radar,0,10,48,11,69,0,4,147,1,152,0,14,195,12,221,278,12,290,511
10/16/2007,PUB,CO,ANM,WE,Combined TRACON& Tower with Radar,0,8,40,13,61,0,4,100,2,106,0,12,140,15,167,186,30,216,383
10/17/2007,PUB,CO,ANM,WE,Combined TRACON& Tower with Radar,0,20,31,10,61,0,0,82,2,84,0,20,113,12,145,76,6,82,227
10/18/2007,PUB,CO,ANM,WE,Combined TRACON& Tower with Radar,0,8,27,34,69,0,2,105,1,108,0,10,132,35,177,136,38,174,351
10/19/2007,PUB,CO,ANM,WE,Combined TRACON& Tower with Radar,2,23,37,26,88,0,5,191,0,196,2,28,228,26,284,290,36,326,610
10/20/2007,PUB,CO,ANM,WE,Combined TRACON& Tower with Radar,0,4,35,22,61,0,2,83,0,85,0,6,118,22,146,104,36,140,286
10/21/2007,PUB,CO,ANM,WE,Combined TRACON& Tower with Radar,0,6,14,30,50,0,3,4,0,7,0,9,18,30,57,20,0,20,77
10/22/2007,PUB,CO,ANM,WE,Combined TRACON& Tower with Radar,0,18,42,13,73,0,5,164,10,179,0,23,206,23,252,282,25,307,559
10/23/2007,PUB,CO,ANM,WE,Combined TRACON& Tower with Radar,0,13,58,10,81,0,2,173,12,187,0,15,231,22,268,314,32,346,614
10/24/2007,PUB,CO,ANM,WE,Combined TRACON& Tower with Radar,0,14,38,15,67,0,0,145,13,158,0,14,183,28,225,308,4,312,537
10/25/2007,PUB,CO,ANM,WE,Combined TRACON& Tower with Radar,2,12,50,32,96,0,8,214,0,222,2,20,264,32,318,568,80,648,966
10/26/2007,PUB,CO,ANM,WE,Combined TRACON& Tower with Radar,0,10,30,3,43,0,7,203,3,213,0,17,233,6,256,362,8,370,626
10/27/2007,PUB,CO,ANM,WE,Combined TRACON& Tower with Radar,0,5,18,3,26,0,3,55,5,63,0,8,73,8,89,180,6,186,275
10/28/2007,PUB,CO,ANM,WE,Combined TRACON& Tower with Radar,0,4,44,0,48,0,6,101,2,109,0,10,145,2,157,170,8,178,335
10/29/2007,PUB,CO,ANM,WE,Combined TRACON& Tower with Radar,2,11,48,0,61,0,1,220,4,225,2,12,268,4,286,332,0,332,618
10/30/2007,PUB,CO,ANM,WE,Combined TRACON& Tower with Radar,0,11,40,17,68,0,4,239,0,243,0,15,279,17,311,398,46,444,755
10/31/2007,PUB,CO,ANM,WE,Combined TRACON& Tower with Radar,0,9,26,1,36,0,0,53,1,54,0,9,79,2,90,110,0,110,200
11/01/2007,PUB,CO,ANM,WE,Combined TRACON& Tower with Radar,0,15,32,9,56,0,2,188,8,198,0,17,220,17,254,394,14,408,662
11/02/2007,PUB,CO,ANM,WE,Combined TRACON& Tower with Radar,4,9,26,12,51,0,5,160,0,165,4,14,186,12,216,300,10,310,526
11/03/2007,PUB,CO,ANM,WE,Combined TRACON& Tower with Radar,0,4,32,0,36,0,3,109,0,112,0,7,141,0,148,130,0,130,278
11/04/2007,PUB,CO,ANM,WE,Combined TRACON& Tower with Radar,0,9,45,2,56,0,0,62,0,62,0,9,107,2,118,92,2,94,212
11/05/2007,PUB,CO,ANM,WE,Combined TRACON& Tower with Radar,0,15,50,5,70,0,1,189,6,196,0,16,239,11,266,430,40,470,736
11/06/2007,PUB,CO,ANM,WE,Combined TRACON& Tower with Radar,0,18,33,12,63,0,3,175,5,183,0,21,208,17,246,583,26,609,855
11/07/2007,PUB,CO,ANM,WE,Combined TRACON& Tower with Radar,0,8,43,16,67,0,5,182,0,187,0,13,225,16,254,574,38,612,866
11/08/2007,PUB,CO,ANM,WE,Combined TRACON& Tower with Radar,2,19,54,17,92,0,3,207,1,211,2,22,261,18,303,504,36,540,843
11/09/2007,PUB,CO,ANM,WE,Combined TRACON& Tower with Radar,2,15,45,2,64,0,4,171,0,175,2,19,216,2,239,530,0,530,769
11/10/2007,PUB,CO,ANM,WE,Combined TRACON& Tower with Radar,0,3,31,0,34,0,1,99,0,100,0,4,130,0,134,76,0,76,210
11/11/2007,PUB,CO,ANM,WE,Combined TRACON& Tower with Radar,0,8,56,2,66,0,0,59,0,59,0,8,115,2,125,90,0,90,215
11/12/2007,PUB,CO,ANM,WE,Combined TRACON& Tower with Radar,0,8,33,0,41,0,7,46,0,53,0,15,79,0,94,104,0,104,198
11/13/2007,PUB,CO,ANM,WE,Combined TRACON& Tower with Radar,0,10,34,13,57,0,6,52,0,58,0,16,86,13,115,56,20,76,191
11/14/2007,PUB,CO,ANM,WE,Combined TRACON& Tower with Radar,0,9,34,31,74,0,3,189,7,199,0,12,223,38,273,500,48,548,821
11/15/2007,PUB,CO,ANM,WE,Combined TRACON& Tower with Radar,0,16,25,34,75,0,2,199,0,201,0,18,224,34,276,494,78,572,848
11/16/2007,PUB,CO,ANM,WE,Combined TRACON& Tower with Radar,0,11,43,13,67,0,4,162,13,179,0,15,205,26,246,306,38,344,590
11/17/2007,PUB,CO,ANM,WE,Combined TRACON& Tower with Radar,0,7,36,0,43,0,8,234,3,245,0,15,270,3,288,380,4,384,672
11/18/2007,PUB,CO,ANM,WE,Combined TRACON& Tower with Radar,0,4,56,3,63,0,3,140,3,146,0,7,196,6,209,142,0,142,351
11/19/2007,PUB,CO,ANM,WE,Combined TRACON& Tower with Radar,0,12,27,3,42,0,6,180,3,189,0,18,207,6,231,316,4,320,551
11/20/2007,PUB,CO,ANM,WE,Combined TRACON& Tower with Radar,0,16,47,16,79,0,2,139,1,142,0,18,186,17,221,212,1,213,434
11/21/2007,PUB,CO,ANM,WE,Combined TRACON& Tower with Radar,0,17,25,0,42,0,2,122,0,124,0,19,147,0,166,268,0,268,434
11/22/2007,PUB,CO,ANM,WE,Combined TRACON& Tower with Radar,0,4,2,0,6,0,2,10,0,12,0,6,12,0,18,14,0,14,32
11/23/2007,PUB,CO,ANM,WE,Combined TRACON& Tower with Radar,1,11,15,0,27,0,2,201,1,204,1,13,216,1,231,38,0,38,269
11/24/2007,PUB,CO,ANM,WE,Combined TRACON& Tower with Radar,0,3,27,0,30,0,1,74,2,77,0,4,101,2,107,230,6,236,343
11/25/2007,PUB,CO,ANM,WE,Combined TRACON& Tower with Radar,0,7,64,8,79,0,8,108,6,122,0,15,172,14,201,132,0,132,333
11/26/2007,PUB,CO,ANM,WE,Combined TRACON& Tower with Radar,2,14,41,9,66,2,2,158,1,163,4,16,199,10,229,352,20,372,601
11/27/2007,PUB,CO,ANM,WE,Combined TRACON& Tower with Radar,0,11,28,1,40,0,0,159,0,159,0,11,187,1,199,378,0,378,577
11/28/2007,PUB,CO,ANM,WE,Combined TRACON& Tower with Radar,0,6,36,21,63,0,0,203,0,203,0,6,239,21,266,356,18,374,640
11/29/2007,PUB,CO,ANM,WE,Combined TRACON& Tower with Radar,0,15,45,0,60,0,2,182,14,198,0,17,227,14,258,546,18,564,822
11/30/2007,PUB,CO,ANM,WE,Combined TRACON& Tower with Radar,0,14,43,3,60,0,2,178,3,183,0,16,221,6,243,340,10,350,593
12/01/2007,PUB,CO,ANM,WE,Combined TRACON& Tower with Radar,0,11,10,0,21,0,3,17,0,20,0,14,27,0,41,22,0,22,63
12/02/2007,PUB,CO,ANM,WE,Combined TRACON& Tower with Radar,4,4,45,0,53,0,0,46,0,46,4,4,91,0,99,174,2,176,275
12/03/2007,PUB,CO,ANM,WE,Combined TRACON& Tower with Radar,0,12,29,11,52,0,2,169,2,173,0,14,198,13,225,279,22,301,526
12/04/2007,PUB,CO,ANM,WE,Combined TRACON& Tower with Radar,0,19,29,2,50,0,2,145,7,154,0,21,174,9,204,184,7,191,395
12/05/2007,PUB,CO,ANM,WE,Combined TRACON& Tower with Radar,0,14,47,11,72,0,0,211,7,218,0,14,258,18,290,406,10,416,706
12/06/2007,PUB,CO,ANM,WE,Combined TRACON& Tower with Radar,0,12,37,10,59,0,3,199,6,208,0,15,236,16,267,444,64,508,775
12/07/2007,PUB,CO,ANM,WE,Combined TRACON& Tower with Radar,0,12,20,7,39,0,0,4,0,4,0,12,24,7,43,20,0,20,63
12/08/2007,PUB,CO,ANM,WE,Combined TRACON& Tower with Radar,0,3,5,1,9,0,0,0,0,0,0,3,5,1,9,0,0,0,9
12/09/2007,PUB,CO,ANM,WE,Combined TRACON& Tower with Radar,0,3,10,1,14,0,2,11,0,13,0,5,21,1,27,2,0,2,29
12/10/2007,PUB,CO,ANM,WE,Combined TRACON& Tower with Radar,0,17,42,7,66,0,2,176,8,186,0,19,218,15,252,378,14,392,644
12/11/2007,PUB,CO,ANM,WE,Combined TRACON& Tower with Radar,0,9,12,2,23,0,0,3,0,3,0,9,15,2,26,36,0,36,62
12/12/2007,PUB,CO,ANM,WE,Combined TRACON& Tower with Radar,0,11,46,13,70,0,0,54,5,59,0,11,100,18,129,224,20,244,373
12/13/2007,PUB,CO,ANM,WE,Combined TRACON& Tower with Radar,0,12,28,8,48,0,2,178,3,183,0,14,206,11,231,476,32,508,739
12/14/2007,PUB,CO,ANM,WE,Combined TRACON& Tower with Radar,0,17,5,0,22,0,3,84,0,87,0,20,89,0,109,290,0,290,399
12/15/2007,PUB,CO,ANM,WE,Combined TRACON& Tower with Radar,0,20,42,0,62,0,4,171,0,175,0,24,213,0,237,282,0,282,519
12/16/2007,PUB,CO,ANM,WE,Combined TRACON& Tower with Radar,0,5,54,0,59,0,5,99,0,104,0,10,153,0,163,114,0,114,277
12/17/2007,PUB,CO,ANM,WE,Combined TRACON& Tower with Radar,0,13,15,11,39,0,4,193,1,198,0,17,208,12,237,320,4,324,561
12/18/2007,PUB,CO,ANM,WE,Combined TRACON& Tower with Radar,0,14,22,14,50,0,1,167,8,176,0,15,189,22,226,332,28,360,586
12/19/2007,PUB,CO,ANM,WE,Combined TRACON& Tower with Radar,2,9,25,2,38,0,2,93,2,97,2,11,118,4,135,260,0,260,395
12/20/2007,PUB,CO,ANM,WE,Combined TRACON& Tower with Radar,0,12,51,5,68,0,0,0,0,0,0,12,51,5,68,170,6,176,244
12/21/2007,PUB,CO,ANM,WE,Combined TRACON& Tower with Radar,2,15,20,8,45,0,2,31,2,35,2,17,51,10,80,20,12,32,112
12/22/2007,PUB,CO,ANM,WE,Combined TRACON& Tower with Radar,0,10,33,0,43,0,4,36,0,40,0,14,69,0,83,42,0,42,125
12/23/2007,PUB,CO,ANM,WE,Combined TRACON& Tower with Radar,0,13,11,0,24,0,0,56,0,56,0,13,67,0,80,32,0,32,112
12/24/2007,PUB,CO,ANM,WE,Combined TRACON& Tower with Radar,0,11,9,0,20,0,0,31,0,31,0,11,40,0,51,26,0,26,77
12/25/2007,PUB,CO,ANM,WE,Combined TRACON& Tower with Radar,2,8,2,0,12,0,0,0,0,0,2,8,2,0,12,0,0,0,12
12/26/2007,PUB,CO,ANM,WE,Combined TRACON& Tower with Radar,2,12,42,2,58,0,4,80,2,86,2,16,122,4,144,96,30,126,270
12/27/2007,PUB,CO,ANM,WE,Combined TRACON& Tower with Radar,0,7,13,0,20,0,6,1,0,7,0,13,14,0,27,0,0,0,27
12/28/2007,PUB,CO,ANM,WE,Combined TRACON& Tower with Radar,2,6,28,1,37,0,4,90,1,95,2,10,118,2,132,84,4,88,220
12/29/2007,PUB,CO,ANM,WE,Combined TRACON& Tower with Radar,0,8,26,0,34,0,5,34,0,39,0,13,60,0,73,10,0,10,83
12/30/2007,PUB,CO,ANM,WE,Combined TRACON& Tower with Radar,0,7,17,0,24,0,0,36,0,36,0,7,53,0,60,38,0,38,98
12/31/2007,PUB,CO,ANM,WE,Combined TRACON& Tower with Radar,0,8,10,0,18,0,0,10,1,11,0,8,20,1,29,42,0,42,71
01/01/2008,PUB,CO,ANM,WE,Combined TRACON& Tower with Radar,0,7,13,0,20,0,3,36,0,39,0,10,49,0,59,22,0,22,81
01/02/2008,PUB,CO,ANM,WE,Combined TRACON& Tower with Radar,0,15,35,0,50,0,0,54,0,54,0,15,89,0,104,236,0,236,340
01/03/2008,PUB,CO,ANM,WE,Combined TRACON& Tower with Radar,0,13,35,23,71,0,0,66,20,86,0,13,101,43,157,154,50,204,361
01/04/2008,PUB,CO,ANM,WE,Combined TRACON& Tower with Radar,0,15,33,19,67,0,5,61,1,67,0,20,94,20,134,58,26,84,218
01/05/2008,PUB,CO,ANM,WE,Combined TRACON& Tower with Radar,0,7,19,0,26,0,2,31,0,33,0,9,50,0,59,72,2,74,133
01/06/2008,PUB,CO,ANM,WE,Combined TRACON& Tower with Radar,0,6,43,0,49,0,0,32,0,32,0,6,75,0,81,102,0,102,183
01/07/2008,PUB,CO,ANM,WE,Combined TRACON& Tower with Radar,0,11,19,2,32,0,0,73,0,73,0,11,92,2,105,136,0,136,241
01/08/2008,PUB,CO,ANM,WE,Combined TRACON& Tower with Radar,0,19,14,4,37,0,2,63,1,66,0,21,77,5,103,82,7,89,192
01/09/2008,PUB,CO,ANM,WE,Combined TRACON& Tower with Radar,0,16,21,9,46,0,3,46,0,49,0,19,67,9,95,76,2,78,173
01/10/2008,PUB,CO,ANM,WE,Combined TRACON& Tower with Radar,0,10,47,20,77,0,2,136,6,144,0,12,183,26,221,230,40,270,491
01/11/2008,PUB,CO,ANM,WE,Combined TRACON& Tower with Radar,0,10,28,12,50,0,3,129,0,132,0,13,157,12,182,204,22,226,408
01/12/2008,PUB,CO,ANM,WE,Combined TRACON& Tower with Radar,0,5,20,2,27,0,4,89,2,95,0,9,109,4,122,108,0,108,230
01/13/2008,PUB,CO,ANM,WE,Combined TRACON& Tower with Radar,0,7,41,0,48,0,0,85,0,85,0,7,126,0,133,60,0,60,193
01/14/2008,PUB,CO,ANM,WE,Combined TRACON& Tower with Radar,0,8,43,1,52,0,3,192,7,202,0,11,235,8,254,398,20,418,672
01/15/2008,PUB,CO,ANM,WE,Combined TRACON& Tower with Radar,0,12,20,1,33,0,1,88,1,90,0,13,108,2,123,178,0,178,301
01/16/2008,PUB,CO,ANM,WE,Combined TRACON& Tower with Radar,0,9,18,0,27,0,0,43,4,47,0,9,61,4,74,82,0,82,156
01/17/2008,PUB,CO,ANM,WE,Combined TRACON& Tower with Radar,0,10,59,23,92,0,0,0,0,0,0,10,59,23,92,474,18,492,584
01/18/2008,PUB,CO,ANM,WE,Combined TRACON& Tower with Radar,2,15,33,2,52,0,3,152,0,155,2,18,185,2,207,408,26,434,641
01/19/2008,PUB,CO,ANM,WE,Combined TRACON& Tower with Radar,0,4,31,18,53,0,2,88,0,90,0,6,119,18,143,146,0,146,289
01/20/2008,PUB,CO,ANM,WE,Combined TRACON& Tower with Radar,0,6,64,2,72,0,0,63,4,67,0,6,127,6,139,154,6,160,299
01/21/2008,PUB,CO,ANM,WE,Combined TRACON& Tower with Radar,0,13,16,0,29,0,0,0,0,0,0,13,16,0,29,34,0,34,63
01/22/2008,PUB,CO,ANM,WE,Combined TRACON& Tower with Radar,0,15,27,34,76,0,3,128,11,142,0,18,155,45,218,387,35,422,640
01/23/2008,PUB,CO,ANM,WE,Combined TRACON& Tower with Radar,0,14,24,23,61,0,0,171,1,172,0,14,195,24,233,284,24,308,541
01/24/2008,PUB,CO,ANM,WE,Combined TRACON& Tower with Radar,0,11,36,24,71,0,3,226,5,234,0,14,262,29,305,448,56,504,809
01/25/2008,PUB,CO,ANM,WE,Combined TRACON& Tower with Radar,0,10,29,7,46,0,4,73,7,84,0,14,102,14,130,80,12,92,222
01/26/2008,PUB,CO,ANM,WE,Combined TRACON& Tower with Radar,0,4,28,0,32,0,2,39,0,41,0,6,67,0,73,42,0,42,115
01/27/2008,PUB,CO,ANM,WE,Combined TRACON& Tower with Radar,0,3,28,6,37,0,0,48,2,50,0,3,76,8,87,40,0,40,127
01/28/2008,PUB,CO,ANM,WE,Combined TRACON& Tower with Radar,2,16,24,0,42,0,5,81,0,86,2,21,105,0,128,198,0,198,326
01/29/2008,PUB,CO,ANM,WE,Combined TRACON& Tower with Radar,0,10,21,23,54,0,2,120,0,122,0,12,141,23,176,218,0,218,394
01/30/2008,PUB,CO,ANM,WE,Combined TRACON& Tower with Radar,0,12,31,7,50,0,0,126,10,136,0,12,157,17,186,220,20,240,426
01/31/2008,PUB,CO,ANM,WE,Combined TRACON& Tower with Radar,0,17,48,24,89,0,7,163,22,192,0,24,211,46,281,602,48,650,931
02/01/2008,PUB,CO,ANM,WE,Combined TRACON& Tower with Radar,0,12,22,10,44,0,4,92,2,98,0,16,114,12,142,88,6,94,236
02/02/2008,PUB,CO,ANM,WE,Combined TRACON& Tower with Radar,0,9,25,0,34,0,2,145,2,149,0,11,170,2,183,614,0,614,797
02/03/2008,PUB,CO,ANM,WE,Combined TRACON& Tower with Radar,0,7,27,0,34,0,0,44,0,44,0,7,71,0,78,80,0,80,158
02/04/2008,PUB,CO,ANM,WE,Combined TRACON& Tower with Radar,0,18,31,17,66,0,1,146,4,151,0,19,177,21,217,506,12,518,735
02/05/2008,PUB,CO,ANM,WE,Combined TRACON& Tower with Radar,0,15,25,25,65,0,0,0,0,0,0,15,25,25,65,12,13,25,90
02/06/2008,PUB,CO,ANM,WE,Combined TRACON& Tower with Radar,0,17,43,26,86,0,2,192,13,207,0,19,235,39,293,394,26,420,713
02/07/2008,PUB,CO,ANM,WE,Combined TRACON& Tower with Radar,0,12,18,4,34,0,0,202,0,202,0,12,220,4,236,666,6,672,908
02/08/2008,PUB,CO,ANM,WE,Combined TRACON& Tower with Radar,0,9,8,17,34,0,8,153,1,162,0,17,161,18,196,274,6,280,476
02/09/2008,PUB,CO,ANM,WE,Combined TRACON& Tower with Radar,0,6,31,0,37,0,0,63,0,63,0,6,94,0,100,70,0,70,170
02/10/2008,PUB,CO,ANM,WE,Combined TRACON& Tower with Radar,0,4,26,0,30,0,0,12,0,12,0,4,38,0,42,10,0,10,52
02/11/2008,PUB,CO,ANM,WE,Combined TRACON& Tower with Radar,0,9,32,0,41,0,4,175,5,184,0,13,207,5,225,332,8,340,565
02/12/2008,PUB,CO,ANM,WE,Combined TRACON& Tower with Radar,0,11,26,31,68,0,9,209,21,239,0,20,235,52,307,422,18,440,747
02/13/2008,PUB,CO,ANM,WE,Combined TRACON& Tower with Radar,0,9,18,10,37,0,3,190,9,202,0,12,208,19,239,410,4,414,653
02/14/2008,PUB,CO,ANM,WE,Combined TRACON& Tower with Radar,2,12,24,18,56,0,1,24,9,34,2,13,48,27,90,36,54,90,180
02/15/2008,PUB,CO,ANM,WE,Combined TRACON& Tower with Radar,4,11,21,3,39,0,5,141,3,149,4,16,162,6,188,508,8,516,704
02/16/2008,PUB,CO,ANM,WE,Combined TRACON& Tower with Radar,0,4,73,0,77,0,0,88,12,100,0,4,161,12,177,48,8,56,233
02/17/2008,PUB,CO,ANM,WE,Combined TRACON& Tower with Radar,0,6,20,0,26,0,0,20,0,20,0,6,40,0,46,6,0,6,52
02/18/2008,PUB,CO,ANM,WE,Combined TRACON& Tower with Radar,0,13,39,0,52,0,0,43,0,43,0,13,82,0,95,78,0,78,173
02/19/2008,PUB,CO,ANM,WE,Combined TRACON& Tower with Radar,0,10,37,22,69,0,1,221,10,232,0,11,258,32,301,324,32,356,657
02/20/2008,PUB,CO,ANM,WE,Combined TRACON& Tower with Radar,0,13,31,10,54,0,0,19,0,19,0,13,50,10,73,38,30,68,141
02/21/2008,PUB,CO,ANM,WE,Combined TRACON& Tower with Radar,0,8,23,13,44,0,2,229,10,241,0,10,252,23,285,426,62,488,773
02/22/2008,PUB,CO,ANM,WE,Combined TRACON& Tower with Radar,0,12,45,2,59,1,0,173,4,178,1,12,218,6,237,326,16,342,579
02/23/2008,PUB,CO,ANM,WE,Combined TRACON& Tower with Radar,0,5,30,2,37,0,3,36,0,39,0,8,66,2,76,22,0,22,98
02/24/2008,PUB,CO,ANM,WE,Combined TRACON& Tower with Radar,0,3,43,0,46,0,2,66,1,69,0,5,109,1,115,126,0,126,241
02/25/2008,PUB,CO,ANM,WE,Combined TRACON& Tower with Radar,2,12,22,0,36,0,7,29,0,36,2,19,51,0,72,76,0,76,148
02/26/2008,PUB,CO,ANM,WE,Combined TRACON& Tower with Radar,0,17,58,3,78,0,4,153,0,157,0,21,211,3,235,240,8,248,483
02/27/2008,PUB,CO,ANM,WE,Combined TRACON& Tower with Radar,0,9,26,11,46,0,2,183,3,188,0,11,209,14,234,470,4,474,708
02/28/2008,PUB,CO,ANM,WE,Combined TRACON& Tower with Radar,0,13,42,10,65,0,2,221,0,223,0,15,263,10,288,492,16,508,796
02/29/2008,PUB,CO,ANM,WE,Combined TRACON& Tower with Radar,0,11,44,16,71,0,9,198,8,215,0,20,242,24,286,384,12,396,682
03/01/2008,PUB,CO,ANM,WE,Combined TRACON& Tower with Radar,0,6,43,17,66,0,4,210,13,227,0,10,253,30,293,528,6,534,827
03/02/2008,PUB,CO,ANM,WE,Combined TRACON& Tower with Radar,0,2,5,4,11,0,0,0,0,0,0,2,5,4,11,0,0,0,11
03/03/2008,PUB,CO,ANM,WE,Combined TRACON& Tower with Radar,0,13,15,27,55,0,2,229,0,231,0,15,244,27,286,652,36,688,974
03/04/2008,PUB,CO,ANM,WE,Combined TRACON& Tower with Radar,0,7,25,6,38,0,2,33,8,43,0,9,58,14,81,36,0,36,117
03/05/2008,PUB,CO,ANM,WE,Combined TRACON& Tower with Radar,0,13,41,0,54,0,0,159,2,161,0,13,200,2,215,258,0,258,473
03/06/2008,PUB,CO,ANM,WE,Combined TRACON& Tower with Radar,0,12,46,9,67,0,2,214,16,232,0,14,260,25,299,504,16,520,819
03/07/2008,PUB,CO,ANM,WE,Combined TRACON& Tower with Radar,0,11,33,3,47,0,4,194,5,203,0,15,227,8,250,280,0,280,530
03/08/2008,PUB,CO,ANM,WE,Combined TRACON& Tower with Radar,0,7,53,3,63,0,2,132,2,136,0,9,185,5,199,96,0,96,295
03/09/2008,PUB,CO,ANM,WE,Combined TRACON& Tower with Radar,0,8,40,0,48,0,0,41,0,41,0,8,81,0,89,108,0,108,197
03/10/2008,PUB,CO,ANM,WE,Combined TRACON& Tower with Radar,0,11,51,17,79,0,0,164,0,164,0,11,215,17,243,444,14,458,701
03/11/2008,PUB,CO,ANM,WE,Combined TRACON& Tower with Radar,0,7,60,10,77,0,2,249,0,251,0,9,309,10,328,318,12,330,658
03/12/2008,PUB,CO,ANM,WE,Combined TRACON& Tower with Radar,2,9,26,2,39,0,0,219,5,224,2,9,245,7,263,348,0,348,611
03/13/2008,PUB,CO,ANM,WE,Combined TRACON& Tower with Radar,0,12,47,2,61,0,2,209,1,212,0,14,256,3,273,422,0,422,695
03/14/2008,PUB,CO,ANM,WE,Combined TRACON& Tower with Radar,0,12,30,4,46,0,3,84,0,87,0,15,114,4,133,88,0,88,221
03/15/2008,PUB,CO,ANM,WE,Combined TRACON& Tower with Radar,0,7,30,20,57,0,5,3,5,13,0,12,33,25,70,44,24,68,138
03/16/2008,PUB,CO,ANM,WE,Combined TRACON& Tower with Radar,2,5,19,2,28,0,0,0,0,0,2,5,19,2,28,0,0,0,28
03/17/2008,PUB,CO,ANM,WE,Combined TRACON& Tower with Radar,0,13,14,15,42,0,0,66,1,67,0,13,80,16,109,508,36,544,653
03/18/2008,PUB,CO,ANM,WE,Combined TRACON& Tower with Radar,0,12,50,12,74,0,0,241,7,248,0,12,291,19,322,321,11,332,654
03/19/2008,PUB,CO,ANM,WE,Combined TRACON& Tower with Radar,0,16,35,3,54,0,0,214,7,221,0,16,249,10,275,428,32,460,735
03/20/2008,PUB,CO,ANM,WE,Combined TRACON& Tower with Radar,0,15,44,9,68,0,0,216,14,230,0,15,260,23,298,422,32,454,752
03/21/2008,PUB,CO,ANM,WE,Combined TRACON& Tower with Radar,2,14,35,0,51,0,2,209,0,211,2,16,244,0,262,558,0,558,820
03/22/2008,PUB,CO,ANM,WE,Combined TRACON& Tower with Radar,0,0,21,0,21,0,5,37,0,42,0,5,58,0,63,26,0,26,89
03/23/2008,PUB,CO,ANM,WE,Combined TRACON& Tower with Radar,0,5,37,6,48,0,0,10,0,10,0,5,47,6,58,10,0,10,68
03/24/2008,PUB,CO,ANM,WE,Combined TRACON& Tower with Radar,0,12,35,0,47,0,3,99,0,102,0,15,134,0,149,54,0,54,203
03/25/2008,PUB,CO,ANM,WE,Combined TRACON& Tower with Radar,0,9,32,16,57,0,0,235,0,235,0,9,267,16,292,354,14,368,660
03/26/2008,PUB,CO,ANM,WE,Combined TRACON& Tower with Radar,0,16,27,9,52,0,2,182,0,184,0,18,209,9,236,244,12,256,492
03/27/2008,PUB,CO,ANM,WE,Combined TRACON& Tower with Radar,0,16,18,4,38,0,8,258,4,270,0,24,276,8,308,586,0,586,894
03/28/2008,PUB,CO,ANM,WE,Combined TRACON& Tower with Radar,0,11,13,0,24,0,3,184,0,187,0,14,197,0,211,580,0,580,791
03/29/2008,PUB,CO,ANM,WE,Combined TRACON& Tower with Radar,0,6,31,0,37,0,6,246,0,252,0,12,277,0,289,428,0,428,717
03/30/2008,PUB,CO,ANM,WE,Combined TRACON& Tower with Radar,0,7,25,1,33,0,4,21,0,25,0,11,46,1,58,82,0,82,140
03/31/2008,PUB,CO,ANM,WE,Combined TRACON& Tower with Radar,0,15,22,7,44,0,7,129,8,144,0,22,151,15,188,402,14,416,604
04/01/2008,PUB,CO,ANM,WE,Combined TRACON& Tower with Radar,0,14,26,7,47,0,1,187,12,200,0,15,213,19,247,422,14,436,683
04/02/2008,PUB,CO,ANM,WE,Combined TRACON& Tower with Radar,0,9,32,5,46,0,5,240,6,251,0,14,272,11,297,420,20,440,737
04/03/2008,PUB,CO,ANM,WE,Combined TRACON& Tower with Radar,0,12,17,12,41,0,0,147,0,147,0,12,164,12,188,484,2,486,674
04/04/2008,PUB,CO,ANM,WE,Combined TRACON& Tower with Radar,0,10,22,8,40,0,2,257,0,259,0,12,279,8,299,438,12,450,749
04/05/2008,PUB,CO,ANM,WE,Combined TRACON& Tower with Radar,4,9,41,5,59,0,8,203,9,220,4,17,244,14,279,294,0,294,573
04/06/2008,PUB,CO,ANM,WE,Combined TRACON& Tower with Radar,1,3,32,6,42,0,0,45,0,45,1,3,77,6,87,44,14,58,145
04/07/2008,PUB,CO,ANM,WE,Combined TRACON& Tower with Radar,2,9,66,0,77,0,4,170,0,174,2,13,236,0,251,314,0,314,565
04/08/2008,PUB,CO,ANM,WE,Combined TRACON& Tower with Radar,0,15,31,10,56,0,1,250,0,251,0,16,281,10,307,382,22,404,711
04/09/2008,PUB,CO,ANM,WE,Combined TRACON& Tower with Radar,0,12,28,6,46,0,0,141,5,146,0,12,169,11,192,406,8,414,606
04/10/2008,PUB,CO,ANM,WE,Combined TRACON& Tower with Radar,0,19,27,1,47,0,0,2,0,2,0,19,29,1,49,0,0,0,49
04/11/2008,PUB,CO,ANM,WE,Combined TRACON& Tower with Radar,0,8,23,4,35,0,3,111,0,114,0,11,134,4,149,166,6,172,321
04/12/2008,PUB,CO,ANM,WE,Combined TRACON& Tower with Radar,0,7,24,16,47,0,6,147,6,159,0,13,171,22,206,356,18,374,580
04/13/2008,PUB,CO,ANM,WE,Combined TRACON& Tower with Radar,0,3,30,0,33,0,0,89,0,89,0,3,119,0,122,102,0,102,224
04/14/2008,PUB,CO,ANM,WE,Combined TRACON& Tower with Radar,0,9,30,9,48,0,0,237,5,242,0,9,267,14,290,592,12,604,894
04/15/2008,PUB,CO,ANM,WE,Combined TRACON& Tower with Radar,0,7,25,0,32,0,3,132,0,135,0,10,157,0,167,296,0,296,463
04/16/2008,PUB,CO,ANM,WE,Combined TRACON& Tower with Radar,0,23,22,6,51,0,0,182,5,187,0,23,204,11,238,524,20,544,782
04/17/2008,PUB,CO,ANM,WE,Combined TRACON& Tower with Radar,2,13,20,11,46,0,0,210,1,211,2,13,230,12,257,370,18,388,645
04/18/2008,PUB,CO,ANM,WE,Combined TRACON& Tower with Radar,0,17,28,4,49,0,3,253,0,256,0,20,281,4,305,716,4,720,1025
04/19/2008,PUB,CO,ANM,WE,Combined TRACON& Tower with Radar,0,4,14,9,27,0,6,225,0,231,0,10,239,9,258,418,14,432,690
04/20/2008,PUB,CO,ANM,WE,Combined TRACON& Tower with Radar,0,9,23,0,32,0,0,31,0,31,0,9,54,0,63,42,0,42,105
04/21/2008,PUB,CO,ANM,WE,Combined TRACON& Tower with Radar,0,10,24,2,36,0,2,248,8,258,0,12,272,10,294,474,12,486,780
04/22/2008,PUB,CO,ANM,WE,Combined TRACON& Tower with Radar,0,11,23,24,58,0,0,236,10,246,0,11,259,34,304,530,64,594,898
04/23/2008,PUB,CO,ANM,WE,Combined TRACON& Tower with Radar,0,7,23,16,46,0,0,228,0,228,0,7,251,16,274,380,44,424,698
04/24/2008,PUB,CO,ANM,WE,Combined TRACON& Tower with Radar,0,8,29,39,76,0,3,201,0,204,0,11,230,39,280,336,74,410,690
04/25/2008,PUB,CO,ANM,WE,Combined TRACON& Tower with Radar,0,8,28,20,56,0,4,157,0,161,0,12,185,20,217,310,10,320,537
04/26/2008,PUB,CO,ANM,WE,Combined TRACON& Tower with Radar,0,4,20,14,38,0,5,29,0,34,0,9,49,14,72,26,22,48,120
04/27/2008,PUB,CO,ANM,WE,Combined TRACON& Tower with Radar,0,4,55,8,67,0,0,127,3,130,0,4,182,11,197,28,4,32,229
04/28/2008,PUB,CO,ANM,WE,Combined TRACON& Tower with Radar,0,10,24,5,39,0,4,195,0,199,0,14,219,5,238,460,4,464,702
04/29/2008,PUB,CO,ANM,WE,Combined TRACON& Tower with Radar,2,7,40,17,66,0,5,185,4,194,2,12,225,21,260,458,22,480,740
04/30/2008,PUB,CO,ANM,WE,Combined TRACON& Tower with Radar,0,7,19,13,39,0,0,218,0,218,0,7,237,13,257,422,30,452,709
05/01/2008,PUB,CO,ANM,WE,Combined TRACON& Tower with Radar,0,6,12,18,36,0,0,69,0,69,0,6,81,18,105,190,25,215,320
05/02/2008,PUB,CO,ANM,WE,Combined TRACON& Tower with Radar,0,12,12,3,27,0,3,56,1,60,0,15,68,4,87,52,0,52,139
05/03/2008,PUB,CO,ANM,WE,Combined TRACON& Tower with Radar,0,8,29,11,48,0,4,67,9,80,0,12,96,20,128,52,4,56,184
05/04/2008,PUB,CO,ANM,WE,Combined TRACON& Tower with Radar,0,8,46,4,58,0,0,82,0,82,0,8,128,4,140,38,2,40,180
05/05/2008,PUB,CO,ANM,WE,Combined TRACON& Tower with Radar,0,15,25,7,47,0,3,253,36,292,0,18,278,43,339,580,10,590,929
05/06/2008,PUB,CO,ANM,WE,Combined TRACON& Tower with Radar,0,15,29,13,57,0,2,253,12,267,0,17,282,25,324,604,74,678,1002
05/07/2008,PUB,CO,ANM,WE,Combined TRACON& Tower with Radar,0,8,24,3,35,0,0,49,1,50,0,8,73,4,85,82,0,82,167
05/08/2008,PUB,CO,ANM,WE,Combined TRACON& Tower with Radar,0,9,27,22,58,0,2,206,4,212,0,11,233,26,270,530,22,552,822
05/09/2008,PUB,CO,ANM,WE,Combined TRACON& Tower with Radar,0,12,36,13,61,0,7,278,3,288,0,19,314,16,349,694,20,714,1063
05/10/2008,PUB,CO,ANM,WE,Combined TRACON& Tower with Radar,0,9,18,0,27,0,4,72,2,78,0,13,90,2,105,64,0,64,169
05/11/2008,PUB,CO,ANM,WE,Combined TRACON& Tower with Radar,0,10,43,3,56,0,0,84,0,84,0,10,127,3,140,136,16,152,292
05/12/2008,PUB,CO,ANM,WE,Combined TRACON& Tower with Radar,0,11,29,16,56,0,2,279,0,281,0,13,308,16,337,526,4,530,867
05/13/2008,PUB,CO,ANM,WE,Combined TRACON& Tower with Radar,0,11,20,12,43,0,0,178,0,178,0,11,198,12,221,206,24,230,451
05/14/2008,PUB,CO,ANM,WE,Combined TRACON& Tower with Radar,0,16,15,7,38,0,8,237,23,268,0,24,252,30,306,456,44,500,806
05/15/2008,PUB,CO,ANM,WE,Combined TRACON& Tower with Radar,0,10,12,2,24,0,0,50,0,50,0,10,62,2,74,94,0,94,168
05/16/2008,PUB,CO,ANM,WE,Combined TRACON& Tower with Radar,0,10,33,9,52,0,4,237,1,242,0,14,270,10,294,320,2,322,616
05/17/2008,PUB,CO,ANM,WE,Combined TRACON& Tower with Radar,0,8,30,6,44,0,2,71,1,74,0,10,101,7,118,16,0,16,134
05/18/2008,PUB,CO,ANM,WE,Combined TRACON& Tower with Radar,0,4,52,10,66,0,1,58,0,59,0,5,110,10,125,30,0,30,155
05/19/2008,PUB,CO,ANM,WE,Combined TRACON& Tower with Radar,0,14,30,0,44,0,2,246,4,252,0,16,276,4,296,392,0,392,688
05/20/2008,PUB,CO,ANM,WE,Combined TRACON& Tower with Radar,0,6,41,2,49,0,0,231,2,233,0,6,272,4,282,392,0,392,674
05/21/2008,PUB,CO,ANM,WE,Combined TRACON& Tower with Radar,0,6,37,19,62,0,2,154,16,172,0,8,191,35,234,296,48,344,578
05/22/2008,PUB,CO,ANM,WE,Combined TRACON& Tower with Radar,2,8,25,10,45,0,2,121,0,123,2,10,146,10,168,220,29,249,417
05/23/2008,PUB,CO,ANM,WE,Combined TRACON& Tower with Radar,0,8,38,10,56,0,2,140,12,154,0,10,178,22,210,337,34,371,581
05/24/2008,PUB,CO,ANM,WE,Combined TRACON& Tower with Radar,0,5,16,4,25,0,2,67,2,71,0,7,83,6,96,38,0,38,134
05/25/2008,PUB,CO,ANM,WE,Combined TRACON& Tower with Radar,0,2,26,1,29,0,4,74,1,79,0,6,100,2,108,24,0,24,132
05/26/2008,PUB,CO,ANM,WE,Combined TRACON& Tower with Radar,0,4,39,1,44,0,6,27,0,33,0,10,66,1,77,4,0,4,81
05/27/2008,PUB,CO,ANM,WE,Combined TRACON& Tower with Radar,0,7,45,2,54,0,0,128,3,131,0,7,173,5,185,492,2,494,679
05/28/2008,PUB,CO,ANM,WE,Combined TRACON& Tower with Radar,0,10,72,29,111,0,0,102,19,121,0,10,174,48,232,436,50,486,718
05/29/2008,PUB,CO,ANM,WE,Combined TRACON& Tower with Radar,0,13,35,1,49,0,0,161,7,168,0,13,196,8,217,342,12,354,571
05/30/2008,PUB,CO,ANM,WE,Combined TRACON& Tower with Radar,0,11,45,3,59,0,1,314,1,316,0,12,359,4,375,528,0,528,903
05/31/2008,PUB,CO,ANM,WE,Combined TRACON& Tower with Radar,0,5,15,0,20,0,1,255,4,260,0,6,270,4,280,486,0,486,766
06/01/2008,PUB,CO,ANM,WE,Combined TRACON& Tower with Radar,0,3,37,6,46,0,0,31,0,31,0,3,68,6,77,118,14,132,209
06/02/2008,PUB,CO,ANM,WE,Combined TRACON& Tower with Radar,0,7,30,3,40,0,2,272,7,281,0,9,302,10,321,522,12,534,855
06/03/2008,PUB,CO,ANM,WE,Combined TRACON& Tower with Radar,0,10,28,9,47,0,9,242,8,259,0,19,270,17,306,580,14,594,900
06/04/2008,PUB,CO,ANM,WE,Combined TRACON& Tower with Radar,4,7,41,6,58,0,2,168,8,178,4,9,209,14,236,662,24,686,922
06/05/2008,PUB,CO,ANM,WE,Combined TRACON& Tower with Radar,0,7,12,2,21,0,0,13,1,14,0,7,25,3,35,58,0,58,93
06/06/2008,PUB,CO,ANM,WE,Combined TRACON& Tower with Radar,0,14,19,2,35,0,4,249,2,255,0,18,268,4,290,446,2,448,738
06/07/2008,PUB,CO,ANM,WE,Combined TRACON& Tower with Radar,0,8,18,2,28,0,3,40,8,51,0,11,58,10,79,50,2,52,131
06/08/2008,PUB,CO,ANM,WE,Combined TRACON& Tower with Radar,0,4,40,3,47,0,3,55,3,61,0,7,95,6,108,60,0,60,168
06/09/2008,PUB,CO,ANM,WE,Combined TRACON& Tower with Radar,0,11,18,3,32,0,0,265,6,271,0,11,283,9,303,430,4,434,737
06/10/2008,PUB,CO,ANM,WE,Combined TRACON& Tower with Radar,0,7,23,8,38,0,2,187,5,194,0,9,210,13,232,238,28,266,498
06/11/2008,PUB,CO,ANM,WE,Combined TRACON& Tower with Radar,0,8,41,9,58,0,1,244,8,253,0,9,285,17,311,470,8,478,789
06/12/2008,PUB,CO,ANM,WE,Combined TRACON& Tower with Radar,2,14,22,19,57,0,3,226,7,236,2,17,248,26,293,520,28,548,841
06/13/2008,PUB,CO,ANM,WE,Combined TRACON& Tower with Radar,0,8,27,4,39,0,3,248,0,251,0,11,275,4,290,606,2,608,898
06/14/2008,PUB,CO,ANM,WE,Combined TRACON& Tower with Radar,0,6,28,11,45,0,0,84,13,97,0,6,112,24,142,68,20,88,230
06/15/2008,PUB,CO,ANM,WE,Combined TRACON& Tower with Radar,0,4,37,9,50,0,0,75,0,75,0,4,112,9,125,46,18,64,189
06/16/2008,PUB,CO,ANM,WE,Combined TRACON& Tower with Radar,1,8,29,1,39,0,1,41,2,44,1,9,70,3,83,190,0,190,273
06/17/2008,PUB,CO,ANM,WE,Combined TRACON& Tower with Radar,0,9,30,5,44,0,6,238,1,245,0,15,268,6,289,536,12,548,837
06/18/2008,PUB,CO,ANM,WE,Combined TRACON& Tower with Radar,0,12,24,5,41,0,2,261,0,263,0,14,285,5,304,598,2,600,904
06/19/2008,PUB,CO,ANM,WE,Combined TRACON& Tower with Radar,0,13,39,0,52,0,5,196,11,212,0,18,235,11,264,469,10,479,743
06/20/2008,PUB,CO,ANM,WE,Combined TRACON& Tower with Radar,0,17,32,0,49,0,0,227,3,230,0,17,259,3,279,552,2,554,833
06/21/2008,PUB,CO,ANM,WE,Combined TRACON& Tower with Radar,2,7,27,0,36,0,0,77,6,83,2,7,104,6,119,62,0,62,181
06/22/2008,PUB,CO,ANM,WE,Combined TRACON& Tower with Radar,0,5,44,0,49,0,0,55,1,56,0,5,99,1,105,36,0,36,141
06/23/2008,PUB,CO,ANM,WE,Combined TRACON& Tower with Radar,0,10,14,20,44,0,0,189,5,194,0,10,203,25,238,324,24,348,586
06/24/2008,PUB,CO,ANM,WE,Combined TRACON& Tower with Radar,0,20,22,6,48,0,0,237,11,248,0,20,259,17,296,402,20,422,718
06/25/2008,PUB,CO,ANM,WE,Combined TRACON& Tower with Radar,0,9,17,4,30,0,2,251,1,254,0,11,268,5,284,368,4,372,656
06/26/2008,PUB,CO,ANM,WE,Combined TRACON& Tower with Radar,0,11,23,0,34,0,2,241,2,245,0,13,264,2,279,356,0,356,635
06/27/2008,PUB,CO,ANM,WE,Combined TRACON& Tower with Radar,4,9,46,14,73,0,6,198,4,208,4,15,244,18,281,446,2,448,729
06/28/2008,PUB,CO,ANM,WE,Combined TRACON& Tower with Radar,0,6,24,26,56,0,2,69,2,73,0,8,93,28,129,50,2,52,181
06/29/2008,PUB,CO,ANM,WE,Combined TRACON& Tower with Radar,0,5,37,2,44,0,0,67,0,67,0,5,104,2,111,38,0,38,149
06/30/2008,PUB,CO,ANM,WE,Combined TRACON& Tower with Radar,0,12,27,2,41,0,0,196,0,196,0,12,223,2,237,262,0,262,499
07/01/2008,PUB,CO,ANM,WE,Combined TRACON& Tower with Radar,2,12,28,3,45,2,14,233,9,258,4,26,261,12,303,474,14,488,791
07/02/2008,PUB,CO,ANM,WE,Combined TRACON& Tower with Radar,0,16,15,2,33,0,19,181,4,204,0,35,196,6,237,344,0,344,581
07/03/2008,PUB,CO,ANM,WE,Combined TRACON& Tower with Radar,0,19,35,2,56,0,0,160,0,160,0,19,195,2,216,434,10,444,660
07/04/2008,PUB,CO,ANM,WE,Combined TRACON& Tower with Radar,0,15,17,0,32,0,8,71,0,79,0,23,88,0,111,26,0,26,137
07/05/2008,PUB,CO,ANM,WE,Combined TRACON& Tower with Radar,0,11,22,0,33,0,6,60,5,71,0,17,82,5,104,22,0,22,126
07/06/2008,PUB,CO,ANM,WE,Combined TRACON& Tower with Radar,4,14,25,4,47,4,14,66,5,89,8,28,91,9,136,8,0,8,144
07/07/2008,PUB,CO,ANM,WE,Combined TRACON& Tower with Radar,0,16,28,2,46,0,13,177,6,196,0,29,205,8,242,484,26,510,752
07/08/2008,PUB,CO,ANM,WE,Combined TRACON& Tower with Radar,14,10,30,8,62,0,1,228,2,231,14,11,258,10,293,514,10,524,817
07/09/2008,PUB,CO,ANM,WE,Combined TRACON& Tower with Radar,0,11,34,3,48,0,5,157,0,162,0,16,191,3,210,515,6,521,731
07/10/2008,PUB,CO,ANM,WE,Combined TRACON& Tower with Radar,0,19,15,14,48,0,3,216,9,228,0,22,231,23,276,455,15,470,746
07/11/2008,PUB,CO,ANM,WE,Combined TRACON& Tower with Radar,0,8,34,7,49,0,6,150,1,157,0,14,184,8,206,200,12,212,418
07/12/2008,PUB,CO,ANM,WE,Combined TRACON& Tower with Radar,0,6,24,4,34,0,6,99,8,113,0,12,123,12,147,96,0,96,243
07/13/2008,PUB,CO,ANM,WE,Combined TRACON& Tower with Radar,0,8,38,2,48,0,0,46,0,46,0,8,84,2,94,76,4,80,174
07/14/2008,PUB,CO,ANM,WE,Combined TRACON& Tower with Radar,2,21,18,0,41,0,24,176,0,200,2,45,194,0,241,346,0,346,587
07/15/2008,PUB,CO,ANM,WE,Combined TRACON& Tower with Radar,4,9,25,6,44,0,0,110,1,111,4,9,135,7,155,408,8,416,571
07/16/2008,PUB,CO,ANM,WE,Combined TRACON& Tower with Radar,0,15,22,9,46,0,3,188,2,193,0,18,210,11,239,382,12,394,633
07/17/2008,PUB,CO,ANM,WE,Combined TRACON& Tower with Radar,0,8,35,0,43,0,2,144,3,149,0,10,179,3,192,468,0,468,660
07/18/2008,PUB,CO,ANM,WE,Combined TRACON& Tower with Radar,0,9,17,3,29,0,7,149,3,159,0,16,166,6,188,188,0,188,376
07/19/2008,PUB,CO,ANM,WE,Combined TRACON& Tower with Radar,0,9,34,22,65,0,4,54,7,65,0,13,88,29,130,18,20,38,168
07/20/2008,PUB,CO,ANM,WE,Combined TRACON& Tower with Radar,0,10,36,8,54,0,12,112,8,132,0,22,148,16,186,40,2,42,228
07/21/2008,PUB,CO,ANM,WE,Combined TRACON& Tower with Radar,0,14,17,6,37,0,4,160,6,170,0,18,177,12,207,376,6,382,589
07/22/2008,PUB,CO,ANM,WE,Combined TRACON& Tower with Radar,0,15,19,8,42,0,3,139,5,147,0,18,158,13,189,378,10,388,577
07/23/2008,PUB,CO,ANM,WE,Combined TRACON& Tower with Radar,0,13,33,10,56,0,5,152,4,161,0,18,185,14,217,358,10,368,585
07/24/2008,PUB,CO,ANM,WE,Combined TRACON& Tower with Radar,2,9,35,9,55,0,5,145,0,150,2,14,180,9,205,348,16,364,569
07/25/2008,PUB,CO,ANM,WE,Combined TRACON& Tower with Radar,2,8,19,1,30,0,7,203,1,211,2,15,222,2,241,406,0,406,647
07/26/2008,PUB,CO,ANM,WE,Combined TRACON& Tower with Radar,0,9,32,0,41,0,4,92,0,96,0,13,124,0,137,48,0,48,185
07/27/2008,PUB,CO,ANM,WE,Combined TRACON& Tower with Radar,0,11,31,0,42,0,2,41,0,43,0,13,72,0,85,50,0,50,135
07/28/2008,PUB,CO,ANM,WE,Combined TRACON& Tower with Radar,0,13,39,12,64,0,4,117,1,122,0,17,156,13,186,496,0,496,682
07/29/2008,PUB,CO,ANM,WE,Combined TRACON& Tower with Radar,0,12,27,1,40,0,2,154,0,156,0,14,181,1,196,420,2,422,618
07/30/2008,PUB,CO,ANM,WE,Combined TRACON& Tower with Radar,0,16,23,10,49,0,2,110,0,112,0,18,133,10,161,328,0,328,489
07/31/2008,PUB,CO,ANM,WE,Combined TRACON& Tower with Radar,0,14,16,0,30,0,0,158,0,158,0,14,174,0,188,226,0,226,414
08/01/2008,PUB,CO,ANM,WE,Combined TRACON& Tower with Radar,2,9,22,2,35,0,6,102,6,114,2,15,124,8,149,176,0,176,325
08/02/2008,PUB,CO,ANM,WE,Combined TRACON& Tower with Radar,0,3,30,0,33,0,4,73,0,77,0,7,103,0,110,56,0,56,166
08/03/2008,PUB,CO,ANM,WE,Combined TRACON& Tower with Radar,0,14,34,0,48,0,0,37,1,38,0,14,71,1,86,16,0,16,102
08/04/2008,PUB,CO,ANM,WE,Combined TRACON& Tower with Radar,0,14,135,4,153,0,4,109,8,121,0,18,244,12,274,210,4,214,488
08/05/2008,PUB,CO,ANM,WE,Combined TRACON& Tower with Radar,0,11,10,9,30,0,15,161,9,185,0,26,171,18,215,230,12,242,457
08/06/2008,PUB,CO,ANM,WE,Combined TRACON& Tower with Radar,4,11,26,0,41,0,2,169,6,177,4,13,195,6,218,278,2,280,498
08/07/2008,PUB,CO,ANM,WE,Combined TRACON& Tower with Radar,4,13,32,6,55,0,2,113,0,115,4,15,145,6,170,422,8,430,600
08/08/2008,PUB,CO,ANM,WE,Combined TRACON& Tower with Radar,0,17,38,2,57,0,5,55,0,60,0,22,93,2,117,214,2,216,333
08/09/2008,PUB,CO,ANM,WE,Combined TRACON& Tower with Radar,0,6,31,4,41,0,3,74,2,79,0,9,105,6,120,44,4,48,168
08/10/2008,PUB,CO,ANM,WE,Combined TRACON& Tower with Radar,0,9,27,0,36,0,1,28,0,29,0,10,55,0,65,52,0,52,117
08/11/2008,PUB,CO,ANM,WE,Combined TRACON& Tower with Radar,0,16,43,0,59,0,6,132,2,140,0,22,175,2,199,282,0,282,481
08/12/2008,PUB,CO,ANM,WE,Combined TRACON& Tower with Radar,0,17,23,4,44,0,2,142,2,146,0,19,165,6,190,230,0,230,420
08/13/2008,PUB,CO,ANM,WE,Combined TRACON& Tower with Radar,0,16,26,0,42,0,18,157,2,177,0,34,183,2,219,324,4,328,547
08/14/2008,PUB,CO,ANM,WE,Combined TRACON& Tower with Radar,0,11,13,16,40,0,3,133,2,138,0,14,146,18,178,296,26,322,500
08/15/2008,PUB,CO,ANM,WE,Combined TRACON& Tower with Radar,0,9,13,1,23,0,5,44,1,50,0,14,57,2,73,140,0,140,213
08/16/2008,PUB,CO,ANM,WE,Combined TRACON& Tower with Radar,2,3,5,0,10,0,0,3,0,3,2,3,8,0,13,0,0,0,13
08/17/2008,PUB,CO,ANM,WE,Combined TRACON& Tower with Radar,0,12,43,2,57,0,2,11,0,13,0,14,54,2,70,10,0,10,80
08/18/2008,PUB,CO,ANM,WE,Combined TRACON& Tower with Radar,0,16,26,12,54,0,4,124,4,132,0,20,150,16,186,480,4,484,670
08/19/2008,PUB,CO,ANM,WE,Combined TRACON& Tower with Radar,2,12,17,7,38,0,6,97,3,106,2,18,114,10,144,178,2,180,324
08/20/2008,PUB,CO,ANM,WE,Combined TRACON& Tower with Radar,0,15,38,10,63,0,0,100,17,117,0,15,138,27,180,362,34,396,576
08/21/2008,PUB,CO,ANM,WE,Combined TRACON& Tower with Radar,0,12,19,11,42,0,0,129,0,129,0,12,148,11,171,370,16,386,557
08/22/2008,PUB,CO,ANM,WE,Combined TRACON& Tower with Radar,0,7,24,22,53,0,10,129,8,147,0,17,153,30,200,390,4,394,594
08/23/2008,PUB,CO,ANM,WE,Combined TRACON& Tower with Radar,1,5,35,0,41,0,4,82,3,89,1,9,117,3,130,20,8,28,158
08/24/2008,PUB,CO,ANM,WE,Combined TRACON& Tower with Radar,0,10,38,15,63,0,6,80,0,86,0,16,118,15,149,18,0,18,167
08/25/2008,PUB,CO,ANM,WE,Combined TRACON& Tower with Radar,0,10,38,0,48,0,2,142,1,145,0,12,180,1,193,210,0,210,403
08/26/2008,PUB,CO,ANM,WE,Combined TRACON& Tower with Radar,0,17,26,7,50,0,0,101,6,107,0,17,127,13,157,224,30,254,411
08/27/2008,PUB,CO,ANM,WE,Combined TRACON& Tower with Radar,0,21,18,19,58,0,11,87,4,102,0,32,105,23,160,148,16,164,324
08/28/2008,PUB,CO,ANM,WE,Combined TRACON& Tower with Radar,0,8,16,13,37,0,4,96,1,101,0,12,112,14,138,176,48,224,362
08/29/2008,PUB,CO,ANM,WE,Combined TRACON& Tower with Radar,0,14,26,1,41,0,6,142,3,151,0,20,168,4,192,202,2,204,396
08/30/2008,PUB,CO,ANM,WE,Combined TRACON& Tower with Radar,0,16,32,3,51,0,0,61,1,62,0,16,93,4,113,58,0,58,171
08/31/2008,PUB,CO,ANM,WE,Combined TRACON& Tower with Radar,0,7,12,2,21,0,2,40,0,42,0,9,52,2,63,30,4,34,97
09/01/2008,PUB,CO,ANM,WE,Combined TRACON& Tower with Radar,0,16,32,0,48,0,2,42,0,44,0,18,74,0,92,40,0,40,132
09/02/2008,PUB,CO,ANM,WE,Combined TRACON& Tower with Radar,0,14,17,13,44,0,16,134,20,170,0,30,151,33,214,208,24,232,446
09/03/2008,PUB,CO,ANM,WE,Combined TRACON& Tower with Radar,0,13,32,5,50,0,4,140,1,145,0,17,172,6,195,249,33,282,477
09/04/2008,PUB,CO,ANM,WE,Combined TRACON& Tower with Radar,2,12,26,4,44,0,2,152,7,161,2,14,178,11,205,250,12,262,467
09/05/2008,PUB,CO,ANM,WE,Combined TRACON& Tower with Radar,0,14,24,18,56,0,3,125,2,130,0,17,149,20,186,254,48,302,488
09/06/2008,PUB,CO,ANM,WE,Combined TRACON& Tower with Radar,0,11,24,2,37,0,3,71,12,86,0,14,95,14,123,66,12,78,201
09/07/2008,PUB,CO,ANM,WE,Combined TRACON& Tower with Radar,0,7,29,4,40,0,0,58,2,60,0,7,87,6,100,58,0,58,158
09/08/2008,PUB,CO,ANM,WE,Combined TRACON& Tower with Radar,0,12,23,17,52,0,2,107,8,117,0,14,130,25,169,220,10,230,399
09/09/2008,PUB,CO,ANM,WE,Combined TRACON& Tower with Radar,0,16,41,5,62,0,0,35,1,36,0,16,76,6,98,96,10,106,204
09/10/2008,PUB,CO,ANM,WE,Combined TRACON& Tower with Radar,0,14,28,17,59,0,0,124,2,126,0,14,152,19,185,170,18,188,373
09/11/2008,PUB,CO,ANM,WE,Combined TRACON& Tower with Radar,0,10,20,40,70,0,1,151,0,152,0,11,171,40,222,326,48,374,596
09/12/2008,PUB,CO,ANM,WE,Combined TRACON& Tower with Radar,0,5,27,28,60,0,0,5,0,5,0,5,32,28,65,6,4,10,75
09/13/2008,PUB,CO,ANM,WE,Combined TRACON& Tower with Radar,0,8,39,23,70,0,0,85,1,86,0,8,124,24,156,122,2,124,280
09/14/2008,PUB,CO,ANM,WE,Combined TRACON& Tower with Radar,0,5,15,0,20,0,6,67,0,73,0,11,82,0,93,38,6,44,137
09/15/2008,PUB,CO,ANM,WE,Combined TRACON& Tower with Radar,2,11,11,4,28,0,9,139,0,148,2,20,150,4,176,254,2,256,432
09/16/2008,PUB,CO,ANM,WE,Combined TRACON& Tower with Radar,2,11,11,2,26,0,4,144,18,166,2,15,155,20,192,302,20,322,514
09/17/2008,PUB,CO,ANM,WE,Combined TRACON& Tower with Radar,0,8,11,6,25,0,10,163,13,186,0,18,174,19,211,374,16,390,601
09/18/2008,PUB,CO,ANM,WE,Combined TRACON& Tower with Radar,0,11,10,12,33,0,3,148,0,151,0,14,158,12,184,300,32,332,516
09/19/2008,PUB,CO,ANM,WE,Combined TRACON& Tower with Radar,0,18,11,11,40,0,2,167,5,174,0,20,178,16,214,372,16,388,602
09/20/2008,PUB,CO,ANM,WE,Combined TRACON& Tower with Radar,0,5,10,2,17,0,2,83,4,89,0,7,93,6,106,52,2,54,160
09/21/2008,PUB,CO,ANM,WE,Combined TRACON& Tower with Radar,0,7,22,1,30,0,5,72,3,80,0,12,94,4,110,30,0,30,140
09/22/2008,PUB,CO,ANM,WE,Combined TRACON& Tower with Radar,0,24,15,2,41,0,4,124,2,130,0,28,139,4,171,202,4,206,377
09/23/2008,PUB,CO,ANM,WE,Combined TRACON& Tower with Radar,0,15,20,9,44,0,8,159,2,169,0,23,179,11,213,236,26,262,475
09/24/2008,PUB,CO,ANM,WE,Combined TRACON& Tower with Radar,2,13,21,2,38,0,5,171,8,184,2,18,192,10,222,254,26,280,502
09/25/2008,PUB,CO,ANM,WE,Combined TRACON& Tower with Radar,0,9,16,10,35,0,18,200,0,218,0,27,216,10,253,10,250,260,513
09/26/2008,PUB,CO,ANM,WE,Combined TRACON& Tower with Radar,0,14,12,2,28,0,6,242,0,248,0,20,254,2,276,60,0,60,336
09/27/2008,PUB,CO,ANM,WE,Combined TRACON& Tower with Radar,0,4,13,0,17,0,5,65,0,70,0,9,78,0,87,32,0,32,119
09/28/2008,PUB,CO,ANM,WE,Combined TRACON& Tower with Radar,0,7,26,3,36,0,3,63,2,68,0,10,89,5,104,0,51,51,155
09/29/2008,PUB,CO,ANM,WE,Combined TRACON& Tower with Radar,0,10,7,0,17,0,5,64,0,69,0,15,71,0,86,244,0,244,330
09/30/2008,PUB,CO,ANM,WE,Combined TRACON& Tower with Radar,0,10,19,0,29,0,3,141,0,144,0,13,160,0,173,212,0,212,385
10/01/2008,PUB,CO,ANM,WE,Towers with Radar,0,8,5,9,22,0,4,140,0,144,0,12,145,9,166,298,28,326,492
10/02/2008,PUB,CO,ANM,WE,Towers with Radar,0,12,13,1,26,0,0,107,12,119,0,12,120,13,145,234,14,248,393
10/03/2008,PUB,CO,ANM,WE,Towers with Radar,2,12,22,15,51,0,1,128,4,133,2,13,150,19,184,228,26,254,438
10/04/2008,PUB,CO,ANM,WE,Towers with Radar,0,3,9,1,13,2,50,6,58,116,2,53,15,59,129,82,4,86,215
10/05/2008,PUB,CO,ANM,WE,Towers with Radar,4,10,16,9,39,0,1,52,6,59,4,11,68,15,98,82,2,84,182
10/06/2008,PUB,CO,ANM,WE,Towers with Radar,2,16,11,11,40,0,0,122,4,126,2,16,133,15,166,213,57,270,436
10/07/2008,PUB,CO,ANM,WE,Towers with Radar,0,9,26,1,36,0,3,140,7,150,0,12,166,8,186,202,6,208,394
10/08/2008,PUB,CO,ANM,WE,Towers with Radar,0,14,17,6,37,0,3,153,2,158,0,17,170,8,195,306,24,330,525
10/09/2008,PUB,CO,ANM,WE,Towers with Radar,2,9,16,0,27,0,1,150,6,157,2,10,166,6,184,301,36,337,521
10/10/2008,PUB,CO,ANM,WE,Towers with Radar,0,9,21,2,32,0,2,96,6,104,0,11,117,8,136,254,6,260,396
10/11/2008,PUB,CO,ANM,WE,Towers with Radar,0,11,19,0,30,0,0,0,0,0,0,11,19,0,30,0,0,0,30
10/12/2008,PUB,CO,ANM,WE,Towers with Radar,0,8,10,2,20,0,2,19,0,21,0,10,29,2,41,6,0,6,47
10/13/2008,PUB,CO,ANM,WE,Towers with Radar,0,13,20,2,35,0,4,45,2,51,0,17,65,4,86,46,8,54,140
10/14/2008,PUB,CO,ANM,WE,Towers with Radar,14,9,12,2,37,0,0,2,2,4,14,9,14,4,41,8,0,8,49
10/15/2008,PUB,CO,ANM,WE,Towers with Radar,0,15,19,6,40,0,3,130,14,147,0,18,149,20,187,188,34,222,409
10/16/2008,PUB,CO,ANM,WE,Towers with Radar,0,14,7,3,24,2,4,82,10,98,2,18,89,13,122,150,6,156,278
10/17/2008,PUB,CO,ANM,WE,Towers with Radar,2,13,12,2,29,0,2,90,2,94,2,15,102,4,123,138,4,142,265
10/18/2008,PUB,CO,ANM,WE,Towers with Radar,0,3,8,6,17,0,6,117,4,127,0,9,125,10,144,78,0,78,222
10/19/2008,PUB,CO,ANM,WE,Towers with Radar,0,8,8,8,24,0,0,72,1,73,0,8,80,9,97,88,0,88,185
10/20/2008,PUB,CO,ANM,WE,Towers with Radar,0,12,19,1,32,0,0,16,3,19,0,12,35,4,51,8,0,8,59
10/21/2008,PUB,CO,ANM,WE,Towers with Radar,1,12,7,7,27,0,1,207,1,209,1,13,214,8,236,221,10,231,467
10/22/2008,PUB,CO,ANM,WE,Towers with Radar,1,12,8,11,32,0,0,1,10,11,1,12,9,21,43,0,28,28,71
10/23/2008,PUB,CO,ANM,WE,Towers with Radar,0,8,24,11,43,0,0,222,3,225,0,8,246,14,268,186,14,200,468
10/24/2008,PUB,CO,ANM,WE,Towers with Radar,0,14,17,2,33,0,0,188,3,191,0,14,205,5,224,94,14,108,332
10/25/2008,PUB,CO,ANM,WE,Towers with Radar,0,5,16,11,32,0,3,79,0,82,0,8,95,11,114,62,0,62,176
10/26/2008,PUB,CO,ANM,WE,Towers with Radar,0,10,14,0,24,0,2,92,0,94,0,12,106,0,118,30,0,30,148
10/27/2008,PUB,CO,ANM,WE,Towers with Radar,0,9,15,0,24,0,5,164,0,169,0,14,179,0,193,265,0,265,458
10/28/2008,PUB,CO,ANM,WE,Towers with Radar,0,10,12,7,29,0,2,249,3,254,0,12,261,10,283,306,0,306,589
10/29/2008,PUB,CO,ANM,WE,Towers with Radar,0,11,12,0,23,0,0,228,8,236,0,11,240,8,259,390,2,392,651
10/30/2008,PUB,CO,ANM,WE,Towers with Radar,0,11,8,3,22,0,4,226,3,233,0,15,234,6,255,426,6,432,687
10/31/2008,PUB,CO,ANM,WE,Towers with Radar,2,9,9,0,20,0,8,188,2,198,2,17,197,2,218,393,2,395,613
11/01/2008,PUB,CO,ANM,WE,Towers with Radar,2,4,13,1,20,0,1,84,0,85,2,5,97,1,105,56,2,58,163
11/02/2008,PUB,CO,ANM,WE,Towers with Radar,0,6,7,0,13,0,1,91,0,92,0,7,98,0,105,34,0,34,139
11/03/2008,PUB,CO,ANM,WE,Towers with Radar,0,8,9,6,23,0,0,205,0,205,0,8,214,6,228,372,0,372,600
11/04/2008,PUB,CO,ANM,WE,Towers with Radar,0,9,27,0,36,0,0,141,0,141,0,9,168,0,177,402,0,402,579
11/05/2008,PUB,CO,ANM,WE,Towers with Radar,0,10,18,14,42,0,2,225,36,263,0,12,243,50,305,578,52,630,935
11/06/2008,PUB,CO,ANM,WE,Towers with Radar,0,9,20,6,35,0,2,120,0,122,0,11,140,6,157,438,2,440,597
11/07/2008,PUB,CO,ANM,WE,Towers with Radar,0,14,14,12,40,0,0,177,0,177,0,14,191,12,217,500,4,504,721
11/08/2008,PUB,CO,ANM,WE,Towers with Radar,0,3,9,0,12,0,1,135,2,138,0,4,144,2,150,58,0,58,208
11/09/2008,PUB,CO,ANM,WE,Towers with Radar,0,11,20,1,32,0,0,72,3,75,0,11,92,4,107,32,0,32,139
11/10/2008,PUB,CO,ANM,WE,Towers with Radar,0,12,12,3,27,0,0,34,0,34,0,12,46,3,61,54,0,54,115
11/11/2008,PUB,CO,ANM,WE,Towers with Radar,0,10,15,0,25,0,2,36,6,44,0,12,51,6,69,96,8,104,173
11/12/2008,PUB,CO,ANM,WE,Towers with Radar,0,11,23,3,37,0,0,187,7,194,0,11,210,10,231,346,6,352,583
11/13/2008,PUB,CO,ANM,WE,Towers with Radar,2,14,12,10,38,0,8,190,2,200,2,22,202,12,238,236,20,256,494
11/14/2008,PUB,CO,ANM,WE,Towers with Radar,2,11,11,2,26,0,0,78,2,80,2,11,89,4,106,34,0,34,140
11/15/2008,PUB,CO,ANM,WE,Towers with Radar,0,9,11,4,24,0,2,99,16,117,0,11,110,20,141,72,6,78,219
11/16/2008,PUB,CO,ANM,WE,Towers with Radar,2,12,11,7,32,0,4,121,0,125,2,16,132,7,157,74,0,74,231
11/17/2008,PUB,CO,ANM,WE,Towers with Radar,0,12,12,0,24,0,2,252,0,254,0,14,264,0,278,280,0,280,558
11/18/2008,PUB,CO,ANM,WE,Towers with Radar,2,15,15,2,34,0,0,263,2,265,2,15,278,4,299,350,12,362,661
11/19/2008,PUB,CO,ANM,WE,Towers with Radar,0,6,17,4,27,0,2,284,13,299,0,8,301,17,326,368,38,406,732
11/20/2008,PUB,CO,ANM,WE,Towers with Radar,0,11,13,2,26,0,0,17,0,17,0,11,30,2,43,158,0,158,201
11/21/2008,PUB,CO,ANM,WE,Towers with Radar,2,11,34,2,49,0,0,209,0,209,2,11,243,2,258,364,0,364,622
11/22/2008,PUB,CO,ANM,WE,Towers with Radar,0,7,14,2,23,0,4,313,0,317,0,11,327,2,340,488,0,488,828
11/23/2008,PUB,CO,ANM,WE,Towers with Radar,0,5,17,3,25,0,0,62,1,63,0,5,79,4,88,40,8,48,136
11/24/2008,PUB,CO,ANM,WE,Towers with Radar,0,11,12,5,28,0,0,286,0,286,0,11,298,5,314,424,12,436,750
11/25/2008,PUB,CO,ANM,WE,Towers with Radar,0,14,18,1,33,0,0,216,0,216,0,14,234,1,249,328,0,328,577
11/26/2008,PUB,CO,ANM,WE,Towers with Radar,0,15,25,1,41,0,0,218,0,218,0,15,243,1,259,372,0,372,631
11/27/2008,PUB,CO,ANM,WE,Towers with Radar,0,5,2,0,7,0,0,7,0,7,0,5,9,0,14,2,0,2,16
11/28/2008,PUB,CO,ANM,WE,Towers with Radar,2,9,6,0,17,0,0,0,0,0,2,9,6,0,17,0,0,0,17
11/29/2008,PUB,CO,ANM,WE,Towers with Radar,0,4,13,0,17,0,1,31,0,32,0,5,44,0,49,62,0,62,111
11/30/2008,PUB,CO,ANM,WE,Towers with Radar,0,12,13,0,25,0,0,4,0,4,0,12,17,0,29,0,0,0,29
12/01/2008,PUB,CO,ANM,WE,Towers with Radar,0,14,14,0,28,0,0,235,4,239,0,14,249,4,267,392,18,410,677
12/02/2008,PUB,CO,ANM,WE,Towers with Radar,0,12,33,0,45,0,2,236,0,238,0,14,269,0,283,601,0,601,884
12/03/2008,PUB,CO,ANM,WE,Towers with Radar,2,13,8,0,23,0,2,245,3,250,2,15,253,3,273,593,18,611,884
12/04/2008,PUB,CO,ANM,WE,Towers with Radar,0,9,7,16,32,0,0,19,0,19,0,9,26,16,51,34,0,34,85
12/05/2008,PUB,CO,ANM,WE,Towers with Radar,0,10,10,3,23,0,1,150,0,151,0,11,160,3,174,396,2,398,572
12/06/2008,PUB,CO,ANM,WE,Towers with Radar,0,5,8,1,14,0,4,86,8,98,0,9,94,9,112,94,22,116,228
12/07/2008,PUB,CO,ANM,WE,Towers with Radar,0,5,16,0,21,0,2,91,4,97,0,7,107,4,118,88,4,92,210
12/08/2008,PUB,CO,ANM,WE,Towers with Radar,0,15,16,0,31,0,0,176,0,176,0,15,192,0,207,358,0,358,565
12/09/2008,PUB,CO,ANM,WE,Towers with Radar,0,11,14,0,25,0,2,140,2,144,0,13,154,2,169,428,2,430,599
12/10/2008,PUB,CO,ANM,WE,Towers with Radar,0,13,10,3,26,0,1,294,10,305,0,14,304,13,331,716,14,730,1061
12/11/2008,PUB,CO,ANM,WE,Towers with Radar,0,13,9,6,28,0,4,265,4,273,0,17,274,10,301,378,4,382,683
12/12/2008,PUB,CO,ANM,WE,Towers with Radar,0,8,31,0,39,0,1,197,2,200,0,9,228,2,239,336,0,336,575
12/13/2008,PUB,CO,ANM,WE,Towers with Radar,0,1,13,0,14,0,2,53,0,55,0,3,66,0,69,52,0,52,121
12/14/2008,PUB,CO,ANM,WE,Towers with Radar,0,8,5,0,13,0,0,2,0,2,0,8,7,0,15,0,0,0,15
12/15/2008,PUB,CO,ANM,WE,Towers with Radar,0,12,9,0,21,0,0,111,4,115,0,12,120,4,136,236,6,242,378
12/16/2008,PUB,CO,ANM,WE,Towers with Radar,0,10,5,13,28,0,8,149,2,159,0,18,154,15,187,158,14,172,359
12/17/2008,PUB,CO,ANM,WE,Towers with Radar,0,11,13,0,24,0,0,126,2,128,0,11,139,2,152,215,0,215,367
12/18/2008,PUB,CO,ANM,WE,Towers with Radar,0,9,23,3,35,0,3,94,9,106,0,12,117,12,141,244,12,256,397
12/19/2008,PUB,CO,ANM,WE,Towers with Radar,2,15,17,14,48,0,0,77,0,77,2,15,94,14,125,234,0,234,359
12/20/2008,PUB,CO,ANM,WE,Towers with Radar,0,3,16,0,19,0,0,92,0,92,0,3,108,0,111,182,0,182,293
12/21/2008,PUB,CO,ANM,WE,Towers with Radar,0,9,5,0,14,0,0,83,0,83,0,9,88,0,97,68,0,68,165
12/22/2008,PUB,CO,ANM,WE,Towers with Radar,0,14,12,3,29,0,0,61,8,69,0,14,73,11,98,109,2,111,209
12/23/2008,PUB,CO,ANM,WE,Towers with Radar,0,12,5,0,17,0,0,29,0,29,0,12,34,0,46,78,0,78,124
12/24/2008,PUB,CO,ANM,WE,Towers with Radar,0,14,0,0,14,0,0,33,0,33,0,14,33,0,47,26,0,26,73
12/25/2008,PUB,CO,ANM,WE,Towers with Radar,0,8,2,0,10,0,2,15,0,17,0,10,17,0,27,4,0,4,31
12/26/2008,PUB,CO,ANM,WE,Towers with Radar,0,16,30,0,46,0,0,6,0,6,0,16,36,0,52,2,0,2,54
12/27/2008,PUB,CO,ANM,WE,Towers with Radar,0,10,24,0,34,0,1,35,0,36,0,11,59,0,70,37,0,37,107
12/28/2008,PUB,CO,ANM,WE,Towers with Radar,0,6,25,0,31,0,0,60,0,60,0,6,85,0,91,56,0,56,147
12/29/2008,PUB,CO,ANM,WE,Towers with Radar,0,13,16,0,29,0,5,101,0,106,0,18,117,0,135,113,0,113,248
12/30/2008,PUB,CO,ANM,WE,Towers with Radar,0,15,16,0,31,0,5,41,0,46,0,20,57,0,77,50,0,50,127
12/31/2008,PUB,CO,ANM,WE,Towers with Radar,0,9,4,0,13,0,2,84,0,86,0,11,88,0,99,80,0,80,179
01/01/2009,PUB,CO,ANM,WE,Towers with Radar,0,10,4,0,14,0,2,30,0,32,0,12,34,0,46,16,0,16,62
01/02/2009,PUB,CO,ANM,WE,Towers with Radar,0,13,12,0,25,0,0,60,0,60,0,13,72,0,85,112,0,112,197
01/03/2009,PUB,CO,ANM,WE,Towers with Radar,0,14,19,0,33,0,0,34,0,34,0,14,53,0,67,48,0,48,115
01/04/2009,PUB,CO,ANM,WE,Towers with Radar,0,8,8,0,16,0,4,4,0,8,0,12,12,0,24,4,0,4,28
01/05/2009,PUB,CO,ANM,WE,Towers with Radar,0,17,10,8,35,0,6,58,4,68,0,23,68,12,103,64,8,72,175
01/06/2009,PUB,CO,ANM,WE,Towers with Radar,0,14,15,6,35,0,2,66,14,82,0,16,81,20,117,162,28,190,307
01/07/2009,PUB,CO,ANM,WE,Towers with Radar,0,12,11,4,27,0,2,35,17,54,0,14,46,21,81,34,48,82,163
01/08/2009,PUB,CO,ANM,WE,Towers with Radar,0,10,14,2,26,0,10,97,5,112,0,20,111,7,138,104,48,152,290
01/09/2009,PUB,CO,ANM,WE,Towers with Radar,0,27,4,2,33,0,5,32,0,37,0,32,36,2,70,0,4,4,74
01/10/2009,PUB,CO,ANM,WE,Towers with Radar,0,4,12,3,19,0,0,84,22,106,0,4,96,25,125,24,36,60,185
01/11/2009,PUB,CO,ANM,WE,Towers with Radar,0,9,11,1,21,0,6,74,0,80,0,15,85,1,101,86,12,98,199
01/12/2009,PUB,CO,ANM,WE,Towers with Radar,0,8,11,14,33,0,0,1,0,1,0,8,12,14,34,0,18,18,52
01/13/2009,PUB,CO,ANM,WE,Towers with Radar,2,9,15,10,36,0,2,212,10,224,2,11,227,20,260,360,22,382,642
01/14/2009,PUB,CO,ANM,WE,Towers with Radar,0,12,15,2,29,0,0,244,1,245,0,12,259,3,274,461,0,461,735
01/15/2009,PUB,CO,ANM,WE,Towers with Radar,2,14,14,0,30,0,1,134,0,135,2,15,148,0,165,378,0,378,543
01/16/2009,PUB,CO,ANM,WE,Towers with Radar,0,10,11,20,41,0,2,234,4,240,0,12,245,24,281,452,8,460,741
01/17/2009,PUB,CO,ANM,WE,Towers with Radar,0,4,14,0,18,0,0,148,0,148,0,4,162,0,166,64,0,64,230
01/18/2009,PUB,CO,ANM,WE,Towers with Radar,0,8,3,0,11,0,4,92,0,96,0,12,95,0,107,58,0,58,165
01/19/2009,PUB,CO,ANM,WE,Towers with Radar,0,9,15,4,28,0,2,32,0,34,0,11,47,4,62,64,4,68,130
01/20/2009,PUB,CO,ANM,WE,Towers with Radar,0,16,14,4,34,0,2,248,0,250,0,18,262,4,284,516,16,532,816
01/21/2009,PUB,CO,ANM,WE,Towers with Radar,2,8,9,42,61,0,0,245,5,250,2,8,254,47,311,549,34,583,894
01/22/2009,PUB,CO,ANM,WE,Towers with Radar,0,7,16,6,29,0,2,131,2,135,0,9,147,8,164,169,6,175,339
01/23/2009,PUB,CO,ANM,WE,Towers with Radar,0,16,10,5,31,0,2,243,0,245,0,18,253,5,276,400,2,402,678
01/24/2009,PUB,CO,ANM,WE,Towers with Radar,0,30,36,0,66,0,6,36,0,42,0,36,72,0,108,74,0,74,182
01/25/2009,PUB,CO,ANM,WE,Towers with Radar,0,12,9,2,23,0,0,18,0,18,0,12,27,2,41,8,0,8,49
01/26/2009,PUB,CO,ANM,WE,Towers with Radar,0,13,5,0,18,0,4,49,0,53,0,17,54,0,71,428,0,428,499
01/27/2009,PUB,CO,ANM,WE,Towers with Radar,0,9,10,1,20,0,0,156,0,156,0,9,166,1,176,284,2,286,462
01/28/2009,PUB,CO,ANM,WE,Towers with Radar,0,12,18,7,37,0,0,130,5,135,0,12,148,12,172,200,26,226,398
01/29/2009,PUB,CO,ANM,WE,Towers with Radar,0,16,14,0,30,0,0,285,8,293,0,16,299,8,323,702,10,712,1035
01/30/2009,PUB,CO,ANM,WE,Towers with Radar,0,6,16,0,22,0,6,303,2,311,0,12,319,2,333,586,0,586,919
01/31/2009,PUB,CO,ANM,WE,Towers with Radar,0,5,9,2,16,0,0,298,0,298,0,5,307,2,314,532,0,532,846
02/01/2009,PUB,CO,ANM,WE,Towers with Radar,0,8,8,0,16,0,8,47,0,55,0,16,55,0,71,12,0,12,83
02/02/2009,PUB,CO,ANM,WE,Towers with Radar,0,12,14,0,26,0,2,270,0,272,0,14,284,0,298,700,0,700,998
02/03/2009,PUB,CO,ANM,WE,Towers with Radar,0,13,17,1,31,0,0,290,2,292,0,13,307,3,323,518,0,518,841
02/04/2009,PUB,CO,ANM,WE,Towers with Radar,0,9,17,5,31,0,2,277,5,284,0,11,294,10,315,489,12,501,816
02/05/2009,PUB,CO,ANM,WE,Towers with Radar,0,9,14,2,25,0,1,243,3,247,0,10,257,5,272,269,16,285,557
02/06/2009,PUB,CO,ANM,WE,Towers with Radar,0,8,16,3,27,0,4,69,0,73,0,12,85,3,100,61,0,61,161
02/07/2009,PUB,CO,ANM,WE,Towers with Radar,0,4,7,0,11,0,2,100,0,102,0,6,107,0,113,64,0,64,177
02/08/2009,PUB,CO,ANM,WE,Towers with Radar,2,7,15,0,24,0,0,3,0,3,2,7,18,0,27,16,0,16,43
02/09/2009,PUB,CO,ANM,WE,Towers with Radar,0,9,6,0,15,0,4,12,17,33,0,13,18,17,48,4,10,14,62
02/10/2009,PUB,CO,ANM,WE,Towers with Radar,0,14,6,2,22,0,0,197,0,197,0,14,203,2,219,214,0,214,433
02/11/2009,PUB,CO,ANM,WE,Towers with Radar,0,9,20,10,39,0,0,157,7,164,0,9,177,17,203,206,38,244,447
02/12/2009,PUB,CO,ANM,WE,Towers with Radar,2,9,21,1,33,0,1,261,1,263,2,10,282,2,296,276,0,276,572
02/13/2009,PUB,CO,ANM,WE,Towers with Radar,2,9,17,2,30,0,0,237,0,237,2,9,254,2,267,254,6,260,527
02/14/2009,PUB,CO,ANM,WE,Towers with Radar,0,1,1,0,2,0,2,64,1,67,0,3,65,1,69,82,0,82,151
02/15/2009,PUB,CO,ANM,WE,Towers with Radar,0,8,8,0,16,0,3,117,0,120,0,11,125,0,136,58,0,58,194
02/16/2009,PUB,CO,ANM,WE,Towers with Radar,0,9,14,0,23,0,0,0,0,0,0,9,14,0,23,114,0,114,137
02/17/2009,PUB,CO,ANM,WE,Towers with Radar,0,11,7,0,18,0,2,45,0,47,0,13,52,0,65,66,0,66,131
02/18/2009,PUB,CO,ANM,WE,Towers with Radar,2,8,16,3,29,0,0,232,2,234,2,8,248,5,263,390,8,398,661
02/19/2009,PUB,CO,ANM,WE,Towers with Radar,0,10,9,2,21,0,0,267,4,271,0,10,276,6,292,638,14,652,944
02/20/2009,PUB,CO,ANM,WE,Towers with Radar,0,9,16,4,29,0,0,216,2,218,0,9,232,6,247,334,6,340,587
02/21/2009,PUB,CO,ANM,WE,Towers with Radar,0,3,8,6,17,0,0,294,3,297,0,3,302,9,314,580,14,594,908
02/22/2009,PUB,CO,ANM,WE,Towers with Radar,0,8,10,3,21,0,4,82,0,86,0,12,92,3,107,66,0,66,173
02/23/2009,PUB,CO,ANM,WE,Towers with Radar,0,23,14,0,37,0,4,240,0,244,0,27,254,0,281,373,0,373,654
02/24/2009,PUB,CO,ANM,WE,Towers with Radar,0,11,10,9,30,0,4,276,18,298,0,15,286,27,328,524,44,568,896
02/25/2009,PUB,CO,ANM,WE,Towers with Radar,0,9,20,0,29,0,4,252,8,264,0,13,272,8,293,312,18,330,623
02/26/2009,PUB,CO,ANM,WE,Towers with Radar,0,7,19,0,26,0,1,123,11,135,0,8,142,11,161,18,2,20,181
02/27/2009,PUB,CO,ANM,WE,Towers with Radar,0,11,13,39,63,0,6,136,0,142,0,17,149,39,205,276,24,300,505
02/28/2009,PUB,CO,ANM,WE,Towers with Radar,0,6,5,35,46,0,0,122,8,130,0,6,127,43,176,238,28,266,442
03/01/2009,PUB,CO,ANM,WE,Towers with Radar,0,4,21,0,25,0,0,97,0,97,0,4,118,0,122,78,0,78,200
03/02/2009,PUB,CO,ANM,WE,Towers with Radar,0,12,10,1,23,0,2,275,0,277,0,14,285,1,300,484,0,484,784
03/03/2009,PUB,CO,ANM,WE,Towers with Radar,0,8,13,1,22,0,0,162,0,162,0,8,175,1,184,160,0,160,344
03/04/2009,PUB,CO,ANM,WE,Towers with Radar,0,11,26,1,38,0,4,206,0,210,0,15,232,1,248,615,2,617,865
03/05/2009,PUB,CO,ANM,WE,Towers with Radar,2,9,12,1,24,0,0,60,0,60,2,9,72,1,84,18,0,18,102
03/06/2009,PUB,CO,ANM,WE,Towers with Radar,0,8,9,0,17,0,1,151,0,152,0,9,160,0,169,518,0,518,687
03/07/2009,PUB,CO,ANM,WE,Towers with Radar,0,3,3,1,7,0,4,21,1,26,0,7,24,2,33,106,0,106,139
03/08/2009,PUB,CO,ANM,WE,Towers with Radar,0,9,12,0,21,0,2,88,0,90,0,11,100,0,111,106,0,106,217
03/09/2009,PUB,CO,ANM,WE,Towers with Radar,0,7,24,1,32,0,2,283,6,291,0,9,307,7,323,612,6,618,941
03/10/2009,PUB,CO,ANM,WE,Towers with Radar,0,15,8,10,33,0,0,116,6,122,0,15,124,16,155,466,20,486,641
03/11/2009,PUB,CO,ANM,WE,Towers with Radar,0,24,15,4,43,0,2,305,4,311,0,26,320,8,354,894,20,914,1268
03/12/2009,PUB,CO,ANM,WE,Towers with Radar,0,7,15,7,29,0,3,311,4,318,0,10,326,11,347,621,2,623,970
03/13/2009,PUB,CO,ANM,WE,Towers with Radar,0,10,13,0,23,0,2,115,0,117,0,12,128,0,140,294,0,294,434
03/14/2009,PUB,CO,ANM,WE,Towers with Radar,0,8,12,10,30,0,6,74,2,82,0,14,86,12,112,40,0,40,152
03/15/2009,PUB,CO,ANM,WE,Towers with Radar,0,9,8,2,19,0,2,45,5,52,0,11,53,7,71,14,0,14,85
03/16/2009,PUB,CO,ANM,WE,Towers with Radar,0,19,6,1,26,0,2,328,12,342,0,21,334,13,368,382,4,386,754
03/17/2009,PUB,CO,ANM,WE,Towers with Radar,0,9,6,4,19,0,6,289,5,300,0,15,295,9,319,541,6,547,866
03/18/2009,PUB,CO,ANM,WE,Towers with Radar,0,15,14,4,33,0,0,223,5,228,0,15,237,9,261,396,22,418,679
03/19/2009,PUB,CO,ANM,WE,Towers with Radar,0,8,5,1,14,0,2,240,1,243,0,10,245,2,257,333,0,333,590
03/20/2009,PUB,CO,ANM,WE,Towers with Radar,0,14,18,0,32,0,246,0,0,246,0,260,18,0,278,402,0,402,680
03/21/2009,PUB,CO,ANM,WE,Towers with Radar,2,4,20,0,26,0,0,100,2,102,2,4,120,2,128,60,0,60,188
03/22/2009,PUB,CO,ANM,WE,Towers with Radar,0,7,17,0,24,0,0,54,0,54,0,7,71,0,78,50,0,50,128
03/23/2009,PUB,CO,ANM,WE,Towers with Radar,4,11,19,0,34,0,0,13,0,13,4,11,32,0,47,4,0,4,51
03/24/2009,PUB,CO,ANM,WE,Towers with Radar,0,9,14,3,26,0,6,285,4,295,0,15,299,7,321,671,12,683,1004
03/25/2009,PUB,CO,ANM,WE,Towers with Radar,0,9,12,13,34,0,1,273,10,284,0,10,285,23,318,488,0,488,806
03/26/2009,PUB,CO,ANM,WE,Towers with Radar,1,5,5,2,13,0,0,215,6,221,1,5,220,8,234,398,16,414,648
03/27/2009,PUB,CO,ANM,WE,Towers with Radar,0,10,1,0,11,0,0,5,0,5,0,10,6,0,16,2,0,2,18
03/28/2009,PUB,CO,ANM,WE,Towers with Radar,0,6,14,0,20,0,0,235,0,235,0,6,249,0,255,512,0,512,767
03/29/2009,PUB,CO,ANM,WE,Towers with Radar,0,4,5,0,9,0,0,79,0,79,0,4,84,0,88,114,0,114,202
03/30/2009,PUB,CO,ANM,WE,Towers with Radar,8,15,6,0,29,0,1,182,0,183,8,16,188,0,212,496,0,496,708
03/31/2009,PUB,CO,ANM,WE,Towers with Radar,1,16,15,1,33,0,2,262,9,273,1,18,277,10,306,526,0,526,832
04/01/2009,PUB,CO,ANM,WE,Towers with Radar,0,10,5,0,15,0,0,180,0,180,0,10,185,0,195,338,0,338,533
04/02/2009,PUB,CO,ANM,WE,Towers with Radar,0,10,13,2,25,0,2,246,0,248,0,12,259,2,273,410,0,410,683
04/03/2009,PUB,CO,ANM,WE,Towers with Radar,0,11,12,3,26,0,0,199,2,201,0,11,211,5,227,352,0,352,579
04/04/2009,PUB,CO,ANM,WE,Towers with Radar,0,6,2,1,9,0,0,1,2,3,0,6,3,3,12,0,0,0,12
04/05/2009,PUB,CO,ANM,WE,Towers with Radar,2,7,14,2,25,0,2,30,1,33,2,9,44,3,58,62,0,62,120
04/06/2009,PUB,CO,ANM,WE,Towers with Radar,2,13,8,9,32,0,0,337,15,352,2,13,345,24,384,418,62,480,864
04/07/2009,PUB,CO,ANM,WE,Towers with Radar,0,8,10,6,24,0,4,240,2,246,0,12,250,8,270,402,0,402,672
04/08/2009,PUB,CO,ANM,WE,Towers with Radar,2,12,13,0,27,0,2,193,0,195,2,14,206,0,222,414,4,418,640
04/09/2009,PUB,CO,ANM,WE,Towers with Radar,2,11,21,5,39,0,0,116,0,116,2,11,137,5,155,149,0,149,304
04/10/2009,PUB,CO,ANM,WE,Towers with Radar,0,8,14,0,22,0,2,253,0,255,0,10,267,0,277,624,0,624,901
04/11/2009,PUB,CO,ANM,WE,Towers with Radar,0,4,3,2,9,0,2,7,2,11,0,6,10,4,20,48,12,60,80
04/12/2009,PUB,CO,ANM,WE,Towers with Radar,0,1,8,0,9,0,0,0,0,0,0,1,8,0,9,2,0,2,11
04/13/2009,PUB,CO,ANM,WE,Towers with Radar,0,12,12,0,24,0,2,278,0,280,0,14,290,0,304,772,4,776,1080
04/14/2009,PUB,CO,ANM,WE,Towers with Radar,0,8,10,0,18,1,6,315,0,322,1,14,325,0,340,713,22,735,1075
04/15/2009,PUB,CO,ANM,WE,Towers with Radar,0,12,12,0,24,0,5,223,4,232,0,17,235,4,256,496,0,496,752
04/16/2009,PUB,CO,ANM,WE,Towers with Radar,0,15,13,0,28,0,0,164,1,165,0,15,177,1,193,356,0,356,549
04/17/2009,PUB,CO,ANM,WE,Towers with Radar,4,18,3,0,25,0,8,2,0,10,4,26,5,0,35,10,0,10,45
04/18/2009,PUB,CO,ANM,WE,Towers with Radar,0,9,9,10,28,0,3,1,1,5,0,12,10,11,33,0,0,0,33
04/19/2009,PUB,CO,ANM,WE,Towers with Radar,0,4,12,8,24,0,2,95,20,117,0,6,107,28,141,80,26,106,247
04/20/2009,PUB,CO,ANM,WE,Towers with Radar,0,14,8,1,23,0,0,300,1,301,0,14,308,2,324,236,0,236,560
04/21/2009,PUB,CO,ANM,WE,Towers with Radar,0,12,10,9,31,0,0,296,0,296,0,12,306,9,327,584,4,588,915
04/22/2009,PUB,CO,ANM,WE,Towers with Radar,0,10,13,3,26,0,0,299,5,304,0,10,312,8,330,408,18,426,756
04/23/2009,PUB,CO,ANM,WE,Towers with Radar,2,12,16,11,41,0,0,220,0,220,2,12,236,11,261,312,30,342,603
04/24/2009,PUB,CO,ANM,WE,Towers with Radar,0,11,15,2,28,0,4,224,2,230,0,15,239,4,258,537,10,547,805
04/25/2009,PUB,CO,ANM,WE,Towers with Radar,0,8,12,0,20,0,6,18,2,26,0,14,30,2,46,134,0,134,180
04/26/2009,PUB,CO,ANM,WE,Towers with Radar,0,2,13,0,15,0,4,41,1,46,0,6,54,1,61,98,0,98,159
04/27/2009,PUB,CO,ANM,WE,Towers with Radar,2,9,19,0,30,0,4,283,0,287,2,13,302,0,317,520,0,520,837
04/28/2009,PUB,CO,ANM,WE,Towers with Radar,2,15,5,1,23,0,2,237,8,247,2,17,242,9,270,700,0,700,970
04/29/2009,PUB,CO,ANM,WE,Towers with Radar,2,12,27,17,58,0,2,328,7,337,2,14,355,24,395,400,20,420,815
04/30/2009,PUB,CO,ANM,WE,Towers with Radar,0,11,16,3,30,0,0,309,2,311,0,11,325,5,341,360,8,368,709
05/01/2009,PUB,CO,ANM,WE,Towers with Radar,2,14,17,0,33,0,0,0,0,0,2,14,17,0,33,0,0,0,33
05/02/2009,PUB,CO,ANM,WE,Towers with Radar,0,5,11,0,16,0,0,0,0,0,0,5,11,0,16,0,0,0,16
05/03/2009,PUB,CO,ANM,WE,Towers with Radar,0,7,25,0,32,0,0,31,4,35,0,7,56,4,67,112,2,114,181
05/04/2009,PUB,CO,ANM,WE,Towers with Radar,2,11,15,2,30,0,2,253,11,266,2,13,268,13,296,544,20,564,860
05/05/2009,PUB,CO,ANM,WE,Towers with Radar,0,12,14,0,26,0,0,262,0,262,0,12,276,0,288,350,0,350,638
05/06/2009,PUB,CO,ANM,WE,Towers with Radar,2,13,16,12,43,0,2,250,2,254,2,15,266,14,297,216,8,224,521
05/07/2009,PUB,CO,ANM,WE,Towers with Radar,0,5,15,0,20,0,3,250,2,255,0,8,265,2,275,210,0,210,485
05/08/2009,PUB,CO,ANM,WE,Towers with Radar,2,12,15,4,33,0,0,182,2,184,2,12,197,6,217,116,2,118,335
05/09/2009,PUB,CO,ANM,WE,Towers with Radar,2,6,5,0,13,0,2,54,0,56,2,8,59,0,69,164,0,164,233
05/10/2009,PUB,CO,ANM,WE,Towers with Radar,0,4,25,0,29,0,4,60,2,66,0,8,85,2,95,90,0,90,185
05/11/2009,PUB,CO,ANM,WE,Towers with Radar,0,11,21,8,40,0,0,248,4,252,0,11,269,12,292,604,22,626,918
05/12/2009,PUB,CO,ANM,WE,Towers with Radar,0,5,25,5,35,0,6,63,2,71,0,11,88,7,106,94,10,104,210
05/13/2009,PUB,CO,ANM,WE,Towers with Radar,2,11,21,4,38,0,6,195,4,205,2,17,216,8,243,460,12,472,715
05/14/2009,PUB,CO,ANM,WE,Towers with Radar,2,7,8,0,17,0,0,117,4,121,2,7,125,4,138,317,0,317,455
05/15/2009,PUB,CO,ANM,WE,Towers with Radar,2,9,7,6,24,0,0,105,0,105,2,9,112,6,129,267,2,269,398
05/16/2009,PUB,CO,ANM,WE,Towers with Radar,0,7,22,1,30,0,6,47,0,53,0,13,69,1,83,34,0,34,117
05/17/2009,PUB,CO,ANM,WE,Towers with Radar,2,5,11,0,18,0,2,129,0,131,2,7,140,0,149,73,0,73,222
05/18/2009,PUB,CO,ANM,WE,Towers with Radar,0,13,8,0,21,0,2,255,0,257,0,15,263,0,278,132,0,132,410
05/19/2009,PUB,CO,ANM,WE,Towers with Radar,0,8,17,0,25,0,0,194,0,194,0,8,211,0,219,78,2,80,299
05/20/2009,PUB,CO,ANM,WE,Towers with Radar,0,11,12,0,23,0,4,178,4,186,0,15,190,4,209,82,8,90,299
05/21/2009,PUB,CO,ANM,WE,Towers with Radar,0,17,4,0,21,0,0,169,0,169,0,17,173,0,190,108,0,108,298
05/22/2009,PUB,CO,ANM,WE,Towers with Radar,2,8,25,2,37,0,2,89,0,91,2,10,114,2,128,166,0,166,294
05/23/2009,PUB,CO,ANM,WE,Towers with Radar,0,3,4,0,7,0,0,31,0,31,0,3,35,0,38,26,0,26,64
05/24/2009,PUB,CO,ANM,WE,Towers with Radar,4,0,18,0,22,0,2,47,0,49,4,2,65,0,71,76,0,76,147
05/25/2009,PUB,CO,ANM,WE,Towers with Radar,0,10,9,0,19,0,0,36,0,36,0,10,45,0,55,98,0,98,153
05/26/2009,PUB,CO,ANM,WE,Towers with Radar,0,9,10,0,19,0,2,104,2,108,0,11,114,2,127,434,2,436,563
05/27/2009,PUB,CO,ANM,WE,Towers with Radar,2,13,11,1,27,0,7,192,4,203,2,20,203,5,230,138,0,138,368
05/28/2009,PUB,CO,ANM,WE,Towers with Radar,0,10,15,0,25,0,0,219,0,219,0,10,234,0,244,148,0,148,392
05/29/2009,PUB,CO,ANM,WE,Towers with Radar,0,13,15,2,30,0,3,165,4,172,0,16,180,6,202,68,0,68,270
05/30/2009,PUB,CO,ANM,WE,Towers with Radar,0,5,1,0,6,0,8,78,0,86,0,13,79,0,92,30,0,30,122
05/31/2009,PUB,CO,ANM,WE,Towers with Radar,0,2,13,5,20,0,0,69,0,69,0,2,82,5,89,58,0,58,147
06/01/2009,PUB,CO,ANM,WE,Towers with Radar,0,7,13,2,22,0,0,175,0,175,0,7,188,2,197,180,2,182,379
06/02/2009,PUB,CO,ANM,WE,Towers with Radar,0,14,5,3,22,0,0,0,6,6,0,14,5,9,28,0,0,0,28
06/03/2009,PUB,CO,ANM,WE,Towers with Radar,4,7,16,2,29,0,3,211,6,220,4,10,227,8,249,146,6,152,401
06/04/2009,PUB,CO,ANM,WE,Towers with Radar,0,8,14,3,25,0,0,270,2,272,0,8,284,5,297,141,0,141,438
06/05/2009,PUB,CO,ANM,WE,Towers with Radar,0,14,4,4,22,0,3,236,0,239,0,17,240,4,261,150,0,150,411
06/06/2009,PUB,CO,ANM,WE,Towers with Radar,0,11,0,0,11,0,6,49,0,55,0,17,49,0,66,58,0,58,124
06/07/2009,PUB,CO,ANM,WE,Towers with Radar,2,3,14,0,19,0,6,60,0,66,2,9,74,0,85,48,0,48,133
06/08/2009,PUB,CO,ANM,WE,Towers with Radar,0,15,15,0,30,0,4,295,0,299,0,19,310,0,329,216,0,216,545
06/09/2009,PUB,CO,ANM,WE,Towers with Radar,0,11,20,0,31,0,3,325,3,331,0,14,345,3,362,260,0,260,622
06/10/2009,PUB,CO,ANM,WE,Towers with Radar,0,11,16,4,31,0,9,183,8,200,0,20,199,12,231,641,26,667,898
06/11/2009,PUB,CO,ANM,WE,Towers with Radar,0,12,15,81,108,0,0,100,2,102,0,12,115,83,210,148,0,148,358
06/12/2009,PUB,CO,ANM,WE,Towers with Radar,2,9,22,2,35,0,3,243,1,247,2,12,265,3,282,280,0,280,562
06/13/2009,PUB,CO,ANM,WE,Towers with Radar,0,9,9,0,18,0,5,54,0,59,0,14,63,0,77,240,0,240,317
06/14/2009,PUB,CO,ANM,WE,Towers with Radar,2,5,27,0,34,0,0,55,0,55,2,5,82,0,89,112,0,112,201
06/15/2009,PUB,CO,ANM,WE,Towers with Radar,0,13,14,1,28,0,1,143,0,144,0,14,157,1,172,316,0,316,488
06/16/2009,PUB,CO,ANM,WE,Towers with Radar,0,18,13,0,31,0,0,294,7,301,0,18,307,7,332,340,10,350,682
06/17/2009,PUB,CO,ANM,WE,Towers with Radar,0,15,14,0,29,0,2,331,0,333,0,17,345,0,362,336,0,336,698
06/18/2009,PUB,CO,ANM,WE,Towers with Radar,0,10,12,0,22,0,0,156,0,156,0,10,168,0,178,151,0,151,329
06/19/2009,PUB,CO,ANM,WE,Towers with Radar,0,10,7,0,17,0,4,268,1,273,0,14,275,1,290,286,0,286,576
06/20/2009,PUB,CO,ANM,WE,Towers with Radar,0,5,11,0,16,0,1,33,0,34,0,6,44,0,50,54,0,54,104
06/21/2009,PUB,CO,ANM,WE,Towers with Radar,0,4,11,0,15,0,0,82,2,84,0,4,93,2,99,52,6,58,157
06/22/2009,PUB,CO,ANM,WE,Towers with Radar,0,9,9,0,18,0,1,226,4,231,0,10,235,4,249,166,0,166,415
06/23/2009,PUB,CO,ANM,WE,Towers with Radar,8,9,11,0,28,0,3,200,0,203,8,12,211,0,231,139,0,139,370
06/24/2009,PUB,CO,ANM,WE,Towers with Radar,0,13,13,0,26,0,2,231,3,236,0,15,244,3,262,178,18,196,458
06/25/2009,PUB,CO,ANM,WE,Towers with Radar,2,9,10,0,21,0,6,192,3,201,2,15,202,3,222,150,8,158,380
06/26/2009,PUB,CO,ANM,WE,Towers with Radar,0,10,18,5,33,0,4,199,1,204,0,14,217,6,237,138,0,138,375
06/27/2009,PUB,CO,ANM,WE,Towers with Radar,0,3,19,0,22,0,2,49,0,51,0,5,68,0,73,46,0,46,119
06/28/2009,PUB,CO,ANM,WE,Towers with Radar,2,8,16,6,32,0,2,72,0,74,2,10,88,6,106,87,0,87,193
06/29/2009,PUB,CO,ANM,WE,Towers with Radar,0,7,1,2,10,0,3,228,4,235,0,10,229,6,245,93,12,105,350
06/30/2009,PUB,CO,ANM,WE,Towers with Radar,0,7,19,1,27,0,3,212,4,219,0,10,231,5,246,360,0,360,606
07/01/2009,PUB,CO,ANM,WE,Towers with Radar,1,9,17,0,27,0,3,232,2,237,1,12,249,2,264,340,0,340,604
07/02/2009,PUB,CO,ANM,WE,Towers with Radar,4,12,16,1,33,0,3,163,7,173,4,15,179,8,206,170,4,174,380
07/03/2009,PUB,CO,ANM,WE,Towers with Radar,6,10,12,0,28,0,4,77,0,81,6,14,89,0,109,66,0,66,175
07/04/2009,PUB,CO,ANM,WE,Towers with Radar,0,2,2,0,4,0,2,56,2,60,0,4,58,2,64,32,0,32,96
07/05/2009,PUB,CO,ANM,WE,Towers with Radar,4,4,16,0,24,0,2,32,0,34,4,6,48,0,58,48,0,48,106
07/06/2009,PUB,CO,ANM,WE,Towers with Radar,0,6,13,1,20,0,4,94,8,106,0,10,107,9,126,188,0,188,314
07/07/2009,PUB,CO,ANM,WE,Towers with Radar,0,10,9,4,23,0,4,298,1,303,0,14,307,5,326,282,0,282,608
07/08/2009,PUB,CO,ANM,WE,Towers with Radar,0,9,8,3,20,0,5,241,2,248,0,14,249,5,268,145,0,145,413
07/09/2009,PUB,CO,ANM,WE,Towers with Radar,0,9,15,2,26,0,6,213,0,219,0,15,228,2,245,102,0,102,347
07/10/2009,PUB,CO,ANM,WE,Towers with Radar,0,11,15,11,37,0,1,209,1,211,0,12,224,12,248,58,20,78,326
07/11/2009,PUB,CO,ANM,WE,Towers with Radar,0,5,16,1,22,0,9,97,0,106,0,14,113,1,128,10,0,10,138
07/12/2009,PUB,CO,ANM,WE,Towers with Radar,0,7,16,0,23,0,2,74,2,78,0,9,90,2,101,82,0,82,183
07/13/2009,PUB,CO,ANM,WE,Towers with Radar,2,10,14,0,26,0,3,253,2,258,2,13,267,2,284,118,0,118,402
07/14/2009,PUB,CO,ANM,WE,Towers with Radar,0,10,13,0,23,0,4,250,4,258,0,14,263,4,281,260,4,264,545
07/15/2009,PUB,CO,ANM,WE,Towers with Radar,0,12,12,1,25,0,0,206,9,215,0,12,218,10,240,315,20,335,575
07/16/2009,PUB,CO,ANM,WE,Towers with Radar,0,8,11,7,26,0,0,204,8,212,0,8,215,15,238,156,20,176,414
07/17/2009,PUB,CO,ANM,WE,Towers with Radar,0,11,8,5,24,0,2,200,21,223,0,13,208,26,247,302,0,302,549
07/18/2009,PUB,CO,ANM,WE,Towers with Radar,0,10,8,0,18,0,2,57,9,68,0,12,65,9,86,70,0,70,156
07/19/2009,PUB,CO,ANM,WE,Towers with Radar,0,6,10,0,16,0,4,73,3,80,0,10,83,3,96,118,0,118,214
07/20/2009,PUB,CO,ANM,WE,Towers with Radar,0,12,11,2,25,0,6,208,0,214,0,18,219,2,239,350,0,350,589
07/21/2009,PUB,CO,ANM,WE,Towers with Radar,0,9,17,4,30,0,0,186,3,189,0,9,203,7,219,509,0,509,728
07/22/2009,PUB,CO,ANM,WE,Towers with Radar,0,11,18,0,29,0,2,138,1,141,0,13,156,1,170,322,0,322,492
07/23/2009,PUB,CO,ANM,WE,Towers with Radar,0,12,15,2,29,0,6,114,4,124,0,18,129,6,153,156,0,156,309
07/24/2009,PUB,CO,ANM,WE,Towers with Radar,0,8,17,10,35,0,4,62,0,66,0,12,79,10,101,106,12,118,219
07/25/2009,PUB,CO,ANM,WE,Towers with Radar,0,7,5,0,12,0,4,63,0,67,0,11,68,0,79,26,0,26,105
07/26/2009,PUB,CO,ANM,WE,Towers with Radar,0,1,26,2,29,0,2,25,0,27,0,3,51,2,56,56,0,56,112
07/27/2009,PUB,CO,ANM,WE,Towers with Radar,10,12,14,8,44,0,2,187,0,189,10,14,201,8,233,162,0,162,395
07/28/2009,PUB,CO,ANM,WE,Towers with Radar,0,13,11,0,24,0,8,192,0,200,0,21,203,0,224,166,0,166,390
07/29/2009,PUB,CO,ANM,WE,Towers with Radar,0,14,15,0,29,0,0,123,0,123,0,14,138,0,152,104,0,104,256
07/30/2009,PUB,CO,ANM,WE,Towers with Radar,3,9,9,0,21,0,0,173,41,214,3,9,182,41,235,280,0,280,515
07/31/2009,PUB,CO,ANM,WE,Towers with Radar,0,11,29,3,43,0,2,229,3,234,0,13,258,6,277,295,22,317,594
08/01/2009,PUB,CO,ANM,WE,Towers with Radar,0,6,12,7,25,0,1,67,3,71,0,7,79,10,96,30,22,52,148
08/02/2009,PUB,CO,ANM,WE,Towers with Radar,2,7,14,4,27,0,3,62,0,65,2,10,76,4,92,28,10,38,130
08/03/2009,PUB,CO,ANM,WE,Towers with Radar,0,12,14,1,27,0,2,229,1,232,0,14,243,2,259,300,0,300,559
08/04/2009,PUB,CO,ANM,WE,Towers with Radar,0,13,12,0,25,0,2,205,0,207,0,15,217,0,232,380,0,380,612
08/05/2009,PUB,CO,ANM,WE,Towers with Radar,0,11,16,0,27,0,5,207,1,213,0,16,223,1,240,473,0,473,713
08/06/2009,PUB,CO,ANM,WE,Towers with Radar,9,8,24,2,43,0,0,255,4,259,9,8,279,6,302,486,0,486,788
08/07/2009,PUB,CO,ANM,WE,Towers with Radar,0,10,11,5,26,0,2,250,6,258,0,12,261,11,284,496,18,514,798
08/08/2009,PUB,CO,ANM,WE,Towers with Radar,0,10,11,0,21,0,0,57,0,57,0,10,68,0,78,54,0,54,132
08/09/2009,PUB,CO,ANM,WE,Towers with Radar,0,6,19,0,25,0,2,54,5,61,0,8,73,5,86,80,2,82,168
08/10/2009,PUB,CO,ANM,WE,Towers with Radar,0,9,19,1,29,0,1,329,3,333,0,10,348,4,362,694,0,694,1056
08/11/2009,PUB,CO,ANM,WE,Towers with Radar,0,15,12,3,30,0,3,390,4,397,0,18,402,7,427,742,2,744,1171
08/12/2009,PUB,CO,ANM,WE,Towers with Radar,0,15,13,4,32,0,1,409,11,421,0,16,422,15,453,466,24,490,943
08/13/2009,PUB,CO,ANM,WE,Towers with Radar,0,13,13,0,26,0,6,258,2,266,0,19,271,2,292,136,0,136,428
08/14/2009,PUB,CO,ANM,WE,Towers with Radar,0,13,11,0,24,0,1,190,0,191,0,14,201,0,215,192,0,192,407
08/15/2009,PUB,CO,ANM,WE,Towers with Radar,0,7,7,2,16,0,6,109,3,118,0,13,116,5,134,90,10,100,234
08/16/2009,PUB,CO,ANM,WE,Towers with Radar,0,8,26,0,34,0,0,66,0,66,0,8,92,0,100,74,0,74,174
08/17/2009,PUB,CO,ANM,WE,Towers with Radar,0,12,13,1,26,0,2,218,1,221,0,14,231,2,247,548,16,564,811
08/18/2009,PUB,CO,ANM,WE,Towers with Radar,4,11,11,2,28,0,3,184,0,187,4,14,195,2,215,503,0,503,718
08/19/2009,PUB,CO,ANM,WE,Towers with Radar,0,8,10,0,18,0,0,262,2,264,0,8,272,2,282,342,0,342,624
08/20/2009,PUB,CO,ANM,WE,Towers with Radar,0,14,21,9,44,0,5,218,5,228,0,19,239,14,272,482,16,498,770
08/21/2009,PUB,CO,ANM,WE,Towers with Radar,0,9,17,3,29,0,4,187,0,191,0,13,204,3,220,481,0,481,701
08/22/2009,PUB,CO,ANM,WE,Towers with Radar,0,9,14,8,31,0,4,82,6,92,0,13,96,14,123,106,22,128,251
08/23/2009,PUB,CO,ANM,WE,Towers with Radar,0,7,11,0,18,0,2,73,7,82,0,9,84,7,100,136,27,163,263
08/24/2009,PUB,CO,ANM,WE,Towers with Radar,0,10,10,0,20,0,0,185,4,189,0,10,195,4,209,380,8,388,597
08/25/2009,PUB,CO,ANM,WE,Towers with Radar,0,7,8,0,15,0,0,151,10,161,0,7,159,10,176,464,0,464,640
08/26/2009,PUB,CO,ANM,WE,Towers with Radar,0,11,2,0,13,0,1,118,3,122,0,12,120,3,135,274,0,274,409
08/27/2009,PUB,CO,ANM,WE,Towers with Radar,0,11,8,0,19,0,3,96,0,99,0,14,104,0,118,114,0,114,232
08/28/2009,PUB,CO,ANM,WE,Towers with Radar,0,9,12,1,22,0,0,223,1,224,0,9,235,2,246,254,0,254,500
08/29/2009,PUB,CO,ANM,WE,Towers with Radar,0,5,12,8,25,0,2,80,1,83,0,7,92,9,108,80,2,82,190
08/30/2009,PUB,CO,ANM,WE,Towers with Radar,0,8,16,0,24,0,4,36,2,42,0,12,52,2,66,80,0,80,146
08/31/2009,PUB,CO,ANM,WE,Towers with Radar,0,8,3,0,11,0,2,246,0,248,0,10,249,0,259,358,0,358,617
09/01/2009,PUB,CO,ANM,WE,Towers with Radar,0,9,6,8,23,0,0,235,2,237,0,9,241,10,260,272,0,272,532
09/02/2009,PUB,CO,ANM,WE,Towers with Radar,0,9,13,1,23,0,5,337,0,342,0,14,350,1,365,692,0,692,1057
09/03/2009,PUB,CO,ANM,WE,Towers with Radar,0,9,13,0,22,0,7,216,0,223,0,16,229,0,245,352,0,352,597
09/04/2009,PUB,CO,ANM,WE,Towers with Radar,0,10,5,7,22,0,6,244,1,251,0,16,249,8,273,180,0,180,453
09/05/2009,PUB,CO,ANM,WE,Towers with Radar,0,10,26,0,36,0,0,38,0,38,0,10,64,0,74,102,0,102,176
09/06/2009,PUB,CO,ANM,WE,Towers with Radar,0,5,8,0,13,0,0,33,2,35,0,5,41,2,48,20,0,20,68
09/07/2009,PUB,CO,ANM,WE,Towers with Radar,0,14,18,0,32,0,9,57,0,66,0,23,75,0,98,64,0,64,162
09/08/2009,PUB,CO,ANM,WE,Towers with Radar,0,14,4,3,21,0,2,292,4,298,0,16,296,7,319,398,0,398,717
09/09/2009,PUB,CO,ANM,WE,Towers with Radar,0,13,17,4,34,0,1,298,6,305,0,14,315,10,339,588,0,588,927
09/10/2009,PUB,CO,ANM,WE,Towers with Radar,4,8,12,0,24,0,0,271,5,276,4,8,283,5,300,584,14,598,898
09/11/2009,PUB,CO,ANM,WE,Towers with Radar,2,9,6,2,19,0,2,19,0,21,2,11,25,2,40,22,0,22,62
09/12/2009,PUB,CO,ANM,WE,Towers with Radar,0,5,1,0,6,0,2,25,0,27,0,7,26,0,33,32,0,32,65
09/13/2009,PUB,CO,ANM,WE,Towers with Radar,6,8,20,3,37,0,0,23,2,25,6,8,43,5,62,34,1,35,97
09/14/2009,PUB,CO,ANM,WE,Towers with Radar,0,14,11,6,31,0,0,153,6,159,0,14,164,12,190,310,0,310,500
09/15/2009,PUB,CO,ANM,WE,Towers with Radar,0,12,9,0,21,0,4,366,0,370,0,16,375,0,391,450,0,450,841
09/16/2009,PUB,CO,ANM,WE,Towers with Radar,0,16,35,6,57,0,2,106,0,108,0,18,141,6,165,306,6,312,477
09/17/2009,PUB,CO,ANM,WE,Towers with Radar,2,14,20,0,36,0,8,332,0,340,2,22,352,0,376,293,0,293,669
09/18/2009,PUB,CO,ANM,WE,Towers with Radar,0,10,17,0,27,0,2,299,0,301,0,12,316,0,328,156,0,156,484
09/19/2009,PUB,CO,ANM,WE,Towers with Radar,0,5,11,11,27,0,1,61,3,65,0,6,72,14,92,52,30,82,174
09/20/2009,PUB,CO,ANM,WE,Towers with Radar,0,7,14,0,21,0,2,41,0,43,0,9,55,0,64,10,0,10,74
09/21/2009,PUB,CO,ANM,WE,Towers with Radar,0,13,18,2,33,0,0,7,0,7,0,13,25,2,40,16,0,16,56
09/22/2009,PUB,CO,ANM,WE,Towers with Radar,0,10,16,0,26,0,2,173,2,177,0,12,189,2,203,280,0,280,483
09/23/2009,PUB,CO,ANM,WE,Towers with Radar,0,16,19,0,35,0,0,66,0,66,0,16,85,0,101,102,0,102,203
09/24/2009,PUB,CO,ANM,WE,Towers with Radar,0,11,10,4,25,0,0,311,0,311,0,11,321,4,336,399,0,399,735
09/25/2009,PUB,CO,ANM,WE,Towers with Radar,0,17,19,0,36,0,2,262,0,264,0,19,281,0,300,506,0,506,806
09/26/2009,PUB,CO,ANM,WE,Towers with Radar,0,8,9,20,37,0,0,93,2,95,0,8,102,22,132,58,2,60,192
09/27/2009,PUB,CO,ANM,WE,Towers with Radar,0,4,8,0,12,0,4,87,0,91,0,8,95,0,103,41,0,41,144
09/28/2009,PUB,CO,ANM,WE,Towers with Radar,0,10,5,4,19,0,1,263,1,265,0,11,268,5,284,410,14,424,708
09/29/2009,PUB,CO,ANM,WE,Towers with Radar,0,12,6,4,22,0,4,262,4,270,0,16,268,8,292,491,6,497,789
09/30/2009,PUB,CO,ANM,WE,Towers with Radar,0,9,10,0,19,0,2,63,0,65,0,11,73,0,84,208,0,208,292
10/01/2009,PUB,CO,ANM,WE,Towers with Radar,0,7,4,0,11,0,1,183,4,188,0,8,187,4,199,146,0,146,345
10/02/2009,PUB,CO,ANM,WE,Towers with Radar,0,8,10,2,20,0,1,380,0,381,0,9,390,2,401,757,0,757,1158
10/03/2009,PUB,CO,ANM,WE,Towers with Radar,0,7,12,23,42,0,2,0,322,324,0,9,12,345,366,592,4,596,962
10/04/2009,PUB,CO,ANM,WE,Towers with Radar,0,9,17,16,42,0,2,22,2,26,0,11,39,18,68,70,22,92,160
10/05/2009,PUB,CO,ANM,WE,Towers with Radar,0,18,16,3,37,0,0,8,2,10,0,18,24,5,47,58,0,58,105
10/06/2009,PUB,CO,ANM,WE,Towers with Radar,0,13,24,0,37,0,5,315,14,334,0,18,339,14,371,326,20,346,717
10/07/2009,PUB,CO,ANM,WE,Towers with Radar,0,14,11,0,25,0,0,338,0,338,0,14,349,0,363,470,0,470,833
10/08/2009,PUB,CO,ANM,WE,Towers with Radar,0,13,7,0,20,0,0,116,0,116,0,13,123,0,136,735,0,735,871
10/09/2009,PUB,CO,ANM,WE,Towers with Radar,2,9,16,1,28,0,3,100,2,105,2,12,116,3,133,88,0,88,221
10/10/2009,PUB,CO,ANM,WE,Towers with Radar,0,6,11,0,17,0,0,1,0,1,0,6,12,0,18,6,0,6,24
10/11/2009,PUB,CO,ANM,WE,Towers with Radar,0,8,16,0,24,0,1,2,0,3,0,9,18,0,27,8,0,8,35
10/12/2009,PUB,CO,ANM,WE,Towers with Radar,0,17,34,6,57,0,2,7,0,9,0,19,41,6,66,16,0,16,82
10/13/2009,PUB,CO,ANM,WE,Towers with Radar,0,17,21,0,38,0,0,130,0,130,0,17,151,0,168,304,0,304,472
10/14/2009,PUB,CO,ANM,WE,Towers with Radar,0,11,19,16,46,0,1,35,37,73,0,12,54,53,119,56,8,64,183
10/15/2009,PUB,CO,ANM,WE,Towers with Radar,0,11,16,1,28,0,0,209,0,209,0,11,225,1,237,244,0,244,481
10/16/2009,PUB,CO,ANM,WE,Towers with Radar,0,11,14,8,33,0,2,285,0,287,0,13,299,8,320,319,0,319,639
10/17/2009,PUB,CO,ANM,WE,Towers with Radar,0,11,11,0,22,0,2,66,4,72,0,13,77,4,94,58,0,58,152
10/18/2009,PUB,CO,ANM,WE,Towers with Radar,0,8,10,4,22,0,0,42,4,46,0,8,52,8,68,0,0,0,68
10/19/2009,PUB,CO,ANM,WE,Towers with Radar,0,12,8,0,20,0,10,332,4,346,0,22,340,4,366,498,0,498,864
10/20/2009,PUB,CO,ANM,WE,Towers with Radar,0,9,15,5,29,0,17,259,15,291,0,26,274,20,320,410,20,430,750
10/21/2009,PUB,CO,ANM,WE,Towers with Radar,0,11,6,6,23,0,0,0,0,0,0,11,6,6,23,0,0,0,23
10/22/2009,PUB,CO,ANM,WE,Towers with Radar,0,14,11,2,27,0,2,337,0,339,0,16,348,2,366,444,0,444,810
10/23/2009,PUB,CO,ANM,WE,Towers with Radar,0,11,19,0,30,0,0,384,0,384,0,11,403,0,414,376,0,376,790
10/24/2009,PUB,CO,ANM,WE,Towers with Radar,0,6,17,6,29,0,2,73,1,76,0,8,90,7,105,102,6,108,213
10/25/2009,PUB,CO,ANM,WE,Towers with Radar,0,9,9,0,18,0,0,5,0,5,0,9,14,0,23,0,0,0,23
10/26/2009,PUB,CO,ANM,WE,Towers with Radar,0,12,13,0,25,0,0,300,0,300,0,12,313,0,325,302,0,302,627
10/27/2009,PUB,CO,ANM,WE,Towers with Radar,0,9,11,2,22,0,0,345,2,347,0,9,356,4,369,466,4,470,839
10/28/2009,PUB,CO,ANM,WE,Towers with Radar,0,12,1,0,13,0,0,56,0,56,0,12,57,0,69,80,0,80,149
10/29/2009,PUB,CO,ANM,WE,Towers with Radar,0,9,7,0,16,0,0,0,0,0,0,9,7,0,16,0,0,0,16
10/30/2009,PUB,CO,ANM,WE,Towers with Radar,0,12,10,4,26,0,3,245,0,248,0,15,255,4,274,258,0,258,532
10/31/2009,PUB,CO,ANM,WE,Towers with Radar,0,5,2,0,7,0,0,79,0,79,0,5,81,0,86,84,0,84,170
11/01/2009,PUB,CO,ANM,WE,Towers with Radar,0,0,0,0,0,0,1,104,0,105,0,1,104,0,105,70,0,70,175
11/02/2009,PUB,CO,ANM,WE,Towers with Radar,0,11,12,0,23,0,0,284,0,284,0,11,296,0,307,336,0,336,643
11/03/2009,PUB,CO,ANM,WE,Towers with Radar,2,22,20,2,46,0,2,228,4,234,2,24,248,6,280,282,4,286,566
11/04/2009,PUB,CO,ANM,WE,Towers with Radar,0,12,17,4,33,0,2,326,0,328,0,14,343,4,361,346,0,346,707
11/05/2009,PUB,CO,ANM,WE,Towers with Radar,2,12,22,6,42,0,2,278,12,292,2,14,300,18,334,462,10,472,806
11/06/2009,PUB,CO,ANM,WE,Towers with Radar,0,12,12,0,24,0,2,155,0,157,0,14,167,0,181,308,0,308,489
11/07/2009,PUB,CO,ANM,WE,Towers with Radar,0,5,6,6,17,0,1,94,2,97,0,6,100,8,114,56,0,56,170
11/08/2009,PUB,CO,ANM,WE,Towers with Radar,4,6,18,2,30,0,1,82,1,84,4,7,100,3,114,132,0,132,246
11/09/2009,PUB,CO,ANM,WE,Towers with Radar,0,7,20,6,33,0,0,336,1,337,0,7,356,7,370,608,0,608,978
11/10/2009,PUB,CO,ANM,WE,Towers with Radar,0,11,12,4,27,0,2,229,4,235,0,13,241,8,262,502,2,504,766
11/11/2009,PUB,CO,ANM,WE,Towers with Radar,0,15,18,0,33,0,4,32,2,38,0,19,50,2,71,14,2,16,87
11/12/2009,PUB,CO,ANM,WE,Towers with Radar,3,22,13,5,43,0,0,284,3,287,3,22,297,8,330,529,18,547,877
11/13/2009,PUB,CO,ANM,WE,Towers with Radar,0,15,16,0,31,0,4,198,9,211,0,19,214,9,242,642,0,642,884
11/14/2009,PUB,CO,ANM,WE,Towers with Radar,0,5,4,1,10,0,2,6,0,8,0,7,10,1,18,6,0,6,24
11/15/2009,PUB,CO,ANM,WE,Towers with Radar,0,8,2,1,11,0,0,0,5,5,0,8,2,6,16,0,12,12,28
11/16/2009,PUB,CO,ANM,WE,Towers with Radar,0,22,6,2,30,0,0,228,2,230,0,22,234,4,260,308,0,308,568
11/17/2009,PUB,CO,ANM,WE,Towers with Radar,0,12,7,16,35,0,5,248,0,253,0,17,255,16,288,294,0,294,582
11/18/2009,PUB,CO,ANM,WE,Towers with Radar,0,12,10,0,22,0,0,290,0,290,0,12,300,0,312,386,2,388,700
11/19/2009,PUB,CO,ANM,WE,Towers with Radar,0,9,21,0,30,0,0,238,2,240,0,9,259,2,270,324,0,324,594
11/20/2009,PUB,CO,ANM,WE,Towers with Radar,2,10,7,4,23,0,2,215,1,218,2,12,222,5,241,764,0,764,1005
11/21/2009,PUB,CO,ANM,WE,Towers with Radar,0,5,18,12,35,0,3,255,1,259,0,8,273,13,294,506,4,510,804
11/22/2009,PUB,CO,ANM,WE,Towers with Radar,0,5,11,0,16,0,0,72,0,72,0,5,83,0,88,122,0,122,210
11/23/2009,PUB,CO,ANM,WE,Towers with Radar,0,11,6,7,24,0,3,74,2,79,0,14,80,9,103,76,18,94,197
11/24/2009,PUB,CO,ANM,WE,Towers with Radar,0,12,21,0,33,0,0,180,3,183,0,12,201,3,216,424,0,424,640
11/25/2009,PUB,CO,ANM,WE,Towers with Radar,0,8,20,0,28,0,4,313,0,317,0,12,333,0,345,498,0,498,843
11/26/2009,PUB,CO,ANM,WE,Towers with Radar,0,9,2,0,11,0,0,20,0,20,0,9,22,0,31,14,0,14,45
11/27/2009,PUB,CO,ANM,WE,Towers with Radar,0,10,8,0,18,0,5,54,0,59,0,15,62,0,77,12,0,12,89
11/28/2009,PUB,CO,ANM,WE,Towers with Radar,0,6,11,0,17,0,1,58,0,59,0,7,69,0,76,26,0,26,102
11/29/2009,PUB,CO,ANM,WE,Towers with Radar,0,5,7,0,12,0,2,22,0,24,0,7,29,0,36,22,0,22,58
11/30/2009,PUB,CO,ANM,WE,Towers with Radar,0,12,10,0,22,0,0,231,1,232,0,12,241,1,254,407,0,407,661
12/01/2009,PUB,CO,ANM,WE,Towers with Radar,1,14,15,1,31,0,4,221,2,227,1,18,236,3,258,492,14,506,764
12/02/2009,PUB,CO,ANM,WE,Towers with Radar,0,16,6,0,22,0,2,84,0,86,0,18,90,0,108,674,0,674,782
12/03/2009,PUB,CO,ANM,WE,Towers with Radar,0,12,4,2,18,0,2,12,0,14,0,14,16,2,32,226,0,226,258
12/04/2009,PUB,CO,ANM,WE,Towers with Radar,2,11,14,8,35,0,0,234,11,245,2,11,248,19,280,701,0,701,981
12/05/2009,PUB,CO,ANM,WE,Towers with Radar,0,7,10,2,19,0,2,66,4,72,0,9,76,6,91,76,4,80,171
12/06/2009,PUB,CO,ANM,WE,Towers with Radar,0,6,8,9,23,0,0,0,1,1,0,6,8,10,24,0,16,16,40
12/07/2009,PUB,CO,ANM,WE,Towers with Radar,0,13,10,0,23,0,0,2,0,2,0,13,12,0,25,4,0,4,29
12/08/2009,PUB,CO,ANM,WE,Towers with Radar,0,10,8,0,18,0,0,22,2,24,0,10,30,2,42,156,0,156,198
12/09/2009,PUB,CO,ANM,WE,Towers with Radar,0,14,25,0,39,0,42,199,0,241,0,56,224,0,280,774,0,774,1054
12/10/2009,PUB,CO,ANM,WE,Towers with Radar,0,8,20,2,30,0,0,251,1,252,0,8,271,3,282,750,0,750,1032
12/11/2009,PUB,CO,ANM,WE,Towers with Radar,0,18,17,7,42,0,0,264,0,264,0,18,281,7,306,480,8,488,794
12/12/2009,PUB,CO,ANM,WE,Towers with Radar,0,7,8,0,15,0,0,212,0,212,0,7,220,0,227,422,0,422,649
12/13/2009,PUB,CO,ANM,WE,Towers with Radar,0,5,16,0,21,0,0,24,2,26,0,5,40,2,47,24,4,28,75
12/14/2009,PUB,CO,ANM,WE,Towers with Radar,2,15,16,8,41,0,4,226,5,235,2,19,242,13,276,586,4,590,866
12/15/2009,PUB,CO,ANM,WE,Towers with Radar,0,6,10,0,16,0,2,187,0,189,0,8,197,0,205,490,0,490,695
12/16/2009,PUB,CO,ANM,WE,Towers with Radar,0,10,7,2,19,0,2,118,2,122,0,12,125,4,141,310,36,346,487
12/17/2009,PUB,CO,ANM,WE,Towers with Radar,0,10,17,0,27,0,24,67,0,91,0,34,84,0,118,206,0,206,324
12/18/2009,PUB,CO,ANM,WE,Towers with Radar,0,10,13,2,25,0,2,53,0,55,0,12,66,2,80,118,0,118,198
12/19/2009,PUB,CO,ANM,WE,Towers with Radar,0,7,8,9,24,0,4,72,3,79,0,11,80,12,103,56,0,56,159
12/20/2009,PUB,CO,ANM,WE,Towers with Radar,0,10,18,12,40,0,0,68,0,68,0,10,86,12,108,46,0,46,154
12/21/2009,PUB,CO,ANM,WE,Towers with Radar,0,11,7,1,19,0,0,64,8,72,0,11,71,9,91,44,8,52,143
12/22/2009,PUB,CO,ANM,WE,Towers with Radar,0,16,9,0,25,0,2,84,2,88,0,18,93,2,113,87,0,87,200
12/23/2009,PUB,CO,ANM,WE,Towers with Radar,0,14,5,0,19,0,0,0,0,0,0,14,5,0,19,0,0,0,19
12/24/2009,PUB,CO,ANM,WE,Towers with Radar,0,8,5,0,13,0,4,5,0,9,0,12,10,0,22,40,0,40,62
12/25/2009,PUB,CO,ANM,WE,Towers with Radar,0,7,6,0,13,0,4,5,0,9,0,11,11,0,22,0,0,0,22
12/26/2009,PUB,CO,ANM,WE,Towers with Radar,0,11,21,0,32,0,0,25,0,25,0,11,46,0,57,54,0,54,111
12/27/2009,PUB,CO,ANM,WE,Towers with Radar,0,5,4,2,11,0,2,65,0,67,0,7,69,2,78,32,0,32,110
12/28/2009,PUB,CO,ANM,WE,Towers with Radar,0,10,10,1,21,0,0,72,0,72,0,10,82,1,93,118,0,118,211
12/29/2009,PUB,CO,ANM,WE,Towers with Radar,0,17,15,0,32,0,1,77,0,78,0,18,92,0,110,146,0,146,256
12/30/2009,PUB,CO,ANM,WE,Towers with Radar,0,10,24,0,34,0,2,61,6,69,0,12,85,6,103,78,6,84,187
12/31/2009,PUB,CO,ANM,WE,Towers with Radar,0,12,2,0,14,0,7,22,0,29,0,19,24,0,43,77,0,77,120
01/01/2010,PUB,CO,ANM,WE,Towers with Radar,0,6,1,0,7,0,2,30,0,32,0,8,31,0,39,8,0,8,47
01/02/2010,PUB,CO,ANM,WE,Towers with Radar,0,12,14,2,28,0,0,63,0,63,0,12,77,2,91,56,0,56,147
01/03/2010,PUB,CO,ANM,WE,Towers with Radar,0,7,17,0,24,0,0,33,2,35,0,7,50,2,59,100,0,100,159
01/04/2010,PUB,CO,ANM,WE,Towers with Radar,2,14,17,0,33,0,5,62,0,67,2,19,79,0,100,80,0,80,180
01/05/2010,PUB,CO,ANM,WE,Towers with Radar,0,13,10,0,23,0,3,98,4,105,0,16,108,4,128,106,0,106,234
01/06/2010,PUB,CO,ANM,WE,Towers with Radar,0,14,17,0,31,0,0,56,0,56,0,14,73,0,87,96,0,96,183
01/07/2010,PUB,CO,ANM,WE,Towers with Radar,0,12,21,2,35,0,0,79,4,83,0,12,100,6,118,82,22,104,222
01/08/2010,PUB,CO,ANM,WE,Towers with Radar,0,11,14,1,26,0,5,196,0,201,0,16,210,1,227,398,14,412,639
01/09/2010,PUB,CO,ANM,WE,Towers with Radar,0,7,14,0,21,0,0,70,1,71,0,7,84,1,92,144,0,144,236
01/10/2010,PUB,CO,ANM,WE,Towers with Radar,0,9,7,3,19,0,2,62,2,66,0,11,69,5,85,76,10,86,171
01/11/2010,PUB,CO,ANM,WE,Towers with Radar,0,10,11,2,23,0,0,203,1,204,0,10,214,3,227,426,0,426,653
01/12/2010,PUB,CO,ANM,WE,Towers with Radar,0,10,3,6,19,0,2,194,2,198,0,12,197,8,217,454,8,462,679
01/13/2010,PUB,CO,ANM,WE,Towers with Radar,2,15,10,2,29,0,3,286,9,298,2,18,296,11,327,448,22,470,797
01/14/2010,PUB,CO,ANM,WE,Towers with Radar,0,10,7,0,17,0,0,247,5,252,0,10,254,5,269,437,8,445,714
01/15/2010,PUB,CO,ANM,WE,Towers with Radar,0,13,8,15,36,0,2,247,2,251,0,15,255,17,287,406,0,406,693
01/16/2010,PUB,CO,ANM,WE,Towers with Radar,0,9,12,2,23,0,0,75,1,76,0,9,87,3,99,56,6,62,161
01/17/2010,PUB,CO,ANM,WE,Towers with Radar,0,6,16,0,22,0,2,63,0,65,0,8,79,0,87,39,0,39,126
01/18/2010,PUB,CO,ANM,WE,Towers with Radar,0,14,8,12,34,0,2,20,0,22,0,16,28,12,56,28,4,32,88
01/19/2010,PUB,CO,ANM,WE,Towers with Radar,0,17,19,2,38,0,3,238,2,243,0,20,257,4,281,236,0,236,517
01/20/2010,PUB,CO,ANM,WE,Towers with Radar,0,10,11,4,25,0,1,237,0,238,0,11,248,4,263,606,0,606,869
01/21/2010,PUB,CO,ANM,WE,Towers with Radar,2,25,28,0,55,0,2,254,0,256,2,27,282,0,311,710,0,710,1021
01/22/2010,PUB,CO,ANM,WE,Towers with Radar,5,14,20,5,44,0,0,163,0,163,5,14,183,5,207,486,0,486,693
01/23/2010,PUB,CO,ANM,WE,Towers with Radar,2,6,17,5,30,0,2,23,0,25,2,8,40,5,55,36,0,36,91
01/24/2010,PUB,CO,ANM,WE,Towers with Radar,0,7,18,2,27,0,2,19,2,23,0,9,37,4,50,0,0,0,50
01/25/2010,PUB,CO,ANM,WE,Towers with Radar,0,16,25,0,41,0,1,252,1,254,0,17,277,1,295,522,0,522,817
01/26/2010,PUB,CO,ANM,WE,Towers with Radar,0,13,14,2,29,0,0,183,0,183,0,13,197,2,212,472,4,476,688
01/27/2010,PUB,CO,ANM,WE,Towers with Radar,0,13,14,2,29,0,0,264,1,265,0,13,278,3,294,534,0,534,828
01/28/2010,PUB,CO,ANM,WE,Towers with Radar,0,12,8,0,20,0,0,87,0,87,0,12,95,0,107,164,0,164,271
01/29/2010,PUB,CO,ANM,WE,Towers with Radar,1,12,12,18,43,0,0,134,0,134,1,12,146,18,177,350,0,350,527
01/30/2010,PUB,CO,ANM,WE,Towers with Radar,0,8,13,7,28,0,2,60,4,66,0,10,73,11,94,82,0,82,176
01/31/2010,PUB,CO,ANM,WE,Towers with Radar,0,3,5,0,8,0,3,97,5,105,0,6,102,5,113,92,4,96,209
02/01/2010,PUB,CO,ANM,WE,Towers with Radar,0,30,17,0,47,0,0,177,0,177,0,30,194,0,224,370,0,370,594
02/02/2010,PUB,CO,ANM,WE,Towers with Radar,0,8,12,0,20,0,5,287,11,303,0,13,299,11,323,526,18,544,867
02/03/2010,PUB,CO,ANM,WE,Towers with Radar,0,11,19,6,36,0,3,255,0,258,0,14,274,6,294,410,0,410,704
02/04/2010,PUB,CO,ANM,WE,Towers with Radar,0,18,14,4,36,0,0,34,0,34,0,18,48,4,70,344,0,344,414
02/05/2010,PUB,CO,ANM,WE,Towers with Radar,2,11,12,12,37,0,2,315,0,317,2,13,327,12,354,568,0,568,922
02/06/2010,PUB,CO,ANM,WE,Towers with Radar,2,10,14,0,26,0,0,1,0,1,2,10,15,0,27,12,0,12,39
02/07/2010,PUB,CO,ANM,WE,Towers with Radar,0,5,2,0,7,0,0,0,0,0,0,5,2,0,7,0,0,0,7
02/08/2010,PUB,CO,ANM,WE,Towers with Radar,6,16,10,0,32,0,0,0,0,0,6,16,10,0,32,0,0,0,32
02/09/2010,PUB,CO,ANM,WE,Towers with Radar,0,11,7,7,25,0,5,264,1,270,0,16,271,8,295,464,0,464,759
02/10/2010,PUB,CO,ANM,WE,Towers with Radar,0,12,26,10,48,0,0,339,5,344,0,12,365,15,392,776,30,806,1198
02/11/2010,PUB,CO,ANM,WE,Towers with Radar,0,16,38,4,58,0,0,316,0,316,0,16,354,4,374,750,2,752,1126
02/12/2010,PUB,CO,ANM,WE,Towers with Radar,2,18,10,0,30,0,2,315,0,317,2,20,325,0,347,726,0,726,1073
02/13/2010,PUB,CO,ANM,WE,Towers with Radar,0,5,9,14,28,0,2,62,0,64,0,7,71,14,92,48,0,48,140
02/14/2010,PUB,CO,ANM,WE,Towers with Radar,0,4,6,0,10,0,2,54,0,56,0,6,60,0,66,18,0,18,84
02/15/2010,PUB,CO,ANM,WE,Towers with Radar,0,16,17,2,35,0,2,43,0,45,0,18,60,2,80,26,4,30,110
02/16/2010,PUB,CO,ANM,WE,Towers with Radar,0,13,21,4,38,0,2,301,0,303,0,15,322,4,341,612,0,612,953
02/17/2010,PUB,CO,ANM,WE,Towers with Radar,0,13,18,8,39,0,2,352,2,356,0,15,370,10,395,726,12,738,1133
02/18/2010,PUB,CO,ANM,WE,Towers with Radar,0,15,7,6,28,0,2,308,3,313,0,17,315,9,341,570,4,574,915
02/19/2010,PUB,CO,ANM,WE,Towers with Radar,2,14,15,3,34,0,2,350,8,360,2,16,365,11,394,552,0,552,946
02/20/2010,PUB,CO,ANM,WE,Towers with Radar,0,3,0,0,3,0,0,0,0,0,0,3,0,0,3,0,0,0,3
02/21/2010,PUB,CO,ANM,WE,Towers with Radar,0,5,8,0,13,0,0,0,0,0,0,5,8,0,13,0,0,0,13
02/22/2010,PUB,CO,ANM,WE,Towers with Radar,0,12,4,0,16,0,2,23,0,25,0,14,27,0,41,142,0,142,183
02/23/2010,PUB,CO,ANM,WE,Towers with Radar,0,16,6,0,22,0,0,365,4,369,0,16,371,4,391,564,0,564,955
02/24/2010,PUB,CO,ANM,WE,Towers with Radar,0,13,6,8,27,0,4,375,9,388,0,17,381,17,415,576,10,586,1001
02/25/2010,PUB,CO,ANM,WE,Towers with Radar,0,13,32,4,49,0,0,140,0,140,0,13,172,4,189,384,20,404,593
02/26/2010,PUB,CO,ANM,WE,Towers with Radar,0,11,37,2,50,0,0,275,3,278,0,11,312,5,328,334,0,334,662
02/27/2010,PUB,CO,ANM,WE,Towers with Radar,0,5,16,2,23,0,2,94,1,97,0,7,110,3,120,74,0,74,194
02/28/2010,PUB,CO,ANM,WE,Towers with Radar,0,6,6,0,12,0,2,25,0,27,0,8,31,0,39,60,0,60,99
03/01/2010,PUB,CO,ANM,WE,Towers with Radar,2,14,4,0,20,0,0,33,0,33,2,14,37,0,53,106,0,106,159
03/02/2010,PUB,CO,ANM,WE,Towers with Radar,0,16,12,11,39,0,4,387,0,391,0,20,399,11,430,816,26,842,1272
03/03/2010,PUB,CO,ANM,WE,Towers with Radar,0,16,17,3,36,0,5,256,8,269,0,21,273,11,305,552,20,572,877
03/04/2010,PUB,CO,ANM,WE,Towers with Radar,0,19,6,4,29,0,4,280,0,284,0,23,286,4,313,756,22,778,1091
03/05/2010,PUB,CO,ANM,WE,Towers with Radar,0,14,16,2,32,0,3,130,7,140,0,17,146,9,172,188,0,188,360
03/06/2010,PUB,CO,ANM,WE,Towers with Radar,2,5,22,0,29,0,1,84,7,92,2,6,106,7,121,58,22,80,201
03/07/2010,PUB,CO,ANM,WE,Towers with Radar,11,7,27,0,45,0,0,12,0,12,11,7,39,0,57,10,0,10,67
03/08/2010,PUB,CO,ANM,WE,Towers with Radar,0,16,20,2,38,0,0,209,2,211,0,16,229,4,249,380,8,388,637
03/09/2010,PUB,CO,ANM,WE,Towers with Radar,0,13,18,0,31,0,32,253,0,285,0,45,271,0,316,630,0,630,946
03/10/2010,PUB,CO,ANM,WE,Towers with Radar,4,18,18,0,40,0,0,104,2,106,4,18,122,2,146,316,0,316,462
03/11/2010,PUB,CO,ANM,WE,Towers with Radar,2,13,17,3,35,0,3,295,3,301,2,16,312,6,336,770,32,802,1138
03/12/2010,PUB,CO,ANM,WE,Towers with Radar,3,14,28,8,53,0,3,295,0,298,3,17,323,8,351,588,0,588,939
03/13/2010,PUB,CO,ANM,WE,Towers with Radar,0,7,16,1,24,0,0,105,0,105,0,7,121,1,129,126,14,140,269
03/14/2010,PUB,CO,ANM,WE,Towers with Radar,0,6,7,0,13,0,0,0,0,0,0,6,7,0,13,0,0,0,13
03/15/2010,PUB,CO,ANM,WE,Towers with Radar,5,12,11,6,34,0,2,206,0,208,5,14,217,6,242,516,0,516,758
03/16/2010,PUB,CO,ANM,WE,Towers with Radar,0,14,10,2,26,0,2,308,1,311,0,16,318,3,337,464,12,476,813
03/17/2010,PUB,CO,ANM,WE,Towers with Radar,2,9,15,2,28,0,5,310,3,318,2,14,325,5,346,554,2,556,902
03/18/2010,PUB,CO,ANM,WE,Towers with Radar,0,11,15,8,34,0,0,317,2,319,0,11,332,10,353,644,22,666,1019
03/19/2010,PUB,CO,ANM,WE,Towers with Radar,3,7,5,0,15,0,0,0,0,0,3,7,5,0,15,0,0,0,15
03/20/2010,PUB,CO,ANM,WE,Towers with Radar,0,9,15,8,32,0,0,21,0,21,0,9,36,8,53,46,0,46,99
03/21/2010,PUB,CO,ANM,WE,Towers with Radar,0,6,11,0,17,0,6,76,0,82,0,12,87,0,99,52,0,52,151
03/22/2010,PUB,CO,ANM,WE,Towers with Radar,0,14,10,2,26,0,2,355,0,357,0,16,365,2,383,338,0,338,721
03/23/2010,PUB,CO,ANM,WE,Towers with Radar,3,19,15,1,38,0,2,347,0,349,3,21,362,1,387,752,0,752,1139
03/24/2010,PUB,CO,ANM,WE,Towers with Radar,1,6,10,1,18,0,0,9,0,9,1,6,19,1,27,26,0,26,53
03/25/2010,PUB,CO,ANM,WE,Towers with Radar,0,10,17,1,28,0,10,353,6,369,0,20,370,7,397,624,20,644,1041
03/26/2010,PUB,CO,ANM,WE,Towers with Radar,0,16,9,7,32,0,0,281,0,281,0,16,290,7,313,382,0,382,695
03/27/2010,PUB,CO,ANM,WE,Towers with Radar,0,10,6,0,16,0,2,1,0,3,0,12,7,0,19,0,0,0,19
03/28/2010,PUB,CO,ANM,WE,Towers with Radar,0,3,16,0,19,0,2,135,0,137,0,5,151,0,156,14,0,14,170
03/29/2010,PUB,CO,ANM,WE,Towers with Radar,0,14,17,0,31,0,0,256,1,257,0,14,273,1,288,338,0,338,626
03/30/2010,PUB,CO,ANM,WE,Towers with Radar,0,20,8,0,28,0,1,0,0,1,0,21,8,0,29,732,12,744,773
03/31/2010,PUB,CO,ANM,WE,Towers with Radar,2,13,10,1,26,0,0,257,7,264,2,13,267,8,290,496,18,514,804
04/01/2010,PUB,CO,ANM,WE,Towers with Radar,0,8,3,9,20,0,0,65,3,68,0,8,68,12,88,54,4,58,146
04/02/2010,PUB,CO,ANM,WE,Towers with Radar,0,15,10,2,27,0,2,160,1,163,0,17,170,3,190,132,0,132,322
04/03/2010,PUB,CO,ANM,WE,Towers with Radar,0,5,18,0,23,0,0,25,0,25,0,5,43,0,48,0,0,0,48
04/04/2010,PUB,CO,ANM,WE,Towers with Radar,0,7,5,0,12,0,1,24,0,25,0,8,29,0,37,10,0,10,47
04/05/2010,PUB,CO,ANM,WE,Towers with Radar,2,10,11,2,25,0,3,97,0,100,2,13,108,2,125,340,0,340,465
04/06/2010,PUB,CO,ANM,WE,Towers with Radar,0,13,5,4,22,0,0,68,2,70,0,13,73,6,92,20,34,54,146
04/07/2010,PUB,CO,ANM,WE,Towers with Radar,0,10,10,3,23,0,2,227,8,237,0,12,237,11,260,300,4,304,564
04/08/2010,PUB,CO,ANM,WE,Towers with Radar,0,11,10,0,21,0,5,304,0,309,0,16,314,0,330,774,0,774,1104
04/09/2010,PUB,CO,ANM,WE,Towers with Radar,0,13,14,0,27,0,0,274,0,274,0,13,288,0,301,634,0,634,935
04/10/2010,PUB,CO,ANM,WE,Towers with Radar,0,6,42,4,52,0,2,318,0,320,0,8,360,4,372,549,4,553,925
04/11/2010,PUB,CO,ANM,WE,Towers with Radar,0,5,16,0,21,0,2,77,0,79,0,7,93,0,100,28,0,28,128
04/12/2010,PUB,CO,ANM,WE,Towers with Radar,0,10,16,2,28,0,0,188,0,188,0,10,204,2,216,332,0,332,548
04/13/2010,PUB,CO,ANM,WE,Towers with Radar,0,12,14,0,26,0,4,16,0,20,0,16,30,0,46,4,0,4,50
04/14/2010,PUB,CO,ANM,WE,Towers with Radar,0,14,10,1,25,0,1,289,1,291,0,15,299,2,316,492,0,492,808
04/15/2010,PUB,CO,ANM,WE,Towers with Radar,0,11,21,10,42,0,13,320,0,333,0,24,341,10,375,565,0,565,940
04/16/2010,PUB,CO,ANM,WE,Towers with Radar,0,16,23,15,54,0,0,129,3,132,0,16,152,18,186,816,4,820,1006
04/17/2010,PUB,CO,ANM,WE,Towers with Radar,0,10,11,0,21,0,0,1,0,1,0,10,12,0,22,0,0,0,22
04/18/2010,PUB,CO,ANM,WE,Towers with Radar,0,10,15,0,25,0,0,33,0,33,0,10,48,0,58,56,0,56,114
04/19/2010,PUB,CO,ANM,WE,Towers with Radar,2,12,17,2,33,0,0,282,0,282,2,12,299,2,315,718,0,718,1033
04/20/2010,PUB,CO,ANM,WE,Towers with Radar,2,13,15,0,30,0,0,180,4,184,2,13,195,4,214,568,2,570,784
04/21/2010,PUB,CO,ANM,WE,Towers with Radar,0,13,15,15,43,0,120,0,0,120,0,133,15,15,163,564,6,570,733
04/22/2010,PUB,CO,ANM,WE,Towers with Radar,0,8,9,6,23,0,5,191,5,201,0,13,200,11,224,412,20,432,656
04/23/2010,PUB,CO,ANM,WE,Towers with Radar,0,9,7,0,16,0,0,115,0,115,0,9,122,0,131,290,0,290,421
04/24/2010,PUB,CO,ANM,WE,Towers with Radar,0,8,18,0,26,0,2,10,0,12,0,10,28,0,38,0,0,0,38
04/25/2010,PUB,CO,ANM,WE,Towers with Radar,0,9,8,7,24,0,2,80,3,85,0,11,88,10,109,50,0,50,159
04/26/2010,PUB,CO,ANM,WE,Towers with Radar,0,14,20,0,34,0,0,296,2,298,0,14,316,2,332,561,0,561,893
04/27/2010,PUB,CO,ANM,WE,Towers with Radar,0,13,6,0,19,0,11,401,5,417,0,24,407,5,436,848,18,866,1302
04/28/2010,PUB,CO,ANM,WE,Towers with Radar,0,11,7,4,22,0,0,173,4,177,0,11,180,8,199,344,2,346,545
04/29/2010,PUB,CO,ANM,WE,Towers with Radar,0,11,14,0,25,0,0,90,0,90,0,11,104,0,115,180,0,180,295
04/30/2010,PUB,CO,ANM,WE,Towers with Radar,0,10,18,0,28,0,8,268,22,298,0,18,286,22,326,419,2,421,747
05/01/2010,PUB,CO,ANM,WE,Towers with Radar,0,8,9,10,27,0,2,102,0,104,0,10,111,10,131,90,8,98,229
05/02/2010,PUB,CO,ANM,WE,Towers with Radar,0,10,24,13,47,0,2,49,1,52,0,12,73,14,99,34,0,34,133
05/03/2010,PUB,CO,ANM,WE,Towers with Radar,2,14,13,4,33,0,0,290,0,290,2,14,303,4,323,559,0,559,882
05/04/2010,PUB,CO,ANM,WE,Towers with Radar,0,10,9,0,19,0,0,122,0,122,0,10,131,0,141,152,0,152,293
05/05/2010,PUB,CO,ANM,WE,Towers with Radar,2,13,11,9,35,0,0,328,2,330,2,13,339,11,365,526,6,532,897
05/06/2010,PUB,CO,ANM,WE,Towers with Radar,0,16,11,3,30,0,3,220,5,228,0,19,231,8,258,368,16,384,642
05/07/2010,PUB,CO,ANM,WE,Towers with Radar,0,9,23,7,39,0,0,281,1,282,0,9,304,8,321,598,0,598,919
05/08/2010,PUB,CO,ANM,WE,Towers with Radar,0,7,7,6,20,0,0,43,0,43,0,7,50,6,63,38,0,38,101
05/09/2010,PUB,CO,ANM,WE,Towers with Radar,0,4,9,2,15,0,0,45,2,47,0,4,54,4,62,50,0,50,112
05/10/2010,PUB,CO,ANM,WE,Towers with Radar,0,12,18,0,30,0,2,143,0,145,0,14,161,0,175,102,0,102,277
05/11/2010,PUB,CO,ANM,WE,Towers with Radar,2,10,19,0,31,0,3,226,5,234,2,13,245,5,265,824,0,824,1089
05/12/2010,PUB,CO,ANM,WE,Towers with Radar,0,12,20,0,32,0,2,263,0,265,0,14,283,0,297,422,0,422,719
05/13/2010,PUB,CO,ANM,WE,Towers with Radar,2,17,31,3,53,0,4,278,1,283,2,21,309,4,336,646,0,646,982
05/14/2010,PUB,CO,ANM,WE,Towers with Radar,2,12,8,9,31,0,0,272,2,274,2,12,280,11,305,560,0,560,865
05/15/2010,PUB,CO,ANM,WE,Towers with Radar,0,11,9,3,23,0,4,50,2,56,0,15,59,5,79,102,4,106,185
05/16/2010,PUB,CO,ANM,WE,Towers with Radar,0,6,15,0,21,0,0,94,0,94,0,6,109,0,115,78,0,78,193
05/17/2010,PUB,CO,ANM,WE,Towers with Radar,0,12,7,2,21,0,0,317,10,327,0,12,324,12,348,677,8,685,1033
05/18/2010,PUB,CO,ANM,WE,Towers with Radar,8,13,3,0,24,0,4,150,1,155,8,17,153,1,179,338,12,350,529
05/19/2010,PUB,CO,ANM,WE,Towers with Radar,0,13,22,10,45,0,14,272,1,287,0,27,294,11,332,390,12,402,734
05/20/2010,PUB,CO,ANM,WE,Towers with Radar,2,9,12,2,25,0,2,328,0,330,2,11,340,2,355,474,14,488,843
05/21/2010,PUB,CO,ANM,WE,Towers with Radar,2,18,13,1,34,0,7,254,0,261,2,25,267,1,295,700,0,700,995
05/22/2010,PUB,CO,ANM,WE,Towers with Radar,0,9,13,8,30,0,2,26,0,28,0,11,39,8,58,10,0,10,68
05/23/2010,PUB,CO,ANM,WE,Towers with Radar,1,10,16,2,29,0,3,58,0,61,1,13,74,2,90,70,0,70,160
05/24/2010,PUB,CO,ANM,WE,Towers with Radar,0,8,18,2,28,0,0,93,0,93,0,8,111,2,121,96,0,96,217
05/25/2010,PUB,CO,ANM,WE,Towers with Radar,0,10,19,2,31,0,9,345,6,360,0,19,364,8,391,478,12,490,881
05/26/2010,PUB,CO,ANM,WE,Towers with Radar,0,7,22,5,34,0,0,223,4,227,0,7,245,9,261,358,30,388,649
05/27/2010,PUB,CO,ANM,WE,Towers with Radar,0,8,13,0,21,0,0,263,0,263,0,8,276,0,284,382,2,384,668
05/28/2010,PUB,CO,ANM,WE,Towers with Radar,2,10,4,0,16,0,0,286,1,287,2,10,290,1,303,472,2,474,777
05/29/2010,PUB,CO,ANM,WE,Towers with Radar,0,6,7,0,13,0,4,53,0,57,0,10,60,0,70,18,0,18,88
05/30/2010,PUB,CO,ANM,WE,Towers with Radar,0,5,8,0,13,0,14,37,0,51,0,19,45,0,64,20,0,20,84
05/31/2010,PUB,CO,ANM,WE,Towers with Radar,0,8,6,0,14,0,4,55,0,59,0,12,61,0,73,14,0,14,87
06/01/2010,PUB,CO,ANM,WE,Towers with Radar,2,12,21,0,35,0,44,299,1,344,2,56,320,1,379,656,34,690,1069
06/02/2010,PUB,CO,ANM,WE,Towers with Radar,0,18,14,2,34,0,2,304,4,310,0,20,318,6,344,566,30,596,940
06/03/2010,PUB,CO,ANM,WE,Towers with Radar,0,12,28,2,42,0,3,335,4,342,0,15,363,6,384,652,0,652,1036
06/04/2010,PUB,CO,ANM,WE,Towers with Radar,0,12,15,6,33,0,0,295,1,296,0,12,310,7,329,554,0,554,883
06/05/2010,PUB,CO,ANM,WE,Towers with Radar,0,5,10,7,22,0,4,66,10,80,0,9,76,17,102,60,4,64,166
06/06/2010,PUB,CO,ANM,WE,Towers with Radar,0,8,7,1,16,0,7,54,4,65,0,15,61,5,81,34,3,37,118
06/07/2010,PUB,CO,ANM,WE,Towers with Radar,0,10,7,14,31,0,6,372,18,396,0,16,379,32,427,784,23,807,1234
06/08/2010,PUB,CO,ANM,WE,Towers with Radar,0,17,15,1,33,0,0,350,2,352,0,17,365,3,385,550,0,550,935
06/09/2010,PUB,CO,ANM,WE,Towers with Radar,2,14,14,7,37,0,0,219,0,219,2,14,233,7,256,420,0,420,676
06/10/2010,PUB,CO,ANM,WE,Towers with Radar,0,12,22,0,34,0,2,220,12,234,0,14,242,12,268,320,0,320,588
06/11/2010,PUB,CO,ANM,WE,Towers with Radar,8,16,5,0,29,0,0,215,0,215,8,16,220,0,244,378,0,378,622
06/12/2010,PUB,CO,ANM,WE,Towers with Radar,0,6,6,7,19,0,2,7,1,10,0,8,13,8,29,16,0,16,45
06/13/2010,PUB,CO,ANM,WE,Towers with Radar,0,12,10,0,22,0,2,26,1,29,0,14,36,1,51,66,0,66,117
06/14/2010,PUB,CO,ANM,WE,Towers with Radar,0,17,15,0,32,0,2,303,0,305,0,19,318,0,337,628,0,628,965
06/15/2010,PUB,CO,ANM,WE,Towers with Radar,0,13,18,1,32,0,0,313,0,313,0,13,331,1,345,656,8,664,1009
06/16/2010,PUB,CO,ANM,WE,Towers with Radar,0,12,20,7,39,0,0,226,7,233,0,12,246,14,272,566,32,598,870
06/17/2010,PUB,CO,ANM,WE,Towers with Radar,0,15,13,7,35,0,0,164,0,164,0,15,177,7,199,408,10,418,617
06/18/2010,PUB,CO,ANM,WE,Towers with Radar,0,10,6,1,17,0,4,104,4,112,0,14,110,5,129,266,2,268,397
06/19/2010,PUB,CO,ANM,WE,Towers with Radar,0,7,10,0,17,0,4,79,4,87,0,11,89,4,104,96,0,96,200
06/20/2010,PUB,CO,ANM,WE,Towers with Radar,0,11,11,0,22,0,2,63,1,66,0,13,74,1,88,30,0,30,118
06/21/2010,PUB,CO,ANM,WE,Towers with Radar,1,8,18,2,29,0,1,233,0,234,1,9,251,2,263,240,0,240,503
06/22/2010,PUB,CO,ANM,WE,Towers with Radar,0,13,8,0,21,0,0,248,2,250,0,13,256,2,271,420,0,420,691
06/23/2010,PUB,CO,ANM,WE,Towers with Radar,0,18,14,0,32,0,2,239,3,244,0,20,253,3,276,394,0,394,670
06/24/2010,PUB,CO,ANM,WE,Towers with Radar,0,15,13,3,31,0,12,201,1,214,0,27,214,4,245,492,14,506,751
06/25/2010,PUB,CO,ANM,WE,Towers with Radar,10,12,11,10,43,0,6,221,1,228,10,18,232,11,271,294,16,310,581
06/26/2010,PUB,CO,ANM,WE,Towers with Radar,7,7,10,2,26,0,2,48,2,52,7,9,58,4,78,22,18,40,118
06/27/2010,PUB,CO,ANM,WE,Towers with Radar,1,5,20,2,28,0,2,49,0,51,1,7,69,2,79,18,14,32,111
06/28/2010,PUB,CO,ANM,WE,Towers with Radar,0,15,13,0,28,0,4,277,2,283,0,19,290,2,311,494,22,516,827
06/29/2010,PUB,CO,ANM,WE,Towers with Radar,0,12,15,0,27,0,3,218,16,237,0,15,233,16,264,310,22,332,596
06/30/2010,PUB,CO,ANM,WE,Towers with Radar,0,14,10,1,25,0,0,251,4,255,0,14,261,5,280,333,12,345,625
07/01/2010,PUB,CO,ANM,WE,Towers with Radar,2,11,16,0,29,0,0,267,0,267,2,11,283,0,296,400,0,400,696
07/02/2010,PUB,CO,ANM,WE,Towers with Radar,0,21,17,0,38,0,8,183,4,195,0,29,200,4,233,322,0,322,555
07/03/2010,PUB,CO,ANM,WE,Towers with Radar,0,5,10,0,15,0,6,78,0,84,0,11,88,0,99,14,0,14,113
07/04/2010,PUB,CO,ANM,WE,Towers with Radar,8,17,3,0,28,0,4,20,0,24,8,21,23,0,52,0,0,0,52
07/05/2010,PUB,CO,ANM,WE,Towers with Radar,0,12,12,0,24,0,0,59,1,60,0,12,71,1,84,92,26,118,202
07/06/2010,PUB,CO,ANM,WE,Towers with Radar,15,17,14,6,52,0,1,265,2,268,15,18,279,8,320,554,4,558,878
07/07/2010,PUB,CO,ANM,WE,Towers with Radar,2,11,21,0,34,0,2,343,10,355,2,13,364,10,389,564,0,564,953
07/08/2010,PUB,CO,ANM,WE,Towers with Radar,0,10,13,2,25,0,0,227,0,227,0,10,240,2,252,402,0,402,654
07/09/2010,PUB,CO,ANM,WE,Towers with Radar,2,14,19,5,40,0,0,230,0,230,2,14,249,5,270,370,2,372,642
07/10/2010,PUB,CO,ANM,WE,Towers with Radar,2,12,4,13,31,0,2,53,4,59,2,14,57,17,90,58,8,66,156
07/11/2010,PUB,CO,ANM,WE,Towers with Radar,0,4,15,0,19,0,6,85,3,94,0,10,100,3,113,42,6,48,161
07/12/2010,PUB,CO,ANM,WE,Towers with Radar,0,10,12,0,22,0,2,302,0,304,0,12,314,0,326,340,2,342,668
07/13/2010,PUB,CO,ANM,WE,Towers with Radar,0,8,8,0,16,0,2,279,1,282,0,10,287,1,298,376,0,376,674
07/14/2010,PUB,CO,ANM,WE,Towers with Radar,0,8,12,0,20,0,0,267,6,273,0,8,279,6,293,372,2,374,667
07/15/2010,PUB,CO,ANM,WE,Towers with Radar,4,11,21,12,48,0,3,198,0,201,4,14,219,12,249,448,0,448,697
07/16/2010,PUB,CO,ANM,WE,Towers with Radar,0,9,9,4,22,0,4,222,0,226,0,13,231,4,248,438,0,438,686
07/17/2010,PUB,CO,ANM,WE,Towers with Radar,0,6,4,0,10,0,3,52,2,57,0,9,56,2,67,30,0,30,97
07/18/2010,PUB,CO,ANM,WE,Towers with Radar,2,9,18,2,31,0,4,34,0,38,2,13,52,2,69,38,0,38,107
07/19/2010,PUB,CO,ANM,WE,Towers with Radar,2,9,9,0,20,0,3,273,5,281,2,12,282,5,301,694,0,694,995
07/20/2010,PUB,CO,ANM,WE,Towers with Radar,2,13,20,0,35,1,1,187,0,189,3,14,207,0,224,368,0,368,592
07/21/2010,PUB,CO,ANM,WE,Towers with Radar,0,10,16,0,26,0,5,220,2,227,0,15,236,2,253,482,0,482,735
07/22/2010,PUB,CO,ANM,WE,Towers with Radar,0,9,12,10,31,0,8,185,0,193,0,17,197,10,224,402,0,402,626
07/23/2010,PUB,CO,ANM,WE,Towers with Radar,0,8,8,9,25,0,3,142,0,145,0,11,150,9,170,280,4,284,454
07/24/2010,PUB,CO,ANM,WE,Towers with Radar,0,15,18,0,33,0,0,41,0,41,0,15,59,0,74,16,0,16,90
07/25/2010,PUB,CO,ANM,WE,Towers with Radar,0,9,14,0,23,0,4,24,1,29,0,13,38,1,52,66,0,66,118
07/26/2010,PUB,CO,ANM,WE,Towers with Radar,0,17,8,1,26,0,4,280,6,290,0,21,288,7,316,358,0,358,674
07/27/2010,PUB,CO,ANM,WE,Towers with Radar,0,13,14,3,30,0,0,258,7,265,0,13,272,10,295,158,6,164,459
07/28/2010,PUB,CO,ANM,WE,Towers with Radar,0,15,32,3,50,0,1,246,10,257,0,16,278,13,307,244,70,314,621
07/29/2010,PUB,CO,ANM,WE,Towers with Radar,0,5,12,6,23,0,4,296,4,304,0,9,308,10,327,356,4,360,687
07/30/2010,PUB,CO,ANM,WE,Towers with Radar,4,10,16,4,34,0,2,260,9,271,4,12,276,13,305,248,16,264,569
07/31/2010,PUB,CO,ANM,WE,Towers with Radar,0,12,11,2,25,0,4,52,0,56,0,16,63,2,81,36,0,36,117
08/01/2010,PUB,CO,ANM,WE,Towers with Radar,0,7,28,0,35,0,2,48,0,50,0,9,76,0,85,14,0,14,99
08/02/2010,PUB,CO,ANM,WE,Towers with Radar,0,14,14,1,29,0,2,277,1,280,0,16,291,2,309,328,0,328,637
08/03/2010,PUB,CO,ANM,WE,Towers with Radar,0,12,15,2,29,0,1,283,8,292,0,13,298,10,321,338,6,344,665
08/04/2010,PUB,CO,ANM,WE,Towers with Radar,10,17,13,1,41,0,4,274,5,283,10,21,287,6,324,352,0,352,676
08/05/2010,PUB,CO,ANM,WE,Towers with Radar,2,10,25,5,42,0,2,224,6,232,2,12,249,11,274,366,0,366,640
08/06/2010,PUB,CO,ANM,WE,Towers with Radar,0,8,23,15,46,0,3,216,2,221,0,11,239,17,267,562,0,562,829
08/07/2010,PUB,CO,ANM,WE,Towers with Radar,4,9,5,4,22,0,4,75,4,83,4,13,80,8,105,60,8,68,173
08/08/2010,PUB,CO,ANM,WE,Towers with Radar,0,5,10,5,20,0,9,49,3,61,0,14,59,8,81,58,10,68,149
08/09/2010,PUB,CO,ANM,WE,Towers with Radar,0,8,8,0,16,0,4,384,0,388,0,12,392,0,404,592,0,592,996
08/10/2010,PUB,CO,ANM,WE,Towers with Radar,0,13,26,2,41,0,0,315,0,315,0,13,341,2,356,376,2,378,734
08/11/2010,PUB,CO,ANM,WE,Towers with Radar,0,11,14,2,27,0,3,228,0,231,0,14,242,2,258,386,0,386,644
08/12/2010,PUB,CO,ANM,WE,Towers with Radar,0,9,17,3,29,0,3,215,3,221,0,12,232,6,250,260,0,260,510
08/13/2010,PUB,CO,ANM,WE,Towers with Radar,0,8,11,5,24,0,2,243,2,247,0,10,254,7,271,344,0,344,615
08/14/2010,PUB,CO,ANM,WE,Towers with Radar,0,12,13,0,25,0,0,51,3,54,0,12,64,3,79,38,6,44,123
08/15/2010,PUB,CO,ANM,WE,Towers with Radar,2,9,32,4,47,0,6,24,2,32,2,15,56,6,79,12,4,16,95
08/16/2010,PUB,CO,ANM,WE,Towers with Radar,0,14,14,8,36,0,4,103,7,114,0,18,117,15,150,458,3,461,611
08/17/2010,PUB,CO,ANM,WE,Towers with Radar,2,14,12,0,28,0,3,252,2,257,2,17,264,2,285,308,0,308,593
08/18/2010,PUB,CO,ANM,WE,Towers with Radar,2,13,22,5,42,0,1,261,10,272,2,14,283,15,314,348,26,374,688
08/19/2010,PUB,CO,ANM,WE,Towers with Radar,1,17,15,0,33,0,1,224,4,229,1,18,239,4,262,342,10,352,614
08/20/2010,PUB,CO,ANM,WE,Towers with Radar,0,14,10,3,27,0,110,158,2,270,0,124,168,5,297,394,6,400,697
08/21/2010,PUB,CO,ANM,WE,Towers with Radar,0,7,11,2,20,0,3,48,0,51,0,10,59,2,71,72,0,72,143
08/22/2010,PUB,CO,ANM,WE,Towers with Radar,0,7,29,17,53,0,6,88,0,94,0,13,117,17,147,30,4,34,181
08/23/2010,PUB,CO,ANM,WE,Towers with Radar,0,14,10,9,33,0,3,246,4,253,0,17,256,13,286,346,0,346,632
08/24/2010,PUB,CO,ANM,WE,Towers with Radar,0,13,6,7,26,0,0,220,0,220,0,13,226,7,246,454,26,480,726
08/25/2010,PUB,CO,ANM,WE,Towers with Radar,0,11,19,0,30,0,2,136,1,139,0,13,155,1,169,318,30,348,517
08/26/2010,PUB,CO,ANM,WE,Towers with Radar,0,15,9,2,26,0,0,139,1,140,0,15,148,3,166,216,6,222,388
08/27/2010,PUB,CO,ANM,WE,Towers with Radar,0,15,7,4,26,0,4,268,3,275,0,19,275,7,301,216,10,226,527
08/28/2010,PUB,CO,ANM,WE,Towers with Radar,0,5,12,0,17,0,0,40,12,52,0,5,52,12,69,16,0,16,85
08/29/2010,PUB,CO,ANM,WE,Towers with Radar,0,12,11,0,23,0,2,62,4,68,0,14,73,4,91,16,0,16,107
08/30/2010,PUB,CO,ANM,WE,Towers with Radar,2,11,9,0,22,0,1,213,2,216,2,12,222,2,238,144,2,146,384
08/31/2010,PUB,CO,ANM,WE,Towers with Radar,0,15,12,3,30,0,2,258,3,263,0,17,270,6,293,326,10,336,629
09/01/2010,PUB,CO,ANM,WE,Towers with Radar,0,10,23,5,38,0,2,219,0,221,0,12,242,5,259,350,18,368,627
09/02/2010,PUB,CO,ANM,WE,Towers with Radar,0,15,14,2,31,0,0,193,2,195,0,15,207,4,226,308,8,316,542
09/03/2010,PUB,CO,ANM,WE,Towers with Radar,0,10,13,2,25,0,1,196,0,197,0,11,209,2,222,252,0,252,474
09/04/2010,PUB,CO,ANM,WE,Towers with Radar,0,9,11,0,20,0,0,51,0,51,0,9,62,0,71,48,0,48,119
09/05/2010,PUB,CO,ANM,WE,Towers with Radar,0,8,6,0,14,0,5,30,0,35,0,13,36,0,49,14,0,14,63
09/06/2010,PUB,CO,ANM,WE,Towers with Radar,0,8,16,0,24,0,1,29,0,30,0,9,45,0,54,0,0,0,54
09/07/2010,PUB,CO,ANM,WE,Towers with Radar,4,8,16,4,32,0,2,247,12,261,4,10,263,16,293,430,0,430,723
09/08/2010,PUB,CO,ANM,WE,Towers with Radar,0,11,24,2,37,0,7,217,2,226,0,18,241,4,263,296,0,296,559
09/09/2010,PUB,CO,ANM,WE,Towers with Radar,0,8,15,1,24,0,5,250,0,255,0,13,265,1,279,488,0,488,767
09/10/2010,PUB,CO,ANM,WE,Towers with Radar,1,9,2,4,16,2,113,120,2,237,3,122,122,6,253,655,0,655,908
09/11/2010,PUB,CO,ANM,WE,Towers with Radar,0,6,15,1,22,0,15,63,4,82,0,21,78,5,104,16,20,36,140
09/12/2010,PUB,CO,ANM,WE,Towers with Radar,0,6,16,8,30,0,2,64,2,68,0,8,80,10,98,34,16,50,148
09/13/2010,PUB,CO,ANM,WE,Towers with Radar,0,9,11,1,21,0,1,264,7,272,0,10,275,8,293,530,12,542,835
09/14/2010,PUB,CO,ANM,WE,Towers with Radar,0,11,15,0,26,0,2,330,1,333,0,13,345,1,359,428,0,428,787
09/15/2010,PUB,CO,ANM,WE,Towers with Radar,0,7,19,18,44,0,9,252,10,271,0,16,271,28,315,202,42,244,559
09/16/2010,PUB,CO,ANM,WE,Towers with Radar,0,20,24,4,48,0,0,249,0,249,0,20,273,4,297,488,4,492,789
09/17/2010,PUB,CO,ANM,WE,Towers with Radar,2,11,11,4,28,0,4,262,5,271,2,15,273,9,299,551,0,551,850
09/18/2010,PUB,CO,ANM,WE,Towers with Radar,0,10,56,14,80,0,4,28,2,34,0,14,84,16,114,28,0,28,142
09/19/2010,PUB,CO,ANM,WE,Towers with Radar,0,9,36,5,50,0,5,40,3,48,0,14,76,8,98,4,4,8,106
09/20/2010,PUB,CO,ANM,WE,Towers with Radar,0,15,37,0,52,0,7,245,3,255,0,22,282,3,307,510,0,510,817
09/21/2010,PUB,CO,ANM,WE,Towers with Radar,0,10,21,2,33,0,4,251,0,255,0,14,272,2,288,314,0,314,602
09/22/2010,PUB,CO,ANM,WE,Towers with Radar,0,11,13,0,24,0,6,246,6,258,0,17,259,6,282,482,0,482,764
09/23/2010,PUB,CO,ANM,WE,Towers with Radar,2,12,22,2,38,0,0,241,0,241,2,12,263,2,279,338,8,346,625
09/24/2010,PUB,CO,ANM,WE,Towers with Radar,0,15,13,9,37,0,2,199,0,201,0,17,212,9,238,264,0,264,502
09/25/2010,PUB,CO,ANM,WE,Towers with Radar,0,8,24,0,32,0,0,89,4,93,0,8,113,4,125,38,0,38,163
09/26/2010,PUB,CO,ANM,WE,Towers with Radar,0,8,29,0,37,0,4,63,4,71,0,12,92,4,108,46,0,46,154
09/27/2010,PUB,CO,ANM,WE,Towers with Radar,0,12,7,3,22,0,4,250,2,256,0,16,257,5,278,399,6,405,683
09/28/2010,PUB,CO,ANM,WE,Towers with Radar,2,14,23,0,39,0,2,262,0,264,2,16,285,0,303,590,0,590,893
09/29/2010,PUB,CO,ANM,WE,Towers with Radar,0,13,22,20,55,0,2,172,0,174,0,15,194,20,229,268,16,284,513
09/30/2010,PUB,CO,ANM,WE,Towers with Radar,0,9,19,2,30,0,0,143,0,143,0,9,162,2,173,371,0,371,544
10/01/2010,PUB,CO,ANM,WE,Towers with Radar,0,11,12,10,33,0,0,321,1,322,0,11,333,11,355,459,0,459,814
10/02/2010,PUB,CO,ANM,WE,Towers with Radar,0,5,23,8,36,0,0,42,0,42,0,5,65,8,78,12,0,12,90
10/03/2010,PUB,CO,ANM,WE,Towers with Radar,0,7,29,0,36,0,2,40,17,59,0,9,69,17,95,52,4,56,151
10/04/2010,PUB,CO,ANM,WE,Towers with Radar,0,10,19,0,29,0,0,228,2,230,0,10,247,2,259,392,18,410,669
10/05/2010,PUB,CO,ANM,WE,Towers with Radar,0,13,17,22,52,0,0,245,11,256,0,13,262,33,308,358,58,416,724
10/06/2010,PUB,CO,ANM,WE,Towers with Radar,0,13,25,7,45,0,2,217,8,227,0,15,242,15,272,222,34,256,528
10/07/2010,PUB,CO,ANM,WE,Towers with Radar,0,12,10,5,27,0,2,287,10,299,0,14,297,15,326,428,26,454,780
10/08/2010,PUB,CO,ANM,WE,Towers with Radar,0,14,10,0,24,0,0,205,0,205,0,14,215,0,229,460,0,460,689
10/09/2010,PUB,CO,ANM,WE,Towers with Radar,0,8,6,8,22,0,5,52,0,57,0,13,58,8,79,12,3,15,94
10/10/2010,PUB,CO,ANM,WE,Towers with Radar,2,10,34,0,46,0,2,38,0,40,2,12,72,0,86,8,0,8,94
10/11/2010,PUB,CO,ANM,WE,Towers with Radar,0,12,24,0,36,0,1,27,0,28,0,13,51,0,64,4,0,4,68
10/12/2010,PUB,CO,ANM,WE,Towers with Radar,2,10,16,19,47,0,2,119,7,128,2,12,135,26,175,116,52,168,343
10/13/2010,PUB,CO,ANM,WE,Towers with Radar,0,15,15,0,30,2,9,230,0,241,2,24,245,0,271,469,0,469,740
10/14/2010,PUB,CO,ANM,WE,Towers with Radar,12,11,21,1,45,0,2,263,3,268,12,13,284,4,313,510,0,510,823
10/15/2010,PUB,CO,ANM,WE,Towers with Radar,0,15,10,4,29,0,3,277,3,283,0,18,287,7,312,684,2,686,998
10/16/2010,PUB,CO,ANM,WE,Towers with Radar,0,7,17,21,45,0,2,91,0,93,0,9,108,21,138,50,8,58,196
10/17/2010,PUB,CO,ANM,WE,Towers with Radar,2,7,22,1,32,0,6,50,0,56,2,13,72,1,88,46,0,46,134
10/18/2010,PUB,CO,ANM,WE,Towers with Radar,0,14,6,6,26,0,2,233,13,248,0,16,239,19,274,786,14,800,1074
10/19/2010,PUB,CO,ANM,WE,Towers with Radar,0,12,7,6,25,0,7,329,1,337,0,19,336,7,362,650,8,658,1020
10/20/2010,PUB,CO,ANM,WE,Towers with Radar,0,12,17,9,38,0,0,321,4,325,0,12,338,13,363,520,12,532,895
10/21/2010,PUB,CO,ANM,WE,Towers with Radar,2,10,15,1,28,0,4,266,3,273,2,14,281,4,301,426,0,426,727
10/22/2010,PUB,CO,ANM,WE,Towers with Radar,0,13,23,3,39,0,0,89,0,89,0,13,112,3,128,138,0,138,266
10/23/2010,PUB,CO,ANM,WE,Towers with Radar,0,6,17,0,23,0,0,22,0,22,0,6,39,0,45,0,0,0,45
10/24/2010,PUB,CO,ANM,WE,Towers with Radar,4,5,12,0,21,0,0,23,0,23,4,5,35,0,44,10,0,10,54
10/25/2010,PUB,CO,ANM,WE,Towers with Radar,4,24,4,0,32,0,1,111,0,112,4,25,115,0,144,209,0,209,353
10/26/2010,PUB,CO,ANM,WE,Towers with Radar,6,14,19,0,39,0,0,28,0,28,6,14,47,0,67,36,0,36,103
10/27/2010,PUB,CO,ANM,WE,Towers with Radar,0,18,17,11,46,0,0,252,6,258,0,18,269,17,304,197,4,201,505
10/28/2010,PUB,CO,ANM,WE,Towers with Radar,6,16,27,4,53,0,2,309,9,320,6,18,336,13,373,534,19,553,926
10/29/2010,PUB,CO,ANM,WE,Towers with Radar,0,10,14,0,24,0,2,303,0,305,0,12,317,0,329,480,0,480,809
10/30/2010,PUB,CO,ANM,WE,Towers with Radar,0,12,39,26,77,0,2,75,4,81,0,14,114,30,158,126,0,126,284
10/31/2010,PUB,CO,ANM,WE,Towers with Radar,4,11,33,2,50,0,13,28,2,43,4,24,61,4,93,60,8,68,161
11/01/2010,PUB,CO,ANM,WE,Towers with Radar,0,14,17,0,31,0,10,217,1,228,0,24,234,1,259,320,0,320,579
11/02/2010,PUB,CO,ANM,WE,Towers with Radar,0,12,20,10,42,0,2,324,13,339,0,14,344,23,381,460,6,466,847
11/03/2010,PUB,CO,ANM,WE,Towers with Radar,0,14,23,11,48,0,2,231,10,243,0,16,254,21,291,160,6,166,457
11/04/2010,PUB,CO,ANM,WE,Towers with Radar,2,9,25,14,50,0,2,240,4,246,2,11,265,18,296,527,0,527,823
11/05/2010,PUB,CO,ANM,WE,Towers with Radar,2,14,29,11,56,0,1,201,5,207,2,15,230,16,263,332,4,336,599
11/06/2010,PUB,CO,ANM,WE,Towers with Radar,0,10,47,26,83,0,9,80,10,99,0,19,127,36,182,40,34,74,256
11/07/2010,PUB,CO,ANM,WE,Towers with Radar,2,5,45,3,55,0,2,51,1,54,2,7,96,4,109,54,4,58,167
11/08/2010,PUB,CO,ANM,WE,Towers with Radar,0,12,14,12,38,0,2,300,0,302,0,14,314,12,340,510,2,512,852
11/09/2010,PUB,CO,ANM,WE,Towers with Radar,2,17,11,4,34,0,1,158,0,159,2,18,169,4,193,196,10,206,399
11/10/2010,PUB,CO,ANM,WE,Towers with Radar,0,13,18,9,40,0,7,246,22,275,0,20,264,31,315,556,0,556,871
11/11/2010,PUB,CO,ANM,WE,Towers with Radar,0,11,26,0,37,0,2,15,14,31,0,13,41,14,68,38,18,56,124
11/12/2010,PUB,CO,ANM,WE,Towers with Radar,0,14,23,2,39,0,8,242,4,254,0,22,265,6,293,404,0,404,697
11/13/2010,PUB,CO,ANM,WE,Towers with Radar,0,13,30,1,44,0,1,21,0,22,0,14,51,1,66,38,0,38,104
11/14/2010,PUB,CO,ANM,WE,Towers with Radar,2,4,23,2,31,0,2,35,0,37,2,6,58,2,68,26,0,26,94
11/15/2010,PUB,CO,ANM,WE,Towers with Radar,0,16,16,4,36,0,1,284,15,300,0,17,300,19,336,344,48,392,728
11/16/2010,PUB,CO,ANM,WE,Towers with Radar,0,13,39,0,52,0,0,204,0,204,0,13,243,0,256,358,0,358,614
11/17/2010,PUB,CO,ANM,WE,Towers with Radar,0,12,13,1,26,0,0,296,2,298,0,12,309,3,324,354,14,368,692
11/18/2010,PUB,CO,ANM,WE,Towers with Radar,2,8,21,1,32,0,2,292,2,296,2,10,313,3,328,532,4,536,864
11/19/2010,PUB,CO,ANM,WE,Towers with Radar,2,10,20,10,42,0,0,291,6,297,2,10,311,16,339,368,28,396,735
11/20/2010,PUB,CO,ANM,WE,Towers with Radar,0,7,33,0,40,0,0,152,6,158,0,7,185,6,198,178,16,194,392
11/21/2010,PUB,CO,ANM,WE,Towers with Radar,2,9,20,0,31,0,0,19,0,19,2,9,39,0,50,12,0,12,62
11/22/2010,PUB,CO,ANM,WE,Towers with Radar,0,8,1,2,11,0,0,183,11,194,0,8,184,13,205,344,24,368,573
11/23/2010,PUB,CO,ANM,WE,Towers with Radar,0,11,18,14,43,0,0,393,4,397,0,11,411,18,440,662,30,692,1132
11/24/2010,PUB,CO,ANM,WE,Towers with Radar,2,20,16,0,38,0,0,178,0,178,2,20,194,0,216,222,2,224,440
11/25/2010,PUB,CO,ANM,WE,Towers with Radar,0,8,3,0,11,0,2,11,0,13,0,10,14,0,24,0,0,0,24
11/26/2010,PUB,CO,ANM,WE,Towers with Radar,0,11,10,0,21,0,4,49,1,54,0,15,59,1,75,56,0,56,131
11/27/2010,PUB,CO,ANM,WE,Towers with Radar,0,6,25,0,31,0,0,81,0,81,0,6,106,0,112,58,0,58,170
11/28/2010,PUB,CO,ANM,WE,Towers with Radar,0,5,31,0,36,0,0,35,0,35,0,5,66,0,71,4,0,4,75
11/29/2010,PUB,CO,ANM,WE,Towers with Radar,3,13,9,0,25,0,0,180,0,180,3,13,189,0,205,68,0,68,273
11/30/2010,PUB,CO,ANM,WE,Towers with Radar,0,12,7,0,19,0,0,288,2,290,0,12,295,2,309,410,6,416,725
12/01/2010,PUB,CO,ANM,WE,Towers with Radar,0,11,22,1,34,0,0,258,8,266,0,11,280,9,300,428,22,450,750
12/02/2010,PUB,CO,ANM,WE,Towers with Radar,4,12,24,17,57,0,0,269,1,270,4,12,293,18,327,126,26,152,479
12/03/2010,PUB,CO,ANM,WE,Towers with Radar,2,12,4,3,21,0,0,118,0,118,2,12,122,3,139,47,6,53,192
12/04/2010,PUB,CO,ANM,WE,Towers with Radar,0,12,16,0,28,0,2,28,6,36,0,14,44,6,64,14,0,14,78
12/05/2010,PUB,CO,ANM,WE,Towers with Radar,2,9,22,8,41,0,4,55,2,61,2,13,77,10,102,68,2,70,172
12/06/2010,PUB,CO,ANM,WE,Towers with Radar,0,9,14,0,23,0,0,273,0,273,0,9,287,0,296,468,0,468,764
12/07/2010,PUB,CO,ANM,WE,Towers with Radar,0,15,15,3,33,0,0,219,10,229,0,15,234,13,262,382,18,400,662
12/08/2010,PUB,CO,ANM,WE,Towers with Radar,0,19,15,13,47,0,0,251,2,253,0,19,266,15,300,230,0,230,530
12/09/2010,PUB,CO,ANM,WE,Towers with Radar,2,12,25,0,39,0,0,300,1,301,2,12,325,1,340,401,1,402,742
12/10/2010,PUB,CO,ANM,WE,Towers with Radar,0,12,57,2,71,0,0,186,0,186,0,12,243,2,257,339,0,339,596
12/11/2010,PUB,CO,ANM,WE,Towers with Radar,0,7,16,4,27,0,0,25,1,26,0,7,41,5,53,26,2,28,81
12/12/2010,PUB,CO,ANM,WE,Towers with Radar,2,5,21,0,28,0,2,58,0,60,2,7,79,0,88,60,0,60,148
12/13/2010,PUB,CO,ANM,WE,Towers with Radar,2,13,16,5,36,0,0,218,1,219,2,13,234,6,255,202,12,214,469
12/14/2010,PUB,CO,ANM,WE,Towers with Radar,0,17,18,0,35,0,1,222,1,224,0,18,240,1,259,384,0,384,643
12/15/2010,PUB,CO,ANM,WE,Towers with Radar,0,10,30,2,42,0,1,130,2,133,0,11,160,4,175,138,8,146,321
12/16/2010,PUB,CO,ANM,WE,Towers with Radar,2,10,13,0,25,0,3,52,1,56,2,13,65,1,81,182,0,182,263
12/17/2010,PUB,CO,ANM,WE,Towers with Radar,0,15,6,0,21,0,0,0,0,0,0,15,6,0,21,86,6,92,113
12/18/2010,PUB,CO,ANM,WE,Towers with Radar,0,16,19,0,35,0,0,4,0,4,0,16,23,0,39,32,0,32,71
12/19/2010,PUB,CO,ANM,WE,Towers with Radar,2,12,29,0,43,0,0,39,0,39,2,12,68,0,82,73,0,73,155
12/20/2010,PUB,CO,ANM,WE,Towers with Radar,0,15,13,0,28,0,1,45,0,46,0,16,58,0,74,100,0,100,174
12/21/2010,PUB,CO,ANM,WE,Towers with Radar,0,10,12,20,42,0,1,63,0,64,0,11,75,20,106,156,0,156,262
12/22/2010,PUB,CO,ANM,WE,Towers with Radar,2,15,11,0,28,1,0,0,0,1,3,15,11,0,29,0,0,0,29
12/23/2010,PUB,CO,ANM,WE,Towers with Radar,2,14,15,0,31,0,2,3,0,5,2,16,18,0,36,0,0,0,36
12/24/2010,PUB,CO,ANM,WE,Towers with Radar,0,11,19,0,30,0,0,45,0,45,0,11,64,0,75,20,0,20,95
12/25/2010,PUB,CO,ANM,WE,Towers with Radar,0,8,8,0,16,0,6,17,0,23,0,14,25,0,39,0,0,0,39
12/26/2010,PUB,CO,ANM,WE,Towers with Radar,2,5,29,0,36,0,0,56,0,56,2,5,85,0,92,4,0,4,96
12/27/2010,PUB,CO,ANM,WE,Towers with Radar,16,20,10,0,46,0,4,72,2,78,16,24,82,2,124,72,32,104,228
12/28/2010,PUB,CO,ANM,WE,Towers with Radar,2,13,29,12,56,0,4,82,18,104,2,17,111,30,160,130,20,150,310
12/29/2010,PUB,CO,ANM,WE,Towers with Radar,0,16,29,0,45,0,0,98,0,98,0,16,127,0,143,132,0,132,275
12/30/2010,PUB,CO,ANM,WE,Towers with Radar,0,20,9,0,29,0,0,32,0,32,0,20,41,0,61,28,0,28,89
12/31/2010,PUB,CO,ANM,WE,Towers with Radar,0,6,9,0,15,0,1,4,0,5,0,7,13,0,20,2,0,2,22
01/01/2011,PUB,CO,ANM,WE,Towers with Radar,0,7,7,0,14,0,2,11,0,13,0,9,18,0,27,4,0,4,31
01/02/2011,PUB,CO,ANM,WE,Towers with Radar,0,8,18,0,26,0,0,28,2,30,0,8,46,2,56,18,0,18,74
01/03/2011,PUB,CO,ANM,WE,Towers with Radar,1,10,17,0,28,0,1,45,0,46,1,11,62,0,74,44,0,44,118
01/04/2011,PUB,CO,ANM,WE,Towers with Radar,0,17,34,8,59,0,1,83,1,85,0,18,117,9,144,116,4,120,264
01/05/2011,PUB,CO,ANM,WE,Towers with Radar,2,12,11,26,51,0,0,64,5,69,2,12,75,31,120,88,62,150,270
01/06/2011,PUB,CO,ANM,WE,Towers with Radar,2,7,21,0,30,0,0,76,40,116,2,7,97,40,146,80,20,100,246
01/07/2011,PUB,CO,ANM,WE,Towers with Radar,0,12,24,0,36,0,1,78,0,79,0,13,102,0,115,94,1,95,210
01/08/2011,PUB,CO,ANM,WE,Towers with Radar,1,12,22,6,41,0,0,0,0,0,1,12,22,6,41,58,0,58,99
01/09/2011,PUB,CO,ANM,WE,Towers with Radar,0,6,5,0,11,0,0,4,0,4,0,6,9,0,15,16,0,16,31
01/10/2011,PUB,CO,ANM,WE,Towers with Radar,0,11,19,0,30,0,0,23,0,23,0,11,42,0,53,74,0,74,127
01/11/2011,PUB,CO,ANM,WE,Towers with Radar,0,14,16,3,33,0,0,240,0,240,0,14,256,3,273,378,0,378,651
01/12/2011,PUB,CO,ANM,WE,Towers with Radar,0,14,16,7,37,0,0,228,2,230,0,14,244,9,267,494,0,494,761
01/13/2011,PUB,CO,ANM,WE,Towers with Radar,2,9,21,1,33,0,2,245,0,247,2,11,266,1,280,414,0,414,694
01/14/2011,PUB,CO,ANM,WE,Towers with Radar,0,21,20,19,60,0,0,291,0,291,0,21,311,19,351,356,0,356,707
01/15/2011,PUB,CO,ANM,WE,Towers with Radar,0,5,17,6,28,0,0,53,0,53,0,5,70,6,81,64,0,64,145
01/16/2011,PUB,CO,ANM,WE,Towers with Radar,2,3,20,6,31,0,2,36,0,38,2,5,56,6,69,58,2,60,129
01/17/2011,PUB,CO,ANM,WE,Towers with Radar,0,13,13,7,33,0,6,17,0,23,0,19,30,7,56,0,0,0,56
01/18/2011,PUB,CO,ANM,WE,Towers with Radar,0,12,19,0,31,0,4,301,2,307,0,16,320,2,338,316,12,328,666
01/19/2011,PUB,CO,ANM,WE,Towers with Radar,0,14,19,0,33,0,0,18,0,18,0,14,37,0,51,12,0,12,63
01/20/2011,PUB,CO,ANM,WE,Towers with Radar,2,11,21,0,34,0,0,143,0,143,2,11,164,0,177,74,0,74,251
01/21/2011,PUB,CO,ANM,WE,Towers with Radar,0,12,13,20,45,0,1,280,0,281,0,13,293,20,326,356,0,356,682
01/22/2011,PUB,CO,ANM,WE,Towers with Radar,0,10,16,2,28,0,0,10,0,10,0,10,26,2,38,0,0,0,38
01/23/2011,PUB,CO,ANM,WE,Towers with Radar,2,8,18,0,28,0,4,42,0,46,2,12,60,0,74,66,0,66,140
01/24/2011,PUB,CO,ANM,WE,Towers with Radar,0,14,16,0,30,0,0,218,0,218,0,14,234,0,248,179,0,179,427
01/25/2011,PUB,CO,ANM,WE,Towers with Radar,0,7,23,4,34,0,0,250,3,253,0,7,273,7,287,310,22,332,619
01/26/2011,PUB,CO,ANM,WE,Towers with Radar,0,18,17,3,38,0,0,310,4,314,0,18,327,7,352,416,16,432,784
01/27/2011,PUB,CO,ANM,WE,Towers with Radar,2,13,27,1,43,0,4,253,9,266,2,17,280,10,309,422,82,504,813
01/28/2011,PUB,CO,ANM,WE,Towers with Radar,0,14,21,0,35,0,0,295,0,295,0,14,316,0,330,514,0,514,844
01/29/2011,PUB,CO,ANM,WE,Towers with Radar,1,15,17,2,35,0,4,74,0,78,1,19,91,2,113,36,8,44,157
01/30/2011,PUB,CO,ANM,WE,Towers with Radar,2,6,21,2,31,0,0,0,0,0,2,6,21,2,31,0,0,0,31
01/31/2011,PUB,CO,ANM,WE,Towers with Radar,0,11,0,0,11,0,1,0,0,1,0,12,0,0,12,0,0,0,12
02/01/2011,PUB,CO,ANM,WE,Towers with Radar,0,12,8,0,20,0,0,3,0,3,0,12,11,0,23,10,0,10,33
02/02/2011,PUB,CO,ANM,WE,Towers with Radar,0,9,15,1,25,0,5,227,1,233,0,14,242,2,258,464,0,464,722
02/03/2011,PUB,CO,ANM,WE,Towers with Radar,2,13,16,9,40,0,2,249,2,253,2,15,265,11,293,318,8,326,619
02/04/2011,PUB,CO,ANM,WE,Towers with Radar,1,11,7,5,24,0,6,193,1,200,1,17,200,6,224,248,0,248,472
02/05/2011,PUB,CO,ANM,WE,Towers with Radar,0,7,15,0,22,0,0,214,1,215,0,7,229,1,237,298,0,298,535
02/06/2011,PUB,CO,ANM,WE,Towers with Radar,2,7,6,0,15,0,3,3,0,6,2,10,9,0,21,0,0,0,21
02/07/2011,PUB,CO,ANM,WE,Towers with Radar,4,13,15,9,41,0,2,271,5,278,4,15,286,14,319,414,0,414,733
02/08/2011,PUB,CO,ANM,WE,Towers with Radar,0,10,8,0,18,0,0,0,0,0,0,10,8,0,18,0,0,0,18
02/09/2011,PUB,CO,ANM,WE,Towers with Radar,0,10,23,0,33,0,0,145,2,147,0,10,168,2,180,214,0,214,394
02/10/2011,PUB,CO,ANM,WE,Towers with Radar,2,14,25,4,45,0,0,278,2,280,2,14,303,6,325,370,4,374,699
02/11/2011,PUB,CO,ANM,WE,Towers with Radar,0,11,19,2,32,0,2,316,0,318,0,13,335,2,350,486,0,486,836
02/12/2011,PUB,CO,ANM,WE,Towers with Radar,0,8,43,9,60,0,0,69,5,74,0,8,112,14,134,34,3,37,171
02/13/2011,PUB,CO,ANM,WE,Towers with Radar,2,5,26,5,38,0,4,47,6,57,2,9,73,11,95,48,0,48,143
02/14/2011,PUB,CO,ANM,WE,Towers with Radar,0,13,11,11,35,0,3,236,0,239,0,16,247,11,274,466,0,466,740
02/15/2011,PUB,CO,ANM,WE,Towers with Radar,0,9,17,4,30,0,0,311,2,313,0,9,328,6,343,444,10,454,797
02/16/2011,PUB,CO,ANM,WE,Towers with Radar,0,11,21,0,32,0,0,165,1,166,0,11,186,1,198,252,0,252,450
02/17/2011,PUB,CO,ANM,WE,Towers with Radar,2,24,15,2,43,0,2,36,4,42,2,26,51,6,85,64,0,64,149
02/18/2011,PUB,CO,ANM,WE,Towers with Radar,2,15,19,1,37,0,0,295,4,299,2,15,314,5,336,489,0,489,825
02/19/2011,PUB,CO,ANM,WE,Towers with Radar,0,14,42,5,61,0,5,88,2,95,0,19,130,7,156,90,0,90,246
02/20/2011,PUB,CO,ANM,WE,Towers with Radar,2,7,13,4,26,0,2,7,0,9,2,9,20,4,35,6,0,6,41
02/21/2011,PUB,CO,ANM,WE,Towers with Radar,0,13,23,8,44,0,1,30,4,35,0,14,53,12,79,34,0,34,113
02/22/2011,PUB,CO,ANM,WE,Towers with Radar,0,14,38,1,53,0,2,312,2,316,0,16,350,3,369,492,0,492,861
02/23/2011,PUB,CO,ANM,WE,Towers with Radar,0,15,34,11,60,0,3,321,0,324,0,18,355,11,384,454,0,454,838
02/24/2011,PUB,CO,ANM,WE,Towers with Radar,2,13,34,20,69,0,6,299,3,308,2,19,333,23,377,552,30,582,959
02/25/2011,PUB,CO,ANM,WE,Towers with Radar,4,17,16,0,37,0,0,0,0,0,4,17,16,0,37,0,0,0,37
02/26/2011,PUB,CO,ANM,WE,Towers with Radar,0,10,10,4,24,0,0,5,2,7,0,10,15,6,31,2,0,2,33
02/27/2011,PUB,CO,ANM,WE,Towers with Radar,2,15,30,22,69,0,4,36,3,43,2,19,66,25,112,10,18,28,140
02/28/2011,PUB,CO,ANM,WE,Towers with Radar,0,13,37,0,50,0,1,319,0,320,0,14,356,0,370,454,0,454,824
03/01/2011,PUB,CO,ANM,WE,Towers with Radar,0,12,28,0,40,0,2,306,0,308,0,14,334,0,348,378,0,378,726
03/02/2011,PUB,CO,ANM,WE,Towers with Radar,0,12,25,20,57,0,2,282,1,285,0,14,307,21,342,458,48,506,848
03/03/2011,PUB,CO,ANM,WE,Towers with Radar,2,11,30,2,45,0,2,230,3,235,2,13,260,5,280,282,8,290,570
03/04/2011,PUB,CO,ANM,WE,Towers with Radar,4,16,13,6,39,0,0,176,0,176,4,16,189,6,215,388,0,388,603
03/05/2011,PUB,CO,ANM,WE,Towers with Radar,0,5,25,16,46,0,0,55,0,55,0,5,80,16,101,116,0,116,217
03/06/2011,PUB,CO,ANM,WE,Towers with Radar,2,8,36,12,58,0,0,63,0,63,2,8,99,12,121,74,0,74,195
03/07/2011,PUB,CO,ANM,WE,Towers with Radar,4,12,12,0,28,0,0,110,0,110,4,12,122,0,138,396,0,396,534
03/08/2011,PUB,CO,ANM,WE,Towers with Radar,0,19,4,7,30,0,0,217,0,217,0,19,221,7,247,446,4,450,697
03/09/2011,PUB,CO,ANM,WE,Towers with Radar,0,14,22,3,39,0,2,361,2,365,0,16,383,5,404,566,0,566,970
03/10/2011,PUB,CO,ANM,WE,Towers with Radar,4,16,36,11,67,0,2,345,9,356,4,18,381,20,423,528,30,558,981
03/11/2011,PUB,CO,ANM,WE,Towers with Radar,1,13,12,5,31,0,2,184,5,191,1,15,196,10,222,64,0,64,286
03/12/2011,PUB,CO,ANM,WE,Towers with Radar,0,7,16,7,30,0,2,86,1,89,0,9,102,8,119,86,0,86,205
03/13/2011,PUB,CO,ANM,WE,Towers with Radar,2,7,49,2,60,0,2,63,2,67,2,9,112,4,127,32,2,34,161
03/14/2011,PUB,CO,ANM,WE,Towers with Radar,0,18,13,7,38,0,5,248,17,270,0,23,261,24,308,420,4,424,732
03/15/2011,PUB,CO,ANM,WE,Towers with Radar,0,14,2,2,18,0,0,303,8,311,0,14,305,10,329,398,36,434,763
03/16/2011,PUB,CO,ANM,WE,Towers with Radar,0,10,22,20,52,0,2,244,1,247,0,12,266,21,299,438,56,494,793
03/17/2011,PUB,CO,ANM,WE,Towers with Radar,2,15,20,0,37,0,4,156,12,172,2,19,176,12,209,270,2,272,481
03/18/2011,PUB,CO,ANM,WE,Towers with Radar,0,18,21,4,43,0,4,230,60,294,0,22,251,64,337,213,2,215,552
03/19/2011,PUB,CO,ANM,WE,Towers with Radar,0,6,34,0,40,0,0,39,0,39,0,6,73,0,79,68,0,68,147
03/20/2011,PUB,CO,ANM,WE,Towers with Radar,4,10,36,10,60,0,0,42,0,42,4,10,78,10,102,28,0,28,130
03/21/2011,PUB,CO,ANM,WE,Towers with Radar,0,11,30,0,41,0,1,152,1,154,0,12,182,1,195,52,0,52,247
03/22/2011,PUB,CO,ANM,WE,Towers with Radar,1,12,22,2,37,0,9,70,6,85,1,21,92,8,122,46,2,48,170
03/23/2011,PUB,CO,ANM,WE,Towers with Radar,0,15,29,2,46,0,6,302,3,311,0,21,331,5,357,360,0,360,717
03/24/2011,PUB,CO,ANM,WE,Towers with Radar,4,12,37,2,55,0,82,113,0,195,4,94,150,2,250,286,4,290,540
03/25/2011,PUB,CO,ANM,WE,Towers with Radar,0,13,21,0,34,0,0,313,0,313,0,13,334,0,347,219,4,223,570
03/26/2011,PUB,CO,ANM,WE,Towers with Radar,0,10,21,46,77,0,2,56,5,63,0,12,77,51,140,48,0,48,188
03/27/2011,PUB,CO,ANM,WE,Towers with Radar,4,10,16,0,30,0,0,25,0,25,4,10,41,0,55,82,0,82,137
03/28/2011,PUB,CO,ANM,WE,Towers with Radar,2,14,22,6,44,0,0,114,0,114,2,14,136,6,158,172,0,172,330
03/29/2011,PUB,CO,ANM,WE,Towers with Radar,0,10,19,25,54,0,0,221,0,221,0,10,240,25,275,28,28,56,331
03/30/2011,PUB,CO,ANM,WE,Towers with Radar,0,11,13,17,41,0,2,274,4,280,0,13,287,21,321,272,40,312,633
03/31/2011,PUB,CO,ANM,WE,Towers with Radar,2,9,10,2,23,0,2,212,2,216,2,11,222,4,239,332,0,332,571
04/01/2011,PUB,CO,ANM,WE,Towers with Radar,0,14,16,4,34,0,0,260,0,260,0,14,276,4,294,250,8,258,552
04/02/2011,PUB,CO,ANM,WE,Towers with Radar,0,6,22,2,30,0,3,46,0,49,0,9,68,2,79,100,0,100,179
04/03/2011,PUB,CO,ANM,WE,Towers with Radar,2,9,10,0,21,0,0,3,0,3,2,9,13,0,24,0,0,0,24
04/04/2011,PUB,CO,ANM,WE,Towers with Radar,0,9,16,0,25,0,4,241,2,247,0,13,257,2,272,214,0,214,486
04/05/2011,PUB,CO,ANM,WE,Towers with Radar,0,12,8,0,20,0,4,209,2,215,0,16,217,2,235,174,12,186,421
04/06/2011,PUB,CO,ANM,WE,Towers with Radar,0,14,31,6,51,0,0,270,7,277,0,14,301,13,328,371,10,381,709
04/07/2011,PUB,CO,ANM,WE,Towers with Radar,2,23,22,0,47,0,1,242,2,245,2,24,264,2,292,354,2,356,648
04/08/2011,PUB,CO,ANM,WE,Towers with Radar,2,14,15,3,34,0,0,143,0,143,2,14,158,3,177,178,0,178,355
04/09/2011,PUB,CO,ANM,WE,Towers with Radar,0,5,11,0,16,0,2,15,0,17,0,7,26,0,33,18,0,18,51
04/10/2011,PUB,CO,ANM,WE,Towers with Radar,2,7,12,0,21,0,4,12,0,16,2,11,24,0,37,0,0,0,37
04/11/2011,PUB,CO,ANM,WE,Towers with Radar,0,10,14,0,24,0,3,286,2,291,0,13,300,2,315,478,0,478,793
04/12/2011,PUB,CO,ANM,WE,Towers with Radar,0,10,23,0,33,0,2,198,0,200,0,12,221,0,233,270,0,270,503
04/13/2011,PUB,CO,ANM,WE,Towers with Radar,0,17,23,0,40,0,1,287,0,288,0,18,310,0,328,210,0,210,538
04/14/2011,PUB,CO,ANM,WE,Towers with Radar,6,17,10,0,33,0,4,25,0,29,6,21,35,0,62,122,6,128,190
04/15/2011,PUB,CO,ANM,WE,Towers with Radar,0,13,21,0,34,0,6,253,0,259,0,19,274,0,293,456,0,456,749
04/16/2011,PUB,CO,ANM,WE,Towers with Radar,0,9,31,15,55,0,3,116,2,121,0,12,147,17,176,74,0,74,250
04/17/2011,PUB,CO,ANM,WE,Towers with Radar,2,10,13,4,29,0,5,35,2,42,2,15,48,6,71,56,0,56,127
04/18/2011,PUB,CO,ANM,WE,Towers with Radar,0,14,16,2,32,0,0,270,1,271,0,14,286,3,303,328,0,328,631
04/19/2011,PUB,CO,ANM,WE,Towers with Radar,0,11,20,0,31,0,2,302,10,314,0,13,322,10,345,466,6,472,817
04/20/2011,PUB,CO,ANM,WE,Towers with Radar,0,11,22,15,48,0,2,202,0,204,0,13,224,15,252,724,0,724,976
04/21/2011,PUB,CO,ANM,WE,Towers with Radar,2,9,21,0,32,0,0,260,3,263,2,9,281,3,295,461,72,533,828
04/22/2011,PUB,CO,ANM,WE,Towers with Radar,2,6,7,1,16,0,1,248,3,252,2,7,255,4,268,394,0,394,662
04/23/2011,PUB,CO,ANM,WE,Towers with Radar,0,5,22,0,27,0,0,36,0,36,0,5,58,0,63,60,0,60,123
04/24/2011,PUB,CO,ANM,WE,Towers with Radar,2,4,3,0,9,0,0,13,1,14,2,4,16,1,23,26,0,26,49
04/25/2011,PUB,CO,ANM,WE,Towers with Radar,0,10,8,0,18,0,0,196,14,210,0,10,204,14,228,241,10,251,479
04/26/2011,PUB,CO,ANM,WE,Towers with Radar,0,14,18,0,32,0,0,130,0,130,0,14,148,0,162,114,0,114,276
04/27/2011,PUB,CO,ANM,WE,Towers with Radar,2,11,33,5,51,0,2,323,8,333,2,13,356,13,384,426,8,434,818
04/28/2011,PUB,CO,ANM,WE,Towers with Radar,4,12,29,0,45,0,5,387,1,393,4,17,416,1,438,450,0,450,888
04/29/2011,PUB,CO,ANM,WE,Towers with Radar,0,12,8,7,27,0,0,34,2,36,0,12,42,9,63,38,0,38,101
04/30/2011,PUB,CO,ANM,WE,Towers with Radar,0,9,16,0,25,0,2,53,2,57,0,11,69,2,82,104,0,104,186
05/01/2011,PUB,CO,ANM,WE,Towers with Radar,2,6,10,0,18,0,3,7,0,10,2,9,17,0,28,24,0,24,52
05/02/2011,PUB,CO,ANM,WE,Towers with Radar,0,15,14,2,31,0,3,329,1,333,0,18,343,3,364,476,0,476,840
05/03/2011,PUB,CO,ANM,WE,Towers with Radar,0,20,25,0,45,0,4,281,2,287,0,24,306,2,332,280,0,280,612
05/04/2011,PUB,CO,ANM,WE,Towers with Radar,0,12,20,0,32,0,1,272,6,279,0,13,292,6,311,342,0,342,653
05/05/2011,PUB,CO,ANM,WE,Towers with Radar,2,17,16,15,50,0,0,259,1,260,2,17,275,16,310,338,58,396,706
05/06/2011,PUB,CO,ANM,WE,Towers with Radar,2,12,7,1,22,0,4,227,3,234,2,16,234,4,256,172,4,176,432
05/07/2011,PUB,CO,ANM,WE,Towers with Radar,0,5,17,2,24,0,0,111,0,111,0,5,128,2,135,110,0,110,245
05/08/2011,PUB,CO,ANM,WE,Towers with Radar,2,5,7,0,14,0,3,47,0,50,2,8,54,0,64,26,0,26,90
05/09/2011,PUB,CO,ANM,WE,Towers with Radar,3,19,6,2,30,0,9,187,1,197,3,28,193,3,227,336,0,336,563
05/10/2011,PUB,CO,ANM,WE,Towers with Radar,7,10,13,4,34,0,2,189,0,191,7,12,202,4,225,112,0,112,337
05/11/2011,PUB,CO,ANM,WE,Towers with Radar,0,8,5,0,13,0,0,4,3,7,0,8,9,3,20,0,12,12,32
05/12/2011,PUB,CO,ANM,WE,Towers with Radar,2,8,15,4,29,0,4,206,9,219,2,12,221,13,248,226,4,230,478
05/13/2011,PUB,CO,ANM,WE,Towers with Radar,0,14,18,4,36,0,1,138,0,139,0,15,156,4,175,99,0,99,274
05/14/2011,PUB,CO,ANM,WE,Towers with Radar,0,7,18,8,33,0,5,35,2,42,0,12,53,10,75,30,2,32,107
05/15/2011,PUB,CO,ANM,WE,Towers with Radar,2,10,13,0,25,0,4,35,0,39,2,14,48,0,64,64,0,64,128
05/16/2011,PUB,CO,ANM,WE,Towers with Radar,2,10,10,7,29,0,5,257,12,274,2,15,267,19,303,482,55,537,840
05/17/2011,PUB,CO,ANM,WE,Towers with Radar,0,10,28,5,43,0,2,164,0,166,0,12,192,5,209,190,4,194,403
05/18/2011,PUB,CO,ANM,WE,Towers with Radar,5,6,15,6,32,0,2,147,4,153,5,8,162,10,185,398,0,398,583
05/19/2011,PUB,CO,ANM,WE,Towers with Radar,6,13,27,2,48,0,4,113,2,119,6,17,140,4,167,188,0,188,355
05/20/2011,PUB,CO,ANM,WE,Towers with Radar,0,10,11,5,26,0,2,233,2,237,0,12,244,7,263,174,0,174,437
05/21/2011,PUB,CO,ANM,WE,Towers with Radar,0,5,17,0,22,0,10,124,4,138,0,15,141,4,160,46,0,46,206
05/22/2011,PUB,CO,ANM,WE,Towers with Radar,4,9,29,22,64,0,0,27,1,28,4,9,56,23,92,2,10,12,104
05/23/2011,PUB,CO,ANM,WE,Towers with Radar,1,14,33,4,52,0,0,225,4,229,1,14,258,8,281,161,18,179,460
05/24/2011,PUB,CO,ANM,WE,Towers with Radar,0,9,4,4,17,0,0,139,5,144,0,9,143,9,161,138,14,152,313
05/25/2011,PUB,CO,ANM,WE,Towers with Radar,2,14,15,13,44,0,8,211,9,228,2,22,226,22,272,186,26,212,484
05/26/2011,PUB,CO,ANM,WE,Towers with Radar,3,14,24,0,41,0,1,272,0,273,3,15,296,0,314,475,0,475,789
05/27/2011,PUB,CO,ANM,WE,Towers with Radar,0,11,23,1,35,0,6,179,3,188,0,17,202,4,223,110,0,110,333
05/28/2011,PUB,CO,ANM,WE,Towers with Radar,0,6,15,3,24,0,2,32,1,35,0,8,47,4,59,30,0,30,89
05/29/2011,PUB,CO,ANM,WE,Towers with Radar,2,4,10,0,16,0,4,13,0,17,2,8,23,0,33,22,0,22,55
05/30/2011,PUB,CO,ANM,WE,Towers with Radar,0,14,8,0,22,0,5,20,0,25,0,19,28,0,47,22,0,22,69
05/31/2011,PUB,CO,ANM,WE,Towers with Radar,0,8,15,4,27,0,4,203,4,211,0,12,218,8,238,190,0,190,428
06/01/2011,PUB,CO,ANM,WE,Towers with Radar,2,14,21,1,38,0,3,216,9,228,2,17,237,10,266,258,0,258,524
06/02/2011,PUB,CO,ANM,WE,Towers with Radar,2,9,16,2,29,0,1,167,11,179,2,10,183,13,208,122,0,122,330
06/03/2011,PUB,CO,ANM,WE,Towers with Radar,0,15,8,0,23,0,0,161,0,161,0,15,169,0,184,354,0,354,538
06/04/2011,PUB,CO,ANM,WE,Towers with Radar,0,14,8,18,40,0,7,92,13,112,0,21,100,31,152,98,6,104,256
06/05/2011,PUB,CO,ANM,WE,Towers with Radar,2,9,34,0,45,0,1,56,0,57,2,10,90,0,102,26,0,26,128
06/06/2011,PUB,CO,ANM,WE,Towers with Radar,0,11,11,0,22,0,1,126,0,127,0,12,137,0,149,120,2,122,271
06/07/2011,PUB,CO,ANM,WE,Towers with Radar,0,11,21,0,32,0,15,103,2,120,0,26,124,2,152,78,0,78,230
06/08/2011,PUB,CO,ANM,WE,Towers with Radar,0,19,14,20,53,0,6,337,3,346,0,25,351,23,399,280,14,294,693
06/09/2011,PUB,CO,ANM,WE,Towers with Radar,2,20,14,0,36,0,4,330,10,344,2,24,344,10,380,350,0,350,730
06/10/2011,PUB,CO,ANM,WE,Towers with Radar,0,11,19,15,45,0,9,245,1,255,0,20,264,16,300,232,4,236,536
06/11/2011,PUB,CO,ANM,WE,Towers with Radar,2,8,11,0,21,0,9,64,5,78,2,17,75,5,99,90,8,98,197
06/12/2011,PUB,CO,ANM,WE,Towers with Radar,2,7,45,0,54,0,9,83,10,102,2,16,128,10,156,70,0,70,226
06/13/2011,PUB,CO,ANM,WE,Towers with Radar,0,14,11,13,38,0,10,308,8,326,0,24,319,21,364,384,30,414,778
06/14/2011,PUB,CO,ANM,WE,Towers with Radar,0,11,23,2,36,0,3,276,3,282,0,14,299,5,318,262,0,262,580
06/15/2011,PUB,CO,ANM,WE,Towers with Radar,0,15,9,13,37,0,24,275,7,306,0,39,284,20,343,340,22,362,705
06/16/2011,PUB,CO,ANM,WE,Towers with Radar,2,13,22,4,41,0,4,329,4,337,2,17,351,8,378,228,24,252,630
06/17/2011,PUB,CO,ANM,WE,Towers with Radar,2,14,14,2,32,0,4,269,2,275,2,18,283,4,307,242,2,244,551
06/18/2011,PUB,CO,ANM,WE,Towers with Radar,0,8,8,5,21,0,7,69,8,84,0,15,77,13,105,24,0,24,129
06/19/2011,PUB,CO,ANM,WE,Towers with Radar,2,6,26,0,34,0,0,33,1,34,2,6,59,1,68,10,0,10,78
06/20/2011,PUB,CO,ANM,WE,Towers with Radar,0,18,9,0,27,1,6,38,4,49,1,24,47,4,76,0,16,16,92
06/21/2011,PUB,CO,ANM,WE,Towers with Radar,0,12,19,0,31,0,6,375,0,381,0,18,394,0,412,362,0,362,774
06/22/2011,PUB,CO,ANM,WE,Towers with Radar,0,18,29,5,52,0,2,330,4,336,0,20,359,9,388,378,4,382,770
06/23/2011,PUB,CO,ANM,WE,Towers with Radar,4,13,31,0,48,0,2,297,2,301,4,15,328,2,349,454,4,458,807
06/24/2011,PUB,CO,ANM,WE,Towers with Radar,0,15,25,3,43,0,0,223,3,226,0,15,248,6,269,292,0,292,561
06/25/2011,PUB,CO,ANM,WE,Towers with Radar,0,6,14,0,20,0,4,46,2,52,0,10,60,2,72,52,0,52,124
06/26/2011,PUB,CO,ANM,WE,Towers with Radar,2,7,34,0,43,0,4,68,3,75,2,11,102,3,118,100,0,100,218
06/27/2011,PUB,CO,ANM,WE,Towers with Radar,0,18,21,0,39,0,6,325,2,333,0,24,346,2,372,482,0,482,854
06/28/2011,PUB,CO,ANM,WE,Towers with Radar,2,17,21,2,42,0,4,400,0,404,2,21,421,2,446,400,0,400,846
06/29/2011,PUB,CO,ANM,WE,Towers with Radar,3,15,12,3,33,0,0,317,4,321,3,15,329,7,354,311,0,311,665
06/30/2011,PUB,CO,ANM,WE,Towers with Radar,2,16,6,4,28,0,3,269,4,276,2,19,275,8,304,134,24,158,462
07/01/2011,PUB,CO,ANM,WE,Towers with Radar,2,12,16,0,30,0,0,267,0,267,2,12,283,0,297,296,0,296,593
07/02/2011,PUB,CO,ANM,WE,Towers with Radar,0,8,27,0,35,0,3,37,0,40,0,11,64,0,75,28,0,28,103
07/03/2011,PUB,CO,ANM,WE,Towers with Radar,2,7,30,0,39,0,6,87,4,97,2,13,117,4,136,20,0,20,156
07/04/2011,PUB,CO,ANM,WE,Towers with Radar,0,11,16,0,27,0,4,58,7,69,0,15,74,7,96,12,0,12,108
07/05/2011,PUB,CO,ANM,WE,Towers with Radar,0,21,20,0,41,0,3,380,8,391,0,24,400,8,432,214,4,218,650
07/06/2011,PUB,CO,ANM,WE,Towers with Radar,10,14,19,2,45,0,2,316,6,324,10,16,335,8,369,312,24,336,705
07/07/2011,PUB,CO,ANM,WE,Towers with Radar,2,10,24,0,36,0,6,290,3,299,2,16,314,3,335,340,14,354,689
07/08/2011,PUB,CO,ANM,WE,Towers with Radar,4,11,18,8,41,0,4,298,0,302,4,15,316,8,343,141,48,189,532
07/09/2011,PUB,CO,ANM,WE,Towers with Radar,0,9,9,11,29,0,1,37,5,43,0,10,46,16,72,90,0,90,162
07/10/2011,PUB,CO,ANM,WE,Towers with Radar,2,11,37,2,52,0,3,55,13,71,2,14,92,15,123,12,0,12,135
07/11/2011,PUB,CO,ANM,WE,Towers with Radar,5,15,10,1,31,0,2,328,0,330,5,17,338,1,361,206,0,206,567
07/12/2011,PUB,CO,ANM,WE,Towers with Radar,0,16,10,4,30,0,0,289,2,291,0,16,299,6,321,310,4,314,635
07/13/2011,PUB,CO,ANM,WE,Towers with Radar,0,12,20,0,32,0,7,234,0,241,0,19,254,0,273,322,0,322,595
07/14/2011,PUB,CO,ANM,WE,Towers with Radar,4,19,16,2,41,0,0,176,1,177,4,19,192,3,218,220,2,222,440
07/15/2011,PUB,CO,ANM,WE,Towers with Radar,0,18,8,6,32,0,2,315,0,317,0,20,323,6,349,248,0,248,597
07/16/2011,PUB,CO,ANM,WE,Towers with Radar,0,7,52,0,59,0,2,37,0,39,0,9,89,0,98,38,0,38,136
07/17/2011,PUB,CO,ANM,WE,Towers with Radar,2,8,22,2,34,0,4,58,2,64,2,12,80,4,98,46,0,46,144
07/18/2011,PUB,CO,ANM,WE,Towers with Radar,0,14,21,1,36,0,2,294,6,302,0,16,315,7,338,390,10,400,738
07/19/2011,PUB,CO,ANM,WE,Towers with Radar,0,15,23,7,45,0,6,270,9,285,0,21,293,16,330,278,34,312,642
07/20/2011,PUB,CO,ANM,WE,Towers with Radar,0,16,34,1,51,0,6,318,7,331,0,22,352,8,382,334,8,342,724
07/21/2011,PUB,CO,ANM,WE,Towers with Radar,2,19,19,0,40,0,4,284,1,289,2,23,303,1,329,222,0,222,551
07/22/2011,PUB,CO,ANM,WE,Towers with Radar,2,12,11,3,28,0,1,325,4,330,2,13,336,7,358,228,12,240,598
07/23/2011,PUB,CO,ANM,WE,Towers with Radar,0,8,14,4,26,0,2,48,4,54,0,10,62,8,80,48,0,48,128
07/24/2011,PUB,CO,ANM,WE,Towers with Radar,4,10,23,5,42,0,7,79,3,89,4,17,102,8,131,42,0,42,173
07/25/2011,PUB,CO,ANM,WE,Towers with Radar,0,16,9,4,29,0,2,298,2,302,0,18,307,6,331,234,0,234,565
07/26/2011,PUB,CO,ANM,WE,Towers with Radar,0,15,18,0,33,0,1,306,8,315,0,16,324,8,348,320,12,332,680
07/27/2011,PUB,CO,ANM,WE,Towers with Radar,0,18,26,3,47,0,3,289,5,297,0,21,315,8,344,310,0,310,654
07/28/2011,PUB,CO,ANM,WE,Towers with Radar,2,15,9,0,26,0,2,240,3,245,2,17,249,3,271,238,0,238,509
07/29/2011,PUB,CO,ANM,WE,Towers with Radar,0,12,23,3,38,0,2,250,1,253,0,14,273,4,291,304,0,304,595
07/30/2011,PUB,CO,ANM,WE,Towers with Radar,0,5,13,0,18,0,3,46,2,51,0,8,59,2,69,28,0,28,97
07/31/2011,PUB,CO,ANM,WE,Towers with Radar,4,11,23,5,43,0,0,51,5,56,4,11,74,10,99,56,0,56,155
08/01/2011,PUB,CO,ANM,WE,Towers with Radar,2,15,13,0,30,0,5,211,0,216,2,20,224,0,246,208,0,208,454
08/02/2011,PUB,CO,ANM,WE,Towers with Radar,0,15,6,1,22,0,9,358,3,370,0,24,364,4,392,448,0,448,840
08/03/2011,PUB,CO,ANM,WE,Towers with Radar,6,27,38,3,74,0,0,231,1,232,6,27,269,4,306,274,0,274,580
08/04/2011,PUB,CO,ANM,WE,Towers with Radar,4,19,29,1,53,0,0,371,13,384,4,19,400,14,437,344,6,350,787
08/05/2011,PUB,CO,ANM,WE,Towers with Radar,2,27,14,25,68,0,6,268,5,279,2,33,282,30,347,344,2,346,693
08/06/2011,PUB,CO,ANM,WE,Towers with Radar,0,8,32,13,53,0,1,51,9,61,0,9,83,22,114,10,0,10,124
08/07/2011,PUB,CO,ANM,WE,Towers with Radar,0,16,21,2,39,0,0,55,2,57,0,16,76,4,96,16,0,16,112
08/08/2011,PUB,CO,ANM,WE,Towers with Radar,0,16,19,0,35,0,0,305,0,305,0,16,324,0,340,290,0,290,630
08/09/2011,PUB,CO,ANM,WE,Towers with Radar,0,12,28,0,40,0,3,353,1,357,0,15,381,1,397,144,0,144,541
08/10/2011,PUB,CO,ANM,WE,Towers with Radar,0,11,37,0,48,0,0,188,1,189,0,11,225,1,237,514,0,514,751
08/11/2011,PUB,CO,ANM,WE,Towers with Radar,2,14,13,6,35,0,2,302,5,309,2,16,315,11,344,272,4,276,620
08/12/2011,PUB,CO,ANM,WE,Towers with Radar,2,15,41,23,81,0,1,298,10,309,2,16,339,33,390,356,40,396,786
08/13/2011,PUB,CO,ANM,WE,Towers with Radar,0,9,9,5,23,0,1,23,4,28,0,10,32,9,51,34,0,34,85
08/14/2011,PUB,CO,ANM,WE,Towers with Radar,2,19,48,0,69,0,2,41,0,43,2,21,89,0,112,54,0,54,166
08/15/2011,PUB,CO,ANM,WE,Towers with Radar,0,18,12,0,30,0,1,280,2,283,0,19,292,2,313,246,0,246,559
08/16/2011,PUB,CO,ANM,WE,Towers with Radar,0,18,12,0,30,0,2,358,3,363,0,20,370,3,393,176,0,176,569
08/17/2011,PUB,CO,ANM,WE,Towers with Radar,0,14,17,5,36,0,0,272,2,274,0,14,289,7,310,370,8,378,688
08/18/2011,PUB,CO,ANM,WE,Towers with Radar,2,14,22,0,38,0,0,204,3,207,2,14,226,3,245,265,0,265,510
08/19/2011,PUB,CO,ANM,WE,Towers with Radar,0,13,27,2,42,0,4,172,1,177,0,17,199,3,219,190,0,190,409
08/20/2011,PUB,CO,ANM,WE,Towers with Radar,0,19,26,5,50,0,21,46,6,73,0,40,72,11,123,44,0,44,167
08/21/2011,PUB,CO,ANM,WE,Towers with Radar,3,17,28,7,55,0,8,60,1,69,3,25,88,8,124,28,8,36,160
08/22/2011,PUB,CO,ANM,WE,Towers with Radar,0,22,23,0,45,0,2,305,1,308,0,24,328,1,353,306,8,314,667
08/23/2011,PUB,CO,ANM,WE,Towers with Radar,0,16,15,0,31,0,4,360,0,364,0,20,375,0,395,158,0,158,553
08/24/2011,PUB,CO,ANM,WE,Towers with Radar,0,13,11,4,28,0,5,311,3,319,0,18,322,7,347,290,2,292,639
08/25/2011,PUB,CO,ANM,WE,Towers with Radar,2,19,20,11,52,0,4,345,0,349,2,23,365,11,401,494,8,502,903
08/26/2011,PUB,CO,ANM,WE,Towers with Radar,2,19,24,7,52,0,5,280,1,286,2,24,304,8,338,280,20,300,638
08/27/2011,PUB,CO,ANM,WE,Towers with Radar,0,13,18,0,31,0,0,38,4,42,0,13,56,4,73,78,44,122,195
08/28/2011,PUB,CO,ANM,WE,Towers with Radar,2,6,32,11,51,0,7,37,9,53,2,13,69,20,104,22,80,102,206
08/29/2011,PUB,CO,ANM,WE,Towers with Radar,2,20,14,1,37,0,1,275,5,281,2,21,289,6,318,344,0,344,662
08/30/2011,PUB,CO,ANM,WE,Towers with Radar,0,24,10,5,39,0,0,352,13,365,0,24,362,18,404,114,8,122,526
08/31/2011,PUB,CO,ANM,WE,Towers with Radar,16,16,36,1,69,0,0,269,1,270,16,16,305,2,339,344,0,344,683
09/01/2011,PUB,CO,ANM,WE,Towers with Radar,4,15,13,1,33,0,0,334,2,336,4,15,347,3,369,378,0,378,747
09/02/2011,PUB,CO,ANM,WE,Towers with Radar,5,15,19,0,39,0,0,209,0,209,5,15,228,0,248,194,0,194,442
09/03/2011,PUB,CO,ANM,WE,Towers with Radar,0,5,5,0,10,0,2,14,0,16,0,7,19,0,26,5,0,5,31
09/04/2011,PUB,CO,ANM,WE,Towers with Radar,4,10,17,0,31,0,4,60,0,64,4,14,77,0,95,44,0,44,139
09/05/2011,PUB,CO,ANM,WE,Towers with Radar,0,25,16,3,44,0,0,55,3,58,0,25,71,6,102,68,0,68,170
09/06/2011,PUB,CO,ANM,WE,Towers with Radar,0,12,10,10,32,0,0,287,2,289,0,12,297,12,321,428,8,436,757
09/07/2011,PUB,CO,ANM,WE,Towers with Radar,0,16,27,14,57,0,1,285,7,293,0,17,312,21,350,490,14,504,854
09/08/2011,PUB,CO,ANM,WE,Towers with Radar,2,15,12,7,36,0,1,359,5,365,2,16,371,12,401,506,8,514,915
09/09/2011,PUB,CO,ANM,WE,Towers with Radar,0,21,26,38,85,0,4,385,6,395,0,25,411,44,480,454,12,466,946
09/10/2011,PUB,CO,ANM,WE,Towers with Radar,0,8,34,0,42,0,2,40,3,45,0,10,74,3,87,16,0,16,103
09/11/2011,PUB,CO,ANM,WE,Towers with Radar,2,10,24,0,36,0,6,57,0,63,2,16,81,0,99,40,0,40,139
09/12/2011,PUB,CO,ANM,WE,Towers with Radar,2,14,19,0,35,0,0,314,1,315,2,14,333,1,350,498,0,498,848
09/13/2011,PUB,CO,ANM,WE,Towers with Radar,0,16,17,13,46,0,2,312,13,327,0,18,329,26,373,414,26,440,813
09/14/2011,PUB,CO,ANM,WE,Towers with Radar,0,14,17,2,33,0,1,239,1,241,0,15,256,3,274,436,0,436,710
09/15/2011,PUB,CO,ANM,WE,Towers with Radar,2,12,36,15,65,0,1,68,0,69,2,13,104,15,134,192,14,206,340
09/16/2011,PUB,CO,ANM,WE,Towers with Radar,0,14,15,12,41,0,29,253,2,284,0,43,268,14,325,628,8,636,961
09/17/2011,PUB,CO,ANM,WE,Towers with Radar,4,8,25,0,37,0,6,23,1,30,4,14,48,1,67,26,0,26,93
09/18/2011,PUB,CO,ANM,WE,Towers with Radar,2,8,12,0,22,0,2,75,4,81,2,10,87,4,103,90,0,90,193
09/19/2011,PUB,CO,ANM,WE,Towers with Radar,0,15,23,2,40,0,2,353,1,356,0,17,376,3,396,250,14,264,660
09/20/2011,PUB,CO,ANM,WE,Towers with Radar,0,25,30,9,64,0,1,364,5,370,0,26,394,14,434,444,24,468,902
09/21/2011,PUB,CO,ANM,WE,Towers with Radar,2,11,11,0,24,0,1,322,0,323,2,12,333,0,347,216,0,216,563
09/22/2011,PUB,CO,ANM,WE,Towers with Radar,2,17,32,0,51,0,0,326,3,329,2,17,358,3,380,315,0,315,695
09/23/2011,PUB,CO,ANM,WE,Towers with Radar,0,16,12,0,28,0,1,196,1,198,0,17,208,1,226,252,0,252,478
09/24/2011,PUB,CO,ANM,WE,Towers with Radar,0,5,32,4,41,0,2,54,0,56,0,7,86,4,97,32,0,32,129
09/25/2011,PUB,CO,ANM,WE,Towers with Radar,2,9,34,0,45,0,6,46,0,52,2,15,80,0,97,10,0,10,107
09/26/2011,PUB,CO,ANM,WE,Towers with Radar,0,19,31,4,54,0,0,213,6,219,0,19,244,10,273,160,30,190,463
09/27/2011,PUB,CO,ANM,WE,Towers with Radar,0,15,16,5,36,0,19,444,2,465,0,34,460,7,501,490,56,546,1047
09/28/2011,PUB,CO,ANM,WE,Towers with Radar,2,12,18,0,32,0,1,404,3,408,2,13,422,3,440,505,0,505,945
09/29/2011,PUB,CO,ANM,WE,Towers with Radar,2,15,8,6,31,0,0,215,4,219,2,15,223,10,250,326,2,328,578
09/30/2011,PUB,CO,ANM,WE,Towers with Radar,0,15,4,0,19,0,2,324,0,326,0,17,328,0,345,292,0,292,637
10/01/2011,PUB,CO,ANM,WE,Towers with Radar,0,8,15,0,23,0,3,142,1,146,0,11,157,1,169,30,0,30,199
10/02/2011,PUB,CO,ANM,WE,Towers with Radar,2,8,10,0,20,0,2,59,0,61,2,10,69,0,81,64,0,64,145
10/03/2011,PUB,CO,ANM,WE,Towers with Radar,0,19,21,3,43,0,2,318,8,328,0,21,339,11,371,366,26,392,763
10/04/2011,PUB,CO,ANM,WE,Towers with Radar,0,14,13,8,35,0,2,367,4,373,0,16,380,12,408,402,0,402,810
10/05/2011,PUB,CO,ANM,WE,Towers with Radar,0,13,13,11,37,0,5,305,6,316,0,18,318,17,353,718,8,726,1079
10/06/2011,PUB,CO,ANM,WE,Towers with Radar,11,17,14,0,42,0,0,17,1,18,11,17,31,1,60,44,0,44,104
10/07/2011,PUB,CO,ANM,WE,Towers with Radar,2,14,12,0,28,0,2,300,0,302,2,16,312,0,330,344,0,344,674
10/08/2011,PUB,CO,ANM,WE,Towers with Radar,0,7,9,0,16,0,4,4,0,8,0,11,13,0,24,4,0,4,28
10/09/2011,PUB,CO,ANM,WE,Towers with Radar,2,13,32,0,47,0,1,58,0,59,2,14,90,0,106,32,0,32,138
10/10/2011,PUB,CO,ANM,WE,Towers with Radar,2,20,42,11,75,0,5,50,0,55,2,25,92,11,130,26,6,32,162
10/11/2011,PUB,CO,ANM,WE,Towers with Radar,0,17,15,0,32,0,5,348,0,353,0,22,363,0,385,250,0,250,635
10/12/2011,PUB,CO,ANM,WE,Towers with Radar,0,18,22,4,44,0,3,306,7,316,0,21,328,11,360,390,18,408,768
10/13/2011,PUB,CO,ANM,WE,Towers with Radar,4,16,25,0,45,0,0,274,1,275,4,16,299,1,320,304,0,304,624
10/14/2011,PUB,CO,ANM,WE,Towers with Radar,0,14,11,0,25,0,3,238,2,243,0,17,249,2,268,382,0,382,650
10/15/2011,PUB,CO,ANM,WE,Towers with Radar,0,8,21,21,50,0,4,61,9,74,0,12,82,30,124,14,46,60,184
10/16/2011,PUB,CO,ANM,WE,Towers with Radar,4,6,24,6,40,0,0,54,7,61,4,6,78,13,101,52,10,62,163
10/17/2011,PUB,CO,ANM,WE,Towers with Radar,0,13,8,0,21,0,0,86,4,90,0,13,94,4,111,112,4,116,227
10/18/2011,PUB,CO,ANM,WE,Towers with Radar,0,16,10,12,38,0,2,306,16,324,0,18,316,28,362,494,24,518,880
10/19/2011,PUB,CO,ANM,WE,Towers with Radar,2,14,31,5,52,0,0,292,12,304,2,14,323,17,356,386,0,386,742
10/20/2011,PUB,CO,ANM,WE,Towers with Radar,2,15,19,2,38,0,2,248,8,258,2,17,267,10,296,246,0,246,542
10/21/2011,PUB,CO,ANM,WE,Towers with Radar,0,14,19,10,43,0,2,235,1,238,0,16,254,11,281,154,2,156,437
10/22/2011,PUB,CO,ANM,WE,Towers with Radar,0,7,12,0,19,0,4,48,0,52,0,11,60,0,71,34,0,34,105
10/23/2011,PUB,CO,ANM,WE,Towers with Radar,1,7,32,14,54,0,1,56,3,60,1,8,88,17,114,34,2,36,150
10/24/2011,PUB,CO,ANM,WE,Towers with Radar,0,13,32,0,45,0,2,260,8,270,0,15,292,8,315,346,0,346,661
10/25/2011,PUB,CO,ANM,WE,Towers with Radar,0,16,39,2,57,0,1,94,7,102,0,17,133,9,159,176,6,182,341
10/26/2011,PUB,CO,ANM,WE,Towers with Radar,0,17,6,0,23,0,0,0,0,0,0,17,6,0,23,0,0,0,23
10/27/2011,PUB,CO,ANM,WE,Towers with Radar,3,16,23,2,44,0,3,203,0,206,3,19,226,2,250,306,2,308,558
10/28/2011,PUB,CO,ANM,WE,Towers with Radar,0,17,14,0,31,0,0,291,0,291,0,17,305,0,322,360,0,360,682
10/29/2011,PUB,CO,ANM,WE,Towers with Radar,0,10,28,0,38,0,0,37,1,38,0,10,65,1,76,14,0,14,90
10/30/2011,PUB,CO,ANM,WE,Towers with Radar,2,6,11,0,19,0,3,44,1,48,2,9,55,1,67,2,0,2,69
10/31/2011,PUB,CO,ANM,WE,Towers with Radar,0,14,16,0,30,0,0,297,0,297,0,14,313,0,327,270,0,270,597
11/01/2011,PUB,CO,ANM,WE,Towers with Radar,0,13,15,0,28,0,0,232,4,236,0,13,247,4,264,248,6,254,518
11/02/2011,PUB,CO,ANM,WE,Towers with Radar,0,14,9,4,27,0,0,115,0,115,0,14,124,4,142,240,0,240,382
11/03/2011,PUB,CO,ANM,WE,Towers with Radar,4,17,15,0,36,0,5,331,6,342,4,22,346,6,378,536,0,536,914
11/04/2011,PUB,CO,ANM,WE,Towers with Radar,0,15,30,2,47,0,2,324,6,332,0,17,354,8,379,364,2,366,745
11/05/2011,PUB,CO,ANM,WE,Towers with Radar,0,9,5,2,16,0,0,21,3,24,0,9,26,5,40,10,6,16,56
11/06/2011,PUB,CO,ANM,WE,Towers with Radar,2,19,24,12,57,0,1,77,3,81,2,20,101,15,138,24,2,26,164
11/07/2011,PUB,CO,ANM,WE,Towers with Radar,0,17,16,0,33,0,0,306,3,309,0,17,322,3,342,358,0,358,700
11/08/2011,PUB,CO,ANM,WE,Towers with Radar,0,16,12,5,33,0,0,181,9,190,0,16,193,14,223,244,26,270,493
11/09/2011,PUB,CO,ANM,WE,Towers with Radar,0,16,24,1,41,0,4,289,0,293,0,20,313,1,334,292,0,292,626
11/10/2011,PUB,CO,ANM,WE,Towers with Radar,2,20,25,2,49,0,0,321,1,322,2,20,346,3,371,202,4,206,577
11/11/2011,PUB,CO,ANM,WE,Towers with Radar,0,18,10,2,30,0,0,45,0,45,0,18,55,2,75,58,0,58,133
11/12/2011,PUB,CO,ANM,WE,Towers with Radar,0,9,10,0,19,0,2,5,0,7,0,11,15,0,26,0,0,0,26
11/13/2011,PUB,CO,ANM,WE,Towers with Radar,3,13,8,0,24,0,0,14,0,14,3,13,22,0,38,12,0,12,50
11/14/2011,PUB,CO,ANM,WE,Towers with Radar,0,14,17,0,31,0,0,276,1,277,0,14,293,1,308,350,0,350,658
11/15/2011,PUB,CO,ANM,WE,Towers with Radar,0,18,4,7,29,0,0,235,0,235,0,18,239,7,264,274,22,296,560
11/16/2011,PUB,CO,ANM,WE,Towers with Radar,2,21,39,0,62,0,10,318,1,329,2,31,357,1,391,346,0,346,737
11/17/2011,PUB,CO,ANM,WE,Towers with Radar,2,23,24,0,49,0,2,246,0,248,2,25,270,0,297,380,0,380,677
11/18/2011,PUB,CO,ANM,WE,Towers with Radar,2,16,21,2,41,0,2,252,3,257,2,18,273,5,298,404,20,424,722
11/19/2011,PUB,CO,ANM,WE,Towers with Radar,0,9,10,0,19,0,2,116,2,120,0,11,126,2,139,100,0,100,239
11/20/2011,PUB,CO,ANM,WE,Towers with Radar,2,13,29,0,44,0,3,58,0,61,2,16,87,0,105,92,0,92,197
11/21/2011,PUB,CO,ANM,WE,Towers with Radar,2,12,12,11,37,0,2,159,5,166,2,14,171,16,203,228,8,236,439
11/22/2011,PUB,CO,ANM,WE,Towers with Radar,0,13,23,12,48,0,4,275,3,282,0,17,298,15,330,271,18,289,619
11/23/2011,PUB,CO,ANM,WE,Towers with Radar,3,20,16,0,39,0,3,264,2,269,3,23,280,2,308,221,0,221,529
11/24/2011,PUB,CO,ANM,WE,Towers with Radar,0,7,1,0,8,0,0,19,0,19,0,7,20,0,27,4,0,4,31
11/25/2011,PUB,CO,ANM,WE,Towers with Radar,3,10,14,0,27,0,1,19,0,20,3,11,33,0,47,30,0,30,77
11/26/2011,PUB,CO,ANM,WE,Towers with Radar,1,8,10,0,19,0,4,12,0,16,1,12,22,0,35,28,0,28,63
11/27/2011,PUB,CO,ANM,WE,Towers with Radar,0,11,44,0,55,0,4,88,3,95,0,15,132,3,150,42,0,42,192
11/28/2011,PUB,CO,ANM,WE,Towers with Radar,2,13,14,0,29,0,0,222,0,222,2,13,236,0,251,242,0,242,493
11/29/2011,PUB,CO,ANM,WE,Towers with Radar,0,17,16,2,35,0,0,292,20,312,0,17,308,22,347,212,26,238,585
11/30/2011,PUB,CO,ANM,WE,Towers with Radar,2,10,32,4,48,0,4,294,5,303,2,14,326,9,351,351,22,373,724
12/01/2011,PUB,CO,ANM,WE,Towers with Radar,0,12,7,0,19,0,0,0,0,0,0,12,7,0,19,0,0,0,19
12/02/2011,PUB,CO,ANM,WE,Towers with Radar,2,11,9,1,23,0,0,229,10,239,2,11,238,11,262,168,0,168,430
12/03/2011,PUB,CO,ANM,WE,Towers with Radar,0,10,12,0,22,0,0,3,0,3,0,10,15,0,25,38,0,38,63
12/04/2011,PUB,CO,ANM,WE,Towers with Radar,0,9,15,5,29,0,0,18,1,19,0,9,33,6,48,24,14,38,86
12/05/2011,PUB,CO,ANM,WE,Towers with Radar,2,9,5,0,16,0,0,185,0,185,2,9,190,0,201,462,0,462,663
12/06/2011,PUB,CO,ANM,WE,Towers with Radar,0,15,5,0,20,0,7,254,0,261,0,22,259,0,281,138,0,138,419
12/07/2011,PUB,CO,ANM,WE,Towers with Radar,0,22,10,3,35,0,9,257,0,266,0,31,267,3,301,168,0,168,469
12/08/2011,PUB,CO,ANM,WE,Towers with Radar,2,14,24,10,50,0,1,323,41,365,2,15,347,51,415,240,2,242,657
12/09/2011,PUB,CO,ANM,WE,Towers with Radar,2,15,6,1,24,0,0,53,4,57,2,15,59,5,81,80,0,80,161
12/10/2011,PUB,CO,ANM,WE,Towers with Radar,0,11,15,39,65,0,0,36,8,44,0,11,51,47,109,44,18,62,171
12/11/2011,PUB,CO,ANM,WE,Towers with Radar,0,10,18,4,32,0,2,38,5,45,0,12,56,9,77,52,12,64,141
12/12/2011,PUB,CO,ANM,WE,Towers with Radar,2,14,10,7,33,0,2,223,13,238,2,16,233,20,271,216,36,252,523
12/13/2011,PUB,CO,ANM,WE,Towers with Radar,0,21,22,20,63,0,8,165,15,188,0,29,187,35,251,276,10,286,537
12/14/2011,PUB,CO,ANM,WE,Towers with Radar,0,15,25,3,43,0,2,130,4,136,0,17,155,7,179,152,0,152,331
12/15/2011,PUB,CO,ANM,WE,Towers with Radar,0,13,22,1,36,0,3,82,9,94,0,16,104,10,130,158,22,180,310
12/16/2011,PUB,CO,ANM,WE,Towers with Radar,2,12,12,11,37,0,2,64,2,68,2,14,76,13,105,150,16,166,271
12/17/2011,PUB,CO,ANM,WE,Towers with Radar,0,11,22,27,60,0,4,54,6,64,0,15,76,33,124,48,10,58,182
12/18/2011,PUB,CO,ANM,WE,Towers with Radar,0,7,29,2,38,0,2,54,0,56,0,9,83,2,94,62,0,62,156
12/19/2011,PUB,CO,ANM,WE,Towers with Radar,2,3,4,0,9,0,0,0,0,0,2,3,4,0,9,0,0,0,9
12/20/2011,PUB,CO,ANM,WE,Towers with Radar,0,12,10,13,35,0,2,6,3,11,0,14,16,16,46,2,8,10,56
12/21/2011,PUB,CO,ANM,WE,Towers with Radar,2,16,18,10,46,0,0,32,0,32,2,16,50,10,78,79,8,87,165
12/22/2011,PUB,CO,ANM,WE,Towers with Radar,0,10,2,0,12,0,0,0,0,0,0,10,2,0,12,0,0,0,12
12/23/2011,PUB,CO,ANM,WE,Towers with Radar,2,19,19,0,40,0,5,28,0,33,2,24,47,0,73,34,0,34,107
12/24/2011,PUB,CO,ANM,WE,Towers with Radar,0,11,5,0,16,0,4,11,0,15,0,15,16,0,31,0,0,0,31
12/25/2011,PUB,CO,ANM,WE,Towers with Radar,0,10,2,0,12,0,0,4,0,4,0,10,6,0,16,2,0,2,18
12/26/2011,PUB,CO,ANM,WE,Towers with Radar,2,16,15,0,33,0,1,31,0,32,2,17,46,0,65,12,0,12,77
12/27/2011,PUB,CO,ANM,WE,Towers with Radar,0,11,12,1,24,0,0,41,0,41,0,11,53,1,65,24,0,24,89
12/28/2011,PUB,CO,ANM,WE,Towers with Radar,0,17,20,16,53,0,3,117,8,128,0,20,137,24,181,126,74,200,381
12/29/2011,PUB,CO,ANM,WE,Towers with Radar,0,13,31,1,45,0,4,33,0,37,0,17,64,1,82,58,0,58,140
12/30/2011,PUB,CO,ANM,WE,Towers with Radar,2,13,25,0,40,0,6,35,0,41,2,19,60,0,81,45,0,45,126
12/31/2011,PUB,CO,ANM,WE,Towers with Radar,0,7,3,0,10,0,2,5,0,7,0,9,8,0,17,4,0,4,21
01/01/2012,PUB,CO,ANM,WE,Towers with Radar,0,16,18,0,34,0,2,34,0,36,0,18,52,0,70,34,0,34,104
01/02/2012,PUB,CO,ANM,WE,Towers with Radar,2,11,45,0,58,0,4,68,0,72,2,15,113,0,130,60,0,60,190
01/03/2012,PUB,CO,ANM,WE,Towers with Radar,0,8,8,0,16,0,0,43,0,43,0,8,51,0,59,32,0,32,91
01/04/2012,PUB,CO,ANM,WE,Towers with Radar,0,11,43,0,54,0,0,114,4,118,0,11,157,4,172,68,0,68,240
01/05/2012,PUB,CO,ANM,WE,Towers with Radar,2,10,32,17,61,0,1,128,8,137,2,11,160,25,198,54,34,88,286
01/06/2012,PUB,CO,ANM,WE,Towers with Radar,2,16,16,6,40,0,5,110,10,125,2,21,126,16,165,134,4,138,303
01/07/2012,PUB,CO,ANM,WE,Towers with Radar,0,9,8,2,19,0,4,33,11,48,0,13,41,13,67,14,0,14,81
01/08/2012,PUB,CO,ANM,WE,Towers with Radar,0,19,12,0,31,0,1,17,2,20,0,20,29,2,51,32,0,32,83
01/09/2012,PUB,CO,ANM,WE,Towers with Radar,2,13,19,4,38,0,7,99,2,108,2,20,118,6,146,146,8,154,300
01/10/2012,PUB,CO,ANM,WE,Towers with Radar,0,11,21,0,32,0,0,302,1,303,0,11,323,1,335,222,2,224,559
01/11/2012,PUB,CO,ANM,WE,Towers with Radar,0,13,2,8,23,0,1,28,7,36,0,14,30,15,59,0,14,14,73
01/12/2012,PUB,CO,ANM,WE,Towers with Radar,0,15,14,7,36,0,1,301,6,308,0,16,315,13,344,248,8,256,600
01/13/2012,PUB,CO,ANM,WE,Towers with Radar,2,11,37,1,51,0,1,237,2,240,2,12,274,3,291,194,0,194,485
01/14/2012,PUB,CO,ANM,WE,Towers with Radar,0,14,27,0,41,0,0,37,0,37,0,14,64,0,78,32,0,32,110
01/15/2012,PUB,CO,ANM,WE,Towers with Radar,0,12,16,0,28,0,2,30,0,32,0,14,46,0,60,46,0,46,106
01/16/2012,PUB,CO,ANM,WE,Towers with Radar,2,13,12,0,27,0,0,11,0,11,2,13,23,0,38,8,0,8,46
01/17/2012,PUB,CO,ANM,WE,Towers with Radar,0,19,11,0,30,0,0,257,0,257,0,19,268,0,287,437,0,437,724
01/18/2012,PUB,CO,ANM,WE,Towers with Radar,0,8,28,0,36,0,0,246,2,248,0,8,274,2,284,408,0,408,692
01/19/2012,PUB,CO,ANM,WE,Towers with Radar,0,24,13,0,37,0,1,362,0,363,0,25,375,0,400,418,0,418,818
01/20/2012,PUB,CO,ANM,WE,Towers with Radar,2,16,6,2,26,0,0,257,0,257,2,16,263,2,283,160,0,160,443
01/21/2012,PUB,CO,ANM,WE,Towers with Radar,0,13,8,0,21,0,2,24,6,32,0,15,32,6,53,78,0,78,131
01/22/2012,PUB,CO,ANM,WE,Towers with Radar,0,8,13,0,21,0,2,2,2,6,0,10,15,2,27,0,0,0,27
01/23/2012,PUB,CO,ANM,WE,Towers with Radar,4,12,34,5,55,0,0,267,3,270,4,12,301,8,325,214,54,268,593
01/24/2012,PUB,CO,ANM,WE,Towers with Radar,0,17,17,6,40,0,0,128,11,139,0,17,145,17,179,72,16,88,267
01/25/2012,PUB,CO,ANM,WE,Towers with Radar,2,14,7,6,29,0,8,310,0,318,2,22,317,6,347,410,16,426,773
01/26/2012,PUB,CO,ANM,WE,Towers with Radar,0,15,18,0,33,0,3,393,2,398,0,18,411,2,431,418,0,418,849
01/27/2012,PUB,CO,ANM,WE,Towers with Radar,4,9,7,0,20,0,0,253,2,255,4,9,260,2,275,128,0,128,403
01/28/2012,PUB,CO,ANM,WE,Towers with Radar,2,9,25,6,42,0,0,40,5,45,2,9,65,11,87,76,0,76,163
01/29/2012,PUB,CO,ANM,WE,Towers with Radar,0,9,19,0,28,0,0,43,2,45,0,9,62,2,73,32,30,62,135
01/30/2012,PUB,CO,ANM,WE,Towers with Radar,2,16,19,0,37,0,0,293,9,302,2,16,312,9,339,298,24,322,661
01/31/2012,PUB,CO,ANM,WE,Towers with Radar,0,9,14,9,32,0,2,350,10,362,0,11,364,19,394,398,58,456,850
02/01/2012,PUB,CO,ANM,WE,Towers with Radar,0,13,21,10,44,0,4,318,9,331,0,17,339,19,375,312,46,358,733
02/02/2012,PUB,CO,ANM,WE,Towers with Radar,0,8,9,2,19,0,1,146,0,147,0,9,155,2,166,286,0,286,452
02/03/2012,PUB,CO,ANM,WE,Towers with Radar,2,13,9,0,24,0,0,41,0,41,2,13,50,0,65,94,0,94,159
02/04/2012,PUB,CO,ANM,WE,Towers with Radar,0,9,8,0,17,0,0,12,0,12,0,9,20,0,29,24,0,24,53
02/05/2012,PUB,CO,ANM,WE,Towers with Radar,0,10,11,0,21,0,2,47,0,49,0,12,58,0,70,16,0,16,86
02/06/2012,PUB,CO,ANM,WE,Towers with Radar,2,21,27,3,53,0,1,307,0,308,2,22,334,3,361,592,0,592,953
02/07/2012,PUB,CO,ANM,WE,Towers with Radar,0,11,16,0,27,0,0,151,0,151,0,11,167,0,178,818,0,818,996
02/08/2012,PUB,CO,ANM,WE,Towers with Radar,0,12,12,3,27,0,0,305,12,317,0,12,317,15,344,560,22,582,926
02/09/2012,PUB,CO,ANM,WE,Towers with Radar,0,15,17,11,43,0,1,321,3,325,0,16,338,14,368,308,0,308,676
02/10/2012,PUB,CO,ANM,WE,Towers with Radar,2,13,17,1,33,0,1,318,4,323,2,14,335,5,356,192,0,192,548
02/11/2012,PUB,CO,ANM,WE,Towers with Radar,0,5,3,0,8,0,0,2,0,2,0,5,5,0,10,0,0,0,10
02/12/2012,PUB,CO,ANM,WE,Towers with Radar,0,11,9,0,20,0,0,1,0,1,0,11,10,0,21,0,0,0,21
02/13/2012,PUB,CO,ANM,WE,Towers with Radar,2,10,16,2,30,0,0,224,3,227,2,10,240,5,257,246,2,248,505
02/14/2012,PUB,CO,ANM,WE,Towers with Radar,0,18,10,4,32,0,4,383,2,389,0,22,393,6,421,274,0,274,695
02/15/2012,PUB,CO,ANM,WE,Towers with Radar,3,16,30,6,55,0,2,364,4,370,3,18,394,10,425,438,2,440,865
02/16/2012,PUB,CO,ANM,WE,Towers with Radar,1,19,20,10,50,0,0,296,0,296,1,19,316,10,346,266,2,268,614
02/17/2012,PUB,CO,ANM,WE,Towers with Radar,0,14,20,9,43,0,2,307,3,312,0,16,327,12,355,186,46,232,587
02/18/2012,PUB,CO,ANM,WE,Towers with Radar,0,16,9,0,25,0,0,66,0,66,0,16,75,0,91,81,0,81,172
02/19/2012,PUB,CO,ANM,WE,Towers with Radar,1,13,30,1,45,0,0,23,2,25,1,13,53,3,70,40,2,42,112
02/20/2012,PUB,CO,ANM,WE,Towers with Radar,1,11,18,0,30,0,2,11,0,13,1,13,29,0,43,38,0,38,81
02/21/2012,PUB,CO,ANM,WE,Towers with Radar,0,15,28,6,49,0,8,291,0,299,0,23,319,6,348,150,6,156,504
02/22/2012,PUB,CO,ANM,WE,Towers with Radar,0,13,18,2,33,0,2,134,3,139,0,15,152,5,172,52,0,52,224
02/23/2012,PUB,CO,ANM,WE,Towers with Radar,2,12,4,0,18,0,2,13,1,16,2,14,17,1,34,38,0,38,72
02/24/2012,PUB,CO,ANM,WE,Towers with Radar,0,11,48,1,60,0,4,353,1,358,0,15,401,2,418,346,0,346,764
02/25/2012,PUB,CO,ANM,WE,Towers with Radar,0,12,13,2,27,0,6,57,4,67,0,18,70,6,94,92,12,104,198
02/26/2012,PUB,CO,ANM,WE,Towers with Radar,2,13,23,0,38,0,2,62,2,66,2,15,85,2,104,14,0,14,118
02/27/2012,PUB,CO,ANM,WE,Towers with Radar,0,10,16,13,39,0,1,387,5,393,0,11,403,18,432,586,16,602,1034
02/28/2012,PUB,CO,ANM,WE,Towers with Radar,0,16,10,4,30,0,0,102,0,102,0,16,112,4,132,80,0,80,212
02/29/2012,PUB,CO,ANM,WE,Towers with Radar,2,18,20,14,54,0,1,286,0,287,2,19,306,14,341,502,0,502,843
03/01/2012,PUB,CO,ANM,WE,Towers with Radar,2,15,25,4,46,0,0,186,0,186,2,15,211,4,232,404,0,404,636
03/02/2012,PUB,CO,ANM,WE,Towers with Radar,0,10,10,18,38,0,0,274,3,277,0,10,284,21,315,452,12,464,779
03/03/2012,PUB,CO,ANM,WE,Towers with Radar,2,11,21,10,44,0,0,38,6,44,2,11,59,16,88,26,0,26,114
03/04/2012,PUB,CO,ANM,WE,Towers with Radar,2,16,28,5,51,0,2,80,19,101,2,18,108,24,152,108,2,110,262
03/05/2012,PUB,CO,ANM,WE,Towers with Radar,0,12,13,28,53,0,1,340,15,356,0,13,353,43,409,510,22,532,941
03/06/2012,PUB,CO,ANM,WE,Towers with Radar,0,12,38,3,53,0,0,299,1,300,0,12,337,4,353,314,0,314,667
03/07/2012,PUB,CO,ANM,WE,Towers with Radar,2,14,20,8,44,0,1,299,2,302,2,15,319,10,346,546,30,576,922
03/08/2012,PUB,CO,ANM,WE,Towers with Radar,2,14,20,0,36,0,3,275,0,278,2,17,295,0,314,496,0,496,810
03/09/2012,PUB,CO,ANM,WE,Towers with Radar,0,16,18,8,42,0,4,304,4,312,0,20,322,12,354,332,2,334,688
03/10/2012,PUB,CO,ANM,WE,Towers with Radar,0,11,56,15,82,0,0,56,7,63,0,11,112,22,145,64,20,84,229
03/11/2012,PUB,CO,ANM,WE,Towers with Radar,3,14,21,2,40,0,2,44,1,47,3,16,65,3,87,106,2,108,195
03/12/2012,PUB,CO,ANM,WE,Towers with Radar,2,16,17,10,45,0,2,287,7,296,2,18,304,17,341,240,24,264,605
03/13/2012,PUB,CO,ANM,WE,Towers with Radar,0,12,13,1,26,0,6,313,19,338,0,18,326,20,364,992,22,1014,1378
03/14/2012,PUB,CO,ANM,WE,Towers with Radar,2,10,34,19,65,0,8,387,12,407,2,18,421,31,472,420,12,432,904
03/15/2012,PUB,CO,ANM,WE,Towers with Radar,2,12,46,13,73,0,10,340,5,355,2,22,386,18,428,408,2,410,838
03/16/2012,PUB,CO,ANM,WE,Towers with Radar,0,15,13,0,28,0,0,296,3,299,0,15,309,3,327,240,0,240,567
03/17/2012,PUB,CO,ANM,WE,Towers with Radar,2,11,23,5,41,0,0,67,2,69,2,11,90,7,110,80,0,80,190
03/18/2012,PUB,CO,ANM,WE,Towers with Radar,2,11,17,3,33,0,0,5,4,9,2,11,22,7,42,2,8,10,52
03/19/2012,PUB,CO,ANM,WE,Towers with Radar,0,10,13,8,31,0,2,278,2,282,0,12,291,10,313,508,34,542,855
03/20/2012,PUB,CO,ANM,WE,Towers with Radar,0,17,7,0,24,0,2,13,0,15,0,19,20,0,39,12,0,12,51
03/21/2012,PUB,CO,ANM,WE,Towers with Radar,2,13,20,6,41,0,0,216,6,222,2,13,236,12,263,318,30,348,611
03/22/2012,PUB,CO,ANM,WE,Towers with Radar,2,13,15,5,35,0,6,86,0,92,2,19,101,5,127,112,12,124,251
03/23/2012,PUB,CO,ANM,WE,Towers with Radar,0,12,21,3,36,0,2,350,2,354,0,14,371,5,390,664,0,664,1054
03/24/2012,PUB,CO,ANM,WE,Towers with Radar,0,14,31,0,45,0,2,63,0,65,0,16,94,0,110,46,0,46,156
03/25/2012,PUB,CO,ANM,WE,Towers with Radar,2,8,28,0,38,0,2,37,0,39,2,10,65,0,77,16,0,16,93
03/26/2012,PUB,CO,ANM,WE,Towers with Radar,0,13,10,4,27,0,2,164,4,170,0,15,174,8,197,160,0,160,357
03/27/2012,PUB,CO,ANM,WE,Towers with Radar,0,15,15,0,30,0,1,270,21,292,0,16,285,21,322,336,4,340,662
03/28/2012,PUB,CO,ANM,WE,Towers with Radar,2,21,10,4,37,0,4,279,1,284,2,25,289,5,321,270,14,284,605
03/29/2012,PUB,CO,ANM,WE,Towers with Radar,2,10,21,3,36,0,0,223,0,223,2,10,244,3,259,220,0,220,479
03/30/2012,PUB,CO,ANM,WE,Towers with Radar,0,12,10,3,25,0,2,247,4,253,0,14,257,7,278,280,0,280,558
03/31/2012,PUB,CO,ANM,WE,Towers with Radar,0,8,24,27,59,0,5,77,5,87,0,13,101,32,146,80,2,82,228
04/01/2012,PUB,CO,ANM,WE,Towers with Radar,2,12,20,0,34,0,0,21,0,21,2,12,41,0,55,34,0,34,89
04/02/2012,PUB,CO,ANM,WE,Towers with Radar,0,10,4,2,16,0,0,2,0,2,0,10,6,2,18,0,0,0,18
04/03/2012,PUB,CO,ANM,WE,Towers with Radar,0,18,2,0,20,0,0,0,0,0,0,18,2,0,20,0,0,0,20
04/04/2012,PUB,CO,ANM,WE,Towers with Radar,0,16,26,5,47,0,5,235,1,241,0,21,261,6,288,351,0,351,639
04/05/2012,PUB,CO,ANM,WE,Towers with Radar,2,11,26,16,55,0,0,277,0,277,2,11,303,16,332,216,14,230,562
04/06/2012,PUB,CO,ANM,WE,Towers with Radar,0,11,3,0,14,0,4,123,5,132,0,15,126,5,146,158,18,176,322
04/07/2012,PUB,CO,ANM,WE,Towers with Radar,0,8,35,9,52,0,1,37,8,46,0,9,72,17,98,88,10,98,196
04/08/2012,PUB,CO,ANM,WE,Towers with Radar,2,11,7,3,23,0,0,23,3,26,2,11,30,6,49,50,3,53,102
04/09/2012,PUB,CO,ANM,WE,Towers with Radar,0,9,10,0,19,0,2,276,1,279,0,11,286,1,298,292,0,292,590
04/10/2012,PUB,CO,ANM,WE,Towers with Radar,0,10,28,10,48,0,2,170,1,173,0,12,198,11,221,260,0,260,481
04/11/2012,PUB,CO,ANM,WE,Towers with Radar,0,10,22,14,46,0,0,151,0,151,0,10,173,14,197,495,0,495,692
04/12/2012,PUB,CO,ANM,WE,Towers with Radar,0,9,20,11,40,0,2,187,0,189,0,11,207,11,229,359,10,369,598
04/13/2012,PUB,CO,ANM,WE,Towers with Radar,0,15,12,0,27,0,0,249,2,251,0,15,261,2,278,272,0,272,550
04/14/2012,PUB,CO,ANM,WE,Towers with Radar,0,15,12,4,31,0,5,26,6,37,0,20,38,10,68,42,4,46,114
04/15/2012,PUB,CO,ANM,WE,Towers with Radar,0,8,6,5,19,0,2,5,2,9,0,10,11,7,28,0,3,3,31
04/16/2012,PUB,CO,ANM,WE,Towers with Radar,0,15,18,9,42,0,1,186,11,198,0,16,204,20,240,290,40,330,570
04/17/2012,PUB,CO,ANM,WE,Towers with Radar,0,10,9,9,28,0,0,218,0,218,0,10,227,9,246,406,0,406,652
04/18/2012,PUB,CO,ANM,WE,Towers with Radar,0,15,14,10,39,0,3,203,3,209,0,18,217,13,248,394,0,394,642
04/19/2012,PUB,CO,ANM,WE,Towers with Radar,0,11,9,1,21,0,6,166,1,173,0,17,175,2,194,210,0,210,404
04/20/2012,PUB,CO,ANM,WE,Towers with Radar,2,16,19,1,38,0,9,230,0,239,2,25,249,1,277,210,0,210,487
04/21/2012,PUB,CO,ANM,WE,Towers with Radar,2,7,15,0,24,0,0,58,7,65,2,7,73,7,89,52,0,52,141
04/22/2012,PUB,CO,ANM,WE,Towers with Radar,0,6,26,8,40,0,0,63,8,71,0,6,89,16,111,22,10,32,143
04/23/2012,PUB,CO,ANM,WE,Towers with Radar,2,10,21,4,37,0,1,205,8,214,2,11,226,12,251,242,10,252,503
04/24/2012,PUB,CO,ANM,WE,Towers with Radar,0,10,14,7,31,0,2,160,2,164,0,12,174,9,195,144,0,144,339
04/25/2012,PUB,CO,ANM,WE,Towers with Radar,2,15,17,0,34,0,0,137,6,143,2,15,154,6,177,116,0,116,293
04/26/2012,PUB,CO,ANM,WE,Towers with Radar,0,12,12,5,29,0,2,113,2,117,0,14,125,7,146,230,12,242,388
04/27/2012,PUB,CO,ANM,WE,Towers with Radar,0,15,12,10,37,0,5,80,0,85,0,20,92,10,122,64,2,66,188
04/28/2012,PUB,CO,ANM,WE,Towers with Radar,0,7,17,2,26,0,2,39,2,43,0,9,56,4,69,26,0,26,95
04/29/2012,PUB,CO,ANM,WE,Towers with Radar,0,4,16,24,44,0,4,37,2,43,0,8,53,26,87,40,0,40,127
04/30/2012,PUB,CO,ANM,WE,Towers with Radar,2,11,20,0,33,0,2,220,0,222,2,13,240,0,255,272,0,272,527
05/01/2012,PUB,CO,ANM,WE,Towers with Radar,0,17,18,2,37,0,4,220,0,224,0,21,238,2,261,274,2,276,537
05/02/2012,PUB,CO,ANM,WE,Towers with Radar,0,15,26,9,50,0,4,192,9,205,0,19,218,18,255,310,26,336,591
05/03/2012,PUB,CO,ANM,WE,Towers with Radar,2,11,22,0,35,0,1,242,7,250,2,12,264,7,285,368,0,368,653
05/04/2012,PUB,CO,ANM,WE,Towers with Radar,0,15,22,0,37,0,6,237,0,243,0,21,259,0,280,340,0,340,620
05/05/2012,PUB,CO,ANM,WE,Towers with Radar,0,10,20,12,42,0,5,108,0,113,0,15,128,12,155,80,0,80,235
05/06/2012,PUB,CO,ANM,WE,Towers with Radar,0,12,31,1,44,0,0,34,0,34,0,12,65,1,78,58,0,58,136
05/07/2012,PUB,CO,ANM,WE,Towers with Radar,2,15,14,3,34,0,0,93,0,93,2,15,107,3,127,140,10,150,277
05/08/2012,PUB,CO,ANM,WE,Towers with Radar,0,14,15,5,34,0,3,190,0,193,0,17,205,5,227,316,6,322,549
05/09/2012,PUB,CO,ANM,WE,Towers with Radar,0,11,10,10,31,0,1,180,7,188,0,12,190,17,219,266,36,302,521
05/10/2012,PUB,CO,ANM,WE,Towers with Radar,0,14,22,9,45,0,4,226,5,235,0,18,248,14,280,296,8,304,584
05/11/2012,PUB,CO,ANM,WE,Towers with Radar,0,11,5,8,24,0,2,64,0,66,0,13,69,8,90,38,0,38,128
05/12/2012,PUB,CO,ANM,WE,Towers with Radar,0,6,14,2,22,0,4,23,0,27,0,10,37,2,49,70,0,70,119
05/13/2012,PUB,CO,ANM,WE,Towers with Radar,0,15,21,2,38,0,0,4,0,4,0,15,25,2,42,0,0,0,42
05/14/2012,PUB,CO,ANM,WE,Towers with Radar,0,20,43,7,70,0,1,254,9,264,0,21,297,16,334,276,8,284,618
05/15/2012,PUB,CO,ANM,WE,Towers with Radar,0,14,31,2,47,0,0,229,5,234,0,14,260,7,281,238,8,246,527
05/16/2012,PUB,CO,ANM,WE,Towers with Radar,0,10,20,9,39,0,2,110,4,116,0,12,130,13,155,178,30,208,363
05/17/2012,PUB,CO,ANM,WE,Towers with Radar,0,13,21,0,34,0,1,77,2,80,0,14,98,2,114,126,0,126,240
05/18/2012,PUB,CO,ANM,WE,Towers with Radar,0,12,16,2,30,0,2,183,2,187,0,14,199,4,217,250,2,252,469
05/19/2012,PUB,CO,ANM,WE,Towers with Radar,0,10,8,0,18,0,2,13,2,17,0,12,21,2,35,2,0,2,37
05/20/2012,PUB,CO,ANM,WE,Towers with Radar,2,11,31,11,55,0,0,64,8,72,2,11,95,19,127,86,14,100,227
05/21/2012,PUB,CO,ANM,WE,Towers with Radar,0,10,24,4,38,0,5,201,4,210,0,15,225,8,248,256,0,256,504
05/22/2012,PUB,CO,ANM,WE,Towers with Radar,0,12,19,8,39,0,0,216,12,228,0,12,235,20,267,312,16,328,595
05/23/2012,PUB,CO,ANM,WE,Towers with Radar,0,16,16,12,44,0,0,179,0,179,0,16,195,12,223,334,0,334,557
05/24/2012,PUB,CO,ANM,WE,Towers with Radar,0,12,20,15,47,0,0,169,0,169,0,12,189,15,216,272,14,286,502
05/25/2012,PUB,CO,ANM,WE,Towers with Radar,2,9,15,6,32,0,2,198,2,202,2,11,213,8,234,118,0,118,352
05/26/2012,PUB,CO,ANM,WE,Towers with Radar,0,6,6,0,12,0,1,23,3,27,0,7,29,3,39,24,0,24,63
05/27/2012,PUB,CO,ANM,WE,Towers with Radar,0,4,20,0,24,0,9,45,0,54,0,13,65,0,78,4,0,4,82
05/28/2012,PUB,CO,ANM,WE,Towers with Radar,0,11,35,2,48,0,2,81,0,83,0,13,116,2,131,72,0,72,203
05/29/2012,PUB,CO,ANM,WE,Towers with Radar,0,13,11,0,24,0,2,238,1,241,0,15,249,1,265,332,0,332,597
05/30/2012,PUB,CO,ANM,WE,Towers with Radar,0,12,16,2,30,0,0,198,5,203,0,12,214,7,233,280,8,288,521
05/31/2012,PUB,CO,ANM,WE,Towers with Radar,0,9,17,0,26,0,2,208,0,210,0,11,225,0,236,243,0,243,479
06/01/2012,PUB,CO,ANM,WE,Towers with Radar,0,10,19,0,29,0,3,109,0,112,0,13,128,0,141,186,0,186,327
06/02/2012,PUB,CO,ANM,WE,Towers with Radar,0,7,15,7,29,0,7,51,7,65,0,14,66,14,94,30,22,52,146
06/03/2012,PUB,CO,ANM,WE,Towers with Radar,0,5,13,0,18,0,0,32,7,39,0,5,45,7,57,32,4,36,93
06/04/2012,PUB,CO,ANM,WE,Towers with Radar,0,15,11,0,26,0,2,145,0,147,0,17,156,0,173,174,0,174,347
06/05/2012,PUB,CO,ANM,WE,Towers with Radar,0,13,12,2,27,0,1,100,0,101,0,14,112,2,128,70,0,70,198
06/06/2012,PUB,CO,ANM,WE,Towers with Radar,8,13,15,0,36,0,4,328,6,338,8,17,343,6,374,334,0,334,708
06/07/2012,PUB,CO,ANM,WE,Towers with Radar,2,9,34,4,49,0,1,265,0,266,2,10,299,4,315,391,0,391,706
06/08/2012,PUB,CO,ANM,WE,Towers with Radar,0,13,11,4,28,0,1,185,1,187,0,14,196,5,215,234,0,234,449
06/09/2012,PUB,CO,ANM,WE,Towers with Radar,2,7,32,0,41,0,2,59,4,65,2,9,91,4,106,42,0,42,148
06/10/2012,PUB,CO,ANM,WE,Towers with Radar,0,4,25,10,39,0,3,39,8,50,0,7,64,18,89,20,4,24,113
06/11/2012,PUB,CO,ANM,WE,Towers with Radar,2,12,24,0,38,0,2,325,1,328,2,14,349,1,366,484,2,486,852
06/12/2012,PUB,CO,ANM,WE,Towers with Radar,0,9,25,0,34,0,4,311,2,317,0,13,336,2,351,460,20,480,831
06/13/2012,PUB,CO,ANM,WE,Towers with Radar,0,14,36,12,62,0,5,323,0,328,0,19,359,12,390,344,20,364,754
06/14/2012,PUB,CO,ANM,WE,Towers with Radar,0,14,15,0,29,0,6,219,1,226,0,20,234,1,255,237,0,237,492
06/15/2012,PUB,CO,ANM,WE,Towers with Radar,1,22,16,8,47,0,0,271,1,272,1,22,287,9,319,362,0,362,681
06/16/2012,PUB,CO,ANM,WE,Towers with Radar,0,10,24,0,34,0,2,29,0,31,0,12,53,0,65,36,0,36,101
06/17/2012,PUB,CO,ANM,WE,Towers with Radar,0,11,20,4,35,0,1,42,0,43,0,12,62,4,78,32,0,32,110
06/18/2012,PUB,CO,ANM,WE,Towers with Radar,0,14,32,4,50,0,1,234,0,235,0,15,266,4,285,366,0,366,651
06/19/2012,PUB,CO,ANM,WE,Towers with Radar,0,14,14,0,28,0,4,314,0,318,0,18,328,0,346,538,0,538,884
06/20/2012,PUB,CO,ANM,WE,Towers with Radar,0,10,25,8,43,0,1,267,3,271,0,11,292,11,314,250,0,250,564
06/21/2012,PUB,CO,ANM,WE,Towers with Radar,4,13,28,3,48,0,5,247,0,252,4,18,275,3,300,322,0,322,622
06/22/2012,PUB,CO,ANM,WE,Towers with Radar,0,10,16,21,47,0,2,222,1,225,0,12,238,22,272,316,34,350,622
06/23/2012,PUB,CO,ANM,WE,Towers with Radar,0,9,7,0,16,0,15,51,0,66,0,24,58,0,82,0,0,0,82
06/24/2012,PUB,CO,ANM,WE,Towers with Radar,2,19,25,2,48,0,47,56,3,106,2,66,81,5,154,28,0,28,182
06/25/2012,PUB,CO,ANM,WE,Towers with Radar,0,13,14,2,29,0,3,336,24,363,0,16,350,26,392,444,0,444,836
06/26/2012,PUB,CO,ANM,WE,Towers with Radar,0,10,10,4,24,0,10,244,6,260,0,20,254,10,284,390,0,390,674
06/27/2012,PUB,CO,ANM,WE,Towers with Radar,0,15,20,3,38,0,5,245,1,251,0,20,265,4,289,449,0,449,738
06/28/2012,PUB,CO,ANM,WE,Towers with Radar,0,14,14,0,28,0,9,273,0,282,0,23,287,0,310,490,0,490,800
06/29/2012,PUB,CO,ANM,WE,Towers with Radar,0,18,20,5,43,0,2,265,14,281,0,20,285,19,324,510,0,510,834
06/30/2012,PUB,CO,ANM,WE,Towers with Radar,0,11,10,0,21,0,8,61,5,74,0,19,71,5,95,22,0,22,117
07/01/2012,PUB,CO,ANM,WE,Towers with Radar,0,16,17,0,33,0,7,49,0,56,0,23,66,0,89,36,0,36,125
07/02/2012,PUB,CO,ANM,WE,Towers with Radar,0,9,11,0,20,0,0,249,0,249,0,9,260,0,269,423,0,423,692
07/03/2012,PUB,CO,ANM,WE,Towers with Radar,0,15,7,8,30,0,5,252,1,258,0,20,259,9,288,382,0,382,670
07/04/2012,PUB,CO,ANM,WE,Towers with Radar,0,10,9,2,21,0,0,59,1,60,0,10,68,3,81,28,4,32,113
07/05/2012,PUB,CO,ANM,WE,Towers with Radar,0,20,20,11,51,0,0,318,1,319,0,20,338,12,370,374,18,392,762
07/06/2012,PUB,CO,ANM,WE,Towers with Radar,2,9,12,4,27,0,0,244,0,244,2,9,256,4,271,324,2,326,597
07/07/2012,PUB,CO,ANM,WE,Towers with Radar,0,5,9,0,14,0,3,22,0,25,0,8,31,0,39,42,0,42,81
07/08/2012,PUB,CO,ANM,WE,Towers with Radar,0,13,23,0,36,0,3,55,0,58,0,16,78,0,94,56,0,56,150
07/09/2012,PUB,CO,ANM,WE,Towers with Radar,0,19,19,1,39,0,2,106,0,108,0,21,125,1,147,174,0,174,321
07/10/2012,PUB,CO,ANM,WE,Towers with Radar,0,11,10,5,26,0,13,262,5,280,0,24,272,10,306,556,44,600,906
07/11/2012,PUB,CO,ANM,WE,Towers with Radar,0,17,25,2,44,0,2,314,1,317,0,19,339,3,361,472,4,476,837
07/12/2012,PUB,CO,ANM,WE,Towers with Radar,0,16,14,0,30,0,6,298,1,305,0,22,312,1,335,522,0,522,857
07/13/2012,PUB,CO,ANM,WE,Towers with Radar,2,10,21,0,33,0,4,295,2,301,2,14,316,2,334,425,0,425,759
07/14/2012,PUB,CO,ANM,WE,Towers with Radar,0,4,18,0,22,0,4,59,2,65,0,8,77,2,87,12,2,14,101
07/15/2012,PUB,CO,ANM,WE,Towers with Radar,0,11,12,3,26,0,0,34,0,34,0,11,46,3,60,2,0,2,62
07/16/2012,PUB,CO,ANM,WE,Towers with Radar,0,13,7,3,23,0,4,343,2,349,0,17,350,5,372,216,0,216,588
07/17/2012,PUB,CO,ANM,WE,Towers with Radar,4,9,4,3,20,0,2,414,3,419,4,11,418,6,439,355,2,357,796
07/18/2012,PUB,CO,ANM,WE,Towers with Radar,0,11,21,10,42,0,0,311,1,312,0,11,332,11,354,460,22,482,836
07/19/2012,PUB,CO,ANM,WE,Towers with Radar,2,14,18,0,34,0,2,319,4,325,2,16,337,4,359,642,0,642,1001
07/20/2012,PUB,CO,ANM,WE,Towers with Radar,0,16,19,0,35,0,4,269,2,275,0,20,288,2,310,262,0,262,572
07/21/2012,PUB,CO,ANM,WE,Towers with Radar,0,6,3,0,9,0,1,65,0,66,0,7,68,0,75,66,0,66,141
07/22/2012,PUB,CO,ANM,WE,Towers with Radar,2,4,16,0,22,0,2,50,1,53,2,6,66,1,75,26,0,26,101
07/23/2012,PUB,CO,ANM,WE,Towers with Radar,0,10,13,2,25,0,6,330,1,337,0,16,343,3,362,507,2,509,871
07/24/2012,PUB,CO,ANM,WE,Towers with Radar,0,14,12,1,27,0,0,325,0,325,0,14,337,1,352,501,0,501,853
07/25/2012,PUB,CO,ANM,WE,Towers with Radar,0,13,15,8,36,0,0,395,2,397,0,13,410,10,433,494,0,494,927
07/26/2012,PUB,CO,ANM,WE,Towers with Radar,0,11,23,2,36,0,0,364,1,365,0,11,387,3,401,407,0,407,808
07/27/2012,PUB,CO,ANM,WE,Towers with Radar,0,11,11,2,24,0,3,300,6,309,0,14,311,8,333,350,8,358,691
07/28/2012,PUB,CO,ANM,WE,Towers with Radar,0,7,23,0,30,0,3,73,0,76,0,10,96,0,106,16,0,16,122
07/29/2012,PUB,CO,ANM,WE,Towers with Radar,0,7,47,18,72,0,0,53,0,53,0,7,100,18,125,48,0,48,173
07/30/2012,PUB,CO,ANM,WE,Towers with Radar,0,18,17,0,35,0,0,342,3,345,0,18,359,3,380,482,4,486,866
07/31/2012,PUB,CO,ANM,WE,Towers with Radar,0,15,13,4,32,0,7,332,3,342,0,22,345,7,374,701,0,701,1075
08/01/2012,PUB,CO,ANM,WE,Towers with Radar,0,15,16,13,44,0,5,304,2,311,0,20,320,15,355,364,22,386,741
08/02/2012,PUB,CO,ANM,WE,Towers with Radar,4,9,8,0,21,0,1,300,3,304,4,10,308,3,325,478,0,478,803
08/03/2012,PUB,CO,ANM,WE,Towers with Radar,0,9,24,14,47,0,2,286,0,288,0,11,310,14,335,262,0,262,597
08/04/2012,PUB,CO,ANM,WE,Towers with Radar,0,6,30,0,36,0,0,61,2,63,0,6,91,2,99,58,6,64,163
08/05/2012,PUB,CO,ANM,WE,Towers with Radar,2,7,20,2,31,0,1,54,3,58,2,8,74,5,89,8,0,8,97
08/06/2012,PUB,CO,ANM,WE,Towers with Radar,0,12,11,7,30,0,3,300,0,303,0,15,311,7,333,258,0,258,591
08/07/2012,PUB,CO,ANM,WE,Towers with Radar,0,19,4,4,27,0,4,327,1,332,0,23,331,5,359,422,0,422,781
08/08/2012,PUB,CO,ANM,WE,Towers with Radar,2,12,18,4,36,0,2,307,1,310,2,14,325,5,346,294,0,294,640
08/09/2012,PUB,CO,ANM,WE,Towers with Radar,0,8,5,9,22,0,1,116,19,136,0,9,121,28,158,204,7,211,369
08/10/2012,PUB,CO,ANM,WE,Towers with Radar,0,20,11,9,40,0,3,287,5,295,0,23,298,14,335,295,0,295,630
08/11/2012,PUB,CO,ANM,WE,Towers with Radar,0,10,11,8,29,0,1,55,4,60,0,11,66,12,89,24,2,26,115
08/12/2012,PUB,CO,ANM,WE,Towers with Radar,0,9,29,0,38,0,6,41,0,47,0,15,70,0,85,86,0,86,171
08/13/2012,PUB,CO,ANM,WE,Towers with Radar,0,10,10,0,20,0,1,261,0,262,0,11,271,0,282,278,0,278,560
08/14/2012,PUB,CO,ANM,WE,Towers with Radar,0,12,21,12,45,0,4,316,6,326,0,16,337,18,371,360,0,360,731
08/15/2012,PUB,CO,ANM,WE,Towers with Radar,0,9,23,26,58,0,0,283,7,290,0,9,306,33,348,392,6,398,746
08/16/2012,PUB,CO,ANM,WE,Towers with Radar,2,15,16,4,37,0,0,266,4,270,2,15,282,8,307,394,4,398,705
08/17/2012,PUB,CO,ANM,WE,Towers with Radar,0,15,14,3,32,0,11,246,1,258,0,26,260,4,290,234,0,234,524
08/18/2012,PUB,CO,ANM,WE,Towers with Radar,0,8,17,21,46,0,0,55,4,59,0,8,72,25,105,24,2,26,131
08/19/2012,PUB,CO,ANM,WE,Towers with Radar,0,13,26,1,40,0,5,62,2,69,0,18,88,3,109,72,0,72,181
08/20/2012,PUB,CO,ANM,WE,Towers with Radar,2,9,11,0,22,0,0,316,0,316,2,9,327,0,338,334,0,334,672
08/21/2012,PUB,CO,ANM,WE,Towers with Radar,0,19,28,3,50,0,3,400,8,411,0,22,428,11,461,512,4,516,977
08/22/2012,PUB,CO,ANM,WE,Towers with Radar,2,11,18,4,35,0,0,313,1,314,2,11,331,5,349,386,0,386,735
08/23/2012,PUB,CO,ANM,WE,Towers with Radar,2,11,23,2,38,0,1,282,1,284,2,12,305,3,322,470,0,470,792
08/24/2012,PUB,CO,ANM,WE,Towers with Radar,0,11,16,5,32,0,6,260,0,266,0,17,276,5,298,376,0,376,674
08/25/2012,PUB,CO,ANM,WE,Towers with Radar,0,9,8,0,17,0,2,31,0,33,0,11,39,0,50,52,0,52,102
08/26/2012,PUB,CO,ANM,WE,Towers with Radar,0,15,18,2,35,0,0,45,1,46,0,15,63,3,81,26,0,26,107
08/27/2012,PUB,CO,ANM,WE,Towers with Radar,0,12,10,12,34,0,3,346,2,351,0,15,356,14,385,422,6,428,813
08/28/2012,PUB,CO,ANM,WE,Towers with Radar,0,15,19,0,34,0,4,319,1,324,0,19,338,1,358,330,0,330,688
08/29/2012,PUB,CO,ANM,WE,Towers with Radar,2,11,17,3,33,0,0,308,8,316,2,11,325,11,349,376,28,404,753
08/30/2012,PUB,CO,ANM,WE,Towers with Radar,2,15,26,3,46,0,0,298,5,303,2,15,324,8,349,558,0,558,907
08/31/2012,PUB,CO,ANM,WE,Towers with Radar,0,16,14,1,31,0,7,304,0,311,0,23,318,1,342,458,0,458,800
09/01/2012,PUB,CO,ANM,WE,Towers with Radar,2,7,10,11,30,0,4,67,0,71,2,11,77,11,101,60,0,60,161
09/02/2012,PUB,CO,ANM,WE,Towers with Radar,0,6,1,0,7,0,2,32,0,34,0,8,33,0,41,36,0,36,77
09/03/2012,PUB,CO,ANM,WE,Towers with Radar,0,11,15,0,26,0,1,62,0,63,0,12,77,0,89,62,0,62,151
09/04/2012,PUB,CO,ANM,WE,Towers with Radar,0,15,8,2,25,0,2,305,0,307,0,17,313,2,332,600,0,600,932
09/05/2012,PUB,CO,ANM,WE,Towers with Radar,0,12,17,1,30,0,1,299,10,310,0,13,316,11,340,404,8,412,752
09/06/2012,PUB,CO,ANM,WE,Towers with Radar,0,15,25,0,40,0,1,371,0,372,0,16,396,0,412,642,0,642,1054
09/07/2012,PUB,CO,ANM,WE,Towers with Radar,0,9,12,11,32,0,4,215,7,226,0,13,227,18,258,218,0,218,476
09/08/2012,PUB,CO,ANM,WE,Towers with Radar,0,13,28,1,42,0,3,51,2,56,0,16,79,3,98,72,20,92,190
09/09/2012,PUB,CO,ANM,WE,Towers with Radar,0,11,16,14,41,2,2,42,0,46,2,13,58,14,87,0,5,5,92
09/10/2012,PUB,CO,ANM,WE,Towers with Radar,0,12,27,4,43,0,5,315,0,320,0,17,342,4,363,402,0,402,765
09/11/2012,PUB,CO,ANM,WE,Towers with Radar,0,11,11,0,22,0,5,324,0,329,0,16,335,0,351,586,0,586,937
09/12/2012,PUB,CO,ANM,WE,Towers with Radar,0,9,16,2,27,0,0,89,0,89,0,9,105,2,116,212,0,212,328
09/13/2012,PUB,CO,ANM,WE,Towers with Radar,2,10,26,0,38,0,0,138,0,138,2,10,164,0,176,688,0,688,864
09/14/2012,PUB,CO,ANM,WE,Towers with Radar,0,16,15,2,33,0,2,292,0,294,0,18,307,2,327,362,0,362,689
09/15/2012,PUB,CO,ANM,WE,Towers with Radar,0,5,8,17,30,0,1,82,1,84,0,6,90,18,114,55,0,55,169
09/16/2012,PUB,CO,ANM,WE,Towers with Radar,0,2,22,1,25,0,6,43,2,51,0,8,65,3,76,6,0,6,82
09/17/2012,PUB,CO,ANM,WE,Towers with Radar,0,10,8,0,18,0,0,340,1,341,0,10,348,1,359,602,0,602,961
09/18/2012,PUB,CO,ANM,WE,Towers with Radar,0,9,22,2,33,0,2,343,2,347,0,11,365,4,380,482,0,482,862
09/19/2012,PUB,CO,ANM,WE,Towers with Radar,0,9,31,7,47,0,2,291,10,303,0,11,322,17,350,420,4,424,774
09/20/2012,PUB,CO,ANM,WE,Towers with Radar,0,8,10,3,21,0,0,306,0,306,0,8,316,3,327,456,0,456,783
09/21/2012,PUB,CO,ANM,WE,Towers with Radar,0,13,22,19,54,0,0,300,3,303,0,13,322,22,357,416,6,422,779
09/22/2012,PUB,CO,ANM,WE,Towers with Radar,0,6,62,18,86,0,7,81,5,93,0,13,143,23,179,44,26,70,249
09/23/2012,PUB,CO,ANM,WE,Towers with Radar,0,4,29,9,42,0,3,33,2,38,0,7,62,11,80,88,0,88,168
09/24/2012,PUB,CO,ANM,WE,Towers with Radar,0,10,10,7,27,0,4,207,1,212,0,14,217,8,239,136,2,138,377
09/25/2012,PUB,CO,ANM,WE,Towers with Radar,0,13,8,0,21,0,0,267,1,268,0,13,275,1,289,407,0,407,696
09/26/2012,PUB,CO,ANM,WE,Towers with Radar,0,13,12,12,37,0,3,365,0,368,0,16,377,12,405,424,8,432,837
09/27/2012,PUB,CO,ANM,WE,Towers with Radar,2,11,15,0,28,0,2,340,0,342,2,13,355,0,370,570,0,570,940
09/28/2012,PUB,CO,ANM,WE,Towers with Radar,0,14,21,7,42,0,5,263,0,268,0,19,284,7,310,378,0,378,688
09/29/2012,PUB,CO,ANM,WE,Towers with Radar,0,7,35,0,42,0,0,73,3,76,0,7,108,3,118,40,4,44,162
09/30/2012,PUB,CO,ANM,WE,Towers with Radar,0,10,28,3,41,0,1,26,1,28,0,11,54,4,69,12,4,16,85
10/01/2012,PUB,CO,ANM,WE,Towers with Radar,0,9,18,0,27,0,2,304,0,306,0,11,322,0,333,138,0,138,471
10/02/2012,PUB,CO,ANM,WE,Towers with Radar,0,10,32,0,42,0,4,319,0,323,0,14,351,0,365,582,0,582,947
10/03/2012,PUB,CO,ANM,WE,Towers with Radar,0,15,5,4,24,0,0,301,2,303,0,15,306,6,327,378,0,378,705
10/04/2012,PUB,CO,ANM,WE,Towers with Radar,0,15,4,2,21,0,2,286,1,289,0,17,290,3,310,726,0,726,1036
10/05/2012,PUB,CO,ANM,WE,Towers with Radar,0,18,15,11,44,0,1,267,1,269,0,19,282,12,313,354,20,374,687
10/06/2012,PUB,CO,ANM,WE,Towers with Radar,0,9,5,0,14,0,0,0,0,0,0,9,5,0,14,0,0,0,14
10/07/2012,PUB,CO,ANM,WE,Towers with Radar,0,8,28,0,36,0,2,36,0,38,0,10,64,0,74,46,0,46,120
10/08/2012,PUB,CO,ANM,WE,Towers with Radar,2,11,12,0,25,0,0,38,0,38,2,11,50,0,63,30,0,30,93
10/09/2012,PUB,CO,ANM,WE,Towers with Radar,0,14,16,0,30,0,2,226,0,228,0,16,242,0,258,412,0,412,670
10/10/2012,PUB,CO,ANM,WE,Towers with Radar,0,18,10,2,30,0,0,314,1,315,0,18,324,3,345,573,20,593,938
10/11/2012,PUB,CO,ANM,WE,Towers with Radar,0,14,37,0,51,0,2,275,2,279,0,16,312,2,330,355,0,355,685
10/12/2012,PUB,CO,ANM,WE,Towers with Radar,0,11,7,1,19,0,1,240,1,242,0,12,247,2,261,502,0,502,763
10/13/2012,PUB,CO,ANM,WE,Towers with Radar,0,10,14,4,28,0,0,154,0,154,0,10,168,4,182,104,0,104,286
10/14/2012,PUB,CO,ANM,WE,Towers with Radar,2,9,20,5,36,0,8,80,13,101,2,17,100,18,137,96,4,100,237
10/15/2012,PUB,CO,ANM,WE,Towers with Radar,0,14,15,1,30,0,2,259,3,264,0,16,274,4,294,426,8,434,728
10/16/2012,PUB,CO,ANM,WE,Towers with Radar,0,12,7,0,19,0,4,321,2,327,0,16,328,2,346,252,0,252,598
10/17/2012,PUB,CO,ANM,WE,Towers with Radar,0,15,10,0,25,0,2,46,0,48,0,17,56,0,73,26,0,26,99
10/18/2012,PUB,CO,ANM,WE,Towers with Radar,1,13,24,6,44,0,5,394,3,402,1,18,418,9,446,432,8,440,886
10/19/2012,PUB,CO,ANM,WE,Towers with Radar,0,15,18,0,33,0,0,288,0,288,0,15,306,0,321,202,0,202,523
10/20/2012,PUB,CO,ANM,WE,Towers with Radar,0,7,16,0,23,0,4,96,0,100,0,11,112,0,123,46,0,46,169
10/21/2012,PUB,CO,ANM,WE,Towers with Radar,0,12,19,0,31,0,2,55,9,66,0,14,74,9,97,36,4,40,137
10/22/2012,PUB,CO,ANM,WE,Towers with Radar,0,14,11,2,27,0,0,260,6,266,0,14,271,8,293,310,4,314,607
10/23/2012,PUB,CO,ANM,WE,Towers with Radar,0,31,21,2,54,0,0,161,3,164,0,31,182,5,218,342,0,342,560
10/24/2012,PUB,CO,ANM,WE,Towers with Radar,0,16,23,1,40,0,0,292,2,294,0,16,315,3,334,446,0,446,780
10/25/2012,PUB,CO,ANM,WE,Towers with Radar,0,11,9,1,21,0,1,211,2,214,0,12,220,3,235,296,0,296,531
10/26/2012,PUB,CO,ANM,WE,Towers with Radar,0,15,16,0,31,0,2,124,2,128,0,17,140,2,159,286,0,286,445
10/27/2012,PUB,CO,ANM,WE,Towers with Radar,2,11,6,4,23,0,0,24,0,24,2,11,30,4,47,18,0,18,65
10/28/2012,PUB,CO,ANM,WE,Towers with Radar,0,10,23,0,33,0,0,49,0,49,0,10,72,0,82,48,0,48,130
10/29/2012,PUB,CO,ANM,WE,Towers with Radar,0,11,32,1,44,0,2,265,0,267,0,13,297,1,311,318,0,318,629
10/30/2012,PUB,CO,ANM,WE,Towers with Radar,0,10,17,2,29,0,0,276,3,279,0,10,293,5,308,378,0,378,686
10/31/2012,PUB,CO,ANM,WE,Towers with Radar,2,12,12,11,37,0,2,279,1,282,2,14,291,12,319,270,22,292,611
11/01/2012,PUB,CO,ANM,WE,Towers with Radar,0,15,17,4,36,0,5,314,9,328,0,20,331,13,364,268,10,278,642
11/02/2012,PUB,CO,ANM,WE,Towers with Radar,0,11,12,15,38,0,2,276,9,287,0,13,288,24,325,284,14,298,623
11/03/2012,PUB,CO,ANM,WE,Towers with Radar,0,11,9,13,33,0,3,36,8,47,0,14,45,21,80,76,0,76,156
11/04/2012,PUB,CO,ANM,WE,Towers with Radar,0,12,25,31,68,0,0,68,0,68,0,12,93,31,136,112,0,112,248
11/05/2012,PUB,CO,ANM,WE,Towers with Radar,0,11,16,0,27,0,5,280,0,285,0,16,296,0,312,296,0,296,608
11/06/2012,PUB,CO,ANM,WE,Towers with Radar,2,15,10,0,27,0,2,307,8,317,2,17,317,8,344,308,4,312,656
11/07/2012,PUB,CO,ANM,WE,Towers with Radar,0,13,16,9,38,0,3,294,3,300,0,16,310,12,338,326,22,348,686
11/08/2012,PUB,CO,ANM,WE,Towers with Radar,0,16,19,1,36,0,2,280,1,283,0,18,299,2,319,350,2,352,671
11/09/2012,PUB,CO,ANM,WE,Towers with Radar,0,12,10,0,22,0,2,241,0,243,0,14,251,0,265,631,0,631,896
11/10/2012,PUB,CO,ANM,WE,Towers with Radar,0,8,17,2,27,0,0,3,0,3,0,8,20,2,30,0,0,0,30
11/11/2012,PUB,CO,ANM,WE,Towers with Radar,0,7,6,0,13,0,2,8,0,10,0,9,14,0,23,2,0,2,25
11/12/2012,PUB,CO,ANM,WE,Towers with Radar,0,12,30,0,42,0,1,31,0,32,0,13,61,0,74,26,0,26,100
11/13/2012,PUB,CO,ANM,WE,Towers with Radar,0,13,25,0,38,0,5,286,2,293,0,18,311,2,331,260,0,260,591
11/14/2012,PUB,CO,ANM,WE,Towers with Radar,0,19,26,3,48,0,0,259,2,261,0,19,285,5,309,310,2,312,621
11/15/2012,PUB,CO,ANM,WE,Towers with Radar,0,11,12,1,24,0,2,245,29,276,0,13,257,30,300,362,2,364,664
11/16/2012,PUB,CO,ANM,WE,Towers with Radar,0,12,13,8,33,0,4,226,2,232,0,16,239,10,265,239,6,245,510
11/17/2012,PUB,CO,ANM,WE,Towers with Radar,0,7,42,2,51,0,0,238,2,240,0,7,280,4,291,392,0,392,683
11/18/2012,PUB,CO,ANM,WE,Towers with Radar,0,9,26,0,35,0,0,44,0,44,0,9,70,0,79,111,0,111,190
11/19/2012,PUB,CO,ANM,WE,Towers with Radar,0,14,15,7,36,0,5,161,5,171,0,19,176,12,207,258,6,264,471
11/20/2012,PUB,CO,ANM,WE,Towers with Radar,0,15,9,1,25,0,2,303,4,309,0,17,312,5,334,376,0,376,710
11/21/2012,PUB,CO,ANM,WE,Towers with Radar,0,17,10,2,29,0,6,235,0,241,0,23,245,2,270,192,0,192,462
11/22/2012,PUB,CO,ANM,WE,Towers with Radar,2,11,3,0,16,0,9,12,0,21,2,20,15,0,37,0,0,0,37
11/23/2012,PUB,CO,ANM,WE,Towers with Radar,0,15,18,0,33,0,5,64,0,69,0,20,82,0,102,12,0,12,114
11/24/2012,PUB,CO,ANM,WE,Towers with Radar,2,7,14,0,23,0,1,37,0,38,2,8,51,0,61,34,0,34,95
11/25/2012,PUB,CO,ANM,WE,Towers with Radar,2,10,8,0,20,0,0,61,0,61,2,10,69,0,81,38,0,38,119
11/26/2012,PUB,CO,ANM,WE,Towers with Radar,0,10,20,3,33,0,0,192,2,194,0,10,212,5,227,358,0,358,585
11/27/2012,PUB,CO,ANM,WE,Towers with Radar,0,15,10,3,28,0,0,227,1,228,0,15,237,4,256,184,0,184,440
11/28/2012,PUB,CO,ANM,WE,Towers with Radar,2,17,8,5,32,0,1,271,6,278,2,18,279,11,310,290,4,294,604
11/29/2012,PUB,CO,ANM,WE,Towers with Radar,0,13,18,5,36,0,4,277,3,284,0,17,295,8,320,198,0,198,518
11/30/2012,PUB,CO,ANM,WE,Towers with Radar,0,12,24,1,37,0,0,303,0,303,0,12,327,1,340,452,0,452,792
12/01/2012,PUB,CO,ANM,WE,Towers with Radar,0,11,28,6,45,0,3,42,2,47,0,14,70,8,92,34,0,34,126
12/02/2012,PUB,CO,ANM,WE,Towers with Radar,0,10,27,1,38,0,2,47,2,51,0,12,74,3,89,62,2,64,153
12/03/2012,PUB,CO,ANM,WE,Towers with Radar,0,14,7,6,27,0,5,322,2,329,0,19,329,8,356,400,0,400,756
12/04/2012,PUB,CO,ANM,WE,Towers with Radar,0,14,17,4,35,0,4,249,1,254,0,18,266,5,289,268,0,268,557
12/05/2012,PUB,CO,ANM,WE,Towers with Radar,0,12,25,6,43,0,0,270,8,278,0,12,295,14,321,438,14,452,773
12/06/2012,PUB,CO,ANM,WE,Towers with Radar,0,10,19,0,29,0,0,214,1,215,0,10,233,1,244,374,6,380,624
12/07/2012,PUB,CO,ANM,WE,Towers with Radar,0,9,40,0,49,0,0,218,2,220,0,9,258,2,269,264,0,264,533
12/08/2012,PUB,CO,ANM,WE,Towers with Radar,0,8,4,6,18,0,0,24,10,34,0,8,28,16,52,58,8,66,118
12/09/2012,PUB,CO,ANM,WE,Towers with Radar,0,8,11,0,19,0,0,0,0,0,0,8,11,0,19,0,0,0,19
12/10/2012,PUB,CO,ANM,WE,Towers with Radar,0,14,16,6,36,0,2,153,0,155,0,16,169,6,191,202,0,202,393
12/11/2012,PUB,CO,ANM,WE,Towers with Radar,0,13,10,10,33,0,0,75,0,75,0,13,85,10,108,104,0,104,212
12/12/2012,PUB,CO,ANM,WE,Towers with Radar,0,12,19,7,38,0,7,77,10,94,0,19,96,17,132,140,0,140,272
12/13/2012,PUB,CO,ANM,WE,Towers with Radar,0,15,20,0,35,0,1,62,5,68,0,16,82,5,103,110,12,122,225
12/14/2012,PUB,CO,ANM,WE,Towers with Radar,0,14,17,0,31,0,2,30,0,32,0,16,47,0,63,44,0,44,107
12/15/2012,PUB,CO,ANM,WE,Towers with Radar,0,11,11,4,26,0,2,34,11,47,0,13,45,15,73,82,22,104,177
12/16/2012,PUB,CO,ANM,WE,Towers with Radar,0,12,13,20,45,0,3,72,2,77,0,15,85,22,122,116,4,120,242
12/17/2012,PUB,CO,ANM,WE,Towers with Radar,0,13,13,10,36,0,2,86,6,94,0,15,99,16,130,130,4,134,264
12/18/2012,PUB,CO,ANM,WE,Towers with Radar,0,14,6,1,21,0,6,99,1,106,0,20,105,2,127,140,0,140,267
12/19/2012,PUB,CO,ANM,WE,Towers with Radar,0,9,3,0,12,0,0,0,0,0,0,9,3,0,12,0,0,0,12
12/20/2012,PUB,CO,ANM,WE,Towers with Radar,0,20,8,9,37,0,4,63,1,68,0,24,71,10,105,112,6,118,223
12/21/2012,PUB,CO,ANM,WE,Towers with Radar,0,13,22,0,35,0,1,65,0,66,0,14,87,0,101,60,0,60,161
12/22/2012,PUB,CO,ANM,WE,Towers with Radar,0,9,11,0,20,0,2,67,0,69,0,11,78,0,89,88,0,88,177
12/23/2012,PUB,CO,ANM,WE,Towers with Radar,0,8,8,0,16,0,0,7,0,7,0,8,15,0,23,0,0,0,23
12/24/2012,PUB,CO,ANM,WE,Towers with Radar,0,11,2,0,13,0,0,28,0,28,0,11,30,0,41,30,0,30,71
12/25/2012,PUB,CO,ANM,WE,Towers with Radar,0,6,4,0,10,0,0,2,0,2,0,6,6,0,12,0,0,0,12
12/26/2012,PUB,CO,ANM,WE,Towers with Radar,0,16,20,2,38,0,1,15,2,18,0,17,35,4,56,14,6,20,76
12/27/2012,PUB,CO,ANM,WE,Towers with Radar,0,12,20,3,35,0,1,13,1,15,0,13,33,4,50,18,4,22,72
12/28/2012,PUB,CO,ANM,WE,Towers with Radar,0,17,14,1,32,0,2,42,2,46,0,19,56,3,78,68,0,68,146
12/29/2012,PUB,CO,ANM,WE,Towers with Radar,0,3,8,0,11,0,4,44,0,48,0,7,52,0,59,94,0,94,153
12/30/2012,PUB,CO,ANM,WE,Towers with Radar,0,6,15,0,21,0,2,37,0,39,0,8,52,0,60,88,0,88,148
12/31/2012,PUB,CO,ANM,WE,Towers with Radar,0,15,5,0,20,0,2,1,0,3,0,17,6,0,23,2,0,2,25
01/01/2013,PUB,CO,ANM,WE,Towers with Radar,0,6,16,0,22,0,2,19,0,21,0,8,35,0,43,44,0,44,87
01/02/2013,PUB,CO,ANM,WE,Towers with Radar,0,11,19,0,30,0,2,13,0,15,0,13,32,0,45,34,0,34,79
01/03/2013,PUB,CO,ANM,WE,Towers with Radar,0,13,22,3,38,0,6,116,2,124,0,19,138,5,162,210,0,210,372
01/04/2013,PUB,CO,ANM,WE,Towers with Radar,0,14,37,23,74,0,0,37,6,43,0,14,74,29,117,72,0,72,189
01/05/2013,PUB,CO,ANM,WE,Towers with Radar,0,6,7,10,23,0,2,51,0,53,0,8,58,10,76,66,0,66,142
01/06/2013,PUB,CO,ANM,WE,Towers with Radar,0,14,28,0,42,0,2,86,0,88,0,16,114,0,130,62,0,62,192
01/07/2013,PUB,CO,ANM,WE,Towers with Radar,0,9,10,6,25,0,0,88,10,98,0,9,98,16,123,84,0,84,207
01/08/2013,PUB,CO,ANM,WE,Towers with Radar,0,11,25,4,40,0,2,107,2,111,0,13,132,6,151,100,0,100,251
01/09/2013,PUB,CO,ANM,WE,Towers with Radar,0,13,15,13,41,0,1,283,1,285,0,14,298,14,326,243,14,257,583
01/10/2013,PUB,CO,ANM,WE,Towers with Radar,0,13,26,12,51,0,0,235,1,236,0,13,261,13,287,286,16,302,589
01/11/2013,PUB,CO,ANM,WE,Towers with Radar,0,9,7,6,22,0,4,1,2,7,0,13,8,8,29,0,0,0,29
01/12/2013,PUB,CO,ANM,WE,Towers with Radar,0,7,9,0,16,0,0,15,0,15,0,7,24,0,31,0,0,0,31
01/13/2013,PUB,CO,ANM,WE,Towers with Radar,0,14,13,2,29,0,2,18,15,35,0,16,31,17,64,50,30,80,144
01/14/2013,PUB,CO,ANM,WE,Towers with Radar,0,13,10,0,23,0,0,3,0,3,0,13,13,0,26,4,0,4,30
01/15/2013,PUB,CO,ANM,WE,Towers with Radar,0,14,15,8,37,0,0,270,3,273,0,14,285,11,310,332,22,354,664
01/16/2013,PUB,CO,ANM,WE,Towers with Radar,0,10,20,4,34,0,2,312,0,314,0,12,332,4,348,462,0,462,810
01/17/2013,PUB,CO,ANM,WE,Towers with Radar,0,14,38,2,54,0,12,358,0,370,0,26,396,2,424,364,0,364,788
01/18/2013,PUB,CO,ANM,WE,Towers with Radar,0,20,32,2,54,0,5,340,1,346,0,25,372,3,400,468,0,468,868
01/19/2013,PUB,CO,ANM,WE,Towers with Radar,0,12,24,0,36,0,2,101,4,107,0,14,125,4,143,40,0,40,183
01/20/2013,PUB,CO,ANM,WE,Towers with Radar,0,13,6,0,19,0,2,49,0,51,0,15,55,0,70,30,0,30,100
01/21/2013,PUB,CO,ANM,WE,Towers with Radar,0,11,23,0,34,0,0,21,0,21,0,11,44,0,55,12,0,12,67
01/22/2013,PUB,CO,ANM,WE,Towers with Radar,0,12,16,1,29,0,2,277,4,283,0,14,293,5,312,270,6,276,588
01/23/2013,PUB,CO,ANM,WE,Towers with Radar,0,17,17,10,44,0,0,300,0,300,0,17,317,10,344,334,10,344,688
01/24/2013,PUB,CO,ANM,WE,Towers with Radar,0,17,28,2,47,0,2,183,5,190,0,19,211,7,237,168,10,178,415
01/25/2013,PUB,CO,ANM,WE,Towers with Radar,2,16,13,18,49,0,0,297,0,297,2,16,310,18,346,318,14,332,678
01/26/2013,PUB,CO,ANM,WE,Towers with Radar,2,18,16,5,41,0,2,71,6,79,2,20,87,11,120,26,18,44,164
01/27/2013,PUB,CO,ANM,WE,Towers with Radar,0,12,35,2,49,0,2,49,0,51,0,14,84,2,100,82,0,82,182
01/28/2013,PUB,CO,ANM,WE,Towers with Radar,2,4,16,7,29,0,0,172,0,172,2,4,188,7,201,170,0,170,371
01/29/2013,PUB,CO,ANM,WE,Towers with Radar,0,11,7,0,18,0,0,3,0,3,0,11,10,0,21,2,0,2,23
01/30/2013,PUB,CO,ANM,WE,Towers with Radar,2,13,18,8,41,0,0,310,0,310,2,13,328,8,351,380,0,380,731
01/31/2013,PUB,CO,ANM,WE,Towers with Radar,0,11,31,4,46,0,2,295,0,297,0,13,326,4,343,402,0,402,745
02/01/2013,PUB,CO,ANM,WE,Towers with Radar,0,19,25,0,44,0,0,270,4,274,0,19,295,4,318,350,8,358,676
02/02/2013,PUB,CO,ANM,WE,Towers with Radar,0,14,16,2,32,0,2,289,2,293,0,16,305,4,325,340,10,350,675
02/03/2013,PUB,CO,ANM,WE,Towers with Radar,0,9,13,1,23,0,0,57,1,58,0,9,70,2,81,56,0,56,137
02/04/2013,PUB,CO,ANM,WE,Towers with Radar,0,13,37,3,53,0,8,292,0,300,0,21,329,3,353,454,0,454,807
02/05/2013,PUB,CO,ANM,WE,Towers with Radar,0,11,24,12,47,0,0,241,0,241,0,11,265,12,288,266,4,270,558
02/06/2013,PUB,CO,ANM,WE,Towers with Radar,0,19,10,25,54,0,0,241,0,241,0,19,251,25,295,244,10,254,549
02/07/2013,PUB,CO,ANM,WE,Towers with Radar,0,14,16,5,35,0,0,271,3,274,0,14,287,8,309,348,0,348,657
02/08/2013,PUB,CO,ANM,WE,Towers with Radar,0,18,33,0,51,0,1,226,0,227,0,19,259,0,278,336,0,336,614
02/09/2013,PUB,CO,ANM,WE,Towers with Radar,0,15,21,2,38,0,0,17,1,18,0,15,38,3,56,20,0,20,76
02/10/2013,PUB,CO,ANM,WE,Towers with Radar,0,12,12,4,28,0,1,12,0,13,0,13,24,4,41,32,0,32,73
02/11/2013,PUB,CO,ANM,WE,Towers with Radar,0,9,11,14,34,0,0,151,0,151,0,9,162,14,185,284,10,294,479
02/12/2013,PUB,CO,ANM,WE,Towers with Radar,0,13,16,1,30,0,0,177,1,178,0,13,193,2,208,170,0,170,378
02/13/2013,PUB,CO,ANM,WE,Towers with Radar,0,11,20,38,69,0,2,105,6,113,0,13,125,44,182,124,38,162,344
02/14/2013,PUB,CO,ANM,WE,Towers with Radar,0,12,19,6,37,0,0,271,2,273,0,12,290,8,310,270,8,278,588
02/15/2013,PUB,CO,ANM,WE,Towers with Radar,0,11,26,7,44,0,6,302,0,308,0,17,328,7,352,332,10,342,694
02/16/2013,PUB,CO,ANM,WE,Towers with Radar,0,7,24,0,31,0,0,45,2,47,0,7,69,2,78,90,0,90,168
02/17/2013,PUB,CO,ANM,WE,Towers with Radar,0,10,20,0,30,0,4,66,0,70,0,14,86,0,100,94,0,94,194
02/18/2013,PUB,CO,ANM,WE,Towers with Radar,0,14,11,1,26,0,3,17,1,21,0,17,28,2,47,22,6,28,75
02/19/2013,PUB,CO,ANM,WE,Towers with Radar,0,11,13,14,38,0,4,235,12,251,0,15,248,26,289,280,0,280,569
02/20/2013,PUB,CO,ANM,WE,Towers with Radar,0,9,29,7,45,0,0,114,0,114,0,9,143,7,159,700,0,700,859
02/21/2013,PUB,CO,ANM,WE,Towers with Radar,0,10,12,3,25,0,0,99,0,99,0,10,111,3,124,278,0,278,402
02/22/2013,PUB,CO,ANM,WE,Towers with Radar,2,6,17,5,30,0,0,231,1,232,2,6,248,6,262,1027,0,1027,1289
02/23/2013,PUB,CO,ANM,WE,Towers with Radar,0,11,20,0,31,0,2,76,5,83,0,13,96,5,114,118,0,118,232
02/24/2013,PUB,CO,ANM,WE,Towers with Radar,0,0,8,0,8,0,0,0,0,0,0,0,8,0,8,0,0,0,8
02/25/2013,PUB,CO,ANM,WE,Towers with Radar,4,16,21,1,42,0,0,274,2,276,4,16,295,3,318,207,2,209,527
02/26/2013,PUB,CO,ANM,WE,Towers with Radar,0,13,9,0,22,0,5,111,0,116,0,18,120,0,138,254,0,254,392
02/27/2013,PUB,CO,ANM,WE,Towers with Radar,0,15,22,9,46,0,1,313,7,321,0,16,335,16,367,432,38,470,837
02/28/2013,PUB,CO,ANM,WE,Towers with Radar,2,10,23,9,44,0,2,252,7,261,2,12,275,16,305,320,14,334,639
03/01/2013,PUB,CO,ANM,WE,Towers with Radar,0,11,15,15,41,0,0,257,1,258,0,11,272,16,299,310,22,332,631
03/02/2013,PUB,CO,ANM,WE,Towers with Radar,0,8,16,6,30,0,0,65,6,71,0,8,81,12,101,66,12,78,179
03/03/2013,PUB,CO,ANM,WE,Towers with Radar,0,10,24,13,47,0,3,54,0,57,0,13,78,13,104,34,0,34,138
03/04/2013,PUB,CO,ANM,WE,Towers with Radar,0,10,10,0,20,0,0,155,0,155,0,10,165,0,175,200,0,200,375
03/05/2013,PUB,CO,ANM,WE,Towers with Radar,0,12,17,5,34,0,7,343,5,355,0,19,360,10,389,474,20,494,883
03/06/2013,PUB,CO,ANM,WE,Towers with Radar,0,14,21,0,35,0,1,301,8,310,0,15,322,8,345,343,16,359,704
03/07/2013,PUB,CO,ANM,WE,Towers with Radar,0,20,24,2,46,0,1,354,3,358,0,21,378,5,404,360,12,372,776
03/08/2013,PUB,CO,ANM,WE,Towers with Radar,0,13,7,0,20,0,0,251,0,251,0,13,258,0,271,277,0,277,548
03/09/2013,PUB,CO,ANM,WE,Towers with Radar,0,1,3,0,4,0,1,0,5,6,0,2,3,5,10,0,0,0,10
03/10/2013,PUB,CO,ANM,WE,Towers with Radar,0,12,18,0,30,0,2,28,1,31,0,14,46,1,61,12,0,12,73
03/11/2013,PUB,CO,ANM,WE,Towers with Radar,0,12,12,2,26,0,1,296,0,297,0,13,308,2,323,372,0,372,695
03/12/2013,PUB,CO,ANM,WE,Towers with Radar,0,19,4,0,23,0,0,185,3,188,0,19,189,3,211,1092,12,1104,1315
03/13/2013,PUB,CO,ANM,WE,Towers with Radar,0,16,16,5,37,0,0,308,2,310,0,16,324,7,347,288,28,316,663
03/14/2013,PUB,CO,ANM,WE,Towers with Radar,0,15,28,6,49,0,2,279,5,286,0,17,307,11,335,274,14,288,623
03/15/2013,PUB,CO,ANM,WE,Towers with Radar,2,13,28,3,46,0,2,228,9,239,2,15,256,12,285,198,0,198,483
03/16/2013,PUB,CO,ANM,WE,Towers with Radar,0,9,14,5,28,0,1,28,0,29,0,10,42,5,57,80,0,80,137
03/17/2013,PUB,CO,ANM,WE,Towers with Radar,2,10,11,2,25,0,2,13,2,17,2,12,24,4,42,22,0,22,64
03/18/2013,PUB,CO,ANM,WE,Towers with Radar,0,9,6,2,17,0,1,200,2,203,0,10,206,4,220,242,4,246,466
03/19/2013,PUB,CO,ANM,WE,Towers with Radar,0,13,36,7,56,0,4,293,6,303,0,17,329,13,359,466,0,466,825
03/20/2013,PUB,CO,ANM,WE,Towers with Radar,2,11,17,18,48,0,7,260,7,274,2,18,277,25,322,444,28,472,794
03/21/2013,PUB,CO,ANM,WE,Towers with Radar,0,17,17,3,37,0,0,114,0,114,0,17,131,3,151,244,12,256,407
03/22/2013,PUB,CO,ANM,WE,Towers with Radar,0,15,15,1,31,0,0,116,0,116,0,15,131,1,147,86,0,86,233
03/23/2013,PUB,CO,ANM,WE,Towers with Radar,0,2,0,0,2,0,0,0,0,0,0,2,0,0,2,0,0,0,2
03/24/2013,PUB,CO,ANM,WE,Towers with Radar,0,12,13,0,25,0,2,16,0,18,0,14,29,0,43,0,0,0,43
03/25/2013,PUB,CO,ANM,WE,Towers with Radar,0,13,14,8,35,0,4,302,3,309,0,17,316,11,344,516,2,518,862
03/26/2013,PUB,CO,ANM,WE,Towers with Radar,0,17,9,8,34,0,2,271,4,277,0,19,280,12,311,300,2,302,613
03/27/2013,PUB,CO,ANM,WE,Towers with Radar,0,12,16,12,40,0,2,238,6,246,0,14,254,18,286,270,4,274,560
03/28/2013,PUB,CO,ANM,WE,Towers with Radar,0,12,10,9,31,0,0,245,4,249,0,12,255,13,280,270,10,280,560
03/29/2013,PUB,CO,ANM,WE,Towers with Radar,0,10,10,3,23,0,4,198,1,203,0,14,208,4,226,386,0,386,612
03/30/2013,PUB,CO,ANM,WE,Towers with Radar,0,8,15,0,23,0,2,70,2,74,0,10,85,2,97,88,0,88,185
03/31/2013,PUB,CO,ANM,WE,Towers with Radar,0,9,7,1,17,0,0,41,1,42,0,9,48,2,59,90,0,90,149
04/01/2013,PUB,CO,ANM,WE,Towers with Radar,0,13,24,2,39,0,0,201,0,201,0,13,225,2,240,294,0,294,534
04/02/2013,PUB,CO,ANM,WE,Towers with Radar,0,11,13,0,24,0,0,4,0,4,0,11,17,0,28,108,0,108,136
04/03/2013,PUB,CO,ANM,WE,Towers with Radar,0,15,13,1,29,0,2,138,1,141,0,17,151,2,170,310,0,310,480
04/04/2013,PUB,CO,ANM,WE,Towers with Radar,0,13,16,4,33,0,4,235,1,240,0,17,251,5,273,326,0,326,599
04/05/2013,PUB,CO,ANM,WE,Towers with Radar,0,10,21,11,42,0,2,218,4,224,0,12,239,15,266,222,14,236,502
04/06/2013,PUB,CO,ANM,WE,Towers with Radar,0,7,17,8,32,0,3,44,11,58,0,10,61,19,90,86,22,108,198
04/07/2013,PUB,CO,ANM,WE,Towers with Radar,0,13,39,1,53,0,0,37,3,40,0,13,76,4,93,44,2,46,139
04/08/2013,PUB,CO,ANM,WE,Towers with Radar,4,13,20,5,42,0,4,185,3,192,4,17,205,8,234,106,4,110,344
04/09/2013,PUB,CO,ANM,WE,Towers with Radar,0,6,1,0,7,0,1,0,0,1,0,7,1,0,8,0,0,0,8
04/10/2013,PUB,CO,ANM,WE,Towers with Radar,0,15,3,5,23,0,2,253,6,261,0,17,256,11,284,70,46,116,400
04/11/2013,PUB,CO,ANM,WE,Towers with Radar,0,16,14,18,48,0,3,229,1,233,0,19,243,19,281,58,14,72,353
04/12/2013,PUB,CO,ANM,WE,Towers with Radar,0,13,6,2,21,0,2,195,1,198,0,15,201,3,219,14,0,14,233
04/13/2013,PUB,CO,ANM,WE,Towers with Radar,0,9,31,7,47,0,0,28,2,30,0,9,59,9,77,120,4,124,201
04/14/2013,PUB,CO,ANM,WE,Towers with Radar,0,5,17,0,22,0,1,14,0,15,0,6,31,0,37,12,0,12,49
04/15/2013,PUB,CO,ANM,WE,Towers with Radar,0,7,14,1,22,0,2,151,0,153,0,9,165,1,175,34,0,34,209
04/16/2013,PUB,CO,ANM,WE,Towers with Radar,0,12,13,0,25,0,0,177,0,177,0,12,190,0,202,671,0,671,873
04/17/2013,PUB,CO,ANM,WE,Towers with Radar,0,4,6,0,10,0,0,0,0,0,0,4,6,0,10,0,0,0,10
04/18/2013,PUB,CO,ANM,WE,Towers with Radar,0,15,32,2,49,0,0,193,2,195,0,15,225,4,244,652,0,652,896
04/19/2013,PUB,CO,ANM,WE,Towers with Radar,2,11,21,7,41,0,9,157,0,166,2,20,178,7,207,198,0,198,405
04/20/2013,PUB,CO,ANM,WE,Towers with Radar,0,9,11,32,52,0,0,71,13,84,0,9,82,45,136,92,20,112,248
04/21/2013,PUB,CO,ANM,WE,Towers with Radar,0,10,11,0,21,0,3,54,4,61,0,13,65,4,82,46,0,46,128
04/22/2013,PUB,CO,ANM,WE,Towers with Radar,2,13,11,3,29,0,0,110,9,119,2,13,121,12,148,156,0,156,304
04/23/2013,PUB,CO,ANM,WE,Towers with Radar,0,15,7,2,24,0,0,1,0,1,0,15,8,2,25,0,0,0,25
04/24/2013,PUB,CO,ANM,WE,Towers with Radar,0,12,33,6,51,0,0,190,0,190,0,12,223,6,241,160,2,162,403
04/25/2013,PUB,CO,ANM,WE,Towers with Radar,0,16,28,3,47,0,1,171,0,172,0,17,199,3,219,234,0,234,453
04/26/2013,PUB,CO,ANM,WE,Towers with Radar,0,16,19,8,43,0,2,125,0,127,0,18,144,8,170,160,0,160,330
04/27/2013,PUB,CO,ANM,WE,Towers with Radar,0,11,20,0,31,0,4,70,0,74,0,15,90,0,105,82,0,82,187
04/28/2013,PUB,CO,ANM,WE,Towers with Radar,1,10,36,0,47,0,6,62,0,68,1,16,98,0,115,68,0,68,183
04/29/2013,PUB,CO,ANM,WE,Towers with Radar,0,15,16,4,35,0,0,126,0,126,0,15,142,4,161,126,0,126,287
04/30/2013,PUB,CO,ANM,WE,Towers with Radar,0,15,21,1,37,0,0,196,1,197,0,15,217,2,234,364,0,364,598
05/01/2013,PUB,CO,ANM,WE,Towers with Radar,0,7,5,1,13,0,0,0,1,1,0,7,5,2,14,0,0,0,14
05/02/2013,PUB,CO,ANM,WE,Towers with Radar,2,18,17,2,39,0,0,226,4,230,2,18,243,6,269,432,16,448,717
05/03/2013,PUB,CO,ANM,WE,Towers with Radar,0,9,22,0,31,0,0,210,1,211,0,9,232,1,242,292,0,292,534
05/04/2013,PUB,CO,ANM,WE,Towers with Radar,0,9,12,0,21,0,1,42,2,45,0,10,54,2,66,46,0,46,112
05/05/2013,PUB,CO,ANM,WE,Towers with Radar,2,8,17,11,38,0,6,40,6,52,2,14,57,17,90,34,4,38,128
05/06/2013,PUB,CO,ANM,WE,Towers with Radar,0,9,10,3,22,0,2,196,2,200,0,11,206,5,222,270,0,270,492
05/07/2013,PUB,CO,ANM,WE,Towers with Radar,0,9,14,8,31,0,0,169,0,169,0,9,183,8,200,112,0,112,312
05/08/2013,PUB,CO,ANM,WE,Towers with Radar,1,10,1,12,24,0,0,45,1,46,1,10,46,13,70,126,40,166,236
05/09/2013,PUB,CO,ANM,WE,Towers with Radar,4,10,4,5,23,0,1,48,0,49,4,11,52,5,72,66,6,72,144
05/10/2013,PUB,CO,ANM,WE,Towers with Radar,0,10,10,4,24,0,2,209,1,212,0,12,219,5,236,148,0,148,384
05/11/2013,PUB,CO,ANM,WE,Towers with Radar,0,9,15,0,24,0,0,35,0,35,0,9,50,0,59,46,0,46,105
05/12/2013,PUB,CO,ANM,WE,Towers with Radar,0,7,20,0,27,0,2,34,0,36,0,9,54,0,63,30,0,30,93
05/13/2013,PUB,CO,ANM,WE,Towers with Radar,0,9,24,13,46,0,0,229,5,234,0,9,253,18,280,210,0,210,490
05/14/2013,PUB,CO,ANM,WE,Towers with Radar,0,12,2,2,16,0,2,168,2,172,0,14,170,4,188,147,2,149,337
05/15/2013,PUB,CO,ANM,WE,Towers with Radar,1,16,10,7,34,0,3,152,1,156,1,19,162,8,190,212,18,230,420
05/16/2013,PUB,CO,ANM,WE,Towers with Radar,1,12,21,3,37,0,5,180,2,187,1,17,201,5,224,92,0,92,316
05/17/2013,PUB,CO,ANM,WE,Towers with Radar,0,15,6,4,25,0,2,206,2,210,0,17,212,6,235,158,2,160,395
05/18/2013,PUB,CO,ANM,WE,Towers with Radar,0,11,13,0,24,0,3,54,7,64,0,14,67,7,88,58,12,70,158
05/19/2013,PUB,CO,ANM,WE,Towers with Radar,0,6,27,0,33,0,0,24,0,24,0,6,51,0,57,22,0,22,79
05/20/2013,PUB,CO,ANM,WE,Towers with Radar,0,12,18,0,30,0,0,146,8,154,0,12,164,8,184,210,0,210,394
05/21/2013,PUB,CO,ANM,WE,Towers with Radar,0,19,9,8,36,0,3,170,1,174,0,22,179,9,210,218,16,234,444
05/22/2013,PUB,CO,ANM,WE,Towers with Radar,0,9,17,19,45,0,1,205,3,209,0,10,222,22,254,311,46,357,611
05/23/2013,PUB,CO,ANM,WE,Towers with Radar,0,14,19,12,45,0,1,20,2,23,0,15,39,14,68,254,10,264,332
05/24/2013,PUB,CO,ANM,WE,Towers with Radar,4,9,17,1,31,0,2,193,6,201,4,11,210,7,232,294,0,294,526
05/25/2013,PUB,CO,ANM,WE,Towers with Radar,0,8,17,0,25,0,2,56,0,58,0,10,73,0,83,24,0,24,107
05/26/2013,PUB,CO,ANM,WE,Towers with Radar,2,8,7,0,17,0,2,35,0,37,2,10,42,0,54,44,0,44,98
05/27/2013,PUB,CO,ANM,WE,Towers with Radar,4,7,5,0,16,0,3,35,0,38,4,10,40,0,54,34,0,34,88
05/28/2013,PUB,CO,ANM,WE,Towers with Radar,0,14,22,4,40,0,2,206,1,209,0,16,228,5,249,226,0,226,475
05/29/2013,PUB,CO,ANM,WE,Towers with Radar,0,10,14,14,38,0,8,86,4,98,0,18,100,18,136,128,0,128,264
05/30/2013,PUB,CO,ANM,WE,Towers with Radar,2,17,12,0,31,0,4,84,0,88,2,21,96,0,119,86,0,86,205
05/31/2013,PUB,CO,ANM,WE,Towers with Radar,0,13,6,0,19,0,2,116,0,118,0,15,122,0,137,222,0,222,359
06/01/2013,PUB,CO,ANM,WE,Towers with Radar,0,7,14,16,37,0,1,32,0,33,0,8,46,16,70,42,0,42,112
06/02/2013,PUB,CO,ANM,WE,Towers with Radar,0,7,20,11,38,0,0,36,0,36,0,7,56,11,74,58,8,66,140
06/03/2013,PUB,CO,ANM,WE,Towers with Radar,0,11,18,9,38,0,0,141,3,144,0,11,159,12,182,250,28,278,460
06/04/2013,PUB,CO,ANM,WE,Towers with Radar,0,9,22,12,43,0,2,154,0,156,0,11,176,12,199,240,18,258,457
06/05/2013,PUB,CO,ANM,WE,Towers with Radar,0,15,9,0,24,0,1,14,0,15,0,16,23,0,39,36,0,36,75
06/06/2013,PUB,CO,ANM,WE,Towers with Radar,1,13,21,6,41,0,5,312,2,319,1,18,333,8,360,460,8,468,828
06/07/2013,PUB,CO,ANM,WE,Towers with Radar,2,13,20,2,37,0,1,273,0,274,2,14,293,2,311,343,0,343,654
06/08/2013,PUB,CO,ANM,WE,Towers with Radar,0,15,18,1,34,0,6,31,2,39,0,21,49,3,73,18,0,18,91
06/09/2013,PUB,CO,ANM,WE,Towers with Radar,0,12,18,0,30,0,2,76,0,78,0,14,94,0,108,84,0,84,192
06/10/2013,PUB,CO,ANM,WE,Towers with Radar,0,11,19,2,32,0,0,279,2,281,0,11,298,4,313,396,2,398,711
06/11/2013,PUB,CO,ANM,WE,Towers with Radar,0,15,9,8,32,0,2,242,2,246,0,17,251,10,278,238,0,238,516
06/12/2013,PUB,CO,ANM,WE,Towers with Radar,0,17,18,2,37,5,9,279,0,293,5,26,297,2,330,322,0,322,652
06/13/2013,PUB,CO,ANM,WE,Towers with Radar,2,15,28,2,47,6,3,240,0,249,8,18,268,2,296,300,0,300,596
06/14/2013,PUB,CO,ANM,WE,Towers with Radar,0,11,15,1,27,0,1,210,1,212,0,12,225,2,239,394,0,394,633
06/15/2013,PUB,CO,ANM,WE,Towers with Radar,0,12,38,1,51,1,7,65,0,73,1,19,103,1,124,90,0,90,214
06/16/2013,PUB,CO,ANM,WE,Towers with Radar,0,11,13,6,30,0,0,46,0,46,0,11,59,6,76,66,0,66,142
06/17/2013,PUB,CO,ANM,WE,Towers with Radar,0,14,18,2,34,0,0,250,0,250,0,14,268,2,284,346,0,346,630
06/18/2013,PUB,CO,ANM,WE,Towers with Radar,0,23,17,3,43,0,5,253,0,258,0,28,270,3,301,298,0,298,599
06/19/2013,PUB,CO,ANM,WE,Towers with Radar,0,16,31,4,51,1,4,216,3,224,1,20,247,7,275,466,2,468,743
06/20/2013,PUB,CO,ANM,WE,Towers with Radar,0,10,16,3,29,2,3,261,4,270,2,13,277,7,299,376,0,376,675
06/21/2013,PUB,CO,ANM,WE,Towers with Radar,7,10,20,2,39,10,5,231,10,256,17,15,251,12,295,344,0,344,639
06/22/2013,PUB,CO,ANM,WE,Towers with Radar,3,12,14,15,44,3,1,56,6,66,6,13,70,21,110,25,14,39,149
06/23/2013,PUB,CO,ANM,WE,Towers with Radar,4,15,14,0,33,7,0,32,8,47,11,15,46,8,80,18,0,18,98
06/24/2013,PUB,CO,ANM,WE,Towers with Radar,0,13,12,7,32,0,0,229,4,233,0,13,241,11,265,186,0,186,451
06/25/2013,PUB,CO,ANM,WE,Towers with Radar,6,12,23,12,53,4,0,272,7,283,10,12,295,19,336,54,0,54,390
06/26/2013,PUB,CO,ANM,WE,Towers with Radar,0,16,25,19,60,2,2,233,12,249,2,18,258,31,309,70,0,70,379
06/27/2013,PUB,CO,ANM,WE,Towers with Radar,0,19,14,22,55,0,2,147,11,160,0,21,161,33,215,108,4,112,327
06/28/2013,PUB,CO,ANM,WE,Towers with Radar,0,11,18,5,34,0,2,220,4,226,0,13,238,9,260,166,0,166,426
06/29/2013,PUB,CO,ANM,WE,Towers with Radar,3,10,18,0,31,0,3,201,0,204,3,13,219,0,235,192,0,192,427
06/30/2013,PUB,CO,ANM,WE,Towers with Radar,0,12,25,0,37,1,2,39,2,44,1,14,64,2,81,44,0,44,125
07/01/2013,PUB,CO,ANM,WE,Towers with Radar,0,18,14,0,32,0,2,213,1,216,0,20,227,1,248,282,0,282,530
07/02/2013,PUB,CO,ANM,WE,Towers with Radar,0,10,18,18,46,0,1,234,2,237,0,11,252,20,283,168,0,168,451
07/03/2013,PUB,CO,ANM,WE,Towers with Radar,0,10,24,2,36,0,2,238,0,240,0,12,262,2,276,162,0,162,438
07/04/2013,PUB,CO,ANM,WE,Towers with Radar,0,8,12,0,20,0,2,26,0,28,0,10,38,0,48,48,0,48,96
07/05/2013,PUB,CO,ANM,WE,Towers with Radar,0,18,11,0,29,0,3,35,0,38,0,21,46,0,67,8,0,8,75
07/06/2013,PUB,CO,ANM,WE,Towers with Radar,0,12,12,0,24,0,0,27,0,27,0,12,39,0,51,18,0,18,69
07/07/2013,PUB,CO,ANM,WE,Towers with Radar,2,18,28,0,48,0,8,53,0,61,2,26,81,0,109,30,0,30,139
07/08/2013,PUB,CO,ANM,WE,Towers with Radar,0,7,24,2,33,0,1,206,4,211,0,8,230,6,244,112,0,112,356
07/09/2013,PUB,CO,ANM,WE,Towers with Radar,0,11,21,2,34,0,2,220,0,222,0,13,241,2,256,238,0,238,494
07/10/2013,PUB,CO,ANM,WE,Towers with Radar,0,13,25,3,41,0,1,211,0,212,0,14,236,3,253,280,0,280,533
07/11/2013,PUB,CO,ANM,WE,Towers with Radar,0,13,36,7,56,0,5,197,1,203,0,18,233,8,259,354,2,356,615
07/12/2013,PUB,CO,ANM,WE,Towers with Radar,0,10,12,26,48,0,0,196,5,201,0,10,208,31,249,260,20,280,529
07/13/2013,PUB,CO,ANM,WE,Towers with Radar,8,11,9,0,28,2,0,37,2,41,10,11,46,2,69,31,0,31,100
07/14/2013,PUB,CO,ANM,WE,Towers with Radar,0,5,9,0,14,0,0,27,0,27,0,5,36,0,41,8,0,8,49
07/15/2013,PUB,CO,ANM,WE,Towers with Radar,8,20,19,14,61,0,0,54,1,55,8,20,73,15,116,96,2,98,214
07/16/2013,PUB,CO,ANM,WE,Towers with Radar,0,11,24,4,39,0,4,283,0,287,0,15,307,4,326,192,12,204,530
07/17/2013,PUB,CO,ANM,WE,Towers with Radar,4,11,8,19,42,0,1,245,5,251,4,12,253,24,293,324,26,350,643
07/18/2013,PUB,CO,ANM,WE,Towers with Radar,0,13,9,10,32,0,1,251,0,252,0,14,260,10,284,124,0,124,408
07/19/2013,PUB,CO,ANM,WE,Towers with Radar,3,10,19,0,32,0,5,204,2,211,3,15,223,2,243,150,0,150,393
07/20/2013,PUB,CO,ANM,WE,Towers with Radar,0,12,23,0,35,0,2,36,6,44,0,14,59,6,79,66,0,66,145
07/21/2013,PUB,CO,ANM,WE,Towers with Radar,2,18,27,4,51,0,3,61,5,69,2,21,88,9,120,68,2,70,190
07/22/2013,PUB,CO,ANM,WE,Towers with Radar,4,8,12,6,30,0,0,34,3,37,4,8,46,9,67,18,0,18,85
07/23/2013,PUB,CO,ANM,WE,Towers with Radar,0,9,10,0,19,0,5,259,3,267,0,14,269,3,286,216,0,216,502
07/24/2013,PUB,CO,ANM,WE,Towers with Radar,0,20,14,3,37,0,3,186,2,191,0,23,200,5,228,614,0,614,842
07/25/2013,PUB,CO,ANM,WE,Towers with Radar,3,12,13,3,31,0,0,208,5,213,3,12,221,8,244,182,0,182,426
07/26/2013,PUB,CO,ANM,WE,Towers with Radar,0,14,22,4,40,0,0,228,2,230,0,14,250,6,270,214,0,214,484
07/27/2013,PUB,CO,ANM,WE,Towers with Radar,0,10,27,3,40,0,4,82,4,90,0,14,109,7,130,36,0,36,166
07/28/2013,PUB,CO,ANM,WE,Towers with Radar,2,6,26,0,34,0,2,40,0,42,2,8,66,0,76,40,0,40,116
07/29/2013,PUB,CO,ANM,WE,Towers with Radar,3,12,24,0,39,0,0,147,0,147,3,12,171,0,186,396,0,396,582
07/30/2013,PUB,CO,ANM,WE,Towers with Radar,0,11,14,11,36,0,0,307,10,317,0,11,321,21,353,494,2,496,849
07/31/2013,PUB,CO,ANM,WE,Towers with Radar,0,10,31,4,45,0,10,290,4,304,0,20,321,8,349,303,4,307,656
08/01/2013,PUB,CO,ANM,WE,Towers with Radar,0,9,28,9,46,0,6,268,2,276,0,15,296,11,322,492,0,492,814
08/02/2013,PUB,CO,ANM,WE,Towers with Radar,0,11,32,4,47,0,5,249,3,257,0,16,281,7,304,310,0,310,614
08/03/2013,PUB,CO,ANM,WE,Towers with Radar,1,12,10,2,25,0,2,33,0,35,1,14,43,2,60,4,0,4,64
08/04/2013,PUB,CO,ANM,WE,Towers with Radar,0,10,51,13,74,0,6,57,2,65,0,16,108,15,139,60,8,68,207
08/05/2013,PUB,CO,ANM,WE,Towers with Radar,0,13,19,23,55,0,0,37,4,41,0,13,56,27,96,36,12,48,144
08/06/2013,PUB,CO,ANM,WE,Towers with Radar,1,15,8,21,45,0,5,302,4,311,1,20,310,25,356,420,8,428,784
08/07/2013,PUB,CO,ANM,WE,Towers with Radar,0,17,15,16,48,0,2,146,4,152,0,19,161,20,200,552,0,552,752
08/08/2013,PUB,CO,ANM,WE,Towers with Radar,0,13,31,16,60,0,2,85,1,88,0,15,116,17,148,172,25,197,345
08/09/2013,PUB,CO,ANM,WE,Towers with Radar,0,14,30,2,46,2,10,195,2,209,2,24,225,4,255,292,1,293,548
08/10/2013,PUB,CO,ANM,WE,Towers with Radar,0,11,29,8,48,0,2,22,0,24,0,13,51,8,72,32,0,32,104
08/11/2013,PUB,CO,ANM,WE,Towers with Radar,0,12,22,3,37,0,3,63,0,66,0,15,85,3,103,42,0,42,145
08/12/2013,PUB,CO,ANM,WE,Towers with Radar,0,14,14,0,28,0,1,290,0,291,0,15,304,0,319,322,0,322,641
08/13/2013,PUB,CO,ANM,WE,Towers with Radar,0,14,21,1,36,0,5,245,4,254,0,19,266,5,290,175,0,175,465
08/14/2013,PUB,CO,ANM,WE,Towers with Radar,0,15,19,0,34,0,0,199,2,201,0,15,218,2,235,172,0,172,407
08/15/2013,PUB,CO,ANM,WE,Towers with Radar,0,16,20,4,40,0,4,306,25,335,0,20,326,29,375,324,0,324,699
08/16/2013,PUB,CO,ANM,WE,Towers with Radar,0,14,17,0,31,0,1,268,0,269,0,15,285,0,300,318,2,320,620
08/17/2013,PUB,CO,ANM,WE,Towers with Radar,0,6,14,0,20,0,3,88,1,92,0,9,102,1,112,60,0,60,172
08/18/2013,PUB,CO,ANM,WE,Towers with Radar,0,4,11,1,16,0,5,39,3,47,0,9,50,4,63,36,0,36,99
08/19/2013,PUB,CO,ANM,WE,Towers with Radar,0,18,25,4,47,0,0,326,2,328,0,18,351,6,375,185,0,185,560
08/20/2013,PUB,CO,ANM,WE,Towers with Radar,0,8,13,9,30,0,0,287,1,288,0,8,300,10,318,336,0,336,654
08/21/2013,PUB,CO,ANM,WE,Towers with Radar,0,11,11,5,27,0,0,326,4,330,0,11,337,9,357,370,16,386,743
08/22/2013,PUB,CO,ANM,WE,Towers with Radar,12,17,25,3,57,0,2,286,0,288,12,19,311,3,345,344,0,344,689
08/23/2013,PUB,CO,ANM,WE,Towers with Radar,0,13,26,5,44,0,0,153,7,160,0,13,179,12,204,178,12,190,394
08/24/2013,PUB,CO,ANM,WE,Towers with Radar,0,7,17,25,49,0,7,56,5,68,0,14,73,30,117,60,0,60,177
08/25/2013,PUB,CO,ANM,WE,Towers with Radar,0,11,16,2,29,0,1,42,0,43,0,12,58,2,72,32,0,32,104
08/26/2013,PUB,CO,ANM,WE,Towers with Radar,0,12,19,5,36,0,0,301,2,303,0,12,320,7,339,322,0,322,661
08/27/2013,PUB,CO,ANM,WE,Towers with Radar,0,13,14,12,39,0,3,316,1,320,0,16,330,13,359,408,12,420,779
08/28/2013,PUB,CO,ANM,WE,Towers with Radar,0,9,13,7,29,0,4,304,2,310,0,13,317,9,339,264,48,312,651
08/29/2013,PUB,CO,ANM,WE,Towers with Radar,0,8,21,36,65,0,4,258,4,266,0,12,279,40,331,322,20,342,673
08/30/2013,PUB,CO,ANM,WE,Towers with Radar,0,9,15,2,26,0,1,248,0,249,0,10,263,2,275,250,0,250,525
08/31/2013,PUB,CO,ANM,WE,Towers with Radar,0,9,22,0,31,0,6,37,0,43,0,15,59,0,74,62,0,62,136
09/01/2013,PUB,CO,ANM,WE,Towers with Radar,0,9,8,0,17,0,2,24,0,26,0,11,32,0,43,12,0,12,55
09/02/2013,PUB,CO,ANM,WE,Towers with Radar,0,18,18,0,36,0,0,49,0,49,0,18,67,0,85,54,0,54,139
09/03/2013,PUB,CO,ANM,WE,Towers with Radar,0,14,11,2,27,0,2,306,2,310,0,16,317,4,337,470,2,472,809
09/04/2013,PUB,CO,ANM,WE,Towers with Radar,2,19,10,7,38,0,2,222,1,225,2,21,232,8,263,478,22,500,763
09/05/2013,PUB,CO,ANM,WE,Towers with Radar,0,10,24,2,36,0,2,323,0,325,0,12,347,2,361,518,0,518,879
09/06/2013,PUB,CO,ANM,WE,Towers with Radar,0,6,15,36,57,0,2,263,4,269,0,8,278,40,326,444,3,447,773
09/07/2013,PUB,CO,ANM,WE,Towers with Radar,0,7,18,4,29,0,5,39,5,49,0,12,57,9,78,34,10,44,122
09/08/2013,PUB,CO,ANM,WE,Towers with Radar,0,11,22,12,45,0,0,28,11,39,0,11,50,23,84,12,44,56,140
09/09/2013,PUB,CO,ANM,WE,Towers with Radar,0,11,23,56,90,0,6,290,5,301,0,17,313,61,391,470,0,470,861
09/10/2013,PUB,CO,ANM,WE,Towers with Radar,6,12,14,51,83,0,4,224,0,228,6,16,238,51,311,458,0,458,769
09/11/2013,PUB,CO,ANM,WE,Towers with Radar,0,15,14,15,44,0,1,30,2,33,0,16,44,17,77,200,22,222,299
09/12/2013,PUB,CO,ANM,WE,Towers with Radar,1,18,21,8,48,0,5,98,0,103,1,23,119,8,151,314,2,316,467
09/13/2013,PUB,CO,ANM,WE,Towers with Radar,0,15,18,0,33,0,1,135,7,143,0,16,153,7,176,222,0,222,398
09/14/2013,PUB,CO,ANM,WE,Towers with Radar,12,8,17,0,37,0,0,29,0,29,12,8,46,0,66,42,0,42,108
09/15/2013,PUB,CO,ANM,WE,Towers with Radar,0,5,5,0,10,0,0,9,0,9,0,5,14,0,19,8,0,8,27
09/16/2013,PUB,CO,ANM,WE,Towers with Radar,0,13,18,0,31,0,0,106,1,107,0,13,124,1,138,552,0,552,690
09/17/2013,PUB,CO,ANM,WE,Towers with Radar,0,12,20,6,38,0,5,304,5,314,0,17,324,11,352,412,54,466,818
09/18/2013,PUB,CO,ANM,WE,Towers with Radar,0,16,34,3,53,0,1,358,8,367,0,17,392,11,420,517,16,533,953
09/19/2013,PUB,CO,ANM,WE,Towers with Radar,0,14,28,1,43,0,2,312,1,315,0,16,340,2,358,360,0,360,718
09/20/2013,PUB,CO,ANM,WE,Towers with Radar,2,13,16,0,31,0,0,251,2,253,2,13,267,2,284,260,0,260,544
09/21/2013,PUB,CO,ANM,WE,Towers with Radar,0,8,17,0,25,0,4,350,0,354,0,12,367,0,379,270,0,270,649
09/22/2013,PUB,CO,ANM,WE,Towers with Radar,6,8,29,27,70,0,2,40,6,48,6,10,69,33,118,38,28,66,184
09/23/2013,PUB,CO,ANM,WE,Towers with Radar,1,10,10,1,22,0,0,239,1,240,1,10,249,2,262,220,0,220,482
09/24/2013,PUB,CO,ANM,WE,Towers with Radar,1,13,16,10,40,0,2,330,1,333,1,15,346,11,373,344,0,344,717
09/25/2013,PUB,CO,ANM,WE,Towers with Radar,0,11,24,4,39,0,8,298,2,308,0,19,322,6,347,408,0,408,755
09/26/2013,PUB,CO,ANM,WE,Towers with Radar,1,11,23,7,42,0,6,276,1,283,1,17,299,8,325,360,0,360,685
09/27/2013,PUB,CO,ANM,WE,Towers with Radar,0,15,17,17,49,0,1,138,6,145,0,16,155,23,194,164,24,188,382
09/28/2013,PUB,CO,ANM,WE,Towers with Radar,0,17,13,20,50,0,2,111,5,118,0,19,124,25,168,158,8,166,334
09/29/2013,PUB,CO,ANM,WE,Towers with Radar,0,10,14,2,26,0,2,52,0,54,0,12,66,2,80,36,0,36,116
09/30/2013,PUB,CO,ANM,WE,Towers with Radar,0,10,12,40,62,0,0,277,3,280,0,10,289,43,342,458,4,462,804
10/01/2013,PUB,CO,ANM,WE,Towers with Radar,0,9,16,34,59,0,2,295,0,297,0,11,311,34,356,410,0,410,766
10/02/2013,PUB,CO,ANM,WE,Towers with Radar,0,11,18,19,48,0,2,284,1,287,0,13,302,20,335,212,0,212,547
10/03/2013,PUB,CO,ANM,WE,Towers with Radar,0,11,4,0,15,0,4,291,0,295,0,15,295,0,310,394,0,394,704
10/04/2013,PUB,CO,ANM,WE,Towers with Radar,0,23,11,0,34,0,8,109,0,117,0,31,120,0,151,34,0,34,185
10/05/2013,PUB,CO,ANM,WE,Towers with Radar,0,12,20,0,32,0,0,70,0,70,0,12,90,0,102,56,0,56,158
10/06/2013,PUB,CO,ANM,WE,Towers with Radar,0,10,27,0,37,0,6,69,0,75,0,16,96,0,112,132,0,132,244
10/07/2013,PUB,CO,ANM,WE,Towers with Radar,0,10,11,0,21,0,0,315,1,316,0,10,326,1,337,460,0,460,797
10/08/2013,PUB,CO,ANM,WE,Towers with Radar,0,20,19,0,39,0,8,325,4,337,0,28,344,4,376,604,0,604,980
10/09/2013,PUB,CO,ANM,WE,Towers with Radar,0,11,34,8,53,0,2,321,1,324,0,13,355,9,377,510,22,532,909
10/10/2013,PUB,CO,ANM,WE,Towers with Radar,2,11,18,0,31,0,0,193,0,193,2,11,211,0,224,396,16,412,636
10/11/2013,PUB,CO,ANM,WE,Towers with Radar,0,9,34,0,43,0,3,63,0,66,0,12,97,0,109,32,0,32,141
10/12/2013,PUB,CO,ANM,WE,Towers with Radar,0,10,22,0,32,0,5,31,0,36,0,15,53,0,68,44,0,44,112
10/13/2013,PUB,CO,ANM,WE,Towers with Radar,0,12,29,0,41,2,0,52,0,54,2,12,81,0,95,62,0,62,157
10/14/2013,PUB,CO,ANM,WE,Towers with Radar,5,20,11,0,36,0,5,15,0,20,5,25,26,0,56,10,0,10,66
10/15/2013,PUB,CO,ANM,WE,Towers with Radar,0,11,18,3,32,0,2,344,0,346,0,13,362,3,378,704,6,710,1088
10/16/2013,PUB,CO,ANM,WE,Towers with Radar,0,12,27,14,53,0,0,165,0,165,0,12,192,14,218,425,12,437,655
10/17/2013,PUB,CO,ANM,WE,Towers with Radar,0,12,25,15,52,0,2,348,4,354,0,14,373,19,406,566,10,576,982
10/18/2013,PUB,CO,ANM,WE,Towers with Radar,2,12,12,6,32,0,0,146,0,146,2,12,158,6,178,272,8,280,458
10/19/2013,PUB,CO,ANM,WE,Towers with Radar,0,20,22,18,60,0,12,76,20,108,0,32,98,38,168,66,56,122,290
10/20/2013,PUB,CO,ANM,WE,Towers with Radar,0,18,39,0,57,0,2,42,0,44,0,20,81,0,101,24,0,24,125
10/21/2013,PUB,CO,ANM,WE,Towers with Radar,2,14,11,2,29,0,4,314,1,319,2,18,325,3,348,322,0,322,670
10/22/2013,PUB,CO,ANM,WE,Towers with Radar,0,7,14,11,32,0,4,302,2,308,0,11,316,13,340,316,18,334,674
10/23/2013,PUB,CO,ANM,WE,Towers with Radar,0,10,22,3,35,0,0,341,1,342,0,10,363,4,377,432,0,432,809
10/24/2013,PUB,CO,ANM,WE,Towers with Radar,0,8,17,14,39,0,0,215,6,221,0,8,232,20,260,314,24,338,598
10/25/2013,PUB,CO,ANM,WE,Towers with Radar,0,6,18,1,25,0,2,231,0,233,0,8,249,1,258,202,0,202,460
10/26/2013,PUB,CO,ANM,WE,Towers with Radar,0,8,22,23,53,0,6,66,6,78,0,14,88,29,131,36,4,40,171
10/27/2013,PUB,CO,ANM,WE,Towers with Radar,0,6,28,14,48,0,0,49,6,55,0,6,77,20,103,32,6,38,141
10/28/2013,PUB,CO,ANM,WE,Towers with Radar,0,20,16,3,39,0,1,242,1,244,0,21,258,4,283,332,0,332,615
10/29/2013,PUB,CO,ANM,WE,Towers with Radar,0,10,19,12,41,0,0,157,3,160,0,10,176,15,201,362,20,382,583
10/30/2013,PUB,CO,ANM,WE,Towers with Radar,2,9,41,23,75,0,0,189,2,191,2,9,230,25,266,292,0,292,558
10/31/2013,PUB,CO,ANM,WE,Towers with Radar,0,8,8,26,42,0,3,284,5,292,0,11,292,31,334,318,0,318,652
11/01/2013,PUB,CO,ANM,WE,Towers with Radar,0,15,20,36,71,0,3,272,0,275,0,18,292,36,346,272,18,290,636
11/02/2013,PUB,CO,ANM,WE,Towers with Radar,0,6,28,7,41,0,1,62,5,68,0,7,90,12,109,24,12,36,145
11/03/2013,PUB,CO,ANM,WE,Towers with Radar,0,7,27,3,37,0,0,25,0,25,0,7,52,3,62,40,12,52,114
11/04/2013,PUB,CO,ANM,WE,Towers with Radar,0,12,30,4,46,0,0,278,11,289,0,12,308,15,335,408,0,408,743
11/05/2013,PUB,CO,ANM,WE,Towers with Radar,0,11,7,15,33,0,1,33,7,41,0,12,40,22,74,40,32,72,146
11/06/2013,PUB,CO,ANM,WE,Towers with Radar,0,10,34,22,66,0,2,286,12,300,0,12,320,34,366,426,58,484,850
11/07/2013,PUB,CO,ANM,WE,Towers with Radar,0,10,19,46,75,0,3,345,4,352,0,13,364,50,427,548,34,582,1009
11/08/2013,PUB,CO,ANM,WE,Towers with Radar,0,10,23,0,33,0,0,125,0,125,0,10,148,0,158,154,0,154,312
11/09/2013,PUB,CO,ANM,WE,Towers with Radar,0,8,28,0,36,0,1,69,0,70,0,9,97,0,106,28,0,28,134
11/10/2013,PUB,CO,ANM,WE,Towers with Radar,0,8,32,0,40,0,0,44,0,44,0,8,76,0,84,60,0,60,144
11/11/2013,PUB,CO,ANM,WE,Towers with Radar,0,9,7,0,16,0,0,28,0,28,0,9,35,0,44,42,0,42,86
11/12/2013,PUB,CO,ANM,WE,Towers with Radar,0,12,18,14,44,0,0,243,3,246,0,12,261,17,290,536,0,536,826
11/13/2013,PUB,CO,ANM,WE,Towers with Radar,0,14,14,61,89,0,2,241,7,250,0,16,255,68,339,248,12,260,599
11/14/2013,PUB,CO,ANM,WE,Towers with Radar,0,12,34,47,93,0,3,315,8,326,0,15,349,55,419,142,0,142,561
11/15/2013,PUB,CO,ANM,WE,Towers with Radar,1,14,32,6,53,0,0,283,5,288,1,14,315,11,341,436,18,454,795
11/16/2013,PUB,CO,ANM,WE,Towers with Radar,0,16,12,4,32,0,1,34,4,39,0,17,46,8,71,28,0,28,99
11/17/2013,PUB,CO,ANM,WE,Towers with Radar,0,10,7,0,17,0,2,53,0,55,0,12,60,0,72,32,0,32,104
11/18/2013,PUB,CO,ANM,WE,Towers with Radar,2,15,40,21,78,0,1,264,7,272,2,16,304,28,350,202,38,240,590
11/19/2013,PUB,CO,ANM,WE,Towers with Radar,0,10,15,26,51,0,0,163,8,171,0,10,178,34,222,232,0,232,454
11/20/2013,PUB,CO,ANM,WE,Towers with Radar,0,15,28,15,58,0,7,278,1,286,0,22,306,16,344,464,34,498,842
11/21/2013,PUB,CO,ANM,WE,Towers with Radar,0,5,9,14,28,0,0,2,0,2,0,5,11,14,30,0,30,30,60
11/22/2013,PUB,CO,ANM,WE,Towers with Radar,0,9,12,10,31,0,0,0,0,0,0,9,12,10,31,0,0,0,31
11/23/2013,PUB,CO,ANM,WE,Towers with Radar,2,9,9,0,20,0,0,106,1,107,2,9,115,1,127,262,0,262,389
11/24/2013,PUB,CO,ANM,WE,Towers with Radar,0,4,2,1,7,0,0,7,0,7,0,4,9,1,14,16,0,16,30
11/25/2013,PUB,CO,ANM,WE,Towers with Radar,0,10,16,11,37,0,0,53,1,54,0,10,69,12,91,66,0,66,157
11/26/2013,PUB,CO,ANM,WE,Towers with Radar,2,9,21,6,38,0,0,230,1,231,2,9,251,7,269,321,0,321,590
11/27/2013,PUB,CO,ANM,WE,Towers with Radar,0,6,23,1,30,0,3,224,2,229,0,9,247,3,259,282,0,282,541
11/28/2013,PUB,CO,ANM,WE,Towers with Radar,0,2,2,0,4,0,0,9,0,9,0,2,11,0,13,22,0,22,35
11/29/2013,PUB,CO,ANM,WE,Towers with Radar,0,11,15,0,26,0,4,29,1,34,0,15,44,1,60,36,0,36,96
11/30/2013,PUB,CO,ANM,WE,Towers with Radar,0,7,29,0,36,0,1,80,0,81,0,8,109,0,117,100,0,100,217
12/01/2013,PUB,CO,ANM,WE,Towers with Radar,2,7,33,0,42,0,1,30,0,31,2,8,63,0,73,0,0,0,73
12/02/2013,PUB,CO,ANM,WE,Towers with Radar,0,13,14,5,32,0,1,209,0,210,0,14,223,5,242,184,6,190,432
12/03/2013,PUB,CO,ANM,WE,Towers with Radar,0,9,14,0,23,0,0,233,0,233,0,9,247,0,256,400,0,400,656
12/04/2013,PUB,CO,ANM,WE,Towers with Radar,0,7,6,0,13,0,0,2,0,2,0,7,8,0,15,54,0,54,69
12/05/2013,PUB,CO,ANM,WE,Towers with Radar,0,8,17,1,26,0,4,205,1,210,0,12,222,2,236,758,0,758,994
12/06/2013,PUB,CO,ANM,WE,Towers with Radar,2,7,11,2,22,0,0,51,0,51,2,7,62,2,73,104,0,104,177
12/07/2013,PUB,CO,ANM,WE,Towers with Radar,0,7,4,0,11,0,0,0,0,0,0,7,4,0,11,0,0,0,11
12/08/2013,PUB,CO,ANM,WE,Towers with Radar,0,7,18,0,25,0,0,5,0,5,0,7,23,0,30,0,0,0,30
12/09/2013,PUB,CO,ANM,WE,Towers with Radar,2,8,26,2,38,0,1,240,2,243,2,9,266,4,281,302,0,302,583
12/10/2013,PUB,CO,ANM,WE,Towers with Radar,0,5,25,4,34,0,4,177,2,183,0,9,202,6,217,138,0,138,355
12/11/2013,PUB,CO,ANM,WE,Towers with Radar,0,11,16,0,27,0,2,249,2,253,0,13,265,2,280,420,26,446,726
12/12/2013,PUB,CO,ANM,WE,Towers with Radar,0,16,10,3,29,0,0,219,0,219,0,16,229,3,248,258,0,258,506
12/13/2013,PUB,CO,ANM,WE,Towers with Radar,0,6,17,19,42,0,2,156,3,161,0,8,173,22,203,276,0,276,479
12/14/2013,PUB,CO,ANM,WE,Towers with Radar,0,4,33,29,66,0,0,55,5,60,0,4,88,34,126,52,0,52,178
12/15/2013,PUB,CO,ANM,WE,Towers with Radar,0,2,24,5,31,0,6,64,0,70,0,8,88,5,101,46,0,46,147
12/16/2013,PUB,CO,ANM,WE,Towers with Radar,0,9,22,4,35,0,2,129,0,131,0,11,151,4,166,176,0,176,342
12/17/2013,PUB,CO,ANM,WE,Towers with Radar,0,11,14,8,33,0,0,128,5,133,0,11,142,13,166,215,30,245,411
12/18/2013,PUB,CO,ANM,WE,Towers with Radar,0,6,22,2,30,0,0,72,2,74,0,6,94,4,104,156,16,172,276
12/19/2013,PUB,CO,ANM,WE,Towers with Radar,0,8,23,3,34,0,4,84,3,91,0,12,107,6,125,80,0,80,205
12/20/2013,PUB,CO,ANM,WE,Towers with Radar,0,9,19,0,28,0,0,3,0,3,0,9,22,0,31,10,0,10,41
12/21/2013,PUB,CO,ANM,WE,Towers with Radar,2,12,12,15,41,0,4,35,1,40,2,16,47,16,81,16,20,36,117
12/22/2013,PUB,CO,ANM,WE,Towers with Radar,0,4,9,0,13,0,0,30,0,30,0,4,39,0,43,10,0,10,53
12/23/2013,PUB,CO,ANM,WE,Towers with Radar,0,6,9,12,27,0,2,16,0,18,0,8,25,12,45,0,0,0,45
12/24/2013,PUB,CO,ANM,WE,Towers with Radar,0,13,3,0,16,0,0,5,0,5,0,13,8,0,21,0,0,0,21
12/25/2013,PUB,CO,ANM,WE,Towers with Radar,0,6,6,0,12,0,0,2,0,2,0,6,8,0,14,0,0,0,14
12/26/2013,PUB,CO,ANM,WE,Towers with Radar,0,7,8,0,15,0,2,19,0,21,0,9,27,0,36,24,16,40,76
12/27/2013,PUB,CO,ANM,WE,Towers with Radar,0,10,12,11,33,0,3,56,6,65,0,13,68,17,98,74,70,144,242
12/28/2013,PUB,CO,ANM,WE,Towers with Radar,0,6,29,0,35,0,0,39,0,39,0,6,68,0,74,32,0,32,106
12/29/2013,PUB,CO,ANM,WE,Towers with Radar,0,12,14,0,26,0,0,13,0,13,0,12,27,0,39,0,0,0,39
12/30/2013,PUB,CO,ANM,WE,Towers with Radar,0,13,12,0,25,0,2,10,2,14,0,15,22,2,39,12,0,12,51
12/31/2013,PUB,CO,ANM,WE,Towers with Radar,0,10,16,0,26,0,2,25,0,27,0,12,41,0,53,30,0,30,83
01/01/2014,PUB,CO,ANM,WE,Towers with Radar,0,0,4,0,4,0,0,9,0,9,0,0,13,0,13,4,0,4,17
01/02/2014,PUB,CO,ANM,WE,Towers with Radar,0,4,11,0,15,0,4,31,0,35,0,8,42,0,50,12,0,12,62
01/03/2014,PUB,CO,ANM,WE,Towers with Radar,0,7,11,0,18,0,4,27,1,32,0,11,38,1,50,8,0,8,58
01/04/2014,PUB,CO,ANM,WE,Towers with Radar,0,2,7,0,9,0,0,0,0,0,0,2,7,0,9,0,0,0,9
01/05/2014,PUB,CO,ANM,WE,Towers with Radar,0,9,17,0,26,0,2,14,0,16,0,11,31,0,42,28,0,28,70
01/06/2014,PUB,CO,ANM,WE,Towers with Radar,0,11,22,1,34,0,3,58,2,63,0,14,80,3,97,102,0,102,199
01/07/2014,PUB,CO,ANM,WE,Towers with Radar,0,4,20,2,26,0,1,79,3,83,0,5,99,5,109,196,0,196,305
01/08/2014,PUB,CO,ANM,WE,Towers with Radar,0,12,21,14,47,0,0,99,2,101,0,12,120,16,148,170,20,190,338
01/09/2014,PUB,CO,ANM,WE,Towers with Radar,0,10,10,3,23,0,0,110,6,116,0,10,120,9,139,142,0,142,281
01/10/2014,PUB,CO,ANM,WE,Towers with Radar,0,5,18,0,23,0,0,2,0,2,0,5,20,0,25,0,0,0,25
01/11/2014,PUB,CO,ANM,WE,Towers with Radar,0,2,22,0,24,0,3,74,2,79,0,5,96,2,103,34,0,34,137
01/12/2014,PUB,CO,ANM,WE,Towers with Radar,0,4,10,0,14,0,1,3,0,4,0,5,13,0,18,0,0,0,18
01/13/2014,PUB,CO,ANM,WE,Towers with Radar,0,9,14,0,23,0,0,115,7,122,0,9,129,7,145,34,0,34,179
01/14/2014,PUB,CO,ANM,WE,Towers with Radar,0,7,10,6,23,0,0,225,0,225,0,7,235,6,248,88,4,92,340
01/15/2014,PUB,CO,ANM,WE,Towers with Radar,0,7,22,4,33,0,1,269,4,274,0,8,291,8,307,234,22,256,563
01/16/2014,PUB,CO,ANM,WE,Towers with Radar,0,6,18,21,45,0,4,263,5,272,0,10,281,26,317,214,20,234,551
01/17/2014,PUB,CO,ANM,WE,Towers with Radar,0,7,25,4,36,0,1,328,0,329,0,8,353,4,365,284,0,284,649
01/18/2014,PUB,CO,ANM,WE,Towers with Radar,0,3,19,8,30,0,1,103,2,106,0,4,122,10,136,96,0,96,232
01/19/2014,PUB,CO,ANM,WE,Towers with Radar,0,0,6,0,6,0,1,33,0,34,0,1,39,0,40,36,0,36,76
01/20/2014,PUB,CO,ANM,WE,Towers with Radar,0,8,24,0,32,0,0,38,0,38,0,8,62,0,70,20,0,20,90
01/21/2014,PUB,CO,ANM,WE,Towers with Radar,0,4,16,21,41,0,3,253,3,259,0,7,269,24,300,192,22,214,514
01/22/2014,PUB,CO,ANM,WE,Towers with Radar,0,5,17,12,34,0,0,279,1,280,0,5,296,13,314,444,8,452,766
01/23/2014,PUB,CO,ANM,WE,Towers with Radar,0,6,11,22,39,0,2,124,3,129,0,8,135,25,168,372,10,382,550
01/24/2014,PUB,CO,ANM,WE,Towers with Radar,2,12,16,54,84,0,0,351,1,352,2,12,367,55,436,598,0,598,1034
01/25/2014,PUB,CO,ANM,WE,Towers with Radar,0,7,28,0,35,0,3,90,0,93,0,10,118,0,128,42,0,42,170
01/26/2014,PUB,CO,ANM,WE,Towers with Radar,2,3,18,0,23,0,0,35,1,36,2,3,53,1,59,16,0,16,75
01/27/2014,PUB,CO,ANM,WE,Towers with Radar,1,11,7,6,25,0,0,209,0,209,1,11,216,6,234,578,16,594,828
01/28/2014,PUB,CO,ANM,WE,Towers with Radar,1,9,27,2,39,0,4,129,1,134,1,13,156,3,173,144,0,144,317
01/29/2014,PUB,CO,ANM,WE,Towers with Radar,0,9,15,1,25,0,1,273,5,279,0,10,288,6,304,351,0,351,655
01/30/2014,PUB,CO,ANM,WE,Towers with Radar,2,7,13,0,22,0,0,2,2,4,2,7,15,2,26,6,0,6,32
01/31/2014,PUB,CO,ANM,WE,Towers with Radar,2,9,15,0,26,0,0,0,0,0,2,9,15,0,26,0,0,0,26
02/01/2014,PUB,CO,ANM,WE,Towers with Radar,0,4,1,4,9,0,0,0,0,0,0,4,1,4,9,0,0,0,9
02/02/2014,PUB,CO,ANM,WE,Towers with Radar,0,4,9,0,13,0,0,12,0,12,0,4,21,0,25,34,0,34,59
02/03/2014,PUB,CO,ANM,WE,Towers with Radar,0,12,26,4,42,0,0,201,5,206,0,12,227,9,248,496,3,499,747
02/04/2014,PUB,CO,ANM,WE,Towers with Radar,0,4,8,0,12,0,0,0,0,0,0,4,8,0,12,0,0,0,12
02/05/2014,PUB,CO,ANM,WE,Towers with Radar,0,13,32,13,58,0,0,11,1,12,0,13,43,14,70,4,18,22,92
02/06/2014,PUB,CO,ANM,WE,Towers with Radar,0,14,10,0,24,0,5,275,0,280,0,19,285,0,304,640,0,640,944
02/07/2014,PUB,CO,ANM,WE,Towers with Radar,0,8,16,44,68,0,3,332,5,340,0,11,348,49,408,540,2,542,950
02/08/2014,PUB,CO,ANM,WE,Towers with Radar,0,3,15,3,21,1,4,257,2,264,1,7,272,5,285,508,0,508,793
02/09/2014,PUB,CO,ANM,WE,Towers with Radar,0,5,8,0,13,0,0,0,0,0,0,5,8,0,13,0,0,0,13
02/10/2014,PUB,CO,ANM,WE,Towers with Radar,0,7,8,0,15,0,0,0,0,0,0,7,8,0,15,0,0,0,15
02/11/2014,PUB,CO,ANM,WE,Towers with Radar,0,6,14,67,87,0,0,181,14,195,0,6,195,81,282,460,34,494,776
02/12/2014,PUB,CO,ANM,WE,Towers with Radar,0,3,23,64,90,0,0,260,7,267,0,3,283,71,357,340,47,387,744
02/13/2014,PUB,CO,ANM,WE,Towers with Radar,0,8,11,17,36,0,0,318,9,327,0,8,329,26,363,367,20,387,750
02/14/2014,PUB,CO,ANM,WE,Towers with Radar,0,9,28,2,39,0,2,202,0,204,0,11,230,2,243,258,0,258,501
02/15/2014,PUB,CO,ANM,WE,Towers with Radar,0,5,14,5,24,0,0,35,1,36,0,5,49,6,60,38,2,40,100
02/16/2014,PUB,CO,ANM,WE,Towers with Radar,0,3,25,0,28,0,2,22,0,24,0,5,47,0,52,26,0,26,78
02/17/2014,PUB,CO,ANM,WE,Towers with Radar,0,10,15,0,25,0,3,27,0,30,0,13,42,0,55,14,0,14,69
02/18/2014,PUB,CO,ANM,WE,Towers with Radar,0,5,12,12,29,0,2,368,10,380,0,7,380,22,409,566,0,566,975
02/19/2014,PUB,CO,ANM,WE,Towers with Radar,0,6,27,7,40,0,0,323,9,332,0,6,350,16,372,518,18,536,908
02/20/2014,PUB,CO,ANM,WE,Towers with Radar,0,4,8,0,12,0,4,148,0,152,0,8,156,0,164,104,0,104,268
02/21/2014,PUB,CO,ANM,WE,Towers with Radar,0,2,35,8,45,0,2,59,1,62,0,4,94,9,107,22,0,22,129
02/22/2014,PUB,CO,ANM,WE,Towers with Radar,0,4,21,8,33,0,4,289,0,293,0,8,310,8,326,324,4,328,654
02/23/2014,PUB,CO,ANM,WE,Towers with Radar,0,5,28,2,35,0,0,59,1,60,0,5,87,3,95,58,0,58,153
02/24/2014,PUB,CO,ANM,WE,Towers with Radar,0,6,13,10,29,0,2,256,9,267,0,8,269,19,296,338,0,338,634
02/25/2014,PUB,CO,ANM,WE,Towers with Radar,0,3,12,1,16,0,2,290,1,293,0,5,302,2,309,504,0,504,813
02/26/2014,PUB,CO,ANM,WE,Towers with Radar,0,5,21,6,32,0,0,286,4,290,0,5,307,10,322,476,2,478,800
02/27/2014,PUB,CO,ANM,WE,Towers with Radar,0,12,11,8,31,0,3,217,3,223,0,15,228,11,254,280,0,280,534
02/28/2014,PUB,CO,ANM,WE,Towers with Radar,4,6,34,2,46,0,4,142,1,147,4,10,176,3,193,32,0,32,225
03/01/2014,PUB,CO,ANM,WE,Towers with Radar,0,7,14,0,21,0,0,0,0,0,0,7,14,0,21,0,0,0,21
03/02/2014,PUB,CO,ANM,WE,Towers with Radar,0,3,12,0,15,0,0,2,0,2,0,3,14,0,17,0,0,0,17
03/03/2014,PUB,CO,ANM,WE,Towers with Radar,1,3,18,4,26,0,1,325,2,328,1,4,343,6,354,520,0,520,874
03/04/2014,PUB,CO,ANM,WE,Towers with Radar,0,8,15,4,27,0,2,315,0,317,0,10,330,4,344,406,4,410,754
03/05/2014,PUB,CO,ANM,WE,Towers with Radar,0,5,26,0,31,0,4,345,4,353,0,9,371,4,384,594,0,594,978
03/06/2014,PUB,CO,ANM,WE,Towers with Radar,0,6,31,5,42,0,5,251,2,258,0,11,282,7,300,424,8,432,732
03/07/2014,PUB,CO,ANM,WE,Towers with Radar,0,4,16,1,21,0,4,237,1,242,0,8,253,2,263,518,0,518,781
03/08/2014,PUB,CO,ANM,WE,Towers with Radar,0,5,22,1,28,0,3,37,3,43,0,8,59,4,71,22,0,22,93
03/09/2014,PUB,CO,ANM,WE,Towers with Radar,0,2,33,14,49,0,0,80,1,81,0,2,113,15,130,36,0,36,166
03/10/2014,PUB,CO,ANM,WE,Towers with Radar,0,9,20,13,42,0,1,287,8,296,0,10,307,21,338,280,10,290,628
03/11/2014,PUB,CO,ANM,WE,Towers with Radar,0,9,17,0,26,0,2,80,0,82,0,11,97,0,108,110,0,110,218
03/12/2014,PUB,CO,ANM,WE,Towers with Radar,0,5,31,9,45,0,0,267,3,270,0,5,298,12,315,354,0,354,669
03/13/2014,PUB,CO,ANM,WE,Towers with Radar,0,12,23,2,37,0,1,233,1,235,0,13,256,3,272,234,0,234,506
03/14/2014,PUB,CO,ANM,WE,Towers with Radar,0,16,14,25,55,0,1,271,0,272,0,17,285,25,327,410,2,412,739
03/15/2014,PUB,CO,ANM,WE,Towers with Radar,0,5,13,0,18,0,0,9,0,9,0,5,22,0,27,10,0,10,37
03/16/2014,PUB,CO,ANM,WE,Towers with Radar,0,2,22,2,26,0,2,64,2,68,0,4,86,4,94,46,0,46,140
03/17/2014,PUB,CO,ANM,WE,Towers with Radar,0,16,4,0,20,0,10,214,0,224,0,26,218,0,244,486,0,486,730
03/18/2014,PUB,CO,ANM,WE,Towers with Radar,0,6,6,0,12,0,0,15,0,15,0,6,21,0,27,18,0,18,45
03/19/2014,PUB,CO,ANM,WE,Towers with Radar,0,6,36,12,54,1,0,267,0,268,1,6,303,12,322,454,6,460,782
03/20/2014,PUB,CO,ANM,WE,Towers with Radar,0,10,23,0,33,0,2,167,0,169,0,12,190,0,202,392,0,392,594
03/21/2014,PUB,CO,ANM,WE,Towers with Radar,0,10,23,0,33,0,3,100,1,104,0,13,123,1,137,199,0,199,336
03/22/2014,PUB,CO,ANM,WE,Towers with Radar,0,3,5,0,8,0,0,5,0,5,0,3,10,0,13,4,0,4,17
03/23/2014,PUB,CO,ANM,WE,Towers with Radar,0,2,18,0,20,0,2,6,0,8,0,4,24,0,28,12,0,12,40
03/24/2014,PUB,CO,ANM,WE,Towers with Radar,0,5,27,12,44,0,0,255,2,257,0,5,282,14,301,280,6,286,587
03/25/2014,PUB,CO,ANM,WE,Towers with Radar,0,5,19,10,34,0,0,236,7,243,0,5,255,17,277,200,6,206,483
03/26/2014,PUB,CO,ANM,WE,Towers with Radar,0,4,22,8,34,0,2,182,4,188,0,6,204,12,222,158,0,158,380
03/27/2014,PUB,CO,ANM,WE,Towers with Radar,0,8,10,2,20,0,0,203,3,206,0,8,213,5,226,90,0,90,316
03/28/2014,PUB,CO,ANM,WE,Towers with Radar,2,6,30,24,62,0,0,226,11,237,2,6,256,35,299,202,12,214,513
03/29/2014,PUB,CO,ANM,WE,Towers with Radar,0,4,16,16,36,0,2,47,7,56,0,6,63,23,92,36,2,38,130
03/30/2014,PUB,CO,ANM,WE,Towers with Radar,2,2,23,0,27,0,0,30,0,30,2,2,53,0,57,14,0,14,71
03/31/2014,PUB,CO,ANM,WE,Towers with Radar,2,4,14,1,21,0,0,56,1,57,2,4,70,2,78,12,4,16,94
04/01/2014,PUB,CO,ANM,WE,Towers with Radar,0,8,13,2,23,0,0,235,2,237,0,8,248,4,260,368,0,368,628
04/02/2014,PUB,CO,ANM,WE,Towers with Radar,2,14,14,20,50,0,0,75,6,81,2,14,89,26,131,180,12,192,323
04/03/2014,PUB,CO,ANM,WE,Towers with Radar,0,9,19,0,28,0,2,3,1,6,0,11,22,1,34,0,0,0,34
04/04/2014,PUB,CO,ANM,WE,Towers with Radar,0,11,17,2,30,0,0,225,0,225,0,11,242,2,255,354,2,356,611
04/05/2014,PUB,CO,ANM,WE,Towers with Radar,0,4,17,1,22,0,3,50,0,53,0,7,67,1,75,22,0,22,97
04/06/2014,PUB,CO,ANM,WE,Towers with Radar,0,5,20,0,25,0,0,27,0,27,0,5,47,0,52,26,0,26,78
04/07/2014,PUB,CO,ANM,WE,Towers with Radar,0,13,11,11,35,0,1,100,2,103,0,14,111,13,138,30,14,44,182
04/08/2014,PUB,CO,ANM,WE,Towers with Radar,0,9,15,3,27,0,1,279,2,282,0,10,294,5,309,486,0,486,795
04/09/2014,PUB,CO,ANM,WE,Towers with Radar,0,5,10,10,25,0,2,217,17,236,0,7,227,27,261,192,4,196,457
04/10/2014,PUB,CO,ANM,WE,Towers with Radar,1,16,8,22,47,0,0,294,6,300,1,16,302,28,347,518,6,524,871
04/11/2014,PUB,CO,ANM,WE,Towers with Radar,0,8,32,8,48,0,0,252,7,259,0,8,284,15,307,514,0,514,821
04/12/2014,PUB,CO,ANM,WE,Towers with Radar,0,9,13,0,22,0,2,29,0,31,0,11,42,0,53,32,0,32,85
04/13/2014,PUB,CO,ANM,WE,Towers with Radar,0,2,4,0,6,0,1,1,0,2,0,3,5,0,8,0,0,0,8
04/14/2014,PUB,CO,ANM,WE,Towers with Radar,0,3,9,8,20,0,0,208,14,222,0,3,217,22,242,280,2,282,524
04/15/2014,PUB,CO,ANM,WE,Towers with Radar,0,9,15,17,41,0,0,224,17,241,0,9,239,34,282,366,2,368,650
04/16/2014,PUB,CO,ANM,WE,Towers with Radar,0,8,20,29,57,0,0,225,9,234,0,8,245,38,291,468,20,488,779
04/17/2014,PUB,CO,ANM,WE,Towers with Radar,2,11,18,10,41,0,2,149,6,157,2,13,167,16,198,586,0,586,784
04/18/2014,PUB,CO,ANM,WE,Towers with Radar,0,11,20,3,34,0,0,231,0,231,0,11,251,3,265,138,0,138,403
04/19/2014,PUB,CO,ANM,WE,Towers with Radar,0,5,37,0,42,0,4,48,0,52,0,9,85,0,94,58,0,58,152
04/20/2014,PUB,CO,ANM,WE,Towers with Radar,0,3,2,1,6,0,4,16,0,20,0,7,18,1,26,0,0,0,26
04/21/2014,PUB,CO,ANM,WE,Towers with Radar,0,6,16,0,22,0,3,187,0,190,0,9,203,0,212,232,0,232,444
04/22/2014,PUB,CO,ANM,WE,Towers with Radar,0,10,11,4,25,0,0,138,3,141,0,10,149,7,166,284,0,284,450
04/23/2014,PUB,CO,ANM,WE,Towers with Radar,0,9,15,5,29,0,3,128,6,137,0,12,143,11,166,232,8,240,406
04/24/2014,PUB,CO,ANM,WE,Towers with Radar,0,9,18,2,29,0,2,224,2,228,0,11,242,4,257,388,0,388,645
04/25/2014,PUB,CO,ANM,WE,Towers with Radar,0,8,18,1,27,0,2,142,3,147,0,10,160,4,174,234,0,234,408
04/26/2014,PUB,CO,ANM,WE,Towers with Radar,0,8,17,0,25,0,1,22,0,23,0,9,39,0,48,22,0,22,70
04/27/2014,PUB,CO,ANM,WE,Towers with Radar,0,3,3,0,6,0,0,1,0,1,0,3,4,0,7,0,0,0,7
04/28/2014,PUB,CO,ANM,WE,Towers with Radar,0,8,18,1,27,0,0,71,2,73,0,8,89,3,100,42,0,42,142
04/29/2014,PUB,CO,ANM,WE,Towers with Radar,0,12,8,4,24,0,2,52,2,56,0,14,60,6,80,92,8,100,180
04/30/2014,PUB,CO,ANM,WE,Towers with Radar,0,9,24,0,33,0,0,129,0,129,0,9,153,0,162,114,4,118,280
05/01/2014,PUB,CO,ANM,WE,Towers with Radar,0,7,23,12,42,0,0,185,3,188,0,7,208,15,230,138,22,160,390
05/02/2014,PUB,CO,ANM,WE,Towers with Radar,4,10,18,4,36,0,5,240,1,246,4,15,258,5,282,122,0,122,404
05/03/2014,PUB,CO,ANM,WE,Towers with Radar,0,7,20,7,34,0,0,64,1,65,0,7,84,8,99,58,0,58,157
05/04/2014,PUB,CO,ANM,WE,Towers with Radar,0,5,13,0,18,0,6,38,0,44,0,11,51,0,62,10,0,10,72
05/05/2014,PUB,CO,ANM,WE,Towers with Radar,2,15,25,4,46,0,1,212,1,214,2,16,237,5,260,110,0,110,370
05/06/2014,PUB,CO,ANM,WE,Towers with Radar,2,9,19,4,34,0,1,169,6,176,2,10,188,10,210,272,0,272,482
05/07/2014,PUB,CO,ANM,WE,Towers with Radar,0,7,16,14,37,0,2,155,5,162,0,9,171,19,199,272,4,276,475
05/08/2014,PUB,CO,ANM,WE,Towers with Radar,0,10,7,0,17,0,0,163,1,164,0,10,170,1,181,186,0,186,367
05/09/2014,PUB,CO,ANM,WE,Towers with Radar,0,14,37,18,69,0,1,184,8,193,0,15,221,26,262,224,22,246,508
05/10/2014,PUB,CO,ANM,WE,Towers with Radar,2,6,16,0,24,0,3,89,0,92,2,9,105,0,116,42,0,42,158
05/11/2014,PUB,CO,ANM,WE,Towers with Radar,0,6,3,2,11,0,0,4,0,4,0,6,7,2,15,6,0,6,21
05/12/2014,PUB,CO,ANM,WE,Towers with Radar,0,9,20,9,38,0,0,49,0,49,0,9,69,9,87,2,24,26,113
05/13/2014,PUB,CO,ANM,WE,Towers with Radar,0,10,12,10,32,0,2,141,1,144,0,12,153,11,176,145,54,199,375
05/14/2014,PUB,CO,ANM,WE,Towers with Radar,0,10,20,1,31,0,3,130,1,134,0,13,150,2,165,146,0,146,311
05/15/2014,PUB,CO,ANM,WE,Towers with Radar,0,9,24,7,40,0,0,174,6,180,0,9,198,13,220,258,10,268,488
05/16/2014,PUB,CO,ANM,WE,Towers with Radar,0,10,21,11,42,0,2,105,0,107,0,12,126,11,149,168,0,168,317
05/17/2014,PUB,CO,ANM,WE,Towers with Radar,0,10,20,0,30,0,4,50,4,58,0,14,70,4,88,78,8,86,174
05/18/2014,PUB,CO,ANM,WE,Towers with Radar,0,8,13,0,21,0,0,38,0,38,0,8,51,0,59,22,0,22,81
05/19/2014,PUB,CO,ANM,WE,Towers with Radar,0,13,6,0,19,0,1,143,2,146,0,14,149,2,165,30,2,32,197
05/20/2014,PUB,CO,ANM,WE,Towers with Radar,9,13,29,3,54,0,0,149,0,149,9,13,178,3,203,60,0,60,263
05/21/2014,PUB,CO,ANM,WE,Towers with Radar,2,13,12,4,31,0,2,89,2,93,2,15,101,6,124,14,18,32,156
05/22/2014,PUB,CO,ANM,WE,Towers with Radar,2,13,9,3,27,0,4,98,2,104,2,17,107,5,131,72,0,72,203
05/23/2014,PUB,CO,ANM,WE,Towers with Radar,0,10,21,0,31,0,0,138,0,138,0,10,159,0,169,198,0,198,367
05/24/2014,PUB,CO,ANM,WE,Towers with Radar,0,8,15,0,23,0,8,34,0,42,0,16,49,0,65,36,0,36,101
05/25/2014,PUB,CO,ANM,WE,Towers with Radar,0,4,11,0,15,0,0,19,0,19,0,4,30,0,34,16,0,16,50
05/26/2014,PUB,CO,ANM,WE,Towers with Radar,0,7,29,0,36,0,0,61,0,61,0,7,90,0,97,16,0,16,113
05/27/2014,PUB,CO,ANM,WE,Towers with Radar,0,8,18,11,37,0,3,116,3,122,0,11,134,14,159,114,24,138,297
05/28/2014,PUB,CO,ANM,WE,Towers with Radar,0,9,38,5,52,0,1,126,3,130,0,10,164,8,182,74,2,76,258
05/29/2014,PUB,CO,ANM,WE,Towers with Radar,2,13,29,0,44,0,3,100,4,107,2,16,129,4,151,66,4,70,221
05/30/2014,PUB,CO,ANM,WE,Towers with Radar,2,7,15,21,45,0,0,101,7,108,2,7,116,28,153,76,38,114,267
05/31/2014,PUB,CO,ANM,WE,Towers with Radar,0,5,9,0,14,0,0,38,0,38,0,5,47,0,52,20,0,20,72
06/01/2014,PUB,CO,ANM,WE,Towers with Radar,0,2,18,6,26,0,2,37,2,41,0,4,55,8,67,6,0,6,73
06/02/2014,PUB,CO,ANM,WE,Towers with Radar,0,10,15,12,37,0,4,120,5,129,0,14,135,17,166,178,0,178,344
06/03/2014,PUB,CO,ANM,WE,Towers with Radar,0,9,15,3,27,0,4,94,3,101,0,13,109,6,128,106,2,108,236
06/04/2014,PUB,CO,ANM,WE,Towers with Radar,0,8,29,5,42,0,4,200,1,205,0,12,229,6,247,222,2,224,471
06/05/2014,PUB,CO,ANM,WE,Towers with Radar,0,8,10,0,18,0,2,174,1,177,0,10,184,1,195,168,0,168,363
06/06/2014,PUB,CO,ANM,WE,Towers with Radar,4,19,12,5,40,0,2,164,10,176,4,21,176,15,216,218,36,254,470
06/07/2014,PUB,CO,ANM,WE,Towers with Radar,0,3,12,19,34,0,2,29,1,32,0,5,41,20,66,52,6,58,124
06/08/2014,PUB,CO,ANM,WE,Towers with Radar,0,7,14,0,21,0,0,17,0,17,0,7,31,0,38,34,0,34,72
06/09/2014,PUB,CO,ANM,WE,Towers with Radar,0,8,27,2,37,0,0,37,2,39,0,8,64,4,76,10,0,10,86
06/10/2014,PUB,CO,ANM,WE,Towers with Radar,2,8,10,4,24,0,2,211,10,223,2,10,221,14,247,300,12,312,559
06/11/2014,PUB,CO,ANM,WE,Towers with Radar,0,6,9,4,19,0,1,178,1,180,0,7,187,5,199,160,2,162,361
06/12/2014,PUB,CO,ANM,WE,Towers with Radar,0,10,19,0,29,0,1,222,0,223,0,11,241,0,252,119,0,119,371
06/13/2014,PUB,CO,ANM,WE,Towers with Radar,0,8,18,1,27,0,4,228,1,233,0,12,246,2,260,50,0,50,310
06/14/2014,PUB,CO,ANM,WE,Towers with Radar,5,7,14,2,28,0,2,71,12,85,5,9,85,14,113,24,2,26,139
06/15/2014,PUB,CO,ANM,WE,Towers with Radar,0,5,20,1,26,0,1,51,1,53,0,6,71,2,79,22,4,26,105
06/16/2014,PUB,CO,ANM,WE,Towers with Radar,0,12,22,2,36,0,0,186,0,186,0,12,208,2,222,258,0,258,480
06/17/2014,PUB,CO,ANM,WE,Towers with Radar,0,10,20,16,46,0,0,144,7,151,0,10,164,23,197,268,10,278,475
06/18/2014,PUB,CO,ANM,WE,Towers with Radar,13,15,18,1,47,0,5,187,0,192,13,20,205,1,239,154,0,154,393
06/19/2014,PUB,CO,ANM,WE,Towers with Radar,2,10,28,0,40,0,0,202,1,203,2,10,230,1,243,106,6,112,355
06/20/2014,PUB,CO,ANM,WE,Towers with Radar,0,12,19,0,31,0,2,204,3,209,0,14,223,3,240,166,0,166,406
06/21/2014,PUB,CO,ANM,WE,Towers with Radar,3,3,8,6,20,0,4,77,0,81,3,7,85,6,101,32,0,32,133
06/22/2014,PUB,CO,ANM,WE,Towers with Radar,0,19,3,1,23,0,12,40,3,55,0,31,43,4,78,24,0,24,102
06/23/2014,PUB,CO,ANM,WE,Towers with Radar,0,14,18,2,34,0,4,245,0,249,0,18,263,2,283,338,0,338,621
06/24/2014,PUB,CO,ANM,WE,Towers with Radar,0,12,14,0,26,0,0,185,1,186,0,12,199,1,212,306,0,306,518
06/25/2014,PUB,CO,ANM,WE,Towers with Radar,2,9,15,1,27,0,0,203,1,204,2,9,218,2,231,178,2,180,411
06/26/2014,PUB,CO,ANM,WE,Towers with Radar,0,7,19,5,31,0,4,212,7,223,0,11,231,12,254,194,0,194,448
06/27/2014,PUB,CO,ANM,WE,Towers with Radar,4,13,26,19,62,0,2,178,1,181,4,15,204,20,243,240,10,250,493
06/28/2014,PUB,CO,ANM,WE,Towers with Radar,0,3,24,6,33,0,9,84,34,127,0,12,108,40,160,42,0,42,202
06/29/2014,PUB,CO,ANM,WE,Towers with Radar,0,5,22,0,27,0,5,47,3,55,0,10,69,3,82,12,4,16,98
06/30/2014,PUB,CO,ANM,WE,Towers with Radar,0,21,3,9,33,4,4,187,5,200,4,25,190,14,233,344,0,344,577
07/01/2014,PUB,CO,ANM,WE,Towers with Radar,0,9,8,7,24,2,6,170,3,181,2,15,178,10,205,366,12,378,583
07/02/2014,PUB,CO,ANM,WE,Towers with Radar,1,10,16,2,29,0,2,63,0,65,1,12,79,2,94,68,0,68,162
07/03/2014,PUB,CO,ANM,WE,Towers with Radar,0,12,24,1,37,0,3,169,2,174,0,15,193,3,211,344,4,348,559
07/04/2014,PUB,CO,ANM,WE,Towers with Radar,0,2,2,0,4,0,0,28,0,28,0,2,30,0,32,16,0,16,48
07/05/2014,PUB,CO,ANM,WE,Towers with Radar,0,5,10,0,15,0,9,34,0,43,0,14,44,0,58,28,0,28,86
07/06/2014,PUB,CO,ANM,WE,Towers with Radar,0,19,21,1,41,0,0,30,0,30,0,19,51,1,71,28,0,28,99
07/07/2014,PUB,CO,ANM,WE,Towers with Radar,0,10,19,1,30,0,0,160,0,160,0,10,179,1,190,218,0,218,408
07/08/2014,PUB,CO,ANM,WE,Towers with Radar,0,18,15,22,55,0,0,154,1,155,0,18,169,23,210,260,0,260,470
07/09/2014,PUB,CO,ANM,WE,Towers with Radar,0,16,15,9,40,0,2,172,4,178,0,18,187,13,218,296,6,302,520
07/10/2014,PUB,CO,ANM,WE,Towers with Radar,1,11,17,1,30,0,0,179,7,186,1,11,196,8,216,370,4,374,590
07/11/2014,PUB,CO,ANM,WE,Towers with Radar,11,8,12,5,36,0,6,87,1,94,11,14,99,6,130,206,0,206,336
07/12/2014,PUB,CO,ANM,WE,Towers with Radar,0,4,23,2,29,0,0,47,0,47,0,4,70,2,76,28,4,32,108
07/13/2014,PUB,CO,ANM,WE,Towers with Radar,0,7,17,0,24,0,2,51,9,62,0,9,68,9,86,38,0,38,124
07/14/2014,PUB,CO,ANM,WE,Towers with Radar,0,11,12,2,25,0,3,128,2,133,0,14,140,4,158,191,6,197,355
07/15/2014,PUB,CO,ANM,WE,Towers with Radar,0,7,23,6,36,0,0,12,0,12,0,7,35,6,48,46,0,46,94
07/16/2014,PUB,CO,ANM,WE,Towers with Radar,2,9,12,19,42,0,0,86,2,88,2,9,98,21,130,108,0,108,238
07/17/2014,PUB,CO,ANM,WE,Towers with Radar,0,11,32,20,63,0,0,196,13,209,0,11,228,33,272,334,37,371,643
07/18/2014,PUB,CO,ANM,WE,Towers with Radar,3,13,15,2,33,0,5,168,3,176,3,18,183,5,209,260,6,266,475
07/19/2014,PUB,CO,ANM,WE,Towers with Radar,0,6,20,1,27,0,4,47,6,57,0,10,67,7,84,0,6,6,90
07/20/2014,PUB,CO,ANM,WE,Towers with Radar,0,8,30,1,39,0,2,34,1,37,0,10,64,2,76,20,0,20,96
07/21/2014,PUB,CO,ANM,WE,Towers with Radar,1,10,11,3,25,0,2,204,14,220,1,12,215,17,245,230,34,264,509
07/22/2014,PUB,CO,ANM,WE,Towers with Radar,0,13,12,6,31,0,7,235,2,244,0,20,247,8,275,320,4,324,599
07/23/2014,PUB,CO,ANM,WE,Towers with Radar,0,13,25,4,42,0,9,253,4,266,0,22,278,8,308,256,10,266,574
07/24/2014,PUB,CO,ANM,WE,Towers with Radar,0,10,16,16,42,0,0,228,5,233,0,10,244,21,275,344,8,352,627
07/25/2014,PUB,CO,ANM,WE,Towers with Radar,0,13,15,2,30,0,0,230,2,232,0,13,245,4,262,306,0,306,568
07/26/2014,PUB,CO,ANM,WE,Towers with Radar,0,6,17,1,24,0,2,64,4,70,0,8,81,5,94,60,0,60,154
07/27/2014,PUB,CO,ANM,WE,Towers with Radar,0,11,21,0,32,0,2,27,2,31,0,13,48,2,63,30,8,38,101
07/28/2014,PUB,CO,ANM,WE,Towers with Radar,0,10,12,15,37,0,3,114,5,122,0,13,126,20,159,252,22,274,433
07/29/2014,PUB,CO,ANM,WE,Towers with Radar,0,8,9,0,17,0,0,184,0,184,0,8,193,0,201,300,0,300,501
07/30/2014,PUB,CO,ANM,WE,Towers with Radar,0,16,27,8,51,0,0,34,0,34,0,16,61,8,85,42,0,42,127
07/31/2014,PUB,CO,ANM,WE,Towers with Radar,0,12,24,6,42,0,1,200,6,207,0,13,224,12,249,384,0,384,633
08/01/2014,PUB,CO,ANM,WE,Towers with Radar,0,7,16,4,27,0,2,296,3,301,0,9,312,7,328,456,0,456,784
08/02/2014,PUB,CO,ANM,WE,Towers with Radar,0,7,16,0,23,0,3,246,1,250,0,10,262,1,273,404,2,406,679
08/03/2014,PUB,CO,ANM,WE,Towers with Radar,0,6,21,0,27,0,2,43,2,47,0,8,64,2,74,2,0,2,76
08/04/2014,PUB,CO,ANM,WE,Towers with Radar,0,17,8,4,29,0,2,246,7,255,0,19,254,11,284,480,6,486,770
08/05/2014,PUB,CO,ANM,WE,Towers with Radar,0,10,13,0,23,0,0,248,2,250,0,10,261,2,273,92,0,92,365
08/06/2014,PUB,CO,ANM,WE,Towers with Radar,0,9,15,11,35,0,9,222,17,248,0,18,237,28,283,97,54,151,434
08/07/2014,PUB,CO,ANM,WE,Towers with Radar,8,12,8,2,30,0,10,222,3,235,8,22,230,5,265,96,0,96,361
08/08/2014,PUB,CO,ANM,WE,Towers with Radar,0,9,12,5,26,0,3,219,2,224,0,12,231,7,250,254,4,258,508
08/09/2014,PUB,CO,ANM,WE,Towers with Radar,12,6,28,36,82,0,5,58,4,67,12,11,86,40,149,42,12,54,203
08/10/2014,PUB,CO,ANM,WE,Towers with Radar,2,7,17,6,32,0,0,56,2,58,2,7,73,8,90,12,40,52,142
08/11/2014,PUB,CO,ANM,WE,Towers with Radar,0,9,10,3,22,0,0,224,3,227,0,9,234,6,249,222,10,232,481
08/12/2014,PUB,CO,ANM,WE,Towers with Radar,0,11,17,10,38,0,3,225,16,244,0,14,242,26,282,188,2,190,472
08/13/2014,PUB,CO,ANM,WE,Towers with Radar,0,12,25,9,46,0,6,192,5,203,0,18,217,14,249,206,20,226,475
08/14/2014,PUB,CO,ANM,WE,Towers with Radar,0,11,8,17,36,0,0,141,1,142,0,11,149,18,178,138,2,140,318
08/15/2014,PUB,CO,ANM,WE,Towers with Radar,0,17,27,12,56,0,2,122,3,127,0,19,149,15,183,170,4,174,357
08/16/2014,PUB,CO,ANM,WE,Towers with Radar,0,6,10,11,27,0,3,53,4,60,0,9,63,15,87,26,10,36,123
08/17/2014,PUB,CO,ANM,WE,Towers with Radar,0,7,19,4,30,0,1,49,3,53,0,8,68,7,83,18,0,18,101
08/18/2014,PUB,CO,ANM,WE,Towers with Radar,0,12,14,0,26,0,1,231,2,234,0,13,245,2,260,272,24,296,556
08/19/2014,PUB,CO,ANM,WE,Towers with Radar,0,9,28,4,41,0,3,220,3,226,0,12,248,7,267,178,10,188,455
08/20/2014,PUB,CO,ANM,WE,Towers with Radar,0,14,14,0,28,0,2,267,2,271,0,16,281,2,299,322,4,326,625
08/21/2014,PUB,CO,ANM,WE,Towers with Radar,0,14,22,4,40,0,3,255,5,263,0,17,277,9,303,420,8,428,731
08/22/2014,PUB,CO,ANM,WE,Towers with Radar,0,12,34,6,52,0,3,252,3,258,0,15,286,9,310,266,0,266,576
08/23/2014,PUB,CO,ANM,WE,Towers with Radar,0,11,9,6,26,0,4,56,8,68,0,15,65,14,94,20,34,54,148
08/24/2014,PUB,CO,ANM,WE,Towers with Radar,0,7,13,11,31,0,0,55,0,55,0,7,68,11,86,40,0,40,126
08/25/2014,PUB,CO,ANM,WE,Towers with Radar,2,20,19,12,53,0,4,304,4,312,2,24,323,16,365,464,7,471,836
08/26/2014,PUB,CO,ANM,WE,Towers with Radar,0,8,18,1,27,0,4,169,5,178,0,12,187,6,205,230,2,232,437
08/27/2014,PUB,CO,ANM,WE,Towers with Radar,0,12,29,4,45,0,3,159,7,169,0,15,188,11,214,222,22,244,458
08/28/2014,PUB,CO,ANM,WE,Towers with Radar,0,15,11,0,26,0,0,275,3,278,0,15,286,3,304,356,0,356,660
08/29/2014,PUB,CO,ANM,WE,Towers with Radar,0,10,18,0,28,0,4,257,0,261,0,14,275,0,289,362,0,362,651
08/30/2014,PUB,CO,ANM,WE,Towers with Radar,0,7,30,0,37,0,3,57,0,60,0,10,87,0,97,46,0,46,143
08/31/2014,PUB,CO,ANM,WE,Towers with Radar,0,4,8,0,12,0,0,37,1,38,0,4,45,1,50,36,0,36,86
09/01/2014,PUB,CO,ANM,WE,Towers with Radar,0,7,30,0,37,0,3,45,0,48,0,10,75,0,85,52,0,52,137
09/02/2014,PUB,CO,ANM,WE,Towers with Radar,0,9,23,8,40,0,0,256,2,258,0,9,279,10,298,746,2,748,1046
09/03/2014,PUB,CO,ANM,WE,Towers with Radar,0,16,17,3,36,0,1,239,5,245,0,17,256,8,281,508,22,530,811
09/04/2014,PUB,CO,ANM,WE,Towers with Radar,0,9,17,0,26,0,0,315,0,315,0,9,332,0,341,638,0,638,979
09/05/2014,PUB,CO,ANM,WE,Towers with Radar,2,11,5,14,32,0,0,110,0,110,2,11,115,14,142,300,0,300,442
09/06/2014,PUB,CO,ANM,WE,Towers with Radar,0,3,20,10,33,0,4,28,0,32,0,7,48,10,65,66,30,96,161
09/07/2014,PUB,CO,ANM,WE,Towers with Radar,0,2,9,0,11,0,2,40,1,43,0,4,49,1,54,18,0,18,72
09/08/2014,PUB,CO,ANM,WE,Towers with Radar,0,10,10,0,20,0,2,346,7,355,0,12,356,7,375,568,18,586,961
09/09/2014,PUB,CO,ANM,WE,Towers with Radar,2,13,25,13,53,0,1,280,22,303,2,14,305,35,356,530,62,592,948
09/10/2014,PUB,CO,ANM,WE,Towers with Radar,0,15,11,3,29,0,2,267,4,273,0,17,278,7,302,552,14,566,868
09/11/2014,PUB,CO,ANM,WE,Towers with Radar,0,20,37,13,70,0,3,92,2,97,0,23,129,15,167,866,0,866,1033
09/12/2014,PUB,CO,ANM,WE,Towers with Radar,2,12,23,8,45,0,3,55,5,63,2,15,78,13,108,198,14,212,320
09/13/2014,PUB,CO,ANM,WE,Towers with Radar,0,6,17,8,31,0,2,49,3,54,0,8,66,11,85,6,4,10,95
09/14/2014,PUB,CO,ANM,WE,Towers with Radar,0,7,17,1,25,0,4,66,0,70,0,11,83,1,95,74,0,74,169
09/15/2014,PUB,CO,ANM,WE,Towers with Radar,2,10,17,3,32,0,1,332,3,336,2,11,349,6,368,434,0,434,802
09/16/2014,PUB,CO,ANM,WE,Towers with Radar,2,17,26,2,47,0,3,295,0,298,2,20,321,2,345,166,0,166,511
09/17/2014,PUB,CO,ANM,WE,Towers with Radar,2,17,17,4,40,0,0,291,2,293,2,17,308,6,333,148,26,174,507
09/18/2014,PUB,CO,ANM,WE,Towers with Radar,0,15,13,14,42,0,3,368,1,372,0,18,381,15,414,92,4,96,510
09/19/2014,PUB,CO,ANM,WE,Towers with Radar,0,12,33,7,52,0,1,309,2,312,0,13,342,9,364,414,0,414,778
09/20/2014,PUB,CO,ANM,WE,Towers with Radar,2,8,15,9,34,0,1,92,7,100,2,9,107,16,134,52,14,66,200
09/21/2014,PUB,CO,ANM,WE,Towers with Radar,0,17,32,4,53,0,2,24,3,29,0,19,56,7,82,18,28,46,128
09/22/2014,PUB,CO,ANM,WE,Towers with Radar,0,12,9,2,23,0,0,304,5,309,0,12,313,7,332,607,12,619,951
09/23/2014,PUB,CO,ANM,WE,Towers with Radar,0,13,11,14,38,0,4,354,19,377,0,17,365,33,415,496,54,550,965
09/24/2014,PUB,CO,ANM,WE,Towers with Radar,0,21,11,2,34,0,2,379,11,392,0,23,390,13,426,472,20,492,918
09/25/2014,PUB,CO,ANM,WE,Towers with Radar,0,16,29,7,52,0,2,379,3,384,0,18,408,10,436,574,6,580,1016
09/26/2014,PUB,CO,ANM,WE,Towers with Radar,0,15,7,4,26,0,2,390,0,392,0,17,397,4,418,360,0,360,778
09/27/2014,PUB,CO,ANM,WE,Towers with Radar,0,21,12,4,37,0,2,70,4,76,0,23,82,8,113,50,14,64,177
09/28/2014,PUB,CO,ANM,WE,Towers with Radar,0,4,22,8,34,0,2,52,2,56,0,6,74,10,90,76,0,76,166
09/29/2014,PUB,CO,ANM,WE,Towers with Radar,3,11,11,4,29,0,0,241,3,244,3,11,252,7,273,296,0,296,569
09/30/2014,PUB,CO,ANM,WE,Towers with Radar,1,12,19,5,37,0,3,341,7,351,1,15,360,12,388,602,20,622,1010
10/01/2014,PUB,CO,ANM,WE,Towers with Radar,7,10,15,4,36,0,0,296,3,299,7,10,311,7,335,354,18,372,707
10/02/2014,PUB,CO,ANM,WE,Towers with Radar,0,14,19,3,36,0,0,335,1,336,0,14,354,4,372,436,0,436,808
10/03/2014,PUB,CO,ANM,WE,Towers with Radar,0,10,16,4,30,0,2,259,2,263,0,12,275,6,293,344,24,368,661
10/04/2014,PUB,CO,ANM,WE,Towers with Radar,0,10,29,4,43,0,8,86,2,96,0,18,115,6,139,64,0,64,203
10/05/2014,PUB,CO,ANM,WE,Towers with Radar,0,2,32,9,43,0,1,45,4,50,0,3,77,13,93,30,6,36,129
10/06/2014,PUB,CO,ANM,WE,Towers with Radar,0,8,27,14,49,0,4,289,2,295,0,12,316,16,344,390,16,406,750
10/07/2014,PUB,CO,ANM,WE,Towers with Radar,0,6,29,5,40,0,2,300,5,307,0,8,329,10,347,516,0,516,863
10/08/2014,PUB,CO,ANM,WE,Towers with Radar,0,10,25,10,45,0,0,278,2,280,0,10,303,12,325,148,2,150,475
10/09/2014,PUB,CO,ANM,WE,Towers with Radar,0,16,19,0,35,0,0,141,1,142,0,16,160,1,177,302,0,302,479
10/10/2014,PUB,CO,ANM,WE,Towers with Radar,0,16,19,2,37,0,0,60,0,60,0,16,79,2,97,192,0,192,289
10/11/2014,PUB,CO,ANM,WE,Towers with Radar,0,3,36,1,40,0,7,49,7,63,0,10,85,8,103,110,4,114,217
10/12/2014,PUB,CO,ANM,WE,Towers with Radar,0,5,5,0,10,0,3,16,0,19,0,8,21,0,29,4,0,4,33
10/13/2014,PUB,CO,ANM,WE,Towers with Radar,0,7,24,5,36,0,0,27,0,27,0,7,51,5,63,16,0,16,79
10/14/2014,PUB,CO,ANM,WE,Towers with Radar,0,14,27,1,42,0,2,349,8,359,0,16,376,9,401,651,22,673,1074
10/15/2014,PUB,CO,ANM,WE,Towers with Radar,0,11,14,9,34,0,2,297,2,301,0,13,311,11,335,616,2,618,953
10/16/2014,PUB,CO,ANM,WE,Towers with Radar,0,11,14,1,26,0,2,263,2,267,0,13,277,3,293,492,0,492,785
10/17/2014,PUB,CO,ANM,WE,Towers with Radar,0,14,17,3,34,0,1,212,1,214,0,15,229,4,248,360,0,360,608
10/18/2014,PUB,CO,ANM,WE,Towers with Radar,0,4,20,16,40,0,5,67,13,85,0,9,87,29,125,40,2,42,167
10/19/2014,PUB,CO,ANM,WE,Towers with Radar,0,6,19,4,29,0,7,50,5,62,0,13,69,9,91,62,16,78,169
10/20/2014,PUB,CO,ANM,WE,Towers with Radar,0,12,14,1,27,0,7,288,1,296,0,19,302,2,323,368,0,368,691
10/21/2014,PUB,CO,ANM,WE,Towers with Radar,0,15,7,13,35,0,4,295,6,305,0,19,302,19,340,650,0,650,990
10/22/2014,PUB,CO,ANM,WE,Towers with Radar,0,9,23,24,56,0,2,297,11,310,0,11,320,35,366,392,18,410,776
10/23/2014,PUB,CO,ANM,WE,Towers with Radar,0,18,22,3,43,0,0,254,2,256,0,18,276,5,299,230,4,234,533
10/24/2014,PUB,CO,ANM,WE,Towers with Radar,0,13,25,11,49,0,0,242,0,242,0,13,267,11,291,282,0,282,573
10/25/2014,PUB,CO,ANM,WE,Towers with Radar,0,5,25,2,32,0,0,37,0,37,0,5,62,2,69,14,0,14,83
10/26/2014,PUB,CO,ANM,WE,Towers with Radar,0,3,8,19,30,0,0,23,1,24,0,3,31,20,54,46,12,58,112
10/27/2014,PUB,CO,ANM,WE,Towers with Radar,0,11,14,3,28,0,1,247,4,252,0,12,261,7,280,518,10,528,808
10/28/2014,PUB,CO,ANM,WE,Towers with Radar,0,12,12,1,25,0,0,225,6,231,0,12,237,7,256,258,28,286,542
10/29/2014,PUB,CO,ANM,WE,Towers with Radar,0,9,29,2,40,0,3,188,6,197,0,12,217,8,237,320,42,362,599
10/30/2014,PUB,CO,ANM,WE,Towers with Radar,2,11,12,0,25,0,4,320,9,333,2,15,332,9,358,336,22,358,716
10/31/2014,PUB,CO,ANM,WE,Towers with Radar,0,11,5,10,26,0,0,256,2,258,0,11,261,12,284,346,14,360,644
11/01/2014,PUB,CO,ANM,WE,Towers with Radar,0,7,11,0,18,0,4,30,1,35,0,11,41,1,53,22,0,22,75
11/02/2014,PUB,CO,ANM,WE,Towers with Radar,2,4,14,0,20,0,0,20,2,22,2,4,34,2,42,8,0,8,50
11/03/2014,PUB,CO,ANM,WE,Towers with Radar,0,18,31,1,50,0,4,238,12,254,0,22,269,13,304,250,46,296,600
11/04/2014,PUB,CO,ANM,WE,Towers with Radar,0,20,18,0,38,0,2,381,8,391,0,22,399,8,429,338,22,360,789
11/05/2014,PUB,CO,ANM,WE,Towers with Radar,0,17,23,6,46,0,4,272,3,279,0,21,295,9,325,258,32,290,615
11/06/2014,PUB,CO,ANM,WE,Towers with Radar,0,16,19,5,40,0,3,323,25,351,0,19,342,30,391,616,66,682,1073
11/07/2014,PUB,CO,ANM,WE,Towers with Radar,0,9,10,4,23,0,4,216,0,220,0,13,226,4,243,166,0,166,409
11/08/2014,PUB,CO,ANM,WE,Towers with Radar,0,6,16,2,24,0,2,63,0,65,0,8,79,2,89,38,0,38,127
11/09/2014,PUB,CO,ANM,WE,Towers with Radar,0,4,15,0,19,0,0,40,1,41,0,4,55,1,60,54,0,54,114
11/10/2014,PUB,CO,ANM,WE,Towers with Radar,0,9,3,0,12,0,0,185,0,185,0,9,188,0,197,294,0,294,491
11/11/2014,PUB,CO,ANM,WE,Towers with Radar,0,10,10,0,20,0,0,0,0,0,0,10,10,0,20,0,0,0,20
11/12/2014,PUB,CO,ANM,WE,Towers with Radar,0,6,8,0,14,0,0,0,0,0,0,6,8,0,14,0,0,0,14
11/13/2014,PUB,CO,ANM,WE,Towers with Radar,0,2,11,0,13,0,0,15,0,15,0,2,26,0,28,34,0,34,62
11/14/2014,PUB,CO,ANM,WE,Towers with Radar,0,13,29,0,42,0,0,293,3,296,0,13,322,3,338,299,0,299,637
11/15/2014,PUB,CO,ANM,WE,Towers with Radar,0,8,4,0,12,0,0,7,0,7,0,8,11,0,19,2,0,2,21
11/16/2014,PUB,CO,ANM,WE,Towers with Radar,0,3,13,0,16,0,0,7,0,7,0,3,20,0,23,14,0,14,37
11/17/2014,PUB,CO,ANM,WE,Towers with Radar,0,9,10,6,25,0,1,227,11,239,0,10,237,17,264,580,44,624,888
11/18/2014,PUB,CO,ANM,WE,Towers with Radar,0,12,11,8,31,0,2,248,6,256,0,14,259,14,287,482,70,552,839
11/19/2014,PUB,CO,ANM,WE,Towers with Radar,0,10,23,9,42,0,0,314,41,355,0,10,337,50,397,628,64,692,1089
11/20/2014,PUB,CO,ANM,WE,Towers with Radar,0,11,20,8,39,0,2,332,12,346,0,13,352,20,385,558,27,585,970
11/21/2014,PUB,CO,ANM,WE,Towers with Radar,0,14,26,3,43,0,1,283,1,285,0,15,309,4,328,422,26,448,776
11/22/2014,PUB,CO,ANM,WE,Towers with Radar,0,10,24,19,53,0,0,272,5,277,0,10,296,24,330,414,0,414,744
11/23/2014,PUB,CO,ANM,WE,Towers with Radar,0,2,6,13,21,0,0,0,0,0,0,2,6,13,21,0,6,6,27
11/24/2014,PUB,CO,ANM,WE,Towers with Radar,0,9,15,4,28,0,1,248,3,252,0,10,263,7,280,220,36,256,536
11/25/2014,PUB,CO,ANM,WE,Towers with Radar,0,14,15,3,32,0,1,252,0,253,0,15,267,3,285,176,0,176,461
11/26/2014,PUB,CO,ANM,WE,Towers with Radar,0,16,20,1,37,0,0,214,2,216,0,16,234,3,253,509,8,517,770
11/27/2014,PUB,CO,ANM,WE,Towers with Radar,0,8,0,0,8,0,2,10,0,12,0,10,10,0,20,0,0,0,20
11/28/2014,PUB,CO,ANM,WE,Towers with Radar,1,18,8,0,27,0,5,27,1,33,1,23,35,1,60,22,0,22,82
11/29/2014,PUB,CO,ANM,WE,Towers with Radar,1,6,19,0,26,0,2,32,0,34,1,8,51,0,60,30,0,30,90
11/30/2014,PUB,CO,ANM,WE,Towers with Radar,12,15,30,0,57,0,0,14,0,14,12,15,44,0,71,0,0,0,71
12/01/2014,PUB,CO,ANM,WE,Towers with Radar,0,12,10,3,25,0,0,289,13,302,0,12,299,16,327,544,40,584,911
12/02/2014,PUB,CO,ANM,WE,Towers with Radar,0,10,25,19,54,0,1,266,14,281,0,11,291,33,335,280,82,362,697
12/03/2014,PUB,CO,ANM,WE,Towers with Radar,0,17,27,16,60,0,3,313,21,337,0,20,340,37,397,414,50,464,861
12/04/2014,PUB,CO,ANM,WE,Towers with Radar,0,10,27,4,41,0,0,254,18,272,0,10,281,22,313,345,18,363,676
12/05/2014,PUB,CO,ANM,WE,Towers with Radar,3,12,19,0,34,0,4,236,1,241,3,16,255,1,275,422,4,426,701
12/06/2014,PUB,CO,ANM,WE,Towers with Radar,5,10,16,16,47,0,0,39,4,43,5,10,55,20,90,6,14,20,110
12/07/2014,PUB,CO,ANM,WE,Towers with Radar,0,4,22,0,26,0,0,52,6,58,0,4,74,6,84,20,18,38,122
12/08/2014,PUB,CO,ANM,WE,Towers with Radar,0,7,16,12,35,0,1,203,5,209,0,8,219,17,244,346,36,382,626
12/09/2014,PUB,CO,ANM,WE,Towers with Radar,4,10,12,18,44,0,0,208,17,225,4,10,220,35,269,224,34,258,527
12/10/2014,PUB,CO,ANM,WE,Towers with Radar,0,11,15,19,45,0,1,113,9,123,0,12,128,28,168,128,16,144,312
12/11/2014,PUB,CO,ANM,WE,Towers with Radar,0,10,18,11,39,0,0,112,2,114,0,10,130,13,153,64,30,94,247
12/12/2014,PUB,CO,ANM,WE,Towers with Radar,1,11,21,0,33,0,0,61,0,61,1,11,82,0,94,64,0,64,158
12/13/2014,PUB,CO,ANM,WE,Towers with Radar,0,4,30,0,34,0,0,82,0,82,0,4,112,0,116,68,0,68,184
12/14/2014,PUB,CO,ANM,WE,Towers with Radar,3,5,3,0,11,0,0,1,0,1,3,5,4,0,12,2,0,2,14
12/15/2014,PUB,CO,ANM,WE,Towers with Radar,0,18,15,6,39,0,5,81,11,97,0,23,96,17,136,116,46,162,298
12/16/2014,PUB,CO,ANM,WE,Towers with Radar,0,9,19,23,51,0,2,84,18,104,0,11,103,41,155,58,126,184,339
12/17/2014,PUB,CO,ANM,WE,Towers with Radar,2,10,5,0,17,0,3,58,2,63,2,13,63,2,80,110,0,110,190
12/18/2014,PUB,CO,ANM,WE,Towers with Radar,0,9,15,25,49,0,0,46,6,52,0,9,61,31,101,56,14,70,171
12/19/2014,PUB,CO,ANM,WE,Towers with Radar,1,11,24,13,49,0,1,78,6,85,1,12,102,19,134,120,10,130,264
12/20/2014,PUB,CO,ANM,WE,Towers with Radar,0,7,35,3,45,0,2,43,3,48,0,9,78,6,93,58,2,60,153
12/21/2014,PUB,CO,ANM,WE,Towers with Radar,0,2,12,0,14,0,2,12,0,14,0,4,24,0,28,2,0,2,30
12/22/2014,PUB,CO,ANM,WE,Towers with Radar,0,9,5,0,14,0,0,41,1,42,0,9,46,1,56,42,0,42,98
12/23/2014,PUB,CO,ANM,WE,Towers with Radar,0,13,9,0,22,0,4,13,2,19,0,17,22,2,41,4,2,6,47
12/24/2014,PUB,CO,ANM,WE,Towers with Radar,0,13,6,5,24,0,0,24,1,25,0,13,30,6,49,0,0,0,49
12/25/2014,PUB,CO,ANM,WE,Towers with Radar,0,4,15,0,19,0,2,3,0,5,0,6,18,0,24,0,0,0,24
12/26/2014,PUB,CO,ANM,WE,Towers with Radar,0,18,30,0,48,0,0,0,0,0,0,18,30,0,48,0,0,0,48
12/27/2014,PUB,CO,ANM,WE,Towers with Radar,0,3,25,0,28,0,0,48,0,48,0,3,73,0,76,15,0,15,91
12/28/2014,PUB,CO,ANM,WE,Towers with Radar,1,9,20,0,30,0,0,14,0,14,1,9,34,0,44,2,0,2,46
12/29/2014,PUB,CO,ANM,WE,Towers with Radar,2,11,5,0,18,0,0,1,0,1,2,11,6,0,19,6,0,6,25
12/30/2014,PUB,CO,ANM,WE,Towers with Radar,0,13,2,0,15,0,0,3,0,3,0,13,5,0,18,0,0,0,18
12/31/2014,PUB,CO,ANM,WE,Towers with Radar,0,22,10,0,32,0,2,19,0,21,0,24,29,0,53,0,0,0,53
01/01/2015,PUB,CO,ANM,WE,Towers with Radar,1,6,1,0,8,0,2,2,0,4,1,8,3,0,12,0,0,0,12
01/02/2015,PUB,CO,ANM,WE,Towers with Radar,0,12,16,0,28,0,0,30,0,30,0,12,46,0,58,10,0,10,68
01/03/2015,PUB,CO,ANM,WE,Towers with Radar,0,6,7,0,13,0,0,16,0,16,0,6,23,0,29,20,0,20,49
01/04/2015,PUB,CO,ANM,WE,Towers with Radar,0,2,22,0,24,0,0,41,0,41,0,2,63,0,65,18,0,18,83
01/05/2015,PUB,CO,ANM,WE,Towers with Radar,0,8,17,2,27,0,0,56,0,56,0,8,73,2,83,102,0,102,185
01/06/2015,PUB,CO,ANM,WE,Towers with Radar,0,18,14,7,39,0,2,82,2,86,0,20,96,9,125,94,2,96,221
01/07/2015,PUB,CO,ANM,WE,Towers with Radar,0,8,1,0,9,0,0,1,0,1,0,8,2,0,10,0,0,0,10
01/08/2015,PUB,CO,ANM,WE,Towers with Radar,0,15,21,3,39,0,1,69,17,87,0,16,90,20,126,102,26,128,254
01/09/2015,PUB,CO,ANM,WE,Towers with Radar,0,11,8,6,25,0,0,0,0,0,0,11,8,6,25,0,0,0,25
01/10/2015,PUB,CO,ANM,WE,Towers with Radar,0,5,21,0,26,0,0,61,0,61,0,5,82,0,87,32,0,32,119
01/11/2015,PUB,CO,ANM,WE,Towers with Radar,0,2,7,0,9,0,0,29,0,29,0,2,36,0,38,44,0,44,82
01/12/2015,PUB,CO,ANM,WE,Towers with Radar,0,19,12,24,55,0,0,0,0,0,0,19,12,24,55,0,0,0,55
01/13/2015,PUB,CO,ANM,WE,Towers with Radar,0,15,12,3,30,0,3,0,0,3,0,18,12,3,33,2,0,2,35
01/14/2015,PUB,CO,ANM,WE,Towers with Radar,0,12,22,18,52,0,5,265,12,282,0,17,287,30,334,378,126,504,838
01/15/2015,PUB,CO,ANM,WE,Towers with Radar,0,8,22,22,52,0,0,244,1,245,0,8,266,23,297,376,26,402,699
01/16/2015,PUB,CO,ANM,WE,Towers with Radar,0,8,20,3,31,0,3,227,1,231,0,11,247,4,262,160,0,160,422
01/17/2015,PUB,CO,ANM,WE,Towers with Radar,0,6,8,0,14,0,4,34,2,40,0,10,42,2,54,10,0,10,64
01/18/2015,PUB,CO,ANM,WE,Towers with Radar,0,4,16,0,20,0,2,25,0,27,0,6,41,0,47,16,0,16,63
01/19/2015,PUB,CO,ANM,WE,Towers with Radar,0,11,25,0,36,0,0,30,1,31,0,11,55,1,67,88,0,88,155
01/20/2015,PUB,CO,ANM,WE,Towers with Radar,2,7,14,1,24,0,0,109,4,113,2,7,123,5,137,564,6,570,707
01/21/2015,PUB,CO,ANM,WE,Towers with Radar,0,7,4,0,11,0,0,0,0,0,0,7,4,0,11,0,0,0,11
01/22/2015,PUB,CO,ANM,WE,Towers with Radar,0,7,21,7,35,0,2,164,8,174,0,9,185,15,209,248,70,318,527
01/23/2015,PUB,CO,ANM,WE,Towers with Radar,2,10,15,7,34,0,2,327,15,344,2,12,342,22,378,555,44,599,977
01/24/2015,PUB,CO,ANM,WE,Towers with Radar,0,5,49,5,59,0,2,275,0,277,0,7,324,5,336,435,10,445,781
01/25/2015,PUB,CO,ANM,WE,Towers with Radar,0,3,10,0,13,0,0,38,0,38,0,3,48,0,51,30,0,30,81
01/26/2015,PUB,CO,ANM,WE,Towers with Radar,2,11,21,3,37,0,0,282,1,283,2,11,303,4,320,390,8,398,718
01/27/2015,PUB,CO,ANM,WE,Towers with Radar,2,9,25,6,42,0,6,263,7,276,2,15,288,13,318,552,46,598,916
01/28/2015,PUB,CO,ANM,WE,Towers with Radar,0,10,13,13,36,0,0,141,8,149,0,10,154,21,185,114,42,156,341
01/29/2015,PUB,CO,ANM,WE,Towers with Radar,0,11,24,3,38,0,2,333,0,335,0,13,357,3,373,521,14,535,908
01/30/2015,PUB,CO,ANM,WE,Towers with Radar,0,11,19,0,30,0,0,260,6,266,0,11,279,6,296,686,0,686,982
01/31/2015,PUB,CO,ANM,WE,Towers with Radar,0,1,8,0,9,0,0,5,0,5,0,1,13,0,14,0,0,0,14
02/01/2015,PUB,CO,ANM,WE,Towers with Radar,0,5,26,0,31,0,0,28,0,28,0,5,54,0,59,48,0,48,107
02/02/2015,PUB,CO,ANM,WE,Towers with Radar,0,9,19,0,28,0,1,389,4,394,0,10,408,4,422,704,2,706,1128
02/03/2015,PUB,CO,ANM,WE,Towers with Radar,0,12,11,8,31,0,0,357,4,361,0,12,368,12,392,663,70,733,1125
02/04/2015,PUB,CO,ANM,WE,Towers with Radar,0,9,14,6,29,0,0,41,1,42,0,9,55,7,71,72,2,74,145
02/05/2015,PUB,CO,ANM,WE,Towers with Radar,2,12,11,24,49,0,0,288,10,298,2,12,299,34,347,592,50,642,989
02/06/2015,PUB,CO,ANM,WE,Towers with Radar,0,9,24,19,52,0,1,235,8,244,0,10,259,27,296,234,28,262,558
02/07/2015,PUB,CO,ANM,WE,Towers with Radar,0,10,9,0,19,0,5,49,9,63,0,15,58,9,82,72,2,74,156
02/08/2015,PUB,CO,ANM,WE,Towers with Radar,0,4,17,2,23,0,0,63,2,65,0,4,80,4,88,96,0,96,184
02/09/2015,PUB,CO,ANM,WE,Towers with Radar,0,11,11,4,26,0,0,289,2,291,0,11,300,6,317,636,6,642,959
02/10/2015,PUB,CO,ANM,WE,Towers with Radar,0,7,14,2,23,0,0,234,3,237,0,7,248,5,260,458,0,458,718
02/11/2015,PUB,CO,ANM,WE,Towers with Radar,0,11,10,16,37,0,0,236,4,240,0,11,246,20,277,406,14,420,697
02/12/2015,PUB,CO,ANM,WE,Towers with Radar,0,6,5,5,16,0,3,280,2,285,0,9,285,7,301,684,4,688,989
02/13/2015,PUB,CO,ANM,WE,Towers with Radar,0,8,18,0,26,0,1,301,2,304,0,9,319,2,330,584,4,588,918
02/14/2015,PUB,CO,ANM,WE,Towers with Radar,2,8,24,12,46,0,2,79,0,81,2,10,103,12,127,56,0,56,183
02/15/2015,PUB,CO,ANM,WE,Towers with Radar,0,5,9,2,16,0,0,5,0,5,0,5,14,2,21,32,0,32,53
02/16/2015,PUB,CO,ANM,WE,Towers with Radar,0,8,8,0,16,0,0,0,0,0,0,8,8,0,16,0,0,0,16
02/17/2015,PUB,CO,ANM,WE,Towers with Radar,0,10,8,1,19,0,2,228,3,233,0,12,236,4,252,444,0,444,696
02/18/2015,PUB,CO,ANM,WE,Towers with Radar,0,8,11,6,25,0,0,352,12,364,0,8,363,18,389,449,16,465,854
02/19/2015,PUB,CO,ANM,WE,Towers with Radar,2,6,14,16,38,0,2,300,7,309,2,8,314,23,347,473,24,497,844
02/20/2015,PUB,CO,ANM,WE,Towers with Radar,0,6,22,2,30,0,0,226,5,231,0,6,248,7,261,432,0,432,693
02/21/2015,PUB,CO,ANM,WE,Towers with Radar,5,13,17,0,35,0,0,2,0,2,5,13,19,0,37,0,0,0,37
02/22/2015,PUB,CO,ANM,WE,Towers with Radar,0,4,4,0,8,0,0,0,0,0,0,4,4,0,8,0,0,0,8
02/23/2015,PUB,CO,ANM,WE,Towers with Radar,4,9,10,0,23,0,2,13,0,15,4,11,23,0,38,48,0,48,86
02/24/2015,PUB,CO,ANM,WE,Towers with Radar,0,7,8,3,18,0,0,257,10,267,0,7,265,13,285,482,110,592,877
02/25/2015,PUB,CO,ANM,WE,Towers with Radar,2,9,10,5,26,0,0,256,3,259,2,9,266,8,285,554,2,556,841
02/26/2015,PUB,CO,ANM,WE,Towers with Radar,0,9,5,0,14,0,0,0,0,0,0,9,5,0,14,0,0,0,14
02/27/2015,PUB,CO,ANM,WE,Towers with Radar,0,10,6,0,16,0,0,57,0,57,0,10,63,0,73,214,0,214,287
02/28/2015,PUB,CO,ANM,WE,Towers with Radar,7,11,4,2,24,0,0,12,0,12,7,11,16,2,36,18,0,18,54
03/01/2015,PUB,CO,ANM,WE,Towers with Radar,6,18,14,0,38,0,2,3,0,5,6,20,17,0,43,0,0,0,43
03/02/2015,PUB,CO,ANM,WE,Towers with Radar,0,8,9,10,27,0,0,65,26,91,0,8,74,36,118,446,90,536,654
03/03/2015,PUB,CO,ANM,WE,Towers with Radar,0,11,9,0,20,0,2,161,0,163,0,13,170,0,183,694,0,694,877
03/04/2015,PUB,CO,ANM,WE,Towers with Radar,0,10,9,0,19,0,0,0,0,0,0,10,9,0,19,0,0,0,19
03/05/2015,PUB,CO,ANM,WE,Towers with Radar,0,10,23,8,41,0,0,328,10,338,0,10,351,18,379,669,32,701,1080
03/06/2015,PUB,CO,ANM,WE,Towers with Radar,0,8,20,4,32,0,0,242,0,242,0,8,262,4,274,372,0,372,646
03/07/2015,PUB,CO,ANM,WE,Towers with Radar,0,4,15,9,28,0,3,231,7,241,0,7,246,16,269,608,58,666,935
03/08/2015,PUB,CO,ANM,WE,Towers with Radar,0,4,12,0,16,0,0,52,0,52,0,4,64,0,68,74,0,74,142
03/09/2015,PUB,CO,ANM,WE,Towers with Radar,0,8,9,12,29,0,0,375,23,398,0,8,384,35,427,873,98,971,1398
03/10/2015,PUB,CO,ANM,WE,Towers with Radar,0,13,17,13,43,0,4,346,8,358,0,17,363,21,401,654,24,678,1079
03/11/2015,PUB,CO,ANM,WE,Towers with Radar,0,20,27,8,55,0,0,370,20,390,0,20,397,28,445,609,66,675,1120
03/12/2015,PUB,CO,ANM,WE,Towers with Radar,0,12,18,14,44,0,2,285,9,296,0,14,303,23,340,472,88,560,900
03/13/2015,PUB,CO,ANM,WE,Towers with Radar,0,8,26,3,37,2,0,193,1,196,2,8,219,4,233,58,0,58,291
03/14/2015,PUB,CO,ANM,WE,Towers with Radar,0,6,23,14,43,2,2,70,3,77,2,8,93,17,120,40,0,40,160
03/15/2015,PUB,CO,ANM,WE,Towers with Radar,0,4,11,1,16,0,0,42,1,43,0,4,53,2,59,52,20,72,131
03/16/2015,PUB,CO,ANM,WE,Towers with Radar,0,6,21,0,27,0,1,285,1,287,0,7,306,1,314,438,16,454,768
03/17/2015,PUB,CO,ANM,WE,Towers with Radar,0,11,5,14,30,0,3,69,16,88,0,14,74,30,118,356,114,470,588
03/18/2015,PUB,CO,ANM,WE,Towers with Radar,0,10,14,27,51,0,5,215,6,226,0,15,229,33,277,306,62,368,645
03/19/2015,PUB,CO,ANM,WE,Towers with Radar,0,11,9,6,26,0,2,7,6,15,0,13,16,12,41,6,76,82,123
03/20/2015,PUB,CO,ANM,WE,Towers with Radar,0,13,33,2,48,0,0,245,2,247,0,13,278,4,295,436,0,436,731
03/21/2015,PUB,CO,ANM,WE,Towers with Radar,0,3,18,9,30,0,6,51,0,57,0,9,69,9,87,26,28,54,141
03/22/2015,PUB,CO,ANM,WE,Towers with Radar,0,5,9,0,14,0,0,29,0,29,0,5,38,0,43,30,0,30,73
03/23/2015,PUB,CO,ANM,WE,Towers with Radar,0,7,23,2,32,0,0,220,0,220,0,7,243,2,252,388,2,390,642
03/24/2015,PUB,CO,ANM,WE,Towers with Radar,0,6,14,3,23,0,0,150,9,159,0,6,164,12,182,258,32,290,472
03/25/2015,PUB,CO,ANM,WE,Towers with Radar,0,11,17,0,28,0,0,142,5,147,0,11,159,5,175,212,54,266,441
03/26/2015,PUB,CO,ANM,WE,Towers with Radar,0,8,33,11,52,0,0,218,22,240,0,8,251,33,292,257,105,362,654
03/27/2015,PUB,CO,ANM,WE,Towers with Radar,0,13,22,14,49,0,2,185,7,194,0,15,207,21,243,308,12,320,563
03/28/2015,PUB,CO,ANM,WE,Towers with Radar,2,5,31,23,61,0,1,59,7,67,2,6,90,30,128,60,4,64,192
03/29/2015,PUB,CO,ANM,WE,Towers with Radar,0,4,16,6,26,0,1,27,4,32,0,5,43,10,58,6,16,22,80
03/30/2015,PUB,CO,ANM,WE,Towers with Radar,0,14,10,19,43,0,4,249,3,256,0,18,259,22,299,300,22,322,621
03/31/2015,PUB,CO,ANM,WE,Towers with Radar,0,7,15,15,37,0,0,215,11,226,0,7,230,26,263,256,80,336,599
04/01/2015,PUB,CO,ANM,WE,Towers with Radar,8,19,21,16,64,0,0,189,12,201,8,19,210,28,265,176,90,266,531
04/02/2015,PUB,CO,ANM,WE,Towers with Radar,0,7,19,2,28,0,0,154,0,154,0,7,173,2,182,238,30,268,450
04/03/2015,PUB,CO,ANM,WE,Towers with Radar,0,7,13,1,21,0,1,165,1,167,0,8,178,2,188,358,2,360,548
04/04/2015,PUB,CO,ANM,WE,Towers with Radar,0,9,18,11,38,0,0,78,1,79,0,9,96,12,117,58,2,60,177
04/05/2015,PUB,CO,ANM,WE,Towers with Radar,0,3,9,0,12,0,0,17,0,17,0,3,26,0,29,4,0,4,33
04/06/2015,PUB,CO,ANM,WE,Towers with Radar,0,10,7,6,23,0,0,225,1,226,0,10,232,7,249,572,40,612,861
04/07/2015,PUB,CO,ANM,WE,Towers with Radar,4,7,16,9,36,0,2,178,10,190,4,9,194,19,226,344,14,358,584
04/08/2015,PUB,CO,ANM,WE,Towers with Radar,0,10,15,33,58,0,0,64,3,67,0,10,79,36,125,88,40,128,253
04/09/2015,PUB,CO,ANM,WE,Towers with Radar,0,9,7,7,23,0,4,149,4,157,0,13,156,11,180,130,18,148,328
04/10/2015,PUB,CO,ANM,WE,Towers with Radar,2,4,8,2,16,0,3,218,3,224,2,7,226,5,240,386,4,390,630
04/11/2015,PUB,CO,ANM,WE,Towers with Radar,0,5,13,1,19,0,3,96,1,100,0,8,109,2,119,70,0,70,189
04/12/2015,PUB,CO,ANM,WE,Towers with Radar,0,4,29,0,33,0,7,36,0,43,0,11,65,0,76,16,0,16,92
04/13/2015,PUB,CO,ANM,WE,Towers with Radar,4,8,10,33,55,0,0,201,25,226,4,8,211,58,281,480,60,540,821
04/14/2015,PUB,CO,ANM,WE,Towers with Radar,0,8,8,9,25,0,2,168,14,184,0,10,176,23,209,498,22,520,729
04/15/2015,PUB,CO,ANM,WE,Towers with Radar,0,6,9,1,16,0,1,142,5,148,0,7,151,6,164,190,16,206,370
04/16/2015,PUB,CO,ANM,WE,Towers with Radar,2,8,15,9,34,0,0,124,3,127,2,8,139,12,161,82,2,84,245
04/17/2015,PUB,CO,ANM,WE,Towers with Radar,10,34,16,2,62,0,2,123,4,129,10,36,139,6,191,415,8,423,614
04/18/2015,PUB,CO,ANM,WE,Towers with Radar,0,8,21,5,34,0,5,28,4,37,0,13,49,9,71,12,28,40,111
04/19/2015,PUB,CO,ANM,WE,Towers with Radar,0,2,5,0,7,0,0,2,0,2,0,2,7,0,9,0,0,0,9
04/20/2015,PUB,CO,ANM,WE,Towers with Radar,0,7,13,8,28,0,0,173,4,177,0,7,186,12,205,292,38,330,535
04/21/2015,PUB,CO,ANM,WE,Towers with Radar,0,6,18,10,34,0,2,196,8,206,0,8,214,18,240,228,24,252,492
04/22/2015,PUB,CO,ANM,WE,Towers with Radar,0,14,12,9,35,0,1,182,5,188,0,15,194,14,223,205,50,255,478
04/23/2015,PUB,CO,ANM,WE,Towers with Radar,0,10,24,14,48,0,0,163,28,191,0,10,187,42,239,284,100,384,623
04/24/2015,PUB,CO,ANM,WE,Towers with Radar,4,11,22,6,43,7,2,137,1,147,11,13,159,7,190,290,10,300,490
04/25/2015,PUB,CO,ANM,WE,Towers with Radar,0,7,31,0,38,0,2,60,8,70,0,9,91,8,108,56,0,56,164
04/26/2015,PUB,CO,ANM,WE,Towers with Radar,0,3,7,0,10,0,0,0,0,0,0,3,7,0,10,0,0,0,10
04/27/2015,PUB,CO,ANM,WE,Towers with Radar,0,8,13,10,31,0,0,69,33,102,0,8,82,43,133,164,118,282,415
04/28/2015,PUB,CO,ANM,WE,Towers with Radar,0,8,11,6,25,0,5,180,21,206,0,13,191,27,231,90,66,156,387
04/29/2015,PUB,CO,ANM,WE,Towers with Radar,0,16,21,8,45,0,3,201,15,219,0,19,222,23,264,248,72,320,584
04/30/2015,PUB,CO,ANM,WE,Towers with Radar,0,8,16,8,32,0,3,184,7,194,0,11,200,15,226,404,30,434,660
05/01/2015,PUB,CO,ANM,WE,Towers with Radar,0,13,21,0,34,0,4,72,0,76,0,17,93,0,110,130,0,130,240
05/02/2015,PUB,CO,ANM,WE,Towers with Radar,0,7,12,20,39,0,0,48,8,56,0,7,60,28,95,36,14,50,145
05/03/2015,PUB,CO,ANM,WE,Towers with Radar,0,3,13,0,16,0,0,36,5,41,0,3,49,5,57,52,0,52,109
05/04/2015,PUB,CO,ANM,WE,Towers with Radar,1,7,19,2,29,0,1,134,0,135,1,8,153,2,164,268,0,268,432
05/05/2015,PUB,CO,ANM,WE,Towers with Radar,0,14,15,17,46,0,0,1,1,2,0,14,16,18,48,0,38,38,86
05/06/2015,PUB,CO,ANM,WE,Towers with Radar,0,8,21,15,44,0,1,175,14,190,0,9,196,29,234,296,60,356,590
05/07/2015,PUB,CO,ANM,WE,Towers with Radar,0,12,18,0,30,0,0,88,1,89,0,12,106,1,119,74,0,74,193
05/08/2015,PUB,CO,ANM,WE,Towers with Radar,0,17,11,0,28,0,0,23,0,23,0,17,34,0,51,8,0,8,59
05/09/2015,PUB,CO,ANM,WE,Towers with Radar,0,9,0,0,9,0,1,9,0,10,0,10,9,0,19,4,0,4,23
05/10/2015,PUB,CO,ANM,WE,Towers with Radar,0,2,10,0,12,0,0,8,0,8,0,2,18,0,20,10,0,10,30
05/11/2015,PUB,CO,ANM,WE,Towers with Radar,0,10,29,10,49,0,2,187,7,196,0,12,216,17,245,246,50,296,541
05/12/2015,PUB,CO,ANM,WE,Towers with Radar,0,7,14,11,32,0,0,154,6,160,0,7,168,17,192,202,26,228,420
05/13/2015,PUB,CO,ANM,WE,Towers with Radar,0,10,22,14,46,0,2,142,14,158,0,12,164,28,204,204,96,300,504
05/14/2015,PUB,CO,ANM,WE,Towers with Radar,1,9,26,17,53,0,2,179,7,188,1,11,205,24,241,328,0,328,569
05/15/2015,PUB,CO,ANM,WE,Towers with Radar,0,6,13,7,26,0,1,128,1,130,0,7,141,8,156,355,4,359,515
05/16/2015,PUB,CO,ANM,WE,Towers with Radar,0,6,24,30,60,0,9,139,3,151,0,15,163,33,211,351,0,351,562
05/17/2015,PUB,CO,ANM,WE,Towers with Radar,0,2,17,0,19,0,1,37,2,40,0,3,54,2,59,4,1,5,64
05/18/2015,PUB,CO,ANM,WE,Towers with Radar,0,11,15,1,27,0,4,135,6,145,0,15,150,7,172,240,34,274,446
05/19/2015,PUB,CO,ANM,WE,Towers with Radar,0,8,19,5,32,0,0,0,0,0,0,8,19,5,32,0,10,10,42
05/20/2015,PUB,CO,ANM,WE,Towers with Radar,0,11,15,18,44,0,0,54,8,62,0,11,69,26,106,76,118,194,300
05/21/2015,PUB,CO,ANM,WE,Towers with Radar,0,12,17,5,34,0,0,38,1,39,0,12,55,6,73,248,0,248,321
05/22/2015,PUB,CO,ANM,WE,Towers with Radar,0,12,29,2,43,0,0,198,0,198,0,12,227,2,241,384,0,384,625
05/23/2015,PUB,CO,ANM,WE,Towers with Radar,2,17,4,2,25,0,2,58,4,64,2,19,62,6,89,164,12,176,265
05/24/2015,PUB,CO,ANM,WE,Towers with Radar,0,4,3,0,7,0,2,28,4,34,0,6,31,4,41,6,0,6,47
05/25/2015,PUB,CO,ANM,WE,Towers with Radar,0,9,20,0,29,0,2,52,4,58,0,11,72,4,87,56,0,56,143
05/26/2015,PUB,CO,ANM,WE,Towers with Radar,0,16,18,5,39,0,2,212,1,215,0,18,230,6,254,374,0,374,628
05/27/2015,PUB,CO,ANM,WE,Towers with Radar,0,9,19,17,45,0,1,182,24,207,0,10,201,41,252,342,120,462,714
05/28/2015,PUB,CO,ANM,WE,Towers with Radar,0,10,21,5,36,0,1,188,20,209,0,11,209,25,245,418,0,418,663
05/29/2015,PUB,CO,ANM,WE,Towers with Radar,0,7,8,6,21,0,6,154,2,162,0,13,162,8,183,322,4,326,509
05/30/2015,PUB,CO,ANM,WE,Towers with Radar,0,4,6,0,10,0,0,35,0,35,0,4,41,0,45,38,0,38,83
05/31/2015,PUB,CO,ANM,WE,Towers with Radar,0,4,15,0,19,0,2,56,0,58,0,6,71,0,77,66,0,66,143
06/01/2015,PUB,CO,ANM,WE,Towers with Radar,0,9,9,8,26,0,6,170,2,178,0,15,179,10,204,594,40,634,838
06/02/2015,PUB,CO,ANM,WE,Towers with Radar,0,9,20,12,41,0,2,174,15,191,0,11,194,27,232,566,44,610,842
06/03/2015,PUB,CO,ANM,WE,Towers with Radar,0,16,17,2,35,0,6,164,5,175,0,22,181,7,210,396,0,396,606
06/04/2015,PUB,CO,ANM,WE,Towers with Radar,2,10,17,16,45,0,4,128,6,138,2,14,145,22,183,374,60,434,617
06/05/2015,PUB,CO,ANM,WE,Towers with Radar,0,13,13,14,40,0,0,75,4,79,0,13,88,18,119,312,0,312,431
06/06/2015,PUB,CO,ANM,WE,Towers with Radar,0,5,10,22,37,0,2,278,5,285,0,7,288,27,322,24,26,50,372
06/07/2015,PUB,CO,ANM,WE,Towers with Radar,2,4,13,6,25,0,0,70,3,73,2,4,83,9,98,32,16,48,146
06/08/2015,PUB,CO,ANM,WE,Towers with Radar,0,7,20,7,34,0,0,156,7,163,0,7,176,14,197,426,10,436,633
06/09/2015,PUB,CO,ANM,WE,Towers with Radar,0,12,15,15,42,0,6,139,6,151,0,18,154,21,193,320,40,360,553
06/10/2015,PUB,CO,ANM,WE,Towers with Radar,0,10,11,0,21,0,3,267,6,276,0,13,278,6,297,341,8,349,646
06/11/2015,PUB,CO,ANM,WE,Towers with Radar,0,5,22,4,31,0,1,13,0,14,0,6,35,4,45,36,0,36,81
06/12/2015,PUB,CO,ANM,WE,Towers with Radar,0,8,30,6,44,0,6,56,5,67,0,14,86,11,111,154,0,154,265
06/13/2015,PUB,CO,ANM,WE,Towers with Radar,4,3,13,0,20,0,3,53,19,75,4,6,66,19,95,36,0,36,131
06/14/2015,PUB,CO,ANM,WE,Towers with Radar,0,1,34,0,35,0,1,53,0,54,0,2,87,0,89,0,0,0,89
06/15/2015,PUB,CO,ANM,WE,Towers with Radar,0,10,24,6,40,0,0,204,1,205,0,10,228,7,245,462,0,462,707
06/16/2015,PUB,CO,ANM,WE,Towers with Radar,0,16,11,16,43,0,4,193,4,201,0,20,204,20,244,440,4,444,688
06/17/2015,PUB,CO,ANM,WE,Towers with Radar,0,6,16,8,30,0,2,176,8,186,0,8,192,16,216,358,2,360,576
06/18/2015,PUB,CO,ANM,WE,Towers with Radar,0,8,33,3,44,0,2,210,12,224,0,10,243,15,268,468,28,496,764
06/19/2015,PUB,CO,ANM,WE,Towers with Radar,0,4,15,7,26,0,7,176,5,188,0,11,191,12,214,444,0,444,658
06/20/2015,PUB,CO,ANM,WE,Towers with Radar,2,2,25,3,32,0,3,80,5,88,2,5,105,8,120,50,0,50,170
06/21/2015,PUB,CO,ANM,WE,Towers with Radar,0,1,12,2,15,0,5,59,6,70,0,6,71,8,85,2,0,2,87
06/22/2015,PUB,CO,ANM,WE,Towers with Radar,0,4,17,12,33,0,1,207,3,211,0,5,224,15,244,474,12,486,730
06/23/2015,PUB,CO,ANM,WE,Towers with Radar,0,7,28,2,37,0,3,160,13,176,0,10,188,15,213,764,4,768,981
06/24/2015,PUB,CO,ANM,WE,Towers with Radar,2,11,14,4,31,0,1,192,16,209,2,12,206,20,240,570,36,606,846
06/25/2015,PUB,CO,ANM,WE,Towers with Radar,1,8,27,9,45,0,4,212,10,226,1,12,239,19,271,542,0,542,813
06/26/2015,PUB,CO,ANM,WE,Towers with Radar,0,9,20,11,40,0,7,148,4,159,0,16,168,15,199,452,20,472,671
06/27/2015,PUB,CO,ANM,WE,Towers with Radar,0,1,18,2,21,0,4,68,2,74,0,5,86,4,95,54,0,54,149
06/28/2015,PUB,CO,ANM,WE,Towers with Radar,1,2,8,2,13,0,0,46,1,47,1,2,54,3,60,37,4,41,101
06/29/2015,PUB,CO,ANM,WE,Towers with Radar,1,7,19,19,46,0,2,283,7,292,1,9,302,26,338,634,38,672,1010
06/30/2015,PUB,CO,ANM,WE,Towers with Radar,0,5,23,4,32,0,1,253,12,266,0,6,276,16,298,569,40,609,907
07/01/2015,PUB,CO,ANM,WE,Towers with Radar,0,9,21,7,37,0,2,214,4,220,0,11,235,11,257,330,2,332,589
07/02/2015,PUB,CO,ANM,WE,Towers with Radar,0,3,23,2,28,0,7,175,0,182,0,10,198,2,210,180,0,180,390
07/03/2015,PUB,CO,ANM,WE,Towers with Radar,0,3,11,0,14,0,0,41,0,41,0,3,52,0,55,38,0,38,93
07/04/2015,PUB,CO,ANM,WE,Towers with Radar,0,2,7,0,9,0,0,40,0,40,0,2,47,0,49,12,0,12,61
07/05/2015,PUB,CO,ANM,WE,Towers with Radar,0,2,13,0,15,0,2,35,2,39,0,4,48,2,54,12,0,12,66
07/06/2015,PUB,CO,ANM,WE,Towers with Radar,0,6,23,0,29,0,2,190,0,192,0,8,213,0,221,146,0,146,367
07/07/2015,PUB,CO,ANM,WE,Towers with Radar,0,13,20,2,35,0,0,0,0,0,0,13,20,2,35,0,0,0,35
07/08/2015,PUB,CO,ANM,WE,Towers with Radar,0,4,7,16,27,0,2,194,0,196,0,6,201,16,223,628,14,642,865
07/09/2015,PUB,CO,ANM,WE,Towers with Radar,0,10,16,4,30,0,3,209,0,212,0,13,225,4,242,714,0,714,956
07/10/2015,PUB,CO,ANM,WE,Towers with Radar,0,12,32,3,47,0,0,239,1,240,0,12,271,4,287,324,0,324,611
07/11/2015,PUB,CO,ANM,WE,Towers with Radar,0,1,10,5,16,0,6,48,10,64,0,7,58,15,80,40,6,46,126
07/12/2015,PUB,CO,ANM,WE,Towers with Radar,0,3,31,13,47,0,2,31,2,35,0,5,62,15,82,8,0,8,90
07/13/2015,PUB,CO,ANM,WE,Towers with Radar,0,3,18,4,25,0,0,229,1,230,0,3,247,5,255,151,0,151,406
07/14/2015,PUB,CO,ANM,WE,Towers with Radar,0,5,15,2,22,0,10,188,0,198,0,15,203,2,220,180,0,180,400
07/15/2015,PUB,CO,ANM,WE,Towers with Radar,2,5,23,7,37,0,4,209,2,215,2,9,232,9,252,548,8,556,808
07/16/2015,PUB,CO,ANM,WE,Towers with Radar,0,6,24,4,34,0,5,227,0,232,0,11,251,4,266,390,2,392,658
07/17/2015,PUB,CO,ANM,WE,Towers with Radar,2,6,14,4,26,0,5,283,0,288,2,11,297,4,314,426,0,426,740
07/18/2015,PUB,CO,ANM,WE,Towers with Radar,0,4,21,2,27,0,4,111,3,118,0,8,132,5,145,36,0,36,181
07/19/2015,PUB,CO,ANM,WE,Towers with Radar,0,5,21,0,26,0,2,35,0,37,0,7,56,0,63,48,0,48,111
07/20/2015,PUB,CO,ANM,WE,Towers with Radar,0,9,29,3,41,0,3,321,0,324,0,12,350,3,365,506,0,506,871
07/21/2015,PUB,CO,ANM,WE,Towers with Radar,0,8,18,4,30,0,5,235,7,247,0,13,253,11,277,332,12,344,621
07/22/2015,PUB,CO,ANM,WE,Towers with Radar,0,15,20,0,35,0,0,302,6,308,0,15,322,6,343,434,8,442,785
07/23/2015,PUB,CO,ANM,WE,Towers with Radar,0,6,35,1,42,0,1,251,3,255,0,7,286,4,297,480,6,486,783
07/24/2015,PUB,CO,ANM,WE,Towers with Radar,0,6,21,6,33,0,3,135,3,141,0,9,156,9,174,208,6,214,388
07/25/2015,PUB,CO,ANM,WE,Towers with Radar,0,2,18,2,22,0,2,58,3,63,0,4,76,5,85,69,4,73,158
07/26/2015,PUB,CO,ANM,WE,Towers with Radar,0,9,21,0,30,0,0,68,0,68,0,9,89,0,98,62,0,62,160
07/27/2015,PUB,CO,ANM,WE,Towers with Radar,0,4,21,2,27,0,0,225,3,228,0,4,246,5,255,590,40,630,885
07/28/2015,PUB,CO,ANM,WE,Towers with Radar,0,6,28,8,42,0,2,253,8,263,0,8,281,16,305,444,12,456,761
07/29/2015,PUB,CO,ANM,WE,Towers with Radar,2,9,11,3,25,0,1,234,5,240,2,10,245,8,265,490,36,526,791
07/30/2015,PUB,CO,ANM,WE,Towers with Radar,0,8,19,4,31,0,0,196,4,200,0,8,215,8,231,408,8,416,647
07/31/2015,PUB,CO,ANM,WE,Towers with Radar,0,5,29,0,34,0,2,226,0,228,0,7,255,0,262,582,0,582,844
08/01/2015,PUB,CO,ANM,WE,Towers with Radar,0,3,17,0,20,0,0,37,1,38,0,3,54,1,58,50,0,50,108
08/02/2015,PUB,CO,ANM,WE,Towers with Radar,0,2,24,1,27,0,7,54,3,64,0,9,78,4,91,32,0,32,123
08/03/2015,PUB,CO,ANM,WE,Towers with Radar,0,4,18,4,26,0,1,262,3,266,0,5,280,7,292,524,0,524,816
08/04/2015,PUB,CO,ANM,WE,Towers with Radar,0,5,20,5,30,0,5,277,2,284,0,10,297,7,314,422,6,428,742
08/05/2015,PUB,CO,ANM,WE,Towers with Radar,0,9,15,10,34,0,4,322,8,334,0,13,337,18,368,646,28,674,1042
08/06/2015,PUB,CO,ANM,WE,Towers with Radar,0,7,16,2,25,0,0,281,6,287,0,7,297,8,312,663,0,663,975
08/07/2015,PUB,CO,ANM,WE,Towers with Radar,0,6,19,0,25,0,1,151,1,153,0,7,170,1,178,460,0,460,638
08/08/2015,PUB,CO,ANM,WE,Towers with Radar,0,5,15,11,31,0,0,42,8,50,0,5,57,19,81,30,32,62,143
08/09/2015,PUB,CO,ANM,WE,Towers with Radar,2,8,23,1,34,0,1,50,2,53,2,9,73,3,87,42,2,44,131
08/10/2015,PUB,CO,ANM,WE,Towers with Radar,0,14,8,3,25,0,0,244,5,249,0,14,252,8,274,374,20,394,668
08/11/2015,PUB,CO,ANM,WE,Towers with Radar,0,7,11,4,22,0,0,235,2,237,0,7,246,6,259,264,0,264,523
08/12/2015,PUB,CO,ANM,WE,Towers with Radar,0,11,25,15,51,0,0,246,5,251,0,11,271,20,302,360,12,372,674
08/13/2015,PUB,CO,ANM,WE,Towers with Radar,2,8,23,0,33,0,0,223,2,225,2,8,246,2,258,240,0,240,498
08/14/2015,PUB,CO,ANM,WE,Towers with Radar,0,3,26,4,33,0,2,232,1,235,0,5,258,5,268,294,0,294,562
08/15/2015,PUB,CO,ANM,WE,Towers with Radar,0,4,10,0,14,0,0,39,0,39,0,4,49,0,53,22,0,22,75
08/16/2015,PUB,CO,ANM,WE,Towers with Radar,2,4,20,7,33,0,0,17,8,25,2,4,37,15,58,10,16,26,84
08/17/2015,PUB,CO,ANM,WE,Towers with Radar,2,6,10,0,18,0,1,128,4,133,2,7,138,4,151,256,0,256,407
08/18/2015,PUB,CO,ANM,WE,Towers with Radar,0,6,12,4,22,1,1,186,3,191,1,7,198,7,213,270,34,304,517
08/19/2015,PUB,CO,ANM,WE,Towers with Radar,0,9,14,20,43,0,4,245,4,253,0,13,259,24,296,506,0,506,802
08/20/2015,PUB,CO,ANM,WE,Towers with Radar,0,8,20,13,41,0,0,190,4,194,0,8,210,17,235,350,42,392,627
08/21/2015,PUB,CO,ANM,WE,Towers with Radar,0,6,23,2,31,0,4,168,0,172,0,10,191,2,203,210,2,212,415
08/22/2015,PUB,CO,ANM,WE,Towers with Radar,2,3,10,1,16,0,2,35,4,41,2,5,45,5,57,10,0,10,67
08/23/2015,PUB,CO,ANM,WE,Towers with Radar,0,0,14,0,14,0,0,24,0,24,0,0,38,0,38,6,0,6,44
08/24/2015,PUB,CO,ANM,WE,Towers with Radar,0,4,18,4,26,0,0,294,2,296,0,4,312,6,322,372,0,372,694
08/25/2015,PUB,CO,ANM,WE,Towers with Radar,2,11,15,1,29,0,2,301,2,305,2,13,316,3,334,482,8,490,824
08/26/2015,PUB,CO,ANM,WE,Towers with Radar,0,7,16,4,27,0,2,241,4,247,0,9,257,8,274,414,10,424,698
08/27/2015,PUB,CO,ANM,WE,Towers with Radar,0,12,15,11,38,0,6,282,3,291,0,18,297,14,329,346,20,366,695
08/28/2015,PUB,CO,ANM,WE,Towers with Radar,0,8,29,8,45,0,2,262,3,267,0,10,291,11,312,352,8,360,672
08/29/2015,PUB,CO,ANM,WE,Towers with Radar,0,1,15,0,16,0,1,36,0,37,0,2,51,0,53,24,0,24,77
08/30/2015,PUB,CO,ANM,WE,Towers with Radar,0,4,9,2,15,0,2,49,0,51,0,6,58,2,66,28,0,28,94
08/31/2015,PUB,CO,ANM,WE,Towers with Radar,2,6,14,10,32,0,0,306,2,308,2,6,320,12,340,614,6,620,960
09/01/2015,PUB,CO,ANM,WE,Towers with Radar,0,8,16,2,26,0,3,247,0,250,0,11,263,2,276,444,0,444,720
09/02/2015,PUB,CO,ANM,WE,Towers with Radar,0,10,19,2,31,0,1,254,2,257,0,11,273,4,288,364,22,386,674
09/03/2015,PUB,CO,ANM,WE,Towers with Radar,0,9,7,0,16,0,1,225,2,228,0,10,232,2,244,318,0,318,562
09/04/2015,PUB,CO,ANM,WE,Towers with Radar,0,6,15,2,23,0,1,237,0,238,0,7,252,2,261,442,0,442,703
09/05/2015,PUB,CO,ANM,WE,Towers with Radar,0,2,7,0,9,0,1,54,0,55,0,3,61,0,64,74,0,74,138
09/06/2015,PUB,CO,ANM,WE,Towers with Radar,0,2,18,0,20,0,0,42,0,42,0,2,60,0,62,10,0,10,72
09/07/2015,PUB,CO,ANM,WE,Towers with Radar,0,9,20,0,29,0,0,55,0,55,0,9,75,0,84,72,0,72,156
09/08/2015,PUB,CO,ANM,WE,Towers with Radar,0,4,27,7,38,0,0,210,2,212,0,4,237,9,250,188,26,214,464
09/09/2015,PUB,CO,ANM,WE,Towers with Radar,0,8,14,1,23,0,4,260,7,271,0,12,274,8,294,500,58,558,852
09/10/2015,PUB,CO,ANM,WE,Towers with Radar,0,5,19,2,26,0,2,299,0,301,0,7,318,2,327,489,34,523,850
09/11/2015,PUB,CO,ANM,WE,Towers with Radar,0,7,23,0,30,0,0,225,0,225,0,7,248,0,255,458,0,458,713
09/12/2015,PUB,CO,ANM,WE,Towers with Radar,0,2,17,16,35,0,2,29,4,35,0,4,46,20,70,44,4,48,118
09/13/2015,PUB,CO,ANM,WE,Towers with Radar,0,7,20,2,29,0,0,39,0,39,0,7,59,2,68,18,0,18,86
09/14/2015,PUB,CO,ANM,WE,Towers with Radar,1,8,7,4,20,0,0,256,0,256,1,8,263,4,276,342,0,342,618
09/15/2015,PUB,CO,ANM,WE,Towers with Radar,0,9,16,6,31,0,2,832,6,840,0,11,848,12,871,470,46,516,1387
09/16/2015,PUB,CO,ANM,WE,Towers with Radar,0,11,18,0,29,0,1,728,0,729,0,12,746,0,758,409,0,409,1167
09/17/2015,PUB,CO,ANM,WE,Towers with Radar,0,6,33,0,39,0,1,331,8,340,0,7,364,8,379,169,2,171,550
09/18/2015,PUB,CO,ANM,WE,Towers with Radar,0,5,23,4,32,0,0,204,0,204,0,5,227,4,236,77,0,77,313
09/19/2015,PUB,CO,ANM,WE,Towers with Radar,0,1,8,40,49,0,1,17,28,46,0,2,25,68,95,7,8,15,110
09/20/2015,PUB,CO,ANM,WE,Towers with Radar,0,5,20,0,25,0,0,50,0,50,0,5,70,0,75,28,0,28,103
09/21/2015,PUB,CO,ANM,WE,Towers with Radar,2,13,18,5,38,0,3,309,14,326,2,16,327,19,364,622,36,658,1022
09/22/2015,PUB,CO,ANM,WE,Towers with Radar,0,5,24,3,32,0,0,268,3,271,0,5,292,6,303,664,12,676,979
09/23/2015,PUB,CO,ANM,WE,Towers with Radar,0,10,26,3,39,0,4,248,8,260,0,14,274,11,299,688,26,714,1013
09/24/2015,PUB,CO,ANM,WE,Towers with Radar,0,8,36,1,45,0,2,246,5,253,0,10,282,6,298,480,32,512,810
09/25/2015,PUB,CO,ANM,WE,Towers with Radar,0,4,18,6,28,0,2,147,2,151,0,6,165,8,179,306,0,306,485
09/26/2015,PUB,CO,ANM,WE,Towers with Radar,0,5,17,16,38,0,5,51,5,61,0,10,68,21,99,34,0,34,133
09/27/2015,PUB,CO,ANM,WE,Towers with Radar,0,6,18,2,26,0,4,58,3,65,0,10,76,5,91,30,0,30,121
09/28/2015,PUB,CO,ANM,WE,Towers with Radar,0,10,8,1,19,0,1,311,2,314,0,11,319,3,333,486,0,486,819
09/29/2015,PUB,CO,ANM,WE,Towers with Radar,0,5,23,2,30,0,0,270,1,271,0,5,293,3,301,486,6,492,793
09/30/2015,PUB,CO,ANM,WE,Towers with Radar,0,5,13,1,19,0,0,145,4,149,0,5,158,5,168,326,42,368,536
10/01/2015,PUB,CO,ANM,WE,Towers with Radar,0,16,34,13,63,0,2,128,1,131,0,18,162,14,194,246,46,292,486
10/02/2015,PUB,CO,ANM,WE,Towers with Radar,2,5,23,21,51,0,0,23,0,23,2,5,46,21,74,42,0,42,116
10/03/2015,PUB,CO,ANM,WE,Towers with Radar,0,5,16,1,22,0,0,41,1,42,0,5,57,2,64,12,0,12,76
10/04/2015,PUB,CO,ANM,WE,Towers with Radar,0,0,24,11,35,0,2,19,6,27,0,2,43,17,62,34,0,34,96
10/05/2015,PUB,CO,ANM,WE,Towers with Radar,0,4,18,10,32,0,0,169,8,177,0,4,187,18,209,376,42,418,627
10/06/2015,PUB,CO,ANM,WE,Towers with Radar,0,3,28,3,34,0,0,241,3,244,0,3,269,6,278,372,18,390,668
10/07/2015,PUB,CO,ANM,WE,Towers with Radar,0,13,12,11,36,0,1,273,4,278,0,14,285,15,314,644,36,680,994
10/08/2015,PUB,CO,ANM,WE,Towers with Radar,0,8,10,0,18,0,1,255,0,256,0,9,265,0,274,449,2,451,725
10/09/2015,PUB,CO,ANM,WE,Towers with Radar,0,6,11,3,20,0,0,305,2,307,0,6,316,5,327,426,0,426,753
10/10/2015,PUB,CO,ANM,WE,Towers with Radar,0,3,10,8,21,0,4,68,0,72,0,7,78,8,93,22,0,22,115
10/11/2015,PUB,CO,ANM,WE,Towers with Radar,0,3,10,0,13,0,0,20,0,20,0,3,30,0,33,0,0,0,33
10/12/2015,PUB,CO,ANM,WE,Towers with Radar,0,5,14,0,19,0,0,26,10,36,0,5,40,10,55,42,0,42,97
10/13/2015,PUB,CO,ANM,WE,Towers with Radar,0,7,9,4,20,0,0,819,17,836,0,7,828,21,856,472,64,536,1392
10/14/2015,PUB,CO,ANM,WE,Towers with Radar,0,5,17,3,25,0,3,728,6,737,0,8,745,9,762,578,68,646,1408
10/15/2015,PUB,CO,ANM,WE,Towers with Radar,0,9,17,10,36,0,0,182,2,184,0,9,199,12,220,208,12,220,440
10/16/2015,PUB,CO,ANM,WE,Towers with Radar,0,8,16,0,24,0,1,258,1,260,0,9,274,1,284,614,0,614,898
10/17/2015,PUB,CO,ANM,WE,Towers with Radar,0,3,14,1,18,0,1,36,5,42,0,4,50,6,60,10,0,10,70
10/18/2015,PUB,CO,ANM,WE,Towers with Radar,0,5,17,7,29,0,4,21,2,27,0,9,38,9,56,2,0,2,58
10/19/2015,PUB,CO,ANM,WE,Towers with Radar,0,6,18,14,38,0,1,196,6,203,0,7,214,20,241,482,44,526,767
10/20/2015,PUB,CO,ANM,WE,Towers with Radar,0,7,24,9,40,0,2,313,2,317,0,9,337,11,357,508,6,514,871
10/21/2015,PUB,CO,ANM,WE,Towers with Radar,0,8,12,5,25,0,0,22,0,22,0,8,34,5,47,42,0,42,89
10/22/2015,PUB,CO,ANM,WE,Towers with Radar,0,8,21,10,39,0,0,122,0,122,0,8,143,10,161,373,0,373,534
10/23/2015,PUB,CO,ANM,WE,Towers with Radar,0,10,27,1,38,0,0,254,7,261,0,10,281,8,299,196,0,196,495
10/24/2015,PUB,CO,ANM,WE,Towers with Radar,0,2,20,26,48,0,1,91,27,119,0,3,111,53,167,74,28,102,269
10/25/2015,PUB,CO,ANM,WE,Towers with Radar,0,2,14,3,19,0,0,53,9,62,0,2,67,12,81,86,16,102,183
10/26/2015,PUB,CO,ANM,WE,Towers with Radar,0,6,8,8,22,0,0,309,17,326,0,6,317,25,348,378,34,412,760
10/27/2015,PUB,CO,ANM,WE,Towers with Radar,0,11,15,0,26,0,2,219,0,221,0,13,234,0,247,380,0,380,627
10/28/2015,PUB,CO,ANM,WE,Towers with Radar,0,6,16,15,37,0,1,293,8,302,0,7,309,23,339,488,40,528,867
10/29/2015,PUB,CO,ANM,WE,Towers with Radar,0,4,25,1,30,0,2,287,3,292,0,6,312,4,322,653,12,665,987
10/30/2015,PUB,CO,ANM,WE,Towers with Radar,0,3,8,2,13,0,0,156,2,158,0,3,164,4,171,396,0,396,567
10/31/2015,PUB,CO,ANM,WE,Towers with Radar,0,13,27,20,60,0,4,57,4,65,0,17,84,24,125,40,0,40,165
11/01/2015,PUB,CO,ANM,WE,Towers with Radar,0,6,23,2,31,0,0,28,0,28,0,6,51,2,59,22,0,22,81
11/02/2015,PUB,CO,ANM,WE,Towers with Radar,0,10,17,9,36,0,0,346,1,347,0,10,363,10,383,572,36,608,991
11/03/2015,PUB,CO,ANM,WE,Towers with Radar,0,6,30,0,36,0,2,303,0,305,0,8,333,0,341,466,2,468,809
11/04/2015,PUB,CO,ANM,WE,Towers with Radar,0,11,31,1,43,0,1,195,5,201,0,12,226,6,244,209,14,223,467
11/05/2015,PUB,CO,ANM,WE,Towers with Radar,0,9,10,4,23,0,0,251,16,267,0,9,261,20,290,280,36,316,606
11/06/2015,PUB,CO,ANM,WE,Towers with Radar,0,7,32,41,80,0,0,297,3,300,0,7,329,44,380,517,6,523,903
11/07/2015,PUB,CO,ANM,WE,Towers with Radar,0,3,15,0,18,0,1,48,0,49,0,4,63,0,67,108,0,108,175
11/08/2015,PUB,CO,ANM,WE,Towers with Radar,0,2,9,2,13,0,1,32,3,36,0,3,41,5,49,110,0,110,159
11/09/2015,PUB,CO,ANM,WE,Towers with Radar,0,2,23,7,32,0,2,349,7,358,0,4,372,14,390,690,48,738,1128
11/10/2015,PUB,CO,ANM,WE,Towers with Radar,0,5,17,15,37,0,1,314,14,329,0,6,331,29,366,752,66,818,1184
11/11/2015,PUB,CO,ANM,WE,Towers with Radar,0,7,11,0,18,0,4,20,0,24,0,11,31,0,42,10,0,10,52
11/12/2015,PUB,CO,ANM,WE,Towers with Radar,0,6,16,2,24,0,2,341,0,343,0,8,357,2,367,657,0,657,1024
11/13/2015,PUB,CO,ANM,WE,Towers with Radar,2,4,24,5,35,0,1,285,4,290,2,5,309,9,325,690,0,690,1015
11/14/2015,PUB,CO,ANM,WE,Towers with Radar,0,4,19,19,42,0,0,280,6,286,0,4,299,25,328,400,0,400,728
11/15/2015,PUB,CO,ANM,WE,Towers with Radar,0,2,31,0,33,0,2,27,0,29,0,4,58,0,62,14,0,14,76
11/16/2015,PUB,CO,ANM,WE,Towers with Radar,1,8,22,7,38,0,0,165,1,166,1,8,187,8,204,338,18,356,560
11/17/2015,PUB,CO,ANM,WE,Towers with Radar,0,3,9,0,12,0,0,0,0,0,0,3,9,0,12,0,0,0,12
11/18/2015,PUB,CO,ANM,WE,Towers with Radar,0,10,12,10,32,0,1,2,10,13,0,11,14,20,45,0,22,22,67
11/19/2015,PUB,CO,ANM,WE,Towers with Radar,0,10,24,17,51,0,0,358,10,368,0,10,382,27,419,828,102,930,1349
11/20/2015,PUB,CO,ANM,WE,Towers with Radar,0,8,20,4,32,0,0,149,0,149,0,8,169,4,181,226,2,228,409
11/21/2015,PUB,CO,ANM,WE,Towers with Radar,0,5,29,2,36,0,3,296,0,299,0,8,325,2,335,690,0,690,1025
11/22/2015,PUB,CO,ANM,WE,Towers with Radar,0,4,17,0,21,0,0,42,0,42,0,4,59,0,63,72,0,72,135
11/23/2015,PUB,CO,ANM,WE,Towers with Radar,0,8,31,3,42,0,0,324,1,325,0,8,355,4,367,692,2,694,1061
11/24/2015,PUB,CO,ANM,WE,Towers with Radar,0,9,23,4,36,0,3,333,7,343,0,12,356,11,379,474,0,474,853
11/25/2015,PUB,CO,ANM,WE,Towers with Radar,0,10,27,1,38,0,2,270,0,272,0,12,297,1,310,425,0,425,735
11/26/2015,PUB,CO,ANM,WE,Towers with Radar,0,0,2,0,2,0,0,0,0,0,0,0,2,0,2,0,0,0,2
11/27/2015,PUB,CO,ANM,WE,Towers with Radar,0,9,3,0,12,0,0,0,0,0,0,9,3,0,12,0,0,0,12
11/28/2015,PUB,CO,ANM,WE,Towers with Radar,0,2,7,0,9,0,0,1,0,1,0,2,8,0,10,0,0,0,10
11/29/2015,PUB,CO,ANM,WE,Towers with Radar,0,7,14,0,21,0,0,1,0,1,0,7,15,0,22,0,0,0,22
11/30/2015,PUB,CO,ANM,WE,Towers with Radar,0,6,11,0,17,0,1,156,1,158,0,7,167,1,175,388,10,398,573
12/01/2015,PUB,CO,ANM,WE,Towers with Radar,0,6,18,5,29,0,0,262,2,264,0,6,280,7,293,505,14,519,812
12/02/2015,PUB,CO,ANM,WE,Towers with Radar,0,4,23,3,30,0,3,320,9,332,0,7,343,12,362,418,42,460,822
12/03/2015,PUB,CO,ANM,WE,Towers with Radar,0,5,22,2,29,0,0,288,2,290,0,5,310,4,319,288,28,316,635
12/04/2015,PUB,CO,ANM,WE,Towers with Radar,0,6,17,2,25,0,4,324,1,329,0,10,341,3,354,224,0,224,578
12/05/2015,PUB,CO,ANM,WE,Towers with Radar,0,5,5,5,15,0,1,21,3,25,0,6,26,8,40,58,16,74,114
12/06/2015,PUB,CO,ANM,WE,Towers with Radar,0,7,15,0,22,0,0,40,2,42,0,7,55,2,64,38,4,42,106
12/07/2015,PUB,CO,ANM,WE,Towers with Radar,2,4,26,0,32,0,0,325,0,325,2,4,351,0,357,630,0,630,987
12/08/2015,PUB,CO,ANM,WE,Towers with Radar,0,8,11,12,31,0,0,569,1,570,0,8,580,13,601,434,18,452,1053
12/09/2015,PUB,CO,ANM,WE,Towers with Radar,1,6,16,8,31,0,0,594,2,596,1,6,610,10,627,350,18,368,995
12/10/2015,PUB,CO,ANM,WE,Towers with Radar,0,4,14,0,18,0,0,244,2,246,0,4,258,2,264,294,26,320,584
12/11/2015,PUB,CO,ANM,WE,Towers with Radar,0,5,14,0,19,0,0,152,0,152,0,5,166,0,171,260,0,260,431
12/12/2015,PUB,CO,ANM,WE,Towers with Radar,0,6,7,0,13,0,0,6,0,6,0,6,13,0,19,16,0,16,35
12/13/2015,PUB,CO,ANM,WE,Towers with Radar,0,2,15,0,17,0,0,21,0,21,0,2,36,0,38,26,0,26,64
12/14/2015,PUB,CO,ANM,WE,Towers with Radar,0,8,25,3,36,0,2,265,0,267,0,10,290,3,303,543,0,543,846
12/15/2015,PUB,CO,ANM,WE,Towers with Radar,0,0,2,0,2,0,1,0,2,3,0,1,2,2,5,0,0,0,5
12/16/2015,PUB,CO,ANM,WE,Towers with Radar,0,6,11,4,21,0,1,197,8,206,0,7,208,12,227,332,20,352,579
12/17/2015,PUB,CO,ANM,WE,Towers with Radar,0,4,15,1,20,0,0,113,6,119,0,4,128,7,139,190,34,224,363
12/18/2015,PUB,CO,ANM,WE,Towers with Radar,0,7,20,3,30,0,2,122,4,128,0,9,142,7,158,198,8,206,364
12/19/2015,PUB,CO,ANM,WE,Towers with Radar,0,6,28,11,45,0,2,40,3,45,0,8,68,14,90,108,26,134,224
12/20/2015,PUB,CO,ANM,WE,Towers with Radar,0,6,14,1,21,0,0,16,2,18,0,6,30,3,39,14,14,28,67
12/21/2015,PUB,CO,ANM,WE,Towers with Radar,0,5,28,1,34,0,0,60,1,61,0,5,88,2,95,68,4,72,167
12/22/2015,PUB,CO,ANM,WE,Towers with Radar,1,2,8,16,27,0,0,56,4,60,1,2,64,20,87,82,10,92,179
12/23/2015,PUB,CO,ANM,WE,Towers with Radar,0,5,17,9,31,0,0,38,15,53,0,5,55,24,84,26,30,56,140
12/24/2015,PUB,CO,ANM,WE,Towers with Radar,0,5,9,0,14,0,0,18,0,18,0,5,27,0,32,34,0,34,66
12/25/2015,PUB,CO,ANM,WE,Towers with Radar,0,6,6,1,13,0,0,9,0,9,0,6,15,1,22,0,0,0,22
12/26/2015,PUB,CO,ANM,WE,Towers with Radar,1,8,14,0,23,0,0,8,0,8,1,8,22,0,31,0,0,0,31
12/27/2015,PUB,CO,ANM,WE,Towers with Radar,0,10,28,0,38,0,1,10,0,11,0,11,38,0,49,36,0,36,85
12/28/2015,PUB,CO,ANM,WE,Towers with Radar,2,9,24,6,41,0,1,18,0,19,2,10,42,6,60,70,0,70,130
12/29/2015,PUB,CO,ANM,WE,Towers with Radar,0,8,31,2,41,0,2,20,2,24,0,10,51,4,65,22,0,22,87
12/30/2015,PUB,CO,ANM,WE,Towers with Radar,0,3,21,10,34,0,0,21,3,24,0,3,42,13,58,70,14,84,142
12/31/2015,PUB,CO,ANM,WE,Towers with Radar,2,7,19,6,34,0,0,3,0,3,2,7,22,6,37,0,16,16,53
01/01/2016,PUB,CO,ANM,WE,Towers with Radar,0,5,4,0,9,0,0,19,0,19,0,5,23,0,28,10,0,10,38
01/02/2016,PUB,CO,ANM,WE,Towers with Radar,0,4,22,0,26,0,0,61,1,62,0,4,83,1,88,64,0,64,152
01/03/2016,PUB,CO,ANM,WE,Towers with Radar,0,10,18,0,28,0,0,26,1,27,0,10,44,1,55,112,0,112,167
01/04/2016,PUB,CO,ANM,WE,Towers with Radar,0,8,24,0,32,0,2,29,0,31,0,10,53,0,63,88,0,88,151
01/05/2016,PUB,CO,ANM,WE,Towers with Radar,0,10,19,0,29,0,0,106,7,113,0,10,125,7,142,80,32,112,254
01/06/2016,PUB,CO,ANM,WE,Towers with Radar,0,9,16,1,26,0,1,74,4,79,0,10,90,5,105,132,6,138,243
01/07/2016,PUB,CO,ANM,WE,Towers with Radar,0,7,14,2,23,0,0,2,0,2,0,7,16,2,25,18,0,18,43
01/08/2016,PUB,CO,ANM,WE,Towers with Radar,0,6,3,6,15,0,0,0,0,0,0,6,3,6,15,0,0,0,15
01/09/2016,PUB,CO,ANM,WE,Towers with Radar,0,7,13,0,20,0,0,22,0,22,0,7,35,0,42,22,0,22,64
01/10/2016,PUB,CO,ANM,WE,Towers with Radar,0,4,12,0,16,0,0,27,0,27,0,4,39,0,43,38,0,38,81
01/11/2016,PUB,CO,ANM,WE,Towers with Radar,0,8,14,2,24,0,3,239,0,242,0,11,253,2,266,508,0,508,774
01/12/2016,PUB,CO,ANM,WE,Towers with Radar,0,7,10,5,22,0,0,240,8,248,0,7,250,13,270,347,46,393,663
01/13/2016,PUB,CO,ANM,WE,Towers with Radar,0,8,15,13,36,0,1,272,8,281,0,9,287,21,317,312,34,346,663
01/14/2016,PUB,CO,ANM,WE,Towers with Radar,0,17,13,4,34,0,1,254,1,256,0,18,267,5,290,228,12,240,530
01/15/2016,PUB,CO,ANM,WE,Towers with Radar,0,5,19,29,53,0,0,273,1,274,0,5,292,30,327,760,2,762,1089
01/16/2016,PUB,CO,ANM,WE,Towers with Radar,0,3,21,6,30,0,0,61,4,65,0,3,82,10,95,36,0,36,131
01/17/2016,PUB,CO,ANM,WE,Towers with Radar,2,4,7,18,31,0,2,61,20,83,2,6,68,38,114,8,6,14,128
01/18/2016,PUB,CO,ANM,WE,Towers with Radar,0,9,27,6,42,0,3,38,0,41,0,12,65,6,83,38,0,38,121
01/19/2016,PUB,CO,ANM,WE,Towers with Radar,0,9,29,8,46,0,0,213,5,218,0,9,242,13,264,308,34,342,606
01/20/2016,PUB,CO,ANM,WE,Towers with Radar,0,9,21,17,47,0,0,290,3,293,0,9,311,20,340,290,43,333,673
01/21/2016,PUB,CO,ANM,WE,Towers with Radar,2,9,18,5,34,0,1,217,3,221,2,10,235,8,255,376,90,466,721
01/22/2016,PUB,CO,ANM,WE,Towers with Radar,0,6,16,4,26,0,1,237,0,238,0,7,253,4,264,562,14,576,840
01/23/2016,PUB,CO,ANM,WE,Towers with Radar,0,2,25,20,47,0,5,83,16,104,0,7,108,36,151,92,10,102,253
01/24/2016,PUB,CO,ANM,WE,Towers with Radar,0,2,13,1,16,0,1,17,0,18,0,3,30,1,34,0,0,0,34
01/25/2016,PUB,CO,ANM,WE,Towers with Radar,0,10,27,0,37,0,0,305,0,305,0,10,332,0,342,190,12,202,544
01/26/2016,PUB,CO,ANM,WE,Towers with Radar,0,12,9,1,22,0,1,207,1,209,0,13,216,2,231,564,0,564,795
01/27/2016,PUB,CO,ANM,WE,Towers with Radar,0,3,13,1,17,0,0,320,4,324,0,3,333,5,341,488,14,502,843
01/28/2016,PUB,CO,ANM,WE,Towers with Radar,0,4,10,0,14,0,0,310,6,316,0,4,320,6,330,658,26,684,1014
01/29/2016,PUB,CO,ANM,WE,Towers with Radar,0,6,15,1,22,0,4,100,5,109,0,10,115,6,131,60,0,60,191
01/30/2016,PUB,CO,ANM,WE,Towers with Radar,0,1,11,2,14,0,2,22,2,26,0,3,33,4,40,32,0,32,72
01/31/2016,PUB,CO,ANM,WE,Towers with Radar,0,5,5,0,10,0,0,0,0,0,0,5,5,0,10,0,0,0,10
02/01/2016,PUB,CO,ANM,WE,Towers with Radar,0,11,9,0,20,0,0,0,0,0,0,11,9,0,20,0,0,0,20
02/02/2016,PUB,CO,ANM,WE,Towers with Radar,0,6,6,0,12,0,1,2,0,3,0,7,8,0,15,0,0,0,15
02/03/2016,PUB,CO,ANM,WE,Towers with Radar,0,10,7,0,17,0,1,178,0,179,0,11,185,0,196,142,0,142,338
02/04/2016,PUB,CO,ANM,WE,Towers with Radar,0,15,19,1,35,0,1,264,3,268,0,16,283,4,303,292,0,292,595
02/05/2016,PUB,CO,ANM,WE,Towers with Radar,0,9,24,4,37,0,0,151,1,152,0,9,175,5,189,314,0,314,503
02/06/2016,PUB,CO,ANM,WE,Towers with Radar,0,1,33,3,37,0,1,283,3,287,0,2,316,6,324,302,10,312,636
02/07/2016,PUB,CO,ANM,WE,Towers with Radar,0,9,17,0,26,0,0,24,0,24,0,9,41,0,50,4,0,4,54
02/08/2016,PUB,CO,ANM,WE,Towers with Radar,0,7,22,4,33,0,2,280,6,288,0,9,302,10,321,500,14,514,835
02/09/2016,PUB,CO,ANM,WE,Towers with Radar,0,6,10,0,16,0,1,244,4,249,0,7,254,4,265,600,44,644,909
02/10/2016,PUB,CO,ANM,WE,Towers with Radar,0,8,14,0,22,0,2,223,0,225,0,10,237,0,247,396,2,398,645
02/11/2016,PUB,CO,ANM,WE,Towers with Radar,1,6,18,3,28,0,2,340,5,347,1,8,358,8,375,616,22,638,1013
02/12/2016,PUB,CO,ANM,WE,Towers with Radar,0,7,24,0,31,0,0,301,0,301,0,7,325,0,332,482,0,482,814
02/13/2016,PUB,CO,ANM,WE,Towers with Radar,0,13,14,0,27,0,0,28,0,28,0,13,42,0,55,16,0,16,71
02/14/2016,PUB,CO,ANM,WE,Towers with Radar,0,4,12,2,18,0,2,32,8,42,0,6,44,10,60,25,4,29,89
02/15/2016,PUB,CO,ANM,WE,Towers with Radar,0,7,8,0,15,0,0,18,2,20,0,7,26,2,35,18,6,24,59
02/16/2016,PUB,CO,ANM,WE,Towers with Radar,0,5,19,4,28,0,1,339,0,340,0,6,358,4,368,444,30,474,842
02/17/2016,PUB,CO,ANM,WE,Towers with Radar,0,12,11,3,26,0,0,336,0,336,0,12,347,3,362,590,8,598,960
02/18/2016,PUB,CO,ANM,WE,Towers with Radar,0,9,12,2,23,0,0,114,1,115,0,9,126,3,138,322,0,322,460
02/19/2016,PUB,CO,ANM,WE,Towers with Radar,0,8,16,2,26,0,0,244,1,245,0,8,260,3,271,170,0,170,441
02/20/2016,PUB,CO,ANM,WE,Towers with Radar,0,7,24,0,31,0,0,149,0,149,0,7,173,0,180,16,0,16,196
02/21/2016,PUB,CO,ANM,WE,Towers with Radar,0,3,22,8,33,0,1,56,5,62,0,4,78,13,95,22,6,28,123
02/22/2016,PUB,CO,ANM,WE,Towers with Radar,0,6,11,9,26,0,0,254,0,254,0,6,265,9,280,542,0,542,822
02/23/2016,PUB,CO,ANM,WE,Towers with Radar,0,7,14,10,31,0,2,195,2,199,0,9,209,12,230,130,22,152,382
02/24/2016,PUB,CO,ANM,WE,Towers with Radar,0,10,27,1,38,0,3,301,8,312,0,13,328,9,350,710,16,726,1076
02/25/2016,PUB,CO,ANM,WE,Towers with Radar,0,14,25,2,41,0,1,265,1,267,0,15,290,3,308,522,0,522,830
02/26/2016,PUB,CO,ANM,WE,Towers with Radar,0,6,38,10,54,0,3,264,0,267,0,9,302,10,321,324,0,324,645
02/27/2016,PUB,CO,ANM,WE,Towers with Radar,0,5,21,6,32,0,0,49,3,52,0,5,70,9,84,24,0,24,108
02/28/2016,PUB,CO,ANM,WE,Towers with Radar,0,8,18,0,26,0,3,71,4,78,0,11,89,4,104,24,0,24,128
02/29/2016,PUB,CO,ANM,WE,Towers with Radar,0,6,7,0,13,0,0,248,2,250,0,6,255,2,263,231,12,243,506
03/01/2016,PUB,CO,ANM,WE,Towers with Radar,0,6,17,9,32,0,1,221,2,224,0,7,238,11,256,368,6,374,630
03/02/2016,PUB,CO,ANM,WE,Towers with Radar,0,8,19,0,27,0,0,116,0,116,0,8,135,0,143,238,0,238,381
03/03/2016,PUB,CO,ANM,WE,Towers with Radar,0,10,13,4,27,0,2,188,2,192,0,12,201,6,219,88,10,98,317
03/04/2016,PUB,CO,ANM,WE,Towers with Radar,0,9,9,1,19,0,6,214,1,221,0,15,223,2,240,106,0,106,346
03/05/2016,PUB,CO,ANM,WE,Towers with Radar,0,2,23,13,38,0,0,49,8,57,0,2,72,21,95,84,0,84,179
03/06/2016,PUB,CO,ANM,WE,Towers with Radar,0,1,20,13,34,0,4,44,3,51,0,5,64,16,85,30,12,42,127
03/07/2016,PUB,CO,ANM,WE,Towers with Radar,0,5,8,0,13,0,0,151,1,152,0,5,159,1,165,192,6,198,363
03/08/2016,PUB,CO,ANM,WE,Towers with Radar,0,7,14,1,22,0,3,284,7,294,0,10,298,8,316,382,46,428,744
03/09/2016,PUB,CO,ANM,WE,Towers with Radar,0,6,21,7,34,0,3,251,6,260,0,9,272,13,294,466,10,476,770
03/10/2016,PUB,CO,ANM,WE,Towers with Radar,0,3,2,3,8,0,0,254,4,258,0,3,256,7,266,316,34,350,616
03/11/2016,PUB,CO,ANM,WE,Towers with Radar,0,5,8,7,20,0,4,256,4,264,0,9,264,11,284,228,6,234,518
03/12/2016,PUB,CO,ANM,WE,Towers with Radar,0,3,18,13,34,0,0,40,5,45,0,3,58,18,79,12,20,32,111
03/13/2016,PUB,CO,ANM,WE,Towers with Radar,0,3,24,0,27,0,1,53,3,57,0,4,77,3,84,24,2,26,110
03/14/2016,PUB,CO,ANM,WE,Towers with Radar,0,9,4,0,13,0,0,133,0,133,0,9,137,0,146,222,0,222,368
03/15/2016,PUB,CO,ANM,WE,Towers with Radar,0,10,9,5,24,0,2,126,0,128,0,12,135,5,152,362,0,362,514
03/16/2016,PUB,CO,ANM,WE,Towers with Radar,0,5,19,0,24,0,3,270,0,273,0,8,289,0,297,412,0,412,709
03/17/2016,PUB,CO,ANM,WE,Towers with Radar,0,10,12,0,22,0,0,237,14,251,0,10,249,14,273,524,24,548,821
03/18/2016,PUB,CO,ANM,WE,Towers with Radar,0,9,11,0,20,0,0,0,0,0,0,9,11,0,20,0,0,0,20
03/19/2016,PUB,CO,ANM,WE,Towers with Radar,0,2,14,0,16,0,3,30,0,33,0,5,44,0,49,22,0,22,71
03/20/2016,PUB,CO,ANM,WE,Towers with Radar,0,4,19,0,23,0,1,60,0,61,0,5,79,0,84,18,0,18,102
03/21/2016,PUB,CO,ANM,WE,Towers with Radar,0,6,5,0,11,0,2,215,0,217,0,8,220,0,228,344,0,344,572
03/22/2016,PUB,CO,ANM,WE,Towers with Radar,0,10,17,1,28,0,3,151,7,161,0,13,168,8,189,302,40,342,531
03/23/2016,PUB,CO,ANM,WE,Towers with Radar,0,7,4,4,15,0,0,1,4,5,0,7,5,8,20,0,0,0,20
03/24/2016,PUB,CO,ANM,WE,Towers with Radar,0,12,14,4,30,0,0,310,0,310,0,12,324,4,340,106,0,106,446
03/25/2016,PUB,CO,ANM,WE,Towers with Radar,0,7,13,9,29,0,0,188,1,189,0,7,201,10,218,140,2,142,360
03/26/2016,PUB,CO,ANM,WE,Towers with Radar,0,6,2,0,8,0,0,0,0,0,0,6,2,0,8,0,0,0,8
03/27/2016,PUB,CO,ANM,WE,Towers with Radar,0,4,15,0,19,0,0,30,0,30,0,4,45,0,49,10,0,10,59
03/28/2016,PUB,CO,ANM,WE,Towers with Radar,0,6,28,3,37,0,3,323,1,327,0,9,351,4,364,410,2,412,776
03/29/2016,PUB,CO,ANM,WE,Towers with Radar,0,9,16,2,27,0,4,262,8,274,0,13,278,10,301,290,40,330,631
03/30/2016,PUB,CO,ANM,WE,Towers with Radar,0,10,16,0,26,0,0,206,2,208,0,10,222,2,234,228,2,230,464
03/31/2016,PUB,CO,ANM,WE,Towers with Radar,0,13,16,0,29,0,0,185,0,185,0,13,201,0,214,388,22,410,624
04/01/2016,PUB,CO,ANM,WE,Towers with Radar,0,5,29,1,35,0,0,237,1,238,0,5,266,2,273,436,0,436,709
04/02/2016,PUB,CO,ANM,WE,Towers with Radar,0,6,14,14,34,0,0,71,6,77,0,6,85,20,111,96,14,110,221
04/03/2016,PUB,CO,ANM,WE,Towers with Radar,0,9,15,0,24,0,1,49,3,53,0,10,64,3,77,52,2,54,131
04/04/2016,PUB,CO,ANM,WE,Towers with Radar,0,8,21,1,30,0,0,265,14,279,0,8,286,15,309,756,70,826,1135
04/05/2016,PUB,CO,ANM,WE,Towers with Radar,0,7,11,7,25,0,1,140,2,143,0,8,151,9,168,283,4,287,455
04/06/2016,PUB,CO,ANM,WE,Towers with Radar,0,9,21,11,41,0,0,214,7,221,0,9,235,18,262,399,50,449,711
04/07/2016,PUB,CO,ANM,WE,Towers with Radar,0,9,32,1,42,0,0,243,1,244,0,9,275,2,286,400,60,460,746
04/08/2016,PUB,CO,ANM,WE,Towers with Radar,0,9,18,77,104,0,1,231,13,245,0,10,249,90,349,72,36,108,457
04/09/2016,PUB,CO,ANM,WE,Towers with Radar,2,2,14,9,27,0,0,65,4,69,2,2,79,13,96,52,6,58,154
04/10/2016,PUB,CO,ANM,WE,Towers with Radar,0,3,29,2,34,0,2,44,0,46,0,5,73,2,80,16,0,16,96
04/11/2016,PUB,CO,ANM,WE,Towers with Radar,0,9,19,0,28,0,0,131,4,135,0,9,150,4,163,468,28,496,659
04/12/2016,PUB,CO,ANM,WE,Towers with Radar,0,6,15,0,21,0,0,178,9,187,0,6,193,9,208,460,78,538,746
04/13/2016,PUB,CO,ANM,WE,Towers with Radar,2,9,41,11,63,0,1,304,0,305,2,10,345,11,368,438,10,448,816
04/14/2016,PUB,CO,ANM,WE,Towers with Radar,0,10,29,2,41,0,5,257,6,268,0,15,286,8,309,416,16,432,741
04/15/2016,PUB,CO,ANM,WE,Towers with Radar,0,10,14,0,24,0,0,171,0,171,0,10,185,0,195,184,0,184,379
04/16/2016,PUB,CO,ANM,WE,Towers with Radar,0,1,0,0,1,0,0,0,0,0,0,1,0,0,1,0,0,0,1
04/17/2016,PUB,CO,ANM,WE,Towers with Radar,0,4,10,0,14,0,0,3,0,3,0,4,13,0,17,0,0,0,17
04/18/2016,PUB,CO,ANM,WE,Towers with Radar,0,7,11,0,18,0,3,60,0,63,0,10,71,0,81,102,0,102,183
04/19/2016,PUB,CO,ANM,WE,Towers with Radar,2,9,13,13,37,0,0,135,7,142,2,9,148,20,179,484,70,554,733
04/20/2016,PUB,CO,ANM,WE,Towers with Radar,0,10,26,8,44,0,2,545,3,550,0,12,571,11,594,470,44,514,1108
04/21/2016,PUB,CO,ANM,WE,Towers with Radar,0,5,9,3,17,0,2,277,3,282,0,7,286,6,299,174,24,198,497
04/22/2016,PUB,CO,ANM,WE,Towers with Radar,0,7,35,27,69,0,3,315,1,319,0,10,350,28,388,482,0,482,870
04/23/2016,PUB,CO,ANM,WE,Towers with Radar,0,5,12,0,17,0,0,50,0,50,0,5,62,0,67,40,0,40,107
04/24/2016,PUB,CO,ANM,WE,Towers with Radar,2,6,22,3,33,0,1,35,1,37,2,7,57,4,70,16,0,16,86
04/25/2016,PUB,CO,ANM,WE,Towers with Radar,0,12,20,17,49,0,5,251,1,257,0,17,271,18,306,152,14,166,472
04/26/2016,PUB,CO,ANM,WE,Towers with Radar,0,14,19,1,34,0,12,191,5,208,0,26,210,6,242,464,22,486,728
04/27/2016,PUB,CO,ANM,WE,Towers with Radar,0,12,15,7,34,0,1,235,4,240,0,13,250,11,274,460,53,513,787
04/28/2016,PUB,CO,ANM,WE,Towers with Radar,0,10,7,0,17,0,0,133,0,133,0,10,140,0,150,412,0,412,562
04/29/2016,PUB,CO,ANM,WE,Towers with Radar,0,9,0,0,9,0,0,0,0,0,0,9,0,0,9,0,0,0,9
04/30/2016,PUB,CO,ANM,WE,Towers with Radar,0,4,18,2,24,0,0,10,0,10,0,4,28,2,34,8,4,12,46
05/01/2016,PUB,CO,ANM,WE,Towers with Radar,0,3,15,0,18,0,0,0,0,0,0,3,15,0,18,0,0,0,18
05/02/2016,PUB,CO,ANM,WE,Towers with Radar,0,9,6,5,20,0,0,217,1,218,0,9,223,6,238,434,0,434,672
05/03/2016,PUB,CO,ANM,WE,Towers with Radar,0,7,13,9,29,0,4,224,7,235,0,11,237,16,264,102,14,116,380
05/04/2016,PUB,CO,ANM,WE,Towers with Radar,0,9,33,6,48,0,1,260,0,261,0,10,293,6,309,447,8,455,764
05/05/2016,PUB,CO,ANM,WE,Towers with Radar,0,9,33,2,44,1,1,226,3,231,1,10,259,5,275,418,10,428,703
05/06/2016,PUB,CO,ANM,WE,Towers with Radar,2,9,28,0,39,0,0,211,0,211,2,9,239,0,250,220,0,220,470
05/07/2016,PUB,CO,ANM,WE,Towers with Radar,2,5,11,1,19,0,2,26,1,29,2,7,37,2,48,16,0,16,64
05/08/2016,PUB,CO,ANM,WE,Towers with Radar,0,7,13,0,20,0,0,22,3,25,0,7,35,3,45,10,0,10,55
05/09/2016,PUB,CO,ANM,WE,Towers with Radar,0,9,23,4,36,0,0,527,5,532,0,9,550,9,568,114,44,158,726
05/10/2016,PUB,CO,ANM,WE,Towers with Radar,2,12,30,1,45,0,2,223,4,229,2,14,253,5,274,324,8,332,606
05/11/2016,PUB,CO,ANM,WE,Towers with Radar,2,12,14,0,28,0,2,203,0,205,2,14,217,0,233,302,2,304,537
05/12/2016,PUB,CO,ANM,WE,Towers with Radar,0,10,28,1,39,0,2,189,2,193,0,12,217,3,232,254,0,254,486
05/13/2016,PUB,CO,ANM,WE,Towers with Radar,0,13,15,0,28,0,1,250,1,252,0,14,265,1,280,346,2,348,628
05/14/2016,PUB,CO,ANM,WE,Towers with Radar,0,3,19,15,37,0,1,10,5,16,0,4,29,20,53,4,20,24,77
05/15/2016,PUB,CO,ANM,WE,Towers with Radar,0,4,18,0,22,0,0,7,0,7,0,4,25,0,29,0,0,0,29
05/16/2016,PUB,CO,ANM,WE,Towers with Radar,0,4,13,0,17,0,1,15,0,16,0,5,28,0,33,38,0,38,71
05/17/2016,PUB,CO,ANM,WE,Towers with Radar,0,11,22,8,41,0,0,136,0,136,0,11,158,8,177,286,22,308,485
05/18/2016,PUB,CO,ANM,WE,Towers with Radar,0,12,19,7,38,0,0,347,5,352,0,12,366,12,390,152,34,186,576
05/19/2016,PUB,CO,ANM,WE,Towers with Radar,0,16,19,1,36,0,0,220,4,224,0,16,239,5,260,158,34,192,452
05/20/2016,PUB,CO,ANM,WE,Towers with Radar,0,13,31,6,50,0,2,69,0,71,0,15,100,6,121,26,0,26,147
05/21/2016,PUB,CO,ANM,WE,Towers with Radar,0,5,12,38,55,0,4,42,14,60,0,9,54,52,115,18,10,28,143
05/22/2016,PUB,CO,ANM,WE,Towers with Radar,0,9,26,3,38,0,6,49,1,56,0,15,75,4,94,14,4,18,112
05/23/2016,PUB,CO,ANM,WE,Towers with Radar,0,10,26,18,54,0,0,224,1,225,0,10,250,19,279,92,10,102,381
05/24/2016,PUB,CO,ANM,WE,Towers with Radar,0,9,20,2,31,0,3,192,3,198,0,12,212,5,229,86,0,86,315
05/25/2016,PUB,CO,ANM,WE,Towers with Radar,0,13,22,17,52,0,0,193,6,199,0,13,215,23,251,74,2,76,327
05/26/2016,PUB,CO,ANM,WE,Towers with Radar,6,11,23,0,40,0,5,178,0,183,6,16,201,0,223,320,0,320,543
05/27/2016,PUB,CO,ANM,WE,Towers with Radar,0,12,16,0,28,0,0,23,0,23,0,12,39,0,51,22,0,22,73
05/28/2016,PUB,CO,ANM,WE,Towers with Radar,0,14,22,0,36,0,3,61,2,66,0,17,83,2,102,43,0,43,145
05/29/2016,PUB,CO,ANM,WE,Towers with Radar,2,7,17,0,26,0,0,30,0,30,2,7,47,0,56,8,0,8,64
05/30/2016,PUB,CO,ANM,WE,Towers with Radar,0,7,31,1,39,0,3,61,0,64,0,10,92,1,103,26,0,26,129
05/31/2016,PUB,CO,ANM,WE,Towers with Radar,0,12,32,2,46,0,7,149,0,156,0,19,181,2,202,288,0,288,490
06/01/2016,PUB,CO,ANM,WE,Towers with Radar,0,11,19,10,40,0,1,193,2,196,0,12,212,12,236,614,0,614,850
06/02/2016,PUB,CO,ANM,WE,Towers with Radar,0,14,37,2,53,0,5,176,2,183,0,19,213,4,236,270,14,284,520
06/03/2016,PUB,CO,ANM,WE,Towers with Radar,0,8,10,6,24,0,2,151,0,153,0,10,161,6,177,148,2,150,327
06/04/2016,PUB,CO,ANM,WE,Towers with Radar,0,8,15,8,31,0,4,46,2,52,0,12,61,10,83,28,0,28,111
06/05/2016,PUB,CO,ANM,WE,Towers with Radar,0,4,12,0,16,0,2,46,0,48,0,6,58,0,64,22,0,22,86
06/06/2016,PUB,CO,ANM,WE,Towers with Radar,2,9,17,0,28,0,2,154,0,156,2,11,171,0,184,454,4,458,642
06/07/2016,PUB,CO,ANM,WE,Towers with Radar,0,11,25,0,36,0,1,204,0,205,0,12,229,0,241,330,0,330,571
06/08/2016,PUB,CO,ANM,WE,Towers with Radar,0,12,11,8,31,0,3,266,0,269,0,15,277,8,300,506,12,518,818
06/09/2016,PUB,CO,ANM,WE,Towers with Radar,0,10,9,0,19,0,0,287,0,287,0,10,296,0,306,436,0,436,742
06/10/2016,PUB,CO,ANM,WE,Towers with Radar,0,11,27,0,38,0,7,266,2,275,0,18,293,2,313,312,12,324,637
06/11/2016,PUB,CO,ANM,WE,Towers with Radar,2,3,14,0,19,0,2,70,4,76,2,5,84,4,95,6,2,8,103
06/12/2016,PUB,CO,ANM,WE,Towers with Radar,0,6,22,7,35,0,2,52,1,55,0,8,74,8,90,76,0,76,166
06/13/2016,PUB,CO,ANM,WE,Towers with Radar,6,11,15,0,32,0,1,84,0,85,6,12,99,0,117,58,0,58,175
06/14/2016,PUB,CO,ANM,WE,Towers with Radar,0,9,10,7,26,0,2,269,5,276,0,11,279,12,302,302,12,314,616
06/15/2016,PUB,CO,ANM,WE,Towers with Radar,2,10,23,0,35,0,1,271,3,275,2,11,294,3,310,170,28,198,508
06/16/2016,PUB,CO,ANM,WE,Towers with Radar,0,11,20,1,32,0,2,232,0,234,0,13,252,1,266,214,0,214,480
06/17/2016,PUB,CO,ANM,WE,Towers with Radar,0,7,25,2,34,0,2,112,0,114,0,9,137,2,148,70,0,70,218
06/18/2016,PUB,CO,ANM,WE,Towers with Radar,0,12,22,2,36,0,30,129,3,162,0,42,151,5,198,56,0,56,254
06/19/2016,PUB,CO,ANM,WE,Towers with Radar,0,5,9,1,15,0,5,29,0,34,0,10,38,1,49,12,0,12,61
06/20/2016,PUB,CO,ANM,WE,Towers with Radar,0,9,19,4,32,0,3,259,0,262,0,12,278,4,294,428,0,428,722
06/21/2016,PUB,CO,ANM,WE,Towers with Radar,0,8,3,0,11,0,1,703,0,704,0,9,706,0,715,380,0,380,1095
06/22/2016,PUB,CO,ANM,WE,Towers with Radar,0,10,11,0,21,0,1,282,0,283,0,11,293,0,304,200,0,200,504
06/23/2016,PUB,CO,ANM,WE,Towers with Radar,0,11,22,8,41,0,3,293,0,296,0,14,315,8,337,160,0,160,497
06/24/2016,PUB,CO,ANM,WE,Towers with Radar,0,11,22,3,36,0,0,231,0,231,0,11,253,3,267,198,0,198,465
06/25/2016,PUB,CO,ANM,WE,Towers with Radar,0,5,25,0,30,0,2,34,0,36,0,7,59,0,66,20,0,20,86
06/26/2016,PUB,CO,ANM,WE,Towers with Radar,0,5,18,0,23,0,5,33,0,38,0,10,51,0,61,14,0,14,75
06/27/2016,PUB,CO,ANM,WE,Towers with Radar,0,10,16,2,28,0,0,262,2,264,0,10,278,4,292,420,2,422,714
06/28/2016,PUB,CO,ANM,WE,Towers with Radar,0,7,16,6,29,0,3,256,4,263,0,10,272,10,292,334,0,334,626
06/29/2016,PUB,CO,ANM,WE,Towers with Radar,0,6,14,0,20,0,1,229,0,230,0,7,243,0,250,341,0,341,591
06/30/2016,PUB,CO,ANM,WE,Towers with Radar,0,14,21,1,36,0,0,207,0,207,0,14,228,1,243,220,0,220,463
07/01/2016,PUB,CO,ANM,WE,Towers with Radar,0,13,23,10,46,0,0,38,0,38,0,13,61,10,84,36,0,36,120
07/02/2016,PUB,CO,ANM,WE,Towers with Radar,0,10,32,0,42,0,2,41,0,43,0,12,73,0,85,44,0,44,129
07/03/2016,PUB,CO,ANM,WE,Towers with Radar,0,5,9,0,14,0,2,42,0,44,0,7,51,0,58,24,0,24,82
07/04/2016,PUB,CO,ANM,WE,Towers with Radar,0,10,13,0,23,0,0,15,0,15,0,10,28,0,38,8,0,8,46
07/05/2016,PUB,CO,ANM,WE,Towers with Radar,0,9,23,4,36,0,4,199,6,209,0,13,222,10,245,140,34,174,419
07/06/2016,PUB,CO,ANM,WE,Towers with Radar,0,12,17,7,36,0,1,207,5,213,0,13,224,12,249,230,20,250,499
07/07/2016,PUB,CO,ANM,WE,Towers with Radar,0,7,23,4,34,0,1,194,2,197,0,8,217,6,231,228,4,232,463
07/08/2016,PUB,CO,ANM,WE,Towers with Radar,2,14,19,3,38,0,5,126,1,132,2,19,145,4,170,74,0,74,244
07/09/2016,PUB,CO,ANM,WE,Towers with Radar,0,8,16,0,24,1,2,45,1,49,1,10,61,1,73,28,0,28,101
07/10/2016,PUB,CO,ANM,WE,Towers with Radar,0,7,19,0,26,0,2,29,0,31,0,9,48,0,57,52,0,52,109
07/11/2016,PUB,CO,ANM,WE,Towers with Radar,0,9,22,0,31,0,0,323,1,324,0,9,345,1,355,210,0,210,565
07/12/2016,PUB,CO,ANM,WE,Towers with Radar,0,8,22,0,30,0,6,480,0,486,0,14,502,0,516,226,0,226,742
07/13/2016,PUB,CO,ANM,WE,Towers with Radar,0,15,29,3,47,0,2,532,2,536,0,17,561,5,583,188,6,194,777
07/14/2016,PUB,CO,ANM,WE,Towers with Radar,0,14,16,2,32,0,3,360,4,367,0,17,376,6,399,91,0,91,490
07/15/2016,PUB,CO,ANM,WE,Towers with Radar,0,15,14,19,48,0,3,154,2,159,0,18,168,21,207,86,4,90,297
07/16/2016,PUB,CO,ANM,WE,Towers with Radar,0,7,14,4,25,1,2,35,3,41,1,9,49,7,66,40,0,40,106
07/17/2016,PUB,CO,ANM,WE,Towers with Radar,0,5,41,7,53,0,0,39,8,47,0,5,80,15,100,4,10,14,114
07/18/2016,PUB,CO,ANM,WE,Towers with Radar,4,10,14,1,29,0,2,662,1,665,4,12,676,2,694,303,0,303,997
07/19/2016,PUB,CO,ANM,WE,Towers with Radar,2,12,8,3,25,0,1,228,2,231,2,13,236,5,256,476,2,478,734
07/20/2016,PUB,CO,ANM,WE,Towers with Radar,0,10,12,2,24,0,0,233,2,235,0,10,245,4,259,352,6,358,617
07/21/2016,PUB,CO,ANM,WE,Towers with Radar,0,11,32,1,44,0,1,271,0,272,0,12,303,1,316,218,0,218,534
07/22/2016,PUB,CO,ANM,WE,Towers with Radar,0,7,21,6,34,0,1,581,14,596,0,8,602,20,630,212,22,234,864
07/23/2016,PUB,CO,ANM,WE,Towers with Radar,0,5,12,1,18,0,6,35,1,42,0,11,47,2,60,16,10,26,86
07/24/2016,PUB,CO,ANM,WE,Towers with Radar,0,6,22,0,28,0,0,33,0,33,0,6,55,0,61,12,0,12,73
07/25/2016,PUB,CO,ANM,WE,Towers with Radar,0,12,15,2,29,0,0,201,0,201,0,12,216,2,230,254,10,264,494
07/26/2016,PUB,CO,ANM,WE,Towers with Radar,0,8,13,1,22,0,7,162,3,172,0,15,175,4,194,178,10,188,382
07/27/2016,PUB,CO,ANM,WE,Towers with Radar,0,12,15,2,29,0,2,235,8,245,0,14,250,10,274,486,42,528,802
07/28/2016,PUB,CO,ANM,WE,Towers with Radar,0,14,20,6,40,0,2,164,4,170,0,16,184,10,210,204,0,204,414
07/29/2016,PUB,CO,ANM,WE,Towers with Radar,0,14,27,2,43,0,2,233,0,235,0,16,260,2,278,320,0,320,598
07/30/2016,PUB,CO,ANM,WE,Towers with Radar,0,3,14,0,17,0,1,45,2,48,0,4,59,2,65,34,0,34,99
07/31/2016,PUB,CO,ANM,WE,Towers with Radar,0,6,14,0,20,0,0,36,2,38,0,6,50,2,58,24,0,24,82
08/01/2016,PUB,CO,ANM,WE,Towers with Radar,0,8,9,0,17,0,0,166,0,166,0,8,175,0,183,244,0,244,427
08/02/2016,PUB,CO,ANM,WE,Towers with Radar,0,16,15,0,31,0,4,223,3,230,0,20,238,3,261,336,16,352,613
08/03/2016,PUB,CO,ANM,WE,Towers with Radar,0,9,19,2,30,0,1,220,5,226,0,10,239,7,256,378,30,408,664
08/04/2016,PUB,CO,ANM,WE,Towers with Radar,0,10,13,2,25,0,0,91,1,92,0,10,104,3,117,216,0,216,333
08/05/2016,PUB,CO,ANM,WE,Towers with Radar,0,9,32,16,57,0,5,210,2,217,0,14,242,18,274,352,0,352,626
08/06/2016,PUB,CO,ANM,WE,Towers with Radar,0,4,24,0,28,0,3,28,0,31,0,7,52,0,59,72,0,72,131
08/07/2016,PUB,CO,ANM,WE,Towers with Radar,0,5,17,0,22,0,0,33,1,34,0,5,50,1,56,18,0,18,74
08/08/2016,PUB,CO,ANM,WE,Towers with Radar,0,8,23,0,31,0,0,504,0,504,0,8,527,0,535,360,0,360,895
08/09/2016,PUB,CO,ANM,WE,Towers with Radar,2,9,15,5,31,0,3,354,3,360,2,12,369,8,391,400,20,420,811
08/10/2016,PUB,CO,ANM,WE,Towers with Radar,0,12,12,4,28,0,2,153,0,155,0,14,165,4,183,140,0,140,323
08/11/2016,PUB,CO,ANM,WE,Towers with Radar,0,11,31,4,46,0,1,160,2,163,0,12,191,6,209,232,0,232,441
08/12/2016,PUB,CO,ANM,WE,Towers with Radar,0,12,24,4,40,0,1,37,167,205,0,13,61,171,245,36,310,346,591
08/13/2016,PUB,CO,ANM,WE,Towers with Radar,0,5,24,4,33,0,4,38,3,45,0,9,62,7,78,22,0,22,100
08/14/2016,PUB,CO,ANM,WE,Towers with Radar,0,8,20,3,31,0,1,26,10,37,0,9,46,13,68,14,2,16,84
08/15/2016,PUB,CO,ANM,WE,Towers with Radar,0,13,29,12,54,0,2,43,157,202,0,15,72,169,256,70,254,324,580
08/16/2016,PUB,CO,ANM,WE,Towers with Radar,0,12,16,3,31,0,0,30,135,165,0,12,46,138,196,6,172,178,374
08/17/2016,PUB,CO,ANM,WE,Towers with Radar,0,8,12,9,29,0,2,27,103,132,0,10,39,112,161,24,192,216,377
08/18/2016,PUB,CO,ANM,WE,Towers with Radar,0,13,13,4,30,0,13,12,141,166,0,26,25,145,196,2,230,232,428
08/19/2016,PUB,CO,ANM,WE,Towers with Radar,0,12,27,9,48,0,2,34,137,173,0,14,61,146,221,30,272,302,523
08/20/2016,PUB,CO,ANM,WE,Towers with Radar,0,6,7,3,16,0,4,29,1,34,0,10,36,4,50,32,20,52,102
08/21/2016,PUB,CO,ANM,WE,Towers with Radar,0,10,19,17,46,0,2,43,2,47,0,12,62,19,93,28,0,28,121
08/22/2016,PUB,CO,ANM,WE,Towers with Radar,2,16,15,0,33,0,1,15,256,272,2,17,30,256,305,4,320,324,629
08/23/2016,PUB,CO,ANM,WE,Towers with Radar,0,6,7,2,15,0,0,28,239,267,0,6,35,241,282,8,346,354,636
08/24/2016,PUB,CO,ANM,WE,Towers with Radar,2,14,20,10,46,0,1,26,277,304,2,15,46,287,350,52,374,426,776
08/25/2016,PUB,CO,ANM,WE,Towers with Radar,2,12,21,2,37,0,0,19,263,282,2,12,40,265,319,116,226,342,661
08/26/2016,PUB,CO,ANM,WE,Towers with Radar,0,12,37,0,49,0,2,38,201,241,0,14,75,201,290,48,672,720,1010
08/27/2016,PUB,CO,ANM,WE,Towers with Radar,0,9,22,22,53,0,2,45,6,53,0,11,67,28,106,10,40,50,156
08/28/2016,PUB,CO,ANM,WE,Towers with Radar,0,2,22,0,24,0,1,33,0,34,0,3,55,0,58,6,0,6,64
08/29/2016,PUB,CO,ANM,WE,Towers with Radar,0,12,24,3,39,0,0,29,220,249,0,12,53,223,288,2,700,702,990
08/30/2016,PUB,CO,ANM,WE,Towers with Radar,0,11,22,7,40,0,0,27,217,244,0,11,49,224,284,54,516,570,854
08/31/2016,PUB,CO,ANM,WE,Towers with Radar,0,19,9,10,38,0,2,36,240,278,0,21,45,250,316,18,310,328,644
09/01/2016,PUB,CO,ANM,WE,Towers with Radar,0,10,20,2,32,0,2,22,135,159,0,12,42,137,191,34,668,702,893
09/02/2016,PUB,CO,ANM,WE,Towers with Radar,0,10,18,0,28,0,2,27,152,181,0,12,45,152,209,42,420,462,671
09/03/2016,PUB,CO,ANM,WE,Towers with Radar,0,4,10,0,14,0,0,25,2,27,0,4,35,2,41,18,0,18,59
09/04/2016,PUB,CO,ANM,WE,Towers with Radar,0,6,5,0,11,0,2,20,0,22,0,8,25,0,33,8,0,8,41
09/05/2016,PUB,CO,ANM,WE,Towers with Radar,0,10,26,0,36,0,5,49,1,55,0,15,75,1,91,54,0,54,145
09/06/2016,PUB,CO,ANM,WE,Towers with Radar,0,9,19,3,31,0,0,14,191,205,0,9,33,194,236,8,112,120,356
09/07/2016,PUB,CO,ANM,WE,Towers with Radar,0,12,17,2,31,0,3,32,187,222,0,15,49,189,253,4,170,174,427
09/08/2016,PUB,CO,ANM,WE,Towers with Radar,0,15,26,4,45,0,4,22,270,296,0,19,48,274,341,8,424,432,773
09/09/2016,PUB,CO,ANM,WE,Towers with Radar,0,11,22,0,33,0,1,26,334,361,0,12,48,334,394,26,390,416,810
09/10/2016,PUB,CO,ANM,WE,Towers with Radar,0,6,8,8,22,0,3,30,7,40,0,9,38,15,62,14,0,14,76
09/11/2016,PUB,CO,ANM,WE,Towers with Radar,0,14,10,0,24,0,4,27,0,31,0,18,37,0,55,24,0,24,79
09/12/2016,PUB,CO,ANM,WE,Towers with Radar,0,12,27,2,41,0,0,23,309,332,0,12,50,311,373,6,428,434,807
09/13/2016,PUB,CO,ANM,WE,Towers with Radar,0,12,28,7,47,0,1,15,1046,1062,0,13,43,1053,1109,6,786,792,1901
09/14/2016,PUB,CO,ANM,WE,Towers with Radar,0,10,18,4,32,0,0,11,449,460,0,10,29,453,492,22,500,522,1014
09/15/2016,PUB,CO,ANM,WE,Towers with Radar,0,11,44,3,58,0,2,27,295,324,0,13,71,298,382,16,706,722,1104
09/16/2016,PUB,CO,ANM,WE,Towers with Radar,2,13,23,7,45,0,4,32,210,246,2,17,55,217,291,20,428,448,739
09/17/2016,PUB,CO,ANM,WE,Towers with Radar,0,9,12,2,23,0,1,36,0,37,0,10,48,2,60,12,0,12,72
09/18/2016,PUB,CO,ANM,WE,Towers with Radar,0,2,15,0,17,0,2,24,0,26,0,4,39,0,43,16,0,16,59
09/19/2016,PUB,CO,ANM,WE,Towers with Radar,0,13,19,4,36,0,0,23,299,322,0,13,42,303,358,20,646,666,1024
09/20/2016,PUB,CO,ANM,WE,Towers with Radar,0,8,39,0,47,0,5,34,279,318,0,13,73,279,365,22,616,638,1003
09/21/2016,PUB,CO,ANM,WE,Towers with Radar,0,14,14,1,29,0,6,19,284,309,0,20,33,285,338,94,488,582,920
09/22/2016,PUB,CO,ANM,WE,Towers with Radar,0,16,26,7,49,0,0,37,130,167,0,16,63,137,216,58,338,396,612
09/23/2016,PUB,CO,ANM,WE,Towers with Radar,0,12,20,2,34,0,2,20,124,146,0,14,40,126,180,10,158,168,348
09/24/2016,PUB,CO,ANM,WE,Towers with Radar,0,8,11,15,34,0,1,46,0,47,0,9,57,15,81,6,0,6,87
09/25/2016,PUB,CO,ANM,WE,Towers with Radar,2,7,24,0,33,0,0,31,0,31,2,7,55,0,64,22,0,22,86
09/26/2016,PUB,CO,ANM,WE,Towers with Radar,0,11,13,0,24,0,2,32,262,296,0,13,45,262,320,16,590,606,926
09/27/2016,PUB,CO,ANM,WE,Towers with Radar,0,6,19,2,27,0,1,21,269,291,0,7,40,271,318,12,474,486,804
09/28/2016,PUB,CO,ANM,WE,Towers with Radar,0,8,21,0,29,0,1,45,298,344,0,9,66,298,373,4,684,688,1061
09/29/2016,PUB,CO,ANM,WE,Towers with Radar,0,16,28,4,48,0,0,28,293,321,0,16,56,297,369,10,482,492,861
09/30/2016,PUB,CO,ANM,WE,Towers with Radar,0,13,11,0,24,0,0,29,282,311,0,13,40,282,335,24,448,472,807
10/01/2016,PUB,CO,ANM,WE,Towers with Radar,0,7,10,0,17,0,0,28,3,31,0,7,38,3,48,6,0,6,54
10/02/2016,PUB,CO,ANM,WE,Towers with Radar,0,7,14,0,21,0,0,32,0,32,0,7,46,0,53,12,0,12,65
10/03/2016,PUB,CO,ANM,WE,Towers with Radar,4,11,13,6,34,0,0,8,101,109,4,11,21,107,143,10,78,88,231
10/04/2016,PUB,CO,ANM,WE,Towers with Radar,0,12,22,10,44,0,14,24,304,342,0,26,46,314,386,26,470,496,882
10/05/2016,PUB,CO,ANM,WE,Towers with Radar,0,12,20,3,35,0,6,30,291,327,0,18,50,294,362,14,549,563,925
10/06/2016,PUB,CO,ANM,WE,Towers with Radar,0,9,20,4,33,0,5,5,277,287,0,14,25,281,320,9,428,437,757
10/07/2016,PUB,CO,ANM,WE,Towers with Radar,0,18,22,0,40,0,5,16,252,273,0,23,38,252,313,8,630,638,951
10/08/2016,PUB,CO,ANM,WE,Towers with Radar,0,6,15,8,29,0,2,52,0,54,0,8,67,8,83,48,0,48,131
10/09/2016,PUB,CO,ANM,WE,Towers with Radar,0,8,16,0,24,0,0,41,0,41,0,8,57,0,65,50,0,50,115
10/10/2016,PUB,CO,ANM,WE,Towers with Radar,0,8,14,16,38,0,2,9,4,15,0,10,23,20,53,20,24,44,97
10/11/2016,PUB,CO,ANM,WE,Towers with Radar,0,11,10,19,40,0,5,21,286,312,0,16,31,305,352,8,984,992,1344
10/12/2016,PUB,CO,ANM,WE,Towers with Radar,0,19,20,8,47,0,0,0,128,128,0,19,20,136,175,0,432,432,607
10/13/2016,PUB,CO,ANM,WE,Towers with Radar,0,13,22,2,37,0,4,27,229,260,0,17,49,231,297,26,370,396,693
10/14/2016,PUB,CO,ANM,WE,Towers with Radar,0,14,25,0,39,0,3,23,285,311,0,17,48,285,350,26,478,504,854
10/15/2016,PUB,CO,ANM,WE,Towers with Radar,0,8,21,14,43,0,0,39,6,45,0,8,60,20,88,24,6,30,118
10/16/2016,PUB,CO,ANM,WE,Towers with Radar,0,7,15,3,25,0,0,32,2,34,0,7,47,5,59,12,8,20,79
10/17/2016,PUB,CO,ANM,WE,Towers with Radar,0,14,10,1,25,0,0,11,67,78,0,14,21,68,103,26,180,206,309
10/18/2016,PUB,CO,ANM,WE,Towers with Radar,0,12,29,9,50,0,0,18,321,339,0,12,47,330,389,16,438,454,843
10/19/2016,PUB,CO,ANM,WE,Towers with Radar,0,10,19,5,34,0,21,27,307,355,0,31,46,312,389,4,522,526,915
10/20/2016,PUB,CO,ANM,WE,Towers with Radar,0,15,30,4,49,0,1,30,286,317,0,16,60,290,366,22,581,603,969
10/21/2016,PUB,CO,ANM,WE,Towers with Radar,0,14,29,0,43,0,21,57,311,389,0,35,86,311,432,26,406,432,864
10/22/2016,PUB,CO,ANM,WE,Towers with Radar,0,8,10,1,19,0,8,58,240,306,0,16,68,241,325,38,252,290,615
10/23/2016,PUB,CO,ANM,WE,Towers with Radar,0,9,17,0,26,0,1,30,0,31,0,10,47,0,57,30,0,30,87
10/24/2016,PUB,CO,ANM,WE,Towers with Radar,0,10,12,1,23,0,0,11,277,288,0,10,23,278,311,4,420,424,735
10/25/2016,PUB,CO,ANM,WE,Towers with Radar,0,12,9,0,21,0,2,33,269,304,0,14,42,269,325,6,400,406,731
10/26/2016,PUB,CO,ANM,WE,Towers with Radar,0,15,21,7,43,0,1,25,281,307,0,16,46,288,350,16,708,724,1074
10/27/2016,PUB,CO,ANM,WE,Towers with Radar,1,10,11,3,25,0,240,17,249,506,1,250,28,252,531,2,630,632,1163
10/28/2016,PUB,CO,ANM,WE,Towers with Radar,0,11,14,6,31,0,47,46,628,721,0,58,60,634,752,36,274,310,1062
10/29/2016,PUB,CO,ANM,WE,Towers with Radar,0,11,9,3,23,0,1,33,1,35,0,12,42,4,58,36,8,44,102
10/30/2016,PUB,CO,ANM,WE,Towers with Radar,0,4,18,12,34,0,0,27,3,30,0,4,45,15,64,20,4,24,88
10/31/2016,PUB,CO,ANM,WE,Towers with Radar,0,15,24,4,43,0,2,10,183,195,0,17,34,187,238,4,372,376,614
11/01/2016,PUB,CO,ANM,WE,Towers with Radar,0,11,12,0,23,0,0,8,278,286,0,11,20,278,309,24,418,442,751
11/02/2016,PUB,CO,ANM,WE,Towers with Radar,0,14,11,3,28,0,1,15,301,317,0,15,26,304,345,4,608,612,957
11/03/2016,PUB,CO,ANM,WE,Towers with Radar,0,16,26,2,44,0,0,18,287,305,0,16,44,289,349,18,498,516,865
11/04/2016,PUB,CO,ANM,WE,Towers with Radar,0,12,21,12,45,0,0,47,360,407,0,12,68,372,452,48,550,598,1050
11/05/2016,PUB,CO,ANM,WE,Towers with Radar,0,5,19,18,42,0,1,27,782,810,0,6,46,800,852,10,386,396,1248
11/06/2016,PUB,CO,ANM,WE,Towers with Radar,0,6,9,2,17,0,2,28,4,34,0,8,37,6,51,40,0,40,91
11/07/2016,PUB,CO,ANM,WE,Towers with Radar,0,9,9,9,27,0,4,21,638,663,0,13,30,647,690,12,158,170,860
11/08/2016,PUB,CO,ANM,WE,Towers with Radar,0,9,10,3,22,0,4,19,581,604,0,13,29,584,626,2,402,404,1030
11/09/2016,PUB,CO,ANM,WE,Towers with Radar,0,12,8,1,21,0,3,25,301,329,0,15,33,302,350,6,474,480,830
11/10/2016,PUB,CO,ANM,WE,Towers with Radar,0,10,9,0,19,0,7,18,223,248,0,17,27,223,267,2,382,384,651
11/11/2016,PUB,CO,ANM,WE,Towers with Radar,0,9,16,36,61,0,6,24,19,49,0,15,40,55,110,6,8,14,124
11/12/2016,PUB,CO,ANM,WE,Towers with Radar,0,7,13,0,20,0,0,55,11,66,0,7,68,11,86,44,0,44,130
11/13/2016,PUB,CO,ANM,WE,Towers with Radar,0,6,18,0,24,0,0,35,0,35,0,6,53,0,59,12,0,12,71
11/14/2016,PUB,CO,ANM,WE,Towers with Radar,0,10,21,0,31,0,0,32,262,294,0,10,53,262,325,18,528,546,871
11/15/2016,PUB,CO,ANM,WE,Towers with Radar,0,11,14,11,36,0,2,16,258,276,0,13,30,269,312,16,498,514,826
11/16/2016,PUB,CO,ANM,WE,Towers with Radar,0,14,25,1,40,0,4,30,198,232,0,18,55,199,272,12,332,344,616
11/17/2016,PUB,CO,ANM,WE,Towers with Radar,0,12,10,0,22,0,4,13,194,211,0,16,23,194,233,12,304,316,549
11/18/2016,PUB,CO,ANM,WE,Towers with Radar,0,16,19,6,41,0,0,32,272,304,0,16,51,278,345,22,520,542,887
11/19/2016,PUB,CO,ANM,WE,Towers with Radar,0,9,18,10,37,0,2,52,196,250,0,11,70,206,287,36,652,688,975
11/20/2016,PUB,CO,ANM,WE,Towers with Radar,0,4,10,2,16,0,0,33,2,35,0,4,43,4,51,10,2,12,63
11/21/2016,PUB,CO,ANM,WE,Towers with Radar,0,11,19,9,39,0,0,20,315,335,0,11,39,324,374,11,714,725,1099
11/22/2016,PUB,CO,ANM,WE,Towers with Radar,0,11,4,2,17,0,0,2,6,8,0,11,6,8,25,0,34,34,59
11/23/2016,PUB,CO,ANM,WE,Towers with Radar,2,12,23,0,37,0,1,28,262,291,2,13,51,262,328,26,366,392,720
11/24/2016,PUB,CO,ANM,WE,Towers with Radar,0,6,4,0,10,0,0,1,0,1,0,6,5,0,11,0,0,0,11
11/25/2016,PUB,CO,ANM,WE,Towers with Radar,0,9,11,0,20,0,2,44,0,46,0,11,55,0,66,32,0,32,98
11/26/2016,PUB,CO,ANM,WE,Towers with Radar,0,7,22,0,29,0,4,54,2,60,0,11,76,2,89,22,0,22,111
11/27/2016,PUB,CO,ANM,WE,Towers with Radar,2,12,20,0,34,0,2,0,0,2,2,14,20,0,36,0,0,0,36
11/28/2016,PUB,CO,ANM,WE,Towers with Radar,0,13,15,11,39,0,10,8,435,453,0,23,23,446,492,18,232,250,742
11/29/2016,PUB,CO,ANM,WE,Towers with Radar,0,13,28,15,56,0,0,16,298,314,0,13,44,313,370,32,470,502,872
11/30/2016,PUB,CO,ANM,WE,Towers with Radar,2,9,22,11,44,0,1,32,295,328,2,10,54,306,372,18,642,660,1032
12/01/2016,PUB,CO,ANM,WE,Towers with Radar,0,10,14,1,25,0,4,20,268,292,0,14,34,269,317,30,470,500,817
12/02/2016,PUB,CO,ANM,WE,Towers with Radar,0,15,20,0,35,0,0,7,178,185,0,15,27,178,220,18,560,578,798
12/03/2016,PUB,CO,ANM,WE,Towers with Radar,0,8,19,4,31,0,0,56,0,56,0,8,75,4,87,54,2,56,143
12/04/2016,PUB,CO,ANM,WE,Towers with Radar,0,6,4,4,14,0,0,20,3,23,0,6,24,7,37,14,12,26,63
12/05/2016,PUB,CO,ANM,WE,Towers with Radar,0,11,9,4,24,0,5,2,145,152,0,16,11,149,176,4,252,256,432
12/06/2016,PUB,CO,ANM,WE,Towers with Radar,0,14,11,4,29,0,1,12,259,272,0,15,23,263,301,26,422,448,749
12/07/2016,PUB,CO,ANM,WE,Towers with Radar,0,9,8,11,28,0,1,8,88,97,0,10,16,99,125,8,298,306,431
12/08/2016,PUB,CO,ANM,WE,Towers with Radar,0,9,8,1,18,0,1,5,108,114,0,10,13,109,132,10,250,260,392
12/09/2016,PUB,CO,ANM,WE,Towers with Radar,0,10,16,1,27,0,0,38,272,310,0,10,54,273,337,18,368,386,723
12/10/2016,PUB,CO,ANM,WE,Towers with Radar,0,7,14,0,21,0,0,46,50,96,0,7,60,50,117,24,86,110,227
12/11/2016,PUB,CO,ANM,WE,Towers with Radar,0,3,15,0,18,0,2,13,0,15,0,5,28,0,33,12,0,12,45
12/12/2016,PUB,CO,ANM,WE,Towers with Radar,0,11,14,5,30,0,0,10,213,223,0,11,24,218,253,0,384,384,637
12/13/2016,PUB,CO,ANM,WE,Towers with Radar,0,11,22,5,38,0,0,19,196,215,0,11,41,201,253,2,364,366,619
12/14/2016,PUB,CO,ANM,WE,Towers with Radar,0,15,19,18,52,0,0,23,176,199,0,15,42,194,251,6,398,404,655
12/15/2016,PUB,CO,ANM,WE,Towers with Radar,0,12,8,2,22,0,0,20,108,128,0,12,28,110,150,16,208,224,374
12/16/2016,PUB,CO,ANM,WE,Towers with Radar,0,17,16,1,34,0,0,7,55,62,0,17,23,56,96,6,54,60,156
12/17/2016,PUB,CO,ANM,WE,Towers with Radar,0,7,6,0,13,0,0,1,0,1,0,7,7,0,14,0,0,0,14
12/18/2016,PUB,CO,ANM,WE,Towers with Radar,0,9,14,0,23,0,0,11,2,13,0,9,25,2,36,0,0,0,36
12/19/2016,PUB,CO,ANM,WE,Towers with Radar,0,16,17,2,35,0,1,23,45,69,0,17,40,47,104,6,114,120,224
12/20/2016,PUB,CO,ANM,WE,Towers with Radar,0,8,12,4,24,0,0,17,49,66,0,8,29,53,90,12,76,88,178
12/21/2016,PUB,CO,ANM,WE,Towers with Radar,0,12,32,9,53,0,0,26,69,95,0,12,58,78,148,4,56,60,208
12/22/2016,PUB,CO,ANM,WE,Towers with Radar,0,17,18,0,35,0,1,4,14,19,0,18,22,14,54,0,22,22,76
12/23/2016,PUB,CO,ANM,WE,Towers with Radar,0,10,13,0,23,0,2,38,3,43,0,12,51,3,66,50,0,50,116
12/24/2016,PUB,CO,ANM,WE,Towers with Radar,0,5,10,0,15,0,1,9,0,10,0,6,19,0,25,6,0,6,31
12/25/2016,PUB,CO,ANM,WE,Towers with Radar,0,5,4,0,9,0,0,1,0,1,0,5,5,0,10,0,0,0,10
12/26/2016,PUB,CO,ANM,WE,Towers with Radar,1,11,24,0,36,0,1,2,0,3,1,12,26,0,39,0,0,0,39
12/27/2016,PUB,CO,ANM,WE,Towers with Radar,2,11,14,1,28,0,1,17,1,19,2,12,31,2,47,10,10,20,67
12/28/2016,PUB,CO,ANM,WE,Towers with Radar,0,14,18,12,44,0,0,3,2,5,0,14,21,14,49,0,18,18,67
12/29/2016,PUB,CO,ANM,WE,Towers with Radar,0,13,18,3,34,0,1,31,5,37,0,14,49,8,71,10,4,14,85
12/30/2016,PUB,CO,ANM,WE,Towers with Radar,0,9,9,1,19,0,0,28,3,31,0,9,37,4,50,12,8,20,70
12/31/2016,PUB,CO,ANM,WE,Towers with Radar,0,6,5,0,11,0,3,22,0,25,0,9,27,0,36,32,0,32,68
01/01/2017,PUB,CO,ANM,WE,Towers with Radar,0,4,16,0,20,0,2,22,0,24,0,6,38,0,44,8,0,8,52
01/02/2017,PUB,CO,ANM,WE,Towers with Radar,0,7,20,0,27,0,0,11,0,11,0,7,31,0,38,2,0,2,40
01/03/2017,PUB,CO,ANM,WE,Towers with Radar,0,12,17,0,29,0,2,4,30,36,0,14,21,30,65,4,28,32,97
01/04/2017,PUB,CO,ANM,WE,Towers with Radar,0,14,12,2,28,0,2,9,79,90,0,16,21,81,118,20,230,250,368
01/05/2017,PUB,CO,ANM,WE,Towers with Radar,0,8,3,0,11,0,0,0,0,0,0,8,3,0,11,0,0,0,11
01/06/2017,PUB,CO,ANM,WE,Towers with Radar,0,12,16,7,35,0,0,28,15,43,0,12,44,22,78,4,22,26,104
01/07/2017,PUB,CO,ANM,WE,Towers with Radar,0,7,21,0,28,0,3,33,0,36,0,10,54,0,64,22,0,22,86
01/08/2017,PUB,CO,ANM,WE,Towers with Radar,0,7,14,10,31,0,1,17,2,20,0,8,31,12,51,28,14,42,93
01/09/2017,PUB,CO,ANM,WE,Towers with Radar,0,12,8,0,20,0,0,2,5,7,0,12,10,5,27,0,26,26,53
01/10/2017,PUB,CO,ANM,WE,Towers with Radar,6,8,10,0,24,8,2,9,190,209,14,10,19,190,233,9,192,201,434
01/11/2017,PUB,CO,ANM,WE,Towers with Radar,0,22,7,5,34,0,3,6,391,400,0,25,13,396,434,0,228,228,662
01/12/2017,PUB,CO,ANM,WE,Towers with Radar,0,10,14,10,34,0,3,36,183,222,0,13,50,193,256,16,326,342,598
01/13/2017,PUB,CO,ANM,WE,Towers with Radar,0,15,20,0,35,0,0,12,81,93,0,15,32,81,128,66,182,248,376
01/14/2017,PUB,CO,ANM,WE,Towers with Radar,0,6,21,2,29,0,0,28,4,32,0,6,49,6,61,20,0,20,81
01/15/2017,PUB,CO,ANM,WE,Towers with Radar,0,3,10,0,13,0,0,0,0,0,0,3,10,0,13,0,0,0,13
01/16/2017,PUB,CO,ANM,WE,Towers with Radar,0,11,9,0,20,0,0,0,0,0,0,11,9,0,20,0,0,0,20
01/17/2017,PUB,CO,ANM,WE,Towers with Radar,0,10,10,3,23,0,0,7,33,40,0,10,17,36,63,0,68,68,131
01/18/2017,PUB,CO,ANM,WE,Towers with Radar,0,12,23,5,40,0,3,21,206,230,0,15,44,211,270,8,374,382,652
01/19/2017,PUB,CO,ANM,WE,Towers with Radar,0,13,10,10,33,0,1,29,211,241,0,14,39,221,274,34,534,568,842
01/20/2017,PUB,CO,ANM,WE,Towers with Radar,0,15,20,4,39,0,1,8,99,108,0,16,28,103,147,16,406,422,569
01/21/2017,PUB,CO,ANM,WE,Towers with Radar,0,7,22,6,35,0,0,10,0,10,0,7,32,6,45,2,0,2,47
01/22/2017,PUB,CO,ANM,WE,Towers with Radar,0,8,12,1,21,0,2,17,1,20,0,10,29,2,41,22,8,30,71
01/23/2017,PUB,CO,ANM,WE,Towers with Radar,0,12,9,8,29,0,1,14,153,168,0,13,23,161,197,20,278,298,495
01/24/2017,PUB,CO,ANM,WE,Towers with Radar,0,18,23,0,41,0,0,5,216,221,0,18,28,216,262,4,58,62,324
01/25/2017,PUB,CO,ANM,WE,Towers with Radar,0,17,10,19,46,0,2,6,160,168,0,19,16,179,214,16,406,422,636
01/26/2017,PUB,CO,ANM,WE,Towers with Radar,0,13,20,8,41,0,1,7,302,310,0,14,27,310,351,10,659,669,1020
01/27/2017,PUB,CO,ANM,WE,Towers with Radar,0,13,11,32,56,0,2,20,273,295,0,15,31,305,351,20,622,642,993
01/28/2017,PUB,CO,ANM,WE,Towers with Radar,0,5,17,0,22,0,0,29,235,264,0,5,46,235,286,30,460,490,776
01/29/2017,PUB,CO,ANM,WE,Towers with Radar,0,3,20,0,23,0,0,31,0,31,0,3,51,0,54,58,4,62,116
01/30/2017,PUB,CO,ANM,WE,Towers with Radar,0,11,15,1,27,0,0,20,300,320,0,11,35,301,347,30,534,564,911
01/31/2017,PUB,CO,ANM,WE,Towers with Radar,0,9,13,4,26,0,0,9,287,296,0,9,22,291,322,32,388,420,742
02/01/2017,PUB,CO,ANM,WE,Towers with Radar,0,17,18,6,41,0,5,4,193,202,0,22,22,199,243,2,674,676,919
02/02/2017,PUB,CO,ANM,WE,Towers with Radar,0,16,14,0,30,0,0,3,24,27,0,16,17,24,57,0,74,74,131
02/03/2017,PUB,CO,ANM,WE,Towers with Radar,0,9,13,4,26,0,0,7,157,164,0,9,20,161,190,2,1284,1286,1476
02/04/2017,PUB,CO,ANM,WE,Towers with Radar,0,7,12,0,19,0,2,21,0,23,0,9,33,0,42,2,0,2,44
02/05/2017,PUB,CO,ANM,WE,Towers with Radar,0,2,16,0,18,0,0,49,0,49,0,2,65,0,67,30,0,30,97
02/06/2017,PUB,CO,ANM,WE,Towers with Radar,0,13,17,7,37,0,0,4,91,95,0,13,21,98,132,0,114,114,246
02/07/2017,PUB,CO,ANM,WE,Towers with Radar,0,9,12,2,23,0,4,9,853,866,0,13,21,855,889,0,506,506,1395
02/08/2017,PUB,CO,ANM,WE,Towers with Radar,0,12,6,10,28,0,0,7,255,262,0,12,13,265,290,12,256,268,558
02/09/2017,PUB,CO,ANM,WE,Towers with Radar,0,19,19,6,44,0,0,15,232,247,0,19,34,238,291,8,792,800,1091
02/10/2017,PUB,CO,ANM,WE,Towers with Radar,0,10,10,0,20,0,2,10,131,143,0,12,20,131,163,34,352,386,549
02/11/2017,PUB,CO,ANM,WE,Towers with Radar,0,9,8,1,18,0,5,26,6,37,0,14,34,7,55,40,0,40,95
02/12/2017,PUB,CO,ANM,WE,Towers with Radar,2,6,9,0,17,0,2,6,7,15,2,8,15,7,32,4,0,4,36
02/13/2017,PUB,CO,ANM,WE,Towers with Radar,0,15,16,4,35,0,0,2,156,158,0,15,18,160,193,2,510,512,705
02/14/2017,PUB,CO,ANM,WE,Towers with Radar,0,11,8,10,29,0,3,24,318,345,0,14,32,328,374,28,247,275,649
02/15/2017,PUB,CO,ANM,WE,Towers with Radar,0,19,22,8,49,0,0,42,259,301,0,19,64,267,350,15,482,497,847
02/16/2017,PUB,CO,ANM,WE,Towers with Radar,2,14,17,2,35,0,3,48,311,362,2,17,65,313,397,26,384,410,807
02/17/2017,PUB,CO,ANM,WE,Towers with Radar,0,14,16,21,51,0,1,21,251,273,0,15,37,272,324,20,326,346,670
02/18/2017,PUB,CO,ANM,WE,Towers with Radar,0,9,17,0,26,0,1,37,1,39,0,10,54,1,65,32,0,32,97
02/19/2017,PUB,CO,ANM,WE,Towers with Radar,0,3,19,0,22,0,1,21,0,22,0,4,40,0,44,20,0,20,64
02/20/2017,PUB,CO,ANM,WE,Towers with Radar,0,12,17,0,29,0,1,31,0,32,0,13,48,0,61,56,0,56,117
02/21/2017,PUB,CO,ANM,WE,Towers with Radar,0,13,19,3,35,0,0,9,15,24,0,13,28,18,59,8,60,68,127
02/22/2017,PUB,CO,ANM,WE,Towers with Radar,0,16,10,5,31,0,1,10,180,191,0,17,20,185,222,76,275,351,573
02/23/2017,PUB,CO,ANM,WE,Towers with Radar,0,14,7,4,25,0,0,7,106,113,0,14,14,110,138,2,88,90,228
02/24/2017,PUB,CO,ANM,WE,Towers with Radar,0,16,14,1,31,0,0,9,250,259,0,16,23,251,290,6,416,422,712
02/25/2017,PUB,CO,ANM,WE,Towers with Radar,0,9,21,4,34,0,1,30,237,268,0,10,51,241,302,20,444,464,766
02/26/2017,PUB,CO,ANM,WE,Towers with Radar,0,6,13,0,19,0,0,53,0,53,0,6,66,0,72,38,0,38,110
02/27/2017,PUB,CO,ANM,WE,Towers with Radar,0,9,4,4,17,0,0,6,206,212,0,9,10,210,229,10,414,424,653
02/28/2017,PUB,CO,ANM,WE,Towers with Radar,0,11,12,1,24,0,0,1,137,138,0,11,13,138,162,0,445,445,607
03/01/2017,PUB,CO,ANM,WE,Towers with Radar,0,11,29,2,42,0,2,25,248,275,0,13,54,250,317,2,672,674,991
03/02/2017,PUB,CO,ANM,WE,Towers with Radar,0,14,22,16,52,0,2,35,250,287,0,16,57,266,339,31,348,379,718
03/03/2017,PUB,CO,ANM,WE,Towers with Radar,0,12,16,8,36,0,3,24,195,222,0,15,40,203,258,20,418,438,696
03/04/2017,PUB,CO,ANM,WE,Towers with Radar,0,4,12,0,16,0,10,37,4,51,0,14,49,4,67,22,0,22,89
03/05/2017,PUB,CO,ANM,WE,Towers with Radar,0,8,14,0,22,0,0,13,0,13,0,8,27,0,35,6,0,6,41
03/06/2017,PUB,CO,ANM,WE,Towers with Radar,0,9,10,0,19,0,0,1,0,1,0,9,11,0,20,0,20,20,40
03/07/2017,PUB,CO,ANM,WE,Towers with Radar,0,15,20,11,46,0,1,17,271,289,0,16,37,282,335,14,448,462,797
03/08/2017,PUB,CO,ANM,WE,Towers with Radar,1,15,13,10,39,0,0,16,287,303,1,15,29,297,342,0,224,224,566
03/09/2017,PUB,CO,ANM,WE,Towers with Radar,0,16,26,12,54,0,0,18,231,249,0,16,44,243,303,2,342,344,647
03/10/2017,PUB,CO,ANM,WE,Towers with Radar,0,10,14,17,41,0,2,35,265,302,0,12,49,282,343,14,502,516,859
03/11/2017,PUB,CO,ANM,WE,Towers with Radar,1,10,24,12,47,0,0,34,6,40,1,10,58,18,87,10,22,32,119
03/12/2017,PUB,CO,ANM,WE,Towers with Radar,0,7,9,11,27,0,0,36,0,36,0,7,45,11,63,0,12,12,75
03/13/2017,PUB,CO,ANM,WE,Towers with Radar,0,11,22,13,46,0,1,27,245,273,0,12,49,258,319,10,450,460,779
03/14/2017,PUB,CO,ANM,WE,Towers with Radar,0,11,16,14,41,0,0,18,204,222,0,11,34,218,263,22,688,710,973
03/15/2017,PUB,CO,ANM,WE,Towers with Radar,0,14,15,2,31,0,0,26,195,221,0,14,41,197,252,30,738,768,1020
03/16/2017,PUB,CO,ANM,WE,Towers with Radar,0,9,25,5,39,0,1,29,202,232,0,10,54,207,271,24,370,394,665
03/17/2017,PUB,CO,ANM,WE,Towers with Radar,2,10,21,10,43,0,0,24,171,195,2,10,45,181,238,40,296,336,574
03/18/2017,PUB,CO,ANM,WE,Towers with Radar,0,7,11,4,22,0,0,59,3,62,0,7,70,7,84,26,0,26,110
03/19/2017,PUB,CO,ANM,WE,Towers with Radar,0,5,13,0,18,0,0,41,1,42,0,5,54,1,60,22,0,22,82
03/20/2017,PUB,CO,ANM,WE,Towers with Radar,2,9,14,19,44,0,1,25,207,233,2,10,39,226,277,18,472,490,767
03/21/2017,PUB,CO,ANM,WE,Towers with Radar,0,14,22,8,44,0,3,18,236,257,0,17,40,244,301,10,524,534,835
03/22/2017,PUB,CO,ANM,WE,Towers with Radar,0,18,18,15,51,0,4,29,193,226,0,22,47,208,277,14,478,492,769
03/23/2017,PUB,CO,ANM,WE,Towers with Radar,2,13,24,15,54,0,2,19,131,152,2,15,43,146,206,0,304,304,510
03/24/2017,PUB,CO,ANM,WE,Towers with Radar,0,10,4,0,14,0,0,1,1,2,0,10,5,1,16,0,0,0,16
03/25/2017,PUB,CO,ANM,WE,Towers with Radar,0,8,23,2,33,0,1,71,5,77,0,9,94,7,110,20,0,20,130
03/26/2017,PUB,CO,ANM,WE,Towers with Radar,2,8,1,0,11,0,2,5,0,7,2,10,6,0,18,0,0,0,18
03/27/2017,PUB,CO,ANM,WE,Towers with Radar,0,9,42,0,51,0,0,28,244,272,0,9,70,244,323,16,342,358,681
03/28/2017,PUB,CO,ANM,WE,Towers with Radar,0,11,19,0,30,0,0,2,89,91,0,11,21,89,121,12,140,152,273
03/29/2017,PUB,CO,ANM,WE,Towers with Radar,0,13,16,9,38,0,0,0,11,11,0,13,16,20,49,0,42,42,91
03/30/2017,PUB,CO,ANM,WE,Towers with Radar,0,11,27,5,43,0,0,50,271,321,0,11,77,276,364,31,294,325,689
03/31/2017,PUB,CO,ANM,WE,Towers with Radar,0,10,22,0,32,0,0,0,0,0,0,10,22,0,32,0,0,0,32
04/01/2017,PUB,CO,ANM,WE,Towers with Radar,0,10,4,0,14,0,0,2,1,3,0,10,6,1,17,4,0,4,21
04/02/2017,PUB,CO,ANM,WE,Towers with Radar,2,5,18,3,28,0,2,35,10,47,2,7,53,13,75,2,0,2,77
04/03/2017,PUB,CO,ANM,WE,Towers with Radar,0,11,22,5,38,0,0,22,252,274,0,11,44,257,312,2,270,272,584
04/04/2017,PUB,CO,ANM,WE,Towers with Radar,0,14,6,0,20,0,0,0,0,0,0,14,6,0,20,0,0,0,20
04/05/2017,PUB,CO,ANM,WE,Towers with Radar,0,20,10,5,35,0,1,14,228,243,0,21,24,233,278,26,306,332,610
04/06/2017,PUB,CO,ANM,WE,Towers with Radar,3,14,23,10,50,0,4,49,284,337,3,18,72,294,387,50,550,600,987
04/07/2017,PUB,CO,ANM,WE,Towers with Radar,0,12,13,5,30,0,1,31,243,275,0,13,44,248,305,44,652,696,1001
04/08/2017,PUB,CO,ANM,WE,Towers with Radar,0,6,23,3,32,0,1,29,180,210,0,7,52,183,242,10,356,366,608
04/09/2017,PUB,CO,ANM,WE,Towers with Radar,0,4,3,0,7,0,1,10,0,11,0,5,13,0,18,0,0,0,18
04/10/2017,PUB,CO,ANM,WE,Towers with Radar,0,10,21,8,39,0,0,22,179,201,0,10,43,187,240,0,280,280,520
04/11/2017,PUB,CO,ANM,WE,Towers with Radar,0,12,8,10,30,0,2,16,688,706,0,14,24,698,736,4,552,556,1292
04/12/2017,PUB,CO,ANM,WE,Towers with Radar,0,16,20,21,57,0,1,17,723,741,0,17,37,744,798,20,516,536,1334
04/13/2017,PUB,CO,ANM,WE,Towers with Radar,0,16,17,22,55,0,3,39,264,306,0,19,56,286,361,16,550,566,927
04/14/2017,PUB,CO,ANM,WE,Towers with Radar,0,13,32,2,47,0,0,45,247,292,0,13,77,249,339,26,530,556,895
04/15/2017,PUB,CO,ANM,WE,Towers with Radar,0,5,12,0,17,0,2,95,0,97,0,7,107,0,114,28,6,34,148
04/16/2017,PUB,CO,ANM,WE,Towers with Radar,0,4,5,0,9,0,0,9,0,9,0,4,14,0,18,2,0,2,20
04/17/2017,PUB,CO,ANM,WE,Towers with Radar,0,14,27,21,62,0,1,14,232,247,0,15,41,253,309,0,480,480,789
04/18/2017,PUB,CO,ANM,WE,Towers with Radar,0,10,15,15,40,0,0,25,273,298,0,10,40,288,338,20,372,392,730
04/19/2017,PUB,CO,ANM,WE,Towers with Radar,0,9,10,18,37,0,1,6,64,71,0,10,16,82,108,0,30,30,138
04/20/2017,PUB,CO,ANM,WE,Towers with Radar,2,13,20,2,37,0,1,14,204,219,2,14,34,206,256,4,198,202,458
04/21/2017,PUB,CO,ANM,WE,Towers with Radar,0,12,19,2,33,0,0,13,129,142,0,12,32,131,175,6,546,552,727
04/22/2017,PUB,CO,ANM,WE,Towers with Radar,0,7,11,8,26,0,2,10,17,29,0,9,21,25,55,28,60,88,143
04/23/2017,PUB,CO,ANM,WE,Towers with Radar,0,5,22,0,27,0,2,48,2,52,0,7,70,2,79,10,0,10,89
04/24/2017,PUB,CO,ANM,WE,Towers with Radar,0,16,15,9,40,0,0,21,231,252,0,16,36,240,292,6,448,454,746
04/25/2017,PUB,CO,ANM,WE,Towers with Radar,0,10,20,4,34,0,0,6,184,190,0,10,26,188,224,0,626,626,850
04/26/2017,PUB,CO,ANM,WE,Towers with Radar,0,11,15,4,30,0,4,17,253,274,0,15,32,257,304,0,541,541,845
04/27/2017,PUB,CO,ANM,WE,Towers with Radar,0,11,15,0,26,0,2,13,227,242,0,13,28,227,268,10,394,404,672
04/28/2017,PUB,CO,ANM,WE,Towers with Radar,2,16,16,6,40,0,4,17,205,226,2,20,33,211,266,2,342,344,610
04/29/2017,PUB,CO,ANM,WE,Towers with Radar,0,5,2,0,7,0,0,0,0,0,0,5,2,0,7,0,0,0,7
04/30/2017,PUB,CO,ANM,WE,Towers with Radar,0,9,16,0,25,0,1,19,4,24,0,10,35,4,49,12,0,12,61
05/01/2017,PUB,CO,ANM,WE,Towers with Radar,0,14,33,3,50,0,0,33,248,281,0,14,66,251,331,10,454,464,795
05/02/2017,PUB,CO,ANM,WE,Towers with Radar,0,6,14,1,21,0,6,22,279,307,0,12,36,280,328,28,386,414,742
05/03/2017,PUB,CO,ANM,WE,Towers with Radar,0,25,17,4,46,0,0,9,192,201,0,25,26,196,247,14,84,98,345
05/04/2017,PUB,CO,ANM,WE,Towers with Radar,2,16,15,1,34,0,0,37,296,333,2,16,52,297,367,6,562,568,935
05/05/2017,PUB,CO,ANM,WE,Towers with Radar,0,18,18,3,39,0,0,58,272,330,0,18,76,275,369,18,394,412,781
05/06/2017,PUB,CO,ANM,WE,Towers with Radar,0,4,9,0,13,0,1,56,3,60,0,5,65,3,73,14,2,16,89
05/07/2017,PUB,CO,ANM,WE,Towers with Radar,2,6,10,0,18,0,2,15,1,18,2,8,25,1,36,34,0,34,70
05/08/2017,PUB,CO,ANM,WE,Towers with Radar,0,12,19,0,31,0,0,9,226,235,0,12,28,226,266,0,327,327,593
05/09/2017,PUB,CO,ANM,WE,Towers with Radar,0,11,24,0,35,0,0,5,69,74,0,11,29,69,109,12,84,96,205
05/10/2017,PUB,CO,ANM,WE,Towers with Radar,0,10,25,0,35,0,2,3,208,213,0,12,28,208,248,12,94,106,354
05/11/2017,PUB,CO,ANM,WE,Towers with Radar,1,12,7,2,22,1,0,18,220,239,2,12,25,222,261,2,144,146,407
05/12/2017,PUB,CO,ANM,WE,Towers with Radar,3,17,20,7,47,0,4,49,258,311,3,21,69,265,358,16,220,236,594
05/13/2017,PUB,CO,ANM,WE,Towers with Radar,0,5,11,17,33,0,7,42,167,216,0,12,53,184,249,28,244,272,521
05/14/2017,PUB,CO,ANM,WE,Towers with Radar,0,3,9,0,12,0,2,29,0,31,0,5,38,0,43,16,0,16,59
05/15/2017,PUB,CO,ANM,WE,Towers with Radar,2,11,24,5,42,0,0,18,212,230,2,11,42,217,272,6,172,178,450
05/16/2017,PUB,CO,ANM,WE,Towers with Radar,2,18,22,27,69,0,2,15,185,202,2,20,37,212,271,62,318,380,651
05/17/2017,PUB,CO,ANM,WE,Towers with Radar,0,13,14,33,60,0,0,22,232,254,0,13,36,265,314,12,128,140,454
05/18/2017,PUB,CO,ANM,WE,Towers with Radar,2,15,16,1,34,0,1,4,15,20,2,16,20,16,54,0,22,22,76
05/19/2017,PUB,CO,ANM,WE,Towers with Radar,0,19,25,0,44,0,0,5,91,96,0,19,30,91,140,20,224,244,384
05/20/2017,PUB,CO,ANM,WE,Towers with Radar,0,6,12,5,23,0,3,98,1,102,0,9,110,6,125,86,0,86,211
05/21/2017,PUB,CO,ANM,WE,Towers with Radar,0,3,22,1,26,0,0,54,3,57,0,3,76,4,83,14,6,20,103
05/22/2017,PUB,CO,ANM,WE,Towers with Radar,0,12,17,3,32,0,3,23,230,256,0,15,40,233,288,10,272,282,570
05/23/2017,PUB,CO,ANM,WE,Towers with Radar,0,12,21,14,47,0,1,30,252,283,0,13,51,266,330,18,180,198,528
05/24/2017,PUB,CO,ANM,WE,Towers with Radar,0,14,14,5,33,0,3,57,254,314,0,17,71,259,347,24,304,328,675
05/25/2017,PUB,CO,ANM,WE,Towers with Radar,0,9,21,2,32,0,2,26,197,225,0,11,47,199,257,14,240,254,511
05/26/2017,PUB,CO,ANM,WE,Towers with Radar,0,8,9,1,18,0,5,41,217,263,0,13,50,218,281,12,94,106,387
05/27/2017,PUB,CO,ANM,WE,Towers with Radar,0,7,6,0,13,0,2,20,0,22,0,9,26,0,35,38,0,38,73
05/28/2017,PUB,CO,ANM,WE,Towers with Radar,0,3,17,0,20,0,0,35,0,35,0,3,52,0,55,22,0,22,77
05/29/2017,PUB,CO,ANM,WE,Towers with Radar,0,8,24,0,32,0,0,28,11,39,0,8,52,11,71,42,0,42,113
05/30/2017,PUB,CO,ANM,WE,Towers with Radar,0,10,19,10,39,0,2,21,235,258,0,12,40,245,297,18,420,438,735
05/31/2017,PUB,CO,ANM,WE,Towers with Radar,0,10,18,3,31,0,2,18,220,240,0,12,36,223,271,10,406,416,687
06/01/2017,PUB,CO,ANM,WE,Towers with Radar,0,20,7,2,29,0,2,44,202,248,0,22,51,204,277,32,310,342,619
06/02/2017,PUB,CO,ANM,WE,Towers with Radar,0,16,15,9,40,0,0,36,171,207,0,16,51,180,247,4,274,278,525
06/03/2017,PUB,CO,ANM,WE,Towers with Radar,0,8,12,0,20,0,2,46,0,48,0,10,58,0,68,32,0,32,100
06/04/2017,PUB,CO,ANM,WE,Towers with Radar,0,6,12,6,24,0,0,44,7,51,0,6,56,13,75,16,18,34,109
06/05/2017,PUB,CO,ANM,WE,Towers with Radar,0,11,9,8,28,0,0,30,230,260,0,11,39,238,288,6,412,418,706
06/06/2017,PUB,CO,ANM,WE,Towers with Radar,0,9,16,21,46,0,1,13,188,202,0,10,29,209,248,2,104,106,354
06/07/2017,PUB,CO,ANM,WE,Towers with Radar,0,15,19,18,52,0,4,31,747,782,0,19,50,765,834,13,294,307,1141
06/08/2017,PUB,CO,ANM,WE,Towers with Radar,0,10,16,3,29,0,3,36,241,280,0,13,52,244,309,62,452,514,823
06/09/2017,PUB,CO,ANM,WE,Towers with Radar,0,12,14,3,29,0,2,31,200,233,0,14,45,203,262,18,382,400,662
06/10/2017,PUB,CO,ANM,WE,Towers with Radar,0,6,13,0,19,0,3,50,0,53,0,9,63,0,72,36,0,36,108
06/11/2017,PUB,CO,ANM,WE,Towers with Radar,2,4,17,11,34,0,2,41,8,51,2,6,58,19,85,28,12,40,125
06/12/2017,PUB,CO,ANM,WE,Towers with Radar,0,17,18,13,48,0,0,31,272,303,0,17,49,285,351,0,390,390,741
06/13/2017,PUB,CO,ANM,WE,Towers with Radar,0,10,17,8,35,0,3,15,205,223,0,13,32,213,258,32,460,492,750
06/14/2017,PUB,CO,ANM,WE,Towers with Radar,0,12,15,2,29,0,4,36,238,278,0,16,51,240,307,16,416,432,739
06/15/2017,PUB,CO,ANM,WE,Towers with Radar,2,14,15,1,32,0,1,42,237,280,2,15,57,238,312,2,374,376,688
06/16/2017,PUB,CO,ANM,WE,Towers with Radar,0,13,23,16,52,0,4,44,198,246,0,17,67,214,298,2,262,264,562
06/17/2017,PUB,CO,ANM,WE,Towers with Radar,0,6,14,21,41,0,2,65,22,89,0,8,79,43,130,48,58,106,236
06/18/2017,PUB,CO,ANM,WE,Towers with Radar,0,6,7,0,13,0,2,54,0,56,0,8,61,0,69,50,0,50,119
06/19/2017,PUB,CO,ANM,WE,Towers with Radar,0,13,16,5,34,0,3,15,385,403,0,16,31,390,437,28,232,260,697
06/20/2017,PUB,CO,ANM,WE,Towers with Radar,0,12,7,21,40,0,1,23,594,618,0,13,30,615,658,0,416,416,1074
06/21/2017,PUB,CO,ANM,WE,Towers with Radar,2,13,11,4,30,0,1,21,540,562,2,14,32,544,592,14,276,290,882
06/22/2017,PUB,CO,ANM,WE,Towers with Radar,0,14,22,0,36,0,1,15,185,201,0,15,37,185,237,6,346,352,589
06/23/2017,PUB,CO,ANM,WE,Towers with Radar,0,24,28,6,58,0,4,10,37,51,0,28,38,43,109,0,48,48,157
06/24/2017,PUB,CO,ANM,WE,Towers with Radar,2,6,13,21,42,0,0,82,12,94,2,6,95,33,136,66,36,102,238
06/25/2017,PUB,CO,ANM,WE,Towers with Radar,0,4,24,13,41,0,1,53,6,60,0,5,77,19,101,46,2,48,149
06/26/2017,PUB,CO,ANM,WE,Towers with Radar,0,10,25,8,43,0,0,24,203,227,0,10,49,211,270,12,304,316,586
06/27/2017,PUB,CO,ANM,WE,Towers with Radar,0,14,11,25,50,0,3,22,291,316,0,17,33,316,366,8,536,544,910
06/28/2017,PUB,CO,ANM,WE,Towers with Radar,0,13,19,11,43,0,0,16,254,270,0,13,35,265,313,2,292,294,607
06/29/2017,PUB,CO,ANM,WE,Towers with Radar,0,11,29,4,44,0,2,31,250,283,0,13,60,254,327,20,316,336,663
06/30/2017,PUB,CO,ANM,WE,Towers with Radar,0,10,12,12,34,0,1,24,233,258,0,11,36,245,292,2,270,272,564
07/01/2017,PUB,CO,ANM,WE,Towers with Radar,0,9,21,0,30,0,4,61,0,65,0,13,82,0,95,22,0,22,117
07/02/2017,PUB,CO,ANM,WE,Towers with Radar,0,6,20,0,26,0,4,38,3,45,0,10,58,3,71,38,0,38,109
07/03/2017,PUB,CO,ANM,WE,Towers with Radar,0,10,9,2,21,0,7,30,129,166,0,17,39,131,187,0,106,106,293
07/04/2017,PUB,CO,ANM,WE,Towers with Radar,0,9,8,1,18,0,2,35,2,39,0,11,43,3,57,2,0,2,59
07/05/2017,PUB,CO,ANM,WE,Towers with Radar,0,19,23,4,46,0,2,38,237,277,0,21,61,241,323,14,320,334,657
07/06/2017,PUB,CO,ANM,WE,Towers with Radar,0,14,11,4,29,0,14,26,212,252,0,28,37,216,281,4,328,332,613
07/07/2017,PUB,CO,ANM,WE,Towers with Radar,0,13,19,1,33,0,1,28,173,202,0,14,47,174,235,12,154,166,401
07/08/2017,PUB,CO,ANM,WE,Towers with Radar,0,5,16,0,21,0,4,50,33,87,0,9,66,33,108,54,6,60,168
07/09/2017,PUB,CO,ANM,WE,Towers with Radar,0,4,11,3,18,0,6,28,1,35,0,10,39,4,53,32,0,32,85
07/10/2017,PUB,CO,ANM,WE,Towers with Radar,0,7,22,3,32,0,3,42,500,545,0,10,64,503,577,0,196,196,773
07/11/2017,PUB,CO,ANM,WE,Towers with Radar,0,9,9,11,29,0,0,28,202,230,0,9,37,213,259,16,48,64,323
07/12/2017,PUB,CO,ANM,WE,Towers with Radar,0,10,10,2,22,0,3,21,657,681,0,13,31,659,703,0,240,240,943
07/13/2017,PUB,CO,ANM,WE,Towers with Radar,0,12,19,0,31,0,3,25,384,412,0,15,44,384,443,14,310,324,767
07/14/2017,PUB,CO,ANM,WE,Towers with Radar,0,12,16,2,30,0,0,30,269,299,0,12,46,271,329,20,436,456,785
07/15/2017,PUB,CO,ANM,WE,Towers with Radar,0,12,13,4,29,0,0,32,3,35,0,12,45,7,64,20,8,28,92
07/16/2017,PUB,CO,ANM,WE,Towers with Radar,0,5,21,4,30,0,4,23,1,28,0,9,44,5,58,4,0,4,62
07/17/2017,PUB,CO,ANM,WE,Towers with Radar,2,10,5,5,22,0,1,35,261,297,2,11,40,266,319,14,422,436,755
07/18/2017,PUB,CO,ANM,WE,Towers with Radar,0,14,8,1,23,0,4,31,228,263,0,18,39,229,286,10,428,438,724
07/19/2017,PUB,CO,ANM,WE,Towers with Radar,0,15,21,11,47,0,0,26,205,231,0,15,47,216,278,34,368,402,680
07/20/2017,PUB,CO,ANM,WE,Towers with Radar,2,14,22,6,44,0,0,31,222,253,2,14,53,228,297,12,288,300,597
07/21/2017,PUB,CO,ANM,WE,Towers with Radar,5,7,16,24,52,0,5,23,181,209,5,12,39,205,261,46,230,276,537
07/22/2017,PUB,CO,ANM,WE,Towers with Radar,1,7,11,1,20,0,5,32,8,45,1,12,43,9,65,28,0,28,93
07/23/2017,PUB,CO,ANM,WE,Towers with Radar,0,7,22,7,36,0,1,40,8,49,0,8,62,15,85,20,6,26,111
07/24/2017,PUB,CO,ANM,WE,Towers with Radar,0,14,19,2,35,0,0,19,212,231,0,14,38,214,266,34,270,304,570
07/25/2017,PUB,CO,ANM,WE,Towers with Radar,0,13,15,0,28,0,3,43,217,263,0,16,58,217,291,6,316,322,613
07/26/2017,PUB,CO,ANM,WE,Towers with Radar,0,16,27,0,43,0,0,10,197,207,0,16,37,197,250,0,162,162,412
07/27/2017,PUB,CO,ANM,WE,Towers with Radar,0,11,26,6,43,0,1,28,184,213,0,12,54,190,256,30,404,434,690
07/28/2017,PUB,CO,ANM,WE,Towers with Radar,0,11,21,2,34,0,1,19,103,123,0,12,40,105,157,12,350,362,519
07/29/2017,PUB,CO,ANM,WE,Towers with Radar,0,6,10,1,17,0,1,25,5,31,0,7,35,6,48,16,2,18,66
07/30/2017,PUB,CO,ANM,WE,Towers with Radar,0,6,18,2,26,0,0,37,2,39,0,6,55,4,65,44,0,44,109
07/31/2017,PUB,CO,ANM,WE,Towers with Radar,0,10,20,4,34,0,0,35,159,194,0,10,55,163,228,22,306,328,556
08/01/2017,PUB,CO,ANM,WE,Towers with Radar,0,12,25,6,43,0,3,44,267,314,0,15,69,273,357,36,404,440,797
08/02/2017,PUB,CO,ANM,WE,Towers with Radar,0,6,8,3,17,0,2,31,187,220,0,8,39,190,237,18,304,322,559
08/03/2017,PUB,CO,ANM,WE,Towers with Radar,0,15,13,13,41,0,0,38,230,268,0,15,51,243,309,30,486,516,825
08/04/2017,PUB,CO,ANM,WE,Towers with Radar,0,18,20,3,41,0,0,28,170,198,0,18,48,173,239,44,414,458,697
08/05/2017,PUB,CO,ANM,WE,Towers with Radar,0,8,19,0,27,0,0,35,51,86,0,8,54,51,113,14,74,88,201
08/06/2017,PUB,CO,ANM,WE,Towers with Radar,0,4,27,10,41,0,3,40,14,57,0,7,67,24,98,32,38,70,168
08/07/2017,PUB,CO,ANM,WE,Towers with Radar,0,10,19,5,34,0,0,5,17,22,0,10,24,22,56,8,38,46,102
08/08/2017,PUB,CO,ANM,WE,Towers with Radar,0,13,11,12,36,0,1,8,204,213,0,14,19,216,249,2,294,296,545
08/09/2017,PUB,CO,ANM,WE,Towers with Radar,0,11,13,8,32,0,1,45,311,357,0,12,58,319,389,20,516,536,925
08/10/2017,PUB,CO,ANM,WE,Towers with Radar,2,10,23,0,35,0,0,36,277,313,2,10,59,277,348,22,460,482,830
08/11/2017,PUB,CO,ANM,WE,Towers with Radar,0,15,18,0,33,0,1,9,55,65,0,16,27,55,98,0,134,134,232
08/12/2017,PUB,CO,ANM,WE,Towers with Radar,6,5,12,0,23,0,0,32,100,132,6,5,44,100,155,8,176,184,339
08/13/2017,PUB,CO,ANM,WE,Towers with Radar,2,3,21,15,41,0,0,40,16,56,2,3,61,31,97,52,53,105,202
08/14/2017,PUB,CO,ANM,WE,Towers with Radar,0,12,22,5,39,0,0,25,196,221,0,12,47,201,260,6,188,194,454
08/15/2017,PUB,CO,ANM,WE,Towers with Radar,0,13,12,3,28,0,0,39,235,274,0,13,51,238,302,0,300,300,602
08/16/2017,PUB,CO,ANM,WE,Towers with Radar,0,17,21,2,40,0,1,47,215,263,0,18,68,217,303,10,290,300,603
08/17/2017,PUB,CO,ANM,WE,Towers with Radar,0,17,31,9,57,0,2,25,216,243,0,19,56,225,300,4,314,318,618
08/18/2017,PUB,CO,ANM,WE,Towers with Radar,0,14,19,2,35,0,0,47,191,238,0,14,66,193,273,8,220,228,501
08/19/2017,PUB,CO,ANM,WE,Towers with Radar,0,6,14,3,23,0,0,63,10,73,0,6,77,13,96,44,66,110,206
08/20/2017,PUB,CO,ANM,WE,Towers with Radar,0,5,21,0,26,0,1,51,4,56,0,6,72,4,82,38,0,38,120
08/21/2017,PUB,CO,ANM,WE,Towers with Radar,0,16,14,5,35,0,1,29,225,255,0,17,43,230,290,20,466,486,776
08/22/2017,PUB,CO,ANM,WE,Towers with Radar,0,19,22,18,59,0,1,12,202,215,0,20,34,220,274,6,694,700,974
08/23/2017,PUB,CO,ANM,WE,Towers with Radar,0,17,29,11,57,0,5,34,276,315,0,22,63,287,372,0,269,269,641
08/24/2017,PUB,CO,ANM,WE,Towers with Radar,0,13,15,14,42,0,2,24,269,295,0,15,39,283,337,0,392,392,729
08/25/2017,PUB,CO,ANM,WE,Towers with Radar,0,16,19,53,88,0,1,42,250,293,0,17,61,303,381,16,330,346,727
08/26/2017,PUB,CO,ANM,WE,Towers with Radar,0,5,14,2,21,0,0,64,18,82,0,5,78,20,103,24,40,64,167
08/27/2017,PUB,CO,ANM,WE,Towers with Radar,0,4,27,26,57,0,0,34,12,46,0,4,61,38,103,2,20,22,125
08/28/2017,PUB,CO,ANM,WE,Towers with Radar,0,8,18,48,74,0,0,18,276,294,0,8,36,324,368,13,504,517,885
08/29/2017,PUB,CO,ANM,WE,Towers with Radar,0,18,7,48,73,0,0,20,289,309,0,18,27,337,382,14,470,484,866
08/30/2017,PUB,CO,ANM,WE,Towers with Radar,0,17,19,39,75,0,0,46,256,302,0,17,65,295,377,52,428,480,857
08/31/2017,PUB,CO,ANM,WE,Towers with Radar,0,17,17,4,38,0,0,37,259,296,0,17,54,263,334,22,264,286,620
09/01/2017,PUB,CO,ANM,WE,Towers with Radar,2,13,22,1,38,0,0,21,195,216,2,13,43,196,254,4,346,350,604
09/02/2017,PUB,CO,ANM,WE,Towers with Radar,0,8,15,0,23,0,2,50,2,54,0,10,65,2,77,10,0,10,87
09/03/2017,PUB,CO,ANM,WE,Towers with Radar,0,3,9,2,14,0,2,35,4,41,0,5,44,6,55,26,12,38,93
09/04/2017,PUB,CO,ANM,WE,Towers with Radar,2,9,22,1,34,0,0,21,1,22,2,9,43,2,56,26,0,26,82
09/05/2017,PUB,CO,ANM,WE,Towers with Radar,0,12,21,10,43,0,0,12,231,243,0,12,33,241,286,14,215,229,515
09/06/2017,PUB,CO,ANM,WE,Towers with Radar,0,15,23,0,38,0,0,46,230,276,0,15,69,230,314,24,430,454,768
09/07/2017,PUB,CO,ANM,WE,Towers with Radar,0,12,16,2,30,0,0,26,236,262,0,12,42,238,292,14,336,350,642
09/08/2017,PUB,CO,ANM,WE,Towers with Radar,0,10,18,14,42,0,0,36,218,254,0,10,54,232,296,12,406,418,714
09/09/2017,PUB,CO,ANM,WE,Towers with Radar,0,5,9,11,25,0,0,47,156,203,0,5,56,167,228,16,230,246,474
09/10/2017,PUB,CO,ANM,WE,Towers with Radar,0,6,9,7,22,0,0,30,6,36,0,6,39,13,58,6,46,52,110
09/11/2017,PUB,CO,ANM,WE,Towers with Radar,0,11,15,5,31,0,0,17,224,241,0,11,32,229,272,0,314,314,586
09/12/2017,PUB,CO,ANM,WE,Towers with Radar,0,12,15,4,31,0,0,20,865,885,0,12,35,869,916,33,534,567,1483
09/13/2017,PUB,CO,ANM,WE,Towers with Radar,0,22,9,6,37,0,11,23,732,766,0,33,32,738,803,4,466,470,1273
09/14/2017,PUB,CO,ANM,WE,Towers with Radar,0,10,37,5,52,0,1,35,258,294,0,11,72,263,346,26,306,332,678
09/15/2017,PUB,CO,ANM,WE,Towers with Radar,0,10,8,13,31,0,5,25,211,241,0,15,33,224,272,28,526,554,826
09/16/2017,PUB,CO,ANM,WE,Towers with Radar,0,9,18,0,27,0,6,27,7,40,0,15,45,7,67,42,2,44,111
09/17/2017,PUB,CO,ANM,WE,Towers with Radar,2,10,26,4,42,0,1,15,0,16,2,11,41,4,58,4,0,4,62
09/18/2017,PUB,CO,ANM,WE,Towers with Radar,0,15,10,35,60,0,2,46,291,339,0,17,56,326,399,10,456,466,865
09/19/2017,PUB,CO,ANM,WE,Towers with Radar,0,9,16,38,63,0,5,19,210,234,0,14,35,248,297,0,456,456,753
09/20/2017,PUB,CO,ANM,WE,Towers with Radar,0,10,6,37,53,0,0,36,254,290,0,10,42,291,343,20,378,398,741
09/21/2017,PUB,CO,ANM,WE,Towers with Radar,2,17,19,11,49,0,6,35,230,271,2,23,54,241,320,8,424,432,752
09/22/2017,PUB,CO,ANM,WE,Towers with Radar,0,8,14,4,26,0,0,34,135,169,0,8,48,139,195,0,146,146,341
09/23/2017,PUB,CO,ANM,WE,Towers with Radar,0,6,12,10,28,0,6,8,12,26,0,12,20,22,54,4,76,80,134
09/24/2017,PUB,CO,ANM,WE,Towers with Radar,0,16,23,0,39,0,0,1,0,1,0,16,24,0,40,0,0,0,40
09/25/2017,PUB,CO,ANM,WE,Towers with Radar,0,18,22,12,52,0,1,16,117,134,0,19,38,129,186,18,550,568,754
09/26/2017,PUB,CO,ANM,WE,Towers with Radar,0,11,22,9,42,0,0,5,148,153,0,11,27,157,195,2,293,295,490
09/27/2017,PUB,CO,ANM,WE,Towers with Radar,0,22,17,25,64,0,1,8,48,57,0,23,25,73,121,0,396,396,517
09/28/2017,PUB,CO,ANM,WE,Towers with Radar,0,12,13,4,29,0,0,0,0,0,0,12,13,4,29,0,0,0,29
09/29/2017,PUB,CO,ANM,WE,Towers with Radar,0,27,23,15,65,0,0,2,19,21,0,27,25,34,86,0,68,68,154
09/30/2017,PUB,CO,ANM,WE,Towers with Radar,0,9,24,0,33,0,0,29,94,123,0,9,53,94,156,30,204,234,390
10/01/2017,PUB,CO,ANM,WE,Towers with Radar,0,3,13,0,16,0,4,50,1,55,0,7,63,1,71,16,0,16,87
10/02/2017,PUB,CO,ANM,WE,Towers with Radar,0,14,12,8,34,0,0,17,187,204,0,14,29,195,238,2,274,276,514
10/03/2017,PUB,CO,ANM,WE,Towers with Radar,0,13,19,7,39,0,0,16,307,323,0,13,35,314,362,2,394,396,758
10/04/2017,PUB,CO,ANM,WE,Towers with Radar,1,14,16,13,44,0,0,7,0,7,1,14,23,13,51,0,0,0,51
10/05/2017,PUB,CO,ANM,WE,Towers with Radar,0,9,36,1,46,0,1,30,230,261,0,10,66,231,307,2,476,478,785
10/06/2017,PUB,CO,ANM,WE,Towers with Radar,0,5,17,4,26,0,0,11,147,158,0,5,28,151,184,12,444,456,640
10/07/2017,PUB,CO,ANM,WE,Towers with Radar,0,7,14,0,21,0,0,56,17,73,0,7,70,17,94,32,76,108,202
10/08/2017,PUB,CO,ANM,WE,Towers with Radar,0,1,15,0,16,0,6,47,9,62,0,7,62,9,78,30,36,66,144
10/09/2017,PUB,CO,ANM,WE,Towers with Radar,0,8,26,0,34,0,0,0,0,0,0,8,26,0,34,6,0,6,40
10/10/2017,PUB,CO,ANM,WE,Towers with Radar,0,12,22,5,39,0,4,41,252,297,0,16,63,257,336,16,493,509,845
10/11/2017,PUB,CO,ANM,WE,Towers with Radar,0,13,13,15,41,0,0,48,296,344,0,13,61,311,385,18,620,638,1023
10/12/2017,PUB,CO,ANM,WE,Towers with Radar,0,18,22,2,42,0,1,26,231,258,0,19,48,233,300,28,610,638,938
10/13/2017,PUB,CO,ANM,WE,Towers with Radar,0,9,25,4,38,0,0,35,214,249,0,9,60,218,287,12,394,406,693
10/14/2017,PUB,CO,ANM,WE,Towers with Radar,5,3,11,27,46,0,1,30,131,162,5,4,41,158,208,20,234,254,462
10/15/2017,PUB,CO,ANM,WE,Towers with Radar,0,1,13,7,21,0,2,74,13,89,0,3,87,20,110,64,12,76,186
10/16/2017,PUB,CO,ANM,WE,Towers with Radar,0,12,27,36,75,0,0,36,256,292,0,12,63,292,367,8,314,322,689
10/17/2017,PUB,CO,ANM,WE,Towers with Radar,0,8,16,60,84,0,3,24,822,849,0,11,40,882,933,30,370,400,1333
10/18/2017,PUB,CO,ANM,WE,Towers with Radar,0,17,13,53,83,0,1,36,775,812,0,18,49,828,895,22,362,384,1279
10/19/2017,PUB,CO,ANM,WE,Towers with Radar,0,9,18,30,57,0,2,34,228,264,0,11,52,258,321,8,326,334,655
10/20/2017,PUB,CO,ANM,WE,Towers with Radar,0,15,12,2,29,0,0,17,173,190,0,15,29,175,219,2,245,247,466
10/21/2017,PUB,CO,ANM,WE,Towers with Radar,0,8,4,2,14,0,4,29,183,216,0,12,33,185,230,28,212,240,470
10/22/2017,PUB,CO,ANM,WE,Towers with Radar,0,11,24,9,44,0,2,52,10,64,0,13,76,19,108,12,8,20,128
10/23/2017,PUB,CO,ANM,WE,Towers with Radar,0,15,26,0,41,0,0,24,227,251,0,15,50,227,292,2,499,501,793
10/24/2017,PUB,CO,ANM,WE,Towers with Radar,0,13,15,3,31,0,1,41,246,288,0,14,56,249,319,8,468,476,795
10/25/2017,PUB,CO,ANM,WE,Towers with Radar,0,13,16,14,43,0,0,44,262,306,0,13,60,276,349,24,498,522,871
10/26/2017,PUB,CO,ANM,WE,Towers with Radar,0,11,12,0,23,0,1,1,96,98,0,12,13,96,121,24,50,74,195
10/27/2017,PUB,CO,ANM,WE,Towers with Radar,1,11,14,36,62,0,2,38,239,279,1,13,52,275,341,18,242,260,601
10/28/2017,PUB,CO,ANM,WE,Towers with Radar,0,7,21,0,28,0,1,27,165,193,0,8,48,165,221,30,208,238,459
10/29/2017,PUB,CO,ANM,WE,Towers with Radar,0,6,12,5,23,0,2,45,2,49,0,8,57,7,72,54,2,56,128
10/30/2017,PUB,CO,ANM,WE,Towers with Radar,0,8,8,0,16,0,0,0,149,149,0,8,8,149,165,0,384,384,549
10/31/2017,PUB,CO,ANM,WE,Towers with Radar,0,9,17,14,40,0,0,6,233,239,0,9,23,247,279,0,342,342,621
11/01/2017,PUB,CO,ANM,WE,Towers with Radar,0,13,6,8,27,0,1,15,255,271,0,14,21,263,298,2,276,278,576
11/02/2017,PUB,CO,ANM,WE,Towers with Radar,0,13,17,11,41,0,1,37,276,314,0,14,54,287,355,20,306,326,681
11/03/2017,PUB,CO,ANM,WE,Towers with Radar,2,13,15,42,72,0,3,17,119,139,2,16,32,161,211,50,718,768,979
11/04/2017,PUB,CO,ANM,WE,Towers with Radar,0,9,11,0,20,0,3,5,92,100,0,12,16,92,120,2,168,170,290
11/05/2017,PUB,CO,ANM,WE,Towers with Radar,2,7,16,18,43,0,2,36,6,44,2,9,52,24,87,2,0,2,89
11/06/2017,PUB,CO,ANM,WE,Towers with Radar,2,9,16,57,84,0,0,7,526,533,2,9,23,583,617,4,364,368,985
11/07/2017,PUB,CO,ANM,WE,Towers with Radar,1,10,4,1,16,0,0,0,242,242,1,10,4,243,258,0,590,590,848
11/08/2017,PUB,CO,ANM,WE,Towers with Radar,0,13,25,1,39,0,0,4,96,100,0,13,29,97,139,2,40,42,181
11/09/2017,PUB,CO,ANM,WE,Towers with Radar,2,21,25,1,49,0,0,14,127,141,2,21,39,128,190,66,1020,1086,1276
11/10/2017,PUB,CO,ANM,WE,Towers with Radar,2,9,16,0,27,0,0,18,0,18,2,9,34,0,45,0,0,0,45
11/11/2017,PUB,CO,ANM,WE,Towers with Radar,0,9,16,0,25,0,2,53,12,67,0,11,69,12,92,38,0,38,130
11/12/2017,PUB,CO,ANM,WE,Towers with Radar,0,8,21,0,29,0,0,53,1,54,0,8,74,1,83,22,0,22,105
11/13/2017,PUB,CO,ANM,WE,Towers with Radar,2,9,26,3,40,0,1,34,258,293,2,10,60,261,333,22,360,382,715
11/14/2017,PUB,CO,ANM,WE,Towers with Radar,0,9,19,4,32,0,1,32,262,295,0,10,51,266,327,2,462,464,791
11/15/2017,PUB,CO,ANM,WE,Towers with Radar,0,12,20,18,50,0,0,40,266,306,0,12,60,284,356,6,401,407,763
11/16/2017,PUB,CO,ANM,WE,Towers with Radar,0,16,24,2,42,0,0,31,237,268,0,16,55,239,310,42,492,534,844
11/17/2017,PUB,CO,ANM,WE,Towers with Radar,2,15,15,2,34,0,0,2,153,155,2,15,17,155,189,0,566,566,755
11/18/2017,PUB,CO,ANM,WE,Towers with Radar,1,9,28,2,40,0,0,54,198,252,1,9,82,200,292,26,172,198,490
11/19/2017,PUB,CO,ANM,WE,Towers with Radar,0,1,13,0,14,0,2,61,0,63,0,3,74,0,77,48,0,48,125
11/20/2017,PUB,CO,ANM,WE,Towers with Radar,0,12,5,11,28,0,0,21,241,262,0,12,26,252,290,2,478,480,770
11/21/2017,PUB,CO,ANM,WE,Towers with Radar,0,12,12,2,26,0,1,12,228,241,0,13,24,230,267,62,270,332,599
11/22/2017,PUB,CO,ANM,WE,Towers with Radar,0,12,17,6,35,0,0,55,197,252,0,12,72,203,287,36,330,366,653
11/23/2017,PUB,CO,ANM,WE,Towers with Radar,0,4,6,0,10,0,2,9,0,11,0,6,15,0,21,48,0,48,69
11/24/2017,PUB,CO,ANM,WE,Towers with Radar,0,12,2,0,14,0,0,22,2,24,0,12,24,2,38,20,0,20,58
11/25/2017,PUB,CO,ANM,WE,Towers with Radar,0,12,16,0,28,0,0,39,14,53,0,12,55,14,81,22,58,80,161
11/26/2017,PUB,CO,ANM,WE,Towers with Radar,0,9,33,0,42,0,1,60,5,66,0,10,93,5,108,50,2,52,160
11/27/2017,PUB,CO,ANM,WE,Towers with Radar,0,12,13,0,25,0,1,11,207,219,0,13,24,207,244,18,510,528,772
11/28/2017,PUB,CO,ANM,WE,Towers with Radar,0,10,12,12,34,0,2,29,225,256,0,12,41,237,290,2,588,590,880
11/29/2017,PUB,CO,ANM,WE,Towers with Radar,0,14,13,7,34,0,1,40,255,296,0,15,53,262,330,24,640,664,994
11/30/2017,PUB,CO,ANM,WE,Towers with Radar,0,9,22,0,31,0,0,43,266,309,0,9,65,266,340,54,538,592,932
12/01/2017,PUB,CO,ANM,WE,Towers with Radar,0,5,17,3,25,0,0,57,187,244,0,5,74,190,269,20,384,404,673
12/02/2017,PUB,CO,ANM,WE,Towers with Radar,0,7,21,12,40,0,0,61,24,85,0,7,82,36,125,31,44,75,200
12/03/2017,PUB,CO,ANM,WE,Towers with Radar,0,5,6,0,11,0,2,19,4,25,0,7,25,4,36,48,12,60,96
12/04/2017,PUB,CO,ANM,WE,Towers with Radar,0,7,5,22,34,0,0,2,34,36,0,7,7,56,70,0,18,18,88
12/05/2017,PUB,CO,ANM,WE,Towers with Radar,1,6,17,20,44,0,1,18,900,919,1,7,35,920,963,6,802,808,1771
12/06/2017,PUB,CO,ANM,WE,Towers with Radar,0,8,20,26,54,0,2,8,875,885,0,10,28,901,939,44,598,642,1581
12/07/2017,PUB,CO,ANM,WE,Towers with Radar,0,10,28,18,56,0,0,27,227,254,0,10,55,245,310,22,588,610,920
12/08/2017,PUB,CO,ANM,WE,Towers with Radar,0,9,23,0,32,0,2,18,88,108,0,11,41,88,140,18,179,197,337
12/09/2017,PUB,CO,ANM,WE,Towers with Radar,0,6,17,2,25,0,0,59,19,78,0,6,76,21,103,32,18,50,153
12/10/2017,PUB,CO,ANM,WE,Towers with Radar,1,6,15,0,22,0,0,53,2,55,1,6,68,2,77,34,4,38,115
12/11/2017,PUB,CO,ANM,WE,Towers with Radar,0,14,22,5,41,0,0,55,274,329,0,14,77,279,370,18,610,628,998
12/12/2017,PUB,CO,ANM,WE,Towers with Radar,1,9,15,9,34,0,0,31,259,290,1,9,46,268,324,26,650,676,1000
12/13/2017,PUB,CO,ANM,WE,Towers with Radar,2,12,16,17,47,0,0,27,178,205,2,12,43,195,252,16,547,563,815
12/14/2017,PUB,CO,ANM,WE,Towers with Radar,0,8,13,0,21,0,1,16,108,125,0,9,29,108,146,0,324,324,470
12/15/2017,PUB,CO,ANM,WE,Towers with Radar,0,9,14,2,25,0,3,31,65,99,0,12,45,67,124,26,80,106,230
12/16/2017,PUB,CO,ANM,WE,Towers with Radar,0,4,8,2,14,0,4,34,10,48,0,8,42,12,62,4,44,48,110
12/17/2017,PUB,CO,ANM,WE,Towers with Radar,0,3,23,0,26,0,2,12,0,14,0,5,35,0,40,8,0,8,48
12/18/2017,PUB,CO,ANM,WE,Towers with Radar,0,9,11,13,33,0,1,46,75,122,0,10,57,88,155,42,124,166,321
12/19/2017,PUB,CO,ANM,WE,Towers with Radar,0,12,7,2,21,0,0,39,70,109,0,12,46,72,130,20,84,104,234
12/20/2017,PUB,CO,ANM,WE,Towers with Radar,0,9,20,27,56,0,0,43,69,112,0,9,63,96,168,8,76,84,252
12/21/2017,PUB,CO,ANM,WE,Towers with Radar,0,13,16,1,30,0,0,0,2,2,0,13,16,3,32,0,38,38,70
12/22/2017,PUB,CO,ANM,WE,Towers with Radar,0,12,17,0,29,0,0,39,0,39,0,12,56,0,68,22,0,22,90
12/23/2017,PUB,CO,ANM,WE,Towers with Radar,0,6,6,0,12,0,0,17,17,34,0,6,23,17,46,16,34,50,96
12/24/2017,PUB,CO,ANM,WE,Towers with Radar,1,2,4,0,7,0,3,18,6,27,1,5,22,6,34,0,18,18,52
12/25/2017,PUB,CO,ANM,WE,Towers with Radar,0,4,0,0,4,0,2,4,0,6,0,6,4,0,10,0,0,0,10
12/26/2017,PUB,CO,ANM,WE,Towers with Radar,0,7,28,0,35,0,0,7,0,7,0,7,35,0,42,2,0,2,44
12/27/2017,PUB,CO,ANM,WE,Towers with Radar,0,18,38,22,78,0,6,41,42,89,0,24,79,64,167,8,40,48,215
12/28/2017,PUB,CO,ANM,WE,Towers with Radar,0,10,28,2,40,0,1,53,44,98,0,11,81,46,138,10,67,77,215
12/29/2017,PUB,CO,ANM,WE,Towers with Radar,2,10,16,6,34,0,0,23,53,76,2,10,39,59,110,12,78,90,200
12/30/2017,PUB,CO,ANM,WE,Towers with Radar,0,7,8,0,15,0,1,6,2,9,0,8,14,2,24,0,10,10,34
12/31/2017,PUB,CO,ANM,WE,Towers with Radar,0,2,8,0,10,0,2,20,4,26,0,4,28,4,36,16,44,60,96
01/01/2018,PUB,CO,ANM,WE,Towers with Radar,0,4,18,0,22,0,0,14,0,14,0,4,32,0,36,20,0,20,56
01/02/2018,PUB,CO,ANM,WE,Towers with Radar,0,13,20,5,38,0,0,9,48,57,0,13,29,53,95,6,74,80,175
01/03/2018,PUB,CO,ANM,WE,Towers with Radar,0,8,10,26,44,0,0,40,75,115,0,8,50,101,159,24,78,102,261
01/04/2018,PUB,CO,ANM,WE,Towers with Radar,0,10,21,11,42,0,0,40,99,139,0,10,61,110,181,4,98,102,283
01/05/2018,PUB,CO,ANM,WE,Towers with Radar,2,11,13,5,31,0,6,45,35,86,2,17,58,40,117,44,28,72,189
01/06/2018,PUB,CO,ANM,WE,Towers with Radar,0,7,18,4,29,0,0,52,35,87,0,7,70,39,116,34,32,66,182
01/07/2018,PUB,CO,ANM,WE,Towers with Radar,0,2,12,0,14,0,0,22,8,30,0,2,34,8,44,20,18,38,82
01/08/2018,PUB,CO,ANM,WE,Towers with Radar,0,6,10,11,27,0,4,33,71,108,0,10,43,82,135,10,80,90,225
01/09/2018,PUB,CO,ANM,WE,Towers with Radar,0,8,12,9,29,0,1,29,818,848,0,9,41,827,877,32,398,430,1307
01/10/2018,PUB,CO,ANM,WE,Towers with Radar,0,18,14,4,36,0,0,5,682,687,0,18,19,686,723,16,268,284,1007
01/11/2018,PUB,CO,ANM,WE,Towers with Radar,2,11,27,4,44,0,4,26,258,288,2,15,53,262,332,14,270,284,616
01/12/2018,PUB,CO,ANM,WE,Towers with Radar,0,13,19,1,33,0,0,15,187,202,0,13,34,188,235,30,222,252,487
01/13/2018,PUB,CO,ANM,WE,Towers with Radar,0,3,15,0,18,0,1,21,0,22,0,4,36,0,40,10,0,10,50
01/14/2018,PUB,CO,ANM,WE,Towers with Radar,0,2,10,6,18,0,0,47,2,49,0,2,57,8,67,40,0,40,107
01/15/2018,PUB,CO,ANM,WE,Towers with Radar,0,7,10,0,17,0,0,0,0,0,0,7,10,0,17,0,0,0,17
01/16/2018,PUB,CO,ANM,WE,Towers with Radar,0,11,5,5,21,0,0,18,272,290,0,11,23,277,311,4,566,570,881
01/17/2018,PUB,CO,ANM,WE,Towers with Radar,0,9,19,5,33,0,0,36,296,332,0,9,55,301,365,18,796,814,1179
01/18/2018,PUB,CO,ANM,WE,Towers with Radar,0,10,27,17,54,0,2,17,278,297,0,12,44,295,351,28,752,780,1131
01/19/2018,PUB,CO,ANM,WE,Towers with Radar,0,11,14,5,30,0,0,24,162,186,0,11,38,167,216,28,398,426,642
01/20/2018,PUB,CO,ANM,WE,Towers with Radar,0,5,29,1,35,0,2,35,4,41,0,7,64,5,76,10,20,30,106
01/21/2018,PUB,CO,ANM,WE,Towers with Radar,0,5,7,0,12,0,0,1,0,1,0,5,8,0,13,0,0,0,13
01/22/2018,PUB,CO,ANM,WE,Towers with Radar,0,8,22,3,33,0,0,23,240,263,0,8,45,243,296,6,290,296,592
01/23/2018,PUB,CO,ANM,WE,Towers with Radar,0,10,15,0,25,0,0,31,328,359,0,10,46,328,384,30,474,504,888
01/24/2018,PUB,CO,ANM,WE,Towers with Radar,0,7,17,9,33,0,2,40,308,350,0,9,57,317,383,16,546,562,945
01/25/2018,PUB,CO,ANM,WE,Towers with Radar,2,8,14,8,32,0,0,13,334,347,2,8,27,342,379,26,576,602,981
01/26/2018,PUB,CO,ANM,WE,Towers with Radar,0,9,7,8,24,0,0,12,182,194,0,9,19,190,218,2,300,302,520
01/27/2018,PUB,CO,ANM,WE,Towers with Radar,0,5,18,20,43,0,4,58,6,68,0,9,76,26,111,34,8,42,153
01/28/2018,PUB,CO,ANM,WE,Towers with Radar,2,3,14,13,32,0,2,49,4,55,2,5,63,17,87,6,14,20,107
01/29/2018,PUB,CO,ANM,WE,Towers with Radar,0,6,12,3,21,0,4,23,311,338,0,10,35,314,359,42,576,618,977
01/30/2018,PUB,CO,ANM,WE,Towers with Radar,0,14,6,13,33,0,1,26,317,344,0,15,32,330,377,12,718,730,1107
01/31/2018,PUB,CO,ANM,WE,Towers with Radar,0,18,14,16,48,0,0,29,305,334,0,18,43,321,382,10,494,504,886
02/01/2018,PUB,CO,ANM,WE,Towers with Radar,0,13,11,26,50,0,1,5,272,278,0,14,16,298,328,8,648,656,984
02/02/2018,PUB,CO,ANM,WE,Towers with Radar,1,10,28,23,62,0,1,35,212,248,1,11,63,235,310,14,445,459,769
02/03/2018,PUB,CO,ANM,WE,Towers with Radar,0,4,22,5,31,0,0,29,2,31,0,4,51,7,62,18,6,24,86
02/04/2018,PUB,CO,ANM,WE,Towers with Radar,0,3,13,0,16,0,0,4,0,4,0,3,17,0,20,0,0,0,20
02/05/2018,PUB,CO,ANM,WE,Towers with Radar,0,9,16,0,25,0,2,22,42,66,0,11,38,42,91,4,36,40,131
02/06/2018,PUB,CO,ANM,WE,Towers with Radar,0,11,11,7,29,0,0,10,165,175,0,11,21,172,204,12,452,464,668
02/07/2018,PUB,CO,ANM,WE,Towers with Radar,0,15,25,13,53,0,0,20,258,278,0,15,45,271,331,6,521,527,858
02/08/2018,PUB,CO,ANM,WE,Towers with Radar,0,13,36,19,68,0,6,54,274,334,0,19,90,293,402,24,472,496,898
02/09/2018,PUB,CO,ANM,WE,Towers with Radar,0,11,25,2,38,0,0,4,64,68,0,11,29,66,106,0,178,178,284
02/10/2018,PUB,CO,ANM,WE,Towers with Radar,0,5,0,0,5,0,0,0,0,0,0,5,0,0,5,0,0,0,5
02/11/2018,PUB,CO,ANM,WE,Towers with Radar,2,5,11,0,18,0,2,29,2,33,2,7,40,2,51,38,0,38,89
02/12/2018,PUB,CO,ANM,WE,Towers with Radar,0,14,23,4,41,0,3,5,147,155,0,17,28,151,196,0,230,230,426
02/13/2018,PUB,CO,ANM,WE,Towers with Radar,0,11,24,7,42,0,2,26,359,387,0,13,50,366,429,34,570,604,1033
02/14/2018,PUB,CO,ANM,WE,Towers with Radar,0,14,11,0,25,0,1,13,213,227,0,15,24,213,252,0,260,260,512
02/15/2018,PUB,CO,ANM,WE,Towers with Radar,2,14,15,2,33,0,0,8,277,285,2,14,23,279,318,38,464,502,820
02/16/2018,PUB,CO,ANM,WE,Towers with Radar,0,15,19,3,37,0,1,16,209,226,0,16,35,212,263,10,254,264,527
02/17/2018,PUB,CO,ANM,WE,Towers with Radar,0,9,18,2,29,0,2,62,2,66,0,11,80,4,95,10,0,10,105
02/18/2018,PUB,CO,ANM,WE,Towers with Radar,0,5,13,0,18,0,3,22,2,27,0,8,35,2,45,20,0,20,65
02/19/2018,PUB,CO,ANM,WE,Towers with Radar,0,6,24,0,30,0,0,4,11,15,0,6,28,11,45,4,0,4,49
02/20/2018,PUB,CO,ANM,WE,Towers with Radar,0,9,4,0,13,0,1,5,137,143,0,10,9,137,156,0,212,212,368
02/21/2018,PUB,CO,ANM,WE,Towers with Radar,0,9,18,0,27,0,0,35,328,363,0,9,53,328,390,2,373,375,765
02/22/2018,PUB,CO,ANM,WE,Towers with Radar,0,10,5,9,24,0,3,1,229,233,0,13,6,238,257,0,556,556,813
02/23/2018,PUB,CO,ANM,WE,Towers with Radar,0,9,20,9,38,0,0,21,163,184,0,9,41,172,222,22,560,582,804
02/24/2018,PUB,CO,ANM,WE,Towers with Radar,0,7,7,1,15,0,2,24,43,69,0,9,31,44,84,14,58,72,156
02/25/2018,PUB,CO,ANM,WE,Towers with Radar,2,5,16,0,23,0,0,48,10,58,2,5,64,10,81,28,54,82,163
02/26/2018,PUB,CO,ANM,WE,Towers with Radar,0,10,26,4,40,0,2,21,306,329,0,12,47,310,369,28,812,840,1209
02/27/2018,PUB,CO,ANM,WE,Towers with Radar,0,17,16,0,33,0,0,20,287,307,0,17,36,287,340,30,706,736,1076
02/28/2018,PUB,CO,ANM,WE,Towers with Radar,2,10,12,0,24,0,1,4,266,271,2,11,16,266,295,0,298,298,593
03/01/2018,PUB,CO,ANM,WE,Towers with Radar,0,10,16,0,26,0,0,47,285,332,0,10,63,285,358,2,416,418,776
03/02/2018,PUB,CO,ANM,WE,Towers with Radar,0,9,22,3,34,0,2,24,259,285,0,11,46,262,319,0,618,618,937
03/03/2018,PUB,CO,ANM,WE,Towers with Radar,0,4,11,0,15,0,2,40,6,48,0,6,51,6,63,30,0,30,93
03/04/2018,PUB,CO,ANM,WE,Towers with Radar,0,5,19,1,25,0,0,18,3,21,0,5,37,4,46,0,0,0,46
03/05/2018,PUB,CO,ANM,WE,Towers with Radar,0,8,14,10,32,0,0,9,16,25,0,8,23,26,57,0,16,16,73
03/06/2018,PUB,CO,ANM,WE,Towers with Radar,0,8,15,9,32,0,2,16,908,926,0,10,31,917,958,20,488,508,1466
03/07/2018,PUB,CO,ANM,WE,Towers with Radar,0,11,16,17,44,0,2,40,1126,1168,0,13,56,1143,1212,26,410,436,1648
03/08/2018,PUB,CO,ANM,WE,Towers with Radar,1,9,25,10,45,0,2,35,304,341,1,11,60,314,386,36,364,400,786
03/09/2018,PUB,CO,ANM,WE,Towers with Radar,0,10,29,4,43,0,1,38,288,327,0,11,67,292,370,18,264,282,652
03/10/2018,PUB,CO,ANM,WE,Towers with Radar,0,5,23,0,28,0,0,17,0,17,0,5,40,0,45,4,0,4,49
03/11/2018,PUB,CO,ANM,WE,Towers with Radar,0,6,30,5,41,0,2,40,1,43,0,8,70,6,84,42,4,46,130
03/12/2018,PUB,CO,ANM,WE,Towers with Radar,0,9,19,5,33,0,8,16,315,339,0,17,35,320,372,14,290,304,676
03/13/2018,PUB,CO,ANM,WE,Towers with Radar,0,11,14,7,32,0,4,25,290,319,0,15,39,297,351,6,474,480,831
03/14/2018,PUB,CO,ANM,WE,Towers with Radar,0,14,28,20,62,0,1,51,330,382,0,15,79,350,444,14,606,620,1064
03/15/2018,PUB,CO,ANM,WE,Towers with Radar,0,11,25,20,56,0,1,15,220,236,0,12,40,240,292,4,588,592,884
03/16/2018,PUB,CO,ANM,WE,Towers with Radar,0,10,24,50,84,0,0,17,61,78,0,10,41,111,162,8,118,126,288
03/17/2018,PUB,CO,ANM,WE,Towers with Radar,0,3,24,35,62,0,4,49,11,64,0,7,73,46,126,14,12,26,152
03/18/2018,PUB,CO,ANM,WE,Towers with Radar,2,12,22,5,41,0,1,16,2,19,2,13,38,7,60,20,8,28,88
03/19/2018,PUB,CO,ANM,WE,Towers with Radar,0,8,14,3,25,0,1,5,70,76,0,9,19,73,101,0,53,53,154
03/20/2018,PUB,CO,ANM,WE,Towers with Radar,0,11,14,8,33,0,0,40,309,349,0,11,54,317,382,24,610,634,1016
03/21/2018,PUB,CO,ANM,WE,Towers with Radar,0,14,12,6,32,0,0,29,268,297,0,14,41,274,329,6,618,624,953
03/22/2018,PUB,CO,ANM,WE,Towers with Radar,2,9,18,15,44,0,0,18,280,298,2,9,36,295,342,8,420,428,770
03/23/2018,PUB,CO,ANM,WE,Towers with Radar,0,12,18,6,36,0,0,8,83,91,0,12,26,89,127,0,240,240,367
03/24/2018,PUB,CO,ANM,WE,Towers with Radar,0,8,15,14,37,0,0,46,50,96,0,8,61,64,133,16,68,84,217
03/25/2018,PUB,CO,ANM,WE,Towers with Radar,0,3,36,13,52,0,4,39,18,61,0,7,75,31,113,18,18,36,149
03/26/2018,PUB,CO,ANM,WE,Towers with Radar,0,12,21,2,35,0,0,12,197,209,0,12,33,199,244,8,366,374,618
03/27/2018,PUB,CO,ANM,WE,Towers with Radar,0,9,4,8,21,0,2,7,284,293,0,11,11,292,314,2,514,516,830
03/28/2018,PUB,CO,ANM,WE,Towers with Radar,0,12,17,4,33,0,0,18,277,295,0,12,35,281,328,14,390,404,732
03/29/2018,PUB,CO,ANM,WE,Towers with Radar,0,10,30,18,58,0,0,25,312,337,0,10,55,330,395,12,502,514,909
03/30/2018,PUB,CO,ANM,WE,Towers with Radar,1,13,17,9,40,0,2,36,216,254,1,15,53,225,294,28,274,302,596
03/31/2018,PUB,CO,ANM,WE,Towers with Radar,2,5,23,0,30,0,0,67,2,69,2,5,90,2,99,4,0,4,103
04/01/2018,PUB,CO,ANM,WE,Towers with Radar,0,2,18,0,20,0,2,19,0,21,0,4,37,0,41,42,0,42,83
04/02/2018,PUB,CO,ANM,WE,Towers with Radar,3,11,17,0,31,0,3,21,303,327,3,14,38,303,358,0,490,490,848
04/03/2018,PUB,CO,ANM,WE,Towers with Radar,0,14,3,8,25,0,0,9,241,250,0,14,12,249,275,14,254,268,543
04/04/2018,PUB,CO,ANM,WE,Towers with Radar,0,9,25,16,50,0,1,24,306,331,0,10,49,322,381,14,422,436,817
04/05/2018,PUB,CO,ANM,WE,Towers with Radar,4,11,24,9,48,0,5,33,270,308,4,16,57,279,356,8,482,490,846
04/06/2018,PUB,CO,ANM,WE,Towers with Radar,0,13,26,0,39,0,0,11,191,202,0,13,37,191,241,0,286,286,527
04/07/2018,PUB,CO,ANM,WE,Towers with Radar,0,4,21,12,37,0,4,18,0,22,0,8,39,12,59,2,0,2,61
04/08/2018,PUB,CO,ANM,WE,Towers with Radar,2,4,15,8,29,0,0,24,6,30,2,4,39,14,59,28,36,64,123
04/09/2018,PUB,CO,ANM,WE,Towers with Radar,0,9,10,17,36,0,1,17,178,196,0,10,27,195,232,44,469,513,745
04/10/2018,PUB,CO,ANM,WE,Towers with Radar,0,8,12,24,44,0,0,48,1221,1269,0,8,60,1245,1313,62,556,618,1931
04/11/2018,PUB,CO,ANM,WE,Towers with Radar,0,12,16,15,43,0,3,15,533,551,0,15,31,548,594,8,212,220,814
04/12/2018,PUB,CO,ANM,WE,Towers with Radar,0,10,7,5,22,0,4,10,221,235,0,14,17,226,257,10,514,524,781
04/13/2018,PUB,CO,ANM,WE,Towers with Radar,0,7,6,0,13,0,0,0,1,1,0,7,6,1,14,0,0,0,14
04/14/2018,PUB,CO,ANM,WE,Towers with Radar,0,5,2,0,7,0,0,1,3,4,0,5,3,3,11,0,0,0,11
04/15/2018,PUB,CO,ANM,WE,Towers with Radar,0,6,26,8,40,0,0,75,7,82,0,6,101,15,122,16,34,50,172
04/16/2018,PUB,CO,ANM,WE,Towers with Radar,0,7,16,2,25,0,0,20,302,322,0,7,36,304,347,6,594,600,947
04/17/2018,PUB,CO,ANM,WE,Towers with Radar,0,8,4,0,12,0,0,2,33,35,0,8,6,33,47,0,70,70,117
04/18/2018,PUB,CO,ANM,WE,Towers with Radar,0,10,24,6,40,1,1,53,385,440,1,11,77,391,480,44,692,736,1216
04/19/2018,PUB,CO,ANM,WE,Towers with Radar,1,11,12,10,34,0,1,10,277,288,1,12,22,287,322,20,646,666,988
04/20/2018,PUB,CO,ANM,WE,Towers with Radar,1,11,7,0,19,0,0,5,0,5,1,11,12,0,24,0,0,0,24
04/21/2018,PUB,CO,ANM,WE,Towers with Radar,0,16,7,2,25,0,0,3,93,96,0,16,10,95,121,54,189,243,364
04/22/2018,PUB,CO,ANM,WE,Towers with Radar,0,4,24,0,28,0,6,77,5,88,0,10,101,5,116,34,0,34,150
04/23/2018,PUB,CO,ANM,WE,Towers with Radar,0,8,12,1,21,0,1,27,311,339,0,9,39,312,360,4,590,594,954
04/24/2018,PUB,CO,ANM,WE,Towers with Radar,0,15,3,1,19,0,0,3,10,13,0,15,6,11,32,0,4,4,36
04/25/2018,PUB,CO,ANM,WE,Towers with Radar,0,11,27,2,40,0,4,35,292,331,0,15,62,294,371,28,434,462,833
04/26/2018,PUB,CO,ANM,WE,Towers with Radar,2,10,5,3,20,0,5,17,4,26,2,15,22,7,46,4,18,22,68
04/27/2018,PUB,CO,ANM,WE,Towers with Radar,1,11,31,4,47,0,5,30,316,351,1,16,61,320,398,16,382,398,796
04/28/2018,PUB,CO,ANM,WE,Towers with Radar,1,5,7,0,13,0,0,40,177,217,1,5,47,177,230,32,264,296,526
04/29/2018,PUB,CO,ANM,WE,Towers with Radar,0,7,17,0,24,0,1,33,6,40,0,8,50,6,64,32,0,32,96
04/30/2018,PUB,CO,ANM,WE,Towers with Radar,0,10,10,4,24,0,1,12,91,104,0,11,22,95,128,0,68,68,196
05/01/2018,PUB,CO,ANM,WE,Towers with Radar,0,9,16,14,39,0,1,25,317,343,0,10,41,331,382,23,472,495,877
05/02/2018,PUB,CO,ANM,WE,Towers with Radar,0,9,29,1,39,0,1,5,220,226,0,10,34,221,265,124,690,814,1079
05/03/2018,PUB,CO,ANM,WE,Towers with Radar,0,18,14,5,37,1,7,5,105,118,1,25,19,110,155,0,165,165,320
05/04/2018,PUB,CO,ANM,WE,Towers with Radar,1,12,27,48,88,0,5,42,287,334,1,17,69,335,422,10,476,486,908
05/05/2018,PUB,CO,ANM,WE,Towers with Radar,0,3,26,40,69,0,4,65,1,70,0,7,91,41,139,40,0,40,179
05/06/2018,PUB,CO,ANM,WE,Towers with Radar,0,3,16,8,27,0,5,48,5,58,0,8,64,13,85,48,0,48,133
05/07/2018,PUB,CO,ANM,WE,Towers with Radar,1,10,27,0,38,0,1,34,442,477,1,11,61,442,515,2,540,542,1057
05/08/2018,PUB,CO,ANM,WE,Towers with Radar,0,12,14,1,27,0,0,26,549,575,0,12,40,550,602,0,204,204,806
05/09/2018,PUB,CO,ANM,WE,Towers with Radar,0,15,16,0,31,0,1,30,814,845,0,16,46,814,876,6,486,492,1368
05/10/2018,PUB,CO,ANM,WE,Towers with Radar,0,15,18,5,38,0,4,48,236,288,0,19,66,241,326,6,444,450,776
05/11/2018,PUB,CO,ANM,WE,Towers with Radar,1,10,11,5,27,0,4,30,183,217,1,14,41,188,244,0,312,312,556
05/12/2018,PUB,CO,ANM,WE,Towers with Radar,0,8,7,0,15,0,4,23,1,28,0,12,30,1,43,14,0,14,57
05/13/2018,PUB,CO,ANM,WE,Towers with Radar,2,5,5,0,12,0,0,15,7,22,2,5,20,7,34,2,6,8,42
05/14/2018,PUB,CO,ANM,WE,Towers with Radar,0,9,35,0,44,0,1,11,170,182,0,10,46,170,226,16,334,350,576
05/15/2018,PUB,CO,ANM,WE,Towers with Radar,0,12,16,0,28,0,1,28,204,233,0,13,44,204,261,4,318,322,583
05/16/2018,PUB,CO,ANM,WE,Towers with Radar,2,13,17,1,33,0,1,55,219,275,2,14,72,220,308,10,358,368,676
05/17/2018,PUB,CO,ANM,WE,Towers with Radar,0,12,23,3,38,0,2,60,190,252,0,14,83,193,290,18,298,316,606
05/18/2018,PUB,CO,ANM,WE,Towers with Radar,1,9,8,0,18,0,2,7,6,15,1,11,15,6,33,0,0,0,33
05/19/2018,PUB,CO,ANM,WE,Towers with Radar,0,5,15,2,22,0,2,3,10,15,0,7,18,12,37,4,0,4,41
05/20/2018,PUB,CO,ANM,WE,Towers with Radar,0,7,18,0,25,0,4,2,4,10,0,11,20,4,35,4,0,4,39
05/21/2018,PUB,CO,ANM,WE,Towers with Radar,0,10,23,0,33,0,2,32,154,188,0,12,55,154,221,14,358,372,593
05/22/2018,PUB,CO,ANM,WE,Towers with Radar,0,10,23,0,33,0,4,56,219,279,0,14,79,219,312,12,352,364,676
05/23/2018,PUB,CO,ANM,WE,Towers with Radar,0,8,27,4,39,0,0,25,176,201,0,8,52,180,240,22,180,202,442
05/24/2018,PUB,CO,ANM,WE,Towers with Radar,0,12,8,0,20,0,0,23,243,266,0,12,31,243,286,34,414,448,734
05/25/2018,PUB,CO,ANM,WE,Towers with Radar,0,11,14,0,25,0,2,37,211,250,0,13,51,211,275,16,234,250,525
05/26/2018,PUB,CO,ANM,WE,Towers with Radar,2,9,11,0,22,0,1,50,0,51,2,10,61,0,73,66,0,66,139
05/27/2018,PUB,CO,ANM,WE,Towers with Radar,2,5,8,0,15,0,3,30,1,34,2,8,38,1,49,20,0,20,69
05/28/2018,PUB,CO,ANM,WE,Towers with Radar,0,6,34,0,40,0,4,45,9,58,0,10,79,9,98,4,0,4,102
05/29/2018,PUB,CO,ANM,WE,Towers with Radar,0,23,17,1,41,0,0,11,204,215,0,23,28,205,256,2,400,402,658
05/30/2018,PUB,CO,ANM,WE,Towers with Radar,0,13,14,4,31,0,0,15,243,258,0,13,29,247,289,2,419,421,710
05/31/2018,PUB,CO,ANM,WE,Towers with Radar,0,12,15,4,31,0,0,37,230,267,0,12,52,234,298,18,378,396,694
06/01/2018,PUB,CO,ANM,WE,Towers with Radar,2,16,7,26,51,0,6,10,166,182,2,22,17,192,233,0,478,478,711
06/02/2018,PUB,CO,ANM,WE,Towers with Radar,0,4,13,8,25,0,4,58,7,69,0,8,71,15,94,62,4,66,160
06/03/2018,PUB,CO,ANM,WE,Towers with Radar,0,5,10,0,15,0,2,36,0,38,0,7,46,0,53,12,0,12,65
06/04/2018,PUB,CO,ANM,WE,Towers with Radar,0,7,17,0,24,0,0,24,226,250,0,7,41,226,274,12,316,328,602
06/05/2018,PUB,CO,ANM,WE,Towers with Radar,0,13,10,6,29,0,0,25,260,285,0,13,35,266,314,0,384,384,698
06/06/2018,PUB,CO,ANM,WE,Towers with Radar,1,12,7,0,20,0,3,34,281,318,1,15,41,281,338,34,398,432,770
06/07/2018,PUB,CO,ANM,WE,Towers with Radar,0,14,21,1,36,0,1,12,254,267,0,15,33,255,303,8,378,386,689
06/08/2018,PUB,CO,ANM,WE,Towers with Radar,2,14,20,18,54,0,3,55,156,214,2,17,75,174,268,22,256,278,546
06/09/2018,PUB,CO,ANM,WE,Towers with Radar,0,5,16,18,39,0,5,61,6,72,0,10,77,24,111,8,0,8,119
06/10/2018,PUB,CO,ANM,WE,Towers with Radar,0,8,21,0,29,0,2,31,3,36,0,10,52,3,65,40,0,40,105
06/11/2018,PUB,CO,ANM,WE,Towers with Radar,0,8,27,3,38,0,0,27,241,268,0,8,54,244,306,14,302,316,622
06/12/2018,PUB,CO,ANM,WE,Towers with Radar,0,11,20,3,34,0,3,20,275,298,0,14,40,278,332,4,462,466,798
06/13/2018,PUB,CO,ANM,WE,Towers with Radar,0,10,26,3,39,0,0,33,135,168,0,10,59,138,207,2,184,186,393
06/14/2018,PUB,CO,ANM,WE,Towers with Radar,0,11,25,0,36,0,0,53,140,193,0,11,78,140,229,8,163,171,400
06/15/2018,PUB,CO,ANM,WE,Towers with Radar,4,13,30,16,63,2,1,39,230,272,6,14,69,246,335,14,178,192,527
06/16/2018,PUB,CO,ANM,WE,Towers with Radar,0,5,9,13,27,0,7,34,2,43,0,12,43,15,70,54,10,64,134
06/17/2018,PUB,CO,ANM,WE,Towers with Radar,0,3,11,0,14,0,0,14,4,18,0,3,25,4,32,22,0,22,54
06/18/2018,PUB,CO,ANM,WE,Towers with Radar,0,23,26,6,55,0,8,19,276,303,0,31,45,282,358,0,298,298,656
06/19/2018,PUB,CO,ANM,WE,Towers with Radar,0,9,13,1,23,0,0,15,206,221,0,9,28,207,244,30,380,410,654
06/20/2018,PUB,CO,ANM,WE,Towers with Radar,0,12,12,0,24,0,5,39,225,269,0,17,51,225,293,6,328,334,627
06/21/2018,PUB,CO,ANM,WE,Towers with Radar,0,13,20,2,35,0,2,31,283,316,0,15,51,285,351,22,222,244,595
06/22/2018,PUB,CO,ANM,WE,Towers with Radar,4,9,25,10,48,0,2,19,437,458,4,11,44,447,506,0,318,318,824
06/23/2018,PUB,CO,ANM,WE,Towers with Radar,0,4,15,0,19,0,4,61,7,72,0,8,76,7,91,18,26,44,135
06/24/2018,PUB,CO,ANM,WE,Towers with Radar,2,5,22,2,31,0,0,14,0,14,2,5,36,2,45,0,0,0,45
06/25/2018,PUB,CO,ANM,WE,Towers with Radar,3,6,24,4,37,0,0,31,292,323,3,6,55,296,360,10,320,330,690
06/26/2018,PUB,CO,ANM,WE,Towers with Radar,0,11,16,0,27,0,3,37,306,346,0,14,53,306,373,42,498,540,913
06/27/2018,PUB,CO,ANM,WE,Towers with Radar,2,12,15,0,29,0,10,46,250,306,2,22,61,250,335,0,340,340,675
06/28/2018,PUB,CO,ANM,WE,Towers with Radar,3,7,17,2,29,0,5,62,239,306,3,12,79,241,335,8,294,302,637
06/29/2018,PUB,CO,ANM,WE,Towers with Radar,0,12,15,11,38,0,6,33,196,235,0,18,48,207,273,10,222,232,505
06/30/2018,PUB,CO,ANM,WE,Towers with Radar,0,7,18,2,27,1,2,59,4,66,1,9,77,6,93,4,0,4,97
07/01/2018,PUB,CO,ANM,WE,Towers with Radar,0,3,16,3,22,0,4,49,0,53,0,7,65,3,75,18,0,18,93
07/02/2018,PUB,CO,ANM,WE,Towers with Radar,0,10,11,0,21,0,0,54,350,404,0,10,65,350,425,18,448,466,891
07/03/2018,PUB,CO,ANM,WE,Towers with Radar,2,15,11,5,33,0,5,29,305,339,2,20,40,310,372,0,569,569,941
07/04/2018,PUB,CO,ANM,WE,Towers with Radar,0,7,11,0,18,0,0,42,0,42,0,7,53,0,60,38,0,38,98
07/05/2018,PUB,CO,ANM,WE,Towers with Radar,0,13,28,0,41,0,3,36,248,287,0,16,64,248,328,2,448,450,778
07/06/2018,PUB,CO,ANM,WE,Towers with Radar,2,12,24,4,42,0,8,42,259,309,2,20,66,263,351,28,274,302,653
07/07/2018,PUB,CO,ANM,WE,Towers with Radar,1,9,16,0,26,0,3,27,10,40,1,12,43,10,66,2,0,2,68
07/08/2018,PUB,CO,ANM,WE,Towers with Radar,0,20,13,6,39,0,2,34,2,38,0,22,47,8,77,12,14,26,103
07/09/2018,PUB,CO,ANM,WE,Towers with Radar,0,9,12,0,21,0,2,40,290,332,0,11,52,290,353,48,382,430,783
07/10/2018,PUB,CO,ANM,WE,Towers with Radar,0,15,25,0,40,0,5,50,329,384,0,20,75,329,424,12,522,534,958
07/11/2018,PUB,CO,ANM,WE,Towers with Radar,0,13,22,3,38,0,3,30,203,236,0,16,52,206,274,2,267,269,543
07/12/2018,PUB,CO,ANM,WE,Towers with Radar,0,10,16,2,28,0,0,33,251,284,0,10,49,253,312,8,388,396,708
07/13/2018,PUB,CO,ANM,WE,Towers with Radar,4,14,30,3,51,0,4,39,209,252,4,18,69,212,303,4,444,448,751
07/14/2018,PUB,CO,ANM,WE,Towers with Radar,0,4,15,7,26,0,6,55,15,76,0,10,70,22,102,27,30,57,159
07/15/2018,PUB,CO,ANM,WE,Towers with Radar,0,4,24,19,47,0,0,25,6,31,0,4,49,25,78,68,18,86,164
07/16/2018,PUB,CO,ANM,WE,Towers with Radar,0,11,12,0,23,0,0,7,182,189,0,11,19,182,212,0,258,258,470
07/17/2018,PUB,CO,ANM,WE,Towers with Radar,0,17,13,3,33,0,1,27,804,832,0,18,40,807,865,22,430,452,1317
07/18/2018,PUB,CO,ANM,WE,Towers with Radar,0,8,20,1,29,0,8,32,1091,1131,0,16,52,1092,1160,4,446,450,1610
07/19/2018,PUB,CO,ANM,WE,Towers with Radar,2,16,23,0,41,0,10,29,267,306,2,26,52,267,347,0,420,420,767
07/20/2018,PUB,CO,ANM,WE,Towers with Radar,0,9,7,22,38,0,4,22,245,271,0,13,29,267,309,2,302,304,613
07/21/2018,PUB,CO,ANM,WE,Towers with Radar,0,12,27,8,47,0,2,36,4,42,0,14,63,12,89,19,0,19,108
07/22/2018,PUB,CO,ANM,WE,Towers with Radar,0,4,10,2,16,0,0,18,1,19,0,4,28,3,35,8,0,8,43
07/23/2018,PUB,CO,ANM,WE,Towers with Radar,0,10,8,2,20,0,0,23,268,291,0,10,31,270,311,4,224,228,539
07/24/2018,PUB,CO,ANM,WE,Towers with Radar,0,14,14,4,32,0,0,12,291,303,0,14,26,295,335,16,366,382,717
07/25/2018,PUB,CO,ANM,WE,Towers with Radar,0,13,11,2,26,0,0,38,282,320,0,13,49,284,346,6,244,250,596
07/26/2018,PUB,CO,ANM,WE,Towers with Radar,2,14,29,1,46,0,0,23,218,241,2,14,52,219,287,44,260,304,591
07/27/2018,PUB,CO,ANM,WE,Towers with Radar,4,15,13,2,34,0,2,22,236,260,4,17,35,238,294,12,302,314,608
07/28/2018,PUB,CO,ANM,WE,Towers with Radar,0,7,15,0,22,0,3,37,3,43,0,10,52,3,65,44,0,44,109
07/29/2018,PUB,CO,ANM,WE,Towers with Radar,0,3,23,14,40,0,0,19,3,22,0,3,42,17,62,2,6,8,70
07/30/2018,PUB,CO,ANM,WE,Towers with Radar,0,10,22,0,32,0,1,43,196,240,0,11,65,196,272,0,375,375,647
07/31/2018,PUB,CO,ANM,WE,Towers with Radar,0,12,14,1,27,0,1,31,325,357,0,13,45,326,384,60,400,460,844
08/01/2018,PUB,CO,ANM,WE,Towers with Radar,0,13,28,0,41,0,3,35,354,392,0,16,63,354,433,0,523,523,956
08/02/2018,PUB,CO,ANM,WE,Towers with Radar,0,11,18,4,33,0,2,39,283,324,0,13,57,287,357,18,438,456,813
08/03/2018,PUB,CO,ANM,WE,Towers with Radar,0,14,15,0,29,0,0,29,217,246,0,14,44,217,275,14,330,344,619
08/04/2018,PUB,CO,ANM,WE,Towers with Radar,0,4,17,0,21,0,1,57,2,60,0,5,74,2,81,38,0,38,119
08/05/2018,PUB,CO,ANM,WE,Towers with Radar,0,4,22,0,26,0,0,33,0,33,0,4,55,0,59,18,0,18,77
08/06/2018,PUB,CO,ANM,WE,Towers with Radar,2,11,25,4,42,0,0,43,287,330,2,11,68,291,372,40,554,594,966
08/07/2018,PUB,CO,ANM,WE,Towers with Radar,0,10,26,8,44,0,1,36,1121,1158,0,11,62,1129,1202,4,540,544,1746
08/08/2018,PUB,CO,ANM,WE,Towers with Radar,0,21,32,1,54,0,1,28,735,764,0,22,60,736,818,4,376,380,1198
08/09/2018,PUB,CO,ANM,WE,Towers with Radar,2,11,22,1,36,0,2,47,323,372,2,13,69,324,408,34,420,454,862
08/10/2018,PUB,CO,ANM,WE,Towers with Radar,2,7,34,0,43,0,0,29,253,282,2,7,63,253,325,6,250,256,581
08/11/2018,PUB,CO,ANM,WE,Towers with Radar,0,11,8,4,23,0,0,42,1,43,0,11,50,5,66,62,6,68,134
08/12/2018,PUB,CO,ANM,WE,Towers with Radar,0,9,19,1,29,0,4,26,1,31,0,13,45,2,60,28,0,28,88
08/13/2018,PUB,CO,ANM,WE,Towers with Radar,0,11,24,3,38,0,2,27,310,339,0,13,51,313,377,2,488,490,867
08/14/2018,PUB,CO,ANM,WE,Towers with Radar,0,8,31,6,45,0,1,34,251,286,0,9,65,257,331,6,586,592,923
08/15/2018,PUB,CO,ANM,WE,Towers with Radar,0,11,25,3,39,0,1,29,298,328,0,12,54,301,367,36,460,496,863
08/16/2018,PUB,CO,ANM,WE,Towers with Radar,0,11,8,2,21,0,2,42,283,327,0,13,50,285,348,36,546,582,930
08/17/2018,PUB,CO,ANM,WE,Towers with Radar,2,11,21,0,34,0,0,23,177,200,2,11,44,177,234,30,464,494,728
08/18/2018,PUB,CO,ANM,WE,Towers with Radar,2,6,13,0,21,0,2,13,0,15,2,8,26,0,36,16,0,16,52
08/19/2018,PUB,CO,ANM,WE,Towers with Radar,0,6,24,3,33,0,0,47,6,53,0,6,71,9,86,64,10,74,160
08/20/2018,PUB,CO,ANM,WE,Towers with Radar,0,11,31,2,44,0,0,49,321,370,0,11,80,323,414,68,381,449,863
08/21/2018,PUB,CO,ANM,WE,Towers with Radar,0,10,16,1,27,0,1,15,342,358,0,11,31,343,385,8,612,620,1005
08/22/2018,PUB,CO,ANM,WE,Towers with Radar,2,7,25,1,35,0,0,5,166,171,2,7,30,167,206,2,344,346,552
08/23/2018,PUB,CO,ANM,WE,Towers with Radar,2,13,21,0,36,0,0,27,345,372,2,13,48,345,408,34,700,734,1142
08/24/2018,PUB,CO,ANM,WE,Towers with Radar,0,13,13,21,47,0,0,34,263,297,0,13,47,284,344,10,412,422,766
08/25/2018,PUB,CO,ANM,WE,Towers with Radar,0,6,15,6,27,0,7,50,244,301,0,13,65,250,328,26,208,234,562
08/26/2018,PUB,CO,ANM,WE,Towers with Radar,2,5,25,1,33,0,3,36,6,45,2,8,61,7,78,26,0,26,104
08/27/2018,PUB,CO,ANM,WE,Towers with Radar,0,11,9,8,28,0,2,12,321,335,0,13,21,329,363,10,382,392,755
08/28/2018,PUB,CO,ANM,WE,Towers with Radar,0,8,19,7,34,0,0,25,365,390,0,8,44,372,424,30,404,434,858
08/29/2018,PUB,CO,ANM,WE,Towers with Radar,2,11,23,13,49,0,0,27,340,367,2,11,50,353,416,6,462,468,884
08/30/2018,PUB,CO,ANM,WE,Towers with Radar,6,13,23,0,42,0,2,28,297,327,6,15,51,297,369,32,332,364,733
08/31/2018,PUB,CO,ANM,WE,Towers with Radar,0,16,12,1,29,0,2,32,198,232,0,18,44,199,261,10,412,422,683
09/01/2018,PUB,CO,ANM,WE,Towers with Radar,0,4,17,0,21,0,4,53,9,66,0,8,70,9,87,38,18,56,143
09/02/2018,PUB,CO,ANM,WE,Towers with Radar,0,4,6,0,10,0,1,23,5,29,0,5,29,5,39,18,0,18,57
09/03/2018,PUB,CO,ANM,WE,Towers with Radar,0,18,14,0,32,0,0,29,0,29,0,18,43,0,61,10,2,12,73
09/04/2018,PUB,CO,ANM,WE,Towers with Radar,0,11,14,2,27,0,1,26,269,296,0,12,40,271,323,6,706,712,1035
09/05/2018,PUB,CO,ANM,WE,Towers with Radar,0,11,14,0,25,0,0,13,105,118,0,11,27,105,143,16,364,380,523
09/06/2018,PUB,CO,ANM,WE,Towers with Radar,0,13,25,8,46,0,4,12,187,203,0,17,37,195,249,12,416,428,677
09/07/2018,PUB,CO,ANM,WE,Towers with Radar,5,12,16,8,41,0,2,19,203,224,5,14,35,211,265,2,416,418,683
09/08/2018,PUB,CO,ANM,WE,Towers with Radar,0,6,15,10,31,0,2,23,9,34,0,8,38,19,65,8,0,8,73
09/09/2018,PUB,CO,ANM,WE,Towers with Radar,0,5,18,0,23,0,3,26,7,36,0,8,44,7,59,10,10,20,79
09/10/2018,PUB,CO,ANM,WE,Towers with Radar,0,7,12,0,19,0,1,19,349,369,0,8,31,349,388,24,540,564,952
09/11/2018,PUB,CO,ANM,WE,Towers with Radar,0,10,11,5,26,0,1,18,323,342,0,11,29,328,368,6,518,524,892
09/12/2018,PUB,CO,ANM,WE,Towers with Radar,4,14,25,0,43,0,4,29,308,341,4,18,54,308,384,0,452,452,836
09/13/2018,PUB,CO,ANM,WE,Towers with Radar,0,15,20,6,41,0,6,12,330,348,0,21,32,336,389,10,484,494,883
09/14/2018,PUB,CO,ANM,WE,Towers with Radar,3,11,20,9,43,0,1,16,266,283,3,12,36,275,326,6,360,366,692
09/15/2018,PUB,CO,ANM,WE,Towers with Radar,0,5,12,8,25,0,4,44,10,58,0,9,56,18,83,26,14,40,123
09/16/2018,PUB,CO,ANM,WE,Towers with Radar,0,4,27,2,33,0,3,48,3,54,0,7,75,5,87,38,0,38,125
09/17/2018,PUB,CO,ANM,WE,Towers with Radar,0,9,17,2,28,0,4,29,337,370,0,13,46,339,398,0,366,366,764
09/18/2018,PUB,CO,ANM,WE,Towers with Radar,0,13,9,0,22,0,5,29,322,356,0,18,38,322,378,24,682,706,1084
09/19/2018,PUB,CO,ANM,WE,Towers with Radar,0,11,22,2,35,0,6,24,261,291,0,17,46,263,326,24,608,632,958
09/20/2018,PUB,CO,ANM,WE,Towers with Radar,0,14,8,0,22,0,6,15,305,326,0,20,23,305,348,6,588,594,942
09/21/2018,PUB,CO,ANM,WE,Towers with Radar,0,13,10,6,29,0,1,13,216,230,0,14,23,222,259,6,486,492,751
09/22/2018,PUB,CO,ANM,WE,Towers with Radar,0,4,14,0,18,0,0,35,4,39,0,4,49,4,57,24,0,24,81
09/23/2018,PUB,CO,ANM,WE,Towers with Radar,0,13,11,18,42,0,4,49,17,70,0,17,60,35,112,14,32,46,158
09/24/2018,PUB,CO,ANM,WE,Towers with Radar,2,11,15,8,36,1,1,37,325,364,3,12,52,333,400,16,508,524,924
09/25/2018,PUB,CO,ANM,WE,Towers with Radar,0,17,23,0,40,0,3,17,204,224,0,20,40,204,264,12,208,220,484
09/26/2018,PUB,CO,ANM,WE,Towers with Radar,0,11,11,0,22,2,9,33,352,396,2,20,44,352,418,20,636,656,1074
09/27/2018,PUB,CO,ANM,WE,Towers with Radar,1,12,14,2,29,0,4,38,343,385,1,16,52,345,414,32,578,610,1024
09/28/2018,PUB,CO,ANM,WE,Towers with Radar,2,13,27,5,47,0,3,42,147,192,2,16,69,152,239,26,354,380,619
09/29/2018,PUB,CO,ANM,WE,Towers with Radar,0,8,18,8,34,0,2,26,8,36,0,10,44,16,70,2,0,2,72
09/30/2018,PUB,CO,ANM,WE,Towers with Radar,0,9,18,1,28,0,6,45,1,52,0,15,63,2,80,26,0,26,106
10/01/2018,PUB,CO,ANM,WE,Towers with Radar,0,11,11,0,22,0,0,24,277,301,0,11,35,277,323,0,560,560,883
10/02/2018,PUB,CO,ANM,WE,Towers with Radar,0,15,17,2,34,0,0,21,359,380,0,15,38,361,414,10,370,380,794
10/03/2018,PUB,CO,ANM,WE,Towers with Radar,0,12,13,4,29,0,2,41,173,216,0,14,54,177,245,2,174,176,421
10/04/2018,PUB,CO,ANM,WE,Towers with Radar,2,11,24,0,37,0,5,27,252,284,2,16,51,252,321,14,258,272,593
10/05/2018,PUB,CO,ANM,WE,Towers with Radar,0,25,33,4,62,0,0,35,231,266,0,25,68,235,328,12,284,296,624
10/06/2018,PUB,CO,ANM,WE,Towers with Radar,0,5,8,0,13,0,0,10,0,10,0,5,18,0,23,20,0,20,43
10/07/2018,PUB,CO,ANM,WE,Towers with Radar,0,8,18,0,26,0,0,2,0,2,0,8,20,0,28,0,0,0,28
10/08/2018,PUB,CO,ANM,WE,Towers with Radar,2,10,26,0,38,0,0,1,0,1,2,10,27,0,39,0,0,0,39
10/09/2018,PUB,CO,ANM,WE,Towers with Radar,0,15,7,0,22,0,0,6,0,6,0,15,13,0,28,2,0,2,30
10/10/2018,PUB,CO,ANM,WE,Towers with Radar,0,10,14,6,30,0,0,0,65,65,0,10,14,71,95,0,320,320,415
10/11/2018,PUB,CO,ANM,WE,Towers with Radar,0,15,12,0,27,0,1,1,37,39,0,16,13,37,66,0,316,316,382
10/12/2018,PUB,CO,ANM,WE,Towers with Radar,2,11,28,10,51,0,0,26,236,262,2,11,54,246,313,15,402,417,730
10/13/2018,PUB,CO,ANM,WE,Towers with Radar,0,7,25,4,36,0,1,46,204,251,0,8,71,208,287,22,290,312,599
10/14/2018,PUB,CO,ANM,WE,Towers with Radar,0,5,7,0,12,0,0,2,0,2,0,5,9,0,14,0,0,0,14
10/15/2018,PUB,CO,ANM,WE,Towers with Radar,0,13,21,6,40,0,2,20,302,324,0,15,41,308,364,10,610,620,984
10/16/2018,PUB,CO,ANM,WE,Towers with Radar,0,14,13,2,29,2,0,47,315,364,2,14,60,317,393,36,454,490,883
10/17/2018,PUB,CO,ANM,WE,Towers with Radar,0,11,13,18,42,0,0,24,290,314,0,11,37,308,356,32,468,500,856
10/18/2018,PUB,CO,ANM,WE,Towers with Radar,0,17,23,2,42,0,2,29,301,332,0,19,52,303,374,4,515,519,893
10/19/2018,PUB,CO,ANM,WE,Towers with Radar,0,12,18,0,30,0,1,14,221,236,0,13,32,221,266,14,240,254,520
10/20/2018,PUB,CO,ANM,WE,Towers with Radar,0,5,7,13,25,0,2,33,8,43,0,7,40,21,68,24,12,36,104
10/21/2018,PUB,CO,ANM,WE,Towers with Radar,0,3,11,0,14,0,3,33,0,36,0,6,44,0,50,50,26,76,126
10/22/2018,PUB,CO,ANM,WE,Towers with Radar,0,11,19,3,33,0,0,21,356,377,0,11,40,359,410,8,482,490,900
10/23/2018,PUB,CO,ANM,WE,Towers with Radar,0,14,12,2,28,0,0,32,321,353,0,14,44,323,381,14,550,564,945
10/24/2018,PUB,CO,ANM,WE,Towers with Radar,0,13,14,2,29,0,0,0,0,0,0,13,14,2,29,0,0,0,29
10/25/2018,PUB,CO,ANM,WE,Towers with Radar,4,11,24,4,43,0,2,42,263,307,4,13,66,267,350,22,442,464,814
10/26/2018,PUB,CO,ANM,WE,Towers with Radar,0,13,14,2,29,0,0,33,253,286,0,13,47,255,315,20,280,300,615
10/27/2018,PUB,CO,ANM,WE,Towers with Radar,2,7,19,6,34,0,0,50,160,210,2,7,69,166,244,4,268,272,516
10/28/2018,PUB,CO,ANM,WE,Towers with Radar,2,5,25,0,32,0,0,64,0,64,2,5,89,0,96,4,6,10,106
10/29/2018,PUB,CO,ANM,WE,Towers with Radar,0,11,26,0,37,0,0,28,269,297,0,11,54,269,334,4,542,546,880
10/30/2018,PUB,CO,ANM,WE,Towers with Radar,2,13,24,2,41,0,1,4,277,282,2,14,28,279,323,0,642,642,965
10/31/2018,PUB,CO,ANM,WE,Towers with Radar,0,11,1,4,16,0,0,1,70,71,0,11,2,74,87,0,172,172,259
11/01/2018,PUB,CO,ANM,WE,Towers with Radar,0,12,22,6,40,0,3,42,279,324,0,15,64,285,364,6,366,372,736
11/02/2018,PUB,CO,ANM,WE,Towers with Radar,0,18,11,0,29,0,0,33,254,287,0,18,44,254,316,12,390,402,718
11/03/2018,PUB,CO,ANM,WE,Towers with Radar,0,6,19,0,25,0,0,6,6,12,0,6,25,6,37,0,8,8,45
11/04/2018,PUB,CO,ANM,WE,Towers with Radar,0,5,14,4,23,0,0,26,10,36,0,5,40,14,59,10,30,40,99
11/05/2018,PUB,CO,ANM,WE,Towers with Radar,0,10,7,0,17,0,1,14,292,307,0,11,21,292,324,0,474,474,798
11/06/2018,PUB,CO,ANM,WE,Towers with Radar,0,10,19,9,38,0,1,21,1000,1022,0,11,40,1009,1060,20,503,523,1583
11/07/2018,PUB,CO,ANM,WE,Towers with Radar,0,15,20,5,40,0,0,20,1060,1080,0,15,40,1065,1120,8,476,484,1604
11/08/2018,PUB,CO,ANM,WE,Towers with Radar,1,11,12,1,25,0,1,19,139,159,1,12,31,140,184,26,450,476,660
11/09/2018,PUB,CO,ANM,WE,Towers with Radar,0,11,12,20,43,0,0,36,235,271,0,11,48,255,314,0,544,544,858
11/10/2018,PUB,CO,ANM,WE,Towers with Radar,0,5,14,11,30,0,0,51,15,66,0,5,65,26,96,12,2,14,110
11/11/2018,PUB,CO,ANM,WE,Towers with Radar,0,3,7,0,10,0,0,0,0,0,0,3,7,0,10,0,0,0,10
11/12/2018,PUB,CO,ANM,WE,Towers with Radar,0,10,11,0,21,0,0,13,1,14,0,10,24,1,35,4,2,6,41
11/13/2018,PUB,CO,ANM,WE,Towers with Radar,0,11,16,0,27,0,1,22,326,349,0,12,38,326,376,4,508,512,888
11/14/2018,PUB,CO,ANM,WE,Towers with Radar,0,12,17,4,33,0,2,37,330,369,0,14,54,334,402,10,452,462,864
11/15/2018,PUB,CO,ANM,WE,Towers with Radar,0,11,20,15,46,0,2,41,286,329,0,13,61,301,375,24,518,542,917
11/16/2018,PUB,CO,ANM,WE,Towers with Radar,0,9,19,2,30,0,0,25,245,270,0,9,44,247,300,26,384,410,710
11/17/2018,PUB,CO,ANM,WE,Towers with Radar,0,5,7,2,14,0,0,5,60,65,0,5,12,62,79,4,348,352,431
11/18/2018,PUB,CO,ANM,WE,Towers with Radar,0,4,13,0,17,0,0,21,2,23,0,4,34,2,40,32,0,32,72
11/19/2018,PUB,CO,ANM,WE,Towers with Radar,0,8,21,12,41,0,0,34,319,353,0,8,55,331,394,4,720,724,1118
11/20/2018,PUB,CO,ANM,WE,Towers with Radar,0,9,15,0,24,0,3,39,296,338,0,12,54,296,362,10,602,612,974
11/21/2018,PUB,CO,ANM,WE,Towers with Radar,0,14,18,0,32,0,0,40,261,301,0,14,58,261,333,10,430,440,773
11/22/2018,PUB,CO,ANM,WE,Towers with Radar,2,4,3,0,9,0,0,28,0,28,2,4,31,0,37,2,0,2,39
11/23/2018,PUB,CO,ANM,WE,Towers with Radar,0,11,7,0,18,0,6,8,0,14,0,17,15,0,32,10,0,10,42
11/24/2018,PUB,CO,ANM,WE,Towers with Radar,1,10,10,0,21,0,0,24,0,24,1,10,34,0,45,10,0,10,55
11/25/2018,PUB,CO,ANM,WE,Towers with Radar,0,8,18,0,26,0,0,43,0,43,0,8,61,0,69,20,0,20,89
11/26/2018,PUB,CO,ANM,WE,Towers with Radar,0,11,3,1,15,0,2,16,277,295,0,13,19,278,310,0,484,484,794
11/27/2018,PUB,CO,ANM,WE,Towers with Radar,0,11,19,3,33,0,7,20,312,339,0,18,39,315,372,2,378,380,752
11/28/2018,PUB,CO,ANM,WE,Towers with Radar,0,11,8,0,19,0,0,33,296,329,0,11,41,296,348,8,406,414,762
11/29/2018,PUB,CO,ANM,WE,Towers with Radar,1,13,11,2,27,0,3,23,306,332,1,16,34,308,359,14,454,468,827
11/30/2018,PUB,CO,ANM,WE,Towers with Radar,5,15,6,4,30,0,0,13,256,269,5,15,19,260,299,10,266,276,575
12/01/2018,PUB,CO,ANM,WE,Towers with Radar,1,6,14,0,21,0,1,26,145,172,1,7,40,145,193,2,191,193,386
12/02/2018,PUB,CO,ANM,WE,Towers with Radar,0,4,15,0,19,0,0,22,2,24,0,4,37,2,43,16,0,16,59
12/03/2018,PUB,CO,ANM,WE,Towers with Radar,0,14,16,0,30,0,0,7,200,207,0,14,23,200,237,0,410,410,647
12/04/2018,PUB,CO,ANM,WE,Towers with Radar,0,9,8,12,29,0,0,44,182,226,0,9,52,194,255,4,372,376,631
12/05/2018,PUB,CO,ANM,WE,Towers with Radar,0,14,16,7,37,0,0,29,299,328,0,14,45,306,365,10,860,870,1235
12/06/2018,PUB,CO,ANM,WE,Towers with Radar,1,9,17,0,27,0,2,11,140,153,1,11,28,140,180,6,818,824,1004
12/07/2018,PUB,CO,ANM,WE,Towers with Radar,0,8,19,0,27,1,2,19,218,240,1,10,38,218,267,20,502,522,789
12/08/2018,PUB,CO,ANM,WE,Towers with Radar,0,4,13,16,33,0,0,42,71,113,0,4,55,87,146,34,144,178,324
12/09/2018,PUB,CO,ANM,WE,Towers with Radar,0,5,12,8,25,0,2,71,0,73,0,7,83,8,98,10,4,14,112
12/10/2018,PUB,CO,ANM,WE,Towers with Radar,0,10,16,3,29,0,1,36,660,697,0,11,52,663,726,16,528,544,1270
12/11/2018,PUB,CO,ANM,WE,Towers with Radar,0,11,8,0,19,0,0,16,529,545,0,11,24,529,564,2,146,148,712
12/12/2018,PUB,CO,ANM,WE,Towers with Radar,0,8,6,3,17,0,0,14,460,474,0,8,20,463,491,6,130,136,627
12/13/2018,PUB,CO,ANM,WE,Towers with Radar,0,17,16,8,41,0,1,7,264,272,0,18,23,272,313,12,270,282,595
12/14/2018,PUB,CO,ANM,WE,Towers with Radar,0,12,12,3,27,0,0,27,249,276,0,12,39,252,303,16,490,506,809
12/15/2018,PUB,CO,ANM,WE,Towers with Radar,0,4,11,0,15,0,0,39,57,96,0,4,50,57,111,14,124,138,249
12/16/2018,PUB,CO,ANM,WE,Towers with Radar,0,6,15,0,21,0,0,39,0,39,0,6,54,0,60,40,0,40,100
12/17/2018,PUB,CO,ANM,WE,Towers with Radar,0,9,21,2,32,0,1,34,204,239,0,10,55,206,271,16,430,446,717
12/18/2018,PUB,CO,ANM,WE,Towers with Radar,0,9,14,0,23,0,0,63,139,202,0,9,77,139,225,10,234,244,469
12/19/2018,PUB,CO,ANM,WE,Towers with Radar,0,8,11,0,19,0,1,7,91,99,0,9,18,91,118,0,92,92,210
12/20/2018,PUB,CO,ANM,WE,Towers with Radar,0,11,30,8,49,0,8,39,82,129,0,19,69,90,178,8,68,76,254
12/21/2018,PUB,CO,ANM,WE,Towers with Radar,0,12,12,1,25,0,0,17,47,64,0,12,29,48,89,12,32,44,133
12/22/2018,PUB,CO,ANM,WE,Towers with Radar,0,9,15,0,24,0,2,21,0,23,0,11,36,0,47,6,0,6,53
12/23/2018,PUB,CO,ANM,WE,Towers with Radar,0,4,4,0,8,0,0,18,0,18,0,4,22,0,26,17,0,17,43
12/24/2018,PUB,CO,ANM,WE,Towers with Radar,0,6,6,0,12,0,2,22,4,28,0,8,28,4,40,20,0,20,60
12/25/2018,PUB,CO,ANM,WE,Towers with Radar,0,4,1,0,5,0,0,7,0,7,0,4,8,0,12,0,0,0,12
12/26/2018,PUB,CO,ANM,WE,Towers with Radar,0,16,29,0,45,0,5,10,17,32,0,21,39,17,77,2,50,52,129
12/27/2018,PUB,CO,ANM,WE,Towers with Radar,0,11,15,2,28,0,0,2,4,6,0,11,17,6,34,0,0,0,34
12/28/2018,PUB,CO,ANM,WE,Towers with Radar,0,9,25,2,36,0,0,25,45,70,0,9,50,47,106,6,68,74,180
12/29/2018,PUB,CO,ANM,WE,Towers with Radar,0,4,20,0,24,0,0,44,0,44,0,4,64,0,68,4,0,4,72
12/30/2018,PUB,CO,ANM,WE,Towers with Radar,0,3,12,0,15,0,0,36,0,36,0,3,48,0,51,36,0,36,87
12/31/2018,PUB,CO,ANM,WE,Towers with Radar,0,7,5,0,12,0,0,0,0,0,0,7,5,0,12,0,0,0,12
01/01/2019,PUB,CO,ANM,WE,Towers with Radar,0,4,13,0,17,0,0,4,0,4,0,4,17,0,21,0,0,0,21
01/02/2019,PUB,CO,ANM,WE,Towers with Radar,0,12,26,0,38,0,0,24,56,80,0,12,50,56,118,8,54,62,180
01/03/2019,PUB,CO,ANM,WE,Towers with Radar,1,11,16,0,28,0,2,28,100,130,1,13,44,100,158,19,74,93,251
01/04/2019,PUB,CO,ANM,WE,Towers with Radar,0,12,8,3,23,0,0,36,90,126,0,12,44,93,149,6,106,112,261
01/05/2019,PUB,CO,ANM,WE,Towers with Radar,0,9,17,0,26,0,3,63,6,72,0,12,80,6,98,56,0,56,154
01/06/2019,PUB,CO,ANM,WE,Towers with Radar,0,10,20,0,30,0,0,21,0,21,0,10,41,0,51,12,0,12,63
01/07/2019,PUB,CO,ANM,WE,Towers with Radar,0,9,1,0,10,0,2,8,20,30,0,11,9,20,40,0,10,10,50
01/08/2019,PUB,CO,ANM,WE,Towers with Radar,0,12,30,0,42,0,2,42,232,276,0,14,72,232,318,8,214,222,540
01/09/2019,PUB,CO,ANM,WE,Towers with Radar,0,19,11,11,41,0,0,49,246,295,0,19,60,257,336,2,316,318,654
01/10/2019,PUB,CO,ANM,WE,Towers with Radar,0,9,14,1,24,0,2,26,216,244,0,11,40,217,268,2,262,264,532
01/11/2019,PUB,CO,ANM,WE,Towers with Radar,0,8,14,0,22,0,1,0,0,1,0,9,14,0,23,0,0,0,23
01/12/2019,PUB,CO,ANM,WE,Towers with Radar,0,6,7,0,13,0,0,0,0,0,0,6,7,0,13,0,0,0,13
01/13/2019,PUB,CO,ANM,WE,Towers with Radar,0,2,15,0,17,0,0,13,0,13,0,2,28,0,30,4,0,4,34
01/14/2019,PUB,CO,ANM,WE,Towers with Radar,0,9,20,3,32,0,0,27,187,214,0,9,47,190,246,16,298,314,560
01/15/2019,PUB,CO,ANM,WE,Towers with Radar,0,12,21,5,38,0,0,46,286,332,0,12,67,291,370,26,634,660,1030
01/16/2019,PUB,CO,ANM,WE,Towers with Radar,0,13,21,2,36,0,1,19,219,239,0,14,40,221,275,6,404,410,685
01/17/2019,PUB,CO,ANM,WE,Towers with Radar,0,9,9,2,20,0,3,58,229,290,0,12,67,231,310,16,770,786,1096
01/18/2019,PUB,CO,ANM,WE,Towers with Radar,0,11,13,6,30,0,1,6,35,42,0,12,19,41,72,2,60,62,134
01/19/2019,PUB,CO,ANM,WE,Towers with Radar,2,11,14,0,27,0,2,34,12,48,2,13,48,12,75,42,22,64,139
01/20/2019,PUB,CO,ANM,WE,Towers with Radar,0,8,17,4,29,0,3,53,7,63,0,11,70,11,92,34,34,68,160
01/21/2019,PUB,CO,ANM,WE,Towers with Radar,0,10,22,7,39,0,1,8,0,9,0,11,30,7,48,0,0,0,48
01/22/2019,PUB,CO,ANM,WE,Towers with Radar,0,6,3,0,9,0,0,1,0,1,0,6,4,0,10,0,0,0,10
01/23/2019,PUB,CO,ANM,WE,Towers with Radar,0,12,16,0,28,0,3,23,121,147,0,15,39,121,175,10,126,136,311
01/24/2019,PUB,CO,ANM,WE,Towers with Radar,0,7,13,0,20,0,0,10,160,170,0,7,23,160,190,0,311,311,501
01/25/2019,PUB,CO,ANM,WE,Towers with Radar,0,9,10,0,19,0,0,27,334,361,0,9,37,334,380,12,452,464,844
01/26/2019,PUB,CO,ANM,WE,Towers with Radar,0,5,25,8,38,0,0,29,194,223,0,5,54,202,261,10,434,444,705
01/27/2019,PUB,CO,ANM,WE,Towers with Radar,0,3,18,0,21,0,0,31,2,33,0,3,49,2,54,18,0,18,72
01/28/2019,PUB,CO,ANM,WE,Towers with Radar,3,7,6,0,16,0,0,0,50,50,3,7,6,50,66,0,78,78,144
01/29/2019,PUB,CO,ANM,WE,Towers with Radar,0,13,19,1,33,1,2,29,359,391,1,15,48,360,424,10,604,614,1038
01/30/2019,PUB,CO,ANM,WE,Towers with Radar,0,9,16,0,25,0,3,50,356,409,0,12,66,356,434,148,464,612,1046
01/31/2019,PUB,CO,ANM,WE,Towers with Radar,0,11,24,1,36,0,1,34,358,393,0,12,58,359,429,30,502,532,961
02/01/2019,PUB,CO,ANM,WE,Towers with Radar,2,12,13,21,48,0,2,31,277,310,2,14,44,298,358,8,448,456,814
02/02/2019,PUB,CO,ANM,WE,Towers with Radar,0,5,11,12,28,0,1,27,8,36,0,6,38,20,64,32,6,38,102
02/03/2019,PUB,CO,ANM,WE,Towers with Radar,0,4,9,8,21,0,1,5,4,10,0,5,14,12,31,2,0,2,33
02/04/2019,PUB,CO,ANM,WE,Towers with Radar,0,9,24,0,33,0,0,12,260,272,0,9,36,260,305,8,570,578,883
02/05/2019,PUB,CO,ANM,WE,Towers with Radar,0,8,35,2,45,0,1,15,232,248,0,9,50,234,293,2,132,134,427
02/06/2019,PUB,CO,ANM,WE,Towers with Radar,0,13,30,2,45,0,0,0,322,322,0,13,30,324,367,8,88,96,463
02/07/2019,PUB,CO,ANM,WE,Towers with Radar,0,5,21,1,27,0,5,21,663,689,0,10,42,664,716,18,456,474,1190
02/08/2019,PUB,CO,ANM,WE,Towers with Radar,0,11,30,6,47,0,0,29,245,274,0,11,59,251,321,14,504,518,839
02/09/2019,PUB,CO,ANM,WE,Towers with Radar,0,5,20,33,58,0,0,38,194,232,0,5,58,227,290,34,480,514,804
02/10/2019,PUB,CO,ANM,WE,Towers with Radar,0,4,12,2,18,0,0,37,2,39,0,4,49,4,57,38,0,38,95
02/11/2019,PUB,CO,ANM,WE,Towers with Radar,0,9,15,0,24,0,0,7,218,225,0,9,22,218,249,0,380,380,629
02/12/2019,PUB,CO,ANM,WE,Towers with Radar,0,11,28,0,39,0,0,43,1198,1241,0,11,71,1198,1280,12,836,848,2128
02/13/2019,PUB,CO,ANM,WE,Towers with Radar,0,16,7,0,23,0,0,14,361,375,0,16,21,361,398,0,478,478,876
02/14/2019,PUB,CO,ANM,WE,Towers with Radar,0,13,11,0,24,0,1,4,34,39,0,14,15,34,63,36,16,52,115
02/15/2019,PUB,CO,ANM,WE,Towers with Radar,0,12,25,0,37,0,1,37,276,314,0,13,62,276,351,14,502,516,867
02/16/2019,PUB,CO,ANM,WE,Towers with Radar,0,6,6,0,12,0,0,5,0,5,0,6,11,0,17,16,0,16,33
02/17/2019,PUB,CO,ANM,WE,Towers with Radar,2,3,19,1,25,0,2,42,2,46,2,5,61,3,71,10,0,10,81
02/18/2019,PUB,CO,ANM,WE,Towers with Radar,0,12,10,0,22,0,0,0,0,0,0,12,10,0,22,0,0,0,22
02/19/2019,PUB,CO,ANM,WE,Towers with Radar,0,10,10,1,21,0,0,1,57,58,0,10,11,58,79,0,272,272,351
02/20/2019,PUB,CO,ANM,WE,Towers with Radar,0,13,22,1,36,0,2,40,353,395,0,15,62,354,431,18,538,556,987
02/21/2019,PUB,CO,ANM,WE,Towers with Radar,2,14,25,4,45,0,3,34,349,386,2,17,59,353,431,12,688,700,1131
02/22/2019,PUB,CO,ANM,WE,Towers with Radar,4,14,32,0,50,0,4,6,143,153,4,18,38,143,203,6,382,388,591
02/23/2019,PUB,CO,ANM,WE,Towers with Radar,3,8,17,0,28,0,1,13,117,131,3,9,30,117,159,12,220,232,391
02/24/2019,PUB,CO,ANM,WE,Towers with Radar,0,3,20,0,23,0,2,57,0,59,0,5,77,0,82,40,0,40,122
02/25/2019,PUB,CO,ANM,WE,Towers with Radar,0,7,19,6,32,0,0,36,346,382,0,7,55,352,414,20,828,848,1262
02/26/2019,PUB,CO,ANM,WE,Towers with Radar,2,6,23,4,35,0,0,28,212,240,2,6,51,216,275,16,484,500,775
02/27/2019,PUB,CO,ANM,WE,Towers with Radar,0,10,17,7,34,0,0,5,8,13,0,10,22,15,47,10,22,32,79
02/28/2019,PUB,CO,ANM,WE,Towers with Radar,2,8,29,0,39,0,2,20,271,293,2,10,49,271,332,10,368,378,710
03/01/2019,PUB,CO,ANM,WE,Towers with Radar,1,12,29,2,44,0,2,32,253,287,1,14,61,255,331,8,474,482,813
03/02/2019,PUB,CO,ANM,WE,Towers with Radar,0,5,6,0,11,0,0,0,0,0,0,5,6,0,11,0,0,0,11
03/03/2019,PUB,CO,ANM,WE,Towers with Radar,0,2,7,0,9,0,0,0,0,0,0,2,7,0,9,0,0,0,9
03/04/2019,PUB,CO,ANM,WE,Towers with Radar,0,9,15,4,28,0,0,6,0,6,0,9,21,4,34,4,0,4,38
03/05/2019,PUB,CO,ANM,WE,Towers with Radar,0,9,21,1,31,0,1,15,398,414,0,10,36,399,445,0,790,790,1235
03/06/2019,PUB,CO,ANM,WE,Towers with Radar,0,14,34,2,50,0,0,45,328,373,0,14,79,330,423,10,796,806,1229
03/07/2019,PUB,CO,ANM,WE,Towers with Radar,0,11,20,2,33,0,0,12,96,108,0,11,32,98,141,0,182,182,323
03/08/2019,PUB,CO,ANM,WE,Towers with Radar,0,8,18,4,30,0,0,18,123,141,0,8,36,127,171,16,334,350,521
03/09/2019,PUB,CO,ANM,WE,Towers with Radar,0,7,21,25,53,0,0,16,56,72,0,7,37,81,125,4,4,8,133
03/10/2019,PUB,CO,ANM,WE,Towers with Radar,0,9,30,4,43,0,2,45,4,51,0,11,75,8,94,26,0,26,120
03/11/2019,PUB,CO,ANM,WE,Towers with Radar,0,8,20,1,29,0,0,26,349,375,0,8,46,350,404,16,598,614,1018
03/12/2019,PUB,CO,ANM,WE,Towers with Radar,0,12,16,0,28,0,1,20,375,396,0,13,36,375,424,8,758,766,1190
03/13/2019,PUB,CO,ANM,WE,Towers with Radar,0,4,4,0,8,0,0,0,0,0,0,4,4,0,8,0,0,0,8
03/14/2019,PUB,CO,ANM,WE,Towers with Radar,0,4,17,0,21,0,2,1,74,77,0,6,18,74,98,0,14,14,112
03/15/2019,PUB,CO,ANM,WE,Towers with Radar,0,20,12,2,34,0,6,33,333,372,0,26,45,335,406,8,920,928,1334
03/16/2019,PUB,CO,ANM,WE,Towers with Radar,0,4,31,8,43,0,7,45,209,261,0,11,76,217,304,16,612,628,932
03/17/2019,PUB,CO,ANM,WE,Towers with Radar,0,6,29,0,35,0,1,72,2,75,0,7,101,2,110,40,2,42,152
03/18/2019,PUB,CO,ANM,WE,Towers with Radar,0,7,18,8,33,0,2,27,338,367,0,9,45,346,400,10,1012,1022,1422
03/19/2019,PUB,CO,ANM,WE,Towers with Radar,0,12,12,1,25,0,2,4,884,890,0,14,16,885,915,0,848,848,1763
03/20/2019,PUB,CO,ANM,WE,Towers with Radar,0,10,14,21,45,0,2,43,1043,1088,0,12,57,1064,1133,38,676,714,1847
03/21/2019,PUB,CO,ANM,WE,Towers with Radar,0,13,15,5,33,0,0,32,281,313,0,13,47,286,346,0,644,644,990
03/22/2019,PUB,CO,ANM,WE,Towers with Radar,1,8,13,0,22,0,0,5,181,186,1,8,18,181,208,4,316,320,528
03/23/2019,PUB,CO,ANM,WE,Towers with Radar,0,6,26,0,32,0,2,30,7,39,0,8,56,7,71,36,0,36,107
03/24/2019,PUB,CO,ANM,WE,Towers with Radar,2,5,24,2,33,0,0,43,3,46,2,5,67,5,79,12,0,12,91
03/25/2019,PUB,CO,ANM,WE,Towers with Radar,0,9,21,10,40,0,1,35,264,300,0,10,56,274,340,22,836,858,1198
03/26/2019,PUB,CO,ANM,WE,Towers with Radar,0,13,27,2,42,0,3,27,232,262,0,16,54,234,304,6,378,384,688
03/27/2019,PUB,CO,ANM,WE,Towers with Radar,0,11,26,0,37,0,7,42,352,401,0,18,68,352,438,4,484,488,926
03/28/2019,PUB,CO,ANM,WE,Towers with Radar,1,8,15,0,24,0,1,21,291,313,1,9,36,291,337,4,466,470,807
03/29/2019,PUB,CO,ANM,WE,Towers with Radar,0,8,6,0,14,0,0,1,27,28,0,8,7,27,42,0,94,94,136
03/30/2019,PUB,CO,ANM,WE,Towers with Radar,0,6,9,8,23,0,1,6,6,13,0,7,15,14,36,0,2,2,38
03/31/2019,PUB,CO,ANM,WE,Towers with Radar,0,17,13,3,33,0,0,43,6,49,0,17,56,9,82,38,2,40,122
04/01/2019,PUB,CO,ANM,WE,Towers with Radar,0,12,19,0,31,0,0,22,250,272,0,12,41,250,303,0,440,440,743
04/02/2019,PUB,CO,ANM,WE,Towers with Radar,0,9,17,2,28,0,3,22,345,370,0,12,39,347,398,16,554,570,968
04/03/2019,PUB,CO,ANM,WE,Towers with Radar,0,10,35,0,45,0,0,4,312,316,0,10,39,312,361,24,580,604,965
04/04/2019,PUB,CO,ANM,WE,Towers with Radar,1,10,13,5,29,0,0,28,304,332,1,10,41,309,361,6,608,614,975
04/05/2019,PUB,CO,ANM,WE,Towers with Radar,0,9,35,14,58,0,0,26,260,286,0,9,61,274,344,4,526,530,874
04/06/2019,PUB,CO,ANM,WE,Towers with Radar,0,6,13,0,19,0,1,24,4,29,0,7,37,4,48,0,0,0,48
04/07/2019,PUB,CO,ANM,WE,Towers with Radar,1,4,17,5,27,0,4,39,3,46,1,8,56,8,73,12,0,12,85
04/08/2019,PUB,CO,ANM,WE,Towers with Radar,0,7,27,0,34,0,0,30,312,342,0,7,57,312,376,20,684,704,1080
04/09/2019,PUB,CO,ANM,WE,Towers with Radar,0,12,19,1,32,0,0,20,315,335,0,12,39,316,367,12,662,674,1041
04/10/2019,PUB,CO,ANM,WE,Towers with Radar,0,3,15,0,18,0,0,1,78,79,0,3,16,78,97,0,28,28,125
04/11/2019,PUB,CO,ANM,WE,Towers with Radar,1,10,9,4,24,0,2,2,257,261,1,12,11,261,285,64,244,308,593
04/12/2019,PUB,CO,ANM,WE,Towers with Radar,0,17,8,0,25,0,0,15,205,220,0,17,23,205,245,12,532,544,789
04/13/2019,PUB,CO,ANM,WE,Towers with Radar,0,5,7,0,12,0,0,6,2,8,0,5,13,2,20,18,0,18,38
04/14/2019,PUB,CO,ANM,WE,Towers with Radar,0,6,33,7,46,0,2,68,1,71,0,8,101,8,117,22,0,22,139
04/15/2019,PUB,CO,ANM,WE,Towers with Radar,0,8,14,19,41,0,0,34,418,452,0,8,48,437,493,10,562,572,1065
04/16/2019,PUB,CO,ANM,WE,Towers with Radar,0,14,6,2,22,0,6,23,1198,1227,0,20,29,1200,1249,16,598,614,1863
04/17/2019,PUB,CO,ANM,WE,Towers with Radar,0,12,27,2,41,0,4,26,754,784,0,16,53,756,825,14,322,336,1161
04/18/2019,PUB,CO,ANM,WE,Towers with Radar,1,10,16,2,29,0,2,34,307,343,1,12,50,309,372,17,545,562,934
04/19/2019,PUB,CO,ANM,WE,Towers with Radar,0,18,19,20,57,0,1,61,355,417,0,19,80,375,474,30,543,573,1047
04/20/2019,PUB,CO,ANM,WE,Towers with Radar,0,6,9,0,15,0,0,39,0,39,0,6,48,0,54,32,2,34,88
04/21/2019,PUB,CO,ANM,WE,Towers with Radar,1,8,5,0,14,0,0,9,0,9,1,8,14,0,23,10,0,10,33
04/22/2019,PUB,CO,ANM,WE,Towers with Radar,0,7,32,2,41,0,0,19,367,386,0,7,51,369,427,2,1246,1248,1675
04/23/2019,PUB,CO,ANM,WE,Towers with Radar,0,15,23,4,42,1,0,22,416,439,1,15,45,420,481,78,796,874,1355
04/24/2019,PUB,CO,ANM,WE,Towers with Radar,0,8,11,7,26,0,2,39,315,356,0,10,50,322,382,28,634,662,1044
04/25/2019,PUB,CO,ANM,WE,Towers with Radar,0,12,10,6,28,0,10,26,215,251,0,22,36,221,279,30,170,200,479
04/26/2019,PUB,CO,ANM,WE,Towers with Radar,0,9,10,3,22,0,0,23,258,281,0,9,33,261,303,20,568,588,891
04/27/2019,PUB,CO,ANM,WE,Towers with Radar,0,3,17,0,20,0,3,32,13,48,0,6,49,13,68,30,0,30,98
04/28/2019,PUB,CO,ANM,WE,Towers with Radar,0,6,8,5,19,0,2,17,1,20,0,8,25,6,39,2,0,2,41
04/29/2019,PUB,CO,ANM,WE,Towers with Radar,0,6,13,8,27,0,2,11,382,395,0,8,24,390,422,10,526,536,958
04/30/2019,PUB,CO,ANM,WE,Towers with Radar,0,18,36,0,54,0,0,3,390,393,0,18,39,390,447,2,850,852,1299
05/01/2019,PUB,CO,ANM,WE,Towers with Radar,0,18,14,1,33,0,2,4,197,203,0,20,18,198,236,0,528,528,764
05/02/2019,PUB,CO,ANM,WE,Towers with Radar,1,13,19,8,41,0,0,19,241,260,1,13,38,249,301,8,632,640,941
05/03/2019,PUB,CO,ANM,WE,Towers with Radar,1,17,15,45,78,0,0,45,289,334,1,17,60,334,412,20,424,444,856
05/04/2019,PUB,CO,ANM,WE,Towers with Radar,0,7,15,68,90,0,0,39,17,56,0,7,54,85,146,22,22,44,190
05/05/2019,PUB,CO,ANM,WE,Towers with Radar,3,8,20,0,31,0,0,33,11,44,3,8,53,11,75,74,8,82,157
05/06/2019,PUB,CO,ANM,WE,Towers with Radar,1,7,16,7,31,0,4,28,309,341,1,11,44,316,372,16,404,420,792
05/07/2019,PUB,CO,ANM,WE,Towers with Radar,0,7,12,6,25,0,0,4,20,24,0,7,16,26,49,28,24,52,101
05/08/2019,PUB,CO,ANM,WE,Towers with Radar,1,9,7,5,22,0,2,1,33,36,1,11,8,38,58,0,34,34,92
05/09/2019,PUB,CO,ANM,WE,Towers with Radar,0,11,3,0,14,0,0,0,51,51,0,11,3,51,65,0,250,250,315
05/10/2019,PUB,CO,ANM,WE,Towers with Radar,0,14,8,11,33,0,0,7,161,168,0,14,15,172,201,0,433,433,634
05/11/2019,PUB,CO,ANM,WE,Towers with Radar,2,3,13,4,22,0,4,53,14,71,2,7,66,18,93,68,0,68,161
05/12/2019,PUB,CO,ANM,WE,Towers with Radar,0,4,4,6,14,0,0,21,6,27,0,4,25,12,41,68,10,78,119
05/13/2019,PUB,CO,ANM,WE,Towers with Radar,2,8,20,11,41,0,0,23,820,843,2,8,43,831,884,26,485,511,1395
05/14/2019,PUB,CO,ANM,WE,Towers with Radar,0,9,18,7,34,0,4,24,805,833,0,13,42,812,867,12,514,526,1393
05/15/2019,PUB,CO,ANM,WE,Towers with Radar,0,9,18,21,48,1,2,42,274,319,1,11,60,295,367,16,674,690,1057
05/16/2019,PUB,CO,ANM,WE,Towers with Radar,2,8,32,11,53,0,3,47,254,304,2,11,79,265,357,14,524,538,895
05/17/2019,PUB,CO,ANM,WE,Towers with Radar,3,12,17,0,32,0,2,17,194,213,3,14,34,194,245,18,248,266,511
05/18/2019,PUB,CO,ANM,WE,Towers with Radar,0,4,11,11,26,0,0,34,4,38,0,4,45,15,64,0,0,0,64
05/19/2019,PUB,CO,ANM,WE,Towers with Radar,0,6,18,2,26,0,3,18,0,21,0,9,36,2,47,76,0,76,123
05/20/2019,PUB,CO,ANM,WE,Towers with Radar,0,7,9,2,18,0,0,0,2,2,0,7,9,4,20,0,4,4,24
05/21/2019,PUB,CO,ANM,WE,Towers with Radar,0,10,10,7,27,0,1,2,56,59,0,11,12,63,86,6,38,44,130
05/22/2019,PUB,CO,ANM,WE,Towers with Radar,0,11,13,20,44,0,2,16,381,399,0,13,29,401,443,0,764,764,1207
05/23/2019,PUB,CO,ANM,WE,Towers with Radar,0,9,24,4,37,0,0,2,310,312,0,9,26,314,349,0,652,652,1001
05/24/2019,PUB,CO,ANM,WE,Towers with Radar,0,10,24,0,34,0,8,45,226,279,0,18,69,226,313,12,375,387,700
05/25/2019,PUB,CO,ANM,WE,Towers with Radar,0,8,14,0,22,0,2,41,3,46,0,10,55,3,68,14,0,14,82
05/26/2019,PUB,CO,ANM,WE,Towers with Radar,0,2,15,0,17,0,4,28,0,32,0,6,43,0,49,6,0,6,55
05/27/2019,PUB,CO,ANM,WE,Towers with Radar,0,7,25,2,34,0,1,28,5,34,0,8,53,7,68,42,0,42,110
05/28/2019,PUB,CO,ANM,WE,Towers with Radar,0,12,16,10,38,0,2,9,280,291,0,14,25,290,329,2,568,570,899
05/29/2019,PUB,CO,ANM,WE,Towers with Radar,0,13,13,6,32,0,3,7,318,328,0,16,20,324,360,2,439,441,801
05/30/2019,PUB,CO,ANM,WE,Towers with Radar,0,12,16,6,34,0,0,11,254,265,0,12,27,260,299,0,534,534,833
05/31/2019,PUB,CO,ANM,WE,Towers with Radar,4,13,17,4,38,0,4,50,192,246,4,17,67,196,284,76,632,708,992
06/01/2019,PUB,CO,ANM,WE,Towers with Radar,1,6,15,4,26,0,4,62,4,70,1,10,77,8,96,46,4,50,146
06/02/2019,PUB,CO,ANM,WE,Towers with Radar,0,4,6,0,10,0,4,47,0,51,0,8,53,0,61,36,0,36,97
06/03/2019,PUB,CO,ANM,WE,Towers with Radar,4,10,13,2,29,0,3,28,248,279,4,13,41,250,308,28,648,676,984
06/04/2019,PUB,CO,ANM,WE,Towers with Radar,0,15,13,9,37,0,1,26,235,262,0,16,39,244,299,8,644,652,951
06/05/2019,PUB,CO,ANM,WE,Towers with Radar,0,16,13,2,31,0,0,30,308,338,0,16,43,310,369,34,482,516,885
06/06/2019,PUB,CO,ANM,WE,Towers with Radar,4,14,12,6,36,0,1,38,322,361,4,15,50,328,397,30,580,610,1007
06/07/2019,PUB,CO,ANM,WE,Towers with Radar,0,8,8,1,17,0,4,32,239,275,0,12,40,240,292,14,442,456,748
06/08/2019,PUB,CO,ANM,WE,Towers with Radar,2,4,25,0,31,0,2,42,12,56,2,6,67,12,87,24,10,34,121
06/09/2019,PUB,CO,ANM,WE,Towers with Radar,0,5,17,16,38,0,0,27,4,31,0,5,44,20,69,40,4,44,113
06/10/2019,PUB,CO,ANM,WE,Towers with Radar,0,9,8,6,23,0,1,19,341,361,0,10,27,347,384,4,148,152,536
06/11/2019,PUB,CO,ANM,WE,Towers with Radar,0,13,19,14,46,0,0,24,340,364,0,13,43,354,410,8,146,154,564
06/12/2019,PUB,CO,ANM,WE,Towers with Radar,0,10,17,1,28,0,3,29,309,341,0,13,46,310,369,12,28,40,409
06/13/2019,PUB,CO,ANM,WE,Towers with Radar,0,10,10,5,25,0,4,26,242,272,0,14,36,247,297,10,102,112,409
06/14/2019,PUB,CO,ANM,WE,Towers with Radar,4,16,24,0,44,0,0,19,191,210,4,16,43,191,254,8,20,28,282
06/15/2019,PUB,CO,ANM,WE,Towers with Radar,0,11,22,0,33,0,2,47,0,49,0,13,69,0,82,76,0,76,158
06/16/2019,PUB,CO,ANM,WE,Towers with Radar,2,8,21,0,31,0,1,27,0,28,2,9,48,0,59,20,0,20,79
06/17/2019,PUB,CO,ANM,WE,Towers with Radar,0,1,3,0,4,0,1,8,316,325,0,2,11,316,329,8,595,603,932
06/18/2019,PUB,CO,ANM,WE,Towers with Radar,0,13,10,8,31,0,0,9,896,905,0,13,19,904,936,0,630,630,1566
06/19/2019,PUB,CO,ANM,WE,Towers with Radar,0,12,18,7,37,0,0,35,716,751,0,12,53,723,788,22,614,636,1424
06/20/2019,PUB,CO,ANM,WE,Towers with Radar,0,10,30,6,46,0,0,43,236,279,0,10,73,242,325,22,380,402,727
06/21/2019,PUB,CO,ANM,WE,Towers with Radar,0,6,24,6,36,0,1,31,192,224,0,7,55,198,260,2,442,444,704
06/22/2019,PUB,CO,ANM,WE,Towers with Radar,0,5,11,0,16,0,0,20,0,20,0,5,31,0,36,0,0,0,36
06/23/2019,PUB,CO,ANM,WE,Towers with Radar,0,7,21,0,28,0,2,27,6,35,0,9,48,6,63,22,2,24,87
06/24/2019,PUB,CO,ANM,WE,Towers with Radar,0,11,19,1,31,0,1,46,325,372,0,12,65,326,403,12,463,475,878
06/25/2019,PUB,CO,ANM,WE,Towers with Radar,0,12,13,11,36,0,2,20,318,340,0,14,33,329,376,8,468,476,852
06/26/2019,PUB,CO,ANM,WE,Towers with Radar,0,7,13,24,44,0,2,33,281,316,0,9,46,305,360,10,508,518,878
06/27/2019,PUB,CO,ANM,WE,Towers with Radar,2,12,15,17,46,0,0,36,239,275,2,12,51,256,321,22,328,350,671
06/28/2019,PUB,CO,ANM,WE,Towers with Radar,0,13,17,0,30,0,0,31,255,286,0,13,48,255,316,30,330,360,676
06/29/2019,PUB,CO,ANM,WE,Towers with Radar,2,8,14,1,25,0,2,30,208,240,2,10,44,209,265,20,272,292,557
06/30/2019,PUB,CO,ANM,WE,Towers with Radar,2,3,8,5,18,0,1,44,5,50,2,4,52,10,68,48,4,52,120
07/01/2019,PUB,CO,ANM,WE,Towers with Radar,0,9,4,2,15,0,1,25,242,268,0,10,29,244,283,12,434,446,729
07/02/2019,PUB,CO,ANM,WE,Towers with Radar,0,9,17,1,27,0,1,32,286,319,0,10,49,287,346,6,538,544,890
07/03/2019,PUB,CO,ANM,WE,Towers with Radar,2,15,16,3,36,0,1,41,230,272,2,16,57,233,308,24,575,599,907
07/04/2019,PUB,CO,ANM,WE,Towers with Radar,2,5,3,0,10,0,7,26,0,33,2,12,29,0,43,22,2,24,67
07/05/2019,PUB,CO,ANM,WE,Towers with Radar,0,10,8,0,18,0,0,13,5,18,0,10,21,5,36,30,56,86,122
07/06/2019,PUB,CO,ANM,WE,Towers with Radar,0,6,19,0,25,0,3,21,0,24,0,9,40,0,49,20,0,20,69
07/07/2019,PUB,CO,ANM,WE,Towers with Radar,2,9,32,0,43,0,4,34,0,38,2,13,66,0,81,18,0,18,99
07/08/2019,PUB,CO,ANM,WE,Towers with Radar,0,13,11,2,26,0,1,23,167,191,0,14,34,169,217,2,796,798,1015
07/09/2019,PUB,CO,ANM,WE,Towers with Radar,0,11,26,1,38,0,4,51,293,348,0,15,77,294,386,22,616,638,1024
07/10/2019,PUB,CO,ANM,WE,Towers with Radar,2,16,17,6,41,0,1,35,290,326,2,17,52,296,367,8,374,382,749
07/11/2019,PUB,CO,ANM,WE,Towers with Radar,0,14,23,5,42,0,3,33,243,279,0,17,56,248,321,36,448,484,805
07/12/2019,PUB,CO,ANM,WE,Towers with Radar,4,7,15,8,34,0,0,32,217,249,4,7,47,225,283,18,566,584,867
07/13/2019,PUB,CO,ANM,WE,Towers with Radar,0,4,7,0,11,0,0,60,25,85,0,4,67,25,96,48,6,54,150
07/14/2019,PUB,CO,ANM,WE,Towers with Radar,0,2,21,8,31,0,2,61,12,75,0,4,82,20,106,32,6,38,144
07/15/2019,PUB,CO,ANM,WE,Towers with Radar,2,6,6,2,16,0,5,30,340,375,2,11,36,342,391,14,566,580,971
07/16/2019,PUB,CO,ANM,WE,Towers with Radar,0,17,21,4,42,0,7,60,393,460,0,24,81,397,502,78,830,908,1410
07/17/2019,PUB,CO,ANM,WE,Towers with Radar,0,16,30,9,55,0,2,20,244,266,0,18,50,253,321,10,449,459,780
07/18/2019,PUB,CO,ANM,WE,Towers with Radar,0,13,16,8,37,2,14,41,258,315,2,27,57,266,352,4,489,493,845
07/19/2019,PUB,CO,ANM,WE,Towers with Radar,0,8,10,0,18,0,2,38,245,285,0,10,48,245,303,3,444,447,750
07/20/2019,PUB,CO,ANM,WE,Towers with Radar,0,5,10,0,15,0,0,35,7,42,0,5,45,7,57,32,18,50,107
07/21/2019,PUB,CO,ANM,WE,Towers with Radar,0,3,15,0,18,0,2,25,8,35,0,5,40,8,53,26,6,32,85
07/22/2019,PUB,CO,ANM,WE,Towers with Radar,1,9,33,10,53,0,0,22,264,286,1,9,55,274,339,2,486,488,827
07/23/2019,PUB,CO,ANM,WE,Towers with Radar,0,12,14,10,36,0,0,9,240,249,0,12,23,250,285,2,354,356,641
07/24/2019,PUB,CO,ANM,WE,Towers with Radar,0,14,14,5,33,0,0,26,265,291,0,14,40,270,324,10,538,548,872
07/25/2019,PUB,CO,ANM,WE,Towers with Radar,2,17,21,1,41,0,2,48,220,270,2,19,69,221,311,4,512,516,827
07/26/2019,PUB,CO,ANM,WE,Towers with Radar,0,12,7,0,19,0,0,37,255,292,0,12,44,255,311,6,738,744,1055
07/27/2019,PUB,CO,ANM,WE,Towers with Radar,0,8,17,0,25,0,3,42,1,46,0,11,59,1,71,58,2,60,131
07/28/2019,PUB,CO,ANM,WE,Towers with Radar,0,6,18,2,26,0,2,34,3,39,0,8,52,5,65,44,0,44,109
07/29/2019,PUB,CO,ANM,WE,Towers with Radar,0,13,24,1,38,0,0,18,266,284,0,13,42,267,322,8,724,732,1054
07/30/2019,PUB,CO,ANM,WE,Towers with Radar,4,12,19,5,40,2,2,23,337,364,6,14,42,342,404,2,581,583,987
07/31/2019,PUB,CO,ANM,WE,Towers with Radar,0,10,13,2,25,0,5,26,307,338,0,15,39,309,363,6,378,384,747
08/01/2019,PUB,CO,ANM,WE,Towers with Radar,0,7,30,2,39,0,2,18,281,301,0,9,48,283,340,10,438,448,788
08/02/2019,PUB,CO,ANM,WE,Towers with Radar,1,5,29,0,35,0,2,28,221,251,1,7,57,221,286,26,386,412,698
08/03/2019,PUB,CO,ANM,WE,Towers with Radar,0,4,16,2,22,0,0,29,15,44,0,4,45,17,66,24,40,64,130
08/04/2019,PUB,CO,ANM,WE,Towers with Radar,1,2,21,3,27,0,11,32,22,65,1,13,53,25,92,10,22,32,124
08/05/2019,PUB,CO,ANM,WE,Towers with Radar,0,7,18,3,28,0,0,15,258,273,0,7,33,261,301,2,252,254,555
08/06/2019,PUB,CO,ANM,WE,Towers with Radar,0,11,15,11,37,0,1,21,359,381,0,12,36,370,418,8,682,690,1108
08/07/2019,PUB,CO,ANM,WE,Towers with Radar,0,12,16,0,28,0,2,20,88,110,0,14,36,88,138,26,130,156,294
08/08/2019,PUB,CO,ANM,WE,Towers with Radar,0,6,26,2,34,0,1,39,320,360,0,7,65,322,394,0,521,521,915
08/09/2019,PUB,CO,ANM,WE,Towers with Radar,2,12,17,16,47,0,1,24,257,282,2,13,41,273,329,14,594,608,937
08/10/2019,PUB,CO,ANM,WE,Towers with Radar,0,6,12,1,19,0,0,40,1,41,0,6,52,2,60,20,0,20,80
08/11/2019,PUB,CO,ANM,WE,Towers with Radar,0,7,16,0,23,0,0,40,3,43,0,7,56,3,66,60,0,60,126
08/12/2019,PUB,CO,ANM,WE,Towers with Radar,0,10,20,15,45,0,1,25,767,793,0,11,45,782,838,32,618,650,1488
08/13/2019,PUB,CO,ANM,WE,Towers with Radar,0,12,28,11,51,0,4,37,458,499,0,16,65,469,550,6,844,850,1400
08/14/2019,PUB,CO,ANM,WE,Towers with Radar,0,14,26,13,53,0,3,30,1150,1183,0,17,56,1163,1236,0,738,738,1974
08/15/2019,PUB,CO,ANM,WE,Towers with Radar,0,9,11,16,36,0,6,16,589,611,0,15,27,605,647,2,598,600,1247
08/16/2019,PUB,CO,ANM,WE,Towers with Radar,6,15,14,5,40,0,3,24,261,288,6,18,38,266,328,6,444,450,778
08/17/2019,PUB,CO,ANM,WE,Towers with Radar,0,4,13,10,27,0,4,40,4,48,0,8,53,14,75,18,16,34,109
08/18/2019,PUB,CO,ANM,WE,Towers with Radar,0,3,19,16,38,0,4,45,6,55,0,7,64,22,93,18,4,22,115
08/19/2019,PUB,CO,ANM,WE,Towers with Radar,0,6,15,11,32,0,3,36,329,368,0,9,51,340,400,28,726,754,1154
08/20/2019,PUB,CO,ANM,WE,Towers with Radar,0,16,20,10,46,0,6,27,322,355,0,22,47,332,401,2,662,664,1065
08/21/2019,PUB,CO,ANM,WE,Towers with Radar,0,18,19,10,47,0,1,19,291,311,0,19,38,301,358,4,362,366,724
08/22/2019,PUB,CO,ANM,WE,Towers with Radar,0,13,12,2,27,0,5,27,331,363,0,18,39,333,390,6,616,622,1012
08/23/2019,PUB,CO,ANM,WE,Towers with Radar,2,10,14,14,40,0,0,23,258,281,2,10,37,272,321,52,512,564,885
08/24/2019,PUB,CO,ANM,WE,Towers with Radar,0,6,29,4,39,0,2,85,0,87,0,8,114,4,126,32,0,32,158
08/25/2019,PUB,CO,ANM,WE,Towers with Radar,2,7,18,4,31,0,0,33,0,33,2,7,51,4,64,38,0,38,102
08/26/2019,PUB,CO,ANM,WE,Towers with Radar,0,8,20,39,67,0,0,45,270,315,0,8,65,309,382,8,340,348,730
08/27/2019,PUB,CO,ANM,WE,Towers with Radar,0,10,10,23,43,0,1,19,367,387,0,11,29,390,430,46,838,884,1314
08/28/2019,PUB,CO,ANM,WE,Towers with Radar,0,13,20,39,72,0,2,33,248,283,0,15,53,287,355,26,748,774,1129
08/29/2019,PUB,CO,ANM,WE,Towers with Radar,2,8,14,8,32,0,3,28,265,296,2,11,42,273,328,10,876,886,1214
08/30/2019,PUB,CO,ANM,WE,Towers with Radar,0,11,23,0,34,0,1,12,142,155,0,12,35,142,189,8,812,820,1009
08/31/2019,PUB,CO,ANM,WE,Towers with Radar,0,6,16,0,22,2,0,19,8,29,2,6,35,8,51,4,0,4,55
09/01/2019,PUB,CO,ANM,WE,Towers with Radar,0,3,14,0,17,0,0,23,0,23,0,3,37,0,40,24,2,26,66
09/02/2019,PUB,CO,ANM,WE,Towers with Radar,0,7,18,0,25,0,4,25,2,31,0,11,43,2,56,14,0,14,70
09/03/2019,PUB,CO,ANM,WE,Towers with Radar,0,11,11,10,32,2,1,10,190,203,2,12,21,200,235,10,324,334,569
09/04/2019,PUB,CO,ANM,WE,Towers with Radar,0,15,20,7,42,0,0,19,299,318,0,15,39,306,360,48,842,890,1250
09/05/2019,PUB,CO,ANM,WE,Towers with Radar,0,10,20,9,39,0,7,26,324,357,0,17,46,333,396,30,684,714,1110
09/06/2019,PUB,CO,ANM,WE,Towers with Radar,0,10,11,4,25,0,3,17,257,277,0,13,28,261,302,0,522,522,824
09/07/2019,PUB,CO,ANM,WE,Towers with Radar,0,8,15,2,25,0,3,17,4,24,0,11,32,6,49,46,2,48,97
09/08/2019,PUB,CO,ANM,WE,Towers with Radar,2,4,16,6,28,0,2,25,2,29,2,6,41,8,57,30,2,32,89
09/09/2019,PUB,CO,ANM,WE,Towers with Radar,0,8,30,3,41,0,4,35,373,412,0,12,65,376,453,8,604,612,1065
09/10/2019,PUB,CO,ANM,WE,Towers with Radar,0,12,11,24,47,0,3,19,314,336,0,15,30,338,383,20,606,626,1009
09/11/2019,PUB,CO,ANM,WE,Towers with Radar,0,13,20,12,45,0,3,22,284,309,0,16,42,296,354,22,656,678,1032
09/12/2019,PUB,CO,ANM,WE,Towers with Radar,2,8,6,14,30,0,1,27,298,326,2,9,33,312,356,18,612,630,986
09/13/2019,PUB,CO,ANM,WE,Towers with Radar,0,10,21,11,42,0,0,19,224,243,0,10,40,235,285,28,492,520,805
09/14/2019,PUB,CO,ANM,WE,Towers with Radar,0,7,33,14,54,0,6,57,8,71,0,13,90,22,125,10,12,22,147
09/15/2019,PUB,CO,ANM,WE,Towers with Radar,0,4,19,9,32,0,3,40,17,60,0,7,59,26,92,10,10,20,112
09/16/2019,PUB,CO,ANM,WE,Towers with Radar,0,10,20,6,36,0,5,19,316,340,0,15,39,322,376,38,758,796,1172
09/17/2019,PUB,CO,ANM,WE,Towers with Radar,0,13,19,9,41,0,1,32,891,924,0,14,51,900,965,10,532,542,1507
09/18/2019,PUB,CO,ANM,WE,Towers with Radar,0,11,19,9,39,0,5,41,1026,1072,0,16,60,1035,1111,42,882,924,2035
09/19/2019,PUB,CO,ANM,WE,Towers with Radar,0,11,11,7,29,0,0,23,246,269,0,11,34,253,298,30,642,672,970
09/20/2019,PUB,CO,ANM,WE,Towers with Radar,2,21,19,54,96,0,0,12,236,248,2,21,31,290,344,8,614,622,966
09/21/2019,PUB,CO,ANM,WE,Towers with Radar,0,9,19,7,35,0,2,54,15,71,0,11,73,22,106,12,16,28,134
09/22/2019,PUB,CO,ANM,WE,Towers with Radar,0,9,24,1,34,0,1,43,0,44,0,10,67,1,78,55,0,55,133
09/23/2019,PUB,CO,ANM,WE,Towers with Radar,0,14,17,17,48,0,4,39,350,393,0,18,56,367,441,8,638,646,1087
09/24/2019,PUB,CO,ANM,WE,Towers with Radar,0,9,22,2,33,0,2,35,339,376,0,11,57,341,409,6,652,658,1067
09/25/2019,PUB,CO,ANM,WE,Towers with Radar,0,12,7,1,20,0,5,34,323,362,0,17,41,324,382,18,721,739,1121
09/26/2019,PUB,CO,ANM,WE,Towers with Radar,0,18,21,4,43,0,2,17,285,304,0,20,38,289,347,0,600,600,947
09/27/2019,PUB,CO,ANM,WE,Towers with Radar,0,16,11,30,57,0,2,20,208,230,0,18,31,238,287,2,300,302,589
09/28/2019,PUB,CO,ANM,WE,Towers with Radar,0,9,22,7,38,0,0,27,5,32,0,9,49,12,70,42,46,88,158
09/29/2019,PUB,CO,ANM,WE,Towers with Radar,0,10,20,11,41,0,0,11,11,22,0,10,31,22,63,4,28,32,95
09/30/2019,PUB,CO,ANM,WE,Towers with Radar,0,6,20,3,29,0,0,9,210,219,0,6,29,213,248,2,376,378,626
10/01/2019,PUB,CO,ANM,WE,Towers with Radar,0,13,28,17,58,0,1,17,332,350,0,14,45,349,408,14,1012,1026,1434
10/02/2019,PUB,CO,ANM,WE,Towers with Radar,0,15,21,10,46,1,0,9,174,184,1,15,30,184,230,8,674,682,912
10/03/2019,PUB,CO,ANM,WE,Towers with Radar,0,10,16,12,38,0,0,11,296,307,0,10,27,308,345,6,856,862,1207
10/04/2019,PUB,CO,ANM,WE,Towers with Radar,0,8,37,28,73,0,0,25,145,170,0,8,62,173,243,16,352,368,611
10/05/2019,PUB,CO,ANM,WE,Towers with Radar,0,6,14,0,20,0,0,36,82,118,0,6,50,82,138,4,172,176,314
10/06/2019,PUB,CO,ANM,WE,Towers with Radar,0,4,13,0,17,0,1,12,0,13,0,5,25,0,30,20,0,20,50
10/07/2019,PUB,CO,ANM,WE,Towers with Radar,0,12,31,5,48,0,6,36,312,354,0,18,67,317,402,12,820,832,1234
10/08/2019,PUB,CO,ANM,WE,Towers with Radar,0,11,21,11,43,0,255,25,44,324,0,266,46,55,367,4,506,510,877
10/09/2019,PUB,CO,ANM,WE,Towers with Radar,0,13,20,6,39,0,231,27,54,312,0,244,47,60,351,0,578,578,929
10/10/2019,PUB,CO,ANM,WE,Towers with Radar,0,14,2,3,19,0,0,0,7,7,0,14,2,10,26,0,0,0,26
10/11/2019,PUB,CO,ANM,WE,Towers with Radar,0,14,28,4,46,0,2,16,261,279,0,16,44,265,325,16,622,638,963
10/12/2019,PUB,CO,ANM,WE,Towers with Radar,0,4,15,0,19,0,5,45,8,58,0,9,60,8,77,18,18,36,113
10/13/2019,PUB,CO,ANM,WE,Towers with Radar,0,7,27,18,52,0,8,44,8,60,0,15,71,26,112,22,14,36,148
10/14/2019,PUB,CO,ANM,WE,Towers with Radar,2,7,11,0,20,0,1,19,0,20,2,8,30,0,40,0,0,0,40
10/15/2019,PUB,CO,ANM,WE,Towers with Radar,0,9,15,1,25,0,0,36,344,380,0,9,51,345,405,12,692,704,1109
10/16/2019,PUB,CO,ANM,WE,Towers with Radar,0,8,11,12,31,0,2,33,360,395,0,10,44,372,426,8,734,742,1168
10/17/2019,PUB,CO,ANM,WE,Towers with Radar,0,10,9,4,23,0,3,14,304,321,0,13,23,308,344,8,622,630,974
10/18/2019,PUB,CO,ANM,WE,Towers with Radar,1,14,32,3,50,0,6,16,164,186,1,20,48,167,236,10,306,316,552
10/19/2019,PUB,CO,ANM,WE,Towers with Radar,0,6,13,0,19,0,0,34,0,34,0,6,47,0,53,30,0,30,83
10/20/2019,PUB,CO,ANM,WE,Towers with Radar,0,9,8,2,19,0,1,0,0,1,0,10,8,2,20,0,0,0,20
10/21/2019,PUB,CO,ANM,WE,Towers with Radar,0,10,27,9,46,0,3,10,365,378,0,13,37,374,424,18,828,846,1270
10/22/2019,PUB,CO,ANM,WE,Towers with Radar,0,15,14,8,37,0,3,26,357,386,0,18,40,365,423,16,732,748,1171
10/23/2019,PUB,CO,ANM,WE,Towers with Radar,0,15,10,3,28,0,0,17,233,250,0,15,27,236,278,4,428,432,710
10/24/2019,PUB,CO,ANM,WE,Towers with Radar,0,15,9,3,27,0,1,16,216,233,0,16,25,219,260,20,734,754,1014
10/25/2019,PUB,CO,ANM,WE,Towers with Radar,0,13,20,12,45,0,3,26,246,275,0,16,46,258,320,2,604,606,926
10/26/2019,PUB,CO,ANM,WE,Towers with Radar,0,5,20,4,29,0,0,61,12,73,0,5,81,16,102,36,18,54,156
10/27/2019,PUB,CO,ANM,WE,Towers with Radar,0,3,16,0,19,0,1,2,3,6,0,4,18,3,25,0,0,0,25
10/28/2019,PUB,CO,ANM,WE,Towers with Radar,0,7,0,0,7,0,0,1,0,1,0,7,1,0,8,0,0,0,8
10/29/2019,PUB,CO,ANM,WE,Towers with Radar,0,8,13,0,21,0,0,0,5,5,0,8,13,5,26,0,4,4,30
10/30/2019,PUB,CO,ANM,WE,Towers with Radar,0,6,11,0,17,0,0,9,119,128,0,6,20,119,145,0,106,106,251
10/31/2019,PUB,CO,ANM,WE,Towers with Radar,0,9,12,16,37,0,0,28,344,372,0,9,40,360,409,16,244,260,669
11/01/2019,PUB,CO,ANM,WE,Towers with Radar,0,14,26,2,42,0,2,20,253,275,0,16,46,255,317,13,452,465,782
11/02/2019,PUB,CO,ANM,WE,Towers with Radar,0,9,20,2,31,0,2,46,213,261,0,11,66,215,292,20,516,536,828
11/03/2019,PUB,CO,ANM,WE,Towers with Radar,2,11,16,0,29,0,0,30,1,31,2,11,46,1,60,18,0,18,78
11/04/2019,PUB,CO,ANM,WE,Towers with Radar,0,8,21,8,37,0,6,21,327,354,0,14,42,335,391,6,612,618,1009
11/05/2019,PUB,CO,ANM,WE,Towers with Radar,0,7,17,2,26,0,4,32,364,400,0,11,49,366,426,24,686,710,1136
11/06/2019,PUB,CO,ANM,WE,Towers with Radar,2,9,13,2,26,0,1,19,348,368,2,10,32,350,394,10,656,666,1060
11/07/2019,PUB,CO,ANM,WE,Towers with Radar,0,20,7,11,38,0,3,15,274,292,0,23,22,285,330,6,420,426,756
11/08/2019,PUB,CO,ANM,WE,Towers with Radar,0,9,20,0,29,0,3,25,265,293,0,12,45,265,322,1,624,625,947
11/09/2019,PUB,CO,ANM,WE,Towers with Radar,0,6,18,0,24,0,0,49,11,60,0,6,67,11,84,48,0,48,132
11/10/2019,PUB,CO,ANM,WE,Towers with Radar,0,5,13,0,18,0,4,39,0,43,0,9,52,0,61,58,0,58,119
11/11/2019,PUB,CO,ANM,WE,Towers with Radar,0,11,20,0,31,0,5,11,2,18,0,16,31,2,49,2,0,2,51
11/12/2019,PUB,CO,ANM,WE,Towers with Radar,0,7,28,4,39,0,1,41,303,345,0,8,69,307,384,26,786,812,1196
11/13/2019,PUB,CO,ANM,WE,Towers with Radar,0,16,17,6,39,0,2,16,307,325,0,18,33,313,364,8,570,578,942
11/14/2019,PUB,CO,ANM,WE,Towers with Radar,0,8,29,8,45,0,3,37,295,335,0,11,66,303,380,6,880,886,1266
11/15/2019,PUB,CO,ANM,WE,Towers with Radar,0,12,18,1,31,0,0,34,274,308,0,12,52,275,339,4,594,598,937
11/16/2019,PUB,CO,ANM,WE,Towers with Radar,0,8,8,23,39,0,0,34,134,168,0,8,42,157,207,16,220,236,443
11/17/2019,PUB,CO,ANM,WE,Towers with Radar,0,8,24,4,36,0,4,37,0,41,0,12,61,4,77,26,0,26,103
11/18/2019,PUB,CO,ANM,WE,Towers with Radar,0,9,27,5,41,0,0,34,297,331,0,9,61,302,372,18,580,598,970
11/19/2019,PUB,CO,ANM,WE,Towers with Radar,0,10,15,10,35,0,2,35,394,431,0,12,50,404,466,68,792,860,1326
11/20/2019,PUB,CO,ANM,WE,Towers with Radar,0,20,16,3,39,0,1,8,344,353,0,21,24,347,392,0,524,524,916
11/21/2019,PUB,CO,ANM,WE,Towers with Radar,0,7,4,0,11,0,0,0,0,0,0,7,4,0,11,0,0,0,11
11/22/2019,PUB,CO,ANM,WE,Towers with Radar,1,9,8,0,18,0,0,0,0,0,1,9,8,0,18,0,0,0,18
11/23/2019,PUB,CO,ANM,WE,Towers with Radar,1,5,14,31,51,0,0,33,149,182,1,5,47,180,233,8,136,144,377
11/24/2019,PUB,CO,ANM,WE,Towers with Radar,0,7,28,0,35,0,4,21,6,31,0,11,49,6,66,26,14,40,106
11/25/2019,PUB,CO,ANM,WE,Towers with Radar,0,10,11,10,31,0,0,12,340,352,0,10,23,350,383,2,538,540,923
11/26/2019,PUB,CO,ANM,WE,Towers with Radar,0,3,4,0,7,0,0,0,0,0,0,3,4,0,7,0,0,0,7
11/27/2019,PUB,CO,ANM,WE,Towers with Radar,0,15,20,0,35,0,3,16,267,286,0,18,36,267,321,6,466,472,793
11/28/2019,PUB,CO,ANM,WE,Towers with Radar,0,2,2,0,4,0,2,0,0,2,0,4,2,0,6,0,0,0,6
11/29/2019,PUB,CO,ANM,WE,Towers with Radar,5,6,6,0,17,0,0,16,0,16,5,6,22,0,33,48,0,48,81
11/30/2019,PUB,CO,ANM,WE,Towers with Radar,3,6,4,0,13,0,0,0,0,0,3,6,4,0,13,0,0,0,13
12/01/2019,PUB,CO,ANM,WE,Towers with Radar,0,5,13,0,18,0,3,30,1,34,0,8,43,1,52,16,6,22,74
12/02/2019,PUB,CO,ANM,WE,Towers with Radar,0,11,12,2,25,0,0,23,287,310,0,11,35,289,335,4,374,378,713
12/03/2019,PUB,CO,ANM,WE,Towers with Radar,0,7,7,8,22,0,2,14,254,270,0,9,21,262,292,10,286,296,588
12/04/2019,PUB,CO,ANM,WE,Towers with Radar,0,14,10,10,34,0,0,20,363,383,0,14,30,373,417,9,786,795,1212
12/05/2019,PUB,CO,ANM,WE,Towers with Radar,0,11,19,0,30,0,0,12,267,279,0,11,31,267,309,8,348,356,665
12/06/2019,PUB,CO,ANM,WE,Towers with Radar,0,12,19,2,33,0,0,22,269,291,0,12,41,271,324,10,822,832,1156
12/07/2019,PUB,CO,ANM,WE,Towers with Radar,0,5,15,9,29,0,0,38,83,121,0,5,53,92,150,30,214,244,394
12/08/2019,PUB,CO,ANM,WE,Towers with Radar,0,8,12,0,20,0,2,17,4,23,0,10,29,4,43,2,14,16,59
12/09/2019,PUB,CO,ANM,WE,Towers with Radar,0,11,25,19,55,0,0,21,338,359,0,11,46,357,414,0,940,940,1354
12/10/2019,PUB,CO,ANM,WE,Towers with Radar,0,9,20,5,34,0,3,43,384,430,0,12,63,389,464,19,670,689,1153
12/11/2019,PUB,CO,ANM,WE,Towers with Radar,0,8,15,19,42,0,3,30,357,390,0,11,45,376,432,18,618,636,1068
12/12/2019,PUB,CO,ANM,WE,Towers with Radar,0,11,16,9,36,0,3,23,324,350,0,14,39,333,386,6,700,706,1092
12/13/2019,PUB,CO,ANM,WE,Towers with Radar,1,8,6,4,19,0,1,9,244,254,1,9,15,248,273,2,396,398,671
12/14/2019,PUB,CO,ANM,WE,Towers with Radar,0,9,10,0,19,0,9,35,147,191,0,18,45,147,210,30,280,310,520
12/15/2019,PUB,CO,ANM,WE,Towers with Radar,0,4,2,0,6,0,0,0,0,0,0,4,2,0,6,0,0,0,6
12/16/2019,PUB,CO,ANM,WE,Towers with Radar,0,7,6,0,13,0,1,2,115,118,0,8,8,115,131,0,254,254,385
12/17/2019,PUB,CO,ANM,WE,Towers with Radar,0,11,11,7,29,0,1,35,195,231,0,12,46,202,260,22,344,366,626
12/18/2019,PUB,CO,ANM,WE,Towers with Radar,0,14,23,3,40,0,3,35,112,150,0,17,58,115,190,32,204,236,426
12/19/2019,PUB,CO,ANM,WE,Towers with Radar,0,13,21,10,44,0,0,18,82,100,0,13,39,92,144,6,150,156,300
12/20/2019,PUB,CO,ANM,WE,Towers with Radar,0,9,13,0,22,0,2,39,57,98,0,11,52,57,120,26,52,78,198
12/21/2019,PUB,CO,ANM,WE,Towers with Radar,0,4,21,0,25,0,2,19,14,35,0,6,40,14,60,14,8,22,82
12/22/2019,PUB,CO,ANM,WE,Towers with Radar,0,5,11,0,16,0,0,24,11,35,0,5,35,11,51,2,34,36,87
12/23/2019,PUB,CO,ANM,WE,Towers with Radar,0,8,13,2,23,0,0,17,0,17,0,8,30,2,40,2,0,2,42
12/24/2019,PUB,CO,ANM,WE,Towers with Radar,0,7,11,0,18,0,2,11,0,13,0,9,22,0,31,10,0,10,41
12/25/2019,PUB,CO,ANM,WE,Towers with Radar,0,3,2,0,5,0,2,8,0,10,0,5,10,0,15,0,0,0,15
12/26/2019,PUB,CO,ANM,WE,Towers with Radar,0,10,19,0,29,0,2,27,5,34,0,12,46,5,63,32,6,38,101
12/27/2019,PUB,CO,ANM,WE,Towers with Radar,0,11,11,0,22,0,0,1,0,1,0,11,12,0,23,0,0,0,23
12/28/2019,PUB,CO,ANM,WE,Towers with Radar,0,4,20,0,24,0,0,0,0,0,0,4,20,0,24,0,0,0,24
12/29/2019,PUB,CO,ANM,WE,Towers with Radar,0,6,13,0,19,0,4,34,1,39,0,10,47,1,58,22,8,30,88
12/30/2019,PUB,CO,ANM,WE,Towers with Radar,0,6,11,0,17,0,3,27,5,35,0,9,38,5,52,56,16,72,124
12/31/2019,PUB,CO,ANM,WE,Towers with Radar,0,7,13,1,21,1,0,27,5,33,1,7,40,6,54,30,0,30,84
01/01/2020,PUB,CO,ANM,WE,Towers with Radar,0,3,12,0,15,0,0,4,0,4,0,3,16,0,19,0,0,0,19
01/02/2020,PUB,CO,ANM,WE,Towers with Radar,1,6,16,3,26,0,2,13,58,73,1,8,29,61,99,20,96,116,215
01/03/2020,PUB,CO,ANM,WE,Towers with Radar,0,12,13,0,25,0,2,21,50,73,0,14,34,50,98,40,62,102,200
01/04/2020,PUB,CO,ANM,WE,Towers with Radar,0,9,21,0,30,0,0,36,11,47,0,9,57,11,77,36,14,50,127
01/05/2020,PUB,CO,ANM,WE,Towers with Radar,0,9,13,0,22,0,0,29,0,29,0,9,42,0,51,14,0,14,65
01/06/2020,PUB,CO,ANM,WE,Towers with Radar,0,5,22,1,28,0,2,9,81,92,0,7,31,82,120,4,18,22,142
01/07/2020,PUB,CO,ANM,WE,Towers with Radar,0,12,21,8,41,0,0,33,98,131,0,12,54,106,172,10,148,158,330
01/08/2020,PUB,CO,ANM,WE,Towers with Radar,0,10,24,14,48,0,0,37,272,309,0,10,61,286,357,34,390,424,781
01/09/2020,PUB,CO,ANM,WE,Towers with Radar,0,11,15,8,34,0,0,30,250,280,0,11,45,258,314,24,316,340,654
01/10/2020,PUB,CO,ANM,WE,Towers with Radar,0,13,15,9,37,0,0,12,205,217,0,13,27,214,254,2,124,126,380
01/11/2020,PUB,CO,ANM,WE,Towers with Radar,0,7,18,6,31,0,4,57,6,67,0,11,75,12,98,24,14,38,136
01/12/2020,PUB,CO,ANM,WE,Towers with Radar,0,8,17,0,25,0,0,32,1,33,0,8,49,1,58,28,0,28,86
01/13/2020,PUB,CO,ANM,WE,Towers with Radar,0,13,27,21,61,0,0,15,239,254,0,13,42,260,315,0,288,288,603
01/14/2020,PUB,CO,ANM,WE,Towers with Radar,0,7,12,9,28,0,0,16,281,297,0,7,28,290,325,4,638,642,967
01/15/2020,PUB,CO,ANM,WE,Towers with Radar,0,9,25,11,45,0,0,43,310,353,0,9,68,321,398,10,1030,1040,1438
01/16/2020,PUB,CO,ANM,WE,Towers with Radar,0,9,24,6,39,0,1,23,269,293,0,10,47,275,332,16,904,920,1252
01/17/2020,PUB,CO,ANM,WE,Towers with Radar,0,9,10,4,23,0,0,1,64,65,0,9,11,68,88,0,164,164,252
01/18/2020,PUB,CO,ANM,WE,Towers with Radar,0,4,26,16,46,0,0,87,2,89,0,4,113,18,135,60,6,66,201
01/19/2020,PUB,CO,ANM,WE,Towers with Radar,0,7,17,0,24,0,7,24,0,31,0,14,41,0,55,18,0,18,73
01/20/2020,PUB,CO,ANM,WE,Towers with Radar,0,8,28,1,37,0,4,64,1,69,0,12,92,2,106,60,4,64,170
01/21/2020,PUB,CO,ANM,WE,Towers with Radar,0,12,24,10,46,0,2,29,400,431,0,14,53,410,477,1,780,781,1258
01/22/2020,PUB,CO,ANM,WE,Towers with Radar,0,15,22,6,43,0,6,17,349,372,0,21,39,355,415,32,624,656,1071
01/23/2020,PUB,CO,ANM,WE,Towers with Radar,0,15,20,17,52,0,6,31,291,328,0,21,51,308,380,2,754,756,1136
01/24/2020,PUB,CO,ANM,WE,Towers with Radar,0,18,20,9,47,0,1,42,246,289,0,19,62,255,336,32,396,428,764
01/25/2020,PUB,CO,ANM,WE,Towers with Radar,0,7,18,17,42,0,2,41,18,61,0,9,59,35,103,32,50,82,185
01/26/2020,PUB,CO,ANM,WE,Towers with Radar,0,8,13,7,28,0,0,31,14,45,0,8,44,21,73,26,18,44,117
01/27/2020,PUB,CO,ANM,WE,Towers with Radar,0,9,8,2,19,0,1,15,340,356,0,10,23,342,375,22,706,728,1103
01/28/2020,PUB,CO,ANM,WE,Towers with Radar,0,12,17,9,38,0,4,23,402,429,0,16,40,411,467,12,956,968,1435
01/29/2020,PUB,CO,ANM,WE,Towers with Radar,0,9,27,2,38,0,0,8,354,362,0,9,35,356,400,2,968,970,1370
01/30/2020,PUB,CO,ANM,WE,Towers with Radar,2,12,13,5,32,0,2,19,303,324,2,14,32,308,356,2,836,838,1194
01/31/2020,PUB,CO,ANM,WE,Towers with Radar,0,11,16,3,30,0,2,24,246,272,0,13,40,249,302,12,610,622,924
02/01/2020,PUB,CO,ANM,WE,Towers with Radar,0,5,15,18,38,0,3,25,5,33,0,8,40,23,71,10,6,16,87
02/02/2020,PUB,CO,ANM,WE,Towers with Radar,1,10,21,1,33,0,2,39,2,43,1,12,60,3,76,22,0,22,98
02/03/2020,PUB,CO,ANM,WE,Towers with Radar,0,3,18,2,23,0,0,0,51,51,0,3,18,53,74,0,164,164,238
02/04/2020,PUB,CO,ANM,WE,Towers with Radar,0,4,2,9,15,0,0,1,4,5,0,4,3,13,20,0,22,22,42
02/05/2020,PUB,CO,ANM,WE,Towers with Radar,0,8,6,10,24,0,0,25,1273,1298,0,8,31,1283,1322,16,902,918,2240
02/06/2020,PUB,CO,ANM,WE,Towers with Radar,0,12,14,4,30,0,0,25,318,343,0,12,39,322,373,4,734,738,1111
02/07/2020,PUB,CO,ANM,WE,Towers with Radar,0,6,7,0,13,0,0,1,0,1,0,6,8,0,14,0,0,0,14
02/08/2020,PUB,CO,ANM,WE,Towers with Radar,0,5,13,19,37,0,2,29,11,42,0,7,42,30,79,52,30,82,161
02/09/2020,PUB,CO,ANM,WE,Towers with Radar,0,4,19,0,23,0,0,9,2,11,0,4,28,2,34,36,20,56,90
02/10/2020,PUB,CO,ANM,WE,Towers with Radar,0,8,9,6,23,0,0,6,347,353,0,8,15,353,376,0,774,774,1150
02/11/2020,PUB,CO,ANM,WE,Towers with Radar,0,6,10,13,29,0,5,9,263,277,0,11,19,276,306,9,542,551,857
02/12/2020,PUB,CO,ANM,WE,Towers with Radar,0,13,5,2,20,0,1,15,281,297,0,14,20,283,317,16,324,340,657
02/13/2020,PUB,CO,ANM,WE,Towers with Radar,0,13,11,2,26,0,0,10,140,150,0,13,21,142,176,8,436,444,620
02/14/2020,PUB,CO,ANM,WE,Towers with Radar,0,10,8,10,28,0,1,21,304,326,0,11,29,314,354,12,572,584,938
02/15/2020,PUB,CO,ANM,WE,Towers with Radar,0,4,20,0,24,0,1,41,7,49,0,5,61,7,73,20,6,26,99
02/16/2020,PUB,CO,ANM,WE,Towers with Radar,0,5,13,0,18,0,2,36,6,44,0,7,49,6,62,34,4,38,100
02/17/2020,PUB,CO,ANM,WE,Towers with Radar,0,26,15,0,41,0,7,22,1,30,0,33,37,1,71,42,0,42,113
02/18/2020,PUB,CO,ANM,WE,Towers with Radar,0,4,10,0,14,0,0,0,0,0,0,4,10,0,14,0,0,0,14
02/19/2020,PUB,CO,ANM,WE,Towers with Radar,0,11,23,4,38,0,4,2,219,225,0,15,25,223,263,2,350,352,615
02/20/2020,PUB,CO,ANM,WE,Towers with Radar,0,10,14,2,26,0,0,1,236,237,0,10,15,238,263,0,416,416,679
02/21/2020,PUB,CO,ANM,WE,Towers with Radar,0,8,21,2,31,0,2,31,291,324,0,10,52,293,355,16,572,588,943
02/22/2020,PUB,CO,ANM,WE,Towers with Radar,0,4,27,4,35,0,1,45,2,48,0,5,72,6,83,38,0,38,121
02/23/2020,PUB,CO,ANM,WE,Towers with Radar,0,6,6,0,12,0,2,1,0,3,0,8,7,0,15,10,0,10,25
02/24/2020,PUB,CO,ANM,WE,Towers with Radar,0,7,12,1,20,2,0,7,144,153,2,7,19,145,173,4,288,292,465
02/25/2020,PUB,CO,ANM,WE,Towers with Radar,0,9,5,2,16,0,0,1,17,18,0,9,6,19,34,0,38,38,72
02/26/2020,PUB,CO,ANM,WE,Towers with Radar,0,12,22,13,47,0,2,52,363,417,0,14,74,376,464,8,768,776,1240
02/27/2020,PUB,CO,ANM,WE,Towers with Radar,2,13,22,19,56,0,0,23,336,359,2,13,45,355,415,14,680,694,1109
02/28/2020,PUB,CO,ANM,WE,Towers with Radar,0,8,17,9,34,0,0,35,248,283,0,8,52,257,317,40,696,736,1053
02/29/2020,PUB,CO,ANM,WE,Towers with Radar,0,6,16,4,26,0,0,37,236,273,0,6,53,240,299,54,514,568,867
03/01/2020,PUB,CO,ANM,WE,Towers with Radar,2,5,10,2,19,0,0,26,2,28,2,5,36,4,47,0,0,0,47
03/02/2020,PUB,CO,ANM,WE,Towers with Radar,0,11,15,8,34,0,0,13,272,285,0,11,28,280,319,10,220,230,549
03/03/2020,PUB,CO,ANM,WE,Towers with Radar,1,7,10,19,37,0,1,20,410,431,1,8,30,429,468,38,890,928,1396
03/04/2020,PUB,CO,ANM,WE,Towers with Radar,0,7,15,10,32,0,2,26,382,410,0,9,41,392,442,27,910,937,1379
03/05/2020,PUB,CO,ANM,WE,Towers with Radar,0,8,15,9,32,0,0,26,306,332,0,8,41,315,364,8,624,632,996
03/06/2020,PUB,CO,ANM,WE,Towers with Radar,0,7,16,30,53,0,0,28,93,121,0,7,44,123,174,16,188,204,378
03/07/2020,PUB,CO,ANM,WE,Towers with Radar,0,4,32,0,36,0,1,37,1,39,0,5,69,1,75,12,0,12,87
03/08/2020,PUB,CO,ANM,WE,Towers with Radar,0,8,18,2,28,0,0,28,3,31,0,8,46,5,59,20,0,20,79
03/09/2020,PUB,CO,ANM,WE,Towers with Radar,0,14,20,9,43,0,0,40,353,393,0,14,60,362,436,16,794,810,1246
03/10/2020,PUB,CO,ANM,WE,Towers with Radar,2,12,44,4,62,0,0,66,334,400,2,12,110,338,462,2,750,752,1214
03/11/2020,PUB,CO,ANM,WE,Towers with Radar,1,9,39,5,54,0,1,41,319,361,1,10,80,324,415,10,636,646,1061
03/12/2020,PUB,CO,ANM,WE,Towers with Radar,0,8,27,11,46,0,2,19,199,220,0,10,46,210,266,4,500,504,770
03/13/2020,PUB,CO,ANM,WE,Towers with Radar,0,8,7,0,15,0,0,0,4,4,0,8,7,4,19,0,4,4,23
03/14/2020,PUB,CO,ANM,WE,Towers with Radar,0,18,44,1,63,0,0,1,1,2,0,18,45,2,65,4,0,4,69
03/15/2020,PUB,CO,ANM,WE,Towers with Radar,0,11,16,0,27,0,0,4,0,4,0,11,20,0,31,75,0,75,106
03/16/2020,PUB,CO,ANM,WE,Towers with Radar,0,9,32,5,46,0,0,31,282,313,0,9,63,287,359,4,966,970,1329
03/17/2020,PUB,CO,ANM,WE,Towers with Radar,0,9,17,7,33,0,0,0,17,17,0,9,17,24,50,0,12,12,62
03/18/2020,PUB,CO,ANM,WE,Towers with Radar,0,6,32,16,54,0,0,27,338,365,0,6,59,354,419,16,596,612,1031
03/19/2020,PUB,CO,ANM,WE,Towers with Radar,1,9,17,0,27,0,0,0,57,57,1,9,17,57,84,0,36,36,120
03/20/2020,PUB,CO,ANM,WE,Towers with Radar,0,7,18,2,27,0,0,3,257,260,0,7,21,259,287,0,744,744,1031
03/21/2020,PUB,CO,ANM,WE,Towers with Radar,0,6,14,0,20,0,0,16,0,16,0,6,30,0,36,24,0,24,60
03/22/2020,PUB,CO,ANM,WE,Towers with Radar,0,0,7,0,7,0,2,24,0,26,0,2,31,0,33,10,0,10,43
03/23/2020,PUB,CO,ANM,WE,Towers with Radar,0,5,9,0,14,0,0,30,249,279,0,5,39,249,293,30,692,722,1015
03/24/2020,PUB,CO,ANM,WE,Towers with Radar,1,7,19,6,33,0,0,26,353,379,1,7,45,359,412,24,696,720,1132
03/25/2020,PUB,CO,ANM,WE,Towers with Radar,0,9,19,2,30,0,1,28,246,275,0,10,47,248,305,2,588,590,895
03/26/2020,PUB,CO,ANM,WE,Towers with Radar,0,10,7,3,20,0,0,16,128,144,0,10,23,131,164,8,264,272,436
03/27/2020,PUB,CO,ANM,WE,Towers with Radar,0,7,9,0,16,0,2,8,182,192,0,9,17,182,208,10,402,412,620
03/28/2020,PUB,CO,ANM,WE,Towers with Radar,0,6,5,0,11,0,0,14,0,14,0,6,19,0,25,2,0,2,27
03/29/2020,PUB,CO,ANM,WE,Towers with Radar,0,4,16,0,20,0,2,39,0,41,0,6,55,0,61,10,0,10,71
03/30/2020,PUB,CO,ANM,WE,Towers with Radar,0,8,6,1,15,0,0,13,212,225,0,8,19,213,240,0,370,370,610
03/31/2020,PUB,CO,ANM,WE,Towers with Radar,0,7,9,1,17,0,0,28,221,249,0,7,37,222,266,10,448,458,724
04/01/2020,PUB,CO,ANM,WE,Towers with Radar,0,8,6,4,18,0,0,17,246,263,0,8,23,250,281,4,540,544,825
04/02/2020,PUB,CO,ANM,WE,Towers with Radar,0,8,6,8,22,0,2,2,136,140,0,10,8,144,162,0,513,513,675
04/03/2020,PUB,CO,ANM,WE,Towers with Radar,0,12,13,0,25,0,3,7,176,186,0,15,20,176,211,6,594,600,811
04/04/2020,PUB,CO,ANM,WE,Towers with Radar,0,5,17,0,22,0,4,29,0,33,0,9,46,0,55,32,0,32,87
04/05/2020,PUB,CO,ANM,WE,Towers with Radar,0,5,16,0,21,0,1,30,0,31,0,6,46,0,52,30,0,30,82
04/06/2020,PUB,CO,ANM,WE,Towers with Radar,0,6,8,0,14,0,4,14,161,179,0,10,22,161,193,0,304,304,497
04/07/2020,PUB,CO,ANM,WE,Towers with Radar,0,10,5,5,20,0,0,6,154,160,0,10,11,159,180,0,258,258,438
04/08/2020,PUB,CO,ANM,WE,Towers with Radar,0,9,5,1,15,0,0,17,145,162,0,9,22,146,177,2,386,388,565
04/09/2020,PUB,CO,ANM,WE,Towers with Radar,0,11,7,0,18,1,0,13,132,146,1,11,20,132,164,0,286,286,450
04/10/2020,PUB,CO,ANM,WE,Towers with Radar,1,7,4,0,12,0,0,9,107,116,1,7,13,107,128,0,282,282,410
04/11/2020,PUB,CO,ANM,WE,Towers with Radar,0,5,15,0,20,0,0,13,0,13,0,5,28,0,33,22,0,22,55
04/12/2020,PUB,CO,ANM,WE,Towers with Radar,0,7,3,0,10,0,0,0,0,0,0,7,3,0,10,0,0,0,10
04/13/2020,PUB,CO,ANM,WE,Towers with Radar,0,4,3,0,7,0,0,2,84,86,0,4,5,84,93,0,274,274,367
04/14/2020,PUB,CO,ANM,WE,Towers with Radar,0,6,12,6,24,0,4,8,86,98,0,10,20,92,122,6,360,366,488
04/15/2020,PUB,CO,ANM,WE,Towers with Radar,0,8,9,4,21,0,0,33,80,113,0,8,42,84,134,14,272,286,420
04/16/2020,PUB,CO,ANM,WE,Towers with Radar,0,10,2,0,12,0,2,9,53,64,0,12,11,53,76,10,190,200,276
04/17/2020,PUB,CO,ANM,WE,Towers with Radar,0,15,3,0,18,0,0,12,52,64,0,15,15,52,82,26,202,228,310
04/18/2020,PUB,CO,ANM,WE,Towers with Radar,0,4,3,0,7,0,0,11,0,11,0,4,14,0,18,20,22,42,60
04/19/2020,PUB,CO,ANM,WE,Towers with Radar,0,5,2,0,7,0,0,7,0,7,0,5,9,0,14,0,0,0,14
04/20/2020,PUB,CO,ANM,WE,Towers with Radar,0,7,2,4,13,0,0,15,183,198,0,7,17,187,211,6,114,120,331
04/21/2020,PUB,CO,ANM,WE,Towers with Radar,0,6,8,0,14,0,0,9,248,257,0,6,17,248,271,0,88,88,359
04/22/2020,PUB,CO,ANM,WE,Towers with Radar,0,9,3,1,13,1,5,10,157,173,1,14,13,158,186,0,42,42,228
04/23/2020,PUB,CO,ANM,WE,Towers with Radar,0,8,13,1,22,0,0,5,44,49,0,8,18,45,71,0,72,72,143
04/24/2020,PUB,CO,ANM,WE,Towers with Radar,0,9,6,0,15,0,0,4,24,28,0,9,10,24,43,8,14,22,65
04/25/2020,PUB,CO,ANM,WE,Towers with Radar,0,5,11,0,16,0,1,26,2,29,0,6,37,2,45,18,6,24,69
04/26/2020,PUB,CO,ANM,WE,Towers with Radar,0,6,4,0,10,0,0,14,0,14,0,6,18,0,24,14,0,14,38
04/27/2020,PUB,CO,ANM,WE,Towers with Radar,0,6,7,2,15,0,5,26,44,75,0,11,33,46,90,2,68,70,160
04/28/2020,PUB,CO,ANM,WE,Towers with Radar,0,5,7,3,15,0,1,10,143,154,0,6,17,146,169,6,150,156,325
04/29/2020,PUB,CO,ANM,WE,Towers with Radar,0,8,12,0,20,0,0,37,137,174,0,8,49,137,194,16,134,150,344
04/30/2020,PUB,CO,ANM,WE,Towers with Radar,0,11,4,2,17,0,1,32,121,154,0,12,36,123,171,0,142,142,313
05/01/2020,PUB,CO,ANM,WE,Towers with Radar,0,6,10,2,18,0,0,18,139,157,0,6,28,141,175,8,196,204,379
05/02/2020,PUB,CO,ANM,WE,Towers with Radar,0,5,11,8,24,0,2,12,4,18,0,7,23,12,42,0,0,0,42
05/03/2020,PUB,CO,ANM,WE,Towers with Radar,0,5,12,0,17,0,3,37,0,40,0,8,49,0,57,60,0,60,117
05/04/2020,PUB,CO,ANM,WE,Towers with Radar,0,6,16,9,31,0,0,11,94,105,0,6,27,103,136,8,96,104,240
05/05/2020,PUB,CO,ANM,WE,Towers with Radar,0,8,16,0,24,0,6,40,136,182,0,14,56,136,206,16,332,348,554
05/06/2020,PUB,CO,ANM,WE,Towers with Radar,0,10,17,4,31,0,2,34,139,175,0,12,51,143,206,36,390,426,632
05/07/2020,PUB,CO,ANM,WE,Towers with Radar,0,8,8,4,20,0,0,16,121,137,0,8,24,125,157,0,260,260,417
05/08/2020,PUB,CO,ANM,WE,Towers with Radar,0,8,14,0,22,0,0,14,126,140,0,8,28,126,162,2,260,262,424
05/09/2020,PUB,CO,ANM,WE,Towers with Radar,0,7,5,0,12,0,0,19,0,19,0,7,24,0,31,0,2,2,33
05/10/2020,PUB,CO,ANM,WE,Towers with Radar,0,4,8,0,12,2,0,34,0,36,2,4,42,0,48,6,0,6,54
05/11/2020,PUB,CO,ANM,WE,Towers with Radar,0,6,10,1,17,0,2,10,118,130,0,8,20,119,147,6,422,428,575
05/12/2020,PUB,CO,ANM,WE,Towers with Radar,0,5,15,9,29,0,4,12,33,49,0,9,27,42,78,2,186,188,266
05/13/2020,PUB,CO,ANM,WE,Towers with Radar,0,11,16,14,41,0,2,41,154,197,0,13,57,168,238,8,394,402,640
05/14/2020,PUB,CO,ANM,WE,Towers with Radar,2,14,5,1,22,0,3,34,145,182,2,17,39,146,204,14,300,314,518
05/15/2020,PUB,CO,ANM,WE,Towers with Radar,0,9,16,1,26,0,0,24,125,149,0,9,40,126,175,42,344,386,561
05/16/2020,PUB,CO,ANM,WE,Towers with Radar,0,6,19,2,27,0,5,35,1,41,0,11,54,3,68,48,0,48,116
05/17/2020,PUB,CO,ANM,WE,Towers with Radar,0,6,17,0,23,0,0,53,1,54,0,6,70,1,77,22,0,22,99
05/18/2020,PUB,CO,ANM,WE,Towers with Radar,0,6,11,5,22,0,2,33,102,137,0,8,44,107,159,8,246,254,413
05/19/2020,PUB,CO,ANM,WE,Towers with Radar,0,11,16,6,33,0,0,23,70,93,0,11,39,76,126,12,118,130,256
05/20/2020,PUB,CO,ANM,WE,Towers with Radar,0,8,16,0,24,0,0,11,232,243,0,8,27,232,267,8,90,98,365
05/21/2020,PUB,CO,ANM,WE,Towers with Radar,0,11,33,14,58,0,4,27,30,61,0,15,60,44,119,2,2,4,123
05/22/2020,PUB,CO,ANM,WE,Towers with Radar,0,8,20,3,31,0,4,30,23,57,0,12,50,26,88,2,22,24,112
05/23/2020,PUB,CO,ANM,WE,Towers with Radar,0,6,12,3,21,0,3,50,5,58,0,9,62,8,79,22,0,22,101
05/24/2020,PUB,CO,ANM,WE,Towers with Radar,0,5,16,2,23,0,1,11,4,16,0,6,27,6,39,2,0,2,41
05/25/2020,PUB,CO,ANM,WE,Towers with Radar,0,4,15,2,21,0,2,25,7,34,0,6,40,9,55,4,0,4,59
05/26/2020,PUB,CO,ANM,WE,Towers with Radar,0,8,14,0,22,0,3,45,40,88,0,11,59,40,110,8,60,68,178
05/27/2020,PUB,CO,ANM,WE,Towers with Radar,0,8,11,1,20,0,0,44,32,76,0,8,55,33,96,4,30,34,130
05/28/2020,PUB,CO,ANM,WE,Towers with Radar,0,8,8,10,26,0,1,35,37,73,0,9,43,47,99,10,48,58,157
05/29/2020,PUB,CO,ANM,WE,Towers with Radar,0,9,10,0,19,1,5,42,18,66,1,14,52,18,85,30,16,46,131
05/30/2020,PUB,CO,ANM,WE,Towers with Radar,0,7,8,0,15,0,0,24,0,24,0,7,32,0,39,14,0,14,53
05/31/2020,PUB,CO,ANM,WE,Towers with Radar,0,5,5,0,10,0,0,27,2,29,0,5,32,2,39,58,0,58,97
06/01/2020,PUB,CO,ANM,WE,Towers with Radar,0,6,11,4,21,0,0,18,19,37,0,6,29,23,58,16,6,22,80
06/02/2020,PUB,CO,ANM,WE,Towers with Radar,0,9,13,2,24,0,0,21,119,140,0,9,34,121,164,42,72,114,278
06/03/2020,PUB,CO,ANM,WE,Towers with Radar,0,9,10,4,23,0,2,20,107,129,0,11,30,111,152,0,114,114,266
06/04/2020,PUB,CO,ANM,WE,Towers with Radar,0,8,18,1,27,0,0,21,114,135,0,8,39,115,162,0,139,139,301
06/05/2020,PUB,CO,ANM,WE,Towers with Radar,0,11,11,1,23,0,30,35,131,196,0,41,46,132,219,18,186,204,423
06/06/2020,PUB,CO,ANM,WE,Towers with Radar,0,7,4,0,11,0,11,14,0,25,0,18,18,0,36,16,12,28,64
06/07/2020,PUB,CO,ANM,WE,Towers with Radar,0,4,11,0,15,0,1,18,0,19,0,5,29,0,34,18,0,18,52
06/08/2020,PUB,CO,ANM,WE,Towers with Radar,0,8,15,0,23,0,0,13,136,149,0,8,28,136,172,4,134,138,310
06/09/2020,PUB,CO,ANM,WE,Towers with Radar,0,11,6,0,17,0,1,2,27,30,0,12,8,27,47,4,80,84,131
06/10/2020,PUB,CO,ANM,WE,Towers with Radar,0,12,16,1,29,0,0,43,101,144,0,12,59,102,173,34,386,420,593
06/11/2020,PUB,CO,ANM,WE,Towers with Radar,0,12,6,1,19,0,3,41,139,183,0,15,47,140,202,74,236,310,512
06/12/2020,PUB,CO,ANM,WE,Towers with Radar,0,8,25,0,33,0,3,33,104,140,0,11,58,104,173,28,228,256,429
06/13/2020,PUB,CO,ANM,WE,Towers with Radar,0,9,14,0,23,0,0,20,0,20,0,9,34,0,43,18,0,18,61
06/14/2020,PUB,CO,ANM,WE,Towers with Radar,0,4,13,0,17,0,3,26,0,29,0,7,39,0,46,4,0,4,50
06/15/2020,PUB,CO,ANM,WE,Towers with Radar,0,18,18,3,39,0,6,42,122,170,0,24,60,125,209,26,284,310,519
06/16/2020,PUB,CO,ANM,WE,Towers with Radar,0,10,7,10,27,0,0,28,121,149,0,10,35,131,176,21,306,327,503
06/17/2020,PUB,CO,ANM,WE,Towers with Radar,0,9,18,4,31,0,5,40,168,213,0,14,58,172,244,17,486,503,747
06/18/2020,PUB,CO,ANM,WE,Towers with Radar,0,9,14,13,36,0,0,15,66,81,0,9,29,79,117,0,18,18,135
06/19/2020,PUB,CO,ANM,WE,Towers with Radar,0,13,15,1,29,0,1,20,124,145,0,14,35,125,174,34,334,368,542
06/20/2020,PUB,CO,ANM,WE,Towers with Radar,0,6,18,0,24,0,0,62,0,62,0,6,80,0,86,22,0,22,108
06/21/2020,PUB,CO,ANM,WE,Towers with Radar,0,8,21,0,29,0,2,47,0,49,0,10,68,0,78,42,0,42,120
06/22/2020,PUB,CO,ANM,WE,Towers with Radar,0,8,10,4,22,0,2,15,77,94,0,10,25,81,116,2,218,220,336
06/23/2020,PUB,CO,ANM,WE,Towers with Radar,0,8,20,0,28,0,1,37,68,106,0,9,57,68,134,14,114,128,262
06/24/2020,PUB,CO,ANM,WE,Towers with Radar,0,9,18,6,33,0,3,27,57,87,0,12,45,63,120,30,144,174,294
06/25/2020,PUB,CO,ANM,WE,Towers with Radar,0,8,13,5,26,0,21,28,47,96,0,29,41,52,122,50,90,140,262
06/26/2020,PUB,CO,ANM,WE,Towers with Radar,0,9,10,1,20,0,3,41,32,76,0,12,51,33,96,18,128,146,242
06/27/2020,PUB,CO,ANM,WE,Towers with Radar,0,8,27,2,37,0,4,46,0,50,0,12,73,2,87,32,0,32,119
06/28/2020,PUB,CO,ANM,WE,Towers with Radar,0,5,32,0,37,0,1,44,0,45,0,6,76,0,82,50,0,50,132
06/29/2020,PUB,CO,ANM,WE,Towers with Radar,0,10,19,5,34,0,5,33,140,178,0,15,52,145,212,10,134,144,356
06/30/2020,PUB,CO,ANM,WE,Towers with Radar,0,8,30,0,38,0,1,29,96,126,0,9,59,96,164,48,116,164,328
07/01/2020,PUB,CO,ANM,WE,Towers with Radar,0,11,33,0,44,0,2,24,148,174,0,13,57,148,218,40,158,198,416
07/02/2020,PUB,CO,ANM,WE,Towers with Radar,0,11,17,2,30,0,7,26,6,39,0,18,43,8,69,26,0,26,95
07/03/2020,PUB,CO,ANM,WE,Towers with Radar,0,8,8,0,16,0,6,33,0,39,0,14,41,0,55,48,0,48,103
07/04/2020,PUB,CO,ANM,WE,Towers with Radar,0,4,3,0,7,0,4,19,0,23,0,8,22,0,30,8,0,8,38
07/05/2020,PUB,CO,ANM,WE,Towers with Radar,0,8,16,4,28,0,3,26,8,37,0,11,42,12,65,32,0,32,97
07/06/2020,PUB,CO,ANM,WE,Towers with Radar,0,17,18,1,36,0,2,44,128,174,0,19,62,129,210,70,214,284,494
07/07/2020,PUB,CO,ANM,WE,Towers with Radar,0,9,12,5,26,0,0,28,134,162,0,9,40,139,188,12,204,216,404
07/08/2020,PUB,CO,ANM,WE,Towers with Radar,0,12,13,2,27,0,14,35,101,150,0,26,48,103,177,16,407,423,600
07/09/2020,PUB,CO,ANM,WE,Towers with Radar,0,11,9,3,23,0,11,37,132,180,0,22,46,135,203,48,172,220,423
07/10/2020,PUB,CO,ANM,WE,Towers with Radar,0,12,17,0,29,0,3,31,121,155,0,15,48,121,184,156,508,664,848
07/11/2020,PUB,CO,ANM,WE,Towers with Radar,0,6,8,0,14,0,2,16,0,18,0,8,24,0,32,6,0,6,38
07/12/2020,PUB,CO,ANM,WE,Towers with Radar,0,10,24,0,34,0,5,29,0,34,0,15,53,0,68,40,0,40,108
07/13/2020,PUB,CO,ANM,WE,Towers with Radar,0,17,13,0,30,0,1,20,126,147,0,18,33,126,177,30,166,196,373
07/14/2020,PUB,CO,ANM,WE,Towers with Radar,0,15,7,1,23,0,0,26,132,158,0,15,33,133,181,6,292,298,479
07/15/2020,PUB,CO,ANM,WE,Towers with Radar,0,14,18,1,33,2,1,28,134,165,2,15,46,135,198,12,308,320,518
07/16/2020,PUB,CO,ANM,WE,Towers with Radar,0,11,14,4,29,0,1,35,130,166,0,12,49,134,195,8,272,280,475
07/17/2020,PUB,CO,ANM,WE,Towers with Radar,0,13,19,6,38,0,0,33,99,132,0,13,52,105,170,0,200,200,370
07/18/2020,PUB,CO,ANM,WE,Towers with Radar,0,7,16,0,23,0,3,66,1,70,0,10,82,1,93,44,0,44,137
07/19/2020,PUB,CO,ANM,WE,Towers with Radar,0,7,8,0,15,0,0,20,0,20,0,7,28,0,35,8,0,8,43
07/20/2020,PUB,CO,ANM,WE,Towers with Radar,0,9,8,0,17,0,1,25,56,82,0,10,33,56,99,12,132,144,243
07/21/2020,PUB,CO,ANM,WE,Towers with Radar,0,11,15,1,27,0,3,15,21,39,0,14,30,22,66,8,38,46,112
07/22/2020,PUB,CO,ANM,WE,Towers with Radar,0,13,23,0,36,0,0,32,42,74,0,13,55,42,110,36,74,110,220
07/23/2020,PUB,CO,ANM,WE,Towers with Radar,0,14,11,0,25,0,3,49,40,92,0,17,60,40,117,50,102,152,269
07/24/2020,PUB,CO,ANM,WE,Towers with Radar,0,10,10,0,20,0,3,23,31,57,0,13,33,31,77,24,58,82,159
07/25/2020,PUB,CO,ANM,WE,Towers with Radar,0,10,16,30,56,0,6,36,10,52,0,16,52,40,108,12,4,16,124
07/26/2020,PUB,CO,ANM,WE,Towers with Radar,0,6,25,5,36,0,0,43,2,45,0,6,68,7,81,10,0,10,91
07/27/2020,PUB,CO,ANM,WE,Towers with Radar,0,8,19,0,27,0,0,23,150,173,0,8,42,150,200,35,178,213,413
07/28/2020,PUB,CO,ANM,WE,Towers with Radar,0,7,23,6,36,0,0,14,77,91,0,7,37,83,127,10,138,148,275
07/29/2020,PUB,CO,ANM,WE,Towers with Radar,0,15,23,4,42,0,3,33,147,183,0,18,56,151,225,36,220,256,481
07/30/2020,PUB,CO,ANM,WE,Towers with Radar,0,10,33,6,49,0,0,32,151,183,0,10,65,157,232,12,188,200,432
07/31/2020,PUB,CO,ANM,WE,Towers with Radar,0,11,20,6,37,0,2,45,136,183,0,13,65,142,220,38,200,238,458
08/01/2020,PUB,CO,ANM,WE,Towers with Radar,0,6,9,22,37,0,3,52,21,76,0,9,61,43,113,38,2,40,153
08/02/2020,PUB,CO,ANM,WE,Towers with Radar,0,6,33,0,39,0,1,34,0,35,0,7,67,0,74,50,0,50,124
08/03/2020,PUB,CO,ANM,WE,Towers with Radar,0,10,19,3,32,0,3,16,100,119,0,13,35,103,151,16,528,544,695
08/04/2020,PUB,CO,ANM,WE,Towers with Radar,0,8,14,4,26,0,2,18,128,148,0,10,32,132,174,6,16,22,196
08/05/2020,PUB,CO,ANM,WE,Towers with Radar,0,10,34,1,45,0,3,18,134,155,0,13,52,135,200,24,14,38,238
08/06/2020,PUB,CO,ANM,WE,Towers with Radar,0,12,20,0,32,0,1,33,158,192,0,13,53,158,224,24,20,44,268
08/07/2020,PUB,CO,ANM,WE,Towers with Radar,2,11,30,1,44,0,1,35,139,175,2,12,65,140,219,40,30,70,289
08/08/2020,PUB,CO,ANM,WE,Towers with Radar,0,8,13,8,29,0,0,53,1,54,0,8,66,9,83,40,6,46,129
08/09/2020,PUB,CO,ANM,WE,Towers with Radar,0,12,20,0,32,0,2,31,2,35,0,14,51,2,67,22,0,22,89
08/10/2020,PUB,CO,ANM,WE,Towers with Radar,0,15,27,4,46,0,3,21,137,161,0,18,48,141,207,18,34,52,259
08/11/2020,PUB,CO,ANM,WE,Towers with Radar,2,15,9,0,26,0,5,31,134,170,2,20,40,134,196,7,14,21,217
08/12/2020,PUB,CO,ANM,WE,Towers with Radar,0,12,19,0,31,0,0,18,122,140,0,12,37,122,171,4,142,146,317
08/13/2020,PUB,CO,ANM,WE,Towers with Radar,0,11,27,7,45,0,3,27,135,165,0,14,54,142,210,10,32,42,252
08/14/2020,PUB,CO,ANM,WE,Towers with Radar,0,14,5,13,32,0,2,17,84,103,0,16,22,97,135,18,68,86,221
08/15/2020,PUB,CO,ANM,WE,Towers with Radar,0,8,15,3,26,0,0,24,8,32,0,8,39,11,58,2,6,8,66
08/16/2020,PUB,CO,ANM,WE,Towers with Radar,0,7,29,0,36,0,3,24,2,29,0,10,53,2,65,0,8,8,73
08/17/2020,PUB,CO,ANM,WE,Towers with Radar,0,11,22,3,36,0,0,20,177,197,0,11,42,180,233,26,226,252,485
08/18/2020,PUB,CO,ANM,WE,Towers with Radar,0,12,20,1,33,0,1,52,156,209,0,13,72,157,242,32,188,220,462
08/19/2020,PUB,CO,ANM,WE,Towers with Radar,0,13,24,9,46,0,2,48,144,194,0,15,72,153,240,18,230,248,488
08/20/2020,PUB,CO,ANM,WE,Towers with Radar,0,12,18,0,30,0,0,31,151,182,0,12,49,151,212,22,204,226,438
08/21/2020,PUB,CO,ANM,WE,Towers with Radar,0,12,16,15,43,0,2,40,148,190,0,14,56,163,233,22,220,242,475
08/22/2020,PUB,CO,ANM,WE,Towers with Radar,0,6,10,29,45,0,3,32,2,37,0,9,42,31,82,4,0,4,86
08/23/2020,PUB,CO,ANM,WE,Towers with Radar,0,10,29,0,39,0,0,16,3,19,0,10,45,3,58,16,0,16,74
08/24/2020,PUB,CO,ANM,WE,Towers with Radar,0,10,15,0,25,0,1,16,194,211,0,11,31,194,236,58,598,656,892
08/25/2020,PUB,CO,ANM,WE,Towers with Radar,0,9,6,1,16,0,6,17,187,210,0,15,23,188,226,18,2,20,246
08/26/2020,PUB,CO,ANM,WE,Towers with Radar,0,15,19,0,34,0,3,38,201,242,0,18,57,201,276,22,72,94,370
08/27/2020,PUB,CO,ANM,WE,Towers with Radar,0,18,11,6,35,0,3,36,199,238,0,21,47,205,273,38,312,350,623
08/28/2020,PUB,CO,ANM,WE,Towers with Radar,3,11,11,1,26,0,7,15,43,65,3,18,26,44,91,16,52,68,159
08/29/2020,PUB,CO,ANM,WE,Towers with Radar,0,7,10,0,17,0,3,22,0,25,0,10,32,0,42,10,0,10,52
08/30/2020,PUB,CO,ANM,WE,Towers with Radar,0,8,16,0,24,0,4,45,0,49,0,12,61,0,73,20,0,20,93
08/31/2020,PUB,CO,ANM,WE,Towers with Radar,0,13,15,0,28,0,2,31,333,366,0,15,46,333,394,78,518,596,990
09/01/2020,PUB,CO,ANM,WE,Towers with Radar,0,12,21,1,34,0,0,20,307,327,0,12,41,308,361,10,634,644,1005
09/02/2020,PUB,CO,ANM,WE,Towers with Radar,0,10,28,3,41,0,4,44,274,322,0,14,72,277,363,22,426,448,811
09/03/2020,PUB,CO,ANM,WE,Towers with Radar,0,12,26,8,46,0,0,23,218,241,0,12,49,226,287,8,332,340,627
09/04/2020,PUB,CO,ANM,WE,Towers with Radar,0,19,12,0,31,0,1,53,220,274,0,20,65,220,305,46,478,524,829
09/05/2020,PUB,CO,ANM,WE,Towers with Radar,0,10,14,0,24,0,2,42,0,44,0,12,56,0,68,30,0,30,98
09/06/2020,PUB,CO,ANM,WE,Towers with Radar,0,5,11,1,17,0,0,29,2,31,0,5,40,3,48,12,0,12,60
09/07/2020,PUB,CO,ANM,WE,Towers with Radar,0,15,15,0,30,0,0,33,0,33,0,15,48,0,63,50,0,50,113
09/08/2020,PUB,CO,ANM,WE,Towers with Radar,0,11,12,2,25,0,0,0,0,0,0,11,12,2,25,0,0,0,25
09/09/2020,PUB,CO,ANM,WE,Towers with Radar,0,7,17,0,24,0,0,0,83,83,0,7,17,83,107,0,472,472,579
09/10/2020,PUB,CO,ANM,WE,Towers with Radar,0,9,30,1,40,0,2,0,188,190,0,11,30,189,230,10,1038,1048,1278
09/11/2020,PUB,CO,ANM,WE,Towers with Radar,0,10,11,4,25,0,4,29,182,215,0,14,40,186,240,6,425,431,671
09/12/2020,PUB,CO,ANM,WE,Towers with Radar,0,8,26,0,34,0,2,60,0,62,0,10,86,0,96,42,0,42,138
09/13/2020,PUB,CO,ANM,WE,Towers with Radar,0,4,25,0,29,0,0,57,0,57,0,4,82,0,86,36,2,38,124
09/14/2020,PUB,CO,ANM,WE,Towers with Radar,0,8,27,0,35,0,2,28,273,303,0,10,55,273,338,24,690,714,1052
09/15/2020,PUB,CO,ANM,WE,Towers with Radar,0,10,14,3,27,0,4,28,248,280,0,14,42,251,307,12,620,632,939
09/16/2020,PUB,CO,ANM,WE,Towers with Radar,0,11,19,2,32,0,2,17,122,141,0,13,36,124,173,10,244,254,427
09/17/2020,PUB,CO,ANM,WE,Towers with Radar,0,11,11,3,25,0,3,29,345,377,0,14,40,348,402,6,520,526,928
09/18/2020,PUB,CO,ANM,WE,Towers with Radar,0,11,23,13,47,0,0,37,308,345,0,11,60,321,392,8,616,624,1016
09/19/2020,PUB,CO,ANM,WE,Towers with Radar,0,5,14,25,44,0,3,75,16,94,0,8,89,41,138,58,42,100,238
09/20/2020,PUB,CO,ANM,WE,Towers with Radar,0,6,22,2,30,0,2,36,0,38,0,8,58,2,68,56,0,56,124
09/21/2020,PUB,CO,ANM,WE,Towers with Radar,0,6,20,3,29,0,4,34,302,340,0,10,54,305,369,42,670,712,1081
09/22/2020,PUB,CO,ANM,WE,Towers with Radar,0,7,11,7,25,0,3,26,257,286,0,10,37,264,311,30,518,548,859
09/23/2020,PUB,CO,ANM,WE,Towers with Radar,0,13,10,9,32,0,2,37,285,324,0,15,47,294,356,16,686,702,1058
09/24/2020,PUB,CO,ANM,WE,Towers with Radar,0,14,22,5,41,0,3,48,337,388,0,17,70,342,429,8,824,832,1261
09/25/2020,PUB,CO,ANM,WE,Towers with Radar,0,8,23,7,38,0,0,36,248,284,0,8,59,255,322,4,350,354,676
09/26/2020,PUB,CO,ANM,WE,Towers with Radar,0,5,18,5,28,0,1,22,4,27,0,6,40,9,55,28,0,28,83
09/27/2020,PUB,CO,ANM,WE,Towers with Radar,0,8,26,7,41,0,1,18,1,20,0,9,44,8,61,16,0,16,77
09/28/2020,PUB,CO,ANM,WE,Towers with Radar,0,7,28,0,35,0,1,26,264,291,0,8,54,264,326,22,298,320,646
09/29/2020,PUB,CO,ANM,WE,Towers with Radar,0,12,18,0,30,0,2,28,292,322,0,14,46,292,352,7,618,625,977
09/30/2020,PUB,CO,ANM,WE,Towers with Radar,0,8,21,5,34,0,0,34,221,255,0,8,55,226,289,0,486,486,775
10/01/2020,PUB,CO,ANM,WE,Towers with Radar,0,10,15,4,29,0,4,37,253,294,0,14,52,257,323,40,560,600,923
10/02/2020,PUB,CO,ANM,WE,Towers with Radar,0,9,15,4,28,0,0,29,171,200,0,9,44,175,228,61,386,447,675
10/03/2020,PUB,CO,ANM,WE,Towers with Radar,0,6,10,11,27,0,2,45,3,50,0,8,55,14,77,54,16,70,147
10/04/2020,PUB,CO,ANM,WE,Towers with Radar,0,5,28,0,33,0,1,49,2,52,0,6,77,2,85,66,0,66,151
10/05/2020,PUB,CO,ANM,WE,Towers with Radar,0,7,13,8,28,0,1,31,198,230,0,8,44,206,258,98,451,549,807
10/06/2020,PUB,CO,ANM,WE,Towers with Radar,2,8,7,10,27,0,1,26,149,176,2,9,33,159,203,16,410,426,629
10/07/2020,PUB,CO,ANM,WE,Towers with Radar,0,14,29,3,46,0,4,29,139,172,0,18,58,142,218,16,240,256,474
10/08/2020,PUB,CO,ANM,WE,Towers with Radar,0,9,21,0,30,0,3,32,124,159,0,12,53,124,189,26,228,254,443
10/09/2020,PUB,CO,ANM,WE,Towers with Radar,0,10,17,8,35,0,5,32,86,123,0,15,49,94,158,18,138,156,314
10/10/2020,PUB,CO,ANM,WE,Towers with Radar,2,4,9,0,15,0,3,28,0,31,2,7,37,0,46,30,0,30,76
10/11/2020,PUB,CO,ANM,WE,Towers with Radar,0,6,7,12,25,0,2,11,1,14,0,8,18,13,39,0,6,6,45
10/12/2020,PUB,CO,ANM,WE,Towers with Radar,0,8,15,6,29,0,1,21,2,24,0,9,36,8,53,58,0,58,111
10/13/2020,PUB,CO,ANM,WE,Towers with Radar,0,6,11,7,24,0,5,20,253,278,0,11,31,260,302,40,252,292,594
10/14/2020,PUB,CO,ANM,WE,Towers with Radar,0,16,12,1,29,0,3,10,234,247,0,19,22,235,276,2,300,302,578
10/15/2020,PUB,CO,ANM,WE,Towers with Radar,0,8,28,1,37,0,2,37,247,286,0,10,65,248,323,12,328,340,663
10/16/2020,PUB,CO,ANM,WE,Towers with Radar,0,8,19,21,48,0,3,36,229,268,0,11,55,250,316,30,342,372,688
10/17/2020,PUB,CO,ANM,WE,Towers with Radar,0,5,14,31,50,0,2,31,8,41,0,7,45,39,91,22,12,34,125
10/18/2020,PUB,CO,ANM,WE,Towers with Radar,0,13,22,30,65,0,0,8,4,12,0,13,30,34,77,6,20,26,103
10/19/2020,PUB,CO,ANM,WE,Towers with Radar,0,7,21,7,35,0,0,32,265,297,0,7,53,272,332,52,515,567,899
10/20/2020,PUB,CO,ANM,WE,Towers with Radar,0,8,21,10,39,0,0,31,273,304,0,8,52,283,343,48,866,914,1257
10/21/2020,PUB,CO,ANM,WE,Towers with Radar,0,10,22,10,42,0,2,33,300,335,0,12,55,310,377,80,588,668,1045
10/22/2020,PUB,CO,ANM,WE,Towers with Radar,0,15,21,1,37,0,1,14,220,235,0,16,35,221,272,0,380,380,652
10/23/2020,PUB,CO,ANM,WE,Towers with Radar,0,11,22,15,48,0,1,10,145,156,0,12,32,160,204,20,720,740,944
10/24/2020,PUB,CO,ANM,WE,Towers with Radar,0,5,26,1,32,0,0,63,5,68,0,5,89,6,100,48,10,58,158
10/25/2020,PUB,CO,ANM,WE,Towers with Radar,0,6,3,0,9,0,0,0,0,0,0,6,3,0,9,0,0,0,9
10/26/2020,PUB,CO,ANM,WE,Towers with Radar,0,5,0,0,5,0,0,0,0,0,0,5,0,0,5,0,0,0,5
10/27/2020,PUB,CO,ANM,WE,Towers with Radar,0,8,24,9,41,0,3,20,200,223,0,11,44,209,264,44,162,206,470
10/28/2020,PUB,CO,ANM,WE,Towers with Radar,0,12,18,0,30,0,1,22,359,382,0,13,40,359,412,28,574,602,1014
10/29/2020,PUB,CO,ANM,WE,Towers with Radar,0,11,17,10,38,0,3,38,334,375,0,14,55,344,413,10,508,518,931
10/30/2020,PUB,CO,ANM,WE,Towers with Radar,0,9,39,33,81,0,0,47,305,352,0,9,86,338,433,46,510,556,989
10/31/2020,PUB,CO,ANM,WE,Towers with Radar,0,4,13,0,17,0,0,29,2,31,0,4,42,2,48,28,0,28,76
11/01/2020,PUB,CO,ANM,WE,Towers with Radar,0,3,17,0,20,0,1,54,15,70,0,4,71,15,90,42,0,42,132
11/02/2020,PUB,CO,ANM,WE,Towers with Radar,0,9,15,8,32,0,3,47,312,362,0,12,62,320,394,30,488,518,912
11/03/2020,PUB,CO,ANM,WE,Towers with Radar,0,6,16,2,24,0,2,47,312,361,0,8,63,314,385,8,690,698,1083
11/04/2020,PUB,CO,ANM,WE,Towers with Radar,0,8,13,19,40,0,4,36,295,335,0,12,49,314,375,10,760,770,1145
11/05/2020,PUB,CO,ANM,WE,Towers with Radar,0,8,23,2,33,0,0,33,271,304,0,8,56,273,337,10,798,808,1145
11/06/2020,PUB,CO,ANM,WE,Towers with Radar,0,10,19,0,29,0,3,30,250,283,0,13,49,250,312,44,570,614,926
11/07/2020,PUB,CO,ANM,WE,Towers with Radar,0,4,16,1,21,0,0,25,3,28,0,4,41,4,49,24,0,24,73
11/08/2020,PUB,CO,ANM,WE,Towers with Radar,0,5,11,4,20,0,0,3,0,3,0,5,14,4,23,0,0,0,23
11/09/2020,PUB,CO,ANM,WE,Towers with Radar,0,6,10,1,17,1,1,6,238,246,1,7,16,239,263,14,242,256,519
11/10/2020,PUB,CO,ANM,WE,Towers with Radar,0,7,14,2,23,0,3,15,86,104,0,10,29,88,127,8,104,112,239
11/11/2020,PUB,CO,ANM,WE,Towers with Radar,0,11,15,0,26,0,1,36,4,41,0,12,51,4,67,70,6,76,143
11/12/2020,PUB,CO,ANM,WE,Towers with Radar,0,12,15,11,38,0,4,26,286,316,0,16,41,297,354,2,174,176,530
11/13/2020,PUB,CO,ANM,WE,Towers with Radar,0,5,2,4,11,0,0,5,159,164,0,5,7,163,175,0,0,0,175
11/14/2020,PUB,CO,ANM,WE,Towers with Radar,0,2,4,0,6,0,0,0,0,0,0,2,4,0,6,0,0,0,6
11/15/2020,PUB,CO,ANM,WE,Towers with Radar,0,3,5,0,8,0,0,9,0,9,0,3,14,0,17,0,0,0,17
11/16/2020,PUB,CO,ANM,WE,Towers with Radar,0,4,2,0,6,0,0,3,124,127,0,4,5,124,133,0,0,0,133
11/17/2020,PUB,CO,ANM,WE,Towers with Radar,1,2,7,5,15,0,0,5,57,62,1,2,12,62,77,0,0,0,77
11/18/2020,PUB,CO,ANM,WE,Towers with Radar,0,5,12,0,17,0,1,2,157,160,0,6,14,157,177,0,0,0,177
11/19/2020,PUB,CO,ANM,WE,Towers with Radar,0,4,5,2,11,0,9,0,169,178,0,13,5,171,189,0,0,0,189
11/20/2020,PUB,CO,ANM,WE,Towers with Radar,0,8,8,2,18,0,1,6,159,166,0,9,14,161,184,8,0,8,192
11/21/2020,PUB,CO,ANM,WE,Towers with Radar,0,3,7,0,10,0,0,2,125,127,0,3,9,125,137,0,0,0,137
11/22/2020,PUB,CO,ANM,WE,Towers with Radar,0,4,14,0,18,0,0,6,0,6,0,4,20,0,24,6,0,6,30
11/23/2020,PUB,CO,ANM,WE,Towers with Radar,0,5,5,5,15,0,0,3,191,194,0,5,8,196,209,0,0,0,209
11/24/2020,PUB,CO,ANM,WE,Towers with Radar,0,5,3,0,8,0,0,0,10,10,0,5,3,10,18,0,0,0,18
11/25/2020,PUB,CO,ANM,WE,Towers with Radar,0,8,15,0,23,0,3,26,250,279,0,11,41,250,302,18,372,390,692
11/26/2020,PUB,CO,ANM,WE,Towers with Radar,0,2,9,0,11,0,2,7,0,9,0,4,16,0,20,6,0,6,26
11/27/2020,PUB,CO,ANM,WE,Towers with Radar,0,6,7,0,13,0,2,31,0,33,0,8,38,0,46,30,0,30,76
11/28/2020,PUB,CO,ANM,WE,Towers with Radar,0,6,13,0,19,0,3,41,0,44,0,9,54,0,63,0,0,0,63
11/29/2020,PUB,CO,ANM,WE,Towers with Radar,0,3,11,0,14,0,1,19,0,20,0,4,30,0,34,62,0,62,96
11/30/2020,PUB,CO,ANM,WE,Towers with Radar,0,10,23,1,34,0,0,37,268,305,0,10,60,269,339,40,822,862,1201
12/01/2020,PUB,CO,ANM,WE,Towers with Radar,0,5,11,4,20,0,3,6,132,141,0,8,17,136,161,40,172,212,373
12/02/2020,PUB,CO,ANM,WE,Towers with Radar,0,8,4,5,17,0,0,2,97,99,0,8,6,102,116,6,28,34,150
12/03/2020,PUB,CO,ANM,WE,Towers with Radar,0,5,17,8,30,0,6,34,354,394,0,11,51,362,424,18,724,742,1166
12/04/2020,PUB,CO,ANM,WE,Towers with Radar,0,9,22,2,33,0,1,33,288,322,0,10,55,290,355,28,626,654,1009
12/05/2020,PUB,CO,ANM,WE,Towers with Radar,0,4,21,5,30,0,0,41,6,47,0,4,62,11,77,64,34,98,175
12/06/2020,PUB,CO,ANM,WE,Towers with Radar,0,4,26,4,34,0,2,58,0,60,0,6,84,4,94,48,0,48,142
12/07/2020,PUB,CO,ANM,WE,Towers with Radar,0,10,25,3,38,0,0,29,314,343,0,10,54,317,381,34,640,674,1055
12/08/2020,PUB,CO,ANM,WE,Towers with Radar,0,5,20,5,30,0,4,23,250,277,0,9,43,255,307,30,612,642,949
12/09/2020,PUB,CO,ANM,WE,Towers with Radar,0,8,15,6,29,0,0,43,229,272,0,8,58,235,301,6,580,586,887
12/10/2020,PUB,CO,ANM,WE,Towers with Radar,0,8,13,0,21,0,1,16,177,194,0,9,29,177,215,38,122,160,375
12/11/2020,PUB,CO,ANM,WE,Towers with Radar,0,10,10,0,20,0,0,0,0,0,0,10,10,0,20,0,0,0,20
12/12/2020,PUB,CO,ANM,WE,Towers with Radar,0,3,13,0,16,0,0,0,0,0,0,3,13,0,16,0,0,0,16
12/13/2020,PUB,CO,ANM,WE,Towers with Radar,0,7,13,2,22,0,0,28,0,28,0,7,41,2,50,80,0,80,130
12/14/2020,PUB,CO,ANM,WE,Towers with Radar,0,9,8,5,22,0,2,17,154,173,0,11,25,159,195,6,448,454,649
12/15/2020,PUB,CO,ANM,WE,Towers with Radar,0,8,8,21,37,0,0,4,64,68,0,8,12,85,105,0,150,150,255
12/16/2020,PUB,CO,ANM,WE,Towers with Radar,0,11,13,5,29,0,3,28,91,122,0,14,41,96,151,12,160,172,323
12/17/2020,PUB,CO,ANM,WE,Towers with Radar,0,7,23,7,37,0,6,38,98,142,0,13,61,105,179,18,98,116,295
12/18/2020,PUB,CO,ANM,WE,Towers with Radar,0,10,19,0,29,0,1,11,33,45,0,11,30,33,74,8,38,46,120
12/19/2020,PUB,CO,ANM,WE,Towers with Radar,0,3,21,4,28,0,3,46,8,57,0,6,67,12,85,40,16,56,141
12/20/2020,PUB,CO,ANM,WE,Towers with Radar,0,4,12,0,16,0,3,29,4,36,0,7,41,4,52,66,0,66,118
12/21/2020,PUB,CO,ANM,WE,Towers with Radar,0,13,27,1,41,0,0,31,64,95,0,13,58,65,136,32,64,96,232
12/22/2020,PUB,CO,ANM,WE,Towers with Radar,0,13,18,7,38,0,2,21,48,71,0,15,39,55,109,14,34,48,157
12/23/2020,PUB,CO,ANM,WE,Towers with Radar,0,8,15,0,23,0,1,8,6,15,0,9,23,6,38,18,0,18,56
12/24/2020,PUB,CO,ANM,WE,Towers with Radar,0,11,9,0,20,0,2,13,0,15,0,13,22,0,35,10,0,10,45
12/25/2020,PUB,CO,ANM,WE,Towers with Radar,0,2,0,0,2,0,0,10,0,10,0,2,10,0,12,0,0,0,12
12/26/2020,PUB,CO,ANM,WE,Towers with Radar,0,7,25,0,32,0,1,39,0,40,0,8,64,0,72,74,0,74,146
12/27/2020,PUB,CO,ANM,WE,Towers with Radar,0,7,24,0,31,0,6,26,0,32,0,13,50,0,63,52,0,52,115
12/28/2020,PUB,CO,ANM,WE,Towers with Radar,0,9,17,0,26,0,1,6,3,10,0,10,23,3,36,16,8,24,60
12/29/2020,PUB,CO,ANM,WE,Towers with Radar,0,13,29,1,43,0,7,6,3,16,0,20,35,4,59,22,0,22,81
12/30/2020,PUB,CO,ANM,WE,Towers with Radar,0,5,18,5,28,0,4,39,8,51,0,9,57,13,79,18,0,18,97
12/31/2020,PUB,CO,ANM,WE,Towers with Radar,0,5,17,0,22,0,4,28,0,32,0,9,45,0,54,14,10,24,78
01/01/2021,PUB,CO,ANM,WE,Towers with Radar,0,2,7,0,9,0,0,16,0,16,0,2,23,0,25,48,0,48,73
01/02/2021,PUB,CO,ANM,WE,Towers with Radar,0,7,21,0,28,0,2,45,0,47,0,9,66,0,75,86,0,86,161
01/03/2021,PUB,CO,ANM,WE,Towers with Radar,0,6,28,0,34,0,1,40,0,41,0,7,68,0,75,58,0,58,133
01/04/2021,PUB,CO,ANM,WE,Towers with Radar,0,3,24,6,33,0,0,30,57,87,0,3,54,63,120,38,6,44,164
01/05/2021,PUB,CO,ANM,WE,Towers with Radar,0,5,8,6,19,0,2,8,8,18,0,7,16,14,37,24,8,32,69
01/06/2021,PUB,CO,ANM,WE,Towers with Radar,0,8,20,7,35,0,4,43,85,132,0,12,63,92,167,54,192,246,413
01/07/2021,PUB,CO,ANM,WE,Towers with Radar,0,6,32,5,43,0,2,36,43,81,0,8,68,48,124,20,28,48,172
01/08/2021,PUB,CO,ANM,WE,Towers with Radar,0,9,20,0,29,0,6,48,191,245,0,15,68,191,274,18,204,222,496
01/09/2021,PUB,CO,ANM,WE,Towers with Radar,0,4,18,1,23,0,0,4,0,4,0,4,22,1,27,14,0,14,41
01/10/2021,PUB,CO,ANM,WE,Towers with Radar,0,4,5,0,9,0,0,0,1,1,0,4,5,1,10,0,0,0,10
01/11/2021,PUB,CO,ANM,WE,Towers with Radar,0,6,24,3,33,0,0,45,195,240,0,6,69,198,273,12,238,250,523
01/12/2021,PUB,CO,ANM,WE,Towers with Radar,0,4,24,6,34,0,2,53,201,256,0,6,77,207,290,42,338,380,670
01/13/2021,PUB,CO,ANM,WE,Towers with Radar,0,7,15,3,25,0,2,27,235,264,0,9,42,238,289,26,270,296,585
01/14/2021,PUB,CO,ANM,WE,Towers with Radar,0,8,17,0,25,0,8,6,193,207,0,16,23,193,232,6,252,258,490
01/15/2021,PUB,CO,ANM,WE,Towers with Radar,1,9,20,19,49,0,0,29,201,230,1,9,49,220,279,16,796,812,1091
01/16/2021,PUB,CO,ANM,WE,Towers with Radar,0,4,22,1,27,0,7,34,3,44,0,11,56,4,71,14,8,22,93
01/17/2021,PUB,CO,ANM,WE,Towers with Radar,0,7,49,6,62,0,6,46,5,57,0,13,95,11,119,120,4,124,243
01/18/2021,PUB,CO,ANM,WE,Towers with Radar,0,6,16,4,26,0,2,16,6,24,0,8,32,10,50,20,6,26,76
01/19/2021,PUB,CO,ANM,WE,Towers with Radar,0,4,10,16,30,0,2,29,183,214,0,6,39,199,244,2,437,439,683
01/20/2021,PUB,CO,ANM,WE,Towers with Radar,0,6,6,27,39,0,2,11,178,191,0,8,17,205,230,10,248,258,488
01/21/2021,PUB,CO,ANM,WE,Towers with Radar,0,6,18,11,35,0,1,38,360,399,0,7,56,371,434,50,664,714,1148
01/22/2021,PUB,CO,ANM,WE,Towers with Radar,0,8,18,34,60,1,2,53,289,345,1,10,71,323,405,44,794,838,1243
01/23/2021,PUB,CO,ANM,WE,Towers with Radar,0,4,17,5,26,0,0,43,1,44,0,4,60,6,70,126,14,140,210
01/24/2021,PUB,CO,ANM,WE,Towers with Radar,0,6,6,2,14,0,0,2,0,2,0,6,8,2,16,26,0,26,42
01/25/2021,PUB,CO,ANM,WE,Towers with Radar,0,8,11,0,19,0,1,7,112,120,0,9,18,112,139,8,328,336,475
01/26/2021,PUB,CO,ANM,WE,Towers with Radar,0,4,1,0,5,0,0,0,0,0,0,4,1,0,5,0,0,0,5
01/27/2021,PUB,CO,ANM,WE,Towers with Radar,2,10,15,10,37,0,0,28,162,190,2,10,43,172,227,2,432,434,661
01/28/2021,PUB,CO,ANM,WE,Towers with Radar,0,10,31,9,50,0,1,44,357,402,0,11,75,366,452,8,752,760,1212
01/29/2021,PUB,CO,ANM,WE,Towers with Radar,0,8,15,12,35,0,8,31,336,375,0,16,46,348,410,8,534,542,952
01/30/2021,PUB,CO,ANM,WE,Towers with Radar,0,4,12,2,18,0,3,26,241,270,0,7,38,243,288,18,272,290,578
01/31/2021,PUB,CO,ANM,WE,Towers with Radar,2,5,14,0,21,0,0,69,25,94,2,5,83,25,115,76,0,76,191
02/01/2021,PUB,CO,ANM,WE,Towers with Radar,0,6,20,5,31,0,1,28,309,338,0,7,48,314,369,22,1208,1230,1599
02/02/2021,PUB,CO,ANM,WE,Towers with Radar,0,7,20,6,33,0,2,48,207,257,0,9,68,213,290,74,907,981,1271
02/03/2021,PUB,CO,ANM,WE,Towers with Radar,0,8,13,7,28,0,2,24,257,283,0,10,37,264,311,14,614,628,939
02/04/2021,PUB,CO,ANM,WE,Towers with Radar,0,14,15,9,38,0,2,3,258,263,0,16,18,267,301,10,454,464,765
02/05/2021,PUB,CO,ANM,WE,Towers with Radar,0,10,14,4,28,0,0,34,210,244,0,10,48,214,272,38,500,538,810
02/06/2021,PUB,CO,ANM,WE,Towers with Radar,0,6,22,0,28,0,2,56,2,60,0,8,78,2,88,40,0,40,128
02/07/2021,PUB,CO,ANM,WE,Towers with Radar,0,4,12,4,20,0,0,16,2,18,0,4,28,6,38,20,0,20,58
02/08/2021,PUB,CO,ANM,WE,Towers with Radar,0,9,9,5,23,0,1,12,49,62,0,10,21,54,85,2,166,168,253
02/09/2021,PUB,CO,ANM,WE,Towers with Radar,0,7,36,0,43,0,0,0,0,0,0,7,36,0,43,0,0,0,43
02/10/2021,PUB,CO,ANM,WE,Towers with Radar,0,10,4,2,16,0,0,0,1,1,0,10,4,3,17,0,0,0,17
02/11/2021,PUB,CO,ANM,WE,Towers with Radar,0,8,15,2,25,0,0,4,6,10,0,8,19,8,35,0,14,14,49
02/12/2021,PUB,CO,ANM,WE,Towers with Radar,0,6,4,0,10,0,0,0,0,0,0,6,4,0,10,0,0,0,10
02/13/2021,PUB,CO,ANM,WE,Towers with Radar,0,6,12,0,18,0,0,0,0,0,0,6,12,0,18,0,0,0,18
02/14/2021,PUB,CO,ANM,WE,Towers with Radar,0,3,6,0,9,0,0,0,0,0,0,3,6,0,9,0,0,0,9
02/15/2021,PUB,CO,ANM,WE,Towers with Radar,0,5,16,0,21,0,3,31,4,38,0,8,47,4,59,4,0,4,63
02/16/2021,PUB,CO,ANM,WE,Towers with Radar,0,8,17,4,29,0,0,21,207,228,0,8,38,211,257,8,106,114,371
02/17/2021,PUB,CO,ANM,WE,Towers with Radar,0,11,7,2,20,0,0,16,212,228,0,11,23,214,248,18,212,230,478
02/18/2021,PUB,CO,ANM,WE,Towers with Radar,0,9,15,0,24,0,0,0,15,15,0,9,15,15,39,0,108,108,147
02/19/2021,PUB,CO,ANM,WE,Towers with Radar,0,9,10,0,19,0,1,23,271,295,0,10,33,271,314,8,484,492,806
02/20/2021,PUB,CO,ANM,WE,Towers with Radar,0,7,32,0,39,0,4,47,302,353,0,11,79,302,392,34,516,550,942
02/21/2021,PUB,CO,ANM,WE,Towers with Radar,0,8,22,2,32,0,3,28,1,32,0,11,50,3,64,64,6,70,134
02/22/2021,PUB,CO,ANM,WE,Towers with Radar,0,7,7,3,17,0,1,31,307,339,0,8,38,310,356,14,377,391,747
02/23/2021,PUB,CO,ANM,WE,Towers with Radar,0,12,13,4,29,0,0,23,150,173,0,12,36,154,202,16,320,336,538
02/24/2021,PUB,CO,ANM,WE,Towers with Radar,0,11,20,3,34,0,2,11,274,287,0,13,31,277,321,0,462,462,783
02/25/2021,PUB,CO,ANM,WE,Towers with Radar,0,9,5,0,14,0,0,4,155,159,0,9,9,155,173,0,412,412,585
02/26/2021,PUB,CO,ANM,WE,Towers with Radar,0,8,23,6,37,0,0,18,241,259,0,8,41,247,296,4,204,208,504
02/27/2021,PUB,CO,ANM,WE,Towers with Radar,0,10,16,6,32,0,4,17,178,199,0,14,33,184,231,6,350,356,587
02/28/2021,PUB,CO,ANM,WE,Towers with Radar,0,6,13,5,24,0,2,36,2,40,0,8,49,7,64,72,8,80,144
03/01/2021,PUB,CO,ANM,WE,Towers with Radar,0,13,32,2,47,0,0,56,325,381,0,13,88,327,428,40,508,548,976
03/02/2021,PUB,CO,ANM,WE,Towers with Radar,0,4,12,7,23,0,2,29,355,386,0,6,41,362,409,12,648,660,1069
03/03/2021,PUB,CO,ANM,WE,Towers with Radar,0,7,17,0,24,0,6,41,320,367,0,13,58,320,391,16,656,672,1063
03/04/2021,PUB,CO,ANM,WE,Towers with Radar,0,21,21,2,44,0,2,5,167,174,0,23,26,169,218,0,158,158,376
03/05/2021,PUB,CO,ANM,WE,Towers with Radar,0,9,25,4,38,0,0,29,207,236,0,9,54,211,274,22,248,270,544
03/06/2021,PUB,CO,ANM,WE,Towers with Radar,0,5,10,0,15,0,4,63,5,72,0,9,73,5,87,16,0,16,103
03/07/2021,PUB,CO,ANM,WE,Towers with Radar,0,3,24,6,33,0,2,49,9,60,0,5,73,15,93,46,10,56,149
03/08/2021,PUB,CO,ANM,WE,Towers with Radar,0,5,25,5,35,0,1,20,308,329,0,6,45,313,364,38,396,434,798
03/09/2021,PUB,CO,ANM,WE,Towers with Radar,0,9,20,14,43,0,1,12,286,299,0,10,32,300,342,8,466,474,816
03/10/2021,PUB,CO,ANM,WE,Towers with Radar,0,8,11,0,19,0,5,3,79,87,0,13,14,79,106,2,118,120,226
03/11/2021,PUB,CO,ANM,WE,Towers with Radar,0,12,28,7,47,0,0,18,250,268,0,12,46,257,315,8,682,690,1005
03/12/2021,PUB,CO,ANM,WE,Towers with Radar,0,13,29,7,49,0,0,0,45,45,0,13,29,52,94,0,640,640,734
03/13/2021,PUB,CO,ANM,WE,Towers with Radar,0,3,0,2,5,0,0,0,0,0,0,3,0,2,5,0,0,0,5
03/14/2021,PUB,CO,ANM,WE,Towers with Radar,0,0,7,0,7,0,0,0,0,0,0,0,7,0,7,0,0,0,7
03/15/2021,PUB,CO,ANM,WE,Towers with Radar,0,8,18,6,32,0,2,8,293,303,0,10,26,299,335,8,854,862,1197
03/16/2021,PUB,CO,ANM,WE,Towers with Radar,0,3,17,2,22,0,2,7,263,272,0,5,24,265,294,16,588,604,898
03/17/2021,PUB,CO,ANM,WE,Towers with Radar,0,11,12,5,28,0,0,13,155,168,0,11,25,160,196,6,248,254,450
03/18/2021,PUB,CO,ANM,WE,Towers with Radar,0,15,27,7,49,0,1,39,277,317,0,16,66,284,366,26,335,361,727
03/19/2021,PUB,CO,ANM,WE,Towers with Radar,0,6,20,12,38,0,4,28,210,242,0,10,48,222,280,10,200,210,490
03/20/2021,PUB,CO,ANM,WE,Towers with Radar,0,6,27,0,33,0,1,53,0,54,0,7,80,0,87,114,0,114,201
03/21/2021,PUB,CO,ANM,WE,Towers with Radar,0,4,20,0,24,0,0,22,1,23,0,4,42,1,47,16,0,16,63
03/22/2021,PUB,CO,ANM,WE,Towers with Radar,0,5,6,0,11,0,0,0,35,35,0,5,6,35,46,0,8,8,54
03/23/2021,PUB,CO,ANM,WE,Towers with Radar,0,8,16,0,24,0,2,5,272,279,0,10,21,272,303,21,42,63,366
03/24/2021,PUB,CO,ANM,WE,Towers with Radar,0,13,6,0,19,0,1,7,191,199,0,14,13,191,218,42,318,360,578
03/25/2021,PUB,CO,ANM,WE,Towers with Radar,0,11,27,11,49,0,2,17,160,179,0,13,44,171,228,26,122,148,376
03/26/2021,PUB,CO,ANM,WE,Towers with Radar,0,9,25,0,34,0,1,29,206,236,0,10,54,206,270,26,112,138,408
03/27/2021,PUB,CO,ANM,WE,Towers with Radar,0,4,13,6,23,0,2,42,0,44,0,6,55,6,67,30,0,30,97
03/28/2021,PUB,CO,ANM,WE,Towers with Radar,0,8,23,0,31,0,1,42,3,46,0,9,65,3,77,36,0,36,113
03/29/2021,PUB,CO,ANM,WE,Towers with Radar,0,7,7,2,16,0,0,6,215,221,0,7,13,217,237,8,332,340,577
03/30/2021,PUB,CO,ANM,WE,Towers with Radar,1,6,12,5,24,0,1,10,196,207,1,7,22,201,231,6,302,308,539
03/31/2021,PUB,CO,ANM,WE,Towers with Radar,0,12,27,1,40,0,2,50,313,365,0,14,77,314,405,30,728,758,1163
04/01/2021,PUB,CO,ANM,WE,Towers with Radar,0,10,16,8,34,0,1,30,276,307,0,11,46,284,341,14,456,470,811
04/02/2021,PUB,CO,ANM,WE,Towers with Radar,0,6,21,2,29,0,5,32,235,272,0,11,53,237,301,16,300,316,617
04/03/2021,PUB,CO,ANM,WE,Towers with Radar,0,6,38,0,44,0,3,61,5,69,0,9,99,5,113,26,12,38,151
04/04/2021,PUB,CO,ANM,WE,Towers with Radar,0,7,9,0,16,0,2,32,0,34,0,9,41,0,50,46,0,46,96
04/05/2021,PUB,CO,ANM,WE,Towers with Radar,0,11,16,1,28,0,4,24,286,314,0,15,40,287,342,34,546,580,922
04/06/2021,PUB,CO,ANM,WE,Towers with Radar,0,4,8,8,20,0,2,10,102,114,0,6,18,110,134,6,134,140,274
04/07/2021,PUB,CO,ANM,WE,Towers with Radar,0,11,16,2,29,0,3,11,266,280,0,14,27,268,309,2,596,598,907
04/08/2021,PUB,CO,ANM,WE,Towers with Radar,0,14,27,4,45,0,0,40,308,348,0,14,67,312,393,4,506,510,903
04/09/2021,PUB,CO,ANM,WE,Towers with Radar,4,11,11,2,28,12,0,11,90,113,16,11,22,92,141,36,20,56,197
04/10/2021,PUB,CO,ANM,WE,Towers with Radar,0,3,16,5,24,0,4,70,14,88,0,7,86,19,112,36,4,40,152
04/11/2021,PUB,CO,ANM,WE,Towers with Radar,0,6,20,1,27,0,2,36,0,38,0,8,56,1,65,2,0,2,67
04/12/2021,PUB,CO,ANM,WE,Towers with Radar,0,6,31,7,44,0,2,30,299,331,0,8,61,306,375,56,334,390,765
04/13/2021,PUB,CO,ANM,WE,Towers with Radar,0,5,10,6,21,0,4,9,244,257,0,9,19,250,278,10,330,340,618
04/14/2021,PUB,CO,ANM,WE,Towers with Radar,0,14,10,12,36,0,1,13,186,200,0,15,23,198,236,2,314,316,552
04/15/2021,PUB,CO,ANM,WE,Towers with Radar,0,18,24,1,43,0,1,10,172,183,0,19,34,173,226,22,366,388,614
04/16/2021,PUB,CO,ANM,WE,Towers with Radar,0,10,21,2,33,0,0,2,30,32,0,10,23,32,65,10,16,26,91
04/17/2021,PUB,CO,ANM,WE,Towers with Radar,0,5,5,0,10,0,0,1,0,1,0,5,6,0,11,0,0,0,11
04/18/2021,PUB,CO,ANM,WE,Towers with Radar,0,5,24,0,29,0,0,49,2,51,0,5,73,2,80,46,0,46,126
04/19/2021,PUB,CO,ANM,WE,Towers with Radar,0,10,8,3,21,0,0,9,157,166,0,10,17,160,187,0,216,216,403
04/20/2021,PUB,CO,ANM,WE,Towers with Radar,0,9,23,4,36,0,3,28,186,217,0,12,51,190,253,6,528,534,787
04/21/2021,PUB,CO,ANM,WE,Towers with Radar,0,9,20,11,40,0,2,26,188,216,0,11,46,199,256,2,276,278,534
04/22/2021,PUB,CO,ANM,WE,Towers with Radar,0,15,15,7,37,0,1,25,220,246,0,16,40,227,283,12,416,428,711
04/23/2021,PUB,CO,ANM,WE,Towers with Radar,0,9,10,0,19,0,1,19,179,199,0,10,29,179,218,19,374,393,611
04/24/2021,PUB,CO,ANM,WE,Towers with Radar,11,8,24,16,59,0,2,68,7,77,11,10,92,23,136,38,8,46,182
04/25/2021,PUB,CO,ANM,WE,Towers with Radar,0,7,21,7,35,1,2,30,0,33,1,9,51,7,68,62,4,66,134
04/26/2021,PUB,CO,ANM,WE,Towers with Radar,0,6,6,3,15,0,3,13,4,20,0,9,19,7,35,20,36,56,91
04/27/2021,PUB,CO,ANM,WE,Towers with Radar,0,8,5,5,18,0,1,19,187,207,0,9,24,192,225,0,178,178,403
04/28/2021,PUB,CO,ANM,WE,Towers with Radar,0,10,7,2,19,0,0,18,179,197,0,10,25,181,216,20,136,156,372
04/29/2021,PUB,CO,ANM,WE,Towers with Radar,0,10,15,9,34,0,1,49,211,261,0,11,64,220,295,34,320,354,649
04/30/2021,PUB,CO,ANM,WE,Towers with Radar,0,8,27,13,48,0,1,33,233,267,0,9,60,246,315,38,400,438,753
05/01/2021,PUB,CO,ANM,WE,Towers with Radar,0,9,18,4,31,0,1,44,3,48,0,10,62,7,79,14,1,15,94
05/02/2021,PUB,CO,ANM,WE,Towers with Radar,4,8,29,0,41,0,1,12,2,15,4,9,41,2,56,6,6,12,68
05/03/2021,PUB,CO,ANM,WE,Towers with Radar,0,10,9,0,19,0,0,7,1,8,0,10,16,1,27,0,4,4,31
05/04/2021,PUB,CO,ANM,WE,Towers with Radar,0,8,12,1,21,0,1,19,249,269,0,9,31,250,290,36,304,340,630
05/05/2021,PUB,CO,ANM,WE,Towers with Radar,0,9,24,16,49,0,4,26,215,245,0,13,50,231,294,16,326,342,636
05/06/2021,PUB,CO,ANM,WE,Towers with Radar,0,25,20,13,58,0,2,35,235,272,0,27,55,248,330,44,346,390,720
05/07/2021,PUB,CO,ANM,WE,Towers with Radar,0,10,20,3,33,0,13,26,186,225,0,23,46,189,258,26,352,378,636
05/08/2021,PUB,CO,ANM,WE,Towers with Radar,0,7,11,6,24,0,0,37,8,45,0,7,48,14,69,24,0,24,93
05/09/2021,PUB,CO,ANM,WE,Towers with Radar,0,4,19,0,23,0,0,7,3,10,0,4,26,3,33,30,0,30,63
05/10/2021,PUB,CO,ANM,WE,Towers with Radar,0,6,21,0,27,0,0,0,0,0,0,6,21,0,27,0,0,0,27
05/11/2021,PUB,CO,ANM,WE,Towers with Radar,0,8,9,0,17,0,0,0,0,0,0,8,9,0,17,0,0,0,17
05/12/2021,PUB,CO,ANM,WE,Towers with Radar,0,10,23,1,34,0,4,31,177,212,0,14,54,178,246,73,438,511,757
05/13/2021,PUB,CO,ANM,WE,Towers with Radar,0,11,29,12,52,0,0,42,137,179,0,11,71,149,231,30,394,424,655
05/14/2021,PUB,CO,ANM,WE,Towers with Radar,0,13,17,2,32,0,1,48,177,226,0,14,65,179,258,70,328,398,656
05/15/2021,PUB,CO,ANM,WE,Towers with Radar,0,4,21,0,25,0,1,30,8,39,0,5,51,8,64,38,0,38,102
05/16/2021,PUB,CO,ANM,WE,Towers with Radar,0,8,12,1,21,0,0,34,1,35,0,8,46,2,56,26,0,26,82
05/17/2021,PUB,CO,ANM,WE,Towers with Radar,0,4,17,6,27,0,4,8,164,176,0,8,25,170,203,8,402,410,613
05/18/2021,PUB,CO,ANM,WE,Towers with Radar,0,13,10,13,36,0,0,3,98,101,0,13,13,111,137,0,206,206,343
05/19/2021,PUB,CO,ANM,WE,Towers with Radar,0,15,19,3,37,0,3,32,237,272,0,18,51,240,309,24,384,408,717
05/20/2021,PUB,CO,ANM,WE,Towers with Radar,2,13,38,7,60,0,5,49,266,320,2,18,87,273,380,26,326,352,732
05/21/2021,PUB,CO,ANM,WE,Towers with Radar,0,11,15,8,34,0,5,9,211,225,0,16,24,219,259,20,334,354,613
05/22/2021,PUB,CO,ANM,WE,Towers with Radar,0,3,14,6,23,0,3,34,7,44,0,6,48,13,67,74,4,78,145
05/23/2021,PUB,CO,ANM,WE,Towers with Radar,0,5,12,0,17,0,1,10,2,13,0,6,22,2,30,14,0,14,44
05/24/2021,PUB,CO,ANM,WE,Towers with Radar,0,10,31,9,50,0,6,46,236,288,0,16,77,245,338,44,362,406,744
05/25/2021,PUB,CO,ANM,WE,Towers with Radar,0,9,22,10,41,0,4,46,219,269,0,13,68,229,310,14,446,460,770
05/26/2021,PUB,CO,ANM,WE,Towers with Radar,0,10,24,8,42,0,0,37,209,246,0,10,61,217,288,28,458,486,774
05/27/2021,PUB,CO,ANM,WE,Towers with Radar,0,13,38,6,57,0,10,42,191,243,0,23,80,197,300,14,84,98,398
05/28/2021,PUB,CO,ANM,WE,Towers with Radar,0,8,17,0,25,0,0,31,129,160,0,8,48,129,185,22,272,294,479
05/29/2021,PUB,CO,ANM,WE,Towers with Radar,0,4,19,3,26,0,5,47,1,53,0,9,66,4,79,46,0,46,125
05/30/2021,PUB,CO,ANM,WE,Towers with Radar,2,7,12,0,21,0,1,3,0,4,2,8,15,0,25,14,0,14,39
05/31/2021,PUB,CO,ANM,WE,Towers with Radar,0,4,21,0,25,0,0,8,4,12,0,4,29,4,37,28,0,28,65
06/01/2021,PUB,CO,ANM,WE,Towers with Radar,2,9,14,4,29,0,2,22,89,113,2,11,36,93,142,30,96,126,268
06/02/2021,PUB,CO,ANM,WE,Towers with Radar,0,8,26,6,40,0,1,42,179,222,0,9,68,185,262,10,354,364,626
06/03/2021,PUB,CO,ANM,WE,Towers with Radar,2,11,20,4,37,0,2,39,312,353,2,13,59,316,390,24,542,566,956
06/04/2021,PUB,CO,ANM,WE,Towers with Radar,0,9,18,8,35,0,0,39,253,292,0,9,57,261,327,26,482,508,835
06/05/2021,PUB,CO,ANM,WE,Towers with Radar,0,6,23,36,65,0,2,65,16,83,0,8,88,52,148,102,50,152,300
06/06/2021,PUB,CO,ANM,WE,Towers with Radar,0,3,11,1,15,0,3,35,5,43,0,6,46,6,58,38,0,38,96
06/07/2021,PUB,CO,ANM,WE,Towers with Radar,2,8,31,1,42,0,0,41,274,315,2,8,72,275,357,4,564,568,925
06/08/2021,PUB,CO,ANM,WE,Towers with Radar,0,6,23,13,42,0,2,43,263,308,0,8,66,276,350,50,392,442,792
06/09/2021,PUB,CO,ANM,WE,Towers with Radar,0,11,26,10,47,0,2,55,242,299,0,13,81,252,346,42,532,574,920
06/10/2021,PUB,CO,ANM,WE,Towers with Radar,2,14,29,5,50,0,1,38,260,299,2,15,67,265,349,38,568,606,955
06/11/2021,PUB,CO,ANM,WE,Towers with Radar,0,13,18,2,33,0,0,47,194,241,0,13,65,196,274,30,574,604,878
06/12/2021,PUB,CO,ANM,WE,Towers with Radar,0,6,18,7,31,0,4,83,6,93,0,10,101,13,124,24,32,56,180
06/13/2021,PUB,CO,ANM,WE,Towers with Radar,0,6,19,2,27,0,2,53,0,55,0,8,72,2,82,54,6,60,142
06/14/2021,PUB,CO,ANM,WE,Towers with Radar,0,7,11,2,20,0,3,39,237,279,0,10,50,239,299,38,310,348,647
06/15/2021,PUB,CO,ANM,WE,Towers with Radar,2,8,15,6,31,0,0,52,242,294,2,8,67,248,325,76,441,517,842
06/16/2021,PUB,CO,ANM,WE,Towers with Radar,0,11,19,10,40,0,3,37,239,279,0,14,56,249,319,37,487,524,843
06/17/2021,PUB,CO,ANM,WE,Towers with Radar,0,16,24,10,50,0,3,24,244,271,0,19,48,254,321,22,494,516,837
06/18/2021,PUB,CO,ANM,WE,Towers with Radar,0,9,31,4,44,0,2,26,0,28,0,11,57,4,72,0,0,0,72
06/19/2021,PUB,CO,ANM,WE,Towers with Radar,0,5,22,1,28,0,6,43,8,57,0,11,65,9,85,60,0,60,145
06/20/2021,PUB,CO,ANM,WE,Towers with Radar,0,5,20,2,27,0,3,29,2,34,0,8,49,4,61,16,0,16,77
06/21/2021,PUB,CO,ANM,WE,Towers with Radar,0,8,23,1,32,0,3,11,97,111,0,11,34,98,143,12,524,536,679
06/22/2021,PUB,CO,ANM,WE,Towers with Radar,0,9,21,10,40,0,5,34,227,266,0,14,55,237,306,18,458,476,782
06/23/2021,PUB,CO,ANM,WE,Towers with Radar,0,10,18,9,37,0,2,40,266,308,0,12,58,275,345,6,386,392,737
06/24/2021,PUB,CO,ANM,WE,Towers with Radar,0,15,11,1,27,0,0,18,301,319,0,15,29,302,346,35,502,537,883
06/25/2021,PUB,CO,ANM,WE,Towers with Radar,2,15,14,2,33,0,1,34,188,223,2,16,48,190,256,26,398,424,680
06/26/2021,PUB,CO,ANM,WE,Towers with Radar,0,9,6,0,15,0,2,12,2,16,0,11,18,2,31,0,0,0,31
06/27/2021,PUB,CO,ANM,WE,Towers with Radar,0,9,23,0,32,0,5,30,1,36,0,14,53,1,68,66,0,66,134
06/28/2021,PUB,CO,ANM,WE,Towers with Radar,0,4,26,5,35,0,3,31,291,325,0,7,57,296,360,90,466,556,916
06/29/2021,PUB,CO,ANM,WE,Towers with Radar,0,10,22,0,32,0,0,51,282,333,0,10,73,282,365,74,403,477,842
06/30/2021,PUB,CO,ANM,WE,Towers with Radar,0,14,43,0,57,0,3,46,295,344,0,17,89,295,401,48,526,574,975
07/01/2021,PUB,CO,ANM,WE,Towers with Radar,2,15,27,14,58,0,1,21,252,274,2,16,48,266,332,18,412,430,762
07/02/2021,PUB,CO,ANM,WE,Towers with Radar,0,17,28,0,45,0,0,16,78,94,0,17,44,78,139,54,488,542,681
07/03/2021,PUB,CO,ANM,WE,Towers with Radar,0,4,27,0,31,0,2,48,2,52,0,6,75,2,83,84,2,86,169
07/04/2021,PUB,CO,ANM,WE,Towers with Radar,0,4,6,0,10,0,7,12,5,24,0,11,18,5,34,4,0,4,38
07/05/2021,PUB,CO,ANM,WE,Towers with Radar,0,7,14,1,22,0,7,54,1,62,0,14,68,2,84,62,20,82,166
07/06/2021,PUB,CO,ANM,WE,Towers with Radar,0,11,18,1,30,0,1,26,221,248,0,12,44,222,278,4,216,220,498
07/07/2021,PUB,CO,ANM,WE,Towers with Radar,0,11,20,12,43,0,1,45,211,257,0,12,65,223,300,0,642,642,942
07/08/2021,PUB,CO,ANM,WE,Towers with Radar,0,11,26,5,42,0,7,47,256,310,0,18,73,261,352,24,614,638,990
07/09/2021,PUB,CO,ANM,WE,Towers with Radar,2,10,16,20,48,0,1,31,192,224,2,11,47,212,272,2,550,552,824
07/10/2021,PUB,CO,ANM,WE,Towers with Radar,0,7,17,3,27,0,0,24,4,28,0,7,41,7,55,41,2,43,98
07/11/2021,PUB,CO,ANM,WE,Towers with Radar,0,8,24,4,36,0,2,46,0,48,0,10,70,4,84,36,0,36,120
07/12/2021,PUB,CO,ANM,WE,Towers with Radar,0,19,23,3,45,0,2,33,242,277,0,21,56,245,322,34,469,503,825
07/13/2021,PUB,CO,ANM,WE,Towers with Radar,0,16,17,3,36,0,1,19,299,319,0,17,36,302,355,10,542,552,907
07/14/2021,PUB,CO,ANM,WE,Towers with Radar,0,9,18,2,29,0,4,20,265,289,0,13,38,267,318,7,308,315,633
07/15/2021,PUB,CO,ANM,WE,Towers with Radar,0,12,27,25,64,0,0,25,307,332,0,12,52,332,396,14,506,520,916
07/16/2021,PUB,CO,ANM,WE,Towers with Radar,0,8,20,16,44,0,1,32,235,268,0,9,52,251,312,34,314,348,660
07/17/2021,PUB,CO,ANM,WE,Towers with Radar,0,9,6,2,17,0,3,56,5,64,0,12,62,7,81,0,4,4,85
07/18/2021,PUB,CO,ANM,WE,Towers with Radar,0,8,17,4,29,0,2,34,3,39,0,10,51,7,68,32,4,36,104
07/19/2021,PUB,CO,ANM,WE,Towers with Radar,2,11,17,6,36,0,1,34,327,362,2,12,51,333,398,30,500,530,928
07/20/2021,PUB,CO,ANM,WE,Towers with Radar,0,10,20,33,63,0,4,33,310,347,0,14,53,343,410,12,454,466,876
07/21/2021,PUB,CO,ANM,WE,Towers with Radar,0,7,27,12,46,0,5,33,280,318,0,12,60,292,364,18,632,650,1014
07/22/2021,PUB,CO,ANM,WE,Towers with Radar,0,13,14,19,46,0,0,49,253,302,0,13,63,272,348,46,580,626,974
07/23/2021,PUB,CO,ANM,WE,Towers with Radar,2,10,34,41,87,0,0,30,195,225,2,10,64,236,312,14,638,652,964
07/24/2021,PUB,CO,ANM,WE,Towers with Radar,0,5,16,2,23,0,2,40,0,42,0,7,56,2,65,4,18,22,87
07/25/2021,PUB,CO,ANM,WE,Towers with Radar,0,6,25,0,31,0,1,35,0,36,0,7,60,0,67,36,18,54,121
07/26/2021,PUB,CO,ANM,WE,Towers with Radar,0,3,20,7,30,0,8,32,277,317,0,11,52,284,347,36,488,524,871
07/27/2021,PUB,CO,ANM,WE,Towers with Radar,0,5,21,11,37,0,2,23,248,273,0,7,44,259,310,8,448,456,766
07/28/2021,PUB,CO,ANM,WE,Towers with Radar,0,18,28,3,49,0,2,26,336,364,0,20,54,339,413,8,678,686,1099
07/29/2021,PUB,CO,ANM,WE,Towers with Radar,0,9,34,6,49,0,1,39,292,332,0,10,73,298,381,18,598,616,997
07/30/2021,PUB,CO,ANM,WE,Towers with Radar,0,14,35,3,52,0,1,44,245,290,0,15,79,248,342,20,504,524,866
07/31/2021,PUB,CO,ANM,WE,Towers with Radar,0,8,30,0,38,0,5,13,1,19,0,13,43,1,57,18,0,18,75
08/01/2021,PUB,CO,ANM,WE,Towers with Radar,0,6,23,2,31,0,0,14,0,14,0,6,37,2,45,42,0,42,87
08/02/2021,PUB,CO,ANM,WE,Towers with Radar,0,10,27,4,41,0,1,29,293,323,0,11,56,297,364,66,586,652,1016
08/03/2021,PUB,CO,ANM,WE,Towers with Radar,0,13,12,3,28,1,2,22,275,300,1,15,34,278,328,6,562,568,896
08/04/2021,PUB,CO,ANM,WE,Towers with Radar,2,8,26,6,42,0,2,40,252,294,2,10,66,258,336,10,746,756,1092
08/05/2021,PUB,CO,ANM,WE,Towers with Radar,2,12,15,8,37,0,3,57,253,313,2,15,72,261,350,18,720,738,1088
08/06/2021,PUB,CO,ANM,WE,Towers with Radar,8,12,15,20,55,0,4,27,195,226,8,16,42,215,281,22,440,462,743
08/07/2021,PUB,CO,ANM,WE,Towers with Radar,0,6,23,0,29,0,6,40,0,46,0,12,63,0,75,50,6,56,131
08/08/2021,PUB,CO,ANM,WE,Towers with Radar,0,4,27,0,31,0,2,9,2,13,0,6,36,2,44,0,0,0,44
08/09/2021,PUB,CO,ANM,WE,Towers with Radar,2,9,19,6,36,0,1,19,215,235,2,10,38,221,271,18,684,702,973
08/10/2021,PUB,CO,ANM,WE,Towers with Radar,4,10,14,12,40,0,1,31,234,266,4,11,45,246,306,10,540,550,856
08/11/2021,PUB,CO,ANM,WE,Towers with Radar,0,10,15,6,31,0,4,59,231,294,0,14,74,237,325,10,580,590,915
08/12/2021,PUB,CO,ANM,WE,Towers with Radar,0,12,24,4,40,0,4,21,216,241,0,16,45,220,281,36,524,560,841
08/13/2021,PUB,CO,ANM,WE,Towers with Radar,0,9,18,5,32,0,2,31,218,251,0,11,49,223,283,6,454,460,743
08/14/2021,PUB,CO,ANM,WE,Towers with Radar,0,6,19,9,34,0,5,55,5,65,0,11,74,14,99,46,8,54,153
08/15/2021,PUB,CO,ANM,WE,Towers with Radar,0,6,9,0,15,0,3,29,0,32,0,9,38,0,47,50,0,50,97
08/16/2021,PUB,CO,ANM,WE,Towers with Radar,0,10,29,0,39,0,6,45,198,249,0,16,74,198,288,16,260,276,564
08/17/2021,PUB,CO,ANM,WE,Towers with Radar,0,5,22,12,39,0,0,22,301,323,0,5,44,313,362,4,462,466,828
08/18/2021,PUB,CO,ANM,WE,Towers with Radar,0,13,22,9,44,0,2,22,295,319,0,15,44,304,363,4,460,464,827
08/19/2021,PUB,CO,ANM,WE,Towers with Radar,1,11,13,20,45,1,5,24,295,325,2,16,37,315,370,22,432,454,824
08/20/2021,PUB,CO,ANM,WE,Towers with Radar,0,8,25,19,52,0,5,40,212,257,0,13,65,231,309,18,376,394,703
08/21/2021,PUB,CO,ANM,WE,Towers with Radar,0,8,26,0,34,0,2,55,0,57,0,10,81,0,91,40,0,40,131
08/22/2021,PUB,CO,ANM,WE,Towers with Radar,0,7,23,0,30,0,3,24,0,27,0,10,47,0,57,26,0,26,83
08/23/2021,PUB,CO,ANM,WE,Towers with Radar,0,10,17,3,30,0,2,47,230,279,0,12,64,233,309,18,382,400,709
08/24/2021,PUB,CO,ANM,WE,Towers with Radar,0,11,19,3,33,0,1,30,232,263,0,12,49,235,296,18,550,568,864
08/25/2021,PUB,CO,ANM,WE,Towers with Radar,0,9,24,6,39,1,0,22,229,252,1,9,46,235,291,8,266,274,565
08/26/2021,PUB,CO,ANM,WE,Towers with Radar,2,10,13,2,27,0,6,24,220,250,2,16,37,222,277,0,510,510,787
08/27/2021,PUB,CO,ANM,WE,Towers with Radar,2,9,24,30,65,0,3,39,194,236,2,12,63,224,301,24,354,378,679
08/28/2021,PUB,CO,ANM,WE,Towers with Radar,0,8,14,5,27,0,2,39,1,42,0,10,53,6,69,72,0,72,141
08/29/2021,PUB,CO,ANM,WE,Towers with Radar,0,6,36,8,50,0,0,33,4,37,0,6,69,12,87,48,7,55,142
08/30/2021,PUB,CO,ANM,WE,Towers with Radar,0,5,28,19,52,1,1,43,243,288,1,6,71,262,340,16,566,582,922
08/31/2021,PUB,CO,ANM,WE,Towers with Radar,0,6,40,19,65,0,2,45,169,216,0,8,85,188,281,56,325,381,662
09/01/2021,PUB,CO,ANM,WE,Towers with Radar,0,10,31,3,44,0,4,29,274,307,0,14,60,277,351,10,520,530,881
09/02/2021,PUB,CO,ANM,WE,Towers with Radar,0,8,12,5,25,0,0,29,272,301,0,8,41,277,326,16,586,602,928
09/03/2021,PUB,CO,ANM,WE,Towers with Radar,4,11,18,0,33,0,7,24,131,162,4,18,42,131,195,22,218,240,435
09/04/2021,PUB,CO,ANM,WE,Towers with Radar,0,4,12,0,16,0,0,42,0,42,0,4,54,0,58,38,0,38,96
09/05/2021,PUB,CO,ANM,WE,Towers with Radar,0,7,7,0,14,0,0,27,0,27,0,7,34,0,41,48,0,48,89
09/06/2021,PUB,CO,ANM,WE,Towers with Radar,0,6,30,0,36,0,0,49,0,49,0,6,79,0,85,64,4,68,153
09/07/2021,PUB,CO,ANM,WE,Towers with Radar,0,6,16,7,29,0,2,20,280,302,0,8,36,287,331,12,536,548,879
09/08/2021,PUB,CO,ANM,WE,Towers with Radar,0,10,19,5,34,0,1,25,261,287,0,11,44,266,321,11,350,361,682
09/09/2021,PUB,CO,ANM,WE,Towers with Radar,0,8,15,5,28,0,4,26,236,266,0,12,41,241,294,2,620,622,916
09/10/2021,PUB,CO,ANM,WE,Towers with Radar,4,11,13,7,35,0,4,32,198,234,4,15,45,205,269,32,406,438,707
09/11/2021,PUB,CO,ANM,WE,Towers with Radar,0,6,21,17,44,0,2,28,10,40,0,8,49,27,84,28,34,62,146
09/12/2021,PUB,CO,ANM,WE,Towers with Radar,2,8,20,2,32,0,2,26,4,32,2,10,46,6,64,30,0,30,94
09/13/2021,PUB,CO,ANM,WE,Towers with Radar,0,6,21,8,35,0,4,21,190,215,0,10,42,198,250,22,412,434,684
09/14/2021,PUB,CO,ANM,WE,Towers with Radar,0,9,17,12,38,0,1,11,197,209,0,10,28,209,247,14,430,444,691
09/15/2021,PUB,CO,ANM,WE,Towers with Radar,2,12,17,3,34,0,2,62,231,295,2,14,79,234,329,10,546,556,885
09/16/2021,PUB,CO,ANM,WE,Towers with Radar,2,11,29,11,53,0,0,52,221,273,2,11,81,232,326,22,406,428,754
09/17/2021,PUB,CO,ANM,WE,Towers with Radar,0,9,11,14,34,0,0,24,46,70,0,9,35,60,104,10,136,146,250
09/18/2021,PUB,CO,ANM,WE,Towers with Radar,2,8,20,7,37,0,2,67,9,78,2,10,87,16,115,32,8,40,155
09/19/2021,PUB,CO,ANM,WE,Towers with Radar,0,5,14,5,24,0,3,23,1,27,0,8,37,6,51,48,6,54,105
09/20/2021,PUB,CO,ANM,WE,Towers with Radar,2,10,30,5,47,0,2,35,270,307,2,12,65,275,354,26,679,705,1059
09/21/2021,PUB,CO,ANM,WE,Towers with Radar,0,8,25,5,38,0,1,39,307,347,0,9,64,312,385,30,528,558,943
09/22/2021,PUB,CO,ANM,WE,Towers with Radar,0,20,22,8,50,0,1,45,323,369,0,21,67,331,419,1,478,479,898
09/23/2021,PUB,CO,ANM,WE,Towers with Radar,0,16,26,4,46,0,4,45,251,300,0,20,71,255,346,18,500,518,864
09/24/2021,PUB,CO,ANM,WE,Towers with Radar,2,11,12,3,28,0,5,44,205,254,2,16,56,208,282,62,320,382,664
09/25/2021,PUB,CO,ANM,WE,Towers with Radar,0,5,14,2,21,0,3,61,1,65,0,8,75,3,86,4,0,4,90
09/26/2021,PUB,CO,ANM,WE,Towers with Radar,0,6,12,5,23,0,0,32,3,35,0,6,44,8,58,30,4,34,92
09/27/2021,PUB,CO,ANM,WE,Towers with Radar,0,12,20,3,35,0,1,33,232,266,0,13,53,235,301,10,632,642,943
09/28/2021,PUB,CO,ANM,WE,Towers with Radar,0,7,14,9,30,1,0,39,198,238,1,7,53,207,268,60,418,478,746
09/29/2021,PUB,CO,ANM,WE,Towers with Radar,0,6,23,6,35,0,5,20,176,201,0,11,43,182,236,2,336,338,574
09/30/2021,PUB,CO,ANM,WE,Towers with Radar,0,12,18,2,32,1,0,27,198,226,1,12,45,200,258,18,386,404,662
10/01/2021,PUB,CO,ANM,WE,Towers with Radar,0,10,13,2,25,0,1,13,60,74,0,11,26,62,99,30,290,320,419
10/02/2021,PUB,CO,ANM,WE,Towers with Radar,0,12,21,6,39,0,4,42,6,52,0,16,63,12,91,22,28,50,141
10/03/2021,PUB,CO,ANM,WE,Towers with Radar,0,7,19,0,26,0,0,50,0,50,0,7,69,0,76,26,0,26,102
10/04/2021,PUB,CO,ANM,WE,Towers with Radar,2,7,14,12,35,0,0,32,221,253,2,7,46,233,288,2,376,378,666
10/05/2021,PUB,CO,ANM,WE,Towers with Radar,0,14,26,1,41,0,2,28,217,247,0,16,54,218,288,12,378,390,678
10/06/2021,PUB,CO,ANM,WE,Towers with Radar,0,12,17,19,48,0,2,39,222,263,0,14,56,241,311,40,426,466,777
10/07/2021,PUB,CO,ANM,WE,Towers with Radar,2,8,32,4,46,0,3,27,183,213,2,11,59,187,259,10,272,282,541
10/08/2021,PUB,CO,ANM,WE,Towers with Radar,0,6,25,1,32,0,2,29,150,181,0,8,54,151,213,4,188,192,405
10/09/2021,PUB,CO,ANM,WE,Towers with Radar,0,7,12,0,19,0,4,15,0,19,0,11,27,0,38,20,0,20,58
10/10/2021,PUB,CO,ANM,WE,Towers with Radar,0,4,26,0,30,0,1,48,0,49,0,5,74,0,79,40,0,40,119
10/11/2021,PUB,CO,ANM,WE,Towers with Radar,0,5,18,0,23,0,4,30,5,39,0,9,48,5,62,22,0,22,84
10/12/2021,PUB,CO,ANM,WE,Towers with Radar,2,8,12,5,27,0,3,13,102,118,2,11,25,107,145,2,122,124,269
10/13/2021,PUB,CO,ANM,WE,Towers with Radar,0,11,17,1,29,0,2,8,119,129,0,13,25,120,158,4,96,100,258
10/14/2021,PUB,CO,ANM,WE,Towers with Radar,1,15,14,5,35,0,0,22,229,251,1,15,36,234,286,34,314,348,634
10/15/2021,PUB,CO,ANM,WE,Towers with Radar,0,13,28,2,43,0,1,42,153,196,0,14,70,155,239,32,204,236,475
10/16/2021,PUB,CO,ANM,WE,Towers with Radar,0,6,12,2,20,0,3,65,11,79,0,9,77,13,99,66,0,66,165
10/17/2021,PUB,CO,ANM,WE,Towers with Radar,0,8,29,4,41,0,4,61,0,65,0,12,90,4,106,28,0,28,134
10/18/2021,PUB,CO,ANM,WE,Towers with Radar,0,10,14,3,27,0,2,35,189,226,0,12,49,192,253,28,318,346,599
10/19/2021,PUB,CO,ANM,WE,Towers with Radar,0,6,22,0,28,0,2,25,139,166,0,8,47,139,194,0,142,142,336
10/20/2021,PUB,CO,ANM,WE,Towers with Radar,0,10,23,9,42,0,2,51,220,273,0,12,74,229,315,55,346,401,716
10/21/2021,PUB,CO,ANM,WE,Towers with Radar,0,9,18,4,31,0,3,43,220,266,0,12,61,224,297,38,428,466,763
10/22/2021,PUB,CO,ANM,WE,Towers with Radar,2,8,20,6,36,0,2,37,204,243,2,10,57,210,279,20,402,422,701
10/23/2021,PUB,CO,ANM,WE,Towers with Radar,0,5,7,8,20,0,0,35,5,40,0,5,42,13,60,22,20,42,102
10/24/2021,PUB,CO,ANM,WE,Towers with Radar,0,5,28,0,33,0,4,35,2,41,0,9,63,2,74,32,0,32,106
10/25/2021,PUB,CO,ANM,WE,Towers with Radar,0,7,23,11,41,0,3,29,159,191,0,10,52,170,232,18,270,288,520
10/26/2021,PUB,CO,ANM,WE,Towers with Radar,0,13,13,0,26,0,1,11,76,88,0,14,24,76,114,6,8,14,128
10/27/2021,PUB,CO,ANM,WE,Towers with Radar,0,10,10,11,31,0,0,22,181,203,0,10,32,192,234,38,376,414,648
10/28/2021,PUB,CO,ANM,WE,Towers with Radar,0,17,28,9,54,0,3,25,306,334,0,20,53,315,388,25,294,319,707
10/29/2021,PUB,CO,ANM,WE,Towers with Radar,0,11,15,0,26,0,3,51,304,358,0,14,66,304,384,6,622,628,1012
10/30/2021,PUB,CO,ANM,WE,Towers with Radar,0,7,13,0,20,0,0,52,6,58,0,7,65,6,78,20,8,28,106
10/31/2021,PUB,CO,ANM,WE,Towers with Radar,0,5,28,0,33,0,0,1,0,1,0,5,29,0,34,36,0,36,70
11/01/2021,PUB,CO,ANM,WE,Towers with Radar,0,9,22,11,42,0,0,5,317,322,0,9,27,328,364,0,674,674,1038
11/02/2021,PUB,CO,ANM,WE,Towers with Radar,0,5,13,13,31,0,2,4,295,301,0,7,17,308,332,22,738,760,1092
11/03/2021,PUB,CO,ANM,WE,Towers with Radar,0,8,25,9,42,0,7,46,287,340,0,15,71,296,382,12,624,636,1018
11/04/2021,PUB,CO,ANM,WE,Towers with Radar,2,8,24,15,49,0,3,56,281,340,2,11,80,296,389,32,702,734,1123
11/05/2021,PUB,CO,ANM,WE,Towers with Radar,0,9,32,3,44,0,4,38,233,275,0,13,70,236,319,42,634,676,995
11/06/2021,PUB,CO,ANM,WE,Towers with Radar,0,9,18,5,32,0,4,62,18,84,0,13,80,23,116,54,8,62,178
11/07/2021,PUB,CO,ANM,WE,Towers with Radar,0,6,19,14,39,0,1,32,25,58,0,7,51,39,97,30,22,52,149
11/08/2021,PUB,CO,ANM,WE,Towers with Radar,2,15,10,3,30,0,1,32,245,278,2,16,42,248,308,4,430,434,742
11/09/2021,PUB,CO,ANM,WE,Towers with Radar,2,9,19,4,34,0,6,23,233,262,2,15,42,237,296,6,434,440,736
11/10/2021,PUB,CO,ANM,WE,Towers with Radar,0,7,17,5,29,0,0,22,237,259,0,7,39,242,288,26,470,496,784
11/11/2021,PUB,CO,ANM,WE,Towers with Radar,0,8,22,0,30,0,3,32,9,44,0,11,54,9,74,20,2,22,96
11/12/2021,PUB,CO,ANM,WE,Towers with Radar,0,12,19,4,35,0,0,47,259,306,0,12,66,263,341,6,497,503,844
11/13/2021,PUB,CO,ANM,WE,Towers with Radar,0,7,8,39,54,0,2,26,41,69,0,9,34,80,123,20,46,66,189
11/14/2021,PUB,CO,ANM,WE,Towers with Radar,0,6,8,6,20,0,5,40,12,57,0,11,48,18,77,48,18,66,143
11/15/2021,PUB,CO,ANM,WE,Towers with Radar,0,9,20,16,45,0,1,31,266,298,0,10,51,282,343,26,624,650,993
11/16/2021,PUB,CO,ANM,WE,Towers with Radar,0,5,14,2,21,0,3,16,274,293,0,8,30,276,314,18,501,519,833
11/17/2021,PUB,CO,ANM,WE,Towers with Radar,0,13,23,3,39,0,5,19,308,332,0,18,42,311,371,20,624,644,1015
11/18/2021,PUB,CO,ANM,WE,Towers with Radar,0,6,20,5,31,1,1,39,284,325,1,7,59,289,356,18,560,578,934
11/19/2021,PUB,CO,ANM,WE,Towers with Radar,0,7,11,10,28,0,1,35,220,256,0,8,46,230,284,10,456,466,750
11/20/2021,PUB,CO,ANM,WE,Towers with Radar,0,5,19,0,24,0,1,20,229,250,0,6,39,229,274,10,558,568,842
11/21/2021,PUB,CO,ANM,WE,Towers with Radar,0,6,8,6,20,0,0,43,9,52,0,6,51,15,72,40,0,40,112
11/22/2021,PUB,CO,ANM,WE,Towers with Radar,0,9,15,4,28,0,0,39,263,302,0,9,54,267,330,16,392,408,738
11/23/2021,PUB,CO,ANM,WE,Towers with Radar,0,7,25,9,41,0,2,27,245,274,0,9,52,254,315,20,436,456,771
11/24/2021,PUB,CO,ANM,WE,Towers with Radar,2,8,22,0,32,0,3,10,130,143,2,11,32,130,175,2,166,168,343
11/25/2021,PUB,CO,ANM,WE,Towers with Radar,0,2,0,0,2,0,2,19,0,21,0,4,19,0,23,32,0,32,55
11/26/2021,PUB,CO,ANM,WE,Towers with Radar,0,8,25,0,33,0,0,39,2,41,0,8,64,2,74,44,0,44,118
11/27/2021,PUB,CO,ANM,WE,Towers with Radar,0,8,18,2,28,0,0,45,5,50,0,8,63,7,78,34,0,34,112
11/28/2021,PUB,CO,ANM,WE,Towers with Radar,0,7,21,0,28,0,2,40,0,42,0,9,61,0,70,52,0,52,122
11/29/2021,PUB,CO,ANM,WE,Towers with Radar,0,9,19,16,44,0,2,33,192,227,0,11,52,208,271,30,444,474,745
11/30/2021,PUB,CO,ANM,WE,Towers with Radar,0,11,31,7,49,0,4,20,180,204,0,15,51,187,253,24,128,152,405
12/01/2021,PUB,CO,ANM,WE,Towers with Radar,0,10,30,8,48,0,2,31,190,223,0,12,61,198,271,20,374,394,665
12/02/2021,PUB,CO,ANM,WE,Towers with Radar,0,7,24,2,33,0,1,61,206,268,0,8,85,208,301,10,260,270,571
12/03/2021,PUB,CO,ANM,WE,Towers with Radar,0,10,21,1,32,0,0,45,178,223,0,10,66,179,255,28,186,214,469
12/04/2021,PUB,CO,ANM,WE,Towers with Radar,0,5,10,5,20,0,6,57,7,70,0,11,67,12,90,44,29,73,163
12/05/2021,PUB,CO,ANM,WE,Towers with Radar,0,4,13,0,17,0,0,8,2,10,0,4,21,2,27,32,0,32,59
12/06/2021,PUB,CO,ANM,WE,Towers with Radar,0,7,25,2,34,0,0,42,183,225,0,7,67,185,259,6,206,212,471
12/07/2021,PUB,CO,ANM,WE,Towers with Radar,0,13,20,6,39,0,18,33,183,234,0,31,53,189,273,22,246,268,541
12/08/2021,PUB,CO,ANM,WE,Towers with Radar,0,11,18,23,52,0,9,44,170,223,0,20,62,193,275,26,158,184,459
12/09/2021,PUB,CO,ANM,WE,Towers with Radar,0,9,34,7,50,0,2,26,182,210,0,11,60,189,260,22,218,240,500
12/10/2021,PUB,CO,ANM,WE,Towers with Radar,0,7,14,1,22,0,0,0,0,0,0,7,14,1,22,0,0,0,22
12/11/2021,PUB,CO,ANM,WE,Towers with Radar,0,5,17,13,35,0,2,29,6,37,0,7,46,19,72,28,2,30,102
12/12/2021,PUB,CO,ANM,WE,Towers with Radar,0,12,24,1,37,0,2,28,3,33,0,14,52,4,70,54,14,68,138
12/13/2021,PUB,CO,ANM,WE,Towers with Radar,2,9,24,4,39,0,2,39,156,197,2,11,63,160,236,6,114,120,356
12/14/2021,PUB,CO,ANM,WE,Towers with Radar,0,15,27,8,50,0,4,30,114,148,0,19,57,122,198,4,210,214,412
12/15/2021,PUB,CO,ANM,WE,Towers with Radar,0,8,3,0,11,0,0,0,0,0,0,8,3,0,11,0,0,0,11
12/16/2021,PUB,CO,ANM,WE,Towers with Radar,0,14,27,13,54,0,5,38,72,115,0,19,65,85,169,18,104,122,291
12/17/2021,PUB,CO,ANM,WE,Towers with Radar,0,13,30,10,53,0,1,40,30,71,0,14,70,40,124,14,22,36,160
12/18/2021,PUB,CO,ANM,WE,Towers with Radar,0,4,18,0,22,0,7,53,7,67,0,11,71,7,89,16,6,22,111
12/19/2021,PUB,CO,ANM,WE,Towers with Radar,0,10,15,2,27,0,1,49,1,51,0,11,64,3,78,76,0,76,154
12/20/2021,PUB,CO,ANM,WE,Towers with Radar,0,9,13,0,22,0,3,38,22,63,0,12,51,22,85,28,46,74,159
12/21/2021,PUB,CO,ANM,WE,Towers with Radar,0,5,18,5,28,0,3,29,36,68,0,8,47,41,96,42,42,84,180
12/22/2021,PUB,CO,ANM,WE,Towers with Radar,0,12,9,1,22,0,2,33,18,53,0,14,42,19,75,30,12,42,117
12/23/2021,PUB,CO,ANM,WE,Towers with Radar,0,15,17,0,32,0,2,25,15,42,0,17,42,15,74,18,32,50,124
12/24/2021,PUB,CO,ANM,WE,Towers with Radar,0,12,2,0,14,0,6,3,0,9,0,18,5,0,23,0,0,0,23
12/25/2021,PUB,CO,ANM,WE,Towers with Radar,0,4,2,0,6,0,1,3,0,4,0,5,5,0,10,0,0,0,10
12/26/2021,PUB,CO,ANM,WE,Towers with Radar,0,9,16,0,25,0,5,8,0,13,0,14,24,0,38,0,0,0,38
12/27/2021,PUB,CO,ANM,WE,Towers with Radar,0,17,56,0,73,0,4,36,3,43,0,21,92,3,116,34,4,38,154
12/28/2021,PUB,CO,ANM,WE,Towers with Radar,0,12,28,7,47,0,3,42,22,67,0,15,70,29,114,10,2,12,126
12/29/2021,PUB,CO,ANM,WE,Towers with Radar,0,14,33,3,50,0,2,37,4,43,0,16,70,7,93,46,8,54,147
12/30/2021,PUB,CO,ANM,WE,Towers with Radar,0,9,10,2,21,0,2,8,6,16,0,11,18,8,37,6,16,22,59
12/31/2021,PUB,CO,ANM,WE,Towers with Radar,0,10,22,0,32,0,1,8,1,10,0,11,30,1,42,44,0,44,86
01/01/2022,PUB,CO,ANM,WE,Towers with Radar,0,1,1,0,2,0,0,0,0,0,0,1,1,0,2,0,0,0,2
01/02/2022,PUB,CO,ANM,WE,Towers with Radar,0,6,27,0,33,0,2,18,0,20,0,8,45,0,53,14,0,14,67
01/03/2022,PUB,CO,ANM,WE,Towers with Radar,0,7,32,4,43,0,1,45,16,62,0,8,77,20,105,26,16,42,147
01/04/2022,PUB,CO,ANM,WE,Towers with Radar,0,7,11,2,20,0,3,5,47,55,0,10,16,49,75,0,112,112,187
01/05/2022,PUB,CO,ANM,WE,Towers with Radar,0,10,15,3,28,0,2,16,67,85,0,12,31,70,113,8,182,190,303
01/06/2022,PUB,CO,ANM,WE,Towers with Radar,0,7,21,3,31,0,7,20,24,51,0,14,41,27,82,34,98,132,214
01/07/2022,PUB,CO,ANM,WE,Towers with Radar,0,12,21,2,35,0,1,24,64,89,0,13,45,66,124,54,136,190,314
01/08/2022,PUB,CO,ANM,WE,Towers with Radar,0,8,17,0,25,0,2,22,2,26,0,10,39,2,51,58,0,58,109
01/09/2022,PUB,CO,ANM,WE,Towers with Radar,0,2,26,4,32,0,2,26,1,29,0,4,52,5,61,16,10,26,87
01/10/2022,PUB,CO,ANM,WE,Towers with Radar,0,6,27,9,42,0,2,36,155,193,0,8,63,164,235,2,282,284,519
01/11/2022,PUB,CO,ANM,WE,Towers with Radar,0,9,17,14,40,0,2,61,159,222,0,11,78,173,262,34,330,364,626
01/12/2022,PUB,CO,ANM,WE,Towers with Radar,0,9,18,14,41,0,3,38,160,201,0,12,56,174,242,36,340,376,618
01/13/2022,PUB,CO,ANM,WE,Towers with Radar,0,12,12,4,28,0,2,55,149,206,0,14,67,153,234,38,288,326,560
01/14/2022,PUB,CO,ANM,WE,Towers with Radar,0,9,4,0,13,0,1,6,0,7,0,10,10,0,20,4,0,4,24
01/15/2022,PUB,CO,ANM,WE,Towers with Radar,0,4,14,0,18,0,0,26,1,27,0,4,40,1,45,46,0,46,91
01/16/2022,PUB,CO,ANM,WE,Towers with Radar,0,4,17,0,21,0,1,49,0,50,0,5,66,0,71,24,0,24,95
01/17/2022,PUB,CO,ANM,WE,Towers with Radar,0,8,32,7,47,0,6,41,4,51,0,14,73,11,98,18,6,24,122
01/18/2022,PUB,CO,ANM,WE,Towers with Radar,0,6,16,8,30,0,1,41,244,286,0,7,57,252,316,26,458,484,800
01/19/2022,PUB,CO,ANM,WE,Towers with Radar,0,12,14,1,27,0,0,0,15,15,0,12,14,16,42,0,80,80,122
01/20/2022,PUB,CO,ANM,WE,Towers with Radar,2,11,25,1,39,0,1,11,128,140,2,12,36,129,179,20,464,484,663
01/21/2022,PUB,CO,ANM,WE,Towers with Radar,0,8,13,3,24,0,1,13,195,209,0,9,26,198,233,0,520,520,753
01/22/2022,PUB,CO,ANM,WE,Towers with Radar,0,4,13,1,18,0,2,18,3,23,0,6,31,4,41,20,0,20,61
01/23/2022,PUB,CO,ANM,WE,Towers with Radar,0,6,41,3,50,0,2,49,1,52,0,8,90,4,102,28,0,28,130
01/24/2022,PUB,CO,ANM,WE,Towers with Radar,0,5,40,11,56,0,5,58,260,323,0,10,98,271,379,6,704,710,1089
01/25/2022,PUB,CO,ANM,WE,Towers with Radar,2,3,7,5,17,0,1,3,35,39,2,4,10,40,56,4,50,54,110
01/26/2022,PUB,CO,ANM,WE,Towers with Radar,0,12,38,14,64,0,3,31,281,315,0,15,69,295,379,8,690,698,1077
01/27/2022,PUB,CO,ANM,WE,Towers with Radar,0,16,19,0,35,0,2,1,111,114,0,18,20,111,149,2,240,242,391
01/28/2022,PUB,CO,ANM,WE,Towers with Radar,0,7,10,2,19,0,0,26,193,219,0,7,36,195,238,28,480,508,746
01/29/2022,PUB,CO,ANM,WE,Towers with Radar,2,5,23,4,34,0,2,52,14,68,2,7,75,18,102,54,2,56,158
01/30/2022,PUB,CO,ANM,WE,Towers with Radar,0,6,23,22,51,0,2,52,1,55,0,8,75,23,106,48,22,70,176
01/31/2022,PUB,CO,ANM,WE,Towers with Radar,0,7,7,12,26,0,1,33,158,192,0,8,40,170,218,34,368,402,620
02/01/2022,PUB,CO,ANM,WE,Towers with Radar,0,8,17,0,25,0,1,14,253,268,0,9,31,253,293,0,726,726,1019
02/02/2022,PUB,CO,ANM,WE,Towers with Radar,0,8,0,0,8,0,0,0,0,0,0,8,0,0,8,0,0,0,8
02/03/2022,PUB,CO,ANM,WE,Towers with Radar,0,8,9,3,20,0,4,18,7,29,0,12,27,10,49,4,24,28,77
02/04/2022,PUB,CO,ANM,WE,Towers with Radar,0,12,13,35,60,0,1,32,280,313,0,13,45,315,373,32,376,408,781
02/05/2022,PUB,CO,ANM,WE,Towers with Radar,0,5,35,5,45,0,0,57,10,67,0,5,92,15,112,20,18,38,150
02/06/2022,PUB,CO,ANM,WE,Towers with Radar,0,3,13,0,16,0,0,27,1,28,0,3,40,1,44,28,0,28,72
02/07/2022,PUB,CO,ANM,WE,Towers with Radar,0,7,26,0,33,0,0,52,264,316,0,7,78,264,349,14,564,578,927
02/08/2022,PUB,CO,ANM,WE,Towers with Radar,0,11,21,0,32,0,3,18,263,284,0,14,39,263,316,10,308,318,634
02/09/2022,PUB,CO,ANM,WE,Towers with Radar,0,11,26,13,50,0,4,42,238,284,0,15,68,251,334,37,604,641,975
02/10/2022,PUB,CO,ANM,WE,Towers with Radar,0,13,23,7,43,0,2,39,222,263,0,15,62,229,306,74,390,464,770
02/11/2022,PUB,CO,ANM,WE,Towers with Radar,0,11,23,7,41,0,1,5,148,154,0,12,28,155,195,14,174,188,383
02/12/2022,PUB,CO,ANM,WE,Towers with Radar,0,9,16,0,25,0,5,38,8,51,0,14,54,8,76,44,14,58,134
02/13/2022,PUB,CO,ANM,WE,Towers with Radar,0,4,14,0,18,0,1,53,5,59,0,5,67,5,77,16,2,18,95
02/14/2022,PUB,CO,ANM,WE,Towers with Radar,0,8,31,8,47,0,1,24,224,249,0,9,55,232,296,46,264,310,606
02/15/2022,PUB,CO,ANM,WE,Towers with Radar,0,9,28,18,55,0,4,46,258,308,0,13,74,276,363,44,262,306,669
02/16/2022,PUB,CO,ANM,WE,Towers with Radar,0,6,18,11,35,0,1,7,210,218,0,7,25,221,253,4,206,210,463
02/17/2022,PUB,CO,ANM,WE,Towers with Radar,0,6,34,3,43,0,5,31,147,183,0,11,65,150,226,32,152,184,410
02/18/2022,PUB,CO,ANM,WE,Towers with Radar,0,12,27,1,40,0,2,48,172,222,0,14,75,173,262,40,168,208,470
02/19/2022,PUB,CO,ANM,WE,Towers with Radar,0,7,25,0,32,0,2,71,5,78,0,9,96,5,110,82,8,90,200
02/20/2022,PUB,CO,ANM,WE,Towers with Radar,0,5,14,4,23,0,1,32,0,33,0,6,46,4,56,26,0,26,82
02/21/2022,PUB,CO,ANM,WE,Towers with Radar,0,6,23,0,29,0,2,25,0,27,0,8,48,0,56,60,0,60,116
02/22/2022,PUB,CO,ANM,WE,Towers with Radar,0,10,9,0,19,0,0,0,33,33,0,10,9,33,52,0,12,12,64
02/23/2022,PUB,CO,ANM,WE,Towers with Radar,0,10,10,0,20,0,0,0,0,0,0,10,10,0,20,0,0,0,20
02/24/2022,PUB,CO,ANM,WE,Towers with Radar,0,18,31,1,50,0,2,22,283,307,0,20,53,284,357,6,494,500,857
02/25/2022,PUB,CO,ANM,WE,Towers with Radar,0,9,22,9,40,0,5,44,270,319,0,14,66,279,359,46,374,420,779
02/26/2022,PUB,CO,ANM,WE,Towers with Radar,0,4,23,5,32,0,4,60,9,73,0,8,83,14,105,70,12,82,187
02/27/2022,PUB,CO,ANM,WE,Towers with Radar,0,4,43,0,47,0,8,68,2,78,0,12,111,2,125,16,0,16,141
02/28/2022,PUB,CO,ANM,WE,Towers with Radar,0,8,24,12,44,0,4,22,267,293,0,12,46,279,337,14,390,404,741
03/01/2022,PUB,CO,ANM,WE,Towers with Radar,0,4,24,4,32,0,3,40,215,258,0,7,64,219,290,44,349,393,683
03/02/2022,PUB,CO,ANM,WE,Towers with Radar,0,19,25,9,53,0,4,53,227,284,0,23,78,236,337,26,368,394,731
03/03/2022,PUB,CO,ANM,WE,Towers with Radar,0,10,25,1,36,0,5,43,227,275,0,15,68,228,311,66,562,628,939
03/04/2022,PUB,CO,ANM,WE,Towers with Radar,0,10,20,4,34,0,0,28,167,195,0,10,48,171,229,34,322,356,585
03/05/2022,PUB,CO,ANM,WE,Towers with Radar,0,11,19,0,30,0,4,10,4,18,0,15,29,4,48,36,0,36,84
03/06/2022,PUB,CO,ANM,WE,Towers with Radar,0,0,0,0,0,0,0,0,0,0,0,0,0,0,0,0,0,0,0
03/07/2022,PUB,CO,ANM,WE,Towers with Radar,0,4,7,0,11,0,0,1,40,41,0,4,8,40,52,0,276,276,328
03/08/2022,PUB,CO,ANM,WE,Towers with Radar,0,12,20,4,36,0,2,21,212,235,0,14,41,216,271,26,570,596,867
03/09/2022,PUB,CO,ANM,WE,Towers with Radar,0,10,16,0,26,0,1,6,168,175,0,11,22,168,201,0,768,768,969
03/10/2022,PUB,CO,ANM,WE,Towers with Radar,0,14,14,0,28,0,0,0,0,0,0,14,14,0,28,0,0,0,28
03/11/2022,PUB,CO,ANM,WE,Towers with Radar,0,9,34,11,54,0,0,42,270,312,0,9,76,281,366,34,626,660,1026
03/12/2022,PUB,CO,ANM,WE,Towers with Radar,0,5,33,1,39,0,5,76,9,90,0,10,109,10,129,42,4,46,175
03/13/2022,PUB,CO,ANM,WE,Towers with Radar,0,7,31,2,40,0,8,36,6,50,0,15,67,8,90,56,12,68,158
03/14/2022,PUB,CO,ANM,WE,Towers with Radar,0,8,12,5,25,0,0,14,80,94,0,8,26,85,119,20,94,114,233
03/15/2022,PUB,CO,ANM,WE,Towers with Radar,0,14,34,8,56,0,0,77,303,380,0,14,111,311,436,72,720,792,1228
03/16/2022,PUB,CO,ANM,WE,Towers with Radar,0,11,16,17,44,0,2,35,282,319,0,13,51,299,363,44,474,518,881
03/17/2022,PUB,CO,ANM,WE,Towers with Radar,0,10,2,2,14,0,3,3,2,8,0,13,5,4,22,20,10,30,52
03/18/2022,PUB,CO,ANM,WE,Towers with Radar,0,9,16,0,25,1,2,34,258,295,1,11,50,258,320,24,576,600,920
03/19/2022,PUB,CO,ANM,WE,Towers with Radar,0,5,19,0,24,0,2,74,1,77,0,7,93,1,101,46,0,46,147
03/20/2022,PUB,CO,ANM,WE,Towers with Radar,0,4,20,0,24,0,1,25,0,26,0,5,45,0,50,10,0,10,60
03/21/2022,PUB,CO,ANM,WE,Towers with Radar,0,6,5,0,11,0,0,0,2,2,0,6,5,2,13,0,24,24,37
03/22/2022,PUB,CO,ANM,WE,Towers with Radar,0,12,6,9,27,0,1,2,65,68,0,13,8,74,95,4,70,74,169
03/23/2022,PUB,CO,ANM,WE,Towers with Radar,0,8,10,4,22,0,2,1,160,163,0,10,11,164,185,2,126,128,313
03/24/2022,PUB,CO,ANM,WE,Towers with Radar,0,12,17,11,40,0,7,24,292,323,0,19,41,303,363,20,450,470,833
03/25/2022,PUB,CO,ANM,WE,Towers with Radar,0,10,22,6,38,0,1,44,296,341,0,11,66,302,379,16,576,592,971
03/26/2022,PUB,CO,ANM,WE,Towers with Radar,0,9,28,2,39,0,0,38,226,264,0,9,66,228,303,48,542,590,893
03/27/2022,PUB,CO,ANM,WE,Towers with Radar,0,11,34,3,48,0,5,60,0,65,0,16,94,3,113,22,0,22,135
03/28/2022,PUB,CO,ANM,WE,Towers with Radar,0,10,18,9,37,0,0,43,323,366,0,10,61,332,403,48,602,650,1053
03/29/2022,PUB,CO,ANM,WE,Towers with Radar,0,10,17,0,27,0,3,3,229,235,0,13,20,229,262,22,226,248,510
03/30/2022,PUB,CO,ANM,WE,Towers with Radar,0,14,16,9,39,0,0,5,136,141,0,14,21,145,180,0,239,239,419
03/31/2022,PUB,CO,ANM,WE,Towers with Radar,0,14,9,2,25,0,2,46,304,352,0,16,55,306,377,50,760,810,1187
04/01/2022,PUB,CO,ANM,WE,Towers with Radar,0,9,15,3,27,0,0,28,112,140,0,9,43,115,167,26,140,166,333
04/02/2022,PUB,CO,ANM,WE,Towers with Radar,0,7,17,0,24,0,2,57,1,60,0,9,74,1,84,32,0,32,116
04/03/2022,PUB,CO,ANM,WE,Towers with Radar,0,4,15,5,24,0,0,14,0,14,0,4,29,5,38,22,8,30,68
04/04/2022,PUB,CO,ANM,WE,Towers with Radar,0,6,10,10,26,0,2,13,239,254,0,8,23,249,280,47,496,543,823
04/05/2022,PUB,CO,ANM,WE,Towers with Radar,0,7,9,2,18,0,4,4,15,23,0,11,13,17,41,0,0,0,41
04/06/2022,PUB,CO,ANM,WE,Towers with Radar,0,9,19,1,29,0,2,3,255,260,0,11,22,256,289,0,244,244,533
04/07/2022,PUB,CO,ANM,WE,Towers with Radar,0,8,27,2,37,0,4,14,276,294,0,12,41,278,331,32,256,288,619
04/08/2022,PUB,CO,ANM,WE,Towers with Radar,0,11,28,32,71,0,3,35,271,309,0,14,63,303,380,48,722,770,1150
04/09/2022,PUB,CO,ANM,WE,Towers with Radar,0,5,20,0,25,0,2,67,238,307,0,7,87,238,332,34,516,550,882
04/10/2022,PUB,CO,ANM,WE,Towers with Radar,0,12,10,12,34,0,0,16,4,20,0,12,26,16,54,36,4,40,94
04/11/2022,PUB,CO,ANM,WE,Towers with Radar,0,10,14,10,34,0,2,28,318,348,0,12,42,328,382,20,628,648,1030
04/12/2022,PUB,CO,ANM,WE,Towers with Radar,0,7,8,8,23,0,2,4,4,10,0,9,12,12,33,0,0,0,33
04/13/2022,PUB,CO,ANM,WE,Towers with Radar,0,10,26,8,44,0,4,21,298,323,0,14,47,306,367,30,284,314,681
04/14/2022,PUB,CO,ANM,WE,Towers with Radar,0,10,32,12,54,0,2,30,337,369,0,12,62,349,423,18,600,618,1041
04/15/2022,PUB,CO,ANM,WE,Towers with Radar,0,8,21,0,29,3,1,37,241,282,3,9,58,241,311,24,346,370,681
04/16/2022,PUB,CO,ANM,WE,Towers with Radar,0,11,19,8,38,0,2,46,3,51,0,13,65,11,89,62,0,62,151
04/17/2022,PUB,CO,ANM,WE,Towers with Radar,0,4,5,0,9,0,0,22,0,22,0,4,27,0,31,16,0,16,47
04/18/2022,PUB,CO,ANM,WE,Towers with Radar,0,8,28,0,36,0,1,50,320,371,0,9,78,320,407,38,386,424,831
04/19/2022,PUB,CO,ANM,WE,Towers with Radar,0,7,34,14,55,0,3,52,349,404,0,10,86,363,459,48,814,862,1321
04/20/2022,PUB,CO,ANM,WE,Towers with Radar,0,13,23,4,40,0,3,24,319,346,0,16,47,323,386,42,189,231,617
04/21/2022,PUB,CO,ANM,WE,Towers with Radar,0,22,39,3,64,0,0,40,301,341,0,22,79,304,405,34,647,681,1086
04/22/2022,PUB,CO,ANM,WE,Towers with Radar,0,7,9,0,16,0,0,1,68,69,0,7,10,68,85,8,24,32,117
04/23/2022,PUB,CO,ANM,WE,Towers with Radar,0,6,4,3,13,0,0,0,2,2,0,6,4,5,15,0,0,0,15
04/24/2022,PUB,CO,ANM,WE,Towers with Radar,0,6,14,0,20,0,2,34,1,37,0,8,48,1,57,32,0,32,89
04/25/2022,PUB,CO,ANM,WE,Towers with Radar,0,6,15,3,24,0,2,26,279,307,0,8,41,282,331,28,804,832,1163
04/26/2022,PUB,CO,ANM,WE,Towers with Radar,0,13,17,3,33,0,8,34,275,317,0,21,51,278,350,44,648,692,1042
04/27/2022,PUB,CO,ANM,WE,Towers with Radar,0,13,25,8,46,0,1,24,273,298,0,14,49,281,344,12,444,456,800
04/28/2022,PUB,CO,ANM,WE,Towers with Radar,0,12,21,6,39,0,2,30,296,328,0,14,51,302,367,16,522,538,905
04/29/2022,PUB,CO,ANM,WE,Towers with Radar,0,10,10,3,23,0,0,2,126,128,0,10,12,129,151,6,148,154,305
04/30/2022,PUB,CO,ANM,WE,Towers with Radar,0,4,13,16,33,0,2,69,15,86,0,6,82,31,119,76,12,88,207
05/01/2022,PUB,CO,ANM,WE,Towers with Radar,0,4,15,0,19,0,0,27,1,28,0,4,42,1,47,46,0,46,93
05/02/2022,PUB,CO,ANM,WE,Towers with Radar,0,8,22,2,32,0,1,10,179,190,0,9,32,181,222,12,16,28,250
05/03/2022,PUB,CO,ANM,WE,Towers with Radar,0,9,23,2,34,0,6,13,165,184,0,15,36,167,218,14,464,478,696
05/04/2022,PUB,CO,ANM,WE,Towers with Radar,0,8,20,4,32,0,8,9,183,200,0,16,29,187,232,54,466,520,752
05/05/2022,PUB,CO,ANM,WE,Towers with Radar,0,6,18,2,26,0,4,44,295,343,0,10,62,297,369,36,518,554,923
05/06/2022,PUB,CO,ANM,WE,Towers with Radar,0,6,14,21,41,0,3,33,239,275,0,9,47,260,316,54,66,120,436
05/07/2022,PUB,CO,ANM,WE,Towers with Radar,0,6,13,2,21,0,2,25,10,37,0,8,38,12,58,40,0,40,98
05/08/2022,PUB,CO,ANM,WE,Towers with Radar,0,6,10,16,32,0,0,21,11,32,0,6,31,27,64,14,8,22,86
05/09/2022,PUB,CO,ANM,WE,Towers with Radar,0,10,5,0,15,0,5,4,10,19,0,15,9,10,34,26,44,70,104
05/10/2022,PUB,CO,ANM,WE,Towers with Radar,0,6,14,9,29,0,2,35,314,351,0,8,49,323,380,14,106,120,500
05/11/2022,PUB,CO,ANM,WE,Towers with Radar,0,6,9,8,23,1,0,24,202,227,1,6,33,210,250,4,34,38,288
05/12/2022,PUB,CO,ANM,WE,Towers with Radar,4,10,21,3,38,0,2,12,104,118,4,12,33,107,156,0,46,46,202
05/13/2022,PUB,CO,ANM,WE,Towers with Radar,0,10,18,21,49,0,0,40,290,330,0,10,58,311,379,10,248,258,637
05/14/2022,PUB,CO,ANM,WE,Towers with Radar,0,6,16,0,22,0,4,56,205,265,0,10,72,205,287,50,238,288,575
05/15/2022,PUB,CO,ANM,WE,Towers with Radar,0,9,23,0,32,0,2,41,1,44,0,11,64,1,76,48,7,55,131
05/16/2022,PUB,CO,ANM,WE,Towers with Radar,0,17,15,9,41,0,3,44,324,371,0,20,59,333,412,22,378,400,812
05/17/2022,PUB,CO,ANM,WE,Towers with Radar,0,7,18,15,40,0,2,20,313,335,0,9,38,328,375,10,518,528,903
05/18/2022,PUB,CO,ANM,WE,Towers with Radar,0,6,12,11,29,0,0,32,280,312,0,6,44,291,341,34,522,556,897
05/19/2022,PUB,CO,ANM,WE,Towers with Radar,2,15,27,3,47,0,0,20,215,235,2,15,47,218,282,46,434,480,762
05/20/2022,PUB,CO,ANM,WE,Towers with Radar,0,9,18,1,28,0,1,8,181,190,0,10,26,182,218,26,306,332,550
05/21/2022,PUB,CO,ANM,WE,Towers with Radar,0,7,5,0,12,0,0,2,1,3,0,7,7,1,15,24,0,24,39
05/22/2022,PUB,CO,ANM,WE,Towers with Radar,0,10,16,0,26,0,2,12,0,14,0,12,28,0,40,20,0,20,60
05/23/2022,PUB,CO,ANM,WE,Towers with Radar,5,10,13,1,29,0,0,12,168,180,5,10,25,169,209,0,127,127,336
05/24/2022,PUB,CO,ANM,WE,Towers with Radar,0,7,11,6,24,0,0,6,7,13,0,7,17,13,37,32,12,44,81
05/25/2022,PUB,CO,ANM,WE,Towers with Radar,0,16,28,8,52,0,3,48,279,330,0,19,76,287,382,40,372,412,794
05/26/2022,PUB,CO,ANM,WE,Towers with Radar,0,12,25,0,37,0,2,70,231,303,0,14,95,231,340,48,522,570,910
05/27/2022,PUB,CO,ANM,WE,Towers with Radar,2,14,22,5,43,0,0,44,207,251,2,14,66,212,294,32,502,534,828
05/28/2022,PUB,CO,ANM,WE,Towers with Radar,0,9,18,0,27,1,4,43,0,48,1,13,61,0,75,26,0,26,101
05/29/2022,PUB,CO,ANM,WE,Towers with Radar,2,7,7,0,16,0,8,49,0,57,2,15,56,0,73,26,0,26,99
05/30/2022,PUB,CO,ANM,WE,Towers with Radar,0,7,12,0,19,0,0,12,2,14,0,7,24,2,33,30,0,30,63
05/31/2022,PUB,CO,ANM,WE,Towers with Radar,0,7,30,9,46,0,5,28,236,269,0,12,58,245,315,32,394,426,741
06/01/2022,PUB,CO,ANM,WE,Towers with Radar,0,8,24,3,35,0,2,5,56,63,0,10,29,59,98,2,412,414,512
06/02/2022,PUB,CO,ANM,WE,Towers with Radar,0,11,12,1,24,0,5,25,223,253,0,16,37,224,277,42,544,586,863
06/03/2022,PUB,CO,ANM,WE,Towers with Radar,2,14,19,7,42,0,2,26,194,222,2,16,45,201,264,0,406,406,670
06/04/2022,PUB,CO,ANM,WE,Towers with Radar,0,10,31,6,47,0,1,69,0,70,0,11,100,6,117,68,10,78,195
06/05/2022,PUB,CO,ANM,WE,Towers with Radar,0,6,14,0,20,0,2,58,1,61,0,8,72,1,81,26,0,26,107
06/06/2022,PUB,CO,ANM,WE,Towers with Radar,2,15,11,0,28,0,8,32,257,297,2,23,43,257,325,12,503,515,840
06/07/2022,PUB,CO,ANM,WE,Towers with Radar,4,6,11,9,30,0,2,35,331,368,4,8,46,340,398,19,470,489,887
06/08/2022,PUB,CO,ANM,WE,Towers with Radar,0,10,18,5,33,0,7,28,320,355,0,17,46,325,388,32,524,556,944
06/09/2022,PUB,CO,ANM,WE,Towers with Radar,0,11,15,4,30,0,5,25,226,256,0,16,40,230,286,4,384,388,674
06/10/2022,PUB,CO,ANM,WE,Towers with Radar,0,10,12,11,33,0,3,40,270,313,0,13,52,281,346,28,396,424,770
06/11/2022,PUB,CO,ANM,WE,Towers with Radar,2,11,32,2,47,0,5,59,2,66,2,16,91,4,113,50,2,52,165
06/12/2022,PUB,CO,ANM,WE,Towers with Radar,0,9,19,6,34,0,4,41,1,46,0,13,60,7,80,62,0,62,142
06/13/2022,PUB,CO,ANM,WE,Towers with Radar,0,8,16,4,28,0,0,24,156,180,0,8,40,160,208,36,364,400,608
06/14/2022,PUB,CO,ANM,WE,Towers with Radar,2,12,20,7,41,0,9,31,194,234,2,21,51,201,275,8,357,365,640
06/15/2022,PUB,CO,ANM,WE,Towers with Radar,0,5,27,1,33,0,4,38,226,268,0,9,65,227,301,32,286,318,619
06/16/2022,PUB,CO,ANM,WE,Towers with Radar,0,9,37,12,58,0,2,44,173,219,0,11,81,185,277,18,276,294,571
06/17/2022,PUB,CO,ANM,WE,Towers with Radar,0,17,21,22,60,0,1,29,157,187,0,18,50,179,247,10,324,334,581
06/18/2022,PUB,CO,ANM,WE,Towers with Radar,0,7,13,0,20,0,2,24,1,27,0,9,37,1,47,44,0,44,91
06/19/2022,PUB,CO,ANM,WE,Towers with Radar,0,6,6,2,14,0,4,21,0,25,0,10,27,2,39,42,0,42,81
06/20/2022,PUB,CO,ANM,WE,Towers with Radar,0,5,20,0,25,0,2,28,0,30,0,7,48,0,55,52,0,52,107
06/21/2022,PUB,CO,ANM,WE,Towers with Radar,0,10,24,4,38,0,2,26,160,188,0,12,50,164,226,64,252,316,542
06/22/2022,PUB,CO,ANM,WE,Towers with Radar,0,8,12,9,29,0,5,41,205,251,0,13,53,214,280,42,286,328,608
06/23/2022,PUB,CO,ANM,WE,Towers with Radar,2,7,20,4,33,0,2,11,171,184,2,9,31,175,217,4,250,254,471
06/24/2022,PUB,CO,ANM,WE,Towers with Radar,0,7,29,0,36,0,2,31,164,197,0,9,60,164,233,18,166,184,417
06/25/2022,PUB,CO,ANM,WE,Towers with Radar,0,6,11,0,17,0,6,25,0,31,0,12,36,0,48,20,0,20,68
06/26/2022,PUB,CO,ANM,WE,Towers with Radar,0,8,26,5,39,0,0,6,0,6,0,8,32,5,45,24,0,24,69
06/27/2022,PUB,CO,ANM,WE,Towers with Radar,0,6,34,11,51,0,2,16,140,158,0,8,50,151,209,0,266,266,475
06/28/2022,PUB,CO,ANM,WE,Towers with Radar,0,6,12,12,30,0,9,31,153,193,0,15,43,165,223,18,226,244,467
06/29/2022,PUB,CO,ANM,WE,Towers with Radar,1,6,12,8,27,0,3,25,150,178,1,9,37,158,205,37,176,213,418
06/30/2022,PUB,CO,ANM,WE,Towers with Radar,0,11,13,8,32,0,5,18,134,157,0,16,31,142,189,20,214,234,423
07/01/2022,PUB,CO,ANM,WE,Towers with Radar,2,14,26,14,56,0,3,55,134,192,2,17,81,148,248,14,252,266,514
07/02/2022,PUB,CO,ANM,WE,Towers with Radar,0,11,5,0,16,0,11,30,0,41,0,22,35,0,57,84,0,84,141
07/03/2022,PUB,CO,ANM,WE,Towers with Radar,0,12,13,0,25,0,2,34,4,40,0,14,47,4,65,32,0,32,97
07/04/2022,PUB,CO,ANM,WE,Towers with Radar,0,7,10,0,17,0,0,27,0,27,0,7,37,0,44,32,0,32,76
07/05/2022,PUB,CO,ANM,WE,Towers with Radar,0,15,13,11,39,0,0,34,133,167,0,15,47,144,206,14,306,320,526
07/06/2022,PUB,CO,ANM,WE,Towers with Radar,0,8,19,4,31,0,0,32,115,147,0,8,51,119,178,12,252,264,442
07/07/2022,PUB,CO,ANM,WE,Towers with Radar,0,12,13,12,37,0,3,31,117,151,0,15,44,129,188,46,240,286,474
07/08/2022,PUB,CO,ANM,WE,Towers with Radar,0,14,14,8,36,0,6,33,102,141,0,20,47,110,177,76,228,304,481
07/09/2022,PUB,CO,ANM,WE,Towers with Radar,0,11,13,13,37,0,6,57,3,66,0,17,70,16,103,90,0,90,193
07/10/2022,PUB,CO,ANM,WE,Towers with Radar,2,20,23,0,45,0,1,27,0,28,2,21,50,0,73,10,0,10,83
07/11/2022,PUB,CO,ANM,WE,Towers with Radar,2,17,16,14,49,0,1,15,58,74,2,18,31,72,123,12,104,116,239
07/12/2022,PUB,CO,ANM,WE,Towers with Radar,0,16,15,7,38,0,8,20,153,181,0,24,35,160,219,16,190,206,425
07/13/2022,PUB,CO,ANM,WE,Towers with Radar,0,11,14,8,33,0,1,33,157,191,0,12,47,165,224,32,220,252,476
07/14/2022,PUB,CO,ANM,WE,Towers with Radar,0,6,13,16,35,0,4,15,151,170,0,10,28,167,205,26,192,218,423
07/15/2022,PUB,CO,ANM,WE,Towers with Radar,2,8,26,36,72,0,1,13,150,164,2,9,39,186,236,26,244,270,506
07/16/2022,PUB,CO,ANM,WE,Towers with Radar,0,6,15,1,22,0,3,45,3,51,0,9,60,4,73,42,8,50,123
07/17/2022,PUB,CO,ANM,WE,Towers with Radar,0,4,23,3,30,0,4,32,1,37,0,8,55,4,67,4,0,4,71
07/18/2022,PUB,CO,ANM,WE,Towers with Radar,1,8,10,0,19,0,4,23,148,175,1,12,33,148,194,12,266,278,472
07/19/2022,PUB,CO,ANM,WE,Towers with Radar,2,9,12,2,25,0,5,23,132,160,2,14,35,134,185,2,118,120,305
07/20/2022,PUB,CO,ANM,WE,Towers with Radar,1,10,15,2,28,0,2,23,139,164,1,12,38,141,192,18,184,202,394
07/21/2022,PUB,CO,ANM,WE,Towers with Radar,0,7,21,13,41,0,3,36,134,173,0,10,57,147,214,20,162,182,396
07/22/2022,PUB,CO,ANM,WE,Towers with Radar,2,14,17,0,33,0,1,39,123,163,2,15,56,123,196,52,212,264,460
07/23/2022,PUB,CO,ANM,WE,Towers with Radar,0,9,17,0,26,0,3,49,2,54,0,12,66,2,80,60,0,60,140
07/24/2022,PUB,CO,ANM,WE,Towers with Radar,0,7,18,0,25,0,0,47,0,47,0,7,65,0,72,34,0,34,106
07/25/2022,PUB,CO,ANM,WE,Towers with Radar,0,4,38,3,45,0,6,39,140,185,0,10,77,143,230,4,248,252,482
07/26/2022,PUB,CO,ANM,WE,Towers with Radar,0,8,27,3,38,1,1,33,156,191,1,9,60,159,229,16,250,266,495
07/27/2022,PUB,CO,ANM,WE,Towers with Radar,0,11,48,3,62,0,0,45,150,195,0,11,93,153,257,14,244,258,515
07/28/2022,PUB,CO,ANM,WE,Towers with Radar,3,14,34,2,53,0,0,17,104,121,3,14,51,106,174,20,222,242,416
07/29/2022,PUB,CO,ANM,WE,Towers with Radar,0,19,41,2,62,0,1,19,8,28,0,20,60,10,90,34,14,48,138
07/30/2022,PUB,CO,ANM,WE,Towers with Radar,0,5,16,0,21,0,1,23,2,26,0,6,39,2,47,42,6,48,95
07/31/2022,PUB,CO,ANM,WE,Towers with Radar,0,4,21,2,27,0,6,51,1,58,0,10,72,3,85,28,0,28,113
08/01/2022,PUB,CO,ANM,WE,Towers with Radar,0,9,32,0,41,0,0,48,222,270,0,9,80,222,311,44,226,270,581
08/02/2022,PUB,CO,ANM,WE,Towers with Radar,2,10,22,2,36,0,7,39,231,277,2,17,61,233,313,14,274,288,601
08/03/2022,PUB,CO,ANM,WE,Towers with Radar,1,11,25,8,45,1,3,27,215,246,2,14,52,223,291,38,190,228,519
08/04/2022,PUB,CO,ANM,WE,Towers with Radar,2,8,12,7,29,0,0,27,186,213,2,8,39,193,242,32,437,469,711
08/05/2022,PUB,CO,ANM,WE,Towers with Radar,1,15,21,4,41,0,2,37,184,223,1,17,58,188,264,34,244,278,542
08/06/2022,PUB,CO,ANM,WE,Towers with Radar,2,3,16,1,22,0,1,37,2,40,2,4,53,3,62,50,2,52,114
08/07/2022,PUB,CO,ANM,WE,Towers with Radar,1,11,15,0,27,0,0,37,4,41,1,11,52,4,68,49,0,49,117
08/08/2022,PUB,CO,ANM,WE,Towers with Radar,0,7,21,5,33,0,3,17,198,218,0,10,38,203,251,54,422,476,727
08/09/2022,PUB,CO,ANM,WE,Towers with Radar,0,10,19,3,32,0,0,41,178,219,0,10,60,181,251,38,354,392,643
08/10/2022,PUB,CO,ANM,WE,Towers with Radar,2,8,27,0,37,0,4,32,165,201,2,12,59,165,238,14,302,316,554
08/11/2022,PUB,CO,ANM,WE,Towers with Radar,0,13,27,0,40,0,1,19,133,153,0,14,46,133,193,20,410,430,623
08/12/2022,PUB,CO,ANM,WE,Towers with Radar,4,12,16,10,42,0,4,24,121,149,4,16,40,131,191,20,338,358,549
08/13/2022,PUB,CO,ANM,WE,Towers with Radar,0,8,24,1,33,0,9,40,10,59,0,17,64,11,92,30,4,34,126
08/14/2022,PUB,CO,ANM,WE,Towers with Radar,0,4,17,0,21,0,0,34,2,36,0,4,51,2,57,26,0,26,83
08/15/2022,PUB,CO,ANM,WE,Towers with Radar,1,7,21,4,33,0,2,30,159,191,1,9,51,163,224,0,14,14,238
08/16/2022,PUB,CO,ANM,WE,Towers with Radar,0,8,24,0,32,0,0,13,123,136,0,8,37,123,168,24,278,302,470
08/17/2022,PUB,CO,ANM,WE,Towers with Radar,0,11,22,3,36,0,3,42,135,180,0,14,64,138,216,52,286,338,554
08/18/2022,PUB,CO,ANM,WE,Towers with Radar,0,14,34,3,51,0,1,13,210,224,0,15,47,213,275,34,284,318,593
08/19/2022,PUB,CO,ANM,WE,Towers with Radar,0,10,30,3,43,0,6,41,338,385,0,16,71,341,428,40,184,224,652
08/20/2022,PUB,CO,ANM,WE,Towers with Radar,0,9,22,2,33,0,1,25,13,39,0,10,47,15,72,6,0,6,78
08/21/2022,PUB,CO,ANM,WE,Towers with Radar,0,10,20,0,30,0,1,45,0,46,0,11,65,0,76,78,0,78,154
08/22/2022,PUB,CO,ANM,WE,Towers with Radar,1,6,23,14,44,0,0,25,348,373,1,6,48,362,417,10,238,248,665
08/23/2022,PUB,CO,ANM,WE,Towers with Radar,0,9,19,10,38,0,2,40,261,303,0,11,59,271,341,14,382,396,737
08/24/2022,PUB,CO,ANM,WE,Towers with Radar,0,15,30,3,48,0,3,56,430,489,0,18,86,433,537,73,302,375,912
08/25/2022,PUB,CO,ANM,WE,Towers with Radar,0,13,21,1,35,0,0,37,258,295,0,13,58,259,330,56,346,402,732
08/26/2022,PUB,CO,ANM,WE,Towers with Radar,1,6,21,3,31,0,0,32,218,250,1,6,53,221,281,20,402,422,703
08/27/2022,PUB,CO,ANM,WE,Towers with Radar,0,9,16,0,25,0,8,57,30,95,0,17,73,30,120,86,24,110,230
08/28/2022,PUB,CO,ANM,WE,Towers with Radar,2,9,13,0,24,0,1,31,11,43,2,10,44,11,67,10,2,12,79
08/29/2022,PUB,CO,ANM,WE,Towers with Radar,0,4,27,8,39,0,5,23,142,170,0,9,50,150,209,32,192,224,433
08/30/2022,PUB,CO,ANM,WE,Towers with Radar,1,7,33,6,47,0,2,32,157,191,1,9,65,163,238,74,282,356,594
08/31/2022,PUB,CO,ANM,WE,Towers with Radar,3,10,14,3,30,0,2,36,130,168,3,12,50,133,198,22,382,404,602
09/01/2022,PUB,CO,ANM,WE,Towers with Radar,0,13,15,4,32,0,3,44,144,191,0,16,59,148,223,4,258,262,485
09/02/2022,PUB,CO,ANM,WE,Towers with Radar,0,10,16,4,30,0,4,28,117,149,0,14,44,121,179,34,252,286,465
09/03/2022,PUB,CO,ANM,WE,Towers with Radar,2,6,15,0,23,0,8,29,2,39,2,14,44,2,62,22,2,24,86
09/04/2022,PUB,CO,ANM,WE,Towers with Radar,0,7,14,0,21,0,11,32,0,43,0,18,46,0,64,36,0,36,100
09/05/2022,PUB,CO,ANM,WE,Towers with Radar,0,9,27,2,38,0,4,45,1,50,0,13,72,3,88,56,8,64,152
09/06/2022,PUB,CO,ANM,WE,Towers with Radar,0,12,26,1,39,0,5,22,121,148,0,17,48,122,187,47,268,315,502
09/07/2022,PUB,CO,ANM,WE,Towers with Radar,0,10,9,18,37,0,1,24,245,270,0,11,33,263,307,42,380,422,729
09/08/2022,PUB,CO,ANM,WE,Towers with Radar,0,9,26,8,43,0,2,38,246,286,0,11,64,254,329,34,338,372,701
09/09/2022,PUB,CO,ANM,WE,Towers with Radar,0,8,36,5,49,0,5,12,192,209,0,13,48,197,258,14,280,294,552
09/10/2022,PUB,CO,ANM,WE,Towers with Radar,0,8,29,2,39,0,0,1,0,1,0,8,30,2,40,0,0,0,40
09/11/2022,PUB,CO,ANM,WE,Towers with Radar,0,7,30,0,37,0,5,32,0,37,0,12,62,0,74,0,0,0,74
09/12/2022,PUB,CO,ANM,WE,Towers with Radar,0,4,23,0,27,0,0,36,216,252,0,4,59,216,279,30,336,366,645
09/13/2022,PUB,CO,ANM,WE,Towers with Radar,2,11,28,7,48,0,2,35,224,261,2,13,63,231,309,38,332,370,679
09/14/2022,PUB,CO,ANM,WE,Towers with Radar,0,7,9,2,18,0,4,31,215,250,0,11,40,217,268,30,366,396,664
09/15/2022,PUB,CO,ANM,WE,Towers with Radar,0,11,22,18,51,0,3,38,185,226,0,14,60,203,277,30,434,464,741
09/16/2022,PUB,CO,ANM,WE,Towers with Radar,1,6,21,3,31,0,5,55,203,263,1,11,76,206,294,76,353,429,723
09/17/2022,PUB,CO,ANM,WE,Towers with Radar,0,4,17,0,21,0,2,43,9,54,0,6,60,9,75,36,2,38,113
09/18/2022,PUB,CO,ANM,WE,Towers with Radar,0,2,21,12,35,0,2,36,1,39,0,4,57,13,74,66,0,66,140
09/19/2022,PUB,CO,ANM,WE,Towers with Radar,2,8,19,4,33,0,0,47,159,206,2,8,66,163,239,30,428,458,697
09/20/2022,PUB,CO,ANM,WE,Towers with Radar,0,12,16,12,40,0,0,32,157,189,0,12,48,169,229,18,382,400,629
09/21/2022,PUB,CO,ANM,WE,Towers with Radar,0,7,24,12,43,0,0,6,126,132,0,7,30,138,175,0,140,140,315
09/22/2022,PUB,CO,ANM,WE,Towers with Radar,0,12,34,4,50,0,0,4,5,9,0,12,38,9,59,8,82,90,149
09/23/2022,PUB,CO,ANM,WE,Towers with Radar,0,9,19,27,55,0,1,24,138,163,0,10,43,165,218,12,312,324,542
09/24/2022,PUB,CO,ANM,WE,Towers with Radar,0,6,15,11,32,0,0,74,9,83,0,6,89,20,115,52,8,60,175
09/25/2022,PUB,CO,ANM,WE,Towers with Radar,0,5,18,10,33,0,5,63,4,72,0,10,81,14,105,10,0,10,115
09/26/2022,PUB,CO,ANM,WE,Towers with Radar,2,8,36,3,49,0,1,48,169,218,2,9,84,172,267,38,400,438,705
09/27/2022,PUB,CO,ANM,WE,Towers with Radar,0,7,13,11,31,0,1,46,132,179,0,8,59,143,210,46,298,344,554
09/28/2022,PUB,CO,ANM,WE,Towers with Radar,0,8,24,1,33,0,2,35,254,291,0,10,59,255,324,42,486,528,852
09/29/2022,PUB,CO,ANM,WE,Towers with Radar,0,7,22,13,42,0,0,25,239,264,0,7,47,252,306,28,329,357,663
09/30/2022,PUB,CO,ANM,WE,Towers with Radar,1,7,24,12,44,0,2,37,237,276,1,9,61,249,320,46,335,381,701
10/01/2022,PUB,CO,ANM,WE,Towers with Radar,0,3,20,0,23,0,0,36,0,36,0,3,56,0,59,16,0,16,75
10/02/2022,PUB,CO,ANM,WE,Towers with Radar,0,4,11,0,15,0,7,18,0,25,0,11,29,0,40,58,0,58,98
10/03/2022,PUB,CO,ANM,WE,Towers with Radar,0,5,11,7,23,0,0,33,270,303,0,5,44,277,326,14,384,398,724
10/04/2022,PUB,CO,ANM,WE,Towers with Radar,0,6,13,5,24,0,0,32,264,296,0,6,45,269,320,26,414,440,760
10/05/2022,PUB,CO,ANM,WE,Towers with Radar,0,23,23,9,55,0,3,15,63,81,0,26,38,72,136,8,160,168,304
10/06/2022,PUB,CO,ANM,WE,Towers with Radar,0,7,19,16,42,0,15,36,239,290,0,22,55,255,332,68,346,414,746
10/07/2022,PUB,CO,ANM,WE,Towers with Radar,0,14,30,2,46,0,0,2,2,4,0,14,32,4,50,0,0,0,50
10/08/2022,PUB,CO,ANM,WE,Towers with Radar,0,7,13,2,22,0,7,29,7,43,0,14,42,9,65,40,0,40,105
10/09/2022,PUB,CO,ANM,WE,Towers with Radar,0,3,27,0,30,0,2,47,1,50,0,5,74,1,80,112,32,144,224
10/10/2022,PUB,CO,ANM,WE,Towers with Radar,0,10,21,0,31,0,4,35,0,39,0,14,56,0,70,42,0,42,112
10/11/2022,PUB,CO,ANM,WE,Towers with Radar,0,10,17,9,36,0,3,23,248,274,0,13,40,257,310,12,262,274,584
10/12/2022,PUB,CO,ANM,WE,Towers with Radar,0,10,14,12,36,0,1,54,237,292,0,11,68,249,328,57,534,591,919
10/13/2022,PUB,CO,ANM,WE,Towers with Radar,0,10,19,18,47,0,1,32,182,215,0,11,51,200,262,30,504,534,796
10/14/2022,PUB,CO,ANM,WE,Towers with Radar,0,14,35,47,96,0,5,55,170,230,0,19,90,217,326,24,346,370,696
10/15/2022,PUB,CO,ANM,WE,Towers with Radar,0,6,17,50,73,0,2,44,16,62,0,8,61,66,135,38,76,114,249
10/16/2022,PUB,CO,ANM,WE,Towers with Radar,0,8,21,2,31,3,2,34,2,41,3,10,55,4,72,38,0,38,110
10/17/2022,PUB,CO,ANM,WE,Towers with Radar,0,3,18,10,31,0,2,42,178,222,0,5,60,188,253,68,404,472,725
10/18/2022,PUB,CO,ANM,WE,Towers with Radar,0,10,22,9,41,0,4,32,270,306,0,14,54,279,347,24,414,438,785
10/19/2022,PUB,CO,ANM,WE,Towers with Radar,0,14,28,5,47,0,2,35,255,292,0,16,63,260,339,12,532,544,883
10/20/2022,PUB,CO,ANM,WE,Towers with Radar,0,11,27,7,45,0,2,41,248,291,0,13,68,255,336,36,432,468,804
10/21/2022,PUB,CO,ANM,WE,Towers with Radar,0,11,10,27,48,0,2,24,127,153,0,13,34,154,201,62,146,208,409
10/22/2022,PUB,CO,ANM,WE,Towers with Radar,0,4,20,2,26,0,2,29,8,39,0,6,49,10,65,46,0,46,111
10/23/2022,PUB,CO,ANM,WE,Towers with Radar,0,10,11,12,33,0,0,4,14,18,0,10,15,26,51,8,0,8,59
10/24/2022,PUB,CO,ANM,WE,Towers with Radar,0,10,11,3,24,0,0,27,109,136,0,10,38,112,160,58,468,526,686
10/25/2022,PUB,CO,ANM,WE,Towers with Radar,0,6,20,4,30,0,1,31,289,321,0,7,51,293,351,34,572,606,957
10/26/2022,PUB,CO,ANM,WE,Towers with Radar,0,17,11,11,39,0,0,42,282,324,0,17,53,293,363,20,500,520,883
10/27/2022,PUB,CO,ANM,WE,Towers with Radar,0,11,5,3,19,0,0,5,45,50,0,11,10,48,69,0,34,34,103
10/28/2022,PUB,CO,ANM,WE,Towers with Radar,0,9,14,5,28,0,2,52,236,290,0,11,66,241,318,52,466,518,836
10/29/2022,PUB,CO,ANM,WE,Towers with Radar,2,7,33,6,48,0,2,82,16,100,2,9,115,22,148,118,2,120,268
10/30/2022,PUB,CO,ANM,WE,Towers with Radar,0,5,15,3,23,0,11,56,1,68,0,16,71,4,91,48,2,50,141
10/31/2022,PUB,CO,ANM,WE,Towers with Radar,1,14,19,1,35,0,2,31,238,271,1,16,50,239,306,38,458,496,802
11/01/2022,PUB,CO,ANM,WE,Towers with Radar,0,7,15,3,25,0,0,37,250,287,0,7,52,253,312,14,72,86,398
11/02/2022,PUB,CO,ANM,WE,Towers with Radar,2,8,21,2,33,0,2,24,303,329,2,10,45,305,362,24,664,688,1050
11/03/2022,PUB,CO,ANM,WE,Towers with Radar,0,14,18,5,37,0,0,9,196,205,0,14,27,201,242,12,219,231,473
11/04/2022,PUB,CO,ANM,WE,Towers with Radar,0,12,11,0,23,0,3,32,190,225,0,15,43,190,248,120,432,552,800
11/05/2022,PUB,CO,ANM,WE,Towers with Radar,0,4,9,4,17,0,3,16,3,22,0,7,25,7,39,12,28,40,79
11/06/2022,PUB,CO,ANM,WE,Towers with Radar,0,8,25,0,33,0,3,46,2,51,0,11,71,2,84,74,28,102,186
11/07/2022,PUB,CO,ANM,WE,Towers with Radar,2,6,21,7,36,0,2,24,238,264,2,8,45,245,300,24,598,622,922
11/08/2022,PUB,CO,ANM,WE,Towers with Radar,0,20,17,4,41,0,1,24,297,322,0,21,41,301,363,10,446,456,819
11/09/2022,PUB,CO,ANM,WE,Towers with Radar,0,16,17,7,40,0,2,26,140,168,0,18,43,147,208,6,62,68,276
11/10/2022,PUB,CO,ANM,WE,Towers with Radar,0,14,23,6,43,0,1,31,247,279,0,15,54,253,322,20,530,550,872
11/11/2022,PUB,CO,ANM,WE,Towers with Radar,0,8,11,0,19,0,0,21,6,27,0,8,32,6,46,2,2,4,50
11/12/2022,PUB,CO,ANM,WE,Towers with Radar,0,9,12,2,23,0,1,68,8,77,0,10,80,10,100,22,0,22,122
11/13/2022,PUB,CO,ANM,WE,Towers with Radar,0,6,27,0,33,0,0,66,2,68,0,6,93,2,101,28,0,28,129
11/14/2022,PUB,CO,ANM,WE,Towers with Radar,0,11,21,0,32,0,3,20,215,238,0,14,41,215,270,66,654,720,990
11/15/2022,PUB,CO,ANM,WE,Towers with Radar,0,8,15,4,27,0,1,8,48,57,0,9,23,52,84,38,350,388,472
11/16/2022,PUB,CO,ANM,WE,Towers with Radar,0,15,23,4,42,0,1,57,285,343,0,16,80,289,385,70,730,800,1185
11/17/2022,PUB,CO,ANM,WE,Towers with Radar,0,8,19,3,30,0,1,14,251,266,0,9,33,254,296,2,424,426,722
11/18/2022,PUB,CO,ANM,WE,Towers with Radar,0,12,16,0,28,0,1,4,0,5,0,13,20,0,33,0,0,0,33
11/19/2022,PUB,CO,ANM,WE,Towers with Radar,1,10,20,13,44,0,0,62,285,347,1,10,82,298,391,66,716,782,1173
11/20/2022,PUB,CO,ANM,WE,Towers with Radar,1,6,12,6,25,0,1,56,0,57,1,7,68,6,82,110,0,110,192
11/21/2022,PUB,CO,ANM,WE,Towers with Radar,0,12,22,5,39,0,0,48,244,292,0,12,70,249,331,22,520,542,873
11/22/2022,PUB,CO,ANM,WE,Towers with Radar,0,7,24,13,44,0,0,42,234,276,0,7,66,247,320,70,512,582,902
11/23/2022,PUB,CO,ANM,WE,Towers with Radar,0,12,19,1,32,0,0,26,189,215,0,12,45,190,247,48,380,428,675
11/24/2022,PUB,CO,ANM,WE,Towers with Radar,0,4,0,0,4,0,3,0,0,3,0,7,0,0,7,0,0,0,7
11/25/2022,PUB,CO,ANM,WE,Towers with Radar,0,11,13,0,24,0,1,38,2,41,0,12,51,2,65,54,0,54,119
11/26/2022,PUB,CO,ANM,WE,Towers with Radar,0,7,19,0,26,0,9,45,3,57,0,16,64,3,83,42,0,42,125
11/27/2022,PUB,CO,ANM,WE,Towers with Radar,0,4,25,0,29,0,0,39,0,39,0,4,64,0,68,76,0,76,144
11/28/2022,PUB,CO,ANM,WE,Towers with Radar,0,9,12,4,25,0,0,34,188,222,0,9,46,192,247,28,413,441,688
11/29/2022,PUB,CO,ANM,WE,Towers with Radar,0,4,6,10,20,0,1,3,10,14,0,5,9,20,34,0,28,28,62
11/30/2022,PUB,CO,ANM,WE,Towers with Radar,0,8,17,8,33,0,5,41,193,239,0,13,58,201,272,56,262,318,590
12/01/2022,PUB,CO,ANM,WE,Towers with Radar,0,12,33,4,49,0,0,18,179,197,0,12,51,183,246,20,314,334,580
12/02/2022,PUB,CO,ANM,WE,Towers with Radar,0,9,9,0,18,0,0,2,0,2,0,9,11,0,20,0,0,0,20
12/03/2022,PUB,CO,ANM,WE,Towers with Radar,0,7,13,19,39,0,1,45,9,55,0,8,58,28,94,70,8,78,172
12/04/2022,PUB,CO,ANM,WE,Towers with Radar,0,6,12,1,19,0,2,49,0,51,0,8,61,1,70,20,0,20,90
12/05/2022,PUB,CO,ANM,WE,Towers with Radar,0,5,12,1,18,0,2,6,178,186,0,7,18,179,204,2,186,188,392
12/06/2022,PUB,CO,ANM,WE,Towers with Radar,0,10,13,0,23,0,1,33,153,187,0,11,46,153,210,14,242,256,466
12/07/2022,PUB,CO,ANM,WE,Towers with Radar,0,7,36,42,85,0,1,42,166,209,0,8,78,208,294,44,190,234,528
12/08/2022,PUB,CO,ANM,WE,Towers with Radar,0,6,17,13,36,0,1,21,51,73,0,7,38,64,109,6,78,84,193
12/09/2022,PUB,CO,ANM,WE,Towers with Radar,0,6,17,23,46,0,3,53,127,183,0,9,70,150,229,22,140,162,391
12/10/2022,PUB,CO,ANM,WE,Towers with Radar,0,4,18,9,31,0,0,53,5,58,0,4,71,14,89,32,34,66,155
12/11/2022,PUB,CO,ANM,WE,Towers with Radar,0,7,14,1,22,0,1,42,0,43,0,8,56,1,65,62,0,62,127
12/12/2022,PUB,CO,ANM,WE,Towers with Radar,0,12,16,12,40,0,0,24,131,155,0,12,40,143,195,38,130,168,363
12/13/2022,PUB,CO,ANM,WE,Towers with Radar,0,16,12,6,34,0,1,7,51,59,0,17,19,57,93,0,64,64,157
12/14/2022,PUB,CO,ANM,WE,Towers with Radar,0,18,22,2,42,0,2,26,52,80,0,20,48,54,122,46,138,184,306
12/15/2022,PUB,CO,ANM,WE,Towers with Radar,0,8,28,4,40,0,1,35,25,61,0,9,63,29,101,42,44,86,187
12/16/2022,PUB,CO,ANM,WE,Towers with Radar,0,11,15,2,28,0,3,37,24,64,0,14,52,26,92,72,58,130,222
12/17/2022,PUB,CO,ANM,WE,Towers with Radar,0,8,23,4,35,0,2,53,8,63,0,10,76,12,98,56,0,56,154
12/18/2022,PUB,CO,ANM,WE,Towers with Radar,0,5,24,0,29,0,3,33,0,36,0,8,57,0,65,26,0,26,91
12/19/2022,PUB,CO,ANM,WE,Towers with Radar,0,4,9,2,15,0,1,44,19,64,0,5,53,21,79,62,26,88,167
12/20/2022,PUB,CO,ANM,WE,Towers with Radar,0,11,17,3,31,0,4,31,41,76,0,15,48,44,107,38,77,115,222
12/21/2022,PUB,CO,ANM,WE,Towers with Radar,0,14,10,4,28,0,0,14,8,22,0,14,24,12,50,4,0,4,54
12/22/2022,PUB,CO,ANM,WE,Towers with Radar,0,5,4,0,9,0,0,0,0,0,0,5,4,0,9,0,0,0,9
12/23/2022,PUB,CO,ANM,WE,Towers with Radar,0,6,8,4,18,0,0,23,0,23,0,6,31,4,41,36,0,36,77
12/24/2022,PUB,CO,ANM,WE,Towers with Radar,0,5,10,0,15,0,0,17,0,17,0,5,27,0,32,0,0,0,32
12/25/2022,PUB,CO,ANM,WE,Towers with Radar,0,6,0,0,6,0,4,6,0,10,0,10,6,0,16,4,0,4,20
12/26/2022,PUB,CO,ANM,WE,Towers with Radar,0,2,16,2,20,0,2,48,0,50,0,4,64,2,70,56,0,56,126
12/27/2022,PUB,CO,ANM,WE,Towers with Radar,0,13,6,0,19,1,1,25,4,31,1,14,31,4,50,68,0,68,118
12/28/2022,PUB,CO,ANM,WE,Towers with Radar,0,12,23,0,35,0,1,18,5,24,0,13,41,5,59,26,0,26,85
12/29/2022,PUB,CO,ANM,WE,Towers with Radar,0,5,20,0,25,0,4,10,2,16,0,9,30,2,41,46,18,64,105
12/30/2022,PUB,CO,ANM,WE,Towers with Radar,0,10,17,0,27,0,1,69,1,71,0,11,86,1,98,68,0,68,166
12/31/2022,PUB,CO,ANM,WE,Towers with Radar,0,9,12,0,21,0,9,33,0,42,0,18,45,0,63,66,0,66,129
01/01/2023,PUB,CO,ANM,WE,Towers with Radar,0,2,8,0,10,0,1,15,0,16,0,3,23,0,26,64,0,64,90
01/02/2023,PUB,CO,ANM,WE,Towers with Radar,0,18,15,4,37,0,0,1,0,1,0,18,16,4,38,0,0,0,38
01/03/2023,PUB,CO,ANM,WE,Towers with Radar,0,10,26,6,42,0,2,21,27,50,0,12,47,33,92,4,30,34,126
01/04/2023,PUB,CO,ANM,WE,Towers with Radar,0,10,34,5,49,0,2,67,58,127,0,12,101,63,176,88,116,204,380
01/05/2023,PUB,CO,ANM,WE,Towers with Radar,0,9,19,14,42,0,1,48,81,130,0,10,67,95,172,38,124,162,334
01/06/2023,PUB,CO,ANM,WE,Towers with Radar,0,8,17,12,37,0,1,28,21,50,0,9,45,33,87,36,44,80,167
01/07/2023,PUB,CO,ANM,WE,Towers with Radar,0,7,22,4,33,0,1,51,9,61,0,8,73,13,94,48,0,48,142
01/08/2023,PUB,CO,ANM,WE,Towers with Radar,0,6,16,6,28,0,3,50,11,64,0,9,66,17,92,40,8,48,140
01/09/2023,PUB,CO,ANM,WE,Towers with Radar,0,7,23,7,37,0,2,45,161,208,0,9,68,168,245,36,194,230,475
01/10/2023,PUB,CO,ANM,WE,Towers with Radar,0,8,24,0,32,0,0,11,127,138,0,8,35,127,170,10,250,260,430
01/11/2023,PUB,CO,ANM,WE,Towers with Radar,0,7,7,3,17,0,0,2,13,15,0,7,9,16,32,0,10,10,42
01/12/2023,PUB,CO,ANM,WE,Towers with Radar,0,13,34,7,54,0,0,35,177,212,0,13,69,184,266,14,306,320,586
01/13/2023,PUB,CO,ANM,WE,Towers with Radar,0,11,33,0,44,0,4,73,135,212,0,15,106,135,256,68,226,294,550
01/14/2023,PUB,CO,ANM,WE,Towers with Radar,0,8,24,0,32,0,0,56,0,56,0,8,80,0,88,88,0,88,176
01/15/2023,PUB,CO,ANM,WE,Towers with Radar,0,9,21,0,30,0,4,28,0,32,0,13,49,0,62,76,4,80,142
01/16/2023,PUB,CO,ANM,WE,Towers with Radar,0,11,36,0,47,0,0,45,1,46,0,11,81,1,93,22,6,28,121
01/17/2023,PUB,CO,ANM,WE,Towers with Radar,0,10,22,3,35,0,3,31,282,316,0,13,53,285,351,14,402,416,767
01/18/2023,PUB,CO,ANM,WE,Towers with Radar,0,10,7,5,22,0,2,0,63,65,0,12,7,68,87,0,124,124,211
01/19/2023,PUB,CO,ANM,WE,Towers with Radar,0,13,36,5,54,0,3,50,267,320,0,16,86,272,374,54,608,662,1036
01/20/2023,PUB,CO,ANM,WE,Towers with Radar,0,8,24,1,33,0,2,68,229,299,0,10,92,230,332,24,460,484,816
01/21/2023,PUB,CO,ANM,WE,Towers with Radar,0,4,18,0,22,0,3,3,0,6,0,7,21,0,28,34,0,34,62
01/22/2023,PUB,CO,ANM,WE,Towers with Radar,0,3,28,2,33,0,5,49,0,54,0,8,77,2,87,60,0,60,147
01/23/2023,PUB,CO,ANM,WE,Towers with Radar,0,13,27,10,50,0,2,19,226,247,0,15,46,236,297,20,480,500,797
01/24/2023,PUB,CO,ANM,WE,Towers with Radar,0,11,17,4,32,0,1,8,209,218,0,12,25,213,250,6,182,188,438
01/25/2023,PUB,CO,ANM,WE,Towers with Radar,0,14,13,4,31,0,0,12,211,223,0,14,25,215,254,30,416,446,700
01/26/2023,PUB,CO,ANM,WE,Towers with Radar,0,10,14,0,24,0,8,52,220,280,0,18,66,220,304,16,366,382,686
01/27/2023,PUB,CO,ANM,WE,Towers with Radar,0,13,23,0,36,0,6,49,205,260,0,19,72,205,296,48,412,460,756
01/28/2023,PUB,CO,ANM,WE,Towers with Radar,0,10,20,0,30,0,2,45,4,51,0,12,65,4,81,50,2,52,133
01/29/2023,PUB,CO,ANM,WE,Towers with Radar,0,2,2,1,5,0,0,0,1,1,0,2,2,2,6,0,0,0,6
01/30/2023,PUB,CO,ANM,WE,Towers with Radar,0,9,12,0,21,0,1,0,1,2,0,10,12,1,23,0,0,0,23
01/31/2023,PUB,CO,ANM,WE,Towers with Radar,0,8,15,14,37,0,2,62,81,145,0,10,77,95,182,76,70,146,328
02/01/2023,PUB,CO,ANM,WE,Towers with Radar,0,17,31,2,50,0,2,73,264,339,0,19,104,266,389,60,700,760,1149
02/02/2023,PUB,CO,ANM,WE,Towers with Radar,0,13,24,3,40,0,0,59,262,321,0,13,83,265,361,28,514,542,903
02/03/2023,PUB,CO,ANM,WE,Towers with Radar,0,11,37,2,50,0,2,64,233,299,0,13,101,235,349,28,538,566,915
02/04/2023,PUB,CO,ANM,WE,Towers with Radar,0,7,42,3,52,0,2,60,8,70,0,9,102,11,122,62,0,62,184
02/05/2023,PUB,CO,ANM,WE,Towers with Radar,0,2,23,0,25,0,1,66,5,72,0,3,89,5,97,66,2,68,165
02/06/2023,PUB,CO,ANM,WE,Towers with Radar,0,13,13,6,32,0,2,14,196,212,0,15,27,202,244,18,204,222,466
02/07/2023,PUB,CO,ANM,WE,Towers with Radar,0,11,16,11,38,0,1,40,278,319,0,12,56,289,357,30,662,692,1049
02/08/2023,PUB,CO,ANM,WE,Towers with Radar,0,11,40,13,64,0,2,43,254,299,0,13,83,267,363,100,536,636,999
02/09/2023,PUB,CO,ANM,WE,Towers with Radar,0,12,11,3,26,0,3,9,1,13,0,15,20,4,39,12,0,12,51
02/10/2023,PUB,CO,ANM,WE,Towers with Radar,0,15,29,36,80,0,1,62,210,273,0,16,91,246,353,40,258,298,651
02/11/2023,PUB,CO,ANM,WE,Towers with Radar,0,11,27,6,44,0,0,61,195,256,0,11,88,201,300,66,342,408,708
02/12/2023,PUB,CO,ANM,WE,Towers with Radar,0,6,6,23,35,0,3,36,8,47,0,9,42,31,82,34,8,42,124
02/13/2023,PUB,CO,ANM,WE,Towers with Radar,0,14,17,5,36,0,1,40,233,274,0,15,57,238,310,42,386,428,738
02/14/2023,PUB,CO,ANM,WE,Towers with Radar,0,13,18,4,35,0,0,7,134,141,0,13,25,138,176,0,62,62,238
02/15/2023,PUB,CO,ANM,WE,Towers with Radar,0,0,2,0,2,0,0,0,0,0,0,0,2,0,2,0,0,0,2
02/16/2023,PUB,CO,ANM,WE,Towers with Radar,0,16,13,2,31,0,5,21,3,29,0,21,34,5,60,2,0,2,62
02/17/2023,PUB,CO,ANM,WE,Towers with Radar,0,9,35,4,48,0,9,38,182,229,0,18,73,186,277,44,306,350,627
02/18/2023,PUB,CO,ANM,WE,Towers with Radar,0,5,16,0,21,0,8,55,1,64,0,13,71,1,85,32,0,32,117
02/19/2023,PUB,CO,ANM,WE,Towers with Radar,0,3,11,2,16,0,2,17,0,19,0,5,28,2,35,28,0,28,63
02/20/2023,PUB,CO,ANM,WE,Towers with Radar,0,13,11,0,24,0,0,14,0,14,0,13,25,0,38,16,0,16,54
02/21/2023,PUB,CO,ANM,WE,Towers with Radar,0,12,12,5,29,0,2,19,242,263,0,14,31,247,292,16,470,486,778
02/22/2023,PUB,CO,ANM,WE,Towers with Radar,1,10,9,0,20,0,1,0,3,4,1,11,9,3,24,0,6,6,30
02/23/2023,PUB,CO,ANM,WE,Towers with Radar,0,15,18,9,42,0,2,1,27,30,0,17,19,36,72,16,30,46,118
02/24/2023,PUB,CO,ANM,WE,Towers with Radar,0,20,25,8,53,0,5,18,250,273,0,25,43,258,326,14,339,353,679
02/25/2023,PUB,CO,ANM,WE,Towers with Radar,0,9,26,0,35,0,7,53,6,66,0,16,79,6,101,24,0,24,125
02/26/2023,PUB,CO,ANM,WE,Towers with Radar,0,11,16,6,33,0,1,6,0,7,0,12,22,6,40,2,4,6,46
02/27/2023,PUB,CO,ANM,WE,Towers with Radar,0,14,15,9,38,0,1,18,168,187,0,15,33,177,225,8,190,198,423
02/28/2023,PUB,CO,ANM,WE,Towers with Radar,0,18,14,8,40,0,3,23,154,180,0,21,37,162,220,8,364,372,592
03/01/2023,PUB,CO,ANM,WE,Towers with Radar,0,15,29,14,58,0,4,21,207,232,0,19,50,221,290,38,350,388,678
03/02/2023,PUB,CO,ANM,WE,Towers with Radar,0,13,13,3,29,0,9,41,236,286,0,22,54,239,315,42,240,282,597
03/03/2023,PUB,CO,ANM,WE,Towers with Radar,0,21,22,1,44,0,15,45,209,269,0,36,67,210,313,72,320,392,705
03/04/2023,PUB,CO,ANM,WE,Towers with Radar,0,10,10,0,20,0,2,18,102,122,0,12,28,102,142,30,284,314,456
03/05/2023,PUB,CO,ANM,WE,Towers with Radar,0,8,3,0,11,0,2,3,0,5,0,10,6,0,16,20,0,20,36
03/06/2023,PUB,CO,ANM,WE,Towers with Radar,0,12,20,4,36,0,22,42,252,316,0,34,62,256,352,46,304,350,702
03/07/2023,PUB,CO,ANM,WE,Towers with Radar,0,9,4,6,19,0,3,4,9,16,0,12,8,15,35,32,18,50,85
03/08/2023,PUB,CO,ANM,WE,Towers with Radar,0,15,17,4,36,0,1,16,113,130,0,16,33,117,166,65,601,666,832
03/09/2023,PUB,CO,ANM,WE,Towers with Radar,0,12,12,4,28,0,6,32,246,284,0,18,44,250,312,64,608,672,984
03/10/2023,PUB,CO,ANM,WE,Towers with Radar,0,9,21,0,30,0,10,38,223,271,0,19,59,223,301,86,254,340,641
03/11/2023,PUB,CO,ANM,WE,Towers with Radar,0,11,19,3,33,0,2,11,6,19,0,13,30,9,52,4,0,4,56
03/12/2023,PUB,CO,ANM,WE,Towers with Radar,0,8,20,2,30,0,7,34,0,41,0,15,54,2,71,10,6,16,87
03/13/2023,PUB,CO,ANM,WE,Towers with Radar,0,9,23,10,42,0,15,43,266,324,0,24,66,276,366,68,482,550,916
03/14/2023,PUB,CO,ANM,WE,Towers with Radar,0,9,28,12,49,0,12,56,267,335,0,21,84,279,384,54,598,652,1036
03/15/2023,PUB,CO,ANM,WE,Towers with Radar,0,6,23,6,35,0,2,18,255,275,0,8,41,261,310,12,586,598,908
03/16/2023,PUB,CO,ANM,WE,Towers with Radar,0,2,9,4,15,0,1,0,0,1,0,3,9,4,16,0,0,0,16
03/17/2023,PUB,CO,ANM,WE,Towers with Radar,0,8,34,42,84,0,7,30,205,242,0,15,64,247,326,48,606,654,980
03/18/2023,PUB,CO,ANM,WE,Towers with Radar,0,8,24,11,43,0,12,83,5,100,0,20,107,16,143,72,20,92,235
03/19/2023,PUB,CO,ANM,WE,Towers with Radar,0,10,24,0,34,0,5,56,2,63,0,15,80,2,97,38,0,38,135
03/20/2023,PUB,CO,ANM,WE,Towers with Radar,0,8,25,0,33,0,4,36,244,284,0,12,61,244,317,32,686,718,1035
03/21/2023,PUB,CO,ANM,WE,Towers with Radar,0,13,19,10,42,0,4,24,280,308,0,17,43,290,350,26,384,410,760
03/22/2023,PUB,CO,ANM,WE,Towers with Radar,0,8,18,3,29,0,2,4,126,132,0,10,22,129,161,28,270,298,459
03/23/2023,PUB,CO,ANM,WE,Towers with Radar,0,10,23,14,47,0,7,31,245,283,0,17,54,259,330,38,770,808,1138
03/24/2023,PUB,CO,ANM,WE,Towers with Radar,0,10,48,4,62,0,2,22,146,170,0,12,70,150,232,30,374,404,636
03/25/2023,PUB,CO,ANM,WE,Towers with Radar,0,3,10,0,13,0,8,11,2,21,0,11,21,2,34,0,0,0,34
03/26/2023,PUB,CO,ANM,WE,Towers with Radar,0,8,24,2,34,0,7,60,12,79,0,15,84,14,113,42,12,54,167
03/27/2023,PUB,CO,ANM,WE,Towers with Radar,0,3,7,9,19,0,5,11,118,134,0,8,18,127,153,10,84,94,247
03/28/2023,PUB,CO,ANM,WE,Towers with Radar,0,14,31,4,49,0,10,44,258,312,0,24,75,262,361,56,638,694,1055
03/29/2023,PUB,CO,ANM,WE,Towers with Radar,0,9,14,8,31,0,7,32,257,296,0,16,46,265,327,30,422,452,779
03/30/2023,PUB,CO,ANM,WE,Towers with Radar,0,9,18,13,40,0,2,14,126,142,0,11,32,139,182,2,224,226,408
03/31/2023,PUB,CO,ANM,WE,Towers with Radar,0,3,7,0,10,0,2,4,43,49,0,5,11,43,59,0,52,52,111
04/01/2023,PUB,CO,ANM,WE,Towers with Radar,0,7,14,10,31,0,9,25,168,202,0,16,39,178,233,66,400,466,699
04/02/2023,PUB,CO,ANM,WE,Towers with Radar,0,4,19,2,25,0,5,25,0,30,0,9,44,2,55,76,0,76,131
04/03/2023,PUB,CO,ANM,WE,Towers with Radar,0,11,13,0,24,0,8,14,202,224,0,19,27,202,248,20,316,336,584
04/04/2023,PUB,CO,ANM,WE,Towers with Radar,0,12,2,5,19,0,6,1,0,7,0,18,3,5,26,0,0,0,26
04/05/2023,PUB,CO,ANM,WE,Towers with Radar,0,16,20,10,46,0,9,30,280,319,0,25,50,290,365,46,382,428,793
04/06/2023,PUB,CO,ANM,WE,Towers with Radar,0,20,30,4,54,0,4,52,280,336,0,24,82,284,390,54,386,440,830
04/07/2023,PUB,CO,ANM,WE,Towers with Radar,0,17,21,3,41,0,11,59,223,293,0,28,80,226,334,58,290,348,682
04/08/2023,PUB,CO,ANM,WE,Towers with Radar,2,9,8,17,36,0,9,50,0,59,2,18,58,17,95,82,0,82,177
04/09/2023,PUB,CO,ANM,WE,Towers with Radar,0,5,5,0,10,0,8,42,1,51,0,13,47,1,61,34,0,34,95
04/10/2023,PUB,CO,ANM,WE,Towers with Radar,0,15,16,1,32,0,9,47,250,306,0,24,63,251,338,84,380,464,802
04/11/2023,PUB,CO,ANM,WE,Towers with Radar,0,16,13,6,35,0,13,54,253,320,0,29,67,259,355,16,422,438,793
04/12/2023,PUB,CO,ANM,WE,Towers with Radar,0,20,28,10,58,0,25,36,238,299,0,45,64,248,357,80,280,360,717
04/13/2023,PUB,CO,ANM,WE,Towers with Radar,0,16,18,11,45,0,4,13,201,218,0,20,31,212,263,26,263,289,552
04/14/2023,PUB,CO,ANM,WE,Towers with Radar,0,9,27,4,40,0,8,8,174,190,0,17,35,178,230,2,266,268,498
04/15/2023,PUB,CO,ANM,WE,Towers with Radar,0,7,5,1,13,0,7,36,2,45,0,14,41,3,58,22,0,22,80
04/16/2023,PUB,CO,ANM,WE,Towers with Radar,0,3,19,0,22,0,21,56,0,77,0,24,75,0,99,40,0,40,139
04/17/2023,PUB,CO,ANM,WE,Towers with Radar,0,8,19,14,41,0,14,35,216,265,0,22,54,230,306,54,304,358,664
04/18/2023,PUB,CO,ANM,WE,Towers with Radar,0,14,16,9,39,0,12,24,258,294,0,26,40,267,333,14,466,480,813
04/19/2023,PUB,CO,ANM,WE,Towers with Radar,0,8,9,13,30,0,9,13,168,190,0,17,22,181,220,28,320,348,568
04/20/2023,PUB,CO,ANM,WE,Towers with Radar,0,10,30,7,47,0,6,13,155,174,0,16,43,162,221,24,214,238,459
04/21/2023,PUB,CO,ANM,WE,Towers with Radar,0,16,13,17,46,0,18,38,201,257,0,34,51,218,303,22,468,490,793
04/22/2023,PUB,CO,ANM,WE,Towers with Radar,0,12,12,0,24,0,0,4,0,4,0,12,16,0,28,0,0,0,28
04/23/2023,PUB,CO,ANM,WE,Towers with Radar,0,8,14,0,22,0,7,53,2,62,0,15,67,2,84,58,0,58,142
04/24/2023,PUB,CO,ANM,WE,Towers with Radar,0,8,19,2,29,0,14,18,219,251,0,22,37,221,280,30,456,486,766
04/25/2023,PUB,CO,ANM,WE,Towers with Radar,0,8,4,4,16,0,0,0,25,25,0,8,4,29,41,0,58,58,99
04/26/2023,PUB,CO,ANM,WE,Towers with Radar,0,5,19,2,26,0,3,8,8,19,0,8,27,10,45,20,14,34,79
04/27/2023,PUB,CO,ANM,WE,Towers with Radar,0,14,29,3,46,0,11,41,268,320,0,25,70,271,366,58,500,558,924
04/28/2023,PUB,CO,ANM,WE,Towers with Radar,0,14,2,18,34,0,5,25,118,148,0,19,27,136,182,10,28,38,220
04/29/2023,PUB,CO,ANM,WE,Towers with Radar,0,13,22,30,65,0,23,76,19,118,0,36,98,49,183,92,44,136,319
04/30/2023,PUB,CO,ANM,WE,Towers with Radar,0,6,17,0,23,0,17,70,0,87,0,23,87,0,110,74,0,74,184
05/01/2023,PUB,CO,ANM,WE,Towers with Radar,0,5,24,0,29,0,16,38,266,320,0,21,62,266,349,30,622,652,1001
05/02/2023,PUB,CO,ANM,WE,Towers with Radar,0,12,36,2,50,0,8,25,258,291,0,20,61,260,341,30,570,600,941
05/03/2023,PUB,CO,ANM,WE,Towers with Radar,0,21,22,15,58,0,16,33,272,321,0,37,55,287,379,38,472,510,889
05/04/2023,PUB,CO,ANM,WE,Towers with Radar,4,13,16,7,40,0,4,11,253,268,4,17,27,260,308,16,520,536,844
05/05/2023,PUB,CO,ANM,WE,Towers with Radar,0,16,21,27,64,0,14,36,212,262,0,30,57,239,326,48,464,512,838
05/06/2023,PUB,CO,ANM,WE,Towers with Radar,0,5,4,5,14,0,4,38,142,184,0,9,42,147,198,52,396,448,646
05/07/2023,PUB,CO,ANM,WE,Towers with Radar,0,5,15,6,26,0,15,47,17,79,0,20,62,23,105,28,0,28,133
05/08/2023,PUB,CO,ANM,WE,Towers with Radar,0,9,25,1,35,0,12,25,214,251,0,21,50,215,286,44,402,446,732
05/09/2023,PUB,CO,ANM,WE,Towers with Radar,0,11,17,2,30,0,4,28,216,248,0,15,45,218,278,38,240,278,556
05/10/2023,PUB,CO,ANM,WE,Towers with Radar,4,15,19,9,47,0,7,15,197,219,4,22,34,206,266,30,364,394,660
05/11/2023,PUB,CO,ANM,WE,Towers with Radar,0,11,15,0,26,0,1,0,0,1,0,12,15,0,27,0,0,0,27
05/12/2023,PUB,CO,ANM,WE,Towers with Radar,0,12,17,9,38,0,4,6,172,182,0,16,23,181,220,2,30,32,252
05/13/2023,PUB,CO,ANM,WE,Towers with Radar,0,15,18,18,51,0,2,14,15,31,0,17,32,33,82,40,30,70,152
05/14/2023,PUB,CO,ANM,WE,Towers with Radar,2,6,22,0,30,0,2,3,0,5,2,8,25,0,35,10,0,10,45
05/15/2023,PUB,CO,ANM,WE,Towers with Radar,0,13,22,0,35,0,0,20,153,173,0,13,42,153,208,58,398,456,664
05/16/2023,PUB,CO,ANM,WE,Towers with Radar,0,13,16,5,34,0,12,55,311,378,0,25,71,316,412,62,340,402,814
05/17/2023,PUB,CO,ANM,WE,Towers with Radar,0,22,26,2,50,0,21,39,260,320,0,43,65,262,370,68,562,630,1000
05/18/2023,PUB,CO,ANM,WE,Towers with Radar,2,13,22,8,45,0,3,26,203,232,2,16,48,211,277,54,448,502,779
05/19/2023,PUB,CO,ANM,WE,Towers with Radar,0,11,16,4,31,0,1,2,43,46,0,12,18,47,77,18,252,270,347
05/20/2023,PUB,CO,ANM,WE,Towers with Radar,0,8,10,0,18,0,4,9,1,14,0,12,19,1,32,8,0,8,40
05/21/2023,PUB,CO,ANM,WE,Towers with Radar,0,4,15,2,21,0,18,37,7,62,0,22,52,9,83,32,12,44,127
05/22/2023,PUB,CO,ANM,WE,Towers with Radar,0,11,16,2,29,0,13,27,259,299,0,24,43,261,328,54,362,416,744
05/23/2023,PUB,CO,ANM,WE,Towers with Radar,0,20,16,2,38,0,2,27,143,172,0,22,43,145,210,88,344,432,642
05/24/2023,PUB,CO,ANM,WE,Towers with Radar,0,9,18,0,27,0,0,15,94,109,0,9,33,94,136,64,324,388,524
05/25/2023,PUB,CO,ANM,WE,Towers with Radar,0,12,30,4,46,0,5,18,99,122,0,17,48,103,168,18,268,286,454
05/26/2023,PUB,CO,ANM,WE,Towers with Radar,2,10,32,0,44,0,11,35,178,224,2,21,67,178,268,36,328,364,632
05/27/2023,PUB,CO,ANM,WE,Towers with Radar,2,27,16,0,45,0,8,32,0,40,2,35,48,0,85,36,0,36,121
05/28/2023,PUB,CO,ANM,WE,Towers with Radar,0,6,14,0,20,0,19,54,0,73,0,25,68,0,93,34,0,34,127
05/29/2023,PUB,CO,ANM,WE,Towers with Radar,0,5,19,0,24,0,13,51,3,67,0,18,70,3,91,108,4,112,203
05/30/2023,PUB,CO,ANM,WE,Towers with Radar,0,15,12,6,33,0,12,35,225,272,0,27,47,231,305,58,398,456,761
05/31/2023,PUB,CO,ANM,WE,Towers with Radar,0,17,11,4,32,0,6,4,221,231,0,23,15,225,263,74,336,410,673
06/01/2023,PUB,CO,ANM,WE,Towers with Radar,0,11,9,9,29,0,2,12,242,256,0,13,21,251,285,4,284,288,573
06/02/2023,PUB,CO,ANM,WE,Towers with Radar,0,11,6,0,17,0,22,26,222,270,0,33,32,222,287,50,406,456,743
06/03/2023,PUB,CO,ANM,WE,Towers with Radar,0,9,29,0,38,0,1,21,0,22,0,10,50,0,60,108,0,108,168
06/04/2023,PUB,CO,ANM,WE,Towers with Radar,0,8,11,0,19,0,0,5,0,5,0,8,16,0,24,6,0,6,30
06/05/2023,PUB,CO,ANM,WE,Towers with Radar,0,17,15,3,35,0,2,12,26,40,0,19,27,29,75,16,104,120,195
06/06/2023,PUB,CO,ANM,WE,Towers with Radar,0,11,17,4,32,0,17,38,238,293,0,28,55,242,325,38,424,462,787
06/07/2023,PUB,CO,ANM,WE,Towers with Radar,0,12,17,3,32,0,14,36,256,306,0,26,53,259,338,18,440,458,796
06/08/2023,PUB,CO,ANM,WE,Towers with Radar,2,16,22,0,40,0,15,39,217,271,2,31,61,217,311,76,456,532,843
06/09/2023,PUB,CO,ANM,WE,Towers with Radar,0,8,11,3,22,0,12,30,186,228,0,20,41,189,250,40,232,272,522
06/10/2023,PUB,CO,ANM,WE,Towers with Radar,0,5,7,2,14,0,18,46,11,75,0,23,53,13,89,48,24,72,161
06/11/2023,PUB,CO,ANM,WE,Towers with Radar,0,12,24,0,36,0,0,42,0,42,0,12,66,0,78,74,0,74,152
06/12/2023,PUB,CO,ANM,WE,Towers with Radar,2,13,7,1,23,0,1,1,8,10,2,14,8,9,33,12,0,12,45
06/13/2023,PUB,CO,ANM,WE,Towers with Radar,0,16,10,2,28,0,3,9,115,127,0,19,19,117,155,52,248,300,455
06/14/2023,PUB,CO,ANM,WE,Towers with Radar,0,16,12,5,33,0,19,48,250,317,0,35,60,255,350,28,514,542,892
06/15/2023,PUB,CO,ANM,WE,Towers with Radar,0,8,12,2,22,1,22,29,203,255,1,30,41,205,277,48,344,392,669
06/16/2023,PUB,CO,ANM,WE,Towers with Radar,2,15,14,3,34,0,9,28,169,206,2,24,42,172,240,62,354,416,656
06/17/2023,PUB,CO,ANM,WE,Towers with Radar,0,16,8,0,24,0,11,44,0,55,0,27,52,0,79,84,0,84,163
06/18/2023,PUB,CO,ANM,WE,Towers with Radar,0,14,16,0,30,0,27,47,0,74,0,41,63,0,104,62,2,64,168
06/19/2023,PUB,CO,ANM,WE,Towers with Radar,0,3,21,0,24,0,23,57,0,80,0,26,78,0,104,103,0,103,207
06/20/2023,PUB,CO,ANM,WE,Towers with Radar,0,9,13,11,33,0,15,38,262,315,0,24,51,273,348,103,512,615,963
06/21/2023,PUB,CO,ANM,WE,Towers with Radar,0,16,13,10,39,0,17,26,188,231,0,33,39,198,270,44,292,336,606
06/22/2023,PUB,CO,ANM,WE,Towers with Radar,0,15,24,3,42,0,3,25,120,148,0,18,49,123,190,40,490,530,720
06/23/2023,PUB,CO,ANM,WE,Towers with Radar,0,15,26,13,54,0,17,46,116,179,0,32,72,129,233,28,260,288,521
06/24/2023,PUB,CO,ANM,WE,Towers with Radar,0,10,11,9,30,0,21,70,162,253,0,31,81,171,283,106,318,424,707
06/25/2023,PUB,CO,ANM,WE,Towers with Radar,0,10,29,2,41,0,35,40,0,75,0,45,69,2,116,24,0,24,140
06/26/2023,PUB,CO,ANM,WE,Towers with Radar,0,18,24,27,69,0,12,45,237,294,0,30,69,264,363,61,500,561,924
06/27/2023,PUB,CO,ANM,WE,Towers with Radar,2,9,11,2,24,0,3,11,175,189,2,12,22,177,213,22,198,220,433
06/28/2023,PUB,CO,ANM,WE,Towers with Radar,0,13,10,7,30,0,0,26,224,250,0,13,36,231,280,84,362,446,726
06/29/2023,PUB,CO,ANM,WE,Towers with Radar,0,16,33,8,57,0,5,23,150,178,0,21,56,158,235,34,352,386,621
06/30/2023,PUB,CO,ANM,WE,Towers with Radar,0,11,20,0,31,0,6,18,149,173,0,17,38,149,204,26,144,170,374
07/01/2023,PUB,CO,ANM,WE,Towers with Radar,0,14,27,4,45,0,10,58,2,70,0,24,85,6,115,86,28,114,229
07/02/2023,PUB,CO,ANM,WE,Towers with Radar,0,11,9,0,20,0,13,32,0,45,0,24,41,0,65,74,0,74,139
07/03/2023,PUB,CO,ANM,WE,Towers with Radar,0,10,18,0,28,0,15,46,131,192,0,25,64,131,220,104,226,330,550
07/04/2023,PUB,CO,ANM,WE,Towers with Radar,0,8,13,0,21,0,7,21,0,28,0,15,34,0,49,80,0,80,129
07/05/2023,PUB,CO,ANM,WE,Towers with Radar,0,16,20,0,36,0,0,1,34,35,0,16,21,34,71,0,214,214,285
07/06/2023,PUB,CO,ANM,WE,Towers with Radar,0,25,27,4,56,0,2,4,65,71,0,27,31,69,127,0,262,262,389
07/07/2023,PUB,CO,ANM,WE,Towers with Radar,0,15,22,8,45,0,3,26,163,192,0,18,48,171,237,64,370,434,671
07/08/2023,PUB,CO,ANM,WE,Towers with Radar,0,8,33,10,51,0,6,22,0,28,0,14,55,10,79,26,2,28,107
07/09/2023,PUB,CO,ANM,WE,Towers with Radar,0,8,22,29,59,0,5,40,5,50,0,13,62,34,109,28,0,28,137
07/10/2023,PUB,CO,ANM,WE,Towers with Radar,0,7,18,11,36,0,4,27,164,195,0,11,45,175,231,70,248,318,549
07/11/2023,PUB,CO,ANM,WE,Towers with Radar,0,22,13,1,36,0,12,32,236,280,0,34,45,237,316,44,390,434,750
07/12/2023,PUB,CO,ANM,WE,Towers with Radar,0,15,26,1,42,0,13,19,220,252,0,28,45,221,294,8,146,154,448
07/13/2023,PUB,CO,ANM,WE,Towers with Radar,0,6,15,8,29,0,9,38,206,253,0,15,53,214,282,38,400,438,720
07/14/2023,PUB,CO,ANM,WE,Towers with Radar,2,15,23,12,52,0,36,26,192,254,2,51,49,204,306,60,268,328,634
07/15/2023,PUB,CO,ANM,WE,Towers with Radar,0,9,8,0,17,0,10,26,0,36,0,19,34,0,53,78,2,80,133
07/16/2023,PUB,CO,ANM,WE,Towers with Radar,0,9,27,0,36,0,22,58,5,85,0,31,85,5,121,18,0,18,139
07/17/2023,PUB,CO,ANM,WE,Towers with Radar,0,14,16,1,31,0,16,30,201,247,0,30,46,202,278,9,216,225,503
07/18/2023,PUB,CO,ANM,WE,Towers with Radar,0,14,13,2,29,0,17,35,201,253,0,31,48,203,282,50,340,390,672
07/19/2023,PUB,CO,ANM,WE,Towers with Radar,0,14,11,0,25,0,6,19,218,243,0,20,30,218,268,32,350,382,650
07/20/2023,PUB,CO,ANM,WE,Towers with Radar,0,12,19,0,31,0,2,28,216,246,0,14,47,216,277,46,234,280,557
07/21/2023,PUB,CO,ANM,WE,Towers with Radar,0,15,33,4,52,0,14,35,145,194,0,29,68,149,246,64,232,296,542
07/22/2023,PUB,CO,ANM,WE,Towers with Radar,0,10,14,0,24,0,21,40,0,61,0,31,54,0,85,50,0,50,135
07/23/2023,PUB,CO,ANM,WE,Towers with Radar,10,10,23,0,43,0,19,51,1,71,10,29,74,1,114,62,0,62,176
07/24/2023,PUB,CO,ANM,WE,Towers with Radar,0,9,19,1,29,0,29,30,215,274,0,38,49,216,303,20,356,376,679
07/25/2023,PUB,CO,ANM,WE,Towers with Radar,0,18,14,4,36,0,20,26,232,278,0,38,40,236,314,60,296,356,670
07/26/2023,PUB,CO,ANM,WE,Towers with Radar,0,14,18,3,35,0,18,21,218,257,0,32,39,221,292,56,334,390,682
07/27/2023,PUB,CO,ANM,WE,Towers with Radar,0,13,15,4,32,0,15,21,254,290,0,28,36,258,322,12,336,348,670
07/28/2023,PUB,CO,ANM,WE,Towers with Radar,0,10,20,0,30,1,16,27,189,233,1,26,47,189,263,59,299,358,621
07/29/2023,PUB,CO,ANM,WE,Towers with Radar,0,3,13,2,18,0,11,30,3,44,0,14,43,5,62,68,8,76,138
07/30/2023,PUB,CO,ANM,WE,Towers with Radar,0,7,21,0,28,0,12,37,0,49,0,19,58,0,77,38,0,38,115
07/31/2023,PUB,CO,ANM,WE,Towers with Radar,0,9,22,3,34,0,15,18,212,245,0,24,40,215,279,12,264,276,555
08/01/2023,PUB,CO,ANM,WE,Towers with Radar,0,11,7,7,25,0,11,28,191,230,0,22,35,198,255,64,288,352,607
08/02/2023,PUB,CO,ANM,WE,Towers with Radar,1,16,17,2,36,0,9,20,265,294,1,25,37,267,330,20,286,306,636
08/03/2023,PUB,CO,ANM,WE,Towers with Radar,0,19,14,4,37,0,22,41,229,292,0,41,55,233,329,41,320,361,690
08/04/2023,PUB,CO,ANM,WE,Towers with Radar,2,17,25,4,48,0,25,43,186,254,2,42,68,190,302,14,406,420,722
08/05/2023,PUB,CO,ANM,WE,Towers with Radar,0,8,31,0,39,0,10,40,0,50,0,18,71,0,89,52,0,52,141
08/06/2023,PUB,CO,ANM,WE,Towers with Radar,0,7,9,16,32,0,6,24,6,36,0,13,33,22,68,54,6,60,128
08/07/2023,PUB,CO,ANM,WE,Towers with Radar,0,5,15,2,22,0,17,30,229,276,0,22,45,231,298,52,392,444,742
08/08/2023,PUB,CO,ANM,WE,Towers with Radar,0,11,15,1,27,0,19,50,187,256,0,30,65,188,283,26,540,566,849
08/09/2023,PUB,CO,ANM,WE,Towers with Radar,0,6,17,15,38,0,20,61,213,294,0,26,78,228,332,36,376,412,744
08/10/2023,PUB,CO,ANM,WE,Towers with Radar,0,11,22,22,55,0,19,25,203,247,0,30,47,225,302,28,294,322,624
08/11/2023,PUB,CO,ANM,WE,Towers with Radar,3,10,8,22,43,0,10,43,230,283,3,20,51,252,326,16,394,410,736
08/12/2023,PUB,CO,ANM,WE,Towers with Radar,0,11,12,0,23,0,16,23,0,39,0,27,35,0,62,18,0,18,80
08/13/2023,PUB,CO,ANM,WE,Towers with Radar,0,17,20,0,37,0,10,13,1,24,0,27,33,1,61,8,0,8,69
08/14/2023,PUB,CO,ANM,WE,Towers with Radar,0,13,26,9,48,0,6,41,219,266,0,19,67,228,314,64,426,490,804
08/15/2023,PUB,CO,ANM,WE,Towers with Radar,0,20,18,3,41,0,15,57,228,300,0,35,75,231,341,28,278,306,647
08/16/2023,PUB,CO,ANM,WE,Towers with Radar,0,15,12,1,28,0,4,35,194,233,0,19,47,195,261,54,305,359,620
08/17/2023,PUB,CO,ANM,WE,Towers with Radar,0,17,18,0,35,0,24,28,210,262,0,41,46,210,297,62,207,269,566
08/18/2023,PUB,CO,ANM,WE,Towers with Radar,0,14,17,9,40,0,7,33,210,250,0,21,50,219,290,27,294,321,611
08/19/2023,PUB,CO,ANM,WE,Towers with Radar,0,9,14,2,25,0,20,70,5,95,0,29,84,7,120,58,2,60,180
08/20/2023,PUB,CO,ANM,WE,Towers with Radar,0,11,26,0,37,0,10,35,2,47,0,21,61,2,84,12,0,12,96
08/21/2023,PUB,CO,ANM,WE,Towers with Radar,0,5,11,4,20,0,12,34,240,286,0,17,45,244,306,58,260,318,624
08/22/2023,PUB,CO,ANM,WE,Towers with Radar,0,19,9,11,39,0,7,24,231,262,0,26,33,242,301,28,260,288,589
08/23/2023,PUB,CO,ANM,WE,Towers with Radar,0,16,9,10,35,0,26,34,231,291,0,42,43,241,326,52,340,392,718
08/24/2023,PUB,CO,ANM,WE,Towers with Radar,0,14,22,7,43,0,15,29,223,267,0,29,51,230,310,54,370,424,734
08/25/2023,PUB,CO,ANM,WE,Towers with Radar,0,16,14,4,34,0,0,8,94,102,0,16,22,98,136,12,20,32,168
08/26/2023,PUB,CO,ANM,WE,Towers with Radar,0,19,15,0,34,0,1,30,114,145,0,20,45,114,179,22,442,464,643
08/27/2023,PUB,CO,ANM,WE,Towers with Radar,0,9,19,0,28,0,16,27,2,45,0,25,46,2,73,46,0,46,119
08/28/2023,PUB,CO,ANM,WE,Towers with Radar,0,10,7,0,17,0,17,27,192,236,0,27,34,192,253,34,308,342,595
08/29/2023,PUB,CO,ANM,WE,Towers with Radar,0,19,20,12,51,0,22,32,233,287,0,41,52,245,338,26,182,208,546
08/30/2023,PUB,CO,ANM,WE,Towers with Radar,2,18,9,2,31,0,26,34,211,271,2,44,43,213,302,32,366,398,700
08/31/2023,PUB,CO,ANM,WE,Towers with Radar,0,15,20,2,37,0,24,33,207,264,0,39,53,209,301,2,320,322,623
