01/01/2000,PVD,RI,ANE,EN,Towers with Radar,71,41,48,1,161,9,1,24,0,34,80,42,72,1,195,4,0,4,199
01/02/2000,PVD,RI,ANE,EN,Towers with Radar,107,125,59,9,300,8,3,63,0,74,115,128,122,9,374,42,0,42,416
01/03/2000,PVD,RI,ANE,EN,Towers with Radar,119,139,62,0,320,7,2,20,0,29,126,141,82,0,349,61,0,61,410
01/04/2000,PVD,RI,ANE,EN,Towers with Radar,118,183,37,16,354,0,8,1,0,9,118,191,38,16,363,8,0,8,371
01/05/2000,PVD,RI,ANE,EN,Towers with Radar,110,124,54,6,294,10,13,19,0,42,120,137,73,6,336,0,0,0,336
01/06/2000,PVD,RI,ANE,EN,Towers with Radar,113,124,66,3,306,9,8,31,0,48,122,132,97,3,354,50,0,50,404
01/07/2000,PVD,RI,ANE,EN,Towers with Radar,112,138,44,6,300,10,5,22,0,37,122,143,66,6,337,130,0,130,467
01/08/2000,PVD,RI,ANE,EN,Towers with Radar,99,88,94,3,284,8,9,64,0,81,107,97,158,3,365,64,0,64,429
01/09/2000,PVD,RI,ANE,EN,Towers with Radar,117,109,62,5,293,0,0,93,4,97,117,109,155,9,390,82,0,82,472
01/10/2000,PVD,RI,ANE,EN,Towers with Radar,116,124,30,6,276,5,1,4,0,10,121,125,34,6,286,32,0,32,318
01/11/2000,PVD,RI,ANE,EN,Towers with Radar,112,131,45,5,293,0,19,17,0,36,112,150,62,5,329,14,0,14,343
01/12/2000,PVD,RI,ANE,EN,Towers with Radar,114,133,37,9,293,0,20,17,1,38,114,153,54,10,331,0,0,0,331
01/13/2000,PVD,RI,ANE,EN,Towers with Radar,93,102,38,3,236,17,17,0,2,36,110,119,38,5,272,0,0,0,272
01/14/2000,PVD,RI,ANE,EN,Towers with Radar,110,128,26,2,266,11,11,3,1,26,121,139,29,3,292,0,0,0,292
01/15/2000,PVD,RI,ANE,EN,Towers with Radar,102,93,64,0,259,5,4,23,0,32,107,97,87,0,291,130,0,130,421
01/16/2000,PVD,RI,ANE,EN,Towers with Radar,115,108,22,3,248,7,5,6,0,18,122,113,28,3,266,10,0,10,276
01/17/2000,PVD,RI,ANE,EN,Towers with Radar,115,136,20,3,274,12,7,6,0,25,127,143,26,3,299,0,0,0,299
01/18/2000,PVD,RI,ANE,EN,Towers with Radar,110,119,73,7,309,0,11,27,0,38,110,130,100,7,347,6,0,6,353
01/19/2000,PVD,RI,ANE,EN,Towers with Radar,109,133,57,6,305,8,9,30,0,47,117,142,87,6,352,22,0,22,374
01/20/2000,PVD,RI,ANE,EN,Towers with Radar,92,135,41,4,272,5,4,6,0,15,97,139,47,4,287,34,0,34,321
01/21/2000,PVD,RI,ANE,EN,Towers with Radar,105,111,26,4,246,11,3,11,0,25,116,114,37,4,271,0,0,0,271
01/22/2000,PVD,RI,ANE,EN,Towers with Radar,72,79,27,2,180,36,7,0,0,43,108,86,27,2,223,40,0,40,263
01/23/2000,PVD,RI,ANE,EN,Towers with Radar,117,92,52,3,264,7,1,13,0,21,124,93,65,3,285,12,0,12,297
01/24/2000,PVD,RI,ANE,EN,Towers with Radar,118,140,61,2,321,6,3,17,0,26,124,143,78,2,347,20,0,20,367
01/25/2000,PVD,RI,ANE,EN,Towers with Radar,46,52,19,2,119,0,1,0,0,1,46,53,19,2,120,0,0,0,120
01/26/2000,PVD,RI,ANE,EN,Towers with Radar,90,129,52,0,271,0,14,11,0,25,90,143,63,0,296,0,0,0,296
01/27/2000,PVD,RI,ANE,EN,Towers with Radar,116,128,55,4,303,1,8,24,4,37,117,136,79,8,340,28,0,28,368
01/28/2000,PVD,RI,ANE,EN,Towers with Radar,115,126,55,2,298,1,10,18,0,29,116,136,73,2,327,46,0,46,373
01/29/2000,PVD,RI,ANE,EN,Towers with Radar,90,81,105,1,277,4,5,36,0,45,94,86,141,1,322,22,0,22,344
01/30/2000,PVD,RI,ANE,EN,Towers with Radar,114,107,67,3,291,6,9,68,0,83,120,116,135,3,374,132,0,132,506
01/31/2000,PVD,RI,ANE,EN,Towers with Radar,104,124,37,2,267,0,7,5,0,12,104,131,42,2,279,6,0,6,285
02/01/2000,PVD,RI,ANE,EN,Towers with Radar,112,118,54,4,288,0,17,34,0,51,112,135,88,4,339,0,0,0,339
02/02/2000,PVD,RI,ANE,EN,Towers with Radar,111,133,43,6,293,11,7,11,0,29,122,140,54,6,322,10,0,10,332
02/03/2000,PVD,RI,ANE,EN,Towers with Radar,112,130,77,2,321,10,7,20,1,38,122,137,97,3,359,46,0,46,405
02/04/2000,PVD,RI,ANE,EN,Towers with Radar,106,141,39,9,295,5,1,4,0,10,111,142,43,9,305,0,0,0,305
02/05/2000,PVD,RI,ANE,EN,Towers with Radar,99,98,91,9,297,8,4,75,0,87,107,102,166,9,384,34,0,34,418
02/06/2000,PVD,RI,ANE,EN,Towers with Radar,114,93,36,8,251,8,11,24,0,43,122,104,60,8,294,36,0,36,330
02/07/2000,PVD,RI,ANE,EN,Towers with Radar,119,130,56,2,307,11,11,22,0,44,130,141,78,2,351,40,0,40,391
02/08/2000,PVD,RI,ANE,EN,Towers with Radar,119,136,55,4,314,0,11,38,4,53,119,147,93,8,367,78,0,78,445
02/09/2000,PVD,RI,ANE,EN,Towers with Radar,112,124,60,6,302,0,18,40,2,60,112,142,100,8,362,42,0,42,404
02/10/2000,PVD,RI,ANE,EN,Towers with Radar,116,131,49,10,306,7,3,31,1,42,123,134,80,11,348,0,0,0,348
02/11/2000,PVD,RI,ANE,EN,Towers with Radar,86,93,35,6,220,5,0,1,1,7,91,93,36,7,227,0,0,0,227
02/12/2000,PVD,RI,ANE,EN,Towers with Radar,102,80,67,4,253,8,4,50,1,63,110,84,117,5,316,24,0,24,340
02/13/2000,PVD,RI,ANE,EN,Towers with Radar,104,95,63,5,267,7,4,39,0,50,111,99,102,5,317,76,0,76,393
02/14/2000,PVD,RI,ANE,EN,Towers with Radar,119,136,32,1,288,4,0,2,0,6,123,136,34,1,294,0,0,0,294
02/15/2000,PVD,RI,ANE,EN,Towers with Radar,118,142,49,4,313,0,18,32,0,50,118,160,81,4,363,30,0,30,393
02/16/2000,PVD,RI,ANE,EN,Towers with Radar,119,137,47,5,308,9,5,18,0,32,128,142,65,5,340,12,0,12,352
02/17/2000,PVD,RI,ANE,EN,Towers with Radar,118,134,75,13,340,10,9,51,0,70,128,143,126,13,410,8,0,8,418
02/18/2000,PVD,RI,ANE,EN,Towers with Radar,87,80,44,7,218,4,2,8,0,14,91,82,52,7,232,6,0,6,238
02/19/2000,PVD,RI,ANE,EN,Towers with Radar,104,92,19,1,216,4,0,0,0,4,108,92,19,1,220,0,0,0,220
02/20/2000,PVD,RI,ANE,EN,Towers with Radar,110,106,65,4,285,0,10,22,0,32,110,116,87,4,317,4,0,4,321
02/21/2000,PVD,RI,ANE,EN,Towers with Radar,122,130,72,5,329,5,11,30,0,46,127,141,102,5,375,18,0,18,393
02/22/2000,PVD,RI,ANE,EN,Towers with Radar,114,132,66,6,318,0,20,38,1,59,114,152,104,7,377,8,0,8,385
02/23/2000,PVD,RI,ANE,EN,Towers with Radar,118,137,52,4,311,8,7,31,0,46,126,144,83,4,357,4,0,4,361
02/24/2000,PVD,RI,ANE,EN,Towers with Radar,117,132,63,9,321,9,10,29,0,48,126,142,92,9,369,26,0,26,395
02/25/2000,PVD,RI,ANE,EN,Towers with Radar,119,144,58,15,336,6,0,0,0,6,125,144,58,15,342,0,0,0,342
02/26/2000,PVD,RI,ANE,EN,Towers with Radar,106,115,49,5,275,4,0,0,0,4,110,115,49,5,279,2,0,2,281
02/27/2000,PVD,RI,ANE,EN,Towers with Radar,117,106,56,4,283,4,0,2,0,6,121,106,58,4,289,8,0,8,297
02/28/2000,PVD,RI,ANE,EN,Towers with Radar,119,155,45,1,320,11,6,6,0,23,130,161,51,1,343,4,0,4,347
02/29/2000,PVD,RI,ANE,EN,Towers with Radar,114,128,69,13,324,0,22,24,0,46,114,150,93,13,370,4,0,4,374
03/01/2000,PVD,RI,ANE,EN,Towers with Radar,115,134,78,9,336,7,5,33,0,45,122,139,111,9,381,14,0,14,395
03/02/2000,PVD,RI,ANE,EN,Towers with Radar,115,128,62,9,314,12,8,18,1,39,127,136,80,10,353,14,0,14,367
03/03/2000,PVD,RI,ANE,EN,Towers with Radar,114,128,49,5,296,12,13,38,0,63,126,141,87,5,359,90,0,90,449
03/04/2000,PVD,RI,ANE,EN,Towers with Radar,108,83,102,10,303,5,11,83,0,99,113,94,185,10,402,74,0,74,476
03/05/2000,PVD,RI,ANE,EN,Towers with Radar,121,131,67,7,326,4,10,49,1,64,125,141,116,8,390,55,0,55,445
03/06/2000,PVD,RI,ANE,EN,Towers with Radar,112,119,68,2,301,24,28,9,0,61,136,147,77,2,362,0,0,0,362
03/07/2000,PVD,RI,ANE,EN,Towers with Radar,120,125,98,11,354,0,11,55,0,66,120,136,153,11,420,30,0,30,450
03/08/2000,PVD,RI,ANE,EN,Towers with Radar,121,128,76,3,328,3,9,33,1,46,124,137,109,4,374,8,0,8,382
03/09/2000,PVD,RI,ANE,EN,Towers with Radar,126,134,77,7,344,1,6,32,9,48,127,140,109,16,392,8,0,8,400
03/10/2000,PVD,RI,ANE,EN,Towers with Radar,119,142,86,14,361,4,6,20,0,30,123,148,106,14,391,36,0,36,427
03/11/2000,PVD,RI,ANE,EN,Towers with Radar,111,87,26,21,245,2,0,9,0,11,113,87,35,21,256,54,0,54,310
03/12/2000,PVD,RI,ANE,EN,Towers with Radar,123,124,39,5,291,1,0,4,0,5,124,124,43,5,296,24,0,24,320
03/13/2000,PVD,RI,ANE,EN,Towers with Radar,128,126,54,3,311,5,13,31,0,49,133,139,85,3,360,48,0,48,408
03/14/2000,PVD,RI,ANE,EN,Towers with Radar,123,132,60,3,318,5,8,30,1,44,128,140,90,4,362,2,0,2,364
03/15/2000,PVD,RI,ANE,EN,Towers with Radar,119,123,71,7,320,6,10,44,0,60,125,133,115,7,380,54,0,54,434
03/16/2000,PVD,RI,ANE,EN,Towers with Radar,122,137,63,13,335,4,4,16,2,26,126,141,79,15,361,2,0,2,363
03/17/2000,PVD,RI,ANE,EN,Towers with Radar,124,162,58,12,356,3,0,3,0,6,127,162,61,12,362,0,0,0,362
03/18/2000,PVD,RI,ANE,EN,Towers with Radar,111,98,92,7,308,2,4,31,0,37,113,102,123,7,345,54,0,54,399
03/19/2000,PVD,RI,ANE,EN,Towers with Radar,118,116,63,0,297,2,1,47,0,50,120,117,110,0,347,96,0,96,443
03/20/2000,PVD,RI,ANE,EN,Towers with Radar,120,139,41,6,306,4,5,43,1,53,124,144,84,7,359,10,0,10,369
03/21/2000,PVD,RI,ANE,EN,Towers with Radar,117,139,63,5,324,2,0,2,0,4,119,139,65,5,328,2,0,2,330
03/22/2000,PVD,RI,ANE,EN,Towers with Radar,120,147,69,7,343,3,1,18,0,22,123,148,87,7,365,12,0,12,377
03/23/2000,PVD,RI,ANE,EN,Towers with Radar,117,142,85,4,348,3,5,35,1,44,120,147,120,5,392,48,0,48,440
03/24/2000,PVD,RI,ANE,EN,Towers with Radar,122,147,85,8,362,0,2,81,0,83,122,149,166,8,445,44,0,44,489
03/25/2000,PVD,RI,ANE,EN,Towers with Radar,110,82,88,2,282,4,11,53,1,69,114,93,141,3,351,114,0,114,465
03/26/2000,PVD,RI,ANE,EN,Towers with Radar,120,113,92,4,329,3,7,39,0,49,123,120,131,4,378,58,0,58,436
03/27/2000,PVD,RI,ANE,EN,Towers with Radar,129,135,66,4,334,4,4,27,0,35,133,139,93,4,369,12,0,12,381
03/28/2000,PVD,RI,ANE,EN,Towers with Radar,120,130,46,5,301,0,7,6,0,13,120,137,52,5,314,4,0,4,318
03/29/2000,PVD,RI,ANE,EN,Towers with Radar,127,134,49,6,316,4,9,20,0,33,131,143,69,6,349,0,0,0,349
03/30/2000,PVD,RI,ANE,EN,Towers with Radar,121,132,80,7,340,4,10,32,3,49,125,142,112,10,389,52,0,52,441
03/31/2000,PVD,RI,ANE,EN,Towers with Radar,110,121,206,15,452,0,0,0,0,0,110,121,206,15,452,52,0,52,504
04/01/2000,PVD,RI,ANE,EN,Towers with Radar,110,87,75,9,281,0,8,57,3,68,110,95,132,12,349,74,0,74,423
04/02/2000,PVD,RI,ANE,EN,Towers with Radar,123,111,63,20,317,5,9,37,0,51,128,120,100,20,368,40,0,40,408
04/03/2000,PVD,RI,ANE,EN,Towers with Radar,126,136,57,3,322,2,0,3,0,5,128,136,60,3,327,0,0,0,327
04/04/2000,PVD,RI,ANE,EN,Towers with Radar,118,147,61,5,331,0,1,1,0,2,118,148,62,5,333,0,0,0,333
04/05/2000,PVD,RI,ANE,EN,Towers with Radar,124,114,51,7,296,0,10,27,1,38,124,124,78,8,334,32,0,32,366
04/06/2000,PVD,RI,ANE,EN,Towers with Radar,134,108,66,16,324,0,0,1,0,1,134,108,67,16,325,62,0,62,387
04/07/2000,PVD,RI,ANE,EN,Towers with Radar,134,138,115,11,398,0,0,9,0,9,134,138,124,11,407,150,0,150,557
04/08/2000,PVD,RI,ANE,EN,Towers with Radar,117,71,37,0,225,0,0,1,0,1,117,71,38,0,226,46,0,46,272
04/09/2000,PVD,RI,ANE,EN,Towers with Radar,134,97,28,3,262,0,0,2,0,2,134,97,30,3,264,4,0,4,268
04/10/2000,PVD,RI,ANE,EN,Towers with Radar,125,103,45,7,280,5,3,0,4,12,130,106,45,11,292,0,0,0,292
04/11/2000,PVD,RI,ANE,EN,Towers with Radar,134,117,70,1,322,0,10,28,0,38,134,127,98,1,360,62,0,62,422
04/12/2000,PVD,RI,ANE,EN,Towers with Radar,139,123,85,10,357,3,9,19,0,31,142,132,104,10,388,0,0,0,388
04/13/2000,PVD,RI,ANE,EN,Towers with Radar,139,118,82,10,349,2,11,45,1,59,141,129,127,11,408,24,0,24,432
04/14/2000,PVD,RI,ANE,EN,Towers with Radar,136,121,82,16,355,2,10,38,0,50,138,131,120,16,405,152,0,152,557
04/15/2000,PVD,RI,ANE,EN,Towers with Radar,126,91,70,8,295,4,0,19,0,23,130,91,89,8,318,74,0,74,392
04/16/2000,PVD,RI,ANE,EN,Towers with Radar,139,123,69,6,337,0,0,4,0,4,139,123,73,6,341,0,0,0,341
04/17/2000,PVD,RI,ANE,EN,Towers with Radar,145,124,61,3,333,1,1,17,0,19,146,125,78,3,352,42,0,42,394
04/18/2000,PVD,RI,ANE,EN,Towers with Radar,140,117,68,4,329,0,3,21,0,24,140,120,89,4,353,16,0,16,369
04/19/2000,PVD,RI,ANE,EN,Towers with Radar,146,127,46,10,329,0,15,0,3,18,146,142,46,13,347,0,0,0,347
04/20/2000,PVD,RI,ANE,EN,Towers with Radar,133,129,88,25,375,0,0,14,0,14,133,129,102,25,389,124,0,124,513
04/21/2000,PVD,RI,ANE,EN,Towers with Radar,132,104,67,11,314,1,0,5,0,6,133,104,72,11,320,0,0,0,320
04/22/2000,PVD,RI,ANE,EN,Towers with Radar,139,78,23,2,242,3,0,2,0,5,142,78,25,2,247,0,0,0,247
04/23/2000,PVD,RI,ANE,EN,Towers with Radar,179,125,53,4,361,4,0,2,0,6,183,125,55,4,367,0,0,0,367
04/24/2000,PVD,RI,ANE,EN,Towers with Radar,174,117,78,6,375,0,11,29,0,40,174,128,107,6,415,22,0,22,437
04/25/2000,PVD,RI,ANE,EN,Towers with Radar,140,121,98,7,366,0,9,45,0,54,140,130,143,7,420,24,0,24,444
04/26/2000,PVD,RI,ANE,EN,Towers with Radar,138,115,51,8,312,9,23,0,0,32,147,138,51,8,344,0,0,0,344
04/27/2000,PVD,RI,ANE,EN,Towers with Radar,141,135,79,13,368,0,4,16,1,21,141,139,95,14,389,40,0,40,429
04/28/2000,PVD,RI,ANE,EN,Towers with Radar,144,139,88,15,386,0,3,20,0,23,144,142,108,15,409,14,0,14,423
04/29/2000,PVD,RI,ANE,EN,Towers with Radar,127,84,62,7,280,0,0,59,2,61,127,84,121,9,341,96,0,96,437
04/30/2000,PVD,RI,ANE,EN,Towers with Radar,139,90,61,4,294,0,12,24,0,36,139,102,85,4,330,42,0,42,372
05/01/2000,PVD,RI,ANE,EN,Towers with Radar,150,122,53,2,327,2,13,28,0,43,152,135,81,2,370,48,0,48,418
05/02/2000,PVD,RI,ANE,EN,Towers with Radar,138,125,67,3,333,2,5,18,0,25,140,130,85,3,358,56,0,56,414
05/03/2000,PVD,RI,ANE,EN,Towers with Radar,138,121,72,9,340,2,9,33,0,44,140,130,105,9,384,18,0,18,402
05/04/2000,PVD,RI,ANE,EN,Towers with Radar,138,135,91,7,371,2,5,31,2,40,140,140,122,9,411,20,0,20,431
05/05/2000,PVD,RI,ANE,EN,Towers with Radar,143,134,85,4,366,2,8,41,1,52,145,142,126,5,418,26,0,26,444
05/06/2000,PVD,RI,ANE,EN,Towers with Radar,127,85,118,7,337,2,4,32,0,38,129,89,150,7,375,76,0,76,451
05/07/2000,PVD,RI,ANE,EN,Towers with Radar,136,106,95,15,352,2,7,38,0,47,138,113,133,15,399,100,0,100,499
05/08/2000,PVD,RI,ANE,EN,Towers with Radar,170,155,84,6,415,2,8,25,0,35,172,163,109,6,450,76,0,76,526
05/09/2000,PVD,RI,ANE,EN,Towers with Radar,136,131,76,8,351,2,5,25,0,32,138,136,101,8,383,14,0,14,397
05/10/2000,PVD,RI,ANE,EN,Towers with Radar,102,85,60,5,252,2,1,0,0,3,104,86,60,5,255,0,0,0,255
05/11/2000,PVD,RI,ANE,EN,Towers with Radar,152,141,95,10,398,2,6,17,0,25,154,147,112,10,423,64,0,64,487
05/12/2000,PVD,RI,ANE,EN,Towers with Radar,141,123,100,12,376,2,3,41,1,47,143,126,141,13,423,98,0,98,521
05/13/2000,PVD,RI,ANE,EN,Towers with Radar,115,99,70,6,290,2,2,0,0,4,117,101,70,6,294,12,0,12,306
05/14/2000,PVD,RI,ANE,EN,Towers with Radar,133,121,86,4,344,18,11,70,0,99,151,132,156,4,443,72,0,72,515
05/15/2000,PVD,RI,ANE,EN,Towers with Radar,146,125,82,5,358,2,16,40,1,59,148,141,122,6,417,72,0,72,489
05/16/2000,PVD,RI,ANE,EN,Towers with Radar,144,113,78,5,340,2,11,47,0,60,146,124,125,5,400,0,0,0,400
05/17/2000,PVD,RI,ANE,EN,Towers with Radar,140,123,90,14,367,2,11,24,0,37,142,134,114,14,404,50,0,50,454
05/18/2000,PVD,RI,ANE,EN,Towers with Radar,126,106,50,7,289,2,2,0,4,8,128,108,50,11,297,58,0,58,355
05/19/2000,PVD,RI,ANE,EN,Towers with Radar,143,171,79,13,406,2,1,0,0,3,145,172,79,13,409,34,0,34,443
05/20/2000,PVD,RI,ANE,EN,Towers with Radar,132,104,80,0,316,2,3,17,1,23,134,107,97,1,339,92,0,92,431
05/21/2000,PVD,RI,ANE,EN,Towers with Radar,140,139,74,6,359,2,4,2,0,8,142,143,76,6,367,98,0,98,465
05/22/2000,PVD,RI,ANE,EN,Towers with Radar,134,140,71,10,355,1,2,0,0,3,135,142,71,10,358,66,0,66,424
05/23/2000,PVD,RI,ANE,EN,Towers with Radar,147,140,105,19,411,1,3,5,2,11,148,143,110,21,422,22,0,22,444
05/24/2000,PVD,RI,ANE,EN,Towers with Radar,135,138,69,12,354,1,3,8,0,12,136,141,77,12,366,2,0,2,368
05/25/2000,PVD,RI,ANE,EN,Towers with Radar,144,131,93,8,376,0,43,22,10,75,144,174,115,18,451,48,0,48,499
05/26/2000,PVD,RI,ANE,EN,Towers with Radar,144,165,153,6,468,1,24,83,1,109,145,189,236,7,577,38,0,38,615
05/27/2000,PVD,RI,ANE,EN,Towers with Radar,128,83,122,4,337,1,15,79,2,97,129,98,201,6,434,122,0,122,556
05/28/2000,PVD,RI,ANE,EN,Towers with Radar,138,117,88,3,346,3,0,86,0,89,141,117,174,3,435,122,0,122,557
05/29/2000,PVD,RI,ANE,EN,Towers with Radar,138,150,120,2,410,0,0,17,0,17,138,150,137,2,427,14,0,14,441
05/30/2000,PVD,RI,ANE,EN,Towers with Radar,141,145,111,11,408,1,4,30,1,36,142,149,141,12,444,32,0,32,476
05/31/2000,PVD,RI,ANE,EN,Towers with Radar,146,137,103,8,394,0,0,4,2,6,146,137,107,10,400,52,0,52,452
06/01/2000,PVD,RI,ANE,EN,Towers with Radar,147,141,97,13,398,0,4,37,1,42,147,145,134,14,440,40,0,40,480
06/02/2000,PVD,RI,ANE,EN,Towers with Radar,137,123,100,6,366,0,14,33,1,48,137,137,133,7,414,22,0,22,436
06/03/2000,PVD,RI,ANE,EN,Towers with Radar,130,95,109,2,336,0,11,36,0,47,130,106,145,2,383,26,0,26,409
06/04/2000,PVD,RI,ANE,EN,Towers with Radar,149,132,144,4,429,0,13,51,0,64,149,145,195,4,493,98,0,98,591
06/05/2000,PVD,RI,ANE,EN,Towers with Radar,145,135,77,4,361,0,0,10,0,10,145,135,87,4,371,0,0,0,371
06/06/2000,PVD,RI,ANE,EN,Towers with Radar,150,146,56,16,368,0,0,0,0,0,150,146,56,16,368,0,0,0,368
06/07/2000,PVD,RI,ANE,EN,Towers with Radar,148,159,70,12,389,0,5,30,1,36,148,164,100,13,425,0,0,0,425
06/08/2000,PVD,RI,ANE,EN,Towers with Radar,147,144,122,10,423,0,17,59,0,76,147,161,181,10,499,30,0,30,529
06/09/2000,PVD,RI,ANE,EN,Towers with Radar,145,168,138,8,459,0,32,46,0,78,145,200,184,8,537,102,0,102,639
06/10/2000,PVD,RI,ANE,EN,Towers with Radar,131,117,100,11,359,0,21,46,0,67,131,138,146,11,426,16,0,16,442
06/11/2000,PVD,RI,ANE,EN,Towers with Radar,142,148,118,10,418,0,8,29,0,37,142,156,147,10,455,10,0,10,465
06/12/2000,PVD,RI,ANE,EN,Towers with Radar,156,166,76,16,414,0,0,1,0,1,156,166,77,16,415,10,0,10,425
06/13/2000,PVD,RI,ANE,EN,Towers with Radar,133,139,102,6,380,1,5,9,0,15,134,144,111,6,395,0,0,0,395
06/14/2000,PVD,RI,ANE,EN,Towers with Radar,128,136,101,2,367,0,14,21,0,35,128,150,122,2,402,2,0,2,404
06/15/2000,PVD,RI,ANE,EN,Towers with Radar,130,168,69,9,376,0,0,0,0,0,130,168,69,9,376,0,0,0,376
06/16/2000,PVD,RI,ANE,EN,Towers with Radar,145,176,136,16,473,0,16,40,0,56,145,192,176,16,529,12,0,12,541
06/17/2000,PVD,RI,ANE,EN,Towers with Radar,86,79,66,6,237,0,8,49,11,68,86,87,115,17,305,112,0,112,417
06/18/2000,PVD,RI,ANE,EN,Towers with Radar,140,141,130,5,416,0,18,34,0,52,140,159,164,5,468,68,0,68,536
06/19/2000,PVD,RI,ANE,EN,Towers with Radar,142,172,120,7,441,0,3,14,0,17,142,175,134,7,458,0,0,0,458
06/20/2000,PVD,RI,ANE,EN,Towers with Radar,140,130,114,6,390,0,20,57,0,77,140,150,171,6,467,44,0,44,511
06/21/2000,PVD,RI,ANE,EN,Towers with Radar,139,133,79,6,357,0,20,47,1,68,139,153,126,7,425,12,0,12,437
06/22/2000,PVD,RI,ANE,EN,Towers with Radar,149,187,100,7,443,0,8,33,1,42,149,195,133,8,485,30,0,30,515
06/23/2000,PVD,RI,ANE,EN,Towers with Radar,147,165,121,10,443,0,36,111,7,154,147,201,232,17,597,98,0,98,695
06/24/2000,PVD,RI,ANE,EN,Towers with Radar,130,96,124,5,355,0,13,72,0,85,130,109,196,5,440,94,0,94,534
06/25/2000,PVD,RI,ANE,EN,Towers with Radar,146,148,127,19,440,0,1,24,0,25,146,149,151,19,465,42,0,42,507
06/26/2000,PVD,RI,ANE,EN,Towers with Radar,146,175,135,14,470,0,1,23,0,24,146,176,158,14,494,48,0,48,542
06/27/2000,PVD,RI,ANE,EN,Towers with Radar,140,160,91,8,399,0,2,20,0,22,140,162,111,8,421,36,0,36,457
06/28/2000,PVD,RI,ANE,EN,Towers with Radar,126,131,96,8,361,13,16,48,2,79,139,147,144,10,440,68,0,68,508
06/29/2000,PVD,RI,ANE,EN,Towers with Radar,149,158,107,8,422,0,12,19,0,31,149,170,126,8,453,30,0,30,483
06/30/2000,PVD,RI,ANE,EN,Towers with Radar,145,207,189,10,551,0,15,62,0,77,145,222,251,10,628,26,0,26,654
07/01/2000,PVD,RI,ANE,EN,Towers with Radar,139,104,154,8,405,1,31,90,1,123,140,135,244,9,528,58,0,58,586
07/02/2000,PVD,RI,ANE,EN,Towers with Radar,138,129,128,10,405,1,18,60,0,79,139,147,188,10,484,40,0,40,524
07/03/2000,PVD,RI,ANE,EN,Towers with Radar,129,110,82,2,323,1,22,24,0,47,130,132,106,2,370,38,0,38,408
07/04/2000,PVD,RI,ANE,EN,Towers with Radar,135,153,90,7,385,1,1,9,1,12,136,154,99,8,397,12,0,12,409
07/05/2000,PVD,RI,ANE,EN,Towers with Radar,143,149,140,10,442,1,27,70,5,103,144,176,210,15,545,28,0,28,573
07/06/2000,PVD,RI,ANE,EN,Towers with Radar,145,143,120,7,415,1,20,53,0,74,146,163,173,7,489,4,0,4,493
07/07/2000,PVD,RI,ANE,EN,Towers with Radar,149,184,119,9,461,1,17,43,1,62,150,201,162,10,523,16,0,16,539
07/08/2000,PVD,RI,ANE,EN,Towers with Radar,137,100,132,4,373,1,20,76,1,98,138,120,208,5,471,48,0,48,519
07/09/2000,PVD,RI,ANE,EN,Towers with Radar,143,139,142,13,437,1,27,57,2,87,144,166,199,15,524,24,0,24,548
07/10/2000,PVD,RI,ANE,EN,Towers with Radar,141,195,102,9,447,1,8,14,1,24,142,203,116,10,471,6,0,6,477
07/11/2000,PVD,RI,ANE,EN,Towers with Radar,145,148,157,10,460,1,19,47,2,69,146,167,204,12,529,18,0,18,547
07/12/2000,PVD,RI,ANE,EN,Towers with Radar,128,134,111,7,380,18,20,91,0,129,146,154,202,7,509,84,0,84,593
07/13/2000,PVD,RI,ANE,EN,Towers with Radar,153,154,159,8,474,1,23,69,4,97,154,177,228,12,571,2,0,2,573
07/14/2000,PVD,RI,ANE,EN,Towers with Radar,124,147,91,3,365,1,20,48,0,69,125,167,139,3,434,10,0,10,444
07/15/2000,PVD,RI,ANE,EN,Towers with Radar,130,91,72,6,299,1,6,11,4,22,131,97,83,10,321,20,0,20,341
07/16/2000,PVD,RI,ANE,EN,Towers with Radar,143,139,117,8,407,2,0,0,0,2,145,139,117,8,409,68,0,68,477
07/17/2000,PVD,RI,ANE,EN,Towers with Radar,171,201,148,8,528,0,9,9,0,18,171,210,157,8,546,84,0,84,630
07/18/2000,PVD,RI,ANE,EN,Towers with Radar,158,181,81,17,437,0,5,17,1,23,158,186,98,18,460,34,0,34,494
07/19/2000,PVD,RI,ANE,EN,Towers with Radar,159,126,131,10,426,0,26,64,2,92,159,152,195,12,518,108,0,108,626
07/20/2000,PVD,RI,ANE,EN,Towers with Radar,165,170,141,9,485,0,0,93,0,93,165,170,234,9,578,62,0,62,640
07/21/2000,PVD,RI,ANE,EN,Towers with Radar,151,167,195,11,524,0,28,64,0,92,151,195,259,11,616,146,0,146,762
07/22/2000,PVD,RI,ANE,EN,Towers with Radar,139,127,112,11,389,0,12,18,0,30,139,139,130,11,419,50,0,50,469
07/23/2000,PVD,RI,ANE,EN,Towers with Radar,166,149,156,10,481,0,25,54,1,80,166,174,210,11,561,62,0,62,623
07/24/2000,PVD,RI,ANE,EN,Towers with Radar,153,152,115,7,427,0,16,30,0,46,153,168,145,7,473,58,0,58,531
07/25/2000,PVD,RI,ANE,EN,Towers with Radar,158,169,151,18,496,0,2,35,1,38,158,171,186,19,534,144,0,144,678
07/26/2000,PVD,RI,ANE,EN,Towers with Radar,135,139,83,8,365,10,34,0,3,47,145,173,83,11,412,0,0,0,412
07/27/2000,PVD,RI,ANE,EN,Towers with Radar,148,189,81,10,428,0,1,0,0,1,148,190,81,10,429,6,0,6,435
07/28/2000,PVD,RI,ANE,EN,Towers with Radar,130,198,109,33,470,0,1,11,0,12,130,199,120,33,482,2,0,2,484
07/29/2000,PVD,RI,ANE,EN,Towers with Radar,138,124,121,7,390,0,12,12,0,24,138,136,133,7,414,60,0,60,474
07/30/2000,PVD,RI,ANE,EN,Towers with Radar,142,161,158,8,469,0,0,17,0,17,142,161,175,8,486,4,0,4,490
07/31/2000,PVD,RI,ANE,EN,Towers with Radar,149,198,87,6,440,0,1,0,0,1,149,199,87,6,441,6,0,6,447
08/01/2000,PVD,RI,ANE,EN,Towers with Radar,146,149,71,5,371,2,1,2,0,5,148,150,73,5,376,0,0,0,376
08/02/2000,PVD,RI,ANE,EN,Towers with Radar,142,159,114,14,429,2,1,15,0,18,144,160,129,14,447,18,0,18,465
08/03/2000,PVD,RI,ANE,EN,Towers with Radar,144,197,125,18,484,2,1,7,1,11,146,198,132,19,495,112,0,112,607
08/04/2000,PVD,RI,ANE,EN,Towers with Radar,147,190,158,20,515,2,11,45,2,60,149,201,203,22,575,50,0,50,625
08/05/2000,PVD,RI,ANE,EN,Towers with Radar,146,116,99,5,366,2,6,48,0,56,148,122,147,5,422,70,0,70,492
08/06/2000,PVD,RI,ANE,EN,Towers with Radar,162,127,150,5,444,2,30,55,1,88,164,157,205,6,532,106,0,106,638
08/07/2000,PVD,RI,ANE,EN,Towers with Radar,155,175,127,8,465,0,26,3,0,29,155,201,130,8,494,54,0,54,548
08/08/2000,PVD,RI,ANE,EN,Towers with Radar,162,167,90,9,428,2,13,48,0,63,164,180,138,9,491,86,0,86,577
08/09/2000,PVD,RI,ANE,EN,Towers with Radar,155,164,118,9,446,0,14,42,0,56,155,178,160,9,502,26,0,26,528
08/10/2000,PVD,RI,ANE,EN,Towers with Radar,158,174,111,12,455,2,21,52,3,78,160,195,163,15,533,26,0,26,559
08/11/2000,PVD,RI,ANE,EN,Towers with Radar,161,158,131,13,463,2,10,26,1,39,163,168,157,14,502,118,0,118,620
08/12/2000,PVD,RI,ANE,EN,Towers with Radar,143,111,79,11,344,2,4,5,0,11,145,115,84,11,355,102,0,102,457
08/13/2000,PVD,RI,ANE,EN,Towers with Radar,155,178,94,10,437,0,0,0,1,1,155,178,94,11,438,18,0,18,456
08/14/2000,PVD,RI,ANE,EN,Towers with Radar,153,199,85,7,444,2,1,0,1,4,155,200,85,8,448,4,0,4,452
08/15/2000,PVD,RI,ANE,EN,Towers with Radar,154,187,91,9,441,2,2,1,1,6,156,189,92,10,447,2,0,2,449
08/16/2000,PVD,RI,ANE,EN,Towers with Radar,155,159,90,9,413,2,7,15,1,25,157,166,105,10,438,38,0,38,476
08/17/2000,PVD,RI,ANE,EN,Towers with Radar,152,141,118,9,420,2,31,62,1,96,154,172,180,10,516,46,0,46,562
08/18/2000,PVD,RI,ANE,EN,Towers with Radar,151,161,118,11,441,2,12,27,3,44,153,173,145,14,485,76,0,76,561
08/19/2000,PVD,RI,ANE,EN,Towers with Radar,146,126,111,3,386,0,0,63,0,63,146,126,174,3,449,86,0,86,535
08/20/2000,PVD,RI,ANE,EN,Towers with Radar,164,140,124,9,437,2,30,55,3,90,166,170,179,12,527,104,0,104,631
08/21/2000,PVD,RI,ANE,EN,Towers with Radar,150,151,129,6,436,1,15,56,2,74,151,166,185,8,510,20,0,20,530
08/22/2000,PVD,RI,ANE,EN,Towers with Radar,153,153,104,14,424,1,19,53,1,74,154,172,157,15,498,88,0,88,586
08/23/2000,PVD,RI,ANE,EN,Towers with Radar,153,149,95,8,405,1,20,35,0,56,154,169,130,8,461,28,0,28,489
08/24/2000,PVD,RI,ANE,EN,Towers with Radar,158,177,129,14,478,1,11,35,0,47,159,188,164,14,525,64,0,64,589
08/25/2000,PVD,RI,ANE,EN,Towers with Radar,160,173,129,9,471,1,20,58,0,79,161,193,187,9,550,24,0,24,574
08/26/2000,PVD,RI,ANE,EN,Towers with Radar,147,129,126,4,406,1,22,51,0,74,148,151,177,4,480,32,0,32,512
08/27/2000,PVD,RI,ANE,EN,Towers with Radar,155,142,156,4,457,1,24,49,0,74,156,166,205,4,531,96,0,96,627
08/28/2000,PVD,RI,ANE,EN,Towers with Radar,154,159,108,8,429,1,7,11,0,19,155,166,119,8,448,20,0,20,468
08/29/2000,PVD,RI,ANE,EN,Towers with Radar,153,140,107,8,408,1,8,40,0,49,154,148,147,8,457,0,0,0,457
08/30/2000,PVD,RI,ANE,EN,Towers with Radar,157,192,126,4,479,1,4,10,0,15,158,196,136,4,494,0,0,0,494
08/31/2000,PVD,RI,ANE,EN,Towers with Radar,159,169,130,12,470,1,8,13,2,24,160,177,143,14,494,16,0,16,510
09/01/2000,PVD,RI,ANE,EN,Towers with Radar,151,179,122,6,458,0,20,35,0,55,151,199,157,6,513,62,0,62,575
09/02/2000,PVD,RI,ANE,EN,Towers with Radar,150,142,44,3,339,0,0,0,0,0,150,142,44,3,339,0,0,0,339
09/03/2000,PVD,RI,ANE,EN,Towers with Radar,163,139,54,12,368,0,0,1,0,1,163,139,55,12,369,0,0,0,369
09/04/2000,PVD,RI,ANE,EN,Towers with Radar,153,182,94,7,436,0,0,6,0,6,153,182,100,7,442,0,0,0,442
09/05/2000,PVD,RI,ANE,EN,Towers with Radar,160,158,91,4,413,0,7,27,1,35,160,165,118,5,448,34,0,34,482
09/06/2000,PVD,RI,ANE,EN,Towers with Radar,156,142,98,5,401,0,6,44,5,55,156,148,142,10,456,2,0,2,458
09/07/2000,PVD,RI,ANE,EN,Towers with Radar,158,146,110,4,418,0,27,58,1,86,158,173,168,5,504,26,0,26,530
09/08/2000,PVD,RI,ANE,EN,Towers with Radar,155,154,99,8,416,0,25,56,5,86,155,179,155,13,502,100,0,100,602
09/09/2000,PVD,RI,ANE,EN,Towers with Radar,145,121,91,15,372,0,14,33,5,52,145,135,124,20,424,58,0,58,482
09/10/2000,PVD,RI,ANE,EN,Towers with Radar,153,116,122,5,396,0,10,40,0,50,153,126,162,5,446,112,0,112,558
09/11/2000,PVD,RI,ANE,EN,Towers with Radar,140,166,95,15,416,0,21,25,2,48,140,187,120,17,464,26,0,26,490
09/12/2000,PVD,RI,ANE,EN,Towers with Radar,148,148,92,8,396,0,12,18,0,30,148,160,110,8,426,4,0,4,430
09/13/2000,PVD,RI,ANE,EN,Towers with Radar,155,160,89,13,417,0,10,32,0,42,155,170,121,13,459,22,0,22,481
09/14/2000,PVD,RI,ANE,EN,Towers with Radar,146,140,115,6,407,0,19,61,3,83,146,159,176,9,490,66,0,66,556
09/15/2000,PVD,RI,ANE,EN,Towers with Radar,158,165,91,17,431,0,9,7,0,16,158,174,98,17,447,62,0,62,509
09/16/2000,PVD,RI,ANE,EN,Towers with Radar,139,99,84,9,331,0,18,51,0,69,139,117,135,9,400,18,0,18,418
09/17/2000,PVD,RI,ANE,EN,Towers with Radar,164,139,81,6,390,0,20,25,0,45,164,159,106,6,435,112,0,112,547
09/18/2000,PVD,RI,ANE,EN,Towers with Radar,149,136,98,8,391,0,30,51,2,83,149,166,149,10,474,36,0,36,510
09/19/2000,PVD,RI,ANE,EN,Towers with Radar,156,128,77,13,374,0,5,19,0,24,156,133,96,13,398,16,0,16,414
09/20/2000,PVD,RI,ANE,EN,Towers with Radar,152,138,86,4,380,0,5,40,0,45,152,143,126,4,425,6,0,6,431
09/21/2000,PVD,RI,ANE,EN,Towers with Radar,158,153,96,11,418,0,6,32,0,38,158,159,128,11,456,0,0,0,456
09/22/2000,PVD,RI,ANE,EN,Towers with Radar,150,144,93,3,390,0,16,48,1,65,150,160,141,4,455,4,0,4,459
09/23/2000,PVD,RI,ANE,EN,Towers with Radar,148,98,97,8,351,0,7,26,0,33,148,105,123,8,384,36,0,36,420
09/24/2000,PVD,RI,ANE,EN,Towers with Radar,162,151,101,3,417,0,0,5,0,5,162,151,106,3,422,78,0,78,500
09/25/2000,PVD,RI,ANE,EN,Towers with Radar,151,125,82,6,364,0,17,35,0,52,151,142,117,6,416,0,0,0,416
09/26/2000,PVD,RI,ANE,EN,Towers with Radar,154,120,54,3,331,0,0,1,0,1,154,120,55,3,332,0,0,0,332
09/27/2000,PVD,RI,ANE,EN,Towers with Radar,157,119,115,0,391,0,9,56,1,66,157,128,171,1,457,0,0,0,457
09/28/2000,PVD,RI,ANE,EN,Towers with Radar,155,136,83,0,374,0,2,29,1,32,155,138,112,1,406,26,0,26,432
09/29/2000,PVD,RI,ANE,EN,Towers with Radar,157,140,102,7,406,0,4,36,0,40,157,144,138,7,446,78,0,78,524
09/30/2000,PVD,RI,ANE,EN,Towers with Radar,143,99,80,2,324,0,13,53,2,68,143,112,133,4,392,46,0,46,438
10/01/2000,PVD,RI,ANE,EN,Towers with Radar,162,106,93,3,364,0,11,48,2,61,162,117,141,5,425,56,0,56,481
10/02/2000,PVD,RI,ANE,EN,Towers with Radar,147,124,68,8,347,0,3,19,0,22,147,127,87,8,369,32,0,32,401
10/03/2000,PVD,RI,ANE,EN,Towers with Radar,160,109,92,7,368,0,9,34,0,43,160,118,126,7,411,0,0,0,411
10/04/2000,PVD,RI,ANE,EN,Towers with Radar,159,105,90,9,363,0,14,36,0,50,159,119,126,9,413,64,0,64,477
10/05/2000,PVD,RI,ANE,EN,Towers with Radar,160,124,90,9,383,0,3,12,0,15,160,127,102,9,398,10,0,10,408
10/06/2000,PVD,RI,ANE,EN,Towers with Radar,160,162,83,7,412,0,1,1,0,2,160,163,84,7,414,0,0,0,414
10/07/2000,PVD,RI,ANE,EN,Towers with Radar,153,51,66,7,277,0,0,32,0,32,153,51,98,7,309,80,0,80,389
10/08/2000,PVD,RI,ANE,EN,Towers with Radar,158,112,89,2,361,0,14,34,0,48,158,126,123,2,409,54,0,54,463
10/09/2000,PVD,RI,ANE,EN,Towers with Radar,171,175,66,5,417,0,1,22,0,23,171,176,88,5,440,64,0,64,504
10/10/2000,PVD,RI,ANE,EN,Towers with Radar,154,106,73,5,338,11,0,0,6,17,165,106,73,11,355,0,0,0,355
10/11/2000,PVD,RI,ANE,EN,Towers with Radar,163,118,84,9,374,0,12,45,0,57,163,130,129,9,431,4,0,4,435
10/12/2000,PVD,RI,ANE,EN,Towers with Radar,160,115,122,9,406,0,16,45,1,62,160,131,167,10,468,50,0,50,518
10/13/2000,PVD,RI,ANE,EN,Towers with Radar,163,119,82,5,369,0,23,37,0,60,163,142,119,5,429,54,0,54,483
10/14/2000,PVD,RI,ANE,EN,Towers with Radar,155,71,89,6,321,0,13,62,1,76,155,84,151,7,397,74,0,74,471
10/15/2000,PVD,RI,ANE,EN,Towers with Radar,157,88,99,7,351,0,3,44,3,50,157,91,143,10,401,40,0,40,441
10/16/2000,PVD,RI,ANE,EN,Towers with Radar,163,184,70,2,419,0,1,7,0,8,163,185,77,2,427,0,0,0,427
10/17/2000,PVD,RI,ANE,EN,Towers with Radar,158,113,81,5,357,0,2,9,0,11,158,115,90,5,368,22,0,22,390
10/18/2000,PVD,RI,ANE,EN,Towers with Radar,153,122,75,12,362,0,1,0,0,1,153,123,75,12,363,0,0,0,363
10/19/2000,PVD,RI,ANE,EN,Towers with Radar,151,106,76,5,338,8,9,49,0,66,159,115,125,5,404,0,0,0,404
10/20/2000,PVD,RI,ANE,EN,Towers with Radar,163,117,105,8,393,0,18,57,0,75,163,135,162,8,468,32,0,32,500
10/21/2000,PVD,RI,ANE,EN,Towers with Radar,132,88,67,5,292,19,0,64,0,83,151,88,131,5,375,18,0,18,393
10/22/2000,PVD,RI,ANE,EN,Towers with Radar,157,88,94,7,346,0,2,32,0,34,157,90,126,7,380,14,0,14,394
10/23/2000,PVD,RI,ANE,EN,Towers with Radar,164,122,83,5,374,0,7,39,0,46,164,129,122,5,420,54,0,54,474
10/24/2000,PVD,RI,ANE,EN,Towers with Radar,158,117,87,8,370,0,7,42,0,49,158,124,129,8,419,10,0,10,429
10/25/2000,PVD,RI,ANE,EN,Towers with Radar,158,111,96,4,369,0,2,40,0,42,158,113,136,4,411,20,0,20,431
10/26/2000,PVD,RI,ANE,EN,Towers with Radar,159,99,73,8,339,0,6,22,0,28,159,105,95,8,367,12,0,12,379
10/27/2000,PVD,RI,ANE,EN,Towers with Radar,160,125,117,10,412,0,3,17,0,20,160,128,134,10,432,46,0,46,478
10/28/2000,PVD,RI,ANE,EN,Towers with Radar,153,76,33,2,264,0,6,11,0,17,153,82,44,2,281,0,0,0,281
10/29/2000,PVD,RI,ANE,EN,Towers with Radar,159,94,31,3,287,0,7,4,2,13,159,101,35,5,300,54,0,54,354
10/30/2000,PVD,RI,ANE,EN,Towers with Radar,171,125,44,4,344,0,1,4,0,5,171,126,48,4,349,64,0,64,413
10/31/2000,PVD,RI,ANE,EN,Towers with Radar,164,118,46,5,333,0,0,3,0,3,164,118,49,5,336,0,0,0,336
11/01/2000,PVD,RI,ANE,EN,Towers with Radar,167,114,46,5,332,0,1,21,0,22,167,115,67,5,354,0,0,0,354
11/02/2000,PVD,RI,ANE,EN,Towers with Radar,156,107,75,6,344,0,0,46,1,47,156,107,121,7,391,4,0,4,395
11/03/2000,PVD,RI,ANE,EN,Towers with Radar,162,122,76,6,366,0,3,46,9,58,162,125,122,15,424,14,0,14,438
11/04/2000,PVD,RI,ANE,EN,Towers with Radar,148,64,85,8,305,0,3,32,2,37,148,67,117,10,342,64,0,64,406
11/05/2000,PVD,RI,ANE,EN,Towers with Radar,147,94,48,4,293,16,0,0,0,16,163,94,48,4,309,54,0,54,363
11/06/2000,PVD,RI,ANE,EN,Towers with Radar,169,126,85,4,384,0,7,21,0,28,169,133,106,4,412,70,0,70,482
11/07/2000,PVD,RI,ANE,EN,Towers with Radar,162,103,94,3,362,0,4,34,0,38,162,107,128,3,400,8,0,8,408
11/08/2000,PVD,RI,ANE,EN,Towers with Radar,160,107,87,4,358,0,5,33,0,38,160,112,120,4,396,24,0,24,420
11/09/2000,PVD,RI,ANE,EN,Towers with Radar,163,126,79,7,375,0,12,6,8,26,163,138,85,15,401,10,0,10,411
11/10/2000,PVD,RI,ANE,EN,Towers with Radar,183,159,55,6,403,0,0,2,0,2,183,159,57,6,405,0,0,0,405
11/11/2000,PVD,RI,ANE,EN,Towers with Radar,152,108,38,5,303,0,0,2,0,2,152,108,40,5,305,0,0,0,305
11/12/2000,PVD,RI,ANE,EN,Towers with Radar,149,91,63,2,305,9,0,34,0,43,158,91,97,2,348,8,0,8,356
11/13/2000,PVD,RI,ANE,EN,Towers with Radar,164,111,68,8,351,0,2,13,0,15,164,113,81,8,366,126,0,126,492
11/14/2000,PVD,RI,ANE,EN,Towers with Radar,162,109,42,6,319,27,33,0,0,60,189,142,42,6,379,0,0,0,379
11/15/2000,PVD,RI,ANE,EN,Towers with Radar,167,114,47,5,333,0,1,20,0,21,167,115,67,5,354,2,0,2,356
11/16/2000,PVD,RI,ANE,EN,Towers with Radar,170,116,103,6,395,0,12,41,0,53,170,128,144,6,448,26,0,26,474
11/17/2000,PVD,RI,ANE,EN,Towers with Radar,152,107,70,13,342,0,6,36,0,42,152,113,106,13,384,108,0,108,492
11/18/2000,PVD,RI,ANE,EN,Towers with Radar,152,67,98,5,322,0,5,41,0,46,152,72,139,5,368,22,0,22,390
11/19/2000,PVD,RI,ANE,EN,Towers with Radar,160,88,74,7,329,0,3,56,2,61,160,91,130,9,390,28,0,28,418
11/20/2000,PVD,RI,ANE,EN,Towers with Radar,159,134,78,1,372,0,5,38,0,43,159,139,116,1,415,38,0,38,453
11/21/2000,PVD,RI,ANE,EN,Towers with Radar,158,107,85,5,355,0,10,33,0,43,158,117,118,5,398,18,0,18,416
11/22/2000,PVD,RI,ANE,EN,Towers with Radar,164,126,65,3,358,0,16,20,0,36,164,142,85,3,394,0,0,0,394
11/23/2000,PVD,RI,ANE,EN,Towers with Radar,114,64,20,1,199,0,5,16,0,21,114,69,36,1,220,0,0,0,220
11/24/2000,PVD,RI,ANE,EN,Towers with Radar,133,83,68,2,286,0,5,37,0,42,133,88,105,2,328,16,0,16,344
11/25/2000,PVD,RI,ANE,EN,Towers with Radar,141,77,77,1,296,0,6,43,0,49,141,83,120,1,345,68,0,68,413
11/26/2000,PVD,RI,ANE,EN,Towers with Radar,163,111,52,2,328,0,0,0,0,0,163,111,52,2,328,36,0,36,364
11/27/2000,PVD,RI,ANE,EN,Towers with Radar,168,128,67,6,369,0,2,13,0,15,168,130,80,6,384,0,0,0,384
11/28/2000,PVD,RI,ANE,EN,Towers with Radar,160,103,58,5,326,0,6,20,0,26,160,109,78,5,352,58,0,58,410
11/29/2000,PVD,RI,ANE,EN,Towers with Radar,166,107,67,8,348,0,6,36,0,42,166,113,103,8,390,30,0,30,420
11/30/2000,PVD,RI,ANE,EN,Towers with Radar,142,96,50,4,292,21,18,0,2,41,163,114,50,6,333,24,0,24,357
12/01/2000,PVD,RI,ANE,EN,Towers with Radar,149,117,63,12,341,2,10,32,0,44,151,127,95,12,385,124,0,124,509
12/02/2000,PVD,RI,ANE,EN,Towers with Radar,139,78,58,2,277,2,7,34,1,44,141,85,92,3,321,48,0,48,369
12/03/2000,PVD,RI,ANE,EN,Towers with Radar,156,94,80,7,337,2,2,28,1,33,158,96,108,8,370,52,0,52,422
12/04/2000,PVD,RI,ANE,EN,Towers with Radar,143,102,46,5,296,2,22,35,0,59,145,124,81,5,355,72,0,72,427
12/05/2000,PVD,RI,ANE,EN,Towers with Radar,158,106,71,10,345,2,9,25,0,36,160,115,96,10,381,38,0,38,419
12/06/2000,PVD,RI,ANE,EN,Towers with Radar,174,113,56,5,348,0,4,44,3,51,174,117,100,8,399,0,0,0,399
12/07/2000,PVD,RI,ANE,EN,Towers with Radar,160,107,52,7,326,1,8,26,2,37,161,115,78,9,363,12,0,12,375
12/08/2000,PVD,RI,ANE,EN,Towers with Radar,159,127,28,11,325,1,0,0,0,1,160,127,28,11,326,0,0,0,326
12/09/2000,PVD,RI,ANE,EN,Towers with Radar,145,78,60,2,285,1,4,25,1,31,146,82,85,3,316,66,0,66,382
12/10/2000,PVD,RI,ANE,EN,Towers with Radar,154,75,42,1,272,1,3,17,0,21,155,78,59,1,293,46,0,46,339
12/11/2000,PVD,RI,ANE,EN,Towers with Radar,160,124,52,4,340,0,0,0,0,0,160,124,52,4,340,0,0,0,340
12/12/2000,PVD,RI,ANE,EN,Towers with Radar,149,74,33,7,263,1,3,1,0,5,150,77,34,7,268,0,0,0,268
12/13/2000,PVD,RI,ANE,EN,Towers with Radar,149,104,72,3,328,1,6,21,1,29,150,110,93,4,357,4,0,4,361
12/14/2000,PVD,RI,ANE,EN,Towers with Radar,139,85,37,3,264,20,7,0,1,28,159,92,37,4,292,2,0,2,294
12/15/2000,PVD,RI,ANE,EN,Towers with Radar,155,107,68,6,336,1,1,26,0,28,156,108,94,6,364,56,0,56,420
12/16/2000,PVD,RI,ANE,EN,Towers with Radar,129,93,35,1,258,1,4,8,4,17,130,97,43,5,275,50,0,50,325
12/17/2000,PVD,RI,ANE,EN,Towers with Radar,139,45,5,0,189,1,0,0,0,1,140,45,5,0,190,0,0,0,190
12/18/2000,PVD,RI,ANE,EN,Towers with Radar,158,98,43,1,300,1,10,20,0,31,159,108,63,1,331,0,0,0,331
12/19/2000,PVD,RI,ANE,EN,Towers with Radar,151,106,64,7,328,1,5,22,0,28,152,111,86,7,356,12,0,12,368
12/20/2000,PVD,RI,ANE,EN,Towers with Radar,159,92,31,0,282,1,7,11,2,21,160,99,42,2,303,0,0,0,303
12/21/2000,PVD,RI,ANE,EN,Towers with Radar,156,88,49,2,295,1,8,25,0,34,157,96,74,2,329,26,0,26,355
12/22/2000,PVD,RI,ANE,EN,Towers with Radar,151,115,24,5,295,1,0,3,0,4,152,115,27,5,299,0,0,0,299
12/23/2000,PVD,RI,ANE,EN,Towers with Radar,147,78,50,1,276,1,9,27,0,37,148,87,77,1,313,74,0,74,387
12/24/2000,PVD,RI,ANE,EN,Towers with Radar,133,70,26,0,229,1,1,24,0,26,134,71,50,0,255,64,0,64,319
12/25/2000,PVD,RI,ANE,EN,Towers with Radar,131,68,6,2,207,1,6,7,0,14,132,74,13,2,221,0,0,0,221
12/26/2000,PVD,RI,ANE,EN,Towers with Radar,149,94,29,4,276,1,12,12,0,25,150,106,41,4,301,54,0,54,355
12/27/2000,PVD,RI,ANE,EN,Towers with Radar,157,100,50,3,310,1,9,28,0,38,158,109,78,3,348,10,0,10,358
12/28/2000,PVD,RI,ANE,EN,Towers with Radar,156,90,31,3,280,1,8,19,0,28,157,98,50,3,308,18,0,18,326
12/29/2000,PVD,RI,ANE,EN,Towers with Radar,152,98,57,2,309,1,5,36,0,42,153,103,93,2,351,12,0,12,363
12/30/2000,PVD,RI,ANE,EN,Towers with Radar,97,29,12,1,139,1,0,1,0,2,98,29,13,1,141,42,0,42,183
12/31/2000,PVD,RI,ANE,EN,Towers with Radar,123,54,16,5,198,1,6,8,0,15,124,60,24,5,213,0,0,0,213
01/01/2001,PVD,RI,ANE,EN,Towers with Radar,128,79,36,3,246,0,7,31,0,38,128,86,67,3,284,88,0,88,372
01/02/2001,PVD,RI,ANE,EN,Towers with Radar,150,89,46,7,292,0,3,39,0,42,150,92,85,7,334,0,0,0,334
01/03/2001,PVD,RI,ANE,EN,Towers with Radar,152,91,37,2,282,0,6,34,0,40,152,97,71,2,322,12,0,12,334
01/04/2001,PVD,RI,ANE,EN,Towers with Radar,158,87,51,9,305,0,9,30,0,39,158,96,81,9,344,0,0,0,344
01/05/2001,PVD,RI,ANE,EN,Towers with Radar,142,91,40,3,276,0,5,22,0,27,142,96,62,3,303,10,0,10,313
01/06/2001,PVD,RI,ANE,EN,Towers with Radar,118,76,40,3,237,18,5,7,0,30,136,81,47,3,267,32,0,32,299
01/07/2001,PVD,RI,ANE,EN,Towers with Radar,153,93,72,11,329,0,4,41,0,45,153,97,113,11,374,22,0,22,396
01/08/2001,PVD,RI,ANE,EN,Towers with Radar,152,94,47,2,295,0,1,12,1,14,152,95,59,3,309,6,0,6,315
01/09/2001,PVD,RI,ANE,EN,Towers with Radar,156,114,43,7,320,0,0,3,0,3,156,114,46,7,323,0,0,0,323
01/10/2001,PVD,RI,ANE,EN,Towers with Radar,149,96,53,6,304,0,8,28,1,37,149,104,81,7,341,4,0,4,345
01/11/2001,PVD,RI,ANE,EN,Towers with Radar,81,57,43,5,186,0,9,29,0,38,81,66,72,5,224,17,0,17,241
01/12/2001,PVD,RI,ANE,EN,Towers with Radar,154,101,77,10,342,0,2,34,0,36,154,103,111,10,378,14,0,14,392
01/13/2001,PVD,RI,ANE,EN,Towers with Radar,141,86,76,0,303,0,6,42,1,49,141,92,118,1,352,62,0,62,414
01/14/2001,PVD,RI,ANE,EN,Towers with Radar,151,83,68,3,305,0,1,41,0,42,151,84,109,3,347,36,0,36,383
01/15/2001,PVD,RI,ANE,EN,Towers with Radar,170,148,42,20,380,0,0,2,0,2,170,148,44,20,382,0,0,0,382
01/16/2001,PVD,RI,ANE,EN,Towers with Radar,157,134,47,5,343,0,2,12,0,14,157,136,59,5,357,38,0,38,395
01/17/2001,PVD,RI,ANE,EN,Towers with Radar,159,116,76,9,360,0,11,39,0,50,159,127,115,9,410,114,0,114,524
01/18/2001,PVD,RI,ANE,EN,Towers with Radar,163,121,61,8,353,0,5,11,0,16,163,126,72,8,369,0,0,0,369
01/19/2001,PVD,RI,ANE,EN,Towers with Radar,137,89,19,5,250,19,21,0,1,41,156,110,19,6,291,0,0,0,291
01/20/2001,PVD,RI,ANE,EN,Towers with Radar,129,73,13,4,219,0,0,2,0,2,129,73,15,4,221,0,0,0,221
01/21/2001,PVD,RI,ANE,EN,Towers with Radar,77,50,15,1,143,35,3,0,0,38,112,53,15,1,181,0,0,0,181
01/22/2001,PVD,RI,ANE,EN,Towers with Radar,150,93,42,5,290,0,5,19,1,25,150,98,61,6,315,28,0,28,343
01/23/2001,PVD,RI,ANE,EN,Towers with Radar,156,107,101,3,367,0,4,22,1,27,156,111,123,4,394,88,0,88,482
01/24/2001,PVD,RI,ANE,EN,Towers with Radar,164,107,67,16,354,0,0,22,3,25,164,107,89,19,379,64,0,64,443
01/25/2001,PVD,RI,ANE,EN,Towers with Radar,155,109,56,12,332,0,2,16,1,19,155,111,72,13,351,44,0,44,395
01/26/2001,PVD,RI,ANE,EN,Towers with Radar,151,99,68,11,329,0,8,34,0,42,151,107,102,11,371,44,0,44,415
01/27/2001,PVD,RI,ANE,EN,Towers with Radar,132,82,44,10,268,0,2,11,0,13,132,84,55,10,281,68,0,68,349
01/28/2001,PVD,RI,ANE,EN,Towers with Radar,146,91,63,2,302,0,7,36,0,43,146,98,99,2,345,20,0,20,365
01/29/2001,PVD,RI,ANE,EN,Towers with Radar,154,95,68,3,320,0,6,25,0,31,154,101,93,3,351,26,0,26,377
01/30/2001,PVD,RI,ANE,EN,Towers with Radar,163,119,35,3,320,0,0,2,0,2,163,119,37,3,322,0,0,0,322
01/31/2001,PVD,RI,ANE,EN,Towers with Radar,161,118,58,9,346,0,6,26,0,32,161,124,84,9,378,50,0,50,428
02/01/2001,PVD,RI,ANE,EN,Towers with Radar,158,96,63,4,321,0,5,47,9,61,158,101,110,13,382,14,0,14,396
02/02/2001,PVD,RI,ANE,EN,Towers with Radar,156,92,43,4,295,0,1,9,0,10,156,93,52,4,305,2,0,2,307
02/03/2001,PVD,RI,ANE,EN,Towers with Radar,131,69,68,3,271,0,8,28,2,38,131,77,96,5,309,0,0,0,309
02/04/2001,PVD,RI,ANE,EN,Towers with Radar,148,73,96,7,324,0,8,65,0,73,148,81,161,7,397,32,0,32,429
02/05/2001,PVD,RI,ANE,EN,Towers with Radar,118,70,20,3,211,0,0,5,0,5,118,70,25,3,216,0,0,0,216
02/06/2001,PVD,RI,ANE,EN,Towers with Radar,150,85,49,2,286,0,9,14,1,24,150,94,63,3,310,0,0,0,310
02/07/2001,PVD,RI,ANE,EN,Towers with Radar,156,100,82,3,341,0,7,32,2,41,156,107,114,5,382,26,0,26,408
02/08/2001,PVD,RI,ANE,EN,Towers with Radar,152,99,80,12,343,0,7,13,0,20,152,106,93,12,363,8,0,8,371
02/09/2001,PVD,RI,ANE,EN,Towers with Radar,153,118,56,5,332,0,0,6,0,6,153,118,62,5,338,30,0,30,368
02/10/2001,PVD,RI,ANE,EN,Towers with Radar,135,63,11,2,211,0,3,1,0,4,135,66,12,2,215,0,0,0,215
02/11/2001,PVD,RI,ANE,EN,Towers with Radar,148,74,20,6,248,0,7,13,0,20,148,81,33,6,268,0,0,0,268
02/12/2001,PVD,RI,ANE,EN,Towers with Radar,150,94,84,4,332,0,5,27,0,32,150,99,111,4,364,138,0,138,502
02/13/2001,PVD,RI,ANE,EN,Towers with Radar,161,101,70,4,336,0,5,37,2,44,161,106,107,6,380,66,0,66,446
02/14/2001,PVD,RI,ANE,EN,Towers with Radar,154,96,55,5,310,0,2,9,0,11,154,98,64,5,321,10,0,10,331
02/15/2001,PVD,RI,ANE,EN,Towers with Radar,148,102,97,3,350,0,4,22,0,26,148,106,119,3,376,22,0,22,398
02/16/2001,PVD,RI,ANE,EN,Towers with Radar,153,99,63,9,324,0,5,10,0,15,153,104,73,9,339,46,0,46,385
02/17/2001,PVD,RI,ANE,EN,Towers with Radar,137,69,35,6,247,0,1,2,1,4,137,70,37,7,251,22,0,22,273
02/18/2001,PVD,RI,ANE,EN,Towers with Radar,150,83,52,0,285,0,6,54,0,60,150,89,106,0,345,14,0,14,359
02/19/2001,PVD,RI,ANE,EN,Towers with Radar,156,96,69,3,324,0,9,34,0,43,156,105,103,3,367,96,0,96,463
02/20/2001,PVD,RI,ANE,EN,Towers with Radar,156,95,56,2,309,0,7,35,0,42,156,102,91,2,351,100,0,100,451
02/21/2001,PVD,RI,ANE,EN,Towers with Radar,153,91,59,4,307,9,14,13,1,37,162,105,72,5,344,36,0,36,380
02/22/2001,PVD,RI,ANE,EN,Towers with Radar,154,98,58,5,315,0,4,25,0,29,154,102,83,5,344,34,0,34,378
02/23/2001,PVD,RI,ANE,EN,Towers with Radar,160,99,38,4,301,0,1,5,2,8,160,100,43,6,309,0,0,0,309
02/24/2001,PVD,RI,ANE,EN,Towers with Radar,133,72,85,1,291,0,4,49,1,54,133,76,134,2,345,18,0,18,363
02/25/2001,PVD,RI,ANE,EN,Towers with Radar,149,64,13,2,228,0,0,0,0,0,149,64,13,2,228,0,0,0,228
02/26/2001,PVD,RI,ANE,EN,Towers with Radar,166,93,60,3,322,0,7,12,0,19,166,100,72,3,341,114,0,114,455
02/27/2001,PVD,RI,ANE,EN,Towers with Radar,160,104,63,9,336,0,8,30,0,38,160,112,93,9,374,54,0,54,428
02/28/2001,PVD,RI,ANE,EN,Towers with Radar,160,118,87,7,372,0,5,29,0,34,160,123,116,7,406,66,0,66,472
03/01/2001,PVD,RI,ANE,EN,Towers with Radar,149,106,63,6,324,1,4,21,0,26,150,110,84,6,350,0,0,0,350
03/02/2001,PVD,RI,ANE,EN,Towers with Radar,149,124,44,8,325,1,0,3,0,4,150,124,47,8,329,4,0,4,333
03/03/2001,PVD,RI,ANE,EN,Towers with Radar,137,71,46,1,255,1,0,8,2,11,138,71,54,3,266,46,0,46,312
03/04/2001,PVD,RI,ANE,EN,Towers with Radar,148,66,24,3,241,1,0,10,0,11,149,66,34,3,252,76,0,76,328
03/05/2001,PVD,RI,ANE,EN,Towers with Radar,81,9,1,1,92,1,0,0,2,3,82,9,1,3,95,0,0,0,95
03/06/2001,PVD,RI,ANE,EN,Towers with Radar,78,22,7,2,109,1,0,0,0,1,79,22,7,2,110,0,0,0,110
03/07/2001,PVD,RI,ANE,EN,Towers with Radar,151,114,46,6,317,1,0,8,1,10,152,114,54,7,327,12,0,12,339
03/08/2001,PVD,RI,ANE,EN,Towers with Radar,149,111,60,4,324,1,4,18,2,25,150,115,78,6,349,20,0,20,369
03/09/2001,PVD,RI,ANE,EN,Towers with Radar,159,108,49,6,322,11,23,0,10,44,170,131,49,16,366,44,0,44,410
03/10/2001,PVD,RI,ANE,EN,Towers with Radar,138,94,51,6,289,1,1,13,3,18,139,95,64,9,307,16,0,16,323
03/11/2001,PVD,RI,ANE,EN,Towers with Radar,149,83,56,3,291,0,7,51,0,58,149,90,107,3,349,24,0,24,373
03/12/2001,PVD,RI,ANE,EN,Towers with Radar,150,113,41,6,310,0,1,26,1,28,150,114,67,7,338,114,0,114,452
03/13/2001,PVD,RI,ANE,EN,Towers with Radar,155,138,32,7,332,0,0,1,0,1,155,138,33,7,333,0,0,0,333
03/14/2001,PVD,RI,ANE,EN,Towers with Radar,157,113,58,3,331,0,8,17,3,28,157,121,75,6,359,12,0,12,371
03/15/2001,PVD,RI,ANE,EN,Towers with Radar,152,112,70,15,349,0,10,40,2,52,152,122,110,17,401,58,0,58,459
03/16/2001,PVD,RI,ANE,EN,Towers with Radar,148,108,64,9,329,0,8,30,2,40,148,116,94,11,369,92,0,92,461
03/17/2001,PVD,RI,ANE,EN,Towers with Radar,132,74,59,3,268,0,1,24,0,25,132,75,83,3,293,6,0,6,299
03/18/2001,PVD,RI,ANE,EN,Towers with Radar,154,93,50,5,302,0,2,11,0,13,154,95,61,5,315,34,0,34,349
03/19/2001,PVD,RI,ANE,EN,Towers with Radar,110,72,52,5,239,0,3,33,0,36,110,75,85,5,275,34,0,34,309
03/20/2001,PVD,RI,ANE,EN,Towers with Radar,160,118,140,8,426,0,5,39,0,44,160,123,179,8,470,74,0,74,544
03/21/2001,PVD,RI,ANE,EN,Towers with Radar,160,112,82,9,363,0,0,14,0,14,160,112,96,9,377,82,0,82,459
03/22/2001,PVD,RI,ANE,EN,Towers with Radar,158,98,21,2,279,0,0,0,0,0,158,98,21,2,279,0,0,0,279
03/23/2001,PVD,RI,ANE,EN,Towers with Radar,146,98,51,6,301,4,28,0,7,39,150,126,51,13,340,0,0,0,340
03/24/2001,PVD,RI,ANE,EN,Towers with Radar,122,80,46,5,253,16,0,16,1,33,138,80,62,6,286,0,0,0,286
03/25/2001,PVD,RI,ANE,EN,Towers with Radar,150,83,80,1,314,0,11,51,0,62,150,94,131,1,376,16,0,16,392
03/26/2001,PVD,RI,ANE,EN,Towers with Radar,158,142,50,2,352,0,0,8,0,8,158,142,58,2,360,0,0,0,360
03/27/2001,PVD,RI,ANE,EN,Towers with Radar,158,104,73,5,340,0,6,29,0,35,158,110,102,5,375,2,0,2,377
03/28/2001,PVD,RI,ANE,EN,Towers with Radar,150,120,71,8,349,0,0,64,1,65,150,120,135,9,414,62,0,62,476
03/29/2001,PVD,RI,ANE,EN,Towers with Radar,159,117,71,11,358,0,9,28,1,38,159,126,99,12,396,74,0,74,470
03/30/2001,PVD,RI,ANE,EN,Towers with Radar,158,113,37,6,314,0,0,0,0,0,158,113,37,6,314,0,0,0,314
03/31/2001,PVD,RI,ANE,EN,Towers with Radar,143,82,77,6,308,0,1,10,0,11,143,83,87,6,319,40,0,40,359
04/01/2001,PVD,RI,ANE,EN,Towers with Radar,152,88,44,1,285,0,0,11,0,11,152,88,55,1,296,114,0,114,410
04/02/2001,PVD,RI,ANE,EN,Towers with Radar,154,108,57,4,323,0,4,14,1,19,154,112,71,5,342,10,0,10,352
04/03/2001,PVD,RI,ANE,EN,Towers with Radar,153,106,76,4,339,0,6,26,0,32,153,112,102,4,371,50,0,50,421
04/04/2001,PVD,RI,ANE,EN,Towers with Radar,160,115,86,7,368,0,1,22,0,23,160,116,108,7,391,36,0,36,427
04/05/2001,PVD,RI,ANE,EN,Towers with Radar,162,130,97,13,402,0,3,31,1,35,162,133,128,14,437,76,0,76,513
04/06/2001,PVD,RI,ANE,EN,Towers with Radar,155,130,74,11,370,0,5,22,0,27,155,135,96,11,397,10,0,10,407
04/07/2001,PVD,RI,ANE,EN,Towers with Radar,140,91,62,3,296,0,2,19,0,21,140,93,81,3,317,48,0,48,365
04/08/2001,PVD,RI,ANE,EN,Towers with Radar,115,79,39,4,237,36,10,0,0,46,151,89,39,4,283,6,0,6,289
04/09/2001,PVD,RI,ANE,EN,Towers with Radar,143,121,68,3,335,0,3,26,0,29,143,124,94,3,364,38,0,38,402
04/10/2001,PVD,RI,ANE,EN,Towers with Radar,164,127,87,8,386,0,3,25,0,28,164,130,112,8,414,96,0,96,510
04/11/2001,PVD,RI,ANE,EN,Towers with Radar,162,121,115,6,404,0,6,29,0,35,162,127,144,6,439,102,0,102,541
04/12/2001,PVD,RI,ANE,EN,Towers with Radar,160,144,37,6,347,0,0,1,0,1,160,144,38,6,348,2,0,2,350
04/13/2001,PVD,RI,ANE,EN,Towers with Radar,167,131,75,7,380,0,2,18,2,22,167,133,93,9,402,0,0,0,402
04/14/2001,PVD,RI,ANE,EN,Towers with Radar,141,76,71,5,293,0,8,32,0,40,141,84,103,5,333,24,0,24,357
04/15/2001,PVD,RI,ANE,EN,Towers with Radar,149,73,47,1,270,0,6,42,0,48,149,79,89,1,318,4,0,4,322
04/16/2001,PVD,RI,ANE,EN,Towers with Radar,158,101,62,7,328,0,7,21,0,28,158,108,83,7,356,48,0,48,404
04/17/2001,PVD,RI,ANE,EN,Towers with Radar,166,119,37,3,325,0,0,12,0,12,166,119,49,3,337,4,0,4,341
04/18/2001,PVD,RI,ANE,EN,Towers with Radar,168,115,41,8,332,0,0,11,1,12,168,115,52,9,344,0,0,0,344
04/19/2001,PVD,RI,ANE,EN,Towers with Radar,161,120,92,11,384,0,11,43,1,55,161,131,135,12,439,20,0,20,459
04/20/2001,PVD,RI,ANE,EN,Towers with Radar,151,104,69,5,329,17,22,44,1,84,168,126,113,6,413,66,0,66,479
04/21/2001,PVD,RI,ANE,EN,Towers with Radar,141,86,73,3,303,0,0,12,0,12,141,86,85,3,315,48,0,48,363
04/22/2001,PVD,RI,ANE,EN,Towers with Radar,160,82,81,2,325,0,9,37,0,46,160,91,118,2,371,14,0,14,385
04/23/2001,PVD,RI,ANE,EN,Towers with Radar,159,105,75,4,343,0,2,24,0,26,159,107,99,4,369,104,0,104,473
04/24/2001,PVD,RI,ANE,EN,Towers with Radar,153,105,70,5,333,13,10,1,3,27,166,115,71,8,360,148,0,148,508
04/25/2001,PVD,RI,ANE,EN,Towers with Radar,168,133,97,7,405,0,3,39,0,42,168,136,136,7,447,84,0,84,531
04/26/2001,PVD,RI,ANE,EN,Towers with Radar,158,118,106,11,393,0,6,29,0,35,158,124,135,11,428,45,0,45,473
04/27/2001,PVD,RI,ANE,EN,Towers with Radar,169,127,85,6,387,0,19,22,2,43,169,146,107,8,430,28,0,28,458
04/28/2001,PVD,RI,ANE,EN,Towers with Radar,140,77,70,4,291,0,7,36,0,43,140,84,106,4,334,0,0,0,334
04/29/2001,PVD,RI,ANE,EN,Towers with Radar,160,97,112,5,374,0,10,52,0,62,160,107,164,5,436,64,0,64,500
04/30/2001,PVD,RI,ANE,EN,Towers with Radar,160,115,84,1,360,0,9,34,0,43,160,124,118,1,403,140,0,140,543
05/01/2001,PVD,RI,ANE,EN,Towers with Radar,171,128,77,7,383,1,7,34,0,42,172,135,111,7,425,132,0,132,557
05/02/2001,PVD,RI,ANE,EN,Towers with Radar,169,133,117,4,423,1,5,41,0,47,170,138,158,4,470,118,0,118,588
05/03/2001,PVD,RI,ANE,EN,Towers with Radar,167,136,57,12,372,1,9,33,2,45,168,145,90,14,417,14,0,14,431
05/04/2001,PVD,RI,ANE,EN,Towers with Radar,166,129,77,8,380,1,15,29,0,45,167,144,106,8,425,28,0,28,453
05/05/2001,PVD,RI,ANE,EN,Towers with Radar,139,76,71,9,295,1,3,21,0,25,140,79,92,9,320,20,0,20,340
05/06/2001,PVD,RI,ANE,EN,Towers with Radar,158,89,69,6,322,1,5,36,0,42,159,94,105,6,364,46,0,46,410
05/07/2001,PVD,RI,ANE,EN,Towers with Radar,159,120,76,5,360,1,4,31,0,36,160,124,107,5,396,10,0,10,406
05/08/2001,PVD,RI,ANE,EN,Towers with Radar,163,117,99,8,387,1,4,33,0,38,164,121,132,8,425,16,0,16,441
05/09/2001,PVD,RI,ANE,EN,Towers with Radar,167,120,76,12,375,1,1,23,0,25,168,121,99,12,400,24,0,24,424
05/10/2001,PVD,RI,ANE,EN,Towers with Radar,167,132,104,4,407,1,6,39,0,46,168,138,143,4,453,8,0,8,461
05/11/2001,PVD,RI,ANE,EN,Towers with Radar,163,126,62,17,368,1,19,39,3,62,164,145,101,20,430,0,0,0,430
05/12/2001,PVD,RI,ANE,EN,Towers with Radar,146,79,52,5,282,1,11,33,0,45,147,90,85,5,327,14,0,14,341
05/13/2001,PVD,RI,ANE,EN,Towers with Radar,157,92,72,5,326,0,7,15,0,22,157,99,87,5,348,30,0,30,378
05/14/2001,PVD,RI,ANE,EN,Towers with Radar,166,131,59,12,368,0,4,24,0,28,166,135,83,12,396,52,0,52,448
05/15/2001,PVD,RI,ANE,EN,Towers with Radar,164,129,56,11,360,0,5,17,0,22,164,134,73,11,382,2,0,2,384
05/16/2001,PVD,RI,ANE,EN,Towers with Radar,172,147,93,9,421,0,1,3,0,4,172,148,96,9,425,0,0,0,425
05/17/2001,PVD,RI,ANE,EN,Towers with Radar,166,136,76,7,385,0,7,21,3,31,166,143,97,10,416,58,0,58,474
05/18/2001,PVD,RI,ANE,EN,Towers with Radar,166,140,74,9,389,0,12,21,0,33,166,152,95,9,422,4,0,4,426
05/19/2001,PVD,RI,ANE,EN,Towers with Radar,137,91,61,9,298,0,9,20,1,30,137,100,81,10,328,10,0,10,338
05/20/2001,PVD,RI,ANE,EN,Towers with Radar,159,129,82,5,375,0,0,35,0,35,159,129,117,5,410,0,0,0,410
05/21/2001,PVD,RI,ANE,EN,Towers with Radar,164,140,81,10,395,0,1,9,1,11,164,141,90,11,406,0,0,0,406
05/22/2001,PVD,RI,ANE,EN,Towers with Radar,166,128,60,0,354,0,0,0,0,0,166,128,60,0,354,0,0,0,354
05/23/2001,PVD,RI,ANE,EN,Towers with Radar,170,134,92,4,400,0,1,1,1,3,170,135,93,5,403,0,0,0,403
05/24/2001,PVD,RI,ANE,EN,Towers with Radar,161,194,83,9,447,0,0,4,1,5,161,194,87,10,452,0,0,0,452
05/25/2001,PVD,RI,ANE,EN,Towers with Radar,164,167,102,7,440,0,2,21,0,23,164,169,123,7,463,58,0,58,521
05/26/2001,PVD,RI,ANE,EN,Towers with Radar,138,98,72,8,316,0,5,9,0,14,138,103,81,8,330,70,0,70,400
05/27/2001,PVD,RI,ANE,EN,Towers with Radar,147,95,29,4,275,0,0,26,4,30,147,95,55,8,305,0,0,0,305
05/28/2001,PVD,RI,ANE,EN,Towers with Radar,152,146,102,7,407,0,8,1,1,10,152,154,103,8,417,12,0,12,429
05/29/2001,PVD,RI,ANE,EN,Towers with Radar,166,122,79,7,374,0,11,35,0,46,166,133,114,7,420,22,0,22,442
05/30/2001,PVD,RI,ANE,EN,Towers with Radar,170,124,68,13,375,0,8,38,0,46,170,132,106,13,421,0,0,0,421
05/31/2001,PVD,RI,ANE,EN,Towers with Radar,155,120,98,4,377,0,12,37,1,50,155,132,135,5,427,40,0,40,467
06/01/2001,PVD,RI,ANE,EN,Towers with Radar,164,142,99,9,414,1,17,31,0,49,165,159,130,9,463,4,0,4,467
06/02/2001,PVD,RI,ANE,EN,Towers with Radar,147,95,35,4,281,1,0,1,0,2,148,95,36,4,283,0,0,0,283
06/03/2001,PVD,RI,ANE,EN,Towers with Radar,162,135,62,5,364,1,3,9,0,13,163,138,71,5,377,36,0,36,413
06/04/2001,PVD,RI,ANE,EN,Towers with Radar,161,123,92,6,382,1,9,39,3,52,162,132,131,9,434,22,0,22,456
06/05/2001,PVD,RI,ANE,EN,Towers with Radar,167,128,77,12,384,1,14,53,3,71,168,142,130,15,455,4,0,4,459
06/06/2001,PVD,RI,ANE,EN,Towers with Radar,152,131,86,7,376,16,9,42,3,70,168,140,128,10,446,30,0,30,476
06/07/2001,PVD,RI,ANE,EN,Towers with Radar,168,132,91,10,401,1,5,35,0,41,169,137,126,10,442,30,0,30,472
06/08/2001,PVD,RI,ANE,EN,Towers with Radar,165,150,85,12,412,1,17,42,0,60,166,167,127,12,472,6,0,6,478
06/09/2001,PVD,RI,ANE,EN,Towers with Radar,147,106,107,6,366,1,6,32,0,39,148,112,139,6,405,12,0,12,417
06/10/2001,PVD,RI,ANE,EN,Towers with Radar,164,114,130,5,413,1,18,45,0,64,165,132,175,5,477,16,0,16,493
06/11/2001,PVD,RI,ANE,EN,Towers with Radar,156,140,84,6,386,1,15,20,0,36,157,155,104,6,422,0,0,0,422
06/12/2001,PVD,RI,ANE,EN,Towers with Radar,177,170,86,5,438,1,2,7,0,10,178,172,93,5,448,8,0,8,456
06/13/2001,PVD,RI,ANE,EN,Towers with Radar,159,140,105,15,419,1,17,25,4,47,160,157,130,19,466,12,0,12,478
06/14/2001,PVD,RI,ANE,EN,Towers with Radar,153,144,84,9,390,1,1,14,0,16,154,145,98,9,406,6,0,6,412
06/15/2001,PVD,RI,ANE,EN,Towers with Radar,156,157,91,16,420,1,3,24,0,28,157,160,115,16,448,0,0,0,448
06/16/2001,PVD,RI,ANE,EN,Towers with Radar,162,119,68,4,353,0,1,22,0,23,162,120,90,4,376,18,0,18,394
06/17/2001,PVD,RI,ANE,EN,Towers with Radar,165,90,49,6,310,0,1,1,0,2,165,91,50,6,312,0,0,0,312
06/18/2001,PVD,RI,ANE,EN,Towers with Radar,170,155,121,12,458,0,35,52,2,89,170,190,173,14,547,46,0,46,593
06/19/2001,PVD,RI,ANE,EN,Towers with Radar,166,137,100,7,410,0,23,50,1,74,166,160,150,8,484,8,0,8,492
06/20/2001,PVD,RI,ANE,EN,Towers with Radar,162,147,90,10,409,0,22,34,1,57,162,169,124,11,466,2,0,2,468
06/21/2001,PVD,RI,ANE,EN,Towers with Radar,154,166,85,15,420,0,1,14,2,17,154,167,99,17,437,50,0,50,487
06/22/2001,PVD,RI,ANE,EN,Towers with Radar,149,157,87,6,399,0,13,17,1,31,149,170,104,7,430,32,0,32,462
06/23/2001,PVD,RI,ANE,EN,Towers with Radar,163,115,58,1,337,0,0,3,1,4,163,115,61,2,341,10,0,10,351
06/24/2001,PVD,RI,ANE,EN,Towers with Radar,161,160,89,1,411,0,0,0,0,0,161,160,89,1,411,0,0,0,411
06/25/2001,PVD,RI,ANE,EN,Towers with Radar,160,152,106,2,420,0,19,36,0,55,160,171,142,2,475,12,0,12,487
06/26/2001,PVD,RI,ANE,EN,Towers with Radar,168,138,98,9,413,0,12,45,0,57,168,150,143,9,470,0,0,0,470
06/27/2001,PVD,RI,ANE,EN,Towers with Radar,167,139,114,7,427,0,26,55,0,81,167,165,169,7,508,38,0,38,546
06/28/2001,PVD,RI,ANE,EN,Towers with Radar,160,156,134,8,458,0,22,49,0,71,160,178,183,8,529,16,0,16,545
06/29/2001,PVD,RI,ANE,EN,Towers with Radar,165,162,129,8,464,0,10,47,1,58,165,172,176,9,522,64,0,64,586
06/30/2001,PVD,RI,ANE,EN,Towers with Radar,165,152,114,9,440,0,1,15,0,16,165,153,129,9,456,62,0,62,518
07/01/2001,PVD,RI,ANE,EN,Towers with Radar,145,115,77,4,341,1,5,8,0,14,146,120,85,4,355,0,0,0,355
07/02/2001,PVD,RI,ANE,EN,Towers with Radar,167,124,99,6,396,1,26,54,0,81,168,150,153,6,477,20,0,20,497
07/03/2001,PVD,RI,ANE,EN,Towers with Radar,154,142,101,7,404,6,13,81,0,100,160,155,182,7,504,26,0,26,530
07/04/2001,PVD,RI,ANE,EN,Towers with Radar,149,108,67,10,334,1,2,13,2,18,150,110,80,12,352,0,0,0,352
07/05/2001,PVD,RI,ANE,EN,Towers with Radar,157,161,96,10,424,1,3,20,0,24,158,164,116,10,448,18,0,18,466
07/06/2001,PVD,RI,ANE,EN,Towers with Radar,166,146,104,7,423,0,17,46,0,63,166,163,150,7,486,0,0,0,486
07/07/2001,PVD,RI,ANE,EN,Towers with Radar,157,115,140,5,417,0,23,48,0,71,157,138,188,5,488,60,0,60,548
07/08/2001,PVD,RI,ANE,EN,Towers with Radar,161,136,136,1,434,0,7,14,0,21,161,143,150,1,455,2,0,2,457
07/09/2001,PVD,RI,ANE,EN,Towers with Radar,170,198,107,10,485,0,6,33,0,39,170,204,140,10,524,24,0,24,548
07/10/2001,PVD,RI,ANE,EN,Towers with Radar,155,162,87,5,409,0,14,32,0,46,155,176,119,5,455,30,0,30,485
07/11/2001,PVD,RI,ANE,EN,Towers with Radar,176,158,97,8,439,0,6,23,0,29,176,164,120,8,468,16,0,16,484
07/12/2001,PVD,RI,ANE,EN,Towers with Radar,166,151,111,13,441,0,22,40,0,62,166,173,151,13,503,26,0,26,529
07/13/2001,PVD,RI,ANE,EN,Towers with Radar,164,159,126,7,456,0,25,62,1,88,164,184,188,8,544,4,0,4,548
07/14/2001,PVD,RI,ANE,EN,Towers with Radar,156,115,131,12,414,0,21,50,0,71,156,136,181,12,485,89,0,89,574
07/15/2001,PVD,RI,ANE,EN,Towers with Radar,162,120,151,9,442,0,3,29,0,32,162,123,180,9,474,4,0,4,478
07/16/2001,PVD,RI,ANE,EN,Towers with Radar,162,154,111,8,435,0,10,29,0,39,162,164,140,8,474,6,0,6,480
07/17/2001,PVD,RI,ANE,EN,Towers with Radar,176,175,69,11,431,0,1,5,0,6,176,176,74,11,437,0,0,0,437
07/18/2001,PVD,RI,ANE,EN,Towers with Radar,174,198,105,15,492,0,0,10,0,10,174,198,115,15,502,30,0,30,532
07/19/2001,PVD,RI,ANE,EN,Towers with Radar,164,157,114,8,443,0,14,8,0,22,164,171,122,8,465,48,0,48,513
07/20/2001,PVD,RI,ANE,EN,Towers with Radar,169,168,117,12,466,0,15,41,0,56,169,183,158,12,522,2,0,2,524
07/21/2001,PVD,RI,ANE,EN,Towers with Radar,157,114,125,7,403,0,14,58,0,72,157,128,183,7,475,16,0,16,491
07/22/2001,PVD,RI,ANE,EN,Towers with Radar,162,124,115,10,411,0,18,53,0,71,162,142,168,10,482,44,0,44,526
07/23/2001,PVD,RI,ANE,EN,Towers with Radar,160,167,124,2,453,0,15,46,0,61,160,182,170,2,514,16,0,16,530
07/24/2001,PVD,RI,ANE,EN,Towers with Radar,172,168,90,7,437,0,1,23,0,24,172,169,113,7,461,32,0,32,493
07/25/2001,PVD,RI,ANE,EN,Towers with Radar,170,154,70,10,404,0,14,38,0,52,170,168,108,10,456,0,0,0,456
07/26/2001,PVD,RI,ANE,EN,Towers with Radar,160,185,97,17,459,0,1,4,0,5,160,186,101,17,464,6,0,6,470
07/27/2001,PVD,RI,ANE,EN,Towers with Radar,173,162,115,8,458,0,4,37,0,41,173,166,152,8,499,108,0,108,607
07/28/2001,PVD,RI,ANE,EN,Towers with Radar,156,114,118,7,395,0,6,38,0,44,156,120,156,7,439,12,0,12,451
07/29/2001,PVD,RI,ANE,EN,Towers with Radar,157,142,110,5,414,0,14,30,1,45,157,156,140,6,459,0,0,0,459
07/30/2001,PVD,RI,ANE,EN,Towers with Radar,164,153,96,4,417,0,10,44,3,57,164,163,140,7,474,16,0,16,490
07/31/2001,PVD,RI,ANE,EN,Towers with Radar,166,130,84,5,385,0,9,51,4,64,166,139,135,9,449,16,0,16,465
08/01/2001,PVD,RI,ANE,EN,Towers with Radar,164,142,87,10,403,2,17,41,1,61,166,159,128,11,464,8,0,8,472
08/02/2001,PVD,RI,ANE,EN,Towers with Radar,164,137,95,7,403,2,25,48,0,75,166,162,143,7,478,0,0,0,478
08/03/2001,PVD,RI,ANE,EN,Towers with Radar,162,159,110,9,440,2,24,33,1,60,164,183,143,10,500,8,0,8,508
08/04/2001,PVD,RI,ANE,EN,Towers with Radar,156,131,62,3,352,2,1,5,1,9,158,132,67,4,361,6,0,6,367
08/05/2001,PVD,RI,ANE,EN,Towers with Radar,153,174,128,7,462,2,2,7,0,11,155,176,135,7,473,0,0,0,473
08/06/2001,PVD,RI,ANE,EN,Towers with Radar,162,181,120,8,471,2,3,29,0,34,164,184,149,8,505,4,0,4,509
08/07/2001,PVD,RI,ANE,EN,Towers with Radar,160,144,104,10,418,2,4,27,0,33,162,148,131,10,451,22,0,22,473
08/08/2001,PVD,RI,ANE,EN,Towers with Radar,162,140,105,8,415,2,12,38,2,54,164,152,143,10,469,0,0,0,469
08/09/2001,PVD,RI,ANE,EN,Towers with Radar,158,164,85,9,416,2,19,34,1,56,160,183,119,10,472,0,0,0,472
08/10/2001,PVD,RI,ANE,EN,Towers with Radar,151,165,122,20,458,2,1,10,0,13,153,166,132,20,471,4,0,4,475
08/11/2001,PVD,RI,ANE,EN,Towers with Radar,145,126,112,6,389,2,10,21,2,35,147,136,133,8,424,10,0,10,434
08/12/2001,PVD,RI,ANE,EN,Towers with Radar,158,164,62,10,394,2,1,0,0,3,160,165,62,10,397,0,0,0,397
08/13/2001,PVD,RI,ANE,EN,Towers with Radar,162,188,83,18,451,2,2,2,0,6,164,190,85,18,457,2,0,2,459
08/14/2001,PVD,RI,ANE,EN,Towers with Radar,169,170,97,7,443,1,3,25,0,29,170,173,122,7,472,4,0,4,476
08/15/2001,PVD,RI,ANE,EN,Towers with Radar,165,152,131,9,457,1,11,47,1,60,166,163,178,10,517,22,0,22,539
08/16/2001,PVD,RI,ANE,EN,Towers with Radar,163,146,122,9,440,1,8,53,0,62,164,154,175,9,502,18,0,18,520
08/17/2001,PVD,RI,ANE,EN,Towers with Radar,158,179,112,10,459,1,10,21,1,33,159,189,133,11,492,6,0,6,498
08/18/2001,PVD,RI,ANE,EN,Towers with Radar,154,119,128,2,403,1,19,55,0,75,155,138,183,2,478,42,0,42,520
08/19/2001,PVD,RI,ANE,EN,Towers with Radar,154,165,134,9,462,0,0,49,0,49,154,165,183,9,511,72,0,72,583
08/20/2001,PVD,RI,ANE,EN,Towers with Radar,162,170,80,10,422,1,2,5,0,8,163,172,85,10,430,0,0,0,430
08/21/2001,PVD,RI,ANE,EN,Towers with Radar,173,178,98,8,457,1,2,18,0,21,174,180,116,8,478,0,0,0,478
08/22/2001,PVD,RI,ANE,EN,Towers with Radar,165,154,148,7,474,1,24,62,1,88,166,178,210,8,562,20,0,20,582
08/23/2001,PVD,RI,ANE,EN,Towers with Radar,161,154,94,0,409,1,18,44,0,63,162,172,138,0,472,2,0,2,474
08/24/2001,PVD,RI,ANE,EN,Towers with Radar,164,161,112,7,444,1,3,25,1,30,165,164,137,8,474,14,0,14,488
08/25/2001,PVD,RI,ANE,EN,Towers with Radar,149,110,134,1,394,1,10,38,0,49,150,120,172,1,443,0,0,0,443
08/26/2001,PVD,RI,ANE,EN,Towers with Radar,158,112,132,5,407,1,5,39,2,47,159,117,171,7,454,6,0,6,460
08/27/2001,PVD,RI,ANE,EN,Towers with Radar,157,145,101,5,408,1,7,13,0,21,158,152,114,5,429,0,0,0,429
08/28/2001,PVD,RI,ANE,EN,Towers with Radar,161,161,84,8,414,1,7,22,0,30,162,168,106,8,444,4,0,4,448
08/29/2001,PVD,RI,ANE,EN,Towers with Radar,167,163,116,11,457,1,21,64,2,88,168,184,180,13,545,20,0,20,565
08/30/2001,PVD,RI,ANE,EN,Towers with Radar,149,167,120,10,446,1,13,36,2,52,150,180,156,12,498,20,0,20,518
08/31/2001,PVD,RI,ANE,EN,Towers with Radar,161,191,142,12,506,1,8,16,0,25,162,199,158,12,531,8,0,8,539
09/01/2001,PVD,RI,ANE,EN,Towers with Radar,134,138,79,5,356,15,6,6,0,27,149,144,85,5,383,8,0,8,391
09/02/2001,PVD,RI,ANE,EN,Towers with Radar,146,104,106,5,361,0,12,30,0,42,146,116,136,5,403,0,0,0,403
09/03/2001,PVD,RI,ANE,EN,Towers with Radar,146,127,153,3,429,0,13,34,0,47,146,140,187,3,476,6,0,6,482
09/04/2001,PVD,RI,ANE,EN,Towers with Radar,160,152,78,5,395,0,14,20,3,37,160,166,98,8,432,74,0,74,506
09/05/2001,PVD,RI,ANE,EN,Towers with Radar,168,145,70,5,388,0,16,36,0,52,168,161,106,5,440,24,0,24,464
09/06/2001,PVD,RI,ANE,EN,Towers with Radar,156,153,98,5,412,0,5,31,2,38,156,158,129,7,450,64,0,64,514
09/07/2001,PVD,RI,ANE,EN,Towers with Radar,150,143,88,12,393,0,17,38,2,57,150,160,126,14,450,0,0,0,450
09/08/2001,PVD,RI,ANE,EN,Towers with Radar,142,148,87,6,383,0,0,96,0,96,142,148,183,6,479,38,0,38,517
09/09/2001,PVD,RI,ANE,EN,Towers with Radar,153,146,90,6,395,1,0,72,0,73,154,146,162,6,468,52,0,52,520
09/10/2001,PVD,RI,ANE,EN,Towers with Radar,156,136,58,11,361,0,7,15,1,23,156,143,73,12,384,2,0,2,386
09/11/2001,PVD,RI,ANE,EN,Towers with Radar,33,46,21,15,115,0,5,0,0,5,33,51,21,15,120,0,0,0,120
09/12/2001,PVD,RI,ANE,EN,Towers with Radar,0,9,5,1,15,0,9,0,13,22,0,18,5,14,37,0,0,0,37
09/13/2001,PVD,RI,ANE,EN,Towers with Radar,12,38,6,6,62,0,2,0,0,2,12,40,6,6,64,0,0,0,64
09/14/2001,PVD,RI,ANE,EN,Towers with Radar,88,161,14,6,269,0,2,0,0,2,88,163,14,6,271,0,0,0,271
09/15/2001,PVD,RI,ANE,EN,Towers with Radar,98,134,75,10,317,0,4,0,0,4,98,138,75,10,321,0,0,0,321
09/16/2001,PVD,RI,ANE,EN,Towers with Radar,112,161,66,6,345,0,5,0,0,5,112,166,66,6,350,0,0,0,350
09/17/2001,PVD,RI,ANE,EN,Towers with Radar,134,171,83,6,394,0,7,0,0,7,134,178,83,6,401,0,0,0,401
09/18/2001,PVD,RI,ANE,EN,Towers with Radar,136,148,111,6,401,0,2,0,0,2,136,150,111,6,403,0,0,0,403
09/19/2001,PVD,RI,ANE,EN,Towers with Radar,136,166,95,11,408,0,2,0,0,2,136,168,95,11,410,0,0,0,410
09/20/2001,PVD,RI,ANE,EN,Towers with Radar,138,136,63,9,346,0,2,0,0,2,138,138,63,9,348,0,0,0,348
09/21/2001,PVD,RI,ANE,EN,Towers with Radar,134,164,54,15,367,0,1,0,0,1,134,165,54,15,368,0,0,0,368
09/22/2001,PVD,RI,ANE,EN,Towers with Radar,120,113,100,3,336,0,2,3,0,5,120,115,103,3,341,14,0,14,355
09/23/2001,PVD,RI,ANE,EN,Towers with Radar,128,166,112,4,410,0,1,15,0,16,128,167,127,4,426,20,0,20,446
09/24/2001,PVD,RI,ANE,EN,Towers with Radar,140,133,70,3,346,0,1,0,0,1,140,134,70,3,347,0,0,0,347
09/25/2001,PVD,RI,ANE,EN,Towers with Radar,140,141,46,5,332,0,1,0,0,1,140,142,46,5,333,0,0,0,333
09/26/2001,PVD,RI,ANE,EN,Towers with Radar,137,131,85,13,366,0,3,24,1,28,137,134,109,14,394,14,0,14,408
09/27/2001,PVD,RI,ANE,EN,Towers with Radar,127,132,76,7,342,18,20,13,6,57,145,152,89,13,399,28,0,28,427
09/28/2001,PVD,RI,ANE,EN,Towers with Radar,137,139,79,12,367,0,3,10,0,13,137,142,89,12,380,0,0,0,380
09/29/2001,PVD,RI,ANE,EN,Towers with Radar,125,117,60,6,308,0,5,1,0,6,125,122,61,6,314,0,0,0,314
09/30/2001,PVD,RI,ANE,EN,Towers with Radar,136,134,54,4,328,0,1,6,0,7,136,135,60,4,335,14,0,14,349
10/01/2001,PVD,RI,ANE,EN,Towers with Radar,132,139,46,5,322,0,1,1,0,2,132,140,47,5,324,0,0,0,324
10/02/2001,PVD,RI,ANE,EN,Towers with Radar,140,134,83,7,364,0,12,31,1,44,140,146,114,8,408,10,0,10,418
10/03/2001,PVD,RI,ANE,EN,Towers with Radar,138,141,94,12,385,0,13,36,0,49,138,154,130,12,434,2,0,2,436
10/04/2001,PVD,RI,ANE,EN,Towers with Radar,130,139,78,6,353,0,7,25,0,32,130,146,103,6,385,34,0,34,419
10/05/2001,PVD,RI,ANE,EN,Towers with Radar,136,178,90,5,409,0,27,21,0,48,136,205,111,5,457,50,0,50,507
10/06/2001,PVD,RI,ANE,EN,Towers with Radar,126,127,29,7,289,0,4,1,0,5,126,131,30,7,294,4,0,4,298
10/07/2001,PVD,RI,ANE,EN,Towers with Radar,120,110,68,2,300,16,4,1,0,21,136,114,69,2,321,0,0,0,321
10/08/2001,PVD,RI,ANE,EN,Towers with Radar,138,147,85,7,377,0,18,21,0,39,138,165,106,7,416,6,0,6,422
10/09/2001,PVD,RI,ANE,EN,Towers with Radar,144,124,68,4,340,0,15,25,0,40,144,139,93,4,380,54,0,54,434
10/10/2001,PVD,RI,ANE,EN,Towers with Radar,140,127,94,6,367,0,20,15,0,35,140,147,109,6,402,0,0,0,402
10/11/2001,PVD,RI,ANE,EN,Towers with Radar,142,154,125,14,435,0,14,28,0,42,142,168,153,14,477,14,0,14,491
10/12/2001,PVD,RI,ANE,EN,Towers with Radar,143,152,90,8,393,0,5,23,1,29,143,157,113,9,422,4,0,4,426
10/13/2001,PVD,RI,ANE,EN,Towers with Radar,120,111,57,6,294,10,7,0,1,18,130,118,57,7,312,10,0,10,322
10/14/2001,PVD,RI,ANE,EN,Towers with Radar,147,148,77,4,376,0,0,1,0,1,147,148,78,4,377,0,0,0,377
10/15/2001,PVD,RI,ANE,EN,Towers with Radar,138,122,86,9,355,0,8,12,0,20,138,130,98,9,375,0,0,0,375
10/16/2001,PVD,RI,ANE,EN,Towers with Radar,144,140,87,7,378,0,10,18,0,28,144,150,105,7,406,0,0,0,406
10/17/2001,PVD,RI,ANE,EN,Towers with Radar,146,140,53,7,346,0,5,8,0,13,146,145,61,7,359,2,0,2,361
10/18/2001,PVD,RI,ANE,EN,Towers with Radar,139,132,100,7,378,0,18,23,2,43,139,150,123,9,421,10,0,10,431
10/19/2001,PVD,RI,ANE,EN,Towers with Radar,139,129,110,11,389,0,15,32,0,47,139,144,142,11,436,30,0,30,466
10/20/2001,PVD,RI,ANE,EN,Towers with Radar,130,93,90,9,322,0,13,30,2,45,130,106,120,11,367,38,0,38,405
10/21/2001,PVD,RI,ANE,EN,Towers with Radar,131,101,79,9,320,0,20,51,1,72,131,121,130,10,392,18,0,18,410
10/22/2001,PVD,RI,ANE,EN,Towers with Radar,134,118,82,13,347,0,9,23,0,32,134,127,105,13,379,36,0,36,415
10/23/2001,PVD,RI,ANE,EN,Towers with Radar,145,124,63,5,337,0,9,22,1,32,145,133,85,6,369,34,0,34,403
10/24/2001,PVD,RI,ANE,EN,Towers with Radar,144,146,61,3,354,0,2,10,0,12,144,148,71,3,366,52,0,52,418
10/25/2001,PVD,RI,ANE,EN,Towers with Radar,139,143,74,5,361,0,0,5,0,5,139,143,79,5,366,8,0,8,374
10/26/2001,PVD,RI,ANE,EN,Towers with Radar,142,113,92,2,349,0,17,20,1,38,142,130,112,3,387,6,0,6,393
10/27/2001,PVD,RI,ANE,EN,Towers with Radar,131,77,73,8,289,0,14,27,2,43,131,91,100,10,332,60,0,60,392
10/28/2001,PVD,RI,ANE,EN,Towers with Radar,134,101,97,3,335,0,11,26,0,37,134,112,123,3,372,20,0,20,392
10/29/2001,PVD,RI,ANE,EN,Towers with Radar,140,103,83,6,332,0,17,22,0,39,140,120,105,6,371,22,0,22,393
10/30/2001,PVD,RI,ANE,EN,Towers with Radar,144,132,60,12,348,0,9,21,1,31,144,141,81,13,379,26,0,26,405
10/31/2001,PVD,RI,ANE,EN,Towers with Radar,144,140,68,16,368,0,6,18,0,24,144,146,86,16,392,10,0,10,402
11/01/2001,PVD,RI,ANE,EN,Towers with Radar,147,126,97,19,389,1,14,28,1,44,148,140,125,20,433,8,0,8,441
11/02/2001,PVD,RI,ANE,EN,Towers with Radar,142,120,59,9,330,1,8,10,1,20,143,128,69,10,350,0,0,0,350
11/03/2001,PVD,RI,ANE,EN,Towers with Radar,129,109,95,20,353,1,1,4,0,6,130,110,99,20,359,20,0,20,379
11/04/2001,PVD,RI,ANE,EN,Towers with Radar,143,78,116,11,348,1,14,32,0,47,144,92,148,11,395,80,0,80,475
11/05/2001,PVD,RI,ANE,EN,Towers with Radar,143,106,52,16,317,1,10,7,1,19,144,116,59,17,336,0,0,0,336
11/06/2001,PVD,RI,ANE,EN,Towers with Radar,147,116,52,8,323,1,16,10,1,28,148,132,62,9,351,2,0,2,353
11/07/2001,PVD,RI,ANE,EN,Towers with Radar,151,112,75,5,343,1,18,14,0,33,152,130,89,5,376,10,0,10,386
11/08/2001,PVD,RI,ANE,EN,Towers with Radar,147,106,115,6,374,1,18,39,2,60,148,124,154,8,434,18,0,18,452
11/09/2001,PVD,RI,ANE,EN,Towers with Radar,150,118,51,10,329,1,13,21,0,35,151,131,72,10,364,0,0,0,364
11/10/2001,PVD,RI,ANE,EN,Towers with Radar,129,78,106,4,317,1,14,33,0,48,130,92,139,4,365,88,0,88,453
11/11/2001,PVD,RI,ANE,EN,Towers with Radar,138,82,47,5,272,1,11,13,0,25,139,93,60,5,297,0,0,0,297
11/12/2001,PVD,RI,ANE,EN,Towers with Radar,145,93,95,3,336,1,14,20,0,35,146,107,115,3,371,46,0,46,417
11/13/2001,PVD,RI,ANE,EN,Towers with Radar,151,97,71,3,322,1,15,30,0,46,152,112,101,3,368,38,0,38,406
11/14/2001,PVD,RI,ANE,EN,Towers with Radar,150,125,89,5,369,0,7,19,0,26,150,132,108,5,395,24,0,24,419
11/15/2001,PVD,RI,ANE,EN,Towers with Radar,145,111,94,8,358,0,12,17,1,30,145,123,111,9,388,48,0,48,436
11/16/2001,PVD,RI,ANE,EN,Towers with Radar,147,119,99,5,370,0,19,22,0,41,147,138,121,5,411,44,0,44,455
11/17/2001,PVD,RI,ANE,EN,Towers with Radar,127,87,87,4,305,0,12,18,0,30,127,99,105,4,335,50,0,50,385
11/18/2001,PVD,RI,ANE,EN,Towers with Radar,140,80,107,4,331,0,17,44,0,61,140,97,151,4,392,38,0,38,430
11/19/2001,PVD,RI,ANE,EN,Towers with Radar,146,100,70,5,321,0,16,16,0,32,146,116,86,5,353,42,0,42,395
11/20/2001,PVD,RI,ANE,EN,Towers with Radar,152,119,60,6,337,0,15,5,0,20,152,134,65,6,357,28,0,28,385
11/21/2001,PVD,RI,ANE,EN,Towers with Radar,152,127,89,3,371,0,43,39,1,83,152,170,128,4,454,32,0,32,486
11/22/2001,PVD,RI,ANE,EN,Towers with Radar,57,31,31,4,123,0,16,8,0,24,57,47,39,4,147,2,0,2,149
11/23/2001,PVD,RI,ANE,EN,Towers with Radar,131,66,104,3,304,0,11,31,0,42,131,77,135,3,346,10,0,10,356
11/24/2001,PVD,RI,ANE,EN,Towers with Radar,132,91,50,6,279,0,5,7,1,13,132,96,57,7,292,50,0,50,342
11/25/2001,PVD,RI,ANE,EN,Towers with Radar,142,126,100,1,369,0,7,15,1,23,142,133,115,2,392,42,0,42,434
11/26/2001,PVD,RI,ANE,EN,Towers with Radar,150,140,58,5,353,0,0,17,2,19,150,140,75,7,372,9,0,9,381
11/27/2001,PVD,RI,ANE,EN,Towers with Radar,150,122,57,8,337,0,8,19,0,27,150,130,76,8,364,0,0,0,364
11/28/2001,PVD,RI,ANE,EN,Towers with Radar,154,126,62,6,348,0,13,40,9,62,154,139,102,15,410,6,0,6,416
11/29/2001,PVD,RI,ANE,EN,Towers with Radar,154,145,55,8,362,0,0,0,2,2,154,145,55,10,364,4,0,4,368
11/30/2001,PVD,RI,ANE,EN,Towers with Radar,157,175,47,8,387,0,0,2,0,2,157,175,49,8,389,8,0,8,397
12/01/2001,PVD,RI,ANE,EN,Towers with Radar,126,92,98,7,323,0,2,27,0,29,126,94,125,7,352,0,0,0,352
12/02/2001,PVD,RI,ANE,EN,Towers with Radar,135,91,112,7,345,0,23,43,0,66,135,114,155,7,411,44,0,44,455
12/03/2001,PVD,RI,ANE,EN,Towers with Radar,140,87,85,4,316,0,21,29,2,52,140,108,114,6,368,18,0,18,386
12/04/2001,PVD,RI,ANE,EN,Towers with Radar,151,106,89,6,352,0,14,32,0,46,151,120,121,6,398,18,0,18,416
12/05/2001,PVD,RI,ANE,EN,Towers with Radar,152,97,84,4,337,0,9,36,1,46,152,106,120,5,383,40,0,40,423
12/06/2001,PVD,RI,ANE,EN,Towers with Radar,150,113,59,8,330,0,8,20,0,28,150,121,79,8,358,34,0,34,392
12/07/2001,PVD,RI,ANE,EN,Towers with Radar,147,104,83,9,343,0,9,22,2,33,147,113,105,11,376,52,0,52,428
12/08/2001,PVD,RI,ANE,EN,Towers with Radar,128,77,77,10,292,0,5,22,0,27,128,82,99,10,319,22,0,22,341
12/09/2001,PVD,RI,ANE,EN,Towers with Radar,135,94,33,4,266,0,1,0,0,1,135,95,33,4,267,0,0,0,267
12/10/2001,PVD,RI,ANE,EN,Towers with Radar,144,92,85,3,324,0,12,27,0,39,144,104,112,3,363,60,0,60,423
12/11/2001,PVD,RI,ANE,EN,Towers with Radar,150,109,42,11,312,0,2,10,0,12,150,111,52,11,324,20,0,20,344
12/12/2001,PVD,RI,ANE,EN,Towers with Radar,152,135,99,0,386,0,1,15,0,16,152,136,114,0,402,48,0,48,450
12/13/2001,PVD,RI,ANE,EN,Towers with Radar,150,123,37,10,320,0,1,0,0,1,150,124,37,10,321,0,0,0,321
12/14/2001,PVD,RI,ANE,EN,Towers with Radar,145,112,56,5,318,0,1,8,0,9,145,113,64,5,327,12,0,12,339
12/15/2001,PVD,RI,ANE,EN,Towers with Radar,123,85,41,1,250,0,1,0,0,1,123,86,41,1,251,26,0,26,277
12/16/2001,PVD,RI,ANE,EN,Towers with Radar,134,72,85,4,295,0,9,37,0,46,134,81,122,4,341,48,0,48,389
12/17/2001,PVD,RI,ANE,EN,Towers with Radar,146,111,32,5,294,0,3,3,0,6,146,114,35,5,300,0,0,0,300
12/18/2001,PVD,RI,ANE,EN,Towers with Radar,150,117,34,4,305,0,2,1,0,3,150,119,35,4,308,8,0,8,316
12/19/2001,PVD,RI,ANE,EN,Towers with Radar,156,109,85,6,356,0,16,32,1,49,156,125,117,7,405,26,0,26,431
12/20/2001,PVD,RI,ANE,EN,Towers with Radar,152,131,54,2,339,0,5,5,0,10,152,136,59,2,349,8,0,8,357
12/21/2001,PVD,RI,ANE,EN,Towers with Radar,150,116,39,5,310,0,7,11,0,18,150,123,50,5,328,0,0,0,328
12/22/2001,PVD,RI,ANE,EN,Towers with Radar,129,87,66,3,285,0,13,36,0,49,129,100,102,3,334,82,0,82,416
12/23/2001,PVD,RI,ANE,EN,Towers with Radar,120,80,54,0,254,0,7,39,0,46,120,87,93,0,300,44,0,44,344
12/24/2001,PVD,RI,ANE,EN,Towers with Radar,112,88,15,2,217,0,0,1,1,2,112,88,16,3,219,0,0,0,219
12/25/2001,PVD,RI,ANE,EN,Towers with Radar,114,68,28,3,213,0,8,10,1,19,114,76,38,4,232,0,0,0,232
12/26/2001,PVD,RI,ANE,EN,Towers with Radar,144,118,33,3,298,0,2,3,0,5,144,120,36,3,303,18,0,18,321
12/27/2001,PVD,RI,ANE,EN,Towers with Radar,148,100,57,5,310,0,11,13,0,24,148,111,70,5,334,24,0,24,358
12/28/2001,PVD,RI,ANE,EN,Towers with Radar,141,102,80,3,326,0,8,20,0,28,141,110,100,3,354,56,0,56,410
12/29/2001,PVD,RI,ANE,EN,Towers with Radar,122,73,67,6,268,0,9,22,0,31,122,82,89,6,299,22,0,22,321
12/30/2001,PVD,RI,ANE,EN,Towers with Radar,111,64,51,1,227,1,0,68,0,69,112,64,119,1,296,20,0,20,316
12/31/2001,PVD,RI,ANE,EN,Towers with Radar,116,65,55,2,238,0,10,19,0,29,116,75,74,2,267,14,0,14,281
01/01/2002,PVD,RI,ANE,EN,Towers with Radar,118,68,37,0,223,0,18,15,0,33,118,86,52,0,256,2,0,2,258
01/02/2002,PVD,RI,ANE,EN,Towers with Radar,144,87,55,4,290,0,18,39,0,57,144,105,94,4,347,14,0,14,361
01/03/2002,PVD,RI,ANE,EN,Towers with Radar,135,92,68,5,300,0,13,22,1,36,135,105,90,6,336,2,0,2,338
01/04/2002,PVD,RI,ANE,EN,Towers with Radar,136,96,64,6,302,0,12,23,0,35,136,108,87,6,337,12,0,12,349
01/05/2002,PVD,RI,ANE,EN,Towers with Radar,123,72,100,4,299,0,13,46,0,59,123,85,146,4,358,48,0,48,406
01/06/2002,PVD,RI,ANE,EN,Towers with Radar,128,74,61,9,272,0,8,29,2,39,128,82,90,11,311,62,0,62,373
01/07/2002,PVD,RI,ANE,EN,Towers with Radar,142,92,23,12,269,0,0,0,0,0,142,92,23,12,269,0,0,0,269
01/08/2002,PVD,RI,ANE,EN,Towers with Radar,142,100,78,3,323,0,9,29,0,38,142,109,107,3,361,26,0,26,387
01/09/2002,PVD,RI,ANE,EN,Towers with Radar,146,114,60,9,329,0,6,18,1,25,146,120,78,10,354,2,0,2,356
01/10/2002,PVD,RI,ANE,EN,Towers with Radar,141,127,80,12,360,0,11,21,0,32,141,138,101,12,392,22,0,22,414
01/11/2002,PVD,RI,ANE,EN,Towers with Radar,140,136,27,4,307,0,1,6,0,7,140,137,33,4,314,10,0,10,324
01/12/2002,PVD,RI,ANE,EN,Towers with Radar,122,67,60,0,249,0,10,25,0,35,122,77,85,0,284,16,0,16,300
01/13/2002,PVD,RI,ANE,EN,Towers with Radar,128,82,15,2,227,0,0,0,0,0,128,82,15,2,227,0,0,0,227
01/14/2002,PVD,RI,ANE,EN,Towers with Radar,140,98,84,6,328,0,18,36,1,55,140,116,120,7,383,44,0,44,427
01/15/2002,PVD,RI,ANE,EN,Towers with Radar,139,117,31,5,292,0,0,0,0,0,139,117,31,5,292,0,0,0,292
01/16/2002,PVD,RI,ANE,EN,Towers with Radar,144,109,71,6,330,0,14,24,0,38,144,123,95,6,368,56,0,56,424
01/17/2002,PVD,RI,ANE,EN,Towers with Radar,142,104,42,5,293,0,5,2,0,7,142,109,44,5,300,4,0,4,304
01/18/2002,PVD,RI,ANE,EN,Towers with Radar,143,94,77,5,319,0,11,29,0,40,143,105,106,5,359,6,0,6,365
01/19/2002,PVD,RI,ANE,EN,Towers with Radar,120,61,25,2,208,0,5,7,0,12,120,66,32,2,220,44,0,44,264
01/20/2002,PVD,RI,ANE,EN,Towers with Radar,127,76,44,2,249,0,6,21,0,27,127,82,65,2,276,6,0,6,282
01/21/2002,PVD,RI,ANE,EN,Towers with Radar,139,119,28,4,290,0,0,4,0,4,139,119,32,4,294,0,0,0,294
01/22/2002,PVD,RI,ANE,EN,Towers with Radar,140,92,55,8,295,0,11,18,1,30,140,103,73,9,325,18,0,18,343
01/23/2002,PVD,RI,ANE,EN,Towers with Radar,142,103,49,3,297,0,5,7,0,12,142,108,56,3,309,0,0,0,309
01/24/2002,PVD,RI,ANE,EN,Towers with Radar,138,106,39,5,288,0,0,0,0,0,138,106,39,5,288,0,0,0,288
01/25/2002,PVD,RI,ANE,EN,Towers with Radar,139,93,55,7,294,0,7,41,0,48,139,100,96,7,342,34,0,34,376
01/26/2002,PVD,RI,ANE,EN,Towers with Radar,120,79,85,0,284,0,12,42,2,56,120,91,127,2,340,50,0,50,390
01/27/2002,PVD,RI,ANE,EN,Towers with Radar,124,84,103,9,320,0,10,46,0,56,124,94,149,9,376,42,0,42,418
01/28/2002,PVD,RI,ANE,EN,Towers with Radar,138,97,49,2,286,0,10,21,0,31,138,107,70,2,317,44,0,44,361
01/29/2002,PVD,RI,ANE,EN,Towers with Radar,140,98,61,10,309,0,15,22,0,37,140,113,83,10,346,24,0,24,370
01/30/2002,PVD,RI,ANE,EN,Towers with Radar,140,127,47,9,323,0,0,0,0,0,140,127,47,9,323,6,0,6,329
01/31/2002,PVD,RI,ANE,EN,Towers with Radar,132,107,29,0,268,0,0,2,0,2,132,107,31,0,270,0,0,0,270
02/01/2002,PVD,RI,ANE,EN,Towers with Radar,138,93,30,3,264,0,0,2,0,2,138,93,32,3,266,0,0,0,266
02/02/2002,PVD,RI,ANE,EN,Towers with Radar,120,73,36,2,231,0,6,17,0,23,120,79,53,2,254,4,0,4,258
02/03/2002,PVD,RI,ANE,EN,Towers with Radar,124,72,48,5,249,0,6,32,1,39,124,78,80,6,288,16,0,16,304
02/04/2002,PVD,RI,ANE,EN,Towers with Radar,138,104,39,10,291,0,5,16,1,22,138,109,55,11,313,38,0,38,351
02/05/2002,PVD,RI,ANE,EN,Towers with Radar,133,87,52,0,272,10,18,1,0,29,143,105,53,0,301,26,0,26,327
02/06/2002,PVD,RI,ANE,EN,Towers with Radar,134,95,65,3,297,0,11,24,2,37,134,106,89,5,334,16,0,16,350
02/07/2002,PVD,RI,ANE,EN,Towers with Radar,144,102,43,4,293,0,5,3,2,10,144,107,46,6,303,0,0,0,303
02/08/2002,PVD,RI,ANE,EN,Towers with Radar,146,88,53,9,296,0,10,37,3,50,146,98,90,12,346,18,0,18,364
02/09/2002,PVD,RI,ANE,EN,Towers with Radar,119,71,91,1,282,0,7,39,1,47,119,78,130,2,329,46,0,46,375
02/10/2002,PVD,RI,ANE,EN,Towers with Radar,126,90,36,4,256,0,0,9,1,10,126,90,45,5,266,82,0,82,348
02/11/2002,PVD,RI,ANE,EN,Towers with Radar,143,105,22,2,272,0,0,7,1,8,143,105,29,3,280,0,0,0,280
02/12/2002,PVD,RI,ANE,EN,Towers with Radar,139,90,55,6,290,0,22,5,0,27,139,112,60,6,317,16,0,16,333
02/13/2002,PVD,RI,ANE,EN,Towers with Radar,146,95,72,16,329,0,13,24,2,39,146,108,96,18,368,2,0,2,370
02/14/2002,PVD,RI,ANE,EN,Towers with Radar,144,94,57,2,297,0,8,26,2,36,144,102,83,4,333,24,0,24,357
02/15/2002,PVD,RI,ANE,EN,Towers with Radar,142,98,46,4,290,0,9,24,0,33,142,107,70,4,323,22,0,22,345
02/16/2002,PVD,RI,ANE,EN,Towers with Radar,121,78,70,74,343,0,5,36,0,41,121,83,106,74,384,30,0,30,414
02/17/2002,PVD,RI,ANE,EN,Towers with Radar,130,79,10,2,221,0,0,3,0,3,130,79,13,2,224,20,0,20,244
02/18/2002,PVD,RI,ANE,EN,Towers with Radar,143,86,49,2,280,0,9,18,0,27,143,95,67,2,307,28,0,28,335
02/19/2002,PVD,RI,ANE,EN,Towers with Radar,149,93,119,2,363,0,9,41,0,50,149,102,160,2,413,60,0,60,473
02/20/2002,PVD,RI,ANE,EN,Towers with Radar,145,94,69,7,315,0,9,15,2,26,145,103,84,9,341,32,0,32,373
02/21/2002,PVD,RI,ANE,EN,Towers with Radar,139,90,54,6,289,9,20,9,0,38,148,110,63,6,327,0,0,0,327
02/22/2002,PVD,RI,ANE,EN,Towers with Radar,143,79,65,9,296,0,10,37,1,48,143,89,102,10,344,13,0,13,357
02/23/2002,PVD,RI,ANE,EN,Towers with Radar,126,75,73,7,281,0,8,40,1,49,126,83,113,8,330,32,0,32,362
02/24/2002,PVD,RI,ANE,EN,Towers with Radar,133,71,68,10,282,0,11,32,0,43,133,82,100,10,325,70,0,70,395
02/25/2002,PVD,RI,ANE,EN,Towers with Radar,144,84,66,3,297,0,13,20,0,33,144,97,86,3,330,42,0,42,372
02/26/2002,PVD,RI,ANE,EN,Towers with Radar,143,99,49,2,293,0,2,5,0,7,143,101,54,2,300,4,0,4,304
02/27/2002,PVD,RI,ANE,EN,Towers with Radar,146,93,57,4,300,0,0,1,0,1,146,93,58,4,301,6,0,6,307
02/28/2002,PVD,RI,ANE,EN,Towers with Radar,142,89,35,2,268,0,12,21,0,33,142,101,56,2,301,0,0,0,301
03/01/2002,PVD,RI,ANE,EN,Towers with Radar,145,83,88,5,321,0,12,36,1,49,145,95,124,6,370,20,0,20,390
03/02/2002,PVD,RI,ANE,EN,Towers with Radar,119,36,84,0,239,0,8,20,0,28,119,44,104,0,267,12,0,12,279
03/03/2002,PVD,RI,ANE,EN,Towers with Radar,136,72,8,4,220,0,1,0,0,1,136,73,8,4,221,0,0,0,221
03/04/2002,PVD,RI,ANE,EN,Towers with Radar,149,84,42,3,278,0,17,22,0,39,149,101,64,3,317,12,0,12,329
03/05/2002,PVD,RI,ANE,EN,Towers with Radar,152,90,70,4,316,0,21,24,0,45,152,111,94,4,361,14,0,14,375
03/06/2002,PVD,RI,ANE,EN,Towers with Radar,150,95,54,6,305,0,17,24,1,42,150,112,78,7,347,14,0,14,361
03/07/2002,PVD,RI,ANE,EN,Towers with Radar,148,105,98,13,364,0,17,22,3,42,148,122,120,16,406,8,0,8,414
03/08/2002,PVD,RI,ANE,EN,Towers with Radar,144,111,65,6,326,0,1,8,0,9,144,112,73,6,335,24,0,24,359
03/09/2002,PVD,RI,ANE,EN,Towers with Radar,119,71,76,0,266,0,9,27,0,36,119,80,103,0,302,70,0,70,372
03/10/2002,PVD,RI,ANE,EN,Towers with Radar,98,59,24,3,184,38,15,0,0,53,136,74,24,3,237,2,0,2,239
03/11/2002,PVD,RI,ANE,EN,Towers with Radar,150,83,62,8,303,0,15,17,0,32,150,98,79,8,335,20,0,20,355
03/12/2002,PVD,RI,ANE,EN,Towers with Radar,142,96,37,6,281,0,5,9,1,15,142,101,46,7,296,42,0,42,338
03/13/2002,PVD,RI,ANE,EN,Towers with Radar,150,103,53,16,322,0,1,2,0,3,150,104,55,16,325,0,0,0,325
03/14/2002,PVD,RI,ANE,EN,Towers with Radar,144,96,111,8,359,0,15,49,0,64,144,111,160,8,423,0,0,0,423
03/15/2002,PVD,RI,ANE,EN,Towers with Radar,144,115,45,12,316,0,2,10,0,12,144,117,55,12,328,22,0,22,350
03/16/2002,PVD,RI,ANE,EN,Towers with Radar,122,85,33,1,241,0,0,5,0,5,122,85,38,1,246,30,0,30,276
03/17/2002,PVD,RI,ANE,EN,Towers with Radar,133,79,101,3,316,0,15,45,0,60,133,94,146,3,376,78,0,78,454
03/18/2002,PVD,RI,ANE,EN,Towers with Radar,139,87,21,4,251,0,0,1,0,1,139,87,22,4,252,0,0,0,252
03/19/2002,PVD,RI,ANE,EN,Towers with Radar,148,98,41,4,291,0,0,6,0,6,148,98,47,4,297,30,0,30,327
03/20/2002,PVD,RI,ANE,EN,Towers with Radar,150,106,49,2,307,0,1,3,0,4,150,107,52,2,311,36,0,36,347
03/21/2002,PVD,RI,ANE,EN,Towers with Radar,146,99,56,9,310,0,9,22,1,32,146,108,78,10,342,38,0,38,380
03/22/2002,PVD,RI,ANE,EN,Towers with Radar,146,85,37,5,273,0,11,10,2,23,146,96,47,7,296,2,0,2,298
03/23/2002,PVD,RI,ANE,EN,Towers with Radar,114,70,45,1,230,9,0,23,0,32,123,70,68,1,262,12,0,12,274
03/24/2002,PVD,RI,ANE,EN,Towers with Radar,133,82,57,1,273,0,11,31,0,42,133,93,88,1,315,38,0,38,353
03/25/2002,PVD,RI,ANE,EN,Towers with Radar,148,106,38,3,295,0,5,12,0,17,148,111,50,3,312,42,0,42,354
03/26/2002,PVD,RI,ANE,EN,Towers with Radar,174,112,64,12,362,0,2,3,1,6,174,114,67,13,368,8,0,8,376
03/27/2002,PVD,RI,ANE,EN,Towers with Radar,150,112,60,5,327,0,0,5,0,5,150,112,65,5,332,44,0,44,376
03/28/2002,PVD,RI,ANE,EN,Towers with Radar,144,96,85,1,326,0,14,44,0,58,144,110,129,1,384,2,0,2,386
03/29/2002,PVD,RI,ANE,EN,Towers with Radar,145,93,59,5,302,0,3,46,6,55,145,96,105,11,357,4,0,4,361
03/30/2002,PVD,RI,ANE,EN,Towers with Radar,120,70,41,5,236,0,0,4,0,4,120,70,45,5,240,20,0,20,260
03/31/2002,PVD,RI,ANE,EN,Towers with Radar,144,69,38,1,252,0,4,6,0,10,144,73,44,1,262,10,0,10,272
04/01/2002,PVD,RI,ANE,EN,Towers with Radar,144,102,46,5,297,0,3,6,0,9,144,105,52,5,306,2,0,2,308
04/02/2002,PVD,RI,ANE,EN,Towers with Radar,145,96,63,3,307,0,15,37,2,54,145,111,100,5,361,14,0,14,375
04/03/2002,PVD,RI,ANE,EN,Towers with Radar,146,99,48,14,307,0,1,1,1,3,146,100,49,15,310,0,0,0,310
04/04/2002,PVD,RI,ANE,EN,Towers with Radar,148,90,84,6,328,0,15,31,0,46,148,105,115,6,374,62,0,62,436
04/05/2002,PVD,RI,ANE,EN,Towers with Radar,146,85,75,6,312,0,9,29,0,38,146,94,104,6,350,26,0,26,376
04/06/2002,PVD,RI,ANE,EN,Towers with Radar,123,67,55,2,247,0,7,34,1,42,123,74,89,3,289,26,0,26,315
04/07/2002,PVD,RI,ANE,EN,Towers with Radar,135,70,96,3,304,0,8,35,0,43,135,78,131,3,347,60,0,60,407
04/08/2002,PVD,RI,ANE,EN,Towers with Radar,144,82,51,1,278,0,7,22,0,29,144,89,73,1,307,0,0,0,307
04/09/2002,PVD,RI,ANE,EN,Towers with Radar,146,102,66,7,321,0,3,15,0,18,146,105,81,7,339,0,0,0,339
04/10/2002,PVD,RI,ANE,EN,Towers with Radar,150,112,70,7,339,0,3,21,1,25,150,115,91,8,364,8,0,8,372
04/11/2002,PVD,RI,ANE,EN,Towers with Radar,150,120,110,7,387,0,4,20,0,24,150,124,130,7,411,8,0,8,419
04/12/2002,PVD,RI,ANE,EN,Towers with Radar,151,91,68,5,315,0,6,16,0,22,151,97,84,5,337,8,0,8,345
04/13/2002,PVD,RI,ANE,EN,Towers with Radar,130,93,52,1,276,0,0,13,0,13,130,93,65,1,289,22,0,22,311
04/14/2002,PVD,RI,ANE,EN,Towers with Radar,137,72,103,9,321,0,9,34,0,43,137,81,137,9,364,36,0,36,400
04/15/2002,PVD,RI,ANE,EN,Towers with Radar,145,128,61,5,339,0,3,44,0,47,145,131,105,5,386,100,0,100,486
04/16/2002,PVD,RI,ANE,EN,Towers with Radar,149,113,82,0,344,0,3,11,3,17,149,116,93,3,361,10,0,10,371
04/17/2002,PVD,RI,ANE,EN,Towers with Radar,144,117,95,6,362,0,7,37,0,44,144,124,132,6,406,28,0,28,434
04/18/2002,PVD,RI,ANE,EN,Towers with Radar,148,110,82,6,346,0,6,26,0,32,148,116,108,6,378,16,0,16,394
04/19/2002,PVD,RI,ANE,EN,Towers with Radar,143,123,65,6,337,0,2,12,0,14,143,125,77,6,351,14,0,14,365
04/20/2002,PVD,RI,ANE,EN,Towers with Radar,135,74,74,7,290,0,3,24,0,27,135,77,98,7,317,14,0,14,331
04/21/2002,PVD,RI,ANE,EN,Towers with Radar,134,88,85,6,313,0,10,32,0,42,134,98,117,6,355,45,0,45,400
04/22/2002,PVD,RI,ANE,EN,Towers with Radar,148,110,36,5,299,0,1,2,0,3,148,111,38,5,302,0,0,0,302
04/23/2002,PVD,RI,ANE,EN,Towers with Radar,147,115,66,3,331,0,6,15,0,21,147,121,81,3,352,0,0,0,352
04/24/2002,PVD,RI,ANE,EN,Towers with Radar,148,101,112,4,365,0,6,30,2,38,148,107,142,6,403,16,0,16,419
04/25/2002,PVD,RI,ANE,EN,Towers with Radar,146,117,58,2,323,0,3,10,0,13,146,120,68,2,336,2,0,2,338
04/26/2002,PVD,RI,ANE,EN,Towers with Radar,148,121,63,6,338,0,21,25,1,47,148,142,88,7,385,28,0,28,413
04/27/2002,PVD,RI,ANE,EN,Towers with Radar,125,81,110,2,318,0,13,30,1,44,125,94,140,3,362,8,0,8,370
04/28/2002,PVD,RI,ANE,EN,Towers with Radar,128,113,27,2,270,0,0,0,0,0,128,113,27,2,270,0,0,0,270
04/29/2002,PVD,RI,ANE,EN,Towers with Radar,153,135,62,4,354,0,0,3,0,3,153,135,65,4,357,26,0,26,383
04/30/2002,PVD,RI,ANE,EN,Towers with Radar,152,112,80,0,344,0,6,25,0,31,152,118,105,0,375,26,0,26,401
05/01/2002,PVD,RI,ANE,EN,Towers with Radar,146,108,71,4,329,0,10,24,0,34,146,118,95,4,363,12,0,12,375
05/02/2002,PVD,RI,ANE,EN,Towers with Radar,148,122,28,1,299,0,1,1,0,2,148,123,29,1,301,0,0,0,301
05/03/2002,PVD,RI,ANE,EN,Towers with Radar,150,120,52,7,329,0,11,13,0,24,150,131,65,7,353,0,0,0,353
05/04/2002,PVD,RI,ANE,EN,Towers with Radar,125,71,114,14,324,0,11,51,0,62,125,82,165,14,386,32,0,32,418
05/05/2002,PVD,RI,ANE,EN,Towers with Radar,134,92,105,8,339,0,8,34,0,42,134,100,139,8,381,14,0,14,395
05/06/2002,PVD,RI,ANE,EN,Towers with Radar,146,112,73,6,337,0,7,29,0,36,146,119,102,6,373,26,0,26,399
05/07/2002,PVD,RI,ANE,EN,Towers with Radar,145,137,68,7,357,0,0,11,1,12,145,137,79,8,369,14,0,14,383
05/08/2002,PVD,RI,ANE,EN,Towers with Radar,148,116,86,4,354,0,5,20,0,25,148,121,106,4,379,8,4,12,391
05/09/2002,PVD,RI,ANE,EN,Towers with Radar,146,108,46,6,306,0,2,7,0,9,146,110,53,6,315,16,0,16,331
05/10/2002,PVD,RI,ANE,EN,Towers with Radar,151,110,85,2,348,0,16,34,0,50,151,126,119,2,398,48,0,48,446
05/11/2002,PVD,RI,ANE,EN,Towers with Radar,127,80,100,0,307,0,12,45,0,57,127,92,145,0,364,0,0,0,364
05/12/2002,PVD,RI,ANE,EN,Towers with Radar,133,92,52,2,279,0,2,6,0,8,133,94,58,2,287,32,0,32,319
05/13/2002,PVD,RI,ANE,EN,Towers with Radar,154,133,50,4,341,0,0,0,0,0,154,133,50,4,341,0,0,0,341
05/14/2002,PVD,RI,ANE,EN,Towers with Radar,148,108,74,7,337,0,5,17,0,22,148,113,91,7,359,12,0,12,371
05/15/2002,PVD,RI,ANE,EN,Towers with Radar,146,110,54,12,322,0,12,11,2,25,146,122,65,14,347,22,0,22,369
05/16/2002,PVD,RI,ANE,EN,Towers with Radar,146,124,92,9,371,0,17,30,1,48,146,141,122,10,419,4,0,4,423
05/17/2002,PVD,RI,ANE,EN,Towers with Radar,143,121,101,12,377,0,15,31,0,46,143,136,132,12,423,42,0,42,465
05/18/2002,PVD,RI,ANE,EN,Towers with Radar,130,110,35,1,276,0,0,1,0,1,130,110,36,1,277,0,0,0,277
05/19/2002,PVD,RI,ANE,EN,Towers with Radar,133,99,151,8,391,0,17,50,1,68,133,116,201,9,459,46,0,46,505
05/20/2002,PVD,RI,ANE,EN,Towers with Radar,148,104,68,9,329,0,9,30,1,40,148,113,98,10,369,20,0,20,389
05/21/2002,PVD,RI,ANE,EN,Towers with Radar,146,110,76,11,343,0,16,36,0,52,146,126,112,11,395,44,0,44,439
05/22/2002,PVD,RI,ANE,EN,Towers with Radar,146,114,98,16,374,0,5,33,4,42,146,119,131,20,416,8,0,8,424
05/23/2002,PVD,RI,ANE,EN,Towers with Radar,145,127,129,0,401,0,17,41,0,58,145,144,170,0,459,16,0,16,475
05/24/2002,PVD,RI,ANE,EN,Towers with Radar,146,154,168,4,472,0,30,54,0,84,146,184,222,4,556,12,0,12,568
05/25/2002,PVD,RI,ANE,EN,Towers with Radar,117,90,126,9,342,0,7,33,0,40,117,97,159,9,382,20,0,20,402
05/26/2002,PVD,RI,ANE,EN,Towers with Radar,126,88,68,2,284,0,3,18,0,21,126,91,86,2,305,82,0,82,387
05/27/2002,PVD,RI,ANE,EN,Towers with Radar,134,174,116,5,429,0,2,17,0,19,134,176,133,5,448,38,0,38,486
05/28/2002,PVD,RI,ANE,EN,Towers with Radar,158,142,83,5,388,0,6,10,0,16,158,148,93,5,404,16,0,16,420
05/29/2002,PVD,RI,ANE,EN,Towers with Radar,148,130,77,8,363,0,1,8,2,11,148,131,85,10,374,0,0,0,374
05/30/2002,PVD,RI,ANE,EN,Towers with Radar,146,136,98,5,385,0,2,15,1,18,146,138,113,6,403,34,0,34,437
05/31/2002,PVD,RI,ANE,EN,Towers with Radar,146,140,71,7,364,0,2,18,0,20,146,142,89,7,384,92,0,92,476
06/01/2002,PVD,RI,ANE,EN,Towers with Radar,120,92,112,6,330,2,10,52,1,65,122,102,164,7,395,26,0,26,421
06/02/2002,PVD,RI,ANE,EN,Towers with Radar,137,112,88,7,344,2,22,36,0,60,139,134,124,7,404,48,0,48,452
06/03/2002,PVD,RI,ANE,EN,Towers with Radar,146,122,63,5,336,2,13,19,0,34,148,135,82,5,370,24,0,24,394
06/04/2002,PVD,RI,ANE,EN,Towers with Radar,144,126,77,4,351,2,12,28,2,44,146,138,105,6,395,26,0,26,421
06/05/2002,PVD,RI,ANE,EN,Towers with Radar,140,125,65,8,338,2,2,7,1,12,142,127,72,9,350,86,0,86,436
06/06/2002,PVD,RI,ANE,EN,Towers with Radar,144,156,48,10,358,2,0,0,0,2,146,156,48,10,360,0,0,0,360
06/07/2002,PVD,RI,ANE,EN,Towers with Radar,152,180,91,13,436,2,0,7,0,9,154,180,98,13,445,2,0,2,447
06/08/2002,PVD,RI,ANE,EN,Towers with Radar,148,87,122,10,367,1,16,40,3,60,149,103,162,13,427,52,0,52,479
06/09/2002,PVD,RI,ANE,EN,Towers with Radar,142,123,104,9,378,1,22,55,0,78,143,145,159,9,456,84,0,84,540
06/10/2002,PVD,RI,ANE,EN,Towers with Radar,145,131,92,6,374,1,9,28,2,40,146,140,120,8,414,2,0,2,416
06/11/2002,PVD,RI,ANE,EN,Towers with Radar,153,121,83,9,366,1,17,24,2,44,154,138,107,11,410,0,0,0,410
06/12/2002,PVD,RI,ANE,EN,Towers with Radar,148,141,81,7,377,1,0,2,0,3,149,141,83,7,380,0,0,0,380
06/13/2002,PVD,RI,ANE,EN,Towers with Radar,150,167,119,10,446,0,0,4,3,7,150,167,123,13,453,88,0,88,541
06/14/2002,PVD,RI,ANE,EN,Towers with Radar,149,184,86,15,434,1,2,9,0,12,150,186,95,15,446,82,0,82,528
06/15/2002,PVD,RI,ANE,EN,Towers with Radar,141,119,48,5,313,1,0,1,0,2,142,119,49,5,315,4,0,4,319
06/16/2002,PVD,RI,ANE,EN,Towers with Radar,141,147,88,9,385,1,1,6,0,8,142,148,94,9,393,0,0,0,393
06/17/2002,PVD,RI,ANE,EN,Towers with Radar,148,117,101,2,368,1,21,38,1,61,149,138,139,3,429,74,0,74,503
06/18/2002,PVD,RI,ANE,EN,Towers with Radar,159,115,125,4,403,1,26,49,1,77,160,141,174,5,480,38,0,38,518
06/19/2002,PVD,RI,ANE,EN,Towers with Radar,157,130,89,10,386,1,9,41,1,52,158,139,130,11,438,2,0,2,440
06/20/2002,PVD,RI,ANE,EN,Towers with Radar,151,151,102,9,413,1,8,37,0,46,152,159,139,9,459,16,0,16,475
06/21/2002,PVD,RI,ANE,EN,Towers with Radar,147,147,103,12,409,1,7,39,1,48,148,154,142,13,457,18,0,18,475
06/22/2002,PVD,RI,ANE,EN,Towers with Radar,138,95,109,6,348,1,10,33,0,44,139,105,142,6,392,20,0,20,412
06/23/2002,PVD,RI,ANE,EN,Towers with Radar,139,142,115,4,400,1,16,15,0,32,140,158,130,4,432,80,0,80,512
06/24/2002,PVD,RI,ANE,EN,Towers with Radar,149,135,83,7,374,1,25,34,0,60,150,160,117,7,434,72,0,72,506
06/25/2002,PVD,RI,ANE,EN,Towers with Radar,153,138,96,5,392,1,13,42,0,56,154,151,138,5,448,31,0,31,479
06/26/2002,PVD,RI,ANE,EN,Towers with Radar,153,138,90,15,396,1,1,18,0,20,154,139,108,15,416,32,0,32,448
06/27/2002,PVD,RI,ANE,EN,Towers with Radar,152,157,97,15,421,1,3,21,0,25,153,160,118,15,446,58,0,58,504
06/28/2002,PVD,RI,ANE,EN,Towers with Radar,158,165,105,9,437,1,8,37,1,47,159,173,142,10,484,28,0,28,512
06/29/2002,PVD,RI,ANE,EN,Towers with Radar,135,93,134,5,367,1,4,30,0,35,136,97,164,5,402,32,0,32,434
06/30/2002,PVD,RI,ANE,EN,Towers with Radar,143,150,107,6,406,1,5,36,0,42,144,155,143,6,448,8,0,8,456
07/01/2002,PVD,RI,ANE,EN,Towers with Radar,156,144,110,7,417,0,14,24,2,40,156,158,134,9,457,34,0,34,491
07/02/2002,PVD,RI,ANE,EN,Towers with Radar,153,151,104,7,415,0,14,31,2,47,153,165,135,9,462,112,0,112,574
07/03/2002,PVD,RI,ANE,EN,Towers with Radar,154,152,120,6,432,0,34,42,0,76,154,186,162,6,508,24,0,24,532
07/04/2002,PVD,RI,ANE,EN,Towers with Radar,118,124,51,3,296,0,16,34,1,51,118,140,85,4,347,8,0,8,355
07/05/2002,PVD,RI,ANE,EN,Towers with Radar,127,114,90,2,333,0,22,45,0,67,127,136,135,2,400,24,0,24,424
07/06/2002,PVD,RI,ANE,EN,Towers with Radar,138,108,116,4,366,0,16,33,2,51,138,124,149,6,417,30,0,30,447
07/07/2002,PVD,RI,ANE,EN,Towers with Radar,147,171,168,4,490,0,12,10,0,22,147,183,178,4,512,70,0,70,582
07/08/2002,PVD,RI,ANE,EN,Towers with Radar,151,137,96,8,392,0,17,36,0,53,151,154,132,8,445,104,0,104,549
07/09/2002,PVD,RI,ANE,EN,Towers with Radar,130,120,86,2,338,23,19,0,0,42,153,139,86,2,380,78,0,78,458
07/10/2002,PVD,RI,ANE,EN,Towers with Radar,158,129,95,4,386,0,15,46,7,68,158,144,141,11,454,26,0,26,480
07/11/2002,PVD,RI,ANE,EN,Towers with Radar,153,153,131,9,446,0,0,57,0,57,153,153,188,9,503,10,0,10,513
07/12/2002,PVD,RI,ANE,EN,Towers with Radar,160,139,128,11,438,0,12,36,0,48,160,151,164,11,486,22,0,22,508
07/13/2002,PVD,RI,ANE,EN,Towers with Radar,136,100,110,14,360,0,22,44,0,66,136,122,154,14,426,29,0,29,455
07/14/2002,PVD,RI,ANE,EN,Towers with Radar,151,122,131,7,411,0,15,41,0,56,151,137,172,7,467,22,0,22,489
07/15/2002,PVD,RI,ANE,EN,Towers with Radar,152,143,85,10,390,0,12,17,0,29,152,155,102,10,419,6,0,6,425
07/16/2002,PVD,RI,ANE,EN,Towers with Radar,156,129,111,8,404,0,18,37,1,56,156,147,148,9,460,20,0,20,480
07/17/2002,PVD,RI,ANE,EN,Towers with Radar,160,134,119,11,424,0,21,39,1,61,160,155,158,12,485,72,0,72,557
07/18/2002,PVD,RI,ANE,EN,Towers with Radar,146,138,100,5,389,0,18,23,0,41,146,156,123,5,430,119,0,119,549
07/19/2002,PVD,RI,ANE,EN,Towers with Radar,145,198,91,7,441,0,1,12,0,13,145,199,103,7,454,58,0,58,512
07/20/2002,PVD,RI,ANE,EN,Towers with Radar,139,150,134,12,435,0,0,7,0,7,139,150,141,12,442,4,0,4,446
07/21/2002,PVD,RI,ANE,EN,Towers with Radar,148,128,137,5,418,0,8,41,1,50,148,136,178,6,468,70,0,70,538
07/22/2002,PVD,RI,ANE,EN,Towers with Radar,151,130,101,7,389,0,13,23,0,36,151,143,124,7,425,24,0,24,449
07/23/2002,PVD,RI,ANE,EN,Towers with Radar,150,144,47,5,346,0,1,24,0,25,150,145,71,5,371,30,0,30,401
07/24/2002,PVD,RI,ANE,EN,Towers with Radar,152,144,120,8,424,0,6,27,0,33,152,150,147,8,457,0,0,0,457
07/25/2002,PVD,RI,ANE,EN,Towers with Radar,150,146,112,7,415,0,9,32,1,42,150,155,144,8,457,0,0,0,457
07/26/2002,PVD,RI,ANE,EN,Towers with Radar,151,141,128,7,427,0,12,31,0,43,151,153,159,7,470,38,0,38,508
07/27/2002,PVD,RI,ANE,EN,Towers with Radar,124,114,89,6,333,17,43,26,3,89,141,157,115,9,422,60,0,60,482
07/28/2002,PVD,RI,ANE,EN,Towers with Radar,145,171,102,12,430,0,0,0,0,0,145,171,102,12,430,4,0,4,434
07/29/2002,PVD,RI,ANE,EN,Towers with Radar,151,156,91,11,409,0,18,22,0,40,151,174,113,11,449,4,0,4,453
07/30/2002,PVD,RI,ANE,EN,Towers with Radar,133,123,96,6,358,25,10,31,3,69,158,133,127,9,427,20,0,20,447
07/31/2002,PVD,RI,ANE,EN,Towers with Radar,154,116,126,0,396,0,17,34,0,51,154,133,160,0,447,18,0,18,465
08/01/2002,PVD,RI,ANE,EN,Towers with Radar,156,153,115,11,435,0,16,33,0,49,156,169,148,11,484,0,0,0,484
08/02/2002,PVD,RI,ANE,EN,Towers with Radar,140,140,104,15,399,0,23,29,2,54,140,163,133,17,453,0,0,0,453
08/03/2002,PVD,RI,ANE,EN,Towers with Radar,142,107,113,0,362,0,17,50,2,69,142,124,163,2,431,54,0,54,485
08/04/2002,PVD,RI,ANE,EN,Towers with Radar,143,150,120,8,421,0,0,83,3,86,143,150,203,11,507,14,0,14,521
08/05/2002,PVD,RI,ANE,EN,Towers with Radar,145,161,110,4,420,0,6,5,0,11,145,167,115,4,431,4,0,4,435
08/06/2002,PVD,RI,ANE,EN,Towers with Radar,156,143,79,2,380,0,19,30,0,49,156,162,109,2,429,30,0,30,459
08/07/2002,PVD,RI,ANE,EN,Towers with Radar,156,131,97,10,394,0,11,28,0,39,156,142,125,10,433,14,0,14,447
08/08/2002,PVD,RI,ANE,EN,Towers with Radar,154,141,122,15,432,0,5,29,0,34,154,146,151,15,466,44,0,44,510
08/09/2002,PVD,RI,ANE,EN,Towers with Radar,153,151,108,9,421,0,10,29,0,39,153,161,137,9,460,18,0,18,478
08/10/2002,PVD,RI,ANE,EN,Towers with Radar,138,100,134,2,374,0,16,31,0,47,138,116,165,2,421,34,0,34,455
08/11/2002,PVD,RI,ANE,EN,Towers with Radar,151,128,122,10,411,0,12,45,1,58,151,140,167,11,469,16,0,16,485
08/12/2002,PVD,RI,ANE,EN,Towers with Radar,152,159,120,3,434,0,8,38,0,46,152,167,158,3,480,0,0,0,480
08/13/2002,PVD,RI,ANE,EN,Towers with Radar,153,133,115,6,407,0,8,28,0,36,153,141,143,6,443,18,0,18,461
08/14/2002,PVD,RI,ANE,EN,Towers with Radar,152,137,127,7,423,0,12,37,0,49,152,149,164,7,472,24,0,24,496
08/15/2002,PVD,RI,ANE,EN,Towers with Radar,154,172,106,15,447,0,8,18,0,26,154,180,124,15,473,64,0,64,537
08/16/2002,PVD,RI,ANE,EN,Towers with Radar,150,190,113,19,472,0,3,26,0,29,150,193,139,19,501,48,0,48,549
08/17/2002,PVD,RI,ANE,EN,Towers with Radar,137,100,119,8,364,0,13,29,1,43,137,113,148,9,407,24,0,24,431
08/18/2002,PVD,RI,ANE,EN,Towers with Radar,147,148,116,8,419,0,1,44,0,45,147,149,160,8,464,44,0,44,508
08/19/2002,PVD,RI,ANE,EN,Towers with Radar,153,167,81,8,409,0,6,21,0,27,153,173,102,8,436,2,0,2,438
08/20/2002,PVD,RI,ANE,EN,Towers with Radar,154,147,115,8,424,8,13,2,4,27,162,160,117,12,451,6,0,6,457
08/21/2002,PVD,RI,ANE,EN,Towers with Radar,134,128,100,7,369,26,11,51,1,89,160,139,151,8,458,6,0,6,464
08/22/2002,PVD,RI,ANE,EN,Towers with Radar,148,122,78,10,358,0,18,26,1,45,148,140,104,11,403,0,0,0,403
08/23/2002,PVD,RI,ANE,EN,Towers with Radar,156,186,113,9,464,0,0,11,0,11,156,186,124,9,475,24,0,24,499
08/24/2002,PVD,RI,ANE,EN,Towers with Radar,137,129,104,3,373,0,4,13,0,17,137,133,117,3,390,62,0,62,452
08/25/2002,PVD,RI,ANE,EN,Towers with Radar,149,131,118,6,404,0,10,35,0,45,149,141,153,6,449,52,0,52,501
08/26/2002,PVD,RI,ANE,EN,Towers with Radar,153,138,108,5,404,0,20,35,1,56,153,158,143,6,460,14,0,14,474
08/27/2002,PVD,RI,ANE,EN,Towers with Radar,148,141,110,6,405,12,5,53,0,70,160,146,163,6,475,12,0,12,487
08/28/2002,PVD,RI,ANE,EN,Towers with Radar,156,114,123,4,397,0,2,20,0,22,156,116,143,4,419,20,0,20,439
08/29/2002,PVD,RI,ANE,EN,Towers with Radar,154,175,90,9,428,0,0,0,0,0,154,175,90,9,428,0,0,0,428
08/30/2002,PVD,RI,ANE,EN,Towers with Radar,151,191,103,15,460,0,1,7,0,8,151,192,110,15,468,4,0,4,472
08/31/2002,PVD,RI,ANE,EN,Towers with Radar,138,127,88,6,359,0,4,9,1,14,138,131,97,7,373,36,0,36,409
09/01/2002,PVD,RI,ANE,EN,Towers with Radar,126,79,85,6,296,3,5,12,0,20,129,84,97,6,316,42,0,42,358
09/02/2002,PVD,RI,ANE,EN,Towers with Radar,144,169,86,5,404,0,6,0,0,6,144,175,86,5,410,0,0,0,410
09/03/2002,PVD,RI,ANE,EN,Towers with Radar,152,174,113,8,447,2,2,6,0,10,154,176,119,8,457,0,0,0,457
09/04/2002,PVD,RI,ANE,EN,Towers with Radar,148,125,72,8,353,2,10,20,0,32,150,135,92,8,385,16,0,16,401
09/05/2002,PVD,RI,ANE,EN,Towers with Radar,148,113,72,8,341,2,15,35,0,52,150,128,107,8,393,18,0,18,411
09/06/2002,PVD,RI,ANE,EN,Towers with Radar,146,113,113,10,382,2,9,46,1,58,148,122,159,11,440,10,0,10,450
09/07/2002,PVD,RI,ANE,EN,Towers with Radar,128,81,93,9,311,2,7,43,0,52,130,88,136,9,363,24,0,24,387
09/08/2002,PVD,RI,ANE,EN,Towers with Radar,137,115,143,4,399,2,15,61,1,79,139,130,204,5,478,34,0,34,512
09/09/2002,PVD,RI,ANE,EN,Towers with Radar,141,110,88,6,345,2,5,26,0,33,143,115,114,6,378,14,0,14,392
09/10/2002,PVD,RI,ANE,EN,Towers with Radar,138,116,80,8,342,5,2,41,6,54,143,118,121,14,396,22,0,22,418
09/11/2002,PVD,RI,ANE,EN,Towers with Radar,144,107,41,8,300,2,7,6,2,17,146,114,47,10,317,16,0,16,333
09/12/2002,PVD,RI,ANE,EN,Towers with Radar,147,117,74,5,343,2,20,47,1,70,149,137,121,6,413,28,0,28,441
09/13/2002,PVD,RI,ANE,EN,Towers with Radar,145,144,102,14,405,2,32,35,1,70,147,176,137,15,475,8,0,8,483
09/14/2002,PVD,RI,ANE,EN,Towers with Radar,132,105,113,12,362,2,11,46,2,61,134,116,159,14,423,28,0,28,451
09/15/2002,PVD,RI,ANE,EN,Towers with Radar,140,144,54,8,346,2,4,8,1,15,142,148,62,9,361,38,0,38,399
09/16/2002,PVD,RI,ANE,EN,Towers with Radar,143,158,55,9,365,2,1,1,1,5,145,159,56,10,370,0,0,0,370
09/17/2002,PVD,RI,ANE,EN,Towers with Radar,150,123,78,9,360,2,7,23,0,32,152,130,101,9,392,98,0,98,490
09/18/2002,PVD,RI,ANE,EN,Towers with Radar,154,109,79,29,371,2,6,31,0,39,156,115,110,29,410,12,0,12,422
09/19/2002,PVD,RI,ANE,EN,Towers with Radar,140,109,104,8,361,2,21,37,3,63,142,130,141,11,424,0,0,0,424
09/20/2002,PVD,RI,ANE,EN,Towers with Radar,144,122,110,8,384,2,12,36,0,50,146,134,146,8,434,38,0,38,472
09/21/2002,PVD,RI,ANE,EN,Towers with Radar,134,96,81,7,318,0,0,15,0,15,134,96,96,7,333,22,0,22,355
09/22/2002,PVD,RI,ANE,EN,Towers with Radar,145,124,93,12,374,2,12,25,0,39,147,136,118,12,413,48,0,48,461
09/23/2002,PVD,RI,ANE,EN,Towers with Radar,145,129,68,3,345,2,1,7,0,10,147,130,75,3,355,4,0,4,359
09/24/2002,PVD,RI,ANE,EN,Towers with Radar,142,127,74,6,349,2,3,19,0,24,144,130,93,6,373,50,0,50,423
09/25/2002,PVD,RI,ANE,EN,Towers with Radar,146,113,80,10,349,2,3,27,0,32,148,116,107,10,381,72,0,72,453
09/26/2002,PVD,RI,ANE,EN,Towers with Radar,142,113,64,14,333,2,2,17,0,21,144,115,81,14,354,38,0,38,392
09/27/2002,PVD,RI,ANE,EN,Towers with Radar,142,144,47,10,343,2,1,1,0,4,144,145,48,10,347,0,0,0,347
09/28/2002,PVD,RI,ANE,EN,Towers with Radar,126,93,46,6,271,2,11,21,0,34,128,104,67,6,305,0,0,0,305
09/29/2002,PVD,RI,ANE,EN,Towers with Radar,140,114,91,5,350,2,9,40,0,51,142,123,131,5,401,74,0,74,475
09/30/2002,PVD,RI,ANE,EN,Towers with Radar,146,95,86,5,332,2,14,26,0,42,148,109,112,5,374,16,0,16,390
10/01/2002,PVD,RI,ANE,EN,Towers with Radar,150,107,109,10,376,0,13,41,2,56,150,120,150,12,432,4,0,4,436
10/02/2002,PVD,RI,ANE,EN,Towers with Radar,146,113,109,3,371,0,4,29,1,34,146,117,138,4,405,16,0,16,421
10/03/2002,PVD,RI,ANE,EN,Towers with Radar,145,130,97,7,379,0,2,8,0,10,145,132,105,7,389,0,0,0,389
10/04/2002,PVD,RI,ANE,EN,Towers with Radar,150,127,108,11,396,0,0,18,0,18,150,127,126,11,414,22,0,22,436
10/05/2002,PVD,RI,ANE,EN,Towers with Radar,132,88,43,4,267,0,6,13,0,19,132,94,56,4,286,34,0,34,320
10/06/2002,PVD,RI,ANE,EN,Towers with Radar,148,117,82,13,360,0,3,36,0,39,148,120,118,13,399,18,0,18,417
10/07/2002,PVD,RI,ANE,EN,Towers with Radar,151,111,55,11,328,0,0,6,1,7,151,111,61,12,335,0,0,0,335
10/08/2002,PVD,RI,ANE,EN,Towers with Radar,156,89,96,8,349,0,2,33,6,41,156,91,129,14,390,16,0,16,406
10/09/2002,PVD,RI,ANE,EN,Towers with Radar,154,99,89,7,349,0,0,23,1,24,154,99,112,8,373,38,0,38,411
10/10/2002,PVD,RI,ANE,EN,Towers with Radar,154,98,91,6,349,0,0,17,0,17,154,98,108,6,366,24,0,24,390
10/11/2002,PVD,RI,ANE,EN,Towers with Radar,151,170,81,9,411,0,0,5,0,5,151,170,86,9,416,8,0,8,424
10/12/2002,PVD,RI,ANE,EN,Towers with Radar,140,117,41,6,304,0,0,1,0,1,140,117,42,6,305,0,0,0,305
10/13/2002,PVD,RI,ANE,EN,Towers with Radar,144,116,41,1,302,0,0,1,0,1,144,116,42,1,303,0,0,0,303
10/14/2002,PVD,RI,ANE,EN,Towers with Radar,155,118,80,3,356,0,18,38,2,58,155,136,118,5,414,4,0,4,418
10/15/2002,PVD,RI,ANE,EN,Towers with Radar,154,109,105,18,386,0,5,34,0,39,154,114,139,18,425,62,0,62,487
10/16/2002,PVD,RI,ANE,EN,Towers with Radar,148,88,38,4,278,0,0,2,0,2,148,88,40,4,280,0,0,0,280
10/17/2002,PVD,RI,ANE,EN,Towers with Radar,156,101,65,13,335,0,8,39,1,48,156,109,104,14,383,14,0,14,397
10/18/2002,PVD,RI,ANE,EN,Towers with Radar,149,109,72,7,337,0,13,43,0,56,149,122,115,7,393,16,0,16,409
10/19/2002,PVD,RI,ANE,EN,Towers with Radar,139,77,43,3,262,0,10,21,0,31,139,87,64,3,293,12,0,12,305
10/20/2002,PVD,RI,ANE,EN,Towers with Radar,142,93,85,5,325,0,18,31,0,49,142,111,116,5,374,80,0,80,454
10/21/2002,PVD,RI,ANE,EN,Towers with Radar,148,92,77,12,329,0,8,30,0,38,148,100,107,12,367,14,0,14,381
10/22/2002,PVD,RI,ANE,EN,Towers with Radar,154,103,83,4,344,0,2,30,0,32,154,105,113,4,376,38,0,38,414
10/23/2002,PVD,RI,ANE,EN,Towers with Radar,150,114,74,4,342,0,0,8,0,8,150,114,82,4,350,0,0,0,350
10/24/2002,PVD,RI,ANE,EN,Towers with Radar,152,115,97,7,371,0,1,26,1,28,152,116,123,8,399,4,0,4,403
10/25/2002,PVD,RI,ANE,EN,Towers with Radar,154,111,84,11,360,0,2,21,0,23,154,113,105,11,383,26,0,26,409
10/26/2002,PVD,RI,ANE,EN,Towers with Radar,108,77,32,4,221,30,25,0,0,55,138,102,32,4,276,4,0,4,280
10/27/2002,PVD,RI,ANE,EN,Towers with Radar,142,93,92,3,330,0,17,38,0,55,142,110,130,3,385,10,0,10,395
10/28/2002,PVD,RI,ANE,EN,Towers with Radar,156,88,54,4,302,0,10,36,0,46,156,98,90,4,348,0,0,0,348
10/29/2002,PVD,RI,ANE,EN,Towers with Radar,153,90,59,9,311,0,1,35,0,36,153,91,94,9,347,6,0,6,353
10/30/2002,PVD,RI,ANE,EN,Towers with Radar,153,97,49,5,304,0,0,9,0,9,153,97,58,5,313,0,0,0,313
10/31/2002,PVD,RI,ANE,EN,Towers with Radar,152,92,82,3,329,0,2,23,0,25,152,94,105,3,354,40,0,40,394
11/01/2002,PVD,RI,ANE,EN,Towers with Radar,147,99,92,9,347,1,9,25,0,35,148,108,117,9,382,20,0,20,402
11/02/2002,PVD,RI,ANE,EN,Towers with Radar,131,75,42,5,253,1,10,15,0,26,132,85,57,5,279,30,0,30,309
11/03/2002,PVD,RI,ANE,EN,Towers with Radar,141,81,86,5,313,1,7,36,1,45,142,88,122,6,358,28,0,28,386
11/04/2002,PVD,RI,ANE,EN,Towers with Radar,145,88,48,2,283,1,3,8,0,12,146,91,56,2,295,20,0,20,315
11/05/2002,PVD,RI,ANE,EN,Towers with Radar,151,95,73,4,323,1,1,19,0,21,152,96,92,4,344,18,0,18,362
11/06/2002,PVD,RI,ANE,EN,Towers with Radar,152,107,28,2,289,0,1,0,0,1,152,108,28,2,290,0,0,0,290
11/07/2002,PVD,RI,ANE,EN,Towers with Radar,150,95,71,13,329,0,8,18,0,26,150,103,89,13,355,66,0,66,421
11/08/2002,PVD,RI,ANE,EN,Towers with Radar,151,105,66,2,324,0,19,28,0,47,151,124,94,2,371,0,0,0,371
11/09/2002,PVD,RI,ANE,EN,Towers with Radar,136,72,89,11,308,0,7,38,1,46,136,79,127,12,354,48,0,48,402
11/10/2002,PVD,RI,ANE,EN,Towers with Radar,137,81,53,3,274,0,5,6,0,11,137,86,59,3,285,22,0,22,307
11/11/2002,PVD,RI,ANE,EN,Towers with Radar,160,101,28,4,293,0,1,1,0,2,160,102,29,4,295,0,0,0,295
11/12/2002,PVD,RI,ANE,EN,Towers with Radar,160,165,49,6,380,0,1,7,0,8,160,166,56,6,388,0,0,0,388
11/13/2002,PVD,RI,ANE,EN,Towers with Radar,152,106,76,3,337,0,0,1,2,3,152,106,77,5,340,2,0,2,342
11/14/2002,PVD,RI,ANE,EN,Towers with Radar,152,94,110,5,361,0,8,36,1,45,152,102,146,6,406,34,0,34,440
11/15/2002,PVD,RI,ANE,EN,Towers with Radar,153,96,79,9,337,0,12,33,3,48,153,108,112,12,385,38,0,38,423
11/16/2002,PVD,RI,ANE,EN,Towers with Radar,143,81,13,5,242,0,0,0,1,1,143,81,13,6,243,22,0,22,265
11/17/2002,PVD,RI,ANE,EN,Towers with Radar,151,97,27,12,287,0,0,0,0,0,151,97,27,12,287,0,0,0,287
11/18/2002,PVD,RI,ANE,EN,Towers with Radar,151,89,32,4,276,0,4,10,0,14,151,93,42,4,290,0,0,0,290
11/19/2002,PVD,RI,ANE,EN,Towers with Radar,151,94,60,1,306,0,0,27,0,27,151,94,87,1,333,14,0,14,347
11/20/2002,PVD,RI,ANE,EN,Towers with Radar,153,92,67,7,319,0,8,34,1,43,153,100,101,8,362,20,0,20,382
11/21/2002,PVD,RI,ANE,EN,Towers with Radar,154,98,56,8,316,0,0,0,0,0,154,98,56,8,316,0,0,0,316
11/22/2002,PVD,RI,ANE,EN,Towers with Radar,182,119,51,10,362,0,0,0,0,0,182,119,51,10,362,0,0,0,362
11/23/2002,PVD,RI,ANE,EN,Towers with Radar,132,68,21,1,222,0,5,2,0,7,132,73,23,1,229,0,0,0,229
11/24/2002,PVD,RI,ANE,EN,Towers with Radar,139,68,54,2,263,0,9,28,0,37,139,77,82,2,300,0,0,0,300
11/25/2002,PVD,RI,ANE,EN,Towers with Radar,147,89,76,10,322,0,3,47,0,50,147,92,123,10,372,0,0,0,372
11/26/2002,PVD,RI,ANE,EN,Towers with Radar,150,98,82,1,331,0,4,29,0,33,150,102,111,1,364,66,0,66,430
11/27/2002,PVD,RI,ANE,EN,Towers with Radar,156,132,35,0,323,0,0,1,0,1,156,132,36,0,324,0,0,0,324
11/28/2002,PVD,RI,ANE,EN,Towers with Radar,102,58,19,0,179,0,6,10,0,16,102,64,29,0,195,0,0,0,195
11/29/2002,PVD,RI,ANE,EN,Towers with Radar,129,74,44,4,251,0,5,18,0,23,129,79,62,4,274,20,0,20,294
11/30/2002,PVD,RI,ANE,EN,Towers with Radar,129,77,65,1,272,0,4,24,0,28,129,81,89,1,300,42,0,42,342
12/01/2002,PVD,RI,ANE,EN,Towers with Radar,138,87,55,1,281,0,18,5,0,23,138,105,60,1,304,0,0,0,304
12/02/2002,PVD,RI,ANE,EN,Towers with Radar,146,96,64,3,309,0,10,12,0,22,146,106,76,3,331,12,0,12,343
12/03/2002,PVD,RI,ANE,EN,Towers with Radar,156,93,55,2,306,0,5,16,0,21,156,98,71,2,327,52,0,52,379
12/04/2002,PVD,RI,ANE,EN,Towers with Radar,144,93,55,2,294,0,7,31,0,38,144,100,86,2,332,38,0,38,370
12/05/2002,PVD,RI,ANE,EN,Towers with Radar,110,73,38,5,226,0,0,3,0,3,110,73,41,5,229,6,0,6,235
12/06/2002,PVD,RI,ANE,EN,Towers with Radar,143,120,59,7,329,0,5,10,0,15,143,125,69,7,344,24,0,24,368
12/07/2002,PVD,RI,ANE,EN,Towers with Radar,130,68,59,8,265,0,12,24,0,36,130,80,83,8,301,8,0,8,309
12/08/2002,PVD,RI,ANE,EN,Towers with Radar,128,83,72,3,286,0,15,30,1,46,128,98,102,4,332,42,0,42,374
12/09/2002,PVD,RI,ANE,EN,Towers with Radar,144,83,61,4,292,0,4,21,0,25,144,87,82,4,317,10,0,10,327
12/10/2002,PVD,RI,ANE,EN,Towers with Radar,148,100,84,4,336,0,14,23,0,37,148,114,107,4,373,64,0,64,437
12/11/2002,PVD,RI,ANE,EN,Towers with Radar,150,94,47,6,297,0,1,12,0,13,150,95,59,6,310,0,0,0,310
12/12/2002,PVD,RI,ANE,EN,Towers with Radar,154,130,51,6,341,0,0,1,0,1,154,130,52,6,342,0,0,0,342
12/13/2002,PVD,RI,ANE,EN,Towers with Radar,144,104,73,10,331,0,5,27,0,32,144,109,100,10,363,14,0,14,377
12/14/2002,PVD,RI,ANE,EN,Towers with Radar,130,102,15,1,248,0,0,1,0,1,130,102,16,1,249,0,0,0,249
12/15/2002,PVD,RI,ANE,EN,Towers with Radar,131,80,48,2,261,6,0,30,0,36,137,80,78,2,297,16,0,16,313
12/16/2002,PVD,RI,ANE,EN,Towers with Radar,135,85,27,4,251,37,15,0,0,52,172,100,27,4,303,0,0,0,303
12/17/2002,PVD,RI,ANE,EN,Towers with Radar,152,95,65,9,321,0,1,18,2,21,152,96,83,11,342,66,0,66,408
12/18/2002,PVD,RI,ANE,EN,Towers with Radar,150,114,88,6,358,0,4,31,3,38,150,118,119,9,396,36,0,36,432
12/19/2002,PVD,RI,ANE,EN,Towers with Radar,156,109,98,4,367,0,9,24,1,34,156,118,122,5,401,10,0,10,411
12/20/2002,PVD,RI,ANE,EN,Towers with Radar,158,104,30,2,294,0,0,0,1,1,158,104,30,3,295,0,0,0,295
12/21/2002,PVD,RI,ANE,EN,Towers with Radar,134,70,26,13,243,0,8,13,0,21,134,78,39,13,264,20,0,20,284
12/22/2002,PVD,RI,ANE,EN,Towers with Radar,139,72,74,4,289,0,5,34,0,39,139,77,108,4,328,50,0,50,378
12/23/2002,PVD,RI,ANE,EN,Towers with Radar,139,86,44,4,273,0,11,18,0,29,139,97,62,4,302,10,0,10,312
12/24/2002,PVD,RI,ANE,EN,Towers with Radar,129,76,44,3,252,0,7,29,0,36,129,83,73,3,288,0,0,0,288
12/25/2002,PVD,RI,ANE,EN,Towers with Radar,124,50,5,6,185,0,0,0,0,0,124,50,5,6,185,0,0,0,185
12/26/2002,PVD,RI,ANE,EN,Towers with Radar,149,66,26,4,245,0,6,7,2,15,149,72,33,6,260,0,0,0,260
12/27/2002,PVD,RI,ANE,EN,Towers with Radar,147,88,49,7,291,0,4,28,0,32,147,92,77,7,323,18,0,18,341
12/28/2002,PVD,RI,ANE,EN,Towers with Radar,133,68,80,3,284,0,11,23,0,34,133,79,103,3,318,32,2,34,352
12/29/2002,PVD,RI,ANE,EN,Towers with Radar,136,89,73,6,304,0,12,29,1,42,136,101,102,7,346,6,0,6,352
12/30/2002,PVD,RI,ANE,EN,Towers with Radar,145,83,43,2,273,0,1,27,0,28,145,84,70,2,301,10,0,10,311
12/31/2002,PVD,RI,ANE,EN,Towers with Radar,125,70,30,8,233,0,0,0,1,1,125,70,30,9,234,40,23,63,297
01/01/2003,PVD,RI,ANE,EN,Towers with Radar,126,68,38,1,233,0,3,9,0,12,126,71,47,1,245,0,0,0,245
01/02/2003,PVD,RI,ANE,EN,Towers with Radar,147,69,15,2,233,0,1,1,0,2,147,70,16,2,235,4,0,4,239
01/03/2003,PVD,RI,ANE,EN,Towers with Radar,147,88,23,3,261,0,1,3,0,4,147,89,26,3,265,0,0,0,265
01/04/2003,PVD,RI,ANE,EN,Towers with Radar,124,75,17,1,217,0,1,0,0,1,124,76,17,1,218,0,0,0,218
01/05/2003,PVD,RI,ANE,EN,Towers with Radar,134,59,54,4,251,0,5,28,0,33,134,64,82,4,284,0,0,0,284
01/06/2003,PVD,RI,ANE,EN,Towers with Radar,145,82,43,2,272,0,2,27,0,29,145,84,70,2,301,0,0,0,301
01/07/2003,PVD,RI,ANE,EN,Towers with Radar,148,103,42,5,298,0,1,0,0,1,148,104,42,5,299,20,0,20,319
01/08/2003,PVD,RI,ANE,EN,Towers with Radar,150,90,41,4,285,0,4,12,2,18,150,94,53,6,303,0,0,0,303
01/09/2003,PVD,RI,ANE,EN,Towers with Radar,147,89,73,9,318,0,5,12,1,18,147,94,85,10,336,48,0,48,384
01/10/2003,PVD,RI,ANE,EN,Towers with Radar,145,80,39,5,269,0,9,25,0,34,145,89,64,5,303,18,0,18,321
01/11/2003,PVD,RI,ANE,EN,Towers with Radar,121,60,43,4,228,3,0,26,1,30,124,60,69,5,258,16,0,16,274
01/12/2003,PVD,RI,ANE,EN,Towers with Radar,134,70,49,1,254,0,9,17,0,26,134,79,66,1,280,26,0,26,306
01/13/2003,PVD,RI,ANE,EN,Towers with Radar,132,77,36,1,246,0,8,15,0,23,132,85,51,1,269,16,0,16,285
01/14/2003,PVD,RI,ANE,EN,Towers with Radar,148,77,59,5,289,0,8,28,0,36,148,85,87,5,325,6,0,6,331
01/15/2003,PVD,RI,ANE,EN,Towers with Radar,148,85,68,4,305,0,11,27,0,38,148,96,95,4,343,14,0,14,357
01/16/2003,PVD,RI,ANE,EN,Towers with Radar,138,70,41,10,259,0,11,33,2,46,138,81,74,12,305,2,0,2,307
01/17/2003,PVD,RI,ANE,EN,Towers with Radar,136,85,51,4,276,0,2,14,0,16,136,87,65,4,292,0,0,0,292
01/18/2003,PVD,RI,ANE,EN,Towers with Radar,116,63,60,2,241,0,4,14,0,18,116,67,74,2,259,2,0,2,261
01/19/2003,PVD,RI,ANE,EN,Towers with Radar,130,76,40,3,249,0,1,19,0,20,130,77,59,3,269,42,0,42,311
01/20/2003,PVD,RI,ANE,EN,Towers with Radar,140,84,39,3,266,0,11,8,0,19,140,95,47,3,285,30,0,30,315
01/21/2003,PVD,RI,ANE,EN,Towers with Radar,148,86,45,9,288,0,9,11,0,20,148,95,56,9,308,8,0,8,316
01/22/2003,PVD,RI,ANE,EN,Towers with Radar,144,79,36,4,263,0,9,6,0,15,144,88,42,4,278,0,0,0,278
01/23/2003,PVD,RI,ANE,EN,Towers with Radar,136,77,56,12,281,0,5,11,0,16,136,82,67,12,297,22,0,22,319
01/24/2003,PVD,RI,ANE,EN,Towers with Radar,130,75,45,2,252,5,16,32,0,53,135,91,77,2,305,0,0,0,305
01/25/2003,PVD,RI,ANE,EN,Towers with Radar,118,65,68,1,252,0,8,30,0,38,118,73,98,1,290,18,0,18,308
01/26/2003,PVD,RI,ANE,EN,Towers with Radar,129,56,52,4,241,0,4,19,0,23,129,60,71,4,264,26,0,26,290
01/27/2003,PVD,RI,ANE,EN,Towers with Radar,134,87,52,1,274,0,5,12,0,17,134,92,64,1,291,6,0,6,297
01/28/2003,PVD,RI,ANE,EN,Towers with Radar,138,93,63,23,317,0,10,21,0,31,138,103,84,23,348,14,0,14,362
01/29/2003,PVD,RI,ANE,EN,Towers with Radar,142,86,53,6,287,0,1,3,0,4,142,87,56,6,291,16,0,16,307
01/30/2003,PVD,RI,ANE,EN,Towers with Radar,141,87,88,11,327,0,0,15,0,15,141,87,103,11,342,26,0,26,368
01/31/2003,PVD,RI,ANE,EN,Towers with Radar,136,98,37,12,283,0,0,1,0,1,136,98,38,12,284,10,0,10,294
02/01/2003,PVD,RI,ANE,EN,Towers with Radar,113,67,12,3,195,16,7,0,2,25,129,74,12,5,220,0,0,0,220
02/02/2003,PVD,RI,ANE,EN,Towers with Radar,93,55,14,1,163,23,14,0,0,37,116,69,14,1,200,0,0,0,200
02/03/2003,PVD,RI,ANE,EN,Towers with Radar,133,99,67,2,301,0,10,31,2,43,133,109,98,4,344,36,0,36,380
02/04/2003,PVD,RI,ANE,EN,Towers with Radar,138,82,44,3,267,4,6,0,0,10,142,88,44,3,277,0,0,0,277
02/05/2003,PVD,RI,ANE,EN,Towers with Radar,142,81,68,7,298,0,5,27,0,32,142,86,95,7,330,4,0,4,334
02/06/2003,PVD,RI,ANE,EN,Towers with Radar,142,81,88,10,321,0,8,29,0,37,142,89,117,10,358,12,0,12,370
02/07/2003,PVD,RI,ANE,EN,Towers with Radar,97,57,19,1,174,24,1,0,0,25,121,58,19,1,199,0,0,0,199
02/08/2003,PVD,RI,ANE,EN,Towers with Radar,111,71,51,6,239,0,11,29,3,43,111,82,80,9,282,12,0,12,294
02/09/2003,PVD,RI,ANE,EN,Towers with Radar,131,67,84,5,287,0,4,40,0,44,131,71,124,5,331,20,0,20,351
02/10/2003,PVD,RI,ANE,EN,Towers with Radar,128,75,30,6,239,0,4,6,0,10,128,79,36,6,249,0,0,0,249
02/11/2003,PVD,RI,ANE,EN,Towers with Radar,149,81,39,3,272,0,5,13,0,18,149,86,52,3,290,0,0,0,290
02/12/2003,PVD,RI,ANE,EN,Towers with Radar,148,99,50,11,308,0,5,17,3,25,148,104,67,14,333,2,0,2,335
02/13/2003,PVD,RI,ANE,EN,Towers with Radar,139,95,53,4,291,0,6,19,0,25,139,101,72,4,316,0,0,0,316
02/14/2003,PVD,RI,ANE,EN,Towers with Radar,143,90,58,3,294,0,6,28,0,34,143,96,86,3,328,0,0,0,328
02/15/2003,PVD,RI,ANE,EN,Towers with Radar,113,61,59,0,233,0,1,18,0,19,113,62,77,0,252,0,0,0,252
02/16/2003,PVD,RI,ANE,EN,Towers with Radar,110,61,51,1,223,0,2,11,1,14,110,63,62,2,237,30,0,30,267
02/17/2003,PVD,RI,ANE,EN,Towers with Radar,34,10,1,0,45,0,0,2,1,3,34,10,3,1,48,0,0,0,48
02/18/2003,PVD,RI,ANE,EN,Towers with Radar,105,62,36,3,206,11,8,6,2,27,116,70,42,5,233,0,0,0,233
02/19/2003,PVD,RI,ANE,EN,Towers with Radar,144,87,45,6,282,0,5,23,0,28,144,92,68,6,310,16,0,16,326
02/20/2003,PVD,RI,ANE,EN,Towers with Radar,145,99,60,3,307,0,1,38,0,39,145,100,98,3,346,8,0,8,354
02/21/2003,PVD,RI,ANE,EN,Towers with Radar,138,100,60,4,302,0,6,43,0,49,138,106,103,4,351,10,0,10,361
02/22/2003,PVD,RI,ANE,EN,Towers with Radar,116,69,23,1,209,0,0,2,0,2,116,69,25,1,211,0,0,0,211
02/23/2003,PVD,RI,ANE,EN,Towers with Radar,136,87,28,3,254,0,0,2,0,2,136,87,30,3,256,0,0,0,256
02/24/2003,PVD,RI,ANE,EN,Towers with Radar,140,98,53,4,295,0,2,12,0,14,140,100,65,4,309,6,0,6,315
02/25/2003,PVD,RI,ANE,EN,Towers with Radar,142,81,48,6,277,0,4,21,2,27,142,85,69,8,304,14,0,14,318
02/26/2003,PVD,RI,ANE,EN,Towers with Radar,145,68,71,3,287,0,0,17,0,17,145,68,88,3,304,22,0,22,326
02/27/2003,PVD,RI,ANE,EN,Towers with Radar,142,78,55,0,275,0,0,13,1,14,142,78,68,1,289,12,0,12,301
02/28/2003,PVD,RI,ANE,EN,Towers with Radar,141,85,31,8,265,0,0,5,1,6,141,85,36,9,271,6,0,6,277
03/01/2003,PVD,RI,ANE,EN,Towers with Radar,113,52,49,3,217,0,0,33,0,33,113,52,82,3,250,6,0,6,256
03/02/2003,PVD,RI,ANE,EN,Towers with Radar,130,80,15,5,230,0,0,4,0,4,130,80,19,5,234,2,0,2,236
03/03/2003,PVD,RI,ANE,EN,Towers with Radar,138,77,31,3,249,0,1,7,1,9,138,78,38,4,258,0,0,0,258
03/04/2003,PVD,RI,ANE,EN,Towers with Radar,144,83,81,5,313,0,2,20,1,23,144,85,101,6,336,10,0,10,346
03/05/2003,PVD,RI,ANE,EN,Towers with Radar,146,76,38,2,262,0,0,3,0,3,146,76,41,2,265,0,0,0,265
03/06/2003,PVD,RI,ANE,EN,Towers with Radar,150,71,27,5,253,0,0,3,0,3,150,71,30,5,256,0,0,0,256
03/07/2003,PVD,RI,ANE,EN,Towers with Radar,138,78,70,2,288,0,4,25,0,29,138,82,95,2,317,6,0,6,323
03/08/2003,PVD,RI,ANE,EN,Towers with Radar,114,51,96,2,263,0,3,43,0,46,114,54,139,2,309,66,0,66,375
03/09/2003,PVD,RI,ANE,EN,Towers with Radar,101,55,43,2,201,32,9,10,0,51,133,64,53,2,252,0,0,0,252
03/10/2003,PVD,RI,ANE,EN,Towers with Radar,144,73,52,3,272,0,6,15,0,21,144,79,67,3,293,14,0,14,307
03/11/2003,PVD,RI,ANE,EN,Towers with Radar,147,79,81,8,315,0,8,35,0,43,147,87,116,8,358,14,0,14,372
03/12/2003,PVD,RI,ANE,EN,Towers with Radar,144,79,83,6,312,0,0,18,1,19,144,79,101,7,331,14,0,14,345
03/13/2003,PVD,RI,ANE,EN,Towers with Radar,112,60,28,4,204,42,17,0,4,63,154,77,28,8,267,0,0,0,267
03/14/2003,PVD,RI,ANE,EN,Towers with Radar,144,78,53,6,281,0,2,28,0,30,144,80,81,6,311,6,0,6,317
03/15/2003,PVD,RI,ANE,EN,Towers with Radar,109,54,85,5,253,0,2,38,0,40,109,56,123,5,293,74,0,74,367
03/16/2003,PVD,RI,ANE,EN,Towers with Radar,133,70,125,6,334,0,1,40,0,41,133,71,165,6,375,50,0,50,425
03/17/2003,PVD,RI,ANE,EN,Towers with Radar,141,85,94,3,323,0,0,24,0,24,141,85,118,3,347,26,0,26,373
03/18/2003,PVD,RI,ANE,EN,Towers with Radar,148,96,55,3,302,0,0,16,0,16,148,96,71,3,318,0,0,0,318
03/19/2003,PVD,RI,ANE,EN,Towers with Radar,142,88,100,10,340,0,0,16,1,17,142,88,116,11,357,12,0,12,369
03/20/2003,PVD,RI,ANE,EN,Towers with Radar,140,87,69,5,301,0,0,0,1,1,140,87,69,6,302,24,0,24,326
03/21/2003,PVD,RI,ANE,EN,Towers with Radar,121,67,38,4,230,21,9,0,5,35,142,76,38,9,265,4,0,4,269
03/22/2003,PVD,RI,ANE,EN,Towers with Radar,114,57,46,4,221,0,3,9,0,12,114,60,55,4,233,48,0,48,281
03/23/2003,PVD,RI,ANE,EN,Towers with Radar,131,78,77,6,292,0,5,38,0,43,131,83,115,6,335,72,0,72,407
03/24/2003,PVD,RI,ANE,EN,Towers with Radar,144,88,60,4,296,0,2,21,0,23,144,90,81,4,319,20,0,20,339
03/25/2003,PVD,RI,ANE,EN,Towers with Radar,146,86,71,5,308,0,1,10,1,12,146,87,81,6,320,10,0,10,330
03/26/2003,PVD,RI,ANE,EN,Towers with Radar,145,80,66,5,296,0,0,16,1,17,145,80,82,6,313,12,0,12,325
03/27/2003,PVD,RI,ANE,EN,Towers with Radar,158,79,90,16,343,0,4,22,1,27,158,83,112,17,370,12,0,12,382
03/28/2003,PVD,RI,ANE,EN,Towers with Radar,142,94,79,3,318,0,0,27,0,27,142,94,106,3,345,64,0,64,409
03/29/2003,PVD,RI,ANE,EN,Towers with Radar,115,70,47,3,235,0,1,2,0,3,115,71,49,3,238,0,0,0,238
03/30/2003,PVD,RI,ANE,EN,Towers with Radar,156,93,27,0,276,0,0,2,0,2,156,93,29,0,278,0,0,0,278
03/31/2003,PVD,RI,ANE,EN,Towers with Radar,138,75,41,2,256,0,0,11,0,11,138,75,52,2,267,0,0,0,267
04/01/2003,PVD,RI,ANE,EN,Towers with Radar,139,72,58,0,269,3,3,10,0,16,142,75,68,0,285,6,0,6,291
04/02/2003,PVD,RI,ANE,EN,Towers with Radar,150,88,80,6,324,0,0,5,3,8,150,88,85,9,332,42,0,42,374
04/03/2003,PVD,RI,ANE,EN,Towers with Radar,142,81,75,9,307,3,1,2,0,6,145,82,77,9,313,18,0,18,331
04/04/2003,PVD,RI,ANE,EN,Towers with Radar,128,91,30,10,259,3,1,0,0,4,131,92,30,10,263,0,0,0,263
04/05/2003,PVD,RI,ANE,EN,Towers with Radar,115,71,12,3,201,3,1,0,0,4,118,72,12,3,205,0,0,0,205
04/06/2003,PVD,RI,ANE,EN,Towers with Radar,126,67,75,7,275,3,5,19,0,27,129,72,94,7,302,4,0,4,306
04/07/2003,PVD,RI,ANE,EN,Towers with Radar,136,69,43,6,254,3,1,2,0,6,139,70,45,6,260,0,0,0,260
04/08/2003,PVD,RI,ANE,EN,Towers with Radar,144,109,39,3,295,2,2,0,0,4,146,111,39,3,299,0,0,0,299
04/09/2003,PVD,RI,ANE,EN,Towers with Radar,140,87,50,6,283,2,2,0,0,4,142,89,50,6,287,0,0,0,287
04/10/2003,PVD,RI,ANE,EN,Towers with Radar,142,95,86,10,333,2,8,18,0,28,144,103,104,10,361,14,0,14,375
04/11/2003,PVD,RI,ANE,EN,Towers with Radar,143,114,47,16,320,2,2,2,0,6,145,116,49,16,326,0,0,0,326
04/12/2003,PVD,RI,ANE,EN,Towers with Radar,113,62,37,3,215,2,3,6,0,11,115,65,43,3,226,16,0,16,242
04/13/2003,PVD,RI,ANE,EN,Towers with Radar,131,86,154,8,379,2,4,26,2,34,133,90,180,10,413,50,0,50,463
04/14/2003,PVD,RI,ANE,EN,Towers with Radar,136,79,72,7,294,2,6,19,0,27,138,85,91,7,321,22,0,22,343
04/15/2003,PVD,RI,ANE,EN,Towers with Radar,136,83,109,11,339,2,10,31,0,43,138,93,140,11,382,56,0,56,438
04/16/2003,PVD,RI,ANE,EN,Towers with Radar,144,79,76,6,305,2,8,21,0,31,146,87,97,6,336,8,0,8,344
04/17/2003,PVD,RI,ANE,EN,Towers with Radar,139,91,67,6,303,2,2,17,0,21,141,93,84,6,324,0,0,0,324
04/18/2003,PVD,RI,ANE,EN,Towers with Radar,146,83,78,4,311,2,4,19,0,25,148,87,97,4,336,46,0,46,382
04/19/2003,PVD,RI,ANE,EN,Towers with Radar,114,72,90,8,284,2,5,28,3,38,116,77,118,11,322,44,0,44,366
04/20/2003,PVD,RI,ANE,EN,Towers with Radar,113,69,59,5,246,22,0,14,0,36,135,69,73,5,282,0,0,0,282
04/21/2003,PVD,RI,ANE,EN,Towers with Radar,132,83,62,4,281,2,9,20,0,31,134,92,82,4,312,10,0,10,322
04/22/2003,PVD,RI,ANE,EN,Towers with Radar,142,97,65,4,308,2,1,0,0,3,144,98,65,4,311,0,0,0,311
04/23/2003,PVD,RI,ANE,EN,Towers with Radar,140,97,79,3,319,2,4,15,2,23,142,101,94,5,342,42,2,44,386
04/24/2003,PVD,RI,ANE,EN,Towers with Radar,146,75,45,6,272,2,3,19,0,24,148,78,64,6,296,28,0,28,324
04/25/2003,PVD,RI,ANE,EN,Towers with Radar,136,89,122,6,353,2,6,42,0,50,138,95,164,6,403,22,0,22,425
04/26/2003,PVD,RI,ANE,EN,Towers with Radar,111,70,24,2,207,2,1,0,0,3,113,71,24,2,210,0,0,0,210
04/27/2003,PVD,RI,ANE,EN,Towers with Radar,128,100,83,4,315,0,2,51,0,53,128,102,134,4,368,4,0,4,372
04/28/2003,PVD,RI,ANE,EN,Towers with Radar,136,79,86,5,306,2,13,28,0,43,138,92,114,5,349,28,0,28,377
04/29/2003,PVD,RI,ANE,EN,Towers with Radar,138,108,94,8,348,0,0,24,1,25,138,108,118,9,373,46,0,46,419
04/30/2003,PVD,RI,ANE,EN,Towers with Radar,134,87,94,5,320,2,5,19,0,26,136,92,113,5,346,32,0,32,378
05/01/2003,PVD,RI,ANE,EN,Towers with Radar,144,90,67,8,309,0,0,2,0,2,144,90,69,8,311,2,0,2,313
05/02/2003,PVD,RI,ANE,EN,Towers with Radar,141,96,66,7,310,0,9,16,0,25,141,105,82,7,335,20,0,20,355
05/03/2003,PVD,RI,ANE,EN,Towers with Radar,115,68,37,10,230,0,5,19,0,24,115,73,56,10,254,24,0,24,278
05/04/2003,PVD,RI,ANE,EN,Towers with Radar,133,77,98,13,321,0,5,45,0,50,133,82,143,13,371,80,0,80,451
05/05/2003,PVD,RI,ANE,EN,Towers with Radar,138,74,64,3,279,0,7,19,0,26,138,81,83,3,305,16,0,16,321
05/06/2003,PVD,RI,ANE,EN,Towers with Radar,138,96,57,4,295,0,0,2,0,2,138,96,59,4,297,2,0,2,299
05/07/2003,PVD,RI,ANE,EN,Towers with Radar,135,82,86,17,320,0,2,20,0,22,135,84,106,17,342,44,0,44,386
05/08/2003,PVD,RI,ANE,EN,Towers with Radar,154,114,88,14,370,0,0,3,0,3,154,114,91,14,373,0,0,0,373
05/09/2003,PVD,RI,ANE,EN,Towers with Radar,140,99,109,7,355,0,1,22,2,25,140,100,131,9,380,4,0,4,384
05/10/2003,PVD,RI,ANE,EN,Towers with Radar,116,62,70,4,252,0,5,20,0,25,116,67,90,4,277,4,0,4,281
05/11/2003,PVD,RI,ANE,EN,Towers with Radar,132,66,56,5,259,0,2,11,0,13,132,68,67,5,272,2,0,2,274
05/12/2003,PVD,RI,ANE,EN,Towers with Radar,140,95,71,7,313,0,1,7,1,9,140,96,78,8,322,28,0,28,350
05/13/2003,PVD,RI,ANE,EN,Towers with Radar,138,90,67,14,309,0,4,22,0,26,138,94,89,14,335,0,0,0,335
05/14/2003,PVD,RI,ANE,EN,Towers with Radar,137,77,97,11,322,0,6,29,1,36,137,83,126,12,358,26,0,26,384
05/15/2003,PVD,RI,ANE,EN,Towers with Radar,140,79,97,12,328,0,6,29,1,36,140,85,126,13,364,8,0,8,372
05/16/2003,PVD,RI,ANE,EN,Towers with Radar,138,105,60,17,320,0,1,6,1,8,138,106,66,18,328,0,0,0,328
05/17/2003,PVD,RI,ANE,EN,Towers with Radar,112,53,64,6,235,4,0,6,0,10,116,53,70,6,245,12,0,12,257
05/18/2003,PVD,RI,ANE,EN,Towers with Radar,134,71,106,4,315,0,6,25,0,31,134,77,131,4,346,58,0,58,404
05/19/2003,PVD,RI,ANE,EN,Towers with Radar,138,72,106,7,323,0,4,29,2,35,138,76,135,9,358,20,0,20,378
05/20/2003,PVD,RI,ANE,EN,Towers with Radar,146,83,87,9,325,0,1,25,0,26,146,84,112,9,351,10,0,10,361
05/21/2003,PVD,RI,ANE,EN,Towers with Radar,139,114,73,12,338,0,3,9,0,12,139,117,82,12,350,4,0,4,354
05/22/2003,PVD,RI,ANE,EN,Towers with Radar,137,135,86,11,369,0,0,6,0,6,137,135,92,11,375,8,0,8,383
05/23/2003,PVD,RI,ANE,EN,Towers with Radar,137,153,94,0,384,0,0,1,0,1,137,153,95,0,385,0,0,0,385
05/24/2003,PVD,RI,ANE,EN,Towers with Radar,92,63,36,5,196,25,28,0,3,56,117,91,36,8,252,0,0,0,252
05/25/2003,PVD,RI,ANE,EN,Towers with Radar,119,83,76,9,287,0,0,4,0,4,119,83,80,9,291,62,0,62,353
05/26/2003,PVD,RI,ANE,EN,Towers with Radar,120,155,58,0,333,0,0,1,0,1,120,155,59,0,334,0,0,0,334
05/27/2003,PVD,RI,ANE,EN,Towers with Radar,130,117,93,7,347,0,0,14,0,14,130,117,107,7,361,48,0,48,409
05/28/2003,PVD,RI,ANE,EN,Towers with Radar,146,86,88,14,334,0,6,29,0,35,146,92,117,14,369,28,0,28,397
05/29/2003,PVD,RI,ANE,EN,Towers with Radar,138,105,78,16,337,0,18,29,2,49,138,123,107,18,386,26,0,26,412
05/30/2003,PVD,RI,ANE,EN,Towers with Radar,139,110,96,4,349,0,14,27,0,41,139,124,123,4,390,92,0,92,482
05/31/2003,PVD,RI,ANE,EN,Towers with Radar,115,68,86,6,275,0,2,23,0,25,115,70,109,6,300,64,0,64,364
06/01/2003,PVD,RI,ANE,EN,Towers with Radar,131,93,24,3,251,0,0,3,0,3,131,93,27,3,254,8,0,8,262
06/02/2003,PVD,RI,ANE,EN,Towers with Radar,134,79,97,5,315,0,9,31,1,41,134,88,128,6,356,4,0,4,360
06/03/2003,PVD,RI,ANE,EN,Towers with Radar,140,77,100,6,323,0,5,47,0,52,140,82,147,6,375,8,0,8,383
06/04/2003,PVD,RI,ANE,EN,Towers with Radar,142,118,64,16,340,0,0,3,0,3,142,118,67,16,343,0,0,0,343
06/05/2003,PVD,RI,ANE,EN,Towers with Radar,160,156,107,12,435,0,0,4,0,4,160,156,111,12,439,0,0,0,439
06/06/2003,PVD,RI,ANE,EN,Towers with Radar,136,105,122,6,369,0,22,50,2,74,136,127,172,8,443,6,0,6,449
06/07/2003,PVD,RI,ANE,EN,Towers with Radar,110,89,67,7,273,10,0,0,0,10,120,89,67,7,283,2,0,2,285
06/08/2003,PVD,RI,ANE,EN,Towers with Radar,135,126,124,7,392,0,0,12,0,12,135,126,136,7,404,68,0,68,472
06/09/2003,PVD,RI,ANE,EN,Towers with Radar,142,107,72,4,325,0,0,9,1,10,142,107,81,5,335,50,0,50,385
06/10/2003,PVD,RI,ANE,EN,Towers with Radar,144,101,93,7,345,0,9,61,2,72,144,110,154,9,417,76,0,76,493
06/11/2003,PVD,RI,ANE,EN,Towers with Radar,142,110,83,8,343,0,0,14,1,15,142,110,97,9,358,34,0,34,392
06/12/2003,PVD,RI,ANE,EN,Towers with Radar,144,130,83,9,366,0,0,3,1,4,144,130,86,10,370,0,0,0,370
06/13/2003,PVD,RI,ANE,EN,Towers with Radar,149,134,56,5,344,0,0,5,0,5,149,134,61,5,349,8,0,8,357
06/14/2003,PVD,RI,ANE,EN,Towers with Radar,129,107,59,5,300,0,1,17,0,18,129,108,76,5,318,68,0,68,386
06/15/2003,PVD,RI,ANE,EN,Towers with Radar,145,116,115,8,384,0,2,41,1,44,145,118,156,9,428,22,0,22,450
06/16/2003,PVD,RI,ANE,EN,Towers with Radar,141,109,123,6,379,0,0,33,0,33,141,109,156,6,412,56,0,56,468
06/17/2003,PVD,RI,ANE,EN,Towers with Radar,148,102,103,6,359,0,13,39,1,53,148,115,142,7,412,20,0,20,432
06/18/2003,PVD,RI,ANE,EN,Towers with Radar,135,113,70,8,326,8,15,0,2,25,143,128,70,10,351,8,0,8,359
06/19/2003,PVD,RI,ANE,EN,Towers with Radar,147,146,106,10,409,0,0,12,0,12,147,146,118,10,421,38,0,38,459
06/20/2003,PVD,RI,ANE,EN,Towers with Radar,148,124,105,15,392,0,0,15,0,15,148,124,120,15,407,8,0,8,415
06/21/2003,PVD,RI,ANE,EN,Towers with Radar,136,132,86,10,364,0,0,11,0,11,136,132,97,10,375,12,0,12,387
06/22/2003,PVD,RI,ANE,EN,Towers with Radar,143,125,74,4,346,0,20,0,0,20,143,145,74,4,366,0,0,0,366
06/23/2003,PVD,RI,ANE,EN,Towers with Radar,142,144,123,3,412,0,2,14,0,16,142,146,137,3,428,12,0,12,440
06/24/2003,PVD,RI,ANE,EN,Towers with Radar,148,107,119,7,381,0,17,43,0,60,148,124,162,7,441,2,0,2,443
06/25/2003,PVD,RI,ANE,EN,Towers with Radar,144,117,114,8,383,0,10,51,2,63,144,127,165,10,446,4,0,4,450
06/26/2003,PVD,RI,ANE,EN,Towers with Radar,143,121,110,31,405,0,16,47,1,64,143,137,157,32,469,30,0,30,499
06/27/2003,PVD,RI,ANE,EN,Towers with Radar,144,177,105,15,441,0,1,21,0,22,144,178,126,15,463,58,0,58,521
06/28/2003,PVD,RI,ANE,EN,Towers with Radar,132,87,125,2,346,0,4,33,0,37,132,91,158,2,383,48,0,48,431
06/29/2003,PVD,RI,ANE,EN,Towers with Radar,142,113,108,8,371,0,0,36,2,38,142,113,144,10,409,16,0,16,425
06/30/2003,PVD,RI,ANE,EN,Towers with Radar,138,144,74,29,385,0,1,19,1,21,138,145,93,30,406,28,0,28,434
07/01/2003,PVD,RI,ANE,EN,Towers with Radar,146,91,122,6,365,0,9,41,1,51,146,100,163,7,416,18,0,18,434
07/02/2003,PVD,RI,ANE,EN,Towers with Radar,146,115,141,12,414,0,10,63,0,73,146,125,204,12,487,16,0,16,503
07/03/2003,PVD,RI,ANE,EN,Towers with Radar,144,189,163,10,506,0,4,20,0,24,144,193,183,10,530,8,0,8,538
07/04/2003,PVD,RI,ANE,EN,Towers with Radar,113,108,70,10,301,0,0,18,0,18,113,108,88,10,319,0,0,0,319
07/05/2003,PVD,RI,ANE,EN,Towers with Radar,124,87,82,4,297,0,16,34,1,51,124,103,116,5,348,8,0,8,356
07/06/2003,PVD,RI,ANE,EN,Towers with Radar,137,111,205,8,461,0,29,55,0,84,137,140,260,8,545,18,0,18,563
07/07/2003,PVD,RI,ANE,EN,Towers with Radar,144,126,124,7,401,0,9,29,0,38,144,135,153,7,439,24,0,24,463
07/08/2003,PVD,RI,ANE,EN,Towers with Radar,142,120,129,17,408,0,10,40,0,50,142,130,169,17,458,14,0,14,472
07/09/2003,PVD,RI,ANE,EN,Towers with Radar,145,113,96,10,364,0,5,20,0,25,145,118,116,10,389,0,0,0,389
07/10/2003,PVD,RI,ANE,EN,Towers with Radar,150,108,129,8,395,0,0,35,3,38,150,108,164,11,433,24,0,24,457
07/11/2003,PVD,RI,ANE,EN,Towers with Radar,153,203,69,20,445,0,0,0,0,0,153,203,69,20,445,0,0,0,445
07/12/2003,PVD,RI,ANE,EN,Towers with Radar,138,117,119,8,382,0,11,64,7,82,138,128,183,15,464,4,0,4,468
07/13/2003,PVD,RI,ANE,EN,Towers with Radar,144,131,183,18,476,0,20,45,0,65,144,151,228,18,541,12,0,12,553
07/14/2003,PVD,RI,ANE,EN,Towers with Radar,131,110,113,3,357,13,30,24,0,67,144,140,137,3,424,34,0,34,458
07/15/2003,PVD,RI,ANE,EN,Towers with Radar,150,116,94,11,371,0,3,33,2,38,150,119,127,13,409,16,0,16,425
07/16/2003,PVD,RI,ANE,EN,Towers with Radar,149,132,76,9,366,0,0,5,0,5,149,132,81,9,371,40,0,40,411
07/17/2003,PVD,RI,ANE,EN,Towers with Radar,148,108,174,5,435,0,17,54,1,72,148,125,228,6,507,64,0,64,571
07/18/2003,PVD,RI,ANE,EN,Towers with Radar,144,136,114,11,405,0,16,38,1,55,144,152,152,12,460,36,0,36,496
07/19/2003,PVD,RI,ANE,EN,Towers with Radar,136,92,134,6,368,0,10,56,0,66,136,102,190,6,434,38,0,38,472
07/20/2003,PVD,RI,ANE,EN,Towers with Radar,142,104,170,5,421,0,18,47,0,65,142,122,217,5,486,48,0,48,534
07/21/2003,PVD,RI,ANE,EN,Towers with Radar,150,133,112,8,403,0,6,20,0,26,150,139,132,8,429,6,0,6,435
07/22/2003,PVD,RI,ANE,EN,Towers with Radar,140,131,58,5,334,0,0,2,0,2,140,131,60,5,336,0,0,0,336
07/23/2003,PVD,RI,ANE,EN,Towers with Radar,149,124,88,7,368,0,0,12,0,12,149,124,100,7,380,0,0,0,380
07/24/2003,PVD,RI,ANE,EN,Towers with Radar,145,153,72,3,373,0,0,6,0,6,145,153,78,3,379,0,0,0,379
07/25/2003,PVD,RI,ANE,EN,Towers with Radar,150,119,165,11,445,0,25,71,0,96,150,144,236,11,541,36,0,36,577
07/26/2003,PVD,RI,ANE,EN,Towers with Radar,135,80,131,3,349,0,19,39,2,60,135,99,170,5,409,6,0,6,415
07/27/2003,PVD,RI,ANE,EN,Towers with Radar,138,97,131,6,372,0,18,35,0,53,138,115,166,6,425,32,0,32,457
07/28/2003,PVD,RI,ANE,EN,Towers with Radar,150,116,113,1,380,0,21,45,0,66,150,137,158,1,446,10,0,10,456
07/29/2003,PVD,RI,ANE,EN,Towers with Radar,148,106,107,10,371,0,11,49,0,60,148,117,156,10,431,20,0,20,451
07/30/2003,PVD,RI,ANE,EN,Towers with Radar,148,116,158,6,428,0,12,64,3,79,148,128,222,9,507,36,0,36,543
07/31/2003,PVD,RI,ANE,EN,Towers with Radar,152,126,172,8,458,0,7,32,3,42,152,133,204,11,500,8,0,8,508
08/01/2003,PVD,RI,ANE,EN,Towers with Radar,140,172,72,3,387,0,1,0,0,1,140,173,72,3,388,4,0,4,392
08/02/2003,PVD,RI,ANE,EN,Towers with Radar,131,151,80,2,364,0,2,4,0,6,131,153,84,2,370,42,0,42,412
08/03/2003,PVD,RI,ANE,EN,Towers with Radar,137,152,107,10,406,0,1,0,0,1,137,153,107,10,407,16,0,16,423
08/04/2003,PVD,RI,ANE,EN,Towers with Radar,140,180,109,9,438,0,1,0,0,1,140,181,109,9,439,0,0,0,439
08/05/2003,PVD,RI,ANE,EN,Towers with Radar,147,140,76,11,374,0,1,0,0,1,147,141,76,11,375,0,0,0,375
08/06/2003,PVD,RI,ANE,EN,Towers with Radar,142,139,107,8,396,0,3,21,0,24,142,142,128,8,420,8,0,8,428
08/07/2003,PVD,RI,ANE,EN,Towers with Radar,144,150,80,12,386,0,3,10,0,13,144,153,90,12,399,78,0,78,477
08/08/2003,PVD,RI,ANE,EN,Towers with Radar,150,211,131,19,511,0,1,0,0,1,150,212,131,19,512,4,0,4,516
08/09/2003,PVD,RI,ANE,EN,Towers with Radar,130,128,79,3,340,0,2,0,0,2,130,130,79,3,342,36,0,36,378
08/10/2003,PVD,RI,ANE,EN,Towers with Radar,138,151,118,9,416,0,4,4,0,8,138,155,122,9,424,32,0,32,456
08/11/2003,PVD,RI,ANE,EN,Towers with Radar,144,147,99,6,396,0,1,13,0,14,144,148,112,6,410,12,0,12,422
08/12/2003,PVD,RI,ANE,EN,Towers with Radar,154,152,95,18,419,0,6,18,0,24,154,158,113,18,443,40,0,40,483
08/13/2003,PVD,RI,ANE,EN,Towers with Radar,146,157,116,8,427,0,5,9,0,14,146,162,125,8,441,20,0,20,461
08/14/2003,PVD,RI,ANE,EN,Towers with Radar,133,113,131,10,387,0,15,46,0,61,133,128,177,10,448,52,0,52,500
08/15/2003,PVD,RI,ANE,EN,Towers with Radar,142,115,187,15,459,0,7,46,0,53,142,122,233,15,512,12,0,12,524
08/16/2003,PVD,RI,ANE,EN,Towers with Radar,129,95,140,7,371,0,17,26,0,43,129,112,166,7,414,36,0,36,450
08/17/2003,PVD,RI,ANE,EN,Towers with Radar,142,139,105,13,399,0,1,13,2,16,142,140,118,15,415,36,0,36,451
08/18/2003,PVD,RI,ANE,EN,Towers with Radar,140,124,128,4,396,0,4,21,0,25,140,128,149,4,421,32,0,32,453
08/19/2003,PVD,RI,ANE,EN,Towers with Radar,134,104,110,8,356,10,0,76,0,86,144,104,186,8,442,0,0,0,442
08/20/2003,PVD,RI,ANE,EN,Towers with Radar,115,106,95,7,323,31,11,88,1,131,146,117,183,8,454,50,0,50,504
08/21/2003,PVD,RI,ANE,EN,Towers with Radar,145,110,153,11,419,0,12,33,1,46,145,122,186,12,465,28,0,28,493
08/22/2003,PVD,RI,ANE,EN,Towers with Radar,139,174,106,21,440,0,2,10,1,13,139,176,116,22,453,46,0,46,499
08/23/2003,PVD,RI,ANE,EN,Towers with Radar,134,86,146,8,374,0,14,49,0,63,134,100,195,8,437,16,0,16,453
08/24/2003,PVD,RI,ANE,EN,Towers with Radar,140,114,146,10,410,0,25,60,0,85,140,139,206,10,495,46,0,46,541
08/25/2003,PVD,RI,ANE,EN,Towers with Radar,140,119,114,2,375,0,6,25,0,31,140,125,139,2,406,0,0,0,406
08/26/2003,PVD,RI,ANE,EN,Towers with Radar,148,95,142,9,394,0,10,35,3,48,148,105,177,12,442,0,0,0,442
08/27/2003,PVD,RI,ANE,EN,Towers with Radar,144,113,102,8,367,0,20,55,2,77,144,133,157,10,444,0,0,0,444
08/28/2003,PVD,RI,ANE,EN,Towers with Radar,137,131,136,18,422,0,12,49,1,62,137,143,185,19,484,42,0,42,526
08/29/2003,PVD,RI,ANE,EN,Towers with Radar,141,135,130,11,417,0,12,28,1,41,141,147,158,12,458,6,0,6,464
08/30/2003,PVD,RI,ANE,EN,Towers with Radar,136,98,79,3,316,0,8,10,1,19,136,106,89,4,335,32,0,32,367
08/31/2003,PVD,RI,ANE,EN,Towers with Radar,95,88,77,1,261,24,10,46,0,80,119,98,123,1,341,10,0,10,351
09/01/2003,PVD,RI,ANE,EN,Towers with Radar,134,139,172,8,453,0,7,12,0,19,134,146,184,8,472,0,0,0,472
09/02/2003,PVD,RI,ANE,EN,Towers with Radar,134,141,83,10,368,0,1,0,0,1,134,142,83,10,369,10,0,10,379
09/03/2003,PVD,RI,ANE,EN,Towers with Radar,136,102,96,13,347,0,1,6,2,9,136,103,102,15,356,0,0,0,356
09/04/2003,PVD,RI,ANE,EN,Towers with Radar,150,130,70,7,357,0,1,0,0,1,150,131,70,7,358,2,0,2,360
09/05/2003,PVD,RI,ANE,EN,Towers with Radar,148,135,119,13,415,0,2,34,0,36,148,137,153,13,451,26,0,26,477
09/06/2003,PVD,RI,ANE,EN,Towers with Radar,128,83,125,9,345,0,3,29,1,33,128,86,154,10,378,12,0,12,390
09/07/2003,PVD,RI,ANE,EN,Towers with Radar,137,89,130,12,368,0,21,43,3,67,137,110,173,15,435,8,4,12,447
09/08/2003,PVD,RI,ANE,EN,Towers with Radar,136,101,82,2,321,0,4,21,0,25,136,105,103,2,346,0,0,0,346
09/09/2003,PVD,RI,ANE,EN,Towers with Radar,138,87,87,7,319,0,3,19,2,24,138,90,106,9,343,0,0,0,343
09/10/2003,PVD,RI,ANE,EN,Towers with Radar,136,98,134,11,379,0,5,27,0,32,136,103,161,11,411,6,0,6,417
09/11/2003,PVD,RI,ANE,EN,Towers with Radar,135,99,109,6,349,0,2,23,0,25,135,101,132,6,374,82,0,82,456
09/12/2003,PVD,RI,ANE,EN,Towers with Radar,140,102,116,7,365,0,4,32,0,36,140,106,148,7,401,64,0,64,465
09/13/2003,PVD,RI,ANE,EN,Towers with Radar,123,90,55,4,272,0,0,3,0,3,123,90,58,4,275,24,0,24,299
09/14/2003,PVD,RI,ANE,EN,Towers with Radar,134,116,104,11,365,0,4,21,0,25,134,120,125,11,390,0,0,0,390
09/15/2003,PVD,RI,ANE,EN,Towers with Radar,136,134,83,17,370,0,0,1,0,1,136,134,84,17,371,0,0,0,371
09/16/2003,PVD,RI,ANE,EN,Towers with Radar,144,106,83,14,347,0,5,23,0,28,144,111,106,14,375,20,0,20,395
09/17/2003,PVD,RI,ANE,EN,Towers with Radar,141,94,101,10,346,0,0,33,0,33,141,94,134,10,379,10,0,10,389
09/18/2003,PVD,RI,ANE,EN,Towers with Radar,125,67,63,4,259,0,0,9,0,9,125,67,72,4,268,2,0,2,270
09/19/2003,PVD,RI,ANE,EN,Towers with Radar,137,114,33,8,292,0,0,0,0,0,137,114,33,8,292,2,0,2,294
09/20/2003,PVD,RI,ANE,EN,Towers with Radar,126,81,94,7,308,0,3,30,0,33,126,84,124,7,341,16,0,16,357
09/21/2003,PVD,RI,ANE,EN,Towers with Radar,132,90,117,3,342,0,1,28,0,29,132,91,145,3,371,20,0,20,391
09/22/2003,PVD,RI,ANE,EN,Towers with Radar,134,98,92,7,331,0,0,45,1,46,134,98,137,8,377,54,0,54,431
09/23/2003,PVD,RI,ANE,EN,Towers with Radar,140,92,45,5,282,0,0,4,0,4,140,92,49,5,286,10,0,10,296
09/24/2003,PVD,RI,ANE,EN,Towers with Radar,140,78,102,5,325,0,10,52,0,62,140,88,154,5,387,80,0,80,467
09/25/2003,PVD,RI,ANE,EN,Towers with Radar,141,89,117,4,351,0,10,35,0,45,141,99,152,4,396,44,0,44,440
09/26/2003,PVD,RI,ANE,EN,Towers with Radar,137,111,88,7,343,0,4,18,0,22,137,115,106,7,365,10,0,10,375
09/27/2003,PVD,RI,ANE,EN,Towers with Radar,124,78,55,1,258,0,2,12,0,14,124,80,67,1,272,20,0,20,292
09/28/2003,PVD,RI,ANE,EN,Towers with Radar,133,121,57,3,314,0,0,0,0,0,133,121,57,3,314,8,0,8,322
09/29/2003,PVD,RI,ANE,EN,Towers with Radar,134,96,92,8,330,0,7,29,0,36,134,103,121,8,366,12,0,12,378
09/30/2003,PVD,RI,ANE,EN,Towers with Radar,142,69,84,7,302,0,12,36,0,48,142,81,120,7,350,54,0,54,404
10/01/2003,PVD,RI,ANE,EN,Towers with Radar,120,73,79,2,274,17,10,40,0,67,137,83,119,2,341,52,0,52,393
10/02/2003,PVD,RI,ANE,EN,Towers with Radar,134,85,91,7,317,0,16,18,0,34,134,101,109,7,351,20,0,20,371
10/03/2003,PVD,RI,ANE,EN,Towers with Radar,139,90,100,8,337,0,0,70,5,75,139,90,170,13,412,24,0,24,436
10/04/2003,PVD,RI,ANE,EN,Towers with Radar,97,60,55,5,217,25,6,0,1,32,122,66,55,6,249,8,0,8,257
10/05/2003,PVD,RI,ANE,EN,Towers with Radar,128,81,88,7,304,0,25,47,4,76,128,106,135,11,380,24,0,24,404
10/06/2003,PVD,RI,ANE,EN,Towers with Radar,134,86,93,7,320,0,5,38,2,45,134,91,131,9,365,0,0,0,365
10/07/2003,PVD,RI,ANE,EN,Towers with Radar,139,88,95,8,330,0,3,43,3,49,139,91,138,11,379,96,0,96,475
10/08/2003,PVD,RI,ANE,EN,Towers with Radar,145,92,99,8,344,0,20,66,4,90,145,112,165,12,434,50,0,50,484
10/09/2003,PVD,RI,ANE,EN,Towers with Radar,147,108,117,9,381,0,2,33,4,39,147,110,150,13,420,43,0,43,463
10/10/2003,PVD,RI,ANE,EN,Towers with Radar,143,134,124,11,412,0,7,0,2,9,143,141,124,13,421,20,0,20,441
10/11/2003,PVD,RI,ANE,EN,Towers with Radar,120,80,99,6,305,0,0,16,0,16,120,80,115,6,321,0,0,0,321
10/12/2003,PVD,RI,ANE,EN,Towers with Radar,130,82,80,5,297,0,2,0,0,2,130,84,80,5,299,0,0,0,299
10/13/2003,PVD,RI,ANE,EN,Towers with Radar,136,86,94,2,318,0,22,73,0,95,136,108,167,2,413,10,0,10,423
10/14/2003,PVD,RI,ANE,EN,Towers with Radar,129,79,87,2,297,12,5,48,0,65,141,84,135,2,362,78,0,78,440
10/15/2003,PVD,RI,ANE,EN,Towers with Radar,95,57,42,5,199,49,24,0,1,74,144,81,42,6,273,26,0,26,299
10/16/2003,PVD,RI,ANE,EN,Towers with Radar,136,82,90,2,310,5,17,37,0,59,141,99,127,2,369,46,0,46,415
10/17/2003,PVD,RI,ANE,EN,Towers with Radar,136,93,102,6,337,0,11,69,0,80,136,104,171,6,417,8,0,8,425
10/18/2003,PVD,RI,ANE,EN,Towers with Radar,122,74,85,7,288,0,0,39,1,40,122,74,124,8,328,10,0,10,338
10/19/2003,PVD,RI,ANE,EN,Towers with Radar,129,80,88,5,302,0,3,5,0,8,129,83,93,5,310,2,0,2,312
10/20/2003,PVD,RI,ANE,EN,Towers with Radar,140,84,93,5,322,2,5,34,0,41,142,89,127,5,363,34,0,34,397
10/21/2003,PVD,RI,ANE,EN,Towers with Radar,112,67,55,2,236,31,12,0,0,43,143,79,55,2,279,0,0,0,279
10/22/2003,PVD,RI,ANE,EN,Towers with Radar,129,78,52,6,265,22,18,0,4,44,151,96,52,10,309,0,0,0,309
10/23/2003,PVD,RI,ANE,EN,Towers with Radar,122,73,81,6,282,13,14,3,4,34,135,87,84,10,316,4,0,4,320
10/24/2003,PVD,RI,ANE,EN,Towers with Radar,138,83,92,6,319,2,13,60,0,75,140,96,152,6,394,6,0,6,400
10/25/2003,PVD,RI,ANE,EN,Towers with Radar,122,73,81,6,282,2,3,109,2,116,124,76,190,8,398,0,0,0,398
10/26/2003,PVD,RI,ANE,EN,Towers with Radar,128,69,100,7,304,0,0,13,2,15,128,69,113,9,319,4,0,4,323
10/27/2003,PVD,RI,ANE,EN,Towers with Radar,126,76,67,4,273,8,0,0,0,8,134,76,67,4,281,2,0,2,283
10/28/2003,PVD,RI,ANE,EN,Towers with Radar,136,68,90,6,300,12,0,6,3,21,148,68,96,9,321,91,0,91,412
10/29/2003,PVD,RI,ANE,EN,Towers with Radar,109,65,48,4,226,34,7,0,0,41,143,72,48,4,267,0,0,0,267
10/30/2003,PVD,RI,ANE,EN,Towers with Radar,141,74,96,7,318,0,0,61,4,65,141,74,157,11,383,56,0,56,439
10/31/2003,PVD,RI,ANE,EN,Towers with Radar,138,73,92,6,309,0,0,58,7,65,138,73,150,13,374,6,0,6,380
11/01/2003,PVD,RI,ANE,EN,Towers with Radar,122,54,85,6,267,0,0,97,0,97,122,54,182,6,364,10,0,10,374
11/02/2003,PVD,RI,ANE,EN,Towers with Radar,132,58,98,7,295,0,0,43,1,44,132,58,141,8,339,14,0,14,353
11/03/2003,PVD,RI,ANE,EN,Towers with Radar,140,64,87,6,297,0,0,28,0,28,140,64,115,6,325,2,0,2,327
11/04/2003,PVD,RI,ANE,EN,Towers with Radar,142,70,48,3,263,4,8,0,0,12,146,78,48,3,275,2,0,2,277
11/05/2003,PVD,RI,ANE,EN,Towers with Radar,108,53,45,2,208,36,17,0,0,53,144,70,45,2,261,0,0,0,261
11/06/2003,PVD,RI,ANE,EN,Towers with Radar,148,82,100,8,338,0,33,6,5,44,148,115,106,13,382,0,0,0,382
11/07/2003,PVD,RI,ANE,EN,Towers with Radar,147,81,101,5,334,0,0,56,0,56,147,81,157,5,390,40,0,40,430
11/08/2003,PVD,RI,ANE,EN,Towers with Radar,105,52,62,4,223,19,6,17,0,42,124,58,79,4,265,4,0,4,269
11/09/2003,PVD,RI,ANE,EN,Towers with Radar,135,50,83,6,274,0,0,99,2,101,135,50,182,8,375,14,0,14,389
11/10/2003,PVD,RI,ANE,EN,Towers with Radar,125,58,75,3,261,13,0,31,0,44,138,58,106,3,305,0,0,0,305
11/11/2003,PVD,RI,ANE,EN,Towers with Radar,144,71,86,3,304,1,0,23,0,24,145,71,109,3,328,8,0,8,336
11/12/2003,PVD,RI,ANE,EN,Towers with Radar,146,76,98,8,328,0,0,0,4,4,146,76,98,12,332,16,0,16,348
11/13/2003,PVD,RI,ANE,EN,Towers with Radar,92,45,39,1,177,49,17,0,0,66,141,62,39,1,243,8,0,8,251
11/14/2003,PVD,RI,ANE,EN,Towers with Radar,94,47,49,4,194,51,12,0,0,63,145,59,49,4,257,2,0,2,259
11/15/2003,PVD,RI,ANE,EN,Towers with Radar,106,52,63,3,224,17,4,8,0,29,123,56,71,3,253,12,0,12,265
11/16/2003,PVD,RI,ANE,EN,Towers with Radar,135,55,116,2,308,0,0,67,0,67,135,55,183,2,375,4,0,4,379
11/17/2003,PVD,RI,ANE,EN,Towers with Radar,138,68,87,4,297,0,0,8,0,8,138,68,95,4,305,16,0,16,321
11/18/2003,PVD,RI,ANE,EN,Towers with Radar,146,65,87,6,304,2,0,37,3,42,148,65,124,9,346,0,0,0,346
11/19/2003,PVD,RI,ANE,EN,Towers with Radar,114,55,55,4,228,23,11,0,1,35,137,66,55,5,263,12,0,12,275
11/20/2003,PVD,RI,ANE,EN,Towers with Radar,126,61,37,5,229,19,20,0,3,42,145,81,37,8,271,42,0,42,313
11/21/2003,PVD,RI,ANE,EN,Towers with Radar,148,95,118,8,369,0,7,24,12,43,148,102,142,20,412,8,0,8,420
11/22/2003,PVD,RI,ANE,EN,Towers with Radar,125,50,85,5,265,0,0,63,7,70,125,50,148,12,335,30,0,30,365
11/23/2003,PVD,RI,ANE,EN,Towers with Radar,136,64,85,3,288,0,0,62,0,62,136,64,147,3,350,0,0,0,350
11/24/2003,PVD,RI,ANE,EN,Towers with Radar,140,78,97,7,322,0,0,0,2,2,140,78,97,9,324,0,0,0,324
11/25/2003,PVD,RI,ANE,EN,Towers with Radar,148,74,92,6,320,0,4,65,0,69,148,78,157,6,389,12,0,12,401
11/26/2003,PVD,RI,ANE,EN,Towers with Radar,152,82,107,5,346,0,0,43,0,43,152,82,150,5,389,18,0,18,407
11/27/2003,PVD,RI,ANE,EN,Towers with Radar,71,34,34,2,141,36,14,0,2,52,107,48,34,4,193,0,0,0,193
11/28/2003,PVD,RI,ANE,EN,Towers with Radar,87,41,27,3,158,41,36,0,7,84,128,77,27,10,242,0,0,0,242
11/29/2003,PVD,RI,ANE,EN,Towers with Radar,82,39,34,1,156,47,14,0,0,61,129,53,34,1,217,0,0,0,217
11/30/2003,PVD,RI,ANE,EN,Towers with Radar,140,62,98,1,301,0,0,42,0,42,140,62,140,1,343,0,0,0,343
12/01/2003,PVD,RI,ANE,EN,Towers with Radar,146,66,37,2,251,0,0,27,1,28,146,66,64,3,279,0,0,0,279
12/02/2003,PVD,RI,ANE,EN,Towers with Radar,144,67,38,2,251,0,5,25,1,31,144,72,63,3,282,0,0,0,282
12/03/2003,PVD,RI,ANE,EN,Towers with Radar,151,67,45,3,266,0,0,69,4,73,151,67,114,7,339,4,0,4,343
12/04/2003,PVD,RI,ANE,EN,Towers with Radar,145,73,52,3,273,0,0,82,2,84,145,73,134,5,357,92,0,92,449
12/05/2003,PVD,RI,ANE,EN,Towers with Radar,137,63,35,2,237,0,13,14,1,28,137,76,49,3,265,28,0,28,293
12/06/2003,PVD,RI,ANE,EN,Towers with Radar,44,18,7,1,70,16,1,0,0,17,60,19,7,1,87,0,0,0,87
12/07/2003,PVD,RI,ANE,EN,Towers with Radar,82,33,18,1,134,18,4,8,1,31,100,37,26,2,165,0,0,0,165
12/08/2003,PVD,RI,ANE,EN,Towers with Radar,137,53,30,2,222,11,0,43,2,56,148,53,73,4,278,0,0,0,278
12/09/2003,PVD,RI,ANE,EN,Towers with Radar,145,52,35,0,232,0,0,38,0,38,145,52,73,0,270,4,0,4,274
12/10/2003,PVD,RI,ANE,EN,Towers with Radar,142,52,36,0,230,0,0,26,0,26,142,52,62,0,256,18,0,18,274
12/11/2003,PVD,RI,ANE,EN,Towers with Radar,136,54,30,0,220,6,4,1,0,11,142,58,31,0,231,0,0,0,231
12/12/2003,PVD,RI,ANE,EN,Towers with Radar,143,59,33,2,237,0,4,45,0,49,143,63,78,2,286,4,0,4,290
12/13/2003,PVD,RI,ANE,EN,Towers with Radar,114,34,26,2,176,0,0,75,0,75,114,34,101,2,251,42,0,42,293
12/14/2003,PVD,RI,ANE,EN,Towers with Radar,93,30,21,2,146,26,0,11,0,37,119,30,32,2,183,2,0,2,185
12/15/2003,PVD,RI,ANE,EN,Towers with Radar,119,45,18,0,182,15,0,0,0,15,134,45,18,0,197,0,0,0,197
12/16/2003,PVD,RI,ANE,EN,Towers with Radar,150,59,37,1,247,0,0,61,3,64,150,59,98,4,311,0,0,0,311
12/17/2003,PVD,RI,ANE,EN,Towers with Radar,140,55,32,1,228,4,7,7,2,20,144,62,39,3,248,22,0,22,270
12/18/2003,PVD,RI,ANE,EN,Towers with Radar,134,52,30,1,217,1,7,22,4,34,135,59,52,5,251,4,0,4,255
12/19/2003,PVD,RI,ANE,EN,Towers with Radar,130,53,31,1,215,0,0,40,0,40,130,53,71,1,255,52,0,52,307
12/20/2003,PVD,RI,ANE,EN,Towers with Radar,103,35,24,1,163,8,0,68,1,77,111,35,92,2,240,60,0,60,300
12/21/2003,PVD,RI,ANE,EN,Towers with Radar,105,40,24,0,169,18,0,69,0,87,123,40,93,0,256,0,0,0,256
12/22/2003,PVD,RI,ANE,EN,Towers with Radar,119,46,27,1,193,4,6,49,1,60,123,52,76,2,253,0,0,0,253
12/23/2003,PVD,RI,ANE,EN,Towers with Radar,131,51,30,1,213,7,10,41,4,62,138,61,71,5,275,12,2,14,289
12/24/2003,PVD,RI,ANE,EN,Towers with Radar,114,44,26,0,184,8,10,8,0,26,122,54,34,0,210,10,0,10,220
12/25/2003,PVD,RI,ANE,EN,Towers with Radar,90,35,12,0,137,22,1,0,0,23,112,36,12,0,160,14,0,14,174
12/26/2003,PVD,RI,ANE,EN,Towers with Radar,114,44,26,0,184,15,11,12,0,38,129,55,38,0,222,4,0,4,226
12/27/2003,PVD,RI,ANE,EN,Towers with Radar,104,40,24,0,168,4,4,74,0,82,108,44,98,0,250,18,0,18,268
12/28/2003,PVD,RI,ANE,EN,Towers with Radar,96,37,22,1,156,21,1,84,0,106,117,38,106,1,262,46,0,46,308
12/29/2003,PVD,RI,ANE,EN,Towers with Radar,101,39,23,1,164,21,7,50,0,78,122,46,73,1,242,2,0,2,244
12/30/2003,PVD,RI,ANE,EN,Towers with Radar,117,47,26,1,191,13,0,13,1,27,130,47,39,2,218,26,0,26,244
12/31/2003,PVD,RI,ANE,EN,Towers with Radar,96,38,21,0,155,23,6,32,0,61,119,44,53,0,216,2,0,2,218
01/01/2004,PVD,RI,ANE,EN,Towers with Radar,92,36,17,1,146,20,0,29,0,49,112,36,46,1,195,0,0,0,195
01/02/2004,PVD,RI,ANE,EN,Towers with Radar,116,46,21,0,183,4,10,3,0,17,120,56,24,0,200,0,0,0,200
01/03/2004,PVD,RI,ANE,EN,Towers with Radar,122,40,23,0,185,3,0,6,0,9,125,40,29,0,194,2,0,2,196
01/04/2004,PVD,RI,ANE,EN,Towers with Radar,113,46,24,0,183,0,0,26,0,26,113,46,50,0,209,20,0,20,229
01/05/2004,PVD,RI,ANE,EN,Towers with Radar,115,44,14,0,173,3,0,0,0,3,118,44,14,0,176,0,0,0,176
01/06/2004,PVD,RI,ANE,EN,Towers with Radar,118,45,25,1,189,0,0,44,2,46,118,45,69,3,235,16,0,16,251
01/07/2004,PVD,RI,ANE,EN,Towers with Radar,110,44,21,0,175,5,5,18,0,28,115,49,39,0,203,8,0,8,211
01/08/2004,PVD,RI,ANE,EN,Towers with Radar,119,42,23,0,184,0,0,24,0,24,119,42,47,0,208,10,0,10,218
01/09/2004,PVD,RI,ANE,EN,Towers with Radar,139,56,26,1,222,0,7,23,0,30,139,63,49,1,252,8,0,8,260
01/10/2004,PVD,RI,ANE,EN,Towers with Radar,90,33,17,0,140,11,0,47,0,58,101,33,64,0,198,20,0,20,218
01/11/2004,PVD,RI,ANE,EN,Towers with Radar,99,39,18,1,157,5,0,41,1,47,104,39,59,2,204,12,0,12,216
01/12/2004,PVD,RI,ANE,EN,Towers with Radar,107,46,22,0,175,0,0,12,0,12,107,46,34,0,187,44,0,44,231
01/13/2004,PVD,RI,ANE,EN,Towers with Radar,133,53,25,1,212,1,2,21,0,24,134,55,46,1,236,36,0,36,272
01/14/2004,PVD,RI,ANE,EN,Towers with Radar,119,53,25,1,198,0,0,24,0,24,119,53,49,1,222,0,0,0,222
01/15/2004,PVD,RI,ANE,EN,Towers with Radar,131,52,24,0,207,9,5,22,0,36,140,57,46,0,243,0,0,0,243
01/16/2004,PVD,RI,ANE,EN,Towers with Radar,120,47,23,0,190,10,3,5,0,18,130,50,28,0,208,4,0,4,212
01/17/2004,PVD,RI,ANE,EN,Towers with Radar,89,34,17,1,141,15,3,40,2,60,104,37,57,3,201,2,0,2,203
01/18/2004,PVD,RI,ANE,EN,Towers with Radar,105,41,19,1,166,23,14,0,1,38,128,55,19,2,204,0,0,0,204
01/19/2004,PVD,RI,ANE,EN,Towers with Radar,129,50,25,1,205,3,2,37,3,45,132,52,62,4,250,4,0,4,254
01/20/2004,PVD,RI,ANE,EN,Towers with Radar,134,50,29,0,213,0,0,51,0,51,134,50,80,0,264,8,0,8,272
01/21/2004,PVD,RI,ANE,EN,Towers with Radar,134,53,26,0,213,0,5,64,1,70,134,58,90,1,283,22,0,22,305
01/22/2004,PVD,RI,ANE,EN,Towers with Radar,128,54,28,0,210,0,0,24,0,24,128,54,52,0,234,10,0,10,244
01/23/2004,PVD,RI,ANE,EN,Towers with Radar,125,54,27,0,206,0,0,39,2,41,125,54,66,2,247,6,0,6,253
01/24/2004,PVD,RI,ANE,EN,Towers with Radar,101,34,20,0,155,9,0,57,2,68,110,34,77,2,223,2,0,2,225
01/25/2004,PVD,RI,ANE,EN,Towers with Radar,99,38,19,0,156,9,1,71,2,83,108,39,90,2,239,32,0,32,271
01/26/2004,PVD,RI,ANE,EN,Towers with Radar,114,49,24,0,187,0,1,43,0,44,114,50,67,0,231,16,0,16,247
01/27/2004,PVD,RI,ANE,EN,Towers with Radar,126,43,25,0,194,0,0,29,0,29,126,43,54,0,223,2,0,2,225
01/28/2004,PVD,RI,ANE,EN,Towers with Radar,119,46,18,0,183,14,12,0,0,26,133,58,18,0,209,0,0,0,209
01/29/2004,PVD,RI,ANE,EN,Towers with Radar,126,50,25,0,201,0,11,25,0,36,126,61,50,0,237,0,0,0,237
01/30/2004,PVD,RI,ANE,EN,Towers with Radar,132,54,29,0,215,0,0,48,2,50,132,54,77,2,265,8,0,8,273
01/31/2004,PVD,RI,ANE,EN,Towers with Radar,102,32,20,0,154,8,0,69,0,77,110,32,89,0,231,6,0,6,237
02/01/2004,PVD,RI,ANE,EN,Towers with Radar,118,41,30,0,189,7,0,76,0,83,125,41,106,0,272,0,0,0,272
02/02/2004,PVD,RI,ANE,EN,Towers with Radar,141,67,40,0,248,0,0,66,0,66,141,67,106,0,314,24,0,24,338
02/03/2004,PVD,RI,ANE,EN,Towers with Radar,148,63,37,1,249,0,0,22,3,25,148,63,59,4,274,10,0,10,284
02/04/2004,PVD,RI,ANE,EN,Towers with Radar,142,65,38,0,245,0,4,45,0,49,142,69,83,0,294,22,0,22,316
02/05/2004,PVD,RI,ANE,EN,Towers with Radar,141,56,39,0,236,0,0,62,0,62,141,56,101,0,298,20,0,20,318
02/06/2004,PVD,RI,ANE,EN,Towers with Radar,103,44,24,0,171,35,16,0,0,51,138,60,24,0,222,0,0,0,222
02/07/2004,PVD,RI,ANE,EN,Towers with Radar,89,38,22,0,149,32,0,3,0,35,121,38,25,0,184,16,0,16,200
02/08/2004,PVD,RI,ANE,EN,Towers with Radar,101,43,25,0,169,20,10,10,0,40,121,53,35,0,209,20,0,20,229
02/09/2004,PVD,RI,ANE,EN,Towers with Radar,146,60,37,0,243,0,0,70,0,70,146,60,107,0,313,18,0,18,331
02/10/2004,PVD,RI,ANE,EN,Towers with Radar,155,72,42,1,270,0,1,80,1,82,155,73,122,2,352,54,0,54,406
02/11/2004,PVD,RI,ANE,EN,Towers with Radar,145,58,37,1,241,0,0,79,0,79,145,58,116,1,320,32,0,32,352
02/12/2004,PVD,RI,ANE,EN,Towers with Radar,147,60,38,1,246,0,0,71,1,72,147,60,109,2,318,30,0,30,348
02/13/2004,PVD,RI,ANE,EN,Towers with Radar,149,68,40,0,257,0,1,42,0,43,149,69,82,0,300,12,0,12,312
02/14/2004,PVD,RI,ANE,EN,Towers with Radar,105,37,26,1,169,18,0,86,0,104,123,37,112,1,273,62,0,62,335
02/15/2004,PVD,RI,ANE,EN,Towers with Radar,103,43,25,0,171,26,7,61,0,94,129,50,86,0,265,68,0,68,333
02/16/2004,PVD,RI,ANE,EN,Towers with Radar,138,58,35,0,231,2,1,72,0,75,140,59,107,0,306,82,0,82,388
02/17/2004,PVD,RI,ANE,EN,Towers with Radar,148,65,40,0,253,0,5,46,3,54,148,70,86,3,307,4,0,4,311
02/18/2004,PVD,RI,ANE,EN,Towers with Radar,128,53,33,0,214,19,14,3,3,39,147,67,36,3,253,4,0,4,257
02/19/2004,PVD,RI,ANE,EN,Towers with Radar,144,64,39,0,247,0,4,52,1,57,144,68,91,1,304,22,0,22,326
02/20/2004,PVD,RI,ANE,EN,Towers with Radar,137,68,41,0,246,0,0,87,2,89,137,68,128,2,335,88,0,88,423
02/21/2004,PVD,RI,ANE,EN,Towers with Radar,104,43,14,0,161,14,2,0,4,20,118,45,14,4,181,0,0,0,181
02/22/2004,PVD,RI,ANE,EN,Towers with Radar,113,47,29,0,189,15,1,45,0,61,128,48,74,0,250,2,0,2,252
02/23/2004,PVD,RI,ANE,EN,Towers with Radar,138,59,36,0,233,0,0,60,1,61,138,59,96,1,294,10,0,10,304
02/24/2004,PVD,RI,ANE,EN,Towers with Radar,154,73,44,0,271,0,5,55,0,60,154,78,99,0,331,54,0,54,385
02/25/2004,PVD,RI,ANE,EN,Towers with Radar,140,62,38,0,240,0,7,70,2,79,140,69,108,2,319,0,0,0,319
02/26/2004,PVD,RI,ANE,EN,Towers with Radar,149,63,39,0,251,0,0,59,1,60,149,63,98,1,311,12,0,12,323
02/27/2004,PVD,RI,ANE,EN,Towers with Radar,136,58,40,0,234,0,0,76,0,76,136,58,116,0,310,0,0,0,310
02/28/2004,PVD,RI,ANE,EN,Towers with Radar,117,45,32,0,194,0,0,106,0,106,117,45,138,0,300,22,0,22,322
02/29/2004,PVD,RI,ANE,EN,Towers with Radar,119,44,30,0,193,12,0,105,1,118,131,44,135,1,311,72,0,72,383
03/01/2004,PVD,RI,ANE,EN,Towers with Radar,148,71,43,1,263,0,1,46,1,48,148,72,89,2,311,0,0,0,311
03/02/2004,PVD,RI,ANE,EN,Towers with Radar,151,58,42,1,252,4,0,37,0,41,155,58,79,1,293,0,0,0,293
03/03/2004,PVD,RI,ANE,EN,Towers with Radar,168,54,47,1,270,3,0,74,1,78,171,54,121,2,348,0,0,0,348
03/04/2004,PVD,RI,ANE,EN,Towers with Radar,143,63,45,0,251,0,0,16,0,16,143,63,61,0,267,0,0,0,267
03/05/2004,PVD,RI,ANE,EN,Towers with Radar,139,54,33,1,227,0,0,0,1,1,139,54,33,2,228,0,0,0,228
03/06/2004,PVD,RI,ANE,EN,Towers with Radar,87,34,13,0,134,32,0,0,0,32,119,34,13,0,166,0,0,0,166
03/07/2004,PVD,RI,ANE,EN,Towers with Radar,113,53,31,1,198,15,2,67,1,85,128,55,98,2,283,0,0,0,283
03/08/2004,PVD,RI,ANE,EN,Towers with Radar,117,55,25,0,197,27,10,0,0,37,144,65,25,0,234,0,0,0,234
03/09/2004,PVD,RI,ANE,EN,Towers with Radar,152,73,43,0,268,0,11,37,0,48,152,84,80,0,316,0,0,0,316
03/10/2004,PVD,RI,ANE,EN,Towers with Radar,143,58,39,1,241,1,0,60,0,61,144,58,99,1,302,0,0,0,302
03/11/2004,PVD,RI,ANE,EN,Towers with Radar,138,62,37,0,237,8,0,16,0,24,146,62,53,0,261,0,0,0,261
03/12/2004,PVD,RI,ANE,EN,Towers with Radar,117,54,32,0,203,20,1,10,0,31,137,55,42,0,234,0,0,0,234
03/13/2004,PVD,RI,ANE,EN,Towers with Radar,94,34,25,0,153,28,0,50,0,78,122,34,75,0,231,0,0,0,231
03/14/2004,PVD,RI,ANE,EN,Towers with Radar,134,65,38,1,238,0,0,94,0,94,134,65,132,1,332,0,0,0,332
03/15/2004,PVD,RI,ANE,EN,Towers with Radar,139,65,38,0,242,0,23,60,0,83,139,88,98,0,325,0,0,0,325
03/16/2004,PVD,RI,ANE,EN,Towers with Radar,138,64,38,1,241,17,5,22,0,44,155,69,60,1,285,0,0,0,285
03/17/2004,PVD,RI,ANE,EN,Towers with Radar,112,50,26,0,188,27,0,0,0,27,139,50,26,0,215,0,0,0,215
03/18/2004,PVD,RI,ANE,EN,Towers with Radar,142,68,40,0,250,0,13,9,0,22,142,81,49,0,272,0,0,0,272
03/19/2004,PVD,RI,ANE,EN,Towers with Radar,134,61,36,0,231,16,9,7,2,34,150,70,43,2,265,0,0,0,265
03/20/2004,PVD,RI,ANE,EN,Towers with Radar,105,43,29,0,177,19,0,81,0,100,124,43,110,0,277,0,0,0,277
03/21/2004,PVD,RI,ANE,EN,Towers with Radar,150,68,41,0,259,1,7,64,2,74,151,75,105,2,333,0,0,0,333
03/22/2004,PVD,RI,ANE,EN,Towers with Radar,146,70,42,0,258,0,14,64,0,78,146,84,106,0,336,0,0,0,336
03/23/2004,PVD,RI,ANE,EN,Towers with Radar,170,80,48,0,298,0,20,70,0,90,170,100,118,0,388,0,0,0,388
03/24/2004,PVD,RI,ANE,EN,Towers with Radar,155,74,45,0,274,0,7,54,0,61,155,81,99,0,335,0,0,0,335
03/25/2004,PVD,RI,ANE,EN,Towers with Radar,158,81,49,0,288,0,15,31,0,46,158,96,80,0,334,0,0,0,334
03/26/2004,PVD,RI,ANE,EN,Towers with Radar,136,69,47,0,252,0,0,41,0,41,136,69,88,0,293,0,0,0,293
03/27/2004,PVD,RI,ANE,EN,Towers with Radar,121,35,34,0,190,0,0,5,0,5,121,35,39,0,195,0,0,0,195
03/28/2004,PVD,RI,ANE,EN,Towers with Radar,144,76,46,0,266,0,1,4,0,5,144,77,50,0,271,0,0,0,271
03/29/2004,PVD,RI,ANE,EN,Towers with Radar,152,77,49,0,278,0,0,57,6,63,152,77,106,6,341,0,0,0,341
03/30/2004,PVD,RI,ANE,EN,Towers with Radar,148,85,53,0,286,0,0,37,0,37,148,85,90,0,323,0,0,0,323
03/31/2004,PVD,RI,ANE,EN,Towers with Radar,143,59,33,0,235,0,0,0,0,0,143,59,33,0,235,0,0,0,235
04/01/2004,PVD,RI,ANE,EN,Towers with Radar,123,51,33,0,207,14,18,1,0,33,137,69,34,0,240,0,0,0,240
04/02/2004,PVD,RI,ANE,EN,Towers with Radar,171,65,46,1,283,0,0,10,3,13,171,65,56,4,296,0,0,0,296
04/03/2004,PVD,RI,ANE,EN,Towers with Radar,77,27,15,0,119,0,0,0,0,0,77,27,15,0,119,0,0,0,119
04/04/2004,PVD,RI,ANE,EN,Towers with Radar,0,0,0,0,0,0,0,0,0,0,0,0,0,0,0,0,0,0,0
04/05/2004,PVD,RI,ANE,EN,Towers with Radar,0,0,0,0,0,0,0,0,0,0,0,0,0,0,0,0,0,0,0
04/06/2004,PVD,RI,ANE,EN,Towers with Radar,133,57,35,1,226,11,5,60,1,77,144,62,95,2,303,0,0,0,303
04/07/2004,PVD,RI,ANE,EN,Towers with Radar,148,67,44,1,260,0,0,87,0,87,148,67,131,1,347,0,0,0,347
04/08/2004,PVD,RI,ANE,EN,Towers with Radar,143,66,41,0,250,0,3,86,0,89,143,69,127,0,339,0,0,0,339
04/09/2004,PVD,RI,ANE,EN,Towers with Radar,136,61,38,1,236,0,3,64,1,68,136,64,102,2,304,0,0,0,304
04/10/2004,PVD,RI,ANE,EN,Towers with Radar,105,35,27,1,168,17,0,70,1,88,122,35,97,2,256,0,0,0,256
04/11/2004,PVD,RI,ANE,EN,Towers with Radar,99,42,25,1,167,25,5,23,0,53,124,47,48,1,220,0,0,0,220
04/12/2004,PVD,RI,ANE,EN,Towers with Radar,133,61,38,0,232,0,3,22,0,25,133,64,60,0,257,0,0,0,257
04/13/2004,PVD,RI,ANE,EN,Towers with Radar,128,54,25,0,207,11,6,0,0,17,139,60,25,0,224,0,0,0,224
04/14/2004,PVD,RI,ANE,EN,Towers with Radar,127,54,33,0,214,18,5,3,0,26,145,59,36,0,240,0,0,0,240
04/15/2004,PVD,RI,ANE,EN,Towers with Radar,140,58,39,0,237,0,0,37,0,37,140,58,76,0,274,0,0,0,274
04/16/2004,PVD,RI,ANE,EN,Towers with Radar,137,58,37,0,232,3,0,87,0,90,140,58,124,0,322,0,0,0,322
04/17/2004,PVD,RI,ANE,EN,Towers with Radar,110,38,30,0,178,17,0,62,1,80,127,38,92,1,258,0,0,0,258
04/18/2004,PVD,RI,ANE,EN,Towers with Radar,132,47,34,0,213,0,0,83,0,83,132,47,117,0,296,0,0,0,296
04/19/2004,PVD,RI,ANE,EN,Towers with Radar,132,54,35,0,221,10,2,34,0,46,142,56,69,0,267,0,0,0,267
04/20/2004,PVD,RI,ANE,EN,Towers with Radar,139,58,37,0,234,4,6,63,0,73,143,64,100,0,307,0,0,0,307
04/21/2004,PVD,RI,ANE,EN,Towers with Radar,134,55,36,0,225,1,7,56,1,65,135,62,92,1,290,0,0,0,290
04/22/2004,PVD,RI,ANE,EN,Towers with Radar,141,52,42,0,235,0,0,30,0,30,141,52,72,0,265,0,0,0,265
04/23/2004,PVD,RI,ANE,EN,Towers with Radar,139,62,49,0,250,0,0,1,0,1,139,62,50,0,251,0,0,0,251
04/24/2004,PVD,RI,ANE,EN,Towers with Radar,106,32,28,0,166,23,0,61,0,84,129,32,89,0,250,0,0,0,250
04/25/2004,PVD,RI,ANE,EN,Towers with Radar,131,56,36,0,223,0,0,85,0,85,131,56,121,0,308,0,0,0,308
04/26/2004,PVD,RI,ANE,EN,Towers with Radar,135,56,36,0,227,2,8,3,0,13,137,64,39,0,240,0,0,0,240
04/27/2004,PVD,RI,ANE,EN,Towers with Radar,138,62,40,0,240,0,4,56,0,60,138,66,96,0,300,0,0,0,300
04/28/2004,PVD,RI,ANE,EN,Towers with Radar,138,62,40,0,240,0,2,61,0,63,138,64,101,0,303,0,0,0,303
04/29/2004,PVD,RI,ANE,EN,Towers with Radar,139,57,37,0,233,2,7,70,0,79,141,64,107,0,312,0,0,0,312
04/30/2004,PVD,RI,ANE,EN,Towers with Radar,140,60,38,0,238,0,9,56,3,68,140,69,94,3,306,0,0,0,306
05/01/2004,PVD,RI,ANE,EN,Towers with Radar,93,41,28,1,163,29,0,47,1,77,122,41,75,2,240,70,0,70,310
05/02/2004,PVD,RI,ANE,EN,Towers with Radar,130,54,39,1,224,7,0,12,1,20,137,54,51,2,244,0,0,0,244
05/03/2004,PVD,RI,ANE,EN,Towers with Radar,130,57,39,1,227,17,0,18,3,38,147,57,57,4,265,10,0,10,275
05/04/2004,PVD,RI,ANE,EN,Towers with Radar,119,53,36,1,209,30,6,64,0,100,149,59,100,1,309,14,0,14,323
05/05/2004,PVD,RI,ANE,EN,Towers with Radar,132,58,40,0,230,12,1,75,0,88,144,59,115,0,318,18,0,18,336
05/06/2004,PVD,RI,ANE,EN,Towers with Radar,135,59,41,0,235,14,23,93,0,130,149,82,134,0,365,24,0,24,389
05/07/2004,PVD,RI,ANE,EN,Towers with Radar,134,59,41,1,235,8,26,84,0,118,142,85,125,1,353,0,0,0,353
05/08/2004,PVD,RI,ANE,EN,Towers with Radar,96,42,29,0,167,30,18,88,0,136,126,60,117,0,303,0,0,0,303
05/09/2004,PVD,RI,ANE,EN,Towers with Radar,136,63,43,0,242,0,5,3,0,8,136,68,46,0,250,0,0,0,250
05/10/2004,PVD,RI,ANE,EN,Towers with Radar,139,61,42,1,243,15,8,34,0,57,154,69,76,1,300,0,0,0,300
05/11/2004,PVD,RI,ANE,EN,Towers with Radar,134,59,42,1,236,23,8,75,0,106,157,67,117,1,342,0,0,0,342
05/12/2004,PVD,RI,ANE,EN,Towers with Radar,126,56,39,0,221,23,10,59,0,92,149,66,98,0,313,0,0,0,313
05/13/2004,PVD,RI,ANE,EN,Towers with Radar,151,70,50,2,273,0,10,41,1,52,151,80,91,3,325,0,0,0,325
05/14/2004,PVD,RI,ANE,EN,Towers with Radar,53,26,13,0,92,0,6,0,0,6,53,32,13,0,98,0,0,0,98
05/15/2004,PVD,RI,ANE,EN,Towers with Radar,0,0,0,0,0,0,0,0,0,0,0,0,0,0,0,0,0,0,0
05/16/2004,PVD,RI,ANE,EN,Towers with Radar,145,72,51,0,268,0,1,35,0,36,145,73,86,0,304,0,0,0,304
05/17/2004,PVD,RI,ANE,EN,Towers with Radar,144,77,55,2,278,0,3,23,2,28,144,80,78,4,306,0,0,0,306
05/18/2004,PVD,RI,ANE,EN,Towers with Radar,155,67,47,2,271,5,4,20,2,31,160,71,67,4,302,0,0,0,302
05/19/2004,PVD,RI,ANE,EN,Towers with Radar,155,70,51,0,276,0,0,71,0,71,155,70,122,0,347,0,0,0,347
05/20/2004,PVD,RI,ANE,EN,Towers with Radar,141,61,44,0,246,19,16,64,5,104,160,77,108,5,350,0,0,0,350
05/21/2004,PVD,RI,ANE,EN,Towers with Radar,147,81,58,0,286,0,2,44,0,46,147,83,102,0,332,0,0,0,332
05/22/2004,PVD,RI,ANE,EN,Towers with Radar,124,53,36,0,213,7,0,0,2,9,131,53,36,2,222,0,0,0,222
05/23/2004,PVD,RI,ANE,EN,Towers with Radar,140,60,43,0,243,2,11,37,0,50,142,71,80,0,293,26,0,26,319
05/24/2004,PVD,RI,ANE,EN,Towers with Radar,150,65,46,1,262,8,1,3,1,13,158,66,49,2,275,0,0,0,275
05/25/2004,PVD,RI,ANE,EN,Towers with Radar,154,72,60,0,286,0,0,24,0,24,154,72,84,0,310,0,0,0,310
05/26/2004,PVD,RI,ANE,EN,Towers with Radar,156,73,51,1,281,0,4,10,3,17,156,77,61,4,298,26,0,26,324
05/27/2004,PVD,RI,ANE,EN,Towers with Radar,158,86,61,0,305,0,3,61,0,64,158,89,122,0,369,0,0,0,369
05/28/2004,PVD,RI,ANE,EN,Towers with Radar,156,93,67,0,316,0,5,6,0,11,156,98,73,0,327,0,0,0,327
05/29/2004,PVD,RI,ANE,EN,Towers with Radar,105,45,32,0,182,27,25,59,0,111,132,70,91,0,293,26,0,26,319
05/30/2004,PVD,RI,ANE,EN,Towers with Radar,101,43,31,0,175,27,25,65,0,117,128,68,96,0,292,0,0,0,292
05/31/2004,PVD,RI,ANE,EN,Towers with Radar,143,70,50,1,264,0,21,80,2,103,143,91,130,3,367,0,0,0,367
06/01/2004,PVD,RI,ANE,EN,Towers with Radar,154,78,43,1,276,0,0,26,1,27,154,78,69,2,303,40,0,40,343
06/02/2004,PVD,RI,ANE,EN,Towers with Radar,127,61,32,0,220,26,10,37,0,73,153,71,69,0,293,0,0,0,293
06/03/2004,PVD,RI,ANE,EN,Towers with Radar,155,76,38,1,270,0,9,89,1,99,155,85,127,2,369,78,0,78,447
06/04/2004,PVD,RI,ANE,EN,Towers with Radar,139,68,34,1,242,19,16,90,1,126,158,84,124,2,368,32,0,32,400
06/05/2004,PVD,RI,ANE,EN,Towers with Radar,117,57,27,1,202,16,8,51,0,75,133,65,78,1,277,52,0,52,329
06/06/2004,PVD,RI,ANE,EN,Towers with Radar,145,82,36,0,263,0,0,0,0,0,145,82,36,0,263,0,0,0,263
06/07/2004,PVD,RI,ANE,EN,Towers with Radar,151,73,37,0,261,2,12,52,0,66,153,85,89,0,327,2,0,2,329
06/08/2004,PVD,RI,ANE,EN,Towers with Radar,142,67,35,1,245,13,0,79,1,93,155,67,114,2,338,2,0,2,340
06/09/2004,PVD,RI,ANE,EN,Towers with Radar,140,68,35,0,243,24,13,56,0,93,164,81,91,0,336,0,0,0,336
06/10/2004,PVD,RI,ANE,EN,Towers with Radar,147,72,37,0,256,6,28,78,0,112,153,100,115,0,368,118,0,118,486
06/11/2004,PVD,RI,ANE,EN,Towers with Radar,149,72,37,1,259,4,40,116,1,161,153,112,153,2,420,22,0,22,442
06/12/2004,PVD,RI,ANE,EN,Towers with Radar,94,46,23,1,164,44,39,117,0,200,138,85,140,1,364,30,0,30,394
06/13/2004,PVD,RI,ANE,EN,Towers with Radar,115,56,28,1,200,30,37,96,2,165,145,93,124,3,365,0,0,0,365
06/14/2004,PVD,RI,ANE,EN,Towers with Radar,149,77,39,1,266,0,20,21,0,41,149,97,60,1,307,14,0,14,321
06/15/2004,PVD,RI,ANE,EN,Towers with Radar,139,68,34,1,242,4,12,41,2,59,143,80,75,3,301,2,0,2,303
06/16/2004,PVD,RI,ANE,EN,Towers with Radar,143,70,35,1,249,10,29,130,1,170,153,99,165,2,419,22,0,22,441
06/17/2004,PVD,RI,ANE,EN,Towers with Radar,146,86,44,0,276,0,9,67,0,76,146,95,111,0,352,78,0,78,430
06/18/2004,PVD,RI,ANE,EN,Towers with Radar,161,116,63,2,342,0,0,21,0,21,161,116,84,2,363,22,0,22,385
06/19/2004,PVD,RI,ANE,EN,Towers with Radar,146,77,40,1,264,0,12,23,0,35,146,89,63,1,299,0,0,0,299
06/20/2004,PVD,RI,ANE,EN,Towers with Radar,124,59,31,1,215,23,49,66,1,139,147,108,97,2,354,12,0,12,366
06/21/2004,PVD,RI,ANE,EN,Towers with Radar,133,63,32,0,228,16,44,103,0,163,149,107,135,0,391,12,0,12,403
06/22/2004,PVD,RI,ANE,EN,Towers with Radar,154,74,38,0,266,3,11,27,0,41,157,85,65,0,307,24,0,24,331
06/23/2004,PVD,RI,ANE,EN,Towers with Radar,154,74,38,1,267,5,29,88,3,125,159,103,126,4,392,0,0,0,392
06/24/2004,PVD,RI,ANE,EN,Towers with Radar,150,72,37,0,259,7,44,76,2,129,157,116,113,2,388,32,0,32,420
06/25/2004,PVD,RI,ANE,EN,Towers with Radar,154,101,51,1,307,0,3,35,1,39,154,104,86,2,346,12,0,12,358
06/26/2004,PVD,RI,ANE,EN,Towers with Radar,150,86,40,0,276,0,10,0,0,10,150,96,40,0,286,4,0,4,290
06/27/2004,PVD,RI,ANE,EN,Towers with Radar,140,68,35,0,243,0,35,110,0,145,140,103,145,0,388,14,0,14,402
06/28/2004,PVD,RI,ANE,EN,Towers with Radar,134,64,33,0,231,19,43,107,1,170,153,107,140,1,401,51,0,51,452
06/29/2004,PVD,RI,ANE,EN,Towers with Radar,153,73,37,0,263,5,36,81,1,123,158,109,118,1,386,0,0,0,386
06/30/2004,PVD,RI,ANE,EN,Towers with Radar,146,70,35,0,251,8,36,86,4,134,154,106,121,4,385,44,0,44,429
07/01/2004,PVD,RI,ANE,EN,Towers with Radar,136,82,37,1,256,17,41,81,3,142,153,123,118,4,398,0,0,0,398
07/02/2004,PVD,RI,ANE,EN,Towers with Radar,163,117,57,1,338,0,5,0,0,5,163,122,57,1,343,0,0,0,343
07/03/2004,PVD,RI,ANE,EN,Towers with Radar,97,58,28,1,184,39,41,102,0,182,136,99,130,1,366,34,0,34,400
07/04/2004,PVD,RI,ANE,EN,Towers with Radar,78,47,22,1,148,54,29,42,0,125,132,76,64,1,273,0,0,0,273
07/05/2004,PVD,RI,ANE,EN,Towers with Radar,143,115,48,0,306,0,0,0,0,0,143,115,48,0,306,0,0,0,306
07/06/2004,PVD,RI,ANE,EN,Towers with Radar,151,90,43,0,284,2,27,86,0,115,153,117,129,0,399,10,0,10,409
07/07/2004,PVD,RI,ANE,EN,Towers with Radar,124,74,36,1,235,36,36,104,1,177,160,110,140,2,412,11,0,11,423
07/08/2004,PVD,RI,ANE,EN,Towers with Radar,143,98,47,0,288,0,39,122,0,161,143,137,169,0,449,62,0,62,511
07/09/2004,PVD,RI,ANE,EN,Towers with Radar,154,92,45,1,292,1,20,86,2,109,155,112,131,3,401,8,0,8,409
07/10/2004,PVD,RI,ANE,EN,Towers with Radar,99,59,28,0,186,43,31,110,0,184,142,90,138,0,370,30,0,30,400
07/11/2004,PVD,RI,ANE,EN,Towers with Radar,124,74,36,1,235,19,47,104,0,170,143,121,140,1,405,56,0,56,461
07/12/2004,PVD,RI,ANE,EN,Towers with Radar,126,75,36,1,238,19,40,87,0,146,145,115,123,1,384,12,0,12,396
07/13/2004,PVD,RI,ANE,EN,Towers with Radar,150,84,42,0,276,9,0,1,0,10,159,84,43,0,286,0,0,0,286
07/14/2004,PVD,RI,ANE,EN,Towers with Radar,144,90,44,1,279,0,0,14,0,14,144,90,58,1,293,0,0,0,293
07/15/2004,PVD,RI,ANE,EN,Towers with Radar,162,100,47,1,310,0,19,37,0,56,162,119,84,1,366,16,0,16,382
07/16/2004,PVD,RI,ANE,EN,Towers with Radar,158,93,45,0,296,0,28,110,0,138,158,121,155,0,434,48,0,48,482
07/17/2004,PVD,RI,ANE,EN,Towers with Radar,110,64,32,0,206,31,33,115,0,179,141,97,147,0,385,38,0,38,423
07/18/2004,PVD,RI,ANE,EN,Towers with Radar,151,108,53,0,312,0,11,16,0,27,151,119,69,0,339,12,0,12,351
07/19/2004,PVD,RI,ANE,EN,Towers with Radar,152,92,44,0,288,0,22,0,1,23,152,114,44,1,311,2,0,2,313
07/20/2004,PVD,RI,ANE,EN,Towers with Radar,140,82,39,0,261,17,16,66,1,100,157,98,105,1,361,0,0,0,361
07/21/2004,PVD,RI,ANE,EN,Towers with Radar,138,81,39,0,258,23,35,106,1,165,161,116,145,1,423,2,0,2,425
07/22/2004,PVD,RI,ANE,EN,Towers with Radar,149,105,50,0,304,0,3,81,1,85,149,108,131,1,389,8,0,8,397
07/23/2004,PVD,RI,ANE,EN,Towers with Radar,153,108,53,0,314,0,6,21,2,29,153,114,74,2,343,0,0,0,343
07/24/2004,PVD,RI,ANE,EN,Towers with Radar,144,94,37,0,275,0,0,0,0,0,144,94,37,0,275,0,0,0,275
07/25/2004,PVD,RI,ANE,EN,Towers with Radar,148,91,44,0,283,0,6,71,3,80,148,97,115,3,363,34,0,34,397
07/26/2004,PVD,RI,ANE,EN,Towers with Radar,129,76,37,0,242,22,45,110,1,178,151,121,147,1,420,10,0,10,430
07/27/2004,PVD,RI,ANE,EN,Towers with Radar,148,88,42,0,278,0,17,76,0,93,148,105,118,0,371,0,0,0,371
07/28/2004,PVD,RI,ANE,EN,Towers with Radar,145,85,41,0,271,10,53,18,0,81,155,138,59,0,352,0,0,0,352
07/29/2004,PVD,RI,ANE,EN,Towers with Radar,156,115,56,0,327,0,15,72,7,94,156,130,128,7,421,0,0,0,421
07/30/2004,PVD,RI,ANE,EN,Towers with Radar,161,115,59,0,335,0,0,67,0,67,161,115,126,0,402,6,0,6,408
07/31/2004,PVD,RI,ANE,EN,Towers with Radar,143,90,42,0,275,0,10,34,0,44,143,100,76,0,319,26,0,26,345
08/01/2004,PVD,RI,ANE,EN,Towers with Radar,132,97,47,0,276,0,0,2,1,3,132,97,49,1,279,22,0,22,301
08/02/2004,PVD,RI,ANE,EN,Towers with Radar,143,96,40,0,279,0,23,79,0,102,143,119,119,0,381,18,0,18,399
08/03/2004,PVD,RI,ANE,EN,Towers with Radar,155,94,42,0,291,5,0,40,0,45,160,94,82,0,336,2,0,2,338
08/04/2004,PVD,RI,ANE,EN,Towers with Radar,140,88,37,0,265,15,9,91,1,116,155,97,128,1,381,0,0,0,381
08/05/2004,PVD,RI,ANE,EN,Towers with Radar,162,110,47,0,319,0,10,4,1,15,162,120,51,1,334,8,0,8,342
08/06/2004,PVD,RI,ANE,EN,Towers with Radar,147,91,39,0,277,10,34,98,0,142,157,125,137,0,419,22,0,22,441
08/07/2004,PVD,RI,ANE,EN,Towers with Radar,114,72,29,0,215,29,24,125,0,178,143,96,154,0,393,8,0,8,401
08/08/2004,PVD,RI,ANE,EN,Towers with Radar,134,84,34,0,252,12,35,135,0,182,146,119,169,0,434,16,0,16,450
08/09/2004,PVD,RI,ANE,EN,Towers with Radar,127,80,33,1,241,24,41,117,3,185,151,121,150,4,426,36,0,36,462
08/10/2004,PVD,RI,ANE,EN,Towers with Radar,124,78,33,0,235,31,18,109,0,158,155,96,142,0,393,28,0,28,421
08/11/2004,PVD,RI,ANE,EN,Towers with Radar,145,91,38,0,274,7,22,25,0,54,152,113,63,0,328,38,0,38,366
08/12/2004,PVD,RI,ANE,EN,Towers with Radar,157,106,44,1,308,0,2,53,1,56,157,108,97,2,364,10,0,10,374
08/13/2004,PVD,RI,ANE,EN,Towers with Radar,154,108,44,0,306,0,18,2,0,20,154,126,46,0,326,24,0,24,350
08/14/2004,PVD,RI,ANE,EN,Towers with Radar,119,74,31,0,224,17,26,75,1,119,136,100,106,1,343,10,0,10,353
08/15/2004,PVD,RI,ANE,EN,Towers with Radar,151,99,25,0,275,0,1,0,0,1,151,100,25,0,276,0,0,0,276
08/16/2004,PVD,RI,ANE,EN,Towers with Radar,154,109,46,0,309,0,14,15,0,29,154,123,61,0,338,4,0,4,342
08/17/2004,PVD,RI,ANE,EN,Towers with Radar,160,104,43,0,307,0,3,93,0,96,160,107,136,0,403,18,0,18,421
08/18/2004,PVD,RI,ANE,EN,Towers with Radar,154,95,39,0,288,5,7,74,1,87,159,102,113,1,375,10,0,10,385
08/19/2004,PVD,RI,ANE,EN,Towers with Radar,153,111,41,0,305,0,0,0,2,2,153,111,41,2,307,0,0,0,307
08/20/2004,PVD,RI,ANE,EN,Towers with Radar,155,118,52,0,325,0,0,4,0,4,155,118,56,0,329,18,0,18,347
08/21/2004,PVD,RI,ANE,EN,Towers with Radar,135,83,32,0,250,9,6,0,2,17,144,89,32,2,267,12,0,12,279
08/22/2004,PVD,RI,ANE,EN,Towers with Radar,133,81,34,0,248,18,35,151,1,205,151,116,185,1,453,16,0,16,469
08/23/2004,PVD,RI,ANE,EN,Towers with Radar,125,77,33,0,235,29,48,99,0,176,154,125,132,0,411,38,0,38,449
08/24/2004,PVD,RI,ANE,EN,Towers with Radar,127,78,32,0,237,32,40,105,1,178,159,118,137,1,415,26,0,26,441
08/25/2004,PVD,RI,ANE,EN,Towers with Radar,127,78,33,0,238,24,41,108,0,173,151,119,141,0,411,20,0,20,431
08/26/2004,PVD,RI,ANE,EN,Towers with Radar,128,79,34,0,241,31,42,135,1,209,159,121,169,1,450,2,0,2,452
08/27/2004,PVD,RI,ANE,EN,Towers with Radar,153,115,48,0,316,0,22,65,0,87,153,137,113,0,403,14,0,14,417
08/28/2004,PVD,RI,ANE,EN,Towers with Radar,138,85,36,0,259,2,29,56,0,87,140,114,92,0,346,4,0,4,350
08/29/2004,PVD,RI,ANE,EN,Towers with Radar,145,107,44,0,296,0,20,34,0,54,145,127,78,0,350,0,0,0,350
08/30/2004,PVD,RI,ANE,EN,Towers with Radar,150,110,47,0,307,0,19,24,0,43,150,129,71,0,350,26,0,26,376
08/31/2004,PVD,RI,ANE,EN,Towers with Radar,139,85,35,0,259,20,44,21,0,85,159,129,56,0,344,8,0,8,352
09/01/2004,PVD,RI,ANE,EN,Towers with Radar,160,103,41,0,304,0,27,109,0,136,160,130,150,0,440,26,0,26,466
09/02/2004,PVD,RI,ANE,EN,Towers with Radar,158,102,41,0,301,0,31,120,0,151,158,133,161,0,452,8,0,8,460
09/03/2004,PVD,RI,ANE,EN,Towers with Radar,150,104,41,0,295,0,33,82,0,115,150,137,123,0,410,26,0,26,436
09/04/2004,PVD,RI,ANE,EN,Towers with Radar,125,79,31,0,235,1,34,78,0,113,126,113,109,0,348,0,0,0,348
09/05/2004,PVD,RI,ANE,EN,Towers with Radar,126,86,34,0,246,0,26,59,0,85,126,112,93,0,331,15,0,15,346
09/06/2004,PVD,RI,ANE,EN,Towers with Radar,133,106,41,0,280,0,48,81,6,135,133,154,122,6,415,10,0,10,425
09/07/2004,PVD,RI,ANE,EN,Towers with Radar,151,116,46,0,313,0,22,34,0,56,151,138,80,0,369,4,0,4,373
09/08/2004,PVD,RI,ANE,EN,Towers with Radar,154,97,37,0,288,6,19,15,0,40,160,116,52,0,328,0,0,0,328
09/09/2004,PVD,RI,ANE,EN,Towers with Radar,159,109,42,0,310,0,28,14,0,42,159,137,56,0,352,0,0,0,352
09/10/2004,PVD,RI,ANE,EN,Towers with Radar,156,103,39,0,298,0,37,62,0,99,156,140,101,0,397,0,0,0,397
09/11/2004,PVD,RI,ANE,EN,Towers with Radar,117,74,28,1,220,23,23,111,0,157,140,97,139,1,377,0,0,0,377
09/12/2004,PVD,RI,ANE,EN,Towers with Radar,129,81,32,0,242,19,40,87,0,146,148,121,119,0,388,6,0,6,394
09/13/2004,PVD,RI,ANE,EN,Towers with Radar,147,92,35,1,275,8,37,79,0,124,155,129,114,1,399,8,0,8,407
09/14/2004,PVD,RI,ANE,EN,Towers with Radar,136,86,33,0,255,23,29,77,0,129,159,115,110,0,384,0,0,0,384
09/15/2004,PVD,RI,ANE,EN,Towers with Radar,74,47,19,0,140,0,20,47,0,67,74,67,66,0,207,6,0,6,213
09/16/2004,PVD,RI,ANE,EN,Towers with Radar,161,125,51,0,337,0,0,42,0,42,161,125,93,0,379,0,0,0,379
09/17/2004,PVD,RI,ANE,EN,Towers with Radar,152,127,50,0,329,0,0,8,0,8,152,127,58,0,337,32,0,32,369
09/18/2004,PVD,RI,ANE,EN,Towers with Radar,98,62,12,0,172,40,11,0,4,55,138,73,12,4,227,0,0,0,227
09/19/2004,PVD,RI,ANE,EN,Towers with Radar,145,90,35,0,270,9,21,49,0,79,154,111,84,0,349,0,0,0,349
09/20/2004,PVD,RI,ANE,EN,Towers with Radar,136,84,32,0,252,17,40,91,3,151,153,124,123,3,403,40,0,40,443
09/21/2004,PVD,RI,ANE,EN,Towers with Radar,144,89,35,0,268,19,20,102,0,141,163,109,137,0,409,10,0,10,419
09/22/2004,PVD,RI,ANE,EN,Towers with Radar,146,90,35,0,271,15,23,112,3,153,161,113,147,3,424,18,0,18,442
09/23/2004,PVD,RI,ANE,EN,Towers with Radar,146,90,35,0,271,12,42,110,1,165,158,132,145,1,436,2,0,2,438
09/24/2004,PVD,RI,ANE,EN,Towers with Radar,159,101,40,0,300,0,24,77,1,102,159,125,117,1,402,10,0,10,412
09/25/2004,PVD,RI,ANE,EN,Towers with Radar,109,67,26,0,202,26,26,80,4,136,135,93,106,4,338,12,0,12,350
09/26/2004,PVD,RI,ANE,EN,Towers with Radar,136,84,32,0,252,0,33,109,0,142,136,117,141,0,394,12,0,12,406
09/27/2004,PVD,RI,ANE,EN,Towers with Radar,150,94,37,0,281,0,37,67,0,104,150,131,104,0,385,10,0,10,395
09/28/2004,PVD,RI,ANE,EN,Towers with Radar,130,80,31,0,241,26,20,7,0,53,156,100,38,0,294,0,0,0,294
09/29/2004,PVD,RI,ANE,EN,Towers with Radar,167,103,40,0,310,0,1,8,0,9,167,104,48,0,319,0,0,0,319
09/30/2004,PVD,RI,ANE,EN,Towers with Radar,160,100,38,0,298,0,19,83,5,107,160,119,121,5,405,32,0,32,437
10/01/2004,PVD,RI,ANE,EN,Towers with Radar,160,93,39,2,294,0,36,93,0,129,160,129,132,2,423,18,0,18,441
10/02/2004,PVD,RI,ANE,EN,Towers with Radar,145,86,29,0,260,0,4,40,0,44,145,90,69,0,304,36,0,36,340
10/03/2004,PVD,RI,ANE,EN,Towers with Radar,160,85,30,2,277,0,26,107,0,133,160,111,137,2,410,28,0,28,438
10/04/2004,PVD,RI,ANE,EN,Towers with Radar,185,127,43,0,355,0,21,81,0,102,185,148,124,0,457,0,0,0,457
10/05/2004,PVD,RI,ANE,EN,Towers with Radar,168,82,24,0,274,0,14,59,1,74,168,96,83,1,348,8,0,8,356
10/06/2004,PVD,RI,ANE,EN,Towers with Radar,164,92,40,0,296,0,16,80,0,96,164,108,120,0,392,36,0,36,428
10/07/2004,PVD,RI,ANE,EN,Towers with Radar,160,82,41,0,283,0,22,93,0,115,160,104,134,0,398,14,0,14,412
10/08/2004,PVD,RI,ANE,EN,Towers with Radar,161,96,48,2,307,0,41,78,3,122,161,137,126,5,429,14,0,14,443
10/09/2004,PVD,RI,ANE,EN,Towers with Radar,154,73,26,0,253,0,21,73,0,94,154,94,99,0,347,14,0,14,361
10/10/2004,PVD,RI,ANE,EN,Towers with Radar,162,82,22,0,266,0,25,73,0,98,162,107,95,0,364,8,0,8,372
10/11/2004,PVD,RI,ANE,EN,Towers with Radar,162,96,16,1,275,0,27,56,0,83,162,123,72,1,358,32,0,32,390
10/12/2004,PVD,RI,ANE,EN,Towers with Radar,164,95,29,0,288,0,12,47,0,59,164,107,76,0,347,2,0,2,349
10/13/2004,PVD,RI,ANE,EN,Towers with Radar,165,89,42,2,298,2,15,74,18,109,167,104,116,20,407,8,0,8,415
10/14/2004,PVD,RI,ANE,EN,Towers with Radar,164,93,53,0,310,0,3,12,1,16,164,96,65,1,326,10,0,10,336
10/15/2004,PVD,RI,ANE,EN,Towers with Radar,162,108,43,0,313,0,0,0,0,0,162,108,43,0,313,0,0,0,313
10/16/2004,PVD,RI,ANE,EN,Towers with Radar,148,73,19,0,240,0,11,53,0,64,148,84,72,0,304,18,0,18,322
10/17/2004,PVD,RI,ANE,EN,Towers with Radar,154,82,27,0,263,0,20,61,0,81,154,102,88,0,344,20,0,20,364
10/18/2004,PVD,RI,ANE,EN,Towers with Radar,160,84,42,0,286,0,17,77,0,94,160,101,119,0,380,0,0,0,380
10/19/2004,PVD,RI,ANE,EN,Towers with Radar,170,90,37,0,297,0,0,5,0,5,170,90,42,0,302,0,0,0,302
10/20/2004,PVD,RI,ANE,EN,Towers with Radar,162,91,48,0,301,0,4,30,3,37,162,95,78,3,338,20,0,20,358
10/21/2004,PVD,RI,ANE,EN,Towers with Radar,165,93,65,0,323,0,5,30,0,35,165,98,95,0,358,18,0,18,376
10/22/2004,PVD,RI,ANE,EN,Towers with Radar,166,113,47,0,326,0,3,15,0,18,166,116,62,0,344,0,0,0,344
10/23/2004,PVD,RI,ANE,EN,Towers with Radar,148,88,37,0,273,0,2,48,0,50,148,90,85,0,323,0,0,0,323
10/24/2004,PVD,RI,ANE,EN,Towers with Radar,156,96,43,0,295,0,0,23,0,23,156,96,66,0,318,0,0,0,318
10/25/2004,PVD,RI,ANE,EN,Towers with Radar,154,100,41,0,295,1,0,15,1,17,155,100,56,1,312,0,0,0,312
10/26/2004,PVD,RI,ANE,EN,Towers with Radar,168,95,30,0,293,0,1,86,0,87,168,96,116,0,380,86,0,86,466
10/27/2004,PVD,RI,ANE,EN,Towers with Radar,170,89,40,0,299,0,12,79,2,93,170,101,119,2,392,10,0,10,402
10/28/2004,PVD,RI,ANE,EN,Towers with Radar,171,88,36,2,297,0,14,88,1,103,171,102,124,3,400,16,0,16,416
10/29/2004,PVD,RI,ANE,EN,Towers with Radar,168,83,32,0,283,0,11,59,2,72,168,94,91,2,355,14,0,14,369
10/30/2004,PVD,RI,ANE,EN,Towers with Radar,0,0,0,0,0,0,0,0,0,0,0,0,0,0,0,6,0,6,6
10/31/2004,PVD,RI,ANE,EN,Towers with Radar,174,78,22,0,274,0,11,46,0,57,174,89,68,0,331,2,0,2,333
11/01/2004,PVD,RI,ANE,EN,Combined TRACON& Tower with Radar,196,114,42,0,352,24,26,60,0,110,220,140,102,0,462,0,0,0,462
11/02/2004,PVD,RI,ANE,EN,Combined TRACON& Tower with Radar,175,100,31,0,306,0,6,48,0,54,175,106,79,0,360,6,0,6,366
11/03/2004,PVD,RI,ANE,EN,Combined TRACON& Tower with Radar,166,95,26,0,287,0,8,18,0,26,166,103,44,0,313,0,0,0,313
11/04/2004,PVD,RI,ANE,EN,Combined TRACON& Tower with Radar,166,85,35,0,286,0,11,58,1,70,166,96,93,1,356,2,0,2,358
11/05/2004,PVD,RI,ANE,EN,Combined TRACON& Tower with Radar,177,92,20,0,289,0,8,5,0,13,177,100,25,0,302,16,0,16,318
11/06/2004,PVD,RI,ANE,EN,Combined TRACON& Tower with Radar,140,62,39,0,241,2,10,62,1,75,142,72,101,1,316,20,0,20,336
11/07/2004,PVD,RI,ANE,EN,Combined TRACON& Tower with Radar,155,92,16,0,263,0,0,98,0,98,155,92,114,0,361,4,0,4,365
11/08/2004,PVD,RI,ANE,EN,Combined TRACON& Tower with Radar,168,90,30,3,291,0,12,36,2,50,168,102,66,5,341,6,0,6,347
11/09/2004,PVD,RI,ANE,EN,Combined TRACON& Tower with Radar,164,91,42,0,297,1,11,74,0,86,165,102,116,0,383,16,0,16,399
11/10/2004,PVD,RI,ANE,EN,Combined TRACON& Tower with Radar,167,89,44,1,301,0,11,62,0,73,167,100,106,1,374,20,0,20,394
11/11/2004,PVD,RI,ANE,EN,Combined TRACON& Tower with Radar,165,90,32,0,287,0,10,67,0,77,165,100,99,0,364,52,0,52,416
11/12/2004,PVD,RI,ANE,EN,Combined TRACON& Tower with Radar,160,103,34,0,297,0,1,4,1,6,160,104,38,1,303,0,0,0,303
11/13/2004,PVD,RI,ANE,EN,Combined TRACON& Tower with Radar,127,70,7,0,204,3,0,6,0,9,130,70,13,0,213,0,0,0,213
11/14/2004,PVD,RI,ANE,EN,Combined TRACON& Tower with Radar,156,77,20,0,253,0,13,49,0,62,156,90,69,0,315,4,0,4,319
11/15/2004,PVD,RI,ANE,EN,Combined TRACON& Tower with Radar,165,98,31,0,294,0,10,58,0,68,165,108,89,0,362,22,0,22,384
11/16/2004,PVD,RI,ANE,EN,Combined TRACON& Tower with Radar,167,94,28,0,289,0,8,54,0,62,167,102,82,0,351,0,0,0,351
11/17/2004,PVD,RI,ANE,EN,Combined TRACON& Tower with Radar,168,88,43,0,299,0,9,69,0,78,168,97,112,0,377,8,0,8,385
11/18/2004,PVD,RI,ANE,EN,Combined TRACON& Tower with Radar,169,101,37,0,307,0,10,60,0,70,169,111,97,0,377,38,0,38,415
11/19/2004,PVD,RI,ANE,EN,Combined TRACON& Tower with Radar,165,98,42,0,305,1,16,76,0,93,166,114,118,0,398,16,0,16,414
11/20/2004,PVD,RI,ANE,EN,Combined TRACON& Tower with Radar,145,64,20,0,229,0,10,96,0,106,145,74,116,0,335,48,0,48,383
11/21/2004,PVD,RI,ANE,EN,Combined TRACON& Tower with Radar,154,78,20,0,252,0,1,1,0,2,154,79,21,0,254,0,0,0,254
11/22/2004,PVD,RI,ANE,EN,Combined TRACON& Tower with Radar,162,93,31,1,287,0,9,68,0,77,162,102,99,1,364,6,0,6,370
11/23/2004,PVD,RI,ANE,EN,Combined TRACON& Tower with Radar,164,95,41,0,300,2,17,67,0,86,166,112,108,0,386,12,0,12,398
11/24/2004,PVD,RI,ANE,EN,Combined TRACON& Tower with Radar,163,115,40,0,318,0,4,3,0,7,163,119,43,0,325,0,0,0,325
11/25/2004,PVD,RI,ANE,EN,Combined TRACON& Tower with Radar,115,65,11,0,191,0,0,0,0,0,115,65,11,0,191,0,0,0,191
11/26/2004,PVD,RI,ANE,EN,Combined TRACON& Tower with Radar,143,64,13,0,220,0,10,59,2,71,143,74,72,2,291,0,0,0,291
11/27/2004,PVD,RI,ANE,EN,Combined TRACON& Tower with Radar,145,64,12,0,221,0,17,84,0,101,145,81,96,0,322,26,0,26,348
11/28/2004,PVD,RI,ANE,EN,Combined TRACON& Tower with Radar,159,92,36,0,287,0,2,5,0,7,159,94,41,0,294,14,0,14,308
11/29/2004,PVD,RI,ANE,EN,Combined TRACON& Tower with Radar,164,91,29,0,284,0,14,64,3,81,164,105,93,3,365,8,0,8,373
11/30/2004,PVD,RI,ANE,EN,Combined TRACON& Tower with Radar,167,86,27,0,280,0,12,72,1,85,167,98,99,1,365,46,0,46,411
12/01/2004,PVD,RI,ANE,EN,Combined TRACON& Tower with Radar,166,84,23,0,273,0,5,6,1,12,166,89,29,1,285,10,0,10,295
12/02/2004,PVD,RI,ANE,EN,Combined TRACON& Tower with Radar,170,89,42,0,301,0,9,53,0,62,170,98,95,0,363,16,0,16,379
12/03/2004,PVD,RI,ANE,EN,Combined TRACON& Tower with Radar,166,88,29,0,283,0,11,41,0,52,166,99,70,0,335,16,0,16,351
12/04/2004,PVD,RI,ANE,EN,Combined TRACON& Tower with Radar,140,55,18,0,213,0,14,86,0,100,140,69,104,0,313,20,0,20,333
12/05/2004,PVD,RI,ANE,EN,Combined TRACON& Tower with Radar,158,65,27,0,250,0,18,72,0,90,158,83,99,0,340,22,0,22,362
12/06/2004,PVD,RI,ANE,EN,Combined TRACON& Tower with Radar,161,91,26,0,278,0,12,47,0,59,161,103,73,0,337,0,0,0,337
12/07/2004,PVD,RI,ANE,EN,Combined TRACON& Tower with Radar,162,85,30,0,277,3,1,0,0,4,165,86,30,0,281,0,0,0,281
12/08/2004,PVD,RI,ANE,EN,Combined TRACON& Tower with Radar,172,90,39,0,301,0,0,30,1,31,172,90,69,1,332,4,0,4,336
12/09/2004,PVD,RI,ANE,EN,Combined TRACON& Tower with Radar,168,82,37,0,287,5,2,83,0,90,173,84,120,0,377,6,0,6,383
12/10/2004,PVD,RI,ANE,EN,Combined TRACON& Tower with Radar,159,76,35,0,270,0,37,17,0,54,159,113,52,0,324,0,0,0,324
12/11/2004,PVD,RI,ANE,EN,Combined TRACON& Tower with Radar,193,99,28,0,320,0,1,3,0,4,193,100,31,0,324,2,0,2,326
12/12/2004,PVD,RI,ANE,EN,Combined TRACON& Tower with Radar,157,75,27,0,259,0,0,60,0,60,157,75,87,0,319,2,0,2,321
12/13/2004,PVD,RI,ANE,EN,Combined TRACON& Tower with Radar,159,94,32,0,285,0,1,18,1,20,159,95,50,1,305,6,0,6,311
12/14/2004,PVD,RI,ANE,EN,Combined TRACON& Tower with Radar,173,86,34,0,293,0,0,75,0,75,173,86,109,0,368,30,0,30,398
12/15/2004,PVD,RI,ANE,EN,Combined TRACON& Tower with Radar,168,81,92,0,341,0,0,0,0,0,168,81,92,0,341,38,0,38,379
12/16/2004,PVD,RI,ANE,EN,Combined TRACON& Tower with Radar,166,88,32,0,286,0,0,58,0,58,166,88,90,0,344,12,0,12,356
12/17/2004,PVD,RI,ANE,EN,Combined TRACON& Tower with Radar,162,88,17,0,267,0,0,29,0,29,162,88,46,0,296,1,0,1,297
12/18/2004,PVD,RI,ANE,EN,Combined TRACON& Tower with Radar,141,69,27,0,237,0,0,75,0,75,141,69,102,0,312,0,44,44,356
12/19/2004,PVD,RI,ANE,EN,Combined TRACON& Tower with Radar,153,66,18,0,237,0,0,45,0,45,153,66,63,0,282,8,0,8,290
12/20/2004,PVD,RI,ANE,EN,Combined TRACON& Tower with Radar,148,76,19,0,243,1,0,5,1,7,149,76,24,1,250,0,0,0,250
12/21/2004,PVD,RI,ANE,EN,Combined TRACON& Tower with Radar,170,91,26,0,287,0,0,39,0,39,170,91,65,0,326,62,0,62,388
12/22/2004,PVD,RI,ANE,EN,Combined TRACON& Tower with Radar,167,87,21,0,275,0,3,59,0,62,167,90,80,0,337,0,0,0,337
12/23/2004,PVD,RI,ANE,EN,Combined TRACON& Tower with Radar,154,68,9,0,231,0,0,5,0,5,154,68,14,0,236,0,0,0,236
12/24/2004,PVD,RI,ANE,EN,Combined TRACON& Tower with Radar,161,67,17,0,245,0,0,24,0,24,161,67,41,0,269,6,0,6,275
12/25/2004,PVD,RI,ANE,EN,Combined TRACON& Tower with Radar,148,50,4,0,202,0,0,10,0,10,148,50,14,0,212,2,0,2,214
12/26/2004,PVD,RI,ANE,EN,Combined TRACON& Tower with Radar,118,61,17,0,196,2,3,3,0,8,120,64,20,0,204,0,0,0,204
12/27/2004,PVD,RI,ANE,EN,Combined TRACON& Tower with Radar,167,72,12,0,251,0,0,10,0,10,167,72,22,0,261,0,0,0,261
12/28/2004,PVD,RI,ANE,EN,Combined TRACON& Tower with Radar,168,84,21,0,273,0,2,43,0,45,168,86,64,0,318,24,0,24,342
12/29/2004,PVD,RI,ANE,EN,Combined TRACON& Tower with Radar,165,81,17,0,263,0,1,53,0,54,165,82,70,0,317,58,0,58,375
12/30/2004,PVD,RI,ANE,EN,Combined TRACON& Tower with Radar,161,77,19,0,257,0,0,73,0,73,161,77,92,0,330,4,0,4,334
12/31/2004,PVD,RI,ANE,EN,Combined TRACON& Tower with Radar,154,59,16,0,229,0,0,10,0,10,154,59,26,0,239,30,0,30,269
01/01/2005,PVD,RI,ANE,EN,Combined TRACON& Tower with Radar,145,49,13,0,207,0,0,17,0,17,145,49,30,0,224,0,0,0,224
01/02/2005,PVD,RI,ANE,EN,Combined TRACON& Tower with Radar,158,82,20,0,260,0,0,61,0,61,158,82,81,0,321,12,0,12,333
01/03/2005,PVD,RI,ANE,EN,Combined TRACON& Tower with Radar,162,90,15,2,269,0,0,0,0,0,162,90,15,2,269,2,0,2,271
01/04/2005,PVD,RI,ANE,EN,Combined TRACON& Tower with Radar,156,76,39,2,273,0,0,3,0,3,156,76,42,2,276,640,0,640,916
01/05/2005,PVD,RI,ANE,EN,Combined TRACON& Tower with Radar,151,74,25,0,250,0,0,2,0,2,151,74,27,0,252,0,0,0,252
01/06/2005,PVD,RI,ANE,EN,Combined TRACON& Tower with Radar,149,74,17,0,240,0,0,0,0,0,149,74,17,0,240,0,0,0,240
01/07/2005,PVD,RI,ANE,EN,Combined TRACON& Tower with Radar,160,82,21,8,271,0,0,47,0,47,160,82,68,8,318,0,0,0,318
01/08/2005,PVD,RI,ANE,EN,Combined TRACON& Tower with Radar,129,55,9,0,193,0,0,0,0,0,129,55,9,0,193,0,0,0,193
01/09/2005,PVD,RI,ANE,EN,Combined TRACON& Tower with Radar,145,62,18,0,225,0,0,54,0,54,145,62,72,0,279,54,0,54,333
01/10/2005,PVD,RI,ANE,EN,Combined TRACON& Tower with Radar,155,80,24,0,259,0,0,20,0,20,155,80,44,0,279,4,0,4,283
01/11/2005,PVD,RI,ANE,EN,Combined TRACON& Tower with Radar,162,75,32,0,269,0,0,45,0,45,162,75,77,0,314,0,0,0,314
01/12/2005,PVD,RI,ANE,EN,Combined TRACON& Tower with Radar,160,80,38,0,278,0,0,0,0,0,160,80,38,0,278,0,0,0,278
01/13/2005,PVD,RI,ANE,EN,Combined TRACON& Tower with Radar,158,28,19,0,205,0,0,0,0,0,158,28,19,0,205,0,0,0,205
01/14/2005,PVD,RI,ANE,EN,Combined TRACON& Tower with Radar,159,84,33,1,277,0,0,0,0,0,159,84,33,1,277,0,0,0,277
01/15/2005,PVD,RI,ANE,EN,Combined TRACON& Tower with Radar,134,58,37,1,230,0,0,0,0,0,134,58,37,1,230,4,0,4,234
01/16/2005,PVD,RI,ANE,EN,Combined TRACON& Tower with Radar,159,64,25,0,248,0,0,50,0,50,159,64,75,0,298,12,0,12,310
01/17/2005,PVD,RI,ANE,EN,Combined TRACON& Tower with Radar,160,77,26,0,263,0,0,34,0,34,160,77,60,0,297,16,0,16,313
01/18/2005,PVD,RI,ANE,EN,Combined TRACON& Tower with Radar,162,84,21,0,267,0,0,33,0,33,162,84,54,0,300,0,0,0,300
01/19/2005,PVD,RI,ANE,EN,Combined TRACON& Tower with Radar,150,76,35,0,261,0,1,16,0,17,150,77,51,0,278,0,0,0,278
01/20/2005,PVD,RI,ANE,EN,Combined TRACON& Tower with Radar,160,87,33,0,280,0,0,39,0,39,160,87,72,0,319,16,0,16,335
01/21/2005,PVD,RI,ANE,EN,Combined TRACON& Tower with Radar,161,79,19,0,259,0,0,0,0,0,161,79,19,0,259,6,0,6,265
01/22/2005,PVD,RI,ANE,EN,Combined TRACON& Tower with Radar,88,38,8,2,136,0,0,16,0,16,88,38,24,2,152,4,0,4,156
01/23/2005,PVD,RI,ANE,EN,Combined TRACON& Tower with Radar,2,0,3,0,5,0,0,0,0,0,2,0,3,0,5,0,0,0,5
01/24/2005,PVD,RI,ANE,EN,Combined TRACON& Tower with Radar,132,74,29,0,235,0,1,28,4,33,132,75,57,4,268,0,0,0,268
01/25/2005,PVD,RI,ANE,EN,Combined TRACON& Tower with Radar,158,84,45,0,287,0,0,48,0,48,158,84,93,0,335,12,0,12,347
01/26/2005,PVD,RI,ANE,EN,Combined TRACON& Tower with Radar,138,60,22,1,221,0,0,0,0,0,138,60,22,1,221,0,0,0,221
01/27/2005,PVD,RI,ANE,EN,Combined TRACON& Tower with Radar,158,81,43,5,287,0,0,28,1,29,158,81,71,6,316,0,0,0,316
01/28/2005,PVD,RI,ANE,EN,Combined TRACON& Tower with Radar,153,82,25,0,260,0,1,44,0,45,153,83,69,0,305,2,0,2,307
01/29/2005,PVD,RI,ANE,EN,Combined TRACON& Tower with Radar,119,59,17,0,195,0,0,77,0,77,119,59,94,0,272,6,0,6,278
01/30/2005,PVD,RI,ANE,EN,Combined TRACON& Tower with Radar,144,62,12,2,220,0,0,0,0,0,144,62,12,2,220,4,0,4,224
01/31/2005,PVD,RI,ANE,EN,Combined TRACON& Tower with Radar,163,81,24,0,268,0,1,48,0,49,163,82,72,0,317,18,0,18,335
02/01/2005,PVD,RI,ANE,EN,Combined TRACON& Tower with Radar,162,75,40,0,277,0,0,124,0,124,162,75,164,0,401,30,0,30,431
02/02/2005,PVD,RI,ANE,EN,Combined TRACON& Tower with Radar,162,77,30,0,269,0,0,57,0,57,162,77,87,0,326,2,0,2,328
02/03/2005,PVD,RI,ANE,EN,Combined TRACON& Tower with Radar,160,84,40,0,284,0,0,4,0,4,160,84,44,0,288,0,0,0,288
02/04/2005,PVD,RI,ANE,EN,Combined TRACON& Tower with Radar,158,82,39,0,279,0,0,2,0,2,158,82,41,0,281,0,0,0,281
02/05/2005,PVD,RI,ANE,EN,Combined TRACON& Tower with Radar,128,64,13,2,207,0,0,65,2,67,128,64,78,4,274,84,0,84,358
02/06/2005,PVD,RI,ANE,EN,Combined TRACON& Tower with Radar,148,61,15,0,224,0,0,70,1,71,148,61,85,1,295,14,0,14,309
02/07/2005,PVD,RI,ANE,EN,Combined TRACON& Tower with Radar,167,74,25,0,266,0,0,0,0,0,167,74,25,0,266,6,0,6,272
02/08/2005,PVD,RI,ANE,EN,Combined TRACON& Tower with Radar,164,78,40,0,282,0,0,40,1,41,164,78,80,1,323,58,0,58,381
02/09/2005,PVD,RI,ANE,EN,Combined TRACON& Tower with Radar,158,70,31,2,261,0,0,33,0,33,158,70,64,2,294,2,0,2,296
02/10/2005,PVD,RI,ANE,EN,Combined TRACON& Tower with Radar,165,73,23,0,261,0,0,0,0,0,165,73,23,0,261,0,0,0,261
02/11/2005,PVD,RI,ANE,EN,Combined TRACON& Tower with Radar,166,72,17,2,257,0,0,0,0,0,166,72,17,2,257,0,0,0,257
02/12/2005,PVD,RI,ANE,EN,Combined TRACON& Tower with Radar,127,61,24,0,212,0,0,47,0,47,127,61,71,0,259,54,0,54,313
02/13/2005,PVD,RI,ANE,EN,Combined TRACON& Tower with Radar,155,58,14,2,229,0,0,75,0,75,155,58,89,2,304,6,0,6,310
02/14/2005,PVD,RI,ANE,EN,Combined TRACON& Tower with Radar,163,72,31,0,266,0,0,32,0,32,163,72,63,0,298,20,0,20,318
02/15/2005,PVD,RI,ANE,EN,Combined TRACON& Tower with Radar,166,75,48,0,289,0,0,29,0,29,166,75,77,0,318,24,0,24,342
02/16/2005,PVD,RI,ANE,EN,Combined TRACON& Tower with Radar,170,74,44,0,288,0,0,11,0,11,170,74,55,0,299,8,0,8,307
02/17/2005,PVD,RI,ANE,EN,Combined TRACON& Tower with Radar,166,74,35,0,275,0,4,37,0,41,166,78,72,0,316,6,0,6,322
02/18/2005,PVD,RI,ANE,EN,Combined TRACON& Tower with Radar,159,82,40,0,281,0,1,32,0,33,159,83,72,0,314,2,0,2,316
02/19/2005,PVD,RI,ANE,EN,Combined TRACON& Tower with Radar,130,69,12,0,211,0,0,57,0,57,130,69,69,0,268,10,0,10,278
02/20/2005,PVD,RI,ANE,EN,Combined TRACON& Tower with Radar,153,62,11,0,226,0,0,0,0,0,153,62,11,0,226,4,0,4,230
02/21/2005,PVD,RI,ANE,EN,Combined TRACON& Tower with Radar,211,89,17,0,317,0,0,0,0,0,211,89,17,0,317,0,0,0,317
02/22/2005,PVD,RI,ANE,EN,Combined TRACON& Tower with Radar,166,75,24,0,265,0,0,5,0,5,166,75,29,0,270,0,0,0,270
02/23/2005,PVD,RI,ANE,EN,Combined TRACON& Tower with Radar,166,81,30,2,279,0,0,51,0,51,166,81,81,2,330,0,0,0,330
02/24/2005,PVD,RI,ANE,EN,Combined TRACON& Tower with Radar,159,73,31,0,263,0,0,42,0,42,159,73,73,0,305,8,0,8,313
02/25/2005,PVD,RI,ANE,EN,Combined TRACON& Tower with Radar,162,79,28,0,269,0,0,0,0,0,162,79,28,0,269,8,0,8,277
02/26/2005,PVD,RI,ANE,EN,Combined TRACON& Tower with Radar,132,57,20,0,209,0,0,46,0,46,132,57,66,0,255,2,0,2,257
02/27/2005,PVD,RI,ANE,EN,Combined TRACON& Tower with Radar,149,58,33,0,240,0,0,79,0,79,149,58,112,0,319,12,0,12,331
02/28/2005,PVD,RI,ANE,EN,Combined TRACON& Tower with Radar,154,66,31,0,251,0,0,20,0,20,154,66,51,0,271,12,0,12,283
03/01/2005,PVD,RI,ANE,EN,Combined TRACON& Tower with Radar,144,62,20,0,226,0,0,6,0,6,144,62,26,0,232,0,0,0,232
03/02/2005,PVD,RI,ANE,EN,Combined TRACON& Tower with Radar,168,70,36,0,274,0,1,30,0,31,168,71,66,0,305,6,0,6,311
03/03/2005,PVD,RI,ANE,EN,Combined TRACON& Tower with Radar,168,76,26,1,271,0,0,36,0,36,168,76,62,1,307,22,0,22,329
03/04/2005,PVD,RI,ANE,EN,Combined TRACON& Tower with Radar,165,72,31,0,268,0,0,0,0,0,165,72,31,0,268,22,0,22,290
03/05/2005,PVD,RI,ANE,EN,Combined TRACON& Tower with Radar,128,59,11,0,198,0,0,63,0,63,128,59,74,0,261,16,0,16,277
03/06/2005,PVD,RI,ANE,EN,Combined TRACON& Tower with Radar,151,61,13,0,225,0,0,60,0,60,151,61,73,0,285,0,0,0,285
03/07/2005,PVD,RI,ANE,EN,Combined TRACON& Tower with Radar,163,69,19,0,251,0,1,47,1,49,163,70,66,1,300,0,0,0,300
03/08/2005,PVD,RI,ANE,EN,Combined TRACON& Tower with Radar,128,53,23,0,204,0,0,2,1,3,128,53,25,1,207,0,0,0,207
03/09/2005,PVD,RI,ANE,EN,Combined TRACON& Tower with Radar,164,66,39,0,269,0,0,0,0,0,164,66,39,0,269,0,0,0,269
03/10/2005,PVD,RI,ANE,EN,Combined TRACON& Tower with Radar,173,82,37,0,292,0,3,35,0,38,173,85,72,0,330,10,0,10,340
03/11/2005,PVD,RI,ANE,EN,Combined TRACON& Tower with Radar,163,82,27,0,272,0,0,0,0,0,163,82,27,0,272,0,0,0,272
03/12/2005,PVD,RI,ANE,EN,Combined TRACON& Tower with Radar,132,62,4,0,198,0,0,0,0,0,132,62,4,0,198,0,0,0,198
03/13/2005,PVD,RI,ANE,EN,Combined TRACON& Tower with Radar,163,63,26,0,252,0,0,43,0,43,163,63,69,0,295,32,0,32,327
03/14/2005,PVD,RI,ANE,EN,Combined TRACON& Tower with Radar,204,98,27,0,329,0,3,63,0,66,204,101,90,0,395,20,0,20,415
03/15/2005,PVD,RI,ANE,EN,Combined TRACON& Tower with Radar,174,72,30,0,276,0,0,39,0,39,174,72,69,0,315,39,0,39,354
03/16/2005,PVD,RI,ANE,EN,Combined TRACON& Tower with Radar,176,69,32,0,277,0,2,51,0,53,176,71,83,0,330,6,0,6,336
03/17/2005,PVD,RI,ANE,EN,Combined TRACON& Tower with Radar,166,78,17,2,263,0,2,58,1,61,166,80,75,3,324,0,0,0,324
03/18/2005,PVD,RI,ANE,EN,Combined TRACON& Tower with Radar,165,77,43,0,285,0,0,0,0,0,165,77,43,0,285,68,0,68,353
03/19/2005,PVD,RI,ANE,EN,Combined TRACON& Tower with Radar,134,58,23,0,215,0,0,83,0,83,134,58,106,0,298,6,0,6,304
03/20/2005,PVD,RI,ANE,EN,Combined TRACON& Tower with Radar,162,54,8,0,224,0,0,42,0,42,162,54,50,0,266,0,0,0,266
03/21/2005,PVD,RI,ANE,EN,Combined TRACON& Tower with Radar,158,71,30,0,259,0,0,6,0,6,158,71,36,0,265,4,0,4,269
03/22/2005,PVD,RI,ANE,EN,Combined TRACON& Tower with Radar,176,75,36,0,287,0,2,65,4,71,176,77,101,4,358,14,0,14,372
03/23/2005,PVD,RI,ANE,EN,Combined TRACON& Tower with Radar,168,76,42,0,286,0,0,27,0,27,168,76,69,0,313,0,0,0,313
03/24/2005,PVD,RI,ANE,EN,Combined TRACON& Tower with Radar,168,79,33,0,280,0,0,7,0,7,168,79,40,0,287,0,0,0,287
03/25/2005,PVD,RI,ANE,EN,Combined TRACON& Tower with Radar,149,74,16,0,239,0,1,69,0,70,149,75,85,0,309,14,0,14,323
03/26/2005,PVD,RI,ANE,EN,Combined TRACON& Tower with Radar,128,60,14,0,202,0,1,103,0,104,128,61,117,0,306,30,0,30,336
03/27/2005,PVD,RI,ANE,EN,Combined TRACON& Tower with Radar,151,65,6,0,222,0,0,27,0,27,151,65,33,0,249,0,0,0,249
03/28/2005,PVD,RI,ANE,EN,Combined TRACON& Tower with Radar,158,76,20,1,255,0,0,0,0,0,158,76,20,1,255,0,0,0,255
03/29/2005,PVD,RI,ANE,EN,Combined TRACON& Tower with Radar,166,76,42,1,285,0,2,3,0,5,166,78,45,1,290,0,0,0,290
03/30/2005,PVD,RI,ANE,EN,Combined TRACON& Tower with Radar,174,75,38,0,287,0,3,64,0,67,174,78,102,0,354,2,0,2,356
03/31/2005,PVD,RI,ANE,EN,Combined TRACON& Tower with Radar,170,74,37,0,281,0,0,42,0,42,170,74,79,0,323,0,0,0,323
04/01/2005,PVD,RI,ANE,EN,Combined TRACON& Tower with Radar,162,73,45,0,280,0,0,32,0,32,162,73,77,0,312,20,0,20,332
04/02/2005,PVD,RI,ANE,EN,Combined TRACON& Tower with Radar,130,55,9,0,194,0,0,0,0,0,130,55,9,0,194,0,0,0,194
04/03/2005,PVD,RI,ANE,EN,Combined TRACON& Tower with Radar,134,57,10,0,201,0,0,0,0,0,134,57,10,0,201,0,0,0,201
04/04/2005,PVD,RI,ANE,EN,Combined TRACON& Tower with Radar,163,81,47,2,293,0,0,28,0,28,163,81,75,2,321,20,0,20,341
04/05/2005,PVD,RI,ANE,EN,Combined TRACON& Tower with Radar,176,76,59,0,311,0,2,51,0,53,176,78,110,0,364,26,0,26,390
04/06/2005,PVD,RI,ANE,EN,Combined TRACON& Tower with Radar,180,81,35,0,296,0,1,68,0,69,180,82,103,0,365,0,0,0,365
04/07/2005,PVD,RI,ANE,EN,Combined TRACON& Tower with Radar,175,80,30,4,289,0,1,29,0,30,175,81,59,4,319,0,0,0,319
04/08/2005,PVD,RI,ANE,EN,Combined TRACON& Tower with Radar,171,70,29,0,270,0,2,22,0,24,171,72,51,0,294,0,0,0,294
04/09/2005,PVD,RI,ANE,EN,Combined TRACON& Tower with Radar,171,70,24,0,265,0,2,27,0,29,171,72,51,0,294,76,0,76,370
04/10/2005,PVD,RI,ANE,EN,Combined TRACON& Tower with Radar,169,63,15,0,247,0,0,89,0,89,169,63,104,0,336,0,0,0,336
04/11/2005,PVD,RI,ANE,EN,Combined TRACON& Tower with Radar,166,75,26,0,267,0,0,46,0,46,166,75,72,0,313,0,2,2,315
04/12/2005,PVD,RI,ANE,EN,Combined TRACON& Tower with Radar,180,79,32,0,291,0,0,37,0,37,180,79,69,0,328,14,0,14,342
04/13/2005,PVD,RI,ANE,EN,Combined TRACON& Tower with Radar,180,77,43,0,300,0,0,61,0,61,180,77,104,0,361,4,0,4,365
04/14/2005,PVD,RI,ANE,EN,Combined TRACON& Tower with Radar,179,78,36,0,293,0,0,51,0,51,179,78,87,0,344,0,0,0,344
04/15/2005,PVD,RI,ANE,EN,Combined TRACON& Tower with Radar,175,74,30,0,279,0,0,0,0,0,175,74,30,0,279,0,0,0,279
04/16/2005,PVD,RI,ANE,EN,Combined TRACON& Tower with Radar,144,65,25,0,234,0,0,0,0,0,144,65,25,0,234,12,0,12,246
04/17/2005,PVD,RI,ANE,EN,Combined TRACON& Tower with Radar,168,65,19,0,252,0,0,0,0,0,168,65,19,0,252,6,0,6,258
04/18/2005,PVD,RI,ANE,EN,Combined TRACON& Tower with Radar,172,85,21,0,278,0,4,63,0,67,172,89,84,0,345,0,0,0,345
04/19/2005,PVD,RI,ANE,EN,Combined TRACON& Tower with Radar,176,78,29,0,283,0,2,57,0,59,176,80,86,0,342,34,0,34,376
04/20/2005,PVD,RI,ANE,EN,Combined TRACON& Tower with Radar,169,71,31,0,271,0,0,49,0,49,169,71,80,0,320,14,0,14,334
04/21/2005,PVD,RI,ANE,EN,Combined TRACON& Tower with Radar,174,76,37,0,287,0,0,50,0,50,174,76,87,0,337,4,0,4,341
04/22/2005,PVD,RI,ANE,EN,Combined TRACON& Tower with Radar,169,78,99,0,346,0,0,0,0,0,169,78,99,0,346,2,0,2,348
04/23/2005,PVD,RI,ANE,EN,Combined TRACON& Tower with Radar,146,59,12,0,217,0,0,1,0,1,146,59,13,0,218,0,0,0,218
04/24/2005,PVD,RI,ANE,EN,Combined TRACON& Tower with Radar,165,66,19,0,250,0,2,13,0,15,165,68,32,0,265,2,0,2,267
04/25/2005,PVD,RI,ANE,EN,Combined TRACON& Tower with Radar,168,82,34,0,284,0,0,26,0,26,168,82,60,0,310,8,0,8,318
04/26/2005,PVD,RI,ANE,EN,Combined TRACON& Tower with Radar,175,80,34,0,289,0,0,45,0,45,175,80,79,0,334,4,0,4,338
04/27/2005,PVD,RI,ANE,EN,Combined TRACON& Tower with Radar,169,79,43,0,291,0,0,0,0,0,169,79,43,0,291,0,0,0,291
04/28/2005,PVD,RI,ANE,EN,Combined TRACON& Tower with Radar,178,80,64,0,322,0,0,0,0,0,178,80,64,0,322,8,0,8,330
04/29/2005,PVD,RI,ANE,EN,Combined TRACON& Tower with Radar,169,89,41,0,299,0,0,53,0,53,169,89,94,0,352,16,0,16,368
04/30/2005,PVD,RI,ANE,EN,Combined TRACON& Tower with Radar,146,64,11,0,221,0,0,2,0,2,146,64,13,0,223,0,0,0,223
05/01/2005,PVD,RI,ANE,EN,Combined TRACON& Tower with Radar,161,60,25,0,246,0,0,14,0,14,161,60,39,0,260,6,0,6,266
05/02/2005,PVD,RI,ANE,EN,Combined TRACON& Tower with Radar,168,79,31,0,278,0,0,36,0,36,168,79,67,0,314,34,0,34,348
05/03/2005,PVD,RI,ANE,EN,Combined TRACON& Tower with Radar,171,72,44,0,287,0,0,0,0,0,171,72,44,0,287,22,0,22,309
05/04/2005,PVD,RI,ANE,EN,Combined TRACON& Tower with Radar,170,66,32,0,268,0,0,53,0,53,170,66,85,0,321,0,6,6,327
05/05/2005,PVD,RI,ANE,EN,Combined TRACON& Tower with Radar,170,74,32,0,276,0,2,51,0,53,170,76,83,0,329,46,0,46,375
05/06/2005,PVD,RI,ANE,EN,Combined TRACON& Tower with Radar,166,72,34,0,272,0,0,41,0,41,166,72,75,0,313,4,0,4,317
05/07/2005,PVD,RI,ANE,EN,Combined TRACON& Tower with Radar,144,65,2,0,211,0,0,0,0,0,144,65,2,0,211,0,0,0,211
05/08/2005,PVD,RI,ANE,EN,Combined TRACON& Tower with Radar,157,59,10,0,226,0,0,0,0,0,157,59,10,0,226,0,0,0,226
05/09/2005,PVD,RI,ANE,EN,Combined TRACON& Tower with Radar,167,75,42,0,284,0,0,9,0,9,167,75,51,0,293,64,0,64,357
05/10/2005,PVD,RI,ANE,EN,Combined TRACON& Tower with Radar,170,66,40,0,276,0,2,64,0,66,170,68,104,0,342,36,0,36,378
05/11/2005,PVD,RI,ANE,EN,Combined TRACON& Tower with Radar,164,66,46,0,276,0,0,0,0,0,164,66,46,0,276,6,0,6,282
05/12/2005,PVD,RI,ANE,EN,Combined TRACON& Tower with Radar,171,61,40,0,272,0,2,66,1,69,171,63,106,1,341,0,0,0,341
05/13/2005,PVD,RI,ANE,EN,Combined TRACON& Tower with Radar,174,66,30,2,272,0,22,69,0,91,174,88,99,2,363,0,0,0,363
05/14/2005,PVD,RI,ANE,EN,Combined TRACON& Tower with Radar,136,56,32,0,224,0,17,66,0,83,136,73,98,0,307,56,0,56,363
05/15/2005,PVD,RI,ANE,EN,Combined TRACON& Tower with Radar,158,77,28,2,265,0,0,1,0,1,158,77,29,2,266,10,0,10,276
05/16/2005,PVD,RI,ANE,EN,Combined TRACON& Tower with Radar,175,82,36,1,294,0,8,43,0,51,175,90,79,1,345,34,0,34,379
05/17/2005,PVD,RI,ANE,EN,Combined TRACON& Tower with Radar,172,79,28,0,279,0,3,53,2,58,172,82,81,2,337,4,0,4,341
05/18/2005,PVD,RI,ANE,EN,Combined TRACON& Tower with Radar,170,86,49,0,305,0,0,29,0,29,170,86,78,0,334,8,0,8,342
05/19/2005,PVD,RI,ANE,EN,Combined TRACON& Tower with Radar,165,78,26,0,269,0,24,56,0,80,165,102,82,0,349,20,0,20,369
05/20/2005,PVD,RI,ANE,EN,Combined TRACON& Tower with Radar,170,72,27,0,269,0,26,39,0,65,170,98,66,0,334,60,0,60,394
05/21/2005,PVD,RI,ANE,EN,Combined TRACON& Tower with Radar,143,76,22,0,241,0,0,35,0,35,143,76,57,0,276,22,0,22,298
05/22/2005,PVD,RI,ANE,EN,Combined TRACON& Tower with Radar,158,70,25,0,253,0,20,17,0,37,158,90,42,0,290,6,0,6,296
05/23/2005,PVD,RI,ANE,EN,Combined TRACON& Tower with Radar,168,89,40,0,297,0,8,14,0,22,168,97,54,0,319,320,0,320,639
05/24/2005,PVD,RI,ANE,EN,Combined TRACON& Tower with Radar,172,96,47,0,315,0,0,2,0,2,172,96,49,0,317,0,0,0,317
05/25/2005,PVD,RI,ANE,EN,Combined TRACON& Tower with Radar,166,72,32,0,270,0,0,0,1,1,166,72,32,1,271,4,0,4,275
05/26/2005,PVD,RI,ANE,EN,Combined TRACON& Tower with Radar,171,108,52,0,331,0,0,3,0,3,171,108,55,0,334,4,0,4,338
05/27/2005,PVD,RI,ANE,EN,Combined TRACON& Tower with Radar,168,108,55,0,331,4,18,40,0,62,172,126,95,0,393,42,0,42,435
05/28/2005,PVD,RI,ANE,EN,Combined TRACON& Tower with Radar,137,64,21,0,222,0,24,56,0,80,137,88,77,0,302,14,0,14,316
05/29/2005,PVD,RI,ANE,EN,Combined TRACON& Tower with Radar,135,69,22,2,228,0,18,44,0,62,135,87,66,2,290,18,0,18,308
05/30/2005,PVD,RI,ANE,EN,Combined TRACON& Tower with Radar,156,61,23,0,240,0,43,60,0,103,156,104,83,0,343,24,0,24,367
05/31/2005,PVD,RI,ANE,EN,Combined TRACON& Tower with Radar,164,94,39,1,298,0,7,34,0,41,164,101,73,1,339,4,0,4,343
06/01/2005,PVD,RI,ANE,EN,Combined TRACON& Tower with Radar,166,98,40,1,305,0,0,0,0,0,166,98,40,1,305,8,0,8,313
06/02/2005,PVD,RI,ANE,EN,Combined TRACON& Tower with Radar,170,110,36,1,317,0,13,57,0,70,170,123,93,1,387,26,0,26,413
06/03/2005,PVD,RI,ANE,EN,Combined TRACON& Tower with Radar,230,124,65,0,419,0,29,48,0,77,230,153,113,0,496,14,0,14,510
06/04/2005,PVD,RI,ANE,EN,Combined TRACON& Tower with Radar,141,79,19,0,239,0,8,46,0,54,141,87,65,0,293,10,0,10,303
06/05/2005,PVD,RI,ANE,EN,Combined TRACON& Tower with Radar,153,60,30,0,243,0,38,73,0,111,153,98,103,0,354,0,0,0,354
06/06/2005,PVD,RI,ANE,EN,Combined TRACON& Tower with Radar,154,86,26,3,269,0,0,8,1,9,154,86,34,4,278,0,0,0,278
06/07/2005,PVD,RI,ANE,EN,Combined TRACON& Tower with Radar,170,80,45,1,296,0,6,39,0,45,170,86,84,1,341,8,0,8,349
06/08/2005,PVD,RI,ANE,EN,Combined TRACON& Tower with Radar,161,79,34,0,274,0,24,74,0,98,161,103,108,0,372,20,0,20,392
06/09/2005,PVD,RI,ANE,EN,Combined TRACON& Tower with Radar,169,84,43,5,301,0,15,46,0,61,169,99,89,5,362,100,0,100,462
06/10/2005,PVD,RI,ANE,EN,Combined TRACON& Tower with Radar,168,107,37,1,313,0,4,26,0,30,168,111,63,1,343,24,0,24,367
06/11/2005,PVD,RI,ANE,EN,Combined TRACON& Tower with Radar,166,104,35,1,306,0,2,21,0,23,166,106,56,1,329,10,0,10,339
06/12/2005,PVD,RI,ANE,EN,Combined TRACON& Tower with Radar,157,100,29,2,288,0,13,29,0,42,157,113,58,2,330,0,0,0,330
06/13/2005,PVD,RI,ANE,EN,Combined TRACON& Tower with Radar,168,84,25,0,277,0,31,59,0,90,168,115,84,0,367,12,0,12,379
06/14/2005,PVD,RI,ANE,EN,Combined TRACON& Tower with Radar,170,98,23,2,293,0,17,25,0,42,170,115,48,2,335,34,0,34,369
06/15/2005,PVD,RI,ANE,EN,Combined TRACON& Tower with Radar,166,125,35,0,326,0,0,0,0,0,166,125,35,0,326,6,0,6,332
06/16/2005,PVD,RI,ANE,EN,Combined TRACON& Tower with Radar,169,122,33,3,327,0,0,2,0,2,169,122,35,3,329,0,0,0,329
06/17/2005,PVD,RI,ANE,EN,Combined TRACON& Tower with Radar,162,112,33,2,309,0,28,41,0,69,162,140,74,2,378,24,0,24,402
06/18/2005,PVD,RI,ANE,EN,Combined TRACON& Tower with Radar,139,86,29,2,256,0,10,19,0,29,139,96,48,2,285,0,0,0,285
06/19/2005,PVD,RI,ANE,EN,Combined TRACON& Tower with Radar,159,76,32,2,269,0,44,35,0,79,159,120,67,2,348,6,0,6,354
06/20/2005,PVD,RI,ANE,EN,Combined TRACON& Tower with Radar,192,100,42,0,334,0,67,94,0,161,192,167,136,0,495,46,0,46,541
06/21/2005,PVD,RI,ANE,EN,Combined TRACON& Tower with Radar,168,75,39,0,282,0,34,66,0,100,168,109,105,0,382,46,0,46,428
06/22/2005,PVD,RI,ANE,EN,Combined TRACON& Tower with Radar,168,92,40,0,300,0,25,48,1,74,168,117,88,1,374,0,0,0,374
06/23/2005,PVD,RI,ANE,EN,Combined TRACON& Tower with Radar,165,72,48,0,285,0,51,81,0,132,165,123,129,0,417,2,0,2,419
06/24/2005,PVD,RI,ANE,EN,Combined TRACON& Tower with Radar,174,83,34,0,291,0,62,94,0,156,174,145,128,0,447,18,0,18,465
06/25/2005,PVD,RI,ANE,EN,Combined TRACON& Tower with Radar,144,64,13,0,221,0,38,96,2,136,144,102,109,2,357,0,0,0,357
06/26/2005,PVD,RI,ANE,EN,Combined TRACON& Tower with Radar,158,88,28,0,274,0,0,0,0,0,158,88,28,0,274,0,0,0,274
06/27/2005,PVD,RI,ANE,EN,Combined TRACON& Tower with Radar,164,106,59,0,329,0,8,47,2,57,164,114,106,2,386,2,0,2,388
06/28/2005,PVD,RI,ANE,EN,Combined TRACON& Tower with Radar,164,100,56,0,320,0,0,3,0,3,164,100,59,0,323,0,0,0,323
06/29/2005,PVD,RI,ANE,EN,Combined TRACON& Tower with Radar,152,90,36,0,278,0,11,16,0,27,152,101,52,0,305,0,0,0,305
06/30/2005,PVD,RI,ANE,EN,Combined TRACON& Tower with Radar,165,135,55,0,355,0,0,0,0,0,165,135,55,0,355,32,0,32,387
07/01/2005,PVD,RI,ANE,EN,Combined TRACON& Tower with Radar,161,124,57,3,345,0,0,9,1,10,161,124,66,4,355,4,0,4,359
07/02/2005,PVD,RI,ANE,EN,Combined TRACON& Tower with Radar,135,72,26,0,233,0,35,81,1,117,135,107,107,1,350,14,0,14,364
07/03/2005,PVD,RI,ANE,EN,Combined TRACON& Tower with Radar,126,51,18,0,195,0,38,79,0,117,126,89,97,0,312,42,0,42,354
07/04/2005,PVD,RI,ANE,EN,Combined TRACON& Tower with Radar,148,70,17,0,235,0,48,60,0,108,148,118,77,0,343,8,0,8,351
07/05/2005,PVD,RI,ANE,EN,Combined TRACON& Tower with Radar,158,112,38,1,309,0,2,54,2,58,158,114,92,3,367,2,0,2,369
07/06/2005,PVD,RI,ANE,EN,Combined TRACON& Tower with Radar,160,118,38,2,318,0,0,0,0,0,160,118,38,2,318,0,0,0,318
07/07/2005,PVD,RI,ANE,EN,Combined TRACON& Tower with Radar,162,125,49,2,338,0,0,0,0,0,162,125,49,2,338,24,0,24,362
07/08/2005,PVD,RI,ANE,EN,Combined TRACON& Tower with Radar,164,137,29,2,332,0,0,0,0,0,164,137,29,2,332,2,0,2,334
07/09/2005,PVD,RI,ANE,EN,Combined TRACON& Tower with Radar,138,89,25,0,252,0,25,27,0,52,138,114,52,0,304,6,0,6,310
07/10/2005,PVD,RI,ANE,EN,Combined TRACON& Tower with Radar,157,63,28,0,248,0,66,87,0,153,157,129,115,0,401,6,0,6,407
07/11/2005,PVD,RI,ANE,EN,Combined TRACON& Tower with Radar,161,74,21,0,256,0,52,68,0,120,161,126,89,0,376,26,0,26,402
07/12/2005,PVD,RI,ANE,EN,Combined TRACON& Tower with Radar,159,69,46,0,274,0,29,90,0,119,159,98,136,0,393,0,0,0,393
07/13/2005,PVD,RI,ANE,EN,Combined TRACON& Tower with Radar,160,110,68,0,338,0,0,37,2,39,160,110,105,2,377,2,0,2,379
07/14/2005,PVD,RI,ANE,EN,Combined TRACON& Tower with Radar,166,117,76,0,359,0,9,28,0,37,166,126,104,0,396,8,0,8,404
07/15/2005,PVD,RI,ANE,EN,Combined TRACON& Tower with Radar,159,125,33,0,317,0,14,46,3,63,159,139,79,3,380,0,0,0,380
07/16/2005,PVD,RI,ANE,EN,Combined TRACON& Tower with Radar,135,74,43,2,254,0,23,32,1,56,135,97,75,3,310,0,0,0,310
07/17/2005,PVD,RI,ANE,EN,Combined TRACON& Tower with Radar,152,126,38,1,317,0,2,1,0,3,152,128,39,1,320,4,0,4,324
07/18/2005,PVD,RI,ANE,EN,Combined TRACON& Tower with Radar,160,112,84,2,358,0,0,3,0,3,160,112,87,2,361,12,0,12,373
07/19/2005,PVD,RI,ANE,EN,Combined TRACON& Tower with Radar,162,102,54,0,318,0,2,19,0,21,162,104,73,0,339,4,0,4,343
07/20/2005,PVD,RI,ANE,EN,Combined TRACON& Tower with Radar,154,80,48,0,282,0,38,86,0,124,154,118,134,0,406,10,0,10,416
07/21/2005,PVD,RI,ANE,EN,Combined TRACON& Tower with Radar,162,82,33,4,281,0,51,87,0,138,162,133,120,4,419,0,0,0,419
07/22/2005,PVD,RI,ANE,EN,Combined TRACON& Tower with Radar,167,90,37,0,294,0,63,61,0,124,167,153,98,0,418,12,0,12,430
07/23/2005,PVD,RI,ANE,EN,Combined TRACON& Tower with Radar,138,69,17,0,224,0,56,74,0,130,138,125,91,0,354,10,0,10,364
07/24/2005,PVD,RI,ANE,EN,Combined TRACON& Tower with Radar,152,56,28,0,236,0,64,79,0,143,152,120,107,0,379,6,0,6,385
07/25/2005,PVD,RI,ANE,EN,Combined TRACON& Tower with Radar,156,100,46,0,302,0,29,22,0,51,156,129,68,0,353,2,0,2,355
07/26/2005,PVD,RI,ANE,EN,Combined TRACON& Tower with Radar,164,87,40,0,291,0,19,54,0,73,164,106,94,0,364,2,0,2,366
07/27/2005,PVD,RI,ANE,EN,Combined TRACON& Tower with Radar,151,97,53,0,301,0,0,25,0,25,151,97,78,0,326,0,0,0,326
07/28/2005,PVD,RI,ANE,EN,Combined TRACON& Tower with Radar,165,89,45,2,301,0,37,67,0,104,165,126,112,2,405,76,0,76,481
07/29/2005,PVD,RI,ANE,EN,Combined TRACON& Tower with Radar,170,75,29,3,277,0,67,70,0,137,170,142,99,3,414,0,0,0,414
07/30/2005,PVD,RI,ANE,EN,Combined TRACON& Tower with Radar,138,104,30,1,273,0,12,50,0,62,138,116,80,1,335,0,0,0,335
07/31/2005,PVD,RI,ANE,EN,Combined TRACON& Tower with Radar,155,115,38,0,308,0,4,15,0,19,155,119,53,0,327,0,0,0,327
08/01/2005,PVD,RI,ANE,EN,Combined TRACON& Tower with Radar,162,102,54,0,318,0,43,50,0,93,162,145,104,0,411,16,0,16,427
08/02/2005,PVD,RI,ANE,EN,Combined TRACON& Tower with Radar,166,76,29,0,271,0,24,84,0,108,166,100,113,0,379,8,0,8,387
08/03/2005,PVD,RI,ANE,EN,Combined TRACON& Tower with Radar,166,82,33,0,281,0,43,70,0,113,166,125,103,0,394,0,0,0,394
08/04/2005,PVD,RI,ANE,EN,Combined TRACON& Tower with Radar,161,83,29,0,273,0,58,69,0,127,161,141,98,0,400,0,0,0,400
08/05/2005,PVD,RI,ANE,EN,Combined TRACON& Tower with Radar,178,128,33,0,339,0,7,26,0,33,178,135,59,0,372,2,0,2,374
08/06/2005,PVD,RI,ANE,EN,Combined TRACON& Tower with Radar,142,64,22,0,228,0,56,66,0,122,142,120,88,0,350,10,0,10,360
08/07/2005,PVD,RI,ANE,EN,Combined TRACON& Tower with Radar,158,66,16,0,240,0,69,67,0,136,158,135,83,0,376,16,0,16,392
08/08/2005,PVD,RI,ANE,EN,Combined TRACON& Tower with Radar,160,94,47,0,301,0,37,47,0,84,160,131,94,0,385,2,0,2,387
08/09/2005,PVD,RI,ANE,EN,Combined TRACON& Tower with Radar,160,102,30,2,294,0,11,29,0,40,160,113,59,2,334,18,0,18,352
08/10/2005,PVD,RI,ANE,EN,Combined TRACON& Tower with Radar,164,104,34,0,302,0,24,53,0,77,164,128,87,0,379,20,0,20,399
08/11/2005,PVD,RI,ANE,EN,Combined TRACON& Tower with Radar,169,92,34,0,295,0,40,42,0,82,169,132,76,0,377,110,0,110,487
08/12/2005,PVD,RI,ANE,EN,Combined TRACON& Tower with Radar,168,102,34,2,306,0,30,47,4,81,168,132,81,6,387,0,0,0,387
08/13/2005,PVD,RI,ANE,EN,Combined TRACON& Tower with Radar,139,120,23,2,284,0,1,29,4,34,139,121,52,6,318,6,0,6,324
08/14/2005,PVD,RI,ANE,EN,Combined TRACON& Tower with Radar,155,124,39,2,320,0,0,4,0,4,155,124,43,2,324,0,0,0,324
08/15/2005,PVD,RI,ANE,EN,Combined TRACON& Tower with Radar,168,128,39,0,335,0,0,0,0,0,168,128,39,0,335,0,0,0,335
08/16/2005,PVD,RI,ANE,EN,Combined TRACON& Tower with Radar,163,105,21,0,289,0,19,50,0,69,163,124,71,0,358,0,0,0,358
08/17/2005,PVD,RI,ANE,EN,Combined TRACON& Tower with Radar,151,81,37,0,269,0,50,90,1,141,151,131,127,1,410,16,0,16,426
08/18/2005,PVD,RI,ANE,EN,Combined TRACON& Tower with Radar,164,78,45,0,287,0,63,57,1,121,164,141,102,1,408,0,0,0,408
08/19/2005,PVD,RI,ANE,EN,Combined TRACON& Tower with Radar,168,92,43,0,303,0,54,69,0,123,168,146,112,0,426,0,0,0,426
08/20/2005,PVD,RI,ANE,EN,Combined TRACON& Tower with Radar,133,109,28,0,270,0,9,35,0,44,133,118,63,0,314,0,0,0,314
08/21/2005,PVD,RI,ANE,EN,Combined TRACON& Tower with Radar,154,129,41,2,326,0,2,8,0,10,154,131,49,2,336,0,0,0,336
08/22/2005,PVD,RI,ANE,EN,Combined TRACON& Tower with Radar,158,74,39,2,273,0,59,67,0,126,158,133,106,2,399,2,0,2,401
08/23/2005,PVD,RI,ANE,EN,Combined TRACON& Tower with Radar,170,73,46,4,293,0,37,98,0,135,170,110,144,4,428,0,0,0,428
08/24/2005,PVD,RI,ANE,EN,Combined TRACON& Tower with Radar,162,82,39,2,285,0,42,60,0,102,162,124,99,2,387,0,0,0,387
08/25/2005,PVD,RI,ANE,EN,Combined TRACON& Tower with Radar,162,82,50,1,295,0,49,67,0,116,162,131,117,1,411,0,0,0,411
08/26/2005,PVD,RI,ANE,EN,Combined TRACON& Tower with Radar,162,76,43,1,282,0,56,65,0,121,162,132,108,1,403,4,0,4,407
08/27/2005,PVD,RI,ANE,EN,Combined TRACON& Tower with Radar,133,60,26,0,219,0,44,66,0,110,133,104,92,0,329,48,0,48,377
08/28/2005,PVD,RI,ANE,EN,Combined TRACON& Tower with Radar,152,81,18,0,251,0,46,56,0,102,152,127,74,0,353,0,0,0,353
08/29/2005,PVD,RI,ANE,EN,Combined TRACON& Tower with Radar,158,124,42,0,324,0,0,19,0,19,158,124,61,0,343,72,0,72,415
08/30/2005,PVD,RI,ANE,EN,Combined TRACON& Tower with Radar,164,106,34,0,304,0,0,0,0,0,164,106,34,0,304,0,0,0,304
08/31/2005,PVD,RI,ANE,EN,Combined TRACON& Tower with Radar,158,120,28,2,308,0,0,4,0,4,158,120,32,2,312,0,0,0,312
09/01/2005,PVD,RI,ANE,EN,Combined TRACON& Tower with Radar,159,77,19,0,255,0,61,59,0,120,159,138,78,0,375,0,0,0,375
09/02/2005,PVD,RI,ANE,EN,Combined TRACON& Tower with Radar,158,70,24,0,252,0,63,64,0,127,158,133,88,0,379,0,0,0,379
09/03/2005,PVD,RI,ANE,EN,Combined TRACON& Tower with Radar,128,60,28,0,216,0,52,86,0,138,128,112,114,0,354,0,0,0,354
09/04/2005,PVD,RI,ANE,EN,Combined TRACON& Tower with Radar,129,57,21,0,207,0,46,74,0,120,129,103,95,0,327,2,0,2,329
09/05/2005,PVD,RI,ANE,EN,Combined TRACON& Tower with Radar,144,76,22,2,244,0,80,58,2,140,144,156,80,4,384,16,0,16,400
09/06/2005,PVD,RI,ANE,EN,Combined TRACON& Tower with Radar,214,108,36,2,360,0,80,85,1,166,214,188,121,3,526,2,0,2,528
09/07/2005,PVD,RI,ANE,EN,Combined TRACON& Tower with Radar,162,78,32,0,272,0,34,67,0,101,162,112,99,0,373,26,0,26,399
09/08/2005,PVD,RI,ANE,EN,Combined TRACON& Tower with Radar,159,80,29,1,269,0,48,65,2,115,159,128,94,3,384,8,0,8,392
09/09/2005,PVD,RI,ANE,EN,Combined TRACON& Tower with Radar,164,90,28,0,282,0,34,54,0,88,164,124,82,0,370,0,0,0,370
09/10/2005,PVD,RI,ANE,EN,Combined TRACON& Tower with Radar,130,62,15,0,207,0,34,89,0,123,130,96,104,0,330,4,0,4,334
09/11/2005,PVD,RI,ANE,EN,Combined TRACON& Tower with Radar,148,58,31,0,237,0,52,94,1,147,148,110,125,1,384,0,0,0,384
09/12/2005,PVD,RI,ANE,EN,Combined TRACON& Tower with Radar,158,72,32,0,262,0,52,52,0,104,158,124,84,0,366,12,0,12,378
09/13/2005,PVD,RI,ANE,EN,Combined TRACON& Tower with Radar,158,76,29,2,265,0,17,53,0,70,158,93,82,2,335,2,0,2,337
09/14/2005,PVD,RI,ANE,EN,Combined TRACON& Tower with Radar,158,82,58,0,298,0,16,30,0,46,158,98,88,0,344,14,0,14,358
09/15/2005,PVD,RI,ANE,EN,Combined TRACON& Tower with Radar,165,99,36,0,300,0,0,2,0,2,165,99,38,0,302,0,0,0,302
09/16/2005,PVD,RI,ANE,EN,Combined TRACON& Tower with Radar,159,107,50,0,316,0,0,0,0,0,159,107,50,0,316,0,0,0,316
09/17/2005,PVD,RI,ANE,EN,Combined TRACON& Tower with Radar,126,73,14,0,213,0,0,3,0,3,126,73,17,0,216,0,0,0,216
09/18/2005,PVD,RI,ANE,EN,Combined TRACON& Tower with Radar,147,64,29,0,240,0,49,51,0,100,147,113,80,0,340,6,0,6,346
09/19/2005,PVD,RI,ANE,EN,Combined TRACON& Tower with Radar,148,72,38,0,258,0,36,64,0,100,148,108,102,0,358,18,0,18,376
09/20/2005,PVD,RI,ANE,EN,Combined TRACON& Tower with Radar,160,98,27,0,285,0,0,1,0,1,160,98,28,0,286,0,0,0,286
09/21/2005,PVD,RI,ANE,EN,Combined TRACON& Tower with Radar,156,70,50,0,276,0,26,75,0,101,156,96,125,0,377,18,0,18,395
09/22/2005,PVD,RI,ANE,EN,Combined TRACON& Tower with Radar,153,66,33,0,252,0,35,71,1,107,153,101,104,1,359,6,0,6,365
09/23/2005,PVD,RI,ANE,EN,Combined TRACON& Tower with Radar,155,82,16,4,257,0,45,49,0,94,155,127,65,4,351,0,0,0,351
09/24/2005,PVD,RI,ANE,EN,Combined TRACON& Tower with Radar,121,64,19,0,204,0,25,70,0,95,121,89,89,0,299,0,0,0,299
09/25/2005,PVD,RI,ANE,EN,Combined TRACON& Tower with Radar,142,55,23,0,220,0,44,68,0,112,142,99,91,0,332,14,0,14,346
09/26/2005,PVD,RI,ANE,EN,Combined TRACON& Tower with Radar,156,81,12,0,249,0,0,0,0,0,156,81,12,0,249,14,0,14,263
09/27/2005,PVD,RI,ANE,EN,Combined TRACON& Tower with Radar,160,72,34,0,266,0,19,57,0,76,160,91,91,0,342,0,0,0,342
09/28/2005,PVD,RI,ANE,EN,Combined TRACON& Tower with Radar,154,74,30,0,258,0,19,76,0,95,154,93,106,0,353,4,0,4,357
09/29/2005,PVD,RI,ANE,EN,Combined TRACON& Tower with Radar,160,80,32,0,272,0,21,11,0,32,160,101,43,0,304,0,0,0,304
09/30/2005,PVD,RI,ANE,EN,Combined TRACON& Tower with Radar,155,83,22,0,260,0,39,60,0,99,155,122,82,0,359,10,0,10,369
10/01/2005,PVD,RI,ANE,EN,Combined TRACON& Tower with Radar,120,47,10,0,177,0,25,74,0,99,120,72,84,0,276,0,0,0,276
10/02/2005,PVD,RI,ANE,EN,Combined TRACON& Tower with Radar,151,55,11,0,217,0,44,83,0,127,151,99,94,0,344,20,0,20,364
10/03/2005,PVD,RI,ANE,EN,Combined TRACON& Tower with Radar,156,80,28,0,264,0,12,34,0,46,156,92,62,0,310,0,0,0,310
10/04/2005,PVD,RI,ANE,EN,Combined TRACON& Tower with Radar,162,85,29,1,277,0,5,56,1,62,162,90,85,2,339,14,0,14,353
10/05/2005,PVD,RI,ANE,EN,Combined TRACON& Tower with Radar,160,85,50,0,295,0,0,34,0,34,160,85,84,0,329,14,0,14,343
10/06/2005,PVD,RI,ANE,EN,Combined TRACON& Tower with Radar,160,95,35,0,290,0,0,15,0,15,160,95,50,0,305,2,0,2,307
10/07/2005,PVD,RI,ANE,EN,Combined TRACON& Tower with Radar,152,94,41,0,287,0,15,13,0,28,152,109,54,0,315,0,0,0,315
10/08/2005,PVD,RI,ANE,EN,Combined TRACON& Tower with Radar,126,62,13,0,201,0,0,0,0,0,126,62,13,0,201,0,0,0,201
10/09/2005,PVD,RI,ANE,EN,Combined TRACON& Tower with Radar,150,85,10,0,245,0,0,0,0,0,150,85,10,0,245,0,0,0,245
10/10/2005,PVD,RI,ANE,EN,Combined TRACON& Tower with Radar,157,102,33,0,292,0,0,0,0,0,157,102,33,0,292,0,0,0,292
10/11/2005,PVD,RI,ANE,EN,Combined TRACON& Tower with Radar,162,82,26,0,270,0,0,0,0,0,162,82,26,0,270,0,0,0,270
10/12/2005,PVD,RI,ANE,EN,Combined TRACON& Tower with Radar,152,82,38,0,272,0,0,0,0,0,152,82,38,0,272,0,0,0,272
10/13/2005,PVD,RI,ANE,EN,Combined TRACON& Tower with Radar,151,77,35,0,263,0,0,4,0,4,151,77,39,0,267,0,0,0,267
10/14/2005,PVD,RI,ANE,EN,Combined TRACON& Tower with Radar,152,90,38,0,280,0,0,0,0,0,152,90,38,0,280,0,0,0,280
10/15/2005,PVD,RI,ANE,EN,Combined TRACON& Tower with Radar,0,0,0,0,0,0,0,0,0,0,0,0,0,0,0,10,0,10,10
10/16/2005,PVD,RI,ANE,EN,Combined TRACON& Tower with Radar,150,56,16,0,222,0,28,15,0,43,150,84,31,0,265,0,0,0,265
10/17/2005,PVD,RI,ANE,EN,Combined TRACON& Tower with Radar,152,65,25,0,242,0,24,28,2,54,152,89,53,2,296,0,0,0,296
10/18/2005,PVD,RI,ANE,EN,Combined TRACON& Tower with Radar,162,76,24,0,262,0,14,35,0,49,162,90,59,0,311,10,0,10,321
10/19/2005,PVD,RI,ANE,EN,Combined TRACON& Tower with Radar,158,82,30,0,270,0,18,70,0,88,158,100,100,0,358,8,0,8,366
10/20/2005,PVD,RI,ANE,EN,Combined TRACON& Tower with Radar,160,85,41,0,286,0,20,51,0,71,160,105,92,0,357,16,0,16,373
10/21/2005,PVD,RI,ANE,EN,Combined TRACON& Tower with Radar,154,73,43,0,270,0,30,74,0,104,154,103,117,0,374,8,0,8,382
10/22/2005,PVD,RI,ANE,EN,Combined TRACON& Tower with Radar,125,54,18,0,197,0,9,34,0,43,125,63,52,0,240,0,0,0,240
10/23/2005,PVD,RI,ANE,EN,Combined TRACON& Tower with Radar,156,76,23,2,257,0,8,6,0,14,156,84,29,2,271,2,0,2,273
10/24/2005,PVD,RI,ANE,EN,Combined TRACON& Tower with Radar,148,88,46,0,282,0,0,0,0,0,148,88,46,0,282,0,0,0,282
10/25/2005,PVD,RI,ANE,EN,Combined TRACON& Tower with Radar,160,56,17,3,236,0,0,0,0,0,160,56,17,3,236,0,0,0,236
10/26/2005,PVD,RI,ANE,EN,Combined TRACON& Tower with Radar,154,80,27,3,264,0,8,22,4,34,154,88,49,7,298,4,0,4,302
10/27/2005,PVD,RI,ANE,EN,Combined TRACON& Tower with Radar,160,78,38,0,276,0,14,55,0,69,160,92,93,0,345,6,0,6,351
10/28/2005,PVD,RI,ANE,EN,Combined TRACON& Tower with Radar,154,80,21,0,255,0,14,57,1,72,154,94,78,1,327,0,0,0,327
10/29/2005,PVD,RI,ANE,EN,Combined TRACON& Tower with Radar,125,63,9,2,199,0,7,29,0,36,125,70,38,2,235,0,0,0,235
10/30/2005,PVD,RI,ANE,EN,Combined TRACON& Tower with Radar,144,54,21,0,219,0,16,80,0,96,144,70,101,0,315,0,0,0,315
10/31/2005,PVD,RI,ANE,EN,Combined TRACON& Tower with Radar,153,63,32,0,248,0,24,52,0,76,153,87,84,0,324,0,0,0,324
11/01/2005,PVD,RI,ANE,EN,Combined TRACON& Tower with Radar,156,68,29,0,253,0,14,47,0,61,156,82,76,0,314,0,0,0,314
11/02/2005,PVD,RI,ANE,EN,Combined TRACON& Tower with Radar,158,71,49,0,278,0,14,35,0,49,158,85,84,0,327,0,0,0,327
11/03/2005,PVD,RI,ANE,EN,Combined TRACON& Tower with Radar,155,71,34,0,260,0,15,24,0,39,155,86,58,0,299,0,0,0,299
11/04/2005,PVD,RI,ANE,EN,Combined TRACON& Tower with Radar,161,60,34,0,255,0,18,46,0,64,161,78,80,0,319,0,0,0,319
11/05/2005,PVD,RI,ANE,EN,Combined TRACON& Tower with Radar,117,58,27,0,202,0,11,73,0,84,117,69,100,0,286,2,0,2,288
11/06/2005,PVD,RI,ANE,EN,Combined TRACON& Tower with Radar,141,58,30,2,231,0,3,5,0,8,141,61,35,2,239,6,0,6,245
11/07/2005,PVD,RI,ANE,EN,Combined TRACON& Tower with Radar,154,66,30,0,250,0,16,30,0,46,154,82,60,0,296,10,0,10,306
11/08/2005,PVD,RI,ANE,EN,Combined TRACON& Tower with Radar,153,65,22,0,240,0,0,0,0,0,153,65,22,0,240,20,0,20,260
11/09/2005,PVD,RI,ANE,EN,Combined TRACON& Tower with Radar,152,60,13,2,227,0,8,31,0,39,152,68,44,2,266,0,0,0,266
11/10/2005,PVD,RI,ANE,EN,Combined TRACON& Tower with Radar,155,78,38,0,271,0,8,14,0,22,155,86,52,0,293,2,0,2,295
11/11/2005,PVD,RI,ANE,EN,Combined TRACON& Tower with Radar,151,66,30,0,247,0,18,33,0,51,151,84,63,0,298,24,0,24,322
11/12/2005,PVD,RI,ANE,EN,Combined TRACON& Tower with Radar,121,50,23,0,194,0,16,74,0,90,121,66,97,0,284,12,0,12,296
11/13/2005,PVD,RI,ANE,EN,Combined TRACON& Tower with Radar,141,48,23,0,212,0,19,74,0,93,141,67,97,0,305,22,0,22,327
11/14/2005,PVD,RI,ANE,EN,Combined TRACON& Tower with Radar,152,70,20,0,242,0,14,38,0,52,152,84,58,0,294,0,0,0,294
11/15/2005,PVD,RI,ANE,EN,Combined TRACON& Tower with Radar,154,75,24,0,253,0,7,4,0,11,154,82,28,0,264,4,0,4,268
11/16/2005,PVD,RI,ANE,EN,Combined TRACON& Tower with Radar,161,87,34,2,284,0,3,1,0,4,161,90,35,2,288,0,0,0,288
11/17/2005,PVD,RI,ANE,EN,Combined TRACON& Tower with Radar,156,73,29,0,258,0,11,37,0,48,156,84,66,0,306,6,0,6,312
11/18/2005,PVD,RI,ANE,EN,Combined TRACON& Tower with Radar,152,71,34,0,257,0,17,63,0,80,152,88,97,0,337,6,0,6,343
11/19/2005,PVD,RI,ANE,EN,Combined TRACON& Tower with Radar,0,0,0,0,0,0,0,0,0,0,0,0,0,0,0,4,0,4,4
11/20/2005,PVD,RI,ANE,EN,Combined TRACON& Tower with Radar,139,51,19,0,209,0,0,0,0,0,139,51,19,0,209,22,0,22,231
11/21/2005,PVD,RI,ANE,EN,Combined TRACON& Tower with Radar,152,66,24,3,245,0,12,42,0,54,152,78,66,3,299,6,0,6,305
11/22/2005,PVD,RI,ANE,EN,Combined TRACON& Tower with Radar,164,92,32,0,288,0,0,0,0,0,164,92,32,0,288,0,0,0,288
11/23/2005,PVD,RI,ANE,EN,Combined TRACON& Tower with Radar,154,82,28,0,264,0,23,43,4,70,154,105,71,4,334,0,0,0,334
11/24/2005,PVD,RI,ANE,EN,Combined TRACON& Tower with Radar,108,55,8,0,171,0,3,2,0,5,108,58,10,0,176,0,0,0,176
11/25/2005,PVD,RI,ANE,EN,Combined TRACON& Tower with Radar,126,54,17,2,199,0,22,28,0,50,126,76,45,2,249,10,0,10,259
11/26/2005,PVD,RI,ANE,EN,Combined TRACON& Tower with Radar,120,58,18,0,196,0,0,0,0,0,120,58,18,0,196,36,0,36,232
11/27/2005,PVD,RI,ANE,EN,Combined TRACON& Tower with Radar,137,66,32,0,235,0,26,62,0,88,137,92,94,0,323,0,0,0,323
11/28/2005,PVD,RI,ANE,EN,Combined TRACON& Tower with Radar,152,82,40,0,274,0,10,34,0,44,152,92,74,0,318,10,0,10,328
11/29/2005,PVD,RI,ANE,EN,Combined TRACON& Tower with Radar,156,76,25,2,259,0,10,13,0,23,156,86,38,2,282,0,0,0,282
11/30/2005,PVD,RI,ANE,EN,Combined TRACON& Tower with Radar,166,79,36,0,281,0,0,0,0,0,166,79,36,0,281,0,0,0,281
12/01/2005,PVD,RI,ANE,EN,Combined TRACON& Tower with Radar,150,83,50,0,283,0,3,44,0,47,150,86,94,0,330,18,0,18,348
12/02/2005,PVD,RI,ANE,EN,Combined TRACON& Tower with Radar,146,83,31,0,260,0,10,25,0,35,146,93,56,0,295,4,0,4,299
12/03/2005,PVD,RI,ANE,EN,Combined TRACON& Tower with Radar,109,58,11,0,178,0,14,17,0,31,109,72,28,0,209,2,0,2,211
12/04/2005,PVD,RI,ANE,EN,Combined TRACON& Tower with Radar,128,68,12,1,209,0,0,0,0,0,128,68,12,1,209,6,0,6,215
12/05/2005,PVD,RI,ANE,EN,Combined TRACON& Tower with Radar,140,87,69,0,296,0,0,0,0,0,140,87,69,0,296,16,0,16,312
12/06/2005,PVD,RI,ANE,EN,Combined TRACON& Tower with Radar,152,84,23,0,259,0,0,23,0,23,152,84,46,0,282,0,0,0,282
12/07/2005,PVD,RI,ANE,EN,Combined TRACON& Tower with Radar,146,80,21,0,247,0,0,34,0,34,146,80,55,0,281,4,0,4,285
12/08/2005,PVD,RI,ANE,EN,Combined TRACON& Tower with Radar,141,81,25,0,247,0,1,57,0,58,141,82,82,0,305,2,0,2,307
12/09/2005,PVD,RI,ANE,EN,Combined TRACON& Tower with Radar,119,55,16,0,190,0,0,0,0,0,119,55,16,0,190,0,0,0,190
12/10/2005,PVD,RI,ANE,EN,Combined TRACON& Tower with Radar,114,62,26,0,202,0,0,54,0,54,114,62,80,0,256,6,0,6,262
12/11/2005,PVD,RI,ANE,EN,Combined TRACON& Tower with Radar,131,56,4,0,191,0,0,54,0,54,131,56,58,0,245,4,0,4,249
12/12/2005,PVD,RI,ANE,EN,Combined TRACON& Tower with Radar,144,78,25,0,247,2,0,39,0,41,146,78,64,0,288,4,0,4,292
12/13/2005,PVD,RI,ANE,EN,Combined TRACON& Tower with Radar,148,74,33,0,255,0,1,40,0,41,148,75,73,0,296,6,0,6,302
12/14/2005,PVD,RI,ANE,EN,Combined TRACON& Tower with Radar,145,69,31,0,245,0,0,0,0,0,145,69,31,0,245,18,0,18,263
12/15/2005,PVD,RI,ANE,EN,Combined TRACON& Tower with Radar,0,0,6,0,6,0,0,0,0,0,0,0,6,0,6,6,0,6,12
12/16/2005,PVD,RI,ANE,EN,Combined TRACON& Tower with Radar,146,68,28,0,242,1,0,3,0,4,147,68,31,0,246,0,0,0,246
12/17/2005,PVD,RI,ANE,EN,Combined TRACON& Tower with Radar,0,0,0,0,0,0,0,0,0,0,0,0,0,0,0,14,0,14,14
12/18/2005,PVD,RI,ANE,EN,Combined TRACON& Tower with Radar,138,53,17,0,208,0,0,57,0,57,138,53,74,0,265,120,0,120,385
12/19/2005,PVD,RI,ANE,EN,Combined TRACON& Tower with Radar,147,67,23,0,237,0,0,0,0,0,147,67,23,0,237,2,0,2,239
12/20/2005,PVD,RI,ANE,EN,Combined TRACON& Tower with Radar,154,77,12,0,243,0,1,37,2,40,154,78,49,2,283,6,0,6,289
12/21/2005,PVD,RI,ANE,EN,Combined TRACON& Tower with Radar,150,88,30,0,268,0,0,46,0,46,150,88,76,0,314,12,0,12,326
12/22/2005,PVD,RI,ANE,EN,Combined TRACON& Tower with Radar,158,86,25,0,269,0,0,39,0,39,158,86,64,0,308,6,0,6,314
12/23/2005,PVD,RI,ANE,EN,Combined TRACON& Tower with Radar,151,77,11,0,239,0,1,33,0,34,151,78,44,0,273,2,0,2,275
12/24/2005,PVD,RI,ANE,EN,Combined TRACON& Tower with Radar,119,54,12,0,185,0,0,0,0,0,119,54,12,0,185,18,0,18,203
12/25/2005,PVD,RI,ANE,EN,Combined TRACON& Tower with Radar,122,36,2,0,160,0,0,2,0,2,122,36,4,0,162,0,0,0,162
12/26/2005,PVD,RI,ANE,EN,Combined TRACON& Tower with Radar,140,72,22,0,234,0,0,0,0,0,140,72,22,0,234,0,0,0,234
12/27/2005,PVD,RI,ANE,EN,Combined TRACON& Tower with Radar,150,72,14,0,236,0,0,30,0,30,150,72,44,0,266,2,0,2,268
12/28/2005,PVD,RI,ANE,EN,Combined TRACON& Tower with Radar,121,60,16,0,197,0,0,0,0,0,121,60,16,0,197,4,0,4,201
12/29/2005,PVD,RI,ANE,EN,Combined TRACON& Tower with Radar,151,70,18,0,239,0,0,0,0,0,151,70,18,0,239,0,0,0,239
12/30/2005,PVD,RI,ANE,EN,Combined TRACON& Tower with Radar,146,73,7,0,226,0,1,15,0,16,146,74,22,0,242,0,0,0,242
12/31/2005,PVD,RI,ANE,EN,Combined TRACON& Tower with Radar,119,49,3,0,171,0,0,31,0,31,119,49,34,0,202,8,4,12,214
01/01/2006,PVD,RI,ANE,EN,Combined TRACON& Tower with Radar,131,51,11,0,193,0,0,1,0,1,131,51,12,0,194,0,0,0,194
01/02/2006,PVD,RI,ANE,EN,Combined TRACON& Tower with Radar,141,65,28,0,234,0,0,46,0,46,141,65,74,0,280,2,0,2,282
01/03/2006,PVD,RI,ANE,EN,Combined TRACON& Tower with Radar,144,66,7,0,217,0,0,0,0,0,144,66,7,0,217,0,0,0,217
01/04/2006,PVD,RI,ANE,EN,Combined TRACON& Tower with Radar,146,76,20,0,242,0,0,25,0,25,146,76,45,0,267,0,0,0,267
01/05/2006,PVD,RI,ANE,EN,Combined TRACON& Tower with Radar,148,78,12,0,238,0,0,0,0,0,148,78,12,0,238,0,0,0,238
01/06/2006,PVD,RI,ANE,EN,Combined TRACON& Tower with Radar,144,65,20,0,229,0,0,0,0,0,144,65,20,0,229,0,0,0,229
01/07/2006,PVD,RI,ANE,EN,Combined TRACON& Tower with Radar,113,46,27,0,186,0,0,81,0,81,113,46,108,0,267,14,0,14,281
01/08/2006,PVD,RI,ANE,EN,Combined TRACON& Tower with Radar,133,43,14,0,190,10,0,20,0,30,143,43,34,0,220,8,0,8,228
01/09/2006,PVD,RI,ANE,EN,Combined TRACON& Tower with Radar,141,65,16,0,222,0,0,21,0,21,141,65,37,0,243,6,0,6,249
01/10/2006,PVD,RI,ANE,EN,Combined TRACON& Tower with Radar,146,68,11,0,225,0,2,42,0,44,146,70,53,0,269,6,0,6,275
01/11/2006,PVD,RI,ANE,EN,Combined TRACON& Tower with Radar,146,64,27,0,237,0,0,10,0,10,146,64,37,0,247,0,0,0,247
01/12/2006,PVD,RI,ANE,EN,Combined TRACON& Tower with Radar,148,72,26,0,246,0,0,0,0,0,148,72,26,0,246,6,0,6,252
01/13/2006,PVD,RI,ANE,EN,Combined TRACON& Tower with Radar,150,61,19,0,230,0,0,2,0,2,150,61,21,0,232,0,0,0,232
01/14/2006,PVD,RI,ANE,EN,Combined TRACON& Tower with Radar,112,52,3,0,167,0,0,0,0,0,112,52,3,0,167,0,0,0,167
01/15/2006,PVD,RI,ANE,EN,Combined TRACON& Tower with Radar,140,44,3,0,187,0,0,0,0,0,140,44,3,0,187,0,0,0,187
01/16/2006,PVD,RI,ANE,EN,Combined TRACON& Tower with Radar,144,74,21,0,239,0,0,36,0,36,144,74,57,0,275,4,0,4,279
01/17/2006,PVD,RI,ANE,EN,Combined TRACON& Tower with Radar,147,62,19,0,228,0,0,48,0,48,147,62,67,0,276,2,0,2,278
01/18/2006,PVD,RI,ANE,EN,Combined TRACON& Tower with Radar,143,61,9,0,213,0,0,1,0,1,143,61,10,0,214,0,0,0,214
01/19/2006,PVD,RI,ANE,EN,Combined TRACON& Tower with Radar,146,78,23,0,247,0,0,48,0,48,146,78,71,0,295,8,0,8,303
01/20/2006,PVD,RI,ANE,EN,Combined TRACON& Tower with Radar,145,75,22,0,242,0,1,52,0,53,145,76,74,0,295,0,0,0,295
01/21/2006,PVD,RI,ANE,EN,Combined TRACON& Tower with Radar,141,75,22,0,238,0,1,52,0,53,141,76,74,0,291,0,0,0,291
01/22/2006,PVD,RI,ANE,EN,Combined TRACON& Tower with Radar,131,55,12,0,198,0,0,59,0,59,131,55,71,0,257,0,0,0,257
01/23/2006,PVD,RI,ANE,EN,Combined TRACON& Tower with Radar,144,72,8,0,224,0,0,0,0,0,144,72,8,0,224,0,0,0,224
01/24/2006,PVD,RI,ANE,EN,Combined TRACON& Tower with Radar,154,78,28,0,260,0,2,42,0,44,154,80,70,0,304,0,0,0,304
01/25/2006,PVD,RI,ANE,EN,Combined TRACON& Tower with Radar,148,75,23,0,246,0,0,20,0,20,148,75,43,0,266,0,0,0,266
01/26/2006,PVD,RI,ANE,EN,Combined TRACON& Tower with Radar,146,63,12,0,221,0,0,0,0,0,146,63,12,0,221,22,0,22,243
01/27/2006,PVD,RI,ANE,EN,Combined TRACON& Tower with Radar,142,73,28,0,243,0,0,0,0,0,142,73,28,0,243,4,0,4,247
01/28/2006,PVD,RI,ANE,EN,Combined TRACON& Tower with Radar,105,56,31,0,192,0,1,72,0,73,105,57,103,0,265,12,0,12,277
01/29/2006,PVD,RI,ANE,EN,Combined TRACON& Tower with Radar,132,55,16,0,203,0,0,36,0,36,132,55,52,0,239,12,0,12,251
01/30/2006,PVD,RI,ANE,EN,Combined TRACON& Tower with Radar,144,69,25,0,238,0,0,0,0,0,144,69,25,0,238,0,0,0,238
01/31/2006,PVD,RI,ANE,EN,Combined TRACON& Tower with Radar,148,68,35,0,251,0,0,0,0,0,148,68,35,0,251,0,0,0,251
02/01/2006,PVD,RI,ANE,EN,Combined TRACON& Tower with Radar,150,70,46,2,268,0,0,32,0,32,150,70,78,2,300,18,0,18,318
02/02/2006,PVD,RI,ANE,EN,Combined TRACON& Tower with Radar,150,71,37,0,258,0,2,37,0,39,150,73,74,0,297,6,0,6,303
02/03/2006,PVD,RI,ANE,EN,Combined TRACON& Tower with Radar,143,69,18,0,230,0,0,0,0,0,143,69,18,0,230,0,0,0,230
02/04/2006,PVD,RI,ANE,EN,Combined TRACON& Tower with Radar,105,58,21,0,184,0,0,36,0,36,105,58,57,0,220,0,0,0,220
02/05/2006,PVD,RI,ANE,EN,Combined TRACON& Tower with Radar,118,51,20,2,191,0,0,11,0,11,118,51,31,2,202,16,0,16,218
02/06/2006,PVD,RI,ANE,EN,Combined TRACON& Tower with Radar,136,67,22,0,225,0,0,27,0,27,136,67,49,0,252,48,0,48,300
02/07/2006,PVD,RI,ANE,EN,Combined TRACON& Tower with Radar,136,67,31,1,235,0,1,25,0,26,136,68,56,1,261,0,0,0,261
02/08/2006,PVD,RI,ANE,EN,Combined TRACON& Tower with Radar,140,66,23,0,229,0,0,40,0,40,140,66,63,0,269,6,0,6,275
02/09/2006,PVD,RI,ANE,EN,Combined TRACON& Tower with Radar,146,70,27,0,243,0,2,54,0,56,146,72,81,0,299,8,0,8,307
02/10/2006,PVD,RI,ANE,EN,Combined TRACON& Tower with Radar,139,60,41,0,240,0,0,0,0,0,139,60,41,0,240,6,0,6,246
02/11/2006,PVD,RI,ANE,EN,Combined TRACON& Tower with Radar,96,51,13,0,160,0,0,58,0,58,96,51,71,0,218,2,0,2,220
02/12/2006,PVD,RI,ANE,EN,Combined TRACON& Tower with Radar,4,0,0,0,4,0,0,0,0,0,4,0,0,0,4,0,0,0,4
02/13/2006,PVD,RI,ANE,EN,Combined TRACON& Tower with Radar,120,70,29,2,221,0,0,23,4,27,120,70,52,6,248,24,0,24,272
02/14/2006,PVD,RI,ANE,EN,Combined TRACON& Tower with Radar,142,70,35,0,247,0,0,37,0,37,142,70,72,0,284,8,0,8,292
02/15/2006,PVD,RI,ANE,EN,Combined TRACON& Tower with Radar,148,67,31,0,246,0,0,36,0,36,148,67,67,0,282,12,0,12,294
02/16/2006,PVD,RI,ANE,EN,Combined TRACON& Tower with Radar,144,77,37,0,258,0,0,51,0,51,144,77,88,0,309,22,0,22,331
02/17/2006,PVD,RI,ANE,EN,Combined TRACON& Tower with Radar,147,64,24,0,235,0,0,4,0,4,147,64,28,0,239,2,0,2,241
02/18/2006,PVD,RI,ANE,EN,Combined TRACON& Tower with Radar,122,60,16,0,198,0,0,22,0,22,122,60,38,0,220,2,0,2,222
02/19/2006,PVD,RI,ANE,EN,Combined TRACON& Tower with Radar,135,52,20,1,208,0,0,41,0,41,135,52,61,1,249,20,0,20,269
02/20/2006,PVD,RI,ANE,EN,Combined TRACON& Tower with Radar,143,77,16,0,236,0,2,42,0,44,143,79,58,0,280,4,0,4,284
02/21/2006,PVD,RI,ANE,EN,Combined TRACON& Tower with Radar,156,68,20,0,244,0,0,33,0,33,156,68,53,0,277,2,0,2,279
02/22/2006,PVD,RI,ANE,EN,Combined TRACON& Tower with Radar,152,70,23,0,245,0,0,28,0,28,152,70,51,0,273,2,0,2,275
02/23/2006,PVD,RI,ANE,EN,Combined TRACON& Tower with Radar,148,72,22,0,242,0,0,4,0,4,148,72,26,0,246,4,0,4,250
02/24/2006,PVD,RI,ANE,EN,Combined TRACON& Tower with Radar,148,69,18,0,235,0,0,0,0,0,148,69,18,0,235,2,0,2,237
02/25/2006,PVD,RI,ANE,EN,Combined TRACON& Tower with Radar,121,64,12,0,197,0,0,18,0,18,121,64,30,0,215,2,0,2,217
02/26/2006,PVD,RI,ANE,EN,Combined TRACON& Tower with Radar,131,60,20,0,211,0,0,24,0,24,131,60,44,0,235,2,0,2,237
02/27/2006,PVD,RI,ANE,EN,Combined TRACON& Tower with Radar,136,60,20,0,216,0,0,24,0,24,136,60,44,0,240,2,0,2,242
02/28/2006,PVD,RI,ANE,EN,Combined TRACON& Tower with Radar,146,69,35,0,250,0,0,33,0,33,146,69,68,0,283,50,0,50,333
03/01/2006,PVD,RI,ANE,EN,Combined TRACON& Tower with Radar,150,77,25,2,254,0,0,45,0,45,150,77,70,2,299,6,0,6,305
03/02/2006,PVD,RI,ANE,EN,Combined TRACON& Tower with Radar,140,61,10,1,212,0,0,11,0,11,140,61,21,1,223,0,0,0,223
03/03/2006,PVD,RI,ANE,EN,Combined TRACON& Tower with Radar,145,74,18,1,238,0,1,11,0,12,145,75,29,1,250,2,0,2,252
03/04/2006,PVD,RI,ANE,EN,Combined TRACON& Tower with Radar,124,53,19,0,196,0,0,38,0,38,124,53,57,0,234,0,0,0,234
03/05/2006,PVD,RI,ANE,EN,Combined TRACON& Tower with Radar,133,52,19,0,204,0,0,57,0,57,133,52,76,0,261,2,0,2,263
03/06/2006,PVD,RI,ANE,EN,Combined TRACON& Tower with Radar,142,68,22,0,232,0,0,50,0,50,142,68,72,0,282,8,0,8,290
03/07/2006,PVD,RI,ANE,EN,Combined TRACON& Tower with Radar,152,69,26,0,247,0,0,43,0,43,152,69,69,0,290,16,0,16,306
03/08/2006,PVD,RI,ANE,EN,Combined TRACON& Tower with Radar,148,67,29,0,244,0,1,58,0,59,148,68,87,0,303,10,0,10,313
03/09/2006,PVD,RI,ANE,EN,Combined TRACON& Tower with Radar,148,72,35,0,255,0,0,20,0,20,148,72,55,0,275,8,0,8,283
03/10/2006,PVD,RI,ANE,EN,Combined TRACON& Tower with Radar,147,75,28,2,252,0,0,10,0,10,147,75,38,2,262,4,0,4,266
03/11/2006,PVD,RI,ANE,EN,Combined TRACON& Tower with Radar,123,52,17,2,194,0,0,76,0,76,123,52,93,2,270,2,0,2,272
03/12/2006,PVD,RI,ANE,EN,Combined TRACON& Tower with Radar,133,61,38,0,232,0,0,33,0,33,133,61,71,0,265,12,0,12,277
03/13/2006,PVD,RI,ANE,EN,Combined TRACON& Tower with Radar,148,62,39,0,249,0,0,12,1,13,148,62,51,1,262,26,0,26,288
03/14/2006,PVD,RI,ANE,EN,Combined TRACON& Tower with Radar,147,73,29,0,249,0,0,0,0,0,147,73,29,0,249,12,0,12,261
03/15/2006,PVD,RI,ANE,EN,Combined TRACON& Tower with Radar,151,73,14,0,238,0,0,10,0,10,151,73,24,0,248,2,0,2,250
03/16/2006,PVD,RI,ANE,EN,Combined TRACON& Tower with Radar,145,77,34,2,258,0,0,31,0,31,145,77,65,2,289,14,0,14,303
03/17/2006,PVD,RI,ANE,EN,Combined TRACON& Tower with Radar,148,68,24,0,240,0,0,52,0,52,148,68,76,0,292,6,0,6,298
03/18/2006,PVD,RI,ANE,EN,Combined TRACON& Tower with Radar,118,57,10,0,185,0,0,49,0,49,118,57,59,0,234,20,0,20,254
03/19/2006,PVD,RI,ANE,EN,Combined TRACON& Tower with Radar,136,53,21,0,210,0,0,28,4,32,136,53,49,4,242,12,0,12,254
03/20/2006,PVD,RI,ANE,EN,Combined TRACON& Tower with Radar,146,70,26,0,242,0,0,44,0,44,146,70,70,0,286,12,0,12,298
03/21/2006,PVD,RI,ANE,EN,Combined TRACON& Tower with Radar,150,68,16,0,234,0,1,55,0,56,150,69,71,0,290,6,0,6,296
03/22/2006,PVD,RI,ANE,EN,Combined TRACON& Tower with Radar,150,74,34,0,258,0,2,40,0,42,150,76,74,0,300,18,0,18,318
03/23/2006,PVD,RI,ANE,EN,Combined TRACON& Tower with Radar,145,74,33,2,254,0,2,48,0,50,145,76,81,2,304,0,2,2,306
03/24/2006,PVD,RI,ANE,EN,Combined TRACON& Tower with Radar,147,70,59,0,276,0,0,0,0,0,147,70,59,0,276,8,0,8,284
03/25/2006,PVD,RI,ANE,EN,Combined TRACON& Tower with Radar,121,50,15,0,186,0,0,1,0,1,121,50,16,0,187,0,0,0,187
03/26/2006,PVD,RI,ANE,EN,Combined TRACON& Tower with Radar,128,58,17,0,203,0,0,33,0,33,128,58,50,0,236,10,0,10,246
03/27/2006,PVD,RI,ANE,EN,Combined TRACON& Tower with Radar,145,66,24,0,235,0,2,40,1,43,145,68,64,1,278,8,0,8,286
03/28/2006,PVD,RI,ANE,EN,Combined TRACON& Tower with Radar,146,68,41,0,255,0,1,60,0,61,146,69,101,0,316,22,0,22,338
03/29/2006,PVD,RI,ANE,EN,Combined TRACON& Tower with Radar,150,69,41,0,260,0,0,48,0,48,150,69,89,0,308,10,0,10,318
03/30/2006,PVD,RI,ANE,EN,Combined TRACON& Tower with Radar,150,66,23,0,239,0,0,60,0,60,150,66,83,0,299,8,0,8,307
03/31/2006,PVD,RI,ANE,EN,Combined TRACON& Tower with Radar,144,71,19,2,236,0,1,47,0,48,144,72,66,2,284,20,0,20,304
04/01/2006,PVD,RI,ANE,EN,Combined TRACON& Tower with Radar,121,49,11,0,181,0,0,23,0,23,121,49,34,0,204,10,0,10,214
04/02/2006,PVD,RI,ANE,EN,Combined TRACON& Tower with Radar,139,49,15,1,204,0,0,50,0,50,139,49,65,1,254,10,0,10,264
04/03/2006,PVD,RI,ANE,EN,Combined TRACON& Tower with Radar,130,80,20,0,230,0,0,26,0,26,130,80,46,0,256,20,0,20,276
04/04/2006,PVD,RI,ANE,EN,Combined TRACON& Tower with Radar,144,74,38,0,256,0,0,2,0,2,144,74,40,0,258,12,0,12,270
04/05/2006,PVD,RI,ANE,EN,Combined TRACON& Tower with Radar,138,75,19,0,232,0,0,4,0,4,138,75,23,0,236,0,0,0,236
04/06/2006,PVD,RI,ANE,EN,Combined TRACON& Tower with Radar,144,84,34,0,262,0,0,31,0,31,144,84,65,0,293,4,0,4,297
04/07/2006,PVD,RI,ANE,EN,Combined TRACON& Tower with Radar,139,81,28,2,250,0,0,34,0,34,139,81,62,2,284,0,0,0,284
04/08/2006,PVD,RI,ANE,EN,Combined TRACON& Tower with Radar,115,64,18,2,199,0,0,2,0,2,115,64,20,2,201,6,0,6,207
04/09/2006,PVD,RI,ANE,EN,Combined TRACON& Tower with Radar,0,0,0,0,0,131,65,82,2,280,131,65,82,2,280,12,0,12,292
04/10/2006,PVD,RI,ANE,EN,Combined TRACON& Tower with Radar,138,76,25,0,239,0,0,46,0,46,138,76,71,0,285,8,0,8,293
04/11/2006,PVD,RI,ANE,EN,Combined TRACON& Tower with Radar,138,78,43,0,259,0,1,43,0,44,138,79,86,0,303,12,0,12,315
04/12/2006,PVD,RI,ANE,EN,Combined TRACON& Tower with Radar,139,90,33,2,264,0,2,56,0,58,139,92,89,2,322,18,0,18,340
04/13/2006,PVD,RI,ANE,EN,Combined TRACON& Tower with Radar,141,77,53,0,271,0,0,16,0,16,141,77,69,0,287,6,0,6,293
04/14/2006,PVD,RI,ANE,EN,Combined TRACON& Tower with Radar,142,81,43,0,266,0,15,51,0,66,142,96,94,0,332,12,0,12,344
04/15/2006,PVD,RI,ANE,EN,Combined TRACON& Tower with Radar,125,66,21,0,212,0,1,23,0,24,125,67,44,0,236,12,0,12,248
04/16/2006,PVD,RI,ANE,EN,Combined TRACON& Tower with Radar,132,58,14,0,204,0,8,27,0,35,132,66,41,0,239,6,0,6,245
04/17/2006,PVD,RI,ANE,EN,Combined TRACON& Tower with Radar,135,77,32,0,244,0,8,43,1,52,135,85,75,1,296,8,0,8,304
04/18/2006,PVD,RI,ANE,EN,Combined TRACON& Tower with Radar,142,77,40,0,259,0,2,35,0,37,142,79,75,0,296,12,0,12,308
04/19/2006,PVD,RI,ANE,EN,Combined TRACON& Tower with Radar,136,71,29,0,236,0,3,38,0,41,136,74,67,0,277,8,0,8,285
04/20/2006,PVD,RI,ANE,EN,Combined TRACON& Tower with Radar,142,79,41,2,264,0,7,67,0,74,142,86,108,2,338,14,2,16,354
04/21/2006,PVD,RI,ANE,EN,Combined TRACON& Tower with Radar,138,97,89,0,324,0,0,0,0,0,138,97,89,0,324,14,0,14,338
04/22/2006,PVD,RI,ANE,EN,Combined TRACON& Tower with Radar,119,65,31,0,215,0,6,45,0,51,119,71,76,0,266,4,0,4,270
04/23/2006,PVD,RI,ANE,EN,Combined TRACON& Tower with Radar,139,70,15,0,224,0,4,7,0,11,139,74,22,0,235,4,0,4,239
04/24/2006,PVD,RI,ANE,EN,Combined TRACON& Tower with Radar,140,86,37,0,263,0,0,0,0,0,140,86,37,0,263,6,0,6,269
04/25/2006,PVD,RI,ANE,EN,Combined TRACON& Tower with Radar,145,82,46,1,274,0,4,23,1,28,145,86,69,2,302,0,0,0,302
04/26/2006,PVD,RI,ANE,EN,Combined TRACON& Tower with Radar,145,81,36,2,264,0,2,59,0,61,145,83,95,2,325,10,0,10,335
04/27/2006,PVD,RI,ANE,EN,Combined TRACON& Tower with Radar,148,78,18,0,244,0,1,51,0,52,148,79,69,0,296,8,0,8,304
04/28/2006,PVD,RI,ANE,EN,Combined TRACON& Tower with Radar,142,76,37,0,255,0,16,66,0,82,142,92,103,0,337,18,0,18,355
04/29/2006,PVD,RI,ANE,EN,Combined TRACON& Tower with Radar,117,62,7,0,186,0,5,49,0,54,117,67,56,0,240,8,0,8,248
04/30/2006,PVD,RI,ANE,EN,Combined TRACON& Tower with Radar,132,65,20,0,217,0,12,34,0,46,132,77,54,0,263,2,4,6,269
05/01/2006,PVD,RI,ANE,EN,Combined TRACON& Tower with Radar,131,77,14,0,222,0,10,15,0,25,131,87,29,0,247,8,0,8,255
05/02/2006,PVD,RI,ANE,EN,Combined TRACON& Tower with Radar,136,81,21,0,238,0,0,1,0,1,136,81,22,0,239,8,0,8,247
05/03/2006,PVD,RI,ANE,EN,Combined TRACON& Tower with Radar,142,74,47,0,263,0,0,0,0,0,142,74,47,0,263,16,0,16,279
05/04/2006,PVD,RI,ANE,EN,Combined TRACON& Tower with Radar,138,94,37,0,269,0,4,49,0,53,138,98,86,0,322,14,0,14,336
05/05/2006,PVD,RI,ANE,EN,Combined TRACON& Tower with Radar,138,85,30,0,253,0,12,62,0,74,138,97,92,0,327,10,0,10,337
05/06/2006,PVD,RI,ANE,EN,Combined TRACON& Tower with Radar,116,67,24,0,207,0,8,68,0,76,116,75,92,0,283,12,0,12,295
05/07/2006,PVD,RI,ANE,EN,Combined TRACON& Tower with Radar,126,66,29,4,225,0,8,53,0,61,126,74,82,4,286,14,0,14,300
05/08/2006,PVD,RI,ANE,EN,Combined TRACON& Tower with Radar,133,77,27,1,238,0,8,50,0,58,133,85,77,1,296,8,0,8,304
05/09/2006,PVD,RI,ANE,EN,Combined TRACON& Tower with Radar,138,69,24,1,232,0,0,5,4,9,138,69,29,5,241,2,0,2,243
05/10/2006,PVD,RI,ANE,EN,Combined TRACON& Tower with Radar,138,84,44,0,266,0,0,3,0,3,138,84,47,0,269,10,0,10,279
05/11/2006,PVD,RI,ANE,EN,Combined TRACON& Tower with Radar,131,82,62,0,275,0,0,2,0,2,131,82,64,0,277,22,0,22,299
05/12/2006,PVD,RI,ANE,EN,Combined TRACON& Tower with Radar,134,117,30,0,281,0,0,0,0,0,134,117,30,0,281,0,0,0,281
05/13/2006,PVD,RI,ANE,EN,Combined TRACON& Tower with Radar,124,73,25,0,222,0,0,0,0,0,124,73,25,0,222,0,0,0,222
05/14/2006,PVD,RI,ANE,EN,Combined TRACON& Tower with Radar,128,71,28,0,227,0,0,0,0,0,128,71,28,0,227,4,0,4,231
05/15/2006,PVD,RI,ANE,EN,Combined TRACON& Tower with Radar,130,86,28,2,246,0,0,0,0,0,130,86,28,2,246,0,0,0,246
05/16/2006,PVD,RI,ANE,EN,Combined TRACON& Tower with Radar,142,100,25,2,269,0,0,0,0,0,142,100,25,2,269,0,0,0,269
05/17/2006,PVD,RI,ANE,EN,Combined TRACON& Tower with Radar,132,76,40,0,248,0,20,50,0,70,132,96,90,0,318,32,0,32,350
05/18/2006,PVD,RI,ANE,EN,Combined TRACON& Tower with Radar,142,83,46,4,275,0,22,51,1,74,142,105,97,5,349,14,0,14,363
05/19/2006,PVD,RI,ANE,EN,Combined TRACON& Tower with Radar,137,93,28,2,260,0,5,6,0,11,137,98,34,2,271,2,0,2,273
05/20/2006,PVD,RI,ANE,EN,Combined TRACON& Tower with Radar,109,74,24,1,208,0,17,52,0,69,109,91,76,1,277,8,0,8,285
05/21/2006,PVD,RI,ANE,EN,Combined TRACON& Tower with Radar,132,64,23,0,219,0,29,38,0,67,132,93,61,0,286,10,0,10,296
05/22/2006,PVD,RI,ANE,EN,Combined TRACON& Tower with Radar,132,71,28,0,231,0,20,41,1,62,132,91,69,1,293,10,0,10,303
05/23/2006,PVD,RI,ANE,EN,Combined TRACON& Tower with Radar,140,78,35,0,253,0,18,50,0,68,140,96,85,0,321,0,0,0,321
05/24/2006,PVD,RI,ANE,EN,Combined TRACON& Tower with Radar,132,96,49,0,277,0,20,64,0,84,132,116,113,0,361,10,0,10,371
05/25/2006,PVD,RI,ANE,EN,Combined TRACON& Tower with Radar,135,80,42,1,258,0,32,66,0,98,135,112,108,1,356,38,0,38,394
05/26/2006,PVD,RI,ANE,EN,Combined TRACON& Tower with Radar,138,118,43,0,299,0,0,7,0,7,138,118,50,0,306,0,0,0,306
05/27/2006,PVD,RI,ANE,EN,Combined TRACON& Tower with Radar,119,79,37,0,235,0,4,18,0,22,119,83,55,0,257,5,0,5,262
05/28/2006,PVD,RI,ANE,EN,Combined TRACON& Tower with Radar,111,60,23,0,194,0,0,0,0,0,111,60,23,0,194,16,0,16,210
05/29/2006,PVD,RI,ANE,EN,Combined TRACON& Tower with Radar,118,75,42,0,235,0,36,62,0,98,118,111,104,0,333,34,0,34,367
05/30/2006,PVD,RI,ANE,EN,Combined TRACON& Tower with Radar,130,78,37,0,245,0,27,71,0,98,130,105,108,0,343,26,0,26,369
05/31/2006,PVD,RI,ANE,EN,Combined TRACON& Tower with Radar,134,99,46,0,279,0,13,34,0,47,134,112,80,0,326,32,0,32,358
06/01/2006,PVD,RI,ANE,EN,Combined TRACON& Tower with Radar,132,88,37,0,257,0,4,54,0,58,132,92,91,0,315,16,0,16,331
06/02/2006,PVD,RI,ANE,EN,Combined TRACON& Tower with Radar,130,110,28,0,268,0,0,0,0,0,130,110,28,0,268,2,0,2,270
06/03/2006,PVD,RI,ANE,EN,Combined TRACON& Tower with Radar,118,82,26,0,226,0,0,0,0,0,118,82,26,0,226,0,0,0,226
06/04/2006,PVD,RI,ANE,EN,Combined TRACON& Tower with Radar,126,91,46,0,263,0,1,2,1,4,126,92,48,1,267,0,0,0,267
06/05/2006,PVD,RI,ANE,EN,Combined TRACON& Tower with Radar,129,74,34,0,237,0,14,61,0,75,129,88,95,0,312,17,0,17,329
06/06/2006,PVD,RI,ANE,EN,Combined TRACON& Tower with Radar,138,84,40,0,262,0,8,40,0,48,138,92,80,0,310,21,0,21,331
06/07/2006,PVD,RI,ANE,EN,Combined TRACON& Tower with Radar,134,104,37,0,275,0,0,0,0,0,134,104,37,0,275,0,0,0,275
06/08/2006,PVD,RI,ANE,EN,Combined TRACON& Tower with Radar,137,101,47,1,286,0,2,2,0,4,137,103,49,1,290,4,0,4,294
06/09/2006,PVD,RI,ANE,EN,Combined TRACON& Tower with Radar,133,121,56,1,311,0,0,0,0,0,133,121,56,1,311,14,0,14,325
06/10/2006,PVD,RI,ANE,EN,Combined TRACON& Tower with Radar,114,79,27,2,222,0,0,0,0,0,114,79,27,2,222,2,2,4,226
06/11/2006,PVD,RI,ANE,EN,Combined TRACON& Tower with Radar,133,57,24,0,214,0,41,57,0,98,133,98,81,0,312,0,0,0,312
06/12/2006,PVD,RI,ANE,EN,Combined TRACON& Tower with Radar,135,72,34,0,241,0,39,75,0,114,135,111,109,0,355,24,0,24,379
06/13/2006,PVD,RI,ANE,EN,Combined TRACON& Tower with Radar,140,67,29,0,236,0,25,77,0,102,140,92,106,0,338,12,0,12,350
06/14/2006,PVD,RI,ANE,EN,Combined TRACON& Tower with Radar,138,80,31,2,251,0,25,68,0,93,138,105,99,2,344,8,0,8,352
06/15/2006,PVD,RI,ANE,EN,Combined TRACON& Tower with Radar,141,104,39,0,284,0,21,36,0,57,141,125,75,0,341,6,0,6,347
06/16/2006,PVD,RI,ANE,EN,Combined TRACON& Tower with Radar,129,83,37,1,250,1,42,84,0,127,130,125,121,1,377,17,0,17,394
06/17/2006,PVD,RI,ANE,EN,Combined TRACON& Tower with Radar,112,59,23,0,194,0,0,0,0,0,112,59,23,0,194,10,0,10,204
06/18/2006,PVD,RI,ANE,EN,Combined TRACON& Tower with Radar,123,66,30,0,219,0,50,61,0,111,123,116,91,0,330,10,0,10,340
06/19/2006,PVD,RI,ANE,EN,Combined TRACON& Tower with Radar,128,74,29,0,231,0,39,51,0,90,128,113,80,0,321,22,0,22,343
06/20/2006,PVD,RI,ANE,EN,Combined TRACON& Tower with Radar,138,103,42,0,283,0,1,32,0,33,138,104,74,0,316,10,0,10,326
06/21/2006,PVD,RI,ANE,EN,Combined TRACON& Tower with Radar,134,78,40,0,252,0,30,99,0,129,134,108,139,0,381,10,0,10,391
06/22/2006,PVD,RI,ANE,EN,Combined TRACON& Tower with Radar,131,103,39,2,275,0,23,46,0,69,131,126,85,2,344,20,0,20,364
06/23/2006,PVD,RI,ANE,EN,Combined TRACON& Tower with Radar,138,98,34,4,274,0,18,19,0,37,138,116,53,4,311,10,0,10,321
06/24/2006,PVD,RI,ANE,EN,Combined TRACON& Tower with Radar,108,101,20,0,229,0,0,0,0,0,108,101,20,0,229,2,0,2,231
06/25/2006,PVD,RI,ANE,EN,Combined TRACON& Tower with Radar,116,117,38,0,271,0,0,1,0,1,116,117,39,0,272,0,0,0,272
06/26/2006,PVD,RI,ANE,EN,Combined TRACON& Tower with Radar,127,89,48,0,264,0,13,19,0,32,127,102,67,0,296,4,0,4,300
06/27/2006,PVD,RI,ANE,EN,Combined TRACON& Tower with Radar,128,78,44,8,258,0,15,60,0,75,128,93,104,8,333,20,0,20,353
06/28/2006,PVD,RI,ANE,EN,Combined TRACON& Tower with Radar,144,114,39,2,299,0,3,3,0,6,144,117,42,2,305,0,0,0,305
06/29/2006,PVD,RI,ANE,EN,Combined TRACON& Tower with Radar,136,118,60,0,314,0,0,3,0,3,136,118,63,0,317,0,0,0,317
06/30/2006,PVD,RI,ANE,EN,Combined TRACON& Tower with Radar,132,103,52,0,287,0,45,42,0,87,132,148,94,0,374,22,0,22,396
07/01/2006,PVD,RI,ANE,EN,Combined TRACON& Tower with Radar,112,68,18,5,203,0,44,79,0,123,112,112,97,5,326,18,0,18,344
07/02/2006,PVD,RI,ANE,EN,Combined TRACON& Tower with Radar,121,59,14,3,197,0,46,29,1,76,121,105,43,4,273,6,0,6,279
07/03/2006,PVD,RI,ANE,EN,Combined TRACON& Tower with Radar,114,63,19,0,196,0,38,59,0,97,114,101,78,0,293,10,0,10,303
07/04/2006,PVD,RI,ANE,EN,Combined TRACON& Tower with Radar,118,96,16,0,230,0,0,20,0,20,118,96,36,0,250,8,0,8,258
07/05/2006,PVD,RI,ANE,EN,Combined TRACON& Tower with Radar,134,100,26,0,260,0,8,17,0,25,134,108,43,0,285,8,0,8,293
07/06/2006,PVD,RI,ANE,EN,Combined TRACON& Tower with Radar,144,107,37,0,288,0,0,0,0,0,144,107,37,0,288,14,0,14,302
07/07/2006,PVD,RI,ANE,EN,Combined TRACON& Tower with Radar,133,86,33,1,253,1,47,88,0,136,134,133,121,1,389,40,0,40,429
07/08/2006,PVD,RI,ANE,EN,Combined TRACON& Tower with Radar,116,60,20,3,199,0,44,61,0,105,116,104,81,3,304,16,0,16,320
07/09/2006,PVD,RI,ANE,EN,Combined TRACON& Tower with Radar,128,64,18,0,210,0,64,61,0,125,128,128,79,0,335,10,0,10,345
07/10/2006,PVD,RI,ANE,EN,Combined TRACON& Tower with Radar,138,75,34,0,247,0,43,55,0,98,138,118,89,0,345,7,0,7,352
07/11/2006,PVD,RI,ANE,EN,Combined TRACON& Tower with Radar,140,92,32,0,264,0,0,4,0,4,140,92,36,0,268,0,0,0,268
07/12/2006,PVD,RI,ANE,EN,Combined TRACON& Tower with Radar,136,101,47,2,286,0,0,0,0,0,136,101,47,2,286,6,0,6,292
07/13/2006,PVD,RI,ANE,EN,Combined TRACON& Tower with Radar,137,119,61,2,319,0,1,7,0,8,137,120,68,2,327,0,0,0,327
07/14/2006,PVD,RI,ANE,EN,Combined TRACON& Tower with Radar,136,84,22,2,244,0,54,92,0,146,136,138,114,2,390,16,0,16,406
07/15/2006,PVD,RI,ANE,EN,Combined TRACON& Tower with Radar,114,77,28,0,219,0,35,69,0,104,114,112,97,0,323,12,0,12,335
07/16/2006,PVD,RI,ANE,EN,Combined TRACON& Tower with Radar,126,69,30,0,225,0,43,68,0,111,126,112,98,0,336,12,0,12,348
07/17/2006,PVD,RI,ANE,EN,Combined TRACON& Tower with Radar,132,92,33,0,257,0,33,57,1,91,132,125,90,1,348,20,0,20,368
07/18/2006,PVD,RI,ANE,EN,Combined TRACON& Tower with Radar,130,81,28,0,239,0,15,52,0,67,130,96,80,0,306,6,0,6,312
07/19/2006,PVD,RI,ANE,EN,Combined TRACON& Tower with Radar,146,100,41,0,287,0,29,66,0,95,146,129,107,0,382,0,0,0,382
07/20/2006,PVD,RI,ANE,EN,Combined TRACON& Tower with Radar,135,119,58,1,313,0,1,6,3,10,135,120,64,4,323,6,0,6,329
07/21/2006,PVD,RI,ANE,EN,Combined TRACON& Tower with Radar,139,124,45,1,309,0,6,28,2,36,139,130,73,3,345,14,0,14,359
07/22/2006,PVD,RI,ANE,EN,Combined TRACON& Tower with Radar,110,86,35,0,231,0,0,0,0,0,110,86,35,0,231,0,0,0,231
07/23/2006,PVD,RI,ANE,EN,Combined TRACON& Tower with Radar,132,102,52,0,286,0,11,10,0,21,132,113,62,0,307,18,0,18,325
07/24/2006,PVD,RI,ANE,EN,Combined TRACON& Tower with Radar,133,75,40,0,248,0,46,68,2,116,133,121,108,2,364,14,0,14,378
07/25/2006,PVD,RI,ANE,EN,Combined TRACON& Tower with Radar,142,85,42,0,269,0,20,66,0,86,142,105,108,0,355,8,0,8,363
07/26/2006,PVD,RI,ANE,EN,Combined TRACON& Tower with Radar,134,93,40,0,267,0,23,58,0,81,134,116,98,0,348,14,0,14,362
07/27/2006,PVD,RI,ANE,EN,Combined TRACON& Tower with Radar,128,106,56,0,290,1,21,39,0,61,129,127,95,0,351,0,0,0,351
07/28/2006,PVD,RI,ANE,EN,Combined TRACON& Tower with Radar,134,106,39,0,279,0,9,30,0,39,134,115,69,0,318,0,0,0,318
07/29/2006,PVD,RI,ANE,EN,Combined TRACON& Tower with Radar,116,69,13,0,198,0,47,63,0,110,116,116,76,0,308,10,0,10,318
07/30/2006,PVD,RI,ANE,EN,Combined TRACON& Tower with Radar,124,67,21,0,212,0,50,51,0,101,124,117,72,0,313,2,0,2,315
07/31/2006,PVD,RI,ANE,EN,Combined TRACON& Tower with Radar,137,96,32,0,265,0,26,47,0,73,137,122,79,0,338,8,0,8,346
08/01/2006,PVD,RI,ANE,EN,Combined TRACON& Tower with Radar,142,78,19,0,239,0,27,46,0,73,142,105,65,0,312,4,0,4,316
08/02/2006,PVD,RI,ANE,EN,Combined TRACON& Tower with Radar,132,73,31,0,236,0,41,45,0,86,132,114,76,0,322,0,0,0,322
08/03/2006,PVD,RI,ANE,EN,Combined TRACON& Tower with Radar,135,77,34,0,246,0,0,0,0,0,135,77,34,0,246,6,0,6,252
08/04/2006,PVD,RI,ANE,EN,Combined TRACON& Tower with Radar,137,117,36,1,291,0,14,29,0,43,137,131,65,1,334,0,0,0,334
08/05/2006,PVD,RI,ANE,EN,Combined TRACON& Tower with Radar,116,61,24,0,201,0,50,66,0,116,116,111,90,0,317,14,0,14,331
08/06/2006,PVD,RI,ANE,EN,Combined TRACON& Tower with Radar,131,69,17,2,219,0,57,61,0,118,131,126,78,2,337,12,0,12,349
08/07/2006,PVD,RI,ANE,EN,Combined TRACON& Tower with Radar,133,94,20,0,247,0,28,50,0,78,133,122,70,0,325,26,0,26,351
08/08/2006,PVD,RI,ANE,EN,Combined TRACON& Tower with Radar,140,67,32,0,239,0,35,68,0,103,140,102,100,0,342,34,0,34,376
08/09/2006,PVD,RI,ANE,EN,Combined TRACON& Tower with Radar,146,79,19,2,246,0,35,77,4,116,146,114,96,6,362,28,0,28,390
08/10/2006,PVD,RI,ANE,EN,Combined TRACON& Tower with Radar,133,76,42,0,251,0,50,62,0,112,133,126,104,0,363,6,0,6,369
08/11/2006,PVD,RI,ANE,EN,Combined TRACON& Tower with Radar,140,88,34,2,264,0,61,83,0,144,140,149,117,2,408,4,0,4,412
08/12/2006,PVD,RI,ANE,EN,Combined TRACON& Tower with Radar,113,69,26,0,208,0,52,70,0,122,113,121,96,0,330,10,0,10,340
08/13/2006,PVD,RI,ANE,EN,Combined TRACON& Tower with Radar,132,67,22,2,223,0,62,58,0,120,132,129,80,2,343,6,0,6,349
08/14/2006,PVD,RI,ANE,EN,Combined TRACON& Tower with Radar,136,82,27,0,245,0,44,52,0,96,136,126,79,0,341,2,0,2,343
08/15/2006,PVD,RI,ANE,EN,Combined TRACON& Tower with Radar,141,104,47,0,292,0,9,28,0,37,141,113,75,0,329,2,0,2,331
08/16/2006,PVD,RI,ANE,EN,Combined TRACON& Tower with Radar,135,90,35,1,261,0,33,64,0,97,135,123,99,1,358,2,0,2,360
08/17/2006,PVD,RI,ANE,EN,Combined TRACON& Tower with Radar,147,82,38,1,268,0,45,76,0,121,147,127,114,1,389,12,0,12,401
08/18/2006,PVD,RI,ANE,EN,Combined TRACON& Tower with Radar,132,100,41,0,273,0,48,49,0,97,132,148,90,0,370,16,0,16,386
08/19/2006,PVD,RI,ANE,EN,Combined TRACON& Tower with Radar,115,72,12,0,199,0,44,63,0,107,115,116,75,0,306,0,0,0,306
08/20/2006,PVD,RI,ANE,EN,Combined TRACON& Tower with Radar,132,110,27,0,269,0,17,9,0,26,132,127,36,0,295,8,0,8,303
08/21/2006,PVD,RI,ANE,EN,Combined TRACON& Tower with Radar,142,95,34,2,273,0,33,57,0,90,142,128,91,2,363,14,0,14,377
08/22/2006,PVD,RI,ANE,EN,Combined TRACON& Tower with Radar,136,76,39,2,253,0,32,72,1,105,136,108,111,3,358,30,0,30,388
08/23/2006,PVD,RI,ANE,EN,Combined TRACON& Tower with Radar,138,81,27,0,246,0,33,59,0,92,138,114,86,0,338,16,0,16,354
08/24/2006,PVD,RI,ANE,EN,Combined TRACON& Tower with Radar,140,77,52,1,270,0,42,62,1,105,140,119,114,2,375,10,0,10,385
08/25/2006,PVD,RI,ANE,EN,Combined TRACON& Tower with Radar,132,127,59,0,318,0,0,8,0,8,132,127,67,0,326,6,0,6,332
08/26/2006,PVD,RI,ANE,EN,Combined TRACON& Tower with Radar,114,66,32,0,212,0,39,38,0,77,114,105,70,0,289,16,0,16,305
08/27/2006,PVD,RI,ANE,EN,Combined TRACON& Tower with Radar,130,93,26,0,249,0,42,37,0,79,130,135,63,0,328,0,0,0,328
08/28/2006,PVD,RI,ANE,EN,Combined TRACON& Tower with Radar,132,121,62,4,319,0,0,0,0,0,132,121,62,4,319,0,0,0,319
08/29/2006,PVD,RI,ANE,EN,Combined TRACON& Tower with Radar,140,123,38,0,301,0,0,2,0,2,140,123,40,0,303,4,0,4,307
08/30/2006,PVD,RI,ANE,EN,Combined TRACON& Tower with Radar,139,120,54,5,318,0,18,39,0,57,139,138,93,5,375,2,0,2,377
08/31/2006,PVD,RI,ANE,EN,Combined TRACON& Tower with Radar,146,86,40,0,272,0,49,79,0,128,146,135,119,0,400,8,0,8,408
09/01/2006,PVD,RI,ANE,EN,Combined TRACON& Tower with Radar,125,84,38,0,247,0,54,52,0,106,125,138,90,0,353,22,0,22,375
09/02/2006,PVD,RI,ANE,EN,Combined TRACON& Tower with Radar,105,85,12,0,202,0,13,7,0,20,105,98,19,0,222,10,0,10,232
09/03/2006,PVD,RI,ANE,EN,Combined TRACON& Tower with Radar,107,111,21,0,239,0,3,0,0,3,107,114,21,0,242,0,0,0,242
09/04/2006,PVD,RI,ANE,EN,Combined TRACON& Tower with Radar,124,81,31,0,236,0,56,67,0,123,124,137,98,0,359,18,0,18,377
09/05/2006,PVD,RI,ANE,EN,Combined TRACON& Tower with Radar,125,87,38,1,251,0,38,40,0,78,125,125,78,1,329,10,0,10,339
09/06/2006,PVD,RI,ANE,EN,Combined TRACON& Tower with Radar,142,110,42,4,298,0,18,31,0,49,142,128,73,4,347,10,0,10,357
09/07/2006,PVD,RI,ANE,EN,Combined TRACON& Tower with Radar,143,93,23,0,259,0,43,62,0,105,143,136,85,0,364,4,0,4,368
09/08/2006,PVD,RI,ANE,EN,Combined TRACON& Tower with Radar,136,105,36,0,277,0,26,48,0,74,136,131,84,0,351,10,0,10,361
09/09/2006,PVD,RI,ANE,EN,Combined TRACON& Tower with Radar,112,84,28,0,224,1,36,42,0,79,113,120,70,0,303,12,0,12,315
09/10/2006,PVD,RI,ANE,EN,Combined TRACON& Tower with Radar,128,90,17,1,236,0,36,65,0,101,128,126,82,1,337,6,0,6,343
09/11/2006,PVD,RI,ANE,EN,Combined TRACON& Tower with Radar,135,87,25,0,247,0,38,42,0,80,135,125,67,0,327,6,0,6,333
09/12/2006,PVD,RI,ANE,EN,Combined TRACON& Tower with Radar,134,91,31,4,260,0,23,55,0,78,134,114,86,4,338,8,0,8,346
09/13/2006,PVD,RI,ANE,EN,Combined TRACON& Tower with Radar,136,97,51,2,286,0,24,42,0,66,136,121,93,2,352,28,0,28,380
09/14/2006,PVD,RI,ANE,EN,Combined TRACON& Tower with Radar,134,104,33,0,271,0,12,18,0,30,134,116,51,0,301,4,0,4,305
09/15/2006,PVD,RI,ANE,EN,Combined TRACON& Tower with Radar,131,122,59,0,312,0,0,0,0,0,131,122,59,0,312,0,0,0,312
09/16/2006,PVD,RI,ANE,EN,Combined TRACON& Tower with Radar,112,83,18,0,213,0,25,46,0,71,112,108,64,0,284,8,0,8,292
09/17/2006,PVD,RI,ANE,EN,Combined TRACON& Tower with Radar,130,82,28,0,240,0,40,63,0,103,130,122,91,0,343,2,0,2,345
09/18/2006,PVD,RI,ANE,EN,Combined TRACON& Tower with Radar,135,98,39,2,274,0,19,42,0,61,135,117,81,2,335,18,0,18,353
09/19/2006,PVD,RI,ANE,EN,Combined TRACON& Tower with Radar,138,108,45,0,291,0,10,26,0,36,138,118,71,0,327,2,0,2,329
09/20/2006,PVD,RI,ANE,EN,Combined TRACON& Tower with Radar,141,86,54,0,281,0,29,63,2,94,141,115,117,2,375,0,0,0,375
09/21/2006,PVD,RI,ANE,EN,Combined TRACON& Tower with Radar,137,86,37,0,260,0,39,56,0,95,137,125,93,0,355,4,0,4,359
09/22/2006,PVD,RI,ANE,EN,Combined TRACON& Tower with Radar,130,91,40,2,263,0,44,59,0,103,130,135,99,2,366,6,0,6,372
09/23/2006,PVD,RI,ANE,EN,Combined TRACON& Tower with Radar,108,97,43,0,248,0,0,0,0,0,108,97,43,0,248,12,0,12,260
09/24/2006,PVD,RI,ANE,EN,Combined TRACON& Tower with Radar,128,118,30,2,278,0,9,3,0,12,128,127,33,2,290,0,0,0,290
09/25/2006,PVD,RI,ANE,EN,Combined TRACON& Tower with Radar,134,92,29,0,255,0,32,39,0,71,134,124,68,0,326,16,0,16,342
09/26/2006,PVD,RI,ANE,EN,Combined TRACON& Tower with Radar,136,92,37,0,265,0,22,50,0,72,136,114,87,0,337,6,0,6,343
09/27/2006,PVD,RI,ANE,EN,Combined TRACON& Tower with Radar,134,82,45,0,261,0,22,55,0,77,134,104,100,0,338,14,0,14,352
09/28/2006,PVD,RI,ANE,EN,Combined TRACON& Tower with Radar,133,89,36,0,258,0,17,49,0,66,133,106,85,0,324,6,0,6,330
09/29/2006,PVD,RI,ANE,EN,Combined TRACON& Tower with Radar,133,101,22,0,256,0,16,12,0,28,133,117,34,0,284,2,0,2,286
09/30/2006,PVD,RI,ANE,EN,Combined TRACON& Tower with Radar,109,81,27,0,217,0,19,62,0,81,109,100,89,0,298,26,0,26,324
10/01/2006,PVD,RI,ANE,EN,Combined TRACON& Tower with Radar,128,98,26,0,252,0,2,2,0,4,128,100,28,0,256,2,0,2,258
10/02/2006,PVD,RI,ANE,EN,Combined TRACON& Tower with Radar,129,86,26,0,241,0,28,37,0,65,129,114,63,0,306,6,0,6,312
10/03/2006,PVD,RI,ANE,EN,Combined TRACON& Tower with Radar,138,73,27,0,238,0,23,0,0,23,138,96,27,0,261,6,0,6,267
10/04/2006,PVD,RI,ANE,EN,Combined TRACON& Tower with Radar,142,98,48,2,290,0,10,30,3,43,142,108,78,5,333,4,0,4,337
10/05/2006,PVD,RI,ANE,EN,Combined TRACON& Tower with Radar,141,100,46,0,287,0,17,57,2,76,141,117,103,2,363,2,0,2,365
10/06/2006,PVD,RI,ANE,EN,Combined TRACON& Tower with Radar,133,96,28,0,257,0,33,58,0,91,133,129,86,0,348,8,0,8,356
10/07/2006,PVD,RI,ANE,EN,Combined TRACON& Tower with Radar,109,83,20,0,212,0,17,46,0,63,109,100,66,0,275,6,0,6,281
10/08/2006,PVD,RI,ANE,EN,Combined TRACON& Tower with Radar,128,71,17,0,216,0,32,72,0,104,128,103,89,0,320,14,0,14,334
10/09/2006,PVD,RI,ANE,EN,Combined TRACON& Tower with Radar,130,90,26,0,246,6,40,67,0,113,136,130,93,0,359,0,0,0,359
10/10/2006,PVD,RI,ANE,EN,Combined TRACON& Tower with Radar,140,90,26,0,256,0,4,60,0,64,140,94,86,0,320,26,0,26,346
10/11/2006,PVD,RI,ANE,EN,Combined TRACON& Tower with Radar,136,86,46,0,268,0,0,18,0,18,136,86,64,0,286,14,0,14,300
10/12/2006,PVD,RI,ANE,EN,Combined TRACON& Tower with Radar,139,88,71,0,298,0,0,18,0,18,139,88,89,0,316,6,0,6,322
10/13/2006,PVD,RI,ANE,EN,Combined TRACON& Tower with Radar,136,92,30,1,259,0,0,55,0,55,136,92,85,1,314,8,0,8,322
10/14/2006,PVD,RI,ANE,EN,Combined TRACON& Tower with Radar,111,77,13,0,201,0,2,59,0,61,111,79,72,0,262,0,0,0,262
10/15/2006,PVD,RI,ANE,EN,Combined TRACON& Tower with Radar,127,72,19,0,218,0,0,59,0,59,127,72,78,0,277,4,0,4,281
10/16/2006,PVD,RI,ANE,EN,Combined TRACON& Tower with Radar,135,88,29,0,252,0,0,61,0,61,135,88,90,0,313,8,0,8,321
10/17/2006,PVD,RI,ANE,EN,Combined TRACON& Tower with Radar,136,78,37,0,251,0,0,36,0,36,136,78,73,0,287,6,0,6,293
10/18/2006,PVD,RI,ANE,EN,Combined TRACON& Tower with Radar,134,86,38,2,260,0,0,16,0,16,134,86,54,2,276,0,0,0,276
10/19/2006,PVD,RI,ANE,EN,Combined TRACON& Tower with Radar,136,100,48,4,288,0,0,53,0,53,136,100,101,4,341,10,2,12,353
10/20/2006,PVD,RI,ANE,EN,Combined TRACON& Tower with Radar,133,86,30,0,249,0,0,2,0,2,133,86,32,0,251,4,0,4,255
10/21/2006,PVD,RI,ANE,EN,Combined TRACON& Tower with Radar,107,80,12,2,201,0,2,17,0,19,107,82,29,2,220,0,0,0,220
10/22/2006,PVD,RI,ANE,EN,Combined TRACON& Tower with Radar,130,84,28,0,242,0,0,58,0,58,130,84,86,0,300,18,0,18,318
10/23/2006,PVD,RI,ANE,EN,Combined TRACON& Tower with Radar,136,86,31,0,253,0,0,20,0,20,136,86,51,0,273,16,0,16,289
10/24/2006,PVD,RI,ANE,EN,Combined TRACON& Tower with Radar,142,84,31,0,257,0,0,40,0,40,142,84,71,0,297,18,0,18,315
10/25/2006,PVD,RI,ANE,EN,Combined TRACON& Tower with Radar,141,87,30,4,262,0,0,40,1,41,141,87,70,5,303,0,0,0,303
10/26/2006,PVD,RI,ANE,EN,Combined TRACON& Tower with Radar,136,86,33,0,255,0,1,54,2,57,136,87,87,2,312,2,0,2,314
10/27/2006,PVD,RI,ANE,EN,Combined TRACON& Tower with Radar,131,86,38,0,255,0,0,0,0,0,131,86,38,0,255,18,0,18,273
10/28/2006,PVD,RI,ANE,EN,Combined TRACON& Tower with Radar,106,64,6,0,176,0,0,0,0,0,106,64,6,0,176,4,0,4,180
10/29/2006,PVD,RI,ANE,EN,Combined TRACON& Tower with Radar,132,69,9,0,210,0,0,2,0,2,132,69,11,0,212,0,0,0,212
10/30/2006,PVD,RI,ANE,EN,Combined TRACON& Tower with Radar,139,92,25,0,256,0,0,23,0,23,139,92,48,0,279,4,0,4,283
10/31/2006,PVD,RI,ANE,EN,Combined TRACON& Tower with Radar,142,84,32,0,258,0,2,58,0,60,142,86,90,0,318,4,0,4,322
11/01/2006,PVD,RI,ANE,EN,Combined TRACON& Tower with Radar,142,80,48,0,270,0,0,33,0,33,142,80,81,0,303,14,0,14,317
11/02/2006,PVD,RI,ANE,EN,Combined TRACON& Tower with Radar,143,100,42,0,285,0,0,13,0,13,143,100,55,0,298,6,0,6,304
11/03/2006,PVD,RI,ANE,EN,Combined TRACON& Tower with Radar,137,94,39,0,270,0,0,48,0,48,137,94,87,0,318,16,0,16,334
11/04/2006,PVD,RI,ANE,EN,Combined TRACON& Tower with Radar,105,75,25,0,205,0,0,52,0,52,105,75,77,0,257,6,0,6,263
11/05/2006,PVD,RI,ANE,EN,Combined TRACON& Tower with Radar,126,74,18,0,218,0,0,37,0,37,126,74,55,0,255,4,0,4,259
11/06/2006,PVD,RI,ANE,EN,Combined TRACON& Tower with Radar,143,86,39,0,268,0,1,50,0,51,143,87,89,0,319,16,0,16,335
11/07/2006,PVD,RI,ANE,EN,Combined TRACON& Tower with Radar,145,82,39,0,266,0,1,38,0,39,145,83,77,0,305,0,0,0,305
11/08/2006,PVD,RI,ANE,EN,Combined TRACON& Tower with Radar,142,88,52,0,282,0,0,0,0,0,142,88,52,0,282,6,0,6,288
11/09/2006,PVD,RI,ANE,EN,Combined TRACON& Tower with Radar,146,92,50,0,288,0,0,26,1,27,146,92,76,1,315,14,0,14,329
11/10/2006,PVD,RI,ANE,EN,Combined TRACON& Tower with Radar,142,95,39,0,276,0,0,58,0,58,142,95,97,0,334,6,0,6,340
11/11/2006,PVD,RI,ANE,EN,Combined TRACON& Tower with Radar,110,74,21,0,205,0,0,46,0,46,110,74,67,0,251,8,0,8,259
11/12/2006,PVD,RI,ANE,EN,Combined TRACON& Tower with Radar,132,73,28,0,233,0,0,0,0,0,132,73,28,0,233,0,0,0,233
11/13/2006,PVD,RI,ANE,EN,Combined TRACON& Tower with Radar,135,71,46,2,254,0,0,0,0,0,135,71,46,2,254,10,0,10,264
11/14/2006,PVD,RI,ANE,EN,Combined TRACON& Tower with Radar,152,90,47,0,289,0,0,0,0,0,152,90,47,0,289,6,0,6,295
11/15/2006,PVD,RI,ANE,EN,Combined TRACON& Tower with Radar,142,84,36,0,262,0,0,8,2,10,142,84,44,2,272,22,0,22,294
11/16/2006,PVD,RI,ANE,EN,Combined TRACON& Tower with Radar,134,71,27,1,233,0,0,0,0,0,134,71,27,1,233,0,0,0,233
11/17/2006,PVD,RI,ANE,EN,Combined TRACON& Tower with Radar,138,89,35,0,262,0,1,13,2,16,138,90,48,2,278,16,0,16,294
11/18/2006,PVD,RI,ANE,EN,Combined TRACON& Tower with Radar,110,71,28,0,209,0,0,64,0,64,110,71,92,0,273,14,0,14,287
11/19/2006,PVD,RI,ANE,EN,Combined TRACON& Tower with Radar,134,76,24,0,234,0,0,45,0,45,134,76,69,0,279,20,0,20,299
11/20/2006,PVD,RI,ANE,EN,Combined TRACON& Tower with Radar,140,84,41,0,265,0,4,44,0,48,140,88,85,0,313,12,0,12,325
11/21/2006,PVD,RI,ANE,EN,Combined TRACON& Tower with Radar,148,84,32,0,264,0,1,51,0,52,148,85,83,0,316,4,0,4,320
11/22/2006,PVD,RI,ANE,EN,Combined TRACON& Tower with Radar,149,85,30,0,264,0,0,43,0,43,149,85,73,0,307,0,0,0,307
11/23/2006,PVD,RI,ANE,EN,Combined TRACON& Tower with Radar,101,58,4,0,163,0,0,0,0,0,101,58,4,0,163,0,0,0,163
11/24/2006,PVD,RI,ANE,EN,Combined TRACON& Tower with Radar,119,69,10,0,198,0,0,38,0,38,119,69,48,0,236,6,0,6,242
11/25/2006,PVD,RI,ANE,EN,Combined TRACON& Tower with Radar,115,67,19,0,201,0,0,58,0,58,115,67,77,0,259,0,0,0,259
11/26/2006,PVD,RI,ANE,EN,Combined TRACON& Tower with Radar,146,73,37,0,256,0,2,51,0,53,146,75,88,0,309,4,0,4,313
11/27/2006,PVD,RI,ANE,EN,Combined TRACON& Tower with Radar,140,80,31,1,252,0,9,98,1,108,140,89,129,2,360,6,0,6,366
11/28/2006,PVD,RI,ANE,EN,Combined TRACON& Tower with Radar,148,80,40,0,268,0,0,0,0,0,148,80,40,0,268,0,0,0,268
11/29/2006,PVD,RI,ANE,EN,Combined TRACON& Tower with Radar,148,72,42,0,262,0,0,0,0,0,148,72,42,0,262,0,0,0,262
11/30/2006,PVD,RI,ANE,EN,Combined TRACON& Tower with Radar,144,86,50,2,282,0,0,18,0,18,144,86,68,2,300,4,0,4,304
12/01/2006,PVD,RI,ANE,EN,Combined TRACON& Tower with Radar,118,64,16,0,198,0,0,1,0,1,118,64,17,0,199,0,0,0,199
12/02/2006,PVD,RI,ANE,EN,Combined TRACON& Tower with Radar,104,75,14,0,193,0,0,20,0,20,104,75,34,0,213,4,0,4,217
12/03/2006,PVD,RI,ANE,EN,Combined TRACON& Tower with Radar,129,74,24,0,227,0,0,43,0,43,129,74,67,0,270,4,0,4,274
12/04/2006,PVD,RI,ANE,EN,Combined TRACON& Tower with Radar,137,78,21,0,236,0,0,12,0,12,137,78,33,0,248,18,0,18,266
12/05/2006,PVD,RI,ANE,EN,Combined TRACON& Tower with Radar,147,84,42,1,274,0,0,21,0,21,147,84,63,1,295,10,0,10,305
12/06/2006,PVD,RI,ANE,EN,Combined TRACON& Tower with Radar,143,83,32,0,258,0,0,39,0,39,143,83,71,0,297,10,0,10,307
12/07/2006,PVD,RI,ANE,EN,Combined TRACON& Tower with Radar,142,78,33,1,254,0,1,48,0,49,142,79,81,1,303,24,0,24,327
12/08/2006,PVD,RI,ANE,EN,Combined TRACON& Tower with Radar,142,81,34,3,260,0,0,0,0,0,142,81,34,3,260,19,0,19,279
12/09/2006,PVD,RI,ANE,EN,Combined TRACON& Tower with Radar,110,79,14,0,203,0,0,50,2,52,110,79,64,2,255,2,0,2,257
12/10/2006,PVD,RI,ANE,EN,Combined TRACON& Tower with Radar,128,71,10,0,209,0,0,28,0,28,128,71,38,0,237,0,0,0,237
12/11/2006,PVD,RI,ANE,EN,Combined TRACON& Tower with Radar,138,84,23,2,247,0,0,34,1,35,138,84,57,3,282,14,0,14,296
12/12/2006,PVD,RI,ANE,EN,Combined TRACON& Tower with Radar,142,84,38,1,265,0,0,33,0,33,142,84,71,1,298,10,0,10,308
12/13/2006,PVD,RI,ANE,EN,Combined TRACON& Tower with Radar,137,84,57,0,278,0,0,4,0,4,137,84,61,0,282,12,0,12,294
12/14/2006,PVD,RI,ANE,EN,Combined TRACON& Tower with Radar,137,77,40,0,254,0,0,36,0,36,137,77,76,0,290,0,0,0,290
12/15/2006,PVD,RI,ANE,EN,Combined TRACON& Tower with Radar,138,92,33,0,263,0,0,4,0,4,138,92,37,0,267,4,0,4,271
12/16/2006,PVD,RI,ANE,EN,Combined TRACON& Tower with Radar,106,75,14,0,195,0,4,48,0,52,106,79,62,0,247,16,0,16,263
12/17/2006,PVD,RI,ANE,EN,Combined TRACON& Tower with Radar,122,66,24,0,212,0,0,37,0,37,122,66,61,0,249,0,0,0,249
12/18/2006,PVD,RI,ANE,EN,Combined TRACON& Tower with Radar,141,85,20,0,246,0,0,0,0,0,141,85,20,0,246,10,0,10,256
12/19/2006,PVD,RI,ANE,EN,Combined TRACON& Tower with Radar,148,85,30,0,263,0,1,45,0,46,148,86,75,0,309,4,0,4,313
12/20/2006,PVD,RI,ANE,EN,Combined TRACON& Tower with Radar,147,93,20,2,262,0,0,59,4,63,147,93,79,6,325,6,0,6,331
12/21/2006,PVD,RI,ANE,EN,Combined TRACON& Tower with Radar,144,82,32,0,258,0,1,42,0,43,144,83,74,0,301,23,0,23,324
12/22/2006,PVD,RI,ANE,EN,Combined TRACON& Tower with Radar,135,81,17,0,233,0,0,37,0,37,135,81,54,0,270,16,0,16,286
12/23/2006,PVD,RI,ANE,EN,Combined TRACON& Tower with Radar,112,73,9,0,194,0,0,0,0,0,112,73,9,0,194,0,0,0,194
12/24/2006,PVD,RI,ANE,EN,Combined TRACON& Tower with Radar,105,55,6,0,166,0,0,0,0,0,105,55,6,0,166,2,0,2,168
12/25/2006,PVD,RI,ANE,EN,Combined TRACON& Tower with Radar,106,55,7,0,168,0,0,4,0,4,106,55,11,0,172,0,0,0,172
12/26/2006,PVD,RI,ANE,EN,Combined TRACON& Tower with Radar,130,94,20,0,244,0,0,3,0,3,130,94,23,0,247,0,0,0,247
12/27/2006,PVD,RI,ANE,EN,Combined TRACON& Tower with Radar,141,85,18,0,244,0,0,30,0,30,141,85,48,0,274,0,0,0,274
12/28/2006,PVD,RI,ANE,EN,Combined TRACON& Tower with Radar,135,74,28,0,237,0,0,0,0,0,135,74,28,0,237,8,0,8,245
12/29/2006,PVD,RI,ANE,EN,Combined TRACON& Tower with Radar,133,78,14,0,225,0,0,59,0,59,133,78,73,0,284,0,0,0,284
12/30/2006,PVD,RI,ANE,EN,Combined TRACON& Tower with Radar,109,69,16,0,194,0,0,0,0,0,109,69,16,0,194,0,0,0,194
12/31/2006,PVD,RI,ANE,EN,Combined TRACON& Tower with Radar,110,58,5,0,173,0,0,57,0,57,110,58,62,0,230,0,0,0,230
01/01/2007,PVD,RI,ANE,EN,Combined TRACON& Tower with Radar,120,60,15,0,195,0,0,0,0,0,120,60,15,0,195,0,0,0,195
01/02/2007,PVD,RI,ANE,EN,Combined TRACON& Tower with Radar,136,80,19,0,235,0,0,33,3,36,136,80,52,3,271,4,0,4,275
01/03/2007,PVD,RI,ANE,EN,Combined TRACON& Tower with Radar,138,80,23,2,243,0,0,43,0,43,138,80,66,2,286,6,0,6,292
01/04/2007,PVD,RI,ANE,EN,Combined TRACON& Tower with Radar,137,78,30,2,247,0,0,51,1,52,137,78,81,3,299,8,0,8,307
01/05/2007,PVD,RI,ANE,EN,Combined TRACON& Tower with Radar,132,81,10,0,223,0,0,12,0,12,132,81,22,0,235,0,0,0,235
01/06/2007,PVD,RI,ANE,EN,Combined TRACON& Tower with Radar,104,75,19,0,198,0,0,4,0,4,104,75,23,0,202,0,0,0,202
01/07/2007,PVD,RI,ANE,EN,Combined TRACON& Tower with Radar,125,67,19,0,211,0,0,56,0,56,125,67,75,0,267,6,0,6,273
01/08/2007,PVD,RI,ANE,EN,Combined TRACON& Tower with Radar,129,75,18,0,222,1,0,3,0,4,130,75,21,0,226,8,0,8,234
01/09/2007,PVD,RI,ANE,EN,Combined TRACON& Tower with Radar,130,75,18,0,223,0,0,3,0,3,130,75,21,0,226,0,0,0,226
01/10/2007,PVD,RI,ANE,EN,Combined TRACON& Tower with Radar,133,88,25,0,246,0,0,24,0,24,133,88,49,0,270,0,0,0,270
01/11/2007,PVD,RI,ANE,EN,Combined TRACON& Tower with Radar,134,87,46,0,267,0,0,66,0,66,134,87,112,0,333,2,0,2,335
01/12/2007,PVD,RI,ANE,EN,Combined TRACON& Tower with Radar,136,85,19,0,240,0,0,24,2,26,136,85,43,2,266,2,0,2,268
01/13/2007,PVD,RI,ANE,EN,Combined TRACON& Tower with Radar,95,76,23,0,194,0,0,5,0,5,95,76,28,0,199,0,0,0,199
01/14/2007,PVD,RI,ANE,EN,Combined TRACON& Tower with Radar,115,62,4,0,181,0,0,0,0,0,115,62,4,0,181,0,0,0,181
01/15/2007,PVD,RI,ANE,EN,Combined TRACON& Tower with Radar,132,82,16,0,230,0,0,0,0,0,132,82,16,0,230,0,0,0,230
01/16/2007,PVD,RI,ANE,EN,Combined TRACON& Tower with Radar,133,80,26,0,239,0,0,20,0,20,133,80,46,0,259,4,0,4,263
01/17/2007,PVD,RI,ANE,EN,Combined TRACON& Tower with Radar,136,80,18,0,234,0,0,33,0,33,136,80,51,0,267,10,0,10,277
01/18/2007,PVD,RI,ANE,EN,Combined TRACON& Tower with Radar,132,83,36,2,253,0,0,45,2,47,132,83,81,4,300,4,0,4,304
01/19/2007,PVD,RI,ANE,EN,Combined TRACON& Tower with Radar,133,79,18,0,230,0,0,16,0,16,133,79,34,0,246,8,0,8,254
01/20/2007,PVD,RI,ANE,EN,Combined TRACON& Tower with Radar,99,70,10,0,179,0,1,9,0,10,99,71,19,0,189,0,0,0,189
01/21/2007,PVD,RI,ANE,EN,Combined TRACON& Tower with Radar,109,67,9,0,185,0,0,42,0,42,109,67,51,0,227,4,0,4,231
01/22/2007,PVD,RI,ANE,EN,Combined TRACON& Tower with Radar,132,79,18,0,229,0,0,15,0,15,132,79,33,0,244,0,0,0,244
01/23/2007,PVD,RI,ANE,EN,Combined TRACON& Tower with Radar,134,84,43,0,261,0,1,34,0,35,134,85,77,0,296,31,0,31,327
01/24/2007,PVD,RI,ANE,EN,Combined TRACON& Tower with Radar,138,80,29,2,249,0,0,48,0,48,138,80,77,2,297,8,0,8,305
01/25/2007,PVD,RI,ANE,EN,Combined TRACON& Tower with Radar,130,84,24,0,238,0,0,39,0,39,130,84,63,0,277,0,0,0,277
01/26/2007,PVD,RI,ANE,EN,Combined TRACON& Tower with Radar,125,79,16,1,221,1,0,13,0,14,126,79,29,1,235,0,0,0,235
01/27/2007,PVD,RI,ANE,EN,Combined TRACON& Tower with Radar,96,71,9,0,176,0,0,28,0,28,96,71,37,0,204,0,0,0,204
01/28/2007,PVD,RI,ANE,EN,Combined TRACON& Tower with Radar,113,67,13,0,193,0,0,41,0,41,113,67,54,0,234,2,0,2,236
01/29/2007,PVD,RI,ANE,EN,Combined TRACON& Tower with Radar,128,87,34,0,249,0,2,21,0,23,128,89,55,0,272,0,0,0,272
01/30/2007,PVD,RI,ANE,EN,Combined TRACON& Tower with Radar,132,84,34,3,253,0,0,36,1,37,132,84,70,4,290,0,0,0,290
01/31/2007,PVD,RI,ANE,EN,Combined TRACON& Tower with Radar,126,84,20,4,234,0,1,37,1,39,126,85,57,5,273,4,0,4,277
02/01/2007,PVD,RI,ANE,EN,Combined TRACON& Tower with Radar,131,86,34,1,252,0,2,43,0,45,131,88,77,1,297,2,0,2,299
02/02/2007,PVD,RI,ANE,EN,Combined TRACON& Tower with Radar,128,76,13,0,217,0,0,0,0,0,128,76,13,0,217,0,0,0,217
02/03/2007,PVD,RI,ANE,EN,Combined TRACON& Tower with Radar,94,75,15,0,184,0,0,30,0,30,94,75,45,0,214,0,0,0,214
02/04/2007,PVD,RI,ANE,EN,Combined TRACON& Tower with Radar,94,75,15,0,184,0,0,30,0,30,94,75,45,0,214,0,0,0,214
02/05/2007,PVD,RI,ANE,EN,Combined TRACON& Tower with Radar,98,73,15,0,186,0,0,30,0,30,98,73,45,0,216,2,0,2,218
02/06/2007,PVD,RI,ANE,EN,Combined TRACON& Tower with Radar,130,77,18,0,225,0,1,17,0,18,130,78,35,0,243,2,0,2,245
02/07/2007,PVD,RI,ANE,EN,Combined TRACON& Tower with Radar,132,82,29,0,243,0,0,21,0,21,132,82,50,0,264,0,0,0,264
02/08/2007,PVD,RI,ANE,EN,Combined TRACON& Tower with Radar,134,89,25,1,249,0,1,10,0,11,134,90,35,1,260,4,0,4,264
02/09/2007,PVD,RI,ANE,EN,Combined TRACON& Tower with Radar,136,92,26,0,254,0,0,14,0,14,136,92,40,0,268,6,0,6,274
02/10/2007,PVD,RI,ANE,EN,Combined TRACON& Tower with Radar,93,79,20,0,192,0,0,39,0,39,93,79,59,0,231,2,0,2,233
02/11/2007,PVD,RI,ANE,EN,Combined TRACON& Tower with Radar,120,70,25,2,217,0,0,40,0,40,120,70,65,2,257,14,0,14,271
02/12/2007,PVD,RI,ANE,EN,Combined TRACON& Tower with Radar,121,93,33,0,247,0,2,48,0,50,121,95,81,0,297,12,0,12,309
02/13/2007,PVD,RI,ANE,EN,Combined TRACON& Tower with Radar,100,76,23,0,199,0,2,34,0,36,100,78,57,0,235,0,0,0,235
02/14/2007,PVD,RI,ANE,EN,Combined TRACON& Tower with Radar,46,29,14,0,89,0,0,0,0,0,46,29,14,0,89,0,0,0,89
02/15/2007,PVD,RI,ANE,EN,Combined TRACON& Tower with Radar,140,69,18,0,227,0,0,0,0,0,140,69,18,0,227,0,0,0,227
02/16/2007,PVD,RI,ANE,EN,Combined TRACON& Tower with Radar,134,85,26,0,245,0,0,5,0,5,134,85,31,0,250,0,0,0,250
02/17/2007,PVD,RI,ANE,EN,Combined TRACON& Tower with Radar,107,71,18,0,196,0,0,56,0,56,107,71,74,0,252,10,0,10,262
02/18/2007,PVD,RI,ANE,EN,Combined TRACON& Tower with Radar,118,64,17,0,199,0,0,25,0,25,118,64,42,0,224,6,0,6,230
02/19/2007,PVD,RI,ANE,EN,Combined TRACON& Tower with Radar,136,84,15,0,235,0,0,4,0,4,136,84,19,0,239,2,0,2,241
02/20/2007,PVD,RI,ANE,EN,Combined TRACON& Tower with Radar,145,86,33,1,265,0,0,46,0,46,145,86,79,1,311,4,0,4,315
02/21/2007,PVD,RI,ANE,EN,Combined TRACON& Tower with Radar,138,86,32,2,258,0,0,49,0,49,138,86,81,2,307,0,0,0,307
02/22/2007,PVD,RI,ANE,EN,Combined TRACON& Tower with Radar,135,81,31,2,249,0,0,7,0,7,135,81,38,2,256,0,0,0,256
02/23/2007,PVD,RI,ANE,EN,Combined TRACON& Tower with Radar,141,92,29,0,262,0,0,3,0,3,141,92,32,0,265,0,0,0,265
02/24/2007,PVD,RI,ANE,EN,Combined TRACON& Tower with Radar,98,81,27,0,206,0,0,27,0,27,98,81,54,0,233,14,0,14,247
02/25/2007,PVD,RI,ANE,EN,Combined TRACON& Tower with Radar,109,54,29,0,192,0,0,73,0,73,109,54,102,0,265,12,0,12,277
02/26/2007,PVD,RI,ANE,EN,Combined TRACON& Tower with Radar,143,77,22,0,242,0,0,0,0,0,143,77,22,0,242,0,0,0,242
02/27/2007,PVD,RI,ANE,EN,Combined TRACON& Tower with Radar,142,87,23,0,252,0,0,0,0,0,142,87,23,0,252,0,0,0,252
02/28/2007,PVD,RI,ANE,EN,Combined TRACON& Tower with Radar,144,90,29,0,263,0,0,38,0,38,144,90,67,0,301,26,0,26,327
03/01/2007,PVD,RI,ANE,EN,Combined TRACON& Tower with Radar,140,81,25,0,246,0,8,0,0,8,140,89,25,0,254,2,0,2,256
03/02/2007,PVD,RI,ANE,EN,Combined TRACON& Tower with Radar,136,75,22,0,233,0,0,0,0,0,136,75,22,0,233,0,0,0,233
03/03/2007,PVD,RI,ANE,EN,Combined TRACON& Tower with Radar,102,64,30,0,196,0,0,40,0,40,102,64,70,0,236,2,0,2,238
03/04/2007,PVD,RI,ANE,EN,Combined TRACON& Tower with Radar,123,66,19,0,208,0,0,29,0,29,123,66,48,0,237,0,0,0,237
03/05/2007,PVD,RI,ANE,EN,Combined TRACON& Tower with Radar,135,72,22,0,229,0,0,9,0,9,135,72,31,0,238,0,0,0,238
03/06/2007,PVD,RI,ANE,EN,Combined TRACON& Tower with Radar,138,90,14,0,242,0,0,5,0,5,138,90,19,0,247,0,0,0,247
03/07/2007,PVD,RI,ANE,EN,Combined TRACON& Tower with Radar,138,74,24,1,237,0,2,19,0,21,138,76,43,1,258,0,0,0,258
03/08/2007,PVD,RI,ANE,EN,Combined TRACON& Tower with Radar,148,84,26,2,260,0,0,14,0,14,148,84,40,2,274,0,0,0,274
03/09/2007,PVD,RI,ANE,EN,Combined TRACON& Tower with Radar,141,81,32,2,256,0,0,41,0,41,141,81,73,2,297,8,0,8,305
03/10/2007,PVD,RI,ANE,EN,Combined TRACON& Tower with Radar,104,66,21,2,193,0,2,24,0,26,104,68,45,2,219,0,0,0,219
03/11/2007,PVD,RI,ANE,EN,Combined TRACON& Tower with Radar,124,75,22,0,221,0,1,59,0,60,124,76,81,0,281,0,0,0,281
03/12/2007,PVD,RI,ANE,EN,Combined TRACON& Tower with Radar,146,80,28,0,254,0,0,41,0,41,146,80,69,0,295,14,0,14,309
03/13/2007,PVD,RI,ANE,EN,Combined TRACON& Tower with Radar,144,81,32,0,257,0,1,33,0,34,144,82,65,0,291,0,0,0,291
03/14/2007,PVD,RI,ANE,EN,Combined TRACON& Tower with Radar,136,83,44,2,265,0,0,27,1,28,136,83,71,3,293,0,0,0,293
03/15/2007,PVD,RI,ANE,EN,Combined TRACON& Tower with Radar,144,79,20,0,243,0,0,2,0,2,144,79,22,0,245,0,0,0,245
03/16/2007,PVD,RI,ANE,EN,Combined TRACON& Tower with Radar,83,31,10,0,124,0,0,0,0,0,83,31,10,0,124,0,0,0,124
03/17/2007,PVD,RI,ANE,EN,Combined TRACON& Tower with Radar,103,48,11,0,162,0,0,0,0,0,103,48,11,0,162,0,0,0,162
03/18/2007,PVD,RI,ANE,EN,Combined TRACON& Tower with Radar,130,72,31,0,233,0,0,0,0,0,130,72,31,0,233,0,0,0,233
03/19/2007,PVD,RI,ANE,EN,Combined TRACON& Tower with Radar,130,80,32,0,242,0,0,28,0,28,130,80,60,0,270,2,0,2,272
03/20/2007,PVD,RI,ANE,EN,Combined TRACON& Tower with Radar,140,80,12,2,234,0,0,5,0,5,140,80,17,2,239,4,0,4,243
03/21/2007,PVD,RI,ANE,EN,Combined TRACON& Tower with Radar,133,85,27,2,247,0,0,38,0,38,133,85,65,2,285,6,0,6,291
03/22/2007,PVD,RI,ANE,EN,Combined TRACON& Tower with Radar,143,85,41,4,273,0,0,0,0,0,143,85,41,4,273,0,0,0,273
03/23/2007,PVD,RI,ANE,EN,Combined TRACON& Tower with Radar,134,83,25,2,244,0,2,35,0,37,134,85,60,2,281,2,0,2,283
03/24/2007,PVD,RI,ANE,EN,Combined TRACON& Tower with Radar,109,69,21,0,199,0,0,62,0,62,109,69,83,0,261,2,0,2,263
03/25/2007,PVD,RI,ANE,EN,Combined TRACON& Tower with Radar,128,72,19,0,219,0,0,41,0,41,128,72,60,0,260,4,0,4,264
03/26/2007,PVD,RI,ANE,EN,Combined TRACON& Tower with Radar,144,88,36,0,268,0,0,16,0,16,144,88,52,0,284,6,0,6,290
03/27/2007,PVD,RI,ANE,EN,Combined TRACON& Tower with Radar,142,82,21,0,245,0,0,19,0,19,142,82,40,0,264,7,0,7,271
03/28/2007,PVD,RI,ANE,EN,Combined TRACON& Tower with Radar,136,85,29,0,250,0,0,23,0,23,136,85,52,0,273,0,0,0,273
03/29/2007,PVD,RI,ANE,EN,Combined TRACON& Tower with Radar,146,91,26,1,264,0,2,19,1,22,146,93,45,2,286,4,0,4,290
03/30/2007,PVD,RI,ANE,EN,Combined TRACON& Tower with Radar,134,101,28,0,263,0,2,37,0,39,134,103,65,0,302,8,0,8,310
03/31/2007,PVD,RI,ANE,EN,Combined TRACON& Tower with Radar,108,70,27,0,205,0,0,72,0,72,108,70,99,0,277,12,0,12,289
04/01/2007,PVD,RI,ANE,EN,Combined TRACON& Tower with Radar,125,72,18,0,215,0,2,40,0,42,125,74,58,0,257,16,0,16,273
04/02/2007,PVD,RI,ANE,EN,Combined TRACON& Tower with Radar,146,86,45,0,277,0,0,0,0,0,146,86,45,0,277,0,0,0,277
04/03/2007,PVD,RI,ANE,EN,Combined TRACON& Tower with Radar,140,82,34,0,256,0,0,1,0,1,140,82,35,0,257,0,0,0,257
04/04/2007,PVD,RI,ANE,EN,Combined TRACON& Tower with Radar,144,86,30,0,260,0,0,0,0,0,144,86,30,0,260,0,0,0,260
04/05/2007,PVD,RI,ANE,EN,Combined TRACON& Tower with Radar,147,85,32,0,264,0,0,21,0,21,147,85,53,0,285,8,0,8,293
04/06/2007,PVD,RI,ANE,EN,Combined TRACON& Tower with Radar,143,81,17,0,241,0,0,35,0,35,143,81,52,0,276,0,0,0,276
04/07/2007,PVD,RI,ANE,EN,Combined TRACON& Tower with Radar,109,75,17,0,201,0,0,44,0,44,109,75,61,0,245,2,0,2,247
04/08/2007,PVD,RI,ANE,EN,Combined TRACON& Tower with Radar,129,69,13,0,211,0,0,0,0,0,129,69,13,0,211,0,0,0,211
04/09/2007,PVD,RI,ANE,EN,Combined TRACON& Tower with Radar,138,88,15,0,241,0,2,30,0,32,138,90,45,0,273,0,0,0,273
04/10/2007,PVD,RI,ANE,EN,Combined TRACON& Tower with Radar,142,92,30,2,266,0,0,46,0,46,142,92,76,2,312,0,0,0,312
04/11/2007,PVD,RI,ANE,EN,Combined TRACON& Tower with Radar,132,93,35,0,260,0,1,41,0,42,132,94,76,0,302,6,0,6,308
04/12/2007,PVD,RI,ANE,EN,Combined TRACON& Tower with Radar,137,85,38,0,260,0,0,0,0,0,137,85,38,0,260,0,0,0,260
04/13/2007,PVD,RI,ANE,EN,Combined TRACON& Tower with Radar,147,98,23,0,268,0,0,20,0,20,147,98,43,0,288,8,0,8,296
04/14/2007,PVD,RI,ANE,EN,Combined TRACON& Tower with Radar,111,80,21,0,212,0,0,42,0,42,111,80,63,0,254,4,0,4,258
04/15/2007,PVD,RI,ANE,EN,Combined TRACON& Tower with Radar,119,61,12,0,192,0,0,0,0,0,119,61,12,0,192,0,0,0,192
04/16/2007,PVD,RI,ANE,EN,Combined TRACON& Tower with Radar,86,31,9,1,127,0,0,0,0,0,86,31,9,1,127,0,0,0,127
04/17/2007,PVD,RI,ANE,EN,Combined TRACON& Tower with Radar,142,80,32,3,257,0,0,0,0,0,142,80,32,3,257,0,0,0,257
04/18/2007,PVD,RI,ANE,EN,Combined TRACON& Tower with Radar,142,94,27,0,263,0,0,0,0,0,142,94,27,0,263,0,0,0,263
04/19/2007,PVD,RI,ANE,EN,Combined TRACON& Tower with Radar,137,92,43,1,273,0,0,18,0,18,137,92,61,1,291,16,0,16,307
04/20/2007,PVD,RI,ANE,EN,Combined TRACON& Tower with Radar,133,98,34,0,265,0,0,45,0,45,133,98,79,0,310,2,0,2,312
04/21/2007,PVD,RI,ANE,EN,Combined TRACON& Tower with Radar,110,75,16,0,201,0,4,56,0,60,110,79,72,0,261,0,0,0,261
04/22/2007,PVD,RI,ANE,EN,Combined TRACON& Tower with Radar,124,74,25,2,225,0,2,56,0,58,124,76,81,2,283,6,0,6,289
04/23/2007,PVD,RI,ANE,EN,Combined TRACON& Tower with Radar,135,91,30,0,256,0,1,39,0,40,135,92,69,0,296,8,0,8,304
04/24/2007,PVD,RI,ANE,EN,Combined TRACON& Tower with Radar,136,81,37,2,256,0,0,18,0,18,136,81,55,2,274,0,0,0,274
04/25/2007,PVD,RI,ANE,EN,Combined TRACON& Tower with Radar,138,96,45,0,279,0,2,33,0,35,138,98,78,0,314,6,0,6,320
04/26/2007,PVD,RI,ANE,EN,Combined TRACON& Tower with Radar,137,91,38,0,266,0,0,51,0,51,137,91,89,0,317,0,0,0,317
04/27/2007,PVD,RI,ANE,EN,Combined TRACON& Tower with Radar,140,87,22,2,251,0,0,0,0,0,140,87,22,2,251,0,0,0,251
04/28/2007,PVD,RI,ANE,EN,Combined TRACON& Tower with Radar,140,89,22,2,253,0,0,0,0,0,140,89,22,2,253,13,0,13,266
04/29/2007,PVD,RI,ANE,EN,Combined TRACON& Tower with Radar,127,80,47,2,256,0,0,27,0,27,127,80,74,2,283,21,0,21,304
04/30/2007,PVD,RI,ANE,EN,Combined TRACON& Tower with Radar,140,88,33,0,261,0,3,22,0,25,140,91,55,0,286,4,0,4,290
05/01/2007,PVD,RI,ANE,EN,Combined TRACON& Tower with Radar,136,78,27,0,241,0,0,32,0,32,136,78,59,0,273,0,0,0,273
05/02/2007,PVD,RI,ANE,EN,Combined TRACON& Tower with Radar,134,94,33,2,263,0,0,13,0,13,134,94,46,2,276,0,0,0,276
05/03/2007,PVD,RI,ANE,EN,Combined TRACON& Tower with Radar,134,97,30,2,263,0,3,49,0,52,134,100,79,2,315,2,0,2,317
05/04/2007,PVD,RI,ANE,EN,Combined TRACON& Tower with Radar,128,96,22,0,246,0,15,40,0,55,128,111,62,0,301,4,0,4,305
05/05/2007,PVD,RI,ANE,EN,Combined TRACON& Tower with Radar,114,80,10,4,208,0,14,61,0,75,114,94,71,4,283,0,0,0,283
05/06/2007,PVD,RI,ANE,EN,Combined TRACON& Tower with Radar,112,88,15,0,215,0,6,34,0,40,112,94,49,0,255,6,0,6,261
05/07/2007,PVD,RI,ANE,EN,Combined TRACON& Tower with Radar,0,0,0,0,0,125,107,67,7,306,125,107,67,7,306,2,0,2,308
05/08/2007,PVD,RI,ANE,EN,Combined TRACON& Tower with Radar,132,88,28,0,248,0,10,39,0,49,132,98,67,0,297,0,0,0,297
05/09/2007,PVD,RI,ANE,EN,Combined TRACON& Tower with Radar,135,95,37,0,267,0,6,29,0,35,135,101,66,0,302,0,0,0,302
05/10/2007,PVD,RI,ANE,EN,Combined TRACON& Tower with Radar,135,100,41,0,276,0,4,34,0,38,135,104,75,0,314,0,0,0,314
05/11/2007,PVD,RI,ANE,EN,Combined TRACON& Tower with Radar,129,110,59,2,300,0,2,10,5,17,129,112,69,7,317,4,0,4,321
05/12/2007,PVD,RI,ANE,EN,Combined TRACON& Tower with Radar,102,77,17,0,196,0,10,58,0,68,102,87,75,0,264,0,0,0,264
05/13/2007,PVD,RI,ANE,EN,Combined TRACON& Tower with Radar,113,78,24,0,215,0,9,70,0,79,113,87,94,0,294,0,0,0,294
05/14/2007,PVD,RI,ANE,EN,Combined TRACON& Tower with Radar,123,88,22,0,233,0,11,49,0,60,123,99,71,0,293,12,0,12,305
05/15/2007,PVD,RI,ANE,EN,Combined TRACON& Tower with Radar,130,88,26,0,244,0,10,28,0,38,130,98,54,0,282,0,0,0,282
05/16/2007,PVD,RI,ANE,EN,Combined TRACON& Tower with Radar,129,103,34,0,266,1,3,22,0,26,130,106,56,0,292,0,0,0,292
05/17/2007,PVD,RI,ANE,EN,Combined TRACON& Tower with Radar,133,111,41,0,285,0,1,4,0,5,133,112,45,0,290,0,0,0,290
05/18/2007,PVD,RI,ANE,EN,Combined TRACON& Tower with Radar,131,117,24,0,272,0,0,0,0,0,131,117,24,0,272,0,0,0,272
05/19/2007,PVD,RI,ANE,EN,Combined TRACON& Tower with Radar,104,93,32,0,229,0,0,0,0,0,104,93,32,0,229,0,0,0,229
05/20/2007,PVD,RI,ANE,EN,Combined TRACON& Tower with Radar,117,100,28,0,245,0,0,0,0,0,117,100,28,0,245,0,0,0,245
05/21/2007,PVD,RI,ANE,EN,Combined TRACON& Tower with Radar,126,92,18,0,236,0,17,39,0,56,126,109,57,0,292,4,0,4,296
05/22/2007,PVD,RI,ANE,EN,Combined TRACON& Tower with Radar,134,91,26,0,251,0,20,62,0,82,134,111,88,0,333,4,0,4,337
05/23/2007,PVD,RI,ANE,EN,Combined TRACON& Tower with Radar,135,105,46,0,286,0,20,49,0,69,135,125,95,0,355,8,0,8,363
05/24/2007,PVD,RI,ANE,EN,Combined TRACON& Tower with Radar,138,107,47,0,292,0,19,56,0,75,138,126,103,0,367,12,0,12,379
05/25/2007,PVD,RI,ANE,EN,Combined TRACON& Tower with Radar,136,106,56,0,298,0,34,50,0,84,136,140,106,0,382,6,0,6,388
05/26/2007,PVD,RI,ANE,EN,Combined TRACON& Tower with Radar,102,68,28,0,198,0,20,60,0,80,102,88,88,0,278,10,0,10,288
05/27/2007,PVD,RI,ANE,EN,Combined TRACON& Tower with Radar,106,67,19,0,192,0,18,49,0,67,106,85,68,0,259,28,0,28,287
05/28/2007,PVD,RI,ANE,EN,Combined TRACON& Tower with Radar,116,76,23,0,215,0,33,31,4,68,116,109,54,4,283,2,0,2,285
05/29/2007,PVD,RI,ANE,EN,Combined TRACON& Tower with Radar,130,92,28,0,250,0,24,50,0,74,130,116,78,0,324,28,0,28,352
05/30/2007,PVD,RI,ANE,EN,Combined TRACON& Tower with Radar,133,97,33,0,263,0,20,57,0,77,133,117,90,0,340,4,0,4,344
05/31/2007,PVD,RI,ANE,EN,Combined TRACON& Tower with Radar,130,106,23,1,260,0,16,31,1,48,130,122,54,2,308,4,0,4,312
06/01/2007,PVD,RI,ANE,EN,Combined TRACON& Tower with Radar,136,92,15,0,243,0,23,23,0,46,136,115,38,0,289,0,0,0,289
06/02/2007,PVD,RI,ANE,EN,Combined TRACON& Tower with Radar,108,75,13,0,196,0,16,15,2,33,108,91,28,2,229,0,0,0,229
06/03/2007,PVD,RI,ANE,EN,Combined TRACON& Tower with Radar,110,95,17,0,222,0,5,3,0,8,110,100,20,0,230,0,0,0,230
06/04/2007,PVD,RI,ANE,EN,Combined TRACON& Tower with Radar,132,94,25,2,253,0,0,0,0,0,132,94,25,2,253,0,0,0,253
06/05/2007,PVD,RI,ANE,EN,Combined TRACON& Tower with Radar,140,96,39,0,275,0,4,17,0,21,140,100,56,0,296,8,0,8,304
06/06/2007,PVD,RI,ANE,EN,Combined TRACON& Tower with Radar,139,92,29,0,260,0,21,50,0,71,139,113,79,0,331,4,0,4,335
06/07/2007,PVD,RI,ANE,EN,Combined TRACON& Tower with Radar,137,81,37,0,255,0,23,59,0,82,137,104,96,0,337,4,0,4,341
06/08/2007,PVD,RI,ANE,EN,Combined TRACON& Tower with Radar,126,106,27,0,259,0,21,30,0,51,126,127,57,0,310,4,0,4,314
06/09/2007,PVD,RI,ANE,EN,Combined TRACON& Tower with Radar,126,100,15,0,241,0,0,0,0,0,126,100,15,0,241,0,0,0,241
06/10/2007,PVD,RI,ANE,EN,Combined TRACON& Tower with Radar,122,87,20,3,232,0,30,37,0,67,122,117,57,3,299,0,0,0,299
06/11/2007,PVD,RI,ANE,EN,Combined TRACON& Tower with Radar,128,105,37,0,270,0,21,24,0,45,128,126,61,0,315,2,0,2,317
06/12/2007,PVD,RI,ANE,EN,Combined TRACON& Tower with Radar,127,104,35,2,268,0,2,21,0,23,127,106,56,2,291,2,0,2,293
06/13/2007,PVD,RI,ANE,EN,Combined TRACON& Tower with Radar,139,87,46,0,272,0,0,2,0,2,139,87,48,0,274,0,0,0,274
06/14/2007,PVD,RI,ANE,EN,Combined TRACON& Tower with Radar,146,95,45,1,287,0,3,35,0,38,146,98,80,1,325,2,0,2,327
06/15/2007,PVD,RI,ANE,EN,Combined TRACON& Tower with Radar,140,108,39,1,288,0,31,99,0,130,140,139,138,1,418,4,0,4,422
06/16/2007,PVD,RI,ANE,EN,Combined TRACON& Tower with Radar,112,80,9,0,201,0,29,71,0,100,112,109,80,0,301,0,0,0,301
06/17/2007,PVD,RI,ANE,EN,Combined TRACON& Tower with Radar,113,90,27,0,230,0,0,0,0,0,113,90,27,0,230,0,0,0,230
06/18/2007,PVD,RI,ANE,EN,Combined TRACON& Tower with Radar,126,87,25,0,238,0,38,58,0,96,126,125,83,0,334,0,0,0,334
06/19/2007,PVD,RI,ANE,EN,Combined TRACON& Tower with Radar,124,77,28,0,229,0,36,32,0,68,124,113,60,0,297,0,0,0,297
06/20/2007,PVD,RI,ANE,EN,Combined TRACON& Tower with Radar,139,100,44,2,285,0,6,14,0,20,139,106,58,2,305,0,0,0,305
06/21/2007,PVD,RI,ANE,EN,Combined TRACON& Tower with Radar,139,88,27,1,255,0,41,55,0,96,139,129,82,1,351,0,0,0,351
06/22/2007,PVD,RI,ANE,EN,Combined TRACON& Tower with Radar,136,96,25,0,257,0,44,34,0,78,136,140,59,0,335,12,0,12,347
06/23/2007,PVD,RI,ANE,EN,Combined TRACON& Tower with Radar,112,86,22,1,221,0,34,36,0,70,112,120,58,1,291,0,0,0,291
06/24/2007,PVD,RI,ANE,EN,Combined TRACON& Tower with Radar,119,77,25,1,222,0,41,63,0,104,119,118,88,1,326,0,0,0,326
06/25/2007,PVD,RI,ANE,EN,Combined TRACON& Tower with Radar,127,96,22,0,245,0,39,49,0,88,127,135,71,0,333,0,0,0,333
06/26/2007,PVD,RI,ANE,EN,Combined TRACON& Tower with Radar,140,98,45,0,283,0,29,33,3,65,140,127,78,3,348,6,0,6,354
06/27/2007,PVD,RI,ANE,EN,Combined TRACON& Tower with Radar,118,94,30,1,243,0,3,24,0,27,118,97,54,1,270,0,0,0,270
06/28/2007,PVD,RI,ANE,EN,Combined TRACON& Tower with Radar,122,123,21,1,267,0,0,0,0,0,122,123,21,1,267,0,0,0,267
06/29/2007,PVD,RI,ANE,EN,Combined TRACON& Tower with Radar,157,94,40,0,291,0,51,62,0,113,157,145,102,0,404,2,0,2,406
06/30/2007,PVD,RI,ANE,EN,Combined TRACON& Tower with Radar,113,81,32,0,226,0,44,63,0,107,113,125,95,0,333,2,0,2,335
07/01/2007,PVD,RI,ANE,EN,Combined TRACON& Tower with Radar,120,77,22,0,219,0,39,56,0,95,120,116,78,0,314,0,0,0,314
07/02/2007,PVD,RI,ANE,EN,Combined TRACON& Tower with Radar,132,82,18,0,232,0,42,36,0,78,132,124,54,0,310,0,0,0,310
07/03/2007,PVD,RI,ANE,EN,Combined TRACON& Tower with Radar,138,77,21,0,236,0,35,53,0,88,138,112,74,0,324,22,0,22,346
07/04/2007,PVD,RI,ANE,EN,Combined TRACON& Tower with Radar,114,61,14,0,189,0,27,20,0,47,114,88,34,0,236,0,0,0,236
07/05/2007,PVD,RI,ANE,EN,Combined TRACON& Tower with Radar,133,115,25,0,273,0,1,4,0,5,133,116,29,0,278,0,0,0,278
07/06/2007,PVD,RI,ANE,EN,Combined TRACON& Tower with Radar,140,104,30,1,275,0,16,30,1,47,140,120,60,2,322,0,0,0,322
07/07/2007,PVD,RI,ANE,EN,Combined TRACON& Tower with Radar,117,68,15,0,200,0,46,49,0,95,117,114,64,0,295,0,0,0,295
07/08/2007,PVD,RI,ANE,EN,Combined TRACON& Tower with Radar,121,76,28,0,225,0,50,47,0,97,121,126,75,0,322,4,0,4,326
07/09/2007,PVD,RI,ANE,EN,Combined TRACON& Tower with Radar,129,103,35,2,269,0,4,21,0,25,129,107,56,2,294,0,0,0,294
07/10/2007,PVD,RI,ANE,EN,Combined TRACON& Tower with Radar,140,92,22,2,256,0,2,18,0,20,140,94,40,2,276,0,0,0,276
07/11/2007,PVD,RI,ANE,EN,Combined TRACON& Tower with Radar,136,90,44,0,270,0,0,6,0,6,136,90,50,0,276,0,0,0,276
07/12/2007,PVD,RI,ANE,EN,Combined TRACON& Tower with Radar,142,80,48,2,272,0,33,64,0,97,142,113,112,2,369,4,0,4,373
07/13/2007,PVD,RI,ANE,EN,Combined TRACON& Tower with Radar,140,80,31,0,251,0,37,77,0,114,140,117,108,0,365,8,0,8,373
07/14/2007,PVD,RI,ANE,EN,Combined TRACON& Tower with Radar,113,62,25,2,202,0,27,50,2,79,113,89,75,4,281,2,0,2,283
07/15/2007,PVD,RI,ANE,EN,Combined TRACON& Tower with Radar,115,80,19,0,214,0,26,29,0,55,115,106,48,0,269,4,0,4,273
07/16/2007,PVD,RI,ANE,EN,Combined TRACON& Tower with Radar,134,96,26,0,256,0,14,40,0,54,134,110,66,0,310,0,0,0,310
07/17/2007,PVD,RI,ANE,EN,Combined TRACON& Tower with Radar,134,87,29,0,250,0,20,60,0,80,134,107,89,0,330,6,0,6,336
07/18/2007,PVD,RI,ANE,EN,Combined TRACON& Tower with Radar,133,92,22,0,247,0,0,2,0,2,133,92,24,0,249,0,0,0,249
07/19/2007,PVD,RI,ANE,EN,Combined TRACON& Tower with Radar,130,101,43,0,274,0,5,32,0,37,130,106,75,0,311,0,0,0,311
07/20/2007,PVD,RI,ANE,EN,Combined TRACON& Tower with Radar,146,90,39,0,275,0,23,38,0,61,146,113,77,0,336,2,0,2,338
07/21/2007,PVD,RI,ANE,EN,Combined TRACON& Tower with Radar,116,60,18,0,194,0,28,52,0,80,116,88,70,0,274,6,0,6,280
07/22/2007,PVD,RI,ANE,EN,Combined TRACON& Tower with Radar,119,66,31,0,216,0,31,81,0,112,119,97,112,0,328,0,0,0,328
07/23/2007,PVD,RI,ANE,EN,Combined TRACON& Tower with Radar,133,109,46,0,288,0,0,0,0,0,133,109,46,0,288,0,0,0,288
07/24/2007,PVD,RI,ANE,EN,Combined TRACON& Tower with Radar,144,73,24,0,241,0,21,50,0,71,144,94,74,0,312,6,0,6,318
07/25/2007,PVD,RI,ANE,EN,Combined TRACON& Tower with Radar,140,72,36,0,248,0,34,40,0,74,140,106,76,0,322,8,0,8,330
07/26/2007,PVD,RI,ANE,EN,Combined TRACON& Tower with Radar,136,74,29,0,239,0,30,49,0,79,136,104,78,0,318,6,0,6,324
07/27/2007,PVD,RI,ANE,EN,Combined TRACON& Tower with Radar,132,106,30,0,268,0,5,37,0,42,132,111,67,0,310,0,0,0,310
07/28/2007,PVD,RI,ANE,EN,Combined TRACON& Tower with Radar,136,90,33,2,261,0,3,11,0,14,136,93,44,2,275,0,0,0,275
07/29/2007,PVD,RI,ANE,EN,Combined TRACON& Tower with Radar,104,84,31,0,219,0,0,8,0,8,104,84,39,0,227,0,0,0,227
07/30/2007,PVD,RI,ANE,EN,Combined TRACON& Tower with Radar,133,90,27,0,250,0,14,29,0,43,133,104,56,0,293,0,0,0,293
07/31/2007,PVD,RI,ANE,EN,Combined TRACON& Tower with Radar,140,86,24,0,250,0,5,24,0,29,140,91,48,0,279,0,0,0,279
08/01/2007,PVD,RI,ANE,EN,Combined TRACON& Tower with Radar,140,84,31,0,255,0,31,57,0,88,140,115,88,0,343,18,0,18,361
08/02/2007,PVD,RI,ANE,EN,Combined TRACON& Tower with Radar,138,73,34,0,245,0,32,61,0,93,138,105,95,0,338,0,0,0,338
08/03/2007,PVD,RI,ANE,EN,Combined TRACON& Tower with Radar,141,72,27,0,240,0,35,58,0,93,141,107,85,0,333,0,0,0,333
08/04/2007,PVD,RI,ANE,EN,Combined TRACON& Tower with Radar,116,100,12,0,228,0,7,37,0,44,116,107,49,0,272,0,0,0,272
08/05/2007,PVD,RI,ANE,EN,Combined TRACON& Tower with Radar,118,64,18,0,200,0,32,58,0,90,118,96,76,0,290,6,0,6,296
08/06/2007,PVD,RI,ANE,EN,Combined TRACON& Tower with Radar,134,89,37,0,260,0,11,6,0,17,134,100,43,0,277,8,0,8,285
08/07/2007,PVD,RI,ANE,EN,Combined TRACON& Tower with Radar,150,118,43,0,311,0,2,19,0,21,150,120,62,0,332,6,0,6,338
08/08/2007,PVD,RI,ANE,EN,Combined TRACON& Tower with Radar,139,93,22,0,254,0,3,5,0,8,139,96,27,0,262,0,0,0,262
08/09/2007,PVD,RI,ANE,EN,Combined TRACON& Tower with Radar,110,74,56,0,240,0,30,65,0,95,110,104,121,0,335,8,0,8,343
08/10/2007,PVD,RI,ANE,EN,Combined TRACON& Tower with Radar,136,92,18,5,251,1,14,10,0,25,137,106,28,5,276,0,0,0,276
08/11/2007,PVD,RI,ANE,EN,Combined TRACON& Tower with Radar,114,71,20,0,205,0,36,49,0,85,114,107,69,0,290,0,0,0,290
08/12/2007,PVD,RI,ANE,EN,Combined TRACON& Tower with Radar,123,70,20,0,213,0,34,47,0,81,123,104,67,0,294,0,0,0,294
08/13/2007,PVD,RI,ANE,EN,Combined TRACON& Tower with Radar,132,76,31,0,239,0,35,52,0,87,132,111,83,0,326,0,0,0,326
08/14/2007,PVD,RI,ANE,EN,Combined TRACON& Tower with Radar,142,72,22,0,236,0,26,51,0,77,142,98,73,0,313,0,0,0,313
08/15/2007,PVD,RI,ANE,EN,Combined TRACON& Tower with Radar,135,72,41,2,250,0,30,26,0,56,135,102,67,2,306,4,0,4,310
08/16/2007,PVD,RI,ANE,EN,Combined TRACON& Tower with Radar,141,91,47,0,279,0,15,32,0,47,141,106,79,0,326,0,0,0,326
08/17/2007,PVD,RI,ANE,EN,Combined TRACON& Tower with Radar,140,78,42,0,260,0,26,47,0,73,140,104,89,0,333,0,0,0,333
08/18/2007,PVD,RI,ANE,EN,Combined TRACON& Tower with Radar,120,70,22,0,212,0,29,53,0,82,120,99,75,0,294,4,0,4,298
08/19/2007,PVD,RI,ANE,EN,Combined TRACON& Tower with Radar,118,68,19,0,205,0,37,55,0,92,118,105,74,0,297,0,0,0,297
08/20/2007,PVD,RI,ANE,EN,Combined TRACON& Tower with Radar,121,81,31,0,233,0,32,52,0,84,121,113,83,0,317,0,0,0,317
08/21/2007,PVD,RI,ANE,EN,Combined TRACON& Tower with Radar,136,67,32,0,235,0,26,45,0,71,136,93,77,0,306,14,0,14,320
08/22/2007,PVD,RI,ANE,EN,Combined TRACON& Tower with Radar,134,75,28,0,237,0,25,51,2,78,134,100,79,2,315,10,0,10,325
08/23/2007,PVD,RI,ANE,EN,Combined TRACON& Tower with Radar,141,85,40,0,266,0,0,0,0,0,141,85,40,0,266,4,0,4,270
08/24/2007,PVD,RI,ANE,EN,Combined TRACON& Tower with Radar,134,94,34,2,264,0,14,42,0,56,134,108,76,2,320,0,0,0,320
08/25/2007,PVD,RI,ANE,EN,Combined TRACON& Tower with Radar,112,84,27,0,223,0,0,5,0,5,112,84,32,0,228,0,0,0,228
08/26/2007,PVD,RI,ANE,EN,Combined TRACON& Tower with Radar,120,73,26,0,219,0,27,24,0,51,120,100,50,0,270,0,0,0,270
08/27/2007,PVD,RI,ANE,EN,Combined TRACON& Tower with Radar,137,67,19,0,223,1,38,48,0,87,138,105,67,0,310,0,0,0,310
08/28/2007,PVD,RI,ANE,EN,Combined TRACON& Tower with Radar,142,76,19,4,241,0,28,67,0,95,142,104,86,4,336,8,0,8,344
08/29/2007,PVD,RI,ANE,EN,Combined TRACON& Tower with Radar,135,80,41,2,258,0,27,67,0,94,135,107,108,2,352,2,0,2,354
08/30/2007,PVD,RI,ANE,EN,Combined TRACON& Tower with Radar,141,77,40,2,260,0,29,45,0,74,141,106,85,2,334,12,0,12,346
08/31/2007,PVD,RI,ANE,EN,Combined TRACON& Tower with Radar,141,98,43,0,282,0,10,24,1,35,141,108,67,1,317,0,0,0,317
09/01/2007,PVD,RI,ANE,EN,Combined TRACON& Tower with Radar,108,69,21,2,200,0,23,44,0,67,108,92,65,2,267,0,0,0,267
09/02/2007,PVD,RI,ANE,EN,Combined TRACON& Tower with Radar,95,63,17,1,176,0,26,46,0,72,95,89,63,1,248,0,0,0,248
09/03/2007,PVD,RI,ANE,EN,Combined TRACON& Tower with Radar,130,88,37,1,256,0,40,55,0,95,130,128,92,1,351,0,0,0,351
09/04/2007,PVD,RI,ANE,EN,Combined TRACON& Tower with Radar,140,72,23,0,235,0,33,38,0,71,140,105,61,0,306,0,0,0,306
09/05/2007,PVD,RI,ANE,EN,Combined TRACON& Tower with Radar,136,77,27,0,240,0,27,37,0,64,136,104,64,0,304,12,0,12,316
09/06/2007,PVD,RI,ANE,EN,Combined TRACON& Tower with Radar,131,84,29,2,246,0,31,33,2,66,131,115,62,4,312,0,0,0,312
09/07/2007,PVD,RI,ANE,EN,Combined TRACON& Tower with Radar,128,94,27,3,252,0,27,42,0,69,128,121,69,3,321,4,0,4,325
09/08/2007,PVD,RI,ANE,EN,Combined TRACON& Tower with Radar,108,74,28,1,211,0,22,40,0,62,108,96,68,1,273,2,0,2,275
09/09/2007,PVD,RI,ANE,EN,Combined TRACON& Tower with Radar,115,108,29,0,252,0,2,1,0,3,115,110,30,0,255,4,0,4,259
09/10/2007,PVD,RI,ANE,EN,Combined TRACON& Tower with Radar,125,114,35,0,274,0,0,0,0,0,125,114,35,0,274,8,0,8,282
09/11/2007,PVD,RI,ANE,EN,Combined TRACON& Tower with Radar,132,110,33,0,275,0,0,0,0,0,132,110,33,0,275,0,0,0,275
09/12/2007,PVD,RI,ANE,EN,Combined TRACON& Tower with Radar,127,77,24,0,228,0,23,41,0,64,127,100,65,0,292,0,0,0,292
09/13/2007,PVD,RI,ANE,EN,Combined TRACON& Tower with Radar,132,83,24,0,239,0,26,60,3,89,132,109,84,3,328,0,0,0,328
09/14/2007,PVD,RI,ANE,EN,Combined TRACON& Tower with Radar,130,93,28,2,253,0,29,57,0,86,130,122,85,2,339,0,0,0,339
09/15/2007,PVD,RI,ANE,EN,Combined TRACON& Tower with Radar,110,86,22,2,220,0,4,7,0,11,110,90,29,2,231,26,0,26,257
09/16/2007,PVD,RI,ANE,EN,Combined TRACON& Tower with Radar,122,81,20,2,225,0,38,60,0,98,122,119,80,2,323,12,0,12,335
09/17/2007,PVD,RI,ANE,EN,Combined TRACON& Tower with Radar,126,95,21,0,242,0,32,42,0,74,126,127,63,0,316,0,0,0,316
09/18/2007,PVD,RI,ANE,EN,Combined TRACON& Tower with Radar,132,82,29,0,243,0,21,48,0,69,132,103,77,0,312,0,0,0,312
09/19/2007,PVD,RI,ANE,EN,Combined TRACON& Tower with Radar,134,106,39,2,281,0,1,25,0,26,134,107,64,2,307,0,0,0,307
09/20/2007,PVD,RI,ANE,EN,Combined TRACON& Tower with Radar,133,90,22,0,245,0,21,41,0,62,133,111,63,0,307,4,0,4,311
09/21/2007,PVD,RI,ANE,EN,Combined TRACON& Tower with Radar,130,106,22,0,258,0,9,37,1,47,130,115,59,1,305,0,0,0,305
09/22/2007,PVD,RI,ANE,EN,Combined TRACON& Tower with Radar,108,86,26,2,222,0,0,17,0,17,108,86,43,2,239,0,0,0,239
09/23/2007,PVD,RI,ANE,EN,Combined TRACON& Tower with Radar,113,80,27,0,220,0,38,61,0,99,113,118,88,0,319,24,0,24,343
09/24/2007,PVD,RI,ANE,EN,Combined TRACON& Tower with Radar,127,83,39,2,251,0,28,40,0,68,127,111,79,2,319,6,0,6,325
09/25/2007,PVD,RI,ANE,EN,Combined TRACON& Tower with Radar,126,90,43,2,261,0,14,34,1,49,126,104,77,3,310,4,0,4,314
09/26/2007,PVD,RI,ANE,EN,Combined TRACON& Tower with Radar,128,87,35,0,250,0,19,31,0,50,128,106,66,0,300,0,0,0,300
09/27/2007,PVD,RI,ANE,EN,Combined TRACON& Tower with Radar,121,104,46,0,271,0,3,13,0,16,121,107,59,0,287,0,0,0,287
09/28/2007,PVD,RI,ANE,EN,Combined TRACON& Tower with Radar,119,112,43,0,274,0,8,20,0,28,119,120,63,0,302,6,0,6,308
09/29/2007,PVD,RI,ANE,EN,Combined TRACON& Tower with Radar,110,71,12,0,193,0,22,44,0,66,110,93,56,0,259,0,0,0,259
09/30/2007,PVD,RI,ANE,EN,Combined TRACON& Tower with Radar,115,77,21,0,213,0,32,56,0,88,115,109,77,0,301,10,0,10,311
10/01/2007,PVD,RI,ANE,EN,Combined TRACON& Tower with Radar,128,84,23,0,235,0,25,45,0,70,128,109,68,0,305,0,0,0,305
10/02/2007,PVD,RI,ANE,EN,Combined TRACON& Tower with Radar,136,91,34,0,261,0,12,40,4,56,136,103,74,4,317,0,0,0,317
10/03/2007,PVD,RI,ANE,EN,Combined TRACON& Tower with Radar,132,109,39,6,286,0,0,0,0,0,132,109,39,6,286,2,0,2,288
10/04/2007,PVD,RI,ANE,EN,Combined TRACON& Tower with Radar,134,105,38,0,277,0,5,25,1,31,134,110,63,1,308,0,0,0,308
10/05/2007,PVD,RI,ANE,EN,Combined TRACON& Tower with Radar,122,114,21,0,257,0,12,16,0,28,122,126,37,0,285,0,0,0,285
10/06/2007,PVD,RI,ANE,EN,Combined TRACON& Tower with Radar,104,71,35,2,212,0,5,16,0,21,104,76,51,2,233,0,0,0,233
10/07/2007,PVD,RI,ANE,EN,Combined TRACON& Tower with Radar,112,89,33,0,234,0,12,14,0,26,112,101,47,0,260,16,0,16,276
10/08/2007,PVD,RI,ANE,EN,Combined TRACON& Tower with Radar,122,114,40,1,277,0,2,10,1,13,122,116,50,2,290,0,0,0,290
10/09/2007,PVD,RI,ANE,EN,Combined TRACON& Tower with Radar,123,80,27,2,232,0,4,26,0,30,123,84,53,2,262,2,0,2,264
10/10/2007,PVD,RI,ANE,EN,Combined TRACON& Tower with Radar,134,77,38,0,249,0,0,0,0,0,134,77,38,0,249,0,0,0,249
10/11/2007,PVD,RI,ANE,EN,Combined TRACON& Tower with Radar,126,76,33,0,235,0,0,0,0,0,126,76,33,0,235,2,0,2,237
10/12/2007,PVD,RI,ANE,EN,Combined TRACON& Tower with Radar,133,90,34,1,258,0,0,9,0,9,133,90,43,1,267,0,0,0,267
10/13/2007,PVD,RI,ANE,EN,Combined TRACON& Tower with Radar,137,92,35,1,265,0,0,9,0,9,137,92,44,1,274,2,0,2,276
10/14/2007,PVD,RI,ANE,EN,Combined TRACON& Tower with Radar,114,74,20,0,208,0,1,30,0,31,114,75,50,0,239,6,0,6,245
10/15/2007,PVD,RI,ANE,EN,Combined TRACON& Tower with Radar,122,86,29,0,237,0,0,27,0,27,122,86,56,0,264,0,0,0,264
10/16/2007,PVD,RI,ANE,EN,Combined TRACON& Tower with Radar,130,84,35,0,249,0,0,53,0,53,130,84,88,0,302,14,0,14,316
10/17/2007,PVD,RI,ANE,EN,Combined TRACON& Tower with Radar,134,80,41,0,255,0,0,31,0,31,134,80,72,0,286,10,0,10,296
10/18/2007,PVD,RI,ANE,EN,Combined TRACON& Tower with Radar,122,84,45,0,251,0,0,12,0,12,122,84,57,0,263,0,0,0,263
10/19/2007,PVD,RI,ANE,EN,Combined TRACON& Tower with Radar,121,71,30,0,222,0,0,0,0,0,121,71,30,0,222,0,0,0,222
10/20/2007,PVD,RI,ANE,EN,Combined TRACON& Tower with Radar,111,72,11,0,194,0,0,30,2,32,111,72,41,2,226,0,0,0,226
10/21/2007,PVD,RI,ANE,EN,Combined TRACON& Tower with Radar,104,66,19,0,189,0,0,41,0,41,104,66,60,0,230,1,0,1,231
10/22/2007,PVD,RI,ANE,EN,Combined TRACON& Tower with Radar,123,87,28,0,238,0,1,48,1,50,123,88,76,1,288,0,0,0,288
10/23/2007,PVD,RI,ANE,EN,Combined TRACON& Tower with Radar,132,78,28,0,238,0,0,0,0,0,132,78,28,0,238,0,0,0,238
10/24/2007,PVD,RI,ANE,EN,Combined TRACON& Tower with Radar,128,76,41,4,249,0,0,0,0,0,128,76,41,4,249,0,0,0,249
10/25/2007,PVD,RI,ANE,EN,Combined TRACON& Tower with Radar,124,77,44,4,249,0,0,0,0,0,124,77,44,4,249,8,0,8,257
10/26/2007,PVD,RI,ANE,EN,Combined TRACON& Tower with Radar,127,88,88,0,303,0,0,0,0,0,127,88,88,0,303,4,0,4,307
10/27/2007,PVD,RI,ANE,EN,Combined TRACON& Tower with Radar,112,69,26,0,207,0,0,2,0,2,112,69,28,0,209,0,0,0,209
10/28/2007,PVD,RI,ANE,EN,Combined TRACON& Tower with Radar,110,81,30,0,221,0,2,39,0,41,110,83,69,0,262,0,0,0,262
10/29/2007,PVD,RI,ANE,EN,Combined TRACON& Tower with Radar,124,90,24,0,238,0,0,35,0,35,124,90,59,0,273,6,0,6,279
10/30/2007,PVD,RI,ANE,EN,Combined TRACON& Tower with Radar,134,82,32,0,248,0,0,0,0,0,134,82,32,0,248,0,0,0,248
10/31/2007,PVD,RI,ANE,EN,Combined TRACON& Tower with Radar,134,74,28,3,239,0,2,38,0,40,134,76,66,3,279,6,0,6,285
11/01/2007,PVD,RI,ANE,EN,Combined TRACON& Tower with Radar,133,80,37,0,250,0,0,22,0,22,133,80,59,0,272,0,0,0,272
11/02/2007,PVD,RI,ANE,EN,Combined TRACON& Tower with Radar,131,77,30,0,238,0,3,45,0,48,131,80,75,0,286,2,0,2,288
11/03/2007,PVD,RI,ANE,EN,Combined TRACON& Tower with Radar,113,44,3,0,160,0,0,0,0,0,113,44,3,0,160,0,0,0,160
11/04/2007,PVD,RI,ANE,EN,Combined TRACON& Tower with Radar,117,79,18,0,214,0,0,39,0,39,117,79,57,0,253,16,0,16,269
11/05/2007,PVD,RI,ANE,EN,Combined TRACON& Tower with Radar,133,79,30,0,242,0,2,40,5,47,133,81,70,5,289,22,0,22,311
11/06/2007,PVD,RI,ANE,EN,Combined TRACON& Tower with Radar,138,80,21,0,239,0,0,4,0,4,138,80,25,0,243,8,0,8,251
11/07/2007,PVD,RI,ANE,EN,Combined TRACON& Tower with Radar,134,102,46,0,282,0,12,39,1,52,134,114,85,1,334,10,0,10,344
11/08/2007,PVD,RI,ANE,EN,Combined TRACON& Tower with Radar,134,92,40,2,268,0,4,35,0,39,134,96,75,2,307,15,0,15,322
11/09/2007,PVD,RI,ANE,EN,Combined TRACON& Tower with Radar,132,72,28,0,232,0,0,21,0,21,132,72,49,0,253,4,0,4,257
11/10/2007,PVD,RI,ANE,EN,Combined TRACON& Tower with Radar,111,58,11,0,180,0,0,24,0,24,111,58,35,0,204,6,0,6,210
11/11/2007,PVD,RI,ANE,EN,Combined TRACON& Tower with Radar,118,84,16,0,218,0,0,52,0,52,118,84,68,0,270,4,0,4,274
11/12/2007,PVD,RI,ANE,EN,Combined TRACON& Tower with Radar,128,74,27,0,229,0,1,35,0,36,128,75,62,0,265,34,0,34,299
11/13/2007,PVD,RI,ANE,EN,Combined TRACON& Tower with Radar,136,76,34,0,246,0,0,0,0,0,136,76,34,0,246,2,0,2,248
11/14/2007,PVD,RI,ANE,EN,Combined TRACON& Tower with Radar,132,94,22,0,248,0,0,0,0,0,132,94,22,0,248,0,0,0,248
11/15/2007,PVD,RI,ANE,EN,Combined TRACON& Tower with Radar,133,79,22,0,234,0,0,0,0,0,133,79,22,0,234,4,0,4,238
11/16/2007,PVD,RI,ANE,EN,Combined TRACON& Tower with Radar,128,75,17,0,220,0,0,7,0,7,128,75,24,0,227,0,0,0,227
11/17/2007,PVD,RI,ANE,EN,Combined TRACON& Tower with Radar,112,58,17,0,187,0,0,33,0,33,112,58,50,0,220,6,0,6,226
11/18/2007,PVD,RI,ANE,EN,Combined TRACON& Tower with Radar,115,76,8,0,199,0,1,45,0,46,115,77,53,0,245,0,0,0,245
11/19/2007,PVD,RI,ANE,EN,Combined TRACON& Tower with Radar,128,72,30,0,230,0,0,23,1,24,128,72,53,1,254,2,0,2,256
11/20/2007,PVD,RI,ANE,EN,Combined TRACON& Tower with Radar,142,86,30,0,258,0,0,0,0,0,142,86,30,0,258,0,0,0,258
11/21/2007,PVD,RI,ANE,EN,Combined TRACON& Tower with Radar,138,84,25,0,247,0,0,0,0,0,138,84,25,0,247,0,0,0,247
11/22/2007,PVD,RI,ANE,EN,Combined TRACON& Tower with Radar,95,52,6,0,153,0,0,7,0,7,95,52,13,0,160,0,0,0,160
11/23/2007,PVD,RI,ANE,EN,Combined TRACON& Tower with Radar,114,57,9,0,180,0,0,36,0,36,114,57,45,0,216,34,0,34,250
11/24/2007,PVD,RI,ANE,EN,Combined TRACON& Tower with Radar,112,55,9,0,176,0,1,52,0,53,112,56,61,0,229,6,0,6,235
11/25/2007,PVD,RI,ANE,EN,Combined TRACON& Tower with Radar,121,81,31,0,233,0,4,47,0,51,121,85,78,0,284,0,0,0,284
11/26/2007,PVD,RI,ANE,EN,Combined TRACON& Tower with Radar,122,70,23,0,215,0,0,0,0,0,122,70,23,0,215,0,0,0,215
11/27/2007,PVD,RI,ANE,EN,Combined TRACON& Tower with Radar,142,78,24,0,244,0,0,21,0,21,142,78,45,0,265,0,0,0,265
11/28/2007,PVD,RI,ANE,EN,Combined TRACON& Tower with Radar,132,78,25,0,235,0,6,43,0,49,132,84,68,0,284,10,0,10,294
11/29/2007,PVD,RI,ANE,EN,Combined TRACON& Tower with Radar,134,86,16,0,236,0,19,12,0,31,134,105,28,0,267,14,0,14,281
11/30/2007,PVD,RI,ANE,EN,Combined TRACON& Tower with Radar,129,67,18,0,214,0,0,28,0,28,129,67,46,0,242,12,0,12,254
12/01/2007,PVD,RI,ANE,EN,Combined TRACON& Tower with Radar,105,51,3,0,159,0,0,13,1,14,105,51,16,1,173,0,0,0,173
12/02/2007,PVD,RI,ANE,EN,Combined TRACON& Tower with Radar,112,65,10,0,187,0,1,18,0,19,112,66,28,0,206,0,0,0,206
12/03/2007,PVD,RI,ANE,EN,Combined TRACON& Tower with Radar,128,80,24,0,232,0,0,1,0,1,128,80,25,0,233,0,0,0,233
12/04/2007,PVD,RI,ANE,EN,Combined TRACON& Tower with Radar,132,78,16,0,226,0,0,10,0,10,132,78,26,0,236,0,0,0,236
12/05/2007,PVD,RI,ANE,EN,Combined TRACON& Tower with Radar,126,83,33,2,244,0,0,0,0,0,126,83,33,2,244,0,0,0,244
12/06/2007,PVD,RI,ANE,EN,Combined TRACON& Tower with Radar,135,88,29,0,252,0,0,36,0,36,135,88,65,0,288,2,0,2,290
12/07/2007,PVD,RI,ANE,EN,Combined TRACON& Tower with Radar,128,82,21,0,231,0,0,16,0,16,128,82,37,0,247,8,0,8,255
12/08/2007,PVD,RI,ANE,EN,Combined TRACON& Tower with Radar,107,52,24,0,183,0,0,36,0,36,107,52,60,0,219,0,0,0,219
12/09/2007,PVD,RI,ANE,EN,Combined TRACON& Tower with Radar,105,67,31,0,203,0,0,40,0,40,105,67,71,0,243,0,0,0,243
12/10/2007,PVD,RI,ANE,EN,Combined TRACON& Tower with Radar,130,76,30,0,236,0,0,0,0,0,130,76,30,0,236,0,0,0,236
12/11/2007,PVD,RI,ANE,EN,Combined TRACON& Tower with Radar,136,71,33,0,240,0,0,0,0,0,136,71,33,0,240,0,0,0,240
12/12/2007,PVD,RI,ANE,EN,Combined TRACON& Tower with Radar,138,74,43,1,256,0,0,15,1,16,138,74,58,2,272,2,0,2,274
12/13/2007,PVD,RI,ANE,EN,Combined TRACON& Tower with Radar,76,40,21,0,137,0,0,7,0,7,76,40,28,0,144,4,0,4,148
12/14/2007,PVD,RI,ANE,EN,Combined TRACON& Tower with Radar,125,75,32,0,232,0,0,18,0,18,125,75,50,0,250,0,0,0,250
12/15/2007,PVD,RI,ANE,EN,Combined TRACON& Tower with Radar,101,64,8,0,173,0,0,27,0,27,101,64,35,0,200,0,0,0,200
12/16/2007,PVD,RI,ANE,EN,Combined TRACON& Tower with Radar,76,25,4,0,105,0,0,1,0,1,76,25,5,0,106,0,0,0,106
12/17/2007,PVD,RI,ANE,EN,Combined TRACON& Tower with Radar,125,73,23,2,223,0,0,0,0,0,125,73,23,2,223,0,0,0,223
12/18/2007,PVD,RI,ANE,EN,Combined TRACON& Tower with Radar,136,85,24,0,245,0,2,37,0,39,136,87,61,0,284,6,0,6,290
12/19/2007,PVD,RI,ANE,EN,Combined TRACON& Tower with Radar,140,88,24,0,252,0,0,17,0,17,140,88,41,0,269,0,0,0,269
12/20/2007,PVD,RI,ANE,EN,Combined TRACON& Tower with Radar,136,94,20,0,250,0,0,0,0,0,136,94,20,0,250,0,0,0,250
12/21/2007,PVD,RI,ANE,EN,Combined TRACON& Tower with Radar,136,84,27,0,247,0,2,3,0,5,136,86,30,0,252,0,0,0,252
12/22/2007,PVD,RI,ANE,EN,Combined TRACON& Tower with Radar,106,67,11,0,184,0,0,30,0,30,106,67,41,0,214,6,10,16,230
12/23/2007,PVD,RI,ANE,EN,Combined TRACON& Tower with Radar,107,69,16,0,192,0,0,2,0,2,107,69,18,0,194,0,0,0,194
12/24/2007,PVD,RI,ANE,EN,Combined TRACON& Tower with Radar,90,54,6,0,150,0,0,0,0,0,90,54,6,0,150,0,0,0,150
12/25/2007,PVD,RI,ANE,EN,Combined TRACON& Tower with Radar,92,42,5,0,139,0,0,6,0,6,92,42,11,0,145,0,0,0,145
12/26/2007,PVD,RI,ANE,EN,Combined TRACON& Tower with Radar,125,78,24,0,227,0,0,38,0,38,125,78,62,0,265,0,0,0,265
12/27/2007,PVD,RI,ANE,EN,Combined TRACON& Tower with Radar,126,72,15,0,213,0,0,0,0,0,126,72,15,0,213,0,0,0,213
12/28/2007,PVD,RI,ANE,EN,Combined TRACON& Tower with Radar,126,72,15,0,213,0,0,0,0,0,126,72,15,0,213,0,0,0,213
12/29/2007,PVD,RI,ANE,EN,Combined TRACON& Tower with Radar,110,60,14,0,184,0,0,7,0,7,110,60,21,0,191,0,0,0,191
12/30/2007,PVD,RI,ANE,EN,Combined TRACON& Tower with Radar,103,75,23,0,201,0,0,56,0,56,103,75,79,0,257,2,0,2,259
12/31/2007,PVD,RI,ANE,EN,Combined TRACON& Tower with Radar,102,54,2,0,158,0,0,9,0,9,102,54,11,0,167,0,0,0,167
01/01/2008,PVD,RI,ANE,EN,Combined TRACON& Tower with Radar,110,44,18,0,172,0,0,2,0,2,110,44,20,0,174,6,0,6,180
01/02/2008,PVD,RI,ANE,EN,Combined TRACON& Tower with Radar,132,65,10,0,207,0,2,1,0,3,132,67,11,0,210,0,0,0,210
01/03/2008,PVD,RI,ANE,EN,Combined TRACON& Tower with Radar,133,68,16,0,217,0,0,14,0,14,133,68,30,0,231,14,0,14,245
01/04/2008,PVD,RI,ANE,EN,Combined TRACON& Tower with Radar,121,70,26,0,217,0,0,22,0,22,121,70,48,0,239,0,0,0,239
01/05/2008,PVD,RI,ANE,EN,Combined TRACON& Tower with Radar,97,53,20,0,170,0,0,50,0,50,97,53,70,0,220,0,0,0,220
01/06/2008,PVD,RI,ANE,EN,Combined TRACON& Tower with Radar,111,67,20,0,198,0,0,43,0,43,111,67,63,0,241,4,0,4,245
01/07/2008,PVD,RI,ANE,EN,Combined TRACON& Tower with Radar,117,79,21,0,217,0,0,36,0,36,117,79,57,0,253,6,0,6,259
01/08/2008,PVD,RI,ANE,EN,Combined TRACON& Tower with Radar,122,75,20,0,217,0,0,42,0,42,122,75,62,0,259,6,0,6,265
01/09/2008,PVD,RI,ANE,EN,Combined TRACON& Tower with Radar,122,83,36,0,241,0,0,3,0,3,122,83,39,0,244,0,0,0,244
01/10/2008,PVD,RI,ANE,EN,Combined TRACON& Tower with Radar,128,71,29,0,228,0,0,49,0,49,128,71,78,0,277,8,0,8,285
01/11/2008,PVD,RI,ANE,EN,Combined TRACON& Tower with Radar,126,86,6,0,218,0,0,0,0,0,126,86,6,0,218,0,0,0,218
01/12/2008,PVD,RI,ANE,EN,Combined TRACON& Tower with Radar,101,63,25,0,189,0,0,55,0,55,101,63,80,0,244,13,0,13,257
01/13/2008,PVD,RI,ANE,EN,Combined TRACON& Tower with Radar,103,73,28,0,204,0,0,32,0,32,103,73,60,0,236,4,0,4,240
01/14/2008,PVD,RI,ANE,EN,Combined TRACON& Tower with Radar,112,56,9,0,177,0,0,0,0,0,112,56,9,0,177,0,0,0,177
01/15/2008,PVD,RI,ANE,EN,Combined TRACON& Tower with Radar,126,71,14,0,211,0,0,26,0,26,126,71,40,0,237,30,0,30,267
01/16/2008,PVD,RI,ANE,EN,Combined TRACON& Tower with Radar,121,77,20,0,218,0,0,36,0,36,121,77,56,0,254,0,0,0,254
01/17/2008,PVD,RI,ANE,EN,Combined TRACON& Tower with Radar,118,66,22,0,206,0,0,18,0,18,118,66,40,0,224,0,0,0,224
01/18/2008,PVD,RI,ANE,EN,Combined TRACON& Tower with Radar,126,65,18,0,209,0,1,7,1,9,126,66,25,1,218,0,0,0,218
01/19/2008,PVD,RI,ANE,EN,Combined TRACON& Tower with Radar,94,52,11,0,157,0,0,41,0,41,94,52,52,0,198,0,0,0,198
01/20/2008,PVD,RI,ANE,EN,Combined TRACON& Tower with Radar,102,67,21,0,190,0,0,19,0,19,102,67,40,0,209,0,0,0,209
01/21/2008,PVD,RI,ANE,EN,Combined TRACON& Tower with Radar,119,82,38,0,239,0,0,29,0,29,119,82,67,0,268,2,0,2,270
01/22/2008,PVD,RI,ANE,EN,Combined TRACON& Tower with Radar,118,83,38,0,239,0,0,29,0,29,118,83,67,0,268,0,0,0,268
01/23/2008,PVD,RI,ANE,EN,Combined TRACON& Tower with Radar,121,75,26,0,222,0,0,44,0,44,121,75,70,0,266,0,0,0,266
01/24/2008,PVD,RI,ANE,EN,Combined TRACON& Tower with Radar,130,74,33,2,239,0,0,0,0,0,130,74,33,2,239,2,2,4,243
01/25/2008,PVD,RI,ANE,EN,Combined TRACON& Tower with Radar,122,80,13,0,215,0,0,25,0,25,122,80,38,0,240,4,0,4,244
01/26/2008,PVD,RI,ANE,EN,Combined TRACON& Tower with Radar,98,56,12,0,166,0,0,44,0,44,98,56,56,0,210,2,0,2,212
01/27/2008,PVD,RI,ANE,EN,Combined TRACON& Tower with Radar,99,76,12,0,187,0,0,0,0,0,99,76,12,0,187,0,0,0,187
01/28/2008,PVD,RI,ANE,EN,Combined TRACON& Tower with Radar,118,76,25,0,219,0,2,11,0,13,118,78,36,0,232,2,0,2,234
01/29/2008,PVD,RI,ANE,EN,Combined TRACON& Tower with Radar,119,78,18,0,215,0,0,22,1,23,119,78,40,1,238,0,0,0,238
01/30/2008,PVD,RI,ANE,EN,Combined TRACON& Tower with Radar,121,77,25,0,223,0,0,0,0,0,121,77,25,0,223,2,0,2,225
01/31/2008,PVD,RI,ANE,EN,Combined TRACON& Tower with Radar,118,82,30,0,230,0,0,0,0,0,118,82,30,0,230,2,0,2,232
02/01/2008,PVD,RI,ANE,EN,Combined TRACON& Tower with Radar,129,78,20,0,227,0,0,0,0,0,129,78,20,0,227,16,0,16,243
02/02/2008,PVD,RI,ANE,EN,Combined TRACON& Tower with Radar,104,59,7,0,170,0,0,15,0,15,104,59,22,0,185,0,0,0,185
02/03/2008,PVD,RI,ANE,EN,Combined TRACON& Tower with Radar,96,61,21,0,178,0,0,40,0,40,96,61,61,0,218,0,0,0,218
02/04/2008,PVD,RI,ANE,EN,Combined TRACON& Tower with Radar,118,73,22,0,213,0,0,31,0,31,118,73,53,0,244,0,0,0,244
02/05/2008,PVD,RI,ANE,EN,Combined TRACON& Tower with Radar,104,59,7,0,170,0,0,15,0,15,104,59,22,0,185,0,0,0,185
02/06/2008,PVD,RI,ANE,EN,Combined TRACON& Tower with Radar,123,75,22,0,220,0,0,0,0,0,123,75,22,0,220,0,0,0,220
02/07/2008,PVD,RI,ANE,EN,Combined TRACON& Tower with Radar,122,76,26,1,225,0,0,0,0,0,122,76,26,1,225,0,0,0,225
02/08/2008,PVD,RI,ANE,EN,Combined TRACON& Tower with Radar,126,71,12,0,209,0,0,1,0,1,126,71,13,0,210,0,0,0,210
02/09/2008,PVD,RI,ANE,EN,Combined TRACON& Tower with Radar,98,57,10,0,165,0,0,31,0,31,98,57,41,0,196,6,0,6,202
02/10/2008,PVD,RI,ANE,EN,Combined TRACON& Tower with Radar,100,71,15,0,186,0,0,1,0,1,100,71,16,0,187,0,0,0,187
02/11/2008,PVD,RI,ANE,EN,Combined TRACON& Tower with Radar,118,80,11,0,209,0,0,4,0,4,118,80,15,0,213,0,0,0,213
02/12/2008,PVD,RI,ANE,EN,Combined TRACON& Tower with Radar,116,69,12,0,197,0,0,33,0,33,116,69,45,0,230,0,0,0,230
02/13/2008,PVD,RI,ANE,EN,Combined TRACON& Tower with Radar,114,85,32,0,231,0,0,0,0,0,114,85,32,0,231,0,0,0,231
02/14/2008,PVD,RI,ANE,EN,Combined TRACON& Tower with Radar,122,78,27,0,227,0,0,24,0,24,122,78,51,0,251,8,0,8,259
02/15/2008,PVD,RI,ANE,EN,Combined TRACON& Tower with Radar,116,74,26,0,216,0,0,0,0,0,116,74,26,0,216,0,0,0,216
02/16/2008,PVD,RI,ANE,EN,Combined TRACON& Tower with Radar,101,62,15,0,178,0,0,52,0,52,101,62,67,0,230,2,0,2,232
02/17/2008,PVD,RI,ANE,EN,Combined TRACON& Tower with Radar,103,58,10,0,171,0,0,38,0,38,103,58,48,0,209,2,0,2,211
02/18/2008,PVD,RI,ANE,EN,Combined TRACON& Tower with Radar,124,92,22,0,238,0,0,0,0,0,124,92,22,0,238,0,0,0,238
02/19/2008,PVD,RI,ANE,EN,Combined TRACON& Tower with Radar,122,79,25,0,226,0,0,23,0,23,122,79,48,0,249,8,0,8,257
02/20/2008,PVD,RI,ANE,EN,Combined TRACON& Tower with Radar,119,82,24,0,225,0,0,22,0,22,119,82,46,0,247,12,0,12,259
02/21/2008,PVD,RI,ANE,EN,Combined TRACON& Tower with Radar,120,82,23,0,225,0,0,41,0,41,120,82,64,0,266,0,0,0,266
02/22/2008,PVD,RI,ANE,EN,Combined TRACON& Tower with Radar,105,47,9,0,161,0,0,0,0,0,105,47,9,0,161,0,0,0,161
02/23/2008,PVD,RI,ANE,EN,Combined TRACON& Tower with Radar,102,70,23,4,199,0,0,0,0,0,102,70,23,4,199,0,0,0,199
02/24/2008,PVD,RI,ANE,EN,Combined TRACON& Tower with Radar,100,69,31,0,200,0,0,55,2,57,100,69,86,2,257,22,0,22,279
02/25/2008,PVD,RI,ANE,EN,Combined TRACON& Tower with Radar,117,82,31,0,230,0,0,50,1,51,117,82,81,1,281,6,0,6,287
02/26/2008,PVD,RI,ANE,EN,Combined TRACON& Tower with Radar,118,79,27,0,224,0,5,14,0,19,118,84,41,0,243,28,0,28,271
02/27/2008,PVD,RI,ANE,EN,Combined TRACON& Tower with Radar,123,78,25,0,226,0,0,1,0,1,123,78,26,0,227,0,0,0,227
02/28/2008,PVD,RI,ANE,EN,Combined TRACON& Tower with Radar,120,81,15,0,216,1081,1,24,0,1106,1201,82,39,0,1322,0,0,0,1322
02/29/2008,PVD,RI,ANE,EN,Combined TRACON& Tower with Radar,123,87,22,0,232,0,0,43,0,43,123,87,65,0,275,0,0,0,275
03/01/2008,PVD,RI,ANE,EN,Combined TRACON& Tower with Radar,99,53,13,0,165,2,11,16,1,30,101,64,29,1,195,0,0,0,195
03/02/2008,PVD,RI,ANE,EN,Combined TRACON& Tower with Radar,104,67,16,0,187,0,0,36,0,36,104,67,52,0,223,32,0,32,255
03/03/2008,PVD,RI,ANE,EN,Combined TRACON& Tower with Radar,122,78,18,0,218,0,0,24,0,24,122,78,42,0,242,6,0,6,248
03/04/2008,PVD,RI,ANE,EN,Combined TRACON& Tower with Radar,122,76,27,2,227,0,0,5,0,5,122,76,32,2,232,0,0,0,232
03/05/2008,PVD,RI,ANE,EN,Combined TRACON& Tower with Radar,123,69,14,0,206,0,0,0,0,0,123,69,14,0,206,0,0,0,206
03/06/2008,PVD,RI,ANE,EN,Combined TRACON& Tower with Radar,121,85,31,0,237,0,0,57,2,59,121,85,88,2,296,4,0,4,300
03/07/2008,PVD,RI,ANE,EN,Combined TRACON& Tower with Radar,118,80,30,0,228,0,0,19,0,19,118,80,49,0,247,0,0,0,247
03/08/2008,PVD,RI,ANE,EN,Combined TRACON& Tower with Radar,112,0,0,0,112,57,0,0,0,57,169,0,0,0,169,0,0,0,169
03/09/2008,PVD,RI,ANE,EN,Combined TRACON& Tower with Radar,104,53,9,0,166,0,0,0,0,0,104,53,9,0,166,0,0,0,166
03/10/2008,PVD,RI,ANE,EN,Combined TRACON& Tower with Radar,116,76,27,0,219,0,0,32,0,32,116,76,59,0,251,0,0,0,251
03/11/2008,PVD,RI,ANE,EN,Combined TRACON& Tower with Radar,119,84,26,0,229,0,0,39,0,39,119,84,65,0,268,0,0,0,268
03/12/2008,PVD,RI,ANE,EN,Combined TRACON& Tower with Radar,122,70,17,5,214,0,0,1,0,1,122,70,18,5,215,0,0,0,215
03/13/2008,PVD,RI,ANE,EN,Combined TRACON& Tower with Radar,127,80,34,1,242,0,0,34,0,34,127,80,68,1,276,0,0,0,276
03/14/2008,PVD,RI,ANE,EN,Combined TRACON& Tower with Radar,125,79,29,2,235,0,1,36,0,37,125,80,65,2,272,2,0,2,274
03/15/2008,PVD,RI,ANE,EN,Combined TRACON& Tower with Radar,101,50,18,0,169,0,0,0,0,0,101,50,18,0,169,0,0,0,169
03/16/2008,PVD,RI,ANE,EN,Combined TRACON& Tower with Radar,115,61,12,2,190,0,0,4,0,4,115,61,16,2,194,0,0,0,194
03/17/2008,PVD,RI,ANE,EN,Combined TRACON& Tower with Radar,120,72,21,2,215,0,0,16,0,16,120,72,37,2,231,0,0,0,231
03/18/2008,PVD,RI,ANE,EN,Combined TRACON& Tower with Radar,124,87,31,0,242,0,0,41,0,41,124,87,72,0,283,6,0,6,289
03/19/2008,PVD,RI,ANE,EN,Combined TRACON& Tower with Radar,118,83,31,0,232,0,0,0,0,0,118,83,31,0,232,0,0,0,232
03/20/2008,PVD,RI,ANE,EN,Combined TRACON& Tower with Radar,125,73,20,2,220,0,0,0,0,0,125,73,20,2,220,0,0,0,220
03/21/2008,PVD,RI,ANE,EN,Combined TRACON& Tower with Radar,124,71,11,2,208,0,0,0,0,0,124,71,11,2,208,0,0,0,208
03/22/2008,PVD,RI,ANE,EN,Combined TRACON& Tower with Radar,105,50,42,0,197,0,0,0,0,0,105,50,42,0,197,20,0,20,217
03/23/2008,PVD,RI,ANE,EN,Combined TRACON& Tower with Radar,113,59,11,0,183,0,0,29,0,29,113,59,40,0,212,6,0,6,218
03/24/2008,PVD,RI,ANE,EN,Combined TRACON& Tower with Radar,120,79,30,0,229,0,1,48,0,49,120,80,78,0,278,40,0,40,318
03/25/2008,PVD,RI,ANE,EN,Combined TRACON& Tower with Radar,122,84,37,0,243,0,0,0,0,0,122,84,37,0,243,4,0,4,247
03/26/2008,PVD,RI,ANE,EN,Combined TRACON& Tower with Radar,124,84,17,0,225,0,3,14,0,17,124,87,31,0,242,0,0,0,242
03/27/2008,PVD,RI,ANE,EN,Combined TRACON& Tower with Radar,124,75,21,0,220,1,2,28,0,31,125,77,49,0,251,50,0,50,301
03/28/2008,PVD,RI,ANE,EN,Combined TRACON& Tower with Radar,125,74,14,0,213,0,0,0,0,0,125,74,14,0,213,0,0,0,213
03/29/2008,PVD,RI,ANE,EN,Combined TRACON& Tower with Radar,108,53,43,1,205,0,0,0,0,0,108,53,43,1,205,6,0,6,211
03/30/2008,PVD,RI,ANE,EN,Combined TRACON& Tower with Radar,108,64,30,0,202,0,0,66,0,66,108,64,96,0,268,0,0,0,268
03/31/2008,PVD,RI,ANE,EN,Combined TRACON& Tower with Radar,121,66,20,0,207,0,0,6,0,6,121,66,26,0,213,0,0,0,213
04/01/2008,PVD,RI,ANE,EN,Combined TRACON& Tower with Radar,116,78,16,0,210,0,0,0,0,0,116,78,16,0,210,0,0,0,210
04/02/2008,PVD,RI,ANE,EN,Combined TRACON& Tower with Radar,119,84,25,0,228,5,0,11,0,16,124,84,36,0,244,2,0,2,246
04/03/2008,PVD,RI,ANE,EN,Combined TRACON& Tower with Radar,122,86,25,0,233,0,0,11,0,11,122,86,36,0,244,16,0,16,260
04/04/2008,PVD,RI,ANE,EN,Combined TRACON& Tower with Radar,121,77,19,1,218,0,0,0,0,0,121,77,19,1,218,0,0,0,218
04/05/2008,PVD,RI,ANE,EN,Combined TRACON& Tower with Radar,102,65,33,3,203,0,0,0,0,0,102,65,33,3,203,16,0,16,219
04/06/2008,PVD,RI,ANE,EN,Combined TRACON& Tower with Radar,111,66,17,2,196,0,0,1,0,1,111,66,18,2,197,0,0,0,197
04/07/2008,PVD,RI,ANE,EN,Combined TRACON& Tower with Radar,126,75,36,0,237,0,1,11,0,12,126,76,47,0,249,0,0,0,249
04/08/2008,PVD,RI,ANE,EN,Combined TRACON& Tower with Radar,128,81,35,0,244,0,1,46,0,47,128,82,81,0,291,2,0,2,293
04/09/2008,PVD,RI,ANE,EN,Combined TRACON& Tower with Radar,137,77,40,0,254,0,0,23,0,23,137,77,63,0,277,38,0,38,315
04/10/2008,PVD,RI,ANE,EN,Combined TRACON& Tower with Radar,131,69,33,0,233,0,0,30,0,30,131,69,63,0,263,2,0,2,265
04/11/2008,PVD,RI,ANE,EN,Combined TRACON& Tower with Radar,130,73,25,0,228,0,0,27,0,27,130,73,52,0,255,0,0,0,255
04/12/2008,PVD,RI,ANE,EN,Combined TRACON& Tower with Radar,109,68,22,0,199,0,0,14,0,14,109,68,36,0,213,0,0,0,213
04/13/2008,PVD,RI,ANE,EN,Combined TRACON& Tower with Radar,112,71,18,0,201,0,0,27,0,27,112,71,45,0,228,10,0,10,238
04/14/2008,PVD,RI,ANE,EN,Combined TRACON& Tower with Radar,128,85,11,0,224,0,0,27,0,27,128,85,38,0,251,8,0,8,259
04/15/2008,PVD,RI,ANE,EN,Combined TRACON& Tower with Radar,135,80,23,0,238,0,0,45,0,45,135,80,68,0,283,8,0,8,291
04/16/2008,PVD,RI,ANE,EN,Combined TRACON& Tower with Radar,130,76,25,2,233,0,2,65,0,67,130,78,90,2,300,0,0,0,300
04/17/2008,PVD,RI,ANE,EN,Combined TRACON& Tower with Radar,134,82,20,0,236,0,0,66,0,66,134,82,86,0,302,10,0,10,312
04/18/2008,PVD,RI,ANE,EN,Combined TRACON& Tower with Radar,132,72,25,0,229,0,0,62,0,62,132,72,87,0,291,8,0,8,299
04/19/2008,PVD,RI,ANE,EN,Combined TRACON& Tower with Radar,109,53,14,0,176,0,1,71,0,72,109,54,85,0,248,2,0,2,250
04/20/2008,PVD,RI,ANE,EN,Combined TRACON& Tower with Radar,113,64,38,0,215,0,0,65,2,67,113,64,103,2,282,14,0,14,296
04/21/2008,PVD,RI,ANE,EN,Combined TRACON& Tower with Radar,126,72,33,0,231,0,0,39,0,39,126,72,72,0,270,4,0,4,274
04/22/2008,PVD,RI,ANE,EN,Combined TRACON& Tower with Radar,132,76,30,0,238,0,2,50,0,52,132,78,80,0,290,0,0,0,290
04/23/2008,PVD,RI,ANE,EN,Combined TRACON& Tower with Radar,134,82,30,0,246,0,0,48,0,48,134,82,78,0,294,6,0,6,300
04/24/2008,PVD,RI,ANE,EN,Combined TRACON& Tower with Radar,137,69,30,0,236,0,1,49,0,50,137,70,79,0,286,0,0,0,286
04/25/2008,PVD,RI,ANE,EN,Combined TRACON& Tower with Radar,129,63,21,0,213,0,0,51,0,51,129,63,72,0,264,0,0,0,264
04/26/2008,PVD,RI,ANE,EN,Combined TRACON& Tower with Radar,105,60,77,2,244,0,0,0,0,0,105,60,77,2,244,0,0,0,244
04/27/2008,PVD,RI,ANE,EN,Combined TRACON& Tower with Radar,120,60,23,0,203,2,0,0,0,2,122,60,23,0,205,0,0,0,205
04/28/2008,PVD,RI,ANE,EN,Combined TRACON& Tower with Radar,131,62,22,0,215,0,0,0,0,0,131,62,22,0,215,0,0,0,215
04/29/2008,PVD,RI,ANE,EN,Combined TRACON& Tower with Radar,141,69,19,0,229,0,0,0,0,0,141,69,19,0,229,0,0,0,229
04/30/2008,PVD,RI,ANE,EN,Combined TRACON& Tower with Radar,132,71,23,2,228,0,1,41,0,42,132,72,64,2,270,0,0,0,270
05/01/2008,PVD,RI,ANE,EN,Combined TRACON& Tower with Radar,134,72,23,2,231,0,1,39,0,40,134,73,62,2,271,0,0,0,271
05/02/2008,PVD,RI,ANE,EN,Combined TRACON& Tower with Radar,123,66,22,0,211,0,0,0,0,0,123,66,22,0,211,0,0,0,211
05/03/2008,PVD,RI,ANE,EN,Combined TRACON& Tower with Radar,106,51,34,0,191,0,0,0,0,0,106,51,34,0,191,8,0,8,199
05/04/2008,PVD,RI,ANE,EN,Combined TRACON& Tower with Radar,117,61,16,2,196,0,0,1,0,1,117,61,17,2,197,0,0,0,197
05/05/2008,PVD,RI,ANE,EN,Combined TRACON& Tower with Radar,130,74,16,0,220,0,0,42,0,42,130,74,58,0,262,10,0,10,272
05/06/2008,PVD,RI,ANE,EN,Combined TRACON& Tower with Radar,131,70,31,0,232,0,2,49,0,51,131,72,80,0,283,8,0,8,291
05/07/2008,PVD,RI,ANE,EN,Combined TRACON& Tower with Radar,131,66,20,0,217,0,0,43,1,44,131,66,63,1,261,28,0,28,289
05/08/2008,PVD,RI,ANE,EN,Combined TRACON& Tower with Radar,136,79,20,0,235,0,0,5,0,5,136,79,25,0,240,0,0,0,240
05/09/2008,PVD,RI,ANE,EN,Combined TRACON& Tower with Radar,128,63,17,0,208,0,0,3,0,3,128,63,20,0,211,0,0,0,211
05/10/2008,PVD,RI,ANE,EN,Combined TRACON& Tower with Radar,109,47,34,0,190,0,0,0,0,0,109,47,34,0,190,6,0,6,196
05/11/2008,PVD,RI,ANE,EN,Combined TRACON& Tower with Radar,116,60,9,0,185,0,0,47,0,47,116,60,56,0,232,0,0,0,232
05/12/2008,PVD,RI,ANE,EN,Combined TRACON& Tower with Radar,125,66,22,0,213,0,0,0,0,0,125,66,22,0,213,0,0,0,213
05/13/2008,PVD,RI,ANE,EN,Combined TRACON& Tower with Radar,132,72,22,0,226,0,4,2,0,6,132,76,24,0,232,0,0,0,232
05/14/2008,PVD,RI,ANE,EN,Combined TRACON& Tower with Radar,132,74,23,0,229,0,0,63,0,63,132,74,86,0,292,4,0,4,296
05/15/2008,PVD,RI,ANE,EN,Combined TRACON& Tower with Radar,134,71,40,0,245,0,8,45,0,53,134,79,85,0,298,6,0,6,304
05/16/2008,PVD,RI,ANE,EN,Combined TRACON& Tower with Radar,125,65,21,2,213,0,0,10,0,10,125,65,31,2,223,0,0,0,223
05/17/2008,PVD,RI,ANE,EN,Combined TRACON& Tower with Radar,112,47,22,0,181,0,0,28,0,28,112,47,50,0,209,0,0,0,209
05/18/2008,PVD,RI,ANE,EN,Combined TRACON& Tower with Radar,113,56,26,0,195,0,0,51,0,51,113,56,77,0,246,4,0,4,250
05/19/2008,PVD,RI,ANE,EN,Combined TRACON& Tower with Radar,128,68,32,0,228,0,2,20,0,22,128,70,52,0,250,0,0,0,250
05/20/2008,PVD,RI,ANE,EN,Combined TRACON& Tower with Radar,128,64,31,1,224,0,1,31,0,32,128,65,62,1,256,0,0,0,256
05/21/2008,PVD,RI,ANE,EN,Combined TRACON& Tower with Radar,127,75,22,1,225,0,0,35,0,35,127,75,57,1,260,0,0,0,260
05/22/2008,PVD,RI,ANE,EN,Combined TRACON& Tower with Radar,134,74,27,0,235,0,0,15,0,15,134,74,42,0,250,0,0,0,250
05/23/2008,PVD,RI,ANE,EN,Combined TRACON& Tower with Radar,133,78,32,2,245,0,3,40,0,43,133,81,72,2,288,0,0,0,288
05/24/2008,PVD,RI,ANE,EN,Combined TRACON& Tower with Radar,110,46,17,0,173,0,1,35,0,36,110,47,52,0,209,2,0,2,211
05/25/2008,PVD,RI,ANE,EN,Combined TRACON& Tower with Radar,95,59,15,3,172,0,4,52,0,56,95,63,67,3,228,0,0,0,228
05/26/2008,PVD,RI,ANE,EN,Combined TRACON& Tower with Radar,116,65,13,1,195,0,2,38,0,40,116,67,51,1,235,0,0,0,235
05/27/2008,PVD,RI,ANE,EN,Combined TRACON& Tower with Radar,130,63,20,0,213,0,0,15,0,15,130,63,35,0,228,0,0,0,228
05/28/2008,PVD,RI,ANE,EN,Combined TRACON& Tower with Radar,130,70,33,0,233,0,2,43,0,45,130,72,76,0,278,12,0,12,290
05/29/2008,PVD,RI,ANE,EN,Combined TRACON& Tower with Radar,134,73,25,0,232,0,0,43,0,43,134,73,68,0,275,20,0,20,295
05/30/2008,PVD,RI,ANE,EN,Combined TRACON& Tower with Radar,129,71,20,0,220,0,0,62,0,62,129,71,82,0,282,28,0,28,310
05/31/2008,PVD,RI,ANE,EN,Combined TRACON& Tower with Radar,112,43,8,0,163,0,0,13,0,13,112,43,21,0,176,0,0,0,176
06/01/2008,PVD,RI,ANE,EN,Combined TRACON& Tower with Radar,116,62,12,0,190,0,0,30,0,30,116,62,42,0,220,0,0,0,220
06/02/2008,PVD,RI,ANE,EN,Combined TRACON& Tower with Radar,126,64,19,0,209,0,0,35,3,38,126,64,54,3,247,33,0,33,280
06/03/2008,PVD,RI,ANE,EN,Combined TRACON& Tower with Radar,128,68,28,0,224,0,3,53,0,56,128,71,81,0,280,4,0,4,284
06/04/2008,PVD,RI,ANE,EN,Combined TRACON& Tower with Radar,130,72,29,2,233,0,0,0,0,0,130,72,29,2,233,0,0,0,233
06/05/2008,PVD,RI,ANE,EN,Combined TRACON& Tower with Radar,129,76,32,3,240,1,0,1,1,3,130,76,33,4,243,0,0,0,243
06/06/2008,PVD,RI,ANE,EN,Combined TRACON& Tower with Radar,125,97,37,0,259,0,0,3,0,3,125,97,40,0,262,10,0,10,272
06/07/2008,PVD,RI,ANE,EN,Combined TRACON& Tower with Radar,111,61,21,2,195,0,5,37,0,42,111,66,58,2,237,0,0,0,237
06/08/2008,PVD,RI,ANE,EN,Combined TRACON& Tower with Radar,120,53,20,0,193,0,28,54,1,83,120,81,74,1,276,0,0,0,276
06/09/2008,PVD,RI,ANE,EN,Combined TRACON& Tower with Radar,120,68,22,0,210,0,28,40,0,68,120,96,62,0,278,4,0,4,282
06/10/2008,PVD,RI,ANE,EN,Combined TRACON& Tower with Radar,126,60,19,1,206,0,24,40,0,64,126,84,59,1,270,0,0,0,270
06/11/2008,PVD,RI,ANE,EN,Combined TRACON& Tower with Radar,135,76,32,0,243,0,21,75,0,96,135,97,107,0,339,26,0,26,365
06/12/2008,PVD,RI,ANE,EN,Combined TRACON& Tower with Radar,132,76,34,0,242,0,29,45,0,74,132,105,79,0,316,10,0,10,326
06/13/2008,PVD,RI,ANE,EN,Combined TRACON& Tower with Radar,129,65,21,0,215,0,26,63,0,89,129,91,84,0,304,0,0,0,304
06/14/2008,PVD,RI,ANE,EN,Combined TRACON& Tower with Radar,124,49,7,0,180,0,24,38,0,62,124,73,45,0,242,0,0,0,242
06/15/2008,PVD,RI,ANE,EN,Combined TRACON& Tower with Radar,128,91,31,0,250,0,0,0,0,0,128,91,31,0,250,0,0,0,250
06/16/2008,PVD,RI,ANE,EN,Combined TRACON& Tower with Radar,132,92,34,0,258,0,0,0,0,0,132,92,34,0,258,0,0,0,258
06/17/2008,PVD,RI,ANE,EN,Combined TRACON& Tower with Radar,138,97,30,0,265,0,12,22,0,34,138,109,52,0,299,0,0,0,299
06/18/2008,PVD,RI,ANE,EN,Combined TRACON& Tower with Radar,133,67,28,0,228,0,32,53,0,85,133,99,81,0,313,16,0,16,329
06/19/2008,PVD,RI,ANE,EN,Combined TRACON& Tower with Radar,132,81,21,0,234,0,23,57,0,80,132,104,78,0,314,10,0,10,324
06/20/2008,PVD,RI,ANE,EN,Combined TRACON& Tower with Radar,128,72,27,0,227,0,28,1,0,29,128,100,28,0,256,10,0,10,266
06/21/2008,PVD,RI,ANE,EN,Combined TRACON& Tower with Radar,116,52,17,2,187,0,21,43,0,64,116,73,60,2,251,0,0,0,251
06/22/2008,PVD,RI,ANE,EN,Combined TRACON& Tower with Radar,110,58,15,0,183,0,23,18,0,41,110,81,33,0,224,0,0,0,224
06/23/2008,PVD,RI,ANE,EN,Combined TRACON& Tower with Radar,130,102,28,0,260,0,1,0,0,1,130,103,28,0,261,0,0,0,261
06/24/2008,PVD,RI,ANE,EN,Combined TRACON& Tower with Radar,140,100,29,0,269,0,8,10,0,18,140,108,39,0,287,0,0,0,287
06/25/2008,PVD,RI,ANE,EN,Combined TRACON& Tower with Radar,128,83,31,0,242,0,28,52,0,80,128,111,83,0,322,4,0,4,326
06/26/2008,PVD,RI,ANE,EN,Combined TRACON& Tower with Radar,126,65,34,2,227,0,26,22,0,48,126,91,56,2,275,0,0,0,275
06/27/2008,PVD,RI,ANE,EN,Combined TRACON& Tower with Radar,125,72,37,0,234,0,25,34,0,59,125,97,71,0,293,14,0,14,307
06/28/2008,PVD,RI,ANE,EN,Combined TRACON& Tower with Radar,117,65,19,1,202,0,22,17,0,39,117,87,36,1,241,0,0,0,241
06/29/2008,PVD,RI,ANE,EN,Combined TRACON& Tower with Radar,120,82,23,0,225,0,17,12,0,29,120,99,35,0,254,0,0,0,254
06/30/2008,PVD,RI,ANE,EN,Combined TRACON& Tower with Radar,130,82,32,1,245,0,15,24,0,39,130,97,56,1,284,0,0,0,284
07/01/2008,PVD,RI,ANE,EN,Combined TRACON& Tower with Radar,136,87,24,0,247,0,7,39,0,46,136,94,63,0,293,0,0,0,293
07/02/2008,PVD,RI,ANE,EN,Combined TRACON& Tower with Radar,132,75,24,0,231,0,26,47,1,74,132,101,71,1,305,0,0,0,305
07/03/2008,PVD,RI,ANE,EN,Combined TRACON& Tower with Radar,129,71,15,0,215,0,34,43,0,77,129,105,58,0,292,0,0,0,292
07/04/2008,PVD,RI,ANE,EN,Combined TRACON& Tower with Radar,102,71,15,0,188,0,2,4,0,6,102,73,19,0,194,0,0,0,194
07/05/2008,PVD,RI,ANE,EN,Combined TRACON& Tower with Radar,110,82,44,0,236,0,0,0,0,0,110,82,44,0,236,0,0,0,236
07/06/2008,PVD,RI,ANE,EN,Combined TRACON& Tower with Radar,117,75,31,0,223,0,2,11,0,13,117,77,42,0,236,0,0,0,236
07/07/2008,PVD,RI,ANE,EN,Combined TRACON& Tower with Radar,132,83,25,4,244,0,7,33,0,40,132,90,58,4,284,0,0,0,284
07/08/2008,PVD,RI,ANE,EN,Combined TRACON& Tower with Radar,127,87,29,0,243,0,12,44,0,56,127,99,73,0,299,0,0,0,299
07/09/2008,PVD,RI,ANE,EN,Combined TRACON& Tower with Radar,127,85,24,2,238,0,14,33,0,47,127,99,57,2,285,0,0,0,285
07/10/2008,PVD,RI,ANE,EN,Combined TRACON& Tower with Radar,132,61,31,0,224,0,28,67,0,95,132,89,98,0,319,0,0,0,319
07/11/2008,PVD,RI,ANE,EN,Combined TRACON& Tower with Radar,138,63,17,0,218,0,38,73,0,111,138,101,90,0,329,0,0,0,329
07/12/2008,PVD,RI,ANE,EN,Combined TRACON& Tower with Radar,114,55,14,2,185,0,26,45,0,71,114,81,59,2,256,0,0,0,256
07/13/2008,PVD,RI,ANE,EN,Combined TRACON& Tower with Radar,120,60,26,0,206,0,26,30,0,56,120,86,56,0,262,0,0,0,262
07/14/2008,PVD,RI,ANE,EN,Combined TRACON& Tower with Radar,135,77,18,0,230,0,11,24,0,35,135,88,42,0,265,0,0,0,265
07/15/2008,PVD,RI,ANE,EN,Combined TRACON& Tower with Radar,139,62,33,0,234,0,28,59,0,87,139,90,92,0,321,0,0,0,321
07/16/2008,PVD,RI,ANE,EN,Combined TRACON& Tower with Radar,134,63,41,0,238,0,25,64,0,89,134,88,105,0,327,0,0,0,327
07/17/2008,PVD,RI,ANE,EN,Combined TRACON& Tower with Radar,136,68,45,0,249,0,26,59,0,85,136,94,104,0,334,0,0,0,334
07/18/2008,PVD,RI,ANE,EN,Combined TRACON& Tower with Radar,139,64,19,0,222,0,33,56,0,89,139,97,75,0,311,0,0,0,311
07/19/2008,PVD,RI,ANE,EN,Combined TRACON& Tower with Radar,115,60,9,0,184,0,27,20,0,47,115,87,29,0,231,0,0,0,231
07/20/2008,PVD,RI,ANE,EN,Combined TRACON& Tower with Radar,123,68,22,0,213,0,11,21,0,32,123,79,43,0,245,0,0,0,245
07/21/2008,PVD,RI,ANE,EN,Combined TRACON& Tower with Radar,134,88,57,0,279,0,0,21,0,21,134,88,78,0,300,0,0,0,300
07/22/2008,PVD,RI,ANE,EN,Combined TRACON& Tower with Radar,131,75,36,0,242,0,15,19,0,34,131,90,55,0,276,0,0,0,276
07/23/2008,PVD,RI,ANE,EN,Combined TRACON& Tower with Radar,114,84,27,0,225,0,0,0,0,0,114,84,27,0,225,0,0,0,225
07/24/2008,PVD,RI,ANE,EN,Combined TRACON& Tower with Radar,127,101,25,0,253,0,1,0,0,1,127,102,25,0,254,0,0,0,254
07/25/2008,PVD,RI,ANE,EN,Combined TRACON& Tower with Radar,137,75,45,2,259,0,17,73,0,90,137,92,118,2,349,0,0,0,349
07/26/2008,PVD,RI,ANE,EN,Combined TRACON& Tower with Radar,113,53,19,0,185,0,26,52,0,78,113,79,71,0,263,0,0,0,263
07/27/2008,PVD,RI,ANE,EN,Combined TRACON& Tower with Radar,116,52,25,0,193,0,9,9,0,18,116,61,34,0,211,0,0,0,211
07/28/2008,PVD,RI,ANE,EN,Combined TRACON& Tower with Radar,131,72,31,1,235,0,17,32,0,49,131,89,63,1,284,0,0,0,284
07/29/2008,PVD,RI,ANE,EN,Combined TRACON& Tower with Radar,135,55,21,0,211,0,26,74,0,100,135,81,95,0,311,0,0,0,311
07/30/2008,PVD,RI,ANE,EN,Combined TRACON& Tower with Radar,137,65,43,1,246,0,28,39,0,67,137,93,82,1,313,0,0,0,313
07/31/2008,PVD,RI,ANE,EN,Combined TRACON& Tower with Radar,130,60,33,0,223,0,20,30,0,50,130,80,63,0,273,0,0,0,273
08/01/2008,PVD,RI,ANE,EN,Combined TRACON& Tower with Radar,137,64,28,1,230,0,34,53,1,88,137,98,81,2,318,12,0,12,330
08/02/2008,PVD,RI,ANE,EN,Combined TRACON& Tower with Radar,116,41,26,0,183,0,20,29,1,50,116,61,55,1,233,0,0,0,233
08/03/2008,PVD,RI,ANE,EN,Combined TRACON& Tower with Radar,131,64,20,0,215,0,19,28,0,47,131,83,48,0,262,6,0,6,268
08/04/2008,PVD,RI,ANE,EN,Combined TRACON& Tower with Radar,132,49,24,0,205,0,28,58,0,86,132,77,82,0,291,0,0,0,291
08/05/2008,PVD,RI,ANE,EN,Combined TRACON& Tower with Radar,137,71,24,0,232,0,20,33,0,53,137,91,57,0,285,0,0,0,285
08/06/2008,PVD,RI,ANE,EN,Combined TRACON& Tower with Radar,131,84,28,3,246,0,6,9,0,15,131,90,37,3,261,4,0,4,265
08/07/2008,PVD,RI,ANE,EN,Combined TRACON& Tower with Radar,136,84,28,3,251,0,6,13,0,19,136,90,41,3,270,0,0,0,270
08/08/2008,PVD,RI,ANE,EN,Combined TRACON& Tower with Radar,138,77,27,0,242,0,15,25,0,40,138,92,52,0,282,0,0,0,282
08/09/2008,PVD,RI,ANE,EN,Combined TRACON& Tower with Radar,115,57,15,0,187,0,17,52,0,69,115,74,67,0,256,4,0,4,260
08/10/2008,PVD,RI,ANE,EN,Combined TRACON& Tower with Radar,118,41,9,0,168,0,32,47,0,79,118,73,56,0,247,0,0,0,247
08/11/2008,PVD,RI,ANE,EN,Combined TRACON& Tower with Radar,135,66,18,0,219,0,9,6,0,15,135,75,24,0,234,0,0,0,234
08/12/2008,PVD,RI,ANE,EN,Combined TRACON& Tower with Radar,140,68,30,0,238,0,14,34,0,48,140,82,64,0,286,0,0,0,286
08/13/2008,PVD,RI,ANE,EN,Combined TRACON& Tower with Radar,137,63,24,0,224,1,30,76,0,107,138,93,100,0,331,12,0,12,343
08/14/2008,PVD,RI,ANE,EN,Combined TRACON& Tower with Radar,129,72,22,0,223,0,16,27,0,43,129,88,49,0,266,8,0,8,274
08/15/2008,PVD,RI,ANE,EN,Combined TRACON& Tower with Radar,139,72,11,0,222,0,26,20,0,46,139,98,31,0,268,98,0,98,366
08/16/2008,PVD,RI,ANE,EN,Combined TRACON& Tower with Radar,122,60,17,0,199,0,22,56,0,78,122,82,73,0,277,8,0,8,285
08/17/2008,PVD,RI,ANE,EN,Combined TRACON& Tower with Radar,130,49,23,0,202,0,33,62,0,95,130,82,85,0,297,0,0,0,297
08/18/2008,PVD,RI,ANE,EN,Combined TRACON& Tower with Radar,134,58,21,0,213,0,23,53,0,76,134,81,74,0,289,0,0,0,289
08/19/2008,PVD,RI,ANE,EN,Combined TRACON& Tower with Radar,135,58,33,0,226,1,35,35,0,71,136,93,68,0,297,0,0,0,297
08/20/2008,PVD,RI,ANE,EN,Combined TRACON& Tower with Radar,132,60,23,0,215,0,28,59,0,87,132,88,82,0,302,0,0,0,302
08/21/2008,PVD,RI,ANE,EN,Combined TRACON& Tower with Radar,133,62,25,0,220,0,28,54,0,82,133,90,79,0,302,2,0,2,304
08/22/2008,PVD,RI,ANE,EN,Combined TRACON& Tower with Radar,135,55,33,1,224,0,29,68,2,99,135,84,101,3,323,0,0,0,323
08/23/2008,PVD,RI,ANE,EN,Combined TRACON& Tower with Radar,106,46,13,0,165,0,32,70,0,102,106,78,83,0,267,0,0,0,267
08/24/2008,PVD,RI,ANE,EN,Combined TRACON& Tower with Radar,121,57,23,0,201,0,25,31,0,56,121,82,54,0,257,0,0,0,257
08/25/2008,PVD,RI,ANE,EN,Combined TRACON& Tower with Radar,127,52,22,0,201,0,24,28,0,52,127,76,50,0,253,0,0,0,253
08/26/2008,PVD,RI,ANE,EN,Combined TRACON& Tower with Radar,128,60,22,0,210,0,28,54,0,82,128,88,76,0,292,0,0,0,292
08/27/2008,PVD,RI,ANE,EN,Combined TRACON& Tower with Radar,131,59,26,1,217,0,28,52,1,81,131,87,78,2,298,0,0,0,298
08/28/2008,PVD,RI,ANE,EN,Combined TRACON& Tower with Radar,131,65,41,0,237,0,28,50,0,78,131,93,91,0,315,6,0,6,321
08/29/2008,PVD,RI,ANE,EN,Combined TRACON& Tower with Radar,131,74,20,0,225,2,25,54,0,81,133,99,74,0,306,6,0,6,312
08/30/2008,PVD,RI,ANE,EN,Combined TRACON& Tower with Radar,107,73,38,3,221,0,2,0,3,5,107,75,38,6,226,0,0,0,226
08/31/2008,PVD,RI,ANE,EN,Combined TRACON& Tower with Radar,93,57,13,0,163,0,34,35,0,69,93,91,48,0,232,0,0,0,232
09/01/2008,PVD,RI,ANE,EN,Combined TRACON& Tower with Radar,113,68,31,0,212,0,36,38,0,74,113,104,69,0,286,0,0,0,286
09/02/2008,PVD,RI,ANE,EN,Combined TRACON& Tower with Radar,128,58,19,0,205,0,29,67,0,96,128,87,86,0,301,20,0,20,321
09/03/2008,PVD,RI,ANE,EN,Combined TRACON& Tower with Radar,129,64,28,0,221,0,27,50,0,77,129,91,78,0,298,14,0,14,312
09/04/2008,PVD,RI,ANE,EN,Combined TRACON& Tower with Radar,127,85,36,0,248,0,7,41,0,48,127,92,77,0,296,0,0,0,296
09/05/2008,PVD,RI,ANE,EN,Combined TRACON& Tower with Radar,132,78,34,0,244,0,26,30,0,56,132,104,64,0,300,0,0,0,300
09/06/2008,PVD,RI,ANE,EN,Combined TRACON& Tower with Radar,100,50,5,2,157,0,0,0,0,0,100,50,5,2,157,0,0,0,157
09/07/2008,PVD,RI,ANE,EN,Combined TRACON& Tower with Radar,121,56,28,0,205,0,29,21,0,50,121,85,49,0,255,0,0,0,255
09/08/2008,PVD,RI,ANE,EN,Combined TRACON& Tower with Radar,121,65,20,0,206,0,27,62,0,89,121,92,82,0,295,16,0,16,311
09/09/2008,PVD,RI,ANE,EN,Combined TRACON& Tower with Radar,123,64,18,0,205,0,6,4,0,10,123,70,22,0,215,0,0,0,215
09/10/2008,PVD,RI,ANE,EN,Combined TRACON& Tower with Radar,127,73,31,0,231,0,22,47,0,69,127,95,78,0,300,0,0,0,300
09/11/2008,PVD,RI,ANE,EN,Combined TRACON& Tower with Radar,128,64,29,0,221,0,28,34,0,62,128,92,63,0,283,2,0,2,285
09/12/2008,PVD,RI,ANE,EN,Combined TRACON& Tower with Radar,129,63,35,0,227,0,19,32,0,51,129,82,67,0,278,0,0,0,278
09/13/2008,PVD,RI,ANE,EN,Combined TRACON& Tower with Radar,125,67,14,0,206,0,2,1,0,3,125,69,15,0,209,0,0,0,209
09/14/2008,PVD,RI,ANE,EN,Combined TRACON& Tower with Radar,122,78,18,0,218,0,0,0,0,0,122,78,18,0,218,0,0,0,218
09/15/2008,PVD,RI,ANE,EN,Combined TRACON& Tower with Radar,125,58,16,1,200,0,22,19,0,41,125,80,35,1,241,4,0,4,245
09/16/2008,PVD,RI,ANE,EN,Combined TRACON& Tower with Radar,130,66,26,0,222,0,15,48,1,64,130,81,74,1,286,2,0,2,288
09/17/2008,PVD,RI,ANE,EN,Combined TRACON& Tower with Radar,131,53,35,2,221,0,22,62,0,84,131,75,97,2,305,2,0,2,307
09/18/2008,PVD,RI,ANE,EN,Combined TRACON& Tower with Radar,129,63,31,0,223,0,20,41,0,61,129,83,72,0,284,0,0,0,284
09/19/2008,PVD,RI,ANE,EN,Combined TRACON& Tower with Radar,130,60,25,2,217,0,25,43,1,69,130,85,68,3,286,0,0,0,286
09/20/2008,PVD,RI,ANE,EN,Combined TRACON& Tower with Radar,110,38,21,0,169,0,18,55,1,74,110,56,76,1,243,14,0,14,257
09/21/2008,PVD,RI,ANE,EN,Combined TRACON& Tower with Radar,119,53,28,0,200,0,24,49,1,74,119,77,77,1,274,0,0,0,274
09/22/2008,PVD,RI,ANE,EN,Combined TRACON& Tower with Radar,126,68,39,0,233,0,11,2,0,13,126,79,41,0,246,8,0,8,254
09/23/2008,PVD,RI,ANE,EN,Combined TRACON& Tower with Radar,129,55,24,4,212,0,26,47,0,73,129,81,71,4,285,4,0,4,289
09/24/2008,PVD,RI,ANE,EN,Combined TRACON& Tower with Radar,128,58,32,2,220,0,22,62,0,84,128,80,94,2,304,4,0,4,308
09/25/2008,PVD,RI,ANE,EN,Combined TRACON& Tower with Radar,126,59,28,4,217,0,22,43,0,65,126,81,71,4,282,0,0,0,282
09/26/2008,PVD,RI,ANE,EN,Combined TRACON& Tower with Radar,124,86,27,0,237,0,0,0,0,0,124,86,27,0,237,0,0,0,237
09/27/2008,PVD,RI,ANE,EN,Combined TRACON& Tower with Radar,113,60,13,0,186,0,0,0,0,0,113,60,13,0,186,0,0,0,186
09/28/2008,PVD,RI,ANE,EN,Combined TRACON& Tower with Radar,110,69,17,0,196,0,0,1,0,1,110,69,18,0,197,0,0,0,197
09/29/2008,PVD,RI,ANE,EN,Combined TRACON& Tower with Radar,126,77,38,0,241,0,7,4,0,11,126,84,42,0,252,22,0,22,274
09/30/2008,PVD,RI,ANE,EN,Combined TRACON& Tower with Radar,126,82,44,0,252,0,0,4,0,4,126,82,48,0,256,4,0,4,260
10/01/2008,PVD,RI,ANE,EN,Combined TRACON& Tower with Radar,127,73,30,0,230,0,8,10,0,18,127,81,40,0,248,0,0,0,248
10/02/2008,PVD,RI,ANE,EN,Combined TRACON& Tower with Radar,132,60,24,0,216,0,18,21,0,39,132,78,45,0,255,46,0,46,301
10/03/2008,PVD,RI,ANE,EN,Combined TRACON& Tower with Radar,136,57,20,1,214,0,26,19,0,45,136,83,39,1,259,0,0,0,259
10/04/2008,PVD,RI,ANE,EN,Combined TRACON& Tower with Radar,111,40,19,1,171,0,13,43,0,56,111,53,62,1,227,0,0,0,227
10/05/2008,PVD,RI,ANE,EN,Combined TRACON& Tower with Radar,118,77,20,1,216,0,4,11,0,15,118,81,31,1,231,0,0,0,231
10/06/2008,PVD,RI,ANE,EN,Combined TRACON& Tower with Radar,129,61,36,0,226,0,18,27,0,45,129,79,63,0,271,4,0,4,275
10/07/2008,PVD,RI,ANE,EN,Combined TRACON& Tower with Radar,134,53,21,0,208,0,22,47,0,69,134,75,68,0,277,12,0,12,289
10/08/2008,PVD,RI,ANE,EN,Combined TRACON& Tower with Radar,131,60,26,0,217,0,20,41,0,61,131,80,67,0,278,6,0,6,284
10/09/2008,PVD,RI,ANE,EN,Combined TRACON& Tower with Radar,133,72,23,0,228,0,5,16,0,21,133,77,39,0,249,18,0,18,267
10/10/2008,PVD,RI,ANE,EN,Combined TRACON& Tower with Radar,137,58,26,0,221,0,24,57,0,81,137,82,83,0,302,6,0,6,308
10/11/2008,PVD,RI,ANE,EN,Combined TRACON& Tower with Radar,109,40,18,0,167,0,17,47,0,64,109,57,65,0,231,0,0,0,231
10/12/2008,PVD,RI,ANE,EN,Combined TRACON& Tower with Radar,130,55,19,0,204,0,17,32,0,49,130,72,51,0,253,14,0,14,267
10/13/2008,PVD,RI,ANE,EN,Combined TRACON& Tower with Radar,131,61,30,0,222,0,22,64,0,86,131,83,94,0,308,8,0,8,316
10/14/2008,PVD,RI,ANE,EN,Combined TRACON& Tower with Radar,128,57,24,0,209,0,0,31,0,31,128,57,55,0,240,0,0,0,240
10/15/2008,PVD,RI,ANE,EN,Combined TRACON& Tower with Radar,132,57,23,0,212,0,0,22,0,22,132,57,45,0,234,2,0,2,236
10/16/2008,PVD,RI,ANE,EN,Combined TRACON& Tower with Radar,129,71,39,0,239,0,3,8,2,13,129,74,47,2,252,22,0,22,274
10/17/2008,PVD,RI,ANE,EN,Combined TRACON& Tower with Radar,132,73,23,0,228,0,8,41,0,49,132,81,64,0,277,34,0,34,311
10/18/2008,PVD,RI,ANE,EN,Combined TRACON& Tower with Radar,114,42,23,0,179,0,2,43,0,45,114,44,66,0,224,14,0,14,238
10/19/2008,PVD,RI,ANE,EN,Combined TRACON& Tower with Radar,118,53,11,0,182,0,0,18,0,18,118,53,29,0,200,2,0,2,202
10/20/2008,PVD,RI,ANE,EN,Combined TRACON& Tower with Radar,130,61,15,0,206,0,0,36,0,36,130,61,51,0,242,0,0,0,242
10/21/2008,PVD,RI,ANE,EN,Combined TRACON& Tower with Radar,135,54,31,0,220,0,0,27,0,27,135,54,58,0,247,0,0,0,247
10/22/2008,PVD,RI,ANE,EN,Combined TRACON& Tower with Radar,129,58,26,0,213,0,0,8,0,8,129,58,34,0,221,10,0,10,231
10/23/2008,PVD,RI,ANE,EN,Combined TRACON& Tower with Radar,132,61,29,0,222,0,0,34,0,34,132,61,63,0,256,2,0,2,258
10/24/2008,PVD,RI,ANE,EN,Combined TRACON& Tower with Radar,132,61,45,0,238,0,2,50,0,52,132,63,95,0,290,10,0,10,300
10/25/2008,PVD,RI,ANE,EN,Combined TRACON& Tower with Radar,120,42,24,0,186,0,1,13,0,14,120,43,37,0,200,0,0,0,200
10/26/2008,PVD,RI,ANE,EN,Combined TRACON& Tower with Radar,119,60,32,0,211,0,6,39,0,45,119,66,71,0,256,0,0,0,256
10/27/2008,PVD,RI,ANE,EN,Combined TRACON& Tower with Radar,124,63,20,0,207,0,0,39,0,39,124,63,59,0,246,2,0,2,248
10/28/2008,PVD,RI,ANE,EN,Combined TRACON& Tower with Radar,126,45,28,1,200,0,0,0,0,0,126,45,28,1,200,0,0,0,200
10/29/2008,PVD,RI,ANE,EN,Combined TRACON& Tower with Radar,128,53,19,4,204,0,2,13,3,18,128,55,32,7,222,0,0,0,222
10/30/2008,PVD,RI,ANE,EN,Combined TRACON& Tower with Radar,131,56,36,0,223,0,2,39,0,41,131,58,75,0,264,2,0,2,266
10/31/2008,PVD,RI,ANE,EN,Combined TRACON& Tower with Radar,131,53,31,0,215,0,0,51,0,51,131,53,82,0,266,2,0,2,268
11/01/2008,PVD,RI,ANE,EN,Combined TRACON& Tower with Radar,113,35,25,0,173,0,0,44,0,44,113,35,69,0,217,0,0,0,217
11/02/2008,PVD,RI,ANE,EN,Combined TRACON& Tower with Radar,118,50,12,0,180,0,0,42,0,42,118,50,54,0,222,0,0,0,222
11/03/2008,PVD,RI,ANE,EN,Combined TRACON& Tower with Radar,128,57,33,0,218,0,0,27,1,28,128,57,60,1,246,4,0,4,250
11/04/2008,PVD,RI,ANE,EN,Combined TRACON& Tower with Radar,133,49,25,0,207,0,0,37,0,37,133,49,62,0,244,0,0,0,244
11/05/2008,PVD,RI,ANE,EN,Combined TRACON& Tower with Radar,133,55,34,0,222,0,0,34,0,34,133,55,68,0,256,2,0,2,258
11/06/2008,PVD,RI,ANE,EN,Combined TRACON& Tower with Radar,126,47,32,0,205,0,0,0,0,0,126,47,32,0,205,0,0,0,205
11/07/2008,PVD,RI,ANE,EN,Combined TRACON& Tower with Radar,129,61,29,0,219,0,0,0,0,0,129,61,29,0,219,0,0,0,219
11/08/2008,PVD,RI,ANE,EN,Combined TRACON& Tower with Radar,118,36,11,2,167,0,0,0,0,0,118,36,11,2,167,0,0,0,167
11/09/2008,PVD,RI,ANE,EN,Combined TRACON& Tower with Radar,123,47,14,2,186,0,1,37,0,38,123,48,51,2,224,0,0,0,224
11/10/2008,PVD,RI,ANE,EN,Combined TRACON& Tower with Radar,130,60,24,0,214,0,0,48,0,48,130,60,72,0,262,0,0,0,262
11/11/2008,PVD,RI,ANE,EN,Combined TRACON& Tower with Radar,134,49,24,0,207,0,0,39,0,39,134,49,63,0,246,6,0,6,252
11/12/2008,PVD,RI,ANE,EN,Combined TRACON& Tower with Radar,134,55,33,0,222,0,0,56,0,56,134,55,89,0,278,14,0,14,292
11/13/2008,PVD,RI,ANE,EN,Combined TRACON& Tower with Radar,130,58,29,2,219,0,0,11,0,11,130,58,40,2,230,8,0,8,238
11/14/2008,PVD,RI,ANE,EN,Combined TRACON& Tower with Radar,133,48,15,0,196,0,0,0,0,0,133,48,15,0,196,0,0,0,196
11/15/2008,PVD,RI,ANE,EN,Combined TRACON& Tower with Radar,117,37,12,0,166,0,0,0,0,0,117,37,12,0,166,0,0,0,166
11/16/2008,PVD,RI,ANE,EN,Combined TRACON& Tower with Radar,123,45,8,0,176,0,0,4,0,4,123,45,12,0,180,2,0,2,182
11/17/2008,PVD,RI,ANE,EN,Combined TRACON& Tower with Radar,130,56,19,0,205,0,2,52,0,54,130,58,71,0,259,0,0,0,259
11/18/2008,PVD,RI,ANE,EN,Combined TRACON& Tower with Radar,133,52,22,0,207,0,1,24,0,25,133,53,46,0,232,0,0,0,232
11/19/2008,PVD,RI,ANE,EN,Combined TRACON& Tower with Radar,134,52,32,0,218,0,0,24,0,24,134,52,56,0,242,0,0,0,242
11/20/2008,PVD,RI,ANE,EN,Combined TRACON& Tower with Radar,133,58,30,0,221,0,1,33,0,34,133,59,63,0,255,0,0,0,255
11/21/2008,PVD,RI,ANE,EN,Combined TRACON& Tower with Radar,136,60,21,0,217,0,0,25,0,25,136,60,46,0,242,14,0,14,256
11/22/2008,PVD,RI,ANE,EN,Combined TRACON& Tower with Radar,119,36,7,0,162,0,0,10,0,10,119,36,17,0,172,0,0,0,172
11/23/2008,PVD,RI,ANE,EN,Combined TRACON& Tower with Radar,122,47,10,0,179,0,0,31,0,31,122,47,41,0,210,8,0,8,218
11/24/2008,PVD,RI,ANE,EN,Combined TRACON& Tower with Radar,131,57,27,0,215,0,0,40,0,40,131,57,67,0,255,4,0,4,259
11/25/2008,PVD,RI,ANE,EN,Combined TRACON& Tower with Radar,135,57,22,0,214,0,0,2,0,2,135,57,24,0,216,0,0,0,216
11/26/2008,PVD,RI,ANE,EN,Combined TRACON& Tower with Radar,135,54,30,0,219,0,0,46,2,48,135,54,76,2,267,2,0,2,269
11/27/2008,PVD,RI,ANE,EN,Combined TRACON& Tower with Radar,72,25,10,0,107,0,0,18,0,18,72,25,28,0,125,0,0,0,125
11/28/2008,PVD,RI,ANE,EN,Combined TRACON& Tower with Radar,110,27,8,0,145,0,0,20,0,20,110,27,28,0,165,0,0,0,165
11/29/2008,PVD,RI,ANE,EN,Combined TRACON& Tower with Radar,122,38,25,0,185,0,0,63,0,63,122,38,88,0,248,0,0,0,248
11/30/2008,PVD,RI,ANE,EN,Combined TRACON& Tower with Radar,125,49,23,0,197,0,1,6,0,7,125,50,29,0,204,0,0,0,204
12/01/2008,PVD,RI,ANE,EN,Combined TRACON& Tower with Radar,127,61,28,0,216,0,0,16,0,16,127,61,44,0,232,4,0,4,236
12/02/2008,PVD,RI,ANE,EN,Combined TRACON& Tower with Radar,133,52,27,0,212,0,0,36,0,36,133,52,63,0,248,10,0,10,258
12/03/2008,PVD,RI,ANE,EN,Combined TRACON& Tower with Radar,135,60,20,0,215,0,0,39,0,39,135,60,59,0,254,4,0,4,258
12/04/2008,PVD,RI,ANE,EN,Combined TRACON& Tower with Radar,136,61,18,0,215,0,0,7,0,7,136,61,25,0,222,0,0,0,222
12/05/2008,PVD,RI,ANE,EN,Combined TRACON& Tower with Radar,134,57,18,1,210,0,2,32,1,35,134,59,50,2,245,12,0,12,257
12/06/2008,PVD,RI,ANE,EN,Combined TRACON& Tower with Radar,112,37,32,0,181,0,0,66,0,66,112,37,98,0,247,22,0,22,269
12/07/2008,PVD,RI,ANE,EN,Combined TRACON& Tower with Radar,118,52,15,0,185,0,0,0,0,0,118,52,15,0,185,0,0,0,185
12/08/2008,PVD,RI,ANE,EN,Combined TRACON& Tower with Radar,131,57,27,0,215,0,1,27,0,28,131,58,54,0,243,12,0,12,255
12/09/2008,PVD,RI,ANE,EN,Combined TRACON& Tower with Radar,136,51,25,0,212,0,0,18,0,18,136,51,43,0,230,0,0,0,230
12/10/2008,PVD,RI,ANE,EN,Combined TRACON& Tower with Radar,134,46,22,0,202,0,0,0,0,0,134,46,22,0,202,0,0,0,202
12/11/2008,PVD,RI,ANE,EN,Combined TRACON& Tower with Radar,137,54,21,0,212,0,0,0,0,0,137,54,21,0,212,0,0,0,212
12/12/2008,PVD,RI,ANE,EN,Combined TRACON& Tower with Radar,136,51,12,2,201,0,0,0,0,0,136,51,12,2,201,0,0,0,201
12/13/2008,PVD,RI,ANE,EN,Combined TRACON& Tower with Radar,113,33,22,0,168,0,0,48,0,48,113,33,70,0,216,0,0,0,216
12/14/2008,PVD,RI,ANE,EN,Combined TRACON& Tower with Radar,114,50,17,0,181,0,2,27,0,29,114,52,44,0,210,8,0,8,218
12/15/2008,PVD,RI,ANE,EN,Combined TRACON& Tower with Radar,129,50,13,0,192,0,0,2,0,2,129,50,15,0,194,0,0,0,194
12/16/2008,PVD,RI,ANE,EN,Combined TRACON& Tower with Radar,130,47,22,0,199,0,1,4,0,5,130,48,26,0,204,0,0,0,204
12/17/2008,PVD,RI,ANE,EN,Combined TRACON& Tower with Radar,130,54,33,0,217,0,0,0,0,0,130,54,33,0,217,0,0,0,217
12/18/2008,PVD,RI,ANE,EN,Combined TRACON& Tower with Radar,132,52,28,0,212,0,1,37,0,38,132,53,65,0,250,26,0,26,276
12/19/2008,PVD,RI,ANE,EN,Combined TRACON& Tower with Radar,92,19,10,0,121,0,0,7,0,7,92,19,17,0,128,0,0,0,128
12/20/2008,PVD,RI,ANE,EN,Combined TRACON& Tower with Radar,121,45,13,0,179,0,0,0,0,0,121,45,13,0,179,0,0,0,179
12/21/2008,PVD,RI,ANE,EN,Combined TRACON& Tower with Radar,110,38,10,0,158,0,0,0,0,0,110,38,10,0,158,0,0,0,158
12/22/2008,PVD,RI,ANE,EN,Combined TRACON& Tower with Radar,126,55,14,0,195,0,1,6,0,7,126,56,20,0,202,0,0,0,202
12/23/2008,PVD,RI,ANE,EN,Combined TRACON& Tower with Radar,129,59,11,3,202,0,0,14,0,14,129,59,25,3,216,0,0,0,216
12/24/2008,PVD,RI,ANE,EN,Combined TRACON& Tower with Radar,108,39,0,0,147,0,0,0,0,0,108,39,0,0,147,0,0,0,147
12/25/2008,PVD,RI,ANE,EN,Combined TRACON& Tower with Radar,106,24,3,0,133,0,0,3,0,3,106,24,6,0,136,0,0,0,136
12/26/2008,PVD,RI,ANE,EN,Combined TRACON& Tower with Radar,126,41,15,0,182,0,0,40,0,40,126,41,55,0,222,6,0,6,228
12/27/2008,PVD,RI,ANE,EN,Combined TRACON& Tower with Radar,119,24,18,0,161,0,0,6,0,6,119,24,24,0,167,18,0,18,185
12/28/2008,PVD,RI,ANE,EN,Combined TRACON& Tower with Radar,126,27,6,0,159,0,0,0,0,0,126,27,6,0,159,0,0,0,159
12/29/2008,PVD,RI,ANE,EN,Combined TRACON& Tower with Radar,132,31,9,0,172,0,0,43,0,43,132,31,52,0,215,24,0,24,239
12/30/2008,PVD,RI,ANE,EN,Combined TRACON& Tower with Radar,132,36,6,0,174,0,0,0,0,0,132,36,6,0,174,0,0,0,174
12/31/2008,PVD,RI,ANE,EN,Combined TRACON& Tower with Radar,86,24,5,0,115,0,0,2,0,2,86,24,7,0,117,0,0,0,117
01/01/2009,PVD,RI,ANE,EN,Combined TRACON& Tower with Radar,108,27,8,0,143,0,1,13,0,14,108,28,21,0,157,26,0,26,183
01/02/2009,PVD,RI,ANE,EN,Combined TRACON& Tower with Radar,132,40,15,0,187,0,0,24,0,24,132,40,39,0,211,0,0,0,211
01/03/2009,PVD,RI,ANE,EN,Combined TRACON& Tower with Radar,121,26,10,0,157,0,0,25,0,25,121,26,35,0,182,0,0,0,182
01/04/2009,PVD,RI,ANE,EN,Combined TRACON& Tower with Radar,118,50,20,0,188,0,1,54,0,55,118,51,74,0,243,6,0,6,249
01/05/2009,PVD,RI,ANE,EN,Combined TRACON& Tower with Radar,124,54,13,0,191,0,0,28,0,28,124,54,41,0,219,0,0,0,219
01/06/2009,PVD,RI,ANE,EN,Combined TRACON& Tower with Radar,122,56,32,2,212,0,0,37,0,37,122,56,69,2,249,12,0,12,261
01/07/2009,PVD,RI,ANE,EN,Combined TRACON& Tower with Radar,114,43,16,0,173,0,0,0,0,0,114,43,16,0,173,0,0,0,173
01/08/2009,PVD,RI,ANE,EN,Combined TRACON& Tower with Radar,127,59,19,0,205,0,0,0,0,0,127,59,19,0,205,0,0,0,205
01/09/2009,PVD,RI,ANE,EN,Combined TRACON& Tower with Radar,126,56,21,0,203,0,0,26,0,26,126,56,47,0,229,18,0,18,247
01/10/2009,PVD,RI,ANE,EN,Combined TRACON& Tower with Radar,98,22,16,0,136,0,0,40,0,40,98,22,56,0,176,10,0,10,186
01/11/2009,PVD,RI,ANE,EN,Combined TRACON& Tower with Radar,100,49,9,0,158,0,0,0,0,0,100,49,9,0,158,0,0,0,158
01/12/2009,PVD,RI,ANE,EN,Combined TRACON& Tower with Radar,119,57,27,0,203,0,0,13,0,13,119,57,40,0,216,10,0,10,226
01/13/2009,PVD,RI,ANE,EN,Combined TRACON& Tower with Radar,122,52,23,1,198,0,0,25,1,26,122,52,48,2,224,0,0,0,224
01/14/2009,PVD,RI,ANE,EN,Combined TRACON& Tower with Radar,122,56,24,0,202,0,0,20,0,20,122,56,44,0,222,4,0,4,226
01/15/2009,PVD,RI,ANE,EN,Combined TRACON& Tower with Radar,117,52,18,0,187,0,0,1,0,1,117,52,19,0,188,0,0,0,188
01/16/2009,PVD,RI,ANE,EN,Combined TRACON& Tower with Radar,124,54,18,1,197,0,1,29,1,31,124,55,47,2,228,4,0,4,232
01/17/2009,PVD,RI,ANE,EN,Combined TRACON& Tower with Radar,95,27,10,0,132,0,0,29,0,29,95,27,39,0,161,2,0,2,163
01/18/2009,PVD,RI,ANE,EN,Combined TRACON& Tower with Radar,105,37,7,2,151,0,0,0,0,0,105,37,7,2,151,0,0,0,151
01/19/2009,PVD,RI,ANE,EN,Combined TRACON& Tower with Radar,117,59,24,7,207,0,0,13,7,20,117,59,37,14,227,0,0,0,227
01/20/2009,PVD,RI,ANE,EN,Combined TRACON& Tower with Radar,122,49,18,0,189,0,0,33,0,33,122,49,51,0,222,18,0,18,240
01/21/2009,PVD,RI,ANE,EN,Combined TRACON& Tower with Radar,122,49,19,0,190,0,0,31,0,31,122,49,50,0,221,28,0,28,249
01/22/2009,PVD,RI,ANE,EN,Combined TRACON& Tower with Radar,121,51,30,1,203,0,0,28,0,28,121,51,58,1,231,4,0,4,235
01/23/2009,PVD,RI,ANE,EN,Combined TRACON& Tower with Radar,121,56,20,0,197,0,0,40,0,40,121,56,60,0,237,12,0,12,249
01/24/2009,PVD,RI,ANE,EN,Combined TRACON& Tower with Radar,95,28,10,0,133,0,0,17,0,17,95,28,27,0,150,0,0,0,150
01/25/2009,PVD,RI,ANE,EN,Combined TRACON& Tower with Radar,108,42,8,0,158,0,0,25,0,25,108,42,33,0,183,2,0,2,185
01/26/2009,PVD,RI,ANE,EN,Combined TRACON& Tower with Radar,117,58,20,0,195,0,0,18,0,18,117,58,38,0,213,6,0,6,219
01/27/2009,PVD,RI,ANE,EN,Combined TRACON& Tower with Radar,117,59,27,0,203,0,0,22,0,22,117,59,49,0,225,4,0,4,229
01/28/2009,PVD,RI,ANE,EN,Combined TRACON& Tower with Radar,106,35,10,0,151,0,0,0,0,0,106,35,10,0,151,0,0,0,151
01/29/2009,PVD,RI,ANE,EN,Combined TRACON& Tower with Radar,121,56,27,0,204,0,0,23,0,23,121,56,50,0,227,2,0,2,229
01/30/2009,PVD,RI,ANE,EN,Combined TRACON& Tower with Radar,118,57,19,0,194,0,0,30,0,30,118,57,49,0,224,12,0,12,236
01/31/2009,PVD,RI,ANE,EN,Combined TRACON& Tower with Radar,96,25,7,0,128,0,0,22,0,22,96,25,29,0,150,32,0,32,182
02/01/2009,PVD,RI,ANE,EN,Combined TRACON& Tower with Radar,108,44,14,0,166,0,1,25,0,26,108,45,39,0,192,22,0,22,214
02/02/2009,PVD,RI,ANE,EN,Combined TRACON& Tower with Radar,122,57,24,0,203,0,0,26,0,26,122,57,50,0,229,14,0,14,243
02/03/2009,PVD,RI,ANE,EN,Combined TRACON& Tower with Radar,115,48,8,0,171,0,0,0,0,0,115,48,8,0,171,0,0,0,171
02/04/2009,PVD,RI,ANE,EN,Combined TRACON& Tower with Radar,122,49,26,0,197,0,0,13,0,13,122,49,39,0,210,22,0,22,232
02/05/2009,PVD,RI,ANE,EN,Combined TRACON& Tower with Radar,123,55,18,1,197,0,0,14,1,15,123,55,32,2,212,4,0,4,216
02/06/2009,PVD,RI,ANE,EN,Combined TRACON& Tower with Radar,119,50,20,4,193,0,0,30,0,30,119,50,50,4,223,6,0,6,229
02/07/2009,PVD,RI,ANE,EN,Combined TRACON& Tower with Radar,95,25,17,0,137,0,0,55,0,55,95,25,72,0,192,8,0,8,200
02/08/2009,PVD,RI,ANE,EN,Combined TRACON& Tower with Radar,113,44,5,2,164,0,0,10,0,10,113,44,15,2,174,0,0,0,174
02/09/2009,PVD,RI,ANE,EN,Combined TRACON& Tower with Radar,119,56,24,0,199,0,0,33,0,33,119,56,57,0,232,20,0,20,252
02/10/2009,PVD,RI,ANE,EN,Combined TRACON& Tower with Radar,122,49,21,3,195,0,0,14,0,14,122,49,35,3,209,0,0,0,209
02/11/2009,PVD,RI,ANE,EN,Combined TRACON& Tower with Radar,122,51,26,0,199,0,0,30,0,30,122,51,56,0,229,8,0,8,237
02/12/2009,PVD,RI,ANE,EN,Combined TRACON& Tower with Radar,121,52,13,0,186,0,0,0,0,0,121,52,13,0,186,0,0,0,186
02/13/2009,PVD,RI,ANE,EN,Combined TRACON& Tower with Radar,120,57,19,0,196,0,0,5,0,5,120,57,24,0,201,2,0,2,203
02/14/2009,PVD,RI,ANE,EN,Combined TRACON& Tower with Radar,96,30,30,0,156,0,0,7,0,7,96,30,37,0,163,14,0,14,177
02/15/2009,PVD,RI,ANE,EN,Combined TRACON& Tower with Radar,112,38,20,0,170,0,0,7,0,7,112,38,27,0,177,0,0,0,177
02/16/2009,PVD,RI,ANE,EN,Combined TRACON& Tower with Radar,117,55,47,0,219,0,1,13,0,14,117,56,60,0,233,10,0,10,243
02/17/2009,PVD,RI,ANE,EN,Combined TRACON& Tower with Radar,122,64,40,1,227,0,1,10,1,12,122,65,50,2,239,16,0,16,255
02/18/2009,PVD,RI,ANE,EN,Combined TRACON& Tower with Radar,119,55,38,0,212,0,0,6,0,6,119,55,44,0,218,26,0,26,244
02/19/2009,PVD,RI,ANE,EN,Combined TRACON& Tower with Radar,121,64,28,0,213,0,0,1,0,1,121,64,29,0,214,0,0,0,214
02/20/2009,PVD,RI,ANE,EN,Combined TRACON& Tower with Radar,121,59,11,0,191,0,0,1,0,1,121,59,12,0,192,0,0,0,192
02/21/2009,PVD,RI,ANE,EN,Combined TRACON& Tower with Radar,98,37,34,0,169,0,0,10,0,10,98,37,44,0,179,8,0,8,187
02/22/2009,PVD,RI,ANE,EN,Combined TRACON& Tower with Radar,107,35,12,2,156,0,0,2,0,2,107,35,14,2,158,20,0,20,178
02/23/2009,PVD,RI,ANE,EN,Combined TRACON& Tower with Radar,121,54,25,0,200,0,0,0,0,0,121,54,25,0,200,0,0,0,200
02/24/2009,PVD,RI,ANE,EN,Combined TRACON& Tower with Radar,124,59,41,2,226,0,0,8,0,8,124,59,49,2,234,18,0,18,252
02/25/2009,PVD,RI,ANE,EN,Combined TRACON& Tower with Radar,125,59,57,0,241,0,0,15,0,15,125,59,72,0,256,28,0,28,284
02/26/2009,PVD,RI,ANE,EN,Combined TRACON& Tower with Radar,119,54,31,0,204,0,0,11,0,11,119,54,42,0,215,2,0,2,217
02/27/2009,PVD,RI,ANE,EN,Combined TRACON& Tower with Radar,121,61,18,3,203,0,0,3,0,3,121,61,21,3,206,0,0,0,206
02/28/2009,PVD,RI,ANE,EN,Combined TRACON& Tower with Radar,94,33,50,1,178,0,0,6,0,6,94,33,56,1,184,8,0,8,192
03/01/2009,PVD,RI,ANE,EN,Combined TRACON& Tower with Radar,94,40,6,2,142,0,0,0,0,0,94,40,6,2,142,0,0,0,142
03/02/2009,PVD,RI,ANE,EN,Combined TRACON& Tower with Radar,78,16,6,0,100,0,0,0,0,0,78,16,6,0,100,0,0,0,100
03/03/2009,PVD,RI,ANE,EN,Combined TRACON& Tower with Radar,119,54,32,1,206,0,0,6,1,7,119,54,38,2,213,14,0,14,227
03/04/2009,PVD,RI,ANE,EN,Combined TRACON& Tower with Radar,122,53,40,0,215,0,0,3,0,3,122,53,43,0,218,0,0,0,218
03/05/2009,PVD,RI,ANE,EN,Combined TRACON& Tower with Radar,122,59,49,0,230,0,0,13,0,13,122,59,62,0,243,10,0,10,253
03/06/2009,PVD,RI,ANE,EN,Combined TRACON& Tower with Radar,120,61,23,0,204,0,0,6,0,6,120,61,29,0,210,18,0,18,228
03/07/2009,PVD,RI,ANE,EN,Combined TRACON& Tower with Radar,103,35,74,2,214,0,0,27,0,27,103,35,101,2,241,16,0,16,257
03/08/2009,PVD,RI,ANE,EN,Combined TRACON& Tower with Radar,108,40,34,2,184,0,0,9,0,9,108,40,43,2,193,18,0,18,211
03/09/2009,PVD,RI,ANE,EN,Combined TRACON& Tower with Radar,121,51,19,0,191,0,0,0,0,0,121,51,19,0,191,0,0,0,191
03/10/2009,PVD,RI,ANE,EN,Combined TRACON& Tower with Radar,126,56,42,0,224,0,0,14,0,14,126,56,56,0,238,36,0,36,274
03/11/2009,PVD,RI,ANE,EN,Combined TRACON& Tower with Radar,123,49,11,0,183,0,0,0,0,0,123,49,11,0,183,0,0,0,183
03/12/2009,PVD,RI,ANE,EN,Combined TRACON& Tower with Radar,124,61,34,0,219,0,0,9,0,9,124,61,43,0,228,0,0,0,228
03/13/2009,PVD,RI,ANE,EN,Combined TRACON& Tower with Radar,122,58,44,0,224,0,0,10,0,10,122,58,54,0,234,0,0,0,234
03/14/2009,PVD,RI,ANE,EN,Combined TRACON& Tower with Radar,102,36,38,0,176,0,0,16,0,16,102,36,54,0,192,4,0,4,196
03/15/2009,PVD,RI,ANE,EN,Combined TRACON& Tower with Radar,113,42,54,0,209,0,0,12,0,12,113,42,66,0,221,0,0,0,221
03/16/2009,PVD,RI,ANE,EN,Combined TRACON& Tower with Radar,118,57,26,0,201,0,0,5,0,5,118,57,31,0,206,0,0,0,206
03/17/2009,PVD,RI,ANE,EN,Combined TRACON& Tower with Radar,127,56,53,0,236,0,0,12,0,12,127,56,65,0,248,0,0,0,248
03/18/2009,PVD,RI,ANE,EN,Combined TRACON& Tower with Radar,125,65,41,0,231,0,0,11,0,11,125,65,52,0,242,0,0,0,242
03/19/2009,PVD,RI,ANE,EN,Combined TRACON& Tower with Radar,127,60,30,0,217,0,0,2,0,2,127,60,32,0,219,0,0,0,219
03/20/2009,PVD,RI,ANE,EN,Combined TRACON& Tower with Radar,123,64,46,0,233,0,0,8,0,8,123,64,54,0,241,0,0,0,241
03/21/2009,PVD,RI,ANE,EN,Combined TRACON& Tower with Radar,103,35,40,0,178,0,0,10,0,10,103,35,50,0,188,14,0,14,202
03/22/2009,PVD,RI,ANE,EN,Combined TRACON& Tower with Radar,112,39,22,1,174,0,0,15,0,15,112,39,37,1,189,39,0,39,228
03/23/2009,PVD,RI,ANE,EN,Combined TRACON& Tower with Radar,124,57,24,0,205,0,0,4,0,4,124,57,28,0,209,0,0,0,209
03/24/2009,PVD,RI,ANE,EN,Combined TRACON& Tower with Radar,127,55,30,0,212,0,0,0,0,0,127,55,30,0,212,0,0,0,212
03/25/2009,PVD,RI,ANE,EN,Combined TRACON& Tower with Radar,124,52,40,0,216,0,0,9,0,9,124,52,49,0,225,14,0,14,239
03/26/2009,PVD,RI,ANE,EN,Combined TRACON& Tower with Radar,118,50,42,2,212,0,0,4,0,4,118,50,46,2,216,0,0,0,216
03/27/2009,PVD,RI,ANE,EN,Combined TRACON& Tower with Radar,125,57,56,0,238,0,0,8,0,8,125,57,64,0,246,10,0,10,256
03/28/2009,PVD,RI,ANE,EN,Combined TRACON& Tower with Radar,103,33,46,0,182,0,0,13,0,13,103,33,59,0,195,0,0,0,195
03/29/2009,PVD,RI,ANE,EN,Combined TRACON& Tower with Radar,108,38,17,0,163,0,0,0,0,0,108,38,17,0,163,0,0,0,163
03/30/2009,PVD,RI,ANE,EN,Combined TRACON& Tower with Radar,125,59,15,0,199,0,0,1,0,1,125,59,16,0,200,0,0,0,200
03/31/2009,PVD,RI,ANE,EN,Combined TRACON& Tower with Radar,127,48,62,2,239,0,0,10,0,10,127,48,72,2,249,2,0,2,251
04/01/2009,PVD,RI,ANE,EN,Combined TRACON& Tower with Radar,127,47,26,0,200,0,0,1,0,1,127,47,27,0,201,0,0,0,201
04/02/2009,PVD,RI,ANE,EN,Combined TRACON& Tower with Radar,124,58,27,0,209,0,0,0,0,0,124,58,27,0,209,0,0,0,209
04/03/2009,PVD,RI,ANE,EN,Combined TRACON& Tower with Radar,122,48,11,1,182,0,0,0,0,0,122,48,11,1,182,0,0,0,182
04/04/2009,PVD,RI,ANE,EN,Combined TRACON& Tower with Radar,104,27,15,1,147,0,0,0,0,0,104,27,15,1,147,0,0,0,147
04/05/2009,PVD,RI,ANE,EN,Combined TRACON& Tower with Radar,109,46,29,0,184,0,0,16,0,16,109,46,45,0,200,0,0,0,200
04/06/2009,PVD,RI,ANE,EN,Combined TRACON& Tower with Radar,123,43,15,0,181,0,0,1,0,1,123,43,16,0,182,0,0,0,182
04/07/2009,PVD,RI,ANE,EN,Combined TRACON& Tower with Radar,128,47,35,0,210,0,0,4,0,4,128,47,39,0,214,0,0,0,214
04/08/2009,PVD,RI,ANE,EN,Combined TRACON& Tower with Radar,132,52,47,0,231,0,0,4,0,4,132,52,51,0,235,2,0,2,237
04/09/2009,PVD,RI,ANE,EN,Combined TRACON& Tower with Radar,130,66,53,0,249,0,1,7,0,8,130,67,60,0,257,6,0,6,263
04/10/2009,PVD,RI,ANE,EN,Combined TRACON& Tower with Radar,126,51,40,0,217,0,0,5,0,5,126,51,45,0,222,0,0,0,222
04/11/2009,PVD,RI,ANE,EN,Combined TRACON& Tower with Radar,103,30,5,0,138,0,0,0,0,0,103,30,5,0,138,0,0,0,138
04/12/2009,PVD,RI,ANE,EN,Combined TRACON& Tower with Radar,108,39,18,0,165,0,0,5,0,5,108,39,23,0,170,0,0,0,170
04/13/2009,PVD,RI,ANE,EN,Combined TRACON& Tower with Radar,126,61,40,0,227,0,0,9,0,9,126,61,49,0,236,12,0,12,248
04/14/2009,PVD,RI,ANE,EN,Combined TRACON& Tower with Radar,128,45,50,0,223,0,0,14,0,14,128,45,64,0,237,0,0,0,237
04/15/2009,PVD,RI,ANE,EN,Combined TRACON& Tower with Radar,130,49,51,0,230,0,0,8,0,8,130,49,59,0,238,20,0,20,258
04/16/2009,PVD,RI,ANE,EN,Combined TRACON& Tower with Radar,133,51,32,0,216,0,0,5,0,5,133,51,37,0,221,0,0,0,221
04/17/2009,PVD,RI,ANE,EN,Combined TRACON& Tower with Radar,130,50,60,0,240,0,0,16,0,16,130,50,76,0,256,0,0,0,256
04/18/2009,PVD,RI,ANE,EN,Combined TRACON& Tower with Radar,106,30,44,0,180,0,0,10,0,10,106,30,54,0,190,0,0,0,190
04/19/2009,PVD,RI,ANE,EN,Combined TRACON& Tower with Radar,117,39,50,0,206,0,0,16,0,16,117,39,66,0,222,2,0,2,224
04/20/2009,PVD,RI,ANE,EN,Combined TRACON& Tower with Radar,127,45,25,0,197,0,0,6,0,6,127,45,31,0,203,8,0,8,211
04/21/2009,PVD,RI,ANE,EN,Combined TRACON& Tower with Radar,134,45,24,0,203,0,0,0,0,0,134,45,24,0,203,0,0,0,203
04/22/2009,PVD,RI,ANE,EN,Combined TRACON& Tower with Radar,138,55,45,1,239,0,0,2,0,2,138,55,47,1,241,4,0,4,245
04/23/2009,PVD,RI,ANE,EN,Combined TRACON& Tower with Radar,130,49,25,3,207,0,0,4,0,4,130,49,29,3,211,0,0,0,211
04/24/2009,PVD,RI,ANE,EN,Combined TRACON& Tower with Radar,128,56,78,2,264,0,0,18,1,19,128,56,96,3,283,2,0,2,285
04/25/2009,PVD,RI,ANE,EN,Combined TRACON& Tower with Radar,102,28,65,0,195,0,0,24,0,24,102,28,89,0,219,34,0,34,253
04/26/2009,PVD,RI,ANE,EN,Combined TRACON& Tower with Radar,114,41,60,0,215,0,0,17,0,17,114,41,77,0,232,20,0,20,252
04/27/2009,PVD,RI,ANE,EN,Combined TRACON& Tower with Radar,127,48,34,0,209,0,0,13,0,13,127,48,47,0,222,2,0,2,224
04/28/2009,PVD,RI,ANE,EN,Combined TRACON& Tower with Radar,125,50,40,0,215,0,0,16,0,16,125,50,56,0,231,16,0,16,247
04/29/2009,PVD,RI,ANE,EN,Combined TRACON& Tower with Radar,128,52,47,0,227,0,0,10,0,10,128,52,57,0,237,6,0,6,243
04/30/2009,PVD,RI,ANE,EN,Combined TRACON& Tower with Radar,128,53,37,0,218,0,0,9,0,9,128,53,46,0,227,6,0,6,233
05/01/2009,PVD,RI,ANE,EN,Combined TRACON& Tower with Radar,129,52,22,0,203,0,0,0,0,0,129,52,22,0,203,0,0,0,203
05/02/2009,PVD,RI,ANE,EN,Combined TRACON& Tower with Radar,107,26,26,0,159,0,0,6,0,6,107,26,32,0,165,2,0,2,167
05/03/2009,PVD,RI,ANE,EN,Combined TRACON& Tower with Radar,111,35,35,0,181,0,0,9,0,9,111,35,44,0,190,0,0,0,190
05/04/2009,PVD,RI,ANE,EN,Combined TRACON& Tower with Radar,127,45,33,0,205,0,0,8,0,8,127,45,41,0,213,2,0,2,215
05/05/2009,PVD,RI,ANE,EN,Combined TRACON& Tower with Radar,131,48,20,3,202,0,0,0,0,0,131,48,20,3,202,0,0,0,202
05/06/2009,PVD,RI,ANE,EN,Combined TRACON& Tower with Radar,129,52,30,2,213,0,0,3,0,3,129,52,33,2,216,0,0,0,216
05/07/2009,PVD,RI,ANE,EN,Combined TRACON& Tower with Radar,133,53,31,0,217,0,0,0,0,0,133,53,31,0,217,0,0,0,217
05/08/2009,PVD,RI,ANE,EN,Combined TRACON& Tower with Radar,133,52,46,0,231,0,0,14,0,14,133,52,60,0,245,0,0,0,245
05/09/2009,PVD,RI,ANE,EN,Combined TRACON& Tower with Radar,103,32,22,0,157,0,0,0,0,0,103,32,22,0,157,0,0,0,157
05/10/2009,PVD,RI,ANE,EN,Combined TRACON& Tower with Radar,110,39,10,0,159,0,0,2,0,2,110,39,12,0,161,0,0,0,161
05/11/2009,PVD,RI,ANE,EN,Combined TRACON& Tower with Radar,127,48,46,0,221,0,0,17,0,17,127,48,63,0,238,0,0,0,238
05/12/2009,PVD,RI,ANE,EN,Combined TRACON& Tower with Radar,130,50,29,0,209,0,0,7,0,7,130,50,36,0,216,0,0,0,216
05/13/2009,PVD,RI,ANE,EN,Combined TRACON& Tower with Radar,129,56,66,0,251,0,0,9,0,9,129,56,75,0,260,26,0,26,286
05/14/2009,PVD,RI,ANE,EN,Combined TRACON& Tower with Radar,129,51,23,0,203,0,0,1,0,1,129,51,24,0,204,0,0,0,204
05/15/2009,PVD,RI,ANE,EN,Combined TRACON& Tower with Radar,129,59,41,1,230,0,0,4,0,4,129,59,45,1,234,8,0,8,242
05/16/2009,PVD,RI,ANE,EN,Combined TRACON& Tower with Radar,103,26,47,1,177,0,0,13,0,13,103,26,60,1,190,10,0,10,200
05/17/2009,PVD,RI,ANE,EN,Combined TRACON& Tower with Radar,111,40,23,2,176,0,0,6,0,6,111,40,29,2,182,0,0,0,182
05/18/2009,PVD,RI,ANE,EN,Combined TRACON& Tower with Radar,127,54,42,0,223,0,1,8,0,9,127,55,50,0,232,4,0,4,236
05/19/2009,PVD,RI,ANE,EN,Combined TRACON& Tower with Radar,132,50,50,0,232,0,0,14,0,14,132,50,64,0,246,0,0,0,246
05/20/2009,PVD,RI,ANE,EN,Combined TRACON& Tower with Radar,128,44,66,0,238,0,0,20,0,20,128,44,86,0,258,12,0,12,270
05/21/2009,PVD,RI,ANE,EN,Combined TRACON& Tower with Radar,129,52,56,3,240,0,0,18,0,18,129,52,74,3,258,0,0,0,258
05/22/2009,PVD,RI,ANE,EN,Combined TRACON& Tower with Radar,128,67,70,0,265,0,0,17,0,17,128,67,87,0,282,4,0,4,286
05/23/2009,PVD,RI,ANE,EN,Combined TRACON& Tower with Radar,100,33,40,0,173,0,0,8,0,8,100,33,48,0,181,0,0,0,181
05/24/2009,PVD,RI,ANE,EN,Combined TRACON& Tower with Radar,101,43,18,2,164,0,0,1,0,1,101,43,19,2,165,0,0,0,165
05/25/2009,PVD,RI,ANE,EN,Combined TRACON& Tower with Radar,112,50,46,2,210,0,0,22,0,22,112,50,68,2,232,0,0,0,232
05/26/2009,PVD,RI,ANE,EN,Combined TRACON& Tower with Radar,128,45,48,2,223,0,0,11,0,11,128,45,59,2,234,0,0,0,234
05/27/2009,PVD,RI,ANE,EN,Combined TRACON& Tower with Radar,125,53,37,0,215,0,0,0,0,0,125,53,37,0,215,0,0,0,215
05/28/2009,PVD,RI,ANE,EN,Combined TRACON& Tower with Radar,124,49,26,0,199,0,0,1,0,1,124,49,27,0,200,0,0,0,200
05/29/2009,PVD,RI,ANE,EN,Combined TRACON& Tower with Radar,126,48,24,2,200,0,0,0,0,0,126,48,24,2,200,0,0,0,200
05/30/2009,PVD,RI,ANE,EN,Combined TRACON& Tower with Radar,105,26,44,0,175,0,1,15,0,16,105,27,59,0,191,8,0,8,199
05/31/2009,PVD,RI,ANE,EN,Combined TRACON& Tower with Radar,109,42,40,0,191,0,0,10,0,10,109,42,50,0,201,8,0,8,209
06/01/2009,PVD,RI,ANE,EN,Combined TRACON& Tower with Radar,127,54,32,2,215,0,0,10,0,10,127,54,42,2,225,8,0,8,233
06/02/2009,PVD,RI,ANE,EN,Combined TRACON& Tower with Radar,129,42,43,0,214,0,0,10,0,10,129,42,53,0,224,0,0,0,224
06/03/2009,PVD,RI,ANE,EN,Combined TRACON& Tower with Radar,121,42,39,0,202,0,0,6,0,6,121,42,45,0,208,0,0,0,208
06/04/2009,PVD,RI,ANE,EN,Combined TRACON& Tower with Radar,124,49,28,0,201,0,0,7,0,7,124,49,35,0,208,0,0,0,208
06/05/2009,PVD,RI,ANE,EN,Combined TRACON& Tower with Radar,122,81,25,0,228,0,0,0,0,0,122,81,25,0,228,0,0,0,228
06/06/2009,PVD,RI,ANE,EN,Combined TRACON& Tower with Radar,107,55,52,0,214,0,0,5,0,5,107,55,57,0,219,0,0,0,219
06/07/2009,PVD,RI,ANE,EN,Combined TRACON& Tower with Radar,111,57,41,0,209,0,1,16,0,17,111,58,57,0,226,0,0,0,226
06/08/2009,PVD,RI,ANE,EN,Combined TRACON& Tower with Radar,118,83,47,0,248,0,3,10,0,13,118,86,57,0,261,0,0,0,261
06/09/2009,PVD,RI,ANE,EN,Combined TRACON& Tower with Radar,115,61,27,1,204,0,0,1,0,1,115,61,28,1,205,0,0,0,205
06/10/2009,PVD,RI,ANE,EN,Combined TRACON& Tower with Radar,116,75,28,1,220,0,0,0,0,0,116,75,28,1,220,0,0,0,220
06/11/2009,PVD,RI,ANE,EN,Combined TRACON& Tower with Radar,123,76,44,2,245,0,0,0,0,0,123,76,44,2,245,0,0,0,245
06/12/2009,PVD,RI,ANE,EN,Combined TRACON& Tower with Radar,122,85,30,2,239,0,0,0,0,0,122,85,30,2,239,0,0,0,239
06/13/2009,PVD,RI,ANE,EN,Combined TRACON& Tower with Radar,105,69,52,0,226,0,1,17,0,18,105,70,69,0,244,22,0,22,266
06/14/2009,PVD,RI,ANE,EN,Combined TRACON& Tower with Radar,116,67,34,2,219,0,0,10,0,10,116,67,44,2,229,12,0,12,241
06/15/2009,PVD,RI,ANE,EN,Combined TRACON& Tower with Radar,121,77,39,0,237,0,0,6,0,6,121,77,45,0,243,0,0,0,243
06/16/2009,PVD,RI,ANE,EN,Combined TRACON& Tower with Radar,125,81,42,0,248,0,0,14,0,14,125,81,56,0,262,0,0,0,262
06/17/2009,PVD,RI,ANE,EN,Combined TRACON& Tower with Radar,121,82,73,1,277,0,2,32,0,34,121,84,105,1,311,0,0,0,311
06/18/2009,PVD,RI,ANE,EN,Combined TRACON& Tower with Radar,123,77,32,0,232,0,1,5,0,6,123,78,37,0,238,6,0,6,244
06/19/2009,PVD,RI,ANE,EN,Combined TRACON& Tower with Radar,119,83,44,2,248,0,0,0,0,0,119,83,44,2,248,0,0,0,248
06/20/2009,PVD,RI,ANE,EN,Combined TRACON& Tower with Radar,105,60,48,0,213,0,1,4,0,5,105,61,52,0,218,0,0,0,218
06/21/2009,PVD,RI,ANE,EN,Combined TRACON& Tower with Radar,112,74,29,2,217,0,0,1,0,1,112,74,30,2,218,0,0,0,218
06/22/2009,PVD,RI,ANE,EN,Combined TRACON& Tower with Radar,117,67,20,0,204,0,0,0,0,0,117,67,20,0,204,0,0,0,204
06/23/2009,PVD,RI,ANE,EN,Combined TRACON& Tower with Radar,124,99,43,0,266,0,0,2,0,2,124,99,45,0,268,18,0,18,286
06/24/2009,PVD,RI,ANE,EN,Combined TRACON& Tower with Radar,121,94,51,1,267,0,0,0,0,0,121,94,51,1,267,0,0,0,267
06/25/2009,PVD,RI,ANE,EN,Combined TRACON& Tower with Radar,122,82,55,5,264,0,0,10,0,10,122,82,65,5,274,0,0,0,274
06/26/2009,PVD,RI,ANE,EN,Combined TRACON& Tower with Radar,119,78,44,2,243,0,1,7,0,8,119,79,51,2,251,10,4,14,265
06/27/2009,PVD,RI,ANE,EN,Combined TRACON& Tower with Radar,105,70,35,7,217,0,0,8,0,8,105,70,43,7,225,0,0,0,225
06/28/2009,PVD,RI,ANE,EN,Combined TRACON& Tower with Radar,108,73,30,0,211,0,0,3,0,3,108,73,33,0,214,0,0,0,214
06/29/2009,PVD,RI,ANE,EN,Combined TRACON& Tower with Radar,121,89,36,4,250,0,1,10,0,11,121,90,46,4,261,36,0,36,297
06/30/2009,PVD,RI,ANE,EN,Combined TRACON& Tower with Radar,136,77,51,4,268,0,1,14,0,15,136,78,65,4,283,0,0,0,283
07/01/2009,PVD,RI,ANE,EN,Combined TRACON& Tower with Radar,122,80,18,0,220,0,2,0,0,2,122,82,18,0,222,20,0,20,242
07/02/2009,PVD,RI,ANE,EN,Combined TRACON& Tower with Radar,124,103,19,3,249,0,0,2,0,2,124,103,21,3,251,0,0,0,251
07/03/2009,PVD,RI,ANE,EN,Combined TRACON& Tower with Radar,117,74,26,0,217,0,1,8,0,9,117,75,34,0,226,12,0,12,238
07/04/2009,PVD,RI,ANE,EN,Combined TRACON& Tower with Radar,85,54,36,0,175,0,1,17,0,18,85,55,53,0,193,20,0,20,213
07/05/2009,PVD,RI,ANE,EN,Combined TRACON& Tower with Radar,101,65,37,0,203,0,0,11,0,11,101,65,48,0,214,0,0,0,214
07/06/2009,PVD,RI,ANE,EN,Combined TRACON& Tower with Radar,122,92,61,0,275,0,0,19,0,19,122,92,80,0,294,10,0,10,304
07/07/2009,PVD,RI,ANE,EN,Combined TRACON& Tower with Radar,125,62,15,1,203,0,0,0,0,0,125,62,15,1,203,0,0,0,203
07/08/2009,PVD,RI,ANE,EN,Combined TRACON& Tower with Radar,120,77,36,0,233,0,0,8,0,8,120,77,44,0,241,0,0,0,241
07/09/2009,PVD,RI,ANE,EN,Combined TRACON& Tower with Radar,126,75,52,0,253,0,0,9,0,9,126,75,61,0,262,36,0,36,298
07/10/2009,PVD,RI,ANE,EN,Combined TRACON& Tower with Radar,123,88,76,0,287,0,5,26,0,31,123,93,102,0,318,4,0,4,322
07/11/2009,PVD,RI,ANE,EN,Combined TRACON& Tower with Radar,107,66,56,0,229,0,0,10,0,10,107,66,66,0,239,26,0,26,265
07/12/2009,PVD,RI,ANE,EN,Combined TRACON& Tower with Radar,109,81,56,0,246,0,0,12,0,12,109,81,68,0,258,14,0,14,272
07/13/2009,PVD,RI,ANE,EN,Combined TRACON& Tower with Radar,122,80,39,2,243,0,1,11,0,12,122,81,50,2,255,6,0,6,261
07/14/2009,PVD,RI,ANE,EN,Combined TRACON& Tower with Radar,128,73,61,0,262,0,3,11,0,14,128,76,72,0,276,18,0,18,294
07/15/2009,PVD,RI,ANE,EN,Combined TRACON& Tower with Radar,120,84,64,0,268,0,4,21,0,25,120,88,85,0,293,0,0,0,293
07/16/2009,PVD,RI,ANE,EN,Combined TRACON& Tower with Radar,121,78,39,0,238,0,1,10,0,11,121,79,49,0,249,4,0,4,253
07/17/2009,PVD,RI,ANE,EN,Combined TRACON& Tower with Radar,123,88,42,0,253,0,3,9,0,12,123,91,51,0,265,22,0,22,287
07/18/2009,PVD,RI,ANE,EN,Combined TRACON& Tower with Radar,106,70,38,0,214,0,1,2,0,3,106,71,40,0,217,0,0,0,217
07/19/2009,PVD,RI,ANE,EN,Combined TRACON& Tower with Radar,111,73,49,0,233,0,2,10,0,12,111,75,59,0,245,8,0,8,253
07/20/2009,PVD,RI,ANE,EN,Combined TRACON& Tower with Radar,125,82,56,0,263,0,0,23,0,23,125,82,79,0,286,6,0,6,292
07/21/2009,PVD,RI,ANE,EN,Combined TRACON& Tower with Radar,122,76,28,0,226,0,0,0,0,0,122,76,28,0,226,2,0,2,228
07/22/2009,PVD,RI,ANE,EN,Combined TRACON& Tower with Radar,123,89,45,0,257,0,3,18,0,21,123,92,63,0,278,48,0,48,326
07/23/2009,PVD,RI,ANE,EN,Combined TRACON& Tower with Radar,118,89,40,8,255,0,0,2,0,2,118,89,42,8,257,8,0,8,265
07/24/2009,PVD,RI,ANE,EN,Combined TRACON& Tower with Radar,126,78,41,0,245,0,1,11,0,12,126,79,52,0,257,6,0,6,263
07/25/2009,PVD,RI,ANE,EN,Combined TRACON& Tower with Radar,104,65,52,0,221,0,0,18,0,18,104,65,70,0,239,0,0,0,239
07/26/2009,PVD,RI,ANE,EN,Combined TRACON& Tower with Radar,109,72,25,0,206,0,0,5,0,5,109,72,30,0,211,8,0,8,219
07/27/2009,PVD,RI,ANE,EN,Combined TRACON& Tower with Radar,121,85,52,2,260,0,1,4,0,5,121,86,56,2,265,0,0,0,265
07/28/2009,PVD,RI,ANE,EN,Combined TRACON& Tower with Radar,125,86,54,0,265,0,0,20,1,21,125,86,74,1,286,8,0,8,294
07/29/2009,PVD,RI,ANE,EN,Combined TRACON& Tower with Radar,119,80,47,0,246,0,0,0,0,0,119,80,47,0,246,0,0,0,246
07/30/2009,PVD,RI,ANE,EN,Combined TRACON& Tower with Radar,126,74,33,3,236,0,9,18,1,28,126,83,51,4,264,4,0,4,268
07/31/2009,PVD,RI,ANE,EN,Combined TRACON& Tower with Radar,119,78,20,0,217,0,5,5,0,10,119,83,25,0,227,26,0,26,253
08/01/2009,PVD,RI,ANE,EN,Combined TRACON& Tower with Radar,106,39,24,0,169,0,21,53,0,74,106,60,77,0,243,10,0,10,253
08/02/2009,PVD,RI,ANE,EN,Combined TRACON& Tower with Radar,104,68,27,0,199,0,0,2,0,2,104,68,29,0,201,10,0,10,211
08/03/2009,PVD,RI,ANE,EN,Combined TRACON& Tower with Radar,120,60,19,0,199,0,21,41,0,62,120,81,60,0,261,6,0,6,267
08/04/2009,PVD,RI,ANE,EN,Combined TRACON& Tower with Radar,126,73,25,0,224,0,2,14,0,16,126,75,39,0,240,36,0,36,276
08/05/2009,PVD,RI,ANE,EN,Combined TRACON& Tower with Radar,126,86,30,0,242,0,7,13,0,20,126,93,43,0,262,38,0,38,300
08/06/2009,PVD,RI,ANE,EN,Combined TRACON& Tower with Radar,125,55,29,0,209,0,32,55,0,87,125,87,84,0,296,6,0,6,302
08/07/2009,PVD,RI,ANE,EN,Combined TRACON& Tower with Radar,126,55,19,0,200,0,32,40,0,72,126,87,59,0,272,80,0,80,352
08/08/2009,PVD,RI,ANE,EN,Combined TRACON& Tower with Radar,108,37,17,0,162,0,24,64,0,88,108,61,81,0,250,4,0,4,254
08/09/2009,PVD,RI,ANE,EN,Combined TRACON& Tower with Radar,107,52,30,0,189,0,24,40,0,64,107,76,70,0,253,0,0,0,253
08/10/2009,PVD,RI,ANE,EN,Combined TRACON& Tower with Radar,119,54,30,0,203,0,23,27,0,50,119,77,57,0,253,0,0,0,253
08/11/2009,PVD,RI,ANE,EN,Combined TRACON& Tower with Radar,140,64,18,1,223,0,24,45,1,70,140,88,63,2,293,0,0,0,293
08/12/2009,PVD,RI,ANE,EN,Combined TRACON& Tower with Radar,126,85,37,3,251,0,0,7,2,9,126,85,44,5,260,30,0,30,290
08/13/2009,PVD,RI,ANE,EN,Combined TRACON& Tower with Radar,126,99,44,2,271,0,0,1,2,3,126,99,45,4,274,2,0,2,276
08/14/2009,PVD,RI,ANE,EN,Combined TRACON& Tower with Radar,125,61,23,0,209,0,26,64,0,90,125,87,87,0,299,6,0,6,305
08/15/2009,PVD,RI,ANE,EN,Combined TRACON& Tower with Radar,109,43,12,1,165,0,24,59,0,83,109,67,71,1,248,2,0,2,250
08/16/2009,PVD,RI,ANE,EN,Combined TRACON& Tower with Radar,103,43,13,0,159,0,24,24,0,48,103,67,37,0,207,4,0,4,211
08/17/2009,PVD,RI,ANE,EN,Combined TRACON& Tower with Radar,120,58,34,0,212,0,21,40,0,61,120,79,74,0,273,10,0,10,283
08/18/2009,PVD,RI,ANE,EN,Combined TRACON& Tower with Radar,118,45,28,2,193,0,23,42,0,65,118,68,70,2,258,34,0,34,292
08/19/2009,PVD,RI,ANE,EN,Combined TRACON& Tower with Radar,120,49,22,0,191,0,27,43,0,70,120,76,65,0,261,18,0,18,279
08/20/2009,PVD,RI,ANE,EN,Combined TRACON& Tower with Radar,119,62,29,0,210,0,9,28,0,37,119,71,57,0,247,76,0,76,323
08/21/2009,PVD,RI,ANE,EN,Combined TRACON& Tower with Radar,118,76,21,0,215,0,3,6,0,9,118,79,27,0,224,0,0,0,224
08/22/2009,PVD,RI,ANE,EN,Combined TRACON& Tower with Radar,99,57,19,0,175,0,11,7,0,18,99,68,26,0,193,4,0,4,197
08/23/2009,PVD,RI,ANE,EN,Combined TRACON& Tower with Radar,105,61,23,0,189,0,1,26,0,27,105,62,49,0,216,0,0,0,216
08/24/2009,PVD,RI,ANE,EN,Combined TRACON& Tower with Radar,118,69,33,0,220,0,6,35,0,41,118,75,68,0,261,0,0,0,261
08/25/2009,PVD,RI,ANE,EN,Combined TRACON& Tower with Radar,119,79,34,0,232,0,4,46,4,54,119,83,80,4,286,20,0,20,306
08/26/2009,PVD,RI,ANE,EN,Combined TRACON& Tower with Radar,118,67,20,0,205,0,8,27,0,35,118,75,47,0,240,0,0,0,240
08/27/2009,PVD,RI,ANE,EN,Combined TRACON& Tower with Radar,121,68,47,0,236,0,9,46,0,55,121,77,93,0,291,8,0,8,299
08/28/2009,PVD,RI,ANE,EN,Combined TRACON& Tower with Radar,125,64,52,0,241,0,10,40,0,50,125,74,92,0,291,30,0,30,321
08/29/2009,PVD,RI,ANE,EN,Combined TRACON& Tower with Radar,100,30,1,0,131,0,0,0,0,0,100,30,1,0,131,0,0,0,131
08/30/2009,PVD,RI,ANE,EN,Combined TRACON& Tower with Radar,103,64,19,0,186,0,1,8,0,9,103,65,27,0,195,0,0,0,195
08/31/2009,PVD,RI,ANE,EN,Combined TRACON& Tower with Radar,117,47,22,2,188,0,26,50,0,76,117,73,72,2,264,4,0,4,268
09/01/2009,PVD,RI,ANE,EN,Combined TRACON& Tower with Radar,121,47,26,0,194,0,31,52,0,83,121,78,78,0,277,56,0,56,333
09/02/2009,PVD,RI,ANE,EN,Combined TRACON& Tower with Radar,125,42,24,0,191,0,28,53,0,81,125,70,77,0,272,8,0,8,280
09/03/2009,PVD,RI,ANE,EN,Combined TRACON& Tower with Radar,124,44,26,2,196,0,27,61,0,88,124,71,87,2,284,2,0,2,286
09/04/2009,PVD,RI,ANE,EN,Combined TRACON& Tower with Radar,124,58,38,0,220,0,25,56,0,81,124,83,94,0,301,14,0,14,315
09/05/2009,PVD,RI,ANE,EN,Combined TRACON& Tower with Radar,99,37,26,0,162,0,26,69,0,95,99,63,95,0,257,0,0,0,257
09/06/2009,PVD,RI,ANE,EN,Combined TRACON& Tower with Radar,91,34,18,0,143,0,25,35,0,60,91,59,53,0,203,8,0,8,211
09/07/2009,PVD,RI,ANE,EN,Combined TRACON& Tower with Radar,108,59,41,0,208,0,28,45,0,73,108,87,86,0,281,0,0,0,281
09/08/2009,PVD,RI,ANE,EN,Combined TRACON& Tower with Radar,124,42,27,0,193,0,26,35,0,61,124,68,62,0,254,0,0,0,254
09/09/2009,PVD,RI,ANE,EN,Combined TRACON& Tower with Radar,126,44,33,0,203,0,6,20,0,26,126,50,53,0,229,8,0,8,237
09/10/2009,PVD,RI,ANE,EN,Combined TRACON& Tower with Radar,126,37,36,0,199,0,15,36,0,51,126,52,72,0,250,30,0,30,280
09/11/2009,PVD,RI,ANE,EN,Combined TRACON& Tower with Radar,119,63,25,0,207,0,0,2,0,2,119,63,27,0,209,0,0,0,209
09/12/2009,PVD,RI,ANE,EN,Combined TRACON& Tower with Radar,98,49,14,2,163,0,0,0,0,0,98,49,14,2,163,0,0,0,163
09/13/2009,PVD,RI,ANE,EN,Combined TRACON& Tower with Radar,117,47,16,2,182,0,9,34,0,43,117,56,50,2,225,6,0,6,231
09/14/2009,PVD,RI,ANE,EN,Combined TRACON& Tower with Radar,125,37,28,0,190,0,24,45,0,69,125,61,73,0,259,6,0,6,265
09/15/2009,PVD,RI,ANE,EN,Combined TRACON& Tower with Radar,126,34,32,0,192,0,14,37,0,51,126,48,69,0,243,14,0,14,257
09/16/2009,PVD,RI,ANE,EN,Combined TRACON& Tower with Radar,126,47,26,2,201,0,6,9,0,15,126,53,35,2,216,2,0,2,218
09/17/2009,PVD,RI,ANE,EN,Combined TRACON& Tower with Radar,126,48,17,0,191,0,8,25,0,33,126,56,42,0,224,0,0,0,224
09/18/2009,PVD,RI,ANE,EN,Combined TRACON& Tower with Radar,127,46,25,2,200,0,20,26,1,47,127,66,51,3,247,0,0,0,247
09/19/2009,PVD,RI,ANE,EN,Combined TRACON& Tower with Radar,102,28,12,0,142,1,20,45,0,66,103,48,57,0,208,20,0,20,228
09/20/2009,PVD,RI,ANE,EN,Combined TRACON& Tower with Radar,112,39,17,0,168,0,25,49,0,74,112,64,66,0,242,13,0,13,255
09/21/2009,PVD,RI,ANE,EN,Combined TRACON& Tower with Radar,122,50,26,0,198,0,20,30,0,50,122,70,56,0,248,10,0,10,258
09/22/2009,PVD,RI,ANE,EN,Combined TRACON& Tower with Radar,126,35,27,0,188,0,13,38,0,51,126,48,65,0,239,22,0,22,261
09/23/2009,PVD,RI,ANE,EN,Combined TRACON& Tower with Radar,126,53,34,0,213,0,10,19,0,29,126,63,53,0,242,10,0,10,252
09/24/2009,PVD,RI,ANE,EN,Combined TRACON& Tower with Radar,128,49,23,2,202,0,10,23,0,33,128,59,46,2,235,2,0,2,237
09/25/2009,PVD,RI,ANE,EN,Combined TRACON& Tower with Radar,124,39,25,2,190,0,18,26,0,44,124,57,51,2,234,6,0,6,240
09/26/2009,PVD,RI,ANE,EN,Combined TRACON& Tower with Radar,103,23,21,0,147,0,15,67,0,82,103,38,88,0,229,4,0,4,233
09/27/2009,PVD,RI,ANE,EN,Combined TRACON& Tower with Radar,112,52,21,2,187,0,0,0,0,0,112,52,21,2,187,0,0,0,187
09/28/2009,PVD,RI,ANE,EN,Combined TRACON& Tower with Radar,120,38,24,0,182,0,20,18,0,38,120,58,42,0,220,0,0,0,220
09/29/2009,PVD,RI,ANE,EN,Combined TRACON& Tower with Radar,123,30,25,0,178,0,0,9,0,9,123,30,34,0,187,4,0,4,191
09/30/2009,PVD,RI,ANE,EN,Combined TRACON& Tower with Radar,124,35,29,0,188,0,0,22,0,22,124,35,51,0,210,4,0,4,214
10/01/2009,PVD,RI,ANE,EN,Combined TRACON& Tower with Radar,128,49,28,2,207,0,0,30,0,30,128,49,58,2,237,20,0,20,257
10/02/2009,PVD,RI,ANE,EN,Combined TRACON& Tower with Radar,126,43,18,0,187,0,4,26,0,30,126,47,44,0,217,0,0,0,217
10/03/2009,PVD,RI,ANE,EN,Combined TRACON& Tower with Radar,105,26,13,2,146,0,0,2,0,2,105,26,15,2,148,0,0,0,148
10/04/2009,PVD,RI,ANE,EN,Combined TRACON& Tower with Radar,114,30,18,0,162,0,0,21,0,21,114,30,39,0,183,0,0,0,183
10/05/2009,PVD,RI,ANE,EN,Combined TRACON& Tower with Radar,122,42,14,0,178,0,0,28,0,28,122,42,42,0,206,14,0,14,220
10/06/2009,PVD,RI,ANE,EN,Combined TRACON& Tower with Radar,126,39,32,2,199,0,2,49,0,51,126,41,81,2,250,0,0,0,250
10/07/2009,PVD,RI,ANE,EN,Combined TRACON& Tower with Radar,133,46,20,0,199,0,0,1,0,1,133,46,21,0,200,0,0,0,200
10/08/2009,PVD,RI,ANE,EN,Combined TRACON& Tower with Radar,126,48,45,0,219,0,0,40,0,40,126,48,85,0,259,0,0,0,259
10/09/2009,PVD,RI,ANE,EN,Combined TRACON& Tower with Radar,126,48,24,0,198,0,0,15,0,15,126,48,39,0,213,0,0,0,213
10/10/2009,PVD,RI,ANE,EN,Combined TRACON& Tower with Radar,104,28,15,0,147,0,2,24,0,26,104,30,39,0,173,0,0,0,173
10/11/2009,PVD,RI,ANE,EN,Combined TRACON& Tower with Radar,113,28,12,0,153,0,0,35,0,35,113,28,47,0,188,6,0,6,194
10/12/2009,PVD,RI,ANE,EN,Combined TRACON& Tower with Radar,122,40,17,0,179,0,0,28,0,28,122,40,45,0,207,0,0,0,207
10/13/2009,PVD,RI,ANE,EN,Combined TRACON& Tower with Radar,125,37,29,0,191,0,1,17,0,18,125,38,46,0,209,36,0,36,245
10/14/2009,PVD,RI,ANE,EN,Combined TRACON& Tower with Radar,123,39,33,1,196,0,0,45,0,45,123,39,78,1,241,0,0,0,241
10/15/2009,PVD,RI,ANE,EN,Combined TRACON& Tower with Radar,121,50,32,7,210,0,0,14,1,15,121,50,46,8,225,0,0,0,225
10/16/2009,PVD,RI,ANE,EN,Combined TRACON& Tower with Radar,121,59,30,2,212,0,0,1,1,2,121,59,31,3,214,0,0,0,214
10/17/2009,PVD,RI,ANE,EN,Combined TRACON& Tower with Radar,101,40,36,0,177,0,0,24,0,24,101,40,60,0,201,8,0,8,209
10/18/2009,PVD,RI,ANE,EN,Combined TRACON& Tower with Radar,109,42,10,2,163,0,0,0,0,0,109,42,10,2,163,0,0,0,163
10/19/2009,PVD,RI,ANE,EN,Combined TRACON& Tower with Radar,117,42,19,0,178,0,0,26,0,26,117,42,45,0,204,0,0,0,204
10/20/2009,PVD,RI,ANE,EN,Combined TRACON& Tower with Radar,121,45,26,0,192,0,0,51,0,51,121,45,77,0,243,10,0,10,253
10/21/2009,PVD,RI,ANE,EN,Combined TRACON& Tower with Radar,119,43,27,0,189,0,0,53,0,53,119,43,80,0,242,10,0,10,252
10/22/2009,PVD,RI,ANE,EN,Combined TRACON& Tower with Radar,123,48,31,0,202,0,0,37,0,37,123,48,68,0,239,0,0,0,239
10/23/2009,PVD,RI,ANE,EN,Combined TRACON& Tower with Radar,122,52,17,0,191,0,2,33,0,35,122,54,50,0,226,0,0,0,226
10/24/2009,PVD,RI,ANE,EN,Combined TRACON& Tower with Radar,99,28,9,0,136,0,0,0,0,0,99,28,9,0,136,0,0,0,136
10/25/2009,PVD,RI,ANE,EN,Combined TRACON& Tower with Radar,109,33,23,0,165,0,0,35,0,35,109,33,58,0,200,0,0,0,200
10/26/2009,PVD,RI,ANE,EN,Combined TRACON& Tower with Radar,122,36,14,0,172,0,0,49,0,49,122,36,63,0,221,10,0,10,231
10/27/2009,PVD,RI,ANE,EN,Combined TRACON& Tower with Radar,126,37,42,7,212,0,0,16,1,17,126,37,58,8,229,0,0,0,229
10/28/2009,PVD,RI,ANE,EN,Combined TRACON& Tower with Radar,123,38,17,6,184,0,0,0,0,0,123,38,17,6,184,0,0,0,184
10/29/2009,PVD,RI,ANE,EN,Combined TRACON& Tower with Radar,124,51,31,5,211,0,0,23,0,23,124,51,54,5,234,0,0,0,234
10/30/2009,PVD,RI,ANE,EN,Combined TRACON& Tower with Radar,128,50,29,0,207,0,2,46,0,48,128,52,75,0,255,0,0,0,255
10/31/2009,PVD,RI,ANE,EN,Combined TRACON& Tower with Radar,97,32,11,0,140,0,0,1,0,1,97,32,12,0,141,0,0,0,141
11/01/2009,PVD,RI,ANE,EN,Combined TRACON& Tower with Radar,106,32,13,0,151,0,0,28,0,28,106,32,41,0,179,0,0,0,179
11/02/2009,PVD,RI,ANE,EN,Combined TRACON& Tower with Radar,120,43,28,1,192,0,3,28,1,32,120,46,56,2,224,4,0,4,228
11/03/2009,PVD,RI,ANE,EN,Combined TRACON& Tower with Radar,122,33,20,0,175,0,0,31,2,33,122,33,51,2,208,2,0,2,210
11/04/2009,PVD,RI,ANE,EN,Combined TRACON& Tower with Radar,125,33,23,0,181,0,0,37,0,37,125,33,60,0,218,0,0,0,218
11/05/2009,PVD,RI,ANE,EN,Combined TRACON& Tower with Radar,125,47,22,3,197,0,0,17,1,18,125,47,39,4,215,14,0,14,229
11/06/2009,PVD,RI,ANE,EN,Combined TRACON& Tower with Radar,121,46,26,0,193,0,0,31,0,31,121,46,57,0,224,0,0,0,224
11/07/2009,PVD,RI,ANE,EN,Combined TRACON& Tower with Radar,98,31,28,0,157,0,0,46,0,46,98,31,74,0,203,10,0,10,213
11/08/2009,PVD,RI,ANE,EN,Combined TRACON& Tower with Radar,113,26,28,0,167,0,0,46,0,46,113,26,74,0,213,10,0,10,223
11/09/2009,PVD,RI,ANE,EN,Combined TRACON& Tower with Radar,121,39,23,0,183,0,0,38,0,38,121,39,61,0,221,34,0,34,255
11/10/2009,PVD,RI,ANE,EN,Combined TRACON& Tower with Radar,122,44,19,2,187,0,0,36,0,36,122,44,55,2,223,44,0,44,267
11/11/2009,PVD,RI,ANE,EN,Combined TRACON& Tower with Radar,122,49,23,0,194,0,0,30,0,30,122,49,53,0,224,0,0,0,224
11/12/2009,PVD,RI,ANE,EN,Combined TRACON& Tower with Radar,123,43,18,0,184,0,0,17,0,17,123,43,35,0,201,0,0,0,201
11/13/2009,PVD,RI,ANE,EN,Combined TRACON& Tower with Radar,122,34,24,0,180,0,0,2,0,2,122,34,26,0,182,0,0,0,182
11/14/2009,PVD,RI,ANE,EN,Combined TRACON& Tower with Radar,102,30,9,0,141,0,0,0,0,0,102,30,9,0,141,0,0,0,141
11/15/2009,PVD,RI,ANE,EN,Combined TRACON& Tower with Radar,115,30,13,0,158,0,0,0,0,0,115,30,13,0,158,0,0,0,158
11/16/2009,PVD,RI,ANE,EN,Combined TRACON& Tower with Radar,121,41,24,0,186,0,0,54,0,54,121,41,78,0,240,2,0,2,242
11/17/2009,PVD,RI,ANE,EN,Combined TRACON& Tower with Radar,123,33,23,2,181,0,0,56,0,56,123,33,79,2,237,14,0,14,251
11/18/2009,PVD,RI,ANE,EN,Combined TRACON& Tower with Radar,124,39,33,0,196,0,0,34,0,34,124,39,67,0,230,4,0,4,234
11/19/2009,PVD,RI,ANE,EN,Combined TRACON& Tower with Radar,120,38,22,0,180,0,1,18,0,19,120,39,40,0,199,12,0,12,211
11/20/2009,PVD,RI,ANE,EN,Combined TRACON& Tower with Radar,121,54,41,0,216,0,0,21,0,21,121,54,62,0,237,0,0,0,237
11/21/2009,PVD,RI,ANE,EN,Combined TRACON& Tower with Radar,98,31,30,0,159,0,0,73,0,73,98,31,103,0,232,38,0,38,270
11/22/2009,PVD,RI,ANE,EN,Combined TRACON& Tower with Radar,107,31,20,0,158,0,0,40,0,40,107,31,60,0,198,0,0,0,198
11/23/2009,PVD,RI,ANE,EN,Combined TRACON& Tower with Radar,121,39,17,0,177,0,0,3,1,4,121,39,20,1,181,0,0,0,181
11/24/2009,PVD,RI,ANE,EN,Combined TRACON& Tower with Radar,121,46,28,0,195,0,0,0,0,0,121,46,28,0,195,0,0,0,195
11/25/2009,PVD,RI,ANE,EN,Combined TRACON& Tower with Radar,123,52,40,0,215,0,0,0,0,0,123,52,40,0,215,2,0,2,217
11/26/2009,PVD,RI,ANE,EN,Combined TRACON& Tower with Radar,75,17,3,0,95,0,0,2,0,2,75,17,5,0,97,6,0,6,103
11/27/2009,PVD,RI,ANE,EN,Combined TRACON& Tower with Radar,108,20,5,0,133,0,0,2,0,2,108,20,7,0,135,0,0,0,135
11/28/2009,PVD,RI,ANE,EN,Combined TRACON& Tower with Radar,106,28,8,0,142,0,0,3,0,3,106,28,11,0,145,0,0,0,145
11/29/2009,PVD,RI,ANE,EN,Combined TRACON& Tower with Radar,126,36,33,0,195,0,0,62,0,62,126,36,95,0,257,20,0,20,277
11/30/2009,PVD,RI,ANE,EN,Combined TRACON& Tower with Radar,119,40,24,0,183,0,2,18,0,20,119,42,42,0,203,0,0,0,203
12/01/2009,PVD,RI,ANE,EN,Combined TRACON& Tower with Radar,121,46,26,1,194,0,0,42,1,43,121,46,68,2,237,2,0,2,239
12/02/2009,PVD,RI,ANE,EN,Combined TRACON& Tower with Radar,124,45,28,0,197,0,0,43,0,43,124,45,71,0,240,20,0,20,260
12/03/2009,PVD,RI,ANE,EN,Combined TRACON& Tower with Radar,123,44,17,0,184,0,0,2,0,2,123,44,19,0,186,0,0,0,186
12/04/2009,PVD,RI,ANE,EN,Combined TRACON& Tower with Radar,124,43,34,0,201,0,0,49,0,49,124,43,83,0,250,10,0,10,260
12/05/2009,PVD,RI,ANE,EN,Combined TRACON& Tower with Radar,96,25,9,0,130,0,0,1,0,1,96,25,10,0,131,42,0,42,173
12/06/2009,PVD,RI,ANE,EN,Combined TRACON& Tower with Radar,111,33,18,0,162,0,0,30,0,30,111,33,48,0,192,0,0,0,192
12/07/2009,PVD,RI,ANE,EN,Combined TRACON& Tower with Radar,119,35,17,0,171,0,0,24,0,24,119,35,41,0,195,10,0,10,205
12/08/2009,PVD,RI,ANE,EN,Combined TRACON& Tower with Radar,116,38,21,1,176,0,0,46,0,46,116,38,67,1,222,14,0,14,236
12/09/2009,PVD,RI,ANE,EN,Combined TRACON& Tower with Radar,128,35,22,0,185,0,0,0,0,0,128,35,22,0,185,0,0,0,185
12/10/2009,PVD,RI,ANE,EN,Combined TRACON& Tower with Radar,123,37,17,1,178,0,0,6,1,7,123,37,23,2,185,4,2,6,191
12/11/2009,PVD,RI,ANE,EN,Combined TRACON& Tower with Radar,122,40,20,0,182,0,0,5,0,5,122,40,25,0,187,0,0,0,187
12/12/2009,PVD,RI,ANE,EN,Combined TRACON& Tower with Radar,99,30,10,0,139,0,0,35,0,35,99,30,45,0,174,0,0,0,174
12/13/2009,PVD,RI,ANE,EN,Combined TRACON& Tower with Radar,108,23,11,0,142,0,0,19,0,19,108,23,30,0,161,0,0,0,161
12/14/2009,PVD,RI,ANE,EN,Combined TRACON& Tower with Radar,118,36,19,2,175,0,0,32,2,34,118,36,51,4,209,2,4,6,215
12/15/2009,PVD,RI,ANE,EN,Combined TRACON& Tower with Radar,124,35,28,4,191,0,0,18,0,18,124,35,46,4,209,0,0,0,209
12/16/2009,PVD,RI,ANE,EN,Combined TRACON& Tower with Radar,129,42,30,0,201,0,0,18,0,18,129,42,48,0,219,0,0,0,219
12/17/2009,PVD,RI,ANE,EN,Combined TRACON& Tower with Radar,127,43,28,0,198,0,0,11,0,11,127,43,39,0,209,0,0,0,209
12/18/2009,PVD,RI,ANE,EN,Combined TRACON& Tower with Radar,121,47,20,0,188,0,0,33,0,33,121,47,53,0,221,4,0,4,225
12/19/2009,PVD,RI,ANE,EN,Combined TRACON& Tower with Radar,64,17,12,0,93,0,0,33,0,33,64,17,45,0,126,20,0,20,146
12/20/2009,PVD,RI,ANE,EN,Combined TRACON& Tower with Radar,58,21,2,0,81,0,0,3,0,3,58,21,5,0,84,0,0,0,84
12/21/2009,PVD,RI,ANE,EN,Combined TRACON& Tower with Radar,115,45,8,0,168,0,0,4,0,4,115,45,12,0,172,0,0,0,172
12/22/2009,PVD,RI,ANE,EN,Combined TRACON& Tower with Radar,124,50,20,2,196,0,0,2,0,2,124,50,22,2,198,2,0,2,200
12/23/2009,PVD,RI,ANE,EN,Combined TRACON& Tower with Radar,119,51,5,0,175,0,0,10,0,10,119,51,15,0,185,0,0,0,185
12/24/2009,PVD,RI,ANE,EN,Combined TRACON& Tower with Radar,94,29,4,0,127,0,0,14,0,14,94,29,18,0,141,0,0,0,141
12/25/2009,PVD,RI,ANE,EN,Combined TRACON& Tower with Radar,94,16,2,0,112,0,0,2,0,2,94,16,4,0,114,0,0,0,114
12/26/2009,PVD,RI,ANE,EN,Combined TRACON& Tower with Radar,103,25,4,0,132,0,0,1,0,1,103,25,5,0,133,12,0,12,145
12/27/2009,PVD,RI,ANE,EN,Combined TRACON& Tower with Radar,110,39,12,0,161,0,0,3,0,3,110,39,15,0,164,12,0,12,176
12/28/2009,PVD,RI,ANE,EN,Combined TRACON& Tower with Radar,114,44,12,0,170,0,0,9,0,9,114,44,21,0,179,20,0,20,199
12/29/2009,PVD,RI,ANE,EN,Combined TRACON& Tower with Radar,117,45,5,0,167,0,0,0,0,0,117,45,5,0,167,0,0,0,167
12/30/2009,PVD,RI,ANE,EN,Combined TRACON& Tower with Radar,111,36,29,0,176,0,0,44,1,45,111,36,73,1,221,0,0,0,221
12/31/2009,PVD,RI,ANE,EN,Combined TRACON& Tower with Radar,86,25,3,0,114,0,0,3,0,3,86,25,6,0,117,2,0,2,119
01/01/2010,PVD,RI,ANE,EN,Combined TRACON& Tower with Radar,91,17,10,0,118,0,0,0,0,0,91,17,10,0,118,0,0,0,118
01/02/2010,PVD,RI,ANE,EN,Combined TRACON& Tower with Radar,108,24,11,0,143,0,0,0,0,0,108,24,11,0,143,0,0,0,143
01/03/2010,PVD,RI,ANE,EN,Combined TRACON& Tower with Radar,115,35,13,0,163,0,0,1,0,1,115,35,14,0,164,0,0,0,164
01/04/2010,PVD,RI,ANE,EN,Combined TRACON& Tower with Radar,114,43,14,0,171,0,0,24,0,24,114,43,38,0,195,12,0,12,207
01/05/2010,PVD,RI,ANE,EN,Combined TRACON& Tower with Radar,119,43,15,0,177,0,4,19,0,23,119,47,34,0,200,0,0,0,200
01/06/2010,PVD,RI,ANE,EN,Combined TRACON& Tower with Radar,120,42,17,0,179,0,0,26,0,26,120,42,43,0,205,4,0,4,209
01/07/2010,PVD,RI,ANE,EN,Combined TRACON& Tower with Radar,117,42,25,3,187,0,0,22,3,25,117,42,47,6,212,0,0,0,212
01/08/2010,PVD,RI,ANE,EN,Combined TRACON& Tower with Radar,112,40,8,0,160,0,0,0,0,0,112,40,8,0,160,0,0,0,160
01/09/2010,PVD,RI,ANE,EN,Combined TRACON& Tower with Radar,95,31,22,0,148,0,0,42,0,42,95,31,64,0,190,4,0,4,194
01/10/2010,PVD,RI,ANE,EN,Combined TRACON& Tower with Radar,114,34,13,0,161,0,0,35,0,35,114,34,48,0,196,0,0,0,196
01/11/2010,PVD,RI,ANE,EN,Combined TRACON& Tower with Radar,120,38,29,0,187,0,0,25,0,25,120,38,54,0,212,2,0,2,214
01/12/2010,PVD,RI,ANE,EN,Combined TRACON& Tower with Radar,124,41,31,1,197,0,2,28,1,31,124,43,59,2,228,12,0,12,240
01/13/2010,PVD,RI,ANE,EN,Combined TRACON& Tower with Radar,125,39,44,0,208,0,2,13,0,15,125,41,57,0,223,6,0,6,229
01/14/2010,PVD,RI,ANE,EN,Combined TRACON& Tower with Radar,126,45,26,4,201,0,0,36,0,36,126,45,62,4,237,18,0,18,255
01/15/2010,PVD,RI,ANE,EN,Combined TRACON& Tower with Radar,119,49,23,0,191,0,0,33,0,33,119,49,56,0,224,8,0,8,232
01/16/2010,PVD,RI,ANE,EN,Combined TRACON& Tower with Radar,85,36,19,0,140,0,0,56,0,56,85,36,75,0,196,8,0,8,204
01/17/2010,PVD,RI,ANE,EN,Combined TRACON& Tower with Radar,107,33,15,0,155,0,0,16,0,16,107,33,31,0,171,6,0,6,177
01/18/2010,PVD,RI,ANE,EN,Combined TRACON& Tower with Radar,120,41,17,0,178,0,0,0,0,0,120,41,17,0,178,0,0,0,178
01/19/2010,PVD,RI,ANE,EN,Combined TRACON& Tower with Radar,125,43,16,0,184,0,0,0,0,0,125,43,16,0,184,0,0,0,184
01/20/2010,PVD,RI,ANE,EN,Combined TRACON& Tower with Radar,124,41,17,0,182,0,0,34,0,34,124,41,51,0,216,6,0,6,222
01/21/2010,PVD,RI,ANE,EN,Combined TRACON& Tower with Radar,120,47,27,0,194,0,0,45,0,45,120,47,72,0,239,16,0,16,255
01/22/2010,PVD,RI,ANE,EN,Combined TRACON& Tower with Radar,136,47,16,0,199,0,0,30,0,30,136,47,46,0,229,0,0,0,229
01/23/2010,PVD,RI,ANE,EN,Combined TRACON& Tower with Radar,84,31,18,0,133,0,0,74,0,74,84,31,92,0,207,10,0,10,217
01/24/2010,PVD,RI,ANE,EN,Combined TRACON& Tower with Radar,106,32,8,0,146,0,0,24,0,24,106,32,32,0,170,0,0,0,170
01/25/2010,PVD,RI,ANE,EN,Combined TRACON& Tower with Radar,122,43,18,0,183,0,0,0,0,0,122,43,18,0,183,0,0,0,183
01/26/2010,PVD,RI,ANE,EN,Combined TRACON& Tower with Radar,123,37,14,0,174,0,0,21,0,21,123,37,35,0,195,0,0,0,195
01/27/2010,PVD,RI,ANE,EN,Combined TRACON& Tower with Radar,125,39,16,0,180,0,0,28,0,28,125,39,44,0,208,0,0,0,208
01/28/2010,PVD,RI,ANE,EN,Combined TRACON& Tower with Radar,132,44,21,0,197,0,0,6,0,6,132,44,27,0,203,16,0,16,219
01/29/2010,PVD,RI,ANE,EN,Combined TRACON& Tower with Radar,123,49,8,4,184,0,5,4,0,9,123,54,12,4,193,0,0,0,193
01/30/2010,PVD,RI,ANE,EN,Combined TRACON& Tower with Radar,82,29,15,0,126,0,0,35,0,35,82,29,50,0,161,46,0,46,207
01/31/2010,PVD,RI,ANE,EN,Combined TRACON& Tower with Radar,110,36,13,0,159,0,3,46,0,49,110,39,59,0,208,16,0,16,224
02/01/2010,PVD,RI,ANE,EN,Combined TRACON& Tower with Radar,122,44,27,0,193,0,0,34,0,34,122,44,61,0,227,18,0,18,245
02/02/2010,PVD,RI,ANE,EN,Combined TRACON& Tower with Radar,124,41,19,0,184,0,0,32,0,32,124,41,51,0,216,8,0,8,224
02/03/2010,PVD,RI,ANE,EN,Combined TRACON& Tower with Radar,125,43,19,7,194,0,0,17,3,20,125,43,36,10,214,4,0,4,218
02/04/2010,PVD,RI,ANE,EN,Combined TRACON& Tower with Radar,124,50,11,0,185,0,0,32,0,32,124,50,43,0,217,8,0,8,225
02/05/2010,PVD,RI,ANE,EN,Combined TRACON& Tower with Radar,100,43,28,0,171,0,0,52,0,52,100,43,80,0,223,12,0,12,235
02/06/2010,PVD,RI,ANE,EN,Combined TRACON& Tower with Radar,52,30,13,0,95,0,0,5,0,5,52,30,18,0,100,34,0,34,134
02/07/2010,PVD,RI,ANE,EN,Combined TRACON& Tower with Radar,71,32,11,0,114,0,0,31,0,31,71,32,42,0,145,0,0,0,145
02/08/2010,PVD,RI,ANE,EN,Combined TRACON& Tower with Radar,107,46,15,0,168,0,0,21,0,21,107,46,36,0,189,16,0,16,205
02/09/2010,PVD,RI,ANE,EN,Combined TRACON& Tower with Radar,99,44,21,0,164,0,0,32,0,32,99,44,53,0,196,56,0,56,252
02/10/2010,PVD,RI,ANE,EN,Combined TRACON& Tower with Radar,26,11,7,0,44,0,0,0,0,0,26,11,7,0,44,0,0,0,44
02/11/2010,PVD,RI,ANE,EN,Combined TRACON& Tower with Radar,75,40,19,2,136,0,0,15,2,17,75,40,34,4,153,14,0,14,167
02/12/2010,PVD,RI,ANE,EN,Combined TRACON& Tower with Radar,112,54,21,0,187,0,0,42,0,42,112,54,63,0,229,6,0,6,235
02/13/2010,PVD,RI,ANE,EN,Combined TRACON& Tower with Radar,92,37,17,0,146,0,0,51,0,51,92,37,68,0,197,64,0,64,261
02/14/2010,PVD,RI,ANE,EN,Combined TRACON& Tower with Radar,102,45,5,0,152,0,0,16,0,16,102,45,21,0,168,12,0,12,180
02/15/2010,PVD,RI,ANE,EN,Combined TRACON& Tower with Radar,110,43,16,0,169,0,0,24,0,24,110,43,40,0,193,24,0,24,217
02/16/2010,PVD,RI,ANE,EN,Combined TRACON& Tower with Radar,132,42,24,0,198,0,0,0,0,0,132,42,24,0,198,0,0,0,198
02/17/2010,PVD,RI,ANE,EN,Combined TRACON& Tower with Radar,123,46,18,0,187,0,0,22,0,22,123,46,40,0,209,4,0,4,213
02/18/2010,PVD,RI,ANE,EN,Combined TRACON& Tower with Radar,116,50,28,1,195,0,0,24,1,25,116,50,52,2,220,52,2,54,274
02/19/2010,PVD,RI,ANE,EN,Combined TRACON& Tower with Radar,116,51,17,0,184,0,2,13,0,15,116,53,30,0,199,4,0,4,203
02/20/2010,PVD,RI,ANE,EN,Combined TRACON& Tower with Radar,94,36,14,0,144,0,0,60,0,60,94,36,74,0,204,24,0,24,228
02/21/2010,PVD,RI,ANE,EN,Combined TRACON& Tower with Radar,98,45,12,0,155,0,0,31,0,31,98,45,43,0,186,16,0,16,202
02/22/2010,PVD,RI,ANE,EN,Combined TRACON& Tower with Radar,115,52,19,0,186,0,0,32,0,32,115,52,51,0,218,53,0,53,271
02/23/2010,PVD,RI,ANE,EN,Combined TRACON& Tower with Radar,116,45,30,0,191,0,0,3,0,3,116,45,33,0,194,44,0,44,238
02/24/2010,PVD,RI,ANE,EN,Combined TRACON& Tower with Radar,117,49,22,0,188,0,0,0,0,0,117,49,22,0,188,0,0,0,188
02/25/2010,PVD,RI,ANE,EN,Combined TRACON& Tower with Radar,103,30,14,0,147,0,0,0,0,0,103,30,14,0,147,0,0,0,147
02/26/2010,PVD,RI,ANE,EN,Combined TRACON& Tower with Radar,97,32,9,0,138,0,0,0,0,0,97,32,9,0,138,0,0,0,138
02/27/2010,PVD,RI,ANE,EN,Combined TRACON& Tower with Radar,95,41,6,0,142,0,1,1,0,2,95,42,7,0,144,28,0,28,172
02/28/2010,PVD,RI,ANE,EN,Combined TRACON& Tower with Radar,103,50,7,0,160,0,0,22,0,22,103,50,29,0,182,16,0,16,198
03/01/2010,PVD,RI,ANE,EN,Combined TRACON& Tower with Radar,117,44,8,0,169,0,0,4,0,4,117,44,12,0,173,0,0,0,173
03/02/2010,PVD,RI,ANE,EN,Combined TRACON& Tower with Radar,115,40,18,0,173,0,0,38,0,38,115,40,56,0,211,12,0,12,223
03/03/2010,PVD,RI,ANE,EN,Combined TRACON& Tower with Radar,114,49,9,0,172,0,0,1,0,1,114,49,10,0,173,0,0,0,173
03/04/2010,PVD,RI,ANE,EN,Combined TRACON& Tower with Radar,121,52,11,0,184,0,2,2,0,4,121,54,13,0,188,0,0,0,188
03/05/2010,PVD,RI,ANE,EN,Combined TRACON& Tower with Radar,119,49,24,0,192,0,0,41,0,41,119,49,65,0,233,0,0,0,233
03/06/2010,PVD,RI,ANE,EN,Combined TRACON& Tower with Radar,94,33,14,0,141,0,0,67,0,67,94,33,81,0,208,44,0,44,252
03/07/2010,PVD,RI,ANE,EN,Combined TRACON& Tower with Radar,99,55,7,2,163,0,0,44,0,44,99,55,51,2,207,12,0,12,219
03/08/2010,PVD,RI,ANE,EN,Combined TRACON& Tower with Radar,116,47,28,0,191,0,0,56,0,56,116,47,84,0,247,26,0,26,273
03/09/2010,PVD,RI,ANE,EN,Combined TRACON& Tower with Radar,124,42,20,0,186,0,0,32,0,32,124,42,52,0,218,0,0,0,218
03/10/2010,PVD,RI,ANE,EN,Combined TRACON& Tower with Radar,121,43,27,0,191,0,0,50,0,50,121,43,77,0,241,16,0,16,257
03/11/2010,PVD,RI,ANE,EN,Combined TRACON& Tower with Radar,121,46,19,0,186,0,0,18,0,18,121,46,37,0,204,0,0,0,204
03/12/2010,PVD,RI,ANE,EN,Combined TRACON& Tower with Radar,113,48,20,1,182,0,0,19,1,20,113,48,39,2,202,0,0,0,202
03/13/2010,PVD,RI,ANE,EN,Combined TRACON& Tower with Radar,90,34,10,0,134,0,0,0,0,0,90,34,10,0,134,0,0,0,134
03/14/2010,PVD,RI,ANE,EN,Combined TRACON& Tower with Radar,98,46,23,0,167,0,0,0,0,0,98,46,23,0,167,0,0,0,167
03/15/2010,PVD,RI,ANE,EN,Combined TRACON& Tower with Radar,117,43,8,2,170,0,0,0,0,0,117,43,8,2,170,0,0,0,170
03/16/2010,PVD,RI,ANE,EN,Combined TRACON& Tower with Radar,131,49,19,0,199,0,0,37,0,37,131,49,56,0,236,2,0,2,238
03/17/2010,PVD,RI,ANE,EN,Combined TRACON& Tower with Radar,122,47,17,1,187,0,0,61,1,62,122,47,78,2,249,0,0,0,249
03/18/2010,PVD,RI,ANE,EN,Combined TRACON& Tower with Radar,122,45,31,0,198,0,2,44,0,46,122,47,75,0,244,8,0,8,252
03/19/2010,PVD,RI,ANE,EN,Combined TRACON& Tower with Radar,124,49,21,0,194,0,0,56,0,56,124,49,77,0,250,0,0,0,250
03/20/2010,PVD,RI,ANE,EN,Combined TRACON& Tower with Radar,116,34,36,0,186,0,0,66,0,66,116,34,102,0,252,26,0,26,278
03/21/2010,PVD,RI,ANE,EN,Combined TRACON& Tower with Radar,101,42,12,2,157,0,0,40,0,40,101,42,52,2,197,0,0,0,197
03/22/2010,PVD,RI,ANE,EN,Combined TRACON& Tower with Radar,115,38,15,0,168,0,0,0,0,0,115,38,15,0,168,0,0,0,168
03/23/2010,PVD,RI,ANE,EN,Combined TRACON& Tower with Radar,119,45,28,0,192,0,0,1,0,1,119,45,29,0,193,0,0,0,193
03/24/2010,PVD,RI,ANE,EN,Combined TRACON& Tower with Radar,121,42,14,0,177,0,0,7,0,7,121,42,21,0,184,0,0,0,184
03/25/2010,PVD,RI,ANE,EN,Combined TRACON& Tower with Radar,122,52,23,0,197,0,0,25,0,25,122,52,48,0,222,0,0,0,222
03/26/2010,PVD,RI,ANE,EN,Combined TRACON& Tower with Radar,120,50,9,0,179,0,0,1,0,1,120,50,10,0,180,0,0,0,180
03/27/2010,PVD,RI,ANE,EN,Combined TRACON& Tower with Radar,107,35,10,0,152,0,0,61,0,61,107,35,71,0,213,0,0,0,213
03/28/2010,PVD,RI,ANE,EN,Combined TRACON& Tower with Radar,105,38,15,0,158,0,0,39,0,39,105,38,54,0,197,0,0,0,197
03/29/2010,PVD,RI,ANE,EN,Combined TRACON& Tower with Radar,109,42,15,0,166,0,0,0,0,0,109,42,15,0,166,0,0,0,166
03/30/2010,PVD,RI,ANE,EN,Combined TRACON& Tower with Radar,105,38,11,0,154,0,0,0,0,0,105,38,11,0,154,0,0,0,154
03/31/2010,PVD,RI,ANE,EN,Combined TRACON& Tower with Radar,110,36,15,0,161,0,0,23,4,27,110,36,38,4,188,0,0,0,188
04/01/2010,PVD,RI,ANE,EN,Combined TRACON& Tower with Radar,122,46,23,0,191,0,0,49,10,59,122,46,72,10,250,0,0,0,250
04/02/2010,PVD,RI,ANE,EN,Combined TRACON& Tower with Radar,120,44,7,4,175,0,0,61,10,71,120,44,68,14,246,4,0,4,250
04/03/2010,PVD,RI,ANE,EN,Combined TRACON& Tower with Radar,109,31,14,0,154,0,0,60,4,64,109,31,74,4,218,50,2,52,270
04/04/2010,PVD,RI,ANE,EN,Combined TRACON& Tower with Radar,104,42,19,0,165,0,0,25,2,27,104,42,44,2,192,34,0,34,226
04/05/2010,PVD,RI,ANE,EN,Combined TRACON& Tower with Radar,116,49,17,0,182,0,0,45,0,45,116,49,62,0,227,0,0,0,227
04/06/2010,PVD,RI,ANE,EN,Combined TRACON& Tower with Radar,123,39,30,0,192,0,0,36,0,36,123,39,66,0,228,48,0,48,276
04/07/2010,PVD,RI,ANE,EN,Combined TRACON& Tower with Radar,123,47,32,2,204,0,0,40,0,40,123,47,72,2,244,0,0,0,244
04/08/2010,PVD,RI,ANE,EN,Combined TRACON& Tower with Radar,119,54,33,0,206,0,0,50,0,50,119,54,83,0,256,12,0,12,268
04/09/2010,PVD,RI,ANE,EN,Combined TRACON& Tower with Radar,124,56,20,0,200,0,0,0,0,0,124,56,20,0,200,0,0,0,200
04/10/2010,PVD,RI,ANE,EN,Combined TRACON& Tower with Radar,112,24,16,0,152,0,0,26,0,26,112,24,42,0,178,8,0,8,186
04/11/2010,PVD,RI,ANE,EN,Combined TRACON& Tower with Radar,107,40,15,0,162,0,0,43,0,43,107,40,58,0,205,4,0,4,209
04/12/2010,PVD,RI,ANE,EN,Combined TRACON& Tower with Radar,123,42,22,0,187,0,0,23,0,23,123,42,45,0,210,0,0,0,210
04/13/2010,PVD,RI,ANE,EN,Combined TRACON& Tower with Radar,123,43,36,4,206,0,0,36,4,40,123,43,72,8,246,2,0,2,248
04/14/2010,PVD,RI,ANE,EN,Combined TRACON& Tower with Radar,123,41,19,2,185,0,0,43,0,43,123,41,62,2,228,0,0,0,228
04/15/2010,PVD,RI,ANE,EN,Combined TRACON& Tower with Radar,130,54,23,0,207,0,1,31,0,32,130,55,54,0,239,22,0,22,261
04/16/2010,PVD,RI,ANE,EN,Combined TRACON& Tower with Radar,128,52,26,0,206,0,1,11,0,12,128,53,37,0,218,0,0,0,218
04/17/2010,PVD,RI,ANE,EN,Combined TRACON& Tower with Radar,118,25,30,0,173,0,0,0,0,0,118,25,30,0,173,0,0,0,173
04/18/2010,PVD,RI,ANE,EN,Combined TRACON& Tower with Radar,109,38,12,2,161,0,0,10,0,10,109,38,22,2,171,0,0,0,171
04/19/2010,PVD,RI,ANE,EN,Combined TRACON& Tower with Radar,122,44,20,2,188,0,0,30,0,30,122,44,50,2,218,18,0,18,236
04/20/2010,PVD,RI,ANE,EN,Combined TRACON& Tower with Radar,127,46,20,0,193,0,4,40,0,44,127,50,60,0,237,24,0,24,261
04/21/2010,PVD,RI,ANE,EN,Combined TRACON& Tower with Radar,126,53,23,0,202,0,4,47,3,54,126,57,70,3,256,2,0,2,258
04/22/2010,PVD,RI,ANE,EN,Combined TRACON& Tower with Radar,128,49,21,0,198,0,0,28,0,28,128,49,49,0,226,0,0,0,226
04/23/2010,PVD,RI,ANE,EN,Combined TRACON& Tower with Radar,123,41,15,2,181,0,2,34,0,36,123,43,49,2,217,0,0,0,217
04/24/2010,PVD,RI,ANE,EN,Combined TRACON& Tower with Radar,110,23,19,1,153,0,0,49,0,49,110,23,68,1,202,34,0,34,236
04/25/2010,PVD,RI,ANE,EN,Combined TRACON& Tower with Radar,98,30,22,2,152,0,0,3,0,3,98,30,25,2,155,4,0,4,159
04/26/2010,PVD,RI,ANE,EN,Combined TRACON& Tower with Radar,123,35,26,0,184,0,0,5,0,5,123,35,31,0,189,40,0,40,229
04/27/2010,PVD,RI,ANE,EN,Combined TRACON& Tower with Radar,120,54,41,0,215,0,0,2,0,2,120,54,43,0,217,12,0,12,229
04/28/2010,PVD,RI,ANE,EN,Combined TRACON& Tower with Radar,127,50,11,0,188,0,0,13,0,13,127,50,24,0,201,0,0,0,201
04/29/2010,PVD,RI,ANE,EN,Combined TRACON& Tower with Radar,129,57,18,0,204,0,0,10,0,10,129,57,28,0,214,12,0,12,226
04/30/2010,PVD,RI,ANE,EN,Combined TRACON& Tower with Radar,122,52,24,0,198,0,1,49,0,50,122,53,73,0,248,8,0,8,256
05/01/2010,PVD,RI,ANE,EN,Combined TRACON& Tower with Radar,108,29,17,3,157,0,0,62,2,64,108,29,79,5,221,50,0,50,271
05/02/2010,PVD,RI,ANE,EN,Combined TRACON& Tower with Radar,103,40,22,0,165,0,0,33,0,33,103,40,55,0,198,20,0,20,218
05/03/2010,PVD,RI,ANE,EN,Combined TRACON& Tower with Radar,121,47,24,0,192,0,0,5,0,5,121,47,29,0,197,0,0,0,197
05/04/2010,PVD,RI,ANE,EN,Combined TRACON& Tower with Radar,122,35,55,0,212,0,0,31,0,31,122,35,86,0,243,4,0,4,247
05/05/2010,PVD,RI,ANE,EN,Combined TRACON& Tower with Radar,124,39,21,0,184,0,0,50,4,54,124,39,71,4,238,30,0,30,268
05/06/2010,PVD,RI,ANE,EN,Combined TRACON& Tower with Radar,126,40,25,1,192,0,0,11,0,11,126,40,36,1,203,0,0,0,203
05/07/2010,PVD,RI,ANE,EN,Combined TRACON& Tower with Radar,124,53,25,1,203,0,0,51,0,51,124,53,76,1,254,24,0,24,278
05/08/2010,PVD,RI,ANE,EN,Combined TRACON& Tower with Radar,108,33,12,4,157,0,0,2,0,2,108,33,14,4,159,0,0,0,159
05/09/2010,PVD,RI,ANE,EN,Combined TRACON& Tower with Radar,104,40,9,0,153,0,0,9,0,9,104,40,18,0,162,0,0,0,162
05/10/2010,PVD,RI,ANE,EN,Combined TRACON& Tower with Radar,123,45,26,0,194,0,0,32,0,32,123,45,58,0,226,22,0,22,248
05/11/2010,PVD,RI,ANE,EN,Combined TRACON& Tower with Radar,126,41,30,0,197,0,0,44,0,44,126,41,74,0,241,0,0,0,241
05/12/2010,PVD,RI,ANE,EN,Combined TRACON& Tower with Radar,120,45,25,0,190,0,1,3,0,4,120,46,28,0,194,16,0,16,210
05/13/2010,PVD,RI,ANE,EN,Combined TRACON& Tower with Radar,122,47,24,0,193,0,0,36,0,36,122,47,60,0,229,8,0,8,237
05/14/2010,PVD,RI,ANE,EN,Combined TRACON& Tower with Radar,117,49,16,0,182,0,0,4,0,4,117,49,20,0,186,0,0,0,186
05/15/2010,PVD,RI,ANE,EN,Combined TRACON& Tower with Radar,104,27,18,0,149,0,0,19,0,19,104,27,37,0,168,2,0,2,170
05/16/2010,PVD,RI,ANE,EN,Combined TRACON& Tower with Radar,103,44,16,0,163,0,0,40,0,40,103,44,56,0,203,0,0,0,203
05/17/2010,PVD,RI,ANE,EN,Combined TRACON& Tower with Radar,123,45,24,0,192,0,0,47,1,48,123,45,71,1,240,4,0,4,244
05/18/2010,PVD,RI,ANE,EN,Combined TRACON& Tower with Radar,130,44,24,1,199,0,0,14,1,15,130,44,38,2,214,2,0,2,216
05/19/2010,PVD,RI,ANE,EN,Combined TRACON& Tower with Radar,126,41,22,0,189,0,0,1,0,1,126,41,23,0,190,2,0,2,192
05/20/2010,PVD,RI,ANE,EN,Combined TRACON& Tower with Radar,125,44,24,0,193,0,0,47,0,47,125,44,71,0,240,2,0,2,242
05/21/2010,PVD,RI,ANE,EN,Combined TRACON& Tower with Radar,125,52,21,0,198,0,0,73,0,73,125,52,94,0,271,55,0,55,326
05/22/2010,PVD,RI,ANE,EN,Combined TRACON& Tower with Radar,104,26,26,0,156,0,0,35,0,35,104,26,61,0,191,14,0,14,205
05/23/2010,PVD,RI,ANE,EN,Combined TRACON& Tower with Radar,103,44,15,0,162,0,0,2,0,2,103,44,17,0,164,4,0,4,168
05/24/2010,PVD,RI,ANE,EN,Combined TRACON& Tower with Radar,124,39,21,1,185,0,0,29,1,30,124,39,50,2,215,0,0,0,215
05/25/2010,PVD,RI,ANE,EN,Combined TRACON& Tower with Radar,125,40,34,0,199,0,1,51,0,52,125,41,85,0,251,12,0,12,263
05/26/2010,PVD,RI,ANE,EN,Combined TRACON& Tower with Radar,125,43,29,0,197,0,0,35,6,41,125,43,64,6,238,0,0,0,238
05/27/2010,PVD,RI,ANE,EN,Combined TRACON& Tower with Radar,117,60,38,0,215,0,4,30,0,34,117,64,68,0,249,0,0,0,249
05/28/2010,PVD,RI,ANE,EN,Combined TRACON& Tower with Radar,120,61,36,0,217,0,2,62,0,64,120,63,98,0,281,12,0,12,293
05/29/2010,PVD,RI,ANE,EN,Combined TRACON& Tower with Radar,98,34,22,0,154,0,0,22,0,22,98,34,44,0,176,0,0,0,176
05/30/2010,PVD,RI,ANE,EN,Combined TRACON& Tower with Radar,95,48,19,0,162,0,3,34,0,37,95,51,53,0,199,0,0,0,199
05/31/2010,PVD,RI,ANE,EN,Combined TRACON& Tower with Radar,103,54,17,0,174,0,0,28,0,28,103,54,45,0,202,0,0,0,202
06/01/2010,PVD,RI,ANE,EN,Combined TRACON& Tower with Radar,123,44,16,0,183,0,4,9,0,13,123,48,25,0,196,0,0,0,196
06/02/2010,PVD,RI,ANE,EN,Combined TRACON& Tower with Radar,120,38,21,1,180,0,0,35,0,35,120,38,56,1,215,0,0,0,215
06/03/2010,PVD,RI,ANE,EN,Combined TRACON& Tower with Radar,127,38,42,3,210,0,0,2,0,2,127,38,44,3,212,0,0,0,212
06/04/2010,PVD,RI,ANE,EN,Combined TRACON& Tower with Radar,124,48,24,0,196,0,15,31,1,47,124,63,55,1,243,6,0,6,249
06/05/2010,PVD,RI,ANE,EN,Combined TRACON& Tower with Radar,112,41,17,0,170,0,1,1,0,2,112,42,18,0,172,0,0,0,172
06/06/2010,PVD,RI,ANE,EN,Combined TRACON& Tower with Radar,105,54,15,2,176,0,4,7,0,11,105,58,22,2,187,14,0,14,201
06/07/2010,PVD,RI,ANE,EN,Combined TRACON& Tower with Radar,123,40,23,2,188,0,24,33,0,57,123,64,56,2,245,4,0,4,249
06/08/2010,PVD,RI,ANE,EN,Combined TRACON& Tower with Radar,130,39,19,1,189,0,12,36,1,49,130,51,55,2,238,22,0,22,260
06/09/2010,PVD,RI,ANE,EN,Combined TRACON& Tower with Radar,123,45,20,0,188,0,13,18,0,31,123,58,38,0,219,0,0,0,219
06/10/2010,PVD,RI,ANE,EN,Combined TRACON& Tower with Radar,120,62,56,6,244,0,0,2,0,2,120,62,58,6,246,14,4,18,264
06/11/2010,PVD,RI,ANE,EN,Combined TRACON& Tower with Radar,120,58,29,0,207,0,21,18,1,40,120,79,47,1,247,32,0,32,279
06/12/2010,PVD,RI,ANE,EN,Combined TRACON& Tower with Radar,104,48,24,0,176,0,5,4,0,9,104,53,28,0,185,26,0,26,211
06/13/2010,PVD,RI,ANE,EN,Combined TRACON& Tower with Radar,102,73,16,1,192,0,0,0,0,0,102,73,16,1,192,0,0,0,192
06/14/2010,PVD,RI,ANE,EN,Combined TRACON& Tower with Radar,118,68,28,0,214,0,7,15,0,22,118,75,43,0,236,0,0,0,236
06/15/2010,PVD,RI,ANE,EN,Combined TRACON& Tower with Radar,120,46,29,0,195,0,19,56,0,75,120,65,85,0,270,8,0,8,278
06/16/2010,PVD,RI,ANE,EN,Combined TRACON& Tower with Radar,117,52,32,0,201,0,15,28,0,43,117,67,60,0,244,20,0,20,264
06/17/2010,PVD,RI,ANE,EN,Combined TRACON& Tower with Radar,122,53,38,5,218,0,6,32,2,40,122,59,70,7,258,4,0,4,262
06/18/2010,PVD,RI,ANE,EN,Combined TRACON& Tower with Radar,115,53,19,2,189,0,29,45,0,74,115,82,64,2,263,18,0,18,281
06/19/2010,PVD,RI,ANE,EN,Combined TRACON& Tower with Radar,101,40,23,2,166,0,22,50,0,72,101,62,73,2,238,0,0,0,238
06/20/2010,PVD,RI,ANE,EN,Combined TRACON& Tower with Radar,101,66,13,0,180,0,3,22,0,25,101,69,35,0,205,10,0,10,215
06/21/2010,PVD,RI,ANE,EN,Combined TRACON& Tower with Radar,117,46,23,0,186,0,23,50,0,73,117,69,73,0,259,0,0,0,259
06/22/2010,PVD,RI,ANE,EN,Combined TRACON& Tower with Radar,119,42,32,1,194,0,15,48,1,64,119,57,80,2,258,0,0,0,258
06/23/2010,PVD,RI,ANE,EN,Combined TRACON& Tower with Radar,116,58,28,0,202,0,5,34,3,42,116,63,62,3,244,24,0,24,268
06/24/2010,PVD,RI,ANE,EN,Combined TRACON& Tower with Radar,118,49,21,1,189,0,17,14,1,32,118,66,35,2,221,8,0,8,229
06/25/2010,PVD,RI,ANE,EN,Combined TRACON& Tower with Radar,121,60,29,0,210,0,20,52,0,72,121,80,81,0,282,12,0,12,294
06/26/2010,PVD,RI,ANE,EN,Combined TRACON& Tower with Radar,106,56,29,0,191,0,10,37,0,47,106,66,66,0,238,4,0,4,242
06/27/2010,PVD,RI,ANE,EN,Combined TRACON& Tower with Radar,98,71,38,0,207,0,2,17,0,19,98,73,55,0,226,0,0,0,226
06/28/2010,PVD,RI,ANE,EN,Combined TRACON& Tower with Radar,118,51,28,0,197,0,6,30,0,36,118,57,58,0,233,10,0,10,243
06/29/2010,PVD,RI,ANE,EN,Combined TRACON& Tower with Radar,124,56,29,0,209,0,14,46,2,62,124,70,75,2,271,18,0,18,289
06/30/2010,PVD,RI,ANE,EN,Combined TRACON& Tower with Radar,124,64,28,0,216,0,24,53,0,77,124,88,81,0,293,6,0,6,299
07/01/2010,PVD,RI,ANE,EN,Combined TRACON& Tower with Radar,123,45,20,0,188,0,38,34,0,72,123,83,54,0,260,4,0,4,264
07/02/2010,PVD,RI,ANE,EN,Combined TRACON& Tower with Radar,119,56,9,0,184,0,37,49,0,86,119,93,58,0,270,8,0,8,278
07/03/2010,PVD,RI,ANE,EN,Combined TRACON& Tower with Radar,106,32,13,0,151,0,26,47,0,73,106,58,60,0,224,10,0,10,234
07/04/2010,PVD,RI,ANE,EN,Combined TRACON& Tower with Radar,80,35,2,0,117,0,17,38,0,55,80,52,40,0,172,0,0,0,172
07/05/2010,PVD,RI,ANE,EN,Combined TRACON& Tower with Radar,112,41,9,0,162,0,44,42,0,86,112,85,51,0,248,10,0,10,258
07/06/2010,PVD,RI,ANE,EN,Combined TRACON& Tower with Radar,119,43,16,0,178,0,31,35,0,66,119,74,51,0,244,14,0,14,258
07/07/2010,PVD,RI,ANE,EN,Combined TRACON& Tower with Radar,121,44,15,0,180,0,25,30,0,55,121,69,45,0,235,0,0,0,235
07/08/2010,PVD,RI,ANE,EN,Combined TRACON& Tower with Radar,119,63,39,0,221,0,7,31,0,38,119,70,70,0,259,14,0,14,273
07/09/2010,PVD,RI,ANE,EN,Combined TRACON& Tower with Radar,117,64,23,0,204,0,8,22,0,30,117,72,45,0,234,0,0,0,234
07/10/2010,PVD,RI,ANE,EN,Combined TRACON& Tower with Radar,108,58,21,1,188,0,0,5,0,5,108,58,26,1,193,0,0,0,193
07/11/2010,PVD,RI,ANE,EN,Combined TRACON& Tower with Radar,103,56,20,0,179,0,11,38,0,49,103,67,58,0,228,0,0,0,228
07/12/2010,PVD,RI,ANE,EN,Combined TRACON& Tower with Radar,118,50,29,0,197,0,23,40,0,63,118,73,69,0,260,4,0,4,264
07/13/2010,PVD,RI,ANE,EN,Combined TRACON& Tower with Radar,110,54,19,0,183,0,10,11,0,21,110,64,30,0,204,0,0,0,204
07/14/2010,PVD,RI,ANE,EN,Combined TRACON& Tower with Radar,122,72,23,4,221,0,0,0,0,0,122,72,23,4,221,0,0,0,221
07/15/2010,PVD,RI,ANE,EN,Combined TRACON& Tower with Radar,121,73,47,12,253,0,1,10,0,11,121,74,57,12,264,8,0,8,272
07/16/2010,PVD,RI,ANE,EN,Combined TRACON& Tower with Radar,116,67,18,0,201,0,4,22,0,26,116,71,40,0,227,6,0,6,233
07/17/2010,PVD,RI,ANE,EN,Combined TRACON& Tower with Radar,108,44,15,4,171,0,16,43,0,59,108,60,58,4,230,48,0,48,278
07/18/2010,PVD,RI,ANE,EN,Combined TRACON& Tower with Radar,100,49,19,0,168,0,27,44,0,71,100,76,63,0,239,14,0,14,253
07/19/2010,PVD,RI,ANE,EN,Combined TRACON& Tower with Radar,119,47,21,0,187,0,15,12,0,27,119,62,33,0,214,18,0,18,232
07/20/2010,PVD,RI,ANE,EN,Combined TRACON& Tower with Radar,122,44,23,0,189,0,23,37,0,60,122,67,60,0,249,30,0,30,279
07/21/2010,PVD,RI,ANE,EN,Combined TRACON& Tower with Radar,118,64,22,0,204,0,9,7,0,16,118,73,29,0,220,0,0,0,220
07/22/2010,PVD,RI,ANE,EN,Combined TRACON& Tower with Radar,120,45,33,2,200,0,29,45,2,76,120,74,78,4,276,4,0,4,280
07/23/2010,PVD,RI,ANE,EN,Combined TRACON& Tower with Radar,119,56,37,2,214,0,20,24,0,44,119,76,61,2,258,10,0,10,268
07/24/2010,PVD,RI,ANE,EN,Combined TRACON& Tower with Radar,108,49,13,2,172,0,7,16,0,23,108,56,29,2,195,50,0,50,245
07/25/2010,PVD,RI,ANE,EN,Combined TRACON& Tower with Radar,97,37,24,0,158,0,27,32,0,59,97,64,56,0,217,10,0,10,227
07/26/2010,PVD,RI,ANE,EN,Combined TRACON& Tower with Radar,119,40,18,0,177,0,26,34,0,60,119,66,52,0,237,14,0,14,251
07/27/2010,PVD,RI,ANE,EN,Combined TRACON& Tower with Radar,122,48,32,0,202,0,26,49,0,75,122,74,81,0,277,14,0,14,291
07/28/2010,PVD,RI,ANE,EN,Combined TRACON& Tower with Radar,112,43,28,0,183,0,26,33,0,59,112,69,61,0,242,4,0,4,246
07/29/2010,PVD,RI,ANE,EN,Combined TRACON& Tower with Radar,115,80,25,0,220,0,7,18,0,25,115,87,43,0,245,2,0,2,247
07/30/2010,PVD,RI,ANE,EN,Combined TRACON& Tower with Radar,122,49,15,2,188,0,26,50,0,76,122,75,65,2,264,12,0,12,276
07/31/2010,PVD,RI,ANE,EN,Combined TRACON& Tower with Radar,106,46,28,0,180,0,12,47,0,59,106,58,75,0,239,12,0,12,251
08/01/2010,PVD,RI,ANE,EN,Combined TRACON& Tower with Radar,95,46,14,0,155,0,24,37,0,61,95,70,51,0,216,0,0,0,216
08/02/2010,PVD,RI,ANE,EN,Combined TRACON& Tower with Radar,118,47,21,0,186,0,28,43,0,71,118,75,64,0,257,28,0,28,285
08/03/2010,PVD,RI,ANE,EN,Combined TRACON& Tower with Radar,120,43,23,0,186,0,25,37,0,62,120,68,60,0,248,22,0,22,270
08/04/2010,PVD,RI,ANE,EN,Combined TRACON& Tower with Radar,117,66,26,0,209,0,6,12,0,18,117,72,38,0,227,8,0,8,235
08/05/2010,PVD,RI,ANE,EN,Combined TRACON& Tower with Radar,116,65,20,2,203,0,3,5,0,8,116,68,25,2,211,8,0,8,219
08/06/2010,PVD,RI,ANE,EN,Combined TRACON& Tower with Radar,119,52,19,0,190,0,27,44,0,71,119,79,63,0,261,4,0,4,265
08/07/2010,PVD,RI,ANE,EN,Combined TRACON& Tower with Radar,105,34,11,0,150,0,24,43,0,67,105,58,54,0,217,16,0,16,233
08/08/2010,PVD,RI,ANE,EN,Combined TRACON& Tower with Radar,100,50,15,0,165,0,26,28,0,54,100,76,43,0,219,4,0,4,223
08/09/2010,PVD,RI,ANE,EN,Combined TRACON& Tower with Radar,123,56,27,0,206,0,15,27,0,42,123,71,54,0,248,14,0,14,262
08/10/2010,PVD,RI,ANE,EN,Combined TRACON& Tower with Radar,121,47,20,0,188,0,23,28,0,51,121,70,48,0,239,2,0,2,241
08/11/2010,PVD,RI,ANE,EN,Combined TRACON& Tower with Radar,121,52,24,1,198,0,21,37,2,60,121,73,61,3,258,12,0,12,270
08/12/2010,PVD,RI,ANE,EN,Combined TRACON& Tower with Radar,115,51,24,4,194,0,28,26,0,54,115,79,50,4,248,0,0,0,248
08/13/2010,PVD,RI,ANE,EN,Combined TRACON& Tower with Radar,117,49,20,0,186,0,28,50,0,78,117,77,70,0,264,16,0,16,280
08/14/2010,PVD,RI,ANE,EN,Combined TRACON& Tower with Radar,105,34,12,0,151,0,26,41,0,67,105,60,53,0,218,0,0,0,218
08/15/2010,PVD,RI,ANE,EN,Combined TRACON& Tower with Radar,95,51,15,0,161,0,22,23,0,45,95,73,38,0,206,12,0,12,218
08/16/2010,PVD,RI,ANE,EN,Combined TRACON& Tower with Radar,117,64,29,0,210,0,8,2,0,10,117,72,31,0,220,12,0,12,232
08/17/2010,PVD,RI,ANE,EN,Combined TRACON& Tower with Radar,117,71,37,0,225,0,4,9,0,13,117,75,46,0,238,16,0,16,254
08/18/2010,PVD,RI,ANE,EN,Combined TRACON& Tower with Radar,116,54,15,4,189,0,26,47,4,77,116,80,62,8,266,34,8,42,308
08/19/2010,PVD,RI,ANE,EN,Combined TRACON& Tower with Radar,116,68,46,0,230,0,6,45,0,51,116,74,91,0,281,50,0,50,331
08/20/2010,PVD,RI,ANE,EN,Combined TRACON& Tower with Radar,116,81,26,0,223,0,4,32,0,36,116,85,58,0,259,0,0,0,259
08/21/2010,PVD,RI,ANE,EN,Combined TRACON& Tower with Radar,102,66,17,0,185,0,5,48,0,53,102,71,65,0,238,0,0,0,238
08/22/2010,PVD,RI,ANE,EN,Combined TRACON& Tower with Radar,99,74,29,2,204,0,0,4,0,4,99,74,33,2,208,0,0,0,208
08/23/2010,PVD,RI,ANE,EN,Combined TRACON& Tower with Radar,110,70,54,0,234,0,0,0,0,0,110,70,54,0,234,0,0,0,234
08/24/2010,PVD,RI,ANE,EN,Combined TRACON& Tower with Radar,118,74,50,0,242,0,0,0,0,0,118,74,50,0,242,0,0,0,242
08/25/2010,PVD,RI,ANE,EN,Combined TRACON& Tower with Radar,119,67,44,10,240,0,0,1,0,1,119,67,45,10,241,6,10,16,257
08/26/2010,PVD,RI,ANE,EN,Combined TRACON& Tower with Radar,119,72,47,0,238,0,13,25,0,38,119,85,72,0,276,18,0,18,294
08/27/2010,PVD,RI,ANE,EN,Combined TRACON& Tower with Radar,116,75,54,0,245,0,11,51,0,62,116,86,105,0,307,0,0,0,307
08/28/2010,PVD,RI,ANE,EN,Combined TRACON& Tower with Radar,104,47,22,0,173,0,9,46,0,55,104,56,68,0,228,10,0,10,238
08/29/2010,PVD,RI,ANE,EN,Combined TRACON& Tower with Radar,100,52,15,0,167,0,21,43,0,64,100,73,58,0,231,8,0,8,239
08/30/2010,PVD,RI,ANE,EN,Combined TRACON& Tower with Radar,116,47,14,0,177,0,26,31,0,57,116,73,45,0,234,6,0,6,240
08/31/2010,PVD,RI,ANE,EN,Combined TRACON& Tower with Radar,118,54,36,0,208,0,26,35,0,61,118,80,71,0,269,26,0,26,295
09/01/2010,PVD,RI,ANE,EN,Combined TRACON& Tower with Radar,121,46,34,0,201,0,22,28,0,50,121,68,62,0,251,4,0,4,255
09/02/2010,PVD,RI,ANE,EN,Combined TRACON& Tower with Radar,119,54,26,0,199,0,26,29,0,55,119,80,55,0,254,0,0,0,254
09/03/2010,PVD,RI,ANE,EN,Combined TRACON& Tower with Radar,98,45,8,0,151,0,5,8,0,13,98,50,16,0,164,0,0,0,164
09/04/2010,PVD,RI,ANE,EN,Combined TRACON& Tower with Radar,94,37,8,0,139,0,22,28,0,50,94,59,36,0,189,0,0,0,189
09/05/2010,PVD,RI,ANE,EN,Combined TRACON& Tower with Radar,86,25,14,0,125,0,16,24,0,40,86,41,38,0,165,0,0,0,165
09/06/2010,PVD,RI,ANE,EN,Combined TRACON& Tower with Radar,110,64,18,0,192,0,31,52,0,83,110,95,70,0,275,0,0,0,275
09/07/2010,PVD,RI,ANE,EN,Combined TRACON& Tower with Radar,118,43,25,0,186,0,26,33,0,59,118,69,58,0,245,0,0,0,245
09/08/2010,PVD,RI,ANE,EN,Combined TRACON& Tower with Radar,121,44,35,0,200,0,11,14,0,25,121,55,49,0,225,0,0,0,225
09/09/2010,PVD,RI,ANE,EN,Combined TRACON& Tower with Radar,120,49,16,0,185,0,20,18,0,38,120,69,34,0,223,2,0,2,225
09/10/2010,PVD,RI,ANE,EN,Combined TRACON& Tower with Radar,118,52,13,0,183,0,21,9,0,30,118,73,22,0,213,2,0,2,215
09/11/2010,PVD,RI,ANE,EN,Combined TRACON& Tower with Radar,101,31,12,0,144,0,20,37,2,59,101,51,49,2,203,0,0,0,203
09/12/2010,PVD,RI,ANE,EN,Combined TRACON& Tower with Radar,104,51,17,0,172,0,14,18,0,32,104,65,35,0,204,8,0,8,212
09/13/2010,PVD,RI,ANE,EN,Combined TRACON& Tower with Radar,116,70,26,0,212,0,3,0,0,3,116,73,26,0,215,12,0,12,227
09/14/2010,PVD,RI,ANE,EN,Combined TRACON& Tower with Radar,119,51,25,0,195,0,11,27,0,38,119,62,52,0,233,10,0,10,243
09/15/2010,PVD,RI,ANE,EN,Combined TRACON& Tower with Radar,116,40,27,0,183,0,13,22,0,35,116,53,49,0,218,14,0,14,232
09/16/2010,PVD,RI,ANE,EN,Combined TRACON& Tower with Radar,120,50,30,0,200,0,17,27,2,46,120,67,57,2,246,0,0,0,246
09/17/2010,PVD,RI,ANE,EN,Combined TRACON& Tower with Radar,118,76,33,3,230,0,2,5,0,7,118,78,38,3,237,0,0,0,237
09/18/2010,PVD,RI,ANE,EN,Combined TRACON& Tower with Radar,106,31,16,0,153,0,18,31,1,50,106,49,47,1,203,6,0,6,209
09/19/2010,PVD,RI,ANE,EN,Combined TRACON& Tower with Radar,105,43,19,0,167,0,18,38,0,56,105,61,57,0,223,30,0,30,253
09/20/2010,PVD,RI,ANE,EN,Combined TRACON& Tower with Radar,115,54,27,0,196,0,20,23,0,43,115,74,50,0,239,8,0,8,247
09/21/2010,PVD,RI,ANE,EN,Combined TRACON& Tower with Radar,118,44,25,0,187,0,14,39,0,53,118,58,64,0,240,4,0,4,244
09/22/2010,PVD,RI,ANE,EN,Combined TRACON& Tower with Radar,113,46,22,0,181,0,13,25,0,38,113,59,47,0,219,0,0,0,219
09/23/2010,PVD,RI,ANE,EN,Combined TRACON& Tower with Radar,118,58,26,2,204,0,20,32,2,54,118,78,58,4,258,0,0,0,258
09/24/2010,PVD,RI,ANE,EN,Combined TRACON& Tower with Radar,117,55,36,0,208,0,1,11,0,12,117,56,47,0,220,0,0,0,220
09/25/2010,PVD,RI,ANE,EN,Combined TRACON& Tower with Radar,105,33,13,0,151,0,18,36,0,54,105,51,49,0,205,16,0,16,221
09/26/2010,PVD,RI,ANE,EN,Combined TRACON& Tower with Radar,92,47,16,0,155,0,9,25,1,35,92,56,41,1,190,0,0,0,190
09/27/2010,PVD,RI,ANE,EN,Combined TRACON& Tower with Radar,113,56,17,0,186,0,0,0,0,0,113,56,17,0,186,0,0,0,186
09/28/2010,PVD,RI,ANE,EN,Combined TRACON& Tower with Radar,116,37,24,2,179,0,0,2,0,2,116,37,26,2,181,0,0,0,181
09/29/2010,PVD,RI,ANE,EN,Combined TRACON& Tower with Radar,117,42,43,0,202,0,2,18,4,24,117,44,61,4,226,4,0,4,230
09/30/2010,PVD,RI,ANE,EN,Combined TRACON& Tower with Radar,115,48,18,1,182,0,0,0,0,0,115,48,18,1,182,0,0,0,182
10/01/2010,PVD,RI,ANE,EN,Combined TRACON& Tower with Radar,114,59,17,0,190,0,0,0,0,0,114,59,17,0,190,0,0,0,190
10/02/2010,PVD,RI,ANE,EN,Combined TRACON& Tower with Radar,102,36,35,0,173,0,0,31,0,31,102,36,66,0,204,64,0,64,268
10/03/2010,PVD,RI,ANE,EN,Combined TRACON& Tower with Radar,100,42,32,0,174,0,0,23,0,23,100,42,55,0,197,0,0,0,197
10/04/2010,PVD,RI,ANE,EN,Combined TRACON& Tower with Radar,114,40,20,0,174,0,0,0,0,0,114,40,20,0,174,0,0,0,174
10/05/2010,PVD,RI,ANE,EN,Combined TRACON& Tower with Radar,115,47,40,14,216,0,0,0,0,0,115,47,40,14,216,2,0,2,218
10/06/2010,PVD,RI,ANE,EN,Combined TRACON& Tower with Radar,117,43,44,3,207,0,0,0,0,0,117,43,44,3,207,0,0,0,207
10/07/2010,PVD,RI,ANE,EN,Combined TRACON& Tower with Radar,116,51,27,1,195,0,2,11,0,13,116,53,38,1,208,0,0,0,208
10/08/2010,PVD,RI,ANE,EN,Combined TRACON& Tower with Radar,118,45,25,0,188,0,0,58,0,58,118,45,83,0,246,4,0,4,250
10/09/2010,PVD,RI,ANE,EN,Combined TRACON& Tower with Radar,106,32,10,0,148,0,0,51,0,51,106,32,61,0,199,0,0,0,199
10/10/2010,PVD,RI,ANE,EN,Combined TRACON& Tower with Radar,108,48,14,0,170,0,0,35,0,35,108,48,49,0,205,8,0,8,213
10/11/2010,PVD,RI,ANE,EN,Combined TRACON& Tower with Radar,111,41,20,0,172,0,0,43,0,43,111,41,63,0,215,24,0,24,239
10/12/2010,PVD,RI,ANE,EN,Combined TRACON& Tower with Radar,120,47,37,0,204,0,0,38,0,38,120,47,75,0,242,6,0,6,248
10/13/2010,PVD,RI,ANE,EN,Combined TRACON& Tower with Radar,116,50,28,0,194,0,1,40,2,43,116,51,68,2,237,0,0,0,237
10/14/2010,PVD,RI,ANE,EN,Combined TRACON& Tower with Radar,115,43,35,0,193,0,0,33,0,33,115,43,68,0,226,22,0,22,248
10/15/2010,PVD,RI,ANE,EN,Combined TRACON& Tower with Radar,119,49,23,0,191,0,0,1,0,1,119,49,24,0,192,0,0,0,192
10/16/2010,PVD,RI,ANE,EN,Combined TRACON& Tower with Radar,106,24,6,0,136,0,0,2,0,2,106,24,8,0,138,0,0,0,138
10/17/2010,PVD,RI,ANE,EN,Combined TRACON& Tower with Radar,102,46,19,0,167,0,0,38,0,38,102,46,57,0,205,22,0,22,227
10/18/2010,PVD,RI,ANE,EN,Combined TRACON& Tower with Radar,113,46,25,0,184,0,0,26,0,26,113,46,51,0,210,28,0,28,238
10/19/2010,PVD,RI,ANE,EN,Combined TRACON& Tower with Radar,115,43,26,0,184,0,0,35,0,35,115,43,61,0,219,0,0,0,219
10/20/2010,PVD,RI,ANE,EN,Combined TRACON& Tower with Radar,116,43,18,2,179,0,0,35,0,35,116,43,53,2,214,6,0,6,220
10/21/2010,PVD,RI,ANE,EN,Combined TRACON& Tower with Radar,114,54,24,0,192,0,0,8,0,8,114,54,32,0,200,10,0,10,210
10/22/2010,PVD,RI,ANE,EN,Combined TRACON& Tower with Radar,117,57,38,0,212,0,0,19,3,22,117,57,57,3,234,0,0,0,234
10/23/2010,PVD,RI,ANE,EN,Combined TRACON& Tower with Radar,106,33,18,0,157,0,0,21,0,21,106,33,39,0,178,12,0,12,190
10/24/2010,PVD,RI,ANE,EN,Combined TRACON& Tower with Radar,99,48,39,1,187,0,0,25,0,25,99,48,64,1,212,12,0,12,224
10/25/2010,PVD,RI,ANE,EN,Combined TRACON& Tower with Radar,115,40,38,5,198,0,1,2,4,7,115,41,40,9,205,12,0,12,217
10/26/2010,PVD,RI,ANE,EN,Combined TRACON& Tower with Radar,115,50,51,0,216,0,0,15,0,15,115,50,66,0,231,4,0,4,235
10/27/2010,PVD,RI,ANE,EN,Combined TRACON& Tower with Radar,115,46,29,0,190,0,0,0,0,0,115,46,29,0,190,0,0,0,190
10/28/2010,PVD,RI,ANE,EN,Combined TRACON& Tower with Radar,117,44,32,0,193,0,0,37,0,37,117,44,69,0,230,8,0,8,238
10/29/2010,PVD,RI,ANE,EN,Combined TRACON& Tower with Radar,119,42,30,0,191,0,0,32,0,32,119,42,62,0,223,28,0,28,251
10/30/2010,PVD,RI,ANE,EN,Combined TRACON& Tower with Radar,110,24,30,0,164,0,0,35,0,35,110,24,65,0,199,32,0,32,231
10/31/2010,PVD,RI,ANE,EN,Combined TRACON& Tower with Radar,102,41,21,0,164,0,0,15,0,15,102,41,36,0,179,4,0,4,183
11/01/2010,PVD,RI,ANE,EN,Combined TRACON& Tower with Radar,117,46,18,0,181,0,0,33,0,33,117,46,51,0,214,4,0,4,218
11/02/2010,PVD,RI,ANE,EN,Combined TRACON& Tower with Radar,115,47,28,1,191,0,0,28,0,28,115,47,56,1,219,8,0,8,227
11/03/2010,PVD,RI,ANE,EN,Combined TRACON& Tower with Radar,114,52,22,0,188,0,2,37,0,39,114,54,59,0,227,30,0,30,257
11/04/2010,PVD,RI,ANE,EN,Combined TRACON& Tower with Radar,113,54,32,4,203,0,0,0,0,0,113,54,32,4,203,0,0,0,203
11/05/2010,PVD,RI,ANE,EN,Combined TRACON& Tower with Radar,116,57,30,0,203,0,0,6,0,6,116,57,36,0,209,0,0,0,209
11/06/2010,PVD,RI,ANE,EN,Combined TRACON& Tower with Radar,99,33,23,0,155,0,0,39,0,39,99,33,62,0,194,24,0,24,218
11/07/2010,PVD,RI,ANE,EN,Combined TRACON& Tower with Radar,101,34,14,0,149,0,0,20,0,20,101,34,34,0,169,18,0,18,187
11/08/2010,PVD,RI,ANE,EN,Combined TRACON& Tower with Radar,107,44,10,0,161,0,0,0,0,0,107,44,10,0,161,0,0,0,161
11/09/2010,PVD,RI,ANE,EN,Combined TRACON& Tower with Radar,106,39,22,0,167,0,0,2,0,2,106,39,24,0,169,0,0,0,169
11/10/2010,PVD,RI,ANE,EN,Combined TRACON& Tower with Radar,107,43,27,1,178,0,1,7,1,9,107,44,34,2,187,4,0,4,191
11/11/2010,PVD,RI,ANE,EN,Combined TRACON& Tower with Radar,108,49,19,0,176,0,0,18,0,18,108,49,37,0,194,2,0,2,196
11/12/2010,PVD,RI,ANE,EN,Combined TRACON& Tower with Radar,110,40,21,0,171,0,0,34,0,34,110,40,55,0,205,22,0,22,227
11/13/2010,PVD,RI,ANE,EN,Combined TRACON& Tower with Radar,97,33,17,0,147,0,0,50,0,50,97,33,67,0,197,30,0,30,227
11/14/2010,PVD,RI,ANE,EN,Combined TRACON& Tower with Radar,97,43,23,0,163,0,0,44,0,44,97,43,67,0,207,36,0,36,243
11/15/2010,PVD,RI,ANE,EN,Combined TRACON& Tower with Radar,110,39,36,0,185,0,0,2,0,2,110,39,38,0,187,2,0,2,189
11/16/2010,PVD,RI,ANE,EN,Combined TRACON& Tower with Radar,108,46,23,0,177,0,0,11,0,11,108,46,34,0,188,26,0,26,214
11/17/2010,PVD,RI,ANE,EN,Combined TRACON& Tower with Radar,110,45,19,0,174,0,0,8,0,8,110,45,27,0,182,0,0,0,182
11/18/2010,PVD,RI,ANE,EN,Combined TRACON& Tower with Radar,108,54,28,0,190,0,0,30,0,30,108,54,58,0,220,6,0,6,226
11/19/2010,PVD,RI,ANE,EN,Combined TRACON& Tower with Radar,117,47,31,1,196,0,2,35,0,37,117,49,66,1,233,52,0,52,285
11/20/2010,PVD,RI,ANE,EN,Combined TRACON& Tower with Radar,94,35,17,0,146,0,0,25,0,25,94,35,42,0,171,0,0,0,171
11/21/2010,PVD,RI,ANE,EN,Combined TRACON& Tower with Radar,97,34,24,1,156,0,2,24,0,26,97,36,48,1,182,26,0,26,208
11/22/2010,PVD,RI,ANE,EN,Combined TRACON& Tower with Radar,109,36,22,0,167,0,0,14,0,14,109,36,36,0,181,10,0,10,191
11/23/2010,PVD,RI,ANE,EN,Combined TRACON& Tower with Radar,119,44,19,0,182,0,0,27,0,27,119,44,46,0,209,6,0,6,215
11/24/2010,PVD,RI,ANE,EN,Combined TRACON& Tower with Radar,119,53,8,0,180,0,0,13,0,13,119,53,21,0,193,30,0,30,223
11/25/2010,PVD,RI,ANE,EN,Combined TRACON& Tower with Radar,72,25,5,0,102,0,0,4,0,4,72,25,9,0,106,0,0,0,106
11/26/2010,PVD,RI,ANE,EN,Combined TRACON& Tower with Radar,86,34,12,0,132,0,0,3,0,3,86,34,15,0,135,14,0,14,149
11/27/2010,PVD,RI,ANE,EN,Combined TRACON& Tower with Radar,99,37,13,0,149,0,0,17,0,17,99,37,30,0,166,0,0,0,166
11/28/2010,PVD,RI,ANE,EN,Combined TRACON& Tower with Radar,111,54,29,0,194,0,0,38,0,38,111,54,67,0,232,6,0,6,238
11/29/2010,PVD,RI,ANE,EN,Combined TRACON& Tower with Radar,115,45,33,2,195,0,0,31,0,31,115,45,64,2,226,26,0,26,252
11/30/2010,PVD,RI,ANE,EN,Combined TRACON& Tower with Radar,104,43,36,2,185,0,0,19,2,21,104,43,55,4,206,42,0,42,248
12/01/2010,PVD,RI,ANE,EN,Combined TRACON& Tower with Radar,115,46,18,0,179,0,0,2,0,2,115,46,20,0,181,0,0,0,181
12/02/2010,PVD,RI,ANE,EN,Combined TRACON& Tower with Radar,107,48,32,2,189,0,0,37,0,37,107,48,69,2,226,10,0,10,236
12/03/2010,PVD,RI,ANE,EN,Combined TRACON& Tower with Radar,108,39,25,0,172,0,1,23,0,24,108,40,48,0,196,0,0,0,196
12/04/2010,PVD,RI,ANE,EN,Combined TRACON& Tower with Radar,85,33,25,0,143,0,0,34,0,34,85,33,59,0,177,18,0,18,195
12/05/2010,PVD,RI,ANE,EN,Combined TRACON& Tower with Radar,97,32,22,0,151,0,0,19,0,19,97,32,41,0,170,10,0,10,180
12/06/2010,PVD,RI,ANE,EN,Combined TRACON& Tower with Radar,104,44,21,0,169,0,2,1,0,3,104,46,22,0,172,0,0,0,172
12/07/2010,PVD,RI,ANE,EN,Combined TRACON& Tower with Radar,104,36,27,0,167,0,0,6,0,6,104,36,33,0,173,0,0,0,173
12/08/2010,PVD,RI,ANE,EN,Combined TRACON& Tower with Radar,101,44,19,2,166,0,0,6,0,6,101,44,25,2,172,0,0,0,172
12/09/2010,PVD,RI,ANE,EN,Combined TRACON& Tower with Radar,105,47,35,3,190,0,0,21,0,21,105,47,56,3,211,26,0,26,237
12/10/2010,PVD,RI,ANE,EN,Combined TRACON& Tower with Radar,105,49,18,0,172,0,0,21,0,21,105,49,39,0,193,8,0,8,201
12/11/2010,PVD,RI,ANE,EN,Combined TRACON& Tower with Radar,86,38,28,6,158,0,0,43,2,45,86,38,71,8,203,6,0,6,209
12/12/2010,PVD,RI,ANE,EN,Combined TRACON& Tower with Radar,81,23,7,0,111,0,0,0,0,0,81,23,7,0,111,0,0,0,111
12/13/2010,PVD,RI,ANE,EN,Combined TRACON& Tower with Radar,102,41,16,0,159,0,0,9,0,9,102,41,25,0,168,78,0,78,246
12/14/2010,PVD,RI,ANE,EN,Combined TRACON& Tower with Radar,108,41,22,0,171,0,2,18,0,20,108,43,40,0,191,58,0,58,249
12/15/2010,PVD,RI,ANE,EN,Combined TRACON& Tower with Radar,107,48,28,2,185,0,0,11,2,13,107,48,39,4,198,0,0,0,198
12/16/2010,PVD,RI,ANE,EN,Combined TRACON& Tower with Radar,104,46,32,0,182,0,0,25,0,25,104,46,57,0,207,15,0,15,222
12/17/2010,PVD,RI,ANE,EN,Combined TRACON& Tower with Radar,117,46,31,0,194,0,0,30,0,30,117,46,61,0,224,4,0,4,228
12/18/2010,PVD,RI,ANE,EN,Combined TRACON& Tower with Radar,97,31,27,0,155,0,3,58,0,61,97,34,85,0,216,20,0,20,236
12/19/2010,PVD,RI,ANE,EN,Combined TRACON& Tower with Radar,93,45,11,0,149,0,0,19,0,19,93,45,30,0,168,30,0,30,198
12/20/2010,PVD,RI,ANE,EN,Combined TRACON& Tower with Radar,104,41,13,0,158,0,0,10,0,10,104,41,23,0,168,0,0,0,168
12/21/2010,PVD,RI,ANE,EN,Combined TRACON& Tower with Radar,112,41,11,0,164,0,0,1,0,1,112,41,12,0,165,0,0,0,165
12/22/2010,PVD,RI,ANE,EN,Combined TRACON& Tower with Radar,120,45,17,5,187,0,0,13,2,15,120,45,30,7,202,4,0,4,206
12/23/2010,PVD,RI,ANE,EN,Combined TRACON& Tower with Radar,123,47,13,0,183,0,0,1,0,1,123,47,14,0,184,0,0,0,184
12/24/2010,PVD,RI,ANE,EN,Combined TRACON& Tower with Radar,89,30,7,0,126,0,0,19,0,19,89,30,26,0,145,16,0,16,161
12/25/2010,PVD,RI,ANE,EN,Combined TRACON& Tower with Radar,76,30,4,0,110,0,0,2,0,2,76,30,6,0,112,0,0,0,112
12/26/2010,PVD,RI,ANE,EN,Combined TRACON& Tower with Radar,40,21,8,0,69,0,0,1,0,1,40,21,9,0,70,0,0,0,70
12/27/2010,PVD,RI,ANE,EN,Combined TRACON& Tower with Radar,70,18,6,1,95,0,0,0,0,0,70,18,6,1,95,0,0,0,95
12/28/2010,PVD,RI,ANE,EN,Combined TRACON& Tower with Radar,107,40,16,0,163,0,0,5,0,5,107,40,21,0,168,0,0,0,168
12/29/2010,PVD,RI,ANE,EN,Combined TRACON& Tower with Radar,110,37,16,0,163,0,0,25,0,25,110,37,41,0,188,6,0,6,194
12/30/2010,PVD,RI,ANE,EN,Combined TRACON& Tower with Radar,107,32,25,0,164,0,2,41,0,43,107,34,66,0,207,24,0,24,231
12/31/2010,PVD,RI,ANE,EN,Combined TRACON& Tower with Radar,92,27,24,0,143,0,0,31,0,31,92,27,55,0,174,33,0,33,207
01/01/2011,PVD,RI,ANE,EN,Combined TRACON& Tower with Radar,79,31,15,0,125,0,0,13,0,13,79,31,28,0,138,2,0,2,140
01/02/2011,PVD,RI,ANE,EN,Combined TRACON& Tower with Radar,106,41,22,0,169,0,2,1,0,3,106,43,23,0,172,0,0,0,172
01/03/2011,PVD,RI,ANE,EN,Combined TRACON& Tower with Radar,112,40,18,0,170,0,0,22,0,22,112,40,40,0,192,2,0,2,194
01/04/2011,PVD,RI,ANE,EN,Combined TRACON& Tower with Radar,106,44,12,0,162,0,0,34,0,34,106,44,46,0,196,20,0,20,216
01/05/2011,PVD,RI,ANE,EN,Combined TRACON& Tower with Radar,99,44,25,1,169,0,0,24,3,27,99,44,49,4,196,8,6,14,210
01/06/2011,PVD,RI,ANE,EN,Combined TRACON& Tower with Radar,99,47,23,0,169,0,0,24,0,24,99,47,47,0,193,34,0,34,227
01/07/2011,PVD,RI,ANE,EN,Combined TRACON& Tower with Radar,95,37,11,0,143,0,0,12,0,12,95,37,23,0,155,0,0,0,155
01/08/2011,PVD,RI,ANE,EN,Combined TRACON& Tower with Radar,80,29,4,0,113,0,0,0,0,0,80,29,4,0,113,4,0,4,117
01/09/2011,PVD,RI,ANE,EN,Combined TRACON& Tower with Radar,83,36,13,0,132,0,0,3,0,3,83,36,16,0,135,6,0,6,141
01/10/2011,PVD,RI,ANE,EN,Combined TRACON& Tower with Radar,91,38,23,0,152,0,0,26,0,26,91,38,49,0,178,22,0,22,200
01/11/2011,PVD,RI,ANE,EN,Combined TRACON& Tower with Radar,75,38,20,2,135,0,0,23,0,23,75,38,43,2,158,13,0,13,171
01/12/2011,PVD,RI,ANE,EN,Combined TRACON& Tower with Radar,9,7,10,0,26,0,0,0,0,0,9,7,10,0,26,0,0,0,26
01/13/2011,PVD,RI,ANE,EN,Combined TRACON& Tower with Radar,97,49,6,0,152,0,0,7,0,7,97,49,13,0,159,0,0,0,159
01/14/2011,PVD,RI,ANE,EN,Combined TRACON& Tower with Radar,103,49,13,0,165,0,0,22,0,22,103,49,35,0,187,30,0,30,217
01/15/2011,PVD,RI,ANE,EN,Combined TRACON& Tower with Radar,82,27,7,0,116,0,0,21,0,21,82,27,28,0,137,22,0,22,159
01/16/2011,PVD,RI,ANE,EN,Combined TRACON& Tower with Radar,86,42,21,0,149,0,0,22,0,22,86,42,43,0,171,10,0,10,181
01/17/2011,PVD,RI,ANE,EN,Combined TRACON& Tower with Radar,100,40,11,0,151,0,0,25,0,25,100,40,36,0,176,6,0,6,182
01/18/2011,PVD,RI,ANE,EN,Combined TRACON& Tower with Radar,98,41,16,0,155,0,0,0,0,0,98,41,16,0,155,0,0,0,155
01/19/2011,PVD,RI,ANE,EN,Combined TRACON& Tower with Radar,100,39,17,0,156,0,0,0,0,0,100,39,17,0,156,4,0,4,160
01/20/2011,PVD,RI,ANE,EN,Combined TRACON& Tower with Radar,99,52,29,0,180,0,2,37,0,39,99,54,66,0,219,34,0,34,253
01/21/2011,PVD,RI,ANE,EN,Combined TRACON& Tower with Radar,99,42,6,0,147,0,0,0,0,0,99,42,6,0,147,0,0,0,147
01/22/2011,PVD,RI,ANE,EN,Combined TRACON& Tower with Radar,84,37,12,0,133,0,3,36,0,39,84,40,48,0,172,18,0,18,190
01/23/2011,PVD,RI,ANE,EN,Combined TRACON& Tower with Radar,86,37,16,0,139,0,0,24,0,24,86,37,40,0,163,39,0,39,202
01/24/2011,PVD,RI,ANE,EN,Combined TRACON& Tower with Radar,102,43,22,0,167,0,0,22,0,22,102,43,44,0,189,18,0,18,207
01/25/2011,PVD,RI,ANE,EN,Combined TRACON& Tower with Radar,101,43,20,0,164,0,0,0,0,0,101,43,20,0,164,0,0,0,164
01/26/2011,PVD,RI,ANE,EN,Combined TRACON& Tower with Radar,66,19,10,0,95,0,0,0,0,0,66,19,10,0,95,0,0,0,95
01/27/2011,PVD,RI,ANE,EN,Combined TRACON& Tower with Radar,72,31,11,0,114,0,0,0,0,0,72,31,11,0,114,0,0,0,114
01/28/2011,PVD,RI,ANE,EN,Combined TRACON& Tower with Radar,104,44,11,0,159,0,0,19,0,19,104,44,30,0,178,26,0,26,204
01/29/2011,PVD,RI,ANE,EN,Combined TRACON& Tower with Radar,80,28,15,0,123,0,0,19,0,19,80,28,34,0,142,66,0,66,208
01/30/2011,PVD,RI,ANE,EN,Combined TRACON& Tower with Radar,86,35,27,0,148,0,0,40,0,40,86,35,67,0,188,22,0,22,210
01/31/2011,PVD,RI,ANE,EN,Combined TRACON& Tower with Radar,102,46,31,0,179,0,5,24,0,29,102,51,55,0,208,18,0,18,226
02/01/2011,PVD,RI,ANE,EN,Combined TRACON& Tower with Radar,64,22,11,0,97,0,0,0,0,0,64,22,11,0,97,0,0,0,97
02/02/2011,PVD,RI,ANE,EN,Combined TRACON& Tower with Radar,42,25,4,1,72,0,0,0,0,0,42,25,4,1,72,0,0,0,72
02/03/2011,PVD,RI,ANE,EN,Combined TRACON& Tower with Radar,102,52,19,0,173,0,0,10,1,11,102,52,29,1,184,38,0,38,222
02/04/2011,PVD,RI,ANE,EN,Combined TRACON& Tower with Radar,103,51,19,3,176,0,0,28,1,29,103,51,47,4,205,6,0,6,211
02/05/2011,PVD,RI,ANE,EN,Combined TRACON& Tower with Radar,80,27,10,0,117,0,0,1,0,1,80,27,11,0,118,12,0,12,130
02/06/2011,PVD,RI,ANE,EN,Combined TRACON& Tower with Radar,84,38,6,0,128,0,0,23,0,23,84,38,29,0,151,0,0,0,151
02/07/2011,PVD,RI,ANE,EN,Combined TRACON& Tower with Radar,99,46,20,0,165,0,0,47,0,47,99,46,67,0,212,46,0,46,258
02/08/2011,PVD,RI,ANE,EN,Combined TRACON& Tower with Radar,104,47,23,0,174,0,1,2,0,3,104,48,25,0,177,0,0,0,177
02/09/2011,PVD,RI,ANE,EN,Combined TRACON& Tower with Radar,103,49,25,0,177,0,0,27,0,27,103,49,52,0,204,26,0,26,230
02/10/2011,PVD,RI,ANE,EN,Combined TRACON& Tower with Radar,103,53,40,0,196,0,0,36,0,36,103,53,76,0,232,40,0,40,272
02/11/2011,PVD,RI,ANE,EN,Combined TRACON& Tower with Radar,106,44,26,0,176,0,0,50,0,50,106,44,76,0,226,40,0,40,266
02/12/2011,PVD,RI,ANE,EN,Combined TRACON& Tower with Radar,80,26,22,0,128,0,0,26,0,26,80,26,48,0,154,26,0,26,180
02/13/2011,PVD,RI,ANE,EN,Combined TRACON& Tower with Radar,86,38,13,0,137,0,1,15,0,16,86,39,28,0,153,16,0,16,169
02/14/2011,PVD,RI,ANE,EN,Combined TRACON& Tower with Radar,104,42,11,0,157,0,0,14,0,14,104,42,25,0,171,0,0,0,171
02/15/2011,PVD,RI,ANE,EN,Combined TRACON& Tower with Radar,106,44,12,0,162,0,0,9,0,9,106,44,21,0,171,8,0,8,179
02/16/2011,PVD,RI,ANE,EN,Combined TRACON& Tower with Radar,105,50,36,3,194,0,0,38,0,38,105,50,74,3,232,12,0,12,244
02/17/2011,PVD,RI,ANE,EN,Combined TRACON& Tower with Radar,106,50,23,1,180,0,0,45,0,45,106,50,68,1,225,8,0,8,233
02/18/2011,PVD,RI,ANE,EN,Combined TRACON& Tower with Radar,112,57,16,0,185,0,0,20,0,20,112,57,36,0,205,18,0,18,223
02/19/2011,PVD,RI,ANE,EN,Combined TRACON& Tower with Radar,84,45,7,0,136,0,0,0,0,0,84,45,7,0,136,0,0,0,136
02/20/2011,PVD,RI,ANE,EN,Combined TRACON& Tower with Radar,83,35,6,0,124,0,0,17,0,17,83,35,23,0,141,16,0,16,157
02/21/2011,PVD,RI,ANE,EN,Combined TRACON& Tower with Radar,101,40,10,0,151,0,0,1,0,1,101,40,11,0,152,0,0,0,152
02/22/2011,PVD,RI,ANE,EN,Combined TRACON& Tower with Radar,102,64,38,6,210,0,0,30,2,32,102,64,68,8,242,18,0,18,260
02/23/2011,PVD,RI,ANE,EN,Combined TRACON& Tower with Radar,103,49,37,2,191,0,2,39,0,41,103,51,76,2,232,22,2,24,256
02/24/2011,PVD,RI,ANE,EN,Combined TRACON& Tower with Radar,106,55,31,0,192,0,0,37,0,37,106,55,68,0,229,6,0,6,235
02/25/2011,PVD,RI,ANE,EN,Combined TRACON& Tower with Radar,105,32,7,0,144,0,0,0,0,0,105,32,7,0,144,0,0,0,144
02/26/2011,PVD,RI,ANE,EN,Combined TRACON& Tower with Radar,79,38,20,0,137,0,0,42,0,42,79,38,62,0,179,30,0,30,209
02/27/2011,PVD,RI,ANE,EN,Combined TRACON& Tower with Radar,84,48,12,0,144,0,0,2,0,2,84,48,14,0,146,10,0,10,156
02/28/2011,PVD,RI,ANE,EN,Combined TRACON& Tower with Radar,106,50,27,0,183,0,0,0,0,0,106,50,27,0,183,0,0,0,183
03/01/2011,PVD,RI,ANE,EN,Combined TRACON& Tower with Radar,108,44,14,2,168,0,2,21,2,25,108,46,35,4,193,36,0,36,229
03/02/2011,PVD,RI,ANE,EN,Combined TRACON& Tower with Radar,107,41,13,0,161,0,0,8,0,8,107,41,21,0,169,0,0,0,169
03/03/2011,PVD,RI,ANE,EN,Combined TRACON& Tower with Radar,108,48,10,0,166,0,0,27,0,27,108,48,37,0,193,34,0,34,227
03/04/2011,PVD,RI,ANE,EN,Combined TRACON& Tower with Radar,104,49,18,0,171,0,0,28,0,28,104,49,46,0,199,36,0,36,235
03/05/2011,PVD,RI,ANE,EN,Combined TRACON& Tower with Radar,77,40,25,0,142,0,0,27,0,27,77,40,52,0,169,62,0,62,231
03/06/2011,PVD,RI,ANE,EN,Combined TRACON& Tower with Radar,85,35,8,0,128,0,0,1,0,1,85,35,9,0,129,2,0,2,131
03/07/2011,PVD,RI,ANE,EN,Combined TRACON& Tower with Radar,102,54,10,0,166,0,0,1,0,1,102,54,11,0,167,0,0,0,167
03/08/2011,PVD,RI,ANE,EN,Combined TRACON& Tower with Radar,102,47,22,4,175,0,1,33,2,36,102,48,55,6,211,18,0,18,229
03/09/2011,PVD,RI,ANE,EN,Combined TRACON& Tower with Radar,104,52,23,2,181,0,3,28,0,31,104,55,51,2,212,28,0,28,240
03/10/2011,PVD,RI,ANE,EN,Combined TRACON& Tower with Radar,106,54,29,4,193,0,0,0,0,0,106,54,29,4,193,4,0,4,197
03/11/2011,PVD,RI,ANE,EN,Combined TRACON& Tower with Radar,104,52,33,0,189,0,0,3,0,3,104,52,36,0,192,2,0,2,194
03/12/2011,PVD,RI,ANE,EN,Combined TRACON& Tower with Radar,82,46,13,0,141,0,1,35,0,36,82,47,48,0,177,26,0,26,203
03/13/2011,PVD,RI,ANE,EN,Combined TRACON& Tower with Radar,93,49,31,0,173,0,0,25,0,25,93,49,56,0,198,0,0,0,198
03/14/2011,PVD,RI,ANE,EN,Combined TRACON& Tower with Radar,100,53,27,0,180,0,0,26,0,26,100,53,53,0,206,30,0,30,236
03/15/2011,PVD,RI,ANE,EN,Combined TRACON& Tower with Radar,104,57,16,5,182,0,0,41,3,44,104,57,57,8,226,16,0,16,242
03/16/2011,PVD,RI,ANE,EN,Combined TRACON& Tower with Radar,103,54,22,0,179,0,0,0,0,0,103,54,22,0,179,0,0,0,179
03/17/2011,PVD,RI,ANE,EN,Combined TRACON& Tower with Radar,107,50,20,0,177,0,0,37,0,37,107,50,57,0,214,52,0,52,266
03/18/2011,PVD,RI,ANE,EN,Combined TRACON& Tower with Radar,104,57,7,0,168,0,0,8,0,8,104,57,15,0,176,0,0,0,176
03/19/2011,PVD,RI,ANE,EN,Combined TRACON& Tower with Radar,80,43,17,0,140,0,0,33,0,33,80,43,50,0,173,14,0,14,187
03/20/2011,PVD,RI,ANE,EN,Combined TRACON& Tower with Radar,86,45,20,4,155,0,0,42,0,42,86,45,62,4,197,8,0,8,205
03/21/2011,PVD,RI,ANE,EN,Combined TRACON& Tower with Radar,104,53,15,0,172,0,0,2,0,2,104,53,17,0,174,1,0,1,175
03/22/2011,PVD,RI,ANE,EN,Combined TRACON& Tower with Radar,105,53,28,5,191,0,0,24,3,27,105,53,52,8,218,14,0,14,232
03/23/2011,PVD,RI,ANE,EN,Combined TRACON& Tower with Radar,101,52,15,0,168,0,1,19,0,20,101,53,34,0,188,22,0,22,210
03/24/2011,PVD,RI,ANE,EN,Combined TRACON& Tower with Radar,104,53,11,0,168,0,0,8,0,8,104,53,19,0,176,20,0,20,196
03/25/2011,PVD,RI,ANE,EN,Combined TRACON& Tower with Radar,106,52,21,1,180,0,2,48,1,51,106,54,69,2,231,20,0,20,251
03/26/2011,PVD,RI,ANE,EN,Combined TRACON& Tower with Radar,82,42,14,1,139,0,2,34,0,36,82,44,48,1,175,26,0,26,201
03/27/2011,PVD,RI,ANE,EN,Combined TRACON& Tower with Radar,89,48,18,0,155,0,0,28,0,28,89,48,46,0,183,8,0,8,191
03/28/2011,PVD,RI,ANE,EN,Combined TRACON& Tower with Radar,100,57,13,0,170,0,0,11,0,11,100,57,24,0,181,0,0,0,181
03/29/2011,PVD,RI,ANE,EN,Combined TRACON& Tower with Radar,104,52,23,2,181,0,0,45,2,47,104,52,68,4,228,14,0,14,242
03/30/2011,PVD,RI,ANE,EN,Combined TRACON& Tower with Radar,104,47,27,0,178,0,0,61,0,61,104,47,88,0,239,22,0,22,261
03/31/2011,PVD,RI,ANE,EN,Combined TRACON& Tower with Radar,98,50,17,0,165,0,0,14,0,14,98,50,31,0,179,0,0,0,179
04/01/2011,PVD,RI,ANE,EN,Combined TRACON& Tower with Radar,105,58,14,0,177,0,0,0,0,0,105,58,14,0,177,0,0,0,177
04/02/2011,PVD,RI,ANE,EN,Combined TRACON& Tower with Radar,74,54,17,1,146,0,0,40,1,41,74,54,57,2,187,14,0,14,201
04/03/2011,PVD,RI,ANE,EN,Combined TRACON& Tower with Radar,85,58,23,0,166,0,0,22,0,22,85,58,45,0,188,12,0,12,200
04/04/2011,PVD,RI,ANE,EN,Combined TRACON& Tower with Radar,100,59,11,0,170,0,0,2,0,2,100,59,13,0,172,0,0,0,172
04/05/2011,PVD,RI,ANE,EN,Combined TRACON& Tower with Radar,105,63,24,1,193,0,0,3,1,4,105,63,27,2,197,0,0,0,197
04/06/2011,PVD,RI,ANE,EN,Combined TRACON& Tower with Radar,102,75,28,0,205,0,0,18,0,18,102,75,46,0,223,4,0,4,227
04/07/2011,PVD,RI,ANE,EN,Combined TRACON& Tower with Radar,102,75,27,0,204,0,0,36,0,36,102,75,63,0,240,36,0,36,276
04/08/2011,PVD,RI,ANE,EN,Combined TRACON& Tower with Radar,108,69,16,0,193,0,0,38,0,38,108,69,54,0,231,24,0,24,255
04/09/2011,PVD,RI,ANE,EN,Combined TRACON& Tower with Radar,79,42,13,0,134,0,1,41,0,42,79,43,54,0,176,36,0,36,212
04/10/2011,PVD,RI,ANE,EN,Combined TRACON& Tower with Radar,89,66,5,0,160,0,0,29,0,29,89,66,34,0,189,22,0,22,211
04/11/2011,PVD,RI,ANE,EN,Combined TRACON& Tower with Radar,103,63,21,0,187,0,0,0,0,0,103,63,21,0,187,0,0,0,187
04/12/2011,PVD,RI,ANE,EN,Combined TRACON& Tower with Radar,101,67,26,5,199,0,0,26,5,31,101,67,52,10,230,42,0,42,272
04/13/2011,PVD,RI,ANE,EN,Combined TRACON& Tower with Radar,108,66,24,0,198,0,0,0,0,0,108,66,24,0,198,0,0,0,198
04/14/2011,PVD,RI,ANE,EN,Combined TRACON& Tower with Radar,104,72,34,0,210,0,0,43,0,43,104,72,77,0,253,92,0,92,345
04/15/2011,PVD,RI,ANE,EN,Combined TRACON& Tower with Radar,102,66,20,0,188,0,0,35,0,35,102,66,55,0,223,10,0,10,233
04/16/2011,PVD,RI,ANE,EN,Combined TRACON& Tower with Radar,83,46,15,1,145,0,0,20,0,20,83,46,35,1,165,24,0,24,189
04/17/2011,PVD,RI,ANE,EN,Combined TRACON& Tower with Radar,91,60,10,1,162,0,0,5,0,5,91,60,15,1,167,2,0,2,169
04/18/2011,PVD,RI,ANE,EN,Combined TRACON& Tower with Radar,103,65,17,0,185,0,0,22,0,22,103,65,39,0,207,42,0,42,249
04/19/2011,PVD,RI,ANE,EN,Combined TRACON& Tower with Radar,98,59,18,4,179,0,0,20,2,22,98,59,38,6,201,44,2,46,247
04/20/2011,PVD,RI,ANE,EN,Combined TRACON& Tower with Radar,107,69,33,0,209,0,0,1,0,1,107,69,34,0,210,0,0,0,210
04/21/2011,PVD,RI,ANE,EN,Combined TRACON& Tower with Radar,106,67,19,0,192,0,0,10,0,10,106,67,29,0,202,0,0,0,202
04/22/2011,PVD,RI,ANE,EN,Combined TRACON& Tower with Radar,105,71,14,0,190,0,0,49,0,49,105,71,63,0,239,0,0,0,239
04/23/2011,PVD,RI,ANE,EN,Combined TRACON& Tower with Radar,81,41,13,0,135,0,0,2,0,2,81,41,15,0,137,0,0,0,137
04/24/2011,PVD,RI,ANE,EN,Combined TRACON& Tower with Radar,87,48,20,0,155,0,0,14,0,14,87,48,34,0,169,10,0,10,179
04/25/2011,PVD,RI,ANE,EN,Combined TRACON& Tower with Radar,100,77,31,0,208,0,1,20,0,21,100,78,51,0,229,30,0,30,259
04/26/2011,PVD,RI,ANE,EN,Combined TRACON& Tower with Radar,103,69,19,2,193,0,0,17,0,17,103,69,36,2,210,16,0,16,226
04/27/2011,PVD,RI,ANE,EN,Combined TRACON& Tower with Radar,103,56,19,0,178,0,0,1,0,1,103,56,20,0,179,0,0,0,179
04/28/2011,PVD,RI,ANE,EN,Combined TRACON& Tower with Radar,99,56,23,2,180,0,0,0,0,0,99,56,23,2,180,0,0,0,180
04/29/2011,PVD,RI,ANE,EN,Combined TRACON& Tower with Radar,107,67,27,0,201,0,0,55,0,55,107,67,82,0,256,16,0,16,272
04/30/2011,PVD,RI,ANE,EN,Combined TRACON& Tower with Radar,75,55,18,0,148,0,0,45,0,45,75,55,63,0,193,16,0,16,209
05/01/2011,PVD,RI,ANE,EN,Combined TRACON& Tower with Radar,91,58,14,0,163,0,0,44,0,44,91,58,58,0,207,6,0,6,213
05/02/2011,PVD,RI,ANE,EN,Combined TRACON& Tower with Radar,104,59,26,0,189,0,0,39,2,41,104,59,65,2,230,16,0,16,246
05/03/2011,PVD,RI,ANE,EN,Combined TRACON& Tower with Radar,111,58,28,0,197,0,0,23,0,23,111,58,51,0,220,0,0,0,220
05/04/2011,PVD,RI,ANE,EN,Combined TRACON& Tower with Radar,109,61,31,1,202,0,0,0,0,0,109,61,31,1,202,0,0,0,202
05/05/2011,PVD,RI,ANE,EN,Combined TRACON& Tower with Radar,108,69,17,1,195,0,0,16,0,16,108,69,33,1,211,0,0,0,211
05/06/2011,PVD,RI,ANE,EN,Combined TRACON& Tower with Radar,109,60,22,1,192,0,0,38,1,39,109,60,60,2,231,30,0,30,261
05/07/2011,PVD,RI,ANE,EN,Combined TRACON& Tower with Radar,88,34,9,0,131,0,0,26,0,26,88,34,35,0,157,6,0,6,163
05/08/2011,PVD,RI,ANE,EN,Combined TRACON& Tower with Radar,97,55,24,0,176,0,0,32,0,32,97,55,56,0,208,36,0,36,244
05/09/2011,PVD,RI,ANE,EN,Combined TRACON& Tower with Radar,107,64,16,0,187,0,2,8,0,10,107,66,24,0,197,8,0,8,205
05/10/2011,PVD,RI,ANE,EN,Combined TRACON& Tower with Radar,102,63,17,17,199,0,0,2,1,3,102,63,19,18,202,0,16,16,218
05/11/2011,PVD,RI,ANE,EN,Combined TRACON& Tower with Radar,107,58,20,0,185,0,0,4,0,4,107,58,24,0,189,0,0,0,189
05/12/2011,PVD,RI,ANE,EN,Combined TRACON& Tower with Radar,106,69,26,2,203,0,0,30,2,32,106,69,56,4,235,96,0,96,331
05/13/2011,PVD,RI,ANE,EN,Combined TRACON& Tower with Radar,111,62,26,0,199,0,0,57,0,57,111,62,83,0,256,10,0,10,266
05/14/2011,PVD,RI,ANE,EN,Combined TRACON& Tower with Radar,84,39,27,0,150,0,0,31,0,31,84,39,58,0,181,2,0,2,183
05/15/2011,PVD,RI,ANE,EN,Combined TRACON& Tower with Radar,95,51,15,0,161,0,0,1,0,1,95,51,16,0,162,0,0,0,162
05/16/2011,PVD,RI,ANE,EN,Combined TRACON& Tower with Radar,106,72,30,0,208,0,0,0,0,0,106,72,30,0,208,0,0,0,208
05/17/2011,PVD,RI,ANE,EN,Combined TRACON& Tower with Radar,109,58,22,6,195,0,0,0,0,0,109,58,22,6,195,2,0,2,197
05/18/2011,PVD,RI,ANE,EN,Combined TRACON& Tower with Radar,112,69,35,6,222,0,0,0,0,0,112,69,35,6,222,2,0,2,224
05/19/2011,PVD,RI,ANE,EN,Combined TRACON& Tower with Radar,109,78,32,3,222,0,0,0,0,0,109,78,32,3,222,0,0,0,222
05/20/2011,PVD,RI,ANE,EN,Combined TRACON& Tower with Radar,109,64,29,3,205,0,0,9,1,10,109,64,38,4,215,8,0,8,223
05/21/2011,PVD,RI,ANE,EN,Combined TRACON& Tower with Radar,88,39,22,0,149,0,2,20,0,22,88,41,42,0,171,18,0,18,189
05/22/2011,PVD,RI,ANE,EN,Combined TRACON& Tower with Radar,99,54,25,0,178,0,0,9,0,9,99,54,34,0,187,0,0,0,187
05/23/2011,PVD,RI,ANE,EN,Combined TRACON& Tower with Radar,111,60,19,0,190,0,0,0,0,0,111,60,19,0,190,0,0,0,190
05/24/2011,PVD,RI,ANE,EN,Combined TRACON& Tower with Radar,110,64,28,0,202,0,0,12,1,13,110,64,40,1,215,34,0,34,249
05/25/2011,PVD,RI,ANE,EN,Combined TRACON& Tower with Radar,106,59,24,0,189,0,0,51,0,51,106,59,75,0,240,20,0,20,260
05/26/2011,PVD,RI,ANE,EN,Combined TRACON& Tower with Radar,104,72,40,2,218,0,0,8,0,8,104,72,48,2,226,4,0,4,230
05/27/2011,PVD,RI,ANE,EN,Combined TRACON& Tower with Radar,107,69,42,2,220,0,0,41,0,41,107,69,83,2,261,32,0,32,293
05/28/2011,PVD,RI,ANE,EN,Combined TRACON& Tower with Radar,90,36,23,0,149,0,1,9,0,10,90,37,32,0,159,12,0,12,171
05/29/2011,PVD,RI,ANE,EN,Combined TRACON& Tower with Radar,80,46,23,0,149,0,0,15,0,15,80,46,38,0,164,0,0,0,164
05/30/2011,PVD,RI,ANE,EN,Combined TRACON& Tower with Radar,97,48,23,0,168,0,0,23,0,23,97,48,46,0,191,28,0,28,219
05/31/2011,PVD,RI,ANE,EN,Combined TRACON& Tower with Radar,106,57,25,3,191,0,0,48,2,50,106,57,73,5,241,4,0,4,245
06/01/2011,PVD,RI,ANE,EN,Combined TRACON& Tower with Radar,113,63,21,12,209,0,0,6,0,6,113,63,27,12,215,8,0,8,223
06/02/2011,PVD,RI,ANE,EN,Combined TRACON& Tower with Radar,108,74,24,2,208,0,0,18,0,18,108,74,42,2,226,10,0,10,236
06/03/2011,PVD,RI,ANE,EN,Combined TRACON& Tower with Radar,110,67,21,0,198,0,19,30,0,49,110,86,51,0,247,0,0,0,247
06/04/2011,PVD,RI,ANE,EN,Combined TRACON& Tower with Radar,85,39,17,0,141,0,20,53,0,73,85,59,70,0,214,12,0,12,226
06/05/2011,PVD,RI,ANE,EN,Combined TRACON& Tower with Radar,96,56,28,0,180,0,21,61,0,82,96,77,89,0,262,43,0,43,305
06/06/2011,PVD,RI,ANE,EN,Combined TRACON& Tower with Radar,106,65,30,0,201,0,18,28,0,46,106,83,58,0,247,32,0,32,279
06/07/2011,PVD,RI,ANE,EN,Combined TRACON& Tower with Radar,108,54,25,0,187,0,14,36,0,50,108,68,61,0,237,0,0,0,237
06/08/2011,PVD,RI,ANE,EN,Combined TRACON& Tower with Radar,110,60,21,1,192,0,20,44,1,65,110,80,65,2,257,26,0,26,283
06/09/2011,PVD,RI,ANE,EN,Combined TRACON& Tower with Radar,96,50,18,0,164,0,11,14,0,25,96,61,32,0,189,14,0,14,203
06/10/2011,PVD,RI,ANE,EN,Combined TRACON& Tower with Radar,112,78,41,0,231,0,10,31,0,41,112,88,72,0,272,24,0,24,296
06/11/2011,PVD,RI,ANE,EN,Combined TRACON& Tower with Radar,98,50,30,0,178,0,8,14,0,22,98,58,44,0,200,24,0,24,224
06/12/2011,PVD,RI,ANE,EN,Combined TRACON& Tower with Radar,101,71,15,0,187,0,0,0,0,0,101,71,15,0,187,0,0,0,187
06/13/2011,PVD,RI,ANE,EN,Combined TRACON& Tower with Radar,114,84,27,0,225,0,0,12,0,12,114,84,39,0,237,24,0,24,261
06/14/2011,PVD,RI,ANE,EN,Combined TRACON& Tower with Radar,112,62,31,0,205,0,2,8,0,10,112,64,39,0,215,20,0,20,235
06/15/2011,PVD,RI,ANE,EN,Combined TRACON& Tower with Radar,114,59,18,0,191,0,14,43,0,57,114,73,61,0,248,22,0,22,270
06/16/2011,PVD,RI,ANE,EN,Combined TRACON& Tower with Radar,110,66,42,0,218,0,14,42,0,56,110,80,84,0,274,32,0,32,306
06/17/2011,PVD,RI,ANE,EN,Combined TRACON& Tower with Radar,110,70,25,0,205,0,8,9,0,17,110,78,34,0,222,0,0,0,222
06/18/2011,PVD,RI,ANE,EN,Combined TRACON& Tower with Radar,96,54,18,0,168,0,10,40,0,50,96,64,58,0,218,14,0,14,232
06/19/2011,PVD,RI,ANE,EN,Combined TRACON& Tower with Radar,103,57,20,0,180,0,25,37,0,62,103,82,57,0,242,15,0,15,257
06/20/2011,PVD,RI,ANE,EN,Combined TRACON& Tower with Radar,108,65,27,0,200,0,25,38,0,63,108,90,65,0,263,8,0,8,271
06/21/2011,PVD,RI,ANE,EN,Combined TRACON& Tower with Radar,112,56,29,0,197,0,12,55,2,69,112,68,84,2,266,56,0,56,322
06/22/2011,PVD,RI,ANE,EN,Combined TRACON& Tower with Radar,102,69,22,1,194,0,0,4,0,4,102,69,26,1,198,6,0,6,204
06/23/2011,PVD,RI,ANE,EN,Combined TRACON& Tower with Radar,114,73,33,0,220,0,0,0,0,0,114,73,33,0,220,6,0,6,226
06/24/2011,PVD,RI,ANE,EN,Combined TRACON& Tower with Radar,108,78,42,0,228,0,0,3,0,3,108,78,45,0,231,4,0,4,235
06/25/2011,PVD,RI,ANE,EN,Combined TRACON& Tower with Radar,102,47,19,0,168,0,8,5,0,13,102,55,24,0,181,17,0,17,198
06/26/2011,PVD,RI,ANE,EN,Combined TRACON& Tower with Radar,101,72,25,0,198,0,5,22,0,27,101,77,47,0,225,0,0,0,225
06/27/2011,PVD,RI,ANE,EN,Combined TRACON& Tower with Radar,111,69,43,0,223,0,20,46,1,67,111,89,89,1,290,34,0,34,324
06/28/2011,PVD,RI,ANE,EN,Combined TRACON& Tower with Radar,107,76,37,0,220,0,5,49,1,55,107,81,86,1,275,42,0,42,317
06/29/2011,PVD,RI,ANE,EN,Combined TRACON& Tower with Radar,116,70,25,0,211,0,6,40,0,46,116,76,65,0,257,28,0,28,285
06/30/2011,PVD,RI,ANE,EN,Combined TRACON& Tower with Radar,115,58,21,0,194,0,36,59,0,95,115,94,80,0,289,16,0,16,305
07/01/2011,PVD,RI,ANE,EN,Combined TRACON& Tower with Radar,110,75,25,0,210,0,24,46,1,71,110,99,71,1,281,18,0,18,299
07/02/2011,PVD,RI,ANE,EN,Combined TRACON& Tower with Radar,104,38,10,0,152,0,22,32,0,54,104,60,42,0,206,14,0,14,220
07/03/2011,PVD,RI,ANE,EN,Combined TRACON& Tower with Radar,84,47,14,0,145,0,6,19,0,25,84,53,33,0,170,48,0,48,218
07/04/2011,PVD,RI,ANE,EN,Combined TRACON& Tower with Radar,104,48,12,3,167,0,16,17,3,36,104,64,29,6,203,4,0,4,207
07/05/2011,PVD,RI,ANE,EN,Combined TRACON& Tower with Radar,116,59,35,4,214,0,26,48,0,74,116,85,83,4,288,34,2,36,324
07/06/2011,PVD,RI,ANE,EN,Combined TRACON& Tower with Radar,118,72,17,0,207,0,3,40,0,43,118,75,57,0,250,18,0,18,268
07/07/2011,PVD,RI,ANE,EN,Combined TRACON& Tower with Radar,117,60,22,0,199,0,19,31,0,50,117,79,53,0,249,22,0,22,271
07/08/2011,PVD,RI,ANE,EN,Combined TRACON& Tower with Radar,97,78,25,0,200,0,0,0,0,0,97,78,25,0,200,0,0,0,200
07/09/2011,PVD,RI,ANE,EN,Combined TRACON& Tower with Radar,102,49,21,0,172,0,15,52,0,67,102,64,73,0,239,16,0,16,255
07/10/2011,PVD,RI,ANE,EN,Combined TRACON& Tower with Radar,102,46,32,0,180,0,24,58,0,82,102,70,90,0,262,2,0,2,264
07/11/2011,PVD,RI,ANE,EN,Combined TRACON& Tower with Radar,111,70,17,0,198,0,15,33,0,48,111,85,50,0,246,35,0,35,281
07/12/2011,PVD,RI,ANE,EN,Combined TRACON& Tower with Radar,116,70,35,0,221,0,5,29,0,34,116,75,64,0,255,18,0,18,273
07/13/2011,PVD,RI,ANE,EN,Combined TRACON& Tower with Radar,111,59,30,0,200,0,20,42,0,62,111,79,72,0,262,26,0,26,288
07/14/2011,PVD,RI,ANE,EN,Combined TRACON& Tower with Radar,117,61,43,2,223,0,26,28,2,56,117,87,71,4,279,14,0,14,293
07/15/2011,PVD,RI,ANE,EN,Combined TRACON& Tower with Radar,117,63,34,0,214,0,21,27,0,48,117,84,61,0,262,22,0,22,284
07/16/2011,PVD,RI,ANE,EN,Combined TRACON& Tower with Radar,106,34,28,0,168,0,15,39,0,54,106,49,67,0,222,6,0,6,228
07/17/2011,PVD,RI,ANE,EN,Combined TRACON& Tower with Radar,100,56,20,0,176,0,24,35,0,59,100,80,55,0,235,7,0,7,242
07/18/2011,PVD,RI,ANE,EN,Combined TRACON& Tower with Radar,112,55,24,0,191,0,20,15,0,35,112,75,39,0,226,0,0,0,226
07/19/2011,PVD,RI,ANE,EN,Combined TRACON& Tower with Radar,108,52,24,2,186,0,15,33,2,50,108,67,57,4,236,24,0,24,260
07/20/2011,PVD,RI,ANE,EN,Combined TRACON& Tower with Radar,112,69,27,0,208,0,22,33,0,55,112,91,60,0,263,4,0,4,267
07/21/2011,PVD,RI,ANE,EN,Combined TRACON& Tower with Radar,113,79,31,0,223,0,4,19,0,23,113,83,50,0,246,6,0,6,252
07/22/2011,PVD,RI,ANE,EN,Combined TRACON& Tower with Radar,113,69,21,0,203,0,19,35,0,54,113,88,56,0,257,6,0,6,263
07/23/2011,PVD,RI,ANE,EN,Combined TRACON& Tower with Radar,103,41,17,0,161,0,16,32,0,48,103,57,49,0,209,6,0,6,215
07/24/2011,PVD,RI,ANE,EN,Combined TRACON& Tower with Radar,106,63,32,2,203,0,21,41,0,62,106,84,73,2,265,46,0,46,311
07/25/2011,PVD,RI,ANE,EN,Combined TRACON& Tower with Radar,111,59,31,0,201,0,18,30,0,48,111,77,61,0,249,26,0,26,275
07/26/2011,PVD,RI,ANE,EN,Combined TRACON& Tower with Radar,117,83,32,0,232,0,7,11,0,18,117,90,43,0,250,30,0,30,280
07/27/2011,PVD,RI,ANE,EN,Combined TRACON& Tower with Radar,121,68,28,0,217,0,21,35,0,56,121,89,63,0,273,2,0,2,275
07/28/2011,PVD,RI,ANE,EN,Combined TRACON& Tower with Radar,118,61,34,0,213,0,19,38,1,58,118,80,72,1,271,24,0,24,295
07/29/2011,PVD,RI,ANE,EN,Combined TRACON& Tower with Radar,116,97,22,0,235,0,1,3,0,4,116,98,25,0,239,0,0,0,239
07/30/2011,PVD,RI,ANE,EN,Combined TRACON& Tower with Radar,105,35,27,0,167,0,24,34,0,58,105,59,61,0,225,2,0,2,227
07/31/2011,PVD,RI,ANE,EN,Combined TRACON& Tower with Radar,96,48,28,0,172,0,21,43,0,64,96,69,71,0,236,0,0,0,236
08/01/2011,PVD,RI,ANE,EN,Combined TRACON& Tower with Radar,99,57,24,0,180,0,20,32,0,52,99,77,56,0,232,0,0,0,232
08/02/2011,PVD,RI,ANE,EN,Combined TRACON& Tower with Radar,115,57,11,2,185,0,26,33,2,61,115,83,44,4,246,24,0,24,270
08/03/2011,PVD,RI,ANE,EN,Combined TRACON& Tower with Radar,115,59,28,0,202,0,15,51,1,67,115,74,79,1,269,22,0,22,291
08/04/2011,PVD,RI,ANE,EN,Combined TRACON& Tower with Radar,116,60,29,0,205,0,21,32,0,53,116,81,61,0,258,0,0,0,258
08/05/2011,PVD,RI,ANE,EN,Combined TRACON& Tower with Radar,117,69,22,0,208,0,21,39,0,60,117,90,61,0,268,20,0,20,288
08/06/2011,PVD,RI,ANE,EN,Combined TRACON& Tower with Radar,102,41,27,2,172,0,10,23,0,33,102,51,50,2,205,34,0,34,239
08/07/2011,PVD,RI,ANE,EN,Combined TRACON& Tower with Radar,103,71,19,0,193,0,0,0,0,0,103,71,19,0,193,0,0,0,193
08/08/2011,PVD,RI,ANE,EN,Combined TRACON& Tower with Radar,115,81,28,0,224,0,7,13,0,20,115,88,41,0,244,6,0,6,250
08/09/2011,PVD,RI,ANE,EN,Combined TRACON& Tower with Radar,115,62,28,0,205,0,21,27,0,48,115,83,55,0,253,33,0,33,286
08/10/2011,PVD,RI,ANE,EN,Combined TRACON& Tower with Radar,120,68,26,0,214,0,13,36,0,49,120,81,62,0,263,16,0,16,279
08/11/2011,PVD,RI,ANE,EN,Combined TRACON& Tower with Radar,116,66,24,3,209,0,22,62,3,87,116,88,86,6,296,6,0,6,302
08/12/2011,PVD,RI,ANE,EN,Combined TRACON& Tower with Radar,116,66,21,2,205,0,27,37,0,64,116,93,58,2,269,6,0,6,275
08/13/2011,PVD,RI,ANE,EN,Combined TRACON& Tower with Radar,102,39,26,0,167,0,22,46,0,68,102,61,72,0,235,0,0,0,235
08/14/2011,PVD,RI,ANE,EN,Combined TRACON& Tower with Radar,95,61,21,0,177,0,7,3,0,10,95,68,24,0,187,14,0,14,201
08/15/2011,PVD,RI,ANE,EN,Combined TRACON& Tower with Radar,109,81,32,0,222,0,0,0,0,0,109,81,32,0,222,0,0,0,222
08/16/2011,PVD,RI,ANE,EN,Combined TRACON& Tower with Radar,106,67,24,2,199,0,7,8,2,17,106,74,32,4,216,14,0,14,230
08/17/2011,PVD,RI,ANE,EN,Combined TRACON& Tower with Radar,109,60,31,0,200,0,21,47,0,68,109,81,78,0,268,8,0,8,276
08/18/2011,PVD,RI,ANE,EN,Combined TRACON& Tower with Radar,107,84,26,3,220,0,4,32,2,38,107,88,58,5,258,14,4,18,276
08/19/2011,PVD,RI,ANE,EN,Combined TRACON& Tower with Radar,99,84,42,1,226,0,2,20,0,22,99,86,62,1,248,12,0,12,260
08/20/2011,PVD,RI,ANE,EN,Combined TRACON& Tower with Radar,90,65,50,0,205,0,6,20,0,26,90,71,70,0,231,22,0,22,253
08/21/2011,PVD,RI,ANE,EN,Combined TRACON& Tower with Radar,88,70,47,0,205,0,7,34,0,41,88,77,81,0,246,14,0,14,260
08/22/2011,PVD,RI,ANE,EN,Combined TRACON& Tower with Radar,104,68,50,1,223,0,15,32,1,48,104,83,82,2,271,0,0,0,271
08/23/2011,PVD,RI,ANE,EN,Combined TRACON& Tower with Radar,107,64,44,1,216,0,10,67,0,77,107,74,111,1,293,6,0,6,299
08/24/2011,PVD,RI,ANE,EN,Combined TRACON& Tower with Radar,110,70,42,0,222,0,6,37,2,45,110,76,79,2,267,22,0,22,289
08/25/2011,PVD,RI,ANE,EN,Combined TRACON& Tower with Radar,102,66,27,0,195,0,3,16,0,19,102,69,43,0,214,18,0,18,232
08/26/2011,PVD,RI,ANE,EN,Combined TRACON& Tower with Radar,113,82,44,0,239,0,10,43,0,53,113,92,87,0,292,10,0,10,302
08/27/2011,PVD,RI,ANE,EN,Combined TRACON& Tower with Radar,86,35,16,0,137,0,0,0,0,0,86,35,16,0,137,0,0,0,137
08/28/2011,PVD,RI,ANE,EN,Combined TRACON& Tower with Radar,0,0,0,0,0,0,0,0,0,0,0,0,0,0,0,0,0,0,0
08/29/2011,PVD,RI,ANE,EN,Combined TRACON& Tower with Radar,75,41,19,0,135,0,16,18,3,37,75,57,37,3,172,10,0,10,182
08/30/2011,PVD,RI,ANE,EN,Combined TRACON& Tower with Radar,109,55,22,2,188,0,19,39,0,58,109,74,61,2,246,2,0,2,248
08/31/2011,PVD,RI,ANE,EN,Combined TRACON& Tower with Radar,113,61,32,0,206,0,22,35,0,57,113,83,67,0,263,10,0,10,273
09/01/2011,PVD,RI,ANE,EN,Combined TRACON& Tower with Radar,110,61,38,0,209,0,23,19,0,42,110,84,57,0,251,0,0,0,251
09/02/2011,PVD,RI,ANE,EN,Combined TRACON& Tower with Radar,110,63,33,0,206,0,24,41,0,65,110,87,74,0,271,8,0,8,279
09/03/2011,PVD,RI,ANE,EN,Combined TRACON& Tower with Radar,82,36,21,0,139,0,16,29,0,45,82,52,50,0,184,28,0,28,212
09/04/2011,PVD,RI,ANE,EN,Combined TRACON& Tower with Radar,78,44,15,0,137,0,3,17,0,20,78,47,32,0,157,0,0,0,157
09/05/2011,PVD,RI,ANE,EN,Combined TRACON& Tower with Radar,92,79,26,0,197,0,4,11,0,15,92,83,37,0,212,0,0,0,212
09/06/2011,PVD,RI,ANE,EN,Combined TRACON& Tower with Radar,105,71,23,0,199,0,0,0,0,0,105,71,23,0,199,0,0,0,199
09/07/2011,PVD,RI,ANE,EN,Combined TRACON& Tower with Radar,97,79,33,0,209,0,0,0,0,0,97,79,33,0,209,0,0,0,209
09/08/2011,PVD,RI,ANE,EN,Combined TRACON& Tower with Radar,105,77,26,0,208,0,0,8,0,8,105,77,34,0,216,0,0,0,216
09/09/2011,PVD,RI,ANE,EN,Combined TRACON& Tower with Radar,106,69,30,0,205,0,12,36,0,48,106,81,66,0,253,14,0,14,267
09/10/2011,PVD,RI,ANE,EN,Combined TRACON& Tower with Radar,86,37,22,0,145,0,18,49,0,67,86,55,71,0,212,30,0,30,242
09/11/2011,PVD,RI,ANE,EN,Combined TRACON& Tower with Radar,96,46,22,0,164,0,26,41,0,67,96,72,63,0,231,18,0,18,249
09/12/2011,PVD,RI,ANE,EN,Combined TRACON& Tower with Radar,99,75,24,0,198,0,4,25,0,29,99,79,49,0,227,18,0,18,245
09/13/2011,PVD,RI,ANE,EN,Combined TRACON& Tower with Radar,107,54,35,11,207,0,10,41,2,53,107,64,76,13,260,8,4,12,272
09/14/2011,PVD,RI,ANE,EN,Combined TRACON& Tower with Radar,107,48,44,0,199,0,14,28,0,42,107,62,72,0,241,12,0,12,253
09/15/2011,PVD,RI,ANE,EN,Combined TRACON& Tower with Radar,110,83,38,0,231,0,0,6,0,6,110,83,44,0,237,6,0,6,243
09/16/2011,PVD,RI,ANE,EN,Combined TRACON& Tower with Radar,107,56,31,0,194,0,19,42,0,61,107,75,73,0,255,15,0,15,270
09/17/2011,PVD,RI,ANE,EN,Combined TRACON& Tower with Radar,87,26,19,0,132,0,21,51,0,72,87,47,70,0,204,2,0,2,206
09/18/2011,PVD,RI,ANE,EN,Combined TRACON& Tower with Radar,97,44,25,0,166,0,28,31,0,59,97,72,56,0,225,32,0,32,257
09/19/2011,PVD,RI,ANE,EN,Combined TRACON& Tower with Radar,102,62,27,1,192,0,17,27,0,44,102,79,54,1,236,44,0,44,280
09/20/2011,PVD,RI,ANE,EN,Combined TRACON& Tower with Radar,106,63,28,0,197,0,1,9,0,10,106,64,37,0,207,16,0,16,223
09/21/2011,PVD,RI,ANE,EN,Combined TRACON& Tower with Radar,109,59,44,1,213,0,8,19,1,28,109,67,63,2,241,14,0,14,255
09/22/2011,PVD,RI,ANE,EN,Combined TRACON& Tower with Radar,106,86,32,1,225,0,0,0,0,0,106,86,32,1,225,0,0,0,225
09/23/2011,PVD,RI,ANE,EN,Combined TRACON& Tower with Radar,105,88,37,2,232,0,0,0,0,0,105,88,37,2,232,0,0,0,232
09/24/2011,PVD,RI,ANE,EN,Combined TRACON& Tower with Radar,90,43,19,0,152,0,1,9,0,10,90,44,28,0,162,18,0,18,180
09/25/2011,PVD,RI,ANE,EN,Combined TRACON& Tower with Radar,97,49,18,0,164,0,21,21,0,42,97,70,39,0,206,20,0,20,226
09/26/2011,PVD,RI,ANE,EN,Combined TRACON& Tower with Radar,100,62,25,0,187,0,18,21,0,39,100,80,46,0,226,2,0,2,228
09/27/2011,PVD,RI,ANE,EN,Combined TRACON& Tower with Radar,104,61,29,2,196,0,0,10,0,10,104,61,39,2,206,4,0,4,210
09/28/2011,PVD,RI,ANE,EN,Combined TRACON& Tower with Radar,106,58,24,2,190,0,0,11,0,11,106,58,35,2,201,6,0,6,207
09/29/2011,PVD,RI,ANE,EN,Combined TRACON& Tower with Radar,111,55,29,0,195,0,0,0,0,0,111,55,29,0,195,0,0,0,195
09/30/2011,PVD,RI,ANE,EN,Combined TRACON& Tower with Radar,105,69,24,2,200,0,0,33,0,33,105,69,57,2,233,8,0,8,241
10/01/2011,PVD,RI,ANE,EN,Combined TRACON& Tower with Radar,91,26,11,0,128,0,1,0,0,1,91,27,11,0,129,0,0,0,129
10/02/2011,PVD,RI,ANE,EN,Combined TRACON& Tower with Radar,92,48,26,0,166,0,0,2,0,2,92,48,28,0,168,0,0,0,168
10/03/2011,PVD,RI,ANE,EN,Combined TRACON& Tower with Radar,105,53,34,0,192,0,0,20,0,20,105,53,54,0,212,6,0,6,218
10/04/2011,PVD,RI,ANE,EN,Combined TRACON& Tower with Radar,111,54,33,0,198,0,0,8,0,8,111,54,41,0,206,8,0,8,214
10/05/2011,PVD,RI,ANE,EN,Combined TRACON& Tower with Radar,114,59,25,3,201,0,1,24,3,28,114,60,49,6,229,2,4,6,235
10/06/2011,PVD,RI,ANE,EN,Combined TRACON& Tower with Radar,98,56,36,0,190,0,0,32,0,32,98,56,68,0,222,14,0,14,236
10/07/2011,PVD,RI,ANE,EN,Combined TRACON& Tower with Radar,109,50,30,0,189,0,0,43,0,43,109,50,73,0,232,7,0,7,239
10/08/2011,PVD,RI,ANE,EN,Combined TRACON& Tower with Radar,96,26,16,0,138,0,2,54,0,56,96,28,70,0,194,0,0,0,194
10/09/2011,PVD,RI,ANE,EN,Combined TRACON& Tower with Radar,96,43,22,0,161,0,0,41,0,41,96,43,63,0,202,20,0,20,222
10/10/2011,PVD,RI,ANE,EN,Combined TRACON& Tower with Radar,107,52,29,0,188,0,0,41,0,41,107,52,70,0,229,2,0,2,231
10/11/2011,PVD,RI,ANE,EN,Combined TRACON& Tower with Radar,109,48,27,0,184,0,0,42,0,42,109,48,69,0,226,40,0,40,266
10/12/2011,PVD,RI,ANE,EN,Combined TRACON& Tower with Radar,112,50,24,0,186,0,0,13,0,13,112,50,37,0,199,10,1,11,210
10/13/2011,PVD,RI,ANE,EN,Combined TRACON& Tower with Radar,107,53,41,0,201,0,0,0,0,0,107,53,41,0,201,0,0,0,201
10/14/2011,PVD,RI,ANE,EN,Combined TRACON& Tower with Radar,114,52,22,1,189,0,0,0,0,0,114,52,22,1,189,0,0,0,189
10/15/2011,PVD,RI,ANE,EN,Combined TRACON& Tower with Radar,95,35,15,0,145,0,2,13,0,15,95,37,28,0,160,0,0,0,160
10/16/2011,PVD,RI,ANE,EN,Combined TRACON& Tower with Radar,100,50,29,2,181,0,0,20,0,20,100,50,49,2,201,2,0,2,203
10/17/2011,PVD,RI,ANE,EN,Combined TRACON& Tower with Radar,107,55,10,0,172,0,0,16,0,16,107,55,26,0,188,0,0,0,188
10/18/2011,PVD,RI,ANE,EN,Combined TRACON& Tower with Radar,112,43,23,0,178,0,2,22,0,24,112,45,45,0,202,5,0,5,207
10/19/2011,PVD,RI,ANE,EN,Combined TRACON& Tower with Radar,111,46,29,0,186,0,0,0,0,0,111,46,29,0,186,0,0,0,186
10/20/2011,PVD,RI,ANE,EN,Combined TRACON& Tower with Radar,113,51,20,3,187,0,0,5,0,5,113,51,25,3,192,4,0,4,196
10/21/2011,PVD,RI,ANE,EN,Combined TRACON& Tower with Radar,106,53,36,2,197,0,0,49,2,51,106,53,85,4,248,0,4,4,252
10/22/2011,PVD,RI,ANE,EN,Combined TRACON& Tower with Radar,87,32,17,0,136,0,0,42,0,42,87,32,59,0,178,68,0,68,246
10/23/2011,PVD,RI,ANE,EN,Combined TRACON& Tower with Radar,97,38,8,0,143,0,2,52,0,54,97,40,60,0,197,19,0,19,216
10/24/2011,PVD,RI,ANE,EN,Combined TRACON& Tower with Radar,103,48,22,0,173,0,0,40,0,40,103,48,62,0,213,22,0,22,235
10/25/2011,PVD,RI,ANE,EN,Combined TRACON& Tower with Radar,107,47,27,0,181,0,0,29,0,29,107,47,56,0,210,45,0,45,255
10/26/2011,PVD,RI,ANE,EN,Combined TRACON& Tower with Radar,113,53,18,0,184,0,0,10,0,10,113,53,28,0,194,8,0,8,202
10/27/2011,PVD,RI,ANE,EN,Combined TRACON& Tower with Radar,113,51,16,0,180,0,0,0,0,0,113,51,16,0,180,0,0,0,180
10/28/2011,PVD,RI,ANE,EN,Combined TRACON& Tower with Radar,110,52,24,0,186,0,0,35,0,35,110,52,59,0,221,0,0,0,221
10/29/2011,PVD,RI,ANE,EN,Combined TRACON& Tower with Radar,86,26,10,0,122,0,0,4,0,4,86,26,14,0,126,16,0,16,142
10/30/2011,PVD,RI,ANE,EN,Combined TRACON& Tower with Radar,99,44,11,0,154,0,0,0,0,0,99,44,11,0,154,12,0,12,166
10/31/2011,PVD,RI,ANE,EN,Combined TRACON& Tower with Radar,103,44,14,0,161,0,0,17,0,17,103,44,31,0,178,30,0,30,208
11/01/2011,PVD,RI,ANE,EN,Combined TRACON& Tower with Radar,110,50,32,0,192,0,0,25,0,25,110,50,57,0,217,40,0,40,257
11/02/2011,PVD,RI,ANE,EN,Combined TRACON& Tower with Radar,111,44,23,0,178,0,1,26,0,27,111,45,49,0,205,8,0,8,213
11/03/2011,PVD,RI,ANE,EN,Combined TRACON& Tower with Radar,112,60,35,0,207,0,0,30,0,30,112,60,65,0,237,38,0,38,275
11/04/2011,PVD,RI,ANE,EN,Combined TRACON& Tower with Radar,112,51,33,0,196,0,0,20,0,20,112,51,53,0,216,26,0,26,242
11/05/2011,PVD,RI,ANE,EN,Combined TRACON& Tower with Radar,93,18,18,0,129,0,0,40,0,40,93,18,58,0,169,36,0,36,205
11/06/2011,PVD,RI,ANE,EN,Combined TRACON& Tower with Radar,94,40,23,0,157,0,0,29,0,29,94,40,52,0,186,26,0,26,212
11/07/2011,PVD,RI,ANE,EN,Combined TRACON& Tower with Radar,101,50,20,0,171,0,2,27,0,29,101,52,47,0,200,16,1,17,217
11/08/2011,PVD,RI,ANE,EN,Combined TRACON& Tower with Radar,111,44,28,2,185,0,1,20,0,21,111,45,48,2,206,14,0,14,220
11/09/2011,PVD,RI,ANE,EN,Combined TRACON& Tower with Radar,106,43,25,0,174,0,1,25,0,26,106,44,50,0,200,24,0,24,224
11/10/2011,PVD,RI,ANE,EN,Combined TRACON& Tower with Radar,102,44,27,0,173,0,0,0,0,0,102,44,27,0,173,0,0,0,173
11/11/2011,PVD,RI,ANE,EN,Combined TRACON& Tower with Radar,105,49,19,0,173,0,0,9,0,9,105,49,28,0,182,0,0,0,182
11/12/2011,PVD,RI,ANE,EN,Combined TRACON& Tower with Radar,84,26,19,0,129,0,0,29,0,29,84,26,48,0,158,26,0,26,184
11/13/2011,PVD,RI,ANE,EN,Combined TRACON& Tower with Radar,92,41,11,0,144,0,0,12,0,12,92,41,23,0,156,33,0,33,189
11/14/2011,PVD,RI,ANE,EN,Combined TRACON& Tower with Radar,104,46,13,0,163,0,0,21,0,21,104,46,34,0,184,28,0,28,212
11/15/2011,PVD,RI,ANE,EN,Combined TRACON& Tower with Radar,107,43,29,0,179,0,1,25,0,26,107,44,54,0,205,4,0,4,209
11/16/2011,PVD,RI,ANE,EN,Combined TRACON& Tower with Radar,105,45,24,3,177,0,0,2,0,2,105,45,26,3,179,6,0,6,185
11/17/2011,PVD,RI,ANE,EN,Combined TRACON& Tower with Radar,106,57,27,0,190,0,0,12,0,12,106,57,39,0,202,2,0,2,204
11/18/2011,PVD,RI,ANE,EN,Combined TRACON& Tower with Radar,103,49,29,0,181,0,0,24,0,24,103,49,53,0,205,0,0,0,205
11/19/2011,PVD,RI,ANE,EN,Combined TRACON& Tower with Radar,83,29,17,0,129,0,0,27,0,27,83,29,44,0,156,0,0,0,156
11/20/2011,PVD,RI,ANE,EN,Combined TRACON& Tower with Radar,94,40,15,0,149,0,0,25,0,25,94,40,40,0,174,10,0,10,184
11/21/2011,PVD,RI,ANE,EN,Combined TRACON& Tower with Radar,98,57,28,0,183,0,0,23,0,23,98,57,51,0,206,20,0,20,226
11/22/2011,PVD,RI,ANE,EN,Combined TRACON& Tower with Radar,108,51,33,3,195,0,0,36,3,39,108,51,69,6,234,12,0,12,246
11/23/2011,PVD,RI,ANE,EN,Combined TRACON& Tower with Radar,110,55,18,0,183,0,0,0,0,0,110,55,18,0,183,0,0,0,183
11/24/2011,PVD,RI,ANE,EN,Combined TRACON& Tower with Radar,59,24,2,0,85,0,0,8,0,8,59,24,10,0,93,0,0,0,93
11/25/2011,PVD,RI,ANE,EN,Combined TRACON& Tower with Radar,66,31,13,0,110,0,0,45,0,45,66,31,58,0,155,6,0,6,161
11/26/2011,PVD,RI,ANE,EN,Combined TRACON& Tower with Radar,92,43,13,0,148,0,0,55,0,55,92,43,68,0,203,0,0,0,203
11/27/2011,PVD,RI,ANE,EN,Combined TRACON& Tower with Radar,111,50,30,0,191,0,0,39,0,39,111,50,69,0,230,6,0,6,236
11/28/2011,PVD,RI,ANE,EN,Combined TRACON& Tower with Radar,111,58,18,0,187,0,14,12,0,26,111,72,30,0,213,26,0,26,239
11/29/2011,PVD,RI,ANE,EN,Combined TRACON& Tower with Radar,98,36,38,2,174,0,0,17,0,17,98,36,55,2,191,10,0,10,201
11/30/2011,PVD,RI,ANE,EN,Combined TRACON& Tower with Radar,101,49,22,5,177,0,0,12,5,17,101,49,34,10,194,14,6,20,214
12/01/2011,PVD,RI,ANE,EN,Combined TRACON& Tower with Radar,101,50,32,0,183,0,0,32,0,32,101,50,64,0,215,32,0,32,247
12/02/2011,PVD,RI,ANE,EN,Combined TRACON& Tower with Radar,101,51,26,0,178,0,0,30,0,30,101,51,56,0,208,19,0,19,227
12/03/2011,PVD,RI,ANE,EN,Combined TRACON& Tower with Radar,75,24,19,2,120,0,0,36,3,39,75,24,55,5,159,2,0,2,161
12/04/2011,PVD,RI,ANE,EN,Combined TRACON& Tower with Radar,88,47,11,0,146,0,0,22,0,22,88,47,33,0,168,52,0,52,220
12/05/2011,PVD,RI,ANE,EN,Combined TRACON& Tower with Radar,100,46,33,0,179,0,0,25,0,25,100,46,58,0,204,0,0,0,204
12/06/2011,PVD,RI,ANE,EN,Combined TRACON& Tower with Radar,96,53,38,0,187,0,0,1,0,1,96,53,39,0,188,2,2,4,192
12/07/2011,PVD,RI,ANE,EN,Combined TRACON& Tower with Radar,94,50,27,0,171,0,0,0,0,0,94,50,27,0,171,0,0,0,171
12/08/2011,PVD,RI,ANE,EN,Combined TRACON& Tower with Radar,102,43,29,0,174,0,0,9,0,9,102,43,38,0,183,0,0,0,183
12/09/2011,PVD,RI,ANE,EN,Combined TRACON& Tower with Radar,101,47,25,0,173,0,1,23,0,24,101,48,48,0,197,0,0,0,197
12/10/2011,PVD,RI,ANE,EN,Combined TRACON& Tower with Radar,73,24,8,0,105,0,0,43,0,43,73,24,51,0,148,14,0,14,162
12/11/2011,PVD,RI,ANE,EN,Combined TRACON& Tower with Radar,90,39,12,0,141,0,0,28,0,28,90,39,40,0,169,22,0,22,191
12/12/2011,PVD,RI,ANE,EN,Combined TRACON& Tower with Radar,98,53,23,0,174,0,0,24,0,24,98,53,47,0,198,6,0,6,204
12/13/2011,PVD,RI,ANE,EN,Combined TRACON& Tower with Radar,104,40,14,0,158,0,0,19,0,19,104,40,33,0,177,29,1,30,207
12/14/2011,PVD,RI,ANE,EN,Combined TRACON& Tower with Radar,103,46,29,0,178,0,0,16,0,16,103,46,45,0,194,40,0,40,234
12/15/2011,PVD,RI,ANE,EN,Combined TRACON& Tower with Radar,109,41,34,0,184,0,0,4,0,4,109,41,38,0,188,16,0,16,204
12/16/2011,PVD,RI,ANE,EN,Combined TRACON& Tower with Radar,110,47,20,0,177,0,0,6,0,6,110,47,26,0,183,0,0,0,183
12/17/2011,PVD,RI,ANE,EN,Combined TRACON& Tower with Radar,80,34,26,1,141,0,0,33,0,33,80,34,59,1,174,88,0,88,262
12/18/2011,PVD,RI,ANE,EN,Combined TRACON& Tower with Radar,90,32,19,0,141,0,0,28,0,28,90,32,47,0,169,18,0,18,187
12/19/2011,PVD,RI,ANE,EN,Combined TRACON& Tower with Radar,105,39,13,2,159,0,1,5,0,6,105,40,18,2,165,32,0,32,197
12/20/2011,PVD,RI,ANE,EN,Combined TRACON& Tower with Radar,106,42,9,0,157,0,0,28,0,28,106,42,37,0,185,30,0,30,215
12/21/2011,PVD,RI,ANE,EN,Combined TRACON& Tower with Radar,104,45,14,0,163,0,0,7,0,7,104,45,21,0,170,0,0,0,170
12/22/2011,PVD,RI,ANE,EN,Combined TRACON& Tower with Radar,114,51,11,0,176,0,0,19,0,19,114,51,30,0,195,34,0,34,229
12/23/2011,PVD,RI,ANE,EN,Combined TRACON& Tower with Radar,112,41,18,0,171,0,0,1,0,1,112,41,19,0,172,30,0,30,202
12/24/2011,PVD,RI,ANE,EN,Combined TRACON& Tower with Radar,86,24,5,0,115,0,0,17,0,17,86,24,22,0,132,6,0,6,138
12/25/2011,PVD,RI,ANE,EN,Combined TRACON& Tower with Radar,72,16,3,0,91,0,0,2,0,2,72,16,5,0,93,0,0,0,93
12/26/2011,PVD,RI,ANE,EN,Combined TRACON& Tower with Radar,107,30,12,1,150,0,0,17,0,17,107,30,29,1,167,22,0,22,189
12/27/2011,PVD,RI,ANE,EN,Combined TRACON& Tower with Radar,104,26,11,9,150,0,0,19,1,20,104,26,30,10,170,78,0,78,248
12/28/2011,PVD,RI,ANE,EN,Combined TRACON& Tower with Radar,109,33,5,0,147,0,0,10,0,10,109,33,15,0,157,35,1,36,193
12/29/2011,PVD,RI,ANE,EN,Combined TRACON& Tower with Radar,105,27,17,0,149,0,0,25,0,25,105,27,42,0,174,10,0,10,184
12/30/2011,PVD,RI,ANE,EN,Combined TRACON& Tower with Radar,109,28,19,0,156,0,0,32,0,32,109,28,51,0,188,18,0,18,206
12/31/2011,PVD,RI,ANE,EN,Combined TRACON& Tower with Radar,83,22,11,0,116,0,0,0,0,0,83,22,11,0,116,0,0,0,116
01/01/2012,PVD,RI,ANE,EN,Combined TRACON& Tower with Radar,86,22,10,0,118,0,0,12,0,12,86,22,22,0,130,24,0,24,154
01/02/2012,PVD,RI,ANE,EN,Combined TRACON& Tower with Radar,103,34,25,0,162,0,0,17,0,17,103,34,42,0,179,14,0,14,193
01/03/2012,PVD,RI,ANE,EN,Combined TRACON& Tower with Radar,98,39,24,3,164,0,0,23,3,26,98,39,47,6,190,35,0,35,225
01/04/2012,PVD,RI,ANE,EN,Combined TRACON& Tower with Radar,98,35,18,1,152,0,0,29,1,30,98,35,47,2,182,13,4,17,199
01/05/2012,PVD,RI,ANE,EN,Combined TRACON& Tower with Radar,100,35,16,0,151,0,0,26,0,26,100,35,42,0,177,0,0,0,177
01/06/2012,PVD,RI,ANE,EN,Combined TRACON& Tower with Radar,99,42,17,5,163,0,0,25,4,29,99,42,42,9,192,14,14,28,220
01/07/2012,PVD,RI,ANE,EN,Combined TRACON& Tower with Radar,79,26,20,0,125,0,0,40,0,40,79,26,60,0,165,18,0,18,183
01/08/2012,PVD,RI,ANE,EN,Combined TRACON& Tower with Radar,76,30,20,0,126,0,0,43,0,43,76,30,63,0,169,20,0,20,189
01/09/2012,PVD,RI,ANE,EN,Combined TRACON& Tower with Radar,91,43,20,0,154,0,0,21,0,21,91,43,41,0,175,4,0,4,179
01/10/2012,PVD,RI,ANE,EN,Combined TRACON& Tower with Radar,93,41,25,0,159,0,0,25,0,25,93,41,50,0,184,42,0,42,226
01/11/2012,PVD,RI,ANE,EN,Combined TRACON& Tower with Radar,93,41,35,0,169,0,0,19,0,19,93,41,54,0,188,39,0,39,227
01/12/2012,PVD,RI,ANE,EN,Combined TRACON& Tower with Radar,85,39,22,0,146,0,0,0,0,0,85,39,22,0,146,0,0,0,146
01/13/2012,PVD,RI,ANE,EN,Combined TRACON& Tower with Radar,91,57,10,2,160,0,0,1,0,1,91,57,11,2,161,0,0,0,161
01/14/2012,PVD,RI,ANE,EN,Combined TRACON& Tower with Radar,70,26,19,0,115,0,0,19,0,19,70,26,38,0,134,31,0,31,165
01/15/2012,PVD,RI,ANE,EN,Combined TRACON& Tower with Radar,79,31,20,0,130,0,0,21,0,21,79,31,41,0,151,10,0,10,161
01/16/2012,PVD,RI,ANE,EN,Combined TRACON& Tower with Radar,91,45,16,0,152,0,0,44,0,44,91,45,60,0,196,13,0,13,209
01/17/2012,PVD,RI,ANE,EN,Combined TRACON& Tower with Radar,92,42,16,0,150,0,0,4,0,4,92,42,20,0,154,28,0,28,182
01/18/2012,PVD,RI,ANE,EN,Combined TRACON& Tower with Radar,94,40,20,0,154,0,0,4,0,4,94,40,24,0,158,0,0,0,158
01/19/2012,PVD,RI,ANE,EN,Combined TRACON& Tower with Radar,94,43,25,0,162,0,0,27,0,27,94,43,52,0,189,8,0,8,197
01/20/2012,PVD,RI,ANE,EN,Combined TRACON& Tower with Radar,85,55,20,0,160,0,0,23,0,23,85,55,43,0,183,0,0,0,183
01/21/2012,PVD,RI,ANE,EN,Combined TRACON& Tower with Radar,68,16,3,0,87,0,0,0,0,0,68,16,3,0,87,0,0,0,87
01/22/2012,PVD,RI,ANE,EN,Combined TRACON& Tower with Radar,81,44,27,2,154,0,0,12,0,12,81,44,39,2,166,10,0,10,176
01/23/2012,PVD,RI,ANE,EN,Combined TRACON& Tower with Radar,85,36,22,0,143,0,0,0,0,0,85,36,22,0,143,0,0,0,143
01/24/2012,PVD,RI,ANE,EN,Combined TRACON& Tower with Radar,91,44,11,3,149,0,2,30,1,33,91,46,41,4,182,38,2,40,222
01/25/2012,PVD,RI,ANE,EN,Combined TRACON& Tower with Radar,94,47,12,2,155,0,2,27,2,31,94,49,39,4,186,10,1,11,197
01/26/2012,PVD,RI,ANE,EN,Combined TRACON& Tower with Radar,96,46,22,4,168,0,0,14,0,14,96,46,36,4,182,22,0,22,204
01/27/2012,PVD,RI,ANE,EN,Combined TRACON& Tower with Radar,93,52,11,0,156,0,0,0,0,0,93,52,11,0,156,0,0,0,156
01/28/2012,PVD,RI,ANE,EN,Combined TRACON& Tower with Radar,71,20,12,0,103,0,0,34,0,34,71,20,46,0,137,34,0,34,171
01/29/2012,PVD,RI,ANE,EN,Combined TRACON& Tower with Radar,78,31,21,0,130,0,0,27,0,27,78,31,48,0,157,12,0,12,169
01/30/2012,PVD,RI,ANE,EN,Combined TRACON& Tower with Radar,90,50,9,3,152,0,0,11,0,11,90,50,20,3,163,10,14,24,187
01/31/2012,PVD,RI,ANE,EN,Combined TRACON& Tower with Radar,90,48,11,2,151,0,4,27,0,31,90,52,38,2,182,44,0,44,226
02/01/2012,PVD,RI,ANE,EN,Combined TRACON& Tower with Radar,93,46,26,0,165,0,0,17,2,19,93,46,43,2,184,32,0,32,216
02/02/2012,PVD,RI,ANE,EN,Combined TRACON& Tower with Radar,91,50,25,6,172,0,1,12,0,13,91,51,37,6,185,22,8,30,215
02/03/2012,PVD,RI,ANE,EN,Combined TRACON& Tower with Radar,94,43,13,2,152,0,3,28,0,31,94,46,41,2,183,8,0,8,191
02/04/2012,PVD,RI,ANE,EN,Combined TRACON& Tower with Radar,66,26,18,0,110,0,1,35,0,36,66,27,53,0,146,30,0,30,176
02/05/2012,PVD,RI,ANE,EN,Combined TRACON& Tower with Radar,76,41,19,0,136,0,0,26,0,26,76,41,45,0,162,34,0,34,196
02/06/2012,PVD,RI,ANE,EN,Combined TRACON& Tower with Radar,88,48,11,0,147,0,2,22,0,24,88,50,33,0,171,28,0,28,199
02/07/2012,PVD,RI,ANE,EN,Combined TRACON& Tower with Radar,90,44,18,1,153,0,0,25,1,26,90,44,43,2,179,8,2,10,189
02/08/2012,PVD,RI,ANE,EN,Combined TRACON& Tower with Radar,94,43,25,1,163,0,0,24,1,25,94,43,49,2,188,2,2,4,192
02/09/2012,PVD,RI,ANE,EN,Combined TRACON& Tower with Radar,94,46,32,0,172,0,4,18,0,22,94,50,50,0,194,8,0,8,202
02/10/2012,PVD,RI,ANE,EN,Combined TRACON& Tower with Radar,92,55,29,0,176,0,2,29,0,31,92,57,58,0,207,30,1,31,238
02/11/2012,PVD,RI,ANE,EN,Combined TRACON& Tower with Radar,68,20,4,0,92,0,0,0,0,0,68,20,4,0,92,0,0,0,92
02/12/2012,PVD,RI,ANE,EN,Combined TRACON& Tower with Radar,89,33,11,0,133,0,0,9,0,9,89,33,20,0,142,20,0,20,162
02/13/2012,PVD,RI,ANE,EN,Combined TRACON& Tower with Radar,97,49,10,0,156,0,0,15,0,15,97,49,25,0,171,16,0,16,187
02/14/2012,PVD,RI,ANE,EN,Combined TRACON& Tower with Radar,102,43,22,0,167,0,2,35,0,37,102,45,57,0,204,28,0,28,232
02/15/2012,PVD,RI,ANE,EN,Combined TRACON& Tower with Radar,101,45,38,0,184,0,0,12,0,12,101,45,50,0,196,62,0,62,258
02/16/2012,PVD,RI,ANE,EN,Combined TRACON& Tower with Radar,103,50,34,0,187,0,0,28,0,28,103,50,62,0,215,29,0,29,244
02/17/2012,PVD,RI,ANE,EN,Combined TRACON& Tower with Radar,103,48,37,0,188,0,2,17,0,19,103,50,54,0,207,5,0,5,212
02/18/2012,PVD,RI,ANE,EN,Combined TRACON& Tower with Radar,82,30,18,0,130,0,1,31,4,36,82,31,49,4,166,54,0,54,220
02/19/2012,PVD,RI,ANE,EN,Combined TRACON& Tower with Radar,84,35,11,0,130,0,0,34,0,34,84,35,45,0,164,24,2,26,190
02/20/2012,PVD,RI,ANE,EN,Combined TRACON& Tower with Radar,98,51,19,0,168,0,0,32,0,32,98,51,51,0,200,18,0,18,218
02/21/2012,PVD,RI,ANE,EN,Combined TRACON& Tower with Radar,102,51,32,7,192,0,0,20,0,20,102,51,52,7,212,16,20,36,248
02/22/2012,PVD,RI,ANE,EN,Combined TRACON& Tower with Radar,99,50,23,3,175,0,0,24,0,24,99,50,47,3,199,4,0,4,203
02/23/2012,PVD,RI,ANE,EN,Combined TRACON& Tower with Radar,98,47,28,3,176,0,1,15,1,17,98,48,43,4,193,14,0,14,207
02/24/2012,PVD,RI,ANE,EN,Combined TRACON& Tower with Radar,98,45,13,0,156,0,0,0,0,0,98,45,13,0,156,0,0,0,156
02/25/2012,PVD,RI,ANE,EN,Combined TRACON& Tower with Radar,84,24,16,2,126,0,1,0,2,3,84,25,16,4,129,0,0,0,129
02/26/2012,PVD,RI,ANE,EN,Combined TRACON& Tower with Radar,85,36,13,0,134,0,1,14,0,15,85,37,27,0,149,21,0,21,170
02/27/2012,PVD,RI,ANE,EN,Combined TRACON& Tower with Radar,98,41,16,0,155,0,0,14,0,14,98,41,30,0,169,6,0,6,175
02/28/2012,PVD,RI,ANE,EN,Combined TRACON& Tower with Radar,100,44,28,0,172,0,0,19,0,19,100,44,47,0,191,10,0,10,201
02/29/2012,PVD,RI,ANE,EN,Combined TRACON& Tower with Radar,96,38,16,0,150,0,0,3,0,3,96,38,19,0,153,24,0,24,177
03/01/2012,PVD,RI,ANE,EN,Combined TRACON& Tower with Radar,103,49,17,0,169,0,0,0,0,0,103,49,17,0,169,0,0,0,169
03/02/2012,PVD,RI,ANE,EN,Combined TRACON& Tower with Radar,102,57,17,0,176,0,0,3,0,3,102,57,20,0,179,52,0,52,231
03/03/2012,PVD,RI,ANE,EN,Combined TRACON& Tower with Radar,81,32,6,0,119,0,0,0,0,0,81,32,6,0,119,2,0,2,121
03/04/2012,PVD,RI,ANE,EN,Combined TRACON& Tower with Radar,88,29,18,0,135,0,2,41,0,43,88,31,59,0,178,16,1,17,195
03/05/2012,PVD,RI,ANE,EN,Combined TRACON& Tower with Radar,100,44,20,16,180,0,0,34,6,40,100,44,54,22,220,8,34,42,262
03/06/2012,PVD,RI,ANE,EN,Combined TRACON& Tower with Radar,100,45,26,0,171,0,1,38,0,39,100,46,64,0,210,16,0,16,226
03/07/2012,PVD,RI,ANE,EN,Combined TRACON& Tower with Radar,101,42,16,1,160,0,2,24,1,27,101,44,40,2,187,48,0,48,235
03/08/2012,PVD,RI,ANE,EN,Combined TRACON& Tower with Radar,108,45,16,2,171,0,1,1,1,3,108,46,17,3,174,2,0,2,176
03/09/2012,PVD,RI,ANE,EN,Combined TRACON& Tower with Radar,102,48,16,0,166,0,0,36,0,36,102,48,52,0,202,50,0,50,252
03/10/2012,PVD,RI,ANE,EN,Combined TRACON& Tower with Radar,87,26,18,0,131,0,0,28,0,28,87,26,46,0,159,38,0,38,197
03/11/2012,PVD,RI,ANE,EN,Combined TRACON& Tower with Radar,95,34,8,0,137,0,0,26,0,26,95,34,34,0,163,22,0,22,185
03/12/2012,PVD,RI,ANE,EN,Combined TRACON& Tower with Radar,102,48,13,0,163,0,0,35,0,35,102,48,48,0,198,72,0,72,270
03/13/2012,PVD,RI,ANE,EN,Combined TRACON& Tower with Radar,100,45,30,3,178,0,0,17,2,19,100,45,47,5,197,102,4,106,303
03/14/2012,PVD,RI,ANE,EN,Combined TRACON& Tower with Radar,105,47,30,1,183,0,0,22,0,22,105,47,52,1,205,30,0,30,235
03/15/2012,PVD,RI,ANE,EN,Combined TRACON& Tower with Radar,102,47,31,0,180,0,0,13,0,13,102,47,44,0,193,8,0,8,201
03/16/2012,PVD,RI,ANE,EN,Combined TRACON& Tower with Radar,101,45,18,1,165,0,0,0,0,0,101,45,18,1,165,5,0,5,170
03/17/2012,PVD,RI,ANE,EN,Combined TRACON& Tower with Radar,84,31,12,0,127,0,0,33,0,33,84,31,45,0,160,76,0,76,236
03/18/2012,PVD,RI,ANE,EN,Combined TRACON& Tower with Radar,96,32,26,0,154,0,0,39,0,39,96,32,65,0,193,80,0,80,273
03/19/2012,PVD,RI,ANE,EN,Combined TRACON& Tower with Radar,103,49,18,0,170,0,0,31,0,31,103,49,49,0,201,41,0,41,242
03/20/2012,PVD,RI,ANE,EN,Combined TRACON& Tower with Radar,99,43,17,0,159,0,0,27,0,27,99,43,44,0,186,50,0,50,236
03/21/2012,PVD,RI,ANE,EN,Combined TRACON& Tower with Radar,98,50,17,2,167,0,0,15,0,15,98,50,32,2,182,50,0,50,232
03/22/2012,PVD,RI,ANE,EN,Combined TRACON& Tower with Radar,105,41,33,0,179,0,0,44,0,44,105,41,77,0,223,34,0,34,257
03/23/2012,PVD,RI,ANE,EN,Combined TRACON& Tower with Radar,107,40,20,0,167,0,1,26,0,27,107,41,46,0,194,38,0,38,232
03/24/2012,PVD,RI,ANE,EN,Combined TRACON& Tower with Radar,85,25,14,0,124,0,1,45,0,46,85,26,59,0,170,54,0,54,224
03/25/2012,PVD,RI,ANE,EN,Combined TRACON& Tower with Radar,92,26,12,0,130,0,0,2,0,2,92,26,14,0,132,68,0,68,200
03/26/2012,PVD,RI,ANE,EN,Combined TRACON& Tower with Radar,106,30,11,0,147,0,0,2,0,2,106,30,13,0,149,18,0,18,167
03/27/2012,PVD,RI,ANE,EN,Combined TRACON& Tower with Radar,101,29,21,0,151,0,0,22,0,22,101,29,43,0,173,34,0,34,207
03/28/2012,PVD,RI,ANE,EN,Combined TRACON& Tower with Radar,101,42,24,0,167,0,2,11,0,13,101,44,35,0,180,28,0,28,208
03/29/2012,PVD,RI,ANE,EN,Combined TRACON& Tower with Radar,103,35,23,2,163,0,2,10,0,12,103,37,33,2,175,58,0,58,233
03/30/2012,PVD,RI,ANE,EN,Combined TRACON& Tower with Radar,101,37,21,5,164,0,0,26,0,26,101,37,47,5,190,26,6,32,222
03/31/2012,PVD,RI,ANE,EN,Combined TRACON& Tower with Radar,82,26,7,0,115,0,0,2,0,2,82,26,9,0,117,0,0,0,117
04/01/2012,PVD,RI,ANE,EN,Combined TRACON& Tower with Radar,89,30,16,0,135,0,0,19,0,19,89,30,35,0,154,20,0,20,174
04/02/2012,PVD,RI,ANE,EN,Combined TRACON& Tower with Radar,95,35,18,0,148,0,0,8,0,8,95,35,26,0,156,23,0,23,179
04/03/2012,PVD,RI,ANE,EN,Combined TRACON& Tower with Radar,97,34,21,0,152,0,0,26,0,26,97,34,47,0,178,51,0,51,229
04/04/2012,PVD,RI,ANE,EN,Combined TRACON& Tower with Radar,100,31,17,0,148,0,2,19,0,21,100,33,36,0,169,26,0,26,195
04/05/2012,PVD,RI,ANE,EN,Combined TRACON& Tower with Radar,97,43,27,2,169,0,0,20,0,20,97,43,47,2,189,30,0,30,219
04/06/2012,PVD,RI,ANE,EN,Combined TRACON& Tower with Radar,94,41,13,0,148,0,2,18,0,20,94,43,31,0,168,14,0,14,182
04/07/2012,PVD,RI,ANE,EN,Combined TRACON& Tower with Radar,83,27,22,0,132,0,0,35,0,35,83,27,57,0,167,30,0,30,197
04/08/2012,PVD,RI,ANE,EN,Combined TRACON& Tower with Radar,92,27,10,0,129,0,2,16,0,18,92,29,26,0,147,26,0,26,173
04/09/2012,PVD,RI,ANE,EN,Combined TRACON& Tower with Radar,98,29,11,0,138,0,0,3,0,3,98,29,14,0,141,0,0,0,141
04/10/2012,PVD,RI,ANE,EN,Combined TRACON& Tower with Radar,95,37,30,0,162,0,2,23,0,25,95,39,53,0,187,34,0,34,221
04/11/2012,PVD,RI,ANE,EN,Combined TRACON& Tower with Radar,97,38,33,1,169,0,0,11,0,11,97,38,44,1,180,30,0,30,210
04/12/2012,PVD,RI,ANE,EN,Combined TRACON& Tower with Radar,96,51,43,0,190,0,2,19,0,21,96,53,62,0,211,14,0,14,225
04/13/2012,PVD,RI,ANE,EN,Combined TRACON& Tower with Radar,93,49,26,1,169,0,1,37,0,38,93,50,63,1,207,30,0,30,237
04/14/2012,PVD,RI,ANE,EN,Combined TRACON& Tower with Radar,78,26,14,0,118,0,2,37,0,39,78,28,51,0,157,30,0,30,187
04/15/2012,PVD,RI,ANE,EN,Combined TRACON& Tower with Radar,91,33,6,0,130,0,0,35,0,35,91,33,41,0,165,22,0,22,187
04/16/2012,PVD,RI,ANE,EN,Combined TRACON& Tower with Radar,94,52,20,0,166,0,0,31,0,31,94,52,51,0,197,42,0,42,239
04/17/2012,PVD,RI,ANE,EN,Combined TRACON& Tower with Radar,98,45,19,0,162,0,0,24,0,24,98,45,43,0,186,16,0,16,202
04/18/2012,PVD,RI,ANE,EN,Combined TRACON& Tower with Radar,96,38,17,1,152,0,0,19,1,20,96,38,36,2,172,30,2,32,204
04/19/2012,PVD,RI,ANE,EN,Combined TRACON& Tower with Radar,96,45,19,0,160,0,0,30,0,30,96,45,49,0,190,22,0,22,212
04/20/2012,PVD,RI,ANE,EN,Combined TRACON& Tower with Radar,95,45,19,0,159,0,0,36,0,36,95,45,55,0,195,24,0,24,219
04/21/2012,PVD,RI,ANE,EN,Combined TRACON& Tower with Radar,81,30,11,0,122,0,0,28,0,28,81,30,39,0,150,48,0,48,198
04/22/2012,PVD,RI,ANE,EN,Combined TRACON& Tower with Radar,89,28,18,0,135,0,0,0,0,0,89,28,18,0,135,0,0,0,135
04/23/2012,PVD,RI,ANE,EN,Combined TRACON& Tower with Radar,88,43,18,0,149,0,0,0,0,0,88,43,18,0,149,0,0,0,149
04/24/2012,PVD,RI,ANE,EN,Combined TRACON& Tower with Radar,92,37,21,0,150,0,1,10,0,11,92,38,31,0,161,8,0,8,169
04/25/2012,PVD,RI,ANE,EN,Combined TRACON& Tower with Radar,96,41,22,1,160,0,2,21,1,24,96,43,43,2,184,34,0,34,218
04/26/2012,PVD,RI,ANE,EN,Combined TRACON& Tower with Radar,93,50,16,2,161,0,0,18,0,18,93,50,34,2,179,50,0,50,229
04/27/2012,PVD,RI,ANE,EN,Combined TRACON& Tower with Radar,98,49,21,0,168,0,0,4,0,4,98,49,25,0,172,8,0,8,180
04/28/2012,PVD,RI,ANE,EN,Combined TRACON& Tower with Radar,74,26,12,2,114,0,0,38,2,40,74,26,50,4,154,80,0,80,234
04/29/2012,PVD,RI,ANE,EN,Combined TRACON& Tower with Radar,87,26,12,0,125,0,2,35,0,37,87,28,47,0,162,36,0,36,198
04/30/2012,PVD,RI,ANE,EN,Combined TRACON& Tower with Radar,94,44,22,0,160,0,0,43,0,43,94,44,65,0,203,20,0,20,223
05/01/2012,PVD,RI,ANE,EN,Combined TRACON& Tower with Radar,95,37,12,0,144,0,0,0,0,0,95,37,12,0,144,0,0,0,144
05/02/2012,PVD,RI,ANE,EN,Combined TRACON& Tower with Radar,95,44,35,0,174,0,0,1,0,1,95,44,36,0,175,8,0,8,183
05/03/2012,PVD,RI,ANE,EN,Combined TRACON& Tower with Radar,98,41,35,0,174,0,0,0,0,0,98,41,35,0,174,0,0,0,174
05/04/2012,PVD,RI,ANE,EN,Combined TRACON& Tower with Radar,94,52,31,0,177,0,0,0,0,0,94,52,31,0,177,4,0,4,181
05/05/2012,PVD,RI,ANE,EN,Combined TRACON& Tower with Radar,75,23,21,0,119,0,0,0,0,0,75,23,21,0,119,0,0,0,119
05/06/2012,PVD,RI,ANE,EN,Combined TRACON& Tower with Radar,89,33,13,0,135,0,0,34,0,34,89,33,47,0,169,39,0,39,208
05/07/2012,PVD,RI,ANE,EN,Combined TRACON& Tower with Radar,96,38,26,0,160,0,2,45,0,47,96,40,71,0,207,20,0,20,227
05/08/2012,PVD,RI,ANE,EN,Combined TRACON& Tower with Radar,95,34,25,0,154,0,0,18,0,18,95,34,43,0,172,46,0,46,218
05/09/2012,PVD,RI,ANE,EN,Combined TRACON& Tower with Radar,94,43,21,0,158,0,0,0,0,0,94,43,21,0,158,0,0,0,158
05/10/2012,PVD,RI,ANE,EN,Combined TRACON& Tower with Radar,101,45,27,0,173,0,0,20,0,20,101,45,47,0,193,22,0,22,215
05/11/2012,PVD,RI,ANE,EN,Combined TRACON& Tower with Radar,98,50,26,0,174,0,1,35,0,36,98,51,61,0,210,33,0,33,243
05/12/2012,PVD,RI,ANE,EN,Combined TRACON& Tower with Radar,75,22,12,0,109,0,0,44,0,44,75,22,56,0,153,20,0,20,173
05/13/2012,PVD,RI,ANE,EN,Combined TRACON& Tower with Radar,91,31,8,0,130,0,0,24,0,24,91,31,32,0,154,42,2,44,198
05/14/2012,PVD,RI,ANE,EN,Combined TRACON& Tower with Radar,95,36,28,0,159,0,0,20,0,20,95,36,48,0,179,80,0,80,259
05/15/2012,PVD,RI,ANE,EN,Combined TRACON& Tower with Radar,97,37,42,0,176,0,0,18,0,18,97,37,60,0,194,43,0,43,237
05/16/2012,PVD,RI,ANE,EN,Combined TRACON& Tower with Radar,100,46,27,4,177,0,0,0,0,0,100,46,27,4,177,8,0,8,185
05/17/2012,PVD,RI,ANE,EN,Combined TRACON& Tower with Radar,97,53,41,0,191,0,0,37,0,37,97,53,78,0,228,26,0,26,254
05/18/2012,PVD,RI,ANE,EN,Combined TRACON& Tower with Radar,98,47,22,3,170,0,1,49,3,53,98,48,71,6,223,39,10,49,272
05/19/2012,PVD,RI,ANE,EN,Combined TRACON& Tower with Radar,77,28,16,1,122,0,1,42,1,44,77,29,58,2,166,6,0,6,172
05/20/2012,PVD,RI,ANE,EN,Combined TRACON& Tower with Radar,92,32,8,0,132,0,0,35,0,35,92,32,43,0,167,50,2,52,219
05/21/2012,PVD,RI,ANE,EN,Combined TRACON& Tower with Radar,109,41,22,0,172,0,0,0,0,0,109,41,22,0,172,0,0,0,172
05/22/2012,PVD,RI,ANE,EN,Combined TRACON& Tower with Radar,96,35,20,0,151,0,0,0,0,0,96,35,20,0,151,0,0,0,151
05/23/2012,PVD,RI,ANE,EN,Combined TRACON& Tower with Radar,88,44,24,1,157,0,4,3,1,8,88,48,27,2,165,71,0,71,236
05/24/2012,PVD,RI,ANE,EN,Combined TRACON& Tower with Radar,101,52,42,0,195,0,4,24,0,28,101,56,66,0,223,0,0,0,223
05/25/2012,PVD,RI,ANE,EN,Combined TRACON& Tower with Radar,97,62,75,0,234,0,0,1,0,1,97,62,76,0,235,0,0,0,235
05/26/2012,PVD,RI,ANE,EN,Combined TRACON& Tower with Radar,80,35,20,0,135,0,4,19,0,23,80,39,39,0,158,22,0,22,180
05/27/2012,PVD,RI,ANE,EN,Combined TRACON& Tower with Radar,76,28,23,0,127,0,3,31,0,34,76,31,54,0,161,32,0,32,193
05/28/2012,PVD,RI,ANE,EN,Combined TRACON& Tower with Radar,84,40,33,0,157,0,0,9,0,9,84,40,42,0,166,26,0,26,192
05/29/2012,PVD,RI,ANE,EN,Combined TRACON& Tower with Radar,85,36,25,0,146,0,0,23,0,23,85,36,48,0,169,10,0,10,179
05/30/2012,PVD,RI,ANE,EN,Combined TRACON& Tower with Radar,100,47,25,0,172,0,0,28,0,28,100,47,53,0,200,32,0,32,232
05/31/2012,PVD,RI,ANE,EN,Combined TRACON& Tower with Radar,96,46,35,0,177,0,2,44,0,46,96,48,79,0,223,68,0,68,291
06/01/2012,PVD,RI,ANE,EN,Combined TRACON& Tower with Radar,93,40,16,0,149,0,0,35,0,35,93,40,51,0,184,46,0,46,230
06/02/2012,PVD,RI,ANE,EN,Combined TRACON& Tower with Radar,86,24,14,0,124,0,0,0,0,0,86,24,14,0,124,0,0,0,124
06/03/2012,PVD,RI,ANE,EN,Combined TRACON& Tower with Radar,90,34,14,0,138,0,0,23,0,23,90,34,37,0,161,75,0,75,236
06/04/2012,PVD,RI,ANE,EN,Combined TRACON& Tower with Radar,101,43,19,0,163,0,0,4,0,4,101,43,23,0,167,0,0,0,167
06/05/2012,PVD,RI,ANE,EN,Combined TRACON& Tower with Radar,103,40,38,0,181,0,0,21,0,21,103,40,59,0,202,106,0,106,308
06/06/2012,PVD,RI,ANE,EN,Combined TRACON& Tower with Radar,104,38,23,0,165,0,6,12,0,18,104,44,35,0,183,56,0,56,239
06/07/2012,PVD,RI,ANE,EN,Combined TRACON& Tower with Radar,109,47,34,2,192,0,2,15,2,19,109,49,49,4,211,8,0,8,219
06/08/2012,PVD,RI,ANE,EN,Combined TRACON& Tower with Radar,105,55,20,0,180,0,0,30,0,30,105,55,50,0,210,18,0,18,228
06/09/2012,PVD,RI,ANE,EN,Combined TRACON& Tower with Radar,87,25,10,1,123,0,0,37,1,38,87,25,47,2,161,10,0,10,171
06/10/2012,PVD,RI,ANE,EN,Combined TRACON& Tower with Radar,93,31,13,0,137,0,0,42,0,42,93,31,55,0,179,10,0,10,189
06/11/2012,PVD,RI,ANE,EN,Combined TRACON& Tower with Radar,103,42,24,0,169,0,0,33,0,33,103,42,57,0,202,66,0,66,268
06/12/2012,PVD,RI,ANE,EN,Combined TRACON& Tower with Radar,101,33,13,0,147,0,0,18,0,18,101,33,31,0,165,40,0,40,205
06/13/2012,PVD,RI,ANE,EN,Combined TRACON& Tower with Radar,111,46,41,1,199,0,0,0,0,0,111,46,41,1,199,2,0,2,201
06/14/2012,PVD,RI,ANE,EN,Combined TRACON& Tower with Radar,107,38,31,0,176,0,2,37,1,40,107,40,68,1,216,20,0,20,236
06/15/2012,PVD,RI,ANE,EN,Combined TRACON& Tower with Radar,108,45,15,2,170,0,27,37,0,64,108,72,52,2,234,56,0,56,290
06/16/2012,PVD,RI,ANE,EN,Combined TRACON& Tower with Radar,89,34,11,0,134,1,5,26,0,32,90,39,37,0,166,2,0,2,168
06/17/2012,PVD,RI,ANE,EN,Combined TRACON& Tower with Radar,97,36,36,0,169,0,22,32,0,54,97,58,68,0,223,36,0,36,259
06/18/2012,PVD,RI,ANE,EN,Combined TRACON& Tower with Radar,107,49,22,0,178,0,10,27,0,37,107,59,49,0,215,64,0,64,279
06/19/2012,PVD,RI,ANE,EN,Combined TRACON& Tower with Radar,104,58,28,0,190,0,3,13,1,17,104,61,41,1,207,42,0,42,249
06/20/2012,PVD,RI,ANE,EN,Combined TRACON& Tower with Radar,105,41,18,0,164,0,14,41,0,55,105,55,59,0,219,46,0,46,265
06/21/2012,PVD,RI,ANE,EN,Combined TRACON& Tower with Radar,108,41,18,0,167,0,11,25,0,36,108,52,43,0,203,36,0,36,239
06/22/2012,PVD,RI,ANE,EN,Combined TRACON& Tower with Radar,93,31,15,0,139,0,23,23,0,46,93,54,38,0,185,50,0,50,235
06/23/2012,PVD,RI,ANE,EN,Combined TRACON& Tower with Radar,95,20,20,0,135,0,17,24,0,41,95,37,44,0,176,21,0,21,197
06/24/2012,PVD,RI,ANE,EN,Combined TRACON& Tower with Radar,92,35,28,0,155,0,20,32,0,52,92,55,60,0,207,2,0,2,209
06/25/2012,PVD,RI,ANE,EN,Combined TRACON& Tower with Radar,103,54,18,0,175,0,5,2,0,7,103,59,20,0,182,0,0,0,182
06/26/2012,PVD,RI,ANE,EN,Combined TRACON& Tower with Radar,106,56,38,0,200,0,16,18,0,34,106,72,56,0,234,32,0,32,266
06/27/2012,PVD,RI,ANE,EN,Combined TRACON& Tower with Radar,106,45,28,2,181,1,11,31,0,43,107,56,59,2,224,16,0,16,240
06/28/2012,PVD,RI,ANE,EN,Combined TRACON& Tower with Radar,108,48,33,6,195,0,16,48,0,64,108,64,81,6,259,48,4,52,311
06/29/2012,PVD,RI,ANE,EN,Combined TRACON& Tower with Radar,106,49,23,0,178,0,24,36,0,60,106,73,59,0,238,46,0,46,284
06/30/2012,PVD,RI,ANE,EN,Combined TRACON& Tower with Radar,89,23,15,0,127,0,26,41,1,68,89,49,56,1,195,10,0,10,205
07/01/2012,PVD,RI,ANE,EN,Combined TRACON& Tower with Radar,92,37,19,0,148,0,24,32,0,56,92,61,51,0,204,12,0,12,216
07/02/2012,PVD,RI,ANE,EN,Combined TRACON& Tower with Radar,100,41,9,1,151,2,19,29,0,50,102,60,38,1,201,78,0,78,279
07/03/2012,PVD,RI,ANE,EN,Combined TRACON& Tower with Radar,92,43,13,0,148,0,19,32,0,51,92,62,45,0,199,26,0,26,225
07/04/2012,PVD,RI,ANE,EN,Combined TRACON& Tower with Radar,77,30,11,0,118,0,18,12,0,30,77,48,23,0,148,2,0,2,150
07/05/2012,PVD,RI,ANE,EN,Combined TRACON& Tower with Radar,102,34,15,0,151,0,21,25,0,46,102,55,40,0,197,8,0,8,205
07/06/2012,PVD,RI,ANE,EN,Combined TRACON& Tower with Radar,101,43,21,0,165,0,27,31,0,58,101,70,52,0,223,20,0,20,243
07/07/2012,PVD,RI,ANE,EN,Combined TRACON& Tower with Radar,87,26,16,0,129,0,20,33,0,53,87,46,49,0,182,32,0,32,214
07/08/2012,PVD,RI,ANE,EN,Combined TRACON& Tower with Radar,98,34,15,0,147,0,24,37,0,61,98,58,52,0,208,16,0,16,224
07/09/2012,PVD,RI,ANE,EN,Combined TRACON& Tower with Radar,103,38,21,0,162,0,22,35,0,57,103,60,56,0,219,6,0,6,225
07/10/2012,PVD,RI,ANE,EN,Combined TRACON& Tower with Radar,101,45,30,0,176,0,17,30,0,47,101,62,60,0,223,32,0,32,255
07/11/2012,PVD,RI,ANE,EN,Combined TRACON& Tower with Radar,101,50,26,0,177,0,18,27,0,45,101,68,53,0,222,33,0,33,255
07/12/2012,PVD,RI,ANE,EN,Combined TRACON& Tower with Radar,104,63,31,0,198,0,18,23,0,41,104,81,54,0,239,8,2,10,249
07/13/2012,PVD,RI,ANE,EN,Combined TRACON& Tower with Radar,100,48,20,0,168,0,24,29,0,53,100,72,49,0,221,22,0,22,243
07/14/2012,PVD,RI,ANE,EN,Combined TRACON& Tower with Radar,83,30,16,0,129,0,22,30,0,52,83,52,46,0,181,4,0,4,185
07/15/2012,PVD,RI,ANE,EN,Combined TRACON& Tower with Radar,87,58,24,0,169,0,16,47,1,64,87,74,71,1,233,10,0,10,243
07/16/2012,PVD,RI,ANE,EN,Combined TRACON& Tower with Radar,100,48,29,0,177,0,20,28,0,48,100,68,57,0,225,34,0,34,259
07/17/2012,PVD,RI,ANE,EN,Combined TRACON& Tower with Radar,102,41,21,0,164,1,21,45,0,67,103,62,66,0,231,4,0,4,235
07/18/2012,PVD,RI,ANE,EN,Combined TRACON& Tower with Radar,85,50,25,0,160,0,15,25,0,40,85,65,50,0,200,40,0,40,240
07/19/2012,PVD,RI,ANE,EN,Combined TRACON& Tower with Radar,100,49,37,0,186,1,19,39,0,59,101,68,76,0,245,14,0,14,259
07/20/2012,PVD,RI,ANE,EN,Combined TRACON& Tower with Radar,94,66,34,0,194,0,15,7,0,22,94,81,41,0,216,10,0,10,226
07/21/2012,PVD,RI,ANE,EN,Combined TRACON& Tower with Radar,81,35,12,0,128,0,22,54,0,76,81,57,66,0,204,32,0,32,236
07/22/2012,PVD,RI,ANE,EN,Combined TRACON& Tower with Radar,89,51,15,0,155,0,23,37,0,60,89,74,52,0,215,38,0,38,253
07/23/2012,PVD,RI,ANE,EN,Combined TRACON& Tower with Radar,98,48,28,0,174,0,12,15,0,27,98,60,43,0,201,62,0,62,263
07/24/2012,PVD,RI,ANE,EN,Combined TRACON& Tower with Radar,103,56,40,0,199,0,7,17,0,24,103,63,57,0,223,22,0,22,245
07/25/2012,PVD,RI,ANE,EN,Combined TRACON& Tower with Radar,98,44,26,0,168,0,19,42,0,61,98,63,68,0,229,48,0,48,277
07/26/2012,PVD,RI,ANE,EN,Combined TRACON& Tower with Radar,98,60,32,0,190,0,11,9,0,20,98,71,41,0,210,16,0,16,226
07/27/2012,PVD,RI,ANE,EN,Combined TRACON& Tower with Radar,107,58,23,2,190,0,14,20,0,34,107,72,43,2,224,36,0,36,260
07/28/2012,PVD,RI,ANE,EN,Combined TRACON& Tower with Radar,82,56,12,0,150,1,0,14,0,15,83,56,26,0,165,56,0,56,221
07/29/2012,PVD,RI,ANE,EN,Combined TRACON& Tower with Radar,85,72,25,0,182,0,0,4,0,4,85,72,29,0,186,0,0,0,186
07/30/2012,PVD,RI,ANE,EN,Combined TRACON& Tower with Radar,100,42,22,0,164,0,21,42,1,64,100,63,64,1,228,26,0,26,254
07/31/2012,PVD,RI,ANE,EN,Combined TRACON& Tower with Radar,93,57,30,2,182,0,3,10,0,13,93,60,40,2,195,48,0,48,243
08/01/2012,PVD,RI,ANE,EN,Combined TRACON& Tower with Radar,97,53,35,0,185,0,18,39,0,57,97,71,74,0,242,64,0,64,306
08/02/2012,PVD,RI,ANE,EN,Combined TRACON& Tower with Radar,105,52,19,0,176,0,16,22,0,38,105,68,41,0,214,28,0,28,242
08/03/2012,PVD,RI,ANE,EN,Combined TRACON& Tower with Radar,106,61,27,0,194,0,11,35,0,46,106,72,62,0,240,41,0,41,281
08/04/2012,PVD,RI,ANE,EN,Combined TRACON& Tower with Radar,81,41,20,0,142,0,11,34,0,45,81,52,54,0,187,42,0,42,229
08/05/2012,PVD,RI,ANE,EN,Combined TRACON& Tower with Radar,85,53,19,0,157,0,1,3,0,4,85,54,22,0,161,24,0,24,185
08/06/2012,PVD,RI,ANE,EN,Combined TRACON& Tower with Radar,101,51,31,0,183,0,13,46,0,59,101,64,77,0,242,18,0,18,260
08/07/2012,PVD,RI,ANE,EN,Combined TRACON& Tower with Radar,98,45,29,0,172,0,24,57,0,81,98,69,86,0,253,62,0,62,315
08/08/2012,PVD,RI,ANE,EN,Combined TRACON& Tower with Radar,104,49,28,5,186,0,23,40,0,63,104,72,68,5,249,44,2,46,295
08/09/2012,PVD,RI,ANE,EN,Combined TRACON& Tower with Radar,96,56,31,0,183,0,13,27,0,40,96,69,58,0,223,6,0,6,229
08/10/2012,PVD,RI,ANE,EN,Combined TRACON& Tower with Radar,103,52,17,0,172,0,1,5,0,6,103,53,22,0,178,8,0,8,186
08/11/2012,PVD,RI,ANE,EN,Combined TRACON& Tower with Radar,91,43,11,2,147,0,1,4,0,5,91,44,15,2,152,0,0,0,152
08/12/2012,PVD,RI,ANE,EN,Combined TRACON& Tower with Radar,87,61,26,0,174,0,7,8,0,15,87,68,34,0,189,42,0,42,231
08/13/2012,PVD,RI,ANE,EN,Combined TRACON& Tower with Radar,96,42,21,0,159,0,19,35,0,54,96,61,56,0,213,50,0,50,263
08/14/2012,PVD,RI,ANE,EN,Combined TRACON& Tower with Radar,93,45,36,0,174,0,19,48,0,67,93,64,84,0,241,28,0,28,269
08/15/2012,PVD,RI,ANE,EN,Combined TRACON& Tower with Radar,92,52,30,5,179,0,11,24,0,35,92,63,54,5,214,6,0,6,220
08/16/2012,PVD,RI,ANE,EN,Combined TRACON& Tower with Radar,95,49,27,3,174,0,29,34,0,63,95,78,61,3,237,74,0,74,311
08/17/2012,PVD,RI,ANE,EN,Combined TRACON& Tower with Radar,92,47,18,0,157,0,25,43,0,68,92,72,61,0,225,24,0,24,249
08/18/2012,PVD,RI,ANE,EN,Combined TRACON& Tower with Radar,82,54,18,0,154,0,3,7,0,10,82,57,25,0,164,6,0,6,170
08/19/2012,PVD,RI,ANE,EN,Combined TRACON& Tower with Radar,84,38,18,0,140,0,22,37,0,59,84,60,55,0,199,9,0,9,208
08/20/2012,PVD,RI,ANE,EN,Combined TRACON& Tower with Radar,95,37,21,0,153,0,22,40,0,62,95,59,61,0,215,50,0,50,265
08/21/2012,PVD,RI,ANE,EN,Combined TRACON& Tower with Radar,96,38,20,0,154,0,19,27,0,46,96,57,47,0,200,12,0,12,212
08/22/2012,PVD,RI,ANE,EN,Combined TRACON& Tower with Radar,90,52,18,0,160,0,23,43,0,66,90,75,61,0,226,30,0,30,256
08/23/2012,PVD,RI,ANE,EN,Combined TRACON& Tower with Radar,91,57,17,0,165,0,21,32,0,53,91,78,49,0,218,14,0,14,232
08/24/2012,PVD,RI,ANE,EN,Combined TRACON& Tower with Radar,90,47,20,0,157,0,25,44,0,69,90,72,64,0,226,25,0,25,251
08/25/2012,PVD,RI,ANE,EN,Combined TRACON& Tower with Radar,80,30,18,0,128,0,21,26,0,47,80,51,44,0,175,6,0,6,181
08/26/2012,PVD,RI,ANE,EN,Combined TRACON& Tower with Radar,74,42,17,0,133,0,20,32,1,53,74,62,49,1,186,28,0,28,214
08/27/2012,PVD,RI,ANE,EN,Combined TRACON& Tower with Radar,89,53,29,0,171,0,18,28,0,46,89,71,57,0,217,38,0,38,255
08/28/2012,PVD,RI,ANE,EN,Combined TRACON& Tower with Radar,94,55,25,0,174,0,10,15,0,25,94,65,40,0,199,24,0,24,223
08/29/2012,PVD,RI,ANE,EN,Combined TRACON& Tower with Radar,93,51,42,0,186,0,23,44,0,67,93,74,86,0,253,64,0,64,317
08/30/2012,PVD,RI,ANE,EN,Combined TRACON& Tower with Radar,90,54,24,0,168,0,21,43,0,64,90,75,67,0,232,26,0,26,258
08/31/2012,PVD,RI,ANE,EN,Combined TRACON& Tower with Radar,95,53,23,0,171,0,31,54,0,85,95,84,77,0,256,26,0,26,282
09/01/2012,PVD,RI,ANE,EN,Combined TRACON& Tower with Radar,73,27,13,0,113,0,16,28,0,44,73,43,41,0,157,0,0,0,157
09/02/2012,PVD,RI,ANE,EN,Combined TRACON& Tower with Radar,67,23,11,0,101,0,20,20,0,40,67,43,31,0,141,6,0,6,147
09/03/2012,PVD,RI,ANE,EN,Combined TRACON& Tower with Radar,82,55,27,0,164,0,16,24,0,40,82,71,51,0,204,12,0,12,216
09/04/2012,PVD,RI,ANE,EN,Combined TRACON& Tower with Radar,92,65,29,0,186,0,3,0,0,3,92,68,29,0,189,2,0,2,191
09/05/2012,PVD,RI,ANE,EN,Combined TRACON& Tower with Radar,93,54,7,0,154,0,2,6,0,8,93,56,13,0,162,8,0,8,170
09/06/2012,PVD,RI,ANE,EN,Combined TRACON& Tower with Radar,89,52,27,0,168,0,20,34,0,54,89,72,61,0,222,32,0,32,254
09/07/2012,PVD,RI,ANE,EN,Combined TRACON& Tower with Radar,97,62,19,2,180,0,12,23,0,35,97,74,42,2,215,16,0,16,231
09/08/2012,PVD,RI,ANE,EN,Combined TRACON& Tower with Radar,84,49,14,0,147,0,2,7,0,9,84,51,21,0,156,42,0,42,198
09/09/2012,PVD,RI,ANE,EN,Combined TRACON& Tower with Radar,88,44,14,0,146,0,21,28,0,49,88,65,42,0,195,16,0,16,211
09/10/2012,PVD,RI,ANE,EN,Combined TRACON& Tower with Radar,88,48,20,2,158,0,17,26,2,45,88,65,46,4,203,4,0,4,207
09/11/2012,PVD,RI,ANE,EN,Combined TRACON& Tower with Radar,90,46,22,0,158,0,14,37,0,51,90,60,59,0,209,28,0,28,237
09/12/2012,PVD,RI,ANE,EN,Combined TRACON& Tower with Radar,90,46,31,0,167,0,17,28,0,45,90,63,59,0,212,28,0,28,240
09/13/2012,PVD,RI,ANE,EN,Combined TRACON& Tower with Radar,93,53,26,0,172,0,21,37,0,58,93,74,63,0,230,4,0,4,234
09/14/2012,PVD,RI,ANE,EN,Combined TRACON& Tower with Radar,91,45,28,0,164,0,22,44,0,66,91,67,72,0,230,26,0,26,256
09/15/2012,PVD,RI,ANE,EN,Combined TRACON& Tower with Radar,74,42,20,0,136,0,8,30,0,38,74,50,50,0,174,92,0,92,266
09/16/2012,PVD,RI,ANE,EN,Combined TRACON& Tower with Radar,84,49,20,0,153,0,15,33,0,48,84,64,53,0,201,10,0,10,211
09/17/2012,PVD,RI,ANE,EN,Combined TRACON& Tower with Radar,88,47,28,0,163,1,17,22,0,40,89,64,50,0,203,24,0,24,227
09/18/2012,PVD,RI,ANE,EN,Combined TRACON& Tower with Radar,82,52,24,0,158,0,8,9,0,17,82,60,33,0,175,16,0,16,191
09/19/2012,PVD,RI,ANE,EN,Combined TRACON& Tower with Radar,92,52,23,0,167,0,11,24,0,35,92,63,47,0,202,24,0,24,226
09/20/2012,PVD,RI,ANE,EN,Combined TRACON& Tower with Radar,89,50,33,0,172,0,22,38,0,60,89,72,71,0,232,20,0,20,252
09/21/2012,PVD,RI,ANE,EN,Combined TRACON& Tower with Radar,91,56,20,0,167,0,24,27,0,51,91,80,47,0,218,20,0,20,238
09/22/2012,PVD,RI,ANE,EN,Combined TRACON& Tower with Radar,77,46,20,0,143,0,6,17,0,23,77,52,37,0,166,66,0,66,232
09/23/2012,PVD,RI,ANE,EN,Combined TRACON& Tower with Radar,83,41,22,0,146,0,18,26,0,44,83,59,48,0,190,24,0,24,214
09/24/2012,PVD,RI,ANE,EN,Combined TRACON& Tower with Radar,87,47,23,0,157,0,21,23,0,44,87,68,46,0,201,20,0,20,221
09/25/2012,PVD,RI,ANE,EN,Combined TRACON& Tower with Radar,88,53,33,3,177,0,2,38,3,43,88,55,71,6,220,6,8,14,234
09/26/2012,PVD,RI,ANE,EN,Combined TRACON& Tower with Radar,92,45,19,0,156,0,0,5,0,5,92,45,24,0,161,45,0,45,206
09/27/2012,PVD,RI,ANE,EN,Combined TRACON& Tower with Radar,90,59,29,0,178,0,0,39,4,43,90,59,68,4,221,36,0,36,257
09/28/2012,PVD,RI,ANE,EN,Combined TRACON& Tower with Radar,94,45,21,0,160,0,0,4,0,4,94,45,25,0,164,12,0,12,176
09/29/2012,PVD,RI,ANE,EN,Combined TRACON& Tower with Radar,78,30,22,0,130,0,0,0,0,0,78,30,22,0,130,2,0,2,132
09/30/2012,PVD,RI,ANE,EN,Combined TRACON& Tower with Radar,80,50,20,0,150,0,1,2,0,3,80,51,22,0,153,6,0,6,159
10/01/2012,PVD,RI,ANE,EN,Combined TRACON& Tower with Radar,84,53,11,0,148,0,1,35,0,36,84,54,46,0,184,8,0,8,192
10/02/2012,PVD,RI,ANE,EN,Combined TRACON& Tower with Radar,88,46,23,0,157,0,1,30,0,31,88,47,53,0,188,48,0,48,236
10/03/2012,PVD,RI,ANE,EN,Combined TRACON& Tower with Radar,88,43,23,0,154,0,0,0,0,0,88,43,23,0,154,0,0,0,154
10/04/2012,PVD,RI,ANE,EN,Combined TRACON& Tower with Radar,89,54,40,0,183,0,0,2,0,2,89,54,42,0,185,6,0,6,191
10/05/2012,PVD,RI,ANE,EN,Combined TRACON& Tower with Radar,85,59,24,0,168,0,2,31,0,33,85,61,55,0,201,24,0,24,225
10/06/2012,PVD,RI,ANE,EN,Combined TRACON& Tower with Radar,74,33,20,0,127,0,0,30,0,30,74,33,50,0,157,100,0,100,257
10/07/2012,PVD,RI,ANE,EN,Combined TRACON& Tower with Radar,82,41,17,0,140,0,0,28,0,28,82,41,45,0,168,14,0,14,182
10/08/2012,PVD,RI,ANE,EN,Combined TRACON& Tower with Radar,83,52,24,0,159,0,0,32,0,32,83,52,56,0,191,49,0,49,240
10/09/2012,PVD,RI,ANE,EN,Combined TRACON& Tower with Radar,91,47,26,8,172,0,0,2,0,2,91,47,28,8,174,41,0,41,215
10/10/2012,PVD,RI,ANE,EN,Combined TRACON& Tower with Radar,91,49,34,4,178,0,0,0,0,0,91,49,34,4,178,24,4,28,206
10/11/2012,PVD,RI,ANE,EN,Combined TRACON& Tower with Radar,92,54,31,0,177,0,2,25,0,27,92,56,56,0,204,26,0,26,230
10/12/2012,PVD,RI,ANE,EN,Combined TRACON& Tower with Radar,87,50,13,0,150,0,3,9,0,12,87,53,22,0,162,20,0,20,182
10/13/2012,PVD,RI,ANE,EN,Combined TRACON& Tower with Radar,76,35,10,0,121,0,1,44,0,45,76,36,54,0,166,65,0,65,231
10/14/2012,PVD,RI,ANE,EN,Combined TRACON& Tower with Radar,80,42,18,0,140,0,2,22,0,24,80,44,40,0,164,18,0,18,182
10/15/2012,PVD,RI,ANE,EN,Combined TRACON& Tower with Radar,86,50,20,0,156,1,0,12,0,13,87,50,32,0,169,0,0,0,169
10/16/2012,PVD,RI,ANE,EN,Combined TRACON& Tower with Radar,92,44,12,4,152,0,1,20,0,21,92,45,32,4,173,4,4,8,181
10/17/2012,PVD,RI,ANE,EN,Combined TRACON& Tower with Radar,86,53,34,0,173,0,0,37,0,37,86,53,71,0,210,2,0,2,212
10/18/2012,PVD,RI,ANE,EN,Combined TRACON& Tower with Radar,88,54,26,0,168,0,0,37,0,37,88,54,63,0,205,28,0,28,233
10/19/2012,PVD,RI,ANE,EN,Combined TRACON& Tower with Radar,87,53,25,0,165,0,0,0,0,0,87,53,25,0,165,16,0,16,181
10/20/2012,PVD,RI,ANE,EN,Combined TRACON& Tower with Radar,77,39,25,0,141,0,0,28,0,28,77,39,53,0,169,32,0,32,201
10/21/2012,PVD,RI,ANE,EN,Combined TRACON& Tower with Radar,81,54,27,0,162,0,1,43,0,44,81,55,70,0,206,20,0,20,226
10/22/2012,PVD,RI,ANE,EN,Combined TRACON& Tower with Radar,85,52,23,0,160,0,0,15,0,15,85,52,38,0,175,22,0,22,197
10/23/2012,PVD,RI,ANE,EN,Combined TRACON& Tower with Radar,91,45,25,6,167,0,0,34,5,39,91,45,59,11,206,24,0,24,230
10/24/2012,PVD,RI,ANE,EN,Combined TRACON& Tower with Radar,89,48,25,0,162,0,0,38,0,38,89,48,63,0,200,16,0,16,216
10/25/2012,PVD,RI,ANE,EN,Combined TRACON& Tower with Radar,90,49,28,0,167,0,1,34,0,35,90,50,62,0,202,46,0,46,248
10/26/2012,PVD,RI,ANE,EN,Combined TRACON& Tower with Radar,87,57,25,0,169,1,1,31,0,33,88,58,56,0,202,22,0,22,224
10/27/2012,PVD,RI,ANE,EN,Combined TRACON& Tower with Radar,75,43,11,0,129,0,2,26,0,28,75,45,37,0,157,86,0,86,243
10/28/2012,PVD,RI,ANE,EN,Combined TRACON& Tower with Radar,74,44,12,0,130,0,0,0,0,0,74,44,12,0,130,2,0,2,132
10/29/2012,PVD,RI,ANE,EN,Combined TRACON& Tower with Radar,6,2,0,0,8,0,0,0,0,0,6,2,0,0,8,0,0,0,8
10/30/2012,PVD,RI,ANE,EN,Combined TRACON& Tower with Radar,34,8,11,2,55,0,0,9,1,10,34,8,20,3,65,16,0,16,81
10/31/2012,PVD,RI,ANE,EN,Combined TRACON& Tower with Radar,76,26,15,0,117,0,0,11,1,12,76,26,26,1,129,8,0,8,137
11/01/2012,PVD,RI,ANE,EN,Combined TRACON& Tower with Radar,90,47,18,0,155,0,0,19,4,23,90,47,37,4,178,18,0,18,196
11/02/2012,PVD,RI,ANE,EN,Combined TRACON& Tower with Radar,86,54,25,0,165,0,1,25,0,26,86,55,50,0,191,12,0,12,203
11/03/2012,PVD,RI,ANE,EN,Combined TRACON& Tower with Radar,74,33,8,0,115,0,0,37,0,37,74,33,45,0,152,60,0,60,212
11/04/2012,PVD,RI,ANE,EN,Combined TRACON& Tower with Radar,80,38,18,0,136,0,1,35,0,36,80,39,53,0,172,44,0,44,216
11/05/2012,PVD,RI,ANE,EN,Combined TRACON& Tower with Radar,83,44,21,0,148,1,0,17,0,18,84,44,38,0,166,28,0,28,194
11/06/2012,PVD,RI,ANE,EN,Combined TRACON& Tower with Radar,79,43,19,0,141,0,0,37,0,37,79,43,56,0,178,18,0,18,196
11/07/2012,PVD,RI,ANE,EN,Combined TRACON& Tower with Radar,86,32,9,0,127,0,0,0,0,0,86,32,9,0,127,0,0,0,127
11/08/2012,PVD,RI,ANE,EN,Combined TRACON& Tower with Radar,87,42,12,0,141,0,0,0,0,0,87,42,12,0,141,0,0,0,141
11/09/2012,PVD,RI,ANE,EN,Combined TRACON& Tower with Radar,87,47,17,0,151,0,0,23,0,23,87,47,40,0,174,12,0,12,186
11/10/2012,PVD,RI,ANE,EN,Combined TRACON& Tower with Radar,66,28,14,0,108,0,0,43,0,43,66,28,57,0,151,22,0,22,173
11/11/2012,PVD,RI,ANE,EN,Combined TRACON& Tower with Radar,104,37,19,0,160,0,0,24,0,24,104,37,43,0,184,0,0,0,184
11/12/2012,PVD,RI,ANE,EN,Combined TRACON& Tower with Radar,84,43,13,0,140,0,0,18,0,18,84,43,31,0,158,39,0,39,197
11/13/2012,PVD,RI,ANE,EN,Combined TRACON& Tower with Radar,93,41,28,0,162,0,2,6,0,8,93,43,34,0,170,16,0,16,186
11/14/2012,PVD,RI,ANE,EN,Combined TRACON& Tower with Radar,87,44,11,0,142,0,0,28,0,28,87,44,39,0,170,34,0,34,204
11/15/2012,PVD,RI,ANE,EN,Combined TRACON& Tower with Radar,90,58,18,3,169,0,2,29,0,31,90,60,47,3,200,42,0,42,242
11/16/2012,PVD,RI,ANE,EN,Combined TRACON& Tower with Radar,88,49,16,0,153,0,2,37,0,39,88,51,53,0,192,16,2,18,210
11/17/2012,PVD,RI,ANE,EN,Combined TRACON& Tower with Radar,71,33,26,0,130,0,3,59,0,62,71,36,85,0,192,34,0,34,226
11/18/2012,PVD,RI,ANE,EN,Combined TRACON& Tower with Radar,81,42,18,0,141,0,3,35,0,38,81,45,53,0,179,70,0,70,249
11/19/2012,PVD,RI,ANE,EN,Combined TRACON& Tower with Radar,82,41,26,4,153,0,1,31,0,32,82,42,57,4,185,46,4,50,235
11/20/2012,PVD,RI,ANE,EN,Combined TRACON& Tower with Radar,88,46,16,0,150,0,3,25,0,28,88,49,41,0,178,19,0,19,197
11/21/2012,PVD,RI,ANE,EN,Combined TRACON& Tower with Radar,93,46,23,4,166,0,0,33,0,33,93,46,56,4,199,9,6,15,214
11/22/2012,PVD,RI,ANE,EN,Combined TRACON& Tower with Radar,44,25,3,0,72,0,0,10,0,10,44,25,13,0,82,2,0,2,84
11/23/2012,PVD,RI,ANE,EN,Combined TRACON& Tower with Radar,58,27,13,0,98,0,0,12,0,12,58,27,25,0,110,10,0,10,120
11/24/2012,PVD,RI,ANE,EN,Combined TRACON& Tower with Radar,82,42,8,0,132,0,0,17,0,17,82,42,25,0,149,12,0,12,161
11/25/2012,PVD,RI,ANE,EN,Combined TRACON& Tower with Radar,89,52,22,0,163,0,2,23,0,25,89,54,45,0,188,0,0,0,188
11/26/2012,PVD,RI,ANE,EN,Combined TRACON& Tower with Radar,90,46,18,0,154,0,0,27,0,27,90,46,45,0,181,14,0,14,195
11/27/2012,PVD,RI,ANE,EN,Combined TRACON& Tower with Radar,83,41,15,4,143,0,0,2,0,2,83,41,17,4,145,24,0,24,169
11/28/2012,PVD,RI,ANE,EN,Combined TRACON& Tower with Radar,81,47,22,3,153,0,0,21,0,21,81,47,43,3,174,66,0,66,240
11/29/2012,PVD,RI,ANE,EN,Combined TRACON& Tower with Radar,88,43,23,1,155,0,0,32,1,33,88,43,55,2,188,46,0,46,234
11/30/2012,PVD,RI,ANE,EN,Combined TRACON& Tower with Radar,87,43,14,0,144,0,0,20,0,20,87,43,34,0,164,0,0,0,164
12/01/2012,PVD,RI,ANE,EN,Combined TRACON& Tower with Radar,71,29,4,0,104,0,0,0,0,0,71,29,4,0,104,18,0,18,122
12/02/2012,PVD,RI,ANE,EN,Combined TRACON& Tower with Radar,82,40,13,0,135,0,0,11,0,11,82,40,24,0,146,12,0,12,158
12/03/2012,PVD,RI,ANE,EN,Combined TRACON& Tower with Radar,83,45,26,0,154,0,0,52,0,52,83,45,78,0,206,32,0,32,238
12/04/2012,PVD,RI,ANE,EN,Combined TRACON& Tower with Radar,87,48,35,0,170,0,0,5,0,5,87,48,40,0,175,2,0,2,177
12/05/2012,PVD,RI,ANE,EN,Combined TRACON& Tower with Radar,88,44,27,0,159,0,0,31,0,31,88,44,58,0,190,0,0,0,190
12/06/2012,PVD,RI,ANE,EN,Combined TRACON& Tower with Radar,87,51,26,0,164,0,0,36,0,36,87,51,62,0,200,18,0,18,218
12/07/2012,PVD,RI,ANE,EN,Combined TRACON& Tower with Radar,86,46,35,2,169,1,0,16,0,17,87,46,51,2,186,6,0,6,192
12/08/2012,PVD,RI,ANE,EN,Combined TRACON& Tower with Radar,72,26,9,3,110,0,0,0,0,0,72,26,9,3,110,0,0,0,110
12/09/2012,PVD,RI,ANE,EN,Combined TRACON& Tower with Radar,88,38,15,1,142,0,0,33,0,33,88,38,48,1,175,20,0,20,195
12/10/2012,PVD,RI,ANE,EN,Combined TRACON& Tower with Radar,77,45,16,0,138,0,0,0,0,0,77,45,16,0,138,0,0,0,138
12/11/2012,PVD,RI,ANE,EN,Combined TRACON& Tower with Radar,89,48,33,0,170,0,0,19,0,19,89,48,52,0,189,28,0,28,217
12/12/2012,PVD,RI,ANE,EN,Combined TRACON& Tower with Radar,91,45,21,0,157,0,0,39,0,39,91,45,60,0,196,34,0,34,230
12/13/2012,PVD,RI,ANE,EN,Combined TRACON& Tower with Radar,93,49,23,0,165,0,0,38,0,38,93,49,61,0,203,8,0,8,211
12/14/2012,PVD,RI,ANE,EN,Combined TRACON& Tower with Radar,93,48,17,0,158,0,0,31,0,31,93,48,48,0,189,24,0,24,213
12/15/2012,PVD,RI,ANE,EN,Combined TRACON& Tower with Radar,69,31,16,0,116,0,0,32,0,32,69,31,48,0,148,30,0,30,178
12/16/2012,PVD,RI,ANE,EN,Combined TRACON& Tower with Radar,82,37,6,1,126,0,0,3,0,3,82,37,9,1,129,2,0,2,131
12/17/2012,PVD,RI,ANE,EN,Combined TRACON& Tower with Radar,74,40,26,0,140,0,0,0,0,0,74,40,26,0,140,0,0,0,140
12/18/2012,PVD,RI,ANE,EN,Combined TRACON& Tower with Radar,86,43,19,1,149,0,0,0,0,0,86,43,19,1,149,0,0,0,149
12/19/2012,PVD,RI,ANE,EN,Combined TRACON& Tower with Radar,93,44,10,0,147,0,0,15,0,15,93,44,25,0,162,6,0,6,168
12/20/2012,PVD,RI,ANE,EN,Combined TRACON& Tower with Radar,95,44,26,0,165,0,0,27,0,27,95,44,53,0,192,32,0,32,224
12/21/2012,PVD,RI,ANE,EN,Combined TRACON& Tower with Radar,104,38,19,0,161,0,0,0,0,0,104,38,19,0,161,0,0,0,161
12/22/2012,PVD,RI,ANE,EN,Combined TRACON& Tower with Radar,81,41,12,0,134,0,0,5,0,5,81,41,17,0,139,8,0,8,147
12/23/2012,PVD,RI,ANE,EN,Combined TRACON& Tower with Radar,86,34,11,0,131,0,0,25,0,25,86,34,36,0,156,14,0,14,170
12/24/2012,PVD,RI,ANE,EN,Combined TRACON& Tower with Radar,70,31,8,0,109,0,0,15,0,15,70,31,23,0,124,2,0,2,126
12/25/2012,PVD,RI,ANE,EN,Combined TRACON& Tower with Radar,76,24,2,0,102,0,0,1,0,1,76,24,3,0,103,0,0,0,103
12/26/2012,PVD,RI,ANE,EN,Combined TRACON& Tower with Radar,89,37,6,0,132,0,0,21,0,21,89,37,27,0,153,20,0,20,173
12/27/2012,PVD,RI,ANE,EN,Combined TRACON& Tower with Radar,87,37,6,0,130,0,0,0,0,0,87,37,6,0,130,0,0,0,130
12/28/2012,PVD,RI,ANE,EN,Combined TRACON& Tower with Radar,86,40,14,0,140,0,0,33,0,33,86,40,47,0,173,22,0,22,195
12/29/2012,PVD,RI,ANE,EN,Combined TRACON& Tower with Radar,77,20,6,0,103,0,0,11,0,11,77,20,17,0,114,38,0,38,152
12/30/2012,PVD,RI,ANE,EN,Combined TRACON& Tower with Radar,87,38,5,0,130,0,0,1,0,1,87,38,6,0,131,0,0,0,131
12/31/2012,PVD,RI,ANE,EN,Combined TRACON& Tower with Radar,73,30,6,0,109,0,0,13,0,13,73,30,19,0,122,22,0,22,144
01/01/2013,PVD,RI,ANE,EN,Combined TRACON& Tower with Radar,76,26,10,0,112,0,0,8,0,8,76,26,18,0,120,6,0,6,126
01/02/2013,PVD,RI,ANE,EN,Combined TRACON& Tower with Radar,91,44,32,0,167,0,0,13,0,13,91,44,45,0,180,0,0,0,180
01/03/2013,PVD,RI,ANE,EN,Combined TRACON& Tower with Radar,84,42,18,1,145,0,0,20,1,21,84,42,38,2,166,24,0,24,190
01/04/2013,PVD,RI,ANE,EN,Combined TRACON& Tower with Radar,85,44,14,0,143,0,2,18,0,20,85,46,32,0,163,28,0,28,191
01/05/2013,PVD,RI,ANE,EN,Combined TRACON& Tower with Radar,73,19,19,0,111,0,0,24,0,24,73,19,43,0,135,50,0,50,185
01/06/2013,PVD,RI,ANE,EN,Combined TRACON& Tower with Radar,68,29,11,0,108,0,0,21,0,21,68,29,32,0,129,26,0,26,155
01/07/2013,PVD,RI,ANE,EN,Combined TRACON& Tower with Radar,75,40,19,0,134,0,0,19,0,19,75,40,38,0,153,38,0,38,191
01/08/2013,PVD,RI,ANE,EN,Combined TRACON& Tower with Radar,78,35,11,0,124,0,1,29,0,30,78,36,40,0,154,10,0,10,164
01/09/2013,PVD,RI,ANE,EN,Combined TRACON& Tower with Radar,78,41,25,0,144,0,0,23,0,23,78,41,48,0,167,59,0,59,226
01/10/2013,PVD,RI,ANE,EN,Combined TRACON& Tower with Radar,81,40,22,1,144,0,0,28,1,29,81,40,50,2,173,12,4,16,189
01/11/2013,PVD,RI,ANE,EN,Combined TRACON& Tower with Radar,79,44,18,2,143,0,0,20,0,20,79,44,38,2,163,35,0,35,198
01/12/2013,PVD,RI,ANE,EN,Combined TRACON& Tower with Radar,64,24,6,2,96,0,0,0,0,0,64,24,6,2,96,0,0,0,96
01/13/2013,PVD,RI,ANE,EN,Combined TRACON& Tower with Radar,65,46,24,0,135,0,0,1,0,1,65,46,25,0,136,8,0,8,144
01/14/2013,PVD,RI,ANE,EN,Combined TRACON& Tower with Radar,75,40,34,0,149,0,0,19,0,19,75,40,53,0,168,0,0,0,168
01/15/2013,PVD,RI,ANE,EN,Combined TRACON& Tower with Radar,78,36,36,2,152,0,0,36,1,37,78,36,72,3,189,64,0,64,253
01/16/2013,PVD,RI,ANE,EN,Combined TRACON& Tower with Radar,78,40,9,0,127,0,0,0,0,0,78,40,9,0,127,0,0,0,127
01/17/2013,PVD,RI,ANE,EN,Combined TRACON& Tower with Radar,79,42,34,1,156,0,1,25,0,26,79,43,59,1,182,54,0,54,236
01/18/2013,PVD,RI,ANE,EN,Combined TRACON& Tower with Radar,81,51,12,0,144,0,0,22,0,22,81,51,34,0,166,2,0,2,168
01/19/2013,PVD,RI,ANE,EN,Combined TRACON& Tower with Radar,66,24,13,0,103,0,0,9,0,9,66,24,22,0,112,0,0,0,112
01/20/2013,PVD,RI,ANE,EN,Combined TRACON& Tower with Radar,71,35,21,0,127,0,0,6,0,6,71,35,27,0,133,4,0,4,137
01/21/2013,PVD,RI,ANE,EN,Combined TRACON& Tower with Radar,80,40,23,0,143,0,0,37,0,37,80,40,60,0,180,34,0,34,214
01/22/2013,PVD,RI,ANE,EN,Combined TRACON& Tower with Radar,82,41,11,2,136,0,0,11,2,13,82,41,22,4,149,22,0,22,171
01/23/2013,PVD,RI,ANE,EN,Combined TRACON& Tower with Radar,79,41,16,1,137,0,0,10,1,11,79,41,26,2,148,31,0,31,179
01/24/2013,PVD,RI,ANE,EN,Combined TRACON& Tower with Radar,78,42,20,1,141,0,0,12,1,13,78,42,32,2,154,13,0,13,167
01/25/2013,PVD,RI,ANE,EN,Combined TRACON& Tower with Radar,77,41,16,0,134,0,0,25,0,25,77,41,41,0,159,29,0,29,188
01/26/2013,PVD,RI,ANE,EN,Combined TRACON& Tower with Radar,69,26,9,0,104,0,0,27,0,27,69,26,36,0,131,13,0,13,144
01/27/2013,PVD,RI,ANE,EN,Combined TRACON& Tower with Radar,67,34,11,2,114,0,2,23,2,27,67,36,34,4,141,18,0,18,159
01/28/2013,PVD,RI,ANE,EN,Combined TRACON& Tower with Radar,73,32,32,0,137,0,0,18,0,18,73,32,50,0,155,0,0,0,155
01/29/2013,PVD,RI,ANE,EN,Combined TRACON& Tower with Radar,77,38,10,2,127,0,0,0,0,0,77,38,10,2,127,0,0,0,127
01/30/2013,PVD,RI,ANE,EN,Combined TRACON& Tower with Radar,80,43,24,0,147,0,0,0,0,0,80,43,24,0,147,0,0,0,147
01/31/2013,PVD,RI,ANE,EN,Combined TRACON& Tower with Radar,80,43,15,0,138,0,0,1,0,1,80,43,16,0,139,2,5,7,146
02/01/2013,PVD,RI,ANE,EN,Combined TRACON& Tower with Radar,79,38,16,0,133,0,1,19,0,20,79,39,35,0,153,24,0,24,177
02/02/2013,PVD,RI,ANE,EN,Combined TRACON& Tower with Radar,63,29,10,0,102,0,0,44,0,44,63,29,54,0,146,48,0,48,194
02/03/2013,PVD,RI,ANE,EN,Combined TRACON& Tower with Radar,63,30,6,0,99,0,0,14,0,14,63,30,20,0,113,44,0,44,157
02/04/2013,PVD,RI,ANE,EN,Combined TRACON& Tower with Radar,74,45,13,0,132,0,0,6,0,6,74,45,19,0,138,12,0,12,150
02/05/2013,PVD,RI,ANE,EN,Combined TRACON& Tower with Radar,78,36,12,0,126,0,0,4,0,4,78,36,16,0,130,52,0,52,182
02/06/2013,PVD,RI,ANE,EN,Combined TRACON& Tower with Radar,80,44,30,1,155,0,1,28,1,30,80,45,58,2,185,0,0,0,185
02/07/2013,PVD,RI,ANE,EN,Combined TRACON& Tower with Radar,79,45,19,0,143,0,2,40,0,42,79,47,59,0,185,32,0,32,217
02/08/2013,PVD,RI,ANE,EN,Combined TRACON& Tower with Radar,32,17,0,0,49,0,0,0,0,0,32,17,0,0,49,0,0,0,49
02/09/2013,PVD,RI,ANE,EN,Combined TRACON& Tower with Radar,0,0,0,0,0,0,0,0,0,0,0,0,0,0,0,0,0,0,0
02/10/2013,PVD,RI,ANE,EN,Combined TRACON& Tower with Radar,47,29,5,0,81,0,0,13,0,13,47,29,18,0,94,3,0,3,97
02/11/2013,PVD,RI,ANE,EN,Combined TRACON& Tower with Radar,68,35,19,0,122,0,0,0,0,0,68,35,19,0,122,0,0,0,122
02/12/2013,PVD,RI,ANE,EN,Combined TRACON& Tower with Radar,76,37,18,0,131,0,0,20,0,20,76,37,38,0,151,13,0,13,164
02/13/2013,PVD,RI,ANE,EN,Combined TRACON& Tower with Radar,82,38,20,0,140,0,0,26,0,26,82,38,46,0,166,84,0,84,250
02/14/2013,PVD,RI,ANE,EN,Combined TRACON& Tower with Radar,97,42,17,0,156,0,1,21,0,22,97,43,38,0,178,26,0,26,204
02/15/2013,PVD,RI,ANE,EN,Combined TRACON& Tower with Radar,96,38,22,2,158,0,0,28,2,30,96,38,50,4,188,21,0,21,209
02/16/2013,PVD,RI,ANE,EN,Combined TRACON& Tower with Radar,79,24,9,0,112,0,1,0,0,1,79,25,9,0,113,0,0,0,113
02/17/2013,PVD,RI,ANE,EN,Combined TRACON& Tower with Radar,84,31,4,0,119,0,0,0,0,0,84,31,4,0,119,0,0,0,119
02/18/2013,PVD,RI,ANE,EN,Combined TRACON& Tower with Radar,93,40,18,0,151,0,2,12,0,14,93,42,30,0,165,4,0,4,169
02/19/2013,PVD,RI,ANE,EN,Combined TRACON& Tower with Radar,95,32,17,1,145,0,0,14,0,14,95,32,31,1,159,14,1,15,174
02/20/2013,PVD,RI,ANE,EN,Combined TRACON& Tower with Radar,95,37,19,0,151,0,0,19,0,19,95,37,38,0,170,2,2,4,174
02/21/2013,PVD,RI,ANE,EN,Combined TRACON& Tower with Radar,94,38,18,0,150,0,0,13,0,13,94,38,31,0,163,0,0,0,163
02/22/2013,PVD,RI,ANE,EN,Combined TRACON& Tower with Radar,97,34,20,2,153,0,0,22,4,26,97,34,42,6,179,39,4,43,222
02/23/2013,PVD,RI,ANE,EN,Combined TRACON& Tower with Radar,77,26,12,0,115,0,0,6,0,6,77,26,18,0,121,2,0,2,123
02/24/2013,PVD,RI,ANE,EN,Combined TRACON& Tower with Radar,90,26,19,0,135,0,0,0,0,0,90,26,19,0,135,8,0,8,143
02/25/2013,PVD,RI,ANE,EN,Combined TRACON& Tower with Radar,97,37,25,0,159,0,1,22,0,23,97,38,47,0,182,19,0,19,201
02/26/2013,PVD,RI,ANE,EN,Combined TRACON& Tower with Radar,93,36,27,2,158,0,0,25,2,27,93,36,52,4,185,54,8,62,247
02/27/2013,PVD,RI,ANE,EN,Combined TRACON& Tower with Radar,102,36,19,0,157,0,0,0,0,0,102,36,19,0,157,0,0,0,157
02/28/2013,PVD,RI,ANE,EN,Combined TRACON& Tower with Radar,98,37,29,0,164,0,0,3,1,4,98,37,32,1,168,4,4,8,176
03/01/2013,PVD,RI,ANE,EN,Combined TRACON& Tower with Radar,97,37,17,2,153,0,0,17,0,17,97,37,34,2,170,44,4,48,218
03/02/2013,PVD,RI,ANE,EN,Combined TRACON& Tower with Radar,81,27,10,0,118,0,0,39,0,39,81,27,49,0,157,38,0,38,195
03/03/2013,PVD,RI,ANE,EN,Combined TRACON& Tower with Radar,85,36,6,0,127,0,0,29,0,29,85,36,35,0,156,16,0,16,172
03/04/2013,PVD,RI,ANE,EN,Combined TRACON& Tower with Radar,93,43,16,0,152,0,1,16,0,17,93,44,32,0,169,31,0,31,200
03/05/2013,PVD,RI,ANE,EN,Combined TRACON& Tower with Radar,89,35,27,0,151,0,0,15,0,15,89,35,42,0,166,52,0,52,218
03/06/2013,PVD,RI,ANE,EN,Combined TRACON& Tower with Radar,76,30,14,0,120,0,0,0,0,0,76,30,14,0,120,0,0,0,120
03/07/2013,PVD,RI,ANE,EN,Combined TRACON& Tower with Radar,93,38,8,0,139,0,0,0,0,0,93,38,8,0,139,0,0,0,139
03/08/2013,PVD,RI,ANE,EN,Combined TRACON& Tower with Radar,91,32,17,0,140,0,0,0,0,0,91,32,17,0,140,0,0,0,140
03/09/2013,PVD,RI,ANE,EN,Combined TRACON& Tower with Radar,85,22,23,0,130,0,0,37,0,37,85,22,60,0,167,33,0,33,200
03/10/2013,PVD,RI,ANE,EN,Combined TRACON& Tower with Radar,86,32,25,0,143,0,0,34,0,34,86,32,59,0,177,28,0,28,205
03/11/2013,PVD,RI,ANE,EN,Combined TRACON& Tower with Radar,97,36,18,0,151,0,1,17,0,18,97,37,35,0,169,10,0,10,179
03/12/2013,PVD,RI,ANE,EN,Combined TRACON& Tower with Radar,102,29,21,2,154,0,1,0,0,1,102,30,21,2,155,0,0,0,155
03/13/2013,PVD,RI,ANE,EN,Combined TRACON& Tower with Radar,96,35,30,0,161,0,0,37,0,37,96,35,67,0,198,26,2,28,226
03/14/2013,PVD,RI,ANE,EN,Combined TRACON& Tower with Radar,97,39,29,0,165,0,0,19,0,19,97,39,48,0,184,35,0,35,219
03/15/2013,PVD,RI,ANE,EN,Combined TRACON& Tower with Radar,94,43,21,2,160,0,1,23,0,24,94,44,44,2,184,14,0,14,198
03/16/2013,PVD,RI,ANE,EN,Combined TRACON& Tower with Radar,89,20,18,0,127,0,0,36,0,36,89,20,54,0,163,14,0,14,177
03/17/2013,PVD,RI,ANE,EN,Combined TRACON& Tower with Radar,91,27,30,0,148,0,2,36,0,38,91,29,66,0,186,38,0,38,224
03/18/2013,PVD,RI,ANE,EN,Combined TRACON& Tower with Radar,89,36,27,0,152,0,0,42,0,42,89,36,69,0,194,34,0,34,228
03/19/2013,PVD,RI,ANE,EN,Combined TRACON& Tower with Radar,108,40,17,0,165,0,0,0,0,0,108,40,17,0,165,0,0,0,165
03/20/2013,PVD,RI,ANE,EN,Combined TRACON& Tower with Radar,99,39,24,0,162,0,2,25,0,27,99,41,49,0,189,20,0,20,209
03/21/2013,PVD,RI,ANE,EN,Combined TRACON& Tower with Radar,96,44,24,0,164,0,0,11,0,11,96,44,35,0,175,20,0,20,195
03/22/2013,PVD,RI,ANE,EN,Combined TRACON& Tower with Radar,96,38,21,0,155,0,0,17,0,17,96,38,38,0,172,24,0,24,196
03/23/2013,PVD,RI,ANE,EN,Combined TRACON& Tower with Radar,89,27,10,0,126,0,1,11,0,12,89,28,21,0,138,0,0,0,138
03/24/2013,PVD,RI,ANE,EN,Combined TRACON& Tower with Radar,85,33,28,0,146,0,0,38,0,38,85,33,66,0,184,60,0,60,244
03/25/2013,PVD,RI,ANE,EN,Combined TRACON& Tower with Radar,90,36,16,0,142,0,0,12,0,12,90,36,28,0,154,6,0,6,160
03/26/2013,PVD,RI,ANE,EN,Combined TRACON& Tower with Radar,94,34,21,0,149,0,2,27,0,29,94,36,48,0,178,0,0,0,178
03/27/2013,PVD,RI,ANE,EN,Combined TRACON& Tower with Radar,100,34,31,0,165,0,0,55,0,55,100,34,86,0,220,68,2,70,290
03/28/2013,PVD,RI,ANE,EN,Combined TRACON& Tower with Radar,95,40,25,0,160,0,1,12,0,13,95,41,37,0,173,28,2,30,203
03/29/2013,PVD,RI,ANE,EN,Combined TRACON& Tower with Radar,90,35,16,0,141,0,0,27,0,27,90,35,43,0,168,58,0,58,226
03/30/2013,PVD,RI,ANE,EN,Combined TRACON& Tower with Radar,89,19,6,0,114,0,0,40,0,40,89,19,46,0,154,35,0,35,189
03/31/2013,PVD,RI,ANE,EN,Combined TRACON& Tower with Radar,89,28,14,0,131,0,0,17,0,17,89,28,31,0,148,2,0,2,150
04/01/2013,PVD,RI,ANE,EN,Combined TRACON& Tower with Radar,95,34,19,0,148,0,0,13,0,13,95,34,32,0,161,28,0,28,189
04/02/2013,PVD,RI,ANE,EN,Combined TRACON& Tower with Radar,103,36,14,2,155,1,0,21,2,24,104,36,35,4,179,10,0,10,189
04/03/2013,PVD,RI,ANE,EN,Combined TRACON& Tower with Radar,97,34,19,2,152,0,0,22,0,22,97,34,41,2,174,4,0,4,178
04/04/2013,PVD,RI,ANE,EN,Combined TRACON& Tower with Radar,98,35,26,1,160,0,2,22,1,25,98,37,48,2,185,22,0,22,207
04/05/2013,PVD,RI,ANE,EN,Combined TRACON& Tower with Radar,95,37,25,2,159,0,0,23,0,23,95,37,48,2,182,60,0,60,242
04/06/2013,PVD,RI,ANE,EN,Combined TRACON& Tower with Radar,88,19,9,0,116,0,0,32,0,32,88,19,41,0,148,18,0,18,166
04/07/2013,PVD,RI,ANE,EN,Combined TRACON& Tower with Radar,87,24,9,0,120,0,0,19,0,19,87,24,28,0,139,9,0,9,148
04/08/2013,PVD,RI,ANE,EN,Combined TRACON& Tower with Radar,95,39,24,0,158,0,1,31,0,32,95,40,55,0,190,22,0,22,212
04/09/2013,PVD,RI,ANE,EN,Combined TRACON& Tower with Radar,98,38,10,0,146,1,0,19,0,20,99,38,29,0,166,0,0,0,166
04/10/2013,PVD,RI,ANE,EN,Combined TRACON& Tower with Radar,95,33,24,0,152,0,0,27,2,29,95,33,51,2,181,43,0,43,224
04/11/2013,PVD,RI,ANE,EN,Combined TRACON& Tower with Radar,105,42,29,0,176,0,0,3,0,3,105,42,32,0,179,0,0,0,179
04/12/2013,PVD,RI,ANE,EN,Combined TRACON& Tower with Radar,102,39,27,0,168,0,0,0,0,0,102,39,27,0,168,2,0,2,170
04/13/2013,PVD,RI,ANE,EN,Combined TRACON& Tower with Radar,92,38,21,0,151,0,0,27,2,29,92,38,48,2,180,36,0,36,216
04/14/2013,PVD,RI,ANE,EN,Combined TRACON& Tower with Radar,86,37,12,0,135,0,0,22,0,22,86,37,34,0,157,22,0,22,179
04/15/2013,PVD,RI,ANE,EN,Combined TRACON& Tower with Radar,91,41,22,0,154,0,0,26,2,28,91,41,48,2,182,16,0,16,198
04/16/2013,PVD,RI,ANE,EN,Combined TRACON& Tower with Radar,99,40,27,0,166,0,0,33,0,33,99,40,60,0,199,0,0,0,199
04/17/2013,PVD,RI,ANE,EN,Combined TRACON& Tower with Radar,92,36,23,5,156,0,2,44,3,49,92,38,67,8,205,30,4,34,239
04/18/2013,PVD,RI,ANE,EN,Combined TRACON& Tower with Radar,90,47,38,0,175,0,3,32,3,38,90,50,70,3,213,40,0,40,253
04/19/2013,PVD,RI,ANE,EN,Combined TRACON& Tower with Radar,91,30,15,0,136,0,0,0,0,0,91,30,15,0,136,2,0,2,138
04/20/2013,PVD,RI,ANE,EN,Combined TRACON& Tower with Radar,91,32,13,0,136,0,0,22,0,22,91,32,35,0,158,18,0,18,176
04/21/2013,PVD,RI,ANE,EN,Combined TRACON& Tower with Radar,88,37,9,0,134,0,2,48,0,50,88,39,57,0,184,15,0,15,199
04/22/2013,PVD,RI,ANE,EN,Combined TRACON& Tower with Radar,92,38,33,0,163,0,0,43,0,43,92,38,76,0,206,26,0,26,232
04/23/2013,PVD,RI,ANE,EN,Combined TRACON& Tower with Radar,93,37,28,0,158,0,0,0,0,0,93,37,28,0,158,0,0,0,158
04/24/2013,PVD,RI,ANE,EN,Combined TRACON& Tower with Radar,88,38,34,0,160,0,0,18,0,18,88,38,52,0,178,36,0,36,214
04/25/2013,PVD,RI,ANE,EN,Combined TRACON& Tower with Radar,85,44,26,4,159,0,0,18,3,21,85,44,44,7,180,30,2,32,212
04/26/2013,PVD,RI,ANE,EN,Combined TRACON& Tower with Radar,94,50,25,0,169,0,3,35,0,38,94,53,60,0,207,60,0,60,267
04/27/2013,PVD,RI,ANE,EN,Combined TRACON& Tower with Radar,89,33,13,1,136,0,2,31,1,34,89,35,44,2,170,34,1,35,205
04/28/2013,PVD,RI,ANE,EN,Combined TRACON& Tower with Radar,90,28,14,0,132,0,0,36,0,36,90,28,50,0,168,34,0,34,202
04/29/2013,PVD,RI,ANE,EN,Combined TRACON& Tower with Radar,92,37,28,0,157,0,0,37,0,37,92,37,65,0,194,28,0,28,222
04/30/2013,PVD,RI,ANE,EN,Combined TRACON& Tower with Radar,87,31,10,0,128,0,0,24,0,24,87,31,34,0,152,28,0,28,180
05/01/2013,PVD,RI,ANE,EN,Combined TRACON& Tower with Radar,90,47,25,1,163,0,1,43,1,45,90,48,68,2,208,24,0,24,232
05/02/2013,PVD,RI,ANE,EN,Combined TRACON& Tower with Radar,93,48,19,0,160,0,4,24,0,28,93,52,43,0,188,36,0,36,224
05/03/2013,PVD,RI,ANE,EN,Combined TRACON& Tower with Radar,86,49,28,2,165,0,0,24,0,24,86,49,52,2,189,22,0,22,211
05/04/2013,PVD,RI,ANE,EN,Combined TRACON& Tower with Radar,82,36,6,0,124,0,0,23,0,23,82,36,29,0,147,18,0,18,165
05/05/2013,PVD,RI,ANE,EN,Combined TRACON& Tower with Radar,87,35,17,4,143,0,1,29,0,30,87,36,46,4,173,2,0,2,175
05/06/2013,PVD,RI,ANE,EN,Combined TRACON& Tower with Radar,88,42,25,0,155,0,0,19,0,19,88,42,44,0,174,36,0,36,210
05/07/2013,PVD,RI,ANE,EN,Combined TRACON& Tower with Radar,92,40,32,0,164,0,0,36,0,36,92,40,68,0,200,62,0,62,262
05/08/2013,PVD,RI,ANE,EN,Combined TRACON& Tower with Radar,93,45,23,0,161,0,0,0,0,0,93,45,23,0,161,2,0,2,163
05/09/2013,PVD,RI,ANE,EN,Combined TRACON& Tower with Radar,90,43,23,0,156,0,0,0,0,0,90,43,23,0,156,4,0,4,160
05/10/2013,PVD,RI,ANE,EN,Combined TRACON& Tower with Radar,83,45,21,0,149,0,1,48,0,49,83,46,69,0,198,52,0,52,250
05/11/2013,PVD,RI,ANE,EN,Combined TRACON& Tower with Radar,85,27,19,0,131,0,0,4,0,4,85,27,23,0,135,4,0,4,139
05/12/2013,PVD,RI,ANE,EN,Combined TRACON& Tower with Radar,84,35,11,0,130,0,2,6,0,8,84,37,17,0,138,12,0,12,150
05/13/2013,PVD,RI,ANE,EN,Combined TRACON& Tower with Radar,91,39,30,5,165,0,0,31,0,31,91,39,61,5,196,46,0,46,242
05/14/2013,PVD,RI,ANE,EN,Combined TRACON& Tower with Radar,91,43,33,0,167,0,0,35,0,35,91,43,68,0,202,50,2,52,254
05/15/2013,PVD,RI,ANE,EN,Combined TRACON& Tower with Radar,90,48,31,0,169,0,0,19,0,19,90,48,50,0,188,7,0,7,195
05/16/2013,PVD,RI,ANE,EN,Combined TRACON& Tower with Radar,92,56,16,0,164,0,0,26,0,26,92,56,42,0,190,14,0,14,204
05/17/2013,PVD,RI,ANE,EN,Combined TRACON& Tower with Radar,90,55,28,2,175,0,0,48,0,48,90,55,76,2,223,16,0,16,239
05/18/2013,PVD,RI,ANE,EN,Combined TRACON& Tower with Radar,83,30,26,0,139,0,1,47,0,48,83,31,73,0,187,16,0,16,203
05/19/2013,PVD,RI,ANE,EN,Combined TRACON& Tower with Radar,83,36,28,0,147,0,0,18,0,18,83,36,46,0,165,32,0,32,197
05/20/2013,PVD,RI,ANE,EN,Combined TRACON& Tower with Radar,91,49,39,0,179,0,0,12,0,12,91,49,51,0,191,2,0,2,193
05/21/2013,PVD,RI,ANE,EN,Combined TRACON& Tower with Radar,97,52,26,0,175,0,3,11,1,15,97,55,37,1,190,28,0,28,218
05/22/2013,PVD,RI,ANE,EN,Combined TRACON& Tower with Radar,89,57,26,0,172,0,0,2,0,2,89,57,28,0,174,30,0,30,204
05/23/2013,PVD,RI,ANE,EN,Combined TRACON& Tower with Radar,82,59,32,2,175,0,0,1,0,1,82,59,33,2,176,0,0,0,176
05/24/2013,PVD,RI,ANE,EN,Combined TRACON& Tower with Radar,93,69,69,2,233,0,0,0,0,0,93,69,69,2,233,24,0,24,257
05/25/2013,PVD,RI,ANE,EN,Combined TRACON& Tower with Radar,75,34,22,0,131,0,0,0,0,0,75,34,22,0,131,0,0,0,131
05/26/2013,PVD,RI,ANE,EN,Combined TRACON& Tower with Radar,71,34,21,0,126,0,3,13,0,16,71,37,34,0,142,0,0,0,142
05/27/2013,PVD,RI,ANE,EN,Combined TRACON& Tower with Radar,84,39,23,0,146,0,0,36,0,36,84,39,59,0,182,22,0,22,204
05/28/2013,PVD,RI,ANE,EN,Combined TRACON& Tower with Radar,92,44,15,2,153,0,0,36,0,36,92,44,51,2,189,27,0,27,216
05/29/2013,PVD,RI,ANE,EN,Combined TRACON& Tower with Radar,87,66,37,0,190,0,0,7,0,7,87,66,44,0,197,34,0,34,231
05/30/2013,PVD,RI,ANE,EN,Combined TRACON& Tower with Radar,89,53,43,0,185,0,1,28,0,29,89,54,71,0,214,41,0,41,255
05/31/2013,PVD,RI,ANE,EN,Combined TRACON& Tower with Radar,92,48,24,0,164,0,2,27,0,29,92,50,51,0,193,0,0,0,193
06/01/2013,PVD,RI,ANE,EN,Combined TRACON& Tower with Radar,78,34,9,0,121,0,2,43,0,45,78,36,52,0,166,40,0,40,206
06/02/2013,PVD,RI,ANE,EN,Combined TRACON& Tower with Radar,79,38,19,2,138,0,0,18,0,18,79,38,37,2,156,0,0,0,156
06/03/2013,PVD,RI,ANE,EN,Combined TRACON& Tower with Radar,95,55,22,0,172,0,0,1,0,1,95,55,23,0,173,2,0,2,175
06/04/2013,PVD,RI,ANE,EN,Combined TRACON& Tower with Radar,95,38,23,2,158,1,4,38,2,45,96,42,61,4,203,59,0,59,262
06/05/2013,PVD,RI,ANE,EN,Combined TRACON& Tower with Radar,96,48,29,0,173,0,4,53,0,57,96,52,82,0,230,16,0,16,246
06/06/2013,PVD,RI,ANE,EN,Combined TRACON& Tower with Radar,102,46,34,0,182,0,0,31,0,31,102,46,65,0,213,50,0,50,263
06/07/2013,PVD,RI,ANE,EN,Combined TRACON& Tower with Radar,93,54,17,2,166,0,0,0,0,0,93,54,17,2,166,0,0,0,166
06/08/2013,PVD,RI,ANE,EN,Combined TRACON& Tower with Radar,83,41,9,0,133,0,0,16,0,16,83,41,25,0,149,3,0,3,152
06/09/2013,PVD,RI,ANE,EN,Combined TRACON& Tower with Radar,84,42,17,0,143,0,1,36,0,37,84,43,53,0,180,54,0,54,234
06/10/2013,PVD,RI,ANE,EN,Combined TRACON& Tower with Radar,93,46,16,2,157,0,1,11,0,12,93,47,27,2,169,8,0,8,177
06/11/2013,PVD,RI,ANE,EN,Combined TRACON& Tower with Radar,97,44,26,0,167,0,0,3,0,3,97,44,29,0,170,4,0,4,174
06/12/2013,PVD,RI,ANE,EN,Combined TRACON& Tower with Radar,97,47,29,0,173,0,2,30,0,32,97,49,59,0,205,56,0,56,261
06/13/2013,PVD,RI,ANE,EN,Combined TRACON& Tower with Radar,80,58,29,0,167,0,0,16,0,16,80,58,45,0,183,26,0,26,209
06/14/2013,PVD,RI,ANE,EN,Combined TRACON& Tower with Radar,99,65,28,0,192,0,14,18,1,33,99,79,46,1,225,32,0,32,257
06/15/2013,PVD,RI,ANE,EN,Combined TRACON& Tower with Radar,87,41,24,0,152,0,15,40,0,55,87,56,64,0,207,24,0,24,231
06/16/2013,PVD,RI,ANE,EN,Combined TRACON& Tower with Radar,88,46,7,0,141,0,24,34,0,58,88,70,41,0,199,24,0,24,223
06/17/2013,PVD,RI,ANE,EN,Combined TRACON& Tower with Radar,100,51,16,3,170,0,24,32,0,56,100,75,48,3,226,25,0,25,251
06/18/2013,PVD,RI,ANE,EN,Combined TRACON& Tower with Radar,98,49,12,0,159,0,3,27,0,30,98,52,39,0,189,27,0,27,216
06/19/2013,PVD,RI,ANE,EN,Combined TRACON& Tower with Radar,92,47,20,0,159,0,13,41,4,58,92,60,61,4,217,20,0,20,237
06/20/2013,PVD,RI,ANE,EN,Combined TRACON& Tower with Radar,100,50,30,0,180,0,10,49,0,59,100,60,79,0,239,40,0,40,279
06/21/2013,PVD,RI,ANE,EN,Combined TRACON& Tower with Radar,95,45,33,1,174,0,27,54,0,81,95,72,87,1,255,60,0,60,315
06/22/2013,PVD,RI,ANE,EN,Combined TRACON& Tower with Radar,85,50,14,2,151,0,9,44,2,55,85,59,58,4,206,12,0,12,218
06/23/2013,PVD,RI,ANE,EN,Combined TRACON& Tower with Radar,83,54,9,0,146,0,17,35,0,52,83,71,44,0,198,14,0,14,212
06/24/2013,PVD,RI,ANE,EN,Combined TRACON& Tower with Radar,95,53,26,0,174,0,15,24,0,39,95,68,50,0,213,0,0,0,213
06/25/2013,PVD,RI,ANE,EN,Combined TRACON& Tower with Radar,85,62,23,0,170,0,11,24,0,35,85,73,47,0,205,26,0,26,231
06/26/2013,PVD,RI,ANE,EN,Combined TRACON& Tower with Radar,94,57,28,0,179,0,13,29,0,42,94,70,57,0,221,32,0,32,253
06/27/2013,PVD,RI,ANE,EN,Combined TRACON& Tower with Radar,89,69,41,5,204,0,0,0,0,0,89,69,41,5,204,6,0,6,210
06/28/2013,PVD,RI,ANE,EN,Combined TRACON& Tower with Radar,87,82,32,0,201,0,0,4,0,4,87,82,36,0,205,0,0,0,205
06/29/2013,PVD,RI,ANE,EN,Combined TRACON& Tower with Radar,81,49,17,0,147,0,0,12,0,12,81,49,29,0,159,24,0,24,183
06/30/2013,PVD,RI,ANE,EN,Combined TRACON& Tower with Radar,81,56,21,0,158,0,0,0,0,0,81,56,21,0,158,0,0,0,158
07/01/2013,PVD,RI,ANE,EN,Combined TRACON& Tower with Radar,93,55,31,1,180,0,0,0,0,0,93,55,31,1,180,2,0,2,182
07/02/2013,PVD,RI,ANE,EN,Combined TRACON& Tower with Radar,103,61,42,1,207,0,1,0,0,1,103,62,42,1,208,28,0,28,236
07/03/2013,PVD,RI,ANE,EN,Combined TRACON& Tower with Radar,98,67,39,0,204,0,6,46,0,52,98,73,85,0,256,74,0,74,330
07/04/2013,PVD,RI,ANE,EN,Combined TRACON& Tower with Radar,80,34,8,0,122,0,6,21,0,27,80,40,29,0,149,12,0,12,161
07/05/2013,PVD,RI,ANE,EN,Combined TRACON& Tower with Radar,90,40,9,0,139,0,13,37,0,50,90,53,46,0,189,12,0,12,201
07/06/2013,PVD,RI,ANE,EN,Combined TRACON& Tower with Radar,90,34,12,0,136,0,17,37,0,54,90,51,49,0,190,30,0,30,220
07/07/2013,PVD,RI,ANE,EN,Combined TRACON& Tower with Radar,90,40,7,0,137,0,18,37,0,55,90,58,44,0,192,0,0,0,192
07/08/2013,PVD,RI,ANE,EN,Combined TRACON& Tower with Radar,100,30,14,0,144,0,21,21,0,42,100,51,35,0,186,50,0,50,236
07/09/2013,PVD,RI,ANE,EN,Combined TRACON& Tower with Radar,98,62,13,0,173,0,1,3,0,4,98,63,16,0,177,10,0,10,187
07/10/2013,PVD,RI,ANE,EN,Combined TRACON& Tower with Radar,100,58,32,2,192,0,0,3,0,3,100,58,35,2,195,0,0,0,195
07/11/2013,PVD,RI,ANE,EN,Combined TRACON& Tower with Radar,107,68,38,0,213,1,2,12,0,15,108,70,50,0,228,22,0,22,250
07/12/2013,PVD,RI,ANE,EN,Combined TRACON& Tower with Radar,99,66,28,4,197,0,4,19,0,23,99,70,47,4,220,40,4,44,264
07/13/2013,PVD,RI,ANE,EN,Combined TRACON& Tower with Radar,92,52,14,0,158,0,0,0,0,0,92,52,14,0,158,0,0,0,158
07/14/2013,PVD,RI,ANE,EN,Combined TRACON& Tower with Radar,90,44,20,0,154,0,12,19,0,31,90,56,39,0,185,26,0,26,211
07/15/2013,PVD,RI,ANE,EN,Combined TRACON& Tower with Radar,102,42,20,4,168,0,18,29,2,49,102,60,49,6,217,26,0,26,243
07/16/2013,PVD,RI,ANE,EN,Combined TRACON& Tower with Radar,103,46,25,0,174,1,13,33,0,47,104,59,58,0,221,30,0,30,251
07/17/2013,PVD,RI,ANE,EN,Combined TRACON& Tower with Radar,102,46,30,0,178,0,16,26,0,42,102,62,56,0,220,45,4,49,269
07/18/2013,PVD,RI,ANE,EN,Combined TRACON& Tower with Radar,105,46,31,0,182,0,18,48,0,66,105,64,79,0,248,108,0,108,356
07/19/2013,PVD,RI,ANE,EN,Combined TRACON& Tower with Radar,97,54,19,0,170,0,14,23,0,37,97,68,42,0,207,14,0,14,221
07/20/2013,PVD,RI,ANE,EN,Combined TRACON& Tower with Radar,88,37,16,0,141,0,13,22,0,35,88,50,38,0,176,26,0,26,202
07/21/2013,PVD,RI,ANE,EN,Combined TRACON& Tower with Radar,87,39,19,0,145,1,17,26,0,44,88,56,45,0,189,54,0,54,243
07/22/2013,PVD,RI,ANE,EN,Combined TRACON& Tower with Radar,103,51,24,0,178,0,7,23,1,31,103,58,47,1,209,18,0,18,227
07/23/2013,PVD,RI,ANE,EN,Combined TRACON& Tower with Radar,114,60,32,0,206,0,1,1,0,2,114,61,33,0,208,2,0,2,210
07/24/2013,PVD,RI,ANE,EN,Combined TRACON& Tower with Radar,104,46,33,0,183,0,16,30,0,46,104,62,63,0,229,22,0,22,251
07/25/2013,PVD,RI,ANE,EN,Combined TRACON& Tower with Radar,107,61,18,0,186,0,8,10,0,18,107,69,28,0,204,32,0,32,236
07/26/2013,PVD,RI,ANE,EN,Combined TRACON& Tower with Radar,100,76,25,0,201,0,1,4,0,5,100,77,29,0,206,0,0,0,206
07/27/2013,PVD,RI,ANE,EN,Combined TRACON& Tower with Radar,97,39,10,0,146,0,21,50,2,73,97,60,60,2,219,26,0,26,245
07/28/2013,PVD,RI,ANE,EN,Combined TRACON& Tower with Radar,87,69,24,0,180,0,3,14,0,17,87,72,38,0,197,6,0,6,203
07/29/2013,PVD,RI,ANE,EN,Combined TRACON& Tower with Radar,103,55,20,0,178,0,1,13,0,14,103,56,33,0,192,10,0,10,202
07/30/2013,PVD,RI,ANE,EN,Combined TRACON& Tower with Radar,104,44,26,0,174,0,17,42,0,59,104,61,68,0,233,26,0,26,259
07/31/2013,PVD,RI,ANE,EN,Combined TRACON& Tower with Radar,107,49,21,0,177,0,15,34,0,49,107,64,55,0,226,36,0,36,262
08/01/2013,PVD,RI,ANE,EN,Combined TRACON& Tower with Radar,102,45,25,2,174,0,16,27,0,43,102,61,52,2,217,34,0,34,251
08/02/2013,PVD,RI,ANE,EN,Combined TRACON& Tower with Radar,102,57,15,0,174,0,12,22,0,34,102,69,37,0,208,10,0,10,218
08/03/2013,PVD,RI,ANE,EN,Combined TRACON& Tower with Radar,90,33,16,0,139,0,18,31,0,49,90,51,47,0,188,12,0,12,200
08/04/2013,PVD,RI,ANE,EN,Combined TRACON& Tower with Radar,91,36,15,0,142,0,16,31,0,47,91,52,46,0,189,4,0,4,193
08/05/2013,PVD,RI,ANE,EN,Combined TRACON& Tower with Radar,104,49,13,0,166,0,14,38,0,52,104,63,51,0,218,22,0,22,240
08/06/2013,PVD,RI,ANE,EN,Combined TRACON& Tower with Radar,105,44,23,0,172,0,16,40,0,56,105,60,63,0,228,14,0,14,242
08/07/2013,PVD,RI,ANE,EN,Combined TRACON& Tower with Radar,103,37,14,0,154,0,15,31,0,46,103,52,45,0,200,8,0,8,208
08/08/2013,PVD,RI,ANE,EN,Combined TRACON& Tower with Radar,104,52,36,2,194,0,8,6,0,14,104,60,42,2,208,44,0,44,252
08/09/2013,PVD,RI,ANE,EN,Combined TRACON& Tower with Radar,98,67,25,0,190,1,2,0,0,3,99,69,25,0,193,0,0,0,193
08/10/2013,PVD,RI,ANE,EN,Combined TRACON& Tower with Radar,88,55,18,0,161,0,5,44,0,49,88,60,62,0,210,22,0,22,232
08/11/2013,PVD,RI,ANE,EN,Combined TRACON& Tower with Radar,91,79,18,0,188,0,7,52,0,59,91,86,70,0,247,8,0,8,255
08/12/2013,PVD,RI,ANE,EN,Combined TRACON& Tower with Radar,93,67,48,0,208,0,4,25,0,29,93,71,73,0,237,8,0,8,245
08/13/2013,PVD,RI,ANE,EN,Combined TRACON& Tower with Radar,99,55,59,0,213,0,3,2,0,5,99,58,61,0,218,0,0,0,218
08/14/2013,PVD,RI,ANE,EN,Combined TRACON& Tower with Radar,99,58,24,0,181,0,12,36,0,48,99,70,60,0,229,0,0,0,229
08/15/2013,PVD,RI,ANE,EN,Combined TRACON& Tower with Radar,100,71,42,0,213,0,3,54,2,59,100,74,96,2,272,24,0,24,296
08/16/2013,PVD,RI,ANE,EN,Combined TRACON& Tower with Radar,98,75,28,0,201,0,6,45,0,51,98,81,73,0,252,26,0,26,278
08/17/2013,PVD,RI,ANE,EN,Combined TRACON& Tower with Radar,85,62,25,0,172,0,2,56,0,58,85,64,81,0,230,38,0,38,268
08/18/2013,PVD,RI,ANE,EN,Combined TRACON& Tower with Radar,92,71,20,0,183,0,11,28,0,39,92,82,48,0,222,34,0,34,256
08/19/2013,PVD,RI,ANE,EN,Combined TRACON& Tower with Radar,97,36,27,0,160,0,20,17,0,37,97,56,44,0,197,18,0,18,215
08/20/2013,PVD,RI,ANE,EN,Combined TRACON& Tower with Radar,100,37,33,2,172,0,16,42,0,58,100,53,75,2,230,34,0,34,264
08/21/2013,PVD,RI,ANE,EN,Combined TRACON& Tower with Radar,100,42,22,0,164,0,17,36,0,53,100,59,58,0,217,0,0,0,217
08/22/2013,PVD,RI,ANE,EN,Combined TRACON& Tower with Radar,104,53,28,2,187,0,3,15,0,18,104,56,43,2,205,15,0,15,220
08/23/2013,PVD,RI,ANE,EN,Combined TRACON& Tower with Radar,98,49,26,0,173,0,22,29,1,52,98,71,55,1,225,12,0,12,237
08/24/2013,PVD,RI,ANE,EN,Combined TRACON& Tower with Radar,82,32,17,0,131,0,18,49,0,67,82,50,66,0,198,20,0,20,218
08/25/2013,PVD,RI,ANE,EN,Combined TRACON& Tower with Radar,93,35,17,1,146,0,13,38,0,51,93,48,55,1,197,4,0,4,201
08/26/2013,PVD,RI,ANE,EN,Combined TRACON& Tower with Radar,96,39,24,1,160,0,17,33,0,50,96,56,57,1,210,10,0,10,220
08/27/2013,PVD,RI,ANE,EN,Combined TRACON& Tower with Radar,96,59,57,2,214,0,3,8,0,11,96,62,65,2,225,4,0,4,229
08/28/2013,PVD,RI,ANE,EN,Combined TRACON& Tower with Radar,96,63,33,0,192,0,5,19,2,26,96,68,52,2,218,27,0,27,245
08/29/2013,PVD,RI,ANE,EN,Combined TRACON& Tower with Radar,94,69,28,2,193,0,0,0,0,0,94,69,28,2,193,2,0,2,195
08/30/2013,PVD,RI,ANE,EN,Combined TRACON& Tower with Radar,94,73,31,0,198,0,9,14,2,25,94,82,45,2,223,22,0,22,245
08/31/2013,PVD,RI,ANE,EN,Combined TRACON& Tower with Radar,73,51,28,0,152,0,1,6,0,7,73,52,34,0,159,22,0,22,181
09/01/2013,PVD,RI,ANE,EN,Combined TRACON& Tower with Radar,68,37,17,0,122,0,0,2,0,2,68,37,19,0,124,34,0,34,158
09/02/2013,PVD,RI,ANE,EN,Combined TRACON& Tower with Radar,87,78,15,0,180,0,0,0,0,0,87,78,15,0,180,0,0,0,180
09/03/2013,PVD,RI,ANE,EN,Combined TRACON& Tower with Radar,93,57,31,0,181,0,0,3,0,3,93,57,34,0,184,8,0,8,192
09/04/2013,PVD,RI,ANE,EN,Combined TRACON& Tower with Radar,94,42,28,0,164,0,14,45,0,59,94,56,73,0,223,70,0,70,293
09/05/2013,PVD,RI,ANE,EN,Combined TRACON& Tower with Radar,96,48,18,1,163,0,17,38,1,56,96,65,56,2,219,32,2,34,253
09/06/2013,PVD,RI,ANE,EN,Combined TRACON& Tower with Radar,96,43,23,0,162,0,20,40,0,60,96,63,63,0,222,16,0,16,238
09/07/2013,PVD,RI,ANE,EN,Combined TRACON& Tower with Radar,83,34,13,2,132,1,20,53,2,76,84,54,66,4,208,34,4,38,246
09/08/2013,PVD,RI,ANE,EN,Combined TRACON& Tower with Radar,97,30,25,0,152,0,15,27,0,42,97,45,52,0,194,40,0,40,234
09/09/2013,PVD,RI,ANE,EN,Combined TRACON& Tower with Radar,94,40,31,0,165,0,12,28,0,40,94,52,59,0,205,39,0,39,244
09/10/2013,PVD,RI,ANE,EN,Combined TRACON& Tower with Radar,89,43,38,0,170,0,8,5,0,13,89,51,43,0,183,90,0,90,273
09/11/2013,PVD,RI,ANE,EN,Combined TRACON& Tower with Radar,91,45,28,2,166,0,11,20,0,31,91,56,48,2,197,8,0,8,205
09/12/2013,PVD,RI,ANE,EN,Combined TRACON& Tower with Radar,80,60,19,6,165,0,4,22,0,26,80,64,41,6,191,30,6,36,227
09/13/2013,PVD,RI,ANE,EN,Combined TRACON& Tower with Radar,95,59,20,0,174,0,5,10,0,15,95,64,30,0,189,22,0,22,211
09/14/2013,PVD,RI,ANE,EN,Combined TRACON& Tower with Radar,78,30,15,0,123,0,13,42,0,55,78,43,57,0,178,32,0,32,210
09/15/2013,PVD,RI,ANE,EN,Combined TRACON& Tower with Radar,95,30,15,0,140,0,20,34,0,54,95,50,49,0,194,0,0,0,194
09/16/2013,PVD,RI,ANE,EN,Combined TRACON& Tower with Radar,92,37,24,0,153,0,16,17,0,33,92,53,41,0,186,10,0,10,196
09/17/2013,PVD,RI,ANE,EN,Combined TRACON& Tower with Radar,103,43,21,2,169,2,16,38,2,58,105,59,59,4,227,26,6,32,259
09/18/2013,PVD,RI,ANE,EN,Combined TRACON& Tower with Radar,97,47,13,2,159,0,18,43,0,61,97,65,56,2,220,24,0,24,244
09/19/2013,PVD,RI,ANE,EN,Combined TRACON& Tower with Radar,95,54,31,9,189,0,14,50,0,64,95,68,81,9,253,63,8,71,324
09/20/2013,PVD,RI,ANE,EN,Combined TRACON& Tower with Radar,98,47,17,0,162,0,17,42,0,59,98,64,59,0,221,36,0,36,257
09/21/2013,PVD,RI,ANE,EN,Combined TRACON& Tower with Radar,79,34,20,0,133,0,10,34,0,44,79,44,54,0,177,26,0,26,203
09/22/2013,PVD,RI,ANE,EN,Combined TRACON& Tower with Radar,94,39,7,0,140,0,7,12,0,19,94,46,19,0,159,34,0,34,193
09/23/2013,PVD,RI,ANE,EN,Combined TRACON& Tower with Radar,93,51,17,0,161,0,14,26,0,40,93,65,43,0,201,10,0,10,211
09/24/2013,PVD,RI,ANE,EN,Combined TRACON& Tower with Radar,91,40,20,0,151,0,2,45,0,47,91,42,65,0,198,26,0,26,224
09/25/2013,PVD,RI,ANE,EN,Combined TRACON& Tower with Radar,96,29,22,0,147,0,2,24,0,26,96,31,46,0,173,0,0,0,173
09/26/2013,PVD,RI,ANE,EN,Combined TRACON& Tower with Radar,100,33,32,2,167,0,0,35,0,35,100,33,67,2,202,48,0,48,250
09/27/2013,PVD,RI,ANE,EN,Combined TRACON& Tower with Radar,98,38,14,0,150,0,0,41,0,41,98,38,55,0,191,32,0,32,223
09/28/2013,PVD,RI,ANE,EN,Combined TRACON& Tower with Radar,87,18,12,0,117,0,2,35,0,37,87,20,47,0,154,76,0,76,230
09/29/2013,PVD,RI,ANE,EN,Combined TRACON& Tower with Radar,90,32,16,0,138,0,0,32,0,32,90,32,48,0,170,16,0,16,186
09/30/2013,PVD,RI,ANE,EN,Combined TRACON& Tower with Radar,95,34,23,0,152,0,1,16,0,17,95,35,39,0,169,4,0,4,173
10/01/2013,PVD,RI,ANE,EN,Combined TRACON& Tower with Radar,95,35,34,1,165,0,0,47,3,50,95,35,81,4,215,24,4,28,243
10/02/2013,PVD,RI,ANE,EN,Combined TRACON& Tower with Radar,94,26,18,0,138,0,0,24,0,24,94,26,42,0,162,15,0,15,177
10/03/2013,PVD,RI,ANE,EN,Combined TRACON& Tower with Radar,102,35,20,0,157,0,0,42,0,42,102,35,62,0,199,6,0,6,205
10/04/2013,PVD,RI,ANE,EN,Combined TRACON& Tower with Radar,93,33,26,0,152,0,0,19,0,19,93,33,45,0,171,0,0,0,171
10/05/2013,PVD,RI,ANE,EN,Combined TRACON& Tower with Radar,83,29,26,0,138,0,0,31,2,33,83,29,57,2,171,124,0,124,295
10/06/2013,PVD,RI,ANE,EN,Combined TRACON& Tower with Radar,94,32,19,0,145,0,0,1,0,1,94,32,20,0,146,12,0,12,158
10/07/2013,PVD,RI,ANE,EN,Combined TRACON& Tower with Radar,99,27,23,0,149,0,0,1,0,1,99,27,24,0,150,4,0,4,154
10/08/2013,PVD,RI,ANE,EN,Combined TRACON& Tower with Radar,96,33,24,0,153,0,1,35,0,36,96,34,59,0,189,52,0,52,241
10/09/2013,PVD,RI,ANE,EN,Combined TRACON& Tower with Radar,99,34,29,0,162,0,0,34,0,34,99,34,63,0,196,29,4,33,229
10/10/2013,PVD,RI,ANE,EN,Combined TRACON& Tower with Radar,101,28,41,2,172,0,0,32,0,32,101,28,73,2,204,35,0,35,239
10/11/2013,PVD,RI,ANE,EN,Combined TRACON& Tower with Radar,95,31,14,0,140,0,0,21,0,21,95,31,35,0,161,44,0,44,205
10/12/2013,PVD,RI,ANE,EN,Combined TRACON& Tower with Radar,82,23,25,0,130,0,0,16,0,16,82,23,41,0,146,40,0,40,186
10/13/2013,PVD,RI,ANE,EN,Combined TRACON& Tower with Radar,93,21,24,0,138,0,0,16,0,16,93,21,40,0,154,41,0,41,195
10/14/2013,PVD,RI,ANE,EN,Combined TRACON& Tower with Radar,97,27,11,0,135,0,1,41,0,42,97,28,52,0,177,57,0,57,234
10/15/2013,PVD,RI,ANE,EN,Combined TRACON& Tower with Radar,97,38,22,0,157,1,2,47,2,52,98,40,69,2,209,58,0,58,267
10/16/2013,PVD,RI,ANE,EN,Combined TRACON& Tower with Radar,94,29,43,0,166,0,0,16,0,16,94,29,59,0,182,42,0,42,224
10/17/2013,PVD,RI,ANE,EN,Combined TRACON& Tower with Radar,101,40,22,6,169,0,0,8,0,8,101,40,30,6,177,42,0,42,219
10/18/2013,PVD,RI,ANE,EN,Combined TRACON& Tower with Radar,102,37,15,1,155,0,5,33,0,38,102,42,48,1,193,46,0,46,239
10/19/2013,PVD,RI,ANE,EN,Combined TRACON& Tower with Radar,85,24,15,0,124,0,6,47,0,53,85,30,62,0,177,22,0,22,199
10/20/2013,PVD,RI,ANE,EN,Combined TRACON& Tower with Radar,95,37,16,1,149,0,7,42,4,53,95,44,58,5,202,16,0,16,218
10/21/2013,PVD,RI,ANE,EN,Combined TRACON& Tower with Radar,100,31,28,1,160,0,0,44,1,45,100,31,72,2,205,48,0,48,253
10/22/2013,PVD,RI,ANE,EN,Combined TRACON& Tower with Radar,98,35,36,0,169,0,1,33,2,36,98,36,69,2,205,26,0,26,231
10/23/2013,PVD,RI,ANE,EN,Combined TRACON& Tower with Radar,95,45,27,5,172,0,2,12,0,14,95,47,39,5,186,14,0,14,200
10/24/2013,PVD,RI,ANE,EN,Combined TRACON& Tower with Radar,101,43,24,0,168,0,1,47,2,50,101,44,71,2,218,24,0,24,242
10/25/2013,PVD,RI,ANE,EN,Combined TRACON& Tower with Radar,100,40,21,4,165,0,0,39,0,39,100,40,60,4,204,22,0,22,226
10/26/2013,PVD,RI,ANE,EN,Combined TRACON& Tower with Radar,86,25,11,0,122,0,2,34,0,36,86,27,45,0,158,40,0,40,198
10/27/2013,PVD,RI,ANE,EN,Combined TRACON& Tower with Radar,90,34,7,0,131,0,0,30,0,30,90,34,37,0,161,30,0,30,191
10/28/2013,PVD,RI,ANE,EN,Combined TRACON& Tower with Radar,98,35,20,0,153,0,0,25,0,25,98,35,45,0,178,20,0,20,198
10/29/2013,PVD,RI,ANE,EN,Combined TRACON& Tower with Radar,98,33,33,0,164,0,0,29,0,29,98,33,62,0,193,56,0,56,249
10/30/2013,PVD,RI,ANE,EN,Combined TRACON& Tower with Radar,101,27,25,0,153,0,0,17,0,17,101,27,42,0,170,0,0,0,170
10/31/2013,PVD,RI,ANE,EN,Combined TRACON& Tower with Radar,96,33,17,2,148,0,0,1,0,1,96,33,18,2,149,110,0,110,259
11/01/2013,PVD,RI,ANE,EN,Combined TRACON& Tower with Radar,98,29,13,0,140,0,0,4,0,4,98,29,17,0,144,0,0,0,144
11/02/2013,PVD,RI,ANE,EN,Combined TRACON& Tower with Radar,91,15,10,2,118,0,0,47,2,49,91,15,57,4,167,44,0,44,211
11/03/2013,PVD,RI,ANE,EN,Combined TRACON& Tower with Radar,91,30,10,0,131,0,0,23,0,23,91,30,33,0,154,52,0,52,206
11/04/2013,PVD,RI,ANE,EN,Combined TRACON& Tower with Radar,94,34,21,1,150,0,0,33,1,34,94,34,54,2,184,18,0,18,202
11/05/2013,PVD,RI,ANE,EN,Combined TRACON& Tower with Radar,95,27,32,1,155,0,0,32,1,33,95,27,64,2,188,32,2,34,222
11/06/2013,PVD,RI,ANE,EN,Combined TRACON& Tower with Radar,99,24,19,0,142,0,0,24,0,24,99,24,43,0,166,42,0,42,208
11/07/2013,PVD,RI,ANE,EN,Combined TRACON& Tower with Radar,96,33,42,0,171,0,0,4,0,4,96,33,46,0,175,38,0,38,213
11/08/2013,PVD,RI,ANE,EN,Combined TRACON& Tower with Radar,97,35,16,1,149,0,1,30,0,31,97,36,46,1,180,4,0,4,184
11/09/2013,PVD,RI,ANE,EN,Combined TRACON& Tower with Radar,85,17,19,1,122,0,0,42,2,44,85,17,61,3,166,56,0,56,222
11/10/2013,PVD,RI,ANE,EN,Combined TRACON& Tower with Radar,84,29,1,0,114,0,0,18,0,18,84,29,19,0,132,24,0,24,156
11/11/2013,PVD,RI,ANE,EN,Combined TRACON& Tower with Radar,89,32,19,0,140,0,0,28,0,28,89,32,47,0,168,26,0,26,194
11/12/2013,PVD,RI,ANE,EN,Combined TRACON& Tower with Radar,97,31,15,6,149,0,1,12,4,17,97,32,27,10,166,0,22,22,188
11/13/2013,PVD,RI,ANE,EN,Combined TRACON& Tower with Radar,97,29,18,0,144,0,0,19,0,19,97,29,37,0,163,46,0,46,209
11/14/2013,PVD,RI,ANE,EN,Combined TRACON& Tower with Radar,95,33,20,0,148,0,0,35,0,35,95,33,55,0,183,56,0,56,239
11/15/2013,PVD,RI,ANE,EN,Combined TRACON& Tower with Radar,98,35,26,0,159,0,0,34,0,34,98,35,60,0,193,24,0,24,217
11/16/2013,PVD,RI,ANE,EN,Combined TRACON& Tower with Radar,88,13,12,0,113,0,0,61,0,61,88,13,73,0,174,62,0,62,236
11/17/2013,PVD,RI,ANE,EN,Combined TRACON& Tower with Radar,88,29,18,0,135,0,0,2,0,2,88,29,20,0,137,74,0,74,211
11/18/2013,PVD,RI,ANE,EN,Combined TRACON& Tower with Radar,94,31,20,0,145,0,0,9,0,9,94,31,29,0,154,60,0,60,214
11/19/2013,PVD,RI,ANE,EN,Combined TRACON& Tower with Radar,98,38,26,5,167,0,0,16,0,16,98,38,42,5,183,12,4,16,199
11/20/2013,PVD,RI,ANE,EN,Combined TRACON& Tower with Radar,96,29,36,1,162,0,0,29,0,29,96,29,65,1,191,50,0,50,241
11/21/2013,PVD,RI,ANE,EN,Combined TRACON& Tower with Radar,97,36,27,0,160,0,0,31,0,31,97,36,58,0,191,0,0,0,191
11/22/2013,PVD,RI,ANE,EN,Combined TRACON& Tower with Radar,98,40,30,0,168,0,0,0,0,0,98,40,30,0,168,0,0,0,168
11/23/2013,PVD,RI,ANE,EN,Combined TRACON& Tower with Radar,83,17,14,2,116,0,2,25,0,27,83,19,39,2,143,0,0,0,143
11/24/2013,PVD,RI,ANE,EN,Combined TRACON& Tower with Radar,91,38,17,0,146,0,0,6,0,6,91,38,23,0,152,0,0,0,152
11/25/2013,PVD,RI,ANE,EN,Combined TRACON& Tower with Radar,92,33,17,0,142,0,0,24,0,24,92,33,41,0,166,0,0,0,166
11/26/2013,PVD,RI,ANE,EN,Combined TRACON& Tower with Radar,0,0,0,0,0,0,0,0,0,0,0,0,0,0,0,0,0,0,0
11/27/2013,PVD,RI,ANE,EN,Combined TRACON& Tower with Radar,96,29,6,0,131,0,0,0,0,0,96,29,6,0,131,0,0,0,131
11/28/2013,PVD,RI,ANE,EN,Combined TRACON& Tower with Radar,48,27,2,0,77,0,0,1,0,1,48,27,3,0,78,0,0,0,78
11/29/2013,PVD,RI,ANE,EN,Combined TRACON& Tower with Radar,61,23,14,0,98,0,2,43,0,45,61,25,57,0,143,40,0,40,183
11/30/2013,PVD,RI,ANE,EN,Combined TRACON& Tower with Radar,94,30,12,0,136,0,0,45,0,45,94,30,57,0,181,44,0,44,225
12/01/2013,PVD,RI,ANE,EN,Combined TRACON& Tower with Radar,103,36,26,0,165,2,0,3,0,5,105,36,29,0,170,4,0,4,174
12/02/2013,PVD,RI,ANE,EN,Combined TRACON& Tower with Radar,103,37,38,4,182,0,0,1,0,1,103,37,39,4,183,26,0,26,209
12/03/2013,PVD,RI,ANE,EN,Combined TRACON& Tower with Radar,92,40,35,1,168,0,0,21,1,22,92,40,56,2,190,44,0,44,234
12/04/2013,PVD,RI,ANE,EN,Combined TRACON& Tower with Radar,91,34,34,0,159,0,2,38,0,40,91,36,72,0,199,48,0,48,247
12/05/2013,PVD,RI,ANE,EN,Combined TRACON& Tower with Radar,112,16,30,10,168,0,0,0,0,0,112,16,30,10,168,4,0,4,172
12/06/2013,PVD,RI,ANE,EN,Combined TRACON& Tower with Radar,86,35,25,0,146,0,0,1,0,1,86,35,26,0,147,18,0,18,165
12/07/2013,PVD,RI,ANE,EN,Combined TRACON& Tower with Radar,77,19,24,0,120,0,0,30,0,30,77,19,54,0,150,176,0,176,326
12/08/2013,PVD,RI,ANE,EN,Combined TRACON& Tower with Radar,75,16,10,0,101,0,0,24,0,24,75,16,34,0,125,50,0,50,175
12/09/2013,PVD,RI,ANE,EN,Combined TRACON& Tower with Radar,94,29,11,0,134,0,0,0,0,0,94,29,11,0,134,0,0,0,134
12/10/2013,PVD,RI,ANE,EN,Combined TRACON& Tower with Radar,91,25,12,2,130,1,0,5,0,6,92,25,17,2,136,26,0,26,162
12/11/2013,PVD,RI,ANE,EN,Combined TRACON& Tower with Radar,96,32,24,0,152,0,1,34,0,35,96,33,58,0,187,56,0,56,243
12/12/2013,PVD,RI,ANE,EN,Combined TRACON& Tower with Radar,99,35,33,5,172,0,0,27,3,30,99,35,60,8,202,54,4,58,260
12/13/2013,PVD,RI,ANE,EN,Combined TRACON& Tower with Radar,93,31,17,0,141,1,0,24,0,25,94,31,41,0,166,34,0,34,200
12/14/2013,PVD,RI,ANE,EN,Combined TRACON& Tower with Radar,73,12,4,0,89,0,0,3,0,3,73,12,7,0,92,42,0,42,134
12/15/2013,PVD,RI,ANE,EN,Combined TRACON& Tower with Radar,83,28,3,0,114,0,0,2,0,2,83,28,5,0,116,0,0,0,116
12/16/2013,PVD,RI,ANE,EN,Combined TRACON& Tower with Radar,89,25,18,0,132,0,0,30,0,30,89,25,48,0,162,8,0,8,170
12/17/2013,PVD,RI,ANE,EN,Combined TRACON& Tower with Radar,90,29,18,9,146,0,0,4,0,4,90,29,22,9,150,12,4,16,166
12/18/2013,PVD,RI,ANE,EN,Combined TRACON& Tower with Radar,98,32,32,0,162,0,0,23,0,23,98,32,55,0,185,18,0,18,203
12/19/2013,PVD,RI,ANE,EN,Combined TRACON& Tower with Radar,94,45,13,0,152,0,0,24,0,24,94,45,37,0,176,54,0,54,230
12/20/2013,PVD,RI,ANE,EN,Combined TRACON& Tower with Radar,92,58,19,0,169,0,0,28,0,28,92,58,47,0,197,62,0,62,259
12/21/2013,PVD,RI,ANE,EN,Combined TRACON& Tower with Radar,84,37,12,0,133,0,0,22,0,22,84,37,34,0,155,34,0,34,189
12/22/2013,PVD,RI,ANE,EN,Combined TRACON& Tower with Radar,81,25,8,0,114,0,0,0,0,0,81,25,8,0,114,0,0,0,114
12/23/2013,PVD,RI,ANE,EN,Combined TRACON& Tower with Radar,84,39,11,1,135,0,0,0,0,0,84,39,11,1,135,4,0,4,139
12/24/2013,PVD,RI,ANE,EN,Combined TRACON& Tower with Radar,71,31,10,0,112,0,0,17,0,17,71,31,27,0,129,32,0,32,161
12/25/2013,PVD,RI,ANE,EN,Combined TRACON& Tower with Radar,64,16,5,0,85,0,0,2,0,2,64,16,7,0,87,2,0,2,89
12/26/2013,PVD,RI,ANE,EN,Combined TRACON& Tower with Radar,91,35,9,0,135,0,0,5,0,5,91,35,14,0,140,9,0,9,149
12/27/2013,PVD,RI,ANE,EN,Combined TRACON& Tower with Radar,92,46,16,0,154,0,0,22,0,22,92,46,38,0,176,0,0,0,176
12/28/2013,PVD,RI,ANE,EN,Combined TRACON& Tower with Radar,77,34,11,0,122,0,0,42,0,42,77,34,53,0,164,52,0,52,216
12/29/2013,PVD,RI,ANE,EN,Combined TRACON& Tower with Radar,80,31,10,0,121,0,0,2,0,2,80,31,12,0,123,8,0,8,131
12/30/2013,PVD,RI,ANE,EN,Combined TRACON& Tower with Radar,83,31,10,0,124,0,0,22,0,22,83,31,32,0,146,50,0,50,196
12/31/2013,PVD,RI,ANE,EN,Combined TRACON& Tower with Radar,76,24,20,0,120,0,0,19,0,19,76,24,39,0,139,30,0,30,169
01/01/2014,PVD,RI,ANE,EN,Combined TRACON& Tower with Radar,67,18,8,0,93,0,0,12,0,12,67,18,20,0,105,24,0,24,129
01/02/2014,PVD,RI,ANE,EN,Combined TRACON& Tower with Radar,63,23,3,0,89,0,0,0,0,0,63,23,3,0,89,0,0,0,89
01/03/2014,PVD,RI,ANE,EN,Combined TRACON& Tower with Radar,52,22,4,0,78,0,0,2,0,2,52,22,6,0,80,0,0,0,80
01/04/2014,PVD,RI,ANE,EN,Combined TRACON& Tower with Radar,58,31,6,0,95,0,0,21,0,21,58,31,27,0,116,32,0,32,148
01/05/2014,PVD,RI,ANE,EN,Combined TRACON& Tower with Radar,70,34,18,0,122,0,0,15,0,15,70,34,33,0,137,36,0,36,173
01/06/2014,PVD,RI,ANE,EN,Combined TRACON& Tower with Radar,65,16,14,0,95,0,0,0,0,0,65,16,14,0,95,12,0,12,107
01/07/2014,PVD,RI,ANE,EN,Combined TRACON& Tower with Radar,70,18,10,2,100,0,0,3,0,3,70,18,13,2,103,2,0,2,105
01/08/2014,PVD,RI,ANE,EN,Combined TRACON& Tower with Radar,80,24,26,0,130,0,0,22,0,22,80,24,48,0,152,94,0,94,246
01/09/2014,PVD,RI,ANE,EN,Combined TRACON& Tower with Radar,80,24,25,1,130,0,0,26,1,27,80,24,51,2,157,48,0,48,205
01/10/2014,PVD,RI,ANE,EN,Combined TRACON& Tower with Radar,79,29,19,2,129,0,0,0,0,0,79,29,19,2,129,0,0,0,129
01/11/2014,PVD,RI,ANE,EN,Combined TRACON& Tower with Radar,66,22,4,0,92,0,0,0,0,0,66,22,4,0,92,0,0,0,92
01/12/2014,PVD,RI,ANE,EN,Combined TRACON& Tower with Radar,68,31,17,0,116,0,0,10,0,10,68,31,27,0,126,2,0,2,128
01/13/2014,PVD,RI,ANE,EN,Combined TRACON& Tower with Radar,82,25,44,0,151,0,0,50,0,50,82,25,94,0,201,166,0,166,367
01/14/2014,PVD,RI,ANE,EN,Combined TRACON& Tower with Radar,81,27,23,0,131,0,0,4,0,4,81,27,27,0,135,0,0,0,135
01/15/2014,PVD,RI,ANE,EN,Combined TRACON& Tower with Radar,85,37,33,2,157,0,0,30,0,30,85,37,63,2,187,40,2,42,229
01/16/2014,PVD,RI,ANE,EN,Combined TRACON& Tower with Radar,85,32,14,0,131,0,3,9,0,12,85,35,23,0,143,38,0,38,181
01/17/2014,PVD,RI,ANE,EN,Combined TRACON& Tower with Radar,82,27,23,1,133,0,0,38,1,39,82,27,61,2,172,27,0,27,199
01/18/2014,PVD,RI,ANE,EN,Combined TRACON& Tower with Radar,60,21,9,0,90,0,0,0,0,0,60,21,9,0,90,0,0,0,90
01/19/2014,PVD,RI,ANE,EN,Combined TRACON& Tower with Radar,68,18,7,0,93,0,0,14,0,14,68,18,21,0,107,52,0,52,159
01/20/2014,PVD,RI,ANE,EN,Combined TRACON& Tower with Radar,80,27,29,0,136,0,1,38,0,39,80,28,67,0,175,26,0,26,201
01/21/2014,PVD,RI,ANE,EN,Combined TRACON& Tower with Radar,56,25,6,0,87,0,2,13,0,15,56,27,19,0,102,20,0,20,122
01/22/2014,PVD,RI,ANE,EN,Combined TRACON& Tower with Radar,65,19,16,0,100,0,1,2,0,3,65,20,18,0,103,0,0,0,103
01/23/2014,PVD,RI,ANE,EN,Combined TRACON& Tower with Radar,82,25,10,0,117,0,1,14,0,15,82,26,24,0,132,38,0,38,170
01/24/2014,PVD,RI,ANE,EN,Combined TRACON& Tower with Radar,77,34,19,0,130,0,1,23,0,24,77,35,42,0,154,53,0,53,207
01/25/2014,PVD,RI,ANE,EN,Combined TRACON& Tower with Radar,59,20,8,0,87,0,0,4,0,4,59,20,12,0,91,4,0,4,95
01/26/2014,PVD,RI,ANE,EN,Combined TRACON& Tower with Radar,63,31,11,0,105,0,0,6,0,6,63,31,17,0,111,10,0,10,121
01/27/2014,PVD,RI,ANE,EN,Combined TRACON& Tower with Radar,78,27,9,0,114,0,0,1,6,7,78,27,10,6,121,0,0,0,121
01/28/2014,PVD,RI,ANE,EN,Combined TRACON& Tower with Radar,75,26,21,0,122,0,0,43,0,43,75,26,64,0,165,66,2,68,233
01/29/2014,PVD,RI,ANE,EN,Combined TRACON& Tower with Radar,81,28,20,0,129,0,0,21,0,21,81,28,41,0,150,84,0,84,234
01/30/2014,PVD,RI,ANE,EN,Combined TRACON& Tower with Radar,75,29,31,0,135,0,0,33,0,33,75,29,64,0,168,50,0,50,218
01/31/2014,PVD,RI,ANE,EN,Combined TRACON& Tower with Radar,81,30,27,2,140,0,2,21,2,25,81,32,48,4,165,39,0,39,204
02/01/2014,PVD,RI,ANE,EN,Combined TRACON& Tower with Radar,55,16,20,0,91,0,0,42,0,42,55,16,62,0,133,60,0,60,193
02/02/2014,PVD,RI,ANE,EN,Combined TRACON& Tower with Radar,61,19,13,0,93,0,2,25,0,27,61,21,38,0,120,16,0,16,136
02/03/2014,PVD,RI,ANE,EN,Combined TRACON& Tower with Radar,72,25,16,0,113,0,0,0,0,0,72,25,16,0,113,0,0,0,113
02/04/2014,PVD,RI,ANE,EN,Combined TRACON& Tower with Radar,72,40,23,0,135,0,1,31,0,32,72,41,54,0,167,36,0,36,203
02/05/2014,PVD,RI,ANE,EN,Combined TRACON& Tower with Radar,47,13,7,0,67,0,0,0,0,0,47,13,7,0,67,0,0,0,67
02/06/2014,PVD,RI,ANE,EN,Combined TRACON& Tower with Radar,81,43,20,2,146,0,2,21,0,23,81,45,41,2,169,30,2,32,201
02/07/2014,PVD,RI,ANE,EN,Combined TRACON& Tower with Radar,83,33,24,6,146,0,1,25,6,32,83,34,49,12,178,88,14,102,280
02/08/2014,PVD,RI,ANE,EN,Combined TRACON& Tower with Radar,57,19,21,0,97,0,4,28,0,32,57,23,49,0,129,88,2,90,219
02/09/2014,PVD,RI,ANE,EN,Combined TRACON& Tower with Radar,68,21,5,0,94,0,0,2,0,2,68,21,7,0,96,74,0,74,170
02/10/2014,PVD,RI,ANE,EN,Combined TRACON& Tower with Radar,78,27,24,0,129,0,1,34,0,35,78,28,58,0,164,78,0,78,242
02/11/2014,PVD,RI,ANE,EN,Combined TRACON& Tower with Radar,82,33,15,0,130,0,1,31,0,32,82,34,46,0,162,50,0,50,212
02/12/2014,PVD,RI,ANE,EN,Combined TRACON& Tower with Radar,74,23,30,1,128,0,0,37,1,38,74,23,67,2,166,54,0,54,220
02/13/2014,PVD,RI,ANE,EN,Combined TRACON& Tower with Radar,48,16,10,0,74,0,0,0,0,0,48,16,10,0,74,0,0,0,74
02/14/2014,PVD,RI,ANE,EN,Combined TRACON& Tower with Radar,80,27,10,0,117,0,0,5,0,5,80,27,15,0,122,0,0,0,122
02/15/2014,PVD,RI,ANE,EN,Combined TRACON& Tower with Radar,55,15,10,0,80,0,0,10,0,10,55,15,20,0,90,48,0,48,138
02/16/2014,PVD,RI,ANE,EN,Combined TRACON& Tower with Radar,60,22,2,0,84,0,0,2,0,2,60,22,4,0,86,2,0,2,88
02/17/2014,PVD,RI,ANE,EN,Combined TRACON& Tower with Radar,88,35,19,0,142,0,0,25,0,25,88,35,44,0,167,58,0,58,225
02/18/2014,PVD,RI,ANE,EN,Combined TRACON& Tower with Radar,92,32,4,0,128,1,0,2,0,3,93,32,6,0,131,0,0,0,131
02/19/2014,PVD,RI,ANE,EN,Combined TRACON& Tower with Radar,91,34,13,0,138,0,1,11,0,12,91,35,24,0,150,22,0,22,172
02/20/2014,PVD,RI,ANE,EN,Combined TRACON& Tower with Radar,86,27,18,5,136,0,0,31,2,33,86,27,49,7,169,61,2,63,232
02/21/2014,PVD,RI,ANE,EN,Combined TRACON& Tower with Radar,72,22,11,0,105,0,1,0,0,1,72,23,11,0,106,0,0,0,106
02/22/2014,PVD,RI,ANE,EN,Combined TRACON& Tower with Radar,93,20,10,0,123,0,0,21,0,21,93,20,31,0,144,53,0,53,197
02/23/2014,PVD,RI,ANE,EN,Combined TRACON& Tower with Radar,79,18,10,0,107,0,0,19,0,19,79,18,29,0,126,38,0,38,164
02/24/2014,PVD,RI,ANE,EN,Combined TRACON& Tower with Radar,93,26,30,0,149,1,0,25,0,26,94,26,55,0,175,50,0,50,225
02/25/2014,PVD,RI,ANE,EN,Combined TRACON& Tower with Radar,94,24,31,0,149,0,0,18,0,18,94,24,49,0,167,58,0,58,225
02/26/2014,PVD,RI,ANE,EN,Combined TRACON& Tower with Radar,91,28,32,2,153,0,0,11,2,13,91,28,43,4,166,80,0,80,246
02/27/2014,PVD,RI,ANE,EN,Combined TRACON& Tower with Radar,93,30,30,2,155,0,0,8,0,8,93,30,38,2,163,4,1,5,168
02/28/2014,PVD,RI,ANE,EN,Combined TRACON& Tower with Radar,92,29,13,0,134,0,0,26,0,26,92,29,39,0,160,44,0,44,204
03/01/2014,PVD,RI,ANE,EN,Combined TRACON& Tower with Radar,88,16,11,0,115,0,2,31,0,33,88,18,42,0,148,50,0,50,198
03/02/2014,PVD,RI,ANE,EN,Combined TRACON& Tower with Radar,87,19,5,0,111,0,0,11,0,11,87,19,16,0,122,58,0,58,180
03/03/2014,PVD,RI,ANE,EN,Combined TRACON& Tower with Radar,70,23,14,0,107,0,0,24,0,24,70,23,38,0,131,42,0,42,173
03/04/2014,PVD,RI,ANE,EN,Combined TRACON& Tower with Radar,88,26,30,0,144,0,0,30,0,30,88,26,60,0,174,34,0,34,208
03/05/2014,PVD,RI,ANE,EN,Combined TRACON& Tower with Radar,91,33,16,1,141,0,0,11,1,12,91,33,27,2,153,54,0,54,207
03/06/2014,PVD,RI,ANE,EN,Combined TRACON& Tower with Radar,85,32,20,1,138,0,0,22,1,23,85,32,42,2,161,18,0,18,179
03/07/2014,PVD,RI,ANE,EN,Combined TRACON& Tower with Radar,84,27,35,0,146,0,1,18,0,19,84,28,53,0,165,65,0,65,230
03/08/2014,PVD,RI,ANE,EN,Combined TRACON& Tower with Radar,74,17,12,0,103,0,1,33,0,34,74,18,45,0,137,92,0,92,229
03/09/2014,PVD,RI,ANE,EN,Combined TRACON& Tower with Radar,83,24,13,0,120,1,0,31,0,32,84,24,44,0,152,32,0,32,184
03/10/2014,PVD,RI,ANE,EN,Combined TRACON& Tower with Radar,92,30,23,0,145,0,0,23,0,23,92,30,46,0,168,80,0,80,248
03/11/2014,PVD,RI,ANE,EN,Combined TRACON& Tower with Radar,97,27,25,2,151,0,0,32,0,32,97,27,57,2,183,43,0,43,226
03/12/2014,PVD,RI,ANE,EN,Combined TRACON& Tower with Radar,87,20,23,0,130,0,0,10,0,10,87,20,33,0,140,36,0,36,176
03/13/2014,PVD,RI,ANE,EN,Combined TRACON& Tower with Radar,94,30,10,0,134,0,0,1,0,1,94,30,11,0,135,0,0,0,135
03/14/2014,PVD,RI,ANE,EN,Combined TRACON& Tower with Radar,94,36,21,0,151,0,2,29,0,31,94,38,50,0,182,60,0,60,242
03/15/2014,PVD,RI,ANE,EN,Combined TRACON& Tower with Radar,74,19,10,0,103,0,0,15,0,15,74,19,25,0,118,36,0,36,154
03/16/2014,PVD,RI,ANE,EN,Combined TRACON& Tower with Radar,81,24,18,1,124,0,0,19,1,20,81,24,37,2,144,34,0,34,178
03/17/2014,PVD,RI,ANE,EN,Combined TRACON& Tower with Radar,87,28,12,0,127,0,0,20,0,20,87,28,32,0,147,8,0,8,155
03/18/2014,PVD,RI,ANE,EN,Combined TRACON& Tower with Radar,93,27,21,0,141,0,1,25,0,26,93,28,46,0,167,26,0,26,193
03/19/2014,PVD,RI,ANE,EN,Combined TRACON& Tower with Radar,94,34,20,0,148,0,0,32,0,32,94,34,52,0,180,20,0,20,200
03/20/2014,PVD,RI,ANE,EN,Combined TRACON& Tower with Radar,96,32,22,6,156,0,0,18,2,20,96,32,40,8,176,0,0,0,176
03/21/2014,PVD,RI,ANE,EN,Combined TRACON& Tower with Radar,92,39,16,0,147,0,0,18,0,18,92,39,34,0,165,8,0,8,173
03/22/2014,PVD,RI,ANE,EN,Combined TRACON& Tower with Radar,78,15,10,0,103,0,0,19,0,19,78,15,29,0,122,6,0,6,128
03/23/2014,PVD,RI,ANE,EN,Combined TRACON& Tower with Radar,86,22,16,0,124,0,0,36,0,36,86,22,52,0,160,96,0,96,256
03/24/2014,PVD,RI,ANE,EN,Combined TRACON& Tower with Radar,94,33,12,0,139,0,2,26,0,28,94,35,38,0,167,62,0,62,229
03/25/2014,PVD,RI,ANE,EN,Combined TRACON& Tower with Radar,91,30,18,0,139,0,0,29,0,29,91,30,47,0,168,24,0,24,192
03/26/2014,PVD,RI,ANE,EN,Combined TRACON& Tower with Radar,94,25,18,0,137,0,0,1,0,1,94,25,19,0,138,4,0,4,142
03/27/2014,PVD,RI,ANE,EN,Combined TRACON& Tower with Radar,91,40,17,0,148,0,2,27,0,29,91,42,44,0,177,18,0,18,195
03/28/2014,PVD,RI,ANE,EN,Combined TRACON& Tower with Radar,93,27,10,2,132,0,0,7,0,7,93,27,17,2,139,32,0,32,171
03/29/2014,PVD,RI,ANE,EN,Combined TRACON& Tower with Radar,73,22,19,0,114,0,0,16,0,16,73,22,35,0,130,34,0,34,164
03/30/2014,PVD,RI,ANE,EN,Combined TRACON& Tower with Radar,81,30,21,0,132,0,0,0,0,0,81,30,21,0,132,0,0,0,132
03/31/2014,PVD,RI,ANE,EN,Combined TRACON& Tower with Radar,97,38,18,0,153,0,0,0,0,0,97,38,18,0,153,0,0,0,153
04/01/2014,PVD,RI,ANE,EN,Combined TRACON& Tower with Radar,97,26,34,2,159,1,0,33,0,34,98,26,67,2,193,34,0,34,227
04/02/2014,PVD,RI,ANE,EN,Combined TRACON& Tower with Radar,103,23,29,0,155,0,3,39,0,42,103,26,68,0,197,62,0,62,259
04/03/2014,PVD,RI,ANE,EN,Combined TRACON& Tower with Radar,94,20,28,2,144,0,2,23,0,25,94,22,51,2,169,98,2,100,269
04/04/2014,PVD,RI,ANE,EN,Combined TRACON& Tower with Radar,101,30,20,0,151,0,0,20,0,20,101,30,40,0,171,30,1,31,202
04/05/2014,PVD,RI,ANE,EN,Combined TRACON& Tower with Radar,89,11,14,0,114,0,0,11,0,11,89,11,25,0,125,6,0,6,131
04/06/2014,PVD,RI,ANE,EN,Combined TRACON& Tower with Radar,88,21,10,0,119,0,0,31,0,31,88,21,41,0,150,58,0,58,208
04/07/2014,PVD,RI,ANE,EN,Combined TRACON& Tower with Radar,97,22,17,0,136,1,0,28,0,29,98,22,45,0,165,42,0,42,207
04/08/2014,PVD,RI,ANE,EN,Combined TRACON& Tower with Radar,100,29,23,0,152,0,0,9,0,9,100,29,32,0,161,26,0,26,187
04/09/2014,PVD,RI,ANE,EN,Combined TRACON& Tower with Radar,96,33,22,0,151,0,1,28,0,29,96,34,50,0,180,22,4,26,206
04/10/2014,PVD,RI,ANE,EN,Combined TRACON& Tower with Radar,96,28,34,2,160,0,0,40,0,40,96,28,74,2,200,26,0,26,226
04/11/2014,PVD,RI,ANE,EN,Combined TRACON& Tower with Radar,94,26,23,0,143,0,0,20,0,20,94,26,43,0,163,38,0,38,201
04/12/2014,PVD,RI,ANE,EN,Combined TRACON& Tower with Radar,82,10,14,0,106,0,2,46,0,48,82,12,60,0,154,12,0,12,166
04/13/2014,PVD,RI,ANE,EN,Combined TRACON& Tower with Radar,85,20,9,2,116,0,0,23,0,23,85,20,32,2,139,18,0,18,157
04/14/2014,PVD,RI,ANE,EN,Combined TRACON& Tower with Radar,91,30,11,0,132,0,2,8,0,10,91,32,19,0,142,2,2,4,146
04/15/2014,PVD,RI,ANE,EN,Combined TRACON& Tower with Radar,94,19,11,0,124,0,0,0,0,0,94,19,11,0,124,0,0,0,124
04/16/2014,PVD,RI,ANE,EN,Combined TRACON& Tower with Radar,96,27,20,0,143,0,1,17,0,18,96,28,37,0,161,16,0,16,177
04/17/2014,PVD,RI,ANE,EN,Combined TRACON& Tower with Radar,99,27,29,0,155,0,2,38,0,40,99,29,67,0,195,46,0,46,241
04/18/2014,PVD,RI,ANE,EN,Combined TRACON& Tower with Radar,99,21,22,0,142,0,0,30,0,30,99,21,52,0,172,52,4,56,228
04/19/2014,PVD,RI,ANE,EN,Combined TRACON& Tower with Radar,86,13,12,0,111,0,2,24,0,26,86,15,36,0,137,52,0,52,189
04/20/2014,PVD,RI,ANE,EN,Combined TRACON& Tower with Radar,91,12,10,0,113,0,0,35,0,35,91,12,45,0,148,24,0,24,172
04/21/2014,PVD,RI,ANE,EN,Combined TRACON& Tower with Radar,97,19,20,0,136,0,2,46,0,48,97,21,66,0,184,52,0,52,236
04/22/2014,PVD,RI,ANE,EN,Combined TRACON& Tower with Radar,99,23,23,0,145,0,2,33,0,35,99,25,56,0,180,60,0,60,240
04/23/2014,PVD,RI,ANE,EN,Combined TRACON& Tower with Radar,96,25,39,0,160,0,0,2,0,2,96,25,41,0,162,42,0,42,204
04/24/2014,PVD,RI,ANE,EN,Combined TRACON& Tower with Radar,99,20,18,4,141,0,0,8,2,10,99,20,26,6,151,8,4,12,163
04/25/2014,PVD,RI,ANE,EN,Combined TRACON& Tower with Radar,99,27,29,0,155,0,0,43,0,43,99,27,72,0,198,108,0,108,306
04/26/2014,PVD,RI,ANE,EN,Combined TRACON& Tower with Radar,93,11,24,4,132,0,0,2,0,2,93,11,26,4,134,8,4,12,146
04/27/2014,PVD,RI,ANE,EN,Combined TRACON& Tower with Radar,91,22,13,0,126,0,1,12,0,13,91,23,25,0,139,104,0,104,243
04/28/2014,PVD,RI,ANE,EN,Combined TRACON& Tower with Radar,97,28,35,0,160,0,2,40,0,42,97,30,75,0,202,56,0,56,258
04/29/2014,PVD,RI,ANE,EN,Combined TRACON& Tower with Radar,90,26,20,0,136,0,0,3,0,3,90,26,23,0,139,120,0,120,259
04/30/2014,PVD,RI,ANE,EN,Combined TRACON& Tower with Radar,89,22,24,0,135,0,0,1,0,1,89,22,25,0,136,45,0,45,181
05/01/2014,PVD,RI,ANE,EN,Combined TRACON& Tower with Radar,104,21,35,3,163,0,0,0,0,0,104,21,35,3,163,14,0,14,177
05/02/2014,PVD,RI,ANE,EN,Combined TRACON& Tower with Radar,96,28,39,1,164,0,0,41,0,41,96,28,80,1,205,68,0,68,273
05/03/2014,PVD,RI,ANE,EN,Combined TRACON& Tower with Radar,81,17,21,0,119,0,0,49,0,49,81,17,70,0,168,24,0,24,192
05/04/2014,PVD,RI,ANE,EN,Combined TRACON& Tower with Radar,88,17,19,0,124,0,0,7,0,7,88,17,26,0,131,6,0,6,137
05/05/2014,PVD,RI,ANE,EN,Combined TRACON& Tower with Radar,94,21,22,0,137,0,2,35,0,37,94,23,57,0,174,16,0,16,190
05/06/2014,PVD,RI,ANE,EN,Combined TRACON& Tower with Radar,94,31,18,2,145,0,0,26,2,28,94,31,44,4,173,16,6,22,195
05/07/2014,PVD,RI,ANE,EN,Combined TRACON& Tower with Radar,93,28,28,0,149,0,0,43,0,43,93,28,71,0,192,53,0,53,245
05/08/2014,PVD,RI,ANE,EN,Combined TRACON& Tower with Radar,93,32,58,0,183,0,0,17,0,17,93,32,75,0,200,56,0,56,256
05/09/2014,PVD,RI,ANE,EN,Combined TRACON& Tower with Radar,91,32,60,1,184,0,0,3,0,3,91,32,63,1,187,10,0,10,197
05/10/2014,PVD,RI,ANE,EN,Combined TRACON& Tower with Radar,87,19,19,0,125,0,0,13,0,13,87,19,32,0,138,72,0,72,210
05/11/2014,PVD,RI,ANE,EN,Combined TRACON& Tower with Radar,82,20,12,0,114,0,4,23,0,27,82,24,35,0,141,6,0,6,147
05/12/2014,PVD,RI,ANE,EN,Combined TRACON& Tower with Radar,88,27,38,0,153,0,0,38,0,38,88,27,76,0,191,128,0,128,319
05/13/2014,PVD,RI,ANE,EN,Combined TRACON& Tower with Radar,91,21,33,2,147,0,0,29,0,29,91,21,62,2,176,84,0,84,260
05/14/2014,PVD,RI,ANE,EN,Combined TRACON& Tower with Radar,96,31,31,11,169,0,0,20,4,24,96,31,51,15,193,58,8,66,259
05/15/2014,PVD,RI,ANE,EN,Combined TRACON& Tower with Radar,82,27,43,2,154,0,1,6,4,11,82,28,49,6,165,64,12,76,241
05/16/2014,PVD,RI,ANE,EN,Combined TRACON& Tower with Radar,95,42,24,2,163,0,1,3,0,4,95,43,27,2,167,16,0,16,183
05/17/2014,PVD,RI,ANE,EN,Combined TRACON& Tower with Radar,80,21,20,0,121,0,0,20,0,20,80,21,40,0,141,16,0,16,157
05/18/2014,PVD,RI,ANE,EN,Combined TRACON& Tower with Radar,86,28,25,0,139,0,0,44,0,44,86,28,69,0,183,56,0,56,239
05/19/2014,PVD,RI,ANE,EN,Combined TRACON& Tower with Radar,96,31,21,0,148,0,2,40,0,42,96,33,61,0,190,56,0,56,246
05/20/2014,PVD,RI,ANE,EN,Combined TRACON& Tower with Radar,89,39,45,3,176,0,1,42,0,43,89,40,87,3,219,14,1,15,234
05/21/2014,PVD,RI,ANE,EN,Combined TRACON& Tower with Radar,96,39,41,2,178,0,4,44,0,48,96,43,85,2,226,34,0,34,260
05/22/2014,PVD,RI,ANE,EN,Combined TRACON& Tower with Radar,92,41,30,0,163,0,3,1,0,4,92,44,31,0,167,40,0,40,207
05/23/2014,PVD,RI,ANE,EN,Combined TRACON& Tower with Radar,92,55,43,1,191,0,10,8,0,18,92,65,51,1,209,34,0,34,243
05/24/2014,PVD,RI,ANE,EN,Combined TRACON& Tower with Radar,78,24,25,1,128,0,3,46,0,49,78,27,71,1,177,104,0,104,281
05/25/2014,PVD,RI,ANE,EN,Combined TRACON& Tower with Radar,58,33,28,0,119,0,3,9,0,12,58,36,37,0,131,10,0,10,141
05/26/2014,PVD,RI,ANE,EN,Combined TRACON& Tower with Radar,89,23,28,0,140,0,9,7,0,16,89,32,35,0,156,2,0,2,158
05/27/2014,PVD,RI,ANE,EN,Combined TRACON& Tower with Radar,89,32,26,0,147,0,3,36,0,39,89,35,62,0,186,40,0,40,226
05/28/2014,PVD,RI,ANE,EN,Combined TRACON& Tower with Radar,88,35,27,0,150,0,0,0,0,0,88,35,27,0,150,4,0,4,154
05/29/2014,PVD,RI,ANE,EN,Combined TRACON& Tower with Radar,101,37,44,4,186,0,4,46,4,54,101,41,90,8,240,55,12,67,307
05/30/2014,PVD,RI,ANE,EN,Combined TRACON& Tower with Radar,94,27,17,0,138,0,3,30,0,33,94,30,47,0,171,60,0,60,231
05/31/2014,PVD,RI,ANE,EN,Combined TRACON& Tower with Radar,79,20,14,0,113,0,2,17,0,19,79,22,31,0,132,142,4,146,278
06/01/2014,PVD,RI,ANE,EN,Combined TRACON& Tower with Radar,89,18,26,2,135,0,6,43,0,49,89,24,69,2,184,46,2,48,232
06/02/2014,PVD,RI,ANE,EN,Combined TRACON& Tower with Radar,90,28,22,6,146,1,4,39,0,44,91,32,61,6,190,76,0,76,266
06/03/2014,PVD,RI,ANE,EN,Combined TRACON& Tower with Radar,97,32,30,3,162,0,5,42,1,48,97,37,72,4,210,60,2,62,272
06/04/2014,PVD,RI,ANE,EN,Combined TRACON& Tower with Radar,93,33,53,3,182,0,0,3,0,3,93,33,56,3,185,32,0,32,217
06/05/2014,PVD,RI,ANE,EN,Combined TRACON& Tower with Radar,100,46,32,0,178,0,0,0,0,0,100,46,32,0,178,8,0,8,186
06/06/2014,PVD,RI,ANE,EN,Combined TRACON& Tower with Radar,102,35,17,4,158,0,8,33,5,46,102,43,50,9,204,82,8,90,294
06/07/2014,PVD,RI,ANE,EN,Combined TRACON& Tower with Radar,90,19,13,0,122,0,4,50,0,54,90,23,63,0,176,70,0,70,246
06/08/2014,PVD,RI,ANE,EN,Combined TRACON& Tower with Radar,86,25,17,0,128,0,8,38,0,46,86,33,55,0,174,54,0,54,228
06/09/2014,PVD,RI,ANE,EN,Combined TRACON& Tower with Radar,98,37,22,0,157,0,2,24,0,26,98,39,46,0,183,84,0,84,267
06/10/2014,PVD,RI,ANE,EN,Combined TRACON& Tower with Radar,93,28,37,1,159,0,0,2,0,2,93,28,39,1,161,2,0,2,163
06/11/2014,PVD,RI,ANE,EN,Combined TRACON& Tower with Radar,92,37,30,5,164,0,5,23,0,28,92,42,53,5,192,48,4,52,244
06/12/2014,PVD,RI,ANE,EN,Combined TRACON& Tower with Radar,88,39,38,2,167,0,4,3,0,7,88,43,41,2,174,48,0,48,222
06/13/2014,PVD,RI,ANE,EN,Combined TRACON& Tower with Radar,91,58,34,11,194,0,0,0,0,0,91,58,34,11,194,0,0,0,194
06/14/2014,PVD,RI,ANE,EN,Combined TRACON& Tower with Radar,81,37,33,3,154,0,7,24,0,31,81,44,57,3,185,62,0,62,247
06/15/2014,PVD,RI,ANE,EN,Combined TRACON& Tower with Radar,85,25,19,0,129,0,11,39,0,50,85,36,58,0,179,14,0,14,193
06/16/2014,PVD,RI,ANE,EN,Combined TRACON& Tower with Radar,99,33,32,2,166,0,8,39,0,47,99,41,71,2,213,62,0,62,275
06/17/2014,PVD,RI,ANE,EN,Combined TRACON& Tower with Radar,95,36,44,11,186,0,2,17,1,20,95,38,61,12,206,114,4,118,324
06/18/2014,PVD,RI,ANE,EN,Combined TRACON& Tower with Radar,96,32,42,3,173,0,5,17,2,24,96,37,59,5,197,14,0,14,211
06/19/2014,PVD,RI,ANE,EN,Combined TRACON& Tower with Radar,95,44,34,2,175,0,8,22,1,31,95,52,56,3,206,8,4,12,218
06/20/2014,PVD,RI,ANE,EN,Combined TRACON& Tower with Radar,99,35,44,1,179,0,22,35,0,57,99,57,79,1,236,68,0,68,304
06/21/2014,PVD,RI,ANE,EN,Combined TRACON& Tower with Radar,86,23,22,2,133,0,16,43,0,59,86,39,65,2,192,74,0,74,266
06/22/2014,PVD,RI,ANE,EN,Combined TRACON& Tower with Radar,90,29,24,0,143,0,16,52,0,68,90,45,76,0,211,44,0,44,255
06/23/2014,PVD,RI,ANE,EN,Combined TRACON& Tower with Radar,94,31,25,0,150,0,19,39,0,58,94,50,64,0,208,28,0,28,236
06/24/2014,PVD,RI,ANE,EN,Combined TRACON& Tower with Radar,100,44,31,2,177,0,12,27,0,39,100,56,58,2,216,110,0,110,326
06/25/2014,PVD,RI,ANE,EN,Combined TRACON& Tower with Radar,90,50,38,6,184,0,4,17,0,21,90,54,55,6,205,26,2,28,233
06/26/2014,PVD,RI,ANE,EN,Combined TRACON& Tower with Radar,96,57,34,3,190,0,2,4,0,6,96,59,38,3,196,46,0,46,242
06/27/2014,PVD,RI,ANE,EN,Combined TRACON& Tower with Radar,96,49,30,0,175,0,26,33,0,59,96,75,63,0,234,30,0,30,264
06/28/2014,PVD,RI,ANE,EN,Combined TRACON& Tower with Radar,88,23,15,0,126,0,18,48,0,66,88,41,63,0,192,12,0,12,204
06/29/2014,PVD,RI,ANE,EN,Combined TRACON& Tower with Radar,86,26,14,0,126,0,21,39,0,60,86,47,53,0,186,66,0,66,252
06/30/2014,PVD,RI,ANE,EN,Combined TRACON& Tower with Radar,89,34,22,0,145,0,20,26,0,46,89,54,48,0,191,76,0,76,267
07/01/2014,PVD,RI,ANE,EN,Combined TRACON& Tower with Radar,93,47,31,4,175,0,9,36,1,46,93,56,67,5,221,106,0,106,327
07/02/2014,PVD,RI,ANE,EN,Combined TRACON& Tower with Radar,95,37,20,2,154,0,8,39,2,49,95,45,59,4,203,16,0,16,219
07/03/2014,PVD,RI,ANE,EN,Combined TRACON& Tower with Radar,83,44,23,0,150,0,15,18,0,33,83,59,41,0,183,76,0,76,259
07/04/2014,PVD,RI,ANE,EN,Combined TRACON& Tower with Radar,70,33,7,0,110,0,0,0,0,0,70,33,7,0,110,0,0,0,110
07/05/2014,PVD,RI,ANE,EN,Combined TRACON& Tower with Radar,87,24,16,0,127,0,24,13,0,37,87,48,29,0,164,40,0,40,204
07/06/2014,PVD,RI,ANE,EN,Combined TRACON& Tower with Radar,90,35,26,0,151,0,24,37,0,61,90,59,63,0,212,60,0,60,272
07/07/2014,PVD,RI,ANE,EN,Combined TRACON& Tower with Radar,93,30,21,0,144,0,18,42,0,60,93,48,63,0,204,84,0,84,288
07/08/2014,PVD,RI,ANE,EN,Combined TRACON& Tower with Radar,88,29,22,2,141,0,8,36,0,44,88,37,58,2,185,48,0,48,233
07/09/2014,PVD,RI,ANE,EN,Combined TRACON& Tower with Radar,98,32,16,0,146,0,15,31,0,46,98,47,47,0,192,30,0,30,222
07/10/2014,PVD,RI,ANE,EN,Combined TRACON& Tower with Radar,94,31,29,6,160,0,21,21,6,48,94,52,50,12,208,35,5,40,248
07/11/2014,PVD,RI,ANE,EN,Combined TRACON& Tower with Radar,96,43,49,0,188,0,25,50,0,75,96,68,99,0,263,130,0,130,393
07/12/2014,PVD,RI,ANE,EN,Combined TRACON& Tower with Radar,83,25,22,0,130,1,21,45,0,67,84,46,67,0,197,40,0,40,237
07/13/2014,PVD,RI,ANE,EN,Combined TRACON& Tower with Radar,90,38,22,2,152,0,20,13,0,33,90,58,35,2,185,54,0,54,239
07/14/2014,PVD,RI,ANE,EN,Combined TRACON& Tower with Radar,89,39,28,1,157,0,4,11,0,15,89,43,39,1,172,38,0,38,210
07/15/2014,PVD,RI,ANE,EN,Combined TRACON& Tower with Radar,93,40,27,4,164,0,0,0,0,0,93,40,27,4,164,0,0,0,164
07/16/2014,PVD,RI,ANE,EN,Combined TRACON& Tower with Radar,91,67,32,4,194,0,0,0,0,0,91,67,32,4,194,0,0,0,194
07/17/2014,PVD,RI,ANE,EN,Combined TRACON& Tower with Radar,97,46,30,4,177,0,22,30,0,52,97,68,60,4,229,36,4,40,269
07/18/2014,PVD,RI,ANE,EN,Combined TRACON& Tower with Radar,93,46,34,2,175,0,26,44,2,72,93,72,78,4,247,56,8,64,311
07/19/2014,PVD,RI,ANE,EN,Combined TRACON& Tower with Radar,85,26,12,1,124,0,19,38,0,57,85,45,50,1,181,16,0,16,197
07/20/2014,PVD,RI,ANE,EN,Combined TRACON& Tower with Radar,89,34,31,4,158,0,23,37,0,60,89,57,68,4,218,66,0,66,284
07/21/2014,PVD,RI,ANE,EN,Combined TRACON& Tower with Radar,92,37,37,0,166,0,17,38,0,55,92,54,75,0,221,48,0,48,269
07/22/2014,PVD,RI,ANE,EN,Combined TRACON& Tower with Radar,96,30,41,3,170,0,16,47,1,64,96,46,88,4,234,36,0,36,270
07/23/2014,PVD,RI,ANE,EN,Combined TRACON& Tower with Radar,88,29,29,0,146,0,15,32,0,47,88,44,61,0,193,22,0,22,215
07/24/2014,PVD,RI,ANE,EN,Combined TRACON& Tower with Radar,95,43,39,13,190,0,15,11,8,34,95,58,50,21,224,44,26,70,294
07/25/2014,PVD,RI,ANE,EN,Combined TRACON& Tower with Radar,98,35,22,0,155,0,24,37,0,61,98,59,59,0,216,60,6,66,282
07/26/2014,PVD,RI,ANE,EN,Combined TRACON& Tower with Radar,86,25,12,1,124,0,20,36,0,56,86,45,48,1,180,34,0,34,214
07/27/2014,PVD,RI,ANE,EN,Combined TRACON& Tower with Radar,88,40,21,0,149,0,6,3,0,9,88,46,24,0,158,4,0,4,162
07/28/2014,PVD,RI,ANE,EN,Combined TRACON& Tower with Radar,97,43,36,2,178,0,10,10,0,20,97,53,46,2,198,98,0,98,296
07/29/2014,PVD,RI,ANE,EN,Combined TRACON& Tower with Radar,96,24,27,1,148,0,12,53,2,67,96,36,80,3,215,64,0,64,279
07/30/2014,PVD,RI,ANE,EN,Combined TRACON& Tower with Radar,97,37,25,0,159,0,15,37,2,54,97,52,62,2,213,36,0,36,249
07/31/2014,PVD,RI,ANE,EN,Combined TRACON& Tower with Radar,96,34,39,2,171,0,20,27,2,49,96,54,66,4,220,34,6,40,260
08/01/2014,PVD,RI,ANE,EN,Combined TRACON& Tower with Radar,94,39,25,1,159,0,21,21,0,42,94,60,46,1,201,36,0,36,237
08/02/2014,PVD,RI,ANE,EN,Combined TRACON& Tower with Radar,86,39,31,1,157,0,4,2,0,6,86,43,33,1,163,8,0,8,171
08/03/2014,PVD,RI,ANE,EN,Combined TRACON& Tower with Radar,80,33,21,0,134,0,5,1,0,6,80,38,22,0,140,0,0,0,140
08/04/2014,PVD,RI,ANE,EN,Combined TRACON& Tower with Radar,97,33,47,4,181,0,13,14,4,31,97,46,61,8,212,42,8,50,262
08/05/2014,PVD,RI,ANE,EN,Combined TRACON& Tower with Radar,94,37,25,0,156,0,6,33,0,39,94,43,58,0,195,64,0,64,259
08/06/2014,PVD,RI,ANE,EN,Combined TRACON& Tower with Radar,97,39,31,2,169,0,16,30,2,48,97,55,61,4,217,54,0,54,271
08/07/2014,PVD,RI,ANE,EN,Combined TRACON& Tower with Radar,98,37,14,6,155,0,21,26,2,49,98,58,40,8,204,60,14,74,278
08/08/2014,PVD,RI,ANE,EN,Combined TRACON& Tower with Radar,101,46,31,0,178,0,26,53,0,79,101,72,84,0,257,39,0,39,296
08/09/2014,PVD,RI,ANE,EN,Combined TRACON& Tower with Radar,85,34,34,2,155,0,18,61,0,79,85,52,95,2,234,39,2,41,275
08/10/2014,PVD,RI,ANE,EN,Combined TRACON& Tower with Radar,83,40,38,2,163,0,22,56,0,78,83,62,94,2,241,68,0,68,309
08/11/2014,PVD,RI,ANE,EN,Combined TRACON& Tower with Radar,96,53,40,0,189,0,22,54,2,78,96,75,94,2,267,36,0,36,303
08/12/2014,PVD,RI,ANE,EN,Combined TRACON& Tower with Radar,91,41,33,0,165,0,13,46,0,59,91,54,79,0,224,38,0,38,262
08/13/2014,PVD,RI,ANE,EN,Combined TRACON& Tower with Radar,94,59,30,0,183,0,0,0,0,0,94,59,30,0,183,0,0,0,183
08/14/2014,PVD,RI,ANE,EN,Combined TRACON& Tower with Radar,96,53,51,6,206,0,18,53,8,79,96,71,104,14,285,20,0,20,305
08/15/2014,PVD,RI,ANE,EN,Combined TRACON& Tower with Radar,92,56,41,0,189,0,20,60,0,80,92,76,101,0,269,44,0,44,313
08/16/2014,PVD,RI,ANE,EN,Combined TRACON& Tower with Radar,80,36,30,0,146,0,21,43,0,64,80,57,73,0,210,68,2,70,280
08/17/2014,PVD,RI,ANE,EN,Combined TRACON& Tower with Radar,85,46,61,1,193,0,24,31,0,55,85,70,92,1,248,88,0,88,336
08/18/2014,PVD,RI,ANE,EN,Combined TRACON& Tower with Radar,93,36,34,3,166,0,23,37,1,61,93,59,71,4,227,22,0,22,249
08/19/2014,PVD,RI,ANE,EN,Combined TRACON& Tower with Radar,96,49,32,1,178,0,17,37,2,56,96,66,69,3,234,48,0,48,282
08/20/2014,PVD,RI,ANE,EN,Combined TRACON& Tower with Radar,97,37,33,0,167,0,17,35,0,52,97,54,68,0,219,20,4,24,243
08/21/2014,PVD,RI,ANE,EN,Combined TRACON& Tower with Radar,104,42,52,0,198,0,11,27,1,39,104,53,79,1,237,26,0,26,263
08/22/2014,PVD,RI,ANE,EN,Combined TRACON& Tower with Radar,99,67,46,1,213,0,14,21,0,35,99,81,67,1,248,46,0,46,294
08/23/2014,PVD,RI,ANE,EN,Combined TRACON& Tower with Radar,83,33,36,0,152,0,12,37,0,49,83,45,73,0,201,44,0,44,245
08/24/2014,PVD,RI,ANE,EN,Combined TRACON& Tower with Radar,89,35,21,0,145,0,21,38,0,59,89,56,59,0,204,84,0,84,288
08/25/2014,PVD,RI,ANE,EN,Combined TRACON& Tower with Radar,96,40,27,0,163,0,17,45,0,62,96,57,72,0,225,20,0,20,245
08/26/2014,PVD,RI,ANE,EN,Combined TRACON& Tower with Radar,94,35,28,1,158,0,16,37,4,57,94,51,65,5,215,28,0,28,243
08/27/2014,PVD,RI,ANE,EN,Combined TRACON& Tower with Radar,102,37,27,3,169,0,17,31,9,57,102,54,58,12,226,64,8,72,298
08/28/2014,PVD,RI,ANE,EN,Combined TRACON& Tower with Radar,99,35,26,1,161,0,20,19,0,39,99,55,45,1,200,30,0,30,230
08/29/2014,PVD,RI,ANE,EN,Combined TRACON& Tower with Radar,99,46,17,1,163,1,15,30,4,50,100,61,47,5,213,34,0,34,247
08/30/2014,PVD,RI,ANE,EN,Combined TRACON& Tower with Radar,78,28,17,0,123,0,28,27,0,55,78,56,44,0,178,52,0,52,230
08/31/2014,PVD,RI,ANE,EN,Combined TRACON& Tower with Radar,69,37,12,0,118,0,10,12,0,22,69,47,24,0,140,82,0,82,222
09/01/2014,PVD,RI,ANE,EN,Combined TRACON& Tower with Radar,91,42,21,0,154,0,8,11,0,19,91,50,32,0,173,0,0,0,173
09/02/2014,PVD,RI,ANE,EN,Combined TRACON& Tower with Radar,96,39,41,7,183,0,9,11,7,27,96,48,52,14,210,24,38,62,272
09/03/2014,PVD,RI,ANE,EN,Combined TRACON& Tower with Radar,93,25,23,2,143,0,16,27,0,43,93,41,50,2,186,34,0,34,220
09/04/2014,PVD,RI,ANE,EN,Combined TRACON& Tower with Radar,97,29,15,3,144,1,23,19,1,44,98,52,34,4,188,20,0,20,208
09/05/2014,PVD,RI,ANE,EN,Combined TRACON& Tower with Radar,95,34,33,0,162,0,13,26,0,39,95,47,59,0,201,22,0,22,223
09/06/2014,PVD,RI,ANE,EN,Combined TRACON& Tower with Radar,86,36,20,0,142,0,4,3,0,7,86,40,23,0,149,14,0,14,163
09/07/2014,PVD,RI,ANE,EN,Combined TRACON& Tower with Radar,95,23,24,0,142,0,27,38,0,65,95,50,62,0,207,83,0,83,290
09/08/2014,PVD,RI,ANE,EN,Combined TRACON& Tower with Radar,97,23,52,2,174,0,18,36,1,55,97,41,88,3,229,30,0,30,259
09/09/2014,PVD,RI,ANE,EN,Combined TRACON& Tower with Radar,96,28,28,4,156,0,13,28,4,45,96,41,56,8,201,22,4,26,227
09/10/2014,PVD,RI,ANE,EN,Combined TRACON& Tower with Radar,81,34,27,0,142,0,4,10,0,14,81,38,37,0,156,50,0,50,206
09/11/2014,PVD,RI,ANE,EN,Combined TRACON& Tower with Radar,101,35,26,0,162,0,6,10,0,16,101,41,36,0,178,30,0,30,208
09/12/2014,PVD,RI,ANE,EN,Combined TRACON& Tower with Radar,96,34,28,2,160,0,24,30,0,54,96,58,58,2,214,46,0,46,260
09/13/2014,PVD,RI,ANE,EN,Combined TRACON& Tower with Radar,78,21,14,0,113,0,15,13,0,28,78,36,27,0,141,46,0,46,187
09/14/2014,PVD,RI,ANE,EN,Combined TRACON& Tower with Radar,96,18,17,0,131,0,18,35,0,53,96,36,52,0,184,34,0,34,218
09/15/2014,PVD,RI,ANE,EN,Combined TRACON& Tower with Radar,98,25,18,1,142,0,17,25,0,42,98,42,43,1,184,40,0,40,224
09/16/2014,PVD,RI,ANE,EN,Combined TRACON& Tower with Radar,95,22,29,13,159,0,12,29,6,47,95,34,58,19,206,30,8,38,244
09/17/2014,PVD,RI,ANE,EN,Combined TRACON& Tower with Radar,100,35,23,1,159,1,16,40,0,57,101,51,63,1,216,24,0,24,240
09/18/2014,PVD,RI,ANE,EN,Combined TRACON& Tower with Radar,98,28,23,3,152,0,16,35,0,51,98,44,58,3,203,20,0,20,223
09/19/2014,PVD,RI,ANE,EN,Combined TRACON& Tower with Radar,100,32,28,6,166,1,28,17,0,46,101,60,45,6,212,30,0,30,242
09/20/2014,PVD,RI,ANE,EN,Combined TRACON& Tower with Radar,75,17,12,1,105,0,14,29,0,43,75,31,41,1,148,24,0,24,172
09/21/2014,PVD,RI,ANE,EN,Combined TRACON& Tower with Radar,92,26,20,0,138,0,6,2,0,8,92,32,22,0,146,22,2,24,170
09/22/2014,PVD,RI,ANE,EN,Combined TRACON& Tower with Radar,93,29,23,3,148,0,13,18,3,34,93,42,41,6,182,14,4,18,200
09/23/2014,PVD,RI,ANE,EN,Combined TRACON& Tower with Radar,94,27,31,0,152,0,11,34,0,45,94,38,65,0,197,56,0,56,253
09/24/2014,PVD,RI,ANE,EN,Combined TRACON& Tower with Radar,92,24,32,3,151,0,8,20,2,30,92,32,52,5,181,72,0,72,253
09/25/2014,PVD,RI,ANE,EN,Combined TRACON& Tower with Radar,94,37,26,7,164,0,0,5,0,5,94,37,31,7,169,22,6,28,197
09/26/2014,PVD,RI,ANE,EN,Combined TRACON& Tower with Radar,87,33,19,0,139,0,11,19,0,30,87,44,38,0,169,34,0,34,203
09/27/2014,PVD,RI,ANE,EN,Combined TRACON& Tower with Radar,74,15,19,0,108,0,6,59,0,65,74,21,78,0,173,70,2,72,245
09/28/2014,PVD,RI,ANE,EN,Combined TRACON& Tower with Radar,89,18,22,0,129,0,11,26,0,37,89,29,48,0,166,62,0,62,228
09/29/2014,PVD,RI,ANE,EN,Combined TRACON& Tower with Radar,93,28,25,0,146,0,5,19,0,24,93,33,44,0,170,18,0,18,188
09/30/2014,PVD,RI,ANE,EN,Combined TRACON& Tower with Radar,92,31,29,0,152,0,0,0,0,0,92,31,29,0,152,4,0,4,156
10/01/2014,PVD,RI,ANE,EN,Combined TRACON& Tower with Radar,91,37,38,0,166,0,2,0,0,2,91,39,38,0,168,10,0,10,178
10/02/2014,PVD,RI,ANE,EN,Combined TRACON& Tower with Radar,93,33,28,6,160,0,0,1,5,6,93,33,29,11,166,6,14,20,186
10/03/2014,PVD,RI,ANE,EN,Combined TRACON& Tower with Radar,90,39,36,5,170,0,0,11,0,11,90,39,47,5,181,16,0,16,197
10/04/2014,PVD,RI,ANE,EN,Combined TRACON& Tower with Radar,74,24,18,0,116,0,0,0,0,0,74,24,18,0,116,2,0,2,118
10/05/2014,PVD,RI,ANE,EN,Combined TRACON& Tower with Radar,85,15,22,0,122,0,17,34,0,51,85,32,56,0,173,26,0,26,199
10/06/2014,PVD,RI,ANE,EN,Combined TRACON& Tower with Radar,91,22,25,1,139,0,6,29,1,36,91,28,54,2,175,36,14,50,225
10/07/2014,PVD,RI,ANE,EN,Combined TRACON& Tower with Radar,93,28,24,3,148,0,5,5,0,10,93,33,29,3,158,8,0,8,166
10/08/2014,PVD,RI,ANE,EN,Combined TRACON& Tower with Radar,92,28,23,7,150,0,8,14,0,22,92,36,37,7,172,32,10,42,214
10/09/2014,PVD,RI,ANE,EN,Combined TRACON& Tower with Radar,94,32,34,2,162,0,7,20,0,27,94,39,54,2,189,6,0,6,195
10/10/2014,PVD,RI,ANE,EN,Combined TRACON& Tower with Radar,93,32,34,1,160,0,10,38,0,48,93,42,72,1,208,12,0,12,220
10/11/2014,PVD,RI,ANE,EN,Combined TRACON& Tower with Radar,77,21,19,0,117,0,0,6,0,6,77,21,25,0,123,4,0,4,127
10/12/2014,PVD,RI,ANE,EN,Combined TRACON& Tower with Radar,90,15,10,1,116,0,7,38,4,49,90,22,48,5,165,51,4,55,220
10/13/2014,PVD,RI,ANE,EN,Combined TRACON& Tower with Radar,91,26,21,1,139,0,6,32,1,39,91,32,53,2,178,38,0,38,216
10/14/2014,PVD,RI,ANE,EN,Combined TRACON& Tower with Radar,92,27,21,4,144,0,4,10,1,15,92,31,31,5,159,56,2,58,217
10/15/2014,PVD,RI,ANE,EN,Combined TRACON& Tower with Radar,91,33,24,2,150,0,5,16,0,21,91,38,40,2,171,42,0,42,213
10/16/2014,PVD,RI,ANE,EN,Combined TRACON& Tower with Radar,94,38,17,1,150,0,0,0,0,0,94,38,17,1,150,0,0,0,150
10/17/2014,PVD,RI,ANE,EN,Combined TRACON& Tower with Radar,96,24,34,0,154,0,9,22,0,31,96,33,56,0,185,46,0,46,231
10/18/2014,PVD,RI,ANE,EN,Combined TRACON& Tower with Radar,81,26,26,0,133,0,1,13,0,14,81,27,39,0,147,58,0,58,205
10/19/2014,PVD,RI,ANE,EN,Combined TRACON& Tower with Radar,88,16,11,0,115,0,8,4,0,12,88,24,15,0,127,18,0,18,145
10/20/2014,PVD,RI,ANE,EN,Combined TRACON& Tower with Radar,92,24,39,0,155,0,3,31,0,34,92,27,70,0,189,58,0,58,247
10/21/2014,PVD,RI,ANE,EN,Combined TRACON& Tower with Radar,90,26,24,0,140,0,0,8,0,8,90,26,32,0,148,32,0,32,180
10/22/2014,PVD,RI,ANE,EN,Combined TRACON& Tower with Radar,92,24,25,2,143,0,0,0,0,0,92,24,25,2,143,8,2,10,153
10/23/2014,PVD,RI,ANE,EN,Combined TRACON& Tower with Radar,91,30,15,7,143,0,0,0,0,0,91,30,15,7,143,0,6,6,149
10/24/2014,PVD,RI,ANE,EN,Combined TRACON& Tower with Radar,94,44,27,5,170,0,1,5,0,6,94,45,32,5,176,0,2,2,178
10/25/2014,PVD,RI,ANE,EN,Combined TRACON& Tower with Radar,77,14,18,0,109,0,5,43,0,48,77,19,61,0,157,60,0,60,217
10/26/2014,PVD,RI,ANE,EN,Combined TRACON& Tower with Radar,86,32,19,0,137,0,0,16,0,16,86,32,35,0,153,32,0,32,185
10/27/2014,PVD,RI,ANE,EN,Combined TRACON& Tower with Radar,89,30,23,0,142,0,0,15,0,15,89,30,38,0,157,27,4,31,188
10/28/2014,PVD,RI,ANE,EN,Combined TRACON& Tower with Radar,92,24,25,6,147,0,0,28,2,30,92,24,53,8,177,36,6,42,219
10/29/2014,PVD,RI,ANE,EN,Combined TRACON& Tower with Radar,91,30,26,2,149,0,2,21,1,24,91,32,47,3,173,40,0,40,213
10/30/2014,PVD,RI,ANE,EN,Combined TRACON& Tower with Radar,94,31,20,4,149,0,0,15,2,17,94,31,35,6,166,6,0,6,172
10/31/2014,PVD,RI,ANE,EN,Combined TRACON& Tower with Radar,79,21,15,4,119,0,0,18,4,22,79,21,33,8,141,22,0,22,163
11/01/2014,PVD,RI,ANE,EN,Combined TRACON& Tower with Radar,73,12,0,2,87,0,0,0,0,0,73,12,0,2,87,18,0,18,105
11/02/2014,PVD,RI,ANE,EN,Combined TRACON& Tower with Radar,82,27,9,0,118,0,0,1,0,1,82,27,10,0,119,0,0,0,119
11/03/2014,PVD,RI,ANE,EN,Combined TRACON& Tower with Radar,88,29,18,0,135,0,1,7,0,8,88,30,25,0,143,7,0,7,150
11/04/2014,PVD,RI,ANE,EN,Combined TRACON& Tower with Radar,91,26,18,4,139,0,1,26,1,28,91,27,44,5,167,42,14,56,223
11/05/2014,PVD,RI,ANE,EN,Combined TRACON& Tower with Radar,91,28,28,2,149,0,3,21,2,26,91,31,49,4,175,44,0,44,219
11/06/2014,PVD,RI,ANE,EN,Combined TRACON& Tower with Radar,90,28,15,2,135,0,0,8,0,8,90,28,23,2,143,12,0,12,155
11/07/2014,PVD,RI,ANE,EN,Combined TRACON& Tower with Radar,90,24,15,0,129,0,0,6,0,6,90,24,21,0,135,2,0,2,137
11/08/2014,PVD,RI,ANE,EN,Combined TRACON& Tower with Radar,76,15,21,0,112,0,2,49,0,51,76,17,70,0,163,76,0,76,239
11/09/2014,PVD,RI,ANE,EN,Combined TRACON& Tower with Radar,83,17,14,0,114,0,0,38,0,38,83,17,52,0,152,121,0,121,273
11/10/2014,PVD,RI,ANE,EN,Combined TRACON& Tower with Radar,85,25,19,0,129,0,0,47,0,47,85,25,66,0,176,45,0,45,221
11/11/2014,PVD,RI,ANE,EN,Combined TRACON& Tower with Radar,89,25,25,0,139,0,0,7,0,7,89,25,32,0,146,26,0,26,172
11/12/2014,PVD,RI,ANE,EN,Combined TRACON& Tower with Radar,89,28,33,0,150,0,0,4,0,4,89,28,37,0,154,4,0,4,158
11/13/2014,PVD,RI,ANE,EN,Combined TRACON& Tower with Radar,89,28,25,5,147,0,0,24,5,29,89,28,49,10,176,28,16,44,220
11/14/2014,PVD,RI,ANE,EN,Combined TRACON& Tower with Radar,89,32,25,0,146,0,2,18,0,20,89,34,43,0,166,20,0,20,186
11/15/2014,PVD,RI,ANE,EN,Combined TRACON& Tower with Radar,79,13,21,0,113,0,0,23,0,23,79,13,44,0,136,34,0,34,170
11/16/2014,PVD,RI,ANE,EN,Combined TRACON& Tower with Radar,85,24,9,0,118,0,2,29,0,31,85,26,38,0,149,65,0,65,214
11/17/2014,PVD,RI,ANE,EN,Combined TRACON& Tower with Radar,82,34,15,0,131,0,0,0,0,0,82,34,15,0,131,0,0,0,131
11/18/2014,PVD,RI,ANE,EN,Combined TRACON& Tower with Radar,96,34,36,0,166,0,3,16,0,19,96,37,52,0,185,24,0,24,209
11/19/2014,PVD,RI,ANE,EN,Combined TRACON& Tower with Radar,87,27,14,0,128,0,2,11,0,13,87,29,25,0,141,32,0,32,173
11/20/2014,PVD,RI,ANE,EN,Combined TRACON& Tower with Radar,87,30,20,2,139,0,1,7,0,8,87,31,27,2,147,4,2,6,153
11/21/2014,PVD,RI,ANE,EN,Combined TRACON& Tower with Radar,89,33,22,0,144,0,0,13,0,13,89,33,35,0,157,10,0,10,167
11/22/2014,PVD,RI,ANE,EN,Combined TRACON& Tower with Radar,80,18,16,0,114,0,0,35,0,35,80,18,51,0,149,58,0,58,207
11/23/2014,PVD,RI,ANE,EN,Combined TRACON& Tower with Radar,77,30,16,0,123,0,1,37,0,38,77,31,53,0,161,32,0,32,193
11/24/2014,PVD,RI,ANE,EN,Combined TRACON& Tower with Radar,76,26,16,1,119,0,0,0,0,0,76,26,16,1,119,0,0,0,119
11/25/2014,PVD,RI,ANE,EN,Combined TRACON& Tower with Radar,94,31,32,2,159,0,0,41,1,42,94,31,73,3,201,56,0,56,257
11/26/2014,PVD,RI,ANE,EN,Combined TRACON& Tower with Radar,92,41,13,0,146,0,2,0,0,2,92,43,13,0,148,0,0,0,148
11/27/2014,PVD,RI,ANE,EN,Combined TRACON& Tower with Radar,48,20,2,0,70,0,0,3,0,3,48,20,5,0,73,0,0,0,73
11/28/2014,PVD,RI,ANE,EN,Combined TRACON& Tower with Radar,63,22,5,0,90,0,2,23,0,25,63,24,28,0,115,20,0,20,135
11/29/2014,PVD,RI,ANE,EN,Combined TRACON& Tower with Radar,87,23,11,0,121,0,0,31,0,31,87,23,42,0,152,38,0,38,190
11/30/2014,PVD,RI,ANE,EN,Combined TRACON& Tower with Radar,96,22,35,0,153,0,2,27,0,29,96,24,62,0,182,21,0,21,203
12/01/2014,PVD,RI,ANE,EN,Combined TRACON& Tower with Radar,92,35,38,0,165,0,0,36,0,36,92,35,74,0,201,36,0,36,237
12/02/2014,PVD,RI,ANE,EN,Combined TRACON& Tower with Radar,91,25,27,5,148,1,0,19,1,21,92,25,46,6,169,26,2,28,197
12/03/2014,PVD,RI,ANE,EN,Combined TRACON& Tower with Radar,91,31,24,0,146,0,1,0,0,1,91,32,24,0,147,0,0,0,147
12/04/2014,PVD,RI,ANE,EN,Combined TRACON& Tower with Radar,89,28,25,10,152,0,2,23,9,34,89,30,48,19,186,18,18,36,222
12/05/2014,PVD,RI,ANE,EN,Combined TRACON& Tower with Radar,89,33,27,0,149,0,0,15,0,15,89,33,42,0,164,78,0,78,242
12/06/2014,PVD,RI,ANE,EN,Combined TRACON& Tower with Radar,73,17,11,8,109,0,0,0,0,0,73,17,11,8,109,0,10,10,119
12/07/2014,PVD,RI,ANE,EN,Combined TRACON& Tower with Radar,75,24,6,0,105,0,2,7,0,9,75,26,13,0,114,2,0,2,116
12/08/2014,PVD,RI,ANE,EN,Combined TRACON& Tower with Radar,86,32,9,0,127,1,0,5,0,6,87,32,14,0,133,78,0,78,211
12/09/2014,PVD,RI,ANE,EN,Combined TRACON& Tower with Radar,87,29,20,2,138,0,0,0,0,0,87,29,20,2,138,6,0,6,144
12/10/2014,PVD,RI,ANE,EN,Combined TRACON& Tower with Radar,93,40,12,0,145,0,0,0,0,0,93,40,12,0,145,0,0,0,145
12/11/2014,PVD,RI,ANE,EN,Combined TRACON& Tower with Radar,91,41,14,0,146,0,0,6,0,6,91,41,20,0,152,2,0,2,154
12/12/2014,PVD,RI,ANE,EN,Combined TRACON& Tower with Radar,86,35,14,1,136,1,2,23,0,26,87,37,37,1,162,30,12,42,204
12/13/2014,PVD,RI,ANE,EN,Combined TRACON& Tower with Radar,71,21,11,2,105,0,0,21,0,21,71,21,32,2,126,18,2,20,146
12/14/2014,PVD,RI,ANE,EN,Combined TRACON& Tower with Radar,76,15,17,0,108,0,0,39,0,39,76,15,56,0,147,24,0,24,171
12/15/2014,PVD,RI,ANE,EN,Combined TRACON& Tower with Radar,85,28,15,0,128,0,2,28,0,30,85,30,43,0,158,34,0,34,192
12/16/2014,PVD,RI,ANE,EN,Combined TRACON& Tower with Radar,91,35,25,9,160,0,0,2,0,2,91,35,27,9,162,20,0,20,182
12/17/2014,PVD,RI,ANE,EN,Combined TRACON& Tower with Radar,92,44,25,0,161,0,0,7,0,7,92,44,32,0,168,22,0,22,190
12/18/2014,PVD,RI,ANE,EN,Combined TRACON& Tower with Radar,89,38,32,0,159,0,1,22,0,23,89,39,54,0,182,47,2,49,231
12/19/2014,PVD,RI,ANE,EN,Combined TRACON& Tower with Radar,88,31,34,0,153,1,4,22,0,27,89,35,56,0,180,35,0,35,215
12/20/2014,PVD,RI,ANE,EN,Combined TRACON& Tower with Radar,74,26,7,0,107,1,0,8,0,9,75,26,15,0,116,74,0,74,190
12/21/2014,PVD,RI,ANE,EN,Combined TRACON& Tower with Radar,75,20,3,0,98,0,0,0,0,0,75,20,3,0,98,0,0,0,98
12/22/2014,PVD,RI,ANE,EN,Combined TRACON& Tower with Radar,85,33,13,0,131,1,0,3,0,4,86,33,16,0,135,30,0,30,165
12/23/2014,PVD,RI,ANE,EN,Combined TRACON& Tower with Radar,85,35,7,1,128,0,0,0,0,0,85,35,7,1,128,0,0,0,128
12/24/2014,PVD,RI,ANE,EN,Combined TRACON& Tower with Radar,69,32,4,0,105,0,0,0,0,0,69,32,4,0,105,0,0,0,105
12/25/2014,PVD,RI,ANE,EN,Combined TRACON& Tower with Radar,59,17,0,0,76,0,0,0,0,0,59,17,0,0,76,47,0,47,123
12/26/2014,PVD,RI,ANE,EN,Combined TRACON& Tower with Radar,81,30,5,0,116,0,0,25,0,25,81,30,30,0,141,47,0,47,188
12/27/2014,PVD,RI,ANE,EN,Combined TRACON& Tower with Radar,78,24,12,0,114,0,0,33,0,33,78,24,45,0,147,17,0,17,164
12/28/2014,PVD,RI,ANE,EN,Combined TRACON& Tower with Radar,82,21,10,0,113,0,0,9,0,9,82,21,19,0,122,25,0,25,147
12/29/2014,PVD,RI,ANE,EN,Combined TRACON& Tower with Radar,80,27,15,0,122,0,0,21,1,22,80,27,36,1,144,18,0,18,162
12/30/2014,PVD,RI,ANE,EN,Combined TRACON& Tower with Radar,85,30,11,2,128,0,0,18,0,18,85,30,29,2,146,38,0,38,184
12/31/2014,PVD,RI,ANE,EN,Combined TRACON& Tower with Radar,77,12,7,0,96,0,0,21,0,21,77,12,28,0,117,6,0,6,123
01/01/2015,PVD,RI,ANE,EN,Combined TRACON& Tower with Radar,63,22,9,0,94,0,0,2,0,2,63,22,11,0,96,0,0,0,96
01/02/2015,PVD,RI,ANE,EN,Combined TRACON& Tower with Radar,79,24,13,0,116,0,2,13,0,15,79,26,26,0,131,20,0,20,151
01/03/2015,PVD,RI,ANE,EN,Combined TRACON& Tower with Radar,76,23,14,0,113,0,0,20,0,20,76,23,34,0,133,90,0,90,223
01/04/2015,PVD,RI,ANE,EN,Combined TRACON& Tower with Radar,69,24,14,0,107,0,0,0,0,0,69,24,14,0,107,0,0,0,107
01/05/2015,PVD,RI,ANE,EN,Combined TRACON& Tower with Radar,79,23,11,0,113,0,0,5,0,5,79,23,16,0,118,2,0,2,120
01/06/2015,PVD,RI,ANE,EN,Combined TRACON& Tower with Radar,72,27,12,0,111,0,0,3,0,3,72,27,15,0,114,10,0,10,124
01/07/2015,PVD,RI,ANE,EN,Combined TRACON& Tower with Radar,76,29,16,7,128,0,4,8,2,14,76,33,24,9,142,0,0,0,142
01/08/2015,PVD,RI,ANE,EN,Combined TRACON& Tower with Radar,69,28,15,0,112,0,0,12,0,12,69,28,27,0,124,1,0,1,125
01/09/2015,PVD,RI,ANE,EN,Combined TRACON& Tower with Radar,79,26,14,0,119,0,1,1,0,2,79,27,15,0,121,0,0,0,121
01/10/2015,PVD,RI,ANE,EN,Combined TRACON& Tower with Radar,69,33,18,0,120,0,0,25,0,25,69,33,43,0,145,52,0,52,197
01/11/2015,PVD,RI,ANE,EN,Combined TRACON& Tower with Radar,67,24,12,3,106,0,0,19,0,19,67,24,31,3,125,36,2,38,163
01/12/2015,PVD,RI,ANE,EN,Combined TRACON& Tower with Radar,71,21,11,0,103,0,0,2,0,2,71,21,13,0,105,0,0,0,105
01/13/2015,PVD,RI,ANE,EN,Combined TRACON& Tower with Radar,78,30,17,1,126,0,0,14,3,17,78,30,31,4,143,44,2,46,189
01/14/2015,PVD,RI,ANE,EN,Combined TRACON& Tower with Radar,81,28,17,6,132,0,0,4,0,4,81,28,21,6,136,10,0,10,146
01/15/2015,PVD,RI,ANE,EN,Combined TRACON& Tower with Radar,80,29,16,16,141,0,0,1,0,1,80,29,17,16,142,2,0,2,144
01/16/2015,PVD,RI,ANE,EN,Combined TRACON& Tower with Radar,79,33,16,1,129,0,1,13,3,17,79,34,29,4,146,22,2,24,170
01/17/2015,PVD,RI,ANE,EN,Combined TRACON& Tower with Radar,70,17,13,0,100,0,0,25,0,25,70,17,38,0,125,44,0,44,169
01/18/2015,PVD,RI,ANE,EN,Combined TRACON& Tower with Radar,66,28,27,0,121,0,0,0,0,0,66,28,27,0,121,2,0,2,123
01/19/2015,PVD,RI,ANE,EN,Combined TRACON& Tower with Radar,74,33,24,0,131,0,3,23,0,26,74,36,47,0,157,54,0,54,211
01/20/2015,PVD,RI,ANE,EN,Combined TRACON& Tower with Radar,80,32,35,0,147,0,1,30,0,31,80,33,65,0,178,26,0,26,204
01/21/2015,PVD,RI,ANE,EN,Combined TRACON& Tower with Radar,81,32,15,1,129,0,0,24,3,27,81,32,39,4,156,0,2,2,158
01/22/2015,PVD,RI,ANE,EN,Combined TRACON& Tower with Radar,81,31,22,0,134,0,0,16,2,18,81,31,38,2,152,18,0,18,170
01/23/2015,PVD,RI,ANE,EN,Combined TRACON& Tower with Radar,77,31,22,0,130,0,2,33,0,35,77,33,55,0,165,56,0,56,221
01/24/2015,PVD,RI,ANE,EN,Combined TRACON& Tower with Radar,61,18,2,0,81,0,0,0,0,0,61,18,2,0,81,0,0,0,81
01/25/2015,PVD,RI,ANE,EN,Combined TRACON& Tower with Radar,66,27,11,0,104,0,0,20,0,20,66,27,31,0,124,26,0,26,150
01/26/2015,PVD,RI,ANE,EN,Combined TRACON& Tower with Radar,46,16,13,1,76,0,0,3,0,3,46,16,16,1,79,6,0,6,85
01/27/2015,PVD,RI,ANE,EN,Combined TRACON& Tower with Radar,2,0,0,0,2,0,0,0,0,0,2,0,0,0,2,0,0,0,2
01/28/2015,PVD,RI,ANE,EN,Combined TRACON& Tower with Radar,68,26,8,0,102,0,0,4,1,5,68,26,12,1,107,0,0,0,107
01/29/2015,PVD,RI,ANE,EN,Combined TRACON& Tower with Radar,81,38,20,2,141,0,0,24,0,24,81,38,44,2,165,26,6,32,197
01/30/2015,PVD,RI,ANE,EN,Combined TRACON& Tower with Radar,82,35,10,0,127,0,0,3,0,3,82,35,13,0,130,0,0,0,130
01/31/2015,PVD,RI,ANE,EN,Combined TRACON& Tower with Radar,72,17,1,0,90,0,2,2,0,4,72,19,3,0,94,0,0,0,94
02/01/2015,PVD,RI,ANE,EN,Combined TRACON& Tower with Radar,47,12,9,0,68,0,0,27,0,27,47,12,36,0,95,28,0,28,123
02/02/2015,PVD,RI,ANE,EN,Combined TRACON& Tower with Radar,20,9,3,0,32,0,0,0,0,0,20,9,3,0,32,0,0,0,32
02/03/2015,PVD,RI,ANE,EN,Combined TRACON& Tower with Radar,76,31,11,0,118,0,0,11,0,11,76,31,22,0,129,36,0,36,165
02/04/2015,PVD,RI,ANE,EN,Combined TRACON& Tower with Radar,80,29,22,0,131,0,0,28,0,28,80,29,50,0,159,34,0,34,193
02/05/2015,PVD,RI,ANE,EN,Combined TRACON& Tower with Radar,80,30,12,0,122,0,0,4,0,4,80,30,16,0,126,14,0,14,140
02/06/2015,PVD,RI,ANE,EN,Combined TRACON& Tower with Radar,83,28,14,2,127,0,0,20,0,20,83,28,34,2,147,30,0,30,177
02/07/2015,PVD,RI,ANE,EN,Combined TRACON& Tower with Radar,71,22,8,0,101,0,1,8,0,9,71,23,16,0,110,24,0,24,134
02/08/2015,PVD,RI,ANE,EN,Combined TRACON& Tower with Radar,65,27,9,0,101,0,0,0,0,0,65,27,9,0,101,0,0,0,101
02/09/2015,PVD,RI,ANE,EN,Combined TRACON& Tower with Radar,39,4,2,0,45,0,0,0,0,0,39,4,2,0,45,0,0,0,45
02/10/2015,PVD,RI,ANE,EN,Combined TRACON& Tower with Radar,77,25,12,0,114,0,0,6,0,6,77,25,18,0,120,36,0,36,156
02/11/2015,PVD,RI,ANE,EN,Combined TRACON& Tower with Radar,85,33,7,9,134,0,0,1,0,1,85,33,8,9,135,0,0,0,135
02/12/2015,PVD,RI,ANE,EN,Combined TRACON& Tower with Radar,88,32,14,1,135,0,0,3,1,4,88,32,17,2,139,0,0,0,139
02/13/2015,PVD,RI,ANE,EN,Combined TRACON& Tower with Radar,85,35,14,6,140,0,0,10,0,10,85,35,24,6,150,2,0,2,152
02/14/2015,PVD,RI,ANE,EN,Combined TRACON& Tower with Radar,59,25,17,0,101,0,0,4,0,4,59,25,21,0,105,47,0,47,152
02/15/2015,PVD,RI,ANE,EN,Combined TRACON& Tower with Radar,7,0,1,0,8,0,0,0,0,0,7,0,1,0,8,0,0,0,8
02/16/2015,PVD,RI,ANE,EN,Combined TRACON& Tower with Radar,64,20,14,0,98,0,3,9,0,12,64,23,23,0,110,2,0,2,112
02/17/2015,PVD,RI,ANE,EN,Combined TRACON& Tower with Radar,48,20,6,0,74,0,0,0,0,0,48,20,6,0,74,0,0,0,74
02/18/2015,PVD,RI,ANE,EN,Combined TRACON& Tower with Radar,52,15,7,0,74,0,0,7,2,9,52,15,14,2,83,46,2,48,131
02/19/2015,PVD,RI,ANE,EN,Combined TRACON& Tower with Radar,85,27,11,0,123,0,1,1,0,2,85,28,12,0,125,34,0,34,159
02/20/2015,PVD,RI,ANE,EN,Combined TRACON& Tower with Radar,72,26,13,0,111,0,0,2,0,2,72,26,15,0,113,0,0,0,113
02/21/2015,PVD,RI,ANE,EN,Combined TRACON& Tower with Radar,54,14,1,0,69,0,0,6,0,6,54,14,7,0,75,6,0,6,81
02/22/2015,PVD,RI,ANE,EN,Combined TRACON& Tower with Radar,60,28,13,0,101,0,0,0,0,0,60,28,13,0,101,16,0,16,117
02/23/2015,PVD,RI,ANE,EN,Combined TRACON& Tower with Radar,80,25,13,0,118,0,0,4,0,4,80,25,17,0,122,8,0,8,130
02/24/2015,PVD,RI,ANE,EN,Combined TRACON& Tower with Radar,80,28,34,0,142,0,0,20,1,21,80,28,54,1,163,54,0,54,217
02/25/2015,PVD,RI,ANE,EN,Combined TRACON& Tower with Radar,79,26,23,0,128,0,1,19,0,20,79,27,42,0,148,6,0,6,154
02/26/2015,PVD,RI,ANE,EN,Combined TRACON& Tower with Radar,51,17,20,0,88,0,0,4,0,4,51,17,24,0,92,22,0,22,114
02/27/2015,PVD,RI,ANE,EN,Combined TRACON& Tower with Radar,65,23,15,0,103,0,0,22,0,22,65,23,37,0,125,34,2,36,161
02/28/2015,PVD,RI,ANE,EN,Combined TRACON& Tower with Radar,60,13,3,0,76,0,0,22,0,22,60,13,25,0,98,12,0,12,110
03/01/2015,PVD,RI,ANE,EN,Combined TRACON& Tower with Radar,48,17,9,0,74,0,0,13,0,13,48,17,22,0,87,38,0,38,125
03/02/2015,PVD,RI,ANE,EN,Combined TRACON& Tower with Radar,65,24,21,0,110,0,0,4,0,4,65,24,25,0,114,0,0,0,114
03/03/2015,PVD,RI,ANE,EN,Combined TRACON& Tower with Radar,82,19,19,0,120,0,1,28,3,32,82,20,47,3,152,20,0,20,172
03/04/2015,PVD,RI,ANE,EN,Combined TRACON& Tower with Radar,82,21,24,0,127,0,0,1,0,1,82,21,25,0,128,38,0,38,166
03/05/2015,PVD,RI,ANE,EN,Combined TRACON& Tower with Radar,61,18,11,0,90,0,0,1,0,1,61,18,12,0,91,0,0,0,91
03/06/2015,PVD,RI,ANE,EN,Combined TRACON& Tower with Radar,81,33,20,0,134,0,2,16,0,18,81,35,36,0,152,22,0,22,174
03/07/2015,PVD,RI,ANE,EN,Combined TRACON& Tower with Radar,82,9,10,0,101,0,0,35,0,35,82,9,45,0,136,32,0,32,168
03/08/2015,PVD,RI,ANE,EN,Combined TRACON& Tower with Radar,78,30,8,0,116,0,2,21,0,23,78,32,29,0,139,49,0,49,188
03/09/2015,PVD,RI,ANE,EN,Combined TRACON& Tower with Radar,86,25,22,0,133,1,0,28,0,29,87,25,50,0,162,36,0,36,198
03/10/2015,PVD,RI,ANE,EN,Combined TRACON& Tower with Radar,87,30,18,0,135,1,0,21,0,22,88,30,39,0,157,16,0,16,173
03/11/2015,PVD,RI,ANE,EN,Combined TRACON& Tower with Radar,88,36,16,0,140,0,0,33,0,33,88,36,49,0,173,42,2,44,217
03/12/2015,PVD,RI,ANE,EN,Combined TRACON& Tower with Radar,88,30,8,0,126,0,0,2,0,2,88,30,10,0,128,0,0,0,128
03/13/2015,PVD,RI,ANE,EN,Combined TRACON& Tower with Radar,87,29,21,0,137,0,0,34,0,34,87,29,55,0,171,56,0,56,227
03/14/2015,PVD,RI,ANE,EN,Combined TRACON& Tower with Radar,86,14,10,0,110,0,0,2,0,2,86,14,12,0,112,0,0,0,112
03/15/2015,PVD,RI,ANE,EN,Combined TRACON& Tower with Radar,82,22,6,0,110,0,0,13,0,13,82,22,19,0,123,6,0,6,129
03/16/2015,PVD,RI,ANE,EN,Combined TRACON& Tower with Radar,83,29,20,0,132,0,0,21,0,21,83,29,41,0,153,0,16,16,169
03/17/2015,PVD,RI,ANE,EN,Combined TRACON& Tower with Radar,87,28,7,4,126,0,0,5,1,6,87,28,12,5,132,0,0,0,132
03/18/2015,PVD,RI,ANE,EN,Combined TRACON& Tower with Radar,88,32,16,0,136,0,0,0,0,0,88,32,16,0,136,0,0,0,136
03/19/2015,PVD,RI,ANE,EN,Combined TRACON& Tower with Radar,84,31,18,0,133,0,2,9,0,11,84,33,27,0,144,0,0,0,144
03/20/2015,PVD,RI,ANE,EN,Combined TRACON& Tower with Radar,80,21,18,0,119,0,0,8,0,8,80,21,26,0,127,20,0,20,147
03/21/2015,PVD,RI,ANE,EN,Combined TRACON& Tower with Radar,79,12,8,0,99,0,0,1,0,1,79,12,9,0,100,18,0,18,118
03/22/2015,PVD,RI,ANE,EN,Combined TRACON& Tower with Radar,78,21,7,0,106,0,0,6,0,6,78,21,13,0,112,0,0,0,112
03/23/2015,PVD,RI,ANE,EN,Combined TRACON& Tower with Radar,84,30,22,0,136,0,0,10,0,10,84,30,32,0,146,18,0,18,164
03/24/2015,PVD,RI,ANE,EN,Combined TRACON& Tower with Radar,86,27,20,4,137,0,2,21,1,24,86,29,41,5,161,46,2,48,209
03/25/2015,PVD,RI,ANE,EN,Combined TRACON& Tower with Radar,81,32,19,0,132,0,0,24,0,24,81,32,43,0,156,24,0,24,180
03/26/2015,PVD,RI,ANE,EN,Combined TRACON& Tower with Radar,82,26,18,0,126,0,0,0,0,0,82,26,18,0,126,0,0,0,126
03/27/2015,PVD,RI,ANE,EN,Combined TRACON& Tower with Radar,84,34,15,0,133,0,0,3,0,3,84,34,18,0,136,2,0,2,138
03/28/2015,PVD,RI,ANE,EN,Combined TRACON& Tower with Radar,77,14,4,0,95,0,0,0,0,0,77,14,4,0,95,0,0,0,95
03/29/2015,PVD,RI,ANE,EN,Combined TRACON& Tower with Radar,75,37,17,0,129,0,0,38,0,38,75,37,55,0,167,86,0,86,253
03/30/2015,PVD,RI,ANE,EN,Combined TRACON& Tower with Radar,85,28,14,0,127,0,0,4,0,4,85,28,18,0,131,30,0,30,161
03/31/2015,PVD,RI,ANE,EN,Combined TRACON& Tower with Radar,84,37,5,2,128,0,0,16,0,16,84,37,21,2,144,12,0,12,156
04/01/2015,PVD,RI,ANE,EN,Combined TRACON& Tower with Radar,90,30,14,2,136,0,1,20,3,24,90,31,34,5,160,12,2,14,174
04/02/2015,PVD,RI,ANE,EN,Combined TRACON& Tower with Radar,85,32,13,0,130,0,2,15,0,17,85,34,28,0,147,30,0,30,177
04/03/2015,PVD,RI,ANE,EN,Combined TRACON& Tower with Radar,89,34,12,0,135,0,1,14,0,15,89,35,26,0,150,36,0,36,186
04/04/2015,PVD,RI,ANE,EN,Combined TRACON& Tower with Radar,73,13,9,0,95,0,0,7,0,7,73,13,16,0,102,2,0,2,104
04/05/2015,PVD,RI,ANE,EN,Combined TRACON& Tower with Radar,71,32,8,0,111,0,0,15,0,15,71,32,23,0,126,0,0,0,126
04/06/2015,PVD,RI,ANE,EN,Combined TRACON& Tower with Radar,85,33,25,0,143,0,3,17,0,20,85,36,42,0,163,58,0,58,221
04/07/2015,PVD,RI,ANE,EN,Combined TRACON& Tower with Radar,88,25,26,9,148,0,0,0,0,0,88,25,26,9,148,2,0,2,150
04/08/2015,PVD,RI,ANE,EN,Combined TRACON& Tower with Radar,85,31,28,0,144,0,1,13,0,14,85,32,41,0,158,52,0,52,210
04/09/2015,PVD,RI,ANE,EN,Combined TRACON& Tower with Radar,89,24,21,1,135,0,0,0,0,0,89,24,21,1,135,0,0,0,135
04/10/2015,PVD,RI,ANE,EN,Combined TRACON& Tower with Radar,90,30,20,3,143,0,0,0,0,0,90,30,20,3,143,0,0,0,143
04/11/2015,PVD,RI,ANE,EN,Combined TRACON& Tower with Radar,74,15,13,2,104,0,1,15,0,16,74,16,28,2,120,18,0,18,138
04/12/2015,PVD,RI,ANE,EN,Combined TRACON& Tower with Radar,79,24,19,0,122,0,0,35,0,35,79,24,54,0,157,16,0,16,173
04/13/2015,PVD,RI,ANE,EN,Combined TRACON& Tower with Radar,84,30,19,0,133,0,0,22,0,22,84,30,41,0,155,26,0,26,181
04/14/2015,PVD,RI,ANE,EN,Combined TRACON& Tower with Radar,59,17,15,0,91,0,0,6,2,8,59,17,21,2,99,24,0,24,123
04/15/2015,PVD,RI,ANE,EN,Combined TRACON& Tower with Radar,90,31,25,0,146,0,0,24,0,24,90,31,49,0,170,12,0,12,182
04/16/2015,PVD,RI,ANE,EN,Combined TRACON& Tower with Radar,86,26,24,0,136,0,2,33,0,35,86,28,57,0,171,34,0,34,205
04/17/2015,PVD,RI,ANE,EN,Combined TRACON& Tower with Radar,88,29,10,0,127,0,0,1,1,2,88,29,11,1,129,6,0,6,135
04/18/2015,PVD,RI,ANE,EN,Combined TRACON& Tower with Radar,84,17,12,0,113,0,0,43,0,43,84,17,55,0,156,94,0,94,250
04/19/2015,PVD,RI,ANE,EN,Combined TRACON& Tower with Radar,82,25,16,0,123,0,0,31,0,31,82,25,47,0,154,50,4,54,208
04/20/2015,PVD,RI,ANE,EN,Combined TRACON& Tower with Radar,82,20,11,0,113,0,0,0,0,0,82,20,11,0,113,0,0,0,113
04/21/2015,PVD,RI,ANE,EN,Combined TRACON& Tower with Radar,90,30,24,1,145,0,0,18,0,18,90,30,42,1,163,10,0,10,173
04/22/2015,PVD,RI,ANE,EN,Combined TRACON& Tower with Radar,91,32,30,0,153,0,1,26,0,27,91,33,56,0,180,25,0,25,205
04/23/2015,PVD,RI,ANE,EN,Combined TRACON& Tower with Radar,95,36,9,0,140,0,0,25,0,25,95,36,34,0,165,84,0,84,249
04/24/2015,PVD,RI,ANE,EN,Combined TRACON& Tower with Radar,88,43,11,0,142,0,0,11,1,12,88,43,22,1,154,39,3,42,196
04/25/2015,PVD,RI,ANE,EN,Combined TRACON& Tower with Radar,84,23,13,0,120,0,0,23,0,23,84,23,36,0,143,64,0,64,207
04/26/2015,PVD,RI,ANE,EN,Combined TRACON& Tower with Radar,79,31,12,0,122,0,0,16,0,16,79,31,28,0,138,38,0,38,176
04/27/2015,PVD,RI,ANE,EN,Combined TRACON& Tower with Radar,85,32,21,0,138,0,0,22,0,22,85,32,43,0,160,52,0,52,212
04/28/2015,PVD,RI,ANE,EN,Combined TRACON& Tower with Radar,88,35,18,0,141,0,0,20,0,20,88,35,38,0,161,40,0,40,201
04/29/2015,PVD,RI,ANE,EN,Combined TRACON& Tower with Radar,90,36,20,0,146,0,4,30,0,34,90,40,50,0,180,63,0,63,243
04/30/2015,PVD,RI,ANE,EN,Combined TRACON& Tower with Radar,86,26,27,0,139,0,0,41,0,41,86,26,68,0,180,54,0,54,234
05/01/2015,PVD,RI,ANE,EN,Combined TRACON& Tower with Radar,88,27,32,2,149,0,0,12,0,12,88,27,44,2,161,28,0,28,189
05/02/2015,PVD,RI,ANE,EN,Combined TRACON& Tower with Radar,78,14,24,0,116,0,1,28,2,31,78,15,52,2,147,38,0,38,185
05/03/2015,PVD,RI,ANE,EN,Combined TRACON& Tower with Radar,75,25,20,0,120,0,0,29,0,29,75,25,49,0,149,28,0,28,177
05/04/2015,PVD,RI,ANE,EN,Combined TRACON& Tower with Radar,86,24,20,0,130,0,0,25,0,25,86,24,45,0,155,20,0,20,175
05/05/2015,PVD,RI,ANE,EN,Combined TRACON& Tower with Radar,91,32,18,0,141,0,0,28,0,28,91,32,46,0,169,30,0,30,199
05/06/2015,PVD,RI,ANE,EN,Combined TRACON& Tower with Radar,89,26,16,2,133,0,0,43,3,46,89,26,59,5,179,72,24,96,275
05/07/2015,PVD,RI,ANE,EN,Combined TRACON& Tower with Radar,92,35,24,0,151,0,1,28,0,29,92,36,52,0,180,30,0,30,210
05/08/2015,PVD,RI,ANE,EN,Combined TRACON& Tower with Radar,88,31,27,0,146,0,2,42,0,44,88,33,69,0,190,22,0,22,212
05/09/2015,PVD,RI,ANE,EN,Combined TRACON& Tower with Radar,78,25,19,0,122,0,0,7,0,7,78,25,26,0,129,2,0,2,131
05/10/2015,PVD,RI,ANE,EN,Combined TRACON& Tower with Radar,81,27,17,0,125,0,0,10,0,10,81,27,27,0,135,0,0,0,135
05/11/2015,PVD,RI,ANE,EN,Combined TRACON& Tower with Radar,88,21,18,0,127,0,2,9,0,11,88,23,27,0,138,22,0,22,160
05/12/2015,PVD,RI,ANE,EN,Combined TRACON& Tower with Radar,96,24,29,0,149,0,0,16,0,16,96,24,45,0,165,24,1,25,190
05/13/2015,PVD,RI,ANE,EN,Combined TRACON& Tower with Radar,94,30,24,0,148,0,0,18,0,18,94,30,42,0,166,2,0,2,168
05/14/2015,PVD,RI,ANE,EN,Combined TRACON& Tower with Radar,92,27,43,0,162,1,0,41,0,42,93,27,84,0,204,32,1,33,237
05/15/2015,PVD,RI,ANE,EN,Combined TRACON& Tower with Radar,93,32,14,0,139,0,2,29,0,31,93,34,43,0,170,36,0,36,206
05/16/2015,PVD,RI,ANE,EN,Combined TRACON& Tower with Radar,80,12,14,4,110,0,0,24,0,24,80,12,38,4,134,70,0,70,204
05/17/2015,PVD,RI,ANE,EN,Combined TRACON& Tower with Radar,81,21,13,3,118,0,0,43,0,43,81,21,56,3,161,30,0,30,191
05/18/2015,PVD,RI,ANE,EN,Combined TRACON& Tower with Radar,90,23,20,0,133,0,0,10,0,10,90,23,30,0,143,18,0,18,161
05/19/2015,PVD,RI,ANE,EN,Combined TRACON& Tower with Radar,90,30,31,2,153,0,0,0,0,0,90,30,31,2,153,0,0,0,153
05/20/2015,PVD,RI,ANE,EN,Combined TRACON& Tower with Radar,91,33,16,1,141,0,1,11,1,13,91,34,27,2,154,2,0,2,156
05/21/2015,PVD,RI,ANE,EN,Combined TRACON& Tower with Radar,94,42,38,0,174,0,0,30,0,30,94,42,68,0,204,34,0,34,238
05/22/2015,PVD,RI,ANE,EN,Combined TRACON& Tower with Radar,93,36,36,0,165,0,7,28,0,35,93,43,64,0,200,6,0,6,206
05/23/2015,PVD,RI,ANE,EN,Combined TRACON& Tower with Radar,75,22,20,0,117,0,8,36,0,44,75,30,56,0,161,32,0,32,193
05/24/2015,PVD,RI,ANE,EN,Combined TRACON& Tower with Radar,63,26,19,0,108,0,11,33,0,44,63,37,52,0,152,18,0,18,170
05/25/2015,PVD,RI,ANE,EN,Combined TRACON& Tower with Radar,77,20,17,0,114,0,2,17,0,19,77,22,34,0,133,20,0,20,153
05/26/2015,PVD,RI,ANE,EN,Combined TRACON& Tower with Radar,89,25,25,2,141,0,0,31,2,33,89,25,56,4,174,18,0,18,192
05/27/2015,PVD,RI,ANE,EN,Combined TRACON& Tower with Radar,90,25,10,0,125,0,0,14,0,14,90,25,24,0,139,10,0,10,149
05/28/2015,PVD,RI,ANE,EN,Combined TRACON& Tower with Radar,93,40,33,1,167,0,0,16,0,16,93,40,49,1,183,16,0,16,199
05/29/2015,PVD,RI,ANE,EN,Combined TRACON& Tower with Radar,91,39,20,1,151,0,4,22,4,30,91,43,42,5,181,6,0,6,187
05/30/2015,PVD,RI,ANE,EN,Combined TRACON& Tower with Radar,79,11,8,2,100,0,0,28,0,28,79,11,36,2,128,6,0,6,134
05/31/2015,PVD,RI,ANE,EN,Combined TRACON& Tower with Radar,82,24,13,0,119,0,1,0,3,4,82,25,13,3,123,18,0,18,141
06/01/2015,PVD,RI,ANE,EN,Combined TRACON& Tower with Radar,82,23,28,7,140,0,0,0,0,0,82,23,28,7,140,0,6,6,146
06/02/2015,PVD,RI,ANE,EN,Combined TRACON& Tower with Radar,88,20,20,0,128,0,0,0,0,0,88,20,20,0,128,0,0,0,128
06/03/2015,PVD,RI,ANE,EN,Combined TRACON& Tower with Radar,94,26,13,2,135,0,1,22,2,25,94,27,35,4,160,52,4,56,216
06/04/2015,PVD,RI,ANE,EN,Combined TRACON& Tower with Radar,95,40,22,0,157,0,0,36,0,36,95,40,58,0,193,36,0,36,229
06/05/2015,PVD,RI,ANE,EN,Combined TRACON& Tower with Radar,87,33,15,0,135,0,0,19,0,19,87,33,34,0,154,52,0,52,206
06/06/2015,PVD,RI,ANE,EN,Combined TRACON& Tower with Radar,77,22,11,0,110,0,0,27,0,27,77,22,38,0,137,34,0,34,171
06/07/2015,PVD,RI,ANE,EN,Combined TRACON& Tower with Radar,82,24,7,0,113,0,0,35,0,35,82,24,42,0,148,56,0,56,204
06/08/2015,PVD,RI,ANE,EN,Combined TRACON& Tower with Radar,80,27,22,0,129,0,0,5,0,5,80,27,27,0,134,28,0,28,162
06/09/2015,PVD,RI,ANE,EN,Combined TRACON& Tower with Radar,97,24,18,0,139,0,1,2,0,3,97,25,20,0,142,6,0,6,148
06/10/2015,PVD,RI,ANE,EN,Combined TRACON& Tower with Radar,89,30,28,0,147,0,0,48,0,48,89,30,76,0,195,77,0,77,272
06/11/2015,PVD,RI,ANE,EN,Combined TRACON& Tower with Radar,94,37,22,2,155,0,3,24,0,27,94,40,46,2,182,24,0,24,206
06/12/2015,PVD,RI,ANE,EN,Combined TRACON& Tower with Radar,88,41,20,0,149,0,12,16,0,28,88,53,36,0,177,28,0,28,205
06/13/2015,PVD,RI,ANE,EN,Combined TRACON& Tower with Radar,74,21,20,0,115,0,14,28,0,42,74,35,48,0,157,62,0,62,219
06/14/2015,PVD,RI,ANE,EN,Combined TRACON& Tower with Radar,80,23,12,0,115,0,20,24,0,44,80,43,36,0,159,10,0,10,169
06/15/2015,PVD,RI,ANE,EN,Combined TRACON& Tower with Radar,83,40,16,0,139,0,1,0,0,1,83,41,16,0,140,0,0,0,140
06/16/2015,PVD,RI,ANE,EN,Combined TRACON& Tower with Radar,96,40,17,0,153,0,0,8,2,10,96,40,25,2,163,21,0,21,184
06/17/2015,PVD,RI,ANE,EN,Combined TRACON& Tower with Radar,91,36,17,0,144,0,9,34,0,43,91,45,51,0,187,26,0,26,213
06/18/2015,PVD,RI,ANE,EN,Combined TRACON& Tower with Radar,88,27,18,0,133,0,18,32,0,50,88,45,50,0,183,40,0,40,223
06/19/2015,PVD,RI,ANE,EN,Combined TRACON& Tower with Radar,86,43,19,0,148,0,20,21,0,41,86,63,40,0,189,36,0,36,225
06/20/2015,PVD,RI,ANE,EN,Combined TRACON& Tower with Radar,79,22,15,0,116,0,17,25,0,42,79,39,40,0,158,66,0,66,224
06/21/2015,PVD,RI,ANE,EN,Combined TRACON& Tower with Radar,82,48,10,2,142,0,3,3,0,6,82,51,13,2,148,0,2,2,150
06/22/2015,PVD,RI,ANE,EN,Combined TRACON& Tower with Radar,90,38,26,0,154,0,19,34,0,53,90,57,60,0,207,50,0,50,257
06/23/2015,PVD,RI,ANE,EN,Combined TRACON& Tower with Radar,95,23,17,0,135,0,5,23,0,28,95,28,40,0,163,42,0,42,205
06/24/2015,PVD,RI,ANE,EN,Combined TRACON& Tower with Radar,91,32,21,0,144,0,12,38,0,50,91,44,59,0,194,44,0,44,238
06/25/2015,PVD,RI,ANE,EN,Combined TRACON& Tower with Radar,93,42,32,0,167,0,25,55,0,80,93,67,87,0,247,30,0,30,277
06/26/2015,PVD,RI,ANE,EN,Combined TRACON& Tower with Radar,85,35,31,0,151,0,13,24,0,37,85,48,55,0,188,22,0,22,210
06/27/2015,PVD,RI,ANE,EN,Combined TRACON& Tower with Radar,81,20,16,0,117,0,17,28,0,45,81,37,44,0,162,42,0,42,204
06/28/2015,PVD,RI,ANE,EN,Combined TRACON& Tower with Radar,84,42,22,0,148,0,0,0,0,0,84,42,22,0,148,4,0,4,152
06/29/2015,PVD,RI,ANE,EN,Combined TRACON& Tower with Radar,91,50,28,0,169,0,10,21,2,33,91,60,49,2,202,55,0,55,257
06/30/2015,PVD,RI,ANE,EN,Combined TRACON& Tower with Radar,89,43,34,0,166,0,10,29,0,39,89,53,63,0,205,72,0,72,277
07/01/2015,PVD,RI,ANE,EN,Combined TRACON& Tower with Radar,92,45,16,0,153,0,4,17,0,21,92,49,33,0,174,56,2,58,232
07/02/2015,PVD,RI,ANE,EN,Combined TRACON& Tower with Radar,99,35,19,0,153,0,19,45,0,64,99,54,64,0,217,74,0,74,291
07/03/2015,PVD,RI,ANE,EN,Combined TRACON& Tower with Radar,80,37,13,0,130,0,21,37,0,58,80,58,50,0,188,26,0,26,214
07/04/2015,PVD,RI,ANE,EN,Combined TRACON& Tower with Radar,59,15,7,0,81,0,15,21,0,36,59,30,28,0,117,30,0,30,147
07/05/2015,PVD,RI,ANE,EN,Combined TRACON& Tower with Radar,80,22,26,0,128,0,21,32,0,53,80,43,58,0,181,56,0,56,237
07/06/2015,PVD,RI,ANE,EN,Combined TRACON& Tower with Radar,96,26,23,0,145,0,15,36,0,51,96,41,59,0,196,42,0,42,238
07/07/2015,PVD,RI,ANE,EN,Combined TRACON& Tower with Radar,96,37,23,0,156,0,0,6,0,6,96,37,29,0,162,0,0,0,162
07/08/2015,PVD,RI,ANE,EN,Combined TRACON& Tower with Radar,97,30,34,0,161,0,11,24,0,35,97,41,58,0,196,82,0,82,278
07/09/2015,PVD,RI,ANE,EN,Combined TRACON& Tower with Radar,99,31,23,1,154,0,19,34,0,53,99,50,57,1,207,48,0,48,255
07/10/2015,PVD,RI,ANE,EN,Combined TRACON& Tower with Radar,92,49,33,0,174,0,18,19,0,37,92,67,52,0,211,20,0,20,231
07/11/2015,PVD,RI,ANE,EN,Combined TRACON& Tower with Radar,76,23,14,0,113,0,17,54,0,71,76,40,68,0,184,84,0,84,268
07/12/2015,PVD,RI,ANE,EN,Combined TRACON& Tower with Radar,82,26,25,0,133,0,24,53,0,77,82,50,78,0,210,46,0,46,256
07/13/2015,PVD,RI,ANE,EN,Combined TRACON& Tower with Radar,89,27,19,0,135,0,14,19,0,33,89,41,38,0,168,46,0,46,214
07/14/2015,PVD,RI,ANE,EN,Combined TRACON& Tower with Radar,91,28,17,0,136,0,9,3,0,12,91,37,20,0,148,22,0,22,170
07/15/2015,PVD,RI,ANE,EN,Combined TRACON& Tower with Radar,95,39,18,0,152,0,4,9,0,13,95,43,27,0,165,30,0,30,195
07/16/2015,PVD,RI,ANE,EN,Combined TRACON& Tower with Radar,100,34,26,0,160,0,16,44,0,60,100,50,70,0,220,22,0,22,242
07/17/2015,PVD,RI,ANE,EN,Combined TRACON& Tower with Radar,93,34,14,0,141,0,20,30,0,50,93,54,44,0,191,32,0,32,223
07/18/2015,PVD,RI,ANE,EN,Combined TRACON& Tower with Radar,73,18,6,0,97,0,15,13,0,28,73,33,19,0,125,82,0,82,207
07/19/2015,PVD,RI,ANE,EN,Combined TRACON& Tower with Radar,80,42,15,0,137,0,4,12,0,16,80,46,27,0,153,46,0,46,199
07/20/2015,PVD,RI,ANE,EN,Combined TRACON& Tower with Radar,94,29,26,0,149,0,13,35,0,48,94,42,61,0,197,22,0,22,219
07/21/2015,PVD,RI,ANE,EN,Combined TRACON& Tower with Radar,95,34,33,0,162,0,10,18,0,28,95,44,51,0,190,30,0,30,220
07/22/2015,PVD,RI,ANE,EN,Combined TRACON& Tower with Radar,92,29,46,2,169,0,11,45,0,56,92,40,91,2,225,38,0,38,263
07/23/2015,PVD,RI,ANE,EN,Combined TRACON& Tower with Radar,100,38,24,0,162,0,23,19,0,42,100,61,43,0,204,8,0,8,212
07/24/2015,PVD,RI,ANE,EN,Combined TRACON& Tower with Radar,91,39,30,0,160,0,21,26,0,47,91,60,56,0,207,30,0,30,237
07/25/2015,PVD,RI,ANE,EN,Combined TRACON& Tower with Radar,77,33,9,0,119,0,13,21,2,36,77,46,30,2,155,30,0,30,185
07/26/2015,PVD,RI,ANE,EN,Combined TRACON& Tower with Radar,85,38,17,0,140,1,10,4,0,15,86,48,21,0,155,54,0,54,209
07/27/2015,PVD,RI,ANE,EN,Combined TRACON& Tower with Radar,88,32,24,0,144,0,10,16,0,26,88,42,40,0,170,30,0,30,200
07/28/2015,PVD,RI,ANE,EN,Combined TRACON& Tower with Radar,98,29,20,0,147,1,4,21,1,27,99,33,41,1,174,6,0,6,180
07/29/2015,PVD,RI,ANE,EN,Combined TRACON& Tower with Radar,98,35,22,0,155,0,10,42,0,52,98,45,64,0,207,76,0,76,283
07/30/2015,PVD,RI,ANE,EN,Combined TRACON& Tower with Radar,97,43,37,0,177,0,5,17,1,23,97,48,54,1,200,44,0,44,244
07/31/2015,PVD,RI,ANE,EN,Combined TRACON& Tower with Radar,95,41,20,0,156,0,21,29,0,50,95,62,49,0,206,16,0,16,222
08/01/2015,PVD,RI,ANE,EN,Combined TRACON& Tower with Radar,75,23,22,0,120,0,22,31,0,53,75,45,53,0,173,46,2,48,221
08/02/2015,PVD,RI,ANE,EN,Combined TRACON& Tower with Radar,86,25,16,0,127,0,18,38,0,56,86,43,54,0,183,36,0,36,219
08/03/2015,PVD,RI,ANE,EN,Combined TRACON& Tower with Radar,93,35,15,0,143,0,14,40,0,54,93,49,55,0,197,38,0,38,235
08/04/2015,PVD,RI,ANE,EN,Combined TRACON& Tower with Radar,93,27,20,0,140,0,9,26,0,35,93,36,46,0,175,27,0,27,202
08/05/2015,PVD,RI,ANE,EN,Combined TRACON& Tower with Radar,96,34,26,0,156,0,12,40,0,52,96,46,66,0,208,104,0,104,312
08/06/2015,PVD,RI,ANE,EN,Combined TRACON& Tower with Radar,92,45,23,2,162,0,17,18,0,35,92,62,41,2,197,10,2,12,209
08/07/2015,PVD,RI,ANE,EN,Combined TRACON& Tower with Radar,94,44,13,0,151,0,21,20,0,41,94,65,33,0,192,66,0,66,258
08/08/2015,PVD,RI,ANE,EN,Combined TRACON& Tower with Radar,78,35,31,1,145,0,16,47,0,63,78,51,78,1,208,40,0,40,248
08/09/2015,PVD,RI,ANE,EN,Combined TRACON& Tower with Radar,85,55,45,1,186,0,12,28,0,40,85,67,73,1,226,8,0,8,234
08/10/2015,PVD,RI,ANE,EN,Combined TRACON& Tower with Radar,86,53,18,0,157,0,15,28,0,43,86,68,46,0,200,14,0,14,214
08/11/2015,PVD,RI,ANE,EN,Combined TRACON& Tower with Radar,91,38,33,0,162,0,2,1,0,3,91,40,34,0,165,4,0,4,169
08/12/2015,PVD,RI,ANE,EN,Combined TRACON& Tower with Radar,96,59,33,1,189,0,9,37,0,46,96,68,70,1,235,40,0,40,275
08/13/2015,PVD,RI,ANE,EN,Combined TRACON& Tower with Radar,91,52,31,0,174,0,18,59,0,77,91,70,90,0,251,12,0,12,263
08/14/2015,PVD,RI,ANE,EN,Combined TRACON& Tower with Radar,88,54,40,0,182,0,18,40,0,58,88,72,80,0,240,20,0,20,260
08/15/2015,PVD,RI,ANE,EN,Combined TRACON& Tower with Radar,71,37,15,0,123,0,15,31,0,46,71,52,46,0,169,26,0,26,195
08/16/2015,PVD,RI,ANE,EN,Combined TRACON& Tower with Radar,83,41,40,0,164,0,29,33,1,63,83,70,73,1,227,28,0,28,255
08/17/2015,PVD,RI,ANE,EN,Combined TRACON& Tower with Radar,93,45,36,0,174,0,17,46,0,63,93,62,82,0,237,54,0,54,291
08/18/2015,PVD,RI,ANE,EN,Combined TRACON& Tower with Radar,107,41,39,0,187,0,10,28,0,38,107,51,67,0,225,18,0,18,243
08/19/2015,PVD,RI,ANE,EN,Combined TRACON& Tower with Radar,88,51,25,0,164,0,9,39,0,48,88,60,64,0,212,56,0,56,268
08/20/2015,PVD,RI,ANE,EN,Combined TRACON& Tower with Radar,75,59,41,0,175,0,2,15,0,17,75,61,56,0,192,26,0,26,218
08/21/2015,PVD,RI,ANE,EN,Combined TRACON& Tower with Radar,94,61,49,0,204,0,11,7,1,19,94,72,56,1,223,12,0,12,235
08/22/2015,PVD,RI,ANE,EN,Combined TRACON& Tower with Radar,71,39,32,0,142,0,10,15,0,25,71,49,47,0,167,44,0,44,211
08/23/2015,PVD,RI,ANE,EN,Combined TRACON& Tower with Radar,78,48,53,0,179,0,7,14,0,21,78,55,67,0,200,64,0,64,264
08/24/2015,PVD,RI,ANE,EN,Combined TRACON& Tower with Radar,87,47,28,0,162,0,5,17,0,22,87,52,45,0,184,24,0,24,208
08/25/2015,PVD,RI,ANE,EN,Combined TRACON& Tower with Radar,97,39,34,0,170,0,8,16,0,24,97,47,50,0,194,40,0,40,234
08/26/2015,PVD,RI,ANE,EN,Combined TRACON& Tower with Radar,95,35,34,3,167,0,7,38,3,48,95,42,72,6,215,20,0,20,235
08/27/2015,PVD,RI,ANE,EN,Combined TRACON& Tower with Radar,98,31,29,0,158,0,18,35,0,53,98,49,64,0,211,54,0,54,265
08/28/2015,PVD,RI,ANE,EN,Combined TRACON& Tower with Radar,90,40,21,0,151,0,30,41,0,71,90,70,62,0,222,28,0,28,250
08/29/2015,PVD,RI,ANE,EN,Combined TRACON& Tower with Radar,73,20,7,0,100,0,14,23,0,37,73,34,30,0,137,26,0,26,163
08/30/2015,PVD,RI,ANE,EN,Combined TRACON& Tower with Radar,85,27,12,0,124,0,22,32,0,54,85,49,44,0,178,52,0,52,230
08/31/2015,PVD,RI,ANE,EN,Combined TRACON& Tower with Radar,89,39,17,0,145,0,20,28,0,48,89,59,45,0,193,34,0,34,227
09/01/2015,PVD,RI,ANE,EN,Combined TRACON& Tower with Radar,93,45,19,9,166,0,12,27,3,42,93,57,46,12,208,70,16,86,294
09/02/2015,PVD,RI,ANE,EN,Combined TRACON& Tower with Radar,89,40,17,0,146,0,13,18,2,33,89,53,35,2,179,78,0,78,257
09/03/2015,PVD,RI,ANE,EN,Combined TRACON& Tower with Radar,96,39,33,0,168,0,20,27,0,47,96,59,60,0,215,54,0,54,269
09/04/2015,PVD,RI,ANE,EN,Combined TRACON& Tower with Radar,84,52,23,0,159,0,10,25,0,35,84,62,48,0,194,26,0,26,220
09/05/2015,PVD,RI,ANE,EN,Combined TRACON& Tower with Radar,74,19,9,0,102,0,21,26,0,47,74,40,35,0,149,24,0,24,173
09/06/2015,PVD,RI,ANE,EN,Combined TRACON& Tower with Radar,70,14,20,0,104,0,21,21,1,43,70,35,41,1,147,28,0,28,175
09/07/2015,PVD,RI,ANE,EN,Combined TRACON& Tower with Radar,77,36,24,0,137,0,27,18,0,45,77,63,42,0,182,10,0,10,192
09/08/2015,PVD,RI,ANE,EN,Combined TRACON& Tower with Radar,90,39,28,0,157,0,11,28,0,39,90,50,56,0,196,8,0,8,204
09/09/2015,PVD,RI,ANE,EN,Combined TRACON& Tower with Radar,94,32,24,0,150,0,8,30,0,38,94,40,54,0,188,40,0,40,228
09/10/2015,PVD,RI,ANE,EN,Combined TRACON& Tower with Radar,87,41,25,0,153,0,0,0,0,0,87,41,25,0,153,4,0,4,157
09/11/2015,PVD,RI,ANE,EN,Combined TRACON& Tower with Radar,100,61,28,0,189,0,5,2,0,7,100,66,30,0,196,14,0,14,210
09/12/2015,PVD,RI,ANE,EN,Combined TRACON& Tower with Radar,83,22,7,0,112,0,6,20,0,26,83,28,27,0,138,8,0,8,146
09/13/2015,PVD,RI,ANE,EN,Combined TRACON& Tower with Radar,86,46,17,0,149,0,0,2,0,2,86,46,19,0,151,2,0,2,153
09/14/2015,PVD,RI,ANE,EN,Combined TRACON& Tower with Radar,96,23,16,0,135,0,25,28,2,55,96,48,44,2,190,28,0,28,218
09/15/2015,PVD,RI,ANE,EN,Combined TRACON& Tower with Radar,92,28,18,0,138,0,13,34,1,48,92,41,52,1,186,16,0,16,202
09/16/2015,PVD,RI,ANE,EN,Combined TRACON& Tower with Radar,96,26,24,0,146,0,8,27,0,35,96,34,51,0,181,50,0,50,231
09/17/2015,PVD,RI,ANE,EN,Combined TRACON& Tower with Radar,101,27,35,0,163,0,20,22,0,42,101,47,57,0,205,6,0,6,211
09/18/2015,PVD,RI,ANE,EN,Combined TRACON& Tower with Radar,97,27,27,0,151,0,21,32,0,53,97,48,59,0,204,50,6,56,260
09/19/2015,PVD,RI,ANE,EN,Combined TRACON& Tower with Radar,82,19,11,0,112,0,15,21,0,36,82,34,32,0,148,16,0,16,164
09/20/2015,PVD,RI,ANE,EN,Combined TRACON& Tower with Radar,90,26,7,0,123,0,14,24,0,38,90,40,31,0,161,22,0,22,183
09/21/2015,PVD,RI,ANE,EN,Combined TRACON& Tower with Radar,97,25,15,0,137,0,21,25,1,47,97,46,40,1,184,40,0,40,224
09/22/2015,PVD,RI,ANE,EN,Combined TRACON& Tower with Radar,94,37,21,0,152,0,12,4,0,16,94,49,25,0,168,6,0,6,174
09/23/2015,PVD,RI,ANE,EN,Combined TRACON& Tower with Radar,94,27,12,0,133,0,9,17,0,26,94,36,29,0,159,52,0,52,211
09/24/2015,PVD,RI,ANE,EN,Combined TRACON& Tower with Radar,96,30,37,4,167,0,26,43,2,71,96,56,80,6,238,14,4,18,256
09/25/2015,PVD,RI,ANE,EN,Combined TRACON& Tower with Radar,96,31,14,0,141,0,24,29,0,53,96,55,43,0,194,62,0,62,256
09/26/2015,PVD,RI,ANE,EN,Combined TRACON& Tower with Radar,73,13,11,0,97,0,15,24,0,39,73,28,35,0,136,38,0,38,174
09/27/2015,PVD,RI,ANE,EN,Combined TRACON& Tower with Radar,83,22,10,0,115,0,26,24,0,50,83,48,34,0,165,30,0,30,195
09/28/2015,PVD,RI,ANE,EN,Combined TRACON& Tower with Radar,93,31,26,0,150,0,16,15,0,31,93,47,41,0,181,20,0,20,201
09/29/2015,PVD,RI,ANE,EN,Combined TRACON& Tower with Radar,90,28,25,0,143,0,0,1,0,1,90,28,26,0,144,4,0,4,148
09/30/2015,PVD,RI,ANE,EN,Combined TRACON& Tower with Radar,91,32,12,0,135,0,0,2,0,2,91,32,14,0,137,0,0,0,137
10/01/2015,PVD,RI,ANE,EN,Combined TRACON& Tower with Radar,96,29,23,6,154,0,0,0,2,2,96,29,23,8,156,2,2,4,160
10/02/2015,PVD,RI,ANE,EN,Combined TRACON& Tower with Radar,87,27,17,0,131,0,0,0,0,0,87,27,17,0,131,4,0,4,135
10/03/2015,PVD,RI,ANE,EN,Combined TRACON& Tower with Radar,72,13,6,0,91,0,0,0,0,0,72,13,6,0,91,0,0,0,91
10/04/2015,PVD,RI,ANE,EN,Combined TRACON& Tower with Radar,81,21,13,0,115,0,0,9,0,9,81,21,22,0,124,6,0,6,130
10/05/2015,PVD,RI,ANE,EN,Combined TRACON& Tower with Radar,85,24,23,0,132,0,0,16,0,16,85,24,39,0,148,58,0,58,206
10/06/2015,PVD,RI,ANE,EN,Combined TRACON& Tower with Radar,86,25,20,0,131,0,4,25,0,29,86,29,45,0,160,42,0,42,202
10/07/2015,PVD,RI,ANE,EN,Combined TRACON& Tower with Radar,86,24,23,0,133,0,0,32,2,34,86,24,55,2,167,42,6,48,215
10/08/2015,PVD,RI,ANE,EN,Combined TRACON& Tower with Radar,87,29,28,0,144,0,0,41,0,41,87,29,69,0,185,36,0,36,221
10/09/2015,PVD,RI,ANE,EN,Combined TRACON& Tower with Radar,78,30,12,0,120,0,1,12,0,13,78,31,24,0,133,6,0,6,139
10/10/2015,PVD,RI,ANE,EN,Combined TRACON& Tower with Radar,72,8,17,0,97,1,0,32,0,33,73,8,49,0,130,20,0,20,150
10/11/2015,PVD,RI,ANE,EN,Combined TRACON& Tower with Radar,75,17,10,0,102,0,0,14,0,14,75,17,24,0,116,10,0,10,126
10/12/2015,PVD,RI,ANE,EN,Combined TRACON& Tower with Radar,88,35,20,0,143,0,2,28,0,30,88,37,48,0,173,22,0,22,195
10/13/2015,PVD,RI,ANE,EN,Combined TRACON& Tower with Radar,86,30,21,0,137,0,0,10,0,10,86,30,31,0,147,12,0,12,159
10/14/2015,PVD,RI,ANE,EN,Combined TRACON& Tower with Radar,89,38,25,0,152,0,2,33,0,35,89,40,58,0,187,16,2,18,205
10/15/2015,PVD,RI,ANE,EN,Combined TRACON& Tower with Radar,93,32,15,2,142,0,1,19,0,20,93,33,34,2,162,25,0,25,187
10/16/2015,PVD,RI,ANE,EN,Combined TRACON& Tower with Radar,90,39,28,0,157,0,7,13,1,21,90,46,41,1,178,4,0,4,182
10/17/2015,PVD,RI,ANE,EN,Combined TRACON& Tower with Radar,70,27,8,0,105,0,6,21,1,28,70,33,29,1,133,6,0,6,139
10/18/2015,PVD,RI,ANE,EN,Combined TRACON& Tower with Radar,78,26,27,0,131,0,1,12,0,13,78,27,39,0,144,16,0,16,160
10/19/2015,PVD,RI,ANE,EN,Combined TRACON& Tower with Radar,89,32,23,0,144,0,1,18,2,21,89,33,41,2,165,14,0,14,179
10/20/2015,PVD,RI,ANE,EN,Combined TRACON& Tower with Radar,90,24,8,0,122,0,2,6,0,8,90,26,14,0,130,8,0,8,138
10/21/2015,PVD,RI,ANE,EN,Combined TRACON& Tower with Radar,89,27,15,0,131,0,1,34,0,35,89,28,49,0,166,34,0,34,200
10/22/2015,PVD,RI,ANE,EN,Combined TRACON& Tower with Radar,89,34,24,0,147,0,0,18,0,18,89,34,42,0,165,2,0,2,167
10/23/2015,PVD,RI,ANE,EN,Combined TRACON& Tower with Radar,88,27,14,0,129,0,1,32,0,33,88,28,46,0,162,24,0,24,186
10/24/2015,PVD,RI,ANE,EN,Combined TRACON& Tower with Radar,71,26,18,2,117,0,0,18,1,19,71,26,36,3,136,34,0,34,170
10/25/2015,PVD,RI,ANE,EN,Combined TRACON& Tower with Radar,77,29,24,0,130,0,1,5,0,6,77,30,29,0,136,10,0,10,146
10/26/2015,PVD,RI,ANE,EN,Combined TRACON& Tower with Radar,86,32,19,0,137,0,5,30,0,35,86,37,49,0,172,30,0,30,202
10/27/2015,PVD,RI,ANE,EN,Combined TRACON& Tower with Radar,86,26,22,0,134,0,0,20,0,20,86,26,42,0,154,32,0,32,186
10/28/2015,PVD,RI,ANE,EN,Combined TRACON& Tower with Radar,86,24,19,1,130,0,0,4,1,5,86,24,23,2,135,6,0,6,141
10/29/2015,PVD,RI,ANE,EN,Combined TRACON& Tower with Radar,85,24,18,0,127,0,0,14,0,14,85,24,32,0,141,4,0,4,145
10/30/2015,PVD,RI,ANE,EN,Combined TRACON& Tower with Radar,85,24,24,0,133,0,2,23,0,25,85,26,47,0,158,26,0,26,184
10/31/2015,PVD,RI,ANE,EN,Combined TRACON& Tower with Radar,62,17,13,0,92,0,1,41,0,42,62,18,54,0,134,24,0,24,158
11/01/2015,PVD,RI,ANE,EN,Combined TRACON& Tower with Radar,80,28,13,0,121,0,0,7,0,7,80,28,20,0,128,4,0,4,132
11/02/2015,PVD,RI,ANE,EN,Combined TRACON& Tower with Radar,85,29,18,0,132,1,0,12,0,13,86,29,30,0,145,8,0,8,153
11/03/2015,PVD,RI,ANE,EN,Combined TRACON& Tower with Radar,88,35,20,0,143,0,2,20,0,22,88,37,40,0,165,56,0,56,221
11/04/2015,PVD,RI,ANE,EN,Combined TRACON& Tower with Radar,89,29,19,2,139,0,0,21,1,22,89,29,40,3,161,2,0,2,163
11/05/2015,PVD,RI,ANE,EN,Combined TRACON& Tower with Radar,90,25,38,0,153,0,0,26,0,26,90,25,64,0,179,16,0,16,195
11/06/2015,PVD,RI,ANE,EN,Combined TRACON& Tower with Radar,94,25,31,0,150,0,0,0,0,0,94,25,31,0,150,3,0,3,153
11/07/2015,PVD,RI,ANE,EN,Combined TRACON& Tower with Radar,79,17,24,0,120,0,0,24,0,24,79,17,48,0,144,18,0,18,162
11/08/2015,PVD,RI,ANE,EN,Combined TRACON& Tower with Radar,80,23,27,0,130,0,4,10,2,16,80,27,37,2,146,0,2,2,148
11/09/2015,PVD,RI,ANE,EN,Combined TRACON& Tower with Radar,85,26,17,0,128,0,0,31,0,31,85,26,48,0,159,21,0,21,180
11/10/2015,PVD,RI,ANE,EN,Combined TRACON& Tower with Radar,87,21,21,0,129,0,0,13,0,13,87,21,34,0,142,28,0,28,170
11/11/2015,PVD,RI,ANE,EN,Combined TRACON& Tower with Radar,88,29,22,4,143,0,0,2,0,2,88,29,24,4,145,2,0,2,147
11/12/2015,PVD,RI,ANE,EN,Combined TRACON& Tower with Radar,91,27,23,0,141,0,0,0,0,0,91,27,23,0,141,6,0,6,147
11/13/2015,PVD,RI,ANE,EN,Combined TRACON& Tower with Radar,89,28,16,0,133,0,3,20,0,23,89,31,36,0,156,2,2,4,160
11/14/2015,PVD,RI,ANE,EN,Combined TRACON& Tower with Radar,80,20,3,0,103,0,1,9,0,10,80,21,12,0,113,6,0,6,119
11/15/2015,PVD,RI,ANE,EN,Combined TRACON& Tower with Radar,82,19,28,1,130,0,0,24,0,24,82,19,52,1,154,38,0,38,192
11/16/2015,PVD,RI,ANE,EN,Combined TRACON& Tower with Radar,90,27,32,0,149,0,1,31,2,34,90,28,63,2,183,24,0,24,207
11/17/2015,PVD,RI,ANE,EN,Combined TRACON& Tower with Radar,89,32,33,0,154,0,1,35,0,36,89,33,68,0,190,20,2,22,212
11/18/2015,PVD,RI,ANE,EN,Combined TRACON& Tower with Radar,92,29,26,4,151,0,0,25,3,28,92,29,51,7,179,10,0,10,189
11/19/2015,PVD,RI,ANE,EN,Combined TRACON& Tower with Radar,89,26,25,0,140,0,1,7,0,8,89,27,32,0,148,28,0,28,176
11/20/2015,PVD,RI,ANE,EN,Combined TRACON& Tower with Radar,90,32,30,2,154,0,3,35,1,39,90,35,65,3,193,38,0,38,231
11/21/2015,PVD,RI,ANE,EN,Combined TRACON& Tower with Radar,71,15,7,0,93,0,0,24,0,24,71,15,31,0,117,36,0,36,153
11/22/2015,PVD,RI,ANE,EN,Combined TRACON& Tower with Radar,77,27,22,1,127,0,0,2,0,2,77,27,24,1,129,0,0,0,129
11/23/2015,PVD,RI,ANE,EN,Combined TRACON& Tower with Radar,87,27,15,0,129,0,0,15,0,15,87,27,30,0,144,18,0,18,162
11/24/2015,PVD,RI,ANE,EN,Combined TRACON& Tower with Radar,93,43,22,0,158,0,2,23,2,27,93,45,45,2,185,26,0,26,211
11/25/2015,PVD,RI,ANE,EN,Combined TRACON& Tower with Radar,97,31,7,0,135,0,0,23,0,23,97,31,30,0,158,22,0,22,180
11/26/2015,PVD,RI,ANE,EN,Combined TRACON& Tower with Radar,50,6,5,0,61,0,0,9,0,9,50,6,14,0,70,2,0,2,72
11/27/2015,PVD,RI,ANE,EN,Combined TRACON& Tower with Radar,64,14,6,0,84,0,0,6,1,7,64,14,12,1,91,24,0,24,115
11/28/2015,PVD,RI,ANE,EN,Combined TRACON& Tower with Radar,82,23,21,0,126,0,0,14,0,14,82,23,35,0,140,16,0,16,156
11/29/2015,PVD,RI,ANE,EN,Combined TRACON& Tower with Radar,88,25,16,0,129,0,2,35,0,37,88,27,51,0,166,14,0,14,180
11/30/2015,PVD,RI,ANE,EN,Combined TRACON& Tower with Radar,97,24,17,0,138,1,0,23,0,24,98,24,40,0,162,18,0,18,180
12/01/2015,PVD,RI,ANE,EN,Combined TRACON& Tower with Radar,89,28,21,0,138,0,0,19,0,19,89,28,40,0,157,20,0,20,177
12/02/2015,PVD,RI,ANE,EN,Combined TRACON& Tower with Radar,87,18,10,0,115,0,0,0,0,0,87,18,10,0,115,0,0,0,115
12/03/2015,PVD,RI,ANE,EN,Combined TRACON& Tower with Radar,84,24,15,0,123,0,0,8,0,8,84,24,23,0,131,0,0,0,131
12/04/2015,PVD,RI,ANE,EN,Combined TRACON& Tower with Radar,90,29,14,0,133,0,0,20,0,20,90,29,34,0,153,16,0,16,169
12/05/2015,PVD,RI,ANE,EN,Combined TRACON& Tower with Radar,68,28,8,0,104,0,0,29,0,29,68,28,37,0,133,32,0,32,165
12/06/2015,PVD,RI,ANE,EN,Combined TRACON& Tower with Radar,68,29,17,2,116,0,2,14,0,16,68,31,31,2,132,0,0,0,132
12/07/2015,PVD,RI,ANE,EN,Combined TRACON& Tower with Radar,84,25,25,0,134,0,0,27,0,27,84,25,52,0,161,34,0,34,195
12/08/2015,PVD,RI,ANE,EN,Combined TRACON& Tower with Radar,91,27,23,0,141,0,0,5,0,5,91,27,28,0,146,62,0,62,208
12/09/2015,PVD,RI,ANE,EN,Combined TRACON& Tower with Radar,92,34,20,0,146,0,0,17,0,17,92,34,37,0,163,26,0,26,189
12/10/2015,PVD,RI,ANE,EN,Combined TRACON& Tower with Radar,92,37,34,0,163,0,0,23,0,23,92,37,57,0,186,22,0,22,208
12/11/2015,PVD,RI,ANE,EN,Combined TRACON& Tower with Radar,83,28,23,0,134,0,0,15,0,15,83,28,38,0,149,40,0,40,189
12/12/2015,PVD,RI,ANE,EN,Combined TRACON& Tower with Radar,70,22,14,0,106,0,0,29,0,29,70,22,43,0,135,34,0,34,169
12/13/2015,PVD,RI,ANE,EN,Combined TRACON& Tower with Radar,72,24,18,0,114,0,1,25,0,26,72,25,43,0,140,46,0,46,186
12/14/2015,PVD,RI,ANE,EN,Combined TRACON& Tower with Radar,83,30,15,0,128,0,0,0,0,0,83,30,15,0,128,0,0,0,128
12/15/2015,PVD,RI,ANE,EN,Combined TRACON& Tower with Radar,92,33,10,0,135,0,1,5,0,6,92,34,15,0,141,2,0,2,143
12/16/2015,PVD,RI,ANE,EN,Combined TRACON& Tower with Radar,95,28,23,0,146,0,0,24,1,25,95,28,47,1,171,60,0,60,231
12/17/2015,PVD,RI,ANE,EN,Combined TRACON& Tower with Radar,93,40,19,0,152,0,0,0,0,0,93,40,19,0,152,0,0,0,152
12/18/2015,PVD,RI,ANE,EN,Combined TRACON& Tower with Radar,86,36,11,0,133,0,0,10,0,10,86,36,21,0,143,40,0,40,183
12/19/2015,PVD,RI,ANE,EN,Combined TRACON& Tower with Radar,70,27,10,0,107,0,0,7,0,7,70,27,17,0,114,0,0,0,114
12/20/2015,PVD,RI,ANE,EN,Combined TRACON& Tower with Radar,72,39,9,0,120,0,0,32,0,32,72,39,41,0,152,52,0,52,204
12/21/2015,PVD,RI,ANE,EN,Combined TRACON& Tower with Radar,84,43,11,8,146,0,0,8,0,8,84,43,19,8,154,8,8,16,170
12/22/2015,PVD,RI,ANE,EN,Combined TRACON& Tower with Radar,92,38,11,0,141,0,0,3,0,3,92,38,14,0,144,22,0,22,166
12/23/2015,PVD,RI,ANE,EN,Combined TRACON& Tower with Radar,102,36,12,3,153,0,1,13,2,16,102,37,25,5,169,54,0,54,223
12/24/2015,PVD,RI,ANE,EN,Combined TRACON& Tower with Radar,61,28,5,0,94,0,0,1,0,1,61,28,6,0,95,0,0,0,95
12/25/2015,PVD,RI,ANE,EN,Combined TRACON& Tower with Radar,58,14,3,0,75,0,0,3,0,3,58,14,6,0,78,0,0,0,78
12/26/2015,PVD,RI,ANE,EN,Combined TRACON& Tower with Radar,70,27,17,0,114,0,0,17,0,17,70,27,34,0,131,47,0,47,178
12/27/2015,PVD,RI,ANE,EN,Combined TRACON& Tower with Radar,75,34,9,0,118,0,0,0,0,0,75,34,9,0,118,12,0,12,130
12/28/2015,PVD,RI,ANE,EN,Combined TRACON& Tower with Radar,72,35,9,2,118,2,0,14,0,16,74,35,23,2,134,12,0,12,146
12/29/2015,PVD,RI,ANE,EN,Combined TRACON& Tower with Radar,80,36,3,0,119,0,0,0,0,0,80,36,3,0,119,0,0,0,119
12/30/2015,PVD,RI,ANE,EN,Combined TRACON& Tower with Radar,77,41,2,1,121,0,0,0,0,0,77,41,2,1,121,0,8,8,129
12/31/2015,PVD,RI,ANE,EN,Combined TRACON& Tower with Radar,70,28,11,0,109,0,0,29,0,29,70,28,40,0,138,24,2,26,164
01/01/2016,PVD,RI,ANE,EN,Combined TRACON& Tower with Radar,61,23,6,0,90,0,0,6,0,6,61,23,12,0,96,2,0,2,98
01/02/2016,PVD,RI,ANE,EN,Combined TRACON& Tower with Radar,74,28,5,0,107,0,3,20,0,23,74,31,25,0,130,44,2,46,176
01/03/2016,PVD,RI,ANE,EN,Combined TRACON& Tower with Radar,81,29,12,0,122,0,0,8,0,8,81,29,20,0,130,16,0,16,146
01/04/2016,PVD,RI,ANE,EN,Combined TRACON& Tower with Radar,80,38,12,0,130,0,0,2,0,2,80,38,14,0,132,0,0,0,132
01/05/2016,PVD,RI,ANE,EN,Combined TRACON& Tower with Radar,80,36,18,2,136,0,2,28,0,30,80,38,46,2,166,14,0,14,180
01/06/2016,PVD,RI,ANE,EN,Combined TRACON& Tower with Radar,80,31,20,1,132,0,0,25,0,25,80,31,45,1,157,62,0,62,219
01/07/2016,PVD,RI,ANE,EN,Combined TRACON& Tower with Radar,81,33,11,0,125,0,4,33,0,37,81,37,44,0,162,18,0,18,180
01/08/2016,PVD,RI,ANE,EN,Combined TRACON& Tower with Radar,80,32,7,4,123,0,0,13,2,15,80,32,20,6,138,42,4,46,184
01/09/2016,PVD,RI,ANE,EN,Combined TRACON& Tower with Radar,66,19,5,0,90,0,0,13,0,13,66,19,18,0,103,62,0,62,165
01/10/2016,PVD,RI,ANE,EN,Combined TRACON& Tower with Radar,70,26,7,0,103,0,0,0,0,0,70,26,7,0,103,0,0,0,103
01/11/2016,PVD,RI,ANE,EN,Combined TRACON& Tower with Radar,77,34,15,0,126,0,0,9,0,9,77,34,24,0,135,8,0,8,143
01/12/2016,PVD,RI,ANE,EN,Combined TRACON& Tower with Radar,83,31,13,0,127,0,0,14,0,14,83,31,27,0,141,14,0,14,155
01/13/2016,PVD,RI,ANE,EN,Combined TRACON& Tower with Radar,82,38,13,0,133,0,1,4,1,6,82,39,17,1,139,2,0,2,141
01/14/2016,PVD,RI,ANE,EN,Combined TRACON& Tower with Radar,82,31,32,0,145,0,0,27,0,27,82,31,59,0,172,42,0,42,214
01/15/2016,PVD,RI,ANE,EN,Combined TRACON& Tower with Radar,81,29,23,0,133,0,0,22,0,22,81,29,45,0,155,30,0,30,185
01/16/2016,PVD,RI,ANE,EN,Combined TRACON& Tower with Radar,67,29,9,0,105,0,0,9,0,9,67,29,18,0,114,4,0,4,118
01/17/2016,PVD,RI,ANE,EN,Combined TRACON& Tower with Radar,66,26,14,0,106,0,0,26,0,26,66,26,40,0,132,50,0,50,182
01/18/2016,PVD,RI,ANE,EN,Combined TRACON& Tower with Radar,77,35,24,0,136,0,0,2,0,2,77,35,26,0,138,0,0,0,138
01/19/2016,PVD,RI,ANE,EN,Combined TRACON& Tower with Radar,81,36,14,0,131,0,2,4,0,6,81,38,18,0,137,0,0,0,137
01/20/2016,PVD,RI,ANE,EN,Combined TRACON& Tower with Radar,78,33,11,2,124,0,2,9,0,11,78,35,20,2,135,0,0,0,135
01/21/2016,PVD,RI,ANE,EN,Combined TRACON& Tower with Radar,80,36,24,0,140,0,0,17,0,17,80,36,41,0,157,42,0,42,199
01/22/2016,PVD,RI,ANE,EN,Combined TRACON& Tower with Radar,59,32,21,0,112,0,0,32,0,32,59,32,53,0,144,52,0,52,196
01/23/2016,PVD,RI,ANE,EN,Combined TRACON& Tower with Radar,38,1,0,0,39,0,0,0,0,0,38,1,0,0,39,4,0,4,43
01/24/2016,PVD,RI,ANE,EN,Combined TRACON& Tower with Radar,41,13,8,0,62,0,0,3,0,3,41,13,11,0,65,28,0,28,93
01/25/2016,PVD,RI,ANE,EN,Combined TRACON& Tower with Radar,65,20,20,0,105,1,1,25,0,27,66,21,45,0,132,26,0,26,158
01/26/2016,PVD,RI,ANE,EN,Combined TRACON& Tower with Radar,75,23,11,0,109,0,0,15,0,15,75,23,26,0,124,10,0,10,134
01/27/2016,PVD,RI,ANE,EN,Combined TRACON& Tower with Radar,77,36,18,0,131,0,0,32,0,32,77,36,50,0,163,26,0,26,189
01/28/2016,PVD,RI,ANE,EN,Combined TRACON& Tower with Radar,81,33,22,0,136,0,4,22,0,26,81,37,44,0,162,58,2,60,222
01/29/2016,PVD,RI,ANE,EN,Combined TRACON& Tower with Radar,79,32,14,7,132,0,0,17,0,17,79,32,31,7,149,98,2,100,249
01/30/2016,PVD,RI,ANE,EN,Combined TRACON& Tower with Radar,68,24,17,2,111,0,0,31,1,32,68,24,48,3,143,74,2,76,219
01/31/2016,PVD,RI,ANE,EN,Combined TRACON& Tower with Radar,66,32,14,0,112,0,0,20,0,20,66,32,34,0,132,64,0,64,196
02/01/2016,PVD,RI,ANE,EN,Combined TRACON& Tower with Radar,74,29,20,0,123,1,0,15,0,16,75,29,35,0,139,38,0,38,177
02/02/2016,PVD,RI,ANE,EN,Combined TRACON& Tower with Radar,78,30,15,0,123,0,3,14,0,17,78,33,29,0,140,14,0,14,154
02/03/2016,PVD,RI,ANE,EN,Combined TRACON& Tower with Radar,74,34,12,0,120,0,0,2,0,2,74,34,14,0,122,8,0,8,130
02/04/2016,PVD,RI,ANE,EN,Combined TRACON& Tower with Radar,83,37,30,0,150,0,0,9,0,9,83,37,39,0,159,36,0,36,195
02/05/2016,PVD,RI,ANE,EN,Combined TRACON& Tower with Radar,81,30,8,0,119,0,1,0,0,1,81,31,8,0,120,0,0,0,120
02/06/2016,PVD,RI,ANE,EN,Combined TRACON& Tower with Radar,66,30,14,0,110,0,1,23,0,24,66,31,37,0,134,40,0,40,174
02/07/2016,PVD,RI,ANE,EN,Combined TRACON& Tower with Radar,51,32,14,0,97,0,0,32,0,32,51,32,46,0,129,46,0,46,175
02/08/2016,PVD,RI,ANE,EN,Combined TRACON& Tower with Radar,39,7,2,0,48,0,0,0,0,0,39,7,2,0,48,0,0,0,48
02/09/2016,PVD,RI,ANE,EN,Combined TRACON& Tower with Radar,78,33,15,0,126,0,0,7,0,7,78,33,22,0,133,24,0,24,157
02/10/2016,PVD,RI,ANE,EN,Combined TRACON& Tower with Radar,83,29,10,1,123,0,1,3,1,5,83,30,13,2,128,0,4,4,132
02/11/2016,PVD,RI,ANE,EN,Combined TRACON& Tower with Radar,76,28,23,0,127,0,0,9,0,9,76,28,32,0,136,36,0,36,172
02/12/2016,PVD,RI,ANE,EN,Combined TRACON& Tower with Radar,81,34,14,0,129,0,2,42,0,44,81,36,56,0,173,40,0,40,213
02/13/2016,PVD,RI,ANE,EN,Combined TRACON& Tower with Radar,72,29,2,0,103,0,1,6,0,7,72,30,8,0,110,8,0,8,118
02/14/2016,PVD,RI,ANE,EN,Combined TRACON& Tower with Radar,65,26,5,0,96,0,2,2,0,4,65,28,7,0,100,0,0,0,100
02/15/2016,PVD,RI,ANE,EN,Combined TRACON& Tower with Radar,56,31,8,0,95,0,1,5,0,6,56,32,13,0,101,10,0,10,111
02/16/2016,PVD,RI,ANE,EN,Combined TRACON& Tower with Radar,77,35,18,0,130,0,0,0,0,0,77,35,18,0,130,0,0,0,130
02/17/2016,PVD,RI,ANE,EN,Combined TRACON& Tower with Radar,79,35,16,5,135,0,0,17,4,21,79,35,33,9,156,32,8,40,196
02/18/2016,PVD,RI,ANE,EN,Combined TRACON& Tower with Radar,83,32,22,2,139,0,2,40,0,42,83,34,62,2,181,8,12,20,201
02/19/2016,PVD,RI,ANE,EN,Combined TRACON& Tower with Radar,79,34,14,0,127,0,2,33,0,35,79,36,47,0,162,62,0,62,224
02/20/2016,PVD,RI,ANE,EN,Combined TRACON& Tower with Radar,72,26,17,0,115,0,0,32,0,32,72,26,49,0,147,57,2,59,206
02/21/2016,PVD,RI,ANE,EN,Combined TRACON& Tower with Radar,68,30,22,2,122,0,0,28,0,28,68,30,50,2,150,62,0,62,212
02/22/2016,PVD,RI,ANE,EN,Combined TRACON& Tower with Radar,78,30,22,0,130,0,0,35,0,35,78,30,57,0,165,50,0,50,215
02/23/2016,PVD,RI,ANE,EN,Combined TRACON& Tower with Radar,82,38,30,0,150,0,0,22,0,22,82,38,52,0,172,14,0,14,186
02/24/2016,PVD,RI,ANE,EN,Combined TRACON& Tower with Radar,77,28,19,0,124,0,0,0,0,0,77,28,19,0,124,0,0,0,124
02/25/2016,PVD,RI,ANE,EN,Combined TRACON& Tower with Radar,80,36,17,0,133,0,0,2,1,3,80,36,19,1,136,6,0,6,142
02/26/2016,PVD,RI,ANE,EN,Combined TRACON& Tower with Radar,83,32,8,0,123,0,2,7,0,9,83,34,15,0,132,0,0,0,132
02/27/2016,PVD,RI,ANE,EN,Combined TRACON& Tower with Radar,69,24,17,0,110,0,1,39,0,40,69,25,56,0,150,55,0,55,205
02/28/2016,PVD,RI,ANE,EN,Combined TRACON& Tower with Radar,68,24,10,0,102,0,0,22,0,22,68,24,32,0,124,56,0,56,180
02/29/2016,PVD,RI,ANE,EN,Combined TRACON& Tower with Radar,77,33,19,0,129,0,0,21,0,21,77,33,40,0,150,16,0,16,166
03/01/2016,PVD,RI,ANE,EN,Combined TRACON& Tower with Radar,82,32,32,0,146,0,0,21,2,23,82,32,53,2,169,36,0,36,205
03/02/2016,PVD,RI,ANE,EN,Combined TRACON& Tower with Radar,78,31,19,0,128,0,0,6,0,6,78,31,25,0,134,0,0,0,134
03/03/2016,PVD,RI,ANE,EN,Combined TRACON& Tower with Radar,78,30,17,2,127,0,0,21,0,21,78,30,38,2,148,46,4,50,198
03/04/2016,PVD,RI,ANE,EN,Combined TRACON& Tower with Radar,82,38,23,0,143,0,0,4,0,4,82,38,27,0,147,40,0,40,187
03/05/2016,PVD,RI,ANE,EN,Combined TRACON& Tower with Radar,68,20,6,0,94,0,3,32,0,35,68,23,38,0,129,98,0,98,227
03/06/2016,PVD,RI,ANE,EN,Combined TRACON& Tower with Radar,66,24,27,2,119,0,0,31,2,33,66,24,58,4,152,69,2,71,223
03/07/2016,PVD,RI,ANE,EN,Combined TRACON& Tower with Radar,73,37,9,0,119,0,1,21,0,22,73,38,30,0,141,18,0,18,159
03/08/2016,PVD,RI,ANE,EN,Combined TRACON& Tower with Radar,77,38,29,0,144,0,2,36,0,38,77,40,65,0,182,66,0,66,248
03/09/2016,PVD,RI,ANE,EN,Combined TRACON& Tower with Radar,72,32,15,1,120,0,0,20,1,21,72,32,35,2,141,76,2,78,219
03/10/2016,PVD,RI,ANE,EN,Combined TRACON& Tower with Radar,83,32,23,0,138,0,2,14,0,16,83,34,37,0,154,48,0,48,202
03/11/2016,PVD,RI,ANE,EN,Combined TRACON& Tower with Radar,85,31,23,5,144,0,2,20,0,22,85,33,43,5,166,96,2,98,264
03/12/2016,PVD,RI,ANE,EN,Combined TRACON& Tower with Radar,75,17,9,0,101,0,2,37,0,39,75,19,46,0,140,130,0,130,270
03/13/2016,PVD,RI,ANE,EN,Combined TRACON& Tower with Radar,77,27,7,0,111,0,0,28,0,28,77,27,35,0,139,44,0,44,183
03/14/2016,PVD,RI,ANE,EN,Combined TRACON& Tower with Radar,79,29,16,2,126,0,0,7,0,7,79,29,23,2,133,76,2,78,211
03/15/2016,PVD,RI,ANE,EN,Combined TRACON& Tower with Radar,93,54,12,3,162,0,0,0,0,0,93,54,12,3,162,0,0,0,162
03/16/2016,PVD,RI,ANE,EN,Combined TRACON& Tower with Radar,89,43,27,0,159,0,5,12,5,22,89,48,39,5,181,81,0,81,262
03/17/2016,PVD,RI,ANE,EN,Combined TRACON& Tower with Radar,85,32,38,0,155,0,0,11,0,11,85,32,49,0,166,41,0,41,207
03/18/2016,PVD,RI,ANE,EN,Combined TRACON& Tower with Radar,86,35,14,0,135,0,0,11,0,11,86,35,25,0,146,12,0,12,158
03/19/2016,PVD,RI,ANE,EN,Combined TRACON& Tower with Radar,74,28,27,0,129,0,0,46,0,46,74,28,73,0,175,101,0,101,276
03/20/2016,PVD,RI,ANE,EN,Combined TRACON& Tower with Radar,73,27,14,2,116,0,2,20,2,24,73,29,34,4,140,62,0,62,202
03/21/2016,PVD,RI,ANE,EN,Combined TRACON& Tower with Radar,72,26,14,0,112,0,0,6,0,6,72,26,20,0,118,4,0,4,122
03/22/2016,PVD,RI,ANE,EN,Combined TRACON& Tower with Radar,83,38,27,0,148,0,0,27,0,27,83,38,54,0,175,12,0,12,187
03/23/2016,PVD,RI,ANE,EN,Combined TRACON& Tower with Radar,85,33,28,5,151,0,0,21,3,24,85,33,49,8,175,46,2,48,223
03/24/2016,PVD,RI,ANE,EN,Combined TRACON& Tower with Radar,80,40,29,2,151,2,0,18,0,20,82,40,47,2,171,76,0,76,247
03/25/2016,PVD,RI,ANE,EN,Combined TRACON& Tower with Radar,84,42,19,4,149,0,0,0,0,0,84,42,19,4,149,4,4,8,157
03/26/2016,PVD,RI,ANE,EN,Combined TRACON& Tower with Radar,71,14,8,0,93,0,0,27,0,27,71,14,35,0,120,98,0,98,218
03/27/2016,PVD,RI,ANE,EN,Combined TRACON& Tower with Radar,77,25,7,0,109,0,0,4,0,4,77,25,11,0,113,12,0,12,125
03/28/2016,PVD,RI,ANE,EN,Combined TRACON& Tower with Radar,81,35,17,0,133,0,0,1,0,1,81,35,18,0,134,0,0,0,134
03/29/2016,PVD,RI,ANE,EN,Combined TRACON& Tower with Radar,83,37,13,2,135,1,0,7,0,8,84,37,20,2,143,2,0,2,145
03/30/2016,PVD,RI,ANE,EN,Combined TRACON& Tower with Radar,87,32,27,4,150,0,0,23,0,23,87,32,50,4,173,46,0,46,219
03/31/2016,PVD,RI,ANE,EN,Combined TRACON& Tower with Radar,83,32,12,0,127,0,2,0,0,2,83,34,12,0,129,2,0,2,131
04/01/2016,PVD,RI,ANE,EN,Combined TRACON& Tower with Radar,85,33,21,8,147,0,0,0,0,0,85,33,21,8,147,14,0,14,161
04/02/2016,PVD,RI,ANE,EN,Combined TRACON& Tower with Radar,69,24,18,2,113,0,0,6,0,6,69,24,24,2,119,4,2,6,125
04/03/2016,PVD,RI,ANE,EN,Combined TRACON& Tower with Radar,78,24,10,0,112,0,0,4,0,4,78,24,14,0,116,2,0,2,118
04/04/2016,PVD,RI,ANE,EN,Combined TRACON& Tower with Radar,78,32,16,0,126,1,0,0,0,1,79,32,16,0,127,0,0,0,127
04/05/2016,PVD,RI,ANE,EN,Combined TRACON& Tower with Radar,94,34,34,0,162,1,0,11,0,12,95,34,45,0,174,22,0,22,196
04/06/2016,PVD,RI,ANE,EN,Combined TRACON& Tower with Radar,103,32,13,2,150,0,0,16,0,16,103,32,29,2,166,34,0,34,200
04/07/2016,PVD,RI,ANE,EN,Combined TRACON& Tower with Radar,96,24,25,0,145,0,0,1,0,1,96,24,26,0,146,0,0,0,146
04/08/2016,PVD,RI,ANE,EN,Combined TRACON& Tower with Radar,97,33,17,0,147,0,0,12,2,14,97,33,29,2,161,14,0,14,175
04/09/2016,PVD,RI,ANE,EN,Combined TRACON& Tower with Radar,79,25,12,0,116,0,2,39,1,42,79,27,51,1,158,22,0,22,180
04/10/2016,PVD,RI,ANE,EN,Combined TRACON& Tower with Radar,86,33,13,1,133,0,0,18,1,19,86,33,31,2,152,19,0,19,171
04/11/2016,PVD,RI,ANE,EN,Combined TRACON& Tower with Radar,96,34,18,0,148,1,1,8,0,10,97,35,26,0,158,20,0,20,178
04/12/2016,PVD,RI,ANE,EN,Combined TRACON& Tower with Radar,95,37,12,0,144,0,0,1,0,1,95,37,13,0,145,8,0,8,153
04/13/2016,PVD,RI,ANE,EN,Combined TRACON& Tower with Radar,96,32,17,0,145,0,1,33,0,34,96,33,50,0,179,34,0,34,213
04/14/2016,PVD,RI,ANE,EN,Combined TRACON& Tower with Radar,91,36,32,0,159,0,2,29,0,31,91,38,61,0,190,42,0,42,232
04/15/2016,PVD,RI,ANE,EN,Combined TRACON& Tower with Radar,94,33,22,0,149,0,4,24,0,28,94,37,46,0,177,34,0,34,211
04/16/2016,PVD,RI,ANE,EN,Combined TRACON& Tower with Radar,94,23,9,0,126,0,2,15,0,17,94,25,24,0,143,14,0,14,157
04/17/2016,PVD,RI,ANE,EN,Combined TRACON& Tower with Radar,84,24,13,0,121,0,0,34,0,34,84,24,47,0,155,38,0,38,193
04/18/2016,PVD,RI,ANE,EN,Combined TRACON& Tower with Radar,92,33,13,0,138,0,0,27,0,27,92,33,40,0,165,40,0,40,205
04/19/2016,PVD,RI,ANE,EN,Combined TRACON& Tower with Radar,97,27,36,2,162,0,0,22,2,24,97,27,58,4,186,32,6,38,224
04/20/2016,PVD,RI,ANE,EN,Combined TRACON& Tower with Radar,101,38,19,1,159,1,0,40,0,41,102,38,59,1,200,32,0,32,232
04/21/2016,PVD,RI,ANE,EN,Combined TRACON& Tower with Radar,94,32,22,0,148,0,1,29,0,30,94,33,51,0,178,13,0,13,191
04/22/2016,PVD,RI,ANE,EN,Combined TRACON& Tower with Radar,96,29,23,0,148,0,4,28,0,32,96,33,51,0,180,36,0,36,216
04/23/2016,PVD,RI,ANE,EN,Combined TRACON& Tower with Radar,91,20,19,0,130,0,0,5,0,5,91,20,24,0,135,66,0,66,201
04/24/2016,PVD,RI,ANE,EN,Combined TRACON& Tower with Radar,86,23,17,0,126,0,0,24,0,24,86,23,41,0,150,50,0,50,200
04/25/2016,PVD,RI,ANE,EN,Combined TRACON& Tower with Radar,86,28,25,0,139,0,0,26,0,26,86,28,51,0,165,28,0,28,193
04/26/2016,PVD,RI,ANE,EN,Combined TRACON& Tower with Radar,92,27,20,4,143,0,0,1,0,1,92,27,21,4,144,0,0,0,144
04/27/2016,PVD,RI,ANE,EN,Combined TRACON& Tower with Radar,95,32,26,0,153,0,3,32,0,35,95,35,58,0,188,35,0,35,223
04/28/2016,PVD,RI,ANE,EN,Combined TRACON& Tower with Radar,90,35,15,0,140,0,0,26,0,26,90,35,41,0,166,46,0,46,212
04/29/2016,PVD,RI,ANE,EN,Combined TRACON& Tower with Radar,91,33,18,0,142,1,0,44,0,45,92,33,62,0,187,88,0,88,275
04/30/2016,PVD,RI,ANE,EN,Combined TRACON& Tower with Radar,83,25,8,0,116,0,0,39,0,39,83,25,47,0,155,38,0,38,193
05/01/2016,PVD,RI,ANE,EN,Combined TRACON& Tower with Radar,75,23,11,0,109,0,0,13,0,13,75,23,24,0,122,22,0,22,144
05/02/2016,PVD,RI,ANE,EN,Combined TRACON& Tower with Radar,93,28,22,0,143,0,0,0,0,0,93,28,22,0,143,4,0,4,147
05/03/2016,PVD,RI,ANE,EN,Combined TRACON& Tower with Radar,93,28,9,0,130,0,0,1,0,1,93,28,10,0,131,2,0,2,133
05/04/2016,PVD,RI,ANE,EN,Combined TRACON& Tower with Radar,91,34,31,4,160,0,0,5,1,6,91,34,36,5,166,45,2,47,213
05/05/2016,PVD,RI,ANE,EN,Combined TRACON& Tower with Radar,94,32,26,2,154,0,0,2,0,2,94,32,28,2,156,6,0,6,162
05/06/2016,PVD,RI,ANE,EN,Combined TRACON& Tower with Radar,93,36,33,0,162,0,0,5,0,5,93,36,38,0,167,36,0,36,203
05/07/2016,PVD,RI,ANE,EN,Combined TRACON& Tower with Radar,84,27,26,0,137,0,0,0,0,0,84,27,26,0,137,0,0,0,137
05/08/2016,PVD,RI,ANE,EN,Combined TRACON& Tower with Radar,83,30,23,0,136,0,0,7,0,7,83,30,30,0,143,30,0,30,173
05/09/2016,PVD,RI,ANE,EN,Combined TRACON& Tower with Radar,96,24,28,0,148,0,0,33,0,33,96,24,61,0,181,14,0,14,195
05/10/2016,PVD,RI,ANE,EN,Combined TRACON& Tower with Radar,98,31,21,0,150,1,2,34,0,37,99,33,55,0,187,36,0,36,223
05/11/2016,PVD,RI,ANE,EN,Combined TRACON& Tower with Radar,99,25,21,0,145,0,2,43,0,45,99,27,64,0,190,89,0,89,279
05/12/2016,PVD,RI,ANE,EN,Combined TRACON& Tower with Radar,93,25,13,0,131,0,0,40,0,40,93,25,53,0,171,62,0,62,233
05/13/2016,PVD,RI,ANE,EN,Combined TRACON& Tower with Radar,101,27,32,0,160,1,0,6,0,7,102,27,38,0,167,16,0,16,183
05/14/2016,PVD,RI,ANE,EN,Combined TRACON& Tower with Radar,86,27,14,0,127,0,0,41,0,41,86,27,55,0,168,60,0,60,228
05/15/2016,PVD,RI,ANE,EN,Combined TRACON& Tower with Radar,83,23,12,0,118,0,0,6,0,6,83,23,18,0,124,6,0,6,130
05/16/2016,PVD,RI,ANE,EN,Combined TRACON& Tower with Radar,94,24,17,0,135,0,2,5,2,9,94,26,22,2,144,2,0,2,146
05/17/2016,PVD,RI,ANE,EN,Combined TRACON& Tower with Radar,100,25,22,6,153,0,0,30,0,30,100,25,52,6,183,58,0,58,241
05/18/2016,PVD,RI,ANE,EN,Combined TRACON& Tower with Radar,102,31,33,3,169,0,0,39,1,40,102,31,72,4,209,28,6,34,243
05/19/2016,PVD,RI,ANE,EN,Combined TRACON& Tower with Radar,94,29,31,0,154,0,0,30,1,31,94,29,61,1,185,30,0,30,215
05/20/2016,PVD,RI,ANE,EN,Combined TRACON& Tower with Radar,99,31,40,0,170,0,1,34,0,35,99,32,74,0,205,16,0,16,221
05/21/2016,PVD,RI,ANE,EN,Combined TRACON& Tower with Radar,84,30,21,0,135,0,4,40,0,44,84,34,61,0,179,58,0,58,237
05/22/2016,PVD,RI,ANE,EN,Combined TRACON& Tower with Radar,86,25,17,0,128,0,0,5,0,5,86,25,22,0,133,64,0,64,197
05/23/2016,PVD,RI,ANE,EN,Combined TRACON& Tower with Radar,96,32,17,0,145,2,3,17,0,22,98,35,34,0,167,2,0,2,169
05/24/2016,PVD,RI,ANE,EN,Combined TRACON& Tower with Radar,95,23,21,0,139,0,0,0,0,0,95,23,21,0,139,4,0,4,143
05/25/2016,PVD,RI,ANE,EN,Combined TRACON& Tower with Radar,99,35,14,0,148,0,0,29,4,33,99,35,43,4,181,54,0,54,235
05/26/2016,PVD,RI,ANE,EN,Combined TRACON& Tower with Radar,93,34,39,1,167,0,6,37,2,45,93,40,76,3,212,36,0,36,248
05/27/2016,PVD,RI,ANE,EN,Combined TRACON& Tower with Radar,98,36,21,1,156,0,5,27,6,38,98,41,48,7,194,8,0,8,202
05/28/2016,PVD,RI,ANE,EN,Combined TRACON& Tower with Radar,83,28,16,0,127,0,2,28,0,30,83,30,44,0,157,19,0,19,176
05/29/2016,PVD,RI,ANE,EN,Combined TRACON& Tower with Radar,72,31,18,0,121,0,4,26,0,30,72,35,44,0,151,16,0,16,167
05/30/2016,PVD,RI,ANE,EN,Combined TRACON& Tower with Radar,88,33,25,0,146,0,0,0,0,0,88,33,25,0,146,0,0,0,146
05/31/2016,PVD,RI,ANE,EN,Combined TRACON& Tower with Radar,91,27,23,0,141,0,2,27,0,29,91,29,50,0,170,44,0,44,214
06/01/2016,PVD,RI,ANE,EN,Combined TRACON& Tower with Radar,99,33,22,2,156,0,0,20,0,20,99,33,42,2,176,25,0,25,201
06/02/2016,PVD,RI,ANE,EN,Combined TRACON& Tower with Radar,97,30,22,0,149,2,1,22,0,25,99,31,44,0,174,36,0,36,210
06/03/2016,PVD,RI,ANE,EN,Combined TRACON& Tower with Radar,100,36,34,1,171,0,0,1,0,1,100,36,35,1,172,18,0,18,190
06/04/2016,PVD,RI,ANE,EN,Combined TRACON& Tower with Radar,89,16,29,0,134,0,0,30,0,30,89,16,59,0,164,140,0,140,304
06/05/2016,PVD,RI,ANE,EN,Combined TRACON& Tower with Radar,74,26,15,1,116,0,0,0,0,0,74,26,15,1,116,0,0,0,116
06/06/2016,PVD,RI,ANE,EN,Combined TRACON& Tower with Radar,97,27,21,0,145,0,0,33,0,33,97,27,54,0,178,60,0,60,238
06/07/2016,PVD,RI,ANE,EN,Combined TRACON& Tower with Radar,99,33,34,0,166,0,1,10,0,11,99,34,44,0,177,74,0,74,251
06/08/2016,PVD,RI,ANE,EN,Combined TRACON& Tower with Radar,104,31,26,0,161,0,0,27,0,27,104,31,53,0,188,48,0,48,236
06/09/2016,PVD,RI,ANE,EN,Combined TRACON& Tower with Radar,109,29,29,0,167,0,1,26,0,27,109,30,55,0,194,0,0,0,194
06/10/2016,PVD,RI,ANE,EN,Combined TRACON& Tower with Radar,100,28,23,3,154,0,0,32,3,35,100,28,55,6,189,38,0,38,227
06/11/2016,PVD,RI,ANE,EN,Combined TRACON& Tower with Radar,85,20,19,0,124,0,0,19,0,19,85,20,38,0,143,16,0,16,159
06/12/2016,PVD,RI,ANE,EN,Combined TRACON& Tower with Radar,89,23,10,0,122,0,0,10,0,10,89,23,20,0,132,2,0,2,134
06/13/2016,PVD,RI,ANE,EN,Combined TRACON& Tower with Radar,108,24,8,0,140,0,0,24,1,25,108,24,32,1,165,14,0,14,179
06/14/2016,PVD,RI,ANE,EN,Combined TRACON& Tower with Radar,101,24,22,0,147,0,0,24,0,24,101,24,46,0,171,26,0,26,197
06/15/2016,PVD,RI,ANE,EN,Combined TRACON& Tower with Radar,105,25,20,0,150,0,1,36,0,37,105,26,56,0,187,58,0,58,245
06/16/2016,PVD,RI,ANE,EN,Combined TRACON& Tower with Radar,99,27,21,0,147,2,0,43,0,45,101,27,64,0,192,26,0,26,218
06/17/2016,PVD,RI,ANE,EN,Combined TRACON& Tower with Radar,102,31,15,0,148,0,3,37,0,40,102,34,52,0,188,90,0,90,278
06/18/2016,PVD,RI,ANE,EN,Combined TRACON& Tower with Radar,81,23,14,0,118,0,0,37,0,37,81,23,51,0,155,44,0,44,199
06/19/2016,PVD,RI,ANE,EN,Combined TRACON& Tower with Radar,89,24,12,0,125,1,2,31,0,34,90,26,43,0,159,46,0,46,205
06/20/2016,PVD,RI,ANE,EN,Combined TRACON& Tower with Radar,105,28,17,0,150,1,0,38,0,39,106,28,55,0,189,50,0,50,239
06/21/2016,PVD,RI,ANE,EN,Combined TRACON& Tower with Radar,99,29,22,0,150,0,3,19,0,22,99,32,41,0,172,38,0,38,210
06/22/2016,PVD,RI,ANE,EN,Combined TRACON& Tower with Radar,103,27,28,0,158,0,0,27,0,27,103,27,55,0,185,74,0,74,259
06/23/2016,PVD,RI,ANE,EN,Combined TRACON& Tower with Radar,99,24,21,0,144,0,0,26,0,26,99,24,47,0,170,32,0,32,202
06/24/2016,PVD,RI,ANE,EN,Combined TRACON& Tower with Radar,102,32,36,0,170,0,3,33,0,36,102,35,69,0,206,37,0,37,243
06/25/2016,PVD,RI,ANE,EN,Combined TRACON& Tower with Radar,86,18,28,0,132,0,0,35,1,36,86,18,63,1,168,20,0,20,188
06/26/2016,PVD,RI,ANE,EN,Combined TRACON& Tower with Radar,86,27,21,0,134,0,2,17,0,19,86,29,38,0,153,18,0,18,171
06/27/2016,PVD,RI,ANE,EN,Combined TRACON& Tower with Radar,100,33,24,0,157,1,2,22,0,25,101,35,46,0,182,30,0,30,212
06/28/2016,PVD,RI,ANE,EN,Combined TRACON& Tower with Radar,106,26,27,0,159,0,0,11,3,14,106,26,38,3,173,68,0,68,241
06/29/2016,PVD,RI,ANE,EN,Combined TRACON& Tower with Radar,105,30,27,0,162,0,0,3,0,3,105,30,30,0,165,74,0,74,239
06/30/2016,PVD,RI,ANE,EN,Combined TRACON& Tower with Radar,110,28,23,0,161,0,1,32,0,33,110,29,55,0,194,38,0,38,232
07/01/2016,PVD,RI,ANE,EN,Combined TRACON& Tower with Radar,99,28,26,0,153,0,2,33,0,35,99,30,59,0,188,58,0,58,246
07/02/2016,PVD,RI,ANE,EN,Combined TRACON& Tower with Radar,91,19,14,1,125,0,6,35,0,41,91,25,49,1,166,24,0,24,190
07/03/2016,PVD,RI,ANE,EN,Combined TRACON& Tower with Radar,73,12,13,1,99,0,0,29,0,29,73,12,42,1,128,48,0,48,176
07/04/2016,PVD,RI,ANE,EN,Combined TRACON& Tower with Radar,87,19,9,0,115,1,1,14,0,16,88,20,23,0,131,8,0,8,139
07/05/2016,PVD,RI,ANE,EN,Combined TRACON& Tower with Radar,104,34,30,0,168,0,0,3,0,3,104,34,33,0,171,54,0,54,225
07/06/2016,PVD,RI,ANE,EN,Combined TRACON& Tower with Radar,105,22,15,0,142,0,4,35,0,39,105,26,50,0,181,64,0,64,245
07/07/2016,PVD,RI,ANE,EN,Combined TRACON& Tower with Radar,110,27,20,0,157,1,4,36,0,41,111,31,56,0,198,76,0,76,274
07/08/2016,PVD,RI,ANE,EN,Combined TRACON& Tower with Radar,93,34,26,0,153,0,0,4,0,4,93,34,30,0,157,4,0,4,161
07/09/2016,PVD,RI,ANE,EN,Combined TRACON& Tower with Radar,88,20,24,0,132,0,0,3,0,3,88,20,27,0,135,6,0,6,141
07/10/2016,PVD,RI,ANE,EN,Combined TRACON& Tower with Radar,91,24,19,0,134,0,2,3,0,5,91,26,22,0,139,24,0,24,163
07/11/2016,PVD,RI,ANE,EN,Combined TRACON& Tower with Radar,102,36,21,0,159,0,1,17,0,18,102,37,38,0,177,84,0,84,261
07/12/2016,PVD,RI,ANE,EN,Combined TRACON& Tower with Radar,107,37,39,3,186,0,0,38,3,41,107,37,77,6,227,28,22,50,277
07/13/2016,PVD,RI,ANE,EN,Combined TRACON& Tower with Radar,97,33,21,0,151,0,0,32,0,32,97,33,53,0,183,20,0,20,203
07/14/2016,PVD,RI,ANE,EN,Combined TRACON& Tower with Radar,104,29,31,0,164,1,0,11,0,12,105,29,42,0,176,18,0,18,194
07/15/2016,PVD,RI,ANE,EN,Combined TRACON& Tower with Radar,98,38,27,0,163,0,0,37,0,37,98,38,64,0,200,44,0,44,244
07/16/2016,PVD,RI,ANE,EN,Combined TRACON& Tower with Radar,85,19,18,0,122,0,0,40,0,40,85,19,58,0,162,80,0,80,242
07/17/2016,PVD,RI,ANE,EN,Combined TRACON& Tower with Radar,90,13,30,0,133,0,0,22,0,22,90,13,52,0,155,72,0,72,227
07/18/2016,PVD,RI,ANE,EN,Combined TRACON& Tower with Radar,101,25,20,0,146,1,0,25,0,26,102,25,45,0,172,68,0,68,240
07/19/2016,PVD,RI,ANE,EN,Combined TRACON& Tower with Radar,103,18,34,0,155,0,0,43,0,43,103,18,77,0,198,44,0,44,242
07/20/2016,PVD,RI,ANE,EN,Combined TRACON& Tower with Radar,96,26,15,0,137,0,0,54,0,54,96,26,69,0,191,79,0,79,270
07/21/2016,PVD,RI,ANE,EN,Combined TRACON& Tower with Radar,95,30,18,1,144,0,0,27,0,27,95,30,45,1,171,44,0,44,215
07/22/2016,PVD,RI,ANE,EN,Combined TRACON& Tower with Radar,98,32,26,0,156,0,1,23,0,24,98,33,49,0,180,28,0,28,208
07/23/2016,PVD,RI,ANE,EN,Combined TRACON& Tower with Radar,93,25,14,0,132,0,1,38,0,39,93,26,52,0,171,108,0,108,279
07/24/2016,PVD,RI,ANE,EN,Combined TRACON& Tower with Radar,88,14,12,0,114,0,4,26,0,30,88,18,38,0,144,42,0,42,186
07/25/2016,PVD,RI,ANE,EN,Combined TRACON& Tower with Radar,100,30,24,0,154,1,0,37,0,38,101,30,61,0,192,50,0,50,242
07/26/2016,PVD,RI,ANE,EN,Combined TRACON& Tower with Radar,104,26,28,0,158,0,1,36,0,37,104,27,64,0,195,10,0,10,205
07/27/2016,PVD,RI,ANE,EN,Combined TRACON& Tower with Radar,103,35,33,0,171,0,2,29,0,31,103,37,62,0,202,38,0,38,240
07/28/2016,PVD,RI,ANE,EN,Combined TRACON& Tower with Radar,91,32,30,0,153,0,0,31,1,32,91,32,61,1,185,38,0,38,223
07/29/2016,PVD,RI,ANE,EN,Combined TRACON& Tower with Radar,101,30,14,0,145,0,1,2,0,3,101,31,16,0,148,0,0,0,148
07/30/2016,PVD,RI,ANE,EN,Combined TRACON& Tower with Radar,86,16,10,0,112,0,0,28,0,28,86,16,38,0,140,16,0,16,156
07/31/2016,PVD,RI,ANE,EN,Combined TRACON& Tower with Radar,82,18,22,0,122,0,0,7,0,7,82,18,29,0,129,18,0,18,147
08/01/2016,PVD,RI,ANE,EN,Combined TRACON& Tower with Radar,105,35,28,0,168,0,0,26,0,26,105,35,54,0,194,26,0,26,220
08/02/2016,PVD,RI,ANE,EN,Combined TRACON& Tower with Radar,98,26,35,2,161,0,9,26,2,37,98,35,61,4,198,80,0,80,278
08/03/2016,PVD,RI,ANE,EN,Combined TRACON& Tower with Radar,106,35,15,0,156,0,4,36,0,40,106,39,51,0,196,56,0,56,252
08/04/2016,PVD,RI,ANE,EN,Combined TRACON& Tower with Radar,111,24,22,0,157,0,0,51,0,51,111,24,73,0,208,106,0,106,314
08/05/2016,PVD,RI,ANE,EN,Combined TRACON& Tower with Radar,100,26,25,0,151,0,1,42,0,43,100,27,67,0,194,36,0,36,230
08/06/2016,PVD,RI,ANE,EN,Combined TRACON& Tower with Radar,84,32,17,0,133,0,0,15,1,16,84,32,32,1,149,60,0,60,209
08/07/2016,PVD,RI,ANE,EN,Combined TRACON& Tower with Radar,89,30,11,0,130,1,4,42,0,47,90,34,53,0,177,44,0,44,221
08/08/2016,PVD,RI,ANE,EN,Combined TRACON& Tower with Radar,96,40,33,0,169,0,7,37,0,44,96,47,70,0,213,8,0,8,221
08/09/2016,PVD,RI,ANE,EN,Combined TRACON& Tower with Radar,102,33,22,0,157,0,5,36,0,41,102,38,58,0,198,36,0,36,234
08/10/2016,PVD,RI,ANE,EN,Combined TRACON& Tower with Radar,101,38,32,2,173,0,0,9,0,9,101,38,41,2,182,2,0,2,184
08/11/2016,PVD,RI,ANE,EN,Combined TRACON& Tower with Radar,107,43,38,2,190,0,2,25,0,27,107,45,63,2,217,28,0,28,245
08/12/2016,PVD,RI,ANE,EN,Combined TRACON& Tower with Radar,96,44,33,2,175,0,5,36,3,44,96,49,69,5,219,22,0,22,241
08/13/2016,PVD,RI,ANE,EN,Combined TRACON& Tower with Radar,80,29,14,0,123,0,1,34,0,35,80,30,48,0,158,26,0,26,184
08/14/2016,PVD,RI,ANE,EN,Combined TRACON& Tower with Radar,90,38,34,0,162,0,2,26,0,28,90,40,60,0,190,20,0,20,210
08/15/2016,PVD,RI,ANE,EN,Combined TRACON& Tower with Radar,100,31,21,0,152,0,9,45,0,54,100,40,66,0,206,44,0,44,250
08/16/2016,PVD,RI,ANE,EN,Combined TRACON& Tower with Radar,110,30,31,0,171,0,2,17,0,19,110,32,48,0,190,40,0,40,230
08/17/2016,PVD,RI,ANE,EN,Combined TRACON& Tower with Radar,103,38,37,0,178,0,2,38,0,40,103,40,75,0,218,40,0,40,258
08/18/2016,PVD,RI,ANE,EN,Combined TRACON& Tower with Radar,112,31,31,3,177,0,6,54,1,61,112,37,85,4,238,44,0,44,282
08/19/2016,PVD,RI,ANE,EN,Combined TRACON& Tower with Radar,106,45,43,0,194,0,2,37,0,39,106,47,80,0,233,18,0,18,251
08/20/2016,PVD,RI,ANE,EN,Combined TRACON& Tower with Radar,82,39,14,0,135,0,2,34,0,36,82,41,48,0,171,58,0,58,229
08/21/2016,PVD,RI,ANE,EN,Combined TRACON& Tower with Radar,84,27,27,0,138,0,6,30,0,36,84,33,57,0,174,30,0,30,204
08/22/2016,PVD,RI,ANE,EN,Combined TRACON& Tower with Radar,106,25,22,0,153,0,2,25,0,27,106,27,47,0,180,24,0,24,204
08/23/2016,PVD,RI,ANE,EN,Combined TRACON& Tower with Radar,107,35,19,0,161,0,0,32,0,32,107,35,51,0,193,80,0,80,273
08/24/2016,PVD,RI,ANE,EN,Combined TRACON& Tower with Radar,104,30,24,0,158,0,0,23,0,23,104,30,47,0,181,18,0,18,199
08/25/2016,PVD,RI,ANE,EN,Combined TRACON& Tower with Radar,114,30,29,0,173,0,0,28,0,28,114,30,57,0,201,74,0,74,275
08/26/2016,PVD,RI,ANE,EN,Combined TRACON& Tower with Radar,104,33,20,0,157,0,2,19,0,21,104,35,39,0,178,10,0,10,188
08/27/2016,PVD,RI,ANE,EN,Combined TRACON& Tower with Radar,79,24,12,0,115,0,0,36,0,36,79,24,48,0,151,50,0,50,201
08/28/2016,PVD,RI,ANE,EN,Combined TRACON& Tower with Radar,88,26,12,0,126,0,0,40,0,40,88,26,52,0,166,68,0,68,234
08/29/2016,PVD,RI,ANE,EN,Combined TRACON& Tower with Radar,100,39,9,0,148,0,0,31,0,31,100,39,40,0,179,24,0,24,203
08/30/2016,PVD,RI,ANE,EN,Combined TRACON& Tower with Radar,100,40,15,0,155,0,2,30,1,33,100,42,45,1,188,32,0,32,220
08/31/2016,PVD,RI,ANE,EN,Combined TRACON& Tower with Radar,105,44,46,0,195,0,0,23,0,23,105,44,69,0,218,14,0,14,232
09/01/2016,PVD,RI,ANE,EN,Combined TRACON& Tower with Radar,112,32,15,0,159,0,0,8,0,8,112,32,23,0,167,2,0,2,169
09/02/2016,PVD,RI,ANE,EN,Combined TRACON& Tower with Radar,105,41,19,0,165,0,0,26,0,26,105,41,45,0,191,24,0,24,215
09/03/2016,PVD,RI,ANE,EN,Combined TRACON& Tower with Radar,76,29,19,0,124,0,6,30,0,36,76,35,49,0,160,26,0,26,186
09/04/2016,PVD,RI,ANE,EN,Combined TRACON& Tower with Radar,64,23,16,0,103,0,2,11,0,13,64,25,27,0,116,20,0,20,136
09/05/2016,PVD,RI,ANE,EN,Combined TRACON& Tower with Radar,95,45,20,0,160,0,0,7,0,7,95,45,27,0,167,0,0,0,167
09/06/2016,PVD,RI,ANE,EN,Combined TRACON& Tower with Radar,100,38,24,0,162,0,0,0,0,0,100,38,24,0,162,2,0,2,164
09/07/2016,PVD,RI,ANE,EN,Combined TRACON& Tower with Radar,96,33,32,0,161,0,1,4,0,5,96,34,36,0,166,20,0,20,186
09/08/2016,PVD,RI,ANE,EN,Combined TRACON& Tower with Radar,94,45,20,0,159,0,0,16,0,16,94,45,36,0,175,44,0,44,219
09/09/2016,PVD,RI,ANE,EN,Combined TRACON& Tower with Radar,92,36,17,0,145,1,2,28,1,32,93,38,45,1,177,22,0,22,199
09/10/2016,PVD,RI,ANE,EN,Combined TRACON& Tower with Radar,77,21,9,0,107,0,1,29,0,30,77,22,38,0,137,42,0,42,179
09/11/2016,PVD,RI,ANE,EN,Combined TRACON& Tower with Radar,82,34,15,0,131,0,0,13,1,14,82,34,28,1,145,14,0,14,159
09/12/2016,PVD,RI,ANE,EN,Combined TRACON& Tower with Radar,98,28,25,0,151,0,0,23,0,23,98,28,48,0,174,48,0,48,222
09/13/2016,PVD,RI,ANE,EN,Combined TRACON& Tower with Radar,98,26,18,0,142,0,3,40,1,44,98,29,58,1,186,20,0,20,206
09/14/2016,PVD,RI,ANE,EN,Combined TRACON& Tower with Radar,97,34,26,1,158,0,3,33,1,37,97,37,59,2,195,26,0,26,221
09/15/2016,PVD,RI,ANE,EN,Combined TRACON& Tower with Radar,102,29,19,0,150,0,2,25,0,27,102,31,44,0,177,18,0,18,195
09/16/2016,PVD,RI,ANE,EN,Combined TRACON& Tower with Radar,101,25,38,0,164,0,0,35,0,35,101,25,73,0,199,52,0,52,251
09/17/2016,PVD,RI,ANE,EN,Combined TRACON& Tower with Radar,81,20,27,0,128,0,0,30,0,30,81,20,57,0,158,24,0,24,182
09/18/2016,PVD,RI,ANE,EN,Combined TRACON& Tower with Radar,86,36,32,0,154,0,0,12,0,12,86,36,44,0,166,10,0,10,176
09/19/2016,PVD,RI,ANE,EN,Combined TRACON& Tower with Radar,96,26,31,3,156,0,0,0,0,0,96,26,31,3,156,2,0,2,158
09/20/2016,PVD,RI,ANE,EN,Combined TRACON& Tower with Radar,99,28,24,1,152,0,0,22,2,24,99,28,46,3,176,0,0,0,176
09/21/2016,PVD,RI,ANE,EN,Combined TRACON& Tower with Radar,99,32,27,2,160,0,1,38,4,43,99,33,65,6,203,30,0,30,233
09/22/2016,PVD,RI,ANE,EN,Combined TRACON& Tower with Radar,105,22,28,3,158,0,3,35,1,39,105,25,63,4,197,68,0,68,265
09/23/2016,PVD,RI,ANE,EN,Combined TRACON& Tower with Radar,102,33,19,5,159,0,3,39,0,42,102,36,58,5,201,20,2,22,223
09/24/2016,PVD,RI,ANE,EN,Combined TRACON& Tower with Radar,84,21,14,0,119,0,1,19,0,20,84,22,33,0,139,96,0,96,235
09/25/2016,PVD,RI,ANE,EN,Combined TRACON& Tower with Radar,84,34,20,0,138,0,0,27,0,27,84,34,47,0,165,14,0,14,179
09/26/2016,PVD,RI,ANE,EN,Combined TRACON& Tower with Radar,99,29,25,0,153,0,2,37,0,39,99,31,62,0,192,66,0,66,258
09/27/2016,PVD,RI,ANE,EN,Combined TRACON& Tower with Radar,95,33,28,0,156,0,0,17,0,17,95,33,45,0,173,44,0,44,217
09/28/2016,PVD,RI,ANE,EN,Combined TRACON& Tower with Radar,98,28,25,0,151,0,0,0,0,0,98,28,25,0,151,8,0,8,159
09/29/2016,PVD,RI,ANE,EN,Combined TRACON& Tower with Radar,104,29,21,0,154,0,0,2,0,2,104,29,23,0,156,2,0,2,158
09/30/2016,PVD,RI,ANE,EN,Combined TRACON& Tower with Radar,97,34,24,0,155,0,0,1,0,1,97,34,25,0,156,0,0,0,156
10/01/2016,PVD,RI,ANE,EN,Combined TRACON& Tower with Radar,82,31,14,0,127,0,0,0,0,0,82,31,14,0,127,2,0,2,129
10/02/2016,PVD,RI,ANE,EN,Combined TRACON& Tower with Radar,89,41,9,4,143,0,0,0,0,0,89,41,9,4,143,0,0,0,143
10/03/2016,PVD,RI,ANE,EN,Combined TRACON& Tower with Radar,105,20,28,0,153,1,0,17,0,18,106,20,45,0,171,62,0,62,233
10/04/2016,PVD,RI,ANE,EN,Combined TRACON& Tower with Radar,104,30,30,2,166,0,0,11,0,11,104,30,41,2,177,58,0,58,235
10/05/2016,PVD,RI,ANE,EN,Combined TRACON& Tower with Radar,104,25,27,0,156,0,2,34,0,36,104,27,61,0,192,44,0,44,236
10/06/2016,PVD,RI,ANE,EN,Combined TRACON& Tower with Radar,100,23,17,0,140,0,3,24,0,27,100,26,41,0,167,46,0,46,213
10/07/2016,PVD,RI,ANE,EN,Combined TRACON& Tower with Radar,95,25,14,0,134,0,1,28,0,29,95,26,42,0,163,24,0,24,187
10/08/2016,PVD,RI,ANE,EN,Combined TRACON& Tower with Radar,77,22,14,0,113,1,0,15,0,16,78,22,29,0,129,34,0,34,163
10/09/2016,PVD,RI,ANE,EN,Combined TRACON& Tower with Radar,91,23,20,0,134,0,0,2,0,2,91,23,22,0,136,0,0,0,136
10/10/2016,PVD,RI,ANE,EN,Combined TRACON& Tower with Radar,103,27,8,0,138,0,0,18,0,18,103,27,26,0,156,0,0,0,156
10/11/2016,PVD,RI,ANE,EN,Combined TRACON& Tower with Radar,104,23,16,0,143,0,2,29,0,31,104,25,45,0,174,32,0,32,206
10/12/2016,PVD,RI,ANE,EN,Combined TRACON& Tower with Radar,101,29,19,0,149,0,3,28,0,31,101,32,47,0,180,4,0,4,184
10/13/2016,PVD,RI,ANE,EN,Combined TRACON& Tower with Radar,103,30,28,0,161,0,1,20,0,21,103,31,48,0,182,14,0,14,196
10/14/2016,PVD,RI,ANE,EN,Combined TRACON& Tower with Radar,102,26,20,4,152,0,1,35,0,36,102,27,55,4,188,14,0,14,202
10/15/2016,PVD,RI,ANE,EN,Combined TRACON& Tower with Radar,77,22,15,0,114,0,1,33,0,34,77,23,48,0,148,18,0,18,166
10/16/2016,PVD,RI,ANE,EN,Combined TRACON& Tower with Radar,92,32,24,3,151,0,1,41,1,43,92,33,65,4,194,24,4,28,222
10/17/2016,PVD,RI,ANE,EN,Combined TRACON& Tower with Radar,102,24,27,0,153,0,0,23,0,23,102,24,50,0,176,48,0,48,224
10/18/2016,PVD,RI,ANE,EN,Combined TRACON& Tower with Radar,105,26,15,0,146,0,0,8,0,8,105,26,23,0,154,66,0,66,220
10/19/2016,PVD,RI,ANE,EN,Combined TRACON& Tower with Radar,101,28,11,0,140,1,3,27,1,32,102,31,38,1,172,24,0,24,196
10/20/2016,PVD,RI,ANE,EN,Combined TRACON& Tower with Radar,105,31,25,0,161,0,1,28,0,29,105,32,53,0,190,30,0,30,220
10/21/2016,PVD,RI,ANE,EN,Combined TRACON& Tower with Radar,101,47,34,4,186,0,0,0,0,0,101,47,34,4,186,0,0,0,186
10/22/2016,PVD,RI,ANE,EN,Combined TRACON& Tower with Radar,75,40,15,0,130,0,2,0,0,2,75,42,15,0,132,0,0,0,132
10/23/2016,PVD,RI,ANE,EN,Combined TRACON& Tower with Radar,93,26,20,0,139,0,4,13,0,17,93,30,33,0,156,6,0,6,162
10/24/2016,PVD,RI,ANE,EN,Combined TRACON& Tower with Radar,104,25,20,0,149,0,2,13,0,15,104,27,33,0,164,2,0,2,166
10/25/2016,PVD,RI,ANE,EN,Combined TRACON& Tower with Radar,104,38,13,0,155,0,1,13,1,15,104,39,26,1,170,35,0,35,205
10/26/2016,PVD,RI,ANE,EN,Combined TRACON& Tower with Radar,101,28,28,0,157,0,0,26,0,26,101,28,54,0,183,14,0,14,197
10/27/2016,PVD,RI,ANE,EN,Combined TRACON& Tower with Radar,109,41,26,0,176,0,2,15,0,17,109,43,41,0,193,72,0,72,265
10/28/2016,PVD,RI,ANE,EN,Combined TRACON& Tower with Radar,105,30,22,0,157,0,1,2,0,3,105,31,24,0,160,0,0,0,160
10/29/2016,PVD,RI,ANE,EN,Combined TRACON& Tower with Radar,77,30,22,0,129,0,0,38,0,38,77,30,60,0,167,28,0,28,195
10/30/2016,PVD,RI,ANE,EN,Combined TRACON& Tower with Radar,86,20,14,0,120,0,0,17,0,17,86,20,31,0,137,18,0,18,155
10/31/2016,PVD,RI,ANE,EN,Combined TRACON& Tower with Radar,84,34,12,1,131,0,0,18,1,19,84,34,30,2,150,20,0,20,170
11/01/2016,PVD,RI,ANE,EN,Combined TRACON& Tower with Radar,99,32,18,4,153,0,3,24,2,29,99,35,42,6,182,30,2,32,214
11/02/2016,PVD,RI,ANE,EN,Combined TRACON& Tower with Radar,99,27,12,2,140,0,0,20,0,20,99,27,32,2,160,4,0,4,164
11/03/2016,PVD,RI,ANE,EN,Combined TRACON& Tower with Radar,96,34,16,0,146,0,0,10,0,10,96,34,26,0,156,22,0,22,178
11/04/2016,PVD,RI,ANE,EN,Combined TRACON& Tower with Radar,91,31,12,0,134,0,2,16,0,18,91,33,28,0,152,10,0,10,162
11/05/2016,PVD,RI,ANE,EN,Combined TRACON& Tower with Radar,74,23,9,0,106,0,2,39,0,41,74,25,48,0,147,40,0,40,187
11/06/2016,PVD,RI,ANE,EN,Combined TRACON& Tower with Radar,85,28,18,0,131,0,1,15,0,16,85,29,33,0,147,28,0,28,175
11/07/2016,PVD,RI,ANE,EN,Combined TRACON& Tower with Radar,88,31,23,0,142,0,0,17,0,17,88,31,40,0,159,44,0,44,203
11/08/2016,PVD,RI,ANE,EN,Combined TRACON& Tower with Radar,91,22,34,0,147,0,0,34,0,34,91,22,68,0,181,100,0,100,281
11/09/2016,PVD,RI,ANE,EN,Combined TRACON& Tower with Radar,93,30,8,0,131,0,0,11,2,13,93,30,19,2,144,58,0,58,202
11/10/2016,PVD,RI,ANE,EN,Combined TRACON& Tower with Radar,96,30,22,0,148,0,0,16,0,16,96,30,38,0,164,68,0,68,232
11/11/2016,PVD,RI,ANE,EN,Combined TRACON& Tower with Radar,98,27,17,0,142,0,1,9,0,10,98,28,26,0,152,16,0,16,168
11/12/2016,PVD,RI,ANE,EN,Combined TRACON& Tower with Radar,79,26,10,0,115,0,2,27,0,29,79,28,37,0,144,40,0,40,184
11/13/2016,PVD,RI,ANE,EN,Combined TRACON& Tower with Radar,86,27,25,1,139,0,0,31,0,31,86,27,56,1,170,40,0,40,210
11/14/2016,PVD,RI,ANE,EN,Combined TRACON& Tower with Radar,91,31,15,1,138,0,2,26,0,28,91,33,41,1,166,20,0,20,186
11/15/2016,PVD,RI,ANE,EN,Combined TRACON& Tower with Radar,96,30,31,0,157,0,1,8,0,9,96,31,39,0,166,10,0,10,176
11/16/2016,PVD,RI,ANE,EN,Combined TRACON& Tower with Radar,99,38,28,0,165,0,0,16,0,16,99,38,44,0,181,16,0,16,197
11/17/2016,PVD,RI,ANE,EN,Combined TRACON& Tower with Radar,97,27,29,0,153,0,2,25,0,27,97,29,54,0,180,48,0,48,228
11/18/2016,PVD,RI,ANE,EN,Combined TRACON& Tower with Radar,95,32,25,0,152,0,2,18,0,20,95,34,43,0,172,14,0,14,186
11/19/2016,PVD,RI,ANE,EN,Combined TRACON& Tower with Radar,69,27,25,0,121,0,0,32,0,32,69,27,57,0,153,76,0,76,229
11/20/2016,PVD,RI,ANE,EN,Combined TRACON& Tower with Radar,87,24,4,0,115,0,0,2,0,2,87,24,6,0,117,0,0,0,117
11/21/2016,PVD,RI,ANE,EN,Combined TRACON& Tower with Radar,90,33,10,0,133,0,0,1,0,1,90,33,11,0,134,0,0,0,134
11/22/2016,PVD,RI,ANE,EN,Combined TRACON& Tower with Radar,111,40,13,0,164,0,1,8,0,9,111,41,21,0,173,2,0,2,175
11/23/2016,PVD,RI,ANE,EN,Combined TRACON& Tower with Radar,104,31,17,1,153,0,0,37,0,37,104,31,54,1,190,2,0,2,192
11/24/2016,PVD,RI,ANE,EN,Combined TRACON& Tower with Radar,52,10,0,0,62,0,0,1,0,1,52,10,1,0,63,0,0,0,63
11/25/2016,PVD,RI,ANE,EN,Combined TRACON& Tower with Radar,72,18,3,0,93,0,0,0,0,0,72,18,3,0,93,20,0,20,113
11/26/2016,PVD,RI,ANE,EN,Combined TRACON& Tower with Radar,86,29,7,0,122,0,0,8,0,8,86,29,15,0,130,54,0,54,184
11/27/2016,PVD,RI,ANE,EN,Combined TRACON& Tower with Radar,97,33,26,0,156,0,0,27,0,27,97,33,53,0,183,16,0,16,199
11/28/2016,PVD,RI,ANE,EN,Combined TRACON& Tower with Radar,103,27,12,2,144,0,2,18,0,20,103,29,30,2,164,14,0,14,178
11/29/2016,PVD,RI,ANE,EN,Combined TRACON& Tower with Radar,101,26,18,3,148,0,0,7,0,7,101,26,25,3,155,32,2,34,189
11/30/2016,PVD,RI,ANE,EN,Combined TRACON& Tower with Radar,98,36,28,0,162,0,0,3,0,3,98,36,31,0,165,22,0,22,187
12/01/2016,PVD,RI,ANE,EN,Combined TRACON& Tower with Radar,98,24,16,0,138,0,1,15,0,16,98,25,31,0,154,34,0,34,188
12/02/2016,PVD,RI,ANE,EN,Combined TRACON& Tower with Radar,99,28,17,0,144,0,2,19,0,21,99,30,36,0,165,20,0,20,185
12/03/2016,PVD,RI,ANE,EN,Combined TRACON& Tower with Radar,72,19,4,0,95,0,0,20,0,20,72,19,24,0,115,24,0,24,139
12/04/2016,PVD,RI,ANE,EN,Combined TRACON& Tower with Radar,86,19,25,0,130,0,0,29,0,29,86,19,54,0,159,28,0,28,187
12/05/2016,PVD,RI,ANE,EN,Combined TRACON& Tower with Radar,93,27,20,0,140,0,0,9,0,9,93,27,29,0,149,10,0,10,159
12/06/2016,PVD,RI,ANE,EN,Combined TRACON& Tower with Radar,98,24,26,2,150,0,0,28,0,28,98,24,54,2,178,37,0,37,215
12/07/2016,PVD,RI,ANE,EN,Combined TRACON& Tower with Radar,99,31,24,0,154,0,0,3,0,3,99,31,27,0,157,2,0,2,159
12/08/2016,PVD,RI,ANE,EN,Combined TRACON& Tower with Radar,101,34,27,0,162,0,0,35,0,35,101,34,62,0,197,36,0,36,233
12/09/2016,PVD,RI,ANE,EN,Combined TRACON& Tower with Radar,96,25,12,0,133,0,1,22,0,23,96,26,34,0,156,28,0,28,184
12/10/2016,PVD,RI,ANE,EN,Combined TRACON& Tower with Radar,71,21,9,0,101,0,0,28,0,28,71,21,37,0,129,14,0,14,143
12/11/2016,PVD,RI,ANE,EN,Combined TRACON& Tower with Radar,76,18,15,0,109,0,1,30,0,31,76,19,45,0,140,24,0,24,164
12/12/2016,PVD,RI,ANE,EN,Combined TRACON& Tower with Radar,95,35,9,0,139,0,0,0,0,0,95,35,9,0,139,0,0,0,139
12/13/2016,PVD,RI,ANE,EN,Combined TRACON& Tower with Radar,99,28,18,0,145,0,0,26,2,28,99,28,44,2,173,36,0,36,209
12/14/2016,PVD,RI,ANE,EN,Combined TRACON& Tower with Radar,96,25,23,0,144,0,0,32,0,32,96,25,55,0,176,60,0,60,236
12/15/2016,PVD,RI,ANE,EN,Combined TRACON& Tower with Radar,95,25,13,0,133,0,0,2,0,2,95,25,15,0,135,14,0,14,149
12/16/2016,PVD,RI,ANE,EN,Combined TRACON& Tower with Radar,92,18,20,0,130,0,0,13,0,13,92,18,33,0,143,4,0,4,147
12/17/2016,PVD,RI,ANE,EN,Combined TRACON& Tower with Radar,60,19,4,0,83,0,0,0,0,0,60,19,4,0,83,0,0,0,83
12/18/2016,PVD,RI,ANE,EN,Combined TRACON& Tower with Radar,73,17,12,0,102,0,0,0,0,0,73,17,12,0,102,0,0,0,102
12/19/2016,PVD,RI,ANE,EN,Combined TRACON& Tower with Radar,89,26,20,0,135,0,0,26,0,26,89,26,46,0,161,19,0,19,180
12/20/2016,PVD,RI,ANE,EN,Combined TRACON& Tower with Radar,93,31,8,4,136,0,0,17,2,19,93,31,25,6,155,49,8,57,212
12/21/2016,PVD,RI,ANE,EN,Combined TRACON& Tower with Radar,101,35,19,0,155,0,0,29,0,29,101,35,48,0,184,42,0,42,226
12/22/2016,PVD,RI,ANE,EN,Combined TRACON& Tower with Radar,105,36,34,0,175,0,4,18,0,22,105,40,52,0,197,18,16,34,231
12/23/2016,PVD,RI,ANE,EN,Combined TRACON& Tower with Radar,98,30,16,0,144,0,0,17,0,17,98,30,33,0,161,58,0,58,219
12/24/2016,PVD,RI,ANE,EN,Combined TRACON& Tower with Radar,64,24,6,0,94,0,0,0,0,0,64,24,6,0,94,6,0,6,100
12/25/2016,PVD,RI,ANE,EN,Combined TRACON& Tower with Radar,66,9,1,0,76,0,0,2,0,2,66,9,3,0,78,4,0,4,82
12/26/2016,PVD,RI,ANE,EN,Combined TRACON& Tower with Radar,86,29,15,2,132,0,0,15,0,15,86,29,30,2,147,56,0,56,203
12/27/2016,PVD,RI,ANE,EN,Combined TRACON& Tower with Radar,98,31,4,0,133,0,0,0,0,0,98,31,4,0,133,0,0,0,133
12/28/2016,PVD,RI,ANE,EN,Combined TRACON& Tower with Radar,97,26,7,0,130,0,0,22,0,22,97,26,29,0,152,26,0,26,178
12/29/2016,PVD,RI,ANE,EN,Combined TRACON& Tower with Radar,95,29,9,0,133,0,0,2,0,2,95,29,11,0,135,14,0,14,149
12/30/2016,PVD,RI,ANE,EN,Combined TRACON& Tower with Radar,93,26,5,0,124,0,0,19,0,19,93,26,24,0,143,6,0,6,149
12/31/2016,PVD,RI,ANE,EN,Combined TRACON& Tower with Radar,63,20,9,0,92,0,0,32,0,32,63,20,41,0,124,20,0,20,144
01/01/2017,PVD,RI,ANE,EN,Combined TRACON& Tower with Radar,76,19,1,0,96,0,0,0,0,0,76,19,1,0,96,0,0,0,96
01/02/2017,PVD,RI,ANE,EN,Combined TRACON& Tower with Radar,83,32,17,0,132,0,0,22,0,22,83,32,39,0,154,80,0,80,234
01/03/2017,PVD,RI,ANE,EN,Combined TRACON& Tower with Radar,87,23,12,0,122,0,0,0,0,0,87,23,12,0,122,0,0,0,122
01/04/2017,PVD,RI,ANE,EN,Combined TRACON& Tower with Radar,92,25,22,4,143,0,0,6,0,6,92,25,28,4,149,32,4,36,185
01/05/2017,PVD,RI,ANE,EN,Combined TRACON& Tower with Radar,87,31,16,0,134,0,0,15,0,15,87,31,31,0,149,2,0,2,151
01/06/2017,PVD,RI,ANE,EN,Combined TRACON& Tower with Radar,80,23,10,0,113,0,0,6,0,6,80,23,16,0,119,16,0,16,135
01/07/2017,PVD,RI,ANE,EN,Combined TRACON& Tower with Radar,25,4,6,0,35,0,0,7,0,7,25,4,13,0,42,42,0,42,84
01/08/2017,PVD,RI,ANE,EN,Combined TRACON& Tower with Radar,63,27,10,0,100,0,4,18,0,22,63,31,28,0,122,18,0,18,140
01/09/2017,PVD,RI,ANE,EN,Combined TRACON& Tower with Radar,89,19,15,0,123,0,2,20,0,22,89,21,35,0,145,0,0,0,145
01/10/2017,PVD,RI,ANE,EN,Combined TRACON& Tower with Radar,84,22,16,0,122,0,1,18,0,19,84,23,34,0,141,46,2,48,189
01/11/2017,PVD,RI,ANE,EN,Combined TRACON& Tower with Radar,87,21,12,2,122,0,1,15,0,16,87,22,27,2,138,56,2,58,196
01/12/2017,PVD,RI,ANE,EN,Combined TRACON& Tower with Radar,92,18,15,2,127,0,0,3,0,3,92,18,18,2,130,2,0,2,132
01/13/2017,PVD,RI,ANE,EN,Combined TRACON& Tower with Radar,91,22,12,0,125,0,0,12,0,12,91,22,24,0,137,26,0,26,163
01/14/2017,PVD,RI,ANE,EN,Combined TRACON& Tower with Radar,67,17,6,0,90,0,0,27,0,27,67,17,33,0,117,62,0,62,179
01/15/2017,PVD,RI,ANE,EN,Combined TRACON& Tower with Radar,80,13,5,0,98,0,0,29,0,29,80,13,34,0,127,20,0,20,147
01/16/2017,PVD,RI,ANE,EN,Combined TRACON& Tower with Radar,89,22,24,0,135,0,0,34,0,34,89,22,58,0,169,76,0,76,245
01/17/2017,PVD,RI,ANE,EN,Combined TRACON& Tower with Radar,92,17,27,0,136,0,1,18,0,19,92,18,45,0,155,14,0,14,169
01/18/2017,PVD,RI,ANE,EN,Combined TRACON& Tower with Radar,90,17,17,2,126,0,0,0,0,0,90,17,17,2,126,0,0,0,126
01/19/2017,PVD,RI,ANE,EN,Combined TRACON& Tower with Radar,93,21,11,8,133,0,0,12,0,12,93,21,23,8,145,66,8,74,219
01/20/2017,PVD,RI,ANE,EN,Combined TRACON& Tower with Radar,91,19,10,0,120,0,0,15,0,15,91,19,25,0,135,26,0,26,161
01/21/2017,PVD,RI,ANE,EN,Combined TRACON& Tower with Radar,73,18,15,0,106,0,2,17,1,20,73,20,32,1,126,16,0,16,142
01/22/2017,PVD,RI,ANE,EN,Combined TRACON& Tower with Radar,76,28,33,0,137,0,0,7,0,7,76,28,40,0,144,14,0,14,158
01/23/2017,PVD,RI,ANE,EN,Combined TRACON& Tower with Radar,86,20,8,0,114,0,0,0,0,0,86,20,8,0,114,0,0,0,114
01/24/2017,PVD,RI,ANE,EN,Combined TRACON& Tower with Radar,90,18,14,0,122,0,0,0,0,0,90,18,14,0,122,0,0,0,122
01/25/2017,PVD,RI,ANE,EN,Combined TRACON& Tower with Radar,88,18,26,0,132,0,0,28,0,28,88,18,54,0,160,2,0,2,162
01/26/2017,PVD,RI,ANE,EN,Combined TRACON& Tower with Radar,90,28,18,4,140,0,1,10,0,11,90,29,28,4,151,44,0,44,195
01/27/2017,PVD,RI,ANE,EN,Combined TRACON& Tower with Radar,92,16,17,0,125,0,0,18,0,18,92,16,35,0,143,24,0,24,167
01/28/2017,PVD,RI,ANE,EN,Combined TRACON& Tower with Radar,77,15,14,0,106,0,1,26,0,27,77,16,40,0,133,32,0,32,165
01/29/2017,PVD,RI,ANE,EN,Combined TRACON& Tower with Radar,77,12,21,0,110,0,2,23,0,25,77,14,44,0,135,16,0,16,151
01/30/2017,PVD,RI,ANE,EN,Combined TRACON& Tower with Radar,85,14,15,0,114,0,0,24,1,25,85,14,39,1,139,28,0,28,167
01/31/2017,PVD,RI,ANE,EN,Combined TRACON& Tower with Radar,91,14,12,0,117,0,0,7,0,7,91,14,19,0,124,28,0,28,152
02/01/2017,PVD,RI,ANE,EN,Combined TRACON& Tower with Radar,94,20,19,5,138,0,0,24,5,29,94,20,43,10,167,12,22,34,201
02/02/2017,PVD,RI,ANE,EN,Combined TRACON& Tower with Radar,94,22,15,8,139,0,4,17,1,22,94,26,32,9,161,14,0,14,175
02/03/2017,PVD,RI,ANE,EN,Combined TRACON& Tower with Radar,97,21,10,0,128,0,2,19,0,21,97,23,29,0,149,30,0,30,179
02/04/2017,PVD,RI,ANE,EN,Combined TRACON& Tower with Radar,73,15,9,0,97,0,0,28,0,28,73,15,37,0,125,18,0,18,143
02/05/2017,PVD,RI,ANE,EN,Combined TRACON& Tower with Radar,73,11,6,0,90,0,2,7,0,9,73,13,13,0,99,2,0,2,101
02/06/2017,PVD,RI,ANE,EN,Combined TRACON& Tower with Radar,99,15,10,0,124,0,0,9,0,9,99,15,19,0,133,12,0,12,145
02/07/2017,PVD,RI,ANE,EN,Combined TRACON& Tower with Radar,95,22,9,0,126,0,1,0,0,1,95,23,9,0,127,0,0,0,127
02/08/2017,PVD,RI,ANE,EN,Combined TRACON& Tower with Radar,87,25,22,4,138,0,2,14,0,16,87,27,36,4,154,76,0,76,230
02/09/2017,PVD,RI,ANE,EN,Combined TRACON& Tower with Radar,17,1,5,0,23,0,0,0,0,0,17,1,5,0,23,0,0,0,23
02/10/2017,PVD,RI,ANE,EN,Combined TRACON& Tower with Radar,75,25,13,0,113,0,0,10,0,10,75,25,23,0,123,0,0,0,123
02/11/2017,PVD,RI,ANE,EN,Combined TRACON& Tower with Radar,77,26,8,0,111,0,0,0,0,0,77,26,8,0,111,0,0,0,111
02/12/2017,PVD,RI,ANE,EN,Combined TRACON& Tower with Radar,64,3,6,0,73,0,0,0,0,0,64,3,6,0,73,0,0,0,73
02/13/2017,PVD,RI,ANE,EN,Combined TRACON& Tower with Radar,77,14,10,0,101,0,0,0,0,0,77,14,10,0,101,0,0,0,101
02/14/2017,PVD,RI,ANE,EN,Combined TRACON& Tower with Radar,94,21,21,7,143,0,1,30,3,34,94,22,51,10,177,14,8,22,199
02/15/2017,PVD,RI,ANE,EN,Combined TRACON& Tower with Radar,94,23,9,0,126,0,0,1,2,3,94,23,10,2,129,26,0,26,155
02/16/2017,PVD,RI,ANE,EN,Combined TRACON& Tower with Radar,92,24,13,4,133,0,2,15,2,19,92,26,28,6,152,24,2,26,178
02/17/2017,PVD,RI,ANE,EN,Combined TRACON& Tower with Radar,95,30,19,0,144,0,2,19,0,21,95,32,38,0,165,34,0,34,199
02/18/2017,PVD,RI,ANE,EN,Combined TRACON& Tower with Radar,78,19,10,0,107,0,0,32,0,32,78,19,42,0,139,20,0,20,159
02/19/2017,PVD,RI,ANE,EN,Combined TRACON& Tower with Radar,80,17,12,0,109,0,0,30,0,30,80,17,42,0,139,36,0,36,175
02/20/2017,PVD,RI,ANE,EN,Combined TRACON& Tower with Radar,95,17,11,0,123,0,0,22,0,22,95,17,33,0,145,26,0,26,171
02/21/2017,PVD,RI,ANE,EN,Combined TRACON& Tower with Radar,100,24,28,0,152,0,2,29,0,31,100,26,57,0,183,4,0,4,187
02/22/2017,PVD,RI,ANE,EN,Combined TRACON& Tower with Radar,92,26,26,0,144,0,0,34,0,34,92,26,60,0,178,48,0,48,226
02/23/2017,PVD,RI,ANE,EN,Combined TRACON& Tower with Radar,95,19,10,3,127,0,1,17,0,18,95,20,27,3,145,16,0,16,161
02/24/2017,PVD,RI,ANE,EN,Combined TRACON& Tower with Radar,96,16,17,0,129,0,1,22,0,23,96,17,39,0,152,8,0,8,160
02/25/2017,PVD,RI,ANE,EN,Combined TRACON& Tower with Radar,82,11,16,0,109,0,0,6,0,6,82,11,22,0,115,24,0,24,139
02/26/2017,PVD,RI,ANE,EN,Combined TRACON& Tower with Radar,84,12,10,2,108,0,0,8,0,8,84,12,18,2,116,4,2,6,122
02/27/2017,PVD,RI,ANE,EN,Combined TRACON& Tower with Radar,93,16,23,0,132,0,0,25,0,25,93,16,48,0,157,44,0,44,201
02/28/2017,PVD,RI,ANE,EN,Combined TRACON& Tower with Radar,96,16,25,0,137,0,0,15,0,15,96,16,40,0,152,20,0,20,172
03/01/2017,PVD,RI,ANE,EN,Combined TRACON& Tower with Radar,92,24,22,1,139,0,0,0,0,0,92,24,22,1,139,0,0,0,139
03/02/2017,PVD,RI,ANE,EN,Combined TRACON& Tower with Radar,97,27,17,1,142,0,2,0,0,2,97,29,17,1,144,0,0,0,144
03/03/2017,PVD,RI,ANE,EN,Combined TRACON& Tower with Radar,93,20,8,0,121,0,0,13,0,13,93,20,21,0,134,40,0,40,174
03/04/2017,PVD,RI,ANE,EN,Combined TRACON& Tower with Radar,81,10,10,0,101,0,0,4,0,4,81,10,14,0,105,0,0,0,105
03/05/2017,PVD,RI,ANE,EN,Combined TRACON& Tower with Radar,83,15,7,0,105,0,0,17,0,17,83,15,24,0,122,26,0,26,148
03/06/2017,PVD,RI,ANE,EN,Combined TRACON& Tower with Radar,91,26,13,0,130,0,0,33,0,33,91,26,46,0,163,36,0,36,199
03/07/2017,PVD,RI,ANE,EN,Combined TRACON& Tower with Radar,98,23,24,4,149,0,0,7,0,7,98,23,31,4,156,52,0,52,208
03/08/2017,PVD,RI,ANE,EN,Combined TRACON& Tower with Radar,93,25,29,1,148,0,0,23,2,25,93,25,52,3,173,20,10,30,203
03/09/2017,PVD,RI,ANE,EN,Combined TRACON& Tower with Radar,98,33,15,0,146,0,3,5,0,8,98,36,20,0,154,0,0,0,154
03/10/2017,PVD,RI,ANE,EN,Combined TRACON& Tower with Radar,86,23,4,0,113,0,0,4,0,4,86,23,8,0,117,0,0,0,117
03/11/2017,PVD,RI,ANE,EN,Combined TRACON& Tower with Radar,82,18,8,0,108,0,0,6,0,6,82,18,14,0,114,10,0,10,124
03/12/2017,PVD,RI,ANE,EN,Combined TRACON& Tower with Radar,87,27,14,0,128,0,2,23,0,25,87,29,37,0,153,12,0,12,165
03/13/2017,PVD,RI,ANE,EN,Combined TRACON& Tower with Radar,81,23,18,0,122,0,0,31,0,31,81,23,49,0,153,44,0,44,197
03/14/2017,PVD,RI,ANE,EN,Combined TRACON& Tower with Radar,13,0,0,0,13,0,0,0,0,0,13,0,0,0,13,0,0,0,13
03/15/2017,PVD,RI,ANE,EN,Combined TRACON& Tower with Radar,68,18,16,0,102,0,0,24,1,25,68,18,40,1,127,26,0,26,153
03/16/2017,PVD,RI,ANE,EN,Combined TRACON& Tower with Radar,100,24,7,3,134,1,0,10,1,12,101,24,17,4,146,14,0,14,160
03/17/2017,PVD,RI,ANE,EN,Combined TRACON& Tower with Radar,93,27,20,0,140,0,0,24,2,26,93,27,44,2,166,28,0,28,194
03/18/2017,PVD,RI,ANE,EN,Combined TRACON& Tower with Radar,86,20,15,0,121,0,0,41,0,41,86,20,56,0,162,36,0,36,198
03/19/2017,PVD,RI,ANE,EN,Combined TRACON& Tower with Radar,89,20,2,0,111,0,0,11,0,11,89,20,13,0,122,8,0,8,130
03/20/2017,PVD,RI,ANE,EN,Combined TRACON& Tower with Radar,95,27,22,0,144,0,0,25,4,29,95,27,47,4,173,8,0,8,181
03/21/2017,PVD,RI,ANE,EN,Combined TRACON& Tower with Radar,96,24,17,0,137,0,0,18,0,18,96,24,35,0,155,85,0,85,240
03/22/2017,PVD,RI,ANE,EN,Combined TRACON& Tower with Radar,94,27,11,1,133,0,0,4,1,5,94,27,15,2,138,0,0,0,138
03/23/2017,PVD,RI,ANE,EN,Combined TRACON& Tower with Radar,95,22,24,1,142,0,0,17,1,18,95,22,41,2,160,16,0,16,176
03/24/2017,PVD,RI,ANE,EN,Combined TRACON& Tower with Radar,96,27,22,0,145,0,0,13,0,13,96,27,35,0,158,10,0,10,168
03/25/2017,PVD,RI,ANE,EN,Combined TRACON& Tower with Radar,84,14,19,0,117,0,0,12,0,12,84,14,31,0,129,46,0,46,175
03/26/2017,PVD,RI,ANE,EN,Combined TRACON& Tower with Radar,90,22,14,0,126,0,0,29,0,29,90,22,43,0,155,20,0,20,175
03/27/2017,PVD,RI,ANE,EN,Combined TRACON& Tower with Radar,93,31,22,0,146,0,0,0,0,0,93,31,22,0,146,2,0,2,148
03/28/2017,PVD,RI,ANE,EN,Combined TRACON& Tower with Radar,97,22,19,0,138,0,0,0,0,0,97,22,19,0,138,10,0,10,148
03/29/2017,PVD,RI,ANE,EN,Combined TRACON& Tower with Radar,95,29,24,0,148,0,1,11,0,12,95,30,35,0,160,6,0,6,166
03/30/2017,PVD,RI,ANE,EN,Combined TRACON& Tower with Radar,98,24,24,3,149,0,0,33,3,36,98,24,57,6,185,52,0,52,237
03/31/2017,PVD,RI,ANE,EN,Combined TRACON& Tower with Radar,93,25,15,0,133,0,0,0,0,0,93,25,15,0,133,0,0,0,133
04/01/2017,PVD,RI,ANE,EN,Combined TRACON& Tower with Radar,86,18,1,0,105,0,0,2,0,2,86,18,3,0,107,0,0,0,107
04/02/2017,PVD,RI,ANE,EN,Combined TRACON& Tower with Radar,89,30,16,0,135,0,0,41,0,41,89,30,57,0,176,36,0,36,212
04/03/2017,PVD,RI,ANE,EN,Combined TRACON& Tower with Radar,88,29,18,0,135,0,0,26,0,26,88,29,44,0,161,62,0,62,223
04/04/2017,PVD,RI,ANE,EN,Combined TRACON& Tower with Radar,98,32,9,0,139,0,0,0,0,0,98,32,9,0,139,0,0,0,139
04/05/2017,PVD,RI,ANE,EN,Combined TRACON& Tower with Radar,83,36,12,0,131,0,2,10,0,12,83,38,22,0,143,38,0,38,181
04/06/2017,PVD,RI,ANE,EN,Combined TRACON& Tower with Radar,76,35,16,0,127,0,0,0,0,0,76,35,16,0,127,0,0,0,127
04/07/2017,PVD,RI,ANE,EN,Combined TRACON& Tower with Radar,87,32,14,0,133,0,0,13,0,13,87,32,27,0,146,18,0,18,164
04/08/2017,PVD,RI,ANE,EN,Combined TRACON& Tower with Radar,82,18,5,0,105,0,2,15,0,17,82,20,20,0,122,4,0,4,126
04/09/2017,PVD,RI,ANE,EN,Combined TRACON& Tower with Radar,90,19,18,0,127,0,0,43,0,43,90,19,61,0,170,46,0,46,216
04/10/2017,PVD,RI,ANE,EN,Combined TRACON& Tower with Radar,94,29,17,0,140,0,2,37,0,39,94,31,54,0,179,36,0,36,215
04/11/2017,PVD,RI,ANE,EN,Combined TRACON& Tower with Radar,102,29,37,2,170,0,0,46,0,46,102,29,83,2,216,70,0,70,286
04/12/2017,PVD,RI,ANE,EN,Combined TRACON& Tower with Radar,96,39,12,0,147,0,0,22,0,22,96,39,34,0,169,30,0,30,199
04/13/2017,PVD,RI,ANE,EN,Combined TRACON& Tower with Radar,98,32,18,0,148,0,2,50,0,52,98,34,68,0,200,50,2,52,252
04/14/2017,PVD,RI,ANE,EN,Combined TRACON& Tower with Radar,94,26,12,4,136,0,0,36,4,40,94,26,48,8,176,26,2,28,204
04/15/2017,PVD,RI,ANE,EN,Combined TRACON& Tower with Radar,85,19,10,0,114,0,0,31,0,31,85,19,41,0,145,40,0,40,185
04/16/2017,PVD,RI,ANE,EN,Combined TRACON& Tower with Radar,87,18,5,0,110,0,3,8,0,11,87,21,13,0,121,8,0,8,129
04/17/2017,PVD,RI,ANE,EN,Combined TRACON& Tower with Radar,98,30,20,0,148,0,0,33,0,33,98,30,53,0,181,19,0,19,200
04/18/2017,PVD,RI,ANE,EN,Combined TRACON& Tower with Radar,99,37,14,0,150,0,1,36,4,41,99,38,50,4,191,42,0,42,233
04/19/2017,PVD,RI,ANE,EN,Combined TRACON& Tower with Radar,99,38,30,0,167,0,0,21,0,21,99,38,51,0,188,46,0,46,234
04/20/2017,PVD,RI,ANE,EN,Combined TRACON& Tower with Radar,91,43,26,6,166,0,1,8,0,9,91,44,34,6,175,20,4,24,199
04/21/2017,PVD,RI,ANE,EN,Combined TRACON& Tower with Radar,92,38,22,0,152,0,0,0,0,0,92,38,22,0,152,8,0,8,160
04/22/2017,PVD,RI,ANE,EN,Combined TRACON& Tower with Radar,91,27,23,0,141,0,0,0,0,0,91,27,23,0,141,2,0,2,143
04/23/2017,PVD,RI,ANE,EN,Combined TRACON& Tower with Radar,88,23,15,0,126,0,0,30,0,30,88,23,45,0,156,63,0,63,219
04/24/2017,PVD,RI,ANE,EN,Combined TRACON& Tower with Radar,97,32,16,0,145,1,0,19,0,20,98,32,35,0,165,122,0,122,287
04/25/2017,PVD,RI,ANE,EN,Combined TRACON& Tower with Radar,96,31,29,0,156,0,0,0,0,0,96,31,29,0,156,2,0,2,158
04/26/2017,PVD,RI,ANE,EN,Combined TRACON& Tower with Radar,90,40,37,0,167,0,0,0,0,0,90,40,37,0,167,2,0,2,169
04/27/2017,PVD,RI,ANE,EN,Combined TRACON& Tower with Radar,92,37,27,2,158,0,0,2,0,2,92,37,29,2,160,30,2,32,192
04/28/2017,PVD,RI,ANE,EN,Combined TRACON& Tower with Radar,95,40,16,2,153,1,3,13,0,17,96,43,29,2,170,18,0,18,188
04/29/2017,PVD,RI,ANE,EN,Combined TRACON& Tower with Radar,84,23,14,0,121,0,2,46,0,48,84,25,60,0,169,12,0,12,181
04/30/2017,PVD,RI,ANE,EN,Combined TRACON& Tower with Radar,86,19,15,0,120,0,1,34,0,35,86,20,49,0,155,60,0,60,215
05/01/2017,PVD,RI,ANE,EN,Combined TRACON& Tower with Radar,86,29,7,0,122,0,0,5,0,5,86,29,12,0,127,16,0,16,143
05/02/2017,PVD,RI,ANE,EN,Combined TRACON& Tower with Radar,97,37,29,6,169,0,0,5,0,5,97,37,34,6,174,22,2,24,198
05/03/2017,PVD,RI,ANE,EN,Combined TRACON& Tower with Radar,95,30,29,0,154,0,0,34,0,34,95,30,63,0,188,40,0,40,228
05/04/2017,PVD,RI,ANE,EN,Combined TRACON& Tower with Radar,90,37,23,1,151,0,2,45,1,48,90,39,68,2,199,57,0,57,256
05/05/2017,PVD,RI,ANE,EN,Combined TRACON& Tower with Radar,107,25,19,0,151,0,0,4,0,4,107,25,23,0,155,38,0,38,193
05/06/2017,PVD,RI,ANE,EN,Combined TRACON& Tower with Radar,92,18,8,0,118,0,0,4,0,4,92,18,12,0,122,4,0,4,126
05/07/2017,PVD,RI,ANE,EN,Combined TRACON& Tower with Radar,87,22,14,0,123,0,0,17,0,17,87,22,31,0,140,36,0,36,176
05/08/2017,PVD,RI,ANE,EN,Combined TRACON& Tower with Radar,96,31,11,0,138,0,0,29,0,29,96,31,40,0,167,16,0,16,183
05/09/2017,PVD,RI,ANE,EN,Combined TRACON& Tower with Radar,99,36,11,0,146,0,0,24,0,24,99,36,35,0,170,40,2,42,212
05/10/2017,PVD,RI,ANE,EN,Combined TRACON& Tower with Radar,96,42,20,0,158,0,1,32,0,33,96,43,52,0,191,22,4,26,217
05/11/2017,PVD,RI,ANE,EN,Combined TRACON& Tower with Radar,96,42,18,0,156,0,2,28,0,30,96,44,46,0,186,80,0,80,266
05/12/2017,PVD,RI,ANE,EN,Combined TRACON& Tower with Radar,95,40,31,0,166,0,0,20,0,20,95,40,51,0,186,98,0,98,284
05/13/2017,PVD,RI,ANE,EN,Combined TRACON& Tower with Radar,85,23,7,2,117,0,0,7,0,7,85,23,14,2,124,12,2,14,138
05/14/2017,PVD,RI,ANE,EN,Combined TRACON& Tower with Radar,83,29,9,0,121,0,0,2,0,2,83,29,11,0,123,0,0,0,123
05/15/2017,PVD,RI,ANE,EN,Combined TRACON& Tower with Radar,92,32,23,0,147,0,0,4,0,4,92,32,27,0,151,14,0,14,165
05/16/2017,PVD,RI,ANE,EN,Combined TRACON& Tower with Radar,103,33,11,0,147,0,0,31,0,31,103,33,42,0,178,22,0,22,200
05/17/2017,PVD,RI,ANE,EN,Combined TRACON& Tower with Radar,97,34,13,0,144,0,2,41,0,43,97,36,54,0,187,42,0,42,229
05/18/2017,PVD,RI,ANE,EN,Combined TRACON& Tower with Radar,96,41,15,0,152,0,0,33,2,35,96,41,48,2,187,12,0,12,199
05/19/2017,PVD,RI,ANE,EN,Combined TRACON& Tower with Radar,91,40,18,1,150,0,1,30,0,31,91,41,48,1,181,12,0,12,193
05/20/2017,PVD,RI,ANE,EN,Combined TRACON& Tower with Radar,92,15,5,0,112,0,4,39,0,43,92,19,44,0,155,72,0,72,227
05/21/2017,PVD,RI,ANE,EN,Combined TRACON& Tower with Radar,87,32,6,0,125,0,2,40,0,42,87,34,46,0,167,84,0,84,251
05/22/2017,PVD,RI,ANE,EN,Combined TRACON& Tower with Radar,90,33,21,5,149,0,0,17,1,18,90,33,38,6,167,20,0,20,187
05/23/2017,PVD,RI,ANE,EN,Combined TRACON& Tower with Radar,102,33,24,0,159,0,0,31,0,31,102,33,55,0,190,85,0,85,275
05/24/2017,PVD,RI,ANE,EN,Combined TRACON& Tower with Radar,94,44,31,0,169,0,1,45,4,50,94,45,76,4,219,70,0,70,289
05/25/2017,PVD,RI,ANE,EN,Combined TRACON& Tower with Radar,85,37,31,0,153,0,0,0,0,0,85,37,31,0,153,4,0,4,157
05/26/2017,PVD,RI,ANE,EN,Combined TRACON& Tower with Radar,91,45,41,0,177,0,4,5,0,9,91,49,46,0,186,30,0,30,216
05/27/2017,PVD,RI,ANE,EN,Combined TRACON& Tower with Radar,82,24,23,0,129,0,5,33,0,38,82,29,56,0,167,104,0,104,271
05/28/2017,PVD,RI,ANE,EN,Combined TRACON& Tower with Radar,68,26,27,0,121,0,4,34,0,38,68,30,61,0,159,48,0,48,207
05/29/2017,PVD,RI,ANE,EN,Combined TRACON& Tower with Radar,89,24,16,0,129,0,1,0,0,1,89,25,16,0,130,4,0,4,134
05/30/2017,PVD,RI,ANE,EN,Combined TRACON& Tower with Radar,98,38,12,1,149,0,0,5,0,5,98,38,17,1,154,60,4,64,218
05/31/2017,PVD,RI,ANE,EN,Combined TRACON& Tower with Radar,103,35,24,2,164,0,0,1,0,1,103,35,25,2,165,0,0,0,165
06/01/2017,PVD,RI,ANE,EN,Combined TRACON& Tower with Radar,96,36,14,4,150,0,0,49,0,49,96,36,63,4,199,148,0,148,347
06/02/2017,PVD,RI,ANE,EN,Combined TRACON& Tower with Radar,97,40,13,0,150,0,0,25,0,25,97,40,38,0,175,50,0,50,225
06/03/2017,PVD,RI,ANE,EN,Combined TRACON& Tower with Radar,85,11,6,0,102,0,0,44,0,44,85,11,50,0,146,46,0,46,192
06/04/2017,PVD,RI,ANE,EN,Combined TRACON& Tower with Radar,84,18,7,0,109,0,0,35,0,35,84,18,42,0,144,70,4,74,218
06/05/2017,PVD,RI,ANE,EN,Combined TRACON& Tower with Radar,100,38,27,0,165,0,0,0,0,0,100,38,27,0,165,0,0,0,165
06/06/2017,PVD,RI,ANE,EN,Combined TRACON& Tower with Radar,101,35,18,0,154,0,0,0,0,0,101,35,18,0,154,0,0,0,154
06/07/2017,PVD,RI,ANE,EN,Combined TRACON& Tower with Radar,96,36,28,0,160,0,0,36,0,36,96,36,64,0,196,34,6,40,236
06/08/2017,PVD,RI,ANE,EN,Combined TRACON& Tower with Radar,99,28,17,0,144,0,4,38,1,43,99,32,55,1,187,84,0,84,271
06/09/2017,PVD,RI,ANE,EN,Combined TRACON& Tower with Radar,101,39,22,0,162,0,2,37,0,39,101,41,59,0,201,32,0,32,233
06/10/2017,PVD,RI,ANE,EN,Combined TRACON& Tower with Radar,80,11,3,0,94,0,3,39,0,42,80,14,42,0,136,92,0,92,228
06/11/2017,PVD,RI,ANE,EN,Combined TRACON& Tower with Radar,98,20,11,0,129,0,5,30,0,35,98,25,41,0,164,12,0,12,176
06/12/2017,PVD,RI,ANE,EN,Combined TRACON& Tower with Radar,100,27,14,0,141,0,0,31,0,31,100,27,45,0,172,24,0,24,196
06/13/2017,PVD,RI,ANE,EN,Combined TRACON& Tower with Radar,108,23,13,2,146,2,0,26,0,28,110,23,39,2,174,54,0,54,228
06/14/2017,PVD,RI,ANE,EN,Combined TRACON& Tower with Radar,96,28,24,0,148,0,0,65,0,65,96,28,89,0,213,42,0,42,255
06/15/2017,PVD,RI,ANE,EN,Combined TRACON& Tower with Radar,97,33,19,0,149,0,0,35,4,39,97,33,54,4,188,60,0,60,248
06/16/2017,PVD,RI,ANE,EN,Combined TRACON& Tower with Radar,100,24,23,0,147,0,0,8,0,8,100,24,31,0,155,52,0,52,207
06/17/2017,PVD,RI,ANE,EN,Combined TRACON& Tower with Radar,86,21,22,0,129,0,0,1,0,1,86,21,23,0,130,0,0,0,130
06/18/2017,PVD,RI,ANE,EN,Combined TRACON& Tower with Radar,104,19,23,0,146,0,0,1,0,1,104,19,24,0,147,12,0,12,159
06/19/2017,PVD,RI,ANE,EN,Combined TRACON& Tower with Radar,89,36,22,0,147,0,0,0,0,0,89,36,22,0,147,16,0,16,163
06/20/2017,PVD,RI,ANE,EN,Combined TRACON& Tower with Radar,102,42,24,0,168,0,0,26,0,26,102,42,50,0,194,62,0,62,256
06/21/2017,PVD,RI,ANE,EN,Combined TRACON& Tower with Radar,103,37,21,0,161,0,0,42,0,42,103,37,63,0,203,50,0,50,253
06/22/2017,PVD,RI,ANE,EN,Combined TRACON& Tower with Radar,98,34,25,0,157,0,2,52,0,54,98,36,77,0,211,36,0,36,247
06/23/2017,PVD,RI,ANE,EN,Combined TRACON& Tower with Radar,105,29,17,0,151,0,0,22,0,22,105,29,39,0,173,16,0,16,189
06/24/2017,PVD,RI,ANE,EN,Combined TRACON& Tower with Radar,87,10,11,0,108,1,2,21,0,24,88,12,32,0,132,32,0,32,164
06/25/2017,PVD,RI,ANE,EN,Combined TRACON& Tower with Radar,101,23,12,0,136,0,0,38,0,38,101,23,50,0,174,20,0,20,194
06/26/2017,PVD,RI,ANE,EN,Combined TRACON& Tower with Radar,104,36,24,0,164,0,2,46,0,48,104,38,70,0,212,30,0,30,242
06/27/2017,PVD,RI,ANE,EN,Combined TRACON& Tower with Radar,109,39,17,0,165,0,0,30,0,30,109,39,47,0,195,50,0,50,245
06/28/2017,PVD,RI,ANE,EN,Combined TRACON& Tower with Radar,103,33,23,0,159,1,0,46,0,47,104,33,69,0,206,38,0,38,244
06/29/2017,PVD,RI,ANE,EN,Combined TRACON& Tower with Radar,100,36,21,0,157,0,0,31,0,31,100,36,52,0,188,44,0,44,232
06/30/2017,PVD,RI,ANE,EN,Combined TRACON& Tower with Radar,99,43,17,0,159,0,0,25,0,25,99,43,42,0,184,31,0,31,215
07/01/2017,PVD,RI,ANE,EN,Combined TRACON& Tower with Radar,77,20,23,0,120,0,0,19,0,19,77,20,42,0,139,10,0,10,149
07/02/2017,PVD,RI,ANE,EN,Combined TRACON& Tower with Radar,84,14,11,0,109,0,0,40,0,40,84,14,51,0,149,22,0,22,171
07/03/2017,PVD,RI,ANE,EN,Combined TRACON& Tower with Radar,92,15,12,0,119,0,2,51,0,53,92,17,63,0,172,14,0,14,186
07/04/2017,PVD,RI,ANE,EN,Combined TRACON& Tower with Radar,100,7,3,0,110,0,0,15,0,15,100,7,18,0,125,50,0,50,175
07/05/2017,PVD,RI,ANE,EN,Combined TRACON& Tower with Radar,108,30,27,0,165,0,1,47,0,48,108,31,74,0,213,38,0,38,251
07/06/2017,PVD,RI,ANE,EN,Combined TRACON& Tower with Radar,104,41,24,0,169,0,0,35,0,35,104,41,59,0,204,30,0,30,234
07/07/2017,PVD,RI,ANE,EN,Combined TRACON& Tower with Radar,108,39,22,0,169,0,0,0,0,0,108,39,22,0,169,2,0,2,171
07/08/2017,PVD,RI,ANE,EN,Combined TRACON& Tower with Radar,82,19,21,0,122,0,3,34,0,37,82,22,55,0,159,46,0,46,205
07/09/2017,PVD,RI,ANE,EN,Combined TRACON& Tower with Radar,100,18,21,0,139,0,1,45,0,46,100,19,66,0,185,24,0,24,209
07/10/2017,PVD,RI,ANE,EN,Combined TRACON& Tower with Radar,96,37,15,0,148,0,0,49,0,49,96,37,64,0,197,70,0,70,267
07/11/2017,PVD,RI,ANE,EN,Combined TRACON& Tower with Radar,104,29,16,0,149,0,0,10,1,11,104,29,26,1,160,44,0,44,204
07/12/2017,PVD,RI,ANE,EN,Combined TRACON& Tower with Radar,103,36,23,9,171,1,2,36,0,39,104,38,59,9,210,100,0,100,310
07/13/2017,PVD,RI,ANE,EN,Combined TRACON& Tower with Radar,105,45,33,10,193,0,0,0,1,1,105,45,33,11,194,0,0,0,194
07/14/2017,PVD,RI,ANE,EN,Combined TRACON& Tower with Radar,105,40,38,6,189,0,0,0,3,3,105,40,38,9,192,0,0,0,192
07/15/2017,PVD,RI,ANE,EN,Combined TRACON& Tower with Radar,85,14,36,0,135,0,1,13,0,14,85,15,49,0,149,108,0,108,257
07/16/2017,PVD,RI,ANE,EN,Combined TRACON& Tower with Radar,105,15,23,0,143,0,6,34,1,41,105,21,57,1,184,69,0,69,253
07/17/2017,PVD,RI,ANE,EN,Combined TRACON& Tower with Radar,103,27,22,0,152,0,2,34,0,36,103,29,56,0,188,44,0,44,232
07/18/2017,PVD,RI,ANE,EN,Combined TRACON& Tower with Radar,103,24,11,0,138,0,0,19,0,19,103,24,30,0,157,16,0,16,173
07/19/2017,PVD,RI,ANE,EN,Combined TRACON& Tower with Radar,105,33,25,0,163,0,2,28,0,30,105,35,53,0,193,40,0,40,233
07/20/2017,PVD,RI,ANE,EN,Combined TRACON& Tower with Radar,107,30,16,2,155,0,0,43,0,43,107,30,59,2,198,60,0,60,258
07/21/2017,PVD,RI,ANE,EN,Combined TRACON& Tower with Radar,109,30,21,0,160,0,3,33,0,36,109,33,54,0,196,102,0,102,298
07/22/2017,PVD,RI,ANE,EN,Combined TRACON& Tower with Radar,82,17,7,5,111,0,1,47,0,48,82,18,54,5,159,129,0,129,288
07/23/2017,PVD,RI,ANE,EN,Combined TRACON& Tower with Radar,94,20,22,0,136,0,2,29,0,31,94,22,51,0,167,58,0,58,225
07/24/2017,PVD,RI,ANE,EN,Combined TRACON& Tower with Radar,103,30,24,0,157,0,0,1,0,1,103,30,25,0,158,0,0,0,158
07/25/2017,PVD,RI,ANE,EN,Combined TRACON& Tower with Radar,108,37,32,0,177,0,0,2,0,2,108,37,34,0,179,0,0,0,179
07/26/2017,PVD,RI,ANE,EN,Combined TRACON& Tower with Radar,107,30,18,4,159,1,2,38,2,43,108,32,56,6,202,30,6,36,238
07/27/2017,PVD,RI,ANE,EN,Combined TRACON& Tower with Radar,102,34,11,0,147,0,1,25,0,26,102,35,36,0,173,50,0,50,223
07/28/2017,PVD,RI,ANE,EN,Combined TRACON& Tower with Radar,105,38,18,0,161,0,0,31,1,32,105,38,49,1,193,62,0,62,255
07/29/2017,PVD,RI,ANE,EN,Combined TRACON& Tower with Radar,87,16,10,0,113,0,0,14,0,14,87,16,24,0,127,56,0,56,183
07/30/2017,PVD,RI,ANE,EN,Combined TRACON& Tower with Radar,105,29,21,0,155,0,0,43,0,43,105,29,64,0,198,36,0,36,234
07/31/2017,PVD,RI,ANE,EN,Combined TRACON& Tower with Radar,104,27,5,0,136,0,0,50,0,50,104,27,55,0,186,34,0,34,220
08/01/2017,PVD,RI,ANE,EN,Combined TRACON& Tower with Radar,111,34,9,4,158,0,0,44,5,49,111,34,53,9,207,37,0,37,244
08/02/2017,PVD,RI,ANE,EN,Combined TRACON& Tower with Radar,97,30,18,0,145,0,0,41,0,41,97,30,59,0,186,34,0,34,220
08/03/2017,PVD,RI,ANE,EN,Combined TRACON& Tower with Radar,99,40,26,0,165,0,2,18,0,20,99,42,44,0,185,4,0,4,189
08/04/2017,PVD,RI,ANE,EN,Combined TRACON& Tower with Radar,94,39,24,0,157,0,2,18,0,20,94,41,42,0,177,76,0,76,253
08/05/2017,PVD,RI,ANE,EN,Combined TRACON& Tower with Radar,83,19,19,0,121,1,0,1,0,2,84,19,20,0,123,4,0,4,127
08/06/2017,PVD,RI,ANE,EN,Combined TRACON& Tower with Radar,97,17,12,0,126,0,0,30,3,33,97,17,42,3,159,84,0,84,243
08/07/2017,PVD,RI,ANE,EN,Combined TRACON& Tower with Radar,103,30,23,0,156,0,0,32,0,32,103,30,55,0,188,31,0,31,219
08/08/2017,PVD,RI,ANE,EN,Combined TRACON& Tower with Radar,102,42,10,0,154,0,0,12,0,12,102,42,22,0,166,94,0,94,260
08/09/2017,PVD,RI,ANE,EN,Combined TRACON& Tower with Radar,103,31,25,0,159,0,2,50,0,52,103,33,75,0,211,68,0,68,279
08/10/2017,PVD,RI,ANE,EN,Combined TRACON& Tower with Radar,103,33,17,4,157,0,2,59,0,61,103,35,76,4,218,88,4,92,310
08/11/2017,PVD,RI,ANE,EN,Combined TRACON& Tower with Radar,99,32,16,0,147,0,1,39,0,40,99,33,55,0,187,34,0,34,221
08/12/2017,PVD,RI,ANE,EN,Combined TRACON& Tower with Radar,86,10,14,0,110,0,1,3,0,4,86,11,17,0,114,16,0,16,130
08/13/2017,PVD,RI,ANE,EN,Combined TRACON& Tower with Radar,97,20,17,0,134,0,2,34,0,36,97,22,51,0,170,50,0,50,220
08/14/2017,PVD,RI,ANE,EN,Combined TRACON& Tower with Radar,107,32,26,0,165,0,0,44,2,46,107,32,70,2,211,70,0,70,281
08/15/2017,PVD,RI,ANE,EN,Combined TRACON& Tower with Radar,106,36,14,0,156,0,0,28,0,28,106,36,42,0,184,56,0,56,240
08/16/2017,PVD,RI,ANE,EN,Combined TRACON& Tower with Radar,108,34,21,0,163,0,4,58,2,64,108,38,79,2,227,60,0,60,287
08/17/2017,PVD,RI,ANE,EN,Combined TRACON& Tower with Radar,105,32,16,0,153,0,2,55,0,57,105,34,71,0,210,72,0,72,282
08/18/2017,PVD,RI,ANE,EN,Combined TRACON& Tower with Radar,105,40,15,0,160,0,0,0,0,0,105,40,15,0,160,0,0,0,160
08/19/2017,PVD,RI,ANE,EN,Combined TRACON& Tower with Radar,89,16,12,0,117,0,0,41,0,41,89,16,53,0,158,16,0,16,174
08/20/2017,PVD,RI,ANE,EN,Combined TRACON& Tower with Radar,113,14,14,0,141,0,0,50,0,50,113,14,64,0,191,38,0,38,229
08/21/2017,PVD,RI,ANE,EN,Combined TRACON& Tower with Radar,105,26,13,0,144,0,2,46,0,48,105,28,59,0,192,56,0,56,248
08/22/2017,PVD,RI,ANE,EN,Combined TRACON& Tower with Radar,108,27,23,0,158,0,0,15,0,15,108,27,38,0,173,36,0,36,209
08/23/2017,PVD,RI,ANE,EN,Combined TRACON& Tower with Radar,108,35,22,0,165,0,0,23,6,29,108,35,45,6,194,44,0,44,238
08/24/2017,PVD,RI,ANE,EN,Combined TRACON& Tower with Radar,113,34,21,0,168,0,0,48,4,52,113,34,69,4,220,98,0,98,318
08/25/2017,PVD,RI,ANE,EN,Combined TRACON& Tower with Radar,110,25,19,0,154,0,1,48,2,51,110,26,67,2,205,74,0,74,279
08/26/2017,PVD,RI,ANE,EN,Combined TRACON& Tower with Radar,90,12,12,0,114,0,1,42,0,43,90,13,54,0,157,64,0,64,221
08/27/2017,PVD,RI,ANE,EN,Combined TRACON& Tower with Radar,105,17,15,0,137,0,3,41,1,45,105,20,56,1,182,80,0,80,262
08/28/2017,PVD,RI,ANE,EN,Combined TRACON& Tower with Radar,104,36,22,0,162,0,2,43,0,45,104,38,65,0,207,32,0,32,239
08/29/2017,PVD,RI,ANE,EN,Combined TRACON& Tower with Radar,106,29,12,0,147,0,0,35,0,35,106,29,47,0,182,92,0,92,274
08/30/2017,PVD,RI,ANE,EN,Combined TRACON& Tower with Radar,109,51,25,0,185,0,2,10,1,13,109,53,35,1,198,0,0,0,198
08/31/2017,PVD,RI,ANE,EN,Combined TRACON& Tower with Radar,107,38,21,0,166,0,0,37,0,37,107,38,58,0,203,6,0,6,209
09/01/2017,PVD,RI,ANE,EN,Combined TRACON& Tower with Radar,109,38,20,0,167,0,4,41,0,45,109,42,61,0,212,110,0,110,322
09/02/2017,PVD,RI,ANE,EN,Combined TRACON& Tower with Radar,86,15,13,0,114,0,3,45,0,48,86,18,58,0,162,24,0,24,186
09/03/2017,PVD,RI,ANE,EN,Combined TRACON& Tower with Radar,87,18,16,0,121,0,0,2,0,2,87,18,18,0,123,0,0,0,123
09/04/2017,PVD,RI,ANE,EN,Combined TRACON& Tower with Radar,103,29,11,0,143,0,0,13,0,13,103,29,24,0,156,4,0,4,160
09/05/2017,PVD,RI,ANE,EN,Combined TRACON& Tower with Radar,104,42,26,0,172,0,0,17,0,17,104,42,43,0,189,4,0,4,193
09/06/2017,PVD,RI,ANE,EN,Combined TRACON& Tower with Radar,112,53,28,0,193,0,0,0,0,0,112,53,28,0,193,0,0,0,193
09/07/2017,PVD,RI,ANE,EN,Combined TRACON& Tower with Radar,112,37,29,0,178,0,0,24,0,24,112,37,53,0,202,56,0,56,258
09/08/2017,PVD,RI,ANE,EN,Combined TRACON& Tower with Radar,112,37,20,0,169,0,2,42,0,44,112,39,62,0,213,36,0,36,249
09/09/2017,PVD,RI,ANE,EN,Combined TRACON& Tower with Radar,81,14,5,0,100,0,0,27,0,27,81,14,32,0,127,20,0,20,147
09/10/2017,PVD,RI,ANE,EN,Combined TRACON& Tower with Radar,86,27,10,0,123,0,0,41,0,41,86,27,51,0,164,28,0,28,192
09/11/2017,PVD,RI,ANE,EN,Combined TRACON& Tower with Radar,91,33,15,0,139,0,4,29,0,33,91,37,44,0,172,122,0,122,294
09/12/2017,PVD,RI,ANE,EN,Combined TRACON& Tower with Radar,99,27,15,0,141,0,3,34,0,37,99,30,49,0,178,98,0,98,276
09/13/2017,PVD,RI,ANE,EN,Combined TRACON& Tower with Radar,106,33,12,0,151,0,0,32,0,32,106,33,44,0,183,70,0,70,253
09/14/2017,PVD,RI,ANE,EN,Combined TRACON& Tower with Radar,112,31,26,0,169,0,2,18,2,22,112,33,44,2,191,34,0,34,225
09/15/2017,PVD,RI,ANE,EN,Combined TRACON& Tower with Radar,113,38,30,0,181,0,2,23,0,25,113,40,53,0,206,20,0,20,226
09/16/2017,PVD,RI,ANE,EN,Combined TRACON& Tower with Radar,108,9,14,0,131,1,0,12,0,13,109,9,26,0,144,28,0,28,172
09/17/2017,PVD,RI,ANE,EN,Combined TRACON& Tower with Radar,119,34,17,2,172,0,0,17,2,19,119,34,34,4,191,40,0,40,231
09/18/2017,PVD,RI,ANE,EN,Combined TRACON& Tower with Radar,105,28,34,0,167,0,0,0,0,0,105,28,34,0,167,0,0,0,167
09/19/2017,PVD,RI,ANE,EN,Combined TRACON& Tower with Radar,109,24,15,0,148,0,0,0,0,0,109,24,15,0,148,0,0,0,148
09/20/2017,PVD,RI,ANE,EN,Combined TRACON& Tower with Radar,111,20,17,0,148,0,0,0,0,0,111,20,17,0,148,0,0,0,148
09/21/2017,PVD,RI,ANE,EN,Combined TRACON& Tower with Radar,111,25,24,0,160,0,0,4,0,4,111,25,28,0,164,0,0,0,164
09/22/2017,PVD,RI,ANE,EN,Combined TRACON& Tower with Radar,108,42,16,3,169,0,0,0,0,0,108,42,16,3,169,0,0,0,169
09/23/2017,PVD,RI,ANE,EN,Combined TRACON& Tower with Radar,95,20,9,1,125,0,1,11,3,15,95,21,20,4,140,38,0,38,178
09/24/2017,PVD,RI,ANE,EN,Combined TRACON& Tower with Radar,107,24,21,0,152,0,0,53,0,53,107,24,74,0,205,40,0,40,245
09/25/2017,PVD,RI,ANE,EN,Combined TRACON& Tower with Radar,112,25,16,0,153,0,0,34,0,34,112,25,50,0,187,42,0,42,229
09/26/2017,PVD,RI,ANE,EN,Combined TRACON& Tower with Radar,105,29,19,7,160,0,1,22,1,24,105,30,41,8,184,22,0,22,206
09/27/2017,PVD,RI,ANE,EN,Combined TRACON& Tower with Radar,119,44,32,0,195,0,0,28,2,30,119,44,60,2,225,40,0,40,265
09/28/2017,PVD,RI,ANE,EN,Combined TRACON& Tower with Radar,118,26,8,0,152,0,2,26,0,28,118,28,34,0,180,150,0,150,330
09/29/2017,PVD,RI,ANE,EN,Combined TRACON& Tower with Radar,108,25,11,0,144,0,0,30,0,30,108,25,41,0,174,50,0,50,224
09/30/2017,PVD,RI,ANE,EN,Combined TRACON& Tower with Radar,95,10,14,0,119,0,0,0,0,0,95,10,14,0,119,6,0,6,125
10/01/2017,PVD,RI,ANE,EN,Combined TRACON& Tower with Radar,105,24,24,0,153,0,1,34,0,35,105,25,58,0,188,36,0,36,224
10/02/2017,PVD,RI,ANE,EN,Combined TRACON& Tower with Radar,114,20,21,6,161,0,0,50,0,50,114,20,71,6,211,28,0,28,239
10/03/2017,PVD,RI,ANE,EN,Combined TRACON& Tower with Radar,112,32,13,0,157,0,2,38,1,41,112,34,51,1,198,104,0,104,302
10/04/2017,PVD,RI,ANE,EN,Combined TRACON& Tower with Radar,109,35,21,0,165,0,2,35,2,39,109,37,56,2,204,18,0,18,222
10/05/2017,PVD,RI,ANE,EN,Combined TRACON& Tower with Radar,121,32,18,0,171,0,0,36,0,36,121,32,54,0,207,46,0,46,253
10/06/2017,PVD,RI,ANE,EN,Combined TRACON& Tower with Radar,118,28,22,0,168,0,5,45,1,51,118,33,67,1,219,32,0,32,251
10/07/2017,PVD,RI,ANE,EN,Combined TRACON& Tower with Radar,92,15,6,0,113,0,0,6,0,6,92,15,12,0,119,6,0,6,125
10/08/2017,PVD,RI,ANE,EN,Combined TRACON& Tower with Radar,109,17,9,0,135,0,0,0,0,0,109,17,9,0,135,0,0,0,135
10/09/2017,PVD,RI,ANE,EN,Combined TRACON& Tower with Radar,117,26,4,0,147,0,0,0,0,0,117,26,4,0,147,0,0,0,147
10/10/2017,PVD,RI,ANE,EN,Combined TRACON& Tower with Radar,115,25,8,0,148,0,4,38,0,42,115,29,46,0,190,90,0,90,280
10/11/2017,PVD,RI,ANE,EN,Combined TRACON& Tower with Radar,118,32,17,0,167,0,0,38,2,40,118,32,55,2,207,52,0,52,259
10/12/2017,PVD,RI,ANE,EN,Combined TRACON& Tower with Radar,123,32,22,0,177,0,0,22,0,22,123,32,44,0,199,60,0,60,259
10/13/2017,PVD,RI,ANE,EN,Combined TRACON& Tower with Radar,118,35,17,1,171,0,0,47,8,55,118,35,64,9,226,76,20,96,322
10/14/2017,PVD,RI,ANE,EN,Combined TRACON& Tower with Radar,88,20,28,0,136,0,0,0,0,0,88,20,28,0,136,18,0,18,154
10/15/2017,PVD,RI,ANE,EN,Combined TRACON& Tower with Radar,119,44,34,0,197,0,0,3,0,3,119,44,37,0,200,4,0,4,204
10/16/2017,PVD,RI,ANE,EN,Combined TRACON& Tower with Radar,118,22,16,0,156,0,0,30,0,30,118,22,46,0,186,80,0,80,266
10/17/2017,PVD,RI,ANE,EN,Combined TRACON& Tower with Radar,118,27,16,0,161,0,0,35,0,35,118,27,51,0,196,124,0,124,320
10/18/2017,PVD,RI,ANE,EN,Combined TRACON& Tower with Radar,119,34,19,1,173,0,0,42,1,43,119,34,61,2,216,112,0,112,328
10/19/2017,PVD,RI,ANE,EN,Combined TRACON& Tower with Radar,127,32,18,0,177,0,5,25,2,32,127,37,43,2,209,102,0,102,311
10/20/2017,PVD,RI,ANE,EN,Combined TRACON& Tower with Radar,123,23,10,0,156,0,2,34,0,36,123,25,44,0,192,48,0,48,240
10/21/2017,PVD,RI,ANE,EN,Combined TRACON& Tower with Radar,98,20,14,0,132,0,2,42,0,44,98,22,56,0,176,58,0,58,234
10/22/2017,PVD,RI,ANE,EN,Combined TRACON& Tower with Radar,117,21,17,0,155,0,4,49,0,53,117,25,66,0,208,72,0,72,280
10/23/2017,PVD,RI,ANE,EN,Combined TRACON& Tower with Radar,117,33,18,0,168,1,1,5,0,7,118,34,23,0,175,0,0,0,175
10/24/2017,PVD,RI,ANE,EN,Combined TRACON& Tower with Radar,117,31,15,0,163,0,0,0,0,0,117,31,15,0,163,0,0,0,163
10/25/2017,PVD,RI,ANE,EN,Combined TRACON& Tower with Radar,116,32,20,0,168,0,0,1,0,1,116,32,21,0,169,0,0,0,169
10/26/2017,PVD,RI,ANE,EN,Combined TRACON& Tower with Radar,127,35,20,6,188,0,0,0,0,0,127,35,20,6,188,0,6,6,194
10/27/2017,PVD,RI,ANE,EN,Combined TRACON& Tower with Radar,122,32,34,0,188,0,4,45,0,49,122,36,79,0,237,58,0,58,295
10/28/2017,PVD,RI,ANE,EN,Combined TRACON& Tower with Radar,94,14,4,0,112,0,2,49,0,51,94,16,53,0,163,18,0,18,181
10/29/2017,PVD,RI,ANE,EN,Combined TRACON& Tower with Radar,100,17,23,0,140,0,0,6,0,6,100,17,29,0,146,0,0,0,146
10/30/2017,PVD,RI,ANE,EN,Combined TRACON& Tower with Radar,109,35,10,0,154,0,0,1,0,1,109,35,11,0,155,0,0,0,155
10/31/2017,PVD,RI,ANE,EN,Combined TRACON& Tower with Radar,110,26,20,0,156,0,2,24,0,26,110,28,44,0,182,16,0,16,198
11/01/2017,PVD,RI,ANE,EN,Combined TRACON& Tower with Radar,118,23,20,2,163,0,0,32,1,33,118,23,52,3,196,120,0,120,316
11/02/2017,PVD,RI,ANE,EN,Combined TRACON& Tower with Radar,126,25,17,0,168,0,2,12,0,14,126,27,29,0,182,4,0,4,186
11/03/2017,PVD,RI,ANE,EN,Combined TRACON& Tower with Radar,119,24,10,0,153,0,0,29,0,29,119,24,39,0,182,50,0,50,232
11/04/2017,PVD,RI,ANE,EN,Combined TRACON& Tower with Radar,97,6,12,0,115,0,0,44,0,44,97,6,56,0,159,58,0,58,217
11/05/2017,PVD,RI,ANE,EN,Combined TRACON& Tower with Radar,105,22,12,0,139,0,0,10,0,10,105,22,22,0,149,46,0,46,195
11/06/2017,PVD,RI,ANE,EN,Combined TRACON& Tower with Radar,109,32,23,0,164,0,0,0,0,0,109,32,23,0,164,0,0,0,164
11/07/2017,PVD,RI,ANE,EN,Combined TRACON& Tower with Radar,107,36,27,0,170,0,1,39,0,40,107,37,66,0,210,122,0,122,332
11/08/2017,PVD,RI,ANE,EN,Combined TRACON& Tower with Radar,106,39,32,1,178,0,1,28,0,29,106,40,60,1,207,62,0,62,269
11/09/2017,PVD,RI,ANE,EN,Combined TRACON& Tower with Radar,113,26,21,3,163,0,2,52,0,54,113,28,73,3,217,50,4,54,271
11/10/2017,PVD,RI,ANE,EN,Combined TRACON& Tower with Radar,109,36,13,0,158,0,2,0,0,2,109,38,13,0,160,0,0,0,160
11/11/2017,PVD,RI,ANE,EN,Combined TRACON& Tower with Radar,96,16,11,0,123,0,1,39,0,40,96,17,50,0,163,24,0,24,187
11/12/2017,PVD,RI,ANE,EN,Combined TRACON& Tower with Radar,113,18,8,0,139,0,0,33,0,33,113,18,41,0,172,88,0,88,260
11/13/2017,PVD,RI,ANE,EN,Combined TRACON& Tower with Radar,118,39,13,0,170,0,0,7,0,7,118,39,20,0,177,40,0,40,217
11/14/2017,PVD,RI,ANE,EN,Combined TRACON& Tower with Radar,111,39,16,2,168,0,0,18,0,18,111,39,34,2,186,54,0,54,240
11/15/2017,PVD,RI,ANE,EN,Combined TRACON& Tower with Radar,109,28,21,0,158,0,0,40,0,40,109,28,61,0,198,80,0,80,278
11/16/2017,PVD,RI,ANE,EN,Combined TRACON& Tower with Radar,115,38,19,0,172,0,4,6,0,10,115,42,25,0,182,18,0,18,200
11/17/2017,PVD,RI,ANE,EN,Combined TRACON& Tower with Radar,123,37,10,0,170,0,0,9,0,9,123,37,19,0,179,0,0,0,179
11/18/2017,PVD,RI,ANE,EN,Combined TRACON& Tower with Radar,97,26,10,1,134,0,1,37,2,40,97,27,47,3,174,58,0,58,232
11/19/2017,PVD,RI,ANE,EN,Combined TRACON& Tower with Radar,106,16,0,0,122,0,0,0,0,0,106,16,0,0,122,0,0,0,122
11/20/2017,PVD,RI,ANE,EN,Combined TRACON& Tower with Radar,110,31,13,0,154,0,0,19,0,19,110,31,32,0,173,12,0,12,185
11/21/2017,PVD,RI,ANE,EN,Combined TRACON& Tower with Radar,125,47,17,2,191,0,2,10,2,14,125,49,27,4,205,28,0,28,233
11/22/2017,PVD,RI,ANE,EN,Combined TRACON& Tower with Radar,123,39,4,0,166,0,0,0,0,0,123,39,4,0,166,0,0,0,166
11/23/2017,PVD,RI,ANE,EN,Combined TRACON& Tower with Radar,68,11,3,0,82,0,0,0,0,0,68,11,3,0,82,0,0,0,82
11/24/2017,PVD,RI,ANE,EN,Combined TRACON& Tower with Radar,92,15,8,0,115,0,0,24,0,24,92,15,32,0,139,4,0,4,143
11/25/2017,PVD,RI,ANE,EN,Combined TRACON& Tower with Radar,105,22,17,0,144,0,0,35,0,35,105,22,52,0,179,56,0,56,235
11/26/2017,PVD,RI,ANE,EN,Combined TRACON& Tower with Radar,120,32,19,0,171,0,1,23,2,26,120,33,42,2,197,14,0,14,211
11/27/2017,PVD,RI,ANE,EN,Combined TRACON& Tower with Radar,128,32,24,0,184,0,2,19,0,21,128,34,43,0,205,10,0,10,215
11/28/2017,PVD,RI,ANE,EN,Combined TRACON& Tower with Radar,117,33,28,0,178,0,0,35,2,37,117,33,63,2,215,14,0,14,229
11/29/2017,PVD,RI,ANE,EN,Combined TRACON& Tower with Radar,110,30,14,0,154,0,1,22,0,23,110,31,36,0,177,18,0,18,195
11/30/2017,PVD,RI,ANE,EN,Combined TRACON& Tower with Radar,115,34,8,1,158,0,0,28,1,29,115,34,36,2,187,64,0,64,251
12/01/2017,PVD,RI,ANE,EN,Combined TRACON& Tower with Radar,113,31,18,7,169,0,0,19,1,20,113,31,37,8,189,2,0,2,191
12/02/2017,PVD,RI,ANE,EN,Combined TRACON& Tower with Radar,87,22,5,0,114,0,0,37,0,37,87,22,42,0,151,18,0,18,169
12/03/2017,PVD,RI,ANE,EN,Combined TRACON& Tower with Radar,107,20,18,0,145,0,0,35,0,35,107,20,53,0,180,52,0,52,232
12/04/2017,PVD,RI,ANE,EN,Combined TRACON& Tower with Radar,107,31,29,0,167,0,0,26,0,26,107,31,55,0,193,96,0,96,289
12/05/2017,PVD,RI,ANE,EN,Combined TRACON& Tower with Radar,112,29,13,0,154,0,0,0,0,0,112,29,13,0,154,0,0,0,154
12/06/2017,PVD,RI,ANE,EN,Combined TRACON& Tower with Radar,109,30,15,5,159,0,0,24,0,24,109,30,39,5,183,42,0,42,225
12/07/2017,PVD,RI,ANE,EN,Combined TRACON& Tower with Radar,113,31,22,0,166,0,0,36,1,37,113,31,58,1,203,32,0,32,235
12/08/2017,PVD,RI,ANE,EN,Combined TRACON& Tower with Radar,106,25,9,0,140,0,3,32,1,36,106,28,41,1,176,14,0,14,190
12/09/2017,PVD,RI,ANE,EN,Combined TRACON& Tower with Radar,86,11,2,0,99,0,0,0,0,0,86,11,2,0,99,2,0,2,101
12/10/2017,PVD,RI,ANE,EN,Combined TRACON& Tower with Radar,102,20,5,0,127,0,0,30,0,30,102,20,35,0,157,42,0,42,199
12/11/2017,PVD,RI,ANE,EN,Combined TRACON& Tower with Radar,109,35,30,4,178,0,0,21,0,21,109,35,51,4,199,12,2,14,213
12/12/2017,PVD,RI,ANE,EN,Combined TRACON& Tower with Radar,110,37,15,0,162,0,0,4,0,4,110,37,19,0,166,32,0,32,198
12/13/2017,PVD,RI,ANE,EN,Combined TRACON& Tower with Radar,108,42,12,0,162,0,0,4,2,6,108,42,16,2,168,0,0,0,168
12/14/2017,PVD,RI,ANE,EN,Combined TRACON& Tower with Radar,119,37,21,2,179,0,0,7,0,7,119,37,28,2,186,2,0,2,188
12/15/2017,PVD,RI,ANE,EN,Combined TRACON& Tower with Radar,116,36,10,0,162,0,0,12,2,14,116,36,22,2,176,4,0,4,180
12/16/2017,PVD,RI,ANE,EN,Combined TRACON& Tower with Radar,83,32,8,0,123,0,2,8,1,11,83,34,16,1,134,50,0,50,184
12/17/2017,PVD,RI,ANE,EN,Combined TRACON& Tower with Radar,103,23,5,0,131,0,2,21,0,23,103,25,26,0,154,46,0,46,200
12/18/2017,PVD,RI,ANE,EN,Combined TRACON& Tower with Radar,120,38,13,0,171,0,0,5,0,5,120,38,18,0,176,8,0,8,184
12/19/2017,PVD,RI,ANE,EN,Combined TRACON& Tower with Radar,115,31,24,1,171,0,0,25,0,25,115,31,49,1,196,42,0,42,238
12/20/2017,PVD,RI,ANE,EN,Combined TRACON& Tower with Radar,117,39,14,0,170,0,1,13,1,15,117,40,27,1,185,24,0,24,209
12/21/2017,PVD,RI,ANE,EN,Combined TRACON& Tower with Radar,121,41,10,0,172,0,0,45,0,45,121,41,55,0,217,90,0,90,307
12/22/2017,PVD,RI,ANE,EN,Combined TRACON& Tower with Radar,126,39,14,0,179,0,0,14,0,14,126,39,28,0,193,6,0,6,199
12/23/2017,PVD,RI,ANE,EN,Combined TRACON& Tower with Radar,99,22,4,0,125,0,0,0,0,0,99,22,4,0,125,0,0,0,125
12/24/2017,PVD,RI,ANE,EN,Combined TRACON& Tower with Radar,88,20,3,0,111,0,0,14,0,14,88,20,17,0,125,52,0,52,177
12/25/2017,PVD,RI,ANE,EN,Combined TRACON& Tower with Radar,86,14,1,0,101,0,0,0,0,0,86,14,1,0,101,0,0,0,101
12/26/2017,PVD,RI,ANE,EN,Combined TRACON& Tower with Radar,121,26,17,0,164,0,0,21,0,21,121,26,38,0,185,58,0,58,243
12/27/2017,PVD,RI,ANE,EN,Combined TRACON& Tower with Radar,111,29,8,2,150,0,0,29,2,31,111,29,37,4,181,26,4,30,211
12/28/2017,PVD,RI,ANE,EN,Combined TRACON& Tower with Radar,122,29,8,0,159,0,4,11,2,17,122,33,19,2,176,0,0,0,176
12/29/2017,PVD,RI,ANE,EN,Combined TRACON& Tower with Radar,124,23,6,0,153,0,0,33,0,33,124,23,39,0,186,8,0,8,194
12/30/2017,PVD,RI,ANE,EN,Combined TRACON& Tower with Radar,100,14,1,0,115,0,0,10,0,10,100,14,11,0,125,10,0,10,135
12/31/2017,PVD,RI,ANE,EN,Combined TRACON& Tower with Radar,92,15,3,0,110,0,0,11,0,11,92,15,14,0,121,0,0,0,121
01/01/2018,PVD,RI,ANE,EN,Combined TRACON& Tower with Radar,89,15,9,0,113,0,0,1,0,1,89,15,10,0,114,0,0,0,114
01/02/2018,PVD,RI,ANE,EN,Combined TRACON& Tower with Radar,113,27,4,0,144,0,2,10,2,14,113,29,14,2,158,34,0,34,192
01/03/2018,PVD,RI,ANE,EN,Combined TRACON& Tower with Radar,97,31,17,0,145,0,0,27,2,29,97,31,44,2,174,112,0,112,286
01/04/2018,PVD,RI,ANE,EN,Combined TRACON& Tower with Radar,12,0,0,0,12,0,0,0,0,0,12,0,0,0,12,0,0,0,12
01/05/2018,PVD,RI,ANE,EN,Combined TRACON& Tower with Radar,95,18,9,0,122,0,0,1,0,1,95,18,10,0,123,0,0,0,123
01/06/2018,PVD,RI,ANE,EN,Combined TRACON& Tower with Radar,84,23,8,0,115,0,0,2,0,2,84,23,10,0,117,0,0,0,117
01/07/2018,PVD,RI,ANE,EN,Combined TRACON& Tower with Radar,95,27,21,0,143,0,0,22,0,22,95,27,43,0,165,52,0,52,217
01/08/2018,PVD,RI,ANE,EN,Combined TRACON& Tower with Radar,99,30,11,0,140,0,0,15,0,15,99,30,26,0,155,66,0,66,221
01/09/2018,PVD,RI,ANE,EN,Combined TRACON& Tower with Radar,98,20,9,0,127,0,0,10,2,12,98,20,19,2,139,42,0,42,181
01/10/2018,PVD,RI,ANE,EN,Combined TRACON& Tower with Radar,95,27,15,0,137,0,0,20,0,20,95,27,35,0,157,96,0,96,253
01/11/2018,PVD,RI,ANE,EN,Combined TRACON& Tower with Radar,104,36,31,6,177,0,0,4,0,4,104,36,35,6,181,28,0,28,209
01/12/2018,PVD,RI,ANE,EN,Combined TRACON& Tower with Radar,90,30,8,0,128,0,0,0,0,0,90,30,8,0,128,0,0,0,128
01/13/2018,PVD,RI,ANE,EN,Combined TRACON& Tower with Radar,85,21,19,0,125,0,0,3,3,6,85,21,22,3,131,0,0,0,131
01/14/2018,PVD,RI,ANE,EN,Combined TRACON& Tower with Radar,93,18,26,0,137,0,1,26,0,27,93,19,52,0,164,88,0,88,252
01/15/2018,PVD,RI,ANE,EN,Combined TRACON& Tower with Radar,100,34,15,0,149,0,0,2,0,2,100,34,17,0,151,6,0,6,157
01/16/2018,PVD,RI,ANE,EN,Combined TRACON& Tower with Radar,85,33,12,0,130,0,2,11,0,13,85,35,23,0,143,28,0,28,171
01/17/2018,PVD,RI,ANE,EN,Combined TRACON& Tower with Radar,82,30,8,0,120,0,0,0,0,0,82,30,8,0,120,0,0,0,120
01/18/2018,PVD,RI,ANE,EN,Combined TRACON& Tower with Radar,94,48,36,0,178,0,3,34,2,39,94,51,70,2,217,64,0,64,281
01/19/2018,PVD,RI,ANE,EN,Combined TRACON& Tower with Radar,102,36,11,2,151,0,1,31,0,32,102,37,42,2,183,66,0,66,249
01/20/2018,PVD,RI,ANE,EN,Combined TRACON& Tower with Radar,84,21,10,0,115,0,0,15,0,15,84,21,25,0,130,28,0,28,158
01/21/2018,PVD,RI,ANE,EN,Combined TRACON& Tower with Radar,94,45,36,0,175,0,0,37,0,37,94,45,73,0,212,66,0,66,278
01/22/2018,PVD,RI,ANE,EN,Combined TRACON& Tower with Radar,101,34,8,0,143,0,0,0,0,0,101,34,8,0,143,0,0,0,143
01/23/2018,PVD,RI,ANE,EN,Combined TRACON& Tower with Radar,102,27,18,0,147,0,0,2,0,2,102,27,20,0,149,0,0,0,149
01/24/2018,PVD,RI,ANE,EN,Combined TRACON& Tower with Radar,94,31,27,0,152,0,0,26,2,28,94,31,53,2,180,18,0,18,198
01/25/2018,PVD,RI,ANE,EN,Combined TRACON& Tower with Radar,103,26,24,0,153,0,0,31,0,31,103,26,55,0,184,20,0,20,204
01/26/2018,PVD,RI,ANE,EN,Combined TRACON& Tower with Radar,105,26,19,3,153,0,1,23,1,25,105,27,42,4,178,46,0,46,224
01/27/2018,PVD,RI,ANE,EN,Combined TRACON& Tower with Radar,84,20,11,0,115,0,0,9,0,9,84,20,20,0,124,14,0,14,138
01/28/2018,PVD,RI,ANE,EN,Combined TRACON& Tower with Radar,95,19,16,0,130,0,0,3,0,3,95,19,19,0,133,14,0,14,147
01/29/2018,PVD,RI,ANE,EN,Combined TRACON& Tower with Radar,98,26,18,1,143,0,1,8,0,9,98,27,26,1,152,10,0,10,162
01/30/2018,PVD,RI,ANE,EN,Combined TRACON& Tower with Radar,98,27,12,1,138,0,0,1,0,1,98,27,13,1,139,0,0,0,139
01/31/2018,PVD,RI,ANE,EN,Combined TRACON& Tower with Radar,96,35,16,4,151,0,0,30,0,30,96,35,46,4,181,86,4,90,271
02/01/2018,PVD,RI,ANE,EN,Combined TRACON& Tower with Radar,102,34,21,0,157,0,0,18,0,18,102,34,39,0,175,66,0,66,241
02/02/2018,PVD,RI,ANE,EN,Combined TRACON& Tower with Radar,100,31,16,0,147,0,2,4,0,6,100,33,20,0,153,6,0,6,159
02/03/2018,PVD,RI,ANE,EN,Combined TRACON& Tower with Radar,85,15,23,0,123,0,0,41,0,41,85,15,64,0,164,36,0,36,200
02/04/2018,PVD,RI,ANE,EN,Combined TRACON& Tower with Radar,78,18,7,0,103,0,0,6,0,6,78,18,13,0,109,20,0,20,129
02/05/2018,PVD,RI,ANE,EN,Combined TRACON& Tower with Radar,104,31,22,0,157,0,1,16,0,17,104,32,38,0,174,8,0,8,182
02/06/2018,PVD,RI,ANE,EN,Combined TRACON& Tower with Radar,96,38,22,8,164,0,1,32,0,33,96,39,54,8,197,62,2,64,261
02/07/2018,PVD,RI,ANE,EN,Combined TRACON& Tower with Radar,95,40,10,0,145,0,0,0,0,0,95,40,10,0,145,0,0,0,145
02/08/2018,PVD,RI,ANE,EN,Combined TRACON& Tower with Radar,100,42,30,0,172,0,0,51,1,52,100,42,81,1,224,32,0,32,256
02/09/2018,PVD,RI,ANE,EN,Combined TRACON& Tower with Radar,93,45,24,0,162,0,0,35,0,35,93,45,59,0,197,58,0,58,255
02/10/2018,PVD,RI,ANE,EN,Combined TRACON& Tower with Radar,85,28,9,0,122,0,0,10,0,10,85,28,19,0,132,28,0,28,160
02/11/2018,PVD,RI,ANE,EN,Combined TRACON& Tower with Radar,88,32,9,0,129,0,0,0,0,0,88,32,9,0,129,0,0,0,129
02/12/2018,PVD,RI,ANE,EN,Combined TRACON& Tower with Radar,102,35,14,0,151,0,0,24,0,24,102,35,38,0,175,28,0,28,203
02/13/2018,PVD,RI,ANE,EN,Combined TRACON& Tower with Radar,99,28,21,2,150,0,1,37,0,38,99,29,58,2,188,58,0,58,246
02/14/2018,PVD,RI,ANE,EN,Combined TRACON& Tower with Radar,92,36,22,0,150,0,6,13,0,19,92,42,35,0,169,32,0,32,201
02/15/2018,PVD,RI,ANE,EN,Combined TRACON& Tower with Radar,109,36,23,0,168,0,1,0,0,1,109,37,23,0,169,0,0,0,169
02/16/2018,PVD,RI,ANE,EN,Combined TRACON& Tower with Radar,108,31,33,0,172,0,0,19,0,19,108,31,52,0,191,68,0,68,259
02/17/2018,PVD,RI,ANE,EN,Combined TRACON& Tower with Radar,81,16,20,0,117,0,0,40,0,40,81,16,60,0,157,28,0,28,185
02/18/2018,PVD,RI,ANE,EN,Combined TRACON& Tower with Radar,89,23,11,0,123,0,0,14,0,14,89,23,25,0,137,0,0,0,137
02/19/2018,PVD,RI,ANE,EN,Combined TRACON& Tower with Radar,102,27,24,0,153,0,0,25,0,25,102,27,49,0,178,22,0,22,200
02/20/2018,PVD,RI,ANE,EN,Combined TRACON& Tower with Radar,108,41,21,2,172,0,0,18,0,18,108,41,39,2,190,26,0,26,216
02/21/2018,PVD,RI,ANE,EN,Combined TRACON& Tower with Radar,97,32,26,2,157,0,1,3,0,4,97,33,29,2,161,0,0,0,161
02/22/2018,PVD,RI,ANE,EN,Combined TRACON& Tower with Radar,103,33,15,0,151,0,1,11,0,12,103,34,26,0,163,46,0,46,209
02/23/2018,PVD,RI,ANE,EN,Combined TRACON& Tower with Radar,112,36,9,0,157,0,0,7,0,7,112,36,16,0,164,20,0,20,184
02/24/2018,PVD,RI,ANE,EN,Combined TRACON& Tower with Radar,87,20,6,0,113,0,0,36,0,36,87,20,42,0,149,38,0,38,187
02/25/2018,PVD,RI,ANE,EN,Combined TRACON& Tower with Radar,93,30,10,0,133,0,0,0,0,0,93,30,10,0,133,0,0,0,133
02/26/2018,PVD,RI,ANE,EN,Combined TRACON& Tower with Radar,103,30,27,0,160,0,0,32,0,32,103,30,59,0,192,20,0,20,212
02/27/2018,PVD,RI,ANE,EN,Combined TRACON& Tower with Radar,102,32,39,0,173,0,4,41,0,45,102,36,80,0,218,52,0,52,270
02/28/2018,PVD,RI,ANE,EN,Combined TRACON& Tower with Radar,101,28,18,14,161,0,1,31,3,35,101,29,49,17,196,14,0,14,210
03/01/2018,PVD,RI,ANE,EN,Combined TRACON& Tower with Radar,104,34,21,0,159,0,1,39,0,40,104,35,60,0,199,42,0,42,241
03/02/2018,PVD,RI,ANE,EN,Combined TRACON& Tower with Radar,53,5,5,0,63,0,0,0,0,0,53,5,5,0,63,0,0,0,63
03/03/2018,PVD,RI,ANE,EN,Combined TRACON& Tower with Radar,75,30,5,0,110,0,0,3,0,3,75,30,8,0,113,0,0,0,113
03/04/2018,PVD,RI,ANE,EN,Combined TRACON& Tower with Radar,91,23,7,0,121,0,0,4,0,4,91,23,11,0,125,12,0,12,137
03/05/2018,PVD,RI,ANE,EN,Combined TRACON& Tower with Radar,106,33,11,1,151,0,0,8,0,8,106,33,19,1,159,2,0,2,161
03/06/2018,PVD,RI,ANE,EN,Combined TRACON& Tower with Radar,101,31,27,5,164,0,0,35,0,35,101,31,62,5,199,68,4,72,271
03/07/2018,PVD,RI,ANE,EN,Combined TRACON& Tower with Radar,82,25,2,9,118,0,0,0,0,0,82,25,2,9,118,8,0,8,126
03/08/2018,PVD,RI,ANE,EN,Combined TRACON& Tower with Radar,98,31,14,0,143,0,0,5,0,5,98,31,19,0,148,36,8,44,192
03/09/2018,PVD,RI,ANE,EN,Combined TRACON& Tower with Radar,109,30,16,0,155,0,0,28,0,28,109,30,44,0,183,68,0,68,251
03/10/2018,PVD,RI,ANE,EN,Combined TRACON& Tower with Radar,87,26,17,0,130,0,0,12,0,12,87,26,29,0,142,0,0,0,142
03/11/2018,PVD,RI,ANE,EN,Combined TRACON& Tower with Radar,100,30,9,0,139,0,2,45,2,49,100,32,54,2,188,66,0,66,254
03/12/2018,PVD,RI,ANE,EN,Combined TRACON& Tower with Radar,102,35,14,0,151,0,0,38,0,38,102,35,52,0,189,10,0,10,199
03/13/2018,PVD,RI,ANE,EN,Combined TRACON& Tower with Radar,7,4,3,0,14,0,0,0,0,0,7,4,3,0,14,0,0,0,14
03/14/2018,PVD,RI,ANE,EN,Combined TRACON& Tower with Radar,86,30,14,2,132,0,0,2,0,2,86,30,16,2,134,4,0,4,138
03/15/2018,PVD,RI,ANE,EN,Combined TRACON& Tower with Radar,106,46,15,0,167,0,0,7,0,7,106,46,22,0,174,6,0,6,180
03/16/2018,PVD,RI,ANE,EN,Combined TRACON& Tower with Radar,106,33,10,2,151,0,0,19,0,19,106,33,29,2,170,20,0,20,190
03/17/2018,PVD,RI,ANE,EN,Combined TRACON& Tower with Radar,90,16,1,0,107,0,2,11,0,13,90,18,12,0,120,0,0,0,120
03/18/2018,PVD,RI,ANE,EN,Combined TRACON& Tower with Radar,105,30,13,0,148,0,0,25,2,27,105,30,38,2,175,48,0,48,223
03/19/2018,PVD,RI,ANE,EN,Combined TRACON& Tower with Radar,102,31,17,0,150,0,0,23,0,23,102,31,40,0,173,54,0,54,227
03/20/2018,PVD,RI,ANE,EN,Combined TRACON& Tower with Radar,87,37,26,0,150,0,1,23,4,28,87,38,49,4,178,18,0,18,196
03/21/2018,PVD,RI,ANE,EN,Combined TRACON& Tower with Radar,47,10,10,0,67,0,0,0,0,0,47,10,10,0,67,0,0,0,67
03/22/2018,PVD,RI,ANE,EN,Combined TRACON& Tower with Radar,90,32,18,0,140,0,1,7,0,8,90,33,25,0,148,10,0,10,158
03/23/2018,PVD,RI,ANE,EN,Combined TRACON& Tower with Radar,110,44,29,0,183,0,0,32,0,32,110,44,61,0,215,26,0,26,241
03/24/2018,PVD,RI,ANE,EN,Combined TRACON& Tower with Radar,88,24,11,0,123,0,0,25,0,25,88,24,36,0,148,26,0,26,174
03/25/2018,PVD,RI,ANE,EN,Combined TRACON& Tower with Radar,96,29,12,0,137,0,0,2,0,2,96,29,14,0,139,8,0,8,147
03/26/2018,PVD,RI,ANE,EN,Combined TRACON& Tower with Radar,100,31,20,0,151,0,0,19,0,19,100,31,39,0,170,22,0,22,192
03/27/2018,PVD,RI,ANE,EN,Combined TRACON& Tower with Radar,97,48,21,2,168,0,0,37,2,39,97,48,58,4,207,56,2,58,265
03/28/2018,PVD,RI,ANE,EN,Combined TRACON& Tower with Radar,95,43,20,0,158,0,1,25,0,26,95,44,45,0,184,24,0,24,208
03/29/2018,PVD,RI,ANE,EN,Combined TRACON& Tower with Radar,102,48,39,1,190,0,1,23,1,25,102,49,62,2,215,6,0,6,221
03/30/2018,PVD,RI,ANE,EN,Combined TRACON& Tower with Radar,100,41,13,4,158,0,0,1,0,1,100,41,14,4,159,0,0,0,159
03/31/2018,PVD,RI,ANE,EN,Combined TRACON& Tower with Radar,89,24,11,0,124,0,0,36,0,36,89,24,47,0,160,42,0,42,202
04/01/2018,PVD,RI,ANE,EN,Combined TRACON& Tower with Radar,96,40,5,0,141,0,0,4,0,4,96,40,9,0,145,4,0,4,149
04/02/2018,PVD,RI,ANE,EN,Combined TRACON& Tower with Radar,100,26,20,0,146,0,0,1,0,1,100,26,21,0,147,28,0,28,175
04/03/2018,PVD,RI,ANE,EN,Combined TRACON& Tower with Radar,101,36,26,0,163,0,0,22,0,22,101,36,48,0,185,2,0,2,187
04/04/2018,PVD,RI,ANE,EN,Combined TRACON& Tower with Radar,91,46,19,2,158,0,0,0,0,0,91,46,19,2,158,0,0,0,158
04/05/2018,PVD,RI,ANE,EN,Combined TRACON& Tower with Radar,106,44,12,0,162,0,0,5,0,5,106,44,17,0,167,0,0,0,167
04/06/2018,PVD,RI,ANE,EN,Combined TRACON& Tower with Radar,101,41,18,0,160,0,0,12,0,12,101,41,30,0,172,18,0,18,190
04/07/2018,PVD,RI,ANE,EN,Combined TRACON& Tower with Radar,91,29,15,0,135,0,0,40,0,40,91,29,55,0,175,22,0,22,197
04/08/2018,PVD,RI,ANE,EN,Combined TRACON& Tower with Radar,103,29,14,0,146,0,2,28,0,30,103,31,42,0,176,12,0,12,188
04/09/2018,PVD,RI,ANE,EN,Combined TRACON& Tower with Radar,118,37,27,0,182,0,2,21,0,23,118,39,48,0,205,52,0,52,257
04/10/2018,PVD,RI,ANE,EN,Combined TRACON& Tower with Radar,108,40,11,0,159,0,1,9,0,10,108,41,20,0,169,66,0,66,235
04/11/2018,PVD,RI,ANE,EN,Combined TRACON& Tower with Radar,113,38,18,0,169,0,0,29,0,29,113,38,47,0,198,18,0,18,216
04/12/2018,PVD,RI,ANE,EN,Combined TRACON& Tower with Radar,116,46,17,0,179,0,0,37,0,37,116,46,54,0,216,6,0,6,222
04/13/2018,PVD,RI,ANE,EN,Combined TRACON& Tower with Radar,115,45,14,0,174,0,0,41,0,41,115,45,55,0,215,22,0,22,237
04/14/2018,PVD,RI,ANE,EN,Combined TRACON& Tower with Radar,98,37,4,0,139,0,0,28,1,29,98,37,32,1,168,16,0,16,184
04/15/2018,PVD,RI,ANE,EN,Combined TRACON& Tower with Radar,100,29,7,0,136,0,0,0,0,0,100,29,7,0,136,0,0,0,136
04/16/2018,PVD,RI,ANE,EN,Combined TRACON& Tower with Radar,131,34,6,0,171,0,0,1,0,1,131,34,7,0,172,0,0,0,172
04/17/2018,PVD,RI,ANE,EN,Combined TRACON& Tower with Radar,113,49,15,0,177,0,0,29,0,29,113,49,44,0,206,16,0,16,222
04/18/2018,PVD,RI,ANE,EN,Combined TRACON& Tower with Radar,117,43,17,0,177,0,0,17,0,17,117,43,34,0,194,8,0,8,202
04/19/2018,PVD,RI,ANE,EN,Combined TRACON& Tower with Radar,120,37,23,0,180,0,0,3,0,3,120,37,26,0,183,0,0,0,183
04/20/2018,PVD,RI,ANE,EN,Combined TRACON& Tower with Radar,124,39,12,0,175,0,0,38,0,38,124,39,50,0,213,44,0,44,257
04/21/2018,PVD,RI,ANE,EN,Combined TRACON& Tower with Radar,108,26,9,0,143,0,0,29,0,29,108,26,38,0,172,34,0,34,206
04/22/2018,PVD,RI,ANE,EN,Combined TRACON& Tower with Radar,106,35,10,0,151,0,2,40,0,42,106,37,50,0,193,8,0,8,201
04/23/2018,PVD,RI,ANE,EN,Combined TRACON& Tower with Radar,114,36,24,0,174,1,3,17,0,21,115,39,41,0,195,38,0,38,233
04/24/2018,PVD,RI,ANE,EN,Combined TRACON& Tower with Radar,119,37,24,0,180,0,0,26,0,26,119,37,50,0,206,6,0,6,212
04/25/2018,PVD,RI,ANE,EN,Combined TRACON& Tower with Radar,117,39,32,0,188,0,0,0,0,0,117,39,32,0,188,0,0,0,188
04/26/2018,PVD,RI,ANE,EN,Combined TRACON& Tower with Radar,128,37,27,0,192,0,2,20,0,22,128,39,47,0,214,70,0,70,284
04/27/2018,PVD,RI,ANE,EN,Combined TRACON& Tower with Radar,124,35,12,0,171,0,0,18,0,18,124,35,30,0,189,20,0,20,209
04/28/2018,PVD,RI,ANE,EN,Combined TRACON& Tower with Radar,115,29,27,0,171,0,1,43,3,47,115,30,70,3,218,88,0,88,306
04/29/2018,PVD,RI,ANE,EN,Combined TRACON& Tower with Radar,103,27,19,0,149,0,0,12,0,12,103,27,31,0,161,14,0,14,175
04/30/2018,PVD,RI,ANE,EN,Combined TRACON& Tower with Radar,123,34,21,0,178,0,2,17,0,19,123,36,38,0,197,42,0,42,239
05/01/2018,PVD,RI,ANE,EN,Combined TRACON& Tower with Radar,123,32,28,1,184,0,3,34,1,38,123,35,62,2,222,34,0,34,256
05/02/2018,PVD,RI,ANE,EN,Combined TRACON& Tower with Radar,115,37,23,0,175,0,2,26,0,28,115,39,49,0,203,12,0,12,215
05/03/2018,PVD,RI,ANE,EN,Combined TRACON& Tower with Radar,119,41,14,0,174,0,0,23,0,23,119,41,37,0,197,8,0,8,205
05/04/2018,PVD,RI,ANE,EN,Combined TRACON& Tower with Radar,119,39,22,1,181,0,2,35,1,38,119,41,57,2,219,48,0,48,267
05/05/2018,PVD,RI,ANE,EN,Combined TRACON& Tower with Radar,103,17,16,0,136,0,0,39,0,39,103,17,55,0,175,42,0,42,217
05/06/2018,PVD,RI,ANE,EN,Combined TRACON& Tower with Radar,95,24,18,0,137,0,0,24,0,24,95,24,42,0,161,22,0,22,183
05/07/2018,PVD,RI,ANE,EN,Combined TRACON& Tower with Radar,114,34,24,0,172,0,2,30,0,32,114,36,54,0,204,16,0,16,220
05/08/2018,PVD,RI,ANE,EN,Combined TRACON& Tower with Radar,109,48,25,0,182,0,0,42,0,42,109,48,67,0,224,28,0,28,252
05/09/2018,PVD,RI,ANE,EN,Combined TRACON& Tower with Radar,115,31,10,0,156,0,0,32,0,32,115,31,42,0,188,38,0,38,226
05/10/2018,PVD,RI,ANE,EN,Combined TRACON& Tower with Radar,105,49,22,2,178,0,3,20,1,24,105,52,42,3,202,34,0,34,236
05/11/2018,PVD,RI,ANE,EN,Combined TRACON& Tower with Radar,114,33,22,0,169,0,0,44,0,44,114,33,66,0,213,18,0,18,231
05/12/2018,PVD,RI,ANE,EN,Combined TRACON& Tower with Radar,101,25,9,0,135,1,0,1,0,2,102,25,10,0,137,28,0,28,165
05/13/2018,PVD,RI,ANE,EN,Combined TRACON& Tower with Radar,91,27,15,0,133,0,0,2,0,2,91,27,17,0,135,26,0,26,161
05/14/2018,PVD,RI,ANE,EN,Combined TRACON& Tower with Radar,102,31,31,0,164,0,0,17,0,17,102,31,48,0,181,12,0,12,193
05/15/2018,PVD,RI,ANE,EN,Combined TRACON& Tower with Radar,100,32,19,0,151,0,2,18,0,20,100,34,37,0,171,12,0,12,183
05/16/2018,PVD,RI,ANE,EN,Combined TRACON& Tower with Radar,111,42,25,0,178,0,0,17,0,17,111,42,42,0,195,18,0,18,213
05/17/2018,PVD,RI,ANE,EN,Combined TRACON& Tower with Radar,110,41,31,0,182,0,0,6,0,6,110,41,37,0,188,34,0,34,222
05/18/2018,PVD,RI,ANE,EN,Combined TRACON& Tower with Radar,110,39,14,0,163,0,0,26,0,26,110,39,40,0,189,14,0,14,203
05/19/2018,PVD,RI,ANE,EN,Combined TRACON& Tower with Radar,108,23,13,0,144,0,0,0,0,0,108,23,13,0,144,0,0,0,144
05/20/2018,PVD,RI,ANE,EN,Combined TRACON& Tower with Radar,94,46,15,0,155,0,0,0,0,0,94,46,15,0,155,4,0,4,159
05/21/2018,PVD,RI,ANE,EN,Combined TRACON& Tower with Radar,111,43,12,0,166,0,4,49,0,53,111,47,61,0,219,54,0,54,273
05/22/2018,PVD,RI,ANE,EN,Combined TRACON& Tower with Radar,107,38,20,0,165,0,0,27,0,27,107,38,47,0,192,84,0,84,276
05/23/2018,PVD,RI,ANE,EN,Combined TRACON& Tower with Radar,111,47,28,1,187,0,0,29,0,29,111,47,57,1,216,42,0,42,258
05/24/2018,PVD,RI,ANE,EN,Combined TRACON& Tower with Radar,116,50,21,2,189,0,6,43,0,49,116,56,64,2,238,18,0,18,256
05/25/2018,PVD,RI,ANE,EN,Combined TRACON& Tower with Radar,112,54,26,0,192,0,7,53,0,60,112,61,79,0,252,64,0,64,316
05/26/2018,PVD,RI,ANE,EN,Combined TRACON& Tower with Radar,107,38,17,0,162,0,5,39,0,44,107,43,56,0,206,48,0,48,254
05/27/2018,PVD,RI,ANE,EN,Combined TRACON& Tower with Radar,86,41,23,0,150,0,0,1,0,1,86,41,24,0,151,0,0,0,151
05/28/2018,PVD,RI,ANE,EN,Combined TRACON& Tower with Radar,103,35,26,0,164,0,0,1,0,1,103,35,27,0,165,2,0,2,167
05/29/2018,PVD,RI,ANE,EN,Combined TRACON& Tower with Radar,113,38,26,0,177,0,0,34,0,34,113,38,60,0,211,26,0,26,237
05/30/2018,PVD,RI,ANE,EN,Combined TRACON& Tower with Radar,106,43,14,0,163,0,0,24,0,24,106,43,38,0,187,46,0,46,233
05/31/2018,PVD,RI,ANE,EN,Combined TRACON& Tower with Radar,108,41,24,0,173,0,1,17,0,18,108,42,41,0,191,38,0,38,229
06/01/2018,PVD,RI,ANE,EN,Combined TRACON& Tower with Radar,112,55,22,0,189,0,0,0,0,0,112,55,22,0,189,0,0,0,189
06/02/2018,PVD,RI,ANE,EN,Combined TRACON& Tower with Radar,105,22,4,0,131,0,0,21,0,21,105,22,25,0,152,22,0,22,174
06/03/2018,PVD,RI,ANE,EN,Combined TRACON& Tower with Radar,97,34,20,0,151,0,0,32,1,33,97,34,52,1,184,30,0,30,214
06/04/2018,PVD,RI,ANE,EN,Combined TRACON& Tower with Radar,113,40,28,0,181,0,0,0,0,0,113,40,28,0,181,0,0,0,181
06/05/2018,PVD,RI,ANE,EN,Combined TRACON& Tower with Radar,112,35,13,0,160,0,1,24,0,25,112,36,37,0,185,48,0,48,233
06/06/2018,PVD,RI,ANE,EN,Combined TRACON& Tower with Radar,115,39,36,4,194,0,0,14,0,14,115,39,50,4,208,22,0,22,230
06/07/2018,PVD,RI,ANE,EN,Combined TRACON& Tower with Radar,115,43,21,2,181,0,0,18,0,18,115,43,39,2,199,0,0,0,199
06/08/2018,PVD,RI,ANE,EN,Combined TRACON& Tower with Radar,124,44,16,0,184,0,1,40,0,41,124,45,56,0,225,8,0,8,233
06/09/2018,PVD,RI,ANE,EN,Combined TRACON& Tower with Radar,103,21,4,0,128,0,0,29,1,30,103,21,33,1,158,0,0,0,158
06/10/2018,PVD,RI,ANE,EN,Combined TRACON& Tower with Radar,99,22,14,0,135,0,0,38,0,38,99,22,52,0,173,36,0,36,209
06/11/2018,PVD,RI,ANE,EN,Combined TRACON& Tower with Radar,115,39,18,0,172,0,0,18,1,19,115,39,36,1,191,65,0,65,256
06/12/2018,PVD,RI,ANE,EN,Combined TRACON& Tower with Radar,124,42,15,0,181,0,0,41,2,43,124,42,56,2,224,14,0,14,238
06/13/2018,PVD,RI,ANE,EN,Combined TRACON& Tower with Radar,119,37,28,10,194,0,0,6,0,6,119,37,34,10,200,30,0,30,230
06/14/2018,PVD,RI,ANE,EN,Combined TRACON& Tower with Radar,123,35,19,0,177,0,0,16,0,16,123,35,35,0,193,20,0,20,213
06/15/2018,PVD,RI,ANE,EN,Combined TRACON& Tower with Radar,111,36,23,0,170,0,1,7,0,8,111,37,30,0,178,60,0,60,238
06/16/2018,PVD,RI,ANE,EN,Combined TRACON& Tower with Radar,110,20,9,0,139,0,2,36,0,38,110,22,45,0,177,10,0,10,187
06/17/2018,PVD,RI,ANE,EN,Combined TRACON& Tower with Radar,103,41,13,0,157,0,0,35,0,35,103,41,48,0,192,6,0,6,198
06/18/2018,PVD,RI,ANE,EN,Combined TRACON& Tower with Radar,119,35,13,0,167,0,2,28,0,30,119,37,41,0,197,16,0,16,213
06/19/2018,PVD,RI,ANE,EN,Combined TRACON& Tower with Radar,111,31,20,0,162,0,0,40,0,40,111,31,60,0,202,38,0,38,240
06/20/2018,PVD,RI,ANE,EN,Combined TRACON& Tower with Radar,119,30,12,3,164,0,4,25,0,29,119,34,37,3,193,36,2,38,231
06/21/2018,PVD,RI,ANE,EN,Combined TRACON& Tower with Radar,126,32,22,2,182,0,1,27,2,30,126,33,49,4,212,46,0,46,258
06/22/2018,PVD,RI,ANE,EN,Combined TRACON& Tower with Radar,126,36,20,0,182,0,4,43,0,47,126,40,63,0,229,68,0,68,297
06/23/2018,PVD,RI,ANE,EN,Combined TRACON& Tower with Radar,108,28,17,0,153,0,0,2,0,2,108,28,19,0,155,8,0,8,163
06/24/2018,PVD,RI,ANE,EN,Combined TRACON& Tower with Radar,102,33,27,0,162,0,0,3,0,3,102,33,30,0,165,74,0,74,239
06/25/2018,PVD,RI,ANE,EN,Combined TRACON& Tower with Radar,125,38,26,0,189,0,0,33,0,33,125,38,59,0,222,8,0,8,230
06/26/2018,PVD,RI,ANE,EN,Combined TRACON& Tower with Radar,121,34,21,0,176,0,0,57,0,57,121,34,78,0,233,28,0,28,261
06/27/2018,PVD,RI,ANE,EN,Combined TRACON& Tower with Radar,119,37,24,0,180,0,2,34,0,36,119,39,58,0,216,21,0,21,237
06/28/2018,PVD,RI,ANE,EN,Combined TRACON& Tower with Radar,127,37,21,0,185,0,0,0,0,0,127,37,21,0,185,0,0,0,185
06/29/2018,PVD,RI,ANE,EN,Combined TRACON& Tower with Radar,125,38,21,0,184,0,0,48,0,48,125,38,69,0,232,30,0,30,262
06/30/2018,PVD,RI,ANE,EN,Combined TRACON& Tower with Radar,112,19,24,0,155,0,7,30,2,39,112,26,54,2,194,32,0,32,226
07/01/2018,PVD,RI,ANE,EN,Combined TRACON& Tower with Radar,101,26,10,0,137,0,0,16,1,17,101,26,26,1,154,0,0,0,154
07/02/2018,PVD,RI,ANE,EN,Combined TRACON& Tower with Radar,109,36,17,0,162,0,0,33,0,33,109,36,50,0,195,10,0,10,205
07/03/2018,PVD,RI,ANE,EN,Combined TRACON& Tower with Radar,101,22,16,0,139,0,0,28,0,28,101,22,44,0,167,90,0,90,257
07/04/2018,PVD,RI,ANE,EN,Combined TRACON& Tower with Radar,96,12,3,0,111,0,0,4,0,4,96,12,7,0,115,10,0,10,125
07/05/2018,PVD,RI,ANE,EN,Combined TRACON& Tower with Radar,117,34,15,5,171,0,0,26,6,32,117,34,41,11,203,0,0,0,203
07/06/2018,PVD,RI,ANE,EN,Combined TRACON& Tower with Radar,109,39,19,0,167,0,0,3,0,3,109,39,22,0,170,0,16,16,186
07/07/2018,PVD,RI,ANE,EN,Combined TRACON& Tower with Radar,110,16,24,0,150,0,0,48,0,48,110,16,72,0,198,14,0,14,212
07/08/2018,PVD,RI,ANE,EN,Combined TRACON& Tower with Radar,102,31,14,0,147,0,1,32,0,33,102,32,46,0,180,26,0,26,206
07/09/2018,PVD,RI,ANE,EN,Combined TRACON& Tower with Radar,122,29,21,0,172,0,0,51,0,51,122,29,72,0,223,32,0,32,255
07/10/2018,PVD,RI,ANE,EN,Combined TRACON& Tower with Radar,122,31,22,0,175,0,0,36,0,36,122,31,58,0,211,18,0,18,229
07/11/2018,PVD,RI,ANE,EN,Combined TRACON& Tower with Radar,118,40,22,0,180,0,0,27,0,27,118,40,49,0,207,24,0,24,231
07/12/2018,PVD,RI,ANE,EN,Combined TRACON& Tower with Radar,118,32,16,0,166,0,2,27,0,29,118,34,43,0,195,22,0,22,217
07/13/2018,PVD,RI,ANE,EN,Combined TRACON& Tower with Radar,121,31,14,0,166,0,2,34,0,36,121,33,48,0,202,42,0,42,244
07/14/2018,PVD,RI,ANE,EN,Combined TRACON& Tower with Radar,109,18,10,0,137,0,4,45,0,49,109,22,55,0,186,0,0,0,186
07/15/2018,PVD,RI,ANE,EN,Combined TRACON& Tower with Radar,101,24,16,0,141,0,2,6,2,10,101,26,22,2,151,18,0,18,169
07/16/2018,PVD,RI,ANE,EN,Combined TRACON& Tower with Radar,116,40,24,0,180,0,0,31,0,31,116,40,55,0,211,52,0,52,263
07/17/2018,PVD,RI,ANE,EN,Combined TRACON& Tower with Radar,123,30,28,4,185,0,0,5,0,5,123,30,33,4,190,38,0,38,228
07/18/2018,PVD,RI,ANE,EN,Combined TRACON& Tower with Radar,119,46,12,0,177,0,3,17,1,21,119,49,29,1,198,22,0,22,220
07/19/2018,PVD,RI,ANE,EN,Combined TRACON& Tower with Radar,121,37,11,2,171,0,1,10,1,12,121,38,21,3,183,36,0,36,219
07/20/2018,PVD,RI,ANE,EN,Combined TRACON& Tower with Radar,117,42,16,0,175,0,0,30,0,30,117,42,46,0,205,42,0,42,247
07/21/2018,PVD,RI,ANE,EN,Combined TRACON& Tower with Radar,108,15,9,0,132,0,4,34,0,38,108,19,43,0,170,32,0,32,202
07/22/2018,PVD,RI,ANE,EN,Combined TRACON& Tower with Radar,93,28,15,0,136,0,0,1,0,1,93,28,16,0,137,2,0,2,139
07/23/2018,PVD,RI,ANE,EN,Combined TRACON& Tower with Radar,111,41,28,0,180,0,0,0,0,0,111,41,28,0,180,0,0,0,180
07/24/2018,PVD,RI,ANE,EN,Combined TRACON& Tower with Radar,112,36,30,0,178,0,0,6,0,6,112,36,36,0,184,4,0,4,188
07/25/2018,PVD,RI,ANE,EN,Combined TRACON& Tower with Radar,122,36,20,0,178,0,0,0,0,0,122,36,20,0,178,0,0,0,178
07/26/2018,PVD,RI,ANE,EN,Combined TRACON& Tower with Radar,122,32,18,2,174,0,0,8,0,8,122,32,26,2,182,0,0,0,182
07/27/2018,PVD,RI,ANE,EN,Combined TRACON& Tower with Radar,107,43,21,0,171,0,3,26,2,31,107,46,47,2,202,36,0,36,238
07/28/2018,PVD,RI,ANE,EN,Combined TRACON& Tower with Radar,107,21,11,0,139,0,0,16,0,16,107,21,27,0,155,24,0,24,179
07/29/2018,PVD,RI,ANE,EN,Combined TRACON& Tower with Radar,101,26,13,0,140,0,1,27,0,28,101,27,40,0,168,16,0,16,184
07/30/2018,PVD,RI,ANE,EN,Combined TRACON& Tower with Radar,111,30,31,2,174,0,0,30,2,32,111,30,61,4,206,64,0,64,270
07/31/2018,PVD,RI,ANE,EN,Combined TRACON& Tower with Radar,121,29,45,0,195,0,2,44,1,47,121,31,89,1,242,62,0,62,304
08/01/2018,PVD,RI,ANE,EN,Combined TRACON& Tower with Radar,114,34,26,0,174,0,0,2,0,2,114,34,28,0,176,0,0,0,176
08/02/2018,PVD,RI,ANE,EN,Combined TRACON& Tower with Radar,113,30,32,3,178,0,2,20,4,26,113,32,52,7,204,0,0,0,204
08/03/2018,PVD,RI,ANE,EN,Combined TRACON& Tower with Radar,107,44,30,0,181,0,3,16,0,19,107,47,46,0,200,12,0,12,212
08/04/2018,PVD,RI,ANE,EN,Combined TRACON& Tower with Radar,110,21,8,0,139,0,1,4,0,5,110,22,12,0,144,0,0,0,144
08/05/2018,PVD,RI,ANE,EN,Combined TRACON& Tower with Radar,99,24,14,0,137,0,5,26,0,31,99,29,40,0,168,18,0,18,186
08/06/2018,PVD,RI,ANE,EN,Combined TRACON& Tower with Radar,119,33,26,0,178,0,2,29,0,31,119,35,55,0,209,22,0,22,231
08/07/2018,PVD,RI,ANE,EN,Combined TRACON& Tower with Radar,105,31,18,4,158,0,0,24,0,24,105,31,42,4,182,4,0,4,186
08/08/2018,PVD,RI,ANE,EN,Combined TRACON& Tower with Radar,116,38,16,0,170,0,0,22,0,22,116,38,38,0,192,32,0,32,224
08/09/2018,PVD,RI,ANE,EN,Combined TRACON& Tower with Radar,111,36,29,0,176,0,3,7,0,10,111,39,36,0,186,6,0,6,192
08/10/2018,PVD,RI,ANE,EN,Combined TRACON& Tower with Radar,113,40,23,0,176,0,5,44,1,50,113,45,67,1,226,12,0,12,238
08/11/2018,PVD,RI,ANE,EN,Combined TRACON& Tower with Radar,99,24,8,0,131,0,0,0,0,0,99,24,8,0,131,0,0,0,131
08/12/2018,PVD,RI,ANE,EN,Combined TRACON& Tower with Radar,88,28,22,0,138,0,0,2,0,2,88,28,24,0,140,0,0,0,140
08/13/2018,PVD,RI,ANE,EN,Combined TRACON& Tower with Radar,108,37,8,4,157,0,0,0,0,0,108,37,8,4,157,0,0,0,157
08/14/2018,PVD,RI,ANE,EN,Combined TRACON& Tower with Radar,115,38,18,0,171,0,2,9,0,11,115,40,27,0,182,14,0,14,196
08/15/2018,PVD,RI,ANE,EN,Combined TRACON& Tower with Radar,112,29,15,0,156,0,0,24,2,26,112,29,39,2,182,56,0,56,238
08/16/2018,PVD,RI,ANE,EN,Combined TRACON& Tower with Radar,112,39,27,0,178,0,0,20,0,20,112,39,47,0,198,16,0,16,214
08/17/2018,PVD,RI,ANE,EN,Combined TRACON& Tower with Radar,107,38,10,0,155,0,0,27,0,27,107,38,37,0,182,10,0,10,192
08/18/2018,PVD,RI,ANE,EN,Combined TRACON& Tower with Radar,101,22,14,0,137,0,0,4,0,4,101,22,18,0,141,12,0,12,153
08/19/2018,PVD,RI,ANE,EN,Combined TRACON& Tower with Radar,98,27,25,0,150,0,0,11,0,11,98,27,36,0,161,4,0,4,165
08/20/2018,PVD,RI,ANE,EN,Combined TRACON& Tower with Radar,105,33,26,0,164,0,0,12,0,12,105,33,38,0,176,38,0,38,214
08/21/2018,PVD,RI,ANE,EN,Combined TRACON& Tower with Radar,111,31,37,2,181,0,0,10,0,10,111,31,47,2,191,35,0,35,226
08/22/2018,PVD,RI,ANE,EN,Combined TRACON& Tower with Radar,113,33,26,0,172,0,0,6,0,6,113,33,32,0,178,2,0,2,180
08/23/2018,PVD,RI,ANE,EN,Combined TRACON& Tower with Radar,116,34,23,0,173,0,1,19,1,21,116,35,42,1,194,0,0,0,194
08/24/2018,PVD,RI,ANE,EN,Combined TRACON& Tower with Radar,115,37,33,0,185,0,1,37,0,38,115,38,70,0,223,24,0,24,247
08/25/2018,PVD,RI,ANE,EN,Combined TRACON& Tower with Radar,93,17,12,0,122,0,4,24,0,28,93,21,36,0,150,12,0,12,162
08/26/2018,PVD,RI,ANE,EN,Combined TRACON& Tower with Radar,101,25,30,0,156,0,0,23,0,23,101,25,53,0,179,8,0,8,187
08/27/2018,PVD,RI,ANE,EN,Combined TRACON& Tower with Radar,113,40,14,0,167,0,0,20,0,20,113,40,34,0,187,20,0,20,207
08/28/2018,PVD,RI,ANE,EN,Combined TRACON& Tower with Radar,111,36,32,0,179,0,0,19,0,19,111,36,51,0,198,42,0,42,240
08/29/2018,PVD,RI,ANE,EN,Combined TRACON& Tower with Radar,111,42,21,0,174,0,2,19,1,22,111,44,40,1,196,26,0,26,222
08/30/2018,PVD,RI,ANE,EN,Combined TRACON& Tower with Radar,113,41,30,2,186,0,0,22,0,22,113,41,52,2,208,0,0,0,208
08/31/2018,PVD,RI,ANE,EN,Combined TRACON& Tower with Radar,115,45,20,0,180,0,3,34,1,38,115,48,54,1,218,24,0,24,242
09/01/2018,PVD,RI,ANE,EN,Combined TRACON& Tower with Radar,86,24,16,0,126,0,2,31,0,33,86,26,47,0,159,36,0,36,195
09/02/2018,PVD,RI,ANE,EN,Combined TRACON& Tower with Radar,81,22,10,0,113,0,0,27,2,29,81,22,37,2,142,14,0,14,156
09/03/2018,PVD,RI,ANE,EN,Combined TRACON& Tower with Radar,104,47,11,0,162,0,0,14,0,14,104,47,25,0,176,20,0,20,196
09/04/2018,PVD,RI,ANE,EN,Combined TRACON& Tower with Radar,110,29,35,0,174,0,3,18,0,21,110,32,53,0,195,8,0,8,203
09/05/2018,PVD,RI,ANE,EN,Combined TRACON& Tower with Radar,105,32,15,0,152,0,0,24,0,24,105,32,39,0,176,22,0,22,198
09/06/2018,PVD,RI,ANE,EN,Combined TRACON& Tower with Radar,117,32,28,0,177,0,0,6,1,7,117,32,34,1,184,56,0,56,240
09/07/2018,PVD,RI,ANE,EN,Combined TRACON& Tower with Radar,98,32,26,0,156,0,0,23,0,23,98,32,49,0,179,28,0,28,207
09/08/2018,PVD,RI,ANE,EN,Combined TRACON& Tower with Radar,95,16,16,0,127,0,1,35,2,38,95,17,51,2,165,2,0,2,167
09/09/2018,PVD,RI,ANE,EN,Combined TRACON& Tower with Radar,104,22,14,6,146,0,0,26,0,26,104,22,40,6,172,20,0,20,192
09/10/2018,PVD,RI,ANE,EN,Combined TRACON& Tower with Radar,108,31,12,0,151,0,0,7,0,7,108,31,19,0,158,14,0,14,172
09/11/2018,PVD,RI,ANE,EN,Combined TRACON& Tower with Radar,110,33,11,3,157,0,0,0,0,0,110,33,11,3,157,0,4,4,161
09/12/2018,PVD,RI,ANE,EN,Combined TRACON& Tower with Radar,110,38,20,0,168,0,0,0,0,0,110,38,20,0,168,0,0,0,168
09/13/2018,PVD,RI,ANE,EN,Combined TRACON& Tower with Radar,110,35,12,4,161,0,0,0,0,0,110,35,12,4,161,0,0,0,161
09/14/2018,PVD,RI,ANE,EN,Combined TRACON& Tower with Radar,108,35,21,0,164,0,1,39,0,40,108,36,60,0,204,12,0,12,216
09/15/2018,PVD,RI,ANE,EN,Combined TRACON& Tower with Radar,98,15,10,0,123,0,0,8,0,8,98,15,18,0,131,6,0,6,137
09/16/2018,PVD,RI,ANE,EN,Combined TRACON& Tower with Radar,100,19,19,2,140,0,3,32,0,35,100,22,51,2,175,36,0,36,211
09/17/2018,PVD,RI,ANE,EN,Combined TRACON& Tower with Radar,102,29,21,0,152,0,0,28,0,28,102,29,49,0,180,8,0,8,188
09/18/2018,PVD,RI,ANE,EN,Combined TRACON& Tower with Radar,119,28,19,0,166,0,0,0,0,0,119,28,19,0,166,0,0,0,166
09/19/2018,PVD,RI,ANE,EN,Combined TRACON& Tower with Radar,111,39,28,0,178,0,0,2,0,2,111,39,30,0,180,42,0,42,222
09/20/2018,PVD,RI,ANE,EN,Combined TRACON& Tower with Radar,113,36,29,2,180,0,2,15,1,18,113,38,44,3,198,18,2,20,218
09/21/2018,PVD,RI,ANE,EN,Combined TRACON& Tower with Radar,109,52,17,0,178,0,1,22,0,23,109,53,39,0,201,8,0,8,209
09/22/2018,PVD,RI,ANE,EN,Combined TRACON& Tower with Radar,97,19,17,0,133,0,3,26,0,29,97,22,43,0,162,22,0,22,184
09/23/2018,PVD,RI,ANE,EN,Combined TRACON& Tower with Radar,105,29,10,0,144,0,2,31,0,33,105,31,41,0,177,32,0,32,209
09/24/2018,PVD,RI,ANE,EN,Combined TRACON& Tower with Radar,107,46,15,0,168,0,0,6,0,6,107,46,21,0,174,64,0,64,238
09/25/2018,PVD,RI,ANE,EN,Combined TRACON& Tower with Radar,105,26,18,1,150,0,0,0,0,0,105,26,18,1,150,0,0,0,150
09/26/2018,PVD,RI,ANE,EN,Combined TRACON& Tower with Radar,106,27,24,2,159,0,0,0,0,0,106,27,24,2,159,0,0,0,159
09/27/2018,PVD,RI,ANE,EN,Combined TRACON& Tower with Radar,117,28,25,0,170,0,0,27,0,27,117,28,52,0,197,30,0,30,227
09/28/2018,PVD,RI,ANE,EN,Combined TRACON& Tower with Radar,109,43,29,2,183,0,0,0,0,0,109,43,29,2,183,0,0,0,183
09/29/2018,PVD,RI,ANE,EN,Combined TRACON& Tower with Radar,100,23,11,0,134,0,0,19,0,19,100,23,30,0,153,28,0,28,181
09/30/2018,PVD,RI,ANE,EN,Combined TRACON& Tower with Radar,106,37,26,0,169,0,0,37,1,38,106,37,63,1,207,4,0,4,211
10/01/2018,PVD,RI,ANE,EN,Combined TRACON& Tower with Radar,106,24,26,6,162,0,0,13,0,13,106,24,39,6,175,16,6,22,197
10/02/2018,PVD,RI,ANE,EN,Combined TRACON& Tower with Radar,105,33,27,0,165,0,0,0,0,0,105,33,27,0,165,0,0,0,165
10/03/2018,PVD,RI,ANE,EN,Combined TRACON& Tower with Radar,115,32,30,0,177,0,0,4,0,4,115,32,34,0,181,22,0,22,203
10/04/2018,PVD,RI,ANE,EN,Combined TRACON& Tower with Radar,124,28,37,0,189,0,4,20,0,24,124,32,57,0,213,54,0,54,267
10/05/2018,PVD,RI,ANE,EN,Combined TRACON& Tower with Radar,128,28,23,5,184,0,0,38,0,38,128,28,61,5,222,8,0,8,230
10/06/2018,PVD,RI,ANE,EN,Combined TRACON& Tower with Radar,97,13,10,0,120,0,0,27,0,27,97,13,37,0,147,10,0,10,157
10/07/2018,PVD,RI,ANE,EN,Combined TRACON& Tower with Radar,110,13,9,0,132,0,0,2,0,2,110,13,11,0,134,50,0,50,184
10/08/2018,PVD,RI,ANE,EN,Combined TRACON& Tower with Radar,127,24,27,0,178,0,0,0,0,0,127,24,27,0,178,48,0,48,226
10/09/2018,PVD,RI,ANE,EN,Combined TRACON& Tower with Radar,121,27,39,10,197,0,0,6,0,6,121,27,45,10,203,38,6,44,247
10/10/2018,PVD,RI,ANE,EN,Combined TRACON& Tower with Radar,119,24,38,0,181,0,0,21,0,21,119,24,59,0,202,60,4,64,266
10/11/2018,PVD,RI,ANE,EN,Combined TRACON& Tower with Radar,116,21,12,0,149,0,0,0,0,0,116,21,12,0,149,2,0,2,151
10/12/2018,PVD,RI,ANE,EN,Combined TRACON& Tower with Radar,120,29,19,0,168,0,2,5,0,7,120,31,24,0,175,0,0,0,175
10/13/2018,PVD,RI,ANE,EN,Combined TRACON& Tower with Radar,101,15,14,10,140,0,0,4,0,4,101,15,18,10,144,52,0,52,196
10/14/2018,PVD,RI,ANE,EN,Combined TRACON& Tower with Radar,111,18,22,0,151,0,2,41,1,44,111,20,63,1,195,20,0,20,215
10/15/2018,PVD,RI,ANE,EN,Combined TRACON& Tower with Radar,117,28,22,0,167,0,0,10,0,10,117,28,32,0,177,24,0,24,201
10/16/2018,PVD,RI,ANE,EN,Combined TRACON& Tower with Radar,120,21,17,0,158,0,0,21,0,21,120,21,38,0,179,2,0,2,181
10/17/2018,PVD,RI,ANE,EN,Combined TRACON& Tower with Radar,122,25,13,0,160,0,3,16,0,19,122,28,29,0,179,12,4,16,195
10/18/2018,PVD,RI,ANE,EN,Combined TRACON& Tower with Radar,128,15,22,2,167,0,1,4,1,6,128,16,26,3,173,10,0,10,183
10/19/2018,PVD,RI,ANE,EN,Combined TRACON& Tower with Radar,123,33,17,0,173,0,1,43,0,44,123,34,60,0,217,20,0,20,237
10/20/2018,PVD,RI,ANE,EN,Combined TRACON& Tower with Radar,102,20,21,0,143,0,0,15,0,15,102,20,36,0,158,46,0,46,204
10/21/2018,PVD,RI,ANE,EN,Combined TRACON& Tower with Radar,111,19,15,0,145,0,0,9,0,9,111,19,24,0,154,0,0,0,154
10/22/2018,PVD,RI,ANE,EN,Combined TRACON& Tower with Radar,125,14,23,0,162,0,2,38,1,41,125,16,61,1,203,34,0,34,237
10/23/2018,PVD,RI,ANE,EN,Combined TRACON& Tower with Radar,125,26,19,0,170,0,4,6,0,10,125,30,25,0,180,20,0,20,200
10/24/2018,PVD,RI,ANE,EN,Combined TRACON& Tower with Radar,121,25,24,0,170,0,0,22,1,23,121,25,46,1,193,28,0,28,221
10/25/2018,PVD,RI,ANE,EN,Combined TRACON& Tower with Radar,130,30,14,1,175,0,0,24,0,24,130,30,38,1,199,0,0,0,199
10/26/2018,PVD,RI,ANE,EN,Combined TRACON& Tower with Radar,125,30,31,2,188,0,0,38,0,38,125,30,69,2,226,40,0,40,266
10/27/2018,PVD,RI,ANE,EN,Combined TRACON& Tower with Radar,100,9,6,0,115,0,0,0,0,0,100,9,6,0,115,0,2,2,117
10/28/2018,PVD,RI,ANE,EN,Combined TRACON& Tower with Radar,99,23,12,1,135,0,0,8,0,8,99,23,20,1,143,24,0,24,167
10/29/2018,PVD,RI,ANE,EN,Combined TRACON& Tower with Radar,109,22,12,0,143,0,2,9,0,11,109,24,21,0,154,0,0,0,154
10/30/2018,PVD,RI,ANE,EN,Combined TRACON& Tower with Radar,106,24,16,0,146,0,3,13,1,17,106,27,29,1,163,36,0,36,199
10/31/2018,PVD,RI,ANE,EN,Combined TRACON& Tower with Radar,97,17,18,4,136,0,0,25,0,25,97,17,43,4,161,12,2,14,175
11/01/2018,PVD,RI,ANE,EN,Combined TRACON& Tower with Radar,112,23,19,0,154,0,1,22,0,23,112,24,41,0,177,8,0,8,185
11/02/2018,PVD,RI,ANE,EN,Combined TRACON& Tower with Radar,112,23,12,1,148,0,0,0,0,0,112,23,12,1,148,2,0,2,150
11/03/2018,PVD,RI,ANE,EN,Combined TRACON& Tower with Radar,100,9,6,0,115,0,0,0,0,0,100,9,6,0,115,0,0,0,115
11/04/2018,PVD,RI,ANE,EN,Combined TRACON& Tower with Radar,100,20,16,0,136,0,2,33,1,36,100,22,49,1,172,14,2,16,188
11/05/2018,PVD,RI,ANE,EN,Combined TRACON& Tower with Radar,96,31,23,0,150,0,0,7,0,7,96,31,30,0,157,0,0,0,157
11/06/2018,PVD,RI,ANE,EN,Combined TRACON& Tower with Radar,109,33,20,0,162,0,0,1,0,1,109,33,21,0,163,4,0,4,167
11/07/2018,PVD,RI,ANE,EN,Combined TRACON& Tower with Radar,113,28,19,0,160,0,0,29,0,29,113,28,48,0,189,18,0,18,207
11/08/2018,PVD,RI,ANE,EN,Combined TRACON& Tower with Radar,115,21,32,0,168,0,3,25,0,28,115,24,57,0,196,6,0,6,202
11/09/2018,PVD,RI,ANE,EN,Combined TRACON& Tower with Radar,115,22,22,0,159,0,0,21,0,21,115,22,43,0,180,14,0,14,194
11/10/2018,PVD,RI,ANE,EN,Combined TRACON& Tower with Radar,97,14,6,0,117,0,0,1,0,1,97,14,7,0,118,6,0,6,124
11/11/2018,PVD,RI,ANE,EN,Combined TRACON& Tower with Radar,104,16,7,0,127,0,2,23,0,25,104,18,30,0,152,4,0,4,156
11/12/2018,PVD,RI,ANE,EN,Combined TRACON& Tower with Radar,111,27,27,0,165,0,2,46,0,48,111,29,73,0,213,38,0,38,251
11/13/2018,PVD,RI,ANE,EN,Combined TRACON& Tower with Radar,111,32,19,4,166,0,0,0,0,0,111,32,19,4,166,0,0,0,166
11/14/2018,PVD,RI,ANE,EN,Combined TRACON& Tower with Radar,111,30,10,9,160,0,2,7,1,10,111,32,17,10,170,0,0,0,170
11/15/2018,PVD,RI,ANE,EN,Combined TRACON& Tower with Radar,96,24,17,0,137,0,0,16,0,16,96,24,33,0,153,22,0,22,175
11/16/2018,PVD,RI,ANE,EN,Combined TRACON& Tower with Radar,133,23,29,0,185,0,0,3,0,3,133,23,32,0,188,0,0,0,188
11/17/2018,PVD,RI,ANE,EN,Combined TRACON& Tower with Radar,95,8,24,0,127,0,2,38,0,40,95,10,62,0,167,34,0,34,201
11/18/2018,PVD,RI,ANE,EN,Combined TRACON& Tower with Radar,89,15,22,0,126,0,0,34,0,34,89,15,56,0,160,40,0,40,200
11/19/2018,PVD,RI,ANE,EN,Combined TRACON& Tower with Radar,109,20,8,4,141,0,1,13,0,14,109,21,21,4,155,28,4,32,187
11/20/2018,PVD,RI,ANE,EN,Combined TRACON& Tower with Radar,121,29,9,0,159,0,0,0,0,0,121,29,9,0,159,0,0,0,159
11/21/2018,PVD,RI,ANE,EN,Combined TRACON& Tower with Radar,130,33,8,0,171,0,0,15,0,15,130,33,23,0,186,0,0,0,186
11/22/2018,PVD,RI,ANE,EN,Combined TRACON& Tower with Radar,51,9,1,0,61,0,0,1,0,1,51,9,2,0,62,0,0,0,62
11/23/2018,PVD,RI,ANE,EN,Combined TRACON& Tower with Radar,82,8,7,0,97,0,0,24,0,24,82,8,31,0,121,0,0,0,121
11/24/2018,PVD,RI,ANE,EN,Combined TRACON& Tower with Radar,113,2,8,0,123,0,0,26,0,26,113,2,34,0,149,28,0,28,177
11/25/2018,PVD,RI,ANE,EN,Combined TRACON& Tower with Radar,114,28,19,0,161,0,0,1,0,1,114,28,20,0,162,2,0,2,164
11/26/2018,PVD,RI,ANE,EN,Combined TRACON& Tower with Radar,118,27,13,0,158,0,0,2,0,2,118,27,15,0,160,0,0,0,160
11/27/2018,PVD,RI,ANE,EN,Combined TRACON& Tower with Radar,119,25,14,4,162,0,0,4,0,4,119,25,18,4,166,4,8,12,178
11/28/2018,PVD,RI,ANE,EN,Combined TRACON& Tower with Radar,102,28,17,0,147,0,0,21,2,23,102,28,38,2,170,2,0,2,172
11/29/2018,PVD,RI,ANE,EN,Combined TRACON& Tower with Radar,110,23,12,0,145,0,0,18,0,18,110,23,30,0,163,0,0,0,163
11/30/2018,PVD,RI,ANE,EN,Combined TRACON& Tower with Radar,105,24,16,0,145,0,2,26,0,28,105,26,42,0,173,30,0,30,203
12/01/2018,PVD,RI,ANE,EN,Combined TRACON& Tower with Radar,98,12,16,4,130,0,1,25,2,28,98,13,41,6,158,18,0,18,176
12/02/2018,PVD,RI,ANE,EN,Combined TRACON& Tower with Radar,94,28,17,0,139,0,0,0,0,0,94,28,17,0,139,0,0,0,139
12/03/2018,PVD,RI,ANE,EN,Combined TRACON& Tower with Radar,106,28,33,0,167,0,3,25,0,28,106,31,58,0,195,22,0,22,217
12/04/2018,PVD,RI,ANE,EN,Combined TRACON& Tower with Radar,106,18,23,3,150,0,0,24,0,24,106,18,47,3,174,18,0,18,192
12/05/2018,PVD,RI,ANE,EN,Combined TRACON& Tower with Radar,107,16,20,0,143,0,0,30,0,30,107,16,50,0,173,0,0,0,173
12/06/2018,PVD,RI,ANE,EN,Combined TRACON& Tower with Radar,111,16,13,0,140,0,0,21,0,21,111,16,34,0,161,6,0,6,167
12/07/2018,PVD,RI,ANE,EN,Combined TRACON& Tower with Radar,107,21,20,0,148,0,3,31,0,34,107,24,51,0,182,24,0,24,206
12/08/2018,PVD,RI,ANE,EN,Combined TRACON& Tower with Radar,97,5,8,0,110,0,2,27,0,29,97,7,35,0,139,10,0,10,149
12/09/2018,PVD,RI,ANE,EN,Combined TRACON& Tower with Radar,79,17,12,0,108,0,0,23,0,23,79,17,35,0,131,24,0,24,155
12/10/2018,PVD,RI,ANE,EN,Combined TRACON& Tower with Radar,103,24,17,0,144,0,0,32,0,32,103,24,49,0,176,56,0,56,232
12/11/2018,PVD,RI,ANE,EN,Combined TRACON& Tower with Radar,109,17,22,0,148,0,0,16,0,16,109,17,38,0,164,4,0,4,168
12/12/2018,PVD,RI,ANE,EN,Combined TRACON& Tower with Radar,102,22,15,0,139,0,2,24,0,26,102,24,39,0,165,14,0,14,179
12/13/2018,PVD,RI,ANE,EN,Combined TRACON& Tower with Radar,109,17,17,0,143,0,1,16,2,19,109,18,33,2,162,4,0,4,166
12/14/2018,PVD,RI,ANE,EN,Combined TRACON& Tower with Radar,107,18,15,0,140,0,0,29,0,29,107,18,44,0,169,23,0,23,192
12/15/2018,PVD,RI,ANE,EN,Combined TRACON& Tower with Radar,98,12,11,0,121,0,0,14,0,14,98,12,25,0,135,2,0,2,137
12/16/2018,PVD,RI,ANE,EN,Combined TRACON& Tower with Radar,89,15,3,0,107,0,0,2,0,2,89,15,5,0,109,0,0,0,109
12/17/2018,PVD,RI,ANE,EN,Combined TRACON& Tower with Radar,110,21,8,0,139,0,0,8,0,8,110,21,16,0,147,14,0,14,161
12/18/2018,PVD,RI,ANE,EN,Combined TRACON& Tower with Radar,112,21,7,0,140,0,0,12,0,12,112,21,19,0,152,8,0,8,160
12/19/2018,PVD,RI,ANE,EN,Combined TRACON& Tower with Radar,96,36,20,0,152,0,0,27,0,27,96,36,47,0,179,32,0,32,211
12/20/2018,PVD,RI,ANE,EN,Combined TRACON& Tower with Radar,106,41,16,0,163,0,1,13,1,15,106,42,29,1,178,6,0,6,184
12/21/2018,PVD,RI,ANE,EN,Combined TRACON& Tower with Radar,110,52,2,0,164,0,0,0,0,0,110,52,2,0,164,0,0,0,164
12/22/2018,PVD,RI,ANE,EN,Combined TRACON& Tower with Radar,92,34,5,0,131,0,1,2,0,3,92,35,7,0,134,0,0,0,134
12/23/2018,PVD,RI,ANE,EN,Combined TRACON& Tower with Radar,94,30,12,0,136,0,0,22,0,22,94,30,34,0,158,4,0,4,162
12/24/2018,PVD,RI,ANE,EN,Combined TRACON& Tower with Radar,67,18,1,0,86,1,0,5,0,6,68,18,6,0,92,0,0,0,92
12/25/2018,PVD,RI,ANE,EN,Combined TRACON& Tower with Radar,67,21,3,0,91,0,0,5,0,5,67,21,8,0,96,0,0,0,96
12/26/2018,PVD,RI,ANE,EN,Combined TRACON& Tower with Radar,97,37,12,0,146,0,0,29,2,31,97,37,41,2,177,4,0,4,181
12/27/2018,PVD,RI,ANE,EN,Combined TRACON& Tower with Radar,99,31,16,0,146,0,2,31,0,33,99,33,47,0,179,16,0,16,195
12/28/2018,PVD,RI,ANE,EN,Combined TRACON& Tower with Radar,99,27,4,0,130,0,0,0,0,0,99,27,4,0,130,0,0,0,130
12/29/2018,PVD,RI,ANE,EN,Combined TRACON& Tower with Radar,84,23,3,0,110,0,0,33,0,33,84,23,36,0,143,0,0,0,143
12/30/2018,PVD,RI,ANE,EN,Combined TRACON& Tower with Radar,96,19,9,0,124,0,0,16,0,16,96,19,25,0,140,64,0,64,204
12/31/2018,PVD,RI,ANE,EN,Combined TRACON& Tower with Radar,73,25,2,0,100,0,0,27,0,27,73,25,29,0,127,11,0,11,138
01/01/2019,PVD,RI,ANE,EN,Combined TRACON& Tower with Radar,74,24,1,0,99,0,0,0,0,0,74,24,1,0,99,0,0,0,99
01/02/2019,PVD,RI,ANE,EN,Combined TRACON& Tower with Radar,100,31,11,0,142,0,0,25,1,26,100,31,36,1,168,0,0,0,168
01/03/2019,PVD,RI,ANE,EN,Combined TRACON& Tower with Radar,81,29,7,0,117,0,0,28,0,28,81,29,35,0,145,40,0,40,185
01/04/2019,PVD,RI,ANE,EN,Combined TRACON& Tower with Radar,85,32,18,0,135,0,0,33,0,33,85,32,51,0,168,16,0,16,184
01/05/2019,PVD,RI,ANE,EN,Combined TRACON& Tower with Radar,77,25,12,0,114,0,0,0,0,0,77,25,12,0,114,0,0,0,114
01/06/2019,PVD,RI,ANE,EN,Combined TRACON& Tower with Radar,81,21,9,0,111,0,0,23,0,23,81,21,32,0,134,16,0,16,150
01/07/2019,PVD,RI,ANE,EN,Combined TRACON& Tower with Radar,86,25,20,0,131,0,0,34,0,34,86,25,54,0,165,32,0,32,197
01/08/2019,PVD,RI,ANE,EN,Combined TRACON& Tower with Radar,83,28,7,0,118,0,0,0,0,0,83,28,7,0,118,0,0,0,118
01/09/2019,PVD,RI,ANE,EN,Combined TRACON& Tower with Radar,82,27,11,0,120,0,0,0,0,0,82,27,11,0,120,2,0,2,122
01/10/2019,PVD,RI,ANE,EN,Combined TRACON& Tower with Radar,88,23,17,0,128,0,0,11,0,11,88,23,28,0,139,18,0,18,157
01/11/2019,PVD,RI,ANE,EN,Combined TRACON& Tower with Radar,91,23,10,0,124,0,1,32,0,33,91,24,42,0,157,18,0,18,175
01/12/2019,PVD,RI,ANE,EN,Combined TRACON& Tower with Radar,83,17,4,0,104,0,0,43,0,43,83,17,47,0,147,10,0,10,157
01/13/2019,PVD,RI,ANE,EN,Combined TRACON& Tower with Radar,67,29,19,0,115,0,0,34,0,34,67,29,53,0,149,18,0,18,167
01/14/2019,PVD,RI,ANE,EN,Combined TRACON& Tower with Radar,85,27,12,0,124,0,0,25,0,25,85,27,37,0,149,14,0,14,163
01/15/2019,PVD,RI,ANE,EN,Combined TRACON& Tower with Radar,81,33,16,0,130,0,0,17,0,17,81,33,33,0,147,0,0,0,147
01/16/2019,PVD,RI,ANE,EN,Combined TRACON& Tower with Radar,85,26,18,5,134,0,0,20,5,25,85,26,38,10,159,28,12,40,199
01/17/2019,PVD,RI,ANE,EN,Combined TRACON& Tower with Radar,86,28,15,0,129,0,0,26,0,26,86,28,41,0,155,20,0,20,175
01/18/2019,PVD,RI,ANE,EN,Combined TRACON& Tower with Radar,87,26,18,0,131,0,0,9,0,9,87,26,27,0,140,72,0,72,212
01/19/2019,PVD,RI,ANE,EN,Combined TRACON& Tower with Radar,72,6,6,0,84,0,1,35,0,36,72,7,41,0,120,46,0,46,166
01/20/2019,PVD,RI,ANE,EN,Combined TRACON& Tower with Radar,38,14,7,0,59,0,0,0,0,0,38,14,7,0,59,0,0,0,59
01/21/2019,PVD,RI,ANE,EN,Combined TRACON& Tower with Radar,84,26,17,0,127,0,0,4,0,4,84,26,21,0,131,0,0,0,131
01/22/2019,PVD,RI,ANE,EN,Combined TRACON& Tower with Radar,77,29,12,4,122,0,1,21,4,26,77,30,33,8,148,38,0,38,186
01/23/2019,PVD,RI,ANE,EN,Combined TRACON& Tower with Radar,83,26,7,1,117,0,0,3,1,4,83,26,10,2,121,0,0,0,121
01/24/2019,PVD,RI,ANE,EN,Combined TRACON& Tower with Radar,88,29,10,0,127,0,0,1,0,1,88,29,11,0,128,38,0,38,166
01/25/2019,PVD,RI,ANE,EN,Combined TRACON& Tower with Radar,83,34,17,2,136,0,0,23,0,23,83,34,40,2,159,12,0,12,171
01/26/2019,PVD,RI,ANE,EN,Combined TRACON& Tower with Radar,85,13,10,0,108,0,0,45,0,45,85,13,55,0,153,46,0,46,199
01/27/2019,PVD,RI,ANE,EN,Combined TRACON& Tower with Radar,71,28,7,0,106,0,0,22,0,22,71,28,29,0,128,42,0,42,170
01/28/2019,PVD,RI,ANE,EN,Combined TRACON& Tower with Radar,82,25,20,0,127,0,2,29,0,31,82,27,49,0,158,36,0,36,194
01/29/2019,PVD,RI,ANE,EN,Combined TRACON& Tower with Radar,80,26,16,0,122,0,1,11,1,13,80,27,27,1,135,44,0,44,179
01/30/2019,PVD,RI,ANE,EN,Combined TRACON& Tower with Radar,75,29,8,1,113,0,2,12,1,15,75,31,20,2,128,24,8,32,160
01/31/2019,PVD,RI,ANE,EN,Combined TRACON& Tower with Radar,86,23,17,0,126,0,0,13,2,15,86,23,30,2,141,4,0,4,145
02/01/2019,PVD,RI,ANE,EN,Combined TRACON& Tower with Radar,79,27,13,0,119,0,2,22,1,25,79,29,35,1,144,26,0,26,170
02/02/2019,PVD,RI,ANE,EN,Combined TRACON& Tower with Radar,83,29,8,0,120,0,1,19,0,20,83,30,27,0,140,0,0,0,140
02/03/2019,PVD,RI,ANE,EN,Combined TRACON& Tower with Radar,74,23,12,0,109,0,0,16,0,16,74,23,28,0,125,16,0,16,141
02/04/2019,PVD,RI,ANE,EN,Combined TRACON& Tower with Radar,92,27,17,0,136,0,3,27,0,30,92,30,44,0,166,6,0,6,172
02/05/2019,PVD,RI,ANE,EN,Combined TRACON& Tower with Radar,85,33,19,2,139,0,1,15,0,16,85,34,34,2,155,40,0,40,195
02/06/2019,PVD,RI,ANE,EN,Combined TRACON& Tower with Radar,86,32,19,0,137,0,0,36,0,36,86,32,55,0,173,62,0,62,235
02/07/2019,PVD,RI,ANE,EN,Combined TRACON& Tower with Radar,79,31,18,0,128,0,0,0,0,0,79,31,18,0,128,0,0,0,128
02/08/2019,PVD,RI,ANE,EN,Combined TRACON& Tower with Radar,89,31,23,0,143,0,1,8,0,9,89,32,31,0,152,33,0,33,185
02/09/2019,PVD,RI,ANE,EN,Combined TRACON& Tower with Radar,93,25,3,0,121,0,2,1,0,3,93,27,4,0,124,8,0,8,132
02/10/2019,PVD,RI,ANE,EN,Combined TRACON& Tower with Radar,72,22,12,2,108,0,2,39,0,41,72,24,51,2,149,30,0,30,179
02/11/2019,PVD,RI,ANE,EN,Combined TRACON& Tower with Radar,81,35,21,0,137,0,0,38,0,38,81,35,59,0,175,16,0,16,191
02/12/2019,PVD,RI,ANE,EN,Combined TRACON& Tower with Radar,65,19,7,0,91,0,0,6,0,6,65,19,13,0,97,24,0,24,121
02/13/2019,PVD,RI,ANE,EN,Combined TRACON& Tower with Radar,82,23,17,0,122,0,0,12,1,13,82,23,29,1,135,0,0,0,135
02/14/2019,PVD,RI,ANE,EN,Combined TRACON& Tower with Radar,91,25,21,0,137,0,0,30,0,30,91,25,51,0,167,6,0,6,173
02/15/2019,PVD,RI,ANE,EN,Combined TRACON& Tower with Radar,98,40,19,0,157,0,1,5,0,6,98,41,24,0,163,14,0,14,177
02/16/2019,PVD,RI,ANE,EN,Combined TRACON& Tower with Radar,87,16,18,1,122,0,0,37,0,37,87,16,55,1,159,24,0,24,183
02/17/2019,PVD,RI,ANE,EN,Combined TRACON& Tower with Radar,79,20,17,1,117,0,0,38,0,38,79,20,55,1,155,20,0,20,175
02/18/2019,PVD,RI,ANE,EN,Combined TRACON& Tower with Radar,91,21,15,0,127,0,0,2,0,2,91,21,17,0,129,0,0,0,129
02/19/2019,PVD,RI,ANE,EN,Combined TRACON& Tower with Radar,90,34,21,5,150,0,2,30,0,32,90,36,51,5,182,32,0,32,214
02/20/2019,PVD,RI,ANE,EN,Combined TRACON& Tower with Radar,76,18,21,0,115,0,1,21,0,22,76,19,42,0,137,26,0,26,163
02/21/2019,PVD,RI,ANE,EN,Combined TRACON& Tower with Radar,94,31,20,0,145,0,2,55,0,57,94,33,75,0,202,0,0,0,202
02/22/2019,PVD,RI,ANE,EN,Combined TRACON& Tower with Radar,101,25,10,0,136,0,2,32,1,35,101,27,42,1,171,22,0,22,193
02/23/2019,PVD,RI,ANE,EN,Combined TRACON& Tower with Radar,95,12,12,0,119,0,2,31,0,33,95,14,43,0,152,24,2,26,178
02/24/2019,PVD,RI,ANE,EN,Combined TRACON& Tower with Radar,86,25,7,0,118,0,0,0,0,0,86,25,7,0,118,0,0,0,118
02/25/2019,PVD,RI,ANE,EN,Combined TRACON& Tower with Radar,97,10,15,0,122,0,0,0,0,0,97,10,15,0,122,16,0,16,138
02/26/2019,PVD,RI,ANE,EN,Combined TRACON& Tower with Radar,89,24,21,0,134,0,1,4,0,5,89,25,25,0,139,0,0,0,139
02/27/2019,PVD,RI,ANE,EN,Combined TRACON& Tower with Radar,88,29,17,0,134,0,0,24,0,24,88,29,41,0,158,50,0,50,208
02/28/2019,PVD,RI,ANE,EN,Combined TRACON& Tower with Radar,91,24,23,0,138,0,0,4,0,4,91,24,27,0,142,12,0,12,154
03/01/2019,PVD,RI,ANE,EN,Combined TRACON& Tower with Radar,94,29,15,0,138,0,2,47,0,49,94,31,62,0,187,0,0,0,187
03/02/2019,PVD,RI,ANE,EN,Combined TRACON& Tower with Radar,85,16,1,0,102,0,0,0,1,1,85,16,1,1,103,0,0,0,103
03/03/2019,PVD,RI,ANE,EN,Combined TRACON& Tower with Radar,74,21,15,4,114,0,0,36,0,36,74,21,51,4,150,22,8,30,180
03/04/2019,PVD,RI,ANE,EN,Combined TRACON& Tower with Radar,81,26,13,0,120,0,0,17,0,17,81,26,30,0,137,2,0,2,139
03/05/2019,PVD,RI,ANE,EN,Combined TRACON& Tower with Radar,84,26,20,0,130,0,0,27,0,27,84,26,47,0,157,20,0,20,177
03/06/2019,PVD,RI,ANE,EN,Combined TRACON& Tower with Radar,90,26,15,0,131,0,0,17,0,17,90,26,32,0,148,14,0,14,162
03/07/2019,PVD,RI,ANE,EN,Combined TRACON& Tower with Radar,103,28,18,0,149,0,1,18,0,19,103,29,36,0,168,5,0,5,173
03/08/2019,PVD,RI,ANE,EN,Combined TRACON& Tower with Radar,99,36,20,0,155,0,2,28,0,30,99,38,48,0,185,8,0,8,193
03/09/2019,PVD,RI,ANE,EN,Combined TRACON& Tower with Radar,84,20,8,2,114,0,0,37,0,37,84,20,45,2,151,21,0,21,172
03/10/2019,PVD,RI,ANE,EN,Combined TRACON& Tower with Radar,95,19,1,0,115,0,0,0,0,0,95,19,1,0,115,4,0,4,119
03/11/2019,PVD,RI,ANE,EN,Combined TRACON& Tower with Radar,96,30,21,1,148,0,0,49,2,51,96,30,70,3,199,18,0,18,217
03/12/2019,PVD,RI,ANE,EN,Combined TRACON& Tower with Radar,82,30,20,2,134,0,0,18,2,20,82,30,38,4,154,2,0,2,156
03/13/2019,PVD,RI,ANE,EN,Combined TRACON& Tower with Radar,93,31,19,2,145,0,1,28,2,31,93,32,47,4,176,16,0,16,192
03/14/2019,PVD,RI,ANE,EN,Combined TRACON& Tower with Radar,91,31,14,0,136,0,0,20,0,20,91,31,34,0,156,14,0,14,170
03/15/2019,PVD,RI,ANE,EN,Combined TRACON& Tower with Radar,87,33,12,0,132,0,0,3,0,3,87,33,15,0,135,0,0,0,135
03/16/2019,PVD,RI,ANE,EN,Combined TRACON& Tower with Radar,78,17,5,0,100,0,0,11,0,11,78,17,16,0,111,0,0,0,111
03/17/2019,PVD,RI,ANE,EN,Combined TRACON& Tower with Radar,88,29,14,0,131,0,2,40,0,42,88,31,54,0,173,18,0,18,191
03/18/2019,PVD,RI,ANE,EN,Combined TRACON& Tower with Radar,95,28,11,1,135,0,0,39,1,40,95,28,50,2,175,18,0,18,193
03/19/2019,PVD,RI,ANE,EN,Combined TRACON& Tower with Radar,87,28,21,1,137,0,0,26,1,27,87,28,47,2,164,0,0,0,164
03/20/2019,PVD,RI,ANE,EN,Combined TRACON& Tower with Radar,92,30,13,0,135,0,0,43,0,43,92,30,56,0,178,46,0,46,224
03/21/2019,PVD,RI,ANE,EN,Combined TRACON& Tower with Radar,92,37,15,0,144,0,0,20,0,20,92,37,35,0,164,24,0,24,188
03/22/2019,PVD,RI,ANE,EN,Combined TRACON& Tower with Radar,93,40,14,0,147,0,1,0,0,1,93,41,14,0,148,0,0,0,148
03/23/2019,PVD,RI,ANE,EN,Combined TRACON& Tower with Radar,79,13,3,0,95,0,0,0,0,0,79,13,3,0,95,0,0,0,95
03/24/2019,PVD,RI,ANE,EN,Combined TRACON& Tower with Radar,95,27,13,0,135,0,0,37,0,37,95,27,50,0,172,18,0,18,190
03/25/2019,PVD,RI,ANE,EN,Combined TRACON& Tower with Radar,94,27,24,0,145,0,0,33,0,33,94,27,57,0,178,30,0,30,208
03/26/2019,PVD,RI,ANE,EN,Combined TRACON& Tower with Radar,83,28,25,0,136,0,0,36,0,36,83,28,61,0,172,30,0,30,202
03/27/2019,PVD,RI,ANE,EN,Combined TRACON& Tower with Radar,88,34,26,1,149,0,0,29,3,32,88,34,55,4,181,24,0,24,205
03/28/2019,PVD,RI,ANE,EN,Combined TRACON& Tower with Radar,95,37,21,4,157,0,2,34,2,38,95,39,55,6,195,12,20,32,227
03/29/2019,PVD,RI,ANE,EN,Combined TRACON& Tower with Radar,95,28,23,0,146,0,0,16,0,16,95,28,39,0,162,36,0,36,198
03/30/2019,PVD,RI,ANE,EN,Combined TRACON& Tower with Radar,82,18,16,0,116,0,0,54,0,54,82,18,70,0,170,48,0,48,218
03/31/2019,PVD,RI,ANE,EN,Combined TRACON& Tower with Radar,95,29,11,0,135,0,0,0,0,0,95,29,11,0,135,0,0,0,135
04/01/2019,PVD,RI,ANE,EN,Combined TRACON& Tower with Radar,90,30,22,0,142,0,0,18,0,18,90,30,40,0,160,0,0,0,160
04/02/2019,PVD,RI,ANE,EN,Combined TRACON& Tower with Radar,94,30,18,0,142,0,0,50,0,50,94,30,68,0,192,30,0,30,222
04/03/2019,PVD,RI,ANE,EN,Combined TRACON& Tower with Radar,92,30,13,0,135,0,0,3,0,3,92,30,16,0,138,0,0,0,138
04/04/2019,PVD,RI,ANE,EN,Combined TRACON& Tower with Radar,95,39,17,0,151,0,2,11,0,13,95,41,28,0,164,0,0,0,164
04/05/2019,PVD,RI,ANE,EN,Combined TRACON& Tower with Radar,92,37,23,0,152,0,0,19,0,19,92,37,42,0,171,10,0,10,181
04/06/2019,PVD,RI,ANE,EN,Combined TRACON& Tower with Radar,87,31,27,0,145,0,2,35,2,39,87,33,62,2,184,44,2,46,230
04/07/2019,PVD,RI,ANE,EN,Combined TRACON& Tower with Radar,89,35,11,0,135,0,2,39,4,45,89,37,50,4,180,38,4,42,222
04/08/2019,PVD,RI,ANE,EN,Combined TRACON& Tower with Radar,91,39,18,0,148,0,0,0,0,0,91,39,18,0,148,0,0,0,148
04/09/2019,PVD,RI,ANE,EN,Combined TRACON& Tower with Radar,100,36,13,0,149,0,0,2,0,2,100,36,15,0,151,0,0,0,151
04/10/2019,PVD,RI,ANE,EN,Combined TRACON& Tower with Radar,95,38,16,0,149,0,1,25,2,28,95,39,41,2,177,23,0,23,200
04/11/2019,PVD,RI,ANE,EN,Combined TRACON& Tower with Radar,97,31,21,0,149,0,0,35,2,37,97,31,56,2,186,22,0,22,208
04/12/2019,PVD,RI,ANE,EN,Combined TRACON& Tower with Radar,99,34,23,0,156,0,2,19,0,21,99,36,42,0,177,82,0,82,259
04/13/2019,PVD,RI,ANE,EN,Combined TRACON& Tower with Radar,93,24,13,2,132,0,1,8,0,9,93,25,21,2,141,12,0,12,153
04/14/2019,PVD,RI,ANE,EN,Combined TRACON& Tower with Radar,93,25,14,0,132,0,1,38,0,39,93,26,52,0,171,36,0,36,207
04/15/2019,PVD,RI,ANE,EN,Combined TRACON& Tower with Radar,109,31,22,0,162,0,0,4,0,4,109,31,26,0,166,36,0,36,202
04/16/2019,PVD,RI,ANE,EN,Combined TRACON& Tower with Radar,100,38,11,0,149,0,0,6,0,6,100,38,17,0,155,4,0,4,159
04/17/2019,PVD,RI,ANE,EN,Combined TRACON& Tower with Radar,93,37,18,0,148,0,0,53,0,53,93,37,71,0,201,44,0,44,245
04/18/2019,PVD,RI,ANE,EN,Combined TRACON& Tower with Radar,103,41,20,0,164,0,0,27,0,27,103,41,47,0,191,14,0,14,205
04/19/2019,PVD,RI,ANE,EN,Combined TRACON& Tower with Radar,89,37,15,0,141,0,0,0,0,0,89,37,15,0,141,0,0,0,141
04/20/2019,PVD,RI,ANE,EN,Combined TRACON& Tower with Radar,87,27,4,0,118,0,0,0,0,0,87,27,4,0,118,0,0,0,118
04/21/2019,PVD,RI,ANE,EN,Combined TRACON& Tower with Radar,79,30,11,0,120,0,0,16,0,16,79,30,27,0,136,50,0,50,186
04/22/2019,PVD,RI,ANE,EN,Combined TRACON& Tower with Radar,101,33,17,0,151,0,0,4,0,4,101,33,21,0,155,16,0,16,171
04/23/2019,PVD,RI,ANE,EN,Combined TRACON& Tower with Radar,96,36,40,0,172,0,0,8,0,8,96,36,48,0,180,52,0,52,232
04/24/2019,PVD,RI,ANE,EN,Combined TRACON& Tower with Radar,99,38,27,0,164,0,0,41,0,41,99,38,68,0,205,16,0,16,221
04/25/2019,PVD,RI,ANE,EN,Combined TRACON& Tower with Radar,98,45,26,2,171,0,1,43,0,44,98,46,69,2,215,36,0,36,251
04/26/2019,PVD,RI,ANE,EN,Combined TRACON& Tower with Radar,90,36,23,0,149,0,1,2,0,3,90,37,25,0,152,0,0,0,152
04/27/2019,PVD,RI,ANE,EN,Combined TRACON& Tower with Radar,93,27,21,0,141,0,0,14,0,14,93,27,35,0,155,78,0,78,233
04/28/2019,PVD,RI,ANE,EN,Combined TRACON& Tower with Radar,81,28,7,0,116,0,0,30,0,30,81,28,37,0,146,34,0,34,180
04/29/2019,PVD,RI,ANE,EN,Combined TRACON& Tower with Radar,95,31,19,0,145,0,2,47,2,51,95,33,66,2,196,30,0,30,226
04/30/2019,PVD,RI,ANE,EN,Combined TRACON& Tower with Radar,97,31,22,0,150,0,0,4,0,4,97,31,26,0,154,2,0,2,156
05/01/2019,PVD,RI,ANE,EN,Combined TRACON& Tower with Radar,97,37,33,0,167,0,0,38,0,38,97,37,71,0,205,26,0,26,231
05/02/2019,PVD,RI,ANE,EN,Combined TRACON& Tower with Radar,100,34,42,2,178,0,1,4,0,5,100,35,46,2,183,18,0,18,201
05/03/2019,PVD,RI,ANE,EN,Combined TRACON& Tower with Radar,105,30,32,0,167,0,0,2,0,2,105,30,34,0,169,22,0,22,191
05/04/2019,PVD,RI,ANE,EN,Combined TRACON& Tower with Radar,94,16,21,0,131,0,1,2,0,3,94,17,23,0,134,62,0,62,196
05/05/2019,PVD,RI,ANE,EN,Combined TRACON& Tower with Radar,92,21,22,1,136,0,0,1,0,1,92,21,23,1,137,0,0,0,137
05/06/2019,PVD,RI,ANE,EN,Combined TRACON& Tower with Radar,105,24,33,1,163,0,0,25,0,25,105,24,58,1,188,12,0,12,200
05/07/2019,PVD,RI,ANE,EN,Combined TRACON& Tower with Radar,100,31,21,0,152,0,0,33,0,33,100,31,54,0,185,24,4,28,213
05/08/2019,PVD,RI,ANE,EN,Combined TRACON& Tower with Radar,101,34,14,0,149,0,0,31,0,31,101,34,45,0,180,72,0,72,252
05/09/2019,PVD,RI,ANE,EN,Combined TRACON& Tower with Radar,107,39,23,0,169,0,0,38,0,38,107,39,61,0,207,14,0,14,221
05/10/2019,PVD,RI,ANE,EN,Combined TRACON& Tower with Radar,108,33,25,0,166,0,0,0,0,0,108,33,25,0,166,4,0,4,170
05/11/2019,PVD,RI,ANE,EN,Combined TRACON& Tower with Radar,93,21,10,0,124,0,0,38,0,38,93,21,48,0,162,28,0,28,190
05/12/2019,PVD,RI,ANE,EN,Combined TRACON& Tower with Radar,90,22,9,0,121,0,0,5,0,5,90,22,14,0,126,8,0,8,134
05/13/2019,PVD,RI,ANE,EN,Combined TRACON& Tower with Radar,99,32,20,0,151,0,0,21,0,21,99,32,41,0,172,34,0,34,206
05/14/2019,PVD,RI,ANE,EN,Combined TRACON& Tower with Radar,101,36,12,0,149,0,0,1,0,1,101,36,13,0,150,8,0,8,158
05/15/2019,PVD,RI,ANE,EN,Combined TRACON& Tower with Radar,100,39,26,0,165,0,1,33,0,34,100,40,59,0,199,36,0,36,235
05/16/2019,PVD,RI,ANE,EN,Combined TRACON& Tower with Radar,108,37,27,0,172,0,0,22,0,22,108,37,49,0,194,22,0,22,216
05/17/2019,PVD,RI,ANE,EN,Combined TRACON& Tower with Radar,102,36,17,2,157,0,0,30,0,30,102,36,47,2,187,46,0,46,233
05/18/2019,PVD,RI,ANE,EN,Combined TRACON& Tower with Radar,95,13,10,0,118,0,2,48,0,50,95,15,58,0,168,8,0,8,176
05/19/2019,PVD,RI,ANE,EN,Combined TRACON& Tower with Radar,90,21,11,0,122,0,1,26,0,27,90,22,37,0,149,36,0,36,185
05/20/2019,PVD,RI,ANE,EN,Combined TRACON& Tower with Radar,99,34,20,0,153,0,3,27,0,30,99,37,47,0,183,22,0,22,205
05/21/2019,PVD,RI,ANE,EN,Combined TRACON& Tower with Radar,103,34,13,0,150,0,0,22,0,22,103,34,35,0,172,6,0,6,178
05/22/2019,PVD,RI,ANE,EN,Combined TRACON& Tower with Radar,107,40,15,0,162,0,3,33,0,36,107,43,48,0,198,12,0,12,210
05/23/2019,PVD,RI,ANE,EN,Combined TRACON& Tower with Radar,105,46,31,0,182,0,0,42,0,42,105,46,73,0,224,42,0,42,266
05/24/2019,PVD,RI,ANE,EN,Combined TRACON& Tower with Radar,109,54,13,1,177,0,2,10,0,12,109,56,23,1,189,0,0,0,189
05/25/2019,PVD,RI,ANE,EN,Combined TRACON& Tower with Radar,94,17,9,1,121,0,8,47,2,57,94,25,56,3,178,22,0,22,200
05/26/2019,PVD,RI,ANE,EN,Combined TRACON& Tower with Radar,76,29,14,0,119,0,4,29,0,33,76,33,43,0,152,30,0,30,182
05/27/2019,PVD,RI,ANE,EN,Combined TRACON& Tower with Radar,96,31,13,0,140,0,0,31,1,32,96,31,44,1,172,20,0,20,192
05/28/2019,PVD,RI,ANE,EN,Combined TRACON& Tower with Radar,101,26,15,0,142,0,0,13,0,13,101,26,28,0,155,18,0,18,173
05/29/2019,PVD,RI,ANE,EN,Combined TRACON& Tower with Radar,105,32,23,2,162,0,0,5,0,5,105,32,28,2,167,50,0,50,217
05/30/2019,PVD,RI,ANE,EN,Combined TRACON& Tower with Radar,107,32,28,0,167,0,0,0,0,0,107,32,28,0,167,2,0,2,169
05/31/2019,PVD,RI,ANE,EN,Combined TRACON& Tower with Radar,108,40,21,0,169,0,0,32,4,36,108,40,53,4,205,14,0,14,219
06/01/2019,PVD,RI,ANE,EN,Combined TRACON& Tower with Radar,97,22,11,0,130,0,0,39,0,39,97,22,50,0,169,16,0,16,185
06/02/2019,PVD,RI,ANE,EN,Combined TRACON& Tower with Radar,89,27,11,0,127,0,0,22,0,22,89,27,33,0,149,16,0,16,165
06/03/2019,PVD,RI,ANE,EN,Combined TRACON& Tower with Radar,107,35,12,0,154,0,1,29,1,31,107,36,41,1,185,56,2,58,243
06/04/2019,PVD,RI,ANE,EN,Combined TRACON& Tower with Radar,102,35,24,0,161,0,0,37,0,37,102,35,61,0,198,28,0,28,226
06/05/2019,PVD,RI,ANE,EN,Combined TRACON& Tower with Radar,100,41,19,0,160,0,1,30,0,31,100,42,49,0,191,14,0,14,205
06/06/2019,PVD,RI,ANE,EN,Combined TRACON& Tower with Radar,106,39,18,0,163,0,0,24,0,24,106,39,42,0,187,14,0,14,201
06/07/2019,PVD,RI,ANE,EN,Combined TRACON& Tower with Radar,99,43,9,0,151,0,2,48,0,50,99,45,57,0,201,31,0,31,232
06/08/2019,PVD,RI,ANE,EN,Combined TRACON& Tower with Radar,90,18,12,0,120,0,0,43,0,43,90,18,55,0,163,26,0,26,189
06/09/2019,PVD,RI,ANE,EN,Combined TRACON& Tower with Radar,93,27,11,0,131,0,0,47,0,47,93,27,58,0,178,33,0,33,211
06/10/2019,PVD,RI,ANE,EN,Combined TRACON& Tower with Radar,104,38,16,0,158,0,1,34,0,35,104,39,50,0,193,32,0,32,225
06/11/2019,PVD,RI,ANE,EN,Combined TRACON& Tower with Radar,102,46,20,1,169,0,0,17,0,17,102,46,37,1,186,8,0,8,194
06/12/2019,PVD,RI,ANE,EN,Combined TRACON& Tower with Radar,96,35,17,0,148,0,2,53,0,55,96,37,70,0,203,16,2,18,221
06/13/2019,PVD,RI,ANE,EN,Combined TRACON& Tower with Radar,104,38,24,0,166,0,0,1,0,1,104,38,25,0,167,4,0,4,171
06/14/2019,PVD,RI,ANE,EN,Combined TRACON& Tower with Radar,107,46,21,1,175,0,0,26,0,26,107,46,47,1,201,6,0,6,207
06/15/2019,PVD,RI,ANE,EN,Combined TRACON& Tower with Radar,84,19,16,0,119,0,0,41,0,41,84,19,57,0,160,30,0,30,190
06/16/2019,PVD,RI,ANE,EN,Combined TRACON& Tower with Radar,92,29,7,0,128,0,0,20,0,20,92,29,27,0,148,120,0,120,268
06/17/2019,PVD,RI,ANE,EN,Combined TRACON& Tower with Radar,100,36,15,2,153,0,1,41,1,43,100,37,56,3,196,19,0,19,215
06/18/2019,PVD,RI,ANE,EN,Combined TRACON& Tower with Radar,94,39,35,0,168,0,0,0,0,0,94,39,35,0,168,6,0,6,174
06/19/2019,PVD,RI,ANE,EN,Combined TRACON& Tower with Radar,95,37,37,0,169,0,0,14,0,14,95,37,51,0,183,100,0,100,283
06/20/2019,PVD,RI,ANE,EN,Combined TRACON& Tower with Radar,105,38,26,0,169,0,0,0,0,0,105,38,26,0,169,0,0,0,169
06/21/2019,PVD,RI,ANE,EN,Combined TRACON& Tower with Radar,105,47,29,0,181,0,0,14,0,14,105,47,43,0,195,74,0,74,269
06/22/2019,PVD,RI,ANE,EN,Combined TRACON& Tower with Radar,87,26,22,0,135,0,0,40,0,40,87,26,62,0,175,20,0,20,195
06/23/2019,PVD,RI,ANE,EN,Combined TRACON& Tower with Radar,86,33,16,0,135,0,1,43,0,44,86,34,59,0,179,14,0,14,193
06/24/2019,PVD,RI,ANE,EN,Combined TRACON& Tower with Radar,100,44,28,2,174,0,0,48,0,48,100,44,76,2,222,10,0,10,232
06/25/2019,PVD,RI,ANE,EN,Combined TRACON& Tower with Radar,98,41,23,0,162,0,0,0,0,0,98,41,23,0,162,21,0,21,183
06/26/2019,PVD,RI,ANE,EN,Combined TRACON& Tower with Radar,101,43,26,0,170,0,0,33,0,33,101,43,59,0,203,16,0,16,219
06/27/2019,PVD,RI,ANE,EN,Combined TRACON& Tower with Radar,101,53,32,2,188,0,1,27,0,28,101,54,59,2,216,2,0,2,218
06/28/2019,PVD,RI,ANE,EN,Combined TRACON& Tower with Radar,107,47,25,0,179,0,0,51,0,51,107,47,76,0,230,44,0,44,274
06/29/2019,PVD,RI,ANE,EN,Combined TRACON& Tower with Radar,88,22,16,0,126,0,0,33,0,33,88,22,49,0,159,24,0,24,183
06/30/2019,PVD,RI,ANE,EN,Combined TRACON& Tower with Radar,87,28,11,0,126,0,0,27,0,27,87,28,38,0,153,14,0,14,167
07/01/2019,PVD,RI,ANE,EN,Combined TRACON& Tower with Radar,97,36,29,0,162,0,0,55,0,55,97,36,84,0,217,22,0,22,239
07/02/2019,PVD,RI,ANE,EN,Combined TRACON& Tower with Radar,91,37,16,0,144,0,0,50,0,50,91,37,66,0,194,14,0,14,208
07/03/2019,PVD,RI,ANE,EN,Combined TRACON& Tower with Radar,90,36,6,0,132,0,1,36,0,37,90,37,42,0,169,16,0,16,185
07/04/2019,PVD,RI,ANE,EN,Combined TRACON& Tower with Radar,69,22,3,0,94,0,0,12,0,12,69,22,15,0,106,6,0,6,112
07/05/2019,PVD,RI,ANE,EN,Combined TRACON& Tower with Radar,86,37,15,0,138,0,0,21,0,21,86,37,36,0,159,28,0,28,187
07/06/2019,PVD,RI,ANE,EN,Combined TRACON& Tower with Radar,90,28,11,0,129,0,0,17,2,19,90,28,28,2,148,110,0,110,258
07/07/2019,PVD,RI,ANE,EN,Combined TRACON& Tower with Radar,94,35,10,0,139,0,2,42,1,45,94,37,52,1,184,38,0,38,222
07/08/2019,PVD,RI,ANE,EN,Combined TRACON& Tower with Radar,99,45,31,0,175,0,0,39,0,39,99,45,70,0,214,16,0,16,230
07/09/2019,PVD,RI,ANE,EN,Combined TRACON& Tower with Radar,98,40,27,0,165,0,1,52,0,53,98,41,79,0,218,44,0,44,262
07/10/2019,PVD,RI,ANE,EN,Combined TRACON& Tower with Radar,99,43,15,1,158,0,0,31,0,31,99,43,46,1,189,28,0,28,217
07/11/2019,PVD,RI,ANE,EN,Combined TRACON& Tower with Radar,90,43,40,0,173,0,3,29,0,32,90,46,69,0,205,8,0,8,213
07/12/2019,PVD,RI,ANE,EN,Combined TRACON& Tower with Radar,103,55,28,0,186,0,0,24,0,24,103,55,52,0,210,30,0,30,240
07/13/2019,PVD,RI,ANE,EN,Combined TRACON& Tower with Radar,90,33,14,0,137,0,0,58,0,58,90,33,72,0,195,30,0,30,225
07/14/2019,PVD,RI,ANE,EN,Combined TRACON& Tower with Radar,97,37,17,0,151,0,0,49,1,50,97,37,66,1,201,22,0,22,223
07/15/2019,PVD,RI,ANE,EN,Combined TRACON& Tower with Radar,102,39,17,0,158,0,2,48,3,53,102,41,65,3,211,8,0,8,219
07/16/2019,PVD,RI,ANE,EN,Combined TRACON& Tower with Radar,102,38,24,0,164,0,0,38,1,39,102,38,62,1,203,10,0,10,213
07/17/2019,PVD,RI,ANE,EN,Combined TRACON& Tower with Radar,93,39,22,0,154,0,0,23,0,23,93,39,45,0,177,27,0,27,204
07/18/2019,PVD,RI,ANE,EN,Combined TRACON& Tower with Radar,105,42,33,0,180,0,0,2,0,2,105,42,35,0,182,8,0,8,190
07/19/2019,PVD,RI,ANE,EN,Combined TRACON& Tower with Radar,95,59,30,0,184,0,3,30,0,33,95,62,60,0,217,36,0,36,253
07/20/2019,PVD,RI,ANE,EN,Combined TRACON& Tower with Radar,92,34,18,0,144,0,3,34,0,37,92,37,52,0,181,24,0,24,205
07/21/2019,PVD,RI,ANE,EN,Combined TRACON& Tower with Radar,94,29,17,0,140,0,2,44,0,46,94,31,61,0,186,12,0,12,198
07/22/2019,PVD,RI,ANE,EN,Combined TRACON& Tower with Radar,99,41,26,0,166,0,2,32,2,36,99,43,58,2,202,4,0,4,206
07/23/2019,PVD,RI,ANE,EN,Combined TRACON& Tower with Radar,101,44,23,0,168,0,0,8,0,8,101,44,31,0,176,24,0,24,200
07/24/2019,PVD,RI,ANE,EN,Combined TRACON& Tower with Radar,96,45,33,2,176,0,0,40,0,40,96,45,73,2,216,58,0,58,274
07/25/2019,PVD,RI,ANE,EN,Combined TRACON& Tower with Radar,105,44,22,0,171,0,0,33,1,34,105,44,55,1,205,38,0,38,243
07/26/2019,PVD,RI,ANE,EN,Combined TRACON& Tower with Radar,101,45,12,0,158,0,1,41,0,42,101,46,53,0,200,12,0,12,212
07/27/2019,PVD,RI,ANE,EN,Combined TRACON& Tower with Radar,88,31,17,0,136,0,7,48,0,55,88,38,65,0,191,21,0,21,212
07/28/2019,PVD,RI,ANE,EN,Combined TRACON& Tower with Radar,103,34,6,0,143,0,1,37,0,38,103,35,43,0,181,20,0,20,201
07/29/2019,PVD,RI,ANE,EN,Combined TRACON& Tower with Radar,102,40,17,7,166,0,2,33,0,35,102,42,50,7,201,8,8,16,217
07/30/2019,PVD,RI,ANE,EN,Combined TRACON& Tower with Radar,99,42,20,0,161,0,0,41,0,41,99,42,61,0,202,8,0,8,210
07/31/2019,PVD,RI,ANE,EN,Combined TRACON& Tower with Radar,98,43,17,0,158,0,0,31,0,31,98,43,48,0,189,20,0,20,209
08/01/2019,PVD,RI,ANE,EN,Combined TRACON& Tower with Radar,101,51,29,0,181,0,6,36,0,42,101,57,65,0,223,64,0,64,287
08/02/2019,PVD,RI,ANE,EN,Combined TRACON& Tower with Radar,102,59,23,0,184,0,4,49,0,53,102,63,72,0,237,12,0,12,249
08/03/2019,PVD,RI,ANE,EN,Combined TRACON& Tower with Radar,87,32,9,0,128,0,1,41,0,42,87,33,50,0,170,70,2,72,242
08/04/2019,PVD,RI,ANE,EN,Combined TRACON& Tower with Radar,96,33,19,0,148,0,2,38,0,40,96,35,57,0,188,12,0,12,200
08/05/2019,PVD,RI,ANE,EN,Combined TRACON& Tower with Radar,96,45,19,0,160,0,0,40,0,40,96,45,59,0,200,34,0,34,234
08/06/2019,PVD,RI,ANE,EN,Combined TRACON& Tower with Radar,93,41,35,0,169,0,0,8,0,8,93,41,43,0,177,28,0,28,205
08/07/2019,PVD,RI,ANE,EN,Combined TRACON& Tower with Radar,83,42,29,0,154,0,2,4,0,6,83,44,33,0,160,54,0,54,214
08/08/2019,PVD,RI,ANE,EN,Combined TRACON& Tower with Radar,103,40,16,0,159,0,0,28,0,28,103,40,44,0,187,22,0,22,209
08/09/2019,PVD,RI,ANE,EN,Combined TRACON& Tower with Radar,99,63,19,0,181,0,0,27,0,27,99,63,46,0,208,16,0,16,224
08/10/2019,PVD,RI,ANE,EN,Combined TRACON& Tower with Radar,85,38,11,0,134,0,1,46,2,49,85,39,57,2,183,54,0,54,237
08/11/2019,PVD,RI,ANE,EN,Combined TRACON& Tower with Radar,100,42,17,0,159,0,4,42,0,46,100,46,59,0,205,22,0,22,227
08/12/2019,PVD,RI,ANE,EN,Combined TRACON& Tower with Radar,94,46,20,0,160,0,2,36,0,38,94,48,56,0,198,46,0,46,244
08/13/2019,PVD,RI,ANE,EN,Combined TRACON& Tower with Radar,92,50,15,0,157,0,1,9,0,10,92,51,24,0,167,18,0,18,185
08/14/2019,PVD,RI,ANE,EN,Combined TRACON& Tower with Radar,93,56,27,0,176,0,1,23,0,24,93,57,50,0,200,58,8,66,266
08/15/2019,PVD,RI,ANE,EN,Combined TRACON& Tower with Radar,102,51,18,2,173,0,2,30,0,32,102,53,48,2,205,32,2,34,239
08/16/2019,PVD,RI,ANE,EN,Combined TRACON& Tower with Radar,103,48,33,2,186,0,1,28,1,30,103,49,61,3,216,4,0,4,220
08/17/2019,PVD,RI,ANE,EN,Combined TRACON& Tower with Radar,87,35,16,0,138,0,0,8,0,8,87,35,24,0,146,68,0,68,214
08/18/2019,PVD,RI,ANE,EN,Combined TRACON& Tower with Radar,95,33,15,0,143,0,0,33,0,33,95,33,48,0,176,19,0,19,195
08/19/2019,PVD,RI,ANE,EN,Combined TRACON& Tower with Radar,97,34,36,0,167,0,1,40,0,41,97,35,76,0,208,32,0,32,240
08/20/2019,PVD,RI,ANE,EN,Combined TRACON& Tower with Radar,91,41,22,0,154,0,0,43,0,43,91,41,65,0,197,20,0,20,217
08/21/2019,PVD,RI,ANE,EN,Combined TRACON& Tower with Radar,98,43,24,5,170,0,0,5,1,6,98,43,29,6,176,0,0,0,176
08/22/2019,PVD,RI,ANE,EN,Combined TRACON& Tower with Radar,100,51,30,1,182,0,5,10,1,16,100,56,40,2,198,23,0,23,221
08/23/2019,PVD,RI,ANE,EN,Combined TRACON& Tower with Radar,99,44,16,0,159,0,0,25,0,25,99,44,41,0,184,12,0,12,196
08/24/2019,PVD,RI,ANE,EN,Combined TRACON& Tower with Radar,90,37,5,0,132,0,0,52,0,52,90,37,57,0,184,44,0,44,228
08/25/2019,PVD,RI,ANE,EN,Combined TRACON& Tower with Radar,98,35,17,0,150,0,0,22,0,22,98,35,39,0,172,56,0,56,228
08/26/2019,PVD,RI,ANE,EN,Combined TRACON& Tower with Radar,98,43,30,0,171,0,0,41,1,42,98,43,71,1,213,12,0,12,225
08/27/2019,PVD,RI,ANE,EN,Combined TRACON& Tower with Radar,101,38,21,0,160,0,4,45,0,49,101,42,66,0,209,22,0,22,231
08/28/2019,PVD,RI,ANE,EN,Combined TRACON& Tower with Radar,99,47,25,1,172,0,2,9,2,13,99,49,34,3,185,20,0,20,205
08/29/2019,PVD,RI,ANE,EN,Combined TRACON& Tower with Radar,107,50,34,0,191,0,2,22,0,24,107,52,56,0,215,4,0,4,219
08/30/2019,PVD,RI,ANE,EN,Combined TRACON& Tower with Radar,104,54,21,0,179,0,8,49,0,57,104,62,70,0,236,10,0,10,246
08/31/2019,PVD,RI,ANE,EN,Combined TRACON& Tower with Radar,92,27,12,0,131,0,0,72,0,72,92,27,84,0,203,30,0,30,233
09/01/2019,PVD,RI,ANE,EN,Combined TRACON& Tower with Radar,85,34,17,0,136,0,0,38,1,39,85,34,55,1,175,36,0,36,211
09/02/2019,PVD,RI,ANE,EN,Combined TRACON& Tower with Radar,81,37,13,0,131,0,0,25,0,25,81,37,38,0,156,16,0,16,172
09/03/2019,PVD,RI,ANE,EN,Combined TRACON& Tower with Radar,82,34,32,0,148,0,0,35,1,36,82,34,67,1,184,48,0,48,232
09/04/2019,PVD,RI,ANE,EN,Combined TRACON& Tower with Radar,90,38,28,0,156,0,1,15,0,16,90,39,43,0,172,26,0,26,198
09/05/2019,PVD,RI,ANE,EN,Combined TRACON& Tower with Radar,108,35,21,2,166,0,0,32,1,33,108,35,53,3,199,22,0,22,221
09/06/2019,PVD,RI,ANE,EN,Combined TRACON& Tower with Radar,98,50,11,0,159,0,3,25,0,28,98,53,36,0,187,0,0,0,187
09/07/2019,PVD,RI,ANE,EN,Combined TRACON& Tower with Radar,90,31,3,0,124,0,0,7,0,7,90,31,10,0,131,0,0,0,131
09/08/2019,PVD,RI,ANE,EN,Combined TRACON& Tower with Radar,106,40,37,0,183,0,0,47,0,47,106,40,84,0,230,44,0,44,274
09/09/2019,PVD,RI,ANE,EN,Combined TRACON& Tower with Radar,106,44,23,0,173,0,0,34,0,34,106,44,57,0,207,20,0,20,227
09/10/2019,PVD,RI,ANE,EN,Combined TRACON& Tower with Radar,92,38,25,0,155,0,0,26,0,26,92,38,51,0,181,12,0,12,193
09/11/2019,PVD,RI,ANE,EN,Combined TRACON& Tower with Radar,95,40,27,0,162,0,0,27,2,29,95,40,54,2,191,42,0,42,233
09/12/2019,PVD,RI,ANE,EN,Combined TRACON& Tower with Radar,109,41,43,0,193,0,0,1,0,1,109,41,44,0,194,0,0,0,194
09/13/2019,PVD,RI,ANE,EN,Combined TRACON& Tower with Radar,103,49,31,0,183,0,1,40,2,43,103,50,71,2,226,20,0,20,246
09/14/2019,PVD,RI,ANE,EN,Combined TRACON& Tower with Radar,91,18,17,0,126,0,2,35,0,37,91,20,52,0,163,24,0,24,187
09/15/2019,PVD,RI,ANE,EN,Combined TRACON& Tower with Radar,102,30,22,0,154,0,0,40,0,40,102,30,62,0,194,12,0,12,206
09/16/2019,PVD,RI,ANE,EN,Combined TRACON& Tower with Radar,104,33,28,0,165,0,0,32,4,36,104,33,60,4,201,18,0,18,219
09/17/2019,PVD,RI,ANE,EN,Combined TRACON& Tower with Radar,96,37,21,0,154,0,0,28,0,28,96,37,49,0,182,43,0,43,225
09/18/2019,PVD,RI,ANE,EN,Combined TRACON& Tower with Radar,96,38,24,0,158,0,0,24,0,24,96,38,48,0,182,9,0,9,191
09/19/2019,PVD,RI,ANE,EN,Combined TRACON& Tower with Radar,104,35,34,0,173,0,3,29,0,32,104,38,63,0,205,6,0,6,211
09/20/2019,PVD,RI,ANE,EN,Combined TRACON& Tower with Radar,109,37,15,2,163,0,5,24,0,29,109,42,39,2,192,6,0,6,198
09/21/2019,PVD,RI,ANE,EN,Combined TRACON& Tower with Radar,92,21,10,1,124,0,0,29,1,30,92,21,39,2,154,12,0,12,166
09/22/2019,PVD,RI,ANE,EN,Combined TRACON& Tower with Radar,105,34,14,0,153,0,2,26,0,28,105,36,40,0,181,48,0,48,229
09/23/2019,PVD,RI,ANE,EN,Combined TRACON& Tower with Radar,104,34,13,0,151,0,1,27,0,28,104,35,40,0,179,20,0,20,199
09/24/2019,PVD,RI,ANE,EN,Combined TRACON& Tower with Radar,93,41,20,0,154,0,0,25,0,25,93,41,45,0,179,10,0,10,189
09/25/2019,PVD,RI,ANE,EN,Combined TRACON& Tower with Radar,98,40,22,0,160,0,3,32,0,35,98,43,54,0,195,45,0,45,240
09/26/2019,PVD,RI,ANE,EN,Combined TRACON& Tower with Radar,106,41,25,0,172,0,0,19,0,19,106,41,44,0,191,6,0,6,197
09/27/2019,PVD,RI,ANE,EN,Combined TRACON& Tower with Radar,103,40,10,0,153,0,0,32,0,32,103,40,42,0,185,0,0,0,185
09/28/2019,PVD,RI,ANE,EN,Combined TRACON& Tower with Radar,84,19,15,0,118,0,0,39,0,39,84,19,54,0,157,36,0,36,193
09/29/2019,PVD,RI,ANE,EN,Combined TRACON& Tower with Radar,100,33,17,0,150,0,0,34,0,34,100,33,51,0,184,20,0,20,204
09/30/2019,PVD,RI,ANE,EN,Combined TRACON& Tower with Radar,104,30,15,0,149,0,0,41,2,43,104,30,56,2,192,6,0,6,198
10/01/2019,PVD,RI,ANE,EN,Combined TRACON& Tower with Radar,95,40,31,0,166,0,2,17,0,19,95,42,48,0,185,14,0,14,199
10/02/2019,PVD,RI,ANE,EN,Combined TRACON& Tower with Radar,109,35,12,7,163,0,3,23,0,26,109,38,35,7,189,9,4,13,202
10/03/2019,PVD,RI,ANE,EN,Combined TRACON& Tower with Radar,110,31,28,7,176,0,0,5,0,5,110,31,33,7,181,10,0,10,191
10/04/2019,PVD,RI,ANE,EN,Combined TRACON& Tower with Radar,113,37,14,0,164,0,0,12,0,12,113,37,26,0,176,6,0,6,182
10/05/2019,PVD,RI,ANE,EN,Combined TRACON& Tower with Radar,89,20,13,0,122,0,0,44,0,44,89,20,57,0,166,30,0,30,196
10/06/2019,PVD,RI,ANE,EN,Combined TRACON& Tower with Radar,102,25,19,0,146,0,2,24,0,26,102,27,43,0,172,6,0,6,178
10/07/2019,PVD,RI,ANE,EN,Combined TRACON& Tower with Radar,109,25,27,0,161,0,2,15,0,17,109,27,42,0,178,20,0,20,198
10/08/2019,PVD,RI,ANE,EN,Combined TRACON& Tower with Radar,104,30,10,0,144,0,0,25,3,28,104,30,35,3,172,12,2,14,186
10/09/2019,PVD,RI,ANE,EN,Combined TRACON& Tower with Radar,112,29,16,0,157,0,0,3,0,3,112,29,19,0,160,0,0,0,160
10/10/2019,PVD,RI,ANE,EN,Combined TRACON& Tower with Radar,111,42,25,1,179,0,0,3,0,3,111,42,28,1,182,0,0,0,182
10/11/2019,PVD,RI,ANE,EN,Combined TRACON& Tower with Radar,114,45,23,1,183,0,0,0,0,0,114,45,23,1,183,0,0,0,183
10/12/2019,PVD,RI,ANE,EN,Combined TRACON& Tower with Radar,86,33,30,0,149,0,0,4,0,4,86,33,34,0,153,14,0,14,167
10/13/2019,PVD,RI,ANE,EN,Combined TRACON& Tower with Radar,101,30,14,0,145,0,0,38,0,38,101,30,52,0,183,32,0,32,215
10/14/2019,PVD,RI,ANE,EN,Combined TRACON& Tower with Radar,109,43,30,2,184,0,0,10,0,10,109,43,40,2,194,106,0,106,300
10/15/2019,PVD,RI,ANE,EN,Combined TRACON& Tower with Radar,104,27,23,0,154,0,0,44,0,44,104,27,67,0,198,44,0,44,242
10/16/2019,PVD,RI,ANE,EN,Combined TRACON& Tower with Radar,109,37,22,0,168,0,0,21,0,21,109,37,43,0,189,28,0,28,217
10/17/2019,PVD,RI,ANE,EN,Combined TRACON& Tower with Radar,116,28,13,0,157,0,0,4,1,5,116,28,17,1,162,0,0,0,162
10/18/2019,PVD,RI,ANE,EN,Combined TRACON& Tower with Radar,109,37,26,1,173,0,3,33,1,37,109,40,59,2,210,10,8,18,228
10/19/2019,PVD,RI,ANE,EN,Combined TRACON& Tower with Radar,87,28,12,0,127,0,2,48,0,50,87,30,60,0,177,0,0,0,177
10/20/2019,PVD,RI,ANE,EN,Combined TRACON& Tower with Radar,103,26,19,0,148,0,2,36,0,38,103,28,55,0,186,12,0,12,198
10/21/2019,PVD,RI,ANE,EN,Combined TRACON& Tower with Radar,104,27,19,0,150,0,0,27,1,28,104,27,46,1,178,56,0,56,234
10/22/2019,PVD,RI,ANE,EN,Combined TRACON& Tower with Radar,96,34,33,6,169,0,0,4,0,4,96,34,37,6,173,56,0,56,229
10/23/2019,PVD,RI,ANE,EN,Combined TRACON& Tower with Radar,108,27,24,2,161,0,1,21,0,22,108,28,45,2,183,24,0,24,207
10/24/2019,PVD,RI,ANE,EN,Combined TRACON& Tower with Radar,110,37,18,0,165,0,7,15,0,22,110,44,33,0,187,2,0,2,189
10/25/2019,PVD,RI,ANE,EN,Combined TRACON& Tower with Radar,115,37,7,0,159,0,0,35,0,35,115,37,42,0,194,28,0,28,222
10/26/2019,PVD,RI,ANE,EN,Combined TRACON& Tower with Radar,85,27,21,0,133,0,0,52,0,52,85,27,73,0,185,0,0,0,185
10/27/2019,PVD,RI,ANE,EN,Combined TRACON& Tower with Radar,95,49,16,0,160,0,0,4,0,4,95,49,20,0,164,6,0,6,170
10/28/2019,PVD,RI,ANE,EN,Combined TRACON& Tower with Radar,109,39,18,0,166,0,0,7,0,7,109,39,25,0,173,34,0,34,207
10/29/2019,PVD,RI,ANE,EN,Combined TRACON& Tower with Radar,99,30,34,0,163,0,0,1,0,1,99,30,35,0,164,10,0,10,174
10/30/2019,PVD,RI,ANE,EN,Combined TRACON& Tower with Radar,101,29,16,0,146,0,0,0,0,0,101,29,16,0,146,0,0,0,146
10/31/2019,PVD,RI,ANE,EN,Combined TRACON& Tower with Radar,96,19,13,0,128,0,0,0,0,0,96,19,13,0,128,0,0,0,128
11/01/2019,PVD,RI,ANE,EN,Combined TRACON& Tower with Radar,103,24,14,0,141,0,0,2,2,4,103,24,16,2,145,0,0,0,145
11/02/2019,PVD,RI,ANE,EN,Combined TRACON& Tower with Radar,93,13,13,0,119,0,0,46,2,48,93,13,59,2,167,20,0,20,187
11/03/2019,PVD,RI,ANE,EN,Combined TRACON& Tower with Radar,95,22,20,0,137,0,0,30,1,31,95,22,50,1,168,24,0,24,192
11/04/2019,PVD,RI,ANE,EN,Combined TRACON& Tower with Radar,109,22,7,0,138,0,1,38,0,39,109,23,45,0,177,46,0,46,223
11/05/2019,PVD,RI,ANE,EN,Combined TRACON& Tower with Radar,100,31,27,0,158,0,0,10,0,10,100,31,37,0,168,32,0,32,200
11/06/2019,PVD,RI,ANE,EN,Combined TRACON& Tower with Radar,108,28,22,0,158,0,2,34,0,36,108,30,56,0,194,26,0,26,220
11/07/2019,PVD,RI,ANE,EN,Combined TRACON& Tower with Radar,107,21,18,0,146,0,0,19,0,19,107,21,37,0,165,32,0,32,197
11/08/2019,PVD,RI,ANE,EN,Combined TRACON& Tower with Radar,111,20,20,0,151,0,1,7,0,8,111,21,27,0,159,0,0,0,159
11/09/2019,PVD,RI,ANE,EN,Combined TRACON& Tower with Radar,91,18,10,0,119,0,1,42,0,43,91,19,52,0,162,8,0,8,170
11/10/2019,PVD,RI,ANE,EN,Combined TRACON& Tower with Radar,90,19,16,0,125,0,4,40,0,44,90,23,56,0,169,22,0,22,191
11/11/2019,PVD,RI,ANE,EN,Combined TRACON& Tower with Radar,99,20,16,0,135,0,2,35,0,37,99,22,51,0,172,64,0,64,236
11/12/2019,PVD,RI,ANE,EN,Combined TRACON& Tower with Radar,108,24,18,2,152,0,0,5,0,5,108,24,23,2,157,2,0,2,159
11/13/2019,PVD,RI,ANE,EN,Combined TRACON& Tower with Radar,106,25,14,0,145,0,0,16,0,16,106,25,30,0,161,32,0,32,193
11/14/2019,PVD,RI,ANE,EN,Combined TRACON& Tower with Radar,116,24,12,0,152,0,1,35,0,36,116,25,47,0,188,109,0,109,297
11/15/2019,PVD,RI,ANE,EN,Combined TRACON& Tower with Radar,108,29,23,0,160,0,1,39,0,40,108,30,62,0,200,0,0,0,200
11/16/2019,PVD,RI,ANE,EN,Combined TRACON& Tower with Radar,89,14,9,0,112,0,0,34,0,34,89,14,43,0,146,14,0,14,160
11/17/2019,PVD,RI,ANE,EN,Combined TRACON& Tower with Radar,93,25,20,0,138,0,0,33,0,33,93,25,53,0,171,0,0,0,171
11/18/2019,PVD,RI,ANE,EN,Combined TRACON& Tower with Radar,103,28,15,0,146,0,0,0,0,0,103,28,15,0,146,0,0,0,146
11/19/2019,PVD,RI,ANE,EN,Combined TRACON& Tower with Radar,108,35,20,8,171,0,0,8,0,8,108,35,28,8,179,0,0,0,179
11/20/2019,PVD,RI,ANE,EN,Combined TRACON& Tower with Radar,113,23,19,7,162,0,0,0,0,0,113,23,19,7,162,18,4,22,184
11/21/2019,PVD,RI,ANE,EN,Combined TRACON& Tower with Radar,115,33,25,4,177,0,4,28,3,35,115,37,53,7,212,26,0,26,238
11/22/2019,PVD,RI,ANE,EN,Combined TRACON& Tower with Radar,110,34,15,1,160,0,0,15,0,15,110,34,30,1,175,0,0,0,175
11/23/2019,PVD,RI,ANE,EN,Combined TRACON& Tower with Radar,98,17,11,0,126,0,5,55,0,60,98,22,66,0,186,45,0,45,231
11/24/2019,PVD,RI,ANE,EN,Combined TRACON& Tower with Radar,86,50,18,2,156,0,0,1,0,1,86,50,19,2,157,0,0,0,157
11/25/2019,PVD,RI,ANE,EN,Combined TRACON& Tower with Radar,95,30,15,0,140,0,0,38,0,38,95,30,53,0,178,20,0,20,198
11/26/2019,PVD,RI,ANE,EN,Combined TRACON& Tower with Radar,116,29,18,0,163,0,4,31,0,35,116,33,49,0,198,46,0,46,244
11/27/2019,PVD,RI,ANE,EN,Combined TRACON& Tower with Radar,109,25,4,0,138,0,0,0,0,0,109,25,4,0,138,0,0,0,138
11/28/2019,PVD,RI,ANE,EN,Combined TRACON& Tower with Radar,57,7,6,0,70,0,0,0,0,0,57,7,6,0,70,0,0,0,70
11/29/2019,PVD,RI,ANE,EN,Combined TRACON& Tower with Radar,72,14,6,0,92,0,0,22,0,22,72,14,28,0,114,4,0,4,118
11/30/2019,PVD,RI,ANE,EN,Combined TRACON& Tower with Radar,102,21,24,0,147,0,0,33,0,33,102,21,57,0,180,0,0,0,180
12/01/2019,PVD,RI,ANE,EN,Combined TRACON& Tower with Radar,88,34,21,0,143,0,0,24,0,24,88,34,45,0,167,30,0,30,197
12/02/2019,PVD,RI,ANE,EN,Combined TRACON& Tower with Radar,109,33,19,0,161,0,0,0,0,0,109,33,19,0,161,0,0,0,161
12/03/2019,PVD,RI,ANE,EN,Combined TRACON& Tower with Radar,109,38,28,0,175,0,0,9,1,10,109,38,37,1,185,0,0,0,185
12/04/2019,PVD,RI,ANE,EN,Combined TRACON& Tower with Radar,115,31,20,0,166,0,0,23,2,25,115,31,43,2,191,3,0,3,194
12/05/2019,PVD,RI,ANE,EN,Combined TRACON& Tower with Radar,117,36,23,0,176,0,1,16,2,19,117,37,39,2,195,10,0,10,205
12/06/2019,PVD,RI,ANE,EN,Combined TRACON& Tower with Radar,113,30,26,0,169,0,0,23,0,23,113,30,49,0,192,42,0,42,234
12/07/2019,PVD,RI,ANE,EN,Combined TRACON& Tower with Radar,94,12,18,0,124,0,2,48,0,50,94,14,66,0,174,30,0,30,204
12/08/2019,PVD,RI,ANE,EN,Combined TRACON& Tower with Radar,99,20,22,0,141,0,0,42,0,42,99,20,64,0,183,34,0,34,217
12/09/2019,PVD,RI,ANE,EN,Combined TRACON& Tower with Radar,108,19,9,0,136,0,0,0,0,0,108,19,9,0,136,0,0,0,136
12/10/2019,PVD,RI,ANE,EN,Combined TRACON& Tower with Radar,110,26,35,2,173,0,0,5,0,5,110,26,40,2,178,42,0,42,220
12/11/2019,PVD,RI,ANE,EN,Combined TRACON& Tower with Radar,108,30,8,0,146,0,0,12,1,13,108,30,20,1,159,6,0,6,165
12/12/2019,PVD,RI,ANE,EN,Combined TRACON& Tower with Radar,116,20,16,0,152,0,1,34,0,35,116,21,50,0,187,14,0,14,201
12/13/2019,PVD,RI,ANE,EN,Combined TRACON& Tower with Radar,108,27,16,0,151,0,0,14,0,14,108,27,30,0,165,0,0,0,165
12/14/2019,PVD,RI,ANE,EN,Combined TRACON& Tower with Radar,94,13,7,0,114,0,0,0,0,0,94,13,7,0,114,0,0,0,114
12/15/2019,PVD,RI,ANE,EN,Combined TRACON& Tower with Radar,96,20,8,0,124,0,0,11,0,11,96,20,19,0,135,0,0,0,135
12/16/2019,PVD,RI,ANE,EN,Combined TRACON& Tower with Radar,107,24,14,0,145,0,0,32,0,32,107,24,46,0,177,20,0,20,197
12/17/2019,PVD,RI,ANE,EN,Combined TRACON& Tower with Radar,96,20,7,0,123,0,0,0,0,0,96,20,7,0,123,0,0,0,123
12/18/2019,PVD,RI,ANE,EN,Combined TRACON& Tower with Radar,103,28,13,0,144,0,0,15,0,15,103,28,28,0,159,58,0,58,217
12/19/2019,PVD,RI,ANE,EN,Combined TRACON& Tower with Radar,104,29,7,0,140,0,1,17,0,18,104,30,24,0,158,4,0,4,162
12/20/2019,PVD,RI,ANE,EN,Combined TRACON& Tower with Radar,104,28,1,0,133,0,0,26,0,26,104,28,27,0,159,20,0,20,179
12/21/2019,PVD,RI,ANE,EN,Combined TRACON& Tower with Radar,99,24,16,0,139,0,0,42,0,42,99,24,58,0,181,24,0,24,205
12/22/2019,PVD,RI,ANE,EN,Combined TRACON& Tower with Radar,88,14,10,0,112,0,0,32,0,32,88,14,42,0,144,14,0,14,158
12/23/2019,PVD,RI,ANE,EN,Combined TRACON& Tower with Radar,89,23,11,0,123,0,0,40,0,40,89,23,51,0,163,42,0,42,205
12/24/2019,PVD,RI,ANE,EN,Combined TRACON& Tower with Radar,76,12,2,0,90,0,0,18,0,18,76,12,20,0,108,18,0,18,126
12/25/2019,PVD,RI,ANE,EN,Combined TRACON& Tower with Radar,67,8,1,0,76,0,0,1,0,1,67,8,2,0,77,2,0,2,79
12/26/2019,PVD,RI,ANE,EN,Combined TRACON& Tower with Radar,98,20,6,0,124,0,0,17,0,17,98,20,23,0,141,20,0,20,161
12/27/2019,PVD,RI,ANE,EN,Combined TRACON& Tower with Radar,96,23,8,0,127,0,0,6,0,6,96,23,14,0,133,2,0,2,135
12/28/2019,PVD,RI,ANE,EN,Combined TRACON& Tower with Radar,79,19,3,0,101,0,0,36,0,36,79,19,39,0,137,38,0,38,175
12/29/2019,PVD,RI,ANE,EN,Combined TRACON& Tower with Radar,87,13,7,0,107,0,0,35,0,35,87,13,42,0,142,22,0,22,164
12/30/2019,PVD,RI,ANE,EN,Combined TRACON& Tower with Radar,98,18,6,0,122,0,0,0,0,0,98,18,6,0,122,0,0,0,122
12/31/2019,PVD,RI,ANE,EN,Combined TRACON& Tower with Radar,67,16,5,0,88,0,0,0,0,0,67,16,5,0,88,0,0,0,88
01/01/2020,PVD,RI,ANE,EN,Combined TRACON& Tower with Radar,61,9,4,0,74,0,0,6,0,6,61,9,10,0,80,8,0,8,88
01/02/2020,PVD,RI,ANE,EN,Combined TRACON& Tower with Radar,95,23,12,0,130,0,2,27,0,29,95,25,39,0,159,14,0,14,173
01/03/2020,PVD,RI,ANE,EN,Combined TRACON& Tower with Radar,100,19,12,0,131,0,0,19,0,19,100,19,31,0,150,45,0,45,195
01/04/2020,PVD,RI,ANE,EN,Combined TRACON& Tower with Radar,82,22,19,0,123,0,0,0,0,0,82,22,19,0,123,0,0,0,123
01/05/2020,PVD,RI,ANE,EN,Combined TRACON& Tower with Radar,77,27,22,2,128,0,0,22,0,22,77,27,44,2,150,12,0,12,162
01/06/2020,PVD,RI,ANE,EN,Combined TRACON& Tower with Radar,85,27,13,2,127,0,0,18,0,18,85,27,31,2,145,72,0,72,217
01/07/2020,PVD,RI,ANE,EN,Combined TRACON& Tower with Radar,85,21,18,0,124,0,0,38,0,38,85,21,56,0,162,26,0,26,188
01/08/2020,PVD,RI,ANE,EN,Combined TRACON& Tower with Radar,96,23,9,3,131,0,0,17,3,20,96,23,26,6,151,10,0,10,161
01/09/2020,PVD,RI,ANE,EN,Combined TRACON& Tower with Radar,100,22,23,0,145,0,0,36,0,36,100,22,59,0,181,30,0,30,211
01/10/2020,PVD,RI,ANE,EN,Combined TRACON& Tower with Radar,92,32,4,2,130,0,0,17,0,17,92,32,21,2,147,26,0,26,173
01/11/2020,PVD,RI,ANE,EN,Combined TRACON& Tower with Radar,82,11,10,0,103,0,0,11,0,11,82,11,21,0,114,0,0,0,114
01/12/2020,PVD,RI,ANE,EN,Combined TRACON& Tower with Radar,84,20,9,0,113,0,0,10,0,10,84,20,19,0,123,0,0,0,123
01/13/2020,PVD,RI,ANE,EN,Combined TRACON& Tower with Radar,88,26,9,0,123,0,0,13,0,13,88,26,22,0,136,66,0,66,202
01/14/2020,PVD,RI,ANE,EN,Combined TRACON& Tower with Radar,91,29,24,2,146,0,0,10,0,10,91,29,34,2,156,30,0,30,186
01/15/2020,PVD,RI,ANE,EN,Combined TRACON& Tower with Radar,91,22,13,0,126,0,0,38,0,38,91,22,51,0,164,28,0,28,192
01/16/2020,PVD,RI,ANE,EN,Combined TRACON& Tower with Radar,96,23,10,0,129,0,0,2,0,2,96,23,12,0,131,0,0,0,131
01/17/2020,PVD,RI,ANE,EN,Combined TRACON& Tower with Radar,89,23,8,0,120,0,3,8,0,11,89,26,16,0,131,0,0,0,131
01/18/2020,PVD,RI,ANE,EN,Combined TRACON& Tower with Radar,81,16,3,0,100,0,0,24,0,24,81,16,27,0,124,16,0,16,140
01/19/2020,PVD,RI,ANE,EN,Combined TRACON& Tower with Radar,79,18,7,0,104,0,0,19,0,19,79,18,26,0,123,0,0,0,123
01/20/2020,PVD,RI,ANE,EN,Combined TRACON& Tower with Radar,89,24,18,0,131,0,0,22,0,22,89,24,40,0,153,16,0,16,169
01/21/2020,PVD,RI,ANE,EN,Combined TRACON& Tower with Radar,90,27,21,0,138,0,0,25,0,25,90,27,46,0,163,48,0,48,211
01/22/2020,PVD,RI,ANE,EN,Combined TRACON& Tower with Radar,92,24,8,6,130,0,1,27,0,28,92,25,35,6,158,2,6,8,166
01/23/2020,PVD,RI,ANE,EN,Combined TRACON& Tower with Radar,94,27,13,0,134,0,0,37,0,37,94,27,50,0,171,18,0,18,189
01/24/2020,PVD,RI,ANE,EN,Combined TRACON& Tower with Radar,92,30,7,2,131,0,0,17,0,17,92,30,24,2,148,26,0,26,174
01/25/2020,PVD,RI,ANE,EN,Combined TRACON& Tower with Radar,86,18,12,0,116,0,0,0,0,0,86,18,12,0,116,0,0,0,116
01/26/2020,PVD,RI,ANE,EN,Combined TRACON& Tower with Radar,84,17,17,0,118,0,0,32,0,32,84,17,49,0,150,24,0,24,174
01/27/2020,PVD,RI,ANE,EN,Combined TRACON& Tower with Radar,92,24,11,0,127,0,0,24,0,24,92,24,35,0,151,28,0,28,179
01/28/2020,PVD,RI,ANE,EN,Combined TRACON& Tower with Radar,90,27,13,2,132,0,0,33,4,37,90,27,46,6,169,26,0,26,195
01/29/2020,PVD,RI,ANE,EN,Combined TRACON& Tower with Radar,89,21,13,1,124,0,0,20,1,21,89,21,33,2,145,2,0,2,147
01/30/2020,PVD,RI,ANE,EN,Combined TRACON& Tower with Radar,97,36,13,0,146,0,0,37,0,37,97,36,50,0,183,46,0,46,229
01/31/2020,PVD,RI,ANE,EN,Combined TRACON& Tower with Radar,94,24,11,2,131,0,0,24,0,24,94,24,35,2,155,16,0,16,171
02/01/2020,PVD,RI,ANE,EN,Combined TRACON& Tower with Radar,83,12,2,0,97,0,0,4,0,4,83,12,6,0,101,40,0,40,141
02/02/2020,PVD,RI,ANE,EN,Combined TRACON& Tower with Radar,81,18,14,1,114,0,0,39,0,39,81,18,53,1,153,40,0,40,193
02/03/2020,PVD,RI,ANE,EN,Combined TRACON& Tower with Radar,91,24,20,1,136,0,0,25,0,25,91,24,45,1,161,30,0,30,191
02/04/2020,PVD,RI,ANE,EN,Combined TRACON& Tower with Radar,87,25,13,2,127,0,0,23,0,23,87,25,36,2,150,56,0,56,206
02/05/2020,PVD,RI,ANE,EN,Combined TRACON& Tower with Radar,90,23,30,0,143,0,0,19,0,19,90,23,49,0,162,14,0,14,176
02/06/2020,PVD,RI,ANE,EN,Combined TRACON& Tower with Radar,89,27,16,0,132,0,0,0,0,0,89,27,16,0,132,0,0,0,132
02/07/2020,PVD,RI,ANE,EN,Combined TRACON& Tower with Radar,83,32,15,0,130,0,0,0,0,0,83,32,15,0,130,0,0,0,130
02/08/2020,PVD,RI,ANE,EN,Combined TRACON& Tower with Radar,80,28,8,0,116,0,2,13,0,15,80,30,21,0,131,4,0,4,135
02/09/2020,PVD,RI,ANE,EN,Combined TRACON& Tower with Radar,84,18,12,2,116,0,0,30,0,30,84,18,42,2,146,56,0,56,202
02/10/2020,PVD,RI,ANE,EN,Combined TRACON& Tower with Radar,85,31,26,2,144,0,0,0,0,0,85,31,26,2,144,14,0,14,158
02/11/2020,PVD,RI,ANE,EN,Combined TRACON& Tower with Radar,90,24,7,0,121,0,0,0,0,0,90,24,7,0,121,0,0,0,121
02/12/2020,PVD,RI,ANE,EN,Combined TRACON& Tower with Radar,93,28,18,0,139,0,0,49,0,49,93,28,67,0,188,38,0,38,226
02/13/2020,PVD,RI,ANE,EN,Combined TRACON& Tower with Radar,92,18,19,0,129,0,0,0,0,0,92,18,19,0,129,0,0,0,129
02/14/2020,PVD,RI,ANE,EN,Combined TRACON& Tower with Radar,98,28,9,2,137,0,0,27,0,27,98,28,36,2,164,14,0,14,178
02/15/2020,PVD,RI,ANE,EN,Combined TRACON& Tower with Radar,79,11,14,0,104,0,0,35,0,35,79,11,49,0,139,26,0,26,165
02/16/2020,PVD,RI,ANE,EN,Combined TRACON& Tower with Radar,87,13,9,0,109,0,0,25,0,25,87,13,34,0,134,44,0,44,178
02/17/2020,PVD,RI,ANE,EN,Combined TRACON& Tower with Radar,93,22,13,0,128,0,0,36,0,36,93,22,49,0,164,36,0,36,200
02/18/2020,PVD,RI,ANE,EN,Combined TRACON& Tower with Radar,104,24,12,6,146,0,0,4,0,4,104,24,16,6,150,12,6,18,168
02/19/2020,PVD,RI,ANE,EN,Combined TRACON& Tower with Radar,98,26,6,8,138,0,0,11,0,11,98,26,17,8,149,8,4,12,161
02/20/2020,PVD,RI,ANE,EN,Combined TRACON& Tower with Radar,99,30,18,2,149,0,0,23,0,23,99,30,41,2,172,28,0,28,200
02/21/2020,PVD,RI,ANE,EN,Combined TRACON& Tower with Radar,93,23,15,0,131,0,2,32,2,36,93,25,47,2,167,36,0,36,203
02/22/2020,PVD,RI,ANE,EN,Combined TRACON& Tower with Radar,82,14,5,0,101,0,0,25,0,25,82,14,30,0,126,2,0,2,128
02/23/2020,PVD,RI,ANE,EN,Combined TRACON& Tower with Radar,87,18,13,2,120,0,0,34,0,34,87,18,47,2,154,18,0,18,172
02/24/2020,PVD,RI,ANE,EN,Combined TRACON& Tower with Radar,96,25,17,2,140,0,2,26,0,28,96,27,43,2,168,16,2,18,186
02/25/2020,PVD,RI,ANE,EN,Combined TRACON& Tower with Radar,99,31,24,2,156,0,0,19,0,19,99,31,43,2,175,54,0,54,229
02/26/2020,PVD,RI,ANE,EN,Combined TRACON& Tower with Radar,94,23,25,0,142,0,0,2,0,2,94,23,27,0,144,48,0,48,192
02/27/2020,PVD,RI,ANE,EN,Combined TRACON& Tower with Radar,102,28,13,0,143,0,0,2,2,4,102,28,15,2,147,0,0,0,147
02/28/2020,PVD,RI,ANE,EN,Combined TRACON& Tower with Radar,102,30,13,0,145,0,1,13,0,14,102,31,26,0,159,12,0,12,171
02/29/2020,PVD,RI,ANE,EN,Combined TRACON& Tower with Radar,82,18,5,0,105,0,0,29,0,29,82,18,34,0,134,12,0,12,146
03/01/2020,PVD,RI,ANE,EN,Combined TRACON& Tower with Radar,88,32,14,0,134,0,2,32,0,34,88,34,46,0,168,32,0,32,200
03/02/2020,PVD,RI,ANE,EN,Combined TRACON& Tower with Radar,95,21,16,0,132,0,0,12,0,12,95,21,28,0,144,12,0,12,156
03/03/2020,PVD,RI,ANE,EN,Combined TRACON& Tower with Radar,104,21,18,0,143,0,3,29,0,32,104,24,47,0,175,24,0,24,199
03/04/2020,PVD,RI,ANE,EN,Combined TRACON& Tower with Radar,98,25,12,2,137,0,1,5,0,6,98,26,17,2,143,2,0,2,145
03/05/2020,PVD,RI,ANE,EN,Combined TRACON& Tower with Radar,99,32,22,0,153,0,0,33,0,33,99,32,55,0,186,54,0,54,240
03/06/2020,PVD,RI,ANE,EN,Combined TRACON& Tower with Radar,94,26,9,0,129,0,0,13,0,13,94,26,22,0,142,7,0,7,149
03/07/2020,PVD,RI,ANE,EN,Combined TRACON& Tower with Radar,71,24,2,0,97,0,0,1,0,1,71,24,3,0,98,0,0,0,98
03/08/2020,PVD,RI,ANE,EN,Combined TRACON& Tower with Radar,85,18,8,0,111,0,1,35,0,36,85,19,43,0,147,10,0,10,157
03/09/2020,PVD,RI,ANE,EN,Combined TRACON& Tower with Radar,94,26,22,0,142,0,0,24,0,24,94,26,46,0,166,23,0,23,189
03/10/2020,PVD,RI,ANE,EN,Combined TRACON& Tower with Radar,96,33,16,0,145,0,2,15,0,17,96,35,31,0,162,0,0,0,162
03/11/2020,PVD,RI,ANE,EN,Combined TRACON& Tower with Radar,95,30,10,0,135,0,3,22,0,25,95,33,32,0,160,38,0,38,198
03/12/2020,PVD,RI,ANE,EN,Combined TRACON& Tower with Radar,97,27,18,0,142,0,0,19,1,20,97,27,37,1,162,4,0,4,166
03/13/2020,PVD,RI,ANE,EN,Combined TRACON& Tower with Radar,92,26,18,0,136,0,0,1,0,1,92,26,19,0,137,0,0,0,137
03/14/2020,PVD,RI,ANE,EN,Combined TRACON& Tower with Radar,72,22,8,0,102,0,2,24,0,26,72,24,32,0,128,26,0,26,154
03/15/2020,PVD,RI,ANE,EN,Combined TRACON& Tower with Radar,85,22,11,0,118,0,0,27,0,27,85,22,38,0,145,12,0,12,157
03/16/2020,PVD,RI,ANE,EN,Combined TRACON& Tower with Radar,91,33,9,0,133,0,0,15,0,15,91,33,24,0,148,16,0,16,164
03/17/2020,PVD,RI,ANE,EN,Combined TRACON& Tower with Radar,93,29,13,2,137,0,0,0,0,0,93,29,13,2,137,4,0,4,141
03/18/2020,PVD,RI,ANE,EN,Combined TRACON& Tower with Radar,90,27,6,0,123,0,0,28,0,28,90,27,34,0,151,14,0,14,165
03/19/2020,PVD,RI,ANE,EN,Combined TRACON& Tower with Radar,92,25,7,0,124,0,0,0,0,0,92,25,7,0,124,0,0,0,124
03/20/2020,PVD,RI,ANE,EN,Combined TRACON& Tower with Radar,75,23,10,0,108,0,0,4,0,4,75,23,14,0,112,0,0,0,112
03/21/2020,PVD,RI,ANE,EN,Combined TRACON& Tower with Radar,61,14,5,0,80,0,0,34,0,34,61,14,39,0,114,18,0,18,132
03/22/2020,PVD,RI,ANE,EN,Combined TRACON& Tower with Radar,66,11,11,0,88,0,0,17,1,18,66,11,28,1,106,78,0,78,184
03/23/2020,PVD,RI,ANE,EN,Combined TRACON& Tower with Radar,62,13,6,0,81,0,0,7,0,7,62,13,13,0,88,2,0,2,90
03/24/2020,PVD,RI,ANE,EN,Combined TRACON& Tower with Radar,68,17,8,0,93,0,0,10,0,10,68,17,18,0,103,12,0,12,115
03/25/2020,PVD,RI,ANE,EN,Combined TRACON& Tower with Radar,62,12,8,2,84,0,0,0,0,0,62,12,8,2,84,0,0,0,84
03/26/2020,PVD,RI,ANE,EN,Combined TRACON& Tower with Radar,54,19,7,8,88,0,0,9,2,11,54,19,16,10,99,10,8,18,117
03/27/2020,PVD,RI,ANE,EN,Combined TRACON& Tower with Radar,51,12,2,0,65,0,0,5,0,5,51,12,7,0,70,10,0,10,80
03/28/2020,PVD,RI,ANE,EN,Combined TRACON& Tower with Radar,41,6,4,0,51,0,0,9,0,9,41,6,13,0,60,8,0,8,68
03/29/2020,PVD,RI,ANE,EN,Combined TRACON& Tower with Radar,50,7,2,0,59,0,0,0,0,0,50,7,2,0,59,0,0,0,59
03/30/2020,PVD,RI,ANE,EN,Combined TRACON& Tower with Radar,42,13,8,0,63,0,0,0,0,0,42,13,8,0,63,0,0,0,63
03/31/2020,PVD,RI,ANE,EN,Combined TRACON& Tower with Radar,46,12,6,0,64,0,0,4,0,4,46,12,10,0,68,6,0,6,74
04/01/2020,PVD,RI,ANE,EN,Combined TRACON& Tower with Radar,63,11,6,0,80,0,0,4,0,4,63,11,10,0,84,0,0,0,84
04/02/2020,PVD,RI,ANE,EN,Combined TRACON& Tower with Radar,54,8,4,0,66,0,0,0,0,0,54,8,4,0,66,4,0,4,70
04/03/2020,PVD,RI,ANE,EN,Combined TRACON& Tower with Radar,50,6,1,0,57,0,0,0,0,0,50,6,1,0,57,0,0,0,57
04/04/2020,PVD,RI,ANE,EN,Combined TRACON& Tower with Radar,37,7,4,12,60,0,0,2,0,2,37,7,6,12,62,14,4,18,80
04/05/2020,PVD,RI,ANE,EN,Combined TRACON& Tower with Radar,43,3,5,0,51,0,0,8,0,8,43,3,13,0,59,4,0,4,63
04/06/2020,PVD,RI,ANE,EN,Combined TRACON& Tower with Radar,46,9,0,0,55,0,0,9,0,9,46,9,9,0,64,0,0,0,64
04/07/2020,PVD,RI,ANE,EN,Combined TRACON& Tower with Radar,48,9,8,0,65,0,0,6,0,6,48,9,14,0,71,0,0,0,71
04/08/2020,PVD,RI,ANE,EN,Combined TRACON& Tower with Radar,53,14,11,0,78,0,0,0,0,0,53,14,11,0,78,6,0,6,84
04/09/2020,PVD,RI,ANE,EN,Combined TRACON& Tower with Radar,50,9,0,0,59,0,0,1,0,1,50,9,1,0,60,0,0,0,60
04/10/2020,PVD,RI,ANE,EN,Combined TRACON& Tower with Radar,42,6,3,0,51,0,0,1,0,1,42,6,4,0,52,0,0,0,52
04/11/2020,PVD,RI,ANE,EN,Combined TRACON& Tower with Radar,35,2,2,0,39,0,0,2,0,2,35,2,4,0,41,0,0,0,41
04/12/2020,PVD,RI,ANE,EN,Combined TRACON& Tower with Radar,35,2,2,2,41,0,0,10,0,10,35,2,12,2,51,2,0,2,53
04/13/2020,PVD,RI,ANE,EN,Combined TRACON& Tower with Radar,41,10,3,0,54,0,0,0,0,0,41,10,3,0,54,2,0,2,56
04/14/2020,PVD,RI,ANE,EN,Combined TRACON& Tower with Radar,43,6,9,2,60,0,0,10,0,10,43,6,19,2,70,14,2,16,86
04/15/2020,PVD,RI,ANE,EN,Combined TRACON& Tower with Radar,38,9,2,2,51,0,0,0,0,0,38,9,2,2,51,4,2,6,57
04/16/2020,PVD,RI,ANE,EN,Combined TRACON& Tower with Radar,34,7,3,0,44,0,0,6,1,7,34,7,9,1,51,6,0,6,57
04/17/2020,PVD,RI,ANE,EN,Combined TRACON& Tower with Radar,35,6,11,0,52,0,0,5,0,5,35,6,16,0,57,8,0,8,65
04/18/2020,PVD,RI,ANE,EN,Combined TRACON& Tower with Radar,33,2,0,0,35,0,0,0,0,0,33,2,0,0,35,0,0,0,35
04/19/2020,PVD,RI,ANE,EN,Combined TRACON& Tower with Radar,23,3,4,0,30,0,0,8,0,8,23,3,12,0,38,20,0,20,58
04/20/2020,PVD,RI,ANE,EN,Combined TRACON& Tower with Radar,29,6,2,2,39,0,0,7,0,7,29,6,9,2,46,0,0,0,46
04/21/2020,PVD,RI,ANE,EN,Combined TRACON& Tower with Radar,36,5,6,0,47,0,0,0,0,0,36,5,6,0,47,0,0,0,47
04/22/2020,PVD,RI,ANE,EN,Combined TRACON& Tower with Radar,28,8,6,0,42,0,0,5,0,5,28,8,11,0,47,2,0,2,49
04/23/2020,PVD,RI,ANE,EN,Combined TRACON& Tower with Radar,34,9,4,1,48,0,3,21,1,25,34,12,25,2,73,0,0,0,73
04/24/2020,PVD,RI,ANE,EN,Combined TRACON& Tower with Radar,28,6,9,0,43,0,0,0,0,0,28,6,9,0,43,0,0,0,43
04/25/2020,PVD,RI,ANE,EN,Combined TRACON& Tower with Radar,35,4,6,0,45,0,0,16,0,16,35,4,22,0,61,12,0,12,73
04/26/2020,PVD,RI,ANE,EN,Combined TRACON& Tower with Radar,26,2,2,0,30,0,0,3,0,3,26,2,5,0,33,10,0,10,43
04/27/2020,PVD,RI,ANE,EN,Combined TRACON& Tower with Radar,32,6,2,0,40,0,0,0,0,0,32,6,2,0,40,0,0,0,40
04/28/2020,PVD,RI,ANE,EN,Combined TRACON& Tower with Radar,39,6,3,3,51,0,0,1,0,1,39,6,4,3,52,0,0,0,52
04/29/2020,PVD,RI,ANE,EN,Combined TRACON& Tower with Radar,30,11,4,3,48,0,2,8,0,10,30,13,12,3,58,36,0,36,94
04/30/2020,PVD,RI,ANE,EN,Combined TRACON& Tower with Radar,40,7,9,0,56,0,0,0,0,0,40,7,9,0,56,0,0,0,56
05/01/2020,PVD,RI,ANE,EN,Combined TRACON& Tower with Radar,34,11,8,0,53,0,0,0,0,0,34,11,8,0,53,0,0,0,53
05/02/2020,PVD,RI,ANE,EN,Combined TRACON& Tower with Radar,30,3,4,0,37,0,0,5,0,5,30,3,9,0,42,12,0,12,54
05/03/2020,PVD,RI,ANE,EN,Combined TRACON& Tower with Radar,25,7,6,0,38,0,0,10,0,10,25,7,16,0,48,0,0,0,48
05/04/2020,PVD,RI,ANE,EN,Combined TRACON& Tower with Radar,22,6,4,11,43,0,0,10,1,11,22,6,14,12,54,0,0,0,54
05/05/2020,PVD,RI,ANE,EN,Combined TRACON& Tower with Radar,26,7,22,2,57,0,0,19,1,20,26,7,41,3,77,21,4,25,102
05/06/2020,PVD,RI,ANE,EN,Combined TRACON& Tower with Radar,23,12,12,2,49,0,0,12,0,12,23,12,24,2,61,0,0,0,61
05/07/2020,PVD,RI,ANE,EN,Combined TRACON& Tower with Radar,30,14,9,1,54,0,0,7,3,10,30,14,16,4,64,4,0,4,68
05/08/2020,PVD,RI,ANE,EN,Combined TRACON& Tower with Radar,26,9,2,0,37,0,0,5,0,5,26,9,7,0,42,8,0,8,50
05/09/2020,PVD,RI,ANE,EN,Combined TRACON& Tower with Radar,18,2,0,0,20,0,0,0,0,0,18,2,0,0,20,8,0,8,28
05/10/2020,PVD,RI,ANE,EN,Combined TRACON& Tower with Radar,22,3,2,0,27,0,0,10,0,10,22,3,12,0,37,14,0,14,51
05/11/2020,PVD,RI,ANE,EN,Combined TRACON& Tower with Radar,27,7,10,2,46,0,0,28,0,28,27,7,38,2,74,68,0,68,142
05/12/2020,PVD,RI,ANE,EN,Combined TRACON& Tower with Radar,25,5,8,5,43,0,0,28,6,34,25,5,36,11,77,40,14,54,131
05/13/2020,PVD,RI,ANE,EN,Combined TRACON& Tower with Radar,27,11,6,14,58,0,0,45,0,45,27,11,51,14,103,80,14,94,197
05/14/2020,PVD,RI,ANE,EN,Combined TRACON& Tower with Radar,28,9,5,0,42,0,0,43,0,43,28,9,48,0,85,26,8,34,119
05/15/2020,PVD,RI,ANE,EN,Combined TRACON& Tower with Radar,27,14,12,0,53,0,2,13,0,15,27,16,25,0,68,38,0,38,106
05/16/2020,PVD,RI,ANE,EN,Combined TRACON& Tower with Radar,17,1,6,0,24,0,0,39,0,39,17,1,45,0,63,78,0,78,141
05/17/2020,PVD,RI,ANE,EN,Combined TRACON& Tower with Radar,21,3,7,0,31,0,0,28,0,28,21,3,35,0,59,116,0,116,175
05/18/2020,PVD,RI,ANE,EN,Combined TRACON& Tower with Radar,23,12,2,0,37,0,0,106,0,106,23,12,108,0,143,0,0,0,143
05/19/2020,PVD,RI,ANE,EN,Combined TRACON& Tower with Radar,26,6,7,8,47,0,0,22,10,32,26,6,29,18,79,10,8,18,97
05/20/2020,PVD,RI,ANE,EN,Combined TRACON& Tower with Radar,29,12,4,0,45,0,0,48,0,48,29,12,52,0,93,40,0,40,133
05/21/2020,PVD,RI,ANE,EN,Combined TRACON& Tower with Radar,30,14,9,1,54,0,2,52,4,58,30,16,61,5,112,34,0,34,146
05/22/2020,PVD,RI,ANE,EN,Combined TRACON& Tower with Radar,26,15,10,0,51,0,0,27,0,27,26,15,37,0,78,20,0,20,98
05/23/2020,PVD,RI,ANE,EN,Combined TRACON& Tower with Radar,17,3,7,0,27,0,0,0,0,0,17,3,7,0,27,0,0,0,27
05/24/2020,PVD,RI,ANE,EN,Combined TRACON& Tower with Radar,22,4,6,0,32,0,0,43,0,43,22,4,49,0,75,24,0,24,99
05/25/2020,PVD,RI,ANE,EN,Combined TRACON& Tower with Radar,20,7,17,0,44,0,1,0,0,1,20,8,17,0,45,0,0,0,45
05/26/2020,PVD,RI,ANE,EN,Combined TRACON& Tower with Radar,24,9,11,4,48,0,0,30,4,34,24,9,41,8,82,44,0,44,126
05/27/2020,PVD,RI,ANE,EN,Combined TRACON& Tower with Radar,31,13,11,4,59,0,1,61,0,62,31,14,72,4,121,81,0,81,202
05/28/2020,PVD,RI,ANE,EN,Combined TRACON& Tower with Radar,29,18,20,0,67,0,0,8,0,8,29,18,28,0,75,78,0,78,153
05/29/2020,PVD,RI,ANE,EN,Combined TRACON& Tower with Radar,24,21,16,0,61,0,0,0,0,0,24,21,16,0,61,0,0,0,61
05/30/2020,PVD,RI,ANE,EN,Combined TRACON& Tower with Radar,18,6,8,0,32,0,0,35,0,35,18,6,43,0,67,42,0,42,109
05/31/2020,PVD,RI,ANE,EN,Combined TRACON& Tower with Radar,21,10,9,0,40,0,1,50,1,52,21,11,59,1,92,36,0,36,128
06/01/2020,PVD,RI,ANE,EN,Combined TRACON& Tower with Radar,27,12,14,0,53,0,1,34,0,35,27,13,48,0,88,52,0,52,140
06/02/2020,PVD,RI,ANE,EN,Combined TRACON& Tower with Radar,23,13,8,3,47,0,0,43,0,43,23,13,51,3,90,8,0,8,98
06/03/2020,PVD,RI,ANE,EN,Combined TRACON& Tower with Radar,28,10,14,3,55,0,0,156,3,159,28,10,170,6,214,0,0,0,214
06/04/2020,PVD,RI,ANE,EN,Combined TRACON& Tower with Radar,34,14,11,2,61,0,0,54,1,55,34,14,65,3,116,4,0,4,120
06/05/2020,PVD,RI,ANE,EN,Combined TRACON& Tower with Radar,32,13,10,5,60,0,0,4,1,5,32,13,14,6,65,60,0,60,125
06/06/2020,PVD,RI,ANE,EN,Combined TRACON& Tower with Radar,21,4,6,0,31,0,0,8,0,8,21,4,14,0,39,48,0,48,87
06/07/2020,PVD,RI,ANE,EN,Combined TRACON& Tower with Radar,36,4,6,0,46,0,0,41,1,42,36,4,47,1,88,22,0,22,110
06/08/2020,PVD,RI,ANE,EN,Combined TRACON& Tower with Radar,39,8,14,4,65,0,1,36,0,37,39,9,50,4,102,16,0,16,118
06/09/2020,PVD,RI,ANE,EN,Combined TRACON& Tower with Radar,36,11,16,2,65,0,1,36,0,37,36,12,52,2,102,23,2,25,127
06/10/2020,PVD,RI,ANE,EN,Combined TRACON& Tower with Radar,39,17,17,0,73,0,0,26,1,27,39,17,43,1,100,8,0,8,108
06/11/2020,PVD,RI,ANE,EN,Combined TRACON& Tower with Radar,44,25,10,0,79,0,1,1,0,2,44,26,11,0,81,0,0,0,81
06/12/2020,PVD,RI,ANE,EN,Combined TRACON& Tower with Radar,40,17,16,0,73,0,0,32,0,32,40,17,48,0,105,82,0,82,187
06/13/2020,PVD,RI,ANE,EN,Combined TRACON& Tower with Radar,27,2,0,0,29,0,0,51,0,51,27,2,51,0,80,34,0,34,114
06/14/2020,PVD,RI,ANE,EN,Combined TRACON& Tower with Radar,39,4,8,0,51,0,2,29,0,31,39,6,37,0,82,54,0,54,136
06/15/2020,PVD,RI,ANE,EN,Combined TRACON& Tower with Radar,41,10,12,0,63,0,2,20,1,23,41,12,32,1,86,34,0,34,120
06/16/2020,PVD,RI,ANE,EN,Combined TRACON& Tower with Radar,36,17,23,2,78,0,0,26,0,26,36,17,49,2,104,25,0,25,129
06/17/2020,PVD,RI,ANE,EN,Combined TRACON& Tower with Radar,40,16,12,0,68,0,1,69,0,70,40,17,81,0,138,0,0,0,138
06/18/2020,PVD,RI,ANE,EN,Combined TRACON& Tower with Radar,42,21,22,0,85,0,0,31,0,31,42,21,53,0,116,46,0,46,162
06/19/2020,PVD,RI,ANE,EN,Combined TRACON& Tower with Radar,40,20,17,1,78,0,0,28,1,29,40,20,45,2,107,30,0,30,137
06/20/2020,PVD,RI,ANE,EN,Combined TRACON& Tower with Radar,30,9,12,0,51,0,20,77,0,97,30,29,89,0,148,0,0,0,148
06/21/2020,PVD,RI,ANE,EN,Combined TRACON& Tower with Radar,37,8,11,0,56,0,0,35,0,35,37,8,46,0,91,14,0,14,105
06/22/2020,PVD,RI,ANE,EN,Combined TRACON& Tower with Radar,43,16,30,0,89,0,0,6,0,6,43,16,36,0,95,0,0,0,95
06/23/2020,PVD,RI,ANE,EN,Combined TRACON& Tower with Radar,37,16,22,2,77,0,0,12,0,12,37,16,34,2,89,4,0,4,93
06/24/2020,PVD,RI,ANE,EN,Combined TRACON& Tower with Radar,38,17,16,2,73,0,0,16,0,16,38,17,32,2,89,18,0,18,107
06/25/2020,PVD,RI,ANE,EN,Combined TRACON& Tower with Radar,44,17,17,2,80,0,3,36,0,39,44,20,53,2,119,48,0,48,167
06/26/2020,PVD,RI,ANE,EN,Combined TRACON& Tower with Radar,42,21,22,0,85,0,0,21,2,23,42,21,43,2,108,32,2,34,142
06/27/2020,PVD,RI,ANE,EN,Combined TRACON& Tower with Radar,29,10,9,0,48,0,2,28,1,31,29,12,37,1,79,48,0,48,127
06/28/2020,PVD,RI,ANE,EN,Combined TRACON& Tower with Radar,41,8,7,0,56,0,0,27,0,27,41,8,34,0,83,34,0,34,117
06/29/2020,PVD,RI,ANE,EN,Combined TRACON& Tower with Radar,42,12,17,0,71,0,0,3,0,3,42,12,20,0,74,0,0,0,74
06/30/2020,PVD,RI,ANE,EN,Combined TRACON& Tower with Radar,37,23,9,2,71,0,0,2,0,2,37,23,11,2,73,23,0,23,96
07/01/2020,PVD,RI,ANE,EN,Combined TRACON& Tower with Radar,39,31,8,2,80,0,2,3,0,5,39,33,11,2,85,28,0,28,113
07/02/2020,PVD,RI,ANE,EN,Combined TRACON& Tower with Radar,50,22,17,0,89,0,3,41,0,44,50,25,58,0,133,16,0,16,149
07/03/2020,PVD,RI,ANE,EN,Combined TRACON& Tower with Radar,45,20,12,0,77,0,0,7,0,7,45,20,19,0,84,58,0,58,142
07/04/2020,PVD,RI,ANE,EN,Combined TRACON& Tower with Radar,23,0,15,0,38,0,0,9,1,10,23,0,24,1,48,18,0,18,66
07/05/2020,PVD,RI,ANE,EN,Combined TRACON& Tower with Radar,40,11,9,0,60,0,0,20,0,20,40,11,29,0,80,26,0,26,106
07/06/2020,PVD,RI,ANE,EN,Combined TRACON& Tower with Radar,49,21,20,0,90,0,1,20,0,21,49,22,40,0,111,42,0,42,153
07/07/2020,PVD,RI,ANE,EN,Combined TRACON& Tower with Radar,49,18,18,3,88,0,3,18,1,22,49,21,36,4,110,78,0,78,188
07/08/2020,PVD,RI,ANE,EN,Combined TRACON& Tower with Radar,48,21,19,0,88,0,0,8,0,8,48,21,27,0,96,60,0,60,156
07/09/2020,PVD,RI,ANE,EN,Combined TRACON& Tower with Radar,56,19,20,2,97,0,1,17,0,18,56,20,37,2,115,2,0,2,117
07/10/2020,PVD,RI,ANE,EN,Combined TRACON& Tower with Radar,51,26,19,2,98,0,0,0,0,0,51,26,19,2,98,22,0,22,120
07/11/2020,PVD,RI,ANE,EN,Combined TRACON& Tower with Radar,39,13,11,0,63,0,0,17,0,17,39,13,28,0,80,28,0,28,108
07/12/2020,PVD,RI,ANE,EN,Combined TRACON& Tower with Radar,45,20,8,1,74,0,0,22,1,23,45,20,30,2,97,8,0,8,105
07/13/2020,PVD,RI,ANE,EN,Combined TRACON& Tower with Radar,50,14,16,0,80,0,1,24,0,25,50,15,40,0,105,33,0,33,138
07/14/2020,PVD,RI,ANE,EN,Combined TRACON& Tower with Radar,44,21,19,0,84,0,0,15,0,15,44,21,34,0,99,40,0,40,139
07/15/2020,PVD,RI,ANE,EN,Combined TRACON& Tower with Radar,41,22,30,3,96,0,0,18,0,18,41,22,48,3,114,64,0,64,178
07/16/2020,PVD,RI,ANE,EN,Combined TRACON& Tower with Radar,57,27,16,8,108,0,1,50,0,51,57,28,66,8,159,48,0,48,207
07/17/2020,PVD,RI,ANE,EN,Combined TRACON& Tower with Radar,53,24,15,0,92,0,0,0,0,0,53,24,15,0,92,0,0,0,92
07/18/2020,PVD,RI,ANE,EN,Combined TRACON& Tower with Radar,37,14,11,0,62,0,0,42,0,42,37,14,53,0,104,42,0,42,146
07/19/2020,PVD,RI,ANE,EN,Combined TRACON& Tower with Radar,46,14,9,2,71,0,3,31,0,34,46,17,40,2,105,54,0,54,159
07/20/2020,PVD,RI,ANE,EN,Combined TRACON& Tower with Radar,49,21,21,0,91,0,1,31,0,32,49,22,52,0,123,28,0,28,151
07/21/2020,PVD,RI,ANE,EN,Combined TRACON& Tower with Radar,47,22,11,0,80,0,2,38,0,40,47,24,49,0,120,32,0,32,152
07/22/2020,PVD,RI,ANE,EN,Combined TRACON& Tower with Radar,45,22,20,0,87,0,0,25,1,26,45,22,45,1,113,8,0,8,121
07/23/2020,PVD,RI,ANE,EN,Combined TRACON& Tower with Radar,61,19,24,0,104,0,3,30,0,33,61,22,54,0,137,22,0,22,159
07/24/2020,PVD,RI,ANE,EN,Combined TRACON& Tower with Radar,53,22,11,4,90,0,0,30,6,36,53,22,41,10,126,34,12,46,172
07/25/2020,PVD,RI,ANE,EN,Combined TRACON& Tower with Radar,37,16,13,0,66,0,0,26,0,26,37,16,39,0,92,69,0,69,161
07/26/2020,PVD,RI,ANE,EN,Combined TRACON& Tower with Radar,50,16,17,0,83,0,0,31,0,31,50,16,48,0,114,16,0,16,130
07/27/2020,PVD,RI,ANE,EN,Combined TRACON& Tower with Radar,54,22,8,2,86,0,2,31,2,35,54,24,39,4,121,38,0,38,159
07/28/2020,PVD,RI,ANE,EN,Combined TRACON& Tower with Radar,48,21,15,0,84,0,1,22,0,23,48,22,37,0,107,24,0,24,131
07/29/2020,PVD,RI,ANE,EN,Combined TRACON& Tower with Radar,44,25,12,0,81,0,0,33,0,33,44,25,45,0,114,36,0,36,150
07/30/2020,PVD,RI,ANE,EN,Combined TRACON& Tower with Radar,55,28,17,0,100,0,4,33,0,37,55,32,50,0,137,40,0,40,177
07/31/2020,PVD,RI,ANE,EN,Combined TRACON& Tower with Radar,53,24,26,0,103,0,1,39,0,40,53,25,65,0,143,58,0,58,201
08/01/2020,PVD,RI,ANE,EN,Combined TRACON& Tower with Radar,37,13,12,0,62,0,0,34,0,34,37,13,46,0,96,36,0,36,132
08/02/2020,PVD,RI,ANE,EN,Combined TRACON& Tower with Radar,44,14,13,0,71,0,0,22,1,23,44,14,35,1,94,43,0,43,137
08/03/2020,PVD,RI,ANE,EN,Combined TRACON& Tower with Radar,46,25,6,4,81,0,0,39,0,39,46,25,45,4,120,14,12,26,146
08/04/2020,PVD,RI,ANE,EN,Combined TRACON& Tower with Radar,29,20,6,0,55,0,0,1,0,1,29,20,7,0,56,0,0,0,56
08/05/2020,PVD,RI,ANE,EN,Combined TRACON& Tower with Radar,43,18,13,2,76,0,0,30,0,30,43,18,43,2,106,38,0,38,144
08/06/2020,PVD,RI,ANE,EN,Combined TRACON& Tower with Radar,50,21,16,0,87,0,0,31,0,31,50,21,47,0,118,34,0,34,152
08/07/2020,PVD,RI,ANE,EN,Combined TRACON& Tower with Radar,51,23,15,0,89,0,5,31,1,37,51,28,46,1,126,60,0,60,186
08/08/2020,PVD,RI,ANE,EN,Combined TRACON& Tower with Radar,39,16,17,0,72,0,0,35,0,35,39,16,52,0,107,25,0,25,132
08/09/2020,PVD,RI,ANE,EN,Combined TRACON& Tower with Radar,46,17,10,0,73,0,2,35,2,39,46,19,45,2,112,20,0,20,132
08/10/2020,PVD,RI,ANE,EN,Combined TRACON& Tower with Radar,49,22,15,0,86,0,2,44,0,46,49,24,59,0,132,38,0,38,170
08/11/2020,PVD,RI,ANE,EN,Combined TRACON& Tower with Radar,47,21,5,0,73,0,0,37,0,37,47,21,42,0,110,46,0,46,156
08/12/2020,PVD,RI,ANE,EN,Combined TRACON& Tower with Radar,44,28,12,0,84,0,2,16,0,18,44,30,28,0,102,34,0,34,136
08/13/2020,PVD,RI,ANE,EN,Combined TRACON& Tower with Radar,50,24,13,0,87,0,0,33,2,35,50,24,46,2,122,50,0,50,172
08/14/2020,PVD,RI,ANE,EN,Combined TRACON& Tower with Radar,49,24,12,0,85,0,0,32,0,32,49,24,44,0,117,2,0,2,119
08/15/2020,PVD,RI,ANE,EN,Combined TRACON& Tower with Radar,41,14,13,2,70,0,0,3,2,5,41,14,16,4,75,60,0,60,135
08/16/2020,PVD,RI,ANE,EN,Combined TRACON& Tower with Radar,45,18,22,0,85,0,0,0,0,0,45,18,22,0,85,0,0,0,85
08/17/2020,PVD,RI,ANE,EN,Combined TRACON& Tower with Radar,51,43,20,0,114,0,0,23,0,23,51,43,43,0,137,0,0,0,137
08/18/2020,PVD,RI,ANE,EN,Combined TRACON& Tower with Radar,47,30,13,0,90,0,1,27,0,28,47,31,40,0,118,36,0,36,154
08/19/2020,PVD,RI,ANE,EN,Combined TRACON& Tower with Radar,46,22,10,0,78,0,0,29,3,32,46,22,39,3,110,50,0,50,160
08/20/2020,PVD,RI,ANE,EN,Combined TRACON& Tower with Radar,56,22,10,0,88,0,0,28,0,28,56,22,38,0,116,16,0,16,132
08/21/2020,PVD,RI,ANE,EN,Combined TRACON& Tower with Radar,53,25,13,0,91,0,3,40,0,43,53,28,53,0,134,42,0,42,176
08/22/2020,PVD,RI,ANE,EN,Combined TRACON& Tower with Radar,41,21,11,0,73,0,0,32,0,32,41,21,43,0,105,34,0,34,139
08/23/2020,PVD,RI,ANE,EN,Combined TRACON& Tower with Radar,54,23,15,0,92,0,2,37,0,39,54,25,52,0,131,4,0,4,135
08/24/2020,PVD,RI,ANE,EN,Combined TRACON& Tower with Radar,50,29,15,0,94,0,0,24,0,24,50,29,39,0,118,32,0,32,150
08/25/2020,PVD,RI,ANE,EN,Combined TRACON& Tower with Radar,48,21,7,0,76,0,3,27,0,30,48,24,34,0,106,42,0,42,148
08/26/2020,PVD,RI,ANE,EN,Combined TRACON& Tower with Radar,48,24,28,2,102,0,0,50,0,50,48,24,78,2,152,12,0,12,164
08/27/2020,PVD,RI,ANE,EN,Combined TRACON& Tower with Radar,54,22,4,9,89,0,0,20,1,21,54,22,24,10,110,134,0,134,244
08/28/2020,PVD,RI,ANE,EN,Combined TRACON& Tower with Radar,46,25,17,0,88,0,1,27,0,28,46,26,44,0,116,52,0,52,168
08/29/2020,PVD,RI,ANE,EN,Combined TRACON& Tower with Radar,44,15,13,0,72,0,0,0,0,0,44,15,13,0,72,0,0,0,72
08/30/2020,PVD,RI,ANE,EN,Combined TRACON& Tower with Radar,48,12,6,0,66,0,1,33,0,34,48,13,39,0,100,25,0,25,125
08/31/2020,PVD,RI,ANE,EN,Combined TRACON& Tower with Radar,52,26,21,0,99,0,0,42,0,42,52,26,63,0,141,28,0,28,169
09/01/2020,PVD,RI,ANE,EN,Combined TRACON& Tower with Radar,46,22,22,0,90,0,2,30,0,32,46,24,52,0,122,18,0,18,140
09/02/2020,PVD,RI,ANE,EN,Combined TRACON& Tower with Radar,45,24,30,0,99,0,0,0,0,0,45,24,30,0,99,0,0,0,99
09/03/2020,PVD,RI,ANE,EN,Combined TRACON& Tower with Radar,53,21,24,4,102,0,0,6,0,6,53,21,30,4,108,0,0,0,108
09/04/2020,PVD,RI,ANE,EN,Combined TRACON& Tower with Radar,51,26,23,0,100,0,7,44,0,51,51,33,67,0,151,12,0,12,163
09/05/2020,PVD,RI,ANE,EN,Combined TRACON& Tower with Radar,36,12,1,0,49,0,0,45,1,46,36,12,46,1,95,15,0,15,110
09/06/2020,PVD,RI,ANE,EN,Combined TRACON& Tower with Radar,32,8,7,0,47,0,0,38,0,38,32,8,45,0,85,8,0,8,93
09/07/2020,PVD,RI,ANE,EN,Combined TRACON& Tower with Radar,40,12,13,0,65,0,0,7,0,7,40,12,20,0,72,2,0,2,74
09/08/2020,PVD,RI,ANE,EN,Combined TRACON& Tower with Radar,38,20,27,0,85,0,3,36,0,39,38,23,63,0,124,26,0,26,150
09/09/2020,PVD,RI,ANE,EN,Combined TRACON& Tower with Radar,39,14,52,7,112,0,0,33,0,33,39,14,85,7,145,20,0,20,165
09/10/2020,PVD,RI,ANE,EN,Combined TRACON& Tower with Radar,44,28,10,0,82,0,0,0,1,1,44,28,10,1,83,2,0,2,85
09/11/2020,PVD,RI,ANE,EN,Combined TRACON& Tower with Radar,51,22,23,2,98,0,5,12,1,18,51,27,35,3,116,110,0,110,226
09/12/2020,PVD,RI,ANE,EN,Combined TRACON& Tower with Radar,33,7,6,0,46,0,1,33,0,34,33,8,39,0,80,28,0,28,108
09/13/2020,PVD,RI,ANE,EN,Combined TRACON& Tower with Radar,40,12,14,0,66,0,2,31,1,34,40,14,45,1,100,40,0,40,140
09/14/2020,PVD,RI,ANE,EN,Combined TRACON& Tower with Radar,42,19,18,2,81,0,1,20,2,23,42,20,38,4,104,12,0,12,116
09/15/2020,PVD,RI,ANE,EN,Combined TRACON& Tower with Radar,38,21,7,2,68,0,2,20,5,27,38,23,27,7,95,41,0,41,136
09/16/2020,PVD,RI,ANE,EN,Combined TRACON& Tower with Radar,41,21,20,0,82,0,2,27,0,29,41,23,47,0,111,57,0,57,168
09/17/2020,PVD,RI,ANE,EN,Combined TRACON& Tower with Radar,43,25,20,1,89,0,0,21,2,23,43,25,41,3,112,10,0,10,122
09/18/2020,PVD,RI,ANE,EN,Combined TRACON& Tower with Radar,46,17,16,0,79,0,0,25,0,25,46,17,41,0,104,64,0,64,168
09/19/2020,PVD,RI,ANE,EN,Combined TRACON& Tower with Radar,34,11,8,0,53,0,0,35,3,38,34,11,43,3,91,22,0,22,113
09/20/2020,PVD,RI,ANE,EN,Combined TRACON& Tower with Radar,40,17,11,0,68,0,2,22,0,24,40,19,33,0,92,34,0,34,126
09/21/2020,PVD,RI,ANE,EN,Combined TRACON& Tower with Radar,41,20,19,0,80,0,1,31,0,32,41,21,50,0,112,8,0,8,120
09/22/2020,PVD,RI,ANE,EN,Combined TRACON& Tower with Radar,39,22,14,0,75,0,1,4,0,5,39,23,18,0,80,40,0,40,120
09/23/2020,PVD,RI,ANE,EN,Combined TRACON& Tower with Radar,40,36,19,0,95,0,2,29,0,31,40,38,48,0,126,38,0,38,164
09/24/2020,PVD,RI,ANE,EN,Combined TRACON& Tower with Radar,42,17,19,2,80,0,2,37,1,40,42,19,56,3,120,20,0,20,140
09/25/2020,PVD,RI,ANE,EN,Combined TRACON& Tower with Radar,45,21,13,8,87,0,2,42,8,52,45,23,55,16,139,88,0,88,227
09/26/2020,PVD,RI,ANE,EN,Combined TRACON& Tower with Radar,33,16,9,0,58,0,0,26,3,29,33,16,35,3,87,72,0,72,159
09/27/2020,PVD,RI,ANE,EN,Combined TRACON& Tower with Radar,40,11,12,0,63,0,0,3,0,3,40,11,15,0,66,22,0,22,88
09/28/2020,PVD,RI,ANE,EN,Combined TRACON& Tower with Radar,40,14,22,0,76,0,0,4,0,4,40,14,26,0,80,2,0,2,82
09/29/2020,PVD,RI,ANE,EN,Combined TRACON& Tower with Radar,37,15,24,0,76,0,0,6,0,6,37,15,30,0,82,72,0,72,154
09/30/2020,PVD,RI,ANE,EN,Combined TRACON& Tower with Radar,41,15,5,4,65,0,0,2,0,2,41,15,7,4,67,2,0,2,69
10/01/2020,PVD,RI,ANE,EN,Combined TRACON& Tower with Radar,48,25,24,0,97,0,3,34,2,39,48,28,58,2,136,24,0,24,160
10/02/2020,PVD,RI,ANE,EN,Combined TRACON& Tower with Radar,52,15,19,0,86,0,0,31,0,31,52,15,50,0,117,10,0,10,127
10/03/2020,PVD,RI,ANE,EN,Combined TRACON& Tower with Radar,32,8,6,0,46,0,0,32,3,35,32,8,38,3,81,32,0,32,113
10/04/2020,PVD,RI,ANE,EN,Combined TRACON& Tower with Radar,49,8,11,0,68,0,1,20,2,23,49,9,31,2,91,24,0,24,115
10/05/2020,PVD,RI,ANE,EN,Combined TRACON& Tower with Radar,46,15,32,0,93,0,0,4,0,4,46,15,36,0,97,54,0,54,151
10/06/2020,PVD,RI,ANE,EN,Combined TRACON& Tower with Radar,40,13,15,0,68,0,0,31,1,32,40,13,46,1,100,40,0,40,140
10/07/2020,PVD,RI,ANE,EN,Combined TRACON& Tower with Radar,37,18,12,0,67,0,0,13,3,16,37,18,25,3,83,2,0,2,85
10/08/2020,PVD,RI,ANE,EN,Combined TRACON& Tower with Radar,61,12,17,4,94,0,0,10,2,12,61,12,27,6,106,2,0,2,108
10/09/2020,PVD,RI,ANE,EN,Combined TRACON& Tower with Radar,57,12,18,0,87,0,0,39,0,39,57,12,57,0,126,40,0,40,166
10/10/2020,PVD,RI,ANE,EN,Combined TRACON& Tower with Radar,37,8,3,0,48,0,0,5,0,5,37,8,8,0,53,6,0,6,59
10/11/2020,PVD,RI,ANE,EN,Combined TRACON& Tower with Radar,51,9,10,0,70,0,0,24,0,24,51,9,34,0,94,26,0,26,120
10/12/2020,PVD,RI,ANE,EN,Combined TRACON& Tower with Radar,51,18,12,0,81,0,0,7,0,7,51,18,19,0,88,48,0,48,136
10/13/2020,PVD,RI,ANE,EN,Combined TRACON& Tower with Radar,46,12,13,0,71,0,0,0,0,0,46,12,13,0,71,2,0,2,73
10/14/2020,PVD,RI,ANE,EN,Combined TRACON& Tower with Radar,40,14,11,1,66,0,0,35,1,36,40,14,46,2,102,0,0,0,102
10/15/2020,PVD,RI,ANE,EN,Combined TRACON& Tower with Radar,57,14,21,0,92,0,2,16,0,18,57,16,37,0,110,9,0,9,119
10/16/2020,PVD,RI,ANE,EN,Combined TRACON& Tower with Radar,53,22,31,0,106,0,0,1,0,1,53,22,32,0,107,8,0,8,115
10/17/2020,PVD,RI,ANE,EN,Combined TRACON& Tower with Radar,38,7,13,0,58,0,0,8,0,8,38,7,21,0,66,0,0,0,66
10/18/2020,PVD,RI,ANE,EN,Combined TRACON& Tower with Radar,56,20,30,0,106,0,0,34,0,34,56,20,64,0,140,21,0,21,161
10/19/2020,PVD,RI,ANE,EN,Combined TRACON& Tower with Radar,49,10,15,0,74,0,0,30,0,30,49,10,45,0,104,60,0,60,164
10/20/2020,PVD,RI,ANE,EN,Combined TRACON& Tower with Radar,42,13,21,0,76,0,1,0,0,1,42,14,21,0,77,2,0,2,79
10/21/2020,PVD,RI,ANE,EN,Combined TRACON& Tower with Radar,40,25,21,6,92,0,0,5,0,5,40,25,26,6,97,14,0,14,111
10/22/2020,PVD,RI,ANE,EN,Combined TRACON& Tower with Radar,57,28,13,2,100,0,0,20,1,21,57,28,33,3,121,20,0,20,141
10/23/2020,PVD,RI,ANE,EN,Combined TRACON& Tower with Radar,52,15,24,0,91,0,1,7,0,8,52,16,31,0,99,18,0,18,117
10/24/2020,PVD,RI,ANE,EN,Combined TRACON& Tower with Radar,37,12,6,4,59,0,0,7,0,7,37,12,13,4,66,72,0,72,138
10/25/2020,PVD,RI,ANE,EN,Combined TRACON& Tower with Radar,54,14,12,0,80,0,0,29,0,29,54,14,41,0,109,16,0,16,125
10/26/2020,PVD,RI,ANE,EN,Combined TRACON& Tower with Radar,52,13,35,0,100,0,0,2,0,2,52,13,37,0,102,81,0,81,183
10/27/2020,PVD,RI,ANE,EN,Combined TRACON& Tower with Radar,40,13,18,2,73,0,0,21,0,21,40,13,39,2,94,36,0,36,130
10/28/2020,PVD,RI,ANE,EN,Combined TRACON& Tower with Radar,42,20,20,0,82,0,0,0,0,0,42,20,20,0,82,40,0,40,122
10/29/2020,PVD,RI,ANE,EN,Combined TRACON& Tower with Radar,64,9,10,0,83,0,0,0,0,0,64,9,10,0,83,4,0,4,87
10/30/2020,PVD,RI,ANE,EN,Combined TRACON& Tower with Radar,55,11,3,0,69,0,0,0,0,0,55,11,3,0,69,0,0,0,69
10/31/2020,PVD,RI,ANE,EN,Combined TRACON& Tower with Radar,28,7,13,0,48,0,0,39,0,39,28,7,52,0,87,21,0,21,108
11/01/2020,PVD,RI,ANE,EN,Combined TRACON& Tower with Radar,46,21,21,0,88,0,0,14,0,14,46,21,35,0,102,0,0,0,102
11/02/2020,PVD,RI,ANE,EN,Combined TRACON& Tower with Radar,50,22,3,0,75,0,1,2,0,3,50,23,5,0,78,0,0,0,78
11/03/2020,PVD,RI,ANE,EN,Combined TRACON& Tower with Radar,32,20,13,0,65,0,2,6,0,8,32,22,19,0,73,16,0,16,89
11/04/2020,PVD,RI,ANE,EN,Combined TRACON& Tower with Radar,26,19,17,0,62,0,1,38,0,39,26,20,55,0,101,64,0,64,165
11/05/2020,PVD,RI,ANE,EN,Combined TRACON& Tower with Radar,54,24,19,4,101,0,0,24,0,24,54,24,43,4,125,0,0,0,125
11/06/2020,PVD,RI,ANE,EN,Combined TRACON& Tower with Radar,51,23,19,0,93,0,0,49,2,51,51,23,68,2,144,40,0,40,184
11/07/2020,PVD,RI,ANE,EN,Combined TRACON& Tower with Radar,36,13,13,0,62,0,0,39,2,41,36,13,52,2,103,18,0,18,121
11/08/2020,PVD,RI,ANE,EN,Combined TRACON& Tower with Radar,52,16,8,0,76,0,0,39,2,41,52,16,47,2,117,34,0,34,151
11/09/2020,PVD,RI,ANE,EN,Combined TRACON& Tower with Radar,45,18,16,3,82,0,0,27,0,27,45,18,43,3,109,6,3,9,118
11/10/2020,PVD,RI,ANE,EN,Combined TRACON& Tower with Radar,30,19,12,1,62,0,2,27,2,31,30,21,39,3,93,14,0,14,107
11/11/2020,PVD,RI,ANE,EN,Combined TRACON& Tower with Radar,28,15,8,0,51,0,0,0,0,0,28,15,8,0,51,0,0,0,51
11/12/2020,PVD,RI,ANE,EN,Combined TRACON& Tower with Radar,58,26,12,0,96,0,0,14,0,14,58,26,26,0,110,10,0,10,120
11/13/2020,PVD,RI,ANE,EN,Combined TRACON& Tower with Radar,49,21,7,1,78,0,0,0,1,1,49,21,7,2,79,2,0,2,81
11/14/2020,PVD,RI,ANE,EN,Combined TRACON& Tower with Radar,35,14,15,0,64,0,0,37,2,39,35,14,52,2,103,36,0,36,139
11/15/2020,PVD,RI,ANE,EN,Combined TRACON& Tower with Radar,49,18,9,0,76,0,0,31,1,32,49,18,40,1,108,24,0,24,132
11/16/2020,PVD,RI,ANE,EN,Combined TRACON& Tower with Radar,50,20,10,0,80,0,0,16,0,16,50,20,26,0,96,14,0,14,110
11/17/2020,PVD,RI,ANE,EN,Combined TRACON& Tower with Radar,28,20,9,0,57,0,0,22,0,22,28,20,31,0,79,22,0,22,101
11/18/2020,PVD,RI,ANE,EN,Combined TRACON& Tower with Radar,26,27,8,2,63,0,0,16,1,17,26,27,24,3,80,26,0,26,106
11/19/2020,PVD,RI,ANE,EN,Combined TRACON& Tower with Radar,61,26,5,0,92,0,0,26,0,26,61,26,31,0,118,0,0,0,118
11/20/2020,PVD,RI,ANE,EN,Combined TRACON& Tower with Radar,50,32,10,8,100,0,1,26,2,29,50,33,36,10,129,40,2,42,171
11/21/2020,PVD,RI,ANE,EN,Combined TRACON& Tower with Radar,47,25,18,3,93,0,2,39,2,43,47,27,57,5,136,19,0,19,155
11/22/2020,PVD,RI,ANE,EN,Combined TRACON& Tower with Radar,50,22,13,0,85,0,0,22,2,24,50,22,35,2,109,20,0,20,129
11/23/2020,PVD,RI,ANE,EN,Combined TRACON& Tower with Radar,44,21,9,0,74,0,0,0,0,0,44,21,9,0,74,0,0,0,74
11/24/2020,PVD,RI,ANE,EN,Combined TRACON& Tower with Radar,58,23,6,0,87,0,0,14,0,14,58,23,20,0,101,28,0,28,129
11/25/2020,PVD,RI,ANE,EN,Combined TRACON& Tower with Radar,52,28,6,2,88,0,0,18,2,20,52,28,24,4,108,16,0,16,124
11/26/2020,PVD,RI,ANE,EN,Combined TRACON& Tower with Radar,17,10,2,0,29,0,0,0,0,0,17,10,2,0,29,0,0,0,29
11/27/2020,PVD,RI,ANE,EN,Combined TRACON& Tower with Radar,45,25,10,0,80,0,0,33,1,34,45,25,43,1,114,10,0,10,124
11/28/2020,PVD,RI,ANE,EN,Combined TRACON& Tower with Radar,50,16,8,0,74,0,2,28,2,32,50,18,36,2,106,26,0,26,132
11/29/2020,PVD,RI,ANE,EN,Combined TRACON& Tower with Radar,54,26,15,0,95,0,2,33,1,36,54,28,48,1,131,36,0,36,167
11/30/2020,PVD,RI,ANE,EN,Combined TRACON& Tower with Radar,33,21,4,0,58,0,0,8,0,8,33,21,12,0,66,10,0,10,76
12/01/2020,PVD,RI,ANE,EN,Combined TRACON& Tower with Radar,41,21,16,3,81,0,1,4,0,5,41,22,20,3,86,4,0,4,90
12/02/2020,PVD,RI,ANE,EN,Combined TRACON& Tower with Radar,31,14,24,4,73,0,1,35,2,38,31,15,59,6,111,34,0,34,145
12/03/2020,PVD,RI,ANE,EN,Combined TRACON& Tower with Radar,54,22,11,0,87,0,0,29,0,29,54,22,40,0,116,28,0,28,144
12/04/2020,PVD,RI,ANE,EN,Combined TRACON& Tower with Radar,33,26,10,1,70,0,0,37,1,38,33,26,47,2,108,34,0,34,142
12/05/2020,PVD,RI,ANE,EN,Combined TRACON& Tower with Radar,26,11,3,0,40,0,0,0,0,0,26,11,3,0,40,0,0,0,40
12/06/2020,PVD,RI,ANE,EN,Combined TRACON& Tower with Radar,27,17,6,0,50,0,1,7,0,8,27,18,13,0,58,14,0,14,72
12/07/2020,PVD,RI,ANE,EN,Combined TRACON& Tower with Radar,40,20,12,1,73,0,0,29,1,30,40,20,41,2,103,54,0,54,157
12/08/2020,PVD,RI,ANE,EN,Combined TRACON& Tower with Radar,31,10,9,0,50,0,0,0,0,0,31,10,9,0,50,0,0,0,50
12/09/2020,PVD,RI,ANE,EN,Combined TRACON& Tower with Radar,32,16,11,0,59,0,0,8,1,9,32,16,19,1,68,14,0,14,82
12/10/2020,PVD,RI,ANE,EN,Combined TRACON& Tower with Radar,47,23,16,0,86,0,0,23,2,25,47,23,39,2,111,29,0,29,140
12/11/2020,PVD,RI,ANE,EN,Combined TRACON& Tower with Radar,33,17,9,4,63,0,2,20,2,24,33,19,29,6,87,26,0,26,113
12/12/2020,PVD,RI,ANE,EN,Combined TRACON& Tower with Radar,32,11,2,0,45,0,0,0,0,0,32,11,2,0,45,0,0,0,45
12/13/2020,PVD,RI,ANE,EN,Combined TRACON& Tower with Radar,29,18,15,0,62,0,0,28,2,30,29,18,43,2,92,41,0,41,133
12/14/2020,PVD,RI,ANE,EN,Combined TRACON& Tower with Radar,41,14,7,0,62,0,0,1,0,1,41,14,8,0,63,0,0,0,63
12/15/2020,PVD,RI,ANE,EN,Combined TRACON& Tower with Radar,31,13,11,0,55,0,0,13,0,13,31,13,24,0,68,2,0,2,70
12/16/2020,PVD,RI,ANE,EN,Combined TRACON& Tower with Radar,22,14,26,0,62,0,0,34,0,34,22,14,60,0,96,24,0,24,120
12/17/2020,PVD,RI,ANE,EN,Combined TRACON& Tower with Radar,40,9,2,0,51,0,0,0,0,0,40,9,2,0,51,0,0,0,51
12/18/2020,PVD,RI,ANE,EN,Combined TRACON& Tower with Radar,49,24,10,0,83,0,0,3,0,3,49,24,13,0,86,4,0,4,90
12/19/2020,PVD,RI,ANE,EN,Combined TRACON& Tower with Radar,62,28,6,0,96,0,2,22,0,24,62,30,28,0,120,10,0,10,130
12/20/2020,PVD,RI,ANE,EN,Combined TRACON& Tower with Radar,47,14,10,0,71,0,0,12,0,12,47,14,22,0,83,76,0,76,159
12/21/2020,PVD,RI,ANE,EN,Combined TRACON& Tower with Radar,52,19,8,4,83,0,0,0,0,0,52,19,8,4,83,16,0,16,99
12/22/2020,PVD,RI,ANE,EN,Combined TRACON& Tower with Radar,57,22,16,0,95,0,0,19,0,19,57,22,35,0,114,12,0,12,126
12/23/2020,PVD,RI,ANE,EN,Combined TRACON& Tower with Radar,64,28,14,0,106,0,0,44,0,44,64,28,58,0,150,36,0,36,186
12/24/2020,PVD,RI,ANE,EN,Combined TRACON& Tower with Radar,34,15,1,0,50,0,0,3,0,3,34,15,4,0,53,0,0,0,53
12/25/2020,PVD,RI,ANE,EN,Combined TRACON& Tower with Radar,19,9,3,0,31,0,0,0,0,0,19,9,3,0,31,0,0,0,31
12/26/2020,PVD,RI,ANE,EN,Combined TRACON& Tower with Radar,56,12,10,0,78,0,0,16,0,16,56,12,26,0,94,32,0,32,126
12/27/2020,PVD,RI,ANE,EN,Combined TRACON& Tower with Radar,54,10,10,0,74,0,0,35,0,35,54,10,45,0,109,18,0,18,127
12/28/2020,PVD,RI,ANE,EN,Combined TRACON& Tower with Radar,52,17,12,0,81,0,0,26,0,26,52,17,38,0,107,43,0,43,150
12/29/2020,PVD,RI,ANE,EN,Combined TRACON& Tower with Radar,56,21,8,0,85,0,0,12,0,12,56,21,20,0,97,0,0,0,97
12/30/2020,PVD,RI,ANE,EN,Combined TRACON& Tower with Radar,56,19,11,0,86,0,0,37,0,37,56,19,48,0,123,24,0,24,147
12/31/2020,PVD,RI,ANE,EN,Combined TRACON& Tower with Radar,34,14,4,0,52,0,0,8,1,9,34,14,12,1,61,2,0,2,63
01/01/2021,PVD,RI,ANE,EN,Combined TRACON& Tower with Radar,24,13,8,0,45,0,0,9,0,9,24,13,17,0,54,16,0,16,70
01/02/2021,PVD,RI,ANE,EN,Combined TRACON& Tower with Radar,60,15,11,0,86,0,0,5,0,5,60,15,16,0,91,0,0,0,91
01/03/2021,PVD,RI,ANE,EN,Combined TRACON& Tower with Radar,51,16,15,0,82,0,0,6,0,6,51,16,21,0,88,82,0,82,170
01/04/2021,PVD,RI,ANE,EN,Combined TRACON& Tower with Radar,51,12,9,0,72,0,0,0,0,0,51,12,9,0,72,4,0,4,76
01/05/2021,PVD,RI,ANE,EN,Combined TRACON& Tower with Radar,46,14,6,0,66,0,0,6,0,6,46,14,12,0,72,12,0,12,84
01/06/2021,PVD,RI,ANE,EN,Combined TRACON& Tower with Radar,40,18,14,1,73,0,0,12,1,13,40,18,26,2,86,4,0,4,90
01/07/2021,PVD,RI,ANE,EN,Combined TRACON& Tower with Radar,42,23,19,0,84,0,0,35,0,35,42,23,54,0,119,32,0,32,151
01/08/2021,PVD,RI,ANE,EN,Combined TRACON& Tower with Radar,30,25,15,2,72,0,0,28,0,28,30,25,43,2,100,10,0,10,110
01/09/2021,PVD,RI,ANE,EN,Combined TRACON& Tower with Radar,29,13,19,0,61,0,0,32,1,33,29,13,51,1,94,26,0,26,120
01/10/2021,PVD,RI,ANE,EN,Combined TRACON& Tower with Radar,32,28,13,0,73,0,0,29,0,29,32,28,42,0,102,0,0,0,102
01/11/2021,PVD,RI,ANE,EN,Combined TRACON& Tower with Radar,29,23,9,0,61,0,0,28,0,28,29,23,37,0,89,0,0,0,89
01/12/2021,PVD,RI,ANE,EN,Combined TRACON& Tower with Radar,26,26,14,0,66,0,0,23,0,23,26,26,37,0,89,55,0,55,144
01/13/2021,PVD,RI,ANE,EN,Combined TRACON& Tower with Radar,28,25,12,0,65,0,1,31,0,32,28,26,43,0,97,62,0,62,159
01/14/2021,PVD,RI,ANE,EN,Combined TRACON& Tower with Radar,44,27,7,1,79,0,0,5,0,5,44,27,12,1,84,39,0,39,123
01/15/2021,PVD,RI,ANE,EN,Combined TRACON& Tower with Radar,32,25,10,1,68,0,0,8,0,8,32,25,18,1,76,80,0,80,156
01/16/2021,PVD,RI,ANE,EN,Combined TRACON& Tower with Radar,25,11,6,6,48,0,0,3,0,3,25,11,9,6,51,6,0,6,57
01/17/2021,PVD,RI,ANE,EN,Combined TRACON& Tower with Radar,36,13,9,0,58,0,1,7,0,8,36,14,16,0,66,12,0,12,78
01/18/2021,PVD,RI,ANE,EN,Combined TRACON& Tower with Radar,31,23,16,0,70,0,0,31,0,31,31,23,47,0,101,20,0,20,121
01/19/2021,PVD,RI,ANE,EN,Combined TRACON& Tower with Radar,28,13,16,0,57,0,0,19,0,19,28,13,35,0,76,26,0,26,102
01/20/2021,PVD,RI,ANE,EN,Combined TRACON& Tower with Radar,26,20,11,3,60,0,1,9,0,10,26,21,20,3,70,14,0,14,84
01/21/2021,PVD,RI,ANE,EN,Combined TRACON& Tower with Radar,41,22,13,2,78,0,0,15,0,15,41,22,28,2,93,27,0,27,120
01/22/2021,PVD,RI,ANE,EN,Combined TRACON& Tower with Radar,27,22,20,0,69,0,0,39,2,41,27,22,59,2,110,38,0,38,148
01/23/2021,PVD,RI,ANE,EN,Combined TRACON& Tower with Radar,31,13,4,1,49,0,0,3,1,4,31,13,7,2,53,6,0,6,59
01/24/2021,PVD,RI,ANE,EN,Combined TRACON& Tower with Radar,34,17,2,0,53,0,1,1,0,2,34,18,3,0,55,4,0,4,59
01/25/2021,PVD,RI,ANE,EN,Combined TRACON& Tower with Radar,24,19,19,3,65,0,0,30,0,30,24,19,49,3,95,12,0,12,107
01/26/2021,PVD,RI,ANE,EN,Combined TRACON& Tower with Radar,28,13,2,0,43,0,0,22,2,24,28,13,24,2,67,28,0,28,95
01/27/2021,PVD,RI,ANE,EN,Combined TRACON& Tower with Radar,26,10,7,17,60,0,0,0,2,2,26,10,7,19,62,0,30,30,92
01/28/2021,PVD,RI,ANE,EN,Combined TRACON& Tower with Radar,39,19,8,0,66,0,1,5,0,6,39,20,13,0,72,0,0,0,72
01/29/2021,PVD,RI,ANE,EN,Combined TRACON& Tower with Radar,30,20,13,3,66,0,0,0,0,0,30,20,13,3,66,0,0,0,66
01/30/2021,PVD,RI,ANE,EN,Combined TRACON& Tower with Radar,29,13,11,1,54,0,2,31,1,34,29,15,42,2,88,18,0,18,106
01/31/2021,PVD,RI,ANE,EN,Combined TRACON& Tower with Radar,29,14,19,0,62,0,0,46,0,46,29,14,65,0,108,36,0,36,144
02/01/2021,PVD,RI,ANE,EN,Combined TRACON& Tower with Radar,10,12,1,0,23,0,0,0,0,0,10,12,1,0,23,0,0,0,23
02/02/2021,PVD,RI,ANE,EN,Combined TRACON& Tower with Radar,26,8,6,0,40,0,0,0,0,0,26,8,6,0,40,0,0,0,40
02/03/2021,PVD,RI,ANE,EN,Combined TRACON& Tower with Radar,28,12,9,0,49,0,0,11,0,11,28,12,20,0,60,66,0,66,126
02/04/2021,PVD,RI,ANE,EN,Combined TRACON& Tower with Radar,40,24,10,1,75,0,0,41,0,41,40,24,51,1,116,52,0,52,168
02/05/2021,PVD,RI,ANE,EN,Combined TRACON& Tower with Radar,26,29,11,0,66,0,0,3,0,3,26,29,14,0,69,40,0,40,109
02/06/2021,PVD,RI,ANE,EN,Combined TRACON& Tower with Radar,30,11,5,1,47,0,0,16,0,16,30,11,21,1,63,0,0,0,63
02/07/2021,PVD,RI,ANE,EN,Combined TRACON& Tower with Radar,32,10,2,0,44,0,0,1,0,1,32,10,3,0,45,2,0,2,47
02/08/2021,PVD,RI,ANE,EN,Combined TRACON& Tower with Radar,25,18,7,0,50,0,0,22,0,22,25,18,29,0,72,40,0,40,112
02/09/2021,PVD,RI,ANE,EN,Combined TRACON& Tower with Radar,28,15,7,0,50,0,0,0,0,0,28,15,7,0,50,20,0,20,70
02/10/2021,PVD,RI,ANE,EN,Combined TRACON& Tower with Radar,27,14,18,0,59,0,0,13,0,13,27,14,31,0,72,30,0,30,102
02/11/2021,PVD,RI,ANE,EN,Combined TRACON& Tower with Radar,41,19,14,4,78,0,0,29,2,31,41,19,43,6,109,26,0,26,135
02/12/2021,PVD,RI,ANE,EN,Combined TRACON& Tower with Radar,43,31,15,0,89,0,1,35,0,36,43,32,50,0,125,18,0,18,143
02/13/2021,PVD,RI,ANE,EN,Combined TRACON& Tower with Radar,38,15,11,0,64,0,3,32,0,35,38,18,43,0,99,48,0,48,147
02/14/2021,PVD,RI,ANE,EN,Combined TRACON& Tower with Radar,32,12,4,0,48,0,0,4,0,4,32,12,8,0,52,0,0,0,52
02/15/2021,PVD,RI,ANE,EN,Combined TRACON& Tower with Radar,33,22,4,0,59,0,0,0,0,0,33,22,4,0,59,2,0,2,61
02/16/2021,PVD,RI,ANE,EN,Combined TRACON& Tower with Radar,25,13,9,0,47,0,0,0,0,0,25,13,9,0,47,2,0,2,49
02/17/2021,PVD,RI,ANE,EN,Combined TRACON& Tower with Radar,29,15,23,0,67,0,1,29,0,30,29,16,52,0,97,56,0,56,153
02/18/2021,PVD,RI,ANE,EN,Combined TRACON& Tower with Radar,36,15,8,0,59,0,0,9,0,9,36,15,17,0,68,14,0,14,82
02/19/2021,PVD,RI,ANE,EN,Combined TRACON& Tower with Radar,34,18,6,2,60,0,0,0,0,0,34,18,6,2,60,0,0,0,60
02/20/2021,PVD,RI,ANE,EN,Combined TRACON& Tower with Radar,40,21,15,0,76,0,0,28,0,28,40,21,43,0,104,20,0,20,124
02/21/2021,PVD,RI,ANE,EN,Combined TRACON& Tower with Radar,34,19,16,0,69,0,0,37,0,37,34,19,53,0,106,22,0,22,128
02/22/2021,PVD,RI,ANE,EN,Combined TRACON& Tower with Radar,36,23,8,0,67,0,0,11,0,11,36,23,19,0,78,4,0,4,82
02/23/2021,PVD,RI,ANE,EN,Combined TRACON& Tower with Radar,32,20,13,7,72,0,0,20,3,23,32,20,33,10,95,18,6,24,119
02/24/2021,PVD,RI,ANE,EN,Combined TRACON& Tower with Radar,31,19,19,0,69,0,3,28,2,33,31,22,47,2,102,60,0,60,162
02/25/2021,PVD,RI,ANE,EN,Combined TRACON& Tower with Radar,44,22,6,0,72,0,0,2,0,2,44,22,8,0,74,0,0,0,74
02/26/2021,PVD,RI,ANE,EN,Combined TRACON& Tower with Radar,32,23,18,0,73,0,0,44,0,44,32,23,62,0,117,36,0,36,153
02/27/2021,PVD,RI,ANE,EN,Combined TRACON& Tower with Radar,42,15,5,0,62,0,0,0,0,0,42,15,5,0,62,0,0,0,62
02/28/2021,PVD,RI,ANE,EN,Combined TRACON& Tower with Radar,35,16,18,0,69,0,0,39,0,39,35,16,57,0,108,26,0,26,134
03/01/2021,PVD,RI,ANE,EN,Combined TRACON& Tower with Radar,36,33,16,1,86,0,0,0,0,0,36,33,16,1,86,12,0,12,98
03/02/2021,PVD,RI,ANE,EN,Combined TRACON& Tower with Radar,29,8,15,0,52,0,0,1,0,1,29,8,16,0,53,0,0,0,53
03/03/2021,PVD,RI,ANE,EN,Combined TRACON& Tower with Radar,32,22,17,1,72,0,1,33,0,34,32,23,50,1,106,52,0,52,158
03/04/2021,PVD,RI,ANE,EN,Combined TRACON& Tower with Radar,50,16,9,3,78,0,0,16,0,16,50,16,25,3,94,6,0,6,100
03/05/2021,PVD,RI,ANE,EN,Combined TRACON& Tower with Radar,44,21,9,0,74,0,0,18,0,18,44,21,27,0,92,2,0,2,94
03/06/2021,PVD,RI,ANE,EN,Combined TRACON& Tower with Radar,49,13,5,0,67,0,0,38,0,38,49,13,43,0,105,8,0,8,113
03/07/2021,PVD,RI,ANE,EN,Combined TRACON& Tower with Radar,55,14,27,0,96,0,0,43,0,43,55,14,70,0,139,28,0,28,167
03/08/2021,PVD,RI,ANE,EN,Combined TRACON& Tower with Radar,56,15,13,3,87,0,2,28,2,32,56,17,41,5,119,52,0,52,171
03/09/2021,PVD,RI,ANE,EN,Combined TRACON& Tower with Radar,41,23,12,2,78,0,0,22,2,24,41,23,34,4,102,16,2,18,120
03/10/2021,PVD,RI,ANE,EN,Combined TRACON& Tower with Radar,40,22,9,0,71,0,0,39,5,44,40,22,48,5,115,82,0,82,197
03/11/2021,PVD,RI,ANE,EN,Combined TRACON& Tower with Radar,62,18,11,0,91,0,0,18,3,21,62,18,29,3,112,12,6,18,130
03/12/2021,PVD,RI,ANE,EN,Combined TRACON& Tower with Radar,53,19,8,0,80,0,2,17,2,21,53,21,25,2,101,10,0,10,111
03/13/2021,PVD,RI,ANE,EN,Combined TRACON& Tower with Radar,52,19,8,0,79,0,0,14,0,14,52,19,22,0,93,2,0,2,95
03/14/2021,PVD,RI,ANE,EN,Combined TRACON& Tower with Radar,56,21,4,0,81,0,0,5,0,5,56,21,9,0,86,0,0,0,86
03/15/2021,PVD,RI,ANE,EN,Combined TRACON& Tower with Radar,52,22,0,0,74,0,0,0,0,0,52,22,0,0,74,0,0,0,74
03/16/2021,PVD,RI,ANE,EN,Combined TRACON& Tower with Radar,50,17,14,0,81,0,0,29,1,30,50,17,43,1,111,42,0,42,153
03/17/2021,PVD,RI,ANE,EN,Combined TRACON& Tower with Radar,51,20,15,2,88,0,0,26,2,28,51,20,41,4,116,40,0,40,156
03/18/2021,PVD,RI,ANE,EN,Combined TRACON& Tower with Radar,63,16,8,6,93,0,0,0,0,0,63,16,8,6,93,0,0,0,93
03/19/2021,PVD,RI,ANE,EN,Combined TRACON& Tower with Radar,51,17,9,0,77,0,0,1,0,1,51,17,10,0,78,0,0,0,78
03/20/2021,PVD,RI,ANE,EN,Combined TRACON& Tower with Radar,49,15,22,0,86,0,0,48,0,48,49,15,70,0,134,50,0,50,184
03/21/2021,PVD,RI,ANE,EN,Combined TRACON& Tower with Radar,52,14,13,0,79,0,2,40,1,43,52,16,53,1,122,79,0,79,201
03/22/2021,PVD,RI,ANE,EN,Combined TRACON& Tower with Radar,52,15,15,0,82,0,0,36,0,36,52,15,51,0,118,62,0,62,180
03/23/2021,PVD,RI,ANE,EN,Combined TRACON& Tower with Radar,49,17,13,0,79,0,0,22,0,22,49,17,35,0,101,100,0,100,201
03/24/2021,PVD,RI,ANE,EN,Combined TRACON& Tower with Radar,50,19,6,0,75,0,0,13,0,13,50,19,19,0,88,98,2,100,188
03/25/2021,PVD,RI,ANE,EN,Combined TRACON& Tower with Radar,62,24,15,2,103,0,0,6,0,6,62,24,21,2,109,26,2,28,137
03/26/2021,PVD,RI,ANE,EN,Combined TRACON& Tower with Radar,56,15,15,0,86,0,0,1,0,1,56,15,16,0,87,0,0,0,87
03/27/2021,PVD,RI,ANE,EN,Combined TRACON& Tower with Radar,50,21,12,0,83,0,0,45,1,46,50,21,57,1,129,38,2,40,169
03/28/2021,PVD,RI,ANE,EN,Combined TRACON& Tower with Radar,55,15,10,0,80,0,0,0,0,0,55,15,10,0,80,10,0,10,90
03/29/2021,PVD,RI,ANE,EN,Combined TRACON& Tower with Radar,55,25,2,0,82,0,1,1,2,4,55,26,3,2,86,4,0,4,90
03/30/2021,PVD,RI,ANE,EN,Combined TRACON& Tower with Radar,53,20,20,3,96,0,1,32,1,34,53,21,52,4,130,26,0,26,156
03/31/2021,PVD,RI,ANE,EN,Combined TRACON& Tower with Radar,53,20,9,0,82,0,0,11,0,11,53,20,20,0,93,0,0,0,93
04/01/2021,PVD,RI,ANE,EN,Combined TRACON& Tower with Radar,65,30,6,1,102,0,0,0,1,1,65,30,6,2,103,0,0,0,103
04/02/2021,PVD,RI,ANE,EN,Combined TRACON& Tower with Radar,66,20,7,0,93,0,0,34,3,37,66,20,41,3,130,0,0,0,130
04/03/2021,PVD,RI,ANE,EN,Combined TRACON& Tower with Radar,57,10,9,0,76,0,0,42,1,43,57,10,51,1,119,28,0,28,147
04/04/2021,PVD,RI,ANE,EN,Combined TRACON& Tower with Radar,61,17,7,0,85,0,0,30,0,30,61,17,37,0,115,30,0,30,145
04/05/2021,PVD,RI,ANE,EN,Combined TRACON& Tower with Radar,65,17,11,0,93,0,0,7,0,7,65,17,18,0,100,0,0,0,100
04/06/2021,PVD,RI,ANE,EN,Combined TRACON& Tower with Radar,61,19,6,0,86,0,0,30,0,30,61,19,36,0,116,70,0,70,186
04/07/2021,PVD,RI,ANE,EN,Combined TRACON& Tower with Radar,58,25,18,2,103,0,3,30,2,35,58,28,48,4,138,48,0,48,186
04/08/2021,PVD,RI,ANE,EN,Combined TRACON& Tower with Radar,71,15,9,6,101,0,0,30,2,32,71,15,39,8,133,12,4,16,149
04/09/2021,PVD,RI,ANE,EN,Combined TRACON& Tower with Radar,66,25,12,0,103,0,1,35,2,38,66,26,47,2,141,108,0,108,249
04/10/2021,PVD,RI,ANE,EN,Combined TRACON& Tower with Radar,55,13,17,0,85,0,0,38,0,38,55,13,55,0,123,26,0,26,149
04/11/2021,PVD,RI,ANE,EN,Combined TRACON& Tower with Radar,57,16,12,0,85,0,0,0,0,0,57,16,12,0,85,0,0,0,85
04/12/2021,PVD,RI,ANE,EN,Combined TRACON& Tower with Radar,68,15,19,0,102,0,0,7,0,7,68,15,26,0,109,18,0,18,127
04/13/2021,PVD,RI,ANE,EN,Combined TRACON& Tower with Radar,57,14,12,2,85,0,0,22,1,23,57,14,34,3,108,0,0,0,108
04/14/2021,PVD,RI,ANE,EN,Combined TRACON& Tower with Radar,58,26,10,2,96,0,0,35,0,35,58,26,45,2,131,10,0,10,141
04/15/2021,PVD,RI,ANE,EN,Combined TRACON& Tower with Radar,78,17,25,0,120,0,0,6,0,6,78,17,31,0,126,26,0,26,152
04/16/2021,PVD,RI,ANE,EN,Combined TRACON& Tower with Radar,80,19,7,0,106,0,0,0,0,0,80,19,7,0,106,0,0,0,106
04/17/2021,PVD,RI,ANE,EN,Combined TRACON& Tower with Radar,76,19,10,0,105,0,0,3,0,3,76,19,13,0,108,0,0,0,108
04/18/2021,PVD,RI,ANE,EN,Combined TRACON& Tower with Radar,69,16,9,0,94,0,0,42,0,42,69,16,51,0,136,24,0,24,160
04/19/2021,PVD,RI,ANE,EN,Combined TRACON& Tower with Radar,69,16,20,0,105,0,0,41,0,41,69,16,61,0,146,70,0,70,216
04/20/2021,PVD,RI,ANE,EN,Combined TRACON& Tower with Radar,58,22,18,11,109,0,0,23,3,26,58,22,41,14,135,30,24,54,189
04/21/2021,PVD,RI,ANE,EN,Combined TRACON& Tower with Radar,62,19,10,0,91,0,0,10,0,10,62,19,20,0,101,2,0,2,103
04/22/2021,PVD,RI,ANE,EN,Combined TRACON& Tower with Radar,78,12,7,0,97,0,0,6,0,6,78,12,13,0,103,0,0,0,103
04/23/2021,PVD,RI,ANE,EN,Combined TRACON& Tower with Radar,85,15,12,0,112,0,3,4,0,7,85,18,16,0,119,0,0,0,119
04/24/2021,PVD,RI,ANE,EN,Combined TRACON& Tower with Radar,81,19,18,0,118,0,1,41,0,42,81,20,59,0,160,32,0,32,192
04/25/2021,PVD,RI,ANE,EN,Combined TRACON& Tower with Radar,74,19,35,0,128,0,0,0,0,0,74,19,35,0,128,4,0,4,132
04/26/2021,PVD,RI,ANE,EN,Combined TRACON& Tower with Radar,77,18,5,0,100,0,2,1,0,3,77,20,6,0,103,0,0,0,103
04/27/2021,PVD,RI,ANE,EN,Combined TRACON& Tower with Radar,61,17,14,0,92,0,4,47,1,52,61,21,61,1,144,22,0,22,166
04/28/2021,PVD,RI,ANE,EN,Combined TRACON& Tower with Radar,59,25,16,4,104,0,0,38,1,39,59,25,54,5,143,34,0,34,177
04/29/2021,PVD,RI,ANE,EN,Combined TRACON& Tower with Radar,71,18,25,0,114,0,1,4,0,5,71,19,29,0,119,22,0,22,141
04/30/2021,PVD,RI,ANE,EN,Combined TRACON& Tower with Radar,73,17,2,0,92,0,0,0,0,0,73,17,2,0,92,0,0,0,92
05/01/2021,PVD,RI,ANE,EN,Combined TRACON& Tower with Radar,64,15,10,0,89,0,0,6,1,7,64,15,16,1,96,4,0,4,100
05/02/2021,PVD,RI,ANE,EN,Combined TRACON& Tower with Radar,69,22,22,0,113,0,0,46,0,46,69,22,68,0,159,76,0,76,235
05/03/2021,PVD,RI,ANE,EN,Combined TRACON& Tower with Radar,64,19,19,0,102,0,0,48,9,57,64,19,67,9,159,94,0,94,253
05/04/2021,PVD,RI,ANE,EN,Combined TRACON& Tower with Radar,58,17,18,1,94,0,0,0,0,0,58,17,18,1,94,2,0,2,96
05/05/2021,PVD,RI,ANE,EN,Combined TRACON& Tower with Radar,61,14,10,4,89,0,0,0,5,5,61,14,10,9,94,0,0,0,94
05/06/2021,PVD,RI,ANE,EN,Combined TRACON& Tower with Radar,74,20,8,1,103,0,0,22,1,23,74,20,30,2,126,12,0,12,138
05/07/2021,PVD,RI,ANE,EN,Combined TRACON& Tower with Radar,68,18,13,0,99,0,0,52,0,52,68,18,65,0,151,20,0,20,171
05/08/2021,PVD,RI,ANE,EN,Combined TRACON& Tower with Radar,65,13,10,0,88,0,1,65,0,66,65,14,75,0,154,68,0,68,222
05/09/2021,PVD,RI,ANE,EN,Combined TRACON& Tower with Radar,70,15,6,0,91,0,0,44,0,44,70,15,50,0,135,6,0,6,141
05/10/2021,PVD,RI,ANE,EN,Combined TRACON& Tower with Radar,67,15,17,0,99,0,0,19,2,21,67,15,36,2,120,24,0,24,144
05/11/2021,PVD,RI,ANE,EN,Combined TRACON& Tower with Radar,67,11,14,0,92,0,0,21,0,21,67,11,35,0,113,14,0,14,127
05/12/2021,PVD,RI,ANE,EN,Combined TRACON& Tower with Radar,67,21,20,1,109,0,0,33,4,37,67,21,53,5,146,0,0,0,146
05/13/2021,PVD,RI,ANE,EN,Combined TRACON& Tower with Radar,76,18,17,2,113,0,0,44,1,45,76,18,61,3,158,46,0,46,204
05/14/2021,PVD,RI,ANE,EN,Combined TRACON& Tower with Radar,71,16,14,0,101,0,2,43,0,45,71,18,57,0,146,68,0,68,214
05/15/2021,PVD,RI,ANE,EN,Combined TRACON& Tower with Radar,64,17,10,0,91,0,0,69,4,73,64,17,79,4,164,78,0,78,242
05/16/2021,PVD,RI,ANE,EN,Combined TRACON& Tower with Radar,69,11,15,0,95,0,0,30,2,32,69,11,45,2,127,20,0,20,147
05/17/2021,PVD,RI,ANE,EN,Combined TRACON& Tower with Radar,68,22,9,0,99,0,0,35,2,37,68,22,44,2,136,50,0,50,186
05/18/2021,PVD,RI,ANE,EN,Combined TRACON& Tower with Radar,67,26,9,2,104,0,0,14,3,17,67,26,23,5,121,36,0,36,157
05/19/2021,PVD,RI,ANE,EN,Combined TRACON& Tower with Radar,66,25,6,1,98,0,0,17,0,17,66,25,23,1,115,40,0,40,155
05/20/2021,PVD,RI,ANE,EN,Combined TRACON& Tower with Radar,77,29,15,2,123,0,2,42,0,44,77,31,57,2,167,44,0,44,211
05/21/2021,PVD,RI,ANE,EN,Combined TRACON& Tower with Radar,73,17,6,1,97,0,2,29,2,33,73,19,35,3,130,22,0,22,152
05/22/2021,PVD,RI,ANE,EN,Combined TRACON& Tower with Radar,62,10,6,0,78,0,0,43,2,45,62,10,49,2,123,94,0,94,217
05/23/2021,PVD,RI,ANE,EN,Combined TRACON& Tower with Radar,67,15,8,0,90,0,1,26,0,27,67,16,34,0,117,10,0,10,127
05/24/2021,PVD,RI,ANE,EN,Combined TRACON& Tower with Radar,71,22,14,1,108,0,0,44,5,49,71,22,58,6,157,24,0,24,181
05/25/2021,PVD,RI,ANE,EN,Combined TRACON& Tower with Radar,66,20,14,0,100,0,0,31,2,33,66,20,45,2,133,48,0,48,181
05/26/2021,PVD,RI,ANE,EN,Combined TRACON& Tower with Radar,64,24,11,2,101,0,0,18,1,19,64,24,29,3,120,38,0,38,158
05/27/2021,PVD,RI,ANE,EN,Combined TRACON& Tower with Radar,76,35,22,0,133,0,0,41,0,41,76,35,63,0,174,64,0,64,238
05/28/2021,PVD,RI,ANE,EN,Combined TRACON& Tower with Radar,70,38,11,0,119,0,2,41,2,45,70,40,52,2,164,58,0,58,222
05/29/2021,PVD,RI,ANE,EN,Combined TRACON& Tower with Radar,62,22,10,0,94,0,0,0,0,0,62,22,10,0,94,0,0,0,94
05/30/2021,PVD,RI,ANE,EN,Combined TRACON& Tower with Radar,61,17,1,0,79,0,0,0,0,0,61,17,1,0,79,0,0,0,79
05/31/2021,PVD,RI,ANE,EN,Combined TRACON& Tower with Radar,66,23,17,6,112,0,1,3,0,4,66,24,20,6,116,10,0,10,126
06/01/2021,PVD,RI,ANE,EN,Combined TRACON& Tower with Radar,66,29,17,0,112,0,0,36,0,36,66,29,53,0,148,44,0,44,192
06/02/2021,PVD,RI,ANE,EN,Combined TRACON& Tower with Radar,68,29,17,0,114,0,0,35,0,35,68,29,52,0,149,32,0,32,181
06/03/2021,PVD,RI,ANE,EN,Combined TRACON& Tower with Radar,78,27,22,0,127,0,0,1,0,1,78,27,23,0,128,10,0,10,138
06/04/2021,PVD,RI,ANE,EN,Combined TRACON& Tower with Radar,73,45,12,0,130,0,1,3,0,4,73,46,15,0,134,28,0,28,162
06/05/2021,PVD,RI,ANE,EN,Combined TRACON& Tower with Radar,74,17,10,0,101,0,1,42,0,43,74,18,52,0,144,0,0,0,144
06/06/2021,PVD,RI,ANE,EN,Combined TRACON& Tower with Radar,74,16,18,0,108,0,0,41,0,41,74,16,59,0,149,98,0,98,247
06/07/2021,PVD,RI,ANE,EN,Combined TRACON& Tower with Radar,74,19,17,0,110,0,0,34,0,34,74,19,51,0,144,44,0,44,188
06/08/2021,PVD,RI,ANE,EN,Combined TRACON& Tower with Radar,71,20,11,0,102,0,0,22,0,22,71,20,33,0,124,10,0,10,134
06/09/2021,PVD,RI,ANE,EN,Combined TRACON& Tower with Radar,71,26,15,0,112,0,0,36,0,36,71,26,51,0,148,34,0,34,182
06/10/2021,PVD,RI,ANE,EN,Combined TRACON& Tower with Radar,78,25,11,0,114,0,3,47,3,53,78,28,58,3,167,40,0,40,207
06/11/2021,PVD,RI,ANE,EN,Combined TRACON& Tower with Radar,70,27,14,0,111,0,1,31,4,36,70,28,45,4,147,60,0,60,207
06/12/2021,PVD,RI,ANE,EN,Combined TRACON& Tower with Radar,64,21,20,0,105,0,4,29,0,33,64,25,49,0,138,10,0,10,148
06/13/2021,PVD,RI,ANE,EN,Combined TRACON& Tower with Radar,68,18,19,0,105,0,1,52,3,56,68,19,71,3,161,38,0,38,199
06/14/2021,PVD,RI,ANE,EN,Combined TRACON& Tower with Radar,65,28,22,2,117,0,0,5,0,5,65,28,27,2,122,10,0,10,132
06/15/2021,PVD,RI,ANE,EN,Combined TRACON& Tower with Radar,62,25,21,2,110,0,0,17,0,17,62,25,38,2,127,74,0,74,201
06/16/2021,PVD,RI,ANE,EN,Combined TRACON& Tower with Radar,69,33,26,0,128,0,4,39,0,43,69,37,65,0,171,10,0,10,181
06/17/2021,PVD,RI,ANE,EN,Combined TRACON& Tower with Radar,82,31,17,0,130,0,5,53,2,60,82,36,70,2,190,32,0,32,222
06/18/2021,PVD,RI,ANE,EN,Combined TRACON& Tower with Radar,67,17,15,0,99,0,0,38,0,38,67,17,53,0,137,54,0,54,191
06/19/2021,PVD,RI,ANE,EN,Combined TRACON& Tower with Radar,67,26,17,0,110,0,3,39,0,42,67,29,56,0,152,22,0,22,174
06/20/2021,PVD,RI,ANE,EN,Combined TRACON& Tower with Radar,69,11,19,1,100,0,2,59,2,63,69,13,78,3,163,28,0,28,191
06/21/2021,PVD,RI,ANE,EN,Combined TRACON& Tower with Radar,63,21,23,2,109,0,0,9,1,10,63,21,32,3,119,0,0,0,119
06/22/2021,PVD,RI,ANE,EN,Combined TRACON& Tower with Radar,65,27,19,0,111,0,0,11,0,11,65,27,30,0,122,2,0,2,124
06/23/2021,PVD,RI,ANE,EN,Combined TRACON& Tower with Radar,68,25,17,0,110,0,0,52,0,52,68,25,69,0,162,108,0,108,270
06/24/2021,PVD,RI,ANE,EN,Combined TRACON& Tower with Radar,77,25,22,0,124,0,1,58,0,59,77,26,80,0,183,69,0,69,252
06/25/2021,PVD,RI,ANE,EN,Combined TRACON& Tower with Radar,67,39,49,1,156,0,0,5,0,5,67,39,54,1,161,16,0,16,177
06/26/2021,PVD,RI,ANE,EN,Combined TRACON& Tower with Radar,55,32,21,4,112,0,0,1,0,1,55,32,22,4,113,30,0,30,143
06/27/2021,PVD,RI,ANE,EN,Combined TRACON& Tower with Radar,69,21,11,0,101,0,0,8,0,8,69,21,19,0,109,44,0,44,153
06/28/2021,PVD,RI,ANE,EN,Combined TRACON& Tower with Radar,65,28,18,9,120,0,0,59,0,59,65,28,77,9,179,68,0,68,247
06/29/2021,PVD,RI,ANE,EN,Combined TRACON& Tower with Radar,68,29,26,3,126,0,0,35,0,35,68,29,61,3,161,12,0,12,173
06/30/2021,PVD,RI,ANE,EN,Combined TRACON& Tower with Radar,76,33,15,0,124,0,3,31,0,34,76,36,46,0,158,44,0,44,202
07/01/2021,PVD,RI,ANE,EN,Combined TRACON& Tower with Radar,69,29,12,0,110,0,1,28,0,29,69,30,40,0,139,22,10,32,171
07/02/2021,PVD,RI,ANE,EN,Combined TRACON& Tower with Radar,63,47,26,0,136,0,0,0,0,0,63,47,26,0,136,6,0,6,142
07/03/2021,PVD,RI,ANE,EN,Combined TRACON& Tower with Radar,58,25,12,0,95,0,0,0,0,0,58,25,12,0,95,0,0,0,95
07/04/2021,PVD,RI,ANE,EN,Combined TRACON& Tower with Radar,59,8,17,0,84,0,0,1,0,1,59,8,18,0,85,4,0,4,89
07/05/2021,PVD,RI,ANE,EN,Combined TRACON& Tower with Radar,64,23,16,0,103,0,0,28,0,28,64,23,44,0,131,130,0,130,261
07/06/2021,PVD,RI,ANE,EN,Combined TRACON& Tower with Radar,64,26,15,2,107,0,0,27,2,29,64,26,42,4,136,44,0,44,180
07/07/2021,PVD,RI,ANE,EN,Combined TRACON& Tower with Radar,73,29,14,4,120,0,0,34,0,34,73,29,48,4,154,18,2,20,174
07/08/2021,PVD,RI,ANE,EN,Combined TRACON& Tower with Radar,78,37,26,0,141,0,0,2,0,2,78,37,28,0,143,0,2,2,145
07/09/2021,PVD,RI,ANE,EN,Combined TRACON& Tower with Radar,69,21,6,0,96,0,1,0,0,1,69,22,6,0,97,0,0,0,97
07/10/2021,PVD,RI,ANE,EN,Combined TRACON& Tower with Radar,62,49,14,0,125,0,0,15,0,15,62,49,29,0,140,32,0,32,172
07/11/2021,PVD,RI,ANE,EN,Combined TRACON& Tower with Radar,69,30,21,0,120,0,0,33,2,35,69,30,54,2,155,38,0,38,193
07/12/2021,PVD,RI,ANE,EN,Combined TRACON& Tower with Radar,71,35,52,0,158,0,0,0,0,0,71,35,52,0,158,8,0,8,166
07/13/2021,PVD,RI,ANE,EN,Combined TRACON& Tower with Radar,70,32,31,1,134,0,0,0,0,0,70,32,31,1,134,6,0,6,140
07/14/2021,PVD,RI,ANE,EN,Combined TRACON& Tower with Radar,80,39,12,18,149,0,0,1,2,3,80,39,13,20,152,10,14,24,176
07/15/2021,PVD,RI,ANE,EN,Combined TRACON& Tower with Radar,80,39,19,0,138,0,0,51,0,51,80,39,70,0,189,80,0,80,269
07/16/2021,PVD,RI,ANE,EN,Combined TRACON& Tower with Radar,71,36,15,0,122,0,0,40,0,40,71,36,55,0,162,50,0,50,212
07/17/2021,PVD,RI,ANE,EN,Combined TRACON& Tower with Radar,63,23,13,0,99,0,2,26,0,28,63,25,39,0,127,50,0,50,177
07/18/2021,PVD,RI,ANE,EN,Combined TRACON& Tower with Radar,72,30,28,0,130,0,0,4,0,4,72,30,32,0,134,18,0,18,152
07/19/2021,PVD,RI,ANE,EN,Combined TRACON& Tower with Radar,71,26,27,9,133,0,0,5,0,5,71,26,32,9,138,8,0,8,146
07/20/2021,PVD,RI,ANE,EN,Combined TRACON& Tower with Radar,66,31,13,0,110,0,2,40,0,42,66,33,53,0,152,43,0,43,195
07/21/2021,PVD,RI,ANE,EN,Combined TRACON& Tower with Radar,73,29,21,0,123,0,0,25,1,26,73,29,46,1,149,0,0,0,149
07/22/2021,PVD,RI,ANE,EN,Combined TRACON& Tower with Radar,86,29,13,0,128,0,4,38,1,43,86,33,51,1,171,14,0,14,185
07/23/2021,PVD,RI,ANE,EN,Combined TRACON& Tower with Radar,73,38,13,0,124,0,5,33,0,38,73,43,46,0,162,20,0,20,182
07/24/2021,PVD,RI,ANE,EN,Combined TRACON& Tower with Radar,59,27,11,0,97,0,4,41,0,45,59,31,52,0,142,48,0,48,190
07/25/2021,PVD,RI,ANE,EN,Combined TRACON& Tower with Radar,76,27,4,0,107,0,0,3,0,3,76,27,7,0,110,22,0,22,132
07/26/2021,PVD,RI,ANE,EN,Combined TRACON& Tower with Radar,72,28,29,0,129,0,0,37,0,37,72,28,66,0,166,48,0,48,214
07/27/2021,PVD,RI,ANE,EN,Combined TRACON& Tower with Radar,72,21,19,0,112,0,0,39,1,40,72,21,58,1,152,32,0,32,184
07/28/2021,PVD,RI,ANE,EN,Combined TRACON& Tower with Radar,78,27,42,8,155,0,1,7,0,8,78,28,49,8,163,26,0,26,189
07/29/2021,PVD,RI,ANE,EN,Combined TRACON& Tower with Radar,85,23,17,1,126,0,3,18,0,21,85,26,35,1,147,62,0,62,209
07/30/2021,PVD,RI,ANE,EN,Combined TRACON& Tower with Radar,77,31,14,0,122,0,1,32,1,34,77,32,46,1,156,0,0,0,156
07/31/2021,PVD,RI,ANE,EN,Combined TRACON& Tower with Radar,62,31,12,0,105,0,3,54,0,57,62,34,66,0,162,19,0,19,181
08/01/2021,PVD,RI,ANE,EN,Combined TRACON& Tower with Radar,78,20,8,0,106,0,1,41,0,42,78,21,49,0,148,22,0,22,170
08/02/2021,PVD,RI,ANE,EN,Combined TRACON& Tower with Radar,68,27,8,0,103,0,1,29,0,30,68,28,37,0,133,34,0,34,167
08/03/2021,PVD,RI,ANE,EN,Combined TRACON& Tower with Radar,67,27,15,0,109,0,0,40,0,40,67,27,55,0,149,0,0,0,149
08/04/2021,PVD,RI,ANE,EN,Combined TRACON& Tower with Radar,68,30,18,1,117,0,0,19,1,20,68,30,37,2,137,0,0,0,137
08/05/2021,PVD,RI,ANE,EN,Combined TRACON& Tower with Radar,90,39,27,0,156,0,0,0,0,0,90,39,27,0,156,0,0,0,156
08/06/2021,PVD,RI,ANE,EN,Combined TRACON& Tower with Radar,81,33,14,0,128,0,2,46,1,49,81,35,60,1,177,54,0,54,231
08/07/2021,PVD,RI,ANE,EN,Combined TRACON& Tower with Radar,65,26,20,0,111,0,2,53,3,58,65,28,73,3,169,20,0,20,189
08/08/2021,PVD,RI,ANE,EN,Combined TRACON& Tower with Radar,76,27,16,0,119,0,0,39,0,39,76,27,55,0,158,78,0,78,236
08/09/2021,PVD,RI,ANE,EN,Combined TRACON& Tower with Radar,77,39,18,0,134,0,0,0,0,0,77,39,18,0,134,30,0,30,164
08/10/2021,PVD,RI,ANE,EN,Combined TRACON& Tower with Radar,61,33,19,0,113,0,0,10,0,10,61,33,29,0,123,52,0,52,175
08/11/2021,PVD,RI,ANE,EN,Combined TRACON& Tower with Radar,75,37,7,0,119,0,0,38,1,39,75,37,45,1,158,56,0,56,214
08/12/2021,PVD,RI,ANE,EN,Combined TRACON& Tower with Radar,91,27,23,0,141,0,0,49,0,49,91,27,72,0,190,30,0,30,220
08/13/2021,PVD,RI,ANE,EN,Combined TRACON& Tower with Radar,78,38,17,0,133,0,3,39,2,44,78,41,56,2,177,0,0,0,177
08/14/2021,PVD,RI,ANE,EN,Combined TRACON& Tower with Radar,57,27,17,0,101,0,2,37,2,41,57,29,54,2,142,88,0,88,230
08/15/2021,PVD,RI,ANE,EN,Combined TRACON& Tower with Radar,80,23,16,1,120,0,2,53,2,57,80,25,69,3,177,34,0,34,211
08/16/2021,PVD,RI,ANE,EN,Combined TRACON& Tower with Radar,83,36,15,1,135,0,0,32,0,32,83,36,47,1,167,46,0,46,213
08/17/2021,PVD,RI,ANE,EN,Combined TRACON& Tower with Radar,71,25,16,2,114,0,0,43,1,44,71,25,59,3,158,98,0,98,256
08/18/2021,PVD,RI,ANE,EN,Combined TRACON& Tower with Radar,75,37,26,10,148,0,0,41,0,41,75,37,67,10,189,24,8,32,221
08/19/2021,PVD,RI,ANE,EN,Combined TRACON& Tower with Radar,81,33,14,0,128,0,0,1,0,1,81,33,15,0,129,0,0,0,129
08/20/2021,PVD,RI,ANE,EN,Combined TRACON& Tower with Radar,90,36,17,0,143,0,0,7,0,7,90,36,24,0,150,66,0,66,216
08/21/2021,PVD,RI,ANE,EN,Combined TRACON& Tower with Radar,69,35,27,0,131,0,0,42,0,42,69,35,69,0,173,12,0,12,185
08/22/2021,PVD,RI,ANE,EN,Combined TRACON& Tower with Radar,15,0,1,0,16,0,0,0,0,0,15,0,1,0,16,0,0,0,16
08/23/2021,PVD,RI,ANE,EN,Combined TRACON& Tower with Radar,76,19,19,0,114,0,0,7,0,7,76,19,26,0,121,0,0,0,121
08/24/2021,PVD,RI,ANE,EN,Combined TRACON& Tower with Radar,69,31,31,0,131,0,3,37,0,40,69,34,68,0,171,26,0,26,197
08/25/2021,PVD,RI,ANE,EN,Combined TRACON& Tower with Radar,73,18,13,0,104,0,2,45,0,47,73,20,58,0,151,40,0,40,191
08/26/2021,PVD,RI,ANE,EN,Combined TRACON& Tower with Radar,86,35,22,0,143,0,1,52,0,53,86,36,74,0,196,26,0,26,222
08/27/2021,PVD,RI,ANE,EN,Combined TRACON& Tower with Radar,88,30,15,0,133,0,0,40,0,40,88,30,55,0,173,18,0,18,191
08/28/2021,PVD,RI,ANE,EN,Combined TRACON& Tower with Radar,70,19,16,0,105,0,5,58,0,63,70,24,74,0,168,58,0,58,226
08/29/2021,PVD,RI,ANE,EN,Combined TRACON& Tower with Radar,76,22,23,0,121,0,0,34,1,35,76,22,57,1,156,34,0,34,190
08/30/2021,PVD,RI,ANE,EN,Combined TRACON& Tower with Radar,80,19,20,0,119,0,2,12,0,14,80,21,32,0,133,53,0,53,186
08/31/2021,PVD,RI,ANE,EN,Combined TRACON& Tower with Radar,71,27,16,2,116,0,1,42,1,44,71,28,58,3,160,30,0,30,190
09/01/2021,PVD,RI,ANE,EN,Combined TRACON& Tower with Radar,73,47,19,8,147,0,0,5,0,5,73,47,24,8,152,0,0,0,152
09/02/2021,PVD,RI,ANE,EN,Combined TRACON& Tower with Radar,86,36,16,0,138,0,3,12,0,15,86,39,28,0,153,10,0,10,163
09/03/2021,PVD,RI,ANE,EN,Combined TRACON& Tower with Radar,89,34,26,0,149,0,1,34,0,35,89,35,60,0,184,16,0,16,200
09/04/2021,PVD,RI,ANE,EN,Combined TRACON& Tower with Radar,67,25,13,0,105,0,2,41,4,47,67,27,54,4,152,26,0,26,178
09/05/2021,PVD,RI,ANE,EN,Combined TRACON& Tower with Radar,66,21,9,0,96,0,2,41,0,43,66,23,50,0,139,74,0,74,213
09/06/2021,PVD,RI,ANE,EN,Combined TRACON& Tower with Radar,75,23,24,0,122,0,0,9,0,9,75,23,33,0,131,0,0,0,131
09/07/2021,PVD,RI,ANE,EN,Combined TRACON& Tower with Radar,59,26,25,0,110,0,0,41,2,43,59,26,66,2,153,36,0,36,189
09/08/2021,PVD,RI,ANE,EN,Combined TRACON& Tower with Radar,68,29,14,0,111,0,4,32,0,36,68,33,46,0,147,20,0,20,167
09/09/2021,PVD,RI,ANE,EN,Combined TRACON& Tower with Radar,84,33,24,0,141,0,0,0,0,0,84,33,24,0,141,6,0,6,147
09/10/2021,PVD,RI,ANE,EN,Combined TRACON& Tower with Radar,81,32,27,0,140,0,2,37,1,40,81,34,64,1,180,20,0,20,200
09/11/2021,PVD,RI,ANE,EN,Combined TRACON& Tower with Radar,70,20,19,0,109,0,1,61,1,63,70,21,80,1,172,80,0,80,252
09/12/2021,PVD,RI,ANE,EN,Combined TRACON& Tower with Radar,75,23,22,0,120,0,0,36,0,36,75,23,58,0,156,0,0,0,156
09/13/2021,PVD,RI,ANE,EN,Combined TRACON& Tower with Radar,78,24,29,0,131,0,2,42,0,44,78,26,71,0,175,26,0,26,201
09/14/2021,PVD,RI,ANE,EN,Combined TRACON& Tower with Radar,61,31,24,0,116,0,2,35,0,37,61,33,59,0,153,48,0,48,201
09/15/2021,PVD,RI,ANE,EN,Combined TRACON& Tower with Radar,66,26,27,2,121,0,0,11,4,15,66,26,38,6,136,24,0,24,160
09/16/2021,PVD,RI,ANE,EN,Combined TRACON& Tower with Radar,81,32,29,0,142,0,0,9,0,9,81,32,38,0,151,48,0,48,199
09/17/2021,PVD,RI,ANE,EN,Combined TRACON& Tower with Radar,78,43,23,0,144,0,0,0,0,0,78,43,23,0,144,2,0,2,146
09/18/2021,PVD,RI,ANE,EN,Combined TRACON& Tower with Radar,68,31,11,6,116,0,0,13,1,14,68,31,24,7,130,16,0,16,146
09/19/2021,PVD,RI,ANE,EN,Combined TRACON& Tower with Radar,78,24,16,0,118,0,1,50,1,52,78,25,66,1,170,0,0,0,170
09/20/2021,PVD,RI,ANE,EN,Combined TRACON& Tower with Radar,76,27,24,0,127,0,0,33,0,33,76,27,57,0,160,10,0,10,170
09/21/2021,PVD,RI,ANE,EN,Combined TRACON& Tower with Radar,65,23,11,0,99,0,0,31,1,32,65,23,42,1,131,34,0,34,165
09/22/2021,PVD,RI,ANE,EN,Combined TRACON& Tower with Radar,63,29,30,2,124,0,1,7,0,8,63,30,37,2,132,0,0,0,132
09/23/2021,PVD,RI,ANE,EN,Combined TRACON& Tower with Radar,84,31,17,0,132,0,0,7,0,7,84,31,24,0,139,10,0,10,149
09/24/2021,PVD,RI,ANE,EN,Combined TRACON& Tower with Radar,79,38,19,0,136,0,0,3,0,3,79,38,22,0,139,20,0,20,159
09/25/2021,PVD,RI,ANE,EN,Combined TRACON& Tower with Radar,65,23,10,0,98,0,0,47,0,47,65,23,57,0,145,34,0,34,179
09/26/2021,PVD,RI,ANE,EN,Combined TRACON& Tower with Radar,79,16,18,0,113,0,0,45,1,46,79,16,63,1,159,0,0,0,159
09/27/2021,PVD,RI,ANE,EN,Combined TRACON& Tower with Radar,78,37,23,0,138,0,2,38,0,40,78,39,61,0,178,22,0,22,200
09/28/2021,PVD,RI,ANE,EN,Combined TRACON& Tower with Radar,60,28,8,0,96,0,1,10,0,11,60,29,18,0,107,4,0,4,111
09/29/2021,PVD,RI,ANE,EN,Combined TRACON& Tower with Radar,67,30,17,0,114,0,6,39,0,45,67,36,56,0,159,48,0,48,207
09/30/2021,PVD,RI,ANE,EN,Combined TRACON& Tower with Radar,86,37,19,0,142,0,2,30,1,33,86,39,49,1,175,22,0,22,197
10/01/2021,PVD,RI,ANE,EN,Combined TRACON& Tower with Radar,79,36,10,0,125,0,1,49,0,50,79,37,59,0,175,0,0,0,175
10/02/2021,PVD,RI,ANE,EN,Combined TRACON& Tower with Radar,64,31,10,0,105,0,0,63,0,63,64,31,73,0,168,57,0,57,225
10/03/2021,PVD,RI,ANE,EN,Combined TRACON& Tower with Radar,75,42,18,0,135,0,0,51,0,51,75,42,69,0,186,48,0,48,234
10/04/2021,PVD,RI,ANE,EN,Combined TRACON& Tower with Radar,79,35,26,0,140,0,0,0,0,0,79,35,26,0,140,0,0,0,140
10/05/2021,PVD,RI,ANE,EN,Combined TRACON& Tower with Radar,69,22,22,0,113,0,0,2,0,2,69,22,24,0,115,6,0,6,121
10/06/2021,PVD,RI,ANE,EN,Combined TRACON& Tower with Radar,70,32,21,0,123,0,0,36,0,36,70,32,57,0,159,22,0,22,181
10/07/2021,PVD,RI,ANE,EN,Combined TRACON& Tower with Radar,87,29,16,0,132,0,0,42,0,42,87,29,58,0,174,12,0,12,186
10/08/2021,PVD,RI,ANE,EN,Combined TRACON& Tower with Radar,84,30,24,0,138,0,0,43,0,43,84,30,67,0,181,18,0,18,199
10/09/2021,PVD,RI,ANE,EN,Combined TRACON& Tower with Radar,64,21,25,3,113,0,0,16,0,16,64,21,41,3,129,48,0,48,177
10/10/2021,PVD,RI,ANE,EN,Combined TRACON& Tower with Radar,71,20,24,0,115,0,0,12,0,12,71,20,36,0,127,66,0,66,193
10/11/2021,PVD,RI,ANE,EN,Combined TRACON& Tower with Radar,80,25,28,0,133,0,0,21,0,21,80,25,49,0,154,24,0,24,178
10/12/2021,PVD,RI,ANE,EN,Combined TRACON& Tower with Radar,83,20,26,0,129,0,0,19,0,19,83,20,45,0,148,40,0,40,188
10/13/2021,PVD,RI,ANE,EN,Combined TRACON& Tower with Radar,83,28,25,0,136,0,3,37,0,40,83,31,62,0,176,50,0,50,226
10/14/2021,PVD,RI,ANE,EN,Combined TRACON& Tower with Radar,91,22,33,0,146,0,1,49,0,50,91,23,82,0,196,36,0,36,232
10/15/2021,PVD,RI,ANE,EN,Combined TRACON& Tower with Radar,89,43,33,0,165,0,2,16,0,18,89,45,49,0,183,14,0,14,197
10/16/2021,PVD,RI,ANE,EN,Combined TRACON& Tower with Radar,80,32,15,0,127,0,0,11,0,11,80,32,26,0,138,0,0,0,138
10/17/2021,PVD,RI,ANE,EN,Combined TRACON& Tower with Radar,87,28,22,0,137,0,4,28,0,32,87,32,50,0,169,0,0,0,169
10/18/2021,PVD,RI,ANE,EN,Combined TRACON& Tower with Radar,84,25,17,0,126,0,0,25,0,25,84,25,42,0,151,16,0,16,167
10/19/2021,PVD,RI,ANE,EN,Combined TRACON& Tower with Radar,79,25,10,0,114,0,2,6,0,8,79,27,16,0,122,0,0,0,122
10/20/2021,PVD,RI,ANE,EN,Combined TRACON& Tower with Radar,84,24,7,0,115,0,1,51,1,53,84,25,58,1,168,38,0,38,206
10/21/2021,PVD,RI,ANE,EN,Combined TRACON& Tower with Radar,89,34,25,0,148,0,3,55,2,60,89,37,80,2,208,40,0,40,248
10/22/2021,PVD,RI,ANE,EN,Combined TRACON& Tower with Radar,82,32,22,0,136,0,0,37,0,37,82,32,59,0,173,44,0,44,217
10/23/2021,PVD,RI,ANE,EN,Combined TRACON& Tower with Radar,76,26,11,1,114,0,2,54,0,56,76,28,65,1,170,10,0,10,180
10/24/2021,PVD,RI,ANE,EN,Combined TRACON& Tower with Radar,83,12,20,1,116,0,0,30,0,30,83,12,50,1,146,0,0,0,146
10/25/2021,PVD,RI,ANE,EN,Combined TRACON& Tower with Radar,84,24,22,0,130,0,0,0,0,0,84,24,22,0,130,0,0,0,130
10/26/2021,PVD,RI,ANE,EN,Combined TRACON& Tower with Radar,76,31,8,0,115,0,0,1,0,1,76,31,9,0,116,0,0,0,116
10/27/2021,PVD,RI,ANE,EN,Combined TRACON& Tower with Radar,81,17,22,2,122,0,0,0,0,0,81,17,22,2,122,0,0,0,122
10/28/2021,PVD,RI,ANE,EN,Combined TRACON& Tower with Radar,92,36,37,0,165,0,0,21,0,21,92,36,58,0,186,18,0,18,204
10/29/2021,PVD,RI,ANE,EN,Combined TRACON& Tower with Radar,88,26,20,0,134,0,4,25,1,30,88,30,45,1,164,46,0,46,210
10/30/2021,PVD,RI,ANE,EN,Combined TRACON& Tower with Radar,76,24,11,0,111,0,0,0,0,0,76,24,11,0,111,0,0,0,111
10/31/2021,PVD,RI,ANE,EN,Combined TRACON& Tower with Radar,68,20,22,0,110,0,1,23,0,24,68,21,45,0,134,62,0,62,196
11/01/2021,PVD,RI,ANE,EN,Combined TRACON& Tower with Radar,85,30,13,0,128,0,0,30,0,30,85,30,43,0,158,36,0,36,194
11/02/2021,PVD,RI,ANE,EN,Combined TRACON& Tower with Radar,78,20,19,6,123,0,0,52,2,54,78,20,71,8,177,40,0,40,217
11/03/2021,PVD,RI,ANE,EN,Combined TRACON& Tower with Radar,84,25,18,0,127,0,2,36,0,38,84,27,54,0,165,48,0,48,213
11/04/2021,PVD,RI,ANE,EN,Combined TRACON& Tower with Radar,95,24,17,0,136,0,0,41,0,41,95,24,58,0,177,24,0,24,201
11/05/2021,PVD,RI,ANE,EN,Combined TRACON& Tower with Radar,89,24,12,0,125,0,0,33,0,33,89,24,45,0,158,28,0,28,186
11/06/2021,PVD,RI,ANE,EN,Combined TRACON& Tower with Radar,75,15,15,0,105,0,0,48,0,48,75,15,63,0,153,26,0,26,179
11/07/2021,PVD,RI,ANE,EN,Combined TRACON& Tower with Radar,80,20,21,4,125,0,0,37,0,37,80,20,58,4,162,48,0,48,210
11/08/2021,PVD,RI,ANE,EN,Combined TRACON& Tower with Radar,95,15,24,0,134,0,2,25,0,27,95,17,49,0,161,28,0,28,189
11/09/2021,PVD,RI,ANE,EN,Combined TRACON& Tower with Radar,79,20,12,4,115,0,3,36,0,39,79,23,48,4,154,6,0,6,160
11/10/2021,PVD,RI,ANE,EN,Combined TRACON& Tower with Radar,81,22,28,2,133,0,0,32,0,32,81,22,60,2,165,11,0,11,176
11/11/2021,PVD,RI,ANE,EN,Combined TRACON& Tower with Radar,91,21,24,0,136,0,1,31,0,32,91,22,55,0,168,28,0,28,196
11/12/2021,PVD,RI,ANE,EN,Combined TRACON& Tower with Radar,94,21,10,0,125,0,0,0,0,0,94,21,10,0,125,0,0,0,125
11/13/2021,PVD,RI,ANE,EN,Combined TRACON& Tower with Radar,79,19,8,0,106,0,2,50,2,54,79,21,58,2,160,32,0,32,192
11/14/2021,PVD,RI,ANE,EN,Combined TRACON& Tower with Radar,84,23,15,4,126,0,0,48,0,48,84,23,63,4,174,30,0,30,204
11/15/2021,PVD,RI,ANE,EN,Combined TRACON& Tower with Radar,91,24,21,0,136,0,0,10,0,10,91,24,31,0,146,14,0,14,160
11/16/2021,PVD,RI,ANE,EN,Combined TRACON& Tower with Radar,76,17,27,0,120,0,0,20,0,20,76,17,47,0,140,6,0,6,146
11/17/2021,PVD,RI,ANE,EN,Combined TRACON& Tower with Radar,82,24,22,0,128,0,0,22,0,22,82,24,44,0,150,20,0,20,170
11/18/2021,PVD,RI,ANE,EN,Combined TRACON& Tower with Radar,89,24,15,0,128,0,0,25,1,26,89,24,40,1,154,10,0,10,164
11/19/2021,PVD,RI,ANE,EN,Combined TRACON& Tower with Radar,95,27,16,0,138,0,0,8,0,8,95,27,24,0,146,5,0,5,151
11/20/2021,PVD,RI,ANE,EN,Combined TRACON& Tower with Radar,69,17,22,0,108,0,0,54,0,54,69,17,76,0,162,48,0,48,210
11/21/2021,PVD,RI,ANE,EN,Combined TRACON& Tower with Radar,84,19,19,2,124,0,0,41,1,42,84,19,60,3,166,10,0,10,176
11/22/2021,PVD,RI,ANE,EN,Combined TRACON& Tower with Radar,89,28,11,2,130,0,0,2,2,4,89,28,13,4,134,0,0,0,134
11/23/2021,PVD,RI,ANE,EN,Combined TRACON& Tower with Radar,92,30,17,0,139,0,2,23,0,25,92,32,40,0,164,10,0,10,174
11/24/2021,PVD,RI,ANE,EN,Combined TRACON& Tower with Radar,97,31,10,2,140,0,1,22,0,23,97,32,32,2,163,6,2,8,171
11/25/2021,PVD,RI,ANE,EN,Combined TRACON& Tower with Radar,40,9,5,0,54,0,1,7,0,8,40,10,12,0,62,14,0,14,76
11/26/2021,PVD,RI,ANE,EN,Combined TRACON& Tower with Radar,67,23,8,0,98,0,0,0,0,0,67,23,8,0,98,0,0,0,98
11/27/2021,PVD,RI,ANE,EN,Combined TRACON& Tower with Radar,80,21,8,0,109,0,0,4,0,4,80,21,12,0,113,0,0,0,113
11/28/2021,PVD,RI,ANE,EN,Combined TRACON& Tower with Radar,84,32,31,0,147,0,0,28,0,28,84,32,59,0,175,0,0,0,175
11/29/2021,PVD,RI,ANE,EN,Combined TRACON& Tower with Radar,98,23,17,0,138,0,0,42,0,42,98,23,59,0,180,8,0,8,188
11/30/2021,PVD,RI,ANE,EN,Combined TRACON& Tower with Radar,90,44,21,0,155,0,0,21,0,21,90,44,42,0,176,0,0,0,176
12/01/2021,PVD,RI,ANE,EN,Combined TRACON& Tower with Radar,87,20,12,4,123,0,0,20,3,23,87,20,32,7,146,12,2,14,160
12/02/2021,PVD,RI,ANE,EN,Combined TRACON& Tower with Radar,89,24,13,8,134,0,1,5,0,6,89,25,18,8,140,4,0,4,144
12/03/2021,PVD,RI,ANE,EN,Combined TRACON& Tower with Radar,92,21,6,0,119,0,0,6,0,6,92,21,12,0,125,8,4,12,137
12/04/2021,PVD,RI,ANE,EN,Combined TRACON& Tower with Radar,63,25,19,0,107,0,2,69,0,71,63,27,88,0,178,22,0,22,200
12/05/2021,PVD,RI,ANE,EN,Combined TRACON& Tower with Radar,79,29,18,0,126,0,3,47,0,50,79,32,65,0,176,42,0,42,218
12/06/2021,PVD,RI,ANE,EN,Combined TRACON& Tower with Radar,93,28,29,0,150,0,0,0,0,0,93,28,29,0,150,0,0,0,150
12/07/2021,PVD,RI,ANE,EN,Combined TRACON& Tower with Radar,82,21,21,0,124,0,1,40,0,41,82,22,61,0,165,62,0,62,227
12/08/2021,PVD,RI,ANE,EN,Combined TRACON& Tower with Radar,85,20,21,1,127,0,0,4,0,4,85,20,25,1,131,34,0,34,165
12/09/2021,PVD,RI,ANE,EN,Combined TRACON& Tower with Radar,88,30,20,3,141,0,4,29,4,37,88,34,49,7,178,18,10,28,206
12/10/2021,PVD,RI,ANE,EN,Combined TRACON& Tower with Radar,88,20,27,0,135,0,0,27,0,27,88,20,54,0,162,18,0,18,180
12/11/2021,PVD,RI,ANE,EN,Combined TRACON& Tower with Radar,66,25,4,0,95,1,0,0,0,1,67,25,4,0,96,0,0,0,96
12/12/2021,PVD,RI,ANE,EN,Combined TRACON& Tower with Radar,75,20,17,0,112,0,0,11,0,11,75,20,28,0,123,0,0,0,123
12/13/2021,PVD,RI,ANE,EN,Combined TRACON& Tower with Radar,92,21,11,0,124,0,0,37,1,38,92,21,48,1,162,32,0,32,194
12/14/2021,PVD,RI,ANE,EN,Combined TRACON& Tower with Radar,82,25,13,0,120,0,0,30,0,30,82,25,43,0,150,12,0,12,162
12/15/2021,PVD,RI,ANE,EN,Combined TRACON& Tower with Radar,84,18,16,0,118,0,0,22,0,22,84,18,38,0,140,0,0,0,140
12/16/2021,PVD,RI,ANE,EN,Combined TRACON& Tower with Radar,92,23,15,2,132,0,0,7,4,11,92,23,22,6,143,10,0,10,153
12/17/2021,PVD,RI,ANE,EN,Combined TRACON& Tower with Radar,94,25,17,0,136,0,0,16,0,16,94,25,33,0,152,18,0,18,170
12/18/2021,PVD,RI,ANE,EN,Combined TRACON& Tower with Radar,69,15,1,0,85,0,0,0,0,0,69,15,1,0,85,0,0,0,85
12/19/2021,PVD,RI,ANE,EN,Combined TRACON& Tower with Radar,80,18,4,0,102,0,0,5,0,5,80,18,9,0,107,4,0,4,111
12/20/2021,PVD,RI,ANE,EN,Combined TRACON& Tower with Radar,86,33,19,2,140,0,0,34,0,34,86,33,53,2,174,38,0,38,212
12/21/2021,PVD,RI,ANE,EN,Combined TRACON& Tower with Radar,95,17,5,0,117,0,0,34,0,34,95,17,39,0,151,42,0,42,193
12/22/2021,PVD,RI,ANE,EN,Combined TRACON& Tower with Radar,106,20,17,0,143,0,0,0,0,0,106,20,17,0,143,0,0,0,143
12/23/2021,PVD,RI,ANE,EN,Combined TRACON& Tower with Radar,100,19,4,0,123,0,0,28,0,28,100,19,32,0,151,18,0,18,169
12/24/2021,PVD,RI,ANE,EN,Combined TRACON& Tower with Radar,67,20,6,0,93,0,0,0,0,0,67,20,6,0,93,0,0,0,93
12/25/2021,PVD,RI,ANE,EN,Combined TRACON& Tower with Radar,65,14,4,0,83,0,0,0,0,0,65,14,4,0,83,0,0,0,83
12/26/2021,PVD,RI,ANE,EN,Combined TRACON& Tower with Radar,80,19,4,0,103,0,0,11,0,11,80,19,15,0,114,30,0,30,144
12/27/2021,PVD,RI,ANE,EN,Combined TRACON& Tower with Radar,82,21,13,0,116,0,0,40,2,42,82,21,53,2,158,12,0,12,170
12/28/2021,PVD,RI,ANE,EN,Combined TRACON& Tower with Radar,88,22,3,0,113,0,2,12,0,14,88,24,15,0,127,30,0,30,157
12/29/2021,PVD,RI,ANE,EN,Combined TRACON& Tower with Radar,86,13,8,2,109,0,0,1,0,1,86,13,9,2,110,20,0,20,130
12/30/2021,PVD,RI,ANE,EN,Combined TRACON& Tower with Radar,90,18,2,2,112,0,0,0,0,0,90,18,2,2,112,0,0,0,112
12/31/2021,PVD,RI,ANE,EN,Combined TRACON& Tower with Radar,69,9,6,0,84,0,0,0,0,0,69,9,6,0,84,0,0,0,84
01/01/2022,PVD,RI,ANE,EN,Combined TRACON& Tower with Radar,62,10,3,0,75,0,0,0,0,0,62,10,3,0,75,0,0,0,75
01/02/2022,PVD,RI,ANE,EN,Combined TRACON& Tower with Radar,78,28,21,0,127,0,0,0,0,0,78,28,21,0,127,0,0,0,127
01/03/2022,PVD,RI,ANE,EN,Combined TRACON& Tower with Radar,63,17,14,0,94,0,0,8,0,8,63,17,22,0,102,24,0,24,126
01/04/2022,PVD,RI,ANE,EN,Combined TRACON& Tower with Radar,52,15,14,0,81,0,0,51,0,51,52,15,65,0,132,40,0,40,172
01/05/2022,PVD,RI,ANE,EN,Combined TRACON& Tower with Radar,75,18,8,2,103,0,0,1,0,1,75,18,9,2,104,0,0,0,104
01/06/2022,PVD,RI,ANE,EN,Combined TRACON& Tower with Radar,84,20,18,0,122,0,2,29,2,33,84,22,47,2,155,30,0,30,185
01/07/2022,PVD,RI,ANE,EN,Combined TRACON& Tower with Radar,72,12,6,0,90,0,0,0,0,0,72,12,6,0,90,0,0,0,90
01/08/2022,PVD,RI,ANE,EN,Combined TRACON& Tower with Radar,66,15,16,0,97,0,0,39,0,39,66,15,55,0,136,22,0,22,158
01/09/2022,PVD,RI,ANE,EN,Combined TRACON& Tower with Radar,82,17,4,0,103,0,0,8,0,8,82,17,12,0,111,0,0,0,111
01/10/2022,PVD,RI,ANE,EN,Combined TRACON& Tower with Radar,86,18,11,0,115,0,0,20,0,20,86,18,31,0,135,16,0,16,151
01/11/2022,PVD,RI,ANE,EN,Combined TRACON& Tower with Radar,85,16,9,0,110,0,0,30,0,30,85,16,39,0,140,0,0,0,140
01/12/2022,PVD,RI,ANE,EN,Combined TRACON& Tower with Radar,84,14,14,0,112,0,0,19,0,19,84,14,33,0,131,6,4,10,141
01/13/2022,PVD,RI,ANE,EN,Combined TRACON& Tower with Radar,94,13,19,2,128,0,0,35,0,35,94,13,54,2,163,36,0,36,199
01/14/2022,PVD,RI,ANE,EN,Combined TRACON& Tower with Radar,99,14,5,0,118,0,0,4,0,4,99,14,9,0,122,4,0,4,126
01/15/2022,PVD,RI,ANE,EN,Combined TRACON& Tower with Radar,72,13,10,0,95,0,1,28,0,29,72,14,38,0,124,0,0,0,124
01/16/2022,PVD,RI,ANE,EN,Combined TRACON& Tower with Radar,59,11,8,0,78,0,0,29,0,29,59,11,37,0,107,0,0,0,107
01/17/2022,PVD,RI,ANE,EN,Combined TRACON& Tower with Radar,77,18,9,0,104,0,0,0,0,0,77,18,9,0,104,0,0,0,104
01/18/2022,PVD,RI,ANE,EN,Combined TRACON& Tower with Radar,81,20,13,0,114,0,2,4,0,6,81,22,17,0,120,0,0,0,120
01/19/2022,PVD,RI,ANE,EN,Combined TRACON& Tower with Radar,87,30,8,0,125,0,0,10,0,10,87,30,18,0,135,4,0,4,139
01/20/2022,PVD,RI,ANE,EN,Combined TRACON& Tower with Radar,88,8,7,0,103,0,0,5,0,5,88,8,12,0,108,0,0,0,108
01/21/2022,PVD,RI,ANE,EN,Combined TRACON& Tower with Radar,91,16,7,0,114,0,1,36,0,37,91,17,43,0,151,58,0,58,209
01/22/2022,PVD,RI,ANE,EN,Combined TRACON& Tower with Radar,74,7,7,0,88,0,0,28,0,28,74,7,35,0,116,80,0,80,196
01/23/2022,PVD,RI,ANE,EN,Combined TRACON& Tower with Radar,83,11,21,2,117,0,0,33,0,33,83,11,54,2,150,0,0,0,150
01/24/2022,PVD,RI,ANE,EN,Combined TRACON& Tower with Radar,88,10,11,1,110,0,0,26,1,27,88,10,37,2,137,20,4,24,161
01/25/2022,PVD,RI,ANE,EN,Combined TRACON& Tower with Radar,88,17,9,0,114,0,0,21,0,21,88,17,30,0,135,22,0,22,157
01/26/2022,PVD,RI,ANE,EN,Combined TRACON& Tower with Radar,88,18,11,5,122,0,0,26,0,26,88,18,37,5,148,38,0,38,186
01/27/2022,PVD,RI,ANE,EN,Combined TRACON& Tower with Radar,94,17,18,0,129,0,2,30,1,33,94,19,48,1,162,8,30,38,200
01/28/2022,PVD,RI,ANE,EN,Combined TRACON& Tower with Radar,84,19,8,0,111,0,0,14,1,15,84,19,22,1,126,4,0,4,130
01/29/2022,PVD,RI,ANE,EN,Combined TRACON& Tower with Radar,0,1,0,0,1,0,0,0,0,0,0,1,0,0,1,0,0,0,1
01/30/2022,PVD,RI,ANE,EN,Combined TRACON& Tower with Radar,74,11,8,0,93,0,0,4,0,4,74,11,12,0,97,0,0,0,97
01/31/2022,PVD,RI,ANE,EN,Combined TRACON& Tower with Radar,88,20,17,0,125,0,0,30,0,30,88,20,47,0,155,48,0,48,203
02/01/2022,PVD,RI,ANE,EN,Combined TRACON& Tower with Radar,83,13,9,0,105,0,2,28,1,31,83,15,37,1,136,16,0,16,152
02/02/2022,PVD,RI,ANE,EN,Combined TRACON& Tower with Radar,90,17,7,0,114,0,0,0,0,0,90,17,7,0,114,0,0,0,114
02/03/2022,PVD,RI,ANE,EN,Combined TRACON& Tower with Radar,86,11,13,0,110,0,0,0,0,0,86,11,13,0,110,0,0,0,110
02/04/2022,PVD,RI,ANE,EN,Combined TRACON& Tower with Radar,45,4,2,0,51,0,0,0,0,0,45,4,2,0,51,0,0,0,51
02/05/2022,PVD,RI,ANE,EN,Combined TRACON& Tower with Radar,72,22,5,0,99,0,1,18,0,19,72,23,23,0,118,14,0,14,132
02/06/2022,PVD,RI,ANE,EN,Combined TRACON& Tower with Radar,84,8,10,0,102,0,0,27,0,27,84,8,37,0,129,34,0,34,163
02/07/2022,PVD,RI,ANE,EN,Combined TRACON& Tower with Radar,96,15,13,0,124,0,0,0,0,0,96,15,13,0,124,0,0,0,124
02/08/2022,PVD,RI,ANE,EN,Combined TRACON& Tower with Radar,94,17,9,0,120,0,0,2,0,2,94,17,11,0,122,0,0,0,122
02/09/2022,PVD,RI,ANE,EN,Combined TRACON& Tower with Radar,93,14,16,8,131,0,1,33,0,34,93,15,49,8,165,44,10,54,219
02/10/2022,PVD,RI,ANE,EN,Combined TRACON& Tower with Radar,99,23,20,4,146,0,0,24,4,28,99,23,44,8,174,18,10,28,202
02/11/2022,PVD,RI,ANE,EN,Combined TRACON& Tower with Radar,95,24,26,0,145,0,0,30,0,30,95,24,56,0,175,40,0,40,215
02/12/2022,PVD,RI,ANE,EN,Combined TRACON& Tower with Radar,71,19,16,0,106,0,0,41,0,41,71,19,57,0,147,30,0,30,177
02/13/2022,PVD,RI,ANE,EN,Combined TRACON& Tower with Radar,68,14,10,0,92,0,0,0,0,0,68,14,10,0,92,0,0,0,92
02/14/2022,PVD,RI,ANE,EN,Combined TRACON& Tower with Radar,97,18,16,0,131,0,0,10,0,10,97,18,26,0,141,6,10,16,157
02/15/2022,PVD,RI,ANE,EN,Combined TRACON& Tower with Radar,93,27,25,0,145,0,4,32,0,36,93,31,57,0,181,16,0,16,197
02/16/2022,PVD,RI,ANE,EN,Combined TRACON& Tower with Radar,92,19,18,2,131,0,1,18,0,19,92,20,36,2,150,0,0,0,150
02/17/2022,PVD,RI,ANE,EN,Combined TRACON& Tower with Radar,103,18,14,0,135,0,0,4,0,4,103,18,18,0,139,0,0,0,139
02/18/2022,PVD,RI,ANE,EN,Combined TRACON& Tower with Radar,99,26,13,0,138,0,0,1,0,1,99,26,14,0,139,0,0,0,139
02/19/2022,PVD,RI,ANE,EN,Combined TRACON& Tower with Radar,84,12,8,0,104,0,0,5,0,5,84,12,13,0,109,0,0,0,109
02/20/2022,PVD,RI,ANE,EN,Combined TRACON& Tower with Radar,86,12,12,0,110,0,0,28,0,28,86,12,40,0,138,34,0,34,172
02/21/2022,PVD,RI,ANE,EN,Combined TRACON& Tower with Radar,103,21,19,0,143,0,0,36,0,36,103,21,55,0,179,0,0,0,179
02/22/2022,PVD,RI,ANE,EN,Combined TRACON& Tower with Radar,107,35,10,0,152,0,0,0,0,0,107,35,10,0,152,0,0,0,152
02/23/2022,PVD,RI,ANE,EN,Combined TRACON& Tower with Radar,99,20,19,0,138,0,0,0,0,0,99,20,19,0,138,0,0,0,138
02/24/2022,PVD,RI,ANE,EN,Combined TRACON& Tower with Radar,101,21,22,0,144,0,0,41,0,41,101,21,63,0,185,6,0,6,191
02/25/2022,PVD,RI,ANE,EN,Combined TRACON& Tower with Radar,61,14,13,0,88,0,0,0,0,0,61,14,13,0,88,0,0,0,88
02/26/2022,PVD,RI,ANE,EN,Combined TRACON& Tower with Radar,81,24,17,2,124,0,1,46,1,48,81,25,63,3,172,68,0,68,240
02/27/2022,PVD,RI,ANE,EN,Combined TRACON& Tower with Radar,91,21,19,0,131,0,1,23,0,24,91,22,42,0,155,0,0,0,155
02/28/2022,PVD,RI,ANE,EN,Combined TRACON& Tower with Radar,105,18,20,0,143,0,1,41,0,42,105,19,61,0,185,12,0,12,197
03/01/2022,PVD,RI,ANE,EN,Combined TRACON& Tower with Radar,99,26,12,2,139,0,1,19,0,20,99,27,31,2,159,8,0,8,167
03/02/2022,PVD,RI,ANE,EN,Combined TRACON& Tower with Radar,93,18,17,8,136,0,0,30,2,32,93,18,47,10,168,22,16,38,206
03/03/2022,PVD,RI,ANE,EN,Combined TRACON& Tower with Radar,107,19,8,0,134,0,0,20,0,20,107,19,28,0,154,8,0,8,162
03/04/2022,PVD,RI,ANE,EN,Combined TRACON& Tower with Radar,93,26,12,2,133,0,0,46,1,47,93,26,58,3,180,50,0,50,230
03/05/2022,PVD,RI,ANE,EN,Combined TRACON& Tower with Radar,69,18,10,2,99,0,1,44,0,45,69,19,54,2,144,136,0,136,280
03/06/2022,PVD,RI,ANE,EN,Combined TRACON& Tower with Radar,88,26,7,0,121,0,0,2,0,2,88,26,9,0,123,0,0,0,123
03/07/2022,PVD,RI,ANE,EN,Combined TRACON& Tower with Radar,93,25,22,2,142,0,0,13,0,13,93,25,35,2,155,38,0,38,193
03/08/2022,PVD,RI,ANE,EN,Combined TRACON& Tower with Radar,97,30,11,0,138,0,0,4,0,4,97,30,15,0,142,0,0,0,142
03/09/2022,PVD,RI,ANE,EN,Combined TRACON& Tower with Radar,81,12,12,0,105,0,0,5,0,5,81,12,17,0,110,28,0,28,138
03/10/2022,PVD,RI,ANE,EN,Combined TRACON& Tower with Radar,99,32,26,5,162,0,0,44,3,47,99,32,70,8,209,64,0,64,273
03/11/2022,PVD,RI,ANE,EN,Combined TRACON& Tower with Radar,87,15,22,3,127,0,0,64,2,66,87,15,86,5,193,54,0,54,247
03/12/2022,PVD,RI,ANE,EN,Combined TRACON& Tower with Radar,56,8,9,2,75,0,0,0,0,0,56,8,9,2,75,0,0,0,75
03/13/2022,PVD,RI,ANE,EN,Combined TRACON& Tower with Radar,86,16,10,0,112,0,0,3,0,3,86,16,13,0,115,0,0,0,115
03/14/2022,PVD,RI,ANE,EN,Combined TRACON& Tower with Radar,95,15,12,1,123,0,0,30,1,31,95,15,42,2,154,42,0,42,196
03/15/2022,PVD,RI,ANE,EN,Combined TRACON& Tower with Radar,102,20,17,2,141,0,0,38,3,41,102,20,55,5,182,26,0,26,208
03/16/2022,PVD,RI,ANE,EN,Combined TRACON& Tower with Radar,88,21,11,0,120,0,0,22,1,23,88,21,33,1,143,34,0,34,177
03/17/2022,PVD,RI,ANE,EN,Combined TRACON& Tower with Radar,102,19,17,0,138,0,0,0,0,0,102,19,17,0,138,0,0,0,138
03/18/2022,PVD,RI,ANE,EN,Combined TRACON& Tower with Radar,92,26,23,0,141,0,2,51,0,53,92,28,74,0,194,12,0,12,206
03/19/2022,PVD,RI,ANE,EN,Combined TRACON& Tower with Radar,70,7,8,0,85,0,0,0,0,0,70,7,8,0,85,0,0,0,85
03/20/2022,PVD,RI,ANE,EN,Combined TRACON& Tower with Radar,100,23,15,2,140,0,2,32,0,34,100,25,47,2,174,0,0,0,174
03/21/2022,PVD,RI,ANE,EN,Combined TRACON& Tower with Radar,100,29,14,0,143,0,0,16,0,16,100,29,30,0,159,0,0,0,159
03/22/2022,PVD,RI,ANE,EN,Combined TRACON& Tower with Radar,86,24,12,0,122,0,0,31,0,31,86,24,43,0,153,0,0,0,153
03/23/2022,PVD,RI,ANE,EN,Combined TRACON& Tower with Radar,86,19,11,0,116,0,0,32,0,32,86,19,43,0,148,10,0,10,158
03/24/2022,PVD,RI,ANE,EN,Combined TRACON& Tower with Radar,104,25,13,0,142,0,0,0,0,0,104,25,13,0,142,0,0,0,142
03/25/2022,PVD,RI,ANE,EN,Combined TRACON& Tower with Radar,96,30,20,0,146,0,0,29,0,29,96,30,49,0,175,38,0,38,213
03/26/2022,PVD,RI,ANE,EN,Combined TRACON& Tower with Radar,77,23,22,0,122,0,0,41,0,41,77,23,63,0,163,94,0,94,257
03/27/2022,PVD,RI,ANE,EN,Combined TRACON& Tower with Radar,87,12,15,0,114,0,1,23,0,24,87,13,38,0,138,28,0,28,166
03/28/2022,PVD,RI,ANE,EN,Combined TRACON& Tower with Radar,93,31,11,0,135,0,0,3,0,3,93,31,14,0,138,4,0,4,142
03/29/2022,PVD,RI,ANE,EN,Combined TRACON& Tower with Radar,94,23,10,0,127,0,0,25,0,25,94,23,35,0,152,2,0,2,154
03/30/2022,PVD,RI,ANE,EN,Combined TRACON& Tower with Radar,90,16,11,0,117,0,0,45,0,45,90,16,56,0,162,28,0,28,190
03/31/2022,PVD,RI,ANE,EN,Combined TRACON& Tower with Radar,100,29,12,0,141,0,0,0,0,0,100,29,12,0,141,0,0,0,141
04/01/2022,PVD,RI,ANE,EN,Combined TRACON& Tower with Radar,93,25,24,0,142,0,0,19,0,19,93,25,43,0,161,20,0,20,181
04/02/2022,PVD,RI,ANE,EN,Combined TRACON& Tower with Radar,59,14,20,0,93,0,0,18,0,18,59,14,38,0,111,14,0,14,125
04/03/2022,PVD,RI,ANE,EN,Combined TRACON& Tower with Radar,75,26,20,0,121,0,0,32,0,32,75,26,52,0,153,96,0,96,249
04/04/2022,PVD,RI,ANE,EN,Combined TRACON& Tower with Radar,98,24,22,0,144,0,0,30,1,31,98,24,52,1,175,26,0,26,201
04/05/2022,PVD,RI,ANE,EN,Combined TRACON& Tower with Radar,95,25,22,0,142,0,0,37,0,37,95,25,59,0,179,52,0,52,231
04/06/2022,PVD,RI,ANE,EN,Combined TRACON& Tower with Radar,88,22,23,0,133,0,0,0,0,0,88,22,23,0,133,0,0,0,133
04/07/2022,PVD,RI,ANE,EN,Combined TRACON& Tower with Radar,88,23,12,0,123,0,0,14,0,14,88,23,26,0,137,0,0,0,137
04/08/2022,PVD,RI,ANE,EN,Combined TRACON& Tower with Radar,93,26,17,0,136,0,0,10,2,12,93,26,27,2,148,24,0,24,172
04/09/2022,PVD,RI,ANE,EN,Combined TRACON& Tower with Radar,71,20,10,0,101,0,0,11,0,11,71,20,21,0,112,38,0,38,150
04/10/2022,PVD,RI,ANE,EN,Combined TRACON& Tower with Radar,81,15,25,0,121,0,0,29,0,29,81,15,54,0,150,0,0,0,150
04/11/2022,PVD,RI,ANE,EN,Combined TRACON& Tower with Radar,90,21,10,0,121,0,3,41,0,44,90,24,51,0,165,22,0,22,187
04/12/2022,PVD,RI,ANE,EN,Combined TRACON& Tower with Radar,98,16,26,4,144,0,0,20,0,20,98,16,46,4,164,20,0,20,184
04/13/2022,PVD,RI,ANE,EN,Combined TRACON& Tower with Radar,93,21,18,0,132,0,3,29,0,32,93,24,47,0,164,26,0,26,190
04/14/2022,PVD,RI,ANE,EN,Combined TRACON& Tower with Radar,102,24,15,11,152,0,0,18,0,18,102,24,33,11,170,32,0,32,202
04/15/2022,PVD,RI,ANE,EN,Combined TRACON& Tower with Radar,89,26,18,0,133,0,0,34,0,34,89,26,52,0,167,8,0,8,175
04/16/2022,PVD,RI,ANE,EN,Combined TRACON& Tower with Radar,73,23,14,0,110,0,0,20,0,20,73,23,34,0,130,6,0,6,136
04/17/2022,PVD,RI,ANE,EN,Combined TRACON& Tower with Radar,88,15,10,0,113,0,0,43,0,43,88,15,53,0,156,40,0,40,196
04/18/2022,PVD,RI,ANE,EN,Combined TRACON& Tower with Radar,91,21,11,0,123,0,0,28,0,28,91,21,39,0,151,12,0,12,163
04/19/2022,PVD,RI,ANE,EN,Combined TRACON& Tower with Radar,104,31,19,12,166,0,0,1,0,1,104,31,20,12,167,0,10,10,177
04/20/2022,PVD,RI,ANE,EN,Combined TRACON& Tower with Radar,96,33,20,8,157,0,2,22,0,24,96,35,42,8,181,28,0,28,209
04/21/2022,PVD,RI,ANE,EN,Combined TRACON& Tower with Radar,113,20,14,2,149,0,0,27,0,27,113,20,41,2,176,0,0,0,176
04/22/2022,PVD,RI,ANE,EN,Combined TRACON& Tower with Radar,94,18,17,4,133,0,0,28,0,28,94,18,45,4,161,22,0,22,183
04/23/2022,PVD,RI,ANE,EN,Combined TRACON& Tower with Radar,81,18,17,2,118,0,1,60,0,61,81,19,77,2,179,32,0,32,211
04/24/2022,PVD,RI,ANE,EN,Combined TRACON& Tower with Radar,88,23,11,0,122,0,2,48,0,50,88,25,59,0,172,0,0,0,172
04/25/2022,PVD,RI,ANE,EN,Combined TRACON& Tower with Radar,91,21,17,4,133,0,1,30,0,31,91,22,47,4,164,8,0,8,172
04/26/2022,PVD,RI,ANE,EN,Combined TRACON& Tower with Radar,95,27,24,0,146,0,2,0,0,2,95,29,24,0,148,32,0,32,180
04/27/2022,PVD,RI,ANE,EN,Combined TRACON& Tower with Radar,96,26,11,0,133,0,1,22,1,24,96,27,33,1,157,8,0,8,165
04/28/2022,PVD,RI,ANE,EN,Combined TRACON& Tower with Radar,104,23,12,0,139,0,0,19,0,19,104,23,31,0,158,12,0,12,170
04/29/2022,PVD,RI,ANE,EN,Combined TRACON& Tower with Radar,93,22,9,0,124,0,0,27,0,27,93,22,36,0,151,18,0,18,169
04/30/2022,PVD,RI,ANE,EN,Combined TRACON& Tower with Radar,78,15,12,0,105,0,0,53,2,55,78,15,65,2,160,18,0,18,178
05/01/2022,PVD,RI,ANE,EN,Combined TRACON& Tower with Radar,90,17,16,0,123,0,0,44,0,44,90,17,60,0,167,48,0,48,215
05/02/2022,PVD,RI,ANE,EN,Combined TRACON& Tower with Radar,89,30,21,0,140,0,0,28,0,28,89,30,49,0,168,76,0,76,244
05/03/2022,PVD,RI,ANE,EN,Combined TRACON& Tower with Radar,86,20,20,0,126,0,0,10,0,10,86,20,30,0,136,36,0,36,172
05/04/2022,PVD,RI,ANE,EN,Combined TRACON& Tower with Radar,94,25,22,0,141,0,0,0,0,0,94,25,22,0,141,0,0,0,141
05/05/2022,PVD,RI,ANE,EN,Combined TRACON& Tower with Radar,104,23,20,0,147,0,4,31,1,36,104,27,51,1,183,30,0,30,213
05/06/2022,PVD,RI,ANE,EN,Combined TRACON& Tower with Radar,88,26,32,0,146,0,0,39,2,41,88,26,71,2,187,0,0,0,187
05/07/2022,PVD,RI,ANE,EN,Combined TRACON& Tower with Radar,63,17,11,0,91,0,0,1,0,1,63,17,12,0,92,16,0,16,108
05/08/2022,PVD,RI,ANE,EN,Combined TRACON& Tower with Radar,91,20,12,0,123,0,0,6,0,6,91,20,18,0,129,0,0,0,129
05/09/2022,PVD,RI,ANE,EN,Combined TRACON& Tower with Radar,87,24,23,0,134,0,0,10,2,12,87,24,33,2,146,0,0,0,146
05/10/2022,PVD,RI,ANE,EN,Combined TRACON& Tower with Radar,84,37,15,0,136,0,0,6,0,6,84,37,21,0,142,0,0,0,142
05/11/2022,PVD,RI,ANE,EN,Combined TRACON& Tower with Radar,86,29,15,0,130,0,0,5,0,5,86,29,20,0,135,22,0,22,157
05/12/2022,PVD,RI,ANE,EN,Combined TRACON& Tower with Radar,102,27,34,0,163,0,1,20,0,21,102,28,54,0,184,20,0,20,204
05/13/2022,PVD,RI,ANE,EN,Combined TRACON& Tower with Radar,92,23,13,0,128,0,0,4,0,4,92,23,17,0,132,0,0,0,132
05/14/2022,PVD,RI,ANE,EN,Combined TRACON& Tower with Radar,64,25,16,0,105,0,2,28,0,30,64,27,44,0,135,65,0,65,200
05/15/2022,PVD,RI,ANE,EN,Combined TRACON& Tower with Radar,85,18,15,0,118,0,0,22,0,22,85,18,37,0,140,42,0,42,182
05/16/2022,PVD,RI,ANE,EN,Combined TRACON& Tower with Radar,80,23,21,0,124,0,0,26,0,26,80,23,47,0,150,32,0,32,182
05/17/2022,PVD,RI,ANE,EN,Combined TRACON& Tower with Radar,83,24,10,2,119,0,1,23,0,24,83,25,33,2,143,8,0,8,151
05/18/2022,PVD,RI,ANE,EN,Combined TRACON& Tower with Radar,87,29,21,5,142,0,2,34,3,39,87,31,55,8,181,58,2,60,241
05/19/2022,PVD,RI,ANE,EN,Combined TRACON& Tower with Radar,104,24,24,0,152,0,0,1,0,1,104,24,25,0,153,2,0,2,155
05/20/2022,PVD,RI,ANE,EN,Combined TRACON& Tower with Radar,84,29,23,0,136,0,0,39,0,39,84,29,62,0,175,76,0,76,251
05/21/2022,PVD,RI,ANE,EN,Combined TRACON& Tower with Radar,61,19,14,0,94,0,0,37,0,37,61,19,51,0,131,62,0,62,193
05/22/2022,PVD,RI,ANE,EN,Combined TRACON& Tower with Radar,78,21,14,0,113,0,0,26,1,27,78,21,40,1,140,32,0,32,172
05/23/2022,PVD,RI,ANE,EN,Combined TRACON& Tower with Radar,72,28,11,0,111,0,1,32,1,34,72,29,43,1,145,16,0,16,161
05/24/2022,PVD,RI,ANE,EN,Combined TRACON& Tower with Radar,84,27,21,0,132,0,0,63,0,63,84,27,84,0,195,102,0,102,297
05/25/2022,PVD,RI,ANE,EN,Combined TRACON& Tower with Radar,84,25,23,0,132,0,2,45,0,47,84,27,68,0,179,38,0,38,217
05/26/2022,PVD,RI,ANE,EN,Combined TRACON& Tower with Radar,100,43,24,0,167,0,3,29,0,32,100,46,53,0,199,34,0,34,233
05/27/2022,PVD,RI,ANE,EN,Combined TRACON& Tower with Radar,88,49,41,0,178,0,0,3,0,3,88,49,44,0,181,0,0,0,181
05/28/2022,PVD,RI,ANE,EN,Combined TRACON& Tower with Radar,62,35,18,0,115,0,0,5,0,5,62,35,23,0,120,0,0,0,120
05/29/2022,PVD,RI,ANE,EN,Combined TRACON& Tower with Radar,83,35,10,0,128,0,2,55,0,57,83,37,65,0,185,48,0,48,233
05/30/2022,PVD,RI,ANE,EN,Combined TRACON& Tower with Radar,97,32,17,0,146,0,0,8,0,8,97,32,25,0,154,6,0,6,160
05/31/2022,PVD,RI,ANE,EN,Combined TRACON& Tower with Radar,79,33,27,2,141,0,2,44,0,46,79,35,71,2,187,42,0,42,229
06/01/2022,PVD,RI,ANE,EN,Combined TRACON& Tower with Radar,84,30,23,10,147,0,1,22,0,23,84,31,45,10,170,26,12,38,208
06/02/2022,PVD,RI,ANE,EN,Combined TRACON& Tower with Radar,97,26,17,5,145,0,0,9,0,9,97,26,26,5,154,2,0,2,156
06/03/2022,PVD,RI,ANE,EN,Combined TRACON& Tower with Radar,91,38,42,0,171,0,0,10,0,10,91,38,52,0,181,0,0,0,181
06/04/2022,PVD,RI,ANE,EN,Combined TRACON& Tower with Radar,71,26,14,5,116,0,2,23,0,25,71,28,37,5,141,0,0,0,141
06/05/2022,PVD,RI,ANE,EN,Combined TRACON& Tower with Radar,91,17,18,0,126,0,0,42,1,43,91,17,60,1,169,46,0,46,215
06/06/2022,PVD,RI,ANE,EN,Combined TRACON& Tower with Radar,99,28,38,0,165,0,1,64,0,65,99,29,102,0,230,74,0,74,304
06/07/2022,PVD,RI,ANE,EN,Combined TRACON& Tower with Radar,93,37,14,0,144,0,1,41,2,44,93,38,55,2,188,12,2,14,202
06/08/2022,PVD,RI,ANE,EN,Combined TRACON& Tower with Radar,83,34,24,0,141,0,1,18,0,19,83,35,42,0,160,10,0,10,170
06/09/2022,PVD,RI,ANE,EN,Combined TRACON& Tower with Radar,106,25,32,0,163,0,0,10,0,10,106,25,42,0,173,24,0,24,197
06/10/2022,PVD,RI,ANE,EN,Combined TRACON& Tower with Radar,103,32,16,0,151,0,0,51,1,52,103,32,67,1,203,0,0,0,203
06/11/2022,PVD,RI,ANE,EN,Combined TRACON& Tower with Radar,69,23,8,1,101,0,0,46,0,46,69,23,54,1,147,54,0,54,201
06/12/2022,PVD,RI,ANE,EN,Combined TRACON& Tower with Radar,90,26,20,4,140,0,0,36,0,36,90,26,56,4,176,46,0,46,222
06/13/2022,PVD,RI,ANE,EN,Combined TRACON& Tower with Radar,102,36,22,2,162,0,0,20,4,24,102,36,42,6,186,2,0,2,188
06/14/2022,PVD,RI,ANE,EN,Combined TRACON& Tower with Radar,85,34,22,0,141,0,2,45,0,47,85,36,67,0,188,68,0,68,256
06/15/2022,PVD,RI,ANE,EN,Combined TRACON& Tower with Radar,88,30,18,1,137,0,1,29,1,31,88,31,47,2,168,44,0,44,212
06/16/2022,PVD,RI,ANE,EN,Combined TRACON& Tower with Radar,96,32,23,0,151,0,0,36,1,37,96,32,59,1,188,0,0,0,188
06/17/2022,PVD,RI,ANE,EN,Combined TRACON& Tower with Radar,96,29,26,1,152,0,0,1,2,3,96,29,27,3,155,7,8,15,170
06/18/2022,PVD,RI,ANE,EN,Combined TRACON& Tower with Radar,67,27,9,0,103,0,0,36,1,37,67,27,45,1,140,22,0,22,162
06/19/2022,PVD,RI,ANE,EN,Combined TRACON& Tower with Radar,94,27,15,0,136,0,0,27,0,27,94,27,42,0,163,56,0,56,219
06/20/2022,PVD,RI,ANE,EN,Combined TRACON& Tower with Radar,98,29,18,2,147,0,2,41,2,45,98,31,59,4,192,2,0,2,194
06/21/2022,PVD,RI,ANE,EN,Combined TRACON& Tower with Radar,91,29,21,0,141,0,5,40,1,46,91,34,61,1,187,44,0,44,231
06/22/2022,PVD,RI,ANE,EN,Combined TRACON& Tower with Radar,70,28,22,6,126,0,0,6,0,6,70,28,28,6,132,52,4,56,188
06/23/2022,PVD,RI,ANE,EN,Combined TRACON& Tower with Radar,99,37,25,0,161,0,2,33,3,38,99,39,58,3,199,44,0,44,243
06/24/2022,PVD,RI,ANE,EN,Combined TRACON& Tower with Radar,101,29,30,0,160,0,6,41,0,47,101,35,71,0,207,53,0,53,260
06/25/2022,PVD,RI,ANE,EN,Combined TRACON& Tower with Radar,65,23,7,0,95,0,4,52,0,56,65,27,59,0,151,0,0,0,151
06/26/2022,PVD,RI,ANE,EN,Combined TRACON& Tower with Radar,98,28,25,0,151,0,2,41,0,43,98,30,66,0,194,48,0,48,242
06/27/2022,PVD,RI,ANE,EN,Combined TRACON& Tower with Radar,92,32,20,0,144,0,0,6,0,6,92,32,26,0,150,26,0,26,176
06/28/2022,PVD,RI,ANE,EN,Combined TRACON& Tower with Radar,85,25,22,0,132,0,1,39,1,41,85,26,61,1,173,18,0,18,191
06/29/2022,PVD,RI,ANE,EN,Combined TRACON& Tower with Radar,86,28,14,2,130,0,0,28,0,28,86,28,42,2,158,30,0,30,188
06/30/2022,PVD,RI,ANE,EN,Combined TRACON& Tower with Radar,107,33,15,0,155,0,0,39,0,39,107,33,54,0,194,24,0,24,218
07/01/2022,PVD,RI,ANE,EN,Combined TRACON& Tower with Radar,93,33,15,0,141,0,0,51,1,52,93,33,66,1,193,0,0,0,193
07/02/2022,PVD,RI,ANE,EN,Combined TRACON& Tower with Radar,77,37,26,0,140,0,0,12,0,12,77,37,38,0,152,80,0,80,232
07/03/2022,PVD,RI,ANE,EN,Combined TRACON& Tower with Radar,85,16,9,0,110,0,0,45,2,47,85,16,54,2,157,48,0,48,205
07/04/2022,PVD,RI,ANE,EN,Combined TRACON& Tower with Radar,90,17,2,0,109,0,0,10,0,10,90,17,12,0,119,0,0,0,119
07/05/2022,PVD,RI,ANE,EN,Combined TRACON& Tower with Radar,89,28,19,0,136,0,0,31,0,31,89,28,50,0,167,62,0,62,229
07/06/2022,PVD,RI,ANE,EN,Combined TRACON& Tower with Radar,93,25,21,9,148,0,0,30,3,33,93,25,51,12,181,28,12,40,221
07/07/2022,PVD,RI,ANE,EN,Combined TRACON& Tower with Radar,110,32,21,0,163,0,1,33,0,34,110,33,54,0,197,52,0,52,249
07/08/2022,PVD,RI,ANE,EN,Combined TRACON& Tower with Radar,103,27,24,0,154,0,5,49,0,54,103,32,73,0,208,44,0,44,252
07/09/2022,PVD,RI,ANE,EN,Combined TRACON& Tower with Radar,78,17,4,0,99,0,0,34,0,34,78,17,38,0,133,56,0,56,189
07/10/2022,PVD,RI,ANE,EN,Combined TRACON& Tower with Radar,105,20,23,0,148,0,5,37,0,42,105,25,60,0,190,46,0,46,236
07/11/2022,PVD,RI,ANE,EN,Combined TRACON& Tower with Radar,110,24,13,9,156,0,1,43,0,44,110,25,56,9,200,34,0,34,234
07/12/2022,PVD,RI,ANE,EN,Combined TRACON& Tower with Radar,95,33,15,0,143,0,1,12,0,13,95,34,27,0,156,20,0,20,176
07/13/2022,PVD,RI,ANE,EN,Combined TRACON& Tower with Radar,100,40,15,0,155,0,2,41,1,44,100,42,56,1,199,40,0,40,239
07/14/2022,PVD,RI,ANE,EN,Combined TRACON& Tower with Radar,109,38,14,0,161,0,0,22,0,22,109,38,36,0,183,22,0,22,205
07/15/2022,PVD,RI,ANE,EN,Combined TRACON& Tower with Radar,102,40,21,0,163,0,3,43,0,46,102,43,64,0,209,0,0,0,209
07/16/2022,PVD,RI,ANE,EN,Combined TRACON& Tower with Radar,78,20,13,0,111,0,0,53,1,54,78,20,66,1,165,48,0,48,213
07/17/2022,PVD,RI,ANE,EN,Combined TRACON& Tower with Radar,98,27,24,0,149,0,2,44,2,48,98,29,68,2,197,50,0,50,247
07/18/2022,PVD,RI,ANE,EN,Combined TRACON& Tower with Radar,97,31,16,2,146,0,0,0,4,4,97,31,16,6,150,0,0,0,150
07/19/2022,PVD,RI,ANE,EN,Combined TRACON& Tower with Radar,102,24,17,8,151,0,4,35,0,39,102,28,52,8,190,12,2,14,204
07/20/2022,PVD,RI,ANE,EN,Combined TRACON& Tower with Radar,94,28,20,5,147,0,1,17,3,21,94,29,37,8,168,10,2,12,180
07/21/2022,PVD,RI,ANE,EN,Combined TRACON& Tower with Radar,111,31,21,1,164,0,0,14,1,15,111,31,35,2,179,22,0,22,201
07/22/2022,PVD,RI,ANE,EN,Combined TRACON& Tower with Radar,108,28,21,0,157,0,3,43,0,46,108,31,64,0,203,62,0,62,265
07/23/2022,PVD,RI,ANE,EN,Combined TRACON& Tower with Radar,78,19,16,0,113,0,2,44,0,46,78,21,60,0,159,76,0,76,235
07/24/2022,PVD,RI,ANE,EN,Combined TRACON& Tower with Radar,96,27,24,0,147,0,1,23,0,24,96,28,47,0,171,0,0,0,171
07/25/2022,PVD,RI,ANE,EN,Combined TRACON& Tower with Radar,100,37,18,0,155,0,0,7,3,10,100,37,25,3,165,60,0,60,225
07/26/2022,PVD,RI,ANE,EN,Combined TRACON& Tower with Radar,94,26,32,0,152,0,0,32,3,35,94,26,64,3,187,0,0,0,187
07/27/2022,PVD,RI,ANE,EN,Combined TRACON& Tower with Radar,97,31,18,0,146,0,2,46,1,49,97,33,64,1,195,14,0,14,209
07/28/2022,PVD,RI,ANE,EN,Combined TRACON& Tower with Radar,112,43,24,0,179,0,1,6,0,7,112,44,30,0,186,82,0,82,268
07/29/2022,PVD,RI,ANE,EN,Combined TRACON& Tower with Radar,110,33,35,0,178,0,0,32,0,32,110,33,67,0,210,0,0,0,210
07/30/2022,PVD,RI,ANE,EN,Combined TRACON& Tower with Radar,74,26,3,0,103,0,2,29,2,33,74,28,32,2,136,4,0,4,140
07/31/2022,PVD,RI,ANE,EN,Combined TRACON& Tower with Radar,102,19,29,0,150,0,2,45,3,50,102,21,74,3,200,10,0,10,210
08/01/2022,PVD,RI,ANE,EN,Combined TRACON& Tower with Radar,108,27,16,7,158,0,0,28,0,28,108,27,44,7,186,16,0,16,202
08/02/2022,PVD,RI,ANE,EN,Combined TRACON& Tower with Radar,97,36,17,0,150,0,0,17,0,17,97,36,34,0,167,38,0,38,205
08/03/2022,PVD,RI,ANE,EN,Combined TRACON& Tower with Radar,89,27,25,0,141,0,1,40,1,42,89,28,65,1,183,28,0,28,211
08/04/2022,PVD,RI,ANE,EN,Combined TRACON& Tower with Radar,105,35,17,0,157,0,0,45,0,45,105,35,62,0,202,34,0,34,236
08/05/2022,PVD,RI,ANE,EN,Combined TRACON& Tower with Radar,90,30,19,0,139,0,0,26,0,26,90,30,45,0,165,0,0,0,165
08/06/2022,PVD,RI,ANE,EN,Combined TRACON& Tower with Radar,73,19,14,0,106,0,0,44,0,44,73,19,58,0,150,0,0,0,150
08/07/2022,PVD,RI,ANE,EN,Combined TRACON& Tower with Radar,108,20,27,0,155,0,0,25,0,25,108,20,52,0,180,30,0,30,210
08/08/2022,PVD,RI,ANE,EN,Combined TRACON& Tower with Radar,99,26,21,0,146,0,2,29,0,31,99,28,50,0,177,0,0,0,177
08/09/2022,PVD,RI,ANE,EN,Combined TRACON& Tower with Radar,97,33,24,0,154,0,4,18,0,22,97,37,42,0,176,20,0,20,196
08/10/2022,PVD,RI,ANE,EN,Combined TRACON& Tower with Radar,92,29,22,1,144,0,0,12,0,12,92,29,34,1,156,0,0,0,156
08/11/2022,PVD,RI,ANE,EN,Combined TRACON& Tower with Radar,110,30,30,4,174,0,0,8,0,8,110,30,38,4,182,0,0,0,182
08/12/2022,PVD,RI,ANE,EN,Combined TRACON& Tower with Radar,103,31,20,0,154,0,0,40,0,40,103,31,60,0,194,34,0,34,228
08/13/2022,PVD,RI,ANE,EN,Combined TRACON& Tower with Radar,76,17,14,0,107,0,0,52,0,52,76,17,66,0,159,20,0,20,179
08/14/2022,PVD,RI,ANE,EN,Combined TRACON& Tower with Radar,103,13,22,0,138,0,2,46,1,49,103,15,68,1,187,64,0,64,251
08/15/2022,PVD,RI,ANE,EN,Combined TRACON& Tower with Radar,104,26,19,0,149,0,0,53,0,53,104,26,72,0,202,28,0,28,230
08/16/2022,PVD,RI,ANE,EN,Combined TRACON& Tower with Radar,100,36,11,0,147,0,1,29,0,30,100,37,40,0,177,50,0,50,227
08/17/2022,PVD,RI,ANE,EN,Combined TRACON& Tower with Radar,94,31,14,8,147,0,0,37,1,38,94,31,51,9,185,20,0,20,205
08/18/2022,PVD,RI,ANE,EN,Combined TRACON& Tower with Radar,113,25,10,3,151,0,3,35,0,38,113,28,45,3,189,14,2,16,205
08/19/2022,PVD,RI,ANE,EN,Combined TRACON& Tower with Radar,111,25,7,0,143,0,0,37,0,37,111,25,44,0,180,0,0,0,180
08/20/2022,PVD,RI,ANE,EN,Combined TRACON& Tower with Radar,75,9,16,0,100,0,0,38,1,39,75,9,54,1,139,34,0,34,173
08/21/2022,PVD,RI,ANE,EN,Combined TRACON& Tower with Radar,107,14,20,0,141,0,0,29,0,29,107,14,49,0,170,28,0,28,198
08/22/2022,PVD,RI,ANE,EN,Combined TRACON& Tower with Radar,108,25,17,0,150,0,0,0,0,0,108,25,17,0,150,0,0,0,150
08/23/2022,PVD,RI,ANE,EN,Combined TRACON& Tower with Radar,95,18,12,0,125,0,0,0,0,0,95,18,12,0,125,0,0,0,125
08/24/2022,PVD,RI,ANE,EN,Combined TRACON& Tower with Radar,97,22,32,0,151,0,0,30,0,30,97,22,62,0,181,48,0,48,229
08/25/2022,PVD,RI,ANE,EN,Combined TRACON& Tower with Radar,109,36,17,0,162,0,1,50,1,52,109,37,67,1,214,48,0,48,262
08/26/2022,PVD,RI,ANE,EN,Combined TRACON& Tower with Radar,111,33,25,0,169,0,3,23,2,28,111,36,48,2,197,0,0,0,197
08/27/2022,PVD,RI,ANE,EN,Combined TRACON& Tower with Radar,79,22,21,0,122,0,0,52,1,53,79,22,73,1,175,0,0,0,175
08/28/2022,PVD,RI,ANE,EN,Combined TRACON& Tower with Radar,105,18,19,0,142,0,0,31,1,32,105,18,50,1,174,2,0,2,176
08/29/2022,PVD,RI,ANE,EN,Combined TRACON& Tower with Radar,103,28,26,0,157,0,0,35,0,35,103,28,61,0,192,42,0,42,234
08/30/2022,PVD,RI,ANE,EN,Combined TRACON& Tower with Radar,90,22,20,0,132,0,0,39,1,40,90,22,59,1,172,18,0,18,190
08/31/2022,PVD,RI,ANE,EN,Combined TRACON& Tower with Radar,97,31,37,0,165,0,0,41,2,43,97,31,78,2,208,10,0,10,218
09/01/2022,PVD,RI,ANE,EN,Combined TRACON& Tower with Radar,121,28,18,4,171,0,2,51,2,55,121,30,69,6,226,14,4,18,244
09/02/2022,PVD,RI,ANE,EN,Combined TRACON& Tower with Radar,110,25,9,0,144,0,5,49,0,54,110,30,58,0,198,0,0,0,198
09/03/2022,PVD,RI,ANE,EN,Combined TRACON& Tower with Radar,62,18,4,0,84,0,0,45,0,45,62,18,49,0,129,33,0,33,162
09/04/2022,PVD,RI,ANE,EN,Combined TRACON& Tower with Radar,92,13,13,0,118,0,2,53,0,55,92,15,66,0,173,40,0,40,213
09/05/2022,PVD,RI,ANE,EN,Combined TRACON& Tower with Radar,108,18,8,0,134,0,0,3,0,3,108,18,11,0,137,0,0,0,137
09/06/2022,PVD,RI,ANE,EN,Combined TRACON& Tower with Radar,94,36,16,0,146,0,0,0,0,0,94,36,16,0,146,4,0,4,150
09/07/2022,PVD,RI,ANE,EN,Combined TRACON& Tower with Radar,89,34,42,2,167,0,0,8,0,8,89,34,50,2,175,6,0,6,181
09/08/2022,PVD,RI,ANE,EN,Combined TRACON& Tower with Radar,102,32,28,0,162,0,0,26,1,27,102,32,54,1,189,74,2,76,265
09/09/2022,PVD,RI,ANE,EN,Combined TRACON& Tower with Radar,101,34,28,4,167,0,0,30,4,34,101,34,58,8,201,50,0,50,251
09/10/2022,PVD,RI,ANE,EN,Combined TRACON& Tower with Radar,75,17,8,1,101,0,0,52,5,57,75,17,60,6,158,48,20,68,226
09/11/2022,PVD,RI,ANE,EN,Combined TRACON& Tower with Radar,87,21,18,0,126,0,2,48,0,50,87,23,66,0,176,38,0,38,214
09/12/2022,PVD,RI,ANE,EN,Combined TRACON& Tower with Radar,97,15,17,0,129,0,0,3,0,3,97,15,20,0,132,0,0,0,132
09/13/2022,PVD,RI,ANE,EN,Combined TRACON& Tower with Radar,91,19,18,0,128,0,0,0,0,0,91,19,18,0,128,0,0,0,128
09/14/2022,PVD,RI,ANE,EN,Combined TRACON& Tower with Radar,90,22,14,0,126,0,0,32,1,33,90,22,46,1,159,0,0,0,159
09/15/2022,PVD,RI,ANE,EN,Combined TRACON& Tower with Radar,104,22,14,0,140,0,0,27,0,27,104,22,41,0,167,8,0,8,175
09/16/2022,PVD,RI,ANE,EN,Combined TRACON& Tower with Radar,97,34,21,0,152,0,0,33,1,34,97,34,54,1,186,30,0,30,216
09/17/2022,PVD,RI,ANE,EN,Combined TRACON& Tower with Radar,72,16,12,0,100,0,0,39,0,39,72,16,51,0,139,64,0,64,203
09/18/2022,PVD,RI,ANE,EN,Combined TRACON& Tower with Radar,93,20,17,0,130,0,2,38,0,40,93,22,55,0,170,48,0,48,218
09/19/2022,PVD,RI,ANE,EN,Combined TRACON& Tower with Radar,94,28,12,0,134,0,0,1,0,1,94,28,13,0,135,2,0,2,137
09/20/2022,PVD,RI,ANE,EN,Combined TRACON& Tower with Radar,88,22,21,0,131,0,0,1,0,1,88,22,22,0,132,22,0,22,154
09/21/2022,PVD,RI,ANE,EN,Combined TRACON& Tower with Radar,88,23,37,0,148,0,0,6,0,6,88,23,43,0,154,112,0,112,266
09/22/2022,PVD,RI,ANE,EN,Combined TRACON& Tower with Radar,101,23,21,0,145,0,1,1,0,2,101,24,22,0,147,0,0,0,147
09/23/2022,PVD,RI,ANE,EN,Combined TRACON& Tower with Radar,100,33,19,4,156,0,1,22,0,23,100,34,41,4,179,30,0,30,209
09/24/2022,PVD,RI,ANE,EN,Combined TRACON& Tower with Radar,73,13,5,0,91,0,0,43,1,44,73,13,48,1,135,64,0,64,199
09/25/2022,PVD,RI,ANE,EN,Combined TRACON& Tower with Radar,86,14,18,0,118,0,0,29,1,30,86,14,47,1,148,28,0,28,176
09/26/2022,PVD,RI,ANE,EN,Combined TRACON& Tower with Radar,96,21,27,2,146,0,0,34,0,34,96,21,61,2,180,22,2,24,204
09/27/2022,PVD,RI,ANE,EN,Combined TRACON& Tower with Radar,90,27,20,2,139,0,1,41,2,44,90,28,61,4,183,50,0,50,233
09/28/2022,PVD,RI,ANE,EN,Combined TRACON& Tower with Radar,82,20,13,2,117,0,0,34,2,36,82,20,47,4,153,0,0,0,153
09/29/2022,PVD,RI,ANE,EN,Combined TRACON& Tower with Radar,95,26,26,1,148,0,1,36,1,38,95,27,62,2,186,56,0,56,242
09/30/2022,PVD,RI,ANE,EN,Combined TRACON& Tower with Radar,95,28,18,0,141,0,0,32,0,32,95,28,50,0,173,26,0,26,199
10/01/2022,PVD,RI,ANE,EN,Combined TRACON& Tower with Radar,75,17,14,0,106,0,0,0,0,0,75,17,14,0,106,0,0,0,106
10/02/2022,PVD,RI,ANE,EN,Combined TRACON& Tower with Radar,91,20,17,0,128,0,0,2,0,2,91,20,19,0,130,20,0,20,150
10/03/2022,PVD,RI,ANE,EN,Combined TRACON& Tower with Radar,100,20,15,0,135,0,0,11,0,11,100,20,26,0,146,20,0,20,166
10/04/2022,PVD,RI,ANE,EN,Combined TRACON& Tower with Radar,92,22,14,2,130,0,0,0,0,0,92,22,14,2,130,0,0,0,130
10/05/2022,PVD,RI,ANE,EN,Combined TRACON& Tower with Radar,91,21,20,0,132,0,0,0,0,0,91,21,20,0,132,2,0,2,134
10/06/2022,PVD,RI,ANE,EN,Combined TRACON& Tower with Radar,110,16,30,0,156,0,2,32,1,35,110,18,62,1,191,62,0,62,253
10/07/2022,PVD,RI,ANE,EN,Combined TRACON& Tower with Radar,103,26,12,0,141,0,0,32,0,32,103,26,44,0,173,6,0,6,179
10/08/2022,PVD,RI,ANE,EN,Combined TRACON& Tower with Radar,82,15,10,0,107,0,0,52,0,52,82,15,62,0,159,48,0,48,207
10/09/2022,PVD,RI,ANE,EN,Combined TRACON& Tower with Radar,98,17,8,0,123,0,0,43,9,52,98,17,51,9,175,22,0,22,197
10/10/2022,PVD,RI,ANE,EN,Combined TRACON& Tower with Radar,99,23,15,0,137,0,1,40,1,42,99,24,55,1,179,8,0,8,187
10/11/2022,PVD,RI,ANE,EN,Combined TRACON& Tower with Radar,95,23,13,4,135,0,1,39,1,41,95,24,52,5,176,2,0,2,178
10/12/2022,PVD,RI,ANE,EN,Combined TRACON& Tower with Radar,94,25,15,5,139,0,1,29,0,30,94,26,44,5,169,0,0,0,169
10/13/2022,PVD,RI,ANE,EN,Combined TRACON& Tower with Radar,109,25,24,1,159,0,0,7,0,7,109,25,31,1,166,0,0,0,166
10/14/2022,PVD,RI,ANE,EN,Combined TRACON& Tower with Radar,112,15,36,0,163,0,0,12,2,14,112,15,48,2,177,30,0,30,207
10/15/2022,PVD,RI,ANE,EN,Combined TRACON& Tower with Radar,81,23,26,0,130,0,4,38,1,43,81,27,64,1,173,88,0,88,261
10/16/2022,PVD,RI,ANE,EN,Combined TRACON& Tower with Radar,95,15,14,0,124,0,1,43,0,44,95,16,57,0,168,28,0,28,196
10/17/2022,PVD,RI,ANE,EN,Combined TRACON& Tower with Radar,100,20,18,0,138,0,0,11,1,12,100,20,29,1,150,0,0,0,150
10/18/2022,PVD,RI,ANE,EN,Combined TRACON& Tower with Radar,100,15,21,0,136,0,0,19,0,19,100,15,40,0,155,0,0,0,155
10/19/2022,PVD,RI,ANE,EN,Combined TRACON& Tower with Radar,97,14,23,9,143,0,1,29,0,30,97,15,52,9,173,0,0,0,173
10/20/2022,PVD,RI,ANE,EN,Combined TRACON& Tower with Radar,110,28,25,4,167,0,1,29,0,30,110,29,54,4,197,32,0,32,229
10/21/2022,PVD,RI,ANE,EN,Combined TRACON& Tower with Radar,104,37,29,0,170,0,4,51,1,56,104,41,80,1,226,62,0,62,288
10/22/2022,PVD,RI,ANE,EN,Combined TRACON& Tower with Radar,80,27,17,0,124,0,3,62,0,65,80,30,79,0,189,48,0,48,237
10/23/2022,PVD,RI,ANE,EN,Combined TRACON& Tower with Radar,95,25,20,0,140,0,1,29,0,30,95,26,49,0,170,50,0,50,220
10/24/2022,PVD,RI,ANE,EN,Combined TRACON& Tower with Radar,104,22,23,0,149,0,0,0,0,0,104,22,23,0,149,0,0,0,149
10/25/2022,PVD,RI,ANE,EN,Combined TRACON& Tower with Radar,89,31,14,0,134,0,0,0,0,0,89,31,14,0,134,0,0,0,134
10/26/2022,PVD,RI,ANE,EN,Combined TRACON& Tower with Radar,94,21,17,2,134,0,0,0,0,0,94,21,17,2,134,0,0,0,134
10/27/2022,PVD,RI,ANE,EN,Combined TRACON& Tower with Radar,111,20,22,0,153,0,2,39,0,41,111,22,61,0,194,40,0,40,234
10/28/2022,PVD,RI,ANE,EN,Combined TRACON& Tower with Radar,109,13,18,0,140,0,1,31,0,32,109,14,49,0,172,12,0,12,184
10/29/2022,PVD,RI,ANE,EN,Combined TRACON& Tower with Radar,82,8,15,3,108,0,0,44,2,46,82,8,59,5,154,108,0,108,262
10/30/2022,PVD,RI,ANE,EN,Combined TRACON& Tower with Radar,90,9,20,0,119,0,0,34,0,34,90,9,54,0,153,38,0,38,191
10/31/2022,PVD,RI,ANE,EN,Combined TRACON& Tower with Radar,98,17,35,0,150,0,0,3,0,3,98,17,38,0,153,25,0,25,178
11/01/2022,PVD,RI,ANE,EN,Combined TRACON& Tower with Radar,94,24,16,11,145,0,1,0,0,1,94,25,16,11,146,0,0,0,146
11/02/2022,PVD,RI,ANE,EN,Combined TRACON& Tower with Radar,100,24,22,22,168,0,2,43,5,50,100,26,65,27,218,42,16,58,276
11/03/2022,PVD,RI,ANE,EN,Combined TRACON& Tower with Radar,102,22,9,0,133,0,1,40,0,41,102,23,49,0,174,32,0,32,206
11/04/2022,PVD,RI,ANE,EN,Combined TRACON& Tower with Radar,96,21,22,0,139,0,0,30,0,30,96,21,52,0,169,34,0,34,203
11/05/2022,PVD,RI,ANE,EN,Combined TRACON& Tower with Radar,79,6,20,0,105,0,0,43,2,45,79,6,63,2,150,70,0,70,220
11/06/2022,PVD,RI,ANE,EN,Combined TRACON& Tower with Radar,90,20,25,3,138,0,0,26,1,27,90,20,51,4,165,42,4,46,211
11/07/2022,PVD,RI,ANE,EN,Combined TRACON& Tower with Radar,94,20,26,2,142,0,2,41,1,44,94,22,67,3,186,14,2,16,202
11/08/2022,PVD,RI,ANE,EN,Combined TRACON& Tower with Radar,99,19,15,3,136,0,2,31,7,40,99,21,46,10,176,60,0,60,236
11/09/2022,PVD,RI,ANE,EN,Combined TRACON& Tower with Radar,95,16,13,0,124,0,0,30,0,30,95,16,43,0,154,0,0,0,154
11/10/2022,PVD,RI,ANE,EN,Combined TRACON& Tower with Radar,100,16,19,6,141,0,0,34,2,36,100,16,53,8,177,0,0,0,177
11/11/2022,PVD,RI,ANE,EN,Combined TRACON& Tower with Radar,92,20,23,0,135,0,0,26,0,26,92,20,49,0,161,44,0,44,205
11/12/2022,PVD,RI,ANE,EN,Combined TRACON& Tower with Radar,79,16,7,0,102,0,0,16,0,16,79,16,23,0,118,27,0,27,145
11/13/2022,PVD,RI,ANE,EN,Combined TRACON& Tower with Radar,96,20,26,0,142,0,2,4,0,6,96,22,30,0,148,26,0,26,174
11/14/2022,PVD,RI,ANE,EN,Combined TRACON& Tower with Radar,102,15,11,0,128,0,0,29,0,29,102,15,40,0,157,0,0,0,157
11/15/2022,PVD,RI,ANE,EN,Combined TRACON& Tower with Radar,102,17,27,2,148,0,1,31,2,34,102,18,58,4,182,0,0,0,182
11/16/2022,PVD,RI,ANE,EN,Combined TRACON& Tower with Radar,102,23,12,0,137,0,0,0,0,0,102,23,12,0,137,0,0,0,137
11/17/2022,PVD,RI,ANE,EN,Combined TRACON& Tower with Radar,105,15,19,0,139,0,0,21,0,21,105,15,40,0,160,0,0,0,160
11/18/2022,PVD,RI,ANE,EN,Combined TRACON& Tower with Radar,97,24,14,0,135,0,2,21,1,24,97,26,35,1,159,20,0,20,179
11/19/2022,PVD,RI,ANE,EN,Combined TRACON& Tower with Radar,93,9,17,0,119,0,0,41,0,41,93,9,58,0,160,32,0,32,192
11/20/2022,PVD,RI,ANE,EN,Combined TRACON& Tower with Radar,98,14,6,0,118,0,0,2,0,2,98,14,8,0,120,10,0,10,130
11/21/2022,PVD,RI,ANE,EN,Combined TRACON& Tower with Radar,98,13,20,0,131,0,0,37,0,37,98,13,57,0,168,28,0,28,196
11/22/2022,PVD,RI,ANE,EN,Combined TRACON& Tower with Radar,114,14,21,0,149,0,4,48,0,52,114,18,69,0,201,24,0,24,225
11/23/2022,PVD,RI,ANE,EN,Combined TRACON& Tower with Radar,104,26,13,0,143,0,4,37,3,44,104,30,50,3,187,26,14,40,227
11/24/2022,PVD,RI,ANE,EN,Combined TRACON& Tower with Radar,56,11,2,0,69,0,1,5,0,6,56,12,7,0,75,4,2,6,81
11/25/2022,PVD,RI,ANE,EN,Combined TRACON& Tower with Radar,80,16,6,0,102,0,0,11,0,11,80,16,17,0,113,28,0,28,141
11/26/2022,PVD,RI,ANE,EN,Combined TRACON& Tower with Radar,92,29,17,0,138,0,9,53,0,62,92,38,70,0,200,12,0,12,212
11/27/2022,PVD,RI,ANE,EN,Combined TRACON& Tower with Radar,94,28,22,0,144,0,3,39,0,42,94,31,61,0,186,4,2,6,192
11/28/2022,PVD,RI,ANE,EN,Combined TRACON& Tower with Radar,111,15,26,0,152,0,1,31,0,32,111,16,57,0,184,48,0,48,232
11/29/2022,PVD,RI,ANE,EN,Combined TRACON& Tower with Radar,100,25,16,2,143,0,0,46,0,46,100,25,62,2,189,108,4,112,301
11/30/2022,PVD,RI,ANE,EN,Combined TRACON& Tower with Radar,90,19,6,16,131,0,0,0,0,0,90,19,6,16,131,6,8,14,145
12/01/2022,PVD,RI,ANE,EN,Combined TRACON& Tower with Radar,102,17,9,0,128,0,1,10,0,11,102,18,19,0,139,0,0,0,139
12/02/2022,PVD,RI,ANE,EN,Combined TRACON& Tower with Radar,98,15,20,0,133,0,0,33,0,33,98,15,53,0,166,26,0,26,192
12/03/2022,PVD,RI,ANE,EN,Combined TRACON& Tower with Radar,76,10,8,0,94,0,0,2,0,2,76,10,10,0,96,0,0,0,96
12/04/2022,PVD,RI,ANE,EN,Combined TRACON& Tower with Radar,91,11,24,0,126,0,0,39,0,39,91,11,63,0,165,68,0,68,233
12/05/2022,PVD,RI,ANE,EN,Combined TRACON& Tower with Radar,97,13,21,4,135,0,1,41,0,42,97,14,62,4,177,42,0,42,219
12/06/2022,PVD,RI,ANE,EN,Combined TRACON& Tower with Radar,96,19,24,0,139,0,0,35,0,35,96,19,59,0,174,0,0,0,174
12/07/2022,PVD,RI,ANE,EN,Combined TRACON& Tower with Radar,95,25,18,0,138,0,0,0,0,0,95,25,18,0,138,0,0,0,138
12/08/2022,PVD,RI,ANE,EN,Combined TRACON& Tower with Radar,102,13,16,0,131,0,1,27,0,28,102,14,43,0,159,42,0,42,201
12/09/2022,PVD,RI,ANE,EN,Combined TRACON& Tower with Radar,98,20,11,0,129,0,1,38,0,39,98,21,49,0,168,40,0,40,208
12/10/2022,PVD,RI,ANE,EN,Combined TRACON& Tower with Radar,81,12,5,0,98,0,0,4,0,4,81,12,9,0,102,58,0,58,160
12/11/2022,PVD,RI,ANE,EN,Combined TRACON& Tower with Radar,86,10,7,0,103,0,0,4,0,4,86,10,11,0,107,58,0,58,165
12/12/2022,PVD,RI,ANE,EN,Combined TRACON& Tower with Radar,99,32,8,0,139,0,1,18,0,19,99,33,26,0,158,16,0,16,174
12/13/2022,PVD,RI,ANE,EN,Combined TRACON& Tower with Radar,102,10,23,2,137,0,0,39,0,39,102,10,62,2,176,0,0,0,176
12/14/2022,PVD,RI,ANE,EN,Combined TRACON& Tower with Radar,96,18,15,1,130,0,0,17,2,19,96,18,32,3,149,26,0,26,175
12/15/2022,PVD,RI,ANE,EN,Combined TRACON& Tower with Radar,98,18,8,8,132,0,0,2,0,2,98,18,10,8,134,2,6,8,142
12/16/2022,PVD,RI,ANE,EN,Combined TRACON& Tower with Radar,95,14,4,0,113,0,0,0,0,0,95,14,4,0,113,0,0,0,113
12/17/2022,PVD,RI,ANE,EN,Combined TRACON& Tower with Radar,80,17,9,0,106,0,0,9,0,9,80,17,18,0,115,20,0,20,135
12/18/2022,PVD,RI,ANE,EN,Combined TRACON& Tower with Radar,86,8,20,0,114,0,0,38,0,38,86,8,58,0,152,54,0,54,206
12/19/2022,PVD,RI,ANE,EN,Combined TRACON& Tower with Radar,92,10,4,0,106,0,0,14,0,14,92,10,18,0,120,8,0,8,128
12/20/2022,PVD,RI,ANE,EN,Combined TRACON& Tower with Radar,95,12,9,1,117,0,2,42,1,45,95,14,51,2,162,84,2,86,248
12/21/2022,PVD,RI,ANE,EN,Combined TRACON& Tower with Radar,96,15,18,0,129,0,0,50,0,50,96,15,68,0,179,0,0,0,179
12/22/2022,PVD,RI,ANE,EN,Combined TRACON& Tower with Radar,95,15,5,0,115,0,0,9,0,9,95,15,14,0,124,0,0,0,124
12/23/2022,PVD,RI,ANE,EN,Combined TRACON& Tower with Radar,68,6,1,0,75,0,0,0,0,0,68,6,1,0,75,0,0,0,75
12/24/2022,PVD,RI,ANE,EN,Combined TRACON& Tower with Radar,56,14,2,0,72,0,0,7,2,9,56,14,9,2,81,0,0,0,81
12/25/2022,PVD,RI,ANE,EN,Combined TRACON& Tower with Radar,56,9,4,0,69,0,0,1,0,1,56,9,5,0,70,0,0,0,70
12/26/2022,PVD,RI,ANE,EN,Combined TRACON& Tower with Radar,65,11,12,0,88,0,1,26,1,28,65,12,38,1,116,52,0,52,168
12/27/2022,PVD,RI,ANE,EN,Combined TRACON& Tower with Radar,70,19,20,0,109,0,0,37,0,37,70,19,57,0,146,0,0,0,146
12/28/2022,PVD,RI,ANE,EN,Combined TRACON& Tower with Radar,68,17,9,0,94,0,0,29,0,29,68,17,38,0,123,0,0,0,123
12/29/2022,PVD,RI,ANE,EN,Combined TRACON& Tower with Radar,70,16,9,0,95,0,0,37,0,37,70,16,46,0,132,50,0,50,182
12/30/2022,PVD,RI,ANE,EN,Combined TRACON& Tower with Radar,82,16,8,0,106,0,2,35,0,37,82,18,43,0,143,32,0,32,175
12/31/2022,PVD,RI,ANE,EN,Combined TRACON& Tower with Radar,74,6,7,0,87,0,0,0,0,0,74,6,7,0,87,0,0,0,87
01/01/2023,PVD,RI,ANE,EN,Combined TRACON& Tower with Radar,73,11,5,0,89,0,1,2,0,3,73,12,7,0,92,0,0,0,92
01/02/2023,PVD,RI,ANE,EN,Combined TRACON& Tower with Radar,85,11,15,0,111,0,4,34,0,38,85,15,49,0,149,74,0,74,223
01/03/2023,PVD,RI,ANE,EN,Combined TRACON& Tower with Radar,78,12,13,1,104,0,0,0,0,0,78,12,13,1,104,0,0,0,104
01/04/2023,PVD,RI,ANE,EN,Combined TRACON& Tower with Radar,79,18,5,1,103,0,0,0,0,0,79,18,5,1,103,0,0,0,103
01/05/2023,PVD,RI,ANE,EN,Combined TRACON& Tower with Radar,76,17,16,0,109,0,0,0,0,0,76,17,16,0,109,0,0,0,109
01/06/2023,PVD,RI,ANE,EN,Combined TRACON& Tower with Radar,72,25,8,2,107,0,0,0,0,0,72,25,8,2,107,0,0,0,107
01/07/2023,PVD,RI,ANE,EN,Combined TRACON& Tower with Radar,72,11,2,0,85,0,0,48,1,49,72,11,50,1,134,0,0,0,134
01/08/2023,PVD,RI,ANE,EN,Combined TRACON& Tower with Radar,82,10,12,0,104,0,0,40,1,41,82,10,52,1,145,0,0,0,145
01/09/2023,PVD,RI,ANE,EN,Combined TRACON& Tower with Radar,85,13,14,0,112,0,0,20,1,21,85,13,34,1,133,20,0,20,153
01/10/2023,PVD,RI,ANE,EN,Combined TRACON& Tower with Radar,80,20,11,0,111,0,0,37,0,37,80,20,48,0,148,42,0,42,190
01/11/2023,PVD,RI,ANE,EN,Combined TRACON& Tower with Radar,72,21,8,0,101,0,1,31,0,32,72,22,39,0,133,6,2,8,141
01/12/2023,PVD,RI,ANE,EN,Combined TRACON& Tower with Radar,88,21,10,0,119,0,1,2,0,3,88,22,12,0,122,4,0,4,126
01/13/2023,PVD,RI,ANE,EN,Combined TRACON& Tower with Radar,87,15,4,0,106,0,0,3,0,3,87,15,7,0,109,0,0,0,109
01/14/2023,PVD,RI,ANE,EN,Combined TRACON& Tower with Radar,70,11,4,0,85,0,0,0,0,0,70,11,4,0,85,0,0,0,85
01/15/2023,PVD,RI,ANE,EN,Combined TRACON& Tower with Radar,76,18,4,0,98,0,0,2,0,2,76,18,6,0,100,0,0,0,100
01/16/2023,PVD,RI,ANE,EN,Combined TRACON& Tower with Radar,85,21,8,0,114,0,0,0,0,0,85,21,8,0,114,38,0,38,152
01/17/2023,PVD,RI,ANE,EN,Combined TRACON& Tower with Radar,82,19,18,0,119,0,0,39,0,39,82,19,57,0,158,6,0,6,164
01/18/2023,PVD,RI,ANE,EN,Combined TRACON& Tower with Radar,80,19,14,0,113,0,0,29,0,29,80,19,43,0,142,6,0,6,148
01/19/2023,PVD,RI,ANE,EN,Combined TRACON& Tower with Radar,90,17,11,0,118,0,0,22,0,22,90,17,33,0,140,10,2,12,152
01/20/2023,PVD,RI,ANE,EN,Combined TRACON& Tower with Radar,91,18,3,0,112,0,0,0,0,0,91,18,3,0,112,0,0,0,112
01/21/2023,PVD,RI,ANE,EN,Combined TRACON& Tower with Radar,74,13,13,0,100,0,0,9,0,9,74,13,22,0,109,26,0,26,135
01/22/2023,PVD,RI,ANE,EN,Combined TRACON& Tower with Radar,78,12,14,0,104,0,0,17,0,17,78,12,31,0,121,80,0,80,201
01/23/2023,PVD,RI,ANE,EN,Combined TRACON& Tower with Radar,87,12,10,0,109,0,0,0,0,0,87,12,10,0,109,0,0,0,109
01/24/2023,PVD,RI,ANE,EN,Combined TRACON& Tower with Radar,84,27,13,0,124,0,0,33,0,33,84,27,46,0,157,8,0,8,165
01/25/2023,PVD,RI,ANE,EN,Combined TRACON& Tower with Radar,78,17,10,0,105,0,1,17,0,18,78,18,27,0,123,20,0,20,143
01/26/2023,PVD,RI,ANE,EN,Combined TRACON& Tower with Radar,92,17,9,0,118,0,0,2,2,4,92,17,11,2,122,4,0,4,126
01/27/2023,PVD,RI,ANE,EN,Combined TRACON& Tower with Radar,89,19,23,0,131,0,0,44,0,44,89,19,67,0,175,20,0,20,195
01/28/2023,PVD,RI,ANE,EN,Combined TRACON& Tower with Radar,73,11,7,0,91,0,0,24,0,24,73,11,31,0,115,0,0,0,115
01/29/2023,PVD,RI,ANE,EN,Combined TRACON& Tower with Radar,82,12,12,0,106,0,0,26,0,26,82,12,38,0,132,52,0,52,184
01/30/2023,PVD,RI,ANE,EN,Combined TRACON& Tower with Radar,85,18,8,8,119,0,0,42,0,42,85,18,50,8,161,44,6,50,211
01/31/2023,PVD,RI,ANE,EN,Combined TRACON& Tower with Radar,84,16,6,0,106,0,1,21,0,22,84,17,27,0,128,30,0,30,158
02/01/2023,PVD,RI,ANE,EN,Combined TRACON& Tower with Radar,77,22,14,0,113,0,1,38,0,39,77,23,52,0,152,40,0,40,192
02/02/2023,PVD,RI,ANE,EN,Combined TRACON& Tower with Radar,86,18,14,2,120,0,1,30,0,31,86,19,44,2,151,30,2,32,183
02/03/2023,PVD,RI,ANE,EN,Combined TRACON& Tower with Radar,84,17,5,0,106,0,1,2,0,3,84,18,7,0,109,2,0,2,111
02/04/2023,PVD,RI,ANE,EN,Combined TRACON& Tower with Radar,66,11,1,0,78,0,0,17,0,17,66,11,18,0,95,6,0,6,101
02/05/2023,PVD,RI,ANE,EN,Combined TRACON& Tower with Radar,81,17,9,0,107,0,0,24,0,24,81,17,33,0,131,38,0,38,169
02/06/2023,PVD,RI,ANE,EN,Combined TRACON& Tower with Radar,87,20,18,0,125,0,0,26,1,27,87,20,44,1,152,22,0,22,174
02/07/2023,PVD,RI,ANE,EN,Combined TRACON& Tower with Radar,81,23,10,2,116,0,1,28,0,29,81,24,38,2,145,0,0,0,145
02/08/2023,PVD,RI,ANE,EN,Combined TRACON& Tower with Radar,81,24,18,0,123,0,0,19,0,19,81,24,37,0,142,22,0,22,164
02/09/2023,PVD,RI,ANE,EN,Combined TRACON& Tower with Radar,90,30,10,0,130,0,0,22,0,22,90,30,32,0,152,30,0,30,182
02/10/2023,PVD,RI,ANE,EN,Combined TRACON& Tower with Radar,85,19,8,0,112,0,0,8,0,8,85,19,16,0,120,4,0,4,124
02/11/2023,PVD,RI,ANE,EN,Combined TRACON& Tower with Radar,69,21,8,0,98,0,0,20,0,20,69,21,28,0,118,0,0,0,118
02/12/2023,PVD,RI,ANE,EN,Combined TRACON& Tower with Radar,81,12,12,0,105,0,0,29,0,29,81,12,41,0,134,58,0,58,192
02/13/2023,PVD,RI,ANE,EN,Combined TRACON& Tower with Radar,87,17,7,0,111,0,0,10,0,10,87,17,17,0,121,88,0,88,209
02/14/2023,PVD,RI,ANE,EN,Combined TRACON& Tower with Radar,87,17,21,3,128,0,1,38,0,39,87,18,59,3,167,32,2,34,201
02/15/2023,PVD,RI,ANE,EN,Combined TRACON& Tower with Radar,85,19,6,4,114,0,1,23,0,24,85,20,29,4,138,34,2,36,174
02/16/2023,PVD,RI,ANE,EN,Combined TRACON& Tower with Radar,97,18,22,2,139,0,1,27,2,30,97,19,49,4,169,64,0,64,233
02/17/2023,PVD,RI,ANE,EN,Combined TRACON& Tower with Radar,88,27,9,0,124,0,0,0,0,0,88,27,9,0,124,0,0,0,124
02/18/2023,PVD,RI,ANE,EN,Combined TRACON& Tower with Radar,86,21,8,0,115,0,2,52,0,54,86,23,60,0,169,102,0,102,271
02/19/2023,PVD,RI,ANE,EN,Combined TRACON& Tower with Radar,89,8,3,0,100,0,0,33,0,33,89,8,36,0,133,16,0,16,149
02/20/2023,PVD,RI,ANE,EN,Combined TRACON& Tower with Radar,90,18,15,0,123,0,0,34,0,34,90,18,49,0,157,26,0,26,183
02/21/2023,PVD,RI,ANE,EN,Combined TRACON& Tower with Radar,92,25,29,0,146,0,0,0,0,0,92,25,29,0,146,6,0,6,152
02/22/2023,PVD,RI,ANE,EN,Combined TRACON& Tower with Radar,88,21,20,2,131,0,1,33,0,34,88,22,53,2,165,0,0,0,165
02/23/2023,PVD,RI,ANE,EN,Combined TRACON& Tower with Radar,92,27,7,0,126,0,0,3,0,3,92,27,10,0,129,0,0,0,129
02/24/2023,PVD,RI,ANE,EN,Combined TRACON& Tower with Radar,94,16,4,0,114,0,0,4,0,4,94,16,8,0,118,0,0,0,118
02/25/2023,PVD,RI,ANE,EN,Combined TRACON& Tower with Radar,84,12,8,2,106,0,0,15,0,15,84,12,23,2,121,44,0,44,165
02/26/2023,PVD,RI,ANE,EN,Combined TRACON& Tower with Radar,94,16,3,0,113,0,0,10,0,10,94,16,13,0,123,0,0,0,123
02/27/2023,PVD,RI,ANE,EN,Combined TRACON& Tower with Radar,83,13,13,0,109,0,0,31,0,31,83,13,44,0,140,78,0,78,218
02/28/2023,PVD,RI,ANE,EN,Combined TRACON& Tower with Radar,89,20,6,0,115,0,0,0,0,0,89,20,6,0,115,0,0,0,115
03/01/2023,PVD,RI,ANE,EN,Combined TRACON& Tower with Radar,86,42,14,1,143,0,0,32,3,35,86,42,46,4,178,0,0,0,178
03/02/2023,PVD,RI,ANE,EN,Combined TRACON& Tower with Radar,92,26,10,6,134,0,0,4,0,4,92,26,14,6,138,12,8,20,158
03/03/2023,PVD,RI,ANE,EN,Combined TRACON& Tower with Radar,89,18,15,0,122,0,0,46,0,46,89,18,61,0,168,54,0,54,222
03/04/2023,PVD,RI,ANE,EN,Combined TRACON& Tower with Radar,76,22,7,0,105,0,0,0,0,0,76,22,7,0,105,0,0,0,105
03/05/2023,PVD,RI,ANE,EN,Combined TRACON& Tower with Radar,88,19,12,0,119,0,1,42,0,43,88,20,54,0,162,24,0,24,186
03/06/2023,PVD,RI,ANE,EN,Combined TRACON& Tower with Radar,87,15,13,0,115,0,0,19,0,19,87,15,32,0,134,26,0,26,160
03/07/2023,PVD,RI,ANE,EN,Combined TRACON& Tower with Radar,86,26,5,0,117,0,0,21,0,21,86,26,26,0,138,30,0,30,168
03/08/2023,PVD,RI,ANE,EN,Combined TRACON& Tower with Radar,86,21,10,0,117,0,1,7,0,8,86,22,17,0,125,8,0,8,133
03/09/2023,PVD,RI,ANE,EN,Combined TRACON& Tower with Radar,91,24,9,3,127,0,0,40,1,41,91,24,49,4,168,42,12,54,222
03/10/2023,PVD,RI,ANE,EN,Combined TRACON& Tower with Radar,89,23,8,0,120,0,0,49,0,49,89,23,57,0,169,52,0,52,221
03/11/2023,PVD,RI,ANE,EN,Combined TRACON& Tower with Radar,78,13,5,0,96,0,0,0,0,0,78,13,5,0,96,0,0,0,96
03/12/2023,PVD,RI,ANE,EN,Combined TRACON& Tower with Radar,88,20,19,0,127,0,0,40,0,40,88,20,59,0,167,30,0,30,197
03/13/2023,PVD,RI,ANE,EN,Combined TRACON& Tower with Radar,91,32,10,0,133,0,0,4,0,4,91,32,14,0,137,0,0,0,137
03/14/2023,PVD,RI,ANE,EN,Combined TRACON& Tower with Radar,96,17,4,0,117,0,0,0,0,0,96,17,4,0,117,0,0,0,117
03/15/2023,PVD,RI,ANE,EN,Combined TRACON& Tower with Radar,90,28,10,0,128,0,0,1,0,1,90,28,11,0,129,0,0,0,129
03/16/2023,PVD,RI,ANE,EN,Combined TRACON& Tower with Radar,100,21,13,0,134,0,2,42,0,44,100,23,55,0,178,80,0,80,258
03/17/2023,PVD,RI,ANE,EN,Combined TRACON& Tower with Radar,93,22,6,0,121,0,0,41,0,41,93,22,47,0,162,36,0,36,198
03/18/2023,PVD,RI,ANE,EN,Combined TRACON& Tower with Radar,85,22,17,0,124,0,1,44,0,45,85,23,61,0,169,0,0,0,169
03/19/2023,PVD,RI,ANE,EN,Combined TRACON& Tower with Radar,85,17,10,0,112,0,1,11,0,12,85,18,21,0,124,0,0,0,124
03/20/2023,PVD,RI,ANE,EN,Combined TRACON& Tower with Radar,90,18,10,0,118,0,0,40,0,40,90,18,50,0,158,0,0,0,158
03/21/2023,PVD,RI,ANE,EN,Combined TRACON& Tower with Radar,92,28,2,0,122,0,0,41,0,41,92,28,43,0,163,42,0,42,205
03/22/2023,PVD,RI,ANE,EN,Combined TRACON& Tower with Radar,88,25,18,0,131,0,1,36,0,37,88,26,54,0,168,32,0,32,200
03/23/2023,PVD,RI,ANE,EN,Combined TRACON& Tower with Radar,99,26,15,0,140,0,0,6,1,7,99,26,21,1,147,18,0,18,165
03/24/2023,PVD,RI,ANE,EN,Combined TRACON& Tower with Radar,88,21,9,0,118,0,0,44,0,44,88,21,53,0,162,48,0,48,210
03/25/2023,PVD,RI,ANE,EN,Combined TRACON& Tower with Radar,82,8,8,0,98,0,0,19,0,19,82,8,27,0,117,0,0,0,117
03/26/2023,PVD,RI,ANE,EN,Combined TRACON& Tower with Radar,84,18,9,0,111,0,0,15,0,15,84,18,24,0,126,24,0,24,150
03/27/2023,PVD,RI,ANE,EN,Combined TRACON& Tower with Radar,91,21,13,0,125,0,1,33,0,34,91,22,46,0,159,44,0,44,203
03/28/2023,PVD,RI,ANE,EN,Combined TRACON& Tower with Radar,92,16,15,0,123,0,1,3,0,4,92,17,18,0,127,4,0,4,131
03/29/2023,PVD,RI,ANE,EN,Combined TRACON& Tower with Radar,93,22,9,0,124,0,0,42,0,42,93,22,51,0,166,24,0,24,190
03/30/2023,PVD,RI,ANE,EN,Combined TRACON& Tower with Radar,101,29,9,0,139,0,0,21,0,21,101,29,30,0,160,0,0,0,160
03/31/2023,PVD,RI,ANE,EN,Combined TRACON& Tower with Radar,89,25,12,0,126,0,0,38,0,38,89,25,50,0,164,50,0,50,214
04/01/2023,PVD,RI,ANE,EN,Combined TRACON& Tower with Radar,90,14,5,0,109,0,0,0,0,0,90,14,5,0,109,0,0,0,109
04/02/2023,PVD,RI,ANE,EN,Combined TRACON& Tower with Radar,88,18,15,0,121,0,3,28,0,31,88,21,43,0,152,0,0,0,152
04/03/2023,PVD,RI,ANE,EN,Combined TRACON& Tower with Radar,87,24,12,0,123,0,0,34,0,34,87,24,46,0,157,8,0,8,165
04/04/2023,PVD,RI,ANE,EN,Combined TRACON& Tower with Radar,96,11,10,7,124,0,1,40,5,46,96,12,50,12,170,60,12,72,242
04/05/2023,PVD,RI,ANE,EN,Combined TRACON& Tower with Radar,91,17,11,2,121,0,0,11,0,11,91,17,22,2,132,32,0,32,164
04/06/2023,PVD,RI,ANE,EN,Combined TRACON& Tower with Radar,107,24,16,0,147,0,0,13,0,13,107,24,29,0,160,24,0,24,184
04/07/2023,PVD,RI,ANE,EN,Combined TRACON& Tower with Radar,105,18,9,0,132,0,0,23,0,23,105,18,32,0,155,0,0,0,155
04/08/2023,PVD,RI,ANE,EN,Combined TRACON& Tower with Radar,94,8,12,0,114,0,0,53,0,53,94,8,65,0,167,55,0,55,222
04/09/2023,PVD,RI,ANE,EN,Combined TRACON& Tower with Radar,93,7,6,0,106,0,0,46,0,46,93,7,52,0,152,40,0,40,192
04/10/2023,PVD,RI,ANE,EN,Combined TRACON& Tower with Radar,104,13,22,7,146,0,0,50,2,52,104,13,72,9,198,32,16,48,246
04/11/2023,PVD,RI,ANE,EN,Combined TRACON& Tower with Radar,101,18,18,0,137,0,0,37,1,38,101,18,55,1,175,38,2,40,215
04/12/2023,PVD,RI,ANE,EN,Combined TRACON& Tower with Radar,99,23,17,0,139,0,0,12,0,12,99,23,29,0,151,0,0,0,151
04/13/2023,PVD,RI,ANE,EN,Combined TRACON& Tower with Radar,109,21,12,2,144,0,1,49,0,50,109,22,61,2,194,46,0,46,240
04/14/2023,PVD,RI,ANE,EN,Combined TRACON& Tower with Radar,100,24,10,0,134,0,1,44,0,45,100,25,54,0,179,68,0,68,247
04/15/2023,PVD,RI,ANE,EN,Combined TRACON& Tower with Radar,81,14,9,0,104,0,0,25,0,25,81,14,34,0,129,56,0,56,185
04/16/2023,PVD,RI,ANE,EN,Combined TRACON& Tower with Radar,106,19,15,0,140,0,0,0,0,0,106,19,15,0,140,0,0,0,140
04/17/2023,PVD,RI,ANE,EN,Combined TRACON& Tower with Radar,100,20,17,0,137,0,0,0,0,0,100,20,17,0,137,4,0,4,141
04/18/2023,PVD,RI,ANE,EN,Combined TRACON& Tower with Radar,100,22,13,0,135,0,2,16,0,18,100,24,29,0,153,10,0,10,163
04/19/2023,PVD,RI,ANE,EN,Combined TRACON& Tower with Radar,100,29,5,0,134,0,2,25,1,28,100,31,30,1,162,16,0,16,178
04/20/2023,PVD,RI,ANE,EN,Combined TRACON& Tower with Radar,106,14,24,0,144,0,0,47,2,49,106,14,71,2,193,52,0,52,245
04/21/2023,PVD,RI,ANE,EN,Combined TRACON& Tower with Radar,100,28,15,0,143,0,0,25,0,25,100,28,40,0,168,16,4,20,188
04/22/2023,PVD,RI,ANE,EN,Combined TRACON& Tower with Radar,77,20,8,0,105,0,0,2,0,2,77,20,10,0,107,0,0,0,107
04/23/2023,PVD,RI,ANE,EN,Combined TRACON& Tower with Radar,111,23,3,0,137,0,0,0,0,0,111,23,3,0,137,0,0,0,137
04/24/2023,PVD,RI,ANE,EN,Combined TRACON& Tower with Radar,100,20,14,0,134,0,0,19,0,19,100,20,33,0,153,60,0,60,213
04/25/2023,PVD,RI,ANE,EN,Combined TRACON& Tower with Radar,99,16,11,0,126,0,1,36,0,37,99,17,47,0,163,54,0,54,217
04/26/2023,PVD,RI,ANE,EN,Combined TRACON& Tower with Radar,96,17,6,0,119,0,2,23,1,26,96,19,29,1,145,86,0,86,231
04/27/2023,PVD,RI,ANE,EN,Combined TRACON& Tower with Radar,107,20,18,0,145,0,0,17,0,17,107,20,35,0,162,32,0,32,194
04/28/2023,PVD,RI,ANE,EN,Combined TRACON& Tower with Radar,103,26,7,0,136,0,2,27,0,29,103,28,34,0,165,30,0,30,195
04/29/2023,PVD,RI,ANE,EN,Combined TRACON& Tower with Radar,77,8,12,0,97,0,0,39,0,39,77,8,51,0,136,46,0,46,182
04/30/2023,PVD,RI,ANE,EN,Combined TRACON& Tower with Radar,99,10,6,0,115,0,0,0,0,0,99,10,6,0,115,0,0,0,115
05/01/2023,PVD,RI,ANE,EN,Combined TRACON& Tower with Radar,99,17,10,0,126,0,0,4,0,4,99,17,14,0,130,24,0,24,154
05/02/2023,PVD,RI,ANE,EN,Combined TRACON& Tower with Radar,98,18,13,0,129,0,3,14,0,17,98,21,27,0,146,14,0,14,160
05/03/2023,PVD,RI,ANE,EN,Combined TRACON& Tower with Radar,99,25,20,0,144,0,1,37,1,39,99,26,57,1,183,42,2,44,227
05/04/2023,PVD,RI,ANE,EN,Combined TRACON& Tower with Radar,105,28,14,0,147,0,0,7,0,7,105,28,21,0,154,42,0,42,196
05/05/2023,PVD,RI,ANE,EN,Combined TRACON& Tower with Radar,99,22,11,0,132,0,0,30,0,30,99,22,41,0,162,34,0,34,196
05/06/2023,PVD,RI,ANE,EN,Combined TRACON& Tower with Radar,89,7,9,0,105,0,0,47,1,48,89,7,56,1,153,89,0,89,242
05/07/2023,PVD,RI,ANE,EN,Combined TRACON& Tower with Radar,91,23,10,0,124,0,0,41,0,41,91,23,51,0,165,52,0,52,217
05/08/2023,PVD,RI,ANE,EN,Combined TRACON& Tower with Radar,99,21,19,0,139,0,0,42,0,42,99,21,61,0,181,0,0,0,181
05/09/2023,PVD,RI,ANE,EN,Combined TRACON& Tower with Radar,95,14,8,0,117,0,6,44,0,50,95,20,52,0,167,76,0,76,243
05/10/2023,PVD,RI,ANE,EN,Combined TRACON& Tower with Radar,97,21,13,0,131,0,2,46,0,48,97,23,59,0,179,26,0,26,205
05/11/2023,PVD,RI,ANE,EN,Combined TRACON& Tower with Radar,108,26,9,0,143,0,3,39,1,43,108,29,48,1,186,46,0,46,232
05/12/2023,PVD,RI,ANE,EN,Combined TRACON& Tower with Radar,101,17,4,0,122,0,0,35,0,35,101,17,39,0,157,2,8,10,167
05/13/2023,PVD,RI,ANE,EN,Combined TRACON& Tower with Radar,82,14,11,0,107,0,0,32,0,32,82,14,43,0,139,0,0,0,139
05/14/2023,PVD,RI,ANE,EN,Combined TRACON& Tower with Radar,92,8,16,0,116,0,0,37,0,37,92,8,53,0,153,20,0,20,173
05/15/2023,PVD,RI,ANE,EN,Combined TRACON& Tower with Radar,99,13,19,0,131,0,0,42,0,42,99,13,61,0,173,37,0,37,210
05/16/2023,PVD,RI,ANE,EN,Combined TRACON& Tower with Radar,103,23,15,2,143,0,0,35,0,35,103,23,50,2,178,0,0,0,178
05/17/2023,PVD,RI,ANE,EN,Combined TRACON& Tower with Radar,100,28,23,0,151,0,2,20,0,22,100,30,43,0,173,18,0,18,191
05/18/2023,PVD,RI,ANE,EN,Combined TRACON& Tower with Radar,109,28,29,0,166,0,1,47,0,48,109,29,76,0,214,24,0,24,238
05/19/2023,PVD,RI,ANE,EN,Combined TRACON& Tower with Radar,104,24,17,1,146,0,0,39,1,40,104,24,56,2,186,34,2,36,222
05/20/2023,PVD,RI,ANE,EN,Combined TRACON& Tower with Radar,82,17,16,0,115,0,0,0,0,0,82,17,16,0,115,0,0,0,115
05/21/2023,PVD,RI,ANE,EN,Combined TRACON& Tower with Radar,94,21,11,0,126,0,0,37,0,37,94,21,48,0,163,20,0,20,183
05/22/2023,PVD,RI,ANE,EN,Combined TRACON& Tower with Radar,102,31,15,0,148,0,2,31,0,33,102,33,46,0,181,48,0,48,229
05/23/2023,PVD,RI,ANE,EN,Combined TRACON& Tower with Radar,100,22,17,11,150,0,1,42,1,44,100,23,59,12,194,49,8,57,251
05/24/2023,PVD,RI,ANE,EN,Combined TRACON& Tower with Radar,99,28,25,0,152,0,1,52,2,55,99,29,77,2,207,74,0,74,281
05/25/2023,PVD,RI,ANE,EN,Combined TRACON& Tower with Radar,104,38,27,0,169,0,2,53,0,55,104,40,80,0,224,33,0,33,257
05/26/2023,PVD,RI,ANE,EN,Combined TRACON& Tower with Radar,100,36,8,6,150,0,1,46,0,47,100,37,54,6,197,20,2,22,219
05/27/2023,PVD,RI,ANE,EN,Combined TRACON& Tower with Radar,84,16,8,0,108,0,1,43,0,44,84,17,51,0,152,60,0,60,212
05/28/2023,PVD,RI,ANE,EN,Combined TRACON& Tower with Radar,89,26,9,0,124,0,0,46,2,48,89,26,55,2,172,6,0,6,178
05/29/2023,PVD,RI,ANE,EN,Combined TRACON& Tower with Radar,102,19,9,0,130,0,0,11,0,11,102,19,20,0,141,7,0,7,148
05/30/2023,PVD,RI,ANE,EN,Combined TRACON& Tower with Radar,98,12,11,1,122,0,0,31,2,33,98,12,42,3,155,42,0,42,197
05/31/2023,PVD,RI,ANE,EN,Combined TRACON& Tower with Radar,95,28,17,1,141,0,2,28,0,30,95,30,45,1,171,12,0,12,183
06/01/2023,PVD,RI,ANE,EN,Combined TRACON& Tower with Radar,102,21,17,3,143,0,0,31,1,32,102,21,48,4,175,34,2,36,211
06/02/2023,PVD,RI,ANE,EN,Combined TRACON& Tower with Radar,91,22,8,0,121,0,0,37,0,37,91,22,45,0,158,46,0,46,204
06/03/2023,PVD,RI,ANE,EN,Combined TRACON& Tower with Radar,81,16,5,0,102,0,0,0,0,0,81,16,5,0,102,0,0,0,102
06/04/2023,PVD,RI,ANE,EN,Combined TRACON& Tower with Radar,84,16,8,2,110,0,0,4,0,4,84,16,12,2,114,46,0,46,160
06/05/2023,PVD,RI,ANE,EN,Combined TRACON& Tower with Radar,90,19,23,0,132,0,0,4,0,4,90,19,27,0,136,16,0,16,152
06/06/2023,PVD,RI,ANE,EN,Combined TRACON& Tower with Radar,94,24,14,7,139,0,0,25,1,26,94,24,39,8,165,76,10,86,251
06/07/2023,PVD,RI,ANE,EN,Combined TRACON& Tower with Radar,93,22,16,3,134,0,0,25,0,25,93,22,41,3,159,32,6,38,197
06/08/2023,PVD,RI,ANE,EN,Combined TRACON& Tower with Radar,105,27,17,2,151,0,0,42,1,43,105,27,59,3,194,48,2,50,244
06/09/2023,PVD,RI,ANE,EN,Combined TRACON& Tower with Radar,97,25,18,0,140,0,1,25,0,26,97,26,43,0,166,28,0,28,194
06/10/2023,PVD,RI,ANE,EN,Combined TRACON& Tower with Radar,76,14,12,0,102,0,0,43,0,43,76,14,55,0,145,26,0,26,171
06/11/2023,PVD,RI,ANE,EN,Combined TRACON& Tower with Radar,87,15,9,0,111,0,0,45,0,45,87,15,54,0,156,26,0,26,182
06/12/2023,PVD,RI,ANE,EN,Combined TRACON& Tower with Radar,89,21,13,0,123,0,0,28,0,28,89,21,41,0,151,34,0,34,185
06/13/2023,PVD,RI,ANE,EN,Combined TRACON& Tower with Radar,95,23,21,0,139,0,0,20,0,20,95,23,41,0,159,16,0,16,175
06/14/2023,PVD,RI,ANE,EN,Combined TRACON& Tower with Radar,89,31,15,0,135,0,0,33,0,33,89,31,48,0,168,0,0,0,168
06/15/2023,PVD,RI,ANE,EN,Combined TRACON& Tower with Radar,102,29,9,0,140,0,1,44,2,47,102,30,53,2,187,0,0,0,187
06/16/2023,PVD,RI,ANE,EN,Combined TRACON& Tower with Radar,96,36,14,0,146,0,1,38,0,39,96,37,52,0,185,0,0,0,185
06/17/2023,PVD,RI,ANE,EN,Combined TRACON& Tower with Radar,79,20,9,0,108,0,0,1,0,1,79,20,10,0,109,0,0,0,109
06/18/2023,PVD,RI,ANE,EN,Combined TRACON& Tower with Radar,87,19,8,0,114,0,0,37,0,37,87,19,45,0,151,0,0,0,151
06/19/2023,PVD,RI,ANE,EN,Combined TRACON& Tower with Radar,93,19,19,0,131,0,3,43,0,46,93,22,62,0,177,52,0,52,229
06/20/2023,PVD,RI,ANE,EN,Combined TRACON& Tower with Radar,93,22,14,0,129,0,1,38,0,39,93,23,52,0,168,22,0,22,190
06/21/2023,PVD,RI,ANE,EN,Combined TRACON& Tower with Radar,88,18,19,0,125,0,1,43,0,44,88,19,62,0,169,46,0,46,215
06/22/2023,PVD,RI,ANE,EN,Combined TRACON& Tower with Radar,108,23,19,0,150,0,0,41,0,41,108,23,60,0,191,34,2,36,227
06/23/2023,PVD,RI,ANE,EN,Combined TRACON& Tower with Radar,91,36,18,0,145,0,0,17,0,17,91,36,35,0,162,0,0,0,162
06/24/2023,PVD,RI,ANE,EN,Combined TRACON& Tower with Radar,84,26,10,0,120,0,0,0,0,0,84,26,10,0,120,0,0,0,120
06/25/2023,PVD,RI,ANE,EN,Combined TRACON& Tower with Radar,92,20,22,2,136,0,1,30,0,31,92,21,52,2,167,0,0,0,167
06/26/2023,PVD,RI,ANE,EN,Combined TRACON& Tower with Radar,76,36,20,0,132,0,0,0,0,0,76,36,20,0,132,0,0,0,132
06/27/2023,PVD,RI,ANE,EN,Combined TRACON& Tower with Radar,82,25,20,0,127,0,0,2,0,2,82,25,22,0,129,0,0,0,129
06/28/2023,PVD,RI,ANE,EN,Combined TRACON& Tower with Radar,92,33,23,2,150,0,0,7,0,7,92,33,30,2,157,56,0,56,213
06/29/2023,PVD,RI,ANE,EN,Combined TRACON& Tower with Radar,101,39,19,0,159,0,1,30,0,31,101,40,49,0,190,0,0,0,190
06/30/2023,PVD,RI,ANE,EN,Combined TRACON& Tower with Radar,91,32,16,0,139,0,3,41,0,44,91,35,57,0,183,0,0,0,183
07/01/2023,PVD,RI,ANE,EN,Combined TRACON& Tower with Radar,82,21,7,0,110,0,0,34,0,34,82,21,41,0,144,24,0,24,168
07/02/2023,PVD,RI,ANE,EN,Combined TRACON& Tower with Radar,92,22,14,0,128,0,0,1,0,1,92,22,15,0,129,0,0,0,129
07/03/2023,PVD,RI,ANE,EN,Combined TRACON& Tower with Radar,81,24,10,0,115,0,0,19,0,19,81,24,29,0,134,24,0,24,158
07/04/2023,PVD,RI,ANE,EN,Combined TRACON& Tower with Radar,77,12,8,1,98,0,0,0,0,0,77,12,8,1,98,8,0,8,106
07/05/2023,PVD,RI,ANE,EN,Combined TRACON& Tower with Radar,87,23,10,0,120,0,1,20,0,21,87,24,30,0,141,8,0,8,149
07/06/2023,PVD,RI,ANE,EN,Combined TRACON& Tower with Radar,108,32,10,8,158,0,0,45,7,52,108,32,55,15,210,58,26,84,294
07/07/2023,PVD,RI,ANE,EN,Combined TRACON& Tower with Radar,86,43,26,2,157,0,2,23,0,25,86,45,49,2,182,60,18,78,260
07/08/2023,PVD,RI,ANE,EN,Combined TRACON& Tower with Radar,87,25,21,0,133,0,1,20,0,21,87,26,41,0,154,62,0,62,216
07/09/2023,PVD,RI,ANE,EN,Combined TRACON& Tower with Radar,83,29,26,0,138,0,0,8,0,8,83,29,34,0,146,64,0,64,210
07/10/2023,PVD,RI,ANE,EN,Combined TRACON& Tower with Radar,99,46,17,0,162,0,0,0,0,0,99,46,17,0,162,0,0,0,162
07/11/2023,PVD,RI,ANE,EN,Combined TRACON& Tower with Radar,97,35,16,6,154,0,0,55,2,57,97,35,71,8,211,34,4,38,249
07/12/2023,PVD,RI,ANE,EN,Combined TRACON& Tower with Radar,93,33,14,0,140,0,2,37,0,39,93,35,51,0,179,56,0,56,235
07/13/2023,PVD,RI,ANE,EN,Combined TRACON& Tower with Radar,106,26,14,0,146,0,2,31,1,34,106,28,45,1,180,0,0,0,180
07/14/2023,PVD,RI,ANE,EN,Combined TRACON& Tower with Radar,99,25,19,4,147,0,1,23,0,24,99,26,42,4,171,0,0,0,171
07/15/2023,PVD,RI,ANE,EN,Combined TRACON& Tower with Radar,92,18,15,0,125,0,0,14,0,14,92,18,29,0,139,0,0,0,139
07/16/2023,PVD,RI,ANE,EN,Combined TRACON& Tower with Radar,84,23,13,0,120,0,0,0,0,0,84,23,13,0,120,0,0,0,120
07/17/2023,PVD,RI,ANE,EN,Combined TRACON& Tower with Radar,101,38,33,0,172,0,0,38,0,38,101,38,71,0,210,50,0,50,260
07/18/2023,PVD,RI,ANE,EN,Combined TRACON& Tower with Radar,100,27,15,0,142,0,0,10,0,10,100,27,25,0,152,70,0,70,222
07/19/2023,PVD,RI,ANE,EN,Combined TRACON& Tower with Radar,95,31,41,3,170,0,0,53,0,53,95,31,94,3,223,44,0,44,267
07/20/2023,PVD,RI,ANE,EN,Combined TRACON& Tower with Radar,112,20,23,0,155,0,4,42,0,46,112,24,65,0,201,40,0,40,241
07/21/2023,PVD,RI,ANE,EN,Combined TRACON& Tower with Radar,98,35,21,0,154,0,0,12,0,12,98,35,33,0,166,0,0,0,166
07/22/2023,PVD,RI,ANE,EN,Combined TRACON& Tower with Radar,88,24,12,0,124,0,0,45,0,45,88,24,57,0,169,12,0,12,181
07/23/2023,PVD,RI,ANE,EN,Combined TRACON& Tower with Radar,95,20,20,0,135,0,1,42,2,45,95,21,62,2,180,26,0,26,206
07/24/2023,PVD,RI,ANE,EN,Combined TRACON& Tower with Radar,93,20,30,4,147,0,6,31,0,37,93,26,61,4,184,18,0,18,202
07/25/2023,PVD,RI,ANE,EN,Combined TRACON& Tower with Radar,108,19,16,0,143,0,0,19,0,19,108,19,35,0,162,22,0,22,184
07/26/2023,PVD,RI,ANE,EN,Combined TRACON& Tower with Radar,100,41,15,2,158,0,6,37,0,43,100,47,52,2,201,32,0,32,233
07/27/2023,PVD,RI,ANE,EN,Combined TRACON& Tower with Radar,106,31,19,0,156,1,0,3,0,4,107,31,22,0,160,16,0,16,176
07/28/2023,PVD,RI,ANE,EN,Combined TRACON& Tower with Radar,91,38,19,0,148,0,0,43,0,43,91,38,62,0,191,0,0,0,191
07/29/2023,PVD,RI,ANE,EN,Combined TRACON& Tower with Radar,99,19,4,0,122,0,1,38,1,40,99,20,42,1,162,24,0,24,186
07/30/2023,PVD,RI,ANE,EN,Combined TRACON& Tower with Radar,91,18,18,0,127,0,0,36,1,37,91,18,54,1,164,20,0,20,184
07/31/2023,PVD,RI,ANE,EN,Combined TRACON& Tower with Radar,95,25,11,0,131,0,1,34,1,36,95,26,45,1,167,6,0,6,173
08/01/2023,PVD,RI,ANE,EN,Combined TRACON& Tower with Radar,103,30,11,0,144,0,4,45,2,51,103,34,56,2,195,24,0,24,219
08/02/2023,PVD,RI,ANE,EN,Combined TRACON& Tower with Radar,101,27,25,0,153,0,1,39,0,40,101,28,64,0,193,34,0,34,227
08/03/2023,PVD,RI,ANE,EN,Combined TRACON& Tower with Radar,106,32,23,0,161,0,2,53,0,55,106,34,76,0,216,50,0,50,266
08/04/2023,PVD,RI,ANE,EN,Combined TRACON& Tower with Radar,98,29,16,0,143,0,0,36,0,36,98,29,52,0,179,0,0,0,179
08/05/2023,PVD,RI,ANE,EN,Combined TRACON& Tower with Radar,90,26,17,0,133,0,0,53,1,54,90,26,70,1,187,34,0,34,221
08/06/2023,PVD,RI,ANE,EN,Combined TRACON& Tower with Radar,93,17,18,0,128,1,3,42,1,47,94,20,60,1,175,30,0,30,205
08/07/2023,PVD,RI,ANE,EN,Combined TRACON& Tower with Radar,80,30,24,2,136,1,0,8,0,9,81,30,32,2,145,22,0,22,167
08/08/2023,PVD,RI,ANE,EN,Combined TRACON& Tower with Radar,96,37,10,0,143,0,1,1,0,2,96,38,11,0,145,0,0,0,145
08/09/2023,PVD,RI,ANE,EN,Combined TRACON& Tower with Radar,110,46,17,0,173,0,6,36,0,42,110,52,53,0,215,12,0,12,227
08/10/2023,PVD,RI,ANE,EN,Combined TRACON& Tower with Radar,108,39,15,0,162,0,0,41,1,42,108,39,56,1,204,0,0,0,204
08/11/2023,PVD,RI,ANE,EN,Combined TRACON& Tower with Radar,94,33,11,0,138,0,2,36,0,38,94,35,47,0,176,0,0,0,176
08/12/2023,PVD,RI,ANE,EN,Combined TRACON& Tower with Radar,88,17,13,0,118,0,1,37,0,38,88,18,50,0,156,0,0,0,156
08/13/2023,PVD,RI,ANE,EN,Combined TRACON& Tower with Radar,90,26,10,0,126,0,0,24,0,24,90,26,34,0,150,20,0,20,170
08/14/2023,PVD,RI,ANE,EN,Combined TRACON& Tower with Radar,87,23,18,0,128,0,0,41,0,41,87,23,59,0,169,28,0,28,197
08/15/2023,PVD,RI,ANE,EN,Combined TRACON& Tower with Radar,100,33,11,0,144,0,0,5,0,5,100,33,16,0,149,8,0,8,157
08/16/2023,PVD,RI,ANE,EN,Combined TRACON& Tower with Radar,99,31,13,0,143,0,0,8,0,8,99,31,21,0,151,0,0,0,151
08/17/2023,PVD,RI,ANE,EN,Combined TRACON& Tower with Radar,108,34,28,2,172,0,0,12,0,12,108,34,40,2,184,72,0,72,256
08/18/2023,PVD,RI,ANE,EN,Combined TRACON& Tower with Radar,95,33,13,0,141,0,1,13,0,14,95,34,26,0,155,0,0,0,155
08/19/2023,PVD,RI,ANE,EN,Combined TRACON& Tower with Radar,86,17,12,0,115,0,1,58,2,61,86,18,70,2,176,34,0,34,210
08/20/2023,PVD,RI,ANE,EN,Combined TRACON& Tower with Radar,99,25,17,0,141,2,0,58,0,60,101,25,75,0,201,18,0,18,219
08/21/2023,PVD,RI,ANE,EN,Combined TRACON& Tower with Radar,94,25,21,0,140,0,1,53,1,55,94,26,74,1,195,24,0,24,219
08/22/2023,PVD,RI,ANE,EN,Combined TRACON& Tower with Radar,101,25,11,0,137,0,2,48,0,50,101,27,59,0,187,38,0,38,225
08/23/2023,PVD,RI,ANE,EN,Combined TRACON& Tower with Radar,101,36,18,0,155,0,3,52,0,55,101,39,70,0,210,28,0,28,238
08/24/2023,PVD,RI,ANE,EN,Combined TRACON& Tower with Radar,109,32,16,0,157,0,2,47,0,49,109,34,63,0,206,0,0,0,206
08/25/2023,PVD,RI,ANE,EN,Combined TRACON& Tower with Radar,97,41,13,0,151,0,0,2,0,2,97,41,15,0,153,0,0,0,153
08/26/2023,PVD,RI,ANE,EN,Combined TRACON& Tower with Radar,82,18,14,0,114,0,0,37,0,37,82,18,51,0,151,22,0,22,173
08/27/2023,PVD,RI,ANE,EN,Combined TRACON& Tower with Radar,101,23,35,0,159,0,0,26,0,26,101,23,61,0,185,100,0,100,285
08/28/2023,PVD,RI,ANE,EN,Combined TRACON& Tower with Radar,93,39,20,0,152,0,0,18,0,18,93,39,38,0,170,20,0,20,190
08/29/2023,PVD,RI,ANE,EN,Combined TRACON& Tower with Radar,95,39,10,0,144,0,1,0,0,1,95,40,10,0,145,0,0,0,145
08/30/2023,PVD,RI,ANE,EN,Combined TRACON& Tower with Radar,92,43,14,0,149,0,1,17,0,18,92,44,31,0,167,14,0,14,181
08/31/2023,PVD,RI,ANE,EN,Combined TRACON& Tower with Radar,109,35,21,0,165,0,1,53,0,54,109,36,74,0,219,12,0,12,231
