07/01/2005,PVU,UT,ANM,WE,Federal Contract Tower,0,0,13,0,13,0,4,230,0,234,0,4,243,0,247,304,0,304,551
07/02/2005,PVU,UT,ANM,WE,Federal Contract Tower,0,1,5,0,6,0,14,131,4,149,0,15,136,4,155,128,0,128,283
07/03/2005,PVU,UT,ANM,WE,Federal Contract Tower,0,2,3,0,5,0,11,72,0,83,0,13,75,0,88,74,0,74,162
07/04/2005,PVU,UT,ANM,WE,Federal Contract Tower,0,0,8,0,8,0,3,137,0,140,0,3,145,0,148,169,0,169,317
07/05/2005,PVU,UT,ANM,WE,Federal Contract Tower,0,0,6,0,6,0,5,196,0,201,0,5,202,0,207,328,0,328,535
07/06/2005,PVU,UT,ANM,WE,Federal Contract Tower,0,0,4,0,4,0,8,192,0,200,0,8,196,0,204,396,0,396,600
07/07/2005,PVU,UT,ANM,WE,Federal Contract Tower,0,2,6,0,8,0,6,290,0,296,0,8,296,0,304,436,0,436,740
07/08/2005,PVU,UT,ANM,WE,Federal Contract Tower,0,3,15,0,18,0,8,255,0,263,0,11,270,0,281,451,0,451,732
07/09/2005,PVU,UT,ANM,WE,Federal Contract Tower,0,2,4,0,6,0,8,168,0,176,0,10,172,0,182,162,0,162,344
07/10/2005,PVU,UT,ANM,WE,Federal Contract Tower,0,0,6,0,6,0,1,109,4,114,0,1,115,4,120,25,0,25,145
07/11/2005,PVU,UT,ANM,WE,Federal Contract Tower,0,0,8,0,8,0,8,400,0,408,0,8,408,0,416,392,0,392,808
07/12/2005,PVU,UT,ANM,WE,Federal Contract Tower,0,0,12,0,12,0,8,262,0,270,0,8,274,0,282,591,0,591,873
07/13/2005,PVU,UT,ANM,WE,Federal Contract Tower,0,0,4,0,4,0,3,163,2,168,0,3,167,2,172,313,0,313,485
07/14/2005,PVU,UT,ANM,WE,Federal Contract Tower,0,4,6,0,10,0,3,220,0,223,0,7,226,0,233,337,0,337,570
07/15/2005,PVU,UT,ANM,WE,Federal Contract Tower,0,0,9,0,9,0,0,208,0,208,0,0,217,0,217,398,0,398,615
07/16/2005,PVU,UT,ANM,WE,Federal Contract Tower,0,0,5,0,5,0,0,117,0,117,0,0,122,0,122,153,0,153,275
07/17/2005,PVU,UT,ANM,WE,Federal Contract Tower,0,0,4,0,4,0,2,73,0,75,0,2,77,0,79,83,0,83,162
07/18/2005,PVU,UT,ANM,WE,Federal Contract Tower,0,0,4,0,4,0,9,301,2,312,0,9,305,2,316,416,0,416,732
07/19/2005,PVU,UT,ANM,WE,Federal Contract Tower,0,1,14,0,15,0,7,264,0,271,0,8,278,0,286,496,0,496,782
07/20/2005,PVU,UT,ANM,WE,Federal Contract Tower,0,0,4,0,4,0,7,224,0,231,0,7,228,0,235,299,2,301,536
07/21/2005,PVU,UT,ANM,WE,Federal Contract Tower,0,6,8,0,14,0,8,216,0,224,0,14,224,0,238,290,0,290,528
07/22/2005,PVU,UT,ANM,WE,Federal Contract Tower,0,4,5,0,9,0,3,182,0,185,0,7,187,0,194,294,0,294,488
07/23/2005,PVU,UT,ANM,WE,Federal Contract Tower,0,0,5,0,5,0,9,166,0,175,0,9,171,0,180,187,2,189,369
07/24/2005,PVU,UT,ANM,WE,Federal Contract Tower,0,0,5,0,5,0,16,75,0,91,0,16,80,0,96,80,0,80,176
07/25/2005,PVU,UT,ANM,WE,Federal Contract Tower,0,0,0,0,0,0,3,135,0,138,0,3,135,0,138,322,0,322,460
07/26/2005,PVU,UT,ANM,WE,Federal Contract Tower,0,4,7,0,11,0,1,206,0,207,0,5,213,0,218,304,0,304,522
07/27/2005,PVU,UT,ANM,WE,Federal Contract Tower,0,0,7,0,7,0,5,185,1,191,0,5,192,1,198,225,0,225,423
07/28/2005,PVU,UT,ANM,WE,Federal Contract Tower,0,2,10,0,12,0,6,201,4,211,0,8,211,4,223,389,0,389,612
07/29/2005,PVU,UT,ANM,WE,Federal Contract Tower,0,1,2,0,3,2,177,0,0,179,2,178,2,0,182,255,4,259,441
07/30/2005,PVU,UT,ANM,WE,Federal Contract Tower,0,0,6,0,6,0,9,108,4,121,0,9,114,4,127,172,6,178,305
07/31/2005,PVU,UT,ANM,WE,Federal Contract Tower,0,0,9,2,11,0,7,67,0,74,0,7,76,2,85,57,0,57,142
08/01/2005,PVU,UT,ANM,WE,Federal Contract Tower,0,2,12,0,14,0,3,182,0,185,0,5,194,0,199,298,2,300,499
08/02/2005,PVU,UT,ANM,WE,Federal Contract Tower,0,0,6,0,6,0,2,220,0,222,0,2,226,0,228,333,0,333,561
08/03/2005,PVU,UT,ANM,WE,Federal Contract Tower,0,0,8,0,8,0,12,235,0,247,0,12,243,0,255,267,0,267,522
08/04/2005,PVU,UT,ANM,WE,Federal Contract Tower,0,0,9,0,9,0,7,174,0,181,0,7,183,0,190,306,0,306,496
08/05/2005,PVU,UT,ANM,WE,Federal Contract Tower,0,0,8,0,8,0,11,178,0,189,0,11,186,0,197,307,0,307,504
08/06/2005,PVU,UT,ANM,WE,Federal Contract Tower,0,0,8,0,8,0,4,122,0,126,0,4,130,0,134,118,0,118,252
08/07/2005,PVU,UT,ANM,WE,Federal Contract Tower,0,0,4,0,4,0,7,69,2,78,0,7,73,2,82,91,0,91,173
08/08/2005,PVU,UT,ANM,WE,Federal Contract Tower,0,3,6,0,9,0,9,155,0,164,0,12,161,0,173,276,0,276,449
08/09/2005,PVU,UT,ANM,WE,Federal Contract Tower,0,3,5,0,8,0,2,232,0,234,0,5,237,0,242,344,0,344,586
08/10/2005,PVU,UT,ANM,WE,Federal Contract Tower,0,0,5,0,5,0,9,232,0,241,0,9,237,0,246,258,2,260,506
08/11/2005,PVU,UT,ANM,WE,Federal Contract Tower,0,3,8,0,11,0,4,206,0,210,0,7,214,0,221,283,0,283,504
08/12/2005,PVU,UT,ANM,WE,Federal Contract Tower,0,1,2,0,3,0,12,213,0,225,0,13,215,0,228,280,2,282,510
08/13/2005,PVU,UT,ANM,WE,Federal Contract Tower,0,3,4,0,7,0,10,116,0,126,0,13,120,0,133,198,0,198,331
08/14/2005,PVU,UT,ANM,WE,Federal Contract Tower,2,1,7,0,10,0,5,54,0,59,2,6,61,0,69,79,0,79,148
08/15/2005,PVU,UT,ANM,WE,Federal Contract Tower,0,4,4,0,8,0,3,204,0,207,0,7,208,0,215,301,0,301,516
08/16/2005,PVU,UT,ANM,WE,Federal Contract Tower,0,1,12,0,13,0,9,172,0,181,0,10,184,0,194,266,0,266,460
08/17/2005,PVU,UT,ANM,WE,Federal Contract Tower,0,0,9,0,9,0,8,185,0,193,0,8,194,0,202,208,0,208,410
08/18/2005,PVU,UT,ANM,WE,Federal Contract Tower,0,2,8,0,10,0,8,163,0,171,0,10,171,0,181,208,0,208,389
08/19/2005,PVU,UT,ANM,WE,Federal Contract Tower,0,0,8,0,8,0,9,188,0,197,0,9,196,0,205,252,0,252,457
08/20/2005,PVU,UT,ANM,WE,Federal Contract Tower,2,0,6,0,8,0,4,113,1,118,2,4,119,1,126,120,0,120,246
08/21/2005,PVU,UT,ANM,WE,Federal Contract Tower,0,0,7,0,7,0,4,53,0,57,0,4,60,0,64,46,0,46,110
08/22/2005,PVU,UT,ANM,WE,Federal Contract Tower,0,0,7,0,7,0,7,180,0,187,0,7,187,0,194,285,0,285,479
08/23/2005,PVU,UT,ANM,WE,Federal Contract Tower,0,2,6,0,8,0,5,167,0,172,0,7,173,0,180,278,0,278,458
08/24/2005,PVU,UT,ANM,WE,Federal Contract Tower,0,1,8,0,9,0,2,255,0,257,0,3,263,0,266,266,0,266,532
08/25/2005,PVU,UT,ANM,WE,Federal Contract Tower,0,0,2,0,2,0,4,236,0,240,0,4,238,0,242,324,0,324,566
08/26/2005,PVU,UT,ANM,WE,Federal Contract Tower,0,1,5,0,6,0,7,197,0,204,0,8,202,0,210,397,0,397,607
08/27/2005,PVU,UT,ANM,WE,Federal Contract Tower,0,1,4,0,5,0,7,134,0,141,0,8,138,0,146,247,0,247,393
08/28/2005,PVU,UT,ANM,WE,Federal Contract Tower,0,0,1,0,1,0,2,88,0,90,0,2,89,0,91,92,0,92,183
08/29/2005,PVU,UT,ANM,WE,Federal Contract Tower,0,1,14,0,15,0,6,228,0,234,0,7,242,0,249,393,0,393,642
08/30/2005,PVU,UT,ANM,WE,Federal Contract Tower,0,0,5,0,5,0,2,135,1,138,0,2,140,1,143,206,0,206,349
08/31/2005,PVU,UT,ANM,WE,Federal Contract Tower,0,0,4,0,4,0,0,255,0,255,0,0,259,0,259,472,0,472,731
09/01/2005,PVU,UT,ANM,WE,Federal Contract Tower,0,8,5,0,13,0,1,206,0,207,0,9,211,0,220,395,0,395,615
09/02/2005,PVU,UT,ANM,WE,Federal Contract Tower,5,2,8,0,15,0,6,320,0,326,5,8,328,0,341,446,0,446,787
09/03/2005,PVU,UT,ANM,WE,Federal Contract Tower,0,2,12,0,14,0,11,226,5,242,0,13,238,5,256,186,0,186,442
09/04/2005,PVU,UT,ANM,WE,Federal Contract Tower,0,0,2,0,2,0,10,119,0,129,0,10,121,0,131,94,0,94,225
09/05/2005,PVU,UT,ANM,WE,Federal Contract Tower,0,2,7,0,9,0,10,243,0,253,0,12,250,0,262,242,0,242,504
09/06/2005,PVU,UT,ANM,WE,Federal Contract Tower,0,2,3,0,5,0,3,249,6,258,0,5,252,6,263,339,0,339,602
09/07/2005,PVU,UT,ANM,WE,Federal Contract Tower,0,0,11,0,11,0,3,232,1,236,0,3,243,1,247,428,18,446,693
09/08/2005,PVU,UT,ANM,WE,Federal Contract Tower,0,0,1,0,1,0,1,208,0,209,0,1,209,0,210,404,0,404,614
09/09/2005,PVU,UT,ANM,WE,Federal Contract Tower,0,0,3,0,3,0,0,100,0,100,0,0,103,0,103,141,0,141,244
09/10/2005,PVU,UT,ANM,WE,Federal Contract Tower,0,3,3,0,6,0,13,119,0,132,0,16,122,0,138,132,0,132,270
09/11/2005,PVU,UT,ANM,WE,Federal Contract Tower,0,0,0,1,1,0,3,87,1,91,0,3,87,2,92,98,6,104,196
09/12/2005,PVU,UT,ANM,WE,Federal Contract Tower,0,1,3,0,4,0,10,220,0,230,0,11,223,0,234,419,0,419,653
09/13/2005,PVU,UT,ANM,WE,Federal Contract Tower,0,4,8,0,12,0,7,244,0,251,0,11,252,0,263,423,0,423,686
09/14/2005,PVU,UT,ANM,WE,Federal Contract Tower,0,3,0,0,3,0,2,255,0,257,0,5,255,0,260,462,0,462,722
09/15/2005,PVU,UT,ANM,WE,Federal Contract Tower,0,7,3,1,11,0,0,241,1,242,0,7,244,2,253,460,22,482,735
09/16/2005,PVU,UT,ANM,WE,Federal Contract Tower,0,3,1,0,4,0,0,206,0,206,0,3,207,0,210,401,0,401,611
09/17/2005,PVU,UT,ANM,WE,Federal Contract Tower,0,1,7,0,8,0,0,153,1,154,0,1,160,1,162,198,2,200,362
09/18/2005,PVU,UT,ANM,WE,Federal Contract Tower,0,0,8,0,8,0,6,72,0,78,0,6,80,0,86,154,0,154,240
09/19/2005,PVU,UT,ANM,WE,Federal Contract Tower,0,1,5,0,6,0,0,275,0,275,0,1,280,0,281,365,0,365,646
09/20/2005,PVU,UT,ANM,WE,Federal Contract Tower,0,2,5,0,7,0,6,238,0,244,0,8,243,0,251,307,6,313,564
09/21/2005,PVU,UT,ANM,WE,Federal Contract Tower,4,1,9,0,14,0,1,139,0,140,4,2,148,0,154,228,0,228,382
09/22/2005,PVU,UT,ANM,WE,Federal Contract Tower,0,0,4,0,4,0,0,240,0,240,0,0,244,0,244,552,0,552,796
09/23/2005,PVU,UT,ANM,WE,Federal Contract Tower,0,5,3,0,8,0,3,234,0,237,0,8,237,0,245,501,0,501,746
09/24/2005,PVU,UT,ANM,WE,Federal Contract Tower,0,2,10,0,12,0,1,141,0,142,0,3,151,0,154,236,0,236,390
09/25/2005,PVU,UT,ANM,WE,Federal Contract Tower,0,3,3,0,6,0,2,76,0,78,0,5,79,0,84,84,0,84,168
09/26/2005,PVU,UT,ANM,WE,Federal Contract Tower,0,1,7,0,8,0,1,321,0,322,0,2,328,0,330,606,0,606,936
09/27/2005,PVU,UT,ANM,WE,Federal Contract Tower,0,3,10,0,13,0,11,182,0,193,0,14,192,0,206,370,0,370,576
09/28/2005,PVU,UT,ANM,WE,Federal Contract Tower,0,2,13,0,15,0,4,247,0,251,0,6,260,0,266,465,2,467,733
09/29/2005,PVU,UT,ANM,WE,Federal Contract Tower,0,2,15,0,17,0,1,253,0,254,0,3,268,0,271,432,2,434,705
09/30/2005,PVU,UT,ANM,WE,Federal Contract Tower,2,3,12,0,17,0,2,258,0,260,2,5,270,0,277,486,0,486,763
10/01/2005,PVU,UT,ANM,WE,Federal Contract Tower,0,0,6,0,6,0,1,144,0,145,0,1,150,0,151,221,0,221,372
10/02/2005,PVU,UT,ANM,WE,Federal Contract Tower,0,7,6,0,13,0,11,58,0,69,0,18,64,0,82,84,0,84,166
10/03/2005,PVU,UT,ANM,WE,Federal Contract Tower,0,1,5,0,6,0,2,201,0,203,0,3,206,0,209,499,0,499,708
10/04/2005,PVU,UT,ANM,WE,Federal Contract Tower,0,1,5,0,6,0,1,53,0,54,0,2,58,0,60,101,0,101,161
10/05/2005,PVU,UT,ANM,WE,Federal Contract Tower,0,0,4,0,4,0,0,282,0,282,0,0,286,0,286,522,2,524,810
10/06/2005,PVU,UT,ANM,WE,Federal Contract Tower,0,6,2,0,8,0,0,250,1,251,0,6,252,1,259,510,2,512,771
10/07/2005,PVU,UT,ANM,WE,Federal Contract Tower,2,0,0,0,2,0,1,255,0,256,2,1,255,0,258,540,0,540,798
10/08/2005,PVU,UT,ANM,WE,Federal Contract Tower,0,0,5,0,5,0,3,99,0,102,0,3,104,0,107,167,0,167,274
10/09/2005,PVU,UT,ANM,WE,Federal Contract Tower,0,2,13,0,15,0,0,55,0,55,0,2,68,0,70,86,0,86,156
10/10/2005,PVU,UT,ANM,WE,Federal Contract Tower,0,2,11,0,13,0,0,252,0,252,0,2,263,0,265,458,0,458,723
10/11/2005,PVU,UT,ANM,WE,Federal Contract Tower,0,2,5,0,7,0,57,251,0,308,0,59,256,0,315,422,0,422,737
10/12/2005,PVU,UT,ANM,WE,Federal Contract Tower,0,0,10,0,10,0,9,207,0,216,0,9,217,0,226,499,0,499,725
10/13/2005,PVU,UT,ANM,WE,Federal Contract Tower,0,3,4,0,7,0,2,230,1,233,0,5,234,1,240,513,0,513,753
10/14/2005,PVU,UT,ANM,WE,Federal Contract Tower,0,6,5,0,11,0,0,236,0,236,0,6,241,0,247,481,0,481,728
10/15/2005,PVU,UT,ANM,WE,Federal Contract Tower,0,0,8,0,8,0,0,169,0,169,0,0,177,0,177,249,0,249,426
10/16/2005,PVU,UT,ANM,WE,Federal Contract Tower,0,0,6,0,6,0,1,72,0,73,0,1,78,0,79,133,0,133,212
10/17/2005,PVU,UT,ANM,WE,Federal Contract Tower,0,1,6,0,7,0,0,232,0,232,0,1,238,0,239,453,0,453,692
10/18/2005,PVU,UT,ANM,WE,Federal Contract Tower,0,0,3,0,3,0,4,282,0,286,0,4,285,0,289,560,0,560,849
10/19/2005,PVU,UT,ANM,WE,Federal Contract Tower,0,0,9,0,9,0,3,222,4,229,0,3,231,4,238,397,0,397,635
10/20/2005,PVU,UT,ANM,WE,Federal Contract Tower,0,5,3,0,8,0,0,218,0,218,0,5,221,0,226,425,0,425,651
10/21/2005,PVU,UT,ANM,WE,Federal Contract Tower,2,0,7,0,9,0,0,215,0,215,2,0,222,0,224,301,0,301,525
10/22/2005,PVU,UT,ANM,WE,Federal Contract Tower,0,2,2,0,4,0,2,134,0,136,0,4,136,0,140,190,0,190,330
10/23/2005,PVU,UT,ANM,WE,Federal Contract Tower,0,3,6,0,9,0,4,73,0,77,0,7,79,0,86,93,0,93,179
10/24/2005,PVU,UT,ANM,WE,Federal Contract Tower,0,2,7,0,9,0,0,225,0,225,0,2,232,0,234,495,0,495,729
10/25/2005,PVU,UT,ANM,WE,Federal Contract Tower,0,2,6,0,8,0,5,202,0,207,0,7,208,0,215,314,0,314,529
10/26/2005,PVU,UT,ANM,WE,Federal Contract Tower,0,0,7,0,7,0,3,274,0,277,0,3,281,0,284,450,0,450,734
10/27/2005,PVU,UT,ANM,WE,Federal Contract Tower,0,0,7,0,7,0,7,223,1,231,0,7,230,1,238,484,8,492,730
10/28/2005,PVU,UT,ANM,WE,Federal Contract Tower,2,0,18,1,21,0,3,13,0,16,2,3,31,1,37,47,8,55,92
10/29/2005,PVU,UT,ANM,WE,Federal Contract Tower,2,0,10,2,14,0,6,100,8,114,2,6,110,10,128,118,8,126,254
10/30/2005,PVU,UT,ANM,WE,Federal Contract Tower,0,2,12,0,14,0,2,35,0,37,0,4,47,0,51,98,0,98,149
10/31/2005,PVU,UT,ANM,WE,Federal Contract Tower,0,0,3,0,3,0,1,226,0,227,0,1,229,0,230,442,2,444,674
11/01/2005,PVU,UT,ANM,WE,Federal Contract Tower,0,3,4,0,7,0,0,238,0,238,0,3,242,0,245,368,0,368,613
11/02/2005,PVU,UT,ANM,WE,Federal Contract Tower,0,3,7,0,10,0,3,190,4,197,0,6,197,4,207,458,2,460,667
11/03/2005,PVU,UT,ANM,WE,Federal Contract Tower,0,4,2,0,6,0,2,180,4,186,0,6,182,4,192,392,18,410,602
11/04/2005,PVU,UT,ANM,WE,Federal Contract Tower,2,0,10,0,12,0,5,163,4,172,2,5,173,4,184,397,16,413,597
11/05/2005,PVU,UT,ANM,WE,Federal Contract Tower,2,0,10,0,12,0,5,163,4,172,2,5,173,4,184,397,16,413,597
11/06/2005,PVU,UT,ANM,WE,Federal Contract Tower,0,2,2,0,4,0,6,68,0,74,0,8,70,0,78,131,0,131,209
11/07/2005,PVU,UT,ANM,WE,Federal Contract Tower,0,2,2,0,4,0,5,208,0,213,0,7,210,0,217,359,10,369,586
11/08/2005,PVU,UT,ANM,WE,Federal Contract Tower,0,0,2,0,2,0,0,117,1,118,0,0,119,1,120,298,4,302,422
11/09/2005,PVU,UT,ANM,WE,Federal Contract Tower,0,0,5,0,5,0,2,257,0,259,0,2,262,0,264,548,0,548,812
11/10/2005,PVU,UT,ANM,WE,Federal Contract Tower,0,0,7,0,7,0,7,256,0,263,0,7,263,0,270,490,0,490,760
11/11/2005,PVU,UT,ANM,WE,Federal Contract Tower,2,1,9,0,12,0,2,139,0,141,2,3,148,0,153,305,0,305,458
11/12/2005,PVU,UT,ANM,WE,Federal Contract Tower,0,0,8,0,8,0,3,89,0,92,0,3,97,0,100,114,0,114,214
11/13/2005,PVU,UT,ANM,WE,Federal Contract Tower,0,1,3,0,4,0,1,56,0,57,0,2,59,0,61,148,0,148,209
11/14/2005,PVU,UT,ANM,WE,Federal Contract Tower,0,3,10,0,13,0,1,67,0,68,0,4,77,0,81,150,0,150,231
11/15/2005,PVU,UT,ANM,WE,Federal Contract Tower,0,1,0,0,1,0,7,231,2,240,0,8,231,2,241,586,0,586,827
11/16/2005,PVU,UT,ANM,WE,Federal Contract Tower,0,0,8,0,8,0,3,278,0,281,0,3,286,0,289,511,0,511,800
11/17/2005,PVU,UT,ANM,WE,Federal Contract Tower,0,0,5,0,5,0,2,233,0,235,0,2,238,0,240,465,0,465,705
11/18/2005,PVU,UT,ANM,WE,Federal Contract Tower,0,6,7,0,13,0,2,253,0,255,0,8,260,0,268,292,0,292,560
11/19/2005,PVU,UT,ANM,WE,Federal Contract Tower,0,4,11,2,17,0,5,176,2,183,0,9,187,4,200,223,0,223,423
11/20/2005,PVU,UT,ANM,WE,Federal Contract Tower,0,1,9,0,10,0,3,63,0,66,0,4,72,0,76,42,0,42,118
11/21/2005,PVU,UT,ANM,WE,Federal Contract Tower,0,0,10,0,10,0,4,246,0,250,0,4,256,0,260,486,0,486,746
11/22/2005,PVU,UT,ANM,WE,Federal Contract Tower,0,1,25,0,26,0,8,243,2,253,0,9,268,2,279,419,18,437,716
11/23/2005,PVU,UT,ANM,WE,Federal Contract Tower,0,2,10,0,12,0,8,191,0,199,0,10,201,0,211,232,0,232,443
11/24/2005,PVU,UT,ANM,WE,Federal Contract Tower,0,0,1,0,1,0,1,29,0,30,0,1,30,0,31,46,0,46,77
11/25/2005,PVU,UT,ANM,WE,Federal Contract Tower,0,0,1,0,1,0,0,174,0,174,0,0,175,0,175,267,0,267,442
11/26/2005,PVU,UT,ANM,WE,Federal Contract Tower,0,0,8,0,8,0,5,23,0,28,0,5,31,0,36,54,0,54,90
11/27/2005,PVU,UT,ANM,WE,Federal Contract Tower,0,3,17,0,20,0,1,30,0,31,0,4,47,0,51,66,0,66,117
11/28/2005,PVU,UT,ANM,WE,Federal Contract Tower,0,0,8,0,8,0,0,140,8,148,0,0,148,8,156,300,14,314,470
11/29/2005,PVU,UT,ANM,WE,Federal Contract Tower,0,2,2,0,4,0,3,76,0,79,0,5,78,0,83,150,0,150,233
11/30/2005,PVU,UT,ANM,WE,Federal Contract Tower,0,0,8,0,8,0,2,151,2,155,0,2,159,2,163,281,0,281,444
12/01/2005,PVU,UT,ANM,WE,Federal Contract Tower,0,0,8,0,8,0,1,211,0,212,0,1,219,0,220,547,0,547,767
12/02/2005,PVU,UT,ANM,WE,Federal Contract Tower,0,1,6,0,7,0,0,78,0,78,0,1,84,0,85,146,0,146,231
12/03/2005,PVU,UT,ANM,WE,Federal Contract Tower,0,1,6,0,7,0,1,34,3,38,0,2,40,3,45,56,12,68,113
12/04/2005,PVU,UT,ANM,WE,Federal Contract Tower,0,0,4,0,4,0,1,39,0,40,0,1,43,0,44,94,0,94,138
12/05/2005,PVU,UT,ANM,WE,Federal Contract Tower,0,1,8,0,9,0,0,249,0,249,0,1,257,0,258,426,0,426,684
12/06/2005,PVU,UT,ANM,WE,Federal Contract Tower,0,0,13,0,13,0,5,33,0,38,0,5,46,0,51,95,0,95,146
12/07/2005,PVU,UT,ANM,WE,Federal Contract Tower,0,3,3,0,6,0,5,171,1,177,0,8,174,1,183,358,6,364,547
12/08/2005,PVU,UT,ANM,WE,Federal Contract Tower,0,1,11,0,12,0,12,220,0,232,0,13,231,0,244,484,0,484,728
12/09/2005,PVU,UT,ANM,WE,Federal Contract Tower,0,0,6,0,6,0,2,238,0,240,0,2,244,0,246,354,0,354,600
12/10/2005,PVU,UT,ANM,WE,Federal Contract Tower,0,2,10,0,12,0,3,156,0,159,0,5,166,0,171,309,0,309,480
12/11/2005,PVU,UT,ANM,WE,Federal Contract Tower,0,0,3,0,3,0,2,73,0,75,0,2,76,0,78,165,0,165,243
12/12/2005,PVU,UT,ANM,WE,Federal Contract Tower,0,2,7,0,9,0,2,168,0,170,0,4,175,0,179,397,0,397,576
12/13/2005,PVU,UT,ANM,WE,Federal Contract Tower,0,0,9,0,9,0,8,130,2,140,0,8,139,2,149,203,0,203,352
12/14/2005,PVU,UT,ANM,WE,Federal Contract Tower,0,0,5,0,5,0,3,229,0,232,0,3,234,0,237,397,0,397,634
12/15/2005,PVU,UT,ANM,WE,Federal Contract Tower,0,1,5,0,6,0,1,199,2,202,0,2,204,2,208,438,4,442,650
12/16/2005,PVU,UT,ANM,WE,Federal Contract Tower,0,2,8,0,10,0,0,156,0,156,0,2,164,0,166,246,0,246,412
12/17/2005,PVU,UT,ANM,WE,Federal Contract Tower,2,0,10,0,12,0,7,131,0,138,2,7,141,0,150,0,144,144,294
12/18/2005,PVU,UT,ANM,WE,Federal Contract Tower,4,2,9,0,15,0,5,17,0,22,4,7,26,0,37,22,0,22,59
12/19/2005,PVU,UT,ANM,WE,Federal Contract Tower,0,1,8,0,9,0,4,80,0,84,0,5,88,0,93,161,2,163,256
12/20/2005,PVU,UT,ANM,WE,Federal Contract Tower,0,0,9,0,9,0,11,97,0,108,0,11,106,0,117,218,2,220,337
12/21/2005,PVU,UT,ANM,WE,Federal Contract Tower,0,2,7,0,9,0,3,179,0,182,0,5,186,0,191,288,0,288,479
12/22/2005,PVU,UT,ANM,WE,Federal Contract Tower,0,2,11,0,13,0,2,147,0,149,0,4,158,0,162,315,0,315,477
12/23/2005,PVU,UT,ANM,WE,Federal Contract Tower,2,3,6,0,11,0,4,130,0,134,2,7,136,0,145,184,0,184,329
12/24/2005,PVU,UT,ANM,WE,Federal Contract Tower,0,0,2,0,2,0,8,77,0,85,0,8,79,0,87,115,0,115,202
12/25/2005,PVU,UT,ANM,WE,Federal Contract Tower,0,3,3,0,6,0,1,2,0,3,0,4,5,0,9,7,0,7,16
12/26/2005,PVU,UT,ANM,WE,Federal Contract Tower,0,2,7,0,9,0,0,23,0,23,0,2,30,0,32,23,0,23,55
12/27/2005,PVU,UT,ANM,WE,Federal Contract Tower,0,1,2,0,3,0,5,116,0,121,0,6,118,0,124,176,4,180,304
12/28/2005,PVU,UT,ANM,WE,Federal Contract Tower,0,3,5,0,8,0,7,122,0,129,0,10,127,0,137,132,0,132,269
12/29/2005,PVU,UT,ANM,WE,Federal Contract Tower,0,0,5,0,5,0,1,67,0,68,0,1,72,0,73,69,0,69,142
12/30/2005,PVU,UT,ANM,WE,Federal Contract Tower,0,6,3,0,9,0,2,60,0,62,0,8,63,0,71,73,0,73,144
12/31/2005,PVU,UT,ANM,WE,Federal Contract Tower,0,2,9,0,11,0,1,34,0,35,0,3,43,0,46,14,0,14,60
01/01/2006,PVU,UT,ANM,WE,Federal Contract Tower,0,1,3,0,4,0,1,16,0,17,0,2,19,0,21,54,0,54,75
01/02/2006,PVU,UT,ANM,WE,Federal Contract Tower,0,2,5,0,7,0,0,68,0,68,0,2,73,0,75,254,0,254,329
01/03/2006,PVU,UT,ANM,WE,Federal Contract Tower,0,0,6,0,6,0,7,98,0,105,0,7,104,0,111,184,0,184,295
01/04/2006,PVU,UT,ANM,WE,Federal Contract Tower,0,1,12,0,13,0,8,200,2,210,0,9,212,2,223,346,8,354,577
01/05/2006,PVU,UT,ANM,WE,Federal Contract Tower,0,2,6,0,8,0,0,213,0,213,0,2,219,0,221,340,0,340,561
01/06/2006,PVU,UT,ANM,WE,Federal Contract Tower,0,0,11,0,11,0,0,221,4,225,0,0,232,4,236,393,16,409,645
01/07/2006,PVU,UT,ANM,WE,Federal Contract Tower,0,0,8,0,8,0,1,117,0,118,0,1,125,0,126,151,0,151,277
01/08/2006,PVU,UT,ANM,WE,Federal Contract Tower,0,1,5,0,6,0,1,47,0,48,0,2,52,0,54,95,0,95,149
01/09/2006,PVU,UT,ANM,WE,Federal Contract Tower,0,2,8,0,10,0,0,221,0,221,0,2,229,0,231,414,0,414,645
01/10/2006,PVU,UT,ANM,WE,Federal Contract Tower,0,0,12,0,12,0,1,217,0,218,0,1,229,0,230,414,0,414,644
01/11/2006,PVU,UT,ANM,WE,Federal Contract Tower,0,1,2,0,3,0,0,190,0,190,0,1,192,0,193,345,0,345,538
01/12/2006,PVU,UT,ANM,WE,Federal Contract Tower,0,2,8,0,10,0,2,203,2,207,0,4,211,2,217,432,8,440,657
01/13/2006,PVU,UT,ANM,WE,Federal Contract Tower,0,0,6,0,6,0,4,258,0,262,0,4,264,0,268,477,0,477,745
01/14/2006,PVU,UT,ANM,WE,Federal Contract Tower,0,0,4,0,4,0,4,122,0,126,0,4,126,0,130,198,0,198,328
01/15/2006,PVU,UT,ANM,WE,Federal Contract Tower,0,0,2,0,2,0,0,18,0,18,0,0,20,0,20,41,0,41,61
01/16/2006,PVU,UT,ANM,WE,Federal Contract Tower,0,2,6,0,8,0,3,191,0,194,0,5,197,0,202,358,0,358,560
01/17/2006,PVU,UT,ANM,WE,Federal Contract Tower,0,1,5,0,6,0,2,251,0,253,0,3,256,0,259,399,0,399,658
01/18/2006,PVU,UT,ANM,WE,Federal Contract Tower,0,4,4,0,8,0,1,125,0,126,0,5,129,0,134,113,0,113,247
01/19/2006,PVU,UT,ANM,WE,Federal Contract Tower,0,0,6,0,6,0,0,9,0,9,0,0,15,0,15,38,0,38,53
01/20/2006,PVU,UT,ANM,WE,Federal Contract Tower,0,0,9,0,9,0,0,267,0,267,0,0,276,0,276,322,0,322,598
01/21/2006,PVU,UT,ANM,WE,Federal Contract Tower,0,0,4,0,4,0,0,123,2,125,0,0,127,2,129,256,10,266,395
01/22/2006,PVU,UT,ANM,WE,Federal Contract Tower,0,0,2,0,2,0,4,84,0,88,0,4,86,0,90,76,0,76,166
01/23/2006,PVU,UT,ANM,WE,Federal Contract Tower,0,2,5,0,7,0,4,212,0,216,0,6,217,0,223,349,0,349,572
01/24/2006,PVU,UT,ANM,WE,Federal Contract Tower,0,4,4,0,8,0,0,248,0,248,0,4,252,0,256,359,0,359,615
01/25/2006,PVU,UT,ANM,WE,Federal Contract Tower,0,2,10,0,12,0,0,238,0,238,0,2,248,0,250,306,0,306,556
01/26/2006,PVU,UT,ANM,WE,Federal Contract Tower,0,4,8,0,12,0,0,231,0,231,0,4,239,0,243,435,0,435,678
01/27/2006,PVU,UT,ANM,WE,Federal Contract Tower,0,1,4,0,5,0,4,11,0,15,0,5,15,0,20,92,0,92,112
01/28/2006,PVU,UT,ANM,WE,Federal Contract Tower,0,0,7,0,7,0,7,84,0,91,0,7,91,0,98,138,0,138,236
01/29/2006,PVU,UT,ANM,WE,Federal Contract Tower,0,0,8,0,8,0,4,21,0,25,0,4,29,0,33,28,0,28,61
01/30/2006,PVU,UT,ANM,WE,Federal Contract Tower,0,2,2,0,4,0,4,224,0,228,0,6,226,0,232,458,0,458,690
01/31/2006,PVU,UT,ANM,WE,Federal Contract Tower,0,0,7,0,7,0,6,104,0,110,0,6,111,0,117,416,0,416,533
02/01/2006,PVU,UT,ANM,WE,Federal Contract Tower,0,3,11,0,14,0,0,83,0,83,0,3,94,0,97,298,0,298,395
02/02/2006,PVU,UT,ANM,WE,Federal Contract Tower,0,2,6,0,8,0,4,79,0,83,0,6,85,0,91,306,0,306,397
02/03/2006,PVU,UT,ANM,WE,Federal Contract Tower,0,3,7,0,10,0,8,272,0,280,0,11,279,0,290,450,0,450,740
02/04/2006,PVU,UT,ANM,WE,Federal Contract Tower,0,3,7,0,10,0,9,178,0,187,0,12,185,0,197,232,0,232,429
02/05/2006,PVU,UT,ANM,WE,Federal Contract Tower,0,3,0,0,3,0,5,54,0,59,0,8,54,0,62,60,0,60,122
02/06/2006,PVU,UT,ANM,WE,Federal Contract Tower,0,3,11,0,14,0,0,336,0,336,0,3,347,0,350,543,4,547,897
02/07/2006,PVU,UT,ANM,WE,Federal Contract Tower,0,0,3,0,3,0,1,303,0,304,0,1,306,0,307,526,0,526,833
02/08/2006,PVU,UT,ANM,WE,Federal Contract Tower,0,1,14,0,15,0,1,260,0,261,0,2,274,0,276,457,0,457,733
02/09/2006,PVU,UT,ANM,WE,Federal Contract Tower,0,3,10,0,13,0,1,242,0,243,0,4,252,0,256,552,0,552,808
02/10/2006,PVU,UT,ANM,WE,Federal Contract Tower,0,2,6,0,8,0,6,208,3,217,0,8,214,3,225,575,8,583,808
02/11/2006,PVU,UT,ANM,WE,Federal Contract Tower,0,1,6,0,7,0,2,254,0,256,0,3,260,0,263,378,0,378,641
02/12/2006,PVU,UT,ANM,WE,Federal Contract Tower,0,2,7,0,9,0,0,50,0,50,0,2,57,0,59,86,0,86,145
02/13/2006,PVU,UT,ANM,WE,Federal Contract Tower,0,0,11,0,11,0,2,311,1,314,0,2,322,1,325,500,2,502,827
02/14/2006,PVU,UT,ANM,WE,Federal Contract Tower,0,2,5,0,7,0,2,322,0,324,0,4,327,0,331,508,0,508,839
02/15/2006,PVU,UT,ANM,WE,Federal Contract Tower,0,0,7,0,7,0,1,18,0,19,0,1,25,0,26,50,0,50,76
02/16/2006,PVU,UT,ANM,WE,Federal Contract Tower,0,0,9,0,9,0,7,194,2,203,0,7,203,2,212,327,2,329,541
02/17/2006,PVU,UT,ANM,WE,Federal Contract Tower,0,4,13,0,17,0,7,244,0,251,0,11,257,0,268,478,0,478,746
02/18/2006,PVU,UT,ANM,WE,Federal Contract Tower,0,1,6,0,7,0,0,65,0,65,0,1,71,0,72,152,0,152,224
02/19/2006,PVU,UT,ANM,WE,Federal Contract Tower,0,3,2,0,5,0,6,16,0,22,0,9,18,0,27,38,0,38,65
02/20/2006,PVU,UT,ANM,WE,Federal Contract Tower,0,13,10,0,23,0,5,128,0,133,0,18,138,0,156,324,0,324,480
02/21/2006,PVU,UT,ANM,WE,Federal Contract Tower,0,0,14,0,14,0,6,224,0,230,0,6,238,0,244,438,0,438,682
02/22/2006,PVU,UT,ANM,WE,Federal Contract Tower,0,6,15,0,21,0,2,210,0,212,0,8,225,0,233,562,0,562,795
02/23/2006,PVU,UT,ANM,WE,Federal Contract Tower,0,4,16,0,20,4,7,234,2,247,4,11,250,2,267,432,0,432,699
02/24/2006,PVU,UT,ANM,WE,Federal Contract Tower,0,6,10,0,16,0,4,229,0,233,0,10,239,0,249,434,0,434,683
02/25/2006,PVU,UT,ANM,WE,Federal Contract Tower,0,0,15,0,15,0,10,201,0,211,0,10,216,0,226,346,0,346,572
02/26/2006,PVU,UT,ANM,WE,Federal Contract Tower,0,3,9,0,12,0,12,69,0,81,0,15,78,0,93,125,0,125,218
02/27/2006,PVU,UT,ANM,WE,Federal Contract Tower,0,3,7,0,10,0,2,237,0,239,0,5,244,0,249,513,0,513,762
02/28/2006,PVU,UT,ANM,WE,Federal Contract Tower,0,5,17,0,22,0,2,58,0,60,0,7,75,0,82,134,0,134,216
03/01/2006,PVU,UT,ANM,WE,Federal Contract Tower,0,3,15,0,18,0,4,253,0,257,0,7,268,0,275,514,0,514,789
03/02/2006,PVU,UT,ANM,WE,Federal Contract Tower,0,0,5,0,5,0,8,242,0,250,0,8,247,0,255,395,0,395,650
03/03/2006,PVU,UT,ANM,WE,Federal Contract Tower,0,1,6,0,7,0,4,121,0,125,0,5,127,0,132,241,0,241,373
03/04/2006,PVU,UT,ANM,WE,Federal Contract Tower,0,2,12,0,14,0,19,136,2,157,0,21,148,2,171,160,4,164,335
03/05/2006,PVU,UT,ANM,WE,Federal Contract Tower,0,2,1,0,3,0,2,46,0,48,0,4,47,0,51,72,0,72,123
03/06/2006,PVU,UT,ANM,WE,Federal Contract Tower,0,2,3,0,5,0,2,179,0,181,0,4,182,0,186,387,0,387,573
03/07/2006,PVU,UT,ANM,WE,Federal Contract Tower,0,0,11,0,11,0,2,109,0,111,0,2,120,0,122,322,0,322,444
03/08/2006,PVU,UT,ANM,WE,Federal Contract Tower,0,2,10,0,12,0,7,99,0,106,0,9,109,0,118,186,0,186,304
03/09/2006,PVU,UT,ANM,WE,Federal Contract Tower,0,3,3,0,6,0,0,21,0,21,0,3,24,0,27,45,8,53,80
03/10/2006,PVU,UT,ANM,WE,Federal Contract Tower,0,5,2,0,7,0,7,225,0,232,0,12,227,0,239,436,0,436,675
03/11/2006,PVU,UT,ANM,WE,Federal Contract Tower,0,0,3,0,3,0,1,69,0,70,0,1,72,0,73,210,0,210,283
03/12/2006,PVU,UT,ANM,WE,Federal Contract Tower,10,2,0,0,12,0,0,5,0,5,10,2,5,0,17,0,0,0,17
03/13/2006,PVU,UT,ANM,WE,Federal Contract Tower,0,0,5,0,5,0,3,221,0,224,0,3,226,0,229,448,0,448,677
03/14/2006,PVU,UT,ANM,WE,Federal Contract Tower,0,6,10,0,16,0,7,210,0,217,0,13,220,0,233,451,0,451,684
03/15/2006,PVU,UT,ANM,WE,Federal Contract Tower,0,2,9,0,11,0,3,192,2,197,0,5,201,2,208,430,2,432,640
03/16/2006,PVU,UT,ANM,WE,Federal Contract Tower,0,4,7,0,11,0,5,266,0,271,0,9,273,0,282,519,0,519,801
03/17/2006,PVU,UT,ANM,WE,Federal Contract Tower,0,5,11,0,16,0,4,191,0,195,0,9,202,0,211,535,0,535,746
03/18/2006,PVU,UT,ANM,WE,Federal Contract Tower,0,0,2,0,2,0,2,96,0,98,0,2,98,0,100,278,0,278,378
03/19/2006,PVU,UT,ANM,WE,Federal Contract Tower,0,1,2,0,3,0,0,1,0,1,0,1,3,0,4,0,0,0,4
03/20/2006,PVU,UT,ANM,WE,Federal Contract Tower,0,1,5,0,6,0,3,114,0,117,0,4,119,0,123,372,0,372,495
03/21/2006,PVU,UT,ANM,WE,Federal Contract Tower,0,0,4,0,4,0,7,125,0,132,0,7,129,0,136,448,0,448,584
03/22/2006,PVU,UT,ANM,WE,Federal Contract Tower,0,0,9,0,9,0,9,268,0,277,0,9,277,0,286,560,0,560,846
03/23/2006,PVU,UT,ANM,WE,Federal Contract Tower,0,0,15,0,15,0,5,243,0,248,0,5,258,0,263,416,2,418,681
03/24/2006,PVU,UT,ANM,WE,Federal Contract Tower,0,2,11,0,13,0,5,257,2,264,0,7,268,2,277,418,0,418,695
03/25/2006,PVU,UT,ANM,WE,Federal Contract Tower,0,3,9,0,12,0,3,100,0,103,0,6,109,0,115,160,0,160,275
03/26/2006,PVU,UT,ANM,WE,Federal Contract Tower,0,2,8,0,10,0,2,34,0,36,0,4,42,0,46,72,0,72,118
03/27/2006,PVU,UT,ANM,WE,Federal Contract Tower,0,1,6,0,7,0,6,269,0,275,0,7,275,0,282,518,0,518,800
03/28/2006,PVU,UT,ANM,WE,Federal Contract Tower,0,4,12,0,16,0,0,106,0,106,0,4,118,0,122,287,0,287,409
03/29/2006,PVU,UT,ANM,WE,Federal Contract Tower,0,3,8,0,11,0,4,80,0,84,0,7,88,0,95,240,0,240,335
03/30/2006,PVU,UT,ANM,WE,Federal Contract Tower,0,3,7,0,10,0,0,285,0,285,0,3,292,0,295,475,0,475,770
03/31/2006,PVU,UT,ANM,WE,Federal Contract Tower,0,1,4,0,5,0,8,184,0,192,0,9,188,0,197,364,0,364,561
04/01/2006,PVU,UT,ANM,WE,Federal Contract Tower,0,0,6,0,6,0,0,37,0,37,0,0,43,0,43,49,0,49,92
04/02/2006,PVU,UT,ANM,WE,Federal Contract Tower,0,3,2,0,5,0,3,74,0,77,0,6,76,0,82,100,0,100,182
04/03/2006,PVU,UT,ANM,WE,Federal Contract Tower,0,0,3,0,3,0,3,234,0,237,0,3,237,0,240,532,0,532,772
04/04/2006,PVU,UT,ANM,WE,Federal Contract Tower,0,2,4,0,6,0,0,230,0,230,0,2,234,0,236,438,0,438,674
04/05/2006,PVU,UT,ANM,WE,Federal Contract Tower,0,3,3,0,6,0,0,19,0,19,0,3,22,0,25,18,0,18,43
04/06/2006,PVU,UT,ANM,WE,Federal Contract Tower,0,2,16,1,19,0,0,0,0,0,0,2,16,1,19,63,0,63,82
04/07/2006,PVU,UT,ANM,WE,Federal Contract Tower,0,2,9,0,11,0,7,271,1,279,0,9,280,1,290,568,0,568,858
04/08/2006,PVU,UT,ANM,WE,Federal Contract Tower,0,0,10,0,10,0,5,224,2,231,0,5,234,2,241,308,0,308,549
04/09/2006,PVU,UT,ANM,WE,Federal Contract Tower,0,4,4,0,8,0,5,90,0,95,0,9,94,0,103,92,0,92,195
04/10/2006,PVU,UT,ANM,WE,Federal Contract Tower,0,0,1,0,1,0,4,184,0,188,0,4,185,0,189,411,0,411,600
04/11/2006,PVU,UT,ANM,WE,Federal Contract Tower,0,2,9,0,11,0,6,217,6,229,0,8,226,6,240,551,8,559,799
04/12/2006,PVU,UT,ANM,WE,Federal Contract Tower,0,4,14,0,18,0,11,270,1,282,0,15,284,1,300,551,0,551,851
04/13/2006,PVU,UT,ANM,WE,Federal Contract Tower,0,2,4,0,6,0,4,246,0,250,0,6,250,0,256,466,0,466,722
04/14/2006,PVU,UT,ANM,WE,Federal Contract Tower,0,4,14,0,18,0,7,180,0,187,0,11,194,0,205,339,0,339,544
04/15/2006,PVU,UT,ANM,WE,Federal Contract Tower,0,2,4,0,6,0,0,130,0,130,0,2,134,0,136,296,0,296,432
04/16/2006,PVU,UT,ANM,WE,Federal Contract Tower,0,4,5,0,9,0,3,57,2,62,0,7,62,2,71,92,4,96,167
04/17/2006,PVU,UT,ANM,WE,Federal Contract Tower,0,0,7,0,7,0,3,14,0,17,0,3,21,0,24,64,0,64,88
04/18/2006,PVU,UT,ANM,WE,Federal Contract Tower,0,0,16,0,16,0,5,151,0,156,0,5,167,0,172,312,0,312,484
04/19/2006,PVU,UT,ANM,WE,Federal Contract Tower,0,0,7,0,7,0,11,276,4,291,0,11,283,4,298,428,2,430,728
04/20/2006,PVU,UT,ANM,WE,Federal Contract Tower,0,0,7,0,7,0,1,286,0,287,0,1,293,0,294,344,0,344,638
04/21/2006,PVU,UT,ANM,WE,Federal Contract Tower,0,2,6,0,8,0,9,256,0,265,0,11,262,0,273,369,0,369,642
04/22/2006,PVU,UT,ANM,WE,Federal Contract Tower,0,0,10,0,10,0,0,163,0,163,0,0,173,0,173,244,0,244,417
04/23/2006,PVU,UT,ANM,WE,Federal Contract Tower,0,2,5,0,7,0,4,64,2,70,0,6,69,2,77,86,0,86,163
04/24/2006,PVU,UT,ANM,WE,Federal Contract Tower,0,5,11,0,16,0,4,113,0,117,0,9,124,0,133,218,0,218,351
04/25/2006,PVU,UT,ANM,WE,Federal Contract Tower,0,1,7,0,8,0,2,244,4,250,0,3,251,4,258,350,8,358,616
04/26/2006,PVU,UT,ANM,WE,Federal Contract Tower,0,5,3,0,8,0,4,308,0,312,0,9,311,0,320,447,0,447,767
04/27/2006,PVU,UT,ANM,WE,Federal Contract Tower,0,1,14,0,15,0,3,226,0,229,0,4,240,0,244,360,0,360,604
04/28/2006,PVU,UT,ANM,WE,Federal Contract Tower,0,4,11,0,15,0,1,175,2,178,0,5,186,2,193,242,8,250,443
04/29/2006,PVU,UT,ANM,WE,Federal Contract Tower,0,1,12,0,13,0,0,166,2,168,0,1,178,2,181,224,8,232,413
04/30/2006,PVU,UT,ANM,WE,Federal Contract Tower,0,1,10,0,11,0,9,61,0,70,0,10,71,0,81,40,0,40,121
05/01/2006,PVU,UT,ANM,WE,Federal Contract Tower,0,3,14,2,19,0,3,198,0,201,0,6,212,2,220,394,8,402,622
05/02/2006,PVU,UT,ANM,WE,Federal Contract Tower,0,0,4,0,4,0,4,229,0,233,0,4,233,0,237,359,0,359,596
05/03/2006,PVU,UT,ANM,WE,Federal Contract Tower,0,0,8,0,8,0,7,235,0,242,0,7,243,0,250,425,0,425,675
05/04/2006,PVU,UT,ANM,WE,Federal Contract Tower,0,0,10,0,10,0,10,155,0,165,0,10,165,0,175,287,0,287,462
05/05/2006,PVU,UT,ANM,WE,Federal Contract Tower,0,3,5,0,8,0,0,163,0,163,0,3,168,0,171,350,0,350,521
05/06/2006,PVU,UT,ANM,WE,Federal Contract Tower,0,2,0,0,2,0,4,167,1,172,0,6,167,1,174,194,0,194,368
05/07/2006,PVU,UT,ANM,WE,Federal Contract Tower,0,1,2,0,3,0,4,100,0,104,0,5,102,0,107,84,0,84,191
05/08/2006,PVU,UT,ANM,WE,Federal Contract Tower,0,0,8,0,8,0,4,127,0,131,0,4,135,0,139,339,0,339,478
05/09/2006,PVU,UT,ANM,WE,Federal Contract Tower,0,1,13,0,14,0,3,224,0,227,0,4,237,0,241,352,0,352,593
05/10/2006,PVU,UT,ANM,WE,Federal Contract Tower,0,3,18,0,21,0,4,245,5,254,0,7,263,5,275,0,379,379,654
05/11/2006,PVU,UT,ANM,WE,Federal Contract Tower,0,0,16,0,16,0,7,191,1,199,0,7,207,1,215,367,0,367,582
05/12/2006,PVU,UT,ANM,WE,Federal Contract Tower,0,2,9,0,11,0,9,186,0,195,0,11,195,0,206,418,0,418,624
05/13/2006,PVU,UT,ANM,WE,Federal Contract Tower,0,0,6,0,6,0,2,133,0,135,0,2,139,0,141,271,0,271,412
05/14/2006,PVU,UT,ANM,WE,Federal Contract Tower,0,0,6,0,6,0,5,85,0,90,0,5,91,0,96,70,0,70,166
05/15/2006,PVU,UT,ANM,WE,Federal Contract Tower,0,1,7,0,8,0,2,217,0,219,0,3,224,0,227,331,0,331,558
05/16/2006,PVU,UT,ANM,WE,Federal Contract Tower,0,2,5,0,7,0,12,236,0,248,0,14,241,0,255,422,2,424,679
05/17/2006,PVU,UT,ANM,WE,Federal Contract Tower,0,0,4,0,4,0,2,242,3,247,0,2,246,3,251,414,6,420,671
05/18/2006,PVU,UT,ANM,WE,Federal Contract Tower,0,4,8,0,12,0,1,194,0,195,0,5,202,0,207,376,0,376,583
05/19/2006,PVU,UT,ANM,WE,Federal Contract Tower,0,0,9,0,9,0,2,212,0,214,0,2,221,0,223,288,0,288,511
05/20/2006,PVU,UT,ANM,WE,Federal Contract Tower,0,1,1,0,2,0,11,148,0,159,0,12,149,0,161,208,0,208,369
05/21/2006,PVU,UT,ANM,WE,Federal Contract Tower,0,1,5,0,6,0,3,64,0,67,0,4,69,0,73,68,0,68,141
05/22/2006,PVU,UT,ANM,WE,Federal Contract Tower,0,0,5,0,5,0,10,81,0,91,0,10,86,0,96,190,0,190,286
05/23/2006,PVU,UT,ANM,WE,Federal Contract Tower,0,0,1,0,1,0,2,270,0,272,0,2,271,0,273,429,0,429,702
05/24/2006,PVU,UT,ANM,WE,Federal Contract Tower,0,0,9,0,9,0,5,226,0,231,0,5,235,0,240,376,0,376,616
05/25/2006,PVU,UT,ANM,WE,Federal Contract Tower,0,2,7,0,9,0,7,237,0,244,0,9,244,0,253,338,0,338,591
05/26/2006,PVU,UT,ANM,WE,Federal Contract Tower,0,5,5,0,10,0,5,177,0,182,0,10,182,0,192,307,0,307,499
05/27/2006,PVU,UT,ANM,WE,Federal Contract Tower,0,0,3,0,3,0,0,62,0,62,0,0,65,0,65,62,0,62,127
05/28/2006,PVU,UT,ANM,WE,Federal Contract Tower,0,1,6,0,7,0,3,205,0,208,0,4,211,0,215,32,0,32,247
05/29/2006,PVU,UT,ANM,WE,Federal Contract Tower,0,2,8,0,10,0,5,152,0,157,0,7,160,0,167,182,0,182,349
05/30/2006,PVU,UT,ANM,WE,Federal Contract Tower,0,1,6,0,7,0,0,265,0,265,0,1,271,0,272,331,0,331,603
05/31/2006,PVU,UT,ANM,WE,Federal Contract Tower,0,2,0,0,2,0,13,0,0,13,0,15,0,0,15,229,0,229,244
06/01/2006,PVU,UT,ANM,WE,Federal Contract Tower,0,0,4,0,4,0,2,189,0,191,0,2,193,0,195,271,0,271,466
06/02/2006,PVU,UT,ANM,WE,Federal Contract Tower,0,2,7,0,9,0,10,196,0,206,0,12,203,0,215,293,0,293,508
06/03/2006,PVU,UT,ANM,WE,Federal Contract Tower,0,2,3,0,5,0,4,140,1,145,0,6,143,1,150,268,2,270,420
06/04/2006,PVU,UT,ANM,WE,Federal Contract Tower,0,2,3,0,5,0,3,76,0,79,0,5,79,0,84,24,0,24,108
06/05/2006,PVU,UT,ANM,WE,Federal Contract Tower,0,0,7,0,7,0,0,190,0,190,0,0,197,0,197,281,0,281,478
06/06/2006,PVU,UT,ANM,WE,Federal Contract Tower,0,2,9,0,11,0,6,188,0,194,0,8,197,0,205,348,0,348,553
06/07/2006,PVU,UT,ANM,WE,Federal Contract Tower,0,2,5,0,7,0,2,183,0,185,0,4,188,0,192,290,0,290,482
06/08/2006,PVU,UT,ANM,WE,Federal Contract Tower,0,3,2,0,5,0,4,184,0,188,0,7,186,0,193,190,0,190,383
06/09/2006,PVU,UT,ANM,WE,Federal Contract Tower,0,0,9,0,9,0,2,78,0,80,0,2,87,0,89,136,0,136,225
06/10/2006,PVU,UT,ANM,WE,Federal Contract Tower,0,2,1,2,5,0,7,124,4,135,0,9,125,6,140,184,2,186,326
06/11/2006,PVU,UT,ANM,WE,Federal Contract Tower,0,1,5,0,6,0,4,65,0,69,0,5,70,0,75,44,0,44,119
06/12/2006,PVU,UT,ANM,WE,Federal Contract Tower,0,0,5,0,5,0,6,210,2,218,0,6,215,2,223,358,0,358,581
06/13/2006,PVU,UT,ANM,WE,Federal Contract Tower,0,3,3,0,6,0,2,157,0,159,0,5,160,0,165,178,0,178,343
06/14/2006,PVU,UT,ANM,WE,Federal Contract Tower,0,0,9,0,9,0,3,177,0,180,0,3,186,0,189,234,0,234,423
06/15/2006,PVU,UT,ANM,WE,Federal Contract Tower,0,2,7,0,9,0,4,139,0,143,0,6,146,0,152,199,0,199,351
06/16/2006,PVU,UT,ANM,WE,Federal Contract Tower,0,0,0,0,0,0,8,204,0,212,0,8,204,0,212,312,0,312,524
06/17/2006,PVU,UT,ANM,WE,Federal Contract Tower,0,0,10,0,10,0,2,184,0,186,0,2,194,0,196,308,0,308,504
06/18/2006,PVU,UT,ANM,WE,Federal Contract Tower,0,0,5,0,5,0,3,72,0,75,0,3,77,0,80,66,0,66,146
06/19/2006,PVU,UT,ANM,WE,Federal Contract Tower,0,0,4,0,4,0,1,164,0,165,0,1,168,0,169,314,0,314,483
06/20/2006,PVU,UT,ANM,WE,Federal Contract Tower,0,1,4,0,5,0,1,240,0,241,0,2,244,0,246,303,0,303,549
06/21/2006,PVU,UT,ANM,WE,Federal Contract Tower,0,3,4,0,7,0,2,238,2,242,0,5,242,2,249,366,0,366,615
06/22/2006,PVU,UT,ANM,WE,Federal Contract Tower,0,2,3,0,5,0,7,248,2,257,0,9,251,2,262,276,0,276,538
06/23/2006,PVU,UT,ANM,WE,Federal Contract Tower,0,6,13,0,19,0,5,235,0,240,0,11,248,0,259,304,0,304,563
06/24/2006,PVU,UT,ANM,WE,Federal Contract Tower,0,0,6,0,6,0,4,157,2,163,0,4,163,2,169,135,0,135,304
06/25/2006,PVU,UT,ANM,WE,Federal Contract Tower,0,4,3,0,7,0,0,86,0,86,0,4,89,0,93,18,0,18,111
06/26/2006,PVU,UT,ANM,WE,Federal Contract Tower,0,0,0,0,0,0,3,212,1,216,0,3,212,1,216,328,6,334,550
06/27/2006,PVU,UT,ANM,WE,Federal Contract Tower,0,1,13,0,14,0,8,177,0,185,0,9,190,0,199,335,0,335,534
06/28/2006,PVU,UT,ANM,WE,Federal Contract Tower,0,0,5,0,5,0,3,239,0,242,0,3,244,0,247,419,0,419,666
06/29/2006,PVU,UT,ANM,WE,Federal Contract Tower,0,5,5,0,10,0,5,188,2,195,0,10,193,2,205,177,0,177,382
06/30/2006,PVU,UT,ANM,WE,Federal Contract Tower,0,6,11,2,19,0,16,179,4,199,0,22,190,6,218,218,0,218,436
07/01/2006,PVU,UT,ANM,WE,Federal Contract Tower,0,6,0,3,9,0,0,150,9,159,0,6,150,12,168,170,12,182,350
07/02/2006,PVU,UT,ANM,WE,Federal Contract Tower,0,5,2,1,8,0,5,56,0,61,0,10,58,1,69,8,0,8,77
07/03/2006,PVU,UT,ANM,WE,Federal Contract Tower,0,4,4,0,8,0,0,182,0,182,0,4,186,0,190,194,0,194,384
07/04/2006,PVU,UT,ANM,WE,Federal Contract Tower,0,6,1,0,7,0,0,164,5,169,0,6,165,5,176,126,10,136,312
07/05/2006,PVU,UT,ANM,WE,Federal Contract Tower,0,3,7,0,10,0,5,190,2,197,0,8,197,2,207,376,10,386,593
07/06/2006,PVU,UT,ANM,WE,Federal Contract Tower,0,3,15,0,18,0,16,196,0,212,0,19,211,0,230,232,0,232,462
07/07/2006,PVU,UT,ANM,WE,Federal Contract Tower,0,3,7,0,10,0,8,236,0,244,0,11,243,0,254,280,0,280,534
07/08/2006,PVU,UT,ANM,WE,Federal Contract Tower,0,3,9,0,12,0,2,150,0,152,0,5,159,0,164,184,0,184,348
07/09/2006,PVU,UT,ANM,WE,Federal Contract Tower,0,1,7,0,8,0,10,90,0,100,0,11,97,0,108,63,0,63,171
07/10/2006,PVU,UT,ANM,WE,Federal Contract Tower,0,0,5,0,5,0,5,125,0,130,0,5,130,0,135,212,0,212,347
07/11/2006,PVU,UT,ANM,WE,Federal Contract Tower,0,3,2,0,5,0,4,180,0,184,0,7,182,0,189,338,0,338,527
07/12/2006,PVU,UT,ANM,WE,Federal Contract Tower,0,2,8,0,10,0,0,201,2,203,0,2,209,2,213,431,4,435,648
07/13/2006,PVU,UT,ANM,WE,Federal Contract Tower,0,4,10,0,14,0,3,191,0,194,0,7,201,0,208,336,0,336,544
07/14/2006,PVU,UT,ANM,WE,Federal Contract Tower,0,1,4,0,5,0,5,224,0,229,0,6,228,0,234,470,0,470,704
07/15/2006,PVU,UT,ANM,WE,Federal Contract Tower,0,0,10,0,10,0,4,125,0,129,0,4,135,0,139,160,0,160,299
07/16/2006,PVU,UT,ANM,WE,Federal Contract Tower,0,3,4,0,7,0,4,63,0,67,0,7,67,0,74,26,0,26,100
07/17/2006,PVU,UT,ANM,WE,Federal Contract Tower,0,1,4,0,5,0,5,189,0,194,0,6,193,0,199,416,0,416,615
07/18/2006,PVU,UT,ANM,WE,Federal Contract Tower,2,4,7,0,13,0,5,165,1,171,2,9,172,1,184,214,0,214,398
07/19/2006,PVU,UT,ANM,WE,Federal Contract Tower,0,3,5,0,8,0,4,170,0,174,0,7,175,0,182,272,0,272,454
07/20/2006,PVU,UT,ANM,WE,Federal Contract Tower,0,4,8,0,12,0,9,196,2,207,0,13,204,2,219,336,0,336,555
07/21/2006,PVU,UT,ANM,WE,Federal Contract Tower,0,7,5,0,12,0,4,170,3,177,0,11,175,3,189,192,0,192,381
07/22/2006,PVU,UT,ANM,WE,Federal Contract Tower,0,1,3,0,4,0,6,144,2,152,0,7,147,2,156,134,0,134,290
07/23/2006,PVU,UT,ANM,WE,Federal Contract Tower,0,3,4,0,7,0,2,38,0,40,0,5,42,0,47,42,0,42,89
07/24/2006,PVU,UT,ANM,WE,Federal Contract Tower,0,5,4,0,9,0,2,137,0,139,0,7,141,0,148,147,0,147,295
07/25/2006,PVU,UT,ANM,WE,Federal Contract Tower,0,2,2,0,4,0,3,222,0,225,0,5,224,0,229,280,0,280,509
07/26/2006,PVU,UT,ANM,WE,Federal Contract Tower,0,4,6,0,10,0,0,166,0,166,0,4,172,0,176,258,0,258,434
07/27/2006,PVU,UT,ANM,WE,Federal Contract Tower,0,1,5,0,6,0,6,180,0,186,0,7,185,0,192,258,0,258,450
07/28/2006,PVU,UT,ANM,WE,Federal Contract Tower,0,5,12,0,17,0,0,153,0,153,0,5,165,0,170,220,0,220,390
07/29/2006,PVU,UT,ANM,WE,Federal Contract Tower,0,2,5,0,7,0,5,103,0,108,0,7,108,0,115,148,0,148,263
07/30/2006,PVU,UT,ANM,WE,Federal Contract Tower,0,2,5,0,7,0,3,58,0,61,0,5,63,0,68,98,0,98,166
07/31/2006,PVU,UT,ANM,WE,Federal Contract Tower,0,0,184,0,184,0,6,0,0,6,0,6,184,0,190,301,0,301,491
08/01/2006,PVU,UT,ANM,WE,Federal Contract Tower,0,2,4,0,6,0,0,67,0,67,0,2,71,0,73,71,0,71,144
08/02/2006,PVU,UT,ANM,WE,Federal Contract Tower,0,0,9,0,9,0,5,88,0,93,0,5,97,0,102,218,6,224,326
08/03/2006,PVU,UT,ANM,WE,Federal Contract Tower,0,1,8,0,9,0,7,115,0,122,0,8,123,0,131,212,0,212,343
08/04/2006,PVU,UT,ANM,WE,Federal Contract Tower,0,3,7,0,10,0,6,126,0,132,0,9,133,0,142,303,0,303,445
08/05/2006,PVU,UT,ANM,WE,Federal Contract Tower,1,3,0,0,4,0,0,128,8,136,1,3,128,8,140,235,20,255,395
08/06/2006,PVU,UT,ANM,WE,Federal Contract Tower,1,4,8,0,13,0,5,94,0,99,1,9,102,0,112,105,0,105,217
08/07/2006,PVU,UT,ANM,WE,Federal Contract Tower,0,1,5,0,6,0,3,134,0,137,0,4,139,0,143,229,2,231,374
08/08/2006,PVU,UT,ANM,WE,Federal Contract Tower,0,2,195,0,197,0,6,0,0,6,0,8,195,0,203,314,0,314,517
08/09/2006,PVU,UT,ANM,WE,Federal Contract Tower,0,0,6,0,6,0,5,245,0,250,0,5,251,0,256,381,0,381,637
08/10/2006,PVU,UT,ANM,WE,Federal Contract Tower,0,0,4,0,4,0,11,214,0,225,0,11,218,0,229,262,0,262,491
08/11/2006,PVU,UT,ANM,WE,Federal Contract Tower,0,2,6,0,8,0,3,145,0,148,0,5,151,0,156,271,0,271,427
08/12/2006,PVU,UT,ANM,WE,Federal Contract Tower,2,5,6,0,13,0,4,202,0,206,2,9,208,0,219,238,2,240,459
08/13/2006,PVU,UT,ANM,WE,Federal Contract Tower,0,2,4,0,6,0,2,74,0,76,0,4,78,0,82,108,0,108,190
08/14/2006,PVU,UT,ANM,WE,Federal Contract Tower,0,3,7,0,10,0,3,201,0,204,0,6,208,0,214,288,0,288,502
08/15/2006,PVU,UT,ANM,WE,Federal Contract Tower,0,0,10,0,10,0,1,170,6,177,0,1,180,6,187,162,0,162,349
08/16/2006,PVU,UT,ANM,WE,Federal Contract Tower,0,0,7,0,7,0,9,224,0,233,0,9,231,0,240,369,0,369,609
08/17/2006,PVU,UT,ANM,WE,Federal Contract Tower,0,2,9,0,11,0,1,221,2,224,0,3,230,2,235,352,0,352,587
08/18/2006,PVU,UT,ANM,WE,Federal Contract Tower,0,1,17,0,18,0,8,231,0,239,0,9,248,0,257,302,0,302,559
08/19/2006,PVU,UT,ANM,WE,Federal Contract Tower,0,2,6,0,8,0,0,159,0,159,0,2,165,0,167,312,0,312,479
08/20/2006,PVU,UT,ANM,WE,Federal Contract Tower,0,0,3,0,3,0,3,82,0,85,0,3,85,0,88,68,0,68,156
08/21/2006,PVU,UT,ANM,WE,Federal Contract Tower,0,2,6,0,8,0,2,181,0,183,0,4,187,0,191,272,0,272,463
08/22/2006,PVU,UT,ANM,WE,Federal Contract Tower,0,0,2,0,2,0,3,182,0,185,0,3,184,0,187,165,0,165,352
08/23/2006,PVU,UT,ANM,WE,Federal Contract Tower,0,1,11,0,12,0,5,200,3,208,0,6,211,3,220,307,0,307,527
08/24/2006,PVU,UT,ANM,WE,Federal Contract Tower,0,2,14,0,16,0,3,191,0,194,0,5,205,0,210,306,0,306,516
08/25/2006,PVU,UT,ANM,WE,Federal Contract Tower,0,1,11,0,12,0,4,188,0,192,0,5,199,0,204,252,0,252,456
08/26/2006,PVU,UT,ANM,WE,Federal Contract Tower,0,1,8,0,9,0,2,166,2,170,0,3,174,2,179,204,0,204,383
08/27/2006,PVU,UT,ANM,WE,Federal Contract Tower,0,5,7,0,12,0,4,77,0,81,0,9,84,0,93,106,0,106,199
08/28/2006,PVU,UT,ANM,WE,Federal Contract Tower,0,3,3,0,6,0,2,180,0,182,0,5,183,0,188,230,0,230,418
08/29/2006,PVU,UT,ANM,WE,Federal Contract Tower,0,1,11,0,12,0,5,181,0,186,0,6,192,0,198,288,0,288,486
08/30/2006,PVU,UT,ANM,WE,Federal Contract Tower,0,4,7,0,11,0,2,167,0,169,0,6,174,0,180,288,0,288,468
08/31/2006,PVU,UT,ANM,WE,Federal Contract Tower,3,2,14,0,19,0,11,229,4,244,3,13,243,4,263,200,0,200,463
09/01/2006,PVU,UT,ANM,WE,Federal Contract Tower,1,7,10,0,18,0,2,300,0,302,1,9,310,0,320,454,0,454,774
09/02/2006,PVU,UT,ANM,WE,Federal Contract Tower,0,5,3,0,8,0,5,125,4,134,0,10,128,4,142,200,8,208,350
09/03/2006,PVU,UT,ANM,WE,Federal Contract Tower,4,3,3,0,10,0,2,70,0,72,4,5,73,0,82,92,0,92,174
09/04/2006,PVU,UT,ANM,WE,Federal Contract Tower,0,1,5,0,6,0,8,104,0,112,0,9,109,0,118,108,0,108,226
09/05/2006,PVU,UT,ANM,WE,Federal Contract Tower,0,0,7,0,7,0,0,177,0,177,0,0,184,0,184,293,0,293,477
09/06/2006,PVU,UT,ANM,WE,Federal Contract Tower,0,2,5,0,7,0,7,217,0,224,0,9,222,0,231,315,0,315,546
09/07/2006,PVU,UT,ANM,WE,Federal Contract Tower,0,0,6,0,6,0,4,187,0,191,0,4,193,0,197,178,0,178,375
09/08/2006,PVU,UT,ANM,WE,Federal Contract Tower,0,4,12,0,16,0,7,228,0,235,0,11,240,0,251,412,0,412,663
09/09/2006,PVU,UT,ANM,WE,Federal Contract Tower,0,1,12,0,13,0,17,113,7,137,0,18,125,7,150,118,0,118,268
09/10/2006,PVU,UT,ANM,WE,Federal Contract Tower,0,0,2,0,2,0,3,63,0,66,0,3,65,0,68,80,0,80,148
09/11/2006,PVU,UT,ANM,WE,Federal Contract Tower,0,0,8,0,8,0,3,182,2,187,0,3,190,2,195,320,0,320,515
09/12/2006,PVU,UT,ANM,WE,Federal Contract Tower,0,2,5,0,7,0,2,246,0,248,0,4,251,0,255,305,0,305,560
09/13/2006,PVU,UT,ANM,WE,Federal Contract Tower,0,2,12,0,14,0,3,253,0,256,0,5,265,0,270,416,0,416,686
09/14/2006,PVU,UT,ANM,WE,Federal Contract Tower,0,0,8,0,8,0,0,121,1,122,0,0,129,1,130,274,0,274,404
09/15/2006,PVU,UT,ANM,WE,Federal Contract Tower,0,3,9,1,13,0,14,69,2,85,0,17,78,3,98,249,6,255,353
09/16/2006,PVU,UT,ANM,WE,Federal Contract Tower,0,0,10,0,10,0,1,73,0,74,0,1,83,0,84,126,0,126,210
09/17/2006,PVU,UT,ANM,WE,Federal Contract Tower,1,1,3,0,5,0,3,73,0,76,1,4,76,0,81,72,0,72,153
09/18/2006,PVU,UT,ANM,WE,Federal Contract Tower,0,5,4,0,9,0,4,427,1,432,0,9,431,1,441,403,2,405,846
09/19/2006,PVU,UT,ANM,WE,Federal Contract Tower,0,0,2,0,2,0,2,242,0,244,0,2,244,0,246,308,0,308,554
09/20/2006,PVU,UT,ANM,WE,Federal Contract Tower,0,0,8,0,8,0,5,72,0,77,0,5,80,0,85,247,0,247,332
09/21/2006,PVU,UT,ANM,WE,Federal Contract Tower,0,3,6,0,9,0,11,177,0,188,0,14,183,0,197,434,0,434,631
09/22/2006,PVU,UT,ANM,WE,Federal Contract Tower,0,1,11,0,12,0,1,39,0,40,0,2,50,0,52,86,0,86,138
09/23/2006,PVU,UT,ANM,WE,Federal Contract Tower,0,6,13,0,19,0,3,174,0,177,0,9,187,0,196,250,0,250,446
09/24/2006,PVU,UT,ANM,WE,Federal Contract Tower,0,2,7,0,9,0,4,60,0,64,0,6,67,0,73,98,0,98,171
09/25/2006,PVU,UT,ANM,WE,Federal Contract Tower,0,1,7,0,8,0,4,232,0,236,0,5,239,0,244,369,0,369,613
09/26/2006,PVU,UT,ANM,WE,Federal Contract Tower,0,1,5,0,6,0,2,249,0,251,0,3,254,0,257,456,0,456,713
09/27/2006,PVU,UT,ANM,WE,Federal Contract Tower,2,1,4,0,7,0,1,294,8,303,2,2,298,8,310,482,0,482,792
09/28/2006,PVU,UT,ANM,WE,Federal Contract Tower,0,4,6,0,10,0,3,243,0,246,0,7,249,0,256,489,0,489,745
09/29/2006,PVU,UT,ANM,WE,Federal Contract Tower,1,3,14,0,18,0,5,354,1,360,1,8,368,1,378,677,0,677,1055
09/30/2006,PVU,UT,ANM,WE,Federal Contract Tower,0,0,8,0,8,0,0,190,0,190,0,0,198,0,198,218,0,218,416
10/01/2006,PVU,UT,ANM,WE,Federal Contract Tower,0,3,3,0,6,0,0,114,0,114,0,3,117,0,120,62,0,62,182
10/02/2006,PVU,UT,ANM,WE,Federal Contract Tower,0,3,9,0,12,0,0,106,0,106,0,3,115,0,118,182,0,182,300
10/03/2006,PVU,UT,ANM,WE,Federal Contract Tower,0,0,0,0,0,0,0,222,5,227,0,0,222,5,227,444,0,444,671
10/04/2006,PVU,UT,ANM,WE,Federal Contract Tower,0,1,4,0,5,0,1,158,0,159,0,2,162,0,164,284,0,284,448
10/05/2006,PVU,UT,ANM,WE,Federal Contract Tower,0,2,8,0,10,0,0,101,0,101,0,2,109,0,111,154,0,154,265
10/06/2006,PVU,UT,ANM,WE,Federal Contract Tower,2,2,13,0,17,0,6,110,0,116,2,8,123,0,133,200,0,200,333
10/07/2006,PVU,UT,ANM,WE,Federal Contract Tower,2,2,9,0,13,0,9,117,0,126,2,11,126,0,139,162,0,162,301
10/08/2006,PVU,UT,ANM,WE,Federal Contract Tower,0,2,6,0,8,0,0,94,0,94,0,2,100,0,102,46,0,46,148
10/09/2006,PVU,UT,ANM,WE,Federal Contract Tower,0,2,6,0,8,0,0,153,0,153,0,2,159,0,161,402,0,402,563
10/10/2006,PVU,UT,ANM,WE,Federal Contract Tower,0,2,9,0,11,0,0,187,0,187,0,2,196,0,198,432,0,432,630
10/11/2006,PVU,UT,ANM,WE,Federal Contract Tower,0,3,11,0,14,0,5,140,4,149,0,8,151,4,163,344,0,344,507
10/12/2006,PVU,UT,ANM,WE,Federal Contract Tower,0,4,7,0,11,0,7,269,0,276,0,11,276,0,287,455,0,455,742
10/13/2006,PVU,UT,ANM,WE,Federal Contract Tower,0,1,9,0,10,0,4,186,1,191,0,5,195,1,201,409,0,409,610
10/14/2006,PVU,UT,ANM,WE,Federal Contract Tower,0,0,4,0,4,0,2,116,0,118,0,2,120,0,122,188,0,188,310
10/15/2006,PVU,UT,ANM,WE,Federal Contract Tower,0,5,6,0,11,0,1,57,0,58,0,6,63,0,69,98,0,98,167
10/16/2006,PVU,UT,ANM,WE,Federal Contract Tower,0,3,11,0,14,0,11,52,0,63,0,14,63,0,77,68,0,68,145
10/17/2006,PVU,UT,ANM,WE,Federal Contract Tower,0,2,11,0,13,0,3,56,2,61,0,5,67,2,74,118,4,122,196
10/18/2006,PVU,UT,ANM,WE,Federal Contract Tower,0,1,10,0,11,0,5,277,2,284,0,6,287,2,295,452,2,454,749
10/19/2006,PVU,UT,ANM,WE,Federal Contract Tower,0,8,6,0,14,0,5,229,0,234,0,13,235,0,248,415,0,415,663
10/20/2006,PVU,UT,ANM,WE,Federal Contract Tower,2,8,12,0,22,0,2,130,0,132,2,10,142,0,154,247,0,247,401
10/21/2006,PVU,UT,ANM,WE,Federal Contract Tower,2,6,5,0,13,0,0,140,0,140,2,6,145,0,153,237,0,237,390
10/22/2006,PVU,UT,ANM,WE,Federal Contract Tower,0,3,10,0,13,0,3,76,0,79,0,6,86,0,92,112,0,112,204
10/23/2006,PVU,UT,ANM,WE,Federal Contract Tower,0,0,5,0,5,0,4,180,2,186,0,4,185,2,191,556,0,556,747
10/24/2006,PVU,UT,ANM,WE,Federal Contract Tower,0,0,12,0,12,0,0,163,0,163,0,0,175,0,175,492,0,492,667
10/25/2006,PVU,UT,ANM,WE,Federal Contract Tower,0,6,11,0,17,0,3,18,0,21,0,9,29,0,38,48,0,48,86
10/26/2006,PVU,UT,ANM,WE,Federal Contract Tower,0,1,10,0,11,0,2,195,0,197,0,3,205,0,208,303,0,303,511
10/27/2006,PVU,UT,ANM,WE,Federal Contract Tower,2,2,8,0,12,0,0,200,0,200,2,2,208,0,212,404,0,404,616
10/28/2006,PVU,UT,ANM,WE,Federal Contract Tower,2,3,7,0,12,0,1,197,0,198,2,4,204,0,210,330,0,330,540
10/29/2006,PVU,UT,ANM,WE,Federal Contract Tower,0,0,2,0,2,0,0,57,0,57,0,0,59,0,59,80,0,80,139
10/30/2006,PVU,UT,ANM,WE,Federal Contract Tower,0,0,3,0,3,0,0,156,1,157,0,0,159,1,160,413,0,413,573
10/31/2006,PVU,UT,ANM,WE,Federal Contract Tower,0,0,4,0,4,0,10,219,0,229,0,10,223,0,233,338,0,338,571
11/01/2006,PVU,UT,ANM,WE,Federal Contract Tower,0,5,12,0,17,0,4,226,0,230,0,9,238,0,247,468,0,468,715
11/02/2006,PVU,UT,ANM,WE,Federal Contract Tower,0,2,5,0,7,0,8,208,1,217,0,10,213,1,224,501,2,503,727
11/03/2006,PVU,UT,ANM,WE,Federal Contract Tower,2,2,6,0,10,0,4,240,2,246,2,6,246,2,256,506,4,510,766
11/04/2006,PVU,UT,ANM,WE,Federal Contract Tower,0,0,14,0,14,0,1,143,0,144,0,1,157,0,158,206,0,206,364
11/05/2006,PVU,UT,ANM,WE,Federal Contract Tower,0,2,3,0,5,0,10,87,0,97,0,12,90,0,102,86,0,86,188
11/06/2006,PVU,UT,ANM,WE,Federal Contract Tower,0,0,6,2,8,0,0,248,6,254,0,0,254,8,262,543,0,543,805
11/07/2006,PVU,UT,ANM,WE,Federal Contract Tower,0,1,2,0,3,0,3,218,0,221,0,4,220,0,224,391,0,391,615
11/08/2006,PVU,UT,ANM,WE,Federal Contract Tower,2,2,9,0,13,0,0,236,0,236,2,2,245,0,249,503,0,503,752
11/09/2006,PVU,UT,ANM,WE,Federal Contract Tower,0,4,15,0,19,0,0,76,0,76,0,4,91,0,95,187,0,187,282
11/10/2006,PVU,UT,ANM,WE,Federal Contract Tower,0,6,12,0,18,0,1,215,0,216,0,7,227,0,234,519,0,519,753
11/11/2006,PVU,UT,ANM,WE,Federal Contract Tower,0,2,4,0,6,0,2,58,0,60,0,4,62,0,66,102,0,102,168
11/12/2006,PVU,UT,ANM,WE,Federal Contract Tower,0,2,10,0,12,0,1,62,0,63,0,3,72,0,75,96,0,96,171
11/13/2006,PVU,UT,ANM,WE,Federal Contract Tower,0,2,10,0,12,0,0,62,0,62,0,2,72,0,74,96,0,96,170
11/14/2006,PVU,UT,ANM,WE,Federal Contract Tower,0,3,1,0,4,0,10,55,0,65,0,13,56,0,69,48,0,48,117
11/15/2006,PVU,UT,ANM,WE,Federal Contract Tower,0,4,10,2,16,0,1,235,2,238,0,5,245,4,254,490,0,490,744
11/16/2006,PVU,UT,ANM,WE,Federal Contract Tower,0,3,15,0,18,0,2,213,0,215,0,5,228,0,233,437,0,437,670
11/17/2006,PVU,UT,ANM,WE,Federal Contract Tower,2,0,14,0,16,0,1,239,0,240,2,1,253,0,256,438,0,438,694
11/18/2006,PVU,UT,ANM,WE,Federal Contract Tower,2,1,15,0,18,0,1,167,0,168,2,2,182,0,186,240,0,240,426
11/19/2006,PVU,UT,ANM,WE,Federal Contract Tower,0,4,4,0,8,0,5,88,0,93,0,9,92,0,101,90,0,90,191
11/20/2006,PVU,UT,ANM,WE,Federal Contract Tower,0,2,9,0,11,0,7,171,0,178,0,9,180,0,189,361,0,361,550
11/21/2006,PVU,UT,ANM,WE,Federal Contract Tower,0,0,12,0,12,0,7,207,4,218,0,7,219,4,230,365,0,365,595
11/22/2006,PVU,UT,ANM,WE,Federal Contract Tower,0,0,12,0,12,0,4,201,0,205,0,4,213,0,217,257,0,257,474
11/23/2006,PVU,UT,ANM,WE,Federal Contract Tower,0,0,1,0,1,0,3,15,0,18,0,3,16,0,19,2,0,2,21
11/24/2006,PVU,UT,ANM,WE,Federal Contract Tower,0,0,3,0,3,0,0,114,0,114,0,0,117,0,117,79,0,79,196
11/25/2006,PVU,UT,ANM,WE,Federal Contract Tower,0,0,6,0,6,0,0,141,0,141,0,0,147,0,147,90,0,90,237
11/26/2006,PVU,UT,ANM,WE,Federal Contract Tower,0,2,6,0,8,0,2,95,0,97,0,4,101,0,105,130,0,130,235
11/27/2006,PVU,UT,ANM,WE,Federal Contract Tower,0,2,11,0,13,0,0,46,0,46,0,2,57,0,59,149,0,149,208
11/28/2006,PVU,UT,ANM,WE,Federal Contract Tower,0,2,9,0,11,0,2,17,0,19,0,4,26,0,30,80,0,80,110
11/29/2006,PVU,UT,ANM,WE,Federal Contract Tower,0,0,6,0,6,0,0,145,4,149,0,0,151,4,155,242,0,242,397
11/30/2006,PVU,UT,ANM,WE,Federal Contract Tower,0,2,3,2,7,0,1,236,2,239,0,3,239,4,246,302,2,304,550
12/01/2006,PVU,UT,ANM,WE,Federal Contract Tower,0,0,12,0,12,0,1,150,0,151,0,1,162,0,163,303,0,303,466
12/02/2006,PVU,UT,ANM,WE,Federal Contract Tower,0,0,2,1,3,0,1,165,3,169,0,1,167,4,172,244,8,252,424
12/03/2006,PVU,UT,ANM,WE,Federal Contract Tower,0,4,7,0,11,0,3,64,0,67,0,7,71,0,78,130,0,130,208
12/04/2006,PVU,UT,ANM,WE,Federal Contract Tower,0,2,2,0,4,0,0,183,0,183,0,2,185,0,187,333,0,333,520
12/05/2006,PVU,UT,ANM,WE,Federal Contract Tower,0,0,5,0,5,0,3,144,0,147,0,3,149,0,152,283,0,283,435
12/06/2006,PVU,UT,ANM,WE,Federal Contract Tower,0,0,7,1,8,0,5,167,0,172,0,5,174,1,180,394,0,394,574
12/07/2006,PVU,UT,ANM,WE,Federal Contract Tower,0,3,8,0,11,0,3,153,0,156,0,6,161,0,167,271,0,271,438
12/08/2006,PVU,UT,ANM,WE,Federal Contract Tower,0,1,7,0,8,0,0,148,0,148,0,1,155,0,156,351,0,351,507
12/09/2006,PVU,UT,ANM,WE,Federal Contract Tower,0,2,2,0,4,0,2,204,0,206,0,4,206,0,210,220,0,220,430
12/10/2006,PVU,UT,ANM,WE,Federal Contract Tower,0,1,5,0,6,0,3,44,0,47,0,4,49,0,53,58,0,58,111
12/11/2006,PVU,UT,ANM,WE,Federal Contract Tower,0,3,3,0,6,0,0,104,0,104,0,3,107,0,110,218,0,218,328
12/12/2006,PVU,UT,ANM,WE,Federal Contract Tower,0,6,13,0,19,0,2,147,0,149,0,8,160,0,168,313,0,313,481
12/13/2006,PVU,UT,ANM,WE,Federal Contract Tower,0,3,2,0,5,0,4,182,0,186,0,7,184,0,191,350,0,350,541
12/14/2006,PVU,UT,ANM,WE,Federal Contract Tower,0,4,5,0,9,0,2,103,2,107,0,6,108,2,116,262,4,266,382
12/15/2006,PVU,UT,ANM,WE,Federal Contract Tower,0,3,5,0,8,0,3,109,0,112,0,6,114,0,120,256,0,256,376
12/16/2006,PVU,UT,ANM,WE,Federal Contract Tower,0,3,6,0,9,0,3,21,0,24,0,6,27,0,33,78,0,78,111
12/17/2006,PVU,UT,ANM,WE,Federal Contract Tower,0,2,4,0,6,0,0,0,0,0,0,2,4,0,6,0,0,0,6
12/18/2006,PVU,UT,ANM,WE,Federal Contract Tower,0,1,12,0,13,0,3,90,0,93,0,4,102,0,106,174,0,174,280
12/19/2006,PVU,UT,ANM,WE,Federal Contract Tower,0,0,7,0,7,0,2,150,4,156,0,2,157,4,163,278,6,284,447
12/20/2006,PVU,UT,ANM,WE,Federal Contract Tower,0,2,19,0,21,0,4,111,1,116,0,6,130,1,137,136,0,136,273
12/21/2006,PVU,UT,ANM,WE,Federal Contract Tower,0,5,11,0,16,0,2,65,0,67,0,7,76,0,83,154,0,154,237
12/22/2006,PVU,UT,ANM,WE,Federal Contract Tower,0,3,15,0,18,0,0,8,0,8,0,3,23,0,26,27,0,27,53
12/23/2006,PVU,UT,ANM,WE,Federal Contract Tower,0,3,12,0,15,0,0,11,0,11,0,3,23,0,26,27,0,27,53
12/24/2006,PVU,UT,ANM,WE,Federal Contract Tower,0,1,0,0,1,0,2,13,0,15,0,3,13,0,16,0,0,0,16
12/25/2006,PVU,UT,ANM,WE,Federal Contract Tower,0,1,2,0,3,0,1,15,0,16,0,2,17,0,19,2,0,2,21
12/26/2006,PVU,UT,ANM,WE,Federal Contract Tower,0,1,9,0,10,0,0,99,0,99,0,1,108,0,109,191,0,191,300
12/27/2006,PVU,UT,ANM,WE,Federal Contract Tower,0,1,10,0,11,0,0,59,4,63,0,1,69,4,74,49,2,51,125
12/28/2006,PVU,UT,ANM,WE,Federal Contract Tower,0,2,1,0,3,0,1,16,0,17,0,3,17,0,20,18,0,18,38
12/29/2006,PVU,UT,ANM,WE,Federal Contract Tower,0,0,7,0,7,0,2,136,0,138,0,2,143,0,145,208,0,208,353
12/30/2006,PVU,UT,ANM,WE,Federal Contract Tower,0,5,5,0,10,0,0,93,0,93,0,5,98,0,103,104,0,104,207
12/31/2006,PVU,UT,ANM,WE,Federal Contract Tower,0,1,6,0,7,0,2,43,0,45,0,3,49,0,52,81,0,81,133
01/01/2007,PVU,UT,ANM,WE,Federal Contract Tower,0,0,3,0,3,0,3,1,0,4,0,3,4,0,7,6,0,6,13
01/02/2007,PVU,UT,ANM,WE,Federal Contract Tower,0,3,8,0,11,0,6,103,0,109,0,9,111,0,120,242,0,242,362
01/03/2007,PVU,UT,ANM,WE,Federal Contract Tower,0,1,9,0,10,0,0,144,2,146,0,1,153,2,156,228,2,230,386
01/04/2007,PVU,UT,ANM,WE,Federal Contract Tower,0,4,13,0,17,0,1,28,0,29,0,5,41,0,46,17,0,17,63
01/05/2007,PVU,UT,ANM,WE,Federal Contract Tower,0,2,4,0,6,0,2,57,0,59,0,4,61,0,65,109,0,109,174
01/06/2007,PVU,UT,ANM,WE,Federal Contract Tower,0,1,8,0,9,0,3,77,3,83,0,4,85,3,92,112,4,116,208
01/07/2007,PVU,UT,ANM,WE,Federal Contract Tower,0,4,9,0,13,0,1,69,0,70,0,5,78,0,83,110,0,110,193
01/08/2007,PVU,UT,ANM,WE,Federal Contract Tower,0,3,11,0,14,0,2,152,0,154,0,5,163,0,168,246,0,246,414
01/09/2007,PVU,UT,ANM,WE,Federal Contract Tower,0,1,10,0,11,0,2,197,1,200,0,3,207,1,211,369,0,369,580
01/10/2007,PVU,UT,ANM,WE,Federal Contract Tower,0,1,9,0,10,0,2,181,0,183,0,3,190,0,193,373,0,373,566
01/11/2007,PVU,UT,ANM,WE,Federal Contract Tower,0,1,3,0,4,0,0,26,0,26,0,1,29,0,30,60,0,60,90
01/12/2007,PVU,UT,ANM,WE,Federal Contract Tower,0,7,6,0,13,0,2,38,0,40,0,9,44,0,53,108,0,108,161
01/13/2007,PVU,UT,ANM,WE,Federal Contract Tower,0,0,0,0,0,0,2,60,0,62,0,2,60,0,62,89,0,89,151
01/14/2007,PVU,UT,ANM,WE,Federal Contract Tower,0,2,10,0,12,0,2,40,0,42,0,4,50,0,54,4,2,6,60
01/15/2007,PVU,UT,ANM,WE,Federal Contract Tower,0,6,10,0,16,0,1,156,0,157,0,7,166,0,173,355,0,355,528
01/16/2007,PVU,UT,ANM,WE,Federal Contract Tower,0,1,9,0,10,0,4,226,0,230,0,5,235,0,240,348,0,348,588
01/17/2007,PVU,UT,ANM,WE,Federal Contract Tower,0,3,10,0,13,0,1,167,1,169,0,4,177,1,182,336,0,336,518
01/18/2007,PVU,UT,ANM,WE,Federal Contract Tower,0,2,6,0,8,0,6,180,0,186,0,8,186,0,194,332,0,332,526
01/19/2007,PVU,UT,ANM,WE,Federal Contract Tower,0,1,22,0,23,0,0,175,0,175,0,1,197,0,198,276,0,276,474
01/20/2007,PVU,UT,ANM,WE,Federal Contract Tower,0,0,13,0,13,0,3,80,0,83,0,3,93,0,96,81,0,81,177
01/21/2007,PVU,UT,ANM,WE,Federal Contract Tower,0,1,7,0,8,0,2,27,0,29,0,3,34,0,37,26,0,26,63
01/22/2007,PVU,UT,ANM,WE,Federal Contract Tower,0,2,2,0,4,0,3,153,1,157,0,5,155,1,161,303,0,303,464
01/23/2007,PVU,UT,ANM,WE,Federal Contract Tower,0,4,1,0,5,0,0,236,0,236,0,4,237,0,241,329,0,329,570
01/24/2007,PVU,UT,ANM,WE,Federal Contract Tower,0,3,3,1,7,0,6,172,1,179,0,9,175,2,186,213,12,225,411
01/25/2007,PVU,UT,ANM,WE,Federal Contract Tower,0,2,10,0,12,0,2,113,0,115,0,4,123,0,127,195,0,195,322
01/26/2007,PVU,UT,ANM,WE,Federal Contract Tower,0,9,16,0,25,0,3,18,0,21,0,12,34,0,46,23,0,23,69
01/27/2007,PVU,UT,ANM,WE,Federal Contract Tower,0,6,24,0,30,0,3,0,0,3,0,9,24,0,33,2,0,2,35
01/28/2007,PVU,UT,ANM,WE,Federal Contract Tower,0,2,14,0,16,0,2,4,0,6,0,4,18,0,22,0,0,0,22
01/29/2007,PVU,UT,ANM,WE,Federal Contract Tower,0,4,14,0,18,0,0,33,0,33,0,4,47,0,51,31,0,31,82
01/30/2007,PVU,UT,ANM,WE,Federal Contract Tower,0,7,11,0,18,0,4,36,2,42,0,11,47,2,60,70,2,72,132
01/31/2007,PVU,UT,ANM,WE,Federal Contract Tower,0,4,11,0,15,0,7,36,2,45,0,11,47,2,60,70,2,72,132
02/01/2007,PVU,UT,ANM,WE,Federal Contract Tower,0,9,11,0,20,0,0,57,0,57,0,9,68,0,77,171,0,171,248
02/02/2007,PVU,UT,ANM,WE,Federal Contract Tower,0,4,12,0,16,0,1,240,0,241,0,5,252,0,257,382,0,382,639
02/03/2007,PVU,UT,ANM,WE,Federal Contract Tower,0,4,10,0,14,0,9,167,0,176,0,13,177,0,190,223,0,223,413
02/04/2007,PVU,UT,ANM,WE,Federal Contract Tower,0,4,3,0,7,0,0,51,0,51,0,4,54,0,58,34,0,34,92
02/05/2007,PVU,UT,ANM,WE,Federal Contract Tower,0,2,3,0,5,0,4,206,0,210,0,6,209,0,215,312,0,312,527
02/06/2007,PVU,UT,ANM,WE,Federal Contract Tower,0,0,13,0,13,0,2,175,1,178,0,2,188,1,191,234,0,234,425
02/07/2007,PVU,UT,ANM,WE,Federal Contract Tower,0,1,7,0,8,0,5,172,0,177,0,6,179,0,185,312,0,312,497
02/08/2007,PVU,UT,ANM,WE,Federal Contract Tower,0,4,6,0,10,0,3,216,1,220,0,7,222,1,230,331,0,331,561
02/09/2007,PVU,UT,ANM,WE,Federal Contract Tower,0,4,7,0,11,0,1,188,1,190,0,5,195,1,201,307,0,307,508
02/10/2007,PVU,UT,ANM,WE,Federal Contract Tower,0,2,0,0,2,0,0,102,4,106,0,2,102,4,108,160,0,160,268
02/11/2007,PVU,UT,ANM,WE,Federal Contract Tower,0,4,9,0,13,0,2,27,0,29,0,6,36,0,42,0,0,0,42
02/12/2007,PVU,UT,ANM,WE,Federal Contract Tower,0,3,5,0,8,0,3,192,0,195,0,6,197,0,203,278,0,278,481
02/13/2007,PVU,UT,ANM,WE,Federal Contract Tower,0,0,5,0,5,0,5,173,2,180,0,5,178,2,185,275,0,275,460
02/14/2007,PVU,UT,ANM,WE,Federal Contract Tower,0,2,5,1,8,0,1,178,0,179,0,3,183,1,187,238,0,238,425
02/15/2007,PVU,UT,ANM,WE,Federal Contract Tower,0,0,12,0,12,0,1,39,0,40,0,1,51,0,52,86,0,86,138
02/16/2007,PVU,UT,ANM,WE,Federal Contract Tower,0,2,16,0,18,0,4,90,0,94,0,6,106,0,112,136,0,136,248
02/17/2007,PVU,UT,ANM,WE,Federal Contract Tower,0,0,4,0,4,0,7,202,0,209,0,7,206,0,213,228,0,228,441
02/18/2007,PVU,UT,ANM,WE,Federal Contract Tower,0,2,0,0,2,0,8,65,0,73,0,10,65,0,75,60,0,60,135
02/19/2007,PVU,UT,ANM,WE,Federal Contract Tower,0,0,10,0,10,0,4,39,0,43,0,4,49,0,53,85,0,85,138
02/20/2007,PVU,UT,ANM,WE,Federal Contract Tower,0,0,7,0,7,0,5,200,0,205,0,5,207,0,212,418,0,418,630
02/21/2007,PVU,UT,ANM,WE,Federal Contract Tower,0,2,13,0,15,0,1,201,5,207,0,3,214,5,222,313,0,313,535
02/22/2007,PVU,UT,ANM,WE,Federal Contract Tower,0,2,10,0,12,0,8,191,0,199,0,10,201,0,211,274,2,276,487
02/23/2007,PVU,UT,ANM,WE,Federal Contract Tower,0,0,8,0,8,0,5,8,0,13,0,5,16,0,21,12,0,12,33
02/24/2007,PVU,UT,ANM,WE,Federal Contract Tower,0,3,13,0,16,0,5,145,0,150,0,8,158,0,166,197,0,197,363
02/25/2007,PVU,UT,ANM,WE,Federal Contract Tower,0,1,4,0,5,0,3,22,0,25,0,4,26,0,30,10,0,10,40
02/26/2007,PVU,UT,ANM,WE,Federal Contract Tower,0,0,5,0,5,0,0,194,1,195,0,0,199,1,200,334,0,334,534
02/27/2007,PVU,UT,ANM,WE,Federal Contract Tower,0,4,6,0,10,0,2,54,0,56,0,6,60,0,66,142,0,142,208
02/28/2007,PVU,UT,ANM,WE,Federal Contract Tower,0,2,4,0,6,0,4,211,0,215,0,6,215,0,221,328,0,328,549
03/01/2007,PVU,UT,ANM,WE,Federal Contract Tower,0,8,3,0,11,0,2,146,0,148,0,10,149,0,159,236,0,236,395
03/02/2007,PVU,UT,ANM,WE,Federal Contract Tower,0,7,11,0,18,0,3,56,0,59,0,10,67,0,77,90,0,90,167
03/03/2007,PVU,UT,ANM,WE,Federal Contract Tower,0,5,5,0,10,0,2,209,0,211,0,7,214,0,221,323,0,323,544
03/04/2007,PVU,UT,ANM,WE,Federal Contract Tower,0,0,3,0,3,0,4,64,1,69,0,4,67,1,72,26,4,30,102
03/05/2007,PVU,UT,ANM,WE,Federal Contract Tower,0,0,4,0,4,0,4,216,0,220,0,4,220,0,224,333,0,333,557
03/06/2007,PVU,UT,ANM,WE,Federal Contract Tower,0,0,9,0,9,0,0,256,0,256,0,0,265,0,265,390,0,390,655
03/07/2007,PVU,UT,ANM,WE,Federal Contract Tower,0,1,14,0,15,0,3,229,4,236,0,4,243,4,251,374,4,378,629
03/08/2007,PVU,UT,ANM,WE,Federal Contract Tower,0,2,18,0,20,0,3,120,0,123,0,5,138,0,143,218,0,218,361
03/09/2007,PVU,UT,ANM,WE,Federal Contract Tower,0,2,15,0,17,0,2,181,0,183,0,4,196,0,200,264,0,264,464
03/10/2007,PVU,UT,ANM,WE,Federal Contract Tower,0,2,5,0,7,0,0,103,0,103,0,2,108,0,110,184,0,184,294
03/11/2007,PVU,UT,ANM,WE,Federal Contract Tower,0,2,7,0,9,0,3,61,0,64,0,5,68,0,73,22,0,22,95
03/12/2007,PVU,UT,ANM,WE,Federal Contract Tower,0,0,4,0,4,0,2,227,0,229,0,2,231,0,233,361,0,361,594
03/13/2007,PVU,UT,ANM,WE,Federal Contract Tower,2,0,4,0,6,0,4,227,0,231,2,4,231,0,237,372,0,372,609
03/14/2007,PVU,UT,ANM,WE,Federal Contract Tower,0,0,7,0,7,0,1,221,1,223,0,1,228,1,230,338,0,338,568
03/15/2007,PVU,UT,ANM,WE,Federal Contract Tower,0,0,3,0,3,0,2,245,0,247,0,2,248,0,250,342,0,342,592
03/16/2007,PVU,UT,ANM,WE,Federal Contract Tower,2,1,4,0,7,0,3,175,0,178,2,4,179,0,185,346,0,346,531
03/17/2007,PVU,UT,ANM,WE,Federal Contract Tower,0,0,6,0,6,0,4,140,0,144,0,4,146,0,150,222,0,222,372
03/18/2007,PVU,UT,ANM,WE,Federal Contract Tower,0,1,6,0,7,0,3,74,0,77,0,4,80,0,84,44,0,44,128
03/19/2007,PVU,UT,ANM,WE,Federal Contract Tower,0,5,3,0,8,0,2,205,0,207,0,7,208,0,215,379,2,381,596
03/20/2007,PVU,UT,ANM,WE,Federal Contract Tower,0,0,8,0,8,0,3,175,0,178,0,3,183,0,186,330,0,330,516
03/21/2007,PVU,UT,ANM,WE,Federal Contract Tower,0,2,5,0,7,0,0,116,2,118,0,2,121,2,125,222,0,222,347
03/22/2007,PVU,UT,ANM,WE,Federal Contract Tower,0,0,17,0,17,0,0,193,0,193,0,0,210,0,210,404,0,404,614
03/23/2007,PVU,UT,ANM,WE,Federal Contract Tower,0,2,11,0,13,0,7,189,0,196,0,9,200,0,209,401,0,401,610
03/24/2007,PVU,UT,ANM,WE,Federal Contract Tower,0,2,7,0,9,0,0,141,0,141,0,2,148,0,150,230,0,230,380
03/25/2007,PVU,UT,ANM,WE,Federal Contract Tower,0,0,7,0,7,0,6,46,0,52,0,6,53,0,59,56,0,56,115
03/26/2007,PVU,UT,ANM,WE,Federal Contract Tower,0,2,11,0,13,0,1,196,1,198,0,3,207,1,211,454,2,456,667
03/27/2007,PVU,UT,ANM,WE,Federal Contract Tower,0,0,6,0,6,0,6,49,0,55,0,6,55,0,61,178,0,178,239
03/28/2007,PVU,UT,ANM,WE,Federal Contract Tower,0,0,6,0,6,0,1,7,0,8,0,1,13,0,14,52,0,52,66
03/29/2007,PVU,UT,ANM,WE,Federal Contract Tower,0,5,14,0,19,0,3,75,0,78,0,8,89,0,97,150,0,150,247
03/30/2007,PVU,UT,ANM,WE,Federal Contract Tower,0,4,19,0,23,0,1,217,0,218,0,5,236,0,241,486,0,486,727
03/31/2007,PVU,UT,ANM,WE,Federal Contract Tower,0,4,9,0,13,0,0,145,0,145,0,4,154,0,158,270,0,270,428
04/01/2007,PVU,UT,ANM,WE,Federal Contract Tower,0,3,10,0,13,0,7,66,0,73,0,10,76,0,86,84,0,84,170
04/02/2007,PVU,UT,ANM,WE,Federal Contract Tower,0,4,7,0,11,0,2,178,3,183,0,6,185,3,194,349,2,351,545
04/03/2007,PVU,UT,ANM,WE,Federal Contract Tower,0,3,7,0,10,0,4,261,0,265,0,7,268,0,275,432,0,432,707
04/04/2007,PVU,UT,ANM,WE,Federal Contract Tower,0,1,8,1,10,0,6,265,3,274,0,7,273,4,284,474,2,476,760
04/05/2007,PVU,UT,ANM,WE,Federal Contract Tower,0,0,7,0,7,0,14,214,0,228,0,14,221,0,235,442,0,442,677
04/06/2007,PVU,UT,ANM,WE,Federal Contract Tower,0,0,2,0,2,0,9,209,0,218,0,9,211,0,220,314,0,314,534
04/07/2007,PVU,UT,ANM,WE,Federal Contract Tower,0,0,5,0,5,0,1,148,0,149,0,1,153,0,154,214,0,214,368
04/08/2007,PVU,UT,ANM,WE,Federal Contract Tower,0,0,4,0,4,0,2,26,0,28,0,2,30,0,32,50,0,50,82
04/09/2007,PVU,UT,ANM,WE,Federal Contract Tower,0,0,13,0,13,0,1,155,1,157,0,1,168,1,170,313,0,313,483
04/10/2007,PVU,UT,ANM,WE,Federal Contract Tower,0,0,10,0,10,0,0,42,2,44,0,0,52,2,54,26,4,30,84
04/11/2007,PVU,UT,ANM,WE,Federal Contract Tower,0,0,4,0,4,0,4,264,0,268,0,4,268,0,272,462,0,462,734
04/12/2007,PVU,UT,ANM,WE,Federal Contract Tower,0,0,10,0,10,0,3,121,0,124,0,3,131,0,134,304,0,304,438
04/13/2007,PVU,UT,ANM,WE,Federal Contract Tower,0,0,10,0,10,0,5,218,0,223,0,5,228,0,233,318,0,318,551
04/14/2007,PVU,UT,ANM,WE,Federal Contract Tower,0,0,10,0,10,0,4,166,0,170,0,4,176,0,180,304,0,304,484
04/15/2007,PVU,UT,ANM,WE,Federal Contract Tower,0,2,7,0,9,0,5,38,0,43,0,7,45,0,52,27,0,27,79
04/16/2007,PVU,UT,ANM,WE,Federal Contract Tower,0,1,9,0,10,0,1,142,0,143,0,2,151,0,153,266,0,266,419
04/17/2007,PVU,UT,ANM,WE,Federal Contract Tower,0,1,9,0,10,0,0,204,0,204,0,1,213,0,214,370,0,370,584
04/18/2007,PVU,UT,ANM,WE,Federal Contract Tower,0,0,9,2,11,0,6,16,0,22,0,6,25,2,33,60,0,60,93
04/19/2007,PVU,UT,ANM,WE,Federal Contract Tower,0,1,9,0,10,0,4,188,0,192,0,5,197,0,202,269,0,269,471
04/20/2007,PVU,UT,ANM,WE,Federal Contract Tower,0,0,11,1,12,0,7,164,0,171,0,7,175,1,183,326,0,326,509
04/21/2007,PVU,UT,ANM,WE,Federal Contract Tower,0,1,8,3,12,0,3,104,0,107,0,4,112,3,119,128,0,128,247
04/22/2007,PVU,UT,ANM,WE,Federal Contract Tower,0,0,11,0,11,0,0,13,0,13,0,0,24,0,24,38,0,38,62
04/23/2007,PVU,UT,ANM,WE,Federal Contract Tower,0,1,7,0,8,0,0,82,2,84,0,1,89,2,92,178,0,178,270
04/24/2007,PVU,UT,ANM,WE,Federal Contract Tower,0,2,12,0,14,0,5,174,1,180,0,7,186,1,194,274,0,274,468
04/25/2007,PVU,UT,ANM,WE,Federal Contract Tower,0,0,12,1,13,0,5,166,0,171,0,5,178,1,184,250,0,250,434
04/26/2007,PVU,UT,ANM,WE,Federal Contract Tower,0,5,12,2,19,0,0,110,3,113,0,5,122,5,132,193,0,193,325
04/27/2007,PVU,UT,ANM,WE,Federal Contract Tower,0,1,5,0,6,0,7,179,0,186,0,8,184,0,192,270,0,270,462
04/28/2007,PVU,UT,ANM,WE,Federal Contract Tower,0,2,3,0,5,0,2,176,0,178,0,4,179,0,183,206,0,206,389
04/29/2007,PVU,UT,ANM,WE,Federal Contract Tower,0,2,1,0,3,0,9,58,0,67,0,11,59,0,70,64,0,64,134
04/30/2007,PVU,UT,ANM,WE,Federal Contract Tower,0,6,4,0,10,0,2,183,0,185,0,8,187,0,195,332,0,332,527
05/01/2007,PVU,UT,ANM,WE,Federal Contract Tower,0,2,6,0,8,0,1,141,0,142,0,3,147,0,150,276,0,276,426
05/02/2007,PVU,UT,ANM,WE,Federal Contract Tower,0,4,12,0,16,0,0,135,0,135,0,4,147,0,151,326,0,326,477
05/03/2007,PVU,UT,ANM,WE,Federal Contract Tower,0,3,13,0,16,0,2,12,0,14,0,5,25,0,30,25,0,25,55
05/04/2007,PVU,UT,ANM,WE,Federal Contract Tower,0,2,8,0,10,0,0,95,0,95,0,2,103,0,105,228,0,228,333
05/05/2007,PVU,UT,ANM,WE,Federal Contract Tower,0,2,10,0,12,0,6,10,0,16,0,8,20,0,28,20,0,20,48
05/06/2007,PVU,UT,ANM,WE,Federal Contract Tower,0,1,10,0,11,0,3,53,2,58,0,4,63,2,69,76,0,76,145
05/07/2007,PVU,UT,ANM,WE,Federal Contract Tower,0,0,3,0,3,0,8,182,0,190,0,8,185,0,193,340,0,340,533
05/08/2007,PVU,UT,ANM,WE,Federal Contract Tower,0,2,5,0,7,0,3,241,0,244,0,5,246,0,251,435,0,435,686
05/09/2007,PVU,UT,ANM,WE,Federal Contract Tower,0,5,5,0,10,0,0,207,0,207,0,5,212,0,217,412,0,412,629
05/10/2007,PVU,UT,ANM,WE,Federal Contract Tower,0,3,12,0,15,0,3,221,1,225,0,6,233,1,240,305,0,305,545
05/11/2007,PVU,UT,ANM,WE,Federal Contract Tower,0,0,7,0,7,0,6,166,3,175,0,6,173,3,182,264,0,264,446
05/12/2007,PVU,UT,ANM,WE,Federal Contract Tower,0,2,3,0,5,0,10,132,0,142,0,12,135,0,147,180,0,180,327
05/13/2007,PVU,UT,ANM,WE,Federal Contract Tower,0,0,1,0,1,0,4,44,0,48,0,4,45,0,49,28,0,28,77
05/14/2007,PVU,UT,ANM,WE,Federal Contract Tower,0,0,12,0,12,0,5,131,1,137,0,5,143,1,149,200,0,200,349
05/15/2007,PVU,UT,ANM,WE,Federal Contract Tower,0,0,8,0,8,0,3,163,0,166,0,3,171,0,174,287,2,289,463
05/16/2007,PVU,UT,ANM,WE,Federal Contract Tower,0,0,12,0,12,0,3,198,2,203,0,3,210,2,215,319,0,319,534
05/17/2007,PVU,UT,ANM,WE,Federal Contract Tower,0,2,7,0,9,0,3,189,0,192,0,5,196,0,201,338,0,338,539
05/18/2007,PVU,UT,ANM,WE,Federal Contract Tower,3,0,5,0,8,1,1,126,0,128,4,1,131,0,136,240,0,240,376
05/19/2007,PVU,UT,ANM,WE,Federal Contract Tower,0,0,3,0,3,0,1,134,0,135,0,1,137,0,138,245,0,245,383
05/20/2007,PVU,UT,ANM,WE,Federal Contract Tower,0,0,4,0,4,0,1,57,0,58,0,1,61,0,62,68,0,68,130
05/21/2007,PVU,UT,ANM,WE,Federal Contract Tower,0,2,6,0,8,0,0,46,0,46,0,2,52,0,54,125,0,125,179
05/22/2007,PVU,UT,ANM,WE,Federal Contract Tower,0,0,6,0,6,0,2,189,0,191,0,2,195,0,197,307,0,307,504
05/23/2007,PVU,UT,ANM,WE,Federal Contract Tower,0,3,6,0,9,0,5,220,0,225,0,8,226,0,234,324,0,324,558
05/24/2007,PVU,UT,ANM,WE,Federal Contract Tower,0,0,9,0,9,0,0,213,0,213,0,0,222,0,222,306,0,306,528
05/25/2007,PVU,UT,ANM,WE,Federal Contract Tower,0,3,6,0,9,0,0,180,0,180,0,3,186,0,189,301,0,301,490
05/26/2007,PVU,UT,ANM,WE,Federal Contract Tower,0,1,3,0,4,0,4,86,0,90,0,5,89,0,94,80,0,80,174
05/27/2007,PVU,UT,ANM,WE,Federal Contract Tower,0,7,2,0,9,0,10,42,0,52,0,17,44,0,61,16,0,16,77
05/28/2007,PVU,UT,ANM,WE,Federal Contract Tower,0,2,4,0,6,0,4,84,0,88,0,6,88,0,94,160,0,160,254
05/29/2007,PVU,UT,ANM,WE,Federal Contract Tower,0,0,16,0,16,0,3,170,0,173,0,3,186,0,189,324,0,324,513
05/30/2007,PVU,UT,ANM,WE,Federal Contract Tower,0,0,8,0,8,0,2,163,0,165,0,2,171,0,173,407,0,407,580
05/31/2007,PVU,UT,ANM,WE,Federal Contract Tower,0,3,8,0,11,0,1,179,1,181,0,4,187,1,192,340,0,340,532
06/01/2007,PVU,UT,ANM,WE,Federal Contract Tower,0,3,4,0,7,0,1,144,1,146,0,4,148,1,153,290,0,290,443
06/02/2007,PVU,UT,ANM,WE,Federal Contract Tower,0,0,2,0,2,0,1,105,0,106,0,1,107,0,108,230,0,230,338
06/03/2007,PVU,UT,ANM,WE,Federal Contract Tower,0,0,2,0,2,0,2,55,0,57,0,2,57,0,59,28,0,28,87
06/04/2007,PVU,UT,ANM,WE,Federal Contract Tower,0,2,4,0,6,0,0,154,0,154,0,2,158,0,160,285,0,285,445
06/05/2007,PVU,UT,ANM,WE,Federal Contract Tower,0,2,3,0,5,0,2,83,0,85,0,4,86,0,90,204,0,204,294
06/06/2007,PVU,UT,ANM,WE,Federal Contract Tower,0,5,5,0,10,0,1,6,3,10,0,6,11,3,20,0,0,0,20
06/07/2007,PVU,UT,ANM,WE,Federal Contract Tower,0,2,6,0,8,0,0,122,0,122,0,2,128,0,130,280,0,280,410
06/08/2007,PVU,UT,ANM,WE,Federal Contract Tower,0,3,15,0,18,0,1,210,0,211,0,4,225,0,229,330,0,330,559
06/09/2007,PVU,UT,ANM,WE,Federal Contract Tower,0,5,1,0,6,0,1,142,2,145,0,6,143,2,151,174,0,174,325
06/10/2007,PVU,UT,ANM,WE,Federal Contract Tower,0,4,7,0,11,0,5,73,0,78,0,9,80,0,89,58,0,58,147
06/11/2007,PVU,UT,ANM,WE,Federal Contract Tower,0,2,7,0,9,0,4,178,0,182,0,6,185,0,191,301,0,301,492
06/12/2007,PVU,UT,ANM,WE,Federal Contract Tower,0,0,2,1,3,0,7,150,0,157,0,7,152,1,160,235,2,237,397
06/13/2007,PVU,UT,ANM,WE,Federal Contract Tower,0,3,3,0,6,0,6,193,2,201,0,9,196,2,207,320,6,326,533
06/14/2007,PVU,UT,ANM,WE,Federal Contract Tower,0,2,4,0,6,0,3,185,0,188,0,5,189,0,194,244,1,245,439
06/15/2007,PVU,UT,ANM,WE,Federal Contract Tower,0,3,7,0,10,0,2,162,0,164,0,5,169,0,174,248,0,248,422
06/16/2007,PVU,UT,ANM,WE,Federal Contract Tower,0,1,3,0,4,0,2,72,0,74,0,3,75,0,78,108,0,108,186
06/17/2007,PVU,UT,ANM,WE,Federal Contract Tower,0,0,5,0,5,0,4,56,0,60,0,4,61,0,65,8,0,8,73
06/18/2007,PVU,UT,ANM,WE,Federal Contract Tower,0,6,4,0,10,0,5,177,0,182,0,11,181,0,192,381,0,381,573
06/19/2007,PVU,UT,ANM,WE,Federal Contract Tower,0,1,5,0,6,0,4,214,0,218,0,5,219,0,224,343,2,345,569
06/20/2007,PVU,UT,ANM,WE,Federal Contract Tower,0,2,10,0,12,0,2,206,0,208,0,4,216,0,220,437,0,437,657
06/21/2007,PVU,UT,ANM,WE,Federal Contract Tower,0,0,15,0,15,0,4,196,0,200,0,4,211,0,215,382,0,382,597
06/22/2007,PVU,UT,ANM,WE,Federal Contract Tower,0,1,9,0,10,0,9,209,0,218,0,10,218,0,228,368,0,368,596
06/23/2007,PVU,UT,ANM,WE,Federal Contract Tower,0,8,14,0,22,0,19,97,0,116,0,27,111,0,138,112,0,112,250
06/24/2007,PVU,UT,ANM,WE,Federal Contract Tower,0,3,4,0,7,0,0,64,0,64,0,3,68,0,71,36,0,36,107
06/25/2007,PVU,UT,ANM,WE,Federal Contract Tower,0,1,5,0,6,0,3,114,0,117,0,4,119,0,123,166,0,166,289
06/26/2007,PVU,UT,ANM,WE,Federal Contract Tower,0,0,3,0,3,0,1,165,0,166,0,1,168,0,169,257,0,257,426
06/27/2007,PVU,UT,ANM,WE,Federal Contract Tower,0,1,4,0,5,0,3,177,0,180,0,4,181,0,185,314,0,314,499
06/28/2007,PVU,UT,ANM,WE,Federal Contract Tower,0,1,8,0,9,0,8,230,0,238,0,9,238,0,247,172,0,172,419
06/29/2007,PVU,UT,ANM,WE,Federal Contract Tower,0,3,4,0,7,0,15,135,0,150,0,18,139,0,157,162,0,162,319
06/30/2007,PVU,UT,ANM,WE,Federal Contract Tower,0,0,4,0,4,0,7,119,3,129,0,7,123,3,133,118,4,122,255
07/01/2007,PVU,UT,ANM,WE,Federal Contract Tower,0,3,1,0,4,0,4,68,1,73,0,7,69,1,77,26,0,26,103
07/02/2007,PVU,UT,ANM,WE,Federal Contract Tower,0,1,4,0,5,0,1,135,0,136,0,2,139,0,141,216,0,216,357
07/03/2007,PVU,UT,ANM,WE,Federal Contract Tower,0,2,3,0,5,0,2,151,1,154,0,4,154,1,159,318,2,320,479
07/04/2007,PVU,UT,ANM,WE,Federal Contract Tower,0,2,1,0,3,0,5,72,1,78,0,7,73,1,81,69,0,69,150
07/05/2007,PVU,UT,ANM,WE,Federal Contract Tower,0,2,8,0,10,0,5,142,0,147,0,7,150,0,157,126,0,126,283
07/06/2007,PVU,UT,ANM,WE,Federal Contract Tower,0,2,1,0,3,0,5,112,0,117,0,7,113,0,120,171,0,171,291
07/07/2007,PVU,UT,ANM,WE,Federal Contract Tower,0,0,5,0,5,0,6,84,0,90,0,6,89,0,95,100,0,100,195
07/08/2007,PVU,UT,ANM,WE,Federal Contract Tower,0,2,4,0,6,0,1,64,0,65,0,3,68,0,71,50,0,50,121
07/09/2007,PVU,UT,ANM,WE,Federal Contract Tower,2,3,7,0,12,0,5,166,0,171,2,8,173,0,183,284,0,284,467
07/10/2007,PVU,UT,ANM,WE,Federal Contract Tower,0,0,8,0,8,0,1,160,0,161,0,1,168,0,169,315,0,315,484
07/11/2007,PVU,UT,ANM,WE,Federal Contract Tower,0,1,5,0,6,0,6,139,0,145,0,7,144,0,151,213,0,213,364
07/12/2007,PVU,UT,ANM,WE,Federal Contract Tower,0,1,8,0,9,0,4,150,0,154,0,5,158,0,163,306,0,306,469
07/13/2007,PVU,UT,ANM,WE,Federal Contract Tower,0,0,6,0,6,0,0,125,0,125,0,0,131,0,131,342,0,342,473
07/14/2007,PVU,UT,ANM,WE,Federal Contract Tower,0,0,9,0,9,0,0,100,0,100,0,0,109,0,109,212,0,212,321
07/15/2007,PVU,UT,ANM,WE,Federal Contract Tower,0,0,5,0,5,0,9,37,0,46,0,9,42,0,51,28,0,28,79
07/16/2007,PVU,UT,ANM,WE,Federal Contract Tower,0,0,12,0,12,0,1,122,2,125,0,1,134,2,137,157,4,161,298
07/17/2007,PVU,UT,ANM,WE,Federal Contract Tower,0,0,18,0,18,0,0,159,0,159,0,0,177,0,177,267,0,267,444
07/18/2007,PVU,UT,ANM,WE,Federal Contract Tower,0,0,8,0,8,0,1,188,0,189,0,1,196,0,197,248,0,248,445
07/19/2007,PVU,UT,ANM,WE,Federal Contract Tower,0,3,13,0,16,0,2,185,4,191,0,5,198,4,207,258,0,258,465
07/20/2007,PVU,UT,ANM,WE,Federal Contract Tower,0,6,8,0,14,0,3,144,0,147,0,9,152,0,161,272,0,272,433
07/21/2007,PVU,UT,ANM,WE,Federal Contract Tower,0,2,8,0,10,0,13,130,3,146,0,15,138,3,156,120,0,120,276
07/22/2007,PVU,UT,ANM,WE,Federal Contract Tower,0,2,9,0,11,0,4,55,0,59,0,6,64,0,70,6,0,6,76
07/23/2007,PVU,UT,ANM,WE,Federal Contract Tower,0,2,4,0,6,0,2,119,0,121,0,4,123,0,127,141,0,141,268
07/24/2007,PVU,UT,ANM,WE,Federal Contract Tower,0,1,6,0,7,0,3,108,0,111,0,4,114,0,118,111,0,111,229
07/25/2007,PVU,UT,ANM,WE,Federal Contract Tower,0,2,8,0,10,0,1,81,0,82,0,3,89,0,92,98,0,98,190
07/26/2007,PVU,UT,ANM,WE,Federal Contract Tower,0,3,0,0,3,0,0,183,0,183,0,3,183,0,186,299,0,299,485
07/27/2007,PVU,UT,ANM,WE,Federal Contract Tower,0,0,5,0,5,0,7,159,0,166,0,7,164,0,171,344,0,344,515
07/28/2007,PVU,UT,ANM,WE,Federal Contract Tower,0,0,6,0,6,0,0,62,0,62,0,0,68,0,68,86,0,86,154
07/29/2007,PVU,UT,ANM,WE,Federal Contract Tower,0,2,8,0,10,0,0,57,0,57,0,2,65,0,67,14,0,14,81
07/30/2007,PVU,UT,ANM,WE,Federal Contract Tower,0,2,3,0,5,0,3,134,0,137,0,5,137,0,142,193,0,193,335
07/31/2007,PVU,UT,ANM,WE,Federal Contract Tower,0,0,0,0,0,0,0,128,0,128,0,0,128,0,128,246,0,246,374
08/01/2007,PVU,UT,ANM,WE,Federal Contract Tower,0,0,4,0,4,0,0,111,0,111,0,0,115,0,115,204,0,204,319
08/02/2007,PVU,UT,ANM,WE,Federal Contract Tower,0,0,8,0,8,0,2,89,0,91,0,2,97,0,99,202,0,202,301
08/03/2007,PVU,UT,ANM,WE,Federal Contract Tower,0,1,6,0,7,0,0,132,0,132,0,1,138,0,139,168,0,168,307
08/04/2007,PVU,UT,ANM,WE,Federal Contract Tower,0,0,8,0,8,0,0,92,0,92,0,0,100,0,100,83,0,83,183
08/05/2007,PVU,UT,ANM,WE,Federal Contract Tower,0,1,4,0,5,0,3,38,1,42,0,4,42,1,47,24,0,24,71
08/06/2007,PVU,UT,ANM,WE,Federal Contract Tower,0,0,5,0,5,0,1,169,0,170,0,1,174,0,175,250,0,250,425
08/07/2007,PVU,UT,ANM,WE,Federal Contract Tower,0,0,4,0,4,0,2,148,0,150,0,2,152,0,154,221,0,221,375
08/08/2007,PVU,UT,ANM,WE,Federal Contract Tower,0,3,6,0,9,0,4,153,0,157,0,7,159,0,166,194,0,194,360
08/09/2007,PVU,UT,ANM,WE,Federal Contract Tower,0,6,7,0,13,0,5,177,0,182,0,11,184,0,195,320,0,320,515
08/10/2007,PVU,UT,ANM,WE,Federal Contract Tower,0,6,4,0,10,0,3,127,0,130,0,9,131,0,140,230,0,230,370
08/11/2007,PVU,UT,ANM,WE,Federal Contract Tower,0,2,1,0,3,0,3,113,3,119,0,5,114,3,122,129,0,129,251
08/12/2007,PVU,UT,ANM,WE,Federal Contract Tower,0,8,3,0,11,0,3,48,0,51,0,11,51,0,62,20,0,20,82
08/13/2007,PVU,UT,ANM,WE,Federal Contract Tower,0,0,0,0,0,0,0,148,0,148,0,0,148,0,148,228,0,228,376
08/14/2007,PVU,UT,ANM,WE,Federal Contract Tower,0,2,10,0,12,0,3,155,0,158,0,5,165,0,170,254,0,254,424
08/15/2007,PVU,UT,ANM,WE,Federal Contract Tower,0,5,8,0,13,0,3,154,0,157,0,8,162,0,170,242,0,242,412
08/16/2007,PVU,UT,ANM,WE,Federal Contract Tower,0,3,4,0,7,0,5,171,0,176,0,8,175,0,183,244,0,244,427
08/17/2007,PVU,UT,ANM,WE,Federal Contract Tower,0,3,1,0,4,0,2,118,0,120,0,5,119,0,124,177,0,177,301
08/18/2007,PVU,UT,ANM,WE,Federal Contract Tower,2,6,6,0,14,0,5,66,0,71,2,11,72,0,85,66,0,66,151
08/19/2007,PVU,UT,ANM,WE,Federal Contract Tower,0,1,6,0,7,0,1,66,0,67,0,2,72,0,74,15,0,15,89
08/20/2007,PVU,UT,ANM,WE,Federal Contract Tower,0,2,14,0,16,0,0,119,0,119,0,2,133,0,135,243,0,243,378
08/21/2007,PVU,UT,ANM,WE,Federal Contract Tower,0,5,10,0,15,0,2,177,0,179,0,7,187,0,194,326,0,326,520
08/22/2007,PVU,UT,ANM,WE,Federal Contract Tower,0,2,6,0,8,0,2,166,0,168,0,4,172,0,176,211,0,211,387
08/23/2007,PVU,UT,ANM,WE,Federal Contract Tower,0,2,6,0,8,0,0,119,0,119,0,2,125,0,127,230,0,230,357
08/24/2007,PVU,UT,ANM,WE,Federal Contract Tower,0,2,9,0,11,0,0,157,0,157,0,2,166,0,168,185,0,185,353
08/25/2007,PVU,UT,ANM,WE,Federal Contract Tower,0,4,9,4,17,0,0,113,0,113,0,4,122,4,130,176,0,176,306
08/26/2007,PVU,UT,ANM,WE,Federal Contract Tower,0,6,3,0,9,0,2,55,0,57,0,8,58,0,66,40,0,40,106
08/27/2007,PVU,UT,ANM,WE,Federal Contract Tower,0,4,13,0,17,0,2,147,0,149,0,6,160,0,166,255,0,255,421
08/28/2007,PVU,UT,ANM,WE,Federal Contract Tower,0,1,11,0,12,0,2,132,0,134,0,3,143,0,146,225,0,225,371
08/29/2007,PVU,UT,ANM,WE,Federal Contract Tower,0,3,8,0,11,0,2,162,0,164,0,5,170,0,175,311,0,311,486
08/30/2007,PVU,UT,ANM,WE,Federal Contract Tower,0,3,7,0,10,0,6,196,0,202,0,9,203,0,212,362,0,362,574
08/31/2007,PVU,UT,ANM,WE,Federal Contract Tower,0,3,8,0,11,0,0,192,1,193,0,3,200,1,204,308,0,308,512
09/01/2007,PVU,UT,ANM,WE,Federal Contract Tower,0,5,12,0,17,0,12,95,0,107,0,17,107,0,124,102,0,102,226
09/02/2007,PVU,UT,ANM,WE,Federal Contract Tower,0,1,4,0,5,0,3,66,0,69,0,4,70,0,74,28,0,28,102
09/03/2007,PVU,UT,ANM,WE,Federal Contract Tower,0,5,4,0,9,0,6,91,0,97,0,11,95,0,106,127,0,127,233
09/04/2007,PVU,UT,ANM,WE,Federal Contract Tower,4,4,5,0,13,0,3,115,0,118,4,7,120,0,131,178,0,178,309
09/05/2007,PVU,UT,ANM,WE,Federal Contract Tower,0,3,8,0,11,0,4,85,0,89,0,7,93,0,100,154,0,154,254
09/06/2007,PVU,UT,ANM,WE,Federal Contract Tower,0,2,8,0,10,0,2,172,0,174,0,4,180,0,184,360,0,360,544
09/07/2007,PVU,UT,ANM,WE,Federal Contract Tower,2,4,5,0,11,0,3,240,0,243,2,7,245,0,254,470,0,470,724
09/08/2007,PVU,UT,ANM,WE,Federal Contract Tower,0,2,7,0,9,0,4,93,1,98,0,6,100,1,107,148,0,148,255
09/09/2007,PVU,UT,ANM,WE,Federal Contract Tower,1,1,9,0,11,0,1,68,0,69,1,2,77,0,80,20,0,20,100
09/10/2007,PVU,UT,ANM,WE,Federal Contract Tower,0,0,8,0,8,0,0,155,0,155,0,0,163,0,163,305,0,305,468
09/11/2007,PVU,UT,ANM,WE,Federal Contract Tower,0,2,5,0,7,0,0,153,0,153,0,2,158,0,160,238,0,238,398
09/12/2007,PVU,UT,ANM,WE,Federal Contract Tower,0,3,8,0,11,0,4,177,0,181,0,7,185,0,192,406,0,406,598
09/13/2007,PVU,UT,ANM,WE,Federal Contract Tower,0,1,4,0,5,0,0,153,0,153,0,1,157,0,158,358,0,358,516
09/14/2007,PVU,UT,ANM,WE,Federal Contract Tower,2,1,6,0,9,0,5,173,0,178,2,6,179,0,187,295,0,295,482
09/15/2007,PVU,UT,ANM,WE,Federal Contract Tower,2,1,6,0,9,0,0,116,0,116,2,1,122,0,125,125,0,125,250
09/16/2007,PVU,UT,ANM,WE,Federal Contract Tower,1,2,3,0,6,0,2,44,0,46,1,4,47,0,52,28,0,28,80
09/17/2007,PVU,UT,ANM,WE,Federal Contract Tower,0,1,4,0,5,0,1,207,1,209,0,2,211,1,214,389,0,389,603
09/18/2007,PVU,UT,ANM,WE,Federal Contract Tower,0,0,4,0,4,0,0,184,0,184,0,0,188,0,188,370,0,370,558
09/19/2007,PVU,UT,ANM,WE,Federal Contract Tower,0,2,5,0,7,0,1,187,0,188,0,3,192,0,195,386,0,386,581
09/20/2007,PVU,UT,ANM,WE,Federal Contract Tower,0,2,6,0,8,0,0,223,0,223,0,2,229,0,231,261,0,261,492
09/21/2007,PVU,UT,ANM,WE,Federal Contract Tower,2,1,12,0,15,0,3,198,0,201,2,4,210,0,216,388,0,388,604
09/22/2007,PVU,UT,ANM,WE,Federal Contract Tower,2,2,13,0,17,0,0,83,0,83,2,2,96,0,100,34,2,36,136
09/23/2007,PVU,UT,ANM,WE,Federal Contract Tower,0,7,7,0,14,0,1,53,0,54,0,8,60,0,68,2,0,2,70
09/24/2007,PVU,UT,ANM,WE,Federal Contract Tower,0,2,12,0,14,0,1,152,1,154,0,3,164,1,168,294,0,294,462
09/25/2007,PVU,UT,ANM,WE,Federal Contract Tower,0,0,6,0,6,0,0,179,0,179,0,0,185,0,185,352,0,352,537
09/26/2007,PVU,UT,ANM,WE,Federal Contract Tower,0,3,5,0,8,0,1,207,1,209,0,4,212,1,217,358,2,360,577
09/27/2007,PVU,UT,ANM,WE,Federal Contract Tower,0,1,11,0,12,0,1,188,0,189,0,2,199,0,201,349,0,349,550
09/28/2007,PVU,UT,ANM,WE,Federal Contract Tower,2,1,2,0,5,0,3,120,0,123,2,4,122,0,128,128,0,128,256
09/29/2007,PVU,UT,ANM,WE,Federal Contract Tower,0,1,5,0,6,0,0,11,0,11,0,1,16,0,17,20,0,20,37
09/30/2007,PVU,UT,ANM,WE,Federal Contract Tower,0,2,3,0,5,0,1,53,0,54,0,3,56,0,59,24,0,24,83
10/01/2007,PVU,UT,ANM,WE,Federal Contract Tower,0,2,6,0,8,0,1,151,0,152,0,3,157,0,160,253,0,253,413
10/02/2007,PVU,UT,ANM,WE,Federal Contract Tower,0,3,9,0,12,0,0,250,0,250,0,3,259,0,262,412,0,412,674
10/03/2007,PVU,UT,ANM,WE,Federal Contract Tower,0,3,3,0,6,0,0,239,0,239,0,3,242,0,245,430,0,430,675
10/04/2007,PVU,UT,ANM,WE,Federal Contract Tower,0,1,14,0,15,0,2,144,0,146,0,3,158,0,161,294,0,294,455
10/05/2007,PVU,UT,ANM,WE,Federal Contract Tower,0,2,11,0,13,0,3,49,0,52,0,5,60,0,65,119,0,119,184
10/06/2007,PVU,UT,ANM,WE,Federal Contract Tower,0,2,3,0,5,0,0,6,0,6,0,2,9,0,11,16,0,16,27
10/07/2007,PVU,UT,ANM,WE,Federal Contract Tower,0,1,7,0,8,0,2,54,0,56,0,3,61,0,64,32,0,32,96
10/08/2007,PVU,UT,ANM,WE,Federal Contract Tower,0,5,5,0,10,0,3,198,0,201,0,8,203,0,211,414,0,414,625
10/09/2007,PVU,UT,ANM,WE,Federal Contract Tower,0,0,3,0,3,0,1,221,0,222,0,1,224,0,225,468,0,468,693
10/10/2007,PVU,UT,ANM,WE,Federal Contract Tower,0,0,4,0,4,0,0,204,1,205,0,0,208,1,209,390,2,392,601
10/11/2007,PVU,UT,ANM,WE,Federal Contract Tower,0,0,10,0,10,0,5,207,2,214,0,5,217,2,224,395,0,395,619
10/12/2007,PVU,UT,ANM,WE,Federal Contract Tower,0,0,0,0,0,2,0,195,4,201,2,0,195,4,201,354,0,354,555
10/13/2007,PVU,UT,ANM,WE,Federal Contract Tower,0,0,5,0,5,0,0,39,0,39,0,0,44,0,44,46,0,46,90
10/14/2007,PVU,UT,ANM,WE,Federal Contract Tower,0,0,7,0,7,0,2,47,0,49,0,2,54,0,56,26,0,26,82
10/15/2007,PVU,UT,ANM,WE,Federal Contract Tower,0,2,7,0,9,0,3,208,0,211,0,5,215,0,220,514,0,514,734
10/16/2007,PVU,UT,ANM,WE,Federal Contract Tower,0,0,13,0,13,0,2,161,1,164,0,2,174,1,177,310,2,312,489
10/17/2007,PVU,UT,ANM,WE,Federal Contract Tower,0,0,7,0,7,0,2,65,1,68,0,2,72,1,75,128,2,130,205
10/18/2007,PVU,UT,ANM,WE,Federal Contract Tower,0,3,8,0,11,0,0,193,0,193,0,3,201,0,204,388,0,388,592
10/19/2007,PVU,UT,ANM,WE,Federal Contract Tower,0,4,13,0,17,0,0,238,0,238,0,4,251,0,255,493,0,493,748
10/20/2007,PVU,UT,ANM,WE,Federal Contract Tower,0,3,8,0,11,0,2,14,0,16,0,5,22,0,27,44,0,44,71
10/21/2007,PVU,UT,ANM,WE,Federal Contract Tower,0,2,9,0,11,0,1,38,0,39,0,3,47,0,50,20,0,20,70
10/22/2007,PVU,UT,ANM,WE,Federal Contract Tower,0,0,4,0,4,0,2,219,0,221,0,2,223,0,225,390,0,390,615
10/23/2007,PVU,UT,ANM,WE,Federal Contract Tower,0,0,4,0,4,0,5,233,0,238,0,5,237,0,242,436,0,436,678
10/24/2007,PVU,UT,ANM,WE,Federal Contract Tower,0,6,6,0,12,0,4,239,0,243,0,10,245,0,255,408,0,408,663
10/25/2007,PVU,UT,ANM,WE,Federal Contract Tower,0,1,8,0,9,0,0,186,0,186,0,1,194,0,195,429,0,429,624
10/26/2007,PVU,UT,ANM,WE,Federal Contract Tower,0,1,5,0,6,0,1,250,0,251,0,2,255,0,257,490,0,490,747
10/27/2007,PVU,UT,ANM,WE,Federal Contract Tower,0,1,4,0,5,0,2,101,0,103,0,3,105,0,108,212,0,212,320
10/28/2007,PVU,UT,ANM,WE,Federal Contract Tower,0,2,6,0,8,0,0,38,0,38,0,2,44,0,46,20,0,20,66
10/29/2007,PVU,UT,ANM,WE,Federal Contract Tower,0,2,3,0,5,0,10,238,1,249,0,12,241,1,254,388,2,390,644
10/30/2007,PVU,UT,ANM,WE,Federal Contract Tower,0,0,2,0,2,0,4,176,0,180,0,4,178,0,182,329,0,329,511
10/31/2007,PVU,UT,ANM,WE,Federal Contract Tower,0,0,9,0,9,0,2,237,0,239,0,2,246,0,248,436,0,436,684
11/01/2007,PVU,UT,ANM,WE,Federal Contract Tower,0,2,6,0,8,0,0,178,0,178,0,2,184,0,186,275,0,275,461
11/02/2007,PVU,UT,ANM,WE,Federal Contract Tower,0,1,4,0,5,0,0,209,0,209,0,1,213,0,214,439,0,439,653
11/03/2007,PVU,UT,ANM,WE,Federal Contract Tower,2,4,7,0,13,0,7,174,0,181,2,11,181,0,194,242,0,242,436
11/04/2007,PVU,UT,ANM,WE,Federal Contract Tower,0,0,1,0,1,0,0,39,2,41,0,0,40,2,42,38,2,40,82
11/05/2007,PVU,UT,ANM,WE,Federal Contract Tower,0,3,11,0,14,0,2,194,0,196,0,5,205,0,210,448,0,448,658
11/06/2007,PVU,UT,ANM,WE,Federal Contract Tower,0,3,5,0,8,0,2,200,0,202,0,5,205,0,210,434,2,436,646
11/07/2007,PVU,UT,ANM,WE,Federal Contract Tower,0,1,4,0,5,0,0,255,0,255,0,1,259,0,260,484,0,484,744
11/08/2007,PVU,UT,ANM,WE,Federal Contract Tower,0,4,12,0,16,0,3,206,0,209,0,7,218,0,225,396,0,396,621
11/09/2007,PVU,UT,ANM,WE,Federal Contract Tower,0,9,10,0,19,0,5,226,0,231,0,14,236,0,250,415,0,415,665
11/10/2007,PVU,UT,ANM,WE,Federal Contract Tower,0,3,7,0,10,0,0,111,0,111,0,3,118,0,121,218,0,218,339
11/11/2007,PVU,UT,ANM,WE,Federal Contract Tower,0,3,7,0,10,0,0,111,0,111,0,3,118,0,121,218,0,218,339
11/12/2007,PVU,UT,ANM,WE,Federal Contract Tower,0,4,3,0,7,0,1,168,0,169,0,5,171,0,176,544,0,544,720
11/13/2007,PVU,UT,ANM,WE,Federal Contract Tower,0,2,1,0,3,0,2,150,0,152,0,4,151,0,155,318,0,318,473
11/14/2007,PVU,UT,ANM,WE,Federal Contract Tower,0,1,5,0,6,0,0,180,0,180,0,1,185,0,186,377,0,377,563
11/15/2007,PVU,UT,ANM,WE,Federal Contract Tower,0,8,7,0,15,0,1,157,0,158,0,9,164,0,173,394,0,394,567
11/16/2007,PVU,UT,ANM,WE,Federal Contract Tower,2,5,9,0,16,0,3,256,0,259,2,8,265,0,275,472,0,472,747
11/17/2007,PVU,UT,ANM,WE,Federal Contract Tower,2,2,8,0,12,0,3,120,0,123,2,5,128,0,135,278,0,278,413
11/18/2007,PVU,UT,ANM,WE,Federal Contract Tower,0,3,3,0,6,0,4,50,0,54,0,7,53,0,60,68,0,68,128
11/19/2007,PVU,UT,ANM,WE,Federal Contract Tower,0,5,5,0,10,0,1,148,0,149,0,6,153,0,159,318,0,318,477
11/20/2007,PVU,UT,ANM,WE,Federal Contract Tower,0,1,13,0,14,0,2,102,0,104,0,3,115,0,118,226,0,226,344
11/21/2007,PVU,UT,ANM,WE,Federal Contract Tower,0,1,7,0,8,0,2,160,0,162,0,3,167,0,170,320,0,320,490
11/22/2007,PVU,UT,ANM,WE,Federal Contract Tower,0,0,2,0,2,0,0,37,0,37,0,0,39,0,39,19,0,19,58
11/23/2007,PVU,UT,ANM,WE,Federal Contract Tower,0,0,0,0,0,0,3,100,0,103,0,3,100,0,103,164,0,164,267
11/24/2007,PVU,UT,ANM,WE,Federal Contract Tower,0,4,14,0,18,0,8,97,9,114,0,12,111,9,132,132,12,144,276
11/25/2007,PVU,UT,ANM,WE,Federal Contract Tower,0,0,17,0,17,0,4,42,0,46,0,4,59,0,63,12,0,12,75
11/26/2007,PVU,UT,ANM,WE,Federal Contract Tower,0,0,5,0,5,0,3,175,0,178,0,3,180,0,183,334,2,336,519
11/27/2007,PVU,UT,ANM,WE,Federal Contract Tower,0,0,13,0,13,0,0,105,1,106,0,0,118,1,119,226,2,228,347
11/28/2007,PVU,UT,ANM,WE,Federal Contract Tower,0,5,7,0,12,0,6,218,1,225,0,11,225,1,237,528,4,532,769
11/29/2007,PVU,UT,ANM,WE,Federal Contract Tower,0,1,4,0,5,0,0,180,1,181,0,1,184,1,186,106,2,108,294
11/30/2007,PVU,UT,ANM,WE,Federal Contract Tower,4,3,5,0,12,0,3,95,0,98,4,6,100,0,110,246,0,246,356
12/01/2007,PVU,UT,ANM,WE,Federal Contract Tower,0,3,7,0,10,0,1,0,0,1,0,4,7,0,11,10,0,10,21
12/02/2007,PVU,UT,ANM,WE,Federal Contract Tower,0,0,6,0,6,0,6,39,0,45,0,6,45,0,51,26,0,26,77
12/03/2007,PVU,UT,ANM,WE,Federal Contract Tower,0,2,9,0,11,0,1,176,0,177,0,3,185,0,188,358,2,360,548
12/04/2007,PVU,UT,ANM,WE,Federal Contract Tower,0,2,4,0,6,0,1,184,3,188,0,3,188,3,194,306,6,312,506
12/05/2007,PVU,UT,ANM,WE,Federal Contract Tower,0,4,6,0,10,0,0,163,4,167,0,4,169,4,177,310,8,318,495
12/06/2007,PVU,UT,ANM,WE,Federal Contract Tower,0,8,14,0,22,0,0,45,0,45,0,8,59,0,67,189,0,189,256
12/07/2007,PVU,UT,ANM,WE,Federal Contract Tower,0,1,3,0,4,0,1,9,0,10,0,2,12,0,14,16,0,16,30
12/08/2007,PVU,UT,ANM,WE,Federal Contract Tower,0,0,2,0,2,0,0,0,0,0,0,0,2,0,2,0,0,0,2
12/09/2007,PVU,UT,ANM,WE,Federal Contract Tower,0,6,4,0,10,0,2,0,0,2,0,8,4,0,12,0,0,0,12
12/10/2007,PVU,UT,ANM,WE,Federal Contract Tower,0,3,8,0,11,0,0,72,0,72,0,3,80,0,83,315,0,315,398
12/11/2007,PVU,UT,ANM,WE,Federal Contract Tower,0,0,9,0,9,0,3,137,0,140,0,3,146,0,149,362,0,362,511
12/12/2007,PVU,UT,ANM,WE,Federal Contract Tower,0,0,6,0,6,0,0,169,5,174,0,0,175,5,180,266,4,270,450
12/13/2007,PVU,UT,ANM,WE,Federal Contract Tower,0,0,4,0,4,0,0,100,0,100,0,0,104,0,104,169,0,169,273
12/14/2007,PVU,UT,ANM,WE,Federal Contract Tower,0,0,6,0,6,0,1,137,0,138,0,1,143,0,144,300,0,300,444
12/15/2007,PVU,UT,ANM,WE,Federal Contract Tower,0,0,5,0,5,0,1,121,0,122,0,1,126,0,127,242,0,242,369
12/16/2007,PVU,UT,ANM,WE,Federal Contract Tower,0,0,0,0,0,0,2,51,0,53,0,2,51,0,53,79,0,79,132
12/17/2007,PVU,UT,ANM,WE,Federal Contract Tower,0,2,6,0,8,0,1,137,1,139,0,3,143,1,147,310,4,314,461
12/18/2007,PVU,UT,ANM,WE,Federal Contract Tower,0,3,4,0,7,0,6,94,0,100,0,9,98,0,107,177,0,177,284
12/19/2007,PVU,UT,ANM,WE,Federal Contract Tower,0,4,11,0,15,0,7,110,0,117,0,11,121,0,132,308,2,310,442
12/20/2007,PVU,UT,ANM,WE,Federal Contract Tower,0,2,8,0,10,0,0,35,0,35,0,2,43,0,45,92,0,92,137
12/21/2007,PVU,UT,ANM,WE,Federal Contract Tower,0,4,10,0,14,0,2,36,0,38,0,6,46,0,52,22,0,22,74
12/22/2007,PVU,UT,ANM,WE,Federal Contract Tower,0,6,9,0,15,0,2,43,0,45,0,8,52,0,60,81,0,81,141
12/23/2007,PVU,UT,ANM,WE,Federal Contract Tower,2,2,4,0,8,0,1,38,0,39,2,3,42,0,47,26,0,26,73
12/24/2007,PVU,UT,ANM,WE,Federal Contract Tower,0,2,2,0,4,0,4,18,0,22,0,6,20,0,26,104,0,104,130
12/25/2007,PVU,UT,ANM,WE,Federal Contract Tower,0,0,0,0,0,0,2,4,0,6,0,2,4,0,6,4,0,4,10
12/26/2007,PVU,UT,ANM,WE,Federal Contract Tower,0,2,11,0,13,0,1,20,0,21,0,3,31,0,34,62,0,62,96
12/27/2007,PVU,UT,ANM,WE,Federal Contract Tower,0,0,6,0,6,0,6,40,0,46,0,6,46,0,52,99,0,99,151
12/28/2007,PVU,UT,ANM,WE,Federal Contract Tower,0,0,11,0,11,0,0,42,0,42,0,0,53,0,53,115,0,115,168
12/29/2007,PVU,UT,ANM,WE,Federal Contract Tower,0,0,7,0,7,0,3,63,0,66,0,3,70,0,73,82,0,82,155
12/30/2007,PVU,UT,ANM,WE,Federal Contract Tower,0,1,2,0,3,0,2,6,0,8,0,3,8,0,11,0,0,0,11
12/31/2007,PVU,UT,ANM,WE,Federal Contract Tower,0,0,5,0,5,0,7,84,0,91,0,7,89,0,96,225,0,225,321
01/01/2008,PVU,UT,ANM,WE,Federal Contract Tower,0,2,4,0,6,0,8,45,0,53,0,10,49,0,59,36,0,36,95
01/02/2008,PVU,UT,ANM,WE,Federal Contract Tower,0,1,6,0,7,0,3,121,0,124,0,4,127,0,131,332,0,332,463
01/03/2008,PVU,UT,ANM,WE,Federal Contract Tower,0,2,8,0,10,0,3,141,0,144,0,5,149,0,154,286,0,286,440
01/04/2008,PVU,UT,ANM,WE,Federal Contract Tower,0,0,2,1,3,0,7,92,4,103,0,7,94,5,106,272,10,282,388
01/05/2008,PVU,UT,ANM,WE,Federal Contract Tower,0,1,5,0,6,0,2,2,0,4,0,3,7,0,10,10,0,10,20
01/06/2008,PVU,UT,ANM,WE,Federal Contract Tower,0,0,1,0,1,0,3,13,0,16,0,3,14,0,17,4,0,4,21
01/07/2008,PVU,UT,ANM,WE,Federal Contract Tower,0,2,6,0,8,0,2,151,0,153,0,4,157,0,161,307,0,307,468
01/08/2008,PVU,UT,ANM,WE,Federal Contract Tower,0,3,12,4,19,0,3,145,3,151,0,6,157,7,170,289,14,303,473
01/09/2008,PVU,UT,ANM,WE,Federal Contract Tower,0,3,7,0,10,0,1,14,0,15,0,4,21,0,25,36,0,36,61
01/10/2008,PVU,UT,ANM,WE,Federal Contract Tower,0,4,6,0,10,0,0,136,5,141,0,4,142,5,151,282,10,292,443
01/11/2008,PVU,UT,ANM,WE,Federal Contract Tower,0,0,9,0,9,0,0,103,0,103,0,0,112,0,112,239,0,239,351
01/12/2008,PVU,UT,ANM,WE,Federal Contract Tower,0,0,4,0,4,0,2,46,0,48,0,2,50,0,52,150,0,150,202
01/13/2008,PVU,UT,ANM,WE,Federal Contract Tower,0,0,3,0,3,0,0,5,0,5,0,0,8,0,8,0,0,0,8
01/14/2008,PVU,UT,ANM,WE,Federal Contract Tower,0,0,10,0,10,0,2,131,0,133,0,2,141,0,143,257,0,257,400
01/15/2008,PVU,UT,ANM,WE,Federal Contract Tower,0,0,8,0,8,0,2,87,0,89,0,2,95,0,97,154,0,154,251
01/16/2008,PVU,UT,ANM,WE,Federal Contract Tower,0,4,8,0,12,0,0,119,0,119,0,4,127,0,131,352,0,352,483
01/17/2008,PVU,UT,ANM,WE,Federal Contract Tower,0,3,10,0,13,0,0,167,0,167,0,3,177,0,180,355,0,355,535
01/18/2008,PVU,UT,ANM,WE,Federal Contract Tower,0,4,10,0,14,0,5,84,0,89,0,9,94,0,103,174,2,176,279
01/19/2008,PVU,UT,ANM,WE,Federal Contract Tower,0,1,11,0,12,0,3,98,0,101,0,4,109,0,113,218,0,218,331
01/20/2008,PVU,UT,ANM,WE,Federal Contract Tower,0,1,5,0,6,0,1,21,0,22,0,2,26,0,28,28,0,28,56
01/21/2008,PVU,UT,ANM,WE,Federal Contract Tower,0,1,6,0,7,0,4,3,0,7,0,5,9,0,14,22,0,22,36
01/22/2008,PVU,UT,ANM,WE,Federal Contract Tower,0,4,14,0,18,0,0,63,0,63,0,4,77,0,81,226,0,226,307
01/23/2008,PVU,UT,ANM,WE,Federal Contract Tower,0,2,12,0,14,0,7,24,0,31,0,9,36,0,45,236,2,238,283
01/24/2008,PVU,UT,ANM,WE,Federal Contract Tower,0,3,8,0,11,0,0,19,0,19,0,3,27,0,30,20,0,20,50
01/25/2008,PVU,UT,ANM,WE,Federal Contract Tower,0,2,10,0,12,0,2,150,0,152,0,4,160,0,164,486,0,486,650
01/26/2008,PVU,UT,ANM,WE,Federal Contract Tower,0,0,6,0,6,0,1,153,0,154,0,1,159,0,160,438,0,438,598
01/27/2008,PVU,UT,ANM,WE,Federal Contract Tower,0,2,6,0,8,0,1,1,0,2,0,3,7,0,10,0,0,0,10
01/28/2008,PVU,UT,ANM,WE,Federal Contract Tower,0,1,8,0,9,0,2,5,0,7,0,3,13,0,16,26,0,26,42
01/29/2008,PVU,UT,ANM,WE,Federal Contract Tower,0,8,10,0,18,0,3,111,0,114,0,11,121,0,132,354,0,354,486
01/30/2008,PVU,UT,ANM,WE,Federal Contract Tower,0,1,8,0,9,0,2,65,0,67,0,3,73,0,76,336,0,336,412
01/31/2008,PVU,UT,ANM,WE,Federal Contract Tower,0,6,3,0,9,0,0,162,2,164,0,6,165,2,173,312,0,312,485
02/01/2008,PVU,UT,ANM,WE,Federal Contract Tower,0,1,3,0,4,0,1,11,4,16,0,2,14,4,20,6,0,6,26
02/02/2008,PVU,UT,ANM,WE,Federal Contract Tower,0,0,3,0,3,0,7,99,0,106,0,7,102,0,109,240,0,240,349
02/03/2008,PVU,UT,ANM,WE,Federal Contract Tower,0,0,1,0,1,0,1,0,0,1,0,1,1,0,2,0,0,0,2
02/04/2008,PVU,UT,ANM,WE,Federal Contract Tower,0,2,10,0,12,0,5,42,0,47,0,7,52,0,59,202,2,204,263
02/05/2008,PVU,UT,ANM,WE,Federal Contract Tower,0,2,4,0,6,0,8,141,1,150,0,10,145,1,156,338,0,338,494
02/06/2008,PVU,UT,ANM,WE,Federal Contract Tower,0,2,7,0,9,0,1,71,0,72,0,3,78,0,81,142,0,142,223
02/07/2008,PVU,UT,ANM,WE,Federal Contract Tower,0,2,10,0,12,0,2,31,0,33,0,4,41,0,45,123,0,123,168
02/08/2008,PVU,UT,ANM,WE,Federal Contract Tower,0,4,6,0,10,0,0,159,0,159,0,4,165,0,169,352,0,352,521
02/09/2008,PVU,UT,ANM,WE,Federal Contract Tower,0,0,2,0,2,0,1,121,0,122,0,1,123,0,124,286,0,286,410
02/10/2008,PVU,UT,ANM,WE,Federal Contract Tower,0,0,5,0,5,0,5,24,0,29,0,5,29,0,34,32,0,32,66
02/11/2008,PVU,UT,ANM,WE,Federal Contract Tower,0,0,10,0,10,0,2,140,0,142,0,2,150,0,152,345,0,345,497
02/12/2008,PVU,UT,ANM,WE,Federal Contract Tower,0,2,3,0,5,0,2,181,1,184,0,4,184,1,189,464,0,464,653
02/13/2008,PVU,UT,ANM,WE,Federal Contract Tower,0,1,8,0,9,0,1,69,0,70,0,2,77,0,79,288,0,288,367
02/14/2008,PVU,UT,ANM,WE,Federal Contract Tower,0,5,10,0,15,0,6,48,0,54,0,11,58,0,69,171,0,171,240
02/15/2008,PVU,UT,ANM,WE,Federal Contract Tower,0,4,5,0,9,0,2,182,0,184,0,6,187,0,193,304,0,304,497
02/16/2008,PVU,UT,ANM,WE,Federal Contract Tower,0,3,14,0,17,0,1,76,0,77,0,4,90,0,94,186,0,186,280
02/17/2008,PVU,UT,ANM,WE,Federal Contract Tower,0,4,8,0,12,0,3,19,1,23,0,7,27,1,35,12,0,12,47
02/18/2008,PVU,UT,ANM,WE,Federal Contract Tower,0,7,10,0,17,0,1,159,2,162,0,8,169,2,179,321,0,321,500
02/19/2008,PVU,UT,ANM,WE,Federal Contract Tower,0,3,11,0,14,0,3,160,0,163,0,6,171,0,177,496,0,496,673
02/20/2008,PVU,UT,ANM,WE,Federal Contract Tower,0,2,10,0,12,0,3,77,2,82,0,5,87,2,94,272,0,272,366
02/21/2008,PVU,UT,ANM,WE,Federal Contract Tower,0,2,9,0,11,0,0,16,0,16,0,2,25,0,27,18,0,18,45
02/22/2008,PVU,UT,ANM,WE,Federal Contract Tower,0,2,11,0,13,0,1,21,0,22,0,3,32,0,35,62,0,62,97
02/23/2008,PVU,UT,ANM,WE,Federal Contract Tower,0,2,4,0,6,0,2,41,1,44,0,4,45,1,50,100,0,100,150
02/24/2008,PVU,UT,ANM,WE,Federal Contract Tower,0,2,4,0,6,0,2,1,0,3,0,4,5,0,9,2,0,2,11
02/25/2008,PVU,UT,ANM,WE,Federal Contract Tower,0,3,7,0,10,0,6,60,0,66,0,9,67,0,76,264,0,264,340
02/26/2008,PVU,UT,ANM,WE,Federal Contract Tower,0,1,7,0,8,0,7,188,2,197,0,8,195,2,205,410,0,410,615
02/27/2008,PVU,UT,ANM,WE,Federal Contract Tower,0,0,6,0,6,0,0,199,5,204,0,0,205,5,210,394,0,394,604
02/28/2008,PVU,UT,ANM,WE,Federal Contract Tower,0,2,7,0,9,0,2,192,0,194,0,4,199,0,203,371,0,371,574
02/29/2008,PVU,UT,ANM,WE,Federal Contract Tower,0,5,13,0,18,0,4,173,1,178,0,9,186,1,196,354,0,354,550
03/01/2008,PVU,UT,ANM,WE,Federal Contract Tower,0,0,4,0,4,0,4,44,0,48,0,4,48,0,52,100,0,100,152
03/02/2008,PVU,UT,ANM,WE,Federal Contract Tower,0,2,7,0,9,0,1,17,0,18,0,3,24,0,27,4,0,4,31
03/03/2008,PVU,UT,ANM,WE,Federal Contract Tower,0,5,2,0,7,0,5,165,2,172,0,10,167,2,179,407,0,407,586
03/04/2008,PVU,UT,ANM,WE,Federal Contract Tower,0,0,4,0,4,0,3,72,0,75,0,3,76,0,79,246,0,246,325
03/05/2008,PVU,UT,ANM,WE,Federal Contract Tower,0,0,2,0,2,0,6,171,2,179,0,6,173,2,181,370,8,378,559
03/06/2008,PVU,UT,ANM,WE,Federal Contract Tower,0,2,6,0,8,0,3,192,1,196,0,5,198,1,204,411,0,411,615
03/07/2008,PVU,UT,ANM,WE,Federal Contract Tower,0,3,12,0,15,0,2,135,1,138,0,5,147,1,153,314,2,316,469
03/08/2008,PVU,UT,ANM,WE,Federal Contract Tower,0,5,3,0,8,0,3,81,0,84,0,8,84,0,92,204,0,204,296
03/09/2008,PVU,UT,ANM,WE,Federal Contract Tower,0,2,4,0,6,0,3,38,0,41,0,5,42,0,47,42,0,42,89
03/10/2008,PVU,UT,ANM,WE,Federal Contract Tower,0,0,3,2,5,0,8,127,1,136,0,8,130,3,141,362,4,366,507
03/11/2008,PVU,UT,ANM,WE,Federal Contract Tower,0,3,5,0,8,0,2,143,5,150,0,5,148,5,158,320,0,320,478
03/12/2008,PVU,UT,ANM,WE,Federal Contract Tower,0,0,3,0,3,0,4,104,4,112,0,4,107,4,115,296,0,296,411
03/13/2008,PVU,UT,ANM,WE,Federal Contract Tower,0,7,9,0,16,0,2,63,0,65,0,9,72,0,81,237,0,237,318
03/14/2008,PVU,UT,ANM,WE,Federal Contract Tower,0,6,0,0,6,9,36,0,0,45,9,42,0,0,51,116,0,116,167
03/15/2008,PVU,UT,ANM,WE,Federal Contract Tower,0,0,8,0,8,0,1,32,0,33,0,1,40,0,41,64,0,64,105
03/16/2008,PVU,UT,ANM,WE,Federal Contract Tower,0,2,8,0,10,0,1,10,0,11,0,3,18,0,21,2,0,2,23
03/17/2008,PVU,UT,ANM,WE,Federal Contract Tower,0,0,11,0,11,0,2,158,0,160,0,2,169,0,171,302,0,302,473
03/18/2008,PVU,UT,ANM,WE,Federal Contract Tower,0,0,7,0,7,0,2,171,0,173,0,2,178,0,180,348,0,348,528
03/19/2008,PVU,UT,ANM,WE,Federal Contract Tower,0,3,10,0,13,0,2,186,0,188,0,5,196,0,201,388,0,388,589
03/20/2008,PVU,UT,ANM,WE,Federal Contract Tower,0,2,17,0,19,0,4,75,5,84,0,6,92,5,103,213,14,227,330
03/21/2008,PVU,UT,ANM,WE,Federal Contract Tower,0,2,12,0,14,0,3,155,0,158,0,5,167,0,172,303,0,303,475
03/22/2008,PVU,UT,ANM,WE,Federal Contract Tower,0,2,3,0,5,0,1,139,0,140,0,3,142,0,145,214,0,214,359
03/23/2008,PVU,UT,ANM,WE,Federal Contract Tower,0,0,4,0,4,0,0,42,0,42,0,0,46,0,46,24,0,24,70
03/24/2008,PVU,UT,ANM,WE,Federal Contract Tower,0,0,9,0,9,0,0,158,0,158,0,0,167,0,167,400,0,400,567
03/25/2008,PVU,UT,ANM,WE,Federal Contract Tower,0,4,6,0,10,0,4,156,0,160,0,8,162,0,170,322,0,322,492
03/26/2008,PVU,UT,ANM,WE,Federal Contract Tower,0,2,8,0,10,0,0,143,2,145,0,2,151,2,155,287,6,293,448
03/27/2008,PVU,UT,ANM,WE,Federal Contract Tower,0,2,14,0,16,0,0,37,0,37,0,2,51,0,53,102,0,102,155
03/28/2008,PVU,UT,ANM,WE,Federal Contract Tower,0,2,7,0,9,0,1,128,0,129,0,3,135,0,138,274,0,274,412
03/29/2008,PVU,UT,ANM,WE,Federal Contract Tower,0,2,4,0,6,0,4,37,0,41,0,6,41,0,47,44,0,44,91
03/30/2008,PVU,UT,ANM,WE,Federal Contract Tower,0,2,6,0,8,0,1,0,0,1,0,3,6,0,9,0,0,0,9
03/31/2008,PVU,UT,ANM,WE,Federal Contract Tower,0,0,0,0,0,0,3,65,0,68,0,3,65,0,68,195,0,195,263
04/01/2008,PVU,UT,ANM,WE,Federal Contract Tower,0,0,6,0,6,0,2,150,0,152,0,2,156,0,158,380,2,382,540
04/02/2008,PVU,UT,ANM,WE,Federal Contract Tower,0,0,3,0,3,0,3,139,0,142,0,3,142,0,145,460,0,460,605
04/03/2008,PVU,UT,ANM,WE,Federal Contract Tower,0,0,10,0,10,0,0,185,0,185,0,0,195,0,195,272,0,272,467
04/04/2008,PVU,UT,ANM,WE,Federal Contract Tower,0,0,14,0,14,0,2,156,0,158,0,2,170,0,172,268,0,268,440
04/05/2008,PVU,UT,ANM,WE,Federal Contract Tower,0,2,4,0,6,0,0,45,0,45,0,2,49,0,51,58,0,58,109
04/06/2008,PVU,UT,ANM,WE,Federal Contract Tower,0,1,6,0,7,0,0,35,2,37,0,1,41,2,44,62,5,67,111
04/07/2008,PVU,UT,ANM,WE,Federal Contract Tower,0,0,7,0,7,0,2,22,0,24,0,2,29,0,31,80,0,80,111
04/08/2008,PVU,UT,ANM,WE,Federal Contract Tower,0,0,7,0,7,0,1,128,4,133,0,1,135,4,140,330,4,334,474
04/09/2008,PVU,UT,ANM,WE,Federal Contract Tower,0,2,11,0,13,0,5,10,0,15,0,7,21,0,28,126,0,126,154
04/10/2008,PVU,UT,ANM,WE,Federal Contract Tower,0,3,7,0,10,0,0,95,0,95,0,3,102,0,105,262,0,262,367
04/11/2008,PVU,UT,ANM,WE,Federal Contract Tower,0,0,4,0,4,0,0,95,2,97,0,0,99,2,101,230,12,242,343
04/12/2008,PVU,UT,ANM,WE,Federal Contract Tower,0,0,8,0,8,0,5,167,0,172,0,5,175,0,180,274,0,274,454
04/13/2008,PVU,UT,ANM,WE,Federal Contract Tower,0,2,6,0,8,0,5,44,0,49,0,7,50,0,57,44,0,44,101
04/14/2008,PVU,UT,ANM,WE,Federal Contract Tower,0,3,4,0,7,0,0,140,0,140,0,3,144,0,147,350,0,350,497
04/15/2008,PVU,UT,ANM,WE,Federal Contract Tower,0,0,4,0,4,4,2,20,0,26,4,2,24,0,30,0,0,0,30
04/16/2008,PVU,UT,ANM,WE,Federal Contract Tower,0,1,11,0,12,0,1,73,0,74,0,2,84,0,86,156,0,156,242
04/17/2008,PVU,UT,ANM,WE,Federal Contract Tower,0,0,7,0,7,0,3,177,0,180,0,3,184,0,187,433,0,433,620
04/18/2008,PVU,UT,ANM,WE,Federal Contract Tower,0,1,12,0,13,0,7,152,0,159,0,8,164,0,172,390,0,390,562
04/19/2008,PVU,UT,ANM,WE,Federal Contract Tower,0,0,7,0,7,0,2,31,0,33,0,2,38,0,40,78,0,78,118
04/20/2008,PVU,UT,ANM,WE,Federal Contract Tower,0,1,3,0,4,0,3,6,0,9,0,4,9,0,13,0,0,0,13
04/21/2008,PVU,UT,ANM,WE,Federal Contract Tower,0,3,8,0,11,0,7,137,4,148,0,10,145,4,159,380,8,388,547
04/22/2008,PVU,UT,ANM,WE,Federal Contract Tower,0,1,4,0,5,0,4,169,0,173,0,5,173,0,178,452,0,452,630
04/23/2008,PVU,UT,ANM,WE,Federal Contract Tower,0,2,6,0,8,0,0,110,0,110,0,2,116,0,118,296,0,296,414
04/24/2008,PVU,UT,ANM,WE,Federal Contract Tower,0,0,9,0,9,0,3,40,0,43,0,3,49,0,52,88,0,88,140
04/25/2008,PVU,UT,ANM,WE,Federal Contract Tower,0,2,8,1,11,0,3,146,1,150,0,5,154,2,161,340,0,340,501
04/26/2008,PVU,UT,ANM,WE,Federal Contract Tower,0,2,11,0,13,0,6,72,0,78,0,8,83,0,91,140,0,140,231
04/27/2008,PVU,UT,ANM,WE,Federal Contract Tower,0,1,8,0,9,0,2,34,0,36,0,3,42,0,45,48,0,48,93
04/28/2008,PVU,UT,ANM,WE,Federal Contract Tower,0,1,4,0,5,0,0,114,0,114,0,1,118,0,119,265,0,265,384
04/29/2008,PVU,UT,ANM,WE,Federal Contract Tower,0,4,8,0,12,0,2,76,0,78,0,6,84,0,90,216,0,216,306
04/30/2008,PVU,UT,ANM,WE,Federal Contract Tower,0,2,14,0,16,0,3,45,0,48,0,5,59,0,64,126,0,126,190
05/01/2008,PVU,UT,ANM,WE,Federal Contract Tower,0,1,11,0,12,0,0,42,0,42,0,1,53,0,54,101,0,101,155
05/02/2008,PVU,UT,ANM,WE,Federal Contract Tower,0,0,13,0,13,0,3,145,0,148,0,3,158,0,161,308,0,308,469
05/03/2008,PVU,UT,ANM,WE,Federal Contract Tower,0,0,5,0,5,0,5,96,0,101,0,5,101,0,106,160,0,160,266
05/04/2008,PVU,UT,ANM,WE,Federal Contract Tower,0,2,1,1,4,0,2,41,0,43,0,4,42,1,47,14,0,14,61
05/05/2008,PVU,UT,ANM,WE,Federal Contract Tower,0,0,9,0,9,0,0,132,2,134,0,0,141,2,143,366,0,366,509
05/06/2008,PVU,UT,ANM,WE,Federal Contract Tower,1,1,7,1,10,0,2,120,0,122,1,3,127,1,132,444,6,450,582
05/07/2008,PVU,UT,ANM,WE,Federal Contract Tower,1,1,11,0,13,0,0,46,0,46,1,1,57,0,59,82,0,82,141
05/08/2008,PVU,UT,ANM,WE,Federal Contract Tower,0,3,11,0,14,0,5,170,0,175,0,8,181,0,189,390,0,390,579
05/09/2008,PVU,UT,ANM,WE,Federal Contract Tower,0,3,7,2,12,0,0,129,0,129,0,3,136,2,141,266,0,266,407
05/10/2008,PVU,UT,ANM,WE,Federal Contract Tower,0,1,5,0,6,0,5,152,0,157,0,6,157,0,163,224,0,224,387
05/11/2008,PVU,UT,ANM,WE,Federal Contract Tower,0,3,2,0,5,0,3,36,0,39,0,6,38,0,44,12,0,12,56
05/12/2008,PVU,UT,ANM,WE,Federal Contract Tower,0,1,8,0,9,0,1,50,0,51,0,2,58,0,60,139,0,139,199
05/13/2008,PVU,UT,ANM,WE,Federal Contract Tower,0,1,13,0,14,0,4,175,1,180,0,5,188,1,194,428,0,428,622
05/14/2008,PVU,UT,ANM,WE,Federal Contract Tower,0,2,10,1,13,0,0,123,2,125,0,2,133,3,138,372,0,372,510
05/15/2008,PVU,UT,ANM,WE,Federal Contract Tower,0,0,13,0,13,0,2,124,0,126,0,2,137,0,139,318,0,318,457
05/16/2008,PVU,UT,ANM,WE,Federal Contract Tower,0,0,9,0,9,0,0,135,0,135,0,0,144,0,144,351,0,351,495
05/17/2008,PVU,UT,ANM,WE,Federal Contract Tower,0,2,5,0,7,0,6,122,0,128,0,8,127,0,135,358,0,358,493
05/18/2008,PVU,UT,ANM,WE,Federal Contract Tower,1,0,3,0,4,0,0,29,0,29,1,0,32,0,33,38,0,38,71
05/19/2008,PVU,UT,ANM,WE,Federal Contract Tower,0,1,10,1,12,0,2,153,0,155,0,3,163,1,167,364,1,365,532
05/20/2008,PVU,UT,ANM,WE,Federal Contract Tower,0,2,5,0,7,0,2,125,0,127,0,4,130,0,134,319,0,319,453
05/21/2008,PVU,UT,ANM,WE,Federal Contract Tower,0,1,19,0,20,0,2,22,2,26,0,3,41,2,46,18,0,18,64
05/22/2008,PVU,UT,ANM,WE,Federal Contract Tower,0,3,14,0,17,0,0,21,0,21,0,3,35,0,38,39,0,39,77
05/23/2008,PVU,UT,ANM,WE,Federal Contract Tower,0,8,8,0,16,0,3,71,0,74,0,11,79,0,90,229,0,229,319
05/24/2008,PVU,UT,ANM,WE,Federal Contract Tower,0,0,0,0,0,0,2,44,0,46,0,2,44,0,46,135,0,135,181
05/25/2008,PVU,UT,ANM,WE,Federal Contract Tower,0,2,1,0,3,0,5,30,0,35,0,7,31,0,38,18,0,18,56
05/26/2008,PVU,UT,ANM,WE,Federal Contract Tower,0,0,6,0,6,0,3,33,2,38,0,3,39,2,44,62,0,62,106
05/27/2008,PVU,UT,ANM,WE,Federal Contract Tower,0,5,9,0,14,0,5,152,2,159,0,10,161,2,173,374,0,374,547
05/28/2008,PVU,UT,ANM,WE,Federal Contract Tower,0,0,6,0,6,0,9,92,2,103,0,9,98,2,109,172,6,178,287
05/29/2008,PVU,UT,ANM,WE,Federal Contract Tower,0,5,10,0,15,0,5,75,0,80,0,10,85,0,95,132,0,132,227
05/30/2008,PVU,UT,ANM,WE,Federal Contract Tower,0,1,9,0,10,0,6,135,0,141,0,7,144,0,151,253,0,253,404
05/31/2008,PVU,UT,ANM,WE,Federal Contract Tower,0,0,6,0,6,0,0,105,0,105,0,0,111,0,111,237,0,237,348
06/01/2008,PVU,UT,ANM,WE,Federal Contract Tower,0,0,3,0,3,0,2,44,0,46,0,2,47,0,49,52,0,52,101
06/02/2008,PVU,UT,ANM,WE,Federal Contract Tower,0,0,9,0,9,0,0,120,0,120,0,0,129,0,129,230,0,230,359
06/03/2008,PVU,UT,ANM,WE,Federal Contract Tower,0,0,7,0,7,0,0,147,0,147,0,0,154,0,154,338,0,338,492
06/04/2008,PVU,UT,ANM,WE,Federal Contract Tower,0,0,12,0,12,0,4,10,0,14,0,4,22,0,26,26,0,26,52
06/05/2008,PVU,UT,ANM,WE,Federal Contract Tower,0,0,5,0,5,0,3,62,0,65,0,3,67,0,70,136,0,136,206
06/06/2008,PVU,UT,ANM,WE,Federal Contract Tower,0,0,9,0,9,0,2,127,0,129,0,2,136,0,138,393,0,393,531
06/07/2008,PVU,UT,ANM,WE,Federal Contract Tower,0,0,7,0,7,0,0,42,1,43,0,0,49,1,50,112,0,112,162
06/08/2008,PVU,UT,ANM,WE,Federal Contract Tower,0,2,11,0,13,0,2,28,0,30,0,4,39,0,43,4,0,4,47
06/09/2008,PVU,UT,ANM,WE,Federal Contract Tower,0,2,3,0,5,0,0,167,0,167,0,2,170,0,172,356,0,356,528
06/10/2008,PVU,UT,ANM,WE,Federal Contract Tower,0,1,4,0,5,0,5,94,0,99,0,6,98,0,104,162,0,162,266
06/11/2008,PVU,UT,ANM,WE,Federal Contract Tower,0,2,9,0,11,0,5,100,0,105,0,7,109,0,116,241,0,241,357
06/12/2008,PVU,UT,ANM,WE,Federal Contract Tower,0,2,4,0,6,0,10,146,0,156,0,12,150,0,162,282,0,282,444
06/13/2008,PVU,UT,ANM,WE,Federal Contract Tower,0,2,8,0,10,0,7,150,2,159,0,9,158,2,169,324,4,328,497
06/14/2008,PVU,UT,ANM,WE,Federal Contract Tower,0,1,4,0,5,0,4,154,3,161,0,5,158,3,166,250,6,256,422
06/15/2008,PVU,UT,ANM,WE,Federal Contract Tower,0,2,4,0,6,0,5,43,0,48,0,7,47,0,54,56,0,56,110
06/16/2008,PVU,UT,ANM,WE,Federal Contract Tower,0,0,5,0,5,0,0,126,0,126,0,0,131,0,131,213,0,213,344
06/17/2008,PVU,UT,ANM,WE,Federal Contract Tower,0,1,8,0,9,0,1,173,1,175,0,2,181,1,184,254,0,254,438
06/18/2008,PVU,UT,ANM,WE,Federal Contract Tower,0,2,3,0,5,0,1,160,0,161,0,3,163,0,166,278,0,278,444
06/19/2008,PVU,UT,ANM,WE,Federal Contract Tower,0,0,9,0,9,0,3,155,0,158,0,3,164,0,167,310,0,310,477
06/20/2008,PVU,UT,ANM,WE,Federal Contract Tower,0,8,7,0,15,0,2,157,2,161,0,10,164,2,176,316,2,318,494
06/21/2008,PVU,UT,ANM,WE,Federal Contract Tower,0,0,6,0,6,0,7,65,0,72,0,7,71,0,78,139,0,139,217
06/22/2008,PVU,UT,ANM,WE,Federal Contract Tower,0,2,11,0,13,0,9,37,0,46,0,11,48,0,59,24,0,24,83
06/23/2008,PVU,UT,ANM,WE,Federal Contract Tower,0,4,2,0,6,0,3,123,0,126,0,7,125,0,132,342,0,342,474
06/24/2008,PVU,UT,ANM,WE,Federal Contract Tower,0,1,10,0,11,0,4,133,0,137,0,5,143,0,148,253,0,253,401
06/25/2008,PVU,UT,ANM,WE,Federal Contract Tower,0,4,8,1,13,0,4,130,1,135,0,8,138,2,148,429,4,433,581
06/26/2008,PVU,UT,ANM,WE,Federal Contract Tower,0,0,17,0,17,0,0,126,3,129,0,0,143,3,146,290,6,296,442
06/27/2008,PVU,UT,ANM,WE,Federal Contract Tower,0,0,7,0,7,0,2,145,0,147,0,2,152,0,154,283,0,283,437
06/28/2008,PVU,UT,ANM,WE,Federal Contract Tower,0,0,7,0,7,0,7,73,0,80,0,7,80,0,87,112,0,112,199
06/29/2008,PVU,UT,ANM,WE,Federal Contract Tower,0,2,6,0,8,0,11,20,0,31,0,13,26,0,39,20,0,20,59
06/30/2008,PVU,UT,ANM,WE,Federal Contract Tower,0,2,10,1,13,0,2,148,0,150,0,4,158,1,163,307,2,309,472
07/01/2008,PVU,UT,ANM,WE,Federal Contract Tower,0,0,6,0,6,0,5,125,0,130,0,5,131,0,136,228,0,228,364
07/02/2008,PVU,UT,ANM,WE,Federal Contract Tower,0,2,15,0,17,0,9,161,2,172,0,11,176,2,189,246,0,246,435
07/03/2008,PVU,UT,ANM,WE,Federal Contract Tower,0,1,6,0,7,0,3,120,0,123,0,4,126,0,130,163,0,163,293
07/04/2008,PVU,UT,ANM,WE,Federal Contract Tower,0,0,5,0,5,0,6,71,0,77,0,6,76,0,82,72,0,72,154
07/05/2008,PVU,UT,ANM,WE,Federal Contract Tower,0,0,5,0,5,0,2,64,0,66,0,2,69,0,71,38,0,38,109
07/06/2008,PVU,UT,ANM,WE,Federal Contract Tower,2,2,5,0,9,0,9,31,0,40,2,11,36,0,49,0,0,0,49
07/07/2008,PVU,UT,ANM,WE,Federal Contract Tower,0,0,1,0,1,0,0,150,0,150,0,0,151,0,151,266,0,266,417
07/08/2008,PVU,UT,ANM,WE,Federal Contract Tower,0,1,0,0,1,0,4,144,0,148,0,5,144,0,149,338,0,338,487
07/09/2008,PVU,UT,ANM,WE,Federal Contract Tower,0,0,5,0,5,0,0,161,0,161,0,0,166,0,166,340,0,340,506
07/10/2008,PVU,UT,ANM,WE,Federal Contract Tower,0,2,9,0,11,0,0,120,8,128,0,2,129,8,139,163,0,163,302
07/11/2008,PVU,UT,ANM,WE,Federal Contract Tower,0,0,3,0,3,0,2,114,0,116,0,2,117,0,119,262,0,262,381
07/12/2008,PVU,UT,ANM,WE,Federal Contract Tower,0,0,2,0,2,0,1,68,3,72,0,1,70,3,74,86,4,90,164
07/13/2008,PVU,UT,ANM,WE,Federal Contract Tower,0,0,1,0,1,0,0,42,1,43,0,0,43,1,44,26,0,26,70
07/14/2008,PVU,UT,ANM,WE,Federal Contract Tower,0,1,3,0,4,0,2,107,0,109,0,3,110,0,113,209,0,209,322
07/15/2008,PVU,UT,ANM,WE,Federal Contract Tower,0,2,5,0,7,0,0,141,0,141,0,2,146,0,148,344,0,344,492
07/16/2008,PVU,UT,ANM,WE,Federal Contract Tower,0,2,12,0,14,0,0,112,0,112,0,2,124,0,126,198,0,198,324
07/17/2008,PVU,UT,ANM,WE,Federal Contract Tower,0,3,8,0,11,0,6,139,1,146,0,9,147,1,157,250,2,252,409
07/18/2008,PVU,UT,ANM,WE,Federal Contract Tower,0,3,9,0,12,0,1,117,0,118,0,4,126,0,130,220,0,220,350
07/19/2008,PVU,UT,ANM,WE,Federal Contract Tower,0,3,7,4,14,0,0,92,0,92,0,3,99,4,106,104,0,104,210
07/20/2008,PVU,UT,ANM,WE,Federal Contract Tower,0,3,8,0,11,0,7,47,2,56,0,10,55,2,67,38,0,38,105
07/21/2008,PVU,UT,ANM,WE,Federal Contract Tower,0,0,4,0,4,0,2,80,0,82,0,2,84,0,86,257,0,257,343
07/22/2008,PVU,UT,ANM,WE,Federal Contract Tower,0,0,4,0,4,0,8,141,0,149,0,8,145,0,153,336,0,336,489
07/23/2008,PVU,UT,ANM,WE,Federal Contract Tower,0,0,1,0,1,0,5,126,0,131,0,5,127,0,132,278,0,278,410
07/24/2008,PVU,UT,ANM,WE,Federal Contract Tower,0,0,5,0,5,0,0,88,0,88,0,0,93,0,93,105,0,105,198
07/25/2008,PVU,UT,ANM,WE,Federal Contract Tower,2,1,3,0,6,0,3,104,0,107,2,4,107,0,113,266,0,266,379
07/26/2008,PVU,UT,ANM,WE,Federal Contract Tower,0,1,1,0,2,0,1,97,0,98,0,2,98,0,100,118,0,118,218
07/27/2008,PVU,UT,ANM,WE,Federal Contract Tower,0,0,2,0,2,0,0,52,0,52,0,0,54,0,54,28,0,28,82
07/28/2008,PVU,UT,ANM,WE,Federal Contract Tower,0,1,9,0,10,0,1,117,0,118,0,2,126,0,128,289,0,289,417
07/29/2008,PVU,UT,ANM,WE,Federal Contract Tower,0,2,8,0,10,0,0,153,0,153,0,2,161,0,163,318,0,318,481
07/30/2008,PVU,UT,ANM,WE,Federal Contract Tower,0,6,7,0,13,0,1,106,0,107,0,7,113,0,120,280,0,280,400
07/31/2008,PVU,UT,ANM,WE,Federal Contract Tower,0,0,7,0,7,0,0,160,4,164,0,0,167,4,171,328,4,332,503
08/01/2008,PVU,UT,ANM,WE,Federal Contract Tower,0,2,7,0,9,0,4,138,0,142,0,6,145,0,151,247,0,247,398
08/02/2008,PVU,UT,ANM,WE,Federal Contract Tower,1,1,13,0,15,0,15,107,0,122,1,16,120,0,137,136,0,136,273
08/03/2008,PVU,UT,ANM,WE,Federal Contract Tower,1,1,5,0,7,0,2,46,0,48,1,3,51,0,55,38,0,38,93
08/04/2008,PVU,UT,ANM,WE,Federal Contract Tower,0,2,8,0,10,0,0,125,0,125,0,2,133,0,135,376,0,376,511
08/05/2008,PVU,UT,ANM,WE,Federal Contract Tower,0,0,1,0,1,0,2,129,0,131,0,2,130,0,132,290,0,290,422
08/06/2008,PVU,UT,ANM,WE,Federal Contract Tower,0,4,8,1,13,0,0,101,1,102,0,4,109,2,115,217,3,220,335
08/07/2008,PVU,UT,ANM,WE,Federal Contract Tower,0,0,6,0,6,0,7,93,0,100,0,7,99,0,106,182,0,182,288
08/08/2008,PVU,UT,ANM,WE,Federal Contract Tower,0,1,9,0,10,0,2,63,0,65,0,3,72,0,75,118,0,118,193
08/09/2008,PVU,UT,ANM,WE,Federal Contract Tower,2,1,7,0,10,0,7,70,0,77,2,8,77,0,87,92,0,92,179
08/10/2008,PVU,UT,ANM,WE,Federal Contract Tower,0,4,3,0,7,0,0,35,0,35,0,4,38,0,42,20,0,20,62
08/11/2008,PVU,UT,ANM,WE,Federal Contract Tower,0,3,9,0,12,0,0,96,0,96,0,3,105,0,108,206,0,206,314
08/12/2008,PVU,UT,ANM,WE,Federal Contract Tower,0,2,5,0,7,0,2,104,0,106,0,4,109,0,113,202,0,202,315
08/13/2008,PVU,UT,ANM,WE,Federal Contract Tower,0,0,9,0,9,0,3,106,0,109,0,3,115,0,118,281,0,281,399
08/14/2008,PVU,UT,ANM,WE,Federal Contract Tower,0,1,8,0,9,0,0,91,0,91,0,1,99,0,100,120,0,120,220
08/15/2008,PVU,UT,ANM,WE,Federal Contract Tower,0,6,11,0,17,0,2,95,0,97,0,8,106,0,114,158,0,158,272
08/16/2008,PVU,UT,ANM,WE,Federal Contract Tower,0,0,2,0,2,0,0,52,2,54,0,0,54,2,56,89,0,89,145
08/17/2008,PVU,UT,ANM,WE,Federal Contract Tower,0,0,0,0,0,0,0,18,0,18,0,0,18,0,18,22,0,22,40
08/18/2008,PVU,UT,ANM,WE,Federal Contract Tower,0,0,7,0,7,0,2,79,0,81,0,2,86,0,88,125,0,125,213
08/19/2008,PVU,UT,ANM,WE,Federal Contract Tower,0,1,4,0,5,0,3,96,0,99,0,4,100,0,104,142,0,142,246
08/20/2008,PVU,UT,ANM,WE,Federal Contract Tower,0,2,4,0,6,0,0,85,0,85,0,2,89,0,91,122,0,122,213
08/21/2008,PVU,UT,ANM,WE,Federal Contract Tower,0,1,4,0,5,0,4,80,0,84,0,5,84,0,89,206,0,206,295
08/22/2008,PVU,UT,ANM,WE,Federal Contract Tower,0,0,6,0,6,0,0,86,0,86,0,0,92,0,92,143,0,143,235
08/23/2008,PVU,UT,ANM,WE,Federal Contract Tower,0,1,2,0,3,0,0,90,0,90,0,1,92,0,93,74,0,74,167
08/24/2008,PVU,UT,ANM,WE,Federal Contract Tower,0,1,1,0,2,0,3,47,0,50,0,4,48,0,52,18,0,18,70
08/25/2008,PVU,UT,ANM,WE,Federal Contract Tower,0,1,10,0,11,0,2,87,0,89,0,3,97,0,100,283,0,283,383
08/26/2008,PVU,UT,ANM,WE,Federal Contract Tower,0,1,17,0,18,0,3,108,0,111,0,4,125,0,129,230,0,230,359
08/27/2008,PVU,UT,ANM,WE,Federal Contract Tower,0,0,8,0,8,0,4,119,0,123,0,4,127,0,131,326,0,326,457
08/28/2008,PVU,UT,ANM,WE,Federal Contract Tower,0,0,7,0,7,0,2,184,0,186,0,2,191,0,193,431,0,431,624
08/29/2008,PVU,UT,ANM,WE,Federal Contract Tower,0,2,8,0,10,0,0,123,0,123,0,2,131,0,133,292,0,292,425
08/30/2008,PVU,UT,ANM,WE,Federal Contract Tower,0,2,5,0,7,0,1,88,0,89,0,3,93,0,96,154,0,154,250
08/31/2008,PVU,UT,ANM,WE,Federal Contract Tower,0,3,4,0,7,0,1,22,0,23,0,4,26,0,30,4,0,4,34
09/01/2008,PVU,UT,ANM,WE,Federal Contract Tower,2,2,13,0,17,0,4,41,0,45,2,6,54,0,62,8,0,8,70
09/02/2008,PVU,UT,ANM,WE,Federal Contract Tower,0,0,6,0,6,0,0,95,0,95,0,0,101,0,101,292,0,292,393
09/03/2008,PVU,UT,ANM,WE,Federal Contract Tower,0,6,3,0,9,0,0,140,0,140,0,6,143,0,149,391,2,393,542
09/04/2008,PVU,UT,ANM,WE,Federal Contract Tower,2,0,8,0,10,0,0,121,0,121,2,0,129,0,131,348,0,348,479
09/05/2008,PVU,UT,ANM,WE,Federal Contract Tower,2,0,4,2,8,0,0,119,0,119,2,0,123,2,127,353,0,353,480
09/06/2008,PVU,UT,ANM,WE,Federal Contract Tower,3,1,1,0,5,0,2,89,0,91,3,3,90,0,96,132,4,136,232
09/07/2008,PVU,UT,ANM,WE,Federal Contract Tower,0,1,4,0,5,0,0,39,0,39,0,1,43,0,44,46,0,46,90
09/08/2008,PVU,UT,ANM,WE,Federal Contract Tower,0,0,0,0,0,0,0,109,0,109,0,0,109,0,109,334,0,334,443
09/09/2008,PVU,UT,ANM,WE,Federal Contract Tower,0,1,4,0,5,0,0,103,0,103,0,1,107,0,108,353,0,353,461
09/10/2008,PVU,UT,ANM,WE,Federal Contract Tower,0,2,1,0,3,0,4,104,0,108,0,6,105,0,111,315,0,315,426
09/11/2008,PVU,UT,ANM,WE,Federal Contract Tower,1,0,5,0,6,0,0,137,0,137,1,0,142,0,143,324,0,324,467
09/12/2008,PVU,UT,ANM,WE,Federal Contract Tower,1,0,3,0,4,0,1,197,0,198,1,1,200,0,202,366,0,366,568
09/13/2008,PVU,UT,ANM,WE,Federal Contract Tower,0,2,20,0,22,0,3,148,3,154,0,5,168,3,176,188,10,198,374
09/14/2008,PVU,UT,ANM,WE,Federal Contract Tower,0,0,2,0,2,0,2,36,0,38,0,2,38,0,40,40,0,40,80
09/15/2008,PVU,UT,ANM,WE,Federal Contract Tower,0,2,6,0,8,0,4,131,0,135,0,6,137,0,143,332,0,332,475
09/16/2008,PVU,UT,ANM,WE,Federal Contract Tower,0,3,8,0,11,0,0,145,2,147,0,3,153,2,158,366,0,366,524
09/17/2008,PVU,UT,ANM,WE,Federal Contract Tower,0,0,11,0,11,0,0,131,0,131,0,0,142,0,142,304,0,304,446
09/18/2008,PVU,UT,ANM,WE,Federal Contract Tower,0,1,6,0,7,0,0,91,0,91,0,1,97,0,98,214,0,214,312
09/19/2008,PVU,UT,ANM,WE,Federal Contract Tower,2,0,11,0,13,0,1,123,0,124,2,1,134,0,137,288,0,288,425
09/20/2008,PVU,UT,ANM,WE,Federal Contract Tower,2,0,9,0,11,0,0,61,0,61,2,0,70,0,72,74,0,74,146
09/21/2008,PVU,UT,ANM,WE,Federal Contract Tower,0,0,2,0,2,0,1,33,0,34,0,1,35,0,36,28,0,28,64
09/22/2008,PVU,UT,ANM,WE,Federal Contract Tower,0,0,7,0,7,0,0,56,0,56,0,0,63,0,63,132,2,134,197
09/23/2008,PVU,UT,ANM,WE,Federal Contract Tower,0,0,7,0,7,0,0,161,0,161,0,0,168,0,168,367,0,367,535
09/24/2008,PVU,UT,ANM,WE,Federal Contract Tower,0,1,11,0,12,0,0,162,0,162,0,1,173,0,174,375,0,375,549
09/25/2008,PVU,UT,ANM,WE,Federal Contract Tower,0,0,7,0,7,0,0,111,0,111,0,0,118,0,118,306,0,306,424
09/26/2008,PVU,UT,ANM,WE,Federal Contract Tower,0,0,7,0,7,0,0,136,0,136,0,0,143,0,143,305,0,305,448
09/27/2008,PVU,UT,ANM,WE,Federal Contract Tower,0,0,2,0,2,0,6,75,0,81,0,6,77,0,83,158,0,158,241
09/28/2008,PVU,UT,ANM,WE,Federal Contract Tower,0,1,4,0,5,0,7,41,0,48,0,8,45,0,53,72,0,72,125
09/29/2008,PVU,UT,ANM,WE,Federal Contract Tower,0,0,5,0,5,0,0,90,0,90,0,0,95,0,95,325,0,325,420
09/30/2008,PVU,UT,ANM,WE,Federal Contract Tower,0,0,4,0,4,0,13,89,0,102,0,13,93,0,106,338,0,338,444
10/01/2008,PVU,UT,ANM,WE,Federal Contract Tower,0,2,0,0,2,0,2,165,0,167,0,4,165,0,169,308,0,308,477
10/02/2008,PVU,UT,ANM,WE,Federal Contract Tower,0,2,8,0,10,0,2,141,0,143,0,4,149,0,153,355,0,355,508
10/03/2008,PVU,UT,ANM,WE,Federal Contract Tower,0,0,7,0,7,0,0,105,0,105,0,0,112,0,112,238,0,238,350
10/04/2008,PVU,UT,ANM,WE,Federal Contract Tower,0,0,8,0,8,0,0,1,0,1,0,0,9,0,9,2,0,2,11
10/05/2008,PVU,UT,ANM,WE,Federal Contract Tower,0,0,11,0,11,0,0,19,0,19,0,0,30,0,30,0,0,0,30
10/06/2008,PVU,UT,ANM,WE,Federal Contract Tower,0,0,2,0,2,0,0,125,3,128,0,0,127,3,130,260,0,260,390
10/07/2008,PVU,UT,ANM,WE,Federal Contract Tower,0,0,3,0,3,0,0,121,2,123,0,0,124,2,126,335,4,339,465
10/08/2008,PVU,UT,ANM,WE,Federal Contract Tower,0,1,3,0,4,0,8,147,2,157,0,9,150,2,161,261,4,265,426
10/09/2008,PVU,UT,ANM,WE,Federal Contract Tower,0,2,12,0,14,0,2,101,0,103,0,4,113,0,117,226,0,226,343
10/10/2008,PVU,UT,ANM,WE,Federal Contract Tower,2,0,3,0,5,0,0,106,1,107,2,0,109,1,112,242,0,242,354
10/11/2008,PVU,UT,ANM,WE,Federal Contract Tower,0,1,7,0,8,0,1,10,0,11,0,2,17,0,19,61,0,61,80
10/12/2008,PVU,UT,ANM,WE,Federal Contract Tower,0,5,8,0,13,0,2,13,0,15,0,7,21,0,28,0,0,0,28
10/13/2008,PVU,UT,ANM,WE,Federal Contract Tower,0,3,4,0,7,0,1,109,0,110,0,4,113,0,117,422,0,422,539
10/14/2008,PVU,UT,ANM,WE,Federal Contract Tower,0,3,7,0,10,0,0,154,1,155,0,3,161,1,165,350,1,351,516
10/15/2008,PVU,UT,ANM,WE,Federal Contract Tower,2,1,4,0,7,0,0,146,0,146,2,1,150,0,153,424,6,430,583
10/16/2008,PVU,UT,ANM,WE,Federal Contract Tower,0,1,10,0,11,0,2,113,0,115,0,3,123,0,126,304,0,304,430
10/17/2008,PVU,UT,ANM,WE,Federal Contract Tower,0,2,4,0,6,0,1,114,0,115,0,3,118,0,121,292,0,292,413
10/18/2008,PVU,UT,ANM,WE,Federal Contract Tower,0,0,3,2,5,0,1,81,0,82,0,1,84,2,87,188,4,192,279
10/19/2008,PVU,UT,ANM,WE,Federal Contract Tower,0,2,4,0,6,0,0,32,0,32,0,2,36,0,38,38,0,38,76
10/20/2008,PVU,UT,ANM,WE,Federal Contract Tower,0,0,5,1,6,0,1,94,2,97,0,1,99,3,103,282,8,290,393
10/21/2008,PVU,UT,ANM,WE,Federal Contract Tower,0,1,5,0,6,0,0,43,1,44,0,1,48,1,50,86,2,88,138
10/22/2008,PVU,UT,ANM,WE,Federal Contract Tower,0,0,3,2,5,0,0,164,1,165,0,0,167,3,170,422,8,430,600
10/23/2008,PVU,UT,ANM,WE,Federal Contract Tower,2,2,12,3,19,0,0,132,0,132,2,2,144,3,151,282,20,302,453
10/24/2008,PVU,UT,ANM,WE,Federal Contract Tower,0,0,9,0,9,0,0,160,0,160,0,0,169,0,169,427,0,427,596
10/25/2008,PVU,UT,ANM,WE,Federal Contract Tower,0,1,3,0,4,0,0,136,0,136,0,1,139,0,140,194,0,194,334
10/26/2008,PVU,UT,ANM,WE,Federal Contract Tower,0,3,4,0,7,0,1,49,0,50,0,4,53,0,57,32,0,32,89
10/27/2008,PVU,UT,ANM,WE,Federal Contract Tower,0,2,4,0,6,0,2,101,0,103,0,4,105,0,109,356,0,356,465
10/28/2008,PVU,UT,ANM,WE,Federal Contract Tower,0,0,0,0,0,0,0,107,0,107,0,0,107,0,107,320,0,320,427
10/29/2008,PVU,UT,ANM,WE,Federal Contract Tower,0,4,6,2,12,0,1,121,2,124,0,5,127,4,136,294,4,298,434
10/30/2008,PVU,UT,ANM,WE,Federal Contract Tower,0,0,3,0,3,0,0,99,0,99,0,0,102,0,102,248,0,248,350
10/31/2008,PVU,UT,ANM,WE,Federal Contract Tower,2,0,4,0,6,0,0,114,0,114,2,0,118,0,120,214,0,214,334
11/01/2008,PVU,UT,ANM,WE,Federal Contract Tower,0,2,5,0,7,0,0,88,0,88,0,2,93,0,95,170,0,170,265
11/02/2008,PVU,UT,ANM,WE,Federal Contract Tower,0,0,5,0,5,0,0,5,0,5,0,0,10,0,10,0,0,0,10
11/03/2008,PVU,UT,ANM,WE,Federal Contract Tower,0,0,2,0,2,0,1,100,0,101,0,1,102,0,103,181,0,181,284
11/04/2008,PVU,UT,ANM,WE,Federal Contract Tower,0,0,7,0,7,0,1,10,0,11,0,1,17,0,18,28,0,28,46
11/05/2008,PVU,UT,ANM,WE,Federal Contract Tower,0,2,7,0,9,0,1,39,0,40,0,3,46,0,49,128,0,128,177
11/06/2008,PVU,UT,ANM,WE,Federal Contract Tower,0,1,3,0,4,0,1,140,0,141,0,2,143,0,145,352,0,352,497
11/07/2008,PVU,UT,ANM,WE,Federal Contract Tower,2,2,9,0,13,0,0,121,0,121,2,2,130,0,134,278,0,278,412
11/08/2008,PVU,UT,ANM,WE,Federal Contract Tower,2,0,5,0,7,0,0,62,0,62,2,0,67,0,69,133,0,133,202
11/09/2008,PVU,UT,ANM,WE,Federal Contract Tower,0,3,2,0,5,0,1,2,0,3,0,4,4,0,8,12,0,12,20
11/10/2008,PVU,UT,ANM,WE,Federal Contract Tower,0,0,1,1,2,0,0,1,4,5,0,0,2,5,7,20,0,20,27
11/11/2008,PVU,UT,ANM,WE,Federal Contract Tower,0,1,7,0,8,0,0,121,3,124,0,1,128,3,132,384,6,390,522
11/12/2008,PVU,UT,ANM,WE,Federal Contract Tower,0,0,11,1,12,0,0,35,4,39,0,0,46,5,51,94,14,108,159
11/13/2008,PVU,UT,ANM,WE,Federal Contract Tower,0,1,10,0,11,0,0,92,0,92,0,1,102,0,103,230,0,230,333
11/14/2008,PVU,UT,ANM,WE,Federal Contract Tower,2,1,0,0,3,0,0,107,1,108,2,1,107,1,111,226,0,226,337
11/15/2008,PVU,UT,ANM,WE,Federal Contract Tower,1,1,6,0,8,0,0,124,0,124,1,1,130,0,132,265,0,265,397
11/16/2008,PVU,UT,ANM,WE,Federal Contract Tower,0,1,2,0,3,0,0,31,0,31,0,1,33,0,34,54,0,54,88
11/17/2008,PVU,UT,ANM,WE,Federal Contract Tower,0,1,5,0,6,0,0,93,0,93,0,1,98,0,99,339,0,339,438
11/18/2008,PVU,UT,ANM,WE,Federal Contract Tower,0,0,0,0,0,0,1,125,3,129,0,1,125,3,129,305,10,315,444
11/19/2008,PVU,UT,ANM,WE,Federal Contract Tower,0,0,7,0,7,0,0,129,4,133,0,0,136,4,140,285,10,295,435
11/20/2008,PVU,UT,ANM,WE,Federal Contract Tower,0,0,5,0,5,0,0,114,2,116,0,0,119,2,121,321,8,329,450
11/21/2008,PVU,UT,ANM,WE,Federal Contract Tower,0,0,10,0,10,0,0,125,0,125,0,0,135,0,135,316,0,316,451
11/22/2008,PVU,UT,ANM,WE,Federal Contract Tower,0,0,5,0,5,0,0,73,1,74,0,0,78,1,79,222,0,222,301
11/23/2008,PVU,UT,ANM,WE,Federal Contract Tower,0,0,1,0,1,0,0,26,0,26,0,0,27,0,27,20,0,20,47
11/24/2008,PVU,UT,ANM,WE,Federal Contract Tower,0,0,6,0,6,0,0,112,0,112,0,0,118,0,118,298,0,298,416
11/25/2008,PVU,UT,ANM,WE,Federal Contract Tower,0,2,7,0,9,0,0,102,2,104,0,2,109,2,113,253,4,257,370
11/26/2008,PVU,UT,ANM,WE,Federal Contract Tower,0,0,4,0,4,0,0,101,0,101,0,0,105,0,105,263,0,263,368
11/27/2008,PVU,UT,ANM,WE,Federal Contract Tower,0,0,3,0,3,0,0,0,10,10,0,0,3,10,13,2,0,2,15
11/28/2008,PVU,UT,ANM,WE,Federal Contract Tower,0,0,1,0,1,0,0,16,0,16,0,0,17,0,17,44,0,44,61
11/29/2008,PVU,UT,ANM,WE,Federal Contract Tower,0,3,4,0,7,0,0,48,0,48,0,3,52,0,55,142,0,142,197
11/30/2008,PVU,UT,ANM,WE,Federal Contract Tower,0,2,13,0,15,0,6,19,0,25,0,8,32,0,40,2,0,2,42
12/01/2008,PVU,UT,ANM,WE,Federal Contract Tower,0,0,4,0,4,0,0,125,4,129,0,0,129,4,133,268,0,268,401
12/02/2008,PVU,UT,ANM,WE,Federal Contract Tower,0,0,1,0,1,0,0,42,2,44,0,0,43,2,45,130,4,134,179
12/03/2008,PVU,UT,ANM,WE,Federal Contract Tower,0,3,3,0,6,0,6,120,3,129,0,9,123,3,135,316,8,324,459
12/04/2008,PVU,UT,ANM,WE,Federal Contract Tower,0,0,1,0,1,0,0,95,3,98,0,0,96,3,99,225,0,225,324
12/05/2008,PVU,UT,ANM,WE,Federal Contract Tower,0,3,8,0,11,0,10,157,0,167,0,13,165,0,178,388,0,388,566
12/06/2008,PVU,UT,ANM,WE,Federal Contract Tower,0,3,6,0,9,0,0,102,0,102,0,3,108,0,111,244,0,244,355
12/07/2008,PVU,UT,ANM,WE,Federal Contract Tower,0,1,4,0,5,0,0,24,0,24,0,1,28,0,29,64,2,66,95
12/08/2008,PVU,UT,ANM,WE,Federal Contract Tower,0,0,8,0,8,0,0,10,0,10,0,0,18,0,18,14,0,14,32
12/09/2008,PVU,UT,ANM,WE,Federal Contract Tower,0,3,2,0,5,0,2,106,1,109,0,5,108,1,114,270,2,272,386
12/10/2008,PVU,UT,ANM,WE,Federal Contract Tower,0,1,5,0,6,0,0,157,0,157,0,1,162,0,163,306,0,306,469
12/11/2008,PVU,UT,ANM,WE,Federal Contract Tower,0,0,9,0,9,0,0,147,1,148,0,0,156,1,157,367,2,369,526
12/12/2008,PVU,UT,ANM,WE,Federal Contract Tower,0,0,1,0,1,0,0,86,0,86,0,0,87,0,87,268,0,268,355
12/13/2008,PVU,UT,ANM,WE,Federal Contract Tower,0,0,2,0,2,0,1,2,0,3,0,1,4,0,5,12,0,12,17
12/14/2008,PVU,UT,ANM,WE,Federal Contract Tower,0,3,5,0,8,0,1,5,0,6,0,4,10,0,14,2,0,2,16
12/15/2008,PVU,UT,ANM,WE,Federal Contract Tower,0,2,6,0,8,0,0,34,1,35,0,2,40,1,43,100,4,104,147
12/16/2008,PVU,UT,ANM,WE,Federal Contract Tower,0,0,3,0,3,0,0,10,0,10,0,0,13,0,13,54,0,54,67
12/17/2008,PVU,UT,ANM,WE,Federal Contract Tower,0,0,6,0,6,0,0,105,3,108,0,0,111,3,114,268,10,278,392
12/18/2008,PVU,UT,ANM,WE,Federal Contract Tower,0,3,5,0,8,0,1,15,0,16,0,4,20,0,24,40,0,40,64
12/19/2008,PVU,UT,ANM,WE,Federal Contract Tower,1,1,12,0,14,0,0,11,0,11,1,1,23,0,25,22,0,22,47
12/20/2008,PVU,UT,ANM,WE,Federal Contract Tower,1,0,17,0,18,0,1,19,0,20,1,1,36,0,38,54,0,54,92
12/21/2008,PVU,UT,ANM,WE,Federal Contract Tower,2,2,7,0,11,0,0,3,0,3,2,2,10,0,14,0,0,0,14
12/22/2008,PVU,UT,ANM,WE,Federal Contract Tower,0,0,0,0,0,0,2,0,0,2,0,2,0,0,2,0,0,0,2
12/23/2008,PVU,UT,ANM,WE,Federal Contract Tower,0,2,0,0,2,0,7,7,0,14,0,9,7,0,16,35,0,35,51
12/24/2008,PVU,UT,ANM,WE,Federal Contract Tower,0,0,3,0,3,0,0,20,0,20,0,0,23,0,23,68,0,68,91
12/25/2008,PVU,UT,ANM,WE,Federal Contract Tower,0,0,1,0,1,0,0,0,0,0,0,0,1,0,1,0,0,0,1
12/26/2008,PVU,UT,ANM,WE,Federal Contract Tower,0,2,3,0,5,0,0,0,0,0,0,2,3,0,5,4,0,4,9
12/27/2008,PVU,UT,ANM,WE,Federal Contract Tower,0,1,3,0,4,0,3,24,0,27,0,4,27,0,31,44,0,44,75
12/28/2008,PVU,UT,ANM,WE,Federal Contract Tower,0,0,7,0,7,0,0,10,0,10,0,0,17,0,17,16,0,16,33
12/29/2008,PVU,UT,ANM,WE,Federal Contract Tower,0,1,4,0,5,0,3,58,0,61,0,4,62,0,66,120,0,120,186
12/30/2008,PVU,UT,ANM,WE,Federal Contract Tower,0,1,4,0,5,0,0,97,0,97,0,1,101,0,102,184,0,184,286
12/31/2008,PVU,UT,ANM,WE,Federal Contract Tower,0,2,1,0,3,0,1,51,0,52,0,3,52,0,55,137,0,137,192
01/01/2009,PVU,UT,ANM,WE,Federal Contract Tower,1,0,3,0,4,0,0,16,0,16,1,0,19,0,20,14,0,14,34
01/02/2009,PVU,UT,ANM,WE,Federal Contract Tower,0,1,3,0,4,0,2,64,0,66,0,3,67,0,70,180,0,180,250
01/03/2009,PVU,UT,ANM,WE,Federal Contract Tower,0,1,4,0,5,0,2,41,0,43,0,3,45,0,48,50,0,50,98
01/04/2009,PVU,UT,ANM,WE,Federal Contract Tower,0,1,2,0,3,0,4,35,0,39,0,5,37,0,42,44,0,44,86
01/05/2009,PVU,UT,ANM,WE,Federal Contract Tower,0,0,7,0,7,0,3,24,0,27,0,3,31,0,34,90,0,90,124
01/06/2009,PVU,UT,ANM,WE,Federal Contract Tower,0,2,5,0,7,0,0,0,0,0,0,2,5,0,7,0,0,0,7
01/07/2009,PVU,UT,ANM,WE,Federal Contract Tower,0,2,4,0,6,0,0,71,0,71,0,2,75,0,77,194,2,196,273
01/08/2009,PVU,UT,ANM,WE,Federal Contract Tower,0,2,15,0,17,0,1,70,0,71,0,3,85,0,88,176,0,176,264
01/09/2009,PVU,UT,ANM,WE,Federal Contract Tower,0,4,1,0,5,0,0,64,0,64,0,4,65,0,69,116,0,116,185
01/10/2009,PVU,UT,ANM,WE,Federal Contract Tower,0,3,7,0,10,0,1,97,0,98,0,4,104,0,108,183,0,183,291
01/11/2009,PVU,UT,ANM,WE,Federal Contract Tower,0,2,5,0,7,0,0,18,0,18,0,2,23,0,25,21,0,21,46
01/12/2009,PVU,UT,ANM,WE,Federal Contract Tower,0,2,8,0,10,0,1,97,0,98,0,3,105,0,108,166,0,166,274
01/13/2009,PVU,UT,ANM,WE,Federal Contract Tower,0,0,6,0,6,0,0,82,1,83,0,0,88,1,89,159,2,161,250
01/14/2009,PVU,UT,ANM,WE,Federal Contract Tower,0,1,12,0,13,0,0,66,1,67,0,1,78,1,80,196,4,200,280
01/15/2009,PVU,UT,ANM,WE,Federal Contract Tower,0,0,6,0,6,0,0,118,0,118,0,0,124,0,124,206,0,206,330
01/16/2009,PVU,UT,ANM,WE,Federal Contract Tower,0,5,3,0,8,0,1,71,0,72,0,6,74,0,80,134,0,134,214
01/17/2009,PVU,UT,ANM,WE,Federal Contract Tower,0,4,5,0,9,0,0,20,0,20,0,4,25,0,29,44,0,44,73
01/18/2009,PVU,UT,ANM,WE,Federal Contract Tower,0,1,3,0,4,0,0,13,0,13,0,1,16,0,17,15,0,15,32
01/19/2009,PVU,UT,ANM,WE,Federal Contract Tower,0,1,8,0,9,0,0,12,0,12,0,1,20,0,21,121,0,121,142
01/20/2009,PVU,UT,ANM,WE,Federal Contract Tower,0,0,21,0,21,0,0,22,0,22,0,0,43,0,43,86,0,86,129
01/21/2009,PVU,UT,ANM,WE,Federal Contract Tower,0,0,8,0,8,0,0,54,2,56,0,0,62,2,64,119,6,125,189
01/22/2009,PVU,UT,ANM,WE,Federal Contract Tower,0,0,13,2,15,0,0,0,0,0,0,0,13,2,15,0,0,0,15
01/23/2009,PVU,UT,ANM,WE,Federal Contract Tower,0,9,19,1,29,0,2,26,0,28,0,11,45,1,57,80,0,80,137
01/24/2009,PVU,UT,ANM,WE,Federal Contract Tower,0,1,11,2,14,0,0,18,0,18,0,1,29,2,32,69,0,69,101
01/25/2009,PVU,UT,ANM,WE,Federal Contract Tower,0,4,5,0,9,0,0,0,0,0,0,4,5,0,9,0,0,0,9
01/26/2009,PVU,UT,ANM,WE,Federal Contract Tower,0,1,3,2,6,0,1,5,0,6,0,2,8,2,12,8,0,8,20
01/27/2009,PVU,UT,ANM,WE,Federal Contract Tower,0,1,3,0,4,0,1,103,0,104,0,2,106,0,108,383,0,383,491
01/28/2009,PVU,UT,ANM,WE,Federal Contract Tower,0,1,2,0,3,0,0,98,0,98,0,1,100,0,101,296,0,296,397
01/29/2009,PVU,UT,ANM,WE,Federal Contract Tower,0,0,9,0,9,0,0,148,0,148,0,0,157,0,157,426,0,426,583
01/30/2009,PVU,UT,ANM,WE,Federal Contract Tower,0,0,6,0,6,0,0,194,0,194,0,0,200,0,200,398,0,398,598
01/31/2009,PVU,UT,ANM,WE,Federal Contract Tower,0,0,2,0,2,0,4,111,0,115,0,4,113,0,117,278,0,278,395
02/01/2009,PVU,UT,ANM,WE,Federal Contract Tower,0,1,5,0,6,0,0,17,0,17,0,1,22,0,23,34,0,34,57
02/02/2009,PVU,UT,ANM,WE,Federal Contract Tower,0,1,3,0,4,0,1,110,0,111,0,2,113,0,115,224,0,224,339
02/03/2009,PVU,UT,ANM,WE,Federal Contract Tower,0,2,11,0,13,0,4,135,0,139,0,6,146,0,152,314,0,314,466
02/04/2009,PVU,UT,ANM,WE,Federal Contract Tower,0,0,6,0,6,0,0,140,1,141,0,0,146,1,147,328,4,332,479
02/05/2009,PVU,UT,ANM,WE,Federal Contract Tower,0,0,2,0,2,0,0,114,1,115,0,0,116,1,117,330,2,332,449
02/06/2009,PVU,UT,ANM,WE,Federal Contract Tower,0,0,8,0,8,0,0,17,0,17,0,0,25,0,25,94,0,94,119
02/07/2009,PVU,UT,ANM,WE,Federal Contract Tower,0,1,5,0,6,0,1,14,0,15,0,2,19,0,21,93,0,93,114
02/08/2009,PVU,UT,ANM,WE,Federal Contract Tower,0,0,1,0,1,0,2,10,0,12,0,2,11,0,13,0,0,0,13
02/09/2009,PVU,UT,ANM,WE,Federal Contract Tower,0,4,6,0,10,0,0,8,0,8,0,4,14,0,18,55,0,55,73
02/10/2009,PVU,UT,ANM,WE,Federal Contract Tower,0,1,3,0,4,0,2,6,2,10,0,3,9,2,14,12,4,16,30
02/11/2009,PVU,UT,ANM,WE,Federal Contract Tower,0,2,5,0,7,0,0,48,0,48,0,2,53,0,55,190,0,190,245
02/12/2009,PVU,UT,ANM,WE,Federal Contract Tower,0,1,13,0,14,0,1,40,0,41,0,2,53,0,55,137,0,137,192
02/13/2009,PVU,UT,ANM,WE,Federal Contract Tower,0,0,10,1,11,0,1,118,1,120,0,1,128,2,131,304,4,308,439
02/14/2009,PVU,UT,ANM,WE,Federal Contract Tower,0,2,4,0,6,0,0,0,0,0,0,2,4,0,6,2,0,2,8
02/15/2009,PVU,UT,ANM,WE,Federal Contract Tower,0,0,6,0,6,0,2,20,0,22,0,2,26,0,28,66,0,66,94
02/16/2009,PVU,UT,ANM,WE,Federal Contract Tower,0,1,7,0,8,0,1,74,0,75,0,2,81,0,83,192,0,192,275
02/17/2009,PVU,UT,ANM,WE,Federal Contract Tower,0,0,6,0,6,0,1,25,0,26,0,1,31,0,32,106,0,106,138
02/18/2009,PVU,UT,ANM,WE,Federal Contract Tower,0,2,8,0,10,0,2,113,2,117,0,4,121,2,127,357,0,357,484
02/19/2009,PVU,UT,ANM,WE,Federal Contract Tower,0,1,7,0,8,0,0,122,0,122,0,1,129,0,130,302,0,302,432
02/20/2009,PVU,UT,ANM,WE,Federal Contract Tower,0,2,2,2,6,0,0,134,0,134,0,2,136,2,140,376,0,376,516
02/21/2009,PVU,UT,ANM,WE,Federal Contract Tower,0,0,4,1,5,0,2,146,1,149,0,2,150,2,154,342,4,346,500
02/22/2009,PVU,UT,ANM,WE,Federal Contract Tower,0,0,7,0,7,0,18,0,0,18,0,18,7,0,25,32,0,32,57
02/23/2009,PVU,UT,ANM,WE,Federal Contract Tower,0,0,9,0,9,0,0,58,0,58,0,0,67,0,67,228,8,236,303
02/24/2009,PVU,UT,ANM,WE,Federal Contract Tower,0,7,0,0,7,0,0,133,2,135,0,7,133,2,142,338,4,342,484
02/25/2009,PVU,UT,ANM,WE,Federal Contract Tower,0,0,10,0,10,0,0,68,0,68,0,0,78,0,78,215,0,215,293
02/26/2009,PVU,UT,ANM,WE,Federal Contract Tower,0,1,7,1,9,0,0,77,5,82,0,1,84,6,91,217,12,229,320
02/27/2009,PVU,UT,ANM,WE,Federal Contract Tower,0,0,3,0,3,0,0,73,0,73,0,0,76,0,76,251,0,251,327
02/28/2009,PVU,UT,ANM,WE,Federal Contract Tower,0,1,2,0,3,0,0,99,0,99,0,1,101,0,102,174,0,174,276
03/01/2009,PVU,UT,ANM,WE,Federal Contract Tower,0,0,1,0,1,0,0,24,0,24,0,0,25,0,25,86,0,86,111
03/02/2009,PVU,UT,ANM,WE,Federal Contract Tower,0,0,2,0,2,0,0,93,0,93,0,0,95,0,95,236,0,236,331
03/03/2009,PVU,UT,ANM,WE,Federal Contract Tower,0,2,9,0,11,0,0,66,2,68,0,2,75,2,79,167,8,175,254
03/04/2009,PVU,UT,ANM,WE,Federal Contract Tower,0,0,6,0,6,0,1,36,0,37,0,1,42,0,43,56,0,56,99
03/05/2009,PVU,UT,ANM,WE,Federal Contract Tower,0,1,7,0,8,0,1,133,0,134,0,2,140,0,142,318,0,318,460
03/06/2009,PVU,UT,ANM,WE,Federal Contract Tower,0,4,15,0,19,0,0,47,0,47,0,4,62,0,66,86,0,86,152
03/07/2009,PVU,UT,ANM,WE,Federal Contract Tower,0,1,1,0,2,0,2,54,0,56,0,3,55,0,58,157,0,157,215
03/08/2009,PVU,UT,ANM,WE,Federal Contract Tower,0,0,3,0,3,0,0,33,0,33,0,0,36,0,36,0,53,53,89
03/09/2009,PVU,UT,ANM,WE,Federal Contract Tower,0,1,2,0,3,0,0,68,0,68,0,1,70,0,71,254,0,254,325
03/10/2009,PVU,UT,ANM,WE,Federal Contract Tower,0,1,2,0,3,0,5,124,0,129,0,6,126,0,132,270,0,270,402
03/11/2009,PVU,UT,ANM,WE,Federal Contract Tower,0,3,8,0,11,0,6,142,2,150,0,9,150,2,161,287,9,296,457
03/12/2009,PVU,UT,ANM,WE,Federal Contract Tower,0,0,6,0,6,0,0,124,0,124,0,0,130,0,130,366,0,366,496
03/13/2009,PVU,UT,ANM,WE,Federal Contract Tower,0,0,10,0,10,0,2,147,0,149,0,2,157,0,159,380,0,380,539
03/14/2009,PVU,UT,ANM,WE,Federal Contract Tower,0,1,8,0,9,0,0,101,0,101,0,1,109,0,110,178,0,178,288
03/15/2009,PVU,UT,ANM,WE,Federal Contract Tower,0,3,5,0,8,0,0,28,0,28,0,3,33,0,36,28,0,28,64
03/16/2009,PVU,UT,ANM,WE,Federal Contract Tower,0,2,1,0,3,0,2,134,0,136,0,4,135,0,139,331,0,331,470
03/17/2009,PVU,UT,ANM,WE,Federal Contract Tower,2,0,9,0,11,0,3,121,0,124,2,3,130,0,135,328,0,328,463
03/18/2009,PVU,UT,ANM,WE,Federal Contract Tower,0,0,5,0,5,0,0,128,0,128,0,0,133,0,133,319,0,319,452
03/19/2009,PVU,UT,ANM,WE,Federal Contract Tower,0,3,9,0,12,0,0,120,0,120,0,3,129,0,132,360,0,360,492
03/20/2009,PVU,UT,ANM,WE,Federal Contract Tower,0,1,4,0,5,0,1,107,0,108,0,2,111,0,113,321,0,321,434
03/21/2009,PVU,UT,ANM,WE,Federal Contract Tower,0,1,9,0,10,0,0,88,0,88,0,1,97,0,98,202,0,202,300
03/22/2009,PVU,UT,ANM,WE,Federal Contract Tower,0,0,3,1,4,0,0,2,0,2,0,0,5,1,6,10,2,12,18
03/23/2009,PVU,UT,ANM,WE,Federal Contract Tower,0,2,3,0,5,0,0,1,0,1,0,2,4,0,6,64,0,64,70
03/24/2009,PVU,UT,ANM,WE,Federal Contract Tower,0,0,5,0,5,0,0,98,0,98,0,0,103,0,103,192,0,192,295
03/25/2009,PVU,UT,ANM,WE,Federal Contract Tower,0,1,3,0,4,0,1,15,0,16,0,2,18,0,20,28,0,28,48
03/26/2009,PVU,UT,ANM,WE,Federal Contract Tower,0,0,10,0,10,0,0,3,0,3,0,0,13,0,13,0,0,0,13
03/27/2009,PVU,UT,ANM,WE,Federal Contract Tower,0,3,1,0,4,0,3,124,0,127,0,6,125,0,131,377,0,377,508
03/28/2009,PVU,UT,ANM,WE,Federal Contract Tower,0,0,2,0,2,0,0,101,0,101,0,0,103,0,103,260,0,260,363
03/29/2009,PVU,UT,ANM,WE,Federal Contract Tower,0,0,4,0,4,0,1,2,0,3,0,1,6,0,7,0,0,0,7
03/30/2009,PVU,UT,ANM,WE,Federal Contract Tower,0,0,0,2,2,0,1,25,0,26,0,1,25,2,28,50,6,56,84
03/31/2009,PVU,UT,ANM,WE,Federal Contract Tower,0,2,7,0,9,0,5,92,0,97,0,7,99,0,106,318,0,318,424
04/01/2009,PVU,UT,ANM,WE,Federal Contract Tower,0,0,3,0,3,0,1,13,0,14,0,1,16,0,17,121,0,121,138
04/02/2009,PVU,UT,ANM,WE,Federal Contract Tower,0,6,12,0,18,0,3,106,0,109,0,9,118,0,127,280,0,280,407
04/03/2009,PVU,UT,ANM,WE,Federal Contract Tower,0,3,5,0,8,0,0,0,0,0,0,3,5,0,8,0,0,0,8
04/04/2009,PVU,UT,ANM,WE,Federal Contract Tower,0,2,2,0,4,0,1,2,0,3,0,3,4,0,7,4,0,4,11
04/05/2009,PVU,UT,ANM,WE,Federal Contract Tower,0,2,8,0,10,0,1,33,0,34,0,3,41,0,44,87,0,87,131
04/06/2009,PVU,UT,ANM,WE,Federal Contract Tower,0,0,5,2,7,0,0,118,0,118,0,0,123,2,125,328,10,338,463
04/07/2009,PVU,UT,ANM,WE,Federal Contract Tower,0,1,6,0,7,0,2,174,1,177,0,3,180,1,184,450,2,452,636
04/08/2009,PVU,UT,ANM,WE,Federal Contract Tower,0,2,8,0,10,0,0,32,0,32,0,2,40,0,42,112,0,112,154
04/09/2009,PVU,UT,ANM,WE,Federal Contract Tower,0,0,6,0,6,0,0,55,0,55,0,0,61,0,61,192,8,200,261
04/10/2009,PVU,UT,ANM,WE,Federal Contract Tower,0,0,10,2,12,0,11,135,0,146,0,11,145,2,158,300,0,300,458
04/11/2009,PVU,UT,ANM,WE,Federal Contract Tower,0,2,7,0,9,0,0,17,0,17,0,2,24,0,26,92,0,92,118
04/12/2009,PVU,UT,ANM,WE,Federal Contract Tower,0,0,6,0,6,0,2,24,0,26,0,2,30,0,32,56,0,56,88
04/13/2009,PVU,UT,ANM,WE,Federal Contract Tower,0,3,6,0,9,0,1,146,0,147,0,4,152,0,156,350,0,350,506
04/14/2009,PVU,UT,ANM,WE,Federal Contract Tower,0,0,6,0,6,0,12,14,0,26,0,12,20,0,32,46,0,46,78
04/15/2009,PVU,UT,ANM,WE,Federal Contract Tower,0,2,7,0,9,0,0,2,0,2,0,2,9,0,11,7,0,7,18
04/16/2009,PVU,UT,ANM,WE,Federal Contract Tower,0,0,5,0,5,0,0,40,0,40,0,0,45,0,45,236,0,236,281
04/17/2009,PVU,UT,ANM,WE,Federal Contract Tower,0,0,4,0,4,0,1,81,0,82,0,1,85,0,86,236,0,236,322
04/18/2009,PVU,UT,ANM,WE,Federal Contract Tower,2,0,7,0,9,0,1,131,2,134,2,1,138,2,143,356,4,360,503
04/19/2009,PVU,UT,ANM,WE,Federal Contract Tower,0,0,5,0,5,0,2,34,0,36,0,2,39,0,41,91,0,91,132
04/20/2009,PVU,UT,ANM,WE,Federal Contract Tower,0,0,4,0,4,0,2,133,0,135,0,2,137,0,139,271,0,271,410
04/21/2009,PVU,UT,ANM,WE,Federal Contract Tower,0,3,10,1,14,0,3,131,3,137,0,6,141,4,151,249,6,255,406
04/22/2009,PVU,UT,ANM,WE,Federal Contract Tower,0,2,14,1,17,0,1,149,2,152,0,3,163,3,169,267,4,271,440
04/23/2009,PVU,UT,ANM,WE,Federal Contract Tower,0,1,10,0,11,0,0,77,1,78,0,1,87,1,89,168,4,172,261
04/24/2009,PVU,UT,ANM,WE,Federal Contract Tower,0,2,8,4,14,0,0,52,0,52,0,2,60,4,66,125,4,129,195
04/25/2009,PVU,UT,ANM,WE,Federal Contract Tower,0,1,8,1,10,0,0,26,0,26,0,1,34,1,36,44,2,46,82
04/26/2009,PVU,UT,ANM,WE,Federal Contract Tower,0,0,11,0,11,0,2,4,0,6,0,2,15,0,17,2,0,2,19
04/27/2009,PVU,UT,ANM,WE,Federal Contract Tower,0,0,5,0,5,0,0,111,0,111,0,0,116,0,116,261,0,261,377
04/28/2009,PVU,UT,ANM,WE,Federal Contract Tower,0,2,9,0,11,0,1,67,1,69,0,3,76,1,80,150,4,154,234
04/29/2009,PVU,UT,ANM,WE,Federal Contract Tower,0,2,7,1,10,0,0,114,0,114,0,2,121,1,124,201,10,211,335
04/30/2009,PVU,UT,ANM,WE,Federal Contract Tower,0,0,8,0,8,0,0,125,1,126,0,0,133,1,134,289,2,291,425
05/01/2009,PVU,UT,ANM,WE,Federal Contract Tower,0,0,6,0,6,0,0,91,0,91,0,0,97,0,97,196,0,196,293
05/02/2009,PVU,UT,ANM,WE,Federal Contract Tower,0,0,5,0,5,0,2,9,0,11,0,2,14,0,16,38,0,38,54
05/03/2009,PVU,UT,ANM,WE,Federal Contract Tower,0,0,4,0,4,0,2,25,0,27,0,2,29,0,31,22,0,22,53
05/04/2009,PVU,UT,ANM,WE,Federal Contract Tower,0,0,6,0,6,0,0,89,0,89,0,0,95,0,95,174,4,178,273
05/05/2009,PVU,UT,ANM,WE,Federal Contract Tower,0,0,2,0,2,0,0,99,4,103,0,0,101,4,105,288,8,296,401
05/06/2009,PVU,UT,ANM,WE,Federal Contract Tower,0,1,12,0,13,0,0,127,0,127,0,1,139,0,140,276,2,278,418
05/07/2009,PVU,UT,ANM,WE,Federal Contract Tower,0,2,4,0,6,0,0,132,1,133,0,2,136,1,139,277,2,279,418
05/08/2009,PVU,UT,ANM,WE,Federal Contract Tower,0,0,12,0,12,0,2,93,0,95,0,2,105,0,107,218,0,218,325
05/09/2009,PVU,UT,ANM,WE,Federal Contract Tower,0,0,3,0,3,0,0,87,0,87,0,0,90,0,90,146,0,146,236
05/10/2009,PVU,UT,ANM,WE,Federal Contract Tower,0,1,3,0,4,0,0,28,0,28,0,1,31,0,32,16,0,16,48
05/11/2009,PVU,UT,ANM,WE,Federal Contract Tower,0,0,7,0,7,0,0,99,0,99,0,0,106,0,106,201,0,201,307
05/12/2009,PVU,UT,ANM,WE,Federal Contract Tower,0,3,9,0,12,0,2,87,2,91,0,5,96,2,103,196,4,200,303
05/13/2009,PVU,UT,ANM,WE,Federal Contract Tower,0,3,8,1,12,0,0,83,2,85,0,3,91,3,97,228,6,234,331
05/14/2009,PVU,UT,ANM,WE,Federal Contract Tower,0,1,2,0,3,0,0,130,0,130,0,1,132,0,133,278,0,278,411
05/15/2009,PVU,UT,ANM,WE,Federal Contract Tower,0,2,8,0,10,0,0,127,0,127,0,2,135,0,137,248,0,248,385
05/16/2009,PVU,UT,ANM,WE,Federal Contract Tower,0,1,2,0,3,0,4,79,0,83,0,5,81,0,86,136,0,136,222
05/17/2009,PVU,UT,ANM,WE,Federal Contract Tower,0,1,2,0,3,0,0,11,0,11,0,1,13,0,14,2,0,2,16
05/18/2009,PVU,UT,ANM,WE,Federal Contract Tower,0,0,5,0,5,0,2,103,0,105,0,2,108,0,110,222,0,222,332
05/19/2009,PVU,UT,ANM,WE,Federal Contract Tower,0,2,6,0,8,0,1,86,2,89,0,3,92,2,97,176,6,182,279
05/20/2009,PVU,UT,ANM,WE,Federal Contract Tower,0,1,8,0,9,0,0,95,3,98,0,1,103,3,107,219,6,225,332
05/21/2009,PVU,UT,ANM,WE,Federal Contract Tower,0,3,9,0,12,0,2,113,0,115,0,5,122,0,127,284,0,284,411
05/22/2009,PVU,UT,ANM,WE,Federal Contract Tower,0,3,10,0,13,0,2,92,2,96,0,5,102,2,109,242,0,242,351
05/23/2009,PVU,UT,ANM,WE,Federal Contract Tower,0,2,8,0,10,0,1,37,0,38,0,3,45,0,48,132,0,132,180
05/24/2009,PVU,UT,ANM,WE,Federal Contract Tower,0,1,1,0,2,0,2,11,0,13,0,3,12,0,15,2,0,2,17
05/25/2009,PVU,UT,ANM,WE,Federal Contract Tower,0,4,5,0,9,0,0,73,0,73,0,4,78,0,82,82,0,82,164
05/26/2009,PVU,UT,ANM,WE,Federal Contract Tower,0,0,4,0,4,0,0,86,0,86,0,0,90,0,90,229,0,229,319
05/27/2009,PVU,UT,ANM,WE,Federal Contract Tower,0,0,4,0,4,0,0,149,3,152,0,0,153,3,156,300,10,310,466
05/28/2009,PVU,UT,ANM,WE,Federal Contract Tower,0,0,8,0,8,0,0,123,0,123,0,0,131,0,131,260,0,260,391
05/29/2009,PVU,UT,ANM,WE,Federal Contract Tower,0,0,10,0,10,0,0,139,0,139,0,0,149,0,149,270,0,270,419
05/30/2009,PVU,UT,ANM,WE,Federal Contract Tower,0,0,1,0,1,0,0,87,0,87,0,0,88,0,88,118,0,118,206
05/31/2009,PVU,UT,ANM,WE,Federal Contract Tower,0,1,3,0,4,0,3,13,0,16,0,4,16,0,20,28,0,28,48
06/01/2009,PVU,UT,ANM,WE,Federal Contract Tower,0,2,3,0,5,0,2,74,0,76,0,4,77,0,81,184,0,184,265
06/02/2009,PVU,UT,ANM,WE,Federal Contract Tower,0,0,2,0,2,0,2,76,0,78,0,2,78,0,80,159,0,159,239
06/03/2009,PVU,UT,ANM,WE,Federal Contract Tower,0,0,2,0,2,0,0,100,0,100,0,0,102,0,102,274,0,274,376
06/04/2009,PVU,UT,ANM,WE,Federal Contract Tower,0,0,1,0,1,0,0,104,0,104,0,0,105,0,105,231,0,231,336
06/05/2009,PVU,UT,ANM,WE,Federal Contract Tower,0,0,8,0,8,0,0,63,0,63,0,0,71,0,71,89,0,89,160
06/06/2009,PVU,UT,ANM,WE,Federal Contract Tower,0,0,4,0,4,0,4,56,0,60,0,4,60,0,64,78,0,78,142
06/07/2009,PVU,UT,ANM,WE,Federal Contract Tower,0,1,9,0,10,0,16,1,0,17,0,17,10,0,27,8,4,12,39
06/08/2009,PVU,UT,ANM,WE,Federal Contract Tower,0,7,5,0,12,0,0,96,0,96,0,7,101,0,108,171,0,171,279
06/09/2009,PVU,UT,ANM,WE,Federal Contract Tower,0,0,4,0,4,0,2,93,5,100,0,2,97,5,104,219,10,229,333
06/10/2009,PVU,UT,ANM,WE,Federal Contract Tower,0,1,4,0,5,0,4,81,0,85,0,5,85,0,90,176,0,176,266
06/11/2009,PVU,UT,ANM,WE,Federal Contract Tower,0,3,8,0,11,0,4,61,0,65,0,7,69,0,76,138,0,138,214
06/12/2009,PVU,UT,ANM,WE,Federal Contract Tower,0,2,8,0,10,0,3,131,0,134,0,5,139,0,144,332,0,332,476
06/13/2009,PVU,UT,ANM,WE,Federal Contract Tower,0,0,1,0,1,0,2,32,0,34,0,2,33,0,35,64,0,64,99
06/14/2009,PVU,UT,ANM,WE,Federal Contract Tower,0,2,6,0,8,0,7,20,0,27,0,9,26,0,35,33,0,33,68
06/15/2009,PVU,UT,ANM,WE,Federal Contract Tower,0,1,10,1,12,0,3,132,0,135,0,4,142,1,147,320,1,321,468
06/16/2009,PVU,UT,ANM,WE,Federal Contract Tower,0,0,5,0,5,0,0,134,0,134,0,0,139,0,139,296,12,308,447
06/17/2009,PVU,UT,ANM,WE,Federal Contract Tower,0,4,10,0,14,0,3,68,0,71,0,7,78,0,85,193,0,193,278
06/18/2009,PVU,UT,ANM,WE,Federal Contract Tower,0,3,10,0,13,0,1,131,0,132,0,4,141,0,145,255,0,255,400
06/19/2009,PVU,UT,ANM,WE,Federal Contract Tower,0,0,10,2,12,0,2,106,0,108,0,2,116,2,120,270,0,270,390
06/20/2009,PVU,UT,ANM,WE,Federal Contract Tower,0,1,5,0,6,0,0,18,0,18,0,1,23,0,24,56,0,56,80
06/21/2009,PVU,UT,ANM,WE,Federal Contract Tower,0,2,6,0,8,0,2,16,0,18,0,4,22,0,26,32,0,32,58
06/22/2009,PVU,UT,ANM,WE,Federal Contract Tower,0,0,4,0,4,0,4,132,0,136,0,4,136,0,140,285,0,285,425
06/23/2009,PVU,UT,ANM,WE,Federal Contract Tower,0,2,8,1,11,0,7,125,1,133,0,9,133,2,144,277,4,281,425
06/24/2009,PVU,UT,ANM,WE,Federal Contract Tower,0,1,11,0,12,0,5,125,1,131,0,6,136,1,143,333,2,335,478
06/25/2009,PVU,UT,ANM,WE,Federal Contract Tower,0,0,5,0,5,0,1,105,0,106,0,1,110,0,111,216,0,216,327
06/26/2009,PVU,UT,ANM,WE,Federal Contract Tower,0,4,1,0,5,0,2,44,0,46,0,6,45,0,51,74,0,74,125
06/27/2009,PVU,UT,ANM,WE,Federal Contract Tower,0,0,4,0,4,0,2,66,2,70,0,2,70,2,74,112,4,116,190
06/28/2009,PVU,UT,ANM,WE,Federal Contract Tower,0,0,4,0,4,0,0,47,0,47,0,0,51,0,51,80,0,80,131
06/29/2009,PVU,UT,ANM,WE,Federal Contract Tower,0,0,6,0,6,0,0,98,0,98,0,0,104,0,104,170,0,170,274
06/30/2009,PVU,UT,ANM,WE,Federal Contract Tower,0,0,10,0,10,0,0,149,0,149,0,0,159,0,159,275,2,277,436
07/01/2009,PVU,UT,ANM,WE,Federal Contract Tower,0,0,6,0,6,0,3,100,0,103,0,3,106,0,109,217,0,217,326
07/02/2009,PVU,UT,ANM,WE,Federal Contract Tower,0,0,12,0,12,0,0,85,0,85,0,0,97,0,97,220,0,220,317
07/03/2009,PVU,UT,ANM,WE,Federal Contract Tower,0,2,5,0,7,0,2,93,0,95,0,4,98,0,102,150,0,150,252
07/04/2009,PVU,UT,ANM,WE,Federal Contract Tower,0,0,3,0,3,0,1,61,2,64,0,1,64,2,67,13,0,13,80
07/05/2009,PVU,UT,ANM,WE,Federal Contract Tower,0,0,4,0,4,0,0,41,0,41,0,0,45,0,45,115,0,115,160
07/06/2009,PVU,UT,ANM,WE,Federal Contract Tower,0,0,2,0,2,0,0,104,0,104,0,0,106,0,106,223,0,223,329
07/07/2009,PVU,UT,ANM,WE,Federal Contract Tower,0,0,3,1,4,0,0,103,2,105,0,0,106,3,109,192,4,196,305
07/08/2009,PVU,UT,ANM,WE,Federal Contract Tower,0,2,9,0,11,0,12,83,0,95,0,14,92,0,106,216,0,216,322
07/09/2009,PVU,UT,ANM,WE,Federal Contract Tower,0,0,5,0,5,0,0,136,0,136,0,0,141,0,141,236,0,236,377
07/10/2009,PVU,UT,ANM,WE,Federal Contract Tower,0,0,8,0,8,0,4,94,0,98,0,4,102,0,106,178,0,178,284
07/11/2009,PVU,UT,ANM,WE,Federal Contract Tower,0,0,2,0,2,0,1,40,0,41,0,1,42,0,43,46,1,47,90
07/12/2009,PVU,UT,ANM,WE,Federal Contract Tower,0,0,7,0,7,0,0,22,2,24,0,0,29,2,31,38,4,42,73
07/13/2009,PVU,UT,ANM,WE,Federal Contract Tower,0,1,8,0,9,0,0,120,0,120,0,1,128,0,129,218,0,218,347
07/14/2009,PVU,UT,ANM,WE,Federal Contract Tower,0,3,7,0,10,0,2,88,0,90,0,5,95,0,100,201,0,201,301
07/15/2009,PVU,UT,ANM,WE,Federal Contract Tower,0,2,6,0,8,0,3,91,0,94,0,5,97,0,102,202,0,202,304
07/16/2009,PVU,UT,ANM,WE,Federal Contract Tower,0,3,3,0,6,0,0,119,0,119,0,3,122,0,125,248,30,278,403
07/17/2009,PVU,UT,ANM,WE,Federal Contract Tower,0,2,4,0,6,0,2,107,0,109,0,4,111,0,115,216,0,216,331
07/18/2009,PVU,UT,ANM,WE,Federal Contract Tower,0,3,7,0,10,0,0,47,0,47,0,3,54,0,57,114,0,114,171
07/19/2009,PVU,UT,ANM,WE,Federal Contract Tower,0,1,10,0,11,0,3,42,0,45,0,4,52,0,56,132,0,132,188
07/20/2009,PVU,UT,ANM,WE,Federal Contract Tower,0,2,2,0,4,0,3,99,0,102,0,5,101,0,106,210,0,210,316
07/21/2009,PVU,UT,ANM,WE,Federal Contract Tower,0,0,4,0,4,0,0,78,0,78,0,0,82,0,82,222,2,224,306
07/22/2009,PVU,UT,ANM,WE,Federal Contract Tower,0,6,4,0,10,0,5,103,0,108,0,11,107,0,118,256,0,256,374
07/23/2009,PVU,UT,ANM,WE,Federal Contract Tower,0,2,4,0,6,0,0,136,0,136,0,2,140,0,142,256,0,256,398
07/24/2009,PVU,UT,ANM,WE,Federal Contract Tower,0,1,2,0,3,0,3,55,0,58,0,4,57,0,61,83,0,83,144
07/25/2009,PVU,UT,ANM,WE,Federal Contract Tower,0,0,3,0,3,0,4,57,0,61,0,4,60,0,64,108,0,108,172
07/26/2009,PVU,UT,ANM,WE,Federal Contract Tower,0,0,3,0,3,0,2,34,1,37,0,2,37,1,40,80,2,82,122
07/27/2009,PVU,UT,ANM,WE,Federal Contract Tower,0,0,9,0,9,0,0,74,1,75,0,0,83,1,84,162,4,166,250
07/28/2009,PVU,UT,ANM,WE,Federal Contract Tower,0,1,4,0,5,0,0,82,0,82,0,1,86,0,87,253,0,253,340
07/29/2009,PVU,UT,ANM,WE,Federal Contract Tower,0,1,2,0,3,0,0,0,0,0,0,1,2,0,3,217,0,217,220
07/30/2009,PVU,UT,ANM,WE,Federal Contract Tower,0,0,6,0,6,0,0,0,0,0,0,0,6,0,6,264,0,264,270
07/31/2009,PVU,UT,ANM,WE,Federal Contract Tower,0,0,3,0,3,0,0,95,4,99,0,0,98,4,102,174,0,174,276
08/01/2009,PVU,UT,ANM,WE,Federal Contract Tower,1,0,5,0,6,0,0,47,1,48,1,0,52,1,54,64,0,64,118
08/02/2009,PVU,UT,ANM,WE,Federal Contract Tower,1,0,7,0,8,0,0,32,0,32,1,0,39,0,40,82,0,82,122
08/03/2009,PVU,UT,ANM,WE,Federal Contract Tower,0,0,7,0,7,0,0,0,0,0,0,0,7,0,7,251,0,251,258
08/04/2009,PVU,UT,ANM,WE,Federal Contract Tower,0,3,7,0,10,0,4,80,0,84,0,7,87,0,94,185,0,185,279
08/05/2009,PVU,UT,ANM,WE,Federal Contract Tower,0,1,7,0,8,0,1,68,0,69,0,2,75,0,77,160,0,160,237
08/06/2009,PVU,UT,ANM,WE,Federal Contract Tower,0,5,7,0,12,0,4,37,0,41,0,9,44,0,53,52,0,52,105
08/07/2009,PVU,UT,ANM,WE,Federal Contract Tower,0,3,9,0,12,0,0,60,0,60,0,3,69,0,72,102,0,102,174
08/08/2009,PVU,UT,ANM,WE,Federal Contract Tower,2,0,8,0,10,0,0,58,1,59,2,0,66,1,69,136,2,138,207
08/09/2009,PVU,UT,ANM,WE,Federal Contract Tower,0,1,5,0,6,0,1,35,0,36,0,2,40,0,42,66,0,66,108
08/10/2009,PVU,UT,ANM,WE,Federal Contract Tower,0,0,0,0,0,0,1,99,1,101,0,1,99,1,101,232,2,234,335
08/11/2009,PVU,UT,ANM,WE,Federal Contract Tower,0,0,8,0,8,0,2,116,1,119,0,2,124,1,127,242,2,244,371
08/12/2009,PVU,UT,ANM,WE,Federal Contract Tower,0,8,0,0,8,0,0,98,0,98,0,8,98,0,106,234,0,234,340
08/13/2009,PVU,UT,ANM,WE,Federal Contract Tower,0,0,5,0,5,0,0,93,0,93,0,0,98,0,98,155,0,155,253
08/14/2009,PVU,UT,ANM,WE,Federal Contract Tower,0,1,3,0,4,0,0,0,0,0,0,1,3,0,4,87,0,87,91
08/15/2009,PVU,UT,ANM,WE,Federal Contract Tower,0,0,2,0,2,0,0,45,0,45,0,0,47,0,47,60,2,62,109
08/16/2009,PVU,UT,ANM,WE,Federal Contract Tower,0,0,3,0,3,0,2,52,0,54,0,2,55,0,57,56,0,56,113
08/17/2009,PVU,UT,ANM,WE,Federal Contract Tower,0,0,8,0,8,0,0,89,0,89,0,0,97,0,97,156,0,156,253
08/18/2009,PVU,UT,ANM,WE,Federal Contract Tower,0,0,6,0,6,0,2,84,0,86,0,2,90,0,92,177,0,177,269
08/19/2009,PVU,UT,ANM,WE,Federal Contract Tower,0,0,4,0,4,0,0,101,0,101,0,0,105,0,105,163,0,163,268
08/20/2009,PVU,UT,ANM,WE,Federal Contract Tower,0,1,4,0,5,0,0,125,6,131,0,1,129,6,136,236,4,240,376
08/21/2009,PVU,UT,ANM,WE,Federal Contract Tower,0,1,5,0,6,0,1,91,0,92,0,2,96,0,98,174,0,174,272
08/22/2009,PVU,UT,ANM,WE,Federal Contract Tower,0,1,4,0,5,0,2,69,0,71,0,3,73,0,76,78,0,78,154
08/23/2009,PVU,UT,ANM,WE,Federal Contract Tower,0,0,8,0,8,0,5,35,0,40,0,5,43,0,48,82,0,82,130
08/24/2009,PVU,UT,ANM,WE,Federal Contract Tower,0,4,4,0,8,0,3,50,0,53,0,7,54,0,61,101,0,101,162
08/25/2009,PVU,UT,ANM,WE,Federal Contract Tower,0,0,4,0,4,0,0,74,0,74,0,0,78,0,78,168,0,168,246
08/26/2009,PVU,UT,ANM,WE,Federal Contract Tower,0,2,10,0,12,0,0,107,0,107,0,2,117,0,119,184,0,184,303
08/27/2009,PVU,UT,ANM,WE,Federal Contract Tower,0,0,10,1,11,0,0,94,8,102,0,0,104,9,113,228,6,234,347
08/28/2009,PVU,UT,ANM,WE,Federal Contract Tower,0,2,9,0,11,0,0,84,0,84,0,2,93,0,95,152,0,152,247
08/29/2009,PVU,UT,ANM,WE,Federal Contract Tower,0,0,4,0,4,0,1,61,0,62,0,1,65,0,66,60,0,60,126
08/30/2009,PVU,UT,ANM,WE,Federal Contract Tower,0,0,8,0,8,0,0,28,2,30,0,0,36,2,38,80,4,84,122
08/31/2009,PVU,UT,ANM,WE,Federal Contract Tower,0,0,2,0,2,0,2,120,1,123,0,2,122,1,125,276,2,278,403
09/01/2009,PVU,UT,ANM,WE,Federal Contract Tower,0,0,5,0,5,0,2,117,2,121,0,2,122,2,126,270,4,274,400
09/02/2009,PVU,UT,ANM,WE,Federal Contract Tower,1,2,6,0,9,0,0,120,0,120,1,2,126,0,129,256,0,256,385
09/03/2009,PVU,UT,ANM,WE,Federal Contract Tower,2,0,6,0,8,0,0,130,0,130,2,0,136,0,138,296,0,296,434
09/04/2009,PVU,UT,ANM,WE,Federal Contract Tower,1,3,6,1,11,0,2,127,0,129,1,5,133,1,140,202,0,202,342
09/05/2009,PVU,UT,ANM,WE,Federal Contract Tower,0,1,12,1,14,0,3,56,0,59,0,4,68,1,73,90,0,90,163
09/06/2009,PVU,UT,ANM,WE,Federal Contract Tower,2,0,0,0,2,0,2,26,0,28,2,2,26,0,30,60,0,60,90
09/07/2009,PVU,UT,ANM,WE,Federal Contract Tower,0,1,9,0,10,0,0,81,0,81,0,1,90,0,91,154,0,154,245
09/08/2009,PVU,UT,ANM,WE,Federal Contract Tower,0,3,10,0,13,0,5,133,0,138,0,8,143,0,151,269,0,269,420
09/09/2009,PVU,UT,ANM,WE,Federal Contract Tower,0,2,10,0,12,0,3,177,2,182,0,5,187,2,194,295,0,295,489
09/10/2009,PVU,UT,ANM,WE,Federal Contract Tower,0,0,6,0,6,0,0,147,1,148,0,0,153,1,154,271,0,271,425
09/11/2009,PVU,UT,ANM,WE,Federal Contract Tower,2,0,4,0,6,0,1,101,0,102,2,1,105,0,108,205,0,205,313
09/12/2009,PVU,UT,ANM,WE,Federal Contract Tower,0,1,6,0,7,0,5,64,0,69,0,6,70,0,76,98,0,98,174
09/13/2009,PVU,UT,ANM,WE,Federal Contract Tower,1,0,10,0,11,0,0,10,0,10,1,0,20,0,21,4,0,4,25
09/14/2009,PVU,UT,ANM,WE,Federal Contract Tower,0,0,5,2,7,0,0,58,1,59,0,0,63,3,66,61,0,61,127
09/15/2009,PVU,UT,ANM,WE,Federal Contract Tower,0,0,6,0,6,0,0,126,0,126,0,0,132,0,132,264,0,264,396
09/16/2009,PVU,UT,ANM,WE,Federal Contract Tower,0,0,17,0,17,0,0,149,0,149,0,0,166,0,166,304,0,304,470
09/17/2009,PVU,UT,ANM,WE,Federal Contract Tower,0,3,9,0,12,0,4,131,0,135,0,7,140,0,147,256,0,256,403
09/18/2009,PVU,UT,ANM,WE,Federal Contract Tower,0,3,8,0,11,0,0,113,0,113,0,3,121,0,124,236,0,236,360
09/19/2009,PVU,UT,ANM,WE,Federal Contract Tower,0,0,14,0,14,0,1,103,0,104,0,1,117,0,118,165,0,165,283
09/20/2009,PVU,UT,ANM,WE,Federal Contract Tower,0,0,6,0,6,0,0,32,0,32,0,0,38,0,38,76,0,76,114
09/21/2009,PVU,UT,ANM,WE,Federal Contract Tower,0,1,4,0,5,0,0,111,0,111,0,1,115,0,116,279,0,279,395
09/22/2009,PVU,UT,ANM,WE,Federal Contract Tower,0,2,4,0,6,0,0,89,0,89,0,2,93,0,95,249,2,251,346
09/23/2009,PVU,UT,ANM,WE,Federal Contract Tower,0,0,6,0,6,0,0,157,4,161,0,0,163,4,167,430,6,436,603
09/24/2009,PVU,UT,ANM,WE,Federal Contract Tower,0,2,1,0,3,0,0,134,0,134,0,2,135,0,137,297,0,297,434
09/25/2009,PVU,UT,ANM,WE,Federal Contract Tower,0,0,15,0,15,0,0,124,0,124,0,0,139,0,139,266,0,266,405
09/26/2009,PVU,UT,ANM,WE,Federal Contract Tower,1,0,1,0,2,0,0,90,0,90,1,0,91,0,92,128,0,128,220
09/27/2009,PVU,UT,ANM,WE,Federal Contract Tower,0,2,4,0,6,0,5,46,0,51,0,7,50,0,57,80,0,80,137
09/28/2009,PVU,UT,ANM,WE,Federal Contract Tower,0,2,4,2,8,0,0,131,5,136,0,2,135,7,144,344,5,349,493
09/29/2009,PVU,UT,ANM,WE,Federal Contract Tower,0,0,2,0,2,0,5,88,0,93,0,5,90,0,95,233,0,233,328
09/30/2009,PVU,UT,ANM,WE,Federal Contract Tower,0,1,5,0,6,0,0,4,0,4,0,1,9,0,10,5,0,5,15
10/01/2009,PVU,UT,ANM,WE,Federal Contract Tower,0,0,4,0,4,0,0,93,3,96,0,0,97,3,100,265,6,271,371
10/02/2009,PVU,UT,ANM,WE,Federal Contract Tower,0,0,7,2,9,0,0,158,0,158,0,0,165,2,167,423,6,429,596
10/03/2009,PVU,UT,ANM,WE,Federal Contract Tower,0,0,1,0,1,0,0,59,0,59,0,0,60,0,60,86,0,86,146
10/04/2009,PVU,UT,ANM,WE,Federal Contract Tower,0,0,5,0,5,0,0,9,0,9,0,0,14,0,14,18,0,18,32
10/05/2009,PVU,UT,ANM,WE,Federal Contract Tower,0,0,10,0,10,0,2,104,0,106,0,2,114,0,116,331,0,331,447
10/06/2009,PVU,UT,ANM,WE,Federal Contract Tower,0,0,1,0,1,0,0,91,4,95,0,0,92,4,96,266,8,274,370
10/07/2009,PVU,UT,ANM,WE,Federal Contract Tower,0,0,20,1,21,0,0,104,0,104,0,0,124,1,125,395,0,395,520
10/08/2009,PVU,UT,ANM,WE,Federal Contract Tower,0,0,7,0,7,0,0,104,1,105,0,0,111,1,112,246,0,246,358
10/09/2009,PVU,UT,ANM,WE,Federal Contract Tower,1,1,14,0,16,0,0,119,0,119,1,1,133,0,135,294,0,294,429
10/10/2009,PVU,UT,ANM,WE,Federal Contract Tower,0,1,5,0,6,0,0,74,0,74,0,1,79,0,80,114,0,114,194
10/11/2009,PVU,UT,ANM,WE,Federal Contract Tower,1,0,6,0,7,0,0,31,0,31,1,0,37,0,38,84,0,84,122
10/12/2009,PVU,UT,ANM,WE,Federal Contract Tower,0,0,8,0,8,0,0,120,0,120,0,0,128,0,128,301,0,301,429
10/13/2009,PVU,UT,ANM,WE,Federal Contract Tower,0,0,0,4,4,0,0,79,0,79,0,0,79,4,83,292,2,294,377
10/14/2009,PVU,UT,ANM,WE,Federal Contract Tower,0,0,11,1,12,0,2,73,0,75,0,2,84,1,87,209,3,212,299
10/15/2009,PVU,UT,ANM,WE,Federal Contract Tower,0,5,16,0,21,0,4,117,0,121,0,9,133,0,142,293,0,293,435
10/16/2009,PVU,UT,ANM,WE,Federal Contract Tower,2,3,10,0,15,0,0,116,0,116,2,3,126,0,131,230,0,230,361
10/17/2009,PVU,UT,ANM,WE,Federal Contract Tower,0,3,7,0,10,0,2,48,0,50,0,5,55,0,60,78,0,78,138
10/18/2009,PVU,UT,ANM,WE,Federal Contract Tower,1,2,7,0,10,0,3,28,0,31,1,5,35,0,41,54,0,54,95
10/19/2009,PVU,UT,ANM,WE,Federal Contract Tower,0,3,4,0,7,0,0,95,3,98,0,3,99,3,105,260,6,266,371
10/20/2009,PVU,UT,ANM,WE,Federal Contract Tower,0,0,11,0,11,0,0,49,0,49,0,0,60,0,60,205,0,205,265
10/21/2009,PVU,UT,ANM,WE,Federal Contract Tower,0,1,10,1,12,0,0,80,0,80,0,1,90,1,92,220,0,220,312
10/22/2009,PVU,UT,ANM,WE,Federal Contract Tower,0,0,6,2,8,0,0,55,2,57,0,0,61,4,65,112,4,116,181
10/23/2009,PVU,UT,ANM,WE,Federal Contract Tower,0,4,9,0,13,0,0,99,0,99,0,4,108,0,112,357,0,357,469
10/24/2009,PVU,UT,ANM,WE,Federal Contract Tower,0,4,15,0,19,0,0,53,0,53,0,4,68,0,72,75,0,75,147
10/25/2009,PVU,UT,ANM,WE,Federal Contract Tower,0,3,2,0,5,0,1,29,0,30,0,4,31,0,35,64,0,64,99
10/26/2009,PVU,UT,ANM,WE,Federal Contract Tower,0,1,3,0,4,0,1,102,0,103,0,2,105,0,107,220,0,220,327
10/27/2009,PVU,UT,ANM,WE,Federal Contract Tower,0,0,8,0,8,0,3,2,0,5,0,3,10,0,13,6,0,6,19
10/28/2009,PVU,UT,ANM,WE,Federal Contract Tower,0,1,1,0,2,0,2,5,0,7,0,3,6,0,9,41,0,41,50
10/29/2009,PVU,UT,ANM,WE,Federal Contract Tower,0,0,2,0,2,0,0,94,0,94,0,0,96,0,96,254,0,254,350
10/30/2009,PVU,UT,ANM,WE,Federal Contract Tower,0,0,10,0,10,0,0,29,0,29,0,0,39,0,39,103,1,104,143
10/31/2009,PVU,UT,ANM,WE,Federal Contract Tower,0,0,5,0,5,0,0,74,0,74,0,0,79,0,79,176,0,176,255
11/01/2009,PVU,UT,ANM,WE,Federal Contract Tower,0,0,5,0,5,0,2,15,0,17,0,2,20,0,22,64,0,64,86
11/02/2009,PVU,UT,ANM,WE,Federal Contract Tower,0,3,10,0,13,0,1,129,1,131,0,4,139,1,144,298,2,300,444
11/03/2009,PVU,UT,ANM,WE,Federal Contract Tower,0,2,1,0,3,0,0,107,0,107,0,2,108,0,110,241,0,241,351
11/04/2009,PVU,UT,ANM,WE,Federal Contract Tower,0,2,12,1,15,0,0,125,2,127,0,2,137,3,142,306,6,312,454
11/05/2009,PVU,UT,ANM,WE,Federal Contract Tower,0,5,7,0,12,0,5,107,0,112,0,10,114,0,124,448,0,448,572
11/06/2009,PVU,UT,ANM,WE,Federal Contract Tower,2,0,6,0,8,0,0,123,0,123,2,0,129,0,131,334,0,334,465
11/07/2009,PVU,UT,ANM,WE,Federal Contract Tower,2,0,1,0,3,0,0,66,0,66,2,0,67,0,69,92,0,92,161
11/08/2009,PVU,UT,ANM,WE,Federal Contract Tower,0,2,5,0,7,0,1,44,1,46,0,3,49,1,53,100,2,102,155
11/09/2009,PVU,UT,ANM,WE,Federal Contract Tower,0,1,3,0,4,0,0,125,0,125,0,1,128,0,129,349,0,349,478
11/10/2009,PVU,UT,ANM,WE,Federal Contract Tower,0,1,3,0,4,0,3,74,0,77,0,4,77,0,81,248,0,248,329
11/11/2009,PVU,UT,ANM,WE,Federal Contract Tower,0,4,8,0,12,0,2,129,0,131,0,6,137,0,143,353,0,353,496
11/12/2009,PVU,UT,ANM,WE,Federal Contract Tower,0,2,5,0,7,0,2,20,0,22,0,4,25,0,29,25,0,25,54
11/13/2009,PVU,UT,ANM,WE,Federal Contract Tower,2,2,3,0,7,0,1,78,0,79,2,3,81,0,86,194,0,194,280
11/14/2009,PVU,UT,ANM,WE,Federal Contract Tower,2,1,8,0,11,0,2,0,0,2,2,3,8,0,13,0,0,0,13
11/15/2009,PVU,UT,ANM,WE,Federal Contract Tower,0,1,4,0,5,0,1,12,0,13,0,2,16,0,18,32,0,32,50
11/16/2009,PVU,UT,ANM,WE,Federal Contract Tower,0,1,3,0,4,0,0,116,0,116,0,1,119,0,120,338,0,338,458
11/17/2009,PVU,UT,ANM,WE,Federal Contract Tower,0,0,5,1,6,0,0,124,3,127,0,0,129,4,133,328,8,336,469
11/18/2009,PVU,UT,ANM,WE,Federal Contract Tower,0,3,11,0,14,0,0,126,2,128,0,3,137,2,142,326,4,330,472
11/19/2009,PVU,UT,ANM,WE,Federal Contract Tower,0,1,14,0,15,0,2,86,0,88,0,3,100,0,103,167,0,167,270
11/20/2009,PVU,UT,ANM,WE,Federal Contract Tower,1,2,7,0,10,0,0,108,2,110,1,2,115,2,120,213,0,213,333
11/21/2009,PVU,UT,ANM,WE,Federal Contract Tower,1,1,14,0,16,0,1,34,0,35,1,2,48,0,51,30,0,30,81
11/22/2009,PVU,UT,ANM,WE,Federal Contract Tower,0,0,5,0,5,0,0,29,0,29,0,0,34,0,34,66,0,66,100
11/23/2009,PVU,UT,ANM,WE,Federal Contract Tower,0,0,10,0,10,0,2,136,0,138,0,2,146,0,148,248,0,248,396
11/24/2009,PVU,UT,ANM,WE,Federal Contract Tower,0,0,9,0,9,0,2,60,0,62,0,2,69,0,71,150,0,150,221
11/25/2009,PVU,UT,ANM,WE,Federal Contract Tower,0,3,3,0,6,0,3,85,0,88,0,6,88,0,94,169,0,169,263
11/26/2009,PVU,UT,ANM,WE,Federal Contract Tower,0,0,0,0,0,0,0,13,0,13,0,0,13,0,13,24,0,24,37
11/27/2009,PVU,UT,ANM,WE,Federal Contract Tower,0,2,8,0,10,0,0,51,0,51,0,2,59,0,61,39,0,39,100
11/28/2009,PVU,UT,ANM,WE,Federal Contract Tower,0,2,8,0,10,0,0,22,2,24,0,2,30,2,34,18,0,18,52
11/29/2009,PVU,UT,ANM,WE,Federal Contract Tower,0,0,7,0,7,0,0,32,0,32,0,0,39,0,39,88,0,88,127
11/30/2009,PVU,UT,ANM,WE,Federal Contract Tower,0,1,9,0,10,0,0,99,0,99,0,1,108,0,109,282,0,282,391
12/01/2009,PVU,UT,ANM,WE,Federal Contract Tower,0,0,7,0,7,0,0,77,0,77,0,0,84,0,84,190,0,190,274
12/02/2009,PVU,UT,ANM,WE,Federal Contract Tower,0,0,7,0,7,0,0,90,0,90,0,0,97,0,97,283,0,283,380
12/03/2009,PVU,UT,ANM,WE,Federal Contract Tower,0,1,6,0,7,0,1,94,0,95,0,2,100,0,102,217,0,217,319
12/04/2009,PVU,UT,ANM,WE,Federal Contract Tower,0,0,5,0,5,0,0,77,0,77,0,0,82,0,82,222,0,222,304
12/05/2009,PVU,UT,ANM,WE,Federal Contract Tower,0,0,4,1,5,0,0,23,2,25,0,0,27,3,30,76,0,76,106
12/06/2009,PVU,UT,ANM,WE,Federal Contract Tower,0,0,1,0,1,0,0,8,0,8,0,0,9,0,9,16,0,16,25
12/07/2009,PVU,UT,ANM,WE,Federal Contract Tower,0,0,6,0,6,0,1,0,0,1,0,1,6,0,7,2,0,2,9
12/08/2009,PVU,UT,ANM,WE,Federal Contract Tower,0,0,10,0,10,0,1,4,0,5,0,1,14,0,15,22,0,22,37
12/09/2009,PVU,UT,ANM,WE,Federal Contract Tower,0,1,4,0,5,0,5,91,0,96,0,6,95,0,101,280,0,280,381
12/10/2009,PVU,UT,ANM,WE,Federal Contract Tower,0,2,8,0,10,0,5,87,5,97,0,7,95,5,107,203,5,208,315
12/11/2009,PVU,UT,ANM,WE,Federal Contract Tower,0,5,5,0,10,0,1,70,0,71,0,6,75,0,81,157,0,157,238
12/12/2009,PVU,UT,ANM,WE,Federal Contract Tower,0,0,9,0,9,0,0,1,0,1,0,0,10,0,10,0,0,0,10
12/13/2009,PVU,UT,ANM,WE,Federal Contract Tower,0,0,0,0,0,0,0,0,0,0,0,0,0,0,0,0,0,0,0
12/14/2009,PVU,UT,ANM,WE,Federal Contract Tower,0,0,2,0,2,0,0,80,0,80,0,0,82,0,82,168,0,168,250
12/15/2009,PVU,UT,ANM,WE,Federal Contract Tower,0,2,18,0,20,0,1,79,0,80,0,3,97,0,100,179,1,180,280
12/16/2009,PVU,UT,ANM,WE,Federal Contract Tower,0,2,10,0,12,0,0,55,0,55,0,2,65,0,67,139,0,139,206
12/17/2009,PVU,UT,ANM,WE,Federal Contract Tower,0,1,6,0,7,0,0,50,0,50,0,1,56,0,57,107,0,107,164
12/18/2009,PVU,UT,ANM,WE,Federal Contract Tower,2,1,8,0,11,0,0,78,0,78,2,1,86,0,89,127,0,127,216
12/19/2009,PVU,UT,ANM,WE,Federal Contract Tower,0,2,8,0,10,0,0,36,0,36,0,2,44,0,46,72,0,72,118
12/20/2009,PVU,UT,ANM,WE,Federal Contract Tower,0,8,4,0,12,0,10,15,0,25,0,18,19,0,37,40,0,40,77
12/21/2009,PVU,UT,ANM,WE,Federal Contract Tower,0,2,6,0,8,0,1,69,0,70,0,3,75,0,78,195,0,195,273
12/22/2009,PVU,UT,ANM,WE,Federal Contract Tower,0,3,5,0,8,0,2,1,0,3,0,5,6,0,11,6,0,6,17
12/23/2009,PVU,UT,ANM,WE,Federal Contract Tower,7,13,0,0,20,0,9,6,0,15,7,22,6,0,35,0,0,0,35
12/24/2009,PVU,UT,ANM,WE,Federal Contract Tower,0,1,3,0,4,0,1,15,0,16,0,2,18,0,20,28,0,28,48
12/25/2009,PVU,UT,ANM,WE,Federal Contract Tower,0,1,1,0,2,0,0,4,0,4,0,1,5,0,6,0,0,0,6
12/26/2009,PVU,UT,ANM,WE,Federal Contract Tower,0,0,6,0,6,0,2,37,0,39,0,2,43,0,45,56,0,56,101
12/27/2009,PVU,UT,ANM,WE,Federal Contract Tower,0,1,1,0,2,0,1,10,0,11,0,2,11,0,13,23,0,23,36
12/28/2009,PVU,UT,ANM,WE,Federal Contract Tower,0,0,7,0,7,0,0,34,0,34,0,0,41,0,41,54,0,54,95
12/29/2009,PVU,UT,ANM,WE,Federal Contract Tower,0,1,6,0,7,0,0,0,0,0,0,1,6,0,7,0,0,0,7
12/30/2009,PVU,UT,ANM,WE,Federal Contract Tower,0,0,5,0,5,0,0,5,0,5,0,0,10,0,10,0,0,0,10
12/31/2009,PVU,UT,ANM,WE,Federal Contract Tower,0,4,5,0,9,0,3,44,0,47,0,7,49,0,56,86,0,86,142
01/01/2010,PVU,UT,ANM,WE,Federal Contract Tower,0,0,0,0,0,0,0,6,0,6,0,0,6,0,6,4,0,4,10
01/02/2010,PVU,UT,ANM,WE,Federal Contract Tower,0,0,11,0,11,0,0,18,0,18,0,0,29,0,29,69,0,69,98
01/03/2010,PVU,UT,ANM,WE,Federal Contract Tower,0,1,2,0,3,0,0,23,0,23,0,1,25,0,26,54,0,54,80
01/04/2010,PVU,UT,ANM,WE,Federal Contract Tower,0,1,10,0,11,0,1,36,0,37,0,2,46,0,48,106,0,106,154
01/05/2010,PVU,UT,ANM,WE,Federal Contract Tower,0,0,6,0,6,0,2,59,3,64,0,2,65,3,70,146,6,152,222
01/06/2010,PVU,UT,ANM,WE,Federal Contract Tower,0,2,7,0,9,0,9,41,0,50,0,11,48,0,59,92,0,92,151
01/07/2010,PVU,UT,ANM,WE,Federal Contract Tower,0,0,5,0,5,0,0,106,0,106,0,0,111,0,111,202,0,202,313
01/08/2010,PVU,UT,ANM,WE,Federal Contract Tower,0,0,10,0,10,0,0,125,0,125,0,0,135,0,135,158,0,158,293
01/09/2010,PVU,UT,ANM,WE,Federal Contract Tower,0,0,4,0,4,0,0,89,0,89,0,0,93,0,93,112,0,112,205
01/10/2010,PVU,UT,ANM,WE,Federal Contract Tower,0,0,4,0,4,0,0,16,0,16,0,0,20,0,20,40,0,40,60
01/11/2010,PVU,UT,ANM,WE,Federal Contract Tower,0,0,6,0,6,0,0,7,0,7,0,0,13,0,13,60,0,60,73
01/12/2010,PVU,UT,ANM,WE,Federal Contract Tower,0,1,6,0,7,0,1,66,0,67,0,2,72,0,74,171,0,171,245
01/13/2010,PVU,UT,ANM,WE,Federal Contract Tower,0,0,12,0,12,0,6,83,0,89,0,6,95,0,101,236,0,236,337
01/14/2010,PVU,UT,ANM,WE,Federal Contract Tower,0,12,17,0,29,0,0,12,0,12,0,12,29,0,41,26,0,26,67
01/15/2010,PVU,UT,ANM,WE,Federal Contract Tower,0,7,9,0,16,0,3,10,0,13,0,10,19,0,29,20,0,20,49
01/16/2010,PVU,UT,ANM,WE,Federal Contract Tower,0,1,10,0,11,0,9,63,0,72,0,10,73,0,83,132,0,132,215
01/17/2010,PVU,UT,ANM,WE,Federal Contract Tower,0,1,3,0,4,0,0,9,0,9,0,1,12,0,13,18,0,18,31
01/18/2010,PVU,UT,ANM,WE,Federal Contract Tower,0,3,8,0,11,0,1,9,0,10,0,4,17,0,21,8,0,8,29
01/19/2010,PVU,UT,ANM,WE,Federal Contract Tower,0,0,6,0,6,0,0,82,2,84,0,0,88,2,90,185,0,185,275
01/20/2010,PVU,UT,ANM,WE,Federal Contract Tower,0,4,1,0,5,0,0,26,0,26,0,4,27,0,31,90,0,90,121
01/21/2010,PVU,UT,ANM,WE,Federal Contract Tower,0,1,7,0,8,0,1,69,1,71,0,2,76,1,79,106,0,106,185
01/22/2010,PVU,UT,ANM,WE,Federal Contract Tower,0,0,9,0,9,0,0,35,0,35,0,0,44,0,44,98,0,98,142
01/23/2010,PVU,UT,ANM,WE,Federal Contract Tower,0,1,5,0,6,0,0,22,0,22,0,1,27,0,28,46,0,46,74
01/24/2010,PVU,UT,ANM,WE,Federal Contract Tower,0,1,5,0,6,0,3,19,0,22,0,4,24,0,28,62,0,62,90
01/25/2010,PVU,UT,ANM,WE,Federal Contract Tower,0,2,2,0,4,0,0,146,0,146,0,2,148,0,150,250,0,250,400
01/26/2010,PVU,UT,ANM,WE,Federal Contract Tower,0,2,8,0,10,0,1,58,0,59,0,3,66,0,69,138,0,138,207
01/27/2010,PVU,UT,ANM,WE,Federal Contract Tower,0,0,5,1,6,0,0,24,1,25,0,0,29,2,31,101,0,101,132
01/28/2010,PVU,UT,ANM,WE,Federal Contract Tower,0,0,9,0,9,0,0,82,0,82,0,0,91,0,91,130,0,130,221
01/29/2010,PVU,UT,ANM,WE,Federal Contract Tower,0,0,14,0,14,0,0,81,0,81,0,0,95,0,95,254,0,254,349
01/30/2010,PVU,UT,ANM,WE,Federal Contract Tower,0,0,7,0,7,0,0,64,0,64,0,0,71,0,71,124,0,124,195
01/31/2010,PVU,UT,ANM,WE,Federal Contract Tower,0,0,4,0,4,0,0,9,0,9,0,0,13,0,13,18,0,18,31
02/01/2010,PVU,UT,ANM,WE,Federal Contract Tower,0,3,10,0,13,2,0,138,0,140,2,3,148,0,153,320,0,320,473
02/02/2010,PVU,UT,ANM,WE,Federal Contract Tower,0,2,7,0,9,0,0,115,0,115,0,2,122,0,124,269,0,269,393
02/03/2010,PVU,UT,ANM,WE,Federal Contract Tower,0,1,9,0,10,0,0,74,0,74,0,1,83,0,84,248,0,248,332
02/04/2010,PVU,UT,ANM,WE,Federal Contract Tower,0,0,10,0,10,0,0,104,0,104,0,0,114,0,114,307,0,307,421
02/05/2010,PVU,UT,ANM,WE,Federal Contract Tower,0,6,10,1,17,0,3,48,0,51,0,9,58,1,68,122,1,123,191
02/06/2010,PVU,UT,ANM,WE,Federal Contract Tower,0,2,5,0,7,0,2,28,0,30,0,4,33,0,37,68,0,68,105
02/07/2010,PVU,UT,ANM,WE,Federal Contract Tower,0,0,4,0,4,0,0,15,0,15,0,0,19,0,19,36,0,36,55
02/08/2010,PVU,UT,ANM,WE,Federal Contract Tower,0,0,5,0,5,0,1,95,0,96,0,1,100,0,101,300,0,300,401
02/09/2010,PVU,UT,ANM,WE,Federal Contract Tower,0,0,7,0,7,0,0,101,1,102,0,0,108,1,109,273,2,275,384
02/10/2010,PVU,UT,ANM,WE,Federal Contract Tower,0,4,9,0,13,0,9,90,2,101,0,13,99,2,114,242,2,244,358
02/11/2010,PVU,UT,ANM,WE,Federal Contract Tower,0,2,8,0,10,0,0,43,0,43,0,2,51,0,53,146,0,146,199
02/12/2010,PVU,UT,ANM,WE,Federal Contract Tower,0,0,5,0,5,0,0,72,0,72,0,0,77,0,77,149,0,149,226
02/13/2010,PVU,UT,ANM,WE,Federal Contract Tower,0,0,4,0,4,0,0,26,0,26,0,0,30,0,30,34,0,34,64
02/14/2010,PVU,UT,ANM,WE,Federal Contract Tower,0,0,5,0,5,0,0,22,0,22,0,0,27,0,27,44,0,44,71
02/15/2010,PVU,UT,ANM,WE,Federal Contract Tower,0,0,5,0,5,0,2,16,0,18,0,2,21,0,23,40,0,40,63
02/16/2010,PVU,UT,ANM,WE,Federal Contract Tower,0,4,10,0,14,0,1,60,0,61,0,5,70,0,75,185,0,185,260
02/17/2010,PVU,UT,ANM,WE,Federal Contract Tower,0,2,7,0,9,0,0,48,0,48,0,2,55,0,57,217,0,217,274
02/18/2010,PVU,UT,ANM,WE,Federal Contract Tower,0,2,8,0,10,0,0,12,0,12,0,2,20,0,22,42,1,43,65
02/19/2010,PVU,UT,ANM,WE,Federal Contract Tower,0,3,13,0,16,0,0,0,0,0,0,3,13,0,16,0,0,0,16
02/20/2010,PVU,UT,ANM,WE,Federal Contract Tower,0,2,3,0,5,0,0,14,0,14,0,2,17,0,19,43,0,43,62
02/21/2010,PVU,UT,ANM,WE,Federal Contract Tower,0,0,10,0,10,0,0,0,0,0,0,0,10,0,10,0,0,0,10
02/22/2010,PVU,UT,ANM,WE,Federal Contract Tower,0,1,9,0,10,0,1,135,0,136,0,2,144,0,146,340,0,340,486
02/23/2010,PVU,UT,ANM,WE,Federal Contract Tower,0,0,10,0,10,0,0,107,0,107,0,0,117,0,117,310,0,310,427
02/24/2010,PVU,UT,ANM,WE,Federal Contract Tower,0,2,9,0,11,0,2,21,0,23,0,4,30,0,34,46,0,46,80
02/25/2010,PVU,UT,ANM,WE,Federal Contract Tower,0,6,12,0,18,0,1,43,2,46,0,7,55,2,64,154,4,158,222
02/26/2010,PVU,UT,ANM,WE,Federal Contract Tower,0,4,8,0,12,0,0,106,0,106,0,4,114,0,118,304,0,304,422
02/27/2010,PVU,UT,ANM,WE,Federal Contract Tower,0,2,4,0,6,0,1,25,0,26,0,3,29,0,32,119,0,119,151
02/28/2010,PVU,UT,ANM,WE,Federal Contract Tower,0,0,3,0,3,0,0,23,0,23,0,0,26,0,26,66,0,66,92
03/01/2010,PVU,UT,ANM,WE,Federal Contract Tower,0,0,7,0,7,0,0,122,0,122,0,0,129,0,129,356,0,356,485
03/02/2010,PVU,UT,ANM,WE,Federal Contract Tower,0,2,2,0,4,0,2,90,0,92,0,4,92,0,96,219,0,219,315
03/03/2010,PVU,UT,ANM,WE,Federal Contract Tower,0,0,13,0,13,0,0,98,0,98,0,0,111,0,111,287,0,287,398
03/04/2010,PVU,UT,ANM,WE,Federal Contract Tower,0,5,8,0,13,0,2,34,1,37,0,7,42,1,50,64,2,66,116
03/05/2010,PVU,UT,ANM,WE,Federal Contract Tower,0,1,7,0,8,0,2,32,0,34,0,3,39,0,42,54,0,54,96
03/06/2010,PVU,UT,ANM,WE,Federal Contract Tower,0,3,1,0,4,0,2,71,0,73,0,5,72,0,77,120,0,120,197
03/07/2010,PVU,UT,ANM,WE,Federal Contract Tower,0,4,9,0,13,0,0,17,0,17,0,4,26,0,30,40,0,40,70
03/08/2010,PVU,UT,ANM,WE,Federal Contract Tower,0,0,12,0,12,0,0,98,0,98,0,0,110,0,110,306,0,306,416
03/09/2010,PVU,UT,ANM,WE,Federal Contract Tower,0,0,6,0,6,0,0,62,0,62,0,0,68,0,68,162,0,162,230
03/10/2010,PVU,UT,ANM,WE,Federal Contract Tower,0,0,4,2,6,0,2,75,0,77,0,2,79,2,83,209,0,209,292
03/11/2010,PVU,UT,ANM,WE,Federal Contract Tower,0,2,11,2,15,0,0,117,0,117,0,2,128,2,132,349,0,349,481
03/12/2010,PVU,UT,ANM,WE,Federal Contract Tower,0,0,8,0,8,0,0,104,2,106,0,0,112,2,114,191,4,195,309
03/13/2010,PVU,UT,ANM,WE,Federal Contract Tower,0,0,6,0,6,0,0,6,0,6,0,0,12,0,12,76,0,76,88
03/14/2010,PVU,UT,ANM,WE,Federal Contract Tower,0,1,1,0,2,0,0,8,0,8,0,1,9,0,10,34,0,34,44
03/15/2010,PVU,UT,ANM,WE,Federal Contract Tower,0,0,6,0,6,0,0,108,0,108,0,0,114,0,114,290,0,290,404
03/16/2010,PVU,UT,ANM,WE,Federal Contract Tower,2,1,5,0,8,0,2,105,0,107,2,3,110,0,115,324,0,324,439
03/17/2010,PVU,UT,ANM,WE,Federal Contract Tower,0,5,10,0,15,0,4,104,0,108,0,9,114,0,123,247,0,247,370
03/18/2010,PVU,UT,ANM,WE,Federal Contract Tower,0,3,10,0,13,0,0,104,2,106,0,3,114,2,119,218,4,222,341
03/19/2010,PVU,UT,ANM,WE,Federal Contract Tower,0,0,15,0,15,0,0,24,0,24,0,0,39,0,39,39,0,39,78
03/20/2010,PVU,UT,ANM,WE,Federal Contract Tower,0,1,8,0,9,0,2,59,0,61,0,3,67,0,70,82,0,82,152
03/21/2010,PVU,UT,ANM,WE,Federal Contract Tower,0,0,5,0,5,0,2,30,0,32,0,2,35,0,37,88,0,88,125
03/22/2010,PVU,UT,ANM,WE,Federal Contract Tower,0,0,3,4,7,0,0,100,0,100,0,0,103,4,107,182,8,190,297
03/23/2010,PVU,UT,ANM,WE,Federal Contract Tower,0,1,10,1,12,0,0,35,0,35,0,1,45,1,47,130,2,132,179
03/24/2010,PVU,UT,ANM,WE,Federal Contract Tower,0,1,3,0,4,0,1,86,0,87,0,2,89,0,91,256,2,258,349
03/25/2010,PVU,UT,ANM,WE,Federal Contract Tower,0,1,10,0,11,0,0,94,0,94,0,1,104,0,105,192,0,192,297
03/26/2010,PVU,UT,ANM,WE,Federal Contract Tower,0,0,6,0,6,0,0,4,0,4,0,0,10,0,10,0,0,0,10
03/27/2010,PVU,UT,ANM,WE,Federal Contract Tower,0,2,10,0,12,0,2,68,0,70,0,4,78,0,82,174,0,174,256
03/28/2010,PVU,UT,ANM,WE,Federal Contract Tower,0,0,4,0,4,0,0,26,0,26,0,0,30,0,30,73,0,73,103
03/29/2010,PVU,UT,ANM,WE,Federal Contract Tower,0,2,5,1,8,0,0,122,1,123,0,2,127,2,131,372,2,374,505
03/30/2010,PVU,UT,ANM,WE,Federal Contract Tower,0,0,3,0,3,0,0,19,0,19,0,0,22,0,22,106,0,106,128
03/31/2010,PVU,UT,ANM,WE,Federal Contract Tower,0,0,13,0,13,0,0,0,0,0,0,0,13,0,13,0,0,0,13
04/01/2010,PVU,UT,ANM,WE,Federal Contract Tower,0,1,6,0,7,0,0,4,0,4,0,1,10,0,11,0,0,0,11
04/02/2010,PVU,UT,ANM,WE,Federal Contract Tower,0,2,6,2,10,0,0,76,0,76,0,2,82,2,86,238,0,238,324
04/03/2010,PVU,UT,ANM,WE,Federal Contract Tower,0,0,4,0,4,0,0,33,0,33,0,0,37,0,37,23,0,23,60
04/04/2010,PVU,UT,ANM,WE,Federal Contract Tower,0,0,6,0,6,0,2,4,0,6,0,2,10,0,12,0,0,0,12
04/05/2010,PVU,UT,ANM,WE,Federal Contract Tower,0,3,4,0,7,0,5,3,0,8,0,8,7,0,15,0,0,0,15
04/06/2010,PVU,UT,ANM,WE,Federal Contract Tower,0,3,4,0,7,0,1,27,0,28,0,4,31,0,35,123,0,123,158
04/07/2010,PVU,UT,ANM,WE,Federal Contract Tower,0,1,9,0,10,0,0,145,0,145,0,1,154,0,155,354,0,354,509
04/08/2010,PVU,UT,ANM,WE,Federal Contract Tower,0,2,9,1,12,0,0,101,0,101,0,2,110,1,113,322,0,322,435
04/09/2010,PVU,UT,ANM,WE,Federal Contract Tower,0,1,5,0,6,0,0,92,0,92,0,1,97,0,98,213,0,213,311
04/10/2010,PVU,UT,ANM,WE,Federal Contract Tower,0,4,1,0,5,0,0,68,0,68,0,4,69,0,73,99,0,99,172
04/11/2010,PVU,UT,ANM,WE,Federal Contract Tower,0,1,2,0,3,0,0,9,0,9,0,1,11,0,12,22,0,22,34
04/12/2010,PVU,UT,ANM,WE,Federal Contract Tower,0,2,13,1,16,0,0,59,2,61,0,2,72,3,77,176,4,180,257
04/13/2010,PVU,UT,ANM,WE,Federal Contract Tower,0,0,10,0,10,0,0,35,0,35,0,0,45,0,45,178,0,178,223
04/14/2010,PVU,UT,ANM,WE,Federal Contract Tower,0,0,7,0,7,0,0,88,0,88,0,0,95,0,95,312,0,312,407
04/15/2010,PVU,UT,ANM,WE,Federal Contract Tower,0,4,13,0,17,0,4,85,0,89,0,8,98,0,106,342,0,342,448
04/16/2010,PVU,UT,ANM,WE,Federal Contract Tower,0,0,9,0,9,0,0,78,0,78,0,0,87,0,87,222,0,222,309
04/17/2010,PVU,UT,ANM,WE,Federal Contract Tower,0,2,7,0,9,0,1,62,0,63,0,3,69,0,72,99,0,99,171
04/18/2010,PVU,UT,ANM,WE,Federal Contract Tower,0,0,4,0,4,0,1,22,1,24,0,1,26,1,28,52,2,54,82
04/19/2010,PVU,UT,ANM,WE,Federal Contract Tower,0,2,6,0,8,0,2,107,0,109,0,4,113,0,117,350,0,350,467
04/20/2010,PVU,UT,ANM,WE,Federal Contract Tower,0,0,3,0,3,0,0,89,0,89,0,0,92,0,92,267,0,267,359
04/21/2010,PVU,UT,ANM,WE,Federal Contract Tower,0,0,2,0,2,0,0,26,0,26,0,0,28,0,28,99,0,99,127
04/22/2010,PVU,UT,ANM,WE,Federal Contract Tower,0,2,11,0,13,0,2,77,0,79,0,4,88,0,92,203,0,203,295
04/23/2010,PVU,UT,ANM,WE,Federal Contract Tower,0,2,9,0,11,0,2,4,0,6,0,4,13,0,17,8,0,8,25
04/24/2010,PVU,UT,ANM,WE,Federal Contract Tower,0,0,10,0,10,0,0,76,1,77,0,0,86,1,87,190,2,192,279
04/25/2010,PVU,UT,ANM,WE,Federal Contract Tower,0,2,2,0,4,0,0,38,1,39,0,2,40,1,43,76,2,78,121
04/26/2010,PVU,UT,ANM,WE,Federal Contract Tower,0,0,7,0,7,0,0,119,0,119,0,0,126,0,126,362,0,362,488
04/27/2010,PVU,UT,ANM,WE,Federal Contract Tower,0,1,10,0,11,0,2,76,0,78,0,3,86,0,89,219,0,219,308
04/28/2010,PVU,UT,ANM,WE,Federal Contract Tower,0,0,6,0,6,0,1,16,0,17,0,1,22,0,23,39,0,39,62
04/29/2010,PVU,UT,ANM,WE,Federal Contract Tower,0,0,6,0,6,0,0,29,0,29,0,0,35,0,35,144,0,144,179
04/30/2010,PVU,UT,ANM,WE,Federal Contract Tower,0,5,4,0,9,0,2,22,0,24,0,7,26,0,33,61,0,61,94
05/01/2010,PVU,UT,ANM,WE,Federal Contract Tower,0,4,7,0,11,0,4,19,0,23,0,8,26,0,34,56,0,56,90
05/02/2010,PVU,UT,ANM,WE,Federal Contract Tower,0,0,2,0,2,0,0,9,0,9,0,0,11,0,11,18,0,18,29
05/03/2010,PVU,UT,ANM,WE,Federal Contract Tower,0,0,2,0,2,0,2,135,0,137,0,2,137,0,139,332,0,332,471
05/04/2010,PVU,UT,ANM,WE,Federal Contract Tower,0,4,2,0,6,0,1,75,2,78,0,5,77,2,84,189,4,193,277
05/05/2010,PVU,UT,ANM,WE,Federal Contract Tower,0,3,5,0,8,0,0,90,0,90,0,3,95,0,98,240,0,240,338
05/06/2010,PVU,UT,ANM,WE,Federal Contract Tower,0,2,11,0,13,0,2,89,0,91,0,4,100,0,104,200,0,200,304
05/07/2010,PVU,UT,ANM,WE,Federal Contract Tower,0,0,8,0,8,0,0,89,0,89,0,0,97,0,97,130,0,130,227
05/08/2010,PVU,UT,ANM,WE,Federal Contract Tower,0,0,5,0,5,0,0,63,0,63,0,0,68,0,68,153,0,153,221
05/09/2010,PVU,UT,ANM,WE,Federal Contract Tower,0,0,4,0,4,0,1,15,0,16,0,1,19,0,20,32,0,32,52
05/10/2010,PVU,UT,ANM,WE,Federal Contract Tower,0,3,1,0,4,0,3,44,7,54,0,6,45,7,58,140,14,154,212
05/11/2010,PVU,UT,ANM,WE,Federal Contract Tower,0,0,8,0,8,0,0,16,0,16,0,0,24,0,24,44,0,44,68
05/12/2010,PVU,UT,ANM,WE,Federal Contract Tower,0,0,9,1,10,0,0,58,0,58,0,0,67,1,68,235,0,235,303
05/13/2010,PVU,UT,ANM,WE,Federal Contract Tower,0,0,5,0,5,0,0,91,0,91,0,0,96,0,96,218,2,220,316
05/14/2010,PVU,UT,ANM,WE,Federal Contract Tower,0,1,6,0,7,0,1,84,0,85,0,2,90,0,92,231,0,231,323
05/15/2010,PVU,UT,ANM,WE,Federal Contract Tower,0,1,6,0,7,0,2,56,0,58,0,3,62,0,65,112,0,112,177
05/16/2010,PVU,UT,ANM,WE,Federal Contract Tower,0,0,9,0,9,0,0,35,0,35,0,0,44,0,44,96,0,96,140
05/17/2010,PVU,UT,ANM,WE,Federal Contract Tower,0,0,9,0,9,0,0,122,1,123,0,0,131,1,132,292,2,294,426
05/18/2010,PVU,UT,ANM,WE,Federal Contract Tower,0,1,5,0,6,0,2,32,0,34,0,3,37,0,40,119,0,119,159
05/19/2010,PVU,UT,ANM,WE,Federal Contract Tower,0,0,2,0,2,0,0,132,0,132,0,0,134,0,134,292,0,292,426
05/20/2010,PVU,UT,ANM,WE,Federal Contract Tower,0,0,4,0,4,0,0,73,0,73,0,0,77,0,77,192,0,192,269
05/21/2010,PVU,UT,ANM,WE,Federal Contract Tower,0,1,9,0,10,0,0,98,0,98,0,1,107,0,108,252,0,252,360
05/22/2010,PVU,UT,ANM,WE,Federal Contract Tower,0,1,2,0,3,0,0,26,0,26,0,1,28,0,29,47,0,47,76
05/23/2010,PVU,UT,ANM,WE,Federal Contract Tower,0,1,8,0,9,0,0,20,0,20,0,1,28,0,29,54,0,54,83
05/24/2010,PVU,UT,ANM,WE,Federal Contract Tower,0,1,7,0,8,0,0,26,0,26,0,1,33,0,34,58,0,58,92
05/25/2010,PVU,UT,ANM,WE,Federal Contract Tower,0,3,4,0,7,0,1,108,0,109,0,4,112,0,116,313,0,313,429
05/26/2010,PVU,UT,ANM,WE,Federal Contract Tower,0,5,8,0,13,0,4,91,0,95,0,9,99,0,108,293,2,295,403
05/27/2010,PVU,UT,ANM,WE,Federal Contract Tower,0,0,6,0,6,0,0,76,0,76,0,0,82,0,82,157,0,157,239
05/28/2010,PVU,UT,ANM,WE,Federal Contract Tower,0,2,8,0,10,0,0,56,0,56,0,2,64,0,66,192,0,192,258
05/29/2010,PVU,UT,ANM,WE,Federal Contract Tower,0,2,6,0,8,0,3,25,0,28,0,5,31,0,36,32,0,32,68
05/30/2010,PVU,UT,ANM,WE,Federal Contract Tower,0,1,5,0,6,0,0,18,0,18,0,1,23,0,24,12,0,12,36
05/31/2010,PVU,UT,ANM,WE,Federal Contract Tower,0,0,5,0,5,0,2,52,0,54,0,2,57,0,59,111,0,111,170
06/01/2010,PVU,UT,ANM,WE,Federal Contract Tower,0,0,6,0,6,0,0,66,0,66,0,0,72,0,72,191,0,191,263
06/02/2010,PVU,UT,ANM,WE,Federal Contract Tower,0,2,2,0,4,0,0,88,0,88,0,2,90,0,92,199,0,199,291
06/03/2010,PVU,UT,ANM,WE,Federal Contract Tower,0,0,6,2,8,0,0,83,2,85,0,0,89,4,93,167,0,167,260
06/04/2010,PVU,UT,ANM,WE,Federal Contract Tower,0,0,7,0,7,0,0,71,0,71,0,0,78,0,78,189,0,189,267
06/05/2010,PVU,UT,ANM,WE,Federal Contract Tower,0,1,16,0,17,0,1,67,0,68,0,2,83,0,85,38,0,38,123
06/06/2010,PVU,UT,ANM,WE,Federal Contract Tower,0,0,4,0,4,0,1,15,0,16,0,1,19,0,20,28,0,28,48
06/07/2010,PVU,UT,ANM,WE,Federal Contract Tower,0,0,6,0,6,0,0,80,0,80,0,0,86,0,86,140,0,140,226
06/08/2010,PVU,UT,ANM,WE,Federal Contract Tower,0,0,8,0,8,0,0,93,0,93,0,0,101,0,101,201,0,201,302
06/09/2010,PVU,UT,ANM,WE,Federal Contract Tower,0,0,3,0,3,0,0,71,0,71,0,0,74,0,74,182,0,182,256
06/10/2010,PVU,UT,ANM,WE,Federal Contract Tower,0,0,2,0,2,0,0,47,10,57,0,0,49,10,59,128,20,148,207
06/11/2010,PVU,UT,ANM,WE,Federal Contract Tower,0,0,9,0,9,0,0,37,0,37,0,0,46,0,46,102,0,102,148
06/12/2010,PVU,UT,ANM,WE,Federal Contract Tower,0,0,5,0,5,0,0,14,0,14,0,0,19,0,19,42,0,42,61
06/13/2010,PVU,UT,ANM,WE,Federal Contract Tower,0,0,5,0,5,0,0,18,0,18,0,0,23,0,23,56,0,56,79
06/14/2010,PVU,UT,ANM,WE,Federal Contract Tower,0,0,7,0,7,0,0,94,0,94,0,0,101,0,101,234,0,234,335
06/15/2010,PVU,UT,ANM,WE,Federal Contract Tower,0,2,6,0,8,0,0,98,3,101,0,2,104,3,109,259,6,265,374
06/16/2010,PVU,UT,ANM,WE,Federal Contract Tower,0,0,6,0,6,0,0,15,0,15,0,0,21,0,21,79,0,79,100
06/17/2010,PVU,UT,ANM,WE,Federal Contract Tower,0,0,11,0,11,0,0,113,0,113,0,0,124,0,124,228,0,228,352
06/18/2010,PVU,UT,ANM,WE,Federal Contract Tower,0,1,5,0,6,0,0,71,0,71,0,1,76,0,77,161,0,161,238
06/19/2010,PVU,UT,ANM,WE,Federal Contract Tower,0,0,2,0,2,0,2,47,0,49,0,2,49,0,51,72,0,72,123
06/20/2010,PVU,UT,ANM,WE,Federal Contract Tower,0,1,1,0,2,0,0,16,0,16,0,1,17,0,18,32,0,32,50
06/21/2010,PVU,UT,ANM,WE,Federal Contract Tower,0,0,3,0,3,0,0,83,2,85,0,0,86,2,88,209,4,213,301
06/22/2010,PVU,UT,ANM,WE,Federal Contract Tower,0,0,5,0,5,0,0,82,1,83,0,0,87,1,88,196,2,198,286
06/23/2010,PVU,UT,ANM,WE,Federal Contract Tower,0,0,3,0,3,0,0,77,0,77,0,0,80,0,80,192,0,192,272
06/24/2010,PVU,UT,ANM,WE,Federal Contract Tower,0,2,8,0,10,0,0,78,0,78,0,2,86,0,88,204,0,204,292
06/25/2010,PVU,UT,ANM,WE,Federal Contract Tower,0,0,5,0,5,0,2,43,0,45,0,2,48,0,50,133,0,133,183
06/26/2010,PVU,UT,ANM,WE,Federal Contract Tower,0,1,4,0,5,0,0,61,0,61,0,1,65,0,66,37,0,37,103
06/27/2010,PVU,UT,ANM,WE,Federal Contract Tower,0,2,2,0,4,0,1,42,0,43,0,3,44,0,47,118,0,118,165
06/28/2010,PVU,UT,ANM,WE,Federal Contract Tower,0,1,4,0,5,0,0,79,2,81,0,1,83,2,86,207,4,211,297
06/29/2010,PVU,UT,ANM,WE,Federal Contract Tower,0,2,4,0,6,0,0,59,0,59,0,2,63,0,65,135,0,135,200
06/30/2010,PVU,UT,ANM,WE,Federal Contract Tower,0,2,1,2,5,0,0,53,0,53,0,2,54,2,58,164,8,172,230
07/01/2010,PVU,UT,ANM,WE,Federal Contract Tower,1,1,6,0,8,0,0,69,0,69,1,1,75,0,77,121,0,121,198
07/02/2010,PVU,UT,ANM,WE,Federal Contract Tower,1,0,9,0,10,0,1,45,0,46,1,1,54,0,56,82,0,82,138
07/03/2010,PVU,UT,ANM,WE,Federal Contract Tower,0,0,5,0,5,0,0,44,0,44,0,0,49,0,49,34,2,36,85
07/04/2010,PVU,UT,ANM,WE,Federal Contract Tower,0,0,1,0,1,0,0,18,1,19,0,0,19,1,20,52,12,64,84
07/05/2010,PVU,UT,ANM,WE,Federal Contract Tower,0,1,4,0,5,0,2,54,2,58,0,3,58,2,63,110,18,128,191
07/06/2010,PVU,UT,ANM,WE,Federal Contract Tower,0,0,2,0,2,0,0,64,0,64,0,0,66,0,66,192,0,192,258
07/07/2010,PVU,UT,ANM,WE,Federal Contract Tower,0,1,2,0,3,0,0,92,0,92,0,1,94,0,95,210,2,212,307
07/08/2010,PVU,UT,ANM,WE,Federal Contract Tower,0,1,5,0,6,0,0,77,0,77,0,1,82,0,83,184,0,184,267
07/09/2010,PVU,UT,ANM,WE,Federal Contract Tower,0,1,8,0,9,0,1,78,0,79,0,2,86,0,88,123,0,123,211
07/10/2010,PVU,UT,ANM,WE,Federal Contract Tower,0,2,5,0,7,0,2,38,0,40,0,4,43,0,47,56,0,56,103
07/11/2010,PVU,UT,ANM,WE,Federal Contract Tower,2,2,10,0,14,2,1,30,0,33,4,3,40,0,47,64,0,64,111
07/12/2010,PVU,UT,ANM,WE,Federal Contract Tower,0,1,4,1,6,0,0,56,1,57,0,1,60,2,63,154,2,156,219
07/13/2010,PVU,UT,ANM,WE,Federal Contract Tower,0,3,11,2,16,0,0,107,1,108,0,3,118,3,124,253,3,256,380
07/14/2010,PVU,UT,ANM,WE,Federal Contract Tower,0,0,1,0,1,0,0,104,0,104,0,0,105,0,105,235,0,235,340
07/15/2010,PVU,UT,ANM,WE,Federal Contract Tower,0,0,6,0,6,0,0,133,2,135,0,0,139,2,141,225,8,233,374
07/16/2010,PVU,UT,ANM,WE,Federal Contract Tower,0,0,2,0,2,0,0,78,0,78,0,0,80,0,80,182,0,182,262
07/17/2010,PVU,UT,ANM,WE,Federal Contract Tower,0,2,7,0,9,0,4,48,2,54,0,6,55,2,63,114,4,118,181
07/18/2010,PVU,UT,ANM,WE,Federal Contract Tower,0,0,5,0,5,0,0,29,0,29,0,0,34,0,34,76,0,76,110
07/19/2010,PVU,UT,ANM,WE,Federal Contract Tower,0,0,1,0,1,0,0,62,1,63,0,0,63,1,64,158,2,160,224
07/20/2010,PVU,UT,ANM,WE,Federal Contract Tower,0,2,1,1,4,0,0,77,0,77,0,2,78,1,81,267,2,269,350
07/21/2010,PVU,UT,ANM,WE,Federal Contract Tower,0,1,5,0,6,0,0,64,0,64,0,1,69,0,70,177,0,177,247
07/22/2010,PVU,UT,ANM,WE,Federal Contract Tower,0,1,5,0,6,0,0,86,0,86,0,1,91,0,92,240,0,240,332
07/23/2010,PVU,UT,ANM,WE,Federal Contract Tower,0,0,4,0,4,0,0,73,2,75,0,0,77,2,79,108,0,108,187
07/24/2010,PVU,UT,ANM,WE,Federal Contract Tower,0,0,5,0,5,0,0,31,0,31,0,0,36,0,36,41,0,41,77
07/25/2010,PVU,UT,ANM,WE,Federal Contract Tower,0,0,2,0,2,0,0,27,0,27,0,0,29,0,29,62,0,62,91
07/26/2010,PVU,UT,ANM,WE,Federal Contract Tower,0,0,5,0,5,0,0,69,2,71,0,0,74,2,76,156,4,160,236
07/27/2010,PVU,UT,ANM,WE,Federal Contract Tower,0,0,7,0,7,0,0,67,0,67,0,0,74,0,74,191,0,191,265
07/28/2010,PVU,UT,ANM,WE,Federal Contract Tower,0,4,7,0,11,0,0,84,0,84,0,4,91,0,95,235,0,235,330
07/29/2010,PVU,UT,ANM,WE,Federal Contract Tower,0,2,5,0,7,0,0,56,0,56,0,2,61,0,63,141,0,141,204
07/30/2010,PVU,UT,ANM,WE,Federal Contract Tower,0,2,4,0,6,0,0,76,0,76,0,2,80,0,82,111,0,111,193
07/31/2010,PVU,UT,ANM,WE,Federal Contract Tower,0,0,7,0,7,0,0,37,0,37,0,0,44,0,44,82,0,82,126
08/01/2010,PVU,UT,ANM,WE,Federal Contract Tower,2,1,8,0,11,0,0,30,0,30,2,1,38,0,41,97,0,97,138
08/02/2010,PVU,UT,ANM,WE,Federal Contract Tower,0,0,4,0,4,0,0,62,1,63,0,0,66,1,67,169,2,171,238
08/03/2010,PVU,UT,ANM,WE,Federal Contract Tower,0,0,5,0,5,0,0,73,0,73,0,0,78,0,78,211,0,211,289
08/04/2010,PVU,UT,ANM,WE,Federal Contract Tower,0,3,2,0,5,0,0,48,0,48,0,3,50,0,53,110,0,110,163
08/05/2010,PVU,UT,ANM,WE,Federal Contract Tower,0,3,8,0,11,0,0,46,0,46,0,3,54,0,57,89,0,89,146
08/06/2010,PVU,UT,ANM,WE,Federal Contract Tower,0,1,7,0,8,0,0,50,0,50,0,1,57,0,58,66,0,66,124
08/07/2010,PVU,UT,ANM,WE,Federal Contract Tower,1,6,1,0,8,0,2,73,0,75,1,8,74,0,83,58,0,58,141
08/08/2010,PVU,UT,ANM,WE,Federal Contract Tower,0,6,8,0,14,0,5,16,0,21,0,11,24,0,35,0,0,0,35
08/09/2010,PVU,UT,ANM,WE,Federal Contract Tower,0,3,8,0,11,0,2,83,0,85,0,5,91,0,96,261,0,261,357
08/10/2010,PVU,UT,ANM,WE,Federal Contract Tower,0,1,7,0,8,0,2,87,0,89,0,3,94,0,97,180,0,180,277
08/11/2010,PVU,UT,ANM,WE,Federal Contract Tower,0,1,3,0,4,0,0,75,0,75,0,1,78,0,79,182,0,182,261
08/12/2010,PVU,UT,ANM,WE,Federal Contract Tower,0,2,9,0,11,0,0,62,0,62,0,2,71,0,73,112,0,112,185
08/13/2010,PVU,UT,ANM,WE,Federal Contract Tower,0,0,3,0,3,0,0,69,0,69,0,0,72,0,72,166,0,166,238
08/14/2010,PVU,UT,ANM,WE,Federal Contract Tower,0,0,10,0,10,0,0,42,0,42,0,0,52,0,52,26,0,26,78
08/15/2010,PVU,UT,ANM,WE,Federal Contract Tower,0,0,6,0,6,0,9,29,0,38,0,9,35,0,44,92,0,92,136
08/16/2010,PVU,UT,ANM,WE,Federal Contract Tower,0,0,10,0,10,0,0,94,0,94,0,0,104,0,104,236,0,236,340
08/17/2010,PVU,UT,ANM,WE,Federal Contract Tower,0,0,11,0,11,0,0,49,0,49,0,0,60,0,60,96,0,96,156
08/18/2010,PVU,UT,ANM,WE,Federal Contract Tower,0,0,6,0,6,0,0,68,0,68,0,0,74,0,74,104,0,104,178
08/19/2010,PVU,UT,ANM,WE,Federal Contract Tower,2,2,10,0,14,0,0,62,0,62,2,2,72,0,76,101,0,101,177
08/20/2010,PVU,UT,ANM,WE,Federal Contract Tower,0,0,13,0,13,0,0,68,0,68,0,0,81,0,81,119,0,119,200
08/21/2010,PVU,UT,ANM,WE,Federal Contract Tower,0,0,9,0,9,0,0,34,0,34,0,0,43,0,43,47,0,47,90
08/22/2010,PVU,UT,ANM,WE,Federal Contract Tower,2,1,7,0,10,0,0,44,0,44,2,1,51,0,54,76,0,76,130
08/23/2010,PVU,UT,ANM,WE,Federal Contract Tower,0,1,5,0,6,0,1,88,0,89,0,2,93,0,95,216,0,216,311
08/24/2010,PVU,UT,ANM,WE,Federal Contract Tower,0,2,10,0,12,0,0,103,0,103,0,2,113,0,115,235,0,235,350
08/25/2010,PVU,UT,ANM,WE,Federal Contract Tower,0,2,7,0,9,0,0,79,8,87,0,2,86,8,96,195,16,211,307
08/26/2010,PVU,UT,ANM,WE,Federal Contract Tower,0,4,6,0,10,0,0,74,11,85,0,4,80,11,95,172,10,182,277
08/27/2010,PVU,UT,ANM,WE,Federal Contract Tower,0,0,3,0,3,0,4,69,11,84,0,4,72,11,87,142,12,154,241
08/28/2010,PVU,UT,ANM,WE,Federal Contract Tower,0,1,11,0,12,0,0,20,0,20,0,1,31,0,32,39,0,39,71
08/29/2010,PVU,UT,ANM,WE,Federal Contract Tower,0,3,7,0,10,0,2,31,0,33,0,5,38,0,43,80,0,80,123
08/30/2010,PVU,UT,ANM,WE,Federal Contract Tower,0,2,3,0,5,0,1,97,0,98,0,3,100,0,103,305,0,305,408
08/31/2010,PVU,UT,ANM,WE,Federal Contract Tower,0,0,7,0,7,0,0,85,0,85,0,0,92,0,92,238,0,238,330
09/01/2010,PVU,UT,ANM,WE,Federal Contract Tower,0,0,7,0,7,0,0,124,0,124,0,0,131,0,131,309,0,309,440
09/02/2010,PVU,UT,ANM,WE,Federal Contract Tower,0,2,6,0,8,0,1,81,0,82,0,3,87,0,90,198,0,198,288
09/03/2010,PVU,UT,ANM,WE,Federal Contract Tower,2,2,5,0,9,0,0,104,0,104,2,2,109,0,113,228,0,228,341
09/04/2010,PVU,UT,ANM,WE,Federal Contract Tower,1,2,13,0,16,0,4,80,0,84,1,6,93,0,100,90,0,90,190
09/05/2010,PVU,UT,ANM,WE,Federal Contract Tower,0,0,3,0,3,0,3,27,0,30,0,3,30,0,33,65,0,65,98
09/06/2010,PVU,UT,ANM,WE,Federal Contract Tower,0,3,10,1,14,0,0,113,2,115,0,3,123,3,129,285,4,289,418
09/07/2010,PVU,UT,ANM,WE,Federal Contract Tower,0,0,7,0,7,0,2,98,4,104,0,2,105,4,111,276,8,284,395
09/08/2010,PVU,UT,ANM,WE,Federal Contract Tower,0,1,3,0,4,0,0,91,0,91,0,1,94,0,95,219,0,219,314
09/09/2010,PVU,UT,ANM,WE,Federal Contract Tower,0,3,5,0,8,0,0,45,0,45,0,3,50,0,53,69,0,69,122
09/10/2010,PVU,UT,ANM,WE,Federal Contract Tower,2,2,9,1,14,0,0,113,2,115,2,2,122,3,129,218,0,218,347
09/11/2010,PVU,UT,ANM,WE,Federal Contract Tower,0,0,1,0,1,0,0,81,0,81,0,0,82,0,82,104,0,104,186
09/12/2010,PVU,UT,ANM,WE,Federal Contract Tower,0,0,6,0,6,0,0,25,0,25,0,0,31,0,31,66,0,66,97
09/13/2010,PVU,UT,ANM,WE,Federal Contract Tower,0,2,2,2,6,0,4,112,2,118,0,6,114,4,124,290,4,294,418
09/14/2010,PVU,UT,ANM,WE,Federal Contract Tower,0,2,8,0,10,0,0,123,0,123,0,2,131,0,133,318,0,318,451
09/15/2010,PVU,UT,ANM,WE,Federal Contract Tower,0,0,7,0,7,0,0,121,0,121,0,0,128,0,128,272,0,272,400
09/16/2010,PVU,UT,ANM,WE,Federal Contract Tower,2,0,2,0,4,0,0,89,0,89,2,0,91,0,93,235,0,235,328
09/17/2010,PVU,UT,ANM,WE,Federal Contract Tower,2,0,7,0,9,0,3,112,0,115,2,3,119,0,124,286,0,286,410
09/18/2010,PVU,UT,ANM,WE,Federal Contract Tower,0,0,7,0,7,0,1,67,0,68,0,1,74,0,75,77,0,77,152
09/19/2010,PVU,UT,ANM,WE,Federal Contract Tower,2,0,1,0,3,2,2,27,2,33,4,2,28,2,36,66,4,70,106
09/20/2010,PVU,UT,ANM,WE,Federal Contract Tower,0,0,8,1,9,0,1,78,8,87,0,1,86,9,96,271,16,287,383
09/21/2010,PVU,UT,ANM,WE,Federal Contract Tower,0,1,0,0,1,0,3,86,0,89,0,4,86,0,90,346,0,346,436
09/22/2010,PVU,UT,ANM,WE,Federal Contract Tower,0,1,8,0,9,0,0,39,0,39,0,1,47,0,48,89,0,89,137
09/23/2010,PVU,UT,ANM,WE,Federal Contract Tower,0,7,13,0,20,0,4,101,0,105,0,11,114,0,125,304,0,304,429
09/24/2010,PVU,UT,ANM,WE,Federal Contract Tower,0,6,5,0,11,0,4,99,0,103,0,10,104,0,114,331,0,331,445
09/25/2010,PVU,UT,ANM,WE,Federal Contract Tower,1,1,12,0,14,0,5,82,0,87,1,6,94,0,101,157,0,157,258
09/26/2010,PVU,UT,ANM,WE,Federal Contract Tower,0,1,3,0,4,0,6,46,0,52,0,7,49,0,56,114,0,114,170
09/27/2010,PVU,UT,ANM,WE,Federal Contract Tower,0,0,8,0,8,0,5,113,0,118,0,5,121,0,126,339,0,339,465
09/28/2010,PVU,UT,ANM,WE,Federal Contract Tower,0,1,4,0,5,0,0,92,0,92,0,1,96,0,97,273,0,273,370
09/29/2010,PVU,UT,ANM,WE,Federal Contract Tower,0,1,3,0,4,0,0,126,0,126,0,1,129,0,130,269,0,269,399
09/30/2010,PVU,UT,ANM,WE,Federal Contract Tower,0,1,8,0,9,0,1,103,0,104,0,2,111,0,113,277,0,277,390
10/01/2010,PVU,UT,ANM,WE,Federal Contract Tower,0,4,4,0,8,0,4,114,0,118,0,8,118,0,126,228,0,228,354
10/02/2010,PVU,UT,ANM,WE,Federal Contract Tower,0,0,4,1,5,0,2,65,1,68,0,2,69,2,73,115,0,115,188
10/03/2010,PVU,UT,ANM,WE,Federal Contract Tower,0,0,5,0,5,0,0,24,0,24,0,0,29,0,29,64,0,64,93
10/04/2010,PVU,UT,ANM,WE,Federal Contract Tower,0,0,2,0,2,0,0,69,0,69,0,0,71,0,71,222,0,222,293
10/05/2010,PVU,UT,ANM,WE,Federal Contract Tower,0,0,7,0,7,0,0,74,0,74,0,0,81,0,81,220,0,220,301
10/06/2010,PVU,UT,ANM,WE,Federal Contract Tower,0,0,9,0,9,0,0,72,0,72,0,0,81,0,81,187,0,187,268
10/07/2010,PVU,UT,ANM,WE,Federal Contract Tower,0,0,4,0,4,0,0,66,2,68,0,0,70,2,72,134,0,134,206
10/08/2010,PVU,UT,ANM,WE,Federal Contract Tower,2,0,8,3,13,0,0,101,9,110,2,0,109,12,123,291,0,291,414
10/09/2010,PVU,UT,ANM,WE,Federal Contract Tower,0,6,11,1,18,1,0,63,0,64,1,6,74,1,82,133,0,133,215
10/10/2010,PVU,UT,ANM,WE,Federal Contract Tower,0,0,2,2,4,0,1,30,2,33,0,1,32,4,37,62,4,66,103
10/11/2010,PVU,UT,ANM,WE,Federal Contract Tower,0,0,4,0,4,0,0,123,0,123,0,0,127,0,127,365,0,365,492
10/12/2010,PVU,UT,ANM,WE,Federal Contract Tower,0,2,4,0,6,0,7,127,0,134,0,9,131,0,140,290,0,290,430
10/13/2010,PVU,UT,ANM,WE,Federal Contract Tower,0,0,11,0,11,0,0,81,0,81,0,0,92,0,92,236,0,236,328
10/14/2010,PVU,UT,ANM,WE,Federal Contract Tower,0,2,9,0,11,0,0,114,3,117,0,2,123,3,128,304,6,310,438
10/15/2010,PVU,UT,ANM,WE,Federal Contract Tower,2,1,7,0,10,0,2,76,1,79,2,3,83,1,89,193,0,193,282
10/16/2010,PVU,UT,ANM,WE,Federal Contract Tower,0,2,5,0,7,0,1,55,0,56,0,3,60,0,63,44,0,44,107
10/17/2010,PVU,UT,ANM,WE,Federal Contract Tower,0,0,9,0,9,0,0,23,0,23,0,0,32,0,32,50,0,50,82
10/18/2010,PVU,UT,ANM,WE,Federal Contract Tower,0,0,3,0,3,0,0,118,0,118,0,0,121,0,121,306,0,306,427
10/19/2010,PVU,UT,ANM,WE,Federal Contract Tower,0,1,7,1,9,0,0,109,0,109,0,1,116,1,118,300,1,301,419
10/20/2010,PVU,UT,ANM,WE,Federal Contract Tower,0,6,3,1,10,0,5,107,1,113,0,11,110,2,123,305,0,305,428
10/21/2010,PVU,UT,ANM,WE,Federal Contract Tower,0,4,7,1,12,0,2,110,0,112,0,6,117,1,124,284,0,284,408
10/22/2010,PVU,UT,ANM,WE,Federal Contract Tower,2,1,4,0,7,0,0,96,0,96,2,1,100,0,103,291,0,291,394
10/23/2010,PVU,UT,ANM,WE,Federal Contract Tower,2,3,4,0,9,0,0,12,0,12,2,3,16,0,21,12,0,12,33
10/24/2010,PVU,UT,ANM,WE,Federal Contract Tower,0,1,5,0,6,0,1,7,2,10,0,2,12,2,16,15,8,23,39
10/25/2010,PVU,UT,ANM,WE,Federal Contract Tower,0,1,5,0,6,0,1,41,0,42,0,2,46,0,48,111,0,111,159
10/26/2010,PVU,UT,ANM,WE,Federal Contract Tower,0,0,4,0,4,0,2,49,0,51,0,2,53,0,55,180,0,180,235
10/27/2010,PVU,UT,ANM,WE,Federal Contract Tower,0,1,2,0,3,0,0,92,0,92,0,1,94,0,95,285,0,285,380
10/28/2010,PVU,UT,ANM,WE,Federal Contract Tower,0,0,8,0,8,0,0,121,0,121,0,0,129,0,129,320,0,320,449
10/29/2010,PVU,UT,ANM,WE,Federal Contract Tower,0,3,7,0,10,0,0,92,0,92,0,3,99,0,102,294,0,294,396
10/30/2010,PVU,UT,ANM,WE,Federal Contract Tower,0,0,4,0,4,0,0,45,0,45,0,0,49,0,49,71,0,71,120
10/31/2010,PVU,UT,ANM,WE,Federal Contract Tower,0,1,5,0,6,0,1,19,0,20,0,2,24,0,26,50,0,50,76
11/01/2010,PVU,UT,ANM,WE,Federal Contract Tower,0,5,7,0,12,0,4,99,0,103,0,9,106,0,115,343,0,343,458
11/02/2010,PVU,UT,ANM,WE,Federal Contract Tower,0,2,13,0,15,0,1,110,0,111,0,3,123,0,126,322,0,322,448
11/03/2010,PVU,UT,ANM,WE,Federal Contract Tower,0,0,6,0,6,0,0,93,1,94,0,0,99,1,100,264,4,268,368
11/04/2010,PVU,UT,ANM,WE,Federal Contract Tower,0,2,7,0,9,0,0,116,0,116,0,2,123,0,125,324,0,324,449
11/05/2010,PVU,UT,ANM,WE,Federal Contract Tower,0,3,10,0,13,0,0,95,0,95,0,3,105,0,108,245,0,245,353
11/06/2010,PVU,UT,ANM,WE,Federal Contract Tower,0,2,3,0,5,0,0,80,0,80,0,2,83,0,85,119,0,119,204
11/07/2010,PVU,UT,ANM,WE,Federal Contract Tower,0,2,4,1,7,0,3,19,1,23,0,5,23,2,30,62,6,68,98
11/08/2010,PVU,UT,ANM,WE,Federal Contract Tower,0,0,4,0,4,0,0,8,0,8,0,0,12,0,12,45,0,45,57
11/09/2010,PVU,UT,ANM,WE,Federal Contract Tower,0,0,7,0,7,0,0,41,1,42,0,0,48,1,49,218,22,240,289
11/10/2010,PVU,UT,ANM,WE,Federal Contract Tower,0,2,10,0,12,0,25,0,0,25,0,27,10,0,37,47,4,51,88
11/11/2010,PVU,UT,ANM,WE,Federal Contract Tower,0,0,11,0,11,0,0,93,0,93,0,0,104,0,104,279,0,279,383
11/12/2010,PVU,UT,ANM,WE,Federal Contract Tower,2,1,11,0,14,0,5,88,0,93,2,6,99,0,107,214,0,214,321
11/13/2010,PVU,UT,ANM,WE,Federal Contract Tower,2,0,13,0,15,0,0,43,0,43,2,0,56,0,58,75,0,75,133
11/14/2010,PVU,UT,ANM,WE,Federal Contract Tower,0,0,14,0,14,0,0,20,0,20,0,0,34,0,34,37,0,37,71
11/15/2010,PVU,UT,ANM,WE,Federal Contract Tower,0,4,2,2,8,0,2,39,2,43,0,6,41,4,51,144,4,148,199
11/16/2010,PVU,UT,ANM,WE,Federal Contract Tower,0,2,6,0,8,0,0,29,0,29,0,2,35,0,37,115,0,115,152
11/17/2010,PVU,UT,ANM,WE,Federal Contract Tower,0,0,2,0,2,0,0,86,0,86,0,0,88,0,88,232,0,232,320
11/18/2010,PVU,UT,ANM,WE,Federal Contract Tower,0,0,5,0,5,0,0,44,0,44,0,0,49,0,49,52,0,52,101
11/19/2010,PVU,UT,ANM,WE,Federal Contract Tower,0,0,5,0,5,0,0,9,0,9,0,0,14,0,14,17,0,17,31
11/20/2010,PVU,UT,ANM,WE,Federal Contract Tower,1,0,6,0,7,0,0,5,0,5,1,0,11,0,12,10,0,10,22
11/21/2010,PVU,UT,ANM,WE,Federal Contract Tower,0,0,0,0,0,0,5,0,0,5,0,5,0,0,5,10,0,10,15
11/22/2010,PVU,UT,ANM,WE,Federal Contract Tower,0,1,2,0,3,0,2,17,2,21,0,3,19,2,24,44,4,48,72
11/23/2010,PVU,UT,ANM,WE,Federal Contract Tower,0,1,9,0,10,0,0,20,0,20,0,1,29,0,30,38,0,38,68
11/24/2010,PVU,UT,ANM,WE,Federal Contract Tower,0,0,7,0,7,0,0,13,0,13,0,0,20,0,20,35,0,35,55
11/25/2010,PVU,UT,ANM,WE,Federal Contract Tower,0,0,1,0,1,0,0,17,0,17,0,0,18,0,18,13,0,13,31
11/26/2010,PVU,UT,ANM,WE,Federal Contract Tower,0,0,6,0,6,0,0,22,0,22,0,0,28,0,28,36,0,36,64
11/27/2010,PVU,UT,ANM,WE,Federal Contract Tower,0,2,2,0,4,0,2,17,0,19,0,4,19,0,23,39,0,39,62
11/28/2010,PVU,UT,ANM,WE,Federal Contract Tower,0,2,14,0,16,0,0,10,0,10,0,2,24,0,26,20,0,20,46
11/29/2010,PVU,UT,ANM,WE,Federal Contract Tower,0,0,9,0,9,0,2,24,0,26,0,2,33,0,35,66,0,66,101
11/30/2010,PVU,UT,ANM,WE,Federal Contract Tower,0,4,8,0,12,0,2,42,0,44,0,6,50,0,56,72,0,72,128
12/01/2010,PVU,UT,ANM,WE,Federal Contract Tower,0,0,8,1,9,0,0,29,0,29,0,0,37,1,38,81,12,93,131
12/02/2010,PVU,UT,ANM,WE,Federal Contract Tower,0,0,6,0,6,0,0,45,0,45,0,0,51,0,51,111,0,111,162
12/03/2010,PVU,UT,ANM,WE,Federal Contract Tower,0,8,0,0,8,0,0,32,0,32,0,8,32,0,40,55,0,55,95
12/04/2010,PVU,UT,ANM,WE,Federal Contract Tower,0,0,4,0,4,0,0,30,0,30,0,0,34,0,34,12,0,12,46
12/05/2010,PVU,UT,ANM,WE,Federal Contract Tower,6,7,17,0,30,0,6,22,0,28,6,13,39,0,58,11,0,11,69
12/06/2010,PVU,UT,ANM,WE,Federal Contract Tower,0,3,11,0,14,0,1,40,1,42,0,4,51,1,56,113,4,117,173
12/07/2010,PVU,UT,ANM,WE,Federal Contract Tower,0,0,7,0,7,0,0,56,0,56,0,0,63,0,63,147,2,149,212
12/08/2010,PVU,UT,ANM,WE,Federal Contract Tower,0,4,2,0,6,0,3,65,1,69,0,7,67,1,75,138,0,138,213
12/09/2010,PVU,UT,ANM,WE,Federal Contract Tower,0,0,8,1,9,0,0,48,0,48,0,0,56,1,57,142,0,142,199
12/10/2010,PVU,UT,ANM,WE,Federal Contract Tower,0,0,7,2,9,0,0,40,3,43,0,0,47,5,52,70,0,70,122
12/11/2010,PVU,UT,ANM,WE,Federal Contract Tower,0,0,4,1,5,0,1,42,3,46,0,1,46,4,51,97,0,97,148
12/12/2010,PVU,UT,ANM,WE,Federal Contract Tower,0,3,2,2,7,0,0,23,2,25,0,3,25,4,32,54,4,58,90
12/13/2010,PVU,UT,ANM,WE,Federal Contract Tower,0,2,8,0,10,0,6,70,0,76,0,8,78,0,86,202,0,202,288
12/14/2010,PVU,UT,ANM,WE,Federal Contract Tower,0,2,7,0,9,0,0,68,0,68,0,2,75,0,77,186,2,188,265
12/15/2010,PVU,UT,ANM,WE,Federal Contract Tower,0,1,7,0,8,0,1,17,1,19,0,2,24,1,27,24,20,44,71
12/16/2010,PVU,UT,ANM,WE,Federal Contract Tower,0,1,4,0,5,0,0,74,0,74,0,1,78,0,79,176,0,176,255
12/17/2010,PVU,UT,ANM,WE,Federal Contract Tower,0,2,6,0,8,0,1,54,0,55,0,3,60,0,63,92,0,92,155
12/18/2010,PVU,UT,ANM,WE,Federal Contract Tower,0,2,3,0,5,0,1,0,0,1,0,3,3,0,6,0,0,0,6
12/19/2010,PVU,UT,ANM,WE,Federal Contract Tower,0,0,7,0,7,0,1,5,0,6,0,1,12,0,13,12,0,12,25
12/20/2010,PVU,UT,ANM,WE,Federal Contract Tower,0,2,9,0,11,0,0,0,0,0,0,2,9,0,11,0,0,0,11
12/21/2010,PVU,UT,ANM,WE,Federal Contract Tower,0,2,7,0,9,0,1,3,0,4,0,3,10,0,13,8,0,8,21
12/22/2010,PVU,UT,ANM,WE,Federal Contract Tower,0,0,4,0,4,0,0,0,0,0,0,0,4,0,4,0,0,0,4
12/23/2010,PVU,UT,ANM,WE,Federal Contract Tower,0,3,6,0,9,0,0,1,0,1,0,3,7,0,10,0,0,0,10
12/24/2010,PVU,UT,ANM,WE,Federal Contract Tower,0,2,2,0,4,0,0,3,0,3,0,2,5,0,7,0,0,0,7
12/25/2010,PVU,UT,ANM,WE,Federal Contract Tower,0,0,0,0,0,0,0,2,0,2,0,0,2,0,2,4,0,4,6
12/26/2010,PVU,UT,ANM,WE,Federal Contract Tower,0,1,7,0,8,0,0,7,0,7,0,1,14,0,15,14,0,14,29
12/27/2010,PVU,UT,ANM,WE,Federal Contract Tower,0,0,7,0,7,0,1,41,0,42,0,1,48,0,49,116,0,116,165
12/28/2010,PVU,UT,ANM,WE,Federal Contract Tower,0,1,8,0,9,0,0,68,0,68,0,1,76,0,77,188,0,188,265
12/29/2010,PVU,UT,ANM,WE,Federal Contract Tower,0,1,3,0,4,0,0,0,0,0,0,1,3,0,4,0,0,0,4
12/30/2010,PVU,UT,ANM,WE,Federal Contract Tower,0,2,4,0,6,0,0,0,0,0,0,2,4,0,6,0,0,0,6
12/31/2010,PVU,UT,ANM,WE,Federal Contract Tower,0,0,10,0,10,0,1,1,0,2,0,1,11,0,12,0,0,0,12
01/01/2011,PVU,UT,ANM,WE,Federal Contract Tower,0,0,3,0,3,0,0,14,0,14,0,0,17,0,17,9,0,9,26
01/02/2011,PVU,UT,ANM,WE,Federal Contract Tower,0,4,10,0,14,0,6,18,0,24,0,10,28,0,38,98,0,98,136
01/03/2011,PVU,UT,ANM,WE,Federal Contract Tower,0,1,8,0,9,0,2,66,2,70,0,3,74,2,79,208,12,220,299
01/04/2011,PVU,UT,ANM,WE,Federal Contract Tower,0,1,10,1,12,0,0,32,1,33,0,1,42,2,45,133,0,133,178
01/05/2011,PVU,UT,ANM,WE,Federal Contract Tower,0,4,1,0,5,0,0,64,1,65,0,4,65,1,70,154,4,158,228
01/06/2011,PVU,UT,ANM,WE,Federal Contract Tower,6,2,9,0,17,0,0,67,0,67,6,2,76,0,84,186,0,186,270
01/07/2011,PVU,UT,ANM,WE,Federal Contract Tower,0,1,11,0,12,0,0,58,0,58,0,1,69,0,70,113,0,113,183
01/08/2011,PVU,UT,ANM,WE,Federal Contract Tower,0,1,2,0,3,0,0,1,0,1,0,1,3,0,4,0,0,0,4
01/09/2011,PVU,UT,ANM,WE,Federal Contract Tower,0,4,5,0,9,0,3,9,0,12,0,7,14,0,21,26,0,26,47
01/10/2011,PVU,UT,ANM,WE,Federal Contract Tower,0,0,10,0,10,0,0,59,0,59,0,0,69,0,69,160,0,160,229
01/11/2011,PVU,UT,ANM,WE,Federal Contract Tower,0,0,9,0,9,0,0,100,0,100,0,0,109,0,109,184,0,184,293
01/12/2011,PVU,UT,ANM,WE,Federal Contract Tower,0,4,8,0,12,0,0,109,0,109,0,4,117,0,121,252,0,252,373
01/13/2011,PVU,UT,ANM,WE,Federal Contract Tower,1,7,0,0,8,0,0,92,0,92,1,7,92,0,100,244,0,244,344
01/14/2011,PVU,UT,ANM,WE,Federal Contract Tower,0,3,14,0,17,0,0,2,0,2,0,3,16,0,19,0,0,0,19
01/15/2011,PVU,UT,ANM,WE,Federal Contract Tower,0,0,8,0,8,0,0,5,0,5,0,0,13,0,13,2,0,2,15
01/16/2011,PVU,UT,ANM,WE,Federal Contract Tower,0,0,5,0,5,0,0,1,0,1,0,0,6,0,6,2,0,2,8
01/17/2011,PVU,UT,ANM,WE,Federal Contract Tower,0,0,3,0,3,0,0,71,0,71,0,0,74,0,74,184,0,184,258
01/18/2011,PVU,UT,ANM,WE,Federal Contract Tower,0,1,11,0,12,0,0,87,1,88,0,1,98,1,100,179,2,181,281
01/19/2011,PVU,UT,ANM,WE,Federal Contract Tower,0,3,2,0,5,0,0,27,0,27,0,3,29,0,32,56,0,56,88
01/20/2011,PVU,UT,ANM,WE,Federal Contract Tower,0,1,9,2,12,0,0,88,2,90,0,1,97,4,102,155,0,155,257
01/21/2011,PVU,UT,ANM,WE,Federal Contract Tower,0,8,4,0,12,0,0,102,0,102,0,8,106,0,114,184,0,184,298
01/22/2011,PVU,UT,ANM,WE,Federal Contract Tower,0,4,2,0,6,0,1,30,0,31,0,5,32,0,37,67,0,67,104
01/23/2011,PVU,UT,ANM,WE,Federal Contract Tower,0,2,5,0,7,0,1,20,0,21,0,3,25,0,28,0,0,0,28
01/24/2011,PVU,UT,ANM,WE,Federal Contract Tower,0,3,8,1,12,0,1,108,1,110,0,4,116,2,122,246,2,248,370
01/25/2011,PVU,UT,ANM,WE,Federal Contract Tower,0,5,5,1,11,0,0,4,1,5,0,5,9,2,16,0,0,0,16
01/26/2011,PVU,UT,ANM,WE,Federal Contract Tower,0,3,9,0,12,0,1,30,0,31,0,4,39,0,43,82,0,82,125
01/27/2011,PVU,UT,ANM,WE,Federal Contract Tower,0,2,8,0,10,0,0,77,0,77,0,2,85,0,87,210,0,210,297
01/28/2011,PVU,UT,ANM,WE,Federal Contract Tower,0,1,11,0,12,0,0,25,0,25,0,1,36,0,37,62,0,62,99
01/29/2011,PVU,UT,ANM,WE,Federal Contract Tower,0,0,5,0,5,0,0,12,0,12,0,0,17,0,17,4,0,4,21
01/30/2011,PVU,UT,ANM,WE,Federal Contract Tower,0,4,4,0,8,0,0,11,0,11,0,4,15,0,19,26,0,26,45
01/31/2011,PVU,UT,ANM,WE,Federal Contract Tower,0,0,6,0,6,0,0,54,0,54,0,0,60,0,60,130,0,130,190
02/01/2011,PVU,UT,ANM,WE,Federal Contract Tower,0,2,3,0,5,0,0,54,0,54,0,2,57,0,59,144,0,144,203
02/02/2011,PVU,UT,ANM,WE,Federal Contract Tower,0,0,3,0,3,0,0,117,0,117,0,0,120,0,120,280,0,280,400
02/03/2011,PVU,UT,ANM,WE,Federal Contract Tower,0,2,7,0,9,0,1,120,0,121,0,3,127,0,130,341,0,341,471
02/04/2011,PVU,UT,ANM,WE,Federal Contract Tower,0,0,6,2,8,0,0,85,0,85,0,0,91,2,93,205,0,205,298
02/05/2011,PVU,UT,ANM,WE,Federal Contract Tower,0,1,5,0,6,0,0,21,0,21,0,1,26,0,27,14,0,14,41
02/06/2011,PVU,UT,ANM,WE,Federal Contract Tower,0,1,3,0,4,0,1,23,0,24,0,2,26,0,28,54,0,54,82
02/07/2011,PVU,UT,ANM,WE,Federal Contract Tower,0,4,6,0,10,0,1,48,0,49,0,5,54,0,59,184,0,184,243
02/08/2011,PVU,UT,ANM,WE,Federal Contract Tower,0,1,9,1,11,0,0,79,3,82,0,1,88,4,93,176,0,176,269
02/09/2011,PVU,UT,ANM,WE,Federal Contract Tower,0,2,3,0,5,0,0,84,0,84,0,2,87,0,89,210,0,210,299
02/10/2011,PVU,UT,ANM,WE,Federal Contract Tower,0,0,9,0,9,0,0,0,0,0,0,0,9,0,9,179,2,181,190
02/11/2011,PVU,UT,ANM,WE,Federal Contract Tower,0,1,14,0,15,0,0,91,0,91,0,1,105,0,106,139,0,139,245
02/12/2011,PVU,UT,ANM,WE,Federal Contract Tower,0,0,8,0,8,0,0,56,0,56,0,0,64,0,64,88,0,88,152
02/13/2011,PVU,UT,ANM,WE,Federal Contract Tower,0,0,9,0,9,0,0,32,0,32,0,0,41,0,41,74,0,74,115
02/14/2011,PVU,UT,ANM,WE,Federal Contract Tower,6,0,4,0,10,3,0,83,0,86,9,0,87,0,96,262,0,262,358
02/15/2011,PVU,UT,ANM,WE,Federal Contract Tower,0,0,4,0,4,0,0,59,0,59,0,0,63,0,63,218,0,218,281
02/16/2011,PVU,UT,ANM,WE,Federal Contract Tower,0,6,12,0,18,0,2,26,0,28,0,8,38,0,46,86,0,86,132
02/17/2011,PVU,UT,ANM,WE,Federal Contract Tower,0,1,6,2,9,0,0,37,1,38,0,1,43,3,47,91,0,91,138
02/18/2011,PVU,UT,ANM,WE,Federal Contract Tower,0,2,8,0,10,0,1,41,0,42,0,3,49,0,52,74,0,74,126
02/19/2011,PVU,UT,ANM,WE,Federal Contract Tower,0,2,8,0,10,0,2,5,0,7,0,4,13,0,17,2,0,2,19
02/20/2011,PVU,UT,ANM,WE,Federal Contract Tower,0,0,4,0,4,0,0,2,0,2,0,0,6,0,6,4,0,4,10
02/21/2011,PVU,UT,ANM,WE,Federal Contract Tower,0,5,11,0,16,0,3,82,0,85,0,8,93,0,101,209,0,209,310
02/22/2011,PVU,UT,ANM,WE,Federal Contract Tower,0,7,10,0,17,0,0,70,0,70,0,7,80,0,87,273,0,273,360
02/23/2011,PVU,UT,ANM,WE,Federal Contract Tower,0,0,3,0,3,0,0,76,0,76,0,0,79,0,79,158,0,158,237
02/24/2011,PVU,UT,ANM,WE,Federal Contract Tower,0,2,4,0,6,0,0,51,0,51,0,2,55,0,57,151,0,151,208
02/25/2011,PVU,UT,ANM,WE,Federal Contract Tower,0,0,4,0,4,0,2,14,0,16,0,2,18,0,20,29,0,29,49
02/26/2011,PVU,UT,ANM,WE,Federal Contract Tower,0,0,8,0,8,0,2,2,0,4,0,2,10,0,12,0,0,0,12
02/27/2011,PVU,UT,ANM,WE,Federal Contract Tower,0,1,3,0,4,0,2,11,0,13,0,3,14,0,17,26,0,26,43
02/28/2011,PVU,UT,ANM,WE,Federal Contract Tower,0,3,8,0,11,0,2,65,3,70,0,5,73,3,81,184,12,196,277
03/01/2011,PVU,UT,ANM,WE,Federal Contract Tower,0,3,13,0,16,0,0,80,0,80,0,3,93,0,96,228,0,228,324
03/02/2011,PVU,UT,ANM,WE,Federal Contract Tower,0,1,9,0,10,0,0,66,0,66,0,1,75,0,76,189,0,189,265
03/03/2011,PVU,UT,ANM,WE,Federal Contract Tower,0,4,9,0,13,0,1,30,0,31,0,5,39,0,44,127,0,127,171
03/04/2011,PVU,UT,ANM,WE,Federal Contract Tower,0,0,4,2,6,0,0,63,4,67,0,0,67,6,73,213,0,213,286
03/05/2011,PVU,UT,ANM,WE,Federal Contract Tower,0,2,1,0,3,0,0,45,0,45,0,2,46,0,48,209,0,209,257
03/06/2011,PVU,UT,ANM,WE,Federal Contract Tower,2,2,3,0,7,0,2,6,0,8,2,4,9,0,15,12,0,12,27
03/07/2011,PVU,UT,ANM,WE,Federal Contract Tower,0,4,5,0,9,0,3,11,0,14,0,7,16,0,23,46,0,46,69
03/08/2011,PVU,UT,ANM,WE,Federal Contract Tower,0,3,4,0,7,0,3,54,0,57,0,6,58,0,64,190,0,190,254
03/09/2011,PVU,UT,ANM,WE,Federal Contract Tower,0,5,2,0,7,0,4,91,0,95,0,9,93,0,102,246,0,246,348
03/10/2011,PVU,UT,ANM,WE,Federal Contract Tower,0,0,9,0,9,0,3,90,0,93,0,3,99,0,102,245,0,245,347
03/11/2011,PVU,UT,ANM,WE,Federal Contract Tower,0,2,8,0,10,0,0,59,0,59,0,2,67,0,69,119,0,119,188
03/12/2011,PVU,UT,ANM,WE,Federal Contract Tower,0,2,8,0,10,0,0,53,0,53,0,2,61,0,63,69,0,69,132
03/13/2011,PVU,UT,ANM,WE,Federal Contract Tower,0,0,3,0,3,0,2,36,0,38,0,2,39,0,41,92,0,92,133
03/14/2011,PVU,UT,ANM,WE,Federal Contract Tower,0,2,4,0,6,0,2,54,0,56,0,4,58,0,62,178,0,178,240
03/15/2011,PVU,UT,ANM,WE,Federal Contract Tower,2,0,7,0,9,0,0,78,0,78,2,0,85,0,87,191,2,193,280
03/16/2011,PVU,UT,ANM,WE,Federal Contract Tower,0,0,6,0,6,0,0,21,0,21,0,0,27,0,27,66,0,66,93
03/17/2011,PVU,UT,ANM,WE,Federal Contract Tower,0,5,13,0,18,0,1,63,0,64,0,6,76,0,82,133,0,133,215
03/18/2011,PVU,UT,ANM,WE,Federal Contract Tower,0,2,5,0,7,0,0,63,0,63,0,2,68,0,70,137,0,137,207
03/19/2011,PVU,UT,ANM,WE,Federal Contract Tower,0,4,15,0,19,0,0,17,1,18,0,4,32,1,37,2,0,2,39
03/20/2011,PVU,UT,ANM,WE,Federal Contract Tower,0,2,2,0,4,0,2,10,0,12,0,4,12,0,16,30,0,30,46
03/21/2011,PVU,UT,ANM,WE,Federal Contract Tower,0,2,13,0,15,0,0,12,1,13,0,2,25,1,28,36,2,38,66
03/22/2011,PVU,UT,ANM,WE,Federal Contract Tower,2,0,2,0,4,0,0,33,0,33,2,0,35,0,37,102,0,102,139
03/23/2011,PVU,UT,ANM,WE,Federal Contract Tower,0,0,6,0,6,0,0,102,0,102,0,0,108,0,108,237,0,237,345
03/24/2011,PVU,UT,ANM,WE,Federal Contract Tower,0,4,13,0,17,0,0,5,0,5,0,4,18,0,22,47,0,47,69
03/25/2011,PVU,UT,ANM,WE,Federal Contract Tower,2,1,6,0,9,0,0,11,0,11,2,1,17,0,20,11,0,11,31
03/26/2011,PVU,UT,ANM,WE,Federal Contract Tower,0,2,13,0,15,0,0,31,0,31,0,2,44,0,46,62,0,62,108
03/27/2011,PVU,UT,ANM,WE,Federal Contract Tower,0,0,7,0,7,0,2,11,0,13,0,2,18,0,20,26,0,26,46
03/28/2011,PVU,UT,ANM,WE,Federal Contract Tower,1,2,5,0,8,0,2,20,0,22,1,4,25,0,30,58,0,58,88
03/29/2011,PVU,UT,ANM,WE,Federal Contract Tower,0,1,8,0,9,0,2,82,0,84,0,3,90,0,93,220,2,222,315
03/30/2011,PVU,UT,ANM,WE,Federal Contract Tower,0,2,10,0,12,0,0,37,0,37,0,2,47,0,49,103,0,103,152
03/31/2011,PVU,UT,ANM,WE,Federal Contract Tower,0,1,3,0,4,0,0,90,0,90,0,1,93,0,94,184,0,184,278
04/01/2011,PVU,UT,ANM,WE,Federal Contract Tower,0,0,12,0,12,0,3,85,0,88,0,3,97,0,100,95,0,95,195
04/02/2011,PVU,UT,ANM,WE,Federal Contract Tower,0,1,2,0,3,0,0,18,0,18,0,1,20,0,21,38,0,38,59
04/03/2011,PVU,UT,ANM,WE,Federal Contract Tower,0,2,10,0,12,0,1,3,2,6,0,3,13,2,18,8,4,12,30
04/04/2011,PVU,UT,ANM,WE,Federal Contract Tower,0,3,11,1,15,0,0,93,1,94,0,3,104,2,109,232,2,234,343
04/05/2011,PVU,UT,ANM,WE,Federal Contract Tower,0,3,4,1,8,0,1,70,1,72,0,4,74,2,80,194,2,196,276
04/06/2011,PVU,UT,ANM,WE,Federal Contract Tower,0,0,1,0,1,0,0,59,1,60,0,0,60,1,61,95,2,97,158
04/07/2011,PVU,UT,ANM,WE,Federal Contract Tower,0,11,6,0,17,0,6,29,0,35,0,17,35,0,52,70,0,70,122
04/08/2011,PVU,UT,ANM,WE,Federal Contract Tower,0,1,8,1,10,0,1,4,0,5,0,2,12,1,15,0,0,0,15
04/09/2011,PVU,UT,ANM,WE,Federal Contract Tower,0,2,4,1,7,0,2,2,0,4,0,4,6,1,11,0,0,0,11
04/10/2011,PVU,UT,ANM,WE,Federal Contract Tower,2,2,2,2,8,0,0,16,2,18,2,2,18,4,26,34,4,38,64
04/11/2011,PVU,UT,ANM,WE,Federal Contract Tower,0,2,9,0,11,0,3,102,3,108,0,5,111,3,119,168,6,174,293
04/12/2011,PVU,UT,ANM,WE,Federal Contract Tower,0,3,8,0,11,0,1,47,0,48,0,4,55,0,59,165,0,165,224
04/13/2011,PVU,UT,ANM,WE,Federal Contract Tower,0,4,3,0,7,0,0,58,0,58,0,4,61,0,65,115,0,115,180
04/14/2011,PVU,UT,ANM,WE,Federal Contract Tower,0,1,5,0,6,0,4,42,0,46,0,5,47,0,52,114,0,114,166
04/15/2011,PVU,UT,ANM,WE,Federal Contract Tower,0,1,4,0,5,0,0,89,0,89,0,1,93,0,94,228,0,228,322
04/16/2011,PVU,UT,ANM,WE,Federal Contract Tower,0,2,4,0,6,0,0,46,0,46,0,2,50,0,52,60,0,60,112
04/17/2011,PVU,UT,ANM,WE,Federal Contract Tower,0,6,4,0,10,0,1,19,0,20,0,7,23,0,30,56,0,56,86
04/18/2011,PVU,UT,ANM,WE,Federal Contract Tower,0,0,4,0,4,0,0,10,1,11,0,0,14,1,15,52,0,52,67
04/19/2011,PVU,UT,ANM,WE,Federal Contract Tower,0,2,5,0,7,0,1,65,13,79,0,3,70,13,86,168,26,194,280
04/20/2011,PVU,UT,ANM,WE,Federal Contract Tower,0,1,8,0,9,0,0,56,3,59,0,1,64,3,68,136,6,142,210
04/21/2011,PVU,UT,ANM,WE,Federal Contract Tower,4,3,7,0,14,0,0,36,0,36,4,3,43,0,50,79,0,79,129
04/22/2011,PVU,UT,ANM,WE,Federal Contract Tower,0,1,11,0,12,0,2,83,0,85,0,3,94,0,97,116,0,116,213
04/23/2011,PVU,UT,ANM,WE,Federal Contract Tower,0,4,9,0,13,0,5,65,0,70,0,9,74,0,83,145,0,145,228
04/24/2011,PVU,UT,ANM,WE,Federal Contract Tower,0,1,4,0,5,0,0,6,0,6,0,1,10,0,11,12,0,12,23
04/25/2011,PVU,UT,ANM,WE,Federal Contract Tower,0,0,11,2,13,0,0,44,0,44,0,0,55,2,57,100,0,100,157
04/26/2011,PVU,UT,ANM,WE,Federal Contract Tower,0,4,7,0,11,0,0,9,0,9,0,4,16,0,20,22,1,23,43
04/27/2011,PVU,UT,ANM,WE,Federal Contract Tower,0,2,14,0,16,0,0,93,0,93,0,2,107,0,109,207,0,207,316
04/28/2011,PVU,UT,ANM,WE,Federal Contract Tower,0,3,8,4,15,0,3,80,4,87,0,6,88,8,102,136,0,136,238
04/29/2011,PVU,UT,ANM,WE,Federal Contract Tower,0,2,8,0,10,0,0,3,0,3,0,2,11,0,13,2,0,2,15
04/30/2011,PVU,UT,ANM,WE,Federal Contract Tower,0,2,8,0,10,0,0,29,0,29,0,2,37,0,39,113,0,113,152
05/01/2011,PVU,UT,ANM,WE,Federal Contract Tower,0,0,6,0,6,0,0,28,0,28,0,0,34,0,34,64,0,64,98
05/02/2011,PVU,UT,ANM,WE,Federal Contract Tower,0,3,5,0,8,0,0,91,0,91,0,3,96,0,99,242,0,242,341
05/03/2011,PVU,UT,ANM,WE,Federal Contract Tower,0,2,8,0,10,0,0,58,0,58,0,2,66,0,68,176,0,176,244
05/04/2011,PVU,UT,ANM,WE,Federal Contract Tower,0,1,11,0,12,0,0,69,0,69,0,1,80,0,81,187,0,187,268
05/05/2011,PVU,UT,ANM,WE,Federal Contract Tower,0,2,3,0,5,0,2,89,0,91,0,4,92,0,96,197,0,197,293
05/06/2011,PVU,UT,ANM,WE,Federal Contract Tower,0,2,8,0,10,0,4,64,0,68,0,6,72,0,78,79,0,79,157
05/07/2011,PVU,UT,ANM,WE,Federal Contract Tower,0,0,6,0,6,0,0,63,0,63,0,0,69,0,69,95,0,95,164
05/08/2011,PVU,UT,ANM,WE,Federal Contract Tower,0,0,3,0,3,0,0,6,0,6,0,0,9,0,9,12,0,12,21
05/09/2011,PVU,UT,ANM,WE,Federal Contract Tower,0,3,3,0,6,0,0,1,0,1,0,3,4,0,7,2,0,2,9
05/10/2011,PVU,UT,ANM,WE,Federal Contract Tower,0,0,8,0,8,0,0,28,0,28,0,0,36,0,36,89,0,89,125
05/11/2011,PVU,UT,ANM,WE,Federal Contract Tower,0,4,9,0,13,0,0,42,0,42,0,4,51,0,55,153,0,153,208
05/12/2011,PVU,UT,ANM,WE,Federal Contract Tower,0,2,8,0,10,0,0,85,0,85,0,2,93,0,95,171,0,171,266
05/13/2011,PVU,UT,ANM,WE,Federal Contract Tower,0,0,4,0,4,0,1,85,0,86,0,1,89,0,90,107,0,107,197
05/14/2011,PVU,UT,ANM,WE,Federal Contract Tower,0,0,4,0,4,0,2,41,0,43,0,2,45,0,47,30,0,30,77
05/15/2011,PVU,UT,ANM,WE,Federal Contract Tower,0,3,3,2,8,0,1,11,2,14,0,4,14,4,22,22,4,26,48
05/16/2011,PVU,UT,ANM,WE,Federal Contract Tower,0,5,3,0,8,0,0,51,0,51,0,5,54,0,59,134,0,134,193
05/17/2011,PVU,UT,ANM,WE,Federal Contract Tower,0,2,2,0,4,0,0,31,0,31,0,2,33,0,35,65,0,65,100
05/18/2011,PVU,UT,ANM,WE,Federal Contract Tower,0,6,8,0,14,0,0,10,0,10,0,6,18,0,24,5,0,5,29
05/19/2011,PVU,UT,ANM,WE,Federal Contract Tower,0,1,13,0,14,0,0,11,0,11,0,1,24,0,25,27,0,27,52
05/20/2011,PVU,UT,ANM,WE,Federal Contract Tower,0,0,8,0,8,0,0,10,2,12,0,0,18,2,20,79,0,79,99
05/21/2011,PVU,UT,ANM,WE,Federal Contract Tower,0,0,3,0,3,0,0,53,0,53,0,0,56,0,56,78,2,80,136
05/22/2011,PVU,UT,ANM,WE,Federal Contract Tower,0,2,2,0,4,0,0,12,2,14,0,2,14,2,18,32,4,36,54
05/23/2011,PVU,UT,ANM,WE,Federal Contract Tower,0,3,5,0,8,0,0,41,0,41,0,3,46,0,49,98,0,98,147
05/24/2011,PVU,UT,ANM,WE,Federal Contract Tower,0,3,8,0,11,0,1,51,0,52,0,4,59,0,63,105,0,105,168
05/25/2011,PVU,UT,ANM,WE,Federal Contract Tower,0,1,12,0,13,0,0,56,0,56,0,1,68,0,69,122,0,122,191
05/26/2011,PVU,UT,ANM,WE,Federal Contract Tower,0,2,4,0,6,0,3,36,0,39,0,5,40,0,45,59,0,59,104
05/27/2011,PVU,UT,ANM,WE,Federal Contract Tower,0,0,8,0,8,0,0,65,2,67,0,0,73,2,75,144,0,144,219
05/28/2011,PVU,UT,ANM,WE,Federal Contract Tower,0,0,6,0,6,0,0,38,0,38,0,0,44,0,44,60,0,60,104
05/29/2011,PVU,UT,ANM,WE,Federal Contract Tower,0,0,8,0,8,0,0,2,4,6,0,0,10,4,14,4,8,12,26
05/30/2011,PVU,UT,ANM,WE,Federal Contract Tower,0,1,4,0,5,0,1,21,0,22,0,2,25,0,27,47,0,47,74
05/31/2011,PVU,UT,ANM,WE,Federal Contract Tower,0,2,13,0,15,0,0,69,0,69,0,2,82,0,84,152,0,152,236
06/01/2011,PVU,UT,ANM,WE,Federal Contract Tower,0,0,7,0,7,0,0,60,0,60,0,0,67,0,67,106,0,106,173
06/02/2011,PVU,UT,ANM,WE,Federal Contract Tower,0,2,3,0,5,0,0,67,0,67,0,2,70,0,72,115,0,115,187
06/03/2011,PVU,UT,ANM,WE,Federal Contract Tower,0,0,7,1,8,0,0,48,1,49,0,0,55,2,57,40,6,46,103
06/04/2011,PVU,UT,ANM,WE,Federal Contract Tower,0,3,3,0,6,0,0,65,0,65,0,3,68,0,71,81,0,81,152
06/05/2011,PVU,UT,ANM,WE,Federal Contract Tower,0,0,6,0,6,0,0,20,0,20,0,0,26,0,26,13,0,13,39
06/06/2011,PVU,UT,ANM,WE,Federal Contract Tower,0,5,5,2,12,0,0,37,2,39,0,5,42,4,51,84,4,88,139
06/07/2011,PVU,UT,ANM,WE,Federal Contract Tower,0,0,3,1,4,0,0,64,0,64,0,0,67,1,68,162,2,164,232
06/08/2011,PVU,UT,ANM,WE,Federal Contract Tower,0,0,8,0,8,0,0,74,0,74,0,0,82,0,82,180,0,180,262
06/09/2011,PVU,UT,ANM,WE,Federal Contract Tower,0,0,3,0,3,0,0,51,0,51,0,0,54,0,54,105,0,105,159
06/10/2011,PVU,UT,ANM,WE,Federal Contract Tower,0,1,5,2,8,0,0,62,0,62,0,1,67,2,70,114,0,114,184
06/11/2011,PVU,UT,ANM,WE,Federal Contract Tower,0,1,1,0,2,0,2,42,0,44,0,3,43,0,46,85,0,85,131
06/12/2011,PVU,UT,ANM,WE,Federal Contract Tower,0,2,4,1,7,0,0,25,0,25,0,2,29,1,32,62,0,62,94
06/13/2011,PVU,UT,ANM,WE,Federal Contract Tower,0,1,12,1,14,0,2,68,1,71,0,3,80,2,85,196,2,198,283
06/14/2011,PVU,UT,ANM,WE,Federal Contract Tower,0,1,3,2,6,0,0,110,0,110,0,1,113,2,116,198,0,198,314
06/15/2011,PVU,UT,ANM,WE,Federal Contract Tower,0,0,8,0,8,0,0,71,0,71,0,0,79,0,79,186,0,186,265
06/16/2011,PVU,UT,ANM,WE,Federal Contract Tower,0,0,2,3,5,0,0,82,0,82,0,0,84,3,87,142,2,144,231
06/17/2011,PVU,UT,ANM,WE,Federal Contract Tower,0,2,2,1,5,0,3,60,1,64,0,5,62,2,69,91,0,91,160
06/18/2011,PVU,UT,ANM,WE,Federal Contract Tower,0,0,7,0,7,0,20,44,0,64,0,20,51,0,71,117,0,117,188
06/19/2011,PVU,UT,ANM,WE,Federal Contract Tower,0,0,4,0,4,0,0,1,0,1,0,0,5,0,5,0,0,0,5
06/20/2011,PVU,UT,ANM,WE,Federal Contract Tower,0,1,5,0,6,0,0,73,1,74,0,1,78,1,80,91,2,93,173
06/21/2011,PVU,UT,ANM,WE,Federal Contract Tower,1,0,5,0,6,0,0,74,0,74,1,0,79,0,80,196,0,196,276
06/22/2011,PVU,UT,ANM,WE,Federal Contract Tower,1,2,5,0,8,0,0,77,0,77,1,2,82,0,85,147,0,147,232
06/23/2011,PVU,UT,ANM,WE,Federal Contract Tower,1,0,1,0,2,0,2,72,0,74,1,2,73,0,76,152,0,152,228
06/24/2011,PVU,UT,ANM,WE,Federal Contract Tower,1,0,4,0,5,0,4,85,0,89,1,4,89,0,94,93,0,93,187
06/25/2011,PVU,UT,ANM,WE,Federal Contract Tower,0,0,5,0,5,0,2,60,0,62,0,2,65,0,67,107,0,107,174
06/26/2011,PVU,UT,ANM,WE,Federal Contract Tower,2,0,5,0,7,0,0,34,0,34,2,0,39,0,41,68,0,68,109
06/27/2011,PVU,UT,ANM,WE,Federal Contract Tower,2,2,12,0,16,0,0,75,0,75,2,2,87,0,91,150,0,150,241
06/28/2011,PVU,UT,ANM,WE,Federal Contract Tower,1,0,3,0,4,0,0,58,0,58,1,0,61,0,62,130,0,130,192
06/29/2011,PVU,UT,ANM,WE,Federal Contract Tower,1,1,8,0,10,0,0,33,0,33,1,1,41,0,43,52,0,52,95
06/30/2011,PVU,UT,ANM,WE,Federal Contract Tower,1,0,3,3,7,0,0,33,0,33,1,0,36,3,40,152,0,152,192
07/01/2011,PVU,UT,ANM,WE,Federal Contract Tower,2,4,9,0,15,0,0,62,0,62,2,4,71,0,77,109,0,109,186
07/02/2011,PVU,UT,ANM,WE,Federal Contract Tower,2,2,4,0,8,0,1,76,0,77,2,3,80,0,85,159,0,159,244
07/03/2011,PVU,UT,ANM,WE,Federal Contract Tower,2,2,8,0,12,0,10,31,0,41,2,12,39,0,53,62,0,62,115
07/04/2011,PVU,UT,ANM,WE,Federal Contract Tower,2,2,7,0,11,0,4,44,0,48,2,6,51,0,59,115,0,115,174
07/05/2011,PVU,UT,ANM,WE,Federal Contract Tower,1,0,4,0,5,0,0,48,0,48,1,0,52,0,53,126,0,126,179
07/06/2011,PVU,UT,ANM,WE,Federal Contract Tower,1,2,0,0,3,0,0,67,0,67,1,2,67,0,70,124,0,124,194
07/07/2011,PVU,UT,ANM,WE,Federal Contract Tower,1,2,6,0,9,0,0,27,0,27,1,2,33,0,36,78,0,78,114
07/08/2011,PVU,UT,ANM,WE,Federal Contract Tower,1,0,4,0,5,0,1,36,4,41,1,1,40,4,46,100,7,107,153
07/09/2011,PVU,UT,ANM,WE,Federal Contract Tower,1,0,2,0,3,0,2,40,0,42,1,2,42,0,45,48,0,48,93
07/10/2011,PVU,UT,ANM,WE,Federal Contract Tower,1,3,4,0,8,0,0,32,0,32,1,3,36,0,40,70,0,70,110
07/11/2011,PVU,UT,ANM,WE,Federal Contract Tower,1,3,5,0,9,0,0,44,0,44,1,3,49,0,53,76,2,78,131
07/12/2011,PVU,UT,ANM,WE,Federal Contract Tower,1,3,8,0,12,0,0,94,0,94,1,3,102,0,106,128,0,128,234
07/13/2011,PVU,UT,ANM,WE,Federal Contract Tower,1,6,5,0,12,0,0,33,0,33,1,6,38,0,45,69,0,69,114
07/14/2011,PVU,UT,ANM,WE,Federal Contract Tower,1,4,14,0,19,0,0,95,0,95,1,4,109,0,114,185,0,185,299
07/15/2011,PVU,UT,ANM,WE,Federal Contract Tower,1,0,5,0,6,0,2,49,0,51,1,2,54,0,57,125,0,125,182
07/16/2011,PVU,UT,ANM,WE,Federal Contract Tower,2,2,2,0,6,0,0,23,0,23,2,2,25,0,29,29,0,29,58
07/17/2011,PVU,UT,ANM,WE,Federal Contract Tower,2,0,5,0,7,0,1,26,0,27,2,1,31,0,34,56,0,56,90
07/18/2011,PVU,UT,ANM,WE,Federal Contract Tower,1,0,10,0,11,0,0,60,0,60,1,0,70,0,71,79,0,79,150
07/19/2011,PVU,UT,ANM,WE,Federal Contract Tower,1,0,6,0,7,0,2,51,0,53,1,2,57,0,60,111,0,111,171
07/20/2011,PVU,UT,ANM,WE,Federal Contract Tower,1,3,8,0,12,0,0,69,0,69,1,3,77,0,81,190,0,190,271
07/21/2011,PVU,UT,ANM,WE,Federal Contract Tower,1,1,11,0,13,0,0,63,0,63,1,1,74,0,76,85,0,85,161
07/22/2011,PVU,UT,ANM,WE,Federal Contract Tower,1,0,2,0,3,0,0,64,0,64,1,0,66,0,67,64,0,64,131
07/23/2011,PVU,UT,ANM,WE,Federal Contract Tower,1,0,2,0,3,0,0,41,0,41,1,0,43,0,44,77,0,77,121
07/24/2011,PVU,UT,ANM,WE,Federal Contract Tower,2,3,7,0,12,0,0,34,0,34,2,3,41,0,46,79,0,79,125
07/25/2011,PVU,UT,ANM,WE,Federal Contract Tower,2,3,2,0,7,0,0,39,2,41,2,3,41,2,48,0,0,0,48
07/26/2011,PVU,UT,ANM,WE,Federal Contract Tower,1,0,3,0,4,0,0,40,0,40,1,0,43,0,44,135,0,135,179
07/27/2011,PVU,UT,ANM,WE,Federal Contract Tower,2,0,4,0,6,0,0,34,0,34,2,0,38,0,40,118,0,118,158
07/28/2011,PVU,UT,ANM,WE,Federal Contract Tower,1,0,7,0,8,0,0,43,0,43,1,0,50,0,51,101,0,101,152
07/29/2011,PVU,UT,ANM,WE,Federal Contract Tower,1,1,5,0,7,0,3,72,0,75,1,4,77,0,82,103,0,103,185
07/30/2011,PVU,UT,ANM,WE,Federal Contract Tower,3,0,6,0,9,0,0,41,0,41,3,0,47,0,50,39,0,39,89
07/31/2011,PVU,UT,ANM,WE,Federal Contract Tower,2,1,5,0,8,0,0,17,0,17,2,1,22,0,25,34,0,34,59
08/01/2011,PVU,UT,ANM,WE,Federal Contract Tower,1,3,10,0,14,0,0,35,0,35,1,3,45,0,49,76,0,76,125
08/02/2011,PVU,UT,ANM,WE,Federal Contract Tower,1,0,9,0,10,0,0,45,1,46,1,0,54,1,56,121,0,121,177
08/03/2011,PVU,UT,ANM,WE,Federal Contract Tower,1,1,4,0,6,0,0,47,0,47,1,1,51,0,53,103,0,103,156
08/04/2011,PVU,UT,ANM,WE,Federal Contract Tower,1,3,8,0,12,0,0,45,0,45,1,3,53,0,57,108,0,108,165
08/05/2011,PVU,UT,ANM,WE,Federal Contract Tower,1,0,5,0,6,0,0,67,0,67,1,0,72,0,73,69,0,69,142
08/06/2011,PVU,UT,ANM,WE,Federal Contract Tower,1,5,1,0,7,0,2,55,0,57,1,7,56,0,64,59,0,59,123
08/07/2011,PVU,UT,ANM,WE,Federal Contract Tower,2,0,3,0,5,0,0,42,0,42,2,0,45,0,47,122,0,122,169
08/08/2011,PVU,UT,ANM,WE,Federal Contract Tower,2,2,5,0,9,0,0,71,0,71,2,2,76,0,80,191,0,191,271
08/09/2011,PVU,UT,ANM,WE,Federal Contract Tower,1,1,11,0,13,0,1,44,0,45,1,2,55,0,58,88,5,93,151
08/10/2011,PVU,UT,ANM,WE,Federal Contract Tower,1,7,4,0,12,0,0,53,0,53,1,7,57,0,65,144,0,144,209
08/11/2011,PVU,UT,ANM,WE,Federal Contract Tower,1,4,12,0,17,0,0,53,0,53,1,4,65,0,70,114,0,114,184
08/12/2011,PVU,UT,ANM,WE,Federal Contract Tower,1,5,12,0,18,0,2,52,0,54,1,7,64,0,72,48,0,48,120
08/13/2011,PVU,UT,ANM,WE,Federal Contract Tower,1,3,7,0,11,0,1,30,0,31,1,4,37,0,42,64,0,64,106
08/14/2011,PVU,UT,ANM,WE,Federal Contract Tower,1,0,7,0,8,0,0,27,0,27,1,0,34,0,35,72,0,72,107
08/15/2011,PVU,UT,ANM,WE,Federal Contract Tower,1,0,10,0,11,0,0,62,0,62,1,0,72,0,73,176,0,176,249
08/16/2011,PVU,UT,ANM,WE,Federal Contract Tower,1,0,6,0,7,0,0,58,0,58,1,0,64,0,65,209,0,209,274
08/17/2011,PVU,UT,ANM,WE,Federal Contract Tower,1,3,8,2,14,0,8,68,0,76,1,11,76,2,90,149,0,149,239
08/18/2011,PVU,UT,ANM,WE,Federal Contract Tower,1,10,11,0,22,0,0,65,0,65,1,10,76,0,87,99,8,107,194
08/19/2011,PVU,UT,ANM,WE,Federal Contract Tower,1,1,6,0,8,1,0,51,0,52,2,1,57,0,60,85,0,85,145
08/20/2011,PVU,UT,ANM,WE,Federal Contract Tower,2,0,7,0,9,0,0,47,0,47,2,0,54,0,56,41,0,41,97
08/21/2011,PVU,UT,ANM,WE,Federal Contract Tower,1,1,5,0,7,0,0,34,4,38,1,1,39,4,45,84,8,92,137
08/22/2011,PVU,UT,ANM,WE,Federal Contract Tower,1,1,7,0,9,0,1,81,0,82,1,2,88,0,91,198,0,198,289
08/23/2011,PVU,UT,ANM,WE,Federal Contract Tower,1,3,10,0,14,0,0,81,0,81,1,3,91,0,95,187,0,187,282
08/24/2011,PVU,UT,ANM,WE,Federal Contract Tower,1,0,2,0,3,0,0,91,0,91,1,0,93,0,94,163,0,163,257
08/25/2011,PVU,UT,ANM,WE,Federal Contract Tower,1,4,3,0,8,0,1,54,0,55,1,5,57,0,63,130,0,130,193
08/26/2011,PVU,UT,ANM,WE,Federal Contract Tower,2,4,8,0,14,0,0,69,0,69,2,4,77,0,83,82,0,82,165
08/27/2011,PVU,UT,ANM,WE,Federal Contract Tower,1,0,1,0,2,0,0,44,4,48,1,0,45,4,50,121,8,129,179
08/28/2011,PVU,UT,ANM,WE,Federal Contract Tower,1,2,4,0,7,0,1,30,0,31,1,3,34,0,38,32,0,32,70
08/29/2011,PVU,UT,ANM,WE,Federal Contract Tower,2,0,10,0,12,0,0,90,0,90,2,0,100,0,102,223,0,223,325
08/30/2011,PVU,UT,ANM,WE,Federal Contract Tower,2,0,3,0,5,0,0,84,0,84,2,0,87,0,89,190,0,190,279
08/31/2011,PVU,UT,ANM,WE,Federal Contract Tower,1,3,14,0,18,0,0,59,0,59,1,3,73,0,77,166,0,166,243
09/01/2011,PVU,UT,ANM,WE,Federal Contract Tower,1,3,5,0,9,0,0,99,0,99,1,3,104,0,108,250,0,250,358
09/02/2011,PVU,UT,ANM,WE,Federal Contract Tower,3,3,10,0,16,0,3,77,0,80,3,6,87,0,96,95,0,95,191
09/03/2011,PVU,UT,ANM,WE,Federal Contract Tower,1,0,6,0,7,0,0,49,0,49,1,0,55,0,56,118,0,118,174
09/04/2011,PVU,UT,ANM,WE,Federal Contract Tower,1,0,5,0,6,0,4,43,0,47,1,4,48,0,53,102,0,102,155
09/05/2011,PVU,UT,ANM,WE,Federal Contract Tower,1,5,9,0,15,0,0,48,0,48,1,5,57,0,63,135,0,135,198
09/06/2011,PVU,UT,ANM,WE,Federal Contract Tower,2,1,3,0,6,0,0,76,0,76,2,1,79,0,82,164,0,164,246
09/07/2011,PVU,UT,ANM,WE,Federal Contract Tower,2,1,5,0,8,0,0,68,0,68,2,1,73,0,76,196,0,196,272
09/08/2011,PVU,UT,ANM,WE,Federal Contract Tower,4,2,3,0,9,0,0,80,0,80,4,2,83,0,89,130,0,130,219
09/09/2011,PVU,UT,ANM,WE,Federal Contract Tower,4,4,4,0,12,0,0,78,0,78,4,4,82,0,90,157,0,157,247
09/10/2011,PVU,UT,ANM,WE,Federal Contract Tower,2,0,8,0,10,0,0,27,0,27,2,0,35,0,37,19,0,19,56
09/11/2011,PVU,UT,ANM,WE,Federal Contract Tower,4,0,8,0,12,0,0,17,0,17,4,0,25,0,29,40,0,40,69
09/12/2011,PVU,UT,ANM,WE,Federal Contract Tower,2,0,8,0,10,0,0,92,0,92,2,0,100,0,102,238,0,238,340
09/13/2011,PVU,UT,ANM,WE,Federal Contract Tower,2,2,7,0,11,0,0,70,0,70,2,2,77,0,81,148,0,148,229
09/14/2011,PVU,UT,ANM,WE,Federal Contract Tower,2,1,12,0,15,0,0,93,0,93,2,1,105,0,108,210,0,210,318
09/15/2011,PVU,UT,ANM,WE,Federal Contract Tower,2,2,10,0,14,0,0,66,0,66,2,2,76,0,80,129,0,129,209
09/16/2011,PVU,UT,ANM,WE,Federal Contract Tower,2,0,10,0,12,0,1,65,0,66,2,1,75,0,78,101,2,103,181
09/17/2011,PVU,UT,ANM,WE,Federal Contract Tower,2,0,5,0,7,0,1,60,0,61,2,1,65,0,68,112,0,112,180
09/18/2011,PVU,UT,ANM,WE,Federal Contract Tower,0,2,3,0,5,0,0,30,0,30,0,2,33,0,35,70,0,70,105
09/19/2011,PVU,UT,ANM,WE,Federal Contract Tower,2,0,1,0,3,0,0,108,0,108,2,0,109,0,111,226,0,226,337
09/20/2011,PVU,UT,ANM,WE,Federal Contract Tower,2,0,5,0,7,0,0,80,0,80,2,0,85,0,87,215,0,215,302
09/21/2011,PVU,UT,ANM,WE,Federal Contract Tower,2,2,6,0,10,0,0,78,0,78,2,2,84,0,88,198,0,198,286
09/22/2011,PVU,UT,ANM,WE,Federal Contract Tower,3,3,6,0,12,0,0,71,0,71,3,3,77,0,83,124,0,124,207
09/23/2011,PVU,UT,ANM,WE,Federal Contract Tower,2,5,4,0,11,0,1,97,0,98,2,6,101,0,109,113,0,113,222
09/24/2011,PVU,UT,ANM,WE,Federal Contract Tower,2,5,2,0,9,0,1,62,0,63,2,6,64,0,72,70,4,74,146
09/25/2011,PVU,UT,ANM,WE,Federal Contract Tower,2,2,2,0,6,0,0,29,0,29,2,2,31,0,35,62,0,62,97
09/26/2011,PVU,UT,ANM,WE,Federal Contract Tower,2,0,6,0,8,0,0,86,2,88,2,0,92,2,96,262,6,268,364
09/27/2011,PVU,UT,ANM,WE,Federal Contract Tower,2,2,5,0,9,0,4,93,0,97,2,6,98,0,106,255,0,255,361
09/28/2011,PVU,UT,ANM,WE,Federal Contract Tower,2,1,10,0,13,0,0,91,0,91,2,1,101,0,104,227,0,227,331
09/29/2011,PVU,UT,ANM,WE,Federal Contract Tower,2,0,6,0,8,0,0,89,1,90,2,0,95,1,98,188,2,190,288
09/30/2011,PVU,UT,ANM,WE,Federal Contract Tower,2,0,12,0,14,0,1,119,0,120,2,1,131,0,134,144,0,144,278
10/01/2011,PVU,UT,ANM,WE,Federal Contract Tower,2,1,1,0,4,0,2,57,0,59,2,3,58,0,63,102,0,102,165
10/02/2011,PVU,UT,ANM,WE,Federal Contract Tower,2,2,3,0,7,0,0,25,0,25,2,2,28,0,32,9,0,9,41
10/03/2011,PVU,UT,ANM,WE,Federal Contract Tower,2,4,8,0,14,0,2,88,0,90,2,6,96,0,104,260,0,260,364
10/04/2011,PVU,UT,ANM,WE,Federal Contract Tower,2,1,1,1,5,0,2,69,4,75,2,3,70,5,80,149,0,149,229
10/05/2011,PVU,UT,ANM,WE,Federal Contract Tower,2,5,10,0,17,0,0,45,0,45,2,5,55,0,62,106,0,106,168
10/06/2011,PVU,UT,ANM,WE,Federal Contract Tower,1,0,14,0,15,0,0,10,0,10,1,0,24,0,25,4,0,4,29
10/07/2011,PVU,UT,ANM,WE,Federal Contract Tower,3,0,11,1,15,0,0,34,0,34,3,0,45,1,49,124,2,126,175
10/08/2011,PVU,UT,ANM,WE,Federal Contract Tower,2,2,10,0,14,0,2,14,0,16,2,4,24,0,30,128,0,128,158
10/09/2011,PVU,UT,ANM,WE,Federal Contract Tower,2,2,5,0,9,0,0,47,0,47,2,2,52,0,56,104,0,104,160
10/10/2011,PVU,UT,ANM,WE,Federal Contract Tower,2,1,13,0,16,0,0,110,0,110,2,1,123,0,126,236,0,236,362
10/11/2011,PVU,UT,ANM,WE,Federal Contract Tower,2,1,4,0,7,0,0,59,4,63,2,1,63,4,70,160,8,168,238
10/12/2011,PVU,UT,ANM,WE,Federal Contract Tower,2,2,4,0,8,0,0,127,4,131,2,2,131,4,139,292,0,292,431
10/13/2011,PVU,UT,ANM,WE,Federal Contract Tower,2,3,3,0,8,0,0,111,0,111,2,3,114,0,119,239,0,239,358
10/14/2011,PVU,UT,ANM,WE,Federal Contract Tower,4,3,5,1,13,0,0,116,2,118,4,3,121,3,131,240,8,248,379
10/15/2011,PVU,UT,ANM,WE,Federal Contract Tower,2,0,2,0,4,0,0,59,0,59,2,0,61,0,63,163,0,163,226
10/16/2011,PVU,UT,ANM,WE,Federal Contract Tower,2,0,7,1,10,0,0,30,4,34,2,0,37,5,44,96,6,102,146
10/17/2011,PVU,UT,ANM,WE,Federal Contract Tower,2,0,3,1,6,0,0,87,12,99,2,0,90,13,105,240,24,264,369
10/18/2011,PVU,UT,ANM,WE,Federal Contract Tower,2,0,4,0,6,0,0,94,2,96,2,0,98,2,102,283,4,287,389
10/19/2011,PVU,UT,ANM,WE,Federal Contract Tower,2,0,4,0,6,0,0,109,0,109,2,0,113,0,115,285,0,285,400
10/20/2011,PVU,UT,ANM,WE,Federal Contract Tower,2,3,13,2,20,0,0,84,0,84,2,3,97,2,104,262,4,266,370
10/21/2011,PVU,UT,ANM,WE,Federal Contract Tower,4,1,5,0,10,0,0,74,0,74,4,1,79,0,84,157,0,157,241
10/22/2011,PVU,UT,ANM,WE,Federal Contract Tower,2,5,6,0,13,0,1,75,0,76,2,6,81,0,89,137,0,137,226
10/23/2011,PVU,UT,ANM,WE,Federal Contract Tower,2,1,2,0,5,0,0,50,0,50,2,1,52,0,55,120,0,120,175
10/24/2011,PVU,UT,ANM,WE,Federal Contract Tower,2,0,2,0,4,0,0,103,1,104,2,0,105,1,108,254,2,256,364
10/25/2011,PVU,UT,ANM,WE,Federal Contract Tower,2,0,4,0,6,0,0,50,0,50,2,0,54,0,56,177,0,177,233
10/26/2011,PVU,UT,ANM,WE,Federal Contract Tower,2,3,9,0,14,0,0,82,0,82,2,3,91,0,96,229,8,237,333
10/27/2011,PVU,UT,ANM,WE,Federal Contract Tower,4,5,4,0,13,0,0,92,0,92,4,5,96,0,105,261,0,261,366
10/28/2011,PVU,UT,ANM,WE,Federal Contract Tower,2,6,7,2,17,0,2,80,0,82,2,8,87,2,99,194,0,194,293
10/29/2011,PVU,UT,ANM,WE,Federal Contract Tower,2,2,6,0,10,0,0,44,0,44,2,2,50,0,54,53,0,53,107
10/30/2011,PVU,UT,ANM,WE,Federal Contract Tower,2,1,5,0,8,0,0,27,0,27,2,1,32,0,35,64,0,64,99
10/31/2011,PVU,UT,ANM,WE,Federal Contract Tower,2,0,1,0,3,0,1,95,0,96,2,1,96,0,99,275,0,275,374
11/01/2011,PVU,UT,ANM,WE,Federal Contract Tower,2,1,5,0,8,0,1,82,2,85,2,2,87,2,93,236,4,240,333
11/02/2011,PVU,UT,ANM,WE,Federal Contract Tower,2,5,7,0,14,0,0,100,0,100,2,5,107,0,114,294,0,294,408
11/03/2011,PVU,UT,ANM,WE,Federal Contract Tower,2,3,8,0,13,0,0,90,0,90,2,3,98,0,103,210,0,210,313
11/04/2011,PVU,UT,ANM,WE,Federal Contract Tower,2,6,15,0,23,0,3,32,0,35,2,9,47,0,58,93,0,93,151
11/05/2011,PVU,UT,ANM,WE,Federal Contract Tower,2,3,7,0,12,0,0,6,0,6,2,3,13,0,18,15,0,15,33
11/06/2011,PVU,UT,ANM,WE,Federal Contract Tower,2,2,5,2,11,0,0,13,4,17,2,2,18,6,28,50,4,54,82
11/07/2011,PVU,UT,ANM,WE,Federal Contract Tower,2,1,8,0,11,0,0,33,0,33,2,1,41,0,44,168,0,168,212
11/08/2011,PVU,UT,ANM,WE,Federal Contract Tower,2,1,4,0,7,0,1,73,2,76,2,2,77,2,83,217,4,221,304
11/09/2011,PVU,UT,ANM,WE,Federal Contract Tower,2,6,9,0,17,0,0,110,0,110,2,6,119,0,127,340,0,340,467
11/10/2011,PVU,UT,ANM,WE,Federal Contract Tower,2,5,3,0,10,0,0,57,0,57,2,5,60,0,67,127,0,127,194
11/11/2011,PVU,UT,ANM,WE,Federal Contract Tower,3,2,6,0,11,0,2,70,0,72,3,4,76,0,83,189,0,189,272
11/12/2011,PVU,UT,ANM,WE,Federal Contract Tower,4,2,6,0,12,0,0,3,0,3,4,2,9,0,15,0,0,0,15
11/13/2011,PVU,UT,ANM,WE,Federal Contract Tower,2,0,4,0,6,0,2,4,0,6,2,2,8,0,12,10,0,10,22
11/14/2011,PVU,UT,ANM,WE,Federal Contract Tower,2,4,4,0,10,0,0,96,0,96,2,4,100,0,106,259,0,259,365
11/15/2011,PVU,UT,ANM,WE,Federal Contract Tower,2,0,2,0,4,0,0,81,7,88,2,0,83,7,92,252,14,266,358
11/16/2011,PVU,UT,ANM,WE,Federal Contract Tower,2,2,7,0,11,0,0,94,0,94,2,2,101,0,105,213,0,213,318
11/17/2011,PVU,UT,ANM,WE,Federal Contract Tower,2,6,11,0,19,0,0,99,9,108,2,6,110,9,127,189,14,203,330
11/18/2011,PVU,UT,ANM,WE,Federal Contract Tower,3,2,8,0,13,0,0,54,0,54,3,2,62,0,67,144,0,144,211
11/19/2011,PVU,UT,ANM,WE,Federal Contract Tower,2,1,4,0,7,0,0,41,0,41,2,1,45,0,48,109,0,109,157
11/20/2011,PVU,UT,ANM,WE,Federal Contract Tower,2,2,3,0,7,0,0,25,0,25,2,2,28,0,32,114,0,114,146
11/21/2011,PVU,UT,ANM,WE,Federal Contract Tower,2,1,11,0,14,0,2,41,0,43,2,3,52,0,57,280,0,280,337
11/22/2011,PVU,UT,ANM,WE,Federal Contract Tower,2,3,10,0,15,0,0,101,2,103,2,3,111,2,118,280,5,285,403
11/23/2011,PVU,UT,ANM,WE,Federal Contract Tower,2,3,4,0,9,0,2,93,0,95,2,5,97,0,104,214,0,214,318
11/24/2011,PVU,UT,ANM,WE,Federal Contract Tower,1,0,0,0,1,0,0,22,0,22,1,0,22,0,23,26,0,26,49
11/25/2011,PVU,UT,ANM,WE,Federal Contract Tower,1,2,3,0,6,0,0,29,0,29,1,2,32,0,35,84,0,84,119
11/26/2011,PVU,UT,ANM,WE,Federal Contract Tower,2,4,3,0,9,0,0,74,0,74,2,4,77,0,83,153,0,153,236
11/27/2011,PVU,UT,ANM,WE,Federal Contract Tower,2,3,10,0,15,0,0,47,0,47,2,3,57,0,62,132,0,132,194
11/28/2011,PVU,UT,ANM,WE,Federal Contract Tower,2,1,1,0,4,0,1,94,0,95,2,2,95,0,99,278,0,278,377
11/29/2011,PVU,UT,ANM,WE,Federal Contract Tower,2,4,8,0,14,0,3,99,0,102,2,7,107,0,116,320,0,320,436
11/30/2011,PVU,UT,ANM,WE,Federal Contract Tower,2,5,5,0,12,0,0,44,0,44,2,5,49,0,56,127,0,127,183
12/01/2011,PVU,UT,ANM,WE,Federal Contract Tower,2,1,4,0,7,0,0,12,0,12,2,1,16,0,19,21,0,21,40
12/02/2011,PVU,UT,ANM,WE,Federal Contract Tower,2,0,3,0,5,0,0,93,0,93,2,0,96,0,98,256,0,256,354
12/03/2011,PVU,UT,ANM,WE,Federal Contract Tower,3,2,9,0,14,0,0,33,0,33,3,2,42,0,47,95,0,95,142
12/04/2011,PVU,UT,ANM,WE,Federal Contract Tower,2,2,8,0,12,0,0,14,0,14,2,2,22,0,26,34,0,34,60
12/05/2011,PVU,UT,ANM,WE,Federal Contract Tower,2,0,3,0,5,0,2,80,0,82,2,2,83,0,87,276,0,276,363
12/06/2011,PVU,UT,ANM,WE,Federal Contract Tower,2,0,3,0,5,0,3,101,0,104,2,3,104,0,109,265,0,265,374
12/07/2011,PVU,UT,ANM,WE,Federal Contract Tower,2,1,3,0,6,0,0,89,0,89,2,1,92,0,95,234,0,234,329
12/08/2011,PVU,UT,ANM,WE,Federal Contract Tower,2,0,3,0,5,0,0,77,0,77,2,0,80,0,82,227,0,227,309
12/09/2011,PVU,UT,ANM,WE,Federal Contract Tower,2,1,3,0,6,0,0,95,1,96,2,1,98,1,102,165,0,165,267
12/10/2011,PVU,UT,ANM,WE,Federal Contract Tower,2,1,0,1,4,0,0,65,12,77,2,1,65,13,81,146,0,146,227
12/11/2011,PVU,UT,ANM,WE,Federal Contract Tower,2,0,1,0,3,0,0,25,0,25,2,0,26,0,28,80,0,80,108
12/12/2011,PVU,UT,ANM,WE,Federal Contract Tower,2,8,0,0,10,0,0,69,0,69,2,8,69,0,79,213,0,213,292
12/13/2011,PVU,UT,ANM,WE,Federal Contract Tower,2,0,4,0,6,0,0,30,0,30,2,0,34,0,36,104,0,104,140
12/14/2011,PVU,UT,ANM,WE,Federal Contract Tower,2,4,10,0,16,0,0,17,0,17,2,4,27,0,33,50,0,50,83
12/15/2011,PVU,UT,ANM,WE,Federal Contract Tower,2,0,9,0,11,0,0,50,0,50,2,0,59,0,61,155,0,155,216
12/16/2011,PVU,UT,ANM,WE,Federal Contract Tower,1,0,18,0,19,0,0,2,0,2,1,0,20,0,21,0,0,0,21
12/17/2011,PVU,UT,ANM,WE,Federal Contract Tower,2,1,9,0,12,0,0,41,0,41,2,1,50,0,53,110,0,110,163
12/18/2011,PVU,UT,ANM,WE,Federal Contract Tower,2,0,4,0,6,0,0,0,0,0,2,0,4,0,6,0,0,0,6
12/19/2011,PVU,UT,ANM,WE,Federal Contract Tower,2,4,6,0,12,0,0,9,0,9,2,4,15,0,21,40,0,40,61
12/20/2011,PVU,UT,ANM,WE,Federal Contract Tower,2,1,16,0,19,0,0,26,0,26,2,1,42,0,45,116,0,116,161
12/21/2011,PVU,UT,ANM,WE,Federal Contract Tower,2,3,4,0,9,0,0,18,0,18,2,3,22,0,27,30,0,30,57
12/22/2011,PVU,UT,ANM,WE,Federal Contract Tower,1,1,3,0,5,0,0,53,0,53,1,1,56,0,58,68,0,68,126
12/23/2011,PVU,UT,ANM,WE,Federal Contract Tower,2,0,6,0,8,0,0,42,0,42,2,0,48,0,50,61,0,61,111
12/24/2011,PVU,UT,ANM,WE,Federal Contract Tower,2,1,4,0,7,0,0,23,0,23,2,1,27,0,30,75,0,75,105
12/25/2011,PVU,UT,ANM,WE,Federal Contract Tower,2,1,0,0,3,0,0,4,0,4,2,1,4,0,7,8,0,8,15
12/26/2011,PVU,UT,ANM,WE,Federal Contract Tower,3,0,9,0,12,0,2,55,0,57,3,2,64,0,69,132,0,132,201
12/27/2011,PVU,UT,ANM,WE,Federal Contract Tower,2,0,2,0,4,0,2,48,0,50,2,2,50,0,54,158,0,158,212
12/28/2011,PVU,UT,ANM,WE,Federal Contract Tower,2,5,10,0,17,0,0,62,0,62,2,5,72,0,79,154,0,154,233
12/29/2011,PVU,UT,ANM,WE,Federal Contract Tower,2,0,6,0,8,0,0,42,0,42,2,0,48,0,50,145,0,145,195
12/30/2011,PVU,UT,ANM,WE,Federal Contract Tower,4,5,2,0,11,0,0,52,0,52,4,5,54,0,63,128,0,128,191
12/31/2011,PVU,UT,ANM,WE,Federal Contract Tower,2,2,1,0,5,0,0,32,0,32,2,2,33,0,37,67,0,67,104
01/01/2012,PVU,UT,ANM,WE,Federal Contract Tower,2,2,5,0,9,0,0,24,0,24,2,2,29,0,33,56,0,56,89
01/02/2012,PVU,UT,ANM,WE,Federal Contract Tower,2,1,8,0,11,0,0,2,83,85,2,1,10,83,96,224,0,224,320
01/03/2012,PVU,UT,ANM,WE,Federal Contract Tower,2,1,4,0,7,0,0,91,0,91,2,1,95,0,98,194,0,194,292
01/04/2012,PVU,UT,ANM,WE,Federal Contract Tower,2,4,8,0,14,0,0,90,0,90,2,4,98,0,104,249,0,249,353
01/05/2012,PVU,UT,ANM,WE,Federal Contract Tower,2,5,3,0,10,0,0,88,0,88,2,5,91,0,98,194,0,194,292
01/06/2012,PVU,UT,ANM,WE,Federal Contract Tower,2,2,10,0,14,0,0,77,0,77,2,2,87,0,91,177,0,177,268
01/07/2012,PVU,UT,ANM,WE,Federal Contract Tower,2,2,5,0,9,0,0,11,0,11,2,2,16,0,20,0,0,0,20
01/08/2012,PVU,UT,ANM,WE,Federal Contract Tower,2,1,3,0,6,0,1,21,2,24,2,2,24,2,30,74,4,78,108
01/09/2012,PVU,UT,ANM,WE,Federal Contract Tower,2,6,3,0,11,0,2,96,0,98,2,8,99,0,109,248,0,248,357
01/10/2012,PVU,UT,ANM,WE,Federal Contract Tower,2,3,13,0,18,0,0,80,4,84,2,3,93,4,102,171,8,179,281
01/11/2012,PVU,UT,ANM,WE,Federal Contract Tower,2,1,13,0,16,1,0,68,0,69,3,1,81,0,85,156,0,156,241
01/12/2012,PVU,UT,ANM,WE,Federal Contract Tower,2,0,7,0,9,0,0,90,0,90,2,0,97,0,99,232,0,232,331
01/13/2012,PVU,UT,ANM,WE,Federal Contract Tower,2,0,13,1,16,0,2,101,1,104,2,2,114,2,120,169,0,169,289
01/14/2012,PVU,UT,ANM,WE,Federal Contract Tower,2,0,3,0,5,0,0,97,0,97,2,0,100,0,102,143,0,143,245
01/15/2012,PVU,UT,ANM,WE,Federal Contract Tower,2,0,5,4,11,0,0,22,3,25,2,0,27,7,36,72,6,78,114
01/16/2012,PVU,UT,ANM,WE,Federal Contract Tower,2,1,8,0,11,0,2,2,0,4,2,3,10,0,15,8,0,8,23
01/17/2012,PVU,UT,ANM,WE,Federal Contract Tower,2,5,5,1,13,0,0,81,0,81,2,5,86,1,94,298,0,298,392
01/18/2012,PVU,UT,ANM,WE,Federal Contract Tower,2,1,10,0,13,0,0,55,0,55,2,1,65,0,68,146,0,146,214
01/19/2012,PVU,UT,ANM,WE,Federal Contract Tower,2,3,4,0,9,0,0,52,0,52,2,3,56,0,61,165,4,169,230
01/20/2012,PVU,UT,ANM,WE,Federal Contract Tower,2,3,4,2,11,0,2,64,0,66,2,5,68,2,77,171,0,171,248
01/21/2012,PVU,UT,ANM,WE,Federal Contract Tower,2,2,4,0,8,0,1,3,0,4,2,3,7,0,12,2,0,2,14
01/22/2012,PVU,UT,ANM,WE,Federal Contract Tower,2,4,6,2,14,0,0,27,1,28,2,4,33,3,42,79,2,81,123
01/23/2012,PVU,UT,ANM,WE,Federal Contract Tower,2,1,8,1,12,0,4,37,1,42,2,5,45,2,54,141,2,143,197
01/24/2012,PVU,UT,ANM,WE,Federal Contract Tower,2,0,9,2,13,0,0,65,0,65,2,0,74,2,78,164,0,164,242
01/25/2012,PVU,UT,ANM,WE,Federal Contract Tower,2,7,6,0,15,0,0,99,0,99,2,7,105,0,114,269,0,269,383
01/26/2012,PVU,UT,ANM,WE,Federal Contract Tower,2,1,16,0,19,0,1,54,0,55,2,2,70,0,74,114,0,114,188
01/27/2012,PVU,UT,ANM,WE,Federal Contract Tower,2,2,7,0,11,0,0,87,0,87,2,2,94,0,98,189,0,189,287
01/28/2012,PVU,UT,ANM,WE,Federal Contract Tower,2,1,6,0,9,0,0,77,0,77,2,1,83,0,86,188,0,188,274
01/29/2012,PVU,UT,ANM,WE,Federal Contract Tower,2,4,5,0,11,0,0,28,0,28,2,4,33,0,39,110,0,110,149
01/30/2012,PVU,UT,ANM,WE,Federal Contract Tower,2,2,1,0,5,0,1,76,0,77,2,3,77,0,82,224,0,224,306
01/31/2012,PVU,UT,ANM,WE,Federal Contract Tower,2,2,6,0,10,0,0,94,1,95,2,2,100,1,105,219,0,219,324
02/01/2012,PVU,UT,ANM,WE,Federal Contract Tower,4,2,13,1,20,0,0,74,0,74,4,2,87,1,94,216,2,218,312
02/02/2012,PVU,UT,ANM,WE,Federal Contract Tower,2,2,17,0,21,0,0,30,0,30,2,2,47,0,51,75,0,75,126
02/03/2012,PVU,UT,ANM,WE,Federal Contract Tower,3,3,14,1,21,0,0,75,6,81,3,3,89,7,102,170,0,170,272
02/04/2012,PVU,UT,ANM,WE,Federal Contract Tower,2,0,5,0,7,0,1,66,9,76,2,1,71,9,83,128,0,128,211
02/05/2012,PVU,UT,ANM,WE,Federal Contract Tower,2,0,3,0,5,0,0,21,0,21,2,0,24,0,26,58,0,58,84
02/06/2012,PVU,UT,ANM,WE,Federal Contract Tower,2,0,12,0,14,0,3,72,0,75,2,3,84,0,89,174,0,174,263
02/07/2012,PVU,UT,ANM,WE,Federal Contract Tower,2,4,10,0,16,0,0,79,0,79,2,4,89,0,95,193,2,195,290
02/08/2012,PVU,UT,ANM,WE,Federal Contract Tower,2,2,7,0,11,0,0,56,1,57,2,2,63,1,68,195,0,195,263
02/09/2012,PVU,UT,ANM,WE,Federal Contract Tower,2,0,17,0,19,0,0,24,4,28,2,0,41,4,47,81,0,81,128
02/10/2012,PVU,UT,ANM,WE,Federal Contract Tower,2,0,5,1,8,0,0,88,3,91,2,0,93,4,99,195,0,195,294
02/11/2012,PVU,UT,ANM,WE,Federal Contract Tower,2,0,3,0,5,0,2,45,2,49,2,2,48,2,54,70,4,74,128
02/12/2012,PVU,UT,ANM,WE,Federal Contract Tower,2,0,7,0,9,0,0,0,0,0,2,0,7,0,9,0,0,0,9
02/13/2012,PVU,UT,ANM,WE,Federal Contract Tower,2,2,2,1,7,0,0,78,2,80,2,2,80,3,87,230,4,234,321
02/14/2012,PVU,UT,ANM,WE,Federal Contract Tower,2,0,6,0,8,0,0,11,0,11,2,0,17,0,19,45,0,45,64
02/15/2012,PVU,UT,ANM,WE,Federal Contract Tower,2,7,17,0,26,0,0,27,0,27,2,7,44,0,53,64,4,68,121
02/16/2012,PVU,UT,ANM,WE,Federal Contract Tower,2,1,11,0,14,0,0,79,0,79,2,1,90,0,93,216,0,216,309
02/17/2012,PVU,UT,ANM,WE,Federal Contract Tower,2,1,13,0,16,0,0,87,0,87,2,1,100,0,103,173,0,173,276
02/18/2012,PVU,UT,ANM,WE,Federal Contract Tower,2,2,5,0,9,0,4,74,0,78,2,6,79,0,87,195,0,195,282
02/19/2012,PVU,UT,ANM,WE,Federal Contract Tower,2,1,5,0,8,0,4,2,0,6,2,5,7,0,14,10,0,10,24
02/20/2012,PVU,UT,ANM,WE,Federal Contract Tower,2,3,9,0,14,0,0,86,0,86,2,3,95,0,100,160,0,160,260
02/21/2012,PVU,UT,ANM,WE,Federal Contract Tower,2,2,7,1,12,0,0,57,0,57,2,2,64,1,69,264,0,264,333
02/22/2012,PVU,UT,ANM,WE,Federal Contract Tower,1,0,10,1,12,0,0,77,7,84,1,0,87,8,96,218,6,224,320
02/23/2012,PVU,UT,ANM,WE,Federal Contract Tower,2,0,6,0,8,0,0,15,0,15,2,0,21,0,23,35,0,35,58
02/24/2012,PVU,UT,ANM,WE,Federal Contract Tower,2,0,6,0,8,0,0,98,0,98,2,0,104,0,106,198,0,198,304
02/25/2012,PVU,UT,ANM,WE,Federal Contract Tower,2,0,3,0,5,0,3,10,0,13,2,3,13,0,18,1,0,1,19
02/26/2012,PVU,UT,ANM,WE,Federal Contract Tower,2,0,5,0,7,0,2,16,0,18,2,2,21,0,25,52,0,52,77
02/27/2012,PVU,UT,ANM,WE,Federal Contract Tower,2,2,10,0,14,0,0,56,0,56,2,2,66,0,70,198,0,198,268
02/28/2012,PVU,UT,ANM,WE,Federal Contract Tower,2,1,9,0,12,0,1,8,0,9,2,2,17,0,21,70,0,70,91
02/29/2012,PVU,UT,ANM,WE,Federal Contract Tower,1,2,8,0,11,0,4,11,0,15,1,6,19,0,26,17,0,17,43
03/01/2012,PVU,UT,ANM,WE,Federal Contract Tower,3,8,7,0,18,0,0,25,0,25,3,8,32,0,43,84,0,84,127
03/02/2012,PVU,UT,ANM,WE,Federal Contract Tower,2,2,11,2,17,0,0,28,0,28,2,2,39,2,45,83,6,89,134
03/03/2012,PVU,UT,ANM,WE,Federal Contract Tower,2,1,4,0,7,0,0,58,3,61,2,1,62,3,68,145,2,147,215
03/04/2012,PVU,UT,ANM,WE,Federal Contract Tower,2,4,5,2,13,0,0,39,1,40,2,4,44,3,53,66,6,72,125
03/05/2012,PVU,UT,ANM,WE,Federal Contract Tower,2,2,2,1,7,0,0,101,1,102,2,2,103,2,109,203,0,203,312
03/06/2012,PVU,UT,ANM,WE,Federal Contract Tower,2,1,2,0,5,0,3,26,0,29,2,4,28,0,34,76,0,76,110
03/07/2012,PVU,UT,ANM,WE,Federal Contract Tower,2,1,4,0,7,0,0,26,0,26,2,1,30,0,33,72,2,74,107
03/08/2012,PVU,UT,ANM,WE,Federal Contract Tower,2,0,12,0,14,0,0,86,0,86,2,0,98,0,100,242,0,242,342
03/09/2012,PVU,UT,ANM,WE,Federal Contract Tower,2,0,2,0,4,0,0,98,0,98,2,0,100,0,102,167,0,167,269
03/10/2012,PVU,UT,ANM,WE,Federal Contract Tower,2,0,4,0,6,0,2,64,0,66,2,2,68,0,72,151,0,151,223
03/11/2012,PVU,UT,ANM,WE,Federal Contract Tower,2,3,4,0,9,0,0,31,0,31,2,3,35,0,40,82,0,82,122
03/12/2012,PVU,UT,ANM,WE,Federal Contract Tower,2,0,7,0,9,0,2,80,0,82,2,2,87,0,91,168,0,168,259
03/13/2012,PVU,UT,ANM,WE,Federal Contract Tower,2,1,6,0,9,0,0,44,0,44,2,1,50,0,53,129,0,129,182
03/14/2012,PVU,UT,ANM,WE,Federal Contract Tower,2,3,9,0,14,0,0,66,0,66,2,3,75,0,80,164,4,168,248
03/15/2012,PVU,UT,ANM,WE,Federal Contract Tower,4,7,13,0,24,0,0,89,3,92,4,7,102,3,116,232,6,238,354
03/16/2012,PVU,UT,ANM,WE,Federal Contract Tower,2,0,9,0,11,0,2,56,0,58,2,2,65,0,69,75,0,75,144
03/17/2012,PVU,UT,ANM,WE,Federal Contract Tower,2,4,2,0,8,0,2,10,0,12,2,6,12,0,20,34,0,34,54
03/18/2012,PVU,UT,ANM,WE,Federal Contract Tower,2,1,9,0,12,0,0,2,0,2,2,1,11,0,14,4,0,4,18
03/19/2012,PVU,UT,ANM,WE,Federal Contract Tower,1,1,5,0,7,0,0,26,0,26,1,1,31,0,33,124,0,124,157
03/20/2012,PVU,UT,ANM,WE,Federal Contract Tower,2,1,8,0,11,0,4,89,0,93,2,5,97,0,104,296,0,296,400
03/21/2012,PVU,UT,ANM,WE,Federal Contract Tower,2,4,5,0,11,0,0,93,0,93,2,4,98,0,104,235,4,239,343
03/22/2012,PVU,UT,ANM,WE,Federal Contract Tower,2,0,7,0,9,0,2,95,0,97,2,2,102,0,106,244,0,244,350
03/23/2012,PVU,UT,ANM,WE,Federal Contract Tower,3,0,11,1,15,0,0,75,1,76,3,0,86,2,91,174,0,174,265
03/24/2012,PVU,UT,ANM,WE,Federal Contract Tower,2,0,14,0,16,0,2,57,0,59,2,2,71,0,75,170,0,170,245
03/25/2012,PVU,UT,ANM,WE,Federal Contract Tower,2,0,3,0,5,0,0,22,3,25,2,0,25,3,30,68,6,74,104
03/26/2012,PVU,UT,ANM,WE,Federal Contract Tower,2,1,6,0,9,0,0,4,0,4,2,1,10,0,13,8,0,8,21
03/27/2012,PVU,UT,ANM,WE,Federal Contract Tower,2,1,2,0,5,0,1,73,0,74,2,2,75,0,79,236,0,236,315
03/28/2012,PVU,UT,ANM,WE,Federal Contract Tower,2,2,6,0,10,0,0,76,0,76,2,2,82,0,86,221,0,221,307
03/29/2012,PVU,UT,ANM,WE,Federal Contract Tower,2,4,13,0,19,0,0,98,0,98,2,4,111,0,117,229,0,229,346
03/30/2012,PVU,UT,ANM,WE,Federal Contract Tower,2,1,7,0,10,0,1,81,0,82,2,2,88,0,92,182,0,182,274
03/31/2012,PVU,UT,ANM,WE,Federal Contract Tower,4,0,7,0,11,0,0,28,0,28,4,0,35,0,39,95,0,95,134
04/01/2012,PVU,UT,ANM,WE,Federal Contract Tower,2,2,7,0,11,0,0,3,0,3,2,2,10,0,14,6,0,6,20
04/02/2012,PVU,UT,ANM,WE,Federal Contract Tower,2,3,6,0,11,0,1,49,0,50,2,4,55,0,61,143,0,143,204
04/03/2012,PVU,UT,ANM,WE,Federal Contract Tower,2,4,5,0,11,0,0,96,1,97,2,4,101,1,108,226,0,226,334
04/04/2012,PVU,UT,ANM,WE,Federal Contract Tower,1,3,6,0,10,0,6,63,0,69,1,9,69,0,79,142,0,142,221
04/05/2012,PVU,UT,ANM,WE,Federal Contract Tower,2,1,6,0,9,0,0,85,0,85,2,1,91,0,94,144,0,144,238
04/06/2012,PVU,UT,ANM,WE,Federal Contract Tower,2,0,11,0,13,0,2,17,0,19,2,2,28,0,32,22,0,22,54
04/07/2012,PVU,UT,ANM,WE,Federal Contract Tower,2,4,4,0,10,0,1,88,0,89,2,5,92,0,99,140,0,140,239
04/08/2012,PVU,UT,ANM,WE,Federal Contract Tower,1,4,2,0,7,0,0,30,0,30,1,4,32,0,37,62,0,62,99
04/09/2012,PVU,UT,ANM,WE,Federal Contract Tower,2,1,1,2,6,0,0,91,2,93,2,1,92,4,99,203,4,207,306
04/10/2012,PVU,UT,ANM,WE,Federal Contract Tower,2,1,5,0,8,0,0,78,0,78,2,1,83,0,86,202,0,202,288
04/11/2012,PVU,UT,ANM,WE,Federal Contract Tower,2,2,5,0,9,0,0,65,0,65,2,2,70,0,74,160,0,160,234
04/12/2012,PVU,UT,ANM,WE,Federal Contract Tower,2,2,5,0,9,0,0,4,0,4,2,2,9,0,13,32,0,32,45
04/13/2012,PVU,UT,ANM,WE,Federal Contract Tower,2,1,2,0,5,0,0,38,0,38,2,1,40,0,43,108,0,108,151
04/14/2012,PVU,UT,ANM,WE,Federal Contract Tower,2,0,7,0,9,0,0,23,0,23,2,0,30,0,32,65,0,65,97
04/15/2012,PVU,UT,ANM,WE,Federal Contract Tower,2,1,1,1,5,0,0,21,0,21,2,1,22,1,26,44,0,44,70
04/16/2012,PVU,UT,ANM,WE,Federal Contract Tower,2,0,7,1,10,0,0,78,8,86,2,0,85,9,96,160,16,176,272
04/17/2012,PVU,UT,ANM,WE,Federal Contract Tower,2,0,9,0,11,0,0,27,0,27,2,0,36,0,38,65,0,65,103
04/18/2012,PVU,UT,ANM,WE,Federal Contract Tower,2,1,5,0,8,0,0,49,1,50,2,1,54,1,58,141,0,141,199
04/19/2012,PVU,UT,ANM,WE,Federal Contract Tower,2,5,4,3,14,0,0,81,0,81,2,5,85,3,95,197,0,197,292
04/20/2012,PVU,UT,ANM,WE,Federal Contract Tower,2,1,7,0,10,0,0,92,0,92,2,1,99,0,102,171,0,171,273
04/21/2012,PVU,UT,ANM,WE,Federal Contract Tower,2,1,1,0,4,0,0,100,0,100,2,1,101,0,104,227,0,227,331
04/22/2012,PVU,UT,ANM,WE,Federal Contract Tower,2,2,4,0,8,0,1,28,0,29,2,3,32,0,37,61,0,61,98
04/23/2012,PVU,UT,ANM,WE,Federal Contract Tower,2,3,6,0,11,0,0,78,0,78,2,3,84,0,89,243,0,243,332
04/24/2012,PVU,UT,ANM,WE,Federal Contract Tower,2,0,10,0,12,0,0,76,0,76,2,0,86,0,88,190,0,190,278
04/25/2012,PVU,UT,ANM,WE,Federal Contract Tower,2,0,9,1,12,0,0,73,0,73,2,0,82,1,85,173,0,173,258
04/26/2012,PVU,UT,ANM,WE,Federal Contract Tower,2,0,3,0,5,0,0,11,4,15,2,0,14,4,20,53,0,53,73
04/27/2012,PVU,UT,ANM,WE,Federal Contract Tower,2,0,4,1,7,0,0,35,0,35,2,0,39,1,42,82,0,82,124
04/28/2012,PVU,UT,ANM,WE,Federal Contract Tower,2,0,3,0,5,0,0,69,0,69,2,0,72,0,74,64,0,64,138
04/29/2012,PVU,UT,ANM,WE,Federal Contract Tower,2,0,2,0,4,0,0,30,9,39,2,0,32,9,43,60,18,78,121
04/30/2012,PVU,UT,ANM,WE,Federal Contract Tower,2,0,6,0,8,0,0,61,1,62,2,0,67,1,70,158,0,158,228
05/01/2012,PVU,UT,ANM,WE,Federal Contract Tower,2,0,6,0,8,0,0,45,0,45,2,0,51,0,53,108,0,108,161
05/02/2012,PVU,UT,ANM,WE,Federal Contract Tower,1,4,12,0,17,0,0,74,0,74,1,4,86,0,91,148,0,148,239
05/03/2012,PVU,UT,ANM,WE,Federal Contract Tower,2,1,12,0,15,0,0,59,0,59,2,1,71,0,74,120,0,120,194
05/04/2012,PVU,UT,ANM,WE,Federal Contract Tower,2,0,12,2,16,0,0,63,0,63,2,0,75,2,79,170,0,170,249
05/05/2012,PVU,UT,ANM,WE,Federal Contract Tower,2,0,1,0,3,0,0,35,2,37,2,0,36,2,40,80,4,84,124
05/06/2012,PVU,UT,ANM,WE,Federal Contract Tower,2,0,2,0,4,0,0,31,17,48,2,0,33,17,52,60,32,92,144
05/07/2012,PVU,UT,ANM,WE,Federal Contract Tower,2,0,14,2,18,0,0,67,0,67,2,0,81,2,85,184,4,188,273
05/08/2012,PVU,UT,ANM,WE,Federal Contract Tower,2,4,7,0,13,0,0,90,0,90,2,4,97,0,103,143,0,143,246
05/09/2012,PVU,UT,ANM,WE,Federal Contract Tower,2,4,10,0,16,0,0,79,0,79,2,4,89,0,95,145,0,145,240
05/10/2012,PVU,UT,ANM,WE,Federal Contract Tower,2,1,4,1,8,0,0,54,0,54,2,1,58,1,62,98,4,102,164
05/11/2012,PVU,UT,ANM,WE,Federal Contract Tower,2,0,10,0,12,0,1,87,6,94,2,1,97,6,106,185,0,185,291
05/12/2012,PVU,UT,ANM,WE,Federal Contract Tower,2,0,7,0,9,0,0,37,2,39,2,0,44,2,48,57,0,57,105
05/13/2012,PVU,UT,ANM,WE,Federal Contract Tower,2,2,8,0,12,0,30,1,0,31,2,32,9,0,43,84,2,86,129
05/14/2012,PVU,UT,ANM,WE,Federal Contract Tower,2,3,7,0,12,0,0,67,2,69,2,3,74,2,81,164,4,168,249
05/15/2012,PVU,UT,ANM,WE,Federal Contract Tower,4,1,5,0,10,0,0,94,0,94,4,1,99,0,104,199,0,199,303
05/16/2012,PVU,UT,ANM,WE,Federal Contract Tower,3,1,4,0,8,0,0,56,0,56,3,1,60,0,64,114,0,114,178
05/17/2012,PVU,UT,ANM,WE,Federal Contract Tower,2,2,7,0,11,0,0,39,1,40,2,2,46,1,51,49,0,49,100
05/18/2012,PVU,UT,ANM,WE,Federal Contract Tower,2,2,4,2,10,0,0,22,1,23,2,2,26,3,33,41,0,41,74
05/19/2012,PVU,UT,ANM,WE,Federal Contract Tower,3,0,1,0,4,0,0,96,0,96,3,0,97,0,100,216,0,216,316
05/20/2012,PVU,UT,ANM,WE,Federal Contract Tower,2,0,5,0,7,0,0,1,0,1,2,0,6,0,8,22,0,22,30
05/21/2012,PVU,UT,ANM,WE,Federal Contract Tower,2,2,8,0,12,0,0,67,0,67,2,2,75,0,79,303,0,303,382
05/22/2012,PVU,UT,ANM,WE,Federal Contract Tower,2,0,8,0,10,0,0,56,0,56,2,0,64,0,66,150,0,150,216
05/23/2012,PVU,UT,ANM,WE,Federal Contract Tower,2,0,9,0,11,0,0,59,0,59,2,0,68,0,70,109,0,109,179
05/24/2012,PVU,UT,ANM,WE,Federal Contract Tower,2,0,9,0,11,0,0,69,0,69,2,0,78,0,80,180,6,186,266
05/25/2012,PVU,UT,ANM,WE,Federal Contract Tower,1,3,4,1,9,0,0,32,2,34,1,3,36,3,43,54,4,58,101
05/26/2012,PVU,UT,ANM,WE,Federal Contract Tower,1,5,6,0,12,0,0,8,0,8,1,5,14,0,20,20,0,20,40
05/27/2012,PVU,UT,ANM,WE,Federal Contract Tower,2,1,1,0,4,0,0,22,0,22,2,1,23,0,26,51,0,51,77
05/28/2012,PVU,UT,ANM,WE,Federal Contract Tower,2,2,4,0,8,0,0,80,0,80,2,2,84,0,88,158,0,158,246
05/29/2012,PVU,UT,ANM,WE,Federal Contract Tower,2,0,3,0,5,0,0,97,2,99,2,0,100,2,104,225,4,229,333
05/30/2012,PVU,UT,ANM,WE,Federal Contract Tower,1,1,3,0,5,0,0,68,0,68,1,1,71,0,73,120,0,120,193
05/31/2012,PVU,UT,ANM,WE,Federal Contract Tower,2,0,8,0,10,0,1,93,0,94,2,1,101,0,104,171,0,171,275
06/01/2012,PVU,UT,ANM,WE,Federal Contract Tower,2,2,4,0,8,0,0,62,0,62,2,2,66,0,70,159,0,159,229
06/02/2012,PVU,UT,ANM,WE,Federal Contract Tower,2,3,5,0,10,0,0,32,0,32,2,3,37,0,42,53,0,53,95
06/03/2012,PVU,UT,ANM,WE,Federal Contract Tower,2,1,4,2,9,0,2,10,2,14,2,3,14,4,23,20,4,24,47
06/04/2012,PVU,UT,ANM,WE,Federal Contract Tower,2,0,5,0,7,0,0,75,0,75,2,0,80,0,82,166,0,166,248
06/05/2012,PVU,UT,ANM,WE,Federal Contract Tower,4,0,7,0,11,0,0,28,0,28,4,0,35,0,39,59,0,59,98
06/06/2012,PVU,UT,ANM,WE,Federal Contract Tower,1,5,11,0,17,0,0,91,0,91,1,5,102,0,108,191,0,191,299
06/07/2012,PVU,UT,ANM,WE,Federal Contract Tower,3,0,8,0,11,0,0,69,0,69,3,0,77,0,80,103,0,103,183
06/08/2012,PVU,UT,ANM,WE,Federal Contract Tower,2,4,7,0,13,0,0,49,0,49,2,4,56,0,62,85,0,85,147
06/09/2012,PVU,UT,ANM,WE,Federal Contract Tower,2,0,5,0,7,0,2,24,0,26,2,2,29,0,33,50,0,50,83
06/10/2012,PVU,UT,ANM,WE,Federal Contract Tower,2,0,2,0,4,0,0,31,0,31,2,0,33,0,35,54,0,54,89
06/11/2012,PVU,UT,ANM,WE,Federal Contract Tower,1,2,11,0,14,0,0,58,1,59,1,2,69,1,73,105,2,107,180
06/12/2012,PVU,UT,ANM,WE,Federal Contract Tower,2,0,5,0,7,0,0,87,0,87,2,0,92,0,94,183,0,183,277
06/13/2012,PVU,UT,ANM,WE,Federal Contract Tower,2,2,9,0,13,0,0,60,0,60,2,2,69,0,73,125,0,125,198
06/14/2012,PVU,UT,ANM,WE,Federal Contract Tower,2,1,15,0,18,0,0,59,0,59,2,1,74,0,77,112,0,112,189
06/15/2012,PVU,UT,ANM,WE,Federal Contract Tower,2,1,5,1,9,0,2,59,0,61,2,3,64,1,70,50,0,50,120
06/16/2012,PVU,UT,ANM,WE,Federal Contract Tower,2,1,5,0,8,0,2,50,2,54,2,3,55,2,62,142,6,148,210
06/17/2012,PVU,UT,ANM,WE,Federal Contract Tower,2,0,4,0,6,0,0,24,2,26,2,0,28,2,32,49,4,53,85
06/18/2012,PVU,UT,ANM,WE,Federal Contract Tower,2,4,9,0,15,0,0,39,0,39,2,4,48,0,54,111,0,111,165
06/19/2012,PVU,UT,ANM,WE,Federal Contract Tower,2,3,10,0,15,0,0,71,0,71,2,3,81,0,86,150,0,150,236
06/20/2012,PVU,UT,ANM,WE,Federal Contract Tower,2,1,16,0,19,0,0,63,0,63,2,1,79,0,82,136,0,136,218
06/21/2012,PVU,UT,ANM,WE,Federal Contract Tower,2,0,9,0,11,0,0,52,1,53,2,0,61,1,64,103,2,105,169
06/22/2012,PVU,UT,ANM,WE,Federal Contract Tower,2,1,3,0,6,0,0,80,0,80,2,1,83,0,86,72,0,72,158
06/23/2012,PVU,UT,ANM,WE,Federal Contract Tower,2,3,9,0,14,0,0,49,0,49,2,3,58,0,63,122,0,122,185
06/24/2012,PVU,UT,ANM,WE,Federal Contract Tower,1,2,8,0,11,0,0,37,0,37,1,2,45,0,48,46,0,46,94
06/25/2012,PVU,UT,ANM,WE,Federal Contract Tower,2,1,13,0,16,0,0,70,0,70,2,1,83,0,86,170,0,170,256
06/26/2012,PVU,UT,ANM,WE,Federal Contract Tower,2,2,3,0,7,0,0,60,0,60,2,2,63,0,67,95,0,95,162
06/27/2012,PVU,UT,ANM,WE,Federal Contract Tower,2,8,8,0,18,0,0,51,0,51,2,8,59,0,69,137,0,137,206
06/28/2012,PVU,UT,ANM,WE,Federal Contract Tower,2,3,14,0,19,0,2,51,0,53,2,5,65,0,72,108,0,108,180
06/29/2012,PVU,UT,ANM,WE,Federal Contract Tower,2,2,12,0,16,0,0,66,0,66,2,2,78,0,82,154,0,154,236
06/30/2012,PVU,UT,ANM,WE,Federal Contract Tower,2,0,5,0,7,0,0,48,0,48,2,0,53,0,55,136,0,136,191
07/01/2012,PVU,UT,ANM,WE,Federal Contract Tower,2,1,2,0,5,0,0,23,0,23,2,1,25,0,28,46,0,46,74
07/02/2012,PVU,UT,ANM,WE,Federal Contract Tower,1,0,5,0,6,0,0,79,1,80,1,0,84,1,86,208,2,210,296
07/03/2012,PVU,UT,ANM,WE,Federal Contract Tower,2,4,7,2,15,0,0,100,0,100,2,4,107,2,115,256,4,260,375
07/04/2012,PVU,UT,ANM,WE,Federal Contract Tower,2,1,0,0,3,0,0,44,2,46,2,1,44,2,49,71,0,71,120
07/05/2012,PVU,UT,ANM,WE,Federal Contract Tower,3,1,8,0,12,0,0,47,0,47,3,1,55,0,59,101,0,101,160
07/06/2012,PVU,UT,ANM,WE,Federal Contract Tower,2,1,4,0,7,0,2,87,0,89,2,3,91,0,96,125,0,125,221
07/07/2012,PVU,UT,ANM,WE,Federal Contract Tower,2,0,3,0,5,0,0,41,0,41,2,0,44,0,46,112,0,112,158
07/08/2012,PVU,UT,ANM,WE,Federal Contract Tower,2,0,6,0,8,0,0,25,0,25,2,0,31,0,33,40,0,40,73
07/09/2012,PVU,UT,ANM,WE,Federal Contract Tower,2,0,10,0,12,0,0,65,0,65,2,0,75,0,77,124,0,124,201
07/10/2012,PVU,UT,ANM,WE,Federal Contract Tower,2,6,6,0,14,0,0,85,0,85,2,6,91,0,99,207,0,207,306
07/11/2012,PVU,UT,ANM,WE,Federal Contract Tower,2,3,1,0,6,0,0,56,0,56,2,3,57,0,62,126,0,126,188
07/12/2012,PVU,UT,ANM,WE,Federal Contract Tower,2,3,12,0,17,0,0,62,0,62,2,3,74,0,79,175,0,175,254
07/13/2012,PVU,UT,ANM,WE,Federal Contract Tower,2,3,11,0,16,0,2,57,0,59,2,5,68,0,75,104,0,104,179
07/14/2012,PVU,UT,ANM,WE,Federal Contract Tower,2,2,6,0,10,0,0,53,0,53,2,2,59,0,63,102,0,102,165
07/15/2012,PVU,UT,ANM,WE,Federal Contract Tower,2,0,7,1,10,0,2,11,0,13,2,2,18,1,23,30,0,30,53
07/16/2012,PVU,UT,ANM,WE,Federal Contract Tower,2,2,14,1,19,0,0,65,6,71,2,2,79,7,90,153,0,153,243
07/17/2012,PVU,UT,ANM,WE,Federal Contract Tower,2,0,8,0,10,0,0,71,0,71,2,0,79,0,81,144,0,144,225
07/18/2012,PVU,UT,ANM,WE,Federal Contract Tower,2,2,3,0,7,0,0,64,0,64,2,2,67,0,71,152,0,152,223
07/19/2012,PVU,UT,ANM,WE,Federal Contract Tower,2,3,3,0,8,0,0,63,0,63,2,3,66,0,71,72,0,72,143
07/20/2012,PVU,UT,ANM,WE,Federal Contract Tower,2,1,7,0,10,0,0,68,0,68,2,1,75,0,78,148,0,148,226
07/21/2012,PVU,UT,ANM,WE,Federal Contract Tower,2,2,6,0,10,0,0,54,0,54,2,2,60,0,64,97,0,97,161
07/22/2012,PVU,UT,ANM,WE,Federal Contract Tower,2,0,5,0,7,0,1,16,0,17,2,1,21,0,24,57,0,57,81
07/23/2012,PVU,UT,ANM,WE,Federal Contract Tower,2,1,6,0,9,0,2,59,0,61,2,3,65,0,70,168,0,168,238
07/24/2012,PVU,UT,ANM,WE,Federal Contract Tower,2,1,1,0,4,0,0,53,0,53,2,1,54,0,57,111,0,111,168
07/25/2012,PVU,UT,ANM,WE,Federal Contract Tower,2,0,4,0,6,0,0,74,0,74,2,0,78,0,80,141,2,143,223
07/26/2012,PVU,UT,ANM,WE,Federal Contract Tower,2,5,7,0,14,0,1,47,0,48,2,6,54,0,62,108,0,108,170
07/27/2012,PVU,UT,ANM,WE,Federal Contract Tower,2,1,1,0,4,0,0,59,0,59,2,1,60,0,63,102,0,102,165
07/28/2012,PVU,UT,ANM,WE,Federal Contract Tower,2,1,1,0,4,0,0,48,0,48,2,1,49,0,52,97,0,97,149
07/29/2012,PVU,UT,ANM,WE,Federal Contract Tower,1,4,4,0,9,0,1,34,0,35,1,5,38,0,44,79,0,79,123
07/30/2012,PVU,UT,ANM,WE,Federal Contract Tower,2,2,7,0,11,0,0,71,0,71,2,2,78,0,82,130,0,130,212
07/31/2012,PVU,UT,ANM,WE,Federal Contract Tower,2,0,11,0,13,0,0,70,1,71,2,0,81,1,84,216,0,216,300
08/01/2012,PVU,UT,ANM,WE,Federal Contract Tower,2,0,3,0,5,0,0,58,0,58,2,0,61,0,63,101,0,101,164
08/02/2012,PVU,UT,ANM,WE,Federal Contract Tower,2,2,5,0,9,0,0,48,2,50,2,2,53,2,59,134,0,134,193
08/03/2012,PVU,UT,ANM,WE,Federal Contract Tower,2,1,8,0,11,0,0,54,0,54,2,1,62,0,65,117,0,117,182
08/04/2012,PVU,UT,ANM,WE,Federal Contract Tower,2,0,5,0,7,0,39,0,0,39,2,39,5,0,46,108,0,108,154
08/05/2012,PVU,UT,ANM,WE,Federal Contract Tower,2,0,2,0,4,0,0,20,0,20,2,0,22,0,24,38,0,38,62
08/06/2012,PVU,UT,ANM,WE,Federal Contract Tower,2,0,3,0,5,0,0,54,0,54,2,0,57,0,59,136,0,136,195
08/07/2012,PVU,UT,ANM,WE,Federal Contract Tower,2,3,6,0,11,0,2,63,0,65,2,5,69,0,76,140,0,140,216
08/08/2012,PVU,UT,ANM,WE,Federal Contract Tower,2,1,5,0,8,0,0,58,0,58,2,1,63,0,66,99,0,99,165
08/09/2012,PVU,UT,ANM,WE,Federal Contract Tower,2,6,6,0,14,0,0,63,0,63,2,6,69,0,77,94,0,94,171
08/10/2012,PVU,UT,ANM,WE,Federal Contract Tower,2,0,10,0,12,0,0,60,1,61,2,0,70,1,73,159,0,159,232
08/11/2012,PVU,UT,ANM,WE,Federal Contract Tower,2,2,6,1,11,0,0,39,0,39,2,2,45,1,50,88,0,88,138
08/12/2012,PVU,UT,ANM,WE,Federal Contract Tower,2,0,8,0,10,0,0,13,0,13,2,0,21,0,23,24,0,24,47
08/13/2012,PVU,UT,ANM,WE,Federal Contract Tower,2,0,5,0,7,0,0,58,0,58,2,0,63,0,65,158,0,158,223
08/14/2012,PVU,UT,ANM,WE,Federal Contract Tower,2,5,10,0,17,0,0,53,0,53,2,5,63,0,70,162,0,162,232
08/15/2012,PVU,UT,ANM,WE,Federal Contract Tower,2,0,3,0,5,0,0,60,0,60,2,0,63,0,65,133,0,133,198
08/16/2012,PVU,UT,ANM,WE,Federal Contract Tower,2,0,13,0,15,0,0,43,0,43,2,0,56,0,58,105,8,113,171
08/17/2012,PVU,UT,ANM,WE,Federal Contract Tower,1,0,4,0,5,0,0,51,0,51,1,0,55,0,56,65,0,65,121
08/18/2012,PVU,UT,ANM,WE,Federal Contract Tower,2,0,4,0,6,0,0,32,0,32,2,0,36,0,38,82,0,82,120
08/19/2012,PVU,UT,ANM,WE,Federal Contract Tower,2,0,3,0,5,0,0,18,0,18,2,0,21,0,23,38,0,38,61
08/20/2012,PVU,UT,ANM,WE,Federal Contract Tower,2,1,11,0,14,0,0,95,0,95,2,1,106,0,109,183,0,183,292
08/21/2012,PVU,UT,ANM,WE,Federal Contract Tower,2,1,14,0,17,0,0,55,0,55,2,1,69,0,72,96,0,96,168
08/22/2012,PVU,UT,ANM,WE,Federal Contract Tower,2,3,5,2,12,0,2,51,0,53,2,5,56,2,65,142,0,142,207
08/23/2012,PVU,UT,ANM,WE,Federal Contract Tower,2,1,15,0,18,0,0,54,2,56,2,1,69,2,74,92,0,92,166
08/24/2012,PVU,UT,ANM,WE,Federal Contract Tower,2,3,7,0,12,0,0,51,1,52,2,3,58,1,64,94,0,94,158
08/25/2012,PVU,UT,ANM,WE,Federal Contract Tower,2,3,5,0,10,0,0,29,2,31,2,3,34,2,41,56,4,60,101
08/26/2012,PVU,UT,ANM,WE,Federal Contract Tower,2,2,4,0,8,0,0,30,0,30,2,2,34,0,38,38,0,38,76
08/27/2012,PVU,UT,ANM,WE,Federal Contract Tower,2,4,5,4,15,0,0,80,0,80,2,4,85,4,95,200,6,206,301
08/28/2012,PVU,UT,ANM,WE,Federal Contract Tower,2,3,12,0,17,0,0,48,0,48,2,3,60,0,65,72,4,76,141
08/29/2012,PVU,UT,ANM,WE,Federal Contract Tower,3,0,9,1,13,0,1,69,0,70,3,1,78,1,83,162,2,164,247
08/30/2012,PVU,UT,ANM,WE,Federal Contract Tower,2,6,13,0,21,0,1,71,0,72,2,7,84,0,93,108,0,108,201
08/31/2012,PVU,UT,ANM,WE,Federal Contract Tower,2,1,12,0,15,0,2,60,0,62,2,3,72,0,77,124,0,124,201
09/01/2012,PVU,UT,ANM,WE,Federal Contract Tower,2,1,2,0,5,0,0,25,0,25,2,1,27,0,30,96,0,96,126
09/02/2012,PVU,UT,ANM,WE,Federal Contract Tower,2,0,2,0,4,0,0,13,0,13,2,0,15,0,17,26,0,26,43
09/03/2012,PVU,UT,ANM,WE,Federal Contract Tower,2,2,7,0,11,0,0,98,0,98,2,2,105,0,109,191,0,191,300
09/04/2012,PVU,UT,ANM,WE,Federal Contract Tower,2,1,6,1,10,0,0,197,0,197,2,1,203,1,207,216,0,216,423
09/05/2012,PVU,UT,ANM,WE,Federal Contract Tower,6,5,2,0,13,0,0,74,4,78,6,5,76,4,91,161,4,165,256
09/06/2012,PVU,UT,ANM,WE,Federal Contract Tower,2,2,11,0,15,0,0,50,0,50,2,2,61,0,65,125,0,125,190
09/07/2012,PVU,UT,ANM,WE,Federal Contract Tower,2,1,5,0,8,0,0,66,0,66,2,1,71,0,74,166,0,166,240
09/08/2012,PVU,UT,ANM,WE,Federal Contract Tower,2,0,7,1,10,0,0,48,0,48,2,0,55,1,58,69,0,69,127
09/09/2012,PVU,UT,ANM,WE,Federal Contract Tower,2,1,7,1,11,0,2,21,0,23,2,3,28,1,34,2,0,2,36
09/10/2012,PVU,UT,ANM,WE,Federal Contract Tower,2,3,3,0,8,0,0,59,0,59,2,3,62,0,67,115,0,115,182
09/11/2012,PVU,UT,ANM,WE,Federal Contract Tower,2,5,8,0,15,0,0,78,0,78,2,5,86,0,93,197,0,197,290
09/12/2012,PVU,UT,ANM,WE,Federal Contract Tower,2,1,6,0,9,0,0,92,0,92,2,1,98,0,101,139,0,139,240
09/13/2012,PVU,UT,ANM,WE,Federal Contract Tower,2,1,12,0,15,0,0,77,0,77,2,1,89,0,92,165,0,165,257
09/14/2012,PVU,UT,ANM,WE,Federal Contract Tower,2,3,10,0,15,0,0,87,0,87,2,3,97,0,102,129,0,129,231
09/15/2012,PVU,UT,ANM,WE,Federal Contract Tower,2,3,3,0,8,0,2,100,0,102,2,5,103,0,110,208,0,208,318
09/16/2012,PVU,UT,ANM,WE,Federal Contract Tower,2,2,2,0,6,0,2,38,0,40,2,4,40,0,46,39,0,39,85
09/17/2012,PVU,UT,ANM,WE,Federal Contract Tower,2,0,9,0,11,0,0,93,0,93,2,0,102,0,104,163,0,163,267
09/18/2012,PVU,UT,ANM,WE,Federal Contract Tower,2,0,8,0,10,0,0,82,0,82,2,0,90,0,92,217,0,217,309
09/19/2012,PVU,UT,ANM,WE,Federal Contract Tower,6,0,8,0,14,0,0,91,0,91,6,0,99,0,105,161,0,161,266
09/20/2012,PVU,UT,ANM,WE,Federal Contract Tower,2,6,11,0,19,0,63,0,0,63,2,69,11,0,82,153,0,153,235
09/21/2012,PVU,UT,ANM,WE,Federal Contract Tower,4,1,15,0,20,0,0,116,0,116,4,1,131,0,136,167,0,167,303
09/22/2012,PVU,UT,ANM,WE,Federal Contract Tower,2,1,0,0,3,0,0,55,0,55,2,1,55,0,58,132,0,132,190
09/23/2012,PVU,UT,ANM,WE,Federal Contract Tower,2,2,3,1,8,0,0,22,0,22,2,2,25,1,30,49,0,49,79
09/24/2012,PVU,UT,ANM,WE,Federal Contract Tower,2,2,3,0,7,0,0,75,1,76,2,2,78,1,83,248,2,250,333
09/25/2012,PVU,UT,ANM,WE,Federal Contract Tower,2,3,19,1,25,0,14,34,0,48,2,17,53,1,73,113,0,113,186
09/26/2012,PVU,UT,ANM,WE,Federal Contract Tower,2,1,11,0,14,0,0,96,0,96,2,1,107,0,110,220,0,220,330
09/27/2012,PVU,UT,ANM,WE,Federal Contract Tower,3,3,17,0,23,0,0,70,0,70,3,3,87,0,93,181,0,181,274
09/28/2012,PVU,UT,ANM,WE,Federal Contract Tower,2,0,17,0,19,0,0,109,0,109,2,0,126,0,128,135,0,135,263
09/29/2012,PVU,UT,ANM,WE,Federal Contract Tower,4,1,9,0,14,0,0,76,0,76,4,1,85,0,90,126,0,126,216
09/30/2012,PVU,UT,ANM,WE,Federal Contract Tower,2,2,8,0,12,0,0,38,0,38,2,2,46,0,50,89,0,89,139
10/01/2012,PVU,UT,ANM,WE,Federal Contract Tower,2,0,5,0,7,0,0,82,0,82,2,0,87,0,89,188,0,188,277
10/02/2012,PVU,UT,ANM,WE,Federal Contract Tower,2,1,1,0,4,0,0,88,0,88,2,1,89,0,92,223,0,223,315
10/03/2012,PVU,UT,ANM,WE,Federal Contract Tower,2,5,5,0,12,0,0,76,0,76,2,5,81,0,88,143,0,143,231
10/04/2012,PVU,UT,ANM,WE,Federal Contract Tower,2,3,8,0,13,0,0,75,0,75,2,3,83,0,88,129,0,129,217
10/05/2012,PVU,UT,ANM,WE,Federal Contract Tower,7,0,10,0,17,0,0,78,0,78,7,0,88,0,95,165,0,165,260
10/06/2012,PVU,UT,ANM,WE,Federal Contract Tower,2,4,0,0,6,0,0,57,0,57,2,4,57,0,63,96,0,96,159
10/07/2012,PVU,UT,ANM,WE,Federal Contract Tower,1,7,5,0,13,0,0,34,0,34,1,7,39,0,47,70,0,70,117
10/08/2012,PVU,UT,ANM,WE,Federal Contract Tower,2,2,5,0,9,0,1,106,0,107,2,3,111,0,116,267,0,267,383
10/09/2012,PVU,UT,ANM,WE,Federal Contract Tower,2,0,7,0,9,0,0,70,0,70,2,0,77,0,79,232,0,232,311
10/10/2012,PVU,UT,ANM,WE,Federal Contract Tower,2,0,6,0,8,0,0,91,0,91,2,0,97,0,99,207,0,207,306
10/11/2012,PVU,UT,ANM,WE,Federal Contract Tower,2,2,5,0,9,0,0,79,0,79,2,2,84,0,88,214,0,214,302
10/12/2012,PVU,UT,ANM,WE,Federal Contract Tower,4,3,8,1,16,0,0,13,0,13,4,3,21,1,29,76,0,76,105
10/13/2012,PVU,UT,ANM,WE,Federal Contract Tower,4,1,10,1,16,0,0,40,6,46,4,1,50,7,62,57,0,57,119
10/14/2012,PVU,UT,ANM,WE,Federal Contract Tower,2,2,9,0,13,0,1,22,2,25,2,3,31,2,38,60,4,64,102
10/15/2012,PVU,UT,ANM,WE,Federal Contract Tower,2,2,4,2,10,0,2,88,0,90,2,4,92,2,100,236,0,236,336
10/16/2012,PVU,UT,ANM,WE,Federal Contract Tower,2,0,4,0,6,0,0,43,0,43,2,0,47,0,49,183,0,183,232
10/17/2012,PVU,UT,ANM,WE,Federal Contract Tower,2,0,9,0,11,0,0,82,1,83,2,0,91,1,94,154,0,154,248
10/18/2012,PVU,UT,ANM,WE,Federal Contract Tower,2,1,13,0,16,0,0,94,0,94,2,1,107,0,110,242,0,242,352
10/19/2012,PVU,UT,ANM,WE,Federal Contract Tower,4,5,10,0,19,0,0,79,0,79,4,5,89,0,98,228,0,228,326
10/20/2012,PVU,UT,ANM,WE,Federal Contract Tower,2,0,4,0,6,0,0,56,0,56,2,0,60,0,62,171,0,171,233
10/21/2012,PVU,UT,ANM,WE,Federal Contract Tower,2,6,4,0,12,0,0,89,6,95,2,6,93,6,107,547,20,567,674
10/22/2012,PVU,UT,ANM,WE,Federal Contract Tower,2,1,0,0,3,0,0,75,26,101,2,1,75,26,104,353,82,435,539
10/23/2012,PVU,UT,ANM,WE,Federal Contract Tower,2,0,8,0,10,0,0,124,2,126,2,0,132,2,136,386,0,386,522
10/24/2012,PVU,UT,ANM,WE,Federal Contract Tower,2,0,9,1,12,0,0,33,0,33,2,0,42,1,45,236,0,236,281
10/25/2012,PVU,UT,ANM,WE,Federal Contract Tower,2,4,9,0,15,0,0,14,7,21,2,4,23,7,36,108,0,108,144
10/26/2012,PVU,UT,ANM,WE,Federal Contract Tower,4,6,3,1,14,75,0,0,0,75,79,6,3,1,89,128,0,128,217
10/27/2012,PVU,UT,ANM,WE,Federal Contract Tower,2,2,3,0,7,0,0,74,0,74,2,2,77,0,81,73,0,73,154
10/28/2012,PVU,UT,ANM,WE,Federal Contract Tower,2,1,3,0,6,0,0,26,0,26,2,1,29,0,32,54,0,54,86
10/29/2012,PVU,UT,ANM,WE,Federal Contract Tower,2,0,2,0,4,0,0,110,4,114,2,0,112,4,118,283,8,291,409
10/30/2012,PVU,UT,ANM,WE,Federal Contract Tower,2,2,2,3,9,0,0,89,2,91,2,2,91,5,100,274,4,278,378
10/31/2012,PVU,UT,ANM,WE,Federal Contract Tower,2,1,5,0,8,0,0,84,4,88,2,1,89,4,96,224,8,232,328
11/01/2012,PVU,UT,ANM,WE,Federal Contract Tower,2,0,7,0,9,0,0,105,0,105,2,0,112,0,114,220,0,220,334
11/02/2012,PVU,UT,ANM,WE,Federal Contract Tower,2,1,3,2,8,0,0,92,0,92,2,1,95,2,100,196,0,196,296
11/03/2012,PVU,UT,ANM,WE,Federal Contract Tower,2,0,4,0,6,0,0,60,0,60,2,0,64,0,66,130,0,130,196
11/04/2012,PVU,UT,ANM,WE,Federal Contract Tower,4,2,8,0,14,0,0,25,0,25,4,2,33,0,39,9,0,9,48
11/05/2012,PVU,UT,ANM,WE,Federal Contract Tower,2,4,3,3,12,0,2,72,4,78,2,6,75,7,90,186,8,194,284
11/06/2012,PVU,UT,ANM,WE,Federal Contract Tower,2,4,3,0,9,0,0,80,0,80,2,4,83,0,89,177,0,177,266
11/07/2012,PVU,UT,ANM,WE,Federal Contract Tower,2,1,8,3,14,0,0,110,0,110,2,1,118,3,124,171,0,171,295
11/08/2012,PVU,UT,ANM,WE,Federal Contract Tower,2,4,7,1,14,0,0,49,0,49,2,4,56,1,63,139,0,139,202
11/09/2012,PVU,UT,ANM,WE,Federal Contract Tower,8,7,8,0,23,0,1,0,0,1,8,8,8,0,24,0,0,0,24
11/10/2012,PVU,UT,ANM,WE,Federal Contract Tower,3,2,8,0,13,0,0,2,0,2,3,2,10,0,15,0,0,0,15
11/11/2012,PVU,UT,ANM,WE,Federal Contract Tower,2,3,5,0,10,0,1,6,0,7,2,4,11,0,17,16,0,16,33
11/12/2012,PVU,UT,ANM,WE,Federal Contract Tower,2,2,9,0,13,0,1,77,0,78,2,3,86,0,91,280,0,280,371
11/13/2012,PVU,UT,ANM,WE,Federal Contract Tower,2,0,4,0,6,0,0,96,0,96,2,0,100,0,102,237,0,237,339
11/14/2012,PVU,UT,ANM,WE,Federal Contract Tower,2,0,6,0,8,0,0,81,0,81,2,0,87,0,89,228,0,228,317
11/15/2012,PVU,UT,ANM,WE,Federal Contract Tower,2,6,6,0,14,0,0,82,0,82,2,6,88,0,96,175,0,175,271
11/16/2012,PVU,UT,ANM,WE,Federal Contract Tower,4,0,8,1,13,0,0,63,0,63,4,0,71,1,76,95,0,95,171
11/17/2012,PVU,UT,ANM,WE,Federal Contract Tower,2,0,7,1,10,0,0,33,0,33,2,0,40,1,43,96,0,96,139
11/18/2012,PVU,UT,ANM,WE,Federal Contract Tower,2,0,5,0,7,0,0,10,0,10,2,0,15,0,17,22,0,22,39
11/19/2012,PVU,UT,ANM,WE,Federal Contract Tower,2,1,10,2,15,0,0,94,2,96,2,1,104,4,111,276,4,280,391
11/20/2012,PVU,UT,ANM,WE,Federal Contract Tower,2,4,8,0,14,0,0,111,0,111,2,4,119,0,125,289,0,289,414
11/21/2012,PVU,UT,ANM,WE,Federal Contract Tower,4,1,4,0,9,0,0,66,6,72,4,1,70,6,81,194,16,210,291
11/22/2012,PVU,UT,ANM,WE,Federal Contract Tower,2,0,0,0,2,0,0,17,0,17,2,0,17,0,19,7,0,7,26
11/23/2012,PVU,UT,ANM,WE,Federal Contract Tower,3,3,4,0,10,0,2,73,0,75,3,5,77,0,85,127,0,127,212
11/24/2012,PVU,UT,ANM,WE,Federal Contract Tower,1,2,6,0,9,0,0,57,0,57,1,2,63,0,66,150,0,150,216
11/25/2012,PVU,UT,ANM,WE,Federal Contract Tower,2,2,11,0,15,0,0,25,0,25,2,2,36,0,40,65,0,65,105
11/26/2012,PVU,UT,ANM,WE,Federal Contract Tower,1,3,5,0,9,0,0,70,0,70,1,3,75,0,79,226,0,226,305
11/27/2012,PVU,UT,ANM,WE,Federal Contract Tower,2,0,12,0,14,0,0,83,0,83,2,0,95,0,97,228,0,228,325
11/28/2012,PVU,UT,ANM,WE,Federal Contract Tower,2,0,7,0,9,0,0,86,0,86,2,0,93,0,95,191,0,191,286
11/29/2012,PVU,UT,ANM,WE,Federal Contract Tower,2,2,9,0,13,0,0,74,0,74,2,2,83,0,87,206,0,206,293
11/30/2012,PVU,UT,ANM,WE,Federal Contract Tower,2,2,15,2,21,0,0,51,0,51,2,2,66,2,72,152,0,152,224
12/01/2012,PVU,UT,ANM,WE,Federal Contract Tower,2,0,8,3,13,0,0,51,0,51,2,0,59,3,64,127,0,127,191
12/02/2012,PVU,UT,ANM,WE,Federal Contract Tower,2,3,2,0,7,0,0,17,0,17,2,3,19,0,24,44,0,44,68
12/03/2012,PVU,UT,ANM,WE,Federal Contract Tower,2,0,7,0,9,0,0,61,0,61,2,0,68,0,70,200,0,200,270
12/04/2012,PVU,UT,ANM,WE,Federal Contract Tower,2,3,4,0,9,0,0,57,0,57,2,3,61,0,66,181,0,181,247
12/05/2012,PVU,UT,ANM,WE,Federal Contract Tower,2,1,7,0,10,0,0,27,0,27,2,1,34,0,37,64,0,64,101
12/06/2012,PVU,UT,ANM,WE,Federal Contract Tower,2,1,8,0,11,0,0,31,0,31,2,1,39,0,42,102,0,102,144
12/07/2012,PVU,UT,ANM,WE,Federal Contract Tower,2,3,11,0,16,0,0,107,0,107,2,3,118,0,123,182,0,182,305
12/08/2012,PVU,UT,ANM,WE,Federal Contract Tower,2,0,6,2,10,0,0,20,0,20,2,0,26,2,30,20,0,20,50
12/09/2012,PVU,UT,ANM,WE,Federal Contract Tower,2,0,6,0,8,0,0,8,0,8,2,0,14,0,16,23,0,23,39
12/10/2012,PVU,UT,ANM,WE,Federal Contract Tower,4,1,4,0,9,0,2,9,0,11,4,3,13,0,20,40,0,40,60
12/11/2012,PVU,UT,ANM,WE,Federal Contract Tower,2,0,2,0,4,0,0,65,2,67,2,0,67,2,71,204,4,208,279
12/12/2012,PVU,UT,ANM,WE,Federal Contract Tower,2,2,7,0,11,0,0,76,1,77,2,2,83,1,88,181,2,183,271
12/13/2012,PVU,UT,ANM,WE,Federal Contract Tower,2,1,11,0,14,0,0,68,0,68,2,1,79,0,82,154,0,154,236
12/14/2012,PVU,UT,ANM,WE,Federal Contract Tower,2,6,14,1,23,0,0,26,0,26,2,6,40,1,49,57,0,57,106
12/15/2012,PVU,UT,ANM,WE,Federal Contract Tower,2,0,6,0,8,0,0,0,0,0,2,0,6,0,8,6,0,6,14
12/16/2012,PVU,UT,ANM,WE,Federal Contract Tower,3,0,3,0,6,0,1,3,2,6,3,1,6,2,12,18,4,22,34
12/17/2012,PVU,UT,ANM,WE,Federal Contract Tower,1,0,7,2,10,0,1,30,2,33,1,1,37,4,43,87,4,91,134
12/18/2012,PVU,UT,ANM,WE,Federal Contract Tower,2,1,7,3,13,0,0,0,0,0,2,1,7,3,13,0,0,0,13
12/19/2012,PVU,UT,ANM,WE,Federal Contract Tower,4,0,4,0,8,0,0,67,0,67,4,0,71,0,75,173,0,173,248
12/20/2012,PVU,UT,ANM,WE,Federal Contract Tower,2,3,7,0,12,0,0,65,0,65,2,3,72,0,77,136,0,136,213
12/21/2012,PVU,UT,ANM,WE,Federal Contract Tower,4,0,5,0,9,0,0,79,0,79,4,0,84,0,88,207,0,207,295
12/22/2012,PVU,UT,ANM,WE,Federal Contract Tower,4,3,6,0,13,0,0,42,0,42,4,3,48,0,55,68,0,68,123
12/23/2012,PVU,UT,ANM,WE,Federal Contract Tower,2,2,4,0,8,0,1,11,0,12,2,3,15,0,20,34,0,34,54
12/24/2012,PVU,UT,ANM,WE,Federal Contract Tower,2,2,1,0,5,0,0,0,0,0,2,2,1,0,5,0,0,0,5
12/25/2012,PVU,UT,ANM,WE,Federal Contract Tower,2,0,1,0,3,0,0,5,0,5,2,0,6,0,8,12,0,12,20
12/26/2012,PVU,UT,ANM,WE,Federal Contract Tower,2,0,8,0,10,0,0,0,0,0,2,0,8,0,10,0,0,0,10
12/27/2012,PVU,UT,ANM,WE,Federal Contract Tower,1,1,6,0,8,0,1,0,0,1,1,2,6,0,9,0,0,0,9
12/28/2012,PVU,UT,ANM,WE,Federal Contract Tower,1,2,8,0,11,0,0,10,0,10,1,2,18,0,21,52,0,52,73
12/29/2012,PVU,UT,ANM,WE,Federal Contract Tower,1,4,3,0,8,0,0,35,0,35,1,4,38,0,43,104,0,104,147
12/30/2012,PVU,UT,ANM,WE,Federal Contract Tower,2,0,4,0,6,0,0,5,0,5,2,0,9,0,11,30,0,30,41
12/31/2012,PVU,UT,ANM,WE,Federal Contract Tower,2,1,5,0,8,0,0,4,0,4,2,1,9,0,12,16,0,16,28
01/01/2013,PVU,UT,ANM,WE,Federal Contract Tower,2,2,4,0,8,0,0,10,0,10,2,2,14,0,18,24,0,24,42
01/02/2013,PVU,UT,ANM,WE,Federal Contract Tower,2,9,10,0,21,0,0,45,0,45,2,9,55,0,66,112,0,112,178
01/03/2013,PVU,UT,ANM,WE,Federal Contract Tower,3,3,8,0,14,0,3,49,0,52,3,6,57,0,66,133,0,133,199
01/04/2013,PVU,UT,ANM,WE,Federal Contract Tower,1,2,13,1,17,0,0,28,0,28,1,2,41,1,45,65,0,65,110
01/05/2013,PVU,UT,ANM,WE,Federal Contract Tower,2,0,18,3,23,0,2,11,8,21,2,2,29,11,44,41,0,41,85
01/06/2013,PVU,UT,ANM,WE,Federal Contract Tower,1,1,12,1,15,0,0,3,0,3,1,1,15,1,18,10,0,10,28
01/07/2013,PVU,UT,ANM,WE,Federal Contract Tower,2,3,14,0,19,0,1,8,0,9,2,4,22,0,28,44,0,44,72
01/08/2013,PVU,UT,ANM,WE,Federal Contract Tower,0,0,10,1,11,0,0,23,1,24,0,0,33,2,35,72,2,74,109
01/09/2013,PVU,UT,ANM,WE,Federal Contract Tower,0,6,21,0,27,0,0,56,0,56,0,6,77,0,83,148,0,148,231
01/10/2013,PVU,UT,ANM,WE,Federal Contract Tower,0,0,12,0,12,0,1,3,0,4,0,1,15,0,16,13,0,13,29
01/11/2013,PVU,UT,ANM,WE,Federal Contract Tower,0,2,11,0,13,0,0,0,0,0,0,2,11,0,13,0,0,0,13
01/12/2013,PVU,UT,ANM,WE,Federal Contract Tower,0,2,5,0,7,0,0,3,0,3,0,2,8,0,10,13,0,13,23
01/13/2013,PVU,UT,ANM,WE,Federal Contract Tower,0,2,1,0,3,0,0,20,0,20,0,2,21,0,23,52,0,52,75
01/14/2013,PVU,UT,ANM,WE,Federal Contract Tower,0,0,6,0,6,0,3,66,2,71,0,3,72,2,77,199,8,207,284
01/15/2013,PVU,UT,ANM,WE,Federal Contract Tower,0,7,6,0,13,0,0,72,0,72,0,7,78,0,85,159,0,159,244
01/16/2013,PVU,UT,ANM,WE,Federal Contract Tower,0,3,14,0,17,0,0,50,0,50,0,3,64,0,67,145,0,145,212
01/17/2013,PVU,UT,ANM,WE,Federal Contract Tower,0,4,12,0,16,0,2,65,0,67,0,6,77,0,83,163,0,163,246
01/18/2013,PVU,UT,ANM,WE,Federal Contract Tower,0,3,21,0,24,0,0,10,0,10,0,3,31,0,34,7,0,7,41
01/19/2013,PVU,UT,ANM,WE,Federal Contract Tower,0,3,35,0,38,0,0,1,0,1,0,3,36,0,39,35,0,35,74
01/20/2013,PVU,UT,ANM,WE,Federal Contract Tower,0,3,13,0,16,0,0,0,0,0,0,3,13,0,16,0,0,0,16
01/21/2013,PVU,UT,ANM,WE,Federal Contract Tower,0,5,5,0,10,0,0,0,0,0,0,5,5,0,10,0,0,0,10
01/22/2013,PVU,UT,ANM,WE,Federal Contract Tower,0,0,7,0,7,0,0,1,0,1,0,0,8,0,8,0,0,0,8
01/23/2013,PVU,UT,ANM,WE,Federal Contract Tower,0,5,42,0,47,0,0,0,0,0,0,5,42,0,47,0,0,0,47
01/24/2013,PVU,UT,ANM,WE,Federal Contract Tower,0,12,15,0,27,0,0,0,0,0,0,12,15,0,27,0,0,0,27
01/25/2013,PVU,UT,ANM,WE,Federal Contract Tower,0,5,11,1,17,0,0,0,0,0,0,5,11,1,17,0,0,0,17
01/26/2013,PVU,UT,ANM,WE,Federal Contract Tower,0,2,7,4,13,0,0,1,0,1,0,2,8,4,14,0,0,0,14
01/27/2013,PVU,UT,ANM,WE,Federal Contract Tower,2,5,10,0,17,0,0,4,0,4,2,5,14,0,21,10,0,10,31
01/28/2013,PVU,UT,ANM,WE,Federal Contract Tower,0,2,8,1,11,0,0,70,1,71,0,2,78,2,82,210,2,212,294
01/29/2013,PVU,UT,ANM,WE,Federal Contract Tower,0,0,12,0,12,0,0,0,0,0,0,0,12,0,12,0,0,0,12
01/30/2013,PVU,UT,ANM,WE,Federal Contract Tower,1,2,13,0,16,0,0,8,0,8,1,2,21,0,24,22,0,22,46
01/31/2013,PVU,UT,ANM,WE,Federal Contract Tower,0,2,2,1,5,0,0,82,0,82,0,2,84,1,87,238,0,238,325
02/01/2013,PVU,UT,ANM,WE,Federal Contract Tower,0,3,7,0,10,0,0,46,0,46,0,3,53,0,56,174,0,174,230
02/02/2013,PVU,UT,ANM,WE,Federal Contract Tower,0,2,10,0,12,0,0,42,1,43,0,2,52,1,55,113,0,113,168
02/03/2013,PVU,UT,ANM,WE,Federal Contract Tower,0,0,11,0,11,0,0,8,0,8,0,0,19,0,19,18,0,18,37
02/04/2013,PVU,UT,ANM,WE,Federal Contract Tower,0,1,25,0,26,0,0,15,0,15,0,1,40,0,41,75,0,75,116
02/05/2013,PVU,UT,ANM,WE,Federal Contract Tower,0,3,21,0,24,0,0,39,0,39,0,3,60,0,63,110,0,110,173
02/06/2013,PVU,UT,ANM,WE,Federal Contract Tower,0,6,34,0,40,0,0,22,0,22,0,6,56,0,62,58,0,58,120
02/07/2013,PVU,UT,ANM,WE,Federal Contract Tower,0,5,12,0,17,0,1,86,0,87,0,6,98,0,104,192,0,192,296
02/08/2013,PVU,UT,ANM,WE,Federal Contract Tower,0,5,7,0,12,0,0,11,0,11,0,5,18,0,23,34,0,34,57
02/09/2013,PVU,UT,ANM,WE,Federal Contract Tower,0,2,5,0,7,0,0,0,0,0,0,2,5,0,7,6,0,6,13
02/10/2013,PVU,UT,ANM,WE,Federal Contract Tower,0,1,7,0,8,0,0,1,0,1,0,1,8,0,9,2,0,2,11
02/11/2013,PVU,UT,ANM,WE,Federal Contract Tower,0,1,6,0,7,0,0,69,0,69,0,1,75,0,76,242,0,242,318
02/12/2013,PVU,UT,ANM,WE,Federal Contract Tower,0,1,13,1,15,0,0,64,0,64,0,1,77,1,79,190,0,190,269
02/13/2013,PVU,UT,ANM,WE,Federal Contract Tower,0,0,8,0,8,0,0,74,0,74,0,0,82,0,82,215,0,215,297
02/14/2013,PVU,UT,ANM,WE,Federal Contract Tower,0,3,5,0,8,0,0,39,0,39,0,3,44,0,47,145,0,145,192
02/15/2013,PVU,UT,ANM,WE,Federal Contract Tower,2,1,5,0,8,0,0,87,0,87,2,1,92,0,95,175,0,175,270
02/16/2013,PVU,UT,ANM,WE,Federal Contract Tower,0,0,8,0,8,0,0,80,2,82,0,0,88,2,90,228,6,234,324
02/17/2013,PVU,UT,ANM,WE,Federal Contract Tower,0,0,2,0,2,0,0,3,0,3,0,0,5,0,5,8,0,8,13
02/18/2013,PVU,UT,ANM,WE,Federal Contract Tower,2,0,7,2,11,0,0,73,0,73,2,0,80,2,84,204,0,204,288
02/19/2013,PVU,UT,ANM,WE,Federal Contract Tower,0,3,4,0,7,0,0,51,0,51,0,3,55,0,58,134,0,134,192
02/20/2013,PVU,UT,ANM,WE,Federal Contract Tower,0,0,9,0,9,0,0,57,0,57,0,0,66,0,66,167,0,167,233
02/21/2013,PVU,UT,ANM,WE,Federal Contract Tower,0,4,13,0,17,0,0,28,0,28,0,4,41,0,45,113,2,115,160
02/22/2013,PVU,UT,ANM,WE,Federal Contract Tower,2,3,4,1,10,0,0,15,0,15,2,3,19,1,25,38,0,38,63
02/23/2013,PVU,UT,ANM,WE,Federal Contract Tower,0,6,8,0,14,0,0,2,0,2,0,6,10,0,16,0,0,0,16
02/24/2013,PVU,UT,ANM,WE,Federal Contract Tower,0,1,5,0,6,0,0,5,0,5,0,1,10,0,11,10,0,10,21
02/25/2013,PVU,UT,ANM,WE,Federal Contract Tower,2,3,8,1,14,0,0,86,0,86,2,3,94,1,100,219,0,219,319
02/26/2013,PVU,UT,ANM,WE,Federal Contract Tower,0,10,9,0,19,0,0,26,0,26,0,10,35,0,45,93,0,93,138
02/27/2013,PVU,UT,ANM,WE,Federal Contract Tower,0,2,5,0,7,0,0,109,0,109,0,2,114,0,116,274,0,274,390
02/28/2013,PVU,UT,ANM,WE,Federal Contract Tower,0,0,4,2,6,0,2,109,0,111,0,2,113,2,117,246,0,246,363
03/01/2013,PVU,UT,ANM,WE,Federal Contract Tower,2,2,6,0,10,0,0,76,0,76,2,2,82,0,86,215,0,215,301
03/02/2013,PVU,UT,ANM,WE,Federal Contract Tower,0,0,6,0,6,0,4,63,0,67,0,4,69,0,73,209,0,209,282
03/03/2013,PVU,UT,ANM,WE,Federal Contract Tower,0,2,5,0,7,0,1,5,0,6,0,3,10,0,13,20,0,20,33
03/04/2013,PVU,UT,ANM,WE,Federal Contract Tower,2,2,2,1,7,0,0,74,0,74,2,2,76,1,81,270,0,270,351
03/05/2013,PVU,UT,ANM,WE,Federal Contract Tower,0,0,0,6,6,0,0,110,11,121,0,0,110,17,127,303,22,325,452
03/06/2013,PVU,UT,ANM,WE,Federal Contract Tower,0,0,11,0,11,0,0,74,8,82,0,0,85,8,93,183,14,197,290
03/07/2013,PVU,UT,ANM,WE,Federal Contract Tower,0,2,7,0,9,0,0,67,0,67,0,2,74,0,76,213,0,213,289
03/08/2013,PVU,UT,ANM,WE,Federal Contract Tower,2,0,9,0,11,0,0,23,0,23,2,0,32,0,34,152,0,152,186
03/09/2013,PVU,UT,ANM,WE,Federal Contract Tower,0,0,5,0,5,0,0,26,0,26,0,0,31,0,31,39,0,39,70
03/10/2013,PVU,UT,ANM,WE,Federal Contract Tower,0,0,4,0,4,0,0,21,0,21,0,0,25,0,25,72,0,72,97
03/11/2013,PVU,UT,ANM,WE,Federal Contract Tower,2,6,6,0,14,0,0,69,0,69,2,6,75,0,83,237,0,237,320
03/12/2013,PVU,UT,ANM,WE,Federal Contract Tower,0,2,13,0,15,0,0,62,0,62,0,2,75,0,77,215,0,215,292
03/13/2013,PVU,UT,ANM,WE,Federal Contract Tower,0,5,11,0,16,0,0,57,3,60,0,5,68,3,76,224,6,230,306
03/14/2013,PVU,UT,ANM,WE,Federal Contract Tower,0,9,12,1,22,0,1,75,0,76,0,10,87,1,98,164,0,164,262
03/15/2013,PVU,UT,ANM,WE,Federal Contract Tower,2,6,9,0,17,0,0,61,0,61,2,6,70,0,78,153,0,153,231
03/16/2013,PVU,UT,ANM,WE,Federal Contract Tower,0,7,10,0,17,0,0,45,0,45,0,7,55,0,62,72,0,72,134
03/17/2013,PVU,UT,ANM,WE,Federal Contract Tower,0,6,3,0,9,0,0,5,0,5,0,6,8,0,14,10,0,10,24
03/18/2013,PVU,UT,ANM,WE,Federal Contract Tower,2,0,7,0,9,0,0,66,3,69,2,0,73,3,78,252,8,260,338
03/19/2013,PVU,UT,ANM,WE,Federal Contract Tower,0,3,8,1,12,0,0,68,3,71,0,3,76,4,83,192,0,192,275
03/20/2013,PVU,UT,ANM,WE,Federal Contract Tower,0,3,8,1,12,0,0,68,7,75,0,3,76,8,87,179,12,191,278
03/21/2013,PVU,UT,ANM,WE,Federal Contract Tower,0,4,6,1,11,0,0,43,4,47,0,4,49,5,58,75,0,75,133
03/22/2013,PVU,UT,ANM,WE,Federal Contract Tower,2,6,16,0,24,0,0,13,0,13,2,6,29,0,37,90,0,90,127
03/23/2013,PVU,UT,ANM,WE,Federal Contract Tower,1,3,3,0,7,0,0,18,0,18,1,3,21,0,25,71,0,71,96
03/24/2013,PVU,UT,ANM,WE,Federal Contract Tower,0,3,4,2,9,0,0,20,0,20,0,3,24,2,29,46,2,48,77
03/25/2013,PVU,UT,ANM,WE,Federal Contract Tower,2,0,7,0,9,0,0,96,0,96,2,0,103,0,105,309,0,309,414
03/26/2013,PVU,UT,ANM,WE,Federal Contract Tower,0,1,16,0,17,0,0,97,0,97,0,1,113,0,114,295,0,295,409
03/27/2013,PVU,UT,ANM,WE,Federal Contract Tower,0,3,6,0,9,0,0,89,0,89,0,3,95,0,98,284,0,284,382
03/28/2013,PVU,UT,ANM,WE,Federal Contract Tower,0,0,4,0,4,0,0,79,0,79,0,0,83,0,83,175,0,175,258
03/29/2013,PVU,UT,ANM,WE,Federal Contract Tower,2,2,7,0,11,0,0,53,0,53,2,2,60,0,64,245,0,245,309
03/30/2013,PVU,UT,ANM,WE,Federal Contract Tower,0,2,2,0,4,0,0,68,0,68,0,2,70,0,72,154,0,154,226
03/31/2013,PVU,UT,ANM,WE,Federal Contract Tower,1,2,2,0,5,0,0,12,0,12,1,2,14,0,17,28,0,28,45
04/01/2013,PVU,UT,ANM,WE,Federal Contract Tower,2,0,5,0,7,0,0,27,0,27,2,0,32,0,34,109,0,109,143
04/02/2013,PVU,UT,ANM,WE,Federal Contract Tower,5,0,0,0,5,0,0,64,0,64,5,0,64,0,69,232,0,232,301
04/03/2013,PVU,UT,ANM,WE,Federal Contract Tower,0,0,7,1,8,0,0,82,0,82,0,0,89,1,90,243,0,243,333
04/04/2013,PVU,UT,ANM,WE,Federal Contract Tower,0,0,11,0,11,0,0,104,0,104,0,0,115,0,115,267,0,267,382
04/05/2013,PVU,UT,ANM,WE,Federal Contract Tower,2,4,5,0,11,0,6,29,0,35,2,10,34,0,46,57,0,57,103
04/06/2013,PVU,UT,ANM,WE,Federal Contract Tower,0,0,3,0,3,0,0,30,0,30,0,0,33,0,33,130,0,130,163
04/07/2013,PVU,UT,ANM,WE,Federal Contract Tower,0,2,5,0,7,0,0,29,1,30,0,2,34,1,37,77,2,79,116
04/08/2013,PVU,UT,ANM,WE,Federal Contract Tower,2,1,3,2,8,0,0,5,0,5,2,1,8,2,13,0,0,0,13
04/09/2013,PVU,UT,ANM,WE,Federal Contract Tower,0,2,12,0,14,0,0,23,0,23,0,2,35,0,37,68,0,68,105
04/10/2013,PVU,UT,ANM,WE,Federal Contract Tower,0,2,4,0,6,0,0,109,0,109,0,2,113,0,115,295,0,295,410
04/11/2013,PVU,UT,ANM,WE,Federal Contract Tower,0,2,2,0,4,0,0,38,4,42,0,2,40,4,46,209,9,218,264
04/12/2013,PVU,UT,ANM,WE,Federal Contract Tower,2,0,9,0,11,0,2,59,0,61,2,2,68,0,72,224,0,224,296
04/13/2013,PVU,UT,ANM,WE,Federal Contract Tower,0,1,5,0,6,0,0,31,0,31,0,1,36,0,37,132,0,132,169
04/14/2013,PVU,UT,ANM,WE,Federal Contract Tower,0,3,1,0,4,0,0,19,1,20,0,3,20,1,24,11,2,13,37
04/15/2013,PVU,UT,ANM,WE,Federal Contract Tower,2,0,9,0,11,0,0,22,0,22,2,0,31,0,33,90,0,90,123
04/16/2013,PVU,UT,ANM,WE,Federal Contract Tower,0,3,8,0,11,0,0,9,0,9,0,3,17,0,20,42,0,42,62
04/17/2013,PVU,UT,ANM,WE,Federal Contract Tower,0,3,7,0,10,0,0,38,0,38,0,3,45,0,48,72,0,72,120
04/18/2013,PVU,UT,ANM,WE,Federal Contract Tower,2,1,8,0,11,0,0,58,1,59,2,1,66,1,70,224,0,224,294
04/19/2013,PVU,UT,ANM,WE,Federal Contract Tower,0,0,13,1,14,0,0,101,0,101,0,0,114,1,115,266,0,266,381
04/20/2013,PVU,UT,ANM,WE,Federal Contract Tower,0,0,10,0,10,0,0,47,9,56,0,0,57,9,66,162,14,176,242
04/21/2013,PVU,UT,ANM,WE,Federal Contract Tower,2,0,11,0,13,0,0,20,0,20,2,0,31,0,33,60,0,60,93
04/22/2013,PVU,UT,ANM,WE,Federal Contract Tower,0,0,18,1,19,0,0,27,3,30,0,0,45,4,49,62,6,68,117
04/23/2013,PVU,UT,ANM,WE,Federal Contract Tower,1,6,0,0,7,0,0,87,0,87,1,6,87,0,94,203,0,203,297
04/24/2013,PVU,UT,ANM,WE,Federal Contract Tower,0,3,18,0,21,0,0,93,0,93,0,3,111,0,114,222,0,222,336
04/25/2013,PVU,UT,ANM,WE,Federal Contract Tower,2,0,9,0,11,0,0,73,0,73,2,0,82,0,84,197,0,197,281
04/26/2013,PVU,UT,ANM,WE,Federal Contract Tower,0,2,6,0,8,0,0,61,0,61,0,2,67,0,69,157,0,157,226
04/27/2013,PVU,UT,ANM,WE,Federal Contract Tower,0,0,9,0,9,0,2,74,0,76,0,2,83,0,85,226,0,226,311
04/28/2013,PVU,UT,ANM,WE,Federal Contract Tower,0,2,6,0,8,0,0,17,0,17,0,2,23,0,25,46,0,46,71
04/29/2013,PVU,UT,ANM,WE,Federal Contract Tower,0,1,9,0,10,0,0,78,0,78,0,1,87,0,88,234,0,234,322
04/30/2013,PVU,UT,ANM,WE,Federal Contract Tower,0,3,5,1,9,0,0,32,3,35,0,3,37,4,44,127,6,133,177
05/01/2013,PVU,UT,ANM,WE,Federal Contract Tower,0,3,3,0,6,0,0,33,0,33,0,3,36,0,39,97,2,99,138
05/02/2013,PVU,UT,ANM,WE,Federal Contract Tower,2,0,12,0,14,0,0,81,1,82,2,0,93,1,96,159,0,159,255
05/03/2013,PVU,UT,ANM,WE,Federal Contract Tower,0,2,5,0,7,0,2,78,1,81,0,4,83,1,88,228,0,228,316
05/04/2013,PVU,UT,ANM,WE,Federal Contract Tower,0,0,2,0,2,0,1,34,1,36,0,1,36,1,38,94,2,96,134
05/05/2013,PVU,UT,ANM,WE,Federal Contract Tower,2,2,5,0,9,0,0,15,1,16,2,2,20,1,25,52,2,54,79
05/06/2013,PVU,UT,ANM,WE,Federal Contract Tower,0,0,9,4,13,0,0,37,10,47,0,0,46,14,60,168,18,186,246
05/07/2013,PVU,UT,ANM,WE,Federal Contract Tower,0,1,10,0,11,0,0,36,4,40,0,1,46,4,51,146,8,154,205
05/08/2013,PVU,UT,ANM,WE,Federal Contract Tower,0,3,6,1,10,0,0,32,0,32,0,3,38,1,42,120,0,120,162
05/09/2013,PVU,UT,ANM,WE,Federal Contract Tower,2,5,12,0,19,0,2,57,0,59,2,7,69,0,78,237,0,237,315
05/10/2013,PVU,UT,ANM,WE,Federal Contract Tower,0,1,12,0,13,0,0,49,1,50,0,1,61,1,63,153,0,153,216
05/11/2013,PVU,UT,ANM,WE,Federal Contract Tower,0,2,11,0,13,0,1,54,0,55,0,3,65,0,68,188,0,188,256
05/12/2013,PVU,UT,ANM,WE,Federal Contract Tower,2,1,3,0,6,0,0,10,0,10,2,1,13,0,16,24,0,24,40
05/13/2013,PVU,UT,ANM,WE,Federal Contract Tower,0,5,6,1,12,0,0,92,0,92,0,5,98,1,104,291,2,293,397
05/14/2013,PVU,UT,ANM,WE,Federal Contract Tower,0,1,8,3,12,0,1,83,3,87,0,2,91,6,99,271,6,277,376
05/15/2013,PVU,UT,ANM,WE,Federal Contract Tower,0,3,5,0,8,0,0,80,1,81,0,3,85,1,89,206,0,206,295
05/16/2013,PVU,UT,ANM,WE,Federal Contract Tower,2,0,11,0,13,0,6,82,3,91,2,6,93,3,104,179,2,181,285
05/17/2013,PVU,UT,ANM,WE,Federal Contract Tower,0,3,6,1,10,0,0,49,3,52,0,3,55,4,62,161,0,161,223
05/18/2013,PVU,UT,ANM,WE,Federal Contract Tower,0,2,8,1,11,0,0,26,7,33,0,2,34,8,44,61,14,75,119
05/19/2013,PVU,UT,ANM,WE,Federal Contract Tower,2,0,7,0,9,0,0,16,0,16,2,0,23,0,25,32,0,32,57
05/20/2013,PVU,UT,ANM,WE,Federal Contract Tower,0,3,5,0,8,0,0,32,0,32,0,3,37,0,40,86,0,86,126
05/21/2013,PVU,UT,ANM,WE,Federal Contract Tower,0,15,8,0,23,0,0,98,0,98,0,15,106,0,121,285,0,285,406
05/22/2013,PVU,UT,ANM,WE,Federal Contract Tower,0,3,9,0,12,0,0,89,0,89,0,3,98,0,101,216,0,216,317
05/23/2013,PVU,UT,ANM,WE,Federal Contract Tower,2,3,12,2,19,0,0,84,1,85,2,3,96,3,104,187,2,189,293
05/24/2013,PVU,UT,ANM,WE,Federal Contract Tower,0,2,6,0,8,0,6,85,0,91,0,8,91,0,99,166,0,166,265
05/25/2013,PVU,UT,ANM,WE,Federal Contract Tower,0,0,3,0,3,0,0,50,0,50,0,0,53,0,53,171,0,171,224
05/26/2013,PVU,UT,ANM,WE,Federal Contract Tower,2,0,0,0,2,0,0,25,0,25,2,0,25,0,27,64,0,64,91
05/27/2013,PVU,UT,ANM,WE,Federal Contract Tower,0,2,4,0,6,0,0,59,0,59,0,2,63,0,65,117,0,117,182
05/28/2013,PVU,UT,ANM,WE,Federal Contract Tower,0,1,6,0,7,0,1,18,3,22,0,2,24,3,29,109,6,115,144
05/29/2013,PVU,UT,ANM,WE,Federal Contract Tower,0,6,8,0,14,0,0,88,16,104,0,6,96,16,118,190,30,220,338
05/30/2013,PVU,UT,ANM,WE,Federal Contract Tower,2,4,6,0,12,0,0,71,0,71,2,4,77,0,83,229,0,229,312
05/31/2013,PVU,UT,ANM,WE,Federal Contract Tower,0,4,11,0,15,0,2,72,0,74,0,6,83,0,89,162,0,162,251
06/01/2013,PVU,UT,ANM,WE,Federal Contract Tower,0,4,6,0,10,0,0,56,0,56,0,4,62,0,66,84,0,84,150
06/02/2013,PVU,UT,ANM,WE,Federal Contract Tower,2,0,7,0,9,0,0,25,0,25,2,0,32,0,34,59,0,59,93
06/03/2013,PVU,UT,ANM,WE,Federal Contract Tower,0,2,12,0,14,0,0,45,0,45,0,2,57,0,59,138,0,138,197
06/04/2013,PVU,UT,ANM,WE,Federal Contract Tower,0,0,4,0,4,0,0,65,0,65,0,0,69,0,69,179,0,179,248
06/05/2013,PVU,UT,ANM,WE,Federal Contract Tower,0,3,7,0,10,0,2,65,0,67,0,5,72,0,77,124,0,124,201
06/06/2013,PVU,UT,ANM,WE,Federal Contract Tower,2,6,6,0,14,0,0,54,0,54,2,6,60,0,68,199,0,199,267
06/07/2013,PVU,UT,ANM,WE,Federal Contract Tower,2,2,6,0,10,0,1,88,0,89,2,3,94,0,99,274,0,274,373
06/08/2013,PVU,UT,ANM,WE,Federal Contract Tower,0,2,7,0,9,0,0,64,0,64,0,2,71,0,73,152,0,152,225
06/09/2013,PVU,UT,ANM,WE,Federal Contract Tower,2,0,2,0,4,0,0,27,0,27,2,0,29,0,31,54,0,54,85
06/10/2013,PVU,UT,ANM,WE,Federal Contract Tower,2,1,2,0,5,0,0,71,0,71,2,1,73,0,76,180,0,180,256
06/11/2013,PVU,UT,ANM,WE,Federal Contract Tower,0,2,6,0,8,0,0,65,0,65,0,2,71,0,73,160,0,160,233
06/12/2013,PVU,UT,ANM,WE,Federal Contract Tower,0,2,9,0,11,0,0,51,0,51,0,2,60,0,62,96,0,96,158
06/13/2013,PVU,UT,ANM,WE,Federal Contract Tower,2,0,6,0,8,0,0,48,0,48,2,0,54,0,56,105,0,105,161
06/14/2013,PVU,UT,ANM,WE,Federal Contract Tower,2,3,7,1,13,0,1,54,2,57,2,4,61,3,70,127,0,127,197
06/15/2013,PVU,UT,ANM,WE,Federal Contract Tower,0,1,9,2,12,0,0,36,0,36,0,1,45,2,48,126,0,126,174
06/16/2013,PVU,UT,ANM,WE,Federal Contract Tower,2,1,3,0,6,0,0,26,0,26,2,1,29,0,32,54,0,54,86
06/17/2013,PVU,UT,ANM,WE,Federal Contract Tower,2,3,12,0,17,0,0,46,0,46,2,3,58,0,63,155,0,155,218
06/18/2013,PVU,UT,ANM,WE,Federal Contract Tower,0,2,9,0,11,0,0,65,1,66,0,2,74,1,77,152,0,152,229
06/19/2013,PVU,UT,ANM,WE,Federal Contract Tower,0,7,7,0,14,0,0,52,0,52,0,7,59,0,66,132,0,132,198
06/20/2013,PVU,UT,ANM,WE,Federal Contract Tower,2,7,10,0,19,0,2,81,0,83,2,9,91,0,102,217,0,217,319
06/21/2013,PVU,UT,ANM,WE,Federal Contract Tower,2,5,7,1,15,0,0,67,0,67,2,5,74,1,82,214,0,214,296
06/22/2013,PVU,UT,ANM,WE,Federal Contract Tower,0,2,9,2,13,0,0,55,6,61,0,2,64,8,74,118,12,130,204
06/23/2013,PVU,UT,ANM,WE,Federal Contract Tower,2,1,5,1,9,0,0,22,0,22,2,1,27,1,31,54,0,54,85
06/24/2013,PVU,UT,ANM,WE,Federal Contract Tower,2,0,4,4,10,0,0,56,6,62,2,0,60,10,72,155,12,167,239
06/25/2013,PVU,UT,ANM,WE,Federal Contract Tower,0,1,4,1,6,0,0,61,4,65,0,1,65,5,71,198,1,199,270
06/26/2013,PVU,UT,ANM,WE,Federal Contract Tower,0,1,4,1,6,0,0,96,0,96,0,1,100,1,102,266,0,266,368
06/27/2013,PVU,UT,ANM,WE,Federal Contract Tower,2,2,5,0,9,0,2,77,0,79,2,4,82,0,88,179,0,179,267
06/28/2013,PVU,UT,ANM,WE,Federal Contract Tower,2,1,3,0,6,0,1,69,0,70,2,2,72,0,76,104,0,104,180
06/29/2013,PVU,UT,ANM,WE,Federal Contract Tower,0,0,5,0,5,0,0,51,0,51,0,0,56,0,56,154,0,154,210
06/30/2013,PVU,UT,ANM,WE,Federal Contract Tower,2,6,8,0,16,0,0,18,0,18,2,6,26,0,34,47,0,47,81
07/01/2013,PVU,UT,ANM,WE,Federal Contract Tower,2,3,9,0,14,0,1,55,2,58,2,4,64,2,72,172,4,176,248
07/02/2013,PVU,UT,ANM,WE,Federal Contract Tower,0,0,7,0,7,0,0,68,0,68,0,0,75,0,75,186,0,186,261
07/03/2013,PVU,UT,ANM,WE,Federal Contract Tower,0,2,7,0,9,0,0,77,0,77,0,2,84,0,86,208,0,208,294
07/04/2013,PVU,UT,ANM,WE,Federal Contract Tower,2,0,2,0,4,0,1,22,0,23,2,1,24,0,27,26,0,26,53
07/05/2013,PVU,UT,ANM,WE,Federal Contract Tower,2,1,8,0,11,0,1,42,0,43,2,2,50,0,54,110,0,110,164
07/06/2013,PVU,UT,ANM,WE,Federal Contract Tower,0,2,7,0,9,0,0,24,0,24,0,2,31,0,33,68,0,68,101
07/07/2013,PVU,UT,ANM,WE,Federal Contract Tower,2,0,10,0,12,0,0,18,0,18,2,0,28,0,30,52,0,52,82
07/08/2013,PVU,UT,ANM,WE,Federal Contract Tower,2,4,5,0,11,0,0,61,0,61,2,4,66,0,72,223,0,223,295
07/09/2013,PVU,UT,ANM,WE,Federal Contract Tower,0,3,11,0,14,0,0,79,2,81,0,3,90,2,95,182,0,182,277
07/10/2013,PVU,UT,ANM,WE,Federal Contract Tower,0,5,9,3,17,0,0,94,0,94,0,5,103,3,111,264,0,264,375
07/11/2013,PVU,UT,ANM,WE,Federal Contract Tower,2,1,6,0,9,0,0,55,0,55,2,1,61,0,64,102,0,102,166
07/12/2013,PVU,UT,ANM,WE,Federal Contract Tower,2,3,4,0,9,0,0,40,0,40,2,3,44,0,49,164,0,164,213
07/13/2013,PVU,UT,ANM,WE,Federal Contract Tower,0,0,5,1,6,0,0,30,4,34,0,0,35,5,40,99,8,107,147
07/14/2013,PVU,UT,ANM,WE,Federal Contract Tower,2,4,3,3,12,0,0,14,3,17,2,4,17,6,29,27,12,39,68
07/15/2013,PVU,UT,ANM,WE,Federal Contract Tower,2,2,10,3,17,0,0,66,2,68,2,2,76,5,85,166,4,170,255
07/16/2013,PVU,UT,ANM,WE,Federal Contract Tower,0,0,2,0,2,0,2,82,0,84,0,2,84,0,86,217,0,217,303
07/17/2013,PVU,UT,ANM,WE,Federal Contract Tower,0,11,10,0,21,0,0,72,0,72,0,11,82,0,93,189,0,189,282
07/18/2013,PVU,UT,ANM,WE,Federal Contract Tower,2,2,5,0,9,0,0,88,0,88,2,2,93,0,97,157,0,157,254
07/19/2013,PVU,UT,ANM,WE,Federal Contract Tower,4,2,9,0,15,0,1,62,1,64,4,3,71,1,79,154,0,154,233
07/20/2013,PVU,UT,ANM,WE,Federal Contract Tower,0,2,3,0,5,0,0,68,0,68,0,2,71,0,73,81,0,81,154
07/21/2013,PVU,UT,ANM,WE,Federal Contract Tower,2,1,7,0,10,0,0,17,0,17,2,1,24,0,27,42,0,42,69
07/22/2013,PVU,UT,ANM,WE,Federal Contract Tower,2,2,4,0,8,0,0,51,0,51,2,2,55,0,59,164,0,164,223
07/23/2013,PVU,UT,ANM,WE,Federal Contract Tower,0,0,9,0,9,0,0,63,2,65,0,0,72,2,74,184,2,186,260
07/24/2013,PVU,UT,ANM,WE,Federal Contract Tower,0,5,7,1,13,0,0,50,0,50,0,5,57,1,63,189,0,189,252
07/25/2013,PVU,UT,ANM,WE,Federal Contract Tower,2,2,13,0,17,0,0,53,0,53,2,2,66,0,70,108,2,110,180
07/26/2013,PVU,UT,ANM,WE,Federal Contract Tower,2,5,9,0,16,0,0,68,0,68,2,5,77,0,84,129,0,129,213
07/27/2013,PVU,UT,ANM,WE,Federal Contract Tower,2,4,5,0,11,0,3,56,0,59,2,7,61,0,70,134,0,134,204
07/28/2013,PVU,UT,ANM,WE,Federal Contract Tower,2,0,7,0,9,0,0,14,0,14,2,0,21,0,23,40,0,40,63
07/29/2013,PVU,UT,ANM,WE,Federal Contract Tower,2,1,3,0,6,0,0,46,0,46,2,1,49,0,52,184,0,184,236
07/30/2013,PVU,UT,ANM,WE,Federal Contract Tower,0,2,7,1,10,0,0,49,0,49,0,2,56,1,59,152,2,154,213
07/31/2013,PVU,UT,ANM,WE,Federal Contract Tower,0,7,5,0,12,0,0,65,0,65,0,7,70,0,77,152,2,154,231
08/01/2013,PVU,UT,ANM,WE,Federal Contract Tower,2,2,4,1,9,0,0,39,0,39,2,2,43,1,48,73,0,73,121
08/02/2013,PVU,UT,ANM,WE,Federal Contract Tower,2,0,5,3,10,0,0,73,0,73,2,0,78,3,83,180,0,180,263
08/03/2013,PVU,UT,ANM,WE,Federal Contract Tower,0,1,3,0,4,0,3,46,0,49,0,4,49,0,53,142,0,142,195
08/04/2013,PVU,UT,ANM,WE,Federal Contract Tower,2,0,3,0,5,0,1,26,0,27,2,1,29,0,32,64,0,64,96
08/05/2013,PVU,UT,ANM,WE,Federal Contract Tower,2,4,4,0,10,0,4,71,1,76,2,8,75,1,86,184,2,186,272
08/06/2013,PVU,UT,ANM,WE,Federal Contract Tower,0,0,13,0,13,0,0,66,0,66,0,0,79,0,79,172,0,172,251
08/07/2013,PVU,UT,ANM,WE,Federal Contract Tower,0,2,3,0,5,0,0,60,0,60,0,2,63,0,65,144,0,144,209
08/08/2013,PVU,UT,ANM,WE,Federal Contract Tower,2,1,9,0,12,0,0,51,0,51,2,1,60,0,63,100,0,100,163
08/09/2013,PVU,UT,ANM,WE,Federal Contract Tower,2,0,8,0,10,0,0,37,0,37,2,0,45,0,47,36,0,36,83
08/10/2013,PVU,UT,ANM,WE,Federal Contract Tower,0,2,8,0,10,0,0,38,0,38,0,2,46,0,48,87,0,87,135
08/11/2013,PVU,UT,ANM,WE,Federal Contract Tower,2,3,6,0,11,0,1,21,0,22,2,4,27,0,33,46,0,46,79
08/12/2013,PVU,UT,ANM,WE,Federal Contract Tower,2,4,4,0,10,0,0,36,0,36,2,4,40,0,46,128,0,128,174
08/13/2013,PVU,UT,ANM,WE,Federal Contract Tower,0,1,5,2,8,0,0,66,1,67,0,1,71,3,75,160,0,160,235
08/14/2013,PVU,UT,ANM,WE,Federal Contract Tower,0,2,5,0,7,0,0,54,0,54,0,2,59,0,61,150,0,150,211
08/15/2013,PVU,UT,ANM,WE,Federal Contract Tower,2,8,8,0,18,0,1,47,0,48,2,9,55,0,66,115,0,115,181
08/16/2013,PVU,UT,ANM,WE,Federal Contract Tower,2,1,7,0,10,0,0,39,0,39,2,1,46,0,49,76,0,76,125
08/17/2013,PVU,UT,ANM,WE,Federal Contract Tower,0,0,5,0,5,0,0,38,0,38,0,0,43,0,43,85,0,85,128
08/18/2013,PVU,UT,ANM,WE,Federal Contract Tower,2,0,5,0,7,0,2,23,0,25,2,2,28,0,32,48,0,48,80
08/19/2013,PVU,UT,ANM,WE,Federal Contract Tower,2,0,5,0,7,0,0,48,0,48,2,0,53,0,55,144,0,144,199
08/20/2013,PVU,UT,ANM,WE,Federal Contract Tower,0,0,16,0,16,0,0,58,0,58,0,0,74,0,74,120,0,120,194
08/21/2013,PVU,UT,ANM,WE,Federal Contract Tower,0,0,6,4,10,0,0,74,0,74,0,0,80,4,84,213,0,213,297
08/22/2013,PVU,UT,ANM,WE,Federal Contract Tower,2,1,4,0,7,0,1,36,0,37,2,2,40,0,44,94,0,94,138
08/23/2013,PVU,UT,ANM,WE,Federal Contract Tower,2,2,6,0,10,0,0,17,0,17,2,2,23,0,27,97,0,97,124
08/24/2013,PVU,UT,ANM,WE,Federal Contract Tower,0,0,1,0,1,0,0,30,0,30,0,0,31,0,31,78,0,78,109
08/25/2013,PVU,UT,ANM,WE,Federal Contract Tower,2,2,6,0,10,0,0,11,0,11,2,2,17,0,21,24,0,24,45
08/26/2013,PVU,UT,ANM,WE,Federal Contract Tower,2,1,3,0,6,0,0,38,1,39,2,1,41,1,45,164,2,166,211
08/27/2013,PVU,UT,ANM,WE,Federal Contract Tower,0,0,9,0,9,0,2,37,0,39,0,2,46,0,48,128,0,128,176
08/28/2013,PVU,UT,ANM,WE,Federal Contract Tower,2,4,5,0,11,0,0,61,0,61,2,4,66,0,72,110,0,110,182
08/29/2013,PVU,UT,ANM,WE,Federal Contract Tower,2,4,8,0,14,0,0,60,0,60,2,4,68,0,74,84,0,84,158
08/30/2013,PVU,UT,ANM,WE,Federal Contract Tower,4,1,8,0,13,0,2,58,0,60,4,3,66,0,73,123,0,123,196
08/31/2013,PVU,UT,ANM,WE,Federal Contract Tower,0,0,0,0,0,0,0,45,0,45,0,0,45,0,45,74,0,74,119
09/01/2013,PVU,UT,ANM,WE,Federal Contract Tower,2,5,1,0,8,0,0,10,0,10,2,5,11,0,18,22,0,22,40
09/02/2013,PVU,UT,ANM,WE,Federal Contract Tower,0,2,1,6,9,0,0,39,0,39,0,2,40,6,48,94,0,94,142
09/03/2013,PVU,UT,ANM,WE,Federal Contract Tower,0,1,14,0,15,0,0,82,0,82,0,1,96,0,97,206,0,206,303
09/04/2013,PVU,UT,ANM,WE,Federal Contract Tower,0,1,6,0,7,0,0,61,0,61,0,1,67,0,68,141,0,141,209
09/05/2013,PVU,UT,ANM,WE,Federal Contract Tower,2,0,8,0,10,0,1,77,1,79,2,1,85,1,89,173,2,175,264
09/06/2013,PVU,UT,ANM,WE,Federal Contract Tower,4,2,9,1,16,0,0,54,0,54,4,2,63,1,70,157,0,157,227
09/07/2013,PVU,UT,ANM,WE,Federal Contract Tower,3,6,9,0,18,0,1,74,0,75,3,7,83,0,93,106,0,106,199
09/08/2013,PVU,UT,ANM,WE,Federal Contract Tower,2,7,10,0,19,0,0,9,0,9,2,7,19,0,28,16,0,16,44
09/09/2013,PVU,UT,ANM,WE,Federal Contract Tower,6,4,7,4,21,0,0,54,0,54,6,4,61,4,75,149,2,151,226
09/10/2013,PVU,UT,ANM,WE,Federal Contract Tower,0,1,7,1,9,0,0,49,0,49,0,1,56,1,58,179,0,179,237
09/11/2013,PVU,UT,ANM,WE,Federal Contract Tower,6,0,0,0,6,0,0,60,0,60,6,0,60,0,66,193,0,193,259
09/12/2013,PVU,UT,ANM,WE,Federal Contract Tower,2,2,6,0,10,0,0,41,0,41,2,2,47,0,51,102,0,102,153
09/13/2013,PVU,UT,ANM,WE,Federal Contract Tower,2,2,13,0,17,0,2,42,0,44,2,4,55,0,61,100,0,100,161
09/14/2013,PVU,UT,ANM,WE,Federal Contract Tower,0,0,6,0,6,0,0,56,0,56,0,0,62,0,62,97,0,97,159
09/15/2013,PVU,UT,ANM,WE,Federal Contract Tower,2,1,9,0,12,0,0,14,0,14,2,1,23,0,26,28,0,28,54
09/16/2013,PVU,UT,ANM,WE,Federal Contract Tower,2,1,3,0,6,0,1,54,2,57,2,2,57,2,63,167,4,171,234
09/17/2013,PVU,UT,ANM,WE,Federal Contract Tower,0,4,2,0,6,0,0,41,0,41,0,4,43,0,47,106,0,106,153
09/18/2013,PVU,UT,ANM,WE,Federal Contract Tower,0,0,7,0,7,0,0,78,0,78,0,0,85,0,85,209,0,209,294
09/19/2013,PVU,UT,ANM,WE,Federal Contract Tower,2,4,2,0,8,0,1,84,0,85,2,5,86,0,93,160,0,160,253
09/20/2013,PVU,UT,ANM,WE,Federal Contract Tower,0,5,12,0,17,0,0,99,0,99,0,5,111,0,116,149,0,149,265
09/21/2013,PVU,UT,ANM,WE,Federal Contract Tower,2,8,3,0,13,0,0,38,0,38,2,8,41,0,51,85,0,85,136
09/22/2013,PVU,UT,ANM,WE,Federal Contract Tower,2,3,11,2,18,0,0,14,1,15,2,3,25,3,33,30,2,32,65
09/23/2013,PVU,UT,ANM,WE,Federal Contract Tower,2,1,0,9,12,0,0,65,2,67,2,1,65,11,79,208,4,212,291
09/24/2013,PVU,UT,ANM,WE,Federal Contract Tower,0,0,0,0,0,0,0,52,0,52,0,0,52,0,52,164,0,164,216
09/25/2013,PVU,UT,ANM,WE,Federal Contract Tower,0,2,12,0,14,0,0,20,0,20,0,2,32,0,34,35,0,35,69
09/26/2013,PVU,UT,ANM,WE,Federal Contract Tower,5,2,15,0,22,0,0,65,0,65,5,2,80,0,87,188,0,188,275
09/27/2013,PVU,UT,ANM,WE,Federal Contract Tower,2,2,10,0,14,0,0,34,0,34,2,2,44,0,48,120,0,120,168
09/28/2013,PVU,UT,ANM,WE,Federal Contract Tower,0,3,11,0,14,0,1,89,0,90,0,4,100,0,104,116,0,116,220
09/29/2013,PVU,UT,ANM,WE,Federal Contract Tower,4,3,7,0,14,0,1,17,0,18,4,4,24,0,32,28,0,28,60
09/30/2013,PVU,UT,ANM,WE,Federal Contract Tower,2,2,6,0,10,0,0,84,0,84,2,2,90,0,94,230,0,230,324
10/01/2013,PVU,UT,ANM,WE,Federal Contract Tower,0,1,4,0,5,0,0,79,0,79,0,1,83,0,84,174,0,174,258
10/02/2013,PVU,UT,ANM,WE,Federal Contract Tower,0,2,6,0,8,0,0,82,0,82,0,2,88,0,90,212,0,212,302
10/03/2013,PVU,UT,ANM,WE,Federal Contract Tower,4,4,24,0,32,0,0,46,2,48,4,4,70,2,80,96,0,96,176
10/04/2013,PVU,UT,ANM,WE,Federal Contract Tower,2,5,5,0,12,0,0,28,0,28,2,5,33,0,40,132,0,132,172
10/05/2013,PVU,UT,ANM,WE,Federal Contract Tower,0,4,8,0,12,0,2,43,0,45,0,6,51,0,57,124,0,124,181
10/06/2013,PVU,UT,ANM,WE,Federal Contract Tower,4,1,20,0,25,0,0,8,2,10,4,1,28,2,35,18,4,22,57
10/07/2013,PVU,UT,ANM,WE,Federal Contract Tower,2,4,6,0,12,0,0,64,0,64,2,4,70,0,76,206,0,206,282
10/08/2013,PVU,UT,ANM,WE,Federal Contract Tower,0,5,6,0,11,0,0,82,0,82,0,5,88,0,93,201,0,201,294
10/09/2013,PVU,UT,ANM,WE,Federal Contract Tower,0,2,16,0,18,0,0,79,1,80,0,2,95,1,98,230,0,230,328
10/10/2013,PVU,UT,ANM,WE,Federal Contract Tower,4,7,7,0,18,12,0,0,0,12,16,7,7,0,30,22,0,22,52
10/11/2013,PVU,UT,ANM,WE,Federal Contract Tower,2,0,15,0,17,0,0,58,0,58,2,0,73,0,75,132,40,172,247
10/12/2013,PVU,UT,ANM,WE,Federal Contract Tower,1,1,7,0,9,0,0,62,1,63,1,1,69,1,72,151,13,164,236
10/13/2013,PVU,UT,ANM,WE,Federal Contract Tower,4,2,10,0,16,0,2,14,0,16,4,4,24,0,32,26,0,26,58
10/14/2013,PVU,UT,ANM,WE,Federal Contract Tower,2,2,23,2,29,0,0,70,2,72,2,2,93,4,101,218,4,222,323
10/15/2013,PVU,UT,ANM,WE,Federal Contract Tower,0,0,6,0,6,0,0,64,2,66,0,0,70,2,72,269,4,273,345
10/16/2013,PVU,UT,ANM,WE,Federal Contract Tower,0,0,8,0,8,0,0,117,0,117,0,0,125,0,125,329,0,329,454
10/17/2013,PVU,UT,ANM,WE,Federal Contract Tower,4,6,15,1,26,0,0,78,0,78,4,6,93,1,104,239,0,239,343
10/18/2013,PVU,UT,ANM,WE,Federal Contract Tower,4,1,10,0,15,0,0,93,0,93,4,1,103,0,108,218,0,218,326
10/19/2013,PVU,UT,ANM,WE,Federal Contract Tower,0,1,5,0,6,0,0,75,0,75,0,1,80,0,81,158,0,158,239
10/20/2013,PVU,UT,ANM,WE,Federal Contract Tower,4,0,3,0,7,0,0,10,0,10,4,0,13,0,17,20,0,20,37
10/21/2013,PVU,UT,ANM,WE,Federal Contract Tower,2,0,7,0,9,0,0,51,0,51,2,0,58,0,60,140,0,140,200
10/22/2013,PVU,UT,ANM,WE,Federal Contract Tower,0,1,15,0,16,0,0,62,0,62,0,1,77,0,78,193,0,193,271
10/23/2013,PVU,UT,ANM,WE,Federal Contract Tower,0,11,9,2,22,0,0,60,0,60,0,11,69,2,82,194,0,194,276
10/24/2013,PVU,UT,ANM,WE,Federal Contract Tower,6,5,2,0,13,0,0,68,0,68,6,5,70,0,81,176,0,176,257
10/25/2013,PVU,UT,ANM,WE,Federal Contract Tower,2,3,19,0,24,0,1,85,0,86,2,4,104,0,110,180,0,180,290
10/26/2013,PVU,UT,ANM,WE,Federal Contract Tower,0,1,2,0,3,0,0,72,0,72,0,1,74,0,75,164,0,164,239
10/27/2013,PVU,UT,ANM,WE,Federal Contract Tower,4,0,6,0,10,0,0,8,0,8,4,0,14,0,18,12,0,12,30
10/28/2013,PVU,UT,ANM,WE,Federal Contract Tower,0,1,5,0,6,0,0,14,0,14,0,1,19,0,20,15,0,15,35
10/29/2013,PVU,UT,ANM,WE,Federal Contract Tower,0,1,15,1,17,0,0,39,0,39,0,1,54,1,56,151,0,151,207
10/30/2013,PVU,UT,ANM,WE,Federal Contract Tower,0,1,11,1,13,0,0,52,0,52,0,1,63,1,65,132,0,132,197
10/31/2013,PVU,UT,ANM,WE,Federal Contract Tower,4,0,7,0,11,0,0,62,0,62,4,0,69,0,73,198,0,198,271
11/01/2013,PVU,UT,ANM,WE,Federal Contract Tower,2,0,5,0,7,0,0,96,0,96,2,0,101,0,103,212,0,212,315
11/02/2013,PVU,UT,ANM,WE,Federal Contract Tower,0,0,1,0,1,0,1,63,0,64,0,1,64,0,65,167,0,167,232
11/03/2013,PVU,UT,ANM,WE,Federal Contract Tower,4,4,2,0,10,0,1,5,0,6,4,5,7,0,16,4,0,4,20
11/04/2013,PVU,UT,ANM,WE,Federal Contract Tower,2,0,4,0,6,0,0,22,0,22,2,0,26,0,28,132,2,134,162
11/05/2013,PVU,UT,ANM,WE,Federal Contract Tower,6,0,0,0,6,0,0,62,0,62,6,0,62,0,68,198,0,198,266
11/06/2013,PVU,UT,ANM,WE,Federal Contract Tower,0,0,16,0,16,0,0,67,0,67,0,0,83,0,83,246,0,246,329
11/07/2013,PVU,UT,ANM,WE,Federal Contract Tower,4,0,7,0,11,0,0,65,0,65,4,0,72,0,76,124,0,124,200
11/08/2013,PVU,UT,ANM,WE,Federal Contract Tower,4,0,5,0,9,0,0,73,0,73,4,0,78,0,82,293,0,293,375
11/09/2013,PVU,UT,ANM,WE,Federal Contract Tower,0,0,3,0,3,0,0,73,0,73,0,0,76,0,76,150,0,150,226
11/10/2013,PVU,UT,ANM,WE,Federal Contract Tower,4,0,2,0,6,0,0,30,0,30,4,0,32,0,36,36,0,36,72
11/11/2013,PVU,UT,ANM,WE,Federal Contract Tower,2,0,4,0,6,0,0,62,0,62,2,0,66,0,68,156,0,156,224
11/12/2013,PVU,UT,ANM,WE,Federal Contract Tower,0,0,4,0,4,0,0,87,4,91,0,0,91,4,95,139,6,145,240
11/13/2013,PVU,UT,ANM,WE,Federal Contract Tower,0,2,5,0,7,0,0,79,0,79,0,2,84,0,86,229,0,229,315
11/14/2013,PVU,UT,ANM,WE,Federal Contract Tower,4,5,5,0,14,0,0,92,0,92,4,5,97,0,106,209,0,209,315
11/15/2013,PVU,UT,ANM,WE,Federal Contract Tower,2,1,8,0,11,0,0,9,0,9,2,1,17,0,20,34,0,34,54
11/16/2013,PVU,UT,ANM,WE,Federal Contract Tower,0,0,3,0,3,0,1,5,0,6,0,1,8,0,9,14,0,14,23
11/17/2013,PVU,UT,ANM,WE,Federal Contract Tower,4,2,5,0,11,0,0,23,0,23,4,2,28,0,34,37,4,41,75
11/18/2013,PVU,UT,ANM,WE,Federal Contract Tower,2,1,4,0,7,0,0,83,1,84,2,1,87,1,91,200,2,202,293
11/19/2013,PVU,UT,ANM,WE,Federal Contract Tower,0,1,10,0,11,0,0,39,0,39,0,1,49,0,50,152,4,156,206
11/20/2013,PVU,UT,ANM,WE,Federal Contract Tower,0,1,8,0,9,0,0,26,0,26,0,1,34,0,35,166,0,166,201
11/21/2013,PVU,UT,ANM,WE,Federal Contract Tower,0,8,4,6,18,0,0,0,0,0,0,8,4,6,18,0,0,0,18
11/22/2013,PVU,UT,ANM,WE,Federal Contract Tower,4,0,18,0,22,0,1,45,0,46,4,1,63,0,68,64,0,64,132
11/23/2013,PVU,UT,ANM,WE,Federal Contract Tower,0,6,3,0,9,0,1,34,0,35,0,7,37,0,44,139,0,139,183
11/24/2013,PVU,UT,ANM,WE,Federal Contract Tower,4,3,7,0,14,0,0,7,0,7,4,3,14,0,21,14,0,14,35
11/25/2013,PVU,UT,ANM,WE,Federal Contract Tower,2,0,7,0,9,0,0,48,0,48,2,0,55,0,57,235,4,239,296
11/26/2013,PVU,UT,ANM,WE,Federal Contract Tower,4,0,8,0,12,0,0,68,0,68,4,0,76,0,80,259,0,259,339
11/27/2013,PVU,UT,ANM,WE,Federal Contract Tower,2,3,10,0,15,0,1,83,0,84,2,4,93,0,99,182,0,182,281
11/28/2013,PVU,UT,ANM,WE,Federal Contract Tower,4,2,1,0,7,0,0,11,0,11,4,2,12,0,18,12,0,12,30
11/29/2013,PVU,UT,ANM,WE,Federal Contract Tower,2,0,0,0,2,0,0,46,0,46,2,0,46,0,48,81,0,81,129
11/30/2013,PVU,UT,ANM,WE,Federal Contract Tower,8,10,5,0,23,0,0,87,0,87,8,10,92,0,110,101,0,101,211
12/01/2013,PVU,UT,ANM,WE,Federal Contract Tower,0,2,11,1,14,0,0,20,0,20,0,2,31,1,34,58,0,58,92
12/02/2013,PVU,UT,ANM,WE,Federal Contract Tower,8,3,18,0,29,0,0,47,0,47,8,3,65,0,76,134,0,134,210
12/03/2013,PVU,UT,ANM,WE,Federal Contract Tower,0,1,5,0,6,0,0,0,0,0,0,1,5,0,6,0,0,0,6
12/04/2013,PVU,UT,ANM,WE,Federal Contract Tower,0,4,5,0,9,0,2,22,0,24,0,6,27,0,33,113,0,113,146
12/05/2013,PVU,UT,ANM,WE,Federal Contract Tower,4,0,4,2,10,0,0,33,0,33,4,0,37,2,43,64,0,64,107
12/06/2013,PVU,UT,ANM,WE,Federal Contract Tower,2,4,5,1,12,0,2,46,2,50,2,6,51,3,62,85,0,85,147
12/07/2013,PVU,UT,ANM,WE,Federal Contract Tower,0,2,4,0,6,0,0,1,0,1,0,2,5,0,7,0,0,0,7
12/08/2013,PVU,UT,ANM,WE,Federal Contract Tower,4,0,2,3,9,0,2,7,0,9,4,2,9,3,18,16,0,16,34
12/09/2013,PVU,UT,ANM,WE,Federal Contract Tower,0,0,7,0,7,0,3,48,1,52,0,3,55,1,59,100,4,104,163
12/10/2013,PVU,UT,ANM,WE,Federal Contract Tower,2,4,12,0,18,0,0,55,0,55,2,4,67,0,73,142,0,142,215
12/11/2013,PVU,UT,ANM,WE,Federal Contract Tower,0,2,5,0,7,0,3,66,2,71,0,5,71,2,78,154,6,160,238
12/12/2013,PVU,UT,ANM,WE,Federal Contract Tower,4,4,6,0,14,0,0,75,2,77,4,4,81,2,91,124,4,128,219
12/13/2013,PVU,UT,ANM,WE,Federal Contract Tower,2,0,11,0,13,0,0,32,0,32,2,0,43,0,45,35,0,35,80
12/14/2013,PVU,UT,ANM,WE,Federal Contract Tower,0,2,15,0,17,0,0,3,0,3,0,2,18,0,20,6,0,6,26
12/15/2013,PVU,UT,ANM,WE,Federal Contract Tower,4,4,15,0,23,0,0,3,0,3,4,4,18,0,26,2,0,2,28
12/16/2013,PVU,UT,ANM,WE,Federal Contract Tower,2,3,7,0,12,0,0,73,2,75,2,3,80,2,87,156,0,156,243
12/17/2013,PVU,UT,ANM,WE,Federal Contract Tower,0,2,7,0,9,0,0,52,0,52,0,2,59,0,61,161,0,161,222
12/18/2013,PVU,UT,ANM,WE,Federal Contract Tower,0,3,5,0,8,0,0,45,0,45,0,3,50,0,53,122,0,122,175
12/19/2013,PVU,UT,ANM,WE,Federal Contract Tower,17,15,28,0,60,0,1,1,0,2,17,16,29,0,62,24,0,24,86
12/20/2013,PVU,UT,ANM,WE,Federal Contract Tower,2,0,12,0,14,0,0,39,0,39,2,0,51,0,53,120,0,120,173
12/21/2013,PVU,UT,ANM,WE,Federal Contract Tower,0,1,8,0,9,0,0,0,0,0,0,1,8,0,9,0,0,0,9
12/22/2013,PVU,UT,ANM,WE,Federal Contract Tower,8,3,2,0,13,0,1,0,0,1,8,4,2,0,14,0,0,0,14
12/23/2013,PVU,UT,ANM,WE,Federal Contract Tower,2,1,2,0,5,0,0,6,0,6,2,1,8,0,11,12,2,14,25
12/24/2013,PVU,UT,ANM,WE,Federal Contract Tower,4,1,3,0,8,0,0,8,0,8,4,1,11,0,16,21,0,21,37
12/25/2013,PVU,UT,ANM,WE,Federal Contract Tower,0,0,0,0,0,0,0,4,0,4,0,0,4,0,4,6,0,6,10
12/26/2013,PVU,UT,ANM,WE,Federal Contract Tower,4,7,2,0,13,0,0,38,0,38,4,7,40,0,51,35,0,35,86
12/27/2013,PVU,UT,ANM,WE,Federal Contract Tower,4,3,3,0,10,0,0,26,0,26,4,3,29,0,36,72,0,72,108
12/28/2013,PVU,UT,ANM,WE,Federal Contract Tower,2,1,7,0,10,0,0,32,0,32,2,1,39,0,42,26,0,26,68
12/29/2013,PVU,UT,ANM,WE,Federal Contract Tower,4,2,5,0,11,0,0,11,0,11,4,2,16,0,22,2,0,2,24
12/30/2013,PVU,UT,ANM,WE,Federal Contract Tower,2,9,1,0,12,0,0,44,0,44,2,9,45,0,56,68,0,68,124
12/31/2013,PVU,UT,ANM,WE,Federal Contract Tower,0,2,2,0,4,0,0,26,0,26,0,2,28,0,30,61,0,61,91
01/01/2014,PVU,UT,ANM,WE,Federal Contract Tower,0,1,2,0,3,0,0,9,0,9,0,1,11,0,12,2,0,2,14
01/02/2014,PVU,UT,ANM,WE,Federal Contract Tower,4,4,2,0,10,0,0,31,0,31,4,4,33,0,41,95,0,95,136
01/03/2014,PVU,UT,ANM,WE,Federal Contract Tower,4,5,4,0,13,0,0,36,0,36,4,5,40,0,49,70,0,70,119
01/04/2014,PVU,UT,ANM,WE,Federal Contract Tower,0,0,9,1,10,0,0,29,1,30,0,0,38,2,40,83,0,83,123
01/05/2014,PVU,UT,ANM,WE,Federal Contract Tower,4,0,7,0,11,0,1,23,0,24,4,1,30,0,35,54,0,54,89
01/06/2014,PVU,UT,ANM,WE,Federal Contract Tower,2,3,0,0,5,0,1,62,0,63,2,4,62,0,68,126,0,126,194
01/07/2014,PVU,UT,ANM,WE,Federal Contract Tower,0,2,3,0,5,0,0,61,0,61,0,2,64,0,66,127,0,127,193
01/08/2014,PVU,UT,ANM,WE,Federal Contract Tower,0,2,4,2,8,0,0,0,0,0,0,2,4,2,8,0,0,0,8
01/09/2014,PVU,UT,ANM,WE,Federal Contract Tower,4,1,11,0,16,0,0,0,0,0,4,1,11,0,16,0,0,0,16
01/10/2014,PVU,UT,ANM,WE,Federal Contract Tower,2,1,9,0,12,0,0,60,0,60,2,1,69,0,72,146,0,146,218
01/11/2014,PVU,UT,ANM,WE,Federal Contract Tower,0,0,2,0,2,0,0,57,0,57,0,0,59,0,59,139,0,139,198
01/12/2014,PVU,UT,ANM,WE,Federal Contract Tower,4,5,5,0,14,0,2,15,0,17,4,7,20,0,31,0,0,0,31
01/13/2014,PVU,UT,ANM,WE,Federal Contract Tower,2,7,0,0,9,0,0,61,0,61,2,7,61,0,70,188,0,188,258
01/14/2014,PVU,UT,ANM,WE,Federal Contract Tower,0,1,8,0,9,0,0,72,0,72,0,1,80,0,81,154,0,154,235
01/15/2014,PVU,UT,ANM,WE,Federal Contract Tower,0,5,3,0,8,0,0,74,0,74,0,5,77,0,82,178,2,180,262
01/16/2014,PVU,UT,ANM,WE,Federal Contract Tower,4,0,1,0,5,0,0,85,0,85,4,0,86,0,90,227,0,227,317
01/17/2014,PVU,UT,ANM,WE,Federal Contract Tower,2,2,9,0,13,0,2,107,0,109,2,4,116,0,122,242,0,242,364
01/18/2014,PVU,UT,ANM,WE,Federal Contract Tower,0,0,4,0,4,0,0,70,0,70,0,0,74,0,74,161,0,161,235
01/19/2014,PVU,UT,ANM,WE,Federal Contract Tower,4,1,11,0,16,0,0,16,0,16,4,1,27,0,32,52,0,52,84
01/20/2014,PVU,UT,ANM,WE,Federal Contract Tower,2,0,7,0,9,0,0,33,0,33,2,0,40,0,42,71,0,71,113
01/21/2014,PVU,UT,ANM,WE,Federal Contract Tower,0,0,8,0,8,0,0,48,0,48,0,0,56,0,56,58,0,58,114
01/22/2014,PVU,UT,ANM,WE,Federal Contract Tower,0,7,10,0,17,0,0,51,0,51,0,7,61,0,68,73,0,73,141
01/23/2014,PVU,UT,ANM,WE,Federal Contract Tower,4,8,13,0,25,0,0,38,1,39,4,8,51,1,64,82,0,82,146
01/24/2014,PVU,UT,ANM,WE,Federal Contract Tower,2,0,5,0,7,0,0,66,0,66,2,0,71,0,73,144,0,144,217
01/25/2014,PVU,UT,ANM,WE,Federal Contract Tower,1,2,0,0,3,0,2,63,0,65,1,4,63,0,68,133,0,133,201
01/26/2014,PVU,UT,ANM,WE,Federal Contract Tower,4,0,5,0,9,0,0,12,0,12,4,0,17,0,21,39,0,39,60
01/27/2014,PVU,UT,ANM,WE,Federal Contract Tower,2,0,7,0,9,0,0,73,0,73,2,0,80,0,82,149,0,149,231
01/28/2014,PVU,UT,ANM,WE,Federal Contract Tower,0,4,4,0,8,0,0,102,0,102,0,4,106,0,110,191,2,193,303
01/29/2014,PVU,UT,ANM,WE,Federal Contract Tower,1,4,8,0,13,0,0,30,0,30,1,4,38,0,43,105,0,105,148
01/30/2014,PVU,UT,ANM,WE,Federal Contract Tower,4,2,11,0,17,0,0,0,0,0,4,2,11,0,17,0,0,0,17
01/31/2014,PVU,UT,ANM,WE,Federal Contract Tower,2,2,13,0,17,0,0,12,0,12,2,2,25,0,29,14,0,14,43
02/01/2014,PVU,UT,ANM,WE,Federal Contract Tower,0,3,5,0,8,0,0,44,0,44,0,3,49,0,52,189,0,189,241
02/02/2014,PVU,UT,ANM,WE,Federal Contract Tower,4,2,9,0,15,0,0,7,0,7,4,2,16,0,22,39,0,39,61
02/03/2014,PVU,UT,ANM,WE,Federal Contract Tower,2,1,9,0,12,0,0,63,0,63,2,1,72,0,75,155,0,155,230
02/04/2014,PVU,UT,ANM,WE,Federal Contract Tower,0,2,10,0,12,0,0,40,0,40,0,2,50,0,52,124,2,126,178
02/05/2014,PVU,UT,ANM,WE,Federal Contract Tower,0,1,5,0,6,0,0,80,0,80,0,1,85,0,86,256,2,258,344
02/06/2014,PVU,UT,ANM,WE,Federal Contract Tower,4,1,9,0,14,0,0,49,0,49,4,1,58,0,63,214,0,214,277
02/07/2014,PVU,UT,ANM,WE,Federal Contract Tower,2,3,4,0,9,0,0,27,0,27,2,3,31,0,36,183,0,183,219
02/08/2014,PVU,UT,ANM,WE,Federal Contract Tower,0,2,9,0,11,0,0,11,0,11,0,2,20,0,22,51,0,51,73
02/09/2014,PVU,UT,ANM,WE,Federal Contract Tower,4,0,10,0,14,0,0,2,0,2,4,0,12,0,16,0,0,0,16
02/10/2014,PVU,UT,ANM,WE,Federal Contract Tower,2,3,9,0,14,0,0,33,2,35,2,3,42,2,49,69,14,83,132
02/11/2014,PVU,UT,ANM,WE,Federal Contract Tower,0,2,16,0,18,0,1,102,0,103,0,3,118,0,121,307,4,311,432
02/12/2014,PVU,UT,ANM,WE,Federal Contract Tower,2,5,9,0,16,0,0,68,1,69,2,5,77,1,85,180,2,182,267
02/13/2014,PVU,UT,ANM,WE,Federal Contract Tower,0,7,15,0,22,0,0,66,0,66,0,7,81,0,88,120,2,122,210
02/14/2014,PVU,UT,ANM,WE,Federal Contract Tower,4,1,10,0,15,0,0,62,0,62,4,1,72,0,77,139,0,139,216
02/15/2014,PVU,UT,ANM,WE,Federal Contract Tower,2,6,3,0,11,0,0,42,0,42,2,6,45,0,53,175,0,175,228
02/16/2014,PVU,UT,ANM,WE,Federal Contract Tower,2,2,1,0,5,0,0,8,0,8,2,2,9,0,13,24,0,24,37
02/17/2014,PVU,UT,ANM,WE,Federal Contract Tower,4,2,9,0,15,0,0,66,0,66,4,2,75,0,81,198,0,198,279
02/18/2014,PVU,UT,ANM,WE,Federal Contract Tower,0,2,6,0,8,0,0,78,0,78,0,2,84,0,86,217,4,221,307
02/19/2014,PVU,UT,ANM,WE,Federal Contract Tower,2,14,5,0,21,0,0,14,0,14,2,14,19,0,35,86,0,86,121
02/20/2014,PVU,UT,ANM,WE,Federal Contract Tower,0,5,12,0,17,0,0,99,0,99,0,5,111,0,116,333,0,333,449
02/21/2014,PVU,UT,ANM,WE,Federal Contract Tower,6,3,6,3,18,0,0,92,0,92,6,3,98,3,110,273,0,273,383
02/22/2014,PVU,UT,ANM,WE,Federal Contract Tower,0,1,1,2,4,0,0,73,4,77,0,1,74,6,81,242,0,242,323
02/23/2014,PVU,UT,ANM,WE,Federal Contract Tower,2,3,8,0,13,0,0,24,0,24,2,3,32,0,37,76,0,76,113
02/24/2014,PVU,UT,ANM,WE,Federal Contract Tower,4,0,2,0,6,0,0,67,1,68,4,0,69,1,74,240,1,241,315
02/25/2014,PVU,UT,ANM,WE,Federal Contract Tower,0,3,5,0,8,0,0,83,0,83,0,3,88,0,91,165,0,165,256
02/26/2014,PVU,UT,ANM,WE,Federal Contract Tower,2,1,7,0,10,0,0,77,0,77,2,1,84,0,87,225,0,225,312
02/27/2014,PVU,UT,ANM,WE,Federal Contract Tower,0,41,9,0,50,0,0,12,0,12,0,41,21,0,62,162,0,162,224
02/28/2014,PVU,UT,ANM,WE,Federal Contract Tower,6,2,11,0,19,0,3,78,0,81,6,5,89,0,100,260,0,260,360
03/01/2014,PVU,UT,ANM,WE,Federal Contract Tower,0,2,6,0,8,0,1,5,0,6,0,3,11,0,14,27,6,33,47
03/02/2014,PVU,UT,ANM,WE,Federal Contract Tower,2,3,3,0,8,0,0,9,1,10,2,3,12,1,18,38,0,38,56
03/03/2014,PVU,UT,ANM,WE,Federal Contract Tower,4,0,10,0,14,0,0,66,0,66,4,0,76,0,80,229,0,229,309
03/04/2014,PVU,UT,ANM,WE,Federal Contract Tower,0,1,1,0,2,0,3,22,0,25,0,4,23,0,27,108,0,108,135
03/05/2014,PVU,UT,ANM,WE,Federal Contract Tower,2,2,13,0,17,0,0,86,0,86,2,2,99,0,103,243,0,243,346
03/06/2014,PVU,UT,ANM,WE,Federal Contract Tower,0,0,7,2,9,0,0,62,0,62,0,0,69,2,71,167,0,167,238
03/07/2014,PVU,UT,ANM,WE,Federal Contract Tower,6,6,4,0,16,0,0,36,0,36,6,6,40,0,52,127,0,127,179
03/08/2014,PVU,UT,ANM,WE,Federal Contract Tower,0,4,10,0,14,0,0,61,1,62,0,4,71,1,76,208,4,212,288
03/09/2014,PVU,UT,ANM,WE,Federal Contract Tower,2,2,1,0,5,0,0,6,0,6,2,2,7,0,11,11,0,11,22
03/10/2014,PVU,UT,ANM,WE,Federal Contract Tower,4,0,4,0,8,0,1,42,2,45,4,1,46,2,53,229,6,235,288
03/11/2014,PVU,UT,ANM,WE,Federal Contract Tower,0,1,12,0,13,0,0,17,0,17,0,1,29,0,30,40,0,40,70
03/12/2014,PVU,UT,ANM,WE,Federal Contract Tower,2,6,5,0,13,0,0,102,2,104,2,6,107,2,117,261,0,261,378
03/13/2014,PVU,UT,ANM,WE,Federal Contract Tower,0,2,13,0,15,0,0,102,0,102,0,2,115,0,117,253,0,253,370
03/14/2014,PVU,UT,ANM,WE,Federal Contract Tower,6,3,6,0,15,0,0,63,1,64,6,3,69,1,79,188,1,189,268
03/15/2014,PVU,UT,ANM,WE,Federal Contract Tower,0,4,6,1,11,0,0,26,0,26,0,4,32,1,37,45,0,45,82
03/16/2014,PVU,UT,ANM,WE,Federal Contract Tower,2,0,2,0,4,0,0,18,0,18,2,0,20,0,22,6,0,6,28
03/17/2014,PVU,UT,ANM,WE,Federal Contract Tower,4,5,2,0,11,0,0,1,0,1,4,5,3,0,12,33,0,33,45
03/18/2014,PVU,UT,ANM,WE,Federal Contract Tower,0,2,4,0,6,0,0,94,0,94,0,2,98,0,100,232,0,232,332
03/19/2014,PVU,UT,ANM,WE,Federal Contract Tower,2,0,15,0,17,0,5,95,0,100,2,5,110,0,117,244,0,244,361
03/20/2014,PVU,UT,ANM,WE,Federal Contract Tower,0,1,6,2,9,0,0,74,0,74,0,1,80,2,83,270,0,270,353
03/21/2014,PVU,UT,ANM,WE,Federal Contract Tower,6,4,11,0,21,0,0,55,0,55,6,4,66,0,76,254,0,254,330
03/22/2014,PVU,UT,ANM,WE,Federal Contract Tower,2,6,0,0,8,0,0,35,0,35,2,6,35,0,43,120,0,120,163
03/23/2014,PVU,UT,ANM,WE,Federal Contract Tower,2,1,4,0,7,0,0,14,0,14,2,1,18,0,21,22,0,22,43
03/24/2014,PVU,UT,ANM,WE,Federal Contract Tower,4,0,5,0,9,0,0,61,0,61,4,0,66,0,70,245,4,249,319
03/25/2014,PVU,UT,ANM,WE,Federal Contract Tower,1,0,6,0,7,0,0,69,0,69,1,0,75,0,76,209,0,209,285
03/26/2014,PVU,UT,ANM,WE,Federal Contract Tower,3,0,6,0,9,0,0,13,0,13,3,0,19,0,22,55,2,57,79
03/27/2014,PVU,UT,ANM,WE,Federal Contract Tower,0,0,6,0,6,0,0,20,0,20,0,0,26,0,26,115,0,115,141
03/28/2014,PVU,UT,ANM,WE,Federal Contract Tower,6,2,5,0,13,0,0,75,0,75,6,2,80,0,88,217,0,217,305
03/29/2014,PVU,UT,ANM,WE,Federal Contract Tower,0,0,4,0,4,0,0,70,0,70,0,0,74,0,74,173,0,173,247
03/30/2014,PVU,UT,ANM,WE,Federal Contract Tower,2,4,2,2,10,0,0,0,0,0,2,4,2,2,10,0,0,0,10
03/31/2014,PVU,UT,ANM,WE,Federal Contract Tower,4,2,6,0,12,0,0,65,0,65,4,2,71,0,77,296,0,296,373
04/01/2014,PVU,UT,ANM,WE,Federal Contract Tower,0,0,11,0,11,0,0,22,0,22,0,0,33,0,33,79,0,79,112
04/02/2014,PVU,UT,ANM,WE,Federal Contract Tower,2,0,7,0,9,0,0,28,0,28,2,0,35,0,37,191,0,191,228
04/03/2014,PVU,UT,ANM,WE,Federal Contract Tower,0,4,15,2,21,0,0,61,0,61,0,4,76,2,82,262,0,262,344
04/04/2014,PVU,UT,ANM,WE,Federal Contract Tower,6,0,10,2,18,0,0,82,0,82,6,0,92,2,100,249,0,249,349
04/05/2014,PVU,UT,ANM,WE,Federal Contract Tower,0,1,10,0,11,0,0,21,0,21,0,1,31,0,32,64,0,64,96
04/06/2014,PVU,UT,ANM,WE,Federal Contract Tower,2,0,8,0,10,0,0,15,0,15,2,0,23,0,25,22,0,22,47
04/07/2014,PVU,UT,ANM,WE,Federal Contract Tower,4,0,5,0,9,0,0,70,0,70,4,0,75,0,79,225,0,225,304
04/08/2014,PVU,UT,ANM,WE,Federal Contract Tower,0,2,5,0,7,0,0,70,0,70,0,2,75,0,77,208,0,208,285
04/09/2014,PVU,UT,ANM,WE,Federal Contract Tower,2,1,5,0,8,0,1,85,0,86,2,2,90,0,94,310,2,312,406
04/10/2014,PVU,UT,ANM,WE,Federal Contract Tower,0,0,4,0,4,0,0,58,0,58,0,0,62,0,62,274,0,274,336
04/11/2014,PVU,UT,ANM,WE,Federal Contract Tower,6,3,5,0,14,0,0,50,0,50,6,3,55,0,64,188,0,188,252
04/12/2014,PVU,UT,ANM,WE,Federal Contract Tower,0,1,4,0,5,0,0,34,0,34,0,1,38,0,39,97,0,97,136
04/13/2014,PVU,UT,ANM,WE,Federal Contract Tower,2,0,3,0,5,0,0,4,0,4,2,0,7,0,9,1,0,1,10
04/14/2014,PVU,UT,ANM,WE,Federal Contract Tower,4,0,9,1,14,0,0,69,0,69,4,0,78,1,83,203,6,209,292
04/15/2014,PVU,UT,ANM,WE,Federal Contract Tower,0,0,8,2,10,0,0,70,0,70,0,0,78,2,80,186,0,186,266
04/16/2014,PVU,UT,ANM,WE,Federal Contract Tower,2,0,9,1,12,0,0,73,0,73,2,0,82,1,85,207,0,207,292
04/17/2014,PVU,UT,ANM,WE,Federal Contract Tower,0,0,9,0,9,0,0,85,0,85,0,0,94,0,94,241,0,241,335
04/18/2014,PVU,UT,ANM,WE,Federal Contract Tower,6,2,6,2,16,0,0,62,0,62,6,2,68,2,78,208,0,208,286
04/19/2014,PVU,UT,ANM,WE,Federal Contract Tower,0,0,1,0,1,0,2,47,0,49,0,2,48,0,50,110,0,110,160
04/20/2014,PVU,UT,ANM,WE,Federal Contract Tower,2,0,2,0,4,0,0,18,0,18,2,0,20,0,22,14,0,14,36
04/21/2014,PVU,UT,ANM,WE,Federal Contract Tower,4,0,9,0,13,0,0,72,0,72,4,0,81,0,85,183,0,183,268
04/22/2014,PVU,UT,ANM,WE,Federal Contract Tower,1,4,12,0,17,0,0,20,0,20,1,4,32,0,37,79,0,79,116
04/23/2014,PVU,UT,ANM,WE,Federal Contract Tower,1,0,10,2,13,0,0,58,0,58,1,0,68,2,71,176,0,176,247
04/24/2014,PVU,UT,ANM,WE,Federal Contract Tower,0,4,7,0,11,0,0,77,3,80,0,4,84,3,91,188,0,188,279
04/25/2014,PVU,UT,ANM,WE,Federal Contract Tower,6,0,6,0,12,0,0,37,0,37,6,0,43,0,49,118,0,118,167
04/26/2014,PVU,UT,ANM,WE,Federal Contract Tower,0,2,3,0,5,0,0,0,0,0,0,2,3,0,5,0,0,0,5
04/27/2014,PVU,UT,ANM,WE,Federal Contract Tower,2,2,2,0,6,0,0,12,0,12,2,2,14,0,18,29,0,29,47
04/28/2014,PVU,UT,ANM,WE,Federal Contract Tower,4,1,2,0,7,0,0,43,0,43,4,1,45,0,50,172,0,172,222
04/29/2014,PVU,UT,ANM,WE,Federal Contract Tower,0,3,0,0,3,0,0,54,1,55,0,3,54,1,58,184,0,184,242
04/30/2014,PVU,UT,ANM,WE,Federal Contract Tower,0,1,5,0,6,0,0,50,5,55,0,1,55,5,61,112,0,112,173
05/01/2014,PVU,UT,ANM,WE,Federal Contract Tower,4,2,1,0,7,0,0,94,0,94,4,2,95,0,101,126,0,126,227
05/02/2014,PVU,UT,ANM,WE,Federal Contract Tower,4,2,10,0,16,0,0,55,0,55,4,2,65,0,71,143,0,143,214
05/03/2014,PVU,UT,ANM,WE,Federal Contract Tower,0,0,2,0,2,0,0,44,0,44,0,0,46,0,46,112,0,112,158
05/04/2014,PVU,UT,ANM,WE,Federal Contract Tower,4,2,6,0,12,0,0,12,0,12,4,2,18,0,24,55,0,55,79
05/05/2014,PVU,UT,ANM,WE,Federal Contract Tower,4,3,4,0,11,0,0,46,0,46,4,3,50,0,57,177,0,177,234
05/06/2014,PVU,UT,ANM,WE,Federal Contract Tower,0,0,2,2,4,0,0,51,0,51,0,0,53,2,55,117,0,117,172
05/07/2014,PVU,UT,ANM,WE,Federal Contract Tower,0,1,11,0,12,0,0,17,0,17,0,1,28,0,29,146,0,146,175
05/08/2014,PVU,UT,ANM,WE,Federal Contract Tower,4,0,9,2,15,0,0,55,2,57,4,0,64,4,72,228,0,228,300
05/09/2014,PVU,UT,ANM,WE,Federal Contract Tower,4,1,9,0,14,0,0,40,0,40,4,1,49,0,54,174,0,174,228
05/10/2014,PVU,UT,ANM,WE,Federal Contract Tower,0,3,3,0,6,0,0,68,0,68,0,3,71,0,74,158,0,158,232
05/11/2014,PVU,UT,ANM,WE,Federal Contract Tower,4,3,9,0,16,0,0,0,0,0,4,3,9,0,16,6,0,6,22
05/12/2014,PVU,UT,ANM,WE,Federal Contract Tower,4,1,7,2,14,0,0,84,0,84,4,1,91,2,98,0,220,220,318
05/13/2014,PVU,UT,ANM,WE,Federal Contract Tower,0,1,6,2,9,0,0,62,0,62,0,1,68,2,71,195,12,207,278
05/14/2014,PVU,UT,ANM,WE,Federal Contract Tower,0,0,6,2,8,0,1,82,2,85,0,1,88,4,93,194,0,194,287
05/15/2014,PVU,UT,ANM,WE,Federal Contract Tower,4,0,11,0,15,0,0,63,0,63,4,0,74,0,78,155,0,155,233
05/16/2014,PVU,UT,ANM,WE,Federal Contract Tower,4,3,4,1,12,0,0,70,4,74,4,3,74,5,86,139,0,139,225
05/17/2014,PVU,UT,ANM,WE,Federal Contract Tower,0,2,6,0,8,0,0,46,4,50,0,2,52,4,58,66,0,66,124
05/18/2014,PVU,UT,ANM,WE,Federal Contract Tower,4,3,5,3,15,0,0,11,0,11,4,3,16,3,26,10,0,10,36
05/19/2014,PVU,UT,ANM,WE,Federal Contract Tower,4,2,2,0,8,0,0,87,0,87,4,2,89,0,95,202,0,202,297
05/20/2014,PVU,UT,ANM,WE,Federal Contract Tower,0,0,8,0,8,0,0,62,5,67,0,0,70,5,75,134,2,136,211
05/21/2014,PVU,UT,ANM,WE,Federal Contract Tower,0,1,8,2,11,0,1,50,5,56,0,2,58,7,67,154,0,154,221
05/22/2014,PVU,UT,ANM,WE,Federal Contract Tower,6,5,13,0,24,0,0,37,2,39,6,5,50,2,63,77,2,79,142
05/23/2014,PVU,UT,ANM,WE,Federal Contract Tower,4,2,11,0,17,0,0,59,0,59,4,2,70,0,76,173,0,173,249
05/24/2014,PVU,UT,ANM,WE,Federal Contract Tower,0,0,5,0,5,0,0,33,0,33,0,0,38,0,38,90,0,90,128
05/25/2014,PVU,UT,ANM,WE,Federal Contract Tower,4,3,7,0,14,0,0,11,0,11,4,3,18,0,25,11,0,11,36
05/26/2014,PVU,UT,ANM,WE,Federal Contract Tower,4,7,13,0,24,0,0,79,0,79,4,7,92,0,103,185,0,185,288
05/27/2014,PVU,UT,ANM,WE,Federal Contract Tower,0,2,1,0,3,0,0,53,0,53,0,2,54,0,56,180,0,180,236
05/28/2014,PVU,UT,ANM,WE,Federal Contract Tower,0,0,11,0,11,0,3,70,0,73,0,3,81,0,84,229,0,229,313
05/29/2014,PVU,UT,ANM,WE,Federal Contract Tower,4,0,6,0,10,0,0,57,0,57,4,0,63,0,67,147,0,147,214
05/30/2014,PVU,UT,ANM,WE,Federal Contract Tower,4,2,4,0,10,0,0,89,0,89,4,2,93,0,99,274,0,274,373
05/31/2014,PVU,UT,ANM,WE,Federal Contract Tower,0,0,2,0,2,0,0,53,0,53,0,0,55,0,55,103,0,103,158
06/01/2014,PVU,UT,ANM,WE,Federal Contract Tower,3,0,8,0,11,0,0,19,0,19,3,0,27,0,30,0,0,0,30
06/02/2014,PVU,UT,ANM,WE,Federal Contract Tower,5,2,6,0,13,0,0,90,0,90,5,2,96,0,103,212,0,212,315
06/03/2014,PVU,UT,ANM,WE,Federal Contract Tower,0,2,6,0,8,0,0,64,0,64,0,2,70,0,72,208,0,208,280
06/04/2014,PVU,UT,ANM,WE,Federal Contract Tower,0,1,8,0,9,0,0,63,0,63,0,1,71,0,72,194,0,194,266
06/05/2014,PVU,UT,ANM,WE,Federal Contract Tower,4,2,12,0,18,0,1,51,0,52,4,3,63,0,70,135,0,135,205
06/06/2014,PVU,UT,ANM,WE,Federal Contract Tower,4,1,4,0,9,0,0,65,0,65,4,1,69,0,74,231,0,231,305
06/07/2014,PVU,UT,ANM,WE,Federal Contract Tower,0,3,5,0,8,0,0,87,0,87,0,3,92,0,95,95,0,95,190
06/08/2014,PVU,UT,ANM,WE,Federal Contract Tower,4,3,8,0,15,0,0,13,0,13,4,3,21,0,28,4,0,4,32
06/09/2014,PVU,UT,ANM,WE,Federal Contract Tower,4,0,1,1,6,0,0,72,0,72,4,0,73,1,78,259,0,259,337
06/10/2014,PVU,UT,ANM,WE,Federal Contract Tower,0,1,17,1,19,0,0,79,0,79,0,1,96,1,98,116,0,116,214
06/11/2014,PVU,UT,ANM,WE,Federal Contract Tower,0,2,6,0,8,0,0,99,0,99,0,2,105,0,107,214,0,214,321
06/12/2014,PVU,UT,ANM,WE,Federal Contract Tower,4,0,6,4,14,0,0,55,0,55,4,0,61,4,69,160,0,160,229
06/13/2014,PVU,UT,ANM,WE,Federal Contract Tower,4,4,6,0,14,0,0,68,2,70,4,4,74,2,84,193,0,193,277
06/14/2014,PVU,UT,ANM,WE,Federal Contract Tower,0,0,6,0,6,0,0,38,0,38,0,0,44,0,44,85,0,85,129
06/15/2014,PVU,UT,ANM,WE,Federal Contract Tower,4,1,1,0,6,0,0,14,0,14,4,1,15,0,20,34,0,34,54
06/16/2014,PVU,UT,ANM,WE,Federal Contract Tower,4,7,10,0,21,0,0,70,0,70,4,7,80,0,91,234,0,234,325
06/17/2014,PVU,UT,ANM,WE,Federal Contract Tower,0,1,9,0,10,0,0,28,0,28,0,1,37,0,38,133,0,133,171
06/18/2014,PVU,UT,ANM,WE,Federal Contract Tower,0,6,10,0,16,0,0,74,0,74,0,6,84,0,90,272,0,272,362
06/19/2014,PVU,UT,ANM,WE,Federal Contract Tower,4,0,9,0,13,0,0,90,0,90,4,0,99,0,103,215,0,215,318
06/20/2014,PVU,UT,ANM,WE,Federal Contract Tower,4,3,7,1,15,0,0,69,1,70,4,3,76,2,85,233,0,233,318
06/21/2014,PVU,UT,ANM,WE,Federal Contract Tower,0,4,4,0,8,0,0,31,1,32,0,4,35,1,40,35,0,35,75
06/22/2014,PVU,UT,ANM,WE,Federal Contract Tower,3,2,6,1,12,0,1,15,0,16,3,3,21,1,28,15,0,15,43
06/23/2014,PVU,UT,ANM,WE,Federal Contract Tower,5,5,10,0,20,0,0,69,0,69,5,5,79,0,89,251,0,251,340
06/24/2014,PVU,UT,ANM,WE,Federal Contract Tower,0,4,13,0,17,0,0,77,0,77,0,4,90,0,94,224,2,226,320
06/25/2014,PVU,UT,ANM,WE,Federal Contract Tower,0,1,7,0,8,0,1,65,0,66,0,2,72,0,74,169,0,169,243
06/26/2014,PVU,UT,ANM,WE,Federal Contract Tower,4,7,9,0,20,0,2,33,0,35,4,9,42,0,55,123,0,123,178
06/27/2014,PVU,UT,ANM,WE,Federal Contract Tower,4,2,4,0,10,0,0,64,0,64,4,2,68,0,74,225,0,225,299
06/28/2014,PVU,UT,ANM,WE,Federal Contract Tower,0,0,11,0,11,0,0,44,0,44,0,0,55,0,55,70,0,70,125
06/29/2014,PVU,UT,ANM,WE,Federal Contract Tower,4,0,2,0,6,0,0,23,0,23,4,0,25,0,29,12,0,12,41
06/30/2014,PVU,UT,ANM,WE,Federal Contract Tower,4,2,6,0,12,0,0,78,0,78,4,2,84,0,90,212,0,212,302
07/01/2014,PVU,UT,ANM,WE,Federal Contract Tower,0,0,1,0,1,0,0,66,0,66,0,0,67,0,67,225,0,225,292
07/02/2014,PVU,UT,ANM,WE,Federal Contract Tower,0,0,6,0,6,0,0,48,0,48,0,0,54,0,54,245,0,245,299
07/03/2014,PVU,UT,ANM,WE,Federal Contract Tower,4,2,7,0,13,0,1,69,0,70,4,3,76,0,83,126,0,126,209
07/04/2014,PVU,UT,ANM,WE,Federal Contract Tower,4,1,3,0,8,0,2,34,0,36,4,3,37,0,44,8,0,8,52
07/05/2014,PVU,UT,ANM,WE,Federal Contract Tower,0,3,6,0,9,0,0,29,0,29,0,3,35,0,38,50,0,50,88
07/06/2014,PVU,UT,ANM,WE,Federal Contract Tower,4,2,9,0,15,0,0,27,0,27,4,2,36,0,42,52,0,52,94
07/07/2014,PVU,UT,ANM,WE,Federal Contract Tower,4,3,7,0,14,0,1,79,2,82,4,4,86,2,96,237,0,237,333
07/08/2014,PVU,UT,ANM,WE,Federal Contract Tower,0,2,4,0,6,0,2,69,4,75,0,4,73,4,81,240,0,240,321
07/09/2014,PVU,UT,ANM,WE,Federal Contract Tower,0,3,4,0,7,0,2,67,0,69,0,5,71,0,76,181,0,181,257
07/10/2014,PVU,UT,ANM,WE,Federal Contract Tower,4,3,6,0,13,0,1,72,0,73,4,4,78,0,86,264,0,264,350
07/11/2014,PVU,UT,ANM,WE,Federal Contract Tower,4,9,0,0,13,0,0,66,0,66,4,9,66,0,79,226,0,226,305
07/12/2014,PVU,UT,ANM,WE,Federal Contract Tower,1,9,0,0,10,0,8,50,0,58,1,17,50,0,68,174,0,174,242
07/13/2014,PVU,UT,ANM,WE,Federal Contract Tower,4,2,1,0,7,0,0,15,1,16,4,2,16,1,23,36,2,38,61
07/14/2014,PVU,UT,ANM,WE,Federal Contract Tower,4,0,7,0,11,0,6,82,0,88,4,6,89,0,99,153,0,153,252
07/15/2014,PVU,UT,ANM,WE,Federal Contract Tower,0,3,3,0,6,0,2,56,0,58,0,5,59,0,64,179,0,179,243
07/16/2014,PVU,UT,ANM,WE,Federal Contract Tower,0,6,12,0,18,0,2,74,0,76,0,8,86,0,94,130,0,130,224
07/17/2014,PVU,UT,ANM,WE,Federal Contract Tower,4,2,5,8,19,0,0,73,2,75,4,2,78,10,94,177,3,180,274
07/18/2014,PVU,UT,ANM,WE,Federal Contract Tower,4,1,12,0,17,0,0,83,0,83,4,1,95,0,100,157,0,157,257
07/19/2014,PVU,UT,ANM,WE,Federal Contract Tower,0,1,6,1,8,0,4,37,0,41,0,5,43,1,49,63,0,63,112
07/20/2014,PVU,UT,ANM,WE,Federal Contract Tower,4,5,8,6,23,0,0,12,0,12,4,5,20,6,35,22,0,22,57
07/21/2014,PVU,UT,ANM,WE,Federal Contract Tower,4,0,4,0,8,0,0,71,0,71,4,0,75,0,79,131,0,131,210
07/22/2014,PVU,UT,ANM,WE,Federal Contract Tower,0,1,10,0,11,0,0,80,0,80,0,1,90,0,91,176,4,180,271
07/23/2014,PVU,UT,ANM,WE,Federal Contract Tower,0,1,4,0,5,0,0,55,1,56,0,1,59,1,61,202,10,212,273
07/24/2014,PVU,UT,ANM,WE,Federal Contract Tower,4,2,11,0,17,0,0,39,0,39,4,2,50,0,56,131,0,131,187
07/25/2014,PVU,UT,ANM,WE,Federal Contract Tower,4,1,7,0,12,0,2,48,0,50,4,3,55,0,62,165,0,165,227
07/26/2014,PVU,UT,ANM,WE,Federal Contract Tower,0,2,4,0,6,0,0,67,0,67,0,2,71,0,73,50,0,50,123
07/27/2014,PVU,UT,ANM,WE,Federal Contract Tower,4,2,4,0,10,0,0,21,0,21,4,2,25,0,31,0,0,0,31
07/28/2014,PVU,UT,ANM,WE,Federal Contract Tower,4,0,5,0,9,0,0,47,0,47,4,0,52,0,56,125,0,125,181
07/29/2014,PVU,UT,ANM,WE,Federal Contract Tower,0,3,10,0,13,0,0,39,0,39,0,3,49,0,52,145,0,145,197
07/30/2014,PVU,UT,ANM,WE,Federal Contract Tower,0,0,14,0,14,0,0,60,0,60,0,0,74,0,74,154,2,156,230
07/31/2014,PVU,UT,ANM,WE,Federal Contract Tower,4,0,8,0,12,0,0,63,0,63,4,0,71,0,75,235,0,235,310
08/01/2014,PVU,UT,ANM,WE,Federal Contract Tower,4,0,10,0,14,0,0,61,0,61,4,0,71,0,75,269,0,269,344
08/02/2014,PVU,UT,ANM,WE,Federal Contract Tower,0,0,4,2,6,0,0,47,0,47,0,0,51,2,53,98,0,98,151
08/03/2014,PVU,UT,ANM,WE,Federal Contract Tower,4,1,11,1,17,0,0,17,0,17,4,1,28,1,34,6,0,6,40
08/04/2014,PVU,UT,ANM,WE,Federal Contract Tower,4,3,5,0,12,0,0,69,0,69,4,3,74,0,81,170,0,170,251
08/05/2014,PVU,UT,ANM,WE,Federal Contract Tower,0,4,5,0,9,0,0,61,0,61,0,4,66,0,70,171,0,171,241
08/06/2014,PVU,UT,ANM,WE,Federal Contract Tower,0,2,4,0,6,0,0,52,1,53,0,2,56,1,59,138,0,138,197
08/07/2014,PVU,UT,ANM,WE,Federal Contract Tower,4,0,2,0,6,0,0,64,0,64,4,0,66,0,70,165,0,165,235
08/08/2014,PVU,UT,ANM,WE,Federal Contract Tower,4,3,13,1,21,0,6,72,0,78,4,9,85,1,99,227,0,227,326
08/09/2014,PVU,UT,ANM,WE,Federal Contract Tower,0,0,3,0,3,0,3,34,1,38,0,3,37,1,41,93,0,93,134
08/10/2014,PVU,UT,ANM,WE,Federal Contract Tower,4,2,8,1,15,0,0,14,0,14,4,2,22,1,29,2,0,2,31
08/11/2014,PVU,UT,ANM,WE,Federal Contract Tower,4,4,9,0,17,0,0,78,0,78,4,4,87,0,95,124,0,124,219
08/12/2014,PVU,UT,ANM,WE,Federal Contract Tower,4,7,4,0,15,0,2,41,0,43,4,9,45,0,58,124,0,124,182
08/13/2014,PVU,UT,ANM,WE,Federal Contract Tower,0,3,9,0,12,0,1,59,2,62,0,4,68,2,74,131,0,131,205
08/14/2014,PVU,UT,ANM,WE,Federal Contract Tower,4,0,4,0,8,0,0,69,1,70,4,0,73,1,78,89,0,89,167
08/15/2014,PVU,UT,ANM,WE,Federal Contract Tower,4,2,5,0,11,0,1,65,0,66,4,3,70,0,77,155,0,155,232
08/16/2014,PVU,UT,ANM,WE,Federal Contract Tower,0,4,5,0,9,0,0,24,0,24,0,4,29,0,33,65,0,65,98
08/17/2014,PVU,UT,ANM,WE,Federal Contract Tower,3,3,10,0,16,0,0,19,0,19,3,3,29,0,35,4,0,4,39
08/18/2014,PVU,UT,ANM,WE,Federal Contract Tower,7,1,9,0,17,0,0,57,0,57,7,1,66,0,74,119,0,119,193
08/19/2014,PVU,UT,ANM,WE,Federal Contract Tower,0,0,3,0,3,0,0,41,0,41,0,0,44,0,44,92,0,92,136
08/20/2014,PVU,UT,ANM,WE,Federal Contract Tower,0,4,5,0,9,0,5,36,0,41,0,9,41,0,50,144,0,144,194
08/21/2014,PVU,UT,ANM,WE,Federal Contract Tower,4,5,13,2,24,0,0,65,0,65,4,5,78,2,89,216,0,216,305
08/22/2014,PVU,UT,ANM,WE,Federal Contract Tower,4,6,9,0,19,0,1,53,0,54,4,7,62,0,73,145,0,145,218
08/23/2014,PVU,UT,ANM,WE,Federal Contract Tower,0,0,5,0,5,0,0,65,0,65,0,0,70,0,70,124,0,124,194
08/24/2014,PVU,UT,ANM,WE,Federal Contract Tower,4,0,13,0,17,0,0,14,0,14,4,0,27,0,31,14,0,14,45
08/25/2014,PVU,UT,ANM,WE,Federal Contract Tower,4,3,6,0,13,0,0,69,0,69,4,3,75,0,82,92,0,92,174
08/26/2014,PVU,UT,ANM,WE,Federal Contract Tower,0,1,4,0,5,0,0,62,0,62,0,1,66,0,67,71,0,71,138
08/27/2014,PVU,UT,ANM,WE,Federal Contract Tower,2,2,9,0,13,0,1,53,0,54,2,3,62,0,67,133,2,135,202
08/28/2014,PVU,UT,ANM,WE,Federal Contract Tower,2,2,10,0,14,0,0,66,0,66,2,2,76,0,80,222,0,222,302
08/29/2014,PVU,UT,ANM,WE,Federal Contract Tower,4,0,6,0,10,0,0,57,0,57,4,0,63,0,67,201,0,201,268
08/30/2014,PVU,UT,ANM,WE,Federal Contract Tower,0,3,7,0,10,0,0,53,0,53,0,3,60,0,63,69,3,72,135
08/31/2014,PVU,UT,ANM,WE,Federal Contract Tower,4,0,2,0,6,0,2,17,0,19,4,2,19,0,25,12,0,12,37
09/01/2014,PVU,UT,ANM,WE,Federal Contract Tower,4,3,13,0,20,0,1,58,0,59,4,4,71,0,79,64,0,64,143
09/02/2014,PVU,UT,ANM,WE,Federal Contract Tower,0,1,5,2,8,0,0,59,0,59,0,1,64,2,67,147,16,163,230
09/03/2014,PVU,UT,ANM,WE,Federal Contract Tower,2,5,6,0,13,0,0,71,0,71,2,5,77,0,84,205,0,205,289
09/04/2014,PVU,UT,ANM,WE,Federal Contract Tower,4,3,13,2,22,0,2,70,0,72,4,5,83,2,94,161,0,161,255
09/05/2014,PVU,UT,ANM,WE,Federal Contract Tower,6,1,7,1,15,0,0,67,0,67,6,1,74,1,82,193,0,193,275
09/06/2014,PVU,UT,ANM,WE,Federal Contract Tower,0,0,6,0,6,0,0,62,0,62,0,0,68,0,68,71,0,71,139
09/07/2014,PVU,UT,ANM,WE,Federal Contract Tower,4,1,2,0,7,0,0,19,0,19,4,1,21,0,26,53,0,53,79
09/08/2014,PVU,UT,ANM,WE,Federal Contract Tower,4,3,9,0,16,0,0,40,0,40,4,3,49,0,56,195,0,195,251
09/09/2014,PVU,UT,ANM,WE,Federal Contract Tower,0,5,9,0,14,0,0,14,0,14,0,5,23,0,28,44,0,44,72
09/10/2014,PVU,UT,ANM,WE,Federal Contract Tower,4,2,12,0,18,0,2,91,0,93,4,4,103,0,111,354,0,354,465
09/11/2014,PVU,UT,ANM,WE,Federal Contract Tower,4,3,11,2,20,0,0,96,0,96,4,3,107,2,116,282,0,282,398
09/12/2014,PVU,UT,ANM,WE,Federal Contract Tower,4,4,11,0,19,0,0,119,0,119,4,4,130,0,138,337,0,337,475
09/13/2014,PVU,UT,ANM,WE,Federal Contract Tower,0,1,7,0,8,0,0,79,0,79,0,1,86,0,87,159,0,159,246
09/14/2014,PVU,UT,ANM,WE,Federal Contract Tower,4,3,5,0,12,0,0,10,0,10,4,3,15,0,22,10,0,10,32
09/15/2014,PVU,UT,ANM,WE,Federal Contract Tower,4,4,7,2,17,0,0,70,0,70,4,4,77,2,87,195,0,195,282
09/16/2014,PVU,UT,ANM,WE,Federal Contract Tower,0,9,3,0,12,0,0,68,0,68,0,9,71,0,80,279,0,279,359
09/17/2014,PVU,UT,ANM,WE,Federal Contract Tower,2,1,4,2,9,0,0,83,0,83,2,1,87,2,92,293,0,293,385
09/18/2014,PVU,UT,ANM,WE,Federal Contract Tower,4,3,1,0,8,0,0,91,2,93,4,3,92,2,101,303,0,303,404
09/19/2014,PVU,UT,ANM,WE,Federal Contract Tower,4,2,6,0,12,0,0,80,4,84,4,2,86,4,96,292,0,292,388
09/20/2014,PVU,UT,ANM,WE,Federal Contract Tower,0,1,4,0,5,0,0,84,0,84,0,1,88,0,89,148,0,148,237
09/21/2014,PVU,UT,ANM,WE,Federal Contract Tower,4,1,14,0,19,0,0,7,0,7,4,1,21,0,26,4,0,4,30
09/22/2014,PVU,UT,ANM,WE,Federal Contract Tower,4,5,5,0,14,0,0,91,0,91,4,5,96,0,105,309,0,309,414
09/23/2014,PVU,UT,ANM,WE,Federal Contract Tower,0,0,4,0,4,0,0,93,0,93,0,0,97,0,97,254,0,254,351
09/24/2014,PVU,UT,ANM,WE,Federal Contract Tower,2,2,9,0,13,0,0,108,0,108,2,2,117,0,121,276,0,276,397
09/25/2014,PVU,UT,ANM,WE,Federal Contract Tower,4,1,10,0,15,0,0,102,0,102,4,1,112,0,117,203,0,203,320
09/26/2014,PVU,UT,ANM,WE,Federal Contract Tower,4,1,12,0,17,0,0,98,0,98,4,1,110,0,115,213,0,213,328
09/27/2014,PVU,UT,ANM,WE,Federal Contract Tower,0,2,7,0,9,0,0,2,0,2,0,2,9,0,11,0,0,0,11
09/28/2014,PVU,UT,ANM,WE,Federal Contract Tower,4,5,7,0,16,0,0,19,0,19,4,5,26,0,35,45,0,45,80
09/29/2014,PVU,UT,ANM,WE,Federal Contract Tower,4,1,5,0,10,0,0,78,0,78,4,1,83,0,88,260,0,260,348
09/30/2014,PVU,UT,ANM,WE,Federal Contract Tower,0,3,4,0,7,0,3,68,0,71,0,6,72,0,78,199,0,199,277
10/01/2014,PVU,UT,ANM,WE,Federal Contract Tower,2,1,3,0,6,0,0,67,0,67,2,1,70,0,73,373,0,373,446
10/02/2014,PVU,UT,ANM,WE,Federal Contract Tower,4,4,6,0,14,0,0,101,0,101,4,4,107,0,115,238,0,238,353
10/03/2014,PVU,UT,ANM,WE,Federal Contract Tower,4,4,5,0,13,0,1,115,0,116,4,5,120,0,129,389,0,389,518
10/04/2014,PVU,UT,ANM,WE,Federal Contract Tower,0,4,3,0,7,0,0,49,0,49,0,4,52,0,56,76,0,76,132
10/05/2014,PVU,UT,ANM,WE,Federal Contract Tower,4,0,5,0,9,0,0,38,0,38,4,0,43,0,47,48,0,48,95
10/06/2014,PVU,UT,ANM,WE,Federal Contract Tower,6,2,4,0,12,0,0,96,0,96,6,2,100,0,108,303,4,307,415
10/07/2014,PVU,UT,ANM,WE,Federal Contract Tower,0,0,11,0,11,0,0,88,0,88,0,0,99,0,99,201,0,201,300
10/08/2014,PVU,UT,ANM,WE,Federal Contract Tower,4,0,8,0,12,0,0,95,0,95,4,0,103,0,107,358,0,358,465
10/09/2014,PVU,UT,ANM,WE,Federal Contract Tower,4,1,11,0,16,0,0,77,0,77,4,1,88,0,93,287,0,287,380
10/10/2014,PVU,UT,ANM,WE,Federal Contract Tower,6,2,10,0,18,0,2,69,0,71,6,4,79,0,89,224,0,224,313
10/11/2014,PVU,UT,ANM,WE,Federal Contract Tower,0,0,4,2,6,0,0,71,0,71,0,0,75,2,77,182,0,182,259
10/12/2014,PVU,UT,ANM,WE,Federal Contract Tower,4,2,3,0,9,0,0,3,0,3,4,2,6,0,12,6,0,6,18
10/13/2014,PVU,UT,ANM,WE,Federal Contract Tower,4,2,13,3,22,0,0,97,0,97,4,2,110,3,119,211,0,211,330
10/14/2014,PVU,UT,ANM,WE,Federal Contract Tower,0,4,4,0,8,0,0,78,1,79,0,4,82,1,87,236,2,238,325
10/15/2014,PVU,UT,ANM,WE,Federal Contract Tower,2,1,8,0,11,0,2,50,2,54,2,3,58,2,65,164,4,168,233
10/16/2014,PVU,UT,ANM,WE,Federal Contract Tower,4,3,3,0,10,0,0,62,0,62,4,3,65,0,72,244,0,244,316
10/17/2014,PVU,UT,ANM,WE,Federal Contract Tower,5,5,7,1,18,0,6,116,0,122,5,11,123,1,140,290,0,290,430
10/18/2014,PVU,UT,ANM,WE,Federal Contract Tower,0,2,5,2,9,0,1,63,2,66,0,3,68,4,75,128,0,128,203
10/19/2014,PVU,UT,ANM,WE,Federal Contract Tower,4,1,5,0,10,0,0,20,0,20,4,1,25,0,30,12,0,12,42
10/20/2014,PVU,UT,ANM,WE,Federal Contract Tower,4,2,8,1,15,0,0,68,0,68,4,2,76,1,83,274,0,274,357
10/21/2014,PVU,UT,ANM,WE,Federal Contract Tower,0,1,11,0,12,0,2,59,0,61,0,3,70,0,73,127,0,127,200
10/22/2014,PVU,UT,ANM,WE,Federal Contract Tower,2,2,3,0,7,0,0,104,2,106,2,2,107,2,113,305,0,305,418
10/23/2014,PVU,UT,ANM,WE,Federal Contract Tower,5,2,8,0,15,0,2,99,0,101,5,4,107,0,116,270,0,270,386
10/24/2014,PVU,UT,ANM,WE,Federal Contract Tower,3,2,5,0,10,0,0,123,2,125,3,2,128,2,135,347,2,349,484
10/25/2014,PVU,UT,ANM,WE,Federal Contract Tower,0,0,6,0,6,0,2,100,0,102,0,2,106,0,108,186,0,186,294
10/26/2014,PVU,UT,ANM,WE,Federal Contract Tower,4,1,5,0,10,0,0,4,0,4,4,1,9,0,14,8,0,8,22
10/27/2014,PVU,UT,ANM,WE,Federal Contract Tower,4,1,4,0,9,0,1,76,0,77,4,2,80,0,86,207,2,209,295
10/28/2014,PVU,UT,ANM,WE,Federal Contract Tower,0,7,8,0,15,0,4,115,0,119,0,11,123,0,134,304,2,306,440
10/29/2014,PVU,UT,ANM,WE,Federal Contract Tower,2,4,9,0,15,0,3,106,2,111,2,7,115,2,126,293,0,293,419
10/30/2014,PVU,UT,ANM,WE,Federal Contract Tower,4,3,6,0,13,0,0,96,0,96,4,3,102,0,109,257,2,259,368
10/31/2014,PVU,UT,ANM,WE,Federal Contract Tower,6,2,5,0,13,0,0,93,0,93,6,2,98,0,106,248,0,248,354
11/01/2014,PVU,UT,ANM,WE,Federal Contract Tower,0,2,9,0,11,0,0,6,0,6,0,2,15,0,17,2,0,2,19
11/02/2014,PVU,UT,ANM,WE,Federal Contract Tower,4,0,8,0,12,0,0,0,0,0,4,0,8,0,12,0,0,0,12
11/03/2014,PVU,UT,ANM,WE,Federal Contract Tower,4,3,8,0,15,0,0,73,0,73,4,3,81,0,88,239,0,239,327
11/04/2014,PVU,UT,ANM,WE,Federal Contract Tower,0,3,6,0,9,0,1,118,0,119,0,4,124,0,128,215,0,215,343
11/05/2014,PVU,UT,ANM,WE,Federal Contract Tower,2,3,8,0,13,0,0,114,0,114,2,3,122,0,127,308,0,308,435
11/06/2014,PVU,UT,ANM,WE,Federal Contract Tower,4,4,9,0,17,0,1,91,0,92,4,5,100,0,109,273,0,273,382
11/07/2014,PVU,UT,ANM,WE,Federal Contract Tower,4,4,10,0,18,0,1,126,0,127,4,5,136,0,145,319,0,319,464
11/08/2014,PVU,UT,ANM,WE,Federal Contract Tower,0,2,3,0,5,0,0,77,0,77,0,2,80,0,82,184,0,184,266
11/09/2014,PVU,UT,ANM,WE,Federal Contract Tower,4,8,2,0,14,0,0,39,0,39,4,8,41,0,53,50,0,50,103
11/10/2014,PVU,UT,ANM,WE,Federal Contract Tower,4,1,9,0,14,0,0,31,0,31,4,1,40,0,45,177,0,177,222
11/11/2014,PVU,UT,ANM,WE,Federal Contract Tower,0,0,3,0,3,0,0,65,0,65,0,0,68,0,68,231,0,231,299
11/12/2014,PVU,UT,ANM,WE,Federal Contract Tower,2,0,13,0,15,0,1,71,0,72,2,1,84,0,87,217,0,217,304
11/13/2014,PVU,UT,ANM,WE,Federal Contract Tower,4,1,7,0,12,0,0,16,0,16,4,1,23,0,28,122,0,122,150
11/14/2014,PVU,UT,ANM,WE,Federal Contract Tower,4,0,6,0,10,0,0,63,0,63,4,0,69,0,73,189,0,189,262
11/15/2014,PVU,UT,ANM,WE,Federal Contract Tower,0,2,11,0,13,0,0,7,0,7,0,2,18,0,20,27,0,27,47
11/16/2014,PVU,UT,ANM,WE,Federal Contract Tower,4,4,0,0,8,0,0,10,0,10,4,4,10,0,18,10,0,10,28
11/17/2014,PVU,UT,ANM,WE,Federal Contract Tower,4,2,8,0,14,0,0,104,0,104,4,2,112,0,118,251,0,251,369
11/18/2014,PVU,UT,ANM,WE,Federal Contract Tower,0,6,5,0,11,0,0,120,0,120,0,6,125,0,131,188,2,190,321
11/19/2014,PVU,UT,ANM,WE,Federal Contract Tower,2,4,7,0,13,0,0,117,0,117,2,4,124,0,130,264,0,264,394
11/20/2014,PVU,UT,ANM,WE,Federal Contract Tower,4,2,9,0,15,0,0,99,0,99,4,2,108,0,114,261,2,263,377
11/21/2014,PVU,UT,ANM,WE,Federal Contract Tower,4,2,3,0,9,0,0,141,0,141,4,2,144,0,150,281,0,281,431
11/22/2014,PVU,UT,ANM,WE,Federal Contract Tower,4,4,5,0,13,0,0,6,0,6,4,4,11,0,19,19,0,19,38
11/23/2014,PVU,UT,ANM,WE,Federal Contract Tower,4,3,2,0,9,0,0,6,0,6,4,3,8,0,15,58,0,58,73
11/24/2014,PVU,UT,ANM,WE,Federal Contract Tower,4,1,4,0,9,0,1,41,0,42,4,2,45,0,51,121,0,121,172
11/25/2014,PVU,UT,ANM,WE,Federal Contract Tower,0,2,10,0,12,0,0,65,1,66,0,2,75,1,78,194,13,207,285
11/26/2014,PVU,UT,ANM,WE,Federal Contract Tower,6,0,5,0,11,0,0,96,0,96,6,0,101,0,107,202,0,202,309
11/27/2014,PVU,UT,ANM,WE,Federal Contract Tower,4,0,0,0,4,0,0,6,0,6,4,0,6,0,10,0,0,0,10
11/28/2014,PVU,UT,ANM,WE,Federal Contract Tower,6,0,0,0,6,0,0,73,0,73,6,0,73,0,79,70,0,70,149
11/29/2014,PVU,UT,ANM,WE,Federal Contract Tower,4,2,5,0,11,0,0,32,1,33,4,2,37,1,44,121,0,121,165
11/30/2014,PVU,UT,ANM,WE,Federal Contract Tower,2,1,19,0,22,0,6,34,1,41,2,7,53,1,63,31,0,31,94
12/01/2014,PVU,UT,ANM,WE,Federal Contract Tower,6,5,6,0,17,0,0,50,0,50,6,5,56,0,67,118,0,118,185
12/02/2014,PVU,UT,ANM,WE,Federal Contract Tower,0,0,3,0,3,0,0,82,0,82,0,0,85,0,85,225,2,227,312
12/03/2014,PVU,UT,ANM,WE,Federal Contract Tower,2,3,9,0,14,0,0,47,0,47,2,3,56,0,61,91,0,91,152
12/04/2014,PVU,UT,ANM,WE,Federal Contract Tower,4,1,6,0,11,0,0,80,0,80,4,1,86,0,91,182,0,182,273
12/05/2014,PVU,UT,ANM,WE,Federal Contract Tower,4,0,7,0,11,0,0,91,0,91,4,0,98,0,102,163,0,163,265
12/06/2014,PVU,UT,ANM,WE,Federal Contract Tower,0,2,6,0,8,0,0,66,0,66,0,2,72,0,74,259,0,259,333
12/07/2014,PVU,UT,ANM,WE,Federal Contract Tower,4,5,3,0,12,0,0,25,0,25,4,5,28,0,37,76,0,76,113
12/08/2014,PVU,UT,ANM,WE,Federal Contract Tower,4,2,3,0,9,0,0,85,0,85,4,2,88,0,94,172,2,174,268
12/09/2014,PVU,UT,ANM,WE,Federal Contract Tower,0,0,8,0,8,0,1,80,0,81,0,1,88,0,89,202,6,208,297
12/10/2014,PVU,UT,ANM,WE,Federal Contract Tower,2,3,6,0,11,0,0,80,0,80,2,3,86,0,91,163,0,163,254
12/11/2014,PVU,UT,ANM,WE,Federal Contract Tower,4,4,10,0,18,0,0,81,0,81,4,4,91,0,99,103,0,103,202
12/12/2014,PVU,UT,ANM,WE,Federal Contract Tower,4,2,8,1,15,0,2,57,1,60,4,4,65,2,75,69,0,69,144
12/13/2014,PVU,UT,ANM,WE,Federal Contract Tower,0,2,3,1,6,0,0,20,0,20,0,2,23,1,26,49,0,49,75
12/14/2014,PVU,UT,ANM,WE,Federal Contract Tower,4,4,4,1,13,0,0,4,0,4,4,4,8,1,17,4,0,4,21
12/15/2014,PVU,UT,ANM,WE,Federal Contract Tower,4,1,7,0,12,0,0,85,0,85,4,1,92,0,97,129,10,139,236
12/16/2014,PVU,UT,ANM,WE,Federal Contract Tower,0,2,7,1,10,0,0,81,0,81,0,2,88,1,91,120,0,120,211
12/17/2014,PVU,UT,ANM,WE,Federal Contract Tower,4,5,8,0,17,0,1,64,0,65,4,6,72,0,82,77,0,77,159
12/18/2014,PVU,UT,ANM,WE,Federal Contract Tower,4,0,10,0,14,0,0,29,0,29,4,0,39,0,43,96,0,96,139
12/19/2014,PVU,UT,ANM,WE,Federal Contract Tower,4,2,14,0,20,0,0,88,0,88,4,2,102,0,108,98,0,98,206
12/20/2014,PVU,UT,ANM,WE,Federal Contract Tower,2,3,12,0,17,0,2,37,0,39,2,5,49,0,56,78,0,78,134
12/21/2014,PVU,UT,ANM,WE,Federal Contract Tower,4,2,2,0,8,0,3,3,0,6,4,5,5,0,14,12,0,12,26
12/22/2014,PVU,UT,ANM,WE,Federal Contract Tower,4,1,4,0,9,0,0,0,0,0,4,1,4,0,9,13,0,13,22
12/23/2014,PVU,UT,ANM,WE,Federal Contract Tower,0,3,4,0,7,0,0,68,0,68,0,3,72,0,75,101,0,101,176
12/24/2014,PVU,UT,ANM,WE,Federal Contract Tower,6,2,4,0,12,0,2,30,0,32,6,4,34,0,44,36,0,36,80
12/25/2014,PVU,UT,ANM,WE,Federal Contract Tower,0,2,0,0,2,0,0,0,0,0,0,2,0,0,2,0,0,0,2
12/26/2014,PVU,UT,ANM,WE,Federal Contract Tower,4,4,9,0,17,0,0,10,0,10,4,4,19,0,27,20,0,20,47
12/27/2014,PVU,UT,ANM,WE,Federal Contract Tower,6,4,16,0,26,0,0,33,0,33,6,4,49,0,59,67,0,67,126
12/28/2014,PVU,UT,ANM,WE,Federal Contract Tower,2,6,4,0,12,0,1,0,0,1,2,7,4,0,13,0,0,0,13
12/29/2014,PVU,UT,ANM,WE,Federal Contract Tower,0,3,5,0,8,0,0,2,0,2,0,3,7,0,10,4,0,4,14
12/30/2014,PVU,UT,ANM,WE,Federal Contract Tower,4,4,3,0,11,0,0,34,0,34,4,4,37,0,45,16,0,16,61
12/31/2014,PVU,UT,ANM,WE,Federal Contract Tower,6,2,7,0,15,0,0,32,0,32,6,2,39,0,47,41,0,41,88
01/01/2015,PVU,UT,ANM,WE,Federal Contract Tower,0,1,1,0,2,0,0,14,0,14,0,1,15,0,16,36,0,36,52
01/02/2015,PVU,UT,ANM,WE,Federal Contract Tower,2,1,7,0,10,0,0,68,0,68,2,1,75,0,78,74,0,74,152
01/03/2015,PVU,UT,ANM,WE,Federal Contract Tower,6,3,11,0,20,0,0,39,0,39,6,3,50,0,59,77,0,77,136
01/04/2015,PVU,UT,ANM,WE,Federal Contract Tower,2,2,6,0,10,0,0,12,0,12,2,2,18,0,22,0,0,0,22
01/05/2015,PVU,UT,ANM,WE,Federal Contract Tower,4,0,7,0,11,0,0,72,0,72,4,0,79,0,83,128,0,128,211
01/06/2015,PVU,UT,ANM,WE,Federal Contract Tower,0,0,2,0,2,0,1,57,2,60,0,1,59,2,62,82,0,82,144
01/07/2015,PVU,UT,ANM,WE,Federal Contract Tower,2,1,11,0,14,0,0,77,2,79,2,1,88,2,93,94,0,94,187
01/08/2015,PVU,UT,ANM,WE,Federal Contract Tower,4,1,4,0,9,0,0,81,0,81,4,1,85,0,90,175,0,175,265
01/09/2015,PVU,UT,ANM,WE,Federal Contract Tower,0,0,3,0,3,0,0,52,0,52,0,0,55,0,55,106,0,106,161
01/10/2015,PVU,UT,ANM,WE,Federal Contract Tower,4,0,2,0,6,0,0,24,0,24,4,0,26,0,30,119,0,119,149
01/11/2015,PVU,UT,ANM,WE,Federal Contract Tower,2,0,7,0,9,0,0,2,0,2,2,0,9,0,11,0,0,0,11
01/12/2015,PVU,UT,ANM,WE,Federal Contract Tower,6,5,8,0,19,0,0,0,0,0,6,5,8,0,19,0,0,0,19
01/13/2015,PVU,UT,ANM,WE,Federal Contract Tower,0,3,7,0,10,0,0,7,0,7,0,3,14,0,17,79,1,80,97
01/14/2015,PVU,UT,ANM,WE,Federal Contract Tower,2,5,25,0,32,0,0,24,0,24,2,5,49,0,56,214,0,214,270
01/15/2015,PVU,UT,ANM,WE,Federal Contract Tower,4,2,7,0,13,0,0,90,4,94,4,2,97,4,107,245,4,249,356
01/16/2015,PVU,UT,ANM,WE,Federal Contract Tower,4,0,8,0,12,0,3,88,0,91,4,3,96,0,103,182,0,182,285
01/17/2015,PVU,UT,ANM,WE,Federal Contract Tower,0,1,9,0,10,0,2,79,0,81,0,3,88,0,91,119,0,119,210
01/18/2015,PVU,UT,ANM,WE,Federal Contract Tower,4,2,4,0,10,0,0,8,0,8,4,2,12,0,18,4,0,4,22
01/19/2015,PVU,UT,ANM,WE,Federal Contract Tower,4,3,8,0,15,0,0,68,0,68,4,3,76,0,83,144,0,144,227
01/20/2015,PVU,UT,ANM,WE,Federal Contract Tower,0,2,12,0,14,0,2,77,0,79,0,4,89,0,93,139,0,139,232
01/21/2015,PVU,UT,ANM,WE,Federal Contract Tower,2,2,6,0,10,0,0,75,4,79,2,2,81,4,89,207,0,207,296
01/22/2015,PVU,UT,ANM,WE,Federal Contract Tower,4,0,15,0,19,0,0,99,0,99,4,0,114,0,118,191,0,191,309
01/23/2015,PVU,UT,ANM,WE,Federal Contract Tower,4,0,10,0,14,0,0,106,0,106,4,0,116,0,120,216,0,216,336
01/24/2015,PVU,UT,ANM,WE,Federal Contract Tower,0,0,12,0,12,0,0,70,0,70,0,0,82,0,82,172,0,172,254
01/25/2015,PVU,UT,ANM,WE,Federal Contract Tower,4,2,4,0,10,0,0,11,0,11,4,2,15,0,21,23,0,23,44
01/26/2015,PVU,UT,ANM,WE,Federal Contract Tower,4,0,6,0,10,0,0,65,0,65,4,0,71,0,75,122,0,122,197
01/27/2015,PVU,UT,ANM,WE,Federal Contract Tower,0,2,9,0,11,0,0,60,0,60,0,2,69,0,71,220,0,220,291
01/28/2015,PVU,UT,ANM,WE,Federal Contract Tower,2,0,5,0,7,0,0,84,0,84,2,0,89,0,91,228,2,230,321
01/29/2015,PVU,UT,ANM,WE,Federal Contract Tower,4,1,9,0,14,0,0,60,0,60,4,1,69,0,74,191,0,191,265
01/30/2015,PVU,UT,ANM,WE,Federal Contract Tower,4,1,6,0,11,0,1,42,0,43,4,2,48,0,54,176,0,176,230
01/31/2015,PVU,UT,ANM,WE,Federal Contract Tower,0,0,5,0,5,0,0,45,0,45,0,0,50,0,50,162,0,162,212
02/01/2015,PVU,UT,ANM,WE,Federal Contract Tower,4,0,5,0,9,0,0,11,0,11,4,0,16,0,20,2,0,2,22
02/02/2015,PVU,UT,ANM,WE,Federal Contract Tower,4,0,3,0,7,0,0,94,0,94,4,0,97,0,101,231,2,233,334
02/03/2015,PVU,UT,ANM,WE,Federal Contract Tower,0,0,5,0,5,0,0,100,0,100,0,0,105,0,105,128,0,128,233
02/04/2015,PVU,UT,ANM,WE,Federal Contract Tower,2,3,9,2,16,0,0,100,2,102,2,3,109,4,118,312,4,316,434
02/05/2015,PVU,UT,ANM,WE,Federal Contract Tower,4,0,9,0,13,0,0,82,0,82,4,0,91,0,95,254,0,254,349
02/06/2015,PVU,UT,ANM,WE,Federal Contract Tower,4,0,11,0,15,0,0,76,0,76,4,0,87,0,91,190,0,190,281
02/07/2015,PVU,UT,ANM,WE,Federal Contract Tower,0,0,4,0,4,0,0,36,0,36,0,0,40,0,40,166,0,166,206
02/08/2015,PVU,UT,ANM,WE,Federal Contract Tower,4,0,5,2,11,0,0,11,0,11,4,0,16,2,22,65,0,65,87
02/09/2015,PVU,UT,ANM,WE,Federal Contract Tower,4,0,12,0,16,0,0,53,0,53,4,0,65,0,69,155,0,155,224
02/10/2015,PVU,UT,ANM,WE,Federal Contract Tower,0,6,12,0,18,0,0,77,0,77,0,6,89,0,95,238,4,242,337
02/11/2015,PVU,UT,ANM,WE,Federal Contract Tower,2,0,8,0,10,0,0,109,0,109,2,0,117,0,119,224,0,224,343
02/12/2015,PVU,UT,ANM,WE,Federal Contract Tower,4,3,9,0,16,0,0,101,0,101,4,3,110,0,117,302,0,302,419
02/13/2015,PVU,UT,ANM,WE,Federal Contract Tower,4,3,11,2,20,0,2,91,0,93,4,5,102,2,113,186,0,186,299
02/14/2015,PVU,UT,ANM,WE,Federal Contract Tower,0,1,7,3,11,0,0,62,0,62,0,1,69,3,73,147,0,147,220
02/15/2015,PVU,UT,ANM,WE,Federal Contract Tower,4,1,6,1,12,0,0,15,0,15,4,1,21,1,27,53,0,53,80
02/16/2015,PVU,UT,ANM,WE,Federal Contract Tower,4,2,6,0,12,0,0,59,0,59,4,2,65,0,71,70,0,70,141
02/17/2015,PVU,UT,ANM,WE,Federal Contract Tower,0,2,2,0,4,0,0,108,0,108,0,2,110,0,112,273,2,275,387
02/18/2015,PVU,UT,ANM,WE,Federal Contract Tower,2,5,8,2,17,0,0,105,2,107,2,5,113,4,124,285,16,301,425
02/19/2015,PVU,UT,ANM,WE,Federal Contract Tower,4,4,9,9,26,0,0,90,0,90,4,4,99,9,116,237,0,237,353
02/20/2015,PVU,UT,ANM,WE,Federal Contract Tower,4,0,7,0,11,0,0,55,0,55,4,0,62,0,66,187,0,187,253
02/21/2015,PVU,UT,ANM,WE,Federal Contract Tower,0,1,8,1,10,0,1,73,0,74,0,2,81,1,84,136,0,136,220
02/22/2015,PVU,UT,ANM,WE,Federal Contract Tower,4,0,7,1,12,0,0,48,0,48,4,0,55,1,60,0,0,0,60
02/23/2015,PVU,UT,ANM,WE,Federal Contract Tower,4,0,9,0,13,0,0,68,0,68,4,0,77,0,81,184,0,184,265
02/24/2015,PVU,UT,ANM,WE,Federal Contract Tower,0,2,16,0,18,0,0,103,0,103,0,2,119,0,121,294,0,294,415
02/25/2015,PVU,UT,ANM,WE,Federal Contract Tower,2,1,13,0,16,0,0,75,1,76,2,1,88,1,92,190,0,190,282
02/26/2015,PVU,UT,ANM,WE,Federal Contract Tower,4,1,15,0,20,0,0,32,0,32,4,1,47,0,52,191,0,191,243
02/27/2015,PVU,UT,ANM,WE,Federal Contract Tower,4,1,15,0,20,0,0,95,0,95,4,1,110,0,115,336,0,336,451
02/28/2015,PVU,UT,ANM,WE,Federal Contract Tower,0,4,5,0,9,0,0,22,0,22,0,4,27,0,31,122,0,122,153
03/01/2015,PVU,UT,ANM,WE,Federal Contract Tower,4,4,0,0,8,0,0,4,0,4,4,4,4,0,12,10,0,10,22
03/02/2015,PVU,UT,ANM,WE,Federal Contract Tower,1,3,7,0,11,0,0,7,0,7,1,3,14,0,18,120,0,120,138
03/03/2015,PVU,UT,ANM,WE,Federal Contract Tower,4,2,7,0,13,0,0,16,0,16,4,2,23,0,29,77,0,77,106
03/04/2015,PVU,UT,ANM,WE,Federal Contract Tower,3,0,12,0,15,0,0,102,0,102,3,0,114,0,117,346,0,346,463
03/05/2015,PVU,UT,ANM,WE,Federal Contract Tower,4,2,8,0,14,0,0,117,0,117,4,2,125,0,131,310,0,310,441
03/06/2015,PVU,UT,ANM,WE,Federal Contract Tower,4,0,15,1,20,0,0,123,0,123,4,0,138,1,143,314,0,314,457
03/07/2015,PVU,UT,ANM,WE,Federal Contract Tower,0,0,7,0,7,0,0,78,3,81,0,0,85,3,88,240,4,244,332
03/08/2015,PVU,UT,ANM,WE,Federal Contract Tower,4,1,3,0,8,0,0,16,0,16,4,1,19,0,24,70,0,70,94
03/09/2015,PVU,UT,ANM,WE,Federal Contract Tower,4,1,3,0,8,0,0,103,0,103,4,1,106,0,111,362,6,368,479
03/10/2015,PVU,UT,ANM,WE,Federal Contract Tower,0,2,0,2,4,0,0,78,0,78,0,2,78,2,82,229,0,229,311
03/11/2015,PVU,UT,ANM,WE,Federal Contract Tower,2,1,11,0,14,0,0,89,0,89,2,1,100,0,103,292,4,296,399
03/12/2015,PVU,UT,ANM,WE,Federal Contract Tower,4,3,15,2,24,0,0,55,2,57,4,3,70,4,81,187,0,187,268
03/13/2015,PVU,UT,ANM,WE,Federal Contract Tower,4,4,4,1,13,0,0,93,0,93,4,4,97,1,106,215,0,215,321
03/14/2015,PVU,UT,ANM,WE,Federal Contract Tower,0,6,3,0,9,0,0,56,2,58,0,6,59,2,67,109,0,109,176
03/15/2015,PVU,UT,ANM,WE,Federal Contract Tower,5,3,9,0,17,0,0,12,0,12,5,3,21,0,29,18,0,18,47
03/16/2015,PVU,UT,ANM,WE,Federal Contract Tower,5,5,3,1,14,0,0,88,1,89,5,5,91,2,103,196,0,196,299
03/17/2015,PVU,UT,ANM,WE,Federal Contract Tower,0,6,6,0,12,0,0,79,0,79,0,6,85,0,91,240,4,244,335
03/18/2015,PVU,UT,ANM,WE,Federal Contract Tower,2,4,1,0,7,0,0,101,0,101,2,4,102,0,108,211,0,211,319
03/19/2015,PVU,UT,ANM,WE,Federal Contract Tower,4,2,6,0,12,0,0,95,0,95,4,2,101,0,107,268,0,268,375
03/20/2015,PVU,UT,ANM,WE,Federal Contract Tower,4,0,9,0,13,0,0,101,1,102,4,0,110,1,115,244,2,246,361
03/21/2015,PVU,UT,ANM,WE,Federal Contract Tower,0,0,10,0,10,0,0,77,1,78,0,0,87,1,88,196,2,198,286
03/22/2015,PVU,UT,ANM,WE,Federal Contract Tower,8,1,2,0,11,0,0,13,0,13,8,1,15,0,24,27,2,29,53
03/23/2015,PVU,UT,ANM,WE,Federal Contract Tower,4,5,7,0,16,0,1,21,0,22,4,6,28,0,38,222,0,222,260
03/24/2015,PVU,UT,ANM,WE,Federal Contract Tower,1,1,2,0,4,0,0,113,2,115,1,1,115,2,119,246,0,246,365
03/25/2015,PVU,UT,ANM,WE,Federal Contract Tower,2,1,4,0,7,0,0,72,2,74,2,1,76,2,81,214,0,214,295
03/26/2015,PVU,UT,ANM,WE,Federal Contract Tower,4,0,7,0,11,0,0,98,1,99,4,0,105,1,110,337,8,345,455
03/27/2015,PVU,UT,ANM,WE,Federal Contract Tower,4,4,14,0,22,0,0,113,0,113,4,4,127,0,135,252,0,252,387
03/28/2015,PVU,UT,ANM,WE,Federal Contract Tower,0,0,0,0,0,0,2,57,0,59,0,2,57,0,59,200,0,200,259
03/29/2015,PVU,UT,ANM,WE,Federal Contract Tower,4,1,6,0,11,0,0,33,0,33,4,1,39,0,44,4,0,4,48
03/30/2015,PVU,UT,ANM,WE,Federal Contract Tower,4,3,2,0,9,0,0,109,0,109,4,3,111,0,118,252,0,252,370
03/31/2015,PVU,UT,ANM,WE,Federal Contract Tower,0,6,7,0,13,0,0,58,0,58,0,6,65,0,71,188,0,188,259
04/01/2015,PVU,UT,ANM,WE,Federal Contract Tower,2,0,7,0,9,0,0,51,0,51,2,0,58,0,60,202,0,202,262
04/02/2015,PVU,UT,ANM,WE,Federal Contract Tower,4,6,8,2,20,0,0,31,0,31,4,6,39,2,51,116,0,116,167
04/03/2015,PVU,UT,ANM,WE,Federal Contract Tower,4,3,15,2,24,0,1,101,0,102,4,4,116,2,126,229,0,229,355
04/04/2015,PVU,UT,ANM,WE,Federal Contract Tower,0,0,1,0,1,0,0,77,1,78,0,0,78,1,79,112,0,112,191
04/05/2015,PVU,UT,ANM,WE,Federal Contract Tower,4,2,6,0,12,0,1,8,1,10,4,3,14,1,22,6,0,6,28
04/06/2015,PVU,UT,ANM,WE,Federal Contract Tower,4,1,4,0,9,0,0,38,1,39,4,1,42,1,48,117,0,117,165
04/07/2015,PVU,UT,ANM,WE,Federal Contract Tower,0,2,3,0,5,0,0,75,0,75,0,2,78,0,80,114,4,118,198
04/08/2015,PVU,UT,ANM,WE,Federal Contract Tower,2,4,0,0,6,0,0,12,0,12,2,4,12,0,18,84,0,84,102
04/09/2015,PVU,UT,ANM,WE,Federal Contract Tower,4,5,5,0,14,0,0,60,2,62,4,5,65,2,76,209,4,213,289
04/10/2015,PVU,UT,ANM,WE,Federal Contract Tower,4,0,5,0,9,0,0,104,0,104,4,0,109,0,113,170,0,170,283
04/11/2015,PVU,UT,ANM,WE,Federal Contract Tower,0,2,7,0,9,0,0,63,5,68,0,2,70,5,77,136,4,140,217
04/12/2015,PVU,UT,ANM,WE,Federal Contract Tower,4,3,3,1,11,0,0,23,0,23,4,3,26,1,34,12,0,12,46
04/13/2015,PVU,UT,ANM,WE,Federal Contract Tower,4,4,7,0,15,0,0,81,0,81,4,4,88,0,96,217,2,219,315
04/14/2015,PVU,UT,ANM,WE,Federal Contract Tower,0,3,1,0,4,0,0,13,0,13,0,3,14,0,17,66,0,66,83
04/15/2015,PVU,UT,ANM,WE,Federal Contract Tower,2,6,10,0,18,0,0,5,0,5,2,6,15,0,23,0,0,0,23
04/16/2015,PVU,UT,ANM,WE,Federal Contract Tower,4,3,7,0,14,0,0,67,0,67,4,3,74,0,81,146,0,146,227
04/17/2015,PVU,UT,ANM,WE,Federal Contract Tower,4,2,9,0,15,0,2,112,0,114,4,4,121,0,129,256,0,256,385
04/18/2015,PVU,UT,ANM,WE,Federal Contract Tower,0,2,5,0,7,0,0,59,0,59,0,2,64,0,66,142,0,142,208
04/19/2015,PVU,UT,ANM,WE,Federal Contract Tower,4,0,3,0,7,0,0,31,0,31,4,0,34,0,38,51,0,51,89
04/20/2015,PVU,UT,ANM,WE,Federal Contract Tower,4,4,5,0,13,0,0,80,2,82,4,4,85,2,95,223,0,223,318
04/21/2015,PVU,UT,ANM,WE,Federal Contract Tower,0,0,15,0,15,0,0,109,0,109,0,0,124,0,124,163,4,167,291
04/22/2015,PVU,UT,ANM,WE,Federal Contract Tower,2,4,6,0,12,0,0,69,0,69,2,4,75,0,81,181,0,181,262
04/23/2015,PVU,UT,ANM,WE,Federal Contract Tower,4,0,25,0,29,0,2,88,0,90,4,2,113,0,119,187,2,189,308
04/24/2015,PVU,UT,ANM,WE,Federal Contract Tower,4,3,6,0,13,0,0,49,0,49,4,3,55,0,62,131,0,131,193
04/25/2015,PVU,UT,ANM,WE,Federal Contract Tower,0,1,9,0,10,0,0,37,0,37,0,1,46,0,47,109,0,109,156
04/26/2015,PVU,UT,ANM,WE,Federal Contract Tower,4,2,7,0,13,0,0,10,0,10,4,2,17,0,23,4,0,4,27
04/27/2015,PVU,UT,ANM,WE,Federal Contract Tower,4,2,8,0,14,0,0,90,0,90,4,2,98,0,104,174,0,174,278
04/28/2015,PVU,UT,ANM,WE,Federal Contract Tower,0,2,10,0,12,0,0,97,0,97,0,2,107,0,109,245,0,245,354
04/29/2015,PVU,UT,ANM,WE,Federal Contract Tower,2,2,9,0,13,0,0,108,0,108,2,2,117,0,121,184,0,184,305
04/30/2015,PVU,UT,ANM,WE,Federal Contract Tower,4,0,13,0,17,0,0,77,0,77,4,0,90,0,94,87,0,87,181
05/01/2015,PVU,UT,ANM,WE,Federal Contract Tower,4,0,2,1,7,0,0,86,0,86,4,0,88,1,93,115,0,115,208
05/02/2015,PVU,UT,ANM,WE,Federal Contract Tower,0,1,2,0,3,0,0,53,2,55,0,1,55,2,58,91,4,95,153
05/03/2015,PVU,UT,ANM,WE,Federal Contract Tower,4,1,3,1,9,0,0,15,0,15,4,1,18,1,24,37,0,37,61
05/04/2015,PVU,UT,ANM,WE,Federal Contract Tower,4,0,3,0,7,0,0,40,0,40,4,0,43,0,47,144,2,146,193
05/05/2015,PVU,UT,ANM,WE,Federal Contract Tower,0,0,7,0,7,0,0,37,0,37,0,0,44,0,44,172,0,172,216
05/06/2015,PVU,UT,ANM,WE,Federal Contract Tower,2,3,6,0,11,0,0,53,0,53,2,3,59,0,64,129,0,129,193
05/07/2015,PVU,UT,ANM,WE,Federal Contract Tower,4,0,5,0,9,0,0,52,0,52,4,0,57,0,61,132,0,132,193
05/08/2015,PVU,UT,ANM,WE,Federal Contract Tower,4,1,13,0,18,0,0,40,0,40,4,1,53,0,58,81,0,81,139
05/09/2015,PVU,UT,ANM,WE,Federal Contract Tower,0,0,3,0,3,0,0,6,0,6,0,0,9,0,9,30,0,30,39
05/10/2015,PVU,UT,ANM,WE,Federal Contract Tower,4,0,2,0,6,0,0,13,0,13,4,0,15,0,19,6,0,6,25
05/11/2015,PVU,UT,ANM,WE,Federal Contract Tower,4,0,10,0,14,0,0,85,0,85,4,0,95,0,99,174,0,174,273
05/12/2015,PVU,UT,ANM,WE,Federal Contract Tower,1,2,0,0,3,0,0,45,2,47,1,2,45,2,50,104,0,104,154
05/13/2015,PVU,UT,ANM,WE,Federal Contract Tower,2,2,11,0,15,0,0,93,0,93,2,2,104,0,108,156,0,156,264
05/14/2015,PVU,UT,ANM,WE,Federal Contract Tower,4,0,7,0,11,0,0,45,0,45,4,0,52,0,56,104,0,104,160
05/15/2015,PVU,UT,ANM,WE,Federal Contract Tower,4,1,14,0,19,0,0,28,2,30,4,1,42,2,49,84,0,84,133
05/16/2015,PVU,UT,ANM,WE,Federal Contract Tower,0,0,7,0,7,0,0,21,0,21,0,0,28,0,28,34,0,34,62
05/17/2015,PVU,UT,ANM,WE,Federal Contract Tower,4,3,5,0,12,0,0,15,0,15,4,3,20,0,27,2,0,2,29
05/18/2015,PVU,UT,ANM,WE,Federal Contract Tower,4,2,10,0,16,0,0,38,0,38,4,2,48,0,54,53,0,53,107
05/19/2015,PVU,UT,ANM,WE,Federal Contract Tower,0,0,12,0,12,0,0,47,0,47,0,0,59,0,59,101,0,101,160
05/20/2015,PVU,UT,ANM,WE,Federal Contract Tower,0,5,13,0,18,0,0,89,0,89,0,5,102,0,107,176,0,176,283
05/21/2015,PVU,UT,ANM,WE,Federal Contract Tower,0,0,0,0,0,0,0,12,0,12,0,0,12,0,12,12,0,12,24
05/22/2015,PVU,UT,ANM,WE,Federal Contract Tower,0,0,0,0,0,0,0,10,0,10,0,0,10,0,10,15,0,15,25
05/23/2015,PVU,UT,ANM,WE,Federal Contract Tower,0,0,0,0,0,0,0,5,0,5,0,0,5,0,5,0,0,0,5
05/24/2015,PVU,UT,ANM,WE,Federal Contract Tower,0,0,0,0,0,0,0,0,0,0,0,0,0,0,0,0,0,0,0
05/25/2015,PVU,UT,ANM,WE,Federal Contract Tower,0,0,0,0,0,0,0,2,0,2,0,0,2,0,2,0,0,0,2
05/26/2015,PVU,UT,ANM,WE,Federal Contract Tower,0,0,0,0,0,0,0,10,0,10,0,0,10,0,10,6,0,6,16
05/27/2015,PVU,UT,ANM,WE,Federal Contract Tower,0,0,0,0,0,0,0,36,0,36,0,0,36,0,36,34,0,34,70
05/28/2015,PVU,UT,ANM,WE,Federal Contract Tower,0,0,0,0,0,0,0,27,0,27,0,0,27,0,27,6,2,8,35
05/29/2015,PVU,UT,ANM,WE,Federal Contract Tower,4,0,8,0,12,0,0,72,0,72,4,0,80,0,84,121,4,125,209
05/30/2015,PVU,UT,ANM,WE,Federal Contract Tower,0,0,10,0,10,0,0,55,0,55,0,0,65,0,65,148,0,148,213
05/31/2015,PVU,UT,ANM,WE,Federal Contract Tower,4,2,7,0,13,0,0,15,0,15,4,2,22,0,28,12,0,12,40
06/01/2015,PVU,UT,ANM,WE,Federal Contract Tower,4,0,4,0,8,0,0,85,0,85,4,0,89,0,93,230,0,230,323
06/02/2015,PVU,UT,ANM,WE,Federal Contract Tower,0,1,7,0,8,0,0,62,0,62,0,1,69,0,70,220,2,222,292
06/03/2015,PVU,UT,ANM,WE,Federal Contract Tower,2,6,3,2,13,0,0,80,0,80,2,6,83,2,93,268,0,268,361
06/04/2015,PVU,UT,ANM,WE,Federal Contract Tower,5,5,6,0,16,0,0,79,0,79,5,5,85,0,95,342,6,348,443
06/05/2015,PVU,UT,ANM,WE,Federal Contract Tower,4,9,16,0,29,0,0,77,0,77,4,9,93,0,106,225,4,229,335
06/06/2015,PVU,UT,ANM,WE,Federal Contract Tower,0,7,3,0,10,0,2,48,0,50,0,9,51,0,60,124,0,124,184
06/07/2015,PVU,UT,ANM,WE,Federal Contract Tower,4,2,6,0,12,0,0,12,0,12,4,2,18,0,24,0,0,0,24
06/08/2015,PVU,UT,ANM,WE,Federal Contract Tower,4,1,9,0,14,0,0,99,0,99,4,1,108,0,113,288,0,288,401
06/09/2015,PVU,UT,ANM,WE,Federal Contract Tower,0,0,6,0,6,0,1,75,0,76,0,1,81,0,82,302,0,302,384
06/10/2015,PVU,UT,ANM,WE,Federal Contract Tower,2,0,10,0,12,0,0,88,1,89,2,0,98,1,101,233,0,233,334
06/11/2015,PVU,UT,ANM,WE,Federal Contract Tower,4,1,7,0,12,0,1,70,2,73,4,2,77,2,85,225,0,225,310
06/12/2015,PVU,UT,ANM,WE,Federal Contract Tower,4,0,8,0,12,0,0,100,0,100,4,0,108,0,112,287,0,287,399
06/13/2015,PVU,UT,ANM,WE,Federal Contract Tower,0,0,3,0,3,0,0,58,0,58,0,0,61,0,61,136,0,136,197
06/14/2015,PVU,UT,ANM,WE,Federal Contract Tower,4,0,2,1,7,0,0,17,1,18,4,0,19,2,25,20,0,20,45
06/15/2015,PVU,UT,ANM,WE,Federal Contract Tower,4,4,8,0,16,0,0,66,0,66,4,4,74,0,82,175,0,175,257
06/16/2015,PVU,UT,ANM,WE,Federal Contract Tower,0,0,4,0,4,0,0,106,0,106,0,0,110,0,110,288,0,288,398
06/17/2015,PVU,UT,ANM,WE,Federal Contract Tower,2,1,4,0,7,0,0,65,0,65,2,1,69,0,72,226,0,226,298
06/18/2015,PVU,UT,ANM,WE,Federal Contract Tower,4,3,8,0,15,0,1,92,0,93,4,4,100,0,108,249,0,249,357
06/19/2015,PVU,UT,ANM,WE,Federal Contract Tower,4,3,12,0,19,0,0,89,0,89,4,3,101,0,108,215,0,215,323
06/20/2015,PVU,UT,ANM,WE,Federal Contract Tower,0,3,11,1,15,0,0,60,0,60,0,3,71,1,75,100,0,100,175
06/21/2015,PVU,UT,ANM,WE,Federal Contract Tower,4,0,8,0,12,0,0,12,0,12,4,0,20,0,24,0,0,0,24
06/22/2015,PVU,UT,ANM,WE,Federal Contract Tower,4,0,11,0,15,0,0,56,0,56,4,0,67,0,71,205,0,205,276
06/23/2015,PVU,UT,ANM,WE,Federal Contract Tower,0,0,11,0,11,0,0,78,0,78,0,0,89,0,89,164,0,164,253
06/24/2015,PVU,UT,ANM,WE,Federal Contract Tower,2,4,8,0,14,0,0,86,2,88,2,4,94,2,102,164,6,170,272
06/25/2015,PVU,UT,ANM,WE,Federal Contract Tower,4,0,18,1,23,0,0,74,0,74,4,0,92,1,97,167,0,167,264
06/26/2015,PVU,UT,ANM,WE,Federal Contract Tower,4,0,7,0,11,0,0,78,0,78,4,0,85,0,89,229,0,229,318
06/27/2015,PVU,UT,ANM,WE,Federal Contract Tower,0,0,4,0,4,0,1,68,0,69,0,1,72,0,73,106,0,106,179
06/28/2015,PVU,UT,ANM,WE,Federal Contract Tower,4,0,5,0,9,0,0,15,0,15,4,0,20,0,24,14,0,14,38
06/29/2015,PVU,UT,ANM,WE,Federal Contract Tower,4,1,13,0,18,0,0,78,0,78,4,1,91,0,96,161,0,161,257
06/30/2015,PVU,UT,ANM,WE,Federal Contract Tower,0,2,7,1,10,0,0,58,0,58,0,2,65,1,68,67,0,67,135
07/01/2015,PVU,UT,ANM,WE,Federal Contract Tower,2,1,8,0,11,0,0,86,0,86,2,1,94,0,97,165,0,165,262
07/02/2015,PVU,UT,ANM,WE,Federal Contract Tower,4,2,8,0,14,0,0,93,0,93,4,2,101,0,107,207,0,207,314
07/03/2015,PVU,UT,ANM,WE,Federal Contract Tower,4,0,5,0,9,0,0,63,0,63,4,0,68,0,72,241,0,241,313
07/04/2015,PVU,UT,ANM,WE,Federal Contract Tower,0,0,2,0,2,0,0,32,0,32,0,0,34,0,34,53,0,53,87
07/05/2015,PVU,UT,ANM,WE,Federal Contract Tower,4,1,5,0,10,0,0,13,0,13,4,1,18,0,23,57,0,57,80
07/06/2015,PVU,UT,ANM,WE,Federal Contract Tower,8,0,8,0,16,0,0,91,0,91,8,0,99,0,107,232,0,232,339
07/07/2015,PVU,UT,ANM,WE,Federal Contract Tower,0,3,7,0,10,0,0,67,0,67,0,3,74,0,77,174,0,174,251
07/08/2015,PVU,UT,ANM,WE,Federal Contract Tower,2,8,5,0,15,0,3,77,0,80,2,11,82,0,95,149,0,149,244
07/09/2015,PVU,UT,ANM,WE,Federal Contract Tower,4,1,10,0,15,0,0,42,0,42,4,1,52,0,57,157,0,157,214
07/10/2015,PVU,UT,ANM,WE,Federal Contract Tower,4,4,4,0,12,0,0,67,0,67,4,4,71,0,79,143,0,143,222
07/11/2015,PVU,UT,ANM,WE,Federal Contract Tower,0,6,7,0,13,0,0,43,0,43,0,6,50,0,56,76,2,78,134
07/12/2015,PVU,UT,ANM,WE,Federal Contract Tower,4,4,9,0,17,0,0,40,0,40,4,4,49,0,57,22,0,22,79
07/13/2015,PVU,UT,ANM,WE,Federal Contract Tower,3,4,6,0,13,0,0,100,0,100,3,4,106,0,113,226,0,226,339
07/14/2015,PVU,UT,ANM,WE,Federal Contract Tower,1,4,2,0,7,0,0,76,0,76,1,4,78,0,83,195,4,199,282
07/15/2015,PVU,UT,ANM,WE,Federal Contract Tower,2,2,15,0,19,0,0,73,0,73,2,2,88,0,92,216,0,216,308
07/16/2015,PVU,UT,ANM,WE,Federal Contract Tower,4,2,10,0,16,0,0,115,3,118,4,2,125,3,134,230,0,230,364
07/17/2015,PVU,UT,ANM,WE,Federal Contract Tower,4,2,7,0,13,0,0,55,0,55,4,2,62,0,68,197,0,197,265
07/18/2015,PVU,UT,ANM,WE,Federal Contract Tower,0,2,9,0,11,0,0,46,0,46,0,2,55,0,57,80,0,80,137
07/19/2015,PVU,UT,ANM,WE,Federal Contract Tower,4,0,8,0,12,0,0,28,1,29,4,0,36,1,41,24,4,28,69
07/20/2015,PVU,UT,ANM,WE,Federal Contract Tower,4,5,6,0,15,0,0,80,0,80,4,5,86,0,95,230,0,230,325
07/21/2015,PVU,UT,ANM,WE,Federal Contract Tower,0,1,11,0,12,0,1,85,0,86,0,2,96,0,98,260,1,261,359
07/22/2015,PVU,UT,ANM,WE,Federal Contract Tower,0,0,4,0,4,0,0,73,0,73,0,0,77,0,77,131,0,131,208
07/23/2015,PVU,UT,ANM,WE,Federal Contract Tower,4,5,20,1,30,0,0,112,3,115,4,5,132,4,145,306,2,308,453
07/24/2015,PVU,UT,ANM,WE,Federal Contract Tower,4,0,5,0,9,0,0,75,2,77,4,0,80,2,86,240,0,240,326
07/25/2015,PVU,UT,ANM,WE,Federal Contract Tower,0,2,9,0,11,0,0,49,0,49,0,2,58,0,60,104,0,104,164
07/26/2015,PVU,UT,ANM,WE,Federal Contract Tower,4,2,8,1,15,0,0,32,2,34,4,2,40,3,49,24,0,24,73
07/27/2015,PVU,UT,ANM,WE,Federal Contract Tower,4,1,4,0,9,0,0,61,0,61,4,1,65,0,70,155,0,155,225
07/28/2015,PVU,UT,ANM,WE,Federal Contract Tower,0,3,5,4,12,0,0,94,5,99,0,3,99,9,111,224,0,224,335
07/29/2015,PVU,UT,ANM,WE,Federal Contract Tower,1,1,9,0,11,0,0,91,0,91,1,1,100,0,102,295,0,295,397
07/30/2015,PVU,UT,ANM,WE,Federal Contract Tower,4,5,15,2,26,0,0,85,0,85,4,5,100,2,111,238,6,244,355
07/31/2015,PVU,UT,ANM,WE,Federal Contract Tower,4,0,2,0,6,0,0,72,0,72,4,0,74,0,78,202,0,202,280
08/01/2015,PVU,UT,ANM,WE,Federal Contract Tower,0,0,8,4,12,0,0,57,0,57,0,0,65,4,69,99,0,99,168
08/02/2015,PVU,UT,ANM,WE,Federal Contract Tower,4,7,10,0,21,0,0,18,0,18,4,7,28,0,39,4,0,4,43
08/03/2015,PVU,UT,ANM,WE,Federal Contract Tower,4,0,22,1,27,0,0,46,1,47,4,0,68,2,74,270,2,272,346
08/04/2015,PVU,UT,ANM,WE,Federal Contract Tower,0,3,5,0,8,0,0,78,0,78,0,3,83,0,86,181,0,181,267
08/05/2015,PVU,UT,ANM,WE,Federal Contract Tower,2,4,11,0,17,0,0,68,0,68,2,4,79,0,85,260,0,260,345
08/06/2015,PVU,UT,ANM,WE,Federal Contract Tower,4,4,10,0,18,0,9,105,0,114,4,13,115,0,132,292,0,292,424
08/07/2015,PVU,UT,ANM,WE,Federal Contract Tower,6,8,21,1,36,0,2,64,0,66,6,10,85,1,102,199,0,199,301
08/08/2015,PVU,UT,ANM,WE,Federal Contract Tower,0,1,5,0,6,0,0,38,3,41,0,1,43,3,47,110,0,110,157
08/09/2015,PVU,UT,ANM,WE,Federal Contract Tower,4,1,4,1,10,0,0,11,0,11,4,1,15,1,21,0,0,0,21
08/10/2015,PVU,UT,ANM,WE,Federal Contract Tower,4,3,6,0,13,0,0,59,0,59,4,3,65,0,72,155,0,155,227
08/11/2015,PVU,UT,ANM,WE,Federal Contract Tower,0,1,2,0,3,0,0,49,0,49,0,1,51,0,52,135,0,135,187
08/12/2015,PVU,UT,ANM,WE,Federal Contract Tower,2,5,7,0,14,0,0,64,0,64,2,5,71,0,78,171,2,173,251
08/13/2015,PVU,UT,ANM,WE,Federal Contract Tower,4,3,9,0,16,0,0,64,0,64,4,3,73,0,80,168,0,168,248
08/14/2015,PVU,UT,ANM,WE,Federal Contract Tower,4,3,7,0,14,0,0,67,0,67,4,3,74,0,81,107,0,107,188
08/15/2015,PVU,UT,ANM,WE,Federal Contract Tower,0,1,6,0,7,0,0,43,0,43,0,1,49,0,50,107,0,107,157
08/16/2015,PVU,UT,ANM,WE,Federal Contract Tower,4,5,3,0,12,0,0,23,0,23,4,5,26,0,35,2,0,2,37
08/17/2015,PVU,UT,ANM,WE,Federal Contract Tower,4,1,5,0,10,0,0,46,0,46,4,1,51,0,56,95,0,95,151
08/18/2015,PVU,UT,ANM,WE,Federal Contract Tower,0,2,6,0,8,0,0,60,0,60,0,2,66,0,68,198,0,198,266
08/19/2015,PVU,UT,ANM,WE,Federal Contract Tower,0,3,8,0,11,0,0,66,0,66,0,3,74,0,77,163,0,163,240
08/20/2015,PVU,UT,ANM,WE,Federal Contract Tower,4,2,16,0,22,0,0,66,0,66,4,2,82,0,88,114,0,114,202
08/21/2015,PVU,UT,ANM,WE,Federal Contract Tower,4,4,9,0,17,0,0,54,0,54,4,4,63,0,71,152,0,152,223
08/22/2015,PVU,UT,ANM,WE,Federal Contract Tower,0,2,7,1,10,0,0,59,0,59,0,2,66,1,69,139,0,139,208
08/23/2015,PVU,UT,ANM,WE,Federal Contract Tower,4,0,7,1,12,0,1,14,0,15,4,1,21,1,27,26,0,26,53
08/24/2015,PVU,UT,ANM,WE,Federal Contract Tower,4,1,9,0,14,0,0,80,1,81,4,1,89,1,95,199,0,199,294
08/25/2015,PVU,UT,ANM,WE,Federal Contract Tower,0,1,3,0,4,0,0,63,0,63,0,1,66,0,67,200,0,200,267
08/26/2015,PVU,UT,ANM,WE,Federal Contract Tower,0,4,10,0,14,0,0,56,0,56,0,4,66,0,70,249,0,249,319
08/27/2015,PVU,UT,ANM,WE,Federal Contract Tower,4,2,9,0,15,0,0,105,0,105,4,2,114,0,120,430,2,432,552
08/28/2015,PVU,UT,ANM,WE,Federal Contract Tower,4,2,9,0,15,0,0,101,0,101,4,2,110,0,116,380,0,380,496
08/29/2015,PVU,UT,ANM,WE,Federal Contract Tower,0,5,3,0,8,0,0,81,0,81,0,5,84,0,89,175,0,175,264
08/30/2015,PVU,UT,ANM,WE,Federal Contract Tower,4,2,8,0,14,0,0,20,0,20,4,2,28,0,34,23,0,23,57
08/31/2015,PVU,UT,ANM,WE,Federal Contract Tower,4,0,10,0,14,0,0,96,0,96,4,0,106,0,110,396,0,396,506
09/01/2015,PVU,UT,ANM,WE,Federal Contract Tower,0,9,11,0,20,0,0,77,0,77,0,9,88,0,97,389,0,389,486
09/02/2015,PVU,UT,ANM,WE,Federal Contract Tower,0,3,3,0,6,0,0,82,0,82,0,3,85,0,88,371,2,373,461
09/03/2015,PVU,UT,ANM,WE,Federal Contract Tower,4,2,9,0,15,0,0,86,0,86,4,2,95,0,101,384,0,384,485
09/04/2015,PVU,UT,ANM,WE,Federal Contract Tower,6,0,8,2,16,0,0,82,0,82,6,0,90,2,98,348,0,348,446
09/05/2015,PVU,UT,ANM,WE,Federal Contract Tower,0,1,2,0,3,0,0,13,0,13,0,1,15,0,16,36,0,36,52
09/06/2015,PVU,UT,ANM,WE,Federal Contract Tower,4,0,2,0,6,0,0,25,0,25,4,0,27,0,31,20,0,20,51
09/07/2015,PVU,UT,ANM,WE,Federal Contract Tower,4,1,3,0,8,0,0,77,0,77,4,1,80,0,85,221,0,221,306
09/08/2015,PVU,UT,ANM,WE,Federal Contract Tower,0,1,8,0,9,0,0,125,0,125,0,1,133,0,134,274,0,274,408
09/09/2015,PVU,UT,ANM,WE,Federal Contract Tower,0,2,15,0,17,0,0,89,0,89,0,2,104,0,106,313,0,313,419
09/10/2015,PVU,UT,ANM,WE,Federal Contract Tower,4,3,8,0,15,0,0,108,0,108,4,3,116,0,123,379,0,379,502
09/11/2015,PVU,UT,ANM,WE,Federal Contract Tower,5,3,10,0,18,0,0,84,0,84,5,3,94,0,102,296,0,296,398
09/12/2015,PVU,UT,ANM,WE,Federal Contract Tower,0,1,12,2,15,0,0,81,0,81,0,1,93,2,96,142,0,142,238
09/13/2015,PVU,UT,ANM,WE,Federal Contract Tower,5,2,8,0,15,0,0,31,0,31,5,2,39,0,46,2,0,2,48
09/14/2015,PVU,UT,ANM,WE,Federal Contract Tower,4,1,7,0,12,0,0,56,2,58,4,1,63,2,70,228,0,228,298
09/15/2015,PVU,UT,ANM,WE,Federal Contract Tower,2,4,20,0,26,0,0,50,0,50,2,4,70,0,76,219,0,219,295
09/16/2015,PVU,UT,ANM,WE,Federal Contract Tower,2,11,8,0,21,0,0,42,0,42,2,11,50,0,63,223,0,223,286
09/17/2015,PVU,UT,ANM,WE,Federal Contract Tower,4,2,8,0,14,0,0,87,0,87,4,2,95,0,101,356,0,356,457
09/18/2015,PVU,UT,ANM,WE,Federal Contract Tower,5,1,5,0,11,0,0,97,0,97,5,1,102,0,108,240,0,240,348
09/19/2015,PVU,UT,ANM,WE,Federal Contract Tower,0,1,7,0,8,0,0,71,0,71,0,1,78,0,79,155,0,155,234
09/20/2015,PVU,UT,ANM,WE,Federal Contract Tower,4,4,6,0,14,0,0,21,0,21,4,4,27,0,35,28,0,28,63
09/21/2015,PVU,UT,ANM,WE,Federal Contract Tower,4,2,2,0,8,0,0,85,3,88,4,2,87,3,96,283,0,283,379
09/22/2015,PVU,UT,ANM,WE,Federal Contract Tower,0,1,9,0,10,0,0,73,0,73,0,1,82,0,83,234,2,236,319
09/23/2015,PVU,UT,ANM,WE,Federal Contract Tower,0,0,7,0,7,0,0,82,0,82,0,0,89,0,89,367,0,367,456
09/24/2015,PVU,UT,ANM,WE,Federal Contract Tower,5,2,12,0,19,0,2,87,0,89,5,4,99,0,108,336,4,340,448
09/25/2015,PVU,UT,ANM,WE,Federal Contract Tower,6,0,5,0,11,0,0,83,0,83,6,0,88,0,94,307,0,307,401
09/26/2015,PVU,UT,ANM,WE,Federal Contract Tower,4,0,9,0,13,0,0,48,0,48,4,0,57,0,61,118,0,118,179
09/27/2015,PVU,UT,ANM,WE,Federal Contract Tower,4,2,3,0,9,0,0,11,0,11,4,2,14,0,20,6,0,6,26
09/28/2015,PVU,UT,ANM,WE,Federal Contract Tower,4,2,9,2,17,0,0,67,0,67,4,2,76,2,84,268,2,270,354
09/29/2015,PVU,UT,ANM,WE,Federal Contract Tower,0,6,7,0,13,0,0,66,0,66,0,6,73,0,79,324,0,324,403
09/30/2015,PVU,UT,ANM,WE,Federal Contract Tower,0,0,8,0,8,0,0,95,0,95,0,0,103,0,103,274,4,278,381
10/01/2015,PVU,UT,ANM,WE,Federal Contract Tower,5,3,11,0,19,0,0,80,0,80,5,3,91,0,99,295,0,295,394
10/02/2015,PVU,UT,ANM,WE,Federal Contract Tower,4,2,12,0,18,0,0,46,0,46,4,2,58,0,64,237,0,237,301
10/03/2015,PVU,UT,ANM,WE,Federal Contract Tower,0,1,10,0,11,0,0,39,0,39,0,1,49,0,50,176,0,176,226
10/04/2015,PVU,UT,ANM,WE,Federal Contract Tower,4,4,7,0,15,0,0,29,0,29,4,4,36,0,44,24,0,24,68
10/05/2015,PVU,UT,ANM,WE,Federal Contract Tower,4,2,3,0,9,0,11,96,0,107,4,13,99,0,116,393,0,393,509
10/06/2015,PVU,UT,ANM,WE,Federal Contract Tower,0,1,7,0,8,0,0,98,0,98,0,1,105,0,106,404,0,404,510
10/07/2015,PVU,UT,ANM,WE,Federal Contract Tower,0,1,6,3,10,0,0,112,3,115,0,1,118,6,125,315,14,329,454
10/08/2015,PVU,UT,ANM,WE,Federal Contract Tower,4,0,6,0,10,0,0,85,0,85,4,0,91,0,95,256,2,258,353
10/09/2015,PVU,UT,ANM,WE,Federal Contract Tower,5,2,13,0,20,0,0,80,0,80,5,2,93,0,100,192,0,192,292
10/10/2015,PVU,UT,ANM,WE,Federal Contract Tower,0,0,6,2,8,0,0,34,0,34,0,0,40,2,42,74,0,74,116
10/11/2015,PVU,UT,ANM,WE,Federal Contract Tower,5,3,5,2,15,0,0,22,0,22,5,3,27,2,37,8,0,8,45
10/12/2015,PVU,UT,ANM,WE,Federal Contract Tower,4,4,6,0,14,0,0,64,0,64,4,4,70,0,78,122,0,122,200
10/13/2015,PVU,UT,ANM,WE,Federal Contract Tower,0,0,10,0,10,0,0,72,2,74,0,0,82,2,84,230,0,230,314
10/14/2015,PVU,UT,ANM,WE,Federal Contract Tower,0,0,6,0,6,0,0,84,0,84,0,0,90,0,90,267,0,267,357
10/15/2015,PVU,UT,ANM,WE,Federal Contract Tower,5,4,11,0,20,0,0,77,0,77,5,4,88,0,97,343,0,343,440
10/16/2015,PVU,UT,ANM,WE,Federal Contract Tower,4,0,17,0,21,0,0,89,0,89,4,0,106,0,110,248,0,248,358
10/17/2015,PVU,UT,ANM,WE,Federal Contract Tower,0,1,12,0,13,0,0,40,0,40,0,1,52,0,53,90,0,90,143
10/18/2015,PVU,UT,ANM,WE,Federal Contract Tower,4,4,8,0,16,0,0,6,0,6,4,4,14,0,22,0,0,0,22
10/19/2015,PVU,UT,ANM,WE,Federal Contract Tower,4,7,0,0,11,0,0,63,0,63,4,7,63,0,74,298,2,300,374
10/20/2015,PVU,UT,ANM,WE,Federal Contract Tower,0,1,2,0,3,0,0,75,0,75,0,1,77,0,78,268,0,268,346
10/21/2015,PVU,UT,ANM,WE,Federal Contract Tower,2,2,7,0,11,0,2,85,0,87,2,4,92,0,98,284,0,284,382
10/22/2015,PVU,UT,ANM,WE,Federal Contract Tower,5,4,14,0,23,0,0,81,0,81,5,4,95,0,104,335,24,359,463
10/23/2015,PVU,UT,ANM,WE,Federal Contract Tower,4,0,4,0,8,0,0,93,0,93,4,0,97,0,101,324,0,324,425
10/24/2015,PVU,UT,ANM,WE,Federal Contract Tower,1,0,5,0,6,0,0,58,0,58,1,0,63,0,64,114,0,114,178
10/25/2015,PVU,UT,ANM,WE,Federal Contract Tower,6,0,1,0,7,0,0,16,0,16,6,0,17,0,23,16,0,16,39
10/26/2015,PVU,UT,ANM,WE,Federal Contract Tower,4,4,1,0,9,0,0,80,0,80,4,4,81,0,89,246,20,266,355
10/27/2015,PVU,UT,ANM,WE,Federal Contract Tower,0,1,2,0,3,0,0,65,2,67,0,1,67,2,70,175,4,179,249
10/28/2015,PVU,UT,ANM,WE,Federal Contract Tower,2,2,5,0,9,0,0,85,0,85,2,2,90,0,94,330,2,332,426
10/29/2015,PVU,UT,ANM,WE,Federal Contract Tower,6,4,9,0,19,0,0,64,0,64,6,4,73,0,83,220,0,220,303
10/30/2015,PVU,UT,ANM,WE,Federal Contract Tower,4,4,1,0,9,0,0,66,0,66,4,4,67,0,75,228,0,228,303
10/31/2015,PVU,UT,ANM,WE,Federal Contract Tower,0,3,3,0,6,0,0,58,0,58,0,3,61,0,64,158,6,164,228
11/01/2015,PVU,UT,ANM,WE,Federal Contract Tower,4,4,5,0,13,0,0,11,0,11,4,4,16,0,24,6,0,6,30
11/02/2015,PVU,UT,ANM,WE,Federal Contract Tower,4,0,4,0,8,0,0,70,0,70,4,0,74,0,78,230,0,230,308
11/03/2015,PVU,UT,ANM,WE,Federal Contract Tower,2,0,6,0,8,0,0,19,0,19,2,0,25,0,27,83,0,83,110
11/04/2015,PVU,UT,ANM,WE,Federal Contract Tower,4,1,10,2,17,0,1,45,7,53,4,2,55,9,70,159,0,159,229
11/05/2015,PVU,UT,ANM,WE,Federal Contract Tower,6,0,13,0,19,0,0,89,2,91,6,0,102,2,110,257,0,257,367
11/06/2015,PVU,UT,ANM,WE,Federal Contract Tower,4,0,14,0,18,0,0,63,0,63,4,0,77,0,81,282,0,282,363
11/07/2015,PVU,UT,ANM,WE,Federal Contract Tower,0,2,4,0,6,0,0,56,0,56,0,2,60,0,62,148,0,148,210
11/08/2015,PVU,UT,ANM,WE,Federal Contract Tower,4,1,4,0,9,0,0,14,0,14,4,1,18,0,23,54,0,54,77
11/09/2015,PVU,UT,ANM,WE,Federal Contract Tower,4,1,0,0,5,0,0,71,0,71,4,1,71,0,76,217,2,219,295
11/10/2015,PVU,UT,ANM,WE,Federal Contract Tower,0,3,5,0,8,0,0,2,0,2,0,3,7,0,10,13,0,13,23
11/11/2015,PVU,UT,ANM,WE,Federal Contract Tower,2,3,1,0,6,0,0,110,0,110,2,3,111,0,116,370,0,370,486
11/12/2015,PVU,UT,ANM,WE,Federal Contract Tower,4,3,4,0,11,0,0,73,0,73,4,3,77,0,84,252,0,252,336
11/13/2015,PVU,UT,ANM,WE,Federal Contract Tower,6,2,14,0,22,0,0,97,0,97,6,2,111,0,119,256,0,256,375
11/14/2015,PVU,UT,ANM,WE,Federal Contract Tower,0,2,3,0,5,0,2,54,0,56,0,4,57,0,61,82,0,82,143
11/15/2015,PVU,UT,ANM,WE,Federal Contract Tower,4,3,5,0,12,0,0,14,0,14,4,3,19,0,26,2,0,2,28
11/16/2015,PVU,UT,ANM,WE,Federal Contract Tower,4,2,2,0,8,0,0,1,0,1,4,2,3,0,9,0,0,0,9
11/17/2015,PVU,UT,ANM,WE,Federal Contract Tower,0,0,7,0,7,0,0,53,0,53,0,0,60,0,60,167,6,173,233
11/18/2015,PVU,UT,ANM,WE,Federal Contract Tower,2,0,5,0,7,0,0,63,1,64,2,0,68,1,71,220,2,222,293
11/19/2015,PVU,UT,ANM,WE,Federal Contract Tower,4,0,14,0,18,0,0,69,0,69,4,0,83,0,87,243,0,243,330
11/20/2015,PVU,UT,ANM,WE,Federal Contract Tower,5,0,10,0,15,0,0,55,0,55,5,0,65,0,70,118,2,120,190
11/21/2015,PVU,UT,ANM,WE,Federal Contract Tower,1,0,4,0,5,0,0,36,0,36,1,0,40,0,41,97,0,97,138
11/22/2015,PVU,UT,ANM,WE,Federal Contract Tower,4,0,4,0,8,0,0,6,0,6,4,0,10,0,14,22,0,22,36
11/23/2015,PVU,UT,ANM,WE,Federal Contract Tower,4,1,10,0,15,0,0,98,0,98,4,1,108,0,113,250,2,252,365
11/24/2015,PVU,UT,ANM,WE,Federal Contract Tower,0,0,13,0,13,0,1,99,0,100,0,1,112,0,113,151,0,151,264
11/25/2015,PVU,UT,ANM,WE,Federal Contract Tower,6,2,8,2,18,0,0,44,0,44,6,2,52,2,62,186,0,186,248
11/26/2015,PVU,UT,ANM,WE,Federal Contract Tower,0,0,1,0,1,0,0,4,0,4,0,0,5,0,5,10,0,10,15
11/27/2015,PVU,UT,ANM,WE,Federal Contract Tower,4,2,2,0,8,0,0,33,0,33,4,2,35,0,41,92,0,92,133
11/28/2015,PVU,UT,ANM,WE,Federal Contract Tower,4,2,4,0,10,0,0,26,0,26,4,2,30,0,36,48,0,48,84
11/29/2015,PVU,UT,ANM,WE,Federal Contract Tower,2,8,15,0,25,0,0,0,0,0,2,8,15,0,25,20,0,20,45
11/30/2015,PVU,UT,ANM,WE,Federal Contract Tower,5,2,14,2,23,0,2,70,0,72,5,4,84,2,95,228,2,230,325
12/01/2015,PVU,UT,ANM,WE,Federal Contract Tower,0,4,5,0,9,0,2,81,2,85,0,6,86,2,94,273,0,273,367
12/02/2015,PVU,UT,ANM,WE,Federal Contract Tower,2,0,8,0,10,0,2,62,0,64,2,2,70,0,74,262,0,262,336
12/03/2015,PVU,UT,ANM,WE,Federal Contract Tower,4,0,17,2,23,0,0,85,0,85,4,0,102,2,108,346,0,346,454
12/04/2015,PVU,UT,ANM,WE,Federal Contract Tower,4,1,14,0,19,0,0,86,0,86,4,1,100,0,105,140,0,140,245
12/05/2015,PVU,UT,ANM,WE,Federal Contract Tower,0,0,6,0,6,0,0,50,0,50,0,0,56,0,56,172,0,172,228
12/06/2015,PVU,UT,ANM,WE,Federal Contract Tower,4,3,2,0,9,0,0,8,0,8,4,3,10,0,17,24,0,24,41
12/07/2015,PVU,UT,ANM,WE,Federal Contract Tower,4,2,10,0,16,0,0,67,0,67,4,2,77,0,83,219,0,219,302
12/08/2015,PVU,UT,ANM,WE,Federal Contract Tower,0,2,10,0,12,0,0,84,0,84,0,2,94,0,96,342,0,342,438
12/09/2015,PVU,UT,ANM,WE,Federal Contract Tower,2,0,8,0,10,0,0,79,0,79,2,0,87,0,89,197,0,197,286
12/10/2015,PVU,UT,ANM,WE,Federal Contract Tower,5,2,11,0,18,0,0,43,0,43,5,2,54,0,61,172,1,173,234
12/11/2015,PVU,UT,ANM,WE,Federal Contract Tower,4,2,5,0,11,0,0,76,0,76,4,2,81,0,87,242,0,242,329
12/12/2015,PVU,UT,ANM,WE,Federal Contract Tower,0,2,4,0,6,0,0,34,0,34,0,2,38,0,40,162,2,164,204
12/13/2015,PVU,UT,ANM,WE,Federal Contract Tower,4,1,5,0,10,0,0,17,0,17,4,1,22,0,27,40,0,40,67
12/14/2015,PVU,UT,ANM,WE,Federal Contract Tower,4,0,5,0,9,0,0,0,0,0,4,0,5,0,9,2,0,2,11
12/15/2015,PVU,UT,ANM,WE,Federal Contract Tower,0,2,5,0,7,0,0,35,0,35,0,2,40,0,42,140,20,160,202
12/16/2015,PVU,UT,ANM,WE,Federal Contract Tower,2,1,7,3,13,0,0,53,0,53,2,1,60,3,66,142,0,142,208
12/17/2015,PVU,UT,ANM,WE,Federal Contract Tower,4,4,6,0,14,0,0,85,0,85,4,4,91,0,99,174,0,174,273
12/18/2015,PVU,UT,ANM,WE,Federal Contract Tower,3,2,11,0,16,0,0,79,0,79,3,2,90,0,95,188,0,188,283
12/19/2015,PVU,UT,ANM,WE,Federal Contract Tower,1,62,0,0,63,0,0,41,0,41,1,62,41,0,104,12,2,14,118
12/20/2015,PVU,UT,ANM,WE,Federal Contract Tower,4,3,5,0,12,0,0,0,0,0,4,3,5,0,12,0,0,0,12
12/21/2015,PVU,UT,ANM,WE,Federal Contract Tower,2,7,15,0,24,0,0,21,0,21,2,7,36,0,45,38,0,38,83
12/22/2015,PVU,UT,ANM,WE,Federal Contract Tower,0,4,10,0,14,0,0,0,0,0,0,4,10,0,14,0,0,0,14
12/23/2015,PVU,UT,ANM,WE,Federal Contract Tower,1,2,10,0,13,0,0,3,0,3,1,2,13,0,16,10,0,10,26
12/24/2015,PVU,UT,ANM,WE,Federal Contract Tower,6,1,1,0,8,0,0,9,0,9,6,1,10,0,17,17,0,17,34
12/25/2015,PVU,UT,ANM,WE,Federal Contract Tower,0,4,0,0,4,0,0,1,0,1,0,4,1,0,5,0,0,0,5
12/26/2015,PVU,UT,ANM,WE,Federal Contract Tower,7,1,8,0,16,0,5,14,0,19,7,6,22,0,35,8,0,8,43
12/27/2015,PVU,UT,ANM,WE,Federal Contract Tower,4,0,7,0,11,0,0,8,0,8,4,0,15,0,19,10,0,10,29
12/28/2015,PVU,UT,ANM,WE,Federal Contract Tower,5,0,4,0,9,0,0,43,0,43,5,0,47,0,52,96,0,96,148
12/29/2015,PVU,UT,ANM,WE,Federal Contract Tower,0,6,4,0,10,0,0,2,0,2,0,6,6,0,12,0,0,0,12
12/30/2015,PVU,UT,ANM,WE,Federal Contract Tower,5,3,6,0,14,0,0,20,0,20,5,3,26,0,34,42,0,42,76
12/31/2015,PVU,UT,ANM,WE,Federal Contract Tower,2,4,3,0,9,0,0,32,0,32,2,4,35,0,41,52,0,52,93
01/01/2016,PVU,UT,ANM,WE,Federal Contract Tower,0,2,4,0,6,0,0,13,0,13,0,2,17,0,19,30,0,30,49
01/02/2016,PVU,UT,ANM,WE,Federal Contract Tower,6,9,6,0,21,0,0,44,0,44,6,9,50,0,65,118,0,118,183
01/03/2016,PVU,UT,ANM,WE,Federal Contract Tower,2,0,16,0,18,0,0,3,0,3,2,0,19,0,21,18,0,18,39
01/04/2016,PVU,UT,ANM,WE,Federal Contract Tower,4,2,8,0,14,0,0,54,0,54,4,2,62,0,68,130,0,130,198
01/05/2016,PVU,UT,ANM,WE,Federal Contract Tower,0,5,9,0,14,0,0,39,0,39,0,5,48,0,53,139,0,139,192
01/06/2016,PVU,UT,ANM,WE,Federal Contract Tower,0,2,3,0,5,0,0,31,0,31,0,2,34,0,36,148,0,148,184
01/07/2016,PVU,UT,ANM,WE,Federal Contract Tower,4,12,20,0,36,0,0,39,0,39,4,12,59,0,75,102,0,102,177
01/08/2016,PVU,UT,ANM,WE,Federal Contract Tower,4,0,15,0,19,0,0,18,0,18,4,0,33,0,37,168,0,168,205
01/09/2016,PVU,UT,ANM,WE,Federal Contract Tower,0,4,4,0,8,0,0,25,0,25,0,4,29,0,33,100,0,100,133
01/10/2016,PVU,UT,ANM,WE,Federal Contract Tower,4,5,4,0,13,0,0,3,4,7,4,5,7,4,20,8,0,8,28
01/11/2016,PVU,UT,ANM,WE,Federal Contract Tower,4,3,8,0,15,0,0,90,0,90,4,3,98,0,105,279,0,279,384
01/12/2016,PVU,UT,ANM,WE,Federal Contract Tower,0,2,10,0,12,0,0,104,0,104,0,2,114,0,116,224,0,224,340
01/13/2016,PVU,UT,ANM,WE,Federal Contract Tower,0,4,18,0,22,0,0,113,0,113,0,4,131,0,135,302,0,302,437
01/14/2016,PVU,UT,ANM,WE,Federal Contract Tower,4,2,14,0,20,0,0,59,0,59,4,2,73,0,79,315,0,315,394
01/15/2016,PVU,UT,ANM,WE,Federal Contract Tower,4,3,6,0,13,0,0,29,0,29,4,3,35,0,42,97,0,97,139
01/16/2016,PVU,UT,ANM,WE,Federal Contract Tower,0,0,5,0,5,0,0,29,0,29,0,0,34,0,34,72,0,72,106
01/17/2016,PVU,UT,ANM,WE,Federal Contract Tower,0,2,3,0,5,0,0,0,0,0,0,2,3,0,5,0,0,0,5
01/18/2016,PVU,UT,ANM,WE,Federal Contract Tower,8,5,11,0,24,0,0,25,0,25,8,5,36,0,49,172,0,172,221
01/19/2016,PVU,UT,ANM,WE,Federal Contract Tower,0,2,11,1,14,0,0,73,0,73,0,2,84,1,87,237,0,237,324
01/20/2016,PVU,UT,ANM,WE,Federal Contract Tower,0,0,11,1,12,0,0,60,0,60,0,0,71,1,72,186,0,186,258
01/21/2016,PVU,UT,ANM,WE,Federal Contract Tower,4,5,9,0,18,0,1,122,0,123,4,6,131,0,141,333,2,335,476
01/22/2016,PVU,UT,ANM,WE,Federal Contract Tower,4,0,17,0,21,0,0,94,0,94,4,0,111,0,115,235,0,235,350
01/23/2016,PVU,UT,ANM,WE,Federal Contract Tower,0,4,5,0,9,0,0,43,0,43,0,4,48,0,52,102,0,102,154
01/24/2016,PVU,UT,ANM,WE,Federal Contract Tower,4,3,10,0,17,0,0,0,0,0,4,3,10,0,17,0,0,0,17
01/25/2016,PVU,UT,ANM,WE,Federal Contract Tower,4,6,13,0,23,0,0,83,0,83,4,6,96,0,106,232,2,234,340
01/26/2016,PVU,UT,ANM,WE,Federal Contract Tower,0,2,10,2,14,0,0,80,1,81,0,2,90,3,95,264,0,264,359
01/27/2016,PVU,UT,ANM,WE,Federal Contract Tower,0,0,6,0,6,0,2,91,0,93,0,2,97,0,99,249,0,249,348
01/28/2016,PVU,UT,ANM,WE,Federal Contract Tower,4,1,7,4,16,0,0,82,0,82,4,1,89,4,98,216,6,222,320
01/29/2016,PVU,UT,ANM,WE,Federal Contract Tower,4,2,6,0,12,0,0,42,0,42,4,2,48,0,54,176,0,176,230
01/30/2016,PVU,UT,ANM,WE,Federal Contract Tower,0,0,4,0,4,0,0,1,0,1,0,0,5,0,5,0,0,0,5
01/31/2016,PVU,UT,ANM,WE,Federal Contract Tower,4,0,7,0,11,0,1,0,0,1,4,1,7,0,12,0,0,0,12
02/01/2016,PVU,UT,ANM,WE,Federal Contract Tower,2,3,4,0,9,0,0,0,0,0,2,3,4,0,9,0,0,0,9
02/02/2016,PVU,UT,ANM,WE,Federal Contract Tower,2,4,8,0,14,0,0,33,0,33,2,4,41,0,47,142,0,142,189
02/03/2016,PVU,UT,ANM,WE,Federal Contract Tower,0,3,11,0,14,0,0,95,0,95,0,3,106,0,109,304,0,304,413
02/04/2016,PVU,UT,ANM,WE,Federal Contract Tower,4,0,16,0,20,0,0,18,0,18,4,0,34,0,38,73,0,73,111
02/05/2016,PVU,UT,ANM,WE,Federal Contract Tower,4,0,10,0,14,0,0,72,0,72,4,0,82,0,86,250,0,250,336
02/06/2016,PVU,UT,ANM,WE,Federal Contract Tower,0,0,6,0,6,0,2,43,2,47,0,2,49,2,53,136,0,136,189
02/07/2016,PVU,UT,ANM,WE,Federal Contract Tower,4,0,11,0,15,0,0,8,0,8,4,0,19,0,23,6,0,6,29
02/08/2016,PVU,UT,ANM,WE,Federal Contract Tower,4,3,10,0,17,0,0,61,0,61,4,3,71,0,78,181,4,185,263
02/09/2016,PVU,UT,ANM,WE,Federal Contract Tower,0,2,11,1,14,0,0,50,0,50,0,2,61,1,64,209,4,213,277
02/10/2016,PVU,UT,ANM,WE,Federal Contract Tower,0,0,10,0,10,0,0,13,0,13,0,0,23,0,23,38,0,38,61
02/11/2016,PVU,UT,ANM,WE,Federal Contract Tower,0,0,10,0,10,0,0,0,0,0,0,0,10,0,10,0,0,0,10
02/12/2016,PVU,UT,ANM,WE,Federal Contract Tower,0,0,6,0,6,0,0,0,0,0,0,0,6,0,6,0,0,0,6
02/13/2016,PVU,UT,ANM,WE,Federal Contract Tower,0,1,10,0,11,0,0,0,0,0,0,1,10,0,11,0,0,0,11
02/14/2016,PVU,UT,ANM,WE,Federal Contract Tower,4,4,7,0,15,0,0,0,0,0,4,4,7,0,15,0,0,0,15
02/15/2016,PVU,UT,ANM,WE,Federal Contract Tower,4,3,12,0,19,0,0,32,0,32,4,3,44,0,51,96,0,96,147
02/16/2016,PVU,UT,ANM,WE,Federal Contract Tower,0,3,15,0,18,0,0,105,0,105,0,3,120,0,123,273,0,273,396
02/17/2016,PVU,UT,ANM,WE,Federal Contract Tower,2,3,16,0,21,0,2,88,0,90,2,5,104,0,111,314,0,314,425
02/18/2016,PVU,UT,ANM,WE,Federal Contract Tower,5,2,5,0,12,0,0,19,0,19,5,2,24,0,31,71,0,71,102
02/19/2016,PVU,UT,ANM,WE,Federal Contract Tower,4,0,4,0,8,0,0,113,0,113,4,0,117,0,121,335,0,335,456
02/20/2016,PVU,UT,ANM,WE,Federal Contract Tower,0,0,10,0,10,0,0,82,0,82,0,0,92,0,92,194,0,194,286
02/21/2016,PVU,UT,ANM,WE,Federal Contract Tower,4,0,4,0,8,0,0,28,0,28,4,0,32,0,36,38,0,38,74
02/22/2016,PVU,UT,ANM,WE,Federal Contract Tower,4,6,7,0,17,0,0,9,0,9,4,6,16,0,26,48,0,48,74
02/23/2016,PVU,UT,ANM,WE,Federal Contract Tower,0,2,8,0,10,0,0,90,0,90,0,2,98,0,100,332,0,332,432
02/24/2016,PVU,UT,ANM,WE,Federal Contract Tower,2,1,8,2,13,0,0,89,0,89,2,1,97,2,102,232,0,232,334
02/25/2016,PVU,UT,ANM,WE,Federal Contract Tower,4,2,8,0,14,0,0,96,0,96,4,2,104,0,110,288,0,288,398
02/26/2016,PVU,UT,ANM,WE,Federal Contract Tower,4,1,4,0,9,0,0,74,0,74,4,1,78,0,83,240,0,240,323
02/27/2016,PVU,UT,ANM,WE,Federal Contract Tower,0,7,7,2,16,0,0,49,0,49,0,7,56,2,65,163,0,163,228
02/28/2016,PVU,UT,ANM,WE,Federal Contract Tower,4,2,5,0,11,0,0,17,0,17,4,2,22,0,28,0,0,0,28
02/29/2016,PVU,UT,ANM,WE,Federal Contract Tower,4,0,7,0,11,0,2,70,0,72,4,2,77,0,83,250,0,250,333
03/01/2016,PVU,UT,ANM,WE,Federal Contract Tower,0,2,4,0,6,0,0,82,0,82,0,2,86,0,88,252,4,256,344
03/02/2016,PVU,UT,ANM,WE,Federal Contract Tower,2,1,10,0,13,0,0,121,1,122,2,1,131,1,135,304,1,305,440
03/03/2016,PVU,UT,ANM,WE,Federal Contract Tower,4,2,12,0,18,0,0,84,0,84,4,2,96,0,102,178,0,178,280
03/04/2016,PVU,UT,ANM,WE,Federal Contract Tower,4,2,0,1,7,0,0,86,1,87,4,2,86,2,94,244,0,244,338
03/05/2016,PVU,UT,ANM,WE,Federal Contract Tower,0,0,7,0,7,0,0,54,0,54,0,0,61,0,61,172,0,172,233
03/06/2016,PVU,UT,ANM,WE,Federal Contract Tower,4,5,6,0,15,0,0,0,0,0,4,5,6,0,15,12,0,12,27
03/07/2016,PVU,UT,ANM,WE,Federal Contract Tower,4,3,3,0,10,0,0,89,0,89,4,3,92,0,99,262,1,263,362
03/08/2016,PVU,UT,ANM,WE,Federal Contract Tower,0,2,10,0,12,0,2,86,0,88,0,4,96,0,100,168,0,168,268
03/09/2016,PVU,UT,ANM,WE,Federal Contract Tower,2,3,14,0,19,0,0,82,0,82,2,3,96,0,101,174,0,174,275
03/10/2016,PVU,UT,ANM,WE,Federal Contract Tower,4,0,7,0,11,0,0,100,0,100,4,0,107,0,111,290,2,292,403
03/11/2016,PVU,UT,ANM,WE,Federal Contract Tower,4,0,9,0,13,0,0,59,0,59,4,0,68,0,72,240,0,240,312
03/12/2016,PVU,UT,ANM,WE,Federal Contract Tower,0,0,4,0,4,0,0,66,4,70,0,0,70,4,74,136,0,136,210
03/13/2016,PVU,UT,ANM,WE,Federal Contract Tower,4,0,8,0,12,0,0,34,0,34,4,0,42,0,46,38,0,38,84
03/14/2016,PVU,UT,ANM,WE,Federal Contract Tower,4,1,8,0,13,0,0,6,0,6,4,1,14,0,19,40,0,40,59
03/15/2016,PVU,UT,ANM,WE,Federal Contract Tower,0,2,8,0,10,0,0,67,0,67,0,2,75,0,77,178,0,178,255
03/16/2016,PVU,UT,ANM,WE,Federal Contract Tower,2,0,8,0,10,0,1,80,0,81,2,1,88,0,91,264,4,268,359
03/17/2016,PVU,UT,ANM,WE,Federal Contract Tower,4,1,9,0,14,0,0,75,0,75,4,1,84,0,89,166,0,166,255
03/18/2016,PVU,UT,ANM,WE,Federal Contract Tower,4,3,16,0,23,0,0,73,0,73,4,3,89,0,96,192,0,192,288
03/19/2016,PVU,UT,ANM,WE,Federal Contract Tower,0,5,5,1,11,0,2,45,0,47,0,7,50,1,58,72,0,72,130
03/20/2016,PVU,UT,ANM,WE,Federal Contract Tower,7,1,8,0,16,0,2,19,0,21,7,3,27,0,37,0,0,0,37
03/21/2016,PVU,UT,ANM,WE,Federal Contract Tower,4,2,6,0,12,0,0,85,0,85,4,2,91,0,97,228,0,228,325
03/22/2016,PVU,UT,ANM,WE,Federal Contract Tower,0,6,4,0,10,0,0,12,0,12,0,6,16,0,22,48,0,48,70
03/23/2016,PVU,UT,ANM,WE,Federal Contract Tower,2,1,3,0,6,0,0,28,0,28,2,1,31,0,34,144,2,146,180
03/24/2016,PVU,UT,ANM,WE,Federal Contract Tower,4,3,11,0,18,0,93,0,0,93,4,96,11,0,111,253,10,263,374
03/25/2016,PVU,UT,ANM,WE,Federal Contract Tower,4,2,10,0,16,0,0,56,0,56,4,2,66,0,72,236,0,236,308
03/26/2016,PVU,UT,ANM,WE,Federal Contract Tower,0,4,6,0,10,0,0,59,0,59,0,4,65,0,69,160,0,160,229
03/27/2016,PVU,UT,ANM,WE,Federal Contract Tower,5,2,2,0,9,0,2,9,0,11,5,4,11,0,20,0,0,0,20
03/28/2016,PVU,UT,ANM,WE,Federal Contract Tower,4,2,14,0,20,0,0,8,0,8,4,2,22,0,28,48,0,48,76
03/29/2016,PVU,UT,ANM,WE,Federal Contract Tower,0,1,13,0,14,0,3,6,0,9,0,4,19,0,23,0,0,0,23
03/30/2016,PVU,UT,ANM,WE,Federal Contract Tower,3,4,4,0,11,0,2,71,0,73,3,6,75,0,84,181,4,185,269
03/31/2016,PVU,UT,ANM,WE,Federal Contract Tower,4,0,7,0,11,0,8,29,1,38,4,8,36,1,49,108,10,118,167
04/01/2016,PVU,UT,ANM,WE,Federal Contract Tower,4,5,5,0,14,0,0,99,0,99,4,5,104,0,113,283,0,283,396
04/02/2016,PVU,UT,ANM,WE,Federal Contract Tower,0,2,12,0,14,0,2,75,0,77,0,4,87,0,91,180,0,180,271
04/03/2016,PVU,UT,ANM,WE,Federal Contract Tower,4,1,6,0,11,0,2,11,0,13,4,3,17,0,24,40,0,40,64
04/04/2016,PVU,UT,ANM,WE,Federal Contract Tower,4,0,7,0,11,0,0,76,2,78,4,0,83,2,89,254,2,256,345
04/05/2016,PVU,UT,ANM,WE,Federal Contract Tower,0,2,8,0,10,0,2,60,0,62,0,4,68,0,72,142,0,142,214
04/06/2016,PVU,UT,ANM,WE,Federal Contract Tower,2,2,8,0,12,0,0,98,0,98,2,2,106,0,110,278,0,278,388
04/07/2016,PVU,UT,ANM,WE,Federal Contract Tower,4,1,8,1,14,0,0,85,1,86,4,1,93,2,100,210,2,212,312
04/08/2016,PVU,UT,ANM,WE,Federal Contract Tower,4,5,11,2,22,0,4,51,0,55,4,9,62,2,77,106,0,106,183
04/09/2016,PVU,UT,ANM,WE,Federal Contract Tower,0,5,10,0,15,0,0,57,4,61,0,5,67,4,76,148,0,148,224
04/10/2016,PVU,UT,ANM,WE,Federal Contract Tower,4,2,6,1,13,0,0,8,0,8,4,2,14,1,21,22,0,22,43
04/11/2016,PVU,UT,ANM,WE,Federal Contract Tower,4,0,7,0,11,0,0,82,0,82,4,0,89,0,93,282,0,282,375
04/12/2016,PVU,UT,ANM,WE,Federal Contract Tower,0,3,19,0,22,0,0,98,0,98,0,3,117,0,120,278,0,278,398
04/13/2016,PVU,UT,ANM,WE,Federal Contract Tower,2,0,2,0,4,0,1,63,0,64,2,1,65,0,68,210,0,210,278
04/14/2016,PVU,UT,ANM,WE,Federal Contract Tower,4,0,7,0,11,0,4,25,0,29,4,4,32,0,40,60,0,60,100
04/15/2016,PVU,UT,ANM,WE,Federal Contract Tower,4,2,10,0,16,0,0,33,0,33,4,2,43,0,49,157,0,157,206
04/16/2016,PVU,UT,ANM,WE,Federal Contract Tower,2,0,5,0,7,0,0,44,0,44,2,0,49,0,51,72,0,72,123
04/17/2016,PVU,UT,ANM,WE,Federal Contract Tower,4,0,9,0,13,0,0,13,0,13,4,0,22,0,26,31,0,31,57
04/18/2016,PVU,UT,ANM,WE,Federal Contract Tower,4,0,5,0,9,0,0,81,0,81,4,0,86,0,90,264,0,264,354
04/19/2016,PVU,UT,ANM,WE,Federal Contract Tower,0,2,8,0,10,0,0,88,0,88,0,2,96,0,98,194,2,196,294
04/20/2016,PVU,UT,ANM,WE,Federal Contract Tower,2,2,10,1,15,0,2,100,0,102,2,4,110,1,117,176,0,176,293
04/21/2016,PVU,UT,ANM,WE,Federal Contract Tower,4,3,9,0,16,0,0,79,0,79,4,3,88,0,95,164,2,166,261
04/22/2016,PVU,UT,ANM,WE,Federal Contract Tower,4,1,8,0,13,0,0,47,0,47,4,1,55,0,60,94,0,94,154
04/23/2016,PVU,UT,ANM,WE,Federal Contract Tower,2,2,8,0,12,0,6,7,0,13,2,8,15,0,25,4,0,4,29
04/24/2016,PVU,UT,ANM,WE,Federal Contract Tower,4,1,1,0,6,0,0,17,0,17,4,1,18,0,23,32,0,32,55
04/25/2016,PVU,UT,ANM,WE,Federal Contract Tower,4,1,6,0,11,0,0,33,0,33,4,1,39,0,44,102,0,102,146
04/26/2016,PVU,UT,ANM,WE,Federal Contract Tower,0,1,5,2,8,0,0,16,0,16,0,1,21,2,24,42,4,46,70
04/27/2016,PVU,UT,ANM,WE,Federal Contract Tower,2,4,7,1,14,0,0,58,0,58,2,4,65,1,72,217,6,223,295
04/28/2016,PVU,UT,ANM,WE,Federal Contract Tower,4,7,4,0,15,0,0,36,0,36,4,7,40,0,51,144,4,148,199
04/29/2016,PVU,UT,ANM,WE,Federal Contract Tower,4,5,3,0,12,0,0,55,0,55,4,5,58,0,67,116,0,116,183
04/30/2016,PVU,UT,ANM,WE,Federal Contract Tower,2,3,7,0,12,0,0,45,2,47,2,3,52,2,59,160,0,160,219
05/01/2016,PVU,UT,ANM,WE,Federal Contract Tower,4,6,3,0,13,0,0,5,1,6,4,6,8,1,19,8,0,8,27
05/02/2016,PVU,UT,ANM,WE,Federal Contract Tower,4,0,10,0,14,0,0,83,0,83,4,0,93,0,97,228,0,228,325
05/03/2016,PVU,UT,ANM,WE,Federal Contract Tower,0,3,12,0,15,0,7,84,0,91,0,10,96,0,106,198,0,198,304
05/04/2016,PVU,UT,ANM,WE,Federal Contract Tower,2,3,16,0,21,0,0,66,0,66,2,3,82,0,87,148,0,148,235
05/05/2016,PVU,UT,ANM,WE,Federal Contract Tower,4,3,7,0,14,0,0,66,0,66,4,3,73,0,80,152,0,152,232
05/06/2016,PVU,UT,ANM,WE,Federal Contract Tower,4,0,9,0,13,0,0,23,0,23,4,0,32,0,36,46,4,50,86
05/07/2016,PVU,UT,ANM,WE,Federal Contract Tower,2,3,13,0,18,0,0,29,0,29,2,3,42,0,47,102,0,102,149
05/08/2016,PVU,UT,ANM,WE,Federal Contract Tower,4,0,5,0,9,0,0,1,2,3,4,0,6,2,12,0,0,0,12
05/09/2016,PVU,UT,ANM,WE,Federal Contract Tower,4,5,11,0,20,0,0,51,0,51,4,5,62,0,71,148,0,148,219
05/10/2016,PVU,UT,ANM,WE,Federal Contract Tower,0,3,5,0,8,0,0,100,0,100,0,3,105,0,108,254,2,256,364
05/11/2016,PVU,UT,ANM,WE,Federal Contract Tower,2,0,4,0,6,0,0,102,0,102,2,0,106,0,108,281,0,281,389
05/12/2016,PVU,UT,ANM,WE,Federal Contract Tower,4,2,2,2,10,0,2,91,4,97,4,4,93,6,107,212,4,216,323
05/13/2016,PVU,UT,ANM,WE,Federal Contract Tower,4,0,11,2,17,0,2,87,1,90,4,2,98,3,107,202,0,202,309
05/14/2016,PVU,UT,ANM,WE,Federal Contract Tower,2,0,3,2,7,0,2,77,0,79,2,2,80,2,86,70,0,70,156
05/15/2016,PVU,UT,ANM,WE,Federal Contract Tower,4,0,6,0,10,0,2,11,0,13,4,2,17,0,23,13,0,13,36
05/16/2016,PVU,UT,ANM,WE,Federal Contract Tower,4,1,4,0,9,0,0,66,0,66,4,1,70,0,75,158,0,158,233
05/17/2016,PVU,UT,ANM,WE,Federal Contract Tower,0,2,16,0,18,0,2,50,0,52,0,4,66,0,70,148,0,148,218
05/18/2016,PVU,UT,ANM,WE,Federal Contract Tower,2,1,8,0,11,0,0,109,0,109,2,1,117,0,120,215,0,215,335
05/19/2016,PVU,UT,ANM,WE,Federal Contract Tower,4,3,6,0,13,0,0,81,0,81,4,3,87,0,94,134,0,134,228
05/20/2016,PVU,UT,ANM,WE,Federal Contract Tower,4,0,8,0,12,0,0,34,0,34,4,0,42,0,46,52,0,52,98
05/21/2016,PVU,UT,ANM,WE,Federal Contract Tower,0,1,8,2,11,0,0,27,0,27,0,1,35,2,38,38,0,38,76
05/22/2016,PVU,UT,ANM,WE,Federal Contract Tower,4,1,8,0,13,0,0,7,0,7,4,1,15,0,20,0,0,0,20
05/23/2016,PVU,UT,ANM,WE,Federal Contract Tower,4,1,11,1,17,0,0,103,4,107,4,1,114,5,124,286,0,286,410
05/24/2016,PVU,UT,ANM,WE,Federal Contract Tower,0,3,4,3,10,0,0,73,11,84,0,3,77,14,94,242,0,242,336
05/25/2016,PVU,UT,ANM,WE,Federal Contract Tower,2,1,6,0,9,0,0,87,2,89,2,1,93,2,98,174,0,174,272
05/26/2016,PVU,UT,ANM,WE,Federal Contract Tower,4,2,7,0,13,0,0,84,0,84,4,2,91,0,97,292,0,292,389
05/27/2016,PVU,UT,ANM,WE,Federal Contract Tower,3,4,12,0,19,0,0,102,0,102,3,4,114,0,121,190,0,190,311
05/28/2016,PVU,UT,ANM,WE,Federal Contract Tower,0,0,4,0,4,0,0,50,0,50,0,0,54,0,54,96,0,96,150
05/29/2016,PVU,UT,ANM,WE,Federal Contract Tower,4,1,3,0,8,0,0,10,0,10,4,1,13,0,18,14,0,14,32
05/30/2016,PVU,UT,ANM,WE,Federal Contract Tower,2,3,7,0,12,0,0,91,0,91,2,3,98,0,103,222,0,222,325
05/31/2016,PVU,UT,ANM,WE,Federal Contract Tower,0,1,3,0,4,0,0,85,0,85,0,1,88,0,89,254,0,254,343
06/01/2016,PVU,UT,ANM,WE,Federal Contract Tower,2,0,12,0,14,0,0,84,0,84,2,0,96,0,98,202,0,202,300
06/02/2016,PVU,UT,ANM,WE,Federal Contract Tower,3,0,11,0,14,0,1,81,0,82,3,1,92,0,96,158,0,158,254
06/03/2016,PVU,UT,ANM,WE,Federal Contract Tower,2,0,10,1,13,0,0,95,1,96,2,0,105,2,109,224,0,224,333
06/04/2016,PVU,UT,ANM,WE,Federal Contract Tower,0,9,2,0,11,0,0,56,0,56,0,9,58,0,67,138,0,138,205
06/05/2016,PVU,UT,ANM,WE,Federal Contract Tower,3,0,4,0,7,0,0,15,0,15,3,0,19,0,22,10,0,10,32
06/06/2016,PVU,UT,ANM,WE,Federal Contract Tower,3,1,9,0,13,0,0,88,1,89,3,1,97,1,102,258,6,264,366
06/07/2016,PVU,UT,ANM,WE,Federal Contract Tower,5,3,10,0,18,0,0,93,0,93,5,3,103,0,111,220,0,220,331
06/08/2016,PVU,UT,ANM,WE,Federal Contract Tower,2,1,12,0,15,0,2,84,0,86,2,3,96,0,101,272,0,272,373
06/09/2016,PVU,UT,ANM,WE,Federal Contract Tower,4,1,8,0,13,0,0,88,0,88,4,1,96,0,101,190,0,190,291
06/10/2016,PVU,UT,ANM,WE,Federal Contract Tower,3,0,7,0,10,0,1,117,0,118,3,1,124,0,128,238,0,238,366
06/11/2016,PVU,UT,ANM,WE,Federal Contract Tower,2,0,9,0,11,0,0,22,1,23,2,0,31,1,34,42,0,42,76
06/12/2016,PVU,UT,ANM,WE,Federal Contract Tower,4,1,6,0,11,0,0,22,0,22,4,1,28,0,33,7,0,7,40
06/13/2016,PVU,UT,ANM,WE,Federal Contract Tower,4,0,8,0,12,0,0,73,0,73,4,0,81,0,85,268,0,268,353
06/14/2016,PVU,UT,ANM,WE,Federal Contract Tower,4,0,10,0,14,0,0,94,0,94,4,0,104,0,108,260,0,260,368
06/15/2016,PVU,UT,ANM,WE,Federal Contract Tower,2,1,10,0,13,0,0,56,2,58,2,1,66,2,71,226,0,226,297
06/16/2016,PVU,UT,ANM,WE,Federal Contract Tower,3,1,16,0,20,0,0,96,0,96,3,1,112,0,116,208,0,208,324
06/17/2016,PVU,UT,ANM,WE,Federal Contract Tower,3,4,15,0,22,0,0,106,0,106,3,4,121,0,128,208,0,208,336
06/18/2016,PVU,UT,ANM,WE,Federal Contract Tower,2,4,2,0,8,0,0,52,0,52,2,4,54,0,60,118,0,118,178
06/19/2016,PVU,UT,ANM,WE,Federal Contract Tower,4,2,4,0,10,0,0,25,0,25,4,2,29,0,35,50,0,50,85
06/20/2016,PVU,UT,ANM,WE,Federal Contract Tower,1,2,5,3,11,0,0,99,0,99,1,2,104,3,110,212,2,214,324
06/21/2016,PVU,UT,ANM,WE,Federal Contract Tower,7,0,5,2,14,0,1,81,0,82,7,1,86,2,96,208,0,208,304
06/22/2016,PVU,UT,ANM,WE,Federal Contract Tower,2,2,19,0,23,0,0,95,4,99,2,2,114,4,122,172,2,174,296
06/23/2016,PVU,UT,ANM,WE,Federal Contract Tower,4,0,10,0,14,0,0,89,2,91,4,0,99,2,105,184,0,184,289
06/24/2016,PVU,UT,ANM,WE,Federal Contract Tower,4,2,8,1,15,0,2,89,0,91,4,4,97,1,106,192,0,192,298
06/25/2016,PVU,UT,ANM,WE,Federal Contract Tower,2,0,4,0,6,0,0,62,0,62,2,0,66,0,68,106,0,106,174
06/26/2016,PVU,UT,ANM,WE,Federal Contract Tower,4,3,8,0,15,0,0,0,0,0,4,3,8,0,15,0,0,0,15
06/27/2016,PVU,UT,ANM,WE,Federal Contract Tower,3,2,13,0,18,0,0,78,0,78,3,2,91,0,96,240,0,240,336
06/28/2016,PVU,UT,ANM,WE,Federal Contract Tower,2,0,3,0,5,0,0,90,0,90,2,0,93,0,95,152,0,152,247
06/29/2016,PVU,UT,ANM,WE,Federal Contract Tower,1,0,4,0,5,1,0,81,0,82,2,0,85,0,87,120,0,120,207
06/30/2016,PVU,UT,ANM,WE,Federal Contract Tower,4,3,10,0,17,0,3,86,0,89,4,6,96,0,106,174,0,174,280
07/01/2016,PVU,UT,ANM,WE,Federal Contract Tower,3,6,9,0,18,0,0,108,0,108,3,6,117,0,126,200,0,200,326
07/02/2016,PVU,UT,ANM,WE,Federal Contract Tower,2,5,8,0,15,0,0,82,8,90,2,5,90,8,105,126,0,126,231
07/03/2016,PVU,UT,ANM,WE,Federal Contract Tower,4,3,6,0,13,0,0,16,0,16,4,3,22,0,29,2,0,2,31
07/04/2016,PVU,UT,ANM,WE,Federal Contract Tower,3,0,5,0,8,0,0,55,0,55,3,0,60,0,63,56,0,56,119
07/05/2016,PVU,UT,ANM,WE,Federal Contract Tower,2,4,12,0,18,0,0,88,0,88,2,4,100,0,106,146,0,146,252
07/06/2016,PVU,UT,ANM,WE,Federal Contract Tower,2,2,7,0,11,0,0,94,0,94,2,2,101,0,105,216,4,220,325
07/07/2016,PVU,UT,ANM,WE,Federal Contract Tower,3,1,10,0,14,0,0,89,0,89,3,1,99,0,103,226,0,226,329
07/08/2016,PVU,UT,ANM,WE,Federal Contract Tower,4,1,3,0,8,0,0,126,0,126,4,1,129,0,134,262,0,262,396
07/09/2016,PVU,UT,ANM,WE,Federal Contract Tower,3,2,13,0,18,0,0,56,0,56,3,2,69,0,74,118,0,118,192
07/10/2016,PVU,UT,ANM,WE,Federal Contract Tower,4,1,9,0,14,0,0,21,0,21,4,1,30,0,35,3,0,3,38
07/11/2016,PVU,UT,ANM,WE,Federal Contract Tower,3,2,12,0,17,0,0,84,0,84,3,2,96,0,101,332,0,332,433
07/12/2016,PVU,UT,ANM,WE,Federal Contract Tower,2,2,4,0,8,0,0,93,0,93,2,2,97,0,101,180,2,182,283
07/13/2016,PVU,UT,ANM,WE,Federal Contract Tower,2,3,7,0,12,0,0,116,0,116,2,3,123,0,128,316,4,320,448
07/14/2016,PVU,UT,ANM,WE,Federal Contract Tower,4,1,18,3,26,0,0,113,0,113,4,1,131,3,139,218,2,220,359
07/15/2016,PVU,UT,ANM,WE,Federal Contract Tower,2,0,9,0,11,0,0,101,0,101,2,0,110,0,112,206,0,206,318
07/16/2016,PVU,UT,ANM,WE,Federal Contract Tower,2,3,7,0,12,0,5,76,0,81,2,8,83,0,93,148,0,148,241
07/17/2016,PVU,UT,ANM,WE,Federal Contract Tower,4,2,5,0,11,0,0,21,0,21,4,2,26,0,32,21,0,21,53
07/18/2016,PVU,UT,ANM,WE,Federal Contract Tower,3,2,13,0,18,0,0,79,0,79,3,2,92,0,97,158,0,158,255
07/19/2016,PVU,UT,ANM,WE,Federal Contract Tower,2,1,7,3,13,0,0,74,0,74,2,1,81,3,87,84,14,98,185
07/20/2016,PVU,UT,ANM,WE,Federal Contract Tower,2,1,15,0,18,0,0,109,0,109,2,1,124,0,127,246,0,246,373
07/21/2016,PVU,UT,ANM,WE,Federal Contract Tower,4,0,8,0,12,0,0,83,0,83,4,0,91,0,95,158,0,158,253
07/22/2016,PVU,UT,ANM,WE,Federal Contract Tower,2,2,12,0,16,0,2,78,0,80,2,4,90,0,96,124,0,124,220
07/23/2016,PVU,UT,ANM,WE,Federal Contract Tower,2,0,8,0,10,0,0,62,0,62,2,0,70,0,72,152,0,152,224
07/24/2016,PVU,UT,ANM,WE,Federal Contract Tower,4,0,14,0,18,0,0,14,0,14,4,0,28,0,32,0,0,0,32
07/25/2016,PVU,UT,ANM,WE,Federal Contract Tower,2,2,8,0,12,0,1,68,0,69,2,3,76,0,81,184,0,184,265
07/26/2016,PVU,UT,ANM,WE,Federal Contract Tower,2,2,10,0,14,0,0,74,0,74,2,2,84,0,88,198,0,198,286
07/27/2016,PVU,UT,ANM,WE,Federal Contract Tower,2,2,7,0,11,0,1,72,0,73,2,3,79,0,84,158,0,158,242
07/28/2016,PVU,UT,ANM,WE,Federal Contract Tower,4,0,7,0,11,0,0,94,0,94,4,0,101,0,105,184,2,186,291
07/29/2016,PVU,UT,ANM,WE,Federal Contract Tower,2,2,10,0,14,0,0,89,0,89,2,2,99,0,103,168,0,168,271
07/30/2016,PVU,UT,ANM,WE,Federal Contract Tower,2,2,5,0,9,0,2,52,0,54,2,4,57,0,63,142,0,142,205
07/31/2016,PVU,UT,ANM,WE,Federal Contract Tower,4,4,8,0,16,0,0,19,0,19,4,4,27,0,35,22,0,22,57
08/01/2016,PVU,UT,ANM,WE,Federal Contract Tower,3,0,5,0,8,0,0,85,0,85,3,0,90,0,93,264,0,264,357
08/02/2016,PVU,UT,ANM,WE,Federal Contract Tower,2,2,11,0,15,0,0,84,0,84,2,2,95,0,99,192,0,192,291
08/03/2016,PVU,UT,ANM,WE,Federal Contract Tower,2,4,9,0,15,0,0,0,0,0,2,4,9,0,15,194,0,194,209
08/04/2016,PVU,UT,ANM,WE,Federal Contract Tower,4,1,3,0,8,0,0,108,3,111,4,1,111,3,119,158,0,158,277
08/05/2016,PVU,UT,ANM,WE,Federal Contract Tower,3,1,8,0,12,0,0,79,0,79,3,1,87,0,91,172,0,172,263
08/06/2016,PVU,UT,ANM,WE,Federal Contract Tower,2,4,5,0,11,0,0,72,0,72,2,4,77,0,83,120,0,120,203
08/07/2016,PVU,UT,ANM,WE,Federal Contract Tower,4,6,8,0,18,0,0,30,0,30,4,6,38,0,48,60,0,60,108
08/08/2016,PVU,UT,ANM,WE,Federal Contract Tower,3,5,12,0,20,0,0,86,0,86,3,5,98,0,106,171,0,171,277
08/09/2016,PVU,UT,ANM,WE,Federal Contract Tower,3,4,10,0,17,0,0,60,0,60,3,4,70,0,77,84,8,92,169
08/10/2016,PVU,UT,ANM,WE,Federal Contract Tower,2,3,7,0,12,0,0,52,0,52,2,3,59,0,64,176,0,176,240
08/11/2016,PVU,UT,ANM,WE,Federal Contract Tower,3,0,9,0,12,0,0,89,0,89,3,0,98,0,101,178,0,178,279
08/12/2016,PVU,UT,ANM,WE,Federal Contract Tower,4,2,13,0,19,0,0,75,0,75,4,2,88,0,94,140,1,141,235
08/13/2016,PVU,UT,ANM,WE,Federal Contract Tower,2,5,7,0,14,0,0,53,0,53,2,5,60,0,67,93,0,93,160
08/14/2016,PVU,UT,ANM,WE,Federal Contract Tower,4,2,5,0,11,0,0,17,0,17,4,2,22,0,28,8,0,8,36
08/15/2016,PVU,UT,ANM,WE,Federal Contract Tower,3,6,8,0,17,0,0,43,0,43,3,6,51,0,60,106,0,106,166
08/16/2016,PVU,UT,ANM,WE,Federal Contract Tower,0,1,8,0,9,0,0,84,0,84,0,1,92,0,93,210,4,214,307
08/17/2016,PVU,UT,ANM,WE,Federal Contract Tower,4,8,7,0,19,0,0,93,0,93,4,8,100,0,112,208,0,208,320
08/18/2016,PVU,UT,ANM,WE,Federal Contract Tower,4,7,2,0,13,0,2,101,0,103,4,9,103,0,116,244,0,244,360
08/19/2016,PVU,UT,ANM,WE,Federal Contract Tower,4,7,11,0,22,0,9,81,0,90,4,16,92,0,112,202,0,202,314
08/20/2016,PVU,UT,ANM,WE,Federal Contract Tower,2,0,10,0,12,0,0,77,0,77,2,0,87,0,89,88,0,88,177
08/21/2016,PVU,UT,ANM,WE,Federal Contract Tower,4,1,10,0,15,0,0,29,0,29,4,1,39,0,44,24,0,24,68
08/22/2016,PVU,UT,ANM,WE,Federal Contract Tower,4,3,7,0,14,3,74,0,0,77,7,77,7,0,91,164,0,164,255
08/23/2016,PVU,UT,ANM,WE,Federal Contract Tower,0,2,8,0,10,0,0,91,0,91,0,2,99,0,101,232,0,232,333
08/24/2016,PVU,UT,ANM,WE,Federal Contract Tower,4,3,4,0,11,0,2,99,0,101,4,5,103,0,112,204,0,204,316
08/25/2016,PVU,UT,ANM,WE,Federal Contract Tower,4,0,8,0,12,0,0,92,0,92,4,0,100,0,104,280,0,280,384
08/26/2016,PVU,UT,ANM,WE,Federal Contract Tower,4,3,12,2,21,0,10,112,0,122,4,13,124,2,143,220,0,220,363
08/27/2016,PVU,UT,ANM,WE,Federal Contract Tower,2,7,6,0,15,0,0,48,0,48,2,7,54,0,63,102,0,102,165
08/28/2016,PVU,UT,ANM,WE,Federal Contract Tower,4,3,7,0,14,0,1,18,3,22,4,4,25,3,36,26,0,26,62
08/29/2016,PVU,UT,ANM,WE,Federal Contract Tower,4,3,6,0,13,0,0,101,3,104,4,3,107,3,117,256,0,256,373
08/30/2016,PVU,UT,ANM,WE,Federal Contract Tower,0,3,5,2,10,0,0,111,14,125,0,3,116,16,135,290,0,290,425
08/31/2016,PVU,UT,ANM,WE,Federal Contract Tower,4,1,6,0,11,0,2,91,0,93,4,3,97,0,104,194,0,194,298
09/01/2016,PVU,UT,ANM,WE,Federal Contract Tower,6,6,11,2,25,0,0,76,0,76,6,6,87,2,101,156,0,156,257
09/02/2016,PVU,UT,ANM,WE,Federal Contract Tower,6,2,15,2,25,0,0,89,0,89,6,2,104,2,114,274,0,274,388
09/03/2016,PVU,UT,ANM,WE,Federal Contract Tower,2,2,5,0,9,0,0,83,0,83,2,2,88,0,92,152,0,152,244
09/04/2016,PVU,UT,ANM,WE,Federal Contract Tower,4,2,5,0,11,0,0,28,0,28,4,2,33,0,39,8,0,8,47
09/05/2016,PVU,UT,ANM,WE,Federal Contract Tower,4,2,4,0,10,0,0,87,0,87,4,2,91,0,97,212,0,212,309
09/06/2016,PVU,UT,ANM,WE,Federal Contract Tower,0,4,6,0,10,0,0,94,0,94,0,4,100,0,104,266,0,266,370
09/07/2016,PVU,UT,ANM,WE,Federal Contract Tower,4,3,6,0,13,0,0,107,0,107,4,3,113,0,120,274,8,282,402
09/08/2016,PVU,UT,ANM,WE,Federal Contract Tower,4,5,12,0,21,0,0,104,0,104,4,5,116,0,125,276,0,276,401
09/09/2016,PVU,UT,ANM,WE,Federal Contract Tower,4,2,11,0,17,0,0,103,0,103,4,2,114,0,120,264,0,264,384
09/10/2016,PVU,UT,ANM,WE,Federal Contract Tower,2,0,5,0,7,0,0,2,118,120,2,0,7,118,127,155,0,155,282
09/11/2016,PVU,UT,ANM,WE,Federal Contract Tower,4,1,2,0,7,0,0,19,0,19,4,1,21,0,26,16,0,16,42
09/12/2016,PVU,UT,ANM,WE,Federal Contract Tower,3,1,9,0,13,0,0,106,0,106,3,1,115,0,119,270,0,270,389
09/13/2016,PVU,UT,ANM,WE,Federal Contract Tower,3,0,5,2,10,0,0,87,0,87,3,0,92,2,97,196,0,196,293
09/14/2016,PVU,UT,ANM,WE,Federal Contract Tower,5,1,9,0,15,0,1,97,0,98,5,2,106,0,113,220,0,220,333
09/15/2016,PVU,UT,ANM,WE,Federal Contract Tower,4,3,14,0,21,0,1,90,0,91,4,4,104,0,112,292,0,292,404
09/16/2016,PVU,UT,ANM,WE,Federal Contract Tower,4,2,8,3,17,0,2,104,0,106,4,4,112,3,123,250,0,250,373
09/18/2016,PVU,UT,ANM,WE,Federal Contract Tower,4,2,8,0,14,0,0,22,0,22,4,2,30,0,36,8,0,8,44
09/19/2016,PVU,UT,ANM,WE,Federal Contract Tower,3,7,9,0,19,0,0,99,0,99,3,7,108,0,118,240,0,240,358
09/20/2016,PVU,UT,ANM,WE,Federal Contract Tower,0,2,5,2,9,0,0,87,0,87,0,2,92,2,96,238,0,238,334
09/21/2016,PVU,UT,ANM,WE,Federal Contract Tower,4,13,7,0,24,0,4,126,0,130,4,17,133,0,154,252,0,252,406
09/22/2016,PVU,UT,ANM,WE,Federal Contract Tower,9,4,14,0,27,0,0,53,0,53,9,4,67,0,80,94,0,94,174
09/23/2016,PVU,UT,ANM,WE,Federal Contract Tower,4,5,8,0,17,0,0,51,0,51,4,5,59,0,68,92,0,92,160
09/24/2016,PVU,UT,ANM,WE,Federal Contract Tower,2,2,6,0,10,0,4,38,0,42,2,6,44,0,52,126,0,126,178
09/25/2016,PVU,UT,ANM,WE,Federal Contract Tower,4,7,7,0,18,0,0,20,0,20,4,7,27,0,38,10,0,10,48
09/26/2016,PVU,UT,ANM,WE,Federal Contract Tower,4,2,4,0,10,0,0,110,0,110,4,2,114,0,120,210,0,210,330
09/27/2016,PVU,UT,ANM,WE,Federal Contract Tower,0,3,4,0,7,0,0,97,0,97,0,3,101,0,104,280,0,280,384
09/28/2016,PVU,UT,ANM,WE,Federal Contract Tower,4,3,3,0,10,0,4,107,0,111,4,7,110,0,121,230,0,230,351
09/29/2016,PVU,UT,ANM,WE,Federal Contract Tower,7,9,8,0,24,0,8,105,0,113,7,17,113,0,137,224,0,224,361
09/30/2016,PVU,UT,ANM,WE,Federal Contract Tower,4,3,16,0,23,0,0,87,0,87,4,3,103,0,110,162,0,162,272
10/01/2016,PVU,UT,ANM,WE,Federal Contract Tower,2,4,6,0,12,0,0,68,0,68,2,4,74,0,80,102,0,102,182
10/02/2016,PVU,UT,ANM,WE,Federal Contract Tower,6,2,11,0,19,0,0,15,0,15,6,2,26,0,34,8,0,8,42
10/03/2016,PVU,UT,ANM,WE,Federal Contract Tower,1,1,8,0,10,0,0,55,0,55,1,1,63,0,65,156,0,156,221
10/04/2016,PVU,UT,ANM,WE,Federal Contract Tower,3,2,7,0,12,0,0,90,0,90,3,2,97,0,102,211,0,211,313
10/05/2016,PVU,UT,ANM,WE,Federal Contract Tower,4,1,7,0,12,0,0,85,0,85,4,1,92,0,97,234,2,236,333
10/06/2016,PVU,UT,ANM,WE,Federal Contract Tower,8,3,7,0,18,0,0,101,0,101,8,3,108,0,119,318,0,318,437
10/07/2016,PVU,UT,ANM,WE,Federal Contract Tower,4,2,7,0,13,0,0,115,0,115,4,2,122,0,128,224,0,224,352
10/08/2016,PVU,UT,ANM,WE,Federal Contract Tower,2,3,3,0,8,0,0,76,0,76,2,3,79,0,84,134,0,134,218
10/09/2016,PVU,UT,ANM,WE,Federal Contract Tower,6,1,6,0,13,0,0,22,0,22,6,1,28,0,35,10,0,10,45
10/10/2016,PVU,UT,ANM,WE,Federal Contract Tower,4,0,4,0,8,0,0,64,0,64,4,0,68,0,72,230,0,230,302
10/11/2016,PVU,UT,ANM,WE,Federal Contract Tower,0,0,14,0,14,0,0,77,0,77,0,0,91,0,91,198,12,210,301
10/12/2016,PVU,UT,ANM,WE,Federal Contract Tower,4,0,7,2,13,0,0,96,0,96,4,0,103,2,109,220,0,220,329
10/13/2016,PVU,UT,ANM,WE,Federal Contract Tower,8,4,13,0,25,0,0,99,0,99,8,4,112,0,124,187,2,189,313
10/14/2016,PVU,UT,ANM,WE,Federal Contract Tower,4,2,16,0,22,0,0,51,0,51,4,2,67,0,73,106,0,106,179
10/15/2016,PVU,UT,ANM,WE,Federal Contract Tower,2,4,6,1,13,0,0,62,0,62,2,4,68,1,75,84,0,84,159
10/16/2016,PVU,UT,ANM,WE,Federal Contract Tower,6,2,8,2,18,0,0,26,0,26,6,2,34,2,44,6,0,6,50
10/17/2016,PVU,UT,ANM,WE,Federal Contract Tower,4,0,5,0,9,0,0,49,0,49,4,0,54,0,58,140,10,150,208
10/18/2016,PVU,UT,ANM,WE,Federal Contract Tower,0,0,10,0,10,0,0,82,0,82,0,0,92,0,92,246,0,246,338
10/19/2016,PVU,UT,ANM,WE,Federal Contract Tower,6,7,13,0,26,0,0,80,2,82,6,7,93,2,108,248,2,250,358
10/20/2016,PVU,UT,ANM,WE,Federal Contract Tower,6,2,12,0,20,0,0,84,2,86,6,2,96,2,106,204,6,210,316
10/21/2016,PVU,UT,ANM,WE,Federal Contract Tower,4,3,5,0,12,0,0,86,0,86,4,3,91,0,98,140,0,140,238
10/22/2016,PVU,UT,ANM,WE,Federal Contract Tower,2,6,5,0,13,0,0,68,0,68,2,6,73,0,81,148,0,148,229
10/23/2016,PVU,UT,ANM,WE,Federal Contract Tower,6,4,6,0,16,0,0,17,0,17,6,4,23,0,33,18,0,18,51
10/24/2016,PVU,UT,ANM,WE,Federal Contract Tower,4,1,8,2,15,0,0,49,0,49,4,1,57,2,64,130,8,138,202
10/25/2016,PVU,UT,ANM,WE,Federal Contract Tower,0,2,15,0,17,0,0,84,0,84,0,2,99,0,101,184,0,184,285
10/26/2016,PVU,UT,ANM,WE,Federal Contract Tower,4,2,16,0,22,0,0,77,0,77,4,2,93,0,99,156,0,156,255
10/27/2016,PVU,UT,ANM,WE,Federal Contract Tower,8,1,8,0,17,0,0,65,2,67,8,1,73,2,84,196,0,196,280
10/28/2016,PVU,UT,ANM,WE,Federal Contract Tower,6,4,6,0,16,0,0,61,0,61,6,4,67,0,77,188,0,188,265
10/29/2016,PVU,UT,ANM,WE,Federal Contract Tower,2,2,5,0,9,0,0,26,1,27,2,2,31,1,36,46,2,48,84
10/30/2016,PVU,UT,ANM,WE,Federal Contract Tower,6,2,9,0,17,0,0,8,2,10,6,2,17,2,27,20,0,20,47
10/31/2016,PVU,UT,ANM,WE,Federal Contract Tower,4,6,7,0,17,0,0,64,0,64,4,6,71,0,81,128,0,128,209
11/01/2016,PVU,UT,ANM,WE,Federal Contract Tower,0,1,11,1,13,0,0,72,0,72,0,1,83,1,85,160,6,166,251
11/02/2016,PVU,UT,ANM,WE,Federal Contract Tower,6,2,8,0,16,0,0,91,0,91,6,2,99,0,107,196,0,196,303
11/03/2016,PVU,UT,ANM,WE,Federal Contract Tower,10,0,7,0,17,0,0,83,0,83,10,0,90,0,100,244,0,244,344
11/04/2016,PVU,UT,ANM,WE,Federal Contract Tower,4,0,7,0,11,0,0,99,0,99,4,0,106,0,110,202,2,204,314
11/05/2016,PVU,UT,ANM,WE,Federal Contract Tower,2,0,5,0,7,0,0,53,2,55,2,0,58,2,62,80,2,82,144
11/06/2016,PVU,UT,ANM,WE,Federal Contract Tower,6,2,4,0,12,0,0,17,0,17,6,2,21,0,29,10,2,12,41
11/07/2016,PVU,UT,ANM,WE,Federal Contract Tower,4,1,3,0,8,0,0,66,0,66,4,1,69,0,74,128,2,130,204
11/08/2016,PVU,UT,ANM,WE,Federal Contract Tower,0,2,2,0,4,0,0,90,0,90,0,2,92,0,94,228,0,228,322
11/09/2016,PVU,UT,ANM,WE,Federal Contract Tower,4,1,9,0,14,0,0,114,0,114,4,1,123,0,128,230,0,230,358
11/10/2016,PVU,UT,ANM,WE,Federal Contract Tower,6,2,8,0,16,0,0,108,0,108,6,2,116,0,124,214,0,214,338
11/11/2016,PVU,UT,ANM,WE,Federal Contract Tower,4,4,9,0,17,0,0,93,0,93,4,4,102,0,110,168,0,168,278
11/12/2016,PVU,UT,ANM,WE,Federal Contract Tower,2,3,9,0,14,0,0,48,0,48,2,3,57,0,62,46,0,46,108
11/13/2016,PVU,UT,ANM,WE,Federal Contract Tower,6,3,7,0,16,0,0,20,0,20,6,3,27,0,36,32,0,32,68
11/14/2016,PVU,UT,ANM,WE,Federal Contract Tower,4,1,6,1,12,0,0,109,0,109,4,1,115,1,121,160,0,160,281
11/15/2016,PVU,UT,ANM,WE,Federal Contract Tower,0,4,10,2,16,0,0,93,0,93,0,4,103,2,109,205,0,205,314
11/16/2016,PVU,UT,ANM,WE,Federal Contract Tower,4,3,9,0,16,0,0,39,0,39,4,3,48,0,55,62,6,68,123
11/17/2016,PVU,UT,ANM,WE,Federal Contract Tower,6,4,4,0,14,0,0,18,0,18,6,4,22,0,32,44,6,50,82
11/18/2016,PVU,UT,ANM,WE,Federal Contract Tower,4,7,11,0,22,0,0,111,0,111,4,7,122,0,133,226,0,226,359
11/19/2016,PVU,UT,ANM,WE,Federal Contract Tower,2,2,5,2,11,0,2,60,0,62,2,4,65,2,73,104,0,104,177
11/20/2016,PVU,UT,ANM,WE,Federal Contract Tower,6,3,9,0,18,0,1,8,0,9,6,4,17,0,27,8,0,8,35
11/21/2016,PVU,UT,ANM,WE,Federal Contract Tower,4,0,13,0,17,0,0,42,0,42,4,0,55,0,59,44,4,48,107
11/22/2016,PVU,UT,ANM,WE,Federal Contract Tower,0,3,12,4,19,0,2,90,0,92,0,5,102,4,111,228,0,228,339
11/23/2016,PVU,UT,ANM,WE,Federal Contract Tower,8,2,0,0,10,0,2,71,0,73,8,4,71,0,83,186,0,186,269
11/24/2016,PVU,UT,ANM,WE,Federal Contract Tower,2,1,1,0,4,0,0,16,0,16,2,1,17,0,20,22,0,22,42
11/25/2016,PVU,UT,ANM,WE,Federal Contract Tower,4,0,3,0,7,0,0,47,0,47,4,0,50,0,54,50,0,50,104
11/26/2016,PVU,UT,ANM,WE,Federal Contract Tower,2,2,4,0,8,0,0,58,0,58,2,2,62,0,66,200,0,200,266
11/27/2016,PVU,UT,ANM,WE,Federal Contract Tower,7,5,11,0,23,0,0,1,0,1,7,5,12,0,24,0,0,0,24
11/28/2016,PVU,UT,ANM,WE,Federal Contract Tower,0,4,5,0,9,0,1,1,0,2,0,5,6,0,11,0,0,0,11
11/29/2016,PVU,UT,ANM,WE,Federal Contract Tower,4,2,5,0,11,0,0,80,0,80,4,2,85,0,91,222,0,222,313
11/30/2016,PVU,UT,ANM,WE,Federal Contract Tower,2,1,2,0,5,0,0,103,0,103,2,1,105,0,108,186,0,186,294
12/01/2016,PVU,UT,ANM,WE,Federal Contract Tower,6,0,20,0,26,0,0,39,0,39,6,0,59,0,65,90,0,90,155
12/02/2016,PVU,UT,ANM,WE,Federal Contract Tower,4,2,13,2,21,0,0,73,0,73,4,2,86,2,94,182,0,182,276
12/03/2016,PVU,UT,ANM,WE,Federal Contract Tower,0,0,6,0,6,0,0,72,0,72,0,0,78,0,78,106,0,106,184
12/04/2016,PVU,UT,ANM,WE,Federal Contract Tower,6,2,1,0,9,0,0,35,2,37,6,2,36,2,46,52,0,52,98
12/05/2016,PVU,UT,ANM,WE,Federal Contract Tower,4,3,10,0,17,0,0,59,0,59,4,3,69,0,76,168,0,168,244
12/06/2016,PVU,UT,ANM,WE,Federal Contract Tower,0,0,4,0,4,0,0,73,0,73,0,0,77,0,77,196,0,196,273
12/07/2016,PVU,UT,ANM,WE,Federal Contract Tower,2,4,3,0,9,0,0,96,0,96,2,4,99,0,105,244,0,244,349
12/08/2016,PVU,UT,ANM,WE,Federal Contract Tower,6,1,4,0,11,0,1,54,0,55,6,2,58,0,66,96,0,96,162
12/09/2016,PVU,UT,ANM,WE,Federal Contract Tower,4,1,9,0,14,0,0,76,0,76,4,1,85,0,90,172,0,172,262
12/10/2016,PVU,UT,ANM,WE,Federal Contract Tower,0,1,6,0,7,0,0,27,0,27,0,1,33,0,34,56,0,56,90
12/11/2016,PVU,UT,ANM,WE,Federal Contract Tower,6,3,8,0,17,0,5,38,0,43,6,8,46,0,60,61,0,61,121
12/12/2016,PVU,UT,ANM,WE,Federal Contract Tower,4,0,12,0,16,0,0,93,0,93,4,0,105,0,109,172,0,172,281
12/13/2016,PVU,UT,ANM,WE,Federal Contract Tower,0,4,9,0,13,0,0,105,0,105,0,4,114,0,118,302,0,302,420
12/14/2016,PVU,UT,ANM,WE,Federal Contract Tower,2,0,7,0,9,0,0,65,0,65,2,0,72,0,74,214,0,214,288
12/15/2016,PVU,UT,ANM,WE,Federal Contract Tower,6,2,8,0,16,0,2,74,0,76,6,4,82,0,92,136,0,136,228
12/16/2016,PVU,UT,ANM,WE,Federal Contract Tower,5,6,12,0,23,0,0,18,0,18,5,6,30,0,41,44,0,44,85
12/17/2016,PVU,UT,ANM,WE,Federal Contract Tower,5,3,6,0,14,0,0,29,0,29,5,3,35,0,43,116,0,116,159
12/18/2016,PVU,UT,ANM,WE,Federal Contract Tower,6,3,2,0,11,0,0,55,0,55,6,3,57,0,66,160,0,160,226
12/19/2016,PVU,UT,ANM,WE,Federal Contract Tower,4,10,6,0,20,0,0,132,0,132,4,10,138,0,152,238,0,238,390
12/20/2016,PVU,UT,ANM,WE,Federal Contract Tower,0,4,12,0,16,0,0,93,0,93,0,4,105,0,109,164,6,170,279
12/21/2016,PVU,UT,ANM,WE,Federal Contract Tower,4,4,14,0,22,0,0,8,0,8,4,4,22,0,30,110,0,110,140
12/22/2016,PVU,UT,ANM,WE,Federal Contract Tower,6,1,22,0,29,0,0,60,0,60,6,1,82,0,89,196,0,196,285
12/23/2016,PVU,UT,ANM,WE,Federal Contract Tower,4,2,9,0,15,0,0,52,0,52,4,2,61,0,67,100,0,100,167
12/24/2016,PVU,UT,ANM,WE,Federal Contract Tower,6,0,4,0,10,0,0,2,0,2,6,0,6,0,12,6,0,6,18
12/25/2016,PVU,UT,ANM,WE,Federal Contract Tower,2,2,0,0,4,0,1,0,0,1,2,3,0,0,5,0,0,0,5
12/26/2016,PVU,UT,ANM,WE,Federal Contract Tower,5,6,5,0,16,0,0,21,0,21,5,6,26,0,37,30,0,30,67
12/27/2016,PVU,UT,ANM,WE,Federal Contract Tower,4,2,5,0,11,0,0,29,0,29,4,2,34,0,40,68,0,68,108
12/28/2016,PVU,UT,ANM,WE,Federal Contract Tower,3,2,6,0,11,0,0,47,0,47,3,2,53,0,58,120,0,120,178
12/29/2016,PVU,UT,ANM,WE,Federal Contract Tower,4,1,5,0,10,0,0,42,0,42,4,1,47,0,52,62,2,64,116
12/30/2016,PVU,UT,ANM,WE,Federal Contract Tower,4,6,8,0,18,0,0,30,0,30,4,6,38,0,48,92,0,92,140
12/31/2016,PVU,UT,ANM,WE,Federal Contract Tower,0,0,3,0,3,0,0,0,0,0,0,0,3,0,3,0,0,0,3
01/01/2017,PVU,UT,ANM,WE,Federal Contract Tower,6,0,4,0,10,0,0,5,0,5,6,0,9,0,15,0,0,0,15
01/02/2017,PVU,UT,ANM,WE,Federal Contract Tower,4,4,12,0,20,0,0,0,0,0,4,4,12,0,20,0,0,0,20
01/03/2017,PVU,UT,ANM,WE,Federal Contract Tower,4,0,3,0,7,0,0,21,0,21,4,0,24,0,28,46,0,46,74
01/04/2017,PVU,UT,ANM,WE,Federal Contract Tower,1,3,9,0,13,0,2,11,0,13,1,5,20,0,26,30,0,30,56
01/05/2017,PVU,UT,ANM,WE,Federal Contract Tower,2,1,11,0,14,0,0,2,0,2,2,1,13,0,16,0,0,0,16
01/06/2017,PVU,UT,ANM,WE,Federal Contract Tower,6,2,10,2,20,0,0,51,0,51,6,2,61,2,71,147,0,147,218
01/07/2017,PVU,UT,ANM,WE,Federal Contract Tower,2,3,3,0,8,0,1,39,3,43,2,4,42,3,51,90,0,90,141
01/08/2017,PVU,UT,ANM,WE,Federal Contract Tower,4,3,7,0,14,0,1,0,1,2,4,4,7,1,16,0,0,0,16
01/09/2017,PVU,UT,ANM,WE,Federal Contract Tower,6,2,7,2,17,0,0,30,0,30,6,2,37,2,47,76,0,76,123
01/10/2017,PVU,UT,ANM,WE,Federal Contract Tower,0,2,5,0,7,0,0,47,0,47,0,2,52,0,54,160,0,160,214
01/11/2017,PVU,UT,ANM,WE,Federal Contract Tower,2,6,5,2,15,0,0,25,0,25,2,6,30,2,40,104,0,104,144
01/12/2017,PVU,UT,ANM,WE,Federal Contract Tower,5,7,17,0,29,0,0,3,0,3,5,7,20,0,32,8,0,8,40
01/13/2017,PVU,UT,ANM,WE,Federal Contract Tower,5,13,21,0,39,0,0,5,0,5,5,13,26,0,44,24,0,24,68
01/14/2017,PVU,UT,ANM,WE,Federal Contract Tower,0,0,15,0,15,0,0,26,0,26,0,0,41,0,41,104,0,104,145
01/15/2017,PVU,UT,ANM,WE,Federal Contract Tower,6,8,8,0,22,0,0,9,0,9,6,8,17,0,31,82,0,82,113
01/16/2017,PVU,UT,ANM,WE,Federal Contract Tower,4,1,6,0,11,0,0,90,0,90,4,1,96,0,101,240,0,240,341
01/17/2017,PVU,UT,ANM,WE,Federal Contract Tower,0,2,6,0,8,0,9,127,0,136,0,11,133,0,144,370,0,370,514
01/18/2017,PVU,UT,ANM,WE,Federal Contract Tower,2,2,7,0,11,0,6,123,0,129,2,8,130,0,140,296,2,298,438
01/19/2017,PVU,UT,ANM,WE,Federal Contract Tower,6,3,16,0,25,0,0,0,0,0,6,3,16,0,25,0,0,0,25
01/20/2017,PVU,UT,ANM,WE,Federal Contract Tower,4,9,13,0,26,0,8,45,0,53,4,17,58,0,79,152,0,152,231
01/21/2017,PVU,UT,ANM,WE,Federal Contract Tower,0,2,6,0,8,0,0,0,0,0,0,2,6,0,8,0,1,1,9
01/22/2017,PVU,UT,ANM,WE,Federal Contract Tower,6,1,9,0,16,0,3,2,0,5,6,4,11,0,21,0,0,0,21
01/23/2017,PVU,UT,ANM,WE,Federal Contract Tower,4,0,9,0,13,0,0,7,0,7,4,0,16,0,20,6,0,6,26
01/24/2017,PVU,UT,ANM,WE,Federal Contract Tower,0,2,9,0,11,0,6,62,0,68,0,8,71,0,79,156,0,156,235
01/25/2017,PVU,UT,ANM,WE,Federal Contract Tower,2,5,16,0,23,0,2,8,1,11,2,7,24,1,34,48,14,62,96
01/26/2017,PVU,UT,ANM,WE,Federal Contract Tower,6,1,6,0,13,0,0,64,2,66,6,1,70,2,79,194,18,212,291
01/27/2017,PVU,UT,ANM,WE,Federal Contract Tower,4,0,18,0,22,0,2,125,0,127,4,2,143,0,149,314,0,314,463
01/28/2017,PVU,UT,ANM,WE,Federal Contract Tower,0,3,10,0,13,0,0,104,0,104,0,3,114,0,117,244,0,244,361
01/29/2017,PVU,UT,ANM,WE,Federal Contract Tower,6,2,7,0,15,0,0,33,0,33,6,2,40,0,48,50,0,50,98
01/30/2017,PVU,UT,ANM,WE,Federal Contract Tower,2,4,8,0,14,0,0,49,0,49,2,4,57,0,63,100,0,100,163
01/31/2017,PVU,UT,ANM,WE,Federal Contract Tower,2,0,39,0,41,0,0,8,0,8,2,0,47,0,49,20,0,20,69
02/01/2017,PVU,UT,ANM,WE,Federal Contract Tower,2,8,55,0,65,0,0,32,0,32,2,8,87,0,97,52,0,52,149
02/02/2017,PVU,UT,ANM,WE,Federal Contract Tower,6,5,7,0,18,0,0,134,0,134,6,5,141,0,152,254,0,254,406
02/03/2017,PVU,UT,ANM,WE,Federal Contract Tower,4,3,7,0,14,0,0,111,0,111,4,3,118,0,125,221,0,221,346
02/04/2017,PVU,UT,ANM,WE,Federal Contract Tower,0,6,5,3,14,0,0,88,0,88,0,6,93,3,102,221,0,221,323
02/05/2017,PVU,UT,ANM,WE,Federal Contract Tower,6,3,7,0,16,0,0,13,0,13,6,3,20,0,29,6,0,6,35
02/06/2017,PVU,UT,ANM,WE,Federal Contract Tower,4,6,7,2,19,0,67,0,0,67,4,73,7,2,86,205,0,205,291
02/07/2017,PVU,UT,ANM,WE,Federal Contract Tower,0,7,5,0,12,0,0,47,0,47,0,7,52,0,59,130,0,130,189
02/08/2017,PVU,UT,ANM,WE,Federal Contract Tower,2,2,8,0,12,0,6,124,0,130,2,8,132,0,142,286,8,294,436
02/09/2017,PVU,UT,ANM,WE,Federal Contract Tower,6,2,12,0,20,0,0,120,0,120,6,2,132,0,140,150,0,150,290
02/10/2017,PVU,UT,ANM,WE,Federal Contract Tower,2,4,14,0,20,0,0,49,0,49,2,4,63,0,69,116,0,116,185
02/11/2017,PVU,UT,ANM,WE,Federal Contract Tower,2,1,8,0,11,0,0,18,0,18,2,1,26,0,29,20,0,20,49
02/12/2017,PVU,UT,ANM,WE,Federal Contract Tower,6,3,7,0,16,0,0,35,0,35,6,3,42,0,51,60,0,60,111
02/13/2017,PVU,UT,ANM,WE,Federal Contract Tower,4,5,8,0,17,0,0,109,0,109,4,5,117,0,126,302,0,302,428
02/14/2017,PVU,UT,ANM,WE,Federal Contract Tower,0,2,3,0,5,0,0,95,0,95,0,2,98,0,100,216,4,220,320
02/15/2017,PVU,UT,ANM,WE,Federal Contract Tower,4,7,10,0,21,0,0,109,10,119,4,7,119,10,140,228,0,228,368
02/16/2017,PVU,UT,ANM,WE,Federal Contract Tower,6,10,12,0,28,0,2,101,0,103,6,12,113,0,131,208,0,208,339
02/17/2017,PVU,UT,ANM,WE,Federal Contract Tower,4,5,9,0,18,0,0,97,0,97,4,5,106,0,115,210,0,210,325
02/18/2017,PVU,UT,ANM,WE,Federal Contract Tower,2,4,5,0,11,0,0,51,0,51,2,4,56,0,62,114,0,114,176
02/19/2017,PVU,UT,ANM,WE,Federal Contract Tower,6,2,4,0,12,0,0,20,0,20,6,2,24,0,32,8,0,8,40
02/20/2017,PVU,UT,ANM,WE,Federal Contract Tower,4,0,12,0,16,0,0,74,0,74,4,0,86,0,90,130,0,130,220
02/21/2017,PVU,UT,ANM,WE,Federal Contract Tower,0,0,9,0,9,0,0,25,0,25,0,0,34,0,34,106,0,106,140
02/22/2017,PVU,UT,ANM,WE,Federal Contract Tower,4,4,16,0,24,0,0,0,0,0,4,4,16,0,24,0,0,0,24
02/23/2017,PVU,UT,ANM,WE,Federal Contract Tower,6,9,11,0,26,0,0,1,0,1,6,9,12,0,27,0,0,0,27
02/24/2017,PVU,UT,ANM,WE,Federal Contract Tower,4,4,13,0,21,0,0,30,0,30,4,4,43,0,51,44,0,44,95
02/25/2017,PVU,UT,ANM,WE,Federal Contract Tower,2,4,5,0,11,0,0,85,0,85,2,4,90,0,96,188,0,188,284
02/26/2017,PVU,UT,ANM,WE,Federal Contract Tower,6,2,4,2,14,0,0,39,0,39,6,2,43,2,53,78,0,78,131
02/27/2017,PVU,UT,ANM,WE,Federal Contract Tower,2,3,8,0,13,0,0,3,0,3,2,3,11,0,16,18,0,18,34
02/28/2017,PVU,UT,ANM,WE,Federal Contract Tower,2,2,8,1,13,0,0,70,0,70,2,2,78,1,83,118,2,120,203
03/01/2017,PVU,UT,ANM,WE,Federal Contract Tower,4,1,9,0,14,0,2,90,0,92,4,3,99,0,106,238,0,238,344
03/02/2017,PVU,UT,ANM,WE,Federal Contract Tower,6,0,11,0,17,0,0,101,0,101,6,0,112,0,118,254,0,254,372
03/03/2017,PVU,UT,ANM,WE,Federal Contract Tower,4,6,6,0,16,0,0,101,0,101,4,6,107,0,117,210,0,210,327
03/04/2017,PVU,UT,ANM,WE,Federal Contract Tower,2,1,9,0,12,0,0,65,0,65,2,1,74,0,77,69,0,69,146
03/05/2017,PVU,UT,ANM,WE,Federal Contract Tower,6,0,8,0,14,0,0,13,0,13,6,0,21,0,27,0,0,0,27
03/06/2017,PVU,UT,ANM,WE,Federal Contract Tower,4,0,6,0,10,0,0,63,0,63,4,0,69,0,73,128,0,128,201
03/07/2017,PVU,UT,ANM,WE,Federal Contract Tower,0,0,4,0,4,0,0,87,2,89,0,0,91,2,93,180,0,180,273
03/08/2017,PVU,UT,ANM,WE,Federal Contract Tower,4,1,14,0,19,0,0,92,0,92,4,1,106,0,111,202,0,202,313
03/09/2017,PVU,UT,ANM,WE,Federal Contract Tower,7,1,19,1,28,0,0,123,1,124,7,1,142,2,152,198,0,198,350
03/10/2017,PVU,UT,ANM,WE,Federal Contract Tower,4,5,9,0,18,0,3,65,2,70,4,8,74,2,88,178,0,178,266
03/11/2017,PVU,UT,ANM,WE,Federal Contract Tower,4,0,13,0,17,0,0,68,4,72,4,0,81,4,89,80,0,80,169
03/12/2017,PVU,UT,ANM,WE,Federal Contract Tower,5,2,3,1,11,0,1,38,0,39,5,3,41,1,50,14,0,14,64
03/13/2017,PVU,UT,ANM,WE,Federal Contract Tower,2,1,9,0,12,0,0,96,0,96,2,1,105,0,108,226,0,226,334
03/14/2017,PVU,UT,ANM,WE,Federal Contract Tower,0,2,3,11,16,0,1,96,0,97,0,3,99,11,113,226,0,226,339
03/15/2017,PVU,UT,ANM,WE,Federal Contract Tower,4,2,14,0,20,0,0,94,0,94,4,2,108,0,114,244,0,244,358
03/16/2017,PVU,UT,ANM,WE,Federal Contract Tower,6,5,26,0,37,0,11,87,2,100,6,16,113,2,137,142,2,144,281
03/17/2017,PVU,UT,ANM,WE,Federal Contract Tower,4,0,37,0,41,0,2,101,6,109,4,2,138,6,150,138,0,138,288
03/18/2017,PVU,UT,ANM,WE,Federal Contract Tower,2,4,15,0,21,0,6,70,0,76,2,10,85,0,97,106,0,106,203
03/19/2017,PVU,UT,ANM,WE,Federal Contract Tower,6,6,19,0,31,0,3,50,0,53,6,9,69,0,84,64,0,64,148
03/20/2017,PVU,UT,ANM,WE,Federal Contract Tower,4,6,16,0,26,0,0,73,0,73,4,6,89,0,99,178,0,178,277
03/21/2017,PVU,UT,ANM,WE,Federal Contract Tower,2,10,38,1,51,0,9,85,0,94,2,19,123,1,145,236,4,240,385
03/22/2017,PVU,UT,ANM,WE,Federal Contract Tower,4,8,34,0,46,0,9,78,0,87,4,17,112,0,133,184,0,184,317
03/23/2017,PVU,UT,ANM,WE,Federal Contract Tower,6,1,12,0,19,0,0,4,0,4,6,1,16,0,23,20,0,20,43
03/24/2017,PVU,UT,ANM,WE,Federal Contract Tower,4,0,57,0,61,0,1,142,0,143,4,1,199,0,204,210,0,210,414
03/25/2017,PVU,UT,ANM,WE,Federal Contract Tower,2,7,14,0,23,0,0,31,0,31,2,7,45,0,54,28,0,28,82
03/26/2017,PVU,UT,ANM,WE,Federal Contract Tower,7,1,18,0,26,0,0,25,0,25,7,1,43,0,51,34,0,34,85
03/27/2017,PVU,UT,ANM,WE,Federal Contract Tower,4,3,21,0,28,0,0,27,0,27,4,3,48,0,55,106,0,106,161
03/28/2017,PVU,UT,ANM,WE,Federal Contract Tower,2,0,87,0,89,0,0,94,0,94,2,0,181,0,183,208,0,208,391
03/29/2017,PVU,UT,ANM,WE,Federal Contract Tower,4,3,61,0,68,0,13,132,0,145,4,16,193,0,213,238,0,238,451
03/30/2017,PVU,UT,ANM,WE,Federal Contract Tower,6,4,34,0,44,0,1,50,0,51,6,5,84,0,95,90,0,90,185
03/31/2017,PVU,UT,ANM,WE,Federal Contract Tower,2,6,54,2,64,0,3,58,0,61,2,9,112,2,125,206,0,206,331
04/01/2017,PVU,UT,ANM,WE,Federal Contract Tower,3,3,34,9,49,0,0,73,0,73,3,3,107,9,122,162,0,162,284
04/02/2017,PVU,UT,ANM,WE,Federal Contract Tower,6,2,19,1,28,0,0,17,0,17,6,2,36,1,45,4,0,4,49
04/03/2017,PVU,UT,ANM,WE,Federal Contract Tower,4,2,41,0,47,0,0,88,0,88,4,2,129,0,135,146,0,146,281
04/04/2017,PVU,UT,ANM,WE,Federal Contract Tower,2,0,19,0,21,0,0,91,0,91,2,0,110,0,112,126,0,126,238
04/05/2017,PVU,UT,ANM,WE,Federal Contract Tower,4,6,54,0,64,0,0,107,0,107,4,6,161,0,171,256,0,256,427
04/06/2017,PVU,UT,ANM,WE,Federal Contract Tower,6,0,67,0,73,0,0,121,0,121,6,0,188,0,194,248,0,248,442
04/07/2017,PVU,UT,ANM,WE,Federal Contract Tower,4,0,28,2,34,0,0,46,2,48,4,0,74,4,82,50,0,50,132
04/08/2017,PVU,UT,ANM,WE,Federal Contract Tower,2,2,7,0,11,0,0,24,0,24,2,2,31,0,35,46,0,46,81
04/09/2017,PVU,UT,ANM,WE,Federal Contract Tower,5,0,9,0,14,0,0,39,0,39,5,0,48,0,53,59,0,59,112
04/10/2017,PVU,UT,ANM,WE,Federal Contract Tower,4,2,50,0,56,0,0,110,0,110,4,2,160,0,166,260,0,260,426
04/11/2017,PVU,UT,ANM,WE,Federal Contract Tower,2,0,49,1,52,0,0,111,0,111,2,0,160,1,163,214,0,214,377
04/12/2017,PVU,UT,ANM,WE,Federal Contract Tower,3,2,48,2,55,0,0,112,0,112,3,2,160,2,167,234,0,234,401
04/13/2017,PVU,UT,ANM,WE,Federal Contract Tower,5,2,37,6,50,0,1,70,0,71,5,3,107,6,121,200,0,200,321
04/14/2017,PVU,UT,ANM,WE,Federal Contract Tower,4,2,44,0,50,0,2,122,0,124,4,4,166,0,174,225,0,225,399
04/15/2017,PVU,UT,ANM,WE,Federal Contract Tower,2,3,3,0,8,0,0,113,0,113,2,3,116,0,121,201,0,201,322
04/16/2017,PVU,UT,ANM,WE,Federal Contract Tower,6,0,6,0,12,0,0,14,0,14,6,0,20,0,26,0,0,0,26
04/17/2017,PVU,UT,ANM,WE,Federal Contract Tower,3,6,34,1,44,0,0,97,0,97,3,6,131,1,141,166,0,166,307
04/18/2017,PVU,UT,ANM,WE,Federal Contract Tower,0,2,37,1,40,0,0,64,0,64,0,2,101,1,104,150,0,150,254
04/19/2017,PVU,UT,ANM,WE,Federal Contract Tower,4,1,33,2,40,0,0,100,0,100,4,1,133,2,140,264,0,264,404
04/20/2017,PVU,UT,ANM,WE,Federal Contract Tower,6,3,37,0,46,0,0,86,1,87,6,3,123,1,133,190,0,190,323
04/21/2017,PVU,UT,ANM,WE,Federal Contract Tower,4,1,53,0,58,0,0,119,0,119,4,1,172,0,177,294,0,294,471
04/22/2017,PVU,UT,ANM,WE,Federal Contract Tower,2,15,20,0,37,0,0,120,0,120,2,15,140,0,157,116,0,116,273
04/23/2017,PVU,UT,ANM,WE,Federal Contract Tower,6,5,8,0,19,0,0,32,0,32,6,5,40,0,51,42,0,42,93
04/24/2017,PVU,UT,ANM,WE,Federal Contract Tower,4,5,10,0,19,0,0,58,0,58,4,5,68,0,77,168,0,168,245
04/25/2017,PVU,UT,ANM,WE,Federal Contract Tower,0,3,18,0,21,0,0,38,0,38,0,3,56,0,59,178,0,178,237
04/26/2017,PVU,UT,ANM,WE,Federal Contract Tower,4,4,39,0,47,0,0,99,0,99,4,4,138,0,146,198,0,198,344
04/27/2017,PVU,UT,ANM,WE,Federal Contract Tower,6,5,29,0,40,0,0,47,0,47,6,5,76,0,87,68,0,68,155
04/28/2017,PVU,UT,ANM,WE,Federal Contract Tower,4,0,13,2,19,0,0,28,0,28,4,0,41,2,47,112,0,112,159
04/29/2017,PVU,UT,ANM,WE,Federal Contract Tower,2,0,26,0,28,0,1,91,0,92,2,1,117,0,120,126,0,126,246
04/30/2017,PVU,UT,ANM,WE,Federal Contract Tower,6,4,26,0,36,0,0,51,0,51,6,4,77,0,87,128,0,128,215
05/01/2017,PVU,UT,ANM,WE,Federal Contract Tower,4,3,37,0,44,0,0,91,0,91,4,3,128,0,135,162,0,162,297
05/02/2017,PVU,UT,ANM,WE,Federal Contract Tower,0,4,36,3,43,0,0,107,0,107,0,4,143,3,150,154,0,154,304
05/03/2017,PVU,UT,ANM,WE,Federal Contract Tower,2,3,44,0,49,0,0,119,0,119,2,3,163,0,168,218,0,218,386
05/04/2017,PVU,UT,ANM,WE,Federal Contract Tower,6,7,42,1,56,0,2,131,4,137,6,9,173,5,193,344,0,344,537
05/05/2017,PVU,UT,ANM,WE,Federal Contract Tower,4,6,21,1,32,0,0,99,0,99,4,6,120,1,131,168,0,168,299
05/06/2017,PVU,UT,ANM,WE,Federal Contract Tower,2,1,13,3,19,0,0,53,0,53,2,1,66,3,72,54,0,54,126
05/07/2017,PVU,UT,ANM,WE,Federal Contract Tower,6,3,6,1,16,0,0,31,0,31,6,3,37,1,47,44,0,44,91
05/08/2017,PVU,UT,ANM,WE,Federal Contract Tower,4,0,16,0,20,0,0,88,0,88,4,0,104,0,108,122,0,122,230
05/09/2017,PVU,UT,ANM,WE,Federal Contract Tower,0,0,39,0,39,0,0,80,0,80,0,0,119,0,119,146,0,146,265
05/10/2017,PVU,UT,ANM,WE,Federal Contract Tower,2,1,28,0,31,0,0,73,0,73,2,1,101,0,104,100,0,100,204
05/11/2017,PVU,UT,ANM,WE,Federal Contract Tower,6,4,46,0,56,0,0,80,0,80,6,4,126,0,136,94,0,94,230
05/12/2017,PVU,UT,ANM,WE,Federal Contract Tower,4,1,16,0,21,0,0,67,0,67,4,1,83,0,88,94,0,94,182
05/13/2017,PVU,UT,ANM,WE,Federal Contract Tower,2,0,19,0,21,0,0,59,0,59,2,0,78,0,80,60,0,60,140
05/14/2017,PVU,UT,ANM,WE,Federal Contract Tower,7,0,7,0,14,0,0,26,0,26,7,0,33,0,40,34,0,34,74
05/15/2017,PVU,UT,ANM,WE,Federal Contract Tower,4,1,36,0,41,0,0,86,0,86,4,1,122,0,127,168,0,168,295
05/16/2017,PVU,UT,ANM,WE,Federal Contract Tower,0,0,30,0,30,0,0,72,0,72,0,0,102,0,102,162,0,162,264
05/17/2017,PVU,UT,ANM,WE,Federal Contract Tower,2,2,26,2,32,0,0,42,0,42,2,2,68,2,74,138,0,138,212
05/18/2017,PVU,UT,ANM,WE,Federal Contract Tower,6,6,19,2,33,0,0,98,2,100,6,6,117,4,133,194,0,194,327
05/19/2017,PVU,UT,ANM,WE,Federal Contract Tower,4,2,12,0,18,0,0,99,0,99,4,2,111,0,117,264,0,264,381
05/20/2017,PVU,UT,ANM,WE,Federal Contract Tower,2,1,20,0,23,0,0,62,0,62,2,1,82,0,85,98,0,98,183
05/21/2017,PVU,UT,ANM,WE,Federal Contract Tower,6,1,5,0,12,0,0,12,0,12,6,1,17,0,24,16,0,16,40
05/22/2017,PVU,UT,ANM,WE,Federal Contract Tower,4,2,33,0,39,0,0,99,0,99,4,2,132,0,138,266,0,266,404
05/23/2017,PVU,UT,ANM,WE,Federal Contract Tower,4,0,22,2,28,0,0,120,0,120,4,0,142,2,148,288,0,288,436
05/24/2017,PVU,UT,ANM,WE,Federal Contract Tower,11,2,24,0,37,0,0,93,0,93,11,2,117,0,130,230,0,230,360
05/25/2017,PVU,UT,ANM,WE,Federal Contract Tower,6,4,22,0,32,0,0,76,0,76,6,4,98,0,108,178,0,178,286
05/26/2017,PVU,UT,ANM,WE,Federal Contract Tower,4,2,22,0,28,0,0,84,0,84,4,2,106,0,112,194,0,194,306
05/27/2017,PVU,UT,ANM,WE,Federal Contract Tower,2,0,10,0,12,0,0,55,0,55,2,0,65,0,67,134,0,134,201
05/28/2017,PVU,UT,ANM,WE,Federal Contract Tower,6,0,7,0,13,0,0,14,0,14,6,0,21,0,27,14,0,14,41
05/29/2017,PVU,UT,ANM,WE,Federal Contract Tower,4,3,24,0,31,0,0,71,0,71,4,3,95,0,102,140,0,140,242
05/30/2017,PVU,UT,ANM,WE,Federal Contract Tower,4,5,27,0,36,0,0,105,0,105,4,5,132,0,141,266,0,266,407
05/31/2017,PVU,UT,ANM,WE,Federal Contract Tower,2,0,32,0,34,0,0,72,0,72,2,0,104,0,106,170,0,170,276
06/01/2017,PVU,UT,ANM,WE,Federal Contract Tower,6,4,31,0,41,0,0,116,0,116,6,4,147,0,157,296,0,296,453
06/02/2017,PVU,UT,ANM,WE,Federal Contract Tower,2,4,39,0,45,0,0,106,0,106,2,4,145,0,151,248,0,248,399
06/03/2017,PVU,UT,ANM,WE,Federal Contract Tower,4,0,13,0,17,0,0,56,0,56,4,0,69,0,73,148,0,148,221
06/04/2017,PVU,UT,ANM,WE,Federal Contract Tower,6,3,7,1,17,0,0,16,0,16,6,3,23,1,33,6,0,6,39
06/05/2017,PVU,UT,ANM,WE,Federal Contract Tower,4,1,25,0,30,0,0,99,0,99,4,1,124,0,129,170,0,170,299
06/06/2017,PVU,UT,ANM,WE,Federal Contract Tower,4,0,31,0,35,0,0,106,0,106,4,0,137,0,141,318,0,318,459
06/07/2017,PVU,UT,ANM,WE,Federal Contract Tower,2,2,37,0,41,0,0,111,0,111,2,2,148,0,152,268,0,268,420
06/08/2017,PVU,UT,ANM,WE,Federal Contract Tower,6,2,29,0,37,0,0,113,0,113,6,2,142,0,150,274,0,274,424
06/09/2017,PVU,UT,ANM,WE,Federal Contract Tower,4,1,20,0,25,0,0,69,2,71,4,1,89,2,96,90,0,90,186
06/10/2017,PVU,UT,ANM,WE,Federal Contract Tower,2,5,19,0,26,0,0,74,0,74,2,5,93,0,100,144,0,144,244
06/11/2017,PVU,UT,ANM,WE,Federal Contract Tower,6,4,12,0,22,0,0,20,0,20,6,4,32,0,42,23,0,23,65
06/12/2017,PVU,UT,ANM,WE,Federal Contract Tower,4,6,10,0,20,0,0,15,0,15,4,6,25,0,35,0,0,0,35
06/13/2017,PVU,UT,ANM,WE,Federal Contract Tower,4,2,23,0,29,0,0,104,0,104,4,2,127,0,133,290,0,290,423
06/14/2017,PVU,UT,ANM,WE,Federal Contract Tower,1,1,27,0,29,0,0,125,0,125,1,1,152,0,154,287,0,287,441
06/15/2017,PVU,UT,ANM,WE,Federal Contract Tower,6,0,31,1,38,0,0,115,0,115,6,0,146,1,153,272,0,272,425
06/16/2017,PVU,UT,ANM,WE,Federal Contract Tower,4,0,17,0,21,0,0,95,0,95,4,0,112,0,116,238,0,238,354
06/17/2017,PVU,UT,ANM,WE,Federal Contract Tower,2,1,20,0,23,0,4,66,0,70,2,5,86,0,93,102,0,102,195
06/18/2017,PVU,UT,ANM,WE,Federal Contract Tower,0,0,15,0,15,0,0,21,0,21,0,0,36,0,36,8,0,8,44
06/19/2017,PVU,UT,ANM,WE,Federal Contract Tower,10,0,20,1,31,0,0,96,0,96,10,0,116,1,127,222,0,222,349
06/20/2017,PVU,UT,ANM,WE,Federal Contract Tower,4,1,35,0,40,0,0,89,4,93,4,1,124,4,133,166,1,167,300
06/21/2017,PVU,UT,ANM,WE,Federal Contract Tower,2,0,14,0,16,0,0,86,0,86,2,0,100,0,102,152,0,152,254
06/22/2017,PVU,UT,ANM,WE,Federal Contract Tower,4,2,35,3,44,0,0,94,2,96,4,2,129,5,140,166,0,166,306
06/23/2017,PVU,UT,ANM,WE,Federal Contract Tower,6,6,10,2,24,0,4,88,0,92,6,10,98,2,116,93,0,93,209
06/24/2017,PVU,UT,ANM,WE,Federal Contract Tower,2,1,25,0,28,0,6,78,0,84,2,7,103,0,112,164,0,164,276
06/25/2017,PVU,UT,ANM,WE,Federal Contract Tower,6,7,16,0,29,0,2,34,0,36,6,9,50,0,65,34,0,34,99
06/26/2017,PVU,UT,ANM,WE,Federal Contract Tower,2,1,24,2,29,0,0,75,0,75,2,1,99,2,104,214,0,214,318
06/27/2017,PVU,UT,ANM,WE,Federal Contract Tower,6,0,25,1,32,0,0,93,3,96,6,0,118,4,128,190,0,190,318
06/28/2017,PVU,UT,ANM,WE,Federal Contract Tower,2,1,20,0,23,0,0,89,0,89,2,1,109,0,112,224,0,224,336
06/29/2017,PVU,UT,ANM,WE,Federal Contract Tower,6,8,28,4,46,0,0,111,0,111,6,8,139,4,157,196,5,201,358
06/30/2017,PVU,UT,ANM,WE,Federal Contract Tower,4,2,30,2,38,0,0,104,0,104,4,2,134,2,142,204,0,204,346
07/01/2017,PVU,UT,ANM,WE,Federal Contract Tower,2,1,16,0,19,0,0,78,0,78,2,1,94,0,97,165,0,165,262
07/02/2017,PVU,UT,ANM,WE,Federal Contract Tower,6,1,4,0,11,0,0,23,0,23,6,1,27,0,34,40,0,40,74
07/03/2017,PVU,UT,ANM,WE,Federal Contract Tower,4,0,9,0,13,0,0,86,0,86,4,0,95,0,99,124,0,124,223
07/04/2017,PVU,UT,ANM,WE,Federal Contract Tower,2,1,6,0,9,0,3,26,0,29,2,4,32,0,38,6,0,6,44
07/05/2017,PVU,UT,ANM,WE,Federal Contract Tower,2,8,20,0,30,0,0,85,0,85,2,8,105,0,115,92,0,92,207
07/06/2017,PVU,UT,ANM,WE,Federal Contract Tower,6,0,30,0,36,0,0,93,4,97,6,0,123,4,133,180,0,180,313
07/07/2017,PVU,UT,ANM,WE,Federal Contract Tower,4,0,30,4,38,0,1,89,0,90,4,1,119,4,128,138,0,138,266
07/08/2017,PVU,UT,ANM,WE,Federal Contract Tower,2,0,10,0,12,0,0,70,0,70,2,0,80,0,82,136,0,136,218
07/09/2017,PVU,UT,ANM,WE,Federal Contract Tower,6,0,7,2,15,0,0,33,0,33,6,0,40,2,48,24,0,24,72
07/10/2017,PVU,UT,ANM,WE,Federal Contract Tower,4,0,32,0,36,0,0,102,0,102,4,0,134,0,138,212,2,214,352
07/11/2017,PVU,UT,ANM,WE,Federal Contract Tower,0,2,24,0,26,0,0,79,0,79,0,2,103,0,105,178,0,178,283
07/12/2017,PVU,UT,ANM,WE,Federal Contract Tower,2,1,16,0,19,0,0,75,0,75,2,1,91,0,94,154,0,154,248
07/13/2017,PVU,UT,ANM,WE,Federal Contract Tower,6,7,24,0,37,0,2,78,0,80,6,9,102,0,117,156,0,156,273
07/14/2017,PVU,UT,ANM,WE,Federal Contract Tower,4,5,45,0,54,0,1,90,0,91,4,6,135,0,145,222,0,222,367
07/15/2017,PVU,UT,ANM,WE,Federal Contract Tower,2,0,19,0,21,0,0,59,2,61,2,0,78,2,82,78,0,78,160
07/16/2017,PVU,UT,ANM,WE,Federal Contract Tower,6,5,13,0,24,0,11,24,0,35,6,16,37,0,59,24,0,24,83
07/17/2017,PVU,UT,ANM,WE,Federal Contract Tower,4,4,20,0,28,0,0,72,0,72,4,4,92,0,100,120,0,120,220
07/18/2017,PVU,UT,ANM,WE,Federal Contract Tower,0,4,32,2,38,0,0,97,0,97,0,4,129,2,135,168,0,168,303
07/19/2017,PVU,UT,ANM,WE,Federal Contract Tower,2,1,24,0,27,0,0,60,0,60,2,1,84,0,87,152,0,152,239
07/20/2017,PVU,UT,ANM,WE,Federal Contract Tower,6,0,40,1,47,0,1,105,1,107,6,1,145,2,154,186,0,186,340
07/21/2017,PVU,UT,ANM,WE,Federal Contract Tower,4,0,25,0,29,0,2,105,0,107,4,2,130,0,136,208,0,208,344
07/22/2017,PVU,UT,ANM,WE,Federal Contract Tower,2,0,21,0,23,0,0,70,0,70,2,0,91,0,93,94,0,94,187
07/23/2017,PVU,UT,ANM,WE,Federal Contract Tower,6,0,7,2,15,0,3,15,0,18,6,3,22,2,33,10,0,10,43
07/24/2017,PVU,UT,ANM,WE,Federal Contract Tower,4,2,19,0,25,0,0,67,0,67,4,2,86,0,92,140,0,140,232
07/25/2017,PVU,UT,ANM,WE,Federal Contract Tower,0,2,36,1,39,0,0,85,0,85,0,2,121,1,124,180,0,180,304
07/26/2017,PVU,UT,ANM,WE,Federal Contract Tower,2,2,48,0,52,0,0,112,0,112,2,2,160,0,164,238,0,238,402
07/27/2017,PVU,UT,ANM,WE,Federal Contract Tower,6,2,32,0,40,0,0,107,0,107,6,2,139,0,147,170,0,170,317
07/28/2017,PVU,UT,ANM,WE,Federal Contract Tower,4,6,24,0,34,0,1,81,0,82,4,7,105,0,116,224,0,224,340
07/29/2017,PVU,UT,ANM,WE,Federal Contract Tower,2,1,15,0,18,0,0,84,0,84,2,1,99,0,102,92,0,92,194
07/30/2017,PVU,UT,ANM,WE,Federal Contract Tower,6,1,14,2,23,0,0,29,0,29,6,1,43,2,52,24,0,24,76
07/31/2017,PVU,UT,ANM,WE,Federal Contract Tower,4,1,33,0,38,0,0,92,0,92,4,1,125,0,130,246,4,250,380
08/01/2017,PVU,UT,ANM,WE,Federal Contract Tower,0,3,37,0,40,0,0,99,0,99,0,3,136,0,139,158,0,158,297
08/02/2017,PVU,UT,ANM,WE,Federal Contract Tower,2,3,16,1,22,0,0,90,0,90,2,3,106,1,112,186,0,186,298
08/03/2017,PVU,UT,ANM,WE,Federal Contract Tower,6,5,17,1,29,0,0,90,0,90,6,5,107,1,119,180,2,182,301
08/04/2017,PVU,UT,ANM,WE,Federal Contract Tower,4,2,20,0,26,0,0,110,0,110,4,2,130,0,136,180,0,180,316
08/05/2017,PVU,UT,ANM,WE,Federal Contract Tower,2,2,15,0,19,0,0,61,0,61,2,2,76,0,80,62,0,62,142
08/06/2017,PVU,UT,ANM,WE,Federal Contract Tower,6,0,18,0,24,0,0,36,0,36,6,0,54,0,60,18,0,18,78
08/07/2017,PVU,UT,ANM,WE,Federal Contract Tower,4,0,20,0,24,0,0,91,0,91,4,0,111,0,115,256,0,256,371
08/08/2017,PVU,UT,ANM,WE,Federal Contract Tower,0,9,22,3,34,0,0,88,4,92,0,9,110,7,126,198,0,198,324
08/09/2017,PVU,UT,ANM,WE,Federal Contract Tower,2,0,29,0,31,0,0,85,0,85,2,0,114,0,116,232,0,232,348
08/10/2017,PVU,UT,ANM,WE,Federal Contract Tower,6,0,38,0,44,0,0,118,0,118,6,0,156,0,162,276,0,276,438
08/11/2017,PVU,UT,ANM,WE,Federal Contract Tower,4,2,42,0,48,0,0,114,0,114,4,2,156,0,162,188,0,188,350
08/12/2017,PVU,UT,ANM,WE,Federal Contract Tower,2,0,11,0,13,0,0,68,0,68,2,0,79,0,81,108,0,108,189
08/13/2017,PVU,UT,ANM,WE,Federal Contract Tower,6,4,12,0,22,0,0,43,0,43,6,4,55,0,65,56,0,56,121
08/14/2017,PVU,UT,ANM,WE,Federal Contract Tower,4,4,20,0,28,0,0,65,0,65,4,4,85,0,93,158,0,158,251
08/15/2017,PVU,UT,ANM,WE,Federal Contract Tower,0,8,41,0,49,0,0,82,0,82,0,8,123,0,131,192,0,192,323
08/16/2017,PVU,UT,ANM,WE,Federal Contract Tower,2,2,19,2,25,0,0,109,0,109,2,2,128,2,134,220,0,220,354
08/17/2017,PVU,UT,ANM,WE,Federal Contract Tower,6,3,36,2,47,0,0,87,2,89,6,3,123,4,136,196,2,198,334
08/18/2017,PVU,UT,ANM,WE,Federal Contract Tower,4,0,23,0,27,0,1,62,0,63,4,1,85,0,90,44,0,44,134
08/19/2017,PVU,UT,ANM,WE,Federal Contract Tower,2,0,9,0,11,0,0,82,1,83,2,0,91,1,94,42,2,44,138
08/20/2017,PVU,UT,ANM,WE,Federal Contract Tower,6,2,33,1,42,0,0,56,0,56,6,2,89,1,98,44,0,44,142
08/21/2017,PVU,UT,ANM,WE,Federal Contract Tower,4,2,29,6,41,0,0,0,0,0,4,2,29,6,41,22,0,22,63
08/22/2017,PVU,UT,ANM,WE,Federal Contract Tower,0,2,27,0,29,0,0,61,0,61,0,2,88,0,90,126,0,126,216
08/23/2017,PVU,UT,ANM,WE,Federal Contract Tower,2,6,17,0,25,0,0,86,0,86,2,6,103,0,111,148,0,148,259
08/24/2017,PVU,UT,ANM,WE,Federal Contract Tower,6,1,20,0,27,0,0,86,0,86,6,1,106,0,113,182,0,182,295
08/25/2017,PVU,UT,ANM,WE,Federal Contract Tower,4,14,18,0,36,0,0,98,0,98,4,14,116,0,134,194,0,194,328
08/26/2017,PVU,UT,ANM,WE,Federal Contract Tower,2,2,11,0,15,0,11,0,0,11,2,13,11,0,26,166,0,166,192
08/27/2017,PVU,UT,ANM,WE,Federal Contract Tower,6,3,11,0,20,0,10,18,0,28,6,13,29,0,48,10,0,10,58
08/28/2017,PVU,UT,ANM,WE,Federal Contract Tower,4,2,17,2,25,0,0,79,0,79,4,2,96,2,104,130,0,130,234
08/29/2017,PVU,UT,ANM,WE,Federal Contract Tower,0,4,15,0,19,0,0,92,0,92,0,4,107,0,111,158,4,162,273
08/30/2017,PVU,UT,ANM,WE,Federal Contract Tower,3,5,15,0,23,0,0,96,0,96,3,5,111,0,119,198,0,198,317
08/31/2017,PVU,UT,ANM,WE,Federal Contract Tower,10,8,32,1,51,0,1,110,3,114,10,9,142,4,165,238,4,242,407
09/01/2017,PVU,UT,ANM,WE,Federal Contract Tower,5,3,30,0,38,0,1,100,0,101,5,4,130,0,139,230,0,230,369
09/02/2017,PVU,UT,ANM,WE,Federal Contract Tower,2,1,8,0,11,0,3,62,0,65,2,4,70,0,76,186,0,186,262
09/03/2017,PVU,UT,ANM,WE,Federal Contract Tower,4,5,6,0,15,0,3,15,0,18,4,8,21,0,33,0,0,0,33
09/04/2017,PVU,UT,ANM,WE,Federal Contract Tower,4,5,16,0,25,0,0,75,0,75,4,5,91,0,100,154,0,154,254
09/05/2017,PVU,UT,ANM,WE,Federal Contract Tower,2,2,15,2,21,0,0,82,0,82,2,2,97,2,103,122,0,122,225
09/06/2017,PVU,UT,ANM,WE,Federal Contract Tower,2,2,29,1,34,0,6,75,1,82,2,8,104,2,116,256,0,256,372
09/07/2017,PVU,UT,ANM,WE,Federal Contract Tower,6,1,27,4,38,0,1,82,0,83,6,2,109,4,121,190,0,190,311
09/08/2017,PVU,UT,ANM,WE,Federal Contract Tower,4,2,11,0,17,0,1,73,0,74,4,3,84,0,91,198,0,198,289
09/09/2017,PVU,UT,ANM,WE,Federal Contract Tower,2,5,17,0,24,0,0,44,0,44,2,5,61,0,68,104,0,104,172
09/10/2017,PVU,UT,ANM,WE,Federal Contract Tower,6,5,10,0,21,0,0,18,0,18,6,5,28,0,39,10,0,10,49
09/12/2017,PVU,UT,ANM,WE,Federal Contract Tower,0,3,21,2,26,0,0,84,0,84,0,3,105,2,110,292,0,292,402
09/13/2017,PVU,UT,ANM,WE,Federal Contract Tower,2,1,29,0,32,0,0,89,0,89,2,1,118,0,121,236,0,236,357
09/14/2017,PVU,UT,ANM,WE,Federal Contract Tower,5,5,19,0,29,0,0,67,0,67,5,5,86,0,96,136,0,136,232
09/15/2017,PVU,UT,ANM,WE,Federal Contract Tower,4,6,23,2,35,0,0,63,0,63,4,6,86,2,98,128,0,128,226
09/16/2017,PVU,UT,ANM,WE,Federal Contract Tower,2,10,14,1,27,0,0,75,0,75,2,10,89,1,102,228,0,228,330
09/17/2017,PVU,UT,ANM,WE,Federal Contract Tower,6,1,15,3,25,0,0,23,4,27,6,1,38,7,52,8,12,20,72
09/18/2017,PVU,UT,ANM,WE,Federal Contract Tower,4,0,17,0,21,0,0,94,7,101,4,0,111,7,122,252,0,252,374
09/19/2017,PVU,UT,ANM,WE,Federal Contract Tower,0,4,5,0,9,0,0,39,0,39,0,4,44,0,48,185,0,185,233
09/20/2017,PVU,UT,ANM,WE,Federal Contract Tower,2,5,27,0,34,0,0,85,3,88,2,5,112,3,122,214,0,214,336
09/21/2017,PVU,UT,ANM,WE,Federal Contract Tower,20,7,26,0,53,0,1,80,0,81,20,8,106,0,134,136,0,136,270
09/22/2017,PVU,UT,ANM,WE,Federal Contract Tower,4,3,24,6,37,0,0,82,0,82,4,3,106,6,119,196,16,212,331
09/23/2017,PVU,UT,ANM,WE,Federal Contract Tower,2,1,22,0,25,0,0,58,0,58,2,1,80,0,83,229,0,229,312
09/24/2017,PVU,UT,ANM,WE,Federal Contract Tower,6,1,8,0,15,0,0,0,0,0,6,1,8,0,15,0,0,0,15
09/25/2017,PVU,UT,ANM,WE,Federal Contract Tower,4,4,20,0,28,0,0,91,0,91,4,4,111,0,119,216,0,216,335
09/26/2017,PVU,UT,ANM,WE,Federal Contract Tower,0,1,26,1,28,0,0,84,0,84,0,1,110,1,112,244,0,244,356
09/27/2017,PVU,UT,ANM,WE,Federal Contract Tower,2,2,20,0,24,0,0,88,0,88,2,2,108,0,112,190,0,190,302
09/28/2017,PVU,UT,ANM,WE,Federal Contract Tower,6,1,20,0,27,0,0,102,0,102,6,1,122,0,129,230,0,230,359
09/29/2017,PVU,UT,ANM,WE,Federal Contract Tower,4,3,22,2,31,0,0,98,0,98,4,3,120,2,129,132,0,132,261
09/30/2017,PVU,UT,ANM,WE,Federal Contract Tower,2,3,9,1,15,0,0,61,0,61,2,3,70,1,76,80,0,80,156
10/01/2017,PVU,UT,ANM,WE,Federal Contract Tower,6,0,5,0,11,0,0,14,0,14,6,0,19,0,25,0,0,0,25
10/02/2017,PVU,UT,ANM,WE,Federal Contract Tower,4,5,17,0,26,0,0,73,0,73,4,5,90,0,99,114,0,114,213
10/03/2017,PVU,UT,ANM,WE,Federal Contract Tower,0,6,24,0,30,0,0,77,0,77,0,6,101,0,107,190,0,190,297
10/04/2017,PVU,UT,ANM,WE,Federal Contract Tower,2,5,18,0,25,0,0,92,0,92,2,5,110,0,117,190,0,190,307
10/05/2017,PVU,UT,ANM,WE,Federal Contract Tower,8,2,24,0,34,0,2,94,0,96,8,4,118,0,130,224,0,224,354
10/06/2017,PVU,UT,ANM,WE,Federal Contract Tower,5,0,29,0,34,0,0,131,0,131,5,0,160,0,165,248,0,248,413
10/07/2017,PVU,UT,ANM,WE,Federal Contract Tower,2,3,31,0,36,0,0,75,0,75,2,3,106,0,111,166,0,166,277
10/08/2017,PVU,UT,ANM,WE,Federal Contract Tower,6,7,6,0,19,0,0,21,0,21,6,7,27,0,40,0,0,0,40
10/09/2017,PVU,UT,ANM,WE,Federal Contract Tower,4,0,26,0,30,0,0,66,0,66,4,0,92,0,96,120,0,120,216
10/10/2017,PVU,UT,ANM,WE,Federal Contract Tower,0,1,21,3,25,0,0,148,0,148,0,1,169,3,173,232,2,234,407
10/11/2017,PVU,UT,ANM,WE,Federal Contract Tower,2,7,31,0,40,0,0,81,0,81,2,7,112,0,121,222,0,222,343
10/12/2017,PVU,UT,ANM,WE,Federal Contract Tower,4,2,24,0,30,0,0,95,0,95,4,2,119,0,125,154,0,154,279
10/13/2017,PVU,UT,ANM,WE,Federal Contract Tower,5,1,26,0,32,0,0,106,0,106,5,1,132,0,138,190,0,190,328
10/14/2017,PVU,UT,ANM,WE,Federal Contract Tower,4,3,10,0,17,0,1,84,0,85,4,4,94,0,102,202,0,202,304
10/15/2017,PVU,UT,ANM,WE,Federal Contract Tower,6,2,14,0,22,0,0,22,0,22,6,2,36,0,44,18,0,18,62
10/16/2017,PVU,UT,ANM,WE,Federal Contract Tower,4,3,27,0,34,0,0,82,0,82,4,3,109,0,116,270,0,270,386
10/18/2017,PVU,UT,ANM,WE,Federal Contract Tower,2,5,19,0,26,0,0,73,0,73,2,5,92,0,99,152,0,152,251
10/19/2017,PVU,UT,ANM,WE,Federal Contract Tower,8,3,31,0,42,0,0,99,0,99,8,3,130,0,141,176,0,176,317
10/20/2017,PVU,UT,ANM,WE,Federal Contract Tower,4,6,9,0,19,0,0,35,0,35,4,6,44,0,54,56,0,56,110
10/21/2017,PVU,UT,ANM,WE,Federal Contract Tower,2,2,14,0,18,0,0,64,0,64,2,2,78,0,82,88,0,88,170
10/22/2017,PVU,UT,ANM,WE,Federal Contract Tower,6,0,5,0,11,0,0,15,0,15,6,0,20,0,26,24,0,24,50
10/23/2017,PVU,UT,ANM,WE,Federal Contract Tower,4,3,16,0,23,0,0,83,0,83,4,3,99,0,106,196,0,196,302
10/24/2017,PVU,UT,ANM,WE,Federal Contract Tower,0,2,23,0,25,0,0,90,0,90,0,2,113,0,115,238,0,238,353
10/25/2017,PVU,UT,ANM,WE,Federal Contract Tower,2,2,16,0,20,0,0,109,0,109,2,2,125,0,129,238,0,238,367
10/26/2017,PVU,UT,ANM,WE,Federal Contract Tower,6,1,37,0,44,0,0,104,0,104,6,1,141,0,148,160,0,160,308
10/27/2017,PVU,UT,ANM,WE,Federal Contract Tower,4,4,19,0,27,0,0,94,0,94,4,4,113,0,121,250,0,250,371
10/28/2017,PVU,UT,ANM,WE,Federal Contract Tower,2,16,0,0,18,0,0,69,0,69,2,16,69,0,87,176,0,176,263
10/29/2017,PVU,UT,ANM,WE,Federal Contract Tower,8,10,10,0,28,0,0,23,0,23,8,10,33,0,51,10,0,10,61
10/30/2017,PVU,UT,ANM,WE,Federal Contract Tower,5,0,16,2,23,0,0,70,0,70,5,0,86,2,93,132,0,132,225
10/31/2017,PVU,UT,ANM,WE,Federal Contract Tower,0,1,17,0,18,0,0,83,0,83,0,1,100,0,101,158,0,158,259
11/01/2017,PVU,UT,ANM,WE,Federal Contract Tower,2,2,18,0,22,0,0,83,0,83,2,2,101,0,105,202,0,202,307
11/02/2017,PVU,UT,ANM,WE,Federal Contract Tower,6,2,17,0,25,0,0,74,0,74,6,2,91,0,99,176,0,176,275
11/03/2017,PVU,UT,ANM,WE,Federal Contract Tower,6,0,22,0,28,0,0,84,0,84,6,0,106,0,112,206,0,206,318
11/04/2017,PVU,UT,ANM,WE,Federal Contract Tower,2,0,7,0,9,0,0,53,0,53,2,0,60,0,62,94,14,108,170
11/05/2017,PVU,UT,ANM,WE,Federal Contract Tower,6,0,8,0,14,0,0,0,0,0,6,0,8,0,14,0,0,0,14
11/06/2017,PVU,UT,ANM,WE,Federal Contract Tower,4,0,28,2,34,0,0,56,0,56,4,0,84,2,90,138,0,138,228
11/07/2017,PVU,UT,ANM,WE,Federal Contract Tower,0,2,12,0,14,0,0,76,0,76,0,2,88,0,90,102,0,102,192
11/08/2017,PVU,UT,ANM,WE,Federal Contract Tower,2,3,29,0,34,0,0,106,0,106,2,3,135,0,140,220,0,220,360
11/09/2017,PVU,UT,ANM,WE,Federal Contract Tower,9,1,29,0,39,0,0,100,0,100,9,1,129,0,139,200,0,200,339
11/10/2017,PVU,UT,ANM,WE,Federal Contract Tower,4,1,30,0,35,0,0,60,0,60,4,1,90,0,95,148,0,148,243
11/11/2017,PVU,UT,ANM,WE,Federal Contract Tower,2,2,5,0,9,0,0,88,0,88,2,2,93,0,97,214,0,214,311
11/12/2017,PVU,UT,ANM,WE,Federal Contract Tower,6,2,5,0,13,0,0,20,0,20,6,2,25,0,33,24,0,24,57
11/13/2017,PVU,UT,ANM,WE,Federal Contract Tower,4,2,18,0,24,0,0,73,0,73,4,2,91,0,97,122,0,122,219
11/14/2017,PVU,UT,ANM,WE,Federal Contract Tower,0,4,22,0,26,0,0,101,0,101,0,4,123,0,127,198,0,198,325
11/15/2017,PVU,UT,ANM,WE,Federal Contract Tower,2,2,47,4,55,0,0,86,0,86,2,2,133,4,141,170,0,170,311
11/16/2017,PVU,UT,ANM,WE,Federal Contract Tower,5,6,17,0,28,0,6,37,0,43,5,12,54,0,71,28,0,28,99
11/17/2017,PVU,UT,ANM,WE,Federal Contract Tower,6,10,21,0,37,0,4,19,0,23,6,14,40,0,60,16,0,16,76
11/18/2017,PVU,UT,ANM,WE,Federal Contract Tower,3,3,17,2,25,0,0,116,3,119,3,3,133,5,144,256,0,256,400
11/19/2017,PVU,UT,ANM,WE,Federal Contract Tower,4,5,5,0,14,0,0,22,0,22,4,5,27,0,36,52,0,52,88
11/20/2017,PVU,UT,ANM,WE,Federal Contract Tower,6,11,28,0,45,0,0,80,0,80,6,11,108,0,125,126,0,126,251
11/21/2017,PVU,UT,ANM,WE,Federal Contract Tower,4,9,19,1,33,0,0,108,0,108,4,9,127,1,141,218,2,220,361
11/22/2017,PVU,UT,ANM,WE,Federal Contract Tower,6,7,24,0,37,0,4,93,0,97,6,11,117,0,134,176,0,176,310
11/23/2017,PVU,UT,ANM,WE,Federal Contract Tower,2,0,0,0,2,0,0,11,0,11,2,0,11,0,13,0,0,0,13
11/24/2017,PVU,UT,ANM,WE,Federal Contract Tower,4,4,7,0,15,0,3,66,0,69,4,7,73,0,84,108,0,108,192
11/25/2017,PVU,UT,ANM,WE,Federal Contract Tower,4,5,14,0,23,0,0,62,0,62,4,5,76,0,85,146,0,146,231
11/26/2017,PVU,UT,ANM,WE,Federal Contract Tower,4,6,20,0,30,0,0,22,0,22,4,6,42,0,52,24,0,24,76
11/27/2017,PVU,UT,ANM,WE,Federal Contract Tower,4,2,15,0,21,0,0,26,0,26,4,2,41,0,47,54,0,54,101
11/28/2017,PVU,UT,ANM,WE,Federal Contract Tower,0,3,17,1,21,0,0,117,0,117,0,3,134,1,138,258,2,260,398
11/29/2017,PVU,UT,ANM,WE,Federal Contract Tower,2,9,35,1,47,0,0,110,0,110,2,9,145,1,157,204,2,206,363
11/30/2017,PVU,UT,ANM,WE,Federal Contract Tower,4,0,40,1,45,0,0,100,0,100,4,0,140,1,145,190,0,190,335
12/01/2017,PVU,UT,ANM,WE,Federal Contract Tower,4,3,31,2,40,0,0,120,0,120,4,3,151,2,160,238,0,238,398
12/02/2017,PVU,UT,ANM,WE,Federal Contract Tower,2,1,26,0,29,0,0,107,0,107,2,1,133,0,136,132,0,132,268
12/03/2017,PVU,UT,ANM,WE,Federal Contract Tower,4,4,14,0,22,0,0,3,0,3,4,4,17,0,25,6,0,6,31
12/04/2017,PVU,UT,ANM,WE,Federal Contract Tower,7,3,11,0,21,0,0,35,0,35,7,3,46,0,56,104,14,118,174
12/05/2017,PVU,UT,ANM,WE,Federal Contract Tower,0,6,36,0,42,0,0,94,0,94,0,6,130,0,136,206,10,216,352
12/06/2017,PVU,UT,ANM,WE,Federal Contract Tower,0,4,27,0,31,0,0,99,0,99,0,4,126,0,130,256,0,256,386
12/07/2017,PVU,UT,ANM,WE,Federal Contract Tower,4,5,31,0,40,0,1,102,0,103,4,6,133,0,143,210,0,210,353
12/08/2017,PVU,UT,ANM,WE,Federal Contract Tower,4,7,58,0,69,0,0,96,0,96,4,7,154,0,165,186,0,186,351
12/09/2017,PVU,UT,ANM,WE,Federal Contract Tower,2,3,19,0,24,0,0,75,0,75,2,3,94,0,99,116,0,116,215
12/10/2017,PVU,UT,ANM,WE,Federal Contract Tower,3,2,8,3,16,0,0,27,0,27,3,2,35,3,43,20,0,20,63
12/11/2017,PVU,UT,ANM,WE,Federal Contract Tower,4,8,8,1,21,0,0,47,0,47,4,8,55,1,68,110,12,122,190
12/12/2017,PVU,UT,ANM,WE,Federal Contract Tower,0,6,14,0,20,0,0,49,0,49,0,6,63,0,69,124,0,124,193
12/13/2017,PVU,UT,ANM,WE,Federal Contract Tower,2,3,24,0,29,0,0,26,0,26,2,3,50,0,55,28,0,28,83
12/14/2017,PVU,UT,ANM,WE,Federal Contract Tower,4,10,26,0,40,0,0,58,0,58,4,10,84,0,98,144,0,144,242
12/15/2017,PVU,UT,ANM,WE,Federal Contract Tower,4,0,38,0,42,0,0,75,0,75,4,0,113,0,117,180,0,180,297
12/16/2017,PVU,UT,ANM,WE,Federal Contract Tower,2,0,18,0,20,0,0,12,0,12,2,0,30,0,32,42,0,42,74
12/17/2017,PVU,UT,ANM,WE,Federal Contract Tower,4,5,8,0,17,0,0,18,0,18,4,5,26,0,35,74,0,74,109
12/18/2017,PVU,UT,ANM,WE,Federal Contract Tower,6,2,26,0,34,0,0,69,0,69,6,2,95,0,103,146,0,146,249
12/19/2017,PVU,UT,ANM,WE,Federal Contract Tower,2,1,19,0,22,0,0,73,0,73,2,1,92,0,95,196,0,196,291
12/20/2017,PVU,UT,ANM,WE,Federal Contract Tower,2,3,5,0,10,0,0,7,0,7,2,3,12,0,17,6,0,6,23
12/21/2017,PVU,UT,ANM,WE,Federal Contract Tower,4,5,19,0,28,0,1,37,0,38,4,6,56,0,66,62,0,62,128
12/22/2017,PVU,UT,ANM,WE,Federal Contract Tower,4,6,22,0,32,0,3,47,0,50,4,9,69,0,82,86,0,86,168
12/23/2017,PVU,UT,ANM,WE,Federal Contract Tower,2,3,5,0,10,0,0,6,0,6,2,3,11,0,16,12,0,12,28
12/24/2017,PVU,UT,ANM,WE,Federal Contract Tower,4,2,1,0,7,0,0,5,0,5,4,2,6,0,12,0,0,0,12
12/25/2017,PVU,UT,ANM,WE,Federal Contract Tower,2,1,3,0,6,0,0,1,0,1,2,1,4,0,7,2,0,2,9
12/26/2017,PVU,UT,ANM,WE,Federal Contract Tower,6,0,19,2,27,0,0,36,0,36,6,0,55,2,63,54,12,66,129
12/27/2017,PVU,UT,ANM,WE,Federal Contract Tower,2,2,13,0,17,0,1,43,0,44,2,3,56,0,61,56,0,56,117
12/28/2017,PVU,UT,ANM,WE,Federal Contract Tower,4,5,19,0,28,0,1,45,0,46,4,6,64,0,74,62,2,64,138
12/29/2017,PVU,UT,ANM,WE,Federal Contract Tower,6,8,14,0,28,0,0,68,0,68,6,8,82,0,96,104,0,104,200
12/30/2017,PVU,UT,ANM,WE,Federal Contract Tower,2,2,14,0,18,0,0,38,0,38,2,2,52,0,56,54,0,54,110
12/31/2017,PVU,UT,ANM,WE,Federal Contract Tower,4,3,5,0,12,0,2,11,0,13,4,5,16,0,25,6,0,6,31
01/01/2018,PVU,UT,ANM,WE,Federal Contract Tower,2,2,7,0,11,0,0,13,0,13,2,2,20,0,24,4,0,4,28
01/02/2018,PVU,UT,ANM,WE,Federal Contract Tower,6,4,27,0,37,0,0,55,0,55,6,4,82,0,92,78,0,78,170
01/03/2018,PVU,UT,ANM,WE,Federal Contract Tower,0,4,18,0,22,0,0,77,0,77,0,4,95,0,99,172,0,172,271
01/04/2018,PVU,UT,ANM,WE,Federal Contract Tower,4,2,30,0,36,0,0,94,0,94,4,2,124,0,130,172,0,172,302
01/05/2018,PVU,UT,ANM,WE,Federal Contract Tower,2,0,27,0,29,0,0,70,0,70,2,0,97,0,99,100,0,100,199
01/06/2018,PVU,UT,ANM,WE,Federal Contract Tower,2,5,6,0,13,0,0,20,0,20,2,5,26,0,33,70,0,70,103
01/07/2018,PVU,UT,ANM,WE,Federal Contract Tower,14,9,18,0,41,0,0,0,0,0,14,9,18,0,41,0,0,0,41
01/08/2018,PVU,UT,ANM,WE,Federal Contract Tower,6,8,26,0,40,0,0,44,0,44,6,8,70,0,84,64,2,66,150
01/09/2018,PVU,UT,ANM,WE,Federal Contract Tower,2,5,16,0,23,0,0,25,0,25,2,5,41,0,48,42,0,42,90
01/10/2018,PVU,UT,ANM,WE,Federal Contract Tower,0,3,10,1,14,0,0,14,0,14,0,3,24,1,28,80,0,80,108
01/11/2018,PVU,UT,ANM,WE,Federal Contract Tower,2,4,43,0,49,0,0,100,0,100,2,4,143,0,149,232,0,232,381
01/12/2018,PVU,UT,ANM,WE,Federal Contract Tower,8,1,37,2,48,0,0,77,0,77,8,1,114,2,125,160,0,160,285
01/13/2018,PVU,UT,ANM,WE,Federal Contract Tower,2,6,32,0,40,0,4,94,0,98,2,10,126,0,138,120,0,120,258
01/14/2018,PVU,UT,ANM,WE,Federal Contract Tower,2,4,4,0,10,0,0,16,0,16,2,4,20,0,26,0,0,0,26
01/15/2018,PVU,UT,ANM,WE,Federal Contract Tower,4,4,42,1,51,0,0,74,0,74,4,4,116,1,125,168,0,168,293
01/16/2018,PVU,UT,ANM,WE,Federal Contract Tower,2,8,52,0,62,0,0,101,0,101,2,8,153,0,163,274,4,278,441
01/17/2018,PVU,UT,ANM,WE,Federal Contract Tower,0,5,39,0,44,0,4,120,0,124,0,9,159,0,168,246,0,246,414
01/18/2018,PVU,UT,ANM,WE,Federal Contract Tower,2,7,49,0,58,0,5,125,0,130,2,12,174,0,188,292,0,292,480
01/19/2018,PVU,UT,ANM,WE,Federal Contract Tower,4,1,13,0,18,0,1,57,0,58,4,2,70,0,76,108,0,108,184
01/20/2018,PVU,UT,ANM,WE,Federal Contract Tower,2,2,7,0,11,0,0,0,0,0,2,2,7,0,11,0,0,0,11
01/21/2018,PVU,UT,ANM,WE,Federal Contract Tower,2,2,15,0,19,0,0,10,0,10,2,2,25,0,29,10,0,10,39
01/22/2018,PVU,UT,ANM,WE,Federal Contract Tower,4,5,51,0,60,0,0,93,0,93,4,5,144,0,153,190,0,190,343
01/23/2018,PVU,UT,ANM,WE,Federal Contract Tower,2,0,44,0,46,0,0,95,0,95,2,0,139,0,141,248,0,248,389
01/24/2018,PVU,UT,ANM,WE,Federal Contract Tower,0,1,19,0,20,0,0,97,0,97,0,1,116,0,117,293,0,293,410
01/25/2018,PVU,UT,ANM,WE,Federal Contract Tower,2,8,23,1,34,0,6,59,0,65,2,14,82,1,99,166,2,168,267
01/26/2018,PVU,UT,ANM,WE,Federal Contract Tower,4,8,26,0,38,0,0,108,0,108,4,8,134,0,146,280,0,280,426
01/27/2018,PVU,UT,ANM,WE,Federal Contract Tower,2,3,24,0,29,0,0,66,0,66,2,3,90,0,95,178,0,178,273
01/28/2018,PVU,UT,ANM,WE,Federal Contract Tower,2,3,6,0,11,0,0,11,0,11,2,3,17,0,22,10,0,10,32
01/29/2018,PVU,UT,ANM,WE,Federal Contract Tower,4,9,20,1,34,0,0,91,0,91,4,9,111,1,125,320,0,320,445
01/30/2018,PVU,UT,ANM,WE,Federal Contract Tower,2,2,20,0,24,0,0,100,0,100,2,2,120,0,124,236,0,236,360
01/31/2018,PVU,UT,ANM,WE,Federal Contract Tower,0,0,21,0,21,0,0,112,0,112,0,0,133,0,133,232,0,232,365
02/01/2018,PVU,UT,ANM,WE,Federal Contract Tower,2,4,44,0,50,0,2,110,0,112,2,6,154,0,162,190,0,190,352
02/02/2018,PVU,UT,ANM,WE,Federal Contract Tower,4,3,34,0,41,0,0,96,1,97,4,3,130,1,138,204,0,204,342
02/03/2018,PVU,UT,ANM,WE,Federal Contract Tower,2,4,32,0,38,0,0,78,0,78,2,4,110,0,116,100,0,100,216
02/04/2018,PVU,UT,ANM,WE,Federal Contract Tower,2,2,18,0,22,0,0,22,0,22,2,2,40,0,44,26,0,26,70
02/05/2018,PVU,UT,ANM,WE,Federal Contract Tower,2,5,8,0,15,0,0,77,0,77,2,5,85,0,92,200,0,200,292
02/06/2018,PVU,UT,ANM,WE,Federal Contract Tower,2,1,39,2,44,0,0,75,0,75,2,1,114,2,119,150,2,152,271
02/07/2018,PVU,UT,ANM,WE,Federal Contract Tower,0,2,12,2,16,0,0,112,0,112,0,2,124,2,128,222,0,222,350
02/08/2018,PVU,UT,ANM,WE,Federal Contract Tower,2,6,18,0,26,0,4,97,0,101,2,10,115,0,127,164,0,164,291
02/09/2018,PVU,UT,ANM,WE,Federal Contract Tower,3,0,26,1,30,0,0,108,1,109,3,0,134,2,139,182,0,182,321
02/10/2018,PVU,UT,ANM,WE,Federal Contract Tower,2,2,1,0,5,0,0,14,0,14,2,2,15,0,19,22,0,22,41
02/11/2018,PVU,UT,ANM,WE,Federal Contract Tower,2,0,15,0,17,0,0,30,0,30,2,0,45,0,47,2,0,2,49
02/12/2018,PVU,UT,ANM,WE,Federal Contract Tower,3,2,15,0,20,0,0,71,0,71,3,2,86,0,91,138,0,138,229
02/13/2018,PVU,UT,ANM,WE,Federal Contract Tower,2,8,43,0,53,0,0,86,0,86,2,8,129,0,139,236,0,236,375
02/14/2018,PVU,UT,ANM,WE,Federal Contract Tower,2,9,24,0,35,0,4,71,0,75,2,13,95,0,110,154,0,154,264
02/15/2018,PVU,UT,ANM,WE,Federal Contract Tower,4,0,15,0,19,0,0,42,0,42,4,0,57,0,61,52,0,52,113
02/16/2018,PVU,UT,ANM,WE,Federal Contract Tower,4,0,39,0,43,0,0,108,0,108,4,0,147,0,151,180,0,180,331
02/17/2018,PVU,UT,ANM,WE,Federal Contract Tower,2,0,18,4,24,0,0,67,0,67,2,0,85,4,91,142,0,142,233
02/18/2018,PVU,UT,ANM,WE,Federal Contract Tower,4,0,4,0,8,0,0,0,0,0,4,0,4,0,8,0,0,0,8
02/19/2018,PVU,UT,ANM,WE,Federal Contract Tower,0,2,10,0,12,0,0,4,0,4,0,2,14,0,16,0,0,0,16
02/20/2018,PVU,UT,ANM,WE,Federal Contract Tower,6,0,27,0,33,0,0,56,0,56,6,0,83,0,89,120,0,120,209
02/21/2018,PVU,UT,ANM,WE,Federal Contract Tower,4,4,47,0,55,0,0,97,0,97,4,4,144,0,152,230,0,230,382
02/22/2018,PVU,UT,ANM,WE,Federal Contract Tower,4,8,34,0,46,0,0,90,0,90,4,8,124,0,136,178,2,180,316
02/23/2018,PVU,UT,ANM,WE,Federal Contract Tower,0,1,10,0,11,0,0,1,0,1,0,1,11,0,12,0,0,0,12
02/24/2018,PVU,UT,ANM,WE,Federal Contract Tower,6,0,31,0,37,0,1,68,0,69,6,1,99,0,106,126,0,126,232
02/25/2018,PVU,UT,ANM,WE,Federal Contract Tower,4,7,6,5,22,0,0,15,0,15,4,7,21,5,37,6,0,6,43
02/26/2018,PVU,UT,ANM,WE,Federal Contract Tower,4,2,23,0,29,0,0,87,0,87,4,2,110,0,116,172,0,172,288
02/27/2018,PVU,UT,ANM,WE,Federal Contract Tower,2,1,37,0,40,0,0,86,0,86,2,1,123,0,126,148,0,148,274
02/28/2018,PVU,UT,ANM,WE,Federal Contract Tower,2,3,15,2,22,0,0,73,1,74,2,3,88,3,96,114,0,114,210
03/01/2018,PVU,UT,ANM,WE,Federal Contract Tower,4,1,18,2,25,0,0,33,0,33,4,1,51,2,58,64,0,64,122
03/02/2018,PVU,UT,ANM,WE,Federal Contract Tower,8,2,11,0,21,0,0,34,0,34,8,2,45,0,55,40,0,40,95
03/03/2018,PVU,UT,ANM,WE,Federal Contract Tower,2,1,22,0,25,0,0,55,0,55,2,1,77,0,80,124,0,124,204
03/04/2018,PVU,UT,ANM,WE,Federal Contract Tower,4,2,10,0,16,0,0,2,0,2,4,2,12,0,18,0,0,0,18
03/05/2018,PVU,UT,ANM,WE,Federal Contract Tower,4,2,17,0,23,0,0,106,0,106,4,2,123,0,129,168,0,168,297
03/06/2018,PVU,UT,ANM,WE,Federal Contract Tower,2,1,42,0,45,0,0,83,0,83,2,1,125,0,128,170,0,170,298
03/07/2018,PVU,UT,ANM,WE,Federal Contract Tower,2,3,38,0,43,0,0,86,0,86,2,3,124,0,129,166,0,166,295
03/08/2018,PVU,UT,ANM,WE,Federal Contract Tower,4,4,55,1,64,0,0,106,0,106,4,4,161,1,170,122,0,122,292
03/09/2018,PVU,UT,ANM,WE,Federal Contract Tower,4,14,39,1,58,0,0,103,0,103,4,14,142,1,161,144,0,144,305
03/10/2018,PVU,UT,ANM,WE,Federal Contract Tower,2,0,20,0,22,0,0,69,0,69,2,0,89,0,91,114,0,114,205
03/11/2018,PVU,UT,ANM,WE,Federal Contract Tower,4,2,8,0,14,0,0,11,0,11,4,2,19,0,25,0,0,0,25
03/12/2018,PVU,UT,ANM,WE,Federal Contract Tower,3,8,21,1,33,0,0,85,0,85,3,8,106,1,118,172,0,172,290
03/13/2018,PVU,UT,ANM,WE,Federal Contract Tower,2,4,37,1,44,0,2,96,0,98,2,6,133,1,142,170,0,170,312
03/14/2018,PVU,UT,ANM,WE,Federal Contract Tower,2,3,14,1,20,0,4,38,0,42,2,7,52,1,62,76,0,76,138
03/15/2018,PVU,UT,ANM,WE,Federal Contract Tower,4,2,26,0,32,0,0,53,0,53,4,2,79,0,85,46,0,46,131
03/16/2018,PVU,UT,ANM,WE,Federal Contract Tower,4,5,42,2,53,0,0,110,0,110,4,5,152,2,163,132,0,132,295
03/17/2018,PVU,UT,ANM,WE,Federal Contract Tower,2,2,7,0,11,0,0,13,0,13,2,2,20,0,24,10,0,10,34
03/18/2018,PVU,UT,ANM,WE,Federal Contract Tower,4,0,3,1,8,0,0,5,0,5,4,0,8,1,13,0,0,0,13
03/19/2018,PVU,UT,ANM,WE,Federal Contract Tower,4,0,47,0,51,0,0,104,0,104,4,0,151,0,155,178,6,184,339
03/20/2018,PVU,UT,ANM,WE,Federal Contract Tower,5,6,30,0,41,0,0,90,0,90,5,6,120,0,131,224,0,224,355
03/21/2018,PVU,UT,ANM,WE,Federal Contract Tower,2,6,37,1,46,0,3,104,0,107,2,9,141,1,153,158,0,158,311
03/22/2018,PVU,UT,ANM,WE,Federal Contract Tower,4,12,13,0,29,0,8,35,0,43,4,20,48,0,72,82,0,82,154
03/23/2018,PVU,UT,ANM,WE,Federal Contract Tower,4,0,21,0,25,0,0,48,0,48,4,0,69,0,73,62,0,62,135
03/24/2018,PVU,UT,ANM,WE,Federal Contract Tower,2,2,7,0,11,0,0,51,0,51,2,2,58,0,62,68,0,68,130
03/25/2018,PVU,UT,ANM,WE,Federal Contract Tower,4,2,6,0,12,0,0,15,0,15,4,2,21,0,27,36,0,36,63
03/26/2018,PVU,UT,ANM,WE,Federal Contract Tower,4,2,18,0,24,86,0,0,1,87,90,2,18,1,111,174,2,176,287
03/27/2018,PVU,UT,ANM,WE,Federal Contract Tower,2,0,26,2,30,0,0,110,1,111,2,0,136,3,141,208,0,208,349
03/28/2018,PVU,UT,ANM,WE,Federal Contract Tower,2,1,26,0,29,0,0,76,2,78,2,1,102,2,107,152,0,152,259
03/29/2018,PVU,UT,ANM,WE,Federal Contract Tower,4,3,27,0,34,0,0,99,0,99,4,3,126,0,133,118,0,118,251
03/30/2018,PVU,UT,ANM,WE,Federal Contract Tower,4,4,37,0,45,0,0,107,6,113,4,4,144,6,158,138,0,138,296
03/31/2018,PVU,UT,ANM,WE,Federal Contract Tower,2,1,15,0,18,0,0,58,0,58,2,1,73,0,76,114,0,114,190
04/01/2018,PVU,UT,ANM,WE,Federal Contract Tower,4,4,10,0,18,0,0,5,0,5,4,4,15,0,23,20,0,20,43
04/02/2018,PVU,UT,ANM,WE,Federal Contract Tower,4,3,23,0,30,0,0,53,0,53,4,3,76,0,83,64,0,64,147
04/03/2018,PVU,UT,ANM,WE,Federal Contract Tower,2,2,41,0,45,0,0,115,0,115,2,2,156,0,160,224,4,228,388
04/04/2018,PVU,UT,ANM,WE,Federal Contract Tower,2,7,28,1,38,0,0,98,0,98,2,7,126,1,136,216,2,218,354
04/05/2018,PVU,UT,ANM,WE,Federal Contract Tower,2,0,24,0,26,0,0,71,0,71,2,0,95,0,97,98,0,98,195
04/06/2018,PVU,UT,ANM,WE,Federal Contract Tower,4,4,18,0,26,0,0,18,0,18,4,4,36,0,44,50,0,50,94
04/07/2018,PVU,UT,ANM,WE,Federal Contract Tower,2,3,14,0,19,0,0,17,0,17,2,3,31,0,36,30,0,30,66
04/08/2018,PVU,UT,ANM,WE,Federal Contract Tower,2,3,4,0,9,0,0,18,0,18,2,3,22,0,27,70,0,70,97
04/09/2018,PVU,UT,ANM,WE,Federal Contract Tower,4,5,18,2,29,0,0,128,0,128,4,5,146,2,157,238,0,238,395
04/10/2018,PVU,UT,ANM,WE,Federal Contract Tower,2,3,27,0,32,0,0,96,0,96,2,3,123,0,128,226,0,226,354
04/11/2018,PVU,UT,ANM,WE,Federal Contract Tower,2,4,21,0,27,0,0,95,0,95,2,4,116,0,122,200,0,200,322
04/12/2018,PVU,UT,ANM,WE,Federal Contract Tower,2,0,3,0,5,0,0,3,0,3,2,0,6,0,8,0,0,0,8
04/13/2018,PVU,UT,ANM,WE,Federal Contract Tower,4,2,14,0,20,0,0,26,0,26,4,2,40,0,46,48,0,48,94
04/14/2018,PVU,UT,ANM,WE,Federal Contract Tower,2,0,29,0,31,0,0,110,0,110,2,0,139,0,141,183,0,183,324
04/15/2018,PVU,UT,ANM,WE,Federal Contract Tower,2,0,11,2,15,0,0,18,0,18,2,0,29,2,33,8,0,8,41
04/16/2018,PVU,UT,ANM,WE,Federal Contract Tower,4,0,11,0,15,0,0,27,0,27,4,0,38,0,42,50,0,50,92
04/17/2018,PVU,UT,ANM,WE,Federal Contract Tower,2,0,21,0,23,0,0,52,0,52,2,0,73,0,75,72,0,72,147
04/18/2018,PVU,UT,ANM,WE,Federal Contract Tower,2,3,40,0,45,0,0,106,0,106,2,3,146,0,151,192,0,192,343
04/19/2018,PVU,UT,ANM,WE,Federal Contract Tower,2,1,27,0,30,0,0,93,0,93,2,1,120,0,123,138,0,138,261
04/20/2018,PVU,UT,ANM,WE,Federal Contract Tower,4,0,32,0,36,0,0,78,0,78,4,0,110,0,114,204,0,204,318
04/21/2018,PVU,UT,ANM,WE,Federal Contract Tower,2,2,31,0,35,0,0,95,0,95,2,2,126,0,130,183,0,183,313
04/22/2018,PVU,UT,ANM,WE,Federal Contract Tower,2,0,13,0,15,0,0,32,0,32,2,0,45,0,47,24,0,24,71
04/23/2018,PVU,UT,ANM,WE,Federal Contract Tower,4,0,42,0,46,0,0,77,0,77,4,0,119,0,123,126,0,126,249
04/24/2018,PVU,UT,ANM,WE,Federal Contract Tower,2,3,31,0,36,0,0,85,0,85,2,3,116,0,121,156,0,156,277
04/25/2018,PVU,UT,ANM,WE,Federal Contract Tower,2,1,40,0,43,0,0,105,0,105,2,1,145,0,148,198,2,200,348
04/26/2018,PVU,UT,ANM,WE,Federal Contract Tower,2,4,43,0,49,0,0,115,2,117,2,4,158,2,166,180,0,180,346
04/27/2018,PVU,UT,ANM,WE,Federal Contract Tower,4,3,19,0,26,0,2,87,0,89,4,5,106,0,115,110,0,110,225
04/28/2018,PVU,UT,ANM,WE,Federal Contract Tower,2,3,8,0,13,0,0,75,0,75,2,3,83,0,88,118,0,118,206
04/29/2018,PVU,UT,ANM,WE,Federal Contract Tower,2,3,13,0,18,0,0,31,0,31,2,3,44,0,49,102,0,102,151
04/30/2018,PVU,UT,ANM,WE,Federal Contract Tower,4,1,13,0,18,0,0,37,0,37,4,1,50,0,55,68,0,68,123
05/01/2018,PVU,UT,ANM,WE,Federal Contract Tower,2,0,30,1,33,0,0,73,2,75,2,0,103,3,108,148,0,148,256
05/02/2018,PVU,UT,ANM,WE,Federal Contract Tower,2,1,28,1,32,0,0,46,2,48,2,1,74,3,80,127,0,127,207
05/03/2018,PVU,UT,ANM,WE,Federal Contract Tower,2,3,24,0,29,0,0,105,0,105,2,3,129,0,134,190,4,194,328
05/04/2018,PVU,UT,ANM,WE,Federal Contract Tower,4,3,26,0,33,0,0,67,0,67,4,3,93,0,100,110,0,110,210
05/05/2018,PVU,UT,ANM,WE,Federal Contract Tower,2,0,19,0,21,0,0,60,0,60,2,0,79,0,81,128,0,128,209
05/06/2018,PVU,UT,ANM,WE,Federal Contract Tower,2,2,3,0,7,0,0,25,0,25,2,2,28,0,32,12,0,12,44
05/07/2018,PVU,UT,ANM,WE,Federal Contract Tower,4,1,14,0,19,0,0,57,0,57,4,1,71,0,76,102,0,102,178
05/08/2018,PVU,UT,ANM,WE,Federal Contract Tower,2,4,22,0,28,0,0,44,0,44,2,4,66,0,72,105,2,107,179
05/09/2018,PVU,UT,ANM,WE,Federal Contract Tower,2,0,27,1,30,0,0,73,0,73,2,0,100,1,103,206,0,206,309
05/10/2018,PVU,UT,ANM,WE,Federal Contract Tower,2,0,11,0,13,0,0,65,0,65,2,0,76,0,78,116,0,116,194
05/11/2018,PVU,UT,ANM,WE,Federal Contract Tower,4,9,20,0,33,0,0,21,0,21,4,9,41,0,54,64,0,64,118
05/12/2018,PVU,UT,ANM,WE,Federal Contract Tower,2,1,13,0,16,0,0,57,0,57,2,1,70,0,73,108,0,108,181
05/13/2018,PVU,UT,ANM,WE,Federal Contract Tower,2,1,8,0,11,0,0,10,0,10,2,1,18,0,21,6,0,6,27
05/14/2018,PVU,UT,ANM,WE,Federal Contract Tower,4,0,24,0,28,0,0,88,0,88,4,0,112,0,116,200,0,200,316
05/15/2018,PVU,UT,ANM,WE,Federal Contract Tower,2,0,38,1,41,0,0,115,0,115,2,0,153,1,156,246,2,248,404
05/16/2018,PVU,UT,ANM,WE,Federal Contract Tower,2,4,44,0,50,0,4,113,0,117,2,8,157,0,167,282,2,284,451
05/17/2018,PVU,UT,ANM,WE,Federal Contract Tower,4,8,28,1,41,0,8,114,1,123,4,16,142,2,164,202,0,202,366
05/18/2018,PVU,UT,ANM,WE,Federal Contract Tower,4,5,26,1,36,0,0,68,3,71,4,5,94,4,107,160,0,160,267
05/19/2018,PVU,UT,ANM,WE,Federal Contract Tower,2,4,19,1,26,0,0,100,6,106,2,4,119,7,132,178,0,178,310
05/20/2018,PVU,UT,ANM,WE,Federal Contract Tower,2,8,13,0,23,0,5,20,0,25,2,13,33,0,48,16,0,16,64
05/21/2018,PVU,UT,ANM,WE,Federal Contract Tower,10,4,40,4,58,0,0,92,0,92,10,4,132,4,150,230,0,230,380
05/22/2018,PVU,UT,ANM,WE,Federal Contract Tower,2,1,48,0,51,0,0,100,0,100,2,1,148,0,151,211,0,211,362
05/23/2018,PVU,UT,ANM,WE,Federal Contract Tower,2,2,24,2,30,0,0,112,0,112,2,2,136,2,142,262,0,262,404
05/24/2018,PVU,UT,ANM,WE,Federal Contract Tower,4,2,37,0,43,0,1,133,0,134,4,3,170,0,177,226,2,228,405
05/25/2018,PVU,UT,ANM,WE,Federal Contract Tower,4,1,31,0,36,0,0,98,0,98,4,1,129,0,134,204,0,204,338
05/26/2018,PVU,UT,ANM,WE,Federal Contract Tower,2,2,28,0,32,0,0,63,0,63,2,2,91,0,95,142,0,142,237
05/27/2018,PVU,UT,ANM,WE,Federal Contract Tower,6,2,5,0,13,0,0,12,0,12,6,2,17,0,25,4,0,4,29
05/28/2018,PVU,UT,ANM,WE,Federal Contract Tower,2,1,29,0,32,0,0,59,0,59,2,1,88,0,91,142,0,142,233
05/29/2018,PVU,UT,ANM,WE,Federal Contract Tower,4,2,25,0,31,0,0,82,0,82,4,2,107,0,113,220,0,220,333
05/30/2018,PVU,UT,ANM,WE,Federal Contract Tower,2,1,37,0,40,0,0,79,0,79,2,1,116,0,119,174,0,174,293
05/31/2018,PVU,UT,ANM,WE,Federal Contract Tower,4,2,40,1,47,0,0,65,4,69,4,2,105,5,116,106,2,108,224
06/01/2018,PVU,UT,ANM,WE,Federal Contract Tower,4,1,22,1,28,0,0,89,0,89,4,1,111,1,117,204,0,204,321
06/02/2018,PVU,UT,ANM,WE,Federal Contract Tower,2,0,23,0,25,0,0,72,0,72,2,0,95,0,97,118,0,118,215
06/03/2018,PVU,UT,ANM,WE,Federal Contract Tower,3,1,23,0,27,0,0,39,0,39,3,1,62,0,66,74,0,74,140
06/04/2018,PVU,UT,ANM,WE,Federal Contract Tower,5,3,17,0,25,0,0,72,0,72,5,3,89,0,97,150,0,150,247
06/05/2018,PVU,UT,ANM,WE,Federal Contract Tower,2,4,30,4,40,0,0,141,2,143,2,4,171,6,183,152,0,152,335
06/06/2018,PVU,UT,ANM,WE,Federal Contract Tower,2,2,37,0,41,0,94,0,0,94,2,96,37,0,135,200,0,200,335
06/07/2018,PVU,UT,ANM,WE,Federal Contract Tower,4,5,28,0,37,0,1,97,6,104,4,6,125,6,141,168,0,168,309
06/08/2018,PVU,UT,ANM,WE,Federal Contract Tower,1,3,22,1,27,0,0,108,0,108,1,3,130,1,135,146,0,146,281
06/09/2018,PVU,UT,ANM,WE,Federal Contract Tower,5,0,6,1,12,0,1,70,1,72,5,1,76,2,84,108,2,110,194
06/10/2018,PVU,UT,ANM,WE,Federal Contract Tower,4,0,12,0,16,0,0,18,0,18,4,0,30,0,34,18,0,18,52
06/11/2018,PVU,UT,ANM,WE,Federal Contract Tower,4,2,19,0,25,0,0,88,0,88,4,2,107,0,113,178,0,178,291
06/12/2018,PVU,UT,ANM,WE,Federal Contract Tower,2,0,33,0,35,0,0,89,0,89,2,0,122,0,124,178,4,182,306
06/13/2018,PVU,UT,ANM,WE,Federal Contract Tower,2,0,25,0,27,0,0,85,0,85,2,0,110,0,112,174,8,182,294
06/14/2018,PVU,UT,ANM,WE,Federal Contract Tower,4,2,33,0,39,0,0,87,0,87,4,2,120,0,126,160,0,160,286
06/15/2018,PVU,UT,ANM,WE,Federal Contract Tower,4,2,24,0,30,0,0,88,0,88,4,2,112,0,118,156,0,156,274
06/16/2018,PVU,UT,ANM,WE,Federal Contract Tower,2,1,21,0,24,0,0,61,0,61,2,1,82,0,85,88,0,88,173
06/17/2018,PVU,UT,ANM,WE,Federal Contract Tower,4,2,23,0,29,0,0,19,0,19,4,2,42,0,48,20,0,20,68
06/18/2018,PVU,UT,ANM,WE,Federal Contract Tower,4,2,29,0,35,0,0,81,0,81,4,2,110,0,116,164,0,164,280
06/19/2018,PVU,UT,ANM,WE,Federal Contract Tower,2,3,43,0,48,0,2,91,0,93,2,5,134,0,141,190,0,190,331
06/20/2018,PVU,UT,ANM,WE,Federal Contract Tower,2,1,22,0,25,0,0,103,0,103,2,1,125,0,128,198,0,198,326
06/21/2018,PVU,UT,ANM,WE,Federal Contract Tower,4,6,28,0,38,0,0,91,2,93,4,6,119,2,131,156,0,156,287
06/22/2018,PVU,UT,ANM,WE,Federal Contract Tower,4,2,34,0,40,0,0,92,1,93,4,2,126,1,133,126,0,126,259
06/23/2018,PVU,UT,ANM,WE,Federal Contract Tower,2,0,20,0,22,0,0,61,1,62,2,0,81,1,84,60,0,60,144
06/24/2018,PVU,UT,ANM,WE,Federal Contract Tower,4,6,9,0,19,0,0,34,0,34,4,6,43,0,53,8,0,8,61
06/25/2018,PVU,UT,ANM,WE,Federal Contract Tower,4,0,25,1,30,0,0,91,0,91,4,0,116,1,121,156,0,156,277
06/26/2018,PVU,UT,ANM,WE,Federal Contract Tower,2,7,35,3,47,0,0,84,2,86,2,7,119,5,133,140,0,140,273
06/27/2018,PVU,UT,ANM,WE,Federal Contract Tower,2,1,29,0,32,0,0,67,0,67,2,1,96,0,99,108,4,112,211
06/28/2018,PVU,UT,ANM,WE,Federal Contract Tower,4,2,48,2,56,0,0,73,2,75,4,2,121,4,131,148,0,148,279
06/29/2018,PVU,UT,ANM,WE,Federal Contract Tower,4,3,25,0,32,0,0,67,0,67,4,3,92,0,99,116,0,116,215
06/30/2018,PVU,UT,ANM,WE,Federal Contract Tower,2,1,18,0,21,0,0,65,0,65,2,1,83,0,86,80,0,80,166
07/01/2018,PVU,UT,ANM,WE,Federal Contract Tower,4,4,12,0,20,0,0,29,0,29,4,4,41,0,49,24,0,24,73
07/02/2018,PVU,UT,ANM,WE,Federal Contract Tower,4,2,32,0,38,0,0,84,0,84,4,2,116,0,122,138,0,138,260
07/03/2018,PVU,UT,ANM,WE,Federal Contract Tower,2,7,21,0,30,0,0,95,0,95,2,7,116,0,125,146,0,146,271
07/04/2018,PVU,UT,ANM,WE,Federal Contract Tower,2,4,6,0,12,0,0,45,0,45,2,4,51,0,57,22,0,22,79
07/05/2018,PVU,UT,ANM,WE,Federal Contract Tower,4,2,35,0,41,0,0,98,0,98,4,2,133,0,139,56,0,56,195
07/06/2018,PVU,UT,ANM,WE,Federal Contract Tower,4,3,25,0,32,0,0,98,0,98,4,3,123,0,130,106,0,106,236
07/07/2018,PVU,UT,ANM,WE,Federal Contract Tower,2,3,19,0,24,0,0,65,0,65,2,3,84,0,89,80,0,80,169
07/09/2018,PVU,UT,ANM,WE,Federal Contract Tower,4,6,23,0,33,0,0,71,0,71,4,6,94,0,104,100,4,104,208
07/10/2018,PVU,UT,ANM,WE,Federal Contract Tower,2,4,29,0,35,0,0,93,0,93,2,4,122,0,128,174,0,174,302
07/11/2018,PVU,UT,ANM,WE,Federal Contract Tower,7,2,51,0,60,0,0,127,0,127,7,2,178,0,187,174,0,174,361
07/12/2018,PVU,UT,ANM,WE,Federal Contract Tower,4,2,37,0,43,0,0,96,2,98,4,2,133,2,141,204,0,204,345
07/13/2018,PVU,UT,ANM,WE,Federal Contract Tower,4,3,29,4,40,0,0,77,3,80,4,3,106,7,120,134,2,136,256
07/14/2018,PVU,UT,ANM,WE,Federal Contract Tower,2,2,29,0,33,0,1,69,0,70,2,3,98,0,103,98,0,98,201
07/15/2018,PVU,UT,ANM,WE,Federal Contract Tower,4,3,6,0,13,0,0,17,0,17,4,3,23,0,30,10,0,10,40
07/16/2018,PVU,UT,ANM,WE,Federal Contract Tower,4,5,36,0,45,0,0,71,0,71,4,5,107,0,116,106,0,106,222
07/17/2018,PVU,UT,ANM,WE,Federal Contract Tower,2,5,30,0,37,0,0,96,0,96,2,5,126,0,133,102,0,102,235
07/18/2018,PVU,UT,ANM,WE,Federal Contract Tower,2,2,23,0,27,0,0,102,0,102,2,2,125,0,129,118,0,118,247
07/19/2018,PVU,UT,ANM,WE,Federal Contract Tower,4,1,31,0,36,0,0,106,0,106,4,1,137,0,142,94,0,94,236
07/20/2018,PVU,UT,ANM,WE,Federal Contract Tower,4,1,36,0,41,0,0,107,0,107,4,1,143,0,148,132,6,138,286
07/21/2018,PVU,UT,ANM,WE,Federal Contract Tower,2,0,25,1,28,0,0,67,0,67,2,0,92,1,95,100,0,100,195
07/22/2018,PVU,UT,ANM,WE,Federal Contract Tower,4,3,9,0,16,0,0,14,0,14,4,3,23,0,30,0,0,0,30
07/23/2018,PVU,UT,ANM,WE,Federal Contract Tower,4,3,16,0,23,0,0,60,0,60,4,3,76,0,83,84,0,84,167
07/24/2018,PVU,UT,ANM,WE,Federal Contract Tower,2,0,8,0,10,0,0,55,0,55,2,0,63,0,65,64,0,64,129
07/25/2018,PVU,UT,ANM,WE,Federal Contract Tower,2,4,26,0,32,0,0,95,1,96,2,4,121,1,128,148,0,148,276
07/26/2018,PVU,UT,ANM,WE,Federal Contract Tower,4,6,32,0,42,0,0,75,0,75,4,6,107,0,117,116,0,116,233
07/27/2018,PVU,UT,ANM,WE,Federal Contract Tower,4,7,30,0,41,0,0,93,0,93,4,7,123,0,134,122,0,122,256
07/28/2018,PVU,UT,ANM,WE,Federal Contract Tower,2,1,31,0,34,0,0,53,0,53,2,1,84,0,87,56,0,56,143
07/29/2018,PVU,UT,ANM,WE,Federal Contract Tower,4,2,8,0,14,0,0,24,0,24,4,2,32,0,38,10,0,10,48
07/30/2018,PVU,UT,ANM,WE,Federal Contract Tower,4,2,26,0,32,0,0,85,0,85,4,2,111,0,117,112,0,112,229
07/31/2018,PVU,UT,ANM,WE,Federal Contract Tower,2,7,31,0,40,0,0,96,0,96,2,7,127,0,136,158,0,158,294
08/01/2018,PVU,UT,ANM,WE,Federal Contract Tower,2,1,41,0,44,0,0,74,0,74,2,1,115,0,118,128,0,128,246
08/02/2018,PVU,UT,ANM,WE,Federal Contract Tower,4,2,27,0,33,0,0,82,0,82,4,2,109,0,115,152,0,152,267
08/03/2018,PVU,UT,ANM,WE,Federal Contract Tower,4,0,25,0,29,0,0,97,2,99,4,0,122,2,128,116,4,120,248
08/04/2018,PVU,UT,ANM,WE,Federal Contract Tower,2,0,31,0,33,0,0,100,0,100,2,0,131,0,133,132,0,132,265
08/05/2018,PVU,UT,ANM,WE,Federal Contract Tower,4,3,9,0,16,0,0,24,0,24,4,3,33,0,40,8,0,8,48
08/06/2018,PVU,UT,ANM,WE,Federal Contract Tower,4,1,40,0,45,0,0,114,0,114,4,1,154,0,159,172,0,172,331
08/07/2018,PVU,UT,ANM,WE,Federal Contract Tower,2,0,30,0,32,0,0,99,0,99,2,0,129,0,131,214,0,214,345
08/08/2018,PVU,UT,ANM,WE,Federal Contract Tower,2,3,35,3,43,0,0,130,0,130,2,3,165,3,173,202,0,202,375
08/09/2018,PVU,UT,ANM,WE,Federal Contract Tower,4,3,31,0,38,0,0,82,1,83,4,3,113,1,121,104,0,104,225
08/10/2018,PVU,UT,ANM,WE,Federal Contract Tower,4,3,23,2,32,0,0,53,0,53,4,3,76,2,85,68,0,68,153
08/11/2018,PVU,UT,ANM,WE,Federal Contract Tower,2,5,15,0,22,0,0,71,0,71,2,5,86,0,93,74,0,74,167
08/12/2018,PVU,UT,ANM,WE,Federal Contract Tower,4,1,7,0,12,0,0,34,0,34,4,1,41,0,46,8,0,8,54
08/13/2018,PVU,UT,ANM,WE,Federal Contract Tower,4,6,28,0,38,0,0,108,0,108,4,6,136,0,146,130,0,130,276
08/14/2018,PVU,UT,ANM,WE,Federal Contract Tower,2,0,16,0,18,0,0,97,0,97,2,0,113,0,115,156,0,156,271
08/15/2018,PVU,UT,ANM,WE,Federal Contract Tower,1,1,18,0,20,0,6,109,0,115,1,7,127,0,135,152,0,152,287
08/16/2018,PVU,UT,ANM,WE,Federal Contract Tower,4,0,16,0,20,0,5,105,1,111,4,5,121,1,131,172,6,178,309
08/17/2018,PVU,UT,ANM,WE,Federal Contract Tower,4,2,19,3,28,0,4,60,0,64,4,6,79,3,92,76,0,76,168
08/18/2018,PVU,UT,ANM,WE,Federal Contract Tower,2,3,16,0,21,0,0,77,0,77,2,3,93,0,98,62,0,62,160
08/19/2018,PVU,UT,ANM,WE,Federal Contract Tower,4,0,4,0,8,0,0,34,0,34,4,0,38,0,42,6,0,6,48
08/20/2018,PVU,UT,ANM,WE,Federal Contract Tower,4,3,19,0,26,0,0,63,0,63,4,3,82,0,89,88,0,88,177
08/21/2018,PVU,UT,ANM,WE,Federal Contract Tower,2,5,21,0,28,0,0,53,0,53,2,5,74,0,81,70,0,70,151
08/22/2018,PVU,UT,ANM,WE,Federal Contract Tower,2,3,24,0,29,0,0,58,0,58,2,3,82,0,87,52,0,52,139
08/23/2018,PVU,UT,ANM,WE,Federal Contract Tower,4,4,35,0,43,0,0,111,0,111,4,4,146,0,154,184,0,184,338
08/24/2018,PVU,UT,ANM,WE,Federal Contract Tower,4,3,27,0,34,0,0,135,0,135,4,3,162,0,169,224,0,224,393
08/25/2018,PVU,UT,ANM,WE,Federal Contract Tower,2,0,20,0,22,0,2,98,0,100,2,2,118,0,122,180,0,180,302
08/26/2018,PVU,UT,ANM,WE,Federal Contract Tower,5,2,7,0,14,0,0,16,0,16,5,2,23,0,30,0,0,0,30
08/27/2018,PVU,UT,ANM,WE,Federal Contract Tower,4,0,7,1,12,0,0,106,0,106,4,0,113,1,118,188,0,188,306
08/28/2018,PVU,UT,ANM,WE,Federal Contract Tower,3,1,24,0,28,0,4,126,0,130,3,5,150,0,158,282,0,282,440
08/29/2018,PVU,UT,ANM,WE,Federal Contract Tower,2,4,34,0,40,0,0,126,0,126,2,4,160,0,166,264,0,264,430
08/30/2018,PVU,UT,ANM,WE,Federal Contract Tower,4,0,42,1,47,0,2,129,1,132,4,2,171,2,179,216,0,216,395
08/31/2018,PVU,UT,ANM,WE,Federal Contract Tower,7,1,29,0,37,0,0,131,0,131,7,1,160,0,168,204,0,204,372
09/01/2018,PVU,UT,ANM,WE,Federal Contract Tower,2,0,18,0,20,0,0,82,0,82,2,0,100,0,102,116,0,116,218
09/02/2018,PVU,UT,ANM,WE,Federal Contract Tower,6,5,8,0,19,0,0,23,0,23,6,5,31,0,42,6,0,6,48
09/03/2018,PVU,UT,ANM,WE,Federal Contract Tower,4,5,14,0,23,0,0,30,0,30,4,5,44,0,53,32,0,32,85
09/04/2018,PVU,UT,ANM,WE,Federal Contract Tower,2,3,31,0,36,0,0,112,0,112,2,3,143,0,148,196,0,196,344
09/05/2018,PVU,UT,ANM,WE,Federal Contract Tower,2,1,21,0,24,0,0,116,0,116,2,1,137,0,140,244,0,244,384
09/06/2018,PVU,UT,ANM,WE,Federal Contract Tower,2,4,43,0,49,0,0,127,0,127,2,4,170,0,176,226,0,226,402
09/07/2018,PVU,UT,ANM,WE,Federal Contract Tower,4,1,33,0,38,0,0,147,1,148,4,1,180,1,186,238,0,238,424
09/08/2018,PVU,UT,ANM,WE,Federal Contract Tower,2,3,33,0,38,0,0,86,2,88,2,3,119,2,126,192,2,194,320
09/09/2018,PVU,UT,ANM,WE,Federal Contract Tower,2,1,23,1,27,0,0,38,2,40,2,1,61,3,67,32,0,32,99
09/10/2018,PVU,UT,ANM,WE,Federal Contract Tower,4,9,20,3,36,0,0,93,0,93,4,9,113,3,129,266,0,266,395
09/11/2018,PVU,UT,ANM,WE,Federal Contract Tower,2,10,44,0,56,0,0,131,0,131,2,10,175,0,187,258,14,272,459
09/12/2018,PVU,UT,ANM,WE,Federal Contract Tower,2,5,34,0,41,0,0,112,0,112,2,5,146,0,153,212,0,212,365
09/13/2018,PVU,UT,ANM,WE,Federal Contract Tower,2,9,24,0,35,0,2,127,0,129,2,11,151,0,164,116,0,116,280
09/14/2018,PVU,UT,ANM,WE,Federal Contract Tower,6,7,19,0,32,0,0,41,0,41,6,7,60,0,73,28,0,28,101
09/15/2018,PVU,UT,ANM,WE,Federal Contract Tower,2,0,18,0,20,0,0,54,0,54,2,0,72,0,74,56,0,56,130
09/16/2018,PVU,UT,ANM,WE,Federal Contract Tower,2,7,9,0,18,0,0,36,0,36,2,7,45,0,54,12,0,12,66
09/17/2018,PVU,UT,ANM,WE,Federal Contract Tower,4,1,33,0,38,0,0,114,0,114,4,1,147,0,152,164,0,164,316
09/18/2018,PVU,UT,ANM,WE,Federal Contract Tower,2,1,19,0,22,0,0,150,0,150,2,1,169,0,172,242,0,242,414
09/19/2018,PVU,UT,ANM,WE,Federal Contract Tower,2,6,21,1,30,0,1,94,0,95,2,7,115,1,125,166,0,166,291
09/20/2018,PVU,UT,ANM,WE,Federal Contract Tower,2,3,16,0,21,0,0,160,0,160,2,3,176,0,181,258,0,258,439
09/21/2018,PVU,UT,ANM,WE,Federal Contract Tower,5,2,30,1,38,0,0,132,0,132,5,2,162,1,170,220,0,220,390
09/22/2018,PVU,UT,ANM,WE,Federal Contract Tower,2,0,24,3,29,0,2,118,0,120,2,2,142,3,149,208,0,208,357
09/23/2018,PVU,UT,ANM,WE,Federal Contract Tower,2,3,8,0,13,0,0,25,0,25,2,3,33,0,38,10,0,10,48
09/24/2018,PVU,UT,ANM,WE,Federal Contract Tower,4,11,19,1,35,0,0,105,0,105,4,11,124,1,140,254,0,254,394
09/25/2018,PVU,UT,ANM,WE,Federal Contract Tower,2,2,30,1,35,0,0,111,1,112,2,2,141,2,147,210,0,210,357
09/26/2018,PVU,UT,ANM,WE,Federal Contract Tower,2,3,30,1,36,0,0,122,1,123,2,3,152,2,159,280,0,280,439
09/27/2018,PVU,UT,ANM,WE,Federal Contract Tower,4,3,30,0,37,0,2,116,0,118,4,5,146,0,155,236,0,236,391
09/28/2018,PVU,UT,ANM,WE,Federal Contract Tower,6,2,35,0,43,0,0,148,0,148,6,2,183,0,191,310,0,310,501
09/29/2018,PVU,UT,ANM,WE,Federal Contract Tower,2,0,11,0,13,0,0,92,0,92,2,0,103,0,105,120,0,120,225
09/30/2018,PVU,UT,ANM,WE,Federal Contract Tower,2,0,8,0,10,0,0,17,0,17,2,0,25,0,27,44,0,44,71
10/01/2018,PVU,UT,ANM,WE,Federal Contract Tower,4,0,21,0,25,0,0,90,0,90,4,0,111,0,115,186,0,186,301
10/02/2018,PVU,UT,ANM,WE,Federal Contract Tower,2,3,37,0,42,0,0,76,0,76,2,3,113,0,118,159,2,161,279
10/03/2018,PVU,UT,ANM,WE,Federal Contract Tower,2,2,25,0,29,0,0,79,0,79,2,2,104,0,108,226,0,226,334
10/04/2018,PVU,UT,ANM,WE,Federal Contract Tower,4,8,14,0,26,0,0,75,0,75,4,8,89,0,101,184,0,184,285
10/05/2018,PVU,UT,ANM,WE,Federal Contract Tower,4,5,38,0,47,0,0,122,0,122,4,5,160,0,169,140,0,140,309
10/06/2018,PVU,UT,ANM,WE,Federal Contract Tower,2,7,25,0,34,0,0,80,0,80,2,7,105,0,114,162,0,162,276
10/07/2018,PVU,UT,ANM,WE,Federal Contract Tower,3,6,19,1,29,0,0,6,0,6,3,6,25,1,35,0,0,0,35
10/08/2018,PVU,UT,ANM,WE,Federal Contract Tower,4,2,26,0,32,0,0,85,0,85,4,2,111,0,117,208,0,208,325
10/09/2018,PVU,UT,ANM,WE,Federal Contract Tower,2,6,24,1,33,0,0,111,0,111,2,6,135,1,144,203,0,203,347
10/10/2018,PVU,UT,ANM,WE,Federal Contract Tower,2,7,8,0,17,0,6,68,0,74,2,13,76,0,91,140,0,140,231
10/11/2018,PVU,UT,ANM,WE,Federal Contract Tower,4,5,35,3,47,0,2,96,0,98,4,7,131,3,145,222,0,222,367
10/12/2018,PVU,UT,ANM,WE,Federal Contract Tower,4,2,44,0,50,0,0,111,0,111,4,2,155,0,161,200,0,200,361
10/13/2018,PVU,UT,ANM,WE,Federal Contract Tower,2,0,21,1,24,0,0,95,0,95,2,0,116,1,119,124,0,124,243
10/14/2018,PVU,UT,ANM,WE,Federal Contract Tower,4,0,18,0,22,0,0,11,0,11,4,0,29,0,33,8,0,8,41
10/15/2018,PVU,UT,ANM,WE,Federal Contract Tower,4,2,42,0,48,0,0,117,0,117,4,2,159,0,165,224,0,224,389
10/16/2018,PVU,UT,ANM,WE,Federal Contract Tower,2,0,49,0,51,0,0,124,0,124,2,0,173,0,175,164,0,164,339
10/17/2018,PVU,UT,ANM,WE,Federal Contract Tower,2,3,45,2,52,0,5,126,0,131,2,8,171,2,183,220,0,220,403
10/18/2018,PVU,UT,ANM,WE,Federal Contract Tower,4,4,45,0,53,0,0,114,0,114,4,4,159,0,167,136,0,136,303
10/19/2018,PVU,UT,ANM,WE,Federal Contract Tower,4,6,14,3,27,0,0,114,2,116,4,6,128,5,143,126,0,126,269
10/20/2018,PVU,UT,ANM,WE,Federal Contract Tower,2,1,21,0,24,0,0,55,5,60,2,1,76,5,84,90,0,90,174
10/21/2018,PVU,UT,ANM,WE,Federal Contract Tower,4,3,7,0,14,0,0,14,1,15,4,3,21,1,29,6,0,6,35
10/22/2018,PVU,UT,ANM,WE,Federal Contract Tower,4,3,26,0,33,0,0,79,0,79,4,3,105,0,112,94,0,94,206
10/23/2018,PVU,UT,ANM,WE,Federal Contract Tower,2,2,26,0,30,0,0,134,0,134,2,2,160,0,164,232,0,232,396
10/24/2018,PVU,UT,ANM,WE,Federal Contract Tower,2,5,16,0,23,0,5,138,0,143,2,10,154,0,166,258,0,258,424
10/25/2018,PVU,UT,ANM,WE,Federal Contract Tower,4,4,26,0,34,0,0,98,0,98,4,4,124,0,132,182,0,182,314
10/26/2018,PVU,UT,ANM,WE,Federal Contract Tower,5,1,24,0,30,0,0,102,0,102,5,1,126,0,132,156,0,156,288
10/27/2018,PVU,UT,ANM,WE,Federal Contract Tower,3,0,19,0,22,0,0,99,0,99,3,0,118,0,121,74,0,74,195
10/28/2018,PVU,UT,ANM,WE,Federal Contract Tower,4,0,11,0,15,0,0,26,0,26,4,0,37,0,41,26,0,26,67
10/29/2018,PVU,UT,ANM,WE,Federal Contract Tower,4,8,12,0,24,0,0,63,0,63,4,8,75,0,87,116,10,126,213
10/30/2018,PVU,UT,ANM,WE,Federal Contract Tower,2,7,14,0,23,0,0,82,0,82,2,7,96,0,105,158,0,158,263
10/31/2018,PVU,UT,ANM,WE,Federal Contract Tower,2,2,25,0,29,0,0,106,0,106,2,2,131,0,135,178,0,178,313
11/01/2018,PVU,UT,ANM,WE,Federal Contract Tower,4,4,17,0,25,0,0,36,0,36,4,4,53,0,61,60,0,60,121
11/02/2018,PVU,UT,ANM,WE,Federal Contract Tower,6,3,26,0,35,0,4,103,0,107,6,7,129,0,142,212,0,212,354
11/03/2018,PVU,UT,ANM,WE,Federal Contract Tower,2,0,8,0,10,0,0,87,0,87,2,0,95,0,97,132,0,132,229
11/04/2018,PVU,UT,ANM,WE,Federal Contract Tower,4,5,11,0,20,0,0,8,0,8,4,5,19,0,28,4,0,4,32
11/05/2018,PVU,UT,ANM,WE,Federal Contract Tower,4,3,55,0,62,0,0,94,0,94,4,3,149,0,156,252,0,252,408
11/06/2018,PVU,UT,ANM,WE,Federal Contract Tower,2,2,34,0,38,0,0,102,0,102,2,2,136,0,140,200,0,200,340
11/07/2018,PVU,UT,ANM,WE,Federal Contract Tower,2,0,34,0,36,0,0,122,0,122,2,0,156,0,158,236,0,236,394
11/08/2018,PVU,UT,ANM,WE,Federal Contract Tower,6,0,46,0,52,0,0,131,0,131,6,0,177,0,183,204,2,206,389
11/09/2018,PVU,UT,ANM,WE,Federal Contract Tower,4,5,25,0,34,0,0,114,0,114,4,5,139,0,148,218,0,218,366
11/10/2018,PVU,UT,ANM,WE,Federal Contract Tower,2,0,30,2,34,0,0,119,0,119,2,0,149,2,153,221,0,221,374
11/11/2018,PVU,UT,ANM,WE,Federal Contract Tower,4,0,8,0,12,0,0,13,0,13,4,0,21,0,25,8,0,8,33
11/12/2018,PVU,UT,ANM,WE,Federal Contract Tower,4,4,52,0,60,0,0,112,0,112,4,4,164,0,172,216,0,216,388
11/13/2018,PVU,UT,ANM,WE,Federal Contract Tower,2,2,29,0,33,0,0,115,0,115,2,2,144,0,148,222,0,222,370
11/14/2018,PVU,UT,ANM,WE,Federal Contract Tower,2,1,44,0,47,0,0,111,0,111,2,1,155,0,158,146,0,146,304
11/15/2018,PVU,UT,ANM,WE,Federal Contract Tower,4,5,30,0,39,0,0,110,0,110,4,5,140,0,149,192,0,192,341
11/16/2018,PVU,UT,ANM,WE,Federal Contract Tower,7,1,46,0,54,0,3,117,0,120,7,4,163,0,174,170,0,170,344
11/17/2018,PVU,UT,ANM,WE,Federal Contract Tower,2,2,22,1,27,0,0,71,0,71,2,2,93,1,98,102,0,102,200
11/18/2018,PVU,UT,ANM,WE,Federal Contract Tower,4,1,10,0,15,0,0,22,6,28,4,1,32,6,43,14,0,14,57
11/19/2018,PVU,UT,ANM,WE,Federal Contract Tower,6,3,41,1,51,0,0,114,0,114,6,3,155,1,165,226,0,226,391
11/20/2018,PVU,UT,ANM,WE,Federal Contract Tower,0,4,17,0,21,0,0,127,0,127,0,4,144,0,148,216,0,216,364
11/21/2018,PVU,UT,ANM,WE,Federal Contract Tower,8,3,36,0,47,0,0,96,0,96,8,3,132,0,143,180,0,180,323
11/22/2018,PVU,UT,ANM,WE,Federal Contract Tower,2,0,5,0,7,0,0,0,0,0,2,0,5,0,7,0,0,0,7
11/23/2018,PVU,UT,ANM,WE,Federal Contract Tower,2,2,9,0,13,0,0,20,0,20,2,2,29,0,33,52,0,52,85
11/24/2018,PVU,UT,ANM,WE,Federal Contract Tower,2,2,3,0,7,0,0,12,0,12,2,2,15,0,19,6,0,6,25
11/25/2018,PVU,UT,ANM,WE,Federal Contract Tower,7,2,15,0,24,0,0,16,0,16,7,2,31,0,40,17,0,17,57
11/26/2018,PVU,UT,ANM,WE,Federal Contract Tower,2,1,49,0,52,0,0,120,0,120,2,1,169,0,172,240,0,240,412
11/27/2018,PVU,UT,ANM,WE,Federal Contract Tower,0,7,47,0,54,0,0,125,0,125,0,7,172,0,179,234,4,238,417
11/28/2018,PVU,UT,ANM,WE,Federal Contract Tower,2,6,13,0,21,0,0,70,0,70,2,6,83,0,91,104,0,104,195
11/29/2018,PVU,UT,ANM,WE,Federal Contract Tower,2,8,13,0,23,0,3,10,0,13,2,11,23,0,36,26,0,26,62
11/30/2018,PVU,UT,ANM,WE,Federal Contract Tower,6,0,13,0,19,0,1,36,0,37,6,1,49,0,56,58,0,58,114
12/01/2018,PVU,UT,ANM,WE,Federal Contract Tower,2,1,27,0,30,0,0,102,0,102,2,1,129,0,132,194,0,194,326
12/02/2018,PVU,UT,ANM,WE,Federal Contract Tower,2,3,5,0,10,0,0,0,0,0,2,3,5,0,10,0,0,0,10
12/03/2018,PVU,UT,ANM,WE,Federal Contract Tower,6,4,30,0,40,0,0,98,0,98,6,4,128,0,138,212,0,212,350
12/04/2018,PVU,UT,ANM,WE,Federal Contract Tower,0,2,27,0,29,0,0,114,0,114,0,2,141,0,143,262,0,262,405
12/05/2018,PVU,UT,ANM,WE,Federal Contract Tower,2,0,23,0,25,0,2,124,0,126,2,2,147,0,151,290,0,290,441
12/06/2018,PVU,UT,ANM,WE,Federal Contract Tower,2,5,24,0,31,0,0,43,0,43,2,5,67,0,74,52,0,52,126
12/07/2018,PVU,UT,ANM,WE,Federal Contract Tower,6,2,24,0,32,0,0,41,0,41,6,2,65,0,73,72,0,72,145
12/08/2018,PVU,UT,ANM,WE,Federal Contract Tower,2,0,15,0,17,0,0,2,0,2,2,0,17,0,19,0,0,0,19
12/09/2018,PVU,UT,ANM,WE,Federal Contract Tower,2,3,15,0,20,0,0,0,0,0,2,3,15,0,20,0,0,0,20
12/10/2018,PVU,UT,ANM,WE,Federal Contract Tower,6,0,28,0,34,0,0,99,2,101,6,0,127,2,135,198,0,198,333
12/11/2018,PVU,UT,ANM,WE,Federal Contract Tower,0,10,19,0,29,0,0,4,0,4,0,10,23,0,33,0,0,0,33
12/12/2018,PVU,UT,ANM,WE,Federal Contract Tower,2,2,11,1,16,0,1,19,1,21,2,3,30,2,37,86,0,86,123
12/13/2018,PVU,UT,ANM,WE,Federal Contract Tower,2,1,30,4,37,0,0,126,0,126,2,1,156,4,163,138,0,138,301
12/14/2018,PVU,UT,ANM,WE,Federal Contract Tower,6,0,34,0,40,0,0,143,0,143,6,0,177,0,183,160,0,160,343
12/15/2018,PVU,UT,ANM,WE,Federal Contract Tower,2,0,18,0,20,0,0,100,0,100,2,0,118,0,120,170,0,170,290
12/16/2018,PVU,UT,ANM,WE,Federal Contract Tower,2,1,5,0,8,0,0,9,0,9,2,1,14,0,17,26,0,26,43
12/17/2018,PVU,UT,ANM,WE,Federal Contract Tower,6,8,16,2,32,0,0,81,0,81,6,8,97,2,113,184,0,184,297
12/18/2018,PVU,UT,ANM,WE,Federal Contract Tower,0,1,28,0,29,0,0,116,0,116,0,1,144,0,145,240,0,240,385
12/19/2018,PVU,UT,ANM,WE,Federal Contract Tower,2,1,6,2,11,0,0,79,0,79,2,1,85,2,90,170,2,172,262
12/20/2018,PVU,UT,ANM,WE,Federal Contract Tower,4,6,26,0,36,0,0,96,0,96,4,6,122,0,132,138,0,138,270
12/21/2018,PVU,UT,ANM,WE,Federal Contract Tower,6,7,20,0,33,0,4,64,0,68,6,11,84,0,101,86,0,86,187
12/22/2018,PVU,UT,ANM,WE,Federal Contract Tower,2,1,16,0,19,0,0,54,0,54,2,1,70,0,73,108,0,108,181
12/23/2018,PVU,UT,ANM,WE,Federal Contract Tower,4,1,4,0,9,0,0,5,0,5,4,1,9,0,14,4,0,4,18
12/24/2018,PVU,UT,ANM,WE,Federal Contract Tower,6,3,3,0,12,0,0,7,0,7,6,3,10,0,19,2,0,2,21
12/25/2018,PVU,UT,ANM,WE,Federal Contract Tower,2,0,0,0,2,0,1,3,0,4,2,1,3,0,6,0,0,0,6
12/26/2018,PVU,UT,ANM,WE,Federal Contract Tower,4,4,11,0,19,0,2,24,0,26,4,6,35,0,45,14,0,14,59
12/27/2018,PVU,UT,ANM,WE,Federal Contract Tower,4,6,17,0,27,0,0,0,0,0,4,6,17,0,27,0,0,0,27
12/28/2018,PVU,UT,ANM,WE,Federal Contract Tower,5,4,12,0,21,0,0,32,0,32,5,4,44,0,53,28,0,28,81
12/29/2018,PVU,UT,ANM,WE,Federal Contract Tower,2,3,11,0,16,0,0,30,0,30,2,3,41,0,46,10,0,10,56
12/30/2018,PVU,UT,ANM,WE,Federal Contract Tower,4,1,4,0,9,0,0,5,0,5,4,1,9,0,14,0,0,0,14
12/31/2018,PVU,UT,ANM,WE,Federal Contract Tower,6,2,1,0,9,0,0,9,0,9,6,2,10,0,18,10,0,10,28
01/01/2019,PVU,UT,ANM,WE,Federal Contract Tower,2,4,7,0,13,0,0,40,0,40,2,4,47,0,53,60,0,60,113
01/02/2019,PVU,UT,ANM,WE,Federal Contract Tower,4,2,26,2,34,0,0,43,0,43,4,2,69,2,77,108,0,108,185
01/03/2019,PVU,UT,ANM,WE,Federal Contract Tower,4,5,15,1,25,0,0,55,0,55,4,5,70,1,80,92,4,96,176
01/04/2019,PVU,UT,ANM,WE,Federal Contract Tower,6,6,19,0,31,0,4,45,2,51,6,10,64,2,82,62,0,62,144
01/05/2019,PVU,UT,ANM,WE,Federal Contract Tower,2,4,20,0,26,0,0,68,0,68,2,4,88,0,94,166,0,166,260
01/06/2019,PVU,UT,ANM,WE,Federal Contract Tower,4,1,13,0,18,0,2,0,0,2,4,3,13,0,20,0,0,0,20
01/07/2019,PVU,UT,ANM,WE,Federal Contract Tower,6,1,10,0,17,0,0,11,0,11,6,1,21,0,28,34,0,34,62
01/08/2019,PVU,UT,ANM,WE,Federal Contract Tower,0,4,21,0,25,0,0,83,0,83,0,4,104,0,108,198,2,200,308
01/09/2019,PVU,UT,ANM,WE,Federal Contract Tower,2,2,22,2,28,0,0,95,0,95,2,2,117,2,123,236,0,236,359
01/10/2019,PVU,UT,ANM,WE,Federal Contract Tower,2,4,23,0,29,0,0,85,0,85,2,4,108,0,114,206,0,206,320
01/11/2019,PVU,UT,ANM,WE,Federal Contract Tower,7,2,19,1,29,0,0,28,0,28,7,2,47,1,57,96,0,96,153
01/12/2019,PVU,UT,ANM,WE,Federal Contract Tower,2,10,17,0,29,0,0,6,0,6,2,10,23,0,35,26,0,26,61
01/13/2019,PVU,UT,ANM,WE,Federal Contract Tower,2,0,13,3,18,0,0,20,0,20,2,0,33,3,38,2,0,2,40
01/14/2019,PVU,UT,ANM,WE,Federal Contract Tower,6,3,48,0,57,0,0,146,0,146,6,3,194,0,203,378,0,378,581
01/15/2019,PVU,UT,ANM,WE,Federal Contract Tower,0,5,25,0,30,0,2,68,0,70,0,7,93,0,100,202,0,202,302
01/16/2019,PVU,UT,ANM,WE,Federal Contract Tower,2,4,16,1,23,0,2,63,0,65,2,6,79,1,88,162,0,162,250
01/17/2019,PVU,UT,ANM,WE,Federal Contract Tower,2,6,15,0,23,0,0,19,0,19,2,6,34,0,42,66,0,66,108
01/18/2019,PVU,UT,ANM,WE,Federal Contract Tower,6,2,18,0,26,0,0,65,0,65,6,2,83,0,91,162,0,162,253
01/19/2019,PVU,UT,ANM,WE,Federal Contract Tower,2,0,21,0,23,0,0,136,0,136,2,0,157,0,159,271,0,271,430
01/20/2019,PVU,UT,ANM,WE,Federal Contract Tower,2,4,18,0,24,0,0,21,0,21,2,4,39,0,45,4,0,4,49
01/21/2019,PVU,UT,ANM,WE,Federal Contract Tower,7,1,8,0,16,0,0,0,0,0,7,1,8,0,16,0,0,0,16
01/22/2019,PVU,UT,ANM,WE,Federal Contract Tower,0,2,29,0,31,0,0,141,0,141,0,2,170,0,172,284,0,284,456
01/23/2019,PVU,UT,ANM,WE,Federal Contract Tower,2,2,51,0,55,0,0,129,0,129,2,2,180,0,184,422,6,428,612
01/24/2019,PVU,UT,ANM,WE,Federal Contract Tower,2,3,65,0,70,0,0,119,0,119,2,3,184,0,189,210,0,210,399
01/25/2019,PVU,UT,ANM,WE,Federal Contract Tower,6,4,50,0,60,0,0,154,0,154,6,4,204,0,214,272,0,272,486
01/26/2019,PVU,UT,ANM,WE,Federal Contract Tower,2,0,21,2,25,0,0,140,0,140,2,0,161,2,165,316,0,316,481
01/27/2019,PVU,UT,ANM,WE,Federal Contract Tower,2,1,17,0,20,0,0,19,0,19,2,1,36,0,39,22,0,22,61
01/28/2019,PVU,UT,ANM,WE,Federal Contract Tower,6,5,48,1,60,0,0,152,0,152,6,5,200,1,212,280,0,280,492
01/29/2019,PVU,UT,ANM,WE,Federal Contract Tower,0,3,33,2,38,0,0,141,0,141,0,3,174,2,179,264,0,264,443
01/30/2019,PVU,UT,ANM,WE,Federal Contract Tower,2,5,27,0,34,0,0,145,0,145,2,5,172,0,179,312,0,312,491
01/31/2019,PVU,UT,ANM,WE,Federal Contract Tower,2,1,39,0,42,0,0,130,0,130,2,1,169,0,172,268,0,268,440
02/01/2019,PVU,UT,ANM,WE,Federal Contract Tower,6,4,25,2,37,0,0,154,0,154,6,4,179,2,191,286,0,286,477
02/02/2019,PVU,UT,ANM,WE,Federal Contract Tower,2,4,16,0,22,0,0,78,0,78,2,4,94,0,100,194,0,194,294
02/03/2019,PVU,UT,ANM,WE,Federal Contract Tower,2,5,12,0,19,0,0,11,0,11,2,5,23,0,30,4,0,4,34
02/04/2019,PVU,UT,ANM,WE,Federal Contract Tower,6,3,18,0,27,0,0,39,0,39,6,3,57,0,66,100,0,100,166
02/05/2019,PVU,UT,ANM,WE,Federal Contract Tower,2,10,11,0,23,0,0,19,0,19,2,10,30,0,42,48,0,48,90
02/06/2019,PVU,UT,ANM,WE,Federal Contract Tower,2,1,13,2,18,0,2,3,0,5,2,3,16,2,23,2,0,2,25
02/07/2019,PVU,UT,ANM,WE,Federal Contract Tower,2,1,34,0,37,0,0,115,0,115,2,1,149,0,152,242,0,242,394
02/08/2019,PVU,UT,ANM,WE,Federal Contract Tower,6,1,46,0,53,0,0,185,0,185,6,1,231,0,238,280,0,280,518
02/09/2019,PVU,UT,ANM,WE,Federal Contract Tower,2,0,21,2,25,0,0,92,0,92,2,0,113,2,117,214,0,214,331
02/10/2019,PVU,UT,ANM,WE,Federal Contract Tower,2,2,15,0,19,0,0,13,0,13,2,2,28,0,32,28,0,28,60
02/11/2019,PVU,UT,ANM,WE,Federal Contract Tower,6,4,20,0,30,0,0,119,0,119,6,4,139,0,149,272,0,272,421
02/12/2019,PVU,UT,ANM,WE,Federal Contract Tower,2,7,40,0,49,0,3,143,0,146,2,10,183,0,195,282,4,286,481
02/13/2019,PVU,UT,ANM,WE,Federal Contract Tower,2,2,18,2,24,0,4,30,0,34,2,6,48,2,58,50,0,50,108
02/14/2019,PVU,UT,ANM,WE,Federal Contract Tower,4,8,12,0,24,0,2,50,0,52,4,10,62,0,76,76,0,76,152
02/15/2019,PVU,UT,ANM,WE,Federal Contract Tower,6,7,44,11,68,0,4,98,0,102,6,11,142,11,170,180,0,180,350
02/16/2019,PVU,UT,ANM,WE,Federal Contract Tower,2,4,17,0,23,0,0,68,0,68,2,4,85,0,91,154,0,154,245
02/17/2019,PVU,UT,ANM,WE,Federal Contract Tower,5,3,4,0,12,0,2,10,0,12,5,5,14,0,24,8,0,8,32
02/18/2019,PVU,UT,ANM,WE,Federal Contract Tower,6,5,17,0,28,0,0,67,0,67,6,5,84,0,95,138,0,138,233
02/19/2019,PVU,UT,ANM,WE,Federal Contract Tower,2,2,25,0,29,0,0,32,0,32,2,2,57,0,61,54,0,54,115
02/20/2019,PVU,UT,ANM,WE,Federal Contract Tower,2,7,27,1,37,0,1,105,0,106,2,8,132,1,143,280,0,280,423
02/21/2019,PVU,UT,ANM,WE,Federal Contract Tower,4,7,24,2,37,0,1,123,0,124,4,8,147,2,161,210,0,210,371
02/22/2019,PVU,UT,ANM,WE,Federal Contract Tower,6,3,27,0,36,0,1,65,8,74,6,4,92,8,110,234,0,234,344
02/23/2019,PVU,UT,ANM,WE,Federal Contract Tower,2,1,47,0,50,0,0,147,0,147,2,1,194,0,197,264,0,264,461
02/24/2019,PVU,UT,ANM,WE,Federal Contract Tower,4,3,19,0,26,0,0,25,0,25,4,3,44,0,51,18,0,18,69
02/26/2019,PVU,UT,ANM,WE,Federal Contract Tower,2,0,31,1,34,0,0,104,4,108,2,0,135,5,142,196,0,196,338
02/27/2019,PVU,UT,ANM,WE,Federal Contract Tower,2,8,29,2,41,0,0,91,8,99,2,8,120,10,140,252,0,252,392
02/28/2019,PVU,UT,ANM,WE,Federal Contract Tower,4,0,24,0,28,0,1,99,4,104,4,1,123,4,132,168,10,178,310
03/01/2019,PVU,UT,ANM,WE,Federal Contract Tower,6,2,29,0,37,0,0,143,0,143,6,2,172,0,180,246,0,246,426
03/02/2019,PVU,UT,ANM,WE,Federal Contract Tower,2,1,14,0,17,0,0,0,0,0,2,1,14,0,17,0,0,0,17
03/03/2019,PVU,UT,ANM,WE,Federal Contract Tower,4,2,8,0,14,0,0,0,7,7,4,2,8,7,21,0,6,6,27
03/04/2019,PVU,UT,ANM,WE,Federal Contract Tower,8,11,60,0,79,0,0,133,0,133,8,11,193,0,212,258,0,258,470
03/05/2019,PVU,UT,ANM,WE,Federal Contract Tower,2,6,30,0,38,0,0,116,5,121,2,6,146,5,159,204,0,204,363
03/06/2019,PVU,UT,ANM,WE,Federal Contract Tower,2,9,15,0,26,0,0,13,3,16,2,9,28,3,42,48,0,48,90
03/07/2019,PVU,UT,ANM,WE,Federal Contract Tower,4,9,26,0,39,0,1,72,0,73,4,10,98,0,112,124,0,124,236
03/08/2019,PVU,UT,ANM,WE,Federal Contract Tower,6,8,12,0,26,0,0,0,0,0,6,8,12,0,26,0,0,0,26
03/09/2019,PVU,UT,ANM,WE,Federal Contract Tower,2,5,33,0,40,0,2,103,0,105,2,7,136,0,145,200,0,200,345
03/10/2019,PVU,UT,ANM,WE,Federal Contract Tower,4,0,4,4,12,0,0,21,8,29,4,0,25,12,41,74,2,76,117
03/11/2019,PVU,UT,ANM,WE,Federal Contract Tower,6,2,33,0,41,0,0,137,0,137,6,2,170,0,178,282,0,282,460
03/12/2019,PVU,UT,ANM,WE,Federal Contract Tower,2,0,38,2,42,0,0,189,0,189,2,0,227,2,231,204,0,204,435
03/13/2019,PVU,UT,ANM,WE,Federal Contract Tower,2,3,11,2,18,0,1,2,0,3,2,4,13,2,21,0,0,0,21
03/14/2019,PVU,UT,ANM,WE,Federal Contract Tower,4,7,21,0,32,0,4,93,0,97,4,11,114,0,129,158,0,158,287
03/15/2019,PVU,UT,ANM,WE,Federal Contract Tower,6,4,43,1,54,0,0,141,0,141,6,4,184,1,195,400,0,400,595
03/16/2019,PVU,UT,ANM,WE,Federal Contract Tower,2,4,42,0,48,0,4,111,0,115,2,8,153,0,163,126,0,126,289
03/17/2019,PVU,UT,ANM,WE,Federal Contract Tower,4,2,14,0,20,0,2,27,0,29,4,4,41,0,49,10,0,10,59
03/18/2019,PVU,UT,ANM,WE,Federal Contract Tower,6,1,30,0,37,0,0,158,0,158,6,1,188,0,195,274,0,274,469
03/19/2019,PVU,UT,ANM,WE,Federal Contract Tower,2,2,31,0,35,0,0,125,0,125,2,2,156,0,160,192,0,192,352
03/20/2019,PVU,UT,ANM,WE,Federal Contract Tower,2,2,13,0,17,0,0,75,0,75,2,2,88,0,92,98,0,98,190
03/21/2019,PVU,UT,ANM,WE,Federal Contract Tower,6,1,20,0,27,0,0,57,0,57,6,1,77,0,84,80,0,80,164
03/22/2019,PVU,UT,ANM,WE,Federal Contract Tower,6,4,11,0,21,0,0,17,0,17,6,4,28,0,38,34,0,34,72
03/23/2019,PVU,UT,ANM,WE,Federal Contract Tower,2,5,26,2,35,0,3,77,0,80,2,8,103,2,115,200,0,200,315
03/24/2019,PVU,UT,ANM,WE,Federal Contract Tower,4,0,5,0,9,0,0,14,0,14,4,0,19,0,23,18,0,18,41
03/25/2019,PVU,UT,ANM,WE,Federal Contract Tower,6,5,40,1,52,0,5,144,0,149,6,10,184,1,201,200,0,200,401
03/26/2019,PVU,UT,ANM,WE,Federal Contract Tower,2,3,37,0,42,0,6,120,0,126,2,9,157,0,168,194,0,194,362
03/27/2019,PVU,UT,ANM,WE,Federal Contract Tower,2,0,45,0,47,0,2,119,0,121,2,2,164,0,168,212,0,212,380
03/28/2019,PVU,UT,ANM,WE,Federal Contract Tower,4,0,20,0,24,0,0,121,2,123,4,0,141,2,147,184,0,184,331
03/29/2019,PVU,UT,ANM,WE,Federal Contract Tower,6,4,15,0,25,0,0,51,3,54,6,4,66,3,79,136,0,136,215
03/30/2019,PVU,UT,ANM,WE,Federal Contract Tower,2,2,23,0,27,0,0,111,3,114,2,2,134,3,141,200,0,200,341
03/31/2019,PVU,UT,ANM,WE,Federal Contract Tower,4,1,21,0,26,0,0,37,4,41,4,1,58,4,67,90,0,90,157
04/01/2019,PVU,UT,ANM,WE,Federal Contract Tower,6,0,59,0,65,0,0,155,0,155,6,0,214,0,220,300,0,300,520
04/02/2019,PVU,UT,ANM,WE,Federal Contract Tower,2,4,37,0,43,0,3,44,0,47,2,7,81,0,90,105,0,105,195
04/03/2019,PVU,UT,ANM,WE,Federal Contract Tower,2,6,21,0,29,0,0,68,0,68,2,6,89,0,97,126,0,126,223
04/04/2019,PVU,UT,ANM,WE,Federal Contract Tower,4,5,37,0,46,0,0,137,0,137,4,5,174,0,183,176,0,176,359
04/05/2019,PVU,UT,ANM,WE,Federal Contract Tower,6,0,33,0,39,0,0,113,0,113,6,0,146,0,152,194,0,194,346
04/06/2019,PVU,UT,ANM,WE,Federal Contract Tower,2,6,16,1,25,0,0,25,1,26,2,6,41,2,51,70,0,70,121
04/07/2019,PVU,UT,ANM,WE,Federal Contract Tower,4,0,23,0,27,0,0,52,0,52,4,0,75,0,79,80,0,80,159
04/08/2019,PVU,UT,ANM,WE,Federal Contract Tower,6,5,43,0,54,0,0,130,0,130,6,5,173,0,184,242,0,242,426
04/09/2019,PVU,UT,ANM,WE,Federal Contract Tower,2,3,20,0,25,0,0,44,0,44,2,3,64,0,69,94,2,96,165
04/10/2019,PVU,UT,ANM,WE,Federal Contract Tower,2,5,0,0,7,0,2,3,0,5,2,7,3,0,12,0,0,0,12
04/11/2019,PVU,UT,ANM,WE,Federal Contract Tower,4,0,28,0,32,0,0,50,0,50,4,0,78,0,82,138,0,138,220
04/12/2019,PVU,UT,ANM,WE,Federal Contract Tower,6,1,13,0,20,0,0,55,2,57,6,1,68,2,77,186,0,186,263
04/13/2019,PVU,UT,ANM,WE,Federal Contract Tower,2,0,43,0,45,0,0,122,0,122,2,0,165,0,167,140,0,140,307
04/14/2019,PVU,UT,ANM,WE,Federal Contract Tower,4,0,11,0,15,0,0,24,0,24,4,0,35,0,39,14,0,14,53
04/15/2019,PVU,UT,ANM,WE,Federal Contract Tower,6,1,31,0,38,0,0,59,0,59,6,1,90,0,97,140,0,140,237
04/16/2019,PVU,UT,ANM,WE,Federal Contract Tower,2,7,16,0,25,0,0,20,0,20,2,7,36,0,45,48,2,50,95
04/17/2019,PVU,UT,ANM,WE,Federal Contract Tower,2,2,34,2,40,0,0,136,0,136,2,2,170,2,176,230,10,240,416
04/18/2019,PVU,UT,ANM,WE,Federal Contract Tower,4,2,35,0,41,0,0,162,0,162,4,2,197,0,203,232,0,232,435
04/19/2019,PVU,UT,ANM,WE,Federal Contract Tower,6,5,42,0,53,0,0,145,1,146,6,5,187,1,199,246,0,246,445
04/20/2019,PVU,UT,ANM,WE,Federal Contract Tower,2,0,22,3,27,0,0,91,0,91,2,0,113,3,118,150,0,150,268
04/21/2019,PVU,UT,ANM,WE,Federal Contract Tower,4,2,14,0,20,0,1,19,0,20,4,3,33,0,40,22,0,22,62
04/22/2019,PVU,UT,ANM,WE,Federal Contract Tower,6,6,32,3,47,0,0,134,0,134,6,6,166,3,181,226,0,226,407
04/23/2019,PVU,UT,ANM,WE,Federal Contract Tower,2,7,38,2,49,0,0,144,6,150,2,7,182,8,199,250,0,250,449
04/24/2019,PVU,UT,ANM,WE,Federal Contract Tower,2,6,35,0,43,0,0,120,0,120,2,6,155,0,163,190,2,192,355
04/25/2019,PVU,UT,ANM,WE,Federal Contract Tower,4,8,30,1,43,0,0,139,1,140,4,8,169,2,183,248,8,256,439
04/26/2019,PVU,UT,ANM,WE,Federal Contract Tower,6,4,33,0,43,0,0,97,0,97,6,4,130,0,140,146,0,146,286
04/27/2019,PVU,UT,ANM,WE,Federal Contract Tower,2,3,21,0,26,0,1,118,0,119,2,4,139,0,145,140,0,140,285
04/28/2019,PVU,UT,ANM,WE,Federal Contract Tower,4,0,8,0,12,0,0,25,4,29,4,0,33,4,41,26,0,26,67
04/29/2019,PVU,UT,ANM,WE,Federal Contract Tower,6,1,32,0,39,0,0,126,0,126,6,1,158,0,165,248,0,248,413
04/30/2019,PVU,UT,ANM,WE,Federal Contract Tower,2,0,16,0,18,0,0,50,6,56,2,0,66,6,74,112,0,112,186
05/01/2019,PVU,UT,ANM,WE,Federal Contract Tower,2,1,28,0,31,0,0,163,1,164,2,1,191,1,195,244,2,246,441
05/02/2019,PVU,UT,ANM,WE,Federal Contract Tower,4,2,32,2,40,0,0,175,4,179,4,2,207,6,219,256,0,256,475
05/03/2019,PVU,UT,ANM,WE,Federal Contract Tower,6,1,33,0,40,0,0,109,1,110,6,1,142,1,150,220,0,220,370
05/04/2019,PVU,UT,ANM,WE,Federal Contract Tower,2,1,13,0,16,0,0,91,0,91,2,1,104,0,107,130,0,130,237
05/05/2019,PVU,UT,ANM,WE,Federal Contract Tower,4,2,11,0,17,0,1,17,0,18,4,3,28,0,35,2,0,2,37
05/06/2019,PVU,UT,ANM,WE,Federal Contract Tower,12,7,26,0,45,0,0,72,0,72,12,7,98,0,117,136,0,136,253
05/07/2019,PVU,UT,ANM,WE,Federal Contract Tower,2,1,15,2,20,0,0,26,2,28,2,1,41,4,48,46,0,46,94
05/08/2019,PVU,UT,ANM,WE,Federal Contract Tower,2,2,33,0,37,0,0,68,0,68,2,2,101,0,105,184,0,184,289
05/09/2019,PVU,UT,ANM,WE,Federal Contract Tower,4,4,22,0,30,0,0,128,2,130,4,4,150,2,160,296,0,296,456
05/10/2019,PVU,UT,ANM,WE,Federal Contract Tower,6,5,35,0,46,0,0,143,0,143,6,5,178,0,189,229,0,229,418
05/11/2019,PVU,UT,ANM,WE,Federal Contract Tower,2,0,19,0,21,0,0,108,0,108,2,0,127,0,129,120,0,120,249
05/12/2019,PVU,UT,ANM,WE,Federal Contract Tower,4,3,12,0,19,0,0,39,0,39,4,3,51,0,58,4,0,4,62
05/13/2019,PVU,UT,ANM,WE,Federal Contract Tower,6,4,18,0,28,0,0,170,0,170,6,4,188,0,198,252,6,258,456
05/14/2019,PVU,UT,ANM,WE,Federal Contract Tower,2,8,25,0,35,0,0,163,1,164,2,8,188,1,199,251,0,251,450
05/15/2019,PVU,UT,ANM,WE,Federal Contract Tower,2,1,19,0,22,0,2,122,1,125,2,3,141,1,147,184,0,184,331
05/16/2019,PVU,UT,ANM,WE,Federal Contract Tower,4,5,23,0,32,0,0,101,4,105,4,5,124,4,137,164,0,164,301
05/17/2019,PVU,UT,ANM,WE,Federal Contract Tower,10,4,16,2,32,0,0,54,0,54,10,4,70,2,86,102,0,102,188
05/18/2019,PVU,UT,ANM,WE,Federal Contract Tower,2,0,27,1,30,0,2,85,0,87,2,2,112,1,117,200,0,200,317
05/19/2019,PVU,UT,ANM,WE,Federal Contract Tower,4,1,9,0,14,0,4,9,0,13,4,5,18,0,27,20,0,20,47
05/20/2019,PVU,UT,ANM,WE,Federal Contract Tower,6,5,48,0,59,0,0,151,0,151,6,5,199,0,210,244,0,244,454
05/21/2019,PVU,UT,ANM,WE,Federal Contract Tower,2,7,31,0,40,0,0,65,0,65,2,7,96,0,105,130,0,130,235
05/22/2019,PVU,UT,ANM,WE,Federal Contract Tower,2,6,4,2,14,0,0,67,0,67,2,6,71,2,81,142,0,142,223
05/23/2019,PVU,UT,ANM,WE,Federal Contract Tower,4,1,24,2,31,0,0,91,0,91,4,1,115,2,122,154,0,154,276
05/24/2019,PVU,UT,ANM,WE,Federal Contract Tower,8,4,31,0,43,0,0,138,0,138,8,4,169,0,181,208,0,208,389
05/25/2019,PVU,UT,ANM,WE,Federal Contract Tower,2,3,44,0,49,0,2,155,0,157,2,5,199,0,206,240,0,240,446
05/26/2019,PVU,UT,ANM,WE,Federal Contract Tower,4,0,7,0,11,0,0,35,0,35,4,0,42,0,46,10,0,10,56
05/27/2019,PVU,UT,ANM,WE,Federal Contract Tower,6,0,9,0,15,0,0,14,0,14,6,0,23,0,29,10,0,10,39
05/28/2019,PVU,UT,ANM,WE,Federal Contract Tower,2,1,40,0,43,0,0,133,0,133,2,1,173,0,176,366,0,366,542
05/29/2019,PVU,UT,ANM,WE,Federal Contract Tower,2,3,35,2,42,0,0,159,0,159,2,3,194,2,201,290,0,290,491
05/30/2019,PVU,UT,ANM,WE,Federal Contract Tower,4,4,45,0,53,0,0,159,0,159,4,4,204,0,212,312,0,312,524
05/31/2019,PVU,UT,ANM,WE,Federal Contract Tower,8,4,41,0,53,0,0,169,0,169,8,4,210,0,222,271,0,271,493
06/01/2019,PVU,UT,ANM,WE,Federal Contract Tower,2,3,12,0,17,0,0,115,0,115,2,3,127,0,132,240,0,240,372
06/02/2019,PVU,UT,ANM,WE,Federal Contract Tower,4,2,17,0,23,0,0,29,0,29,4,2,46,0,52,10,0,10,62
06/03/2019,PVU,UT,ANM,WE,Federal Contract Tower,6,0,48,0,54,0,0,177,0,177,6,0,225,0,231,322,0,322,553
06/04/2019,PVU,UT,ANM,WE,Federal Contract Tower,2,0,29,0,31,0,2,149,0,151,2,2,178,0,182,210,0,210,392
06/05/2019,PVU,UT,ANM,WE,Federal Contract Tower,2,0,32,0,34,0,0,136,0,136,2,0,168,0,170,260,0,260,430
06/06/2019,PVU,UT,ANM,WE,Federal Contract Tower,4,2,12,0,18,0,0,65,1,66,4,2,77,1,84,98,0,98,182
06/07/2019,PVU,UT,ANM,WE,Federal Contract Tower,8,4,30,1,43,0,0,75,0,75,8,4,105,1,118,98,10,108,226
06/08/2019,PVU,UT,ANM,WE,Federal Contract Tower,2,1,35,0,38,0,8,121,0,129,2,9,156,0,167,150,0,150,317
06/09/2019,PVU,UT,ANM,WE,Federal Contract Tower,4,2,10,0,16,0,0,47,0,47,4,2,57,0,63,14,0,14,77
06/10/2019,PVU,UT,ANM,WE,Federal Contract Tower,8,0,38,0,46,0,0,140,0,140,8,0,178,0,186,174,0,174,360
06/11/2019,PVU,UT,ANM,WE,Federal Contract Tower,2,0,35,0,37,0,0,136,0,136,2,0,171,0,173,216,0,216,389
06/12/2019,PVU,UT,ANM,WE,Federal Contract Tower,2,1,32,0,35,0,0,174,0,174,2,1,206,0,209,244,0,244,453
06/13/2019,PVU,UT,ANM,WE,Federal Contract Tower,4,7,21,2,34,0,0,100,0,100,4,7,121,2,134,134,0,134,268
06/14/2019,PVU,UT,ANM,WE,Federal Contract Tower,8,2,27,0,37,0,0,106,0,106,8,2,133,0,143,146,0,146,289
06/15/2019,PVU,UT,ANM,WE,Federal Contract Tower,2,0,17,0,19,0,0,127,0,127,2,0,144,0,146,160,0,160,306
06/16/2019,PVU,UT,ANM,WE,Federal Contract Tower,2,0,18,0,20,0,2,51,0,53,2,2,69,0,73,40,0,40,113
06/17/2019,PVU,UT,ANM,WE,Federal Contract Tower,8,6,23,0,37,0,0,108,0,108,8,6,131,0,145,170,0,170,315
06/18/2019,PVU,UT,ANM,WE,Federal Contract Tower,2,1,35,0,38,0,0,160,1,161,2,1,195,1,199,238,0,238,437
06/19/2019,PVU,UT,ANM,WE,Federal Contract Tower,2,6,38,0,46,0,3,181,1,185,2,9,219,1,231,224,0,224,455
06/20/2019,PVU,UT,ANM,WE,Federal Contract Tower,4,6,19,0,29,0,0,96,0,96,4,6,115,0,125,150,0,150,275
06/21/2019,PVU,UT,ANM,WE,Federal Contract Tower,8,7,26,0,41,0,0,131,2,133,8,7,157,2,174,120,0,120,294
06/22/2019,PVU,UT,ANM,WE,Federal Contract Tower,2,7,15,0,24,0,7,98,4,109,2,14,113,4,133,124,0,124,257
06/23/2019,PVU,UT,ANM,WE,Federal Contract Tower,2,6,18,0,26,0,0,44,0,44,2,6,62,0,70,14,0,14,84
06/24/2019,PVU,UT,ANM,WE,Federal Contract Tower,8,3,38,0,49,0,0,144,0,144,8,3,182,0,193,184,0,184,377
06/25/2019,PVU,UT,ANM,WE,Federal Contract Tower,2,0,39,0,41,0,0,158,0,158,2,0,197,0,199,278,0,278,477
06/26/2019,PVU,UT,ANM,WE,Federal Contract Tower,2,7,32,0,41,0,4,145,0,149,2,11,177,0,190,254,0,254,444
06/27/2019,PVU,UT,ANM,WE,Federal Contract Tower,4,4,55,4,67,0,0,115,7,122,4,4,170,11,189,248,0,248,437
06/28/2019,PVU,UT,ANM,WE,Federal Contract Tower,6,4,34,0,44,0,2,128,0,130,6,6,162,0,174,262,0,262,436
06/29/2019,PVU,UT,ANM,WE,Federal Contract Tower,4,4,34,0,42,0,4,106,0,110,4,8,140,0,152,210,0,210,362
06/30/2019,PVU,UT,ANM,WE,Federal Contract Tower,4,3,10,0,17,0,0,23,0,23,4,3,33,0,40,4,0,4,44
07/01/2019,PVU,UT,ANM,WE,Federal Contract Tower,7,0,27,0,34,0,0,125,0,125,7,0,152,0,159,244,0,244,403
07/02/2019,PVU,UT,ANM,WE,Federal Contract Tower,2,0,31,0,33,0,0,137,2,139,2,0,168,2,172,310,0,310,482
07/03/2019,PVU,UT,ANM,WE,Federal Contract Tower,2,5,30,0,37,0,0,135,0,135,2,5,165,0,172,186,0,186,358
07/04/2019,PVU,UT,ANM,WE,Federal Contract Tower,4,0,5,0,9,0,0,33,0,33,4,0,38,0,42,22,0,22,64
07/05/2019,PVU,UT,ANM,WE,Federal Contract Tower,8,4,9,0,21,0,0,126,0,126,8,4,135,0,147,168,0,168,315
07/06/2019,PVU,UT,ANM,WE,Federal Contract Tower,4,0,36,0,40,0,0,141,0,141,4,0,177,0,181,220,0,220,401
07/07/2019,PVU,UT,ANM,WE,Federal Contract Tower,4,0,5,0,9,0,0,39,0,39,4,0,44,0,48,2,0,2,50
07/08/2019,PVU,UT,ANM,WE,Federal Contract Tower,8,2,36,0,46,0,0,124,0,124,8,2,160,0,170,152,0,152,322
07/09/2019,PVU,UT,ANM,WE,Federal Contract Tower,2,2,34,0,38,0,0,133,0,133,2,2,167,0,171,166,2,168,339
07/10/2019,PVU,UT,ANM,WE,Federal Contract Tower,2,1,20,0,23,0,0,127,0,127,2,1,147,0,150,234,0,234,384
07/11/2019,PVU,UT,ANM,WE,Federal Contract Tower,4,0,30,2,36,0,0,110,0,110,4,0,140,2,146,166,0,166,312
07/12/2019,PVU,UT,ANM,WE,Federal Contract Tower,8,5,31,4,48,0,1,134,0,135,8,6,165,4,183,200,0,200,383
07/13/2019,PVU,UT,ANM,WE,Federal Contract Tower,2,1,13,0,16,0,0,117,0,117,2,1,130,0,133,248,0,248,381
07/14/2019,PVU,UT,ANM,WE,Federal Contract Tower,6,0,14,0,20,0,0,44,0,44,6,0,58,0,64,40,0,40,104
07/15/2019,PVU,UT,ANM,WE,Federal Contract Tower,8,0,31,0,39,0,0,138,2,140,8,0,169,2,179,162,0,162,341
07/16/2019,PVU,UT,ANM,WE,Federal Contract Tower,2,0,33,0,35,0,0,156,0,156,2,0,189,0,191,242,2,244,435
07/17/2019,PVU,UT,ANM,WE,Federal Contract Tower,2,4,16,5,27,0,0,130,0,130,2,4,146,5,157,196,0,196,353
07/18/2019,PVU,UT,ANM,WE,Federal Contract Tower,4,8,34,0,46,0,0,137,2,139,4,8,171,2,185,174,0,174,359
07/19/2019,PVU,UT,ANM,WE,Federal Contract Tower,8,2,25,0,35,0,0,131,0,131,8,2,156,0,166,192,0,192,358
07/20/2019,PVU,UT,ANM,WE,Federal Contract Tower,2,6,14,0,22,0,1,118,0,119,2,7,132,0,141,200,0,200,341
07/21/2019,PVU,UT,ANM,WE,Federal Contract Tower,4,1,20,0,25,0,0,35,0,35,4,1,55,0,60,14,0,14,74
07/22/2019,PVU,UT,ANM,WE,Federal Contract Tower,9,6,25,0,40,0,0,115,0,115,9,6,140,0,155,140,0,140,295
07/23/2019,PVU,UT,ANM,WE,Federal Contract Tower,2,5,40,1,48,0,0,125,0,125,2,5,165,1,173,246,0,246,419
07/24/2019,PVU,UT,ANM,WE,Federal Contract Tower,2,1,11,0,14,0,0,64,1,65,2,1,75,1,79,46,0,46,125
07/25/2019,PVU,UT,ANM,WE,Federal Contract Tower,4,4,27,0,35,0,0,111,0,111,4,4,138,0,146,188,0,188,334
07/26/2019,PVU,UT,ANM,WE,Federal Contract Tower,7,6,14,0,27,0,0,68,0,68,7,6,82,0,95,112,0,112,207
07/27/2019,PVU,UT,ANM,WE,Federal Contract Tower,5,1,29,0,35,0,0,99,0,99,5,1,128,0,134,150,0,150,284
07/29/2019,PVU,UT,ANM,WE,Federal Contract Tower,8,1,38,0,47,0,0,112,0,112,8,1,150,0,159,206,2,208,367
07/30/2019,PVU,UT,ANM,WE,Federal Contract Tower,2,0,33,0,35,0,3,121,0,124,2,3,154,0,159,210,0,210,369
07/31/2019,PVU,UT,ANM,WE,Federal Contract Tower,2,2,21,0,25,0,0,70,0,70,2,2,91,0,95,106,0,106,201
08/01/2019,PVU,UT,ANM,WE,Federal Contract Tower,4,5,35,0,44,0,0,125,0,125,4,5,160,0,169,190,0,190,359
08/02/2019,PVU,UT,ANM,WE,Federal Contract Tower,8,5,26,0,39,0,0,128,0,128,8,5,154,0,167,196,0,196,363
08/03/2019,PVU,UT,ANM,WE,Federal Contract Tower,2,2,29,0,33,0,0,86,0,86,2,2,115,0,119,110,0,110,229
08/04/2019,PVU,UT,ANM,WE,Federal Contract Tower,4,2,9,0,15,0,2,31,0,33,4,4,40,0,48,6,0,6,54
08/05/2019,PVU,UT,ANM,WE,Federal Contract Tower,8,10,17,0,35,0,0,80,0,80,8,10,97,0,115,78,0,78,193
08/06/2019,PVU,UT,ANM,WE,Federal Contract Tower,2,6,31,1,40,0,2,152,0,154,2,8,183,1,194,264,0,264,458
08/07/2019,PVU,UT,ANM,WE,Federal Contract Tower,2,7,35,0,44,0,0,154,0,154,2,7,189,0,198,266,0,266,464
08/08/2019,PVU,UT,ANM,WE,Federal Contract Tower,5,2,24,0,31,0,0,136,0,136,5,2,160,0,167,184,0,184,351
08/09/2019,PVU,UT,ANM,WE,Federal Contract Tower,9,2,45,0,56,0,0,143,0,143,9,2,188,0,199,206,0,206,405
08/10/2019,PVU,UT,ANM,WE,Federal Contract Tower,2,5,31,0,38,0,0,113,0,113,2,5,144,0,151,128,0,128,279
08/11/2019,PVU,UT,ANM,WE,Federal Contract Tower,4,3,14,0,21,0,0,25,0,25,4,3,39,0,46,42,0,42,88
08/12/2019,PVU,UT,ANM,WE,Federal Contract Tower,8,2,18,0,28,0,0,81,0,81,8,2,99,0,109,78,0,78,187
08/13/2019,PVU,UT,ANM,WE,Federal Contract Tower,2,6,22,0,30,0,0,133,0,133,2,6,155,0,163,154,2,156,319
08/14/2019,PVU,UT,ANM,WE,Federal Contract Tower,2,4,30,0,36,0,1,132,0,133,2,5,162,0,169,234,0,234,403
08/15/2019,PVU,UT,ANM,WE,Federal Contract Tower,6,2,27,1,36,0,0,116,2,118,6,2,143,3,154,186,6,192,346
08/16/2019,PVU,UT,ANM,WE,Federal Contract Tower,6,2,24,0,32,0,0,83,0,83,6,2,107,0,115,116,0,116,231
08/17/2019,PVU,UT,ANM,WE,Federal Contract Tower,2,0,14,1,17,0,0,73,0,73,2,0,87,1,90,50,0,50,140
08/18/2019,PVU,UT,ANM,WE,Federal Contract Tower,6,1,12,0,19,0,0,22,0,22,6,1,34,0,41,10,0,10,51
08/19/2019,PVU,UT,ANM,WE,Federal Contract Tower,6,0,29,0,35,0,0,120,0,120,6,0,149,0,155,202,0,202,357
08/20/2019,PVU,UT,ANM,WE,Federal Contract Tower,2,4,37,2,45,0,0,149,0,149,2,4,186,2,194,194,4,198,392
08/21/2019,PVU,UT,ANM,WE,Federal Contract Tower,2,13,32,1,48,0,6,205,0,211,2,19,237,1,259,320,2,322,581
08/22/2019,PVU,UT,ANM,WE,Federal Contract Tower,6,5,16,0,27,0,0,124,3,127,6,5,140,3,154,164,0,164,318
08/23/2019,PVU,UT,ANM,WE,Federal Contract Tower,6,4,13,0,23,0,0,196,0,196,6,4,209,0,219,238,0,238,457
08/24/2019,PVU,UT,ANM,WE,Federal Contract Tower,2,3,22,0,27,0,2,135,0,137,2,5,157,0,164,172,0,172,336
08/25/2019,PVU,UT,ANM,WE,Federal Contract Tower,6,1,15,0,22,0,0,49,0,49,6,1,64,0,71,14,0,14,85
08/26/2019,PVU,UT,ANM,WE,Federal Contract Tower,6,4,10,3,23,0,0,166,0,166,6,4,176,3,189,292,0,292,481
08/27/2019,PVU,UT,ANM,WE,Federal Contract Tower,2,3,45,1,51,0,4,189,3,196,2,7,234,4,247,300,0,300,547
08/28/2019,PVU,UT,ANM,WE,Federal Contract Tower,2,4,30,0,36,0,0,173,0,173,2,4,203,0,209,298,0,298,507
08/29/2019,PVU,UT,ANM,WE,Federal Contract Tower,6,3,42,0,51,0,1,127,0,128,6,4,169,0,179,224,0,224,403
08/30/2019,PVU,UT,ANM,WE,Federal Contract Tower,6,6,45,0,57,0,5,130,0,135,6,11,175,0,192,222,0,222,414
08/31/2019,PVU,UT,ANM,WE,Federal Contract Tower,2,0,18,0,20,0,0,114,0,114,2,0,132,0,134,160,0,160,294
09/01/2019,PVU,UT,ANM,WE,Federal Contract Tower,6,0,6,0,12,0,1,30,0,31,6,1,36,0,43,14,0,14,57
09/02/2019,PVU,UT,ANM,WE,Federal Contract Tower,8,3,23,0,34,0,0,65,0,65,8,3,88,0,99,92,0,92,191
09/03/2019,PVU,UT,ANM,WE,Federal Contract Tower,2,3,22,0,27,0,1,110,0,111,2,4,132,0,138,160,0,160,298
09/04/2019,PVU,UT,ANM,WE,Federal Contract Tower,2,2,43,0,47,0,0,142,0,142,2,2,185,0,189,296,0,296,485
09/05/2019,PVU,UT,ANM,WE,Federal Contract Tower,10,0,1,41,52,0,2,126,1,129,10,2,127,42,181,180,0,180,361
09/06/2019,PVU,UT,ANM,WE,Federal Contract Tower,6,2,20,0,28,0,8,143,0,151,6,10,163,0,179,222,0,222,401
09/07/2019,PVU,UT,ANM,WE,Federal Contract Tower,2,0,20,0,22,0,0,150,0,150,2,0,170,0,172,260,0,260,432
09/08/2019,PVU,UT,ANM,WE,Federal Contract Tower,6,2,18,0,26,0,0,16,4,20,6,2,34,4,46,20,0,20,66
09/09/2019,PVU,UT,ANM,WE,Federal Contract Tower,6,5,42,0,53,0,0,157,0,157,6,5,199,0,210,360,0,360,570
09/10/2019,PVU,UT,ANM,WE,Federal Contract Tower,2,12,9,0,23,0,11,78,0,89,2,23,87,0,112,120,0,120,232
09/11/2019,PVU,UT,ANM,WE,Federal Contract Tower,2,0,11,0,13,0,0,69,0,69,2,0,80,0,82,164,0,164,246
09/12/2019,PVU,UT,ANM,WE,Federal Contract Tower,6,3,27,2,38,0,0,167,2,169,6,3,194,4,207,284,0,284,491
09/13/2019,PVU,UT,ANM,WE,Federal Contract Tower,6,6,37,0,49,0,0,172,0,172,6,6,209,0,221,270,0,270,491
09/14/2019,PVU,UT,ANM,WE,Federal Contract Tower,2,7,34,0,43,0,0,104,0,104,2,7,138,0,147,150,0,150,297
09/15/2019,PVU,UT,ANM,WE,Federal Contract Tower,6,1,19,0,26,0,0,39,5,44,6,1,58,5,70,52,2,54,124
09/16/2019,PVU,UT,ANM,WE,Federal Contract Tower,6,5,19,0,30,0,0,72,0,72,6,5,91,0,102,160,2,162,264
09/17/2019,PVU,UT,ANM,WE,Federal Contract Tower,2,11,13,0,26,0,0,143,1,144,2,11,156,1,170,206,0,206,376
09/18/2019,PVU,UT,ANM,WE,Federal Contract Tower,2,10,27,2,41,0,8,165,2,175,2,18,192,4,216,280,2,282,498
09/19/2019,PVU,UT,ANM,WE,Federal Contract Tower,6,0,13,1,20,0,0,116,3,119,6,0,129,4,139,158,0,158,297
09/20/2019,PVU,UT,ANM,WE,Federal Contract Tower,8,2,23,0,33,0,0,82,0,82,8,2,105,0,115,126,0,126,241
09/21/2019,PVU,UT,ANM,WE,Federal Contract Tower,4,0,36,0,40,0,0,175,0,175,4,0,211,0,215,260,0,260,475
09/22/2019,PVU,UT,ANM,WE,Federal Contract Tower,6,2,16,0,24,0,0,38,0,38,6,2,54,0,62,50,0,50,112
09/23/2019,PVU,UT,ANM,WE,Federal Contract Tower,6,0,33,0,39,0,0,164,0,164,6,0,197,0,203,230,0,230,433
09/24/2019,PVU,UT,ANM,WE,Federal Contract Tower,2,0,23,0,25,0,0,193,5,198,2,0,216,5,223,286,0,286,509
09/25/2019,PVU,UT,ANM,WE,Federal Contract Tower,2,2,12,2,18,0,1,203,5,209,2,3,215,7,227,328,0,328,555
09/26/2019,PVU,UT,ANM,WE,Federal Contract Tower,8,2,34,0,44,0,0,158,0,158,8,2,192,0,202,222,0,222,424
09/27/2019,PVU,UT,ANM,WE,Federal Contract Tower,6,1,22,0,29,0,0,0,119,119,6,1,22,119,148,103,0,103,251
09/28/2019,PVU,UT,ANM,WE,Federal Contract Tower,4,3,12,0,19,0,0,43,0,43,4,3,55,0,62,60,0,60,122
09/29/2019,PVU,UT,ANM,WE,Federal Contract Tower,6,1,11,0,18,0,0,10,0,10,6,1,21,0,28,30,0,30,58
09/30/2019,PVU,UT,ANM,WE,Federal Contract Tower,6,1,30,0,37,0,0,178,0,178,6,1,208,0,215,274,0,274,489
10/01/2019,PVU,UT,ANM,WE,Federal Contract Tower,2,5,16,0,23,0,0,177,0,177,2,5,193,0,200,230,0,230,430
10/02/2019,PVU,UT,ANM,WE,Federal Contract Tower,4,3,16,0,23,0,0,151,0,151,4,3,167,0,174,282,0,282,456
10/03/2019,PVU,UT,ANM,WE,Federal Contract Tower,6,1,33,0,40,0,0,165,0,165,6,1,198,0,205,236,0,236,441
10/04/2019,PVU,UT,ANM,WE,Federal Contract Tower,6,11,26,0,43,0,0,115,6,121,6,11,141,6,164,170,0,170,334
10/05/2019,PVU,UT,ANM,WE,Federal Contract Tower,2,4,25,11,42,0,4,119,5,128,2,8,144,16,170,114,0,114,284
10/06/2019,PVU,UT,ANM,WE,Federal Contract Tower,6,1,18,0,25,0,0,38,0,38,6,1,56,0,63,30,0,30,93
10/07/2019,PVU,UT,ANM,WE,Federal Contract Tower,8,1,35,0,44,0,0,206,0,206,8,1,241,0,250,214,10,224,474
10/08/2019,PVU,UT,ANM,WE,Federal Contract Tower,2,1,17,0,20,0,0,179,0,179,2,1,196,0,199,202,0,202,401
10/09/2019,PVU,UT,ANM,WE,Federal Contract Tower,4,2,14,2,22,0,0,31,4,35,4,2,45,6,57,58,0,58,115
10/10/2019,PVU,UT,ANM,WE,Federal Contract Tower,10,6,10,2,28,0,0,105,2,107,10,6,115,4,135,112,0,112,247
10/11/2019,PVU,UT,ANM,WE,Federal Contract Tower,6,2,35,0,43,0,4,203,0,207,6,6,238,0,250,214,0,214,464
10/12/2019,PVU,UT,ANM,WE,Federal Contract Tower,2,0,48,0,50,0,0,138,0,138,2,0,186,0,188,174,0,174,362
10/13/2019,PVU,UT,ANM,WE,Federal Contract Tower,6,2,13,0,21,0,0,53,0,53,6,2,66,0,74,54,0,54,128
10/14/2019,PVU,UT,ANM,WE,Federal Contract Tower,6,1,42,0,49,0,0,187,0,187,6,1,229,0,236,276,0,276,512
10/15/2019,PVU,UT,ANM,WE,Federal Contract Tower,2,4,26,0,32,0,0,188,0,188,2,4,214,0,220,252,0,252,472
10/16/2019,PVU,UT,ANM,WE,Federal Contract Tower,4,1,26,1,32,0,0,160,4,164,4,1,186,5,196,262,0,262,458
10/17/2019,PVU,UT,ANM,WE,Federal Contract Tower,6,8,25,0,39,0,0,107,0,107,6,8,132,0,146,116,0,116,262
10/18/2019,PVU,UT,ANM,WE,Federal Contract Tower,7,5,9,0,21,0,0,155,0,155,7,5,164,0,176,26,0,26,202
10/19/2019,PVU,UT,ANM,WE,Federal Contract Tower,3,1,19,0,23,0,0,66,0,66,3,1,85,0,89,42,0,42,131
10/20/2019,PVU,UT,ANM,WE,Federal Contract Tower,6,1,20,0,27,0,0,26,0,26,6,1,46,0,53,4,0,4,57
10/21/2019,PVU,UT,ANM,WE,Federal Contract Tower,6,0,20,0,26,0,0,140,0,140,6,0,160,0,166,224,0,224,390
10/22/2019,PVU,UT,ANM,WE,Federal Contract Tower,2,3,28,2,35,0,0,172,0,172,2,3,200,2,207,242,4,246,453
10/23/2019,PVU,UT,ANM,WE,Federal Contract Tower,2,12,21,0,35,0,6,129,0,135,2,18,150,0,170,216,0,216,386
10/24/2019,PVU,UT,ANM,WE,Federal Contract Tower,6,3,29,0,38,0,0,132,0,132,6,3,161,0,170,202,0,202,372
10/25/2019,PVU,UT,ANM,WE,Federal Contract Tower,6,2,35,1,44,0,0,128,17,145,6,2,163,18,189,244,0,244,433
10/26/2019,PVU,UT,ANM,WE,Federal Contract Tower,2,4,18,0,24,0,0,102,0,102,2,4,120,0,126,150,0,150,276
10/27/2019,PVU,UT,ANM,WE,Federal Contract Tower,2,4,3,0,9,0,0,4,0,4,2,4,7,0,13,0,0,0,13
10/28/2019,PVU,UT,ANM,WE,Federal Contract Tower,10,6,38,0,54,0,0,179,0,179,10,6,217,0,233,252,0,252,485
10/29/2019,PVU,UT,ANM,WE,Federal Contract Tower,2,6,12,0,20,0,0,12,0,12,2,6,24,0,32,34,0,34,66
10/30/2019,PVU,UT,ANM,WE,Federal Contract Tower,2,2,22,0,26,0,0,147,4,151,2,2,169,4,177,234,0,234,411
10/31/2019,PVU,UT,ANM,WE,Federal Contract Tower,6,8,42,0,56,0,1,165,0,166,6,9,207,0,222,206,0,206,428
11/01/2019,PVU,UT,ANM,WE,Federal Contract Tower,6,5,37,0,48,0,0,171,0,171,6,5,208,0,219,243,0,243,462
11/02/2019,PVU,UT,ANM,WE,Federal Contract Tower,2,7,20,2,31,0,3,140,0,143,2,10,160,2,174,220,0,220,394
11/03/2019,PVU,UT,ANM,WE,Federal Contract Tower,6,1,19,8,34,0,0,74,1,75,6,1,93,9,109,80,0,80,189
11/04/2019,PVU,UT,ANM,WE,Federal Contract Tower,6,2,24,0,32,0,0,174,0,174,6,2,198,0,206,302,0,302,508
11/05/2019,PVU,UT,ANM,WE,Federal Contract Tower,2,1,41,0,44,0,0,204,0,204,2,1,245,0,248,310,0,310,558
11/06/2019,PVU,UT,ANM,WE,Federal Contract Tower,2,0,21,0,23,0,0,191,0,191,2,0,212,0,214,360,0,360,574
11/07/2019,PVU,UT,ANM,WE,Federal Contract Tower,6,2,33,2,43,0,0,175,2,177,6,2,208,4,220,269,0,269,489
11/08/2019,PVU,UT,ANM,WE,Federal Contract Tower,7,5,29,0,41,0,0,151,0,151,7,5,180,0,192,236,0,236,428
11/09/2019,PVU,UT,ANM,WE,Federal Contract Tower,2,2,27,0,31,0,0,119,0,119,2,2,146,0,150,300,0,300,450
11/10/2019,PVU,UT,ANM,WE,Federal Contract Tower,6,3,7,0,16,0,0,54,0,54,6,3,61,0,70,50,0,50,120
11/11/2019,PVU,UT,ANM,WE,Federal Contract Tower,6,3,27,0,36,0,0,133,0,133,6,3,160,0,169,248,0,248,417
11/12/2019,PVU,UT,ANM,WE,Federal Contract Tower,2,0,25,2,29,0,4,132,2,138,2,4,157,4,167,178,0,178,345
11/13/2019,PVU,UT,ANM,WE,Federal Contract Tower,2,4,34,2,42,0,0,144,0,144,2,4,178,2,186,312,0,312,498
11/14/2019,PVU,UT,ANM,WE,Federal Contract Tower,6,3,30,0,39,0,0,135,3,138,6,3,165,3,177,208,0,208,385
11/15/2019,PVU,UT,ANM,WE,Federal Contract Tower,6,2,40,0,48,0,0,163,0,163,6,2,203,0,211,182,0,182,393
11/16/2019,PVU,UT,ANM,WE,Federal Contract Tower,2,10,15,0,27,0,0,103,12,115,2,10,118,12,142,150,0,150,292
11/17/2019,PVU,UT,ANM,WE,Federal Contract Tower,6,4,15,0,25,0,0,57,2,59,6,4,72,2,84,50,0,50,134
11/18/2019,PVU,UT,ANM,WE,Federal Contract Tower,7,1,20,0,28,0,0,117,0,117,7,1,137,0,145,222,0,222,367
11/19/2019,PVU,UT,ANM,WE,Federal Contract Tower,3,3,18,0,24,0,0,130,0,130,3,3,148,0,154,240,0,240,394
11/20/2019,PVU,UT,ANM,WE,Federal Contract Tower,2,2,10,0,14,0,0,37,0,37,2,2,47,0,51,154,0,154,205
11/21/2019,PVU,UT,ANM,WE,Federal Contract Tower,8,1,32,0,41,0,0,101,2,103,8,1,133,2,144,172,0,172,316
11/22/2019,PVU,UT,ANM,WE,Federal Contract Tower,8,5,25,0,38,0,0,113,0,113,8,5,138,0,151,252,0,252,403
11/23/2019,PVU,UT,ANM,WE,Federal Contract Tower,3,1,42,2,48,0,0,133,0,133,3,1,175,2,181,220,0,220,401
11/24/2019,PVU,UT,ANM,WE,Federal Contract Tower,6,2,19,0,27,0,0,35,0,35,6,2,54,0,62,50,0,50,112
11/25/2019,PVU,UT,ANM,WE,Federal Contract Tower,2,4,17,1,24,0,0,26,0,26,2,4,43,1,50,72,0,72,122
11/26/2019,PVU,UT,ANM,WE,Federal Contract Tower,4,1,17,2,24,0,0,79,0,79,4,1,96,2,103,192,0,192,295
11/27/2019,PVU,UT,ANM,WE,Federal Contract Tower,6,5,12,0,23,0,0,9,0,9,6,5,21,0,32,32,0,32,64
11/28/2019,PVU,UT,ANM,WE,Federal Contract Tower,1,0,2,0,3,0,0,0,0,0,1,0,2,0,3,0,0,0,3
11/29/2019,PVU,UT,ANM,WE,Federal Contract Tower,5,0,5,0,10,0,1,4,0,5,5,1,9,0,15,0,0,0,15
11/30/2019,PVU,UT,ANM,WE,Federal Contract Tower,4,4,7,0,15,0,4,45,0,49,4,8,52,0,64,30,0,30,94
12/01/2019,PVU,UT,ANM,WE,Federal Contract Tower,6,7,25,2,40,0,4,35,2,41,6,11,60,4,81,20,0,20,101
12/02/2019,PVU,UT,ANM,WE,Federal Contract Tower,4,5,59,0,68,0,0,172,0,172,4,5,231,0,240,312,0,312,552
12/03/2019,PVU,UT,ANM,WE,Federal Contract Tower,0,3,40,0,43,0,1,153,0,154,0,4,193,0,197,272,0,272,469
12/04/2019,PVU,UT,ANM,WE,Federal Contract Tower,5,3,43,3,54,0,0,94,0,94,5,3,137,3,148,148,0,148,296
12/05/2019,PVU,UT,ANM,WE,Federal Contract Tower,7,11,16,0,34,0,2,5,0,7,7,13,21,0,41,0,0,0,41
12/06/2019,PVU,UT,ANM,WE,Federal Contract Tower,8,12,52,0,72,0,0,99,0,99,8,12,151,0,171,160,0,160,331
12/07/2019,PVU,UT,ANM,WE,Federal Contract Tower,2,11,45,0,58,0,0,137,0,137,2,11,182,0,195,220,0,220,415
12/08/2019,PVU,UT,ANM,WE,Federal Contract Tower,6,8,36,0,50,0,0,40,0,40,6,8,76,0,90,40,0,40,130
12/09/2019,PVU,UT,ANM,WE,Federal Contract Tower,6,1,57,2,66,0,0,155,0,155,6,1,212,2,221,278,0,278,499
12/10/2019,PVU,UT,ANM,WE,Federal Contract Tower,0,1,55,1,57,0,0,155,0,155,0,1,210,1,212,308,0,308,520
12/12/2019,PVU,UT,ANM,WE,Federal Contract Tower,6,7,19,0,32,0,0,59,0,59,6,7,78,0,91,116,0,116,207
12/13/2019,PVU,UT,ANM,WE,Federal Contract Tower,6,3,28,0,37,0,4,60,0,64,6,7,88,0,101,130,0,130,231
12/14/2019,PVU,UT,ANM,WE,Federal Contract Tower,2,3,12,0,17,0,2,21,0,23,2,5,33,0,40,40,0,40,80
12/15/2019,PVU,UT,ANM,WE,Federal Contract Tower,6,3,20,0,29,0,14,39,0,53,6,17,59,0,82,80,0,80,162
12/16/2019,PVU,UT,ANM,WE,Federal Contract Tower,6,1,27,0,34,0,0,97,0,97,6,1,124,0,131,118,0,118,249
12/17/2019,PVU,UT,ANM,WE,Federal Contract Tower,0,0,35,0,35,0,0,118,0,118,0,0,153,0,153,174,0,174,327
12/18/2019,PVU,UT,ANM,WE,Federal Contract Tower,2,2,43,0,47,0,0,113,0,113,2,2,156,0,160,172,0,172,332
12/19/2019,PVU,UT,ANM,WE,Federal Contract Tower,6,7,59,0,72,0,2,136,0,138,6,9,195,0,210,184,0,184,394
12/20/2019,PVU,UT,ANM,WE,Federal Contract Tower,6,10,37,0,53,0,0,144,0,144,6,10,181,0,197,152,0,152,349
12/21/2019,PVU,UT,ANM,WE,Federal Contract Tower,2,2,39,0,43,0,0,100,0,100,2,2,139,0,143,120,0,120,263
12/22/2019,PVU,UT,ANM,WE,Federal Contract Tower,6,5,10,0,21,0,0,21,0,21,6,5,31,0,42,8,0,8,50
12/23/2019,PVU,UT,ANM,WE,Federal Contract Tower,6,4,40,0,50,0,0,74,0,74,6,4,114,0,124,102,0,102,226
12/24/2019,PVU,UT,ANM,WE,Federal Contract Tower,2,4,7,0,13,0,0,9,0,9,2,4,16,0,22,46,0,46,68
12/25/2019,PVU,UT,ANM,WE,Federal Contract Tower,2,5,0,0,7,0,0,0,0,0,2,5,0,0,7,0,0,0,7
12/26/2019,PVU,UT,ANM,WE,Federal Contract Tower,6,2,17,0,25,0,0,46,0,46,6,2,63,0,71,28,0,28,99
12/27/2019,PVU,UT,ANM,WE,Federal Contract Tower,6,5,26,0,37,0,0,33,0,33,6,5,59,0,70,32,0,32,102
12/28/2019,PVU,UT,ANM,WE,Federal Contract Tower,2,8,14,0,24,0,4,30,0,34,2,12,44,0,58,50,0,50,108
12/29/2019,PVU,UT,ANM,WE,Federal Contract Tower,6,2,13,0,21,0,0,7,0,7,6,2,20,0,28,20,0,20,48
12/30/2019,PVU,UT,ANM,WE,Federal Contract Tower,6,5,12,2,25,0,0,9,0,9,6,5,21,2,34,22,0,22,56
12/31/2019,PVU,UT,ANM,WE,Federal Contract Tower,2,2,9,0,13,0,0,55,0,55,2,2,64,0,68,98,0,98,166
01/01/2020,PVU,UT,ANM,WE,Federal Contract Tower,2,4,4,0,10,0,0,0,0,0,2,4,4,0,10,0,0,0,10
01/02/2020,PVU,UT,ANM,WE,Federal Contract Tower,6,4,27,0,37,0,3,68,0,71,6,7,95,0,108,136,0,136,244
01/03/2020,PVU,UT,ANM,WE,Federal Contract Tower,6,5,42,0,53,0,0,74,0,74,6,5,116,0,127,86,0,86,213
01/04/2020,PVU,UT,ANM,WE,Federal Contract Tower,2,4,35,0,41,0,0,80,0,80,2,4,115,0,121,110,0,110,231
01/05/2020,PVU,UT,ANM,WE,Federal Contract Tower,6,2,18,0,26,0,2,16,0,18,6,4,34,0,44,24,0,24,68
01/06/2020,PVU,UT,ANM,WE,Federal Contract Tower,6,3,52,0,61,0,0,117,0,117,6,3,169,0,178,200,0,200,378
01/07/2020,PVU,UT,ANM,WE,Federal Contract Tower,2,0,23,2,27,0,0,133,0,133,2,0,156,2,160,256,0,256,416
01/08/2020,PVU,UT,ANM,WE,Federal Contract Tower,2,3,18,0,23,0,0,34,0,34,2,3,52,0,57,54,0,54,111
01/09/2020,PVU,UT,ANM,WE,Federal Contract Tower,6,2,9,0,17,0,2,74,0,76,6,4,83,0,93,66,14,80,173
01/10/2020,PVU,UT,ANM,WE,Federal Contract Tower,6,4,33,2,45,0,1,147,7,155,6,5,180,9,200,156,0,156,356
01/11/2020,PVU,UT,ANM,WE,Federal Contract Tower,2,1,18,0,21,0,0,40,0,40,2,1,58,0,61,90,10,100,161
01/12/2020,PVU,UT,ANM,WE,Federal Contract Tower,6,9,9,0,24,0,3,3,0,6,6,12,12,0,30,0,0,0,30
01/13/2020,PVU,UT,ANM,WE,Federal Contract Tower,6,1,26,0,33,0,0,96,0,96,6,1,122,0,129,170,0,170,299
01/14/2020,PVU,UT,ANM,WE,Federal Contract Tower,2,1,17,0,20,0,0,84,0,84,2,1,101,0,104,170,0,170,274
01/15/2020,PVU,UT,ANM,WE,Federal Contract Tower,2,5,42,0,49,0,0,181,0,181,2,5,223,0,230,370,0,370,600
01/16/2020,PVU,UT,ANM,WE,Federal Contract Tower,6,6,36,0,48,0,0,146,7,153,6,6,182,7,201,196,0,196,397
01/17/2020,PVU,UT,ANM,WE,Federal Contract Tower,6,6,21,0,33,0,0,75,7,82,6,6,96,7,115,118,0,118,233
01/18/2020,PVU,UT,ANM,WE,Federal Contract Tower,2,2,22,2,28,0,0,120,0,120,2,2,142,2,148,200,0,200,348
01/19/2020,PVU,UT,ANM,WE,Federal Contract Tower,6,3,12,0,21,0,0,34,0,34,6,3,46,0,55,12,0,12,67
01/20/2020,PVU,UT,ANM,WE,Federal Contract Tower,6,1,23,0,30,0,0,82,0,82,6,1,105,0,112,74,0,74,186
01/21/2020,PVU,UT,ANM,WE,Federal Contract Tower,2,4,11,0,17,0,0,40,0,40,2,4,51,0,57,120,0,120,177
01/22/2020,PVU,UT,ANM,WE,Federal Contract Tower,2,5,19,0,26,0,0,22,0,22,2,5,41,0,48,52,0,52,100
01/23/2020,PVU,UT,ANM,WE,Federal Contract Tower,6,4,35,0,45,0,0,129,0,129,6,4,164,0,174,232,0,232,406
01/24/2020,PVU,UT,ANM,WE,Federal Contract Tower,6,5,39,0,50,0,0,33,0,33,6,5,72,0,83,70,0,70,153
01/25/2020,PVU,UT,ANM,WE,Federal Contract Tower,0,2,0,0,2,0,0,0,0,0,0,2,0,0,2,0,0,0,2
01/26/2020,PVU,UT,ANM,WE,Federal Contract Tower,6,12,10,0,28,0,0,28,0,28,6,12,38,0,56,100,0,100,156
01/27/2020,PVU,UT,ANM,WE,Federal Contract Tower,6,1,13,0,20,0,0,154,0,154,6,1,167,0,174,236,0,236,410
01/28/2020,PVU,UT,ANM,WE,Federal Contract Tower,2,0,44,0,46,0,0,165,0,165,2,0,209,0,211,292,0,292,503
01/29/2020,PVU,UT,ANM,WE,Federal Contract Tower,2,2,8,3,15,0,0,132,0,132,2,2,140,3,147,210,0,210,357
01/30/2020,PVU,UT,ANM,WE,Federal Contract Tower,6,1,18,1,26,0,0,36,0,36,6,1,54,1,62,52,2,54,116
01/31/2020,PVU,UT,ANM,WE,Federal Contract Tower,6,5,43,0,54,0,0,203,0,203,6,5,246,0,257,202,0,202,459
02/01/2020,PVU,UT,ANM,WE,Federal Contract Tower,2,6,37,2,47,0,6,164,0,170,2,12,201,2,217,200,0,200,417
02/02/2020,PVU,UT,ANM,WE,Federal Contract Tower,6,6,5,0,17,0,0,23,0,23,6,6,28,0,40,30,0,30,70
02/03/2020,PVU,UT,ANM,WE,Federal Contract Tower,6,2,8,0,16,0,0,8,0,8,6,2,16,0,24,0,0,0,24
02/04/2020,PVU,UT,ANM,WE,Federal Contract Tower,2,1,27,0,30,0,0,159,0,159,2,1,186,0,189,236,0,236,425
02/05/2020,PVU,UT,ANM,WE,Federal Contract Tower,2,13,26,2,43,0,1,107,1,109,2,14,133,3,152,198,0,198,350
02/06/2020,PVU,UT,ANM,WE,Federal Contract Tower,6,13,12,0,31,0,0,0,0,0,6,13,12,0,31,0,0,0,31
02/07/2020,PVU,UT,ANM,WE,Federal Contract Tower,6,5,32,0,43,0,3,107,0,110,6,8,139,0,153,194,0,194,347
02/08/2020,PVU,UT,ANM,WE,Federal Contract Tower,2,5,27,1,35,0,1,118,3,122,2,6,145,4,157,138,2,140,297
02/09/2020,PVU,UT,ANM,WE,Federal Contract Tower,6,6,19,0,31,0,0,32,0,32,6,6,51,0,63,30,0,30,93
02/10/2020,PVU,UT,ANM,WE,Federal Contract Tower,6,7,46,0,59,0,0,169,0,169,6,7,215,0,228,266,0,266,494
02/11/2020,PVU,UT,ANM,WE,Federal Contract Tower,2,7,53,0,62,0,2,211,0,213,2,9,264,0,275,294,0,294,569
02/12/2020,PVU,UT,ANM,WE,Federal Contract Tower,2,7,33,2,44,0,0,150,0,150,2,7,183,2,194,248,0,248,442
02/13/2020,PVU,UT,ANM,WE,Federal Contract Tower,6,14,32,0,52,0,0,177,0,177,6,14,209,0,229,278,0,278,507
02/14/2020,PVU,UT,ANM,WE,Federal Contract Tower,6,7,31,0,44,0,0,142,0,142,6,7,173,0,186,188,0,188,374
02/15/2020,PVU,UT,ANM,WE,Federal Contract Tower,2,0,42,0,44,0,0,124,2,126,2,0,166,2,170,224,0,224,394
02/16/2020,PVU,UT,ANM,WE,Federal Contract Tower,6,5,6,0,17,0,0,0,0,0,6,5,6,0,17,0,0,0,17
02/17/2020,PVU,UT,ANM,WE,Federal Contract Tower,6,7,22,0,35,0,0,61,0,61,6,7,83,0,96,110,0,110,206
02/18/2020,PVU,UT,ANM,WE,Federal Contract Tower,2,5,23,2,32,0,0,133,0,133,2,5,156,2,165,230,2,232,397
02/19/2020,PVU,UT,ANM,WE,Federal Contract Tower,2,6,24,1,33,0,4,140,0,144,2,10,164,1,177,274,2,276,453
02/20/2020,PVU,UT,ANM,WE,Federal Contract Tower,6,4,32,0,42,0,14,109,2,125,6,18,141,2,167,184,0,184,351
02/21/2020,PVU,UT,ANM,WE,Federal Contract Tower,6,4,19,0,29,0,0,138,0,138,6,4,157,0,167,296,0,296,463
02/22/2020,PVU,UT,ANM,WE,Federal Contract Tower,2,3,19,1,25,0,0,120,0,120,2,3,139,1,145,300,0,300,445
02/23/2020,PVU,UT,ANM,WE,Federal Contract Tower,6,2,12,0,20,0,2,35,0,37,6,4,47,0,57,30,0,30,87
02/24/2020,PVU,UT,ANM,WE,Federal Contract Tower,6,3,13,2,24,0,0,118,0,118,6,3,131,2,142,206,4,210,352
02/25/2020,PVU,UT,ANM,WE,Federal Contract Tower,2,4,25,0,31,0,0,157,0,157,2,4,182,0,188,266,0,266,454
02/26/2020,PVU,UT,ANM,WE,Federal Contract Tower,2,2,34,0,38,0,10,174,0,184,2,12,208,0,222,198,0,198,420
02/27/2020,PVU,UT,ANM,WE,Federal Contract Tower,6,1,43,0,50,0,0,150,0,150,6,1,193,0,200,194,0,194,394
02/28/2020,PVU,UT,ANM,WE,Federal Contract Tower,6,5,56,0,67,0,0,170,0,170,6,5,226,0,237,202,0,202,439
02/29/2020,PVU,UT,ANM,WE,Federal Contract Tower,2,3,23,0,28,0,5,92,0,97,2,8,115,0,125,220,0,220,345
03/01/2020,PVU,UT,ANM,WE,Federal Contract Tower,2,5,7,0,14,0,2,0,0,2,2,7,7,0,16,0,0,0,16
03/02/2020,PVU,UT,ANM,WE,Federal Contract Tower,5,3,25,0,33,0,0,101,0,101,5,3,126,0,134,156,0,156,290
03/03/2020,PVU,UT,ANM,WE,Federal Contract Tower,2,6,50,0,58,0,0,167,0,167,2,6,217,0,225,294,0,294,519
03/04/2020,PVU,UT,ANM,WE,Federal Contract Tower,4,0,30,0,34,0,0,141,0,141,4,0,171,0,175,292,0,292,467
03/05/2020,PVU,UT,ANM,WE,Federal Contract Tower,6,6,62,0,74,0,0,142,0,142,6,6,204,0,216,308,0,308,524
03/06/2020,PVU,UT,ANM,WE,Federal Contract Tower,6,3,45,0,54,0,0,172,0,172,6,3,217,0,226,288,0,288,514
03/07/2020,PVU,UT,ANM,WE,Federal Contract Tower,2,8,18,0,28,0,0,58,0,58,2,8,76,0,86,120,0,120,206
03/08/2020,PVU,UT,ANM,WE,Federal Contract Tower,6,2,19,0,27,0,0,16,0,16,6,2,35,0,43,2,0,2,45
03/09/2020,PVU,UT,ANM,WE,Federal Contract Tower,6,2,45,0,53,0,0,143,0,143,6,2,188,0,196,258,0,258,454
03/10/2020,PVU,UT,ANM,WE,Federal Contract Tower,2,6,26,0,34,0,5,172,0,177,2,11,198,0,211,194,0,194,405
03/11/2020,PVU,UT,ANM,WE,Federal Contract Tower,4,4,39,2,49,0,6,154,0,160,4,10,193,2,209,278,0,278,487
03/12/2020,PVU,UT,ANM,WE,Federal Contract Tower,6,10,23,0,39,0,6,130,0,136,6,16,153,0,175,208,0,208,383
03/13/2020,PVU,UT,ANM,WE,Federal Contract Tower,6,8,37,0,51,0,0,60,0,60,6,8,97,0,111,156,0,156,267
03/14/2020,PVU,UT,ANM,WE,Federal Contract Tower,4,5,25,0,34,0,0,65,0,65,4,5,90,0,99,150,0,150,249
03/15/2020,PVU,UT,ANM,WE,Federal Contract Tower,6,5,18,0,29,0,0,40,0,40,6,5,58,0,69,100,0,100,169
03/16/2020,PVU,UT,ANM,WE,Federal Contract Tower,6,1,39,0,46,0,0,175,0,175,6,1,214,0,221,298,0,298,519
03/17/2020,PVU,UT,ANM,WE,Federal Contract Tower,2,6,36,0,44,0,0,132,0,132,2,6,168,0,176,214,0,214,390
03/18/2020,PVU,UT,ANM,WE,Federal Contract Tower,6,14,23,2,45,0,0,30,0,30,6,14,53,2,75,66,0,66,141
03/19/2020,PVU,UT,ANM,WE,Federal Contract Tower,4,6,20,0,30,0,0,27,0,27,4,6,47,0,57,94,0,94,151
03/20/2020,PVU,UT,ANM,WE,Federal Contract Tower,4,4,15,0,23,0,8,50,0,58,4,12,65,0,81,112,0,112,193
03/21/2020,PVU,UT,ANM,WE,Federal Contract Tower,2,4,23,0,29,0,0,81,0,81,2,4,104,0,110,100,0,100,210
03/22/2020,PVU,UT,ANM,WE,Federal Contract Tower,4,2,7,0,13,0,0,41,0,41,4,2,48,0,54,60,0,60,114
03/23/2020,PVU,UT,ANM,WE,Federal Contract Tower,4,1,19,0,24,0,0,40,0,40,4,1,59,0,64,48,0,48,112
03/24/2020,PVU,UT,ANM,WE,Federal Contract Tower,2,4,24,0,30,0,4,41,0,45,2,8,65,0,75,106,0,106,181
03/25/2020,PVU,UT,ANM,WE,Federal Contract Tower,2,9,1,0,12,0,0,16,0,16,2,9,17,0,28,30,0,30,58
03/26/2020,PVU,UT,ANM,WE,Federal Contract Tower,2,0,1,0,3,0,0,8,0,8,2,0,9,0,11,12,0,12,23
03/27/2020,PVU,UT,ANM,WE,Federal Contract Tower,2,0,34,0,36,0,0,41,0,41,2,0,75,0,77,152,0,152,229
03/28/2020,PVU,UT,ANM,WE,Federal Contract Tower,0,0,4,0,4,0,0,52,0,52,0,0,56,0,56,160,0,160,216
03/29/2020,PVU,UT,ANM,WE,Federal Contract Tower,2,3,11,0,16,0,0,30,0,30,2,3,41,0,46,60,0,60,106
03/30/2020,PVU,UT,ANM,WE,Federal Contract Tower,0,2,12,0,14,0,0,74,0,74,0,2,86,0,88,190,0,190,278
03/31/2020,PVU,UT,ANM,WE,Federal Contract Tower,0,2,12,0,14,0,0,53,0,53,0,2,65,0,67,68,0,68,135
04/01/2020,PVU,UT,ANM,WE,Federal Contract Tower,2,2,9,0,13,0,0,51,0,51,2,2,60,0,64,114,0,114,178
04/02/2020,PVU,UT,ANM,WE,Federal Contract Tower,0,2,7,2,11,0,0,42,2,44,0,2,49,4,55,80,0,80,135
04/03/2020,PVU,UT,ANM,WE,Federal Contract Tower,2,5,28,2,37,0,0,81,0,81,2,5,109,2,118,96,0,96,214
04/04/2020,PVU,UT,ANM,WE,Federal Contract Tower,0,2,12,0,14,0,0,41,0,41,0,2,53,0,55,60,0,60,115
04/05/2020,PVU,UT,ANM,WE,Federal Contract Tower,0,1,3,0,4,0,0,12,0,12,0,1,15,0,16,10,0,10,26
04/06/2020,PVU,UT,ANM,WE,Federal Contract Tower,2,2,8,0,12,0,0,31,0,31,2,2,39,0,43,36,0,36,79
04/07/2020,PVU,UT,ANM,WE,Federal Contract Tower,0,3,12,1,16,0,0,94,0,94,0,3,106,1,110,184,0,184,294
04/08/2020,PVU,UT,ANM,WE,Federal Contract Tower,1,2,13,0,16,0,3,83,0,86,1,5,96,0,102,110,0,110,212
04/09/2020,PVU,UT,ANM,WE,Federal Contract Tower,0,1,22,0,23,0,0,59,0,59,0,1,81,0,82,100,0,100,182
04/10/2020,PVU,UT,ANM,WE,Federal Contract Tower,0,0,35,0,35,0,0,96,0,96,0,0,131,0,131,96,0,96,227
04/11/2020,PVU,UT,ANM,WE,Federal Contract Tower,0,4,11,0,15,0,0,42,0,42,0,4,53,0,57,42,0,42,99
04/12/2020,PVU,UT,ANM,WE,Federal Contract Tower,0,1,0,0,1,0,0,8,0,8,0,1,8,0,9,62,0,62,71
04/13/2020,PVU,UT,ANM,WE,Federal Contract Tower,0,2,4,1,7,0,0,32,1,33,0,2,36,2,40,52,0,52,92
04/14/2020,PVU,UT,ANM,WE,Federal Contract Tower,0,1,17,0,18,0,0,110,0,110,0,1,127,0,128,134,0,134,262
04/15/2020,PVU,UT,ANM,WE,Federal Contract Tower,0,1,17,1,19,0,0,54,0,54,0,1,71,1,73,106,2,108,181
04/16/2020,PVU,UT,ANM,WE,Federal Contract Tower,2,0,10,0,12,0,0,29,0,29,2,0,39,0,41,44,0,44,85
04/17/2020,PVU,UT,ANM,WE,Federal Contract Tower,0,1,37,0,38,0,0,122,0,122,0,1,159,0,160,246,0,246,406
04/18/2020,PVU,UT,ANM,WE,Federal Contract Tower,0,3,11,0,14,0,0,72,0,72,0,3,83,0,86,112,0,112,198
04/19/2020,PVU,UT,ANM,WE,Federal Contract Tower,2,4,2,0,8,0,0,13,0,13,2,4,15,0,21,0,0,0,21
04/20/2020,PVU,UT,ANM,WE,Federal Contract Tower,0,4,18,0,22,0,0,85,0,85,0,4,103,0,107,92,0,92,199
04/21/2020,PVU,UT,ANM,WE,Federal Contract Tower,0,2,15,0,17,0,0,62,0,62,0,2,77,0,79,96,12,108,187
04/22/2020,PVU,UT,ANM,WE,Federal Contract Tower,2,1,12,2,17,0,0,93,0,93,2,1,105,2,110,144,0,144,254
04/23/2020,PVU,UT,ANM,WE,Federal Contract Tower,2,0,10,0,12,0,0,41,0,41,2,0,51,0,53,52,0,52,105
04/24/2020,PVU,UT,ANM,WE,Federal Contract Tower,2,4,35,0,41,0,8,123,0,131,2,12,158,0,172,140,0,140,312
04/25/2020,PVU,UT,ANM,WE,Federal Contract Tower,0,0,11,0,11,0,0,60,0,60,0,0,71,0,71,60,0,60,131
04/26/2020,PVU,UT,ANM,WE,Federal Contract Tower,2,10,9,0,21,0,0,20,0,20,2,10,29,0,41,10,0,10,51
04/27/2020,PVU,UT,ANM,WE,Federal Contract Tower,0,3,40,0,43,0,0,84,0,84,0,3,124,0,127,68,0,68,195
04/28/2020,PVU,UT,ANM,WE,Federal Contract Tower,0,2,20,0,22,0,0,119,0,119,0,2,139,0,141,158,0,158,299
04/29/2020,PVU,UT,ANM,WE,Federal Contract Tower,2,2,20,2,26,0,0,109,0,109,2,2,129,2,135,134,0,134,269
04/30/2020,PVU,UT,ANM,WE,Federal Contract Tower,2,10,17,0,29,0,1,91,0,92,2,11,108,0,121,98,0,98,219
05/01/2020,PVU,UT,ANM,WE,Federal Contract Tower,2,3,15,0,20,0,0,78,0,78,2,3,93,0,98,60,0,60,158
05/02/2020,PVU,UT,ANM,WE,Federal Contract Tower,0,3,2,0,5,0,0,53,0,53,0,3,55,0,58,50,0,50,108
05/03/2020,PVU,UT,ANM,WE,Federal Contract Tower,2,2,13,0,17,0,0,15,0,15,2,2,28,0,32,0,0,0,32
05/04/2020,PVU,UT,ANM,WE,Federal Contract Tower,2,2,28,0,32,0,0,127,0,127,2,2,155,0,159,158,0,158,317
05/05/2020,PVU,UT,ANM,WE,Federal Contract Tower,0,1,20,0,21,0,0,69,0,69,0,1,89,0,90,148,0,148,238
05/06/2020,PVU,UT,ANM,WE,Federal Contract Tower,0,4,20,3,27,0,0,100,0,100,0,4,120,3,127,216,0,216,343
05/07/2020,PVU,UT,ANM,WE,Federal Contract Tower,2,5,26,0,33,0,0,88,2,90,2,5,114,2,123,98,0,98,221
05/08/2020,PVU,UT,ANM,WE,Federal Contract Tower,2,3,20,0,25,0,0,111,0,111,2,3,131,0,136,168,0,168,304
05/09/2020,PVU,UT,ANM,WE,Federal Contract Tower,0,0,5,0,5,0,0,69,0,69,0,0,74,0,74,20,0,20,94
05/10/2020,PVU,UT,ANM,WE,Federal Contract Tower,2,3,3,0,8,0,0,19,0,19,2,3,22,0,27,10,0,10,37
05/11/2020,PVU,UT,ANM,WE,Federal Contract Tower,2,0,29,0,31,0,0,64,0,64,2,0,93,0,95,70,0,70,165
05/12/2020,PVU,UT,ANM,WE,Federal Contract Tower,0,2,6,1,9,0,0,74,1,75,0,2,80,2,84,184,0,184,268
05/13/2020,PVU,UT,ANM,WE,Federal Contract Tower,0,1,11,0,12,0,0,91,0,91,0,1,102,0,103,154,0,154,257
05/14/2020,PVU,UT,ANM,WE,Federal Contract Tower,2,2,9,0,13,0,0,77,2,79,2,2,86,2,92,92,0,92,184
05/15/2020,PVU,UT,ANM,WE,Federal Contract Tower,2,3,14,0,19,0,1,121,0,122,2,4,135,0,141,206,0,206,347
05/16/2020,PVU,UT,ANM,WE,Federal Contract Tower,0,2,16,0,18,0,0,87,0,87,0,2,103,0,105,80,0,80,185
05/17/2020,PVU,UT,ANM,WE,Federal Contract Tower,2,3,7,0,12,0,0,28,0,28,2,3,35,0,40,10,0,10,50
05/18/2020,PVU,UT,ANM,WE,Federal Contract Tower,2,2,12,0,16,0,0,22,0,22,2,2,34,0,38,24,0,24,62
05/19/2020,PVU,UT,ANM,WE,Federal Contract Tower,0,6,9,0,15,0,0,36,0,36,0,6,45,0,51,68,0,68,119
05/20/2020,PVU,UT,ANM,WE,Federal Contract Tower,0,6,22,0,28,0,1,33,0,34,0,7,55,0,62,52,0,52,114
05/21/2020,PVU,UT,ANM,WE,Federal Contract Tower,2,3,34,0,39,0,2,112,0,114,2,5,146,0,153,94,0,94,247
05/22/2020,PVU,UT,ANM,WE,Federal Contract Tower,4,1,11,2,18,0,0,53,0,53,4,1,64,2,71,109,0,109,180
05/23/2020,PVU,UT,ANM,WE,Federal Contract Tower,0,4,12,0,16,0,0,42,0,42,0,4,54,0,58,50,0,50,108
05/24/2020,PVU,UT,ANM,WE,Federal Contract Tower,2,0,10,0,12,0,0,27,0,27,2,0,37,0,39,50,0,50,89
05/25/2020,PVU,UT,ANM,WE,Federal Contract Tower,4,1,19,0,24,0,0,63,0,63,4,1,82,0,87,60,0,60,147
05/26/2020,PVU,UT,ANM,WE,Federal Contract Tower,0,5,49,0,54,0,0,118,0,118,0,5,167,0,172,206,0,206,378
05/27/2020,PVU,UT,ANM,WE,Federal Contract Tower,0,4,51,2,57,0,0,147,0,147,0,4,198,2,204,270,0,270,474
05/28/2020,PVU,UT,ANM,WE,Federal Contract Tower,2,1,41,0,44,0,0,107,0,107,2,1,148,0,151,190,0,190,341
05/29/2020,PVU,UT,ANM,WE,Federal Contract Tower,4,4,39,0,47,0,0,136,0,136,4,4,175,0,183,194,0,194,377
05/30/2020,PVU,UT,ANM,WE,Federal Contract Tower,0,7,18,0,25,0,6,35,0,41,0,13,53,0,66,82,0,82,148
05/31/2020,PVU,UT,ANM,WE,Federal Contract Tower,2,2,20,0,24,0,0,54,0,54,2,2,74,0,78,30,0,30,108
06/01/2020,PVU,UT,ANM,WE,Federal Contract Tower,6,3,47,0,56,0,0,134,0,134,6,3,181,0,190,250,2,252,442
06/02/2020,PVU,UT,ANM,WE,Federal Contract Tower,0,1,32,2,35,0,0,137,2,139,0,1,169,4,174,226,2,228,402
06/03/2020,PVU,UT,ANM,WE,Federal Contract Tower,2,4,53,0,59,0,0,160,0,160,2,4,213,0,219,330,0,330,549
06/04/2020,PVU,UT,ANM,WE,Federal Contract Tower,2,7,49,0,58,0,0,186,0,186,2,7,235,0,244,298,0,298,542
06/05/2020,PVU,UT,ANM,WE,Federal Contract Tower,4,5,24,0,33,0,0,83,0,83,4,5,107,0,116,146,0,146,262
06/06/2020,PVU,UT,ANM,WE,Federal Contract Tower,2,1,6,0,9,0,0,11,0,11,2,1,17,0,20,4,0,4,24
06/07/2020,PVU,UT,ANM,WE,Federal Contract Tower,1,9,14,0,24,0,0,8,0,8,1,9,22,0,32,4,0,4,36
06/08/2020,PVU,UT,ANM,WE,Federal Contract Tower,6,9,20,0,35,0,0,41,0,41,6,9,61,0,76,150,0,150,226
06/09/2020,PVU,UT,ANM,WE,Federal Contract Tower,0,3,77,0,80,0,0,187,0,187,0,3,264,0,267,276,0,276,543
06/10/2020,PVU,UT,ANM,WE,Federal Contract Tower,3,3,60,0,66,0,0,177,0,177,3,3,237,0,243,324,0,324,567
06/11/2020,PVU,UT,ANM,WE,Federal Contract Tower,2,8,48,0,58,0,0,161,0,161,2,8,209,0,219,342,0,342,561
06/12/2020,PVU,UT,ANM,WE,Federal Contract Tower,4,4,36,0,44,0,0,112,0,112,4,4,148,0,156,224,0,224,380
06/13/2020,PVU,UT,ANM,WE,Federal Contract Tower,2,7,15,0,24,0,0,42,0,42,2,7,57,0,66,60,0,60,126
06/14/2020,PVU,UT,ANM,WE,Federal Contract Tower,2,2,17,0,21,0,10,25,0,35,2,12,42,0,56,30,0,30,86
06/15/2020,PVU,UT,ANM,WE,Federal Contract Tower,6,6,50,0,62,0,1,141,0,142,6,7,191,0,204,254,0,254,458
06/16/2020,PVU,UT,ANM,WE,Federal Contract Tower,0,3,19,0,22,0,2,74,0,76,0,5,93,0,98,132,2,134,232
06/17/2020,PVU,UT,ANM,WE,Federal Contract Tower,2,5,40,0,47,0,0,138,0,138,2,5,178,0,185,324,0,324,509
06/18/2020,PVU,UT,ANM,WE,Federal Contract Tower,2,4,38,0,44,0,2,152,0,154,2,6,190,0,198,292,0,292,490
06/19/2020,PVU,UT,ANM,WE,Federal Contract Tower,4,3,48,0,55,0,0,186,0,186,4,3,234,0,241,268,0,268,509
06/20/2020,PVU,UT,ANM,WE,Federal Contract Tower,2,6,34,0,42,0,0,116,0,116,2,6,150,0,158,130,0,130,288
06/21/2020,PVU,UT,ANM,WE,Federal Contract Tower,2,3,11,0,16,0,2,34,0,36,2,5,45,0,52,30,0,30,82
06/22/2020,PVU,UT,ANM,WE,Federal Contract Tower,6,7,46,1,60,0,0,136,0,136,6,7,182,1,196,300,2,302,498
06/23/2020,PVU,UT,ANM,WE,Federal Contract Tower,0,4,71,0,75,0,0,151,0,151,0,4,222,0,226,328,0,328,554
06/24/2020,PVU,UT,ANM,WE,Federal Contract Tower,2,3,51,0,56,0,0,143,0,143,2,3,194,0,199,258,0,258,457
06/25/2020,PVU,UT,ANM,WE,Federal Contract Tower,2,8,36,3,49,0,0,107,0,107,2,8,143,3,156,191,0,191,347
06/26/2020,PVU,UT,ANM,WE,Federal Contract Tower,4,1,29,0,34,0,0,123,0,123,4,1,152,0,157,210,0,210,367
06/27/2020,PVU,UT,ANM,WE,Federal Contract Tower,2,0,17,0,19,0,0,72,0,72,2,0,89,0,91,100,0,100,191
06/28/2020,PVU,UT,ANM,WE,Federal Contract Tower,2,9,9,0,20,0,1,16,0,17,2,10,25,0,37,2,0,2,39
06/29/2020,PVU,UT,ANM,WE,Federal Contract Tower,4,4,24,3,35,0,0,81,0,81,4,4,105,3,116,204,6,210,326
06/30/2020,PVU,UT,ANM,WE,Federal Contract Tower,0,8,50,0,58,0,0,134,2,136,0,8,184,2,194,254,0,254,448
07/01/2020,PVU,UT,ANM,WE,Federal Contract Tower,3,3,62,1,69,0,0,173,0,173,3,3,235,1,242,280,4,284,526
07/02/2020,PVU,UT,ANM,WE,Federal Contract Tower,3,11,33,0,47,0,0,155,0,155,3,11,188,0,202,318,0,318,520
07/03/2020,PVU,UT,ANM,WE,Federal Contract Tower,4,1,15,0,20,0,0,71,0,71,4,1,86,0,91,87,0,87,178
07/04/2020,PVU,UT,ANM,WE,Federal Contract Tower,2,5,9,0,16,0,0,33,0,33,2,5,42,0,49,50,0,50,99
07/05/2020,PVU,UT,ANM,WE,Federal Contract Tower,2,5,10,0,17,0,0,38,0,38,2,5,48,0,55,40,0,40,95
07/06/2020,PVU,UT,ANM,WE,Federal Contract Tower,5,1,48,1,55,0,0,142,0,142,5,1,190,1,197,230,0,230,427
07/07/2020,PVU,UT,ANM,WE,Federal Contract Tower,2,8,33,0,43,0,0,105,0,105,2,8,138,0,148,268,0,268,416
07/08/2020,PVU,UT,ANM,WE,Federal Contract Tower,2,7,47,1,57,0,0,177,0,177,2,7,224,1,234,268,2,270,504
07/09/2020,PVU,UT,ANM,WE,Federal Contract Tower,2,3,42,0,47,0,0,165,0,165,2,3,207,0,212,344,0,344,556
07/10/2020,PVU,UT,ANM,WE,Federal Contract Tower,4,8,43,0,55,0,0,133,0,133,4,8,176,0,188,210,0,210,398
07/11/2020,PVU,UT,ANM,WE,Federal Contract Tower,2,5,17,0,24,0,0,80,0,80,2,5,97,0,104,140,0,140,244
07/12/2020,PVU,UT,ANM,WE,Federal Contract Tower,2,6,18,0,26,0,0,42,0,42,2,6,60,0,68,30,0,30,98
07/13/2020,PVU,UT,ANM,WE,Federal Contract Tower,4,6,37,0,47,0,0,138,0,138,4,6,175,0,185,310,10,320,505
07/14/2020,PVU,UT,ANM,WE,Federal Contract Tower,2,6,44,0,52,0,0,146,0,146,2,6,190,0,198,262,0,262,460
07/15/2020,PVU,UT,ANM,WE,Federal Contract Tower,2,2,43,0,47,0,0,159,0,159,2,2,202,0,206,330,0,330,536
07/16/2020,PVU,UT,ANM,WE,Federal Contract Tower,2,5,58,0,65,0,0,176,0,176,2,5,234,0,241,352,0,352,593
07/17/2020,PVU,UT,ANM,WE,Federal Contract Tower,5,7,48,0,60,0,0,140,0,140,5,7,188,0,200,246,0,246,446
07/18/2020,PVU,UT,ANM,WE,Federal Contract Tower,2,2,27,0,31,0,0,71,0,71,2,2,98,0,102,150,0,150,252
07/19/2020,PVU,UT,ANM,WE,Federal Contract Tower,2,6,11,0,19,0,0,22,0,22,2,6,33,0,41,22,0,22,63
07/20/2020,PVU,UT,ANM,WE,Federal Contract Tower,4,7,30,0,41,0,0,126,0,126,4,7,156,0,167,260,2,262,429
07/21/2020,PVU,UT,ANM,WE,Federal Contract Tower,2,2,36,0,40,0,0,142,1,143,2,2,178,1,183,300,0,300,483
07/22/2020,PVU,UT,ANM,WE,Federal Contract Tower,2,0,25,0,27,0,0,117,0,117,2,0,142,0,144,220,0,220,364
07/23/2020,PVU,UT,ANM,WE,Federal Contract Tower,2,4,48,0,54,0,4,100,0,104,2,8,148,0,158,212,0,212,370
07/24/2020,PVU,UT,ANM,WE,Federal Contract Tower,5,4,27,0,36,0,0,113,1,114,5,4,140,1,150,124,0,124,274
07/25/2020,PVU,UT,ANM,WE,Federal Contract Tower,2,1,17,0,20,0,0,84,0,84,2,1,101,0,104,164,0,164,268
07/26/2020,PVU,UT,ANM,WE,Federal Contract Tower,0,1,7,0,8,0,0,20,0,20,0,1,27,0,28,36,0,36,64
07/27/2020,PVU,UT,ANM,WE,Federal Contract Tower,5,4,28,0,37,0,0,124,0,124,5,4,152,0,161,232,0,232,393
07/28/2020,PVU,UT,ANM,WE,Federal Contract Tower,2,5,30,0,37,0,1,115,0,116,2,6,145,0,153,205,0,205,358
07/29/2020,PVU,UT,ANM,WE,Federal Contract Tower,2,4,27,0,33,0,0,145,0,145,2,4,172,0,178,246,0,246,424
07/30/2020,PVU,UT,ANM,WE,Federal Contract Tower,2,4,35,0,41,0,0,136,0,136,2,4,171,0,177,290,0,290,467
07/31/2020,PVU,UT,ANM,WE,Federal Contract Tower,4,9,25,0,38,0,0,118,0,118,4,9,143,0,156,190,0,190,346
08/01/2020,PVU,UT,ANM,WE,Federal Contract Tower,2,4,12,0,18,0,2,75,0,77,2,6,87,0,95,100,0,100,195
08/02/2020,PVU,UT,ANM,WE,Federal Contract Tower,2,8,12,0,22,0,0,31,2,33,2,8,43,2,55,10,0,10,65
08/03/2020,PVU,UT,ANM,WE,Federal Contract Tower,5,1,35,3,44,0,0,116,0,116,5,1,151,3,160,250,0,250,410
08/04/2020,PVU,UT,ANM,WE,Federal Contract Tower,2,3,40,0,45,0,0,124,0,124,2,3,164,0,169,204,0,204,373
08/05/2020,PVU,UT,ANM,WE,Federal Contract Tower,2,9,46,1,58,0,0,132,0,132,2,9,178,1,190,238,8,246,436
08/06/2020,PVU,UT,ANM,WE,Federal Contract Tower,6,10,41,2,59,0,0,131,0,131,6,10,172,2,190,239,0,239,429
08/07/2020,PVU,UT,ANM,WE,Federal Contract Tower,4,4,45,0,53,0,0,151,0,151,4,4,196,0,204,280,0,280,484
08/08/2020,PVU,UT,ANM,WE,Federal Contract Tower,4,5,23,0,32,0,0,68,0,68,4,5,91,0,100,100,0,100,200
08/09/2020,PVU,UT,ANM,WE,Federal Contract Tower,6,6,18,0,30,0,0,47,0,47,6,6,65,0,77,40,0,40,117
08/10/2020,PVU,UT,ANM,WE,Federal Contract Tower,4,6,52,0,62,0,0,90,0,90,4,6,142,0,152,180,0,180,332
08/11/2020,PVU,UT,ANM,WE,Federal Contract Tower,2,5,50,0,57,0,0,150,0,150,2,5,200,0,207,250,0,250,457
08/12/2020,PVU,UT,ANM,WE,Federal Contract Tower,2,5,52,0,59,0,0,114,0,114,2,5,166,0,173,180,0,180,353
08/13/2020,PVU,UT,ANM,WE,Federal Contract Tower,6,2,20,0,28,0,0,123,0,123,6,2,143,0,151,186,0,186,337
08/14/2020,PVU,UT,ANM,WE,Federal Contract Tower,4,6,41,0,51,0,0,117,0,117,4,6,158,0,168,158,0,158,326
08/15/2020,PVU,UT,ANM,WE,Federal Contract Tower,4,5,26,0,35,0,0,55,0,55,4,5,81,0,90,80,0,80,170
08/16/2020,PVU,UT,ANM,WE,Federal Contract Tower,6,5,21,0,32,0,4,51,0,55,6,9,72,0,87,20,0,20,107
08/17/2020,PVU,UT,ANM,WE,Federal Contract Tower,4,6,24,0,34,0,0,92,0,92,4,6,116,0,126,200,0,200,326
08/18/2020,PVU,UT,ANM,WE,Federal Contract Tower,2,3,44,0,49,0,0,93,0,93,2,3,137,0,142,172,0,172,314
08/19/2020,PVU,UT,ANM,WE,Federal Contract Tower,2,5,43,0,50,0,0,130,0,130,2,5,173,0,180,232,0,232,412
08/20/2020,PVU,UT,ANM,WE,Federal Contract Tower,2,0,25,0,27,0,0,113,0,113,2,0,138,0,140,160,0,160,300
08/21/2020,PVU,UT,ANM,WE,Federal Contract Tower,4,0,41,0,45,0,0,78,0,78,4,0,119,0,123,142,0,142,265
08/22/2020,PVU,UT,ANM,WE,Federal Contract Tower,2,0,10,0,12,0,0,62,0,62,2,0,72,0,74,120,0,120,194
08/23/2020,PVU,UT,ANM,WE,Federal Contract Tower,2,0,20,0,22,0,0,28,0,28,2,0,48,0,50,20,0,20,70
08/24/2020,PVU,UT,ANM,WE,Federal Contract Tower,4,12,31,0,47,0,0,100,0,100,4,12,131,0,147,180,0,180,327
08/25/2020,PVU,UT,ANM,WE,Federal Contract Tower,2,8,30,0,40,0,5,112,1,118,2,13,142,1,158,232,0,232,390
08/26/2020,PVU,UT,ANM,WE,Federal Contract Tower,2,10,53,2,67,0,2,156,0,158,2,12,209,2,225,202,0,202,427
08/27/2020,PVU,UT,ANM,WE,Federal Contract Tower,2,3,38,0,43,0,0,133,0,133,2,3,171,0,176,180,0,180,356
08/28/2020,PVU,UT,ANM,WE,Federal Contract Tower,4,2,36,0,42,0,0,172,0,172,4,2,208,0,214,234,0,234,448
08/29/2020,PVU,UT,ANM,WE,Federal Contract Tower,2,1,17,0,20,0,0,112,0,112,2,1,129,0,132,170,0,170,302
08/30/2020,PVU,UT,ANM,WE,Federal Contract Tower,2,16,17,0,35,0,0,30,0,30,2,16,47,0,65,20,0,20,85
08/31/2020,PVU,UT,ANM,WE,Federal Contract Tower,3,7,40,0,50,0,0,128,0,128,3,7,168,0,178,200,0,200,378
09/01/2020,PVU,UT,ANM,WE,Federal Contract Tower,2,3,27,0,32,0,0,143,0,143,2,3,170,0,175,204,0,204,379
09/02/2020,PVU,UT,ANM,WE,Federal Contract Tower,2,6,52,0,60,0,0,164,0,164,2,6,216,0,224,224,0,224,448
09/03/2020,PVU,UT,ANM,WE,Federal Contract Tower,2,5,31,0,38,0,0,150,0,150,2,5,181,0,188,178,0,178,366
09/04/2020,PVU,UT,ANM,WE,Federal Contract Tower,4,6,43,0,53,0,0,174,0,174,4,6,217,0,227,206,0,206,433
09/05/2020,PVU,UT,ANM,WE,Federal Contract Tower,2,2,16,0,20,0,0,85,0,85,2,2,101,0,105,160,0,160,265
09/06/2020,PVU,UT,ANM,WE,Federal Contract Tower,3,3,6,0,12,0,0,29,0,29,3,3,35,0,41,0,0,0,41
09/07/2020,PVU,UT,ANM,WE,Federal Contract Tower,4,8,10,0,22,0,0,50,3,53,4,8,60,3,75,48,0,48,123
09/08/2020,PVU,UT,ANM,WE,Federal Contract Tower,2,10,9,0,21,0,4,17,0,21,2,14,26,0,42,22,0,22,64
09/09/2020,PVU,UT,ANM,WE,Federal Contract Tower,1,11,17,0,29,0,0,133,0,133,1,11,150,0,162,264,0,264,426
09/10/2020,PVU,UT,ANM,WE,Federal Contract Tower,2,2,20,0,24,0,0,143,0,143,2,2,163,0,167,102,0,102,269
09/11/2020,PVU,UT,ANM,WE,Federal Contract Tower,4,3,26,0,33,0,0,140,0,140,4,3,166,0,173,0,0,0,173
09/12/2020,PVU,UT,ANM,WE,Federal Contract Tower,2,7,12,0,21,0,0,87,0,87,2,7,99,0,108,6,0,6,114
09/13/2020,PVU,UT,ANM,WE,Federal Contract Tower,2,5,14,0,21,0,0,13,0,13,2,5,27,0,34,0,0,0,34
09/14/2020,PVU,UT,ANM,WE,Federal Contract Tower,4,7,41,0,52,0,0,170,1,171,4,7,211,1,223,46,0,46,269
09/15/2020,PVU,UT,ANM,WE,Federal Contract Tower,2,6,43,1,52,0,0,150,0,150,2,6,193,1,202,150,0,150,352
09/16/2020,PVU,UT,ANM,WE,Federal Contract Tower,2,8,49,0,59,0,0,155,0,155,2,8,204,0,214,104,0,104,318
09/17/2020,PVU,UT,ANM,WE,Federal Contract Tower,2,4,35,2,43,0,0,123,0,123,2,4,158,2,166,86,0,86,252
09/18/2020,PVU,UT,ANM,WE,Federal Contract Tower,4,2,26,0,32,0,0,136,0,136,4,2,162,0,168,120,0,120,288
09/19/2020,PVU,UT,ANM,WE,Federal Contract Tower,2,9,8,1,20,0,0,21,0,21,2,9,29,1,41,30,2,32,73
09/20/2020,PVU,UT,ANM,WE,Federal Contract Tower,2,4,15,7,28,0,0,35,4,39,2,4,50,11,67,30,20,50,117
09/21/2020,PVU,UT,ANM,WE,Federal Contract Tower,4,10,37,3,54,0,0,162,0,162,4,10,199,3,216,260,0,260,476
09/22/2020,PVU,UT,ANM,WE,Federal Contract Tower,2,5,58,0,65,0,0,136,0,136,2,5,194,0,201,280,0,280,481
09/23/2020,PVU,UT,ANM,WE,Federal Contract Tower,2,4,49,11,66,0,0,186,0,186,2,4,235,11,252,270,22,292,544
09/24/2020,PVU,UT,ANM,WE,Federal Contract Tower,2,11,19,11,43,0,0,140,1,141,2,11,159,12,184,190,8,198,382
09/25/2020,PVU,UT,ANM,WE,Federal Contract Tower,5,2,29,0,36,0,0,149,0,149,5,2,178,0,185,256,0,256,441
09/26/2020,PVU,UT,ANM,WE,Federal Contract Tower,2,0,20,0,22,0,0,83,2,85,2,0,103,2,107,110,0,110,217
09/27/2020,PVU,UT,ANM,WE,Federal Contract Tower,2,3,5,0,10,0,0,28,2,30,2,3,33,2,40,20,0,20,60
09/28/2020,PVU,UT,ANM,WE,Federal Contract Tower,4,10,39,0,53,0,0,133,0,133,4,10,172,0,186,242,0,242,428
09/29/2020,PVU,UT,ANM,WE,Federal Contract Tower,2,12,22,0,36,0,7,169,0,176,2,19,191,0,212,270,0,270,482
09/30/2020,PVU,UT,ANM,WE,Federal Contract Tower,0,2,40,0,42,0,0,175,0,175,0,2,215,0,217,352,0,352,569
10/01/2020,PVU,UT,ANM,WE,Federal Contract Tower,3,3,42,0,48,0,0,173,0,173,3,3,215,0,221,256,0,256,477
10/02/2020,PVU,UT,ANM,WE,Federal Contract Tower,4,6,32,0,42,0,1,169,0,170,4,7,201,0,212,198,0,198,410
10/03/2020,PVU,UT,ANM,WE,Federal Contract Tower,2,1,17,0,20,0,0,75,2,77,2,1,92,2,97,130,0,130,227
10/04/2020,PVU,UT,ANM,WE,Federal Contract Tower,2,2,13,0,17,0,0,26,4,30,2,2,39,4,47,40,0,40,87
10/05/2020,PVU,UT,ANM,WE,Federal Contract Tower,4,5,29,0,38,0,0,137,0,137,4,5,166,0,175,302,0,302,477
10/06/2020,PVU,UT,ANM,WE,Federal Contract Tower,2,1,24,0,27,0,4,147,2,153,2,5,171,2,180,244,0,244,424
10/07/2020,PVU,UT,ANM,WE,Federal Contract Tower,2,5,31,0,38,0,1,166,3,170,2,6,197,3,208,286,0,286,494
10/08/2020,PVU,UT,ANM,WE,Federal Contract Tower,2,2,45,0,49,0,4,128,2,134,2,6,173,2,183,230,0,230,413
10/09/2020,PVU,UT,ANM,WE,Federal Contract Tower,6,4,36,0,46,0,0,150,0,150,6,4,186,0,196,250,0,250,446
10/10/2020,PVU,UT,ANM,WE,Federal Contract Tower,3,1,16,0,20,0,0,72,0,72,3,1,88,0,92,110,0,110,202
10/11/2020,PVU,UT,ANM,WE,Federal Contract Tower,2,2,16,0,20,0,0,20,0,20,2,2,36,0,40,20,0,20,60
10/12/2020,PVU,UT,ANM,WE,Federal Contract Tower,6,11,46,0,63,0,0,169,0,169,6,11,215,0,232,326,0,326,558
10/13/2020,PVU,UT,ANM,WE,Federal Contract Tower,2,4,43,2,51,0,0,201,0,201,2,4,244,2,252,300,2,302,554
10/14/2020,PVU,UT,ANM,WE,Federal Contract Tower,2,9,24,0,35,0,0,105,1,106,2,9,129,1,141,208,0,208,349
10/15/2020,PVU,UT,ANM,WE,Federal Contract Tower,4,13,12,0,29,0,0,137,0,137,4,13,149,0,166,244,0,244,410
10/16/2020,PVU,UT,ANM,WE,Federal Contract Tower,6,3,44,0,53,0,0,151,0,151,6,3,195,0,204,332,0,332,536
10/17/2020,PVU,UT,ANM,WE,Federal Contract Tower,2,1,17,0,20,0,2,118,4,124,2,3,135,4,144,150,0,150,294
10/18/2020,PVU,UT,ANM,WE,Federal Contract Tower,3,7,13,0,23,0,2,56,4,62,3,9,69,4,85,70,0,70,155
10/19/2020,PVU,UT,ANM,WE,Federal Contract Tower,6,8,32,0,46,0,0,206,0,206,6,8,238,0,252,378,0,378,630
10/20/2020,PVU,UT,ANM,WE,Federal Contract Tower,2,9,43,0,54,0,8,225,0,233,2,17,268,0,287,315,0,315,602
10/21/2020,PVU,UT,ANM,WE,Federal Contract Tower,2,3,37,0,42,0,0,234,2,236,2,3,271,2,278,343,0,343,621
10/22/2020,PVU,UT,ANM,WE,Federal Contract Tower,3,4,12,0,19,0,1,110,0,111,3,5,122,0,130,144,0,144,274
10/23/2020,PVU,UT,ANM,WE,Federal Contract Tower,6,1,43,0,50,0,0,140,0,140,6,1,183,0,190,210,0,210,400
10/24/2020,PVU,UT,ANM,WE,Federal Contract Tower,2,0,31,0,33,0,0,67,0,67,2,0,98,0,100,140,0,140,240
10/25/2020,PVU,UT,ANM,WE,Federal Contract Tower,5,0,12,0,17,0,0,2,0,2,5,0,14,0,19,0,0,0,19
10/26/2020,PVU,UT,ANM,WE,Federal Contract Tower,6,5,44,0,55,0,0,138,0,138,6,5,182,0,193,226,0,226,419
10/27/2020,PVU,UT,ANM,WE,Federal Contract Tower,2,2,34,0,38,0,0,174,0,174,2,2,208,0,212,302,0,302,514
10/28/2020,PVU,UT,ANM,WE,Federal Contract Tower,2,4,36,1,43,0,0,175,0,175,2,4,211,1,218,210,2,212,430
10/29/2020,PVU,UT,ANM,WE,Federal Contract Tower,4,4,23,0,31,0,0,142,16,158,4,4,165,16,189,250,0,250,439
10/30/2020,PVU,UT,ANM,WE,Federal Contract Tower,7,0,37,0,44,0,0,142,0,142,7,0,179,0,186,230,0,230,416
10/31/2020,PVU,UT,ANM,WE,Federal Contract Tower,2,2,24,0,28,0,0,100,0,100,2,2,124,0,128,120,0,120,248
11/01/2020,PVU,UT,ANM,WE,Federal Contract Tower,4,6,22,0,32,0,0,45,0,45,4,6,67,0,77,40,0,40,117
11/02/2020,PVU,UT,ANM,WE,Federal Contract Tower,6,4,38,0,48,0,0,140,0,140,6,4,178,0,188,268,0,268,456
11/03/2020,PVU,UT,ANM,WE,Federal Contract Tower,2,1,13,0,16,0,0,126,2,128,2,1,139,2,144,204,0,204,348
11/04/2020,PVU,UT,ANM,WE,Federal Contract Tower,2,1,41,2,46,0,0,171,0,171,2,1,212,2,217,282,0,282,499
11/05/2020,PVU,UT,ANM,WE,Federal Contract Tower,6,6,54,0,66,0,2,158,0,160,6,8,212,0,226,236,0,236,462
11/06/2020,PVU,UT,ANM,WE,Federal Contract Tower,6,1,26,0,33,0,0,75,0,75,6,1,101,0,108,166,0,166,274
11/07/2020,PVU,UT,ANM,WE,Federal Contract Tower,2,0,6,0,8,0,0,11,0,11,2,0,17,0,19,10,0,10,29
11/08/2020,PVU,UT,ANM,WE,Federal Contract Tower,4,7,14,0,25,0,0,0,2,2,4,7,14,2,27,0,0,0,27
11/09/2020,PVU,UT,ANM,WE,Federal Contract Tower,6,4,24,0,34,0,0,47,0,47,6,4,71,0,81,202,0,202,283
11/10/2020,PVU,UT,ANM,WE,Federal Contract Tower,2,4,26,0,32,0,0,159,0,159,2,4,185,0,191,306,0,306,497
11/11/2020,PVU,UT,ANM,WE,Federal Contract Tower,2,5,17,0,24,0,1,94,0,95,2,6,111,0,119,188,0,188,307
11/12/2020,PVU,UT,ANM,WE,Federal Contract Tower,4,1,42,0,47,0,0,175,0,175,4,1,217,0,222,242,0,242,464
11/13/2020,PVU,UT,ANM,WE,Federal Contract Tower,6,6,28,0,40,0,0,78,0,78,6,6,106,0,118,98,0,98,216
11/14/2020,PVU,UT,ANM,WE,Federal Contract Tower,4,2,18,0,24,0,2,40,0,42,4,4,58,0,66,30,0,30,96
11/15/2020,PVU,UT,ANM,WE,Federal Contract Tower,4,2,8,0,14,0,1,26,0,27,4,3,34,0,41,50,0,50,91
11/16/2020,PVU,UT,ANM,WE,Federal Contract Tower,6,9,49,2,66,0,0,179,0,179,6,9,228,2,245,270,4,274,519
11/17/2020,PVU,UT,ANM,WE,Federal Contract Tower,2,3,36,1,42,0,1,158,0,159,2,4,194,1,201,306,2,308,509
11/18/2020,PVU,UT,ANM,WE,Federal Contract Tower,2,3,14,0,19,0,0,23,0,23,2,3,37,0,42,66,0,66,108
11/19/2020,PVU,UT,ANM,WE,Federal Contract Tower,4,15,25,0,44,0,0,137,0,137,4,15,162,0,181,236,0,236,417
11/20/2020,PVU,UT,ANM,WE,Federal Contract Tower,5,4,45,0,54,0,0,156,0,156,5,4,201,0,210,208,0,208,418
11/21/2020,PVU,UT,ANM,WE,Federal Contract Tower,3,2,36,0,41,0,0,106,0,106,3,2,142,0,147,120,0,120,267
11/22/2020,PVU,UT,ANM,WE,Federal Contract Tower,4,5,18,0,27,0,0,38,2,40,4,5,56,2,67,100,0,100,167
11/23/2020,PVU,UT,ANM,WE,Federal Contract Tower,4,7,24,0,35,0,0,136,0,136,4,7,160,0,171,212,0,212,383
11/24/2020,PVU,UT,ANM,WE,Federal Contract Tower,4,7,29,0,40,0,0,152,0,152,4,7,181,0,192,198,0,198,390
11/25/2020,PVU,UT,ANM,WE,Federal Contract Tower,7,1,18,0,26,0,0,87,0,87,7,1,105,0,113,122,0,122,235
11/26/2020,PVU,UT,ANM,WE,Federal Contract Tower,2,2,7,0,11,1,1,7,0,9,3,3,14,0,20,8,0,8,28
11/27/2020,PVU,UT,ANM,WE,Federal Contract Tower,2,0,5,0,7,0,1,52,0,53,2,1,57,0,60,50,0,50,110
11/28/2020,PVU,UT,ANM,WE,Federal Contract Tower,2,6,13,0,21,0,0,50,0,50,2,6,63,0,71,60,0,60,131
11/29/2020,PVU,UT,ANM,WE,Federal Contract Tower,11,3,6,0,20,0,0,33,0,33,11,3,39,0,53,70,0,70,123
11/30/2020,PVU,UT,ANM,WE,Federal Contract Tower,2,5,41,0,48,0,0,142,0,142,2,5,183,0,190,242,0,242,432
12/01/2020,PVU,UT,ANM,WE,Federal Contract Tower,0,8,18,0,26,0,4,119,0,123,0,12,137,0,149,162,0,162,311
12/02/2020,PVU,UT,ANM,WE,Federal Contract Tower,2,4,22,0,28,0,0,156,0,156,2,4,178,0,184,306,0,306,490
12/03/2020,PVU,UT,ANM,WE,Federal Contract Tower,4,4,43,0,51,0,0,148,0,148,4,4,191,0,199,320,0,320,519
12/04/2020,PVU,UT,ANM,WE,Federal Contract Tower,6,1,28,0,35,0,0,121,0,121,6,1,149,0,156,208,0,208,364
12/05/2020,PVU,UT,ANM,WE,Federal Contract Tower,2,2,30,0,34,0,0,101,0,101,2,2,131,0,135,200,0,200,335
12/06/2020,PVU,UT,ANM,WE,Federal Contract Tower,4,5,15,0,24,0,2,40,0,42,4,7,55,0,66,80,0,80,146
12/07/2020,PVU,UT,ANM,WE,Federal Contract Tower,4,3,49,0,56,0,0,148,0,148,4,3,197,0,204,266,0,266,470
12/08/2020,PVU,UT,ANM,WE,Federal Contract Tower,0,4,27,0,31,0,0,195,0,195,0,4,222,0,226,294,0,294,520
12/09/2020,PVU,UT,ANM,WE,Federal Contract Tower,2,3,23,0,28,0,0,159,0,159,2,3,182,0,187,282,0,282,469
12/10/2020,PVU,UT,ANM,WE,Federal Contract Tower,2,7,31,0,40,0,0,167,0,167,2,7,198,0,207,268,0,268,475
12/11/2020,PVU,UT,ANM,WE,Federal Contract Tower,5,8,42,0,55,0,0,67,0,67,5,8,109,0,122,152,0,152,274
12/12/2020,PVU,UT,ANM,WE,Federal Contract Tower,2,2,8,0,12,0,1,11,1,13,2,3,19,1,25,40,0,40,65
12/13/2020,PVU,UT,ANM,WE,Federal Contract Tower,2,6,20,0,28,0,0,34,0,34,2,6,54,0,62,80,0,80,142
12/14/2020,PVU,UT,ANM,WE,Federal Contract Tower,4,4,14,0,22,0,0,5,0,5,4,4,19,0,27,24,0,24,51
12/15/2020,PVU,UT,ANM,WE,Federal Contract Tower,0,5,24,0,29,0,0,65,0,65,0,5,89,0,94,178,0,178,272
12/16/2020,PVU,UT,ANM,WE,Federal Contract Tower,2,15,29,0,46,0,2,158,0,160,2,17,187,0,206,292,1,293,499
12/17/2020,PVU,UT,ANM,WE,Federal Contract Tower,1,7,10,0,18,0,1,19,0,20,1,8,29,0,38,48,0,48,86
12/18/2020,PVU,UT,ANM,WE,Federal Contract Tower,3,7,37,0,47,0,0,57,0,57,3,7,94,0,104,110,0,110,214
12/19/2020,PVU,UT,ANM,WE,Federal Contract Tower,2,3,31,0,36,0,0,95,0,95,2,3,126,0,131,150,0,150,281
12/20/2020,PVU,UT,ANM,WE,Federal Contract Tower,8,5,7,0,20,0,0,32,0,32,8,5,39,0,52,50,0,50,102
12/21/2020,PVU,UT,ANM,WE,Federal Contract Tower,2,2,39,0,43,0,0,165,0,165,2,2,204,0,208,270,0,270,478
12/22/2020,PVU,UT,ANM,WE,Federal Contract Tower,2,8,16,1,27,0,0,25,0,25,2,8,41,1,52,38,2,40,92
12/23/2020,PVU,UT,ANM,WE,Federal Contract Tower,2,7,14,0,23,0,0,97,0,97,2,7,111,0,120,118,0,118,238
12/24/2020,PVU,UT,ANM,WE,Federal Contract Tower,5,2,4,0,11,0,0,20,0,20,5,2,24,0,31,30,0,30,61
12/25/2020,PVU,UT,ANM,WE,Federal Contract Tower,2,0,2,0,4,0,0,3,0,3,2,0,5,0,7,0,0,0,7
12/26/2020,PVU,UT,ANM,WE,Federal Contract Tower,4,4,14,0,22,0,0,11,0,11,4,4,25,0,33,30,0,30,63
12/27/2020,PVU,UT,ANM,WE,Federal Contract Tower,7,4,19,0,30,0,0,20,0,20,7,4,39,0,50,10,0,10,60
12/28/2020,PVU,UT,ANM,WE,Federal Contract Tower,4,8,10,0,22,0,0,2,0,2,4,8,12,0,24,2,2,4,28
12/29/2020,PVU,UT,ANM,WE,Federal Contract Tower,2,4,10,0,16,0,0,59,0,59,2,4,69,0,75,120,0,120,195
12/30/2020,PVU,UT,ANM,WE,Federal Contract Tower,2,4,22,2,30,0,0,60,0,60,2,4,82,2,90,102,0,102,192
12/31/2020,PVU,UT,ANM,WE,Federal Contract Tower,7,3,17,0,27,0,2,29,0,31,7,5,46,0,58,46,0,46,104
01/01/2021,PVU,UT,ANM,WE,Federal Contract Tower,2,5,10,0,17,0,0,17,0,17,2,5,27,0,34,54,0,54,88
01/02/2021,PVU,UT,ANM,WE,Federal Contract Tower,4,3,28,0,35,0,2,53,0,55,4,5,81,0,90,60,0,60,150
01/03/2021,PVU,UT,ANM,WE,Federal Contract Tower,6,7,17,0,30,0,0,5,0,5,6,7,22,0,35,10,0,10,45
01/04/2021,PVU,UT,ANM,WE,Federal Contract Tower,4,10,15,0,29,0,0,71,0,71,4,10,86,0,100,144,0,144,244
01/05/2021,PVU,UT,ANM,WE,Federal Contract Tower,0,5,18,0,23,0,0,89,0,89,0,5,107,0,112,144,0,144,256
01/06/2021,PVU,UT,ANM,WE,Federal Contract Tower,2,5,31,0,38,0,3,153,0,156,2,8,184,0,194,256,0,256,450
01/07/2021,PVU,UT,ANM,WE,Federal Contract Tower,2,3,30,1,36,0,4,127,3,134,2,7,157,4,170,203,0,203,373
01/08/2021,PVU,UT,ANM,WE,Federal Contract Tower,4,0,48,0,52,0,0,129,0,129,4,0,177,0,181,225,0,225,406
01/09/2021,PVU,UT,ANM,WE,Federal Contract Tower,2,1,19,0,22,0,1,66,0,67,2,2,85,0,89,100,0,100,189
01/10/2021,PVU,UT,ANM,WE,Federal Contract Tower,2,3,13,2,20,0,0,35,4,39,2,3,48,6,59,70,2,72,131
01/11/2021,PVU,UT,ANM,WE,Federal Contract Tower,4,10,13,0,27,0,0,120,0,120,4,10,133,0,147,190,0,190,337
01/12/2021,PVU,UT,ANM,WE,Federal Contract Tower,0,2,15,0,17,0,0,134,0,134,0,2,149,0,151,240,0,240,391
01/13/2021,PVU,UT,ANM,WE,Federal Contract Tower,2,2,26,2,32,0,0,130,0,130,2,2,156,2,162,230,0,230,392
01/14/2021,PVU,UT,ANM,WE,Federal Contract Tower,2,3,16,0,21,0,0,179,0,179,2,3,195,0,200,208,0,208,408
01/15/2021,PVU,UT,ANM,WE,Federal Contract Tower,4,4,48,0,56,0,6,166,0,172,4,10,214,0,228,144,0,144,372
01/16/2021,PVU,UT,ANM,WE,Federal Contract Tower,2,4,21,0,27,0,4,105,2,111,2,8,126,2,138,150,0,150,288
01/17/2021,PVU,UT,ANM,WE,Federal Contract Tower,2,3,8,0,13,0,6,30,0,36,2,9,38,0,49,60,0,60,109
01/18/2021,PVU,UT,ANM,WE,Federal Contract Tower,4,9,16,0,29,0,0,68,0,68,4,9,84,0,97,98,0,98,195
01/19/2021,PVU,UT,ANM,WE,Federal Contract Tower,0,3,17,0,20,0,0,110,0,110,0,3,127,0,130,190,2,192,322
01/20/2021,PVU,UT,ANM,WE,Federal Contract Tower,2,2,31,0,35,0,0,157,0,157,2,2,188,0,192,218,0,218,410
01/21/2021,PVU,UT,ANM,WE,Federal Contract Tower,2,4,34,1,41,0,0,157,0,157,2,4,191,1,198,240,0,240,438
01/22/2021,PVU,UT,ANM,WE,Federal Contract Tower,4,5,22,0,31,0,0,98,0,98,4,5,120,0,129,110,0,110,239
01/23/2021,PVU,UT,ANM,WE,Federal Contract Tower,2,4,5,0,11,0,0,0,0,0,2,4,5,0,11,10,0,10,21
01/24/2021,PVU,UT,ANM,WE,Federal Contract Tower,2,4,13,0,19,0,4,14,3,21,2,8,27,3,40,50,0,50,90
01/25/2021,PVU,UT,ANM,WE,Federal Contract Tower,4,3,18,0,25,0,0,178,0,178,4,3,196,0,203,278,0,278,481
01/26/2021,PVU,UT,ANM,WE,Federal Contract Tower,0,9,12,0,21,0,0,36,0,36,0,9,48,0,57,62,0,62,119
01/27/2021,PVU,UT,ANM,WE,Federal Contract Tower,2,9,18,0,29,0,0,89,0,89,2,9,107,0,118,236,0,236,354
01/28/2021,PVU,UT,ANM,WE,Federal Contract Tower,2,7,39,1,49,0,0,115,0,115,2,7,154,1,164,216,2,218,382
01/29/2021,PVU,UT,ANM,WE,Federal Contract Tower,4,1,25,0,30,0,0,84,0,84,4,1,109,0,114,164,0,164,278
01/30/2021,PVU,UT,ANM,WE,Federal Contract Tower,2,4,19,0,25,0,1,118,0,119,2,5,137,0,144,300,0,300,444
01/31/2021,PVU,UT,ANM,WE,Federal Contract Tower,2,0,22,0,24,0,0,44,0,44,2,0,66,0,68,60,0,60,128
02/01/2021,PVU,UT,ANM,WE,Federal Contract Tower,4,0,62,0,66,0,0,160,0,160,4,0,222,0,226,260,0,260,486
02/02/2021,PVU,UT,ANM,WE,Federal Contract Tower,0,3,35,0,38,0,0,206,0,206,0,3,241,0,244,340,0,340,584
02/03/2021,PVU,UT,ANM,WE,Federal Contract Tower,2,7,12,2,23,0,0,42,0,42,2,7,54,2,65,82,0,82,147
02/04/2021,PVU,UT,ANM,WE,Federal Contract Tower,3,8,20,0,31,0,3,164,0,167,3,11,184,0,198,370,0,370,568
02/05/2021,PVU,UT,ANM,WE,Federal Contract Tower,4,9,20,4,37,0,0,40,0,40,4,9,60,4,77,120,0,120,197
02/06/2021,PVU,UT,ANM,WE,Federal Contract Tower,2,3,33,0,38,0,0,168,6,174,2,3,201,6,212,230,0,230,442
02/07/2021,PVU,UT,ANM,WE,Federal Contract Tower,2,7,22,0,31,0,0,31,0,31,2,7,53,0,62,60,0,60,122
02/08/2021,PVU,UT,ANM,WE,Federal Contract Tower,4,3,53,0,60,0,0,181,0,181,4,3,234,0,241,360,0,360,601
02/09/2021,PVU,UT,ANM,WE,Federal Contract Tower,0,8,28,0,36,0,0,93,0,93,0,8,121,0,129,238,0,238,367
02/10/2021,PVU,UT,ANM,WE,Federal Contract Tower,2,4,47,0,53,0,0,205,0,205,2,4,252,0,258,395,0,395,653
02/11/2021,PVU,UT,ANM,WE,Federal Contract Tower,4,7,43,0,54,0,0,229,0,229,4,7,272,0,283,296,0,296,579
02/12/2021,PVU,UT,ANM,WE,Federal Contract Tower,8,11,17,0,36,0,0,31,0,31,8,11,48,0,67,130,0,130,197
02/13/2021,PVU,UT,ANM,WE,Federal Contract Tower,1,6,8,0,15,0,0,0,0,0,1,6,8,0,15,0,0,0,15
02/14/2021,PVU,UT,ANM,WE,Federal Contract Tower,5,0,10,0,15,0,3,6,0,9,5,3,16,0,24,6,0,6,30
02/15/2021,PVU,UT,ANM,WE,Federal Contract Tower,9,11,21,0,41,0,1,0,0,1,9,12,21,0,42,0,0,0,42
02/16/2021,PVU,UT,ANM,WE,Federal Contract Tower,2,8,25,0,35,0,0,0,0,0,2,8,25,0,35,0,0,0,35
02/17/2021,PVU,UT,ANM,WE,Federal Contract Tower,2,9,15,1,27,0,0,5,0,5,2,9,20,1,32,6,0,6,38
02/18/2021,PVU,UT,ANM,WE,Federal Contract Tower,5,12,53,0,70,0,10,190,0,200,5,22,243,0,270,208,0,208,478
02/19/2021,PVU,UT,ANM,WE,Federal Contract Tower,6,6,45,0,57,0,0,147,0,147,6,6,192,0,204,210,0,210,414
02/20/2021,PVU,UT,ANM,WE,Federal Contract Tower,0,7,13,0,20,0,2,73,1,76,0,9,86,1,96,160,0,160,256
02/21/2021,PVU,UT,ANM,WE,Federal Contract Tower,4,6,8,1,19,0,0,50,0,50,4,6,58,1,69,50,0,50,119
02/22/2021,PVU,UT,ANM,WE,Federal Contract Tower,7,1,59,1,68,0,0,194,0,194,7,1,253,1,262,310,0,310,572
02/23/2021,PVU,UT,ANM,WE,Federal Contract Tower,2,5,30,0,37,0,0,158,0,158,2,5,188,0,195,204,0,204,399
02/24/2021,PVU,UT,ANM,WE,Federal Contract Tower,2,13,21,0,36,0,0,90,0,90,2,13,111,0,126,134,0,134,260
02/25/2021,PVU,UT,ANM,WE,Federal Contract Tower,4,4,36,0,44,0,1,170,0,171,4,5,206,0,215,304,0,304,519
02/26/2021,PVU,UT,ANM,WE,Federal Contract Tower,8,7,31,0,46,0,0,153,0,153,8,7,184,0,199,228,0,228,427
02/27/2021,PVU,UT,ANM,WE,Federal Contract Tower,1,0,12,0,13,0,0,35,0,35,1,0,47,0,48,86,0,86,134
02/28/2021,PVU,UT,ANM,WE,Federal Contract Tower,4,6,28,0,38,0,0,17,0,17,4,6,45,0,55,18,0,18,73
03/01/2021,PVU,UT,ANM,WE,Federal Contract Tower,9,5,55,0,69,0,0,188,0,188,9,5,243,0,257,260,0,260,517
03/02/2021,PVU,UT,ANM,WE,Federal Contract Tower,2,3,35,0,40,0,0,200,0,200,2,3,235,0,240,280,0,280,520
03/03/2021,PVU,UT,ANM,WE,Federal Contract Tower,4,10,38,0,52,0,0,169,0,169,4,10,207,0,221,246,0,246,467
03/04/2021,PVU,UT,ANM,WE,Federal Contract Tower,5,10,30,0,45,0,0,115,0,115,5,10,145,0,160,268,0,268,428
03/05/2021,PVU,UT,ANM,WE,Federal Contract Tower,8,5,35,0,48,0,0,139,0,139,8,5,174,0,187,242,0,242,429
03/06/2021,PVU,UT,ANM,WE,Federal Contract Tower,2,2,23,0,27,0,0,69,0,69,2,2,92,0,96,110,0,110,206
03/07/2021,PVU,UT,ANM,WE,Federal Contract Tower,5,2,21,0,28,0,0,68,0,68,5,2,89,0,96,24,0,24,120
03/08/2021,PVU,UT,ANM,WE,Federal Contract Tower,8,5,31,0,44,0,1,77,0,78,8,6,108,0,122,120,0,120,242
03/09/2021,PVU,UT,ANM,WE,Federal Contract Tower,2,0,34,0,36,0,0,147,0,147,2,0,181,0,183,300,0,300,483
03/10/2021,PVU,UT,ANM,WE,Federal Contract Tower,4,5,51,0,60,0,0,165,0,165,4,5,216,0,225,344,0,344,569
03/11/2021,PVU,UT,ANM,WE,Federal Contract Tower,4,7,27,0,38,0,0,89,0,89,4,7,116,0,127,188,0,188,315
03/12/2021,PVU,UT,ANM,WE,Federal Contract Tower,8,5,11,0,24,0,0,79,0,79,8,5,90,0,103,110,0,110,213
03/13/2021,PVU,UT,ANM,WE,Federal Contract Tower,2,4,10,2,18,0,0,3,0,3,2,4,13,2,21,2,0,2,23
03/14/2021,PVU,UT,ANM,WE,Federal Contract Tower,4,3,11,5,23,0,2,37,7,46,4,5,48,12,69,70,2,72,141
03/15/2021,PVU,UT,ANM,WE,Federal Contract Tower,7,3,48,0,58,0,0,185,0,185,7,3,233,0,243,280,0,280,523
03/16/2021,PVU,UT,ANM,WE,Federal Contract Tower,4,0,32,0,36,0,0,158,0,158,4,0,190,0,194,304,0,304,498
03/17/2021,PVU,UT,ANM,WE,Federal Contract Tower,6,3,36,0,45,0,0,179,0,179,6,3,215,0,224,290,0,290,514
03/18/2021,PVU,UT,ANM,WE,Federal Contract Tower,4,4,49,0,57,0,0,164,0,164,4,4,213,0,221,312,0,312,533
03/19/2021,PVU,UT,ANM,WE,Federal Contract Tower,8,7,39,0,54,0,0,156,0,156,8,7,195,0,210,256,0,256,466
03/20/2021,PVU,UT,ANM,WE,Federal Contract Tower,2,4,6,0,12,0,0,8,0,8,2,4,14,0,20,2,0,2,22
03/21/2021,PVU,UT,ANM,WE,Federal Contract Tower,6,4,22,0,32,0,0,20,4,24,6,4,42,4,56,8,2,10,66
03/22/2021,PVU,UT,ANM,WE,Federal Contract Tower,10,5,46,0,61,0,0,157,0,157,10,5,203,0,218,260,0,260,478
03/23/2021,PVU,UT,ANM,WE,Federal Contract Tower,2,2,15,0,19,0,0,79,0,79,2,2,94,0,98,152,0,152,250
03/24/2021,PVU,UT,ANM,WE,Federal Contract Tower,4,3,39,0,46,0,0,207,0,207,4,3,246,0,253,326,0,326,579
03/25/2021,PVU,UT,ANM,WE,Federal Contract Tower,4,11,26,1,42,0,0,75,0,75,4,11,101,1,117,94,0,94,211
03/26/2021,PVU,UT,ANM,WE,Federal Contract Tower,8,15,23,0,46,0,0,45,0,45,8,15,68,0,91,84,0,84,175
03/27/2021,PVU,UT,ANM,WE,Federal Contract Tower,0,12,19,0,31,0,0,125,0,125,0,12,144,0,156,186,0,186,342
03/28/2021,PVU,UT,ANM,WE,Federal Contract Tower,4,2,23,0,29,0,0,71,0,71,4,2,94,0,100,130,0,130,230
03/29/2021,PVU,UT,ANM,WE,Federal Contract Tower,6,5,13,0,24,0,0,28,0,28,6,5,41,0,52,70,0,70,122
03/30/2021,PVU,UT,ANM,WE,Federal Contract Tower,4,7,24,0,35,0,0,183,0,183,4,7,207,0,218,272,0,272,490
03/31/2021,PVU,UT,ANM,WE,Federal Contract Tower,4,3,50,2,59,0,0,234,0,234,4,3,284,2,293,336,0,336,629
04/01/2021,PVU,UT,ANM,WE,Federal Contract Tower,4,4,58,0,66,0,1,182,0,183,4,5,240,0,249,274,0,274,523
04/02/2021,PVU,UT,ANM,WE,Federal Contract Tower,8,5,46,0,59,0,1,153,0,154,8,6,199,0,213,160,0,160,373
04/03/2021,PVU,UT,ANM,WE,Federal Contract Tower,0,0,33,0,33,0,0,103,2,105,0,0,136,2,138,160,0,160,298
04/04/2021,PVU,UT,ANM,WE,Federal Contract Tower,4,1,9,0,14,0,0,25,8,33,4,1,34,8,47,20,0,20,67
04/05/2021,PVU,UT,ANM,WE,Federal Contract Tower,8,4,39,0,51,0,1,110,0,111,8,5,149,0,162,150,0,150,312
04/06/2021,PVU,UT,ANM,WE,Federal Contract Tower,2,2,9,0,13,0,0,68,0,68,2,2,77,0,81,162,0,162,243
04/07/2021,PVU,UT,ANM,WE,Federal Contract Tower,4,4,42,0,50,0,0,216,0,216,4,4,258,0,266,282,0,282,548
04/08/2021,PVU,UT,ANM,WE,Federal Contract Tower,4,0,16,0,20,0,0,138,0,138,4,0,154,0,158,198,0,198,356
04/10/2021,PVU,UT,ANM,WE,Federal Contract Tower,0,0,32,1,33,0,0,123,0,123,0,0,155,1,156,150,0,150,306
04/11/2021,PVU,UT,ANM,WE,Federal Contract Tower,4,5,12,0,21,0,1,25,0,26,4,6,37,0,47,20,0,20,67
04/12/2021,PVU,UT,ANM,WE,Federal Contract Tower,8,6,42,0,56,0,1,146,1,148,8,7,188,1,204,210,0,210,414
04/13/2021,PVU,UT,ANM,WE,Federal Contract Tower,2,7,26,1,36,0,0,140,0,140,2,7,166,1,176,200,0,200,376
04/14/2021,PVU,UT,ANM,WE,Federal Contract Tower,4,5,11,0,20,0,0,9,0,9,4,5,20,0,29,22,0,22,51
04/15/2021,PVU,UT,ANM,WE,Federal Contract Tower,6,10,18,2,36,0,2,19,4,25,6,12,37,6,61,64,12,76,137
04/16/2021,PVU,UT,ANM,WE,Federal Contract Tower,6,11,15,0,32,0,4,53,6,63,6,15,68,6,95,54,0,54,149
04/17/2021,PVU,UT,ANM,WE,Federal Contract Tower,2,1,30,0,33,0,0,138,0,138,2,1,168,0,171,210,0,210,381
04/18/2021,PVU,UT,ANM,WE,Federal Contract Tower,8,1,13,0,22,0,0,45,0,45,8,1,58,0,67,100,0,100,167
04/19/2021,PVU,UT,ANM,WE,Federal Contract Tower,8,0,22,0,30,0,1,76,0,77,8,1,98,0,107,170,0,170,277
04/20/2021,PVU,UT,ANM,WE,Federal Contract Tower,2,5,46,0,53,0,0,255,0,255,2,5,301,0,308,330,0,330,638
04/21/2021,PVU,UT,ANM,WE,Federal Contract Tower,4,1,49,0,54,0,0,146,0,146,4,1,195,0,200,214,0,214,414
04/22/2021,PVU,UT,ANM,WE,Federal Contract Tower,6,2,53,0,61,0,0,168,0,168,6,2,221,0,229,318,0,318,547
04/23/2021,PVU,UT,ANM,WE,Federal Contract Tower,6,1,30,0,37,0,0,186,0,186,6,1,216,0,223,286,0,286,509
04/24/2021,PVU,UT,ANM,WE,Federal Contract Tower,2,3,36,0,41,0,0,165,0,165,2,3,201,0,206,236,0,236,442
04/25/2021,PVU,UT,ANM,WE,Federal Contract Tower,6,2,11,0,19,0,0,20,0,20,6,2,31,0,39,20,0,20,59
04/26/2021,PVU,UT,ANM,WE,Federal Contract Tower,8,5,24,0,37,0,0,9,0,9,8,5,33,0,46,10,0,10,56
04/27/2021,PVU,UT,ANM,WE,Federal Contract Tower,2,6,21,0,29,0,0,166,0,166,2,6,187,0,195,316,0,316,511
04/28/2021,PVU,UT,ANM,WE,Federal Contract Tower,4,6,43,0,53,0,0,245,0,245,4,6,288,0,298,379,0,379,677
04/29/2021,PVU,UT,ANM,WE,Federal Contract Tower,6,4,67,0,77,0,0,187,0,187,6,4,254,0,264,284,0,284,548
04/30/2021,PVU,UT,ANM,WE,Federal Contract Tower,6,8,65,0,79,0,0,140,0,140,6,8,205,0,219,212,0,212,431
05/01/2021,PVU,UT,ANM,WE,Federal Contract Tower,2,1,21,0,24,0,0,98,0,98,2,1,119,0,122,150,0,150,272
05/02/2021,PVU,UT,ANM,WE,Federal Contract Tower,6,2,9,0,17,0,0,25,0,25,6,2,34,0,42,24,0,24,66
05/03/2021,PVU,UT,ANM,WE,Federal Contract Tower,7,2,28,0,37,0,0,149,0,149,7,2,177,0,186,230,0,230,416
05/04/2021,PVU,UT,ANM,WE,Federal Contract Tower,2,3,30,4,39,0,0,196,0,196,2,3,226,4,235,350,0,350,585
05/05/2021,PVU,UT,ANM,WE,Federal Contract Tower,4,7,44,8,63,0,0,163,0,163,4,7,207,8,226,330,0,330,556
05/06/2021,PVU,UT,ANM,WE,Federal Contract Tower,7,1,47,0,55,0,0,125,0,125,7,1,172,0,180,222,0,222,402
05/07/2021,PVU,UT,ANM,WE,Federal Contract Tower,8,4,25,0,37,0,0,75,0,75,8,4,100,0,112,110,0,110,222
05/08/2021,PVU,UT,ANM,WE,Federal Contract Tower,2,3,23,0,28,0,0,62,0,62,2,3,85,0,90,60,0,60,150
05/09/2021,PVU,UT,ANM,WE,Federal Contract Tower,6,4,16,0,26,0,5,24,0,29,6,9,40,0,55,40,0,40,95
05/10/2021,PVU,UT,ANM,WE,Federal Contract Tower,8,8,29,0,45,0,0,78,0,78,8,8,107,0,123,150,0,150,273
05/11/2021,PVU,UT,ANM,WE,Federal Contract Tower,2,7,49,2,60,0,0,153,0,153,2,7,202,2,213,282,0,282,495
05/12/2021,PVU,UT,ANM,WE,Federal Contract Tower,3,11,35,0,49,0,0,104,0,104,3,11,139,0,153,158,0,158,311
05/13/2021,PVU,UT,ANM,WE,Federal Contract Tower,6,7,49,0,62,0,0,146,0,146,6,7,195,0,208,212,0,212,420
05/14/2021,PVU,UT,ANM,WE,Federal Contract Tower,6,5,21,1,33,0,0,129,0,129,6,5,150,1,162,198,2,200,362
05/15/2021,PVU,UT,ANM,WE,Federal Contract Tower,2,2,7,0,11,0,0,116,0,116,2,2,123,0,127,160,0,160,287
05/16/2021,PVU,UT,ANM,WE,Federal Contract Tower,6,4,15,0,25,0,0,50,0,50,6,4,65,0,75,40,0,40,115
05/17/2021,PVU,UT,ANM,WE,Federal Contract Tower,6,5,22,0,33,0,0,112,0,112,6,5,134,0,145,240,0,240,385
05/18/2021,PVU,UT,ANM,WE,Federal Contract Tower,2,1,33,5,41,0,0,205,0,205,2,1,238,5,246,321,0,321,567
05/19/2021,PVU,UT,ANM,WE,Federal Contract Tower,3,4,31,5,43,0,0,137,0,137,3,4,168,5,180,168,0,168,348
05/20/2021,PVU,UT,ANM,WE,Federal Contract Tower,6,2,21,3,32,0,1,117,4,122,6,3,138,7,154,144,0,144,298
05/21/2021,PVU,UT,ANM,WE,Federal Contract Tower,6,5,14,0,25,0,0,76,0,76,6,5,90,0,101,144,0,144,245
05/22/2021,PVU,UT,ANM,WE,Federal Contract Tower,2,7,7,0,16,151,0,0,0,151,153,7,7,0,167,126,0,126,293
05/23/2021,PVU,UT,ANM,WE,Federal Contract Tower,6,5,12,0,23,0,0,6,0,6,6,5,18,0,29,10,0,10,39
05/24/2021,PVU,UT,ANM,WE,Federal Contract Tower,6,3,50,1,60,0,0,202,0,202,6,3,252,1,262,252,2,254,516
05/25/2021,PVU,UT,ANM,WE,Federal Contract Tower,3,4,42,0,49,0,0,197,0,197,3,4,239,0,246,312,0,312,558
05/26/2021,PVU,UT,ANM,WE,Federal Contract Tower,4,2,11,0,17,0,0,194,0,194,4,2,205,0,211,222,0,222,433
05/27/2021,PVU,UT,ANM,WE,Federal Contract Tower,4,0,66,0,70,0,0,179,0,179,4,0,245,0,249,258,0,258,507
05/28/2021,PVU,UT,ANM,WE,Federal Contract Tower,6,1,21,0,28,0,0,186,0,186,6,1,207,0,214,236,0,236,450
05/29/2021,PVU,UT,ANM,WE,Federal Contract Tower,4,1,11,0,16,0,0,120,0,120,4,1,131,0,136,130,0,130,266
05/30/2021,PVU,UT,ANM,WE,Federal Contract Tower,5,3,9,0,17,0,0,31,2,33,5,3,40,2,50,30,0,30,80
05/31/2021,PVU,UT,ANM,WE,Federal Contract Tower,8,3,40,0,51,0,0,56,2,58,8,3,96,2,109,86,0,86,195
06/01/2021,PVU,UT,ANM,WE,Federal Contract Tower,3,1,33,2,39,0,0,167,1,168,3,1,200,3,207,314,0,314,521
06/02/2021,PVU,UT,ANM,WE,Federal Contract Tower,5,10,31,0,46,0,0,225,0,225,5,10,256,0,271,272,0,272,543
06/03/2021,PVU,UT,ANM,WE,Federal Contract Tower,4,3,41,1,49,0,0,181,0,181,4,3,222,1,230,300,0,300,530
06/04/2021,PVU,UT,ANM,WE,Federal Contract Tower,8,2,37,0,47,0,0,141,0,141,8,2,178,0,188,188,0,188,376
06/05/2021,PVU,UT,ANM,WE,Federal Contract Tower,6,7,17,0,30,0,0,90,0,90,6,7,107,0,120,180,0,180,300
06/06/2021,PVU,UT,ANM,WE,Federal Contract Tower,4,3,16,1,24,0,0,40,5,45,4,3,56,6,69,40,0,40,109
06/07/2021,PVU,UT,ANM,WE,Federal Contract Tower,6,9,50,0,65,0,0,144,1,145,6,9,194,1,210,236,0,236,446
06/08/2021,PVU,UT,ANM,WE,Federal Contract Tower,2,6,34,0,42,0,0,153,0,153,2,6,187,0,195,188,0,188,383
06/09/2021,PVU,UT,ANM,WE,Federal Contract Tower,4,6,45,0,55,0,0,169,0,169,4,6,214,0,224,278,0,278,502
06/10/2021,PVU,UT,ANM,WE,Federal Contract Tower,4,7,29,0,40,0,0,58,0,58,4,7,87,0,98,90,0,90,188
06/11/2021,PVU,UT,ANM,WE,Federal Contract Tower,8,5,51,0,64,0,0,187,0,187,8,5,238,0,251,242,0,242,493
06/12/2021,PVU,UT,ANM,WE,Federal Contract Tower,4,3,32,0,39,0,0,126,6,132,4,3,158,6,171,200,0,200,371
06/13/2021,PVU,UT,ANM,WE,Federal Contract Tower,4,5,9,0,18,0,0,71,0,71,4,5,80,0,89,22,0,22,111
06/14/2021,PVU,UT,ANM,WE,Federal Contract Tower,7,6,48,0,61,0,0,143,12,155,7,6,191,12,216,250,0,250,466
06/15/2021,PVU,UT,ANM,WE,Federal Contract Tower,5,12,40,0,57,0,0,185,0,185,5,12,225,0,242,326,0,326,568
06/16/2021,PVU,UT,ANM,WE,Federal Contract Tower,4,8,51,0,63,0,0,184,0,184,4,8,235,0,247,293,0,293,540
06/17/2021,PVU,UT,ANM,WE,Federal Contract Tower,4,3,32,0,39,0,2,149,0,151,4,5,181,0,190,210,0,210,400
06/18/2021,PVU,UT,ANM,WE,Federal Contract Tower,8,1,35,3,47,0,0,149,0,149,8,1,184,3,196,192,0,192,388
06/19/2021,PVU,UT,ANM,WE,Federal Contract Tower,4,3,21,0,28,0,2,111,0,113,4,5,132,0,141,130,0,130,271
06/20/2021,PVU,UT,ANM,WE,Federal Contract Tower,4,3,16,0,23,0,0,34,0,34,4,3,50,0,57,26,0,26,83
06/21/2021,PVU,UT,ANM,WE,Federal Contract Tower,8,8,52,0,68,0,0,173,0,173,8,8,225,0,241,188,0,188,429
06/22/2021,PVU,UT,ANM,WE,Federal Contract Tower,2,2,43,0,47,0,0,174,0,174,2,2,217,0,221,224,0,224,445
06/23/2021,PVU,UT,ANM,WE,Federal Contract Tower,2,2,38,2,44,0,2,182,0,184,2,4,220,2,228,254,0,254,482
06/24/2021,PVU,UT,ANM,WE,Federal Contract Tower,4,2,33,0,39,0,1,86,0,87,4,3,119,0,126,128,0,128,254
06/25/2021,PVU,UT,ANM,WE,Federal Contract Tower,6,5,33,2,46,0,0,155,0,155,6,5,188,2,201,214,0,214,415
06/26/2021,PVU,UT,ANM,WE,Federal Contract Tower,4,2,23,0,29,0,0,84,4,88,4,2,107,4,117,122,0,122,239
06/27/2021,PVU,UT,ANM,WE,Federal Contract Tower,6,2,18,0,26,0,0,35,1,36,6,2,53,1,62,34,0,34,96
06/28/2021,PVU,UT,ANM,WE,Federal Contract Tower,8,2,23,0,33,0,0,140,0,140,8,2,163,0,173,206,0,206,379
06/29/2021,PVU,UT,ANM,WE,Federal Contract Tower,4,2,24,0,30,0,0,139,0,139,4,2,163,0,169,204,0,204,373
06/30/2021,PVU,UT,ANM,WE,Federal Contract Tower,2,8,34,1,45,0,0,140,0,140,2,8,174,1,185,250,0,250,435
07/01/2021,PVU,UT,ANM,WE,Federal Contract Tower,4,11,63,0,78,0,1,153,0,154,4,12,216,0,232,250,0,250,482
07/02/2021,PVU,UT,ANM,WE,Federal Contract Tower,6,3,51,2,62,0,0,163,1,164,6,3,214,3,226,210,0,210,436
07/03/2021,PVU,UT,ANM,WE,Federal Contract Tower,4,2,15,0,21,0,0,59,0,59,4,2,74,0,80,70,0,70,150
07/04/2021,PVU,UT,ANM,WE,Federal Contract Tower,4,2,5,0,11,0,0,21,0,21,4,2,26,0,32,18,0,18,50
07/05/2021,PVU,UT,ANM,WE,Federal Contract Tower,8,8,22,0,38,0,0,69,0,69,8,8,91,0,107,48,0,48,155
07/06/2021,PVU,UT,ANM,WE,Federal Contract Tower,2,5,29,0,36,0,1,170,0,171,2,6,199,0,207,300,0,300,507
07/07/2021,PVU,UT,ANM,WE,Federal Contract Tower,2,5,27,2,36,0,1,142,0,143,2,6,169,2,179,230,0,230,409
07/08/2021,PVU,UT,ANM,WE,Federal Contract Tower,4,5,37,2,48,0,0,147,0,147,4,5,184,2,195,193,0,193,388
07/09/2021,PVU,UT,ANM,WE,Federal Contract Tower,8,10,26,0,44,0,0,113,0,113,8,10,139,0,157,166,0,166,323
07/10/2021,PVU,UT,ANM,WE,Federal Contract Tower,5,5,22,0,32,0,0,137,0,137,5,5,159,0,169,212,0,212,381
07/11/2021,PVU,UT,ANM,WE,Federal Contract Tower,4,5,21,0,30,0,0,18,0,18,4,5,39,0,48,18,0,18,66
07/12/2021,PVU,UT,ANM,WE,Federal Contract Tower,6,0,41,0,47,0,0,109,0,109,6,0,150,0,156,196,0,196,352
07/13/2021,PVU,UT,ANM,WE,Federal Contract Tower,2,7,31,0,40,0,0,134,0,134,2,7,165,0,174,160,2,162,336
07/14/2021,PVU,UT,ANM,WE,Federal Contract Tower,2,5,43,0,50,0,0,156,0,156,2,5,199,0,206,200,0,200,406
07/15/2021,PVU,UT,ANM,WE,Federal Contract Tower,4,4,34,0,42,0,1,145,0,146,4,5,179,0,188,182,0,182,370
07/16/2021,PVU,UT,ANM,WE,Federal Contract Tower,6,4,28,0,38,0,2,140,0,142,6,6,168,0,180,206,0,206,386
07/17/2021,PVU,UT,ANM,WE,Federal Contract Tower,4,4,43,0,51,0,0,115,0,115,4,4,158,0,166,144,0,144,310
07/18/2021,PVU,UT,ANM,WE,Federal Contract Tower,4,5,25,0,34,0,0,32,0,32,4,5,57,0,66,32,0,32,98
07/19/2021,PVU,UT,ANM,WE,Federal Contract Tower,7,2,48,0,57,0,0,109,0,109,7,2,157,0,166,132,0,132,298
07/20/2021,PVU,UT,ANM,WE,Federal Contract Tower,3,9,65,0,77,0,0,163,0,163,3,9,228,0,240,200,0,200,440
07/21/2021,PVU,UT,ANM,WE,Federal Contract Tower,2,6,38,0,46,0,0,102,0,102,2,6,140,0,148,180,0,180,328
07/22/2021,PVU,UT,ANM,WE,Federal Contract Tower,4,5,48,0,57,0,0,145,0,145,4,5,193,0,202,208,0,208,410
07/23/2021,PVU,UT,ANM,WE,Federal Contract Tower,8,7,32,0,47,0,0,79,0,79,8,7,111,0,126,120,0,120,246
07/24/2021,PVU,UT,ANM,WE,Federal Contract Tower,2,0,23,0,25,0,0,84,0,84,2,0,107,0,109,142,0,142,251
07/25/2021,PVU,UT,ANM,WE,Federal Contract Tower,4,3,6,0,13,0,0,25,0,25,4,3,31,0,38,20,0,20,58
07/26/2021,PVU,UT,ANM,WE,Federal Contract Tower,8,4,45,0,57,0,0,109,0,109,8,4,154,0,166,180,0,180,346
07/27/2021,PVU,UT,ANM,WE,Federal Contract Tower,2,13,46,0,61,0,0,126,0,126,2,13,172,0,187,230,0,230,417
07/28/2021,PVU,UT,ANM,WE,Federal Contract Tower,4,7,48,0,59,0,0,153,0,153,4,7,201,0,212,260,0,260,472
07/29/2021,PVU,UT,ANM,WE,Federal Contract Tower,4,5,52,0,61,0,0,131,0,131,4,5,183,0,192,216,0,216,408
07/30/2021,PVU,UT,ANM,WE,Federal Contract Tower,6,2,41,0,49,0,0,106,0,106,6,2,147,0,155,140,0,140,295
07/31/2021,PVU,UT,ANM,WE,Federal Contract Tower,4,5,29,0,38,0,4,74,0,78,4,9,103,0,116,166,0,166,282
08/01/2021,PVU,UT,ANM,WE,Federal Contract Tower,4,6,18,0,28,0,0,25,0,25,4,6,43,0,53,36,0,36,89
08/02/2021,PVU,UT,ANM,WE,Federal Contract Tower,6,3,28,0,37,0,0,82,0,82,6,3,110,0,119,214,0,214,333
08/03/2021,PVU,UT,ANM,WE,Federal Contract Tower,2,7,39,2,50,0,0,191,0,191,2,7,230,2,241,300,4,304,545
08/04/2021,PVU,UT,ANM,WE,Federal Contract Tower,4,8,67,1,80,0,1,188,1,190,4,9,255,2,270,340,0,340,610
08/05/2021,PVU,UT,ANM,WE,Federal Contract Tower,4,1,57,0,62,0,0,152,0,152,4,1,209,0,214,232,0,232,446
08/06/2021,PVU,UT,ANM,WE,Federal Contract Tower,2,1,38,0,41,0,0,91,0,91,2,1,129,0,132,80,0,80,212
08/07/2021,PVU,UT,ANM,WE,Federal Contract Tower,4,2,41,0,47,0,1,43,0,44,4,3,84,0,91,84,0,84,175
08/08/2021,PVU,UT,ANM,WE,Federal Contract Tower,4,7,25,0,36,0,0,24,0,24,4,7,49,0,60,26,0,26,86
08/09/2021,PVU,UT,ANM,WE,Federal Contract Tower,6,4,39,2,51,0,0,105,0,105,6,4,144,2,156,150,0,150,306
08/10/2021,PVU,UT,ANM,WE,Federal Contract Tower,2,9,34,1,46,0,0,88,4,92,2,9,122,5,138,150,0,150,288
08/11/2021,PVU,UT,ANM,WE,Federal Contract Tower,4,2,58,4,68,0,0,201,0,201,4,2,259,4,269,250,0,250,519
08/12/2021,PVU,UT,ANM,WE,Federal Contract Tower,4,6,56,0,66,0,0,157,1,158,4,6,213,1,224,214,0,214,438
08/13/2021,PVU,UT,ANM,WE,Federal Contract Tower,8,2,44,2,56,0,0,148,2,150,8,2,192,4,206,200,0,200,406
08/14/2021,PVU,UT,ANM,WE,Federal Contract Tower,4,5,20,0,29,0,0,98,2,100,4,5,118,2,129,172,0,172,301
08/15/2021,PVU,UT,ANM,WE,Federal Contract Tower,4,10,22,0,36,0,2,21,0,23,4,12,43,0,59,40,0,40,99
08/16/2021,PVU,UT,ANM,WE,Federal Contract Tower,5,12,53,0,70,0,0,83,0,83,5,12,136,0,153,164,0,164,317
08/17/2021,PVU,UT,ANM,WE,Federal Contract Tower,2,2,29,0,33,0,0,92,0,92,2,2,121,0,125,160,0,160,285
08/18/2021,PVU,UT,ANM,WE,Federal Contract Tower,1,2,8,2,13,0,0,15,0,15,1,2,23,2,28,30,0,30,58
08/19/2021,PVU,UT,ANM,WE,Federal Contract Tower,6,6,27,0,39,0,0,28,0,28,6,6,55,0,67,82,0,82,149
08/20/2021,PVU,UT,ANM,WE,Federal Contract Tower,4,8,55,0,67,0,2,152,0,154,4,10,207,0,221,226,0,226,447
08/21/2021,PVU,UT,ANM,WE,Federal Contract Tower,4,2,32,0,38,0,0,66,0,66,4,2,98,0,104,78,0,78,182
08/22/2021,PVU,UT,ANM,WE,Federal Contract Tower,5,2,19,0,26,0,3,39,0,42,5,5,58,0,68,42,0,42,110
08/23/2021,PVU,UT,ANM,WE,Federal Contract Tower,4,4,58,0,66,0,0,164,0,164,4,4,222,0,230,212,0,212,442
08/24/2021,PVU,UT,ANM,WE,Federal Contract Tower,2,7,58,0,67,0,2,180,0,182,2,9,238,0,249,280,0,280,529
08/25/2021,PVU,UT,ANM,WE,Federal Contract Tower,2,11,38,1,52,0,2,157,0,159,2,13,195,1,211,200,0,200,411
08/26/2021,PVU,UT,ANM,WE,Federal Contract Tower,6,3,21,0,30,0,2,175,0,177,6,5,196,0,207,202,0,202,409
08/27/2021,PVU,UT,ANM,WE,Federal Contract Tower,4,2,45,0,51,0,4,173,4,181,4,6,218,4,232,152,2,154,386
08/28/2021,PVU,UT,ANM,WE,Federal Contract Tower,4,4,22,0,30,0,3,107,0,110,4,7,129,0,140,138,0,138,278
08/29/2021,PVU,UT,ANM,WE,Federal Contract Tower,6,7,19,0,32,0,2,18,0,20,6,9,37,0,52,51,0,51,103
08/30/2021,PVU,UT,ANM,WE,Federal Contract Tower,4,4,41,0,49,0,0,197,0,197,4,4,238,0,246,242,0,242,488
08/31/2021,PVU,UT,ANM,WE,Federal Contract Tower,2,0,41,1,44,0,0,154,0,154,2,0,195,1,198,152,2,154,352
09/01/2021,PVU,UT,ANM,WE,Federal Contract Tower,3,6,32,1,42,0,3,145,3,151,3,9,177,4,193,200,0,200,393
09/02/2021,PVU,UT,ANM,WE,Federal Contract Tower,9,4,62,0,75,0,1,192,2,195,9,5,254,2,270,254,0,254,524
09/03/2021,PVU,UT,ANM,WE,Federal Contract Tower,6,26,20,0,52,0,0,201,0,201,6,26,221,0,253,218,0,218,471
09/04/2021,PVU,UT,ANM,WE,Federal Contract Tower,4,5,32,0,41,0,0,117,0,117,4,5,149,0,158,242,0,242,400
09/05/2021,PVU,UT,ANM,WE,Federal Contract Tower,8,1,12,0,21,0,0,18,0,18,8,1,30,0,39,24,0,24,63
09/06/2021,PVU,UT,ANM,WE,Federal Contract Tower,5,3,22,0,30,0,0,75,0,75,5,3,97,0,105,100,0,100,205
09/07/2021,PVU,UT,ANM,WE,Federal Contract Tower,2,10,56,1,69,0,0,183,0,183,2,10,239,1,252,270,0,270,522
09/08/2021,PVU,UT,ANM,WE,Federal Contract Tower,2,1,48,3,54,0,2,187,0,189,2,3,235,3,243,312,0,312,555
09/09/2021,PVU,UT,ANM,WE,Federal Contract Tower,4,1,73,1,79,0,0,210,0,210,4,1,283,1,289,360,0,360,649
09/10/2021,PVU,UT,ANM,WE,Federal Contract Tower,2,5,26,0,33,0,0,143,0,143,2,5,169,0,176,280,0,280,456
09/11/2021,PVU,UT,ANM,WE,Federal Contract Tower,2,4,13,0,19,0,0,79,0,79,2,4,92,0,98,154,0,154,252
09/12/2021,PVU,UT,ANM,WE,Federal Contract Tower,4,5,34,0,43,0,0,35,0,35,4,5,69,0,78,40,2,42,120
09/13/2021,PVU,UT,ANM,WE,Federal Contract Tower,2,1,42,0,45,0,0,207,0,207,2,1,249,0,252,332,0,332,584
09/14/2021,PVU,UT,ANM,WE,Federal Contract Tower,2,10,62,0,74,0,0,232,4,236,2,10,294,4,310,360,0,360,670
09/15/2021,PVU,UT,ANM,WE,Federal Contract Tower,1,8,76,0,85,0,1,185,3,189,1,9,261,3,274,304,0,304,578
09/16/2021,PVU,UT,ANM,WE,Federal Contract Tower,4,1,45,0,50,0,0,187,5,192,4,1,232,5,242,287,10,297,539
09/17/2021,PVU,UT,ANM,WE,Federal Contract Tower,6,8,68,0,82,0,1,173,0,174,6,9,241,0,256,248,0,248,504
09/18/2021,PVU,UT,ANM,WE,Federal Contract Tower,2,3,22,0,27,0,0,60,0,60,2,3,82,0,87,162,0,162,249
09/19/2021,PVU,UT,ANM,WE,Federal Contract Tower,6,16,17,0,39,0,7,21,0,28,6,23,38,0,67,30,0,30,97
09/20/2021,PVU,UT,ANM,WE,Federal Contract Tower,4,4,42,0,50,0,0,156,0,156,4,4,198,0,206,228,0,228,434
09/21/2021,PVU,UT,ANM,WE,Federal Contract Tower,2,4,61,0,67,0,0,221,4,225,2,4,282,4,292,300,10,310,602
09/22/2021,PVU,UT,ANM,WE,Federal Contract Tower,2,7,71,0,80,0,0,200,4,204,2,7,271,4,284,350,10,360,644
09/23/2021,PVU,UT,ANM,WE,Federal Contract Tower,5,5,58,0,68,0,2,201,4,207,5,7,259,4,275,270,0,270,545
09/24/2021,PVU,UT,ANM,WE,Federal Contract Tower,3,5,53,0,61,0,1,184,2,187,3,6,237,2,248,330,0,330,578
09/25/2021,PVU,UT,ANM,WE,Federal Contract Tower,2,6,17,0,25,0,0,88,0,88,2,6,105,0,113,49,0,49,162
09/26/2021,PVU,UT,ANM,WE,Federal Contract Tower,8,5,20,0,33,0,0,43,0,43,8,5,63,0,76,75,0,75,151
09/27/2021,PVU,UT,ANM,WE,Federal Contract Tower,3,3,46,0,52,0,0,186,0,186,3,3,232,0,238,304,0,304,542
09/28/2021,PVU,UT,ANM,WE,Federal Contract Tower,2,3,25,0,30,0,0,82,0,82,2,3,107,0,112,180,0,180,292
09/29/2021,PVU,UT,ANM,WE,Federal Contract Tower,2,12,23,1,38,0,2,191,0,193,2,14,214,1,231,320,2,322,553
09/30/2021,PVU,UT,ANM,WE,Federal Contract Tower,4,7,58,0,69,0,5,195,0,200,4,12,253,0,269,322,0,322,591
10/01/2021,PVU,UT,ANM,WE,Federal Contract Tower,2,6,51,0,59,0,1,180,0,181,2,7,231,0,240,176,0,176,416
10/02/2021,PVU,UT,ANM,WE,Federal Contract Tower,4,3,17,0,24,0,0,109,0,109,4,3,126,0,133,122,0,122,255
10/03/2021,PVU,UT,ANM,WE,Federal Contract Tower,6,4,21,0,31,0,0,32,0,32,6,4,53,0,63,32,0,32,95
10/04/2021,PVU,UT,ANM,WE,Federal Contract Tower,2,3,45,0,50,0,0,165,0,165,2,3,210,0,215,268,0,268,483
10/05/2021,PVU,UT,ANM,WE,Federal Contract Tower,2,8,34,0,44,0,0,142,0,142,2,8,176,0,186,230,0,230,416
10/06/2021,PVU,UT,ANM,WE,Federal Contract Tower,4,13,30,0,47,0,1,116,0,117,4,14,146,0,164,210,0,210,374
10/07/2021,PVU,UT,ANM,WE,Federal Contract Tower,8,11,41,0,60,0,6,187,0,193,8,17,228,0,253,256,0,256,509
10/08/2021,PVU,UT,ANM,WE,Federal Contract Tower,6,6,18,0,30,0,0,22,0,22,6,6,40,0,52,66,0,66,118
10/09/2021,PVU,UT,ANM,WE,Federal Contract Tower,6,12,20,0,38,0,0,37,0,37,6,12,57,0,75,44,0,44,119
10/10/2021,PVU,UT,ANM,WE,Federal Contract Tower,7,7,12,0,26,0,0,27,0,27,7,7,39,0,53,40,0,40,93
10/11/2021,PVU,UT,ANM,WE,Federal Contract Tower,4,3,27,0,34,0,0,130,0,130,4,3,157,0,164,150,0,150,314
10/12/2021,PVU,UT,ANM,WE,Federal Contract Tower,2,5,15,0,22,0,0,2,0,2,2,5,17,0,24,10,0,10,34
10/13/2021,PVU,UT,ANM,WE,Federal Contract Tower,4,7,65,0,76,0,8,203,0,211,4,15,268,0,287,350,0,350,637
10/14/2021,PVU,UT,ANM,WE,Federal Contract Tower,6,9,20,0,35,0,0,43,0,43,6,9,63,0,78,122,0,122,200
10/15/2021,PVU,UT,ANM,WE,Federal Contract Tower,7,7,72,2,88,0,0,193,0,193,7,7,265,2,281,244,0,244,525
10/16/2021,PVU,UT,ANM,WE,Federal Contract Tower,4,3,34,0,41,0,0,109,6,115,4,3,143,6,156,152,0,152,308
10/17/2021,PVU,UT,ANM,WE,Federal Contract Tower,6,7,22,0,35,0,1,43,0,44,6,8,65,0,79,62,0,62,141
10/18/2021,PVU,UT,ANM,WE,Federal Contract Tower,2,2,38,0,42,0,0,64,0,64,2,2,102,0,106,114,0,114,220
10/19/2021,PVU,UT,ANM,WE,Federal Contract Tower,4,5,32,0,41,0,2,80,0,82,4,7,112,0,123,170,0,170,293
10/20/2021,PVU,UT,ANM,WE,Federal Contract Tower,4,6,70,0,80,0,0,225,0,225,4,6,295,0,305,360,0,360,665
10/21/2021,PVU,UT,ANM,WE,Federal Contract Tower,6,0,58,0,64,0,0,182,6,188,6,0,240,6,252,300,0,300,552
10/22/2021,PVU,UT,ANM,WE,Federal Contract Tower,6,7,48,0,61,0,0,231,0,231,6,7,279,0,292,344,0,344,636
10/23/2021,PVU,UT,ANM,WE,Federal Contract Tower,6,4,18,0,28,0,0,32,0,32,6,4,50,0,60,72,0,72,132
10/24/2021,PVU,UT,ANM,WE,Federal Contract Tower,4,5,9,0,18,0,0,36,0,36,4,5,45,0,54,46,0,46,100
10/25/2021,PVU,UT,ANM,WE,Federal Contract Tower,4,7,19,0,30,0,0,14,0,14,4,7,33,0,44,26,0,26,70
10/26/2021,PVU,UT,ANM,WE,Federal Contract Tower,2,6,11,0,19,0,0,70,0,70,2,6,81,0,89,212,0,212,301
10/27/2021,PVU,UT,ANM,WE,Federal Contract Tower,2,2,82,1,87,0,0,260,1,261,2,2,342,2,348,410,0,410,758
10/28/2021,PVU,UT,ANM,WE,Federal Contract Tower,6,4,76,0,86,0,0,202,0,202,6,4,278,0,288,242,2,244,532
10/29/2021,PVU,UT,ANM,WE,Federal Contract Tower,5,9,70,0,84,0,0,226,0,226,5,9,296,0,310,194,0,194,504
10/30/2021,PVU,UT,ANM,WE,Federal Contract Tower,2,3,42,0,47,0,0,125,0,125,2,3,167,0,172,228,0,228,400
10/31/2021,PVU,UT,ANM,WE,Federal Contract Tower,6,1,13,0,20,0,0,31,0,31,6,1,44,0,51,56,0,56,107
11/01/2021,PVU,UT,ANM,WE,Federal Contract Tower,4,4,62,0,70,0,1,163,0,164,4,5,225,0,234,310,0,310,544
11/02/2021,PVU,UT,ANM,WE,Federal Contract Tower,2,4,33,0,39,0,0,137,0,137,2,4,170,0,176,200,0,200,376
11/03/2021,PVU,UT,ANM,WE,Federal Contract Tower,2,5,66,0,73,0,0,210,0,210,2,5,276,0,283,280,0,280,563
11/04/2021,PVU,UT,ANM,WE,Federal Contract Tower,6,3,64,0,73,0,0,151,0,151,6,3,215,0,224,222,0,222,446
11/05/2021,PVU,UT,ANM,WE,Federal Contract Tower,4,11,52,2,69,0,0,152,6,158,4,11,204,8,227,198,0,198,425
11/06/2021,PVU,UT,ANM,WE,Federal Contract Tower,2,9,34,0,45,0,2,119,1,122,2,11,153,1,167,162,0,162,329
11/07/2021,PVU,UT,ANM,WE,Federal Contract Tower,6,3,18,1,28,0,0,33,0,33,6,3,51,1,61,26,0,26,87
11/08/2021,PVU,UT,ANM,WE,Federal Contract Tower,4,4,52,0,60,0,0,170,0,170,4,4,222,0,230,170,0,170,400
11/09/2021,PVU,UT,ANM,WE,Federal Contract Tower,2,4,13,1,20,0,0,60,0,60,2,4,73,1,80,50,2,52,132
11/10/2021,PVU,UT,ANM,WE,Federal Contract Tower,2,9,35,0,46,0,0,159,0,159,2,9,194,0,205,300,2,302,507
11/11/2021,PVU,UT,ANM,WE,Federal Contract Tower,5,11,55,0,71,0,1,158,0,159,5,12,213,0,230,210,0,210,440
11/12/2021,PVU,UT,ANM,WE,Federal Contract Tower,4,2,67,0,73,0,0,194,0,194,4,2,261,0,267,238,0,238,505
11/13/2021,PVU,UT,ANM,WE,Federal Contract Tower,2,1,25,0,28,0,0,107,0,107,2,1,132,0,135,132,0,132,267
11/14/2021,PVU,UT,ANM,WE,Federal Contract Tower,6,4,13,0,23,0,1,18,0,19,6,5,31,0,42,18,0,18,60
11/15/2021,PVU,UT,ANM,WE,Federal Contract Tower,4,7,39,0,50,0,0,147,0,147,4,7,186,0,197,260,0,260,457
11/16/2021,PVU,UT,ANM,WE,Federal Contract Tower,2,7,26,0,35,0,2,85,0,87,2,9,111,0,122,120,0,120,242
11/17/2021,PVU,UT,ANM,WE,Federal Contract Tower,4,4,77,0,85,0,0,206,0,206,4,4,283,0,291,250,0,250,541
11/18/2021,PVU,UT,ANM,WE,Federal Contract Tower,10,4,77,0,91,0,0,172,0,172,10,4,249,0,263,226,0,226,489
11/19/2021,PVU,UT,ANM,WE,Federal Contract Tower,6,3,63,0,72,0,0,160,0,160,6,3,223,0,232,276,0,276,508
11/20/2021,PVU,UT,ANM,WE,Federal Contract Tower,4,4,13,0,21,0,0,53,0,53,4,4,66,0,74,104,0,104,178
11/21/2021,PVU,UT,ANM,WE,Federal Contract Tower,8,6,20,0,34,0,0,41,0,41,8,6,61,0,75,32,0,32,107
11/22/2021,PVU,UT,ANM,WE,Federal Contract Tower,7,1,54,1,63,0,0,144,0,144,7,1,198,1,207,460,0,460,667
11/23/2021,PVU,UT,ANM,WE,Federal Contract Tower,8,12,60,5,85,0,2,151,0,153,8,14,211,5,238,270,0,270,508
11/24/2021,PVU,UT,ANM,WE,Federal Contract Tower,9,4,35,0,48,0,2,62,0,64,9,6,97,0,112,110,0,110,222
11/25/2021,PVU,UT,ANM,WE,Federal Contract Tower,1,0,7,0,8,0,0,20,0,20,1,0,27,0,28,8,0,8,36
11/26/2021,PVU,UT,ANM,WE,Federal Contract Tower,5,3,18,0,26,0,0,55,0,55,5,3,73,0,81,74,0,74,155
11/27/2021,PVU,UT,ANM,WE,Federal Contract Tower,8,0,10,0,18,0,0,77,0,77,8,0,87,0,95,94,0,94,189
11/28/2021,PVU,UT,ANM,WE,Federal Contract Tower,10,6,28,0,44,0,1,31,0,32,10,7,59,0,76,22,0,22,98
11/29/2021,PVU,UT,ANM,WE,Federal Contract Tower,2,7,51,0,60,0,0,187,0,187,2,7,238,0,247,208,8,216,463
11/30/2021,PVU,UT,ANM,WE,Federal Contract Tower,2,1,68,3,74,0,4,205,0,209,2,5,273,3,283,250,4,254,537
12/01/2021,PVU,UT,ANM,WE,Federal Contract Tower,4,5,63,0,72,0,7,191,0,198,4,12,254,0,270,260,0,260,530
12/02/2021,PVU,UT,ANM,WE,Federal Contract Tower,9,5,35,0,49,0,0,175,0,175,9,5,210,0,224,208,0,208,432
12/03/2021,PVU,UT,ANM,WE,Federal Contract Tower,4,4,55,0,63,0,0,196,0,196,4,4,251,0,259,258,0,258,517
12/04/2021,PVU,UT,ANM,WE,Federal Contract Tower,4,4,45,2,55,0,1,131,0,132,4,5,176,2,187,196,0,196,383
12/05/2021,PVU,UT,ANM,WE,Federal Contract Tower,9,5,19,0,33,0,0,11,0,11,9,5,30,0,44,46,0,46,90
12/06/2021,PVU,UT,ANM,WE,Federal Contract Tower,4,2,49,0,55,0,0,132,0,132,4,2,181,0,187,174,0,174,361
12/07/2021,PVU,UT,ANM,WE,Federal Contract Tower,2,4,60,0,66,0,0,160,0,160,2,4,220,0,226,330,2,332,558
12/08/2021,PVU,UT,ANM,WE,Federal Contract Tower,4,2,59,0,65,0,2,134,0,136,4,4,193,0,201,190,0,190,391
12/09/2021,PVU,UT,ANM,WE,Federal Contract Tower,4,1,5,0,10,0,0,0,0,0,4,1,5,0,10,0,0,0,10
12/10/2021,PVU,UT,ANM,WE,Federal Contract Tower,4,5,22,0,31,0,0,25,0,25,4,5,47,0,56,84,0,84,140
12/11/2021,PVU,UT,ANM,WE,Federal Contract Tower,4,2,30,0,36,0,0,136,0,136,4,2,166,0,172,164,0,164,336
12/12/2021,PVU,UT,ANM,WE,Federal Contract Tower,9,7,16,0,32,0,0,27,0,27,9,7,43,0,59,32,0,32,91
12/13/2021,PVU,UT,ANM,WE,Federal Contract Tower,4,0,29,0,33,0,0,123,0,123,4,0,152,0,156,156,0,156,312
12/14/2021,PVU,UT,ANM,WE,Federal Contract Tower,6,2,20,0,28,0,1,19,0,20,6,3,39,0,48,6,0,6,54
12/15/2021,PVU,UT,ANM,WE,Federal Contract Tower,5,6,65,0,76,0,1,135,0,136,5,7,200,0,212,200,0,200,412
12/16/2021,PVU,UT,ANM,WE,Federal Contract Tower,9,7,19,0,35,0,0,10,0,10,9,7,29,0,45,34,0,34,79
12/17/2021,PVU,UT,ANM,WE,Federal Contract Tower,7,12,56,0,75,0,0,147,0,147,7,12,203,0,222,256,0,256,478
12/18/2021,PVU,UT,ANM,WE,Federal Contract Tower,5,8,19,0,32,0,0,119,0,119,5,8,138,0,151,174,0,174,325
12/19/2021,PVU,UT,ANM,WE,Federal Contract Tower,13,2,20,0,35,0,0,40,0,40,13,2,60,0,75,82,0,82,157
12/20/2021,PVU,UT,ANM,WE,Federal Contract Tower,9,7,45,0,61,0,0,129,0,129,9,7,174,0,190,196,0,196,386
12/21/2021,PVU,UT,ANM,WE,Federal Contract Tower,2,8,65,0,75,0,1,123,0,124,2,9,188,0,199,260,0,260,459
12/22/2021,PVU,UT,ANM,WE,Federal Contract Tower,4,9,53,2,68,0,0,100,0,100,4,9,153,2,168,200,0,200,368
12/23/2021,PVU,UT,ANM,WE,Federal Contract Tower,6,4,24,0,34,0,1,4,0,5,6,5,28,0,39,2,0,2,41
12/24/2021,PVU,UT,ANM,WE,Federal Contract Tower,6,5,3,0,14,0,1,6,0,7,6,6,9,0,21,2,0,2,23
12/25/2021,PVU,UT,ANM,WE,Federal Contract Tower,4,1,4,0,9,0,0,0,0,0,4,1,4,0,9,0,0,0,9
12/26/2021,PVU,UT,ANM,WE,Federal Contract Tower,0,6,18,0,24,0,0,1,0,1,0,6,19,0,25,0,0,0,25
12/27/2021,PVU,UT,ANM,WE,Federal Contract Tower,4,12,18,1,35,0,2,18,0,20,4,14,36,1,55,24,2,26,81
12/28/2021,PVU,UT,ANM,WE,Federal Contract Tower,0,8,14,0,22,0,0,0,0,0,0,8,14,0,22,0,0,0,22
12/29/2021,PVU,UT,ANM,WE,Federal Contract Tower,4,10,20,0,34,0,2,28,0,30,4,12,48,0,64,50,0,50,114
12/30/2021,PVU,UT,ANM,WE,Federal Contract Tower,8,5,13,0,26,0,1,12,0,13,8,6,25,0,39,30,0,30,69
12/31/2021,PVU,UT,ANM,WE,Federal Contract Tower,2,7,8,0,17,0,2,3,0,5,2,9,11,0,22,0,0,0,22
01/01/2022,PVU,UT,ANM,WE,Federal Contract Tower,2,0,29,0,31,0,2,29,0,31,2,2,58,0,62,26,0,26,88
01/02/2022,PVU,UT,ANM,WE,Federal Contract Tower,7,10,42,0,59,0,1,24,0,25,7,11,66,0,84,26,0,26,110
01/03/2022,PVU,UT,ANM,WE,Federal Contract Tower,7,11,47,0,65,0,0,84,0,84,7,11,131,0,149,172,0,172,321
01/04/2022,PVU,UT,ANM,WE,Federal Contract Tower,0,8,27,4,39,0,1,52,0,53,0,9,79,4,92,80,4,84,176
01/05/2022,PVU,UT,ANM,WE,Federal Contract Tower,4,9,8,0,21,0,2,3,0,5,4,11,11,0,26,30,0,30,56
01/06/2022,PVU,UT,ANM,WE,Federal Contract Tower,11,5,54,0,70,0,1,116,0,117,11,6,170,0,187,210,0,210,397
01/07/2022,PVU,UT,ANM,WE,Federal Contract Tower,6,4,59,0,69,0,0,120,0,120,6,4,179,0,189,150,0,150,339
01/08/2022,PVU,UT,ANM,WE,Federal Contract Tower,3,3,21,0,27,0,0,90,5,95,3,3,111,5,122,146,2,148,270
01/09/2022,PVU,UT,ANM,WE,Federal Contract Tower,9,7,23,1,40,0,0,41,7,48,9,7,64,8,88,50,2,52,140
01/10/2022,PVU,UT,ANM,WE,Federal Contract Tower,6,6,37,0,49,0,0,126,0,126,6,6,163,0,175,146,0,146,321
01/11/2022,PVU,UT,ANM,WE,Federal Contract Tower,2,4,43,1,50,0,0,118,0,118,2,4,161,1,168,110,2,112,280
01/12/2022,PVU,UT,ANM,WE,Federal Contract Tower,4,5,46,1,56,0,1,140,0,141,4,6,186,1,197,150,0,150,347
01/13/2022,PVU,UT,ANM,WE,Federal Contract Tower,10,6,84,4,104,0,0,149,0,149,10,6,233,4,253,180,4,184,437
01/14/2022,PVU,UT,ANM,WE,Federal Contract Tower,6,11,43,0,60,0,3,107,0,110,6,14,150,0,170,200,0,200,370
01/15/2022,PVU,UT,ANM,WE,Federal Contract Tower,4,8,37,0,49,0,0,117,0,117,4,8,154,0,166,146,0,146,312
01/16/2022,PVU,UT,ANM,WE,Federal Contract Tower,10,4,25,0,39,0,1,26,0,27,10,5,51,0,66,14,0,14,80
01/17/2022,PVU,UT,ANM,WE,Federal Contract Tower,6,4,30,0,40,0,2,59,0,61,6,6,89,0,101,130,0,130,231
01/18/2022,PVU,UT,ANM,WE,Federal Contract Tower,2,5,68,0,75,0,0,188,0,188,2,5,256,0,263,226,0,226,489
01/19/2022,PVU,UT,ANM,WE,Federal Contract Tower,3,5,46,1,55,0,0,178,0,178,3,5,224,1,233,260,2,262,495
01/20/2022,PVU,UT,ANM,WE,Federal Contract Tower,10,8,41,1,60,0,0,48,0,48,10,8,89,1,108,70,4,74,182
01/21/2022,PVU,UT,ANM,WE,Federal Contract Tower,6,6,33,0,45,0,0,77,0,77,6,6,110,0,122,150,0,150,272
01/22/2022,PVU,UT,ANM,WE,Federal Contract Tower,4,2,59,0,65,0,1,150,0,151,4,3,209,0,216,210,0,210,426
01/23/2022,PVU,UT,ANM,WE,Federal Contract Tower,10,5,18,0,33,0,0,26,0,26,10,5,44,0,59,40,0,40,99
01/24/2022,PVU,UT,ANM,WE,Federal Contract Tower,6,7,71,0,84,0,0,161,0,161,6,7,232,0,245,210,0,210,455
01/25/2022,PVU,UT,ANM,WE,Federal Contract Tower,2,6,51,1,60,0,1,89,0,90,2,7,140,1,150,170,4,174,324
01/26/2022,PVU,UT,ANM,WE,Federal Contract Tower,4,6,76,2,88,0,0,209,0,209,4,6,285,2,297,320,0,320,617
01/27/2022,PVU,UT,ANM,WE,Federal Contract Tower,10,10,79,1,100,0,2,204,0,206,10,12,283,1,306,300,2,302,608
01/28/2022,PVU,UT,ANM,WE,Federal Contract Tower,6,7,59,0,72,0,0,172,0,172,6,7,231,0,244,250,0,250,494
01/29/2022,PVU,UT,ANM,WE,Federal Contract Tower,4,5,31,0,40,0,0,146,0,146,4,5,177,0,186,310,0,310,496
01/30/2022,PVU,UT,ANM,WE,Federal Contract Tower,10,4,17,0,31,0,0,19,0,19,10,4,36,0,50,8,0,8,58
01/31/2022,PVU,UT,ANM,WE,Federal Contract Tower,6,2,33,0,41,0,0,145,0,145,6,2,178,0,186,240,0,240,426
02/01/2022,PVU,UT,ANM,WE,Federal Contract Tower,2,1,57,0,60,0,0,160,0,160,2,1,217,0,220,300,0,300,520
02/02/2022,PVU,UT,ANM,WE,Federal Contract Tower,4,5,28,2,39,0,0,116,1,117,4,5,144,3,156,230,0,230,386
02/03/2022,PVU,UT,ANM,WE,Federal Contract Tower,4,1,43,2,50,0,0,179,0,179,4,1,222,2,229,350,4,354,583
02/04/2022,PVU,UT,ANM,WE,Federal Contract Tower,6,4,51,0,61,0,0,193,0,193,6,4,244,0,254,396,0,396,650
02/05/2022,PVU,UT,ANM,WE,Federal Contract Tower,4,7,47,0,58,0,1,163,0,164,4,8,210,0,222,268,0,268,490
02/06/2022,PVU,UT,ANM,WE,Federal Contract Tower,8,7,17,0,32,0,0,37,0,37,8,7,54,0,69,84,0,84,153
02/07/2022,PVU,UT,ANM,WE,Federal Contract Tower,6,5,53,0,64,0,0,164,0,164,6,5,217,0,228,256,0,256,484
02/08/2022,PVU,UT,ANM,WE,Federal Contract Tower,2,1,53,0,56,0,0,205,0,205,2,1,258,0,261,350,0,350,611
02/09/2022,PVU,UT,ANM,WE,Federal Contract Tower,4,10,48,0,62,0,0,187,0,187,4,10,235,0,249,270,0,270,519
02/10/2022,PVU,UT,ANM,WE,Federal Contract Tower,8,9,62,6,85,0,0,220,0,220,8,9,282,6,305,350,10,360,665
02/11/2022,PVU,UT,ANM,WE,Federal Contract Tower,6,12,54,0,72,0,0,173,0,173,6,12,227,0,245,240,0,240,485
02/12/2022,PVU,UT,ANM,WE,Federal Contract Tower,4,6,53,0,63,0,0,175,0,175,4,6,228,0,238,156,0,156,394
02/13/2022,PVU,UT,ANM,WE,Federal Contract Tower,8,4,9,0,21,0,0,19,0,19,8,4,28,0,40,44,0,44,84
02/14/2022,PVU,UT,ANM,WE,Federal Contract Tower,7,1,51,0,59,0,0,152,0,152,7,1,203,0,211,220,0,220,431
02/15/2022,PVU,UT,ANM,WE,Federal Contract Tower,2,7,34,2,45,0,0,160,0,160,2,7,194,2,205,200,0,200,405
02/16/2022,PVU,UT,ANM,WE,Federal Contract Tower,2,3,21,2,28,0,4,23,0,27,2,7,44,2,55,90,0,90,145
02/17/2022,PVU,UT,ANM,WE,Federal Contract Tower,8,2,75,4,89,0,0,197,0,197,8,2,272,4,286,300,6,306,592
02/18/2022,PVU,UT,ANM,WE,Federal Contract Tower,4,10,85,2,101,0,2,206,0,208,4,12,291,2,309,370,0,370,679
02/19/2022,PVU,UT,ANM,WE,Federal Contract Tower,4,6,53,0,63,0,0,145,0,145,4,6,198,0,208,316,0,316,524
02/20/2022,PVU,UT,ANM,WE,Federal Contract Tower,8,3,14,0,25,0,0,33,0,33,8,3,47,0,58,46,0,46,104
02/21/2022,PVU,UT,ANM,WE,Federal Contract Tower,0,2,27,0,29,0,0,0,0,0,0,2,27,0,29,0,0,0,29
02/22/2022,PVU,UT,ANM,WE,Federal Contract Tower,2,13,45,0,60,0,4,100,0,104,2,17,145,0,164,130,0,130,294
02/23/2022,PVU,UT,ANM,WE,Federal Contract Tower,3,9,21,2,35,0,0,4,0,4,3,9,25,2,39,10,0,10,49
02/24/2022,PVU,UT,ANM,WE,Federal Contract Tower,8,7,61,0,76,0,4,131,0,135,8,11,192,0,211,240,12,252,463
02/25/2022,PVU,UT,ANM,WE,Federal Contract Tower,4,11,20,2,37,0,2,156,0,158,4,13,176,2,195,300,0,300,495
02/26/2022,PVU,UT,ANM,WE,Federal Contract Tower,2,6,72,0,80,0,0,163,0,163,2,6,235,0,243,338,0,338,581
02/27/2022,PVU,UT,ANM,WE,Federal Contract Tower,8,3,20,0,31,0,0,69,0,69,8,3,89,0,100,78,0,78,178
02/28/2022,PVU,UT,ANM,WE,Federal Contract Tower,5,4,62,2,73,0,0,176,0,176,5,4,238,2,249,242,0,242,491
03/01/2022,PVU,UT,ANM,WE,Federal Contract Tower,2,6,82,0,90,0,4,190,0,194,2,10,272,0,284,380,0,380,664
03/02/2022,PVU,UT,ANM,WE,Federal Contract Tower,2,7,80,3,92,0,0,187,0,187,2,7,267,3,279,200,0,200,479
03/03/2022,PVU,UT,ANM,WE,Federal Contract Tower,8,3,65,0,76,0,0,184,2,186,8,3,249,2,262,320,0,320,582
03/04/2022,PVU,UT,ANM,WE,Federal Contract Tower,4,6,46,0,56,0,0,133,3,136,4,6,179,3,192,220,0,220,412
03/05/2022,PVU,UT,ANM,WE,Federal Contract Tower,3,5,22,0,30,0,0,14,0,14,3,5,36,0,44,64,0,64,108
03/06/2022,PVU,UT,ANM,WE,Federal Contract Tower,8,3,12,0,23,0,0,14,0,14,8,3,26,0,37,6,0,6,43
03/07/2022,PVU,UT,ANM,WE,Federal Contract Tower,6,3,25,0,34,0,0,133,0,133,6,3,158,0,167,186,0,186,353
03/08/2022,PVU,UT,ANM,WE,Federal Contract Tower,1,6,33,0,40,0,3,82,0,85,1,9,115,0,125,170,0,170,295
03/09/2022,PVU,UT,ANM,WE,Federal Contract Tower,3,5,14,2,24,0,1,4,0,5,3,6,18,2,29,14,0,14,43
03/10/2022,PVU,UT,ANM,WE,Federal Contract Tower,8,6,34,0,48,0,0,116,0,116,8,6,150,0,164,220,0,220,384
03/11/2022,PVU,UT,ANM,WE,Federal Contract Tower,4,11,26,0,41,0,0,116,0,116,4,11,142,0,157,110,0,110,267
03/12/2022,PVU,UT,ANM,WE,Federal Contract Tower,6,1,41,0,48,0,0,194,0,194,6,1,235,0,242,184,0,184,426
03/13/2022,PVU,UT,ANM,WE,Federal Contract Tower,8,4,12,0,24,0,0,12,0,12,8,4,24,0,36,0,0,0,36
03/14/2022,PVU,UT,ANM,WE,Federal Contract Tower,6,1,78,0,85,0,0,136,0,136,6,1,214,0,221,250,0,250,471
03/15/2022,PVU,UT,ANM,WE,Federal Contract Tower,1,5,59,1,66,0,0,161,0,161,1,5,220,1,227,220,0,220,447
03/16/2022,PVU,UT,ANM,WE,Federal Contract Tower,2,6,17,2,27,0,1,26,0,27,2,7,43,2,54,80,0,80,134
03/17/2022,PVU,UT,ANM,WE,Federal Contract Tower,9,6,88,0,103,0,0,180,0,180,9,6,268,0,283,310,0,310,593
03/18/2022,PVU,UT,ANM,WE,Federal Contract Tower,6,4,72,4,86,0,3,207,0,210,6,7,279,4,296,300,0,300,596
03/19/2022,PVU,UT,ANM,WE,Federal Contract Tower,4,3,27,0,34,0,0,152,0,152,4,3,179,0,186,222,0,222,408
03/20/2022,PVU,UT,ANM,WE,Federal Contract Tower,7,2,19,0,28,0,0,2,0,2,7,2,21,0,30,0,0,0,30
03/21/2022,PVU,UT,ANM,WE,Federal Contract Tower,6,0,21,0,27,0,0,117,0,117,6,0,138,0,144,182,0,182,326
03/22/2022,PVU,UT,ANM,WE,Federal Contract Tower,1,6,33,0,40,0,0,145,0,145,1,6,178,0,185,160,0,160,345
03/23/2022,PVU,UT,ANM,WE,Federal Contract Tower,2,11,73,0,86,0,0,210,2,212,2,11,283,2,298,282,0,282,580
03/24/2022,PVU,UT,ANM,WE,Federal Contract Tower,8,13,79,0,100,0,4,196,0,200,8,17,275,0,300,300,0,300,600
03/25/2022,PVU,UT,ANM,WE,Federal Contract Tower,6,5,70,0,81,0,0,169,0,169,6,5,239,0,250,260,0,260,510
03/26/2022,PVU,UT,ANM,WE,Federal Contract Tower,2,1,27,0,30,0,0,152,0,152,2,1,179,0,182,254,0,254,436
03/27/2022,PVU,UT,ANM,WE,Federal Contract Tower,8,5,13,0,26,0,0,29,0,29,8,5,42,0,55,24,0,24,79
03/28/2022,PVU,UT,ANM,WE,Federal Contract Tower,6,4,33,0,43,0,0,82,0,82,6,4,115,0,125,168,0,168,293
03/29/2022,PVU,UT,ANM,WE,Federal Contract Tower,2,7,37,0,46,0,0,60,0,60,2,7,97,0,106,130,0,130,236
03/30/2022,PVU,UT,ANM,WE,Federal Contract Tower,2,4,19,2,27,0,1,139,0,140,2,5,158,2,167,300,0,300,467
03/31/2022,PVU,UT,ANM,WE,Federal Contract Tower,8,7,34,4,53,0,0,80,0,80,8,7,114,4,133,200,4,204,337
04/01/2022,PVU,UT,ANM,WE,Federal Contract Tower,6,9,56,1,72,0,0,168,0,168,6,9,224,1,240,210,0,210,450
04/02/2022,PVU,UT,ANM,WE,Federal Contract Tower,2,6,42,2,52,0,0,116,2,118,2,6,158,4,170,220,0,220,390
04/03/2022,PVU,UT,ANM,WE,Federal Contract Tower,8,3,17,1,29,0,0,39,0,39,8,3,56,1,68,50,0,50,118
04/04/2022,PVU,UT,ANM,WE,Federal Contract Tower,6,5,32,1,44,0,0,104,0,104,6,5,136,1,148,233,0,233,381
04/05/2022,PVU,UT,ANM,WE,Federal Contract Tower,2,2,9,0,13,0,0,11,0,11,2,2,20,0,24,14,0,14,38
04/06/2022,PVU,UT,ANM,WE,Federal Contract Tower,2,5,20,0,27,0,0,154,0,154,2,5,174,0,181,270,0,270,451
04/07/2022,PVU,UT,ANM,WE,Federal Contract Tower,8,8,69,0,85,0,0,163,0,163,8,8,232,0,248,330,0,330,578
04/08/2022,PVU,UT,ANM,WE,Federal Contract Tower,6,5,73,0,84,0,0,187,0,187,6,5,260,0,271,360,0,360,631
04/09/2022,PVU,UT,ANM,WE,Federal Contract Tower,4,13,10,0,27,0,0,60,0,60,4,13,70,0,87,78,0,78,165
04/10/2022,PVU,UT,ANM,WE,Federal Contract Tower,8,4,17,0,29,0,0,53,0,53,8,4,70,0,82,66,0,66,148
04/11/2022,PVU,UT,ANM,WE,Federal Contract Tower,6,6,33,2,47,0,0,79,0,79,6,6,112,2,126,86,4,90,216
04/12/2022,PVU,UT,ANM,WE,Federal Contract Tower,4,3,20,0,27,0,1,32,0,33,4,4,52,0,60,30,0,30,90
04/13/2022,PVU,UT,ANM,WE,Federal Contract Tower,2,2,46,6,56,0,1,76,2,79,2,3,122,8,135,150,0,150,285
04/14/2022,PVU,UT,ANM,WE,Federal Contract Tower,8,5,75,0,88,0,0,225,0,225,8,5,300,0,313,400,0,400,713
04/15/2022,PVU,UT,ANM,WE,Federal Contract Tower,6,3,30,6,45,0,0,143,0,143,6,3,173,6,188,210,0,210,398
04/16/2022,PVU,UT,ANM,WE,Federal Contract Tower,4,3,34,0,41,0,0,80,0,80,4,3,114,0,121,126,0,126,247
04/17/2022,PVU,UT,ANM,WE,Federal Contract Tower,8,1,4,0,13,0,0,32,0,32,8,1,36,0,45,16,0,16,61
04/18/2022,PVU,UT,ANM,WE,Federal Contract Tower,7,4,96,0,107,0,0,203,0,203,7,4,299,0,310,284,2,286,596
04/19/2022,PVU,UT,ANM,WE,Federal Contract Tower,2,2,24,0,28,0,4,94,0,98,2,6,118,0,126,180,0,180,306
04/20/2022,PVU,UT,ANM,WE,Federal Contract Tower,2,1,80,2,85,0,0,221,0,221,2,1,301,2,306,350,0,350,656
04/21/2022,PVU,UT,ANM,WE,Federal Contract Tower,10,35,0,0,45,0,0,82,0,82,10,35,82,0,127,142,0,142,269
04/22/2022,PVU,UT,ANM,WE,Federal Contract Tower,6,4,18,0,28,0,0,32,0,32,6,4,50,0,60,54,0,54,114
04/23/2022,PVU,UT,ANM,WE,Federal Contract Tower,4,5,19,2,30,0,0,70,1,71,4,5,89,3,101,58,0,58,159
04/24/2022,PVU,UT,ANM,WE,Federal Contract Tower,8,4,14,0,26,0,0,50,4,54,8,4,64,4,80,74,0,74,154
04/25/2022,PVU,UT,ANM,WE,Federal Contract Tower,6,6,84,0,96,0,0,178,2,180,6,6,262,2,276,390,0,390,666
04/26/2022,PVU,UT,ANM,WE,Federal Contract Tower,2,3,80,0,85,0,0,171,0,171,2,3,251,0,256,350,0,350,606
04/27/2022,PVU,UT,ANM,WE,Federal Contract Tower,3,3,85,2,93,0,0,200,0,200,3,3,285,2,293,310,2,312,605
04/28/2022,PVU,UT,ANM,WE,Federal Contract Tower,8,6,56,0,70,0,0,150,0,150,8,6,206,0,220,200,0,200,420
04/29/2022,PVU,UT,ANM,WE,Federal Contract Tower,6,0,17,0,23,0,0,85,0,85,6,0,102,0,108,120,0,120,228
04/30/2022,PVU,UT,ANM,WE,Federal Contract Tower,4,0,38,0,42,0,0,165,0,165,4,0,203,0,207,268,0,268,475
05/01/2022,PVU,UT,ANM,WE,Federal Contract Tower,8,3,17,0,28,0,8,16,0,24,8,11,33,0,52,6,0,6,58
05/02/2022,PVU,UT,ANM,WE,Federal Contract Tower,6,6,49,0,61,0,0,175,2,177,6,6,224,2,238,308,0,308,546
05/03/2022,PVU,UT,ANM,WE,Federal Contract Tower,2,5,23,0,30,0,3,67,0,70,2,8,90,0,100,180,0,180,280
05/04/2022,PVU,UT,ANM,WE,Federal Contract Tower,2,5,39,3,49,0,0,94,0,94,2,5,133,3,143,188,0,188,331
05/05/2022,PVU,UT,ANM,WE,Federal Contract Tower,8,4,86,2,100,0,0,195,0,195,8,4,281,2,295,300,0,300,595
05/06/2022,PVU,UT,ANM,WE,Federal Contract Tower,6,3,45,0,54,0,0,150,0,150,6,3,195,0,204,230,0,230,434
05/07/2022,PVU,UT,ANM,WE,Federal Contract Tower,2,5,18,0,25,0,0,54,0,54,2,5,72,0,79,18,0,18,97
05/08/2022,PVU,UT,ANM,WE,Federal Contract Tower,8,5,8,0,21,0,0,14,0,14,8,5,22,0,35,20,0,20,55
05/09/2022,PVU,UT,ANM,WE,Federal Contract Tower,6,8,25,0,39,0,0,93,0,93,6,8,118,0,132,162,0,162,294
05/10/2022,PVU,UT,ANM,WE,Federal Contract Tower,2,6,57,2,67,0,2,131,0,133,2,8,188,2,200,300,2,302,502
05/11/2022,PVU,UT,ANM,WE,Federal Contract Tower,3,3,52,3,61,0,1,126,0,127,3,4,178,3,188,220,4,224,412
05/12/2022,PVU,UT,ANM,WE,Federal Contract Tower,8,5,46,0,59,0,2,134,0,136,8,7,180,0,195,250,0,250,445
05/13/2022,PVU,UT,ANM,WE,Federal Contract Tower,5,8,53,0,66,0,0,170,1,171,5,8,223,1,237,250,0,250,487
05/14/2022,PVU,UT,ANM,WE,Federal Contract Tower,2,2,35,0,39,0,3,189,0,192,2,5,224,0,231,162,0,162,393
05/15/2022,PVU,UT,ANM,WE,Federal Contract Tower,7,7,7,0,21,0,3,32,1,36,7,10,39,1,57,18,0,18,75
05/16/2022,PVU,UT,ANM,WE,Federal Contract Tower,5,6,55,2,68,0,6,183,1,190,5,12,238,3,258,300,2,302,560
05/17/2022,PVU,UT,ANM,WE,Federal Contract Tower,2,2,32,1,37,0,3,173,0,176,2,5,205,1,213,200,2,202,415
05/18/2022,PVU,UT,ANM,WE,Federal Contract Tower,4,5,71,0,80,0,2,228,0,230,4,7,299,0,310,330,0,330,640
05/19/2022,PVU,UT,ANM,WE,Federal Contract Tower,8,9,24,1,42,0,1,110,1,112,8,10,134,2,154,220,0,220,374
05/20/2022,PVU,UT,ANM,WE,Federal Contract Tower,4,5,26,1,36,0,1,131,3,135,4,6,157,4,171,200,4,204,375
05/21/2022,PVU,UT,ANM,WE,Federal Contract Tower,2,3,29,1,35,0,7,150,3,160,2,10,179,4,195,258,4,262,457
05/22/2022,PVU,UT,ANM,WE,Federal Contract Tower,8,5,11,0,24,0,4,39,0,43,8,9,50,0,67,24,0,24,91
05/23/2022,PVU,UT,ANM,WE,Federal Contract Tower,5,4,39,0,48,0,2,171,0,173,5,6,210,0,221,292,0,292,513
05/24/2022,PVU,UT,ANM,WE,Federal Contract Tower,4,5,48,0,57,0,1,220,0,221,4,6,268,0,278,330,0,330,608
05/25/2022,PVU,UT,ANM,WE,Federal Contract Tower,4,3,47,0,54,0,3,208,0,211,4,6,255,0,265,360,0,360,625
05/26/2022,PVU,UT,ANM,WE,Federal Contract Tower,8,10,58,0,76,0,7,204,0,211,8,17,262,0,287,390,0,390,677
05/27/2022,PVU,UT,ANM,WE,Federal Contract Tower,6,3,37,0,46,0,0,169,0,169,6,3,206,0,215,280,0,280,495
05/28/2022,PVU,UT,ANM,WE,Federal Contract Tower,4,2,40,0,46,0,0,79,0,79,4,2,119,0,125,132,0,132,257
05/29/2022,PVU,UT,ANM,WE,Federal Contract Tower,8,2,4,0,14,0,0,2,0,2,8,2,6,0,16,0,0,0,16
05/30/2022,PVU,UT,ANM,WE,Federal Contract Tower,4,4,13,0,21,0,0,32,0,32,4,4,45,0,53,32,0,32,85
05/31/2022,PVU,UT,ANM,WE,Federal Contract Tower,2,6,48,0,56,0,0,207,0,207,2,6,255,0,263,360,0,360,623
06/01/2022,PVU,UT,ANM,WE,Federal Contract Tower,6,2,86,4,98,0,0,191,0,191,6,2,277,4,289,250,0,250,539
06/02/2022,PVU,UT,ANM,WE,Federal Contract Tower,8,4,98,0,110,0,0,205,0,205,8,4,303,0,315,320,0,320,635
06/03/2022,PVU,UT,ANM,WE,Federal Contract Tower,6,4,46,0,56,0,0,208,0,208,6,4,254,0,264,300,0,300,564
06/04/2022,PVU,UT,ANM,WE,Federal Contract Tower,4,5,32,0,41,0,0,165,0,165,4,5,197,0,206,154,0,154,360
06/05/2022,PVU,UT,ANM,WE,Federal Contract Tower,8,7,16,0,31,0,0,38,1,39,8,7,54,1,70,40,0,40,110
06/06/2022,PVU,UT,ANM,WE,Federal Contract Tower,6,4,26,0,36,0,0,174,1,175,6,4,200,1,211,276,0,276,487
06/07/2022,PVU,UT,ANM,WE,Federal Contract Tower,2,3,53,1,59,0,0,212,0,212,2,3,265,1,271,350,2,352,623
06/08/2022,PVU,UT,ANM,WE,Federal Contract Tower,4,1,67,2,74,0,0,176,0,176,4,1,243,2,250,230,0,230,480
06/09/2022,PVU,UT,ANM,WE,Federal Contract Tower,8,5,65,0,78,0,0,153,0,153,8,5,218,0,231,300,0,300,531
06/10/2022,PVU,UT,ANM,WE,Federal Contract Tower,4,8,44,0,56,0,1,157,1,159,4,9,201,1,215,168,0,168,383
06/11/2022,PVU,UT,ANM,WE,Federal Contract Tower,6,1,28,0,35,0,0,109,0,109,6,1,137,0,144,158,0,158,302
06/12/2022,PVU,UT,ANM,WE,Federal Contract Tower,7,1,15,0,23,0,0,15,0,15,7,1,30,0,38,4,0,4,42
06/13/2022,PVU,UT,ANM,WE,Federal Contract Tower,4,4,15,0,23,0,0,29,0,29,4,4,44,0,52,24,0,24,76
06/14/2022,PVU,UT,ANM,WE,Federal Contract Tower,4,3,53,0,60,0,1,226,0,227,4,4,279,0,287,290,0,290,577
06/15/2022,PVU,UT,ANM,WE,Federal Contract Tower,4,6,72,0,82,0,0,204,0,204,4,6,276,0,286,260,0,260,546
06/16/2022,PVU,UT,ANM,WE,Federal Contract Tower,12,4,47,0,63,0,0,141,0,141,12,4,188,0,204,274,0,274,478
06/17/2022,PVU,UT,ANM,WE,Federal Contract Tower,4,3,40,0,47,0,0,83,2,85,4,3,123,2,132,118,0,118,250
06/18/2022,PVU,UT,ANM,WE,Federal Contract Tower,7,1,17,0,25,0,0,38,0,38,7,1,55,0,63,32,0,32,95
06/19/2022,PVU,UT,ANM,WE,Federal Contract Tower,10,5,13,0,28,0,0,16,0,16,10,5,29,0,44,12,0,12,56
06/20/2022,PVU,UT,ANM,WE,Federal Contract Tower,4,2,35,0,41,0,0,84,0,84,4,2,119,0,125,82,0,82,207
06/21/2022,PVU,UT,ANM,WE,Federal Contract Tower,4,4,48,0,56,0,0,185,0,185,4,4,233,0,241,250,0,250,491
06/22/2022,PVU,UT,ANM,WE,Federal Contract Tower,4,4,71,2,81,0,0,204,0,204,4,4,275,2,285,300,0,300,585
06/23/2022,PVU,UT,ANM,WE,Federal Contract Tower,9,2,45,0,56,0,1,174,4,179,9,3,219,4,235,266,2,268,503
06/24/2022,PVU,UT,ANM,WE,Federal Contract Tower,4,2,63,0,69,0,0,172,0,172,4,2,235,0,241,288,0,288,529
06/25/2022,PVU,UT,ANM,WE,Federal Contract Tower,6,3,25,0,34,0,0,103,4,107,6,3,128,4,141,118,4,122,263
06/26/2022,PVU,UT,ANM,WE,Federal Contract Tower,6,3,16,0,25,0,0,21,0,21,6,3,37,0,46,12,0,12,58
06/27/2022,PVU,UT,ANM,WE,Federal Contract Tower,4,0,50,0,54,0,0,152,0,152,4,0,202,0,206,210,0,210,416
06/28/2022,PVU,UT,ANM,WE,Federal Contract Tower,4,8,35,0,47,0,0,108,0,108,4,8,143,0,155,130,0,130,285
06/29/2022,PVU,UT,ANM,WE,Federal Contract Tower,3,7,29,2,41,0,0,87,0,87,3,7,116,2,128,160,0,160,288
06/30/2022,PVU,UT,ANM,WE,Federal Contract Tower,10,4,58,1,73,0,0,171,0,171,10,4,229,1,244,228,0,228,472
07/01/2022,PVU,UT,ANM,WE,Federal Contract Tower,4,5,62,1,72,0,0,175,4,179,4,5,237,5,251,268,0,268,519
07/02/2022,PVU,UT,ANM,WE,Federal Contract Tower,0,0,26,0,26,0,0,77,1,78,0,0,103,1,104,80,0,80,184
07/03/2022,PVU,UT,ANM,WE,Federal Contract Tower,10,0,7,1,18,0,0,13,0,13,10,0,20,1,31,14,0,14,45
07/04/2022,PVU,UT,ANM,WE,Federal Contract Tower,5,5,0,0,10,0,0,30,0,30,5,5,30,0,40,16,0,16,56
07/05/2022,PVU,UT,ANM,WE,Federal Contract Tower,5,5,67,1,78,0,0,155,1,156,5,5,222,2,234,210,0,210,444
07/06/2022,PVU,UT,ANM,WE,Federal Contract Tower,2,9,46,0,57,0,3,143,0,146,2,12,189,0,203,216,0,216,419
07/07/2022,PVU,UT,ANM,WE,Federal Contract Tower,10,0,56,0,66,0,0,154,0,154,10,0,210,0,220,270,0,270,490
07/08/2022,PVU,UT,ANM,WE,Federal Contract Tower,4,3,66,0,73,0,0,175,0,175,4,3,241,0,248,188,0,188,436
07/09/2022,PVU,UT,ANM,WE,Federal Contract Tower,4,12,23,0,39,0,0,101,0,101,4,12,124,0,140,212,0,212,352
07/10/2022,PVU,UT,ANM,WE,Federal Contract Tower,8,1,12,0,21,0,0,63,0,63,8,1,75,0,84,8,0,8,92
07/11/2022,PVU,UT,ANM,WE,Federal Contract Tower,4,0,44,0,48,0,0,116,1,117,4,0,160,1,165,238,0,238,403
07/12/2022,PVU,UT,ANM,WE,Federal Contract Tower,4,4,41,0,49,0,1,132,2,135,4,5,173,2,184,218,0,218,402
07/13/2022,PVU,UT,ANM,WE,Federal Contract Tower,2,5,38,1,46,0,0,122,1,123,2,5,160,2,169,216,0,216,385
07/14/2022,PVU,UT,ANM,WE,Federal Contract Tower,8,1,51,1,61,0,0,108,0,108,8,1,159,1,169,240,0,240,409
07/15/2022,PVU,UT,ANM,WE,Federal Contract Tower,4,3,32,0,39,0,7,127,0,134,4,10,159,0,173,242,0,242,415
07/16/2022,PVU,UT,ANM,WE,Federal Contract Tower,4,1,36,0,41,0,0,116,0,116,4,1,152,0,157,144,0,144,301
07/17/2022,PVU,UT,ANM,WE,Federal Contract Tower,9,1,20,0,30,0,0,27,0,27,9,1,47,0,57,26,0,26,83
07/18/2022,PVU,UT,ANM,WE,Federal Contract Tower,4,0,53,0,57,0,0,116,0,116,4,0,169,0,173,238,0,238,411
07/19/2022,PVU,UT,ANM,WE,Federal Contract Tower,4,5,84,0,93,0,0,159,0,159,4,5,243,0,252,260,2,262,514
07/20/2022,PVU,UT,ANM,WE,Federal Contract Tower,2,4,68,0,74,0,2,160,0,162,2,6,228,0,236,270,0,270,506
07/21/2022,PVU,UT,ANM,WE,Federal Contract Tower,8,0,53,0,61,0,0,132,0,132,8,0,185,0,193,212,0,212,405
07/22/2022,PVU,UT,ANM,WE,Federal Contract Tower,8,8,51,3,70,0,1,153,0,154,8,9,204,3,224,204,6,210,434
07/23/2022,PVU,UT,ANM,WE,Federal Contract Tower,4,4,54,0,62,0,0,94,0,94,4,4,148,0,156,198,0,198,354
07/24/2022,PVU,UT,ANM,WE,Federal Contract Tower,8,0,20,0,28,0,0,10,0,10,8,0,30,0,38,0,0,0,38
07/25/2022,PVU,UT,ANM,WE,Federal Contract Tower,4,2,30,1,37,0,3,76,0,79,4,5,106,1,116,72,4,76,192
07/26/2022,PVU,UT,ANM,WE,Federal Contract Tower,4,6,75,0,85,0,4,142,0,146,4,10,217,0,231,260,0,260,491
07/27/2022,PVU,UT,ANM,WE,Federal Contract Tower,2,7,68,3,80,0,0,155,0,155,2,7,223,3,235,250,0,250,485
07/28/2022,PVU,UT,ANM,WE,Federal Contract Tower,10,7,49,0,66,0,4,131,0,135,10,11,180,0,201,228,0,228,429
07/29/2022,PVU,UT,ANM,WE,Federal Contract Tower,4,1,35,0,40,0,8,122,0,130,4,9,157,0,170,202,0,202,372
07/30/2022,PVU,UT,ANM,WE,Federal Contract Tower,5,1,40,0,46,0,0,86,0,86,5,1,126,0,132,138,0,138,270
07/31/2022,PVU,UT,ANM,WE,Federal Contract Tower,8,3,22,0,33,0,0,38,0,38,8,3,60,0,71,10,0,10,81
08/01/2022,PVU,UT,ANM,WE,Federal Contract Tower,4,3,47,0,54,0,2,127,0,129,4,5,174,0,183,202,0,202,385
08/02/2022,PVU,UT,ANM,WE,Federal Contract Tower,4,5,56,0,65,0,5,146,0,151,4,10,202,0,216,280,0,280,496
08/03/2022,PVU,UT,ANM,WE,Federal Contract Tower,2,1,77,2,82,0,1,145,0,146,2,2,222,2,228,270,0,270,498
08/04/2022,PVU,UT,ANM,WE,Federal Contract Tower,10,3,73,1,87,0,6,135,3,144,10,9,208,4,231,282,0,282,513
08/05/2022,PVU,UT,ANM,WE,Federal Contract Tower,6,5,45,0,56,0,4,139,3,146,6,9,184,3,202,164,0,164,366
08/06/2022,PVU,UT,ANM,WE,Federal Contract Tower,6,1,41,0,48,0,5,120,0,125,6,6,161,0,173,232,0,232,405
08/07/2022,PVU,UT,ANM,WE,Federal Contract Tower,10,6,16,0,32,0,5,36,0,41,10,11,52,0,73,14,0,14,87
08/08/2022,PVU,UT,ANM,WE,Federal Contract Tower,6,0,48,1,55,0,1,122,0,123,6,1,170,1,178,220,2,222,400
08/09/2022,PVU,UT,ANM,WE,Federal Contract Tower,8,4,58,0,70,0,7,150,0,157,8,11,208,0,227,230,0,230,457
08/10/2022,PVU,UT,ANM,WE,Federal Contract Tower,4,6,34,2,46,0,1,133,0,134,4,7,167,2,180,210,0,210,390
08/11/2022,PVU,UT,ANM,WE,Federal Contract Tower,10,4,40,0,54,0,3,88,0,91,10,7,128,0,145,186,0,186,331
08/12/2022,PVU,UT,ANM,WE,Federal Contract Tower,7,4,51,0,62,0,11,92,0,103,7,15,143,0,165,150,0,150,315
08/13/2022,PVU,UT,ANM,WE,Federal Contract Tower,4,9,39,0,52,0,14,68,0,82,4,23,107,0,134,68,0,68,202
08/14/2022,PVU,UT,ANM,WE,Federal Contract Tower,10,15,0,0,25,0,4,25,0,29,10,19,25,0,54,18,0,18,72
08/15/2022,PVU,UT,ANM,WE,Federal Contract Tower,7,9,57,0,73,0,4,110,0,114,7,13,167,0,187,240,2,242,429
08/16/2022,PVU,UT,ANM,WE,Federal Contract Tower,6,5,58,1,70,0,15,124,1,140,6,20,182,2,210,230,0,230,440
08/17/2022,PVU,UT,ANM,WE,Federal Contract Tower,4,6,19,1,30,0,5,140,0,145,4,11,159,1,175,200,0,200,375
08/18/2022,PVU,UT,ANM,WE,Federal Contract Tower,15,15,49,1,80,0,16,114,1,131,15,31,163,2,211,134,0,134,345
08/19/2022,PVU,UT,ANM,WE,Federal Contract Tower,9,4,44,0,57,0,5,91,2,98,9,9,135,2,155,198,0,198,353
08/20/2022,PVU,UT,ANM,WE,Federal Contract Tower,4,1,28,0,33,0,4,55,0,59,4,5,83,0,92,148,0,148,240
08/21/2022,PVU,UT,ANM,WE,Federal Contract Tower,15,1,27,0,43,0,2,34,1,37,15,3,61,1,80,50,0,50,130
08/22/2022,PVU,UT,ANM,WE,Federal Contract Tower,8,0,40,0,48,0,4,106,0,110,8,4,146,0,158,198,0,198,356
08/23/2022,PVU,UT,ANM,WE,Federal Contract Tower,5,5,46,0,56,0,6,157,0,163,5,11,203,0,219,158,0,158,377
08/24/2022,PVU,UT,ANM,WE,Federal Contract Tower,4,10,36,2,52,0,13,117,1,131,4,23,153,3,183,140,0,140,323
08/25/2022,PVU,UT,ANM,WE,Federal Contract Tower,13,5,66,0,84,0,7,166,0,173,13,12,232,0,257,162,0,162,419
08/26/2022,PVU,UT,ANM,WE,Federal Contract Tower,9,7,69,1,86,0,7,186,0,193,9,14,255,1,279,188,0,188,467
08/27/2022,PVU,UT,ANM,WE,Federal Contract Tower,4,8,40,0,52,0,13,104,0,117,4,21,144,0,169,110,0,110,279
08/28/2022,PVU,UT,ANM,WE,Federal Contract Tower,15,1,18,0,34,0,5,31,0,36,15,6,49,0,70,48,0,48,118
08/29/2022,PVU,UT,ANM,WE,Federal Contract Tower,8,4,46,0,58,0,5,154,0,159,8,9,200,0,217,190,0,190,407
08/30/2022,PVU,UT,ANM,WE,Federal Contract Tower,4,1,63,0,68,0,7,195,2,204,4,8,258,2,272,210,0,210,482
08/31/2022,PVU,UT,ANM,WE,Federal Contract Tower,2,3,53,2,60,0,3,161,0,164,2,6,214,2,224,260,2,262,486
09/01/2022,PVU,UT,ANM,WE,Federal Contract Tower,16,9,54,2,81,0,11,189,0,200,16,20,243,2,281,220,0,220,501
09/02/2022,PVU,UT,ANM,WE,Federal Contract Tower,17,13,68,0,98,0,15,174,0,189,17,28,242,0,287,278,0,278,565
09/03/2022,PVU,UT,ANM,WE,Federal Contract Tower,4,3,24,0,31,0,14,122,0,136,4,17,146,0,167,188,0,188,355
09/04/2022,PVU,UT,ANM,WE,Federal Contract Tower,17,0,5,0,22,0,9,32,0,41,17,9,37,0,63,14,2,16,79
09/05/2022,PVU,UT,ANM,WE,Federal Contract Tower,15,4,21,0,40,0,10,60,0,70,15,14,81,0,110,60,0,60,170
09/06/2022,PVU,UT,ANM,WE,Federal Contract Tower,7,5,55,1,68,0,5,160,2,167,7,10,215,3,235,270,2,272,507
09/07/2022,PVU,UT,ANM,WE,Federal Contract Tower,4,6,54,0,64,0,4,195,1,200,4,10,249,1,264,300,0,300,564
09/08/2022,PVU,UT,ANM,WE,Federal Contract Tower,14,8,46,0,68,0,8,181,1,190,14,16,227,1,258,260,0,260,518
09/09/2022,PVU,UT,ANM,WE,Federal Contract Tower,20,10,50,0,80,0,9,187,0,196,20,19,237,0,276,182,0,182,458
09/10/2022,PVU,UT,ANM,WE,Federal Contract Tower,4,5,44,0,53,0,5,128,0,133,4,10,172,0,186,298,0,298,484
09/11/2022,PVU,UT,ANM,WE,Federal Contract Tower,15,6,22,0,43,0,3,33,0,36,15,9,55,0,79,40,0,40,119
09/12/2022,PVU,UT,ANM,WE,Federal Contract Tower,12,8,50,0,70,0,8,174,0,182,12,16,224,0,252,350,0,350,602
09/13/2022,PVU,UT,ANM,WE,Federal Contract Tower,4,7,31,0,42,0,8,98,0,106,4,15,129,0,148,260,0,260,408
09/14/2022,PVU,UT,ANM,WE,Federal Contract Tower,5,4,28,0,37,0,0,123,0,123,5,4,151,0,160,370,0,370,530
09/15/2022,PVU,UT,ANM,WE,Federal Contract Tower,18,3,46,3,70,0,3,191,0,194,18,6,237,3,264,350,4,354,618
09/16/2022,PVU,UT,ANM,WE,Federal Contract Tower,18,8,62,0,88,0,11,186,0,197,18,19,248,0,285,278,0,278,563
09/17/2022,PVU,UT,ANM,WE,Federal Contract Tower,8,2,40,0,50,0,4,137,0,141,8,6,177,0,191,232,0,232,423
09/18/2022,PVU,UT,ANM,WE,Federal Contract Tower,14,9,32,0,55,0,13,42,0,55,14,22,74,0,110,30,0,30,140
09/19/2022,PVU,UT,ANM,WE,Federal Contract Tower,12,5,55,0,72,0,4,156,0,160,12,9,211,0,232,230,0,230,462
09/20/2022,PVU,UT,ANM,WE,Federal Contract Tower,4,7,53,2,66,0,14,172,0,186,4,21,225,2,252,300,2,302,554
09/21/2022,PVU,UT,ANM,WE,Federal Contract Tower,4,4,35,2,45,0,2,100,0,102,4,6,135,2,147,150,0,150,297
09/22/2022,PVU,UT,ANM,WE,Federal Contract Tower,15,13,56,0,84,0,6,184,0,190,15,19,240,0,274,270,0,270,544
09/23/2022,PVU,UT,ANM,WE,Federal Contract Tower,16,6,74,0,96,0,20,215,2,237,16,26,289,2,333,344,0,344,677
09/24/2022,PVU,UT,ANM,WE,Federal Contract Tower,7,4,37,0,48,0,12,168,0,180,7,16,205,0,228,234,0,234,462
09/25/2022,PVU,UT,ANM,WE,Federal Contract Tower,14,7,20,0,41,0,7,33,0,40,14,14,53,0,81,54,0,54,135
09/26/2022,PVU,UT,ANM,WE,Federal Contract Tower,13,3,42,0,58,0,9,168,0,177,13,12,210,0,235,342,0,342,577
09/27/2022,PVU,UT,ANM,WE,Federal Contract Tower,4,5,51,0,60,0,8,200,0,208,4,13,251,0,268,350,0,350,618
09/28/2022,PVU,UT,ANM,WE,Federal Contract Tower,4,6,36,0,46,0,4,174,0,178,4,10,210,0,224,270,0,270,494
09/29/2022,PVU,UT,ANM,WE,Federal Contract Tower,15,10,63,0,88,0,13,194,0,207,15,23,257,0,295,320,0,320,615
09/30/2022,PVU,UT,ANM,WE,Federal Contract Tower,12,4,35,0,51,0,8,175,0,183,12,12,210,0,234,304,0,304,538
10/01/2022,PVU,UT,ANM,WE,Federal Contract Tower,4,2,33,0,39,0,9,123,0,132,4,11,156,0,171,232,0,232,403
10/02/2022,PVU,UT,ANM,WE,Federal Contract Tower,15,5,14,0,34,0,0,36,0,36,15,5,50,0,70,58,0,58,128
10/03/2022,PVU,UT,ANM,WE,Federal Contract Tower,13,4,46,0,63,0,8,145,0,153,13,12,191,0,216,290,0,290,506
10/04/2022,PVU,UT,ANM,WE,Federal Contract Tower,2,7,53,0,62,0,12,204,0,216,2,19,257,0,278,274,0,274,552
10/05/2022,PVU,UT,ANM,WE,Federal Contract Tower,5,3,57,0,65,0,4,196,0,200,5,7,253,0,265,370,0,370,635
10/06/2022,PVU,UT,ANM,WE,Federal Contract Tower,18,2,62,0,82,0,7,206,0,213,18,9,268,0,295,352,0,352,647
10/07/2022,PVU,UT,ANM,WE,Federal Contract Tower,15,6,56,0,77,0,8,197,0,205,15,14,253,0,282,338,0,338,620
10/08/2022,PVU,UT,ANM,WE,Federal Contract Tower,4,3,38,0,45,0,6,178,0,184,4,9,216,0,229,266,0,266,495
10/09/2022,PVU,UT,ANM,WE,Federal Contract Tower,16,5,34,0,55,0,4,43,0,47,16,9,77,0,102,24,0,24,126
10/10/2022,PVU,UT,ANM,WE,Federal Contract Tower,13,2,43,0,58,0,11,162,0,173,13,13,205,0,231,262,0,262,493
10/11/2022,PVU,UT,ANM,WE,Federal Contract Tower,4,5,46,2,57,0,8,150,0,158,4,13,196,2,215,300,2,302,517
10/12/2022,PVU,UT,ANM,WE,Federal Contract Tower,3,5,60,0,68,0,10,198,0,208,3,15,258,0,276,268,0,268,544
10/13/2022,PVU,UT,ANM,WE,Federal Contract Tower,14,5,43,0,62,0,3,166,0,169,14,8,209,0,231,284,0,284,515
10/14/2022,PVU,UT,ANM,WE,Federal Contract Tower,17,7,37,0,61,0,8,206,0,214,17,15,243,0,275,294,0,294,569
10/15/2022,PVU,UT,ANM,WE,Federal Contract Tower,10,8,27,0,45,0,3,91,0,94,10,11,118,0,139,50,0,50,189
10/16/2022,PVU,UT,ANM,WE,Federal Contract Tower,15,6,12,0,33,0,11,33,0,44,15,17,45,0,77,10,0,10,87
10/17/2022,PVU,UT,ANM,WE,Federal Contract Tower,13,4,38,0,55,0,12,171,0,183,13,16,209,0,238,272,0,272,510
10/18/2022,PVU,UT,ANM,WE,Federal Contract Tower,2,7,60,2,71,0,11,220,0,231,2,18,280,2,302,350,2,352,654
10/19/2022,PVU,UT,ANM,WE,Federal Contract Tower,4,15,58,0,77,0,14,213,0,227,4,29,271,0,304,276,0,276,580
10/20/2022,PVU,UT,ANM,WE,Federal Contract Tower,16,2,47,2,67,0,8,176,2,186,16,10,223,4,253,278,0,278,531
10/21/2022,PVU,UT,ANM,WE,Federal Contract Tower,14,6,49,0,69,0,10,194,0,204,14,16,243,0,273,294,0,294,567
10/22/2022,PVU,UT,ANM,WE,Federal Contract Tower,4,11,21,0,36,0,0,2,0,2,4,11,23,0,38,0,0,0,38
10/23/2022,PVU,UT,ANM,WE,Federal Contract Tower,12,5,7,0,24,0,0,9,0,9,12,5,16,0,33,0,0,0,33
10/24/2022,PVU,UT,ANM,WE,Federal Contract Tower,13,5,53,0,71,0,7,167,0,174,13,12,220,0,245,354,0,354,599
10/25/2022,PVU,UT,ANM,WE,Federal Contract Tower,2,9,40,0,51,0,4,119,0,123,2,13,159,0,174,210,2,212,386
10/26/2022,PVU,UT,ANM,WE,Federal Contract Tower,4,6,46,0,56,0,0,110,0,110,4,6,156,0,166,188,0,188,354
10/27/2022,PVU,UT,ANM,WE,Federal Contract Tower,17,4,51,1,73,0,15,194,1,210,17,19,245,2,283,370,0,370,653
10/28/2022,PVU,UT,ANM,WE,Federal Contract Tower,14,7,72,0,93,0,5,219,0,224,14,12,291,0,317,354,0,354,671
10/29/2022,PVU,UT,ANM,WE,Federal Contract Tower,4,1,32,2,39,0,5,166,0,171,4,6,198,2,210,288,0,288,498
10/30/2022,PVU,UT,ANM,WE,Federal Contract Tower,14,4,6,0,24,0,4,32,0,36,14,8,38,0,60,12,0,12,72
10/31/2022,PVU,UT,ANM,WE,Federal Contract Tower,13,5,57,0,75,0,10,176,0,186,13,15,233,0,261,265,0,265,526
11/01/2022,PVU,UT,ANM,WE,Federal Contract Tower,2,10,37,1,50,0,3,198,0,201,2,13,235,1,251,340,2,342,593
11/02/2022,PVU,UT,ANM,WE,Federal Contract Tower,4,12,7,1,24,0,0,0,0,0,4,12,7,1,24,0,0,0,24
11/03/2022,PVU,UT,ANM,WE,Federal Contract Tower,15,3,7,1,26,0,4,33,0,37,15,7,40,1,63,80,2,82,145
11/04/2022,PVU,UT,ANM,WE,Federal Contract Tower,15,5,75,0,95,0,8,211,0,219,15,13,286,0,314,317,0,317,631
11/05/2022,PVU,UT,ANM,WE,Federal Contract Tower,4,2,38,0,44,0,3,61,0,64,4,5,99,0,108,112,0,112,220
11/06/2022,PVU,UT,ANM,WE,Federal Contract Tower,15,6,12,0,33,0,15,23,0,38,15,21,35,0,71,12,0,12,83
11/07/2022,PVU,UT,ANM,WE,Federal Contract Tower,13,3,53,0,69,0,9,145,0,154,13,12,198,0,223,268,0,268,491
11/08/2022,PVU,UT,ANM,WE,Federal Contract Tower,3,1,20,0,24,0,4,72,0,76,3,5,92,0,100,150,0,150,250
11/09/2022,PVU,UT,ANM,WE,Federal Contract Tower,4,6,20,1,31,0,0,12,2,14,4,6,32,3,45,10,0,10,55
11/10/2022,PVU,UT,ANM,WE,Federal Contract Tower,16,1,47,0,64,0,14,205,0,219,16,15,252,0,283,394,0,394,677
11/11/2022,PVU,UT,ANM,WE,Federal Contract Tower,14,2,78,0,94,0,6,222,0,228,14,8,300,0,322,304,0,304,626
11/12/2022,PVU,UT,ANM,WE,Federal Contract Tower,5,2,50,0,57,0,3,162,0,165,5,5,212,0,222,328,0,328,550
11/13/2022,PVU,UT,ANM,WE,Federal Contract Tower,15,3,15,1,34,0,7,42,0,49,15,10,57,1,83,48,0,48,131
11/14/2022,PVU,UT,ANM,WE,Federal Contract Tower,13,9,53,0,75,0,4,205,0,209,13,13,258,0,284,364,0,364,648
11/15/2022,PVU,UT,ANM,WE,Federal Contract Tower,8,9,54,2,73,0,6,184,0,190,8,15,238,2,263,374,24,398,661
11/17/2022,PVU,UT,ANM,WE,Federal Contract Tower,12,14,66,0,92,0,13,220,0,233,12,27,286,0,325,292,0,292,617
11/18/2022,PVU,UT,ANM,WE,Federal Contract Tower,13,3,45,0,61,0,6,125,0,131,13,9,170,0,192,312,0,312,504
11/19/2022,PVU,UT,ANM,WE,Federal Contract Tower,8,5,56,0,69,0,13,177,0,190,8,18,233,0,259,235,0,235,494
11/20/2022,PVU,UT,ANM,WE,Federal Contract Tower,11,5,23,0,39,0,9,30,0,39,11,14,53,0,78,24,0,24,102
11/21/2022,PVU,UT,ANM,WE,Federal Contract Tower,14,6,66,0,86,0,6,187,0,193,14,12,253,0,279,312,4,316,595
11/22/2022,PVU,UT,ANM,WE,Federal Contract Tower,13,14,79,0,106,0,10,170,0,180,13,24,249,0,286,328,0,328,614
11/23/2022,PVU,UT,ANM,WE,Federal Contract Tower,17,11,42,0,70,0,8,115,0,123,17,19,157,0,193,238,0,238,431
11/24/2022,PVU,UT,ANM,WE,Federal Contract Tower,4,3,4,0,11,0,11,21,0,32,4,14,25,0,43,2,0,2,45
11/25/2022,PVU,UT,ANM,WE,Federal Contract Tower,12,1,17,0,30,0,11,73,0,84,12,12,90,0,114,82,0,82,196
11/26/2022,PVU,UT,ANM,WE,Federal Contract Tower,14,4,29,0,47,0,1,47,0,48,14,5,76,0,95,82,0,82,177
11/27/2022,PVU,UT,ANM,WE,Federal Contract Tower,22,10,34,0,66,0,8,28,0,36,22,18,62,0,102,26,0,26,128
11/28/2022,PVU,UT,ANM,WE,Federal Contract Tower,11,5,35,0,51,0,9,69,0,78,11,14,104,0,129,140,2,142,271
11/29/2022,PVU,UT,ANM,WE,Federal Contract Tower,2,3,89,0,94,0,12,171,0,183,2,15,260,0,277,272,0,272,549
11/30/2022,PVU,UT,ANM,WE,Federal Contract Tower,8,15,70,1,94,0,9,214,1,224,8,24,284,2,318,316,0,316,634
12/01/2022,PVU,UT,ANM,WE,Federal Contract Tower,8,6,41,1,56,0,10,113,0,123,8,16,154,1,179,286,0,286,465
12/02/2022,PVU,UT,ANM,WE,Federal Contract Tower,12,4,45,0,61,0,19,145,0,164,12,23,190,0,225,214,0,214,439
12/03/2022,PVU,UT,ANM,WE,Federal Contract Tower,6,5,30,0,41,0,8,94,0,102,6,13,124,0,143,148,0,148,291
12/04/2022,PVU,UT,ANM,WE,Federal Contract Tower,8,2,15,0,25,0,6,11,0,17,8,8,26,0,42,22,0,22,64
12/05/2022,PVU,UT,ANM,WE,Federal Contract Tower,14,5,18,0,37,0,2,0,0,2,14,7,18,0,39,0,0,0,39
12/06/2022,PVU,UT,ANM,WE,Federal Contract Tower,2,3,49,1,55,0,9,118,0,127,2,12,167,1,182,238,0,238,420
12/07/2022,PVU,UT,ANM,WE,Federal Contract Tower,7,5,26,2,40,0,2,78,0,80,7,7,104,2,120,236,2,238,358
12/08/2022,PVU,UT,ANM,WE,Federal Contract Tower,9,3,64,0,76,0,2,175,0,177,9,5,239,0,253,250,0,250,503
12/09/2022,PVU,UT,ANM,WE,Federal Contract Tower,17,3,56,0,76,0,3,167,0,170,17,6,223,0,246,258,0,258,504
12/10/2022,PVU,UT,ANM,WE,Federal Contract Tower,6,1,62,0,69,0,8,172,0,180,6,9,234,0,249,270,0,270,519
12/11/2022,PVU,UT,ANM,WE,Federal Contract Tower,8,6,12,0,26,0,5,16,0,21,8,11,28,0,47,6,0,6,53
12/12/2022,PVU,UT,ANM,WE,Federal Contract Tower,16,3,30,0,49,0,3,77,0,80,16,6,107,0,129,152,0,152,281
12/13/2022,PVU,UT,ANM,WE,Federal Contract Tower,0,8,16,0,24,0,0,0,0,0,0,8,16,0,24,0,0,0,24
12/14/2022,PVU,UT,ANM,WE,Federal Contract Tower,8,8,18,0,34,0,3,11,0,14,8,11,29,0,48,27,0,27,75
12/15/2022,PVU,UT,ANM,WE,Federal Contract Tower,11,3,39,0,53,0,6,58,0,64,11,9,97,0,117,138,0,138,255
12/16/2022,PVU,UT,ANM,WE,Federal Contract Tower,17,1,67,2,87,0,15,199,0,214,17,16,266,2,301,250,0,250,551
12/17/2022,PVU,UT,ANM,WE,Federal Contract Tower,11,3,59,0,73,0,8,161,0,169,11,11,220,0,242,304,0,304,546
12/18/2022,PVU,UT,ANM,WE,Federal Contract Tower,15,3,21,0,39,0,6,23,0,29,15,9,44,0,68,76,0,76,144
12/19/2022,PVU,UT,ANM,WE,Federal Contract Tower,14,10,73,4,101,0,13,133,0,146,14,23,206,4,247,264,0,264,511
12/20/2022,PVU,UT,ANM,WE,Federal Contract Tower,9,6,46,0,61,0,9,161,0,170,9,15,207,0,231,222,0,222,453
12/21/2022,PVU,UT,ANM,WE,Federal Contract Tower,13,13,19,1,46,0,4,40,0,44,13,17,59,1,90,114,0,114,204
12/22/2022,PVU,UT,ANM,WE,Federal Contract Tower,15,7,30,0,52,0,11,114,0,125,15,18,144,0,177,138,0,138,315
12/23/2022,PVU,UT,ANM,WE,Federal Contract Tower,8,2,25,0,35,0,7,34,0,41,8,9,59,0,76,66,0,66,142
12/24/2022,PVU,UT,ANM,WE,Federal Contract Tower,10,6,4,0,20,0,7,10,0,17,10,13,14,0,37,0,0,0,37
12/26/2022,PVU,UT,ANM,WE,Federal Contract Tower,26,1,27,0,54,0,14,60,0,74,26,15,87,0,128,72,0,72,200
12/27/2022,PVU,UT,ANM,WE,Federal Contract Tower,10,16,20,0,46,0,6,7,0,13,10,22,27,0,59,16,0,16,75
12/28/2022,PVU,UT,ANM,WE,Federal Contract Tower,15,7,10,0,32,0,6,5,0,11,15,13,15,0,43,0,0,0,43
12/29/2022,PVU,UT,ANM,WE,Federal Contract Tower,13,8,41,0,62,0,13,64,0,77,13,21,105,0,139,132,0,132,271
12/30/2022,PVU,UT,ANM,WE,Federal Contract Tower,9,3,13,0,25,0,2,0,0,2,9,5,13,0,27,6,0,6,33
12/31/2022,PVU,UT,ANM,WE,Federal Contract Tower,9,1,3,0,13,0,2,0,0,2,9,3,3,0,15,0,0,0,15
01/01/2023,PVU,UT,ANM,WE,Federal Contract Tower,6,8,8,0,22,0,2,0,0,2,6,10,8,0,24,0,0,0,24
01/02/2023,PVU,UT,ANM,WE,Federal Contract Tower,5,4,2,0,11,0,0,0,0,0,5,4,2,0,11,0,0,0,11
01/03/2023,PVU,UT,ANM,WE,Federal Contract Tower,0,0,0,0,0,0,8,0,0,8,0,8,0,0,8,0,0,0,8
01/04/2023,PVU,UT,ANM,WE,Federal Contract Tower,1,4,29,0,34,0,15,55,0,70,1,19,84,0,104,50,0,50,154
01/05/2023,PVU,UT,ANM,WE,Federal Contract Tower,16,2,32,0,50,0,2,83,0,85,16,4,115,0,135,162,0,162,297
01/06/2023,PVU,UT,ANM,WE,Federal Contract Tower,13,5,14,0,32,0,4,18,0,22,13,9,32,0,54,18,0,18,72
01/07/2023,PVU,UT,ANM,WE,Federal Contract Tower,9,2,46,1,58,0,4,170,1,175,9,6,216,2,233,314,0,314,547
01/08/2023,PVU,UT,ANM,WE,Federal Contract Tower,17,7,15,0,39,0,10,44,0,54,17,17,59,0,93,52,0,52,145
01/09/2023,PVU,UT,ANM,WE,Federal Contract Tower,13,7,16,0,36,0,0,16,0,16,13,7,32,0,52,28,0,28,80
01/10/2023,PVU,UT,ANM,WE,Federal Contract Tower,2,5,12,1,20,0,2,29,2,33,2,7,41,3,53,64,4,68,121
01/11/2023,PVU,UT,ANM,WE,Federal Contract Tower,8,9,49,0,66,0,12,128,0,140,8,21,177,0,206,276,0,276,482
01/12/2023,PVU,UT,ANM,WE,Federal Contract Tower,17,10,92,0,119,0,9,218,0,227,17,19,310,0,346,280,0,280,626
01/13/2023,PVU,UT,ANM,WE,Federal Contract Tower,14,13,60,0,87,0,14,205,0,219,14,27,265,0,306,370,0,370,676
01/14/2023,PVU,UT,ANM,WE,Federal Contract Tower,9,6,39,0,54,0,5,166,0,171,9,11,205,0,225,210,0,210,435
01/15/2023,PVU,UT,ANM,WE,Federal Contract Tower,17,1,9,0,27,0,1,0,0,1,17,2,9,0,28,0,0,0,28
01/16/2023,PVU,UT,ANM,WE,Federal Contract Tower,13,3,20,0,36,0,0,21,0,21,13,3,41,0,57,48,0,48,105
01/17/2023,PVU,UT,ANM,WE,Federal Contract Tower,2,5,21,0,28,0,2,37,0,39,2,7,58,0,67,98,0,98,165
01/18/2023,PVU,UT,ANM,WE,Federal Contract Tower,6,9,43,0,58,0,9,184,2,195,6,18,227,2,253,326,0,326,579
01/19/2023,PVU,UT,ANM,WE,Federal Contract Tower,15,8,20,0,43,0,4,56,0,60,15,12,76,0,103,170,0,170,273
01/20/2023,PVU,UT,ANM,WE,Federal Contract Tower,13,7,46,0,66,0,3,209,0,212,13,10,255,0,278,332,0,332,610
01/21/2023,PVU,UT,ANM,WE,Federal Contract Tower,8,4,23,0,35,0,3,69,0,72,8,7,92,0,107,132,0,132,239
01/22/2023,PVU,UT,ANM,WE,Federal Contract Tower,16,2,20,0,38,0,6,0,0,6,16,8,20,0,44,0,0,0,44
01/23/2023,PVU,UT,ANM,WE,Federal Contract Tower,13,4,66,0,83,0,3,175,0,178,13,7,241,0,261,246,2,248,509
01/24/2023,PVU,UT,ANM,WE,Federal Contract Tower,2,8,39,5,54,0,1,149,2,152,2,9,188,7,206,332,0,332,538
01/25/2023,PVU,UT,ANM,WE,Federal Contract Tower,7,5,24,3,39,0,1,50,0,51,7,6,74,3,90,98,0,98,188
01/26/2023,PVU,UT,ANM,WE,Federal Contract Tower,16,13,18,0,47,0,0,73,0,73,16,13,91,0,120,134,0,134,254
01/27/2023,PVU,UT,ANM,WE,Federal Contract Tower,12,7,24,0,43,0,2,152,0,154,12,9,176,0,197,252,0,252,449
01/28/2023,PVU,UT,ANM,WE,Federal Contract Tower,9,3,29,0,41,0,7,113,0,120,9,10,142,0,161,204,0,204,365
01/29/2023,PVU,UT,ANM,WE,Federal Contract Tower,10,2,5,0,17,0,2,11,0,13,10,4,16,0,30,18,0,18,48
01/30/2023,PVU,UT,ANM,WE,Federal Contract Tower,17,4,36,1,58,0,3,118,1,122,17,7,154,2,180,194,0,194,374
01/31/2023,PVU,UT,ANM,WE,Federal Contract Tower,5,7,73,0,85,0,9,230,0,239,5,16,303,0,324,280,0,280,604
02/01/2023,PVU,UT,ANM,WE,Federal Contract Tower,5,9,67,0,81,0,8,178,0,186,5,17,245,0,267,294,0,294,561
02/02/2023,PVU,UT,ANM,WE,Federal Contract Tower,15,2,65,0,82,0,1,210,0,211,15,3,275,0,293,393,0,393,686
02/03/2023,PVU,UT,ANM,WE,Federal Contract Tower,16,5,65,2,88,0,1,192,0,193,16,6,257,2,281,348,0,348,629
02/04/2023,PVU,UT,ANM,WE,Federal Contract Tower,9,0,62,0,71,0,11,220,0,231,9,11,282,0,302,288,0,288,590
02/05/2023,PVU,UT,ANM,WE,Federal Contract Tower,13,2,21,0,36,0,0,4,0,4,13,2,25,0,40,0,0,0,40
02/06/2023,PVU,UT,ANM,WE,Federal Contract Tower,17,8,18,0,43,0,6,32,0,38,17,14,50,0,81,92,0,92,173
02/07/2023,PVU,UT,ANM,WE,Federal Contract Tower,2,1,67,0,70,0,3,186,8,197,2,4,253,8,267,348,0,348,615
02/08/2023,PVU,UT,ANM,WE,Federal Contract Tower,4,6,41,0,51,0,8,169,2,179,4,14,210,2,230,276,4,280,510
02/09/2023,PVU,UT,ANM,WE,Federal Contract Tower,19,5,71,0,95,0,2,183,0,185,19,7,254,0,280,276,0,276,556
02/10/2023,PVU,UT,ANM,WE,Federal Contract Tower,17,12,58,0,87,0,3,184,0,187,17,15,242,0,274,326,0,326,600
02/11/2023,PVU,UT,ANM,WE,Federal Contract Tower,8,0,47,0,55,0,8,189,0,197,8,8,236,0,252,268,0,268,520
02/12/2023,PVU,UT,ANM,WE,Federal Contract Tower,18,2,16,0,36,0,9,27,0,36,18,11,43,0,72,72,0,72,144
02/13/2023,PVU,UT,ANM,WE,Federal Contract Tower,13,3,62,0,78,0,1,168,0,169,13,4,230,0,247,308,0,308,555
02/14/2023,PVU,UT,ANM,WE,Federal Contract Tower,5,9,29,0,43,0,7,122,0,129,5,16,151,0,172,204,0,204,376
02/15/2023,PVU,UT,ANM,WE,Federal Contract Tower,15,14,18,2,49,0,5,57,0,62,15,19,75,2,111,86,0,86,197
02/16/2023,PVU,UT,ANM,WE,Federal Contract Tower,18,18,62,3,101,0,5,143,0,148,18,23,205,3,249,328,8,336,585
02/17/2023,PVU,UT,ANM,WE,Federal Contract Tower,21,7,49,0,77,0,13,180,0,193,21,20,229,0,270,378,0,378,648
02/18/2023,PVU,UT,ANM,WE,Federal Contract Tower,14,8,26,0,48,0,4,194,0,198,14,12,220,0,246,320,0,320,566
02/19/2023,PVU,UT,ANM,WE,Federal Contract Tower,18,3,8,0,29,0,14,70,0,84,18,17,78,0,113,116,0,116,229
02/20/2023,PVU,UT,ANM,WE,Federal Contract Tower,21,10,47,0,78,0,6,137,0,143,21,16,184,0,221,192,0,192,413
02/21/2023,PVU,UT,ANM,WE,Federal Contract Tower,4,3,26,0,33,0,4,48,0,52,4,7,74,0,85,174,0,174,259
02/22/2023,PVU,UT,ANM,WE,Federal Contract Tower,15,4,10,0,29,0,2,1,0,3,15,6,11,0,32,0,0,0,32
02/23/2023,PVU,UT,ANM,WE,Federal Contract Tower,25,10,19,0,54,0,0,102,0,102,25,10,121,0,156,300,0,300,456
02/24/2023,PVU,UT,ANM,WE,Federal Contract Tower,18,6,49,0,73,0,6,127,0,133,18,12,176,0,206,256,0,256,462
02/25/2023,PVU,UT,ANM,WE,Federal Contract Tower,14,3,70,0,87,0,10,223,6,239,14,13,293,6,326,360,0,360,686
02/26/2023,PVU,UT,ANM,WE,Federal Contract Tower,19,6,10,1,36,0,7,26,0,33,19,13,36,1,69,96,0,96,165
02/27/2023,PVU,UT,ANM,WE,Federal Contract Tower,17,6,16,0,39,0,4,84,0,88,17,10,100,0,127,204,0,204,331
02/28/2023,PVU,UT,ANM,WE,Federal Contract Tower,7,12,35,1,55,0,16,184,0,200,7,28,219,1,255,297,0,297,552
03/01/2023,PVU,UT,ANM,WE,Federal Contract Tower,17,3,4,0,24,0,2,4,0,6,17,5,8,0,30,8,0,8,38
03/03/2023,PVU,UT,ANM,WE,Federal Contract Tower,18,11,37,0,66,0,5,115,0,120,18,16,152,0,186,244,0,244,430
03/04/2023,PVU,UT,ANM,WE,Federal Contract Tower,17,9,39,0,65,0,1,112,1,114,17,10,151,1,179,204,0,204,383
03/05/2023,PVU,UT,ANM,WE,Federal Contract Tower,16,10,20,0,46,0,3,17,1,21,16,13,37,1,67,36,0,36,103
03/06/2023,PVU,UT,ANM,WE,Federal Contract Tower,22,3,47,0,72,0,5,211,0,216,22,8,258,0,288,228,0,228,516
03/07/2023,PVU,UT,ANM,WE,Federal Contract Tower,4,4,61,1,70,0,3,177,1,181,4,7,238,2,251,428,0,428,679
03/08/2023,PVU,UT,ANM,WE,Federal Contract Tower,15,3,37,0,55,0,2,132,0,134,15,5,169,0,189,208,0,208,397
03/09/2023,PVU,UT,ANM,WE,Federal Contract Tower,18,1,52,0,71,0,9,228,0,237,18,10,280,0,308,306,0,306,614
03/10/2023,PVU,UT,ANM,WE,Federal Contract Tower,19,9,15,0,43,0,0,5,0,5,19,9,20,0,48,26,0,26,74
03/11/2023,PVU,UT,ANM,WE,Federal Contract Tower,16,11,45,1,73,0,8,142,0,150,16,19,187,1,223,338,0,338,561
03/12/2023,PVU,UT,ANM,WE,Federal Contract Tower,18,5,21,0,44,0,2,44,0,46,18,7,65,0,90,62,0,62,152
03/13/2023,PVU,UT,ANM,WE,Federal Contract Tower,23,4,54,0,81,0,6,165,0,171,23,10,219,0,252,292,0,292,544
03/14/2023,PVU,UT,ANM,WE,Federal Contract Tower,9,9,50,0,68,0,7,140,0,147,9,16,190,0,215,226,0,226,441
03/15/2023,PVU,UT,ANM,WE,Federal Contract Tower,16,9,21,0,46,0,10,27,0,37,16,19,48,0,83,65,0,65,148
03/16/2023,PVU,UT,ANM,WE,Federal Contract Tower,18,5,71,1,95,0,18,197,0,215,18,23,268,1,310,290,2,292,602
03/17/2023,PVU,UT,ANM,WE,Federal Contract Tower,18,3,48,0,69,0,8,239,2,249,18,11,287,2,318,284,0,284,602
03/18/2023,PVU,UT,ANM,WE,Federal Contract Tower,17,8,52,0,77,0,11,240,0,251,17,19,292,0,328,304,0,304,632
03/19/2023,PVU,UT,ANM,WE,Federal Contract Tower,20,11,34,0,65,0,5,41,0,46,20,16,75,0,111,58,0,58,169
03/20/2023,PVU,UT,ANM,WE,Federal Contract Tower,19,11,32,0,62,0,1,45,0,46,19,12,77,0,108,82,0,82,190
03/21/2023,PVU,UT,ANM,WE,Federal Contract Tower,5,10,77,0,92,0,22,234,2,258,5,32,311,2,350,402,0,402,752
03/22/2023,PVU,UT,ANM,WE,Federal Contract Tower,14,2,14,0,30,0,1,5,0,6,14,3,19,0,36,22,0,22,58
03/23/2023,PVU,UT,ANM,WE,Federal Contract Tower,16,3,19,1,39,0,4,26,0,30,16,7,45,1,69,38,2,40,109
03/24/2023,PVU,UT,ANM,WE,Federal Contract Tower,14,9,17,0,40,0,0,4,0,4,14,9,21,0,44,0,0,0,44
03/25/2023,PVU,UT,ANM,WE,Federal Contract Tower,14,7,44,0,65,0,6,159,0,165,14,13,203,0,230,282,0,282,512
03/26/2023,PVU,UT,ANM,WE,Federal Contract Tower,16,9,17,0,42,0,4,15,0,19,16,13,32,0,61,0,0,0,61
03/27/2023,PVU,UT,ANM,WE,Federal Contract Tower,16,3,61,0,80,0,12,204,0,216,16,15,265,0,296,344,0,344,640
03/28/2023,PVU,UT,ANM,WE,Federal Contract Tower,4,5,84,0,93,0,13,260,0,273,4,18,344,0,366,360,0,360,726
03/29/2023,PVU,UT,ANM,WE,Federal Contract Tower,13,12,37,0,62,0,7,94,0,101,13,19,131,0,163,252,0,252,415
03/30/2023,PVU,UT,ANM,WE,Federal Contract Tower,19,12,19,0,50,0,8,36,0,44,19,20,55,0,94,160,0,160,254
03/31/2023,PVU,UT,ANM,WE,Federal Contract Tower,15,7,54,0,76,0,0,150,0,150,15,7,204,0,226,316,0,316,542
04/01/2023,PVU,UT,ANM,WE,Federal Contract Tower,15,0,58,0,73,0,5,158,2,165,15,5,216,2,238,308,0,308,546
04/02/2023,PVU,UT,ANM,WE,Federal Contract Tower,18,11,23,0,52,0,7,27,2,36,18,18,50,2,88,34,0,34,122
04/03/2023,PVU,UT,ANM,WE,Federal Contract Tower,11,10,5,0,26,0,0,0,0,0,11,10,5,0,26,0,0,0,26
04/04/2023,PVU,UT,ANM,WE,Federal Contract Tower,11,11,15,0,37,0,0,0,0,0,11,11,15,0,37,0,0,0,37
04/05/2023,PVU,UT,ANM,WE,Federal Contract Tower,14,4,57,0,75,0,4,117,2,123,14,8,174,2,198,300,0,300,498
04/06/2023,PVU,UT,ANM,WE,Federal Contract Tower,18,9,71,0,98,0,15,251,0,266,18,24,322,0,364,409,0,409,773
04/07/2023,PVU,UT,ANM,WE,Federal Contract Tower,17,4,68,4,93,0,4,226,0,230,17,8,294,4,323,304,0,304,627
04/08/2023,PVU,UT,ANM,WE,Federal Contract Tower,18,8,36,0,62,0,4,239,0,243,18,12,275,0,305,282,0,282,587
04/09/2023,PVU,UT,ANM,WE,Federal Contract Tower,22,5,20,0,47,0,2,82,0,84,22,7,102,0,131,22,0,22,153
04/10/2023,PVU,UT,ANM,WE,Federal Contract Tower,15,5,57,1,78,0,10,215,0,225,15,15,272,1,303,306,4,310,613
04/11/2023,PVU,UT,ANM,WE,Federal Contract Tower,3,3,62,1,69,0,7,201,0,208,3,10,263,1,277,292,2,294,571
04/12/2023,PVU,UT,ANM,WE,Federal Contract Tower,16,5,55,0,76,0,8,103,0,111,16,13,158,0,187,254,0,254,441
04/13/2023,PVU,UT,ANM,WE,Federal Contract Tower,20,9,18,1,48,0,0,30,0,30,20,9,48,1,78,130,0,130,208
04/14/2023,PVU,UT,ANM,WE,Federal Contract Tower,17,12,45,1,75,0,16,225,4,245,17,28,270,5,320,250,0,250,570
04/15/2023,PVU,UT,ANM,WE,Federal Contract Tower,16,7,35,0,58,0,7,222,2,231,16,14,257,2,289,290,0,290,579
04/16/2023,PVU,UT,ANM,WE,Federal Contract Tower,18,6,21,0,45,0,3,53,0,56,18,9,74,0,101,56,0,56,157
04/17/2023,PVU,UT,ANM,WE,Federal Contract Tower,16,11,61,2,90,0,4,178,0,182,16,15,239,2,272,308,4,312,584
04/18/2023,PVU,UT,ANM,WE,Federal Contract Tower,3,10,27,1,41,0,8,43,0,51,3,18,70,1,92,92,2,94,186
04/19/2023,PVU,UT,ANM,WE,Federal Contract Tower,15,7,57,0,79,0,12,176,0,188,15,19,233,0,267,212,0,212,479
04/20/2023,PVU,UT,ANM,WE,Federal Contract Tower,24,16,43,0,83,0,8,129,0,137,24,24,172,0,220,192,0,192,412
04/21/2023,PVU,UT,ANM,WE,Federal Contract Tower,15,11,46,1,73,0,4,166,0,170,15,15,212,1,243,276,0,276,519
04/22/2023,PVU,UT,ANM,WE,Federal Contract Tower,14,8,42,2,66,0,1,179,0,180,14,9,221,2,246,242,0,242,488
04/23/2023,PVU,UT,ANM,WE,Federal Contract Tower,19,12,25,0,56,0,3,92,0,95,19,15,117,0,151,114,0,114,265
04/24/2023,PVU,UT,ANM,WE,Federal Contract Tower,17,9,34,2,62,0,8,140,0,148,17,17,174,2,210,250,4,254,464
04/25/2023,PVU,UT,ANM,WE,Federal Contract Tower,4,17,46,2,69,0,7,155,0,162,4,24,201,2,231,358,0,358,589
04/26/2023,PVU,UT,ANM,WE,Federal Contract Tower,15,6,81,1,103,0,13,292,0,305,15,19,373,1,408,480,2,482,890
04/27/2023,PVU,UT,ANM,WE,Federal Contract Tower,21,10,61,1,93,0,11,210,0,221,21,21,271,1,314,250,2,252,566
04/28/2023,PVU,UT,ANM,WE,Federal Contract Tower,16,7,62,0,85,0,7,169,0,176,16,14,231,0,261,274,0,274,535
04/29/2023,PVU,UT,ANM,WE,Federal Contract Tower,13,9,51,0,73,0,11,153,0,164,13,20,204,0,237,232,0,232,469
04/30/2023,PVU,UT,ANM,WE,Federal Contract Tower,21,7,30,0,58,0,9,68,0,77,21,16,98,0,135,94,0,94,229
05/01/2023,PVU,UT,ANM,WE,Federal Contract Tower,19,6,53,2,80,0,14,148,0,162,19,20,201,2,242,228,0,228,470
05/02/2023,PVU,UT,ANM,WE,Federal Contract Tower,9,6,47,0,62,0,2,190,0,192,9,8,237,0,254,384,0,384,638
05/03/2023,PVU,UT,ANM,WE,Federal Contract Tower,15,16,50,1,82,0,4,156,0,160,15,20,206,1,242,328,0,328,570
05/04/2023,PVU,UT,ANM,WE,Federal Contract Tower,20,10,31,2,63,0,6,98,0,104,20,16,129,2,167,192,0,192,359
05/05/2023,PVU,UT,ANM,WE,Federal Contract Tower,20,8,41,0,69,0,9,107,0,116,20,17,148,0,185,163,4,167,352
05/06/2023,PVU,UT,ANM,WE,Federal Contract Tower,18,10,38,0,66,0,14,96,0,110,18,24,134,0,176,202,0,202,378
05/07/2023,PVU,UT,ANM,WE,Federal Contract Tower,19,9,24,0,52,0,6,42,0,48,19,15,66,0,100,134,0,134,234
05/08/2023,PVU,UT,ANM,WE,Federal Contract Tower,19,17,31,0,67,0,5,88,0,93,19,22,119,0,160,188,0,188,348
05/09/2023,PVU,UT,ANM,WE,Federal Contract Tower,5,7,69,2,83,0,7,173,0,180,5,14,242,2,263,328,4,332,595
05/10/2023,PVU,UT,ANM,WE,Federal Contract Tower,15,4,44,0,63,0,6,94,0,100,15,10,138,0,163,206,0,206,369
05/11/2023,PVU,UT,ANM,WE,Federal Contract Tower,20,9,45,1,75,0,3,202,0,205,20,12,247,1,280,334,2,336,616
05/12/2023,PVU,UT,ANM,WE,Federal Contract Tower,16,6,67,2,91,0,6,220,0,226,16,12,287,2,317,332,0,332,649
05/13/2023,PVU,UT,ANM,WE,Federal Contract Tower,16,2,28,2,48,0,6,118,0,124,16,8,146,2,172,154,0,154,326
05/14/2023,PVU,UT,ANM,WE,Federal Contract Tower,23,1,25,0,49,0,1,38,0,39,23,2,63,0,88,86,0,86,174
05/15/2023,PVU,UT,ANM,WE,Federal Contract Tower,18,7,43,1,69,0,12,218,0,230,18,19,261,1,299,200,2,202,501
05/16/2023,PVU,UT,ANM,WE,Federal Contract Tower,7,6,35,2,50,0,14,196,0,210,7,20,231,2,260,300,4,304,564
05/17/2023,PVU,UT,ANM,WE,Federal Contract Tower,13,15,46,0,74,0,9,171,0,180,13,24,217,0,254,280,0,280,534
05/18/2023,PVU,UT,ANM,WE,Federal Contract Tower,19,4,40,0,63,0,4,200,0,204,19,8,240,0,267,230,0,230,497
05/19/2023,PVU,UT,ANM,WE,Federal Contract Tower,15,6,36,0,57,0,11,211,0,222,15,17,247,0,279,382,2,384,663
05/20/2023,PVU,UT,ANM,WE,Federal Contract Tower,16,6,24,0,46,0,11,195,0,206,16,17,219,0,252,330,0,330,582
05/21/2023,PVU,UT,ANM,WE,Federal Contract Tower,18,8,21,0,47,1,3,55,0,59,19,11,76,0,106,96,0,96,202
05/22/2023,PVU,UT,ANM,WE,Federal Contract Tower,19,7,35,0,61,0,8,141,0,149,19,15,176,0,210,244,0,244,454
05/23/2023,PVU,UT,ANM,WE,Federal Contract Tower,7,6,39,0,52,0,3,146,0,149,7,9,185,0,201,275,0,275,476
05/24/2023,PVU,UT,ANM,WE,Federal Contract Tower,13,9,59,0,81,0,12,181,0,193,13,21,240,0,274,278,0,278,552
05/25/2023,PVU,UT,ANM,WE,Federal Contract Tower,20,13,48,0,81,0,10,178,0,188,20,23,226,0,269,328,0,328,597
05/26/2023,PVU,UT,ANM,WE,Federal Contract Tower,16,6,58,0,80,0,7,167,0,174,16,13,225,0,254,224,0,224,478
05/27/2023,PVU,UT,ANM,WE,Federal Contract Tower,15,5,34,0,54,0,8,145,0,153,15,13,179,0,207,192,0,192,399
05/28/2023,PVU,UT,ANM,WE,Federal Contract Tower,21,1,15,0,37,0,6,53,0,59,21,7,68,0,96,58,0,58,154
05/29/2023,PVU,UT,ANM,WE,Federal Contract Tower,16,11,29,0,56,0,4,90,0,94,16,15,119,0,150,172,0,172,322
05/30/2023,PVU,UT,ANM,WE,Federal Contract Tower,5,14,50,0,69,0,3,215,0,218,5,17,265,0,287,367,0,367,654
05/31/2023,PVU,UT,ANM,WE,Federal Contract Tower,15,7,39,1,62,0,0,0,0,0,15,7,39,1,62,298,2,300,362
06/01/2023,PVU,UT,ANM,WE,Federal Contract Tower,17,3,32,0,52,0,4,136,0,140,17,7,168,0,192,248,0,248,440
06/02/2023,PVU,UT,ANM,WE,Federal Contract Tower,17,12,56,0,85,0,9,146,0,155,17,21,202,0,240,287,0,287,527
06/03/2023,PVU,UT,ANM,WE,Federal Contract Tower,14,3,35,0,52,0,9,116,0,125,14,12,151,0,177,126,0,126,303
06/04/2023,PVU,UT,ANM,WE,Federal Contract Tower,23,5,16,0,44,0,5,58,0,63,23,10,74,0,107,48,0,48,155
06/05/2023,PVU,UT,ANM,WE,Federal Contract Tower,14,7,26,0,47,0,12,156,0,168,14,19,182,0,215,238,2,240,455
06/06/2023,PVU,UT,ANM,WE,Federal Contract Tower,8,2,32,0,42,0,2,104,0,106,8,4,136,0,148,238,0,238,386
06/07/2023,PVU,UT,ANM,WE,Federal Contract Tower,16,8,42,0,66,0,7,119,0,126,16,15,161,0,192,266,0,266,458
06/08/2023,PVU,UT,ANM,WE,Federal Contract Tower,21,5,31,0,57,0,4,135,0,139,21,9,166,0,196,332,0,332,528
06/09/2023,PVU,UT,ANM,WE,Federal Contract Tower,17,3,48,0,68,0,13,177,0,190,17,16,225,0,258,386,0,386,644
06/10/2023,PVU,UT,ANM,WE,Federal Contract Tower,15,8,24,0,47,0,7,112,0,119,15,15,136,0,166,228,0,228,394
06/11/2023,PVU,UT,ANM,WE,Federal Contract Tower,21,7,17,0,45,0,7,39,0,46,21,14,56,0,91,38,0,38,129
06/12/2023,PVU,UT,ANM,WE,Federal Contract Tower,15,6,21,2,44,0,5,134,0,139,15,11,155,2,183,210,4,214,397
06/13/2023,PVU,UT,ANM,WE,Federal Contract Tower,7,7,39,0,53,0,1,151,0,152,7,8,190,0,205,444,0,444,649
06/14/2023,PVU,UT,ANM,WE,Federal Contract Tower,12,6,35,1,54,0,6,132,0,138,12,12,167,1,192,340,0,340,532
06/15/2023,PVU,UT,ANM,WE,Federal Contract Tower,16,10,48,0,74,0,2,122,0,124,16,12,170,0,198,206,0,206,404
06/16/2023,PVU,UT,ANM,WE,Federal Contract Tower,18,17,48,0,83,0,13,178,0,191,18,30,226,0,274,408,0,408,682
06/17/2023,PVU,UT,ANM,WE,Federal Contract Tower,13,4,31,0,48,0,8,162,0,170,13,12,193,0,218,228,0,228,446
06/18/2023,PVU,UT,ANM,WE,Federal Contract Tower,20,8,16,0,44,0,10,21,0,31,20,18,37,0,75,12,0,12,87
06/19/2023,PVU,UT,ANM,WE,Federal Contract Tower,20,6,20,0,46,0,1,34,0,35,20,7,54,0,81,22,0,22,103
06/20/2023,PVU,UT,ANM,WE,Federal Contract Tower,7,6,25,2,40,0,15,145,0,160,7,21,170,2,200,400,0,400,600
06/21/2023,PVU,UT,ANM,WE,Federal Contract Tower,13,1,53,3,70,0,17,193,0,210,13,18,246,3,280,448,4,452,732
06/22/2023,PVU,UT,ANM,WE,Federal Contract Tower,17,6,49,0,72,0,12,182,0,194,17,18,231,0,266,362,0,362,628
06/23/2023,PVU,UT,ANM,WE,Federal Contract Tower,23,3,27,3,56,0,8,84,0,92,23,11,111,3,148,128,12,140,288
06/24/2023,PVU,UT,ANM,WE,Federal Contract Tower,14,7,37,0,58,0,3,107,0,110,14,10,144,0,168,242,0,242,410
06/25/2023,PVU,UT,ANM,WE,Federal Contract Tower,21,1,23,0,45,0,6,58,0,64,21,7,81,0,109,72,0,72,181
06/26/2023,PVU,UT,ANM,WE,Federal Contract Tower,20,8,38,0,66,0,5,195,0,200,20,13,233,0,266,360,0,360,626
06/27/2023,PVU,UT,ANM,WE,Federal Contract Tower,5,9,42,0,56,0,5,167,0,172,5,14,209,0,228,270,0,270,498
06/28/2023,PVU,UT,ANM,WE,Federal Contract Tower,13,9,39,0,61,0,15,145,0,160,13,24,184,0,221,300,0,300,521
06/29/2023,PVU,UT,ANM,WE,Federal Contract Tower,15,7,42,0,64,0,5,166,0,171,15,12,208,0,235,348,0,348,583
06/30/2023,PVU,UT,ANM,WE,Federal Contract Tower,17,10,47,1,75,0,4,151,1,156,17,14,198,2,231,238,0,238,469
07/01/2023,PVU,UT,ANM,WE,Federal Contract Tower,15,10,25,0,50,0,0,115,0,115,15,10,140,0,165,204,0,204,369
07/02/2023,PVU,UT,ANM,WE,Federal Contract Tower,19,5,17,0,41,0,15,55,0,70,19,20,72,0,111,54,0,54,165
07/03/2023,PVU,UT,ANM,WE,Federal Contract Tower,18,4,36,0,58,0,13,137,0,150,18,17,173,0,208,200,0,200,408
07/04/2023,PVU,UT,ANM,WE,Federal Contract Tower,8,5,12,0,25,0,1,30,0,31,8,6,42,0,56,100,0,100,156
07/05/2023,PVU,UT,ANM,WE,Federal Contract Tower,11,7,61,2,81,0,7,156,0,163,11,14,217,2,244,300,0,300,544
07/06/2023,PVU,UT,ANM,WE,Federal Contract Tower,15,13,45,0,73,0,9,162,0,171,15,22,207,0,244,218,0,218,462
07/07/2023,PVU,UT,ANM,WE,Federal Contract Tower,21,9,31,0,61,0,9,147,0,156,21,18,178,0,217,330,0,330,547
07/08/2023,PVU,UT,ANM,WE,Federal Contract Tower,15,5,29,0,49,0,4,116,0,120,15,9,145,0,169,208,0,208,377
07/09/2023,PVU,UT,ANM,WE,Federal Contract Tower,21,5,17,0,43,0,5,40,0,45,21,10,57,0,88,68,0,68,156
07/10/2023,PVU,UT,ANM,WE,Federal Contract Tower,17,4,41,0,62,0,5,141,0,146,17,9,182,0,208,260,0,260,468
07/11/2023,PVU,UT,ANM,WE,Federal Contract Tower,9,4,38,0,51,0,12,194,0,206,9,16,232,0,257,350,0,350,607
07/12/2023,PVU,UT,ANM,WE,Federal Contract Tower,14,6,41,0,61,0,3,191,0,194,14,9,232,0,255,350,0,350,605
07/13/2023,PVU,UT,ANM,WE,Federal Contract Tower,17,13,41,0,71,0,15,155,0,170,17,28,196,0,241,326,0,326,567
07/14/2023,PVU,UT,ANM,WE,Federal Contract Tower,19,13,26,0,58,0,14,167,0,181,19,27,193,0,239,356,0,356,595
07/15/2023,PVU,UT,ANM,WE,Federal Contract Tower,19,5,16,0,40,0,3,121,0,124,19,8,137,0,164,249,0,249,413
07/16/2023,PVU,UT,ANM,WE,Federal Contract Tower,18,7,0,0,25,0,11,21,0,32,18,18,21,0,57,62,0,62,119
07/17/2023,PVU,UT,ANM,WE,Federal Contract Tower,16,14,32,2,64,0,6,89,0,95,16,20,121,2,159,204,0,204,363
07/18/2023,PVU,UT,ANM,WE,Federal Contract Tower,8,2,43,0,53,0,7,142,0,149,8,9,185,0,202,400,0,400,602
07/19/2023,PVU,UT,ANM,WE,Federal Contract Tower,13,6,31,2,52,0,5,153,0,158,13,11,184,2,210,270,0,270,480
07/20/2023,PVU,UT,ANM,WE,Federal Contract Tower,16,17,46,1,80,0,4,229,1,234,16,21,275,2,314,448,0,448,762
07/21/2023,PVU,UT,ANM,WE,Federal Contract Tower,19,14,41,0,74,0,7,182,0,189,19,21,223,0,263,266,1,267,530
07/22/2023,PVU,UT,ANM,WE,Federal Contract Tower,12,6,39,0,57,0,5,116,2,123,12,11,155,2,180,254,0,254,434
07/23/2023,PVU,UT,ANM,WE,Federal Contract Tower,17,8,14,1,40,0,23,39,0,62,17,31,53,1,102,86,8,94,196
07/24/2023,PVU,UT,ANM,WE,Federal Contract Tower,16,7,31,0,54,0,16,48,0,64,16,23,79,0,118,170,2,172,290
07/25/2023,PVU,UT,ANM,WE,Federal Contract Tower,10,9,44,0,63,0,7,135,0,142,10,16,179,0,205,302,0,302,507
07/26/2023,PVU,UT,ANM,WE,Federal Contract Tower,13,14,46,2,75,0,5,119,4,128,13,19,165,6,203,250,0,250,453
07/27/2023,PVU,UT,ANM,WE,Federal Contract Tower,19,9,51,0,79,0,3,146,3,152,19,12,197,3,231,300,0,300,531
07/28/2023,PVU,UT,ANM,WE,Federal Contract Tower,21,10,52,0,83,0,13,188,1,202,21,23,240,1,285,306,0,306,591
07/29/2023,PVU,UT,ANM,WE,Federal Contract Tower,16,6,36,0,58,0,2,132,0,134,16,8,168,0,192,190,0,190,382
07/30/2023,PVU,UT,ANM,WE,Federal Contract Tower,18,9,23,0,50,0,16,28,0,44,18,25,51,0,94,14,0,14,108
07/31/2023,PVU,UT,ANM,WE,Federal Contract Tower,16,4,33,0,53,0,3,105,0,108,16,7,138,0,161,220,0,220,381
08/01/2023,PVU,UT,ANM,WE,Federal Contract Tower,10,10,34,0,54,0,5,90,0,95,10,15,124,0,149,282,0,282,431
08/02/2023,PVU,UT,ANM,WE,Federal Contract Tower,15,11,30,0,56,0,15,89,0,104,15,26,119,0,160,260,0,260,420
08/03/2023,PVU,UT,ANM,WE,Federal Contract Tower,18,9,47,0,74,0,1,99,0,100,18,10,146,0,174,370,0,370,544
08/04/2023,PVU,UT,ANM,WE,Federal Contract Tower,18,5,54,0,77,0,14,166,0,180,18,19,220,0,257,350,0,350,607
08/05/2023,PVU,UT,ANM,WE,Federal Contract Tower,14,10,35,0,59,0,6,116,0,122,14,16,151,0,181,290,0,290,471
08/06/2023,PVU,UT,ANM,WE,Federal Contract Tower,19,4,27,0,50,0,6,55,0,61,19,10,82,0,111,38,0,38,149
08/07/2023,PVU,UT,ANM,WE,Federal Contract Tower,16,3,49,0,68,0,10,136,0,146,16,13,185,0,214,270,0,270,484
08/08/2023,PVU,UT,ANM,WE,Federal Contract Tower,6,7,38,0,51,0,6,124,0,130,6,13,162,0,181,380,0,380,561
08/09/2023,PVU,UT,ANM,WE,Federal Contract Tower,12,13,38,2,65,0,4,166,0,170,12,17,204,2,235,350,0,350,585
08/10/2023,PVU,UT,ANM,WE,Federal Contract Tower,17,12,28,0,57,0,19,77,0,96,17,31,105,0,153,156,0,156,309
08/11/2023,PVU,UT,ANM,WE,Federal Contract Tower,17,11,46,0,74,0,9,157,0,166,17,20,203,0,240,360,0,360,600
08/12/2023,PVU,UT,ANM,WE,Federal Contract Tower,14,9,22,0,45,0,10,92,0,102,14,19,114,0,147,212,4,216,363
08/13/2023,PVU,UT,ANM,WE,Federal Contract Tower,19,9,23,2,53,0,8,43,0,51,19,17,66,2,104,66,0,66,170
08/14/2023,PVU,UT,ANM,WE,Federal Contract Tower,17,12,36,0,65,0,8,105,0,113,17,20,141,0,178,166,0,166,344
08/15/2023,PVU,UT,ANM,WE,Federal Contract Tower,6,3,32,1,42,0,3,123,0,126,6,6,155,1,168,230,2,232,400
08/16/2023,PVU,UT,ANM,WE,Federal Contract Tower,7,15,47,1,70,0,5,146,0,151,7,20,193,1,221,250,2,252,473
08/17/2023,PVU,UT,ANM,WE,Federal Contract Tower,20,7,42,0,69,0,12,131,0,143,20,19,173,0,212,170,0,170,382
08/18/2023,PVU,UT,ANM,WE,Federal Contract Tower,14,4,24,0,42,0,19,93,0,112,14,23,117,0,154,212,4,216,370
08/19/2023,PVU,UT,ANM,WE,Federal Contract Tower,9,11,19,0,39,0,39,97,0,136,9,50,116,0,175,194,0,194,369
08/20/2023,PVU,UT,ANM,WE,Federal Contract Tower,20,9,18,0,47,0,8,48,0,56,20,17,66,0,103,46,0,46,149
08/21/2023,PVU,UT,ANM,WE,Federal Contract Tower,15,8,17,0,40,0,12,17,0,29,15,20,34,0,69,80,0,80,149
08/22/2023,PVU,UT,ANM,WE,Federal Contract Tower,6,5,20,0,31,0,0,64,0,64,6,5,84,0,95,184,2,186,281
08/23/2023,PVU,UT,ANM,WE,Federal Contract Tower,8,12,39,2,61,0,9,156,3,168,8,21,195,5,229,350,4,354,583
08/24/2023,PVU,UT,ANM,WE,Federal Contract Tower,20,9,45,0,74,0,18,177,0,195,20,27,222,0,269,252,0,252,521
08/25/2023,PVU,UT,ANM,WE,Federal Contract Tower,21,11,48,0,80,0,18,207,0,225,21,29,255,0,305,310,0,310,615
08/26/2023,PVU,UT,ANM,WE,Federal Contract Tower,5,5,13,0,23,0,7,114,0,121,5,12,127,0,144,170,0,170,314
08/27/2023,PVU,UT,ANM,WE,Federal Contract Tower,14,5,9,0,28,0,16,21,0,37,14,21,30,0,65,48,0,48,113
08/28/2023,PVU,UT,ANM,WE,Federal Contract Tower,18,10,47,0,75,0,25,184,0,209,18,35,231,0,284,292,0,292,576
08/29/2023,PVU,UT,ANM,WE,Federal Contract Tower,7,10,57,1,75,0,23,199,0,222,7,33,256,1,297,290,2,292,589
08/30/2023,PVU,UT,ANM,WE,Federal Contract Tower,8,18,61,0,87,0,27,229,0,256,8,45,290,0,343,342,0,342,685
08/31/2023,PVU,UT,ANM,WE,Federal Contract Tower,20,21,41,0,82,0,34,157,0,191,20,55,198,0,273,284,0,284,557
