01/01/2000,PWK,IL,AGL,CE,Towers with Display (VFR),0,0,20,0,20,0,0,142,0,142,0,0,162,0,162,62,0,62,224
01/02/2000,PWK,IL,AGL,CE,Towers with Display (VFR),0,11,76,0,87,0,0,106,0,106,0,11,182,0,193,154,0,154,347
01/03/2000,PWK,IL,AGL,CE,Towers with Display (VFR),0,10,64,0,74,0,0,81,0,81,0,10,145,0,155,40,0,40,195
01/04/2000,PWK,IL,AGL,CE,Towers with Display (VFR),0,10,68,0,78,0,0,100,0,100,0,10,168,0,178,8,0,8,186
01/05/2000,PWK,IL,AGL,CE,Towers with Display (VFR),0,13,106,0,119,0,0,179,0,179,0,13,285,0,298,186,0,186,484
01/06/2000,PWK,IL,AGL,CE,Towers with Display (VFR),0,13,88,0,101,0,0,240,0,240,0,13,328,0,341,126,0,126,467
01/07/2000,PWK,IL,AGL,CE,Towers with Display (VFR),0,6,85,0,91,0,0,261,1,262,0,6,346,1,353,212,0,212,565
01/08/2000,PWK,IL,AGL,CE,Towers with Display (VFR),0,5,29,0,34,0,4,285,0,289,0,9,314,0,323,204,0,204,527
01/09/2000,PWK,IL,AGL,CE,Towers with Display (VFR),0,6,33,0,39,0,3,0,1,4,0,9,33,1,43,0,0,0,43
01/10/2000,PWK,IL,AGL,CE,Towers with Display (VFR),0,12,78,0,90,0,4,77,0,81,0,16,155,0,171,8,0,8,179
01/11/2000,PWK,IL,AGL,CE,Towers with Display (VFR),0,17,111,0,128,0,2,197,0,199,0,19,308,0,327,78,0,78,405
01/12/2000,PWK,IL,AGL,CE,Towers with Display (VFR),0,15,109,0,124,0,1,251,0,252,0,16,360,0,376,246,0,246,622
01/13/2000,PWK,IL,AGL,CE,Towers with Display (VFR),0,15,117,0,132,0,0,251,0,251,0,15,368,0,383,202,0,202,585
01/14/2000,PWK,IL,AGL,CE,Towers with Display (VFR),0,14,101,0,115,0,7,290,0,297,0,21,391,0,412,186,0,186,598
01/15/2000,PWK,IL,AGL,CE,Towers with Display (VFR),0,3,49,0,52,0,0,356,0,356,0,3,405,0,408,222,0,222,630
01/16/2000,PWK,IL,AGL,CE,Towers with Display (VFR),0,8,61,0,69,0,0,153,0,153,0,8,214,0,222,158,0,158,380
01/17/2000,PWK,IL,AGL,CE,Towers with Display (VFR),0,11,84,0,95,0,3,78,0,81,0,14,162,0,176,146,0,146,322
01/18/2000,PWK,IL,AGL,CE,Towers with Display (VFR),0,9,91,0,100,0,0,168,0,168,0,9,259,0,268,72,0,72,340
01/19/2000,PWK,IL,AGL,CE,Towers with Display (VFR),0,12,84,0,96,0,0,106,0,106,0,12,190,0,202,116,0,116,318
01/20/2000,PWK,IL,AGL,CE,Towers with Display (VFR),0,8,109,0,117,0,0,227,0,227,0,8,336,0,344,48,0,48,392
01/21/2000,PWK,IL,AGL,CE,Towers with Display (VFR),0,10,114,0,124,0,0,196,0,196,0,10,310,0,320,70,0,70,390
01/22/2000,PWK,IL,AGL,CE,Towers with Display (VFR),0,3,25,0,28,0,1,67,0,68,0,4,92,0,96,86,0,86,182
01/23/2000,PWK,IL,AGL,CE,Towers with Display (VFR),0,6,60,0,66,0,0,190,2,192,0,6,250,2,258,68,0,68,326
01/24/2000,PWK,IL,AGL,CE,Towers with Display (VFR),0,13,93,0,106,0,11,207,0,218,0,24,300,0,324,38,0,38,362
01/25/2000,PWK,IL,AGL,CE,Towers with Display (VFR),0,8,84,0,92,0,0,134,0,134,0,8,218,0,226,82,0,82,308
01/26/2000,PWK,IL,AGL,CE,Towers with Display (VFR),0,19,136,0,155,0,2,214,0,216,0,21,350,0,371,210,0,210,581
01/27/2000,PWK,IL,AGL,CE,Towers with Display (VFR),0,12,107,0,119,0,0,183,0,183,0,12,290,0,302,180,0,180,482
01/28/2000,PWK,IL,AGL,CE,Towers with Display (VFR),0,14,100,0,114,0,6,235,0,241,0,20,335,0,355,168,0,168,523
01/29/2000,PWK,IL,AGL,CE,Towers with Display (VFR),0,6,57,0,63,0,0,271,0,271,0,6,328,0,334,262,0,262,596
01/30/2000,PWK,IL,AGL,CE,Towers with Display (VFR),0,6,37,0,43,0,8,0,0,8,0,14,37,0,51,0,0,0,51
01/31/2000,PWK,IL,AGL,CE,Towers with Display (VFR),0,10,87,0,97,0,0,213,0,213,0,10,300,0,310,174,0,174,484
02/01/2000,PWK,IL,AGL,CE,Towers with Display (VFR),0,13,85,0,98,0,2,221,0,223,0,15,306,0,321,128,0,128,449
02/02/2000,PWK,IL,AGL,CE,Towers with Display (VFR),0,20,124,0,144,0,1,194,0,195,0,21,318,0,339,152,0,152,491
02/03/2000,PWK,IL,AGL,CE,Towers with Display (VFR),0,16,103,0,119,0,0,153,0,153,0,16,256,0,272,130,0,130,402
02/04/2000,PWK,IL,AGL,CE,Towers with Display (VFR),0,17,108,0,125,0,4,226,1,231,0,21,334,1,356,122,0,122,478
02/05/2000,PWK,IL,AGL,CE,Towers with Display (VFR),0,4,47,0,51,0,0,293,0,293,0,4,340,0,344,228,0,228,572
02/06/2000,PWK,IL,AGL,CE,Towers with Display (VFR),0,12,78,0,90,0,4,304,0,308,0,16,382,0,398,266,0,266,664
02/07/2000,PWK,IL,AGL,CE,Towers with Display (VFR),0,4,103,0,107,0,0,188,0,188,0,4,291,0,295,120,0,120,415
02/08/2000,PWK,IL,AGL,CE,Towers with Display (VFR),0,9,112,0,121,0,0,253,0,253,0,9,365,0,374,164,0,164,538
02/09/2000,PWK,IL,AGL,CE,Towers with Display (VFR),0,20,130,0,150,0,3,217,0,220,0,23,347,0,370,102,0,102,472
02/10/2000,PWK,IL,AGL,CE,Towers with Display (VFR),0,12,104,0,116,0,0,42,0,42,0,12,146,0,158,104,0,104,262
02/11/2000,PWK,IL,AGL,CE,Towers with Display (VFR),0,14,102,0,116,0,0,351,0,351,0,14,453,0,467,228,0,228,695
02/12/2000,PWK,IL,AGL,CE,Towers with Display (VFR),0,4,58,0,62,0,0,380,0,380,0,4,438,0,442,180,0,180,622
02/13/2000,PWK,IL,AGL,CE,Towers with Display (VFR),0,7,35,0,42,0,4,0,0,4,0,11,35,0,46,0,0,0,46
02/14/2000,PWK,IL,AGL,CE,Towers with Display (VFR),0,10,74,0,84,0,0,103,0,103,0,10,177,0,187,114,0,114,301
02/15/2000,PWK,IL,AGL,CE,Towers with Display (VFR),0,14,96,0,110,0,3,118,0,121,0,17,214,0,231,240,0,240,471
02/16/2000,PWK,IL,AGL,CE,Towers with Display (VFR),0,16,108,0,124,0,4,237,0,241,0,20,345,0,365,226,0,226,591
02/17/2000,PWK,IL,AGL,CE,Towers with Display (VFR),0,18,124,0,142,0,6,261,0,267,0,24,385,0,409,164,0,164,573
02/18/2000,PWK,IL,AGL,CE,Towers with Display (VFR),0,2,8,0,10,0,3,0,0,3,0,5,8,0,13,0,0,0,13
02/19/2000,PWK,IL,AGL,CE,Towers with Display (VFR),0,10,72,0,82,0,4,146,0,150,0,14,218,0,232,296,0,296,528
02/20/2000,PWK,IL,AGL,CE,Towers with Display (VFR),0,10,73,0,83,0,4,265,0,269,0,14,338,0,352,312,0,312,664
02/21/2000,PWK,IL,AGL,CE,Towers with Display (VFR),0,12,86,0,98,0,7,265,0,272,0,19,351,0,370,224,0,224,594
02/22/2000,PWK,IL,AGL,CE,Towers with Display (VFR),0,12,109,0,121,0,0,231,0,231,0,12,340,0,352,188,0,188,540
02/23/2000,PWK,IL,AGL,CE,Towers with Display (VFR),0,17,119,0,136,0,7,203,0,210,0,24,322,0,346,190,0,190,536
02/24/2000,PWK,IL,AGL,CE,Towers with Display (VFR),0,22,149,0,171,0,2,73,2,77,0,24,222,2,248,48,0,48,296
02/25/2000,PWK,IL,AGL,CE,Towers with Display (VFR),0,11,157,0,168,0,0,12,0,12,0,11,169,0,180,32,0,32,212
02/26/2000,PWK,IL,AGL,CE,Towers with Display (VFR),0,0,44,0,44,0,0,56,0,56,0,0,100,0,100,80,0,80,180
02/27/2000,PWK,IL,AGL,CE,Towers with Display (VFR),0,10,68,0,78,0,3,239,0,242,0,13,307,0,320,180,0,180,500
02/28/2000,PWK,IL,AGL,CE,Towers with Display (VFR),0,11,76,0,87,0,1,303,0,304,0,12,379,0,391,140,0,140,531
02/29/2000,PWK,IL,AGL,CE,Towers with Display (VFR),0,14,95,0,109,0,1,224,0,225,0,15,319,0,334,120,0,120,454
03/01/2000,PWK,IL,AGL,CE,Towers with Display (VFR),0,18,123,0,141,0,2,220,0,222,0,20,343,0,363,122,0,122,485
03/02/2000,PWK,IL,AGL,CE,Towers with Display (VFR),0,13,111,0,124,0,0,264,0,264,0,13,375,0,388,156,0,156,544
03/03/2000,PWK,IL,AGL,CE,Towers with Display (VFR),0,18,124,0,142,0,3,278,0,281,0,21,402,0,423,226,0,226,649
03/04/2000,PWK,IL,AGL,CE,Towers with Display (VFR),0,2,65,0,67,0,0,449,0,449,0,2,514,0,516,172,0,172,688
03/05/2000,PWK,IL,AGL,CE,Towers with Display (VFR),0,12,82,0,94,0,5,449,0,454,0,17,531,0,548,232,0,232,780
03/06/2000,PWK,IL,AGL,CE,Towers with Display (VFR),0,15,103,0,118,0,1,289,0,290,0,16,392,0,408,156,0,156,564
03/07/2000,PWK,IL,AGL,CE,Towers with Display (VFR),0,9,115,0,124,0,0,269,0,269,0,9,384,0,393,134,0,134,527
03/08/2000,PWK,IL,AGL,CE,Towers with Display (VFR),0,18,122,0,140,0,1,197,0,198,0,19,319,0,338,128,0,128,466
03/09/2000,PWK,IL,AGL,CE,Towers with Display (VFR),0,19,126,0,145,0,5,109,0,114,0,24,235,0,259,22,0,22,281
03/10/2000,PWK,IL,AGL,CE,Towers with Display (VFR),0,9,106,0,115,0,0,205,0,205,0,9,311,0,320,244,0,244,564
03/11/2000,PWK,IL,AGL,CE,Towers with Display (VFR),0,9,66,0,75,0,0,287,0,287,0,9,353,0,362,246,2,248,610
03/12/2000,PWK,IL,AGL,CE,Towers with Display (VFR),0,12,82,0,94,0,4,353,1,358,0,16,435,1,452,346,0,346,798
03/13/2000,PWK,IL,AGL,CE,Towers with Display (VFR),0,15,105,0,120,0,1,71,0,72,0,16,176,0,192,98,0,98,290
03/14/2000,PWK,IL,AGL,CE,Towers with Display (VFR),0,17,118,0,135,0,0,288,0,288,0,17,406,0,423,198,0,198,621
03/15/2000,PWK,IL,AGL,CE,Towers with Display (VFR),0,20,140,0,160,0,0,96,0,96,0,20,236,0,256,124,0,124,380
03/16/2000,PWK,IL,AGL,CE,Towers with Display (VFR),0,17,121,0,138,0,5,192,0,197,0,22,313,0,335,142,0,142,477
03/17/2000,PWK,IL,AGL,CE,Towers with Display (VFR),0,16,113,1,130,0,4,280,0,284,0,20,393,1,414,234,0,234,648
03/18/2000,PWK,IL,AGL,CE,Towers with Display (VFR),0,6,60,0,66,0,0,427,0,427,0,6,487,0,493,358,0,358,851
03/19/2000,PWK,IL,AGL,CE,Towers with Display (VFR),0,5,71,0,76,0,0,7,0,7,0,5,78,0,83,20,0,20,103
03/20/2000,PWK,IL,AGL,CE,Towers with Display (VFR),0,7,78,0,85,0,0,23,0,23,0,7,101,0,108,38,0,38,146
03/21/2000,PWK,IL,AGL,CE,Towers with Display (VFR),0,13,94,0,107,0,2,43,1,46,0,15,137,1,153,70,0,70,223
03/22/2000,PWK,IL,AGL,CE,Towers with Display (VFR),0,21,153,0,174,0,5,207,0,212,0,26,360,0,386,168,0,168,554
03/23/2000,PWK,IL,AGL,CE,Towers with Display (VFR),0,22,158,0,180,0,3,285,0,288,0,25,443,0,468,270,0,270,738
03/24/2000,PWK,IL,AGL,CE,Towers with Display (VFR),0,19,137,0,156,0,6,163,0,169,0,25,300,0,325,156,0,156,481
03/25/2000,PWK,IL,AGL,CE,Towers with Display (VFR),0,7,52,0,59,0,1,179,0,180,0,8,231,0,239,54,0,54,293
03/26/2000,PWK,IL,AGL,CE,Towers with Display (VFR),0,8,63,0,71,0,0,286,0,286,0,8,349,0,357,212,0,212,569
03/27/2000,PWK,IL,AGL,CE,Towers with Display (VFR),0,9,71,0,80,0,1,143,0,144,0,10,214,0,224,70,0,70,294
03/28/2000,PWK,IL,AGL,CE,Towers with Display (VFR),0,15,108,0,123,0,4,145,0,149,0,19,253,0,272,94,0,94,366
03/29/2000,PWK,IL,AGL,CE,Towers with Display (VFR),0,11,89,0,100,0,0,267,0,267,0,11,356,0,367,154,0,154,521
03/30/2000,PWK,IL,AGL,CE,Towers with Display (VFR),0,13,97,0,110,0,3,264,0,267,0,16,361,0,377,282,0,282,659
03/31/2000,PWK,IL,AGL,CE,Towers with Display (VFR),0,0,83,0,83,0,0,240,0,240,0,0,323,0,323,286,0,286,609
04/01/2000,PWK,IL,AGL,CE,Towers with Display (VFR),0,16,101,0,117,0,7,275,0,282,0,23,376,0,399,140,0,140,539
04/02/2000,PWK,IL,AGL,CE,Towers with Display (VFR),0,13,121,0,134,0,0,234,0,234,0,13,355,0,368,444,0,444,812
04/03/2000,PWK,IL,AGL,CE,Towers with Display (VFR),0,16,102,0,118,0,5,139,0,144,0,21,241,0,262,134,0,134,396
04/04/2000,PWK,IL,AGL,CE,Towers with Display (VFR),0,18,110,0,128,0,3,191,0,194,0,21,301,0,322,200,0,200,522
04/05/2000,PWK,IL,AGL,CE,Towers with Display (VFR),0,13,104,0,117,0,0,243,0,243,0,13,347,0,360,98,0,98,458
04/06/2000,PWK,IL,AGL,CE,Towers with Display (VFR),0,19,120,0,139,0,4,227,0,231,0,23,347,0,370,268,0,268,638
04/07/2000,PWK,IL,AGL,CE,Towers with Display (VFR),0,11,64,0,75,0,10,18,0,28,0,21,82,0,103,58,0,58,161
04/08/2000,PWK,IL,AGL,CE,Towers with Display (VFR),0,11,65,0,76,0,1,208,0,209,0,12,273,0,285,262,0,262,547
04/09/2000,PWK,IL,AGL,CE,Towers with Display (VFR),0,12,76,0,88,0,6,297,2,305,0,18,373,2,393,194,0,194,587
04/10/2000,PWK,IL,AGL,CE,Towers with Display (VFR),0,13,78,0,91,0,2,134,0,136,0,15,212,0,227,90,0,90,317
04/11/2000,PWK,IL,AGL,CE,Towers with Display (VFR),0,13,114,0,127,0,0,65,0,65,0,13,179,0,192,112,0,112,304
04/12/2000,PWK,IL,AGL,CE,Towers with Display (VFR),0,20,136,0,156,0,3,296,0,299,0,23,432,0,455,140,0,140,595
04/13/2000,PWK,IL,AGL,CE,Towers with Display (VFR),0,13,121,0,134,0,0,316,0,316,0,13,437,0,450,258,0,258,708
04/14/2000,PWK,IL,AGL,CE,Towers with Display (VFR),0,11,93,0,104,0,0,270,0,270,0,11,363,0,374,152,0,152,526
04/15/2000,PWK,IL,AGL,CE,Towers with Display (VFR),0,13,91,0,104,0,0,287,0,287,0,13,378,0,391,208,0,208,599
04/16/2000,PWK,IL,AGL,CE,Towers with Display (VFR),0,14,98,0,112,0,5,2,0,7,0,19,100,0,119,0,0,0,119
04/17/2000,PWK,IL,AGL,CE,Towers with Display (VFR),0,10,107,0,117,0,0,8,0,8,0,10,115,0,125,0,0,0,125
04/18/2000,PWK,IL,AGL,CE,Towers with Display (VFR),0,15,146,0,161,0,0,200,0,200,0,15,346,0,361,266,0,266,627
04/19/2000,PWK,IL,AGL,CE,Towers with Display (VFR),0,15,135,0,150,0,0,5,0,5,0,15,140,0,155,18,0,18,173
04/20/2000,PWK,IL,AGL,CE,Towers with Display (VFR),0,16,110,0,126,0,5,25,0,30,0,21,135,0,156,18,0,18,174
04/21/2000,PWK,IL,AGL,CE,Towers with Display (VFR),0,13,91,0,104,0,0,174,0,174,0,13,265,0,278,56,2,58,336
04/22/2000,PWK,IL,AGL,CE,Towers with Display (VFR),0,7,58,0,65,0,0,475,0,475,0,7,533,0,540,294,0,294,834
04/23/2000,PWK,IL,AGL,CE,Towers with Display (VFR),0,9,61,0,70,0,9,131,0,140,0,18,192,0,210,190,0,190,400
04/24/2000,PWK,IL,AGL,CE,Towers with Display (VFR),0,10,104,0,114,0,0,295,0,295,0,10,399,0,409,318,0,318,727
04/25/2000,PWK,IL,AGL,CE,Towers with Display (VFR),0,20,135,0,155,0,2,376,0,378,0,22,511,0,533,232,0,232,765
04/26/2000,PWK,IL,AGL,CE,Towers with Display (VFR),0,22,145,0,167,0,1,425,2,428,0,23,570,2,595,252,0,252,847
04/27/2000,PWK,IL,AGL,CE,Towers with Display (VFR),0,18,127,0,145,0,0,356,0,356,0,18,483,0,501,152,0,152,653
04/28/2000,PWK,IL,AGL,CE,Towers with Display (VFR),0,17,134,0,151,0,0,377,0,377,0,17,511,0,528,112,0,112,640
04/29/2000,PWK,IL,AGL,CE,Towers with Display (VFR),0,8,73,0,81,0,0,284,0,284,0,8,357,0,365,298,0,298,663
04/30/2000,PWK,IL,AGL,CE,Towers with Display (VFR),0,16,105,0,121,0,2,337,0,339,0,18,442,0,460,254,0,254,714
05/01/2000,PWK,IL,AGL,CE,Towers with Display (VFR),0,13,97,0,110,0,0,158,0,158,0,13,255,0,268,142,0,142,410
05/02/2000,PWK,IL,AGL,CE,Towers with Display (VFR),0,22,128,0,150,0,4,325,0,329,0,26,453,0,479,202,0,202,681
05/03/2000,PWK,IL,AGL,CE,Towers with Display (VFR),0,22,132,0,154,0,4,313,1,318,0,26,445,1,472,208,0,208,680
05/04/2000,PWK,IL,AGL,CE,Towers with Display (VFR),0,20,118,0,138,0,10,254,0,264,0,30,372,0,402,148,0,148,550
05/05/2000,PWK,IL,AGL,CE,Towers with Display (VFR),0,12,114,0,126,0,0,302,0,302,0,12,416,0,428,230,0,230,658
05/06/2000,PWK,IL,AGL,CE,Towers with Display (VFR),0,12,84,0,96,0,0,275,0,275,0,12,359,0,371,162,0,162,533
05/07/2000,PWK,IL,AGL,CE,Towers with Display (VFR),0,11,97,0,108,0,0,195,0,195,0,11,292,0,303,370,0,370,673
05/08/2000,PWK,IL,AGL,CE,Towers with Display (VFR),0,17,97,0,114,0,0,107,0,107,0,17,204,0,221,60,0,60,281
05/09/2000,PWK,IL,AGL,CE,Towers with Display (VFR),0,18,104,0,122,0,2,52,0,54,0,20,156,0,176,52,0,52,228
05/10/2000,PWK,IL,AGL,CE,Towers with Display (VFR),0,26,152,0,178,0,1,280,0,281,0,27,432,0,459,126,0,126,585
05/11/2000,PWK,IL,AGL,CE,Towers with Display (VFR),0,27,162,0,189,0,1,148,0,149,0,28,310,0,338,102,0,102,440
05/12/2000,PWK,IL,AGL,CE,Towers with Display (VFR),0,13,131,0,144,0,0,130,0,130,0,13,261,0,274,148,0,148,422
05/13/2000,PWK,IL,AGL,CE,Towers with Display (VFR),0,9,58,0,67,0,0,173,0,173,0,9,231,0,240,20,4,24,264
05/14/2000,PWK,IL,AGL,CE,Towers with Display (VFR),0,13,91,0,104,0,0,245,0,245,0,13,336,0,349,136,0,136,485
05/15/2000,PWK,IL,AGL,CE,Towers with Display (VFR),0,6,108,0,114,0,0,348,0,348,0,6,456,0,462,230,0,230,692
05/16/2000,PWK,IL,AGL,CE,Towers with Display (VFR),0,14,138,0,152,0,0,252,1,253,0,14,390,1,405,210,0,210,615
05/17/2000,PWK,IL,AGL,CE,Towers with Display (VFR),0,22,138,0,160,0,0,133,0,133,0,22,271,0,293,148,0,148,441
05/18/2000,PWK,IL,AGL,CE,Towers with Display (VFR),0,17,102,0,119,0,3,0,0,3,0,20,102,0,122,0,0,0,122
05/19/2000,PWK,IL,AGL,CE,Towers with Display (VFR),0,27,177,0,204,0,0,146,0,146,0,27,323,0,350,90,0,90,440
05/20/2000,PWK,IL,AGL,CE,Towers with Display (VFR),0,12,75,0,87,0,0,401,0,401,0,12,476,0,488,292,0,292,780
05/21/2000,PWK,IL,AGL,CE,Towers with Display (VFR),0,20,128,0,148,0,0,388,0,388,0,20,516,0,536,348,0,348,884
05/22/2000,PWK,IL,AGL,CE,Towers with Display (VFR),0,13,114,0,127,0,0,236,0,236,0,13,350,0,363,288,0,288,651
05/23/2000,PWK,IL,AGL,CE,Towers with Display (VFR),0,12,133,0,145,0,0,338,0,338,0,12,471,0,483,234,0,234,717
05/24/2000,PWK,IL,AGL,CE,Towers with Display (VFR),0,17,109,0,126,0,10,211,0,221,0,27,320,0,347,66,0,66,413
05/25/2000,PWK,IL,AGL,CE,Towers with Display (VFR),0,23,165,0,188,0,0,317,0,317,0,23,482,0,505,192,0,192,697
05/26/2000,PWK,IL,AGL,CE,Towers with Display (VFR),0,20,128,0,148,0,6,313,0,319,0,26,441,0,467,238,0,238,705
05/27/2000,PWK,IL,AGL,CE,Towers with Display (VFR),0,12,75,0,87,0,7,0,0,7,0,19,75,0,94,0,0,0,94
05/28/2000,PWK,IL,AGL,CE,Towers with Display (VFR),0,7,45,0,52,0,0,2,0,2,0,7,47,0,54,0,0,0,54
05/29/2000,PWK,IL,AGL,CE,Towers with Display (VFR),0,17,104,0,121,0,1,417,0,418,0,18,521,0,539,166,0,166,705
05/30/2000,PWK,IL,AGL,CE,Towers with Display (VFR),0,17,106,0,123,0,13,174,0,187,0,30,280,0,310,188,0,188,498
05/31/2000,PWK,IL,AGL,CE,Towers with Display (VFR),0,16,104,0,120,0,10,23,0,33,0,26,127,0,153,74,0,74,227
06/01/2000,PWK,IL,AGL,CE,Towers with Display (VFR),0,23,148,0,171,0,2,225,0,227,0,25,373,0,398,186,0,186,584
06/02/2000,PWK,IL,AGL,CE,Towers with Display (VFR),0,16,129,0,145,0,0,280,0,280,0,16,409,0,425,198,0,198,623
06/03/2000,PWK,IL,AGL,CE,Towers with Display (VFR),0,6,76,0,82,0,0,432,0,432,0,6,508,0,514,202,0,202,716
06/04/2000,PWK,IL,AGL,CE,Towers with Display (VFR),0,12,89,0,101,0,0,202,0,202,0,12,291,0,303,218,0,218,521
06/05/2000,PWK,IL,AGL,CE,Towers with Display (VFR),0,15,114,0,129,0,0,174,0,174,0,15,288,0,303,134,0,134,437
06/06/2000,PWK,IL,AGL,CE,Towers with Display (VFR),0,13,141,0,154,0,0,395,0,395,0,13,536,0,549,324,0,324,873
06/07/2000,PWK,IL,AGL,CE,Towers with Display (VFR),0,15,133,0,148,0,0,285,0,285,0,15,418,0,433,168,0,168,601
06/08/2000,PWK,IL,AGL,CE,Towers with Display (VFR),0,21,133,0,154,0,0,333,0,333,0,21,466,0,487,162,0,162,649
06/09/2000,PWK,IL,AGL,CE,Towers with Display (VFR),0,15,125,0,140,0,0,288,0,288,0,15,413,0,428,102,0,102,530
06/10/2000,PWK,IL,AGL,CE,Towers with Display (VFR),0,9,78,0,87,0,0,262,0,262,0,9,340,0,349,106,0,106,455
06/11/2000,PWK,IL,AGL,CE,Towers with Display (VFR),0,22,142,0,164,0,0,83,0,83,0,22,225,0,247,38,0,38,285
06/12/2000,PWK,IL,AGL,CE,Towers with Display (VFR),0,15,106,0,121,0,0,1,0,1,0,15,107,0,122,0,0,0,122
06/13/2000,PWK,IL,AGL,CE,Towers with Display (VFR),0,18,121,0,139,0,0,117,0,117,0,18,238,0,256,160,0,160,416
06/14/2000,PWK,IL,AGL,CE,Towers with Display (VFR),0,22,144,0,166,0,2,175,0,177,0,24,319,0,343,86,0,86,429
06/15/2000,PWK,IL,AGL,CE,Towers with Display (VFR),0,25,166,0,191,0,13,367,0,380,0,38,533,0,571,164,0,164,735
06/16/2000,PWK,IL,AGL,CE,Towers with Display (VFR),0,13,145,0,158,0,0,252,0,252,0,13,397,0,410,212,0,212,622
06/17/2000,PWK,IL,AGL,CE,Towers with Display (VFR),0,8,88,0,96,0,0,440,0,440,0,8,528,0,536,220,0,220,756
06/18/2000,PWK,IL,AGL,CE,Towers with Display (VFR),0,7,93,0,100,0,0,350,0,350,0,7,443,0,450,186,0,186,636
06/19/2000,PWK,IL,AGL,CE,Towers with Display (VFR),0,18,124,0,142,0,6,342,0,348,0,24,466,0,490,258,0,258,748
06/20/2000,PWK,IL,AGL,CE,Towers with Display (VFR),0,19,134,0,153,0,8,36,0,44,0,27,170,0,197,2,0,2,199
06/21/2000,PWK,IL,AGL,CE,Towers with Display (VFR),0,17,121,0,138,0,16,235,0,251,0,33,356,0,389,106,0,106,495
06/22/2000,PWK,IL,AGL,CE,Towers with Display (VFR),0,24,165,0,189,0,5,354,0,359,0,29,519,0,548,194,0,194,742
06/23/2000,PWK,IL,AGL,CE,Towers with Display (VFR),0,22,149,0,171,0,5,407,0,412,0,27,556,0,583,248,0,248,831
06/24/2000,PWK,IL,AGL,CE,Towers with Display (VFR),0,11,87,0,98,0,0,114,0,114,0,11,201,0,212,222,0,222,434
06/25/2000,PWK,IL,AGL,CE,Towers with Display (VFR),0,14,101,0,115,0,4,283,0,287,0,18,384,0,402,226,0,226,628
06/26/2000,PWK,IL,AGL,CE,Towers with Display (VFR),0,19,134,0,153,0,0,341,0,341,0,19,475,0,494,292,0,292,786
06/27/2000,PWK,IL,AGL,CE,Towers with Display (VFR),0,20,138,0,158,0,9,420,0,429,0,29,558,0,587,284,0,284,871
06/28/2000,PWK,IL,AGL,CE,Towers with Display (VFR),0,11,163,0,174,0,0,267,0,267,0,11,430,0,441,194,0,194,635
06/29/2000,PWK,IL,AGL,CE,Towers with Display (VFR),0,18,133,0,151,0,0,426,0,426,0,18,559,0,577,306,0,306,883
06/30/2000,PWK,IL,AGL,CE,Towers with Display (VFR),0,20,139,0,159,0,6,301,0,307,0,26,440,0,466,142,0,142,608
07/01/2000,PWK,IL,AGL,CE,Towers with Display (VFR),0,10,70,0,80,0,4,391,0,395,0,14,461,0,475,234,0,234,709
07/02/2000,PWK,IL,AGL,CE,Towers with Display (VFR),0,6,64,0,70,0,0,219,0,219,0,6,283,0,289,252,0,252,541
07/03/2000,PWK,IL,AGL,CE,Towers with Display (VFR),0,7,66,0,73,0,0,27,0,27,0,7,93,0,100,44,0,44,144
07/04/2000,PWK,IL,AGL,CE,Towers with Display (VFR),0,8,62,0,70,0,0,131,0,131,0,8,193,0,201,104,0,104,305
07/05/2000,PWK,IL,AGL,CE,Towers with Display (VFR),0,20,137,0,157,0,7,263,0,270,0,27,400,0,427,168,0,168,595
07/06/2000,PWK,IL,AGL,CE,Towers with Display (VFR),0,12,145,0,157,0,0,262,0,262,0,12,407,0,419,294,0,294,713
07/07/2000,PWK,IL,AGL,CE,Towers with Display (VFR),0,18,124,0,142,0,5,299,0,304,0,23,423,0,446,180,0,180,626
07/08/2000,PWK,IL,AGL,CE,Towers with Display (VFR),0,11,71,0,82,0,0,300,0,300,0,11,371,0,382,248,0,248,630
07/09/2000,PWK,IL,AGL,CE,Towers with Display (VFR),0,14,95,0,109,0,1,266,0,267,0,15,361,0,376,328,0,328,704
07/10/2000,PWK,IL,AGL,CE,Towers with Display (VFR),0,17,138,0,155,0,0,127,0,127,0,17,265,0,282,164,0,164,446
07/11/2000,PWK,IL,AGL,CE,Towers with Display (VFR),0,24,177,0,201,0,0,98,0,98,0,24,275,0,299,100,0,100,399
07/12/2000,PWK,IL,AGL,CE,Towers with Display (VFR),0,9,128,0,137,0,0,361,0,361,0,9,489,0,498,152,0,152,650
07/13/2000,PWK,IL,AGL,CE,Towers with Display (VFR),0,11,127,0,138,0,0,391,0,391,0,11,518,0,529,162,0,162,691
07/14/2000,PWK,IL,AGL,CE,Towers with Display (VFR),0,18,133,0,151,0,2,323,0,325,0,20,456,0,476,166,0,166,642
07/15/2000,PWK,IL,AGL,CE,Towers with Display (VFR),0,12,86,0,98,0,1,405,1,407,0,13,491,1,505,224,0,224,729
07/16/2000,PWK,IL,AGL,CE,Towers with Display (VFR),0,13,106,0,119,0,0,474,0,474,0,13,580,0,593,230,0,230,823
07/17/2000,PWK,IL,AGL,CE,Towers with Display (VFR),0,17,123,0,140,0,5,326,0,331,0,22,449,0,471,262,0,262,733
07/18/2000,PWK,IL,AGL,CE,Towers with Display (VFR),0,13,136,0,149,0,0,324,0,324,0,13,460,0,473,260,0,260,733
07/19/2000,PWK,IL,AGL,CE,Towers with Display (VFR),0,16,136,0,152,0,0,308,0,308,0,16,444,0,460,196,0,196,656
07/20/2000,PWK,IL,AGL,CE,Towers with Display (VFR),0,19,141,0,160,0,5,256,0,261,0,24,397,0,421,220,0,220,641
07/21/2000,PWK,IL,AGL,CE,Towers with Display (VFR),0,17,122,0,139,0,6,294,0,300,0,23,416,0,439,206,0,206,645
07/22/2000,PWK,IL,AGL,CE,Towers with Display (VFR),0,0,44,0,44,0,0,248,0,248,0,0,292,0,292,110,0,110,402
07/23/2000,PWK,IL,AGL,CE,Towers with Display (VFR),0,6,57,0,63,0,0,311,0,311,0,6,368,0,374,70,0,70,444
07/24/2000,PWK,IL,AGL,CE,Towers with Display (VFR),0,11,107,0,118,0,0,294,0,294,0,11,401,0,412,178,0,178,590
07/25/2000,PWK,IL,AGL,CE,Towers with Display (VFR),0,17,126,0,143,0,5,267,0,272,0,22,393,0,415,142,0,142,557
07/26/2000,PWK,IL,AGL,CE,Towers with Display (VFR),0,18,129,0,147,0,8,266,0,274,0,26,395,0,421,130,0,130,551
07/27/2000,PWK,IL,AGL,CE,Towers with Display (VFR),0,16,115,0,131,0,0,242,0,242,0,16,357,0,373,126,0,126,499
07/28/2000,PWK,IL,AGL,CE,Towers with Display (VFR),0,21,155,0,176,0,1,212,2,215,0,22,367,2,391,50,0,50,441
07/29/2000,PWK,IL,AGL,CE,Towers with Display (VFR),0,15,113,0,128,0,6,75,1,82,0,21,188,1,210,220,0,220,430
07/30/2000,PWK,IL,AGL,CE,Towers with Display (VFR),0,14,102,0,116,0,5,7,0,12,0,19,109,0,128,0,0,0,128
07/31/2000,PWK,IL,AGL,CE,Towers with Display (VFR),0,9,106,0,115,0,0,18,0,18,0,9,124,0,133,34,0,34,167
08/01/2000,PWK,IL,AGL,CE,Towers with Display (VFR),0,19,146,0,165,0,0,247,0,247,0,19,393,0,412,264,0,264,676
08/02/2000,PWK,IL,AGL,CE,Towers with Display (VFR),0,19,120,0,139,0,5,305,0,310,0,24,425,0,449,266,0,266,715
08/03/2000,PWK,IL,AGL,CE,Towers with Display (VFR),0,17,112,0,129,0,1,331,0,332,0,18,443,0,461,198,0,198,659
08/04/2000,PWK,IL,AGL,CE,Towers with Display (VFR),0,20,134,0,154,0,1,357,0,358,0,21,491,0,512,250,0,250,762
08/05/2000,PWK,IL,AGL,CE,Towers with Display (VFR),0,9,54,0,63,0,8,185,0,193,0,17,239,0,256,152,0,152,408
08/06/2000,PWK,IL,AGL,CE,Towers with Display (VFR),0,15,95,0,110,0,6,166,0,172,0,21,261,0,282,122,0,122,404
08/07/2000,PWK,IL,AGL,CE,Towers with Display (VFR),0,20,133,0,153,0,7,319,0,326,0,27,452,0,479,196,0,196,675
08/08/2000,PWK,IL,AGL,CE,Towers with Display (VFR),0,19,123,0,142,0,10,251,0,261,0,29,374,0,403,164,0,164,567
08/09/2000,PWK,IL,AGL,CE,Towers with Display (VFR),0,20,134,0,154,0,2,325,2,329,0,22,459,2,483,140,0,140,623
08/10/2000,PWK,IL,AGL,CE,Towers with Display (VFR),0,22,188,0,210,0,0,342,0,342,0,22,530,0,552,124,0,124,676
08/11/2000,PWK,IL,AGL,CE,Towers with Display (VFR),0,20,129,0,149,0,7,334,0,341,0,27,463,0,490,140,0,140,630
08/12/2000,PWK,IL,AGL,CE,Towers with Display (VFR),0,3,68,0,71,0,0,407,0,407,0,3,475,0,478,204,0,204,682
08/13/2000,PWK,IL,AGL,CE,Towers with Display (VFR),0,20,134,1,155,0,7,266,0,273,0,27,400,1,428,272,0,272,700
08/14/2000,PWK,IL,AGL,CE,Towers with Display (VFR),0,16,121,0,137,0,0,266,0,266,0,16,387,0,403,258,0,258,661
08/15/2000,PWK,IL,AGL,CE,Towers with Display (VFR),0,17,124,0,141,0,0,357,0,357,0,17,481,0,498,280,0,280,778
08/16/2000,PWK,IL,AGL,CE,Towers with Display (VFR),0,15,108,0,123,0,0,379,0,379,0,15,487,0,502,204,0,204,706
08/17/2000,PWK,IL,AGL,CE,Towers with Display (VFR),0,19,134,0,153,0,2,140,0,142,0,21,274,0,295,144,0,144,439
08/18/2000,PWK,IL,AGL,CE,Towers with Display (VFR),0,16,146,0,162,0,0,354,0,354,0,16,500,0,516,100,0,100,616
08/19/2000,PWK,IL,AGL,CE,Towers with Display (VFR),0,13,95,0,108,0,7,377,0,384,0,20,472,0,492,204,0,204,696
08/20/2000,PWK,IL,AGL,CE,Towers with Display (VFR),0,18,122,0,140,0,2,355,0,357,0,20,477,0,497,168,0,168,665
08/21/2000,PWK,IL,AGL,CE,Towers with Display (VFR),0,11,107,0,118,0,0,276,0,276,0,11,383,0,394,94,0,94,488
08/22/2000,PWK,IL,AGL,CE,Towers with Display (VFR),0,16,114,0,130,0,3,200,0,203,0,19,314,0,333,198,0,198,531
08/23/2000,PWK,IL,AGL,CE,Towers with Display (VFR),0,23,155,0,178,0,0,127,0,127,0,23,282,0,305,138,0,138,443
08/24/2000,PWK,IL,AGL,CE,Towers with Display (VFR),0,21,145,0,166,0,10,307,0,317,0,31,452,0,483,150,0,150,633
08/25/2000,PWK,IL,AGL,CE,Towers with Display (VFR),0,12,142,0,154,0,0,292,0,292,0,12,434,0,446,70,0,70,516
08/26/2000,PWK,IL,AGL,CE,Towers with Display (VFR),0,6,65,0,71,0,0,172,0,172,0,6,237,0,243,358,0,358,601
08/27/2000,PWK,IL,AGL,CE,Towers with Display (VFR),0,16,122,0,138,0,0,268,1,269,0,16,390,1,407,136,0,136,543
08/28/2000,PWK,IL,AGL,CE,Towers with Display (VFR),0,14,181,0,195,0,0,211,0,211,0,14,392,0,406,160,0,160,566
08/29/2000,PWK,IL,AGL,CE,Towers with Display (VFR),0,16,189,0,205,0,0,99,0,99,0,16,288,0,304,100,0,100,404
08/30/2000,PWK,IL,AGL,CE,Towers with Display (VFR),0,24,169,0,193,0,11,10,0,21,0,35,179,0,214,4,0,4,218
08/31/2000,PWK,IL,AGL,CE,Towers with Display (VFR),0,14,151,0,165,0,0,306,0,306,0,14,457,0,471,246,0,246,717
09/01/2000,PWK,IL,AGL,CE,Towers with Display (VFR),0,18,123,0,141,0,0,325,0,325,0,18,448,0,466,206,0,206,672
09/02/2000,PWK,IL,AGL,CE,Towers with Display (VFR),0,6,69,0,75,0,0,210,0,210,0,6,279,0,285,164,0,164,449
09/03/2000,PWK,IL,AGL,CE,Towers with Display (VFR),0,9,65,0,74,0,0,198,0,198,0,9,263,0,272,250,0,250,522
09/04/2000,PWK,IL,AGL,CE,Towers with Display (VFR),0,18,118,0,136,0,0,136,0,136,0,18,254,0,272,132,0,132,404
09/05/2000,PWK,IL,AGL,CE,Towers with Display (VFR),0,17,103,0,120,0,0,319,0,319,0,17,422,0,439,136,0,136,575
09/06/2000,PWK,IL,AGL,CE,Towers with Display (VFR),0,20,128,0,148,0,0,339,0,339,0,20,467,0,487,230,2,232,719
09/07/2000,PWK,IL,AGL,CE,Towers with Display (VFR),0,22,125,0,147,0,2,314,0,316,0,24,439,0,463,242,0,242,705
09/08/2000,PWK,IL,AGL,CE,Towers with Display (VFR),0,25,146,0,171,0,2,133,1,136,0,27,279,1,307,156,0,156,463
09/09/2000,PWK,IL,AGL,CE,Towers with Display (VFR),0,12,102,0,114,0,0,545,1,546,0,12,647,1,660,72,0,72,732
09/10/2000,PWK,IL,AGL,CE,Towers with Display (VFR),0,14,89,0,103,0,2,198,0,200,0,16,287,0,303,230,0,230,533
09/11/2000,PWK,IL,AGL,CE,Towers with Display (VFR),0,17,114,0,131,0,0,64,0,64,0,17,178,0,195,66,0,66,261
09/12/2000,PWK,IL,AGL,CE,Towers with Display (VFR),0,27,167,1,195,0,3,383,1,387,0,30,550,2,582,230,0,230,812
09/13/2000,PWK,IL,AGL,CE,Towers with Display (VFR),0,22,135,0,157,0,5,361,0,366,0,27,496,0,523,226,0,226,749
09/14/2000,PWK,IL,AGL,CE,Towers with Display (VFR),0,22,136,0,158,0,0,238,0,238,0,22,374,0,396,222,0,222,618
09/15/2000,PWK,IL,AGL,CE,Towers with Display (VFR),0,22,133,1,156,0,3,296,3,302,0,25,429,4,458,182,0,182,640
09/16/2000,PWK,IL,AGL,CE,Towers with Display (VFR),0,9,73,0,82,0,0,552,0,552,0,9,625,0,634,210,0,210,844
09/17/2000,PWK,IL,AGL,CE,Towers with Display (VFR),0,12,78,0,90,0,2,357,0,359,0,14,435,0,449,248,0,248,697
09/18/2000,PWK,IL,AGL,CE,Towers with Display (VFR),0,15,130,0,145,0,0,274,0,274,0,15,404,0,419,78,0,78,497
09/19/2000,PWK,IL,AGL,CE,Towers with Display (VFR),0,12,100,0,112,0,0,169,0,169,0,12,269,0,281,276,0,276,557
09/20/2000,PWK,IL,AGL,CE,Towers with Display (VFR),0,24,146,0,170,0,0,123,0,123,0,24,269,0,293,160,0,160,453
09/21/2000,PWK,IL,AGL,CE,Towers with Display (VFR),0,20,137,0,157,0,0,343,0,343,0,20,480,0,500,200,0,200,700
09/22/2000,PWK,IL,AGL,CE,Towers with Display (VFR),0,11,108,0,119,0,0,125,0,125,0,11,233,0,244,46,0,46,290
09/23/2000,PWK,IL,AGL,CE,Towers with Display (VFR),0,12,78,0,90,0,0,36,0,36,0,12,114,0,126,30,0,30,156
09/24/2000,PWK,IL,AGL,CE,Towers with Display (VFR),0,11,91,0,102,0,0,166,0,166,0,11,257,0,268,226,0,226,494
09/25/2000,PWK,IL,AGL,CE,Towers with Display (VFR),0,19,115,0,134,0,2,230,0,232,0,21,345,0,366,186,0,186,552
09/26/2000,PWK,IL,AGL,CE,Towers with Display (VFR),0,23,143,0,166,0,9,354,0,363,0,32,497,0,529,146,0,146,675
09/27/2000,PWK,IL,AGL,CE,Towers with Display (VFR),0,26,159,0,185,0,10,245,0,255,0,36,404,0,440,122,0,122,562
09/28/2000,PWK,IL,AGL,CE,Towers with Display (VFR),0,27,165,0,192,0,3,322,1,326,0,30,487,1,518,88,0,88,606
09/29/2000,PWK,IL,AGL,CE,Towers with Display (VFR),0,20,125,0,145,0,8,342,0,350,0,28,467,0,495,140,0,140,635
09/30/2000,PWK,IL,AGL,CE,Towers with Display (VFR),0,10,65,0,75,0,1,295,0,296,0,11,360,0,371,216,0,216,587
10/01/2000,PWK,IL,AGL,CE,Towers with Display (VFR),0,15,86,0,101,0,4,288,0,292,0,19,374,0,393,164,0,164,557
10/02/2000,PWK,IL,AGL,CE,Towers with Display (VFR),0,11,92,0,103,0,0,197,0,197,0,11,289,0,300,202,0,202,502
10/03/2000,PWK,IL,AGL,CE,Towers with Display (VFR),0,21,125,0,146,0,0,237,0,237,0,21,362,0,383,124,0,124,507
10/04/2000,PWK,IL,AGL,CE,Towers with Display (VFR),0,20,123,0,143,0,0,268,2,270,0,20,391,2,413,110,0,110,523
10/05/2000,PWK,IL,AGL,CE,Towers with Display (VFR),0,24,135,0,159,0,1,131,0,132,0,25,266,0,291,102,0,102,393
10/06/2000,PWK,IL,AGL,CE,Towers with Display (VFR),0,22,120,0,142,0,4,162,0,166,0,26,282,0,308,84,0,84,392
10/07/2000,PWK,IL,AGL,CE,Towers with Display (VFR),0,6,60,0,66,0,0,330,0,330,0,6,390,0,396,194,0,194,590
10/08/2000,PWK,IL,AGL,CE,Towers with Display (VFR),0,10,57,0,67,0,3,240,0,243,0,13,297,0,310,158,0,158,468
10/09/2000,PWK,IL,AGL,CE,Towers with Display (VFR),0,16,90,0,106,0,6,318,0,324,0,22,408,0,430,164,0,164,594
10/10/2000,PWK,IL,AGL,CE,Towers with Display (VFR),0,24,135,0,159,0,7,385,0,392,0,31,520,0,551,164,0,164,715
10/11/2000,PWK,IL,AGL,CE,Towers with Display (VFR),0,19,116,0,135,0,0,336,0,336,0,19,452,0,471,242,0,242,713
10/12/2000,PWK,IL,AGL,CE,Towers with Display (VFR),0,18,156,0,174,0,0,420,0,420,0,18,576,0,594,270,0,270,864
10/13/2000,PWK,IL,AGL,CE,Towers with Display (VFR),0,16,111,0,127,0,0,252,0,252,0,16,363,0,379,138,0,138,517
10/14/2000,PWK,IL,AGL,CE,Towers with Display (VFR),0,4,69,0,73,0,0,346,0,346,0,4,415,0,419,190,0,190,609
10/15/2000,PWK,IL,AGL,CE,Towers with Display (VFR),0,18,105,0,123,0,1,69,0,70,0,19,174,0,193,114,0,114,307
10/16/2000,PWK,IL,AGL,CE,Towers with Display (VFR),0,24,141,0,165,0,2,162,0,164,0,26,303,0,329,172,0,172,501
10/17/2000,PWK,IL,AGL,CE,Towers with Display (VFR),0,15,120,0,135,0,0,270,0,270,0,15,390,0,405,208,0,208,613
10/18/2000,PWK,IL,AGL,CE,Towers with Display (VFR),0,23,136,0,159,0,2,371,0,373,0,25,507,0,532,170,0,170,702
10/19/2000,PWK,IL,AGL,CE,Towers with Display (VFR),0,23,137,0,160,0,9,351,0,360,0,32,488,0,520,200,0,200,720
10/20/2000,PWK,IL,AGL,CE,Towers with Display (VFR),0,21,127,0,148,0,4,316,0,320,0,25,443,0,468,138,0,138,606
10/21/2000,PWK,IL,AGL,CE,Towers with Display (VFR),0,9,66,0,75,0,0,401,0,401,0,9,467,0,476,212,0,212,688
10/22/2000,PWK,IL,AGL,CE,Towers with Display (VFR),0,19,114,0,133,0,1,322,1,324,0,20,436,1,457,96,0,96,553
10/23/2000,PWK,IL,AGL,CE,Towers with Display (VFR),0,21,150,0,171,0,0,2,2,4,0,21,152,2,175,0,0,0,175
10/24/2000,PWK,IL,AGL,CE,Towers with Display (VFR),0,25,157,0,182,0,0,6,0,6,0,25,163,0,188,8,0,8,196
10/25/2000,PWK,IL,AGL,CE,Towers with Display (VFR),0,24,148,0,172,0,0,75,0,75,0,24,223,0,247,88,0,88,335
10/26/2000,PWK,IL,AGL,CE,Towers with Display (VFR),0,25,145,0,170,0,2,167,0,169,0,27,312,0,339,132,0,132,471
10/27/2000,PWK,IL,AGL,CE,Towers with Display (VFR),0,26,156,0,182,0,4,191,0,195,0,30,347,0,377,122,0,122,499
10/28/2000,PWK,IL,AGL,CE,Towers with Display (VFR),0,12,79,0,91,0,0,213,0,213,0,12,292,0,304,190,0,190,494
10/29/2000,PWK,IL,AGL,CE,Towers with Display (VFR),0,16,94,0,110,0,5,378,0,383,0,21,472,0,493,158,0,158,651
10/30/2000,PWK,IL,AGL,CE,Towers with Display (VFR),0,15,91,0,106,0,3,237,0,240,0,18,328,0,346,208,0,208,554
10/31/2000,PWK,IL,AGL,CE,Towers with Display (VFR),0,15,99,0,114,0,0,205,0,205,0,15,304,0,319,168,0,168,487
11/01/2000,PWK,IL,AGL,CE,Towers with Display (VFR),0,18,110,0,128,0,0,263,0,263,0,18,373,0,391,222,0,222,613
11/02/2000,PWK,IL,AGL,CE,Towers with Display (VFR),0,26,129,0,155,0,0,204,0,204,0,26,333,0,359,110,0,110,469
11/03/2000,PWK,IL,AGL,CE,Towers with Display (VFR),0,18,102,0,120,0,0,258,1,259,0,18,360,1,379,100,0,100,479
11/04/2000,PWK,IL,AGL,CE,Towers with Display (VFR),0,12,68,0,80,0,0,379,0,379,0,12,447,0,459,266,0,266,725
11/05/2000,PWK,IL,AGL,CE,Towers with Display (VFR),0,18,94,0,112,0,0,341,0,341,0,18,435,0,453,160,0,160,613
11/06/2000,PWK,IL,AGL,CE,Towers with Display (VFR),0,10,75,0,85,0,0,76,0,76,0,10,151,0,161,76,0,76,237
11/07/2000,PWK,IL,AGL,CE,Towers with Display (VFR),0,13,101,0,114,0,0,192,0,192,0,13,293,0,306,140,0,140,446
11/08/2000,PWK,IL,AGL,CE,Towers with Display (VFR),0,16,139,0,155,0,0,299,0,299,0,16,438,0,454,150,0,150,604
11/09/2000,PWK,IL,AGL,CE,Towers with Display (VFR),0,20,109,0,129,0,0,2,0,2,0,20,111,0,131,0,0,0,131
11/10/2000,PWK,IL,AGL,CE,Towers with Display (VFR),0,15,112,0,127,0,0,261,1,262,0,15,373,1,389,174,0,174,563
11/11/2000,PWK,IL,AGL,CE,Towers with Display (VFR),0,5,78,0,83,0,0,375,0,375,0,5,453,0,458,224,0,224,682
11/12/2000,PWK,IL,AGL,CE,Towers with Display (VFR),0,13,65,0,78,0,6,250,0,256,0,19,315,0,334,334,0,334,668
11/13/2000,PWK,IL,AGL,CE,Towers with Display (VFR),0,14,103,0,117,0,0,123,0,123,0,14,226,0,240,162,0,162,402
11/14/2000,PWK,IL,AGL,CE,Towers with Display (VFR),0,22,117,0,139,0,2,112,0,114,0,24,229,0,253,56,0,56,309
11/15/2000,PWK,IL,AGL,CE,Towers with Display (VFR),0,24,126,0,150,0,4,351,0,355,0,28,477,0,505,158,0,158,663
11/16/2000,PWK,IL,AGL,CE,Towers with Display (VFR),0,22,117,0,139,0,5,29,0,34,0,27,146,0,173,0,0,0,173
11/17/2000,PWK,IL,AGL,CE,Towers with Display (VFR),0,25,135,0,160,0,12,194,0,206,0,37,329,0,366,120,0,120,486
11/18/2000,PWK,IL,AGL,CE,Towers with Display (VFR),0,9,56,0,65,0,0,240,0,240,0,9,296,0,305,206,0,206,511
11/19/2000,PWK,IL,AGL,CE,Towers with Display (VFR),0,6,37,0,43,0,4,191,0,195,0,10,228,0,238,136,0,136,374
11/20/2000,PWK,IL,AGL,CE,Towers with Display (VFR),0,16,86,0,102,0,1,81,0,82,0,17,167,0,184,56,0,56,240
11/21/2000,PWK,IL,AGL,CE,Towers with Display (VFR),0,26,141,0,167,0,13,310,0,323,0,39,451,0,490,88,0,88,578
11/22/2000,PWK,IL,AGL,CE,Towers with Display (VFR),0,21,114,0,135,0,18,268,0,286,0,39,382,0,421,80,0,80,501
11/23/2000,PWK,IL,AGL,CE,Towers with Display (VFR),0,5,31,0,36,0,8,140,0,148,0,13,171,0,184,74,0,74,258
11/24/2000,PWK,IL,AGL,CE,Towers with Display (VFR),0,10,56,0,66,0,0,318,0,318,0,10,374,0,384,148,0,148,532
11/25/2000,PWK,IL,AGL,CE,Towers with Display (VFR),0,11,69,0,80,0,0,183,0,183,0,11,252,0,263,202,0,202,465
11/26/2000,PWK,IL,AGL,CE,Towers with Display (VFR),0,18,92,0,110,0,4,0,0,4,0,22,92,0,114,0,0,0,114
11/27/2000,PWK,IL,AGL,CE,Towers with Display (VFR),0,27,139,0,166,0,4,0,0,4,0,31,139,0,170,0,0,0,170
11/28/2000,PWK,IL,AGL,CE,Towers with Display (VFR),0,22,122,0,144,0,0,250,0,250,0,22,372,0,394,282,0,282,676
11/29/2000,PWK,IL,AGL,CE,Towers with Display (VFR),0,10,107,0,117,0,0,45,0,45,0,10,152,0,162,4,0,4,166
11/30/2000,PWK,IL,AGL,CE,Towers with Display (VFR),0,20,109,0,129,0,1,86,0,87,0,21,195,0,216,176,0,176,392
12/01/2000,PWK,IL,AGL,CE,Towers with Display (VFR),0,16,89,0,105,0,0,142,0,142,0,16,231,0,247,130,0,130,377
12/02/2000,PWK,IL,AGL,CE,Towers with Display (VFR),0,9,43,0,52,0,0,271,0,271,0,9,314,0,323,184,0,184,507
12/03/2000,PWK,IL,AGL,CE,Towers with Display (VFR),0,13,71,0,84,0,0,386,0,386,0,13,457,0,470,132,0,132,602
12/04/2000,PWK,IL,AGL,CE,Towers with Display (VFR),0,16,79,0,95,0,0,203,0,203,0,16,282,0,298,188,0,188,486
12/05/2000,PWK,IL,AGL,CE,Towers with Display (VFR),0,22,120,0,142,0,0,278,0,278,0,22,398,0,420,88,0,88,508
12/06/2000,PWK,IL,AGL,CE,Towers with Display (VFR),0,13,119,0,132,0,0,159,0,159,0,13,278,0,291,80,0,80,371
12/07/2000,PWK,IL,AGL,CE,Towers with Display (VFR),0,14,82,0,96,0,0,2,0,2,0,14,84,0,98,0,0,0,98
12/08/2000,PWK,IL,AGL,CE,Towers with Display (VFR),0,18,91,0,109,0,2,226,0,228,0,20,317,0,337,100,0,100,437
12/09/2000,PWK,IL,AGL,CE,Towers with Display (VFR),0,8,39,0,47,0,3,250,0,253,0,11,289,0,300,72,0,72,372
12/10/2000,PWK,IL,AGL,CE,Towers with Display (VFR),0,10,49,0,59,0,0,64,0,64,0,10,113,0,123,144,0,144,267
12/11/2000,PWK,IL,AGL,CE,Towers with Display (VFR),0,5,17,0,22,0,3,0,0,3,0,8,17,0,25,0,0,0,25
12/12/2000,PWK,IL,AGL,CE,Towers with Display (VFR),0,10,64,0,74,0,0,85,0,85,0,10,149,0,159,0,0,0,159
12/13/2000,PWK,IL,AGL,CE,Towers with Display (VFR),0,17,94,0,111,0,0,47,0,47,0,17,141,0,158,2,0,2,160
12/14/2000,PWK,IL,AGL,CE,Towers with Display (VFR),0,18,118,0,136,0,0,162,0,162,0,18,280,0,298,68,0,68,366
12/15/2000,PWK,IL,AGL,CE,Towers with Display (VFR),0,16,113,0,129,0,0,37,0,37,0,16,150,0,166,28,0,28,194
12/16/2000,PWK,IL,AGL,CE,Towers with Display (VFR),0,5,27,0,32,0,4,0,0,4,0,9,27,0,36,0,0,0,36
12/17/2000,PWK,IL,AGL,CE,Towers with Display (VFR),0,9,49,0,58,0,5,66,0,71,0,14,115,0,129,14,0,14,143
12/18/2000,PWK,IL,AGL,CE,Towers with Display (VFR),0,9,73,0,82,0,0,87,1,88,0,9,160,1,170,170,0,170,340
12/19/2000,PWK,IL,AGL,CE,Towers with Display (VFR),0,18,97,0,115,0,0,167,0,167,0,18,264,0,282,72,0,72,354
12/20/2000,PWK,IL,AGL,CE,Towers with Display (VFR),0,16,85,0,101,0,1,92,0,93,0,17,177,0,194,64,0,64,258
12/21/2000,PWK,IL,AGL,CE,Towers with Display (VFR),0,15,81,0,96,0,1,99,0,100,0,16,180,0,196,6,0,6,202
12/22/2000,PWK,IL,AGL,CE,Towers with Display (VFR),0,15,79,0,94,0,4,170,0,174,0,19,249,0,268,48,0,48,316
12/23/2000,PWK,IL,AGL,CE,Towers with Display (VFR),0,8,45,0,53,0,1,49,0,50,0,9,94,0,103,68,0,68,171
12/24/2000,PWK,IL,AGL,CE,Towers with Display (VFR),0,3,21,0,24,0,2,94,0,96,0,5,115,0,120,52,0,52,172
12/25/2000,PWK,IL,AGL,CE,Towers with Display (VFR),0,2,18,0,20,0,0,18,0,18,0,2,36,0,38,0,0,0,38
12/26/2000,PWK,IL,AGL,CE,Towers with Display (VFR),0,14,79,0,93,0,4,138,0,142,0,18,217,0,235,116,0,116,351
12/27/2000,PWK,IL,AGL,CE,Towers with Display (VFR),0,15,81,0,96,0,5,191,0,196,0,20,272,0,292,78,0,78,370
12/28/2000,PWK,IL,AGL,CE,Towers with Display (VFR),0,3,30,0,33,0,0,88,0,88,0,3,118,0,121,166,0,166,287
12/29/2000,PWK,IL,AGL,CE,Towers with Display (VFR),0,3,27,0,30,0,0,1,0,1,0,3,28,0,31,0,0,0,31
12/30/2000,PWK,IL,AGL,CE,Towers with Display (VFR),0,2,11,0,13,0,1,1,0,2,0,3,12,0,15,0,0,0,15
12/31/2000,PWK,IL,AGL,CE,Towers with Display (VFR),0,4,27,0,31,0,5,73,0,78,0,9,100,0,109,160,0,160,269
01/01/2001,PWK,IL,AGL,CE,Towers with Display (VFR),0,6,38,0,44,0,4,84,0,88,0,10,122,0,132,56,0,56,188
01/02/2001,PWK,IL,AGL,CE,Towers with Display (VFR),0,12,74,0,86,0,3,244,0,247,0,15,318,0,333,216,0,216,549
01/03/2001,PWK,IL,AGL,CE,Towers with Display (VFR),0,9,56,0,65,0,10,27,0,37,0,19,83,0,102,34,0,34,136
01/04/2001,PWK,IL,AGL,CE,Towers with Display (VFR),0,7,78,0,85,0,0,20,0,20,0,7,98,0,105,0,0,0,105
01/05/2001,PWK,IL,AGL,CE,Towers with Display (VFR),0,12,78,0,90,0,4,230,0,234,0,16,308,0,324,124,0,124,448
01/06/2001,PWK,IL,AGL,CE,Towers with Display (VFR),0,9,58,0,67,0,0,407,0,407,0,9,465,0,474,236,0,236,710
01/07/2001,PWK,IL,AGL,CE,Towers with Display (VFR),0,12,78,0,90,0,12,246,0,258,0,24,324,0,348,260,0,260,608
01/08/2001,PWK,IL,AGL,CE,Towers with Display (VFR),0,11,85,0,96,0,0,230,0,230,0,11,315,0,326,206,0,206,532
01/09/2001,PWK,IL,AGL,CE,Towers with Display (VFR),0,16,115,0,131,0,0,302,0,302,0,16,417,0,433,224,0,224,657
01/10/2001,PWK,IL,AGL,CE,Towers with Display (VFR),0,19,121,0,140,0,0,303,0,303,0,19,424,0,443,122,0,122,565
01/11/2001,PWK,IL,AGL,CE,Towers with Display (VFR),0,17,157,0,174,0,0,252,0,252,0,17,409,0,426,176,0,176,602
01/12/2001,PWK,IL,AGL,CE,Towers with Display (VFR),0,15,122,0,137,0,0,0,0,0,0,15,122,0,137,202,0,202,339
01/13/2001,PWK,IL,AGL,CE,Towers with Display (VFR),0,5,27,0,32,0,0,1,0,1,0,5,28,0,33,26,0,26,59
01/14/2001,PWK,IL,AGL,CE,Towers with Display (VFR),0,6,31,0,37,0,6,0,0,6,0,12,31,0,43,0,0,0,43
01/15/2001,PWK,IL,AGL,CE,Towers with Display (VFR),0,10,96,0,106,0,0,20,0,20,0,10,116,0,126,8,0,8,134
01/16/2001,PWK,IL,AGL,CE,Towers with Display (VFR),0,14,95,0,109,0,0,39,0,39,0,14,134,0,148,60,0,60,208
01/17/2001,PWK,IL,AGL,CE,Towers with Display (VFR),0,14,117,0,131,0,0,243,0,243,0,14,360,0,374,258,0,258,632
01/18/2001,PWK,IL,AGL,CE,Towers with Display (VFR),0,15,100,0,115,0,6,266,0,272,0,21,366,0,387,218,0,218,605
01/19/2001,PWK,IL,AGL,CE,Towers with Display (VFR),0,9,94,0,103,0,0,165,0,165,0,9,259,0,268,220,0,220,488
01/20/2001,PWK,IL,AGL,CE,Towers with Display (VFR),0,6,53,0,59,0,0,368,0,368,0,6,421,0,427,214,0,214,641
01/21/2001,PWK,IL,AGL,CE,Towers with Display (VFR),0,12,83,0,95,0,3,345,0,348,0,15,428,0,443,290,0,290,733
01/22/2001,PWK,IL,AGL,CE,Towers with Display (VFR),0,13,93,0,106,0,1,193,0,194,0,14,286,0,300,104,0,104,404
01/23/2001,PWK,IL,AGL,CE,Towers with Display (VFR),0,11,93,0,104,0,0,253,0,253,0,11,346,0,357,282,0,282,639
01/24/2001,PWK,IL,AGL,CE,Towers with Display (VFR),0,15,101,0,116,0,0,201,0,201,0,15,302,0,317,142,0,142,459
01/25/2001,PWK,IL,AGL,CE,Towers with Display (VFR),0,19,144,0,163,0,0,308,0,308,0,19,452,0,471,106,0,106,577
01/26/2001,PWK,IL,AGL,CE,Towers with Display (VFR),0,11,74,0,85,0,0,23,0,23,0,11,97,0,108,8,0,8,116
01/27/2001,PWK,IL,AGL,CE,Towers with Display (VFR),0,1,54,0,55,0,0,367,0,367,0,1,421,0,422,142,0,142,564
01/28/2001,PWK,IL,AGL,CE,Towers with Display (VFR),0,10,67,0,77,0,0,263,0,263,0,10,330,0,340,160,0,160,500
01/29/2001,PWK,IL,AGL,CE,Towers with Display (VFR),0,7,61,0,68,0,0,3,0,3,0,7,64,0,71,0,0,0,71
01/30/2001,PWK,IL,AGL,CE,Towers with Display (VFR),0,10,69,0,79,0,1,0,0,1,0,11,69,0,80,0,0,0,80
01/31/2001,PWK,IL,AGL,CE,Towers with Display (VFR),0,15,102,0,117,0,4,103,0,107,0,19,205,0,224,158,0,158,382
02/01/2001,PWK,IL,AGL,CE,Towers with Display (VFR),0,18,98,0,116,0,0,257,0,257,0,18,355,0,373,142,0,142,515
02/02/2001,PWK,IL,AGL,CE,Towers with Display (VFR),0,18,93,0,111,0,11,183,0,194,0,29,276,0,305,184,0,184,489
02/03/2001,PWK,IL,AGL,CE,Towers with Display (VFR),0,4,31,0,35,0,0,276,0,276,0,4,307,0,311,256,0,256,567
02/04/2001,PWK,IL,AGL,CE,Towers with Display (VFR),0,13,63,0,76,0,8,41,0,49,0,21,104,0,125,158,0,158,283
02/05/2001,PWK,IL,AGL,CE,Towers with Display (VFR),0,15,89,0,104,0,0,181,0,181,0,15,270,0,285,220,0,220,505
02/06/2001,PWK,IL,AGL,CE,Towers with Display (VFR),0,18,115,0,133,0,0,201,0,201,0,18,316,0,334,232,0,232,566
02/07/2001,PWK,IL,AGL,CE,Towers with Display (VFR),0,18,120,0,138,0,0,114,0,114,0,18,234,0,252,100,0,100,352
02/08/2001,PWK,IL,AGL,CE,Towers with Display (VFR),0,22,100,0,122,0,1,0,0,1,0,23,100,0,123,14,0,14,137
02/09/2001,PWK,IL,AGL,CE,Towers with Display (VFR),0,10,54,0,64,0,0,1,0,1,0,10,55,0,65,0,0,0,65
02/10/2001,PWK,IL,AGL,CE,Towers with Display (VFR),0,10,74,0,84,0,0,309,0,309,0,10,383,0,393,148,0,148,541
02/11/2001,PWK,IL,AGL,CE,Towers with Display (VFR),0,14,71,0,85,0,6,345,0,351,0,20,416,0,436,186,0,186,622
02/12/2001,PWK,IL,AGL,CE,Towers with Display (VFR),0,12,87,0,99,0,0,241,0,241,0,12,328,0,340,136,0,136,476
02/13/2001,PWK,IL,AGL,CE,Towers with Display (VFR),0,19,97,0,116,0,4,122,0,126,0,23,219,0,242,302,0,302,544
02/14/2001,PWK,IL,AGL,CE,Towers with Display (VFR),0,10,72,0,82,0,0,4,0,4,0,10,76,0,86,0,0,0,86
02/15/2001,PWK,IL,AGL,CE,Towers with Display (VFR),0,19,121,0,140,0,0,215,0,215,0,19,336,0,355,214,0,214,569
02/16/2001,PWK,IL,AGL,CE,Towers with Display (VFR),0,16,88,0,104,0,4,179,0,183,0,20,267,0,287,206,0,206,493
02/17/2001,PWK,IL,AGL,CE,Towers with Display (VFR),0,7,58,0,65,0,0,290,0,290,0,7,348,0,355,140,0,140,495
02/18/2001,PWK,IL,AGL,CE,Towers with Display (VFR),0,12,68,0,80,0,5,301,0,306,0,17,369,0,386,254,0,254,640
02/19/2001,PWK,IL,AGL,CE,Towers with Display (VFR),0,13,99,0,112,0,0,174,0,174,0,13,273,0,286,100,0,100,386
02/20/2001,PWK,IL,AGL,CE,Towers with Display (VFR),0,19,101,0,120,0,0,244,0,244,0,19,345,0,364,260,0,260,624
02/21/2001,PWK,IL,AGL,CE,Towers with Display (VFR),0,17,92,0,109,0,8,266,0,274,0,25,358,0,383,192,0,192,575
02/22/2001,PWK,IL,AGL,CE,Towers with Display (VFR),0,21,115,0,136,0,3,110,0,113,0,24,225,0,249,82,0,82,331
02/23/2001,PWK,IL,AGL,CE,Towers with Display (VFR),0,11,88,0,99,0,0,324,0,324,0,11,412,0,423,136,0,136,559
02/24/2001,PWK,IL,AGL,CE,Towers with Display (VFR),0,6,32,0,38,0,1,0,0,1,0,7,32,0,39,0,0,0,39
02/25/2001,PWK,IL,AGL,CE,Towers with Display (VFR),0,6,33,0,39,0,1,0,0,1,0,7,33,0,40,0,0,0,40
02/26/2001,PWK,IL,AGL,CE,Towers with Display (VFR),0,18,100,0,118,0,1,256,0,257,0,19,356,0,375,196,0,196,571
02/27/2001,PWK,IL,AGL,CE,Towers with Display (VFR),0,16,100,0,116,0,0,255,0,255,0,16,355,0,371,182,0,182,553
02/28/2001,PWK,IL,AGL,CE,Towers with Display (VFR),0,19,112,0,131,0,0,287,2,289,0,19,399,2,420,90,0,90,510
03/01/2001,PWK,IL,AGL,CE,Towers with Display (VFR),0,13,107,1,121,0,0,277,0,277,0,13,384,1,398,152,0,152,550
03/02/2001,PWK,IL,AGL,CE,Towers with Display (VFR),0,12,125,1,138,0,0,145,0,145,0,12,270,1,283,156,0,156,439
03/03/2001,PWK,IL,AGL,CE,Towers with Display (VFR),0,11,73,0,84,0,2,336,0,338,0,13,409,0,422,246,0,246,668
03/04/2001,PWK,IL,AGL,CE,Towers with Display (VFR),0,10,70,0,80,0,8,126,0,134,0,18,196,0,214,254,0,254,468
03/05/2001,PWK,IL,AGL,CE,Towers with Display (VFR),0,13,84,0,97,0,11,162,0,173,0,24,246,0,270,118,0,118,388
03/06/2001,PWK,IL,AGL,CE,Towers with Display (VFR),0,18,106,0,124,0,9,198,0,207,0,27,304,0,331,202,0,202,533
03/07/2001,PWK,IL,AGL,CE,Towers with Display (VFR),0,18,107,0,125,0,6,329,0,335,0,24,436,0,460,164,0,164,624
03/08/2001,PWK,IL,AGL,CE,Towers with Display (VFR),0,15,90,0,105,0,2,118,0,120,0,17,208,0,225,112,0,112,337
03/09/2001,PWK,IL,AGL,CE,Towers with Display (VFR),0,9,106,0,115,0,0,248,0,248,0,9,354,0,363,208,0,208,571
03/10/2001,PWK,IL,AGL,CE,Towers with Display (VFR),0,8,65,0,73,0,0,324,0,324,0,8,389,0,397,122,0,122,519
03/11/2001,PWK,IL,AGL,CE,Towers with Display (VFR),0,13,81,0,94,0,4,305,0,309,0,17,386,0,403,220,0,220,623
03/12/2001,PWK,IL,AGL,CE,Towers with Display (VFR),0,14,88,0,102,0,6,12,0,18,0,20,100,0,120,0,0,0,120
03/13/2001,PWK,IL,AGL,CE,Towers with Display (VFR),0,7,88,0,95,0,0,100,0,100,0,7,188,0,195,90,0,90,285
03/14/2001,PWK,IL,AGL,CE,Towers with Display (VFR),0,11,112,0,123,0,0,296,0,296,0,11,408,0,419,174,0,174,593
03/15/2001,PWK,IL,AGL,CE,Towers with Display (VFR),0,11,82,0,93,0,0,4,0,4,0,11,86,0,97,0,0,0,97
03/16/2001,PWK,IL,AGL,CE,Towers with Display (VFR),0,3,47,0,50,0,0,5,0,5,0,3,52,0,55,0,0,0,55
03/17/2001,PWK,IL,AGL,CE,Towers with Display (VFR),0,6,41,0,47,0,2,391,0,393,0,8,432,0,440,346,0,346,786
03/18/2001,PWK,IL,AGL,CE,Towers with Display (VFR),0,13,80,0,93,0,0,413,0,413,0,13,493,0,506,192,0,192,698
03/19/2001,PWK,IL,AGL,CE,Towers with Display (VFR),0,13,116,1,130,0,0,262,23,285,0,13,378,24,415,172,2,174,589
03/20/2001,PWK,IL,AGL,CE,Towers with Display (VFR),0,8,116,0,124,0,0,297,0,297,0,8,413,0,421,126,0,126,547
03/21/2001,PWK,IL,AGL,CE,Towers with Display (VFR),0,17,103,0,120,0,9,280,0,289,0,26,383,0,409,206,0,206,615
03/22/2001,PWK,IL,AGL,CE,Towers with Display (VFR),0,11,118,0,129,0,0,247,0,247,0,11,365,0,376,218,0,218,594
03/23/2001,PWK,IL,AGL,CE,Towers with Display (VFR),0,21,129,0,150,0,10,343,0,353,0,31,472,0,503,214,0,214,717
03/24/2001,PWK,IL,AGL,CE,Towers with Display (VFR),0,13,83,0,96,0,6,245,0,251,0,19,328,0,347,164,0,164,511
03/25/2001,PWK,IL,AGL,CE,Towers with Display (VFR),0,11,69,0,80,0,2,95,0,97,0,13,164,0,177,78,0,78,255
03/26/2001,PWK,IL,AGL,CE,Towers with Display (VFR),0,10,91,0,101,0,0,223,0,223,0,10,314,0,324,84,0,84,408
03/27/2001,PWK,IL,AGL,CE,Towers with Display (VFR),0,15,91,0,106,0,5,264,0,269,0,20,355,0,375,132,0,132,507
03/28/2001,PWK,IL,AGL,CE,Towers with Display (VFR),0,12,71,0,83,0,3,277,0,280,0,15,348,0,363,156,0,156,519
03/29/2001,PWK,IL,AGL,CE,Towers with Display (VFR),0,12,85,0,97,0,0,173,0,173,0,12,258,0,270,182,0,182,452
03/30/2001,PWK,IL,AGL,CE,Towers with Display (VFR),0,9,97,0,106,0,0,230,0,230,0,9,327,0,336,196,0,196,532
03/31/2001,PWK,IL,AGL,CE,Towers with Display (VFR),0,19,113,0,132,0,0,93,0,93,0,19,206,0,225,106,0,106,331
04/01/2001,PWK,IL,AGL,CE,Towers with Display (VFR),0,18,107,0,125,0,13,306,2,321,0,31,413,2,446,176,0,176,622
04/02/2001,PWK,IL,AGL,CE,Towers with Display (VFR),0,18,105,0,123,0,10,263,0,273,0,28,368,0,396,142,0,142,538
04/03/2001,PWK,IL,AGL,CE,Towers with Display (VFR),0,25,144,0,169,0,0,92,0,92,0,25,236,0,261,218,0,218,479
04/04/2001,PWK,IL,AGL,CE,Towers with Display (VFR),0,22,131,0,153,0,8,326,0,334,0,30,457,0,487,248,0,248,735
04/05/2001,PWK,IL,AGL,CE,Towers with Display (VFR),0,12,97,0,109,0,0,170,0,170,0,12,267,0,279,104,0,104,383
04/06/2001,PWK,IL,AGL,CE,Towers with Display (VFR),0,15,112,0,127,0,0,4,0,4,0,15,116,0,131,0,0,0,131
04/07/2001,PWK,IL,AGL,CE,Towers with Display (VFR),0,5,30,0,35,0,0,36,0,36,0,5,66,0,71,30,0,30,101
04/08/2001,PWK,IL,AGL,CE,Towers with Display (VFR),0,16,93,0,109,0,7,401,0,408,0,23,494,0,517,240,0,240,757
04/09/2001,PWK,IL,AGL,CE,Towers with Display (VFR),0,13,98,0,111,0,0,206,0,206,0,13,304,0,317,226,0,226,543
04/10/2001,PWK,IL,AGL,CE,Towers with Display (VFR),0,16,156,0,172,0,0,55,0,55,0,16,211,0,227,62,0,62,289
04/11/2001,PWK,IL,AGL,CE,Towers with Display (VFR),0,21,129,0,150,0,7,4,0,11,0,28,133,0,161,0,0,0,161
04/12/2001,PWK,IL,AGL,CE,Towers with Display (VFR),0,13,78,0,91,0,12,30,0,42,0,25,108,0,133,12,0,12,145
04/13/2001,PWK,IL,AGL,CE,Towers with Display (VFR),0,7,105,0,112,0,0,446,0,446,0,7,551,0,558,216,0,216,774
04/14/2001,PWK,IL,AGL,CE,Towers with Display (VFR),0,2,61,0,63,0,0,453,0,453,0,2,514,0,516,194,0,194,710
04/15/2001,PWK,IL,AGL,CE,Towers with Display (VFR),0,9,59,0,68,0,9,127,0,136,0,18,186,0,204,138,0,138,342
04/16/2001,PWK,IL,AGL,CE,Towers with Display (VFR),0,15,96,0,111,0,5,88,2,95,0,20,184,2,206,70,0,70,276
04/17/2001,PWK,IL,AGL,CE,Towers with Display (VFR),0,12,105,0,117,0,0,259,0,259,0,12,364,0,376,150,0,150,526
04/18/2001,PWK,IL,AGL,CE,Towers with Display (VFR),0,19,127,0,146,0,0,356,0,356,0,19,483,0,502,220,0,220,722
04/19/2001,PWK,IL,AGL,CE,Towers with Display (VFR),0,18,128,0,146,0,0,389,0,389,0,18,517,0,535,252,0,252,787
04/20/2001,PWK,IL,AGL,CE,Towers with Display (VFR),0,16,101,0,117,0,1,258,0,259,0,17,359,0,376,216,0,216,592
04/21/2001,PWK,IL,AGL,CE,Towers with Display (VFR),0,5,36,0,41,0,1,93,0,94,0,6,129,0,135,50,0,50,185
04/22/2001,PWK,IL,AGL,CE,Towers with Display (VFR),0,15,96,0,111,0,7,82,0,89,0,22,178,0,200,244,0,244,444
04/23/2001,PWK,IL,AGL,CE,Towers with Display (VFR),0,7,79,0,86,0,0,58,0,58,0,7,137,0,144,8,0,8,152
04/24/2001,PWK,IL,AGL,CE,Towers with Display (VFR),0,19,118,0,137,0,3,333,0,336,0,22,451,0,473,176,0,176,649
04/25/2001,PWK,IL,AGL,CE,Towers with Display (VFR),0,11,127,0,138,0,0,391,0,391,0,11,518,0,529,278,0,278,807
04/26/2001,PWK,IL,AGL,CE,Towers with Display (VFR),0,19,117,0,136,0,0,243,0,243,0,19,360,0,379,84,0,84,463
04/27/2001,PWK,IL,AGL,CE,Towers with Display (VFR),0,9,85,0,94,0,0,296,0,296,0,9,381,0,390,182,0,182,572
04/28/2001,PWK,IL,AGL,CE,Towers with Display (VFR),0,3,67,0,70,0,0,386,0,386,0,3,453,0,456,252,0,252,708
04/29/2001,PWK,IL,AGL,CE,Towers with Display (VFR),0,14,88,0,102,0,3,412,0,415,0,17,500,0,517,224,0,224,741
04/30/2001,PWK,IL,AGL,CE,Towers with Display (VFR),0,13,108,0,121,0,0,229,0,229,0,13,337,0,350,156,0,156,506
05/01/2001,PWK,IL,AGL,CE,Towers with Display (VFR),0,11,111,0,122,0,0,154,0,154,0,11,265,0,276,124,0,124,400
05/02/2001,PWK,IL,AGL,CE,Towers with Display (VFR),0,19,114,0,133,0,2,306,0,308,0,21,420,0,441,172,0,172,613
05/03/2001,PWK,IL,AGL,CE,Towers with Display (VFR),0,22,130,0,152,0,2,274,0,276,0,24,404,0,428,156,0,156,584
05/04/2001,PWK,IL,AGL,CE,Towers with Display (VFR),0,13,123,0,136,0,0,295,0,295,0,13,418,0,431,226,0,226,657
05/05/2001,PWK,IL,AGL,CE,Towers with Display (VFR),0,9,67,0,76,0,0,301,0,301,0,9,368,0,377,220,0,220,597
05/06/2001,PWK,IL,AGL,CE,Towers with Display (VFR),0,13,97,0,110,0,0,335,0,335,0,13,432,0,445,292,0,292,737
05/07/2001,PWK,IL,AGL,CE,Towers with Display (VFR),0,20,125,0,145,0,1,125,0,126,0,21,250,0,271,144,0,144,415
05/08/2001,PWK,IL,AGL,CE,Towers with Display (VFR),0,13,84,0,97,0,5,263,0,268,0,18,347,0,365,98,0,98,463
05/09/2001,PWK,IL,AGL,CE,Towers with Display (VFR),0,15,129,0,144,0,0,329,0,329,0,15,458,0,473,182,0,182,655
05/10/2001,PWK,IL,AGL,CE,Towers with Display (VFR),0,21,130,1,152,0,7,182,0,189,0,28,312,1,341,202,0,202,543
05/11/2001,PWK,IL,AGL,CE,Towers with Display (VFR),0,17,152,0,169,0,0,107,0,107,0,17,259,0,276,34,0,34,310
05/12/2001,PWK,IL,AGL,CE,Towers with Display (VFR),0,3,67,0,70,0,0,510,0,510,0,3,577,0,580,140,0,140,720
05/13/2001,PWK,IL,AGL,CE,Towers with Display (VFR),0,12,74,0,86,0,1,284,0,285,0,13,358,0,371,232,0,232,603
05/14/2001,PWK,IL,AGL,CE,Towers with Display (VFR),0,21,130,0,151,0,17,153,0,170,0,38,283,0,321,182,0,182,503
05/15/2001,PWK,IL,AGL,CE,Towers with Display (VFR),0,24,154,0,178,0,9,269,0,278,0,33,423,0,456,184,0,184,640
05/16/2001,PWK,IL,AGL,CE,Towers with Display (VFR),0,24,150,0,174,0,3,298,0,301,0,27,448,0,475,118,0,118,593
05/17/2001,PWK,IL,AGL,CE,Towers with Display (VFR),0,14,104,0,118,0,0,250,0,250,0,14,354,0,368,286,0,286,654
05/18/2001,PWK,IL,AGL,CE,Towers with Display (VFR),0,17,114,0,131,0,0,345,1,346,0,17,459,1,477,172,0,172,649
05/19/2001,PWK,IL,AGL,CE,Towers with Display (VFR),0,9,61,0,70,0,1,403,0,404,0,10,464,0,474,148,0,148,622
05/20/2001,PWK,IL,AGL,CE,Towers with Display (VFR),0,15,99,0,114,0,4,315,0,319,0,19,414,0,433,190,0,190,623
05/21/2001,PWK,IL,AGL,CE,Towers with Display (VFR),0,19,117,0,136,0,1,22,4,27,0,20,139,4,163,58,0,58,221
05/22/2001,PWK,IL,AGL,CE,Towers with Display (VFR),0,25,156,0,181,0,1,199,2,202,0,26,355,2,383,174,0,174,557
05/23/2001,PWK,IL,AGL,CE,Towers with Display (VFR),0,18,113,0,131,0,0,157,0,157,0,18,270,0,288,236,0,236,524
05/24/2001,PWK,IL,AGL,CE,Towers with Display (VFR),0,20,160,0,180,0,0,148,0,148,0,20,308,0,328,246,0,246,574
05/25/2001,PWK,IL,AGL,CE,Towers with Display (VFR),0,30,131,0,161,0,0,144,0,144,0,30,275,0,305,90,0,90,395
05/26/2001,PWK,IL,AGL,CE,Towers with Display (VFR),0,4,65,0,69,0,0,101,0,101,0,4,166,0,170,264,0,264,434
05/27/2001,PWK,IL,AGL,CE,Towers with Display (VFR),0,4,63,0,67,0,0,168,0,168,0,4,231,0,235,340,0,340,575
05/28/2001,PWK,IL,AGL,CE,Towers with Display (VFR),0,15,87,0,102,0,3,323,0,326,0,18,410,0,428,218,0,218,646
05/29/2001,PWK,IL,AGL,CE,Towers with Display (VFR),0,23,108,0,131,0,2,393,0,395,0,25,501,0,526,168,0,168,694
05/30/2001,PWK,IL,AGL,CE,Towers with Display (VFR),0,26,122,0,148,0,0,369,0,369,0,26,491,0,517,112,0,112,629
05/31/2001,PWK,IL,AGL,CE,Towers with Display (VFR),0,19,136,0,155,0,0,122,0,122,0,19,258,0,277,52,0,52,329
06/01/2001,PWK,IL,AGL,CE,Towers with Display (VFR),0,12,116,0,128,0,0,147,0,147,0,12,263,0,275,88,0,88,363
06/02/2001,PWK,IL,AGL,CE,Towers with Display (VFR),0,3,72,0,75,0,1,124,0,125,0,4,196,0,200,192,0,192,392
06/03/2001,PWK,IL,AGL,CE,Towers with Display (VFR),0,11,130,0,141,0,0,221,0,221,0,11,351,0,362,266,0,266,628
06/04/2001,PWK,IL,AGL,CE,Towers with Display (VFR),0,20,127,0,147,0,2,173,0,175,0,22,300,0,322,278,0,278,600
06/05/2001,PWK,IL,AGL,CE,Towers with Display (VFR),0,15,99,0,114,0,0,1,0,1,0,15,100,0,115,0,0,0,115
06/06/2001,PWK,IL,AGL,CE,Towers with Display (VFR),0,25,98,0,123,0,0,1,0,1,0,25,99,0,124,12,0,12,136
06/07/2001,PWK,IL,AGL,CE,Towers with Display (VFR),0,14,162,0,176,0,9,286,0,295,0,23,448,0,471,308,0,308,779
06/08/2001,PWK,IL,AGL,CE,Towers with Display (VFR),0,11,96,0,107,0,0,403,0,403,0,11,499,0,510,150,0,150,660
06/09/2001,PWK,IL,AGL,CE,Towers with Display (VFR),0,6,56,0,62,0,0,425,0,425,0,6,481,0,487,194,0,194,681
06/10/2001,PWK,IL,AGL,CE,Towers with Display (VFR),0,11,88,0,99,0,0,266,0,266,0,11,354,0,365,126,0,126,491
06/11/2001,PWK,IL,AGL,CE,Towers with Display (VFR),0,22,114,0,136,0,0,313,0,313,0,22,427,0,449,196,0,196,645
06/12/2001,PWK,IL,AGL,CE,Towers with Display (VFR),0,13,126,0,139,0,0,321,0,321,0,13,447,0,460,258,0,258,718
06/13/2001,PWK,IL,AGL,CE,Towers with Display (VFR),0,29,170,0,199,0,1,363,0,364,0,30,533,0,563,276,0,276,839
06/14/2001,PWK,IL,AGL,CE,Towers with Display (VFR),0,22,112,0,134,0,2,273,0,275,0,24,385,0,409,162,0,162,571
06/15/2001,PWK,IL,AGL,CE,Towers with Display (VFR),0,18,129,0,147,0,0,295,0,295,0,18,424,0,442,192,2,194,636
06/16/2001,PWK,IL,AGL,CE,Towers with Display (VFR),0,11,57,0,68,0,0,402,0,402,0,11,459,0,470,106,0,106,576
06/17/2001,PWK,IL,AGL,CE,Towers with Display (VFR),0,21,101,0,122,0,0,400,0,400,0,21,501,0,522,202,0,202,724
06/18/2001,PWK,IL,AGL,CE,Towers with Display (VFR),0,21,132,0,153,0,1,205,0,206,0,22,337,0,359,122,0,122,481
06/19/2001,PWK,IL,AGL,CE,Towers with Display (VFR),0,29,116,0,145,0,1,374,0,375,0,30,490,0,520,388,0,388,908
06/20/2001,PWK,IL,AGL,CE,Towers with Display (VFR),0,30,119,0,149,0,2,381,0,383,0,32,500,0,532,204,0,204,736
06/21/2001,PWK,IL,AGL,CE,Towers with Display (VFR),0,19,125,0,144,0,0,253,0,253,0,19,378,0,397,210,0,210,607
06/22/2001,PWK,IL,AGL,CE,Towers with Display (VFR),0,22,150,0,172,0,0,264,0,264,0,22,414,0,436,214,0,214,650
06/23/2001,PWK,IL,AGL,CE,Towers with Display (VFR),0,6,96,1,103,0,0,442,0,442,0,6,538,1,545,244,0,244,789
06/24/2001,PWK,IL,AGL,CE,Towers with Display (VFR),0,10,87,0,97,0,1,319,0,320,0,11,406,0,417,192,0,192,609
06/25/2001,PWK,IL,AGL,CE,Towers with Display (VFR),0,20,109,1,130,0,0,285,0,285,0,20,394,1,415,122,0,122,537
06/26/2001,PWK,IL,AGL,CE,Towers with Display (VFR),0,16,115,0,131,0,0,319,0,319,0,16,434,0,450,110,0,110,560
06/27/2001,PWK,IL,AGL,CE,Towers with Display (VFR),0,20,136,0,156,0,8,308,0,316,0,28,444,0,472,36,0,36,508
06/28/2001,PWK,IL,AGL,CE,Towers with Display (VFR),0,30,168,0,198,0,1,315,0,316,0,31,483,0,514,188,0,188,702
06/29/2001,PWK,IL,AGL,CE,Towers with Display (VFR),0,22,140,0,162,0,0,395,0,395,0,22,535,0,557,70,0,70,627
06/30/2001,PWK,IL,AGL,CE,Towers with Display (VFR),0,10,74,0,84,0,0,356,0,356,0,10,430,0,440,114,0,114,554
07/01/2001,PWK,IL,AGL,CE,Towers with Display (VFR),0,11,78,0,89,0,5,304,0,309,0,16,382,0,398,102,0,102,500
07/02/2001,PWK,IL,AGL,CE,Towers with Display (VFR),0,11,72,0,83,0,1,365,0,366,0,12,437,0,449,108,0,108,557
07/03/2001,PWK,IL,AGL,CE,Towers with Display (VFR),0,12,75,0,87,0,1,205,0,206,0,13,280,0,293,262,0,262,555
07/04/2001,PWK,IL,AGL,CE,Towers with Display (VFR),0,6,42,0,48,0,1,280,0,281,0,7,322,0,329,162,0,162,491
07/05/2001,PWK,IL,AGL,CE,Towers with Display (VFR),0,15,98,0,113,0,1,378,0,379,0,16,476,0,492,120,0,120,612
07/06/2001,PWK,IL,AGL,CE,Towers with Display (VFR),0,15,97,0,112,0,0,408,0,408,0,15,505,0,520,228,0,228,748
07/07/2001,PWK,IL,AGL,CE,Towers with Display (VFR),0,6,47,0,53,0,0,205,0,205,0,6,252,0,258,266,0,266,524
07/08/2001,PWK,IL,AGL,CE,Towers with Display (VFR),0,29,92,0,121,0,1,391,0,392,0,30,483,0,513,206,0,206,719
07/09/2001,PWK,IL,AGL,CE,Towers with Display (VFR),0,13,115,0,128,0,0,303,0,303,0,13,418,0,431,146,0,146,577
07/10/2001,PWK,IL,AGL,CE,Towers with Display (VFR),0,18,107,0,125,0,8,332,0,340,0,26,439,0,465,206,0,206,671
07/11/2001,PWK,IL,AGL,CE,Towers with Display (VFR),0,23,126,0,149,0,0,358,1,359,0,23,484,1,508,204,0,204,712
07/12/2001,PWK,IL,AGL,CE,Towers with Display (VFR),0,21,120,0,141,0,1,396,0,397,0,22,516,0,538,248,0,248,786
07/13/2001,PWK,IL,AGL,CE,Towers with Display (VFR),0,32,114,0,146,0,0,436,0,436,0,32,550,0,582,66,0,66,648
07/14/2001,PWK,IL,AGL,CE,Towers with Display (VFR),0,17,55,0,72,0,1,416,0,417,0,18,471,0,489,162,0,162,651
07/15/2001,PWK,IL,AGL,CE,Towers with Display (VFR),0,33,81,0,114,0,0,401,0,401,0,33,482,0,515,76,0,76,591
07/16/2001,PWK,IL,AGL,CE,Towers with Display (VFR),0,15,128,0,143,0,0,297,0,297,0,15,425,0,440,158,0,158,598
07/17/2001,PWK,IL,AGL,CE,Towers with Display (VFR),0,24,156,0,180,0,0,230,0,230,0,24,386,0,410,170,0,170,580
07/18/2001,PWK,IL,AGL,CE,Towers with Display (VFR),0,28,134,0,162,0,2,62,0,64,0,30,196,0,226,10,0,10,236
07/19/2001,PWK,IL,AGL,CE,Towers with Display (VFR),0,15,161,0,176,0,0,145,0,145,0,15,306,0,321,96,0,96,417
07/20/2001,PWK,IL,AGL,CE,Towers with Display (VFR),0,22,151,1,174,0,3,298,0,301,0,25,449,1,475,160,0,160,635
07/21/2001,PWK,IL,AGL,CE,Towers with Display (VFR),0,2,63,0,65,0,0,222,0,222,0,2,285,0,287,22,0,22,309
07/22/2001,PWK,IL,AGL,CE,Towers with Display (VFR),0,30,112,0,142,0,0,266,0,266,0,30,378,0,408,132,0,132,540
07/23/2001,PWK,IL,AGL,CE,Towers with Display (VFR),0,23,150,0,173,0,0,196,0,196,0,23,346,0,369,72,0,72,441
07/24/2001,PWK,IL,AGL,CE,Towers with Display (VFR),0,19,133,0,152,0,0,280,0,280,0,19,413,0,432,34,0,34,466
07/25/2001,PWK,IL,AGL,CE,Towers with Display (VFR),0,27,161,0,188,0,2,179,0,181,0,29,340,0,369,80,0,80,449
07/26/2001,PWK,IL,AGL,CE,Towers with Display (VFR),0,22,152,0,174,0,0,362,0,362,0,22,514,0,536,170,0,170,706
07/27/2001,PWK,IL,AGL,CE,Towers with Display (VFR),0,15,122,0,137,0,0,336,0,336,0,15,458,0,473,16,0,16,489
07/28/2001,PWK,IL,AGL,CE,Towers with Display (VFR),0,12,89,0,101,0,0,265,0,265,0,12,354,0,366,128,0,128,494
07/29/2001,PWK,IL,AGL,CE,Towers with Display (VFR),0,22,103,0,125,0,0,238,0,238,0,22,341,0,363,120,0,120,483
07/30/2001,PWK,IL,AGL,CE,Towers with Display (VFR),0,11,150,1,162,0,0,219,0,219,0,11,369,1,381,118,0,118,499
07/31/2001,PWK,IL,AGL,CE,Towers with Display (VFR),0,20,131,1,152,0,4,361,1,366,0,24,492,2,518,208,0,208,726
08/01/2001,PWK,IL,AGL,CE,Towers with Display (VFR),0,16,125,0,141,0,1,246,0,247,0,17,371,0,388,130,0,130,518
08/02/2001,PWK,IL,AGL,CE,Towers with Display (VFR),0,23,107,0,130,0,1,193,0,194,0,24,300,0,324,140,0,140,464
08/03/2001,PWK,IL,AGL,CE,Towers with Display (VFR),0,27,133,0,160,0,1,225,0,226,0,28,358,0,386,96,0,96,482
08/04/2001,PWK,IL,AGL,CE,Towers with Display (VFR),0,5,68,0,73,0,2,443,0,445,0,7,511,0,518,202,0,202,720
08/05/2001,PWK,IL,AGL,CE,Towers with Display (VFR),0,22,88,1,111,0,1,371,0,372,0,23,459,1,483,202,2,204,687
08/06/2001,PWK,IL,AGL,CE,Towers with Display (VFR),0,19,105,1,125,0,1,329,0,330,0,20,434,1,455,196,0,196,651
08/07/2001,PWK,IL,AGL,CE,Towers with Display (VFR),0,19,128,0,147,0,1,298,0,299,0,20,426,0,446,212,0,212,658
08/08/2001,PWK,IL,AGL,CE,Towers with Display (VFR),0,29,118,2,149,0,0,397,0,397,0,29,515,2,546,132,0,132,678
08/09/2001,PWK,IL,AGL,CE,Towers with Display (VFR),0,19,135,0,154,0,0,216,0,216,0,19,351,0,370,140,0,140,510
08/10/2001,PWK,IL,AGL,CE,Towers with Display (VFR),0,27,80,0,107,0,0,375,2,377,0,27,455,2,484,48,0,48,532
08/11/2001,PWK,IL,AGL,CE,Towers with Display (VFR),0,11,55,0,66,0,0,403,1,404,0,11,458,1,470,94,0,94,564
08/12/2001,PWK,IL,AGL,CE,Towers with Display (VFR),0,42,78,2,122,0,0,425,0,425,0,42,503,2,547,134,0,134,681
08/13/2001,PWK,IL,AGL,CE,Towers with Display (VFR),0,18,108,0,126,0,0,283,0,283,0,18,391,0,409,138,0,138,547
08/14/2001,PWK,IL,AGL,CE,Towers with Display (VFR),0,15,119,0,134,0,0,362,1,363,0,15,481,1,497,236,0,236,733
08/15/2001,PWK,IL,AGL,CE,Towers with Display (VFR),0,20,116,0,136,0,0,337,0,337,0,20,453,0,473,272,0,272,745
08/16/2001,PWK,IL,AGL,CE,Towers with Display (VFR),0,19,162,0,181,0,0,149,0,149,0,19,311,0,330,90,0,90,420
08/17/2001,PWK,IL,AGL,CE,Towers with Display (VFR),0,27,126,1,154,0,0,389,0,389,0,27,515,1,543,160,0,160,703
08/18/2001,PWK,IL,AGL,CE,Towers with Display (VFR),0,9,77,0,86,0,0,166,0,166,0,9,243,0,252,216,0,216,468
08/19/2001,PWK,IL,AGL,CE,Towers with Display (VFR),0,23,96,0,119,0,0,192,0,192,0,23,288,0,311,52,0,52,363
08/20/2001,PWK,IL,AGL,CE,Towers with Display (VFR),0,11,139,0,150,0,0,379,0,379,0,11,518,0,529,164,0,164,693
08/21/2001,PWK,IL,AGL,CE,Towers with Display (VFR),0,15,107,0,122,0,0,284,0,284,0,15,391,0,406,66,0,66,472
08/22/2001,PWK,IL,AGL,CE,Towers with Display (VFR),0,14,141,0,155,0,0,144,0,144,0,14,285,0,299,70,0,70,369
08/23/2001,PWK,IL,AGL,CE,Towers with Display (VFR),0,21,167,0,188,0,0,67,0,67,0,21,234,0,255,66,0,66,321
08/24/2001,PWK,IL,AGL,CE,Towers with Display (VFR),0,18,181,0,199,0,0,130,1,131,0,18,311,1,330,104,0,104,434
08/25/2001,PWK,IL,AGL,CE,Towers with Display (VFR),0,4,38,0,42,0,0,34,0,34,0,4,72,0,76,164,0,164,240
08/26/2001,PWK,IL,AGL,CE,Towers with Display (VFR),0,19,109,0,128,0,5,407,0,412,0,24,516,0,540,188,0,188,728
08/27/2001,PWK,IL,AGL,CE,Towers with Display (VFR),0,19,115,0,134,0,2,310,0,312,0,21,425,0,446,186,0,186,632
08/28/2001,PWK,IL,AGL,CE,Towers with Display (VFR),0,18,110,0,128,0,0,358,0,358,0,18,468,0,486,162,0,162,648
08/29/2001,PWK,IL,AGL,CE,Towers with Display (VFR),0,27,143,0,170,0,0,358,0,358,0,27,501,0,528,170,0,170,698
08/30/2001,PWK,IL,AGL,CE,Towers with Display (VFR),0,14,111,0,125,0,0,311,0,311,0,14,422,0,436,34,0,34,470
08/31/2001,PWK,IL,AGL,CE,Towers with Display (VFR),0,24,135,0,159,0,0,304,0,304,0,24,439,0,463,142,0,142,605
09/01/2001,PWK,IL,AGL,CE,Towers with Display (VFR),0,11,73,0,84,0,1,427,0,428,0,12,500,0,512,240,0,240,752
09/02/2001,PWK,IL,AGL,CE,Towers with Display (VFR),0,10,47,0,57,0,1,322,0,323,0,11,369,0,380,144,0,144,524
09/03/2001,PWK,IL,AGL,CE,Towers with Display (VFR),0,14,89,0,103,0,1,283,0,284,0,15,372,0,387,136,0,136,523
09/04/2001,PWK,IL,AGL,CE,Towers with Display (VFR),0,21,99,0,120,0,1,267,0,268,0,22,366,0,388,112,0,112,500
09/05/2001,PWK,IL,AGL,CE,Towers with Display (VFR),0,16,95,0,111,0,0,306,0,306,0,16,401,0,417,150,0,150,567
09/06/2001,PWK,IL,AGL,CE,Towers with Display (VFR),0,17,130,0,147,0,1,313,0,314,0,18,443,0,461,272,0,272,733
09/07/2001,PWK,IL,AGL,CE,Towers with Display (VFR),0,13,135,0,148,0,1,165,0,166,0,14,300,0,314,0,0,0,314
09/08/2001,PWK,IL,AGL,CE,Towers with Display (VFR),0,11,59,0,70,0,1,504,0,505,0,12,563,0,575,50,0,50,625
09/09/2001,PWK,IL,AGL,CE,Towers with Display (VFR),0,28,79,0,107,0,1,26,0,27,0,29,105,0,134,24,0,24,158
09/10/2001,PWK,IL,AGL,CE,Towers with Display (VFR),0,19,105,0,124,0,1,199,0,200,0,20,304,0,324,66,0,66,390
09/11/2001,PWK,IL,AGL,CE,Towers with Display (VFR),0,1,28,0,29,0,1,39,0,40,0,2,67,0,69,30,0,30,99
09/12/2001,PWK,IL,AGL,CE,Towers with Display (VFR),0,1,2,0,3,0,1,0,0,1,0,2,2,0,4,0,0,0,4
09/13/2001,PWK,IL,AGL,CE,Towers with Display (VFR),0,27,0,0,27,0,5,0,0,5,0,32,0,0,32,0,0,0,32
09/14/2001,PWK,IL,AGL,CE,Towers with Display (VFR),0,77,30,1,108,0,25,0,0,25,0,102,30,1,133,0,0,0,133
09/15/2001,PWK,IL,AGL,CE,Towers with Display (VFR),0,56,104,0,160,0,1,0,0,1,0,57,104,0,161,0,0,0,161
09/16/2001,PWK,IL,AGL,CE,Towers with Display (VFR),0,50,124,0,174,0,0,1,0,1,0,50,125,0,175,0,0,0,175
09/17/2001,PWK,IL,AGL,CE,Towers with Display (VFR),0,51,104,0,155,0,0,0,0,0,0,51,104,0,155,0,0,0,155
09/18/2001,PWK,IL,AGL,CE,Towers with Display (VFR),0,60,187,0,247,0,0,1,0,1,0,60,188,0,248,0,0,0,248
09/19/2001,PWK,IL,AGL,CE,Towers with Display (VFR),0,81,168,0,249,0,0,1,0,1,0,81,169,0,250,0,0,0,250
09/20/2001,PWK,IL,AGL,CE,Towers with Display (VFR),0,89,193,0,282,0,0,6,0,6,0,89,199,0,288,0,0,0,288
09/21/2001,PWK,IL,AGL,CE,Towers with Display (VFR),0,58,199,0,257,0,0,0,0,0,0,58,199,0,257,0,0,0,257
09/22/2001,PWK,IL,AGL,CE,Towers with Display (VFR),0,20,128,0,148,0,0,217,0,217,0,20,345,0,365,132,0,132,497
09/23/2001,PWK,IL,AGL,CE,Towers with Display (VFR),0,33,122,0,155,0,0,11,0,11,0,33,133,0,166,54,0,54,220
09/24/2001,PWK,IL,AGL,CE,Towers with Display (VFR),0,41,134,0,175,0,0,120,0,120,0,41,254,0,295,52,0,52,347
09/25/2001,PWK,IL,AGL,CE,Towers with Display (VFR),0,48,141,0,189,0,0,211,0,211,0,48,352,0,400,66,0,66,466
09/26/2001,PWK,IL,AGL,CE,Towers with Display (VFR),0,40,146,0,186,0,0,201,0,201,0,40,347,0,387,46,0,46,433
09/27/2001,PWK,IL,AGL,CE,Towers with Display (VFR),0,26,143,0,169,0,0,262,0,262,0,26,405,0,431,156,0,156,587
09/28/2001,PWK,IL,AGL,CE,Towers with Display (VFR),0,30,184,0,214,0,0,132,0,132,0,30,316,0,346,78,0,78,424
09/29/2001,PWK,IL,AGL,CE,Towers with Display (VFR),0,12,104,0,116,0,0,258,0,258,0,12,362,0,374,114,0,114,488
09/30/2001,PWK,IL,AGL,CE,Towers with Display (VFR),0,37,155,0,192,0,0,266,0,266,0,37,421,0,458,132,0,132,590
10/01/2001,PWK,IL,AGL,CE,Towers with Display (VFR),0,25,114,0,139,0,0,175,0,175,0,25,289,0,314,94,0,94,408
10/02/2001,PWK,IL,AGL,CE,Towers with Display (VFR),0,25,195,0,220,0,0,198,0,198,0,25,393,0,418,98,0,98,516
10/03/2001,PWK,IL,AGL,CE,Towers with Display (VFR),0,35,140,0,175,0,0,254,0,254,0,35,394,0,429,80,0,80,509
10/04/2001,PWK,IL,AGL,CE,Towers with Display (VFR),0,43,133,0,176,0,0,140,0,140,0,43,273,0,316,58,0,58,374
10/05/2001,PWK,IL,AGL,CE,Towers with Display (VFR),0,37,131,1,169,0,0,153,0,153,0,37,284,1,322,102,0,102,424
10/06/2001,PWK,IL,AGL,CE,Towers with Display (VFR),0,13,94,2,109,0,0,268,0,268,0,13,362,2,377,182,0,182,559
10/07/2001,PWK,IL,AGL,CE,Towers with Display (VFR),0,12,155,0,167,0,0,222,0,222,0,12,377,0,389,120,0,120,509
10/08/2001,PWK,IL,AGL,CE,Towers with Display (VFR),0,43,153,0,196,0,1,179,0,180,0,44,332,0,376,106,0,106,482
10/09/2001,PWK,IL,AGL,CE,Towers with Display (VFR),0,43,177,0,220,0,0,191,0,191,0,43,368,0,411,60,0,60,471
10/10/2001,PWK,IL,AGL,CE,Towers with Display (VFR),0,37,115,0,152,0,0,28,0,28,0,37,143,0,180,20,0,20,200
10/11/2001,PWK,IL,AGL,CE,Towers with Display (VFR),0,27,181,0,208,0,0,257,0,257,0,27,438,0,465,108,0,108,573
10/12/2001,PWK,IL,AGL,CE,Towers with Display (VFR),0,31,159,0,190,0,1,62,0,63,0,32,221,0,253,38,0,38,291
10/13/2001,PWK,IL,AGL,CE,Towers with Display (VFR),0,14,40,0,54,0,0,0,0,0,0,14,40,0,54,0,0,0,54
10/14/2001,PWK,IL,AGL,CE,Towers with Display (VFR),0,20,87,0,107,0,0,118,0,118,0,20,205,0,225,136,0,136,361
10/15/2001,PWK,IL,AGL,CE,Towers with Display (VFR),0,33,132,0,165,0,0,128,0,128,0,33,260,0,293,54,0,54,347
10/16/2001,PWK,IL,AGL,CE,Towers with Display (VFR),0,46,133,0,179,0,0,139,0,139,0,46,272,0,318,38,0,38,356
10/17/2001,PWK,IL,AGL,CE,Towers with Display (VFR),0,32,196,0,228,0,0,252,0,252,0,32,448,0,480,122,0,122,602
10/18/2001,PWK,IL,AGL,CE,Towers with Display (VFR),0,56,126,0,182,0,0,152,0,152,0,56,278,0,334,36,0,36,370
10/19/2001,PWK,IL,AGL,CE,Towers with Display (VFR),0,30,181,0,211,0,0,258,0,258,0,30,439,0,469,86,0,86,555
10/20/2001,PWK,IL,AGL,CE,Towers with Display (VFR),0,12,122,0,134,0,1,199,0,200,0,13,321,0,334,148,0,148,482
10/21/2001,PWK,IL,AGL,CE,Towers with Display (VFR),0,37,138,0,175,0,0,257,0,257,0,37,395,0,432,70,0,70,502
10/22/2001,PWK,IL,AGL,CE,Towers with Display (VFR),0,20,113,0,133,0,0,54,0,54,0,20,167,0,187,22,0,22,209
10/23/2001,PWK,IL,AGL,CE,Towers with Display (VFR),0,29,148,0,177,0,0,123,0,123,0,29,271,0,300,138,0,138,438
10/24/2001,PWK,IL,AGL,CE,Towers with Display (VFR),0,23,97,0,120,0,3,6,0,9,0,26,103,0,129,0,0,0,129
10/25/2001,PWK,IL,AGL,CE,Towers with Display (VFR),0,18,67,0,85,0,0,7,0,7,0,18,74,0,92,4,0,4,96
10/26/2001,PWK,IL,AGL,CE,Towers with Display (VFR),0,24,89,0,113,0,0,127,0,127,0,24,216,0,240,74,0,74,314
10/27/2001,PWK,IL,AGL,CE,Towers with Display (VFR),0,2,45,0,47,0,0,295,0,295,0,2,340,0,342,180,0,180,522
10/28/2001,PWK,IL,AGL,CE,Towers with Display (VFR),0,12,70,0,82,0,0,305,0,305,0,12,375,0,387,238,0,238,625
10/29/2001,PWK,IL,AGL,CE,Towers with Display (VFR),0,22,139,0,161,0,0,223,0,223,0,22,362,0,384,150,0,150,534
10/30/2001,PWK,IL,AGL,CE,Towers with Display (VFR),0,24,137,0,161,0,0,156,0,156,0,24,293,0,317,126,0,126,443
10/31/2001,PWK,IL,AGL,CE,Towers with Display (VFR),0,24,112,0,136,0,6,200,0,206,0,30,312,0,342,88,0,88,430
11/01/2001,PWK,IL,AGL,CE,Towers with Display (VFR),0,35,147,0,182,0,0,101,0,101,0,35,248,0,283,0,0,0,283
11/02/2001,PWK,IL,AGL,CE,Towers with Display (VFR),0,25,128,0,153,0,0,245,0,245,0,25,373,0,398,96,0,96,494
11/03/2001,PWK,IL,AGL,CE,Towers with Display (VFR),0,11,68,0,79,0,0,330,0,330,0,11,398,0,409,22,0,22,431
11/04/2001,PWK,IL,AGL,CE,Towers with Display (VFR),0,18,84,0,102,0,0,299,0,299,0,18,383,0,401,122,0,122,523
11/05/2001,PWK,IL,AGL,CE,Towers with Display (VFR),0,29,134,0,163,0,0,222,0,222,0,29,356,0,385,66,0,66,451
11/06/2001,PWK,IL,AGL,CE,Towers with Display (VFR),0,52,165,0,217,0,0,277,0,277,0,52,442,0,494,104,0,104,598
11/07/2001,PWK,IL,AGL,CE,Towers with Display (VFR),0,40,146,0,186,0,0,421,0,421,0,40,567,0,607,154,0,154,761
11/08/2001,PWK,IL,AGL,CE,Towers with Display (VFR),0,40,132,0,172,0,0,193,0,193,0,40,325,0,365,126,0,126,491
11/09/2001,PWK,IL,AGL,CE,Towers with Display (VFR),0,33,112,0,145,0,0,223,0,223,0,33,335,0,368,54,0,54,422
11/10/2001,PWK,IL,AGL,CE,Towers with Display (VFR),0,3,46,0,49,0,0,331,0,331,0,3,377,0,380,46,0,46,426
11/11/2001,PWK,IL,AGL,CE,Towers with Display (VFR),0,15,95,0,110,0,0,349,0,349,0,15,444,0,459,154,0,154,613
11/12/2001,PWK,IL,AGL,CE,Towers with Display (VFR),0,37,121,0,158,0,0,220,0,220,0,37,341,0,378,80,0,80,458
11/13/2001,PWK,IL,AGL,CE,Towers with Display (VFR),0,37,149,0,186,0,0,183,0,183,0,37,332,0,369,46,0,46,415
11/14/2001,PWK,IL,AGL,CE,Towers with Display (VFR),0,44,155,0,199,0,0,256,0,256,0,44,411,0,455,18,0,18,473
11/15/2001,PWK,IL,AGL,CE,Towers with Display (VFR),0,42,138,0,180,0,0,244,0,244,0,42,382,0,424,26,0,26,450
11/16/2001,PWK,IL,AGL,CE,Towers with Display (VFR),0,47,138,0,185,0,0,235,0,235,0,47,373,0,420,62,0,62,482
11/17/2001,PWK,IL,AGL,CE,Towers with Display (VFR),0,6,75,0,81,0,0,91,0,91,0,6,166,0,172,40,0,40,212
11/18/2001,PWK,IL,AGL,CE,Towers with Display (VFR),0,14,91,0,105,0,0,87,0,87,0,14,178,0,192,138,0,138,330
11/19/2001,PWK,IL,AGL,CE,Towers with Display (VFR),0,28,115,0,143,0,0,190,0,190,0,28,305,0,333,136,0,136,469
11/20/2001,PWK,IL,AGL,CE,Towers with Display (VFR),0,51,134,0,185,0,0,311,0,311,0,51,445,0,496,88,0,88,584
11/21/2001,PWK,IL,AGL,CE,Towers with Display (VFR),0,37,113,0,150,0,0,324,0,324,0,37,437,0,474,112,0,112,586
11/22/2001,PWK,IL,AGL,CE,Towers with Display (VFR),0,11,26,0,37,0,0,144,0,144,0,11,170,0,181,60,0,60,241
11/23/2001,PWK,IL,AGL,CE,Towers with Display (VFR),0,17,49,0,66,0,0,212,0,212,0,17,261,0,278,88,0,88,366
11/24/2001,PWK,IL,AGL,CE,Towers with Display (VFR),0,32,28,0,60,0,0,18,0,18,0,32,46,0,78,0,0,0,78
11/25/2001,PWK,IL,AGL,CE,Towers with Display (VFR),0,44,116,0,160,0,0,54,0,54,0,44,170,0,214,0,0,0,214
11/26/2001,PWK,IL,AGL,CE,Towers with Display (VFR),0,30,114,0,144,0,0,120,0,120,0,30,234,0,264,176,0,176,440
11/27/2001,PWK,IL,AGL,CE,Towers with Display (VFR),0,47,108,0,155,0,0,105,0,105,0,47,213,0,260,76,0,76,336
11/28/2001,PWK,IL,AGL,CE,Towers with Display (VFR),0,29,104,0,133,0,0,122,0,122,0,29,226,0,255,122,0,122,377
11/29/2001,PWK,IL,AGL,CE,Towers with Display (VFR),0,34,131,0,165,0,0,18,0,18,0,34,149,0,183,4,0,4,187
11/30/2001,PWK,IL,AGL,CE,Towers with Display (VFR),0,29,100,0,129,0,0,4,0,4,0,29,104,0,133,4,0,4,137
12/01/2001,PWK,IL,AGL,CE,Towers with Display (VFR),0,14,72,0,86,0,0,184,0,184,0,14,256,0,270,254,0,254,524
12/02/2001,PWK,IL,AGL,CE,Towers with Display (VFR),0,11,83,0,94,0,0,292,0,292,0,11,375,0,386,182,0,182,568
12/03/2001,PWK,IL,AGL,CE,Towers with Display (VFR),0,37,131,0,168,0,0,220,0,220,0,37,351,0,388,126,0,126,514
12/04/2001,PWK,IL,AGL,CE,Towers with Display (VFR),0,23,120,0,143,0,0,156,0,156,0,23,276,0,299,74,0,74,373
12/05/2001,PWK,IL,AGL,CE,Towers with Display (VFR),0,27,114,0,141,0,0,142,0,142,0,27,256,0,283,44,0,44,327
12/06/2001,PWK,IL,AGL,CE,Towers with Display (VFR),0,27,149,0,176,0,0,221,2,223,0,27,370,2,399,36,0,36,435
12/07/2001,PWK,IL,AGL,CE,Towers with Display (VFR),0,28,124,0,152,0,0,148,0,148,0,28,272,0,300,148,0,148,448
12/08/2001,PWK,IL,AGL,CE,Towers with Display (VFR),0,4,73,0,77,0,0,208,10,218,0,4,281,10,295,202,0,202,497
12/09/2001,PWK,IL,AGL,CE,Towers with Display (VFR),0,20,75,0,95,0,0,278,0,278,0,20,353,0,373,122,0,122,495
12/10/2001,PWK,IL,AGL,CE,Towers with Display (VFR),0,34,117,0,151,0,0,253,1,254,0,34,370,1,405,132,0,132,537
12/11/2001,PWK,IL,AGL,CE,Towers with Display (VFR),0,33,138,2,173,0,0,250,0,250,0,33,388,2,423,148,0,148,571
12/12/2001,PWK,IL,AGL,CE,Towers with Display (VFR),0,27,144,0,171,0,0,20,0,20,0,27,164,0,191,30,0,30,221
12/13/2001,PWK,IL,AGL,CE,Towers with Display (VFR),0,39,125,0,164,0,0,54,0,54,0,39,179,0,218,114,0,114,332
12/14/2001,PWK,IL,AGL,CE,Towers with Display (VFR),0,20,110,0,130,0,0,18,0,18,0,20,128,0,148,76,0,76,224
12/15/2001,PWK,IL,AGL,CE,Towers with Display (VFR),0,16,72,0,88,0,0,9,0,9,0,16,81,0,97,0,0,0,97
12/16/2001,PWK,IL,AGL,CE,Towers with Display (VFR),0,12,53,1,66,0,0,8,0,8,0,12,61,1,74,16,0,16,90
12/17/2001,PWK,IL,AGL,CE,Towers with Display (VFR),0,27,129,0,156,0,0,34,0,34,0,27,163,0,190,36,0,36,226
12/18/2001,PWK,IL,AGL,CE,Towers with Display (VFR),0,30,121,0,151,0,0,284,0,284,0,30,405,0,435,164,0,164,599
12/19/2001,PWK,IL,AGL,CE,Towers with Display (VFR),0,35,120,0,155,0,0,124,0,124,0,35,244,0,279,34,0,34,313
12/20/2001,PWK,IL,AGL,CE,Towers with Display (VFR),0,26,131,0,157,0,0,280,0,280,0,26,411,0,437,162,0,162,599
12/21/2001,PWK,IL,AGL,CE,Towers with Display (VFR),0,32,115,0,147,0,0,302,0,302,0,32,417,0,449,114,0,114,563
12/22/2001,PWK,IL,AGL,CE,Towers with Display (VFR),0,16,70,0,86,0,0,108,0,108,0,16,178,0,194,70,0,70,264
12/23/2001,PWK,IL,AGL,CE,Towers with Display (VFR),0,19,37,0,56,0,0,84,0,84,0,19,121,0,140,68,0,68,208
12/24/2001,PWK,IL,AGL,CE,Towers with Display (VFR),0,7,17,0,24,0,0,39,0,39,0,7,56,0,63,84,0,84,147
12/25/2001,PWK,IL,AGL,CE,Towers with Display (VFR),0,8,19,0,27,0,0,31,0,31,0,8,50,0,58,30,0,30,88
12/26/2001,PWK,IL,AGL,CE,Towers with Display (VFR),0,35,90,0,125,0,0,160,0,160,0,35,250,0,285,142,0,142,427
12/27/2001,PWK,IL,AGL,CE,Towers with Display (VFR),0,27,73,0,100,0,0,162,0,162,0,27,235,0,262,212,0,212,474
12/28/2001,PWK,IL,AGL,CE,Towers with Display (VFR),0,14,62,0,76,0,0,136,0,136,0,14,198,0,212,82,0,82,294
12/29/2001,PWK,IL,AGL,CE,Towers with Display (VFR),0,9,29,0,38,0,0,211,0,211,0,9,240,0,249,158,0,158,407
12/30/2001,PWK,IL,AGL,CE,Towers with Display (VFR),0,19,47,0,66,0,0,229,0,229,0,19,276,0,295,126,0,126,421
12/31/2001,PWK,IL,AGL,CE,Towers with Display (VFR),0,17,34,0,51,0,4,164,0,168,0,21,198,0,219,152,0,152,371
01/01/2002,PWK,IL,AGL,CE,Towers with Display (VFR),0,18,26,0,44,0,0,102,0,102,0,18,128,0,146,116,0,116,262
01/02/2002,PWK,IL,AGL,CE,Towers with Display (VFR),0,22,64,0,86,0,0,237,0,237,0,22,301,0,323,170,0,170,493
01/03/2002,PWK,IL,AGL,CE,Towers with Display (VFR),0,31,56,0,87,0,0,240,0,240,0,31,296,0,327,126,0,126,453
01/04/2002,PWK,IL,AGL,CE,Towers with Display (VFR),0,18,66,0,84,0,0,238,0,238,0,18,304,0,322,50,0,50,372
01/05/2002,PWK,IL,AGL,CE,Towers with Display (VFR),0,17,54,0,71,0,0,175,0,175,0,17,229,0,246,148,0,148,394
01/06/2002,PWK,IL,AGL,CE,Towers with Display (VFR),0,38,76,0,114,0,0,152,0,152,0,38,228,0,266,92,0,92,358
01/07/2002,PWK,IL,AGL,CE,Towers with Display (VFR),0,30,87,0,117,0,0,156,0,156,0,30,243,0,273,90,0,90,363
01/08/2002,PWK,IL,AGL,CE,Towers with Display (VFR),0,28,99,0,127,0,0,173,0,173,0,28,272,0,300,8,0,8,308
01/09/2002,PWK,IL,AGL,CE,Towers with Display (VFR),0,31,84,0,115,0,0,260,0,260,0,31,344,0,375,104,0,104,479
01/10/2002,PWK,IL,AGL,CE,Towers with Display (VFR),0,31,125,0,156,0,0,223,0,223,0,31,348,0,379,100,0,100,479
01/11/2002,PWK,IL,AGL,CE,Towers with Display (VFR),0,21,95,2,118,0,0,241,0,241,0,21,336,2,359,182,0,182,541
01/12/2002,PWK,IL,AGL,CE,Towers with Display (VFR),0,13,38,0,51,0,0,159,0,159,0,13,197,0,210,128,0,128,338
01/13/2002,PWK,IL,AGL,CE,Towers with Display (VFR),0,19,72,0,91,0,0,344,0,344,0,19,416,0,435,116,0,116,551
01/14/2002,PWK,IL,AGL,CE,Towers with Display (VFR),0,17,96,0,113,0,0,77,0,77,0,17,173,0,190,44,0,44,234
01/15/2002,PWK,IL,AGL,CE,Towers with Display (VFR),0,31,96,0,127,0,0,169,0,169,0,31,265,0,296,176,0,176,472
01/16/2002,PWK,IL,AGL,CE,Towers with Display (VFR),0,15,86,0,101,0,0,39,0,39,0,15,125,0,140,90,0,90,230
01/17/2002,PWK,IL,AGL,CE,Towers with Display (VFR),0,20,121,0,141,0,0,255,0,255,0,20,376,0,396,172,0,172,568
01/18/2002,PWK,IL,AGL,CE,Towers with Display (VFR),0,31,76,1,108,0,1,215,0,216,0,32,291,1,324,62,0,62,386
01/19/2002,PWK,IL,AGL,CE,Towers with Display (VFR),0,15,47,0,62,0,0,246,0,246,0,15,293,0,308,198,0,198,506
01/20/2002,PWK,IL,AGL,CE,Towers with Display (VFR),0,13,61,0,74,0,0,174,0,174,0,13,235,0,248,130,0,130,378
01/21/2002,PWK,IL,AGL,CE,Towers with Display (VFR),0,26,105,0,131,0,0,152,0,152,0,26,257,0,283,158,2,160,443
01/22/2002,PWK,IL,AGL,CE,Towers with Display (VFR),0,26,103,0,129,0,2,211,0,213,0,28,314,0,342,72,0,72,414
01/23/2002,PWK,IL,AGL,CE,Towers with Display (VFR),0,27,126,0,153,0,0,26,0,26,0,27,152,0,179,0,0,0,179
01/24/2002,PWK,IL,AGL,CE,Towers with Display (VFR),0,42,126,0,168,0,0,219,0,219,0,42,345,0,387,152,0,152,539
01/25/2002,PWK,IL,AGL,CE,Towers with Display (VFR),0,27,101,0,128,0,0,262,0,262,0,27,363,0,390,94,0,94,484
01/26/2002,PWK,IL,AGL,CE,Towers with Display (VFR),0,11,51,0,62,0,0,402,0,402,0,11,453,0,464,244,0,244,708
01/27/2002,PWK,IL,AGL,CE,Towers with Display (VFR),0,26,71,0,97,0,0,249,0,249,0,26,320,0,346,160,0,160,506
01/28/2002,PWK,IL,AGL,CE,Towers with Display (VFR),0,31,96,0,127,0,0,135,0,135,0,31,231,0,262,190,0,190,452
01/29/2002,PWK,IL,AGL,CE,Towers with Display (VFR),0,21,69,0,90,0,0,83,0,83,0,21,152,0,173,100,0,100,273
01/30/2002,PWK,IL,AGL,CE,Towers with Display (VFR),0,27,79,0,106,0,0,58,0,58,0,27,137,0,164,72,0,72,236
01/31/2002,PWK,IL,AGL,CE,Towers with Display (VFR),0,21,58,0,79,0,1,0,0,1,0,22,58,0,80,0,0,0,80
02/01/2002,PWK,IL,AGL,CE,Towers with Display (VFR),0,27,79,0,106,0,1,142,0,143,0,28,221,0,249,88,0,88,337
02/02/2002,PWK,IL,AGL,CE,Towers with Display (VFR),0,11,54,0,65,0,1,303,0,304,0,12,357,0,369,140,0,140,509
02/03/2002,PWK,IL,AGL,CE,Towers with Display (VFR),0,16,56,0,72,0,2,200,0,202,0,18,256,0,274,104,0,104,378
02/04/2002,PWK,IL,AGL,CE,Towers with Display (VFR),0,31,114,0,145,0,1,199,0,200,0,32,313,0,345,106,0,106,451
02/05/2002,PWK,IL,AGL,CE,Towers with Display (VFR),0,19,120,0,139,0,1,243,0,244,0,20,363,0,383,102,0,102,485
02/06/2002,PWK,IL,AGL,CE,Towers with Display (VFR),0,31,103,0,134,0,2,249,0,251,0,33,352,0,385,120,0,120,505
02/07/2002,PWK,IL,AGL,CE,Towers with Display (VFR),0,48,134,0,182,0,1,205,0,206,0,49,339,0,388,88,0,88,476
02/08/2002,PWK,IL,AGL,CE,Towers with Display (VFR),0,35,126,0,161,0,1,266,0,267,0,36,392,0,428,76,0,76,504
02/09/2002,PWK,IL,AGL,CE,Towers with Display (VFR),0,13,43,0,56,0,1,363,0,364,0,14,406,0,420,162,0,162,582
02/10/2002,PWK,IL,AGL,CE,Towers with Display (VFR),0,20,61,0,81,0,1,28,0,29,0,21,89,0,110,18,0,18,128
02/11/2002,PWK,IL,AGL,CE,Towers with Display (VFR),0,24,112,0,136,0,1,181,0,182,0,25,293,0,318,54,0,54,372
02/12/2002,PWK,IL,AGL,CE,Towers with Display (VFR),0,15,109,0,124,0,2,188,0,190,0,17,297,0,314,174,0,174,488
02/13/2002,PWK,IL,AGL,CE,Towers with Display (VFR),0,38,118,0,156,0,0,390,0,390,0,38,508,0,546,178,0,178,724
02/14/2002,PWK,IL,AGL,CE,Towers with Display (VFR),0,35,76,0,111,0,0,127,0,127,0,35,203,0,238,38,0,38,276
02/15/2002,PWK,IL,AGL,CE,Towers with Display (VFR),0,24,110,0,134,0,0,171,0,171,0,24,281,0,305,30,0,30,335
02/16/2002,PWK,IL,AGL,CE,Towers with Display (VFR),0,12,43,0,55,0,0,165,0,165,0,12,208,0,220,176,0,176,396
02/17/2002,PWK,IL,AGL,CE,Towers with Display (VFR),0,10,76,0,86,0,0,405,0,405,0,10,481,0,491,130,0,130,621
02/18/2002,PWK,IL,AGL,CE,Towers with Display (VFR),0,37,126,0,163,0,0,205,0,205,0,37,331,0,368,114,0,114,482
02/19/2002,PWK,IL,AGL,CE,Towers with Display (VFR),0,30,161,0,191,0,0,12,0,12,0,30,173,0,203,42,0,42,245
02/20/2002,PWK,IL,AGL,CE,Towers with Display (VFR),0,30,133,0,163,0,0,5,0,5,0,30,138,0,168,24,0,24,192
02/21/2002,PWK,IL,AGL,CE,Towers with Display (VFR),0,33,101,0,134,0,0,46,0,46,0,33,147,0,180,120,0,120,300
02/22/2002,PWK,IL,AGL,CE,Towers with Display (VFR),0,21,110,0,131,0,2,305,0,307,0,23,415,0,438,138,0,138,576
02/23/2002,PWK,IL,AGL,CE,Towers with Display (VFR),0,7,54,0,61,0,0,248,0,248,0,7,302,0,309,162,0,162,471
02/24/2002,PWK,IL,AGL,CE,Towers with Display (VFR),0,24,72,0,96,0,0,250,0,250,0,24,322,0,346,122,0,122,468
02/25/2002,PWK,IL,AGL,CE,Towers with Display (VFR),0,15,73,0,88,0,1,75,0,76,0,16,148,0,164,18,0,18,182
02/26/2002,PWK,IL,AGL,CE,Towers with Display (VFR),0,12,76,0,88,0,0,0,0,0,0,12,76,0,88,0,0,0,88
02/27/2002,PWK,IL,AGL,CE,Towers with Display (VFR),0,36,117,0,153,0,0,248,0,248,0,36,365,0,401,114,0,114,515
02/28/2002,PWK,IL,AGL,CE,Towers with Display (VFR),0,34,112,0,146,0,0,205,0,205,0,34,317,0,351,120,0,120,471
03/01/2002,PWK,IL,AGL,CE,Towers with Display (VFR),0,23,77,0,100,0,0,200,0,200,0,23,277,0,300,118,0,118,418
03/02/2002,PWK,IL,AGL,CE,Towers with Display (VFR),0,3,12,0,15,0,0,0,0,0,0,3,12,0,15,0,0,0,15
03/03/2002,PWK,IL,AGL,CE,Towers with Display (VFR),0,11,72,0,83,0,0,138,0,138,0,11,210,0,221,68,0,68,289
03/04/2002,PWK,IL,AGL,CE,Towers with Display (VFR),0,43,103,2,148,0,1,125,0,126,0,44,228,2,274,74,0,74,348
03/05/2002,PWK,IL,AGL,CE,Towers with Display (VFR),0,32,99,2,133,0,0,133,0,133,0,32,232,2,266,122,0,122,388
03/06/2002,PWK,IL,AGL,CE,Towers with Display (VFR),0,25,145,0,170,0,0,245,0,245,0,25,390,0,415,276,0,276,691
03/07/2002,PWK,IL,AGL,CE,Towers with Display (VFR),0,29,96,0,125,0,1,87,0,88,0,30,183,0,213,152,0,152,365
03/08/2002,PWK,IL,AGL,CE,Towers with Display (VFR),0,16,79,0,95,0,0,106,0,106,0,16,185,0,201,18,0,18,219
03/09/2002,PWK,IL,AGL,CE,Towers with Display (VFR),0,1,22,0,23,0,0,0,0,0,0,1,22,0,23,2,0,2,25
03/10/2002,PWK,IL,AGL,CE,Towers with Display (VFR),0,21,81,0,102,0,0,240,0,240,0,21,321,0,342,170,0,170,512
03/11/2002,PWK,IL,AGL,CE,Towers with Display (VFR),0,32,105,0,137,0,0,139,0,139,0,32,244,0,276,78,0,78,354
03/12/2002,PWK,IL,AGL,CE,Towers with Display (VFR),0,16,116,0,132,0,0,318,0,318,0,16,434,0,450,214,0,214,664
03/13/2002,PWK,IL,AGL,CE,Towers with Display (VFR),0,29,121,0,150,0,0,249,0,249,0,29,370,0,399,86,0,86,485
03/14/2002,PWK,IL,AGL,CE,Towers with Display (VFR),0,30,153,0,183,0,0,96,0,96,0,30,249,0,279,52,0,52,331
03/15/2002,PWK,IL,AGL,CE,Towers with Display (VFR),0,25,124,0,149,0,0,223,0,223,0,25,347,0,372,70,0,70,442
03/16/2002,PWK,IL,AGL,CE,Towers with Display (VFR),0,13,52,0,65,0,1,382,0,383,0,14,434,0,448,212,0,212,660
03/17/2002,PWK,IL,AGL,CE,Towers with Display (VFR),0,21,71,0,92,0,0,161,0,161,0,21,232,0,253,182,0,182,435
03/18/2002,PWK,IL,AGL,CE,Towers with Display (VFR),0,34,92,0,126,0,0,199,0,199,0,34,291,0,325,168,0,168,493
03/19/2002,PWK,IL,AGL,CE,Towers with Display (VFR),0,26,108,0,134,0,0,199,0,199,0,26,307,0,333,200,0,200,533
03/20/2002,PWK,IL,AGL,CE,Towers with Display (VFR),0,37,132,0,169,0,0,231,0,231,0,37,363,0,400,158,0,158,558
03/21/2002,PWK,IL,AGL,CE,Towers with Display (VFR),0,43,122,0,165,0,3,88,0,91,0,46,210,0,256,10,0,10,266
03/22/2002,PWK,IL,AGL,CE,Towers with Display (VFR),0,44,121,0,165,0,0,282,0,282,0,44,403,0,447,128,0,128,575
03/23/2002,PWK,IL,AGL,CE,Towers with Display (VFR),0,30,83,0,113,0,0,338,0,338,0,30,421,0,451,110,0,110,561
03/24/2002,PWK,IL,AGL,CE,Towers with Display (VFR),0,13,55,0,68,0,0,134,0,134,0,13,189,0,202,68,0,68,270
03/25/2002,PWK,IL,AGL,CE,Towers with Display (VFR),0,15,63,0,78,0,1,40,0,41,0,16,103,0,119,0,0,0,119
03/26/2002,PWK,IL,AGL,CE,Towers with Display (VFR),0,21,80,0,101,0,0,111,0,111,0,21,191,0,212,40,0,40,252
03/27/2002,PWK,IL,AGL,CE,Towers with Display (VFR),0,30,107,0,137,0,4,384,0,388,0,34,491,0,525,148,0,148,673
03/28/2002,PWK,IL,AGL,CE,Towers with Display (VFR),0,19,84,0,103,0,0,184,0,184,0,19,268,0,287,196,0,196,483
03/29/2002,PWK,IL,AGL,CE,Towers with Display (VFR),0,22,69,0,91,0,0,9,0,9,0,22,78,0,100,6,0,6,106
03/30/2002,PWK,IL,AGL,CE,Towers with Display (VFR),0,16,65,0,81,0,1,330,0,331,0,17,395,0,412,106,0,106,518
03/31/2002,PWK,IL,AGL,CE,Towers with Display (VFR),0,30,63,0,93,0,3,117,0,120,0,33,180,0,213,38,0,38,251
04/01/2002,PWK,IL,AGL,CE,Towers with Display (VFR),0,32,111,0,143,0,0,138,0,138,0,32,249,0,281,54,0,54,335
04/02/2002,PWK,IL,AGL,CE,Towers with Display (VFR),0,16,107,0,123,0,0,29,0,29,0,16,136,0,152,26,0,26,178
04/03/2002,PWK,IL,AGL,CE,Towers with Display (VFR),0,27,91,0,118,0,0,183,0,183,0,27,274,0,301,126,0,126,427
04/04/2002,PWK,IL,AGL,CE,Towers with Display (VFR),0,27,117,0,144,0,0,106,0,106,0,27,223,0,250,98,0,98,348
04/05/2002,PWK,IL,AGL,CE,Towers with Display (VFR),0,27,108,0,135,0,0,281,0,281,0,27,389,0,416,102,0,102,518
04/06/2002,PWK,IL,AGL,CE,Towers with Display (VFR),0,22,60,0,82,0,0,522,0,522,0,22,582,0,604,254,0,254,858
04/07/2002,PWK,IL,AGL,CE,Towers with Display (VFR),0,32,67,0,99,0,0,82,0,82,0,32,149,0,181,176,0,176,357
04/08/2002,PWK,IL,AGL,CE,Towers with Display (VFR),0,30,89,0,119,0,0,0,0,0,0,30,89,0,119,0,0,0,119
04/09/2002,PWK,IL,AGL,CE,Towers with Display (VFR),0,25,146,0,171,0,0,173,0,173,0,25,319,0,344,210,0,210,554
04/10/2002,PWK,IL,AGL,CE,Towers with Display (VFR),0,30,136,1,167,0,0,348,0,348,0,30,484,1,515,86,0,86,601
04/11/2002,PWK,IL,AGL,CE,Towers with Display (VFR),0,37,118,0,155,0,0,302,0,302,0,37,420,0,457,156,0,156,613
04/12/2002,PWK,IL,AGL,CE,Towers with Display (VFR),0,22,164,0,186,0,0,76,0,76,0,22,240,0,262,156,0,156,418
04/13/2002,PWK,IL,AGL,CE,Towers with Display (VFR),0,13,66,0,79,0,0,382,0,382,0,13,448,0,461,224,0,224,685
04/14/2002,PWK,IL,AGL,CE,Towers with Display (VFR),0,20,98,0,118,0,0,315,0,315,0,20,413,0,433,160,0,160,593
04/15/2002,PWK,IL,AGL,CE,Towers with Display (VFR),0,23,105,0,128,0,1,257,0,258,0,24,362,0,386,156,0,156,542
04/16/2002,PWK,IL,AGL,CE,Towers with Display (VFR),0,26,94,0,120,0,0,188,0,188,0,26,282,0,308,54,0,54,362
04/17/2002,PWK,IL,AGL,CE,Towers with Display (VFR),0,24,93,0,117,0,0,262,0,262,0,24,355,0,379,152,0,152,531
04/18/2002,PWK,IL,AGL,CE,Towers with Display (VFR),0,27,86,0,113,0,0,141,0,141,0,27,227,0,254,106,0,106,360
04/19/2002,PWK,IL,AGL,CE,Towers with Display (VFR),0,22,84,0,106,0,0,214,0,214,0,22,298,0,320,102,0,102,422
04/20/2002,PWK,IL,AGL,CE,Towers with Display (VFR),0,21,47,1,69,0,0,257,0,257,0,21,304,1,326,122,0,122,448
04/21/2002,PWK,IL,AGL,CE,Towers with Display (VFR),0,11,44,0,55,0,0,12,0,12,0,11,56,0,67,72,0,72,139
04/22/2002,PWK,IL,AGL,CE,Towers with Display (VFR),0,26,95,1,122,0,1,137,4,142,0,27,232,5,264,172,0,172,436
04/23/2002,PWK,IL,AGL,CE,Towers with Display (VFR),0,22,137,0,159,0,3,359,0,362,0,25,496,0,521,230,0,230,751
04/24/2002,PWK,IL,AGL,CE,Towers with Display (VFR),0,39,89,0,128,0,0,127,0,127,0,39,216,0,255,48,0,48,303
04/25/2002,PWK,IL,AGL,CE,Towers with Display (VFR),0,27,113,0,140,0,0,160,1,161,0,27,273,1,301,14,0,14,315
04/26/2002,PWK,IL,AGL,CE,Towers with Display (VFR),0,15,129,0,144,0,0,426,0,426,0,15,555,0,570,146,0,146,716
04/27/2002,PWK,IL,AGL,CE,Towers with Display (VFR),0,0,23,0,23,0,0,91,0,91,0,0,114,0,114,156,0,156,270
04/28/2002,PWK,IL,AGL,CE,Towers with Display (VFR),0,6,46,0,52,0,0,24,0,24,0,6,70,0,76,70,0,70,146
04/29/2002,PWK,IL,AGL,CE,Towers with Display (VFR),0,14,100,0,114,0,0,284,0,284,0,14,384,0,398,80,0,80,478
04/30/2002,PWK,IL,AGL,CE,Towers with Display (VFR),0,37,101,0,138,0,0,289,0,289,0,37,390,0,427,86,0,86,513
05/01/2002,PWK,IL,AGL,CE,Towers with Display (VFR),0,34,108,0,142,0,0,351,0,351,0,34,459,0,493,214,0,214,707
05/02/2002,PWK,IL,AGL,CE,Towers with Display (VFR),0,41,128,0,169,0,0,331,0,331,0,41,459,0,500,136,0,136,636
05/03/2002,PWK,IL,AGL,CE,Towers with Display (VFR),0,24,112,0,136,0,0,402,0,402,0,24,514,0,538,86,0,86,624
05/04/2002,PWK,IL,AGL,CE,Towers with Display (VFR),0,1,39,0,40,0,0,404,0,404,0,1,443,0,444,16,0,16,460
05/05/2002,PWK,IL,AGL,CE,Towers with Display (VFR),0,9,63,0,72,0,0,315,0,315,0,9,378,0,387,144,0,144,531
05/06/2002,PWK,IL,AGL,CE,Towers with Display (VFR),0,20,127,0,147,0,0,154,0,154,0,20,281,0,301,140,0,140,441
05/07/2002,PWK,IL,AGL,CE,Towers with Display (VFR),0,23,113,0,136,0,0,135,0,135,0,23,248,0,271,56,0,56,327
05/08/2002,PWK,IL,AGL,CE,Towers with Display (VFR),0,32,148,0,180,0,0,29,0,29,0,32,177,0,209,52,0,52,261
05/09/2002,PWK,IL,AGL,CE,Towers with Display (VFR),0,45,115,0,160,0,1,167,0,168,0,46,282,0,328,16,0,16,344
05/10/2002,PWK,IL,AGL,CE,Towers with Display (VFR),0,30,106,0,136,0,0,387,0,387,0,30,493,0,523,118,0,118,641
05/11/2002,PWK,IL,AGL,CE,Towers with Display (VFR),0,1,23,0,24,0,0,65,0,65,0,1,88,0,89,44,0,44,133
05/12/2002,PWK,IL,AGL,CE,Towers with Display (VFR),0,12,28,0,40,0,0,0,0,0,0,12,28,0,40,0,0,0,40
05/13/2002,PWK,IL,AGL,CE,Towers with Display (VFR),0,25,133,0,158,0,0,219,0,219,0,25,352,0,377,118,0,118,495
05/14/2002,PWK,IL,AGL,CE,Towers with Display (VFR),0,41,138,0,179,0,1,360,0,361,0,42,498,0,540,96,0,96,636
05/15/2002,PWK,IL,AGL,CE,Towers with Display (VFR),0,25,132,0,157,0,0,258,0,258,0,25,390,0,415,38,0,38,453
05/16/2002,PWK,IL,AGL,CE,Towers with Display (VFR),0,30,130,0,160,0,0,85,0,85,0,30,215,0,245,36,0,36,281
05/17/2002,PWK,IL,AGL,CE,Towers with Display (VFR),0,6,91,0,97,0,1,192,0,193,0,7,283,0,290,4,0,4,294
05/18/2002,PWK,IL,AGL,CE,Towers with Display (VFR),0,4,50,0,54,0,0,263,0,263,0,4,313,0,317,2,0,2,319
05/19/2002,PWK,IL,AGL,CE,Towers with Display (VFR),0,6,53,0,59,0,0,333,0,333,0,6,386,0,392,86,0,86,478
05/20/2002,PWK,IL,AGL,CE,Towers with Display (VFR),0,4,66,0,70,0,0,256,0,256,0,4,322,0,326,60,0,60,386
05/21/2002,PWK,IL,AGL,CE,Towers with Display (VFR),0,16,111,0,127,0,0,421,0,421,0,16,532,0,548,166,0,166,714
05/22/2002,PWK,IL,AGL,CE,Towers with Display (VFR),0,24,120,0,144,0,0,342,0,342,0,24,462,0,486,156,0,156,642
05/23/2002,PWK,IL,AGL,CE,Towers with Display (VFR),0,36,109,0,145,0,1,175,0,176,0,37,284,0,321,156,0,156,477
05/24/2002,PWK,IL,AGL,CE,Towers with Display (VFR),0,39,105,0,144,0,0,384,0,384,0,39,489,0,528,122,0,122,650
05/25/2002,PWK,IL,AGL,CE,Towers with Display (VFR),0,3,49,0,52,0,0,32,0,32,0,3,81,0,84,200,0,200,284
05/26/2002,PWK,IL,AGL,CE,Towers with Display (VFR),0,2,72,0,74,0,0,282,0,282,0,2,354,0,356,96,0,96,452
05/27/2002,PWK,IL,AGL,CE,Towers with Display (VFR),0,21,69,0,90,0,0,290,0,290,0,21,359,0,380,94,0,94,474
05/28/2002,PWK,IL,AGL,CE,Towers with Display (VFR),0,32,118,0,150,0,1,275,0,276,0,33,393,0,426,198,0,198,624
05/29/2002,PWK,IL,AGL,CE,Towers with Display (VFR),0,32,121,0,153,0,0,328,0,328,0,32,449,0,481,146,0,146,627
05/30/2002,PWK,IL,AGL,CE,Towers with Display (VFR),0,18,128,0,146,0,0,296,0,296,0,18,424,0,442,110,0,110,552
05/31/2002,PWK,IL,AGL,CE,Towers with Display (VFR),0,20,96,0,116,0,9,397,0,406,0,29,493,0,522,122,0,122,644
06/01/2002,PWK,IL,AGL,CE,Towers with Display (VFR),0,2,35,0,37,0,0,339,0,339,0,2,374,0,376,4,0,4,380
06/02/2002,PWK,IL,AGL,CE,Towers with Display (VFR),0,5,49,0,54,0,2,235,0,237,0,7,284,0,291,36,0,36,327
06/03/2002,PWK,IL,AGL,CE,Towers with Display (VFR),0,27,103,0,130,0,0,100,0,100,0,27,203,0,230,10,0,10,240
06/04/2002,PWK,IL,AGL,CE,Towers with Display (VFR),0,21,74,0,95,0,0,13,0,13,0,21,87,0,108,4,0,4,112
06/05/2002,PWK,IL,AGL,CE,Towers with Display (VFR),0,31,115,0,146,0,0,25,0,25,0,31,140,0,171,52,0,52,223
06/06/2002,PWK,IL,AGL,CE,Towers with Display (VFR),0,50,108,0,158,0,0,288,0,288,0,50,396,0,446,148,0,148,594
06/07/2002,PWK,IL,AGL,CE,Towers with Display (VFR),0,21,126,0,147,0,0,333,0,333,0,21,459,0,480,152,0,152,632
06/08/2002,PWK,IL,AGL,CE,Towers with Display (VFR),0,2,31,0,33,0,0,386,0,386,0,2,417,0,419,8,0,8,427
06/09/2002,PWK,IL,AGL,CE,Towers with Display (VFR),0,3,52,0,55,0,1,363,0,364,0,4,415,0,419,150,0,150,569
06/10/2002,PWK,IL,AGL,CE,Towers with Display (VFR),0,24,119,0,143,0,0,188,0,188,0,24,307,0,331,58,0,58,389
06/11/2002,PWK,IL,AGL,CE,Towers with Display (VFR),0,31,90,0,121,0,0,117,0,117,0,31,207,0,238,80,0,80,318
06/12/2002,PWK,IL,AGL,CE,Towers with Display (VFR),0,24,174,0,198,0,0,114,0,114,0,24,288,0,312,172,0,172,484
06/13/2002,PWK,IL,AGL,CE,Towers with Display (VFR),0,40,143,0,183,0,0,115,0,115,0,40,258,0,298,162,0,162,460
06/14/2002,PWK,IL,AGL,CE,Towers with Display (VFR),0,37,107,0,144,0,0,189,0,189,0,37,296,0,333,92,0,92,425
06/15/2002,PWK,IL,AGL,CE,Towers with Display (VFR),0,0,38,0,38,0,0,288,0,288,0,0,326,0,326,4,0,4,330
06/16/2002,PWK,IL,AGL,CE,Towers with Display (VFR),0,1,56,0,57,0,0,399,0,399,0,1,455,0,456,46,0,46,502
06/17/2002,PWK,IL,AGL,CE,Towers with Display (VFR),0,40,118,0,158,0,0,259,0,259,0,40,377,0,417,174,0,174,591
06/18/2002,PWK,IL,AGL,CE,Towers with Display (VFR),0,30,122,0,152,0,3,328,0,331,0,33,450,0,483,146,0,146,629
06/19/2002,PWK,IL,AGL,CE,Towers with Display (VFR),0,35,132,0,167,0,0,388,0,388,0,35,520,0,555,148,0,148,703
06/20/2002,PWK,IL,AGL,CE,Towers with Display (VFR),0,34,140,0,174,0,0,396,0,396,0,34,536,0,570,206,0,206,776
06/21/2002,PWK,IL,AGL,CE,Towers with Display (VFR),0,22,108,0,130,0,0,354,0,354,0,22,462,0,484,112,0,112,596
06/22/2002,PWK,IL,AGL,CE,Towers with Display (VFR),0,0,41,0,41,0,1,301,0,302,0,1,342,0,343,2,0,2,345
06/23/2002,PWK,IL,AGL,CE,Towers with Display (VFR),0,1,65,0,66,0,0,324,0,324,0,1,389,0,390,40,0,40,430
06/24/2002,PWK,IL,AGL,CE,Towers with Display (VFR),0,39,112,0,151,0,0,285,0,285,0,39,397,0,436,82,0,82,518
06/25/2002,PWK,IL,AGL,CE,Towers with Display (VFR),0,42,103,0,145,0,2,270,0,272,0,44,373,0,417,230,0,230,647
06/26/2002,PWK,IL,AGL,CE,Towers with Display (VFR),0,25,137,0,162,0,0,330,0,330,0,25,467,0,492,118,0,118,610
06/27/2002,PWK,IL,AGL,CE,Towers with Display (VFR),0,28,149,0,177,0,2,369,0,371,0,30,518,0,548,168,0,168,716
06/28/2002,PWK,IL,AGL,CE,Towers with Display (VFR),0,30,126,0,156,0,0,358,0,358,0,30,484,0,514,108,0,108,622
06/29/2002,PWK,IL,AGL,CE,Towers with Display (VFR),0,4,43,0,47,0,0,357,0,357,0,4,400,0,404,2,0,2,406
06/30/2002,PWK,IL,AGL,CE,Towers with Display (VFR),0,7,51,0,58,0,0,287,0,287,0,7,338,0,345,32,0,32,377
07/01/2002,PWK,IL,AGL,CE,Towers with Display (VFR),0,23,119,0,142,0,0,393,0,393,0,23,512,0,535,186,0,186,721
07/02/2002,PWK,IL,AGL,CE,Towers with Display (VFR),0,26,84,0,110,0,1,364,0,365,0,27,448,0,475,192,0,192,667
07/03/2002,PWK,IL,AGL,CE,Towers with Display (VFR),0,25,99,0,124,0,0,408,0,408,0,25,507,0,532,182,0,182,714
07/04/2002,PWK,IL,AGL,CE,Towers with Display (VFR),0,21,20,0,41,0,0,190,0,190,0,21,210,0,231,84,0,84,315
07/05/2002,PWK,IL,AGL,CE,Towers with Display (VFR),0,6,60,0,66,0,0,403,0,403,0,6,463,0,469,72,0,72,541
07/06/2002,PWK,IL,AGL,CE,Towers with Display (VFR),0,0,0,0,0,0,0,7,0,7,0,0,7,0,7,0,0,0,7
07/07/2002,PWK,IL,AGL,CE,Towers with Display (VFR),0,12,69,0,81,0,1,270,0,271,0,13,339,0,352,58,0,58,410
07/08/2002,PWK,IL,AGL,CE,Towers with Display (VFR),0,32,121,0,153,0,0,288,0,288,0,32,409,0,441,136,0,136,577
07/09/2002,PWK,IL,AGL,CE,Towers with Display (VFR),0,19,134,0,153,0,0,70,0,70,0,19,204,0,223,34,0,34,257
07/10/2002,PWK,IL,AGL,CE,Towers with Display (VFR),0,18,133,0,151,0,0,444,0,444,0,18,577,0,595,184,0,184,779
07/11/2002,PWK,IL,AGL,CE,Towers with Display (VFR),0,45,133,0,178,0,0,405,0,405,0,45,538,0,583,162,0,162,745
07/12/2002,PWK,IL,AGL,CE,Towers with Display (VFR),0,30,146,0,176,0,0,446,0,446,0,30,592,0,622,118,0,118,740
07/13/2002,PWK,IL,AGL,CE,Towers with Display (VFR),0,6,45,0,51,0,0,431,0,431,0,6,476,0,482,38,0,38,520
07/14/2002,PWK,IL,AGL,CE,Towers with Display (VFR),0,14,63,0,77,0,0,445,0,445,0,14,508,0,522,84,0,84,606
07/15/2002,PWK,IL,AGL,CE,Towers with Display (VFR),0,28,108,0,136,0,0,300,0,300,0,28,408,0,436,178,0,178,614
07/16/2002,PWK,IL,AGL,CE,Towers with Display (VFR),0,29,107,0,136,0,0,299,0,299,0,29,406,0,435,212,0,212,647
07/17/2002,PWK,IL,AGL,CE,Towers with Display (VFR),0,36,124,0,160,0,0,361,0,361,0,36,485,0,521,134,0,134,655
07/18/2002,PWK,IL,AGL,CE,Towers with Display (VFR),0,27,144,0,171,0,0,252,0,252,0,27,396,0,423,186,0,186,609
07/19/2002,PWK,IL,AGL,CE,Towers with Display (VFR),0,30,117,1,148,0,0,275,0,275,0,30,392,1,423,218,0,218,641
07/20/2002,PWK,IL,AGL,CE,Towers with Display (VFR),0,3,52,0,55,0,0,362,0,362,0,3,414,0,417,12,0,12,429
07/21/2002,PWK,IL,AGL,CE,Towers with Display (VFR),0,6,55,2,63,0,0,287,0,287,0,6,342,2,350,40,0,40,390
07/22/2002,PWK,IL,AGL,CE,Towers with Display (VFR),0,24,114,0,138,0,0,250,0,250,0,24,364,0,388,248,0,248,636
07/23/2002,PWK,IL,AGL,CE,Towers with Display (VFR),0,22,122,0,144,0,0,339,0,339,0,22,461,0,483,158,0,158,641
07/24/2002,PWK,IL,AGL,CE,Towers with Display (VFR),0,25,126,0,151,0,0,385,0,385,0,25,511,0,536,122,0,122,658
07/25/2002,PWK,IL,AGL,CE,Towers with Display (VFR),0,42,148,0,190,0,0,421,0,421,0,42,569,0,611,200,0,200,811
07/26/2002,PWK,IL,AGL,CE,Towers with Display (VFR),0,20,125,0,145,0,0,332,0,332,0,20,457,0,477,168,0,168,645
07/27/2002,PWK,IL,AGL,CE,Towers with Display (VFR),0,0,25,0,25,0,0,86,0,86,0,0,111,0,111,14,0,14,125
07/28/2002,PWK,IL,AGL,CE,Towers with Display (VFR),0,10,79,0,89,0,0,310,0,310,0,10,389,0,399,52,0,52,451
07/29/2002,PWK,IL,AGL,CE,Towers with Display (VFR),0,17,151,0,168,0,0,164,0,164,0,17,315,0,332,172,0,172,504
07/30/2002,PWK,IL,AGL,CE,Towers with Display (VFR),0,26,92,0,118,0,0,308,0,308,0,26,400,0,426,106,0,106,532
07/31/2002,PWK,IL,AGL,CE,Towers with Display (VFR),0,30,123,0,153,0,0,447,0,447,0,30,570,0,600,296,0,296,896
08/01/2002,PWK,IL,AGL,CE,Towers with Display (VFR),0,29,121,0,150,0,0,352,0,352,0,29,473,0,502,112,0,112,614
08/02/2002,PWK,IL,AGL,CE,Towers with Display (VFR),0,24,113,0,137,0,0,386,0,386,0,24,499,0,523,186,0,186,709
08/03/2002,PWK,IL,AGL,CE,Towers with Display (VFR),0,3,43,0,46,0,0,250,0,250,0,3,293,0,296,8,0,8,304
08/04/2002,PWK,IL,AGL,CE,Towers with Display (VFR),0,3,48,0,51,0,0,231,0,231,0,3,279,0,282,76,0,76,358
08/05/2002,PWK,IL,AGL,CE,Towers with Display (VFR),0,23,111,0,134,0,0,134,0,134,0,23,245,0,268,54,0,54,322
08/06/2002,PWK,IL,AGL,CE,Towers with Display (VFR),0,22,106,0,128,0,0,276,0,276,0,22,382,0,404,182,0,182,586
08/07/2002,PWK,IL,AGL,CE,Towers with Display (VFR),0,24,119,0,143,0,0,412,0,412,0,24,531,0,555,98,0,98,653
08/08/2002,PWK,IL,AGL,CE,Towers with Display (VFR),0,20,114,0,134,0,0,392,0,392,0,20,506,0,526,168,0,168,694
08/09/2002,PWK,IL,AGL,CE,Towers with Display (VFR),0,34,110,0,144,0,0,454,0,454,0,34,564,0,598,132,0,132,730
08/10/2002,PWK,IL,AGL,CE,Towers with Display (VFR),0,4,37,0,41,0,0,296,0,296,0,4,333,0,337,24,0,24,361
08/11/2002,PWK,IL,AGL,CE,Towers with Display (VFR),0,13,69,0,82,0,0,307,0,307,0,13,376,0,389,102,0,102,491
08/12/2002,PWK,IL,AGL,CE,Towers with Display (VFR),0,30,123,0,153,0,3,219,0,222,0,33,342,0,375,128,0,128,503
08/13/2002,PWK,IL,AGL,CE,Towers with Display (VFR),0,28,95,0,123,0,0,101,0,101,0,28,196,0,224,66,0,66,290
08/14/2002,PWK,IL,AGL,CE,Towers with Display (VFR),0,33,116,0,149,0,0,294,0,294,0,33,410,0,443,230,0,230,673
08/15/2002,PWK,IL,AGL,CE,Towers with Display (VFR),0,27,151,0,178,0,0,365,0,365,0,27,516,0,543,254,0,254,797
08/16/2002,PWK,IL,AGL,CE,Towers with Display (VFR),0,0,0,0,0,0,0,13,0,13,0,0,13,0,13,0,0,0,13
08/17/2002,PWK,IL,AGL,CE,Towers with Display (VFR),0,0,0,0,0,0,0,3,0,3,0,0,3,0,3,0,0,0,3
08/18/2002,PWK,IL,AGL,CE,Towers with Display (VFR),0,2,7,0,9,0,0,82,0,82,0,2,89,0,91,54,0,54,145
08/19/2002,PWK,IL,AGL,CE,Towers with Display (VFR),0,17,119,0,136,0,0,173,0,173,0,17,292,0,309,94,0,94,403
08/20/2002,PWK,IL,AGL,CE,Towers with Display (VFR),0,36,106,0,142,0,0,332,0,332,0,36,438,0,474,156,0,156,630
08/21/2002,PWK,IL,AGL,CE,Towers with Display (VFR),0,27,116,0,143,0,0,427,0,427,0,27,543,0,570,106,0,106,676
08/22/2002,PWK,IL,AGL,CE,Towers with Display (VFR),0,39,143,0,182,0,0,15,0,15,0,39,158,0,197,2,0,2,199
08/23/2002,PWK,IL,AGL,CE,Towers with Display (VFR),0,30,91,0,121,0,0,35,0,35,0,30,126,0,156,4,0,4,160
08/24/2002,PWK,IL,AGL,CE,Towers with Display (VFR),0,17,58,0,75,0,0,286,0,286,0,17,344,0,361,102,0,102,463
08/25/2002,PWK,IL,AGL,CE,Towers with Display (VFR),0,12,85,0,97,0,0,448,0,448,0,12,533,0,545,204,0,204,749
08/26/2002,PWK,IL,AGL,CE,Towers with Display (VFR),0,19,119,0,138,0,0,261,0,261,0,19,380,0,399,202,0,202,601
08/27/2002,PWK,IL,AGL,CE,Towers with Display (VFR),0,22,126,0,148,0,0,338,0,338,0,22,464,0,486,118,0,118,604
08/28/2002,PWK,IL,AGL,CE,Towers with Display (VFR),0,18,141,0,159,0,0,380,0,380,0,18,521,0,539,232,0,232,771
08/29/2002,PWK,IL,AGL,CE,Towers with Display (VFR),0,23,129,0,152,0,0,321,0,321,0,23,450,0,473,60,0,60,533
08/30/2002,PWK,IL,AGL,CE,Towers with Display (VFR),0,28,124,0,152,0,0,319,0,319,0,28,443,0,471,112,0,112,583
08/31/2002,PWK,IL,AGL,CE,Towers with Display (VFR),0,2,47,0,49,0,0,386,0,386,0,2,433,0,435,12,0,12,447
09/01/2002,PWK,IL,AGL,CE,Towers with Display (VFR),0,6,47,0,53,0,0,296,0,296,0,6,343,0,349,4,0,4,353
09/02/2002,PWK,IL,AGL,CE,Towers with Display (VFR),0,24,65,0,89,0,0,95,0,95,0,24,160,0,184,18,0,18,202
09/03/2002,PWK,IL,AGL,CE,Towers with Display (VFR),0,21,70,0,91,0,0,242,0,242,0,21,312,0,333,114,0,114,447
09/04/2002,PWK,IL,AGL,CE,Towers with Display (VFR),0,12,108,0,120,0,0,322,0,322,0,12,430,0,442,152,0,152,594
09/05/2002,PWK,IL,AGL,CE,Towers with Display (VFR),0,24,112,0,136,0,0,357,0,357,0,24,469,0,493,104,0,104,597
09/06/2002,PWK,IL,AGL,CE,Towers with Display (VFR),0,35,89,0,124,0,0,448,0,448,0,35,537,0,572,126,0,126,698
09/07/2002,PWK,IL,AGL,CE,Towers with Display (VFR),0,3,37,0,40,0,0,347,0,347,0,3,384,0,387,16,0,16,403
09/08/2002,PWK,IL,AGL,CE,Towers with Display (VFR),0,12,55,0,67,0,0,368,0,368,0,12,423,0,435,54,0,54,489
09/09/2002,PWK,IL,AGL,CE,Towers with Display (VFR),0,30,121,0,151,0,0,267,0,267,0,30,388,0,418,192,0,192,610
09/10/2002,PWK,IL,AGL,CE,Towers with Display (VFR),0,20,111,0,131,0,0,233,0,233,0,20,344,0,364,116,0,116,480
09/11/2002,PWK,IL,AGL,CE,Towers with Display (VFR),0,21,97,9,127,0,1,290,0,291,0,22,387,9,418,204,0,204,622
09/12/2002,PWK,IL,AGL,CE,Towers with Display (VFR),0,31,135,0,166,0,0,279,0,279,0,31,414,0,445,48,0,48,493
09/13/2002,PWK,IL,AGL,CE,Towers with Display (VFR),0,24,93,0,117,0,0,311,0,311,0,24,404,0,428,106,0,106,534
09/14/2002,PWK,IL,AGL,CE,Towers with Display (VFR),0,0,26,0,26,0,0,272,0,272,0,0,298,0,298,0,0,0,298
09/15/2002,PWK,IL,AGL,CE,Towers with Display (VFR),0,6,61,0,67,0,0,278,0,278,0,6,339,0,345,104,0,104,449
09/16/2002,PWK,IL,AGL,CE,Towers with Display (VFR),0,19,112,0,131,0,0,239,0,239,0,19,351,0,370,60,0,60,430
09/17/2002,PWK,IL,AGL,CE,Towers with Display (VFR),0,39,110,0,149,0,0,308,3,311,0,39,418,3,460,88,0,88,548
09/18/2002,PWK,IL,AGL,CE,Towers with Display (VFR),0,35,103,0,138,0,0,161,0,161,0,35,264,0,299,148,0,148,447
09/19/2002,PWK,IL,AGL,CE,Towers with Display (VFR),0,30,122,0,152,0,0,109,0,109,0,30,231,0,261,72,0,72,333
09/20/2002,PWK,IL,AGL,CE,Towers with Display (VFR),0,28,136,0,164,0,0,100,0,100,0,28,236,0,264,10,0,10,274
09/21/2002,PWK,IL,AGL,CE,Towers with Display (VFR),0,0,21,0,21,0,0,372,0,372,0,0,393,0,393,16,0,16,409
09/22/2002,PWK,IL,AGL,CE,Towers with Display (VFR),0,16,72,0,88,0,0,373,0,373,0,16,445,0,461,84,0,84,545
09/23/2002,PWK,IL,AGL,CE,Towers with Display (VFR),0,17,119,0,136,0,0,242,0,242,0,17,361,0,378,96,0,96,474
09/24/2002,PWK,IL,AGL,CE,Towers with Display (VFR),0,24,126,0,150,0,0,337,0,337,0,24,463,0,487,86,0,86,573
09/25/2002,PWK,IL,AGL,CE,Towers with Display (VFR),0,24,133,0,157,0,0,353,0,353,0,24,486,0,510,110,0,110,620
09/26/2002,PWK,IL,AGL,CE,Towers with Display (VFR),0,40,131,0,171,0,0,244,0,244,0,40,375,0,415,116,0,116,531
09/27/2002,PWK,IL,AGL,CE,Towers with Display (VFR),0,29,131,0,160,0,0,130,1,131,0,29,261,1,291,142,0,142,433
09/28/2002,PWK,IL,AGL,CE,Towers with Display (VFR),0,3,43,0,46,0,0,233,0,233,0,3,276,0,279,24,0,24,303
09/29/2002,PWK,IL,AGL,CE,Towers with Display (VFR),0,7,63,0,70,0,0,137,0,137,0,7,200,0,207,34,0,34,241
09/30/2002,PWK,IL,AGL,CE,Towers with Display (VFR),0,31,101,0,132,0,2,188,0,190,0,33,289,0,322,22,0,22,344
10/01/2002,PWK,IL,AGL,CE,Towers with Display (VFR),0,25,121,0,146,0,1,256,0,257,0,26,377,0,403,136,0,136,539
10/02/2002,PWK,IL,AGL,CE,Towers with Display (VFR),0,28,144,0,172,0,1,20,0,21,0,29,164,0,193,30,0,30,223
10/03/2002,PWK,IL,AGL,CE,Towers with Display (VFR),0,37,135,0,172,0,1,1,0,2,0,38,136,0,174,8,0,8,182
10/04/2002,PWK,IL,AGL,CE,Towers with Display (VFR),0,21,85,0,106,0,1,93,0,94,0,22,178,0,200,18,0,18,218
10/05/2002,PWK,IL,AGL,CE,Towers with Display (VFR),0,5,56,0,61,0,1,445,0,446,0,6,501,0,507,154,0,154,661
10/06/2002,PWK,IL,AGL,CE,Towers with Display (VFR),0,10,72,0,82,0,1,179,0,180,0,11,251,0,262,96,0,96,358
10/07/2002,PWK,IL,AGL,CE,Towers with Display (VFR),0,32,105,0,137,0,1,319,0,320,0,33,424,0,457,204,0,204,661
10/08/2002,PWK,IL,AGL,CE,Towers with Display (VFR),0,20,95,0,115,0,1,285,0,286,0,21,380,0,401,106,0,106,507
10/09/2002,PWK,IL,AGL,CE,Towers with Display (VFR),0,31,109,0,140,0,1,365,0,366,0,32,474,0,506,226,0,226,732
10/10/2002,PWK,IL,AGL,CE,Towers with Display (VFR),0,31,133,0,164,0,0,342,1,343,0,31,475,1,507,190,0,190,697
10/11/2002,PWK,IL,AGL,CE,Towers with Display (VFR),0,33,117,0,150,0,0,319,0,319,0,33,436,0,469,164,0,164,633
10/12/2002,PWK,IL,AGL,CE,Towers with Display (VFR),0,7,54,0,61,0,0,83,0,83,0,7,137,0,144,66,0,66,210
10/13/2002,PWK,IL,AGL,CE,Towers with Display (VFR),0,1,35,0,36,0,0,363,0,363,0,1,398,0,399,122,0,122,521
10/14/2002,PWK,IL,AGL,CE,Towers with Display (VFR),0,31,115,0,146,0,0,326,0,326,0,31,441,0,472,100,0,100,572
10/15/2002,PWK,IL,AGL,CE,Towers with Display (VFR),0,13,103,0,116,0,0,291,0,291,0,13,394,0,407,204,0,204,611
10/16/2002,PWK,IL,AGL,CE,Towers with Display (VFR),0,27,121,0,148,0,0,326,0,326,0,27,447,0,474,160,0,160,634
10/17/2002,PWK,IL,AGL,CE,Towers with Display (VFR),0,34,169,0,203,0,2,161,0,163,0,36,330,0,366,144,0,144,510
10/18/2002,PWK,IL,AGL,CE,Towers with Display (VFR),0,30,84,0,114,0,0,114,0,114,0,30,198,0,228,16,0,16,244
10/19/2002,PWK,IL,AGL,CE,Towers with Display (VFR),0,3,34,0,37,0,0,285,0,285,0,3,319,0,322,94,0,94,416
10/20/2002,PWK,IL,AGL,CE,Towers with Display (VFR),0,11,58,0,69,0,0,385,0,385,0,11,443,0,454,166,0,166,620
10/21/2002,PWK,IL,AGL,CE,Towers with Display (VFR),0,18,82,0,100,0,0,242,0,242,0,18,324,0,342,82,0,82,424
10/22/2002,PWK,IL,AGL,CE,Towers with Display (VFR),0,33,123,0,156,0,1,271,0,272,0,34,394,0,428,172,0,172,600
10/23/2002,PWK,IL,AGL,CE,Towers with Display (VFR),0,21,126,0,147,0,0,209,0,209,0,21,335,0,356,136,0,136,492
10/24/2002,PWK,IL,AGL,CE,Towers with Display (VFR),0,48,112,0,160,0,0,157,0,157,0,48,269,0,317,126,0,126,443
10/25/2002,PWK,IL,AGL,CE,Towers with Display (VFR),0,43,119,0,162,0,0,80,0,80,0,43,199,0,242,20,0,20,262
10/26/2002,PWK,IL,AGL,CE,Towers with Display (VFR),0,40,141,0,181,0,0,291,0,291,0,40,432,0,472,42,0,42,514
10/27/2002,PWK,IL,AGL,CE,Towers with Display (VFR),0,39,75,0,114,0,1,359,0,360,0,40,434,0,474,176,0,176,650
10/28/2002,PWK,IL,AGL,CE,Towers with Display (VFR),0,28,101,0,129,0,0,218,0,218,0,28,319,0,347,88,0,88,435
10/29/2002,PWK,IL,AGL,CE,Towers with Display (VFR),0,22,92,0,114,0,0,167,0,167,0,22,259,0,281,76,0,76,357
10/30/2002,PWK,IL,AGL,CE,Towers with Display (VFR),0,28,124,0,152,0,2,204,0,206,0,30,328,0,358,60,0,60,418
10/31/2002,PWK,IL,AGL,CE,Towers with Display (VFR),0,20,93,0,113,0,0,192,0,192,0,20,285,0,305,118,0,118,423
11/01/2002,PWK,IL,AGL,CE,Towers with Display (VFR),0,30,91,0,121,0,0,266,0,266,0,30,357,0,387,124,0,124,511
11/02/2002,PWK,IL,AGL,CE,Towers with Display (VFR),0,2,46,0,48,0,0,303,0,303,0,2,349,0,351,52,0,52,403
11/03/2002,PWK,IL,AGL,CE,Towers with Display (VFR),0,12,44,0,56,0,1,307,0,308,0,13,351,0,364,128,0,128,492
11/04/2002,PWK,IL,AGL,CE,Towers with Display (VFR),0,26,86,0,112,0,5,175,0,180,0,31,261,0,292,28,0,28,320
11/05/2002,PWK,IL,AGL,CE,Towers with Display (VFR),0,26,95,0,121,0,0,9,0,9,0,26,104,0,130,0,0,0,130
11/06/2002,PWK,IL,AGL,CE,Towers with Display (VFR),0,45,118,0,163,0,0,239,0,239,0,45,357,0,402,202,0,202,604
11/07/2002,PWK,IL,AGL,CE,Towers with Display (VFR),0,20,130,0,150,0,0,264,0,264,0,20,394,0,414,186,0,186,600
11/08/2002,PWK,IL,AGL,CE,Towers with Display (VFR),0,36,94,0,130,0,0,282,0,282,0,36,376,0,412,38,0,38,450
11/09/2002,PWK,IL,AGL,CE,Towers with Display (VFR),0,9,59,0,68,0,0,243,0,243,0,9,302,0,311,180,0,180,491
11/10/2002,PWK,IL,AGL,CE,Towers with Display (VFR),0,23,89,0,112,0,0,143,0,143,0,23,232,0,255,178,0,178,433
11/11/2002,PWK,IL,AGL,CE,Towers with Display (VFR),0,32,104,0,136,0,0,41,0,41,0,32,145,0,177,32,0,32,209
11/12/2002,PWK,IL,AGL,CE,Towers with Display (VFR),0,31,134,0,165,0,0,260,0,260,0,31,394,0,425,168,0,168,593
11/13/2002,PWK,IL,AGL,CE,Towers with Display (VFR),0,34,119,0,153,0,0,367,0,367,0,34,486,0,520,154,0,154,674
11/14/2002,PWK,IL,AGL,CE,Towers with Display (VFR),0,37,117,0,154,0,0,156,0,156,0,37,273,0,310,108,0,108,418
11/15/2002,PWK,IL,AGL,CE,Towers with Display (VFR),0,37,95,0,132,0,0,144,0,144,0,37,239,0,276,82,0,82,358
11/16/2002,PWK,IL,AGL,CE,Towers with Display (VFR),0,11,59,0,70,0,0,125,0,125,0,11,184,0,195,92,0,92,287
11/17/2002,PWK,IL,AGL,CE,Towers with Display (VFR),0,26,76,0,102,0,0,304,0,304,0,26,380,0,406,134,0,134,540
11/18/2002,PWK,IL,AGL,CE,Towers with Display (VFR),0,31,104,0,135,0,0,173,0,173,0,31,277,0,308,128,0,128,436
11/19/2002,PWK,IL,AGL,CE,Towers with Display (VFR),0,19,132,0,151,0,3,291,0,294,0,22,423,0,445,136,0,136,581
11/20/2002,PWK,IL,AGL,CE,Towers with Display (VFR),0,25,111,0,136,0,0,255,0,255,0,25,366,0,391,106,0,106,497
11/21/2002,PWK,IL,AGL,CE,Towers with Display (VFR),0,40,125,0,165,0,0,65,0,65,0,40,190,0,230,10,0,10,240
11/22/2002,PWK,IL,AGL,CE,Towers with Display (VFR),0,47,134,0,181,0,0,299,0,299,0,47,433,0,480,78,0,78,558
11/23/2002,PWK,IL,AGL,CE,Towers with Display (VFR),0,24,58,0,82,0,0,317,0,317,0,24,375,0,399,204,0,204,603
11/24/2002,PWK,IL,AGL,CE,Towers with Display (VFR),0,18,57,0,75,0,0,217,0,217,0,18,274,0,292,120,0,120,412
11/25/2002,PWK,IL,AGL,CE,Towers with Display (VFR),0,26,79,0,105,0,0,214,0,214,0,26,293,0,319,172,0,172,491
11/26/2002,PWK,IL,AGL,CE,Towers with Display (VFR),0,29,90,0,119,0,0,39,0,39,0,29,129,0,158,38,0,38,196
11/27/2002,PWK,IL,AGL,CE,Towers with Display (VFR),0,28,108,0,136,0,0,364,0,364,0,28,472,0,500,150,0,150,650
11/28/2002,PWK,IL,AGL,CE,Towers with Display (VFR),0,5,19,0,24,0,2,70,0,72,0,7,89,0,96,90,0,90,186
11/29/2002,PWK,IL,AGL,CE,Towers with Display (VFR),0,16,29,0,45,0,0,179,0,179,0,16,208,0,224,84,0,84,308
11/30/2002,PWK,IL,AGL,CE,Towers with Display (VFR),0,24,22,0,46,0,1,37,0,38,0,25,59,0,84,10,0,10,94
12/01/2002,PWK,IL,AGL,CE,Towers with Display (VFR),0,39,113,0,152,0,0,224,0,224,0,39,337,0,376,126,0,126,502
12/02/2002,PWK,IL,AGL,CE,Towers with Display (VFR),0,21,100,0,121,0,0,21,0,21,0,21,121,0,142,0,0,0,142
12/03/2002,PWK,IL,AGL,CE,Towers with Display (VFR),0,23,138,0,161,0,0,108,0,108,0,23,246,0,269,22,0,22,291
12/04/2002,PWK,IL,AGL,CE,Towers with Display (VFR),0,33,120,0,153,0,0,312,2,314,0,33,432,2,467,102,0,102,569
12/05/2002,PWK,IL,AGL,CE,Towers with Display (VFR),0,25,102,0,127,0,0,299,0,299,0,25,401,0,426,128,0,128,554
12/06/2002,PWK,IL,AGL,CE,Towers with Display (VFR),0,25,102,0,127,0,0,280,0,280,0,25,382,0,407,44,0,44,451
12/07/2002,PWK,IL,AGL,CE,Towers with Display (VFR),0,11,72,0,83,0,0,432,0,432,0,11,504,0,515,210,0,210,725
12/08/2002,PWK,IL,AGL,CE,Towers with Display (VFR),0,14,61,0,75,0,0,312,0,312,0,14,373,0,387,192,0,192,579
12/09/2002,PWK,IL,AGL,CE,Towers with Display (VFR),0,30,100,0,130,0,0,266,0,266,0,30,366,0,396,74,0,74,470
12/10/2002,PWK,IL,AGL,CE,Towers with Display (VFR),0,28,99,0,127,0,0,307,0,307,0,28,406,0,434,112,0,112,546
12/11/2002,PWK,IL,AGL,CE,Towers with Display (VFR),0,14,114,0,128,0,1,259,0,260,0,15,373,0,388,160,0,160,548
12/12/2002,PWK,IL,AGL,CE,Towers with Display (VFR),0,33,127,0,160,0,0,179,0,179,0,33,306,0,339,90,0,90,429
12/13/2002,PWK,IL,AGL,CE,Towers with Display (VFR),0,35,118,0,153,0,0,39,0,39,0,35,157,0,192,6,0,6,198
12/14/2002,PWK,IL,AGL,CE,Towers with Display (VFR),0,11,60,0,71,0,0,94,0,94,0,11,154,0,165,90,0,90,255
12/15/2002,PWK,IL,AGL,CE,Towers with Display (VFR),0,21,58,0,79,0,0,447,0,447,0,21,505,0,526,176,0,176,702
12/16/2002,PWK,IL,AGL,CE,Towers with Display (VFR),0,13,112,0,125,0,0,232,0,232,0,13,344,0,357,86,0,86,443
12/17/2002,PWK,IL,AGL,CE,Towers with Display (VFR),0,20,100,0,120,0,0,146,0,146,0,20,246,0,266,102,0,102,368
12/18/2002,PWK,IL,AGL,CE,Towers with Display (VFR),0,9,93,0,102,0,0,11,0,11,0,9,104,0,113,0,0,0,113
12/19/2002,PWK,IL,AGL,CE,Towers with Display (VFR),0,32,115,0,147,0,0,245,0,245,0,32,360,0,392,192,0,192,584
12/20/2002,PWK,IL,AGL,CE,Towers with Display (VFR),0,25,101,0,126,0,1,59,0,60,0,26,160,0,186,46,0,46,232
12/21/2002,PWK,IL,AGL,CE,Towers with Display (VFR),0,14,48,0,62,0,0,226,0,226,0,14,274,0,288,104,0,104,392
12/22/2002,PWK,IL,AGL,CE,Towers with Display (VFR),0,24,44,0,68,0,0,97,0,97,0,24,141,0,165,26,0,26,191
12/23/2002,PWK,IL,AGL,CE,Towers with Display (VFR),0,18,49,0,67,0,0,184,0,184,0,18,233,0,251,28,0,28,279
12/24/2002,PWK,IL,AGL,CE,Towers with Display (VFR),0,10,24,0,34,0,0,87,0,87,0,10,111,0,121,50,0,50,171
12/25/2002,PWK,IL,AGL,CE,Towers with Display (VFR),0,10,13,0,23,0,0,1,0,1,0,10,14,0,24,0,0,0,24
12/26/2002,PWK,IL,AGL,CE,Towers with Display (VFR),0,33,54,0,87,0,0,237,0,237,0,33,291,0,324,102,0,102,426
12/27/2002,PWK,IL,AGL,CE,Towers with Display (VFR),0,35,56,0,91,0,0,263,0,263,0,35,319,0,354,148,0,148,502
12/28/2002,PWK,IL,AGL,CE,Towers with Display (VFR),0,24,52,0,76,0,0,145,0,145,0,24,197,0,221,156,0,156,377
12/29/2002,PWK,IL,AGL,CE,Towers with Display (VFR),0,22,81,0,103,0,0,125,0,125,0,22,206,0,228,108,0,108,336
12/30/2002,PWK,IL,AGL,CE,Towers with Display (VFR),0,16,30,0,46,0,0,35,0,35,0,16,65,0,81,46,0,46,127
12/31/2002,PWK,IL,AGL,CE,Towers with Display (VFR),0,7,29,0,36,0,2,300,0,302,0,9,329,0,338,172,0,172,510
01/01/2003,PWK,IL,AGL,CE,Towers with Display (VFR),0,6,12,0,18,0,1,34,0,35,0,7,46,0,53,18,0,18,71
01/02/2003,PWK,IL,AGL,CE,Towers with Display (VFR),0,20,30,0,50,0,0,16,0,16,0,20,46,0,66,0,0,0,66
01/03/2003,PWK,IL,AGL,CE,Towers with Display (VFR),0,27,65,0,92,0,2,275,0,277,0,29,340,0,369,86,0,86,455
01/04/2003,PWK,IL,AGL,CE,Towers with Display (VFR),0,33,65,0,98,0,0,388,0,388,0,33,453,0,486,204,0,204,690
01/05/2003,PWK,IL,AGL,CE,Towers with Display (VFR),0,36,61,0,97,0,0,0,0,0,0,36,61,0,97,0,0,0,97
01/06/2003,PWK,IL,AGL,CE,Towers with Display (VFR),0,17,67,0,84,0,0,203,0,203,0,17,270,0,287,170,0,170,457
01/07/2003,PWK,IL,AGL,CE,Towers with Display (VFR),0,17,76,0,93,0,0,211,0,211,0,17,287,0,304,114,0,114,418
01/08/2003,PWK,IL,AGL,CE,Towers with Display (VFR),0,31,99,0,130,0,0,303,0,303,0,31,402,0,433,148,0,148,581
01/09/2003,PWK,IL,AGL,CE,Towers with Display (VFR),0,26,89,0,115,0,0,200,0,200,0,26,289,0,315,50,0,50,365
01/10/2003,PWK,IL,AGL,CE,Towers with Display (VFR),0,18,47,0,65,0,0,88,0,88,0,18,135,0,153,6,0,6,159
01/11/2003,PWK,IL,AGL,CE,Towers with Display (VFR),0,8,47,0,55,0,0,192,0,192,0,8,239,0,247,178,0,178,425
01/12/2003,PWK,IL,AGL,CE,Towers with Display (VFR),0,15,55,0,70,0,0,295,0,295,0,15,350,0,365,134,0,134,499
01/13/2003,PWK,IL,AGL,CE,Towers with Display (VFR),0,22,80,0,102,0,0,151,0,151,0,22,231,0,253,18,0,18,271
01/14/2003,PWK,IL,AGL,CE,Towers with Display (VFR),0,21,81,0,102,0,0,248,0,248,0,21,329,0,350,144,0,144,494
01/15/2003,PWK,IL,AGL,CE,Towers with Display (VFR),0,24,83,0,107,0,0,225,0,225,0,24,308,0,332,98,0,98,430
01/16/2003,PWK,IL,AGL,CE,Towers with Display (VFR),0,36,102,0,138,0,0,253,0,253,0,36,355,0,391,88,0,88,479
01/17/2003,PWK,IL,AGL,CE,Towers with Display (VFR),0,22,72,0,94,0,0,238,0,238,0,22,310,0,332,60,0,60,392
01/18/2003,PWK,IL,AGL,CE,Towers with Display (VFR),0,12,25,0,37,0,0,128,0,128,0,12,153,0,165,216,0,216,381
01/19/2003,PWK,IL,AGL,CE,Towers with Display (VFR),0,14,44,0,58,0,0,166,0,166,0,14,210,0,224,118,0,118,342
01/20/2003,PWK,IL,AGL,CE,Towers with Display (VFR),0,28,75,0,103,0,0,236,0,236,0,28,311,0,339,116,0,116,455
01/21/2003,PWK,IL,AGL,CE,Towers with Display (VFR),0,13,74,0,87,0,2,243,0,245,0,15,317,0,332,110,0,110,442
01/22/2003,PWK,IL,AGL,CE,Towers with Display (VFR),0,37,100,0,137,0,1,304,0,305,0,38,404,0,442,124,0,124,566
01/23/2003,PWK,IL,AGL,CE,Towers with Display (VFR),0,24,72,0,96,0,0,146,0,146,0,24,218,0,242,26,0,26,268
01/24/2003,PWK,IL,AGL,CE,Towers with Display (VFR),0,26,96,0,122,0,0,228,0,228,0,26,324,0,350,62,0,62,412
01/25/2003,PWK,IL,AGL,CE,Towers with Display (VFR),0,18,35,0,53,0,0,233,0,233,0,18,268,0,286,90,0,90,376
01/26/2003,PWK,IL,AGL,CE,Towers with Display (VFR),0,10,41,0,51,0,0,190,0,190,0,10,231,0,241,120,0,120,361
01/27/2003,PWK,IL,AGL,CE,Towers with Display (VFR),0,22,69,0,91,0,4,192,0,196,0,26,261,0,287,112,0,112,399
01/28/2003,PWK,IL,AGL,CE,Towers with Display (VFR),0,21,77,0,98,0,0,9,0,9,0,21,86,0,107,0,0,0,107
01/29/2003,PWK,IL,AGL,CE,Towers with Display (VFR),0,17,81,0,98,0,0,133,0,133,0,17,214,0,231,74,0,74,305
01/30/2003,PWK,IL,AGL,CE,Towers with Display (VFR),0,42,97,0,139,0,0,236,0,236,0,42,333,0,375,118,0,118,493
01/31/2003,PWK,IL,AGL,CE,Towers with Display (VFR),0,16,69,0,85,0,0,2,0,2,0,16,71,0,87,0,0,0,87
02/01/2003,PWK,IL,AGL,CE,Towers with Display (VFR),0,3,33,0,36,0,0,23,0,23,0,3,56,0,59,220,0,220,279
02/02/2003,PWK,IL,AGL,CE,Towers with Display (VFR),0,17,59,0,76,0,0,10,0,10,0,17,69,0,86,0,0,0,86
02/03/2003,PWK,IL,AGL,CE,Towers with Display (VFR),0,13,54,0,67,0,0,0,0,0,0,13,54,0,67,0,0,0,67
02/04/2003,PWK,IL,AGL,CE,Towers with Display (VFR),0,33,79,0,112,0,0,87,0,87,0,33,166,0,199,6,0,6,205
02/05/2003,PWK,IL,AGL,CE,Towers with Display (VFR),0,28,91,0,119,0,0,261,0,261,0,28,352,0,380,90,0,90,470
02/06/2003,PWK,IL,AGL,CE,Towers with Display (VFR),0,32,96,0,128,0,0,214,0,214,0,32,310,0,342,144,0,144,486
02/07/2003,PWK,IL,AGL,CE,Towers with Display (VFR),0,15,87,0,102,0,0,209,0,209,0,15,296,0,311,114,0,114,425
02/08/2003,PWK,IL,AGL,CE,Towers with Display (VFR),0,9,40,0,49,0,0,125,0,125,0,9,165,0,174,276,0,276,450
02/09/2003,PWK,IL,AGL,CE,Towers with Display (VFR),0,22,74,0,96,0,0,370,0,370,0,22,444,0,466,140,0,140,606
02/10/2003,PWK,IL,AGL,CE,Towers with Display (VFR),0,23,105,0,128,0,0,113,0,113,0,23,218,0,241,52,0,52,293
02/11/2003,PWK,IL,AGL,CE,Towers with Display (VFR),0,12,91,0,103,0,0,87,0,87,0,12,178,0,190,48,0,48,238
02/12/2003,PWK,IL,AGL,CE,Towers with Display (VFR),0,29,105,0,134,0,0,266,0,266,0,29,371,0,400,116,0,116,516
02/13/2003,PWK,IL,AGL,CE,Towers with Display (VFR),0,29,91,0,120,0,4,244,0,248,0,33,335,0,368,156,0,156,524
02/14/2003,PWK,IL,AGL,CE,Towers with Display (VFR),0,24,66,0,90,0,0,136,0,136,0,24,202,0,226,42,0,42,268
02/15/2003,PWK,IL,AGL,CE,Towers with Display (VFR),0,10,21,0,31,0,1,103,1,105,0,11,124,1,136,170,0,170,306
02/16/2003,PWK,IL,AGL,CE,Towers with Display (VFR),0,17,33,0,50,0,0,250,0,250,0,17,283,0,300,124,0,124,424
02/17/2003,PWK,IL,AGL,CE,Towers with Display (VFR),0,27,105,0,132,0,0,85,0,85,0,27,190,0,217,118,0,118,335
02/18/2003,PWK,IL,AGL,CE,Towers with Display (VFR),0,40,104,0,144,0,0,107,0,107,0,40,211,0,251,62,0,62,313
02/19/2003,PWK,IL,AGL,CE,Towers with Display (VFR),0,28,87,0,115,0,0,331,0,331,0,28,418,0,446,138,0,138,584
02/20/2003,PWK,IL,AGL,CE,Towers with Display (VFR),0,28,90,0,118,0,0,241,0,241,0,28,331,0,359,146,0,146,505
02/21/2003,PWK,IL,AGL,CE,Towers with Display (VFR),0,35,78,0,113,0,0,267,0,267,0,35,345,0,380,166,0,166,546
02/22/2003,PWK,IL,AGL,CE,Towers with Display (VFR),0,11,16,0,27,0,0,0,0,0,0,11,16,0,27,0,0,0,27
02/23/2003,PWK,IL,AGL,CE,Towers with Display (VFR),0,13,57,0,70,0,0,337,0,337,0,13,394,0,407,164,0,164,571
02/24/2003,PWK,IL,AGL,CE,Towers with Display (VFR),0,17,88,0,105,0,0,46,0,46,0,17,134,0,151,22,0,22,173
02/25/2003,PWK,IL,AGL,CE,Towers with Display (VFR),0,20,117,0,137,0,0,258,0,258,0,20,375,0,395,86,0,86,481
02/26/2003,PWK,IL,AGL,CE,Towers with Display (VFR),0,16,99,0,115,0,0,356,0,356,0,16,455,0,471,234,0,234,705
02/27/2003,PWK,IL,AGL,CE,Towers with Display (VFR),0,24,103,0,127,0,0,346,0,346,0,24,449,0,473,180,0,180,653
02/28/2003,PWK,IL,AGL,CE,Towers with Display (VFR),0,21,94,2,117,0,0,292,0,292,0,21,386,2,409,170,0,170,579
03/01/2003,PWK,IL,AGL,CE,Towers with Display (VFR),0,5,55,0,60,0,0,276,0,276,0,5,331,0,336,194,0,194,530
03/02/2003,PWK,IL,AGL,CE,Towers with Display (VFR),0,17,61,0,78,0,0,74,0,74,0,17,135,0,152,96,0,96,248
03/03/2003,PWK,IL,AGL,CE,Towers with Display (VFR),0,26,94,0,120,0,1,115,3,119,0,27,209,3,239,54,0,54,293
03/04/2003,PWK,IL,AGL,CE,Towers with Display (VFR),0,25,79,0,104,0,1,78,0,79,0,26,157,0,183,66,0,66,249
03/05/2003,PWK,IL,AGL,CE,Towers with Display (VFR),0,23,70,0,93,0,0,73,0,73,0,23,143,0,166,54,0,54,220
03/06/2003,PWK,IL,AGL,CE,Towers with Display (VFR),0,25,116,0,141,0,0,122,0,122,0,25,238,0,263,56,0,56,319
03/07/2003,PWK,IL,AGL,CE,Towers with Display (VFR),0,24,99,0,123,0,0,154,0,154,0,24,253,0,277,208,0,208,485
03/08/2003,PWK,IL,AGL,CE,Towers with Display (VFR),0,22,40,0,62,0,0,7,0,7,0,22,47,0,69,0,0,0,69
03/09/2003,PWK,IL,AGL,CE,Towers with Display (VFR),0,19,77,0,96,0,0,291,0,291,0,19,368,0,387,210,0,210,597
03/10/2003,PWK,IL,AGL,CE,Towers with Display (VFR),0,19,95,0,114,0,0,143,0,143,0,19,238,0,257,42,0,42,299
03/11/2003,PWK,IL,AGL,CE,Towers with Display (VFR),0,18,99,0,117,0,0,179,0,179,0,18,278,0,296,82,0,82,378
03/12/2003,PWK,IL,AGL,CE,Towers with Display (VFR),0,40,89,0,129,0,0,226,0,226,0,40,315,0,355,186,0,186,541
03/13/2003,PWK,IL,AGL,CE,Towers with Display (VFR),0,27,106,0,133,0,0,161,0,161,0,27,267,0,294,48,0,48,342
03/14/2003,PWK,IL,AGL,CE,Towers with Display (VFR),0,17,125,0,142,0,0,361,0,361,0,17,486,0,503,126,0,126,629
03/15/2003,PWK,IL,AGL,CE,Towers with Display (VFR),0,16,82,0,98,0,0,221,0,221,0,16,303,0,319,116,0,116,435
03/16/2003,PWK,IL,AGL,CE,Towers with Display (VFR),0,25,105,1,131,0,0,317,0,317,0,25,422,1,448,172,0,172,620
03/17/2003,PWK,IL,AGL,CE,Towers with Display (VFR),0,26,93,0,119,0,0,174,0,174,0,26,267,0,293,80,0,80,373
03/18/2003,PWK,IL,AGL,CE,Towers with Display (VFR),0,24,76,1,101,0,0,23,0,23,0,24,99,1,124,18,0,18,142
03/19/2003,PWK,IL,AGL,CE,Towers with Display (VFR),0,25,77,0,102,0,0,34,0,34,0,25,111,0,136,24,0,24,160
03/20/2003,PWK,IL,AGL,CE,Towers with Display (VFR),0,30,71,0,101,0,0,56,0,56,0,30,127,0,157,68,0,68,225
03/21/2003,PWK,IL,AGL,CE,Towers with Display (VFR),0,37,102,0,139,0,0,186,0,186,0,37,288,0,325,134,0,134,459
03/22/2003,PWK,IL,AGL,CE,Towers with Display (VFR),0,39,76,0,115,0,0,272,0,272,0,39,348,0,387,298,0,298,685
03/23/2003,PWK,IL,AGL,CE,Towers with Display (VFR),0,25,79,0,104,0,0,346,0,346,0,25,425,0,450,196,0,196,646
03/24/2003,PWK,IL,AGL,CE,Towers with Display (VFR),0,24,82,0,106,0,0,211,0,211,0,24,293,0,317,88,0,88,405
03/25/2003,PWK,IL,AGL,CE,Towers with Display (VFR),0,18,79,0,97,0,0,242,0,242,0,18,321,0,339,84,0,84,423
03/26/2003,PWK,IL,AGL,CE,Towers with Display (VFR),0,24,94,0,118,0,0,253,0,253,0,24,347,0,371,54,0,54,425
03/27/2003,PWK,IL,AGL,CE,Towers with Display (VFR),0,18,102,1,121,0,1,175,0,176,0,19,277,1,297,130,0,130,427
03/28/2003,PWK,IL,AGL,CE,Towers with Display (VFR),0,20,79,0,99,0,0,29,0,29,0,20,108,0,128,12,0,12,140
03/29/2003,PWK,IL,AGL,CE,Towers with Display (VFR),0,42,56,0,98,0,0,226,0,226,0,42,282,0,324,216,0,216,540
03/30/2003,PWK,IL,AGL,CE,Towers with Display (VFR),0,31,89,0,120,0,0,383,0,383,0,31,472,0,503,68,0,68,571
03/31/2003,PWK,IL,AGL,CE,Towers with Display (VFR),0,16,81,2,99,0,0,225,0,225,0,16,306,2,324,138,0,138,462
04/01/2003,PWK,IL,AGL,CE,Towers with Display (VFR),0,17,83,0,100,0,0,254,0,254,0,17,337,0,354,204,0,204,558
04/02/2003,PWK,IL,AGL,CE,Towers with Display (VFR),0,22,106,0,128,0,0,303,0,303,0,22,409,0,431,146,0,146,577
04/03/2003,PWK,IL,AGL,CE,Towers with Display (VFR),0,21,99,0,120,0,0,0,0,0,0,21,99,0,120,0,0,0,120
04/04/2003,PWK,IL,AGL,CE,Towers with Display (VFR),0,10,44,0,54,0,0,0,0,0,0,10,44,0,54,0,0,0,54
04/05/2003,PWK,IL,AGL,CE,Towers with Display (VFR),0,24,64,0,88,0,0,306,0,306,0,24,370,0,394,104,0,104,498
04/06/2003,PWK,IL,AGL,CE,Towers with Display (VFR),0,25,77,0,102,0,0,295,0,295,0,25,372,0,397,90,0,90,487
04/07/2003,PWK,IL,AGL,CE,Towers with Display (VFR),0,22,53,0,75,0,0,0,0,0,0,22,53,0,75,0,0,0,75
04/08/2003,PWK,IL,AGL,CE,Towers with Display (VFR),0,26,104,1,131,0,0,81,2,83,0,26,185,3,214,64,0,64,278
04/09/2003,PWK,IL,AGL,CE,Towers with Display (VFR),0,38,103,0,141,0,0,335,1,336,0,38,438,1,477,124,0,124,601
04/10/2003,PWK,IL,AGL,CE,Towers with Display (VFR),0,23,136,0,159,0,0,314,0,314,0,23,450,0,473,176,0,176,649
04/11/2003,PWK,IL,AGL,CE,Towers with Display (VFR),0,26,133,0,159,0,0,463,0,463,0,26,596,0,622,152,0,152,774
04/12/2003,PWK,IL,AGL,CE,Towers with Display (VFR),0,12,56,0,68,0,1,502,0,503,0,13,558,0,571,162,0,162,733
04/13/2003,PWK,IL,AGL,CE,Towers with Display (VFR),0,21,61,0,82,0,0,346,0,346,0,21,407,0,428,164,0,164,592
04/14/2003,PWK,IL,AGL,CE,Towers with Display (VFR),0,23,96,0,119,0,0,238,0,238,0,23,334,0,357,108,0,108,465
04/15/2003,PWK,IL,AGL,CE,Towers with Display (VFR),0,28,91,0,119,0,0,298,0,298,0,28,389,0,417,52,0,52,469
04/16/2003,PWK,IL,AGL,CE,Towers with Display (VFR),0,34,109,0,143,0,0,115,0,115,0,34,224,0,258,106,0,106,364
04/17/2003,PWK,IL,AGL,CE,Towers with Display (VFR),0,18,94,0,112,0,0,187,0,187,0,18,281,0,299,144,0,144,443
04/18/2003,PWK,IL,AGL,CE,Towers with Display (VFR),0,21,93,0,114,0,0,228,0,228,0,21,321,0,342,266,0,266,608
04/19/2003,PWK,IL,AGL,CE,Towers with Display (VFR),0,6,23,0,29,0,0,183,0,183,0,6,206,0,212,178,0,178,390
04/20/2003,PWK,IL,AGL,CE,Towers with Display (VFR),0,19,41,0,60,0,0,44,0,44,0,19,85,0,104,0,0,0,104
04/21/2003,PWK,IL,AGL,CE,Towers with Display (VFR),0,43,83,0,126,0,0,167,0,167,0,43,250,0,293,106,0,106,399
04/22/2003,PWK,IL,AGL,CE,Towers with Display (VFR),0,38,92,0,130,0,0,317,0,317,0,38,409,0,447,116,0,116,563
04/23/2003,PWK,IL,AGL,CE,Towers with Display (VFR),0,37,96,0,133,0,0,377,1,378,0,37,473,1,511,138,0,138,649
04/24/2003,PWK,IL,AGL,CE,Towers with Display (VFR),0,29,114,0,143,0,0,306,0,306,0,29,420,0,449,140,0,140,589
04/25/2003,PWK,IL,AGL,CE,Towers with Display (VFR),0,32,81,0,113,0,0,301,0,301,0,32,382,0,414,56,0,56,470
04/26/2003,PWK,IL,AGL,CE,Towers with Display (VFR),0,6,45,0,51,0,0,385,0,385,0,6,430,0,436,38,0,38,474
04/27/2003,PWK,IL,AGL,CE,Towers with Display (VFR),0,15,55,0,70,0,2,503,0,505,0,17,558,0,575,106,0,106,681
04/28/2003,PWK,IL,AGL,CE,Towers with Display (VFR),0,29,83,0,112,0,0,205,0,205,0,29,288,0,317,138,0,138,455
04/29/2003,PWK,IL,AGL,CE,Towers with Display (VFR),0,26,100,0,126,0,0,210,2,212,0,26,310,2,338,150,0,150,488
04/30/2003,PWK,IL,AGL,CE,Towers with Display (VFR),0,21,109,0,130,0,0,19,0,19,0,21,128,0,149,8,0,8,157
05/01/2003,PWK,IL,AGL,CE,Towers with Display (VFR),0,19,105,0,124,0,0,0,0,0,0,19,105,0,124,0,0,0,124
05/02/2003,PWK,IL,AGL,CE,Towers with Display (VFR),0,32,114,0,146,0,0,407,0,407,0,32,521,0,553,134,0,134,687
05/03/2003,PWK,IL,AGL,CE,Towers with Display (VFR),0,15,72,0,87,0,1,364,0,365,0,16,436,0,452,172,0,172,624
05/04/2003,PWK,IL,AGL,CE,Towers with Display (VFR),0,25,69,0,94,0,1,204,0,205,0,26,273,0,299,200,0,200,499
05/05/2003,PWK,IL,AGL,CE,Towers with Display (VFR),0,29,108,0,137,0,0,139,0,139,0,29,247,0,276,144,0,144,420
05/06/2003,PWK,IL,AGL,CE,Towers with Display (VFR),0,26,103,1,130,0,0,322,0,322,0,26,425,1,452,168,0,168,620
05/07/2003,PWK,IL,AGL,CE,Towers with Display (VFR),0,12,124,0,136,0,0,158,0,158,0,12,282,0,294,124,0,124,418
05/08/2003,PWK,IL,AGL,CE,Towers with Display (VFR),0,26,153,0,179,0,0,182,0,182,0,26,335,0,361,112,0,112,473
05/09/2003,PWK,IL,AGL,CE,Towers with Display (VFR),0,40,106,0,146,0,0,262,0,262,0,40,368,0,408,46,0,46,454
05/10/2003,PWK,IL,AGL,CE,Towers with Display (VFR),0,3,32,0,35,0,0,240,0,240,0,3,272,0,275,80,0,80,355
05/11/2003,PWK,IL,AGL,CE,Towers with Display (VFR),0,8,23,0,31,0,0,3,0,3,0,8,26,0,34,0,0,0,34
05/12/2003,PWK,IL,AGL,CE,Towers with Display (VFR),0,26,101,0,127,0,0,180,0,180,0,26,281,0,307,6,0,6,313
05/13/2003,PWK,IL,AGL,CE,Towers with Display (VFR),0,17,127,0,144,0,0,371,0,371,0,17,498,0,515,66,0,66,581
05/14/2003,PWK,IL,AGL,CE,Towers with Display (VFR),0,19,122,0,141,0,6,169,0,175,0,25,291,0,316,134,0,134,450
05/15/2003,PWK,IL,AGL,CE,Towers with Display (VFR),0,29,126,0,155,0,0,239,0,239,0,29,365,0,394,148,0,148,542
05/16/2003,PWK,IL,AGL,CE,Towers with Display (VFR),0,33,116,0,149,0,0,394,0,394,0,33,510,0,543,230,0,230,773
05/17/2003,PWK,IL,AGL,CE,Towers with Display (VFR),0,3,57,1,61,0,0,136,1,137,0,3,193,2,198,8,0,8,206
05/18/2003,PWK,IL,AGL,CE,Towers with Display (VFR),0,21,91,0,112,0,0,359,0,359,0,21,450,0,471,162,0,162,633
05/19/2003,PWK,IL,AGL,CE,Towers with Display (VFR),0,32,107,0,139,0,0,74,0,74,0,32,181,0,213,44,0,44,257
05/20/2003,PWK,IL,AGL,CE,Towers with Display (VFR),0,25,102,0,127,0,0,244,0,244,0,25,346,0,371,128,0,128,499
05/21/2003,PWK,IL,AGL,CE,Towers with Display (VFR),0,29,132,0,161,0,1,490,0,491,0,30,622,0,652,154,0,154,806
05/22/2003,PWK,IL,AGL,CE,Towers with Display (VFR),0,30,128,0,158,0,0,391,0,391,0,30,519,0,549,114,0,114,663
05/23/2003,PWK,IL,AGL,CE,Towers with Display (VFR),0,23,95,0,118,0,0,366,0,366,0,23,461,0,484,164,0,164,648
05/24/2003,PWK,IL,AGL,CE,Towers with Display (VFR),0,5,42,0,47,0,1,299,0,300,0,6,341,0,347,164,0,164,511
05/25/2003,PWK,IL,AGL,CE,Towers with Display (VFR),0,16,36,0,52,0,0,304,0,304,0,16,340,0,356,162,0,162,518
05/26/2003,PWK,IL,AGL,CE,Towers with Display (VFR),0,22,72,0,94,0,0,339,0,339,0,22,411,0,433,100,0,100,533
05/27/2003,PWK,IL,AGL,CE,Towers with Display (VFR),0,29,120,0,149,0,0,353,0,353,0,29,473,0,502,156,0,156,658
05/28/2003,PWK,IL,AGL,CE,Towers with Display (VFR),0,34,93,0,127,0,0,170,0,170,0,34,263,0,297,54,0,54,351
05/29/2003,PWK,IL,AGL,CE,Towers with Display (VFR),0,31,148,0,179,0,0,278,0,278,0,31,426,0,457,136,0,136,593
05/30/2003,PWK,IL,AGL,CE,Towers with Display (VFR),0,18,91,1,110,0,0,235,0,235,0,18,326,1,345,88,0,88,433
05/31/2003,PWK,IL,AGL,CE,Towers with Display (VFR),0,10,38,1,49,0,0,40,0,40,0,10,78,1,89,56,0,56,145
06/01/2003,PWK,IL,AGL,CE,Towers with Display (VFR),0,28,85,0,113,0,0,405,0,405,0,28,490,0,518,118,0,118,636
06/02/2003,PWK,IL,AGL,CE,Towers with Display (VFR),0,16,109,0,125,0,0,226,0,226,0,16,335,0,351,152,0,152,503
06/03/2003,PWK,IL,AGL,CE,Towers with Display (VFR),0,29,138,0,167,0,0,197,0,197,0,29,335,0,364,124,0,124,488
06/04/2003,PWK,IL,AGL,CE,Towers with Display (VFR),0,39,106,0,145,0,0,355,0,355,0,39,461,0,500,170,0,170,670
06/05/2003,PWK,IL,AGL,CE,Towers with Display (VFR),0,20,133,0,153,0,0,401,0,401,0,20,534,0,554,262,0,262,816
06/06/2003,PWK,IL,AGL,CE,Towers with Display (VFR),0,10,117,0,127,0,0,227,0,227,0,10,344,0,354,198,0,198,552
06/07/2003,PWK,IL,AGL,CE,Towers with Display (VFR),0,11,58,0,69,0,0,303,0,303,0,11,361,0,372,126,0,126,498
06/08/2003,PWK,IL,AGL,CE,Towers with Display (VFR),0,19,62,0,81,0,0,151,0,151,0,19,213,0,232,96,0,96,328
06/09/2003,PWK,IL,AGL,CE,Towers with Display (VFR),0,25,95,0,120,0,0,260,0,260,0,25,355,0,380,168,0,168,548
06/10/2003,PWK,IL,AGL,CE,Towers with Display (VFR),0,25,104,0,129,0,0,141,0,141,0,25,245,0,270,100,0,100,370
06/11/2003,PWK,IL,AGL,CE,Towers with Display (VFR),0,32,164,1,197,0,0,43,2,45,0,32,207,3,242,0,0,0,242
06/12/2003,PWK,IL,AGL,CE,Towers with Display (VFR),0,24,148,1,173,0,0,14,0,14,0,24,162,1,187,26,0,26,213
06/13/2003,PWK,IL,AGL,CE,Towers with Display (VFR),0,34,130,0,164,0,0,188,0,188,0,34,318,0,352,78,0,78,430
06/14/2003,PWK,IL,AGL,CE,Towers with Display (VFR),0,11,58,0,69,0,1,385,0,386,0,12,443,0,455,238,0,238,693
06/15/2003,PWK,IL,AGL,CE,Towers with Display (VFR),0,23,73,0,96,0,0,366,0,366,0,23,439,0,462,172,0,172,634
06/16/2003,PWK,IL,AGL,CE,Towers with Display (VFR),0,33,114,0,147,0,0,258,0,258,0,33,372,0,405,162,0,162,567
06/17/2003,PWK,IL,AGL,CE,Towers with Display (VFR),0,32,131,0,163,0,1,452,0,453,0,33,583,0,616,180,0,180,796
06/18/2003,PWK,IL,AGL,CE,Towers with Display (VFR),0,33,124,0,157,0,0,254,0,254,0,33,378,0,411,154,0,154,565
06/19/2003,PWK,IL,AGL,CE,Towers with Display (VFR),0,31,112,0,143,0,0,368,0,368,0,31,480,0,511,72,0,72,583
06/20/2003,PWK,IL,AGL,CE,Towers with Display (VFR),0,29,126,2,157,0,0,360,0,360,0,29,486,2,517,76,0,76,593
06/21/2003,PWK,IL,AGL,CE,Towers with Display (VFR),0,16,59,0,75,0,0,393,0,393,0,16,452,0,468,136,0,136,604
06/22/2003,PWK,IL,AGL,CE,Towers with Display (VFR),0,18,86,0,104,0,1,316,0,317,0,19,402,0,421,112,0,112,533
06/23/2003,PWK,IL,AGL,CE,Towers with Display (VFR),0,28,91,0,119,0,0,275,0,275,0,28,366,0,394,138,0,138,532
06/24/2003,PWK,IL,AGL,CE,Towers with Display (VFR),0,23,118,0,141,0,0,376,0,376,0,23,494,0,517,102,0,102,619
06/25/2003,PWK,IL,AGL,CE,Towers with Display (VFR),0,48,127,0,175,0,2,361,0,363,0,50,488,0,538,88,0,88,626
06/26/2003,PWK,IL,AGL,CE,Towers with Display (VFR),0,23,124,0,147,0,0,183,0,183,0,23,307,0,330,124,0,124,454
06/27/2003,PWK,IL,AGL,CE,Towers with Display (VFR),0,24,114,0,138,0,0,314,0,314,0,24,428,0,452,64,0,64,516
06/28/2003,PWK,IL,AGL,CE,Towers with Display (VFR),0,20,51,0,71,0,0,264,0,264,0,20,315,0,335,276,0,276,611
06/29/2003,PWK,IL,AGL,CE,Towers with Display (VFR),0,24,83,0,107,0,1,342,2,345,0,25,425,2,452,114,0,114,566
06/30/2003,PWK,IL,AGL,CE,Towers with Display (VFR),0,23,96,0,119,0,0,254,0,254,0,23,350,0,373,110,0,110,483
07/01/2003,PWK,IL,AGL,CE,Towers with Display (VFR),0,21,112,0,133,0,0,305,0,305,0,21,417,0,438,84,0,84,522
07/02/2003,PWK,IL,AGL,CE,Towers with Display (VFR),0,43,107,0,150,0,0,451,0,451,0,43,558,0,601,100,0,100,701
07/03/2003,PWK,IL,AGL,CE,Towers with Display (VFR),0,32,69,2,103,0,0,272,0,272,0,32,341,2,375,62,0,62,437
07/04/2003,PWK,IL,AGL,CE,Towers with Display (VFR),0,6,21,0,27,0,0,62,0,62,0,6,83,0,89,60,0,60,149
07/05/2003,PWK,IL,AGL,CE,Towers with Display (VFR),0,14,48,0,62,0,1,170,0,171,0,15,218,0,233,140,0,140,373
07/06/2003,PWK,IL,AGL,CE,Towers with Display (VFR),0,38,73,0,111,0,0,116,0,116,0,38,189,0,227,50,0,50,277
07/07/2003,PWK,IL,AGL,CE,Towers with Display (VFR),0,39,99,0,138,0,0,169,0,169,0,39,268,0,307,130,0,130,437
07/08/2003,PWK,IL,AGL,CE,Towers with Display (VFR),0,29,64,0,93,0,4,121,0,125,0,33,185,0,218,28,0,28,246
07/09/2003,PWK,IL,AGL,CE,Towers with Display (VFR),0,33,104,0,137,0,0,198,0,198,0,33,302,0,335,240,0,240,575
07/10/2003,PWK,IL,AGL,CE,Towers with Display (VFR),0,33,139,1,173,0,5,248,0,253,0,38,387,1,426,182,0,182,608
07/11/2003,PWK,IL,AGL,CE,Towers with Display (VFR),0,41,107,0,148,0,0,296,0,296,0,41,403,0,444,246,0,246,690
07/12/2003,PWK,IL,AGL,CE,Towers with Display (VFR),0,12,64,0,76,0,0,361,0,361,0,12,425,0,437,188,0,188,625
07/13/2003,PWK,IL,AGL,CE,Towers with Display (VFR),0,45,109,0,154,0,0,350,0,350,0,45,459,0,504,180,0,180,684
07/14/2003,PWK,IL,AGL,CE,Towers with Display (VFR),0,19,105,0,124,0,0,234,0,234,0,19,339,0,358,162,0,162,520
07/15/2003,PWK,IL,AGL,CE,Towers with Display (VFR),0,27,116,0,143,0,0,219,0,219,0,27,335,0,362,232,0,232,594
07/16/2003,PWK,IL,AGL,CE,Towers with Display (VFR),0,24,120,0,144,0,0,320,0,320,0,24,440,0,464,178,0,178,642
07/17/2003,PWK,IL,AGL,CE,Towers with Display (VFR),0,26,110,0,136,0,0,218,0,218,0,26,328,0,354,94,0,94,448
07/18/2003,PWK,IL,AGL,CE,Towers with Display (VFR),0,29,136,0,165,0,0,383,0,383,0,29,519,0,548,130,0,130,678
07/19/2003,PWK,IL,AGL,CE,Towers with Display (VFR),0,10,70,0,80,0,0,385,0,385,0,10,455,0,465,148,0,148,613
07/20/2003,PWK,IL,AGL,CE,Towers with Display (VFR),0,40,93,0,133,0,1,307,0,308,0,41,400,0,441,160,0,160,601
07/21/2003,PWK,IL,AGL,CE,Towers with Display (VFR),0,42,116,3,161,0,0,252,0,252,0,42,368,3,413,176,0,176,589
07/22/2003,PWK,IL,AGL,CE,Towers with Display (VFR),0,31,115,2,148,0,0,242,0,242,0,31,357,2,390,202,0,202,592
07/23/2003,PWK,IL,AGL,CE,Towers with Display (VFR),0,38,112,0,150,0,2,325,0,327,0,40,437,0,477,182,0,182,659
07/24/2003,PWK,IL,AGL,CE,Towers with Display (VFR),0,24,92,0,116,0,10,325,0,335,0,34,417,0,451,208,0,208,659
07/25/2003,PWK,IL,AGL,CE,Towers with Display (VFR),0,31,114,1,146,0,0,317,0,317,0,31,431,1,463,144,0,144,607
07/26/2003,PWK,IL,AGL,CE,Towers with Display (VFR),0,17,49,0,66,0,2,267,0,269,0,19,316,0,335,138,0,138,473
07/27/2003,PWK,IL,AGL,CE,Towers with Display (VFR),0,36,90,1,127,0,0,176,0,176,0,36,266,1,303,206,0,206,509
07/28/2003,PWK,IL,AGL,CE,Towers with Display (VFR),0,35,112,0,147,0,0,230,0,230,0,35,342,0,377,152,0,152,529
07/29/2003,PWK,IL,AGL,CE,Towers with Display (VFR),0,32,93,0,125,0,0,377,0,377,0,32,470,0,502,198,0,198,700
07/30/2003,PWK,IL,AGL,CE,Towers with Display (VFR),0,29,119,0,148,0,0,287,0,287,0,29,406,0,435,274,0,274,709
07/31/2003,PWK,IL,AGL,CE,Towers with Display (VFR),0,22,95,0,117,0,0,285,0,285,0,22,380,0,402,246,0,246,648
08/01/2003,PWK,IL,AGL,CE,Towers with Display (VFR),0,42,85,0,127,0,0,253,0,253,0,42,338,0,380,100,0,100,480
08/02/2003,PWK,IL,AGL,CE,Towers with Display (VFR),0,19,60,2,81,0,0,337,0,337,0,19,397,2,418,142,0,142,560
08/03/2003,PWK,IL,AGL,CE,Towers with Display (VFR),0,11,60,0,71,0,0,94,0,94,0,11,154,0,165,32,0,32,197
08/04/2003,PWK,IL,AGL,CE,Towers with Display (VFR),0,23,102,0,125,0,0,176,0,176,0,23,278,0,301,154,0,154,455
08/05/2003,PWK,IL,AGL,CE,Towers with Display (VFR),0,28,121,0,149,0,0,294,0,294,0,28,415,0,443,180,0,180,623
08/06/2003,PWK,IL,AGL,CE,Towers with Display (VFR),0,39,115,0,154,0,0,262,0,262,0,39,377,0,416,188,0,188,604
08/07/2003,PWK,IL,AGL,CE,Towers with Display (VFR),0,37,119,0,156,0,0,361,0,361,0,37,480,0,517,186,0,186,703
08/08/2003,PWK,IL,AGL,CE,Towers with Display (VFR),0,33,133,0,166,0,0,101,0,101,0,33,234,0,267,102,0,102,369
08/09/2003,PWK,IL,AGL,CE,Towers with Display (VFR),0,23,74,1,98,0,0,320,0,320,0,23,394,1,418,184,0,184,602
08/10/2003,PWK,IL,AGL,CE,Towers with Display (VFR),0,28,93,0,121,0,0,304,0,304,0,28,397,0,425,156,0,156,581
08/11/2003,PWK,IL,AGL,CE,Towers with Display (VFR),0,29,118,0,147,0,0,106,0,106,0,29,224,0,253,112,0,112,365
08/12/2003,PWK,IL,AGL,CE,Towers with Display (VFR),0,29,121,0,150,0,0,295,0,295,0,29,416,0,445,168,0,168,613
08/13/2003,PWK,IL,AGL,CE,Towers with Display (VFR),0,23,118,1,142,0,0,301,0,301,0,23,419,1,443,126,0,126,569
08/14/2003,PWK,IL,AGL,CE,Towers with Display (VFR),0,20,120,1,141,0,0,172,0,172,0,20,292,1,313,264,0,264,577
08/15/2003,PWK,IL,AGL,CE,Towers with Display (VFR),0,21,106,0,127,0,0,248,0,248,0,21,354,0,375,216,0,216,591
08/16/2003,PWK,IL,AGL,CE,Towers with Display (VFR),0,11,62,0,73,0,0,264,0,264,0,11,326,0,337,184,0,184,521
08/17/2003,PWK,IL,AGL,CE,Towers with Display (VFR),0,35,81,0,116,0,0,323,0,323,0,35,404,0,439,132,0,132,571
08/18/2003,PWK,IL,AGL,CE,Towers with Display (VFR),0,26,108,0,134,0,0,316,0,316,0,26,424,0,450,226,0,226,676
08/19/2003,PWK,IL,AGL,CE,Towers with Display (VFR),0,28,103,0,131,0,0,324,0,324,0,28,427,0,455,176,0,176,631
08/20/2003,PWK,IL,AGL,CE,Towers with Display (VFR),0,34,133,0,167,0,0,321,0,321,0,34,454,0,488,206,0,206,694
08/21/2003,PWK,IL,AGL,CE,Towers with Display (VFR),0,35,110,0,145,0,0,234,0,234,0,35,344,0,379,54,0,54,433
08/22/2003,PWK,IL,AGL,CE,Towers with Display (VFR),0,14,87,0,101,0,0,277,0,277,0,14,364,0,378,124,0,124,502
08/23/2003,PWK,IL,AGL,CE,Towers with Display (VFR),0,12,78,0,90,0,0,647,0,647,0,12,725,0,737,86,0,86,823
08/24/2003,PWK,IL,AGL,CE,Towers with Display (VFR),0,26,93,0,119,0,0,327,0,327,0,26,420,0,446,132,0,132,578
08/25/2003,PWK,IL,AGL,CE,Towers with Display (VFR),0,38,91,0,129,0,0,250,0,250,0,38,341,0,379,112,0,112,491
08/26/2003,PWK,IL,AGL,CE,Towers with Display (VFR),0,25,97,0,122,0,0,246,0,246,0,25,343,0,368,186,0,186,554
08/27/2003,PWK,IL,AGL,CE,Towers with Display (VFR),0,25,104,0,129,0,0,299,0,299,0,25,403,0,428,134,0,134,562
08/28/2003,PWK,IL,AGL,CE,Towers with Display (VFR),0,26,99,0,125,0,0,242,0,242,0,26,341,0,367,104,0,104,471
08/29/2003,PWK,IL,AGL,CE,Towers with Display (VFR),0,27,85,0,112,0,0,277,0,277,0,27,362,0,389,200,0,200,589
08/30/2003,PWK,IL,AGL,CE,Towers with Display (VFR),0,11,48,0,59,0,0,292,0,292,0,11,340,0,351,142,0,142,493
08/31/2003,PWK,IL,AGL,CE,Towers with Display (VFR),0,13,49,0,62,0,0,164,0,164,0,13,213,0,226,162,0,162,388
09/01/2003,PWK,IL,AGL,CE,Towers with Display (VFR),0,32,100,0,132,0,2,62,0,64,0,34,162,0,196,110,0,110,306
09/02/2003,PWK,IL,AGL,CE,Towers with Display (VFR),0,24,77,0,101,0,0,236,0,236,0,24,313,0,337,132,0,132,469
09/03/2003,PWK,IL,AGL,CE,Towers with Display (VFR),0,11,118,0,129,0,0,240,0,240,0,11,358,0,369,108,0,108,477
09/04/2003,PWK,IL,AGL,CE,Towers with Display (VFR),0,24,105,0,129,0,0,268,0,268,0,24,373,0,397,122,0,122,519
09/05/2003,PWK,IL,AGL,CE,Towers with Display (VFR),0,30,114,0,144,0,0,295,0,295,0,30,409,0,439,208,0,208,647
09/06/2003,PWK,IL,AGL,CE,Towers with Display (VFR),0,21,65,0,86,0,0,265,0,265,0,21,330,0,351,196,0,196,547
09/07/2003,PWK,IL,AGL,CE,Towers with Display (VFR),0,20,76,2,98,0,0,284,0,284,0,20,360,2,382,140,0,140,522
09/08/2003,PWK,IL,AGL,CE,Towers with Display (VFR),0,26,72,0,98,0,0,263,0,263,0,26,335,0,361,130,0,130,491
09/09/2003,PWK,IL,AGL,CE,Towers with Display (VFR),0,20,137,0,157,0,0,409,0,409,0,20,546,0,566,224,0,224,790
09/10/2003,PWK,IL,AGL,CE,Towers with Display (VFR),0,34,125,0,159,0,0,313,0,313,0,34,438,0,472,210,0,210,682
09/11/2003,PWK,IL,AGL,CE,Towers with Display (VFR),0,22,149,0,171,0,0,294,0,294,0,22,443,0,465,210,0,210,675
09/12/2003,PWK,IL,AGL,CE,Towers with Display (VFR),0,22,107,0,129,0,0,134,0,134,0,22,241,0,263,90,0,90,353
09/13/2003,PWK,IL,AGL,CE,Towers with Display (VFR),0,15,60,0,75,0,0,48,0,48,0,15,108,0,123,26,0,26,149
09/14/2003,PWK,IL,AGL,CE,Towers with Display (VFR),0,28,97,0,125,0,0,84,0,84,0,28,181,0,209,90,0,90,299
09/15/2003,PWK,IL,AGL,CE,Towers with Display (VFR),0,15,77,0,92,0,0,265,0,265,0,15,342,0,357,162,0,162,519
09/16/2003,PWK,IL,AGL,CE,Towers with Display (VFR),0,21,103,0,124,0,0,342,0,342,0,21,445,0,466,140,0,140,606
09/17/2003,PWK,IL,AGL,CE,Towers with Display (VFR),0,28,116,0,144,0,0,344,0,344,0,28,460,0,488,132,0,132,620
09/18/2003,PWK,IL,AGL,CE,Towers with Display (VFR),0,26,105,0,131,0,0,290,1,291,0,26,395,1,422,100,0,100,522
09/19/2003,PWK,IL,AGL,CE,Towers with Display (VFR),0,26,93,0,119,0,0,238,0,238,0,26,331,0,357,98,0,98,455
09/20/2003,PWK,IL,AGL,CE,Towers with Display (VFR),0,10,65,0,75,0,0,396,0,396,0,10,461,0,471,198,0,198,669
09/21/2003,PWK,IL,AGL,CE,Towers with Display (VFR),0,47,70,0,117,0,0,362,0,362,0,47,432,0,479,164,0,164,643
09/22/2003,PWK,IL,AGL,CE,Towers with Display (VFR),0,25,117,0,142,0,0,166,0,166,0,25,283,0,308,98,0,98,406
09/23/2003,PWK,IL,AGL,CE,Towers with Display (VFR),0,25,135,0,160,0,0,329,0,329,0,25,464,0,489,144,0,144,633
09/24/2003,PWK,IL,AGL,CE,Towers with Display (VFR),0,19,89,0,108,0,1,222,0,223,0,20,311,0,331,134,0,134,465
09/25/2003,PWK,IL,AGL,CE,Towers with Display (VFR),0,48,129,0,177,0,0,365,0,365,0,48,494,0,542,250,0,250,792
09/26/2003,PWK,IL,AGL,CE,Towers with Display (VFR),0,29,117,0,146,0,1,223,0,224,0,30,340,0,370,140,0,140,510
09/27/2003,PWK,IL,AGL,CE,Towers with Display (VFR),0,13,65,0,78,0,0,397,0,397,0,13,462,0,475,114,0,114,589
09/28/2003,PWK,IL,AGL,CE,Towers with Display (VFR),0,27,84,1,112,0,0,245,0,245,0,27,329,1,357,210,0,210,567
09/29/2003,PWK,IL,AGL,CE,Towers with Display (VFR),0,30,94,0,124,0,0,316,0,316,0,30,410,0,440,246,0,246,686
09/30/2003,PWK,IL,AGL,CE,Towers with Display (VFR),0,17,68,0,85,0,0,187,0,187,0,17,255,0,272,138,0,138,410
10/01/2003,PWK,IL,AGL,CE,Towers with Display (VFR),0,26,87,0,113,0,0,310,0,310,0,26,397,0,423,180,0,180,603
10/02/2003,PWK,IL,AGL,CE,Towers with Display (VFR),0,33,112,0,145,0,1,367,0,368,0,34,479,0,513,220,0,220,733
10/03/2003,PWK,IL,AGL,CE,Towers with Display (VFR),0,28,114,0,142,0,0,157,0,157,0,28,271,0,299,14,0,14,313
10/04/2003,PWK,IL,AGL,CE,Towers with Display (VFR),0,5,51,0,56,0,0,382,4,386,0,5,433,4,442,186,0,186,628
10/05/2003,PWK,IL,AGL,CE,Towers with Display (VFR),0,25,82,0,107,0,4,331,2,337,0,29,413,2,444,194,0,194,638
10/06/2003,PWK,IL,AGL,CE,Towers with Display (VFR),0,23,79,0,102,0,0,308,1,309,0,23,387,1,411,190,0,190,601
10/07/2003,PWK,IL,AGL,CE,Towers with Display (VFR),0,32,108,0,140,0,4,332,0,336,0,36,440,0,476,302,0,302,778
10/08/2003,PWK,IL,AGL,CE,Towers with Display (VFR),0,23,113,0,136,0,0,352,0,352,0,23,465,0,488,128,0,128,616
10/09/2003,PWK,IL,AGL,CE,Towers with Display (VFR),0,36,126,0,162,0,3,348,0,351,0,39,474,0,513,182,0,182,695
10/10/2003,PWK,IL,AGL,CE,Towers with Display (VFR),0,30,134,0,164,0,0,381,0,381,0,30,515,0,545,160,0,160,705
10/11/2003,PWK,IL,AGL,CE,Towers with Display (VFR),0,11,71,0,82,0,0,208,0,208,0,11,279,0,290,146,0,146,436
10/12/2003,PWK,IL,AGL,CE,Towers with Display (VFR),0,18,72,0,90,0,0,315,0,315,0,18,387,0,405,58,0,58,463
10/13/2003,PWK,IL,AGL,CE,Towers with Display (VFR),0,31,108,0,139,0,9,288,0,297,0,40,396,0,436,124,0,124,560
10/14/2003,PWK,IL,AGL,CE,Towers with Display (VFR),0,28,96,0,124,0,6,95,0,101,0,34,191,0,225,30,0,30,255
10/15/2003,PWK,IL,AGL,CE,Towers with Display (VFR),0,30,107,0,137,0,0,367,0,367,0,30,474,0,504,36,0,36,540
10/16/2003,PWK,IL,AGL,CE,Towers with Display (VFR),0,38,133,0,171,0,4,439,0,443,0,42,572,0,614,106,0,106,720
10/17/2003,PWK,IL,AGL,CE,Towers with Display (VFR),0,28,97,0,125,0,0,396,0,396,0,28,493,0,521,152,0,152,673
10/18/2003,PWK,IL,AGL,CE,Towers with Display (VFR),0,15,55,0,70,0,0,499,0,499,0,15,554,0,569,84,0,84,653
10/19/2003,PWK,IL,AGL,CE,Towers with Display (VFR),0,27,97,0,124,0,3,292,0,295,0,30,389,0,419,130,0,130,549
10/20/2003,PWK,IL,AGL,CE,Towers with Display (VFR),0,23,88,0,111,0,0,224,0,224,0,23,312,0,335,46,0,46,381
10/21/2003,PWK,IL,AGL,CE,Towers with Display (VFR),0,17,74,0,91,0,0,316,0,316,0,17,390,0,407,172,0,172,579
10/22/2003,PWK,IL,AGL,CE,Towers with Display (VFR),0,27,107,0,134,0,0,293,0,293,0,27,400,0,427,140,0,140,567
10/23/2003,PWK,IL,AGL,CE,Towers with Display (VFR),0,32,114,0,146,0,0,317,0,317,0,32,431,0,463,104,0,104,567
10/24/2003,PWK,IL,AGL,CE,Towers with Display (VFR),0,29,101,0,130,0,10,295,0,305,0,39,396,0,435,70,0,70,505
10/25/2003,PWK,IL,AGL,CE,Towers with Display (VFR),0,11,58,0,69,0,0,360,0,360,0,11,418,0,429,254,0,254,683
10/26/2003,PWK,IL,AGL,CE,Towers with Display (VFR),0,28,100,0,128,0,0,331,0,331,0,28,431,0,459,142,0,142,601
10/27/2003,PWK,IL,AGL,CE,Towers with Display (VFR),0,24,85,0,109,0,3,241,0,244,0,27,326,0,353,92,0,92,445
10/28/2003,PWK,IL,AGL,CE,Towers with Display (VFR),0,23,82,0,105,0,4,139,0,143,0,27,221,0,248,28,0,28,276
10/29/2003,PWK,IL,AGL,CE,Towers with Display (VFR),0,32,114,0,146,0,4,440,0,444,0,36,554,0,590,156,0,156,746
10/30/2003,PWK,IL,AGL,CE,Towers with Display (VFR),0,31,111,0,142,0,15,409,0,424,0,46,520,0,566,126,0,126,692
10/31/2003,PWK,IL,AGL,CE,Towers with Display (VFR),0,24,86,0,110,0,4,252,0,256,0,28,338,0,366,8,0,8,374
11/01/2003,PWK,IL,AGL,CE,Towers with Display (VFR),0,15,66,0,81,0,0,467,0,467,0,15,533,0,548,220,0,220,768
11/02/2003,PWK,IL,AGL,CE,Towers with Display (VFR),0,25,71,0,96,0,6,0,0,6,0,31,71,0,102,0,0,0,102
11/03/2003,PWK,IL,AGL,CE,Towers with Display (VFR),0,32,97,0,129,0,2,0,0,2,0,34,97,0,131,0,0,0,131
11/04/2003,PWK,IL,AGL,CE,Towers with Display (VFR),0,29,91,0,120,0,0,182,0,182,0,29,273,0,302,112,0,112,414
11/05/2003,PWK,IL,AGL,CE,Towers with Display (VFR),0,31,93,0,124,0,4,365,0,369,0,35,458,0,493,136,0,136,629
11/06/2003,PWK,IL,AGL,CE,Towers with Display (VFR),0,30,114,0,144,0,0,387,0,387,0,30,501,0,531,100,0,100,631
11/07/2003,PWK,IL,AGL,CE,Towers with Display (VFR),0,33,100,0,133,0,14,404,0,418,0,47,504,0,551,180,0,180,731
11/08/2003,PWK,IL,AGL,CE,Towers with Display (VFR),0,19,58,0,77,0,4,345,0,349,0,23,403,0,426,198,0,198,624
11/09/2003,PWK,IL,AGL,CE,Towers with Display (VFR),0,29,89,0,118,0,13,420,0,433,0,42,509,0,551,172,0,172,723
11/10/2003,PWK,IL,AGL,CE,Towers with Display (VFR),0,26,87,0,113,0,0,240,0,240,0,26,327,0,353,154,0,154,507
11/11/2003,PWK,IL,AGL,CE,Towers with Display (VFR),0,6,77,0,83,0,0,91,0,91,0,6,168,0,174,0,0,0,174
11/12/2003,PWK,IL,AGL,CE,Towers with Display (VFR),0,29,96,0,125,0,0,108,0,108,0,29,204,0,233,0,0,0,233
11/13/2003,PWK,IL,AGL,CE,Towers with Display (VFR),0,29,102,0,131,0,0,242,0,242,0,29,344,0,373,90,0,90,463
11/14/2003,PWK,IL,AGL,CE,Towers with Display (VFR),0,25,99,0,124,0,0,268,0,268,0,25,367,0,392,56,0,56,448
11/15/2003,PWK,IL,AGL,CE,Towers with Display (VFR),0,17,47,0,64,0,7,0,0,7,0,24,47,0,71,0,0,0,71
11/16/2003,PWK,IL,AGL,CE,Towers with Display (VFR),0,28,80,0,108,0,13,0,0,13,0,41,80,0,121,0,0,0,121
11/17/2003,PWK,IL,AGL,CE,Towers with Display (VFR),0,36,118,0,154,0,0,213,0,213,0,36,331,0,367,128,0,128,495
11/18/2003,PWK,IL,AGL,CE,Towers with Display (VFR),0,25,110,0,135,0,0,112,0,112,0,25,222,0,247,4,0,4,251
11/19/2003,PWK,IL,AGL,CE,Towers with Display (VFR),0,37,122,0,159,0,0,473,0,473,0,37,595,0,632,208,0,208,840
11/20/2003,PWK,IL,AGL,CE,Towers with Display (VFR),0,33,121,0,154,0,0,292,0,292,0,33,413,0,446,2,0,2,448
11/21/2003,PWK,IL,AGL,CE,Towers with Display (VFR),0,31,97,0,128,0,2,295,0,297,0,33,392,0,425,90,0,90,515
11/22/2003,PWK,IL,AGL,CE,Towers with Display (VFR),0,24,75,0,99,0,1,27,0,28,0,25,102,0,127,0,0,0,127
11/23/2003,PWK,IL,AGL,CE,Towers with Display (VFR),0,13,43,0,56,0,5,46,0,51,0,18,89,0,107,16,0,16,123
11/24/2003,PWK,IL,AGL,CE,Towers with Display (VFR),0,17,79,0,96,0,0,74,0,74,0,17,153,0,170,0,0,0,170
11/25/2003,PWK,IL,AGL,CE,Towers with Display (VFR),0,35,124,0,159,0,0,361,0,361,0,35,485,0,520,158,0,158,678
11/26/2003,PWK,IL,AGL,CE,Towers with Display (VFR),0,29,93,0,122,0,3,393,0,396,0,32,486,0,518,208,0,208,726
11/27/2003,PWK,IL,AGL,CE,Towers with Display (VFR),0,7,22,0,29,0,6,63,0,69,0,13,85,0,98,122,0,122,220
11/28/2003,PWK,IL,AGL,CE,Towers with Display (VFR),0,9,30,0,39,0,4,115,0,119,0,13,145,0,158,154,0,154,312
11/29/2003,PWK,IL,AGL,CE,Towers with Display (VFR),0,13,58,0,71,0,0,408,0,408,0,13,466,0,479,122,0,122,601
11/30/2003,PWK,IL,AGL,CE,Towers with Display (VFR),0,32,101,0,133,0,7,377,0,384,0,39,478,0,517,110,0,110,627
12/01/2003,PWK,IL,AGL,CE,Towers with Display (VFR),0,19,73,0,92,0,0,154,0,154,0,19,227,0,246,8,0,8,254
12/02/2003,PWK,IL,AGL,CE,Towers with Display (VFR),0,36,110,0,146,0,0,273,0,273,0,36,383,0,419,130,0,130,549
12/03/2003,PWK,IL,AGL,CE,Towers with Display (VFR),0,19,87,0,106,0,0,298,0,298,0,19,385,0,404,126,0,126,530
12/04/2003,PWK,IL,AGL,CE,Towers with Display (VFR),0,29,89,0,118,0,0,210,0,210,0,29,299,0,328,112,0,112,440
12/05/2003,PWK,IL,AGL,CE,Towers with Display (VFR),0,24,75,0,99,0,1,144,0,145,0,25,219,0,244,68,0,68,312
12/06/2003,PWK,IL,AGL,CE,Towers with Display (VFR),0,14,54,0,68,0,0,445,0,445,0,14,499,0,513,242,0,242,755
12/07/2003,PWK,IL,AGL,CE,Towers with Display (VFR),0,23,100,0,123,0,0,350,0,350,0,23,450,0,473,170,0,170,643
12/08/2003,PWK,IL,AGL,CE,Towers with Display (VFR),0,31,95,0,126,0,10,159,0,169,0,41,254,0,295,74,0,74,369
12/09/2003,PWK,IL,AGL,CE,Towers with Display (VFR),0,17,66,0,83,0,0,5,0,5,0,17,71,0,88,0,0,0,88
12/10/2003,PWK,IL,AGL,CE,Towers with Display (VFR),0,17,78,0,95,0,0,9,0,9,0,17,87,0,104,0,0,0,104
12/11/2003,PWK,IL,AGL,CE,Towers with Display (VFR),0,34,109,0,143,0,0,347,0,347,0,34,456,0,490,148,0,148,638
12/12/2003,PWK,IL,AGL,CE,Towers with Display (VFR),0,23,85,0,108,0,0,288,0,288,0,23,373,0,396,128,0,128,524
12/13/2003,PWK,IL,AGL,CE,Towers with Display (VFR),0,17,50,0,67,0,1,225,1,227,0,18,275,1,294,92,0,92,386
12/14/2003,PWK,IL,AGL,CE,Towers with Display (VFR),0,20,68,0,88,0,0,227,0,227,0,20,295,0,315,74,0,74,389
12/15/2003,PWK,IL,AGL,CE,Towers with Display (VFR),0,26,90,0,116,0,0,86,0,86,0,26,176,0,202,18,0,18,220
12/16/2003,PWK,IL,AGL,CE,Towers with Display (VFR),0,19,94,0,113,0,0,190,0,190,0,19,284,0,303,80,0,80,383
12/17/2003,PWK,IL,AGL,CE,Towers with Display (VFR),0,31,107,0,138,0,0,282,0,282,0,31,389,0,420,100,0,100,520
12/18/2003,PWK,IL,AGL,CE,Towers with Display (VFR),0,35,113,0,148,0,4,243,0,247,0,39,356,0,395,108,0,108,503
12/19/2003,PWK,IL,AGL,CE,Towers with Display (VFR),0,27,93,0,120,0,0,271,0,271,0,27,364,0,391,76,0,76,467
12/20/2003,PWK,IL,AGL,CE,Towers with Display (VFR),0,19,62,0,81,0,8,372,0,380,0,27,434,0,461,138,0,138,599
12/21/2003,PWK,IL,AGL,CE,Towers with Display (VFR),0,12,38,0,50,0,1,231,0,232,0,13,269,0,282,72,0,72,354
12/22/2003,PWK,IL,AGL,CE,Towers with Display (VFR),0,19,60,0,79,0,2,232,0,234,0,21,292,0,313,62,0,62,375
12/23/2003,PWK,IL,AGL,CE,Towers with Display (VFR),0,20,66,0,86,0,0,108,0,108,0,20,174,0,194,56,0,56,250
12/24/2003,PWK,IL,AGL,CE,Towers with Display (VFR),0,10,32,0,42,0,2,91,0,93,0,12,123,0,135,48,0,48,183
12/25/2003,PWK,IL,AGL,CE,Towers with Display (VFR),0,8,29,0,37,0,7,34,0,41,0,15,63,0,78,32,0,32,110
12/26/2003,PWK,IL,AGL,CE,Towers with Display (VFR),0,28,90,0,118,0,19,311,0,330,0,47,401,0,448,108,0,108,556
12/27/2003,PWK,IL,AGL,CE,Towers with Display (VFR),0,22,73,0,95,0,10,280,0,290,0,32,353,0,385,170,0,170,555
12/28/2003,PWK,IL,AGL,CE,Towers with Display (VFR),0,13,44,0,57,0,6,56,0,62,0,19,100,0,119,28,0,28,147
12/29/2003,PWK,IL,AGL,CE,Towers with Display (VFR),0,14,47,0,61,0,3,261,0,264,0,17,308,0,325,146,0,146,471
12/30/2003,PWK,IL,AGL,CE,Towers with Display (VFR),0,17,57,0,74,0,3,240,0,243,0,20,297,0,317,96,0,96,413
12/31/2003,PWK,IL,AGL,CE,Towers with Display (VFR),0,9,31,0,40,0,6,203,0,209,0,15,234,0,249,110,0,110,359
01/01/2004,PWK,IL,AGL,CE,Towers with Display (VFR),0,6,17,0,23,0,3,109,0,112,0,9,126,0,135,52,0,52,187
01/02/2004,PWK,IL,AGL,CE,Towers with Display (VFR),0,16,45,0,61,0,5,1,0,6,0,21,46,0,67,0,0,0,67
01/03/2004,PWK,IL,AGL,CE,Towers with Display (VFR),0,22,64,0,86,0,0,334,0,334,0,22,398,0,420,80,0,80,500
01/04/2004,PWK,IL,AGL,CE,Towers with Display (VFR),0,8,22,0,30,0,3,10,0,13,0,11,32,0,43,0,0,0,43
01/05/2004,PWK,IL,AGL,CE,Towers with Display (VFR),0,31,87,0,118,0,0,133,0,133,0,31,220,0,251,52,0,52,303
01/06/2004,PWK,IL,AGL,CE,Towers with Display (VFR),0,12,62,0,74,0,0,136,0,136,0,12,198,0,210,2,0,2,212
01/07/2004,PWK,IL,AGL,CE,Towers with Display (VFR),0,26,99,0,125,0,0,238,0,238,0,26,337,0,363,114,0,114,477
01/08/2004,PWK,IL,AGL,CE,Towers with Display (VFR),0,30,82,0,112,0,5,152,0,157,0,35,234,0,269,72,0,72,341
01/09/2004,PWK,IL,AGL,CE,Towers with Display (VFR),0,26,73,0,99,0,9,24,0,33,0,35,97,0,132,0,0,0,132
01/10/2004,PWK,IL,AGL,CE,Towers with Display (VFR),0,12,40,0,52,0,0,258,0,258,0,12,298,0,310,108,0,108,418
01/11/2004,PWK,IL,AGL,CE,Towers with Display (VFR),0,15,57,0,72,0,0,199,0,199,0,15,256,0,271,122,0,122,393
01/12/2004,PWK,IL,AGL,CE,Towers with Display (VFR),0,21,65,0,86,0,0,140,0,140,0,21,205,0,226,164,0,164,390
01/13/2004,PWK,IL,AGL,CE,Towers with Display (VFR),0,35,99,0,134,0,2,316,0,318,0,37,415,0,452,72,0,72,524
01/14/2004,PWK,IL,AGL,CE,Towers with Display (VFR),0,30,84,0,114,0,6,184,0,190,0,36,268,0,304,68,0,68,372
01/15/2004,PWK,IL,AGL,CE,Towers with Display (VFR),0,33,106,0,139,0,0,349,0,349,0,33,455,0,488,90,0,90,578
01/16/2004,PWK,IL,AGL,CE,Towers with Display (VFR),0,26,93,0,119,0,0,278,0,278,0,26,371,0,397,70,0,70,467
01/17/2004,PWK,IL,AGL,CE,Towers with Display (VFR),0,8,19,0,27,0,4,0,0,4,0,12,19,0,31,0,0,0,31
01/18/2004,PWK,IL,AGL,CE,Towers with Display (VFR),0,13,39,0,52,0,2,285,0,287,0,15,324,0,339,160,0,160,499
01/19/2004,PWK,IL,AGL,CE,Towers with Display (VFR),0,30,88,0,118,0,3,272,0,275,0,33,360,0,393,126,0,126,519
01/20/2004,PWK,IL,AGL,CE,Towers with Display (VFR),0,34,99,0,133,0,5,318,0,323,0,39,417,0,456,108,0,108,564
01/21/2004,PWK,IL,AGL,CE,Towers with Display (VFR),0,28,83,0,111,0,6,219,0,225,0,34,302,0,336,70,0,70,406
01/22/2004,PWK,IL,AGL,CE,Towers with Display (VFR),0,34,103,0,137,0,0,157,0,157,0,34,260,0,294,4,0,4,298
01/23/2004,PWK,IL,AGL,CE,Towers with Display (VFR),0,9,75,0,84,0,0,29,0,29,0,9,104,0,113,0,0,0,113
01/24/2004,PWK,IL,AGL,CE,Towers with Display (VFR),0,13,41,0,54,0,0,143,0,143,0,13,184,0,197,86,0,86,283
01/25/2004,PWK,IL,AGL,CE,Towers with Display (VFR),0,17,52,0,69,0,0,219,0,219,0,17,271,0,288,78,0,78,366
01/26/2004,PWK,IL,AGL,CE,Towers with Display (VFR),0,10,56,0,66,0,0,11,0,11,0,10,67,0,77,0,0,0,77
01/27/2004,PWK,IL,AGL,CE,Towers with Display (VFR),0,14,47,0,61,0,0,29,0,29,0,14,76,0,90,0,0,0,90
01/28/2004,PWK,IL,AGL,CE,Towers with Display (VFR),0,30,94,0,124,0,0,201,0,201,0,30,295,0,325,80,0,80,405
01/29/2004,PWK,IL,AGL,CE,Towers with Display (VFR),0,28,82,0,110,0,15,36,0,51,0,43,118,0,161,16,0,16,177
01/30/2004,PWK,IL,AGL,CE,Towers with Display (VFR),0,29,85,0,114,0,9,146,0,155,0,38,231,0,269,6,0,6,275
01/31/2004,PWK,IL,AGL,CE,Towers with Display (VFR),0,17,50,0,67,0,7,269,0,276,0,24,319,0,343,22,0,22,365
02/01/2004,PWK,IL,AGL,CE,Towers with Display (VFR),0,22,57,0,79,0,5,249,0,254,0,27,306,0,333,76,0,76,409
02/02/2004,PWK,IL,AGL,CE,Towers with Display (VFR),0,21,53,0,74,0,7,136,0,143,0,28,189,0,217,76,0,76,293
02/03/2004,PWK,IL,AGL,CE,Towers with Display (VFR),0,31,79,0,110,0,1,138,0,139,0,32,217,0,249,58,0,58,307
02/04/2004,PWK,IL,AGL,CE,Towers with Display (VFR),0,33,84,0,117,0,0,335,0,335,0,33,419,0,452,148,0,148,600
02/05/2004,PWK,IL,AGL,CE,Towers with Display (VFR),0,24,59,0,83,0,4,78,0,82,0,28,137,0,165,20,0,20,185
02/06/2004,PWK,IL,AGL,CE,Towers with Display (VFR),0,24,61,0,85,0,6,96,0,102,0,30,157,0,187,44,0,44,231
02/07/2004,PWK,IL,AGL,CE,Towers with Display (VFR),0,11,25,0,36,0,3,113,0,116,0,14,138,0,152,18,0,18,170
02/08/2004,PWK,IL,AGL,CE,Towers with Display (VFR),0,25,64,0,89,0,9,179,0,188,0,34,243,0,277,152,0,152,429
02/09/2004,PWK,IL,AGL,CE,Towers with Display (VFR),0,22,65,0,87,0,0,151,0,151,0,22,216,0,238,8,0,8,246
02/10/2004,PWK,IL,AGL,CE,Towers with Display (VFR),0,31,106,0,137,0,0,257,0,257,0,31,363,0,394,14,0,14,408
02/11/2004,PWK,IL,AGL,CE,Towers with Display (VFR),0,26,85,0,111,0,0,313,0,313,0,26,398,0,424,98,0,98,522
02/12/2004,PWK,IL,AGL,CE,Towers with Display (VFR),0,46,116,0,162,0,3,178,0,181,0,49,294,0,343,96,0,96,439
02/13/2004,PWK,IL,AGL,CE,Towers with Display (VFR),0,35,90,0,125,0,12,273,0,285,0,47,363,0,410,60,0,60,470
02/14/2004,PWK,IL,AGL,CE,Towers with Display (VFR),0,13,31,0,44,0,1,337,0,338,0,14,368,0,382,156,0,156,538
02/15/2004,PWK,IL,AGL,CE,Towers with Display (VFR),0,17,43,0,60,0,11,240,0,251,0,28,283,0,311,132,0,132,443
02/16/2004,PWK,IL,AGL,CE,Towers with Display (VFR),0,37,98,0,135,0,9,221,0,230,0,46,319,0,365,76,0,76,441
02/17/2004,PWK,IL,AGL,CE,Towers with Display (VFR),0,36,99,0,135,0,0,379,0,379,0,36,478,0,514,134,0,134,648
02/18/2004,PWK,IL,AGL,CE,Towers with Display (VFR),0,25,112,0,137,0,0,251,0,251,0,25,363,0,388,108,0,108,496
02/19/2004,PWK,IL,AGL,CE,Towers with Display (VFR),0,38,131,0,169,0,0,226,0,226,0,38,357,0,395,164,0,164,559
02/20/2004,PWK,IL,AGL,CE,Towers with Display (VFR),0,35,93,0,128,0,1,27,0,28,0,36,120,0,156,38,0,38,194
02/21/2004,PWK,IL,AGL,CE,Towers with Display (VFR),0,15,43,0,58,0,0,231,0,231,0,15,274,0,289,156,0,156,445
02/22/2004,PWK,IL,AGL,CE,Towers with Display (VFR),0,29,89,0,118,0,0,344,0,344,0,29,433,0,462,146,0,146,608
02/23/2004,PWK,IL,AGL,CE,Towers with Display (VFR),0,16,65,0,81,0,0,178,0,178,0,16,243,0,259,146,0,146,405
02/24/2004,PWK,IL,AGL,CE,Towers with Display (VFR),0,29,76,0,105,0,4,134,0,138,0,33,210,0,243,104,0,104,347
02/25/2004,PWK,IL,AGL,CE,Towers with Display (VFR),0,25,86,0,111,0,0,308,0,308,0,25,394,0,419,162,0,162,581
02/26/2004,PWK,IL,AGL,CE,Towers with Display (VFR),0,29,108,0,137,0,0,340,0,340,0,29,448,0,477,62,0,62,539
02/27/2004,PWK,IL,AGL,CE,Towers with Display (VFR),0,35,93,0,128,0,8,396,0,404,0,43,489,0,532,132,0,132,664
02/28/2004,PWK,IL,AGL,CE,Towers with Display (VFR),0,16,50,0,66,0,0,366,0,366,0,16,416,0,432,170,0,170,602
02/29/2004,PWK,IL,AGL,CE,Towers with Display (VFR),0,31,84,0,115,0,7,316,0,323,0,38,400,0,438,162,0,162,600
03/01/2004,PWK,IL,AGL,CE,Towers with Display (VFR),0,30,86,0,116,0,3,93,0,96,0,33,179,0,212,52,0,52,264
03/02/2004,PWK,IL,AGL,CE,Towers with Display (VFR),0,29,89,0,118,0,0,238,0,238,0,29,327,0,356,192,0,192,548
03/03/2004,PWK,IL,AGL,CE,Towers with Display (VFR),0,22,113,0,135,0,0,169,0,169,0,22,282,0,304,60,0,60,364
03/04/2004,PWK,IL,AGL,CE,Towers with Display (VFR),0,34,88,0,122,0,10,0,0,10,0,44,88,0,132,0,0,0,132
03/05/2004,PWK,IL,AGL,CE,Towers with Display (VFR),0,28,81,0,109,0,14,44,0,58,0,42,125,0,167,14,0,14,181
03/06/2004,PWK,IL,AGL,CE,Towers with Display (VFR),0,15,50,0,65,0,0,413,0,413,0,15,463,0,478,164,0,164,642
03/07/2004,PWK,IL,AGL,CE,Towers with Display (VFR),0,23,68,0,91,0,7,68,0,75,0,30,136,0,166,0,0,0,166
03/08/2004,PWK,IL,AGL,CE,Towers with Display (VFR),0,26,85,0,111,0,0,178,0,178,0,26,263,0,289,70,0,70,359
03/09/2004,PWK,IL,AGL,CE,Towers with Display (VFR),0,17,101,0,118,0,0,305,0,305,0,17,406,0,423,100,0,100,523
03/10/2004,PWK,IL,AGL,CE,Towers with Display (VFR),0,34,105,0,139,0,0,303,0,303,0,34,408,0,442,138,0,138,580
03/11/2004,PWK,IL,AGL,CE,Towers with Display (VFR),0,32,91,0,123,0,7,129,0,136,0,39,220,0,259,40,0,40,299
03/12/2004,PWK,IL,AGL,CE,Towers with Display (VFR),0,27,89,0,116,0,0,324,0,324,0,27,413,0,440,70,0,70,510
03/13/2004,PWK,IL,AGL,CE,Towers with Display (VFR),0,10,43,0,53,0,0,447,0,447,0,10,490,0,500,172,0,172,672
03/14/2004,PWK,IL,AGL,CE,Towers with Display (VFR),0,17,50,0,67,0,5,129,0,134,0,22,179,0,201,26,0,26,227
03/15/2004,PWK,IL,AGL,CE,Towers with Display (VFR),0,17,71,0,88,0,0,224,0,224,0,17,295,0,312,124,0,124,436
03/16/2004,PWK,IL,AGL,CE,Towers with Display (VFR),0,23,80,0,103,0,0,46,0,46,0,23,126,0,149,26,0,26,175
03/17/2004,PWK,IL,AGL,CE,Towers with Display (VFR),0,23,86,0,109,0,0,39,0,39,0,23,125,0,148,0,0,0,148
03/18/2004,PWK,IL,AGL,CE,Towers with Display (VFR),0,26,89,0,115,0,0,65,0,65,0,26,154,0,180,46,0,46,226
03/19/2004,PWK,IL,AGL,CE,Towers with Display (VFR),0,30,110,0,140,0,0,352,2,354,0,30,462,2,494,148,0,148,642
03/20/2004,PWK,IL,AGL,CE,Towers with Display (VFR),0,18,54,0,72,0,8,229,0,237,0,26,283,0,309,38,0,38,347
03/21/2004,PWK,IL,AGL,CE,Towers with Display (VFR),0,19,58,0,77,0,5,218,0,223,0,24,276,0,300,78,0,78,378
03/22/2004,PWK,IL,AGL,CE,Towers with Display (VFR),0,20,66,0,86,0,0,218,0,218,0,20,284,0,304,58,0,58,362
03/23/2004,PWK,IL,AGL,CE,Towers with Display (VFR),0,26,78,0,104,0,4,267,0,271,0,30,345,0,375,78,0,78,453
03/24/2004,PWK,IL,AGL,CE,Towers with Display (VFR),0,28,86,0,114,0,3,240,0,243,0,31,326,0,357,52,0,52,409
03/25/2004,PWK,IL,AGL,CE,Towers with Display (VFR),0,34,103,0,137,0,2,89,0,91,0,36,192,0,228,40,0,40,268
03/26/2004,PWK,IL,AGL,CE,Towers with Display (VFR),0,34,102,0,136,0,7,133,0,140,0,41,235,0,276,14,0,14,290
03/27/2004,PWK,IL,AGL,CE,Towers with Display (VFR),0,26,78,0,104,0,9,25,0,34,0,35,103,0,138,32,0,32,170
03/28/2004,PWK,IL,AGL,CE,Towers with Display (VFR),0,22,66,0,88,0,3,141,0,144,0,25,207,0,232,28,0,28,260
03/29/2004,PWK,IL,AGL,CE,Towers with Display (VFR),0,29,88,0,117,0,1,242,0,243,0,30,330,0,360,80,0,80,440
03/30/2004,PWK,IL,AGL,CE,Towers with Display (VFR),0,28,83,0,111,0,5,213,0,218,0,33,296,0,329,192,0,192,521
03/31/2004,PWK,IL,AGL,CE,Towers with Display (VFR),0,19,89,0,108,0,0,211,0,211,0,19,300,0,319,130,0,130,449
04/01/2004,PWK,IL,AGL,CE,Towers with Display (VFR),0,29,101,0,130,0,0,345,0,345,0,29,446,0,475,74,0,74,549
04/02/2004,PWK,IL,AGL,CE,Towers with Display (VFR),0,32,85,0,117,0,12,395,0,407,0,44,480,0,524,100,0,100,624
04/03/2004,PWK,IL,AGL,CE,Towers with Display (VFR),0,26,68,0,94,0,10,367,0,377,0,36,435,0,471,114,0,114,585
04/04/2004,PWK,IL,AGL,CE,Towers with Display (VFR),0,37,100,0,137,0,14,389,0,403,0,51,489,0,540,70,0,70,610
04/05/2004,PWK,IL,AGL,CE,Towers with Display (VFR),0,18,87,0,105,0,0,253,1,254,0,18,340,1,359,104,0,104,463
04/06/2004,PWK,IL,AGL,CE,Towers with Display (VFR),0,27,82,0,109,0,0,332,0,332,0,27,414,0,441,106,0,106,547
04/07/2004,PWK,IL,AGL,CE,Towers with Display (VFR),0,50,145,0,195,0,0,381,0,381,0,50,526,0,576,180,0,180,756
04/08/2004,PWK,IL,AGL,CE,Towers with Display (VFR),0,37,118,0,155,0,0,236,0,236,0,37,354,0,391,50,0,50,441
04/09/2004,PWK,IL,AGL,CE,Towers with Display (VFR),0,20,74,0,94,0,0,296,0,296,0,20,370,0,390,164,0,164,554
04/10/2004,PWK,IL,AGL,CE,Towers with Display (VFR),0,21,56,0,77,0,8,289,0,297,0,29,345,0,374,102,0,102,476
04/11/2004,PWK,IL,AGL,CE,Towers with Display (VFR),0,28,74,0,102,0,12,239,0,251,0,40,313,0,353,28,0,28,381
04/12/2004,PWK,IL,AGL,CE,Towers with Display (VFR),0,30,80,0,110,0,7,223,0,230,0,37,303,0,340,66,0,66,406
04/13/2004,PWK,IL,AGL,CE,Towers with Display (VFR),0,29,93,0,122,0,0,257,0,257,0,29,350,0,379,150,0,150,529
04/14/2004,PWK,IL,AGL,CE,Towers with Display (VFR),0,37,118,1,156,0,0,383,0,383,0,37,501,1,539,118,0,118,657
04/15/2004,PWK,IL,AGL,CE,Towers with Display (VFR),0,37,104,0,141,0,10,272,0,282,0,47,376,0,423,120,0,120,543
04/16/2004,PWK,IL,AGL,CE,Towers with Display (VFR),0,42,118,0,160,0,0,361,0,361,0,42,479,0,521,116,0,116,637
04/17/2004,PWK,IL,AGL,CE,Towers with Display (VFR),0,10,40,0,50,0,0,349,0,349,0,10,389,0,399,170,0,170,569
04/18/2004,PWK,IL,AGL,CE,Towers with Display (VFR),0,25,72,0,97,0,7,147,0,154,0,32,219,0,251,96,0,96,347
04/19/2004,PWK,IL,AGL,CE,Towers with Display (VFR),0,25,78,0,103,0,0,200,1,201,0,25,278,1,304,90,0,90,394
04/20/2004,PWK,IL,AGL,CE,Towers with Display (VFR),0,40,115,0,155,0,0,170,0,170,0,40,285,0,325,114,0,114,439
04/21/2004,PWK,IL,AGL,CE,Towers with Display (VFR),0,41,115,0,156,0,5,105,0,110,0,46,220,0,266,94,0,94,360
04/22/2004,PWK,IL,AGL,CE,Towers with Display (VFR),0,34,94,0,128,0,5,269,0,274,0,39,363,0,402,126,0,126,528
04/23/2004,PWK,IL,AGL,CE,Towers with Display (VFR),0,28,103,0,131,0,0,335,0,335,0,28,438,0,466,190,0,190,656
04/24/2004,PWK,IL,AGL,CE,Towers with Display (VFR),0,16,49,0,65,0,0,274,0,274,0,16,323,0,339,88,0,88,427
04/25/2004,PWK,IL,AGL,CE,Towers with Display (VFR),0,26,74,0,100,0,3,72,0,75,0,29,146,0,175,42,0,42,217
04/26/2004,PWK,IL,AGL,CE,Towers with Display (VFR),0,29,88,0,117,0,0,184,0,184,0,29,272,0,301,38,0,38,339
04/27/2004,PWK,IL,AGL,CE,Towers with Display (VFR),0,30,104,0,134,0,0,323,0,323,0,30,427,0,457,188,0,188,645
04/28/2004,PWK,IL,AGL,CE,Towers with Display (VFR),0,33,91,0,124,0,3,100,0,103,0,36,191,0,227,8,0,8,235
04/29/2004,PWK,IL,AGL,CE,Towers with Display (VFR),0,39,109,0,148,0,0,116,0,116,0,39,225,0,264,2,0,2,266
04/30/2004,PWK,IL,AGL,CE,Towers with Display (VFR),0,28,95,0,123,0,0,6,0,6,0,28,101,0,129,0,0,0,129
05/01/2004,PWK,IL,AGL,CE,Towers with Display (VFR),0,24,85,0,109,0,0,196,0,196,0,24,281,0,305,118,0,118,423
05/02/2004,PWK,IL,AGL,CE,Towers with Display (VFR),0,18,74,0,92,0,0,286,0,286,0,18,360,0,378,74,0,74,452
05/03/2004,PWK,IL,AGL,CE,Towers with Display (VFR),0,24,101,0,125,0,0,207,0,207,0,24,308,0,332,168,0,168,500
05/04/2004,PWK,IL,AGL,CE,Towers with Display (VFR),0,33,111,0,144,0,0,256,0,256,0,33,367,0,400,94,0,94,494
05/05/2004,PWK,IL,AGL,CE,Towers with Display (VFR),0,27,133,0,160,0,0,301,0,301,0,27,434,0,461,144,0,144,605
05/06/2004,PWK,IL,AGL,CE,Towers with Display (VFR),0,37,128,0,165,0,0,273,0,273,0,37,401,0,438,124,0,124,562
05/07/2004,PWK,IL,AGL,CE,Towers with Display (VFR),0,29,97,0,126,0,6,133,0,139,0,35,230,0,265,16,0,16,281
05/08/2004,PWK,IL,AGL,CE,Towers with Display (VFR),0,14,47,0,61,0,6,240,0,246,0,20,287,0,307,148,0,148,455
05/09/2004,PWK,IL,AGL,CE,Towers with Display (VFR),0,13,58,0,71,0,0,171,0,171,0,13,229,0,242,68,0,68,310
05/10/2004,PWK,IL,AGL,CE,Towers with Display (VFR),0,28,96,0,124,0,4,173,0,177,0,32,269,0,301,86,0,86,387
05/11/2004,PWK,IL,AGL,CE,Towers with Display (VFR),0,31,111,0,142,0,0,91,0,91,0,31,202,0,233,14,0,14,247
05/12/2004,PWK,IL,AGL,CE,Towers with Display (VFR),0,23,83,0,106,0,0,152,0,152,0,23,235,0,258,64,0,64,322
05/13/2004,PWK,IL,AGL,CE,Towers with Display (VFR),0,34,131,0,165,0,0,197,0,197,0,34,328,0,362,36,0,36,398
05/14/2004,PWK,IL,AGL,CE,Towers with Display (VFR),0,24,118,0,142,0,0,11,0,11,0,24,129,0,153,0,0,0,153
05/15/2004,PWK,IL,AGL,CE,Towers with Display (VFR),0,13,47,0,60,0,1,331,0,332,0,14,378,0,392,142,0,142,534
05/16/2004,PWK,IL,AGL,CE,Towers with Display (VFR),0,16,68,0,84,0,0,359,0,359,0,16,427,0,443,174,0,174,617
05/17/2004,PWK,IL,AGL,CE,Towers with Display (VFR),0,33,117,0,150,0,12,242,0,254,0,45,359,0,404,200,0,200,604
05/18/2004,PWK,IL,AGL,CE,Towers with Display (VFR),0,32,112,0,144,0,7,137,0,144,0,39,249,0,288,120,0,120,408
05/19/2004,PWK,IL,AGL,CE,Towers with Display (VFR),0,26,135,0,161,0,0,347,0,347,0,26,482,0,508,134,0,134,642
05/20/2004,PWK,IL,AGL,CE,Towers with Display (VFR),0,36,125,0,161,0,6,290,1,297,0,42,415,1,458,152,0,152,610
05/21/2004,PWK,IL,AGL,CE,Towers with Display (VFR),0,31,110,0,141,0,4,138,0,142,0,35,248,0,283,42,0,42,325
05/22/2004,PWK,IL,AGL,CE,Towers with Display (VFR),0,12,44,0,56,0,8,168,2,178,0,20,212,2,234,108,0,108,342
05/23/2004,PWK,IL,AGL,CE,Towers with Display (VFR),0,11,54,0,65,0,0,127,0,127,0,11,181,0,192,68,0,68,260
05/24/2004,PWK,IL,AGL,CE,Towers with Display (VFR),0,30,136,0,166,0,0,267,0,267,0,30,403,0,433,186,0,186,619
05/25/2004,PWK,IL,AGL,CE,Towers with Display (VFR),0,39,137,0,176,0,0,198,0,198,0,39,335,0,374,132,0,132,506
05/26/2004,PWK,IL,AGL,CE,Towers with Display (VFR),0,44,153,0,197,0,1,320,1,322,0,45,473,1,519,98,0,98,617
05/27/2004,PWK,IL,AGL,CE,Towers with Display (VFR),0,44,154,0,198,0,8,228,0,236,0,52,382,0,434,0,0,0,434
05/28/2004,PWK,IL,AGL,CE,Towers with Display (VFR),0,35,121,0,156,0,3,359,0,362,0,38,480,0,518,0,0,0,518
05/29/2004,PWK,IL,AGL,CE,Towers with Display (VFR),0,13,45,0,58,0,7,120,0,127,0,20,165,0,185,0,0,0,185
05/30/2004,PWK,IL,AGL,CE,Towers with Display (VFR),0,6,24,0,30,0,5,32,0,37,0,11,56,0,67,0,0,0,67
05/31/2004,PWK,IL,AGL,CE,Towers with Display (VFR),0,23,81,0,104,0,2,69,0,71,0,25,150,0,175,8,0,8,183
06/01/2004,PWK,IL,AGL,CE,Towers with Display (VFR),0,35,117,0,152,0,1,203,0,204,0,36,320,0,356,6,0,6,362
06/02/2004,PWK,IL,AGL,CE,Towers with Display (VFR),0,29,111,0,140,0,0,192,0,192,0,29,303,0,332,10,0,10,342
06/03/2004,PWK,IL,AGL,CE,Towers with Display (VFR),0,29,108,0,137,0,0,374,0,374,0,29,482,0,511,18,0,18,529
06/04/2004,PWK,IL,AGL,CE,Towers with Display (VFR),0,31,108,0,139,0,0,344,0,344,0,31,452,0,483,22,0,22,505
06/05/2004,PWK,IL,AGL,CE,Towers with Display (VFR),0,9,35,0,44,0,0,312,0,312,0,9,347,0,356,4,0,4,360
06/06/2004,PWK,IL,AGL,CE,Towers with Display (VFR),0,11,52,0,63,0,0,293,0,293,0,11,345,0,356,80,0,80,436
06/07/2004,PWK,IL,AGL,CE,Towers with Display (VFR),0,27,96,0,123,0,0,258,0,258,0,27,354,0,381,72,0,72,453
06/08/2004,PWK,IL,AGL,CE,Towers with Display (VFR),0,24,114,0,138,0,0,322,0,322,0,24,436,0,460,112,0,112,572
06/09/2004,PWK,IL,AGL,CE,Towers with Display (VFR),0,17,104,0,121,0,0,212,0,212,0,17,316,0,333,36,0,36,369
06/10/2004,PWK,IL,AGL,CE,Towers with Display (VFR),0,28,132,0,160,0,0,13,0,13,0,28,145,0,173,0,0,0,173
06/11/2004,PWK,IL,AGL,CE,Towers with Display (VFR),0,40,138,0,178,0,10,25,0,35,0,50,163,0,213,0,0,0,213
06/12/2004,PWK,IL,AGL,CE,Towers with Display (VFR),0,9,48,0,57,0,0,273,0,273,0,9,321,0,330,144,0,144,474
06/13/2004,PWK,IL,AGL,CE,Towers with Display (VFR),0,19,64,0,83,0,2,262,0,264,0,21,326,0,347,26,0,26,373
06/14/2004,PWK,IL,AGL,CE,Towers with Display (VFR),0,32,109,0,141,0,7,227,0,234,0,39,336,0,375,150,0,150,525
06/15/2004,PWK,IL,AGL,CE,Towers with Display (VFR),0,32,118,0,150,0,0,282,0,282,0,32,400,0,432,170,0,170,602
06/16/2004,PWK,IL,AGL,CE,Towers with Display (VFR),0,31,111,0,142,0,8,183,0,191,0,39,294,0,333,70,0,70,403
06/17/2004,PWK,IL,AGL,CE,Towers with Display (VFR),0,41,146,0,187,0,9,250,0,259,0,50,396,0,446,0,0,0,446
06/18/2004,PWK,IL,AGL,CE,Towers with Display (VFR),0,32,113,0,145,0,10,309,0,319,0,42,422,0,464,72,0,72,536
06/19/2004,PWK,IL,AGL,CE,Towers with Display (VFR),0,4,32,0,36,0,0,322,0,322,0,4,354,0,358,2,0,2,360
06/20/2004,PWK,IL,AGL,CE,Towers with Display (VFR),0,15,76,0,91,0,0,332,0,332,0,15,408,0,423,90,0,90,513
06/21/2004,PWK,IL,AGL,CE,Towers with Display (VFR),0,29,101,0,130,0,3,128,0,131,0,32,229,0,261,34,0,34,295
06/22/2004,PWK,IL,AGL,CE,Towers with Display (VFR),0,31,129,0,160,0,0,315,0,315,0,31,444,0,475,28,0,28,503
06/23/2004,PWK,IL,AGL,CE,Towers with Display (VFR),0,37,130,0,167,0,18,259,0,277,0,55,389,0,444,22,0,22,466
06/24/2004,PWK,IL,AGL,CE,Towers with Display (VFR),0,41,146,0,187,0,11,250,0,261,0,52,396,0,448,16,0,16,464
06/25/2004,PWK,IL,AGL,CE,Towers with Display (VFR),0,36,125,0,161,0,7,273,0,280,0,43,398,0,441,2,0,2,443
06/26/2004,PWK,IL,AGL,CE,Towers with Display (VFR),0,4,53,0,57,0,0,342,0,342,0,4,395,0,399,0,0,0,399
06/27/2004,PWK,IL,AGL,CE,Towers with Display (VFR),0,14,62,0,76,0,0,313,0,313,0,14,375,0,389,116,0,116,505
06/28/2004,PWK,IL,AGL,CE,Towers with Display (VFR),0,28,100,0,128,0,1,350,0,351,0,29,450,0,479,40,0,40,519
06/29/2004,PWK,IL,AGL,CE,Towers with Display (VFR),0,35,125,0,160,0,0,358,0,358,0,35,483,0,518,26,0,26,544
06/30/2004,PWK,IL,AGL,CE,Towers with Display (VFR),0,34,122,0,156,0,9,331,0,340,0,43,453,0,496,14,0,14,510
07/01/2004,PWK,IL,AGL,CE,Towers with Display (VFR),0,37,120,0,157,0,0,402,0,402,0,37,522,0,559,10,0,10,569
07/02/2004,PWK,IL,AGL,CE,Towers with Display (VFR),0,31,98,0,129,0,0,257,0,257,0,31,355,0,386,4,0,4,390
07/03/2004,PWK,IL,AGL,CE,Towers with Display (VFR),0,2,18,0,20,0,0,76,0,76,0,2,94,0,96,0,0,0,96
07/04/2004,PWK,IL,AGL,CE,Towers with Display (VFR),0,8,36,0,44,0,0,80,0,80,0,8,116,0,124,74,0,74,198
07/05/2004,PWK,IL,AGL,CE,Towers with Display (VFR),0,32,96,0,128,0,5,277,0,282,0,37,373,0,410,228,0,228,638
07/06/2004,PWK,IL,AGL,CE,Towers with Display (VFR),0,29,89,0,118,0,1,229,0,230,0,30,318,0,348,206,0,206,554
07/07/2004,PWK,IL,AGL,CE,Towers with Display (VFR),0,35,112,0,147,0,0,249,0,249,0,35,361,0,396,68,0,68,464
07/08/2004,PWK,IL,AGL,CE,Towers with Display (VFR),0,30,93,0,123,0,0,332,0,332,0,30,425,0,455,18,0,18,473
07/09/2004,PWK,IL,AGL,CE,Towers with Display (VFR),0,34,101,0,135,0,4,227,0,231,0,38,328,0,366,0,0,0,366
07/10/2004,PWK,IL,AGL,CE,Towers with Display (VFR),0,11,60,0,71,0,0,241,0,241,0,11,301,0,312,24,0,24,336
07/11/2004,PWK,IL,AGL,CE,Towers with Display (VFR),0,22,82,0,104,0,0,323,0,323,0,22,405,0,427,180,0,180,607
07/12/2004,PWK,IL,AGL,CE,Towers with Display (VFR),0,22,94,0,116,0,0,266,0,266,0,22,360,0,382,128,0,128,510
07/13/2004,PWK,IL,AGL,CE,Towers with Display (VFR),0,31,103,0,134,0,0,257,0,257,0,31,360,0,391,26,0,26,417
07/14/2004,PWK,IL,AGL,CE,Towers with Display (VFR),0,37,112,0,149,0,5,306,0,311,0,42,418,0,460,26,0,26,486
07/15/2004,PWK,IL,AGL,CE,Towers with Display (VFR),0,40,124,0,164,0,0,354,0,354,0,40,478,0,518,0,0,0,518
07/16/2004,PWK,IL,AGL,CE,Towers with Display (VFR),0,36,110,0,146,0,11,194,0,205,0,47,304,0,351,0,0,0,351
07/17/2004,PWK,IL,AGL,CE,Towers with Display (VFR),0,29,90,0,119,0,1,185,0,186,0,30,275,0,305,4,0,4,309
07/18/2004,PWK,IL,AGL,CE,Towers with Display (VFR),0,26,84,0,110,0,15,333,0,348,0,41,417,0,458,42,0,42,500
07/19/2004,PWK,IL,AGL,CE,Towers with Display (VFR),0,31,99,0,130,0,5,367,0,372,0,36,466,0,502,120,0,120,622
07/20/2004,PWK,IL,AGL,CE,Towers with Display (VFR),0,28,93,0,121,0,0,325,0,325,0,28,418,0,446,0,0,0,446
07/21/2004,PWK,IL,AGL,CE,Towers with Display (VFR),0,32,99,0,131,0,0,126,0,126,0,32,225,0,257,76,0,76,333
07/22/2004,PWK,IL,AGL,CE,Towers with Display (VFR),0,25,79,0,104,0,13,163,0,176,0,38,242,0,280,12,0,12,292
07/23/2004,PWK,IL,AGL,CE,Towers with Display (VFR),0,29,102,0,131,0,0,326,0,326,0,29,428,0,457,0,0,0,457
07/24/2004,PWK,IL,AGL,CE,Towers with Display (VFR),0,20,64,0,84,0,4,301,0,305,0,24,365,0,389,18,0,18,407
07/25/2004,PWK,IL,AGL,CE,Towers with Display (VFR),0,22,74,0,96,0,0,303,0,303,0,22,377,0,399,74,0,74,473
07/26/2004,PWK,IL,AGL,CE,Towers with Display (VFR),0,37,115,0,152,0,0,279,0,279,0,37,394,0,431,8,0,8,439
07/27/2004,PWK,IL,AGL,CE,Towers with Display (VFR),0,38,119,0,157,0,13,349,0,362,0,51,468,0,519,66,0,66,585
07/28/2004,PWK,IL,AGL,CE,Towers with Display (VFR),0,32,115,0,147,0,0,380,0,380,0,32,495,0,527,2,0,2,529
07/29/2004,PWK,IL,AGL,CE,Towers with Display (VFR),0,39,130,0,169,0,0,285,0,285,0,39,415,0,454,0,0,0,454
07/30/2004,PWK,IL,AGL,CE,Towers with Display (VFR),0,26,119,0,145,0,0,233,0,233,0,26,352,0,378,2,0,2,380
07/31/2004,PWK,IL,AGL,CE,Towers with Display (VFR),0,22,90,0,112,0,0,239,0,239,0,22,329,0,351,40,0,40,391
08/01/2004,PWK,IL,AGL,CE,Towers with Display (VFR),0,32,105,0,137,0,0,291,0,291,0,32,396,0,428,40,0,40,468
08/02/2004,PWK,IL,AGL,CE,Towers with Display (VFR),0,32,106,0,138,0,0,265,0,265,0,32,371,0,403,16,0,16,419
08/03/2004,PWK,IL,AGL,CE,Towers with Display (VFR),0,36,116,0,152,0,4,232,0,236,0,40,348,0,388,0,0,0,388
08/04/2004,PWK,IL,AGL,CE,Towers with Display (VFR),0,36,123,0,159,0,0,164,0,164,0,36,287,0,323,2,0,2,325
08/05/2004,PWK,IL,AGL,CE,Towers with Display (VFR),0,33,106,0,139,0,1,323,0,324,0,34,429,0,463,12,0,12,475
08/06/2004,PWK,IL,AGL,CE,Towers with Display (VFR),0,32,103,0,135,0,1,311,0,312,0,33,414,0,447,12,0,12,459
08/07/2004,PWK,IL,AGL,CE,Towers with Display (VFR),0,18,59,0,77,0,7,403,0,410,0,25,462,0,487,104,0,104,591
08/08/2004,PWK,IL,AGL,CE,Towers with Display (VFR),0,25,82,0,107,0,6,317,0,323,0,31,399,0,430,42,0,42,472
08/09/2004,PWK,IL,AGL,CE,Towers with Display (VFR),0,16,80,0,96,0,0,239,0,239,0,16,319,0,335,34,0,34,369
08/10/2004,PWK,IL,AGL,CE,Towers with Display (VFR),0,24,110,0,134,0,0,264,0,264,0,24,374,0,398,0,0,0,398
08/11/2004,PWK,IL,AGL,CE,Towers with Display (VFR),0,29,116,0,145,0,0,260,0,260,0,29,376,0,405,14,0,14,419
08/12/2004,PWK,IL,AGL,CE,Towers with Display (VFR),0,39,129,0,168,0,9,239,0,248,0,48,368,0,416,0,0,0,416
08/13/2004,PWK,IL,AGL,CE,Towers with Display (VFR),0,34,114,1,149,0,0,284,2,286,0,34,398,3,435,8,0,8,443
08/14/2004,PWK,IL,AGL,CE,Towers with Display (VFR),0,29,96,0,125,0,7,251,0,258,0,36,347,0,383,14,0,14,397
08/15/2004,PWK,IL,AGL,CE,Towers with Display (VFR),0,31,104,0,135,0,4,324,0,328,0,35,428,0,463,18,0,18,481
08/16/2004,PWK,IL,AGL,CE,Towers with Display (VFR),0,28,101,0,129,0,0,201,0,201,0,28,302,0,330,20,0,20,350
08/17/2004,PWK,IL,AGL,CE,Towers with Display (VFR),0,38,128,0,166,0,0,249,0,249,0,38,377,0,415,10,0,10,425
08/18/2004,PWK,IL,AGL,CE,Towers with Display (VFR),0,36,122,0,158,0,7,168,0,175,0,43,290,0,333,8,0,8,341
08/19/2004,PWK,IL,AGL,CE,Towers with Display (VFR),0,35,117,0,152,0,6,270,1,277,0,41,387,1,429,0,0,0,429
08/20/2004,PWK,IL,AGL,CE,Towers with Display (VFR),0,26,98,0,124,0,0,256,0,256,0,26,354,0,380,22,0,22,402
08/21/2004,PWK,IL,AGL,CE,Towers with Display (VFR),0,5,28,0,33,0,0,157,0,157,0,5,185,0,190,0,0,0,190
08/22/2004,PWK,IL,AGL,CE,Towers with Display (VFR),0,8,68,0,76,0,0,298,2,300,0,8,366,2,376,0,0,0,376
08/23/2004,PWK,IL,AGL,CE,Towers with Display (VFR),0,29,106,0,135,0,0,278,0,278,0,29,384,0,413,2,0,2,415
08/24/2004,PWK,IL,AGL,CE,Towers with Display (VFR),0,34,150,0,184,0,0,146,0,146,0,34,296,0,330,0,0,0,330
08/25/2004,PWK,IL,AGL,CE,Towers with Display (VFR),0,35,119,0,154,0,11,189,0,200,0,46,308,0,354,0,0,0,354
08/26/2004,PWK,IL,AGL,CE,Towers with Display (VFR),0,35,119,0,154,0,1,217,0,218,0,36,336,0,372,6,0,6,378
08/27/2004,PWK,IL,AGL,CE,Towers with Display (VFR),0,25,97,0,122,0,0,234,0,234,0,25,331,0,356,8,0,8,364
08/28/2004,PWK,IL,AGL,CE,Towers with Display (VFR),0,24,84,0,108,0,0,14,0,14,0,24,98,0,122,0,0,0,122
08/29/2004,PWK,IL,AGL,CE,Towers with Display (VFR),0,29,99,0,128,0,2,397,0,399,0,31,496,0,527,170,0,170,697
08/30/2004,PWK,IL,AGL,CE,Towers with Display (VFR),0,24,82,0,106,0,1,232,0,233,0,25,314,0,339,106,0,106,445
08/31/2004,PWK,IL,AGL,CE,Towers with Display (VFR),0,28,96,0,124,0,2,290,0,292,0,30,386,0,416,82,0,82,498
09/01/2004,PWK,IL,AGL,CE,Towers with Display (VFR),0,25,98,0,123,0,0,360,0,360,0,25,458,0,483,232,0,232,715
09/02/2004,PWK,IL,AGL,CE,Towers with Display (VFR),0,36,116,0,152,0,0,319,0,319,0,36,435,0,471,196,0,196,667
09/03/2004,PWK,IL,AGL,CE,Towers with Display (VFR),0,42,128,0,170,0,4,273,0,277,0,46,401,0,447,56,0,56,503
09/04/2004,PWK,IL,AGL,CE,Towers with Display (VFR),0,19,56,0,75,0,1,263,0,264,0,20,319,0,339,58,0,58,397
09/05/2004,PWK,IL,AGL,CE,Towers with Display (VFR),0,20,59,0,79,0,3,258,0,261,0,23,317,0,340,178,0,178,518
09/06/2004,PWK,IL,AGL,CE,Towers with Display (VFR),0,31,93,0,124,0,5,143,0,148,0,36,236,0,272,124,0,124,396
09/07/2004,PWK,IL,AGL,CE,Towers with Display (VFR),0,35,105,0,140,0,8,272,0,280,0,43,377,0,420,184,0,184,604
09/08/2004,PWK,IL,AGL,CE,Towers with Display (VFR),0,36,124,0,160,0,0,268,0,268,0,36,392,0,428,176,0,176,604
09/09/2004,PWK,IL,AGL,CE,Towers with Display (VFR),0,32,118,0,150,0,0,294,0,294,0,32,412,0,444,62,0,62,506
09/10/2004,PWK,IL,AGL,CE,Towers with Display (VFR),0,28,100,0,128,0,0,391,0,391,0,28,491,0,519,86,0,86,605
09/11/2004,PWK,IL,AGL,CE,Towers with Display (VFR),0,22,71,0,93,0,0,342,0,342,0,22,413,0,435,104,0,104,539
09/12/2004,PWK,IL,AGL,CE,Towers with Display (VFR),0,33,101,0,134,0,14,332,0,346,0,47,433,0,480,64,0,64,544
09/13/2004,PWK,IL,AGL,CE,Towers with Display (VFR),0,30,101,0,131,0,0,279,0,279,0,30,380,0,410,134,0,134,544
09/14/2004,PWK,IL,AGL,CE,Towers with Display (VFR),0,32,99,0,131,0,0,307,0,307,0,32,406,0,438,170,0,170,608
09/15/2004,PWK,IL,AGL,CE,Towers with Display (VFR),0,37,112,0,149,0,6,209,0,215,0,43,321,0,364,52,0,52,416
09/16/2004,PWK,IL,AGL,CE,Towers with Display (VFR),0,34,117,0,151,0,0,302,0,302,0,34,419,0,453,62,0,62,515
09/17/2004,PWK,IL,AGL,CE,Towers with Display (VFR),0,33,123,0,156,0,0,304,0,304,0,33,427,0,460,48,0,48,508
09/18/2004,PWK,IL,AGL,CE,Towers with Display (VFR),0,18,74,0,92,0,0,261,0,261,0,18,335,0,353,70,0,70,423
09/19/2004,PWK,IL,AGL,CE,Towers with Display (VFR),0,25,91,0,116,0,0,306,0,306,0,25,397,0,422,182,0,182,604
09/20/2004,PWK,IL,AGL,CE,Towers with Display (VFR),0,37,117,0,154,0,2,210,0,212,0,39,327,0,366,138,0,138,504
09/21/2004,PWK,IL,AGL,CE,Towers with Display (VFR),0,36,116,0,152,0,4,280,0,284,0,40,396,0,436,168,0,168,604
09/22/2004,PWK,IL,AGL,CE,Towers with Display (VFR),0,39,130,0,169,0,0,316,0,316,0,39,446,0,485,120,0,120,605
09/23/2004,PWK,IL,AGL,CE,Towers with Display (VFR),0,32,122,0,154,0,0,312,0,312,0,32,434,0,466,96,0,96,562
09/24/2004,PWK,IL,AGL,CE,Towers with Display (VFR),0,40,127,0,167,0,0,217,0,217,0,40,344,0,384,90,0,90,474
09/25/2004,PWK,IL,AGL,CE,Towers with Display (VFR),0,16,53,0,69,0,3,326,0,329,0,19,379,0,398,138,0,138,536
09/26/2004,PWK,IL,AGL,CE,Towers with Display (VFR),0,28,88,0,116,0,9,365,0,374,0,37,453,0,490,202,0,202,692
09/27/2004,PWK,IL,AGL,CE,Towers with Display (VFR),0,26,81,0,107,0,5,241,0,246,0,31,322,0,353,70,0,70,423
09/28/2004,PWK,IL,AGL,CE,Towers with Display (VFR),0,32,102,0,134,0,3,235,0,238,0,35,337,0,372,80,0,80,452
09/29/2004,PWK,IL,AGL,CE,Towers with Display (VFR),0,29,106,0,135,0,0,266,0,266,0,29,372,0,401,48,0,48,449
09/30/2004,PWK,IL,AGL,CE,Towers with Display (VFR),0,36,115,0,151,0,3,350,0,353,0,39,465,0,504,138,0,138,642
10/01/2004,PWK,IL,AGL,CE,Towers with Radar,0,45,108,0,153,0,0,187,0,187,0,45,295,0,340,2,0,2,342
10/02/2004,PWK,IL,AGL,CE,Towers with Radar,0,13,66,0,79,0,0,281,0,281,0,13,347,0,360,130,0,130,490
10/03/2004,PWK,IL,AGL,CE,Towers with Radar,0,25,102,0,127,0,0,255,0,255,0,25,357,0,382,114,0,114,496
10/04/2004,PWK,IL,AGL,CE,Towers with Radar,0,38,106,0,144,0,0,306,0,306,0,38,412,0,450,178,0,178,628
10/05/2004,PWK,IL,AGL,CE,Towers with Radar,0,27,100,0,127,0,1,247,0,248,0,28,347,0,375,138,0,138,513
10/06/2004,PWK,IL,AGL,CE,Towers with Radar,0,46,133,0,179,0,0,278,0,278,0,46,411,0,457,76,0,76,533
10/07/2004,PWK,IL,AGL,CE,Towers with Radar,0,38,111,0,149,0,0,237,0,237,0,38,348,0,386,16,0,16,402
10/08/2004,PWK,IL,AGL,CE,Towers with Radar,0,40,120,0,160,0,0,0,0,0,0,40,120,0,160,0,0,0,160
10/09/2004,PWK,IL,AGL,CE,Towers with Radar,0,32,81,0,113,0,0,325,0,325,0,32,406,0,438,108,0,108,546
10/10/2004,PWK,IL,AGL,CE,Towers with Radar,0,30,79,0,109,0,0,266,0,266,0,30,345,0,375,158,0,158,533
10/11/2004,PWK,IL,AGL,CE,Towers with Radar,0,39,94,0,133,0,0,238,0,238,0,39,332,0,371,58,0,58,429
10/12/2004,PWK,IL,AGL,CE,Towers with Radar,0,38,116,0,154,0,1,227,0,228,0,39,343,0,382,98,0,98,480
10/13/2004,PWK,IL,AGL,CE,Towers with Radar,0,30,121,0,151,0,0,194,0,194,0,30,315,0,345,50,0,50,395
10/14/2004,PWK,IL,AGL,CE,Towers with Radar,0,32,133,0,165,0,0,178,0,178,0,32,311,0,343,64,0,64,407
10/15/2004,PWK,IL,AGL,CE,Towers with Radar,0,37,97,0,134,0,0,118,0,118,0,37,215,0,252,44,0,44,296
10/16/2004,PWK,IL,AGL,CE,Towers with Radar,0,26,39,0,65,0,0,42,0,42,0,26,81,0,107,12,0,12,119
10/17/2004,PWK,IL,AGL,CE,Towers with Radar,0,29,71,0,100,0,0,257,0,257,0,29,328,0,357,64,0,64,421
10/18/2004,PWK,IL,AGL,CE,Towers with Radar,0,39,73,0,112,0,1,170,0,171,0,40,243,0,283,50,0,50,333
10/19/2004,PWK,IL,AGL,CE,Towers with Radar,0,34,129,0,163,0,4,116,0,120,0,38,245,0,283,40,0,40,323
10/20/2004,PWK,IL,AGL,CE,Towers with Radar,0,46,158,0,204,0,0,126,0,126,0,46,284,0,330,50,0,50,380
10/21/2004,PWK,IL,AGL,CE,Towers with Radar,0,35,119,0,154,0,0,220,0,220,0,35,339,0,374,80,0,80,454
10/22/2004,PWK,IL,AGL,CE,Towers with Radar,0,37,126,0,163,0,0,155,0,155,0,37,281,0,318,92,0,92,410
10/23/2004,PWK,IL,AGL,CE,Towers with Radar,0,20,48,0,68,0,3,45,0,48,0,23,93,0,116,0,0,0,116
10/24/2004,PWK,IL,AGL,CE,Towers with Radar,0,30,104,0,134,0,0,325,0,325,0,30,429,0,459,102,0,102,561
10/25/2004,PWK,IL,AGL,CE,Towers with Radar,0,27,97,0,124,0,0,300,1,301,0,27,397,1,425,114,0,114,539
10/26/2004,PWK,IL,AGL,CE,Towers with Radar,0,40,127,0,167,0,0,261,0,261,0,40,388,0,428,108,0,108,536
10/27/2004,PWK,IL,AGL,CE,Towers with Radar,0,33,125,0,158,0,0,0,0,0,0,33,125,0,158,0,0,0,158
10/28/2004,PWK,IL,AGL,CE,Towers with Radar,0,43,144,0,187,0,0,29,0,29,0,43,173,0,216,0,0,0,216
10/29/2004,PWK,IL,AGL,CE,Towers with Radar,0,35,95,0,130,0,0,94,0,94,0,35,189,0,224,16,0,16,240
10/30/2004,PWK,IL,AGL,CE,Towers with Radar,0,15,29,0,44,0,0,8,0,8,0,15,37,0,52,2,0,2,54
10/31/2004,PWK,IL,AGL,CE,Towers with Radar,0,22,85,0,107,0,0,275,0,275,0,22,360,0,382,64,0,64,446
11/01/2004,PWK,IL,AGL,CE,Towers with Radar,0,30,102,0,132,0,0,4,0,4,0,30,106,0,136,0,0,0,136
11/02/2004,PWK,IL,AGL,CE,Towers with Radar,0,36,75,0,111,0,0,65,0,65,0,36,140,0,176,126,0,126,302
11/03/2004,PWK,IL,AGL,CE,Towers with Radar,0,36,133,0,169,0,0,224,0,224,0,36,357,0,393,36,0,36,429
11/04/2004,PWK,IL,AGL,CE,Towers with Radar,0,40,118,0,158,0,0,100,0,100,0,40,218,0,258,10,0,10,268
11/05/2004,PWK,IL,AGL,CE,Towers with Radar,0,28,107,0,135,0,0,212,0,212,0,28,319,0,347,42,0,42,389
11/06/2004,PWK,IL,AGL,CE,Towers with Radar,0,16,46,0,62,0,0,309,0,309,0,16,355,0,371,88,0,88,459
11/07/2004,PWK,IL,AGL,CE,Towers with Radar,0,34,83,0,117,0,0,375,0,375,0,34,458,0,492,80,0,80,572
11/08/2004,PWK,IL,AGL,CE,Towers with Radar,0,35,105,0,140,0,0,257,0,257,0,35,362,0,397,132,0,132,529
11/09/2004,PWK,IL,AGL,CE,Towers with Radar,0,48,121,0,169,0,0,283,0,283,0,48,404,0,452,162,0,162,614
11/10/2004,PWK,IL,AGL,CE,Towers with Radar,0,50,118,0,168,0,0,206,0,206,0,50,324,0,374,54,0,54,428
11/11/2004,PWK,IL,AGL,CE,Towers with Radar,0,26,123,0,149,0,0,186,0,186,0,26,309,0,335,2,0,2,337
11/12/2004,PWK,IL,AGL,CE,Towers with Radar,0,37,104,0,141,0,0,295,0,295,0,37,399,0,436,16,0,16,452
11/13/2004,PWK,IL,AGL,CE,Towers with Radar,0,17,67,0,84,0,0,316,0,316,0,17,383,0,400,18,0,18,418
11/14/2004,PWK,IL,AGL,CE,Towers with Radar,0,43,100,0,143,0,4,329,0,333,0,47,429,0,476,54,0,54,530
11/15/2004,PWK,IL,AGL,CE,Towers with Radar,0,39,95,0,134,0,0,207,0,207,0,39,302,0,341,210,0,210,551
11/16/2004,PWK,IL,AGL,CE,Towers with Radar,0,43,151,0,194,0,0,160,0,160,0,43,311,0,354,150,0,150,504
11/17/2004,PWK,IL,AGL,CE,Towers with Radar,0,38,125,0,163,0,0,45,0,45,0,38,170,0,208,0,0,0,208
11/18/2004,PWK,IL,AGL,CE,Towers with Radar,0,48,179,0,227,0,0,6,0,6,0,48,185,0,233,0,0,0,233
11/19/2004,PWK,IL,AGL,CE,Towers with Radar,0,37,109,0,146,0,0,0,0,0,0,37,109,0,146,0,0,0,146
11/20/2004,PWK,IL,AGL,CE,Towers with Radar,0,23,79,0,102,0,0,95,0,95,0,23,174,0,197,60,0,60,257
11/21/2004,PWK,IL,AGL,CE,Towers with Radar,0,21,93,0,114,0,0,308,0,308,0,21,401,0,422,102,0,102,524
11/22/2004,PWK,IL,AGL,CE,Towers with Radar,0,39,91,0,130,0,0,194,0,194,0,39,285,0,324,0,0,0,324
11/23/2004,PWK,IL,AGL,CE,Towers with Radar,0,56,115,0,171,0,0,228,0,228,0,56,343,0,399,0,0,0,399
11/24/2004,PWK,IL,AGL,CE,Towers with Radar,0,10,47,0,57,0,0,17,0,17,0,10,64,0,74,4,0,4,78
11/25/2004,PWK,IL,AGL,CE,Towers with Radar,0,22,35,0,57,0,0,38,0,38,0,22,73,0,95,0,0,0,95
11/26/2004,PWK,IL,AGL,CE,Towers with Radar,0,14,41,0,55,0,0,168,0,168,0,14,209,0,223,0,0,0,223
11/27/2004,PWK,IL,AGL,CE,Towers with Radar,0,34,35,0,69,0,0,11,0,11,0,34,46,0,80,0,0,0,80
11/28/2004,PWK,IL,AGL,CE,Towers with Radar,0,38,104,0,142,0,1,318,0,319,0,39,422,0,461,158,0,158,619
11/29/2004,PWK,IL,AGL,CE,Towers with Radar,0,36,87,0,123,0,0,41,0,41,0,36,128,0,164,0,0,0,164
11/30/2004,PWK,IL,AGL,CE,Towers with Radar,0,32,88,0,120,0,0,87,0,87,0,32,175,0,207,16,0,16,223
12/01/2004,PWK,IL,AGL,CE,Towers with Radar,0,49,100,0,149,0,2,260,0,262,0,51,360,0,411,16,0,16,427
12/02/2004,PWK,IL,AGL,CE,Towers with Radar,0,50,102,0,152,0,3,227,0,230,0,53,329,0,382,0,0,0,382
12/03/2004,PWK,IL,AGL,CE,Towers with Radar,0,42,81,0,123,0,0,227,0,227,0,42,308,0,350,72,0,72,422
12/04/2004,PWK,IL,AGL,CE,Towers with Radar,0,24,39,0,63,0,0,225,0,225,0,24,264,0,288,68,0,68,356
12/05/2004,PWK,IL,AGL,CE,Towers with Radar,0,35,69,0,104,0,0,303,0,303,0,35,372,0,407,128,0,128,535
12/06/2004,PWK,IL,AGL,CE,Towers with Radar,0,21,97,0,118,0,0,29,1,30,0,21,126,1,148,0,0,0,148
12/07/2004,PWK,IL,AGL,CE,Towers with Radar,0,38,92,0,130,0,0,10,0,10,0,38,102,0,140,0,0,0,140
12/08/2004,PWK,IL,AGL,CE,Towers with Radar,0,32,125,0,157,0,0,173,0,173,0,32,298,0,330,60,0,60,390
12/09/2004,PWK,IL,AGL,CE,Towers with Radar,0,30,112,0,142,0,7,219,1,227,0,37,331,1,369,56,0,56,425
12/10/2004,PWK,IL,AGL,CE,Towers with Radar,0,35,75,0,110,0,0,0,0,0,0,35,75,0,110,0,0,0,110
12/11/2004,PWK,IL,AGL,CE,Towers with Radar,0,13,25,0,38,0,0,287,0,287,0,13,312,0,325,108,0,108,433
12/12/2004,PWK,IL,AGL,CE,Towers with Radar,0,19,34,0,53,0,0,16,0,16,0,19,50,0,69,0,0,0,69
12/13/2004,PWK,IL,AGL,CE,Towers with Radar,0,35,83,0,118,0,0,87,0,87,0,35,170,0,205,0,0,0,205
12/14/2004,PWK,IL,AGL,CE,Towers with Radar,0,34,109,1,144,0,0,267,0,267,0,34,376,1,411,68,0,68,479
12/15/2004,PWK,IL,AGL,CE,Towers with Radar,0,43,86,0,129,0,0,251,0,251,0,43,337,0,380,66,0,66,446
12/16/2004,PWK,IL,AGL,CE,Towers with Radar,0,29,87,0,116,0,0,195,0,195,0,29,282,0,311,74,0,74,385
12/17/2004,PWK,IL,AGL,CE,Towers with Radar,0,37,97,0,134,0,0,216,0,216,0,37,313,0,350,28,0,28,378
12/18/2004,PWK,IL,AGL,CE,Towers with Radar,0,17,48,0,65,0,0,158,0,158,0,17,206,0,223,36,0,36,259
12/19/2004,PWK,IL,AGL,CE,Towers with Radar,0,23,43,0,66,0,0,200,0,200,0,23,243,0,266,70,0,70,336
12/20/2004,PWK,IL,AGL,CE,Towers with Radar,0,32,71,0,103,0,0,105,0,105,0,32,176,0,208,0,0,0,208
12/21/2004,PWK,IL,AGL,CE,Towers with Radar,0,37,105,0,142,0,0,123,0,123,0,37,228,0,265,10,0,10,275
12/22/2004,PWK,IL,AGL,CE,Towers with Radar,0,27,65,0,92,0,0,216,0,216,0,27,281,0,308,90,0,90,398
12/23/2004,PWK,IL,AGL,CE,Towers with Radar,0,41,57,0,98,0,0,117,0,117,0,41,174,0,215,8,0,8,223
12/24/2004,PWK,IL,AGL,CE,Towers with Radar,0,6,27,0,33,0,0,37,0,37,0,6,64,0,70,0,0,0,70
12/25/2004,PWK,IL,AGL,CE,Towers with Radar,0,28,21,0,49,0,0,15,0,15,0,28,36,0,64,0,0,0,64
12/26/2004,PWK,IL,AGL,CE,Towers with Radar,0,45,66,0,111,0,0,215,0,215,0,45,281,0,326,40,0,40,366
12/27/2004,PWK,IL,AGL,CE,Towers with Radar,0,22,62,0,84,0,0,199,0,199,0,22,261,0,283,84,0,84,367
12/28/2004,PWK,IL,AGL,CE,Towers with Radar,0,22,45,0,67,0,0,192,0,192,0,22,237,0,259,40,0,40,299
12/29/2004,PWK,IL,AGL,CE,Towers with Radar,0,18,91,0,109,0,0,3,0,3,0,18,94,0,112,0,0,0,112
12/30/2004,PWK,IL,AGL,CE,Towers with Radar,0,17,28,0,45,0,0,0,0,0,0,17,28,0,45,0,0,0,45
12/31/2004,PWK,IL,AGL,CE,Towers with Radar,0,22,22,0,44,0,0,200,0,200,0,22,222,0,244,34,0,34,278
01/01/2005,PWK,IL,AGL,CE,Towers with Radar,0,24,41,0,65,0,0,140,0,140,0,24,181,0,205,20,0,20,225
01/02/2005,PWK,IL,AGL,CE,Towers with Radar,0,42,101,0,143,0,0,120,0,120,0,42,221,0,263,38,0,38,301
01/03/2005,PWK,IL,AGL,CE,Towers with Radar,0,31,50,0,81,0,0,21,0,21,0,31,71,0,102,0,0,0,102
01/04/2005,PWK,IL,AGL,CE,Towers with Radar,0,27,48,0,75,0,0,18,0,18,0,27,66,0,93,0,0,0,93
01/05/2005,PWK,IL,AGL,CE,Towers with Radar,0,5,17,0,22,0,0,0,0,0,0,5,17,0,22,0,0,0,22
01/06/2005,PWK,IL,AGL,CE,Towers with Radar,0,13,52,0,65,0,0,87,0,87,0,13,139,0,152,28,0,28,180
01/07/2005,PWK,IL,AGL,CE,Towers with Radar,0,20,64,0,84,0,0,100,0,100,0,20,164,0,184,12,0,12,196
01/08/2005,PWK,IL,AGL,CE,Towers with Radar,0,13,39,0,52,0,0,148,0,148,0,13,187,0,200,140,0,140,340
01/09/2005,PWK,IL,AGL,CE,Towers with Radar,0,29,57,0,86,0,0,67,0,67,0,29,124,0,153,72,0,72,225
01/10/2005,PWK,IL,AGL,CE,Towers with Radar,0,21,81,0,102,0,0,120,0,120,0,21,201,0,222,68,0,68,290
01/11/2005,PWK,IL,AGL,CE,Towers with Radar,0,23,59,0,82,0,1,1,0,2,0,24,60,0,84,0,0,0,84
01/12/2005,PWK,IL,AGL,CE,Towers with Radar,0,33,67,0,100,0,0,18,0,18,0,33,85,0,118,0,0,0,118
01/13/2005,PWK,IL,AGL,CE,Towers with Radar,0,27,79,0,106,0,0,59,0,59,0,27,138,0,165,22,0,22,187
01/14/2005,PWK,IL,AGL,CE,Towers with Radar,0,29,109,0,138,0,0,192,0,192,0,29,301,0,330,48,0,48,378
01/15/2005,PWK,IL,AGL,CE,Towers with Radar,0,14,48,0,62,0,0,219,0,219,0,14,267,0,281,54,0,54,335
01/16/2005,PWK,IL,AGL,CE,Towers with Radar,0,23,47,0,70,0,5,163,0,168,0,28,210,0,238,68,0,68,306
01/17/2005,PWK,IL,AGL,CE,Towers with Radar,0,27,92,0,119,0,0,220,0,220,0,27,312,0,339,106,0,106,445
01/18/2005,PWK,IL,AGL,CE,Towers with Radar,0,43,93,0,136,0,0,181,0,181,0,43,274,0,317,30,0,30,347
01/19/2005,PWK,IL,AGL,CE,Towers with Radar,0,32,83,0,115,0,0,67,0,67,0,32,150,0,182,64,0,64,246
01/20/2005,PWK,IL,AGL,CE,Towers with Radar,0,25,66,0,91,0,0,0,0,0,0,25,66,0,91,0,0,0,91
01/21/2005,PWK,IL,AGL,CE,Towers with Radar,0,25,74,0,99,0,0,90,0,90,0,25,164,0,189,22,0,22,211
01/22/2005,PWK,IL,AGL,CE,Towers with Radar,0,5,13,0,18,0,0,0,0,0,0,5,13,0,18,0,0,0,18
01/23/2005,PWK,IL,AGL,CE,Towers with Radar,0,15,49,0,64,0,0,108,0,108,0,15,157,0,172,32,0,32,204
01/24/2005,PWK,IL,AGL,CE,Towers with Radar,0,26,79,0,105,0,0,231,0,231,0,26,310,0,336,8,0,8,344
01/25/2005,PWK,IL,AGL,CE,Towers with Radar,0,23,81,0,104,0,0,198,0,198,0,23,279,0,302,56,0,56,358
01/26/2005,PWK,IL,AGL,CE,Towers with Radar,0,55,92,0,147,0,0,79,0,79,0,55,171,0,226,0,0,0,226
01/27/2005,PWK,IL,AGL,CE,Towers with Radar,0,25,103,0,128,0,0,154,0,154,0,25,257,0,282,2,0,2,284
01/28/2005,PWK,IL,AGL,CE,Towers with Radar,0,28,85,0,113,0,0,310,0,310,0,28,395,0,423,144,0,144,567
01/29/2005,PWK,IL,AGL,CE,Towers with Radar,0,12,36,0,48,0,0,228,0,228,0,12,264,0,276,72,0,72,348
01/30/2005,PWK,IL,AGL,CE,Towers with Radar,0,32,64,0,96,0,0,250,0,250,0,32,314,0,346,140,0,140,486
01/31/2005,PWK,IL,AGL,CE,Towers with Radar,0,19,74,1,94,0,0,217,0,217,0,19,291,1,311,74,0,74,385
02/01/2005,PWK,IL,AGL,CE,Towers with Radar,0,31,92,1,124,0,2,230,0,232,0,33,322,1,356,158,0,158,514
02/02/2005,PWK,IL,AGL,CE,Towers with Radar,0,23,109,0,132,0,0,228,0,228,0,23,337,0,360,122,0,122,482
02/03/2005,PWK,IL,AGL,CE,Towers with Radar,0,38,104,1,143,0,0,238,0,238,0,38,342,1,381,116,0,116,497
02/04/2005,PWK,IL,AGL,CE,Towers with Radar,0,28,110,0,138,0,0,185,0,185,0,28,295,0,323,62,0,62,385
02/05/2005,PWK,IL,AGL,CE,Towers with Radar,0,18,61,0,79,0,0,308,0,308,0,18,369,0,387,110,0,110,497
02/06/2005,PWK,IL,AGL,CE,Towers with Radar,0,20,54,0,74,0,0,287,0,287,0,20,341,0,361,100,0,100,461
02/07/2005,PWK,IL,AGL,CE,Towers with Radar,0,26,65,0,91,0,0,4,0,4,0,26,69,0,95,0,0,0,95
02/08/2005,PWK,IL,AGL,CE,Towers with Radar,0,35,71,0,106,0,3,155,0,158,0,38,226,0,264,94,0,94,358
02/09/2005,PWK,IL,AGL,CE,Towers with Radar,0,34,93,0,127,0,0,125,0,125,0,34,218,0,252,66,0,66,318
02/10/2005,PWK,IL,AGL,CE,Towers with Radar,0,43,96,0,139,0,0,291,0,291,0,43,387,0,430,160,0,160,590
02/11/2005,PWK,IL,AGL,CE,Towers with Radar,0,29,69,0,98,0,0,231,0,231,0,29,300,0,329,68,0,68,397
02/12/2005,PWK,IL,AGL,CE,Towers with Radar,0,12,60,0,72,0,0,270,0,270,0,12,330,0,342,152,0,152,494
02/13/2005,PWK,IL,AGL,CE,Towers with Radar,0,35,51,0,86,0,0,27,0,27,0,35,78,0,113,18,0,18,131
02/14/2005,PWK,IL,AGL,CE,Towers with Radar,0,28,73,0,101,0,0,139,0,139,0,28,212,0,240,72,0,72,312
02/15/2005,PWK,IL,AGL,CE,Towers with Radar,0,41,100,0,141,0,0,34,0,34,0,41,134,0,175,0,0,0,175
02/16/2005,PWK,IL,AGL,CE,Towers with Radar,0,38,102,0,140,0,3,279,0,282,0,41,381,0,422,142,0,142,564
02/17/2005,PWK,IL,AGL,CE,Towers with Radar,0,72,121,3,196,0,0,248,0,248,0,72,369,3,444,36,0,36,480
02/18/2005,PWK,IL,AGL,CE,Towers with Radar,0,52,96,0,148,0,0,237,0,237,0,52,333,0,385,26,0,26,411
02/19/2005,PWK,IL,AGL,CE,Towers with Radar,0,13,47,0,60,0,3,189,0,192,0,16,236,0,252,100,0,100,352
02/20/2005,PWK,IL,AGL,CE,Towers with Radar,0,28,32,0,60,0,0,0,0,0,0,28,32,0,60,0,0,0,60
02/21/2005,PWK,IL,AGL,CE,Towers with Radar,0,34,103,0,137,0,0,194,0,194,0,34,297,0,331,74,0,74,405
02/22/2005,PWK,IL,AGL,CE,Towers with Radar,0,49,111,0,160,0,0,193,0,193,0,49,304,0,353,124,0,124,477
02/23/2005,PWK,IL,AGL,CE,Towers with Radar,0,29,95,0,124,0,0,267,0,267,0,29,362,0,391,110,0,110,501
02/24/2005,PWK,IL,AGL,CE,Towers with Radar,0,35,95,1,131,0,0,203,0,203,0,35,298,1,334,106,0,106,440
02/25/2005,PWK,IL,AGL,CE,Towers with Radar,0,27,71,0,98,0,0,135,0,135,0,27,206,0,233,60,0,60,293
02/26/2005,PWK,IL,AGL,CE,Towers with Radar,0,19,58,0,77,0,0,285,0,285,0,19,343,0,362,220,0,220,582
02/27/2005,PWK,IL,AGL,CE,Towers with Radar,0,28,61,0,89,0,0,316,0,316,0,28,377,0,405,156,0,156,561
02/28/2005,PWK,IL,AGL,CE,Towers with Radar,0,25,66,0,91,0,0,13,0,13,0,25,79,0,104,0,0,0,104
03/01/2005,PWK,IL,AGL,CE,Towers with Radar,0,26,82,0,108,0,0,135,0,135,0,26,217,0,243,46,0,46,289
03/02/2005,PWK,IL,AGL,CE,Towers with Radar,0,42,96,0,138,0,0,244,0,244,0,42,340,0,382,56,0,56,438
03/03/2005,PWK,IL,AGL,CE,Towers with Radar,0,38,100,0,138,0,0,190,0,190,0,38,290,0,328,78,0,78,406
03/04/2005,PWK,IL,AGL,CE,Towers with Radar,0,32,83,0,115,0,0,166,0,166,0,32,249,0,281,48,0,48,329
03/05/2005,PWK,IL,AGL,CE,Towers with Radar,0,18,35,0,53,0,0,219,0,219,0,18,254,0,272,96,0,96,368
03/06/2005,PWK,IL,AGL,CE,Towers with Radar,0,31,66,0,97,0,0,284,0,284,0,31,350,0,381,108,0,108,489
03/07/2005,PWK,IL,AGL,CE,Towers with Radar,0,34,69,0,103,0,0,155,0,155,0,34,224,0,258,46,0,46,304
03/08/2005,PWK,IL,AGL,CE,Towers with Radar,0,31,79,0,110,0,0,230,0,230,0,31,309,0,340,124,0,124,464
03/09/2005,PWK,IL,AGL,CE,Towers with Radar,0,33,109,0,142,0,0,242,0,242,0,33,351,0,384,124,0,124,508
03/10/2005,PWK,IL,AGL,CE,Towers with Radar,0,37,106,1,144,0,0,33,0,33,0,37,139,1,177,32,1,33,210
03/11/2005,PWK,IL,AGL,CE,Towers with Radar,0,30,70,0,100,0,0,123,0,123,0,30,193,0,223,44,0,44,267
03/12/2005,PWK,IL,AGL,CE,Towers with Radar,0,22,46,0,68,0,0,221,0,221,0,22,267,0,289,120,0,120,409
03/13/2005,PWK,IL,AGL,CE,Towers with Radar,0,25,65,0,90,0,0,342,0,342,0,25,407,0,432,110,0,110,542
03/14/2005,PWK,IL,AGL,CE,Towers with Radar,0,26,89,0,115,0,0,215,0,215,0,26,304,0,330,140,0,140,470
03/15/2005,PWK,IL,AGL,CE,Towers with Radar,0,42,91,0,133,0,0,281,0,281,0,42,372,0,414,136,0,136,550
03/16/2005,PWK,IL,AGL,CE,Towers with Radar,0,35,91,0,126,0,0,208,0,208,0,35,299,0,334,128,0,128,462
03/17/2005,PWK,IL,AGL,CE,Towers with Radar,0,31,96,1,128,0,0,1,0,1,0,31,97,1,129,0,0,0,129
03/18/2005,PWK,IL,AGL,CE,Towers with Radar,0,35,97,0,132,0,0,181,0,181,0,35,278,0,313,100,0,100,413
03/19/2005,PWK,IL,AGL,CE,Towers with Radar,0,20,48,0,68,0,0,159,0,159,0,20,207,0,227,82,0,82,309
03/20/2005,PWK,IL,AGL,CE,Towers with Radar,0,29,90,0,119,0,1,347,0,348,0,30,437,0,467,182,0,182,649
03/21/2005,PWK,IL,AGL,CE,Towers with Radar,0,31,95,0,126,0,0,189,2,191,0,31,284,2,317,98,0,98,415
03/22/2005,PWK,IL,AGL,CE,Towers with Radar,0,31,98,0,129,0,1,167,3,171,0,32,265,3,300,68,0,68,368
03/23/2005,PWK,IL,AGL,CE,Towers with Radar,0,45,84,0,129,0,0,99,0,99,0,45,183,0,228,16,0,16,244
03/24/2005,PWK,IL,AGL,CE,Towers with Radar,0,40,148,0,188,0,0,184,0,184,0,40,332,0,372,32,0,32,404
03/25/2005,PWK,IL,AGL,CE,Towers with Radar,0,36,63,0,99,0,0,38,0,38,0,36,101,0,137,0,0,0,137
03/26/2005,PWK,IL,AGL,CE,Towers with Radar,0,27,63,0,90,0,0,232,0,232,0,27,295,0,322,74,0,74,396
03/27/2005,PWK,IL,AGL,CE,Towers with Radar,0,23,39,0,62,0,0,211,0,211,0,23,250,0,273,134,0,134,407
03/28/2005,PWK,IL,AGL,CE,Towers with Radar,0,31,63,0,94,0,0,196,0,196,0,31,259,0,290,50,0,50,340
03/29/2005,PWK,IL,AGL,CE,Towers with Radar,0,26,69,0,95,0,0,160,0,160,0,26,229,0,255,84,0,84,339
03/30/2005,PWK,IL,AGL,CE,Towers with Radar,0,29,71,0,100,0,0,129,0,129,0,29,200,0,229,52,0,52,281
03/31/2005,PWK,IL,AGL,CE,Towers with Radar,0,33,76,0,109,0,0,116,0,116,0,33,192,0,225,32,0,32,257
04/01/2005,PWK,IL,AGL,CE,Towers with Radar,0,23,59,0,82,0,0,155,0,155,0,23,214,0,237,52,0,52,289
04/02/2005,PWK,IL,AGL,CE,Towers with Radar,0,47,81,0,128,0,0,277,0,277,0,47,358,0,405,144,0,144,549
04/03/2005,PWK,IL,AGL,CE,Towers with Radar,0,53,108,0,161,0,0,345,0,345,0,53,453,0,506,100,0,100,606
04/04/2005,PWK,IL,AGL,CE,Towers with Radar,0,53,85,0,138,0,0,223,0,223,0,53,308,0,361,106,0,106,467
04/05/2005,PWK,IL,AGL,CE,Towers with Radar,0,50,84,0,134,0,0,259,0,259,0,50,343,0,393,150,0,150,543
04/06/2005,PWK,IL,AGL,CE,Towers with Radar,0,40,99,0,139,0,0,189,0,189,0,40,288,0,328,84,0,84,412
04/07/2005,PWK,IL,AGL,CE,Towers with Radar,0,43,86,0,129,0,0,101,0,101,0,43,187,0,230,20,0,20,250
04/08/2005,PWK,IL,AGL,CE,Towers with Radar,0,33,99,0,132,0,0,212,0,212,0,33,311,0,344,14,0,14,358
04/09/2005,PWK,IL,AGL,CE,Towers with Radar,0,17,79,0,96,0,0,179,0,179,0,17,258,0,275,60,0,60,335
04/10/2005,PWK,IL,AGL,CE,Towers with Radar,0,34,80,0,114,0,0,297,0,297,0,34,377,0,411,100,0,100,511
04/11/2005,PWK,IL,AGL,CE,Towers with Radar,0,49,86,0,135,0,0,182,0,182,0,49,268,0,317,78,0,78,395
04/12/2005,PWK,IL,AGL,CE,Towers with Radar,0,27,97,0,124,0,0,109,0,109,0,27,206,0,233,64,0,64,297
04/13/2005,PWK,IL,AGL,CE,Towers with Radar,0,39,103,0,142,0,0,179,0,179,0,39,282,0,321,22,0,22,343
04/14/2005,PWK,IL,AGL,CE,Towers with Radar,0,54,103,0,157,0,0,278,0,278,0,54,381,0,435,134,0,134,569
04/15/2005,PWK,IL,AGL,CE,Towers with Radar,0,35,125,0,160,0,0,242,0,242,0,35,367,0,402,158,0,158,560
04/16/2005,PWK,IL,AGL,CE,Towers with Radar,0,26,52,1,79,0,0,331,1,332,0,26,383,2,411,164,0,164,575
04/17/2005,PWK,IL,AGL,CE,Towers with Radar,0,44,73,0,117,0,0,266,0,266,0,44,339,0,383,70,0,70,453
04/18/2005,PWK,IL,AGL,CE,Towers with Radar,0,42,99,0,141,0,0,196,0,196,0,42,295,0,337,126,0,126,463
04/19/2005,PWK,IL,AGL,CE,Towers with Radar,0,37,111,0,148,0,0,191,0,191,0,37,302,0,339,76,0,76,415
04/20/2005,PWK,IL,AGL,CE,Towers with Radar,0,30,108,0,138,0,0,48,0,48,0,30,156,0,186,22,0,22,208
04/21/2005,PWK,IL,AGL,CE,Towers with Radar,0,45,104,0,149,0,0,254,0,254,0,45,358,0,403,70,0,70,473
04/22/2005,PWK,IL,AGL,CE,Towers with Radar,0,45,104,0,149,0,0,21,0,21,0,45,125,0,170,0,0,0,170
04/23/2005,PWK,IL,AGL,CE,Towers with Radar,0,26,34,0,60,0,0,55,0,55,0,26,89,0,115,4,0,4,119
04/24/2005,PWK,IL,AGL,CE,Towers with Radar,0,36,72,0,108,0,1,160,0,161,0,37,232,0,269,32,0,32,301
04/25/2005,PWK,IL,AGL,CE,Towers with Radar,0,34,55,0,89,0,4,242,0,246,0,38,297,0,335,54,0,54,389
04/26/2005,PWK,IL,AGL,CE,Towers with Radar,0,51,96,0,147,0,0,232,0,232,0,51,328,0,379,72,0,72,451
04/27/2005,PWK,IL,AGL,CE,Towers with Radar,0,32,90,0,122,0,0,175,0,175,0,32,265,0,297,76,0,76,373
04/28/2005,PWK,IL,AGL,CE,Towers with Radar,0,52,93,0,145,0,0,231,0,231,0,52,324,0,376,96,0,96,472
04/29/2005,PWK,IL,AGL,CE,Towers with Radar,0,38,94,0,132,0,0,184,0,184,0,38,278,0,316,24,0,24,340
04/30/2005,PWK,IL,AGL,CE,Towers with Radar,0,25,58,0,83,0,8,261,0,269,0,33,319,0,352,42,0,42,394
05/01/2005,PWK,IL,AGL,CE,Towers with Radar,0,24,87,0,111,0,0,213,0,213,0,24,300,0,324,166,0,166,490
05/02/2005,PWK,IL,AGL,CE,Towers with Radar,0,37,99,0,136,0,0,166,0,166,0,37,265,0,302,20,0,20,322
05/03/2005,PWK,IL,AGL,CE,Towers with Radar,0,43,104,0,147,0,0,254,0,254,0,43,358,0,401,162,0,162,563
05/04/2005,PWK,IL,AGL,CE,Towers with Radar,0,39,110,0,149,0,2,212,0,214,0,41,322,0,363,50,0,50,413
05/05/2005,PWK,IL,AGL,CE,Towers with Radar,0,53,135,0,188,0,0,301,0,301,0,53,436,0,489,66,0,66,555
05/06/2005,PWK,IL,AGL,CE,Towers with Radar,0,39,86,0,125,0,1,220,0,221,0,40,306,0,346,20,0,20,366
05/07/2005,PWK,IL,AGL,CE,Towers with Radar,0,16,49,0,65,0,0,243,0,243,0,16,292,0,308,70,0,70,378
05/08/2005,PWK,IL,AGL,CE,Towers with Radar,0,40,55,0,95,0,0,249,0,249,0,40,304,0,344,110,0,110,454
05/09/2005,PWK,IL,AGL,CE,Towers with Radar,0,40,95,0,135,0,0,98,0,98,0,40,193,0,233,54,0,54,287
05/10/2005,PWK,IL,AGL,CE,Towers with Radar,0,48,86,0,134,0,4,266,0,270,0,52,352,0,404,12,0,12,416
05/11/2005,PWK,IL,AGL,CE,Towers with Radar,0,42,127,0,169,0,0,2,0,2,0,42,129,0,171,0,0,0,171
05/12/2005,PWK,IL,AGL,CE,Towers with Radar,0,53,102,0,155,0,0,141,0,141,0,53,243,0,296,32,0,32,328
05/13/2005,PWK,IL,AGL,CE,Towers with Radar,0,25,91,0,116,0,0,77,0,77,0,25,168,0,193,22,0,22,215
05/14/2005,PWK,IL,AGL,CE,Towers with Radar,0,17,51,0,68,0,0,281,0,281,0,17,332,0,349,42,0,42,391
05/15/2005,PWK,IL,AGL,CE,Towers with Radar,0,35,82,0,117,0,0,263,2,265,0,35,345,2,382,118,0,118,500
05/16/2005,PWK,IL,AGL,CE,Towers with Radar,0,40,95,0,135,0,1,208,0,209,0,41,303,0,344,182,0,182,526
05/17/2005,PWK,IL,AGL,CE,Towers with Radar,0,41,105,0,146,0,9,283,0,292,0,50,388,0,438,92,0,92,530
05/18/2005,PWK,IL,AGL,CE,Towers with Radar,0,42,114,0,156,0,0,239,0,239,0,42,353,0,395,154,0,154,549
05/19/2005,PWK,IL,AGL,CE,Towers with Radar,0,54,122,0,176,0,0,9,0,9,0,54,131,0,185,0,0,0,185
05/20/2005,PWK,IL,AGL,CE,Towers with Radar,0,45,111,0,156,0,1,285,0,286,0,46,396,0,442,48,0,48,490
05/21/2005,PWK,IL,AGL,CE,Towers with Radar,0,22,44,0,66,0,0,274,0,274,0,22,318,0,340,78,0,78,418
05/22/2005,PWK,IL,AGL,CE,Towers with Radar,0,26,73,0,99,0,0,249,0,249,0,26,322,0,348,38,0,38,386
05/23/2005,PWK,IL,AGL,CE,Towers with Radar,0,20,108,0,128,0,4,193,0,197,0,24,301,0,325,50,0,50,375
05/24/2005,PWK,IL,AGL,CE,Towers with Radar,0,44,122,0,166,0,0,228,0,228,0,44,350,0,394,96,0,96,490
05/25/2005,PWK,IL,AGL,CE,Towers with Radar,0,33,115,0,148,0,0,278,0,278,0,33,393,0,426,136,0,136,562
05/26/2005,PWK,IL,AGL,CE,Towers with Radar,0,47,106,0,153,0,0,308,0,308,0,47,414,0,461,142,0,142,603
05/27/2005,PWK,IL,AGL,CE,Towers with Radar,0,39,120,0,159,0,0,220,0,220,0,39,340,0,379,8,0,8,387
05/28/2005,PWK,IL,AGL,CE,Towers with Radar,0,21,50,0,71,0,2,308,0,310,0,23,358,0,381,60,0,60,441
05/29/2005,PWK,IL,AGL,CE,Towers with Radar,0,20,47,0,67,0,4,174,0,178,0,24,221,0,245,64,0,64,309
05/30/2005,PWK,IL,AGL,CE,Towers with Radar,0,31,88,0,119,0,5,315,0,320,0,36,403,0,439,52,0,52,491
05/31/2005,PWK,IL,AGL,CE,Towers with Radar,0,42,97,0,139,0,0,255,0,255,0,42,352,0,394,46,0,46,440
06/01/2005,PWK,IL,AGL,CE,Towers with Radar,0,44,124,0,168,0,0,237,0,237,0,44,361,0,405,94,0,94,499
06/02/2005,PWK,IL,AGL,CE,Towers with Radar,0,40,126,0,166,0,0,244,0,244,0,40,370,0,410,20,0,20,430
06/03/2005,PWK,IL,AGL,CE,Towers with Radar,0,44,103,0,147,0,0,122,0,122,0,44,225,0,269,58,0,58,327
06/04/2005,PWK,IL,AGL,CE,Towers with Radar,0,30,53,0,83,0,0,143,0,143,0,30,196,0,226,100,0,100,326
06/05/2005,PWK,IL,AGL,CE,Towers with Radar,0,33,63,0,96,0,0,183,0,183,0,33,246,0,279,102,0,102,381
06/06/2005,PWK,IL,AGL,CE,Towers with Radar,0,21,75,0,96,0,0,179,0,179,0,21,254,0,275,2,0,2,277
06/07/2005,PWK,IL,AGL,CE,Towers with Radar,0,41,103,0,144,0,0,197,0,197,0,41,300,0,341,98,0,98,439
06/08/2005,PWK,IL,AGL,CE,Towers with Radar,0,45,115,0,160,0,0,190,0,190,0,45,305,0,350,42,0,42,392
06/09/2005,PWK,IL,AGL,CE,Towers with Radar,0,54,99,0,153,0,0,284,0,284,0,54,383,0,437,50,0,50,487
06/10/2005,PWK,IL,AGL,CE,Towers with Radar,0,37,99,0,136,0,0,205,0,205,0,37,304,0,341,20,0,20,361
06/11/2005,PWK,IL,AGL,CE,Towers with Radar,0,20,60,0,80,0,0,143,0,143,0,20,203,0,223,60,0,60,283
06/12/2005,PWK,IL,AGL,CE,Towers with Radar,0,34,99,0,133,0,3,222,0,225,0,37,321,0,358,124,0,124,482
06/13/2005,PWK,IL,AGL,CE,Towers with Radar,0,29,134,0,163,0,0,190,0,190,0,29,324,0,353,30,0,30,383
06/14/2005,PWK,IL,AGL,CE,Towers with Radar,0,33,131,0,164,0,0,127,0,127,0,33,258,0,291,72,0,72,363
06/15/2005,PWK,IL,AGL,CE,Towers with Radar,0,22,160,0,182,0,0,120,0,120,0,22,280,0,302,26,0,26,328
06/16/2005,PWK,IL,AGL,CE,Towers with Radar,0,25,138,0,163,0,0,268,0,268,0,25,406,0,431,48,0,48,479
06/17/2005,PWK,IL,AGL,CE,Towers with Radar,0,43,117,0,160,0,0,305,0,305,0,43,422,0,465,36,0,36,501
06/18/2005,PWK,IL,AGL,CE,Towers with Radar,0,27,71,0,98,0,0,271,0,271,0,27,342,0,369,66,0,66,435
06/19/2005,PWK,IL,AGL,CE,Towers with Radar,0,30,92,0,122,0,0,373,0,373,0,30,465,0,495,78,0,78,573
06/20/2005,PWK,IL,AGL,CE,Towers with Radar,0,31,98,0,129,0,0,214,0,214,0,31,312,0,343,110,0,110,453
06/21/2005,PWK,IL,AGL,CE,Towers with Radar,0,54,136,0,190,0,0,248,0,248,0,54,384,0,438,114,0,114,552
06/22/2005,PWK,IL,AGL,CE,Towers with Radar,0,47,123,0,170,0,0,217,0,217,0,47,340,0,387,42,0,42,429
06/23/2005,PWK,IL,AGL,CE,Towers with Radar,0,46,124,0,170,0,0,236,0,236,0,46,360,0,406,32,0,32,438
06/24/2005,PWK,IL,AGL,CE,Towers with Radar,0,43,105,0,148,0,0,275,0,275,0,43,380,0,423,24,0,24,447
06/25/2005,PWK,IL,AGL,CE,Towers with Radar,0,17,44,0,61,0,0,241,0,241,0,17,285,0,302,78,0,78,380
06/26/2005,PWK,IL,AGL,CE,Towers with Radar,0,50,86,0,136,0,0,236,0,236,0,50,322,0,372,50,0,50,422
06/27/2005,PWK,IL,AGL,CE,Towers with Radar,0,27,81,0,108,0,0,181,0,181,0,27,262,0,289,122,0,122,411
06/28/2005,PWK,IL,AGL,CE,Towers with Radar,0,38,115,0,153,0,0,208,0,208,0,38,323,0,361,96,0,96,457
06/29/2005,PWK,IL,AGL,CE,Towers with Radar,0,46,125,0,171,0,0,182,2,184,0,46,307,2,355,102,0,102,457
06/30/2005,PWK,IL,AGL,CE,Towers with Radar,0,49,146,1,196,0,0,257,0,257,0,49,403,1,453,24,0,24,477
07/01/2005,PWK,IL,AGL,CE,Towers with Radar,0,46,123,0,169,0,0,230,0,230,0,46,353,0,399,24,0,24,423
07/02/2005,PWK,IL,AGL,CE,Towers with Radar,0,22,63,0,85,0,2,237,0,239,0,24,300,0,324,134,0,134,458
07/03/2005,PWK,IL,AGL,CE,Towers with Radar,0,22,45,0,67,0,0,178,0,178,0,22,223,0,245,78,0,78,323
07/04/2005,PWK,IL,AGL,CE,Towers with Radar,0,18,38,0,56,0,0,57,0,57,0,18,95,0,113,54,0,54,167
07/05/2005,PWK,IL,AGL,CE,Towers with Radar,0,54,113,0,167,0,1,176,0,177,0,55,289,0,344,76,0,76,420
07/06/2005,PWK,IL,AGL,CE,Towers with Radar,0,31,107,0,138,0,0,194,0,194,0,31,301,0,332,88,0,88,420
07/07/2005,PWK,IL,AGL,CE,Towers with Radar,0,41,136,0,177,0,2,260,0,262,0,43,396,0,439,84,0,84,523
07/08/2005,PWK,IL,AGL,CE,Towers with Radar,0,34,117,0,151,0,0,210,0,210,0,34,327,0,361,16,0,16,377
07/09/2005,PWK,IL,AGL,CE,Towers with Radar,0,20,46,0,66,0,1,290,0,291,0,21,336,0,357,94,0,94,451
07/10/2005,PWK,IL,AGL,CE,Towers with Radar,0,49,84,0,133,0,0,310,0,310,0,49,394,0,443,24,0,24,467
07/11/2005,PWK,IL,AGL,CE,Towers with Radar,0,37,103,0,140,0,0,161,0,161,0,37,264,0,301,32,0,32,333
07/12/2005,PWK,IL,AGL,CE,Towers with Radar,0,44,137,0,181,0,0,156,0,156,0,44,293,0,337,140,0,140,477
07/13/2005,PWK,IL,AGL,CE,Towers with Radar,0,45,113,0,158,0,0,111,0,111,0,45,224,0,269,44,0,44,313
07/14/2005,PWK,IL,AGL,CE,Towers with Radar,0,31,116,0,147,0,0,258,0,258,0,31,374,0,405,0,0,0,405
07/15/2005,PWK,IL,AGL,CE,Towers with Radar,0,52,107,0,159,0,0,176,0,176,0,52,283,0,335,36,0,36,371
07/16/2005,PWK,IL,AGL,CE,Towers with Radar,0,21,62,0,83,0,0,184,0,184,0,21,246,0,267,60,0,60,327
07/17/2005,PWK,IL,AGL,CE,Towers with Radar,0,31,77,0,108,0,0,185,0,185,0,31,262,0,293,68,0,68,361
07/18/2005,PWK,IL,AGL,CE,Towers with Radar,0,32,144,0,176,0,0,179,0,179,0,32,323,0,355,48,0,48,403
07/19/2005,PWK,IL,AGL,CE,Towers with Radar,0,36,147,0,183,0,0,281,0,281,0,36,428,0,464,50,0,50,514
07/20/2005,PWK,IL,AGL,CE,Towers with Radar,0,39,128,0,167,0,0,155,0,155,0,39,283,0,322,52,0,52,374
07/21/2005,PWK,IL,AGL,CE,Towers with Radar,0,46,111,0,157,0,0,164,0,164,0,46,275,0,321,40,0,40,361
07/22/2005,PWK,IL,AGL,CE,Towers with Radar,0,35,156,0,191,0,0,195,0,195,0,35,351,0,386,26,0,26,412
07/23/2005,PWK,IL,AGL,CE,Towers with Radar,0,22,45,0,67,0,0,253,0,253,0,22,298,0,320,136,0,136,456
07/24/2005,PWK,IL,AGL,CE,Towers with Radar,0,28,89,0,117,0,0,174,0,174,0,28,263,0,291,24,0,24,315
07/25/2005,PWK,IL,AGL,CE,Towers with Radar,0,56,141,0,197,0,0,137,0,137,0,56,278,0,334,56,0,56,390
07/26/2005,PWK,IL,AGL,CE,Towers with Radar,0,35,138,0,173,0,0,52,0,52,0,35,190,0,225,10,0,10,235
07/27/2005,PWK,IL,AGL,CE,Towers with Radar,0,50,128,0,178,0,0,220,0,220,0,50,348,0,398,66,0,66,464
07/28/2005,PWK,IL,AGL,CE,Towers with Radar,0,57,115,0,172,0,0,263,0,263,0,57,378,0,435,0,0,0,435
07/29/2005,PWK,IL,AGL,CE,Towers with Radar,0,24,88,0,112,0,0,158,0,158,0,24,246,0,270,14,0,14,284
07/30/2005,PWK,IL,AGL,CE,Towers with Radar,0,30,72,0,102,0,0,195,0,195,0,30,267,0,297,44,0,44,341
07/31/2005,PWK,IL,AGL,CE,Towers with Radar,0,39,74,0,113,0,0,225,0,225,0,39,299,0,338,24,0,24,362
08/01/2005,PWK,IL,AGL,CE,Towers with Radar,0,25,83,0,108,0,0,129,0,129,0,25,212,0,237,46,0,46,283
08/02/2005,PWK,IL,AGL,CE,Towers with Radar,0,35,96,0,131,0,0,160,0,160,0,35,256,0,291,48,0,48,339
08/03/2005,PWK,IL,AGL,CE,Towers with Radar,0,46,114,0,160,0,0,165,0,165,0,46,279,0,325,42,0,42,367
08/04/2005,PWK,IL,AGL,CE,Towers with Radar,0,41,118,0,159,0,0,152,0,152,0,41,270,0,311,66,0,66,377
08/05/2005,PWK,IL,AGL,CE,Towers with Radar,0,43,94,0,137,0,0,194,0,194,0,43,288,0,331,8,0,8,339
08/06/2005,PWK,IL,AGL,CE,Towers with Radar,0,27,57,0,84,0,1,208,0,209,0,28,265,0,293,74,0,74,367
08/07/2005,PWK,IL,AGL,CE,Towers with Radar,0,37,86,0,123,0,0,198,0,198,0,37,284,0,321,24,0,24,345
08/08/2005,PWK,IL,AGL,CE,Towers with Radar,0,38,88,0,126,0,0,197,0,197,0,38,285,0,323,102,0,102,425
08/09/2005,PWK,IL,AGL,CE,Towers with Radar,0,44,115,0,159,0,0,215,0,215,0,44,330,0,374,80,0,80,454
08/10/2005,PWK,IL,AGL,CE,Towers with Radar,0,42,109,0,151,0,0,203,0,203,0,42,312,0,354,36,0,36,390
08/11/2005,PWK,IL,AGL,CE,Towers with Radar,0,31,118,0,149,0,0,107,0,107,0,31,225,0,256,8,0,8,264
08/12/2005,PWK,IL,AGL,CE,Towers with Radar,0,40,89,0,129,0,0,159,0,159,0,40,248,0,288,70,0,70,358
08/13/2005,PWK,IL,AGL,CE,Towers with Radar,0,32,69,0,101,0,2,151,0,153,0,34,220,0,254,108,0,108,362
08/14/2005,PWK,IL,AGL,CE,Towers with Radar,0,29,83,0,112,0,0,207,0,207,0,29,290,0,319,54,0,54,373
08/15/2005,PWK,IL,AGL,CE,Towers with Radar,0,25,72,0,97,0,0,263,0,263,0,25,335,0,360,28,0,28,388
08/16/2005,PWK,IL,AGL,CE,Towers with Radar,0,39,100,0,139,0,0,251,0,251,0,39,351,0,390,108,0,108,498
08/17/2005,PWK,IL,AGL,CE,Towers with Radar,0,13,103,0,116,0,0,205,0,205,0,13,308,0,321,64,0,64,385
08/18/2005,PWK,IL,AGL,CE,Towers with Radar,0,34,106,0,140,0,0,100,0,100,0,34,206,0,240,8,0,8,248
08/19/2005,PWK,IL,AGL,CE,Towers with Radar,0,22,113,0,135,0,0,143,0,143,0,22,256,0,278,32,0,32,310
08/20/2005,PWK,IL,AGL,CE,Towers with Radar,0,22,71,0,93,0,0,57,0,57,0,22,128,0,150,32,0,32,182
08/21/2005,PWK,IL,AGL,CE,Towers with Radar,0,38,107,0,145,0,0,185,0,185,0,38,292,0,330,14,0,14,344
08/22/2005,PWK,IL,AGL,CE,Towers with Radar,0,39,91,0,130,0,0,170,0,170,0,39,261,0,300,42,0,42,342
08/23/2005,PWK,IL,AGL,CE,Towers with Radar,0,37,110,0,147,0,0,133,0,133,0,37,243,0,280,30,0,30,310
08/24/2005,PWK,IL,AGL,CE,Towers with Radar,0,41,118,0,159,0,0,198,0,198,0,41,316,0,357,88,0,88,445
08/25/2005,PWK,IL,AGL,CE,Towers with Radar,0,37,112,0,149,0,0,159,0,159,0,37,271,0,308,22,0,22,330
08/26/2005,PWK,IL,AGL,CE,Towers with Radar,0,41,108,0,149,0,0,115,0,115,0,41,223,0,264,46,0,46,310
08/27/2005,PWK,IL,AGL,CE,Towers with Radar,0,14,80,0,94,0,0,105,0,105,0,14,185,0,199,88,0,88,287
08/28/2005,PWK,IL,AGL,CE,Towers with Radar,0,34,77,0,111,0,0,230,0,230,0,34,307,0,341,78,0,78,419
08/29/2005,PWK,IL,AGL,CE,Towers with Radar,0,24,97,0,121,0,0,127,0,127,0,24,224,0,248,100,0,100,348
08/30/2005,PWK,IL,AGL,CE,Towers with Radar,0,42,107,0,149,0,0,115,0,115,0,42,222,0,264,72,0,72,336
08/31/2005,PWK,IL,AGL,CE,Towers with Radar,0,32,126,0,158,0,0,144,0,144,0,32,270,0,302,34,0,34,336
09/01/2005,PWK,IL,AGL,CE,Towers with Radar,0,35,84,2,121,0,0,145,0,145,0,35,229,2,266,52,0,52,318
09/02/2005,PWK,IL,AGL,CE,Towers with Radar,0,40,71,0,111,0,0,190,0,190,0,40,261,0,301,32,0,32,333
09/03/2005,PWK,IL,AGL,CE,Towers with Radar,0,16,42,0,58,0,0,156,0,156,0,16,198,0,214,38,0,38,252
09/04/2005,PWK,IL,AGL,CE,Towers with Radar,0,31,41,0,72,0,0,136,0,136,0,31,177,0,208,20,0,20,228
09/05/2005,PWK,IL,AGL,CE,Towers with Radar,0,43,89,0,132,0,0,131,0,131,0,43,220,0,263,68,0,68,331
09/06/2005,PWK,IL,AGL,CE,Towers with Radar,0,42,98,0,140,0,0,133,0,133,0,42,231,0,273,60,0,60,333
09/07/2005,PWK,IL,AGL,CE,Towers with Radar,0,28,90,3,121,0,0,124,0,124,0,28,214,3,245,50,0,50,295
09/08/2005,PWK,IL,AGL,CE,Towers with Radar,0,38,140,0,178,0,0,82,0,82,0,38,222,0,260,54,0,54,314
09/09/2005,PWK,IL,AGL,CE,Towers with Radar,0,31,80,3,114,0,0,146,3,149,0,31,226,6,263,36,0,36,299
09/10/2005,PWK,IL,AGL,CE,Towers with Radar,0,24,76,0,100,0,0,120,0,120,0,24,196,0,220,16,0,16,236
09/11/2005,PWK,IL,AGL,CE,Towers with Radar,0,39,91,0,130,0,0,144,0,144,0,39,235,0,274,106,0,106,380
09/12/2005,PWK,IL,AGL,CE,Towers with Radar,0,40,103,0,143,0,0,116,0,116,0,40,219,0,259,56,0,56,315
09/13/2005,PWK,IL,AGL,CE,Towers with Radar,0,44,125,1,170,0,3,114,1,118,0,47,239,2,288,18,0,18,306
09/14/2005,PWK,IL,AGL,CE,Towers with Radar,0,35,109,0,144,0,0,130,0,130,0,35,239,0,274,42,0,42,316
09/15/2005,PWK,IL,AGL,CE,Towers with Radar,0,44,102,0,146,0,0,144,0,144,0,44,246,0,290,54,0,54,344
09/16/2005,PWK,IL,AGL,CE,Towers with Radar,0,35,111,0,146,0,0,103,0,103,0,35,214,0,249,44,0,44,293
09/17/2005,PWK,IL,AGL,CE,Towers with Radar,0,25,29,0,54,0,0,237,0,237,0,25,266,0,291,40,0,40,331
09/18/2005,PWK,IL,AGL,CE,Towers with Radar,0,23,74,0,97,0,1,168,0,169,0,24,242,0,266,94,0,94,360
09/19/2005,PWK,IL,AGL,CE,Towers with Radar,0,31,67,0,98,0,0,31,0,31,0,31,98,0,129,8,0,8,137
09/20/2005,PWK,IL,AGL,CE,Towers with Radar,0,32,106,0,138,0,0,143,0,143,0,32,249,0,281,76,0,76,357
09/21/2005,PWK,IL,AGL,CE,Towers with Radar,0,42,109,1,152,0,1,146,0,147,0,43,255,1,299,42,0,42,341
09/22/2005,PWK,IL,AGL,CE,Towers with Radar,0,43,133,0,176,0,0,41,0,41,0,43,174,0,217,84,0,84,301
09/23/2005,PWK,IL,AGL,CE,Towers with Radar,0,35,81,0,116,0,0,126,0,126,0,35,207,0,242,38,0,38,280
09/24/2005,PWK,IL,AGL,CE,Towers with Radar,0,24,58,0,82,0,0,106,0,106,0,24,164,0,188,98,0,98,286
09/25/2005,PWK,IL,AGL,CE,Towers with Radar,0,33,91,0,124,0,0,28,0,28,0,33,119,0,152,68,0,68,220
09/26/2005,PWK,IL,AGL,CE,Towers with Radar,0,22,116,0,138,0,0,41,0,41,0,22,157,0,179,24,0,24,203
09/27/2005,PWK,IL,AGL,CE,Towers with Radar,0,37,80,0,117,0,5,181,0,186,0,42,261,0,303,46,0,46,349
09/28/2005,PWK,IL,AGL,CE,Towers with Radar,0,47,128,0,175,0,0,86,0,86,0,47,214,0,261,26,0,26,287
09/29/2005,PWK,IL,AGL,CE,Towers with Radar,0,48,107,0,155,0,0,136,0,136,0,48,243,0,291,108,0,108,399
09/30/2005,PWK,IL,AGL,CE,Towers with Radar,0,42,114,0,156,0,0,169,0,169,0,42,283,0,325,30,0,30,355
10/01/2005,PWK,IL,AGL,CE,Towers with Radar,0,27,60,0,87,0,1,188,0,189,0,28,248,0,276,4,0,4,280
10/02/2005,PWK,IL,AGL,CE,Towers with Radar,0,32,75,0,107,0,0,110,0,110,0,32,185,0,217,84,0,84,301
10/03/2005,PWK,IL,AGL,CE,Towers with Radar,0,34,100,0,134,0,0,125,0,125,0,34,225,0,259,44,0,44,303
10/04/2005,PWK,IL,AGL,CE,Towers with Radar,0,38,104,0,142,0,0,135,0,135,0,38,239,0,277,30,0,30,307
10/05/2005,PWK,IL,AGL,CE,Towers with Radar,0,43,110,0,153,0,0,95,0,95,0,43,205,0,248,34,0,34,282
10/06/2005,PWK,IL,AGL,CE,Towers with Radar,0,44,91,1,136,0,0,103,0,103,0,44,194,1,239,76,0,76,315
10/07/2005,PWK,IL,AGL,CE,Towers with Radar,0,35,104,0,139,0,0,111,0,111,0,35,215,0,250,62,0,62,312
10/08/2005,PWK,IL,AGL,CE,Towers with Radar,0,26,54,0,80,0,0,155,0,155,0,26,209,0,235,56,0,56,291
10/09/2005,PWK,IL,AGL,CE,Towers with Radar,0,21,84,0,105,0,0,147,0,147,0,21,231,0,252,48,0,48,300
10/10/2005,PWK,IL,AGL,CE,Towers with Radar,0,35,105,0,140,0,0,158,0,158,0,35,263,0,298,14,0,14,312
10/11/2005,PWK,IL,AGL,CE,Towers with Radar,0,40,119,1,160,0,1,114,0,115,0,41,233,1,275,32,0,32,307
10/12/2005,PWK,IL,AGL,CE,Towers with Radar,0,51,108,0,159,0,0,32,0,32,0,51,140,0,191,2,0,2,193
10/13/2005,PWK,IL,AGL,CE,Towers with Radar,0,37,110,4,151,0,0,82,0,82,0,37,192,4,233,68,0,68,301
10/14/2005,PWK,IL,AGL,CE,Towers with Radar,0,38,97,0,135,0,1,135,0,136,0,39,232,0,271,70,0,70,341
10/15/2005,PWK,IL,AGL,CE,Towers with Radar,0,14,58,0,72,0,0,181,0,181,0,14,239,0,253,90,0,90,343
10/16/2005,PWK,IL,AGL,CE,Towers with Radar,0,34,88,0,122,0,0,171,0,171,0,34,259,0,293,62,0,62,355
10/17/2005,PWK,IL,AGL,CE,Towers with Radar,0,32,89,0,121,0,0,91,0,91,0,32,180,0,212,62,0,62,274
10/18/2005,PWK,IL,AGL,CE,Towers with Radar,0,32,133,0,165,0,0,134,0,134,0,32,267,0,299,44,0,44,343
10/19/2005,PWK,IL,AGL,CE,Towers with Radar,0,51,114,0,165,0,0,119,0,119,0,51,233,0,284,32,0,32,316
10/20/2005,PWK,IL,AGL,CE,Towers with Radar,0,33,95,2,130,0,5,156,0,161,0,38,251,2,291,18,0,18,309
10/21/2005,PWK,IL,AGL,CE,Towers with Radar,0,31,77,0,108,0,0,139,0,139,0,31,216,0,247,24,0,24,271
10/22/2005,PWK,IL,AGL,CE,Towers with Radar,0,21,70,0,91,0,1,71,1,73,0,22,141,1,164,158,0,158,322
10/23/2005,PWK,IL,AGL,CE,Towers with Radar,0,28,67,0,95,0,0,35,0,35,0,28,102,0,130,10,0,10,140
10/24/2005,PWK,IL,AGL,CE,Towers with Radar,0,20,80,0,100,0,0,51,0,51,0,20,131,0,151,34,0,34,185
10/25/2005,PWK,IL,AGL,CE,Towers with Radar,0,32,93,0,125,0,3,93,0,96,0,35,186,0,221,36,0,36,257
10/26/2005,PWK,IL,AGL,CE,Towers with Radar,0,41,122,0,163,0,0,94,0,94,0,41,216,0,257,62,0,62,319
10/27/2005,PWK,IL,AGL,CE,Towers with Radar,0,54,106,0,160,0,0,125,0,125,0,54,231,0,285,30,0,30,315
10/28/2005,PWK,IL,AGL,CE,Towers with Radar,0,50,93,0,143,0,0,134,0,134,0,50,227,0,277,30,0,30,307
10/29/2005,PWK,IL,AGL,CE,Towers with Radar,0,21,63,0,84,0,0,171,0,171,0,21,234,0,255,10,0,10,265
10/30/2005,PWK,IL,AGL,CE,Towers with Radar,0,34,81,0,115,0,0,100,0,100,0,34,181,0,215,36,0,36,251
10/31/2005,PWK,IL,AGL,CE,Towers with Radar,0,35,74,0,109,0,3,2,0,5,0,38,76,0,114,0,0,0,114
11/01/2005,PWK,IL,AGL,CE,Towers with Radar,0,42,111,0,153,0,0,136,0,136,0,42,247,0,289,94,0,94,383
11/02/2005,PWK,IL,AGL,CE,Towers with Radar,0,46,99,2,147,0,0,177,0,177,0,46,276,2,324,60,0,60,384
11/03/2005,PWK,IL,AGL,CE,Towers with Radar,0,24,87,0,111,0,2,83,0,85,0,26,170,0,196,66,0,66,262
11/04/2005,PWK,IL,AGL,CE,Towers with Radar,0,31,112,0,143,0,2,128,0,130,0,33,240,0,273,6,0,6,279
11/05/2005,PWK,IL,AGL,CE,Towers with Radar,0,15,76,0,91,0,0,41,0,41,0,15,117,0,132,68,0,68,200
11/06/2005,PWK,IL,AGL,CE,Towers with Radar,0,29,90,0,119,0,0,96,0,96,0,29,186,0,215,40,0,40,255
11/07/2005,PWK,IL,AGL,CE,Towers with Radar,0,38,85,0,123,0,0,98,0,98,0,38,183,0,221,18,0,18,239
11/08/2005,PWK,IL,AGL,CE,Towers with Radar,0,53,102,0,155,0,0,101,0,101,0,53,203,0,256,64,0,64,320
11/09/2005,PWK,IL,AGL,CE,Towers with Radar,0,42,57,0,99,0,0,31,0,31,0,42,88,0,130,0,0,0,130
11/10/2005,PWK,IL,AGL,CE,Towers with Radar,0,53,114,0,167,0,0,144,0,144,0,53,258,0,311,54,0,54,365
11/11/2005,PWK,IL,AGL,CE,Towers with Radar,0,34,98,0,132,0,0,174,0,174,0,34,272,0,306,48,0,48,354
11/12/2005,PWK,IL,AGL,CE,Towers with Radar,0,19,52,0,71,0,0,104,0,104,0,19,156,0,175,30,0,30,205
11/13/2005,PWK,IL,AGL,CE,Towers with Radar,0,21,70,0,91,0,0,25,0,25,0,21,95,0,116,4,0,4,120
11/14/2005,PWK,IL,AGL,CE,Towers with Radar,0,38,69,2,109,0,0,86,0,86,0,38,155,2,195,34,0,34,229
11/15/2005,PWK,IL,AGL,CE,Towers with Radar,0,24,73,0,97,0,0,3,0,3,0,24,76,0,100,0,0,0,100
11/16/2005,PWK,IL,AGL,CE,Towers with Radar,0,31,79,0,110,0,0,6,0,6,0,31,85,0,116,4,0,4,120
11/17/2005,PWK,IL,AGL,CE,Towers with Radar,0,42,78,0,120,0,1,135,0,136,0,43,213,0,256,42,0,42,298
11/18/2005,PWK,IL,AGL,CE,Towers with Radar,0,30,104,0,134,0,0,116,0,116,0,30,220,0,250,18,0,18,268
11/19/2005,PWK,IL,AGL,CE,Towers with Radar,0,31,67,0,98,0,0,166,0,166,0,31,233,0,264,32,0,32,296
11/20/2005,PWK,IL,AGL,CE,Towers with Radar,0,28,69,0,97,0,1,119,0,120,0,29,188,0,217,100,0,100,317
11/21/2005,PWK,IL,AGL,CE,Towers with Radar,0,31,82,0,113,0,0,107,0,107,0,31,189,0,220,52,0,52,272
11/22/2005,PWK,IL,AGL,CE,Towers with Radar,0,46,103,2,151,0,0,163,0,163,0,46,266,2,314,96,0,96,410
11/23/2005,PWK,IL,AGL,CE,Towers with Radar,0,44,97,0,141,0,0,40,0,40,0,44,137,0,181,12,0,12,193
11/24/2005,PWK,IL,AGL,CE,Towers with Radar,0,14,21,0,35,0,0,8,0,8,0,14,29,0,43,4,0,4,47
11/25/2005,PWK,IL,AGL,CE,Towers with Radar,0,10,41,0,51,0,0,75,0,75,0,10,116,0,126,22,0,22,148
11/26/2005,PWK,IL,AGL,CE,Towers with Radar,0,18,67,0,85,0,0,156,0,156,0,18,223,0,241,44,0,44,285
11/27/2005,PWK,IL,AGL,CE,Towers with Radar,0,57,91,0,148,0,0,1,0,1,0,57,92,0,149,2,0,2,151
11/28/2005,PWK,IL,AGL,CE,Towers with Radar,0,35,74,1,110,0,0,26,0,26,0,35,100,1,136,0,0,0,136
11/29/2005,PWK,IL,AGL,CE,Towers with Radar,0,35,87,0,122,0,0,21,0,21,0,35,108,0,143,10,0,10,153
11/30/2005,PWK,IL,AGL,CE,Towers with Radar,0,36,111,0,147,0,1,68,0,69,0,37,179,0,216,104,0,104,320
12/01/2005,PWK,IL,AGL,CE,Towers with Radar,0,32,89,0,121,0,0,20,0,20,0,32,109,0,141,28,0,28,169
12/02/2005,PWK,IL,AGL,CE,Towers with Radar,0,35,72,0,107,0,0,133,0,133,0,35,205,0,240,24,0,24,264
12/03/2005,PWK,IL,AGL,CE,Towers with Radar,0,13,35,0,48,0,0,59,0,59,0,13,94,0,107,130,0,130,237
12/04/2005,PWK,IL,AGL,CE,Towers with Radar,0,17,44,0,61,0,0,126,0,126,0,17,170,0,187,100,0,100,287
12/05/2005,PWK,IL,AGL,CE,Towers with Radar,0,41,91,0,132,0,0,106,0,106,0,41,197,0,238,36,0,36,274
12/06/2005,PWK,IL,AGL,CE,Towers with Radar,0,38,81,0,119,0,0,40,0,40,0,38,121,0,159,48,0,48,207
12/07/2005,PWK,IL,AGL,CE,Towers with Radar,0,45,108,0,153,0,0,94,0,94,0,45,202,0,247,32,0,32,279
12/08/2005,PWK,IL,AGL,CE,Towers with Radar,0,18,68,0,86,0,0,54,0,54,0,18,122,0,140,46,0,46,186
12/09/2005,PWK,IL,AGL,CE,Towers with Radar,0,37,104,0,141,0,0,77,0,77,0,37,181,0,218,42,0,42,260
12/10/2005,PWK,IL,AGL,CE,Towers with Radar,0,12,51,0,63,0,0,45,0,45,0,12,96,0,108,28,0,28,136
12/11/2005,PWK,IL,AGL,CE,Towers with Radar,0,18,61,0,79,0,0,33,0,33,0,18,94,0,112,46,0,46,158
12/12/2005,PWK,IL,AGL,CE,Towers with Radar,0,40,88,0,128,0,0,96,0,96,0,40,184,0,224,42,0,42,266
12/13/2005,PWK,IL,AGL,CE,Towers with Radar,0,29,122,0,151,0,0,27,0,27,0,29,149,0,178,76,0,76,254
12/14/2005,PWK,IL,AGL,CE,Towers with Radar,0,23,64,0,87,0,0,0,0,0,0,23,64,0,87,0,0,0,87
12/15/2005,PWK,IL,AGL,CE,Towers with Radar,0,35,80,0,115,0,0,2,0,2,0,35,82,0,117,2,0,2,119
12/16/2005,PWK,IL,AGL,CE,Towers with Radar,0,25,67,0,92,0,0,15,0,15,0,25,82,0,107,20,0,20,127
12/17/2005,PWK,IL,AGL,CE,Towers with Radar,0,21,56,0,77,0,0,137,0,137,0,21,193,0,214,82,0,82,296
12/18/2005,PWK,IL,AGL,CE,Towers with Radar,0,19,58,0,77,0,0,115,0,115,0,19,173,0,192,62,0,62,254
12/19/2005,PWK,IL,AGL,CE,Towers with Radar,0,30,53,0,83,0,0,79,0,79,0,30,132,0,162,64,0,64,226
12/20/2005,PWK,IL,AGL,CE,Towers with Radar,0,22,82,0,104,0,0,93,0,93,0,22,175,0,197,36,0,36,233
12/21/2005,PWK,IL,AGL,CE,Towers with Radar,0,27,101,0,128,0,0,84,0,84,0,27,185,0,212,92,0,92,304
12/22/2005,PWK,IL,AGL,CE,Towers with Radar,0,18,53,0,71,0,0,93,0,93,0,18,146,0,164,58,0,58,222
12/23/2005,PWK,IL,AGL,CE,Towers with Radar,0,27,49,0,76,0,0,87,0,87,0,27,136,0,163,42,0,42,205
12/24/2005,PWK,IL,AGL,CE,Towers with Radar,0,14,19,0,33,0,0,0,0,0,0,14,19,0,33,0,0,0,33
12/25/2005,PWK,IL,AGL,CE,Towers with Radar,0,14,10,0,24,0,0,2,0,2,0,14,12,0,26,0,0,0,26
12/26/2005,PWK,IL,AGL,CE,Towers with Radar,0,53,70,0,123,0,0,94,0,94,0,53,164,0,217,52,0,52,269
12/27/2005,PWK,IL,AGL,CE,Towers with Radar,0,25,67,0,92,0,0,35,0,35,0,25,102,0,127,44,0,44,171
12/28/2005,PWK,IL,AGL,CE,Towers with Radar,0,18,26,0,44,0,0,0,0,0,0,18,26,0,44,0,0,0,44
12/29/2005,PWK,IL,AGL,CE,Towers with Radar,0,16,34,0,50,0,0,51,0,51,0,16,85,0,101,152,0,152,253
12/30/2005,PWK,IL,AGL,CE,Towers with Radar,0,24,28,0,52,0,0,15,0,15,0,24,43,0,67,62,0,62,129
12/31/2005,PWK,IL,AGL,CE,Towers with Radar,0,20,20,0,40,0,6,0,0,6,0,26,20,0,46,0,0,0,46
01/01/2006,PWK,IL,AGL,CE,Towers with Radar,0,17,57,0,74,0,0,60,0,60,0,17,117,0,134,30,0,30,164
01/02/2006,PWK,IL,AGL,CE,Towers with Radar,0,37,51,0,88,0,0,4,0,4,0,37,55,0,92,0,0,0,92
01/03/2006,PWK,IL,AGL,CE,Towers with Radar,0,35,69,0,104,0,0,0,0,0,0,35,69,0,104,0,0,0,104
01/04/2006,PWK,IL,AGL,CE,Towers with Radar,0,37,60,0,97,0,0,4,0,4,0,37,64,0,101,32,0,32,133
01/05/2006,PWK,IL,AGL,CE,Towers with Radar,0,26,56,0,82,0,0,42,0,42,0,26,98,0,124,136,0,136,260
01/06/2006,PWK,IL,AGL,CE,Towers with Radar,0,26,49,0,75,0,0,48,0,48,0,26,97,0,123,16,0,16,139
01/07/2006,PWK,IL,AGL,CE,Towers with Radar,0,17,53,0,70,0,0,99,0,99,0,17,152,0,169,68,0,68,237
01/08/2006,PWK,IL,AGL,CE,Towers with Radar,0,23,55,0,78,0,0,117,0,117,0,23,172,0,195,108,0,108,303
01/09/2006,PWK,IL,AGL,CE,Towers with Radar,0,21,38,0,59,0,0,76,0,76,0,21,114,0,135,60,0,60,195
01/10/2006,PWK,IL,AGL,CE,Towers with Radar,0,35,82,0,117,0,0,83,0,83,0,35,165,0,200,58,0,58,258
01/11/2006,PWK,IL,AGL,CE,Towers with Radar,0,33,79,0,112,0,0,21,0,21,0,33,100,0,133,20,0,20,153
01/12/2006,PWK,IL,AGL,CE,Towers with Radar,0,33,107,0,140,0,0,111,0,111,0,33,218,0,251,44,0,44,295
01/13/2006,PWK,IL,AGL,CE,Towers with Radar,0,16,46,0,62,0,0,1,0,1,0,16,47,0,63,0,0,0,63
01/14/2006,PWK,IL,AGL,CE,Towers with Radar,0,18,61,0,79,0,4,157,0,161,0,22,218,0,240,80,0,80,320
01/15/2006,PWK,IL,AGL,CE,Towers with Radar,0,20,46,0,66,0,0,130,0,130,0,20,176,0,196,16,0,16,212
01/16/2006,PWK,IL,AGL,CE,Towers with Radar,0,44,75,0,119,0,1,120,0,121,0,45,195,0,240,66,0,66,306
01/17/2006,PWK,IL,AGL,CE,Towers with Radar,0,35,79,0,114,0,0,1,0,1,0,35,80,0,115,0,0,0,115
01/18/2006,PWK,IL,AGL,CE,Towers with Radar,0,17,101,0,118,0,0,94,0,94,0,17,195,0,212,60,0,60,272
01/19/2006,PWK,IL,AGL,CE,Towers with Radar,0,36,85,0,121,0,2,105,0,107,0,38,190,0,228,40,0,40,268
01/20/2006,PWK,IL,AGL,CE,Towers with Radar,0,26,69,0,95,0,0,2,0,2,0,26,71,0,97,0,0,0,97
01/21/2006,PWK,IL,AGL,CE,Towers with Radar,0,22,41,0,63,0,3,119,0,122,0,25,160,0,185,100,0,100,285
01/22/2006,PWK,IL,AGL,CE,Towers with Radar,0,25,54,0,79,0,0,89,0,89,0,25,143,0,168,90,0,90,258
01/23/2006,PWK,IL,AGL,CE,Towers with Radar,0,38,85,0,123,0,0,59,0,59,0,38,144,0,182,86,0,86,268
01/24/2006,PWK,IL,AGL,CE,Towers with Radar,0,22,79,0,101,0,0,31,0,31,0,22,110,0,132,0,0,0,132
01/25/2006,PWK,IL,AGL,CE,Towers with Radar,0,33,124,0,157,0,0,88,0,88,0,33,212,0,245,40,0,40,285
01/26/2006,PWK,IL,AGL,CE,Towers with Radar,0,38,94,0,132,0,1,125,0,126,0,39,219,0,258,88,0,88,346
01/27/2006,PWK,IL,AGL,CE,Towers with Radar,0,26,95,0,121,0,3,122,0,125,0,29,217,0,246,12,0,12,258
01/28/2006,PWK,IL,AGL,CE,Towers with Radar,0,13,32,0,45,0,0,71,0,71,0,13,103,0,116,110,0,110,226
01/29/2006,PWK,IL,AGL,CE,Towers with Radar,0,15,68,0,83,0,0,11,0,11,0,15,79,0,94,0,0,0,94
01/30/2006,PWK,IL,AGL,CE,Towers with Radar,0,23,54,0,77,0,0,1,0,1,0,23,55,0,78,2,0,2,80
01/31/2006,PWK,IL,AGL,CE,Towers with Radar,0,25,86,0,111,0,0,125,0,125,0,25,211,0,236,78,0,78,314
02/01/2006,PWK,IL,AGL,CE,Towers with Radar,0,29,89,0,118,0,1,90,0,91,0,30,179,0,209,26,0,26,235
02/02/2006,PWK,IL,AGL,CE,Towers with Radar,0,44,119,0,163,0,0,76,0,76,0,44,195,0,239,76,0,76,315
02/03/2006,PWK,IL,AGL,CE,Towers with Radar,0,25,53,0,78,0,0,3,0,3,0,25,56,0,81,10,0,10,91
02/04/2006,PWK,IL,AGL,CE,Towers with Radar,0,16,22,0,38,0,0,14,0,14,0,16,36,0,52,58,0,58,110
02/05/2006,PWK,IL,AGL,CE,Towers with Radar,0,39,53,0,92,0,3,136,0,139,0,42,189,0,231,36,0,36,267
02/06/2006,PWK,IL,AGL,CE,Towers with Radar,0,29,73,0,102,0,0,96,0,96,0,29,169,0,198,64,0,64,262
02/07/2006,PWK,IL,AGL,CE,Towers with Radar,0,34,78,0,112,0,0,120,0,120,0,34,198,0,232,12,0,12,244
02/08/2006,PWK,IL,AGL,CE,Towers with Radar,0,32,85,0,117,0,0,71,0,71,0,32,156,0,188,28,0,28,216
02/09/2006,PWK,IL,AGL,CE,Towers with Radar,0,44,75,0,119,0,3,79,0,82,0,47,154,0,201,28,0,28,229
02/10/2006,PWK,IL,AGL,CE,Towers with Radar,0,30,54,0,84,0,0,51,0,51,0,30,105,0,135,114,0,114,249
02/11/2006,PWK,IL,AGL,CE,Towers with Radar,0,22,23,0,45,0,0,24,0,24,0,22,47,0,69,72,0,72,141
02/12/2006,PWK,IL,AGL,CE,Towers with Radar,0,24,50,0,74,0,0,123,0,123,0,24,173,0,197,142,0,142,339
02/13/2006,PWK,IL,AGL,CE,Towers with Radar,0,27,78,0,105,0,0,78,0,78,0,27,156,0,183,2,0,2,185
02/14/2006,PWK,IL,AGL,CE,Towers with Radar,0,22,99,0,121,0,7,123,0,130,0,29,222,0,251,54,0,54,305
02/15/2006,PWK,IL,AGL,CE,Towers with Radar,0,28,114,0,142,0,0,80,0,80,0,28,194,0,222,52,0,52,274
02/16/2006,PWK,IL,AGL,CE,Towers with Radar,0,32,74,0,106,0,0,0,0,0,0,32,74,0,106,0,0,0,106
02/17/2006,PWK,IL,AGL,CE,Towers with Radar,0,44,86,0,130,0,0,97,1,98,0,44,183,1,228,10,0,10,238
02/18/2006,PWK,IL,AGL,CE,Towers with Radar,0,15,47,0,62,0,0,78,0,78,0,15,125,0,140,24,0,24,164
02/19/2006,PWK,IL,AGL,CE,Towers with Radar,0,15,69,0,84,0,0,120,0,120,0,15,189,0,204,44,0,44,248
02/20/2006,PWK,IL,AGL,CE,Towers with Radar,0,43,87,0,130,0,0,129,0,129,0,43,216,0,259,20,0,20,279
02/21/2006,PWK,IL,AGL,CE,Towers with Radar,0,42,83,0,125,0,1,150,0,151,0,43,233,0,276,70,0,70,346
02/22/2006,PWK,IL,AGL,CE,Towers with Radar,0,47,97,0,144,0,0,154,0,154,0,47,251,0,298,74,0,74,372
02/23/2006,PWK,IL,AGL,CE,Towers with Radar,0,35,116,0,151,0,0,126,0,126,0,35,242,0,277,10,0,10,287
02/24/2006,PWK,IL,AGL,CE,Towers with Radar,0,33,68,0,101,0,0,80,0,80,0,33,148,0,181,48,0,48,229
02/25/2006,PWK,IL,AGL,CE,Towers with Radar,0,21,53,0,74,0,0,141,0,141,0,21,194,0,215,54,0,54,269
02/26/2006,PWK,IL,AGL,CE,Towers with Radar,0,43,67,0,110,0,0,221,0,221,0,43,288,0,331,138,0,138,469
02/27/2006,PWK,IL,AGL,CE,Towers with Radar,0,37,54,0,91,0,0,111,0,111,0,37,165,0,202,104,0,104,306
02/28/2006,PWK,IL,AGL,CE,Towers with Radar,0,25,81,0,106,0,0,124,0,124,0,25,205,0,230,70,0,70,300
03/01/2006,PWK,IL,AGL,CE,Towers with Radar,0,28,109,0,137,0,1,68,0,69,0,29,177,0,206,26,0,26,232
03/02/2006,PWK,IL,AGL,CE,Towers with Radar,0,31,80,0,111,0,0,46,0,46,0,31,126,0,157,34,0,34,191
03/03/2006,PWK,IL,AGL,CE,Towers with Radar,0,38,83,0,121,0,0,134,0,134,0,38,217,0,255,72,0,72,327
03/04/2006,PWK,IL,AGL,CE,Towers with Radar,0,35,58,0,93,0,0,170,0,170,0,35,228,0,263,84,0,84,347
03/05/2006,PWK,IL,AGL,CE,Towers with Radar,0,21,41,0,62,0,0,30,0,30,0,21,71,0,92,50,0,50,142
03/06/2006,PWK,IL,AGL,CE,Towers with Radar,0,34,77,0,111,0,0,28,0,28,0,34,105,0,139,2,0,2,141
03/07/2006,PWK,IL,AGL,CE,Towers with Radar,0,39,86,0,125,0,0,127,0,127,0,39,213,0,252,60,0,60,312
03/08/2006,PWK,IL,AGL,CE,Towers with Radar,0,23,105,0,128,0,0,57,0,57,0,23,162,0,185,60,0,60,245
03/09/2006,PWK,IL,AGL,CE,Towers with Radar,0,35,89,0,124,0,0,0,0,0,0,35,89,0,124,0,0,0,124
03/10/2006,PWK,IL,AGL,CE,Towers with Radar,0,26,88,0,114,0,0,106,0,106,0,26,194,0,220,92,0,92,312
03/11/2006,PWK,IL,AGL,CE,Towers with Radar,0,13,51,0,64,0,0,109,0,109,0,13,160,0,173,40,0,40,213
03/12/2006,PWK,IL,AGL,CE,Towers with Radar,0,21,72,0,93,0,0,166,0,166,0,21,238,0,259,48,0,48,307
03/13/2006,PWK,IL,AGL,CE,Towers with Radar,0,20,40,0,60,0,0,21,0,21,0,20,61,0,81,4,0,4,85
03/14/2006,PWK,IL,AGL,CE,Towers with Radar,0,31,86,1,118,0,0,66,0,66,0,31,152,1,184,4,0,4,188
03/15/2006,PWK,IL,AGL,CE,Towers with Radar,0,31,92,0,123,0,1,156,0,157,0,32,248,0,280,78,0,78,358
03/16/2006,PWK,IL,AGL,CE,Towers with Radar,0,19,53,0,72,0,0,8,0,8,0,19,61,0,80,0,0,0,80
03/17/2006,PWK,IL,AGL,CE,Towers with Radar,0,41,84,0,125,0,0,113,0,113,0,41,197,0,238,60,0,60,298
03/18/2006,PWK,IL,AGL,CE,Towers with Radar,0,19,59,0,78,0,2,254,0,256,0,21,313,0,334,90,0,90,424
03/19/2006,PWK,IL,AGL,CE,Towers with Radar,0,24,64,0,88,0,0,220,0,220,0,24,284,0,308,82,0,82,390
03/20/2006,PWK,IL,AGL,CE,Towers with Radar,0,29,74,0,103,0,0,95,0,95,0,29,169,0,198,24,0,24,222
03/21/2006,PWK,IL,AGL,CE,Towers with Radar,0,35,81,0,116,0,0,59,0,59,0,35,140,0,175,10,0,10,185
03/22/2006,PWK,IL,AGL,CE,Towers with Radar,0,33,120,0,153,0,0,136,0,136,0,33,256,0,289,58,0,58,347
03/23/2006,PWK,IL,AGL,CE,Towers with Radar,0,39,101,0,140,0,0,73,0,73,0,39,174,0,213,136,0,136,349
03/24/2006,PWK,IL,AGL,CE,Towers with Radar,0,51,102,0,153,0,0,20,0,20,0,51,122,0,173,14,0,14,187
03/25/2006,PWK,IL,AGL,CE,Towers with Radar,0,36,59,0,95,0,0,96,0,96,0,36,155,0,191,130,0,130,321
03/26/2006,PWK,IL,AGL,CE,Towers with Radar,0,26,71,0,97,0,0,162,0,162,0,26,233,0,259,120,0,120,379
03/27/2006,PWK,IL,AGL,CE,Towers with Radar,0,28,69,0,97,0,0,91,0,91,0,28,160,0,188,28,0,28,216
03/28/2006,PWK,IL,AGL,CE,Towers with Radar,0,35,60,0,95,0,0,4,0,4,0,35,64,0,99,0,0,0,99
03/29/2006,PWK,IL,AGL,CE,Towers with Radar,0,32,103,0,135,0,0,68,0,68,0,32,171,0,203,48,0,48,251
03/30/2006,PWK,IL,AGL,CE,Towers with Radar,0,32,74,0,106,0,0,75,0,75,0,32,149,0,181,36,0,36,217
03/31/2006,PWK,IL,AGL,CE,Towers with Radar,0,17,56,0,73,0,0,22,0,22,0,17,78,0,95,4,0,4,99
04/01/2006,PWK,IL,AGL,CE,Towers with Radar,0,33,68,0,101,0,0,138,0,138,0,33,206,0,239,184,0,184,423
04/02/2006,PWK,IL,AGL,CE,Towers with Radar,0,47,70,0,117,0,0,38,0,38,0,47,108,0,155,76,0,76,231
04/03/2006,PWK,IL,AGL,CE,Towers with Radar,0,38,100,0,138,0,2,51,0,53,0,40,151,0,191,6,0,6,197
04/04/2006,PWK,IL,AGL,CE,Towers with Radar,0,31,97,0,128,0,0,143,0,143,0,31,240,0,271,54,0,54,325
04/05/2006,PWK,IL,AGL,CE,Towers with Radar,0,23,81,0,104,0,0,141,1,142,0,23,222,1,246,44,0,44,290
04/06/2006,PWK,IL,AGL,CE,Towers with Radar,0,43,86,1,130,0,0,74,4,78,0,43,160,5,208,44,0,44,252
04/07/2006,PWK,IL,AGL,CE,Towers with Radar,0,35,53,0,88,0,0,1,0,1,0,35,54,0,89,2,0,2,91
04/08/2006,PWK,IL,AGL,CE,Towers with Radar,0,20,61,0,81,0,1,184,0,185,0,21,245,0,266,96,0,96,362
04/09/2006,PWK,IL,AGL,CE,Towers with Radar,0,36,56,0,92,0,0,203,0,203,0,36,259,0,295,122,0,122,417
04/10/2006,PWK,IL,AGL,CE,Towers with Radar,0,34,69,0,103,0,0,148,0,148,0,34,217,0,251,46,0,46,297
04/11/2006,PWK,IL,AGL,CE,Towers with Radar,0,43,93,0,136,0,0,136,0,136,0,43,229,0,272,24,0,24,296
04/12/2006,PWK,IL,AGL,CE,Towers with Radar,0,41,86,0,127,0,0,80,0,80,0,41,166,0,207,54,0,54,261
04/13/2006,PWK,IL,AGL,CE,Towers with Radar,0,48,126,0,174,0,0,129,0,129,0,48,255,0,303,80,0,80,383
04/14/2006,PWK,IL,AGL,CE,Towers with Radar,0,26,70,0,96,0,0,143,0,143,0,26,213,0,239,62,0,62,301
04/15/2006,PWK,IL,AGL,CE,Towers with Radar,0,14,58,0,72,0,0,179,0,179,0,14,237,0,251,92,0,92,343
04/16/2006,PWK,IL,AGL,CE,Towers with Radar,0,28,34,0,62,0,0,5,0,5,0,28,39,0,67,42,0,42,109
04/17/2006,PWK,IL,AGL,CE,Towers with Radar,0,44,99,0,143,0,0,152,0,152,0,44,251,0,295,40,0,40,335
04/18/2006,PWK,IL,AGL,CE,Towers with Radar,0,29,108,0,137,0,0,164,0,164,0,29,272,0,301,86,0,86,387
04/19/2006,PWK,IL,AGL,CE,Towers with Radar,0,31,92,0,123,0,0,143,0,143,0,31,235,0,266,72,0,72,338
04/20/2006,PWK,IL,AGL,CE,Towers with Radar,0,39,102,0,141,0,0,156,0,156,0,39,258,0,297,104,0,104,401
04/21/2006,PWK,IL,AGL,CE,Towers with Radar,0,33,81,0,114,0,5,155,0,160,0,38,236,0,274,28,0,28,302
04/22/2006,PWK,IL,AGL,CE,Towers with Radar,0,16,67,0,83,0,0,163,0,163,0,16,230,0,246,138,0,138,384
04/23/2006,PWK,IL,AGL,CE,Towers with Radar,0,35,75,0,110,0,0,158,0,158,0,35,233,0,268,38,0,38,306
04/24/2006,PWK,IL,AGL,CE,Towers with Radar,0,30,81,0,111,0,0,121,0,121,0,30,202,0,232,56,0,56,288
04/25/2006,PWK,IL,AGL,CE,Towers with Radar,0,50,109,0,159,0,0,56,0,56,0,50,165,0,215,20,0,20,235
04/26/2006,PWK,IL,AGL,CE,Towers with Radar,0,43,88,0,131,0,0,203,0,203,0,43,291,0,334,144,0,144,478
04/27/2006,PWK,IL,AGL,CE,Towers with Radar,0,34,107,0,141,0,0,156,0,156,0,34,263,0,297,54,0,54,351
04/28/2006,PWK,IL,AGL,CE,Towers with Radar,0,39,85,0,124,0,0,125,0,125,0,39,210,0,249,64,0,64,313
04/29/2006,PWK,IL,AGL,CE,Towers with Radar,0,9,46,0,55,0,1,127,0,128,0,10,173,0,183,56,0,56,239
04/30/2006,PWK,IL,AGL,CE,Towers with Radar,0,37,65,0,102,0,0,20,0,20,0,37,85,0,122,2,0,2,124
05/01/2006,PWK,IL,AGL,CE,Towers with Radar,0,37,124,0,161,0,0,39,0,39,0,37,163,0,200,40,0,40,240
05/02/2006,PWK,IL,AGL,CE,Towers with Radar,0,28,91,0,119,0,0,122,0,122,0,28,213,0,241,32,3,35,276
05/03/2006,PWK,IL,AGL,CE,Towers with Radar,0,29,108,0,137,0,0,127,0,127,0,29,235,0,264,48,0,48,312
05/04/2006,PWK,IL,AGL,CE,Towers with Radar,0,37,108,0,145,0,0,150,0,150,0,37,258,0,295,88,0,88,383
05/05/2006,PWK,IL,AGL,CE,Towers with Radar,0,36,106,0,142,0,0,136,0,136,0,36,242,0,278,72,0,72,350
05/06/2006,PWK,IL,AGL,CE,Towers with Radar,0,26,63,0,89,0,0,204,0,204,0,26,267,0,293,122,0,122,415
05/07/2006,PWK,IL,AGL,CE,Towers with Radar,0,30,69,0,99,0,0,202,0,202,0,30,271,0,301,112,0,112,413
05/08/2006,PWK,IL,AGL,CE,Towers with Radar,0,25,98,0,123,0,0,135,0,135,0,25,233,0,258,60,0,60,318
05/09/2006,PWK,IL,AGL,CE,Towers with Radar,0,44,100,0,144,0,0,108,0,108,0,44,208,0,252,86,0,86,338
05/10/2006,PWK,IL,AGL,CE,Towers with Radar,0,38,159,0,197,0,0,88,0,88,0,38,247,0,285,42,0,42,327
05/11/2006,PWK,IL,AGL,CE,Towers with Radar,0,41,103,0,144,0,0,2,0,2,0,41,105,0,146,0,0,0,146
05/12/2006,PWK,IL,AGL,CE,Towers with Radar,0,44,89,0,133,0,0,10,0,10,0,44,99,0,143,14,0,14,157
05/13/2006,PWK,IL,AGL,CE,Towers with Radar,0,16,37,0,53,0,0,9,0,9,0,16,46,0,62,20,0,20,82
05/14/2006,PWK,IL,AGL,CE,Towers with Radar,0,32,60,0,92,0,0,25,0,25,0,32,85,0,117,14,0,14,131
05/15/2006,PWK,IL,AGL,CE,Towers with Radar,0,25,81,0,106,0,0,51,0,51,0,25,132,0,157,78,0,78,235
05/16/2006,PWK,IL,AGL,CE,Towers with Radar,0,39,166,0,205,0,0,87,0,87,0,39,253,0,292,70,0,70,362
05/17/2006,PWK,IL,AGL,CE,Towers with Radar,0,31,108,0,139,0,0,92,0,92,0,31,200,0,231,32,0,32,263
05/18/2006,PWK,IL,AGL,CE,Towers with Radar,0,27,131,0,158,0,0,129,0,129,0,27,260,0,287,80,0,80,367
05/19/2006,PWK,IL,AGL,CE,Towers with Radar,0,24,93,0,117,0,0,148,0,148,0,24,241,0,265,66,0,66,331
05/20/2006,PWK,IL,AGL,CE,Towers with Radar,0,24,53,0,77,0,0,199,0,199,0,24,252,0,276,68,4,72,348
05/21/2006,PWK,IL,AGL,CE,Towers with Radar,0,30,79,0,109,0,0,182,0,182,0,30,261,0,291,78,0,78,369
05/22/2006,PWK,IL,AGL,CE,Towers with Radar,0,23,72,0,95,0,0,133,0,133,0,23,205,0,228,36,0,36,264
05/23/2006,PWK,IL,AGL,CE,Towers with Radar,0,26,122,0,148,0,2,222,0,224,0,28,344,0,372,48,0,48,420
05/24/2006,PWK,IL,AGL,CE,Towers with Radar,0,45,106,0,151,0,2,94,0,96,0,47,200,0,247,89,0,89,336
05/25/2006,PWK,IL,AGL,CE,Towers with Radar,0,36,113,0,149,0,0,66,0,66,0,36,179,0,215,46,0,46,261
05/26/2006,PWK,IL,AGL,CE,Towers with Radar,0,27,118,0,145,0,0,135,0,135,0,27,253,0,280,58,0,58,338
05/27/2006,PWK,IL,AGL,CE,Towers with Radar,0,11,67,0,78,0,0,134,0,134,0,11,201,0,212,126,0,126,338
05/28/2006,PWK,IL,AGL,CE,Towers with Radar,0,20,58,0,78,0,0,133,0,133,0,20,191,0,211,74,0,74,285
05/29/2006,PWK,IL,AGL,CE,Towers with Radar,0,25,72,0,97,0,1,91,0,92,0,26,163,0,189,16,0,16,205
05/30/2006,PWK,IL,AGL,CE,Towers with Radar,0,54,93,1,148,0,0,118,0,118,0,54,211,1,266,38,0,38,304
05/31/2006,PWK,IL,AGL,CE,Towers with Radar,0,31,123,0,154,0,0,63,0,63,0,31,186,0,217,22,0,22,239
06/01/2006,PWK,IL,AGL,CE,Towers with Radar,0,36,96,0,132,0,0,188,0,188,0,36,284,0,320,54,0,54,374
06/02/2006,PWK,IL,AGL,CE,Towers with Radar,0,27,74,4,105,0,0,171,0,171,0,27,245,4,276,88,0,88,364
06/03/2006,PWK,IL,AGL,CE,Towers with Radar,0,24,58,0,82,0,4,203,0,207,0,28,261,0,289,123,0,123,412
06/04/2006,PWK,IL,AGL,CE,Towers with Radar,0,35,82,0,117,0,0,188,0,188,0,35,270,0,305,96,0,96,401
06/05/2006,PWK,IL,AGL,CE,Towers with Radar,0,39,86,0,125,0,0,169,0,169,0,39,255,0,294,62,0,62,356
06/06/2006,PWK,IL,AGL,CE,Towers with Radar,0,27,92,0,119,0,5,196,0,201,0,32,288,0,320,86,0,86,406
06/07/2006,PWK,IL,AGL,CE,Towers with Radar,0,32,96,0,128,0,0,160,0,160,0,32,256,0,288,56,0,56,344
06/08/2006,PWK,IL,AGL,CE,Towers with Radar,0,41,108,0,149,0,0,161,0,161,0,41,269,0,310,112,0,112,422
06/09/2006,PWK,IL,AGL,CE,Towers with Radar,0,33,97,0,130,0,0,117,0,117,0,33,214,0,247,60,0,60,307
06/10/2006,PWK,IL,AGL,CE,Towers with Radar,0,22,49,0,71,0,0,96,0,96,0,22,145,0,167,46,0,46,213
06/11/2006,PWK,IL,AGL,CE,Towers with Radar,0,36,86,0,122,0,0,204,0,204,0,36,290,0,326,110,0,110,436
06/12/2006,PWK,IL,AGL,CE,Towers with Radar,0,46,84,0,130,0,0,196,0,196,0,46,280,0,326,80,0,80,406
06/13/2006,PWK,IL,AGL,CE,Towers with Radar,0,49,108,0,157,0,0,203,0,203,0,49,311,0,360,122,0,122,482
06/14/2006,PWK,IL,AGL,CE,Towers with Radar,0,41,119,0,160,0,0,151,0,151,0,41,270,0,311,98,0,98,409
06/15/2006,PWK,IL,AGL,CE,Towers with Radar,0,45,141,0,186,0,0,206,0,206,0,45,347,0,392,22,0,22,414
06/16/2006,PWK,IL,AGL,CE,Towers with Radar,0,39,117,0,156,0,0,148,0,148,0,39,265,0,304,21,0,21,325
06/17/2006,PWK,IL,AGL,CE,Towers with Radar,0,33,68,0,101,0,0,165,0,165,0,33,233,0,266,22,2,24,290
06/18/2006,PWK,IL,AGL,CE,Towers with Radar,0,43,86,0,129,0,0,81,0,81,0,43,167,0,210,77,0,77,287
06/19/2006,PWK,IL,AGL,CE,Towers with Radar,0,44,113,0,157,0,0,196,0,196,0,44,309,0,353,132,0,132,485
06/20/2006,PWK,IL,AGL,CE,Towers with Radar,0,33,130,0,163,0,0,139,0,139,0,33,269,0,302,136,0,136,438
06/21/2006,PWK,IL,AGL,CE,Towers with Radar,0,60,109,0,169,0,0,57,0,57,0,60,166,0,226,24,0,24,250
06/22/2006,PWK,IL,AGL,CE,Towers with Radar,0,63,111,0,174,0,0,172,0,172,0,63,283,0,346,66,0,66,412
06/23/2006,PWK,IL,AGL,CE,Towers with Radar,0,45,120,0,165,0,0,169,0,169,0,45,289,0,334,66,0,66,400
06/24/2006,PWK,IL,AGL,CE,Towers with Radar,0,24,56,0,80,0,0,174,0,174,0,24,230,0,254,115,0,115,369
06/25/2006,PWK,IL,AGL,CE,Towers with Radar,0,51,79,0,130,0,0,84,0,84,0,51,163,0,214,53,0,53,267
06/26/2006,PWK,IL,AGL,CE,Towers with Radar,0,25,98,0,123,0,0,84,0,84,0,25,182,0,207,151,0,151,358
06/27/2006,PWK,IL,AGL,CE,Towers with Radar,0,39,117,0,156,0,0,177,0,177,0,39,294,0,333,104,0,104,437
06/28/2006,PWK,IL,AGL,CE,Towers with Radar,0,34,104,0,138,0,0,155,0,155,0,34,259,0,293,86,0,86,379
06/29/2006,PWK,IL,AGL,CE,Towers with Radar,0,53,136,0,189,0,1,198,0,199,0,54,334,0,388,82,0,82,470
06/30/2006,PWK,IL,AGL,CE,Towers with Radar,0,47,124,0,171,0,0,220,0,220,0,47,344,0,391,90,0,90,481
07/01/2006,PWK,IL,AGL,CE,Towers with Radar,0,13,54,0,67,0,0,79,0,79,0,13,133,0,146,38,0,38,184
07/02/2006,PWK,IL,AGL,CE,Towers with Radar,0,29,60,0,89,0,0,153,0,153,0,29,213,0,242,100,0,100,342
07/03/2006,PWK,IL,AGL,CE,Towers with Radar,0,14,55,0,69,0,0,48,0,48,0,14,103,0,117,72,0,72,189
07/04/2006,PWK,IL,AGL,CE,Towers with Radar,0,16,39,0,55,0,0,98,0,98,0,16,137,0,153,96,0,96,249
07/05/2006,PWK,IL,AGL,CE,Towers with Radar,0,28,94,0,122,0,0,194,0,194,0,28,288,0,316,85,0,85,401
07/06/2006,PWK,IL,AGL,CE,Towers with Radar,0,33,111,0,144,0,0,124,0,124,0,33,235,0,268,38,0,38,306
07/07/2006,PWK,IL,AGL,CE,Towers with Radar,0,33,96,0,129,0,0,88,0,88,0,33,184,0,217,50,0,50,267
07/08/2006,PWK,IL,AGL,CE,Towers with Radar,0,30,55,0,85,0,0,191,0,191,0,30,246,0,276,119,0,119,395
07/09/2006,PWK,IL,AGL,CE,Towers with Radar,0,44,73,0,117,0,0,151,1,152,0,44,224,1,269,110,0,110,379
07/10/2006,PWK,IL,AGL,CE,Towers with Radar,0,34,78,0,112,0,0,165,0,165,0,34,243,0,277,124,0,124,401
07/11/2006,PWK,IL,AGL,CE,Towers with Radar,0,29,133,0,162,0,0,7,0,7,0,29,140,0,169,2,0,2,171
07/12/2006,PWK,IL,AGL,CE,Towers with Radar,0,48,165,0,213,0,0,68,0,68,0,48,233,0,281,92,0,92,373
07/13/2006,PWK,IL,AGL,CE,Towers with Radar,0,38,112,0,150,0,0,158,0,158,0,38,270,0,308,64,0,64,372
07/14/2006,PWK,IL,AGL,CE,Towers with Radar,0,33,125,0,158,0,0,88,0,88,0,33,213,0,246,91,0,91,337
07/15/2006,PWK,IL,AGL,CE,Towers with Radar,0,17,41,0,58,0,0,152,0,152,0,17,193,0,210,66,0,66,276
07/16/2006,PWK,IL,AGL,CE,Towers with Radar,0,36,82,0,118,0,1,167,0,168,0,37,249,0,286,106,0,106,392
07/17/2006,PWK,IL,AGL,CE,Towers with Radar,0,42,87,0,129,0,0,175,0,175,0,42,262,0,304,44,0,44,348
07/18/2006,PWK,IL,AGL,CE,Towers with Radar,0,31,102,0,133,0,0,235,1,236,0,31,337,1,369,147,0,147,516
07/19/2006,PWK,IL,AGL,CE,Towers with Radar,0,30,127,0,157,0,0,138,0,138,0,30,265,0,295,117,0,117,412
07/20/2006,PWK,IL,AGL,CE,Towers with Radar,0,50,146,0,196,0,0,73,0,73,0,50,219,0,269,90,0,90,359
07/21/2006,PWK,IL,AGL,CE,Towers with Radar,0,45,117,0,162,0,0,159,0,159,0,45,276,0,321,66,0,66,387
07/22/2006,PWK,IL,AGL,CE,Towers with Radar,0,30,57,0,87,0,0,269,0,269,0,30,326,0,356,162,0,162,518
07/23/2006,PWK,IL,AGL,CE,Towers with Radar,0,46,89,0,135,0,0,265,0,265,0,46,354,0,400,100,0,100,500
07/24/2006,PWK,IL,AGL,CE,Towers with Radar,0,29,68,0,97,0,0,136,0,136,0,29,204,0,233,88,0,88,321
07/25/2006,PWK,IL,AGL,CE,Towers with Radar,0,50,105,0,155,0,0,190,0,190,0,50,295,0,345,116,0,116,461
07/26/2006,PWK,IL,AGL,CE,Towers with Radar,0,34,127,0,161,0,0,118,0,118,0,34,245,0,279,94,0,94,373
07/27/2006,PWK,IL,AGL,CE,Towers with Radar,0,36,123,0,159,0,5,141,0,146,0,41,264,0,305,76,0,76,381
07/28/2006,PWK,IL,AGL,CE,Towers with Radar,0,43,130,0,173,0,0,180,0,180,0,43,310,0,353,100,0,100,453
07/29/2006,PWK,IL,AGL,CE,Towers with Radar,0,21,69,0,90,0,0,187,0,187,0,21,256,0,277,106,0,106,383
07/30/2006,PWK,IL,AGL,CE,Towers with Radar,0,31,83,0,114,0,1,156,0,157,0,32,239,0,271,211,0,211,482
07/31/2006,PWK,IL,AGL,CE,Towers with Radar,0,35,82,0,117,0,0,171,0,171,0,35,253,0,288,82,0,82,370
08/01/2006,PWK,IL,AGL,CE,Towers with Radar,0,44,93,0,137,0,0,168,0,168,0,44,261,0,305,74,0,74,379
08/02/2006,PWK,IL,AGL,CE,Towers with Radar,0,33,101,0,134,0,0,142,0,142,0,33,243,0,276,140,0,140,416
08/03/2006,PWK,IL,AGL,CE,Towers with Radar,0,41,115,0,156,0,0,104,0,104,0,41,219,0,260,88,0,88,348
08/04/2006,PWK,IL,AGL,CE,Towers with Radar,0,39,109,1,149,0,0,195,0,195,0,39,304,1,344,116,0,116,460
08/05/2006,PWK,IL,AGL,CE,Towers with Radar,0,22,79,0,101,0,0,178,0,178,0,22,257,0,279,128,0,128,407
08/06/2006,PWK,IL,AGL,CE,Towers with Radar,0,36,87,0,123,0,0,97,0,97,0,36,184,0,220,126,2,128,348
08/07/2006,PWK,IL,AGL,CE,Towers with Radar,0,45,113,0,158,0,0,182,0,182,0,45,295,0,340,153,0,153,493
08/08/2006,PWK,IL,AGL,CE,Towers with Radar,0,33,133,0,166,0,0,208,0,208,0,33,341,0,374,98,0,98,472
08/09/2006,PWK,IL,AGL,CE,Towers with Radar,0,41,133,0,174,0,0,169,0,169,0,41,302,0,343,124,0,124,467
08/10/2006,PWK,IL,AGL,CE,Towers with Radar,0,49,140,0,189,0,0,13,0,13,0,49,153,0,202,70,0,70,272
08/11/2006,PWK,IL,AGL,CE,Towers with Radar,0,64,129,0,193,0,0,197,0,197,0,64,326,0,390,118,0,118,508
08/12/2006,PWK,IL,AGL,CE,Towers with Radar,0,39,83,0,122,0,0,178,0,178,0,39,261,0,300,108,0,108,408
08/13/2006,PWK,IL,AGL,CE,Towers with Radar,0,43,87,0,130,0,1,183,0,184,0,44,270,0,314,153,0,153,467
08/14/2006,PWK,IL,AGL,CE,Towers with Radar,0,39,106,0,145,0,0,169,0,169,0,39,275,0,314,144,0,144,458
08/15/2006,PWK,IL,AGL,CE,Towers with Radar,0,44,123,0,167,0,0,214,0,214,0,44,337,0,381,108,0,108,489
08/16/2006,PWK,IL,AGL,CE,Towers with Radar,0,36,127,0,163,0,3,211,0,214,0,39,338,0,377,76,0,76,453
08/17/2006,PWK,IL,AGL,CE,Towers with Radar,0,51,127,0,178,0,0,150,0,150,0,51,277,0,328,70,0,70,398
08/18/2006,PWK,IL,AGL,CE,Towers with Radar,0,36,82,0,118,0,0,58,0,58,0,36,140,0,176,52,0,52,228
08/19/2006,PWK,IL,AGL,CE,Towers with Radar,0,16,66,0,82,0,0,99,0,99,0,16,165,0,181,144,0,144,325
08/20/2006,PWK,IL,AGL,CE,Towers with Radar,0,44,100,0,144,0,0,250,0,250,0,44,350,0,394,72,0,72,466
08/21/2006,PWK,IL,AGL,CE,Towers with Radar,0,35,104,0,139,0,0,164,0,164,0,35,268,0,303,96,0,96,399
08/22/2006,PWK,IL,AGL,CE,Towers with Radar,0,29,124,0,153,0,0,235,0,235,0,29,359,0,388,115,0,115,503
08/23/2006,PWK,IL,AGL,CE,Towers with Radar,0,34,107,0,141,0,1,166,0,167,0,35,273,0,308,142,0,142,450
08/24/2006,PWK,IL,AGL,CE,Towers with Radar,0,42,108,0,150,0,0,100,0,100,0,42,208,0,250,48,0,48,298
08/25/2006,PWK,IL,AGL,CE,Towers with Radar,0,36,94,0,130,0,0,47,0,47,0,36,141,0,177,118,0,118,295
08/26/2006,PWK,IL,AGL,CE,Towers with Radar,0,19,49,1,69,0,0,60,1,61,0,19,109,2,130,32,0,32,162
08/27/2006,PWK,IL,AGL,CE,Towers with Radar,0,24,92,0,116,0,0,73,0,73,0,24,165,0,189,138,0,138,327
08/28/2006,PWK,IL,AGL,CE,Towers with Radar,0,19,107,0,126,0,0,7,0,7,0,19,114,0,133,0,0,0,133
08/29/2006,PWK,IL,AGL,CE,Towers with Radar,0,37,124,0,161,0,0,141,0,141,0,37,265,0,302,112,0,112,414
08/30/2006,PWK,IL,AGL,CE,Towers with Radar,0,44,130,0,174,0,0,144,0,144,0,44,274,0,318,194,0,194,512
08/31/2006,PWK,IL,AGL,CE,Towers with Radar,0,39,108,0,147,0,0,203,0,203,0,39,311,0,350,77,0,77,427
09/01/2006,PWK,IL,AGL,CE,Towers with Radar,0,46,132,0,178,0,0,201,0,201,0,46,333,0,379,146,0,146,525
09/02/2006,PWK,IL,AGL,CE,Towers with Radar,0,24,75,0,99,0,0,207,0,207,0,24,282,0,306,133,0,133,439
09/03/2006,PWK,IL,AGL,CE,Towers with Radar,0,10,55,0,65,0,0,158,0,158,0,10,213,0,223,125,0,125,348
09/04/2006,PWK,IL,AGL,CE,Towers with Radar,0,42,88,0,130,0,0,74,0,74,0,42,162,0,204,48,0,48,252
09/05/2006,PWK,IL,AGL,CE,Towers with Radar,0,29,103,0,132,0,0,157,0,157,0,29,260,0,289,94,0,94,383
09/06/2006,PWK,IL,AGL,CE,Towers with Radar,0,52,107,2,161,0,1,182,0,183,0,53,289,2,344,45,0,45,389
09/07/2006,PWK,IL,AGL,CE,Towers with Radar,0,33,130,0,163,0,0,210,0,210,0,33,340,0,373,108,0,108,481
09/08/2006,PWK,IL,AGL,CE,Towers with Radar,0,42,104,0,146,0,0,238,0,238,0,42,342,0,384,62,0,62,446
09/09/2006,PWK,IL,AGL,CE,Towers with Radar,0,14,70,0,84,0,0,97,0,97,0,14,167,0,181,173,0,173,354
09/10/2006,PWK,IL,AGL,CE,Towers with Radar,0,35,106,0,141,0,0,1,0,1,0,35,107,0,142,0,0,0,142
09/11/2006,PWK,IL,AGL,CE,Towers with Radar,0,42,117,0,159,0,0,0,0,0,0,42,117,0,159,0,0,0,159
09/12/2006,PWK,IL,AGL,CE,Towers with Radar,0,24,107,0,131,0,0,7,0,7,0,24,114,0,138,20,0,20,158
09/13/2006,PWK,IL,AGL,CE,Towers with Radar,0,36,104,0,140,0,0,4,0,4,0,36,108,0,144,6,0,6,150
09/14/2006,PWK,IL,AGL,CE,Towers with Radar,0,47,119,0,166,0,0,209,0,209,0,47,328,0,375,116,0,116,491
09/15/2006,PWK,IL,AGL,CE,Towers with Radar,0,37,114,0,151,0,0,186,0,186,0,37,300,0,337,112,0,112,449
09/16/2006,PWK,IL,AGL,CE,Towers with Radar,0,19,62,0,81,0,0,262,0,262,0,19,324,0,343,204,0,204,547
09/17/2006,PWK,IL,AGL,CE,Towers with Radar,0,40,81,0,121,0,0,140,0,140,0,40,221,0,261,83,0,83,344
09/18/2006,PWK,IL,AGL,CE,Towers with Radar,0,28,88,0,116,0,0,155,0,155,0,28,243,0,271,72,0,72,343
09/19/2006,PWK,IL,AGL,CE,Towers with Radar,0,42,113,0,155,0,0,105,0,105,0,42,218,0,260,52,0,52,312
09/20/2006,PWK,IL,AGL,CE,Towers with Radar,0,47,132,0,179,0,0,211,1,212,0,47,343,1,391,100,0,100,491
09/21/2006,PWK,IL,AGL,CE,Towers with Radar,0,37,143,0,180,0,0,167,0,167,0,37,310,0,347,58,0,58,405
09/22/2006,PWK,IL,AGL,CE,Towers with Radar,0,49,115,0,164,0,0,30,0,30,0,49,145,0,194,78,0,78,272
09/23/2006,PWK,IL,AGL,CE,Towers with Radar,0,17,47,0,64,0,2,17,0,19,0,19,64,0,83,51,0,51,134
09/24/2006,PWK,IL,AGL,CE,Towers with Radar,0,36,88,0,124,0,0,131,0,131,0,36,219,0,255,153,0,153,408
09/25/2006,PWK,IL,AGL,CE,Towers with Radar,0,32,86,0,118,0,0,164,0,164,0,32,250,0,282,66,0,66,348
09/26/2006,PWK,IL,AGL,CE,Towers with Radar,0,51,133,0,184,0,0,209,0,209,0,51,342,0,393,42,0,42,435
09/27/2006,PWK,IL,AGL,CE,Towers with Radar,0,47,126,0,173,0,0,107,0,107,0,47,233,0,280,24,0,24,304
09/28/2006,PWK,IL,AGL,CE,Towers with Radar,0,43,112,0,155,0,0,179,0,179,0,43,291,0,334,103,0,103,437
09/29/2006,PWK,IL,AGL,CE,Towers with Radar,0,33,132,0,165,0,0,151,0,151,0,33,283,0,316,42,0,42,358
09/30/2006,PWK,IL,AGL,CE,Towers with Radar,0,24,64,0,88,0,3,156,0,159,0,27,220,0,247,155,0,155,402
10/01/2006,PWK,IL,AGL,CE,Towers with Radar,0,24,88,0,112,0,0,236,0,236,0,24,324,0,348,122,0,122,470
10/02/2006,PWK,IL,AGL,CE,Towers with Radar,0,31,92,0,123,0,0,117,0,117,0,31,209,0,240,48,0,48,288
10/03/2006,PWK,IL,AGL,CE,Towers with Radar,0,42,111,0,153,0,0,124,0,124,0,42,235,0,277,74,0,74,351
10/04/2006,PWK,IL,AGL,CE,Towers with Radar,0,54,126,0,180,0,0,14,0,14,0,54,140,0,194,14,0,14,208
10/05/2006,PWK,IL,AGL,CE,Towers with Radar,0,41,132,0,173,0,0,181,0,181,0,41,313,0,354,109,0,109,463
10/06/2006,PWK,IL,AGL,CE,Towers with Radar,0,41,113,0,154,0,0,221,1,222,0,41,334,1,376,72,0,72,448
10/07/2006,PWK,IL,AGL,CE,Towers with Radar,0,23,66,0,89,0,0,213,0,213,0,23,279,0,302,54,0,54,356
10/08/2006,PWK,IL,AGL,CE,Towers with Radar,0,30,94,0,124,0,0,183,0,183,0,30,277,0,307,68,0,68,375
10/09/2006,PWK,IL,AGL,CE,Towers with Radar,0,31,104,0,135,0,0,151,0,151,0,31,255,0,286,56,0,56,342
10/10/2006,PWK,IL,AGL,CE,Towers with Radar,0,45,113,0,158,0,2,143,0,145,0,47,256,0,303,148,0,148,451
10/11/2006,PWK,IL,AGL,CE,Towers with Radar,0,39,124,0,163,0,0,39,0,39,0,39,163,0,202,48,0,48,250
10/12/2006,PWK,IL,AGL,CE,Towers with Radar,0,43,100,0,143,0,0,12,0,12,0,43,112,0,155,8,0,8,163
10/13/2006,PWK,IL,AGL,CE,Towers with Radar,0,42,83,0,125,0,0,94,0,94,0,42,177,0,219,22,0,22,241
10/14/2006,PWK,IL,AGL,CE,Towers with Radar,0,20,62,0,82,0,0,215,0,215,0,20,277,0,297,73,0,73,370
10/15/2006,PWK,IL,AGL,CE,Towers with Radar,0,48,85,0,133,0,0,207,0,207,0,48,292,0,340,86,0,86,426
10/16/2006,PWK,IL,AGL,CE,Towers with Radar,0,32,100,0,132,0,0,103,0,103,0,32,203,0,235,82,0,82,317
10/17/2006,PWK,IL,AGL,CE,Towers with Radar,0,42,112,0,154,0,0,89,0,89,0,42,201,0,243,110,0,110,353
10/18/2006,PWK,IL,AGL,CE,Towers with Radar,0,23,130,0,153,0,0,74,0,74,0,23,204,0,227,84,0,84,311
10/19/2006,PWK,IL,AGL,CE,Towers with Radar,0,33,106,0,139,0,0,112,0,112,0,33,218,0,251,117,0,117,368
10/20/2006,PWK,IL,AGL,CE,Towers with Radar,0,40,120,0,160,0,0,160,0,160,0,40,280,0,320,48,0,48,368
10/21/2006,PWK,IL,AGL,CE,Towers with Radar,0,23,71,0,94,0,0,112,0,112,0,23,183,0,206,126,0,126,332
10/22/2006,PWK,IL,AGL,CE,Towers with Radar,0,32,77,0,109,0,0,76,0,76,0,32,153,0,185,49,0,49,234
10/23/2006,PWK,IL,AGL,CE,Towers with Radar,0,31,86,0,117,0,0,123,0,123,0,31,209,0,240,56,0,56,296
10/24/2006,PWK,IL,AGL,CE,Towers with Radar,0,38,90,0,128,0,0,215,0,215,0,38,305,0,343,106,0,106,449
10/25/2006,PWK,IL,AGL,CE,Towers with Radar,0,33,99,0,132,0,0,160,0,160,0,33,259,0,292,68,0,68,360
10/26/2006,PWK,IL,AGL,CE,Towers with Radar,0,44,125,0,169,0,0,34,0,34,0,44,159,0,203,30,0,30,233
10/27/2006,PWK,IL,AGL,CE,Towers with Radar,0,35,114,1,150,0,0,1,0,1,0,35,115,1,151,0,0,0,151
10/28/2006,PWK,IL,AGL,CE,Towers with Radar,0,26,41,0,67,0,0,69,0,69,0,26,110,0,136,52,0,52,188
10/29/2006,PWK,IL,AGL,CE,Towers with Radar,0,35,64,0,99,0,0,207,0,207,0,35,271,0,306,66,0,66,372
10/30/2006,PWK,IL,AGL,CE,Towers with Radar,0,18,72,1,91,0,0,102,0,102,0,18,174,1,193,40,0,40,233
10/31/2006,PWK,IL,AGL,CE,Towers with Radar,0,42,105,1,148,0,0,178,0,178,0,42,283,1,326,126,0,126,452
11/01/2006,PWK,IL,AGL,CE,Towers with Radar,0,51,98,0,149,0,0,156,2,158,0,51,254,2,307,68,0,68,375
11/02/2006,PWK,IL,AGL,CE,Towers with Radar,0,49,120,3,172,0,0,134,3,137,0,49,254,6,309,14,0,14,323
11/03/2006,PWK,IL,AGL,CE,Towers with Radar,0,47,101,0,148,0,0,183,0,183,0,47,284,0,331,108,0,108,439
11/04/2006,PWK,IL,AGL,CE,Towers with Radar,0,25,48,0,73,0,0,169,0,169,0,25,217,0,242,56,0,56,298
11/05/2006,PWK,IL,AGL,CE,Towers with Radar,0,43,92,5,140,0,0,225,1,226,0,43,317,6,366,106,0,106,472
11/06/2006,PWK,IL,AGL,CE,Towers with Radar,0,30,59,0,89,0,0,94,0,94,0,30,153,0,183,136,0,136,319
11/07/2006,PWK,IL,AGL,CE,Towers with Radar,0,25,98,0,123,0,0,0,0,0,0,25,98,0,123,8,0,8,131
11/08/2006,PWK,IL,AGL,CE,Towers with Radar,0,29,98,0,127,0,0,156,0,156,0,29,254,0,283,82,0,82,365
11/09/2006,PWK,IL,AGL,CE,Towers with Radar,0,41,67,1,109,0,6,186,0,192,0,47,253,1,301,76,0,76,377
11/10/2006,PWK,IL,AGL,CE,Towers with Radar,0,24,69,0,93,0,0,51,0,51,0,24,120,0,144,28,0,28,172
11/11/2006,PWK,IL,AGL,CE,Towers with Radar,0,19,55,0,74,0,0,98,0,98,0,19,153,0,172,142,0,142,314
11/12/2006,PWK,IL,AGL,CE,Towers with Radar,0,32,99,0,131,0,0,166,0,166,0,32,265,0,297,114,0,114,411
11/13/2006,PWK,IL,AGL,CE,Towers with Radar,0,33,83,0,116,0,0,0,0,0,0,33,83,0,116,0,0,0,116
11/14/2006,PWK,IL,AGL,CE,Towers with Radar,0,40,123,0,163,0,0,108,0,108,0,40,231,0,271,128,0,128,399
11/15/2006,PWK,IL,AGL,CE,Towers with Radar,0,46,118,0,164,0,1,47,0,48,0,47,165,0,212,40,3,43,255
11/16/2006,PWK,IL,AGL,CE,Towers with Radar,0,38,93,0,131,0,0,25,0,25,0,38,118,0,156,6,0,6,162
11/17/2006,PWK,IL,AGL,CE,Towers with Radar,0,62,115,2,179,0,0,158,0,158,0,62,273,2,337,81,0,81,418
11/18/2006,PWK,IL,AGL,CE,Towers with Radar,0,28,61,0,89,0,0,123,0,123,0,28,184,0,212,251,0,251,463
11/19/2006,PWK,IL,AGL,CE,Towers with Radar,0,31,65,0,96,0,0,214,0,214,0,31,279,0,310,162,0,162,472
11/20/2006,PWK,IL,AGL,CE,Towers with Radar,0,40,93,0,133,0,0,195,0,195,0,40,288,0,328,90,0,90,418
11/21/2006,PWK,IL,AGL,CE,Towers with Radar,0,44,122,0,166,0,0,148,0,148,0,44,270,0,314,68,0,68,382
11/22/2006,PWK,IL,AGL,CE,Towers with Radar,0,47,107,0,154,0,0,157,0,157,0,47,264,0,311,102,0,102,413
11/23/2006,PWK,IL,AGL,CE,Towers with Radar,0,16,30,0,46,0,0,59,0,59,0,16,89,0,105,52,0,52,157
11/24/2006,PWK,IL,AGL,CE,Towers with Radar,0,19,39,0,58,0,1,259,0,260,0,20,298,0,318,92,0,92,410
11/25/2006,PWK,IL,AGL,CE,Towers with Radar,0,28,75,0,103,0,0,123,0,123,0,28,198,0,226,42,0,42,268
11/26/2006,PWK,IL,AGL,CE,Towers with Radar,0,53,134,0,187,0,0,135,0,135,0,53,269,0,322,95,0,95,417
11/27/2006,PWK,IL,AGL,CE,Towers with Radar,0,25,91,0,116,0,0,43,0,43,0,25,134,0,159,48,0,48,207
11/28/2006,PWK,IL,AGL,CE,Towers with Radar,0,33,94,0,127,0,0,87,0,87,0,33,181,0,214,88,0,88,302
11/29/2006,PWK,IL,AGL,CE,Towers with Radar,0,35,108,0,143,0,0,19,0,19,0,35,127,0,162,8,0,8,170
11/30/2006,PWK,IL,AGL,CE,Towers with Radar,0,31,78,0,109,0,0,56,0,56,0,31,134,0,165,84,0,84,249
12/01/2006,PWK,IL,AGL,CE,Towers with Radar,0,21,41,0,62,0,0,0,0,0,0,21,41,0,62,0,0,0,62
12/02/2006,PWK,IL,AGL,CE,Towers with Radar,0,26,76,0,102,0,0,112,0,112,0,26,188,0,214,60,0,60,274
12/03/2006,PWK,IL,AGL,CE,Towers with Radar,0,20,73,0,93,0,0,114,0,114,0,20,187,0,207,110,0,110,317
12/04/2006,PWK,IL,AGL,CE,Towers with Radar,0,31,75,0,106,0,0,96,0,96,0,31,171,0,202,60,0,60,262
12/05/2006,PWK,IL,AGL,CE,Towers with Radar,0,37,102,0,139,0,0,97,0,97,0,37,199,0,236,42,0,42,278
12/06/2006,PWK,IL,AGL,CE,Towers with Radar,0,36,122,0,158,0,0,110,0,110,0,36,232,0,268,78,0,78,346
12/07/2006,PWK,IL,AGL,CE,Towers with Radar,0,45,96,0,141,0,0,108,0,108,0,45,204,0,249,30,0,30,279
12/08/2006,PWK,IL,AGL,CE,Towers with Radar,0,29,105,0,134,0,2,120,0,122,0,31,225,0,256,8,0,8,264
12/09/2006,PWK,IL,AGL,CE,Towers with Radar,0,19,37,0,56,0,1,143,0,144,0,20,180,0,200,55,0,55,255
12/10/2006,PWK,IL,AGL,CE,Towers with Radar,0,21,73,0,94,0,0,166,0,166,0,21,239,0,260,58,0,58,318
12/11/2006,PWK,IL,AGL,CE,Towers with Radar,0,43,81,0,124,0,0,75,0,75,0,43,156,0,199,74,0,74,273
12/12/2006,PWK,IL,AGL,CE,Towers with Radar,0,25,116,0,141,0,0,2,0,2,0,25,118,0,143,0,0,0,143
12/13/2006,PWK,IL,AGL,CE,Towers with Radar,0,29,142,0,171,0,0,145,0,145,0,29,287,0,316,68,0,68,384
12/14/2006,PWK,IL,AGL,CE,Towers with Radar,0,46,128,0,174,0,0,130,0,130,0,46,258,0,304,38,0,38,342
12/15/2006,PWK,IL,AGL,CE,Towers with Radar,0,38,102,0,140,0,0,152,0,152,0,38,254,0,292,57,0,57,349
12/16/2006,PWK,IL,AGL,CE,Towers with Radar,0,22,52,0,74,0,0,95,0,95,0,22,147,0,169,174,0,174,343
12/17/2006,PWK,IL,AGL,CE,Towers with Radar,0,29,47,0,76,0,0,176,0,176,0,29,223,0,252,104,0,104,356
12/18/2006,PWK,IL,AGL,CE,Towers with Radar,0,29,94,0,123,0,0,150,0,150,0,29,244,0,273,112,0,112,385
12/19/2006,PWK,IL,AGL,CE,Towers with Radar,0,37,82,0,119,0,0,208,0,208,0,37,290,0,327,84,0,84,411
12/20/2006,PWK,IL,AGL,CE,Towers with Radar,0,38,93,0,131,0,0,126,0,126,0,38,219,0,257,90,0,90,347
12/21/2006,PWK,IL,AGL,CE,Towers with Radar,0,37,86,0,123,0,0,0,0,0,0,37,86,0,123,0,0,0,123
12/22/2006,PWK,IL,AGL,CE,Towers with Radar,0,47,71,0,118,0,0,12,0,12,0,47,83,0,130,2,0,2,132
12/23/2006,PWK,IL,AGL,CE,Towers with Radar,0,26,57,0,83,0,0,3,0,3,0,26,60,0,86,0,0,0,86
12/24/2006,PWK,IL,AGL,CE,Towers with Radar,0,15,32,0,47,0,0,112,0,112,0,15,144,0,159,120,0,120,279
12/25/2006,PWK,IL,AGL,CE,Towers with Radar,0,6,17,0,23,0,0,2,0,2,0,6,19,0,25,0,0,0,25
12/26/2006,PWK,IL,AGL,CE,Towers with Radar,0,40,75,0,115,0,0,118,0,118,0,40,193,0,233,48,0,48,281
12/27/2006,PWK,IL,AGL,CE,Towers with Radar,0,38,67,0,105,0,0,157,0,157,0,38,224,0,262,96,0,96,358
12/28/2006,PWK,IL,AGL,CE,Towers with Radar,0,22,48,0,70,0,0,151,0,151,0,22,199,0,221,92,0,92,313
12/29/2006,PWK,IL,AGL,CE,Towers with Radar,0,16,36,0,52,0,0,113,0,113,0,16,149,0,165,101,0,101,266
12/30/2006,PWK,IL,AGL,CE,Towers with Radar,0,6,50,0,56,0,0,18,0,18,0,6,68,0,74,22,0,22,96
12/31/2006,PWK,IL,AGL,CE,Towers with Radar,0,13,34,0,47,0,0,1,0,1,0,13,35,0,48,0,0,0,48
01/01/2007,PWK,IL,AGL,CE,Towers with Radar,0,21,35,0,56,0,0,40,0,40,0,21,75,0,96,24,0,24,120
01/02/2007,PWK,IL,AGL,CE,Towers with Radar,0,35,58,0,93,0,0,111,0,111,0,35,169,0,204,36,0,36,240
01/03/2007,PWK,IL,AGL,CE,Towers with Radar,0,34,61,0,95,0,0,121,0,121,0,34,182,0,216,54,0,54,270
01/04/2007,PWK,IL,AGL,CE,Towers with Radar,0,33,69,0,102,0,0,64,1,65,0,33,133,1,167,24,0,24,191
01/05/2007,PWK,IL,AGL,CE,Towers with Radar,0,26,72,0,98,0,1,39,1,41,0,27,111,1,139,56,0,56,195
01/06/2007,PWK,IL,AGL,CE,Towers with Radar,0,26,58,1,85,0,1,167,0,168,0,27,225,1,253,199,0,199,452
01/07/2007,PWK,IL,AGL,CE,Towers with Radar,0,29,76,0,105,0,0,116,0,116,0,29,192,0,221,108,0,108,329
01/08/2007,PWK,IL,AGL,CE,Towers with Radar,0,36,68,2,106,0,1,111,0,112,0,37,179,2,218,52,0,52,270
01/09/2007,PWK,IL,AGL,CE,Towers with Radar,0,21,87,0,108,0,0,103,0,103,0,21,190,0,211,88,0,88,299
01/10/2007,PWK,IL,AGL,CE,Towers with Radar,0,33,123,1,157,0,0,118,1,119,0,33,241,2,276,66,0,66,342
01/11/2007,PWK,IL,AGL,CE,Towers with Radar,0,42,102,0,144,0,1,49,0,50,0,43,151,0,194,34,0,34,228
01/12/2007,PWK,IL,AGL,CE,Towers with Radar,0,26,70,0,96,0,0,6,0,6,0,26,76,0,102,0,0,0,102
01/13/2007,PWK,IL,AGL,CE,Towers with Radar,0,17,27,0,44,0,2,74,0,76,0,19,101,0,120,92,0,92,212
01/14/2007,PWK,IL,AGL,CE,Towers with Radar,0,32,40,0,72,0,0,7,0,7,0,32,47,0,79,0,0,0,79
01/15/2007,PWK,IL,AGL,CE,Towers with Radar,0,31,53,0,84,0,0,0,0,0,0,31,53,0,84,0,0,0,84
01/16/2007,PWK,IL,AGL,CE,Towers with Radar,0,25,81,0,106,0,0,135,0,135,0,25,216,0,241,58,0,58,299
01/17/2007,PWK,IL,AGL,CE,Towers with Radar,0,22,126,0,148,0,0,117,0,117,0,22,243,0,265,177,0,177,442
01/18/2007,PWK,IL,AGL,CE,Towers with Radar,0,34,102,0,136,0,0,40,0,40,0,34,142,0,176,16,0,16,192
01/19/2007,PWK,IL,AGL,CE,Towers with Radar,0,43,74,0,117,0,1,110,0,111,0,44,184,0,228,42,0,42,270
01/20/2007,PWK,IL,AGL,CE,Towers with Radar,0,31,56,0,87,0,0,271,0,271,0,31,327,0,358,120,0,120,478
01/21/2007,PWK,IL,AGL,CE,Towers with Radar,0,24,48,0,72,0,0,0,0,0,0,24,48,0,72,0,0,0,72
01/22/2007,PWK,IL,AGL,CE,Towers with Radar,0,33,82,0,115,0,2,77,0,79,0,35,159,0,194,22,0,22,216
01/23/2007,PWK,IL,AGL,CE,Towers with Radar,0,21,95,0,116,0,0,61,0,61,0,21,156,0,177,76,0,76,253
01/24/2007,PWK,IL,AGL,CE,Towers with Radar,0,39,87,0,126,0,0,118,0,118,0,39,205,0,244,98,0,98,342
01/25/2007,PWK,IL,AGL,CE,Towers with Radar,0,43,89,0,132,0,1,148,0,149,0,44,237,0,281,36,0,36,317
01/26/2007,PWK,IL,AGL,CE,Towers with Radar,0,28,57,0,85,0,0,114,0,114,0,28,171,0,199,13,0,13,212
01/27/2007,PWK,IL,AGL,CE,Towers with Radar,0,21,36,0,57,0,0,144,0,144,0,21,180,0,201,152,0,152,353
01/28/2007,PWK,IL,AGL,CE,Towers with Radar,0,21,60,0,81,0,0,44,0,44,0,21,104,0,125,14,0,14,139
01/29/2007,PWK,IL,AGL,CE,Towers with Radar,0,19,93,0,112,0,0,62,0,62,0,19,155,0,174,22,0,22,196
01/30/2007,PWK,IL,AGL,CE,Towers with Radar,0,22,65,0,87,0,0,92,0,92,0,22,157,0,179,34,0,34,213
01/31/2007,PWK,IL,AGL,CE,Towers with Radar,0,40,97,0,137,0,0,115,0,115,0,40,212,0,252,54,0,54,306
02/01/2007,PWK,IL,AGL,CE,Towers with Radar,0,33,98,0,131,0,0,81,0,81,0,33,179,0,212,52,0,52,264
02/02/2007,PWK,IL,AGL,CE,Towers with Radar,0,57,79,0,136,0,0,77,0,77,0,57,156,0,213,8,0,8,221
02/03/2007,PWK,IL,AGL,CE,Towers with Radar,0,27,48,0,75,0,0,18,0,18,0,27,66,0,93,0,0,0,93
02/04/2007,PWK,IL,AGL,CE,Towers with Radar,0,28,59,0,87,0,0,72,0,72,0,28,131,0,159,0,0,0,159
02/05/2007,PWK,IL,AGL,CE,Towers with Radar,0,42,120,0,162,0,0,76,0,76,0,42,196,0,238,6,0,6,244
02/06/2007,PWK,IL,AGL,CE,Towers with Radar,0,22,86,0,108,0,0,3,0,3,0,22,89,0,111,10,0,10,121
02/07/2007,PWK,IL,AGL,CE,Towers with Radar,0,30,88,0,118,0,0,90,0,90,0,30,178,0,208,10,0,10,218
02/08/2007,PWK,IL,AGL,CE,Towers with Radar,0,33,86,0,119,0,0,93,0,93,0,33,179,0,212,54,0,54,266
02/09/2007,PWK,IL,AGL,CE,Towers with Radar,0,39,79,0,118,0,0,136,0,136,0,39,215,0,254,78,0,78,332
02/10/2007,PWK,IL,AGL,CE,Towers with Radar,0,19,49,0,68,0,0,140,0,140,0,19,189,0,208,25,0,25,233
02/11/2007,PWK,IL,AGL,CE,Towers with Radar,0,26,47,0,73,0,0,71,0,71,0,26,118,0,144,157,0,157,301
02/12/2007,PWK,IL,AGL,CE,Towers with Radar,0,25,72,0,97,0,0,0,0,0,0,25,72,0,97,0,0,0,97
02/13/2007,PWK,IL,AGL,CE,Towers with Radar,0,3,14,0,17,0,0,0,0,0,0,3,14,0,17,0,0,0,17
02/14/2007,PWK,IL,AGL,CE,Towers with Radar,0,38,50,0,88,0,0,26,0,26,0,38,76,0,114,2,0,2,116
02/15/2007,PWK,IL,AGL,CE,Towers with Radar,0,54,107,0,161,0,0,115,0,115,0,54,222,0,276,12,0,12,288
02/16/2007,PWK,IL,AGL,CE,Towers with Radar,0,48,96,0,144,0,0,99,0,99,0,48,195,0,243,4,0,4,247
02/17/2007,PWK,IL,AGL,CE,Towers with Radar,0,21,35,0,56,0,0,48,0,48,0,21,83,0,104,68,0,68,172
02/18/2007,PWK,IL,AGL,CE,Towers with Radar,0,25,56,0,81,0,0,220,0,220,0,25,276,0,301,122,0,122,423
02/19/2007,PWK,IL,AGL,CE,Towers with Radar,0,39,107,0,146,0,0,50,0,50,0,39,157,0,196,8,0,8,204
02/20/2007,PWK,IL,AGL,CE,Towers with Radar,0,38,116,0,154,0,0,135,0,135,0,38,251,0,289,162,0,162,451
02/21/2007,PWK,IL,AGL,CE,Towers with Radar,0,40,105,2,147,0,0,89,0,89,0,40,194,2,236,52,0,52,288
02/22/2007,PWK,IL,AGL,CE,Towers with Radar,0,45,113,0,158,0,0,101,0,101,0,45,214,0,259,90,0,90,349
02/23/2007,PWK,IL,AGL,CE,Towers with Radar,0,47,100,2,149,0,0,103,0,103,0,47,203,2,252,109,0,109,361
02/24/2007,PWK,IL,AGL,CE,Towers with Radar,0,11,14,0,25,0,0,26,0,26,0,11,40,0,51,94,0,94,145
02/25/2007,PWK,IL,AGL,CE,Towers with Radar,0,31,56,0,87,0,0,0,0,0,0,31,56,0,87,0,0,0,87
02/26/2007,PWK,IL,AGL,CE,Towers with Radar,0,23,82,0,105,0,0,3,0,3,0,23,85,0,108,2,0,2,110
02/27/2007,PWK,IL,AGL,CE,Towers with Radar,0,40,103,0,143,0,0,115,0,115,0,40,218,0,258,130,0,130,388
02/28/2007,PWK,IL,AGL,CE,Towers with Radar,0,29,106,0,135,0,0,101,0,101,0,29,207,0,236,120,0,120,356
03/01/2007,PWK,IL,AGL,CE,Towers with Radar,0,26,73,0,99,0,0,1,0,1,0,26,74,0,100,0,0,0,100
03/02/2007,PWK,IL,AGL,CE,Towers with Radar,0,19,29,0,48,0,0,1,0,1,0,19,30,0,49,0,0,0,49
03/03/2007,PWK,IL,AGL,CE,Towers with Radar,0,12,32,0,44,0,0,58,0,58,0,12,90,0,102,94,0,94,196
03/04/2007,PWK,IL,AGL,CE,Towers with Radar,0,22,55,0,77,0,0,224,0,224,0,22,279,0,301,113,0,113,414
03/05/2007,PWK,IL,AGL,CE,Towers with Radar,0,37,100,0,137,0,0,146,0,146,0,37,246,0,283,62,0,62,345
03/06/2007,PWK,IL,AGL,CE,Towers with Radar,0,25,85,0,110,0,1,139,0,140,0,26,224,0,250,112,0,112,362
03/07/2007,PWK,IL,AGL,CE,Towers with Radar,0,47,103,0,150,0,0,90,0,90,0,47,193,0,240,124,0,124,364
03/08/2007,PWK,IL,AGL,CE,Towers with Radar,0,35,117,0,152,0,0,134,0,134,0,35,251,0,286,16,0,16,302
03/09/2007,PWK,IL,AGL,CE,Towers with Radar,0,34,101,3,138,0,1,114,0,115,0,35,215,3,253,28,0,28,281
03/10/2007,PWK,IL,AGL,CE,Towers with Radar,0,27,48,0,75,0,0,194,0,194,0,27,242,0,269,86,0,86,355
03/11/2007,PWK,IL,AGL,CE,Towers with Radar,0,24,73,0,97,0,0,194,0,194,0,24,267,0,291,68,0,68,359
03/12/2007,PWK,IL,AGL,CE,Towers with Radar,0,31,64,3,98,0,3,165,0,168,0,34,229,3,266,126,0,126,392
03/13/2007,PWK,IL,AGL,CE,Towers with Radar,0,40,90,0,130,0,2,137,0,139,0,42,227,0,269,90,0,90,359
03/14/2007,PWK,IL,AGL,CE,Towers with Radar,0,38,141,0,179,0,0,105,0,105,0,38,246,0,284,38,0,38,322
03/15/2007,PWK,IL,AGL,CE,Towers with Radar,0,21,108,0,129,0,1,97,0,98,0,22,205,0,227,30,0,30,257
03/16/2007,PWK,IL,AGL,CE,Towers with Radar,0,31,96,0,127,0,0,159,0,159,0,31,255,0,286,70,0,70,356
03/17/2007,PWK,IL,AGL,CE,Towers with Radar,0,26,58,0,84,0,0,220,0,220,0,26,278,0,304,93,0,93,397
03/18/2007,PWK,IL,AGL,CE,Towers with Radar,0,23,66,0,89,0,0,214,0,214,0,23,280,0,303,82,0,82,385
03/19/2007,PWK,IL,AGL,CE,Towers with Radar,0,18,62,0,80,0,0,95,0,95,0,18,157,0,175,42,0,42,217
03/20/2007,PWK,IL,AGL,CE,Towers with Radar,0,26,90,0,116,0,0,138,0,138,0,26,228,0,254,58,0,58,312
03/21/2007,PWK,IL,AGL,CE,Towers with Radar,0,24,104,0,128,0,0,10,0,10,0,24,114,0,138,16,0,16,154
03/22/2007,PWK,IL,AGL,CE,Towers with Radar,0,47,122,0,169,0,0,132,0,132,0,47,254,0,301,52,0,52,353
03/23/2007,PWK,IL,AGL,CE,Towers with Radar,0,45,116,1,162,0,0,50,0,50,0,45,166,1,212,40,0,40,252
03/24/2007,PWK,IL,AGL,CE,Towers with Radar,0,46,64,0,110,0,0,22,0,22,0,46,86,0,132,50,0,50,182
03/25/2007,PWK,IL,AGL,CE,Towers with Radar,0,33,67,0,100,0,0,123,0,123,0,33,190,0,223,94,0,94,317
03/26/2007,PWK,IL,AGL,CE,Towers with Radar,0,28,62,0,90,0,0,141,0,141,0,28,203,0,231,92,0,92,323
03/27/2007,PWK,IL,AGL,CE,Towers with Radar,0,19,102,0,121,0,1,45,0,46,0,20,147,0,167,36,0,36,203
03/28/2007,PWK,IL,AGL,CE,Towers with Radar,0,17,95,0,112,0,0,0,0,0,0,17,95,0,112,0,0,0,112
03/29/2007,PWK,IL,AGL,CE,Towers with Radar,0,36,85,1,122,0,0,104,0,104,0,36,189,1,226,79,0,79,305
03/30/2007,PWK,IL,AGL,CE,Towers with Radar,0,21,94,0,115,0,1,89,0,90,0,22,183,0,205,73,0,73,278
03/31/2007,PWK,IL,AGL,CE,Towers with Radar,0,38,85,0,123,0,0,63,0,63,0,38,148,0,186,90,0,90,276
04/01/2007,PWK,IL,AGL,CE,Towers with Radar,0,31,83,0,114,0,0,68,0,68,0,31,151,0,182,39,0,39,221
04/02/2007,PWK,IL,AGL,CE,Towers with Radar,0,42,86,0,128,0,0,146,0,146,0,42,232,0,274,80,0,80,354
04/03/2007,PWK,IL,AGL,CE,Towers with Radar,0,34,66,0,100,0,0,73,0,73,0,34,139,0,173,52,0,52,225
04/04/2007,PWK,IL,AGL,CE,Towers with Radar,0,53,68,0,121,0,0,46,0,46,0,53,114,0,167,20,0,20,187
04/05/2007,PWK,IL,AGL,CE,Towers with Radar,0,53,99,0,152,0,0,133,0,133,0,53,232,0,285,62,0,62,347
04/06/2007,PWK,IL,AGL,CE,Towers with Radar,0,40,56,0,96,0,0,131,0,131,0,40,187,0,227,76,0,76,303
04/07/2007,PWK,IL,AGL,CE,Towers with Radar,0,12,37,0,49,0,5,161,0,166,0,17,198,0,215,142,0,142,357
04/08/2007,PWK,IL,AGL,CE,Towers with Radar,0,30,33,0,63,0,0,147,0,147,0,30,180,0,210,122,0,122,332
04/09/2007,PWK,IL,AGL,CE,Towers with Radar,0,24,88,0,112,0,0,168,0,168,0,24,256,0,280,58,0,58,338
04/10/2007,PWK,IL,AGL,CE,Towers with Radar,0,36,93,1,130,0,0,159,0,159,0,36,252,1,289,82,0,82,371
04/11/2007,PWK,IL,AGL,CE,Towers with Radar,0,14,36,0,50,0,0,0,0,0,0,14,36,0,50,0,0,0,50
04/12/2007,PWK,IL,AGL,CE,Towers with Radar,0,46,94,0,140,0,0,50,0,50,0,46,144,0,190,101,0,101,291
04/13/2007,PWK,IL,AGL,CE,Towers with Radar,0,35,99,0,134,0,0,217,0,217,0,35,316,0,351,144,0,144,495
04/14/2007,PWK,IL,AGL,CE,Towers with Radar,0,17,40,0,57,0,0,217,0,217,0,17,257,0,274,186,0,186,460
04/15/2007,PWK,IL,AGL,CE,Towers with Radar,0,35,73,2,110,0,0,241,0,241,0,35,314,2,351,64,0,64,415
04/16/2007,PWK,IL,AGL,CE,Towers with Radar,0,24,97,0,121,0,0,169,0,169,0,24,266,0,290,52,0,52,342
04/17/2007,PWK,IL,AGL,CE,Towers with Radar,0,35,90,0,125,0,0,149,0,149,0,35,239,0,274,85,0,85,359
04/18/2007,PWK,IL,AGL,CE,Towers with Radar,0,51,134,0,185,0,0,95,0,95,0,51,229,0,280,84,0,84,364
04/19/2007,PWK,IL,AGL,CE,Towers with Radar,0,32,143,0,175,0,0,129,0,129,0,32,272,0,304,86,0,86,390
04/20/2007,PWK,IL,AGL,CE,Towers with Radar,0,39,107,0,146,0,0,177,0,177,0,39,284,0,323,136,0,136,459
04/21/2007,PWK,IL,AGL,CE,Towers with Radar,0,27,39,0,66,0,0,252,0,252,0,27,291,0,318,112,0,112,430
04/22/2007,PWK,IL,AGL,CE,Towers with Radar,0,29,68,0,97,0,0,159,0,159,0,29,227,0,256,92,0,92,348
04/23/2007,PWK,IL,AGL,CE,Towers with Radar,0,33,73,2,108,0,0,112,0,112,0,33,185,2,220,76,0,76,296
04/24/2007,PWK,IL,AGL,CE,Towers with Radar,0,34,121,0,155,0,0,168,0,168,0,34,289,0,323,140,0,140,463
04/25/2007,PWK,IL,AGL,CE,Towers with Radar,0,40,132,0,172,0,0,4,4,8,0,40,136,4,180,0,0,0,180
04/26/2007,PWK,IL,AGL,CE,Towers with Radar,0,47,124,0,171,0,0,0,0,0,0,47,124,0,171,0,0,0,171
04/27/2007,PWK,IL,AGL,CE,Towers with Radar,0,45,133,0,178,0,0,84,0,84,0,45,217,0,262,64,0,64,326
04/28/2007,PWK,IL,AGL,CE,Towers with Radar,0,18,58,0,76,0,0,241,0,241,0,18,299,0,317,95,0,95,412
04/29/2007,PWK,IL,AGL,CE,Towers with Radar,0,19,75,0,94,0,0,237,0,237,0,19,312,0,331,74,0,74,405
04/30/2007,PWK,IL,AGL,CE,Towers with Radar,0,39,99,0,138,0,0,218,0,218,0,39,317,0,356,120,0,120,476
05/01/2007,PWK,IL,AGL,CE,Towers with Radar,0,41,82,0,123,0,0,179,0,179,0,41,261,0,302,74,0,74,376
05/02/2007,PWK,IL,AGL,CE,Towers with Radar,0,28,96,0,124,0,0,157,0,157,0,28,253,0,281,62,0,62,343
05/03/2007,PWK,IL,AGL,CE,Towers with Radar,0,35,110,0,145,0,0,175,0,175,0,35,285,0,320,81,0,81,401
05/04/2007,PWK,IL,AGL,CE,Towers with Radar,0,50,102,0,152,0,4,150,0,154,0,54,252,0,306,62,0,62,368
05/05/2007,PWK,IL,AGL,CE,Towers with Radar,0,30,51,0,81,0,0,116,0,116,0,30,167,0,197,82,0,82,279
05/06/2007,PWK,IL,AGL,CE,Towers with Radar,0,49,108,0,157,0,0,185,0,185,0,49,293,0,342,88,0,88,430
05/07/2007,PWK,IL,AGL,CE,Towers with Radar,0,24,109,0,133,0,4,181,0,185,0,28,290,0,318,134,0,134,452
05/08/2007,PWK,IL,AGL,CE,Towers with Radar,0,42,85,0,127,0,0,188,0,188,0,42,273,0,315,174,0,174,489
05/09/2007,PWK,IL,AGL,CE,Towers with Radar,0,43,137,0,180,0,0,95,0,95,0,43,232,0,275,83,0,83,358
05/10/2007,PWK,IL,AGL,CE,Towers with Radar,0,66,95,0,161,0,0,189,0,189,0,66,284,0,350,126,0,126,476
05/11/2007,PWK,IL,AGL,CE,Towers with Radar,0,52,103,0,155,0,0,172,0,172,0,52,275,0,327,92,0,92,419
05/12/2007,PWK,IL,AGL,CE,Towers with Radar,0,18,54,0,72,0,1,210,0,211,0,19,264,0,283,38,0,38,321
05/13/2007,PWK,IL,AGL,CE,Towers with Radar,0,32,58,0,90,0,0,139,0,139,0,32,197,0,229,150,0,150,379
05/14/2007,PWK,IL,AGL,CE,Towers with Radar,0,28,118,0,146,0,0,115,0,115,0,28,233,0,261,34,0,34,295
05/15/2007,PWK,IL,AGL,CE,Towers with Radar,0,43,115,1,159,0,1,88,0,89,0,44,203,1,248,50,0,50,298
05/16/2007,PWK,IL,AGL,CE,Towers with Radar,0,30,115,0,145,0,0,171,0,171,0,30,286,0,316,50,0,50,366
05/17/2007,PWK,IL,AGL,CE,Towers with Radar,0,36,113,0,149,0,0,186,0,186,0,36,299,0,335,101,0,101,436
05/18/2007,PWK,IL,AGL,CE,Towers with Radar,0,32,113,0,145,0,0,224,0,224,0,32,337,0,369,113,0,113,482
05/19/2007,PWK,IL,AGL,CE,Towers with Radar,0,11,43,0,54,0,0,193,0,193,0,11,236,0,247,44,0,44,291
05/20/2007,PWK,IL,AGL,CE,Towers with Radar,0,49,83,0,132,0,0,58,0,58,0,49,141,0,190,58,0,58,248
05/21/2007,PWK,IL,AGL,CE,Towers with Radar,0,28,95,0,123,0,0,185,0,185,0,28,280,0,308,134,0,134,442
05/22/2007,PWK,IL,AGL,CE,Towers with Radar,0,57,115,0,172,0,0,200,0,200,0,57,315,0,372,118,0,118,490
05/23/2007,PWK,IL,AGL,CE,Towers with Radar,0,42,111,0,153,0,0,148,0,148,0,42,259,0,301,87,0,87,388
05/24/2007,PWK,IL,AGL,CE,Towers with Radar,0,57,133,0,190,0,0,113,1,114,0,57,246,1,304,58,0,58,362
05/25/2007,PWK,IL,AGL,CE,Towers with Radar,0,43,119,0,162,0,1,229,0,230,0,44,348,0,392,160,0,160,552
05/26/2007,PWK,IL,AGL,CE,Towers with Radar,0,18,49,0,67,0,0,10,0,10,0,18,59,0,77,80,0,80,157
05/27/2007,PWK,IL,AGL,CE,Towers with Radar,0,20,51,0,71,0,0,154,0,154,0,20,205,0,225,80,0,80,305
05/28/2007,PWK,IL,AGL,CE,Towers with Radar,0,28,94,0,122,0,5,207,0,212,0,33,301,0,334,142,0,142,476
05/29/2007,PWK,IL,AGL,CE,Towers with Radar,0,29,128,0,157,0,0,213,0,213,0,29,341,0,370,178,0,178,548
05/30/2007,PWK,IL,AGL,CE,Towers with Radar,0,41,116,0,157,0,0,162,1,163,0,41,278,1,320,84,0,84,404
05/31/2007,PWK,IL,AGL,CE,Towers with Radar,0,46,90,0,136,0,0,105,0,105,0,46,195,0,241,143,0,143,384
06/01/2007,PWK,IL,AGL,CE,Towers with Radar,0,28,92,0,120,0,0,89,0,89,0,28,181,0,209,172,0,172,381
06/02/2007,PWK,IL,AGL,CE,Towers with Radar,0,21,41,0,62,0,0,173,0,173,0,21,214,0,235,94,0,94,329
06/03/2007,PWK,IL,AGL,CE,Towers with Radar,0,43,81,0,124,0,1,121,0,122,0,44,202,0,246,87,0,87,333
06/04/2007,PWK,IL,AGL,CE,Towers with Radar,0,27,98,0,125,0,0,17,0,17,0,27,115,0,142,26,0,26,168
06/05/2007,PWK,IL,AGL,CE,Towers with Radar,0,45,114,0,159,0,1,190,0,191,0,46,304,0,350,166,0,166,516
06/06/2007,PWK,IL,AGL,CE,Towers with Radar,0,32,98,0,130,0,0,189,0,189,0,32,287,0,319,62,0,62,381
06/07/2007,PWK,IL,AGL,CE,Towers with Radar,0,47,82,0,129,0,0,32,0,32,0,47,114,0,161,4,0,4,165
06/08/2007,PWK,IL,AGL,CE,Towers with Radar,0,28,94,0,122,0,0,151,0,151,0,28,245,0,273,26,0,26,299
06/09/2007,PWK,IL,AGL,CE,Towers with Radar,0,30,61,1,92,0,0,221,0,221,0,30,282,1,313,77,0,77,390
06/10/2007,PWK,IL,AGL,CE,Towers with Radar,0,39,85,0,124,0,0,174,0,174,0,39,259,0,298,110,0,110,408
06/11/2007,PWK,IL,AGL,CE,Towers with Radar,0,29,105,0,134,0,0,170,0,170,0,29,275,0,304,76,0,76,380
06/12/2007,PWK,IL,AGL,CE,Towers with Radar,0,39,141,0,180,0,0,164,0,164,0,39,305,0,344,58,0,58,402
06/13/2007,PWK,IL,AGL,CE,Towers with Radar,0,41,149,0,190,0,0,184,2,186,0,41,333,2,376,48,0,48,424
06/14/2007,PWK,IL,AGL,CE,Towers with Radar,0,48,123,1,172,0,0,193,0,193,0,48,316,1,365,94,0,94,459
06/15/2007,PWK,IL,AGL,CE,Towers with Radar,0,40,101,0,141,0,2,185,0,187,0,42,286,0,328,51,0,51,379
06/16/2007,PWK,IL,AGL,CE,Towers with Radar,0,28,55,2,85,0,0,199,0,199,0,28,254,2,284,102,0,102,386
06/17/2007,PWK,IL,AGL,CE,Towers with Radar,0,33,84,0,117,0,0,165,0,165,0,33,249,0,282,75,0,75,357
06/18/2007,PWK,IL,AGL,CE,Towers with Radar,0,32,83,0,115,0,0,72,0,72,0,32,155,0,187,68,0,68,255
06/19/2007,PWK,IL,AGL,CE,Towers with Radar,0,48,112,0,160,0,0,175,0,175,0,48,287,0,335,72,0,72,407
06/20/2007,PWK,IL,AGL,CE,Towers with Radar,0,56,105,0,161,0,0,179,0,179,0,56,284,0,340,78,0,78,418
06/21/2007,PWK,IL,AGL,CE,Towers with Radar,0,47,125,0,172,0,0,160,0,160,0,47,285,0,332,169,0,169,501
06/22/2007,PWK,IL,AGL,CE,Towers with Radar,0,46,104,0,150,0,0,143,0,143,0,46,247,0,293,94,0,94,387
06/23/2007,PWK,IL,AGL,CE,Towers with Radar,0,24,80,0,104,0,0,118,1,119,0,24,198,1,223,196,0,196,419
06/24/2007,PWK,IL,AGL,CE,Towers with Radar,0,45,128,0,173,0,0,138,0,138,0,45,266,0,311,122,0,122,433
06/25/2007,PWK,IL,AGL,CE,Towers with Radar,0,34,117,0,151,0,0,128,0,128,0,34,245,0,279,124,0,124,403
06/26/2007,PWK,IL,AGL,CE,Towers with Radar,0,49,125,0,174,0,0,142,0,142,0,49,267,0,316,38,0,38,354
06/27/2007,PWK,IL,AGL,CE,Towers with Radar,0,62,126,0,188,0,0,120,0,120,0,62,246,0,308,60,0,60,368
06/28/2007,PWK,IL,AGL,CE,Towers with Radar,0,64,143,0,207,0,0,199,0,199,0,64,342,0,406,72,0,72,478
06/29/2007,PWK,IL,AGL,CE,Towers with Radar,0,37,134,0,171,0,0,194,0,194,0,37,328,0,365,147,0,147,512
06/30/2007,PWK,IL,AGL,CE,Towers with Radar,0,23,65,0,88,0,0,221,0,221,0,23,286,0,309,92,0,92,401
07/01/2007,PWK,IL,AGL,CE,Towers with Radar,0,25,66,0,91,0,0,214,0,214,0,25,280,0,305,116,0,116,421
07/02/2007,PWK,IL,AGL,CE,Towers with Radar,0,29,75,1,105,0,0,207,0,207,0,29,282,1,312,130,0,130,442
07/03/2007,PWK,IL,AGL,CE,Towers with Radar,0,26,78,0,104,0,0,148,0,148,0,26,226,0,252,128,0,128,380
07/04/2007,PWK,IL,AGL,CE,Towers with Radar,0,12,23,0,35,0,0,25,0,25,0,12,48,0,60,40,0,40,100
07/05/2007,PWK,IL,AGL,CE,Towers with Radar,0,22,82,0,104,0,0,151,0,151,0,22,233,0,255,39,0,39,294
07/06/2007,PWK,IL,AGL,CE,Towers with Radar,0,28,90,0,118,0,0,227,0,227,0,28,317,0,345,60,0,60,405
07/07/2007,PWK,IL,AGL,CE,Towers with Radar,0,16,50,0,66,0,0,135,0,135,0,16,185,0,201,81,0,81,282
07/08/2007,PWK,IL,AGL,CE,Towers with Radar,0,46,100,0,146,0,0,154,0,154,0,46,254,0,300,58,0,58,358
07/09/2007,PWK,IL,AGL,CE,Towers with Radar,0,52,77,0,129,0,0,122,0,122,0,52,199,0,251,32,0,32,283
07/10/2007,PWK,IL,AGL,CE,Towers with Radar,0,31,116,2,149,0,0,92,0,92,0,31,208,2,241,49,0,49,290
07/11/2007,PWK,IL,AGL,CE,Towers with Radar,0,38,112,0,150,0,0,212,0,212,0,38,324,0,362,76,0,76,438
07/12/2007,PWK,IL,AGL,CE,Towers with Radar,0,50,91,0,141,0,1,188,0,189,0,51,279,0,330,78,0,78,408
07/13/2007,PWK,IL,AGL,CE,Towers with Radar,0,45,130,0,175,0,0,201,0,201,0,45,331,0,376,80,0,80,456
07/14/2007,PWK,IL,AGL,CE,Towers with Radar,0,36,47,0,83,0,0,165,0,165,0,36,212,0,248,74,0,74,322
07/15/2007,PWK,IL,AGL,CE,Towers with Radar,0,45,104,0,149,0,0,241,0,241,0,45,345,0,390,190,0,190,580
07/16/2007,PWK,IL,AGL,CE,Towers with Radar,0,54,114,0,168,0,0,139,0,139,0,54,253,0,307,46,0,46,353
07/17/2007,PWK,IL,AGL,CE,Towers with Radar,0,34,117,0,151,0,0,120,0,120,0,34,237,0,271,48,0,48,319
07/18/2007,PWK,IL,AGL,CE,Towers with Radar,0,47,110,0,157,0,0,117,0,117,0,47,227,0,274,52,0,52,326
07/19/2007,PWK,IL,AGL,CE,Towers with Radar,0,39,154,0,193,0,0,73,0,73,0,39,227,0,266,54,0,54,320
07/20/2007,PWK,IL,AGL,CE,Towers with Radar,0,45,126,0,171,0,0,210,0,210,0,45,336,0,381,71,0,71,452
07/21/2007,PWK,IL,AGL,CE,Towers with Radar,0,23,72,0,95,0,0,271,0,271,0,23,343,0,366,135,0,135,501
07/22/2007,PWK,IL,AGL,CE,Towers with Radar,0,42,86,0,128,0,0,253,0,253,0,42,339,0,381,80,0,80,461
07/23/2007,PWK,IL,AGL,CE,Towers with Radar,0,34,113,0,147,0,0,151,0,151,0,34,264,0,298,138,0,138,436
07/24/2007,PWK,IL,AGL,CE,Towers with Radar,0,41,125,0,166,0,0,191,0,191,0,41,316,0,357,136,0,136,493
07/25/2007,PWK,IL,AGL,CE,Towers with Radar,0,37,107,0,144,0,0,174,0,174,0,37,281,0,318,121,0,121,439
07/26/2007,PWK,IL,AGL,CE,Towers with Radar,0,65,124,0,189,0,0,47,0,47,0,65,171,0,236,25,0,25,261
07/27/2007,PWK,IL,AGL,CE,Towers with Radar,0,37,132,0,169,0,12,104,0,116,0,49,236,0,285,66,0,66,351
07/28/2007,PWK,IL,AGL,CE,Towers with Radar,0,34,83,0,117,0,0,137,0,137,0,34,220,0,254,114,0,114,368
07/29/2007,PWK,IL,AGL,CE,Towers with Radar,0,31,88,0,119,0,0,247,0,247,0,31,335,0,366,82,0,82,448
07/30/2007,PWK,IL,AGL,CE,Towers with Radar,0,36,128,0,164,0,0,208,0,208,0,36,336,0,372,106,0,106,478
07/31/2007,PWK,IL,AGL,CE,Towers with Radar,0,41,107,0,148,0,0,179,0,179,0,41,286,0,327,132,0,132,459
08/01/2007,PWK,IL,AGL,CE,Towers with Radar,0,52,101,0,153,0,0,158,0,158,0,52,259,0,311,82,0,82,393
08/02/2007,PWK,IL,AGL,CE,Towers with Radar,0,50,144,2,196,0,0,154,0,154,0,50,298,2,350,70,0,70,420
08/03/2007,PWK,IL,AGL,CE,Towers with Radar,0,51,118,0,169,0,0,216,0,216,0,51,334,0,385,59,0,59,444
08/04/2007,PWK,IL,AGL,CE,Towers with Radar,0,16,66,2,84,0,0,123,0,123,0,16,189,2,207,48,0,48,255
08/05/2007,PWK,IL,AGL,CE,Towers with Radar,0,24,86,0,110,0,0,100,0,100,0,24,186,0,210,68,0,68,278
08/06/2007,PWK,IL,AGL,CE,Towers with Radar,0,34,120,0,154,0,0,74,0,74,0,34,194,0,228,62,0,62,290
08/07/2007,PWK,IL,AGL,CE,Towers with Radar,0,52,110,0,162,0,0,149,0,149,0,52,259,0,311,44,0,44,355
08/08/2007,PWK,IL,AGL,CE,Towers with Radar,0,47,120,0,167,0,0,98,0,98,0,47,218,0,265,46,0,46,311
08/09/2007,PWK,IL,AGL,CE,Towers with Radar,0,49,102,0,151,0,0,160,0,160,0,49,262,0,311,156,0,156,467
08/10/2007,PWK,IL,AGL,CE,Towers with Radar,0,48,105,0,153,0,0,177,0,177,0,48,282,0,330,98,0,98,428
08/11/2007,PWK,IL,AGL,CE,Towers with Radar,0,29,80,0,109,0,0,215,0,215,0,29,295,0,324,116,0,116,440
08/12/2007,PWK,IL,AGL,CE,Towers with Radar,0,43,83,0,126,0,0,212,0,212,0,43,295,0,338,136,0,136,474
08/13/2007,PWK,IL,AGL,CE,Towers with Radar,0,46,85,0,131,0,0,171,0,171,0,46,256,0,302,88,0,88,390
08/14/2007,PWK,IL,AGL,CE,Towers with Radar,0,44,91,0,135,0,0,156,0,156,0,44,247,0,291,80,0,80,371
08/15/2007,PWK,IL,AGL,CE,Towers with Radar,0,54,100,0,154,0,0,60,0,60,0,54,160,0,214,119,0,119,333
08/16/2007,PWK,IL,AGL,CE,Towers with Radar,0,52,114,0,166,0,0,133,0,133,0,52,247,0,299,94,0,94,393
08/17/2007,PWK,IL,AGL,CE,Towers with Radar,0,35,122,0,157,0,0,216,0,216,0,35,338,0,373,126,0,126,499
08/18/2007,PWK,IL,AGL,CE,Towers with Radar,0,24,50,0,74,0,0,146,0,146,0,24,196,0,220,118,0,118,338
08/19/2007,PWK,IL,AGL,CE,Towers with Radar,0,38,91,0,129,0,0,0,0,0,0,38,91,0,129,0,0,0,129
08/20/2007,PWK,IL,AGL,CE,Towers with Radar,0,39,117,0,156,0,0,9,0,9,0,39,126,0,165,2,0,2,167
08/21/2007,PWK,IL,AGL,CE,Towers with Radar,0,43,114,0,157,0,0,83,0,83,0,43,197,0,240,54,0,54,294
08/22/2007,PWK,IL,AGL,CE,Towers with Radar,0,44,96,0,140,0,0,170,0,170,0,44,266,0,310,66,0,66,376
08/23/2007,PWK,IL,AGL,CE,Towers with Radar,0,43,99,0,142,0,0,45,0,45,0,43,144,0,187,49,0,49,236
08/24/2007,PWK,IL,AGL,CE,Towers with Radar,0,34,118,0,152,0,0,38,0,38,0,34,156,0,190,28,0,28,218
08/25/2007,PWK,IL,AGL,CE,Towers with Radar,0,12,64,0,76,0,0,174,0,174,0,12,238,0,250,98,0,98,348
08/26/2007,PWK,IL,AGL,CE,Towers with Radar,0,30,91,0,121,0,0,223,0,223,0,30,314,0,344,130,0,130,474
08/27/2007,PWK,IL,AGL,CE,Towers with Radar,0,34,102,0,136,0,0,144,0,144,0,34,246,0,280,58,0,58,338
08/28/2007,PWK,IL,AGL,CE,Towers with Radar,0,43,105,0,148,0,0,182,0,182,0,43,287,0,330,145,0,145,475
08/29/2007,PWK,IL,AGL,CE,Towers with Radar,0,45,122,0,167,0,0,97,0,97,0,45,219,0,264,111,0,111,375
08/30/2007,PWK,IL,AGL,CE,Towers with Radar,0,51,104,0,155,0,0,158,0,158,0,51,262,0,313,122,0,122,435
08/31/2007,PWK,IL,AGL,CE,Towers with Radar,0,45,81,1,127,0,0,206,0,206,0,45,287,1,333,64,0,64,397
09/01/2007,PWK,IL,AGL,CE,Towers with Radar,0,14,59,0,73,0,0,225,0,225,0,14,284,0,298,88,0,88,386
09/02/2007,PWK,IL,AGL,CE,Towers with Radar,0,20,46,0,66,0,0,144,0,144,0,20,190,0,210,38,0,38,248
09/03/2007,PWK,IL,AGL,CE,Towers with Radar,0,43,98,0,141,0,1,178,0,179,0,44,276,0,320,82,0,82,402
09/04/2007,PWK,IL,AGL,CE,Towers with Radar,0,46,85,0,131,0,0,155,0,155,0,46,240,0,286,80,0,80,366
09/05/2007,PWK,IL,AGL,CE,Towers with Radar,0,48,121,0,169,0,0,149,0,149,0,48,270,0,318,112,0,112,430
09/06/2007,PWK,IL,AGL,CE,Towers with Radar,0,44,130,0,174,0,0,69,0,69,0,44,199,0,243,24,0,24,267
09/07/2007,PWK,IL,AGL,CE,Towers with Radar,0,68,116,0,184,0,0,56,0,56,0,68,172,0,240,20,0,20,260
09/08/2007,PWK,IL,AGL,CE,Towers with Radar,0,22,63,0,85,0,0,160,0,160,0,22,223,0,245,90,0,90,335
09/09/2007,PWK,IL,AGL,CE,Towers with Radar,0,43,77,0,120,0,2,190,1,193,0,45,267,1,313,72,0,72,385
09/10/2007,PWK,IL,AGL,CE,Towers with Radar,0,44,110,0,154,0,0,77,0,77,0,44,187,0,231,101,0,101,332
09/11/2007,PWK,IL,AGL,CE,Towers with Radar,0,43,119,0,162,0,0,116,0,116,0,43,235,0,278,28,0,28,306
09/12/2007,PWK,IL,AGL,CE,Towers with Radar,0,35,122,0,157,0,0,140,0,140,0,35,262,0,297,34,0,34,331
09/13/2007,PWK,IL,AGL,CE,Towers with Radar,0,54,79,0,133,0,0,152,0,152,0,54,231,0,285,55,0,55,340
09/14/2007,PWK,IL,AGL,CE,Towers with Radar,0,31,88,0,119,0,1,202,0,203,0,32,290,0,322,88,0,88,410
09/15/2007,PWK,IL,AGL,CE,Towers with Radar,0,24,40,0,64,0,0,197,0,197,0,24,237,0,261,131,0,131,392
09/16/2007,PWK,IL,AGL,CE,Towers with Radar,0,43,75,0,118,0,0,218,0,218,0,43,293,0,336,147,0,147,483
09/17/2007,PWK,IL,AGL,CE,Towers with Radar,0,47,126,0,173,0,1,132,0,133,0,48,258,0,306,60,0,60,366
09/18/2007,PWK,IL,AGL,CE,Towers with Radar,0,44,105,0,149,0,0,156,0,156,0,44,261,0,305,82,0,82,387
09/19/2007,PWK,IL,AGL,CE,Towers with Radar,0,54,129,0,183,0,0,133,0,133,0,54,262,0,316,108,0,108,424
09/20/2007,PWK,IL,AGL,CE,Towers with Radar,0,52,91,0,143,0,0,156,0,156,0,52,247,0,299,94,0,94,393
09/21/2007,PWK,IL,AGL,CE,Towers with Radar,0,49,100,1,150,0,0,121,1,122,0,49,221,2,272,56,0,56,328
09/22/2007,PWK,IL,AGL,CE,Towers with Radar,0,16,38,0,54,0,1,158,0,159,0,17,196,0,213,109,0,109,322
09/23/2007,PWK,IL,AGL,CE,Towers with Radar,0,36,58,0,94,0,0,162,0,162,0,36,220,0,256,41,0,41,297
09/24/2007,PWK,IL,AGL,CE,Towers with Radar,0,33,86,0,119,0,0,135,0,135,0,33,221,0,254,44,0,44,298
09/25/2007,PWK,IL,AGL,CE,Towers with Radar,0,44,93,0,137,0,0,84,0,84,0,44,177,0,221,116,0,116,337
09/26/2007,PWK,IL,AGL,CE,Towers with Radar,0,39,129,0,168,0,0,116,0,116,0,39,245,0,284,86,0,86,370
09/27/2007,PWK,IL,AGL,CE,Towers with Radar,0,51,132,0,183,0,0,123,0,123,0,51,255,0,306,165,0,165,471
09/28/2007,PWK,IL,AGL,CE,Towers with Radar,0,42,95,0,137,0,4,161,0,165,0,46,256,0,302,19,0,19,321
09/29/2007,PWK,IL,AGL,CE,Towers with Radar,0,30,68,0,98,0,0,174,0,174,0,30,242,0,272,131,0,131,403
09/30/2007,PWK,IL,AGL,CE,Towers with Radar,0,36,68,0,104,0,0,139,0,139,0,36,207,0,243,92,0,92,335
10/01/2007,PWK,IL,AGL,CE,Towers with Radar,0,44,108,0,152,0,0,45,0,45,0,44,153,0,197,18,0,18,215
10/02/2007,PWK,IL,AGL,CE,Towers with Radar,0,59,109,0,168,0,0,74,0,74,0,59,183,0,242,74,0,74,316
10/03/2007,PWK,IL,AGL,CE,Towers with Radar,0,40,127,0,167,0,0,89,0,89,0,40,216,0,256,20,0,20,276
10/04/2007,PWK,IL,AGL,CE,Towers with Radar,0,54,95,0,149,0,0,137,0,137,0,54,232,0,286,92,0,92,378
10/05/2007,PWK,IL,AGL,CE,Towers with Radar,0,59,110,0,169,0,0,182,0,182,0,59,292,0,351,58,0,58,409
10/06/2007,PWK,IL,AGL,CE,Towers with Radar,0,29,64,0,93,0,0,151,0,151,0,29,215,0,244,112,0,112,356
10/07/2007,PWK,IL,AGL,CE,Towers with Radar,0,55,92,0,147,0,0,183,0,183,0,55,275,0,330,135,0,135,465
10/08/2007,PWK,IL,AGL,CE,Towers with Radar,0,43,84,0,127,0,0,81,0,81,0,43,165,0,208,40,0,40,248
10/09/2007,PWK,IL,AGL,CE,Towers with Radar,0,45,94,0,139,0,0,107,0,107,0,45,201,0,246,46,0,46,292
10/10/2007,PWK,IL,AGL,CE,Towers with Radar,0,34,85,0,119,0,0,87,0,87,0,34,172,0,206,38,0,38,244
10/11/2007,PWK,IL,AGL,CE,Towers with Radar,0,40,86,0,126,0,0,82,0,82,0,40,168,0,208,50,0,50,258
10/12/2007,PWK,IL,AGL,CE,Towers with Radar,0,48,105,0,153,0,0,164,0,164,0,48,269,0,317,80,0,80,397
10/13/2007,PWK,IL,AGL,CE,Towers with Radar,0,16,55,0,71,0,2,157,0,159,0,18,212,0,230,139,0,139,369
10/14/2007,PWK,IL,AGL,CE,Towers with Radar,0,37,71,0,108,0,0,87,0,87,0,37,158,0,195,96,0,96,291
10/15/2007,PWK,IL,AGL,CE,Towers with Radar,0,38,73,0,111,0,0,119,0,119,0,38,192,0,230,54,0,54,284
10/16/2007,PWK,IL,AGL,CE,Towers with Radar,0,47,96,0,143,0,0,62,0,62,0,47,158,0,205,14,0,14,219
10/17/2007,PWK,IL,AGL,CE,Towers with Radar,0,36,112,1,149,0,0,135,0,135,0,36,247,1,284,86,0,86,370
10/18/2007,PWK,IL,AGL,CE,Towers with Radar,0,57,84,0,141,0,0,22,0,22,0,57,106,0,163,0,0,0,163
10/19/2007,PWK,IL,AGL,CE,Towers with Radar,0,42,104,0,146,0,0,34,0,34,0,42,138,0,180,0,0,0,180
10/20/2007,PWK,IL,AGL,CE,Towers with Radar,0,30,56,0,86,0,0,230,0,230,0,30,286,0,316,63,0,63,379
10/21/2007,PWK,IL,AGL,CE,Towers with Radar,0,68,118,0,186,0,0,127,0,127,0,68,245,0,313,74,0,74,387
10/22/2007,PWK,IL,AGL,CE,Towers with Radar,0,54,110,0,164,0,0,68,0,68,0,54,178,0,232,122,0,122,354
10/23/2007,PWK,IL,AGL,CE,Towers with Radar,0,63,102,0,165,0,0,165,0,165,0,63,267,0,330,70,0,70,400
10/24/2007,PWK,IL,AGL,CE,Towers with Radar,0,51,141,0,192,0,0,154,0,154,0,51,295,0,346,110,0,110,456
10/25/2007,PWK,IL,AGL,CE,Towers with Radar,0,52,111,0,163,0,0,127,0,127,0,52,238,0,290,94,0,94,384
10/26/2007,PWK,IL,AGL,CE,Towers with Radar,0,55,87,0,142,0,0,100,0,100,0,55,187,0,242,50,0,50,292
10/27/2007,PWK,IL,AGL,CE,Towers with Radar,0,17,66,0,83,0,0,98,0,98,0,17,164,0,181,173,0,173,354
10/28/2007,PWK,IL,AGL,CE,Towers with Radar,0,59,81,0,140,0,0,230,0,230,0,59,311,0,370,86,0,86,456
10/29/2007,PWK,IL,AGL,CE,Towers with Radar,0,37,72,0,109,0,0,116,0,116,0,37,188,0,225,43,0,43,268
10/30/2007,PWK,IL,AGL,CE,Towers with Radar,0,48,89,0,137,0,0,142,0,142,0,48,231,0,279,110,0,110,389
10/31/2007,PWK,IL,AGL,CE,Towers with Radar,0,33,110,0,143,0,0,109,0,109,0,33,219,0,252,26,0,26,278
11/01/2007,PWK,IL,AGL,CE,Towers with Radar,0,48,109,0,157,0,0,143,0,143,0,48,252,0,300,58,0,58,358
11/02/2007,PWK,IL,AGL,CE,Towers with Radar,0,33,115,0,148,0,0,147,0,147,0,33,262,0,295,62,0,62,357
11/03/2007,PWK,IL,AGL,CE,Towers with Radar,0,18,48,0,66,0,0,235,0,235,0,18,283,0,301,135,0,135,436
11/04/2007,PWK,IL,AGL,CE,Towers with Radar,0,38,81,0,119,0,0,233,0,233,0,38,314,0,352,97,0,97,449
11/05/2007,PWK,IL,AGL,CE,Towers with Radar,0,31,74,0,105,0,0,63,0,63,0,31,137,0,168,12,0,12,180
11/06/2007,PWK,IL,AGL,CE,Towers with Radar,0,43,93,0,136,0,0,57,0,57,0,43,150,0,193,56,0,56,249
11/07/2007,PWK,IL,AGL,CE,Towers with Radar,0,42,80,0,122,0,0,122,0,122,0,42,202,0,244,129,0,129,373
11/08/2007,PWK,IL,AGL,CE,Towers with Radar,0,55,83,0,138,0,0,150,0,150,0,55,233,0,288,162,0,162,450
11/09/2007,PWK,IL,AGL,CE,Towers with Radar,0,44,93,0,137,0,0,117,0,117,0,44,210,0,254,84,0,84,338
11/10/2007,PWK,IL,AGL,CE,Towers with Radar,0,22,52,0,74,0,0,132,0,132,0,22,184,0,206,57,0,57,263
11/11/2007,PWK,IL,AGL,CE,Towers with Radar,0,34,59,0,93,0,0,56,0,56,0,34,115,0,149,122,0,122,271
11/12/2007,PWK,IL,AGL,CE,Towers with Radar,0,32,120,0,152,0,0,66,0,66,0,32,186,0,218,80,0,80,298
11/13/2007,PWK,IL,AGL,CE,Towers with Radar,0,36,116,0,152,0,0,117,0,117,0,36,233,0,269,52,0,52,321
11/14/2007,PWK,IL,AGL,CE,Towers with Radar,0,42,105,0,147,0,0,67,0,67,0,42,172,0,214,32,0,32,246
11/15/2007,PWK,IL,AGL,CE,Towers with Radar,0,45,96,0,141,0,0,59,0,59,0,45,155,0,200,18,0,18,218
11/16/2007,PWK,IL,AGL,CE,Towers with Radar,0,49,80,0,129,0,0,129,0,129,0,49,209,0,258,58,0,58,316
11/17/2007,PWK,IL,AGL,CE,Towers with Radar,0,29,45,0,74,0,2,60,0,62,0,31,105,0,136,78,0,78,214
11/18/2007,PWK,IL,AGL,CE,Towers with Radar,0,31,79,0,110,0,7,140,0,147,0,38,219,0,257,124,0,124,381
11/19/2007,PWK,IL,AGL,CE,Towers with Radar,0,42,76,0,118,0,0,0,0,0,0,42,76,0,118,0,0,0,118
11/20/2007,PWK,IL,AGL,CE,Towers with Radar,0,43,99,0,142,0,0,0,0,0,0,43,99,0,142,0,0,0,142
11/21/2007,PWK,IL,AGL,CE,Towers with Radar,0,52,71,0,123,0,0,9,0,9,0,52,80,0,132,20,0,20,152
11/22/2007,PWK,IL,AGL,CE,Towers with Radar,0,20,26,0,46,0,0,3,0,3,0,20,29,0,49,0,0,0,49
11/23/2007,PWK,IL,AGL,CE,Towers with Radar,0,30,39,0,69,0,0,142,0,142,0,30,181,0,211,61,0,61,272
11/24/2007,PWK,IL,AGL,CE,Towers with Radar,0,41,40,0,81,0,0,92,0,92,0,41,132,0,173,20,0,20,193
11/25/2007,PWK,IL,AGL,CE,Towers with Radar,0,67,122,0,189,0,0,105,0,105,0,67,227,0,294,104,0,104,398
11/26/2007,PWK,IL,AGL,CE,Towers with Radar,0,43,99,0,142,0,0,0,0,0,0,43,99,0,142,0,0,0,142
11/27/2007,PWK,IL,AGL,CE,Towers with Radar,0,48,98,0,146,0,0,126,0,126,0,48,224,0,272,38,0,38,310
11/28/2007,PWK,IL,AGL,CE,Towers with Radar,0,45,90,0,135,0,0,71,0,71,0,45,161,0,206,38,0,38,244
11/29/2007,PWK,IL,AGL,CE,Towers with Radar,0,37,88,0,125,0,0,89,0,89,0,37,177,0,214,38,0,38,252
11/30/2007,PWK,IL,AGL,CE,Towers with Radar,0,52,65,0,117,0,0,90,0,90,0,52,155,0,207,51,0,51,258
12/01/2007,PWK,IL,AGL,CE,Towers with Radar,0,11,20,0,31,0,0,48,0,48,0,11,68,0,79,22,0,22,101
12/02/2007,PWK,IL,AGL,CE,Towers with Radar,0,32,41,0,73,0,0,3,0,3,0,32,44,0,76,46,0,46,122
12/03/2007,PWK,IL,AGL,CE,Towers with Radar,0,26,87,0,113,0,0,90,0,90,0,26,177,0,203,40,0,40,243
12/04/2007,PWK,IL,AGL,CE,Towers with Radar,0,26,91,0,117,0,0,68,0,68,0,26,159,0,185,42,0,42,227
12/05/2007,PWK,IL,AGL,CE,Towers with Radar,0,46,72,0,118,0,0,35,0,35,0,46,107,0,153,34,0,34,187
12/06/2007,PWK,IL,AGL,CE,Towers with Radar,0,40,77,0,117,0,0,68,0,68,0,40,145,0,185,62,0,62,247
12/07/2007,PWK,IL,AGL,CE,Towers with Radar,0,40,74,0,114,0,0,17,0,17,0,40,91,0,131,36,0,36,167
12/08/2007,PWK,IL,AGL,CE,Towers with Radar,0,17,51,0,68,0,0,98,0,98,0,17,149,0,166,75,0,75,241
12/09/2007,PWK,IL,AGL,CE,Towers with Radar,0,24,33,0,57,0,0,0,0,0,0,24,33,0,57,0,0,0,57
12/10/2007,PWK,IL,AGL,CE,Towers with Radar,0,29,80,0,109,0,0,4,0,4,0,29,84,0,113,22,0,22,135
12/11/2007,PWK,IL,AGL,CE,Towers with Radar,0,19,32,0,51,0,0,0,5,5,0,19,32,5,56,0,0,0,56
12/12/2007,PWK,IL,AGL,CE,Towers with Radar,0,36,67,0,103,0,3,43,0,46,0,39,110,0,149,56,0,56,205
12/13/2007,PWK,IL,AGL,CE,Towers with Radar,0,32,95,0,127,0,0,39,0,39,0,32,134,0,166,8,0,8,174
12/14/2007,PWK,IL,AGL,CE,Towers with Radar,0,38,86,0,124,0,0,91,0,91,0,38,177,0,215,124,0,124,339
12/15/2007,PWK,IL,AGL,CE,Towers with Radar,0,14,28,0,42,0,0,0,0,0,0,14,28,0,42,0,0,0,42
12/16/2007,PWK,IL,AGL,CE,Towers with Radar,0,37,46,0,83,0,0,41,0,41,0,37,87,0,124,0,0,0,124
12/17/2007,PWK,IL,AGL,CE,Towers with Radar,0,34,77,0,111,0,0,55,0,55,0,34,132,0,166,8,0,8,174
12/18/2007,PWK,IL,AGL,CE,Towers with Radar,0,24,94,0,118,0,3,119,0,122,0,27,213,0,240,38,0,38,278
12/19/2007,PWK,IL,AGL,CE,Towers with Radar,0,39,88,0,127,0,0,75,0,75,0,39,163,0,202,56,0,56,258
12/20/2007,PWK,IL,AGL,CE,Towers with Radar,0,44,81,0,125,0,0,26,0,26,0,44,107,0,151,33,0,33,184
12/21/2007,PWK,IL,AGL,CE,Towers with Radar,0,45,76,0,121,0,0,0,0,0,0,45,76,0,121,0,0,0,121
12/22/2007,PWK,IL,AGL,CE,Towers with Radar,0,36,61,0,97,0,0,0,0,0,0,36,61,0,97,0,0,0,97
12/23/2007,PWK,IL,AGL,CE,Towers with Radar,0,9,23,0,32,0,0,0,0,0,0,9,23,0,32,0,0,0,32
12/24/2007,PWK,IL,AGL,CE,Towers with Radar,0,19,26,0,45,0,0,39,0,39,0,19,65,0,84,40,0,40,124
12/25/2007,PWK,IL,AGL,CE,Towers with Radar,0,21,20,0,41,0,0,53,0,53,0,21,73,0,94,24,0,24,118
12/26/2007,PWK,IL,AGL,CE,Towers with Radar,0,55,62,0,117,0,0,143,0,143,0,55,205,0,260,86,0,86,346
12/27/2007,PWK,IL,AGL,CE,Towers with Radar,0,55,43,0,98,0,0,32,0,32,0,55,75,0,130,64,0,64,194
12/28/2007,PWK,IL,AGL,CE,Towers with Radar,0,31,22,0,53,0,0,0,0,0,0,31,22,0,53,0,0,0,53
12/29/2007,PWK,IL,AGL,CE,Towers with Radar,0,21,43,0,64,0,0,32,0,32,0,21,75,0,96,70,0,70,166
12/30/2007,PWK,IL,AGL,CE,Towers with Radar,0,17,29,0,46,0,1,55,0,56,0,18,84,0,102,198,0,198,300
12/31/2007,PWK,IL,AGL,CE,Towers with Radar,0,11,14,0,25,0,0,0,0,0,0,11,14,0,25,0,0,0,25
01/01/2008,PWK,IL,AGL,CE,Towers with Radar,0,22,16,0,38,0,0,0,0,0,0,22,16,0,38,0,0,0,38
01/02/2008,PWK,IL,AGL,CE,Towers with Radar,0,25,53,0,78,0,0,80,0,80,0,25,133,0,158,20,0,20,178
01/03/2008,PWK,IL,AGL,CE,Towers with Radar,0,40,38,0,78,0,0,76,0,76,0,40,114,0,154,44,0,44,198
01/04/2008,PWK,IL,AGL,CE,Towers with Radar,0,33,60,0,93,0,0,112,0,112,0,33,172,0,205,14,0,14,219
01/05/2008,PWK,IL,AGL,CE,Towers with Radar,0,35,50,0,85,0,0,6,0,6,0,35,56,0,91,10,0,10,101
01/06/2008,PWK,IL,AGL,CE,Towers with Radar,0,45,80,0,125,0,0,11,0,11,0,45,91,0,136,32,0,32,168
01/07/2008,PWK,IL,AGL,CE,Towers with Radar,0,29,65,0,94,0,0,3,0,3,0,29,68,0,97,0,0,0,97
01/08/2008,PWK,IL,AGL,CE,Towers with Radar,0,31,31,0,62,0,0,28,0,28,0,31,59,0,90,0,0,0,90
01/09/2008,PWK,IL,AGL,CE,Towers with Radar,0,39,113,0,152,0,0,117,2,119,0,39,230,2,271,84,0,84,355
01/10/2008,PWK,IL,AGL,CE,Towers with Radar,0,39,84,0,123,0,0,74,0,74,0,39,158,0,197,101,0,101,298
01/11/2008,PWK,IL,AGL,CE,Towers with Radar,0,31,56,0,87,0,0,13,0,13,0,31,69,0,100,4,0,4,104
01/12/2008,PWK,IL,AGL,CE,Towers with Radar,0,22,45,0,67,0,0,98,0,98,0,22,143,0,165,161,0,161,326
01/13/2008,PWK,IL,AGL,CE,Towers with Radar,0,19,36,0,55,0,0,18,0,18,0,19,54,0,73,56,0,56,129
01/14/2008,PWK,IL,AGL,CE,Towers with Radar,0,26,36,0,62,0,0,9,0,9,0,26,45,0,71,30,0,30,101
01/15/2008,PWK,IL,AGL,CE,Towers with Radar,0,35,68,0,103,0,0,107,0,107,0,35,175,0,210,98,0,98,308
01/16/2008,PWK,IL,AGL,CE,Towers with Radar,0,40,88,0,128,0,0,96,0,96,0,40,184,0,224,34,0,34,258
01/17/2008,PWK,IL,AGL,CE,Towers with Radar,0,44,66,0,110,0,0,1,0,1,0,44,67,0,111,2,0,2,113
01/18/2008,PWK,IL,AGL,CE,Towers with Radar,0,50,59,0,109,0,0,43,0,43,0,50,102,0,152,54,0,54,206
01/19/2008,PWK,IL,AGL,CE,Towers with Radar,0,18,33,0,51,0,0,54,0,54,0,18,87,0,105,8,0,8,113
01/20/2008,PWK,IL,AGL,CE,Towers with Radar,0,34,46,0,80,0,0,94,0,94,0,34,140,0,174,16,0,16,190
01/21/2008,PWK,IL,AGL,CE,Towers with Radar,0,37,90,0,127,0,0,22,0,22,0,37,112,0,149,68,0,68,217
01/22/2008,PWK,IL,AGL,CE,Towers with Radar,0,39,84,0,123,0,0,58,0,58,0,39,142,0,181,2,0,2,183
01/23/2008,PWK,IL,AGL,CE,Towers with Radar,0,38,54,0,92,0,0,13,0,13,0,38,67,0,105,0,0,0,105
01/24/2008,PWK,IL,AGL,CE,Towers with Radar,0,39,97,0,136,0,0,61,0,61,0,39,158,0,197,24,0,24,221
01/25/2008,PWK,IL,AGL,CE,Towers with Radar,0,28,76,0,104,0,0,57,0,57,0,28,133,0,161,26,0,26,187
01/26/2008,PWK,IL,AGL,CE,Towers with Radar,0,20,32,0,52,0,0,82,0,82,0,20,114,0,134,92,0,92,226
01/27/2008,PWK,IL,AGL,CE,Towers with Radar,0,21,57,0,78,0,0,164,0,164,0,21,221,0,242,118,0,118,360
01/28/2008,PWK,IL,AGL,CE,Towers with Radar,0,26,69,0,95,0,0,23,0,23,0,26,92,0,118,0,0,0,118
01/29/2008,PWK,IL,AGL,CE,Towers with Radar,0,28,72,0,100,0,0,0,0,0,0,28,72,0,100,0,0,0,100
01/30/2008,PWK,IL,AGL,CE,Towers with Radar,0,37,82,0,119,0,0,60,0,60,0,37,142,0,179,24,0,24,203
01/31/2008,PWK,IL,AGL,CE,Towers with Radar,0,34,81,0,115,0,0,12,0,12,0,34,93,0,127,0,0,0,127
02/01/2008,PWK,IL,AGL,CE,Towers with Radar,0,29,40,0,69,0,0,14,0,14,0,29,54,0,83,8,0,8,91
02/02/2008,PWK,IL,AGL,CE,Towers with Radar,0,27,24,0,51,0,0,1,0,1,0,27,25,0,52,0,0,0,52
02/03/2008,PWK,IL,AGL,CE,Towers with Radar,0,21,23,0,44,0,0,0,0,0,0,21,23,0,44,4,0,4,48
02/04/2008,PWK,IL,AGL,CE,Towers with Radar,0,22,43,0,65,0,0,0,0,0,0,22,43,0,65,0,0,0,65
02/05/2008,PWK,IL,AGL,CE,Towers with Radar,0,32,71,0,103,0,0,4,0,4,0,32,75,0,107,0,0,0,107
02/06/2008,PWK,IL,AGL,CE,Towers with Radar,0,0,3,0,3,0,0,0,0,0,0,0,3,0,3,0,0,0,3
02/07/2008,PWK,IL,AGL,CE,Towers with Radar,0,57,69,0,126,0,0,13,0,13,0,57,82,0,139,0,0,0,139
02/08/2008,PWK,IL,AGL,CE,Towers with Radar,0,55,80,1,136,0,0,19,0,19,0,55,99,1,155,40,0,40,195
02/09/2008,PWK,IL,AGL,CE,Towers with Radar,0,15,25,0,40,0,0,26,0,26,0,15,51,0,66,134,0,134,200
02/10/2008,PWK,IL,AGL,CE,Towers with Radar,0,17,43,0,60,0,0,7,0,7,0,17,50,0,67,0,0,0,67
02/11/2008,PWK,IL,AGL,CE,Towers with Radar,0,26,60,0,86,0,0,39,0,39,0,26,99,0,125,18,0,18,143
02/12/2008,PWK,IL,AGL,CE,Towers with Radar,0,30,40,0,70,0,0,0,0,0,0,30,40,0,70,0,0,0,70
02/13/2008,PWK,IL,AGL,CE,Towers with Radar,0,45,95,0,140,0,0,88,0,88,0,45,183,0,228,96,0,96,324
02/14/2008,PWK,IL,AGL,CE,Towers with Radar,0,45,77,0,122,0,0,54,0,54,0,45,131,0,176,42,0,42,218
02/15/2008,PWK,IL,AGL,CE,Towers with Radar,0,52,65,0,117,0,0,83,0,83,0,52,148,0,200,96,0,96,296
02/16/2008,PWK,IL,AGL,CE,Towers with Radar,0,32,28,0,60,0,0,199,0,199,0,32,227,0,259,184,0,184,443
02/17/2008,PWK,IL,AGL,CE,Towers with Radar,0,18,24,0,42,0,0,4,0,4,0,18,28,0,46,0,0,0,46
02/18/2008,PWK,IL,AGL,CE,Towers with Radar,0,51,89,0,140,0,0,4,0,4,0,51,93,0,144,0,0,0,144
02/19/2008,PWK,IL,AGL,CE,Towers with Radar,0,59,99,0,158,0,0,93,0,93,0,59,192,0,251,66,0,66,317
02/20/2008,PWK,IL,AGL,CE,Towers with Radar,0,47,92,0,139,0,0,58,0,58,0,47,150,0,197,108,0,108,305
02/21/2008,PWK,IL,AGL,CE,Towers with Radar,0,54,72,2,128,0,0,75,0,75,0,54,147,2,203,106,0,106,309
02/22/2008,PWK,IL,AGL,CE,Towers with Radar,0,32,64,0,96,0,1,55,0,56,0,33,119,0,152,146,0,146,298
02/23/2008,PWK,IL,AGL,CE,Towers with Radar,0,32,50,0,82,0,0,237,0,237,0,32,287,0,319,166,0,166,485
02/24/2008,PWK,IL,AGL,CE,Towers with Radar,0,32,99,0,131,0,0,100,0,100,0,32,199,0,231,187,0,187,418
02/25/2008,PWK,IL,AGL,CE,Towers with Radar,0,24,64,0,88,0,0,0,0,0,0,24,64,0,88,0,0,0,88
02/26/2008,PWK,IL,AGL,CE,Towers with Radar,0,31,59,0,90,0,0,18,0,18,0,31,77,0,108,22,0,22,130
02/27/2008,PWK,IL,AGL,CE,Towers with Radar,0,42,77,0,119,0,0,113,0,113,0,42,190,0,232,88,0,88,320
02/28/2008,PWK,IL,AGL,CE,Towers with Radar,0,52,87,1,140,0,1,72,1,74,0,53,159,2,214,67,0,67,281
02/29/2008,PWK,IL,AGL,CE,Towers with Radar,0,36,57,0,93,0,0,28,0,28,0,36,85,0,121,2,0,2,123
03/01/2008,PWK,IL,AGL,CE,Towers with Radar,0,29,42,0,71,0,0,176,0,176,0,29,218,0,247,153,0,153,400
03/02/2008,PWK,IL,AGL,CE,Towers with Radar,0,52,42,0,94,0,0,45,0,45,0,52,87,0,139,124,0,124,263
03/03/2008,PWK,IL,AGL,CE,Towers with Radar,0,34,69,0,103,0,0,17,1,18,0,34,86,1,121,4,0,4,125
03/04/2008,PWK,IL,AGL,CE,Towers with Radar,0,27,82,0,109,0,0,57,0,57,0,27,139,0,166,22,0,22,188
03/05/2008,PWK,IL,AGL,CE,Towers with Radar,0,39,78,0,117,0,0,92,0,92,0,39,170,0,209,140,0,140,349
03/06/2008,PWK,IL,AGL,CE,Towers with Radar,0,50,63,0,113,0,0,106,0,106,0,50,169,0,219,125,0,125,344
03/07/2008,PWK,IL,AGL,CE,Towers with Radar,0,47,79,0,126,0,0,76,0,76,0,47,155,0,202,44,1,45,247
03/08/2008,PWK,IL,AGL,CE,Towers with Radar,0,20,33,1,54,0,0,23,1,24,0,20,56,2,78,60,1,61,139
03/09/2008,PWK,IL,AGL,CE,Towers with Radar,0,36,60,0,96,0,1,51,0,52,0,37,111,0,148,124,0,124,272
03/10/2008,PWK,IL,AGL,CE,Towers with Radar,0,38,81,0,119,0,0,59,0,59,0,38,140,0,178,99,0,99,277
03/11/2008,PWK,IL,AGL,CE,Towers with Radar,0,43,100,0,143,0,0,116,0,116,0,43,216,0,259,54,0,54,313
03/12/2008,PWK,IL,AGL,CE,Towers with Radar,0,37,81,0,118,0,0,123,0,123,0,37,204,0,241,62,0,62,303
03/13/2008,PWK,IL,AGL,CE,Towers with Radar,0,53,88,0,141,0,0,120,0,120,0,53,208,0,261,84,0,84,345
03/14/2008,PWK,IL,AGL,CE,Towers with Radar,0,42,91,0,133,0,0,147,0,147,0,42,238,0,280,129,0,129,409
03/15/2008,PWK,IL,AGL,CE,Towers with Radar,0,31,45,0,76,0,0,120,0,120,0,31,165,0,196,121,0,121,317
03/16/2008,PWK,IL,AGL,CE,Towers with Radar,0,24,66,0,90,0,0,153,0,153,0,24,219,0,243,130,0,130,373
03/17/2008,PWK,IL,AGL,CE,Towers with Radar,0,24,64,0,88,0,1,61,0,62,0,25,125,0,150,47,0,47,197
03/18/2008,PWK,IL,AGL,CE,Towers with Radar,0,38,58,0,96,0,0,0,0,0,0,38,58,0,96,0,0,0,96
03/19/2008,PWK,IL,AGL,CE,Towers with Radar,0,64,106,0,170,0,0,98,0,98,0,64,204,0,268,60,0,60,328
03/20/2008,PWK,IL,AGL,CE,Towers with Radar,0,55,130,0,185,0,0,169,0,169,0,55,299,0,354,85,0,85,439
03/21/2008,PWK,IL,AGL,CE,Towers with Radar,0,23,27,0,50,0,0,0,0,0,0,23,27,0,50,0,0,0,50
03/22/2008,PWK,IL,AGL,CE,Towers with Radar,0,39,52,0,91,0,0,117,0,117,0,39,169,0,208,42,0,42,250
03/23/2008,PWK,IL,AGL,CE,Towers with Radar,0,23,32,0,55,0,0,72,0,72,0,23,104,0,127,78,0,78,205
03/24/2008,PWK,IL,AGL,CE,Towers with Radar,0,48,62,0,110,0,0,106,0,106,0,48,168,0,216,82,0,82,298
03/25/2008,PWK,IL,AGL,CE,Towers with Radar,0,32,76,0,108,0,0,48,0,48,0,32,124,0,156,6,0,6,162
03/26/2008,PWK,IL,AGL,CE,Towers with Radar,0,23,77,0,100,0,0,83,0,83,0,23,160,0,183,95,0,95,278
03/27/2008,PWK,IL,AGL,CE,Towers with Radar,0,40,53,0,93,0,0,0,0,0,0,40,53,0,93,2,0,2,95
03/28/2008,PWK,IL,AGL,CE,Towers with Radar,0,42,51,0,93,0,0,61,0,61,0,42,112,0,154,102,0,102,256
03/29/2008,PWK,IL,AGL,CE,Towers with Radar,0,36,66,0,102,0,1,199,0,200,0,37,265,0,302,96,0,96,398
03/30/2008,PWK,IL,AGL,CE,Towers with Radar,0,64,83,0,147,0,0,10,0,10,0,64,93,0,157,42,0,42,199
03/31/2008,PWK,IL,AGL,CE,Towers with Radar,0,45,54,0,99,0,0,0,0,0,0,45,54,0,99,0,0,0,99
04/01/2008,PWK,IL,AGL,CE,Towers with Radar,0,47,60,0,107,0,0,45,0,45,0,47,105,0,152,48,0,48,200
04/02/2008,PWK,IL,AGL,CE,Towers with Radar,0,44,0,0,44,44,213,0,0,257,44,257,0,0,301,134,0,134,435
04/03/2008,PWK,IL,AGL,CE,Towers with Radar,0,45,81,0,126,0,0,79,0,79,0,45,160,0,205,78,0,78,283
04/04/2008,PWK,IL,AGL,CE,Towers with Radar,0,32,69,0,101,0,0,80,0,80,0,32,149,0,181,131,0,131,312
04/05/2008,PWK,IL,AGL,CE,Towers with Radar,0,34,60,0,94,0,0,174,0,174,0,34,234,0,268,83,0,83,351
04/06/2008,PWK,IL,AGL,CE,Towers with Radar,0,32,62,0,94,0,0,201,0,201,0,32,263,0,295,100,0,100,395
04/07/2008,PWK,IL,AGL,CE,Towers with Radar,0,41,52,0,93,0,0,48,0,48,0,41,100,0,141,32,0,32,173
04/08/2008,PWK,IL,AGL,CE,Towers with Radar,0,32,78,0,110,0,0,54,0,54,0,32,132,0,164,76,0,76,240
04/09/2008,PWK,IL,AGL,CE,Towers with Radar,0,47,94,0,141,0,0,106,0,106,0,47,200,0,247,84,0,84,331
04/10/2008,PWK,IL,AGL,CE,Towers with Radar,0,44,85,0,129,0,0,8,0,8,0,44,93,0,137,0,0,0,137
04/11/2008,PWK,IL,AGL,CE,Towers with Radar,0,44,66,0,110,0,0,24,0,24,0,44,90,0,134,6,0,6,140
04/12/2008,PWK,IL,AGL,CE,Towers with Radar,0,26,16,0,42,0,0,2,0,2,0,26,18,0,44,0,0,0,44
04/13/2008,PWK,IL,AGL,CE,Towers with Radar,0,51,58,0,109,0,0,50,0,50,0,51,108,0,159,26,0,26,185
04/14/2008,PWK,IL,AGL,CE,Towers with Radar,0,47,86,0,133,0,0,137,0,137,0,47,223,0,270,96,0,96,366
04/15/2008,PWK,IL,AGL,CE,Towers with Radar,0,52,102,0,154,0,0,145,0,145,0,52,247,0,299,48,0,48,347
04/16/2008,PWK,IL,AGL,CE,Towers with Radar,0,43,81,0,124,0,0,23,0,23,0,43,104,0,147,4,0,4,151
04/17/2008,PWK,IL,AGL,CE,Towers with Radar,0,46,93,0,139,0,0,125,0,125,0,46,218,0,264,132,0,132,396
04/18/2008,PWK,IL,AGL,CE,Towers with Radar,0,56,64,0,120,0,0,91,0,91,0,56,155,0,211,54,0,54,265
04/19/2008,PWK,IL,AGL,CE,Towers with Radar,0,33,49,0,82,0,0,60,0,60,0,33,109,0,142,61,0,61,203
04/20/2008,PWK,IL,AGL,CE,Towers with Radar,0,31,67,0,98,0,0,204,0,204,0,31,271,0,302,164,0,164,466
04/21/2008,PWK,IL,AGL,CE,Towers with Radar,0,41,74,0,115,0,0,109,0,109,0,41,183,0,224,162,0,162,386
04/22/2008,PWK,IL,AGL,CE,Towers with Radar,0,35,71,0,106,0,0,106,0,106,0,35,177,0,212,90,0,90,302
04/23/2008,PWK,IL,AGL,CE,Towers with Radar,0,47,94,0,141,0,0,153,0,153,0,47,247,0,294,140,0,140,434
04/24/2008,PWK,IL,AGL,CE,Towers with Radar,0,51,58,0,109,0,0,56,0,56,0,51,114,0,165,22,0,22,187
04/25/2008,PWK,IL,AGL,CE,Towers with Radar,0,28,78,0,106,0,0,34,0,34,0,28,112,0,140,58,0,58,198
04/26/2008,PWK,IL,AGL,CE,Towers with Radar,0,27,35,0,62,0,0,35,0,35,0,27,70,0,97,0,0,0,97
04/27/2008,PWK,IL,AGL,CE,Towers with Radar,0,47,56,0,103,0,1,98,0,99,0,48,154,0,202,110,0,110,312
04/28/2008,PWK,IL,AGL,CE,Towers with Radar,0,31,72,0,103,0,0,4,0,4,0,31,76,0,107,20,0,20,127
04/29/2008,PWK,IL,AGL,CE,Towers with Radar,0,46,109,0,155,0,0,149,0,149,0,46,258,0,304,130,0,130,434
04/30/2008,PWK,IL,AGL,CE,Towers with Radar,0,46,85,0,131,0,0,152,0,152,0,46,237,0,283,134,0,134,417
05/01/2008,PWK,IL,AGL,CE,Towers with Radar,0,69,93,1,163,0,0,97,0,97,0,69,190,1,260,100,0,100,360
05/02/2008,PWK,IL,AGL,CE,Towers with Radar,0,40,70,0,110,0,0,31,0,31,0,40,101,0,141,20,0,20,161
05/03/2008,PWK,IL,AGL,CE,Towers with Radar,0,22,44,0,66,0,0,25,0,25,0,22,69,0,91,8,0,8,99
05/04/2008,PWK,IL,AGL,CE,Towers with Radar,0,47,112,0,159,0,0,220,0,220,0,47,332,0,379,80,0,80,459
05/05/2008,PWK,IL,AGL,CE,Towers with Radar,0,32,68,0,100,0,0,165,0,165,0,32,233,0,265,90,0,90,355
05/06/2008,PWK,IL,AGL,CE,Towers with Radar,0,28,72,0,100,0,1,124,0,125,0,29,196,0,225,54,0,54,279
05/07/2008,PWK,IL,AGL,CE,Towers with Radar,0,39,110,0,149,0,0,42,0,42,0,39,152,0,191,12,0,12,203
05/08/2008,PWK,IL,AGL,CE,Towers with Radar,0,34,95,0,129,0,0,156,0,156,0,34,251,0,285,64,0,64,349
05/09/2008,PWK,IL,AGL,CE,Towers with Radar,0,52,88,0,140,0,0,148,0,148,0,52,236,0,288,140,0,140,428
05/10/2008,PWK,IL,AGL,CE,Towers with Radar,0,38,61,0,99,0,0,184,0,184,0,38,245,0,283,206,0,206,489
05/11/2008,PWK,IL,AGL,CE,Towers with Radar,0,36,42,0,78,0,0,2,0,2,0,36,44,0,80,1,0,1,81
05/12/2008,PWK,IL,AGL,CE,Towers with Radar,0,45,82,0,127,0,0,141,0,141,0,45,223,0,268,91,1,92,360
05/13/2008,PWK,IL,AGL,CE,Towers with Radar,0,54,93,0,147,0,0,138,0,138,0,54,231,0,285,16,0,16,301
05/14/2008,PWK,IL,AGL,CE,Towers with Radar,0,49,86,0,135,0,0,72,0,72,0,49,158,0,207,72,0,72,279
05/15/2008,PWK,IL,AGL,CE,Towers with Radar,0,67,84,0,151,0,0,156,0,156,0,67,240,0,307,48,0,48,355
05/16/2008,PWK,IL,AGL,CE,Towers with Radar,0,54,75,0,129,0,0,139,0,139,0,54,214,0,268,66,0,66,334
05/17/2008,PWK,IL,AGL,CE,Towers with Radar,0,31,36,0,67,0,0,185,1,186,0,31,221,1,253,103,0,103,356
05/18/2008,PWK,IL,AGL,CE,Towers with Radar,0,49,67,0,116,0,2,125,0,127,0,51,192,0,243,128,0,128,371
05/19/2008,PWK,IL,AGL,CE,Towers with Radar,0,40,83,0,123,0,0,104,0,104,0,40,187,0,227,70,0,70,297
05/20/2008,PWK,IL,AGL,CE,Towers with Radar,0,43,84,0,127,0,0,151,0,151,0,43,235,0,278,78,0,78,356
05/21/2008,PWK,IL,AGL,CE,Towers with Radar,0,40,80,0,120,0,0,146,0,146,0,40,226,0,266,126,0,126,392
05/22/2008,PWK,IL,AGL,CE,Towers with Radar,0,48,109,0,157,0,0,180,0,180,0,48,289,0,337,64,0,64,401
05/23/2008,PWK,IL,AGL,CE,Towers with Radar,0,57,83,0,140,0,0,148,0,148,0,57,231,0,288,88,0,88,376
05/24/2008,PWK,IL,AGL,CE,Towers with Radar,0,25,71,0,96,0,0,185,0,185,0,25,256,0,281,76,0,76,357
05/25/2008,PWK,IL,AGL,CE,Towers with Radar,0,30,34,0,64,0,0,117,0,117,0,30,151,0,181,26,0,26,207
05/26/2008,PWK,IL,AGL,CE,Towers with Radar,0,37,50,0,87,0,0,70,0,70,0,37,120,0,157,22,0,22,179
05/27/2008,PWK,IL,AGL,CE,Towers with Radar,0,45,70,0,115,0,0,54,0,54,0,45,124,0,169,20,0,20,189
05/28/2008,PWK,IL,AGL,CE,Towers with Radar,0,40,86,0,126,0,0,167,0,167,0,40,253,0,293,146,0,146,439
05/29/2008,PWK,IL,AGL,CE,Towers with Radar,0,56,91,0,147,0,0,110,0,110,0,56,201,0,257,120,0,120,377
05/30/2008,PWK,IL,AGL,CE,Towers with Radar,0,52,45,0,97,0,0,20,0,20,0,52,65,0,117,14,0,14,131
05/31/2008,PWK,IL,AGL,CE,Towers with Radar,0,32,39,0,71,0,0,163,0,163,0,32,202,0,234,126,18,144,378
06/01/2008,PWK,IL,AGL,CE,Towers with Radar,0,35,62,0,97,0,0,139,0,139,0,35,201,0,236,116,0,116,352
06/02/2008,PWK,IL,AGL,CE,Towers with Radar,0,39,73,0,112,0,0,134,0,134,0,39,207,0,246,126,0,126,372
06/03/2008,PWK,IL,AGL,CE,Towers with Radar,0,34,92,0,126,0,0,7,0,7,0,34,99,0,133,0,0,0,133
06/04/2008,PWK,IL,AGL,CE,Towers with Radar,0,35,67,0,102,0,0,42,0,42,0,35,109,0,144,46,0,46,190
06/05/2008,PWK,IL,AGL,CE,Towers with Radar,0,41,101,0,142,0,0,75,0,75,0,41,176,0,217,52,0,52,269
06/06/2008,PWK,IL,AGL,CE,Towers with Radar,0,36,69,0,105,0,0,33,0,33,0,36,102,0,138,0,0,0,138
06/07/2008,PWK,IL,AGL,CE,Towers with Radar,0,20,45,0,65,0,0,42,0,42,0,20,87,0,107,110,0,110,217
06/08/2008,PWK,IL,AGL,CE,Towers with Radar,0,37,55,0,92,0,0,82,0,82,0,37,137,0,174,98,0,98,272
06/09/2008,PWK,IL,AGL,CE,Towers with Radar,0,40,75,0,115,0,0,27,0,27,0,40,102,0,142,70,0,70,212
06/10/2008,PWK,IL,AGL,CE,Towers with Radar,0,55,102,0,157,0,0,170,0,170,0,55,272,0,327,138,0,138,465
06/11/2008,PWK,IL,AGL,CE,Towers with Radar,0,42,92,0,134,0,0,185,0,185,0,42,277,0,319,162,0,162,481
06/12/2008,PWK,IL,AGL,CE,Towers with Radar,0,49,77,0,126,0,0,170,0,170,0,49,247,0,296,96,0,96,392
06/13/2008,PWK,IL,AGL,CE,Towers with Radar,0,41,93,0,134,0,0,86,0,86,0,41,179,0,220,94,0,94,314
06/14/2008,PWK,IL,AGL,CE,Towers with Radar,0,19,42,0,61,0,0,220,0,220,0,19,262,0,281,46,0,46,327
06/15/2008,PWK,IL,AGL,CE,Towers with Radar,0,41,69,0,110,0,0,95,0,95,0,41,164,0,205,34,0,34,239
06/16/2008,PWK,IL,AGL,CE,Towers with Radar,0,40,81,0,121,0,0,137,0,137,0,40,218,0,258,159,0,159,417
06/17/2008,PWK,IL,AGL,CE,Towers with Radar,0,48,87,0,135,0,0,162,0,162,0,48,249,0,297,98,0,98,395
06/18/2008,PWK,IL,AGL,CE,Towers with Radar,0,65,123,0,188,0,0,201,0,201,0,65,324,0,389,150,0,150,539
06/19/2008,PWK,IL,AGL,CE,Towers with Radar,0,52,90,0,142,0,0,204,0,204,0,52,294,0,346,102,0,102,448
06/20/2008,PWK,IL,AGL,CE,Towers with Radar,0,37,90,0,127,0,0,112,0,112,0,37,202,0,239,96,0,96,335
06/21/2008,PWK,IL,AGL,CE,Towers with Radar,0,26,43,0,69,0,0,116,0,116,0,26,159,0,185,154,0,154,339
06/22/2008,PWK,IL,AGL,CE,Towers with Radar,0,51,84,0,135,0,0,133,0,133,0,51,217,0,268,82,0,82,350
06/23/2008,PWK,IL,AGL,CE,Towers with Radar,0,54,109,0,163,0,0,166,0,166,0,54,275,0,329,76,0,76,405
06/24/2008,PWK,IL,AGL,CE,Towers with Radar,0,52,126,0,178,0,0,299,0,299,0,52,425,0,477,114,0,114,620
06/25/2008,PWK,IL,AGL,CE,Towers with Radar,0,37,79,0,116,0,0,169,0,169,0,37,248,0,285,110,0,110,428
06/26/2008,PWK,IL,AGL,CE,Towers with Radar,0,51,118,2,171,0,0,249,2,251,0,51,367,4,422,78,0,78,522
06/27/2008,PWK,IL,AGL,CE,Towers with Radar,0,39,84,0,123,0,0,179,0,179,0,39,263,0,302,142,0,142,479
06/28/2008,PWK,IL,AGL,CE,Towers with Radar,0,26,47,0,73,0,0,161,0,161,0,26,208,0,234,103,0,103,344
06/29/2008,PWK,IL,AGL,CE,Towers with Radar,0,49,82,0,131,0,0,239,0,239,0,49,321,0,370,68,0,68,442
06/30/2008,PWK,IL,AGL,CE,Towers with Radar,0,38,88,0,126,0,0,224,0,224,0,38,312,0,350,106,0,106,485
07/01/2008,PWK,IL,AGL,CE,Towers with Radar,0,34,72,0,106,0,0,157,0,157,0,34,229,0,263,112,0,112,375
07/02/2008,PWK,IL,AGL,CE,Towers with Radar,0,33,83,1,117,0,0,105,0,105,0,33,188,1,222,80,0,80,302
07/03/2008,PWK,IL,AGL,CE,Towers with Radar,0,31,83,0,114,0,0,179,0,179,0,31,262,0,293,16,0,16,309
07/04/2008,PWK,IL,AGL,CE,Towers with Radar,0,20,30,0,50,0,0,97,0,97,0,20,127,0,147,10,0,10,157
07/05/2008,PWK,IL,AGL,CE,Towers with Radar,0,23,43,1,67,0,0,109,0,109,0,23,152,1,176,90,0,90,266
07/06/2008,PWK,IL,AGL,CE,Towers with Radar,0,42,81,1,124,0,0,160,1,161,0,42,241,2,285,86,0,86,371
07/07/2008,PWK,IL,AGL,CE,Towers with Radar,0,40,82,0,122,0,0,89,0,89,0,40,171,0,211,84,0,84,295
07/08/2008,PWK,IL,AGL,CE,Towers with Radar,0,40,103,0,143,0,0,124,0,124,0,40,227,0,267,158,0,158,425
07/09/2008,PWK,IL,AGL,CE,Towers with Radar,0,37,89,0,126,0,0,175,0,175,0,37,264,0,301,96,0,96,397
07/10/2008,PWK,IL,AGL,CE,Towers with Radar,0,52,112,0,164,0,0,114,0,114,0,52,226,0,278,18,0,18,296
07/11/2008,PWK,IL,AGL,CE,Towers with Radar,0,32,103,0,135,0,0,116,0,116,0,32,219,0,251,66,0,66,317
07/12/2008,PWK,IL,AGL,CE,Towers with Radar,0,18,37,0,55,0,0,100,0,100,0,18,137,0,155,86,0,86,241
07/13/2008,PWK,IL,AGL,CE,Towers with Radar,0,50,88,0,138,0,0,152,0,152,0,50,240,0,290,74,0,74,364
07/14/2008,PWK,IL,AGL,CE,Towers with Radar,0,27,92,0,119,0,0,155,0,155,0,27,247,0,274,88,0,88,362
07/15/2008,PWK,IL,AGL,CE,Towers with Radar,0,49,97,0,146,0,0,185,0,185,0,49,282,0,331,46,0,46,377
07/16/2008,PWK,IL,AGL,CE,Towers with Radar,0,35,105,0,140,0,0,154,0,154,0,35,259,0,294,107,0,107,401
07/17/2008,PWK,IL,AGL,CE,Towers with Radar,0,43,80,0,123,0,0,119,0,119,0,43,199,0,242,56,0,56,298
07/18/2008,PWK,IL,AGL,CE,Towers with Radar,0,31,105,0,136,0,0,101,0,101,0,31,206,0,237,84,0,84,321
07/19/2008,PWK,IL,AGL,CE,Towers with Radar,0,23,77,0,100,0,0,28,0,28,0,23,105,0,128,22,0,22,150
07/20/2008,PWK,IL,AGL,CE,Towers with Radar,0,52,89,0,141,0,0,129,0,129,0,52,218,0,270,100,0,100,370
07/21/2008,PWK,IL,AGL,CE,Towers with Radar,0,36,96,0,132,0,0,82,0,82,0,36,178,0,214,104,0,104,318
07/22/2008,PWK,IL,AGL,CE,Towers with Radar,0,55,83,0,138,0,0,147,0,147,0,55,230,0,285,112,0,112,397
07/23/2008,PWK,IL,AGL,CE,Towers with Radar,0,42,84,0,126,0,0,214,0,214,0,42,298,0,340,68,0,68,408
07/24/2008,PWK,IL,AGL,CE,Towers with Radar,0,54,122,0,176,0,4,201,0,205,0,58,323,0,381,122,0,122,503
07/25/2008,PWK,IL,AGL,CE,Towers with Radar,0,50,102,0,152,0,0,136,5,141,0,50,238,5,293,101,0,101,394
07/26/2008,PWK,IL,AGL,CE,Towers with Radar,0,31,72,0,103,0,0,169,0,169,0,31,241,0,272,80,0,80,352
07/27/2008,PWK,IL,AGL,CE,Towers with Radar,0,49,67,0,116,0,2,185,0,187,0,51,252,0,303,40,0,40,343
07/28/2008,PWK,IL,AGL,CE,Towers with Radar,0,52,125,0,177,0,1,153,0,154,0,53,278,0,331,86,0,86,417
07/29/2008,PWK,IL,AGL,CE,Towers with Radar,0,45,103,0,148,0,0,192,0,192,0,45,295,0,340,158,0,158,498
07/30/2008,PWK,IL,AGL,CE,Towers with Radar,0,47,93,0,140,0,2,135,0,137,0,49,228,0,277,77,0,77,354
07/31/2008,PWK,IL,AGL,CE,Towers with Radar,0,39,111,0,150,0,2,174,0,176,0,41,285,0,326,114,0,114,440
08/01/2008,PWK,IL,AGL,CE,Towers with Radar,0,35,74,0,109,0,0,133,0,133,0,35,207,0,242,109,0,109,351
08/02/2008,PWK,IL,AGL,CE,Towers with Radar,0,27,45,0,72,0,0,135,0,135,0,27,180,0,207,101,0,101,308
08/03/2008,PWK,IL,AGL,CE,Towers with Radar,0,31,64,0,95,0,0,139,0,139,0,31,203,0,234,96,0,96,330
08/04/2008,PWK,IL,AGL,CE,Towers with Radar,0,33,85,0,118,0,0,36,0,36,0,33,121,0,154,16,0,16,170
08/05/2008,PWK,IL,AGL,CE,Towers with Radar,0,35,105,0,140,0,2,125,0,127,0,37,230,0,267,72,0,72,339
08/06/2008,PWK,IL,AGL,CE,Towers with Radar,0,52,91,0,143,0,0,154,0,154,0,52,245,0,297,152,0,152,449
08/07/2008,PWK,IL,AGL,CE,Towers with Radar,0,36,104,0,140,0,0,176,0,176,0,36,280,0,316,100,0,100,416
08/08/2008,PWK,IL,AGL,CE,Towers with Radar,0,36,99,0,135,0,3,158,0,161,0,39,257,0,296,114,0,114,410
08/09/2008,PWK,IL,AGL,CE,Towers with Radar,0,34,52,0,86,0,0,88,0,88,0,34,140,0,174,110,0,110,284
08/10/2008,PWK,IL,AGL,CE,Towers with Radar,0,39,82,0,121,0,0,174,0,174,0,39,256,0,295,58,0,58,353
08/11/2008,PWK,IL,AGL,CE,Towers with Radar,0,43,97,0,140,0,0,136,0,136,0,43,233,0,276,99,0,99,375
08/12/2008,PWK,IL,AGL,CE,Towers with Radar,0,53,76,0,129,0,1,140,0,141,0,54,216,0,270,90,0,90,360
08/13/2008,PWK,IL,AGL,CE,Towers with Radar,0,35,88,0,123,0,0,81,0,81,0,35,169,0,204,63,0,63,267
08/14/2008,PWK,IL,AGL,CE,Towers with Radar,0,39,103,0,142,0,0,113,0,113,0,39,216,0,255,148,0,148,403
08/15/2008,PWK,IL,AGL,CE,Towers with Radar,0,34,102,1,137,0,0,145,0,145,0,34,247,1,282,44,0,44,326
08/16/2008,PWK,IL,AGL,CE,Towers with Radar,0,32,57,0,89,0,0,171,0,171,0,32,228,0,260,86,0,86,346
08/17/2008,PWK,IL,AGL,CE,Towers with Radar,0,38,86,0,124,0,0,162,0,162,0,38,248,0,286,82,0,82,368
08/18/2008,PWK,IL,AGL,CE,Towers with Radar,0,33,71,0,104,0,1,138,0,139,0,34,209,0,243,86,0,86,329
08/19/2008,PWK,IL,AGL,CE,Towers with Radar,0,31,97,0,128,0,0,146,0,146,0,31,243,0,274,184,0,184,458
08/20/2008,PWK,IL,AGL,CE,Towers with Radar,0,38,92,0,130,0,0,129,0,129,0,38,221,0,259,88,0,88,347
08/21/2008,PWK,IL,AGL,CE,Towers with Radar,0,48,117,0,165,0,0,103,0,103,0,48,220,0,268,103,0,103,371
08/22/2008,PWK,IL,AGL,CE,Towers with Radar,0,38,107,1,146,0,0,69,0,69,0,38,176,1,215,44,0,44,259
08/23/2008,PWK,IL,AGL,CE,Towers with Radar,0,23,46,0,69,0,0,69,0,69,0,23,115,0,138,71,0,71,209
08/24/2008,PWK,IL,AGL,CE,Towers with Radar,0,32,78,0,110,0,0,183,0,183,0,32,261,0,293,111,0,111,404
08/25/2008,PWK,IL,AGL,CE,Towers with Radar,0,37,87,0,124,0,6,117,0,123,0,43,204,0,247,80,0,80,327
08/26/2008,PWK,IL,AGL,CE,Towers with Radar,0,40,90,0,130,0,1,132,0,133,0,41,222,0,263,56,0,56,319
08/27/2008,PWK,IL,AGL,CE,Towers with Radar,0,52,90,0,142,0,0,183,0,183,0,52,273,0,325,100,0,100,425
08/28/2008,PWK,IL,AGL,CE,Towers with Radar,0,40,102,0,142,0,1,70,0,71,0,41,172,0,213,85,0,85,298
08/29/2008,PWK,IL,AGL,CE,Towers with Radar,0,57,89,0,146,0,0,147,0,147,0,57,236,0,293,82,0,82,375
08/30/2008,PWK,IL,AGL,CE,Towers with Radar,0,17,36,0,53,0,0,151,0,151,0,17,187,0,204,37,0,37,241
08/31/2008,PWK,IL,AGL,CE,Towers with Radar,0,15,43,0,58,0,0,171,0,171,0,15,214,0,229,14,0,14,243
09/01/2008,PWK,IL,AGL,CE,Towers with Radar,0,38,69,0,107,0,0,109,5,114,0,38,178,5,221,56,0,56,277
09/02/2008,PWK,IL,AGL,CE,Towers with Radar,0,37,72,0,109,0,2,117,0,119,0,39,189,0,228,72,0,72,300
09/03/2008,PWK,IL,AGL,CE,Towers with Radar,0,40,80,0,120,0,0,54,0,54,0,40,134,0,174,83,0,83,257
09/04/2008,PWK,IL,AGL,CE,Towers with Radar,0,40,76,0,116,0,0,0,0,0,0,40,76,0,116,6,0,6,122
09/05/2008,PWK,IL,AGL,CE,Towers with Radar,0,32,83,0,115,0,0,78,0,78,0,32,161,0,193,99,0,99,292
09/06/2008,PWK,IL,AGL,CE,Towers with Radar,0,14,43,3,60,0,0,199,0,199,0,14,242,3,259,76,0,76,335
09/07/2008,PWK,IL,AGL,CE,Towers with Radar,0,35,72,1,108,0,0,146,0,146,0,35,218,1,254,61,0,61,315
09/08/2008,PWK,IL,AGL,CE,Towers with Radar,0,34,66,0,100,0,0,27,0,27,0,34,93,0,127,0,0,0,127
09/09/2008,PWK,IL,AGL,CE,Towers with Radar,0,44,80,0,124,0,0,130,0,130,0,44,210,0,254,88,0,88,342
09/10/2008,PWK,IL,AGL,CE,Towers with Radar,0,34,95,0,129,0,0,140,0,140,0,34,235,0,269,117,0,117,386
09/11/2008,PWK,IL,AGL,CE,Towers with Radar,0,50,115,0,165,0,0,124,0,124,0,50,239,0,289,90,0,90,379
09/12/2008,PWK,IL,AGL,CE,Towers with Radar,0,38,94,0,132,0,0,0,0,0,0,38,94,0,132,0,0,0,132
09/13/2008,PWK,IL,AGL,CE,Towers with Radar,0,31,36,0,67,0,0,0,0,0,0,31,36,0,67,0,0,0,67
09/14/2008,PWK,IL,AGL,CE,Towers with Radar,0,27,48,0,75,0,0,2,0,2,0,27,50,0,77,0,0,0,77
09/15/2008,PWK,IL,AGL,CE,Towers with Radar,0,45,90,0,135,0,0,105,0,105,0,45,195,0,240,50,0,50,290
09/16/2008,PWK,IL,AGL,CE,Towers with Radar,0,0,134,0,134,0,0,158,0,158,0,0,292,0,292,80,0,80,372
09/17/2008,PWK,IL,AGL,CE,Towers with Radar,0,35,109,0,144,0,1,143,0,144,0,36,252,0,288,71,0,71,359
09/18/2008,PWK,IL,AGL,CE,Towers with Radar,0,48,96,0,144,0,0,174,0,174,0,48,270,0,318,66,0,66,384
09/19/2008,PWK,IL,AGL,CE,Towers with Radar,0,42,90,0,132,0,0,166,0,166,0,42,256,0,298,106,0,106,404
09/20/2008,PWK,IL,AGL,CE,Towers with Radar,0,25,48,0,73,0,0,188,0,188,0,25,236,0,261,137,0,137,398
09/21/2008,PWK,IL,AGL,CE,Towers with Radar,0,34,81,0,115,0,0,95,0,95,0,34,176,0,210,64,0,64,274
09/22/2008,PWK,IL,AGL,CE,Towers with Radar,0,41,62,0,103,0,0,77,0,77,0,41,139,0,180,4,0,4,184
09/23/2008,PWK,IL,AGL,CE,Towers with Radar,0,50,103,0,153,0,0,173,0,173,0,50,276,0,326,112,0,112,438
09/24/2008,PWK,IL,AGL,CE,Towers with Radar,0,41,114,0,155,0,0,98,0,98,0,41,212,0,253,60,0,60,313
09/25/2008,PWK,IL,AGL,CE,Towers with Radar,0,47,104,0,151,0,0,100,0,100,0,47,204,0,251,92,0,92,343
09/26/2008,PWK,IL,AGL,CE,Towers with Radar,0,33,107,0,140,0,0,137,0,137,0,33,244,0,277,93,0,93,370
09/27/2008,PWK,IL,AGL,CE,Towers with Radar,0,22,48,0,70,0,0,136,0,136,0,22,184,0,206,107,0,107,313
09/28/2008,PWK,IL,AGL,CE,Towers with Radar,0,32,89,1,122,0,0,70,0,70,0,32,159,1,192,94,0,94,286
09/29/2008,PWK,IL,AGL,CE,Towers with Radar,0,38,64,0,102,0,0,31,0,31,0,38,95,0,133,54,0,54,187
09/30/2008,PWK,IL,AGL,CE,Towers with Radar,0,20,104,0,124,0,0,106,0,106,0,20,210,0,230,18,0,18,248
10/01/2008,PWK,IL,AGL,CE,Towers with Radar,0,30,85,0,115,0,0,84,0,84,0,30,169,0,199,34,0,34,233
10/02/2008,PWK,IL,AGL,CE,Towers with Radar,0,57,97,0,154,0,0,117,0,117,0,57,214,0,271,52,0,52,323
10/03/2008,PWK,IL,AGL,CE,Towers with Radar,0,37,88,0,125,0,0,138,0,138,0,37,226,0,263,48,0,48,311
10/04/2008,PWK,IL,AGL,CE,Towers with Radar,0,32,42,0,74,0,0,172,0,172,0,32,214,0,246,78,0,78,324
10/05/2008,PWK,IL,AGL,CE,Towers with Radar,0,42,86,0,128,0,0,76,0,76,0,42,162,0,204,98,0,98,302
10/06/2008,PWK,IL,AGL,CE,Towers with Radar,0,32,55,0,87,0,0,61,0,61,0,32,116,0,148,46,0,46,194
10/07/2008,PWK,IL,AGL,CE,Towers with Radar,0,28,72,0,100,0,0,69,0,69,0,28,141,0,169,38,0,38,207
10/08/2008,PWK,IL,AGL,CE,Towers with Radar,0,37,95,0,132,0,0,48,0,48,0,37,143,0,180,22,0,22,202
10/09/2008,PWK,IL,AGL,CE,Towers with Radar,0,33,74,0,107,0,0,141,0,141,0,33,215,0,248,82,0,82,330
10/10/2008,PWK,IL,AGL,CE,Towers with Radar,0,35,71,0,106,0,0,193,0,193,0,35,264,0,299,8,0,8,307
10/11/2008,PWK,IL,AGL,CE,Towers with Radar,0,27,44,0,71,0,0,154,0,154,0,27,198,0,225,94,0,94,319
10/12/2008,PWK,IL,AGL,CE,Towers with Radar,0,36,68,0,104,0,0,116,0,116,0,36,184,0,220,41,0,41,261
10/13/2008,PWK,IL,AGL,CE,Towers with Radar,0,49,82,0,131,0,0,99,0,99,0,49,181,0,230,30,0,30,260
10/14/2008,PWK,IL,AGL,CE,Towers with Radar,0,31,67,0,98,0,0,126,0,126,0,31,193,0,224,70,0,70,294
10/15/2008,PWK,IL,AGL,CE,Towers with Radar,0,39,96,0,135,0,0,20,0,20,0,39,116,0,155,18,0,18,173
10/16/2008,PWK,IL,AGL,CE,Towers with Radar,0,27,69,0,96,0,0,133,0,133,0,27,202,0,229,74,0,74,303
10/17/2008,PWK,IL,AGL,CE,Towers with Radar,0,42,110,0,152,0,0,133,0,133,0,42,243,0,285,74,0,74,359
10/18/2008,PWK,IL,AGL,CE,Towers with Radar,0,21,54,0,75,0,0,226,0,226,0,21,280,0,301,91,0,91,392
10/19/2008,PWK,IL,AGL,CE,Towers with Radar,0,26,80,0,106,0,0,138,0,138,0,26,218,0,244,106,0,106,350
10/20/2008,PWK,IL,AGL,CE,Towers with Radar,0,28,64,0,92,0,0,43,0,43,0,28,107,0,135,38,0,38,173
10/21/2008,PWK,IL,AGL,CE,Towers with Radar,0,25,74,0,99,0,0,104,0,104,0,25,178,0,203,54,0,54,257
10/22/2008,PWK,IL,AGL,CE,Towers with Radar,0,32,69,0,101,0,0,112,0,112,0,32,181,0,213,56,0,56,269
10/23/2008,PWK,IL,AGL,CE,Towers with Radar,0,30,74,0,104,0,2,111,0,113,0,32,185,0,217,126,0,126,343
10/24/2008,PWK,IL,AGL,CE,Towers with Radar,0,40,92,0,132,0,0,24,0,24,0,40,116,0,156,91,0,91,247
10/25/2008,PWK,IL,AGL,CE,Towers with Radar,0,24,53,0,77,0,1,50,0,51,0,25,103,0,128,96,0,96,224
10/26/2008,PWK,IL,AGL,CE,Towers with Radar,0,23,45,0,68,0,0,38,0,38,0,23,83,0,106,6,0,6,112
10/27/2008,PWK,IL,AGL,CE,Towers with Radar,0,38,75,0,113,0,0,59,0,59,0,38,134,0,172,20,0,20,192
10/28/2008,PWK,IL,AGL,CE,Towers with Radar,0,40,103,0,143,0,1,129,0,130,0,41,232,0,273,34,0,34,307
10/29/2008,PWK,IL,AGL,CE,Towers with Radar,0,41,79,0,120,0,0,147,0,147,0,41,226,0,267,68,0,68,335
10/30/2008,PWK,IL,AGL,CE,Towers with Radar,0,39,78,0,117,0,0,117,0,117,0,39,195,0,234,72,0,72,306
10/31/2008,PWK,IL,AGL,CE,Towers with Radar,0,18,56,0,74,0,3,136,0,139,0,21,192,0,213,94,0,94,307
11/01/2008,PWK,IL,AGL,CE,Towers with Radar,0,24,49,0,73,0,0,164,0,164,0,24,213,0,237,96,0,96,333
11/02/2008,PWK,IL,AGL,CE,Towers with Radar,0,39,59,0,98,0,0,131,0,131,0,39,190,0,229,172,0,172,401
11/03/2008,PWK,IL,AGL,CE,Towers with Radar,0,37,65,0,102,0,0,107,1,108,0,37,172,1,210,38,0,38,248
11/04/2008,PWK,IL,AGL,CE,Towers with Radar,0,31,60,0,91,0,0,125,0,125,0,31,185,0,216,76,0,76,292
11/05/2008,PWK,IL,AGL,CE,Towers with Radar,0,42,97,0,139,0,0,108,2,110,0,42,205,2,249,42,0,42,291
11/06/2008,PWK,IL,AGL,CE,Towers with Radar,0,33,87,0,120,0,1,16,0,17,0,34,103,0,137,0,0,0,137
11/07/2008,PWK,IL,AGL,CE,Towers with Radar,0,39,83,0,122,0,1,54,0,55,0,40,137,0,177,59,0,59,236
11/08/2008,PWK,IL,AGL,CE,Towers with Radar,0,22,31,0,53,0,2,20,0,22,0,24,51,0,75,58,0,58,133
11/09/2008,PWK,IL,AGL,CE,Towers with Radar,0,36,58,0,94,0,0,50,0,50,0,36,108,0,144,98,0,98,242
11/10/2008,PWK,IL,AGL,CE,Towers with Radar,0,31,92,0,123,0,0,150,0,150,0,31,242,0,273,82,0,82,355
11/11/2008,PWK,IL,AGL,CE,Towers with Radar,0,28,75,0,103,0,0,40,0,40,0,28,115,0,143,38,0,38,181
11/12/2008,PWK,IL,AGL,CE,Towers with Radar,0,41,92,0,133,0,0,14,0,14,0,41,106,0,147,12,0,12,159
11/13/2008,PWK,IL,AGL,CE,Towers with Radar,0,33,96,0,129,0,0,52,0,52,0,33,148,0,181,85,0,85,266
11/14/2008,PWK,IL,AGL,CE,Towers with Radar,0,36,84,0,120,0,0,106,0,106,0,36,190,0,226,125,0,125,351
11/15/2008,PWK,IL,AGL,CE,Towers with Radar,0,25,28,0,53,0,0,65,0,65,0,25,93,0,118,120,0,120,238
11/16/2008,PWK,IL,AGL,CE,Towers with Radar,0,30,69,0,99,0,0,104,0,104,0,30,173,0,203,84,0,84,287
11/17/2008,PWK,IL,AGL,CE,Towers with Radar,0,20,77,0,97,0,0,70,0,70,0,20,147,0,167,34,0,34,201
11/18/2008,PWK,IL,AGL,CE,Towers with Radar,0,29,86,0,115,0,0,108,0,108,0,29,194,0,223,80,0,80,303
11/19/2008,PWK,IL,AGL,CE,Towers with Radar,0,41,63,0,104,0,1,100,0,101,0,42,163,0,205,18,0,18,223
11/20/2008,PWK,IL,AGL,CE,Towers with Radar,0,39,58,0,97,0,0,54,0,54,0,39,112,0,151,37,0,37,188
11/21/2008,PWK,IL,AGL,CE,Towers with Radar,0,38,74,0,112,0,0,125,0,125,0,38,199,0,237,54,0,54,291
11/22/2008,PWK,IL,AGL,CE,Towers with Radar,0,40,53,0,93,0,0,164,0,164,0,40,217,0,257,15,0,15,272
11/23/2008,PWK,IL,AGL,CE,Towers with Radar,0,23,56,0,79,0,0,127,0,127,0,23,183,0,206,112,0,112,318
11/24/2008,PWK,IL,AGL,CE,Towers with Radar,0,28,33,0,61,0,0,11,0,11,0,28,44,0,72,14,0,14,86
11/25/2008,PWK,IL,AGL,CE,Towers with Radar,0,41,81,0,122,0,0,76,0,76,0,41,157,0,198,80,0,80,278
11/26/2008,PWK,IL,AGL,CE,Towers with Radar,0,43,73,0,116,0,0,145,0,145,0,43,218,0,261,68,0,68,329
11/27/2008,PWK,IL,AGL,CE,Towers with Radar,0,10,19,0,29,0,0,64,0,64,0,10,83,0,93,26,0,26,119
11/28/2008,PWK,IL,AGL,CE,Towers with Radar,0,22,21,0,43,0,0,95,0,95,0,22,116,0,138,64,0,64,202
11/29/2008,PWK,IL,AGL,CE,Towers with Radar,0,28,63,0,91,0,0,207,0,207,0,28,270,0,298,114,0,114,412
11/30/2008,PWK,IL,AGL,CE,Towers with Radar,0,27,63,0,90,0,0,3,0,3,0,27,66,0,93,10,0,10,103
12/01/2008,PWK,IL,AGL,CE,Towers with Radar,0,17,43,0,60,0,0,2,0,2,0,17,45,0,62,10,0,10,72
12/02/2008,PWK,IL,AGL,CE,Towers with Radar,0,39,58,3,100,0,0,41,0,41,0,39,99,3,141,64,0,64,205
12/03/2008,PWK,IL,AGL,CE,Towers with Radar,0,20,52,0,72,0,0,10,0,10,0,20,62,0,82,12,0,12,94
12/04/2008,PWK,IL,AGL,CE,Towers with Radar,0,35,73,0,108,0,0,80,0,80,0,35,153,0,188,66,0,66,254
12/05/2008,PWK,IL,AGL,CE,Towers with Radar,0,36,87,0,123,0,0,64,0,64,0,36,151,0,187,30,0,30,217
12/06/2008,PWK,IL,AGL,CE,Towers with Radar,0,15,16,0,31,0,0,4,0,4,0,15,20,0,35,2,0,2,37
12/07/2008,PWK,IL,AGL,CE,Towers with Radar,0,26,42,0,68,0,0,119,0,119,0,26,161,0,187,42,0,42,229
12/08/2008,PWK,IL,AGL,CE,Towers with Radar,0,29,55,0,84,0,0,25,0,25,0,29,80,0,109,20,0,20,129
12/09/2008,PWK,IL,AGL,CE,Towers with Radar,0,17,27,0,44,0,0,0,0,0,0,17,27,0,44,0,0,0,44
12/10/2008,PWK,IL,AGL,CE,Towers with Radar,0,32,75,0,107,0,0,56,0,56,0,32,131,0,163,89,0,89,252
12/11/2008,PWK,IL,AGL,CE,Towers with Radar,0,30,69,0,99,0,0,102,0,102,0,30,171,0,201,60,0,60,261
12/12/2008,PWK,IL,AGL,CE,Towers with Radar,0,20,81,0,101,0,0,96,0,96,0,20,177,0,197,93,0,93,290
12/13/2008,PWK,IL,AGL,CE,Towers with Radar,0,11,17,0,28,0,0,23,0,23,0,11,40,0,51,29,0,29,80
12/14/2008,PWK,IL,AGL,CE,Towers with Radar,0,20,48,0,68,0,0,9,0,9,0,20,57,0,77,10,0,10,87
12/15/2008,PWK,IL,AGL,CE,Towers with Radar,0,22,41,0,63,0,1,9,0,10,0,23,50,0,73,0,0,0,73
12/16/2008,PWK,IL,AGL,CE,Towers with Radar,0,17,59,0,76,0,0,37,0,37,0,17,96,0,113,2,0,2,115
12/17/2008,PWK,IL,AGL,CE,Towers with Radar,0,31,63,0,94,0,0,65,0,65,0,31,128,0,159,24,0,24,183
12/18/2008,PWK,IL,AGL,CE,Towers with Radar,0,42,64,0,106,0,0,57,0,57,0,42,121,0,163,37,0,37,200
12/19/2008,PWK,IL,AGL,CE,Towers with Radar,0,15,20,0,35,0,0,5,0,5,0,15,25,0,40,0,0,0,40
12/20/2008,PWK,IL,AGL,CE,Towers with Radar,0,17,33,0,50,0,0,31,0,31,0,17,64,0,81,114,0,114,195
12/21/2008,PWK,IL,AGL,CE,Towers with Radar,0,8,17,0,25,0,0,2,0,2,0,8,19,0,27,0,0,0,27
12/22/2008,PWK,IL,AGL,CE,Towers with Radar,0,31,55,0,86,0,1,48,0,49,0,32,103,0,135,8,0,8,143
12/23/2008,PWK,IL,AGL,CE,Towers with Radar,0,17,28,0,45,0,0,0,0,0,0,17,28,0,45,0,0,0,45
12/24/2008,PWK,IL,AGL,CE,Towers with Radar,0,14,4,0,18,0,0,0,0,0,0,14,4,0,18,0,0,0,18
12/25/2008,PWK,IL,AGL,CE,Towers with Radar,0,10,5,0,15,0,0,22,0,22,0,10,27,0,37,0,0,0,37
12/26/2008,PWK,IL,AGL,CE,Towers with Radar,0,27,57,0,84,0,0,2,0,2,0,27,59,0,86,1,0,1,87
12/27/2008,PWK,IL,AGL,CE,Towers with Radar,0,38,24,0,62,0,0,0,0,0,0,38,24,0,62,0,0,0,62
12/28/2008,PWK,IL,AGL,CE,Towers with Radar,0,31,45,0,76,0,0,62,0,62,0,31,107,0,138,40,0,40,178
12/29/2008,PWK,IL,AGL,CE,Towers with Radar,0,13,23,0,36,0,0,76,0,76,0,13,99,0,112,52,0,52,164
12/30/2008,PWK,IL,AGL,CE,Towers with Radar,0,18,40,0,58,0,1,108,0,109,0,19,148,0,167,60,0,60,227
12/31/2008,PWK,IL,AGL,CE,Towers with Radar,0,15,23,0,38,0,0,81,0,81,0,15,104,0,119,93,0,93,212
01/01/2009,PWK,IL,AGL,CE,Towers with Radar,0,13,20,0,33,0,0,24,0,24,0,13,44,0,57,0,0,0,57
01/02/2009,PWK,IL,AGL,CE,Towers with Radar,0,30,35,0,65,0,1,95,0,96,0,31,130,0,161,71,0,71,232
01/03/2009,PWK,IL,AGL,CE,Towers with Radar,0,38,44,0,82,0,0,110,0,110,0,38,154,0,192,119,0,119,311
01/04/2009,PWK,IL,AGL,CE,Towers with Radar,0,31,61,0,92,0,0,16,0,16,0,31,77,0,108,56,0,56,164
01/05/2009,PWK,IL,AGL,CE,Towers with Radar,0,22,34,0,56,0,1,88,0,89,0,23,122,0,145,53,0,53,198
01/06/2009,PWK,IL,AGL,CE,Towers with Radar,0,26,47,0,73,0,0,5,0,5,0,26,52,0,78,0,0,0,78
01/07/2009,PWK,IL,AGL,CE,Towers with Radar,0,14,46,0,60,0,0,0,0,0,0,14,46,0,60,0,0,0,60
01/08/2009,PWK,IL,AGL,CE,Towers with Radar,0,16,46,0,62,0,2,107,0,109,0,18,153,0,171,54,0,54,225
01/09/2009,PWK,IL,AGL,CE,Towers with Radar,0,13,19,0,32,0,0,1,0,1,0,13,20,0,33,2,0,2,35
01/10/2009,PWK,IL,AGL,CE,Towers with Radar,0,4,19,0,23,0,0,3,0,3,0,4,22,0,26,0,0,0,26
01/11/2009,PWK,IL,AGL,CE,Towers with Radar,0,27,33,0,60,0,0,48,0,48,0,27,81,0,108,106,0,106,214
01/12/2009,PWK,IL,AGL,CE,Towers with Radar,0,17,52,0,69,0,0,0,0,0,0,17,52,0,69,8,0,8,77
01/13/2009,PWK,IL,AGL,CE,Towers with Radar,0,20,42,0,62,0,0,47,0,47,0,20,89,0,109,4,0,4,113
01/14/2009,PWK,IL,AGL,CE,Towers with Radar,0,29,39,0,68,0,0,2,0,2,0,29,41,0,70,0,0,0,70
01/15/2009,PWK,IL,AGL,CE,Towers with Radar,0,30,45,0,75,0,0,17,0,17,0,30,62,0,92,0,0,0,92
01/16/2009,PWK,IL,AGL,CE,Towers with Radar,0,32,62,0,94,0,0,40,0,40,0,32,102,0,134,2,0,2,136
01/17/2009,PWK,IL,AGL,CE,Towers with Radar,0,22,23,0,45,0,0,8,0,8,0,22,31,0,53,18,0,18,71
01/18/2009,PWK,IL,AGL,CE,Towers with Radar,0,15,30,0,45,0,0,82,0,82,0,15,112,0,127,80,0,80,207
01/19/2009,PWK,IL,AGL,CE,Towers with Radar,0,23,47,0,70,0,0,84,0,84,0,23,131,0,154,53,0,53,207
01/20/2009,PWK,IL,AGL,CE,Towers with Radar,0,26,60,0,86,0,0,76,0,76,0,26,136,0,162,76,0,76,238
01/21/2009,PWK,IL,AGL,CE,Towers with Radar,0,25,77,0,102,0,1,76,0,77,0,26,153,0,179,48,0,48,227
01/22/2009,PWK,IL,AGL,CE,Towers with Radar,0,28,69,0,97,0,0,78,0,78,0,28,147,0,175,86,0,86,261
01/23/2009,PWK,IL,AGL,CE,Towers with Radar,0,30,55,0,85,0,0,45,0,45,0,30,100,0,130,44,5,49,179
01/24/2009,PWK,IL,AGL,CE,Towers with Radar,0,23,19,0,42,0,0,77,0,77,0,23,96,0,119,29,0,29,148
01/25/2009,PWK,IL,AGL,CE,Towers with Radar,0,23,35,0,58,0,0,72,0,72,0,23,107,0,130,38,0,38,168
01/26/2009,PWK,IL,AGL,CE,Towers with Radar,0,23,37,0,60,0,1,56,0,57,0,24,93,0,117,10,0,10,127
01/27/2009,PWK,IL,AGL,CE,Towers with Radar,0,32,56,0,88,0,0,18,0,18,0,32,74,0,106,0,0,0,106
01/28/2009,PWK,IL,AGL,CE,Towers with Radar,0,28,47,0,75,0,0,38,0,38,0,28,85,0,113,40,0,40,153
01/29/2009,PWK,IL,AGL,CE,Towers with Radar,0,21,35,0,56,0,0,7,0,7,0,21,42,0,63,6,0,6,69
01/30/2009,PWK,IL,AGL,CE,Towers with Radar,0,30,51,0,81,0,0,75,0,75,0,30,126,0,156,58,0,58,214
01/31/2009,PWK,IL,AGL,CE,Towers with Radar,0,14,21,0,35,0,1,83,7,91,0,15,104,7,126,82,0,82,208
02/01/2009,PWK,IL,AGL,CE,Towers with Radar,0,20,40,0,60,0,2,128,0,130,0,22,168,0,190,84,0,84,274
02/02/2009,PWK,IL,AGL,CE,Towers with Radar,0,21,45,0,66,0,0,70,0,70,0,21,115,0,136,22,0,22,158
02/03/2009,PWK,IL,AGL,CE,Towers with Radar,0,31,34,0,65,0,0,21,0,21,0,31,55,0,86,0,0,0,86
02/04/2009,PWK,IL,AGL,CE,Towers with Radar,0,32,53,0,85,0,0,58,0,58,0,32,111,0,143,18,0,18,161
02/05/2009,PWK,IL,AGL,CE,Towers with Radar,0,26,58,0,84,0,0,45,0,45,0,26,103,0,129,62,0,62,191
02/06/2009,PWK,IL,AGL,CE,Towers with Radar,0,23,59,0,82,0,0,125,0,125,0,23,184,0,207,100,0,100,307
02/07/2009,PWK,IL,AGL,CE,Towers with Radar,0,12,21,0,33,0,0,54,0,54,0,12,75,0,87,14,0,14,101
02/08/2009,PWK,IL,AGL,CE,Towers with Radar,0,18,56,0,74,0,0,152,0,152,0,18,208,0,226,108,0,108,334
02/09/2009,PWK,IL,AGL,CE,Towers with Radar,0,27,63,0,90,0,0,13,0,13,0,27,76,0,103,4,0,4,107
02/10/2009,PWK,IL,AGL,CE,Towers with Radar,0,30,57,0,87,0,0,32,0,32,0,30,89,0,119,19,0,19,138
02/11/2009,PWK,IL,AGL,CE,Towers with Radar,0,28,55,0,83,0,0,0,0,0,0,28,55,0,83,0,0,0,83
02/12/2009,PWK,IL,AGL,CE,Towers with Radar,0,32,53,0,85,0,0,83,0,83,0,32,136,0,168,67,0,67,235
02/13/2009,PWK,IL,AGL,CE,Towers with Radar,0,47,68,0,115,0,1,118,0,119,0,48,186,0,234,92,0,92,326
02/14/2009,PWK,IL,AGL,CE,Towers with Radar,0,22,35,0,57,0,0,3,0,3,0,22,38,0,60,0,0,0,60
02/15/2009,PWK,IL,AGL,CE,Towers with Radar,0,30,60,0,90,0,0,39,0,39,0,30,99,0,129,0,0,0,129
02/16/2009,PWK,IL,AGL,CE,Towers with Radar,0,44,92,0,136,0,0,115,0,115,0,44,207,0,251,62,0,62,313
02/17/2009,PWK,IL,AGL,CE,Towers with Radar,0,42,70,0,112,0,1,43,0,44,0,43,113,0,156,34,0,34,190
02/18/2009,PWK,IL,AGL,CE,Towers with Radar,0,28,39,0,67,0,0,1,0,1,0,28,40,0,68,18,0,18,86
02/19/2009,PWK,IL,AGL,CE,Towers with Radar,0,28,56,0,84,0,0,64,0,64,0,28,120,0,148,12,0,12,160
02/20/2009,PWK,IL,AGL,CE,Towers with Radar,0,30,60,0,90,0,1,79,0,80,0,31,139,0,170,66,0,66,236
02/21/2009,PWK,IL,AGL,CE,Towers with Radar,0,6,15,0,21,0,0,0,0,0,0,6,15,0,21,0,0,0,21
02/22/2009,PWK,IL,AGL,CE,Towers with Radar,0,19,58,0,77,0,0,88,0,88,0,19,146,0,165,106,0,106,271
02/23/2009,PWK,IL,AGL,CE,Towers with Radar,0,21,42,0,63,0,0,49,0,49,0,21,91,0,112,80,0,80,192
02/24/2009,PWK,IL,AGL,CE,Towers with Radar,0,34,51,0,85,0,1,57,0,58,0,35,108,0,143,102,0,102,245
02/25/2009,PWK,IL,AGL,CE,Towers with Radar,0,32,66,0,98,0,0,57,0,57,0,32,123,0,155,38,0,38,193
02/26/2009,PWK,IL,AGL,CE,Towers with Radar,0,36,64,0,100,0,0,1,0,1,0,36,65,0,101,0,0,0,101
02/27/2009,PWK,IL,AGL,CE,Towers with Radar,0,44,55,0,99,0,0,34,0,34,0,44,89,0,133,121,0,121,254
02/28/2009,PWK,IL,AGL,CE,Towers with Radar,0,25,32,0,57,0,0,79,0,79,0,25,111,0,136,174,0,174,310
03/01/2009,PWK,IL,AGL,CE,Towers with Radar,0,29,43,0,72,0,0,65,0,65,0,29,108,0,137,90,0,90,227
03/02/2009,PWK,IL,AGL,CE,Towers with Radar,0,22,63,0,85,0,0,27,0,27,0,22,90,0,112,26,0,26,138
03/03/2009,PWK,IL,AGL,CE,Towers with Radar,0,44,50,0,94,0,0,64,0,64,0,44,114,0,158,110,0,110,268
03/04/2009,PWK,IL,AGL,CE,Towers with Radar,0,25,70,0,95,0,1,79,0,80,0,26,149,0,175,44,0,44,219
03/05/2009,PWK,IL,AGL,CE,Towers with Radar,0,35,56,0,91,0,1,32,0,33,0,36,88,0,124,8,0,8,132
03/06/2009,PWK,IL,AGL,CE,Towers with Radar,0,38,84,0,122,0,0,105,0,105,0,38,189,0,227,76,0,76,303
03/07/2009,PWK,IL,AGL,CE,Towers with Radar,0,16,25,0,41,0,0,0,0,0,0,16,25,0,41,6,0,6,47
03/08/2009,PWK,IL,AGL,CE,Towers with Radar,0,13,34,0,47,0,0,0,0,0,0,13,34,0,47,0,0,0,47
03/09/2009,PWK,IL,AGL,CE,Towers with Radar,0,24,54,0,78,0,0,126,0,126,0,24,180,0,204,141,0,141,345
03/10/2009,PWK,IL,AGL,CE,Towers with Radar,0,32,57,0,89,0,0,0,0,0,0,32,57,0,89,0,0,0,89
03/11/2009,PWK,IL,AGL,CE,Towers with Radar,0,28,53,0,81,0,0,23,0,23,0,28,76,0,104,16,0,16,120
03/12/2009,PWK,IL,AGL,CE,Towers with Radar,0,37,64,0,101,0,0,71,0,71,0,37,135,0,172,2,0,2,174
03/13/2009,PWK,IL,AGL,CE,Towers with Radar,0,30,64,0,94,0,2,88,0,90,0,32,152,0,184,60,0,60,244
03/14/2009,PWK,IL,AGL,CE,Towers with Radar,0,16,25,0,41,0,1,195,0,196,0,17,220,0,237,112,0,112,349
03/15/2009,PWK,IL,AGL,CE,Towers with Radar,0,29,48,0,77,0,0,127,0,127,0,29,175,0,204,100,0,100,304
03/16/2009,PWK,IL,AGL,CE,Towers with Radar,0,19,27,0,46,0,0,95,0,95,0,19,122,0,141,74,0,74,215
03/17/2009,PWK,IL,AGL,CE,Towers with Radar,0,28,47,0,75,0,7,92,0,99,0,35,139,0,174,4,0,4,178
03/18/2009,PWK,IL,AGL,CE,Towers with Radar,0,24,78,0,102,0,0,69,0,69,0,24,147,0,171,38,0,38,209
03/19/2009,PWK,IL,AGL,CE,Towers with Radar,0,37,60,0,97,0,0,98,0,98,0,37,158,0,195,38,0,38,233
03/20/2009,PWK,IL,AGL,CE,Towers with Radar,0,30,70,0,100,0,0,110,0,110,0,30,180,0,210,42,0,42,252
03/21/2009,PWK,IL,AGL,CE,Towers with Radar,0,42,48,0,90,0,0,159,0,159,0,42,207,0,249,132,0,132,381
03/22/2009,PWK,IL,AGL,CE,Towers with Radar,0,20,61,0,81,0,0,133,0,133,0,20,194,0,214,77,0,77,291
03/23/2009,PWK,IL,AGL,CE,Towers with Radar,0,18,48,0,66,0,0,24,0,24,0,18,72,0,90,24,0,24,114
03/24/2009,PWK,IL,AGL,CE,Towers with Radar,0,34,57,0,91,0,0,12,0,12,0,34,69,0,103,10,0,10,113
03/25/2009,PWK,IL,AGL,CE,Towers with Radar,0,24,49,0,73,0,0,40,0,40,0,24,89,0,113,32,0,32,145
03/26/2009,PWK,IL,AGL,CE,Towers with Radar,0,37,53,0,90,0,0,106,0,106,0,37,159,0,196,66,0,66,262
03/27/2009,PWK,IL,AGL,CE,Towers with Radar,0,31,51,0,82,0,0,78,0,78,0,31,129,0,160,75,0,75,235
03/28/2009,PWK,IL,AGL,CE,Towers with Radar,0,24,33,0,57,0,0,23,0,23,0,24,56,0,80,74,0,74,154
03/29/2009,PWK,IL,AGL,CE,Towers with Radar,0,35,44,0,79,0,0,13,0,13,0,35,57,0,92,12,0,12,104
03/30/2009,PWK,IL,AGL,CE,Towers with Radar,0,24,47,0,71,0,0,85,0,85,0,24,132,0,156,28,0,28,184
03/31/2009,PWK,IL,AGL,CE,Towers with Radar,0,20,47,0,67,0,0,6,0,6,0,20,53,0,73,10,0,10,83
04/01/2009,PWK,IL,AGL,CE,Towers with Radar,0,26,43,0,69,0,0,44,0,44,0,26,87,0,113,4,0,4,117
04/02/2009,PWK,IL,AGL,CE,Towers with Radar,0,32,54,0,86,0,3,69,0,72,0,35,123,0,158,30,0,30,188
04/03/2009,PWK,IL,AGL,CE,Towers with Radar,0,26,40,0,66,0,0,57,0,57,0,26,97,0,123,68,0,68,191
04/04/2009,PWK,IL,AGL,CE,Towers with Radar,0,23,58,0,81,0,0,209,0,209,0,23,267,0,290,152,0,152,442
04/05/2009,PWK,IL,AGL,CE,Towers with Radar,0,25,21,0,46,0,0,8,0,8,0,25,29,0,54,0,0,0,54
04/06/2009,PWK,IL,AGL,CE,Towers with Radar,0,32,36,0,68,0,0,19,0,19,0,32,55,0,87,28,0,28,115
04/07/2009,PWK,IL,AGL,CE,Towers with Radar,0,34,64,0,98,0,1,56,0,57,0,35,120,0,155,17,0,17,172
04/08/2009,PWK,IL,AGL,CE,Towers with Radar,0,38,73,0,111,0,0,138,0,138,0,38,211,0,249,82,0,82,331
04/09/2009,PWK,IL,AGL,CE,Towers with Radar,0,32,77,0,109,0,0,132,0,132,0,32,209,0,241,164,0,164,405
04/10/2009,PWK,IL,AGL,CE,Towers with Radar,0,25,41,0,66,0,0,57,0,57,0,25,98,0,123,16,0,16,139
04/11/2009,PWK,IL,AGL,CE,Towers with Radar,0,17,37,0,54,0,0,164,0,164,0,17,201,0,218,66,8,74,292
04/12/2009,PWK,IL,AGL,CE,Towers with Radar,0,36,46,0,82,0,0,80,0,80,0,36,126,0,162,70,0,70,232
04/13/2009,PWK,IL,AGL,CE,Towers with Radar,0,20,53,0,73,0,0,4,0,4,0,20,57,0,77,0,0,0,77
04/14/2009,PWK,IL,AGL,CE,Towers with Radar,0,35,63,0,98,0,0,14,0,14,0,35,77,0,112,26,0,26,138
04/15/2009,PWK,IL,AGL,CE,Towers with Radar,0,35,66,0,101,0,1,114,0,115,0,36,180,0,216,128,0,128,344
04/16/2009,PWK,IL,AGL,CE,Towers with Radar,0,22,77,0,99,0,0,142,0,142,0,22,219,0,241,131,0,131,372
04/17/2009,PWK,IL,AGL,CE,Towers with Radar,0,19,56,0,75,0,1,153,0,154,0,20,209,0,229,180,0,180,409
04/18/2009,PWK,IL,AGL,CE,Towers with Radar,0,22,41,0,63,0,0,177,0,177,0,22,218,0,240,206,0,206,446
04/19/2009,PWK,IL,AGL,CE,Towers with Radar,0,31,45,0,76,0,0,0,0,0,0,31,45,0,76,0,0,0,76
04/20/2009,PWK,IL,AGL,CE,Towers with Radar,0,30,41,0,71,0,0,16,0,16,0,30,57,0,87,18,0,18,105
04/21/2009,PWK,IL,AGL,CE,Towers with Radar,0,45,62,0,107,0,0,11,0,11,0,45,73,0,118,12,0,12,130
04/22/2009,PWK,IL,AGL,CE,Towers with Radar,0,28,67,0,95,0,0,114,0,114,0,28,181,0,209,42,0,42,251
04/23/2009,PWK,IL,AGL,CE,Towers with Radar,0,43,76,0,119,0,0,123,0,123,0,43,199,0,242,70,0,70,312
04/24/2009,PWK,IL,AGL,CE,Towers with Radar,0,21,68,0,89,0,0,96,0,96,0,21,164,0,185,34,0,34,219
04/25/2009,PWK,IL,AGL,CE,Towers with Radar,0,14,22,0,36,0,0,22,0,22,0,14,44,0,58,14,0,14,72
04/26/2009,PWK,IL,AGL,CE,Towers with Radar,0,25,45,0,70,0,0,9,0,9,0,25,54,0,79,14,0,14,93
04/27/2009,PWK,IL,AGL,CE,Towers with Radar,0,19,61,0,80,0,0,15,0,15,0,19,76,0,95,16,0,16,111
04/28/2009,PWK,IL,AGL,CE,Towers with Radar,0,27,55,0,82,0,1,56,0,57,0,28,111,0,139,38,0,38,177
04/29/2009,PWK,IL,AGL,CE,Towers with Radar,0,23,109,0,132,0,0,13,0,13,0,23,122,0,145,42,0,42,187
04/30/2009,PWK,IL,AGL,CE,Towers with Radar,0,29,70,0,99,0,0,8,0,8,0,29,78,0,107,6,0,6,113
05/01/2009,PWK,IL,AGL,CE,Towers with Radar,0,37,93,0,130,0,0,97,0,97,0,37,190,0,227,4,0,4,231
05/02/2009,PWK,IL,AGL,CE,Towers with Radar,0,29,48,0,77,0,0,138,0,138,0,29,186,0,215,94,0,94,309
05/03/2009,PWK,IL,AGL,CE,Towers with Radar,0,34,68,0,102,0,0,159,0,159,0,34,227,0,261,108,0,108,369
05/04/2009,PWK,IL,AGL,CE,Towers with Radar,0,19,73,0,92,0,0,98,0,98,0,19,171,0,190,74,0,74,264
05/05/2009,PWK,IL,AGL,CE,Towers with Radar,0,32,77,0,109,0,2,125,0,127,0,34,202,0,236,168,0,168,404
05/06/2009,PWK,IL,AGL,CE,Towers with Radar,0,30,89,0,119,0,1,60,0,61,0,31,149,0,180,14,0,14,194
05/07/2009,PWK,IL,AGL,CE,Towers with Radar,0,39,95,0,134,0,0,75,0,75,0,39,170,0,209,24,0,24,233
05/08/2009,PWK,IL,AGL,CE,Towers with Radar,0,30,79,0,109,0,0,145,0,145,0,30,224,0,254,128,0,128,382
05/09/2009,PWK,IL,AGL,CE,Towers with Radar,0,19,31,1,51,0,0,35,0,35,0,19,66,1,86,78,0,78,164
05/10/2009,PWK,IL,AGL,CE,Towers with Radar,0,28,52,0,80,0,0,117,4,121,0,28,169,4,201,48,0,48,249
05/11/2009,PWK,IL,AGL,CE,Towers with Radar,0,23,64,0,87,0,0,112,0,112,0,23,176,0,199,90,0,90,289
05/12/2009,PWK,IL,AGL,CE,Towers with Radar,0,39,85,0,124,0,1,112,0,113,0,40,197,0,237,104,0,104,341
05/13/2009,PWK,IL,AGL,CE,Towers with Radar,0,19,81,0,100,0,1,0,0,1,0,20,81,0,101,0,0,0,101
05/14/2009,PWK,IL,AGL,CE,Towers with Radar,0,32,91,0,123,0,3,160,0,163,0,35,251,0,286,50,0,50,336
05/15/2009,PWK,IL,AGL,CE,Towers with Radar,0,34,65,0,99,0,0,24,0,24,0,34,89,0,123,58,0,58,181
05/16/2009,PWK,IL,AGL,CE,Towers with Radar,0,24,31,0,55,0,0,111,0,111,0,24,142,0,166,30,0,30,196
05/17/2009,PWK,IL,AGL,CE,Towers with Radar,0,37,76,0,113,0,1,187,0,188,0,38,263,0,301,102,0,102,403
05/18/2009,PWK,IL,AGL,CE,Towers with Radar,0,29,66,1,96,0,0,83,0,83,0,29,149,1,179,67,0,67,246
05/19/2009,PWK,IL,AGL,CE,Towers with Radar,0,42,87,0,129,0,0,117,0,117,0,42,204,0,246,60,0,60,306
05/20/2009,PWK,IL,AGL,CE,Towers with Radar,0,44,101,0,145,0,1,100,0,101,0,45,201,0,246,34,0,34,280
05/21/2009,PWK,IL,AGL,CE,Towers with Radar,0,58,72,0,130,0,0,122,0,122,0,58,194,0,252,44,0,44,296
05/22/2009,PWK,IL,AGL,CE,Towers with Radar,0,45,82,0,127,0,0,115,0,115,0,45,197,0,242,24,0,24,266
05/23/2009,PWK,IL,AGL,CE,Towers with Radar,0,24,41,0,65,0,1,152,0,153,0,25,193,0,218,194,0,194,412
05/24/2009,PWK,IL,AGL,CE,Towers with Radar,0,16,48,0,64,0,0,101,1,102,0,16,149,1,166,34,0,34,200
05/25/2009,PWK,IL,AGL,CE,Towers with Radar,0,30,43,0,73,0,1,74,0,75,0,31,117,0,148,10,0,10,158
05/26/2009,PWK,IL,AGL,CE,Towers with Radar,0,35,63,0,98,0,2,31,0,33,0,37,94,0,131,54,0,54,185
05/27/2009,PWK,IL,AGL,CE,Towers with Radar,0,24,55,0,79,0,1,2,0,3,0,25,57,0,82,20,0,20,102
05/28/2009,PWK,IL,AGL,CE,Towers with Radar,0,36,89,0,125,0,0,52,0,52,0,36,141,0,177,129,0,129,306
05/29/2009,PWK,IL,AGL,CE,Towers with Radar,0,38,59,0,97,0,1,119,0,120,0,39,178,0,217,89,1,90,307
05/30/2009,PWK,IL,AGL,CE,Towers with Radar,0,13,29,0,42,0,0,114,13,127,0,13,143,13,169,164,0,164,333
05/31/2009,PWK,IL,AGL,CE,Towers with Radar,0,30,36,0,66,0,0,201,0,201,0,30,237,0,267,58,0,58,325
06/01/2009,PWK,IL,AGL,CE,Towers with Radar,0,11,55,0,66,0,0,28,0,28,0,11,83,0,94,84,0,84,178
06/02/2009,PWK,IL,AGL,CE,Towers with Radar,0,19,58,0,77,0,0,58,0,58,0,19,116,0,135,14,0,14,149
06/03/2009,PWK,IL,AGL,CE,Towers with Radar,0,42,76,3,121,0,0,102,0,102,0,42,178,3,223,30,2,32,255
06/04/2009,PWK,IL,AGL,CE,Towers with Radar,0,36,71,0,107,0,1,148,0,149,0,37,219,0,256,88,0,88,344
06/05/2009,PWK,IL,AGL,CE,Towers with Radar,0,32,79,0,111,0,0,163,0,163,0,32,242,0,274,44,0,44,318
06/06/2009,PWK,IL,AGL,CE,Towers with Radar,0,11,34,0,45,0,0,80,0,80,0,11,114,0,125,137,0,137,262
06/07/2009,PWK,IL,AGL,CE,Towers with Radar,0,29,54,0,83,0,0,52,0,52,0,29,106,0,135,30,0,30,165
06/08/2009,PWK,IL,AGL,CE,Towers with Radar,0,21,60,0,81,0,0,19,0,19,0,21,79,0,100,34,0,34,134
06/09/2009,PWK,IL,AGL,CE,Towers with Radar,0,35,84,0,119,0,0,55,0,55,0,35,139,0,174,83,0,83,257
06/10/2009,PWK,IL,AGL,CE,Towers with Radar,0,29,84,0,113,0,4,110,0,114,0,33,194,0,227,46,0,46,273
06/11/2009,PWK,IL,AGL,CE,Towers with Radar,0,37,82,0,119,0,0,40,0,40,0,37,122,0,159,79,0,79,238
06/12/2009,PWK,IL,AGL,CE,Towers with Radar,0,33,82,0,115,0,1,137,0,138,0,34,219,0,253,65,0,65,318
06/13/2009,PWK,IL,AGL,CE,Towers with Radar,0,27,43,0,70,0,0,87,0,87,0,27,130,0,157,138,0,138,295
06/14/2009,PWK,IL,AGL,CE,Towers with Radar,0,41,75,0,116,0,0,183,0,183,0,41,258,0,299,74,0,74,373
06/15/2009,PWK,IL,AGL,CE,Towers with Radar,0,24,65,0,89,0,0,70,0,70,0,24,135,0,159,60,0,60,219
06/16/2009,PWK,IL,AGL,CE,Towers with Radar,0,32,84,0,116,0,2,95,0,97,0,34,179,0,213,82,0,82,295
06/17/2009,PWK,IL,AGL,CE,Towers with Radar,0,27,88,0,115,0,0,29,0,29,0,27,117,0,144,36,0,36,180
06/18/2009,PWK,IL,AGL,CE,Towers with Radar,0,48,73,0,121,0,0,67,0,67,0,48,140,0,188,78,0,78,266
06/19/2009,PWK,IL,AGL,CE,Towers with Radar,0,28,51,0,79,0,0,4,0,4,0,28,55,0,83,32,0,32,115
06/20/2009,PWK,IL,AGL,CE,Towers with Radar,0,27,56,0,83,0,1,135,0,136,0,28,191,0,219,57,0,57,276
06/21/2009,PWK,IL,AGL,CE,Towers with Radar,0,35,53,0,88,0,0,133,0,133,0,35,186,0,221,120,0,120,341
06/22/2009,PWK,IL,AGL,CE,Towers with Radar,0,37,72,0,109,0,5,123,1,129,0,42,195,1,238,66,0,66,304
06/23/2009,PWK,IL,AGL,CE,Towers with Radar,0,36,90,0,126,0,0,129,0,129,0,36,219,0,255,94,0,94,349
06/24/2009,PWK,IL,AGL,CE,Towers with Radar,0,31,90,0,121,0,1,122,0,123,0,32,212,0,244,64,0,64,308
06/25/2009,PWK,IL,AGL,CE,Towers with Radar,0,52,87,0,139,0,5,95,0,100,0,57,182,0,239,58,0,58,297
06/26/2009,PWK,IL,AGL,CE,Towers with Radar,0,35,80,0,115,0,0,174,0,174,0,35,254,0,289,40,0,40,329
06/27/2009,PWK,IL,AGL,CE,Towers with Radar,0,23,35,0,58,0,0,129,0,129,0,23,164,0,187,118,0,118,305
06/28/2009,PWK,IL,AGL,CE,Towers with Radar,0,40,49,0,89,0,1,100,0,101,0,41,149,0,190,28,0,28,218
06/29/2009,PWK,IL,AGL,CE,Towers with Radar,0,24,69,0,93,0,0,67,0,67,0,24,136,0,160,66,0,66,226
06/30/2009,PWK,IL,AGL,CE,Towers with Radar,0,37,69,0,106,0,0,88,0,88,0,37,157,0,194,98,0,98,292
07/01/2009,PWK,IL,AGL,CE,Towers with Radar,0,29,97,0,126,0,1,42,0,43,0,30,139,0,169,98,0,98,267
07/02/2009,PWK,IL,AGL,CE,Towers with Radar,0,32,83,0,115,0,1,107,0,108,0,33,190,0,223,60,0,60,283
07/03/2009,PWK,IL,AGL,CE,Towers with Radar,0,20,45,0,65,0,0,152,0,152,0,20,197,0,217,90,0,90,307
07/04/2009,PWK,IL,AGL,CE,Towers with Radar,0,5,17,0,22,0,0,45,0,45,0,5,62,0,67,18,0,18,85
07/05/2009,PWK,IL,AGL,CE,Towers with Radar,0,27,50,0,77,0,0,125,0,125,0,27,175,0,202,82,0,82,284
07/06/2009,PWK,IL,AGL,CE,Towers with Radar,0,28,63,0,91,0,0,136,0,136,0,28,199,0,227,59,0,59,286
07/07/2009,PWK,IL,AGL,CE,Towers with Radar,0,26,69,0,95,0,0,122,0,122,0,26,191,0,217,109,0,109,326
07/08/2009,PWK,IL,AGL,CE,Towers with Radar,0,26,61,0,87,0,0,75,0,75,0,26,136,0,162,104,0,104,266
07/09/2009,PWK,IL,AGL,CE,Towers with Radar,0,30,100,0,130,0,1,156,0,157,0,31,256,0,287,106,0,106,393
07/10/2009,PWK,IL,AGL,CE,Towers with Radar,0,26,76,0,102,0,0,49,0,49,0,26,125,0,151,78,0,78,229
07/11/2009,PWK,IL,AGL,CE,Towers with Radar,0,27,40,0,67,0,0,150,0,150,0,27,190,0,217,94,0,94,311
07/12/2009,PWK,IL,AGL,CE,Towers with Radar,0,29,71,0,100,0,0,161,3,164,0,29,232,3,264,103,0,103,367
07/13/2009,PWK,IL,AGL,CE,Towers with Radar,0,31,75,0,106,0,1,113,0,114,0,32,188,0,220,124,0,124,344
07/14/2009,PWK,IL,AGL,CE,Towers with Radar,0,33,89,0,122,0,0,113,0,113,0,33,202,0,235,26,0,26,261
07/15/2009,PWK,IL,AGL,CE,Towers with Radar,0,30,78,0,108,0,1,75,0,76,0,31,153,0,184,28,0,28,212
07/16/2009,PWK,IL,AGL,CE,Towers with Radar,0,44,113,0,157,0,0,130,0,130,0,44,243,0,287,27,0,27,314
07/17/2009,PWK,IL,AGL,CE,Towers with Radar,0,55,107,0,162,0,0,143,0,143,0,55,250,0,305,64,0,64,369
07/18/2009,PWK,IL,AGL,CE,Towers with Radar,0,15,47,0,62,0,0,142,0,142,0,15,189,0,204,86,0,86,290
07/19/2009,PWK,IL,AGL,CE,Towers with Radar,0,49,78,0,127,0,0,161,0,161,0,49,239,0,288,152,0,152,440
07/20/2009,PWK,IL,AGL,CE,Towers with Radar,0,51,75,0,126,0,0,121,0,121,0,51,196,0,247,101,0,101,348
07/21/2009,PWK,IL,AGL,CE,Towers with Radar,0,32,76,0,108,0,0,140,0,140,0,32,216,0,248,132,0,132,380
07/22/2009,PWK,IL,AGL,CE,Towers with Radar,0,36,84,0,120,0,0,70,0,70,0,36,154,0,190,58,0,58,248
07/23/2009,PWK,IL,AGL,CE,Towers with Radar,0,40,89,0,129,0,0,54,0,54,0,40,143,0,183,62,0,62,245
07/24/2009,PWK,IL,AGL,CE,Towers with Radar,0,28,88,0,116,0,0,123,0,123,0,28,211,0,239,110,0,110,349
07/25/2009,PWK,IL,AGL,CE,Towers with Radar,0,17,51,0,68,0,0,159,0,159,0,17,210,0,227,172,0,172,399
07/26/2009,PWK,IL,AGL,CE,Towers with Radar,0,28,81,0,109,0,0,132,0,132,0,28,213,0,241,64,0,64,305
07/27/2009,PWK,IL,AGL,CE,Towers with Radar,0,37,61,0,98,0,3,81,0,84,0,40,142,0,182,88,0,88,270
07/28/2009,PWK,IL,AGL,CE,Towers with Radar,0,30,82,1,113,0,1,1,102,104,0,31,83,103,217,71,0,71,288
07/29/2009,PWK,IL,AGL,CE,Towers with Radar,0,38,65,0,103,0,0,161,0,161,0,38,226,0,264,125,0,125,389
07/30/2009,PWK,IL,AGL,CE,Towers with Radar,0,33,82,0,115,0,2,81,0,83,0,35,163,0,198,51,0,51,249
07/31/2009,PWK,IL,AGL,CE,Towers with Radar,0,36,77,0,113,0,1,159,1,161,0,37,236,1,274,91,0,91,365
08/01/2009,PWK,IL,AGL,CE,Towers with Radar,0,24,49,0,73,0,0,108,0,108,0,24,157,0,181,88,0,88,269
08/02/2009,PWK,IL,AGL,CE,Towers with Radar,0,32,77,0,109,0,0,200,0,200,0,32,277,0,309,82,0,82,391
08/03/2009,PWK,IL,AGL,CE,Towers with Radar,0,22,52,0,74,0,0,71,0,71,0,22,123,0,145,76,0,76,221
08/04/2009,PWK,IL,AGL,CE,Towers with Radar,0,39,75,0,114,0,1,91,0,92,0,40,166,0,206,80,0,80,286
08/05/2009,PWK,IL,AGL,CE,Towers with Radar,0,37,90,0,127,0,0,119,0,119,0,37,209,0,246,106,0,106,352
08/06/2009,PWK,IL,AGL,CE,Towers with Radar,0,47,95,0,142,0,0,139,0,139,0,47,234,0,281,120,0,120,401
08/07/2009,PWK,IL,AGL,CE,Towers with Radar,0,35,84,0,119,0,0,39,0,39,0,35,123,0,158,26,0,26,184
08/08/2009,PWK,IL,AGL,CE,Towers with Radar,0,26,46,0,72,0,0,65,0,65,0,26,111,0,137,98,6,104,241
08/09/2009,PWK,IL,AGL,CE,Towers with Radar,0,33,52,0,85,0,0,63,0,63,0,33,115,0,148,36,0,36,184
08/10/2009,PWK,IL,AGL,CE,Towers with Radar,0,28,82,0,110,0,0,96,0,96,0,28,178,0,206,124,0,124,330
08/11/2009,PWK,IL,AGL,CE,Towers with Radar,0,24,81,0,105,0,0,129,0,129,0,24,210,0,234,102,0,102,336
08/12/2009,PWK,IL,AGL,CE,Towers with Radar,0,32,84,0,116,0,0,157,0,157,0,32,241,0,273,70,0,70,343
08/13/2009,PWK,IL,AGL,CE,Towers with Radar,0,33,77,0,110,0,2,148,0,150,0,35,225,0,260,99,0,99,359
08/14/2009,PWK,IL,AGL,CE,Towers with Radar,0,37,85,0,122,0,0,118,0,118,0,37,203,0,240,100,0,100,340
08/15/2009,PWK,IL,AGL,CE,Towers with Radar,0,29,38,0,67,0,0,94,0,94,0,29,132,0,161,50,0,50,211
08/16/2009,PWK,IL,AGL,CE,Towers with Radar,0,33,56,0,89,0,0,52,0,52,0,33,108,0,141,38,0,38,179
08/17/2009,PWK,IL,AGL,CE,Towers with Radar,0,45,61,1,107,0,0,25,0,25,0,45,86,1,132,50,0,50,182
08/18/2009,PWK,IL,AGL,CE,Towers with Radar,0,38,69,0,107,0,0,135,0,135,0,38,204,0,242,50,0,50,292
08/19/2009,PWK,IL,AGL,CE,Towers with Radar,0,40,74,2,116,0,0,64,0,64,0,40,138,2,180,79,0,79,259
08/20/2009,PWK,IL,AGL,CE,Towers with Radar,0,39,55,0,94,0,0,30,0,30,0,39,85,0,124,37,0,37,161
08/21/2009,PWK,IL,AGL,CE,Towers with Radar,0,34,98,0,132,0,0,66,0,66,0,34,164,0,198,62,0,62,260
08/22/2009,PWK,IL,AGL,CE,Towers with Radar,0,15,42,0,57,0,0,137,0,137,0,15,179,0,194,141,0,141,335
08/23/2009,PWK,IL,AGL,CE,Towers with Radar,0,29,60,0,89,0,0,131,0,131,0,29,191,0,220,76,0,76,296
08/24/2009,PWK,IL,AGL,CE,Towers with Radar,0,22,51,1,74,0,0,156,0,156,0,22,207,1,230,74,0,74,304
08/25/2009,PWK,IL,AGL,CE,Towers with Radar,0,33,74,0,107,0,0,138,0,138,0,33,212,0,245,44,0,44,289
08/26/2009,PWK,IL,AGL,CE,Towers with Radar,0,39,67,0,106,0,0,20,0,20,0,39,87,0,126,16,0,16,142
08/27/2009,PWK,IL,AGL,CE,Towers with Radar,0,43,95,0,138,0,0,22,0,22,0,43,117,0,160,46,0,46,206
08/28/2009,PWK,IL,AGL,CE,Towers with Radar,0,32,80,0,112,0,0,4,0,4,0,32,84,0,116,28,0,28,144
08/29/2009,PWK,IL,AGL,CE,Towers with Radar,0,10,46,0,56,0,2,115,0,117,0,12,161,0,173,90,0,90,263
08/30/2009,PWK,IL,AGL,CE,Towers with Radar,0,22,45,0,67,0,0,138,0,138,0,22,183,0,205,64,0,64,269
08/31/2009,PWK,IL,AGL,CE,Towers with Radar,0,30,60,0,90,0,0,118,0,118,0,30,178,0,208,49,0,49,257
09/01/2009,PWK,IL,AGL,CE,Towers with Radar,0,26,75,0,101,0,0,141,0,141,0,26,216,0,242,66,0,66,308
09/02/2009,PWK,IL,AGL,CE,Towers with Radar,0,28,80,0,108,0,1,164,0,165,0,29,244,0,273,72,0,72,345
09/03/2009,PWK,IL,AGL,CE,Towers with Radar,0,38,80,0,118,0,0,126,0,126,0,38,206,0,244,113,0,113,357
09/04/2009,PWK,IL,AGL,CE,Towers with Radar,0,28,87,0,115,0,0,148,0,148,0,28,235,0,263,86,0,86,349
09/05/2009,PWK,IL,AGL,CE,Towers with Radar,0,23,34,0,57,0,1,106,0,107,0,24,140,0,164,70,0,70,234
09/06/2009,PWK,IL,AGL,CE,Towers with Radar,0,7,34,0,41,0,0,86,0,86,0,7,120,0,127,70,0,70,197
09/07/2009,PWK,IL,AGL,CE,Towers with Radar,0,37,90,0,127,0,0,129,0,129,0,37,219,0,256,58,0,58,314
09/08/2009,PWK,IL,AGL,CE,Towers with Radar,0,44,69,0,113,0,0,125,0,125,0,44,194,0,238,72,0,72,310
09/09/2009,PWK,IL,AGL,CE,Towers with Radar,0,29,76,0,105,0,0,42,0,42,0,29,118,0,147,172,0,172,319
09/10/2009,PWK,IL,AGL,CE,Towers with Radar,0,28,111,0,139,0,0,147,0,147,0,28,258,0,286,96,0,96,382
09/11/2009,PWK,IL,AGL,CE,Towers with Radar,0,38,94,0,132,0,0,135,0,135,0,38,229,0,267,80,0,80,347
09/12/2009,PWK,IL,AGL,CE,Towers with Radar,0,24,41,0,65,0,0,101,0,101,0,24,142,0,166,123,0,123,289
09/13/2009,PWK,IL,AGL,CE,Towers with Radar,0,32,80,0,112,0,0,132,0,132,0,32,212,0,244,52,0,52,296
09/14/2009,PWK,IL,AGL,CE,Towers with Radar,0,17,74,0,91,0,0,121,0,121,0,17,195,0,212,108,0,108,320
09/15/2009,PWK,IL,AGL,CE,Towers with Radar,0,18,90,0,108,0,0,117,0,117,0,18,207,0,225,64,0,64,289
09/16/2009,PWK,IL,AGL,CE,Towers with Radar,0,41,118,0,159,0,0,105,0,105,0,41,223,0,264,102,0,102,366
09/17/2009,PWK,IL,AGL,CE,Towers with Radar,0,41,81,0,122,0,0,137,0,137,0,41,218,0,259,110,0,110,369
09/18/2009,PWK,IL,AGL,CE,Towers with Radar,0,40,90,0,130,0,0,114,0,114,0,40,204,0,244,62,0,62,306
09/19/2009,PWK,IL,AGL,CE,Towers with Radar,0,27,45,0,72,0,0,133,0,133,0,27,178,0,205,102,0,102,307
09/20/2009,PWK,IL,AGL,CE,Towers with Radar,0,27,56,0,83,0,0,84,0,84,0,27,140,0,167,33,0,33,200
09/21/2009,PWK,IL,AGL,CE,Towers with Radar,0,38,77,0,115,0,0,18,2,20,0,38,95,2,135,104,0,104,239
09/22/2009,PWK,IL,AGL,CE,Towers with Radar,0,33,85,0,118,0,0,20,0,20,0,33,105,0,138,72,0,72,210
09/23/2009,PWK,IL,AGL,CE,Towers with Radar,0,40,113,0,153,0,0,40,0,40,0,40,153,0,193,68,0,68,261
09/24/2009,PWK,IL,AGL,CE,Towers with Radar,0,50,102,0,152,0,0,46,0,46,0,50,148,0,198,46,0,46,244
09/25/2009,PWK,IL,AGL,CE,Towers with Radar,0,45,92,0,137,0,0,76,0,76,0,45,168,0,213,62,0,62,275
09/26/2009,PWK,IL,AGL,CE,Towers with Radar,0,28,39,0,67,0,0,34,0,34,0,28,73,0,101,48,0,48,149
09/27/2009,PWK,IL,AGL,CE,Towers with Radar,0,36,56,0,92,0,0,79,0,79,0,36,135,0,171,80,0,80,251
09/28/2009,PWK,IL,AGL,CE,Towers with Radar,0,27,49,0,76,0,0,8,0,8,0,27,57,0,84,0,0,0,84
09/29/2009,PWK,IL,AGL,CE,Towers with Radar,0,35,91,0,126,0,0,100,0,100,0,35,191,0,226,170,0,170,396
09/30/2009,PWK,IL,AGL,CE,Towers with Radar,0,26,71,0,97,0,0,159,0,159,0,26,230,0,256,84,0,84,340
10/01/2009,PWK,IL,AGL,CE,Towers with Radar,0,48,80,0,128,0,0,75,0,75,0,48,155,0,203,106,0,106,309
10/02/2009,PWK,IL,AGL,CE,Towers with Radar,0,30,77,0,107,0,0,37,0,37,0,30,114,0,144,58,0,58,202
10/03/2009,PWK,IL,AGL,CE,Towers with Radar,0,23,49,0,72,0,0,60,0,60,0,23,109,0,132,90,0,90,222
10/04/2009,PWK,IL,AGL,CE,Towers with Radar,0,31,47,0,78,0,0,100,0,100,0,31,147,0,178,127,0,127,305
10/05/2009,PWK,IL,AGL,CE,Towers with Radar,0,29,54,0,83,0,0,134,0,134,0,29,188,0,217,80,0,80,297
10/06/2009,PWK,IL,AGL,CE,Towers with Radar,0,30,54,0,84,0,0,25,0,25,0,30,79,0,109,12,0,12,121
10/07/2009,PWK,IL,AGL,CE,Towers with Radar,0,49,73,0,122,0,1,147,0,148,0,50,220,0,270,70,0,70,340
10/08/2009,PWK,IL,AGL,CE,Towers with Radar,0,40,104,0,144,0,0,44,0,44,0,40,148,0,188,26,0,26,214
10/09/2009,PWK,IL,AGL,CE,Towers with Radar,0,41,77,0,118,0,0,9,0,9,0,41,86,0,127,14,0,14,141
10/10/2009,PWK,IL,AGL,CE,Towers with Radar,0,27,26,0,53,0,3,154,0,157,0,30,180,0,210,91,0,91,301
10/11/2009,PWK,IL,AGL,CE,Towers with Radar,0,35,59,0,94,0,0,158,1,159,0,35,217,1,253,112,0,112,365
10/12/2009,PWK,IL,AGL,CE,Towers with Radar,0,39,56,0,95,0,2,110,0,112,0,41,166,0,207,86,0,86,293
10/13/2009,PWK,IL,AGL,CE,Towers with Radar,0,35,62,0,97,0,0,135,0,135,0,35,197,0,232,68,0,68,300
10/14/2009,PWK,IL,AGL,CE,Towers with Radar,0,41,52,0,93,0,0,90,0,90,0,41,142,0,183,90,0,90,273
10/15/2009,PWK,IL,AGL,CE,Towers with Radar,0,35,75,0,110,0,0,2,0,2,0,35,77,0,112,62,0,62,174
10/16/2009,PWK,IL,AGL,CE,Towers with Radar,0,37,62,0,99,0,1,34,4,39,0,38,96,4,138,56,0,56,194
10/17/2009,PWK,IL,AGL,CE,Towers with Radar,0,27,49,0,76,0,0,139,0,139,0,27,188,0,215,88,0,88,303
10/18/2009,PWK,IL,AGL,CE,Towers with Radar,0,31,59,0,90,0,0,118,0,118,0,31,177,0,208,71,0,71,279
10/19/2009,PWK,IL,AGL,CE,Towers with Radar,0,34,73,0,107,0,0,69,0,69,0,34,142,0,176,42,0,42,218
10/20/2009,PWK,IL,AGL,CE,Towers with Radar,0,22,61,0,83,0,0,119,2,121,0,22,180,2,204,100,0,100,304
10/21/2009,PWK,IL,AGL,CE,Towers with Radar,0,27,85,0,112,0,0,91,0,91,0,27,176,0,203,60,0,60,263
10/22/2009,PWK,IL,AGL,CE,Towers with Radar,0,34,76,0,110,0,0,0,0,0,0,34,76,0,110,0,0,0,110
10/23/2009,PWK,IL,AGL,CE,Towers with Radar,0,34,56,0,90,0,0,0,0,0,0,34,56,0,90,0,0,0,90
10/24/2009,PWK,IL,AGL,CE,Towers with Radar,0,20,39,0,59,0,0,62,0,62,0,20,101,0,121,41,0,41,162
10/25/2009,PWK,IL,AGL,CE,Towers with Radar,0,37,43,0,80,0,0,115,0,115,0,37,158,0,195,81,0,81,276
10/26/2009,PWK,IL,AGL,CE,Towers with Radar,0,26,62,0,88,0,1,22,0,23,0,27,84,0,111,70,0,70,181
10/27/2009,PWK,IL,AGL,CE,Towers with Radar,0,43,69,0,112,0,0,106,0,106,0,43,175,0,218,170,0,170,388
10/28/2009,PWK,IL,AGL,CE,Towers with Radar,0,46,94,0,140,0,0,27,0,27,0,46,121,0,167,86,0,86,253
10/29/2009,PWK,IL,AGL,CE,Towers with Radar,0,41,75,0,116,0,0,66,0,66,0,41,141,0,182,78,0,78,260
10/30/2009,PWK,IL,AGL,CE,Towers with Radar,0,34,61,0,95,0,0,1,0,1,0,34,62,0,96,0,0,0,96
10/31/2009,PWK,IL,AGL,CE,Towers with Radar,0,18,31,0,49,0,0,41,0,41,0,18,72,0,90,10,0,10,100
11/01/2009,PWK,IL,AGL,CE,Towers with Radar,0,18,54,0,72,0,0,150,0,150,0,18,204,0,222,122,0,122,344
11/02/2009,PWK,IL,AGL,CE,Towers with Radar,0,35,58,0,93,0,0,77,0,77,0,35,135,0,170,65,0,65,235
11/03/2009,PWK,IL,AGL,CE,Towers with Radar,0,38,80,0,118,0,0,108,0,108,0,38,188,0,226,64,0,64,290
11/04/2009,PWK,IL,AGL,CE,Towers with Radar,0,40,77,0,117,0,0,0,0,0,0,40,77,0,117,92,0,92,209
11/05/2009,PWK,IL,AGL,CE,Towers with Radar,0,44,89,0,133,0,0,118,0,118,0,44,207,0,251,76,0,76,327
11/06/2009,PWK,IL,AGL,CE,Towers with Radar,0,43,39,0,82,0,1,75,0,76,0,44,114,0,158,67,0,67,225
11/07/2009,PWK,IL,AGL,CE,Towers with Radar,0,21,41,0,62,0,0,115,0,115,0,21,156,0,177,88,0,88,265
11/08/2009,PWK,IL,AGL,CE,Towers with Radar,0,36,51,0,87,0,1,137,0,138,0,37,188,0,225,192,0,192,417
11/09/2009,PWK,IL,AGL,CE,Towers with Radar,0,46,79,0,125,0,0,142,0,142,0,46,221,0,267,102,0,102,369
11/10/2009,PWK,IL,AGL,CE,Towers with Radar,0,35,70,0,105,0,0,112,0,112,0,35,182,0,217,110,0,110,327
11/11/2009,PWK,IL,AGL,CE,Towers with Radar,0,47,80,0,127,0,0,92,2,94,0,47,172,2,221,58,0,58,279
11/12/2009,PWK,IL,AGL,CE,Towers with Radar,0,47,82,0,129,0,0,117,0,117,0,47,199,0,246,126,0,126,372
11/13/2009,PWK,IL,AGL,CE,Towers with Radar,0,31,72,0,103,0,0,124,0,124,0,31,196,0,227,96,0,96,323
11/14/2009,PWK,IL,AGL,CE,Towers with Radar,0,21,40,0,61,0,0,120,0,120,0,21,160,0,181,74,0,74,255
11/15/2009,PWK,IL,AGL,CE,Towers with Radar,0,27,52,0,79,0,0,117,0,117,0,27,169,0,196,70,0,70,266
11/16/2009,PWK,IL,AGL,CE,Towers with Radar,0,31,73,0,104,0,0,54,0,54,0,31,127,0,158,52,0,52,210
11/17/2009,PWK,IL,AGL,CE,Towers with Radar,0,18,97,0,115,0,0,33,0,33,0,18,130,0,148,12,0,12,160
11/18/2009,PWK,IL,AGL,CE,Towers with Radar,0,32,66,0,98,0,0,3,0,3,0,32,69,0,101,10,0,10,111
11/19/2009,PWK,IL,AGL,CE,Towers with Radar,0,29,68,0,97,0,0,13,1,14,0,29,81,1,111,30,1,31,142
11/20/2009,PWK,IL,AGL,CE,Towers with Radar,0,26,102,0,128,0,0,123,0,123,0,26,225,0,251,93,0,93,344
11/21/2009,PWK,IL,AGL,CE,Towers with Radar,0,28,44,0,72,0,0,141,0,141,0,28,185,0,213,98,0,98,311
11/22/2009,PWK,IL,AGL,CE,Towers with Radar,0,28,60,0,88,0,0,126,0,126,0,28,186,0,214,106,0,106,320
11/23/2009,PWK,IL,AGL,CE,Towers with Radar,0,38,58,0,96,0,0,0,0,0,0,38,58,0,96,8,0,8,104
11/24/2009,PWK,IL,AGL,CE,Towers with Radar,0,64,70,0,134,0,0,0,0,0,0,64,70,0,134,0,0,0,134
11/25/2009,PWK,IL,AGL,CE,Towers with Radar,0,46,51,0,97,0,0,1,0,1,0,46,52,0,98,42,0,42,140
11/26/2009,PWK,IL,AGL,CE,Towers with Radar,0,15,17,0,32,0,0,6,0,6,0,15,23,0,38,0,0,0,38
11/27/2009,PWK,IL,AGL,CE,Towers with Radar,0,16,38,0,54,0,0,130,0,130,0,16,168,0,184,152,0,152,336
11/28/2009,PWK,IL,AGL,CE,Towers with Radar,0,26,57,0,83,0,0,151,0,151,0,26,208,0,234,170,0,170,404
11/29/2009,PWK,IL,AGL,CE,Towers with Radar,0,63,81,0,144,0,0,7,0,7,0,63,88,0,151,38,0,38,189
11/30/2009,PWK,IL,AGL,CE,Towers with Radar,0,27,63,0,90,0,0,108,0,108,0,27,171,0,198,42,0,42,240
12/01/2009,PWK,IL,AGL,CE,Towers with Radar,0,31,68,0,99,0,0,116,0,116,0,31,184,0,215,68,0,68,283
12/02/2009,PWK,IL,AGL,CE,Towers with Radar,0,30,62,0,92,0,0,43,0,43,0,30,105,0,135,44,0,44,179
12/03/2009,PWK,IL,AGL,CE,Towers with Radar,0,44,78,0,122,0,0,32,0,32,0,44,110,0,154,82,0,82,236
12/04/2009,PWK,IL,AGL,CE,Towers with Radar,0,34,50,0,84,0,0,64,0,64,0,34,114,0,148,104,0,104,252
12/05/2009,PWK,IL,AGL,CE,Towers with Radar,0,19,48,0,67,0,0,198,0,198,0,19,246,0,265,142,0,142,407
12/06/2009,PWK,IL,AGL,CE,Towers with Radar,0,18,42,0,60,0,0,103,0,103,0,18,145,0,163,108,0,108,271
12/07/2009,PWK,IL,AGL,CE,Towers with Radar,0,26,71,0,97,0,0,3,0,3,0,26,74,0,100,34,0,34,134
12/08/2009,PWK,IL,AGL,CE,Towers with Radar,0,19,34,0,53,0,0,1,0,1,0,19,35,0,54,0,0,0,54
12/09/2009,PWK,IL,AGL,CE,Towers with Radar,0,11,20,0,31,0,0,0,0,0,0,11,20,0,31,0,0,0,31
12/10/2009,PWK,IL,AGL,CE,Towers with Radar,0,30,54,0,84,0,0,17,0,17,0,30,71,0,101,4,0,4,105
12/11/2009,PWK,IL,AGL,CE,Towers with Radar,0,32,48,0,80,0,0,77,0,77,0,32,125,0,157,42,0,42,199
12/12/2009,PWK,IL,AGL,CE,Towers with Radar,0,25,33,0,58,0,1,132,0,133,0,26,165,0,191,145,0,145,336
12/13/2009,PWK,IL,AGL,CE,Towers with Radar,0,24,30,0,54,0,0,11,0,11,0,24,41,0,65,54,0,54,119
12/14/2009,PWK,IL,AGL,CE,Towers with Radar,0,15,51,0,66,0,0,0,0,0,0,15,51,0,66,0,0,0,66
12/15/2009,PWK,IL,AGL,CE,Towers with Radar,0,36,94,0,130,0,0,90,0,90,0,36,184,0,220,96,0,96,316
12/16/2009,PWK,IL,AGL,CE,Towers with Radar,0,51,85,0,136,0,0,96,0,96,0,51,181,0,232,68,0,68,300
12/17/2009,PWK,IL,AGL,CE,Towers with Radar,0,38,72,0,110,0,0,79,0,79,0,38,151,0,189,136,0,136,325
12/18/2009,PWK,IL,AGL,CE,Towers with Radar,0,36,61,0,97,0,0,0,0,0,0,36,61,0,97,0,0,0,97
12/19/2009,PWK,IL,AGL,CE,Towers with Radar,0,19,26,0,45,0,0,0,0,0,0,19,26,0,45,0,0,0,45
12/20/2009,PWK,IL,AGL,CE,Towers with Radar,0,15,37,0,52,0,0,35,0,35,0,15,72,0,87,108,0,108,195
12/21/2009,PWK,IL,AGL,CE,Towers with Radar,0,41,29,0,70,0,0,6,0,6,0,41,35,0,76,162,0,162,238
12/22/2009,PWK,IL,AGL,CE,Towers with Radar,0,20,41,0,61,0,0,0,0,0,0,20,41,0,61,0,0,0,61
12/23/2009,PWK,IL,AGL,CE,Towers with Radar,0,21,22,0,43,0,0,0,0,0,0,21,22,0,43,0,0,0,43
12/24/2009,PWK,IL,AGL,CE,Towers with Radar,0,17,9,0,26,0,0,0,0,0,0,17,9,0,26,0,0,0,26
12/25/2009,PWK,IL,AGL,CE,Towers with Radar,0,15,7,0,22,0,0,0,0,0,0,15,7,0,22,0,0,0,22
12/26/2009,PWK,IL,AGL,CE,Towers with Radar,0,38,41,0,79,0,0,0,0,0,0,38,41,0,79,0,0,0,79
12/27/2009,PWK,IL,AGL,CE,Towers with Radar,0,29,27,0,56,0,0,2,0,2,0,29,29,0,58,50,0,50,108
12/28/2009,PWK,IL,AGL,CE,Towers with Radar,0,29,22,0,51,0,0,52,0,52,0,29,74,0,103,60,0,60,163
12/29/2009,PWK,IL,AGL,CE,Towers with Radar,0,15,44,0,59,0,0,147,0,147,0,15,191,0,206,80,0,80,286
12/30/2009,PWK,IL,AGL,CE,Towers with Radar,0,31,10,0,41,0,0,11,0,11,0,31,21,0,52,6,0,6,58
12/31/2009,PWK,IL,AGL,CE,Towers with Radar,0,10,26,0,36,0,0,8,0,8,0,10,34,0,44,92,0,92,136
01/01/2010,PWK,IL,AGL,CE,Towers with Radar,0,10,13,0,23,0,0,26,0,26,0,10,39,0,49,14,0,14,63
01/02/2010,PWK,IL,AGL,CE,Towers with Radar,0,27,42,0,69,0,0,86,0,86,0,27,128,0,155,84,0,84,239
01/03/2010,PWK,IL,AGL,CE,Towers with Radar,0,53,64,0,117,0,0,81,0,81,0,53,145,0,198,78,0,78,276
01/04/2010,PWK,IL,AGL,CE,Towers with Radar,0,29,38,0,67,0,0,68,0,68,0,29,106,0,135,96,0,96,231
01/05/2010,PWK,IL,AGL,CE,Towers with Radar,0,30,45,0,75,0,0,43,0,43,0,30,88,0,118,2,0,2,120
01/06/2010,PWK,IL,AGL,CE,Towers with Radar,0,39,57,1,97,0,0,8,0,8,0,39,65,1,105,24,0,24,129
01/07/2010,PWK,IL,AGL,CE,Towers with Radar,0,13,21,0,34,0,0,0,0,0,0,13,21,0,34,0,0,0,34
01/08/2010,PWK,IL,AGL,CE,Towers with Radar,0,14,36,0,50,0,0,52,0,52,0,14,88,0,102,34,0,34,136
01/09/2010,PWK,IL,AGL,CE,Towers with Radar,0,14,35,0,49,0,0,84,0,84,0,14,119,0,133,88,0,88,221
01/10/2010,PWK,IL,AGL,CE,Towers with Radar,0,24,37,0,61,0,0,88,0,88,0,24,125,0,149,22,0,22,171
01/11/2010,PWK,IL,AGL,CE,Towers with Radar,0,33,39,0,72,0,1,36,0,37,0,34,75,0,109,40,0,40,149
01/12/2010,PWK,IL,AGL,CE,Towers with Radar,0,34,69,0,103,0,0,80,0,80,0,34,149,0,183,62,0,62,245
01/13/2010,PWK,IL,AGL,CE,Towers with Radar,0,37,66,0,103,0,1,104,0,105,0,38,170,0,208,82,0,82,290
01/14/2010,PWK,IL,AGL,CE,Towers with Radar,0,36,45,0,81,0,0,15,0,15,0,36,60,0,96,92,0,92,188
01/15/2010,PWK,IL,AGL,CE,Towers with Radar,0,38,70,0,108,0,0,12,0,12,0,38,82,0,120,108,0,108,228
01/16/2010,PWK,IL,AGL,CE,Towers with Radar,0,18,12,0,30,0,0,0,0,0,0,18,12,0,30,0,0,0,30
01/17/2010,PWK,IL,AGL,CE,Towers with Radar,0,18,41,0,59,0,0,33,0,33,0,18,74,0,92,56,0,56,148
01/18/2010,PWK,IL,AGL,CE,Towers with Radar,0,38,64,0,102,0,0,0,0,0,0,38,64,0,102,0,0,0,102
01/19/2010,PWK,IL,AGL,CE,Towers with Radar,0,26,62,0,88,0,0,88,0,88,0,26,150,0,176,116,0,116,292
01/20/2010,PWK,IL,AGL,CE,Towers with Radar,0,19,63,0,82,0,0,34,0,34,0,19,97,0,116,42,0,42,158
01/21/2010,PWK,IL,AGL,CE,Towers with Radar,0,42,67,0,109,0,0,20,0,20,0,42,87,0,129,2,0,2,131
01/22/2010,PWK,IL,AGL,CE,Towers with Radar,0,33,62,0,95,0,0,0,0,0,0,33,62,0,95,0,0,0,95
01/23/2010,PWK,IL,AGL,CE,Towers with Radar,0,9,23,0,32,0,0,0,0,0,0,9,23,0,32,0,0,0,32
01/24/2010,PWK,IL,AGL,CE,Towers with Radar,0,22,28,0,50,0,0,0,0,0,0,22,28,0,50,0,0,0,50
01/25/2010,PWK,IL,AGL,CE,Towers with Radar,0,21,42,0,63,0,0,12,0,12,0,21,54,0,75,0,0,0,75
01/26/2010,PWK,IL,AGL,CE,Towers with Radar,0,25,49,0,74,0,0,34,0,34,0,25,83,0,108,36,0,36,144
01/27/2010,PWK,IL,AGL,CE,Towers with Radar,0,42,81,0,123,0,0,48,0,48,0,42,129,0,171,38,0,38,209
01/28/2010,PWK,IL,AGL,CE,Towers with Radar,0,35,48,1,84,0,0,90,0,90,0,35,138,1,174,88,0,88,262
01/29/2010,PWK,IL,AGL,CE,Towers with Radar,0,29,68,0,97,0,1,82,0,83,0,30,150,0,180,42,0,42,222
01/30/2010,PWK,IL,AGL,CE,Towers with Radar,0,13,32,0,45,0,0,111,0,111,0,13,143,0,156,114,0,114,270
01/31/2010,PWK,IL,AGL,CE,Towers with Radar,0,25,69,0,94,0,0,153,0,153,0,25,222,0,247,56,0,56,303
02/01/2010,PWK,IL,AGL,CE,Towers with Radar,0,21,52,0,73,0,0,54,0,54,0,21,106,0,127,114,0,114,241
02/02/2010,PWK,IL,AGL,CE,Towers with Radar,0,23,53,0,76,0,0,0,0,0,0,23,53,0,76,0,0,0,76
02/03/2010,PWK,IL,AGL,CE,Towers with Radar,0,44,47,0,91,0,0,61,0,61,0,44,108,0,152,118,0,118,270
02/04/2010,PWK,IL,AGL,CE,Towers with Radar,0,36,76,0,112,0,0,60,0,60,0,36,136,0,172,108,0,108,280
02/05/2010,PWK,IL,AGL,CE,Towers with Radar,0,33,27,0,60,0,0,12,0,12,0,33,39,0,72,0,0,0,72
02/06/2010,PWK,IL,AGL,CE,Towers with Radar,0,18,22,0,40,0,0,50,0,50,0,18,72,0,90,24,0,24,114
02/07/2010,PWK,IL,AGL,CE,Towers with Radar,0,31,37,0,68,0,0,61,0,61,0,31,98,0,129,122,0,122,251
02/08/2010,PWK,IL,AGL,CE,Towers with Radar,0,33,41,0,74,0,0,47,0,47,0,33,88,0,121,34,0,34,155
02/09/2010,PWK,IL,AGL,CE,Towers with Radar,0,9,12,0,21,0,0,0,0,0,0,9,12,0,21,0,0,0,21
02/10/2010,PWK,IL,AGL,CE,Towers with Radar,0,27,45,0,72,0,1,30,0,31,0,28,75,0,103,12,0,12,115
02/11/2010,PWK,IL,AGL,CE,Towers with Radar,0,51,77,0,128,0,0,82,0,82,0,51,159,0,210,50,0,50,260
02/12/2010,PWK,IL,AGL,CE,Towers with Radar,0,33,81,0,114,0,0,54,0,54,0,33,135,0,168,77,0,77,245
02/13/2010,PWK,IL,AGL,CE,Towers with Radar,0,27,46,0,73,0,0,157,0,157,0,27,203,0,230,182,0,182,412
02/14/2010,PWK,IL,AGL,CE,Towers with Radar,0,24,27,0,51,0,0,88,0,88,0,24,115,0,139,68,0,68,207
02/15/2010,PWK,IL,AGL,CE,Towers with Radar,0,44,44,0,88,0,0,39,0,39,0,44,83,0,127,62,0,62,189
02/16/2010,PWK,IL,AGL,CE,Towers with Radar,0,30,76,0,106,0,0,59,0,59,0,30,135,0,165,34,2,36,201
02/17/2010,PWK,IL,AGL,CE,Towers with Radar,0,41,70,2,113,0,0,65,0,65,0,41,135,2,178,72,0,72,250
02/18/2010,PWK,IL,AGL,CE,Towers with Radar,0,43,70,0,113,0,0,98,0,98,0,43,168,0,211,100,2,102,313
02/19/2010,PWK,IL,AGL,CE,Towers with Radar,0,29,61,0,90,0,0,77,0,77,0,29,138,0,167,156,0,156,323
02/20/2010,PWK,IL,AGL,CE,Towers with Radar,0,40,18,0,58,0,0,0,0,0,0,40,18,0,58,20,0,20,78
02/21/2010,PWK,IL,AGL,CE,Towers with Radar,0,29,33,0,62,0,0,0,0,0,0,29,33,0,62,0,0,0,62
02/22/2010,PWK,IL,AGL,CE,Towers with Radar,0,29,37,0,66,0,0,0,0,0,0,29,37,0,66,0,0,0,66
02/23/2010,PWK,IL,AGL,CE,Towers with Radar,0,49,74,0,123,0,0,40,0,40,0,49,114,0,163,80,0,80,243
02/24/2010,PWK,IL,AGL,CE,Towers with Radar,0,21,56,0,77,0,0,3,0,3,0,21,59,0,80,20,0,20,100
02/25/2010,PWK,IL,AGL,CE,Towers with Radar,0,31,69,0,100,0,2,73,0,75,0,33,142,0,175,70,0,70,245
02/26/2010,PWK,IL,AGL,CE,Towers with Radar,0,28,62,0,90,0,0,86,0,86,0,28,148,0,176,96,0,96,272
02/27/2010,PWK,IL,AGL,CE,Towers with Radar,0,24,14,0,38,0,2,26,0,28,0,26,40,0,66,218,0,218,284
02/28/2010,PWK,IL,AGL,CE,Towers with Radar,0,34,54,0,88,0,0,61,0,61,0,34,115,0,149,120,0,120,269
03/01/2010,PWK,IL,AGL,CE,Towers with Radar,0,27,52,0,79,0,0,42,0,42,0,27,94,0,121,72,0,72,193
03/02/2010,PWK,IL,AGL,CE,Towers with Radar,0,45,40,2,87,0,2,55,0,57,0,47,95,2,144,46,0,46,190
03/03/2010,PWK,IL,AGL,CE,Towers with Radar,0,38,61,0,99,0,0,100,0,100,0,38,161,0,199,24,0,24,223
03/04/2010,PWK,IL,AGL,CE,Towers with Radar,0,37,86,0,123,0,1,102,5,108,0,38,188,5,231,18,0,18,249
03/05/2010,PWK,IL,AGL,CE,Towers with Radar,0,30,63,0,93,0,0,101,0,101,0,30,164,0,194,62,0,62,256
03/06/2010,PWK,IL,AGL,CE,Towers with Radar,0,15,47,0,62,0,0,163,0,163,0,15,210,0,225,148,0,148,373
03/07/2010,PWK,IL,AGL,CE,Towers with Radar,0,23,48,0,71,0,0,31,0,31,0,23,79,0,102,108,0,108,210
03/08/2010,PWK,IL,AGL,CE,Towers with Radar,0,23,36,0,59,0,0,1,0,1,0,23,37,0,60,0,0,0,60
03/09/2010,PWK,IL,AGL,CE,Towers with Radar,0,31,58,0,89,0,0,29,0,29,0,31,87,0,118,40,0,40,158
03/10/2010,PWK,IL,AGL,CE,Towers with Radar,0,27,62,0,89,0,0,33,0,33,0,27,95,0,122,40,0,40,162
03/11/2010,PWK,IL,AGL,CE,Towers with Radar,0,31,64,0,95,0,0,15,0,15,0,31,79,0,110,44,0,44,154
03/12/2010,PWK,IL,AGL,CE,Towers with Radar,0,41,51,0,92,0,0,70,0,70,0,41,121,0,162,84,0,84,246
03/13/2010,PWK,IL,AGL,CE,Towers with Radar,0,10,15,0,25,0,0,0,0,0,0,10,15,0,25,0,0,0,25
03/14/2010,PWK,IL,AGL,CE,Towers with Radar,0,35,47,0,82,0,0,35,0,35,0,35,82,0,117,32,0,32,149
03/15/2010,PWK,IL,AGL,CE,Towers with Radar,0,32,68,0,100,0,1,1,67,69,0,33,69,67,169,82,0,82,251
03/16/2010,PWK,IL,AGL,CE,Towers with Radar,0,43,83,3,129,0,0,137,0,137,0,43,220,3,266,106,0,106,372
03/17/2010,PWK,IL,AGL,CE,Towers with Radar,0,37,83,0,120,0,0,152,0,152,0,37,235,0,272,109,0,109,381
03/18/2010,PWK,IL,AGL,CE,Towers with Radar,0,29,87,0,116,0,0,109,0,109,0,29,196,0,225,34,0,34,259
03/19/2010,PWK,IL,AGL,CE,Towers with Radar,0,43,69,2,114,0,0,123,0,123,0,43,192,2,237,70,0,70,307
03/20/2010,PWK,IL,AGL,CE,Towers with Radar,0,23,13,0,36,0,0,0,0,0,0,23,13,0,36,0,0,0,36
03/21/2010,PWK,IL,AGL,CE,Towers with Radar,0,28,46,0,74,0,0,86,0,86,0,28,132,0,160,33,0,33,193
03/22/2010,PWK,IL,AGL,CE,Towers with Radar,0,34,56,0,90,0,2,61,0,63,0,36,117,0,153,46,0,46,199
03/23/2010,PWK,IL,AGL,CE,Towers with Radar,0,26,66,0,92,0,0,105,0,105,0,26,171,0,197,150,0,150,347
03/24/2010,PWK,IL,AGL,CE,Towers with Radar,0,30,65,2,97,0,2,101,0,103,0,32,166,2,200,158,0,158,358
03/25/2010,PWK,IL,AGL,CE,Towers with Radar,0,42,58,0,100,0,0,13,0,13,0,42,71,0,113,6,0,6,119
03/26/2010,PWK,IL,AGL,CE,Towers with Radar,0,60,73,0,133,0,0,134,0,134,0,60,207,0,267,90,0,90,357
03/27/2010,PWK,IL,AGL,CE,Towers with Radar,0,24,61,0,85,0,0,194,0,194,0,24,255,0,279,84,0,84,363
03/28/2010,PWK,IL,AGL,CE,Towers with Radar,0,32,54,0,86,0,0,72,0,72,0,32,126,0,158,6,0,6,164
03/29/2010,PWK,IL,AGL,CE,Towers with Radar,0,24,48,0,72,0,0,66,0,66,0,24,114,0,138,80,0,80,218
03/30/2010,PWK,IL,AGL,CE,Towers with Radar,0,25,70,0,95,0,0,64,0,64,0,25,134,0,159,98,0,98,257
03/31/2010,PWK,IL,AGL,CE,Towers with Radar,0,32,47,0,79,0,2,75,0,77,0,34,122,0,156,38,0,38,194
04/01/2010,PWK,IL,AGL,CE,Towers with Radar,0,28,70,0,98,0,0,102,0,102,0,28,172,0,200,77,0,77,277
04/02/2010,PWK,IL,AGL,CE,Towers with Radar,0,12,58,0,70,0,0,59,0,59,0,12,117,0,129,30,0,30,159
04/03/2010,PWK,IL,AGL,CE,Towers with Radar,0,28,52,0,80,0,0,44,0,44,0,28,96,0,124,10,0,10,134
04/04/2010,PWK,IL,AGL,CE,Towers with Radar,0,34,43,0,77,0,4,39,0,43,0,38,82,0,120,10,0,10,130
04/05/2010,PWK,IL,AGL,CE,Towers with Radar,0,48,70,0,118,0,0,101,0,101,0,48,171,0,219,158,0,158,377
04/06/2010,PWK,IL,AGL,CE,Towers with Radar,0,29,79,2,110,0,0,22,0,22,0,29,101,2,132,20,0,20,152
04/07/2010,PWK,IL,AGL,CE,Towers with Radar,0,31,72,0,103,0,0,0,0,0,0,31,72,0,103,0,0,0,103
04/08/2010,PWK,IL,AGL,CE,Towers with Radar,0,34,75,0,109,0,0,19,0,19,0,34,94,0,128,123,0,123,251
04/09/2010,PWK,IL,AGL,CE,Towers with Radar,0,46,96,0,142,0,0,159,0,159,0,46,255,0,301,130,0,130,431
04/10/2010,PWK,IL,AGL,CE,Towers with Radar,0,13,40,0,53,0,0,139,0,139,0,13,179,0,192,118,0,118,310
04/11/2010,PWK,IL,AGL,CE,Towers with Radar,0,31,49,0,80,0,0,130,0,130,0,31,179,0,210,81,0,81,291
04/12/2010,PWK,IL,AGL,CE,Towers with Radar,0,26,63,0,89,0,2,110,0,112,0,28,173,0,201,62,0,62,263
04/13/2010,PWK,IL,AGL,CE,Towers with Radar,0,28,53,0,81,0,0,112,0,112,0,28,165,0,193,42,0,42,235
04/14/2010,PWK,IL,AGL,CE,Towers with Radar,0,34,63,0,97,0,0,90,0,90,0,34,153,0,187,70,0,70,257
04/15/2010,PWK,IL,AGL,CE,Towers with Radar,0,43,78,0,121,0,0,67,0,67,0,43,145,0,188,46,0,46,234
04/16/2010,PWK,IL,AGL,CE,Towers with Radar,0,26,55,1,82,0,0,88,0,88,0,26,143,1,170,56,0,56,226
04/17/2010,PWK,IL,AGL,CE,Towers with Radar,0,15,49,0,64,0,0,213,0,213,0,15,262,0,277,125,0,125,402
04/18/2010,PWK,IL,AGL,CE,Towers with Radar,0,33,59,0,92,0,0,155,0,155,0,33,214,0,247,84,0,84,331
04/19/2010,PWK,IL,AGL,CE,Towers with Radar,0,21,78,0,99,0,0,77,0,77,0,21,155,0,176,78,0,78,254
04/20/2010,PWK,IL,AGL,CE,Towers with Radar,0,34,68,2,104,0,0,120,0,120,0,34,188,2,224,72,0,72,296
04/21/2010,PWK,IL,AGL,CE,Towers with Radar,0,31,67,0,98,0,1,111,1,113,0,32,178,1,211,38,0,38,249
04/22/2010,PWK,IL,AGL,CE,Towers with Radar,0,43,98,0,141,0,0,130,0,130,0,43,228,0,271,114,0,114,385
04/23/2010,PWK,IL,AGL,CE,Towers with Radar,0,32,52,0,84,0,0,73,0,73,0,32,125,0,157,60,0,60,217
04/24/2010,PWK,IL,AGL,CE,Towers with Radar,0,22,26,0,48,0,0,0,0,0,0,22,26,0,48,0,0,0,48
04/25/2010,PWK,IL,AGL,CE,Towers with Radar,0,26,50,0,76,0,0,0,0,0,0,26,50,0,76,48,0,48,124
04/26/2010,PWK,IL,AGL,CE,Towers with Radar,0,30,52,0,82,0,0,76,0,76,0,30,128,0,158,86,0,86,244
04/27/2010,PWK,IL,AGL,CE,Towers with Radar,0,36,63,0,99,0,0,96,0,96,0,36,159,0,195,14,0,14,209
04/28/2010,PWK,IL,AGL,CE,Towers with Radar,0,40,66,0,106,0,0,172,0,172,0,40,238,0,278,118,0,118,396
04/29/2010,PWK,IL,AGL,CE,Towers with Radar,0,49,79,0,128,0,0,52,0,52,0,49,131,0,180,43,0,43,223
04/30/2010,PWK,IL,AGL,CE,Towers with Radar,0,33,78,0,111,0,0,40,0,40,0,33,118,0,151,10,0,10,161
05/01/2010,PWK,IL,AGL,CE,Towers with Radar,0,23,63,0,86,0,0,105,0,105,0,23,168,0,191,100,0,100,291
05/02/2010,PWK,IL,AGL,CE,Towers with Radar,0,43,77,0,120,0,3,125,0,128,0,46,202,0,248,76,0,76,324
05/03/2010,PWK,IL,AGL,CE,Towers with Radar,0,42,79,0,121,0,1,65,0,66,0,43,144,0,187,54,0,54,241
05/04/2010,PWK,IL,AGL,CE,Towers with Radar,0,46,98,0,144,0,0,76,0,76,0,46,174,0,220,12,0,12,232
05/05/2010,PWK,IL,AGL,CE,Towers with Radar,0,47,78,0,125,0,0,120,0,120,0,47,198,0,245,64,0,64,309
05/06/2010,PWK,IL,AGL,CE,Towers with Radar,0,46,96,0,142,0,0,142,0,142,0,46,238,0,284,110,0,110,394
05/07/2010,PWK,IL,AGL,CE,Towers with Radar,0,48,79,0,127,0,0,0,0,0,0,48,79,0,127,12,0,12,139
05/08/2010,PWK,IL,AGL,CE,Towers with Radar,0,31,33,0,64,0,1,38,0,39,0,32,71,0,103,33,0,33,136
05/09/2010,PWK,IL,AGL,CE,Towers with Radar,0,21,56,0,77,0,0,152,0,152,0,21,208,0,229,102,0,102,331
05/10/2010,PWK,IL,AGL,CE,Towers with Radar,0,37,84,0,121,0,0,88,0,88,0,37,172,0,209,53,0,53,262
05/11/2010,PWK,IL,AGL,CE,Towers with Radar,0,32,67,0,99,0,0,0,0,0,0,32,67,0,99,0,0,0,99
05/12/2010,PWK,IL,AGL,CE,Towers with Radar,0,35,71,0,106,0,0,0,0,0,0,35,71,0,106,0,0,0,106
05/13/2010,PWK,IL,AGL,CE,Towers with Radar,0,34,61,0,95,0,0,15,0,15,0,34,76,0,110,10,0,10,120
05/14/2010,PWK,IL,AGL,CE,Towers with Radar,0,39,81,0,120,0,0,107,0,107,0,39,188,0,227,33,0,33,260
05/15/2010,PWK,IL,AGL,CE,Towers with Radar,0,30,51,0,81,0,0,167,0,167,0,30,218,0,248,64,0,64,312
05/16/2010,PWK,IL,AGL,CE,Towers with Radar,0,47,70,0,117,0,0,149,0,149,0,47,219,0,266,114,0,114,380
05/17/2010,PWK,IL,AGL,CE,Towers with Radar,0,36,57,0,93,0,0,75,0,75,0,36,132,0,168,36,0,36,204
05/18/2010,PWK,IL,AGL,CE,Towers with Radar,0,49,86,2,137,0,0,84,0,84,0,49,170,2,221,48,0,48,269
05/19/2010,PWK,IL,AGL,CE,Towers with Radar,0,44,90,0,134,0,0,174,0,174,0,44,264,0,308,123,0,123,431
05/20/2010,PWK,IL,AGL,CE,Towers with Radar,0,41,94,0,135,0,0,124,0,124,0,41,218,0,259,184,0,184,443
05/21/2010,PWK,IL,AGL,CE,Towers with Radar,0,60,63,0,123,0,0,6,0,6,0,60,69,0,129,18,0,18,147
05/22/2010,PWK,IL,AGL,CE,Towers with Radar,0,25,53,0,78,0,0,83,0,83,0,25,136,0,161,116,0,116,277
05/23/2010,PWK,IL,AGL,CE,Towers with Radar,0,25,54,0,79,0,0,186,0,186,0,25,240,0,265,80,0,80,345
05/24/2010,PWK,IL,AGL,CE,Towers with Radar,0,38,76,0,114,0,0,110,0,110,0,38,186,0,224,34,0,34,258
05/25/2010,PWK,IL,AGL,CE,Towers with Radar,0,47,96,0,143,0,7,127,0,134,0,54,223,0,277,182,0,182,459
05/26/2010,PWK,IL,AGL,CE,Towers with Radar,0,52,92,0,144,0,0,119,0,119,0,52,211,0,263,106,0,106,369
05/27/2010,PWK,IL,AGL,CE,Towers with Radar,0,59,107,0,166,0,0,107,0,107,0,59,214,0,273,74,0,74,347
05/28/2010,PWK,IL,AGL,CE,Towers with Radar,0,65,126,0,191,0,0,66,0,66,0,65,192,0,257,57,0,57,314
05/29/2010,PWK,IL,AGL,CE,Towers with Radar,0,24,75,0,99,0,0,71,0,71,0,24,146,0,170,0,0,0,170
05/30/2010,PWK,IL,AGL,CE,Towers with Radar,0,21,56,0,77,0,0,58,0,58,0,21,114,0,135,0,0,0,135
05/31/2010,PWK,IL,AGL,CE,Towers with Radar,0,44,79,0,123,0,0,28,0,28,0,44,107,0,151,4,0,4,155
06/01/2010,PWK,IL,AGL,CE,Towers with Radar,0,40,96,0,136,0,0,81,0,81,0,40,177,0,217,98,0,98,315
06/02/2010,PWK,IL,AGL,CE,Towers with Radar,0,21,91,0,112,0,0,83,0,83,0,21,174,0,195,60,0,60,255
06/03/2010,PWK,IL,AGL,CE,Towers with Radar,0,53,79,0,132,0,0,165,0,165,0,53,244,0,297,44,0,44,341
06/04/2010,PWK,IL,AGL,CE,Towers with Radar,0,40,73,0,113,0,0,72,0,72,0,40,145,0,185,34,0,34,219
06/05/2010,PWK,IL,AGL,CE,Towers with Radar,0,15,26,0,41,0,0,27,0,27,0,15,53,0,68,42,0,42,110
06/06/2010,PWK,IL,AGL,CE,Towers with Radar,0,25,67,0,92,0,1,160,4,165,0,26,227,4,257,123,20,143,400
06/07/2010,PWK,IL,AGL,CE,Towers with Radar,0,50,68,0,118,0,0,162,0,162,0,50,230,0,280,85,0,85,365
06/08/2010,PWK,IL,AGL,CE,Towers with Radar,0,40,71,0,111,0,0,2,0,2,0,40,73,0,113,0,0,0,113
06/09/2010,PWK,IL,AGL,CE,Towers with Radar,0,39,81,0,120,0,0,131,1,132,0,39,212,1,252,68,0,68,320
06/10/2010,PWK,IL,AGL,CE,Towers with Radar,0,60,93,0,153,0,0,149,0,149,0,60,242,0,302,74,0,74,376
06/11/2010,PWK,IL,AGL,CE,Towers with Radar,0,48,90,0,138,0,0,48,0,48,0,48,138,0,186,70,0,70,256
06/12/2010,PWK,IL,AGL,CE,Towers with Radar,0,28,54,0,82,0,0,0,0,0,0,28,54,0,82,8,0,8,90
06/13/2010,PWK,IL,AGL,CE,Towers with Radar,0,33,76,0,109,0,0,23,0,23,0,33,99,0,132,24,0,24,156
06/14/2010,PWK,IL,AGL,CE,Towers with Radar,0,43,104,0,147,0,0,5,0,5,0,43,109,0,152,28,0,28,180
06/15/2010,PWK,IL,AGL,CE,Towers with Radar,0,41,98,0,139,0,0,14,2,16,0,41,112,2,155,18,0,18,173
06/16/2010,PWK,IL,AGL,CE,Towers with Radar,0,39,98,0,137,0,0,206,0,206,0,39,304,0,343,95,0,95,438
06/17/2010,PWK,IL,AGL,CE,Towers with Radar,0,42,82,0,124,0,0,165,0,165,0,42,247,0,289,72,0,72,361
06/18/2010,PWK,IL,AGL,CE,Towers with Radar,0,46,82,0,128,0,2,66,0,68,0,48,148,0,196,46,0,46,242
06/19/2010,PWK,IL,AGL,CE,Towers with Radar,0,22,45,0,67,0,0,204,0,204,0,22,249,0,271,60,0,60,331
06/20/2010,PWK,IL,AGL,CE,Towers with Radar,0,32,65,0,97,0,0,100,0,100,0,32,165,0,197,78,0,78,275
06/21/2010,PWK,IL,AGL,CE,Towers with Radar,0,33,97,0,130,0,0,52,0,52,0,33,149,0,182,56,0,56,238
06/22/2010,PWK,IL,AGL,CE,Towers with Radar,0,36,90,7,133,0,0,81,0,81,0,36,171,7,214,124,0,124,338
06/23/2010,PWK,IL,AGL,CE,Towers with Radar,0,40,82,0,122,0,0,29,0,29,0,40,111,0,151,4,0,4,155
06/24/2010,PWK,IL,AGL,CE,Towers with Radar,0,41,128,0,169,0,0,173,0,173,0,41,301,0,342,58,0,58,400
06/25/2010,PWK,IL,AGL,CE,Towers with Radar,0,34,90,0,124,0,0,120,0,120,0,34,210,0,244,66,0,66,310
06/26/2010,PWK,IL,AGL,CE,Towers with Radar,0,35,34,0,69,0,0,111,0,111,0,35,145,0,180,93,0,93,273
06/27/2010,PWK,IL,AGL,CE,Towers with Radar,0,40,67,0,107,0,0,37,0,37,0,40,104,0,144,41,0,41,185
06/28/2010,PWK,IL,AGL,CE,Towers with Radar,0,39,78,0,117,0,2,136,0,138,0,41,214,0,255,64,0,64,319
06/29/2010,PWK,IL,AGL,CE,Towers with Radar,0,34,70,0,104,0,0,148,0,148,0,34,218,0,252,118,0,118,370
06/30/2010,PWK,IL,AGL,CE,Towers with Radar,0,59,77,0,136,0,0,179,0,179,0,59,256,0,315,126,0,126,441
07/01/2010,PWK,IL,AGL,CE,Towers with Radar,0,52,105,0,157,0,0,148,0,148,0,52,253,0,305,64,0,64,369
07/02/2010,PWK,IL,AGL,CE,Towers with Radar,0,50,76,0,126,0,0,158,0,158,0,50,234,0,284,158,0,158,442
07/03/2010,PWK,IL,AGL,CE,Towers with Radar,0,14,34,0,48,0,0,123,0,123,0,14,157,0,171,43,0,43,214
07/04/2010,PWK,IL,AGL,CE,Towers with Radar,0,6,28,0,34,0,0,49,0,49,0,6,77,0,83,30,0,30,113
07/05/2010,PWK,IL,AGL,CE,Towers with Radar,0,30,67,0,97,0,0,69,0,69,0,30,136,0,166,28,0,28,194
07/06/2010,PWK,IL,AGL,CE,Towers with Radar,0,30,71,0,101,0,0,69,0,69,0,30,140,0,170,60,0,60,230
07/07/2010,PWK,IL,AGL,CE,Towers with Radar,0,47,68,1,116,0,0,88,0,88,0,47,156,1,204,54,0,54,258
07/08/2010,PWK,IL,AGL,CE,Towers with Radar,0,42,81,0,123,0,0,71,0,71,0,42,152,0,194,46,0,46,240
07/09/2010,PWK,IL,AGL,CE,Towers with Radar,0,24,72,0,96,0,0,149,0,149,0,24,221,0,245,157,0,157,402
07/10/2010,PWK,IL,AGL,CE,Towers with Radar,0,21,44,0,65,0,0,119,0,119,0,21,163,0,184,82,0,82,266
07/11/2010,PWK,IL,AGL,CE,Towers with Radar,0,31,78,0,109,0,0,137,0,137,0,31,215,0,246,152,0,152,398
07/12/2010,PWK,IL,AGL,CE,Towers with Radar,0,42,86,3,131,0,0,128,0,128,0,42,214,3,259,74,0,74,333
07/13/2010,PWK,IL,AGL,CE,Towers with Radar,0,38,82,0,120,0,0,118,0,118,0,38,200,0,238,162,0,162,400
07/14/2010,PWK,IL,AGL,CE,Towers with Radar,0,44,81,1,126,0,0,126,0,126,0,44,207,1,252,212,0,212,464
07/15/2010,PWK,IL,AGL,CE,Towers with Radar,0,56,58,0,114,0,0,73,0,73,0,56,131,0,187,106,0,106,293
07/16/2010,PWK,IL,AGL,CE,Towers with Radar,0,47,83,0,130,0,0,139,0,139,0,47,222,0,269,96,0,96,365
07/17/2010,PWK,IL,AGL,CE,Towers with Radar,0,24,49,0,73,0,0,136,2,138,0,24,185,2,211,92,0,92,303
07/18/2010,PWK,IL,AGL,CE,Towers with Radar,0,34,57,0,91,0,0,99,0,99,0,34,156,0,190,30,0,30,220
07/19/2010,PWK,IL,AGL,CE,Towers with Radar,0,43,78,0,121,0,1,125,0,126,0,44,203,0,247,186,0,186,433
07/20/2010,PWK,IL,AGL,CE,Towers with Radar,0,31,83,2,116,0,0,72,0,72,0,31,155,2,188,120,0,120,308
07/21/2010,PWK,IL,AGL,CE,Towers with Radar,0,36,80,0,116,0,0,128,0,128,0,36,208,0,244,149,0,149,393
07/22/2010,PWK,IL,AGL,CE,Towers with Radar,0,48,75,0,123,0,0,62,0,62,0,48,137,0,185,110,0,110,295
07/23/2010,PWK,IL,AGL,CE,Towers with Radar,0,44,62,0,106,0,1,85,0,86,0,45,147,0,192,84,0,84,276
07/24/2010,PWK,IL,AGL,CE,Towers with Radar,0,14,44,1,59,0,0,47,0,47,0,14,91,1,106,64,0,64,170
07/25/2010,PWK,IL,AGL,CE,Towers with Radar,0,36,77,0,113,0,0,167,0,167,0,36,244,0,280,104,0,104,384
07/26/2010,PWK,IL,AGL,CE,Towers with Radar,0,35,85,0,120,0,0,107,0,107,0,35,192,0,227,46,0,46,273
07/27/2010,PWK,IL,AGL,CE,Towers with Radar,0,49,90,0,139,0,3,158,0,161,0,52,248,0,300,176,0,176,476
07/28/2010,PWK,IL,AGL,CE,Towers with Radar,0,46,80,0,126,0,7,84,0,91,0,53,164,0,217,104,0,104,321
07/29/2010,PWK,IL,AGL,CE,Towers with Radar,0,33,90,0,123,0,0,125,0,125,0,33,215,0,248,122,0,122,370
07/30/2010,PWK,IL,AGL,CE,Towers with Radar,0,38,97,0,135,0,0,133,0,133,0,38,230,0,268,189,0,189,457
07/31/2010,PWK,IL,AGL,CE,Towers with Radar,0,28,54,0,82,0,0,43,0,43,0,28,97,0,125,104,0,104,229
08/01/2010,PWK,IL,AGL,CE,Towers with Radar,0,32,74,0,106,0,0,122,0,122,0,32,196,0,228,164,0,164,392
08/02/2010,PWK,IL,AGL,CE,Towers with Radar,0,40,66,0,106,0,0,76,0,76,0,40,142,0,182,76,0,76,258
08/03/2010,PWK,IL,AGL,CE,Towers with Radar,0,26,89,2,117,0,0,45,0,45,0,26,134,2,162,124,0,124,286
08/04/2010,PWK,IL,AGL,CE,Towers with Radar,0,34,98,0,132,0,5,43,0,48,0,39,141,0,180,70,0,70,250
08/05/2010,PWK,IL,AGL,CE,Towers with Radar,0,61,153,0,214,0,0,74,0,74,0,61,227,0,288,0,0,0,288
08/06/2010,PWK,IL,AGL,CE,Towers with Radar,0,40,95,0,135,0,0,172,0,172,0,40,267,0,307,112,0,112,419
08/07/2010,PWK,IL,AGL,CE,Towers with Radar,0,28,53,0,81,0,0,143,0,143,0,28,196,0,224,72,0,72,296
08/08/2010,PWK,IL,AGL,CE,Towers with Radar,0,34,56,0,90,0,0,50,0,50,0,34,106,0,140,50,0,50,190
08/09/2010,PWK,IL,AGL,CE,Towers with Radar,0,31,94,0,125,0,0,83,0,83,0,31,177,0,208,50,0,50,258
08/10/2010,PWK,IL,AGL,CE,Towers with Radar,0,49,64,0,113,0,0,101,0,101,0,49,165,0,214,76,0,76,290
08/11/2010,PWK,IL,AGL,CE,Towers with Radar,0,41,88,0,129,0,0,120,1,121,0,41,208,1,250,66,0,66,316
08/12/2010,PWK,IL,AGL,CE,Towers with Radar,0,39,94,2,135,0,0,155,0,155,0,39,249,2,290,146,0,146,436
08/13/2010,PWK,IL,AGL,CE,Towers with Radar,0,32,63,0,95,0,0,75,0,75,0,32,138,0,170,81,0,81,251
08/14/2010,PWK,IL,AGL,CE,Towers with Radar,0,18,44,0,62,0,0,123,1,124,0,18,167,1,186,114,0,114,300
08/15/2010,PWK,IL,AGL,CE,Towers with Radar,0,44,71,0,115,0,0,106,0,106,0,44,177,0,221,62,0,62,283
08/16/2010,PWK,IL,AGL,CE,Towers with Radar,0,48,71,0,119,0,0,129,0,129,0,48,200,0,248,48,0,48,296
08/17/2010,PWK,IL,AGL,CE,Towers with Radar,0,28,80,0,108,0,0,151,0,151,0,28,231,0,259,98,0,98,357
08/18/2010,PWK,IL,AGL,CE,Towers with Radar,0,42,90,0,132,0,0,140,2,142,0,42,230,2,274,146,0,146,420
08/19/2010,PWK,IL,AGL,CE,Towers with Radar,0,40,76,2,118,0,0,117,0,117,0,40,193,2,235,56,0,56,291
08/20/2010,PWK,IL,AGL,CE,Towers with Radar,0,39,63,0,102,0,0,82,1,83,0,39,145,1,185,36,0,36,221
08/21/2010,PWK,IL,AGL,CE,Towers with Radar,0,22,61,0,83,0,0,61,0,61,0,22,122,0,144,114,0,114,258
08/22/2010,PWK,IL,AGL,CE,Towers with Radar,0,30,69,0,99,0,0,133,0,133,0,30,202,0,232,68,0,68,300
08/23/2010,PWK,IL,AGL,CE,Towers with Radar,0,21,76,0,97,0,0,62,0,62,0,21,138,0,159,68,0,68,227
08/24/2010,PWK,IL,AGL,CE,Towers with Radar,0,35,91,0,126,0,0,101,0,101,0,35,192,0,227,90,0,90,317
08/25/2010,PWK,IL,AGL,CE,Towers with Radar,0,35,92,0,127,0,1,115,0,116,0,36,207,0,243,106,0,106,349
08/26/2010,PWK,IL,AGL,CE,Towers with Radar,0,41,95,0,136,0,0,141,0,141,0,41,236,0,277,130,0,130,407
08/27/2010,PWK,IL,AGL,CE,Towers with Radar,0,30,75,0,105,0,0,131,0,131,0,30,206,0,236,131,0,131,367
08/28/2010,PWK,IL,AGL,CE,Towers with Radar,0,36,33,0,69,0,0,174,0,174,0,36,207,0,243,62,0,62,305
08/29/2010,PWK,IL,AGL,CE,Towers with Radar,0,40,68,0,108,0,12,176,0,188,0,52,244,0,296,145,0,145,441
08/30/2010,PWK,IL,AGL,CE,Towers with Radar,0,50,82,0,132,0,0,88,0,88,0,50,170,0,220,110,0,110,330
08/31/2010,PWK,IL,AGL,CE,Towers with Radar,0,31,101,0,132,0,2,87,0,89,0,33,188,0,221,64,0,64,285
09/01/2010,PWK,IL,AGL,CE,Towers with Radar,0,30,72,0,102,0,0,53,0,53,0,30,125,0,155,24,0,24,179
09/02/2010,PWK,IL,AGL,CE,Towers with Radar,0,48,85,2,135,0,0,21,0,21,0,48,106,2,156,20,0,20,176
09/03/2010,PWK,IL,AGL,CE,Towers with Radar,0,40,89,0,129,0,0,58,1,59,0,40,147,1,188,14,0,14,202
09/04/2010,PWK,IL,AGL,CE,Towers with Radar,0,19,37,0,56,0,0,121,0,121,0,19,158,0,177,34,0,34,211
09/05/2010,PWK,IL,AGL,CE,Towers with Radar,0,20,40,0,60,0,0,118,0,118,0,20,158,0,178,45,0,45,223
09/06/2010,PWK,IL,AGL,CE,Towers with Radar,0,47,80,0,127,0,0,64,0,64,0,47,144,0,191,58,0,58,249
09/07/2010,PWK,IL,AGL,CE,Towers with Radar,0,28,54,0,82,0,0,45,1,46,0,28,99,1,128,14,10,24,152
09/08/2010,PWK,IL,AGL,CE,Towers with Radar,0,47,66,0,113,0,0,131,1,132,0,47,197,1,245,124,0,124,369
09/09/2010,PWK,IL,AGL,CE,Towers with Radar,0,33,85,0,118,0,0,132,0,132,0,33,217,0,250,114,0,114,364
09/10/2010,PWK,IL,AGL,CE,Towers with Radar,0,44,78,0,122,0,0,111,0,111,0,44,189,0,233,52,0,52,285
09/11/2010,PWK,IL,AGL,CE,Towers with Radar,0,18,62,0,80,0,0,40,0,40,0,18,102,0,120,30,0,30,150
09/12/2010,PWK,IL,AGL,CE,Towers with Radar,0,20,72,0,92,0,0,175,0,175,0,20,247,0,267,74,0,74,341
09/13/2010,PWK,IL,AGL,CE,Towers with Radar,0,36,62,0,98,0,0,108,0,108,0,36,170,0,206,46,0,46,252
09/14/2010,PWK,IL,AGL,CE,Towers with Radar,0,40,80,0,120,0,0,99,0,99,0,40,179,0,219,70,0,70,289
09/15/2010,PWK,IL,AGL,CE,Towers with Radar,0,48,88,0,136,0,0,93,1,94,0,48,181,1,230,78,0,78,308
09/16/2010,PWK,IL,AGL,CE,Towers with Radar,0,58,103,0,161,0,1,40,0,41,0,59,143,0,202,23,0,23,225
09/17/2010,PWK,IL,AGL,CE,Towers with Radar,0,41,77,0,118,0,0,140,0,140,0,41,217,0,258,126,0,126,384
09/18/2010,PWK,IL,AGL,CE,Towers with Radar,0,22,39,0,61,0,0,26,0,26,0,22,65,0,87,86,0,86,173
09/19/2010,PWK,IL,AGL,CE,Towers with Radar,0,27,50,0,77,0,0,122,0,122,0,27,172,0,199,108,0,108,307
09/20/2010,PWK,IL,AGL,CE,Towers with Radar,0,35,63,0,98,0,2,56,0,58,0,37,119,0,156,112,0,112,268
09/21/2010,PWK,IL,AGL,CE,Towers with Radar,0,54,71,0,125,0,0,51,0,51,0,54,122,0,176,16,2,18,194
09/22/2010,PWK,IL,AGL,CE,Towers with Radar,0,46,114,1,161,0,0,73,0,73,0,46,187,1,234,109,0,109,343
09/23/2010,PWK,IL,AGL,CE,Towers with Radar,0,50,82,0,132,0,2,51,0,53,0,52,133,0,185,18,0,18,203
09/24/2010,PWK,IL,AGL,CE,Towers with Radar,0,44,80,0,124,0,0,45,0,45,0,44,125,0,169,0,0,0,169
09/25/2010,PWK,IL,AGL,CE,Towers with Radar,0,28,44,0,72,0,0,142,0,142,0,28,186,0,214,68,0,68,282
09/26/2010,PWK,IL,AGL,CE,Towers with Radar,0,36,69,0,105,0,0,168,0,168,0,36,237,0,273,54,0,54,327
09/27/2010,PWK,IL,AGL,CE,Towers with Radar,0,34,72,0,106,0,0,98,0,98,0,34,170,0,204,44,0,44,248
09/28/2010,PWK,IL,AGL,CE,Towers with Radar,0,42,87,0,129,0,0,100,0,100,0,42,187,0,229,22,0,22,251
09/29/2010,PWK,IL,AGL,CE,Towers with Radar,0,42,100,0,142,0,0,130,0,130,0,42,230,0,272,55,0,55,327
09/30/2010,PWK,IL,AGL,CE,Towers with Radar,0,28,64,0,92,0,5,123,0,128,0,33,187,0,220,104,0,104,324
10/01/2010,PWK,IL,AGL,CE,Towers with Radar,0,32,75,0,107,0,0,115,0,115,0,32,190,0,222,8,0,8,230
10/02/2010,PWK,IL,AGL,CE,Towers with Radar,0,17,42,0,59,0,0,34,4,38,0,17,76,4,97,30,0,30,127
10/03/2010,PWK,IL,AGL,CE,Towers with Radar,0,24,45,0,69,0,0,167,0,167,0,24,212,0,236,78,0,78,314
10/04/2010,PWK,IL,AGL,CE,Towers with Radar,0,29,57,0,86,0,0,77,0,77,0,29,134,0,163,58,0,58,221
10/05/2010,PWK,IL,AGL,CE,Towers with Radar,0,47,79,0,126,0,0,104,0,104,0,47,183,0,230,68,0,68,298
10/06/2010,PWK,IL,AGL,CE,Towers with Radar,0,43,78,0,121,0,0,127,0,127,0,43,205,0,248,104,0,104,352
10/07/2010,PWK,IL,AGL,CE,Towers with Radar,0,56,91,1,148,0,0,115,0,115,0,56,206,1,263,57,0,57,320
10/08/2010,PWK,IL,AGL,CE,Towers with Radar,0,42,80,0,122,0,0,162,0,162,0,42,242,0,284,54,0,54,338
10/09/2010,PWK,IL,AGL,CE,Towers with Radar,0,33,51,0,84,0,0,150,0,150,0,33,201,0,234,76,0,76,310
10/10/2010,PWK,IL,AGL,CE,Towers with Radar,0,27,60,0,87,0,0,149,0,149,0,27,209,0,236,92,0,92,328
10/11/2010,PWK,IL,AGL,CE,Towers with Radar,0,34,83,0,117,0,0,117,0,117,0,34,200,0,234,50,0,50,284
10/12/2010,PWK,IL,AGL,CE,Towers with Radar,0,35,78,0,113,0,0,91,0,91,0,35,169,0,204,48,0,48,252
10/13/2010,PWK,IL,AGL,CE,Towers with Radar,0,33,69,0,102,0,0,82,8,90,0,33,151,8,192,62,0,62,254
10/14/2010,PWK,IL,AGL,CE,Towers with Radar,0,30,83,0,113,0,0,92,0,92,0,30,175,0,205,102,0,102,307
10/15/2010,PWK,IL,AGL,CE,Towers with Radar,0,35,63,0,98,0,0,99,0,99,0,35,162,0,197,69,0,69,266
10/16/2010,PWK,IL,AGL,CE,Towers with Radar,0,25,36,0,61,0,0,104,0,104,0,25,140,0,165,46,0,46,211
10/17/2010,PWK,IL,AGL,CE,Towers with Radar,0,32,49,0,81,0,0,157,0,157,0,32,206,0,238,48,0,48,286
10/18/2010,PWK,IL,AGL,CE,Towers with Radar,0,31,55,0,86,0,0,81,0,81,0,31,136,0,167,128,0,128,295
10/19/2010,PWK,IL,AGL,CE,Towers with Radar,0,43,64,0,107,0,0,95,0,95,0,43,159,0,202,70,0,70,272
10/20/2010,PWK,IL,AGL,CE,Towers with Radar,0,45,71,1,117,0,0,89,0,89,0,45,160,1,206,32,0,32,238
10/21/2010,PWK,IL,AGL,CE,Towers with Radar,0,49,65,0,114,0,0,100,0,100,0,49,165,0,214,57,0,57,271
10/22/2010,PWK,IL,AGL,CE,Towers with Radar,0,38,77,0,115,0,0,133,0,133,0,38,210,0,248,100,0,100,348
10/23/2010,PWK,IL,AGL,CE,Towers with Radar,0,31,43,0,74,0,0,22,0,22,0,31,65,0,96,76,0,76,172
10/24/2010,PWK,IL,AGL,CE,Towers with Radar,0,36,59,0,95,0,0,49,0,49,0,36,108,0,144,26,0,26,170
10/25/2010,PWK,IL,AGL,CE,Towers with Radar,0,29,65,0,94,0,0,47,0,47,0,29,112,0,141,142,0,142,283
10/26/2010,PWK,IL,AGL,CE,Towers with Radar,0,11,27,0,38,0,0,2,0,2,0,11,29,0,40,4,0,4,44
10/27/2010,PWK,IL,AGL,CE,Towers with Radar,0,16,33,0,49,0,0,1,0,1,0,16,34,0,50,4,0,4,54
10/28/2010,PWK,IL,AGL,CE,Towers with Radar,0,60,80,2,142,0,0,47,0,47,0,60,127,2,189,22,0,22,211
10/29/2010,PWK,IL,AGL,CE,Towers with Radar,0,26,52,0,78,0,0,132,0,132,0,26,184,0,210,194,0,194,404
10/30/2010,PWK,IL,AGL,CE,Towers with Radar,0,14,42,0,56,0,0,112,0,112,0,14,154,0,168,51,0,51,219
10/31/2010,PWK,IL,AGL,CE,Towers with Radar,0,17,56,0,73,0,0,87,0,87,0,17,143,0,160,30,0,30,190
11/01/2010,PWK,IL,AGL,CE,Towers with Radar,0,43,65,0,108,0,0,109,0,109,0,43,174,0,217,108,0,108,325
11/02/2010,PWK,IL,AGL,CE,Towers with Radar,0,40,67,0,107,0,1,88,0,89,0,41,155,0,196,36,0,36,232
11/03/2010,PWK,IL,AGL,CE,Towers with Radar,0,40,73,0,113,0,0,82,1,83,0,40,155,1,196,38,0,38,234
11/04/2010,PWK,IL,AGL,CE,Towers with Radar,0,44,77,0,121,0,0,50,0,50,0,44,127,0,171,28,0,28,199
11/05/2010,PWK,IL,AGL,CE,Towers with Radar,0,49,68,0,117,0,0,66,0,66,0,49,134,0,183,76,0,76,259
11/06/2010,PWK,IL,AGL,CE,Towers with Radar,0,23,53,0,76,0,0,199,0,199,0,23,252,0,275,134,0,134,409
11/07/2010,PWK,IL,AGL,CE,Towers with Radar,0,41,58,0,99,0,0,115,0,115,0,41,173,0,214,32,0,32,246
11/08/2010,PWK,IL,AGL,CE,Towers with Radar,0,50,74,0,124,0,0,93,0,93,0,50,167,0,217,34,0,34,251
11/09/2010,PWK,IL,AGL,CE,Towers with Radar,0,34,87,0,121,0,0,99,0,99,0,34,186,0,220,16,0,16,236
11/10/2010,PWK,IL,AGL,CE,Towers with Radar,0,31,88,0,119,0,0,125,0,125,0,31,213,0,244,143,0,143,387
11/11/2010,PWK,IL,AGL,CE,Towers with Radar,0,37,92,0,129,0,0,82,0,82,0,37,174,0,211,146,0,146,357
11/12/2010,PWK,IL,AGL,CE,Towers with Radar,0,30,57,0,87,0,0,88,0,88,0,30,145,0,175,92,0,92,267
11/13/2010,PWK,IL,AGL,CE,Towers with Radar,0,22,42,0,64,0,0,26,0,26,0,22,68,0,90,38,0,38,128
11/14/2010,PWK,IL,AGL,CE,Towers with Radar,0,31,56,0,87,0,0,27,0,27,0,31,83,0,114,4,0,4,118
11/15/2010,PWK,IL,AGL,CE,Towers with Radar,0,34,62,0,96,0,0,80,0,80,0,34,142,0,176,102,0,102,278
11/16/2010,PWK,IL,AGL,CE,Towers with Radar,0,36,72,0,108,0,0,116,0,116,0,36,188,0,224,50,0,50,274
11/17/2010,PWK,IL,AGL,CE,Towers with Radar,0,31,79,0,110,0,0,37,0,37,0,31,116,0,147,62,0,62,209
11/18/2010,PWK,IL,AGL,CE,Towers with Radar,0,55,78,0,133,0,0,110,0,110,0,55,188,0,243,98,0,98,341
11/19/2010,PWK,IL,AGL,CE,Towers with Radar,0,44,70,0,114,0,0,55,0,55,0,44,125,0,169,32,0,32,201
11/20/2010,PWK,IL,AGL,CE,Towers with Radar,0,24,27,0,51,0,0,129,0,129,0,24,156,0,180,84,0,84,264
11/21/2010,PWK,IL,AGL,CE,Towers with Radar,0,17,57,0,74,0,0,3,0,3,0,17,60,0,77,22,0,22,99
11/22/2010,PWK,IL,AGL,CE,Towers with Radar,0,40,40,0,80,0,0,12,0,12,0,40,52,0,92,66,0,66,158
11/23/2010,PWK,IL,AGL,CE,Towers with Radar,0,37,78,0,115,0,0,104,0,104,0,37,182,0,219,128,0,128,347
11/24/2010,PWK,IL,AGL,CE,Towers with Radar,0,41,66,0,107,0,0,37,0,37,0,41,103,0,144,28,0,28,172
11/25/2010,PWK,IL,AGL,CE,Towers with Radar,0,21,15,0,36,0,0,1,0,1,0,21,16,0,37,0,0,0,37
11/26/2010,PWK,IL,AGL,CE,Towers with Radar,0,33,25,0,58,0,2,47,0,49,0,35,72,0,107,4,0,4,111
11/27/2010,PWK,IL,AGL,CE,Towers with Radar,0,37,41,0,78,0,0,148,0,148,0,37,189,0,226,122,0,122,348
11/28/2010,PWK,IL,AGL,CE,Towers with Radar,0,65,110,0,175,0,0,148,0,148,0,65,258,0,323,152,0,152,475
11/29/2010,PWK,IL,AGL,CE,Towers with Radar,0,31,52,0,83,0,0,39,0,39,0,31,91,0,122,48,0,48,170
11/30/2010,PWK,IL,AGL,CE,Towers with Radar,0,51,72,0,123,0,0,6,0,6,0,51,78,0,129,2,0,2,131
12/01/2010,PWK,IL,AGL,CE,Towers with Radar,0,45,62,0,107,0,0,21,0,21,0,45,83,0,128,22,0,22,150
12/02/2010,PWK,IL,AGL,CE,Towers with Radar,0,43,69,0,112,0,0,71,0,71,0,43,140,0,183,42,10,52,235
12/03/2010,PWK,IL,AGL,CE,Towers with Radar,0,44,67,0,111,0,0,95,0,95,0,44,162,0,206,124,0,124,330
12/04/2010,PWK,IL,AGL,CE,Towers with Radar,0,8,17,0,25,0,0,0,0,0,0,8,17,0,25,0,0,0,25
12/05/2010,PWK,IL,AGL,CE,Towers with Radar,0,35,49,0,84,0,1,54,0,55,0,36,103,0,139,92,0,92,231
12/06/2010,PWK,IL,AGL,CE,Towers with Radar,0,37,38,0,75,0,0,31,0,31,0,37,69,0,106,24,0,24,130
12/07/2010,PWK,IL,AGL,CE,Towers with Radar,0,30,66,2,98,0,0,50,0,50,0,30,116,2,148,30,0,30,178
12/08/2010,PWK,IL,AGL,CE,Towers with Radar,0,30,73,0,103,0,0,77,1,78,0,30,150,1,181,80,0,80,261
12/09/2010,PWK,IL,AGL,CE,Towers with Radar,0,36,85,0,121,0,0,36,0,36,0,36,121,0,157,34,0,34,191
12/10/2010,PWK,IL,AGL,CE,Towers with Radar,0,44,69,0,113,0,0,68,0,68,0,44,137,0,181,44,0,44,225
12/11/2010,PWK,IL,AGL,CE,Towers with Radar,0,19,29,0,48,0,0,3,0,3,0,19,32,0,51,82,0,82,133
12/12/2010,PWK,IL,AGL,CE,Towers with Radar,0,14,8,0,22,0,0,0,0,0,0,14,8,0,22,0,0,0,22
12/13/2010,PWK,IL,AGL,CE,Towers with Radar,0,37,68,0,105,0,0,32,0,32,0,37,100,0,137,38,0,38,175
12/14/2010,PWK,IL,AGL,CE,Towers with Radar,0,45,64,0,109,0,0,73,0,73,0,45,137,0,182,44,0,44,226
12/15/2010,PWK,IL,AGL,CE,Towers with Radar,0,27,63,0,90,0,0,74,0,74,0,27,137,0,164,23,0,23,187
12/16/2010,PWK,IL,AGL,CE,Towers with Radar,0,35,61,0,96,0,0,27,0,27,0,35,88,0,123,0,0,0,123
12/17/2010,PWK,IL,AGL,CE,Towers with Radar,0,46,83,0,129,0,0,72,0,72,0,46,155,0,201,64,0,64,265
12/18/2010,PWK,IL,AGL,CE,Towers with Radar,0,24,35,0,59,0,0,101,0,101,0,24,136,0,160,60,0,60,220
12/19/2010,PWK,IL,AGL,CE,Towers with Radar,0,26,36,0,62,0,0,86,0,86,0,26,122,0,148,111,0,111,259
12/20/2010,PWK,IL,AGL,CE,Towers with Radar,0,23,54,0,77,0,0,37,0,37,0,23,91,0,114,32,0,32,146
12/21/2010,PWK,IL,AGL,CE,Towers with Radar,0,22,29,0,51,0,0,0,0,0,0,22,29,0,51,0,0,0,51
12/22/2010,PWK,IL,AGL,CE,Towers with Radar,0,24,29,0,53,0,0,15,0,15,0,24,44,0,68,12,0,12,80
12/23/2010,PWK,IL,AGL,CE,Towers with Radar,0,32,45,0,77,0,0,62,0,62,0,32,107,0,139,123,0,123,262
12/24/2010,PWK,IL,AGL,CE,Towers with Radar,0,9,8,0,17,0,0,0,0,0,0,9,8,0,17,0,0,0,17
12/25/2010,PWK,IL,AGL,CE,Towers with Radar,0,21,7,0,28,0,0,3,0,3,0,21,10,0,31,0,0,0,31
12/26/2010,PWK,IL,AGL,CE,Towers with Radar,0,41,51,0,92,0,0,4,0,4,0,41,55,0,96,56,0,56,152
12/27/2010,PWK,IL,AGL,CE,Towers with Radar,0,32,39,0,71,0,0,43,0,43,0,32,82,0,114,112,0,112,226
12/28/2010,PWK,IL,AGL,CE,Towers with Radar,0,32,56,0,88,0,0,74,0,74,0,32,130,0,162,66,0,66,228
12/29/2010,PWK,IL,AGL,CE,Towers with Radar,0,27,45,0,72,0,0,48,0,48,0,27,93,0,120,38,0,38,158
12/30/2010,PWK,IL,AGL,CE,Towers with Radar,0,15,23,0,38,0,0,2,0,2,0,15,25,0,40,0,0,0,40
12/31/2010,PWK,IL,AGL,CE,Towers with Radar,0,17,28,0,45,0,0,0,0,0,0,17,28,0,45,18,0,18,63
01/01/2011,PWK,IL,AGL,CE,Towers with Radar,0,29,13,5,47,0,0,8,0,8,0,29,21,5,55,0,0,0,55
01/02/2011,PWK,IL,AGL,CE,Towers with Radar,0,54,78,0,132,0,1,102,0,103,0,55,180,0,235,30,0,30,265
01/03/2011,PWK,IL,AGL,CE,Towers with Radar,0,32,35,0,67,0,0,70,0,70,0,32,105,0,137,30,0,30,167
01/04/2011,PWK,IL,AGL,CE,Towers with Radar,0,32,44,0,76,0,0,59,0,59,0,32,103,0,135,82,0,82,217
01/05/2011,PWK,IL,AGL,CE,Towers with Radar,0,40,61,0,101,0,0,50,0,50,0,40,111,0,151,96,0,96,247
01/06/2011,PWK,IL,AGL,CE,Towers with Radar,0,32,41,2,75,0,2,28,0,30,0,34,69,2,105,32,0,32,137
01/07/2011,PWK,IL,AGL,CE,Towers with Radar,0,31,56,0,87,0,0,34,0,34,0,31,90,0,121,12,0,12,133
01/08/2011,PWK,IL,AGL,CE,Towers with Radar,0,20,35,0,55,0,0,88,0,88,0,20,123,0,143,100,0,100,243
01/09/2011,PWK,IL,AGL,CE,Towers with Radar,0,15,39,0,54,0,0,120,0,120,0,15,159,0,174,62,0,62,236
01/10/2011,PWK,IL,AGL,CE,Towers with Radar,0,33,60,0,93,0,0,84,0,84,0,33,144,0,177,26,0,26,203
01/11/2011,PWK,IL,AGL,CE,Towers with Radar,0,17,43,0,60,0,0,0,0,0,0,17,43,0,60,0,0,0,60
01/12/2011,PWK,IL,AGL,CE,Towers with Radar,0,47,68,0,115,0,0,54,0,54,0,47,122,0,169,15,0,15,184
01/13/2011,PWK,IL,AGL,CE,Towers with Radar,0,37,68,0,105,0,0,61,0,61,0,37,129,0,166,48,0,48,214
01/14/2011,PWK,IL,AGL,CE,Towers with Radar,0,41,58,0,99,0,0,42,0,42,0,41,100,0,141,64,0,64,205
01/15/2011,PWK,IL,AGL,CE,Towers with Radar,0,15,42,0,57,0,0,52,0,52,0,15,94,0,109,103,0,103,212
01/16/2011,PWK,IL,AGL,CE,Towers with Radar,0,12,41,0,53,0,0,84,0,84,0,12,125,0,137,118,0,118,255
01/17/2011,PWK,IL,AGL,CE,Towers with Radar,0,25,36,0,61,0,0,1,0,1,0,25,37,0,62,0,0,0,62
01/18/2011,PWK,IL,AGL,CE,Towers with Radar,0,32,50,0,82,0,0,0,0,0,0,32,50,0,82,3,0,3,85
01/19/2011,PWK,IL,AGL,CE,Towers with Radar,0,26,81,0,107,0,0,46,0,46,0,26,127,0,153,67,0,67,220
01/20/2011,PWK,IL,AGL,CE,Towers with Radar,0,39,72,0,111,0,0,58,0,58,0,39,130,0,169,30,0,30,199
01/21/2011,PWK,IL,AGL,CE,Towers with Radar,0,35,50,0,85,0,0,37,0,37,0,35,87,0,122,30,0,30,152
01/22/2011,PWK,IL,AGL,CE,Towers with Radar,0,25,22,0,47,0,1,37,0,38,0,26,59,0,85,56,0,56,141
01/23/2011,PWK,IL,AGL,CE,Towers with Radar,0,27,46,0,73,0,0,60,0,60,0,27,106,0,133,61,0,61,194
01/24/2011,PWK,IL,AGL,CE,Towers with Radar,0,32,47,0,79,0,0,0,0,0,0,32,47,0,79,0,0,0,79
01/25/2011,PWK,IL,AGL,CE,Towers with Radar,0,29,86,0,115,0,0,5,0,5,0,29,91,0,120,26,0,26,146
01/26/2011,PWK,IL,AGL,CE,Towers with Radar,0,37,51,0,88,0,0,9,0,9,0,37,60,0,97,80,0,80,177
01/27/2011,PWK,IL,AGL,CE,Towers with Radar,0,40,55,2,97,0,0,2,0,2,0,40,57,2,99,26,0,26,125
01/28/2011,PWK,IL,AGL,CE,Towers with Radar,0,37,63,0,100,0,0,66,0,66,0,37,129,0,166,40,0,40,206
01/29/2011,PWK,IL,AGL,CE,Towers with Radar,0,16,28,0,44,0,0,32,0,32,0,16,60,0,76,128,0,128,204
01/30/2011,PWK,IL,AGL,CE,Towers with Radar,0,24,41,0,65,0,0,49,0,49,0,24,90,0,114,53,0,53,167
01/31/2011,PWK,IL,AGL,CE,Towers with Radar,0,30,47,0,77,0,0,25,0,25,0,30,72,0,102,29,0,29,131
02/01/2011,PWK,IL,AGL,CE,Towers with Radar,0,1,10,0,11,0,0,0,0,0,0,1,10,0,11,0,0,0,11
02/02/2011,PWK,IL,AGL,CE,Towers with Radar,0,10,11,0,21,0,0,0,0,0,0,10,11,0,21,0,0,0,21
02/03/2011,PWK,IL,AGL,CE,Towers with Radar,0,36,65,1,102,0,0,29,0,29,0,36,94,1,131,18,0,18,149
02/04/2011,PWK,IL,AGL,CE,Towers with Radar,0,43,61,0,104,0,0,42,0,42,0,43,103,0,146,20,0,20,166
02/05/2011,PWK,IL,AGL,CE,Towers with Radar,0,23,36,1,60,0,1,104,0,105,0,24,140,1,165,64,0,64,229
02/06/2011,PWK,IL,AGL,CE,Towers with Radar,0,31,16,0,47,0,0,0,0,0,0,31,16,0,47,0,0,0,47
02/07/2011,PWK,IL,AGL,CE,Towers with Radar,0,47,53,0,100,0,0,13,0,13,0,47,66,0,113,24,0,24,137
02/08/2011,PWK,IL,AGL,CE,Towers with Radar,0,26,47,0,73,0,1,36,0,37,0,27,83,0,110,8,0,8,118
02/09/2011,PWK,IL,AGL,CE,Towers with Radar,0,34,76,0,110,0,0,37,0,37,0,34,113,0,147,18,0,18,165
02/10/2011,PWK,IL,AGL,CE,Towers with Radar,0,29,72,0,101,0,0,52,0,52,0,29,124,0,153,52,0,52,205
02/11/2011,PWK,IL,AGL,CE,Towers with Radar,0,35,45,0,80,0,0,34,0,34,0,35,79,0,114,28,0,28,142
02/12/2011,PWK,IL,AGL,CE,Towers with Radar,0,26,22,0,48,0,0,120,0,120,0,26,142,0,168,90,0,90,258
02/13/2011,PWK,IL,AGL,CE,Towers with Radar,0,22,43,0,65,0,0,88,0,88,0,22,131,0,153,67,0,67,220
02/14/2011,PWK,IL,AGL,CE,Towers with Radar,0,24,46,0,70,0,0,59,0,59,0,24,105,0,129,40,0,40,169
02/15/2011,PWK,IL,AGL,CE,Towers with Radar,0,60,77,0,137,0,0,108,0,108,0,60,185,0,245,30,0,30,275
02/16/2011,PWK,IL,AGL,CE,Towers with Radar,0,43,49,1,93,0,0,23,12,35,0,43,72,13,128,53,4,57,185
02/17/2011,PWK,IL,AGL,CE,Towers with Radar,0,41,72,0,113,0,0,17,0,17,0,41,89,0,130,0,0,0,130
02/18/2011,PWK,IL,AGL,CE,Towers with Radar,0,41,62,0,103,0,0,42,0,42,0,41,104,0,145,14,0,14,159
02/19/2011,PWK,IL,AGL,CE,Towers with Radar,0,25,17,0,42,0,0,171,0,171,0,25,188,0,213,122,0,122,335
02/20/2011,PWK,IL,AGL,CE,Towers with Radar,0,19,25,0,44,0,0,0,0,0,0,19,25,0,44,0,0,0,44
02/21/2011,PWK,IL,AGL,CE,Towers with Radar,0,38,35,0,73,0,0,0,0,0,0,38,35,0,73,2,0,2,75
02/22/2011,PWK,IL,AGL,CE,Towers with Radar,0,38,55,0,93,0,0,12,0,12,0,38,67,0,105,73,0,73,178
02/23/2011,PWK,IL,AGL,CE,Towers with Radar,0,39,60,0,99,0,0,29,0,29,0,39,89,0,128,93,0,93,221
02/24/2011,PWK,IL,AGL,CE,Towers with Radar,0,37,72,0,109,0,0,41,0,41,0,37,113,0,150,62,0,62,212
02/25/2011,PWK,IL,AGL,CE,Towers with Radar,0,43,49,0,92,0,0,64,0,64,0,43,113,0,156,51,0,51,207
02/26/2011,PWK,IL,AGL,CE,Towers with Radar,0,18,14,0,32,0,0,2,0,2,0,18,16,0,34,52,0,52,86
02/27/2011,PWK,IL,AGL,CE,Towers with Radar,0,30,61,0,91,0,0,39,0,39,0,30,100,0,130,70,0,70,200
02/28/2011,PWK,IL,AGL,CE,Towers with Radar,0,31,48,0,79,0,0,47,0,47,0,31,95,0,126,86,0,86,212
03/01/2011,PWK,IL,AGL,CE,Towers with Radar,0,38,60,0,98,0,1,77,0,78,0,39,137,0,176,52,4,56,232
03/02/2011,PWK,IL,AGL,CE,Towers with Radar,0,49,55,0,104,0,0,87,0,87,0,49,142,0,191,39,0,39,230
03/03/2011,PWK,IL,AGL,CE,Towers with Radar,0,48,68,5,121,0,0,86,0,86,0,48,154,5,207,76,0,76,283
03/04/2011,PWK,IL,AGL,CE,Towers with Radar,0,20,62,0,82,0,0,9,0,9,0,20,71,0,91,4,0,4,95
03/05/2011,PWK,IL,AGL,CE,Towers with Radar,0,13,25,0,38,0,0,1,0,1,0,13,26,0,39,0,0,0,39
03/06/2011,PWK,IL,AGL,CE,Towers with Radar,0,37,49,0,86,0,0,110,0,110,0,37,159,0,196,194,0,194,390
03/07/2011,PWK,IL,AGL,CE,Towers with Radar,0,52,56,0,108,0,0,37,0,37,0,52,93,0,145,130,0,130,275
03/08/2011,PWK,IL,AGL,CE,Towers with Radar,0,42,53,0,95,0,0,65,0,65,0,42,118,0,160,70,0,70,230
03/09/2011,PWK,IL,AGL,CE,Towers with Radar,0,45,58,0,103,0,0,0,0,0,0,45,58,0,103,0,0,0,103
03/10/2011,PWK,IL,AGL,CE,Towers with Radar,0,48,53,0,101,0,0,58,0,58,0,48,111,0,159,95,0,95,254
03/11/2011,PWK,IL,AGL,CE,Towers with Radar,0,38,63,0,101,0,0,146,0,146,0,38,209,0,247,80,0,80,327
03/12/2011,PWK,IL,AGL,CE,Towers with Radar,0,15,21,0,36,0,0,12,0,12,0,15,33,0,48,6,0,6,54
03/13/2011,PWK,IL,AGL,CE,Towers with Radar,0,39,56,0,95,0,0,159,0,159,0,39,215,0,254,128,0,128,382
03/14/2011,PWK,IL,AGL,CE,Towers with Radar,0,40,56,0,96,0,1,58,0,59,0,41,114,0,155,68,0,68,223
03/15/2011,PWK,IL,AGL,CE,Towers with Radar,0,26,80,0,106,0,0,88,0,88,0,26,168,0,194,111,2,113,307
03/16/2011,PWK,IL,AGL,CE,Towers with Radar,0,32,72,0,104,0,0,137,0,137,0,32,209,0,241,132,0,132,373
03/17/2011,PWK,IL,AGL,CE,Towers with Radar,0,50,47,0,97,0,2,45,0,47,0,52,92,0,144,4,0,4,148
03/18/2011,PWK,IL,AGL,CE,Towers with Radar,0,53,73,0,126,0,0,104,0,104,0,53,177,0,230,58,0,58,288
03/19/2011,PWK,IL,AGL,CE,Towers with Radar,0,29,48,0,77,0,0,169,0,169,0,29,217,0,246,118,0,118,364
03/20/2011,PWK,IL,AGL,CE,Towers with Radar,0,25,52,0,77,0,0,14,0,14,0,25,66,0,91,36,0,36,127
03/21/2011,PWK,IL,AGL,CE,Towers with Radar,0,26,61,2,89,0,0,26,0,26,0,26,87,2,115,26,0,26,141
03/22/2011,PWK,IL,AGL,CE,Towers with Radar,0,25,84,1,110,0,0,0,0,0,0,25,84,1,110,0,0,0,110
03/23/2011,PWK,IL,AGL,CE,Towers with Radar,0,30,50,0,80,0,0,0,0,0,0,30,50,0,80,0,0,0,80
03/24/2011,PWK,IL,AGL,CE,Towers with Radar,0,42,69,0,111,0,0,72,0,72,0,42,141,0,183,20,0,20,203
03/25/2011,PWK,IL,AGL,CE,Towers with Radar,0,46,49,0,95,0,0,80,0,80,0,46,129,0,175,88,0,88,263
03/26/2011,PWK,IL,AGL,CE,Towers with Radar,0,34,44,0,78,0,1,93,0,94,0,35,137,0,172,50,0,50,222
03/27/2011,PWK,IL,AGL,CE,Towers with Radar,0,26,42,0,68,0,0,146,0,146,0,26,188,0,214,18,0,18,232
03/28/2011,PWK,IL,AGL,CE,Towers with Radar,0,40,52,0,92,0,0,73,0,73,0,40,125,0,165,107,0,107,272
03/29/2011,PWK,IL,AGL,CE,Towers with Radar,0,28,52,1,81,0,1,72,0,73,0,29,124,1,154,112,0,112,266
03/30/2011,PWK,IL,AGL,CE,Towers with Radar,0,23,59,0,82,0,0,76,0,76,0,23,135,0,158,55,0,55,213
03/31/2011,PWK,IL,AGL,CE,Towers with Radar,0,46,52,0,98,0,1,117,0,118,0,47,169,0,216,99,0,99,315
04/01/2011,PWK,IL,AGL,CE,Towers with Radar,0,33,40,0,73,0,0,16,0,16,0,33,56,0,89,36,0,36,125
04/02/2011,PWK,IL,AGL,CE,Towers with Radar,0,33,49,0,82,0,2,100,0,102,0,35,149,0,184,122,0,122,306
04/03/2011,PWK,IL,AGL,CE,Towers with Radar,0,49,45,0,94,0,0,26,0,26,0,49,71,0,120,88,0,88,208
04/04/2011,PWK,IL,AGL,CE,Towers with Radar,0,33,54,0,87,0,0,0,0,0,0,33,54,0,87,38,0,38,125
04/05/2011,PWK,IL,AGL,CE,Towers with Radar,0,41,78,0,119,0,0,87,0,87,0,41,165,0,206,68,0,68,274
04/06/2011,PWK,IL,AGL,CE,Towers with Radar,0,54,68,0,122,0,0,63,0,63,0,54,131,0,185,36,0,36,221
04/07/2011,PWK,IL,AGL,CE,Towers with Radar,0,49,57,0,106,0,0,3,0,3,0,49,60,0,109,4,0,4,113
04/08/2011,PWK,IL,AGL,CE,Towers with Radar,0,53,79,0,132,0,0,2,0,2,0,53,81,0,134,0,0,0,134
04/09/2011,PWK,IL,AGL,CE,Towers with Radar,0,34,41,0,75,0,0,43,0,43,0,34,84,0,118,82,0,82,200
04/10/2011,PWK,IL,AGL,CE,Towers with Radar,0,45,43,0,88,0,0,50,0,50,0,45,93,0,138,38,0,38,176
04/11/2011,PWK,IL,AGL,CE,Towers with Radar,0,25,47,0,72,0,2,55,0,57,0,27,102,0,129,18,0,18,147
04/12/2011,PWK,IL,AGL,CE,Towers with Radar,0,43,45,0,88,0,0,129,0,129,0,43,174,0,217,138,0,138,355
04/13/2011,PWK,IL,AGL,CE,Towers with Radar,0,47,64,0,111,0,0,123,0,123,0,47,187,0,234,88,0,88,322
04/14/2011,PWK,IL,AGL,CE,Towers with Radar,0,51,93,2,146,0,0,16,0,16,0,51,109,2,162,4,0,4,166
04/15/2011,PWK,IL,AGL,CE,Towers with Radar,0,32,47,0,79,0,0,5,0,5,0,32,52,0,84,0,0,0,84
04/16/2011,PWK,IL,AGL,CE,Towers with Radar,0,23,26,0,49,0,0,0,0,0,0,23,26,0,49,2,0,2,51
04/17/2011,PWK,IL,AGL,CE,Towers with Radar,0,29,40,0,69,0,0,90,0,90,0,29,130,0,159,90,0,90,249
04/18/2011,PWK,IL,AGL,CE,Towers with Radar,0,35,51,0,86,0,0,11,0,11,0,35,62,0,97,36,0,36,133
04/19/2011,PWK,IL,AGL,CE,Towers with Radar,0,43,35,0,78,0,0,2,0,2,0,43,37,0,80,0,0,0,80
04/20/2011,PWK,IL,AGL,CE,Towers with Radar,0,42,71,0,113,0,0,21,0,21,0,42,92,0,134,94,0,94,228
04/21/2011,PWK,IL,AGL,CE,Towers with Radar,0,55,120,0,175,0,0,118,2,120,0,55,238,2,295,67,6,73,368
04/22/2011,PWK,IL,AGL,CE,Towers with Radar,0,35,49,0,84,0,0,0,0,0,0,35,49,0,84,0,0,0,84
04/23/2011,PWK,IL,AGL,CE,Towers with Radar,0,22,34,0,56,0,0,50,0,50,0,22,84,0,106,94,0,94,200
04/24/2011,PWK,IL,AGL,CE,Towers with Radar,0,30,46,0,76,0,0,59,0,59,0,30,105,0,135,54,0,54,189
04/25/2011,PWK,IL,AGL,CE,Towers with Radar,0,45,67,0,112,0,0,24,0,24,0,45,91,0,136,22,0,22,158
04/26/2011,PWK,IL,AGL,CE,Towers with Radar,0,41,57,0,98,0,0,15,0,15,0,41,72,0,113,2,0,2,115
04/27/2011,PWK,IL,AGL,CE,Towers with Radar,0,39,76,0,115,0,3,0,0,3,0,42,76,0,118,16,0,16,134
04/28/2011,PWK,IL,AGL,CE,Towers with Radar,0,41,76,0,117,0,0,30,0,30,0,41,106,0,147,42,0,42,189
04/29/2011,PWK,IL,AGL,CE,Towers with Radar,0,42,74,0,116,0,0,168,0,168,0,42,242,0,284,157,0,157,441
04/30/2011,PWK,IL,AGL,CE,Towers with Radar,0,25,50,0,75,0,0,59,0,59,0,25,109,0,134,106,0,106,240
05/01/2011,PWK,IL,AGL,CE,Towers with Radar,0,37,47,0,84,0,0,94,0,94,0,37,141,0,178,34,0,34,212
05/02/2011,PWK,IL,AGL,CE,Towers with Radar,0,30,60,0,90,0,0,89,0,89,0,30,149,0,179,74,0,74,253
05/03/2011,PWK,IL,AGL,CE,Towers with Radar,0,37,69,0,106,0,0,73,0,73,0,37,142,0,179,208,0,208,387
05/04/2011,PWK,IL,AGL,CE,Towers with Radar,0,36,95,1,132,0,0,126,0,126,0,36,221,1,258,144,0,144,402
05/05/2011,PWK,IL,AGL,CE,Towers with Radar,0,41,70,0,111,0,0,57,0,57,0,41,127,0,168,22,0,22,190
05/06/2011,PWK,IL,AGL,CE,Towers with Radar,0,53,42,0,95,0,0,115,0,115,0,53,157,0,210,42,0,42,252
05/07/2011,PWK,IL,AGL,CE,Towers with Radar,0,13,46,0,59,0,0,120,0,120,0,13,166,0,179,140,0,140,319
05/08/2011,PWK,IL,AGL,CE,Towers with Radar,0,20,62,0,82,0,0,118,0,118,0,20,180,0,200,140,0,140,340
05/09/2011,PWK,IL,AGL,CE,Towers with Radar,0,24,55,0,79,0,0,37,2,39,0,24,92,2,118,50,0,50,168
05/10/2011,PWK,IL,AGL,CE,Towers with Radar,0,44,70,0,114,0,1,77,0,78,0,45,147,0,192,200,0,200,392
05/11/2011,PWK,IL,AGL,CE,Towers with Radar,0,29,84,0,113,0,0,45,0,45,0,29,129,0,158,12,0,12,170
05/12/2011,PWK,IL,AGL,CE,Towers with Radar,0,44,75,0,119,0,0,67,0,67,0,44,142,0,186,140,6,146,332
05/13/2011,PWK,IL,AGL,CE,Towers with Radar,0,44,64,0,108,0,0,23,0,23,0,44,87,0,131,0,0,0,131
05/14/2011,PWK,IL,AGL,CE,Towers with Radar,0,22,39,0,61,0,0,0,0,0,0,22,39,0,61,0,0,0,61
05/15/2011,PWK,IL,AGL,CE,Towers with Radar,0,29,56,0,85,0,0,9,0,9,0,29,65,0,94,14,0,14,108
05/16/2011,PWK,IL,AGL,CE,Towers with Radar,0,44,72,0,116,0,0,74,0,74,0,44,146,0,190,18,0,18,208
05/17/2011,PWK,IL,AGL,CE,Towers with Radar,0,51,78,0,129,0,0,64,0,64,0,51,142,0,193,50,0,50,243
05/18/2011,PWK,IL,AGL,CE,Towers with Radar,0,42,100,0,142,0,0,0,0,0,0,42,100,0,142,0,0,0,142
05/19/2011,PWK,IL,AGL,CE,Towers with Radar,0,64,76,0,140,0,2,81,0,83,0,66,157,0,223,40,0,40,263
05/20/2011,PWK,IL,AGL,CE,Towers with Radar,0,33,86,0,119,0,0,154,0,154,0,33,240,0,273,180,0,180,453
05/21/2011,PWK,IL,AGL,CE,Towers with Radar,0,19,37,0,56,0,0,78,0,78,0,19,115,0,134,121,0,121,255
05/22/2011,PWK,IL,AGL,CE,Towers with Radar,0,29,43,0,72,0,0,74,0,74,0,29,117,0,146,48,0,48,194
05/23/2011,PWK,IL,AGL,CE,Towers with Radar,0,32,60,0,92,0,0,52,2,54,0,32,112,2,146,38,0,38,184
05/24/2011,PWK,IL,AGL,CE,Towers with Radar,0,52,87,0,139,0,0,58,0,58,0,52,145,0,197,48,0,48,245
05/25/2011,PWK,IL,AGL,CE,Towers with Radar,0,26,48,0,74,0,0,0,0,0,0,26,48,0,74,0,0,0,74
05/26/2011,PWK,IL,AGL,CE,Towers with Radar,0,56,73,0,129,0,0,7,0,7,0,56,80,0,136,23,0,23,159
05/27/2011,PWK,IL,AGL,CE,Towers with Radar,0,39,82,0,121,0,0,135,0,135,0,39,217,0,256,116,0,116,372
05/28/2011,PWK,IL,AGL,CE,Towers with Radar,0,19,51,0,70,0,0,1,0,1,0,19,52,0,71,30,0,30,101
05/29/2011,PWK,IL,AGL,CE,Towers with Radar,0,17,23,0,40,0,0,13,0,13,0,17,36,0,53,22,0,22,75
05/30/2011,PWK,IL,AGL,CE,Towers with Radar,0,34,58,0,92,0,0,120,0,120,0,34,178,0,212,128,0,128,340
05/31/2011,PWK,IL,AGL,CE,Towers with Radar,0,32,54,2,88,0,0,54,0,54,0,32,108,2,142,28,0,28,170
06/01/2011,PWK,IL,AGL,CE,Towers with Radar,0,28,83,0,111,0,1,147,0,148,0,29,230,0,259,44,0,44,303
06/02/2011,PWK,IL,AGL,CE,Towers with Radar,0,33,75,0,108,0,1,138,0,139,0,34,213,0,247,113,0,113,360
06/03/2011,PWK,IL,AGL,CE,Towers with Radar,0,40,80,0,120,0,0,101,0,101,0,40,181,0,221,56,0,56,277
06/04/2011,PWK,IL,AGL,CE,Towers with Radar,0,17,26,0,43,0,0,100,0,100,0,17,126,0,143,136,0,136,279
06/05/2011,PWK,IL,AGL,CE,Towers with Radar,0,32,61,0,93,0,1,175,0,176,0,33,236,0,269,140,0,140,409
06/06/2011,PWK,IL,AGL,CE,Towers with Radar,0,38,63,0,101,0,1,88,0,89,0,39,151,0,190,118,0,118,308
06/07/2011,PWK,IL,AGL,CE,Towers with Radar,0,49,59,0,108,0,3,80,0,83,0,52,139,0,191,74,0,74,265
06/08/2011,PWK,IL,AGL,CE,Towers with Radar,0,24,72,0,96,0,0,52,0,52,0,24,124,0,148,30,0,30,178
06/09/2011,PWK,IL,AGL,CE,Towers with Radar,0,60,91,0,151,0,0,11,0,11,0,60,102,0,162,10,0,10,172
06/10/2011,PWK,IL,AGL,CE,Towers with Radar,0,50,68,0,118,0,0,0,0,0,0,50,68,0,118,0,0,0,118
06/11/2011,PWK,IL,AGL,CE,Towers with Radar,0,35,49,0,84,0,0,10,0,10,0,35,59,0,94,30,0,30,124
06/12/2011,PWK,IL,AGL,CE,Towers with Radar,0,22,93,0,115,0,0,154,0,154,0,22,247,0,269,48,0,48,317
06/13/2011,PWK,IL,AGL,CE,Towers with Radar,0,34,58,0,92,0,0,123,0,123,0,34,181,0,215,126,0,126,341
06/14/2011,PWK,IL,AGL,CE,Towers with Radar,0,46,74,0,120,0,0,113,1,114,0,46,187,1,234,86,0,86,320
06/15/2011,PWK,IL,AGL,CE,Towers with Radar,0,53,105,0,158,0,0,10,0,10,0,53,115,0,168,24,0,24,192
06/16/2011,PWK,IL,AGL,CE,Towers with Radar,0,53,112,0,165,0,0,73,0,73,0,53,185,0,238,178,0,178,416
06/17/2011,PWK,IL,AGL,CE,Towers with Radar,0,41,90,0,131,0,0,132,0,132,0,41,222,0,263,106,0,106,369
06/18/2011,PWK,IL,AGL,CE,Towers with Radar,0,27,52,0,79,0,0,111,0,111,0,27,163,0,190,158,0,158,348
06/19/2011,PWK,IL,AGL,CE,Towers with Radar,0,44,70,0,114,0,0,72,0,72,0,44,142,0,186,104,0,104,290
06/20/2011,PWK,IL,AGL,CE,Towers with Radar,0,56,71,0,127,0,0,28,0,28,0,56,99,0,155,39,0,39,194
06/21/2011,PWK,IL,AGL,CE,Towers with Radar,0,29,76,0,105,0,0,63,0,63,0,29,139,0,168,160,0,160,328
06/22/2011,PWK,IL,AGL,CE,Towers with Radar,0,53,69,0,122,0,0,46,0,46,0,53,115,0,168,10,0,10,178
06/23/2011,PWK,IL,AGL,CE,Towers with Radar,0,43,99,0,142,0,0,21,0,21,0,43,120,0,163,28,0,28,191
06/24/2011,PWK,IL,AGL,CE,Towers with Radar,0,39,86,1,126,0,0,91,0,91,0,39,177,1,217,115,0,115,332
06/25/2011,PWK,IL,AGL,CE,Towers with Radar,0,22,58,0,80,0,0,218,0,218,0,22,276,0,298,66,2,68,366
06/26/2011,PWK,IL,AGL,CE,Towers with Radar,0,24,80,0,104,0,0,121,2,123,0,24,201,2,227,82,0,82,309
06/27/2011,PWK,IL,AGL,CE,Towers with Radar,0,37,76,0,113,0,0,35,0,35,0,37,111,0,148,134,0,134,282
06/28/2011,PWK,IL,AGL,CE,Towers with Radar,0,36,75,0,111,0,0,117,0,117,0,36,192,0,228,94,0,94,322
06/29/2011,PWK,IL,AGL,CE,Towers with Radar,0,53,98,0,151,0,0,149,0,149,0,53,247,0,300,66,0,66,366
06/30/2011,PWK,IL,AGL,CE,Towers with Radar,0,47,120,0,167,0,0,93,0,93,0,47,213,0,260,72,0,72,332
07/01/2011,PWK,IL,AGL,CE,Towers with Radar,0,46,88,0,134,0,0,55,0,55,0,46,143,0,189,32,0,32,221
07/02/2011,PWK,IL,AGL,CE,Towers with Radar,0,29,39,0,68,0,0,105,0,105,0,29,144,0,173,116,0,116,289
07/03/2011,PWK,IL,AGL,CE,Towers with Radar,0,16,37,0,53,0,0,94,0,94,0,16,131,0,147,96,0,96,243
07/04/2011,PWK,IL,AGL,CE,Towers with Radar,0,13,40,0,53,0,0,77,0,77,0,13,117,0,130,24,0,24,154
07/05/2011,PWK,IL,AGL,CE,Towers with Radar,0,44,64,0,108,0,0,125,0,125,0,44,189,0,233,100,2,102,335
07/06/2011,PWK,IL,AGL,CE,Towers with Radar,0,36,71,0,107,0,0,128,0,128,0,36,199,0,235,86,0,86,321
07/07/2011,PWK,IL,AGL,CE,Towers with Radar,0,54,60,0,114,0,0,116,0,116,0,54,176,0,230,72,0,72,302
07/08/2011,PWK,IL,AGL,CE,Towers with Radar,0,29,67,0,96,0,0,107,0,107,0,29,174,0,203,120,0,120,323
07/09/2011,PWK,IL,AGL,CE,Towers with Radar,0,17,48,0,65,0,0,140,0,140,0,17,188,0,205,52,0,52,257
07/10/2011,PWK,IL,AGL,CE,Towers with Radar,0,16,72,0,88,0,0,88,0,88,0,16,160,0,176,112,0,112,288
07/11/2011,PWK,IL,AGL,CE,Towers with Radar,0,29,85,0,114,0,0,70,0,70,0,29,155,0,184,62,0,62,246
07/12/2011,PWK,IL,AGL,CE,Towers with Radar,0,38,69,1,108,0,1,124,0,125,0,39,193,1,233,102,8,110,343
07/13/2011,PWK,IL,AGL,CE,Towers with Radar,0,34,74,0,108,0,0,99,0,99,0,34,173,0,207,66,0,66,273
07/14/2011,PWK,IL,AGL,CE,Towers with Radar,0,51,100,0,151,0,0,116,0,116,0,51,216,0,267,126,0,126,393
07/15/2011,PWK,IL,AGL,CE,Towers with Radar,0,54,85,0,139,0,0,89,0,89,0,54,174,0,228,44,0,44,272
07/16/2011,PWK,IL,AGL,CE,Towers with Radar,0,19,63,0,82,0,1,140,0,141,0,20,203,0,223,88,0,88,311
07/17/2011,PWK,IL,AGL,CE,Towers with Radar,0,46,91,0,137,0,0,115,0,115,0,46,206,0,252,90,0,90,342
07/18/2011,PWK,IL,AGL,CE,Towers with Radar,0,43,85,0,128,0,0,47,0,47,0,43,132,0,175,23,0,23,198
07/19/2011,PWK,IL,AGL,CE,Towers with Radar,0,46,88,0,134,0,0,70,0,70,0,46,158,0,204,98,0,98,302
07/20/2011,PWK,IL,AGL,CE,Towers with Radar,0,44,99,0,143,0,0,100,0,100,0,44,199,0,243,82,0,82,325
07/21/2011,PWK,IL,AGL,CE,Towers with Radar,0,53,100,0,153,0,0,96,0,96,0,53,196,0,249,18,0,18,267
07/22/2011,PWK,IL,AGL,CE,Towers with Radar,0,29,84,0,113,0,0,66,0,66,0,29,150,0,179,40,0,40,219
07/23/2011,PWK,IL,AGL,CE,Towers with Radar,0,25,30,3,58,0,0,58,0,58,0,25,88,3,116,90,0,90,206
07/24/2011,PWK,IL,AGL,CE,Towers with Radar,0,39,66,0,105,0,0,82,0,82,0,39,148,0,187,104,0,104,291
07/25/2011,PWK,IL,AGL,CE,Towers with Radar,0,40,70,1,111,0,0,119,0,119,0,40,189,1,230,94,0,94,324
07/26/2011,PWK,IL,AGL,CE,Towers with Radar,0,32,66,0,98,0,0,143,0,143,0,32,209,0,241,128,0,128,369
07/27/2011,PWK,IL,AGL,CE,Towers with Radar,0,39,81,0,120,0,0,47,0,47,0,39,128,0,167,24,0,24,191
07/28/2011,PWK,IL,AGL,CE,Towers with Radar,0,45,88,0,133,0,0,60,0,60,0,45,148,0,193,115,0,115,308
07/29/2011,PWK,IL,AGL,CE,Towers with Radar,0,48,88,0,136,0,0,102,0,102,0,48,190,0,238,42,0,42,280
07/30/2011,PWK,IL,AGL,CE,Towers with Radar,0,39,37,0,76,0,0,130,0,130,0,39,167,0,206,80,0,80,286
07/31/2011,PWK,IL,AGL,CE,Towers with Radar,0,29,79,0,108,0,0,169,0,169,0,29,248,0,277,56,0,56,333
08/01/2011,PWK,IL,AGL,CE,Towers with Radar,0,54,75,0,129,0,0,5,0,5,0,54,80,0,134,44,0,44,178
08/02/2011,PWK,IL,AGL,CE,Towers with Radar,0,36,60,0,96,0,0,65,0,65,0,36,125,0,161,102,0,102,263
08/03/2011,PWK,IL,AGL,CE,Towers with Radar,0,48,81,0,129,0,0,77,0,77,0,48,158,0,206,130,0,130,336
08/04/2011,PWK,IL,AGL,CE,Towers with Radar,0,40,90,2,132,0,0,86,0,86,0,40,176,2,218,96,0,96,314
08/05/2011,PWK,IL,AGL,CE,Towers with Radar,0,46,74,0,120,0,1,101,0,102,0,47,175,0,222,98,0,98,320
08/06/2011,PWK,IL,AGL,CE,Towers with Radar,0,31,39,0,70,0,2,83,0,85,0,33,122,0,155,76,0,76,231
08/07/2011,PWK,IL,AGL,CE,Towers with Radar,0,33,70,0,103,0,0,59,0,59,0,33,129,0,162,20,0,20,182
08/08/2011,PWK,IL,AGL,CE,Towers with Radar,0,40,68,2,110,0,2,65,3,70,0,42,133,5,180,70,0,70,250
08/09/2011,PWK,IL,AGL,CE,Towers with Radar,0,51,82,0,133,0,0,81,0,81,0,51,163,0,214,44,0,44,258
08/10/2011,PWK,IL,AGL,CE,Towers with Radar,0,37,80,0,117,0,0,128,0,128,0,37,208,0,245,38,0,38,283
08/11/2011,PWK,IL,AGL,CE,Towers with Radar,0,48,91,0,139,0,0,90,0,90,0,48,181,0,229,128,0,128,357
08/12/2011,PWK,IL,AGL,CE,Towers with Radar,0,51,96,0,147,0,0,101,0,101,0,51,197,0,248,82,0,82,330
08/13/2011,PWK,IL,AGL,CE,Towers with Radar,0,24,50,0,74,0,0,50,0,50,0,24,100,0,124,92,0,92,216
08/14/2011,PWK,IL,AGL,CE,Towers with Radar,0,41,59,0,100,0,0,113,0,113,0,41,172,0,213,54,0,54,267
08/15/2011,PWK,IL,AGL,CE,Towers with Radar,0,73,39,0,112,0,0,116,0,116,0,73,155,0,228,92,0,92,320
08/16/2011,PWK,IL,AGL,CE,Towers with Radar,0,29,79,0,108,0,1,148,0,149,0,30,227,0,257,146,0,146,403
08/17/2011,PWK,IL,AGL,CE,Towers with Radar,0,44,99,0,143,0,0,85,0,85,0,44,184,0,228,122,0,122,350
08/18/2011,PWK,IL,AGL,CE,Towers with Radar,0,37,86,0,123,0,0,118,0,118,0,37,204,0,241,106,0,106,347
08/19/2011,PWK,IL,AGL,CE,Towers with Radar,0,41,75,0,116,0,0,98,0,98,0,41,173,0,214,114,0,114,328
08/20/2011,PWK,IL,AGL,CE,Towers with Radar,0,30,35,0,65,0,0,12,0,12,0,30,47,0,77,20,0,20,97
08/21/2011,PWK,IL,AGL,CE,Towers with Radar,0,40,92,0,132,0,0,143,0,143,0,40,235,0,275,131,0,131,406
08/22/2011,PWK,IL,AGL,CE,Towers with Radar,0,45,66,0,111,0,1,99,0,100,0,46,165,0,211,96,0,96,307
08/23/2011,PWK,IL,AGL,CE,Towers with Radar,0,36,76,0,112,0,0,27,0,27,0,36,103,0,139,22,0,22,161
08/24/2011,PWK,IL,AGL,CE,Towers with Radar,0,51,106,0,157,0,0,68,0,68,0,51,174,0,225,100,0,100,325
08/25/2011,PWK,IL,AGL,CE,Towers with Radar,0,52,103,0,155,0,1,114,0,115,0,53,217,0,270,58,0,58,328
08/26/2011,PWK,IL,AGL,CE,Towers with Radar,0,30,64,0,94,0,0,125,0,125,0,30,189,0,219,122,0,122,341
08/27/2011,PWK,IL,AGL,CE,Towers with Radar,0,23,29,0,52,0,0,135,0,135,0,23,164,0,187,124,0,124,311
08/28/2011,PWK,IL,AGL,CE,Towers with Radar,0,26,49,0,75,0,0,139,0,139,0,26,188,0,214,128,4,132,346
08/29/2011,PWK,IL,AGL,CE,Towers with Radar,0,27,59,0,86,0,0,99,0,99,0,27,158,0,185,44,0,44,229
08/30/2011,PWK,IL,AGL,CE,Towers with Radar,0,42,66,0,108,0,0,89,0,89,0,42,155,0,197,92,0,92,289
08/31/2011,PWK,IL,AGL,CE,Towers with Radar,0,41,65,0,106,0,0,97,0,97,0,41,162,0,203,38,0,38,241
09/01/2011,PWK,IL,AGL,CE,Towers with Radar,0,55,85,0,140,0,0,99,0,99,0,55,184,0,239,80,0,80,319
09/02/2011,PWK,IL,AGL,CE,Towers with Radar,0,52,97,0,149,1,0,72,0,73,1,52,169,0,222,86,0,86,308
09/03/2011,PWK,IL,AGL,CE,Towers with Radar,0,25,18,0,43,0,1,64,0,65,0,26,82,0,108,134,0,134,242
09/04/2011,PWK,IL,AGL,CE,Towers with Radar,0,14,37,0,51,0,0,100,0,100,0,14,137,0,151,136,0,136,287
09/05/2011,PWK,IL,AGL,CE,Towers with Radar,0,41,78,0,119,0,1,104,0,105,0,42,182,0,224,24,0,24,248
09/06/2011,PWK,IL,AGL,CE,Towers with Radar,0,48,69,0,117,0,0,91,0,91,0,48,160,0,208,14,0,14,222
09/07/2011,PWK,IL,AGL,CE,Towers with Radar,0,46,94,0,140,0,0,105,0,105,0,46,199,0,245,46,0,46,291
09/08/2011,PWK,IL,AGL,CE,Towers with Radar,0,54,118,0,172,3,0,85,0,88,3,54,203,0,260,14,0,14,274
09/09/2011,PWK,IL,AGL,CE,Towers with Radar,0,49,100,0,149,0,0,34,2,36,0,49,134,2,185,28,0,28,213
09/10/2011,PWK,IL,AGL,CE,Towers with Radar,0,27,57,0,84,0,0,142,0,142,0,27,199,0,226,56,0,56,282
09/11/2011,PWK,IL,AGL,CE,Towers with Radar,0,37,73,0,110,0,1,139,0,140,0,38,212,0,250,88,0,88,338
09/12/2011,PWK,IL,AGL,CE,Towers with Radar,0,30,68,0,98,0,0,84,0,84,0,30,152,0,182,16,0,16,198
09/13/2011,PWK,IL,AGL,CE,Towers with Radar,0,48,87,0,135,0,2,97,1,100,0,50,184,1,235,90,0,90,325
09/14/2011,PWK,IL,AGL,CE,Towers with Radar,0,47,91,0,138,0,0,111,0,111,0,47,202,0,249,56,0,56,305
09/15/2011,PWK,IL,AGL,CE,Towers with Radar,0,52,81,2,135,0,0,108,0,108,0,52,189,2,243,60,0,60,303
09/16/2011,PWK,IL,AGL,CE,Towers with Radar,0,41,90,0,131,0,0,117,1,118,0,41,207,1,249,68,0,68,317
09/17/2011,PWK,IL,AGL,CE,Towers with Radar,0,25,72,0,97,0,0,164,0,164,0,25,236,0,261,104,0,104,365
09/18/2011,PWK,IL,AGL,CE,Towers with Radar,0,41,98,0,139,0,0,45,0,45,0,41,143,0,184,28,0,28,212
09/19/2011,PWK,IL,AGL,CE,Towers with Radar,0,50,77,0,127,0,0,54,0,54,0,50,131,0,181,50,0,50,231
09/20/2011,PWK,IL,AGL,CE,Towers with Radar,0,52,96,0,148,0,0,72,0,72,0,52,168,0,220,114,0,114,334
09/21/2011,PWK,IL,AGL,CE,Towers with Radar,0,46,103,0,149,0,0,94,1,95,0,46,197,1,244,64,0,64,308
09/22/2011,PWK,IL,AGL,CE,Towers with Radar,0,58,91,0,149,0,0,73,0,73,0,58,164,0,222,112,0,112,334
09/23/2011,PWK,IL,AGL,CE,Towers with Radar,1,50,90,0,141,0,0,109,0,109,1,50,199,0,250,112,0,112,362
09/24/2011,PWK,IL,AGL,CE,Towers with Radar,0,24,37,0,61,0,0,68,0,68,0,24,105,0,129,109,0,109,238
09/25/2011,PWK,IL,AGL,CE,Towers with Radar,0,32,66,0,98,0,0,31,0,31,0,32,97,0,129,136,0,136,265
09/26/2011,PWK,IL,AGL,CE,Towers with Radar,0,30,68,0,98,0,0,7,0,7,0,30,75,0,105,2,0,2,107
09/27/2011,PWK,IL,AGL,CE,Towers with Radar,0,53,81,0,134,0,0,9,0,9,0,53,90,0,143,6,0,6,149
09/28/2011,PWK,IL,AGL,CE,Towers with Radar,0,33,88,0,121,0,0,30,0,30,0,33,118,0,151,46,0,46,197
09/29/2011,PWK,IL,AGL,CE,Towers with Radar,0,42,53,0,95,0,1,40,0,41,0,43,93,0,136,14,0,14,150
09/30/2011,PWK,IL,AGL,CE,Towers with Radar,0,40,58,2,100,0,0,61,0,61,0,40,119,2,161,2,0,2,163
10/01/2011,PWK,IL,AGL,CE,Towers with Radar,0,19,40,0,59,0,0,159,0,159,0,19,199,0,218,120,0,120,338
10/02/2011,PWK,IL,AGL,CE,Towers with Radar,0,35,62,1,98,0,1,177,0,178,0,36,239,1,276,124,0,124,400
10/03/2011,PWK,IL,AGL,CE,Towers with Radar,0,38,39,0,77,0,0,102,0,102,0,38,141,0,179,122,0,122,301
10/04/2011,PWK,IL,AGL,CE,Towers with Radar,0,38,66,0,104,0,0,101,0,101,0,38,167,0,205,116,0,116,321
10/05/2011,PWK,IL,AGL,CE,Towers with Radar,0,62,66,2,130,0,0,104,0,104,0,62,170,2,234,83,0,83,317
10/06/2011,PWK,IL,AGL,CE,Towers with Radar,0,52,86,0,138,0,1,97,0,98,0,53,183,0,236,60,0,60,296
10/07/2011,PWK,IL,AGL,CE,Towers with Radar,0,40,129,0,169,0,0,127,0,127,0,40,256,0,296,88,0,88,384
10/08/2011,PWK,IL,AGL,CE,Towers with Radar,0,34,42,0,76,0,0,160,0,160,0,34,202,0,236,54,0,54,290
10/09/2011,PWK,IL,AGL,CE,Towers with Radar,0,38,62,0,100,0,1,161,2,164,0,39,223,2,264,201,0,201,465
10/10/2011,PWK,IL,AGL,CE,Towers with Radar,0,46,67,0,113,0,0,63,0,63,0,46,130,0,176,44,0,44,220
10/11/2011,PWK,IL,AGL,CE,Towers with Radar,0,31,69,0,100,0,0,81,0,81,0,31,150,0,181,114,0,114,295
10/12/2011,PWK,IL,AGL,CE,Towers with Radar,0,49,70,0,119,0,0,63,0,63,0,49,133,0,182,74,0,74,256
10/13/2011,PWK,IL,AGL,CE,Towers with Radar,0,54,93,0,147,0,0,9,0,9,0,54,102,0,156,0,0,0,156
10/14/2011,PWK,IL,AGL,CE,Towers with Radar,0,50,63,0,113,0,0,66,0,66,0,50,129,0,179,30,0,30,209
10/15/2011,PWK,IL,AGL,CE,Towers with Radar,0,22,39,0,61,0,1,71,0,72,0,23,110,0,133,12,0,12,145
10/16/2011,PWK,IL,AGL,CE,Towers with Radar,0,21,66,0,87,0,0,107,1,108,0,21,173,1,195,115,0,115,310
10/17/2011,PWK,IL,AGL,CE,Towers with Radar,0,42,61,0,103,0,0,69,0,69,0,42,130,0,172,46,0,46,218
10/18/2011,PWK,IL,AGL,CE,Towers with Radar,0,44,81,0,125,0,0,83,0,83,0,44,164,0,208,60,0,60,268
10/19/2011,PWK,IL,AGL,CE,Towers with Radar,0,41,54,0,95,0,0,9,0,9,0,41,63,0,104,0,0,0,104
10/20/2011,PWK,IL,AGL,CE,Towers with Radar,0,53,53,0,106,0,1,35,0,36,0,54,88,0,142,0,0,0,142
10/21/2011,PWK,IL,AGL,CE,Towers with Radar,0,50,93,0,143,0,0,157,0,157,0,50,250,0,300,32,0,32,332
10/22/2011,PWK,IL,AGL,CE,Towers with Radar,0,30,58,0,88,0,0,148,0,148,0,30,206,0,236,86,0,86,322
10/23/2011,PWK,IL,AGL,CE,Towers with Radar,0,34,70,0,104,0,0,127,0,127,0,34,197,0,231,90,0,90,321
10/24/2011,PWK,IL,AGL,CE,Towers with Radar,0,27,75,0,102,0,0,107,1,108,0,27,182,1,210,88,0,88,298
10/25/2011,PWK,IL,AGL,CE,Towers with Radar,0,37,64,2,103,0,0,28,0,28,0,37,92,2,131,6,0,6,137
10/26/2011,PWK,IL,AGL,CE,Towers with Radar,0,47,74,0,121,0,0,26,0,26,0,47,100,0,147,0,0,0,147
10/27/2011,PWK,IL,AGL,CE,Towers with Radar,0,62,97,0,159,0,0,64,0,64,0,62,161,0,223,94,0,94,317
10/28/2011,PWK,IL,AGL,CE,Towers with Radar,0,47,54,0,101,0,0,103,0,103,0,47,157,0,204,30,0,30,234
10/29/2011,PWK,IL,AGL,CE,Towers with Radar,0,22,37,0,59,0,0,141,0,141,0,22,178,0,200,86,0,86,286
10/30/2011,PWK,IL,AGL,CE,Towers with Radar,0,26,36,0,62,0,0,41,0,41,0,26,77,0,103,96,0,96,199
10/31/2011,PWK,IL,AGL,CE,Towers with Radar,0,20,49,0,69,0,0,62,0,62,0,20,111,0,131,138,0,138,269
11/01/2011,PWK,IL,AGL,CE,Towers with Radar,1,38,54,0,93,0,0,74,0,74,1,38,128,0,167,124,0,124,291
11/02/2011,PWK,IL,AGL,CE,Towers with Radar,0,21,93,0,114,0,0,65,0,65,0,21,158,0,179,52,0,52,231
11/03/2011,PWK,IL,AGL,CE,Towers with Radar,1,41,76,0,118,0,0,33,0,33,1,41,109,0,151,0,0,0,151
11/04/2011,PWK,IL,AGL,CE,Towers with Radar,0,27,69,0,96,0,2,120,0,122,0,29,189,0,218,34,0,34,252
11/05/2011,PWK,IL,AGL,CE,Towers with Radar,0,18,49,0,67,0,0,163,0,163,0,18,212,0,230,149,0,149,379
11/06/2011,PWK,IL,AGL,CE,Towers with Radar,0,21,54,0,75,0,0,38,0,38,0,21,92,0,113,16,0,16,129
11/07/2011,PWK,IL,AGL,CE,Towers with Radar,0,27,68,0,95,0,0,59,0,59,0,27,127,0,154,70,0,70,224
11/08/2011,PWK,IL,AGL,CE,Towers with Radar,0,38,41,0,79,0,0,1,0,1,0,38,42,0,80,0,0,0,80
11/09/2011,PWK,IL,AGL,CE,Towers with Radar,0,50,68,0,118,0,0,12,0,12,0,50,80,0,130,0,0,0,130
11/10/2011,PWK,IL,AGL,CE,Towers with Radar,0,33,44,0,77,0,0,40,0,40,0,33,84,0,117,0,32,32,149
11/11/2011,PWK,IL,AGL,CE,Towers with Radar,0,53,68,0,121,0,0,72,0,72,0,53,140,0,193,72,0,72,265
11/12/2011,PWK,IL,AGL,CE,Towers with Radar,0,25,46,0,71,0,0,115,0,115,0,25,161,0,186,108,0,108,294
11/13/2011,PWK,IL,AGL,CE,Towers with Radar,0,34,43,1,78,0,0,20,0,20,0,34,63,1,98,8,0,8,106
11/14/2011,PWK,IL,AGL,CE,Towers with Radar,0,42,64,0,106,0,0,49,0,49,0,42,113,0,155,28,0,28,183
11/15/2011,PWK,IL,AGL,CE,Towers with Radar,0,46,85,2,133,0,0,48,0,48,0,46,133,2,181,36,0,36,217
11/16/2011,PWK,IL,AGL,CE,Towers with Radar,0,37,78,0,115,0,0,85,0,85,0,37,163,0,200,40,0,40,240
11/17/2011,PWK,IL,AGL,CE,Towers with Radar,0,36,65,0,101,0,1,74,0,75,0,37,139,0,176,58,0,58,234
11/18/2011,PWK,IL,AGL,CE,Towers with Radar,0,51,88,0,139,0,0,19,0,19,0,51,107,0,158,4,0,4,162
11/19/2011,PWK,IL,AGL,CE,Towers with Radar,0,26,33,0,59,0,0,48,0,48,0,26,81,0,107,80,0,80,187
11/20/2011,PWK,IL,AGL,CE,Towers with Radar,0,19,38,1,58,0,0,83,0,83,0,19,121,1,141,182,0,182,323
11/21/2011,PWK,IL,AGL,CE,Towers with Radar,0,22,68,0,90,0,0,23,0,23,0,22,91,0,113,70,0,70,183
11/22/2011,PWK,IL,AGL,CE,Towers with Radar,0,61,66,0,127,0,0,15,0,15,0,61,81,0,142,14,0,14,156
11/23/2011,PWK,IL,AGL,CE,Towers with Radar,0,46,74,0,120,0,0,65,0,65,0,46,139,0,185,32,0,32,217
11/24/2011,PWK,IL,AGL,CE,Towers with Radar,0,17,13,0,30,0,0,1,0,1,0,17,14,0,31,6,0,6,37
11/25/2011,PWK,IL,AGL,CE,Towers with Radar,0,28,39,0,67,0,0,48,0,48,0,28,87,0,115,45,0,45,160
11/26/2011,PWK,IL,AGL,CE,Towers with Radar,0,37,51,0,88,0,0,4,0,4,0,37,55,0,92,44,0,44,136
11/27/2011,PWK,IL,AGL,CE,Towers with Radar,0,45,65,0,110,0,0,33,0,33,0,45,98,0,143,92,0,92,235
11/28/2011,PWK,IL,AGL,CE,Towers with Radar,2,37,52,0,91,0,1,45,0,46,2,38,97,0,137,18,0,18,155
11/29/2011,PWK,IL,AGL,CE,Towers with Radar,0,37,41,0,78,0,1,39,0,40,0,38,80,0,118,16,0,16,134
11/30/2011,PWK,IL,AGL,CE,Towers with Radar,0,44,71,2,117,0,1,119,0,120,0,45,190,2,237,26,0,26,263
12/01/2011,PWK,IL,AGL,CE,Towers with Radar,0,54,73,0,127,0,2,64,0,66,0,56,137,0,193,104,0,104,297
12/02/2011,PWK,IL,AGL,CE,Towers with Radar,0,40,52,0,92,0,2,66,0,68,0,42,118,0,160,64,0,64,224
12/03/2011,PWK,IL,AGL,CE,Towers with Radar,0,26,25,0,51,0,0,35,0,35,0,26,60,0,86,82,0,82,168
12/04/2011,PWK,IL,AGL,CE,Towers with Radar,0,36,28,0,64,0,0,4,0,4,0,36,32,0,68,4,0,4,72
12/05/2011,PWK,IL,AGL,CE,Towers with Radar,0,40,49,0,89,0,0,12,0,12,0,40,61,0,101,0,0,0,101
12/06/2011,PWK,IL,AGL,CE,Towers with Radar,0,44,78,2,124,0,0,56,1,57,0,44,134,3,181,76,0,76,257
12/07/2011,PWK,IL,AGL,CE,Towers with Radar,0,38,84,0,122,0,1,71,0,72,0,39,155,0,194,36,0,36,230
12/08/2011,PWK,IL,AGL,CE,Towers with Radar,0,44,76,0,120,0,1,64,0,65,0,45,140,0,185,62,4,66,251
12/09/2011,PWK,IL,AGL,CE,Towers with Radar,0,47,64,0,111,0,0,67,0,67,0,47,131,0,178,64,0,64,242
12/10/2011,PWK,IL,AGL,CE,Towers with Radar,0,14,37,0,51,0,0,125,3,128,0,14,162,3,179,106,0,106,285
12/11/2011,PWK,IL,AGL,CE,Towers with Radar,0,25,57,0,82,0,0,120,0,120,0,25,177,0,202,112,12,124,326
12/12/2011,PWK,IL,AGL,CE,Towers with Radar,0,47,51,0,98,0,2,49,0,51,0,49,100,0,149,82,0,82,231
12/13/2011,PWK,IL,AGL,CE,Towers with Radar,0,41,74,0,115,0,1,43,4,48,0,42,117,4,163,114,0,114,277
12/14/2011,PWK,IL,AGL,CE,Towers with Radar,0,47,83,0,130,0,0,0,0,0,0,47,83,0,130,0,0,0,130
12/15/2011,PWK,IL,AGL,CE,Towers with Radar,0,47,79,0,126,0,0,38,0,38,0,47,117,0,164,0,0,0,164
12/16/2011,PWK,IL,AGL,CE,Towers with Radar,0,44,50,0,94,0,0,92,0,92,0,44,142,0,186,50,0,50,236
12/17/2011,PWK,IL,AGL,CE,Towers with Radar,0,27,25,0,52,0,0,18,0,18,0,27,43,0,70,82,0,82,152
12/18/2011,PWK,IL,AGL,CE,Towers with Radar,0,21,49,0,70,0,0,72,2,74,0,21,121,2,144,128,0,128,272
12/19/2011,PWK,IL,AGL,CE,Towers with Radar,0,37,44,0,81,0,0,45,0,45,0,37,89,0,126,54,0,54,180
12/20/2011,PWK,IL,AGL,CE,Towers with Radar,0,39,46,2,87,0,0,20,0,20,0,39,66,2,107,40,0,40,147
12/21/2011,PWK,IL,AGL,CE,Towers with Radar,0,33,53,0,86,0,0,0,0,0,0,33,53,0,86,4,0,4,90
12/22/2011,PWK,IL,AGL,CE,Towers with Radar,0,37,52,0,89,0,0,0,0,0,0,37,52,0,89,4,0,4,93
12/23/2011,PWK,IL,AGL,CE,Towers with Radar,0,37,48,0,85,0,0,104,0,104,0,37,152,0,189,72,0,72,261
12/24/2011,PWK,IL,AGL,CE,Towers with Radar,0,15,13,0,28,0,0,92,0,92,0,15,105,0,120,58,0,58,178
12/25/2011,PWK,IL,AGL,CE,Towers with Radar,0,23,15,0,38,0,0,19,0,19,0,23,34,0,57,0,0,0,57
12/26/2011,PWK,IL,AGL,CE,Towers with Radar,0,59,55,0,114,0,0,63,0,63,0,59,118,0,177,28,0,28,205
12/27/2011,PWK,IL,AGL,CE,Towers with Radar,0,30,35,0,65,0,0,27,0,27,0,30,62,0,92,36,0,36,128
12/28/2011,PWK,IL,AGL,CE,Towers with Radar,0,32,26,0,58,0,0,75,0,75,0,32,101,0,133,68,0,68,201
12/29/2011,PWK,IL,AGL,CE,Towers with Radar,0,21,34,0,55,0,0,91,1,92,0,21,125,1,147,44,0,44,191
12/30/2011,PWK,IL,AGL,CE,Towers with Radar,0,10,20,0,30,0,0,2,0,2,0,10,22,0,32,0,0,0,32
12/31/2011,PWK,IL,AGL,CE,Towers with Radar,0,16,24,0,40,0,1,16,0,17,0,17,40,0,57,48,0,48,105
01/01/2012,PWK,IL,AGL,CE,Towers with Radar,0,23,16,0,39,0,0,15,0,15,0,23,31,0,54,0,0,0,54
01/02/2012,PWK,IL,AGL,CE,Towers with Radar,0,35,62,0,97,0,0,38,0,38,0,35,100,0,135,8,0,8,143
01/03/2012,PWK,IL,AGL,CE,Towers with Radar,0,30,36,0,66,0,0,47,0,47,0,30,83,0,113,26,0,26,139
01/04/2012,PWK,IL,AGL,CE,Towers with Radar,0,35,53,0,88,0,0,63,0,63,0,35,116,0,151,64,0,64,215
01/05/2012,PWK,IL,AGL,CE,Towers with Radar,0,31,48,0,79,0,0,81,0,81,0,31,129,0,160,6,0,6,166
01/06/2012,PWK,IL,AGL,CE,Towers with Radar,0,27,46,2,75,0,0,96,1,97,0,27,142,3,172,0,0,0,172
01/07/2012,PWK,IL,AGL,CE,Towers with Radar,0,17,26,1,44,0,0,164,0,164,0,17,190,1,208,118,0,118,326
01/08/2012,PWK,IL,AGL,CE,Towers with Radar,0,22,40,0,62,0,0,113,0,113,0,22,153,0,175,144,0,144,319
01/09/2012,PWK,IL,AGL,CE,Towers with Radar,0,18,36,0,54,0,0,36,0,36,0,18,72,0,90,24,0,24,114
01/10/2012,PWK,IL,AGL,CE,Towers with Radar,0,35,64,0,99,0,0,94,0,94,0,35,158,0,193,74,0,74,267
01/11/2012,PWK,IL,AGL,CE,Towers with Radar,0,37,66,0,103,0,0,47,0,47,0,37,113,0,150,28,0,28,178
01/12/2012,PWK,IL,AGL,CE,Towers with Radar,0,17,24,0,41,0,1,1,0,2,0,18,25,0,43,0,0,0,43
01/13/2012,PWK,IL,AGL,CE,Towers with Radar,0,45,46,0,91,0,0,19,0,19,0,45,65,0,110,0,0,0,110
01/14/2012,PWK,IL,AGL,CE,Towers with Radar,0,17,21,0,38,0,0,34,0,34,0,17,55,0,72,98,0,98,170
01/15/2012,PWK,IL,AGL,CE,Towers with Radar,0,18,39,0,57,0,0,83,0,83,0,18,122,0,140,102,0,102,242
01/16/2012,PWK,IL,AGL,CE,Towers with Radar,0,44,42,0,86,0,0,44,0,44,0,44,86,0,130,40,0,40,170
01/17/2012,PWK,IL,AGL,CE,Towers with Radar,0,23,34,0,57,0,0,5,0,5,0,23,39,0,62,0,0,0,62
01/18/2012,PWK,IL,AGL,CE,Towers with Radar,0,25,46,3,74,0,0,60,0,60,0,25,106,3,134,64,0,64,198
01/19/2012,PWK,IL,AGL,CE,Towers with Radar,0,46,61,0,107,0,1,33,0,34,0,47,94,0,141,84,0,84,225
01/20/2012,PWK,IL,AGL,CE,Towers with Radar,0,23,24,0,47,0,2,5,0,7,0,25,29,0,54,2,0,2,56
01/21/2012,PWK,IL,AGL,CE,Towers with Radar,1,24,30,0,55,0,0,29,0,29,1,24,59,0,84,62,0,62,146
01/22/2012,PWK,IL,AGL,CE,Towers with Radar,0,25,34,0,59,0,0,0,0,0,0,25,34,0,59,0,0,0,59
01/23/2012,PWK,IL,AGL,CE,Towers with Radar,0,30,40,0,70,0,0,5,0,5,0,30,45,0,75,0,0,0,75
01/24/2012,PWK,IL,AGL,CE,Towers with Radar,0,40,42,0,82,0,0,62,0,62,0,40,104,0,144,156,0,156,300
01/25/2012,PWK,IL,AGL,CE,Towers with Radar,0,39,84,0,123,0,0,38,0,38,0,39,122,0,161,46,8,54,215
01/26/2012,PWK,IL,AGL,CE,Towers with Radar,0,28,52,0,80,0,0,0,0,0,0,28,52,0,80,0,0,0,80
01/27/2012,PWK,IL,AGL,CE,Towers with Radar,0,35,46,0,81,0,0,69,1,70,0,35,115,1,151,83,0,83,234
01/28/2012,PWK,IL,AGL,CE,Towers with Radar,0,24,19,0,43,0,1,37,0,38,0,25,56,0,81,6,0,6,87
01/29/2012,PWK,IL,AGL,CE,Towers with Radar,1,34,48,0,83,0,0,78,0,78,1,34,126,0,161,42,0,42,203
01/30/2012,PWK,IL,AGL,CE,Towers with Radar,0,31,37,0,68,0,0,17,0,17,0,31,54,0,85,30,0,30,115
01/31/2012,PWK,IL,AGL,CE,Towers with Radar,0,43,69,0,112,0,1,25,0,26,0,44,94,0,138,20,0,20,158
02/01/2012,PWK,IL,AGL,CE,Towers with Radar,0,41,76,0,117,0,0,34,0,34,0,41,110,0,151,84,0,84,235
02/02/2012,PWK,IL,AGL,CE,Towers with Radar,0,40,62,1,103,0,0,6,1,7,0,40,68,2,110,0,0,0,110
02/03/2012,PWK,IL,AGL,CE,Towers with Radar,0,26,78,0,104,0,0,5,0,5,0,26,83,0,109,0,0,0,109
02/04/2012,PWK,IL,AGL,CE,Towers with Radar,0,9,43,0,52,0,1,49,0,50,0,10,92,0,102,102,14,116,218
02/05/2012,PWK,IL,AGL,CE,Towers with Radar,0,30,57,0,87,0,0,86,0,86,0,30,143,0,173,136,0,136,309
02/06/2012,PWK,IL,AGL,CE,Towers with Radar,0,43,62,0,105,0,0,6,0,6,0,43,68,0,111,24,0,24,135
02/07/2012,PWK,IL,AGL,CE,Towers with Radar,0,38,30,2,70,0,0,13,0,13,0,38,43,2,83,4,0,4,87
02/08/2012,PWK,IL,AGL,CE,Towers with Radar,0,33,77,0,110,0,0,103,0,103,0,33,180,0,213,46,0,46,259
02/09/2012,PWK,IL,AGL,CE,Towers with Radar,0,64,57,0,121,0,0,102,0,102,0,64,159,0,223,0,0,0,223
02/10/2012,PWK,IL,AGL,CE,Towers with Radar,0,31,29,2,62,0,0,13,0,13,0,31,42,2,75,0,0,0,75
02/11/2012,PWK,IL,AGL,CE,Towers with Radar,0,10,27,0,37,0,1,100,0,101,0,11,127,0,138,62,0,62,200
02/12/2012,PWK,IL,AGL,CE,Towers with Radar,0,31,45,0,76,0,1,127,0,128,0,32,172,0,204,121,0,121,325
02/13/2012,PWK,IL,AGL,CE,Towers with Radar,0,36,60,0,96,0,0,25,0,25,0,36,85,0,121,0,0,0,121
02/14/2012,PWK,IL,AGL,CE,Towers with Radar,0,39,34,0,73,0,0,6,0,6,0,39,40,0,79,6,0,6,85
02/15/2012,PWK,IL,AGL,CE,Towers with Radar,0,49,74,0,123,0,0,16,0,16,0,49,90,0,139,38,0,38,177
02/16/2012,PWK,IL,AGL,CE,Towers with Radar,0,52,77,0,129,0,0,41,0,41,0,52,118,0,170,28,0,28,198
02/17/2012,PWK,IL,AGL,CE,Towers with Radar,0,41,69,0,110,0,0,79,0,79,0,41,148,0,189,83,0,83,272
02/18/2012,PWK,IL,AGL,CE,Towers with Radar,0,29,33,0,62,0,0,162,0,162,0,29,195,0,224,66,0,66,290
02/19/2012,PWK,IL,AGL,CE,Towers with Radar,0,26,57,0,83,0,0,119,0,119,0,26,176,0,202,126,0,126,328
02/20/2012,PWK,IL,AGL,CE,Towers with Radar,0,59,67,0,126,0,0,123,1,124,0,59,190,1,250,100,0,100,350
02/21/2012,PWK,IL,AGL,CE,Towers with Radar,0,41,53,0,94,0,0,7,0,7,0,41,60,0,101,4,0,4,105
02/22/2012,PWK,IL,AGL,CE,Towers with Radar,0,37,60,0,97,0,0,38,0,38,0,37,98,0,135,20,0,20,155
02/23/2012,PWK,IL,AGL,CE,Towers with Radar,0,33,36,0,69,0,0,8,0,8,0,33,44,0,77,0,0,0,77
02/24/2012,PWK,IL,AGL,CE,Towers with Radar,0,23,38,0,61,0,0,13,0,13,0,23,51,0,74,24,0,24,98
02/25/2012,PWK,IL,AGL,CE,Towers with Radar,0,19,38,0,57,0,0,120,0,120,0,19,158,0,177,109,0,109,286
02/26/2012,PWK,IL,AGL,CE,Towers with Radar,0,25,23,0,48,0,0,27,0,27,0,25,50,0,75,34,0,34,109
02/27/2012,PWK,IL,AGL,CE,Towers with Radar,0,33,73,0,106,0,0,72,0,72,0,33,145,0,178,68,0,68,246
02/28/2012,PWK,IL,AGL,CE,Towers with Radar,0,39,65,0,104,0,0,59,1,60,0,39,124,1,164,78,2,80,244
02/29/2012,PWK,IL,AGL,CE,Towers with Radar,0,32,57,0,89,0,0,8,0,8,0,32,65,0,97,2,0,2,99
03/01/2012,PWK,IL,AGL,CE,Towers with Radar,0,49,48,0,97,0,0,41,0,41,0,49,89,0,138,58,0,58,196
03/02/2012,PWK,IL,AGL,CE,Towers with Radar,0,33,34,0,67,0,0,5,0,5,0,33,39,0,72,2,0,2,74
03/03/2012,PWK,IL,AGL,CE,Towers with Radar,0,20,17,0,37,0,1,15,0,16,0,21,32,0,53,22,0,22,75
03/04/2012,PWK,IL,AGL,CE,Towers with Radar,0,32,35,0,67,0,0,30,1,31,0,32,65,1,98,153,0,153,251
03/05/2012,PWK,IL,AGL,CE,Towers with Radar,0,24,42,0,66,0,0,96,0,96,0,24,138,0,162,166,0,166,328
03/06/2012,PWK,IL,AGL,CE,Towers with Radar,0,32,51,0,83,0,1,15,0,16,0,33,66,0,99,2,0,2,101
03/07/2012,PWK,IL,AGL,CE,Towers with Radar,0,33,64,0,97,0,0,14,0,14,0,33,78,0,111,2,0,2,113
03/08/2012,PWK,IL,AGL,CE,Towers with Radar,0,47,66,1,114,0,0,69,1,70,0,47,135,2,184,30,0,30,214
03/09/2012,PWK,IL,AGL,CE,Towers with Radar,0,51,48,0,99,0,2,103,0,105,0,53,151,0,204,40,0,40,244
03/10/2012,PWK,IL,AGL,CE,Towers with Radar,0,23,27,0,50,0,0,61,0,61,0,23,88,0,111,80,0,80,191
03/11/2012,PWK,IL,AGL,CE,Towers with Radar,0,24,37,0,61,0,1,152,0,153,0,25,189,0,214,120,0,120,334
03/12/2012,PWK,IL,AGL,CE,Towers with Radar,0,30,67,0,97,0,0,16,0,16,0,30,83,0,113,46,0,46,159
03/13/2012,PWK,IL,AGL,CE,Towers with Radar,0,42,77,0,119,0,0,116,2,118,0,42,193,2,237,114,0,114,351
03/14/2012,PWK,IL,AGL,CE,Towers with Radar,0,38,82,0,120,0,2,91,0,93,0,40,173,0,213,126,0,126,339
03/15/2012,PWK,IL,AGL,CE,Towers with Radar,0,57,72,0,129,0,0,68,0,68,0,57,140,0,197,85,0,85,282
03/16/2012,PWK,IL,AGL,CE,Towers with Radar,0,52,61,0,113,0,0,51,0,51,0,52,112,0,164,76,0,76,240
03/17/2012,PWK,IL,AGL,CE,Towers with Radar,0,16,23,0,39,0,0,173,0,173,0,16,196,0,212,110,0,110,322
03/18/2012,PWK,IL,AGL,CE,Towers with Radar,0,23,54,0,77,0,0,134,0,134,0,23,188,0,211,123,0,123,334
03/19/2012,PWK,IL,AGL,CE,Towers with Radar,0,28,42,0,70,0,0,28,0,28,0,28,70,0,98,6,0,6,104
03/20/2012,PWK,IL,AGL,CE,Towers with Radar,0,30,51,2,83,0,0,62,0,62,0,30,113,2,145,4,0,4,149
03/21/2012,PWK,IL,AGL,CE,Towers with Radar,0,34,75,0,109,0,0,82,0,82,0,34,157,0,191,58,0,58,249
03/22/2012,PWK,IL,AGL,CE,Towers with Radar,0,41,79,0,120,0,0,50,0,50,0,41,129,0,170,40,0,40,210
03/23/2012,PWK,IL,AGL,CE,Towers with Radar,0,63,42,0,105,0,0,1,0,1,0,63,43,0,106,0,0,0,106
03/24/2012,PWK,IL,AGL,CE,Towers with Radar,0,22,36,0,58,0,0,4,0,4,0,22,40,0,62,0,0,0,62
03/25/2012,PWK,IL,AGL,CE,Towers with Radar,0,24,55,0,79,0,0,108,0,108,0,24,163,0,187,114,0,114,301
03/26/2012,PWK,IL,AGL,CE,Towers with Radar,4,15,29,0,48,0,0,58,0,58,4,15,87,0,106,18,0,18,124
03/27/2012,PWK,IL,AGL,CE,Towers with Radar,0,25,36,0,61,0,0,17,0,17,0,25,53,0,78,30,0,30,108
03/28/2012,PWK,IL,AGL,CE,Towers with Radar,0,24,48,0,72,0,2,63,1,66,0,26,111,1,138,28,0,28,166
03/29/2012,PWK,IL,AGL,CE,Towers with Radar,0,39,70,0,109,0,1,99,0,100,0,40,169,0,209,78,0,78,287
03/30/2012,PWK,IL,AGL,CE,Towers with Radar,0,35,69,0,104,0,0,1,0,1,0,35,70,0,105,0,0,0,105
03/31/2012,PWK,IL,AGL,CE,Towers with Radar,0,34,66,0,100,0,0,47,0,47,0,34,113,0,147,68,0,68,215
04/01/2012,PWK,IL,AGL,CE,Towers with Radar,0,41,57,0,98,0,0,20,0,20,0,41,77,0,118,212,0,212,330
04/02/2012,PWK,IL,AGL,CE,Towers with Radar,0,46,44,1,91,0,0,85,0,85,0,46,129,1,176,36,0,36,212
04/03/2012,PWK,IL,AGL,CE,Towers with Radar,0,43,79,1,123,0,0,89,1,90,0,43,168,2,213,108,0,108,321
04/04/2012,PWK,IL,AGL,CE,Towers with Radar,0,50,63,0,113,0,1,118,0,119,0,51,181,0,232,30,0,30,262
04/05/2012,PWK,IL,AGL,CE,Towers with Radar,0,58,58,1,117,0,2,84,0,86,0,60,142,1,203,2,0,2,205
04/06/2012,PWK,IL,AGL,CE,Towers with Radar,0,47,69,1,117,0,2,134,0,136,0,49,203,1,253,64,0,64,317
04/07/2012,PWK,IL,AGL,CE,Towers with Radar,0,27,34,0,61,0,0,123,1,124,0,27,157,1,185,92,8,100,285
04/08/2012,PWK,IL,AGL,CE,Towers with Radar,0,34,33,0,67,0,0,74,0,74,0,34,107,0,141,42,0,42,183
04/09/2012,PWK,IL,AGL,CE,Towers with Radar,0,34,53,2,89,0,3,37,0,40,0,37,90,2,129,22,0,22,151
04/10/2012,PWK,IL,AGL,CE,Towers with Radar,0,37,63,2,102,0,0,69,0,69,0,37,132,2,171,62,0,62,233
04/11/2012,PWK,IL,AGL,CE,Towers with Radar,0,44,89,0,133,0,0,102,0,102,0,44,191,0,235,84,0,84,319
04/12/2012,PWK,IL,AGL,CE,Towers with Radar,0,43,96,0,139,0,0,83,0,83,0,43,179,0,222,48,0,48,270
04/13/2012,PWK,IL,AGL,CE,Towers with Radar,0,41,53,0,94,0,0,53,0,53,0,41,106,0,147,26,0,26,173
04/14/2012,PWK,IL,AGL,CE,Towers with Radar,0,27,64,0,91,0,0,43,0,43,0,27,107,0,134,194,0,194,328
04/15/2012,PWK,IL,AGL,CE,Towers with Radar,0,43,41,0,84,0,0,9,0,9,0,43,50,0,93,8,0,8,101
04/16/2012,PWK,IL,AGL,CE,Towers with Radar,0,27,36,0,63,0,0,25,0,25,0,27,61,0,88,0,0,0,88
04/17/2012,PWK,IL,AGL,CE,Towers with Radar,0,49,66,0,115,0,0,97,0,97,0,49,163,0,212,138,0,138,350
04/18/2012,PWK,IL,AGL,CE,Towers with Radar,0,47,68,0,115,0,0,68,0,68,0,47,136,0,183,70,0,70,253
04/19/2012,PWK,IL,AGL,CE,Towers with Radar,0,62,78,30,170,0,0,35,0,35,0,62,113,30,205,76,0,76,281
04/20/2012,PWK,IL,AGL,CE,Towers with Radar,0,43,69,0,112,0,0,16,0,16,0,43,85,0,128,6,0,6,134
04/21/2012,PWK,IL,AGL,CE,Towers with Radar,0,23,48,0,71,0,9,164,1,174,0,32,212,1,245,120,0,120,365
04/22/2012,PWK,IL,AGL,CE,Towers with Radar,0,30,34,0,64,0,13,93,0,106,0,43,127,0,170,31,0,31,201
04/23/2012,PWK,IL,AGL,CE,Towers with Radar,0,41,56,0,97,0,9,86,0,95,0,50,142,0,192,66,0,66,258
04/24/2012,PWK,IL,AGL,CE,Towers with Radar,0,34,54,0,88,0,2,110,0,112,0,36,164,0,200,76,0,76,276
04/25/2012,PWK,IL,AGL,CE,Towers with Radar,0,30,67,0,97,0,2,17,0,19,0,32,84,0,116,80,0,80,196
04/26/2012,PWK,IL,AGL,CE,Towers with Radar,0,41,106,0,147,0,12,61,0,73,0,53,167,0,220,20,0,20,240
04/27/2012,PWK,IL,AGL,CE,Towers with Radar,0,35,66,0,101,0,5,93,0,98,0,40,159,0,199,82,0,82,281
04/28/2012,PWK,IL,AGL,CE,Towers with Radar,0,20,47,0,67,0,2,27,0,29,0,22,74,0,96,50,0,50,146
04/29/2012,PWK,IL,AGL,CE,Towers with Radar,0,29,69,0,98,0,0,120,1,121,0,29,189,1,219,96,0,96,315
04/30/2012,PWK,IL,AGL,CE,Towers with Radar,0,44,61,0,105,0,2,2,0,4,0,46,63,0,109,0,0,0,109
05/01/2012,PWK,IL,AGL,CE,Towers with Radar,0,39,67,0,106,0,3,20,0,23,0,42,87,0,129,50,0,50,179
05/02/2012,PWK,IL,AGL,CE,Towers with Radar,0,55,50,1,106,0,2,55,1,58,0,57,105,2,164,26,0,26,190
05/03/2012,PWK,IL,AGL,CE,Towers with Radar,0,74,72,0,146,0,1,43,0,44,0,75,115,0,190,26,0,26,216
05/04/2012,PWK,IL,AGL,CE,Towers with Radar,0,57,81,0,138,0,0,22,0,22,0,57,103,0,160,9,0,9,169
05/05/2012,PWK,IL,AGL,CE,Towers with Radar,0,52,46,0,98,0,0,0,0,0,0,52,46,0,98,0,0,0,98
05/06/2012,PWK,IL,AGL,CE,Towers with Radar,0,32,55,0,87,0,1,26,0,27,0,33,81,0,114,15,0,15,129
05/07/2012,PWK,IL,AGL,CE,Towers with Radar,0,57,68,0,125,0,8,25,0,33,0,65,93,0,158,6,0,6,164
05/08/2012,PWK,IL,AGL,CE,Towers with Radar,0,43,66,0,109,0,8,144,1,153,0,51,210,1,262,46,0,46,308
05/09/2012,PWK,IL,AGL,CE,Towers with Radar,0,44,94,0,138,0,5,70,0,75,0,49,164,0,213,18,0,18,231
05/10/2012,PWK,IL,AGL,CE,Towers with Radar,0,51,74,1,126,0,8,152,0,160,0,59,226,1,286,84,0,84,370
05/11/2012,PWK,IL,AGL,CE,Towers with Radar,1,41,74,0,116,0,3,121,0,124,1,44,195,0,240,68,0,68,308
05/12/2012,PWK,IL,AGL,CE,Towers with Radar,0,27,47,0,74,0,6,98,0,104,0,33,145,0,178,45,0,45,223
05/13/2012,PWK,IL,AGL,CE,Towers with Radar,0,32,62,3,97,0,5,119,2,126,0,37,181,5,223,104,0,104,327
05/14/2012,PWK,IL,AGL,CE,Towers with Radar,0,46,56,2,104,0,4,95,0,99,0,50,151,2,203,94,0,94,297
05/15/2012,PWK,IL,AGL,CE,Towers with Radar,0,55,56,0,111,0,2,61,0,63,0,57,117,0,174,0,0,0,174
05/16/2012,PWK,IL,AGL,CE,Towers with Radar,0,41,70,1,112,0,2,86,0,88,0,43,156,1,200,56,0,56,256
05/17/2012,PWK,IL,AGL,CE,Towers with Radar,0,44,88,0,132,0,3,107,0,110,0,47,195,0,242,118,0,118,360
05/18/2012,PWK,IL,AGL,CE,Towers with Radar,0,44,81,1,126,0,3,101,0,104,0,47,182,1,230,130,0,130,360
05/19/2012,PWK,IL,AGL,CE,Towers with Radar,0,34,38,0,72,0,2,81,0,83,0,36,119,0,155,68,0,68,223
05/20/2012,PWK,IL,AGL,CE,Towers with Radar,0,65,55,0,120,0,3,14,0,17,0,68,69,0,137,0,0,0,137
05/21/2012,PWK,IL,AGL,CE,Towers with Radar,0,49,89,0,138,0,7,25,0,32,0,56,114,0,170,4,0,4,174
05/22/2012,PWK,IL,AGL,CE,Towers with Radar,0,41,71,3,115,0,5,98,0,103,0,46,169,3,218,84,0,84,302
05/23/2012,PWK,IL,AGL,CE,Towers with Radar,0,36,81,0,117,0,2,96,0,98,0,38,177,0,215,86,0,86,301
05/24/2012,PWK,IL,AGL,CE,Towers with Radar,1,35,67,0,103,0,0,34,0,34,1,35,101,0,137,48,0,48,185
05/25/2012,PWK,IL,AGL,CE,Towers with Radar,0,41,66,0,107,0,6,134,0,140,0,47,200,0,247,84,0,84,331
05/26/2012,PWK,IL,AGL,CE,Towers with Radar,0,20,28,0,48,0,1,90,2,93,0,21,118,2,141,52,0,52,193
05/27/2012,PWK,IL,AGL,CE,Towers with Radar,0,19,36,0,55,0,0,91,0,91,0,19,127,0,146,24,0,24,170
05/28/2012,PWK,IL,AGL,CE,Towers with Radar,0,37,40,1,78,0,0,38,0,38,0,37,78,1,116,20,0,20,136
05/29/2012,PWK,IL,AGL,CE,Towers with Radar,0,36,66,0,102,0,6,77,1,84,0,42,143,1,186,24,0,24,210
05/30/2012,PWK,IL,AGL,CE,Towers with Radar,0,34,73,2,109,0,11,131,0,142,0,45,204,2,251,89,0,89,340
05/31/2012,PWK,IL,AGL,CE,Towers with Radar,0,46,89,0,135,0,0,9,0,9,0,46,98,0,144,18,0,18,162
06/01/2012,PWK,IL,AGL,CE,Towers with Radar,0,50,61,2,113,0,3,42,4,49,0,53,103,6,162,50,0,50,212
06/02/2012,PWK,IL,AGL,CE,Towers with Radar,0,33,47,2,82,1,4,91,0,96,1,37,138,2,178,54,0,54,232
06/03/2012,PWK,IL,AGL,CE,Towers with Radar,0,34,49,0,83,0,6,211,2,219,0,40,260,2,302,108,0,108,410
06/04/2012,PWK,IL,AGL,CE,Towers with Radar,0,43,51,0,94,0,5,83,1,89,0,48,134,1,183,118,0,118,301
06/05/2012,PWK,IL,AGL,CE,Towers with Radar,0,46,75,0,121,0,3,132,2,137,0,49,207,2,258,108,0,108,366
06/06/2012,PWK,IL,AGL,CE,Towers with Radar,0,36,78,0,114,0,3,126,7,136,0,39,204,7,250,60,0,60,310
06/07/2012,PWK,IL,AGL,CE,Towers with Radar,0,46,78,0,124,0,3,123,0,126,0,49,201,0,250,96,0,96,346
06/08/2012,PWK,IL,AGL,CE,Towers with Radar,0,47,61,0,108,0,2,149,0,151,0,49,210,0,259,47,0,47,306
06/09/2012,PWK,IL,AGL,CE,Towers with Radar,0,26,48,1,75,0,4,135,0,139,0,30,183,1,214,60,0,60,274
06/10/2012,PWK,IL,AGL,CE,Towers with Radar,0,44,71,0,115,0,0,143,0,143,0,44,214,0,258,30,0,30,288
06/11/2012,PWK,IL,AGL,CE,Towers with Radar,0,29,56,0,85,0,2,68,1,71,0,31,124,1,156,50,0,50,206
06/12/2012,PWK,IL,AGL,CE,Towers with Radar,0,41,101,1,143,0,10,157,2,169,0,51,258,3,312,126,0,126,438
06/13/2012,PWK,IL,AGL,CE,Towers with Radar,0,43,68,0,111,0,1,116,0,117,0,44,184,0,228,84,0,84,312
06/14/2012,PWK,IL,AGL,CE,Towers with Radar,0,56,111,0,167,0,3,113,0,116,0,59,224,0,283,90,0,90,373
06/15/2012,PWK,IL,AGL,CE,Towers with Radar,0,51,75,0,126,0,0,90,0,90,0,51,165,0,216,74,0,74,290
06/16/2012,PWK,IL,AGL,CE,Towers with Radar,0,36,56,0,92,0,1,20,0,21,0,37,76,0,113,0,0,0,113
06/17/2012,PWK,IL,AGL,CE,Towers with Radar,0,47,105,0,152,0,1,37,0,38,0,48,142,0,190,0,0,0,190
06/18/2012,PWK,IL,AGL,CE,Towers with Radar,0,37,63,0,100,0,2,33,0,35,0,39,96,0,135,20,0,20,155
06/19/2012,PWK,IL,AGL,CE,Towers with Radar,0,63,100,0,163,0,2,88,0,90,0,65,188,0,253,50,0,50,303
06/20/2012,PWK,IL,AGL,CE,Towers with Radar,0,55,75,0,130,0,0,61,0,61,0,55,136,0,191,34,0,34,225
06/21/2012,PWK,IL,AGL,CE,Towers with Radar,1,58,92,0,151,0,6,107,0,113,1,64,199,0,264,120,0,120,384
06/22/2012,PWK,IL,AGL,CE,Towers with Radar,0,40,71,0,111,0,4,144,0,148,0,44,215,0,259,98,0,98,357
06/23/2012,PWK,IL,AGL,CE,Towers with Radar,0,20,42,0,62,0,5,187,0,192,0,25,229,0,254,94,0,94,348
06/24/2012,PWK,IL,AGL,CE,Towers with Radar,0,31,69,0,100,0,2,136,0,138,0,33,205,0,238,112,0,112,350
06/25/2012,PWK,IL,AGL,CE,Towers with Radar,0,32,65,0,97,0,13,125,1,139,0,45,190,1,236,50,0,50,286
06/26/2012,PWK,IL,AGL,CE,Towers with Radar,0,43,75,0,118,0,6,140,1,147,0,49,215,1,265,104,0,104,369
06/27/2012,PWK,IL,AGL,CE,Towers with Radar,0,46,78,0,124,0,2,96,0,98,0,48,174,0,222,72,0,72,294
06/28/2012,PWK,IL,AGL,CE,Towers with Radar,0,51,92,0,143,0,5,63,0,68,0,56,155,0,211,54,0,54,265
06/29/2012,PWK,IL,AGL,CE,Towers with Radar,0,37,75,0,112,0,2,101,0,103,0,39,176,0,215,63,0,63,278
06/30/2012,PWK,IL,AGL,CE,Towers with Radar,0,28,52,0,80,0,2,174,0,176,0,30,226,0,256,66,0,66,322
07/01/2012,PWK,IL,AGL,CE,Towers with Radar,0,19,63,0,82,0,3,106,0,109,0,22,169,0,191,134,0,134,325
07/02/2012,PWK,IL,AGL,CE,Towers with Radar,0,24,53,0,77,0,0,96,0,96,0,24,149,0,173,172,0,172,345
07/03/2012,PWK,IL,AGL,CE,Towers with Radar,0,24,50,0,74,0,4,82,0,86,0,28,132,0,160,126,0,126,286
07/04/2012,PWK,IL,AGL,CE,Towers with Radar,0,16,15,0,31,0,0,68,0,68,0,16,83,0,99,34,0,34,133
07/05/2012,PWK,IL,AGL,CE,Towers with Radar,0,33,43,0,76,0,1,86,0,87,0,34,129,0,163,42,0,42,205
07/06/2012,PWK,IL,AGL,CE,Towers with Radar,0,20,44,0,64,0,2,73,0,75,0,22,117,0,139,108,0,108,247
07/07/2012,PWK,IL,AGL,CE,Towers with Radar,0,23,40,0,63,0,7,129,1,137,0,30,169,1,200,58,0,58,258
07/08/2012,PWK,IL,AGL,CE,Towers with Radar,0,41,78,0,119,0,6,144,0,150,0,47,222,0,269,74,0,74,343
07/09/2012,PWK,IL,AGL,CE,Towers with Radar,0,38,71,0,109,0,2,100,0,102,0,40,171,0,211,50,0,50,261
07/10/2012,PWK,IL,AGL,CE,Towers with Radar,1,42,72,1,116,0,9,140,2,151,1,51,212,3,267,70,0,70,337
07/11/2012,PWK,IL,AGL,CE,Towers with Radar,0,32,79,0,111,0,3,121,0,124,0,35,200,0,235,54,0,54,289
07/12/2012,PWK,IL,AGL,CE,Towers with Radar,0,40,86,2,128,0,1,100,0,101,0,41,186,2,229,92,0,92,321
07/13/2012,PWK,IL,AGL,CE,Towers with Radar,0,33,78,1,112,0,5,63,0,68,0,38,141,1,180,60,0,60,240
07/14/2012,PWK,IL,AGL,CE,Towers with Radar,0,17,34,0,51,0,3,90,0,93,0,20,124,0,144,116,0,116,260
07/15/2012,PWK,IL,AGL,CE,Towers with Radar,0,41,70,0,111,0,3,170,0,173,0,44,240,0,284,65,0,65,349
07/16/2012,PWK,IL,AGL,CE,Towers with Radar,0,25,55,0,80,0,1,88,0,89,0,26,143,0,169,22,0,22,191
07/17/2012,PWK,IL,AGL,CE,Towers with Radar,0,34,104,0,138,0,3,82,1,86,0,37,186,1,224,42,0,42,266
07/18/2012,PWK,IL,AGL,CE,Towers with Radar,0,48,83,0,131,0,7,60,0,67,0,55,143,0,198,82,0,82,280
07/19/2012,PWK,IL,AGL,CE,Towers with Radar,0,43,102,0,145,0,5,21,0,26,0,48,123,0,171,46,0,46,217
07/20/2012,PWK,IL,AGL,CE,Towers with Radar,0,48,89,0,137,0,10,153,0,163,0,58,242,0,300,88,0,88,388
07/21/2012,PWK,IL,AGL,CE,Towers with Radar,0,26,48,0,74,0,2,172,0,174,0,28,220,0,248,131,0,131,379
07/22/2012,PWK,IL,AGL,CE,Towers with Radar,0,31,66,0,97,0,0,124,0,124,0,31,190,0,221,62,0,62,283
07/23/2012,PWK,IL,AGL,CE,Towers with Radar,0,35,65,0,100,0,0,70,0,70,0,35,135,0,170,64,0,64,234
07/24/2012,PWK,IL,AGL,CE,Towers with Radar,0,41,68,0,109,0,4,67,0,71,0,45,135,0,180,44,0,44,224
07/25/2012,PWK,IL,AGL,CE,Towers with Radar,0,47,93,0,140,0,2,53,0,55,0,49,146,0,195,88,0,88,283
07/26/2012,PWK,IL,AGL,CE,Towers with Radar,0,44,74,0,118,0,6,84,0,90,0,50,158,0,208,123,0,123,331
07/27/2012,PWK,IL,AGL,CE,Towers with Radar,0,47,82,0,129,0,5,105,0,110,0,52,187,0,239,96,0,96,335
07/28/2012,PWK,IL,AGL,CE,Towers with Radar,0,28,67,0,95,0,2,138,0,140,0,30,205,0,235,88,0,88,323
07/29/2012,PWK,IL,AGL,CE,Towers with Radar,0,30,91,0,121,0,0,143,1,144,0,30,234,1,265,64,0,64,329
07/30/2012,PWK,IL,AGL,CE,Towers with Radar,0,30,69,0,99,0,1,83,0,84,0,31,152,0,183,128,0,128,311
07/31/2012,PWK,IL,AGL,CE,Towers with Radar,0,37,74,2,113,0,2,105,0,107,0,39,179,2,220,32,0,32,252
08/01/2012,PWK,IL,AGL,CE,Towers with Radar,0,55,84,0,139,0,3,93,2,98,0,58,177,2,237,106,0,106,343
08/02/2012,PWK,IL,AGL,CE,Towers with Radar,0,59,91,1,151,0,1,83,1,85,0,60,174,2,236,104,0,104,340
08/03/2012,PWK,IL,AGL,CE,Towers with Radar,0,45,80,1,126,0,1,95,2,98,0,46,175,3,224,84,0,84,308
08/04/2012,PWK,IL,AGL,CE,Towers with Radar,0,22,44,0,66,0,1,83,0,84,0,23,127,0,150,134,0,134,284
08/05/2012,PWK,IL,AGL,CE,Towers with Radar,0,40,58,0,98,0,4,172,1,177,0,44,230,1,275,112,0,112,387
08/06/2012,PWK,IL,AGL,CE,Towers with Radar,0,41,64,0,105,0,1,106,0,107,0,42,170,0,212,92,0,92,304
08/07/2012,PWK,IL,AGL,CE,Towers with Radar,0,29,61,0,90,0,1,124,0,125,0,30,185,0,215,76,0,76,291
08/08/2012,PWK,IL,AGL,CE,Towers with Radar,0,43,95,0,138,0,5,112,0,117,0,48,207,0,255,68,0,68,323
08/09/2012,PWK,IL,AGL,CE,Towers with Radar,0,40,71,0,111,0,4,17,0,21,0,44,88,0,132,12,0,12,144
08/10/2012,PWK,IL,AGL,CE,Towers with Radar,0,40,72,0,112,0,4,71,0,75,0,44,143,0,187,30,0,30,217
08/11/2012,PWK,IL,AGL,CE,Towers with Radar,0,20,52,2,74,0,5,85,0,90,0,25,137,2,164,70,0,70,234
08/12/2012,PWK,IL,AGL,CE,Towers with Radar,0,34,101,0,135,0,0,23,1,24,0,34,124,1,159,0,0,0,159
08/13/2012,PWK,IL,AGL,CE,Towers with Radar,0,34,70,0,104,0,0,5,0,5,0,34,75,0,109,0,0,0,109
08/14/2012,PWK,IL,AGL,CE,Towers with Radar,0,44,74,1,119,0,1,109,2,112,0,45,183,3,231,106,0,106,337
08/15/2012,PWK,IL,AGL,CE,Towers with Radar,0,34,97,2,133,0,0,100,0,100,0,34,197,2,233,64,0,64,297
08/16/2012,PWK,IL,AGL,CE,Towers with Radar,1,39,63,0,103,0,7,49,0,56,1,46,112,0,159,47,0,47,206
08/17/2012,PWK,IL,AGL,CE,Towers with Radar,0,51,79,1,131,0,5,132,2,139,0,56,211,3,270,92,0,92,362
08/18/2012,PWK,IL,AGL,CE,Towers with Radar,0,31,63,0,94,0,0,142,0,142,0,31,205,0,236,88,0,88,324
08/19/2012,PWK,IL,AGL,CE,Towers with Radar,0,42,72,1,115,0,1,103,0,104,0,43,175,1,219,92,0,92,311
08/20/2012,PWK,IL,AGL,CE,Towers with Radar,0,68,72,0,140,0,1,76,0,77,0,69,148,0,217,54,0,54,271
08/21/2012,PWK,IL,AGL,CE,Towers with Radar,0,47,61,0,108,0,2,109,2,113,0,49,170,2,221,134,0,134,355
08/22/2012,PWK,IL,AGL,CE,Towers with Radar,0,49,73,0,122,0,2,112,0,114,0,51,185,0,236,88,0,88,324
08/23/2012,PWK,IL,AGL,CE,Towers with Radar,0,39,76,0,115,0,0,91,0,91,0,39,167,0,206,50,0,50,256
08/24/2012,PWK,IL,AGL,CE,Towers with Radar,0,42,60,0,102,0,3,95,0,98,0,45,155,0,200,96,0,96,296
08/25/2012,PWK,IL,AGL,CE,Towers with Radar,0,32,37,0,69,0,0,127,0,127,0,32,164,0,196,84,0,84,280
08/26/2012,PWK,IL,AGL,CE,Towers with Radar,0,33,61,0,94,0,0,21,0,21,0,33,82,0,115,22,0,22,137
08/27/2012,PWK,IL,AGL,CE,Towers with Radar,0,31,51,0,82,0,7,73,0,80,0,38,124,0,162,86,0,86,248
08/28/2012,PWK,IL,AGL,CE,Towers with Radar,0,47,73,2,122,0,2,101,2,105,0,49,174,4,227,106,0,106,333
08/29/2012,PWK,IL,AGL,CE,Towers with Radar,0,58,74,0,132,0,1,101,0,102,0,59,175,0,234,82,0,82,316
08/30/2012,PWK,IL,AGL,CE,Towers with Radar,0,70,90,0,160,0,3,88,0,91,0,73,178,0,251,30,0,30,281
08/31/2012,PWK,IL,AGL,CE,Towers with Radar,0,33,71,0,104,0,3,90,0,93,0,36,161,0,197,2,0,2,199
09/01/2012,PWK,IL,AGL,CE,Towers with Radar,0,17,31,0,48,0,1,34,0,35,0,18,65,0,83,14,0,14,97
09/02/2012,PWK,IL,AGL,CE,Towers with Radar,0,13,51,0,64,0,1,38,0,39,0,14,89,0,103,18,0,18,121
09/03/2012,PWK,IL,AGL,CE,Towers with Radar,0,29,66,0,95,0,0,98,0,98,0,29,164,0,193,14,0,14,207
09/04/2012,PWK,IL,AGL,CE,Towers with Radar,0,42,59,0,101,0,0,59,2,61,0,42,118,2,162,42,0,42,204
09/05/2012,PWK,IL,AGL,CE,Towers with Radar,0,29,69,1,99,0,4,57,1,62,0,33,126,2,161,28,0,28,189
09/06/2012,PWK,IL,AGL,CE,Towers with Radar,0,39,98,0,137,0,5,109,0,114,0,44,207,0,251,64,0,64,315
09/07/2012,PWK,IL,AGL,CE,Towers with Radar,0,37,94,0,131,0,6,46,0,52,0,43,140,0,183,32,0,32,215
09/08/2012,PWK,IL,AGL,CE,Towers with Radar,0,31,47,0,78,0,6,142,1,149,0,37,189,1,227,92,0,92,319
09/09/2012,PWK,IL,AGL,CE,Towers with Radar,0,36,64,0,100,0,4,130,0,134,0,40,194,0,234,86,0,86,320
09/10/2012,PWK,IL,AGL,CE,Towers with Radar,0,45,72,0,117,0,0,70,0,70,0,45,142,0,187,66,0,66,253
09/11/2012,PWK,IL,AGL,CE,Towers with Radar,0,41,65,0,106,0,2,80,0,82,0,43,145,0,188,40,0,40,228
09/12/2012,PWK,IL,AGL,CE,Towers with Radar,0,36,91,0,127,0,1,82,1,84,0,37,173,1,211,56,0,56,267
09/13/2012,PWK,IL,AGL,CE,Towers with Radar,0,60,133,0,193,0,6,55,0,61,0,66,188,0,254,20,0,20,274
09/14/2012,PWK,IL,AGL,CE,Towers with Radar,0,55,100,0,155,0,9,126,0,135,0,64,226,0,290,80,0,80,370
09/15/2012,PWK,IL,AGL,CE,Towers with Radar,0,20,55,0,75,0,2,160,0,162,0,22,215,0,237,104,0,104,341
09/16/2012,PWK,IL,AGL,CE,Towers with Radar,0,39,73,0,112,0,1,149,0,150,0,40,222,0,262,80,0,80,342
09/17/2012,PWK,IL,AGL,CE,Towers with Radar,0,30,55,0,85,0,2,38,0,40,0,32,93,0,125,28,0,28,153
09/18/2012,PWK,IL,AGL,CE,Towers with Radar,0,36,76,1,113,0,3,90,1,94,0,39,166,2,207,30,0,30,237
09/19/2012,PWK,IL,AGL,CE,Towers with Radar,0,45,74,0,119,0,2,52,0,54,0,47,126,0,173,0,0,0,173
09/20/2012,PWK,IL,AGL,CE,Towers with Radar,0,57,96,1,154,0,3,91,0,94,0,60,187,1,248,30,0,30,278
09/21/2012,PWK,IL,AGL,CE,Towers with Radar,0,41,108,1,150,0,6,70,0,76,0,47,178,1,226,56,0,56,282
09/22/2012,PWK,IL,AGL,CE,Towers with Radar,0,23,28,0,51,0,4,54,0,58,0,27,82,0,109,0,0,0,109
09/23/2012,PWK,IL,AGL,CE,Towers with Radar,0,42,72,0,114,0,4,199,2,205,0,46,271,2,319,166,0,166,485
09/24/2012,PWK,IL,AGL,CE,Towers with Radar,0,32,84,0,116,0,1,88,0,89,0,33,172,0,205,44,0,44,249
09/25/2012,PWK,IL,AGL,CE,Towers with Radar,0,50,102,0,152,0,1,98,0,99,0,51,200,0,251,94,0,94,345
09/26/2012,PWK,IL,AGL,CE,Towers with Radar,0,42,107,0,149,0,8,96,0,104,0,50,203,0,253,108,0,108,361
09/27/2012,PWK,IL,AGL,CE,Towers with Radar,0,51,102,0,153,0,4,92,0,96,0,55,194,0,249,74,0,74,323
09/28/2012,PWK,IL,AGL,CE,Towers with Radar,0,48,96,0,144,0,5,112,1,118,0,53,208,1,262,52,0,52,314
09/29/2012,PWK,IL,AGL,CE,Towers with Radar,0,35,51,0,86,0,4,166,0,170,0,39,217,0,256,30,0,30,286
09/30/2012,PWK,IL,AGL,CE,Towers with Radar,0,46,68,0,114,0,3,119,0,122,0,49,187,0,236,50,0,50,286
10/01/2012,PWK,IL,AGL,CE,Towers with Radar,0,45,64,0,109,0,2,87,0,89,0,47,151,0,198,48,15,63,261
10/02/2012,PWK,IL,AGL,CE,Towers with Radar,0,43,81,0,124,0,13,85,0,98,0,56,166,0,222,46,0,46,268
10/03/2012,PWK,IL,AGL,CE,Towers with Radar,0,32,83,0,115,0,0,5,0,5,0,32,88,0,120,0,0,0,120
10/04/2012,PWK,IL,AGL,CE,Towers with Radar,0,51,75,1,127,0,1,52,0,53,0,52,127,1,180,24,0,24,204
10/05/2012,PWK,IL,AGL,CE,Towers with Radar,0,71,67,2,140,0,4,91,0,95,0,75,158,2,235,108,0,108,343
10/06/2012,PWK,IL,AGL,CE,Towers with Radar,0,28,50,1,79,0,7,166,1,174,0,35,216,2,253,120,0,120,373
10/07/2012,PWK,IL,AGL,CE,Towers with Radar,0,45,76,1,122,0,7,145,3,155,0,52,221,4,277,56,0,56,333
10/08/2012,PWK,IL,AGL,CE,Towers with Radar,0,28,58,0,86,0,1,67,0,68,0,29,125,0,154,10,0,10,164
10/09/2012,PWK,IL,AGL,CE,Towers with Radar,0,29,71,0,100,0,1,45,0,46,0,30,116,0,146,12,0,12,158
10/10/2012,PWK,IL,AGL,CE,Towers with Radar,0,45,61,0,106,0,8,87,0,95,0,53,148,0,201,34,0,34,235
10/11/2012,PWK,IL,AGL,CE,Towers with Radar,0,32,76,0,108,0,3,48,0,51,0,35,124,0,159,50,0,50,209
10/12/2012,PWK,IL,AGL,CE,Towers with Radar,0,39,67,0,106,0,2,124,0,126,0,41,191,0,232,54,0,54,286
10/13/2012,PWK,IL,AGL,CE,Towers with Radar,1,31,42,0,74,0,0,11,0,11,1,31,53,0,85,44,0,44,129
10/14/2012,PWK,IL,AGL,CE,Towers with Radar,0,28,41,0,69,0,1,9,0,10,0,29,50,0,79,0,0,0,79
10/15/2012,PWK,IL,AGL,CE,Towers with Radar,0,44,42,0,86,0,11,80,0,91,0,55,122,0,177,58,0,58,235
10/16/2012,PWK,IL,AGL,CE,Towers with Radar,0,38,70,2,110,0,2,64,1,67,0,40,134,3,177,34,0,34,211
10/17/2012,PWK,IL,AGL,CE,Towers with Radar,0,44,81,0,125,0,3,33,0,36,0,47,114,0,161,42,0,42,203
10/18/2012,PWK,IL,AGL,CE,Towers with Radar,0,40,71,0,111,0,4,22,0,26,0,44,93,0,137,0,0,0,137
10/19/2012,PWK,IL,AGL,CE,Towers with Radar,0,29,79,0,108,0,1,38,0,39,0,30,117,0,147,16,0,16,163
10/20/2012,PWK,IL,AGL,CE,Towers with Radar,0,46,47,0,93,0,1,141,0,142,0,47,188,0,235,130,0,130,365
10/21/2012,PWK,IL,AGL,CE,Towers with Radar,0,38,61,0,99,0,1,162,0,163,0,39,223,0,262,86,0,86,348
10/22/2012,PWK,IL,AGL,CE,Towers with Radar,0,27,76,0,103,0,0,3,0,3,0,27,79,0,106,10,0,10,116
10/23/2012,PWK,IL,AGL,CE,Towers with Radar,0,42,66,0,108,0,2,14,0,16,0,44,80,0,124,22,0,22,146
10/24/2012,PWK,IL,AGL,CE,Towers with Radar,0,53,98,0,151,0,2,77,2,81,0,55,175,2,232,65,0,65,297
10/25/2012,PWK,IL,AGL,CE,Towers with Radar,0,53,70,0,123,0,6,17,0,23,0,59,87,0,146,0,0,0,146
10/26/2012,PWK,IL,AGL,CE,Towers with Radar,0,47,67,0,114,0,1,100,0,101,0,48,167,0,215,80,0,80,295
10/27/2012,PWK,IL,AGL,CE,Towers with Radar,0,35,46,0,81,0,2,185,1,188,0,37,231,1,269,76,0,76,345
10/28/2012,PWK,IL,AGL,CE,Towers with Radar,0,22,38,0,60,0,14,100,0,114,0,36,138,0,174,2,0,2,176
10/29/2012,PWK,IL,AGL,CE,Towers with Radar,0,31,51,0,82,0,3,55,1,59,0,34,106,1,141,48,0,48,189
10/30/2012,PWK,IL,AGL,CE,Towers with Radar,0,27,50,0,77,0,12,30,0,42,0,39,80,0,119,16,0,16,135
10/31/2012,PWK,IL,AGL,CE,Towers with Radar,0,33,45,0,78,0,12,49,0,61,0,45,94,0,139,10,0,10,149
11/01/2012,PWK,IL,AGL,CE,Towers with Radar,0,43,89,0,132,0,9,95,0,104,0,52,184,0,236,68,0,68,304
11/02/2012,PWK,IL,AGL,CE,Towers with Radar,0,32,74,1,107,0,3,110,0,113,0,35,184,1,220,46,0,46,266
11/03/2012,PWK,IL,AGL,CE,Towers with Radar,0,33,57,1,91,0,3,127,1,131,0,36,184,2,222,180,0,180,402
11/04/2012,PWK,IL,AGL,CE,Towers with Radar,0,30,63,1,94,0,2,139,0,141,0,32,202,1,235,102,0,102,337
11/05/2012,PWK,IL,AGL,CE,Towers with Radar,0,36,69,0,105,0,2,47,0,49,0,38,116,0,154,14,0,14,168
11/06/2012,PWK,IL,AGL,CE,Towers with Radar,0,53,106,0,159,0,0,2,0,2,0,53,108,0,161,0,0,0,161
11/07/2012,PWK,IL,AGL,CE,Towers with Radar,0,40,81,1,122,0,2,7,0,9,0,42,88,1,131,38,0,38,169
11/08/2012,PWK,IL,AGL,CE,Towers with Radar,0,62,118,0,180,0,1,68,1,70,0,63,186,1,250,60,4,64,314
11/09/2012,PWK,IL,AGL,CE,Towers with Radar,0,36,57,0,93,0,1,75,0,76,0,37,132,0,169,54,0,54,223
11/10/2012,PWK,IL,AGL,CE,Towers with Radar,0,31,44,0,75,0,0,71,0,71,0,31,115,0,146,50,0,50,196
11/11/2012,PWK,IL,AGL,CE,Towers with Radar,0,34,39,0,73,0,0,16,0,16,0,34,55,0,89,0,0,0,89
11/12/2012,PWK,IL,AGL,CE,Towers with Radar,0,23,40,0,63,0,3,42,0,45,0,26,82,0,108,0,0,0,108
11/13/2012,PWK,IL,AGL,CE,Towers with Radar,1,35,65,0,101,0,1,73,0,74,1,36,138,0,175,0,0,0,175
11/14/2012,PWK,IL,AGL,CE,Towers with Radar,0,44,87,2,133,0,4,74,0,78,0,48,161,2,211,54,0,54,265
11/15/2012,PWK,IL,AGL,CE,Towers with Radar,0,29,67,0,96,0,1,94,0,95,0,30,161,0,191,86,0,86,277
11/16/2012,PWK,IL,AGL,CE,Towers with Radar,0,57,113,0,170,0,1,109,0,110,0,58,222,0,280,160,0,160,440
11/17/2012,PWK,IL,AGL,CE,Towers with Radar,0,23,40,0,63,0,0,146,0,146,0,23,186,0,209,86,10,96,305
11/18/2012,PWK,IL,AGL,CE,Towers with Radar,0,24,53,0,77,0,1,128,1,130,0,25,181,1,207,88,0,88,295
11/19/2012,PWK,IL,AGL,CE,Towers with Radar,0,37,65,0,102,0,1,70,0,71,0,38,135,0,173,10,0,10,183
11/20/2012,PWK,IL,AGL,CE,Towers with Radar,0,43,82,0,125,0,2,38,0,40,0,45,120,0,165,52,0,52,217
11/21/2012,PWK,IL,AGL,CE,Towers with Radar,0,57,75,0,132,0,0,53,0,53,0,57,128,0,185,28,0,28,213
11/22/2012,PWK,IL,AGL,CE,Towers with Radar,0,17,15,0,32,0,1,13,0,14,0,18,28,0,46,4,0,4,50
11/23/2012,PWK,IL,AGL,CE,Towers with Radar,0,19,17,0,36,0,3,26,0,29,0,22,43,0,65,0,0,0,65
11/24/2012,PWK,IL,AGL,CE,Towers with Radar,0,27,41,0,68,0,3,98,0,101,0,30,139,0,169,92,0,92,261
11/25/2012,PWK,IL,AGL,CE,Towers with Radar,0,55,78,0,133,0,4,127,1,132,0,59,205,1,265,66,0,66,331
11/26/2012,PWK,IL,AGL,CE,Towers with Radar,0,57,56,0,113,0,6,54,0,60,0,63,110,0,173,54,0,54,227
11/27/2012,PWK,IL,AGL,CE,Towers with Radar,0,45,79,0,124,0,1,67,0,68,0,46,146,0,192,28,0,28,220
11/28/2012,PWK,IL,AGL,CE,Towers with Radar,0,45,81,0,126,0,4,85,0,89,0,49,166,0,215,30,0,30,245
11/29/2012,PWK,IL,AGL,CE,Towers with Radar,0,49,71,0,120,1,2,84,0,87,1,51,155,0,207,116,0,116,323
11/30/2012,PWK,IL,AGL,CE,Towers with Radar,0,36,53,2,91,0,0,73,0,73,0,36,126,2,164,112,0,112,276
12/01/2012,PWK,IL,AGL,CE,Towers with Radar,0,23,57,0,80,0,2,47,0,49,0,25,104,0,129,170,0,170,299
12/02/2012,PWK,IL,AGL,CE,Towers with Radar,0,24,41,0,65,0,0,41,0,41,0,24,82,0,106,76,0,76,182
12/03/2012,PWK,IL,AGL,CE,Towers with Radar,0,25,66,0,91,0,2,12,0,14,0,27,78,0,105,8,0,8,113
12/04/2012,PWK,IL,AGL,CE,Towers with Radar,0,47,62,1,110,0,9,80,0,89,0,56,142,1,199,56,0,56,255
12/05/2012,PWK,IL,AGL,CE,Towers with Radar,0,36,120,0,156,0,3,88,0,91,0,39,208,0,247,40,0,40,287
12/06/2012,PWK,IL,AGL,CE,Towers with Radar,1,58,87,0,146,1,2,51,0,54,2,60,138,0,200,124,0,124,324
12/07/2012,PWK,IL,AGL,CE,Towers with Radar,0,45,57,0,102,0,1,53,0,54,0,46,110,0,156,92,0,92,248
12/08/2012,PWK,IL,AGL,CE,Towers with Radar,0,17,37,0,54,0,1,46,0,47,0,18,83,0,101,73,0,73,174
12/09/2012,PWK,IL,AGL,CE,Towers with Radar,0,37,36,0,73,0,0,1,0,1,0,37,37,0,74,0,0,0,74
12/10/2012,PWK,IL,AGL,CE,Towers with Radar,0,19,59,0,78,0,9,13,0,22,0,28,72,0,100,0,0,0,100
12/11/2012,PWK,IL,AGL,CE,Towers with Radar,0,41,75,0,116,0,1,65,0,66,0,42,140,0,182,46,0,46,228
12/12/2012,PWK,IL,AGL,CE,Towers with Radar,0,55,90,0,145,0,3,81,0,84,0,58,171,0,229,42,0,42,271
12/13/2012,PWK,IL,AGL,CE,Towers with Radar,0,42,81,1,124,0,1,56,0,57,0,43,137,1,181,10,0,10,191
12/14/2012,PWK,IL,AGL,CE,Towers with Radar,0,42,78,1,121,0,1,94,0,95,0,43,172,1,216,76,0,76,292
12/15/2012,PWK,IL,AGL,CE,Towers with Radar,0,18,42,0,60,0,0,4,0,4,0,18,46,0,64,0,0,0,64
12/16/2012,PWK,IL,AGL,CE,Towers with Radar,0,22,41,0,63,0,2,12,0,14,0,24,53,0,77,42,0,42,119
12/17/2012,PWK,IL,AGL,CE,Towers with Radar,0,31,73,0,104,0,3,12,0,15,0,34,85,0,119,132,0,132,251
12/18/2012,PWK,IL,AGL,CE,Towers with Radar,0,28,81,0,109,0,1,1,0,2,0,29,82,0,111,46,0,46,157
12/19/2012,PWK,IL,AGL,CE,Towers with Radar,0,49,62,2,113,0,2,38,0,40,0,51,100,2,153,110,0,110,263
12/20/2012,PWK,IL,AGL,CE,Towers with Radar,0,21,24,0,45,0,0,0,0,0,0,21,24,0,45,0,0,0,45
12/21/2012,PWK,IL,AGL,CE,Towers with Radar,0,40,43,0,83,0,5,18,0,23,0,45,61,0,106,56,0,56,162
12/22/2012,PWK,IL,AGL,CE,Towers with Radar,0,27,73,0,100,0,1,136,0,137,0,28,209,0,237,114,0,114,351
12/23/2012,PWK,IL,AGL,CE,Towers with Radar,0,34,34,0,68,0,3,21,0,24,0,37,55,0,92,138,0,138,230
12/24/2012,PWK,IL,AGL,CE,Towers with Radar,0,13,11,0,24,0,2,10,0,12,0,15,21,0,36,36,0,36,72
12/25/2012,PWK,IL,AGL,CE,Towers with Radar,0,13,11,0,24,0,1,8,0,9,0,14,19,0,33,0,0,0,33
12/26/2012,PWK,IL,AGL,CE,Towers with Radar,0,31,36,0,67,0,9,22,0,31,0,40,58,0,98,10,0,10,108
12/27/2012,PWK,IL,AGL,CE,Towers with Radar,0,42,34,0,76,0,3,33,0,36,0,45,67,0,112,50,0,50,162
12/28/2012,PWK,IL,AGL,CE,Towers with Radar,0,37,19,0,56,0,1,2,0,3,0,38,21,0,59,0,0,0,59
12/29/2012,PWK,IL,AGL,CE,Towers with Radar,0,24,24,0,48,0,3,8,0,11,0,27,32,0,59,2,0,2,61
12/30/2012,PWK,IL,AGL,CE,Towers with Radar,0,28,20,0,48,0,0,124,0,124,0,28,144,0,172,70,0,70,242
12/31/2012,PWK,IL,AGL,CE,Towers with Radar,0,14,19,0,33,0,3,36,0,39,0,17,55,0,72,26,0,26,98
01/01/2013,PWK,IL,AGL,CE,Towers with Radar,0,18,28,0,46,0,0,49,0,49,0,18,77,0,95,22,0,22,117
01/02/2013,PWK,IL,AGL,CE,Towers with Radar,0,32,30,0,62,0,1,73,0,74,0,33,103,0,136,48,0,48,184
01/03/2013,PWK,IL,AGL,CE,Towers with Radar,0,24,34,0,58,0,5,32,1,38,0,29,66,1,96,26,0,26,122
01/04/2013,PWK,IL,AGL,CE,Towers with Radar,0,30,48,0,78,0,2,69,0,71,0,32,117,0,149,4,0,4,153
01/05/2013,PWK,IL,AGL,CE,Towers with Radar,0,29,53,0,82,0,0,71,0,71,0,29,124,0,153,94,0,94,247
01/06/2013,PWK,IL,AGL,CE,Towers with Radar,0,33,41,0,74,0,9,67,0,76,0,42,108,0,150,36,0,36,186
01/07/2013,PWK,IL,AGL,CE,Towers with Radar,0,26,29,0,55,0,1,50,0,51,0,27,79,0,106,28,0,28,134
01/08/2013,PWK,IL,AGL,CE,Towers with Radar,0,27,50,0,77,0,2,65,0,67,0,29,115,0,144,56,0,56,200
01/09/2013,PWK,IL,AGL,CE,Towers with Radar,0,23,46,0,69,0,5,57,0,62,0,28,103,0,131,2,0,2,133
01/10/2013,PWK,IL,AGL,CE,Towers with Radar,0,35,60,0,95,0,0,43,0,43,0,35,103,0,138,34,0,34,172
01/11/2013,PWK,IL,AGL,CE,Towers with Radar,0,29,38,0,67,0,2,5,0,7,0,31,43,0,74,8,0,8,82
01/12/2013,PWK,IL,AGL,CE,Towers with Radar,0,22,28,1,51,0,1,91,0,92,0,23,119,1,143,14,0,14,157
01/13/2013,PWK,IL,AGL,CE,Towers with Radar,0,28,22,0,50,0,3,26,0,29,0,31,48,0,79,26,0,26,105
01/14/2013,PWK,IL,AGL,CE,Towers with Radar,0,31,49,0,80,0,1,41,0,42,0,32,90,0,122,36,0,36,158
01/15/2013,PWK,IL,AGL,CE,Towers with Radar,0,31,78,1,110,0,1,71,0,72,0,32,149,1,182,70,0,70,252
01/16/2013,PWK,IL,AGL,CE,Towers with Radar,0,32,57,0,89,0,1,20,0,21,0,33,77,0,110,16,0,16,126
01/17/2013,PWK,IL,AGL,CE,Towers with Radar,0,43,75,0,118,0,4,79,0,83,0,47,154,0,201,60,0,60,261
01/18/2013,PWK,IL,AGL,CE,Towers with Radar,0,45,57,0,102,0,2,25,0,27,0,47,82,0,129,8,0,8,137
01/19/2013,PWK,IL,AGL,CE,Towers with Radar,0,21,32,0,53,0,1,65,0,66,0,22,97,0,119,46,0,46,165
01/20/2013,PWK,IL,AGL,CE,Towers with Radar,0,15,14,0,29,0,4,64,2,70,0,19,78,2,99,34,0,34,133
01/21/2013,PWK,IL,AGL,CE,Towers with Radar,0,20,31,0,51,0,11,39,0,50,0,31,70,0,101,24,0,24,125
01/22/2013,PWK,IL,AGL,CE,Towers with Radar,0,26,45,0,71,0,2,48,0,50,0,28,93,0,121,4,0,4,125
01/23/2013,PWK,IL,AGL,CE,Towers with Radar,0,29,58,0,87,0,5,6,0,11,0,34,64,0,98,10,0,10,108
01/24/2013,PWK,IL,AGL,CE,Towers with Radar,0,34,46,0,80,0,1,41,0,42,0,35,87,0,122,0,0,0,122
01/25/2013,PWK,IL,AGL,CE,Towers with Radar,0,31,48,0,79,0,1,10,0,11,0,32,58,0,90,46,0,46,136
01/26/2013,PWK,IL,AGL,CE,Towers with Radar,0,11,45,0,56,0,1,131,0,132,0,12,176,0,188,130,0,130,318
01/27/2013,PWK,IL,AGL,CE,Towers with Radar,0,21,30,0,51,0,0,6,0,6,0,21,36,0,57,22,0,22,79
01/28/2013,PWK,IL,AGL,CE,Towers with Radar,1,22,40,0,63,0,0,4,0,4,1,22,44,0,67,0,0,0,67
01/29/2013,PWK,IL,AGL,CE,Towers with Radar,0,42,46,0,88,0,0,2,0,2,0,42,48,0,90,0,0,0,90
01/30/2013,PWK,IL,AGL,CE,Towers with Radar,0,30,38,0,68,0,1,0,0,1,0,31,38,0,69,6,0,6,75
01/31/2013,PWK,IL,AGL,CE,Towers with Radar,0,45,58,0,103,0,3,21,0,24,0,48,79,0,127,10,0,10,137
02/01/2013,PWK,IL,AGL,CE,Towers with Radar,0,23,49,0,72,0,5,47,0,52,0,28,96,0,124,0,0,0,124
02/02/2013,PWK,IL,AGL,CE,Towers with Radar,0,18,18,0,36,0,1,18,0,19,0,19,36,0,55,20,0,20,75
02/03/2013,PWK,IL,AGL,CE,Towers with Radar,0,23,29,0,52,0,2,28,0,30,0,25,57,0,82,36,0,36,118
02/04/2013,PWK,IL,AGL,CE,Towers with Radar,0,26,44,0,70,0,9,13,0,22,0,35,57,0,92,0,0,0,92
02/05/2013,PWK,IL,AGL,CE,Towers with Radar,0,30,64,0,94,0,5,12,0,17,0,35,76,0,111,0,0,0,111
02/06/2013,PWK,IL,AGL,CE,Towers with Radar,0,46,79,0,125,0,4,76,0,80,0,50,155,0,205,86,0,86,291
02/07/2013,PWK,IL,AGL,CE,Towers with Radar,0,19,45,0,64,0,0,0,0,0,0,19,45,0,64,0,0,0,64
02/08/2013,PWK,IL,AGL,CE,Towers with Radar,0,37,44,0,81,0,3,19,1,23,0,40,63,1,104,0,0,0,104
02/09/2013,PWK,IL,AGL,CE,Towers with Radar,0,17,44,1,62,0,0,80,0,80,0,17,124,1,142,186,0,186,328
02/10/2013,PWK,IL,AGL,CE,Towers with Radar,0,20,23,0,43,0,0,2,0,2,0,20,25,0,45,6,0,6,51
02/11/2013,PWK,IL,AGL,CE,Towers with Radar,0,13,30,0,43,0,7,27,0,34,0,20,57,0,77,2,0,2,79
02/12/2013,PWK,IL,AGL,CE,Towers with Radar,0,31,66,0,97,0,7,52,0,59,0,38,118,0,156,116,0,116,272
02/13/2013,PWK,IL,AGL,CE,Towers with Radar,0,38,67,0,105,0,8,88,0,96,0,46,155,0,201,71,0,71,272
02/14/2013,PWK,IL,AGL,CE,Towers with Radar,0,45,61,0,106,0,5,53,0,58,0,50,114,0,164,10,0,10,174
02/15/2013,PWK,IL,AGL,CE,Towers with Radar,0,43,51,0,94,0,2,27,0,29,0,45,78,0,123,20,0,20,143
02/16/2013,PWK,IL,AGL,CE,Towers with Radar,0,14,23,0,37,0,3,83,0,86,0,17,106,0,123,84,0,84,207
02/17/2013,PWK,IL,AGL,CE,Towers with Radar,0,21,29,0,50,0,1,122,0,123,0,22,151,0,173,92,0,92,265
02/18/2013,PWK,IL,AGL,CE,Towers with Radar,0,44,69,0,113,0,1,26,0,27,0,45,95,0,140,16,0,16,156
02/19/2013,PWK,IL,AGL,CE,Towers with Radar,0,28,24,0,52,0,11,22,0,33,0,39,46,0,85,0,0,0,85
02/20/2013,PWK,IL,AGL,CE,Towers with Radar,0,47,59,0,106,0,6,80,0,86,0,53,139,0,192,76,0,76,268
02/21/2013,PWK,IL,AGL,CE,Towers with Radar,0,41,60,0,101,0,4,9,0,13,0,45,69,0,114,16,0,16,130
02/22/2013,PWK,IL,AGL,CE,Towers with Radar,0,26,45,0,71,0,1,0,0,1,0,27,45,0,72,0,0,0,72
02/23/2013,PWK,IL,AGL,CE,Towers with Radar,0,24,32,0,56,0,1,76,0,77,0,25,108,0,133,126,0,126,259
02/24/2013,PWK,IL,AGL,CE,Towers with Radar,0,38,58,0,96,0,0,157,0,157,0,38,215,0,253,86,0,86,339
02/25/2013,PWK,IL,AGL,CE,Towers with Radar,0,42,51,0,93,0,0,83,0,83,0,42,134,0,176,20,0,20,196
02/26/2013,PWK,IL,AGL,CE,Towers with Radar,0,8,19,1,28,0,0,3,1,4,0,8,22,2,32,0,0,0,32
02/27/2013,PWK,IL,AGL,CE,Towers with Radar,0,36,34,0,70,0,0,0,0,0,0,36,34,0,70,0,0,0,70
02/28/2013,PWK,IL,AGL,CE,Towers with Radar,0,45,45,0,90,0,9,20,0,29,0,54,65,0,119,56,0,56,175
03/01/2013,PWK,IL,AGL,CE,Towers with Radar,0,28,66,0,94,0,7,31,0,38,0,35,97,0,132,10,0,10,142
03/02/2013,PWK,IL,AGL,CE,Towers with Radar,0,15,33,0,48,0,2,108,0,110,0,17,141,0,158,48,0,48,206
03/03/2013,PWK,IL,AGL,CE,Towers with Radar,0,22,49,0,71,0,5,128,0,133,0,27,177,0,204,140,0,140,344
03/04/2013,PWK,IL,AGL,CE,Towers with Radar,0,40,51,0,91,0,0,45,2,47,0,40,96,2,138,0,0,0,138
03/05/2013,PWK,IL,AGL,CE,Towers with Radar,0,7,8,0,15,0,1,4,0,5,0,8,12,0,20,0,0,0,20
03/06/2013,PWK,IL,AGL,CE,Towers with Radar,0,42,69,0,111,0,8,27,1,36,0,50,96,1,147,10,0,10,157
03/07/2013,PWK,IL,AGL,CE,Towers with Radar,0,47,59,0,106,0,6,81,0,87,0,53,140,0,193,54,0,54,247
03/08/2013,PWK,IL,AGL,CE,Towers with Radar,0,43,54,0,97,0,1,101,0,102,0,44,155,0,199,60,0,60,259
03/09/2013,PWK,IL,AGL,CE,Towers with Radar,0,19,26,0,45,0,1,57,0,58,0,20,83,0,103,112,0,112,215
03/10/2013,PWK,IL,AGL,CE,Towers with Radar,0,32,28,0,60,0,0,4,0,4,0,32,32,0,64,12,0,12,76
03/11/2013,PWK,IL,AGL,CE,Towers with Radar,0,44,61,0,105,0,0,3,0,3,0,44,64,0,108,0,0,0,108
03/12/2013,PWK,IL,AGL,CE,Towers with Radar,0,30,53,0,83,0,5,30,0,35,0,35,83,0,118,40,0,40,158
03/13/2013,PWK,IL,AGL,CE,Towers with Radar,0,42,68,1,111,0,10,94,0,104,0,52,162,1,215,90,0,90,305
03/14/2013,PWK,IL,AGL,CE,Towers with Radar,0,38,66,0,104,0,3,45,0,48,0,41,111,0,152,16,0,16,168
03/15/2013,PWK,IL,AGL,CE,Towers with Radar,0,47,50,0,97,0,0,7,0,7,0,47,57,0,104,48,0,48,152
03/16/2013,PWK,IL,AGL,CE,Towers with Radar,0,20,29,0,49,0,0,5,0,5,0,20,34,0,54,20,0,20,74
03/17/2013,PWK,IL,AGL,CE,Towers with Radar,0,35,41,0,76,0,2,93,0,95,0,37,134,0,171,116,0,116,287
03/18/2013,PWK,IL,AGL,CE,Towers with Radar,0,30,22,0,52,0,2,3,0,5,0,32,25,0,57,0,0,0,57
03/19/2013,PWK,IL,AGL,CE,Towers with Radar,0,32,75,0,107,0,10,38,0,48,0,42,113,0,155,0,0,0,155
03/20/2013,PWK,IL,AGL,CE,Towers with Radar,0,50,68,0,118,0,8,62,0,70,0,58,130,0,188,22,0,22,210
03/21/2013,PWK,IL,AGL,CE,Towers with Radar,0,45,61,0,106,0,3,107,0,110,0,48,168,0,216,20,0,20,236
03/22/2013,PWK,IL,AGL,CE,Towers with Radar,0,52,67,2,121,0,2,112,0,114,0,54,179,2,235,92,0,92,327
03/23/2013,PWK,IL,AGL,CE,Towers with Radar,0,29,55,0,84,0,3,170,1,174,0,32,225,1,258,100,0,100,358
03/24/2013,PWK,IL,AGL,CE,Towers with Radar,0,36,28,0,64,0,6,11,0,17,0,42,39,0,81,10,0,10,91
03/25/2013,PWK,IL,AGL,CE,Towers with Radar,0,20,30,0,50,0,5,26,0,31,0,25,56,0,81,30,0,30,111
03/26/2013,PWK,IL,AGL,CE,Towers with Radar,0,29,44,2,75,0,9,76,0,85,0,38,120,2,160,80,0,80,240
03/27/2013,PWK,IL,AGL,CE,Towers with Radar,0,45,84,1,130,0,4,73,0,77,0,49,157,1,207,144,0,144,351
03/28/2013,PWK,IL,AGL,CE,Towers with Radar,0,37,68,0,105,0,4,93,0,97,0,41,161,0,202,92,0,92,294
03/29/2013,PWK,IL,AGL,CE,Towers with Radar,0,21,43,0,64,0,4,160,0,164,0,25,203,0,228,54,0,54,282
03/30/2013,PWK,IL,AGL,CE,Towers with Radar,0,37,40,0,77,0,1,132,0,133,0,38,172,0,210,100,0,100,310
03/31/2013,PWK,IL,AGL,CE,Towers with Radar,0,49,43,0,92,0,9,40,0,49,0,58,83,0,141,74,0,74,215
04/01/2013,PWK,IL,AGL,CE,Towers with Radar,0,37,55,0,92,0,10,74,0,84,0,47,129,0,176,44,0,44,220
04/02/2013,PWK,IL,AGL,CE,Towers with Radar,0,21,29,0,50,0,5,78,0,83,0,26,107,0,133,90,0,90,223
04/03/2013,PWK,IL,AGL,CE,Towers with Radar,0,21,51,0,72,0,3,63,0,66,0,24,114,0,138,182,0,182,320
04/04/2013,PWK,IL,AGL,CE,Towers with Radar,0,29,56,0,85,0,1,59,0,60,0,30,115,0,145,62,0,62,207
04/05/2013,PWK,IL,AGL,CE,Towers with Radar,0,23,66,0,89,0,1,89,0,90,0,24,155,0,179,58,0,58,237
04/06/2013,PWK,IL,AGL,CE,Towers with Radar,0,27,29,0,56,0,1,21,0,22,0,28,50,0,78,0,0,0,78
04/07/2013,PWK,IL,AGL,CE,Towers with Radar,0,42,62,0,104,0,0,132,0,132,0,42,194,0,236,136,0,136,372
04/08/2013,PWK,IL,AGL,CE,Towers with Radar,0,27,41,0,68,0,2,23,0,25,0,29,64,0,93,6,0,6,99
04/09/2013,PWK,IL,AGL,CE,Towers with Radar,0,41,53,0,94,0,0,0,0,0,0,41,53,0,94,0,0,0,94
04/10/2013,PWK,IL,AGL,CE,Towers with Radar,0,25,48,0,73,0,0,0,0,0,0,25,48,0,73,0,0,0,73
04/11/2013,PWK,IL,AGL,CE,Towers with Radar,0,57,80,0,137,0,0,0,0,0,0,57,80,0,137,0,0,0,137
04/12/2013,PWK,IL,AGL,CE,Towers with Radar,0,31,64,0,95,0,2,22,0,24,0,33,86,0,119,48,0,48,167
04/13/2013,PWK,IL,AGL,CE,Towers with Radar,1,20,44,0,65,0,5,99,0,104,1,25,143,0,169,58,0,58,227
04/14/2013,PWK,IL,AGL,CE,Towers with Radar,0,27,38,0,65,0,0,56,0,56,0,27,94,0,121,88,14,102,223
04/15/2013,PWK,IL,AGL,CE,Towers with Radar,0,34,54,0,88,0,1,8,0,9,0,35,62,0,97,54,0,54,151
04/16/2013,PWK,IL,AGL,CE,Towers with Radar,0,39,99,0,138,0,3,81,0,84,0,42,180,0,222,92,0,92,314
04/17/2013,PWK,IL,AGL,CE,Towers with Radar,0,28,48,0,76,0,0,7,0,7,0,28,55,0,83,2,0,2,85
04/18/2013,PWK,IL,AGL,CE,Towers with Radar,0,46,67,0,113,0,0,1,0,1,0,46,68,0,114,0,0,0,114
04/19/2013,PWK,IL,AGL,CE,Towers with Radar,0,36,38,0,74,0,1,12,0,13,0,37,50,0,87,4,0,4,91
04/20/2013,PWK,IL,AGL,CE,Towers with Radar,1,19,25,0,45,0,0,146,0,146,1,19,171,0,191,130,0,130,321
04/21/2013,PWK,IL,AGL,CE,Towers with Radar,0,26,66,0,92,0,0,110,0,110,0,26,176,0,202,142,0,142,344
04/22/2013,PWK,IL,AGL,CE,Towers with Radar,0,26,68,0,94,0,0,53,0,53,0,26,121,0,147,84,0,84,231
04/23/2013,PWK,IL,AGL,CE,Towers with Radar,0,37,68,2,107,0,0,14,0,14,0,37,82,2,121,80,0,80,201
04/24/2013,PWK,IL,AGL,CE,Towers with Radar,0,37,81,0,118,0,10,69,0,79,0,47,150,0,197,128,0,128,325
04/25/2013,PWK,IL,AGL,CE,Towers with Radar,0,41,83,0,124,0,4,61,0,65,0,45,144,0,189,60,0,60,249
04/26/2013,PWK,IL,AGL,CE,Towers with Radar,0,37,73,0,110,0,1,72,0,73,0,38,145,0,183,70,0,70,253
04/27/2013,PWK,IL,AGL,CE,Towers with Radar,0,22,39,0,61,0,1,138,0,139,0,23,177,0,200,80,0,80,280
04/28/2013,PWK,IL,AGL,CE,Towers with Radar,0,35,57,0,92,0,0,97,0,97,0,35,154,0,189,120,0,120,309
04/29/2013,PWK,IL,AGL,CE,Towers with Radar,0,30,54,0,84,0,0,63,0,63,0,30,117,0,147,156,0,156,303
04/30/2013,PWK,IL,AGL,CE,Towers with Radar,0,45,85,0,130,0,0,57,1,58,0,45,142,1,188,102,0,102,290
05/01/2013,PWK,IL,AGL,CE,Towers with Radar,0,34,70,0,104,0,0,90,0,90,0,34,160,0,194,58,0,58,252
05/02/2013,PWK,IL,AGL,CE,Towers with Radar,1,39,72,0,112,0,2,58,0,60,1,41,130,0,172,40,0,40,212
05/03/2013,PWK,IL,AGL,CE,Towers with Radar,0,44,76,0,120,0,0,0,0,0,0,44,76,0,120,0,0,0,120
05/04/2013,PWK,IL,AGL,CE,Towers with Radar,0,28,47,0,75,0,3,100,1,104,0,31,147,1,179,58,0,58,237
05/05/2013,PWK,IL,AGL,CE,Towers with Radar,0,50,68,0,118,0,11,128,0,139,0,61,196,0,257,64,0,64,321
05/06/2013,PWK,IL,AGL,CE,Towers with Radar,0,35,73,0,108,0,8,69,0,77,0,43,142,0,185,124,0,124,309
05/07/2013,PWK,IL,AGL,CE,Towers with Radar,0,54,77,0,131,0,5,81,0,86,0,59,158,0,217,84,0,84,301
05/08/2013,PWK,IL,AGL,CE,Towers with Radar,0,53,101,2,156,0,0,79,0,79,0,53,180,2,235,32,0,32,267
05/09/2013,PWK,IL,AGL,CE,Towers with Radar,0,40,50,0,90,0,0,18,0,18,0,40,68,0,108,68,0,68,176
05/10/2013,PWK,IL,AGL,CE,Towers with Radar,0,36,78,0,114,0,0,4,0,4,0,36,82,0,118,0,0,0,118
05/11/2013,PWK,IL,AGL,CE,Towers with Radar,0,26,48,2,76,0,0,42,0,42,0,26,90,2,118,102,0,102,220
05/12/2013,PWK,IL,AGL,CE,Towers with Radar,0,25,52,0,77,0,4,91,0,95,0,29,143,0,172,30,0,30,202
05/13/2013,PWK,IL,AGL,CE,Towers with Radar,0,32,64,0,96,0,0,85,0,85,0,32,149,0,181,62,0,62,243
05/14/2013,PWK,IL,AGL,CE,Towers with Radar,0,26,59,0,85,0,2,73,1,76,0,28,132,1,161,60,0,60,221
05/15/2013,PWK,IL,AGL,CE,Towers with Radar,0,41,81,0,122,0,2,94,0,96,0,43,175,0,218,192,0,192,410
05/16/2013,PWK,IL,AGL,CE,Towers with Radar,0,45,71,2,118,0,0,61,0,61,0,45,132,2,179,28,0,28,207
05/17/2013,PWK,IL,AGL,CE,Towers with Radar,0,38,59,0,97,0,0,76,0,76,0,38,135,0,173,68,8,76,249
05/18/2013,PWK,IL,AGL,CE,Towers with Radar,0,25,41,0,66,0,0,214,1,215,0,25,255,1,281,96,0,96,377
05/19/2013,PWK,IL,AGL,CE,Towers with Radar,0,42,48,0,90,0,0,52,0,52,0,42,100,0,142,62,0,62,204
05/20/2013,PWK,IL,AGL,CE,Towers with Radar,0,28,69,0,97,0,1,32,0,33,0,29,101,0,130,14,0,14,144
05/21/2013,PWK,IL,AGL,CE,Towers with Radar,0,35,61,0,96,0,1,49,0,50,0,36,110,0,146,34,0,34,180
05/22/2013,PWK,IL,AGL,CE,Towers with Radar,0,34,102,0,136,0,0,10,0,10,0,34,112,0,146,64,0,64,210
05/23/2013,PWK,IL,AGL,CE,Towers with Radar,0,47,56,0,103,0,8,40,0,48,0,55,96,0,151,0,0,0,151
05/24/2013,PWK,IL,AGL,CE,Towers with Radar,0,42,82,0,124,0,3,165,0,168,0,45,247,0,292,102,0,102,394
05/25/2013,PWK,IL,AGL,CE,Towers with Radar,0,14,27,0,41,0,0,147,0,147,0,14,174,0,188,142,0,142,330
05/26/2013,PWK,IL,AGL,CE,Towers with Radar,0,16,27,0,43,0,0,74,0,74,0,16,101,0,117,146,0,146,263
05/27/2013,PWK,IL,AGL,CE,Towers with Radar,0,33,73,0,106,0,0,1,0,1,0,33,74,0,107,0,0,0,107
05/28/2013,PWK,IL,AGL,CE,Towers with Radar,0,44,68,0,112,0,0,12,0,12,0,44,80,0,124,54,0,54,178
05/29/2013,PWK,IL,AGL,CE,Towers with Radar,0,45,91,0,136,0,0,22,0,22,0,45,113,0,158,84,0,84,242
05/30/2013,PWK,IL,AGL,CE,Towers with Radar,0,64,70,0,134,0,0,8,0,8,0,64,78,0,142,10,0,10,152
05/31/2013,PWK,IL,AGL,CE,Towers with Radar,0,32,70,0,102,0,0,31,0,31,0,32,101,0,133,72,0,72,205
06/01/2013,PWK,IL,AGL,CE,Towers with Radar,0,20,29,0,49,0,0,58,0,58,0,20,87,0,107,92,0,92,199
06/02/2013,PWK,IL,AGL,CE,Towers with Radar,0,26,77,0,103,0,0,22,0,22,0,26,99,0,125,0,0,0,125
06/03/2013,PWK,IL,AGL,CE,Towers with Radar,0,55,59,0,114,0,3,100,0,103,0,58,159,0,217,40,0,40,257
06/04/2013,PWK,IL,AGL,CE,Towers with Radar,0,37,59,0,96,0,2,86,4,92,0,39,145,4,188,158,0,158,346
06/05/2013,PWK,IL,AGL,CE,Towers with Radar,0,41,88,0,129,0,1,65,0,66,0,42,153,0,195,52,0,52,247
06/06/2013,PWK,IL,AGL,CE,Towers with Radar,0,47,78,0,125,0,3,56,0,59,0,50,134,0,184,30,0,30,214
06/07/2013,PWK,IL,AGL,CE,Towers with Radar,0,47,78,0,125,0,3,127,0,130,0,50,205,0,255,72,0,72,327
06/08/2013,PWK,IL,AGL,CE,Towers with Radar,0,22,46,0,68,0,1,153,0,154,0,23,199,0,222,78,0,78,300
06/09/2013,PWK,IL,AGL,CE,Towers with Radar,0,23,56,0,79,0,0,92,0,92,0,23,148,0,171,92,0,92,263
06/10/2013,PWK,IL,AGL,CE,Towers with Radar,0,29,65,2,96,0,2,27,0,29,0,31,92,2,125,10,0,10,135
06/11/2013,PWK,IL,AGL,CE,Towers with Radar,0,37,101,2,140,0,1,94,1,96,0,38,195,3,236,30,0,30,266
06/12/2013,PWK,IL,AGL,CE,Towers with Radar,0,22,73,0,95,0,4,46,0,50,0,26,119,0,145,26,0,26,171
06/13/2013,PWK,IL,AGL,CE,Towers with Radar,0,36,77,0,113,0,10,109,0,119,0,46,186,0,232,74,0,74,306
06/14/2013,PWK,IL,AGL,CE,Towers with Radar,0,33,72,0,105,0,1,151,0,152,0,34,223,0,257,14,0,14,271
06/15/2013,PWK,IL,AGL,CE,Towers with Radar,0,18,41,0,59,0,0,106,0,106,0,18,147,0,165,98,0,98,263
06/16/2013,PWK,IL,AGL,CE,Towers with Radar,0,20,28,0,48,0,8,133,0,141,0,28,161,0,189,0,0,0,189
06/17/2013,PWK,IL,AGL,CE,Towers with Radar,0,40,78,0,118,0,8,76,0,84,0,48,154,0,202,106,0,106,308
06/18/2013,PWK,IL,AGL,CE,Towers with Radar,0,53,92,0,145,0,11,58,0,69,0,64,150,0,214,94,0,94,308
06/19/2013,PWK,IL,AGL,CE,Towers with Radar,0,45,90,0,135,0,1,89,0,90,0,46,179,0,225,148,0,148,373
06/20/2013,PWK,IL,AGL,CE,Towers with Radar,0,31,89,0,120,0,0,94,0,94,0,31,183,0,214,110,0,110,324
06/21/2013,PWK,IL,AGL,CE,Towers with Radar,1,32,66,0,99,0,0,64,0,64,1,32,130,0,163,42,0,42,205
06/22/2013,PWK,IL,AGL,CE,Towers with Radar,0,29,22,1,52,0,0,103,0,103,0,29,125,1,155,108,0,108,263
06/23/2013,PWK,IL,AGL,CE,Towers with Radar,0,47,68,0,115,0,1,77,0,78,0,48,145,0,193,48,0,48,241
06/24/2013,PWK,IL,AGL,CE,Towers with Radar,0,26,65,1,92,0,0,26,0,26,0,26,91,1,118,68,0,68,186
06/25/2013,PWK,IL,AGL,CE,Towers with Radar,0,33,82,0,115,0,0,23,0,23,0,33,105,0,138,26,0,26,164
06/26/2013,PWK,IL,AGL,CE,Towers with Radar,0,44,72,0,116,0,1,40,1,42,0,45,112,1,158,78,0,78,236
06/27/2013,PWK,IL,AGL,CE,Towers with Radar,0,37,69,0,106,0,1,88,0,89,0,38,157,0,195,102,0,102,297
06/28/2013,PWK,IL,AGL,CE,Towers with Radar,0,51,71,0,122,0,4,68,0,72,0,55,139,0,194,44,0,44,238
06/29/2013,PWK,IL,AGL,CE,Towers with Radar,0,31,37,0,68,0,2,34,0,36,0,33,71,0,104,14,0,14,118
06/30/2013,PWK,IL,AGL,CE,Towers with Radar,0,35,48,0,83,0,0,142,0,142,0,35,190,0,225,118,0,118,343
07/01/2013,PWK,IL,AGL,CE,Towers with Radar,0,26,39,0,65,0,3,94,1,98,0,29,133,1,163,130,0,130,293
07/02/2013,PWK,IL,AGL,CE,Towers with Radar,0,23,74,0,97,0,4,75,0,79,0,27,149,0,176,108,0,108,284
07/03/2013,PWK,IL,AGL,CE,Towers with Radar,0,41,87,0,128,0,0,6,0,6,0,41,93,0,134,32,0,32,166
07/04/2013,PWK,IL,AGL,CE,Towers with Radar,0,5,24,0,29,0,0,55,0,55,0,5,79,0,84,82,0,82,166
07/05/2013,PWK,IL,AGL,CE,Towers with Radar,0,15,26,0,41,0,0,103,0,103,0,15,129,0,144,128,0,128,272
07/06/2013,PWK,IL,AGL,CE,Towers with Radar,0,9,23,0,32,0,0,128,0,128,0,9,151,0,160,114,0,114,274
07/07/2013,PWK,IL,AGL,CE,Towers with Radar,0,45,83,0,128,0,1,96,2,99,0,46,179,2,227,232,0,232,459
07/08/2013,PWK,IL,AGL,CE,Towers with Radar,0,20,55,0,75,0,0,22,0,22,0,20,77,0,97,50,0,50,147
07/09/2013,PWK,IL,AGL,CE,Towers with Radar,0,31,67,0,98,0,0,31,0,31,0,31,98,0,129,36,0,36,165
07/10/2013,PWK,IL,AGL,CE,Towers with Radar,0,33,93,0,126,0,7,101,0,108,0,40,194,0,234,80,0,80,314
07/11/2013,PWK,IL,AGL,CE,Towers with Radar,0,33,77,0,110,0,4,128,0,132,0,37,205,0,242,132,0,132,374
07/12/2013,PWK,IL,AGL,CE,Towers with Radar,0,37,105,0,142,0,1,137,0,138,0,38,242,0,280,80,0,80,360
07/13/2013,PWK,IL,AGL,CE,Towers with Radar,0,22,33,0,55,0,0,147,0,147,0,22,180,0,202,100,0,100,302
07/14/2013,PWK,IL,AGL,CE,Towers with Radar,0,48,63,0,111,0,1,143,2,146,0,49,206,2,257,14,0,14,271
07/15/2013,PWK,IL,AGL,CE,Towers with Radar,0,39,87,0,126,0,0,66,0,66,0,39,153,0,192,26,0,26,218
07/16/2013,PWK,IL,AGL,CE,Towers with Radar,0,37,81,0,118,0,0,84,0,84,0,37,165,0,202,106,0,106,308
07/17/2013,PWK,IL,AGL,CE,Towers with Radar,0,30,85,0,115,0,1,80,4,85,0,31,165,4,200,88,0,88,288
07/18/2013,PWK,IL,AGL,CE,Towers with Radar,0,37,93,0,130,0,0,93,0,93,0,37,186,0,223,68,0,68,291
07/19/2013,PWK,IL,AGL,CE,Towers with Radar,0,47,75,0,122,0,0,66,0,66,0,47,141,0,188,26,0,26,214
07/20/2013,PWK,IL,AGL,CE,Towers with Radar,0,24,54,0,78,0,1,138,0,139,0,25,192,0,217,84,0,84,301
07/21/2013,PWK,IL,AGL,CE,Towers with Radar,0,28,79,0,107,0,3,85,1,89,0,31,164,1,196,92,0,92,288
07/22/2013,PWK,IL,AGL,CE,Towers with Radar,1,31,91,2,125,0,0,65,0,65,1,31,156,2,190,188,0,188,378
07/23/2013,PWK,IL,AGL,CE,Towers with Radar,0,26,72,0,98,0,7,111,0,118,0,33,183,0,216,170,0,170,386
07/24/2013,PWK,IL,AGL,CE,Towers with Radar,0,28,90,0,118,0,8,115,1,124,0,36,205,1,242,120,0,120,362
07/25/2013,PWK,IL,AGL,CE,Towers with Radar,0,47,94,0,141,0,1,119,0,120,0,48,213,0,261,171,0,171,432
07/26/2013,PWK,IL,AGL,CE,Towers with Radar,0,20,86,0,106,0,0,50,0,50,0,20,136,0,156,94,0,94,250
07/27/2013,PWK,IL,AGL,CE,Towers with Radar,0,17,44,0,61,0,0,140,4,144,0,17,184,4,205,136,0,136,341
07/28/2013,PWK,IL,AGL,CE,Towers with Radar,0,19,48,0,67,0,10,146,0,156,0,29,194,0,223,54,0,54,277
07/29/2013,PWK,IL,AGL,CE,Towers with Radar,0,38,89,0,127,0,5,126,0,131,0,43,215,0,258,96,0,96,354
07/30/2013,PWK,IL,AGL,CE,Towers with Radar,0,35,76,0,111,0,0,53,0,53,0,35,129,0,164,132,0,132,296
07/31/2013,PWK,IL,AGL,CE,Towers with Radar,0,32,105,0,137,0,2,22,0,24,0,34,127,0,161,68,0,68,229
08/01/2013,PWK,IL,AGL,CE,Towers with Radar,0,44,100,0,144,0,8,141,0,149,0,52,241,0,293,108,0,108,401
08/02/2013,PWK,IL,AGL,CE,Towers with Radar,0,51,86,0,137,0,2,123,0,125,0,53,209,0,262,130,0,130,392
08/03/2013,PWK,IL,AGL,CE,Towers with Radar,0,29,51,0,80,0,1,171,0,172,0,30,222,0,252,44,0,44,296
08/04/2013,PWK,IL,AGL,CE,Towers with Radar,0,37,83,0,120,0,0,141,0,141,0,37,224,0,261,124,0,124,385
08/05/2013,PWK,IL,AGL,CE,Towers with Radar,0,29,74,0,103,0,0,30,0,30,0,29,104,0,133,118,0,118,251
08/06/2013,PWK,IL,AGL,CE,Towers with Radar,0,37,79,0,116,0,0,29,0,29,0,37,108,0,145,118,0,118,263
08/07/2013,PWK,IL,AGL,CE,Towers with Radar,0,32,69,0,101,0,1,58,0,59,0,33,127,0,160,70,0,70,230
08/08/2013,PWK,IL,AGL,CE,Towers with Radar,0,36,75,0,111,0,0,113,0,113,0,36,188,0,224,76,0,76,300
08/09/2013,PWK,IL,AGL,CE,Towers with Radar,0,38,88,0,126,0,4,125,0,129,0,42,213,0,255,134,0,134,389
08/10/2013,PWK,IL,AGL,CE,Towers with Radar,0,38,36,0,74,0,0,142,0,142,0,38,178,0,216,90,0,90,306
08/11/2013,PWK,IL,AGL,CE,Towers with Radar,0,33,84,0,117,0,4,101,1,106,0,37,185,1,223,156,0,156,379
08/12/2013,PWK,IL,AGL,CE,Towers with Radar,0,31,67,0,98,0,2,52,0,54,0,33,119,0,152,32,0,32,184
08/13/2013,PWK,IL,AGL,CE,Towers with Radar,0,42,69,0,111,0,2,98,2,102,0,44,167,2,213,150,0,150,363
08/14/2013,PWK,IL,AGL,CE,Towers with Radar,0,38,65,0,103,0,0,121,0,121,0,38,186,0,224,86,0,86,310
08/15/2013,PWK,IL,AGL,CE,Towers with Radar,0,47,62,0,109,0,2,108,0,110,0,49,170,0,219,110,0,110,329
08/16/2013,PWK,IL,AGL,CE,Towers with Radar,0,27,95,0,122,0,2,108,0,110,0,29,203,0,232,76,0,76,308
08/17/2013,PWK,IL,AGL,CE,Towers with Radar,0,39,45,1,85,0,1,126,0,127,0,40,171,1,212,74,0,74,286
08/18/2013,PWK,IL,AGL,CE,Towers with Radar,0,40,83,1,124,1,0,97,1,99,1,40,180,2,223,146,0,146,369
08/19/2013,PWK,IL,AGL,CE,Towers with Radar,0,41,55,0,96,0,1,81,0,82,0,42,136,0,178,106,0,106,284
08/20/2013,PWK,IL,AGL,CE,Towers with Radar,0,37,63,1,101,0,1,100,0,101,0,38,163,1,202,104,0,104,306
08/21/2013,PWK,IL,AGL,CE,Towers with Radar,0,30,77,2,109,0,0,77,0,77,0,30,154,2,186,52,0,52,238
08/22/2013,PWK,IL,AGL,CE,Towers with Radar,0,55,93,0,148,0,4,50,0,54,0,59,143,0,202,26,0,26,228
08/23/2013,PWK,IL,AGL,CE,Towers with Radar,0,42,74,0,116,0,0,128,0,128,0,42,202,0,244,32,0,32,276
08/24/2013,PWK,IL,AGL,CE,Towers with Radar,0,26,51,0,77,0,0,140,0,140,0,26,191,0,217,56,0,56,273
08/25/2013,PWK,IL,AGL,CE,Towers with Radar,0,38,60,0,98,0,0,108,0,108,0,38,168,0,206,102,0,102,308
08/26/2013,PWK,IL,AGL,CE,Towers with Radar,0,32,62,0,94,0,1,52,0,53,0,33,114,0,147,44,0,44,191
08/27/2013,PWK,IL,AGL,CE,Towers with Radar,0,47,72,0,119,0,1,74,0,75,0,48,146,0,194,80,0,80,274
08/28/2013,PWK,IL,AGL,CE,Towers with Radar,0,39,97,0,136,0,12,51,0,63,0,51,148,0,199,38,0,38,237
08/29/2013,PWK,IL,AGL,CE,Towers with Radar,0,47,88,0,135,0,0,83,0,83,0,47,171,0,218,52,0,52,270
08/30/2013,PWK,IL,AGL,CE,Towers with Radar,0,44,67,0,111,0,2,107,0,109,0,46,174,0,220,58,0,58,278
08/31/2013,PWK,IL,AGL,CE,Towers with Radar,0,19,57,0,76,0,1,63,0,64,0,20,120,0,140,106,0,106,246
09/01/2013,PWK,IL,AGL,CE,Towers with Radar,0,17,28,0,45,0,4,36,0,40,0,21,64,0,85,192,0,192,277
09/02/2013,PWK,IL,AGL,CE,Towers with Radar,0,37,70,0,107,0,9,117,0,126,0,46,187,0,233,136,0,136,369
09/03/2013,PWK,IL,AGL,CE,Towers with Radar,0,43,57,1,101,0,1,79,0,80,0,44,136,1,181,102,0,102,283
09/04/2013,PWK,IL,AGL,CE,Towers with Radar,0,38,85,0,123,0,3,91,0,94,0,41,176,0,217,40,0,40,257
09/05/2013,PWK,IL,AGL,CE,Towers with Radar,0,34,87,0,121,0,6,89,0,95,0,40,176,0,216,70,0,70,286
09/06/2013,PWK,IL,AGL,CE,Towers with Radar,0,29,80,0,109,0,0,112,2,114,0,29,192,2,223,120,0,120,343
09/07/2013,PWK,IL,AGL,CE,Towers with Radar,0,25,35,0,60,0,1,107,1,109,0,26,142,1,169,138,0,138,307
09/08/2013,PWK,IL,AGL,CE,Towers with Radar,0,39,61,0,100,0,0,34,0,34,0,39,95,0,134,142,0,142,276
09/09/2013,PWK,IL,AGL,CE,Towers with Radar,0,60,81,0,141,0,0,52,4,56,0,60,133,4,197,80,0,80,277
09/10/2013,PWK,IL,AGL,CE,Towers with Radar,0,44,70,0,114,0,0,46,0,46,0,44,116,0,160,76,0,76,236
09/11/2013,PWK,IL,AGL,CE,Towers with Radar,0,32,77,0,109,0,3,62,0,65,0,35,139,0,174,64,0,64,238
09/12/2013,PWK,IL,AGL,CE,Towers with Radar,0,42,86,0,128,0,10,91,1,102,0,52,177,1,230,82,0,82,312
09/13/2013,PWK,IL,AGL,CE,Towers with Radar,1,33,62,0,96,0,3,98,0,101,1,36,160,0,197,96,0,96,293
09/14/2013,PWK,IL,AGL,CE,Towers with Radar,0,22,51,0,73,0,0,166,2,168,0,22,217,2,241,66,0,66,307
09/15/2013,PWK,IL,AGL,CE,Towers with Radar,0,55,87,0,142,0,0,15,0,15,0,55,102,0,157,22,0,22,179
09/16/2013,PWK,IL,AGL,CE,Towers with Radar,0,39,76,0,115,0,6,106,0,112,0,45,182,0,227,52,0,52,279
09/17/2013,PWK,IL,AGL,CE,Towers with Radar,0,42,82,0,124,0,0,83,0,83,0,42,165,0,207,22,0,22,229
09/18/2013,PWK,IL,AGL,CE,Towers with Radar,0,36,83,0,119,0,0,42,0,42,0,36,125,0,161,76,0,76,237
09/19/2013,PWK,IL,AGL,CE,Towers with Radar,0,55,85,0,140,0,0,35,0,35,0,55,120,0,175,0,0,0,175
09/20/2013,PWK,IL,AGL,CE,Towers with Radar,0,41,92,0,133,0,6,71,0,77,0,47,163,0,210,14,0,14,224
09/21/2013,PWK,IL,AGL,CE,Towers with Radar,0,22,37,0,59,0,3,168,1,172,0,25,205,1,231,70,0,70,301
09/22/2013,PWK,IL,AGL,CE,Towers with Radar,0,49,75,0,124,0,2,119,0,121,0,51,194,0,245,131,0,131,376
09/23/2013,PWK,IL,AGL,CE,Towers with Radar,0,38,54,0,92,0,1,55,0,56,0,39,109,0,148,0,0,0,148
09/24/2013,PWK,IL,AGL,CE,Towers with Radar,0,32,77,0,109,0,1,61,0,62,0,33,138,0,171,42,0,42,213
09/25/2013,PWK,IL,AGL,CE,Towers with Radar,0,28,67,0,95,0,1,73,1,75,0,29,140,1,170,18,0,18,188
09/26/2013,PWK,IL,AGL,CE,Towers with Radar,0,46,84,0,130,0,0,86,0,86,0,46,170,0,216,78,0,78,294
09/27/2013,PWK,IL,AGL,CE,Towers with Radar,0,33,69,0,102,0,0,96,0,96,0,33,165,0,198,17,0,17,215
09/28/2013,PWK,IL,AGL,CE,Towers with Radar,0,40,34,0,74,1,0,104,0,105,1,40,138,0,179,70,0,70,249
09/29/2013,PWK,IL,AGL,CE,Towers with Radar,1,44,82,0,127,0,9,114,0,123,1,53,196,0,250,124,0,124,374
09/30/2013,PWK,IL,AGL,CE,Towers with Radar,0,29,70,0,99,0,0,54,0,54,0,29,124,0,153,30,0,30,183
10/01/2013,PWK,IL,AGL,CE,Towers with Radar,0,28,59,0,87,0,1,22,0,23,0,29,81,0,110,44,0,44,154
10/02/2013,PWK,IL,AGL,CE,Towers with Radar,0,36,85,0,121,0,0,68,0,68,0,36,153,0,189,34,0,34,223
10/03/2013,PWK,IL,AGL,CE,Towers with Radar,0,42,79,0,121,0,0,20,0,20,0,42,99,0,141,28,0,28,169
10/04/2013,PWK,IL,AGL,CE,Towers with Radar,0,41,95,0,136,0,0,28,0,28,0,41,123,0,164,74,0,74,238
10/05/2013,PWK,IL,AGL,CE,Towers with Radar,0,24,43,0,67,1,0,12,0,13,1,24,55,0,80,6,0,6,86
10/06/2013,PWK,IL,AGL,CE,Towers with Radar,2,50,68,0,120,1,1,81,0,83,3,51,149,0,203,32,0,32,235
10/07/2013,PWK,IL,AGL,CE,Towers with Radar,0,20,69,0,89,0,2,50,0,52,0,22,119,0,141,50,0,50,191
10/08/2013,PWK,IL,AGL,CE,Towers with Radar,0,47,95,0,142,0,0,91,0,91,0,47,186,0,233,36,0,36,269
10/09/2013,PWK,IL,AGL,CE,Towers with Radar,0,46,85,0,131,0,0,56,0,56,0,46,141,0,187,20,0,20,207
10/10/2013,PWK,IL,AGL,CE,Towers with Radar,1,50,88,0,139,0,0,81,0,81,1,50,169,0,220,28,0,28,248
10/11/2013,PWK,IL,AGL,CE,Towers with Radar,1,35,101,0,137,0,0,113,0,113,1,35,214,0,250,20,0,20,270
10/12/2013,PWK,IL,AGL,CE,Towers with Radar,0,22,44,0,66,0,0,63,0,63,0,22,107,0,129,64,0,64,193
10/13/2013,PWK,IL,AGL,CE,Towers with Radar,0,29,60,0,89,0,8,118,0,126,0,37,178,0,215,108,0,108,323
10/14/2013,PWK,IL,AGL,CE,Towers with Radar,0,38,70,0,108,0,0,67,0,67,0,38,137,0,175,98,0,98,273
10/15/2013,PWK,IL,AGL,CE,Towers with Radar,0,31,57,0,88,0,2,13,0,15,0,33,70,0,103,18,0,18,121
10/16/2013,PWK,IL,AGL,CE,Towers with Radar,0,41,92,0,133,0,0,12,0,12,0,41,104,0,145,10,0,10,155
10/17/2013,PWK,IL,AGL,CE,Towers with Radar,0,32,92,0,124,0,4,43,0,47,0,36,135,0,171,26,0,26,197
10/18/2013,PWK,IL,AGL,CE,Towers with Radar,0,36,79,0,115,0,5,52,0,57,0,41,131,0,172,68,0,68,240
10/19/2013,PWK,IL,AGL,CE,Towers with Radar,0,31,40,0,71,0,0,143,0,143,0,31,183,0,214,52,0,52,266
10/20/2013,PWK,IL,AGL,CE,Towers with Radar,0,41,60,0,101,0,0,111,0,111,0,41,171,0,212,104,0,104,316
10/21/2013,PWK,IL,AGL,CE,Towers with Radar,0,36,74,0,110,0,3,57,0,60,0,39,131,0,170,78,0,78,248
10/22/2013,PWK,IL,AGL,CE,Towers with Radar,0,31,62,0,93,0,0,23,0,23,0,31,85,0,116,8,0,8,124
10/23/2013,PWK,IL,AGL,CE,Towers with Radar,0,45,90,0,135,0,3,98,0,101,0,48,188,0,236,86,0,86,322
10/24/2013,PWK,IL,AGL,CE,Towers with Radar,0,49,85,0,134,0,10,64,0,74,0,59,149,0,208,22,0,22,230
10/25/2013,PWK,IL,AGL,CE,Towers with Radar,0,54,59,0,113,0,0,103,0,103,0,54,162,0,216,50,0,50,266
10/26/2013,PWK,IL,AGL,CE,Towers with Radar,0,24,34,0,58,0,3,90,0,93,0,27,124,0,151,26,0,26,177
10/27/2013,PWK,IL,AGL,CE,Towers with Radar,0,40,57,0,97,0,0,111,0,111,0,40,168,0,208,92,0,92,300
10/28/2013,PWK,IL,AGL,CE,Towers with Radar,0,39,72,0,111,0,4,43,0,47,0,43,115,0,158,70,0,70,228
10/29/2013,PWK,IL,AGL,CE,Towers with Radar,0,47,75,0,122,0,0,51,0,51,0,47,126,0,173,48,0,48,221
10/30/2013,PWK,IL,AGL,CE,Towers with Radar,0,43,80,0,123,0,0,0,0,0,0,43,80,0,123,0,0,0,123
10/31/2013,PWK,IL,AGL,CE,Towers with Radar,0,38,43,0,81,0,0,2,0,2,0,38,45,0,83,0,0,0,83
11/01/2013,PWK,IL,AGL,CE,Towers with Radar,0,44,68,0,112,0,5,34,0,39,0,49,102,0,151,20,0,20,171
11/02/2013,PWK,IL,AGL,CE,Towers with Radar,0,36,39,0,75,0,0,54,0,54,0,36,93,0,129,54,0,54,183
11/03/2013,PWK,IL,AGL,CE,Towers with Radar,0,31,72,0,103,0,0,97,0,97,0,31,169,0,200,104,0,104,304
11/04/2013,PWK,IL,AGL,CE,Towers with Radar,0,29,88,0,117,0,0,32,0,32,0,29,120,0,149,44,0,44,193
11/05/2013,PWK,IL,AGL,CE,Towers with Radar,0,30,92,0,122,1,0,20,0,21,1,30,112,0,143,30,0,30,173
11/06/2013,PWK,IL,AGL,CE,Towers with Radar,0,37,59,0,96,0,8,19,0,27,0,45,78,0,123,0,0,0,123
11/07/2013,PWK,IL,AGL,CE,Towers with Radar,0,38,75,0,113,0,4,75,0,79,0,42,150,0,192,28,0,28,220
11/08/2013,PWK,IL,AGL,CE,Towers with Radar,0,51,79,0,130,2,0,86,0,88,2,51,165,0,218,60,0,60,278
11/09/2013,PWK,IL,AGL,CE,Towers with Radar,0,17,25,0,42,0,5,61,0,66,0,22,86,0,108,0,0,0,108
11/10/2013,PWK,IL,AGL,CE,Towers with Radar,0,28,57,0,85,0,1,110,1,112,0,29,167,1,197,114,0,114,311
11/11/2013,PWK,IL,AGL,CE,Towers with Radar,0,20,34,0,54,0,4,8,0,12,0,24,42,0,66,0,0,0,66
11/12/2013,PWK,IL,AGL,CE,Towers with Radar,0,27,38,0,65,0,7,55,0,62,0,34,93,0,127,78,0,78,205
11/13/2013,PWK,IL,AGL,CE,Towers with Radar,0,30,68,0,98,0,0,36,0,36,0,30,104,0,134,32,0,32,166
11/14/2013,PWK,IL,AGL,CE,Towers with Radar,0,27,75,0,102,0,0,46,0,46,0,27,121,0,148,2,0,2,150
11/15/2013,PWK,IL,AGL,CE,Towers with Radar,0,43,81,0,124,0,0,78,1,79,0,43,159,1,203,102,0,102,305
11/16/2013,PWK,IL,AGL,CE,Towers with Radar,0,25,34,2,61,0,0,0,0,0,0,25,34,2,61,0,0,0,61
11/17/2013,PWK,IL,AGL,CE,Towers with Radar,0,17,22,0,39,0,3,5,0,8,0,20,27,0,47,0,0,0,47
11/18/2013,PWK,IL,AGL,CE,Towers with Radar,0,43,65,0,108,0,11,32,0,43,0,54,97,0,151,14,0,14,165
11/19/2013,PWK,IL,AGL,CE,Towers with Radar,0,32,66,0,98,0,0,88,0,88,0,32,154,0,186,86,0,86,272
11/20/2013,PWK,IL,AGL,CE,Towers with Radar,0,46,81,0,127,0,0,45,0,45,0,46,126,0,172,72,0,72,244
11/21/2013,PWK,IL,AGL,CE,Towers with Radar,0,41,90,0,131,0,0,19,0,19,0,41,109,0,150,26,0,26,176
11/22/2013,PWK,IL,AGL,CE,Towers with Radar,0,37,64,0,101,0,4,62,0,66,0,41,126,0,167,60,0,60,227
11/23/2013,PWK,IL,AGL,CE,Towers with Radar,1,28,29,0,58,0,6,90,0,96,1,34,119,0,154,91,0,91,245
11/24/2013,PWK,IL,AGL,CE,Towers with Radar,0,26,48,1,75,0,0,107,3,110,0,26,155,4,185,68,0,68,253
11/25/2013,PWK,IL,AGL,CE,Towers with Radar,0,39,48,0,87,0,0,3,0,3,0,39,51,0,90,8,0,8,98
11/26/2013,PWK,IL,AGL,CE,Towers with Radar,0,50,67,0,117,0,12,66,0,78,0,62,133,0,195,80,0,80,275
11/27/2013,PWK,IL,AGL,CE,Towers with Radar,0,55,58,0,113,0,10,64,1,75,0,65,122,1,188,34,0,34,222
11/28/2013,PWK,IL,AGL,CE,Towers with Radar,0,12,12,0,24,0,1,14,0,15,0,13,26,0,39,8,0,8,47
11/29/2013,PWK,IL,AGL,CE,Towers with Radar,0,23,30,0,53,0,0,88,0,88,0,23,118,0,141,68,0,68,209
11/30/2013,PWK,IL,AGL,CE,Towers with Radar,0,47,39,0,86,0,0,121,0,121,0,47,160,0,207,70,0,70,277
12/01/2013,PWK,IL,AGL,CE,Towers with Radar,1,53,76,0,130,0,3,51,0,54,1,56,127,0,184,120,0,120,304
12/02/2013,PWK,IL,AGL,CE,Towers with Radar,0,46,62,0,108,0,0,34,0,34,0,46,96,0,142,24,0,24,166
12/03/2013,PWK,IL,AGL,CE,Towers with Radar,0,44,60,0,104,0,0,0,0,0,0,44,60,0,104,0,0,0,104
12/04/2013,PWK,IL,AGL,CE,Towers with Radar,0,43,68,0,111,0,0,1,0,1,0,43,69,0,112,0,0,0,112
12/05/2013,PWK,IL,AGL,CE,Towers with Radar,0,52,73,0,125,0,13,38,0,51,0,65,111,0,176,0,0,0,176
12/06/2013,PWK,IL,AGL,CE,Towers with Radar,0,41,63,0,104,0,6,79,0,85,0,47,142,0,189,66,0,66,255
12/07/2013,PWK,IL,AGL,CE,Towers with Radar,0,22,46,0,68,0,3,104,0,107,0,25,150,0,175,64,0,64,239
12/08/2013,PWK,IL,AGL,CE,Towers with Radar,0,23,39,0,62,0,0,7,0,7,0,23,46,0,69,34,0,34,103
12/09/2013,PWK,IL,AGL,CE,Towers with Radar,0,20,44,0,64,0,2,13,0,15,0,22,57,0,79,14,0,14,93
12/10/2013,PWK,IL,AGL,CE,Towers with Radar,0,38,66,0,104,0,6,24,0,30,0,44,90,0,134,0,0,0,134
12/11/2013,PWK,IL,AGL,CE,Towers with Radar,0,43,58,0,101,0,11,30,0,41,0,54,88,0,142,60,0,60,202
12/12/2013,PWK,IL,AGL,CE,Towers with Radar,0,48,68,0,116,0,1,51,0,52,0,49,119,0,168,0,0,0,168
12/13/2013,PWK,IL,AGL,CE,Towers with Radar,1,36,44,0,81,0,1,39,0,40,1,37,83,0,121,90,0,90,211
12/14/2013,PWK,IL,AGL,CE,Towers with Radar,0,8,17,0,25,0,1,8,0,9,0,9,25,0,34,0,0,0,34
12/15/2013,PWK,IL,AGL,CE,Towers with Radar,0,16,31,0,47,0,5,59,0,64,0,21,90,0,111,0,0,0,111
12/16/2013,PWK,IL,AGL,CE,Towers with Radar,0,18,53,0,71,0,0,12,0,12,0,18,65,0,83,38,0,38,121
12/17/2013,PWK,IL,AGL,CE,Towers with Radar,0,32,50,0,82,0,10,29,0,39,0,42,79,0,121,28,0,28,149
12/18/2013,PWK,IL,AGL,CE,Towers with Radar,0,40,67,0,107,0,0,30,0,30,0,40,97,0,137,8,0,8,145
12/19/2013,PWK,IL,AGL,CE,Towers with Radar,1,47,69,0,117,1,1,12,0,14,2,48,81,0,131,18,0,18,149
12/20/2013,PWK,IL,AGL,CE,Towers with Radar,0,41,43,0,84,0,0,0,0,0,0,41,43,0,84,0,0,0,84
12/21/2013,PWK,IL,AGL,CE,Towers with Radar,0,19,20,0,39,0,0,0,0,0,0,19,20,0,39,0,0,0,39
12/22/2013,PWK,IL,AGL,CE,Towers with Radar,0,15,24,0,39,0,1,3,0,4,0,16,27,0,43,0,0,0,43
12/23/2013,PWK,IL,AGL,CE,Towers with Radar,0,37,20,0,57,0,1,27,0,28,0,38,47,0,85,12,0,12,97
12/24/2013,PWK,IL,AGL,CE,Towers with Radar,0,15,18,0,33,0,1,39,0,40,0,16,57,0,73,0,0,0,73
12/25/2013,PWK,IL,AGL,CE,Towers with Radar,0,15,6,0,21,0,0,0,0,0,0,15,6,0,21,0,0,0,21
12/26/2013,PWK,IL,AGL,CE,Towers with Radar,0,50,53,0,103,0,1,35,0,36,0,51,88,0,139,66,0,66,205
12/27/2013,PWK,IL,AGL,CE,Towers with Radar,0,30,40,0,70,0,1,69,0,70,0,31,109,0,140,48,0,48,188
12/28/2013,PWK,IL,AGL,CE,Towers with Radar,0,45,41,0,86,0,0,105,0,105,0,45,146,0,191,112,0,112,303
12/29/2013,PWK,IL,AGL,CE,Towers with Radar,0,14,24,0,38,0,0,11,0,11,0,14,35,0,49,32,0,32,81
12/30/2013,PWK,IL,AGL,CE,Towers with Radar,0,15,24,0,39,0,0,34,0,34,0,15,58,0,73,20,0,20,93
12/31/2013,PWK,IL,AGL,CE,Towers with Radar,0,7,19,0,26,0,1,23,0,24,0,8,42,0,50,12,0,12,62
01/01/2014,PWK,IL,AGL,CE,Towers with Radar,0,5,3,0,8,0,0,0,0,0,0,5,3,0,8,0,0,0,8
01/02/2014,PWK,IL,AGL,CE,Towers with Radar,0,21,30,0,51,0,0,8,0,8,0,21,38,0,59,0,0,0,59
01/03/2014,PWK,IL,AGL,CE,Towers with Radar,0,29,38,0,67,0,0,47,0,47,0,29,85,0,114,6,0,6,120
01/04/2014,PWK,IL,AGL,CE,Towers with Radar,0,28,36,0,64,0,0,1,0,1,0,28,37,0,65,0,0,0,65
01/05/2014,PWK,IL,AGL,CE,Towers with Radar,0,13,26,0,39,0,3,4,0,7,0,16,30,0,46,0,0,0,46
01/06/2014,PWK,IL,AGL,CE,Towers with Radar,0,33,29,0,62,0,10,14,0,24,0,43,43,0,86,0,0,0,86
01/07/2014,PWK,IL,AGL,CE,Towers with Radar,0,33,41,0,74,0,1,5,0,6,0,34,46,0,80,0,0,0,80
01/08/2014,PWK,IL,AGL,CE,Towers with Radar,0,36,46,0,82,0,0,40,0,40,0,36,86,0,122,0,0,0,122
01/09/2014,PWK,IL,AGL,CE,Towers with Radar,0,39,43,0,82,0,0,12,0,12,0,39,55,0,94,60,0,60,154
01/10/2014,PWK,IL,AGL,CE,Towers with Radar,0,28,34,0,62,0,0,0,0,0,0,28,34,0,62,0,0,0,62
01/11/2014,PWK,IL,AGL,CE,Towers with Radar,0,14,19,0,33,0,3,29,0,32,0,17,48,0,65,12,0,12,77
01/12/2014,PWK,IL,AGL,CE,Towers with Radar,0,23,41,0,64,0,0,5,0,5,0,23,46,0,69,75,0,75,144
01/13/2014,PWK,IL,AGL,CE,Towers with Radar,0,20,53,0,73,1,0,47,0,48,1,20,100,0,121,44,0,44,165
01/14/2014,PWK,IL,AGL,CE,Towers with Radar,0,15,35,2,52,0,0,3,0,3,0,15,38,2,55,12,0,12,67
01/15/2014,PWK,IL,AGL,CE,Towers with Radar,0,35,71,0,106,0,1,40,0,41,0,36,111,0,147,96,0,96,243
01/16/2014,PWK,IL,AGL,CE,Towers with Radar,0,32,68,0,100,0,1,3,0,4,0,33,71,0,104,6,0,6,110
01/17/2014,PWK,IL,AGL,CE,Towers with Radar,0,35,58,0,93,0,1,7,0,8,0,36,65,0,101,32,0,32,133
01/18/2014,PWK,IL,AGL,CE,Towers with Radar,0,15,16,0,31,0,0,18,0,18,0,15,34,0,49,146,0,146,195
01/19/2014,PWK,IL,AGL,CE,Towers with Radar,0,21,28,0,49,1,0,33,0,34,1,21,61,0,83,36,0,36,119
01/20/2014,PWK,IL,AGL,CE,Towers with Radar,0,34,47,0,81,0,3,20,0,23,0,37,67,0,104,18,0,18,122
01/21/2014,PWK,IL,AGL,CE,Towers with Radar,1,33,66,0,100,0,4,41,0,45,1,37,107,0,145,18,0,18,163
01/22/2014,PWK,IL,AGL,CE,Towers with Radar,0,33,46,0,79,0,2,5,0,7,0,35,51,0,86,0,0,0,86
01/23/2014,PWK,IL,AGL,CE,Towers with Radar,0,41,66,0,107,0,3,37,0,40,0,44,103,0,147,2,0,2,149
01/24/2014,PWK,IL,AGL,CE,Towers with Radar,0,30,36,0,66,0,0,5,0,5,0,30,41,0,71,0,0,0,71
01/25/2014,PWK,IL,AGL,CE,Towers with Radar,0,19,36,0,55,0,1,40,0,41,0,20,76,0,96,16,0,16,112
01/26/2014,PWK,IL,AGL,CE,Towers with Radar,0,20,23,0,43,0,0,18,0,18,0,20,41,0,61,0,0,0,61
01/27/2014,PWK,IL,AGL,CE,Towers with Radar,0,23,46,0,69,0,8,16,0,24,0,31,62,0,93,0,0,0,93
01/28/2014,PWK,IL,AGL,CE,Towers with Radar,0,26,33,0,59,0,1,4,0,5,0,27,37,0,64,0,0,0,64
01/29/2014,PWK,IL,AGL,CE,Towers with Radar,0,29,60,2,91,0,0,61,0,61,0,29,121,2,152,32,0,32,184
01/30/2014,PWK,IL,AGL,CE,Towers with Radar,0,46,62,0,108,0,0,4,0,4,0,46,66,0,112,0,0,0,112
01/31/2014,PWK,IL,AGL,CE,Towers with Radar,0,35,47,0,82,0,1,36,0,37,0,36,83,0,119,32,0,32,151
02/01/2014,PWK,IL,AGL,CE,Towers with Radar,0,3,3,0,6,0,1,0,0,1,0,4,3,0,7,0,0,0,7
02/02/2014,PWK,IL,AGL,CE,Towers with Radar,0,22,35,0,57,0,2,77,0,79,0,24,112,0,136,80,0,80,216
02/03/2014,PWK,IL,AGL,CE,Towers with Radar,0,26,50,0,76,0,0,52,0,52,0,26,102,0,128,46,0,46,174
02/04/2014,PWK,IL,AGL,CE,Towers with Radar,0,29,48,0,77,0,0,35,0,35,0,29,83,0,112,40,0,40,152
02/05/2014,PWK,IL,AGL,CE,Towers with Radar,0,24,37,0,61,0,4,9,0,13,0,28,46,0,74,0,0,0,74
02/06/2014,PWK,IL,AGL,CE,Towers with Radar,0,40,60,0,100,0,5,31,0,36,0,45,91,0,136,36,0,36,172
02/07/2014,PWK,IL,AGL,CE,Towers with Radar,0,34,60,1,95,0,0,41,0,41,0,34,101,1,136,2,0,2,138
02/08/2014,PWK,IL,AGL,CE,Towers with Radar,0,18,22,0,40,0,0,3,0,3,0,18,25,0,43,33,0,33,76
02/09/2014,PWK,IL,AGL,CE,Towers with Radar,0,35,53,0,88,0,4,91,0,95,0,39,144,0,183,90,0,90,273
02/10/2014,PWK,IL,AGL,CE,Towers with Radar,0,41,38,0,79,0,7,34,0,41,0,48,72,0,120,8,0,8,128
02/11/2014,PWK,IL,AGL,CE,Towers with Radar,0,34,53,0,87,1,0,46,0,47,1,34,99,0,134,36,0,36,170
02/12/2014,PWK,IL,AGL,CE,Towers with Radar,0,32,83,0,115,0,0,41,0,41,0,32,124,0,156,50,0,50,206
02/13/2014,PWK,IL,AGL,CE,Towers with Radar,0,46,83,0,129,0,0,38,0,38,0,46,121,0,167,56,0,56,223
02/14/2014,PWK,IL,AGL,CE,Towers with Radar,0,54,103,0,157,0,1,89,0,90,0,55,192,0,247,34,0,34,281
02/15/2014,PWK,IL,AGL,CE,Towers with Radar,0,25,23,0,48,0,0,112,0,112,0,25,135,0,160,44,0,44,204
02/16/2014,PWK,IL,AGL,CE,Towers with Radar,0,32,44,0,76,0,2,43,0,45,0,34,87,0,121,158,0,158,279
02/17/2014,PWK,IL,AGL,CE,Towers with Radar,0,32,32,0,64,0,4,2,0,6,0,36,34,0,70,0,0,0,70
02/18/2014,PWK,IL,AGL,CE,Towers with Radar,0,54,79,0,133,0,0,30,0,30,0,54,109,0,163,14,0,14,177
02/19/2014,PWK,IL,AGL,CE,Towers with Radar,0,53,58,0,111,0,1,71,0,72,0,54,129,0,183,52,0,52,235
02/20/2014,PWK,IL,AGL,CE,Towers with Radar,0,15,31,0,46,0,0,0,0,0,0,15,31,0,46,0,0,0,46
02/21/2014,PWK,IL,AGL,CE,Towers with Radar,0,22,34,0,56,0,1,11,0,12,0,23,45,0,68,26,0,26,94
02/22/2014,PWK,IL,AGL,CE,Towers with Radar,0,19,27,0,46,0,2,105,0,107,0,21,132,0,153,98,0,98,251
02/23/2014,PWK,IL,AGL,CE,Towers with Radar,0,34,43,0,77,0,7,103,0,110,0,41,146,0,187,82,0,82,269
02/24/2014,PWK,IL,AGL,CE,Towers with Radar,0,37,36,0,73,0,2,49,0,51,0,39,85,0,124,10,0,10,134
02/25/2014,PWK,IL,AGL,CE,Towers with Radar,0,27,35,0,62,0,3,41,0,44,0,30,76,0,106,58,0,58,164
02/26/2014,PWK,IL,AGL,CE,Towers with Radar,0,44,74,0,118,0,3,28,0,31,0,47,102,0,149,0,0,0,149
02/27/2014,PWK,IL,AGL,CE,Towers with Radar,0,35,55,0,90,0,6,32,0,38,0,41,87,0,128,6,0,6,134
02/28/2014,PWK,IL,AGL,CE,Towers with Radar,0,28,69,0,97,0,0,63,0,63,0,28,132,0,160,8,0,8,168
03/01/2014,PWK,IL,AGL,CE,Towers with Radar,0,12,26,0,38,0,1,31,0,32,0,13,57,0,70,48,0,48,118
03/02/2014,PWK,IL,AGL,CE,Towers with Radar,0,32,48,0,80,0,0,44,0,44,0,32,92,0,124,84,0,84,208
03/03/2014,PWK,IL,AGL,CE,Towers with Radar,0,36,53,0,89,0,0,17,0,17,0,36,70,0,106,12,0,12,118
03/04/2014,PWK,IL,AGL,CE,Towers with Radar,0,49,32,0,81,0,1,24,0,25,0,50,56,0,106,58,0,58,164
03/05/2014,PWK,IL,AGL,CE,Towers with Radar,0,43,63,0,106,0,8,16,0,24,0,51,79,0,130,10,0,10,140
03/06/2014,PWK,IL,AGL,CE,Towers with Radar,0,46,52,0,98,0,0,52,0,52,0,46,104,0,150,26,0,26,176
03/07/2014,PWK,IL,AGL,CE,Towers with Radar,0,30,50,0,80,0,0,64,0,64,0,30,114,0,144,54,0,54,198
03/08/2014,PWK,IL,AGL,CE,Towers with Radar,0,25,32,0,57,0,2,32,0,34,0,27,64,0,91,100,0,100,191
03/09/2014,PWK,IL,AGL,CE,Towers with Radar,0,36,50,0,86,0,0,82,0,82,0,36,132,0,168,67,0,67,235
03/10/2014,PWK,IL,AGL,CE,Towers with Radar,1,28,56,0,85,0,0,69,0,69,1,28,125,0,154,92,0,92,246
03/11/2014,PWK,IL,AGL,CE,Towers with Radar,0,34,53,0,87,0,2,39,0,41,0,36,92,0,128,26,0,26,154
03/12/2014,PWK,IL,AGL,CE,Towers with Radar,1,17,36,0,54,0,1,21,0,22,1,18,57,0,76,6,0,6,82
03/13/2014,PWK,IL,AGL,CE,Towers with Radar,0,36,54,0,90,0,0,43,0,43,0,36,97,0,133,58,0,58,191
03/14/2014,PWK,IL,AGL,CE,Towers with Radar,0,31,74,0,105,0,9,69,0,78,0,40,143,0,183,6,0,6,189
03/15/2014,PWK,IL,AGL,CE,Towers with Radar,0,16,33,0,49,0,1,114,0,115,0,17,147,0,164,128,0,128,292
03/16/2014,PWK,IL,AGL,CE,Towers with Radar,0,27,43,0,70,0,7,56,0,63,0,34,99,0,133,10,0,10,143
03/17/2014,PWK,IL,AGL,CE,Towers with Radar,1,34,43,0,78,0,0,55,0,55,1,34,98,0,133,72,0,72,205
03/18/2014,PWK,IL,AGL,CE,Towers with Radar,0,31,57,0,88,0,0,55,0,55,0,31,112,0,143,90,0,90,233
03/19/2014,PWK,IL,AGL,CE,Towers with Radar,0,28,73,0,101,0,3,9,0,12,0,31,82,0,113,0,0,0,113
03/20/2014,PWK,IL,AGL,CE,Towers with Radar,0,44,79,0,123,0,8,79,0,87,0,52,158,0,210,61,0,61,271
03/21/2014,PWK,IL,AGL,CE,Towers with Radar,0,45,58,0,103,0,3,64,0,67,0,48,122,0,170,50,0,50,220
03/22/2014,PWK,IL,AGL,CE,Towers with Radar,0,26,30,0,56,0,2,116,3,121,0,28,146,3,177,72,0,72,249
03/23/2014,PWK,IL,AGL,CE,Towers with Radar,1,20,41,0,62,0,3,127,1,131,1,23,168,1,193,132,0,132,325
03/24/2014,PWK,IL,AGL,CE,Towers with Radar,0,20,44,0,64,0,4,45,0,49,0,24,89,0,113,20,0,20,133
03/25/2014,PWK,IL,AGL,CE,Towers with Radar,0,36,49,0,85,0,8,40,0,48,0,44,89,0,133,22,0,22,155
03/26/2014,PWK,IL,AGL,CE,Towers with Radar,0,25,70,0,95,0,0,78,0,78,0,25,148,0,173,32,0,32,205
03/27/2014,PWK,IL,AGL,CE,Towers with Radar,0,31,51,0,82,0,0,2,0,2,0,31,53,0,84,12,0,12,96
03/28/2014,PWK,IL,AGL,CE,Towers with Radar,0,43,52,0,95,0,0,39,0,39,0,43,91,0,134,52,0,52,186
03/29/2014,PWK,IL,AGL,CE,Towers with Radar,0,26,45,0,71,0,0,79,0,79,0,26,124,0,150,124,0,124,274
03/30/2014,PWK,IL,AGL,CE,Towers with Radar,0,26,58,0,84,0,1,113,0,114,0,27,171,0,198,154,0,154,352
03/31/2014,PWK,IL,AGL,CE,Towers with Radar,0,26,54,0,80,0,0,16,0,16,0,26,70,0,96,34,0,34,130
04/01/2014,PWK,IL,AGL,CE,Towers with Radar,0,19,48,0,67,0,3,26,0,29,0,22,74,0,96,0,0,0,96
04/02/2014,PWK,IL,AGL,CE,Towers with Radar,0,27,48,0,75,0,6,43,0,49,0,33,91,0,124,50,0,50,174
04/03/2014,PWK,IL,AGL,CE,Towers with Radar,0,30,54,0,84,0,0,0,0,0,0,30,54,0,84,0,0,0,84
04/04/2014,PWK,IL,AGL,CE,Towers with Radar,0,29,33,0,62,0,6,12,0,18,0,35,45,0,80,0,0,0,80
04/05/2014,PWK,IL,AGL,CE,Towers with Radar,0,23,37,0,60,0,1,135,0,136,0,24,172,0,196,146,0,146,342
04/06/2014,PWK,IL,AGL,CE,Towers with Radar,0,49,60,0,109,0,0,113,0,113,0,49,173,0,222,126,0,126,348
04/07/2014,PWK,IL,AGL,CE,Towers with Radar,0,54,48,0,102,0,2,36,0,38,0,56,84,0,140,64,0,64,204
04/08/2014,PWK,IL,AGL,CE,Towers with Radar,0,39,71,0,110,0,2,40,0,42,0,41,111,0,152,114,0,114,266
04/09/2014,PWK,IL,AGL,CE,Towers with Radar,0,36,75,0,111,0,0,89,0,89,0,36,164,0,200,78,0,78,278
04/10/2014,PWK,IL,AGL,CE,Towers with Radar,0,31,78,0,109,0,1,51,0,52,0,32,129,0,161,60,0,60,221
04/11/2014,PWK,IL,AGL,CE,Towers with Radar,0,38,65,0,103,0,1,102,0,103,0,39,167,0,206,44,0,44,250
04/12/2014,PWK,IL,AGL,CE,Towers with Radar,0,16,32,0,48,0,0,35,0,35,0,16,67,0,83,88,0,88,171
04/13/2014,PWK,IL,AGL,CE,Towers with Radar,0,28,38,0,66,0,0,5,0,5,0,28,43,0,71,132,0,132,203
04/14/2014,PWK,IL,AGL,CE,Towers with Radar,0,35,49,0,84,0,3,6,0,9,0,38,55,0,93,40,0,40,133
04/15/2014,PWK,IL,AGL,CE,Towers with Radar,0,33,49,0,82,0,6,66,0,72,0,39,115,0,154,70,0,70,224
04/16/2014,PWK,IL,AGL,CE,Towers with Radar,0,33,77,0,110,0,0,49,0,49,0,33,126,0,159,36,0,36,195
04/17/2014,PWK,IL,AGL,CE,Towers with Radar,1,66,81,0,148,0,2,71,0,73,1,68,152,0,221,40,0,40,261
04/18/2014,PWK,IL,AGL,CE,Towers with Radar,0,15,63,0,78,0,5,156,0,161,0,20,219,0,239,52,0,52,291
04/19/2014,PWK,IL,AGL,CE,Towers with Radar,0,15,26,0,41,0,0,149,0,149,0,15,175,0,190,54,0,54,244
04/20/2014,PWK,IL,AGL,CE,Towers with Radar,0,23,45,0,68,0,0,58,0,58,0,23,103,0,126,0,0,0,126
04/21/2014,PWK,IL,AGL,CE,Towers with Radar,0,38,75,0,113,0,1,43,0,44,0,39,118,0,157,42,0,42,199
04/22/2014,PWK,IL,AGL,CE,Towers with Radar,0,47,48,0,95,1,7,85,0,93,1,54,133,0,188,140,0,140,328
04/23/2014,PWK,IL,AGL,CE,Towers with Radar,0,32,81,0,113,0,2,73,1,76,0,34,154,1,189,102,0,102,291
04/24/2014,PWK,IL,AGL,CE,Towers with Radar,1,40,69,0,110,0,0,27,0,27,1,40,96,0,137,0,0,0,137
04/25/2014,PWK,IL,AGL,CE,Towers with Radar,0,30,63,0,93,0,5,96,0,101,0,35,159,0,194,70,0,70,264
04/26/2014,PWK,IL,AGL,CE,Towers with Radar,0,21,37,0,58,0,4,144,0,148,0,25,181,0,206,24,0,24,230
04/27/2014,PWK,IL,AGL,CE,Towers with Radar,0,36,31,0,67,0,0,34,0,34,0,36,65,0,101,2,0,2,103
04/28/2014,PWK,IL,AGL,CE,Towers with Radar,0,24,49,0,73,0,0,0,0,0,0,24,49,0,73,0,0,0,73
04/29/2014,PWK,IL,AGL,CE,Towers with Radar,0,33,51,0,84,0,0,3,0,3,0,33,54,0,87,18,0,18,105
04/30/2014,PWK,IL,AGL,CE,Towers with Radar,0,39,73,0,112,0,0,10,0,10,0,39,83,0,122,0,0,0,122
05/01/2014,PWK,IL,AGL,CE,Towers with Radar,0,51,47,0,98,0,1,14,0,15,0,52,61,0,113,20,0,20,133
05/02/2014,PWK,IL,AGL,CE,Towers with Radar,0,46,59,0,105,0,0,43,0,43,0,46,102,0,148,68,0,68,216
05/03/2014,PWK,IL,AGL,CE,Towers with Radar,0,38,44,0,82,0,2,112,0,114,0,40,156,0,196,60,0,60,256
05/04/2014,PWK,IL,AGL,CE,Towers with Radar,0,41,73,0,114,1,3,127,0,131,1,44,200,0,245,148,0,148,393
05/05/2014,PWK,IL,AGL,CE,Towers with Radar,0,27,52,0,79,0,8,54,0,62,0,35,106,0,141,30,0,30,171
05/06/2014,PWK,IL,AGL,CE,Towers with Radar,0,32,83,0,115,0,2,84,0,86,0,34,167,0,201,50,0,50,251
05/07/2014,PWK,IL,AGL,CE,Towers with Radar,1,42,71,0,114,1,0,79,1,81,2,42,150,1,195,50,0,50,245
05/08/2014,PWK,IL,AGL,CE,Towers with Radar,0,47,78,0,125,0,0,50,1,51,0,47,128,1,176,90,0,90,266
05/09/2014,PWK,IL,AGL,CE,Towers with Radar,1,44,79,0,124,0,3,63,0,66,1,47,142,0,190,2,0,2,192
05/10/2014,PWK,IL,AGL,CE,Towers with Radar,0,24,54,0,78,0,0,149,1,150,0,24,203,1,228,146,0,146,374
05/11/2014,PWK,IL,AGL,CE,Towers with Radar,0,45,46,0,91,0,0,84,0,84,0,45,130,0,175,70,0,70,245
05/12/2014,PWK,IL,AGL,CE,Towers with Radar,0,42,70,0,112,0,0,10,0,10,0,42,80,0,122,58,0,58,180
05/13/2014,PWK,IL,AGL,CE,Towers with Radar,1,32,66,0,99,0,5,20,0,25,1,37,86,0,124,102,0,102,226
05/14/2014,PWK,IL,AGL,CE,Towers with Radar,0,35,78,0,113,0,3,76,0,79,0,38,154,0,192,62,0,62,254
05/15/2014,PWK,IL,AGL,CE,Towers with Radar,0,52,74,0,126,0,2,45,0,47,0,54,119,0,173,58,0,58,231
05/16/2014,PWK,IL,AGL,CE,Towers with Radar,0,48,71,0,119,0,0,36,0,36,0,48,107,0,155,24,0,24,179
05/17/2014,PWK,IL,AGL,CE,Towers with Radar,0,29,45,0,74,0,2,156,0,158,0,31,201,0,232,160,0,160,392
05/18/2014,PWK,IL,AGL,CE,Towers with Radar,0,43,57,0,100,0,0,122,1,123,0,43,179,1,223,64,0,64,287
05/19/2014,PWK,IL,AGL,CE,Towers with Radar,0,50,69,0,119,0,0,49,0,49,0,50,118,0,168,58,0,58,226
05/20/2014,PWK,IL,AGL,CE,Towers with Radar,0,54,71,0,125,0,0,44,0,44,0,54,115,0,169,40,0,40,209
05/21/2014,PWK,IL,AGL,CE,Towers with Radar,0,43,75,1,119,1,5,77,0,83,1,48,152,1,202,110,0,110,312
05/22/2014,PWK,IL,AGL,CE,Towers with Radar,0,49,91,0,140,0,0,62,0,62,0,49,153,0,202,26,0,26,228
05/23/2014,PWK,IL,AGL,CE,Towers with Radar,0,51,64,1,116,0,3,89,2,94,0,54,153,3,210,162,0,162,372
05/24/2014,PWK,IL,AGL,CE,Towers with Radar,0,25,40,0,65,0,0,150,0,150,0,25,190,0,215,88,0,88,303
05/25/2014,PWK,IL,AGL,CE,Towers with Radar,0,16,32,0,48,0,0,118,1,119,0,16,150,1,167,128,0,128,295
05/26/2014,PWK,IL,AGL,CE,Towers with Radar,0,31,41,0,72,0,3,40,0,43,0,34,81,0,115,76,0,76,191
05/27/2014,PWK,IL,AGL,CE,Towers with Radar,0,37,55,0,92,0,2,35,0,37,0,39,90,0,129,70,0,70,199
05/28/2014,PWK,IL,AGL,CE,Towers with Radar,1,34,81,0,116,1,8,51,0,60,2,42,132,0,176,48,0,48,224
05/29/2014,PWK,IL,AGL,CE,Towers with Radar,0,41,92,0,133,0,0,67,0,67,0,41,159,0,200,34,0,34,234
05/30/2014,PWK,IL,AGL,CE,Towers with Radar,0,43,77,0,120,0,0,95,0,95,0,43,172,0,215,38,0,38,253
05/31/2014,PWK,IL,AGL,CE,Towers with Radar,0,22,41,1,64,0,0,202,3,205,0,22,243,4,269,84,0,84,353
06/01/2014,PWK,IL,AGL,CE,Towers with Radar,0,32,59,0,91,0,1,55,1,57,0,33,114,1,148,92,0,92,240
06/02/2014,PWK,IL,AGL,CE,Towers with Radar,0,47,40,0,87,0,1,9,0,10,0,48,49,0,97,0,0,0,97
06/03/2014,PWK,IL,AGL,CE,Towers with Radar,0,23,62,0,85,1,5,90,3,99,1,28,152,3,184,14,0,14,198
06/04/2014,PWK,IL,AGL,CE,Towers with Radar,1,36,82,0,119,0,2,37,0,39,1,38,119,0,158,30,0,30,188
06/05/2014,PWK,IL,AGL,CE,Towers with Radar,0,34,90,0,124,0,1,89,0,90,0,35,179,0,214,62,0,62,276
06/06/2014,PWK,IL,AGL,CE,Towers with Radar,0,29,68,0,97,0,0,99,0,99,0,29,167,0,196,66,0,66,262
06/07/2014,PWK,IL,AGL,CE,Towers with Radar,0,18,52,0,70,0,0,132,1,133,0,18,184,1,203,130,0,130,333
06/08/2014,PWK,IL,AGL,CE,Towers with Radar,0,40,69,0,109,0,6,107,1,114,0,46,176,1,223,52,0,52,275
06/09/2014,PWK,IL,AGL,CE,Towers with Radar,0,35,74,0,109,0,9,86,0,95,0,44,160,0,204,58,0,58,262
06/10/2014,PWK,IL,AGL,CE,Towers with Radar,0,17,72,0,89,0,6,47,0,53,0,23,119,0,142,20,0,20,162
06/11/2014,PWK,IL,AGL,CE,Towers with Radar,1,35,85,0,121,0,1,10,0,11,1,36,95,0,132,36,0,36,168
06/12/2014,PWK,IL,AGL,CE,Towers with Radar,0,36,79,0,115,0,7,91,0,98,0,43,170,0,213,80,0,80,293
06/13/2014,PWK,IL,AGL,CE,Towers with Radar,0,43,72,0,115,0,3,127,0,130,0,46,199,0,245,34,0,34,279
06/14/2014,PWK,IL,AGL,CE,Towers with Radar,0,30,55,0,85,0,0,170,0,170,0,30,225,0,255,60,0,60,315
06/15/2014,PWK,IL,AGL,CE,Towers with Radar,0,46,39,0,85,0,0,47,0,47,0,46,86,0,132,16,0,16,148
06/16/2014,PWK,IL,AGL,CE,Towers with Radar,0,32,71,0,103,0,0,51,0,51,0,32,122,0,154,52,0,52,206
06/17/2014,PWK,IL,AGL,CE,Towers with Radar,1,41,68,0,110,0,1,46,0,47,1,42,114,0,157,16,0,16,173
06/18/2014,PWK,IL,AGL,CE,Towers with Radar,0,57,83,0,140,0,10,19,0,29,0,67,102,0,169,20,0,20,189
06/19/2014,PWK,IL,AGL,CE,Towers with Radar,0,58,95,0,153,0,0,22,0,22,0,58,117,0,175,4,0,4,179
06/20/2014,PWK,IL,AGL,CE,Towers with Radar,0,58,96,0,154,0,2,63,0,65,0,60,159,0,219,8,0,8,227
06/21/2014,PWK,IL,AGL,CE,Towers with Radar,0,18,64,0,82,0,1,49,0,50,0,19,113,0,132,52,0,52,184
06/22/2014,PWK,IL,AGL,CE,Towers with Radar,0,48,92,0,140,0,0,82,0,82,0,48,174,0,222,58,0,58,280
06/23/2014,PWK,IL,AGL,CE,Towers with Radar,1,31,75,0,107,0,1,29,0,30,1,32,104,0,137,14,0,14,151
06/24/2014,PWK,IL,AGL,CE,Towers with Radar,0,40,79,0,119,0,1,40,0,41,0,41,119,0,160,34,0,34,194
06/25/2014,PWK,IL,AGL,CE,Towers with Radar,2,40,64,0,106,1,4,25,0,30,3,44,89,0,136,20,0,20,156
06/26/2014,PWK,IL,AGL,CE,Towers with Radar,0,39,77,0,116,0,0,36,0,36,0,39,113,0,152,6,0,6,158
06/27/2014,PWK,IL,AGL,CE,Towers with Radar,0,44,81,0,125,0,0,89,0,89,0,44,170,0,214,54,0,54,268
06/28/2014,PWK,IL,AGL,CE,Towers with Radar,0,24,45,0,69,0,0,100,0,100,0,24,145,0,169,94,0,94,263
06/29/2014,PWK,IL,AGL,CE,Towers with Radar,0,47,55,0,102,0,0,84,2,86,0,47,139,2,188,64,0,64,252
06/30/2014,PWK,IL,AGL,CE,Towers with Radar,0,18,45,0,63,0,1,34,0,35,0,19,79,0,98,10,0,10,108
07/01/2014,PWK,IL,AGL,CE,Towers with Radar,0,27,76,0,103,0,1,53,2,56,0,28,129,2,159,30,0,30,189
07/02/2014,PWK,IL,AGL,CE,Towers with Radar,0,44,93,0,137,0,0,31,0,31,0,44,124,0,168,60,0,60,228
07/03/2014,PWK,IL,AGL,CE,Towers with Radar,1,36,69,0,106,0,3,163,0,166,1,39,232,0,272,58,0,58,330
07/04/2014,PWK,IL,AGL,CE,Towers with Radar,0,5,16,0,21,0,0,74,0,74,0,5,90,0,95,10,0,10,105
07/05/2014,PWK,IL,AGL,CE,Towers with Radar,0,15,25,0,40,0,0,119,0,119,0,15,144,0,159,62,0,62,221
07/06/2014,PWK,IL,AGL,CE,Towers with Radar,0,27,83,0,110,0,0,82,0,82,0,27,165,0,192,30,0,30,222
07/07/2014,PWK,IL,AGL,CE,Towers with Radar,0,34,79,0,113,0,7,88,1,96,0,41,167,1,209,110,0,110,319
07/08/2014,PWK,IL,AGL,CE,Towers with Radar,0,29,72,0,101,0,7,92,3,102,0,36,164,3,203,138,0,138,341
07/09/2014,PWK,IL,AGL,CE,Towers with Radar,0,24,79,2,105,0,6,126,3,135,0,30,205,5,240,158,0,158,398
07/10/2014,PWK,IL,AGL,CE,Towers with Radar,0,50,73,0,123,1,1,140,0,142,1,51,213,0,265,120,0,120,385
07/11/2014,PWK,IL,AGL,CE,Towers with Radar,0,48,89,0,137,0,0,89,0,89,0,48,178,0,226,84,0,84,310
07/12/2014,PWK,IL,AGL,CE,Towers with Radar,0,20,51,0,71,0,0,41,0,41,0,20,92,0,112,14,0,14,126
07/13/2014,PWK,IL,AGL,CE,Towers with Radar,0,40,81,0,121,0,10,137,1,148,0,50,218,1,269,110,0,110,379
07/14/2014,PWK,IL,AGL,CE,Towers with Radar,0,24,33,0,57,0,2,45,0,47,0,26,78,0,104,32,0,32,136
07/15/2014,PWK,IL,AGL,CE,Towers with Radar,0,26,62,0,88,0,5,64,0,69,0,31,126,0,157,118,0,118,275
07/16/2014,PWK,IL,AGL,CE,Towers with Radar,0,43,78,0,121,0,6,105,0,111,0,49,183,0,232,70,0,70,302
07/17/2014,PWK,IL,AGL,CE,Towers with Radar,0,43,97,0,140,0,0,113,0,113,0,43,210,0,253,96,0,96,349
07/18/2014,PWK,IL,AGL,CE,Towers with Radar,0,46,70,0,116,0,3,141,0,144,0,49,211,0,260,40,0,40,300
07/19/2014,PWK,IL,AGL,CE,Towers with Radar,0,18,37,0,55,0,0,172,0,172,0,18,209,0,227,222,0,222,449
07/20/2014,PWK,IL,AGL,CE,Towers with Radar,0,48,77,0,125,0,2,135,3,140,0,50,212,3,265,82,0,82,347
07/21/2014,PWK,IL,AGL,CE,Towers with Radar,0,43,85,0,128,0,0,78,1,79,0,43,163,1,207,54,0,54,261
07/22/2014,PWK,IL,AGL,CE,Towers with Radar,0,35,74,0,109,0,0,57,1,58,0,35,131,1,167,44,0,44,211
07/23/2014,PWK,IL,AGL,CE,Towers with Radar,0,37,67,0,104,1,18,85,0,104,1,55,152,0,208,0,0,0,208
07/24/2014,PWK,IL,AGL,CE,Towers with Radar,0,29,85,0,114,0,0,132,0,132,0,29,217,0,246,122,0,122,368
07/25/2014,PWK,IL,AGL,CE,Towers with Radar,0,53,89,0,142,0,0,94,0,94,0,53,183,0,236,36,0,36,272
07/26/2014,PWK,IL,AGL,CE,Towers with Radar,0,21,43,0,64,0,0,128,0,128,0,21,171,0,192,82,0,82,274
07/27/2014,PWK,IL,AGL,CE,Towers with Radar,0,34,65,0,99,0,7,86,0,93,0,41,151,0,192,20,0,20,212
07/28/2014,PWK,IL,AGL,CE,Towers with Radar,0,28,87,0,115,0,1,94,0,95,0,29,181,0,210,32,0,32,242
07/29/2014,PWK,IL,AGL,CE,Towers with Radar,0,34,79,0,113,0,9,112,1,122,0,43,191,1,235,160,0,160,395
07/30/2014,PWK,IL,AGL,CE,Towers with Radar,0,34,94,0,128,0,1,120,0,121,0,35,214,0,249,82,0,82,331
07/31/2014,PWK,IL,AGL,CE,Towers with Radar,0,36,88,0,124,0,3,102,0,105,0,39,190,0,229,72,0,72,301
08/01/2014,PWK,IL,AGL,CE,Towers with Radar,0,46,79,0,125,0,0,67,0,67,0,46,146,0,192,64,0,64,256
08/02/2014,PWK,IL,AGL,CE,Towers with Radar,0,17,49,0,66,0,0,160,2,162,0,17,209,2,228,134,0,134,362
08/03/2014,PWK,IL,AGL,CE,Towers with Radar,0,39,80,0,119,0,1,129,0,130,0,40,209,0,249,60,0,60,309
08/04/2014,PWK,IL,AGL,CE,Towers with Radar,0,42,71,1,114,0,0,42,0,42,0,42,113,1,156,36,0,36,192
08/05/2014,PWK,IL,AGL,CE,Towers with Radar,0,37,81,0,118,0,5,46,0,51,0,42,127,0,169,132,0,132,301
08/06/2014,PWK,IL,AGL,CE,Towers with Radar,0,51,108,0,159,0,5,132,2,139,0,56,240,2,298,44,0,44,342
08/07/2014,PWK,IL,AGL,CE,Towers with Radar,0,30,95,0,125,0,0,133,0,133,0,30,228,0,258,58,0,58,316
08/08/2014,PWK,IL,AGL,CE,Towers with Radar,0,32,65,0,97,0,0,125,0,125,0,32,190,0,222,128,0,128,350
08/09/2014,PWK,IL,AGL,CE,Towers with Radar,0,19,35,1,55,0,0,116,3,119,0,19,151,4,174,110,0,110,284
08/10/2014,PWK,IL,AGL,CE,Towers with Radar,1,43,85,0,129,0,7,151,0,158,1,50,236,0,287,158,0,158,445
08/11/2014,PWK,IL,AGL,CE,Towers with Radar,0,31,69,0,100,0,1,9,0,10,0,32,78,0,110,24,0,24,134
08/12/2014,PWK,IL,AGL,CE,Towers with Radar,0,47,89,0,136,0,16,65,0,81,0,63,154,0,217,86,0,86,303
08/13/2014,PWK,IL,AGL,CE,Towers with Radar,0,52,91,0,143,0,2,147,0,149,0,54,238,0,292,72,0,72,364
08/14/2014,PWK,IL,AGL,CE,Towers with Radar,0,31,74,1,106,0,2,131,0,133,0,33,205,1,239,122,6,128,367
08/15/2014,PWK,IL,AGL,CE,Towers with Radar,0,42,80,0,122,0,0,112,0,112,0,42,192,0,234,90,0,90,324
08/16/2014,PWK,IL,AGL,CE,Towers with Radar,0,30,49,0,79,0,1,79,1,81,0,31,128,1,160,124,0,124,284
08/17/2014,PWK,IL,AGL,CE,Towers with Radar,0,34,91,0,125,0,1,24,0,25,0,35,115,0,150,26,0,26,176
08/18/2014,PWK,IL,AGL,CE,Towers with Radar,0,40,93,0,133,0,0,35,0,35,0,40,128,0,168,92,0,92,260
08/19/2014,PWK,IL,AGL,CE,Towers with Radar,0,41,87,0,128,0,1,18,0,19,0,42,105,0,147,28,0,28,175
08/20/2014,PWK,IL,AGL,CE,Towers with Radar,0,46,62,0,108,0,1,126,1,128,0,47,188,1,236,42,0,42,278
08/21/2014,PWK,IL,AGL,CE,Towers with Radar,0,44,71,0,115,0,0,2,0,2,0,44,73,0,117,14,0,14,131
08/22/2014,PWK,IL,AGL,CE,Towers with Radar,0,28,90,0,118,0,0,65,0,65,0,28,155,0,183,102,0,102,285
08/23/2014,PWK,IL,AGL,CE,Towers with Radar,0,13,39,0,52,0,0,35,0,35,0,13,74,0,87,38,0,38,125
08/24/2014,PWK,IL,AGL,CE,Towers with Radar,0,29,58,0,87,0,0,117,0,117,0,29,175,0,204,142,0,142,346
08/25/2014,PWK,IL,AGL,CE,Towers with Radar,0,18,71,0,89,0,0,11,0,11,0,18,82,0,100,18,0,18,118
08/26/2014,PWK,IL,AGL,CE,Towers with Radar,0,28,69,1,98,0,0,75,0,75,0,28,144,1,173,114,0,114,287
08/27/2014,PWK,IL,AGL,CE,Towers with Radar,0,31,77,0,108,0,0,101,0,101,0,31,178,0,209,56,0,56,265
08/28/2014,PWK,IL,AGL,CE,Towers with Radar,0,40,72,0,112,0,0,85,0,85,0,40,157,0,197,100,0,100,297
08/29/2014,PWK,IL,AGL,CE,Towers with Radar,0,39,75,0,114,0,0,71,0,71,0,39,146,0,185,20,0,20,205
08/30/2014,PWK,IL,AGL,CE,Towers with Radar,0,18,24,0,42,0,0,55,0,55,0,18,79,0,97,18,0,18,115
08/31/2014,PWK,IL,AGL,CE,Towers with Radar,0,18,40,0,58,0,0,138,2,140,0,18,178,2,198,40,0,40,238
09/01/2014,PWK,IL,AGL,CE,Towers with Radar,0,42,74,0,116,0,0,30,0,30,0,42,104,0,146,0,0,0,146
09/02/2014,PWK,IL,AGL,CE,Towers with Radar,1,37,61,0,99,0,4,91,0,95,1,41,152,0,194,48,0,48,242
09/03/2014,PWK,IL,AGL,CE,Towers with Radar,0,44,78,0,122,0,1,76,0,77,0,45,154,0,199,46,0,46,245
09/04/2014,PWK,IL,AGL,CE,Towers with Radar,0,32,92,0,124,0,0,47,0,47,0,32,139,0,171,0,0,0,171
09/05/2014,PWK,IL,AGL,CE,Towers with Radar,0,33,51,0,84,0,6,47,0,53,0,39,98,0,137,30,0,30,167
09/06/2014,PWK,IL,AGL,CE,Towers with Radar,0,17,43,0,60,0,3,158,0,161,0,20,201,0,221,48,0,48,269
09/07/2014,PWK,IL,AGL,CE,Towers with Radar,0,30,49,0,79,0,0,143,0,143,0,30,192,0,222,84,0,84,306
09/08/2014,PWK,IL,AGL,CE,Towers with Radar,0,39,85,2,126,0,1,77,0,78,0,40,162,2,204,80,0,80,284
09/09/2014,PWK,IL,AGL,CE,Towers with Radar,0,32,69,0,101,0,0,57,0,57,0,32,126,0,158,38,0,38,196
09/10/2014,PWK,IL,AGL,CE,Towers with Radar,0,24,51,0,75,0,2,20,0,22,0,26,71,0,97,0,0,0,97
09/11/2014,PWK,IL,AGL,CE,Towers with Radar,0,41,91,0,132,0,11,62,0,73,0,52,153,0,205,104,0,104,309
09/12/2014,PWK,IL,AGL,CE,Towers with Radar,0,51,55,0,106,0,7,35,0,42,0,58,90,0,148,62,0,62,210
09/13/2014,PWK,IL,AGL,CE,Towers with Radar,0,8,37,0,45,0,3,153,0,156,0,11,190,0,201,82,0,82,283
09/14/2014,PWK,IL,AGL,CE,Towers with Radar,1,19,51,1,72,0,1,144,2,147,1,20,195,3,219,0,0,0,219
09/15/2014,PWK,IL,AGL,CE,Towers with Radar,0,24,63,0,87,0,0,32,0,32,0,24,95,0,119,76,0,76,195
09/16/2014,PWK,IL,AGL,CE,Towers with Radar,0,36,84,0,120,0,2,89,0,91,0,38,173,0,211,110,0,110,321
09/17/2014,PWK,IL,AGL,CE,Towers with Radar,0,38,78,0,116,0,0,95,4,99,0,38,173,4,215,154,0,154,369
09/18/2014,PWK,IL,AGL,CE,Towers with Radar,0,51,102,0,153,0,2,56,0,58,0,53,158,0,211,116,0,116,327
09/19/2014,PWK,IL,AGL,CE,Towers with Radar,1,37,81,0,119,0,0,79,0,79,1,37,160,0,198,40,0,40,238
09/20/2014,PWK,IL,AGL,CE,Towers with Radar,0,14,27,0,41,0,0,47,0,47,0,14,74,0,88,14,0,14,102
09/21/2014,PWK,IL,AGL,CE,Towers with Radar,0,32,68,0,100,0,0,102,1,103,0,32,170,1,203,120,0,120,323
09/22/2014,PWK,IL,AGL,CE,Towers with Radar,0,36,60,0,96,0,4,82,0,86,0,40,142,0,182,108,0,108,290
09/23/2014,PWK,IL,AGL,CE,Towers with Radar,0,35,75,0,110,0,0,77,0,77,0,35,152,0,187,46,0,46,233
09/24/2014,PWK,IL,AGL,CE,Towers with Radar,0,49,92,0,141,0,0,87,0,87,0,49,179,0,228,112,0,112,340
09/25/2014,PWK,IL,AGL,CE,Towers with Radar,0,37,84,0,121,0,0,98,0,98,0,37,182,0,219,72,0,72,291
09/26/2014,PWK,IL,AGL,CE,Towers with Radar,0,22,55,0,77,0,2,144,1,147,0,24,199,1,224,46,0,46,270
09/27/2014,PWK,IL,AGL,CE,Towers with Radar,0,23,28,0,51,0,5,189,0,194,0,28,217,0,245,45,0,45,290
09/28/2014,PWK,IL,AGL,CE,Towers with Radar,0,27,40,0,67,0,0,133,0,133,0,27,173,0,200,140,0,140,340
09/29/2014,PWK,IL,AGL,CE,Towers with Radar,0,36,58,0,94,0,8,68,0,76,0,44,126,0,170,12,0,12,182
09/30/2014,PWK,IL,AGL,CE,Towers with Radar,0,45,79,0,124,0,2,20,0,22,0,47,99,0,146,76,0,76,222
10/01/2014,PWK,IL,AGL,CE,Towers with Radar,0,23,63,0,86,0,1,57,0,58,0,24,120,0,144,0,0,0,144
10/02/2014,PWK,IL,AGL,CE,Towers with Radar,0,53,72,2,127,0,0,11,0,11,0,53,83,2,138,26,0,26,164
10/03/2014,PWK,IL,AGL,CE,Towers with Radar,0,35,64,0,99,0,13,55,0,68,0,48,119,0,167,0,0,0,167
10/04/2014,PWK,IL,AGL,CE,Towers with Radar,0,10,21,0,31,0,1,34,0,35,0,11,55,0,66,22,0,22,88
10/05/2014,PWK,IL,AGL,CE,Towers with Radar,0,30,45,0,75,0,0,110,0,110,0,30,155,0,185,76,0,76,261
10/06/2014,PWK,IL,AGL,CE,Towers with Radar,1,29,52,0,82,0,0,65,0,65,1,29,117,0,147,18,0,18,165
10/07/2014,PWK,IL,AGL,CE,Towers with Radar,0,35,72,0,107,0,7,80,2,89,0,42,152,2,196,76,0,76,272
10/08/2014,PWK,IL,AGL,CE,Towers with Radar,0,40,66,0,106,0,9,93,0,102,0,49,159,0,208,22,0,22,230
10/09/2014,PWK,IL,AGL,CE,Towers with Radar,0,47,86,0,133,0,1,113,0,114,0,48,199,0,247,100,0,100,347
10/10/2014,PWK,IL,AGL,CE,Towers with Radar,0,42,81,0,123,0,1,112,0,113,0,43,193,0,236,2,0,2,238
10/11/2014,PWK,IL,AGL,CE,Towers with Radar,0,18,27,0,45,0,0,161,2,163,0,18,188,2,208,22,0,22,230
10/12/2014,PWK,IL,AGL,CE,Towers with Radar,0,36,85,0,121,0,5,117,0,122,0,41,202,0,243,54,0,54,297
10/13/2014,PWK,IL,AGL,CE,Towers with Radar,0,49,85,0,134,0,0,4,0,4,0,49,89,0,138,18,0,18,156
10/14/2014,PWK,IL,AGL,CE,Towers with Radar,0,32,63,0,95,0,0,0,0,0,0,32,63,0,95,6,0,6,101
10/15/2014,PWK,IL,AGL,CE,Towers with Radar,0,57,82,0,139,0,1,1,0,2,0,58,83,0,141,0,0,0,141
10/16/2014,PWK,IL,AGL,CE,Towers with Radar,0,54,89,0,143,0,0,21,0,21,0,54,110,0,164,0,0,0,164
10/17/2014,PWK,IL,AGL,CE,Towers with Radar,0,37,77,0,114,0,4,117,0,121,0,41,194,0,235,17,0,17,252
10/18/2014,PWK,IL,AGL,CE,Towers with Radar,0,29,39,0,68,0,0,77,0,77,0,29,116,0,145,112,0,112,257
10/19/2014,PWK,IL,AGL,CE,Towers with Radar,0,57,67,0,124,0,0,71,0,71,0,57,138,0,195,56,0,56,251
10/20/2014,PWK,IL,AGL,CE,Towers with Radar,0,46,76,0,122,0,5,18,0,23,0,51,94,0,145,0,0,0,145
10/21/2014,PWK,IL,AGL,CE,Towers with Radar,0,41,68,0,109,0,4,62,1,67,0,45,130,1,176,126,0,126,302
10/22/2014,PWK,IL,AGL,CE,Towers with Radar,0,49,93,0,142,0,0,106,0,106,0,49,199,0,248,54,0,54,302
10/23/2014,PWK,IL,AGL,CE,Towers with Radar,0,52,68,2,122,0,0,64,0,64,0,52,132,2,186,74,0,74,260
10/24/2014,PWK,IL,AGL,CE,Towers with Radar,2,31,91,0,124,0,0,85,0,85,2,31,176,0,209,148,0,148,357
10/25/2014,PWK,IL,AGL,CE,Towers with Radar,0,13,44,0,57,0,1,122,0,123,0,14,166,0,180,101,0,101,281
10/26/2014,PWK,IL,AGL,CE,Towers with Radar,0,45,61,0,106,0,1,169,1,171,0,46,230,1,277,126,0,126,403
10/27/2014,PWK,IL,AGL,CE,Towers with Radar,0,35,76,0,111,0,0,52,0,52,0,35,128,0,163,18,0,18,181
10/28/2014,PWK,IL,AGL,CE,Towers with Radar,0,35,59,0,94,0,9,44,0,53,0,44,103,0,147,26,0,26,173
10/29/2014,PWK,IL,AGL,CE,Towers with Radar,0,37,66,0,103,0,10,75,0,85,0,47,141,0,188,20,0,20,208
10/30/2014,PWK,IL,AGL,CE,Towers with Radar,0,49,68,0,117,0,1,75,0,76,0,50,143,0,193,118,0,118,311
10/31/2014,PWK,IL,AGL,CE,Towers with Radar,0,39,68,0,107,0,11,28,0,39,0,50,96,0,146,24,0,24,170
11/01/2014,PWK,IL,AGL,CE,Towers with Radar,0,29,32,0,61,0,3,99,2,104,0,32,131,2,165,88,0,88,253
11/02/2014,PWK,IL,AGL,CE,Towers with Radar,0,27,52,0,79,0,0,109,0,109,0,27,161,0,188,82,0,82,270
11/03/2014,PWK,IL,AGL,CE,Towers with Radar,0,27,38,0,65,0,0,28,0,28,0,27,66,0,93,0,0,0,93
11/04/2014,PWK,IL,AGL,CE,Towers with Radar,0,38,68,0,106,0,0,16,0,16,0,38,84,0,122,18,0,18,140
11/05/2014,PWK,IL,AGL,CE,Towers with Radar,0,44,77,0,121,0,0,56,0,56,0,44,133,0,177,30,0,30,207
11/06/2014,PWK,IL,AGL,CE,Towers with Radar,0,42,56,0,98,0,7,21,1,29,0,49,77,1,127,0,0,0,127
11/07/2014,PWK,IL,AGL,CE,Towers with Radar,1,46,75,0,122,0,0,98,0,98,1,46,173,0,220,46,0,46,266
11/08/2014,PWK,IL,AGL,CE,Towers with Radar,0,20,42,0,62,0,1,60,0,61,0,21,102,0,123,54,0,54,177
11/09/2014,PWK,IL,AGL,CE,Towers with Radar,0,36,62,0,98,0,1,81,0,82,0,37,143,0,180,48,0,48,228
11/10/2014,PWK,IL,AGL,CE,Towers with Radar,1,22,61,0,84,0,0,38,0,38,1,22,99,0,122,8,0,8,130
11/11/2014,PWK,IL,AGL,CE,Towers with Radar,0,18,60,0,78,0,3,17,0,20,0,21,77,0,98,8,0,8,106
11/12/2014,PWK,IL,AGL,CE,Towers with Radar,0,41,53,0,94,0,2,47,0,49,0,43,100,0,143,102,0,102,245
11/13/2014,PWK,IL,AGL,CE,Towers with Radar,0,52,66,0,118,0,2,29,0,31,0,54,95,0,149,108,0,108,257
11/14/2014,PWK,IL,AGL,CE,Towers with Radar,0,30,69,0,99,0,2,68,0,70,0,32,137,0,169,24,0,24,193
11/15/2014,PWK,IL,AGL,CE,Towers with Radar,0,18,34,0,52,0,0,99,0,99,0,18,133,0,151,118,0,118,269
11/16/2014,PWK,IL,AGL,CE,Towers with Radar,0,27,62,0,89,0,1,2,0,3,0,28,64,0,92,38,0,38,130
11/17/2014,PWK,IL,AGL,CE,Towers with Radar,0,28,37,0,65,0,4,17,0,21,0,32,54,0,86,6,0,6,92
11/18/2014,PWK,IL,AGL,CE,Towers with Radar,0,43,72,0,115,0,1,39,0,40,0,44,111,0,155,32,0,32,187
11/19/2014,PWK,IL,AGL,CE,Towers with Radar,0,26,71,2,99,0,6,27,0,33,0,32,98,2,132,28,0,28,160
11/20/2014,PWK,IL,AGL,CE,Towers with Radar,0,38,61,0,99,0,16,74,0,90,0,54,135,0,189,6,0,6,195
11/21/2014,PWK,IL,AGL,CE,Towers with Radar,0,52,64,0,116,0,0,83,0,83,0,52,147,0,199,86,0,86,285
11/22/2014,PWK,IL,AGL,CE,Towers with Radar,0,29,39,0,68,0,1,12,0,13,0,30,51,0,81,0,0,0,81
11/23/2014,PWK,IL,AGL,CE,Towers with Radar,0,27,43,0,70,0,0,5,0,5,0,27,48,0,75,86,0,86,161
11/24/2014,PWK,IL,AGL,CE,Towers with Radar,0,18,43,0,61,0,0,0,0,0,0,18,43,0,61,0,0,0,61
11/25/2014,PWK,IL,AGL,CE,Towers with Radar,0,35,54,0,89,0,0,37,0,37,0,35,91,0,126,30,0,30,156
11/26/2014,PWK,IL,AGL,CE,Towers with Radar,0,44,55,0,99,0,0,10,0,10,0,44,65,0,109,70,0,70,179
11/27/2014,PWK,IL,AGL,CE,Towers with Radar,0,10,14,0,24,0,0,10,0,10,0,10,24,0,34,0,0,0,34
11/28/2014,PWK,IL,AGL,CE,Towers with Radar,0,30,31,0,61,0,0,53,0,53,0,30,84,0,114,26,0,26,140
11/29/2014,PWK,IL,AGL,CE,Towers with Radar,0,24,40,0,64,0,0,103,1,104,0,24,143,1,168,76,0,76,244
11/30/2014,PWK,IL,AGL,CE,Towers with Radar,0,54,73,0,127,0,7,12,0,19,0,61,85,0,146,6,0,6,152
12/01/2014,PWK,IL,AGL,CE,Towers with Radar,0,44,46,0,90,0,3,35,1,39,0,47,81,1,129,44,0,44,173
12/02/2014,PWK,IL,AGL,CE,Towers with Radar,0,32,49,1,82,0,0,57,0,57,0,32,106,1,139,108,0,108,247
12/03/2014,PWK,IL,AGL,CE,Towers with Radar,0,40,50,0,90,0,0,85,0,85,0,40,135,0,175,60,0,60,235
12/04/2014,PWK,IL,AGL,CE,Towers with Radar,0,41,52,0,93,0,0,42,0,42,0,41,94,0,135,26,0,26,161
12/05/2014,PWK,IL,AGL,CE,Towers with Radar,0,44,78,0,122,0,0,5,0,5,0,44,83,0,127,8,0,8,135
12/06/2014,PWK,IL,AGL,CE,Towers with Radar,0,18,25,0,43,0,4,62,0,66,0,22,87,0,109,48,0,48,157
12/07/2014,PWK,IL,AGL,CE,Towers with Radar,2,33,52,0,87,0,0,118,0,118,2,33,170,0,205,124,0,124,329
12/08/2014,PWK,IL,AGL,CE,Towers with Radar,0,28,41,0,69,0,0,0,0,0,0,28,41,0,69,0,0,0,69
12/09/2014,PWK,IL,AGL,CE,Towers with Radar,0,42,54,0,96,0,4,27,2,33,0,46,81,2,129,26,0,26,155
12/10/2014,PWK,IL,AGL,CE,Towers with Radar,0,41,57,0,98,0,6,50,0,56,0,47,107,0,154,84,0,84,238
12/11/2014,PWK,IL,AGL,CE,Towers with Radar,0,41,82,0,123,0,2,41,1,44,0,43,123,1,167,66,0,66,233
12/12/2014,PWK,IL,AGL,CE,Towers with Radar,0,31,87,0,118,0,1,8,0,9,0,32,95,0,127,0,0,0,127
12/13/2014,PWK,IL,AGL,CE,Towers with Radar,0,16,28,0,44,0,1,1,0,2,0,17,29,0,46,0,0,0,46
12/14/2014,PWK,IL,AGL,CE,Towers with Radar,0,20,44,0,64,0,0,0,0,0,0,20,44,0,64,0,0,0,64
12/15/2014,PWK,IL,AGL,CE,Towers with Radar,0,24,47,0,71,0,0,0,0,0,0,24,47,0,71,0,0,0,71
12/16/2014,PWK,IL,AGL,CE,Towers with Radar,0,26,55,2,83,0,1,12,0,13,0,27,67,2,96,0,0,0,96
12/17/2014,PWK,IL,AGL,CE,Towers with Radar,0,33,63,0,96,0,1,54,0,55,0,34,117,0,151,78,0,78,229
12/18/2014,PWK,IL,AGL,CE,Towers with Radar,0,40,70,0,110,0,3,49,0,52,0,43,119,0,162,37,0,37,199
12/19/2014,PWK,IL,AGL,CE,Towers with Radar,0,48,65,0,113,0,1,57,0,58,0,49,122,0,171,58,0,58,229
12/20/2014,PWK,IL,AGL,CE,Towers with Radar,0,33,42,0,75,0,0,103,0,103,0,33,145,0,178,162,0,162,340
12/21/2014,PWK,IL,AGL,CE,Towers with Radar,0,21,35,0,56,0,0,44,0,44,0,21,79,0,100,262,0,262,362
12/22/2014,PWK,IL,AGL,CE,Towers with Radar,0,27,36,0,63,0,0,8,0,8,0,27,44,0,71,20,0,20,91
12/23/2014,PWK,IL,AGL,CE,Towers with Radar,0,30,40,0,70,0,0,23,0,23,0,30,63,0,93,54,0,54,147
12/24/2014,PWK,IL,AGL,CE,Towers with Radar,0,10,2,0,12,0,0,0,0,0,0,10,2,0,12,0,0,0,12
12/25/2014,PWK,IL,AGL,CE,Towers with Radar,0,20,8,0,28,0,0,12,0,12,0,20,20,0,40,0,0,0,40
12/26/2014,PWK,IL,AGL,CE,Towers with Radar,0,41,38,0,79,0,0,77,0,77,0,41,115,0,156,22,0,22,178
12/27/2014,PWK,IL,AGL,CE,Towers with Radar,0,28,48,0,76,0,8,56,0,64,0,36,104,0,140,6,0,6,146
12/28/2014,PWK,IL,AGL,CE,Towers with Radar,0,21,42,0,63,0,1,132,0,133,0,22,174,0,196,68,0,68,264
12/29/2014,PWK,IL,AGL,CE,Towers with Radar,0,24,24,0,48,0,1,68,0,69,0,25,92,0,117,58,0,58,175
12/30/2014,PWK,IL,AGL,CE,Towers with Radar,0,22,36,0,58,0,1,61,0,62,0,23,97,0,120,100,0,100,220
12/31/2014,PWK,IL,AGL,CE,Towers with Radar,0,13,13,0,26,0,2,25,0,27,0,15,38,0,53,0,0,0,53
01/01/2015,PWK,IL,AGL,CE,Towers with Radar,0,17,22,0,39,0,0,21,0,21,0,17,43,0,60,0,0,0,60
01/02/2015,PWK,IL,AGL,CE,Towers with Radar,0,37,55,0,92,0,0,132,0,132,0,37,187,0,224,100,0,100,324
01/03/2015,PWK,IL,AGL,CE,Towers with Radar,0,17,37,0,54,0,0,0,0,0,0,17,37,0,54,0,0,0,54
01/04/2015,PWK,IL,AGL,CE,Towers with Radar,0,27,32,0,59,0,11,38,0,49,0,38,70,0,108,0,0,0,108
01/05/2015,PWK,IL,AGL,CE,Towers with Radar,0,36,29,0,65,0,0,27,1,28,0,36,56,1,93,0,0,0,93
01/06/2015,PWK,IL,AGL,CE,Towers with Radar,0,29,39,0,68,0,2,35,0,37,0,31,74,0,105,8,0,8,113
01/07/2015,PWK,IL,AGL,CE,Towers with Radar,0,28,31,0,59,0,4,26,0,30,0,32,57,0,89,0,0,0,89
01/08/2015,PWK,IL,AGL,CE,Towers with Radar,0,31,40,0,71,0,0,5,0,5,0,31,45,0,76,0,0,0,76
01/09/2015,PWK,IL,AGL,CE,Towers with Radar,0,32,47,0,79,0,4,37,0,41,0,36,84,0,120,0,0,0,120
01/10/2015,PWK,IL,AGL,CE,Towers with Radar,0,15,29,0,44,0,0,89,0,89,0,15,118,0,133,2,0,2,135
01/11/2015,PWK,IL,AGL,CE,Towers with Radar,0,38,45,0,83,0,0,93,0,93,0,38,138,0,176,58,0,58,234
01/12/2015,PWK,IL,AGL,CE,Towers with Radar,0,26,57,0,83,0,4,42,0,46,0,30,99,0,129,40,0,40,169
01/13/2015,PWK,IL,AGL,CE,Towers with Radar,0,32,49,0,81,0,0,15,0,15,0,32,64,0,96,66,0,66,162
01/14/2015,PWK,IL,AGL,CE,Towers with Radar,0,28,49,0,77,0,0,33,0,33,0,28,82,0,110,20,0,20,130
01/15/2015,PWK,IL,AGL,CE,Towers with Radar,0,35,62,0,97,0,2,47,1,50,0,37,109,1,147,16,0,16,163
01/16/2015,PWK,IL,AGL,CE,Towers with Radar,0,40,64,0,104,0,0,72,0,72,0,40,136,0,176,64,0,64,240
01/17/2015,PWK,IL,AGL,CE,Towers with Radar,0,21,35,0,56,0,0,5,0,5,0,21,40,0,61,22,0,22,83
01/18/2015,PWK,IL,AGL,CE,Towers with Radar,0,23,32,0,55,0,3,21,0,24,0,26,53,0,79,82,0,82,161
01/19/2015,PWK,IL,AGL,CE,Towers with Radar,0,25,79,0,104,0,0,63,0,63,0,25,142,0,167,104,0,104,271
01/20/2015,PWK,IL,AGL,CE,Towers with Radar,0,42,51,0,93,0,0,1,2,3,0,42,52,2,96,0,0,0,96
01/21/2015,PWK,IL,AGL,CE,Towers with Radar,1,25,29,0,55,1,3,5,0,9,2,28,34,0,64,0,0,0,64
01/22/2015,PWK,IL,AGL,CE,Towers with Radar,1,33,51,2,87,0,2,23,0,25,1,35,74,2,112,42,0,42,154
01/23/2015,PWK,IL,AGL,CE,Towers with Radar,2,32,46,0,80,0,0,22,0,22,2,32,68,0,102,8,0,8,110
01/24/2015,PWK,IL,AGL,CE,Towers with Radar,0,28,44,0,72,0,2,99,0,101,0,30,143,0,173,132,0,132,305
01/25/2015,PWK,IL,AGL,CE,Towers with Radar,0,19,18,0,37,0,4,12,0,16,0,23,30,0,53,0,0,0,53
01/26/2015,PWK,IL,AGL,CE,Towers with Radar,0,30,41,0,71,0,0,18,0,18,0,30,59,0,89,20,0,20,109
01/27/2015,PWK,IL,AGL,CE,Towers with Radar,0,28,49,0,77,0,0,37,0,37,0,28,86,0,114,42,0,42,156
01/28/2015,PWK,IL,AGL,CE,Towers with Radar,0,38,76,0,114,0,0,69,2,71,0,38,145,2,185,22,0,22,207
01/29/2015,PWK,IL,AGL,CE,Towers with Radar,0,35,49,0,84,0,9,26,0,35,0,44,75,0,119,0,0,0,119
01/30/2015,PWK,IL,AGL,CE,Towers with Radar,0,24,70,0,94,0,5,108,0,113,0,29,178,0,207,46,0,46,253
01/31/2015,PWK,IL,AGL,CE,Towers with Radar,0,22,27,1,50,0,2,134,1,137,0,24,161,2,187,76,0,76,263
02/01/2015,PWK,IL,AGL,CE,Towers with Radar,0,2,0,0,2,0,0,0,0,0,0,2,0,0,2,0,0,0,2
02/02/2015,PWK,IL,AGL,CE,Towers with Radar,0,51,62,0,113,0,6,20,0,26,0,57,82,0,139,8,0,8,147
02/03/2015,PWK,IL,AGL,CE,Towers with Radar,1,32,59,0,92,0,0,17,0,17,1,32,76,0,109,46,0,46,155
02/04/2015,PWK,IL,AGL,CE,Towers with Radar,1,40,47,0,88,0,3,22,0,25,1,43,69,0,113,0,0,0,113
02/05/2015,PWK,IL,AGL,CE,Towers with Radar,0,40,62,0,102,0,0,55,0,55,0,40,117,0,157,18,0,18,175
02/06/2015,PWK,IL,AGL,CE,Towers with Radar,0,38,53,0,91,0,0,56,0,56,0,38,109,0,147,0,0,0,147
02/07/2015,PWK,IL,AGL,CE,Towers with Radar,0,18,39,0,57,0,0,69,0,69,0,18,108,0,126,126,0,126,252
02/08/2015,PWK,IL,AGL,CE,Towers with Radar,0,21,20,0,41,0,0,0,0,0,0,21,20,0,41,0,0,0,41
02/09/2015,PWK,IL,AGL,CE,Towers with Radar,0,23,46,0,69,0,8,16,0,24,0,31,62,0,93,12,0,12,105
02/10/2015,PWK,IL,AGL,CE,Towers with Radar,0,35,60,0,95,0,0,51,0,51,0,35,111,0,146,26,0,26,172
02/11/2015,PWK,IL,AGL,CE,Towers with Radar,0,36,55,0,91,0,11,23,0,34,0,47,78,0,125,20,0,20,145
02/12/2015,PWK,IL,AGL,CE,Towers with Radar,0,49,51,0,100,0,13,55,0,68,0,62,106,0,168,4,0,4,172
02/13/2015,PWK,IL,AGL,CE,Towers with Radar,0,43,67,0,110,0,0,38,0,38,0,43,105,0,148,2,0,2,150
02/14/2015,PWK,IL,AGL,CE,Towers with Radar,0,15,10,0,25,0,1,98,0,99,0,16,108,0,124,0,0,0,124
02/15/2015,PWK,IL,AGL,CE,Towers with Radar,0,20,34,0,54,0,0,6,0,6,0,20,40,0,60,0,0,0,60
02/16/2015,PWK,IL,AGL,CE,Towers with Radar,0,45,67,0,112,0,0,57,0,57,0,45,124,0,169,16,0,16,185
02/17/2015,PWK,IL,AGL,CE,Towers with Radar,0,28,49,0,77,0,2,27,1,30,0,30,76,1,107,30,10,40,147
02/18/2015,PWK,IL,AGL,CE,Towers with Radar,0,36,48,1,85,0,3,31,1,35,0,39,79,2,120,0,0,0,120
02/19/2015,PWK,IL,AGL,CE,Towers with Radar,1,21,50,0,72,0,11,28,0,39,1,32,78,0,111,0,0,0,111
02/20/2015,PWK,IL,AGL,CE,Towers with Radar,0,29,42,3,74,0,0,8,0,8,0,29,50,3,82,0,0,0,82
02/21/2015,PWK,IL,AGL,CE,Towers with Radar,0,12,25,0,37,0,1,31,0,32,0,13,56,0,69,32,0,32,101
02/22/2015,PWK,IL,AGL,CE,Towers with Radar,0,50,54,0,104,0,3,106,0,109,0,53,160,0,213,58,0,58,271
02/23/2015,PWK,IL,AGL,CE,Towers with Radar,1,20,52,0,73,0,0,38,0,38,1,20,90,0,111,20,0,20,131
02/24/2015,PWK,IL,AGL,CE,Towers with Radar,0,22,29,0,51,0,1,14,0,15,0,23,43,0,66,0,0,0,66
02/25/2015,PWK,IL,AGL,CE,Towers with Radar,0,33,54,0,87,0,0,38,0,38,0,33,92,0,125,40,0,40,165
02/26/2015,PWK,IL,AGL,CE,Towers with Radar,0,23,46,0,69,0,7,22,1,30,0,30,68,1,99,0,0,0,99
02/27/2015,PWK,IL,AGL,CE,Towers with Radar,0,25,64,0,89,0,1,61,0,62,0,26,125,0,151,64,0,64,215
02/28/2015,PWK,IL,AGL,CE,Towers with Radar,0,24,51,0,75,0,1,89,2,92,0,25,140,2,167,114,0,114,281
03/01/2015,PWK,IL,AGL,CE,Towers with Radar,0,28,42,0,70,1,1,17,0,19,1,29,59,0,89,74,0,74,163
03/02/2015,PWK,IL,AGL,CE,Towers with Radar,0,30,70,0,100,0,0,68,0,68,0,30,138,0,168,54,0,54,222
03/03/2015,PWK,IL,AGL,CE,Towers with Radar,0,13,37,0,50,0,9,8,0,17,0,22,45,0,67,0,0,0,67
03/04/2015,PWK,IL,AGL,CE,Towers with Radar,0,31,60,0,91,0,5,66,0,71,0,36,126,0,162,20,0,20,182
03/05/2015,PWK,IL,AGL,CE,Towers with Radar,0,31,56,0,87,0,3,54,0,57,0,34,110,0,144,70,6,76,220
03/06/2015,PWK,IL,AGL,CE,Towers with Radar,0,33,90,0,123,0,1,27,1,29,0,34,117,1,152,12,0,12,164
03/07/2015,PWK,IL,AGL,CE,Towers with Radar,1,13,31,0,45,1,3,78,0,82,2,16,109,0,127,140,0,140,267
03/08/2015,PWK,IL,AGL,CE,Towers with Radar,0,35,39,0,74,0,0,91,0,91,0,35,130,0,165,76,0,76,241
03/09/2015,PWK,IL,AGL,CE,Towers with Radar,0,35,50,0,85,0,0,44,1,45,0,35,94,1,130,66,0,66,196
03/10/2015,PWK,IL,AGL,CE,Towers with Radar,0,20,44,0,64,0,0,15,0,15,0,20,59,0,79,22,0,22,101
03/11/2015,PWK,IL,AGL,CE,Towers with Radar,0,29,47,0,76,0,4,72,1,77,0,33,119,1,153,68,0,68,221
03/12/2015,PWK,IL,AGL,CE,Towers with Radar,0,37,62,3,102,0,0,57,1,58,0,37,119,4,160,12,0,12,172
03/13/2015,PWK,IL,AGL,CE,Towers with Radar,0,35,75,0,110,0,0,73,0,73,0,35,148,0,183,110,0,110,293
03/14/2015,PWK,IL,AGL,CE,Towers with Radar,0,20,41,0,61,1,3,89,0,93,1,23,130,0,154,122,0,122,276
03/15/2015,PWK,IL,AGL,CE,Towers with Radar,0,39,71,0,110,0,0,94,0,94,0,39,165,0,204,62,0,62,266
03/16/2015,PWK,IL,AGL,CE,Towers with Radar,0,26,47,0,73,0,1,73,0,74,0,27,120,0,147,56,0,56,203
03/17/2015,PWK,IL,AGL,CE,Towers with Radar,0,43,37,0,80,0,3,43,0,46,0,46,80,0,126,48,0,48,174
03/18/2015,PWK,IL,AGL,CE,Towers with Radar,0,38,75,0,113,0,1,75,1,77,0,39,150,1,190,120,0,120,310
03/19/2015,PWK,IL,AGL,CE,Towers with Radar,0,47,73,0,120,0,0,73,1,74,0,47,146,1,194,20,0,20,214
03/20/2015,PWK,IL,AGL,CE,Towers with Radar,0,56,49,0,105,0,0,79,0,79,0,56,128,0,184,63,0,63,247
03/21/2015,PWK,IL,AGL,CE,Towers with Radar,0,35,32,0,67,0,4,55,0,59,0,39,87,0,126,94,0,94,220
03/22/2015,PWK,IL,AGL,CE,Towers with Radar,0,41,47,0,88,0,2,50,0,52,0,43,97,0,140,50,0,50,190
03/23/2015,PWK,IL,AGL,CE,Towers with Radar,0,27,43,0,70,0,0,3,0,3,0,27,46,0,73,0,0,0,73
03/24/2015,PWK,IL,AGL,CE,Towers with Radar,0,35,51,3,89,0,0,47,0,47,0,35,98,3,136,50,0,50,186
03/25/2015,PWK,IL,AGL,CE,Towers with Radar,0,26,50,0,76,0,0,4,0,4,0,26,54,0,80,0,0,0,80
03/26/2015,PWK,IL,AGL,CE,Towers with Radar,0,38,51,0,89,0,8,64,0,72,0,46,115,0,161,90,0,90,251
03/27/2015,PWK,IL,AGL,CE,Towers with Radar,0,28,48,0,76,0,10,66,0,76,0,38,114,0,152,0,0,0,152
03/28/2015,PWK,IL,AGL,CE,Towers with Radar,0,30,50,0,80,0,0,110,0,110,0,30,160,0,190,38,0,38,228
03/29/2015,PWK,IL,AGL,CE,Towers with Radar,0,26,24,0,50,0,3,8,0,11,0,29,32,0,61,0,0,0,61
03/30/2015,PWK,IL,AGL,CE,Towers with Radar,0,36,50,0,86,0,2,57,1,60,0,38,107,1,146,70,0,70,216
03/31/2015,PWK,IL,AGL,CE,Towers with Radar,0,33,89,0,122,0,0,60,0,60,0,33,149,0,182,60,0,60,242
04/01/2015,PWK,IL,AGL,CE,Towers with Radar,0,26,59,0,85,0,0,69,1,70,0,26,128,1,155,54,0,54,209
04/02/2015,PWK,IL,AGL,CE,Towers with Radar,0,39,60,0,99,0,5,42,0,47,0,44,102,0,146,40,0,40,186
04/03/2015,PWK,IL,AGL,CE,Towers with Radar,1,28,43,0,72,0,5,58,1,64,1,33,101,1,136,78,0,78,214
04/04/2015,PWK,IL,AGL,CE,Towers with Radar,0,25,35,1,61,0,2,76,1,79,0,27,111,2,140,26,0,26,166
04/05/2015,PWK,IL,AGL,CE,Towers with Radar,0,33,35,0,68,0,1,34,0,35,0,34,69,0,103,12,0,12,115
04/06/2015,PWK,IL,AGL,CE,Towers with Radar,0,50,75,0,125,0,1,61,0,62,0,51,136,0,187,134,0,134,321
04/07/2015,PWK,IL,AGL,CE,Towers with Radar,0,35,59,0,94,0,0,0,0,0,0,35,59,0,94,0,0,0,94
04/08/2015,PWK,IL,AGL,CE,Towers with Radar,0,27,50,1,78,0,0,0,0,0,0,27,50,1,78,0,0,0,78
04/09/2015,PWK,IL,AGL,CE,Towers with Radar,0,31,52,0,83,0,0,1,0,1,0,31,53,0,84,0,0,0,84
04/10/2015,PWK,IL,AGL,CE,Towers with Radar,0,36,62,0,98,0,9,49,0,58,0,45,111,0,156,0,0,0,156
04/11/2015,PWK,IL,AGL,CE,Towers with Radar,0,36,37,0,73,0,5,121,0,126,0,41,158,0,199,58,0,58,257
04/12/2015,PWK,IL,AGL,CE,Towers with Radar,0,39,43,0,82,0,0,65,1,66,0,39,108,1,148,54,0,54,202
04/13/2015,PWK,IL,AGL,CE,Towers with Radar,0,30,53,0,83,0,5,52,0,57,0,35,105,0,140,12,0,12,152
04/14/2015,PWK,IL,AGL,CE,Towers with Radar,0,40,67,0,107,2,1,82,0,85,2,41,149,0,192,122,0,122,314
04/15/2015,PWK,IL,AGL,CE,Towers with Radar,0,29,58,0,87,0,3,76,0,79,0,32,134,0,166,100,0,100,266
04/16/2015,PWK,IL,AGL,CE,Towers with Radar,0,45,64,0,109,0,2,29,0,31,0,47,93,0,140,72,0,72,212
04/17/2015,PWK,IL,AGL,CE,Towers with Radar,0,58,79,0,137,0,0,87,0,87,0,58,166,0,224,88,0,88,312
04/18/2015,PWK,IL,AGL,CE,Towers with Radar,0,19,26,0,45,0,4,86,1,91,0,23,112,1,136,40,0,40,176
04/19/2015,PWK,IL,AGL,CE,Towers with Radar,0,24,42,0,66,0,1,39,1,41,0,25,81,1,107,98,0,98,205
04/20/2015,PWK,IL,AGL,CE,Towers with Radar,0,30,52,0,82,0,7,14,0,21,0,37,66,0,103,0,0,0,103
04/21/2015,PWK,IL,AGL,CE,Towers with Radar,0,35,50,0,85,0,14,29,0,43,0,49,79,0,128,2,0,2,130
04/22/2015,PWK,IL,AGL,CE,Towers with Radar,0,37,45,0,82,0,15,39,1,55,0,52,84,1,137,4,0,4,141
04/23/2015,PWK,IL,AGL,CE,Towers with Radar,1,39,74,1,115,1,1,69,0,71,2,40,143,1,186,74,0,74,260
04/24/2015,PWK,IL,AGL,CE,Towers with Radar,1,53,69,0,123,0,0,60,0,60,1,53,129,0,183,42,44,86,269
04/25/2015,PWK,IL,AGL,CE,Towers with Radar,0,17,29,0,46,0,1,19,0,20,0,18,48,0,66,0,0,0,66
04/26/2015,PWK,IL,AGL,CE,Towers with Radar,0,48,48,0,96,0,11,121,0,132,0,59,169,0,228,68,0,68,296
04/27/2015,PWK,IL,AGL,CE,Towers with Radar,0,24,58,0,82,0,3,75,2,80,0,27,133,2,162,64,0,64,226
04/28/2015,PWK,IL,AGL,CE,Towers with Radar,0,53,59,0,112,0,0,95,0,95,0,53,154,0,207,64,0,64,271
04/29/2015,PWK,IL,AGL,CE,Towers with Radar,0,42,57,0,99,0,2,77,0,79,0,44,134,0,178,116,0,116,294
04/30/2015,PWK,IL,AGL,CE,Towers with Radar,0,45,79,0,124,0,9,77,1,87,0,54,156,1,211,28,30,58,269
05/01/2015,PWK,IL,AGL,CE,Towers with Radar,0,43,88,0,131,0,0,103,1,104,0,43,191,1,235,94,0,94,329
05/02/2015,PWK,IL,AGL,CE,Towers with Radar,0,31,52,0,83,1,1,144,0,146,1,32,196,0,229,168,0,168,397
05/03/2015,PWK,IL,AGL,CE,Towers with Radar,0,47,65,0,112,0,1,48,1,50,0,48,113,1,162,135,0,135,297
05/04/2015,PWK,IL,AGL,CE,Towers with Radar,0,36,37,0,73,0,0,24,0,24,0,36,61,0,97,150,0,150,247
05/05/2015,PWK,IL,AGL,CE,Towers with Radar,0,36,87,0,123,0,0,0,0,0,0,36,87,0,123,6,0,6,129
05/06/2015,PWK,IL,AGL,CE,Towers with Radar,0,44,81,0,125,0,0,17,0,17,0,44,98,0,142,50,0,50,192
05/07/2015,PWK,IL,AGL,CE,Towers with Radar,1,47,83,0,131,1,0,68,0,69,2,47,151,0,200,34,0,34,234
05/08/2015,PWK,IL,AGL,CE,Towers with Radar,0,45,81,0,126,0,1,23,0,24,0,46,104,0,150,26,0,26,176
05/09/2015,PWK,IL,AGL,CE,Towers with Radar,0,29,36,0,65,0,0,10,0,10,0,29,46,0,75,24,0,24,99
05/10/2015,PWK,IL,AGL,CE,Towers with Radar,0,32,43,0,75,0,0,0,0,0,0,32,43,0,75,0,0,0,75
05/11/2015,PWK,IL,AGL,CE,Towers with Radar,0,30,49,0,79,0,4,12,0,16,0,34,61,0,95,4,0,4,99
05/12/2015,PWK,IL,AGL,CE,Towers with Radar,0,25,78,0,103,0,7,47,0,54,0,32,125,0,157,4,0,4,161
05/13/2015,PWK,IL,AGL,CE,Towers with Radar,0,31,70,0,101,0,3,120,0,123,0,34,190,0,224,142,0,142,366
05/14/2015,PWK,IL,AGL,CE,Towers with Radar,0,45,61,0,106,0,1,65,0,66,0,46,126,0,172,85,0,85,257
05/15/2015,PWK,IL,AGL,CE,Towers with Radar,0,53,68,0,121,1,0,25,0,26,1,53,93,0,147,82,0,82,229
05/16/2015,PWK,IL,AGL,CE,Towers with Radar,0,18,35,0,53,0,0,23,0,23,0,18,58,0,76,112,0,112,188
05/17/2015,PWK,IL,AGL,CE,Towers with Radar,0,47,53,0,100,0,0,8,0,8,0,47,61,0,108,22,0,22,130
05/18/2015,PWK,IL,AGL,CE,Towers with Radar,0,42,71,0,113,0,10,65,1,76,0,52,136,1,189,22,0,22,211
05/19/2015,PWK,IL,AGL,CE,Towers with Radar,0,43,88,0,131,0,5,74,0,79,0,48,162,0,210,216,0,216,426
05/20/2015,PWK,IL,AGL,CE,Towers with Radar,1,50,73,0,124,0,6,51,0,57,1,56,124,0,181,22,0,22,203
05/21/2015,PWK,IL,AGL,CE,Towers with Radar,0,43,75,0,118,0,18,97,0,115,0,61,172,0,233,44,0,44,277
05/22/2015,PWK,IL,AGL,CE,Towers with Radar,0,49,101,0,150,0,0,128,0,128,0,49,229,0,278,138,0,138,416
05/23/2015,PWK,IL,AGL,CE,Towers with Radar,0,23,37,1,61,0,0,118,2,120,0,23,155,3,181,117,0,117,298
05/24/2015,PWK,IL,AGL,CE,Towers with Radar,0,15,34,0,49,0,0,31,0,31,0,15,65,0,80,78,0,78,158
05/25/2015,PWK,IL,AGL,CE,Towers with Radar,0,51,54,0,105,0,0,17,0,17,0,51,71,0,122,0,0,0,122
05/26/2015,PWK,IL,AGL,CE,Towers with Radar,0,47,78,0,125,0,0,14,0,14,0,47,92,0,139,8,0,8,147
05/27/2015,PWK,IL,AGL,CE,Towers with Radar,0,43,68,0,111,0,4,66,0,70,0,47,134,0,181,104,0,104,285
05/28/2015,PWK,IL,AGL,CE,Towers with Radar,0,43,84,1,128,0,0,111,4,115,0,43,195,5,243,134,0,134,377
05/29/2015,PWK,IL,AGL,CE,Towers with Radar,0,31,62,0,93,0,0,27,0,27,0,31,89,0,120,20,0,20,140
05/30/2015,PWK,IL,AGL,CE,Towers with Radar,0,15,23,0,38,0,0,1,0,1,0,15,24,0,39,0,0,0,39
05/31/2015,PWK,IL,AGL,CE,Towers with Radar,0,30,74,0,104,0,9,71,0,80,0,39,145,0,184,20,0,20,204
06/01/2015,PWK,IL,AGL,CE,Towers with Radar,0,30,40,0,70,0,6,83,0,89,0,36,123,0,159,56,0,56,215
06/02/2015,PWK,IL,AGL,CE,Towers with Radar,0,32,70,0,102,0,0,91,0,91,0,32,161,0,193,110,0,110,303
06/03/2015,PWK,IL,AGL,CE,Towers with Radar,0,46,80,0,126,0,0,121,0,121,0,46,201,0,247,183,0,183,430
06/04/2015,PWK,IL,AGL,CE,Towers with Radar,0,40,83,0,123,0,0,67,0,67,0,40,150,0,190,146,0,146,336
06/05/2015,PWK,IL,AGL,CE,Towers with Radar,0,43,70,0,113,0,0,34,0,34,0,43,104,0,147,26,0,26,173
06/06/2015,PWK,IL,AGL,CE,Towers with Radar,1,30,40,0,71,0,1,143,0,144,1,31,183,0,215,182,0,182,397
06/07/2015,PWK,IL,AGL,CE,Towers with Radar,1,37,41,0,79,0,0,11,0,11,1,37,52,0,90,0,0,0,90
06/08/2015,PWK,IL,AGL,CE,Towers with Radar,0,29,65,0,94,0,6,63,0,69,0,35,128,0,163,20,0,20,183
06/09/2015,PWK,IL,AGL,CE,Towers with Radar,0,39,78,0,117,0,0,107,0,107,0,39,185,0,224,130,0,130,354
06/10/2015,PWK,IL,AGL,CE,Towers with Radar,0,39,74,0,113,0,4,74,0,78,0,43,148,0,191,26,0,26,217
06/11/2015,PWK,IL,AGL,CE,Towers with Radar,2,36,82,0,120,0,1,57,1,59,2,37,139,1,179,34,0,34,213
06/12/2015,PWK,IL,AGL,CE,Towers with Radar,0,51,79,4,134,0,0,0,0,0,0,51,79,4,134,0,0,0,134
06/13/2015,PWK,IL,AGL,CE,Towers with Radar,0,26,40,0,66,0,1,58,0,59,0,27,98,0,125,172,0,172,297
06/14/2015,PWK,IL,AGL,CE,Towers with Radar,0,35,52,4,91,0,4,53,0,57,0,39,105,4,148,50,0,50,198
06/15/2015,PWK,IL,AGL,CE,Towers with Radar,0,48,85,0,133,0,0,0,0,0,0,48,85,0,133,16,0,16,149
06/16/2015,PWK,IL,AGL,CE,Towers with Radar,0,42,83,0,125,0,3,123,1,127,0,45,206,1,252,88,0,88,340
06/17/2015,PWK,IL,AGL,CE,Towers with Radar,0,36,81,0,117,0,0,47,0,47,0,36,128,0,164,134,0,134,298
06/18/2015,PWK,IL,AGL,CE,Towers with Radar,0,32,66,0,98,0,9,44,1,54,0,41,110,1,152,20,0,20,172
06/19/2015,PWK,IL,AGL,CE,Towers with Radar,0,36,77,1,114,1,1,110,3,115,1,37,187,4,229,152,0,152,381
06/20/2015,PWK,IL,AGL,CE,Towers with Radar,0,19,58,0,77,0,0,120,3,123,0,19,178,3,200,170,0,170,370
06/21/2015,PWK,IL,AGL,CE,Towers with Radar,0,46,69,0,115,0,1,86,0,87,0,47,155,0,202,132,0,132,334
06/22/2015,PWK,IL,AGL,CE,Towers with Radar,0,35,71,0,106,0,0,5,0,5,0,35,76,0,111,48,0,48,159
06/23/2015,PWK,IL,AGL,CE,Towers with Radar,0,56,65,0,121,0,7,137,0,144,0,63,202,0,265,74,0,74,339
06/24/2015,PWK,IL,AGL,CE,Towers with Radar,0,28,86,0,114,0,0,60,4,64,0,28,146,4,178,196,0,196,374
06/25/2015,PWK,IL,AGL,CE,Towers with Radar,0,47,105,0,152,0,0,8,0,8,0,47,113,0,160,0,0,0,160
06/26/2015,PWK,IL,AGL,CE,Towers with Radar,0,32,106,0,138,0,3,11,0,14,0,35,117,0,152,0,0,0,152
06/27/2015,PWK,IL,AGL,CE,Towers with Radar,0,28,49,0,77,0,0,133,0,133,0,28,182,0,210,50,0,50,260
06/28/2015,PWK,IL,AGL,CE,Towers with Radar,2,40,92,0,134,0,0,97,0,97,2,40,189,0,231,140,0,140,371
06/29/2015,PWK,IL,AGL,CE,Towers with Radar,0,37,67,0,104,0,0,11,0,11,0,37,78,0,115,96,0,96,211
06/30/2015,PWK,IL,AGL,CE,Towers with Radar,0,25,58,0,83,0,8,82,0,90,0,33,140,0,173,202,0,202,375
07/01/2015,PWK,IL,AGL,CE,Towers with Radar,0,33,76,0,109,0,2,67,0,69,0,35,143,0,178,111,0,111,289
07/02/2015,PWK,IL,AGL,CE,Towers with Radar,0,42,111,0,153,0,2,74,2,78,0,44,185,2,231,42,0,42,273
07/03/2015,PWK,IL,AGL,CE,Towers with Radar,0,23,30,0,53,0,0,83,3,86,0,23,113,3,139,98,0,98,237
07/04/2015,PWK,IL,AGL,CE,Towers with Radar,0,17,25,0,42,0,0,50,1,51,0,17,75,1,93,10,0,10,103
07/05/2015,PWK,IL,AGL,CE,Towers with Radar,0,45,95,0,140,0,1,90,0,91,0,46,185,0,231,110,0,110,341
07/06/2015,PWK,IL,AGL,CE,Towers with Radar,0,53,64,0,117,0,0,27,0,27,0,53,91,0,144,42,0,42,186
07/07/2015,PWK,IL,AGL,CE,Towers with Radar,1,32,57,0,90,0,15,69,0,84,1,47,126,0,174,85,0,85,259
07/08/2015,PWK,IL,AGL,CE,Towers with Radar,0,42,64,0,106,0,1,61,0,62,0,43,125,0,168,200,0,200,368
07/09/2015,PWK,IL,AGL,CE,Towers with Radar,1,34,64,1,100,0,3,94,0,97,1,37,158,1,197,70,0,70,267
07/10/2015,PWK,IL,AGL,CE,Towers with Radar,0,31,95,0,126,0,1,89,0,90,0,32,184,0,216,58,0,58,274
07/11/2015,PWK,IL,AGL,CE,Towers with Radar,0,29,42,0,71,0,0,77,3,80,0,29,119,3,151,184,0,184,335
07/12/2015,PWK,IL,AGL,CE,Towers with Radar,0,33,102,0,135,0,0,70,1,71,0,33,172,1,206,72,0,72,278
07/13/2015,PWK,IL,AGL,CE,Towers with Radar,0,43,76,0,119,0,0,26,0,26,0,43,102,0,145,62,0,62,207
07/14/2015,PWK,IL,AGL,CE,Towers with Radar,0,42,63,0,105,0,12,102,1,115,0,54,165,1,220,104,0,104,324
07/15/2015,PWK,IL,AGL,CE,Towers with Radar,0,42,84,0,126,0,0,93,1,94,0,42,177,1,220,174,0,174,394
07/16/2015,PWK,IL,AGL,CE,Towers with Radar,0,43,95,0,138,0,0,38,0,38,0,43,133,0,176,54,0,54,230
07/17/2015,PWK,IL,AGL,CE,Towers with Radar,1,44,87,0,132,0,4,82,0,86,1,48,169,0,218,92,0,92,310
07/18/2015,PWK,IL,AGL,CE,Towers with Radar,0,24,58,0,82,0,1,73,0,74,0,25,131,0,156,108,0,108,264
07/19/2015,PWK,IL,AGL,CE,Towers with Radar,0,50,68,0,118,0,2,110,0,112,0,52,178,0,230,66,0,66,296
07/20/2015,PWK,IL,AGL,CE,Towers with Radar,0,42,77,0,119,0,5,83,0,88,0,47,160,0,207,108,0,108,315
07/21/2015,PWK,IL,AGL,CE,Towers with Radar,0,44,87,0,131,0,8,121,0,129,0,52,208,0,260,124,0,124,384
07/22/2015,PWK,IL,AGL,CE,Towers with Radar,0,43,67,0,110,0,1,93,0,94,0,44,160,0,204,156,0,156,360
07/23/2015,PWK,IL,AGL,CE,Towers with Radar,0,29,87,0,116,0,1,99,0,100,0,30,186,0,216,166,0,166,382
07/24/2015,PWK,IL,AGL,CE,Towers with Radar,0,55,86,0,141,0,0,97,0,97,0,55,183,0,238,68,0,68,306
07/25/2015,PWK,IL,AGL,CE,Towers with Radar,0,33,44,0,77,0,4,85,0,89,0,37,129,0,166,66,0,66,232
07/26/2015,PWK,IL,AGL,CE,Towers with Radar,0,47,50,0,97,0,0,92,0,92,0,47,142,0,189,82,0,82,271
07/27/2015,PWK,IL,AGL,CE,Towers with Radar,0,26,86,0,112,0,0,106,0,106,0,26,192,0,218,54,0,54,272
07/28/2015,PWK,IL,AGL,CE,Towers with Radar,0,36,95,0,131,0,0,83,0,83,0,36,178,0,214,70,0,70,284
07/29/2015,PWK,IL,AGL,CE,Towers with Radar,0,40,86,0,126,0,7,83,0,90,0,47,169,0,216,58,0,58,274
07/30/2015,PWK,IL,AGL,CE,Towers with Radar,0,58,108,0,166,0,7,118,0,125,0,65,226,0,291,38,0,38,329
07/31/2015,PWK,IL,AGL,CE,Towers with Radar,0,54,124,0,178,0,10,130,0,140,0,64,254,0,318,38,0,38,356
08/01/2015,PWK,IL,AGL,CE,Towers with Radar,0,27,62,0,89,0,3,114,0,117,0,30,176,0,206,102,0,102,308
08/02/2015,PWK,IL,AGL,CE,Towers with Radar,2,28,63,0,93,0,0,37,0,37,2,28,100,0,130,4,0,4,134
08/03/2015,PWK,IL,AGL,CE,Towers with Radar,0,42,80,2,124,0,5,89,1,95,0,47,169,3,219,68,2,70,289
08/04/2015,PWK,IL,AGL,CE,Towers with Radar,0,51,69,0,120,0,16,107,0,123,0,67,176,0,243,88,0,88,331
08/05/2015,PWK,IL,AGL,CE,Towers with Radar,0,50,81,0,131,0,0,99,1,100,0,50,180,1,231,44,0,44,275
08/06/2015,PWK,IL,AGL,CE,Towers with Radar,0,42,89,0,131,0,0,83,3,86,0,42,172,3,217,108,0,108,325
08/07/2015,PWK,IL,AGL,CE,Towers with Radar,0,35,83,0,118,0,4,59,0,63,0,39,142,0,181,42,0,42,223
08/08/2015,PWK,IL,AGL,CE,Towers with Radar,0,23,43,0,66,0,8,67,0,75,0,31,110,0,141,118,0,118,259
08/09/2015,PWK,IL,AGL,CE,Towers with Radar,0,53,90,0,143,0,0,21,0,21,0,53,111,0,164,24,0,24,188
08/10/2015,PWK,IL,AGL,CE,Towers with Radar,0,44,68,0,112,0,3,30,0,33,0,47,98,0,145,40,0,40,185
08/11/2015,PWK,IL,AGL,CE,Towers with Radar,0,43,83,1,127,0,3,106,3,112,0,46,189,4,239,46,0,46,285
08/12/2015,PWK,IL,AGL,CE,Towers with Radar,0,32,107,0,139,0,1,109,3,113,0,33,216,3,252,112,0,112,364
08/13/2015,PWK,IL,AGL,CE,Towers with Radar,0,47,100,0,147,0,0,99,1,100,0,47,199,1,247,36,0,36,283
08/14/2015,PWK,IL,AGL,CE,Towers with Radar,0,42,75,0,117,0,1,87,1,89,0,43,162,1,206,100,0,100,306
08/15/2015,PWK,IL,AGL,CE,Towers with Radar,1,35,55,0,91,0,1,72,0,73,1,36,127,0,164,106,0,106,270
08/16/2015,PWK,IL,AGL,CE,Towers with Radar,0,32,72,0,104,0,0,59,0,59,0,32,131,0,163,52,0,52,215
08/17/2015,PWK,IL,AGL,CE,Towers with Radar,0,30,74,0,104,0,0,51,0,51,0,30,125,0,155,58,0,58,213
08/18/2015,PWK,IL,AGL,CE,Towers with Radar,0,33,71,0,104,0,0,31,0,31,0,33,102,0,135,78,0,78,213
08/19/2015,PWK,IL,AGL,CE,Towers with Radar,0,44,62,0,106,0,0,29,0,29,0,44,91,0,135,0,0,0,135
08/20/2015,PWK,IL,AGL,CE,Towers with Radar,0,44,99,0,143,0,3,83,0,86,0,47,182,0,229,40,0,40,269
08/21/2015,PWK,IL,AGL,CE,Towers with Radar,0,34,101,0,135,0,1,104,0,105,0,35,205,0,240,4,0,4,244
08/22/2015,PWK,IL,AGL,CE,Towers with Radar,0,9,32,0,41,0,3,118,1,122,0,12,150,1,163,14,0,14,177
08/23/2015,PWK,IL,AGL,CE,Towers with Radar,2,9,36,0,47,0,7,42,0,49,2,16,78,0,96,6,0,6,102
08/24/2015,PWK,IL,AGL,CE,Towers with Radar,0,32,67,0,99,0,2,68,0,70,0,34,135,0,169,22,0,22,191
08/25/2015,PWK,IL,AGL,CE,Towers with Radar,0,35,87,0,122,0,6,72,0,78,0,41,159,0,200,120,0,120,320
08/26/2015,PWK,IL,AGL,CE,Towers with Radar,0,31,88,0,119,0,1,89,0,90,0,32,177,0,209,156,0,156,365
08/27/2015,PWK,IL,AGL,CE,Towers with Radar,0,41,64,0,105,0,0,90,0,90,0,41,154,0,195,34,0,34,229
08/28/2015,PWK,IL,AGL,CE,Towers with Radar,1,33,62,0,96,0,0,53,1,54,1,33,115,1,150,58,0,58,208
08/29/2015,PWK,IL,AGL,CE,Towers with Radar,0,10,27,0,37,0,6,10,0,16,0,16,37,0,53,4,0,4,57
08/30/2015,PWK,IL,AGL,CE,Towers with Radar,0,24,65,0,89,0,0,20,0,20,0,24,85,0,109,144,0,144,253
08/31/2015,PWK,IL,AGL,CE,Towers with Radar,0,26,67,0,93,0,0,48,0,48,0,26,115,0,141,62,0,62,203
09/01/2015,PWK,IL,AGL,CE,Towers with Radar,0,24,62,0,86,0,0,49,0,49,0,24,111,0,135,98,0,98,233
09/02/2015,PWK,IL,AGL,CE,Towers with Radar,0,40,94,0,134,0,0,62,0,62,0,40,156,0,196,66,0,66,262
09/03/2015,PWK,IL,AGL,CE,Towers with Radar,0,56,88,0,144,0,7,85,0,92,0,63,173,0,236,74,0,74,310
09/04/2015,PWK,IL,AGL,CE,Towers with Radar,2,48,92,0,142,0,0,51,1,52,2,48,143,1,194,0,0,0,194
09/05/2015,PWK,IL,AGL,CE,Towers with Radar,0,25,33,1,59,0,0,68,0,68,0,25,101,1,127,80,0,80,207
09/06/2015,PWK,IL,AGL,CE,Towers with Radar,0,32,35,0,67,0,0,87,2,89,0,32,122,2,156,46,0,46,202
09/07/2015,PWK,IL,AGL,CE,Towers with Radar,0,50,70,0,120,0,1,71,0,72,0,51,141,0,192,66,0,66,258
09/08/2015,PWK,IL,AGL,CE,Towers with Radar,0,43,90,0,133,0,0,13,0,13,0,43,103,0,146,0,0,0,146
09/09/2015,PWK,IL,AGL,CE,Towers with Radar,0,39,72,0,111,0,2,62,0,64,0,41,134,0,175,96,0,96,271
09/10/2015,PWK,IL,AGL,CE,Towers with Radar,0,53,79,0,132,0,3,38,0,41,0,56,117,0,173,66,0,66,239
09/11/2015,PWK,IL,AGL,CE,Towers with Radar,0,36,62,0,98,0,5,39,0,44,0,41,101,0,142,22,0,22,164
09/12/2015,PWK,IL,AGL,CE,Towers with Radar,0,29,58,0,87,0,7,117,0,124,0,36,175,0,211,112,0,112,323
09/13/2015,PWK,IL,AGL,CE,Towers with Radar,0,49,60,0,109,0,6,119,2,127,0,55,179,2,236,138,0,138,374
09/14/2015,PWK,IL,AGL,CE,Towers with Radar,0,46,85,0,131,0,0,47,0,47,0,46,132,0,178,12,0,12,190
09/15/2015,PWK,IL,AGL,CE,Towers with Radar,2,45,77,0,124,0,0,90,0,90,2,45,167,0,214,50,0,50,264
09/16/2015,PWK,IL,AGL,CE,Towers with Radar,1,38,91,0,130,0,0,81,0,81,1,38,172,0,211,34,0,34,245
09/17/2015,PWK,IL,AGL,CE,Towers with Radar,0,37,95,0,132,0,1,38,0,39,0,38,133,0,171,72,0,72,243
09/18/2015,PWK,IL,AGL,CE,Towers with Radar,0,54,72,0,126,0,0,9,0,9,0,54,81,0,135,24,0,24,159
09/19/2015,PWK,IL,AGL,CE,Towers with Radar,0,30,51,0,81,0,7,78,0,85,0,37,129,0,166,50,0,50,216
09/20/2015,PWK,IL,AGL,CE,Towers with Radar,1,65,77,0,143,1,0,132,0,133,2,65,209,0,276,10,0,10,286
09/21/2015,PWK,IL,AGL,CE,Towers with Radar,0,46,75,0,121,0,0,91,0,91,0,46,166,0,212,98,0,98,310
09/22/2015,PWK,IL,AGL,CE,Towers with Radar,0,37,103,0,140,0,0,74,1,75,0,37,177,1,215,142,0,142,357
09/23/2015,PWK,IL,AGL,CE,Towers with Radar,0,40,85,0,125,0,0,69,1,70,0,40,154,1,195,112,0,112,307
09/24/2015,PWK,IL,AGL,CE,Towers with Radar,0,19,62,0,81,0,0,73,0,73,0,19,135,0,154,0,0,0,154
09/25/2015,PWK,IL,AGL,CE,Towers with Radar,0,28,75,0,103,0,2,48,1,51,0,30,123,1,154,20,0,20,174
09/26/2015,PWK,IL,AGL,CE,Towers with Radar,2,13,27,0,42,0,1,137,1,139,2,14,164,1,181,18,0,18,199
09/27/2015,PWK,IL,AGL,CE,Towers with Radar,0,18,63,0,81,0,2,83,0,85,0,20,146,0,166,34,0,34,200
09/28/2015,PWK,IL,AGL,CE,Towers with Radar,0,31,93,0,124,0,0,49,0,49,0,31,142,0,173,128,0,128,301
09/29/2015,PWK,IL,AGL,CE,Towers with Radar,0,23,71,1,95,0,5,47,1,53,0,28,118,2,148,0,0,0,148
09/30/2015,PWK,IL,AGL,CE,Towers with Radar,0,25,51,0,76,0,6,60,0,66,0,31,111,0,142,0,0,0,142
10/01/2015,PWK,IL,AGL,CE,Towers with Radar,0,22,45,0,67,0,2,46,0,48,0,24,91,0,115,0,0,0,115
10/02/2015,PWK,IL,AGL,CE,Towers with Radar,0,23,43,0,66,0,5,24,0,29,0,28,67,0,95,0,0,0,95
10/03/2015,PWK,IL,AGL,CE,Towers with Radar,0,17,26,0,43,0,1,28,0,29,0,18,54,0,72,16,0,16,88
10/04/2015,PWK,IL,AGL,CE,Towers with Radar,0,23,59,0,82,0,1,5,0,6,0,24,64,0,88,10,0,10,98
10/05/2015,PWK,IL,AGL,CE,Towers with Radar,0,44,68,0,112,0,0,3,0,3,0,44,71,0,115,0,0,0,115
10/06/2015,PWK,IL,AGL,CE,Towers with Radar,0,47,70,0,117,0,0,43,0,43,0,47,113,0,160,130,0,130,290
10/07/2015,PWK,IL,AGL,CE,Towers with Radar,3,37,64,2,106,3,0,74,2,79,6,37,138,4,185,10,0,10,195
10/08/2015,PWK,IL,AGL,CE,Towers with Radar,0,52,78,0,130,0,1,51,0,52,0,53,129,0,182,38,0,38,220
10/09/2015,PWK,IL,AGL,CE,Towers with Radar,0,53,81,0,134,0,6,61,0,67,0,59,142,0,201,76,0,76,277
10/10/2015,PWK,IL,AGL,CE,Towers with Radar,0,29,38,0,67,0,2,132,0,134,0,31,170,0,201,34,0,34,235
10/11/2015,PWK,IL,AGL,CE,Towers with Radar,0,24,44,0,68,0,1,84,0,85,0,25,128,0,153,14,0,14,167
10/12/2015,PWK,IL,AGL,CE,Towers with Radar,0,35,56,0,91,0,9,42,0,51,0,44,98,0,142,2,0,2,144
10/13/2015,PWK,IL,AGL,CE,Towers with Radar,0,34,82,0,116,0,13,90,0,103,0,47,172,0,219,144,0,144,363
10/14/2015,PWK,IL,AGL,CE,Towers with Radar,0,36,105,0,141,0,11,125,2,138,0,47,230,2,279,74,0,74,353
10/15/2015,PWK,IL,AGL,CE,Towers with Radar,0,42,91,0,133,0,3,56,1,60,0,45,147,1,193,14,0,14,207
10/16/2015,PWK,IL,AGL,CE,Towers with Radar,0,37,78,0,115,0,7,117,0,124,0,44,195,0,239,64,0,64,303
10/17/2015,PWK,IL,AGL,CE,Towers with Radar,0,30,57,0,87,0,5,154,1,160,0,35,211,1,247,108,0,108,355
10/18/2015,PWK,IL,AGL,CE,Towers with Radar,0,48,81,0,129,0,1,124,0,125,0,49,205,0,254,84,0,84,338
10/19/2015,PWK,IL,AGL,CE,Towers with Radar,1,34,54,0,89,1,3,18,0,22,2,37,72,0,111,2,0,2,113
10/20/2015,PWK,IL,AGL,CE,Towers with Radar,2,23,81,0,106,0,0,48,0,48,2,23,129,0,154,42,0,42,196
10/21/2015,PWK,IL,AGL,CE,Towers with Radar,0,52,82,0,134,0,0,37,0,37,0,52,119,0,171,32,0,32,203
10/22/2015,PWK,IL,AGL,CE,Towers with Radar,0,31,52,0,83,0,4,72,0,76,0,35,124,0,159,44,0,44,203
10/23/2015,PWK,IL,AGL,CE,Towers with Radar,0,20,45,0,65,0,5,44,0,49,0,25,89,0,114,0,0,0,114
10/24/2015,PWK,IL,AGL,CE,Towers with Radar,0,11,17,0,28,0,4,14,0,18,0,15,31,0,46,0,0,0,46
10/25/2015,PWK,IL,AGL,CE,Towers with Radar,0,26,51,0,77,0,1,134,0,135,0,27,185,0,212,84,0,84,296
10/26/2015,PWK,IL,AGL,CE,Towers with Radar,0,23,69,0,92,0,1,86,0,87,0,24,155,0,179,110,0,110,289
10/27/2015,PWK,IL,AGL,CE,Towers with Radar,0,28,52,0,80,0,0,34,0,34,0,28,86,0,114,14,0,14,128
10/28/2015,PWK,IL,AGL,CE,Towers with Radar,0,30,57,0,87,0,4,2,0,6,0,34,59,0,93,0,0,0,93
10/29/2015,PWK,IL,AGL,CE,Towers with Radar,0,15,42,2,59,0,2,27,0,29,0,17,69,2,88,16,6,22,110
10/30/2015,PWK,IL,AGL,CE,Towers with Radar,0,18,57,0,75,0,3,99,0,102,0,21,156,0,177,46,0,46,223
10/31/2015,PWK,IL,AGL,CE,Towers with Radar,0,6,11,0,17,0,0,3,0,3,0,6,14,0,20,0,0,0,20
11/01/2015,PWK,IL,AGL,CE,Towers with Radar,0,27,36,0,63,0,2,94,0,96,0,29,130,0,159,108,0,108,267
11/02/2015,PWK,IL,AGL,CE,Towers with Radar,0,37,48,0,85,0,0,55,0,55,0,37,103,0,140,41,0,41,181
11/03/2015,PWK,IL,AGL,CE,Towers with Radar,0,31,60,0,91,0,0,90,0,90,0,31,150,0,181,146,0,146,327
11/04/2015,PWK,IL,AGL,CE,Towers with Radar,0,21,28,0,49,0,0,39,3,42,0,21,67,3,91,22,0,22,113
11/05/2015,PWK,IL,AGL,CE,Towers with Radar,0,21,29,0,50,0,4,34,0,38,0,25,63,0,88,0,0,0,88
11/06/2015,PWK,IL,AGL,CE,Towers with Radar,0,19,63,0,82,0,3,47,0,50,0,22,110,0,132,18,0,18,150
11/07/2015,PWK,IL,AGL,CE,Towers with Radar,0,5,21,1,27,0,5,147,2,154,0,10,168,3,181,22,0,22,203
11/08/2015,PWK,IL,AGL,CE,Towers with Radar,0,25,61,0,86,0,3,120,0,123,0,28,181,0,209,52,0,52,261
11/09/2015,PWK,IL,AGL,CE,Towers with Radar,0,42,62,0,104,0,1,86,0,87,0,43,148,0,191,72,0,72,263
11/10/2015,PWK,IL,AGL,CE,Towers with Radar,0,34,92,0,126,0,0,79,0,79,0,34,171,0,205,54,0,54,259
11/11/2015,PWK,IL,AGL,CE,Towers with Radar,0,31,62,0,93,0,0,35,0,35,0,31,97,0,128,70,0,70,198
11/12/2015,PWK,IL,AGL,CE,Towers with Radar,0,23,30,0,53,0,1,9,0,10,0,24,39,0,63,0,0,0,63
11/13/2015,PWK,IL,AGL,CE,Towers with Radar,0,33,61,0,94,0,2,19,0,21,0,35,80,0,115,36,0,36,151
11/14/2015,PWK,IL,AGL,CE,Towers with Radar,1,23,47,0,71,0,1,130,0,131,1,24,177,0,202,102,0,102,304
11/15/2015,PWK,IL,AGL,CE,Towers with Radar,0,36,59,0,95,0,0,127,0,127,0,36,186,0,222,74,0,74,296
11/16/2015,PWK,IL,AGL,CE,Towers with Radar,0,22,64,1,87,0,0,54,0,54,0,22,118,1,141,38,0,38,179
11/17/2015,PWK,IL,AGL,CE,Towers with Radar,0,34,68,0,102,0,0,0,0,0,0,34,68,0,102,0,0,0,102
11/18/2015,PWK,IL,AGL,CE,Towers with Radar,0,28,80,0,108,0,0,3,0,3,0,28,83,0,111,0,0,0,111
11/19/2015,PWK,IL,AGL,CE,Towers with Radar,0,22,48,0,70,0,4,26,0,30,0,26,74,0,100,0,0,0,100
11/20/2015,PWK,IL,AGL,CE,Towers with Radar,0,39,76,0,115,0,2,83,0,85,0,41,159,0,200,64,0,64,264
11/21/2015,PWK,IL,AGL,CE,Towers with Radar,0,3,13,0,16,0,4,7,0,11,0,7,20,0,27,0,0,0,27
11/22/2015,PWK,IL,AGL,CE,Towers with Radar,0,34,45,0,79,0,0,68,1,69,0,34,113,1,148,78,0,78,226
11/23/2015,PWK,IL,AGL,CE,Towers with Radar,1,27,69,0,97,0,0,69,0,69,1,27,138,0,166,70,0,70,236
11/24/2015,PWK,IL,AGL,CE,Towers with Radar,0,56,87,0,143,0,0,79,0,79,0,56,166,0,222,56,0,56,278
11/25/2015,PWK,IL,AGL,CE,Towers with Radar,0,57,57,2,116,0,1,41,1,43,0,58,98,3,159,52,0,52,211
11/26/2015,PWK,IL,AGL,CE,Towers with Radar,0,9,9,0,18,0,0,2,0,2,0,9,11,0,20,0,0,0,20
11/27/2015,PWK,IL,AGL,CE,Towers with Radar,0,18,13,0,31,0,6,8,0,14,0,24,21,0,45,0,0,0,45
11/28/2015,PWK,IL,AGL,CE,Towers with Radar,0,35,54,0,89,0,4,73,1,78,0,39,127,1,167,110,0,110,277
11/29/2015,PWK,IL,AGL,CE,Towers with Radar,0,60,93,0,153,0,0,111,1,112,0,60,204,1,265,140,0,140,405
11/30/2015,PWK,IL,AGL,CE,Towers with Radar,0,41,63,0,104,0,1,20,0,21,0,42,83,0,125,40,0,40,165
12/01/2015,PWK,IL,AGL,CE,Towers with Radar,0,44,49,0,93,0,0,21,0,21,0,44,70,0,114,16,0,16,130
12/02/2015,PWK,IL,AGL,CE,Towers with Radar,0,44,72,0,116,0,8,10,0,18,0,52,82,0,134,10,0,10,144
12/03/2015,PWK,IL,AGL,CE,Towers with Radar,0,45,75,0,120,0,0,6,0,6,0,45,81,0,126,6,0,6,132
12/04/2015,PWK,IL,AGL,CE,Towers with Radar,1,41,82,0,124,0,0,76,1,77,1,41,158,1,201,28,0,28,229
12/05/2015,PWK,IL,AGL,CE,Towers with Radar,0,25,38,0,63,0,0,63,0,63,0,25,101,0,126,114,0,114,240
12/06/2015,PWK,IL,AGL,CE,Towers with Radar,0,28,58,0,86,0,0,81,0,81,0,28,139,0,167,96,0,96,263
12/07/2015,PWK,IL,AGL,CE,Towers with Radar,1,36,43,0,80,0,0,0,0,0,1,36,43,0,80,0,0,0,80
12/08/2015,PWK,IL,AGL,CE,Towers with Radar,1,41,61,0,103,0,0,13,0,13,1,41,74,0,116,70,0,70,186
12/09/2015,PWK,IL,AGL,CE,Towers with Radar,0,35,73,1,109,0,0,55,1,56,0,35,128,2,165,178,0,178,343
12/10/2015,PWK,IL,AGL,CE,Towers with Radar,0,38,56,0,94,0,5,21,0,26,0,43,77,0,120,0,0,0,120
12/11/2015,PWK,IL,AGL,CE,Towers with Radar,0,50,92,0,142,0,1,96,1,98,0,51,188,1,240,62,0,62,302
12/12/2015,PWK,IL,AGL,CE,Towers with Radar,0,12,28,0,40,0,0,2,0,2,0,12,30,0,42,0,0,0,42
12/13/2015,PWK,IL,AGL,CE,Towers with Radar,0,35,46,0,81,0,0,4,0,4,0,35,50,0,85,42,0,42,127
12/14/2015,PWK,IL,AGL,CE,Towers with Radar,0,40,53,0,93,0,0,8,0,8,0,40,61,0,101,14,0,14,115
12/15/2015,PWK,IL,AGL,CE,Towers with Radar,0,48,57,0,105,0,0,25,0,25,0,48,82,0,130,108,0,108,238
12/16/2015,PWK,IL,AGL,CE,Towers with Radar,1,40,66,0,107,0,6,16,1,23,1,46,82,1,130,0,0,0,130
12/17/2015,PWK,IL,AGL,CE,Towers with Radar,1,63,86,0,150,0,7,59,1,67,1,70,145,1,217,26,0,26,243
12/18/2015,PWK,IL,AGL,CE,Towers with Radar,0,41,57,0,98,0,5,50,1,56,0,46,107,1,154,46,0,46,200
12/19/2015,PWK,IL,AGL,CE,Towers with Radar,0,64,58,1,123,0,5,126,2,133,0,69,184,3,256,36,0,36,292
12/20/2015,PWK,IL,AGL,CE,Towers with Radar,0,25,29,0,54,0,0,21,0,21,0,25,50,0,75,20,0,20,95
12/21/2015,PWK,IL,AGL,CE,Towers with Radar,0,40,44,0,84,0,0,0,0,0,0,40,44,0,84,0,0,0,84
12/22/2015,PWK,IL,AGL,CE,Towers with Radar,0,33,59,0,92,0,0,3,0,3,0,33,62,0,95,8,0,8,103
12/23/2015,PWK,IL,AGL,CE,Towers with Radar,0,19,28,0,47,0,0,0,0,0,0,19,28,0,47,0,0,0,47
12/24/2015,PWK,IL,AGL,CE,Towers with Radar,0,18,17,0,35,0,0,44,0,44,0,18,61,0,79,58,0,58,137
12/25/2015,PWK,IL,AGL,CE,Towers with Radar,0,16,12,0,28,0,1,15,0,16,0,17,27,0,44,0,0,0,44
12/26/2015,PWK,IL,AGL,CE,Towers with Radar,0,33,47,0,80,0,0,1,0,1,0,33,48,0,81,0,0,0,81
12/27/2015,PWK,IL,AGL,CE,Towers with Radar,0,24,46,0,70,0,6,19,0,25,0,30,65,0,95,0,0,0,95
12/28/2015,PWK,IL,AGL,CE,Towers with Radar,0,2,3,0,5,0,0,0,0,0,0,2,3,0,5,0,0,0,5
12/29/2015,PWK,IL,AGL,CE,Towers with Radar,0,59,40,0,99,0,4,13,0,17,0,63,53,0,116,2,0,2,118
12/30/2015,PWK,IL,AGL,CE,Towers with Radar,0,24,24,0,48,0,0,5,0,5,0,24,29,0,53,46,0,46,99
12/31/2015,PWK,IL,AGL,CE,Towers with Radar,0,26,32,0,58,1,1,31,0,33,1,27,63,0,91,8,0,8,99
01/01/2016,PWK,IL,AGL,CE,Towers with Radar,0,17,30,0,47,0,0,14,0,14,0,17,44,0,61,0,0,0,61
01/02/2016,PWK,IL,AGL,CE,Towers with Radar,0,44,76,0,120,0,3,92,1,96,0,47,168,1,216,40,0,40,256
01/03/2016,PWK,IL,AGL,CE,Towers with Radar,0,57,61,0,118,0,16,76,0,92,0,73,137,0,210,152,0,152,362
01/04/2016,PWK,IL,AGL,CE,Towers with Radar,0,34,37,0,71,0,2,26,0,28,0,36,63,0,99,32,0,32,131
01/05/2016,PWK,IL,AGL,CE,Towers with Radar,0,32,44,0,76,0,0,91,0,91,0,32,135,0,167,16,0,16,183
01/06/2016,PWK,IL,AGL,CE,Towers with Radar,1,35,45,0,81,0,0,71,0,71,1,35,116,0,152,86,0,86,238
01/07/2016,PWK,IL,AGL,CE,Towers with Radar,0,23,43,0,66,0,0,26,1,27,0,23,69,1,93,48,0,48,141
01/08/2016,PWK,IL,AGL,CE,Towers with Radar,0,21,37,0,58,0,0,0,0,0,0,21,37,0,58,0,0,0,58
01/09/2016,PWK,IL,AGL,CE,Towers with Radar,0,8,19,0,27,0,0,0,0,0,0,8,19,0,27,0,0,0,27
01/10/2016,PWK,IL,AGL,CE,Towers with Radar,0,31,47,0,78,0,6,31,0,37,0,37,78,0,115,12,0,12,127
01/11/2016,PWK,IL,AGL,CE,Towers with Radar,0,27,51,0,78,0,0,32,0,32,0,27,83,0,110,20,0,20,130
01/12/2016,PWK,IL,AGL,CE,Towers with Radar,0,29,41,0,70,0,10,40,0,50,0,39,81,0,120,4,0,4,124
01/13/2016,PWK,IL,AGL,CE,Towers with Radar,0,39,52,2,93,0,0,12,0,12,0,39,64,2,105,14,0,14,119
01/14/2016,PWK,IL,AGL,CE,Towers with Radar,0,32,63,0,95,0,0,64,2,66,0,32,127,2,161,56,0,56,217
01/15/2016,PWK,IL,AGL,CE,Towers with Radar,0,28,55,0,83,0,1,13,0,14,0,29,68,0,97,0,0,0,97
01/16/2016,PWK,IL,AGL,CE,Towers with Radar,0,15,19,0,34,0,2,93,0,95,0,17,112,0,129,182,0,182,311
01/17/2016,PWK,IL,AGL,CE,Towers with Radar,0,32,23,0,55,0,6,43,0,49,0,38,66,0,104,10,0,10,114
01/18/2016,PWK,IL,AGL,CE,Towers with Radar,0,35,61,0,96,0,16,49,0,65,0,51,110,0,161,6,0,6,167
01/19/2016,PWK,IL,AGL,CE,Towers with Radar,0,31,63,0,94,0,1,42,0,43,0,32,105,0,137,34,0,34,171
01/20/2016,PWK,IL,AGL,CE,Towers with Radar,0,25,57,0,82,0,0,20,0,20,0,25,77,0,102,26,0,26,128
01/21/2016,PWK,IL,AGL,CE,Towers with Radar,0,29,62,0,91,0,0,49,0,49,0,29,111,0,140,120,0,120,260
01/22/2016,PWK,IL,AGL,CE,Towers with Radar,0,12,42,0,54,0,1,12,0,13,0,13,54,0,67,30,0,30,97
01/23/2016,PWK,IL,AGL,CE,Towers with Radar,0,14,28,0,42,0,0,114,0,114,0,14,142,0,156,122,0,122,278
01/24/2016,PWK,IL,AGL,CE,Towers with Radar,0,26,50,0,76,0,2,20,0,22,0,28,70,0,98,226,0,226,324
01/25/2016,PWK,IL,AGL,CE,Towers with Radar,0,25,56,0,81,0,0,11,0,11,0,25,67,0,92,76,0,76,168
01/26/2016,PWK,IL,AGL,CE,Towers with Radar,0,27,45,0,72,0,9,28,0,37,0,36,73,0,109,2,0,2,111
01/27/2016,PWK,IL,AGL,CE,Towers with Radar,0,42,66,0,108,0,0,59,0,59,0,42,125,0,167,32,0,32,199
01/28/2016,PWK,IL,AGL,CE,Towers with Radar,0,30,58,0,88,0,4,51,0,55,0,34,109,0,143,36,0,36,179
01/29/2016,PWK,IL,AGL,CE,Towers with Radar,0,29,60,0,89,0,1,70,0,71,0,30,130,0,160,46,0,46,206
01/30/2016,PWK,IL,AGL,CE,Towers with Radar,0,17,34,0,51,0,0,102,0,102,0,17,136,0,153,92,0,92,245
01/31/2016,PWK,IL,AGL,CE,Towers with Radar,0,31,38,0,69,0,2,0,0,2,0,33,38,0,71,0,0,0,71
02/01/2016,PWK,IL,AGL,CE,Towers with Radar,0,39,51,1,91,0,0,64,0,64,0,39,115,1,155,82,0,82,237
02/02/2016,PWK,IL,AGL,CE,Towers with Radar,0,26,30,0,56,0,0,0,0,0,0,26,30,0,56,0,0,0,56
02/03/2016,PWK,IL,AGL,CE,Towers with Radar,0,28,41,0,69,0,0,3,0,3,0,28,44,0,72,0,0,0,72
02/04/2016,PWK,IL,AGL,CE,Towers with Radar,0,34,55,0,89,0,0,80,0,80,0,34,135,0,169,50,0,50,219
02/05/2016,PWK,IL,AGL,CE,Towers with Radar,0,30,59,0,89,0,6,68,0,74,0,36,127,0,163,142,0,142,305
02/06/2016,PWK,IL,AGL,CE,Towers with Radar,0,24,27,0,51,0,0,98,0,98,0,24,125,0,149,120,0,120,269
02/07/2016,PWK,IL,AGL,CE,Towers with Radar,0,29,31,0,60,0,3,64,0,67,0,32,95,0,127,20,0,20,147
02/08/2016,PWK,IL,AGL,CE,Towers with Radar,0,29,41,0,70,0,8,22,0,30,0,37,63,0,100,72,0,72,172
02/09/2016,PWK,IL,AGL,CE,Towers with Radar,0,50,53,0,103,0,17,20,0,37,0,67,73,0,140,116,0,116,256
02/10/2016,PWK,IL,AGL,CE,Towers with Radar,1,38,60,0,99,0,5,83,0,88,1,43,143,0,187,48,0,48,235
02/11/2016,PWK,IL,AGL,CE,Towers with Radar,0,49,93,0,142,0,4,106,0,110,0,53,199,0,252,48,0,48,300
02/12/2016,PWK,IL,AGL,CE,Towers with Radar,1,43,74,0,118,0,7,48,0,55,1,50,122,0,173,36,0,36,209
02/13/2016,PWK,IL,AGL,CE,Towers with Radar,0,18,37,0,55,0,3,82,0,85,0,21,119,0,140,52,0,52,192
02/14/2016,PWK,IL,AGL,CE,Towers with Radar,0,13,19,0,32,0,0,10,0,10,0,13,29,0,42,14,0,14,56
02/15/2016,PWK,IL,AGL,CE,Towers with Radar,0,55,76,0,131,0,0,0,0,0,0,55,76,0,131,0,0,0,131
02/16/2016,PWK,IL,AGL,CE,Towers with Radar,0,47,48,0,95,0,0,5,0,5,0,47,53,0,100,58,0,58,158
02/17/2016,PWK,IL,AGL,CE,Towers with Radar,0,26,55,0,81,0,3,71,0,74,0,29,126,0,155,114,0,114,269
02/18/2016,PWK,IL,AGL,CE,Towers with Radar,0,27,63,0,90,0,0,37,0,37,0,27,100,0,127,8,0,8,135
02/19/2016,PWK,IL,AGL,CE,Towers with Radar,0,7,45,0,52,0,1,19,0,20,0,8,64,0,72,0,0,0,72
02/20/2016,PWK,IL,AGL,CE,Towers with Radar,0,14,57,0,71,0,5,130,0,135,0,19,187,0,206,24,0,24,230
02/21/2016,PWK,IL,AGL,CE,Towers with Radar,0,25,47,0,72,0,3,42,0,45,0,28,89,0,117,226,0,226,343
02/22/2016,PWK,IL,AGL,CE,Towers with Radar,1,24,63,0,88,0,0,62,0,62,1,24,125,0,150,88,0,88,238
02/23/2016,PWK,IL,AGL,CE,Towers with Radar,0,24,51,0,75,0,2,65,0,67,0,26,116,0,142,96,0,96,238
02/24/2016,PWK,IL,AGL,CE,Towers with Radar,0,9,16,0,25,0,5,2,0,7,0,14,18,0,32,0,0,0,32
02/25/2016,PWK,IL,AGL,CE,Towers with Radar,0,36,68,0,104,0,8,54,0,62,0,44,122,0,166,32,0,32,198
02/26/2016,PWK,IL,AGL,CE,Towers with Radar,0,31,66,0,97,0,5,86,0,91,0,36,152,0,188,28,0,28,216
02/27/2016,PWK,IL,AGL,CE,Towers with Radar,0,13,30,0,43,0,1,100,0,101,0,14,130,0,144,20,0,20,164
02/28/2016,PWK,IL,AGL,CE,Towers with Radar,0,16,35,0,51,0,3,20,0,23,0,19,55,0,74,12,0,12,86
02/29/2016,PWK,IL,AGL,CE,Towers with Radar,0,32,43,0,75,0,12,46,0,58,0,44,89,0,133,6,0,6,139
03/01/2016,PWK,IL,AGL,CE,Towers with Radar,1,20,23,0,44,0,9,7,0,16,1,29,30,0,60,0,0,0,60
03/02/2016,PWK,IL,AGL,CE,Towers with Radar,0,33,59,0,92,0,1,71,0,72,0,34,130,0,164,34,0,34,198
03/03/2016,PWK,IL,AGL,CE,Towers with Radar,0,32,47,0,79,0,2,5,0,7,0,34,52,0,86,0,0,0,86
03/04/2016,PWK,IL,AGL,CE,Towers with Radar,0,24,74,0,98,0,0,89,0,89,0,24,163,0,187,82,0,82,269
03/05/2016,PWK,IL,AGL,CE,Towers with Radar,0,17,44,0,61,0,0,19,0,19,0,17,63,0,80,34,0,34,114
03/06/2016,PWK,IL,AGL,CE,Towers with Radar,0,33,46,0,79,0,0,103,0,103,0,33,149,0,182,74,0,74,256
03/07/2016,PWK,IL,AGL,CE,Towers with Radar,0,34,49,0,83,0,0,46,0,46,0,34,95,0,129,40,0,40,169
03/08/2016,PWK,IL,AGL,CE,Towers with Radar,0,29,54,0,83,0,0,42,0,42,0,29,96,0,125,34,0,34,159
03/09/2016,PWK,IL,AGL,CE,Towers with Radar,0,25,64,0,89,0,2,35,0,37,0,27,99,0,126,24,0,24,150
03/10/2016,PWK,IL,AGL,CE,Towers with Radar,0,26,80,2,108,0,0,73,0,73,0,26,153,2,181,64,0,64,245
03/11/2016,PWK,IL,AGL,CE,Towers with Radar,0,27,69,0,96,0,0,89,0,89,0,27,158,0,185,118,0,118,303
03/12/2016,PWK,IL,AGL,CE,Towers with Radar,0,12,30,0,42,1,0,61,0,62,1,12,91,0,104,106,0,106,210
03/13/2016,PWK,IL,AGL,CE,Towers with Radar,0,17,55,0,72,0,0,0,0,0,0,17,55,0,72,0,0,0,72
03/14/2016,PWK,IL,AGL,CE,Towers with Radar,0,42,64,0,106,0,0,7,0,7,0,42,71,0,113,46,0,46,159
03/15/2016,PWK,IL,AGL,CE,Towers with Radar,0,50,81,0,131,0,0,9,0,9,0,50,90,0,140,12,0,12,152
03/16/2016,PWK,IL,AGL,CE,Towers with Radar,0,15,34,0,49,0,3,11,0,14,0,18,45,0,63,0,0,0,63
03/17/2016,PWK,IL,AGL,CE,Towers with Radar,0,28,71,0,99,0,9,42,0,51,0,37,113,0,150,0,0,0,150
03/18/2016,PWK,IL,AGL,CE,Towers with Radar,0,37,69,0,106,0,3,69,0,72,0,40,138,0,178,184,0,184,362
03/19/2016,PWK,IL,AGL,CE,Towers with Radar,0,38,50,0,88,0,1,58,0,59,0,39,108,0,147,190,0,190,337
03/20/2016,PWK,IL,AGL,CE,Towers with Radar,0,34,49,0,83,0,0,105,0,105,0,34,154,0,188,110,0,110,298
03/21/2016,PWK,IL,AGL,CE,Towers with Radar,0,26,38,0,64,0,0,75,0,75,0,26,113,0,139,78,0,78,217
03/22/2016,PWK,IL,AGL,CE,Towers with Radar,0,31,67,0,98,0,0,64,0,64,0,31,131,0,162,40,2,42,204
03/23/2016,PWK,IL,AGL,CE,Towers with Radar,0,31,53,0,84,0,0,0,0,0,0,31,53,0,84,0,0,0,84
03/24/2016,PWK,IL,AGL,CE,Towers with Radar,0,22,36,0,58,0,1,1,0,2,0,23,37,0,60,0,0,0,60
03/25/2016,PWK,IL,AGL,CE,Towers with Radar,0,29,64,0,93,0,0,97,0,97,0,29,161,0,190,120,0,120,310
03/26/2016,PWK,IL,AGL,CE,Towers with Radar,0,18,40,0,58,0,0,121,0,121,0,18,161,0,179,46,0,46,225
03/27/2016,PWK,IL,AGL,CE,Towers with Radar,0,33,41,0,74,0,11,49,0,60,0,44,90,0,134,22,0,22,156
03/28/2016,PWK,IL,AGL,CE,Towers with Radar,0,31,68,0,99,0,7,52,0,59,0,38,120,0,158,142,0,142,300
03/29/2016,PWK,IL,AGL,CE,Towers with Radar,0,32,74,0,106,0,0,88,0,88,0,32,162,0,194,38,0,38,232
03/30/2016,PWK,IL,AGL,CE,Towers with Radar,0,29,56,0,85,0,0,23,0,23,0,29,79,0,108,42,0,42,150
03/31/2016,PWK,IL,AGL,CE,Towers with Radar,0,20,46,0,66,0,1,12,0,13,0,21,58,0,79,4,0,4,83
04/01/2016,PWK,IL,AGL,CE,Towers with Radar,0,31,59,0,90,0,4,30,0,34,0,35,89,0,124,44,0,44,168
04/02/2016,PWK,IL,AGL,CE,Towers with Radar,0,14,32,0,46,0,7,13,0,20,0,21,45,0,66,0,0,0,66
04/03/2016,PWK,IL,AGL,CE,Towers with Radar,0,45,46,0,91,0,0,30,0,30,0,45,76,0,121,8,0,8,129
04/04/2016,PWK,IL,AGL,CE,Towers with Radar,0,39,46,0,85,0,5,44,0,49,0,44,90,0,134,94,0,94,228
04/05/2016,PWK,IL,AGL,CE,Towers with Radar,0,46,55,0,101,0,0,74,0,74,0,46,129,0,175,48,0,48,223
04/06/2016,PWK,IL,AGL,CE,Towers with Radar,0,44,47,0,91,0,4,3,0,7,0,48,50,0,98,0,0,0,98
04/07/2016,PWK,IL,AGL,CE,Towers with Radar,0,51,70,0,121,0,5,26,0,31,0,56,96,0,152,24,0,24,176
04/08/2016,PWK,IL,AGL,CE,Towers with Radar,0,33,50,0,83,0,8,18,0,26,0,41,68,0,109,18,0,18,127
04/09/2016,PWK,IL,AGL,CE,Towers with Radar,0,25,38,0,63,0,4,141,0,145,0,29,179,0,208,164,0,164,372
04/10/2016,PWK,IL,AGL,CE,Towers with Radar,0,42,88,0,130,0,1,16,0,17,0,43,104,0,147,92,0,92,239
04/11/2016,PWK,IL,AGL,CE,Towers with Radar,0,33,70,0,103,0,8,92,0,100,0,41,162,0,203,70,0,70,273
04/12/2016,PWK,IL,AGL,CE,Towers with Radar,0,54,106,1,161,0,6,170,0,176,0,60,276,1,337,76,0,76,413
04/13/2016,PWK,IL,AGL,CE,Towers with Radar,0,37,59,0,96,0,3,106,0,109,0,40,165,0,205,80,0,80,285
04/14/2016,PWK,IL,AGL,CE,Towers with Radar,0,45,65,0,110,0,0,87,0,87,0,45,152,0,197,96,0,96,293
04/15/2016,PWK,IL,AGL,CE,Towers with Radar,0,36,53,0,89,0,0,105,1,106,0,36,158,1,195,56,0,56,251
04/16/2016,PWK,IL,AGL,CE,Towers with Radar,0,25,47,0,72,0,0,170,0,170,0,25,217,0,242,56,0,56,298
04/17/2016,PWK,IL,AGL,CE,Towers with Radar,0,18,40,0,58,0,0,122,0,122,0,18,162,0,180,86,0,86,266
04/18/2016,PWK,IL,AGL,CE,Towers with Radar,0,32,61,0,93,0,0,78,0,78,0,32,139,0,171,88,0,88,259
04/19/2016,PWK,IL,AGL,CE,Towers with Radar,1,26,62,1,90,0,0,110,0,110,1,26,172,1,200,62,0,62,262
04/20/2016,PWK,IL,AGL,CE,Towers with Radar,0,37,84,0,121,0,0,61,0,61,0,37,145,0,182,66,0,66,248
04/21/2016,PWK,IL,AGL,CE,Towers with Radar,0,37,88,0,125,0,0,28,0,28,0,37,116,0,153,94,0,94,247
04/22/2016,PWK,IL,AGL,CE,Towers with Radar,0,24,58,0,82,0,0,48,0,48,0,24,106,0,130,70,0,70,200
04/23/2016,PWK,IL,AGL,CE,Towers with Radar,0,22,42,2,66,0,0,175,0,175,0,22,217,2,241,86,0,86,327
04/24/2016,PWK,IL,AGL,CE,Towers with Radar,0,32,41,0,73,0,0,109,0,109,0,32,150,0,182,112,0,112,294
04/25/2016,PWK,IL,AGL,CE,Towers with Radar,0,29,43,0,72,0,0,47,0,47,0,29,90,0,119,118,0,118,237
04/26/2016,PWK,IL,AGL,CE,Towers with Radar,0,35,72,0,107,0,2,30,0,32,0,37,102,0,139,0,0,0,139
04/27/2016,PWK,IL,AGL,CE,Towers with Radar,0,38,69,0,107,0,0,12,0,12,0,38,81,0,119,0,0,0,119
04/28/2016,PWK,IL,AGL,CE,Towers with Radar,0,44,90,0,134,0,0,9,0,9,0,44,99,0,143,40,0,40,183
04/29/2016,PWK,IL,AGL,CE,Towers with Radar,0,45,90,0,135,0,0,54,0,54,0,45,144,0,189,148,0,148,337
04/30/2016,PWK,IL,AGL,CE,Towers with Radar,0,18,38,0,56,0,0,11,0,11,0,18,49,0,67,60,0,60,127
05/01/2016,PWK,IL,AGL,CE,Towers with Radar,0,21,59,0,80,0,1,4,0,5,0,22,63,0,85,0,0,0,85
05/02/2016,PWK,IL,AGL,CE,Towers with Radar,0,34,61,0,95,0,2,94,0,96,0,36,155,0,191,76,0,76,267
05/03/2016,PWK,IL,AGL,CE,Towers with Radar,0,35,87,0,122,0,1,145,0,146,0,36,232,0,268,60,0,60,328
05/04/2016,PWK,IL,AGL,CE,Towers with Radar,0,62,84,0,146,0,0,86,0,86,0,62,170,0,232,116,0,116,348
05/05/2016,PWK,IL,AGL,CE,Towers with Radar,0,53,98,0,151,0,1,101,0,102,0,54,199,0,253,94,0,94,347
05/06/2016,PWK,IL,AGL,CE,Towers with Radar,0,44,64,0,108,0,0,115,0,115,0,44,179,0,223,102,0,102,325
05/07/2016,PWK,IL,AGL,CE,Towers with Radar,0,19,38,0,57,0,0,67,0,67,0,19,105,0,124,26,0,26,150
05/08/2016,PWK,IL,AGL,CE,Towers with Radar,0,35,54,0,89,0,0,112,0,112,0,35,166,0,201,98,0,98,299
05/09/2016,PWK,IL,AGL,CE,Towers with Radar,0,35,53,0,88,0,0,31,0,31,0,35,84,0,119,60,0,60,179
05/10/2016,PWK,IL,AGL,CE,Towers with Radar,0,35,62,0,97,0,0,0,0,0,0,35,62,0,97,0,0,0,97
05/11/2016,PWK,IL,AGL,CE,Towers with Radar,0,38,75,0,113,0,0,5,0,5,0,38,80,0,118,0,0,0,118
05/12/2016,PWK,IL,AGL,CE,Towers with Radar,0,47,64,0,111,0,0,66,1,67,0,47,130,1,178,41,0,41,219
05/13/2016,PWK,IL,AGL,CE,Towers with Radar,0,42,61,0,103,0,0,117,0,117,0,42,178,0,220,22,0,22,242
05/14/2016,PWK,IL,AGL,CE,Towers with Radar,0,20,32,0,52,0,0,82,0,82,0,20,114,0,134,140,0,140,274
05/15/2016,PWK,IL,AGL,CE,Towers with Radar,0,43,58,0,101,0,0,150,0,150,0,43,208,0,251,54,0,54,305
05/16/2016,PWK,IL,AGL,CE,Towers with Radar,0,38,55,0,93,0,0,81,0,81,0,38,136,0,174,44,0,44,218
05/17/2016,PWK,IL,AGL,CE,Towers with Radar,0,52,53,0,105,0,1,105,0,106,0,53,158,0,211,50,0,50,261
05/18/2016,PWK,IL,AGL,CE,Towers with Radar,0,43,81,0,124,0,0,109,0,109,0,43,190,0,233,81,0,81,314
05/19/2016,PWK,IL,AGL,CE,Towers with Radar,0,44,92,1,137,0,0,113,0,113,0,44,205,1,250,73,0,73,323
05/20/2016,PWK,IL,AGL,CE,Towers with Radar,0,47,97,0,144,0,0,98,0,98,0,47,195,0,242,68,0,68,310
05/21/2016,PWK,IL,AGL,CE,Towers with Radar,0,22,50,0,72,0,0,134,0,134,0,22,184,0,206,78,0,78,284
05/22/2016,PWK,IL,AGL,CE,Towers with Radar,0,36,69,0,105,0,4,160,0,164,0,40,229,0,269,110,0,110,379
05/23/2016,PWK,IL,AGL,CE,Towers with Radar,0,40,48,0,88,0,3,64,0,67,0,43,112,0,155,78,0,78,233
05/24/2016,PWK,IL,AGL,CE,Towers with Radar,0,58,70,0,128,0,0,78,0,78,0,58,148,0,206,85,0,85,291
05/25/2016,PWK,IL,AGL,CE,Towers with Radar,0,39,66,0,105,0,0,35,0,35,0,39,101,0,140,50,0,50,190
05/26/2016,PWK,IL,AGL,CE,Towers with Radar,0,36,69,0,105,0,0,67,0,67,0,36,136,0,172,58,0,58,230
05/27/2016,PWK,IL,AGL,CE,Towers with Radar,0,35,77,0,112,0,0,24,0,24,0,35,101,0,136,58,0,58,194
05/28/2016,PWK,IL,AGL,CE,Towers with Radar,0,27,33,0,60,0,0,37,0,37,0,27,70,0,97,66,0,66,163
05/29/2016,PWK,IL,AGL,CE,Towers with Radar,0,25,34,0,59,0,0,78,0,78,0,25,112,0,137,62,0,62,199
05/30/2016,PWK,IL,AGL,CE,Towers with Radar,0,44,75,0,119,0,1,121,0,122,0,45,196,0,241,76,0,76,317
05/31/2016,PWK,IL,AGL,CE,Towers with Radar,0,44,61,0,105,0,0,49,0,49,0,44,110,0,154,47,0,47,201
06/01/2016,PWK,IL,AGL,CE,Towers with Radar,0,47,88,0,135,0,0,29,0,29,0,47,117,0,164,104,0,104,268
06/02/2016,PWK,IL,AGL,CE,Towers with Radar,0,39,79,0,118,0,1,125,0,126,0,40,204,0,244,100,0,100,344
06/03/2016,PWK,IL,AGL,CE,Towers with Radar,0,42,89,0,131,0,0,113,0,113,0,42,202,0,244,92,0,92,336
06/04/2016,PWK,IL,AGL,CE,Towers with Radar,0,16,40,0,56,0,0,25,0,25,0,16,65,0,81,144,0,144,225
06/05/2016,PWK,IL,AGL,CE,Towers with Radar,0,31,62,0,93,0,1,102,0,103,0,32,164,0,196,73,0,73,269
06/06/2016,PWK,IL,AGL,CE,Towers with Radar,0,26,60,0,86,0,0,97,1,98,0,26,157,1,184,26,0,26,210
06/07/2016,PWK,IL,AGL,CE,Towers with Radar,0,36,63,0,99,0,1,131,0,132,0,37,194,0,231,142,0,142,373
06/08/2016,PWK,IL,AGL,CE,Towers with Radar,0,41,69,0,110,0,0,166,1,167,0,41,235,1,277,96,0,96,373
06/09/2016,PWK,IL,AGL,CE,Towers with Radar,0,44,76,0,120,0,0,40,0,40,0,44,116,0,160,78,0,78,238
06/10/2016,PWK,IL,AGL,CE,Towers with Radar,0,32,89,0,121,0,0,78,0,78,0,32,167,0,199,34,0,34,233
06/11/2016,PWK,IL,AGL,CE,Towers with Radar,0,22,37,0,59,0,1,114,0,115,0,23,151,0,174,24,0,24,198
06/12/2016,PWK,IL,AGL,CE,Towers with Radar,0,46,82,0,128,0,1,154,0,155,0,47,236,0,283,48,0,48,331
06/13/2016,PWK,IL,AGL,CE,Towers with Radar,0,45,87,0,132,0,1,88,0,89,0,46,175,0,221,114,0,114,335
06/14/2016,PWK,IL,AGL,CE,Towers with Radar,0,38,43,0,81,0,0,48,0,48,0,38,91,0,129,88,0,88,217
06/15/2016,PWK,IL,AGL,CE,Towers with Radar,0,37,71,0,108,0,0,86,0,86,0,37,157,0,194,98,0,98,292
06/16/2016,PWK,IL,AGL,CE,Towers with Radar,0,58,104,0,162,0,1,70,0,71,0,59,174,0,233,114,0,114,347
06/17/2016,PWK,IL,AGL,CE,Towers with Radar,0,43,84,0,127,0,0,141,0,141,0,43,225,0,268,58,0,58,326
06/18/2016,PWK,IL,AGL,CE,Towers with Radar,0,15,32,0,47,0,0,124,0,124,0,15,156,0,171,26,0,26,197
06/19/2016,PWK,IL,AGL,CE,Towers with Radar,0,25,53,0,78,0,0,121,0,121,0,25,174,0,199,48,0,48,247
06/20/2016,PWK,IL,AGL,CE,Towers with Radar,0,30,61,0,91,0,0,72,0,72,0,30,133,0,163,14,0,14,177
06/21/2016,PWK,IL,AGL,CE,Towers with Radar,0,16,55,0,71,0,0,126,0,126,0,16,181,0,197,90,0,90,287
06/22/2016,PWK,IL,AGL,CE,Towers with Radar,0,33,82,0,115,0,0,17,0,17,0,33,99,0,132,2,0,2,134
06/23/2016,PWK,IL,AGL,CE,Towers with Radar,0,52,86,0,138,0,0,31,0,31,0,52,117,0,169,24,0,24,193
06/24/2016,PWK,IL,AGL,CE,Towers with Radar,0,38,83,0,121,0,0,140,0,140,0,38,223,0,261,79,0,79,340
06/25/2016,PWK,IL,AGL,CE,Towers with Radar,0,16,31,0,47,0,0,162,0,162,0,16,193,0,209,12,0,12,221
06/26/2016,PWK,IL,AGL,CE,Towers with Radar,0,15,42,0,57,0,3,95,0,98,0,18,137,0,155,94,0,94,249
06/27/2016,PWK,IL,AGL,CE,Towers with Radar,0,28,54,0,82,0,0,104,0,104,0,28,158,0,186,74,0,74,260
06/28/2016,PWK,IL,AGL,CE,Towers with Radar,0,33,55,0,88,0,0,86,0,86,0,33,141,0,174,90,0,90,264
06/29/2016,PWK,IL,AGL,CE,Towers with Radar,0,33,60,0,93,0,0,119,0,119,0,33,179,0,212,95,0,95,307
06/30/2016,PWK,IL,AGL,CE,Towers with Radar,2,51,79,0,132,0,0,81,0,81,2,51,160,0,213,80,0,80,293
07/01/2016,PWK,IL,AGL,CE,Towers with Radar,0,50,93,0,143,0,4,103,0,107,0,54,196,0,250,122,0,122,372
07/02/2016,PWK,IL,AGL,CE,Towers with Radar,0,27,48,0,75,0,0,96,0,96,0,27,144,0,171,46,0,46,217
07/03/2016,PWK,IL,AGL,CE,Towers with Radar,0,11,23,0,34,0,0,79,0,79,0,11,102,0,113,22,0,22,135
07/04/2016,PWK,IL,AGL,CE,Towers with Radar,0,20,45,0,65,0,0,16,0,16,0,20,61,0,81,34,0,34,115
07/05/2016,PWK,IL,AGL,CE,Towers with Radar,0,50,85,0,135,0,0,88,0,88,0,50,173,0,223,83,0,83,306
07/06/2016,PWK,IL,AGL,CE,Towers with Radar,0,43,62,0,105,0,0,76,0,76,0,43,138,0,181,49,0,49,230
07/07/2016,PWK,IL,AGL,CE,Towers with Radar,0,46,58,0,104,0,0,29,0,29,0,46,87,0,133,104,0,104,237
07/08/2016,PWK,IL,AGL,CE,Towers with Radar,0,39,67,0,106,0,3,120,0,123,0,42,187,0,229,63,0,63,292
07/09/2016,PWK,IL,AGL,CE,Towers with Radar,0,15,24,1,40,0,0,137,0,137,0,15,161,1,177,28,0,28,205
07/10/2016,PWK,IL,AGL,CE,Towers with Radar,0,26,56,0,82,0,0,131,0,131,0,26,187,0,213,77,0,77,290
07/11/2016,PWK,IL,AGL,CE,Towers with Radar,0,44,80,0,124,0,0,88,0,88,0,44,168,0,212,70,0,70,282
07/12/2016,PWK,IL,AGL,CE,Towers with Radar,0,32,68,0,100,0,0,64,0,64,0,32,132,0,164,76,0,76,240
07/13/2016,PWK,IL,AGL,CE,Towers with Radar,0,35,86,0,121,0,0,47,0,47,0,35,133,0,168,82,0,82,250
07/14/2016,PWK,IL,AGL,CE,Towers with Radar,0,49,80,0,129,0,4,135,0,139,0,53,215,0,268,10,0,10,278
07/15/2016,PWK,IL,AGL,CE,Towers with Radar,0,50,118,0,168,0,0,79,0,79,0,50,197,0,247,114,0,114,361
07/16/2016,PWK,IL,AGL,CE,Towers with Radar,0,17,46,0,63,0,0,130,0,130,0,17,176,0,193,62,0,62,255
07/17/2016,PWK,IL,AGL,CE,Towers with Radar,0,32,48,0,80,0,0,49,0,49,0,32,97,0,129,0,4,4,133
07/18/2016,PWK,IL,AGL,CE,Towers with Radar,1,41,60,0,102,0,0,105,0,105,1,41,165,0,207,152,0,152,359
07/19/2016,PWK,IL,AGL,CE,Towers with Radar,0,32,71,2,105,0,0,113,0,113,0,32,184,2,218,134,0,134,352
07/20/2016,PWK,IL,AGL,CE,Towers with Radar,0,35,93,0,128,0,0,92,1,93,0,35,185,1,221,88,0,88,309
07/21/2016,PWK,IL,AGL,CE,Towers with Radar,0,39,92,0,131,0,1,37,0,38,0,40,129,0,169,74,0,74,243
07/22/2016,PWK,IL,AGL,CE,Towers with Radar,0,40,91,0,131,0,0,109,1,110,0,40,200,1,241,26,0,26,267
07/23/2016,PWK,IL,AGL,CE,Towers with Radar,0,5,42,0,47,0,1,90,1,92,0,6,132,1,139,64,0,64,203
07/24/2016,PWK,IL,AGL,CE,Towers with Radar,0,33,47,0,80,0,0,99,0,99,0,33,146,0,179,36,0,36,215
07/25/2016,PWK,IL,AGL,CE,Towers with Radar,1,36,86,0,123,0,0,137,0,137,1,36,223,0,260,132,0,132,392
07/26/2016,PWK,IL,AGL,CE,Towers with Radar,0,51,87,0,138,0,0,103,0,103,0,51,190,0,241,44,0,44,285
07/27/2016,PWK,IL,AGL,CE,Towers with Radar,0,30,82,0,112,0,0,105,0,105,0,30,187,0,217,58,0,58,275
07/28/2016,PWK,IL,AGL,CE,Towers with Radar,0,48,97,0,145,0,0,50,0,50,0,48,147,0,195,14,0,14,209
07/29/2016,PWK,IL,AGL,CE,Towers with Radar,0,51,129,0,180,0,0,34,0,34,0,51,163,0,214,43,0,43,257
07/30/2016,PWK,IL,AGL,CE,Towers with Radar,0,0,0,0,0,0,0,4,0,4,0,0,4,0,4,0,0,0,4
07/31/2016,PWK,IL,AGL,CE,Towers with Radar,0,1,14,0,15,0,0,20,1,21,0,1,34,1,36,0,0,0,36
08/01/2016,PWK,IL,AGL,CE,Towers with Radar,1,55,70,0,126,0,0,165,1,166,1,55,235,1,292,54,0,54,346
08/02/2016,PWK,IL,AGL,CE,Towers with Radar,0,32,74,0,106,0,0,109,0,109,0,32,183,0,215,38,0,38,253
08/03/2016,PWK,IL,AGL,CE,Towers with Radar,0,36,81,0,117,0,0,116,0,116,0,36,197,0,233,86,0,86,319
08/04/2016,PWK,IL,AGL,CE,Towers with Radar,0,40,75,0,115,0,0,114,0,114,0,40,189,0,229,62,0,62,291
08/05/2016,PWK,IL,AGL,CE,Towers with Radar,1,46,70,0,117,0,0,115,0,115,1,46,185,0,232,58,0,58,290
08/06/2016,PWK,IL,AGL,CE,Towers with Radar,0,0,0,0,0,0,0,13,0,13,0,0,13,0,13,0,0,0,13
08/07/2016,PWK,IL,AGL,CE,Towers with Radar,0,3,9,0,12,0,0,42,0,42,0,3,51,0,54,4,0,4,58
08/08/2016,PWK,IL,AGL,CE,Towers with Radar,1,25,85,0,111,0,0,115,0,115,1,25,200,0,226,98,0,98,324
08/09/2016,PWK,IL,AGL,CE,Towers with Radar,0,40,80,0,120,0,0,105,0,105,0,40,185,0,225,56,0,56,281
08/10/2016,PWK,IL,AGL,CE,Towers with Radar,0,46,98,0,144,0,0,97,0,97,0,46,195,0,241,90,0,90,331
08/11/2016,PWK,IL,AGL,CE,Towers with Radar,0,37,75,0,112,0,0,63,0,63,0,37,138,0,175,34,0,34,209
08/12/2016,PWK,IL,AGL,CE,Towers with Radar,0,44,83,0,127,0,0,9,0,9,0,44,92,0,136,6,0,6,142
08/13/2016,PWK,IL,AGL,CE,Towers with Radar,0,25,24,0,49,0,0,94,0,94,0,25,118,0,143,34,0,34,177
08/14/2016,PWK,IL,AGL,CE,Towers with Radar,0,22,59,0,81,0,0,124,0,124,0,22,183,0,205,116,0,116,321
08/15/2016,PWK,IL,AGL,CE,Towers with Radar,0,30,71,2,103,0,0,23,0,23,0,30,94,2,126,54,0,54,180
08/16/2016,PWK,IL,AGL,CE,Towers with Radar,0,44,57,0,101,0,0,82,0,82,0,44,139,0,183,85,0,85,268
08/17/2016,PWK,IL,AGL,CE,Towers with Radar,0,52,78,0,130,0,1,75,0,76,0,53,153,0,206,174,0,174,380
08/18/2016,PWK,IL,AGL,CE,Towers with Radar,1,39,100,0,140,0,0,65,0,65,1,39,165,0,205,104,0,104,309
08/19/2016,PWK,IL,AGL,CE,Towers with Radar,0,33,80,0,113,0,0,66,0,66,0,33,146,0,179,94,0,94,273
08/20/2016,PWK,IL,AGL,CE,Towers with Radar,0,10,29,0,39,0,0,27,0,27,0,10,56,0,66,22,0,22,88
08/21/2016,PWK,IL,AGL,CE,Towers with Radar,0,12,63,0,75,0,3,144,0,147,0,15,207,0,222,102,0,102,324
08/22/2016,PWK,IL,AGL,CE,Towers with Radar,1,40,72,0,113,0,0,101,0,101,1,40,173,0,214,84,0,84,298
08/23/2016,PWK,IL,AGL,CE,Towers with Radar,0,30,63,0,93,0,0,96,0,96,0,30,159,0,189,88,0,88,277
08/24/2016,PWK,IL,AGL,CE,Towers with Radar,0,21,67,0,88,0,0,27,0,27,0,21,94,0,115,0,0,0,115
08/25/2016,PWK,IL,AGL,CE,Towers with Radar,0,33,77,0,110,0,0,67,0,67,0,33,144,0,177,52,0,52,229
08/26/2016,PWK,IL,AGL,CE,Towers with Radar,0,18,70,0,88,0,0,130,0,130,0,18,200,0,218,72,0,72,290
08/27/2016,PWK,IL,AGL,CE,Towers with Radar,0,8,27,0,35,0,1,25,0,26,0,9,52,0,61,74,0,74,135
08/28/2016,PWK,IL,AGL,CE,Towers with Radar,0,20,60,0,80,0,0,98,0,98,0,20,158,0,178,80,0,80,258
08/29/2016,PWK,IL,AGL,CE,Towers with Radar,0,33,53,0,86,0,0,43,0,43,0,33,96,0,129,37,0,37,166
08/30/2016,PWK,IL,AGL,CE,Towers with Radar,0,27,60,0,87,0,0,45,0,45,0,27,105,0,132,108,0,108,240
08/31/2016,PWK,IL,AGL,CE,Towers with Radar,1,26,54,0,81,0,1,105,0,106,1,27,159,0,187,68,0,68,255
09/01/2016,PWK,IL,AGL,CE,Towers with Radar,0,28,74,0,102,0,0,85,0,85,0,28,159,0,187,66,0,66,253
09/02/2016,PWK,IL,AGL,CE,Towers with Radar,0,33,88,0,121,0,0,83,0,83,0,33,171,0,204,89,0,89,293
09/03/2016,PWK,IL,AGL,CE,Towers with Radar,0,27,50,0,77,0,0,129,0,129,0,27,179,0,206,70,0,70,276
09/04/2016,PWK,IL,AGL,CE,Towers with Radar,0,26,30,0,56,0,0,88,0,88,0,26,118,0,144,117,0,117,261
09/05/2016,PWK,IL,AGL,CE,Towers with Radar,0,31,98,0,129,0,0,61,0,61,0,31,159,0,190,24,0,24,214
09/06/2016,PWK,IL,AGL,CE,Towers with Radar,0,39,84,2,125,0,0,67,0,67,0,39,151,2,192,58,0,58,250
09/07/2016,PWK,IL,AGL,CE,Towers with Radar,0,40,82,0,122,0,0,26,0,26,0,40,108,0,148,22,0,22,170
09/08/2016,PWK,IL,AGL,CE,Towers with Radar,1,46,92,0,139,0,0,56,0,56,1,46,148,0,195,121,0,121,316
09/09/2016,PWK,IL,AGL,CE,Towers with Radar,0,52,76,0,128,0,1,56,0,57,0,53,132,0,185,124,0,124,309
09/10/2016,PWK,IL,AGL,CE,Towers with Radar,0,5,19,0,24,0,0,48,0,48,0,5,67,0,72,14,0,14,86
09/11/2016,PWK,IL,AGL,CE,Towers with Radar,0,22,41,0,63,0,0,182,0,182,0,22,223,0,245,104,0,104,349
09/12/2016,PWK,IL,AGL,CE,Towers with Radar,0,46,60,0,106,0,0,72,0,72,0,46,132,0,178,82,0,82,260
09/13/2016,PWK,IL,AGL,CE,Towers with Radar,0,29,63,0,92,0,0,70,0,70,0,29,133,0,162,28,0,28,190
09/14/2016,PWK,IL,AGL,CE,Towers with Radar,1,33,116,0,150,0,1,79,0,80,1,34,195,0,230,52,0,52,282
09/15/2016,PWK,IL,AGL,CE,Towers with Radar,0,46,77,0,123,0,0,92,0,92,0,46,169,0,215,46,0,46,261
09/16/2016,PWK,IL,AGL,CE,Towers with Radar,0,39,76,0,115,0,0,35,0,35,0,39,111,0,150,28,0,28,178
09/17/2016,PWK,IL,AGL,CE,Towers with Radar,0,0,0,0,0,0,0,2,0,2,0,0,2,0,2,0,0,0,2
09/18/2016,PWK,IL,AGL,CE,Towers with Radar,0,2,8,0,10,0,0,13,0,13,0,2,21,0,23,0,0,0,23
09/19/2016,PWK,IL,AGL,CE,Towers with Radar,0,31,68,0,99,0,0,71,0,71,0,31,139,0,170,80,0,80,250
09/20/2016,PWK,IL,AGL,CE,Towers with Radar,0,40,57,0,97,0,0,122,0,122,0,40,179,0,219,102,0,102,321
09/21/2016,PWK,IL,AGL,CE,Towers with Radar,0,48,85,0,133,0,1,24,0,25,0,49,109,0,158,10,0,10,168
09/22/2016,PWK,IL,AGL,CE,Towers with Radar,0,40,91,0,131,0,0,69,0,69,0,40,160,0,200,134,0,134,334
09/23/2016,PWK,IL,AGL,CE,Towers with Radar,0,48,115,0,163,0,1,45,0,46,0,49,160,0,209,65,0,65,274
09/24/2016,PWK,IL,AGL,CE,Towers with Radar,0,33,83,0,116,0,0,31,0,31,0,33,114,0,147,119,0,119,266
09/25/2016,PWK,IL,AGL,CE,Towers with Radar,0,43,85,0,128,0,0,88,0,88,0,43,173,0,216,54,0,54,270
09/26/2016,PWK,IL,AGL,CE,Towers with Radar,0,20,60,0,80,0,0,69,0,69,0,20,129,0,149,44,0,44,193
09/27/2016,PWK,IL,AGL,CE,Towers with Radar,0,34,85,2,121,0,0,102,0,102,0,34,187,2,223,34,0,34,257
09/28/2016,PWK,IL,AGL,CE,Towers with Radar,0,25,57,0,82,0,1,58,0,59,0,26,115,0,141,10,0,10,151
09/29/2016,PWK,IL,AGL,CE,Towers with Radar,0,52,80,0,132,0,0,36,0,36,0,52,116,0,168,0,0,0,168
09/30/2016,PWK,IL,AGL,CE,Towers with Radar,0,34,95,0,129,0,0,5,0,5,0,34,100,0,134,0,0,0,134
10/01/2016,PWK,IL,AGL,CE,Towers with Radar,0,25,54,0,79,0,0,1,0,1,0,25,55,0,80,4,0,4,84
10/02/2016,PWK,IL,AGL,CE,Towers with Radar,0,40,85,0,125,0,0,27,0,27,0,40,112,0,152,48,0,48,200
10/03/2016,PWK,IL,AGL,CE,Towers with Radar,0,37,62,0,99,0,1,83,0,84,0,38,145,0,183,92,0,92,275
10/04/2016,PWK,IL,AGL,CE,Towers with Radar,0,47,67,0,114,0,0,115,0,115,0,47,182,0,229,118,0,118,347
10/05/2016,PWK,IL,AGL,CE,Towers with Radar,0,52,94,0,146,0,0,65,0,65,0,52,159,0,211,60,0,60,271
10/06/2016,PWK,IL,AGL,CE,Towers with Radar,0,46,76,0,122,0,0,5,0,5,0,46,81,0,127,0,0,0,127
10/07/2016,PWK,IL,AGL,CE,Towers with Radar,1,46,80,1,128,0,23,72,0,95,1,69,152,1,223,14,0,14,237
10/08/2016,PWK,IL,AGL,CE,Towers with Radar,0,31,76,0,107,0,4,37,0,41,0,35,113,0,148,0,0,0,148
10/09/2016,PWK,IL,AGL,CE,Towers with Radar,0,52,108,0,160,0,0,50,0,50,0,52,158,0,210,32,0,32,242
10/10/2016,PWK,IL,AGL,CE,Towers with Radar,0,29,64,0,93,0,0,122,0,122,0,29,186,0,215,72,0,72,287
10/11/2016,PWK,IL,AGL,CE,Towers with Radar,0,45,61,0,106,0,0,68,0,68,0,45,129,0,174,40,0,40,214
10/12/2016,PWK,IL,AGL,CE,Towers with Radar,0,53,52,0,105,0,0,28,0,28,0,53,80,0,133,0,0,0,133
10/13/2016,PWK,IL,AGL,CE,Towers with Radar,0,48,106,0,154,0,0,99,0,99,0,48,205,0,253,42,0,42,295
10/14/2016,PWK,IL,AGL,CE,Towers with Radar,0,50,81,0,131,0,0,90,0,90,0,50,171,0,221,82,0,82,303
10/15/2016,PWK,IL,AGL,CE,Towers with Radar,0,27,53,0,80,0,0,9,0,9,0,27,62,0,89,24,0,24,113
10/16/2016,PWK,IL,AGL,CE,Towers with Radar,0,54,83,0,137,0,0,0,0,0,0,54,83,0,137,90,0,90,227
10/17/2016,PWK,IL,AGL,CE,Towers with Radar,0,45,73,0,118,0,0,37,0,37,0,45,110,0,155,12,0,12,167
10/18/2016,PWK,IL,AGL,CE,Towers with Radar,0,43,60,0,103,0,1,105,0,106,0,44,165,0,209,76,0,76,285
10/19/2016,PWK,IL,AGL,CE,Towers with Radar,0,57,74,0,131,0,0,109,0,109,0,57,183,0,240,38,0,38,278
10/20/2016,PWK,IL,AGL,CE,Towers with Radar,0,49,112,0,161,0,0,52,0,52,0,49,164,0,213,44,0,44,257
10/21/2016,PWK,IL,AGL,CE,Towers with Radar,0,38,76,0,114,0,1,141,0,142,0,39,217,0,256,50,0,50,306
10/22/2016,PWK,IL,AGL,CE,Towers with Radar,0,41,46,0,87,0,0,163,0,163,0,41,209,0,250,57,0,57,307
10/23/2016,PWK,IL,AGL,CE,Towers with Radar,0,49,65,0,114,0,0,124,0,124,0,49,189,0,238,32,0,32,270
10/24/2016,PWK,IL,AGL,CE,Towers with Radar,0,45,54,0,99,0,1,101,0,102,0,46,155,0,201,83,0,83,284
10/25/2016,PWK,IL,AGL,CE,Towers with Radar,0,61,91,0,152,0,0,89,0,89,0,61,180,0,241,84,0,84,325
10/26/2016,PWK,IL,AGL,CE,Towers with Radar,0,52,71,0,123,0,0,1,0,1,0,52,72,0,124,0,0,0,124
10/27/2016,PWK,IL,AGL,CE,Towers with Radar,0,46,83,1,130,0,5,56,0,61,0,51,139,1,191,56,0,56,247
10/28/2016,PWK,IL,AGL,CE,Towers with Radar,0,56,111,0,167,0,0,47,0,47,0,56,158,0,214,16,0,16,230
10/29/2016,PWK,IL,AGL,CE,Towers with Radar,0,42,61,0,103,0,1,74,0,75,0,43,135,0,178,76,0,76,254
10/30/2016,PWK,IL,AGL,CE,Towers with Radar,0,43,88,0,131,0,0,71,0,71,0,43,159,0,202,80,0,80,282
10/31/2016,PWK,IL,AGL,CE,Towers with Radar,0,22,48,0,70,0,0,57,0,57,0,22,105,0,127,120,0,120,247
11/01/2016,PWK,IL,AGL,CE,Towers with Radar,1,60,71,0,132,0,0,86,0,86,1,60,157,0,218,38,0,38,256
11/02/2016,PWK,IL,AGL,CE,Towers with Radar,0,77,115,0,192,0,0,2,0,2,0,77,117,0,194,0,0,0,194
11/03/2016,PWK,IL,AGL,CE,Towers with Radar,0,40,83,0,123,0,0,43,0,43,0,40,126,0,166,46,0,46,212
11/04/2016,PWK,IL,AGL,CE,Towers with Radar,0,36,79,0,115,0,0,97,0,97,0,36,176,0,212,100,0,100,312
11/05/2016,PWK,IL,AGL,CE,Towers with Radar,0,29,40,0,69,0,0,172,0,172,0,29,212,0,241,62,0,62,303
11/06/2016,PWK,IL,AGL,CE,Towers with Radar,0,32,64,0,96,0,0,149,0,149,0,32,213,0,245,88,0,88,333
11/07/2016,PWK,IL,AGL,CE,Towers with Radar,0,33,52,0,85,0,0,89,0,89,0,33,141,0,174,90,0,90,264
11/08/2016,PWK,IL,AGL,CE,Towers with Radar,0,29,52,0,81,0,0,82,0,82,0,29,134,0,163,36,0,36,199
11/09/2016,PWK,IL,AGL,CE,Towers with Radar,0,41,62,0,103,0,0,90,0,90,0,41,152,0,193,64,0,64,257
11/10/2016,PWK,IL,AGL,CE,Towers with Radar,0,39,66,0,105,0,0,53,3,56,0,39,119,3,161,22,0,22,183
11/11/2016,PWK,IL,AGL,CE,Towers with Radar,0,43,59,0,102,0,1,71,0,72,0,44,130,0,174,44,0,44,218
11/12/2016,PWK,IL,AGL,CE,Towers with Radar,0,17,31,0,48,0,0,136,0,136,0,17,167,0,184,54,0,54,238
11/13/2016,PWK,IL,AGL,CE,Towers with Radar,0,44,52,0,96,0,0,115,0,115,0,44,167,0,211,18,0,18,229
11/14/2016,PWK,IL,AGL,CE,Towers with Radar,0,32,74,0,106,0,0,68,0,68,0,32,142,0,174,112,0,112,286
11/15/2016,PWK,IL,AGL,CE,Towers with Radar,0,36,64,0,100,0,0,22,0,22,0,36,86,0,122,38,0,38,160
11/16/2016,PWK,IL,AGL,CE,Towers with Radar,0,39,55,0,94,0,1,68,0,69,0,40,123,0,163,70,0,70,233
11/17/2016,PWK,IL,AGL,CE,Towers with Radar,0,30,92,2,124,0,0,41,0,41,0,30,133,2,165,30,0,30,195
11/18/2016,PWK,IL,AGL,CE,Towers with Radar,0,31,56,0,87,0,0,23,0,23,0,31,79,0,110,22,0,22,132
11/19/2016,PWK,IL,AGL,CE,Towers with Radar,2,54,48,0,104,0,1,29,0,30,2,55,77,0,134,0,0,0,134
11/20/2016,PWK,IL,AGL,CE,Towers with Radar,0,25,32,0,57,0,3,121,0,124,0,28,153,0,181,0,0,0,181
11/21/2016,PWK,IL,AGL,CE,Towers with Radar,0,25,58,0,83,0,0,82,0,82,0,25,140,0,165,78,0,78,243
11/22/2016,PWK,IL,AGL,CE,Towers with Radar,0,57,89,0,146,0,0,59,0,59,0,57,148,0,205,88,0,88,293
11/23/2016,PWK,IL,AGL,CE,Towers with Radar,0,46,72,0,118,0,0,0,0,0,0,46,72,0,118,0,0,0,118
11/24/2016,PWK,IL,AGL,CE,Towers with Radar,0,12,17,0,29,0,0,7,0,7,0,12,24,0,36,6,0,6,42
11/25/2016,PWK,IL,AGL,CE,Towers with Radar,0,26,30,0,56,0,1,26,0,27,0,27,56,0,83,103,0,103,186
11/26/2016,PWK,IL,AGL,CE,Towers with Radar,0,41,56,0,97,0,0,90,0,90,0,41,146,0,187,120,0,120,307
11/27/2016,PWK,IL,AGL,CE,Towers with Radar,0,70,93,0,163,0,0,0,0,0,0,70,93,0,163,0,0,0,163
11/28/2016,PWK,IL,AGL,CE,Towers with Radar,0,27,40,0,67,0,0,0,0,0,0,27,40,0,67,0,0,0,67
11/29/2016,PWK,IL,AGL,CE,Towers with Radar,0,39,66,0,105,0,0,74,0,74,0,39,140,0,179,30,0,30,209
11/30/2016,PWK,IL,AGL,CE,Towers with Radar,0,32,65,0,97,0,0,35,0,35,0,32,100,0,132,50,0,50,182
12/01/2016,PWK,IL,AGL,CE,Towers with Radar,0,36,72,0,108,0,0,23,0,23,0,36,95,0,131,16,0,16,147
12/02/2016,PWK,IL,AGL,CE,Towers with Radar,0,41,50,0,91,0,2,74,0,76,0,43,124,0,167,104,0,104,271
12/03/2016,PWK,IL,AGL,CE,Towers with Radar,0,27,26,0,53,0,1,86,0,87,0,28,112,0,140,132,0,132,272
12/04/2016,PWK,IL,AGL,CE,Towers with Radar,0,14,23,0,37,0,0,1,0,1,0,14,24,0,38,0,0,0,38
12/05/2016,PWK,IL,AGL,CE,Towers with Radar,0,39,40,0,79,0,0,0,0,0,0,39,40,0,79,0,0,0,79
12/06/2016,PWK,IL,AGL,CE,Towers with Radar,0,33,63,0,96,0,0,14,0,14,0,33,77,0,110,32,0,32,142
12/07/2016,PWK,IL,AGL,CE,Towers with Radar,0,58,51,0,109,0,0,48,0,48,0,58,99,0,157,10,0,10,167
12/08/2016,PWK,IL,AGL,CE,Towers with Radar,0,46,82,0,128,0,1,50,0,51,0,47,132,0,179,0,0,0,179
12/09/2016,PWK,IL,AGL,CE,Towers with Radar,0,38,54,0,92,0,4,81,0,85,0,42,135,0,177,92,0,92,269
12/10/2016,PWK,IL,AGL,CE,Towers with Radar,0,21,46,0,67,0,0,55,0,55,0,21,101,0,122,76,0,76,198
12/11/2016,PWK,IL,AGL,CE,Towers with Radar,0,24,23,0,47,0,0,0,0,0,0,24,23,0,47,0,0,0,47
12/12/2016,PWK,IL,AGL,CE,Towers with Radar,0,39,58,0,97,0,0,29,0,29,0,39,87,0,126,4,0,4,130
12/13/2016,PWK,IL,AGL,CE,Towers with Radar,0,32,39,0,71,0,0,70,0,70,0,32,109,0,141,20,0,20,161
12/14/2016,PWK,IL,AGL,CE,Towers with Radar,1,34,54,0,89,0,1,62,0,63,1,35,116,0,152,0,0,0,152
12/15/2016,PWK,IL,AGL,CE,Towers with Radar,0,27,63,0,90,0,0,42,0,42,0,27,105,0,132,0,0,0,132
12/16/2016,PWK,IL,AGL,CE,Towers with Radar,0,30,71,0,101,0,0,11,0,11,0,30,82,0,112,58,0,58,170
12/17/2016,PWK,IL,AGL,CE,Towers with Radar,0,12,12,0,24,0,0,8,0,8,0,12,20,0,32,12,0,12,44
12/18/2016,PWK,IL,AGL,CE,Towers with Radar,0,27,38,0,65,0,4,26,0,30,0,31,64,0,95,0,0,0,95
12/19/2016,PWK,IL,AGL,CE,Towers with Radar,0,20,56,0,76,0,0,25,0,25,0,20,81,0,101,2,0,2,103
12/20/2016,PWK,IL,AGL,CE,Towers with Radar,0,26,55,0,81,0,0,22,0,22,0,26,77,0,103,8,0,8,111
12/21/2016,PWK,IL,AGL,CE,Towers with Radar,1,24,58,0,83,0,0,51,0,51,1,24,109,0,134,36,0,36,170
12/22/2016,PWK,IL,AGL,CE,Towers with Radar,0,19,35,0,54,0,1,72,0,73,0,20,107,0,127,47,0,47,174
12/23/2016,PWK,IL,AGL,CE,Towers with Radar,0,22,37,0,59,0,0,25,0,25,0,22,62,0,84,93,0,93,177
12/24/2016,PWK,IL,AGL,CE,Towers with Radar,0,14,15,0,29,0,0,2,0,2,0,14,17,0,31,21,0,21,52
12/25/2016,PWK,IL,AGL,CE,Towers with Radar,0,22,7,0,29,0,0,0,0,0,0,22,7,0,29,0,0,0,29
12/26/2016,PWK,IL,AGL,CE,Towers with Radar,0,45,55,0,100,0,0,21,0,21,0,45,76,0,121,10,0,10,131
12/27/2016,PWK,IL,AGL,CE,Towers with Radar,0,51,44,0,95,0,0,43,0,43,0,51,87,0,138,38,0,38,176
12/28/2016,PWK,IL,AGL,CE,Towers with Radar,0,35,30,0,65,0,0,34,0,34,0,35,64,0,99,12,0,12,111
12/29/2016,PWK,IL,AGL,CE,Towers with Radar,0,19,13,0,32,0,5,13,0,18,0,24,26,0,50,4,0,4,54
12/30/2016,PWK,IL,AGL,CE,Towers with Radar,0,20,34,0,54,0,0,76,1,77,0,20,110,1,131,49,0,49,180
12/31/2016,PWK,IL,AGL,CE,Towers with Radar,0,17,21,0,38,0,2,30,1,33,0,19,51,1,71,24,0,24,95
01/01/2017,PWK,IL,AGL,CE,Towers with Radar,0,30,26,0,56,0,0,48,0,48,0,30,74,0,104,70,0,70,174
01/02/2017,PWK,IL,AGL,CE,Towers with Radar,0,45,77,0,122,0,0,4,0,4,0,45,81,0,126,44,0,44,170
01/03/2017,PWK,IL,AGL,CE,Towers with Radar,0,20,37,0,57,0,0,3,0,3,0,20,40,0,60,0,0,0,60
01/04/2017,PWK,IL,AGL,CE,Towers with Radar,0,25,44,0,69,0,0,48,0,48,0,25,92,0,117,14,0,14,131
01/05/2017,PWK,IL,AGL,CE,Towers with Radar,0,25,39,0,64,0,2,38,0,40,0,27,77,0,104,54,0,54,158
01/06/2017,PWK,IL,AGL,CE,Towers with Radar,0,37,61,0,98,0,5,23,0,28,0,42,84,0,126,18,0,18,144
01/07/2017,PWK,IL,AGL,CE,Towers with Radar,0,24,25,0,49,0,1,72,0,73,0,25,97,0,122,46,0,46,168
01/08/2017,PWK,IL,AGL,CE,Towers with Radar,0,39,41,0,80,0,0,56,0,56,0,39,97,0,136,44,0,44,180
01/09/2017,PWK,IL,AGL,CE,Towers with Radar,0,36,42,0,78,0,0,26,0,26,0,36,68,0,104,30,0,30,134
01/10/2017,PWK,IL,AGL,CE,Towers with Radar,0,19,34,0,53,0,0,0,0,0,0,19,34,0,53,0,0,0,53
01/11/2017,PWK,IL,AGL,CE,Towers with Radar,0,21,50,0,71,0,0,1,0,1,0,21,51,0,72,36,0,36,108
01/12/2017,PWK,IL,AGL,CE,Towers with Radar,0,43,51,0,94,0,6,14,0,20,0,49,65,0,114,18,0,18,132
01/13/2017,PWK,IL,AGL,CE,Towers with Radar,0,26,50,0,76,0,2,44,0,46,0,28,94,0,122,86,0,86,208
01/14/2017,PWK,IL,AGL,CE,Towers with Radar,0,16,21,0,37,0,1,69,0,70,0,17,90,0,107,84,0,84,191
01/15/2017,PWK,IL,AGL,CE,Towers with Radar,0,15,42,0,57,0,0,73,0,73,0,15,115,0,130,90,0,90,220
01/16/2017,PWK,IL,AGL,CE,Towers with Radar,0,11,32,0,43,0,0,0,0,0,0,11,32,0,43,0,0,0,43
01/17/2017,PWK,IL,AGL,CE,Towers with Radar,0,38,52,2,92,0,0,0,0,0,0,38,52,2,92,0,0,0,92
01/18/2017,PWK,IL,AGL,CE,Towers with Radar,0,34,68,0,102,0,1,3,0,4,0,35,71,0,106,0,0,0,106
01/19/2017,PWK,IL,AGL,CE,Towers with Radar,0,43,90,0,133,0,0,3,0,3,0,43,93,0,136,0,0,0,136
01/20/2017,PWK,IL,AGL,CE,Towers with Radar,0,23,57,0,80,0,0,0,0,0,0,23,57,0,80,0,0,0,80
01/21/2017,PWK,IL,AGL,CE,Towers with Radar,0,25,38,0,63,0,0,53,0,53,0,25,91,0,116,74,0,74,190
01/22/2017,PWK,IL,AGL,CE,Towers with Radar,0,24,71,0,95,0,0,2,0,2,0,24,73,0,97,44,0,44,141
01/23/2017,PWK,IL,AGL,CE,Towers with Radar,0,18,54,0,72,0,0,16,0,16,0,18,70,0,88,12,0,12,100
01/24/2017,PWK,IL,AGL,CE,Towers with Radar,0,34,58,0,92,0,1,2,0,3,0,35,60,0,95,64,0,64,159
01/25/2017,PWK,IL,AGL,CE,Towers with Radar,0,31,49,0,80,0,0,0,0,0,0,31,49,0,80,0,0,0,80
01/26/2017,PWK,IL,AGL,CE,Towers with Radar,0,33,60,0,93,0,3,16,0,19,0,36,76,0,112,20,0,20,132
01/27/2017,PWK,IL,AGL,CE,Towers with Radar,0,43,39,0,82,0,2,33,0,35,0,45,72,0,117,40,0,40,157
01/28/2017,PWK,IL,AGL,CE,Towers with Radar,0,14,21,0,35,0,2,15,0,17,0,16,36,0,52,36,0,36,88
01/29/2017,PWK,IL,AGL,CE,Towers with Radar,0,18,38,0,56,0,1,32,0,33,0,19,70,0,89,43,0,43,132
01/30/2017,PWK,IL,AGL,CE,Towers with Radar,0,46,47,0,93,0,0,40,0,40,0,46,87,0,133,46,0,46,179
01/31/2017,PWK,IL,AGL,CE,Towers with Radar,0,23,40,0,63,0,3,24,0,27,0,26,64,0,90,10,0,10,100
02/01/2017,PWK,IL,AGL,CE,Towers with Radar,0,33,54,0,87,0,2,33,0,35,0,35,87,0,122,50,0,50,172
02/02/2017,PWK,IL,AGL,CE,Towers with Radar,0,43,58,0,101,0,2,72,0,74,0,45,130,0,175,45,0,45,220
02/03/2017,PWK,IL,AGL,CE,Towers with Radar,0,29,42,0,71,0,4,82,1,87,0,33,124,1,158,98,0,98,256
02/04/2017,PWK,IL,AGL,CE,Towers with Radar,0,15,36,0,51,0,0,55,0,55,0,15,91,0,106,64,0,64,170
02/05/2017,PWK,IL,AGL,CE,Towers with Radar,0,28,33,0,61,0,0,53,0,53,0,28,86,0,114,60,0,60,174
02/06/2017,PWK,IL,AGL,CE,Towers with Radar,0,30,59,0,89,0,0,47,0,47,0,30,106,0,136,72,0,72,208
02/07/2017,PWK,IL,AGL,CE,Towers with Radar,0,29,35,0,64,0,0,0,0,0,0,29,35,0,64,0,0,0,64
02/08/2017,PWK,IL,AGL,CE,Towers with Radar,0,28,49,0,77,0,1,43,0,44,0,29,92,0,121,58,0,58,179
02/09/2017,PWK,IL,AGL,CE,Towers with Radar,0,47,70,0,117,0,3,64,0,67,0,50,134,0,184,4,0,4,188
02/10/2017,PWK,IL,AGL,CE,Towers with Radar,0,53,58,0,111,0,2,7,0,9,0,55,65,0,120,8,0,8,128
02/11/2017,PWK,IL,AGL,CE,Towers with Radar,0,22,39,0,61,0,0,83,0,83,0,22,122,0,144,61,0,61,205
02/12/2017,PWK,IL,AGL,CE,Towers with Radar,0,15,34,0,49,0,14,37,0,51,0,29,71,0,100,34,0,34,134
02/13/2017,PWK,IL,AGL,CE,Towers with Radar,0,42,49,0,91,0,0,68,0,68,0,42,117,0,159,44,0,44,203
02/14/2017,PWK,IL,AGL,CE,Towers with Radar,0,25,35,2,62,0,5,63,0,68,0,30,98,2,130,32,0,32,162
02/15/2017,PWK,IL,AGL,CE,Towers with Radar,0,47,47,0,94,0,1,75,0,76,0,48,122,0,170,68,0,68,238
02/16/2017,PWK,IL,AGL,CE,Towers with Radar,0,44,85,0,129,0,2,40,0,42,0,46,125,0,171,52,0,52,223
02/17/2017,PWK,IL,AGL,CE,Towers with Radar,0,49,90,0,139,0,0,76,0,76,0,49,166,0,215,90,0,90,305
02/18/2017,PWK,IL,AGL,CE,Towers with Radar,0,16,26,0,42,0,0,117,0,117,0,16,143,0,159,106,0,106,265
02/19/2017,PWK,IL,AGL,CE,Towers with Radar,0,16,37,0,53,0,0,108,0,108,0,16,145,0,161,95,0,95,256
02/20/2017,PWK,IL,AGL,CE,Towers with Radar,0,41,63,0,104,0,0,22,0,22,0,41,85,0,126,90,0,90,216
02/21/2017,PWK,IL,AGL,CE,Towers with Radar,0,37,78,0,115,0,0,24,0,24,0,37,102,0,139,24,0,24,163
02/22/2017,PWK,IL,AGL,CE,Towers with Radar,0,45,65,2,112,0,0,28,0,28,0,45,93,2,140,24,0,24,164
02/23/2017,PWK,IL,AGL,CE,Towers with Radar,0,40,67,1,108,0,1,26,0,27,0,41,93,1,135,16,0,16,151
02/24/2017,PWK,IL,AGL,CE,Towers with Radar,0,26,44,0,70,0,0,0,0,0,0,26,44,0,70,0,0,0,70
02/25/2017,PWK,IL,AGL,CE,Towers with Radar,0,11,23,0,34,0,5,27,1,33,0,16,50,1,67,36,0,36,103
02/26/2017,PWK,IL,AGL,CE,Towers with Radar,0,31,45,0,76,0,0,23,0,23,0,31,68,0,99,0,0,0,99
02/27/2017,PWK,IL,AGL,CE,Towers with Radar,0,26,45,0,71,0,1,54,0,55,0,27,99,0,126,70,0,70,196
02/28/2017,PWK,IL,AGL,CE,Towers with Radar,0,32,61,0,93,0,0,0,0,0,0,32,61,0,93,0,0,0,93
03/01/2017,PWK,IL,AGL,CE,Towers with Radar,0,41,51,0,92,0,2,15,0,17,0,43,66,0,109,0,0,0,109
03/02/2017,PWK,IL,AGL,CE,Towers with Radar,0,30,66,0,96,0,2,50,0,52,0,32,116,0,148,64,0,64,212
03/03/2017,PWK,IL,AGL,CE,Towers with Radar,0,37,67,1,105,0,4,70,3,77,0,41,137,4,182,50,0,50,232
03/04/2017,PWK,IL,AGL,CE,Towers with Radar,0,28,34,0,62,0,0,45,0,45,0,28,79,0,107,120,0,120,227
03/05/2017,PWK,IL,AGL,CE,Towers with Radar,0,28,59,0,87,0,0,67,0,67,0,28,126,0,154,96,0,96,250
03/06/2017,PWK,IL,AGL,CE,Towers with Radar,1,33,73,0,107,0,0,1,0,1,1,33,74,0,108,7,0,7,115
03/07/2017,PWK,IL,AGL,CE,Towers with Radar,0,24,61,0,85,0,1,11,0,12,0,25,72,0,97,0,0,0,97
03/08/2017,PWK,IL,AGL,CE,Towers with Radar,0,19,28,0,47,0,6,21,0,27,0,25,49,0,74,0,0,0,74
03/09/2017,PWK,IL,AGL,CE,Towers with Radar,0,41,60,1,102,0,0,36,0,36,0,41,96,1,138,128,0,128,266
03/10/2017,PWK,IL,AGL,CE,Towers with Radar,0,36,46,1,83,0,1,58,0,59,0,37,104,1,142,55,0,55,197
03/11/2017,PWK,IL,AGL,CE,Towers with Radar,0,20,38,0,58,0,1,89,0,90,0,21,127,0,148,167,0,167,315
03/12/2017,PWK,IL,AGL,CE,Towers with Radar,0,22,36,0,58,0,0,78,0,78,0,22,114,0,136,88,0,88,224
03/13/2017,PWK,IL,AGL,CE,Towers with Radar,0,22,39,0,61,0,0,1,0,1,0,22,40,0,62,0,0,0,62
03/14/2017,PWK,IL,AGL,CE,Towers with Radar,0,19,43,0,62,0,3,8,0,11,0,22,51,0,73,0,0,0,73
03/15/2017,PWK,IL,AGL,CE,Towers with Radar,0,30,53,0,83,0,4,79,0,83,0,34,132,0,166,82,0,82,248
03/16/2017,PWK,IL,AGL,CE,Towers with Radar,0,46,68,0,114,0,0,38,0,38,0,46,106,0,152,76,0,76,228
03/17/2017,PWK,IL,AGL,CE,Towers with Radar,0,47,48,0,95,0,0,7,0,7,0,47,55,0,102,6,0,6,108
03/18/2017,PWK,IL,AGL,CE,Towers with Radar,0,24,39,0,63,0,4,30,0,34,0,28,69,0,97,134,0,134,231
03/19/2017,PWK,IL,AGL,CE,Towers with Radar,0,29,56,1,86,0,0,119,0,119,0,29,175,1,205,148,0,148,353
03/20/2017,PWK,IL,AGL,CE,Towers with Radar,0,36,51,1,88,0,0,33,0,33,0,36,84,1,121,40,0,40,161
03/21/2017,PWK,IL,AGL,CE,Towers with Radar,0,32,37,2,71,0,2,56,0,58,0,34,93,2,129,61,0,61,190
03/22/2017,PWK,IL,AGL,CE,Towers with Radar,0,31,59,0,90,0,1,56,0,57,0,32,115,0,147,66,0,66,213
03/23/2017,PWK,IL,AGL,CE,Towers with Radar,0,41,77,0,118,0,0,32,0,32,0,41,109,0,150,108,0,108,258
03/24/2017,PWK,IL,AGL,CE,Towers with Radar,0,40,55,0,95,0,4,27,0,31,0,44,82,0,126,10,0,10,136
03/25/2017,PWK,IL,AGL,CE,Towers with Radar,0,23,30,0,53,0,0,0,0,0,0,23,30,0,53,0,0,0,53
03/26/2017,PWK,IL,AGL,CE,Towers with Radar,0,17,47,0,64,0,0,2,0,2,0,17,49,0,66,32,0,32,98
03/27/2017,PWK,IL,AGL,CE,Towers with Radar,0,30,45,0,75,0,0,0,0,0,0,30,45,0,75,0,0,0,75
03/28/2017,PWK,IL,AGL,CE,Towers with Radar,0,28,44,0,72,0,0,12,0,12,0,28,56,0,84,26,0,26,110
03/29/2017,PWK,IL,AGL,CE,Towers with Radar,0,26,42,0,68,0,0,30,0,30,0,26,72,0,98,70,0,70,168
03/30/2017,PWK,IL,AGL,CE,Towers with Radar,0,25,30,0,55,0,0,0,0,0,0,25,30,0,55,0,0,0,55
03/31/2017,PWK,IL,AGL,CE,Towers with Radar,0,41,53,0,94,0,3,14,0,17,0,44,67,0,111,17,0,17,128
04/01/2017,PWK,IL,AGL,CE,Towers with Radar,0,35,34,0,69,0,0,130,0,130,0,35,164,0,199,98,0,98,297
04/02/2017,PWK,IL,AGL,CE,Towers with Radar,0,42,46,0,88,0,1,60,0,61,0,43,106,0,149,83,0,83,232
04/03/2017,PWK,IL,AGL,CE,Towers with Radar,0,29,43,0,72,0,0,10,0,10,0,29,53,0,82,82,0,82,164
04/04/2017,PWK,IL,AGL,CE,Towers with Radar,0,33,61,1,95,0,1,16,0,17,0,34,77,1,112,58,0,58,170
04/05/2017,PWK,IL,AGL,CE,Towers with Radar,0,31,43,0,74,0,0,0,0,0,0,31,43,0,74,0,0,0,74
04/06/2017,PWK,IL,AGL,CE,Towers with Radar,0,64,70,0,134,0,10,46,0,56,0,74,116,0,190,8,0,8,198
04/07/2017,PWK,IL,AGL,CE,Towers with Radar,1,47,82,0,130,0,7,79,0,86,1,54,161,0,216,50,0,50,266
04/08/2017,PWK,IL,AGL,CE,Towers with Radar,0,28,31,0,59,0,0,97,0,97,0,28,128,0,156,97,0,97,253
04/09/2017,PWK,IL,AGL,CE,Towers with Radar,0,35,35,0,70,0,0,43,0,43,0,35,78,0,113,35,0,35,148
04/10/2017,PWK,IL,AGL,CE,Towers with Radar,0,38,51,0,89,0,0,11,0,11,0,38,62,0,100,0,0,0,100
04/11/2017,PWK,IL,AGL,CE,Towers with Radar,0,44,63,1,108,0,4,45,1,50,0,48,108,2,158,108,0,108,266
04/12/2017,PWK,IL,AGL,CE,Towers with Radar,0,46,76,0,122,0,0,85,0,85,0,46,161,0,207,40,0,40,247
04/13/2017,PWK,IL,AGL,CE,Towers with Radar,0,55,70,1,126,0,0,22,0,22,0,55,92,1,148,15,0,15,163
04/14/2017,PWK,IL,AGL,CE,Towers with Radar,0,33,47,0,80,0,0,52,0,52,0,33,99,0,132,60,0,60,192
04/15/2017,PWK,IL,AGL,CE,Towers with Radar,0,17,26,0,43,0,0,19,0,19,0,17,45,0,62,0,0,0,62
04/16/2017,PWK,IL,AGL,CE,Towers with Radar,0,23,33,0,56,0,6,61,0,67,0,29,94,0,123,28,0,28,151
04/17/2017,PWK,IL,AGL,CE,Towers with Radar,0,40,77,0,117,0,0,84,1,85,0,40,161,1,202,34,0,34,236
04/18/2017,PWK,IL,AGL,CE,Towers with Radar,0,40,71,0,111,0,0,37,0,37,0,40,108,0,148,50,0,50,198
04/19/2017,PWK,IL,AGL,CE,Towers with Radar,1,39,61,0,101,0,2,6,0,8,1,41,67,0,109,30,0,30,139
04/20/2017,PWK,IL,AGL,CE,Towers with Radar,0,38,51,0,89,0,11,20,0,31,0,49,71,0,120,0,0,0,120
04/21/2017,PWK,IL,AGL,CE,Towers with Radar,0,57,82,0,139,0,6,88,0,94,0,63,170,0,233,72,0,72,305
04/22/2017,PWK,IL,AGL,CE,Towers with Radar,0,21,31,0,52,0,5,169,0,174,0,26,200,0,226,44,0,44,270
04/23/2017,PWK,IL,AGL,CE,Towers with Radar,0,40,60,0,100,0,1,119,0,120,0,41,179,0,220,136,0,136,356
04/24/2017,PWK,IL,AGL,CE,Towers with Radar,1,27,59,0,87,0,0,55,0,55,1,27,114,0,142,74,0,74,216
04/25/2017,PWK,IL,AGL,CE,Towers with Radar,0,38,58,0,96,0,0,53,0,53,0,38,111,0,149,20,0,20,169
04/26/2017,PWK,IL,AGL,CE,Towers with Radar,0,27,56,0,83,0,2,9,0,11,0,29,65,0,94,40,0,40,134
04/27/2017,PWK,IL,AGL,CE,Towers with Radar,0,43,68,0,111,0,1,10,0,11,0,44,78,0,122,0,0,0,122
04/28/2017,PWK,IL,AGL,CE,Towers with Radar,0,34,62,0,96,0,0,33,0,33,0,34,95,0,129,48,0,48,177
04/29/2017,PWK,IL,AGL,CE,Towers with Radar,0,13,23,0,36,0,1,9,0,10,0,14,32,0,46,14,0,14,60
04/30/2017,PWK,IL,AGL,CE,Towers with Radar,0,20,46,0,66,0,0,0,0,0,0,20,46,0,66,0,0,0,66
05/01/2017,PWK,IL,AGL,CE,Towers with Radar,0,34,48,0,82,0,1,8,0,9,0,35,56,0,91,10,0,10,101
05/02/2017,PWK,IL,AGL,CE,Towers with Radar,0,27,49,0,76,0,1,34,0,35,0,28,83,0,111,36,0,36,147
05/03/2017,PWK,IL,AGL,CE,Towers with Radar,0,29,59,1,89,0,0,83,1,84,0,29,142,2,173,90,0,90,263
05/04/2017,PWK,IL,AGL,CE,Towers with Radar,0,53,60,0,113,0,2,33,0,35,0,55,93,0,148,56,0,56,204
05/05/2017,PWK,IL,AGL,CE,Towers with Radar,0,42,79,0,121,0,0,33,0,33,0,42,112,0,154,14,0,14,168
05/06/2017,PWK,IL,AGL,CE,Towers with Radar,0,27,38,0,65,0,2,68,0,70,0,29,106,0,135,26,0,26,161
05/07/2017,PWK,IL,AGL,CE,Towers with Radar,0,61,48,1,110,0,2,127,0,129,0,63,175,1,239,86,0,86,325
05/08/2017,PWK,IL,AGL,CE,Towers with Radar,0,37,54,1,92,0,0,72,0,72,0,37,126,1,164,106,0,106,270
05/09/2017,PWK,IL,AGL,CE,Towers with Radar,0,46,69,0,115,0,0,20,0,20,0,46,89,0,135,110,0,110,245
05/10/2017,PWK,IL,AGL,CE,Towers with Radar,0,48,67,3,118,0,0,28,0,28,0,48,95,3,146,64,0,64,210
05/11/2017,PWK,IL,AGL,CE,Towers with Radar,0,38,90,0,128,0,6,55,0,61,0,44,145,0,189,68,0,68,257
05/12/2017,PWK,IL,AGL,CE,Towers with Radar,0,37,80,1,118,0,0,92,2,94,0,37,172,3,212,72,0,72,284
05/13/2017,PWK,IL,AGL,CE,Towers with Radar,0,19,23,0,42,0,5,79,0,84,0,24,102,0,126,74,0,74,200
05/14/2017,PWK,IL,AGL,CE,Towers with Radar,0,36,52,0,88,0,2,70,0,72,0,38,122,0,160,14,0,14,174
05/15/2017,PWK,IL,AGL,CE,Towers with Radar,0,41,80,0,121,0,0,57,1,58,0,41,137,1,179,86,0,86,265
05/16/2017,PWK,IL,AGL,CE,Towers with Radar,0,47,77,0,124,0,0,31,0,31,0,47,108,0,155,74,0,74,229
05/17/2017,PWK,IL,AGL,CE,Towers with Radar,0,41,76,0,117,0,1,14,0,15,0,42,90,0,132,0,0,0,132
05/18/2017,PWK,IL,AGL,CE,Towers with Radar,0,31,86,0,117,0,6,36,0,42,0,37,122,0,159,8,0,8,167
05/19/2017,PWK,IL,AGL,CE,Towers with Radar,0,33,72,1,106,0,2,8,0,10,0,35,80,1,116,0,0,0,116
05/20/2017,PWK,IL,AGL,CE,Towers with Radar,0,24,38,0,62,0,0,2,0,2,0,24,40,0,64,18,0,18,82
05/21/2017,PWK,IL,AGL,CE,Towers with Radar,0,32,55,0,87,0,0,54,0,54,0,32,109,0,141,14,0,14,155
05/22/2017,PWK,IL,AGL,CE,Towers with Radar,0,37,77,0,114,0,0,54,0,54,0,37,131,0,168,16,0,16,184
05/23/2017,PWK,IL,AGL,CE,Towers with Radar,0,55,69,0,124,0,0,15,0,15,0,55,84,0,139,86,0,86,225
05/24/2017,PWK,IL,AGL,CE,Towers with Radar,0,44,85,0,129,0,5,45,1,51,0,49,130,1,180,38,0,38,218
05/25/2017,PWK,IL,AGL,CE,Towers with Radar,0,63,94,0,157,0,7,53,0,60,0,70,147,0,217,86,0,86,303
05/26/2017,PWK,IL,AGL,CE,Towers with Radar,0,49,97,1,147,0,0,59,0,59,0,49,156,1,206,40,0,40,246
05/27/2017,PWK,IL,AGL,CE,Towers with Radar,0,35,45,0,80,0,1,95,0,96,0,36,140,0,176,40,0,40,216
05/28/2017,PWK,IL,AGL,CE,Towers with Radar,0,28,23,0,51,0,2,46,0,48,0,30,69,0,99,125,0,125,224
05/29/2017,PWK,IL,AGL,CE,Towers with Radar,0,38,56,0,94,0,2,81,0,83,0,40,137,0,177,26,0,26,203
05/30/2017,PWK,IL,AGL,CE,Towers with Radar,0,38,53,0,91,0,3,48,0,51,0,41,101,0,142,64,0,64,206
05/31/2017,PWK,IL,AGL,CE,Towers with Radar,0,33,60,0,93,0,7,98,0,105,0,40,158,0,198,28,0,28,226
06/01/2017,PWK,IL,AGL,CE,Towers with Radar,0,31,91,0,122,0,0,85,0,85,0,31,176,0,207,74,0,74,281
06/02/2017,PWK,IL,AGL,CE,Towers with Radar,0,36,72,0,108,0,0,63,0,63,0,36,135,0,171,60,0,60,231
06/03/2017,PWK,IL,AGL,CE,Towers with Radar,0,20,29,0,49,0,0,63,0,63,0,20,92,0,112,183,0,183,295
06/04/2017,PWK,IL,AGL,CE,Towers with Radar,0,19,74,0,93,0,0,86,0,86,0,19,160,0,179,138,0,138,317
06/05/2017,PWK,IL,AGL,CE,Towers with Radar,0,34,41,0,75,0,5,61,0,66,0,39,102,0,141,50,0,50,191
06/06/2017,PWK,IL,AGL,CE,Towers with Radar,0,44,67,0,111,0,4,74,0,78,0,48,141,0,189,4,0,4,193
06/07/2017,PWK,IL,AGL,CE,Towers with Radar,0,54,81,0,135,0,0,108,0,108,0,54,189,0,243,68,0,68,311
06/08/2017,PWK,IL,AGL,CE,Towers with Radar,0,55,96,1,152,0,0,78,1,79,0,55,174,2,231,74,0,74,305
06/09/2017,PWK,IL,AGL,CE,Towers with Radar,0,58,72,0,130,0,1,68,0,69,0,59,140,0,199,22,0,22,221
06/10/2017,PWK,IL,AGL,CE,Towers with Radar,0,32,40,0,72,0,0,42,2,44,0,32,82,2,116,23,0,23,139
06/11/2017,PWK,IL,AGL,CE,Towers with Radar,0,34,64,0,98,0,0,60,0,60,0,34,124,0,158,53,0,53,211
06/12/2017,PWK,IL,AGL,CE,Towers with Radar,0,34,64,0,98,0,0,48,1,49,0,34,112,1,147,26,0,26,173
06/13/2017,PWK,IL,AGL,CE,Towers with Radar,0,61,50,0,111,0,1,51,0,52,0,62,101,0,163,146,0,146,309
06/14/2017,PWK,IL,AGL,CE,Towers with Radar,0,39,73,0,112,0,0,38,0,38,0,39,111,0,150,64,0,64,214
06/15/2017,PWK,IL,AGL,CE,Towers with Radar,0,56,89,0,145,0,5,111,1,117,0,61,200,1,262,81,0,81,343
06/16/2017,PWK,IL,AGL,CE,Towers with Radar,0,46,63,0,109,0,2,79,0,81,0,48,142,0,190,86,0,86,276
06/17/2017,PWK,IL,AGL,CE,Towers with Radar,0,11,36,1,48,0,0,41,0,41,0,11,77,1,89,79,0,79,168
06/18/2017,PWK,IL,AGL,CE,Towers with Radar,0,30,44,0,74,0,7,95,0,102,0,37,139,0,176,32,0,32,208
06/19/2017,PWK,IL,AGL,CE,Towers with Radar,0,37,48,0,85,0,1,77,0,78,0,38,125,0,163,28,0,28,191
06/20/2017,PWK,IL,AGL,CE,Towers with Radar,0,39,40,0,79,0,9,84,0,93,0,48,124,0,172,52,0,52,224
06/21/2017,PWK,IL,AGL,CE,Towers with Radar,0,41,97,2,140,0,0,105,0,105,0,41,202,2,245,96,0,96,341
06/22/2017,PWK,IL,AGL,CE,Towers with Radar,0,58,83,0,141,0,0,52,0,52,0,58,135,0,193,40,0,40,233
06/23/2017,PWK,IL,AGL,CE,Towers with Radar,0,56,68,0,124,0,4,87,0,91,0,60,155,0,215,127,0,127,342
06/24/2017,PWK,IL,AGL,CE,Towers with Radar,0,29,38,0,67,0,4,87,0,91,0,33,125,0,158,78,0,78,236
06/25/2017,PWK,IL,AGL,CE,Towers with Radar,0,38,58,1,97,0,7,126,0,133,0,45,184,1,230,36,0,36,266
06/26/2017,PWK,IL,AGL,CE,Towers with Radar,0,25,40,0,65,0,9,75,0,84,0,34,115,0,149,50,0,50,199
06/27/2017,PWK,IL,AGL,CE,Towers with Radar,0,32,89,0,121,0,0,128,0,128,0,32,217,0,249,54,0,54,303
06/28/2017,PWK,IL,AGL,CE,Towers with Radar,0,39,52,0,91,0,0,20,1,21,0,39,72,1,112,40,0,40,152
06/29/2017,PWK,IL,AGL,CE,Towers with Radar,0,35,74,0,109,0,0,60,2,62,0,35,134,2,171,24,0,24,195
06/30/2017,PWK,IL,AGL,CE,Towers with Radar,0,59,107,0,166,0,1,57,0,58,0,60,164,0,224,88,0,88,312
07/01/2017,PWK,IL,AGL,CE,Towers with Radar,0,32,26,0,58,0,6,126,0,132,0,38,152,0,190,17,0,17,207
07/02/2017,PWK,IL,AGL,CE,Towers with Radar,0,27,49,0,76,0,2,90,0,92,0,29,139,0,168,14,0,14,182
07/03/2017,PWK,IL,AGL,CE,Towers with Radar,0,29,24,0,53,0,0,42,0,42,0,29,66,0,95,42,0,42,137
07/04/2017,PWK,IL,AGL,CE,Towers with Radar,0,23,37,0,60,0,0,59,0,59,0,23,96,0,119,26,0,26,145
07/05/2017,PWK,IL,AGL,CE,Towers with Radar,0,37,68,1,106,0,0,68,1,69,0,37,136,2,175,78,0,78,253
07/06/2017,PWK,IL,AGL,CE,Towers with Radar,0,32,61,0,93,0,2,100,1,103,0,34,161,1,196,62,4,66,262
07/07/2017,PWK,IL,AGL,CE,Towers with Radar,0,37,73,0,110,0,0,81,0,81,0,37,154,0,191,68,0,68,259
07/08/2017,PWK,IL,AGL,CE,Towers with Radar,0,25,34,0,59,0,2,129,0,131,0,27,163,0,190,52,0,52,242
07/09/2017,PWK,IL,AGL,CE,Towers with Radar,0,45,73,0,118,0,0,124,0,124,0,45,197,0,242,90,0,90,332
07/10/2017,PWK,IL,AGL,CE,Towers with Radar,0,34,66,2,102,0,0,49,0,49,0,34,115,2,151,82,0,82,233
07/11/2017,PWK,IL,AGL,CE,Towers with Radar,0,39,90,1,130,0,1,67,0,68,0,40,157,1,198,56,0,56,254
07/12/2017,PWK,IL,AGL,CE,Towers with Radar,0,43,58,0,101,0,0,18,0,18,0,43,76,0,119,52,0,52,171
07/13/2017,PWK,IL,AGL,CE,Towers with Radar,0,52,84,3,139,0,5,78,1,84,0,57,162,4,223,134,0,134,357
07/14/2017,PWK,IL,AGL,CE,Towers with Radar,0,68,73,0,141,0,8,81,1,90,0,76,154,1,231,42,0,42,273
07/15/2017,PWK,IL,AGL,CE,Towers with Radar,0,36,45,0,81,0,0,129,0,129,0,36,174,0,210,98,0,98,308
07/16/2017,PWK,IL,AGL,CE,Towers with Radar,0,61,86,2,149,0,13,63,1,77,0,74,149,3,226,76,0,76,302
07/17/2017,PWK,IL,AGL,CE,Towers with Radar,0,32,70,0,102,0,1,120,0,121,0,33,190,0,223,48,0,48,271
07/18/2017,PWK,IL,AGL,CE,Towers with Radar,0,37,87,2,126,0,1,85,0,86,0,38,172,2,212,96,0,96,308
07/19/2017,PWK,IL,AGL,CE,Towers with Radar,0,46,84,1,131,0,0,75,1,76,0,46,159,2,207,194,0,194,401
07/20/2017,PWK,IL,AGL,CE,Towers with Radar,0,32,80,1,113,0,2,51,1,54,0,34,131,2,167,4,4,8,175
07/21/2017,PWK,IL,AGL,CE,Towers with Radar,0,45,65,0,110,0,0,63,0,63,0,45,128,0,173,40,0,40,213
07/22/2017,PWK,IL,AGL,CE,Towers with Radar,0,20,40,0,60,0,2,90,0,92,0,22,130,0,152,70,0,70,222
07/23/2017,PWK,IL,AGL,CE,Towers with Radar,0,28,76,1,105,0,3,114,0,117,0,31,190,1,222,80,0,80,302
07/24/2017,PWK,IL,AGL,CE,Towers with Radar,0,27,59,0,86,0,4,97,1,102,0,31,156,1,188,88,0,88,276
07/25/2017,PWK,IL,AGL,CE,Towers with Radar,0,43,64,0,107,0,0,86,0,86,0,43,150,0,193,130,0,130,323
07/26/2017,PWK,IL,AGL,CE,Towers with Radar,0,44,90,0,134,0,0,77,2,79,0,44,167,2,213,58,0,58,271
07/27/2017,PWK,IL,AGL,CE,Towers with Radar,0,28,105,0,133,0,1,120,5,126,0,29,225,5,259,40,0,40,299
07/28/2017,PWK,IL,AGL,CE,Towers with Radar,0,51,95,1,147,0,8,143,0,151,0,59,238,1,298,28,0,28,326
07/29/2017,PWK,IL,AGL,CE,Towers with Radar,0,34,36,0,70,0,1,157,0,158,0,35,193,0,228,40,0,40,268
07/30/2017,PWK,IL,AGL,CE,Towers with Radar,0,41,77,0,118,0,0,172,0,172,0,41,249,0,290,65,0,65,355
07/31/2017,PWK,IL,AGL,CE,Towers with Radar,0,44,57,0,101,0,1,116,1,118,0,45,173,1,219,132,0,132,351
08/01/2017,PWK,IL,AGL,CE,Towers with Radar,0,23,59,1,83,0,0,77,0,77,0,23,136,1,160,54,0,54,214
08/02/2017,PWK,IL,AGL,CE,Towers with Radar,0,20,89,0,109,0,3,75,0,78,0,23,164,0,187,74,0,74,261
08/03/2017,PWK,IL,AGL,CE,Towers with Radar,0,45,82,0,127,0,0,17,0,17,0,45,99,0,144,22,0,22,166
08/04/2017,PWK,IL,AGL,CE,Towers with Radar,0,36,73,0,109,0,6,40,0,46,0,42,113,0,155,54,0,54,209
08/05/2017,PWK,IL,AGL,CE,Towers with Radar,0,33,63,0,96,0,0,133,0,133,0,33,196,0,229,54,0,54,283
08/06/2017,PWK,IL,AGL,CE,Towers with Radar,0,39,83,0,122,0,0,60,0,60,0,39,143,0,182,91,0,91,273
08/07/2017,PWK,IL,AGL,CE,Towers with Radar,0,32,72,0,104,0,1,92,0,93,0,33,164,0,197,38,0,38,235
08/08/2017,PWK,IL,AGL,CE,Towers with Radar,0,40,70,2,112,0,3,115,1,119,0,43,185,3,231,34,0,34,265
08/09/2017,PWK,IL,AGL,CE,Towers with Radar,0,38,73,0,111,0,0,80,0,80,0,38,153,0,191,50,0,50,241
08/10/2017,PWK,IL,AGL,CE,Towers with Radar,0,42,81,0,123,0,0,49,0,49,0,42,130,0,172,66,0,66,238
08/11/2017,PWK,IL,AGL,CE,Towers with Radar,0,38,92,0,130,0,8,92,0,100,0,46,184,0,230,96,0,96,326
08/12/2017,PWK,IL,AGL,CE,Towers with Radar,0,41,55,0,96,0,3,129,1,133,0,44,184,1,229,104,0,104,333
08/13/2017,PWK,IL,AGL,CE,Towers with Radar,0,47,88,2,137,0,0,116,0,116,0,47,204,2,253,114,0,114,367
08/14/2017,PWK,IL,AGL,CE,Towers with Radar,0,24,67,1,92,0,0,81,0,81,0,24,148,1,173,120,0,120,293
08/15/2017,PWK,IL,AGL,CE,Towers with Radar,0,50,80,1,131,0,0,84,0,84,0,50,164,1,215,40,0,40,255
08/16/2017,PWK,IL,AGL,CE,Towers with Radar,0,57,74,1,132,0,0,59,0,59,0,57,133,1,191,42,0,42,233
08/17/2017,PWK,IL,AGL,CE,Towers with Radar,0,33,71,1,105,0,1,25,0,26,0,34,96,1,131,23,0,23,154
08/18/2017,PWK,IL,AGL,CE,Towers with Radar,0,49,81,1,131,0,3,86,0,89,0,52,167,1,220,102,0,102,322
08/19/2017,PWK,IL,AGL,CE,Towers with Radar,0,29,42,0,71,0,0,87,0,87,0,29,129,0,158,120,0,120,278
08/20/2017,PWK,IL,AGL,CE,Towers with Radar,0,24,89,0,113,0,0,94,0,94,0,24,183,0,207,53,0,53,260
08/21/2017,PWK,IL,AGL,CE,Towers with Radar,0,54,86,1,141,0,0,72,3,75,0,54,158,4,216,17,0,17,233
08/22/2017,PWK,IL,AGL,CE,Towers with Radar,0,38,43,0,81,0,6,69,0,75,0,44,112,0,156,86,0,86,242
08/23/2017,PWK,IL,AGL,CE,Towers with Radar,0,47,74,0,121,0,4,123,0,127,0,51,197,0,248,64,0,64,312
08/24/2017,PWK,IL,AGL,CE,Towers with Radar,0,50,83,0,133,0,2,85,0,87,0,52,168,0,220,102,0,102,322
08/25/2017,PWK,IL,AGL,CE,Towers with Radar,0,43,86,0,129,0,0,86,0,86,0,43,172,0,215,16,0,16,231
08/26/2017,PWK,IL,AGL,CE,Towers with Radar,0,21,44,0,65,0,0,105,1,106,0,21,149,1,171,63,0,63,234
08/27/2017,PWK,IL,AGL,CE,Towers with Radar,0,47,75,0,122,0,0,36,0,36,0,47,111,0,158,46,0,46,204
08/28/2017,PWK,IL,AGL,CE,Towers with Radar,0,42,52,0,94,0,0,37,0,37,0,42,89,0,131,50,0,50,181
08/29/2017,PWK,IL,AGL,CE,Towers with Radar,2,42,79,0,123,0,0,40,0,40,2,42,119,0,163,44,0,44,207
08/30/2017,PWK,IL,AGL,CE,Towers with Radar,0,40,83,0,123,0,2,107,0,109,0,42,190,0,232,89,0,89,321
08/31/2017,PWK,IL,AGL,CE,Towers with Radar,0,40,74,0,114,0,6,69,1,76,0,46,143,1,190,56,4,60,250
09/01/2017,PWK,IL,AGL,CE,Towers with Radar,0,66,117,0,183,0,0,72,0,72,0,66,189,0,255,36,0,36,291
09/02/2017,PWK,IL,AGL,CE,Towers with Radar,0,21,41,0,62,0,1,110,0,111,0,22,151,0,173,71,0,71,244
09/03/2017,PWK,IL,AGL,CE,Towers with Radar,0,31,33,0,64,0,3,97,0,100,0,34,130,0,164,43,0,43,207
09/04/2017,PWK,IL,AGL,CE,Towers with Radar,0,31,51,0,82,0,4,76,0,80,0,35,127,0,162,8,0,8,170
09/05/2017,PWK,IL,AGL,CE,Towers with Radar,0,26,65,0,91,0,5,68,0,73,0,31,133,0,164,36,0,36,200
09/06/2017,PWK,IL,AGL,CE,Towers with Radar,0,47,82,0,129,0,4,94,1,99,0,51,176,1,228,90,0,90,318
09/07/2017,PWK,IL,AGL,CE,Towers with Radar,0,57,83,0,140,0,19,90,0,109,0,76,173,0,249,63,6,69,318
09/08/2017,PWK,IL,AGL,CE,Towers with Radar,0,59,121,0,180,0,0,62,0,62,0,59,183,0,242,79,0,79,321
09/09/2017,PWK,IL,AGL,CE,Towers with Radar,0,46,48,0,94,0,0,95,0,95,0,46,143,0,189,64,0,64,253
09/10/2017,PWK,IL,AGL,CE,Towers with Radar,0,38,70,0,108,0,0,111,0,111,0,38,181,0,219,132,0,132,351
09/11/2017,PWK,IL,AGL,CE,Towers with Radar,0,35,78,0,113,0,0,83,0,83,0,35,161,0,196,32,0,32,228
09/12/2017,PWK,IL,AGL,CE,Towers with Radar,0,47,93,0,140,0,0,84,0,84,0,47,177,0,224,40,0,40,264
09/13/2017,PWK,IL,AGL,CE,Towers with Radar,0,35,83,0,118,0,0,46,0,46,0,35,129,0,164,82,0,82,246
09/14/2017,PWK,IL,AGL,CE,Towers with Radar,0,46,91,2,139,0,0,56,0,56,0,46,147,2,195,39,0,39,234
09/15/2017,PWK,IL,AGL,CE,Towers with Radar,0,53,101,0,154,0,0,99,0,99,0,53,200,0,253,50,0,50,303
09/16/2017,PWK,IL,AGL,CE,Towers with Radar,0,21,54,0,75,0,0,113,0,113,0,21,167,0,188,96,0,96,284
09/17/2017,PWK,IL,AGL,CE,Towers with Radar,0,52,56,0,108,0,10,86,0,96,0,62,142,0,204,150,0,150,354
09/18/2017,PWK,IL,AGL,CE,Towers with Radar,0,33,67,0,100,0,0,60,1,61,0,33,127,1,161,90,0,90,251
09/19/2017,PWK,IL,AGL,CE,Towers with Radar,0,53,80,0,133,0,0,23,0,23,0,53,103,0,156,58,0,58,214
09/20/2017,PWK,IL,AGL,CE,Towers with Radar,0,41,85,0,126,0,0,47,0,47,0,41,132,0,173,38,0,38,211
09/21/2017,PWK,IL,AGL,CE,Towers with Radar,0,43,65,0,108,0,0,75,0,75,0,43,140,0,183,71,0,71,254
09/22/2017,PWK,IL,AGL,CE,Towers with Radar,0,40,78,0,118,0,0,69,0,69,0,40,147,0,187,55,0,55,242
09/23/2017,PWK,IL,AGL,CE,Towers with Radar,0,19,37,0,56,0,0,115,0,115,0,19,152,0,171,120,0,120,291
09/24/2017,PWK,IL,AGL,CE,Towers with Radar,0,43,69,0,112,0,0,102,0,102,0,43,171,0,214,78,0,78,292
09/25/2017,PWK,IL,AGL,CE,Towers with Radar,0,39,81,0,120,0,0,73,0,73,0,39,154,0,193,22,0,22,215
09/26/2017,PWK,IL,AGL,CE,Towers with Radar,0,49,89,0,138,0,0,63,0,63,0,49,152,0,201,58,0,58,259
09/27/2017,PWK,IL,AGL,CE,Towers with Radar,0,38,81,0,119,0,3,93,0,96,0,41,174,0,215,96,0,96,311
09/28/2017,PWK,IL,AGL,CE,Towers with Radar,0,39,101,0,140,0,2,96,0,98,0,41,197,0,238,103,0,103,341
09/29/2017,PWK,IL,AGL,CE,Towers with Radar,0,44,80,0,124,0,9,88,0,97,0,53,168,0,221,42,0,42,263
09/30/2017,PWK,IL,AGL,CE,Towers with Radar,0,36,49,0,85,0,0,99,0,99,0,36,148,0,184,110,0,110,294
10/01/2017,PWK,IL,AGL,CE,Towers with Radar,0,48,74,0,122,0,0,123,0,123,0,48,197,0,245,114,0,114,359
10/02/2017,PWK,IL,AGL,CE,Towers with Radar,0,39,75,0,114,0,0,44,0,44,0,39,119,0,158,60,0,60,218
10/03/2017,PWK,IL,AGL,CE,Towers with Radar,0,55,41,0,96,0,0,36,0,36,0,55,77,0,132,36,0,36,168
10/04/2017,PWK,IL,AGL,CE,Towers with Radar,0,32,41,0,73,0,3,46,0,49,0,35,87,0,122,76,0,76,198
10/05/2017,PWK,IL,AGL,CE,Towers with Radar,0,53,82,0,135,0,0,66,0,66,0,53,148,0,201,62,0,62,263
10/06/2017,PWK,IL,AGL,CE,Towers with Radar,0,42,72,0,114,0,0,0,0,0,0,42,72,0,114,0,0,0,114
10/07/2017,PWK,IL,AGL,CE,Towers with Radar,0,34,49,0,83,0,0,10,0,10,0,34,59,0,93,24,0,24,117
10/08/2017,PWK,IL,AGL,CE,Towers with Radar,0,49,64,0,113,0,0,100,0,100,0,49,164,0,213,120,0,120,333
10/09/2017,PWK,IL,AGL,CE,Towers with Radar,0,45,49,0,94,0,0,98,0,98,0,45,147,0,192,74,0,74,266
10/10/2017,PWK,IL,AGL,CE,Towers with Radar,0,35,59,0,94,0,8,24,0,32,0,43,83,0,126,0,0,0,126
10/11/2017,PWK,IL,AGL,CE,Towers with Radar,0,24,74,0,98,0,0,0,0,0,0,24,74,0,98,0,0,0,98
10/12/2017,PWK,IL,AGL,CE,Towers with Radar,0,42,88,0,130,0,0,0,0,0,0,42,88,0,130,10,0,10,140
10/13/2017,PWK,IL,AGL,CE,Towers with Radar,0,56,96,0,152,0,0,56,0,56,0,56,152,0,208,112,0,112,320
10/14/2017,PWK,IL,AGL,CE,Towers with Radar,0,32,24,0,56,0,0,0,0,0,0,32,24,0,56,0,0,0,56
10/15/2017,PWK,IL,AGL,CE,Towers with Radar,0,56,74,0,130,0,3,19,0,22,0,59,93,0,152,4,0,4,156
10/16/2017,PWK,IL,AGL,CE,Towers with Radar,0,31,79,2,112,0,1,92,0,93,0,32,171,2,205,98,0,98,303
10/17/2017,PWK,IL,AGL,CE,Towers with Radar,0,32,84,0,116,0,0,50,0,50,0,32,134,0,166,46,0,46,212
10/18/2017,PWK,IL,AGL,CE,Towers with Radar,0,43,67,0,110,0,0,61,0,61,0,43,128,0,171,58,0,58,229
10/19/2017,PWK,IL,AGL,CE,Towers with Radar,0,51,92,0,143,0,0,107,0,107,0,51,199,0,250,44,0,44,294
10/20/2017,PWK,IL,AGL,CE,Towers with Radar,0,48,79,0,127,0,0,107,0,107,0,48,186,0,234,119,0,119,353
10/21/2017,PWK,IL,AGL,CE,Towers with Radar,1,40,43,0,84,0,0,109,0,109,1,40,152,0,193,86,0,86,279
10/22/2017,PWK,IL,AGL,CE,Towers with Radar,0,56,62,0,118,0,0,10,0,10,0,56,72,0,128,7,0,7,135
10/23/2017,PWK,IL,AGL,CE,Towers with Radar,0,32,67,0,99,0,0,12,0,12,0,32,79,0,111,38,0,38,149
10/24/2017,PWK,IL,AGL,CE,Towers with Radar,0,29,58,0,87,0,4,24,0,28,0,33,82,0,115,4,0,4,119
10/25/2017,PWK,IL,AGL,CE,Towers with Radar,0,52,89,0,141,0,4,75,0,79,0,56,164,0,220,64,0,64,284
10/26/2017,PWK,IL,AGL,CE,Towers with Radar,0,59,96,0,155,0,0,56,0,56,0,59,152,0,211,131,0,131,342
10/27/2017,PWK,IL,AGL,CE,Towers with Radar,0,76,65,0,141,0,8,53,0,61,0,84,118,0,202,30,0,30,232
10/28/2017,PWK,IL,AGL,CE,Towers with Radar,0,32,41,0,73,0,1,29,0,30,0,33,70,0,103,148,0,148,251
10/29/2017,PWK,IL,AGL,CE,Towers with Radar,0,38,50,0,88,0,1,122,1,124,0,39,172,1,212,86,0,86,298
10/30/2017,PWK,IL,AGL,CE,Towers with Radar,0,31,52,0,83,0,5,42,0,47,0,36,94,0,130,22,0,22,152
10/31/2017,PWK,IL,AGL,CE,Towers with Radar,0,24,21,0,45,0,1,57,0,58,0,25,78,0,103,62,0,62,165
11/01/2017,PWK,IL,AGL,CE,Towers with Radar,0,45,85,0,130,0,0,19,0,19,0,45,104,0,149,58,0,58,207
11/02/2017,PWK,IL,AGL,CE,Towers with Radar,0,42,78,0,120,0,0,1,0,1,0,42,79,0,121,0,0,0,121
11/03/2017,PWK,IL,AGL,CE,Towers with Radar,0,41,68,0,109,0,4,76,0,80,0,45,144,0,189,72,0,72,261
11/04/2017,PWK,IL,AGL,CE,Towers with Radar,0,16,27,0,43,0,0,0,0,0,0,16,27,0,43,0,0,0,43
11/05/2017,PWK,IL,AGL,CE,Towers with Radar,0,47,57,0,104,0,2,20,0,22,0,49,77,0,126,14,0,14,140
11/06/2017,PWK,IL,AGL,CE,Towers with Radar,0,47,69,0,116,0,6,71,0,77,0,53,140,0,193,86,0,86,279
11/07/2017,PWK,IL,AGL,CE,Towers with Radar,0,43,70,0,113,0,7,93,0,100,0,50,163,0,213,84,0,84,297
11/08/2017,PWK,IL,AGL,CE,Towers with Radar,0,46,72,0,118,0,3,93,0,96,0,49,165,0,214,112,0,112,326
11/09/2017,PWK,IL,AGL,CE,Towers with Radar,0,34,57,0,91,0,7,64,0,71,0,41,121,0,162,16,0,16,178
11/10/2017,PWK,IL,AGL,CE,Towers with Radar,0,33,93,0,126,0,2,11,0,13,0,35,104,0,139,14,0,14,153
11/11/2017,PWK,IL,AGL,CE,Towers with Radar,0,14,48,0,62,0,1,91,0,92,0,15,139,0,154,112,0,112,266
11/12/2017,PWK,IL,AGL,CE,Towers with Radar,0,26,73,0,99,0,0,4,0,4,0,26,77,0,103,8,0,8,111
11/13/2017,PWK,IL,AGL,CE,Towers with Radar,0,38,74,0,112,0,0,9,0,9,0,38,83,0,121,6,0,6,127
11/14/2017,PWK,IL,AGL,CE,Towers with Radar,0,54,72,0,126,0,0,43,0,43,0,54,115,0,169,51,0,51,220
11/15/2017,PWK,IL,AGL,CE,Towers with Radar,0,50,55,1,106,0,1,2,0,3,0,51,57,1,109,0,0,0,109
11/16/2017,PWK,IL,AGL,CE,Towers with Radar,0,37,70,0,107,0,0,56,0,56,0,37,126,0,163,147,0,147,310
11/17/2017,PWK,IL,AGL,CE,Towers with Radar,0,57,75,2,134,0,1,19,0,20,0,58,94,2,154,52,0,52,206
11/18/2017,PWK,IL,AGL,CE,Towers with Radar,0,28,12,0,40,0,4,7,0,11,0,32,19,0,51,0,0,0,51
11/19/2017,PWK,IL,AGL,CE,Towers with Radar,0,26,52,0,78,0,8,120,0,128,0,34,172,0,206,154,0,154,360
11/20/2017,PWK,IL,AGL,CE,Towers with Radar,0,39,47,0,86,0,1,23,0,24,0,40,70,0,110,0,0,0,110
11/21/2017,PWK,IL,AGL,CE,Towers with Radar,0,43,50,1,94,0,13,69,0,82,0,56,119,1,176,0,0,0,176
11/22/2017,PWK,IL,AGL,CE,Towers with Radar,0,50,69,0,119,0,0,101,0,101,0,50,170,0,220,54,0,54,274
11/23/2017,PWK,IL,AGL,CE,Towers with Radar,0,11,12,0,23,0,0,30,0,30,0,11,42,0,53,34,0,34,87
11/24/2017,PWK,IL,AGL,CE,Towers with Radar,0,26,26,0,52,0,0,34,0,34,0,26,60,0,86,0,0,0,86
11/25/2017,PWK,IL,AGL,CE,Towers with Radar,0,30,67,0,97,0,6,79,1,86,0,36,146,1,183,56,0,56,239
11/26/2017,PWK,IL,AGL,CE,Towers with Radar,0,75,80,0,155,0,0,110,0,110,0,75,190,0,265,50,0,50,315
11/27/2017,PWK,IL,AGL,CE,Towers with Radar,0,40,68,1,109,0,0,61,0,61,0,40,129,1,170,70,0,70,240
11/28/2017,PWK,IL,AGL,CE,Towers with Radar,0,36,48,0,84,0,3,27,0,30,0,39,75,0,114,12,0,12,126
11/29/2017,PWK,IL,AGL,CE,Towers with Radar,0,38,66,0,104,0,0,70,0,70,0,38,136,0,174,54,0,54,228
11/30/2017,PWK,IL,AGL,CE,Towers with Radar,0,34,81,0,115,0,2,78,0,80,0,36,159,0,195,58,0,58,253
12/01/2017,PWK,IL,AGL,CE,Towers with Radar,0,52,73,0,125,0,1,73,0,74,0,53,146,0,199,36,0,36,235
12/02/2017,PWK,IL,AGL,CE,Towers with Radar,0,22,57,0,79,0,0,125,0,125,0,22,182,0,204,82,0,82,286
12/03/2017,PWK,IL,AGL,CE,Towers with Radar,0,41,39,0,80,0,0,103,0,103,0,41,142,0,183,120,0,120,303
12/04/2017,PWK,IL,AGL,CE,Towers with Radar,0,37,39,0,76,0,0,3,0,3,0,37,42,0,79,0,0,0,79
12/05/2017,PWK,IL,AGL,CE,Towers with Radar,0,29,56,0,85,0,4,30,0,34,0,33,86,0,119,14,0,14,133
12/06/2017,PWK,IL,AGL,CE,Towers with Radar,0,26,48,0,74,0,1,38,0,39,0,27,86,0,113,28,0,28,141
12/07/2017,PWK,IL,AGL,CE,Towers with Radar,0,33,64,0,97,0,5,55,0,60,0,38,119,0,157,74,0,74,231
12/08/2017,PWK,IL,AGL,CE,Towers with Radar,0,45,68,0,113,0,1,43,0,44,0,46,111,0,157,32,0,32,189
12/09/2017,PWK,IL,AGL,CE,Towers with Radar,0,9,21,0,30,0,6,13,0,19,0,15,34,0,49,14,0,14,63
12/10/2017,PWK,IL,AGL,CE,Towers with Radar,0,21,50,0,71,0,0,92,0,92,0,21,142,0,163,156,0,156,319
12/11/2017,PWK,IL,AGL,CE,Towers with Radar,0,31,55,0,86,0,0,22,0,22,0,31,77,0,108,80,0,80,188
12/12/2017,PWK,IL,AGL,CE,Towers with Radar,0,36,49,0,85,0,3,54,0,57,0,39,103,0,142,34,0,34,176
12/13/2017,PWK,IL,AGL,CE,Towers with Radar,0,40,79,0,119,0,0,5,0,5,0,40,84,0,124,36,0,36,160
12/14/2017,PWK,IL,AGL,CE,Towers with Radar,0,51,64,0,115,0,0,68,0,68,0,51,132,0,183,62,0,62,245
12/15/2017,PWK,IL,AGL,CE,Towers with Radar,0,55,82,0,137,0,7,45,0,52,0,62,127,0,189,80,0,80,269
12/16/2017,PWK,IL,AGL,CE,Towers with Radar,0,16,42,0,58,0,0,122,0,122,0,16,164,0,180,88,0,88,268
12/17/2017,PWK,IL,AGL,CE,Towers with Radar,0,34,42,0,76,0,0,6,0,6,0,34,48,0,82,58,0,58,140
12/18/2017,PWK,IL,AGL,CE,Towers with Radar,0,29,51,0,80,0,0,11,0,11,0,29,62,0,91,60,0,60,151
12/19/2017,PWK,IL,AGL,CE,Towers with Radar,0,45,62,0,107,0,2,70,0,72,0,47,132,0,179,54,0,54,233
12/20/2017,PWK,IL,AGL,CE,Towers with Radar,0,42,65,0,107,0,1,60,0,61,0,43,125,0,168,136,0,136,304
12/21/2017,PWK,IL,AGL,CE,Towers with Radar,0,28,57,0,85,0,1,42,0,43,0,29,99,0,128,70,0,70,198
12/22/2017,PWK,IL,AGL,CE,Towers with Radar,0,33,43,0,76,0,1,4,0,5,0,34,47,0,81,44,0,44,125
12/23/2017,PWK,IL,AGL,CE,Towers with Radar,0,24,40,0,64,0,3,87,0,90,0,27,127,0,154,72,0,72,226
12/24/2017,PWK,IL,AGL,CE,Towers with Radar,0,10,15,0,25,0,0,1,0,1,0,10,16,0,26,0,0,0,26
12/25/2017,PWK,IL,AGL,CE,Towers with Radar,1,13,10,0,24,0,5,12,0,17,1,18,22,0,41,0,0,0,41
12/26/2017,PWK,IL,AGL,CE,Towers with Radar,0,54,43,0,97,0,3,36,0,39,0,57,79,0,136,0,0,0,136
12/27/2017,PWK,IL,AGL,CE,Towers with Radar,0,30,51,0,81,0,0,33,0,33,0,30,84,0,114,0,0,0,114
12/28/2017,PWK,IL,AGL,CE,Towers with Radar,0,37,35,0,72,0,0,17,0,17,0,37,52,0,89,12,0,12,101
12/29/2017,PWK,IL,AGL,CE,Towers with Radar,0,9,21,0,30,0,0,9,0,9,0,9,30,0,39,12,0,12,51
12/30/2017,PWK,IL,AGL,CE,Towers with Radar,0,39,28,0,67,0,5,17,0,22,0,44,45,0,89,6,0,6,95
12/31/2017,PWK,IL,AGL,CE,Towers with Radar,0,13,14,0,27,0,5,31,0,36,0,18,45,0,63,2,0,2,65
01/01/2018,PWK,IL,AGL,CE,Towers with Radar,0,21,25,0,46,0,1,23,0,24,0,22,48,0,70,0,0,0,70
01/02/2018,PWK,IL,AGL,CE,Towers with Radar,0,47,49,0,96,0,2,18,0,20,0,49,67,0,116,0,0,0,116
01/03/2018,PWK,IL,AGL,CE,Towers with Radar,0,40,38,0,78,0,1,13,0,14,0,41,51,0,92,0,0,0,92
01/04/2018,PWK,IL,AGL,CE,Towers with Radar,0,33,36,0,69,0,3,29,1,33,0,36,65,1,102,0,0,0,102
01/05/2018,PWK,IL,AGL,CE,Towers with Radar,0,26,70,0,96,0,4,45,0,49,0,30,115,0,145,20,0,20,165
01/06/2018,PWK,IL,AGL,CE,Towers with Radar,0,28,45,0,73,0,1,56,0,57,0,29,101,0,130,16,0,16,146
01/07/2018,PWK,IL,AGL,CE,Towers with Radar,0,36,39,0,75,0,0,20,0,20,0,36,59,0,95,0,0,0,95
01/08/2018,PWK,IL,AGL,CE,Towers with Radar,0,21,50,0,71,0,4,59,0,63,0,25,109,0,134,102,0,102,236
01/09/2018,PWK,IL,AGL,CE,Towers with Radar,0,37,58,0,95,0,0,7,0,7,0,37,65,0,102,40,0,40,142
01/10/2018,PWK,IL,AGL,CE,Towers with Radar,0,31,50,0,81,0,0,0,0,0,0,31,50,0,81,0,0,0,81
01/11/2018,PWK,IL,AGL,CE,Towers with Radar,0,34,51,0,85,0,0,1,0,1,0,34,52,0,86,0,0,0,86
01/12/2018,PWK,IL,AGL,CE,Towers with Radar,0,34,56,0,90,0,7,25,0,32,0,41,81,0,122,20,0,20,142
01/13/2018,PWK,IL,AGL,CE,Towers with Radar,0,22,34,0,56,0,2,68,0,70,0,24,102,0,126,10,0,10,136
01/14/2018,PWK,IL,AGL,CE,Towers with Radar,0,19,33,0,52,0,0,77,0,77,0,19,110,0,129,16,0,16,145
01/15/2018,PWK,IL,AGL,CE,Towers with Radar,0,28,48,0,76,0,0,0,0,0,0,28,48,0,76,0,0,0,76
01/16/2018,PWK,IL,AGL,CE,Towers with Radar,0,22,40,0,62,0,1,31,0,32,0,23,71,0,94,18,0,18,112
01/17/2018,PWK,IL,AGL,CE,Towers with Radar,0,24,50,0,74,0,2,23,0,25,0,26,73,0,99,50,0,50,149
01/18/2018,PWK,IL,AGL,CE,Towers with Radar,0,38,49,0,87,0,0,54,0,54,0,38,103,0,141,8,0,8,149
01/19/2018,PWK,IL,AGL,CE,Towers with Radar,0,46,53,0,99,0,1,47,0,48,0,47,100,0,147,64,0,64,211
01/20/2018,PWK,IL,AGL,CE,Towers with Radar,0,27,42,0,69,0,0,117,0,117,0,27,159,0,186,116,0,116,302
01/21/2018,PWK,IL,AGL,CE,Towers with Radar,0,28,38,0,66,0,0,0,0,0,0,28,38,0,66,0,0,0,66
01/22/2018,PWK,IL,AGL,CE,Towers with Radar,0,29,59,0,88,0,0,3,0,3,0,29,62,0,91,12,0,12,103
01/23/2018,PWK,IL,AGL,CE,Towers with Radar,0,29,57,0,86,0,2,21,0,23,0,31,78,0,109,0,0,0,109
01/24/2018,PWK,IL,AGL,CE,Towers with Radar,0,42,55,0,97,0,3,10,0,13,0,45,65,0,110,0,0,0,110
01/25/2018,PWK,IL,AGL,CE,Towers with Radar,0,46,57,0,103,0,0,60,0,60,0,46,117,0,163,82,0,82,245
01/26/2018,PWK,IL,AGL,CE,Towers with Radar,0,31,46,0,77,0,0,28,0,28,0,31,74,0,105,28,0,28,133
01/27/2018,PWK,IL,AGL,CE,Towers with Radar,0,16,23,0,39,0,4,102,0,106,0,20,125,0,145,90,0,90,235
01/28/2018,PWK,IL,AGL,CE,Towers with Radar,0,32,38,0,70,0,1,64,0,65,0,33,102,0,135,148,0,148,283
01/29/2018,PWK,IL,AGL,CE,Towers with Radar,0,33,38,0,71,0,0,30,0,30,0,33,68,0,101,50,0,50,151
01/30/2018,PWK,IL,AGL,CE,Towers with Radar,0,36,63,0,99,0,0,65,0,65,0,36,128,0,164,44,0,44,208
01/31/2018,PWK,IL,AGL,CE,Towers with Radar,0,26,44,0,70,0,2,25,0,27,0,28,69,0,97,54,0,54,151
02/01/2018,PWK,IL,AGL,CE,Towers with Radar,0,25,42,0,67,0,5,39,0,44,0,30,81,0,111,6,0,6,117
02/02/2018,PWK,IL,AGL,CE,Towers with Radar,0,28,54,0,82,0,6,69,0,75,0,34,123,0,157,44,0,44,201
02/03/2018,PWK,IL,AGL,CE,Towers with Radar,0,27,33,0,60,0,0,38,0,38,0,27,71,0,98,80,0,80,178
02/04/2018,PWK,IL,AGL,CE,Towers with Radar,0,11,19,0,30,0,1,11,0,12,0,12,30,0,42,0,0,0,42
02/05/2018,PWK,IL,AGL,CE,Towers with Radar,0,34,44,0,78,0,0,14,0,14,0,34,58,0,92,0,0,0,92
02/06/2018,PWK,IL,AGL,CE,Towers with Radar,0,37,45,0,82,0,1,54,0,55,0,38,99,0,137,28,0,28,165
02/07/2018,PWK,IL,AGL,CE,Towers with Radar,0,35,55,0,90,0,1,15,0,16,0,36,70,0,106,20,0,20,126
02/08/2018,PWK,IL,AGL,CE,Towers with Radar,0,48,80,0,128,0,0,26,0,26,0,48,106,0,154,52,0,52,206
02/09/2018,PWK,IL,AGL,CE,Towers with Radar,0,7,21,0,28,0,2,9,0,11,0,9,30,0,39,0,0,0,39
02/10/2018,PWK,IL,AGL,CE,Towers with Radar,0,19,23,0,42,0,3,23,0,26,0,22,46,0,68,0,0,0,68
02/11/2018,PWK,IL,AGL,CE,Towers with Radar,0,17,26,0,43,0,5,25,0,30,0,22,51,0,73,0,0,0,73
02/12/2018,PWK,IL,AGL,CE,Towers with Radar,0,35,56,0,91,0,1,56,0,57,0,36,112,0,148,78,0,78,226
02/13/2018,PWK,IL,AGL,CE,Towers with Radar,0,41,49,0,90,0,0,43,0,43,0,41,92,0,133,98,0,98,231
02/14/2018,PWK,IL,AGL,CE,Towers with Radar,0,36,52,0,88,0,0,48,1,49,0,36,100,1,137,8,0,8,145
02/15/2018,PWK,IL,AGL,CE,Towers with Radar,0,55,105,0,160,0,10,8,0,18,0,65,113,0,178,18,0,18,196
02/16/2018,PWK,IL,AGL,CE,Towers with Radar,0,46,60,1,107,0,9,89,1,99,0,55,149,2,206,90,0,90,296
02/17/2018,PWK,IL,AGL,CE,Towers with Radar,0,19,33,0,52,0,2,70,0,72,0,21,103,0,124,104,0,104,228
02/18/2018,PWK,IL,AGL,CE,Towers with Radar,0,32,44,0,76,0,1,61,0,62,0,33,105,0,138,72,0,72,210
02/19/2018,PWK,IL,AGL,CE,Towers with Radar,0,39,64,0,103,0,0,3,0,3,0,39,67,0,106,0,0,0,106
02/20/2018,PWK,IL,AGL,CE,Towers with Radar,1,38,47,0,86,0,0,4,0,4,1,38,51,0,90,0,0,0,90
02/21/2018,PWK,IL,AGL,CE,Towers with Radar,0,36,54,0,90,0,0,61,0,61,0,36,115,0,151,78,0,78,229
02/22/2018,PWK,IL,AGL,CE,Towers with Radar,0,47,76,0,123,0,0,37,0,37,0,47,113,0,160,42,0,42,202
02/23/2018,PWK,IL,AGL,CE,Towers with Radar,0,32,65,0,97,0,2,6,0,8,0,34,71,0,105,0,0,0,105
02/24/2018,PWK,IL,AGL,CE,Towers with Radar,0,21,27,0,48,0,0,4,0,4,0,21,31,0,52,72,0,72,124
02/25/2018,PWK,IL,AGL,CE,Towers with Radar,0,27,61,0,88,0,1,49,0,50,0,28,110,0,138,4,0,4,142
02/26/2018,PWK,IL,AGL,CE,Towers with Radar,0,17,42,0,59,0,0,90,0,90,0,17,132,0,149,70,0,70,219
02/27/2018,PWK,IL,AGL,CE,Towers with Radar,0,35,57,0,92,0,0,72,3,75,0,35,129,3,167,56,0,56,223
02/28/2018,PWK,IL,AGL,CE,Towers with Radar,0,48,76,0,124,0,2,20,0,22,0,50,96,0,146,30,0,30,176
03/01/2018,PWK,IL,AGL,CE,Towers with Radar,0,42,32,0,74,0,8,16,0,24,0,50,48,0,98,10,0,10,108
03/02/2018,PWK,IL,AGL,CE,Towers with Radar,1,40,46,0,87,0,2,118,0,120,1,42,164,0,207,156,0,156,363
03/03/2018,PWK,IL,AGL,CE,Towers with Radar,0,27,52,0,79,0,0,150,0,150,0,27,202,0,229,114,0,114,343
03/04/2018,PWK,IL,AGL,CE,Towers with Radar,1,59,59,0,119,0,0,141,0,141,1,59,200,0,260,136,0,136,396
03/05/2018,PWK,IL,AGL,CE,Towers with Radar,0,32,32,0,64,0,1,12,0,13,0,33,44,0,77,32,0,32,109
03/06/2018,PWK,IL,AGL,CE,Towers with Radar,0,41,54,0,95,0,0,0,0,0,0,41,54,0,95,14,0,14,109
03/07/2018,PWK,IL,AGL,CE,Towers with Radar,0,32,50,0,82,0,7,52,0,59,0,39,102,0,141,68,0,68,209
03/08/2018,PWK,IL,AGL,CE,Towers with Radar,0,31,66,0,97,0,9,98,0,107,0,40,164,0,204,92,0,92,296
03/09/2018,PWK,IL,AGL,CE,Towers with Radar,0,33,76,0,109,0,1,98,0,99,0,34,174,0,208,97,0,97,305
03/10/2018,PWK,IL,AGL,CE,Towers with Radar,0,21,39,0,60,0,0,172,0,172,0,21,211,0,232,98,0,98,330
03/11/2018,PWK,IL,AGL,CE,Towers with Radar,0,21,46,0,67,0,3,124,0,127,0,24,170,0,194,48,0,48,242
03/12/2018,PWK,IL,AGL,CE,Towers with Radar,0,40,60,0,100,0,4,54,0,58,0,44,114,0,158,74,0,74,232
03/13/2018,PWK,IL,AGL,CE,Towers with Radar,0,27,45,0,72,0,2,19,0,21,0,29,64,0,93,8,0,8,101
03/14/2018,PWK,IL,AGL,CE,Towers with Radar,0,27,57,0,84,0,0,72,1,73,0,27,129,1,157,16,0,16,173
03/15/2018,PWK,IL,AGL,CE,Towers with Radar,0,18,72,0,90,0,0,114,0,114,0,18,186,0,204,52,0,52,256
03/16/2018,PWK,IL,AGL,CE,Towers with Radar,0,26,75,0,101,0,0,65,0,65,0,26,140,0,166,36,0,36,202
03/17/2018,PWK,IL,AGL,CE,Towers with Radar,0,26,35,0,61,0,1,103,0,104,0,27,138,0,165,84,0,84,249
03/18/2018,PWK,IL,AGL,CE,Towers with Radar,0,32,59,0,91,0,0,151,0,151,0,32,210,0,242,76,0,76,318
03/19/2018,PWK,IL,AGL,CE,Towers with Radar,0,36,57,0,93,0,1,60,0,61,0,37,117,0,154,6,0,6,160
03/20/2018,PWK,IL,AGL,CE,Towers with Radar,0,29,52,0,81,0,6,68,0,74,0,35,120,0,155,0,0,0,155
03/21/2018,PWK,IL,AGL,CE,Towers with Radar,1,24,56,0,81,0,7,101,0,108,1,31,157,0,189,44,0,44,233
03/22/2018,PWK,IL,AGL,CE,Towers with Radar,0,46,79,0,125,0,1,92,0,93,0,47,171,0,218,64,0,64,282
03/23/2018,PWK,IL,AGL,CE,Towers with Radar,0,61,58,0,119,0,0,105,0,105,0,61,163,0,224,12,0,12,236
03/24/2018,PWK,IL,AGL,CE,Towers with Radar,1,33,25,0,59,0,1,32,0,33,1,34,57,0,92,64,0,64,156
03/25/2018,PWK,IL,AGL,CE,Towers with Radar,0,27,47,0,74,0,1,130,0,131,0,28,177,0,205,30,0,30,235
03/26/2018,PWK,IL,AGL,CE,Towers with Radar,0,37,38,0,75,0,0,46,0,46,0,37,84,0,121,68,0,68,189
03/27/2018,PWK,IL,AGL,CE,Towers with Radar,0,28,44,0,72,0,3,21,0,24,0,31,65,0,96,0,0,0,96
03/28/2018,PWK,IL,AGL,CE,Towers with Radar,0,48,67,0,115,0,0,90,0,90,0,48,157,0,205,86,0,86,291
03/29/2018,PWK,IL,AGL,CE,Towers with Radar,0,42,56,0,98,0,3,38,0,41,0,45,94,0,139,36,0,36,175
03/30/2018,PWK,IL,AGL,CE,Towers with Radar,0,30,44,0,74,0,0,97,0,97,0,30,141,0,171,95,0,95,266
03/31/2018,PWK,IL,AGL,CE,Towers with Radar,0,22,28,0,50,0,2,15,0,17,0,24,43,0,67,6,0,6,73
04/01/2018,PWK,IL,AGL,CE,Towers with Radar,0,42,46,0,88,0,5,97,0,102,0,47,143,0,190,74,0,74,264
04/02/2018,PWK,IL,AGL,CE,Towers with Radar,0,42,59,0,101,0,0,69,0,69,0,42,128,0,170,50,0,50,220
04/03/2018,PWK,IL,AGL,CE,Towers with Radar,0,38,42,0,80,0,0,0,0,0,0,38,42,0,80,0,0,0,80
04/04/2018,PWK,IL,AGL,CE,Towers with Radar,0,36,47,0,83,0,3,42,0,45,0,39,89,0,128,46,0,46,174
04/05/2018,PWK,IL,AGL,CE,Towers with Radar,0,51,71,0,122,0,0,45,0,45,0,51,116,0,167,68,0,68,235
04/06/2018,PWK,IL,AGL,CE,Towers with Radar,0,40,43,0,83,0,5,62,0,67,0,45,105,0,150,42,0,42,192
04/07/2018,PWK,IL,AGL,CE,Towers with Radar,0,31,65,0,96,0,0,161,0,161,0,31,226,0,257,108,0,108,365
04/08/2018,PWK,IL,AGL,CE,Towers with Radar,0,41,55,0,96,0,0,133,0,133,0,41,188,0,229,74,0,74,303
04/09/2018,PWK,IL,AGL,CE,Towers with Radar,0,32,60,0,92,0,1,2,0,3,0,33,62,0,95,0,0,0,95
04/10/2018,PWK,IL,AGL,CE,Towers with Radar,0,39,54,0,93,0,6,71,0,77,0,45,125,0,170,56,0,56,226
04/11/2018,PWK,IL,AGL,CE,Towers with Radar,0,47,57,0,104,0,1,82,0,83,0,48,139,0,187,76,0,76,263
04/12/2018,PWK,IL,AGL,CE,Towers with Radar,0,39,78,0,117,0,0,43,0,43,0,39,121,0,160,144,0,144,304
04/13/2018,PWK,IL,AGL,CE,Towers with Radar,0,34,52,0,86,0,4,6,0,10,0,38,58,0,96,14,0,14,110
04/14/2018,PWK,IL,AGL,CE,Towers with Radar,0,8,16,0,24,0,0,0,0,0,0,8,16,0,24,0,0,0,24
04/15/2018,PWK,IL,AGL,CE,Towers with Radar,0,22,27,0,49,0,0,0,0,0,0,22,27,0,49,0,0,0,49
04/16/2018,PWK,IL,AGL,CE,Towers with Radar,0,19,48,0,67,0,5,31,0,36,0,24,79,0,103,8,0,8,111
04/17/2018,PWK,IL,AGL,CE,Towers with Radar,0,30,52,0,82,0,6,116,0,122,0,36,168,0,204,112,0,112,316
04/18/2018,PWK,IL,AGL,CE,Towers with Radar,0,30,60,0,90,0,1,7,0,8,0,31,67,0,98,10,0,10,108
04/19/2018,PWK,IL,AGL,CE,Towers with Radar,0,44,61,0,105,0,2,98,0,100,0,46,159,0,205,90,0,90,295
04/20/2018,PWK,IL,AGL,CE,Towers with Radar,0,42,79,1,122,0,0,114,0,114,0,42,193,1,236,92,0,92,328
04/21/2018,PWK,IL,AGL,CE,Towers with Radar,0,21,40,0,61,0,0,151,0,151,0,21,191,0,212,80,0,80,292
04/22/2018,PWK,IL,AGL,CE,Towers with Radar,0,39,67,0,106,0,0,136,0,136,0,39,203,0,242,160,0,160,402
04/23/2018,PWK,IL,AGL,CE,Towers with Radar,0,23,53,0,76,0,2,88,0,90,0,25,141,0,166,60,0,60,226
04/24/2018,PWK,IL,AGL,CE,Towers with Radar,0,36,53,0,89,0,0,47,0,47,0,36,100,0,136,72,0,72,208
04/25/2018,PWK,IL,AGL,CE,Towers with Radar,0,45,71,0,116,0,7,102,1,110,0,52,173,1,226,36,0,36,262
04/26/2018,PWK,IL,AGL,CE,Towers with Radar,0,51,96,0,147,0,0,90,0,90,0,51,186,0,237,76,0,76,313
04/27/2018,PWK,IL,AGL,CE,Towers with Radar,0,28,64,0,92,0,2,81,1,84,0,30,145,1,176,60,0,60,236
04/28/2018,PWK,IL,AGL,CE,Towers with Radar,0,22,36,0,58,0,3,99,0,102,0,25,135,0,160,86,0,86,246
04/29/2018,PWK,IL,AGL,CE,Towers with Radar,0,36,65,0,101,0,0,163,1,164,0,36,228,1,265,96,0,96,361
04/30/2018,PWK,IL,AGL,CE,Towers with Radar,0,31,65,0,96,0,0,81,1,82,0,31,146,1,178,44,0,44,222
05/01/2018,PWK,IL,AGL,CE,Towers with Radar,0,57,70,0,127,0,0,46,0,46,0,57,116,0,173,10,0,10,183
05/02/2018,PWK,IL,AGL,CE,Towers with Radar,0,48,85,0,133,0,3,39,0,42,0,51,124,0,175,16,0,16,191
05/03/2018,PWK,IL,AGL,CE,Towers with Radar,0,42,82,0,124,0,0,7,0,7,0,42,89,0,131,12,0,12,143
05/04/2018,PWK,IL,AGL,CE,Towers with Radar,0,60,67,0,127,0,6,77,0,83,0,66,144,0,210,62,0,62,272
05/05/2018,PWK,IL,AGL,CE,Towers with Radar,0,32,54,0,86,0,3,146,0,149,0,35,200,0,235,112,0,112,347
05/06/2018,PWK,IL,AGL,CE,Towers with Radar,0,37,72,0,109,0,1,108,0,109,0,38,180,0,218,26,0,26,244
05/07/2018,PWK,IL,AGL,CE,Towers with Radar,0,42,93,0,135,0,1,98,0,99,0,43,191,0,234,84,0,84,318
05/08/2018,PWK,IL,AGL,CE,Towers with Radar,0,50,77,0,127,0,1,123,1,125,0,51,200,1,252,112,0,112,364
05/09/2018,PWK,IL,AGL,CE,Towers with Radar,0,48,54,0,102,0,3,12,0,15,0,51,66,0,117,38,0,38,155
05/10/2018,PWK,IL,AGL,CE,Towers with Radar,0,50,84,0,134,0,2,105,0,107,0,52,189,0,241,118,0,118,359
05/11/2018,PWK,IL,AGL,CE,Towers with Radar,0,38,79,0,117,0,3,16,0,19,0,41,95,0,136,22,0,22,158
05/12/2018,PWK,IL,AGL,CE,Towers with Radar,0,18,35,0,53,0,0,0,0,0,0,18,35,0,53,0,0,0,53
05/13/2018,PWK,IL,AGL,CE,Towers with Radar,0,33,63,0,96,0,0,23,0,23,0,33,86,0,119,28,0,28,147
05/14/2018,PWK,IL,AGL,CE,Towers with Radar,0,47,54,0,101,0,0,35,0,35,0,47,89,0,136,20,0,20,156
05/15/2018,PWK,IL,AGL,CE,Towers with Radar,0,32,57,0,89,0,7,76,0,83,0,39,133,0,172,46,0,46,218
05/16/2018,PWK,IL,AGL,CE,Towers with Radar,0,41,78,0,119,0,0,151,0,151,0,41,229,0,270,50,0,50,320
05/17/2018,PWK,IL,AGL,CE,Towers with Radar,0,28,77,0,105,0,4,141,0,145,0,32,218,0,250,28,0,28,278
05/18/2018,PWK,IL,AGL,CE,Towers with Radar,0,40,53,0,93,0,9,97,0,106,0,49,150,0,199,14,0,14,213
05/19/2018,PWK,IL,AGL,CE,Towers with Radar,0,26,58,0,84,0,2,25,0,27,0,28,83,0,111,108,0,108,219
05/20/2018,PWK,IL,AGL,CE,Towers with Radar,0,36,71,0,107,0,1,18,0,19,0,37,89,0,126,0,0,0,126
05/21/2018,PWK,IL,AGL,CE,Towers with Radar,1,28,75,0,104,0,0,1,0,1,1,28,76,0,105,0,0,0,105
05/22/2018,PWK,IL,AGL,CE,Towers with Radar,0,45,92,0,137,0,0,37,0,37,0,45,129,0,174,120,0,120,294
05/23/2018,PWK,IL,AGL,CE,Towers with Radar,0,63,82,0,145,0,3,120,0,123,0,66,202,0,268,104,0,104,372
05/24/2018,PWK,IL,AGL,CE,Towers with Radar,0,55,103,0,158,0,0,108,0,108,0,55,211,0,266,52,0,52,318
05/25/2018,PWK,IL,AGL,CE,Towers with Radar,0,40,82,0,122,0,0,89,0,89,0,40,171,0,211,42,0,42,253
05/26/2018,PWK,IL,AGL,CE,Towers with Radar,0,28,28,0,56,0,0,98,0,98,0,28,126,0,154,106,0,106,260
05/27/2018,PWK,IL,AGL,CE,Towers with Radar,0,27,22,0,49,0,0,98,0,98,0,27,120,0,147,26,0,26,173
05/28/2018,PWK,IL,AGL,CE,Towers with Radar,0,38,53,0,91,0,2,89,0,91,0,40,142,0,182,58,0,58,240
05/29/2018,PWK,IL,AGL,CE,Towers with Radar,0,45,67,0,112,0,0,79,1,80,0,45,146,1,192,126,0,126,318
05/30/2018,PWK,IL,AGL,CE,Towers with Radar,0,43,61,0,104,0,0,13,0,13,0,43,74,0,117,8,0,8,125
05/31/2018,PWK,IL,AGL,CE,Towers with Radar,0,40,75,0,115,0,1,78,0,79,0,41,153,0,194,122,0,122,316
06/01/2018,PWK,IL,AGL,CE,Towers with Radar,0,34,62,0,96,0,0,54,0,54,0,34,116,0,150,82,0,82,232
06/02/2018,PWK,IL,AGL,CE,Towers with Radar,0,23,71,0,94,0,0,15,0,15,0,23,86,0,109,48,0,48,157
06/03/2018,PWK,IL,AGL,CE,Towers with Radar,0,31,51,0,82,0,5,79,1,85,0,36,130,1,167,46,0,46,213
06/04/2018,PWK,IL,AGL,CE,Towers with Radar,0,28,55,0,83,0,2,102,0,104,0,30,157,0,187,82,0,82,269
06/05/2018,PWK,IL,AGL,CE,Towers with Radar,0,27,58,0,85,0,3,69,0,72,0,30,127,0,157,116,0,116,273
06/06/2018,PWK,IL,AGL,CE,Towers with Radar,0,40,77,0,117,0,0,70,0,70,0,40,147,0,187,110,0,110,297
06/07/2018,PWK,IL,AGL,CE,Towers with Radar,0,44,82,0,126,0,0,91,0,91,0,44,173,0,217,128,0,128,345
06/08/2018,PWK,IL,AGL,CE,Towers with Radar,0,51,60,0,111,0,0,53,0,53,0,51,113,0,164,40,0,40,204
06/09/2018,PWK,IL,AGL,CE,Towers with Radar,0,25,57,0,82,0,0,17,0,17,0,25,74,0,99,30,0,30,129
06/10/2018,PWK,IL,AGL,CE,Towers with Radar,0,36,68,0,104,0,0,0,0,0,0,36,68,0,104,0,0,0,104
06/11/2018,PWK,IL,AGL,CE,Towers with Radar,0,54,89,0,143,0,0,4,0,4,0,54,93,0,147,16,0,16,163
06/12/2018,PWK,IL,AGL,CE,Towers with Radar,0,44,86,0,130,0,0,17,0,17,0,44,103,0,147,94,0,94,241
06/13/2018,PWK,IL,AGL,CE,Towers with Radar,0,48,93,0,141,0,6,145,0,151,0,54,238,0,292,92,0,92,384
06/14/2018,PWK,IL,AGL,CE,Towers with Radar,0,45,86,5,136,0,0,99,0,99,0,45,185,5,235,144,0,144,379
06/15/2018,PWK,IL,AGL,CE,Towers with Radar,0,42,83,0,125,0,0,102,1,103,0,42,185,1,228,142,0,142,370
06/16/2018,PWK,IL,AGL,CE,Towers with Radar,0,30,38,0,68,0,0,94,0,94,0,30,132,0,162,136,0,136,298
06/17/2018,PWK,IL,AGL,CE,Towers with Radar,0,58,60,0,118,0,0,114,0,114,0,58,174,0,232,96,0,96,328
06/18/2018,PWK,IL,AGL,CE,Towers with Radar,0,45,68,0,113,0,0,50,0,50,0,45,118,0,163,74,0,74,237
06/19/2018,PWK,IL,AGL,CE,Towers with Radar,0,54,88,0,142,0,0,6,0,6,0,54,94,0,148,108,0,108,256
06/20/2018,PWK,IL,AGL,CE,Towers with Radar,0,47,93,0,140,0,1,14,0,15,0,48,107,0,155,172,0,172,327
06/21/2018,PWK,IL,AGL,CE,Towers with Radar,0,45,82,0,127,0,0,0,0,0,0,45,82,0,127,0,0,0,127
06/22/2018,PWK,IL,AGL,CE,Towers with Radar,0,41,71,0,112,0,0,1,0,1,0,41,72,0,113,0,0,0,113
06/23/2018,PWK,IL,AGL,CE,Towers with Radar,0,33,57,0,90,0,1,144,0,145,0,34,201,0,235,101,0,101,336
06/24/2018,PWK,IL,AGL,CE,Towers with Radar,0,50,77,0,127,0,7,138,0,145,0,57,215,0,272,148,0,148,420
06/25/2018,PWK,IL,AGL,CE,Towers with Radar,0,50,79,0,129,0,0,91,1,92,0,50,170,1,221,54,0,54,275
06/26/2018,PWK,IL,AGL,CE,Towers with Radar,0,55,57,0,112,0,0,18,0,18,0,55,75,0,130,88,0,88,218
06/27/2018,PWK,IL,AGL,CE,Towers with Radar,0,45,105,0,150,0,0,51,0,51,0,45,156,0,201,110,0,110,311
06/28/2018,PWK,IL,AGL,CE,Towers with Radar,0,43,86,0,129,0,1,99,2,102,0,44,185,2,231,102,0,102,333
06/29/2018,PWK,IL,AGL,CE,Towers with Radar,0,62,87,0,149,0,0,105,0,105,0,62,192,0,254,102,0,102,356
06/30/2018,PWK,IL,AGL,CE,Towers with Radar,0,4,5,0,9,0,0,15,0,15,0,4,20,0,24,0,0,0,24
07/01/2018,PWK,IL,AGL,CE,Towers with Radar,0,8,23,0,31,0,2,25,0,27,0,10,48,0,58,20,0,20,78
07/02/2018,PWK,IL,AGL,CE,Towers with Radar,0,24,58,0,82,0,0,97,0,97,0,24,155,0,179,64,0,64,243
07/03/2018,PWK,IL,AGL,CE,Towers with Radar,0,37,45,0,82,0,0,106,0,106,0,37,151,0,188,134,0,134,322
07/04/2018,PWK,IL,AGL,CE,Towers with Radar,0,20,28,0,48,0,0,26,0,26,0,20,54,0,74,86,0,86,160
07/05/2018,PWK,IL,AGL,CE,Towers with Radar,0,27,51,0,78,0,1,52,0,53,0,28,103,0,131,128,0,128,259
07/06/2018,PWK,IL,AGL,CE,Towers with Radar,0,34,65,0,99,0,2,133,0,135,0,36,198,0,234,94,0,94,328
07/07/2018,PWK,IL,AGL,CE,Towers with Radar,0,32,47,0,79,0,1,162,0,163,0,33,209,0,242,142,0,142,384
07/08/2018,PWK,IL,AGL,CE,Towers with Radar,0,50,88,0,138,0,0,129,0,129,0,50,217,0,267,68,0,68,335
07/09/2018,PWK,IL,AGL,CE,Towers with Radar,0,41,76,0,117,0,0,87,0,87,0,41,163,0,204,120,0,120,324
07/10/2018,PWK,IL,AGL,CE,Towers with Radar,0,46,61,0,107,0,2,105,0,107,0,48,166,0,214,34,0,34,248
07/11/2018,PWK,IL,AGL,CE,Towers with Radar,0,40,79,0,119,0,0,100,0,100,0,40,179,0,219,96,0,96,315
07/12/2018,PWK,IL,AGL,CE,Towers with Radar,0,43,88,0,131,0,1,89,0,90,0,44,177,0,221,110,0,110,331
07/13/2018,PWK,IL,AGL,CE,Towers with Radar,0,67,88,0,155,0,0,91,0,91,0,67,179,0,246,70,0,70,316
07/14/2018,PWK,IL,AGL,CE,Towers with Radar,1,19,35,0,55,0,0,18,0,18,1,19,53,0,73,98,0,98,171
07/15/2018,PWK,IL,AGL,CE,Towers with Radar,1,62,91,0,154,0,0,100,0,100,1,62,191,0,254,162,0,162,416
07/16/2018,PWK,IL,AGL,CE,Towers with Radar,0,39,77,0,116,0,1,49,0,50,0,40,126,0,166,50,0,50,216
07/17/2018,PWK,IL,AGL,CE,Towers with Radar,0,44,85,0,129,0,2,104,1,107,0,46,189,1,236,90,0,90,326
07/18/2018,PWK,IL,AGL,CE,Towers with Radar,0,55,73,0,128,0,1,119,0,120,0,56,192,0,248,42,0,42,290
07/19/2018,PWK,IL,AGL,CE,Towers with Radar,0,43,88,0,131,0,0,94,2,96,0,43,182,2,227,94,0,94,321
07/20/2018,PWK,IL,AGL,CE,Towers with Radar,0,38,83,0,121,0,0,15,0,15,0,38,98,0,136,10,0,10,146
07/21/2018,PWK,IL,AGL,CE,Towers with Radar,0,28,53,0,81,0,2,15,0,17,0,30,68,0,98,10,0,10,108
07/22/2018,PWK,IL,AGL,CE,Towers with Radar,0,43,89,0,132,0,2,31,0,33,0,45,120,0,165,34,0,34,199
07/23/2018,PWK,IL,AGL,CE,Towers with Radar,0,27,80,0,107,0,0,112,0,112,0,27,192,0,219,94,0,94,313
07/24/2018,PWK,IL,AGL,CE,Towers with Radar,1,45,74,0,120,0,0,129,0,129,1,45,203,0,249,108,0,108,357
07/25/2018,PWK,IL,AGL,CE,Towers with Radar,0,39,85,0,124,0,1,133,0,134,0,40,218,0,258,66,0,66,324
07/26/2018,PWK,IL,AGL,CE,Towers with Radar,0,40,96,0,136,0,4,108,0,112,0,44,204,0,248,30,0,30,278
07/27/2018,PWK,IL,AGL,CE,Towers with Radar,0,30,91,0,121,0,2,121,0,123,0,32,212,0,244,76,0,76,320
07/28/2018,PWK,IL,AGL,CE,Towers with Radar,0,21,47,0,68,0,0,153,0,153,0,21,200,0,221,38,0,38,259
07/29/2018,PWK,IL,AGL,CE,Towers with Radar,0,44,107,0,151,0,0,139,0,139,0,44,246,0,290,44,0,44,334
07/30/2018,PWK,IL,AGL,CE,Towers with Radar,0,47,57,0,104,0,0,101,0,101,0,47,158,0,205,14,0,14,219
07/31/2018,PWK,IL,AGL,CE,Towers with Radar,0,68,70,0,138,0,0,54,0,54,0,68,124,0,192,116,0,116,308
08/01/2018,PWK,IL,AGL,CE,Towers with Radar,0,46,78,0,124,0,1,55,0,56,0,47,133,0,180,44,0,44,224
08/02/2018,PWK,IL,AGL,CE,Towers with Radar,0,67,87,2,156,0,0,62,0,62,0,67,149,2,218,109,0,109,327
08/03/2018,PWK,IL,AGL,CE,Towers with Radar,0,47,85,0,132,0,0,108,0,108,0,47,193,0,240,78,0,78,318
08/04/2018,PWK,IL,AGL,CE,Towers with Radar,0,18,49,0,67,0,0,87,0,87,0,18,136,0,154,68,0,68,222
08/05/2018,PWK,IL,AGL,CE,Towers with Radar,0,39,80,0,119,0,0,75,0,75,0,39,155,0,194,110,0,110,304
08/06/2018,PWK,IL,AGL,CE,Towers with Radar,0,31,78,0,109,0,0,15,0,15,0,31,93,0,124,36,0,36,160
08/07/2018,PWK,IL,AGL,CE,Towers with Radar,1,44,83,0,128,0,0,25,0,25,1,44,108,0,153,40,0,40,193
08/08/2018,PWK,IL,AGL,CE,Towers with Radar,0,42,101,0,143,0,1,85,0,86,0,43,186,0,229,74,0,74,303
08/09/2018,PWK,IL,AGL,CE,Towers with Radar,0,41,82,2,125,0,0,83,0,83,0,41,165,2,208,60,0,60,268
08/10/2018,PWK,IL,AGL,CE,Towers with Radar,0,59,91,0,150,0,0,89,0,89,0,59,180,0,239,116,0,116,355
08/11/2018,PWK,IL,AGL,CE,Towers with Radar,0,27,57,0,84,0,0,113,0,113,0,27,170,0,197,114,0,114,311
08/12/2018,PWK,IL,AGL,CE,Towers with Radar,0,47,74,0,121,0,2,102,0,104,0,49,176,0,225,80,0,80,305
08/13/2018,PWK,IL,AGL,CE,Towers with Radar,0,42,77,0,119,0,0,75,0,75,0,42,152,0,194,142,0,142,336
08/14/2018,PWK,IL,AGL,CE,Towers with Radar,0,53,84,0,137,0,1,85,0,86,0,54,169,0,223,98,0,98,321
08/15/2018,PWK,IL,AGL,CE,Towers with Radar,0,45,76,0,121,0,1,42,0,43,0,46,118,0,164,80,0,80,244
08/16/2018,PWK,IL,AGL,CE,Towers with Radar,0,51,89,0,140,0,0,29,0,29,0,51,118,0,169,108,0,108,277
08/17/2018,PWK,IL,AGL,CE,Towers with Radar,0,51,88,0,139,0,0,42,0,42,0,51,130,0,181,92,0,92,273
08/18/2018,PWK,IL,AGL,CE,Towers with Radar,1,42,52,0,95,0,0,117,0,117,1,42,169,0,212,150,0,150,362
08/19/2018,PWK,IL,AGL,CE,Towers with Radar,0,62,86,0,148,0,0,92,0,92,0,62,178,0,240,100,0,100,340
08/20/2018,PWK,IL,AGL,CE,Towers with Radar,0,33,85,0,118,0,0,9,0,9,0,33,94,0,127,16,0,16,143
08/21/2018,PWK,IL,AGL,CE,Towers with Radar,0,38,63,0,101,0,1,30,0,31,0,39,93,0,132,52,0,52,184
08/22/2018,PWK,IL,AGL,CE,Towers with Radar,0,49,88,0,137,0,1,101,0,102,0,50,189,0,239,84,0,84,323
08/23/2018,PWK,IL,AGL,CE,Towers with Radar,0,50,89,0,139,0,0,115,0,115,0,50,204,0,254,46,0,46,300
08/24/2018,PWK,IL,AGL,CE,Towers with Radar,0,37,89,0,126,0,0,24,0,24,0,37,113,0,150,22,0,22,172
08/25/2018,PWK,IL,AGL,CE,Towers with Radar,0,21,36,0,57,0,0,36,0,36,0,21,72,0,93,88,0,88,181
08/26/2018,PWK,IL,AGL,CE,Towers with Radar,0,22,63,1,86,0,1,66,1,68,0,23,129,2,154,110,0,110,264
08/27/2018,PWK,IL,AGL,CE,Towers with Radar,2,34,80,2,118,0,0,38,7,45,2,34,118,9,163,4,0,4,167
08/28/2018,PWK,IL,AGL,CE,Towers with Radar,0,33,95,0,128,0,0,9,0,9,0,33,104,0,137,72,0,72,209
08/29/2018,PWK,IL,AGL,CE,Towers with Radar,0,44,84,2,130,0,1,27,0,28,0,45,111,2,158,34,0,34,192
08/30/2018,PWK,IL,AGL,CE,Towers with Radar,0,40,87,0,127,0,0,112,0,112,0,40,199,0,239,110,0,110,349
08/31/2018,PWK,IL,AGL,CE,Towers with Radar,0,57,91,0,148,0,0,103,0,103,0,57,194,0,251,50,0,50,301
09/01/2018,PWK,IL,AGL,CE,Towers with Radar,0,28,28,0,56,0,0,10,0,10,0,28,38,0,66,16,0,16,82
09/02/2018,PWK,IL,AGL,CE,Towers with Radar,0,22,44,0,66,0,0,50,0,50,0,22,94,0,116,76,0,76,192
09/03/2018,PWK,IL,AGL,CE,Towers with Radar,0,56,65,0,121,0,0,13,0,13,0,56,78,0,134,4,0,4,138
09/04/2018,PWK,IL,AGL,CE,Towers with Radar,0,33,85,0,118,0,0,90,0,90,0,33,175,0,208,90,0,90,298
09/05/2018,PWK,IL,AGL,CE,Towers with Radar,0,39,64,0,103,0,1,35,0,36,0,40,99,0,139,46,0,46,185
09/06/2018,PWK,IL,AGL,CE,Towers with Radar,0,38,63,0,101,0,0,35,0,35,0,38,98,0,136,64,0,64,200
09/07/2018,PWK,IL,AGL,CE,Towers with Radar,0,40,75,0,115,0,0,43,0,43,0,40,118,0,158,86,0,86,244
09/08/2018,PWK,IL,AGL,CE,Towers with Radar,0,31,56,0,87,0,0,64,0,64,0,31,120,0,151,50,0,50,201
09/09/2018,PWK,IL,AGL,CE,Towers with Radar,0,39,78,0,117,0,0,79,0,79,0,39,157,0,196,28,0,28,224
09/10/2018,PWK,IL,AGL,CE,Towers with Radar,0,46,73,0,119,0,0,55,0,55,0,46,128,0,174,134,0,134,308
09/11/2018,PWK,IL,AGL,CE,Towers with Radar,0,31,77,0,108,0,0,73,2,75,0,31,150,2,183,134,0,134,317
09/12/2018,PWK,IL,AGL,CE,Towers with Radar,0,43,85,0,128,0,0,74,0,74,0,43,159,0,202,34,0,34,236
09/13/2018,PWK,IL,AGL,CE,Towers with Radar,0,55,75,0,130,0,0,94,0,94,0,55,169,0,224,70,0,70,294
09/14/2018,PWK,IL,AGL,CE,Towers with Radar,0,56,89,0,145,0,1,94,0,95,0,57,183,0,240,76,0,76,316
09/15/2018,PWK,IL,AGL,CE,Towers with Radar,0,20,65,0,85,0,1,128,0,129,0,21,193,0,214,166,0,166,380
09/16/2018,PWK,IL,AGL,CE,Towers with Radar,0,50,93,0,143,0,0,123,0,123,0,50,216,0,266,110,0,110,376
09/17/2018,PWK,IL,AGL,CE,Towers with Radar,0,44,76,0,120,0,0,65,0,65,0,44,141,0,185,36,0,36,221
09/18/2018,PWK,IL,AGL,CE,Towers with Radar,0,30,62,0,92,0,0,18,0,18,0,30,80,0,110,46,0,46,156
09/19/2018,PWK,IL,AGL,CE,Towers with Radar,0,37,66,0,103,0,0,44,0,44,0,37,110,0,147,32,0,32,179
09/20/2018,PWK,IL,AGL,CE,Towers with Radar,0,45,72,2,119,0,0,37,0,37,0,45,109,2,156,48,0,48,204
09/21/2018,PWK,IL,AGL,CE,Towers with Radar,0,50,52,0,102,0,4,45,0,49,0,54,97,0,151,24,0,24,175
09/22/2018,PWK,IL,AGL,CE,Towers with Radar,0,29,56,0,85,0,0,113,0,113,0,29,169,0,198,36,0,36,234
09/23/2018,PWK,IL,AGL,CE,Towers with Radar,0,55,62,0,117,0,0,114,0,114,0,55,176,0,231,50,0,50,281
09/24/2018,PWK,IL,AGL,CE,Towers with Radar,0,79,148,0,227,0,0,40,0,40,0,79,188,0,267,98,0,98,365
09/25/2018,PWK,IL,AGL,CE,Towers with Radar,0,53,67,0,120,0,1,18,2,21,0,54,85,2,141,42,0,42,183
09/26/2018,PWK,IL,AGL,CE,Towers with Radar,0,43,79,0,122,0,0,84,0,84,0,43,163,0,206,74,0,74,280
09/27/2018,PWK,IL,AGL,CE,Towers with Radar,0,49,88,0,137,0,0,82,0,82,0,49,170,0,219,22,0,22,241
09/28/2018,PWK,IL,AGL,CE,Towers with Radar,0,45,62,0,107,0,0,27,0,27,0,45,89,0,134,48,0,48,182
09/29/2018,PWK,IL,AGL,CE,Towers with Radar,0,21,65,0,86,0,0,112,0,112,0,21,177,0,198,110,0,110,308
09/30/2018,PWK,IL,AGL,CE,Towers with Radar,0,40,77,0,117,0,0,7,0,7,0,40,84,0,124,8,0,8,132
10/01/2018,PWK,IL,AGL,CE,Towers with Radar,0,39,56,0,95,0,0,7,0,7,0,39,63,0,102,16,0,16,118
10/02/2018,PWK,IL,AGL,CE,Towers with Radar,0,41,59,0,100,0,0,5,0,5,0,41,64,0,105,48,0,48,153
10/03/2018,PWK,IL,AGL,CE,Towers with Radar,0,25,67,0,92,0,0,48,1,49,0,25,115,1,141,38,0,38,179
10/04/2018,PWK,IL,AGL,CE,Towers with Radar,0,60,68,0,128,0,2,89,0,91,0,62,157,0,219,42,0,42,261
10/05/2018,PWK,IL,AGL,CE,Towers with Radar,1,45,71,0,117,0,0,0,0,0,1,45,71,0,117,0,0,0,117
10/06/2018,PWK,IL,AGL,CE,Towers with Radar,0,18,46,0,64,0,1,1,0,2,0,19,47,0,66,2,0,2,68
10/07/2018,PWK,IL,AGL,CE,Towers with Radar,0,42,70,0,112,0,0,0,0,0,0,42,70,0,112,0,0,0,112
10/08/2018,PWK,IL,AGL,CE,Towers with Radar,0,32,60,0,92,0,0,52,0,52,0,32,112,0,144,100,0,100,244
10/09/2018,PWK,IL,AGL,CE,Towers with Radar,0,45,79,0,124,0,1,68,0,69,0,46,147,0,193,104,0,104,297
10/10/2018,PWK,IL,AGL,CE,Towers with Radar,0,27,76,0,103,0,0,10,0,10,0,27,86,0,113,0,0,0,113
10/11/2018,PWK,IL,AGL,CE,Towers with Radar,0,40,71,0,111,0,3,61,0,64,0,43,132,0,175,16,0,16,191
10/12/2018,PWK,IL,AGL,CE,Towers with Radar,0,61,76,0,137,0,0,64,0,64,0,61,140,0,201,58,0,58,259
10/13/2018,PWK,IL,AGL,CE,Towers with Radar,0,31,56,0,87,0,1,114,2,117,0,32,170,2,204,22,0,22,226
10/14/2018,PWK,IL,AGL,CE,Towers with Radar,0,46,81,0,127,0,1,81,0,82,0,47,162,0,209,86,0,86,295
10/15/2018,PWK,IL,AGL,CE,Towers with Radar,0,26,51,0,77,0,2,44,0,46,0,28,95,0,123,72,0,72,195
10/16/2018,PWK,IL,AGL,CE,Towers with Radar,0,46,70,0,116,0,0,46,0,46,0,46,116,0,162,14,0,14,176
10/17/2018,PWK,IL,AGL,CE,Towers with Radar,0,46,59,0,105,0,4,81,0,85,0,50,140,0,190,56,0,56,246
10/18/2018,PWK,IL,AGL,CE,Towers with Radar,0,41,67,0,108,0,0,114,1,115,0,41,181,1,223,48,0,48,271
10/19/2018,PWK,IL,AGL,CE,Towers with Radar,0,54,63,1,118,0,0,35,0,35,0,54,98,1,153,44,0,44,197
10/20/2018,PWK,IL,AGL,CE,Towers with Radar,0,29,25,0,54,0,4,20,0,24,0,33,45,0,78,0,0,0,78
10/21/2018,PWK,IL,AGL,CE,Towers with Radar,0,52,58,0,110,0,0,130,4,134,0,52,188,4,244,38,0,38,282
10/22/2018,PWK,IL,AGL,CE,Towers with Radar,0,39,90,0,129,0,2,91,0,93,0,41,181,0,222,96,0,96,318
10/23/2018,PWK,IL,AGL,CE,Towers with Radar,0,30,62,0,92,0,0,74,0,74,0,30,136,0,166,70,0,70,236
10/24/2018,PWK,IL,AGL,CE,Towers with Radar,0,37,79,0,116,0,0,87,0,87,0,37,166,0,203,70,0,70,273
10/25/2018,PWK,IL,AGL,CE,Towers with Radar,0,51,89,0,140,0,0,76,0,76,0,51,165,0,216,18,0,18,234
10/26/2018,PWK,IL,AGL,CE,Towers with Radar,0,54,72,0,126,0,0,47,0,47,0,54,119,0,173,28,0,28,201
10/27/2018,PWK,IL,AGL,CE,Towers with Radar,0,35,68,0,103,0,0,99,1,100,0,35,167,1,203,38,0,38,241
10/28/2018,PWK,IL,AGL,CE,Towers with Radar,1,42,64,0,107,0,1,17,0,18,1,43,81,0,125,0,0,0,125
10/29/2018,PWK,IL,AGL,CE,Towers with Radar,0,38,50,0,88,0,1,83,0,84,0,39,133,0,172,40,0,40,212
10/30/2018,PWK,IL,AGL,CE,Towers with Radar,0,29,63,0,92,0,0,37,0,37,0,29,100,0,129,110,0,110,239
10/31/2018,PWK,IL,AGL,CE,Towers with Radar,0,41,40,0,81,0,3,65,0,68,0,44,105,0,149,70,0,70,219
11/01/2018,PWK,IL,AGL,CE,Towers with Radar,0,66,84,0,150,0,0,56,0,56,0,66,140,0,206,18,0,18,224
11/02/2018,PWK,IL,AGL,CE,Towers with Radar,0,73,61,1,135,0,2,77,0,79,0,75,138,1,214,48,0,48,262
11/03/2018,PWK,IL,AGL,CE,Towers with Radar,0,28,51,0,79,0,0,119,1,120,0,28,170,1,199,98,0,98,297
11/04/2018,PWK,IL,AGL,CE,Towers with Radar,0,62,57,0,119,0,0,3,0,3,0,62,60,0,122,0,0,0,122
11/05/2018,PWK,IL,AGL,CE,Towers with Radar,0,40,61,0,101,0,0,37,0,37,0,40,98,0,138,48,0,48,186
11/06/2018,PWK,IL,AGL,CE,Towers with Radar,0,34,54,0,88,0,0,11,0,11,0,34,65,0,99,0,0,0,99
11/07/2018,PWK,IL,AGL,CE,Towers with Radar,0,42,66,0,108,0,2,54,0,56,0,44,120,0,164,4,0,4,168
11/08/2018,PWK,IL,AGL,CE,Towers with Radar,1,44,65,0,110,0,1,75,0,76,1,45,140,0,186,88,0,88,274
11/09/2018,PWK,IL,AGL,CE,Towers with Radar,0,30,42,0,72,0,1,13,0,14,0,31,55,0,86,0,0,0,86
11/10/2018,PWK,IL,AGL,CE,Towers with Radar,0,28,50,0,78,0,1,94,0,95,0,29,144,0,173,108,0,108,281
11/11/2018,PWK,IL,AGL,CE,Towers with Radar,0,27,59,0,86,0,0,88,2,90,0,27,147,2,176,20,0,20,196
11/12/2018,PWK,IL,AGL,CE,Towers with Radar,0,34,50,0,84,0,2,65,0,67,0,36,115,0,151,100,0,100,251
11/13/2018,PWK,IL,AGL,CE,Towers with Radar,1,35,39,0,75,0,5,75,0,80,1,40,114,0,155,56,0,56,211
11/14/2018,PWK,IL,AGL,CE,Towers with Radar,0,31,58,0,89,0,0,65,0,65,0,31,123,0,154,91,0,91,245
11/15/2018,PWK,IL,AGL,CE,Towers with Radar,0,48,53,0,101,0,0,2,0,2,0,48,55,0,103,0,0,0,103
11/16/2018,PWK,IL,AGL,CE,Towers with Radar,0,59,95,0,154,0,2,34,0,36,0,61,129,0,190,16,0,16,206
11/17/2018,PWK,IL,AGL,CE,Towers with Radar,0,28,34,0,62,0,1,5,0,6,0,29,39,0,68,10,0,10,78
11/18/2018,PWK,IL,AGL,CE,Towers with Radar,0,44,52,0,96,0,3,106,0,109,0,47,158,0,205,124,0,124,329
11/19/2018,PWK,IL,AGL,CE,Towers with Radar,0,41,48,0,89,0,0,48,0,48,0,41,96,0,137,68,0,68,205
11/20/2018,PWK,IL,AGL,CE,Towers with Radar,0,52,55,0,107,0,1,81,0,82,0,53,136,0,189,20,0,20,209
11/21/2018,PWK,IL,AGL,CE,Towers with Radar,0,43,65,0,108,0,1,51,0,52,0,44,116,0,160,120,0,120,280
11/22/2018,PWK,IL,AGL,CE,Towers with Radar,0,10,22,0,32,0,0,11,0,11,0,10,33,0,43,16,0,16,59
11/23/2018,PWK,IL,AGL,CE,Towers with Radar,0,30,24,0,54,0,0,56,0,56,0,30,80,0,110,14,0,14,124
11/24/2018,PWK,IL,AGL,CE,Towers with Radar,0,44,63,0,107,0,3,7,0,10,0,47,70,0,117,40,0,40,157
11/25/2018,PWK,IL,AGL,CE,Towers with Radar,0,40,51,0,91,0,0,7,0,7,0,40,58,0,98,0,0,0,98
11/26/2018,PWK,IL,AGL,CE,Towers with Radar,0,32,42,0,74,0,4,20,1,25,0,36,62,1,99,0,0,0,99
11/27/2018,PWK,IL,AGL,CE,Towers with Radar,0,28,64,0,92,0,2,38,0,40,0,30,102,0,132,20,0,20,152
11/28/2018,PWK,IL,AGL,CE,Towers with Radar,0,33,83,0,116,0,0,32,0,32,0,33,115,0,148,54,0,54,202
11/29/2018,PWK,IL,AGL,CE,Towers with Radar,0,44,68,0,112,0,0,25,0,25,0,44,93,0,137,40,0,40,177
11/30/2018,PWK,IL,AGL,CE,Towers with Radar,0,42,72,0,114,0,0,27,0,27,0,42,99,0,141,108,0,108,249
12/01/2018,PWK,IL,AGL,CE,Towers with Radar,0,11,25,0,36,0,0,0,0,0,0,11,25,0,36,0,0,0,36
12/02/2018,PWK,IL,AGL,CE,Towers with Radar,0,24,52,0,76,0,0,7,0,7,0,24,59,0,83,0,0,0,83
12/03/2018,PWK,IL,AGL,CE,Towers with Radar,0,28,54,0,82,0,1,19,0,20,0,29,73,0,102,24,0,24,126
12/04/2018,PWK,IL,AGL,CE,Towers with Radar,0,44,76,0,120,0,1,19,0,20,0,45,95,0,140,66,0,66,206
12/05/2018,PWK,IL,AGL,CE,Towers with Radar,0,32,66,0,98,0,1,33,0,34,0,33,99,0,132,40,0,40,172
12/06/2018,PWK,IL,AGL,CE,Towers with Radar,0,36,66,0,102,0,3,70,0,73,0,39,136,0,175,78,0,78,253
12/07/2018,PWK,IL,AGL,CE,Towers with Radar,0,49,60,0,109,0,0,76,0,76,0,49,136,0,185,30,0,30,215
12/08/2018,PWK,IL,AGL,CE,Towers with Radar,0,23,45,0,68,0,0,108,0,108,0,23,153,0,176,80,0,80,256
12/09/2018,PWK,IL,AGL,CE,Towers with Radar,0,29,58,1,88,0,0,72,0,72,0,29,130,1,160,74,0,74,234
12/10/2018,PWK,IL,AGL,CE,Towers with Radar,0,41,67,0,108,0,1,46,0,47,0,42,113,0,155,54,0,54,209
12/11/2018,PWK,IL,AGL,CE,Towers with Radar,0,47,64,0,111,0,0,85,1,86,0,47,149,1,197,72,0,72,269
12/12/2018,PWK,IL,AGL,CE,Towers with Radar,1,53,59,0,113,0,3,24,0,27,1,56,83,0,140,6,0,6,146
12/13/2018,PWK,IL,AGL,CE,Towers with Radar,0,47,73,0,120,0,0,38,0,38,0,47,111,0,158,76,0,76,234
12/14/2018,PWK,IL,AGL,CE,Towers with Radar,0,37,58,0,95,0,0,0,0,0,0,37,58,0,95,0,0,0,95
12/15/2018,PWK,IL,AGL,CE,Towers with Radar,0,27,62,0,89,0,0,109,0,109,0,27,171,0,198,28,0,28,226
12/16/2018,PWK,IL,AGL,CE,Towers with Radar,0,36,53,0,89,0,0,94,1,95,0,36,147,1,184,74,0,74,258
12/17/2018,PWK,IL,AGL,CE,Towers with Radar,0,30,60,0,90,0,1,74,0,75,0,31,134,0,165,66,0,66,231
12/18/2018,PWK,IL,AGL,CE,Towers with Radar,0,25,62,2,89,0,0,73,2,75,0,25,135,4,164,82,0,82,246
12/19/2018,PWK,IL,AGL,CE,Towers with Radar,0,43,54,0,97,0,0,90,0,90,0,43,144,0,187,44,0,44,231
12/20/2018,PWK,IL,AGL,CE,Towers with Radar,0,37,48,0,85,0,0,0,0,0,0,37,48,0,85,0,0,0,85
12/21/2018,PWK,IL,AGL,CE,Towers with Radar,0,32,51,0,83,0,4,9,0,13,0,36,60,0,96,4,0,4,100
12/22/2018,PWK,IL,AGL,CE,Towers with Radar,0,45,52,0,97,0,0,16,0,16,0,45,68,0,113,158,0,158,271
12/23/2018,PWK,IL,AGL,CE,Towers with Radar,0,44,24,0,68,0,2,40,1,43,0,46,64,1,111,70,0,70,181
12/24/2018,PWK,IL,AGL,CE,Towers with Radar,0,13,17,0,30,0,0,62,0,62,0,13,79,0,92,46,0,46,138
12/25/2018,PWK,IL,AGL,CE,Towers with Radar,0,34,9,0,43,0,0,13,0,13,0,34,22,0,56,0,0,0,56
12/26/2018,PWK,IL,AGL,CE,Towers with Radar,0,58,72,0,130,0,0,51,0,51,0,58,123,0,181,32,0,32,213
12/27/2018,PWK,IL,AGL,CE,Towers with Radar,0,57,43,0,100,0,0,1,0,1,0,57,44,0,101,0,0,0,101
12/28/2018,PWK,IL,AGL,CE,Towers with Radar,0,33,22,0,55,0,0,0,0,0,0,33,22,0,55,0,0,0,55
12/29/2018,PWK,IL,AGL,CE,Towers with Radar,0,27,26,0,53,0,0,6,0,6,0,27,32,0,59,74,0,74,133
12/30/2018,PWK,IL,AGL,CE,Towers with Radar,0,18,37,0,55,0,0,78,0,78,0,18,115,0,133,14,0,14,147
12/31/2018,PWK,IL,AGL,CE,Towers with Radar,0,21,14,0,35,0,0,0,0,0,0,21,14,0,35,0,0,0,35
01/01/2019,PWK,IL,AGL,CE,Towers with Radar,0,16,15,0,31,0,1,1,0,2,0,17,16,0,33,0,0,0,33
01/02/2019,PWK,IL,AGL,CE,Towers with Radar,0,25,46,0,71,0,0,3,0,3,0,25,49,0,74,0,0,0,74
01/03/2019,PWK,IL,AGL,CE,Towers with Radar,0,26,35,0,61,0,0,96,0,96,0,26,131,0,157,36,0,36,193
01/04/2019,PWK,IL,AGL,CE,Towers with Radar,0,44,49,0,93,0,3,90,0,93,0,47,139,0,186,32,0,32,218
01/05/2019,PWK,IL,AGL,CE,Towers with Radar,0,42,61,0,103,0,1,149,0,150,0,43,210,0,253,48,0,48,301
01/06/2019,PWK,IL,AGL,CE,Towers with Radar,0,44,52,0,96,0,0,47,0,47,0,44,99,0,143,56,0,56,199
01/07/2019,PWK,IL,AGL,CE,Towers with Radar,0,22,22,0,44,0,0,1,0,1,0,22,23,0,45,2,0,2,47
01/08/2019,PWK,IL,AGL,CE,Towers with Radar,0,16,34,0,50,0,3,12,0,15,0,19,46,0,65,40,0,40,105
01/09/2019,PWK,IL,AGL,CE,Towers with Radar,0,22,50,0,72,0,1,40,0,41,0,23,90,0,113,0,0,0,113
01/10/2019,PWK,IL,AGL,CE,Towers with Radar,0,30,61,0,91,0,1,40,0,41,0,31,101,0,132,28,0,28,160
01/11/2019,PWK,IL,AGL,CE,Towers with Radar,0,38,43,0,81,0,0,39,0,39,0,38,82,0,120,54,0,54,174
01/12/2019,PWK,IL,AGL,CE,Towers with Radar,0,11,18,0,29,0,0,1,0,1,0,11,19,0,30,0,0,0,30
01/13/2019,PWK,IL,AGL,CE,Towers with Radar,0,38,35,0,73,0,1,65,0,66,0,39,100,0,139,14,0,14,153
01/14/2019,PWK,IL,AGL,CE,Towers with Radar,0,35,37,0,72,0,0,7,0,7,0,35,44,0,79,18,0,18,97
01/15/2019,PWK,IL,AGL,CE,Towers with Radar,0,28,42,0,70,0,0,0,0,0,0,28,42,0,70,12,0,12,82
01/16/2019,PWK,IL,AGL,CE,Towers with Radar,0,43,46,0,89,0,1,55,0,56,0,44,101,0,145,34,0,34,179
01/17/2019,PWK,IL,AGL,CE,Towers with Radar,0,26,63,0,89,0,0,6,0,6,0,26,69,0,95,0,0,0,95
01/18/2019,PWK,IL,AGL,CE,Towers with Radar,0,43,71,0,114,0,0,14,0,14,0,43,85,0,128,66,0,66,194
01/19/2019,PWK,IL,AGL,CE,Towers with Radar,0,3,13,0,16,0,1,2,0,3,0,4,15,0,19,0,0,0,19
01/20/2019,PWK,IL,AGL,CE,Towers with Radar,0,24,25,0,49,0,3,52,0,55,0,27,77,0,104,14,0,14,118
01/21/2019,PWK,IL,AGL,CE,Towers with Radar,0,38,65,0,103,0,0,31,0,31,0,38,96,0,134,0,0,0,134
01/22/2019,PWK,IL,AGL,CE,Towers with Radar,0,17,25,0,42,0,0,3,0,3,0,17,28,0,45,16,0,16,61
01/23/2019,PWK,IL,AGL,CE,Towers with Radar,0,18,54,0,72,0,0,0,0,0,0,18,54,0,72,0,0,0,72
01/24/2019,PWK,IL,AGL,CE,Towers with Radar,0,40,67,0,107,0,2,5,0,7,0,42,72,0,114,6,0,6,120
01/25/2019,PWK,IL,AGL,CE,Towers with Radar,0,40,34,0,74,0,0,6,0,6,0,40,40,0,80,0,0,0,80
01/26/2019,PWK,IL,AGL,CE,Towers with Radar,0,21,31,0,52,0,0,24,0,24,0,21,55,0,76,14,0,14,90
01/27/2019,PWK,IL,AGL,CE,Towers with Radar,0,37,43,0,80,0,0,49,0,49,0,37,92,0,129,56,0,56,185
01/28/2019,PWK,IL,AGL,CE,Towers with Radar,0,11,21,0,32,0,0,3,0,3,0,11,24,0,35,0,0,0,35
01/29/2019,PWK,IL,AGL,CE,Towers with Radar,0,16,39,0,55,0,5,20,0,25,0,21,59,0,80,4,0,4,84
01/30/2019,PWK,IL,AGL,CE,Towers with Radar,0,29,31,0,60,0,2,6,0,8,0,31,37,0,68,0,0,0,68
01/31/2019,PWK,IL,AGL,CE,Towers with Radar,0,50,72,0,122,0,0,7,0,7,0,50,79,0,129,6,0,6,135
02/01/2019,PWK,IL,AGL,CE,Towers with Radar,0,48,33,0,81,0,0,56,0,56,0,48,89,0,137,4,0,4,141
02/02/2019,PWK,IL,AGL,CE,Towers with Radar,0,25,34,0,59,0,0,5,0,5,0,25,39,0,64,24,0,24,88
02/03/2019,PWK,IL,AGL,CE,Towers with Radar,0,30,30,0,60,0,0,1,0,1,0,30,31,0,61,0,0,0,61
02/04/2019,PWK,IL,AGL,CE,Towers with Radar,0,33,56,0,89,0,0,1,0,1,0,33,57,0,90,0,0,0,90
02/05/2019,PWK,IL,AGL,CE,Towers with Radar,0,36,55,0,91,0,0,11,0,11,0,36,66,0,102,46,0,46,148
02/06/2019,PWK,IL,AGL,CE,Towers with Radar,0,35,33,0,68,0,0,0,0,0,0,35,33,0,68,0,0,0,68
02/07/2019,PWK,IL,AGL,CE,Towers with Radar,1,26,35,0,62,0,1,1,0,2,1,27,36,0,64,0,0,0,64
02/08/2019,PWK,IL,AGL,CE,Towers with Radar,0,31,44,0,75,0,3,11,0,14,0,34,55,0,89,0,0,0,89
02/09/2019,PWK,IL,AGL,CE,Towers with Radar,0,16,55,0,71,0,0,120,0,120,0,16,175,0,191,54,0,54,245
02/10/2019,PWK,IL,AGL,CE,Towers with Radar,0,34,42,0,76,0,0,21,0,21,0,34,63,0,97,36,0,36,133
02/11/2019,PWK,IL,AGL,CE,Towers with Radar,0,22,54,0,76,0,0,2,0,2,0,22,56,0,78,32,0,32,110
02/12/2019,PWK,IL,AGL,CE,Towers with Radar,0,18,42,0,60,0,0,0,0,0,0,18,42,0,60,0,0,0,60
02/13/2019,PWK,IL,AGL,CE,Towers with Radar,0,38,64,0,102,0,3,31,0,34,0,41,95,0,136,18,0,18,154
02/14/2019,PWK,IL,AGL,CE,Towers with Radar,0,54,71,0,125,0,1,45,0,46,0,55,116,0,171,58,0,58,229
02/15/2019,PWK,IL,AGL,CE,Towers with Radar,0,43,47,0,90,0,2,44,0,46,0,45,91,0,136,48,0,48,184
02/16/2019,PWK,IL,AGL,CE,Towers with Radar,0,19,33,0,52,0,2,47,0,49,0,21,80,0,101,126,0,126,227
02/17/2019,PWK,IL,AGL,CE,Towers with Radar,0,15,18,0,33,0,0,0,0,0,0,15,18,0,33,0,0,0,33
02/18/2019,PWK,IL,AGL,CE,Towers with Radar,0,47,52,0,99,0,2,33,0,35,0,49,85,0,134,14,0,14,148
02/19/2019,PWK,IL,AGL,CE,Towers with Radar,0,52,70,0,122,0,0,45,0,45,0,52,115,0,167,74,0,74,241
02/20/2019,PWK,IL,AGL,CE,Towers with Radar,0,42,37,0,79,0,0,0,0,0,0,42,37,0,79,0,0,0,79
02/21/2019,PWK,IL,AGL,CE,Towers with Radar,0,44,64,0,108,0,3,69,0,72,0,47,133,0,180,66,0,66,246
02/22/2019,PWK,IL,AGL,CE,Towers with Radar,0,34,54,0,88,0,0,59,0,59,0,34,113,0,147,44,0,44,191
02/23/2019,PWK,IL,AGL,CE,Towers with Radar,0,19,31,0,50,0,0,0,0,0,0,19,31,0,50,12,0,12,62
02/24/2019,PWK,IL,AGL,CE,Towers with Radar,0,4,13,0,17,0,2,10,0,12,0,6,23,0,29,0,0,0,29
02/25/2019,PWK,IL,AGL,CE,Towers with Radar,0,32,42,0,74,0,2,58,0,60,0,34,100,0,134,50,0,50,184
02/26/2019,PWK,IL,AGL,CE,Towers with Radar,0,29,54,0,83,0,1,3,0,4,0,30,57,0,87,0,0,0,87
02/27/2019,PWK,IL,AGL,CE,Towers with Radar,0,23,46,0,69,0,2,25,0,27,0,25,71,0,96,68,0,68,164
02/28/2019,PWK,IL,AGL,CE,Towers with Radar,0,48,46,0,94,0,0,47,0,47,0,48,93,0,141,48,0,48,189
03/01/2019,PWK,IL,AGL,CE,Towers with Radar,0,50,71,0,121,0,0,53,0,53,0,50,124,0,174,20,0,20,194
03/02/2019,PWK,IL,AGL,CE,Towers with Radar,0,18,34,0,52,0,2,33,0,35,0,20,67,0,87,79,0,79,166
03/03/2019,PWK,IL,AGL,CE,Towers with Radar,0,41,35,2,78,0,2,105,0,107,0,43,140,2,185,36,0,36,221
03/04/2019,PWK,IL,AGL,CE,Towers with Radar,0,32,44,0,76,0,0,24,0,24,0,32,68,0,100,0,0,0,100
03/05/2019,PWK,IL,AGL,CE,Towers with Radar,0,36,36,0,72,0,3,43,0,46,0,39,79,0,118,4,0,4,122
03/06/2019,PWK,IL,AGL,CE,Towers with Radar,0,52,53,0,105,0,2,45,0,47,0,54,98,0,152,10,0,10,162
03/07/2019,PWK,IL,AGL,CE,Towers with Radar,0,44,63,2,109,0,0,37,0,37,0,44,100,2,146,52,0,52,198
03/08/2019,PWK,IL,AGL,CE,Towers with Radar,0,43,53,0,96,0,0,38,0,38,0,43,91,0,134,46,0,46,180
03/09/2019,PWK,IL,AGL,CE,Towers with Radar,0,23,27,0,50,0,1,11,0,12,0,24,38,0,62,12,0,12,74
03/10/2019,PWK,IL,AGL,CE,Towers with Radar,0,26,36,0,62,0,1,17,0,18,0,27,53,0,80,0,0,0,80
03/11/2019,PWK,IL,AGL,CE,Towers with Radar,0,28,65,0,93,0,6,97,3,106,0,34,162,3,199,64,0,64,263
03/12/2019,PWK,IL,AGL,CE,Towers with Radar,0,36,69,2,107,0,0,58,0,58,0,36,127,2,165,78,0,78,243
03/13/2019,PWK,IL,AGL,CE,Towers with Radar,0,36,46,0,82,0,0,10,0,10,0,36,56,0,92,44,0,44,136
03/14/2019,PWK,IL,AGL,CE,Towers with Radar,0,31,46,0,77,0,1,3,0,4,0,32,49,0,81,0,0,0,81
03/15/2019,PWK,IL,AGL,CE,Towers with Radar,0,42,47,0,89,0,3,9,0,12,0,45,56,0,101,0,0,0,101
03/16/2019,PWK,IL,AGL,CE,Towers with Radar,0,14,39,0,53,0,1,146,0,147,0,15,185,0,200,50,0,50,250
03/17/2019,PWK,IL,AGL,CE,Towers with Radar,0,36,54,0,90,0,3,131,0,134,0,39,185,0,224,72,0,72,296
03/18/2019,PWK,IL,AGL,CE,Towers with Radar,0,20,46,0,66,0,2,65,0,67,0,22,111,0,133,86,0,86,219
03/19/2019,PWK,IL,AGL,CE,Towers with Radar,0,34,75,0,109,0,0,81,0,81,0,34,156,0,190,68,0,68,258
03/20/2019,PWK,IL,AGL,CE,Towers with Radar,0,43,52,0,95,0,0,3,0,3,0,43,55,0,98,0,0,0,98
03/21/2019,PWK,IL,AGL,CE,Towers with Radar,0,48,73,0,121,0,0,23,0,23,0,48,96,0,144,34,0,34,178
03/22/2019,PWK,IL,AGL,CE,Towers with Radar,0,47,52,0,99,0,1,86,0,87,0,48,138,0,186,16,0,16,202
03/23/2019,PWK,IL,AGL,CE,Towers with Radar,0,31,69,0,100,0,0,149,3,152,0,31,218,3,252,16,0,16,268
03/24/2019,PWK,IL,AGL,CE,Towers with Radar,0,26,48,0,74,0,0,22,0,22,0,26,70,0,96,6,0,6,102
03/25/2019,PWK,IL,AGL,CE,Towers with Radar,0,14,32,0,46,0,2,66,0,68,0,16,98,0,114,16,0,16,130
03/26/2019,PWK,IL,AGL,CE,Towers with Radar,0,33,30,0,63,0,0,66,1,67,0,33,96,1,130,28,0,28,158
03/27/2019,PWK,IL,AGL,CE,Towers with Radar,0,27,55,0,82,0,1,46,0,47,0,28,101,0,129,52,0,52,181
03/28/2019,PWK,IL,AGL,CE,Towers with Radar,0,46,56,0,102,0,1,49,0,50,0,47,105,0,152,14,0,14,166
03/29/2019,PWK,IL,AGL,CE,Towers with Radar,0,40,50,0,90,0,0,52,0,52,0,40,102,0,142,44,0,44,186
03/30/2019,PWK,IL,AGL,CE,Towers with Radar,0,36,48,0,84,0,2,46,0,48,0,38,94,0,132,26,0,26,158
03/31/2019,PWK,IL,AGL,CE,Towers with Radar,1,44,61,0,106,0,4,139,0,143,1,48,200,0,249,90,0,90,339
04/01/2019,PWK,IL,AGL,CE,Towers with Radar,0,46,49,0,95,0,0,42,0,42,0,46,91,0,137,0,0,0,137
04/02/2019,PWK,IL,AGL,CE,Towers with Radar,0,34,62,0,96,0,0,20,1,21,0,34,82,1,117,0,0,0,117
04/03/2019,PWK,IL,AGL,CE,Towers with Radar,0,37,59,0,96,0,0,70,0,70,0,37,129,0,166,41,0,41,207
04/04/2019,PWK,IL,AGL,CE,Towers with Radar,0,42,74,0,116,0,1,9,0,10,0,43,83,0,126,28,0,28,154
04/05/2019,PWK,IL,AGL,CE,Towers with Radar,0,35,61,0,96,0,0,6,0,6,0,35,67,0,102,42,0,42,144
04/06/2019,PWK,IL,AGL,CE,Towers with Radar,0,20,44,2,66,0,0,62,0,62,0,20,106,2,128,50,0,50,178
04/07/2019,PWK,IL,AGL,CE,Towers with Radar,0,33,58,0,91,0,0,16,0,16,0,33,74,0,107,10,0,10,117
04/08/2019,PWK,IL,AGL,CE,Towers with Radar,0,37,54,0,91,0,0,83,1,84,0,37,137,1,175,80,0,80,255
04/09/2019,PWK,IL,AGL,CE,Towers with Radar,0,23,48,0,71,0,3,107,1,111,0,26,155,1,182,72,0,72,254
04/10/2019,PWK,IL,AGL,CE,Towers with Radar,0,43,74,0,117,0,0,7,0,7,0,43,81,0,124,0,0,0,124
04/11/2019,PWK,IL,AGL,CE,Towers with Radar,0,40,45,0,85,0,0,19,0,19,0,40,64,0,104,0,0,0,104
04/12/2019,PWK,IL,AGL,CE,Towers with Radar,0,40,52,0,92,0,0,10,0,10,0,40,62,0,102,0,0,0,102
04/13/2019,PWK,IL,AGL,CE,Towers with Radar,0,25,31,0,56,0,1,106,0,107,0,26,137,0,163,46,0,46,209
04/14/2019,PWK,IL,AGL,CE,Towers with Radar,0,12,25,0,37,0,0,1,0,1,0,12,26,0,38,0,0,0,38
04/15/2019,PWK,IL,AGL,CE,Towers with Radar,0,52,69,0,121,0,0,75,0,75,0,52,144,0,196,114,0,114,310
04/16/2019,PWK,IL,AGL,CE,Towers with Radar,0,51,61,0,112,0,2,69,0,71,0,53,130,0,183,98,0,98,281
04/17/2019,PWK,IL,AGL,CE,Towers with Radar,0,45,79,0,124,0,0,24,0,24,0,45,103,0,148,92,0,92,240
04/18/2019,PWK,IL,AGL,CE,Towers with Radar,0,52,74,0,126,0,3,8,0,11,0,55,82,0,137,34,0,34,171
04/19/2019,PWK,IL,AGL,CE,Towers with Radar,0,20,35,0,55,0,4,12,0,16,0,24,47,0,71,0,0,0,71
04/20/2019,PWK,IL,AGL,CE,Towers with Radar,0,26,25,0,51,0,2,86,0,88,0,28,111,0,139,28,0,28,167
04/21/2019,PWK,IL,AGL,CE,Towers with Radar,0,34,40,0,74,0,0,94,0,94,0,34,134,0,168,6,0,6,174
04/22/2019,PWK,IL,AGL,CE,Towers with Radar,0,53,75,0,128,0,0,43,0,43,0,53,118,0,171,26,0,26,197
04/23/2019,PWK,IL,AGL,CE,Towers with Radar,0,55,51,0,106,0,0,39,0,39,0,55,90,0,145,50,0,50,195
04/24/2019,PWK,IL,AGL,CE,Towers with Radar,0,53,93,0,146,0,0,78,0,78,0,53,171,0,224,64,0,64,288
04/25/2019,PWK,IL,AGL,CE,Towers with Radar,0,43,56,0,99,0,0,62,0,62,0,43,118,0,161,60,0,60,221
04/26/2019,PWK,IL,AGL,CE,Towers with Radar,0,42,32,2,76,0,2,43,0,45,0,44,75,2,121,18,0,18,139
04/27/2019,PWK,IL,AGL,CE,Towers with Radar,0,11,16,0,27,0,0,2,0,2,0,11,18,0,29,0,0,0,29
04/28/2019,PWK,IL,AGL,CE,Towers with Radar,0,48,52,0,100,0,0,123,0,123,0,48,175,0,223,52,0,52,275
04/29/2019,PWK,IL,AGL,CE,Towers with Radar,0,29,41,0,70,0,0,0,0,0,0,29,41,0,70,0,0,0,70
04/30/2019,PWK,IL,AGL,CE,Towers with Radar,0,33,58,0,91,0,0,0,0,0,0,33,58,0,91,0,0,0,91
05/01/2019,PWK,IL,AGL,CE,Towers with Radar,0,44,89,0,133,0,0,5,0,5,0,44,94,0,138,10,0,10,148
05/02/2019,PWK,IL,AGL,CE,Towers with Radar,0,33,48,0,81,0,0,0,0,0,0,33,48,0,81,0,0,0,81
05/03/2019,PWK,IL,AGL,CE,Towers with Radar,0,46,51,0,97,0,9,96,0,105,0,55,147,0,202,74,0,74,276
05/04/2019,PWK,IL,AGL,CE,Towers with Radar,0,37,57,0,94,0,0,115,0,115,0,37,172,0,209,24,0,24,233
05/05/2019,PWK,IL,AGL,CE,Towers with Radar,0,36,72,0,108,0,0,103,2,105,0,36,175,2,213,46,0,46,259
05/06/2019,PWK,IL,AGL,CE,Towers with Radar,0,44,85,0,129,0,0,45,0,45,0,44,130,0,174,20,0,20,194
05/07/2019,PWK,IL,AGL,CE,Towers with Radar,0,39,85,0,124,0,4,34,4,42,0,43,119,4,166,20,0,20,186
05/08/2019,PWK,IL,AGL,CE,Towers with Radar,0,59,97,0,156,0,0,31,0,31,0,59,128,0,187,24,0,24,211
05/09/2019,PWK,IL,AGL,CE,Towers with Radar,0,46,69,0,115,0,4,22,0,26,0,50,91,0,141,24,0,24,165
05/10/2019,PWK,IL,AGL,CE,Towers with Radar,0,47,94,0,141,0,4,110,0,114,0,51,204,0,255,62,0,62,317
05/11/2019,PWK,IL,AGL,CE,Towers with Radar,0,32,40,0,72,0,0,93,0,93,0,32,133,0,165,87,0,87,252
05/12/2019,PWK,IL,AGL,CE,Towers with Radar,0,30,37,0,67,0,2,69,0,71,0,32,106,0,138,44,0,44,182
05/13/2019,PWK,IL,AGL,CE,Towers with Radar,0,32,72,0,104,0,0,107,1,108,0,32,179,1,212,40,0,40,252
05/14/2019,PWK,IL,AGL,CE,Towers with Radar,1,37,62,0,100,0,0,97,0,97,1,37,159,0,197,88,0,88,285
05/15/2019,PWK,IL,AGL,CE,Towers with Radar,0,46,87,0,133,0,4,79,2,85,0,50,166,2,218,52,0,52,270
05/16/2019,PWK,IL,AGL,CE,Towers with Radar,0,54,66,0,120,0,0,41,0,41,0,54,107,0,161,52,0,52,213
05/17/2019,PWK,IL,AGL,CE,Towers with Radar,0,44,65,0,109,0,6,38,0,44,0,50,103,0,153,54,0,54,207
05/18/2019,PWK,IL,AGL,CE,Towers with Radar,0,32,55,0,87,0,0,57,0,57,0,32,112,0,144,100,0,100,244
05/19/2019,PWK,IL,AGL,CE,Towers with Radar,0,39,48,0,87,0,2,21,0,23,0,41,69,0,110,0,0,0,110
05/20/2019,PWK,IL,AGL,CE,Towers with Radar,0,48,63,0,111,0,8,70,0,78,0,56,133,0,189,62,0,62,251
05/21/2019,PWK,IL,AGL,CE,Towers with Radar,0,42,86,0,128,0,0,15,0,15,0,42,101,0,143,16,0,16,159
05/22/2019,PWK,IL,AGL,CE,Towers with Radar,0,50,70,0,120,0,0,40,0,40,0,50,110,0,160,56,0,56,216
05/23/2019,PWK,IL,AGL,CE,Towers with Radar,0,40,61,0,101,0,5,112,0,117,0,45,173,0,218,24,0,24,242
05/24/2019,PWK,IL,AGL,CE,Towers with Radar,0,40,77,0,117,0,0,38,0,38,0,40,115,0,155,54,0,54,209
05/25/2019,PWK,IL,AGL,CE,Towers with Radar,0,19,47,0,66,0,5,61,0,66,0,24,108,0,132,98,0,98,230
05/26/2019,PWK,IL,AGL,CE,Towers with Radar,0,24,40,0,64,0,0,75,0,75,0,24,115,0,139,84,0,84,223
05/27/2019,PWK,IL,AGL,CE,Towers with Radar,0,37,65,0,102,0,0,39,0,39,0,37,104,0,141,24,0,24,165
05/28/2019,PWK,IL,AGL,CE,Towers with Radar,0,37,87,0,124,0,0,11,0,11,0,37,98,0,135,30,0,30,165
05/29/2019,PWK,IL,AGL,CE,Towers with Radar,0,43,80,0,123,0,0,47,0,47,0,43,127,0,170,80,0,80,250
05/30/2019,PWK,IL,AGL,CE,Towers with Radar,0,36,51,0,87,0,0,84,0,84,0,36,135,0,171,58,0,58,229
05/31/2019,PWK,IL,AGL,CE,Towers with Radar,0,42,71,2,115,0,1,128,0,129,0,43,199,2,244,42,0,42,286
06/01/2019,PWK,IL,AGL,CE,Towers with Radar,0,28,39,0,67,0,0,37,0,37,0,28,76,0,104,28,0,28,132
06/02/2019,PWK,IL,AGL,CE,Towers with Radar,0,47,67,0,114,0,3,130,0,133,0,50,197,0,247,102,0,102,349
06/03/2019,PWK,IL,AGL,CE,Towers with Radar,0,45,57,0,102,0,0,104,0,104,0,45,161,0,206,60,0,60,266
06/04/2019,PWK,IL,AGL,CE,Towers with Radar,0,41,59,0,100,0,0,44,0,44,0,41,103,0,144,100,0,100,244
06/05/2019,PWK,IL,AGL,CE,Towers with Radar,0,62,56,0,118,0,3,83,0,86,0,65,139,0,204,120,0,120,324
06/06/2019,PWK,IL,AGL,CE,Towers with Radar,0,58,108,0,166,0,1,76,0,77,0,59,184,0,243,78,0,78,321
06/07/2019,PWK,IL,AGL,CE,Towers with Radar,0,45,72,0,117,0,0,98,0,98,0,45,170,0,215,58,0,58,273
06/08/2019,PWK,IL,AGL,CE,Towers with Radar,0,22,37,0,59,0,0,106,0,106,0,22,143,0,165,78,0,78,243
06/09/2019,PWK,IL,AGL,CE,Towers with Radar,0,33,77,0,110,0,0,26,0,26,0,33,103,0,136,56,0,56,192
06/10/2019,PWK,IL,AGL,CE,Towers with Radar,0,35,53,0,88,0,3,70,0,73,0,38,123,0,161,70,0,70,231
06/11/2019,PWK,IL,AGL,CE,Towers with Radar,0,41,65,0,106,0,0,94,0,94,0,41,159,0,200,74,0,74,274
06/12/2019,PWK,IL,AGL,CE,Towers with Radar,0,39,77,0,116,0,0,28,0,28,0,39,105,0,144,40,0,40,184
06/13/2019,PWK,IL,AGL,CE,Towers with Radar,0,53,73,0,126,0,1,71,0,72,0,54,144,0,198,94,0,94,292
06/14/2019,PWK,IL,AGL,CE,Towers with Radar,0,44,63,0,107,0,0,53,0,53,0,44,116,0,160,26,0,26,186
06/15/2019,PWK,IL,AGL,CE,Towers with Radar,0,26,50,0,76,0,0,14,0,14,0,26,64,0,90,46,0,46,136
06/16/2019,PWK,IL,AGL,CE,Towers with Radar,0,30,61,0,91,0,0,3,0,3,0,30,64,0,94,0,0,0,94
06/17/2019,PWK,IL,AGL,CE,Towers with Radar,1,45,83,0,129,0,0,25,0,25,1,45,108,0,154,132,0,132,286
06/18/2019,PWK,IL,AGL,CE,Towers with Radar,0,62,74,0,136,0,0,91,1,92,0,62,165,1,228,142,0,142,370
06/19/2019,PWK,IL,AGL,CE,Towers with Radar,0,45,90,0,135,0,0,12,1,13,0,45,102,1,148,72,0,72,220
06/20/2019,PWK,IL,AGL,CE,Towers with Radar,0,59,96,0,155,0,0,34,0,34,0,59,130,0,189,90,0,90,279
06/21/2019,PWK,IL,AGL,CE,Towers with Radar,0,27,73,0,100,0,0,95,1,96,0,27,168,1,196,90,0,90,286
06/22/2019,PWK,IL,AGL,CE,Towers with Radar,0,27,50,0,77,0,0,100,0,100,0,27,150,0,177,80,0,80,257
06/23/2019,PWK,IL,AGL,CE,Towers with Radar,0,59,54,1,114,0,0,32,0,32,0,59,86,1,146,52,0,52,198
06/24/2019,PWK,IL,AGL,CE,Towers with Radar,0,42,58,0,100,0,0,8,0,8,0,42,66,0,108,0,0,0,108
06/25/2019,PWK,IL,AGL,CE,Towers with Radar,0,42,56,0,98,0,1,75,1,77,0,43,131,1,175,26,0,26,201
06/26/2019,PWK,IL,AGL,CE,Towers with Radar,0,50,74,0,124,0,0,105,0,105,0,50,179,0,229,90,0,90,319
06/27/2019,PWK,IL,AGL,CE,Towers with Radar,0,41,69,0,110,0,1,76,2,79,0,42,145,2,189,66,0,66,255
06/28/2019,PWK,IL,AGL,CE,Towers with Radar,0,43,74,0,117,0,0,78,0,78,0,43,152,0,195,64,0,64,259
06/29/2019,PWK,IL,AGL,CE,Towers with Radar,0,7,12,0,19,0,0,26,0,26,0,7,38,0,45,0,0,0,45
06/30/2019,PWK,IL,AGL,CE,Towers with Radar,0,16,25,0,41,0,0,50,0,50,0,16,75,0,91,30,0,30,121
07/01/2019,PWK,IL,AGL,CE,Towers with Radar,0,22,43,0,65,0,2,106,3,111,0,24,149,3,176,96,0,96,272
07/02/2019,PWK,IL,AGL,CE,Towers with Radar,0,32,40,0,72,0,0,53,1,54,0,32,93,1,126,82,0,82,208
07/03/2019,PWK,IL,AGL,CE,Towers with Radar,0,43,79,0,122,0,1,70,0,71,0,44,149,0,193,100,0,100,293
07/04/2019,PWK,IL,AGL,CE,Towers with Radar,0,9,16,0,25,0,0,41,0,41,0,9,57,0,66,56,0,56,122
07/05/2019,PWK,IL,AGL,CE,Towers with Radar,0,22,40,0,62,0,0,32,0,32,0,22,72,0,94,140,0,140,234
07/06/2019,PWK,IL,AGL,CE,Towers with Radar,0,26,28,0,54,0,2,50,0,52,0,28,78,0,106,78,0,78,184
07/07/2019,PWK,IL,AGL,CE,Towers with Radar,0,46,99,0,145,0,3,155,0,158,0,49,254,0,303,110,0,110,413
07/08/2019,PWK,IL,AGL,CE,Towers with Radar,0,52,63,0,115,0,1,64,0,65,0,53,127,0,180,174,0,174,354
07/09/2019,PWK,IL,AGL,CE,Towers with Radar,0,44,59,2,105,0,0,79,0,79,0,44,138,2,184,116,0,116,300
07/10/2019,PWK,IL,AGL,CE,Towers with Radar,0,39,72,0,111,0,5,64,0,69,0,44,136,0,180,32,0,32,212
07/11/2019,PWK,IL,AGL,CE,Towers with Radar,0,42,84,0,126,0,1,103,0,104,0,43,187,0,230,142,0,142,372
07/12/2019,PWK,IL,AGL,CE,Towers with Radar,0,55,80,0,135,0,0,117,0,117,0,55,197,0,252,80,0,80,332
07/13/2019,PWK,IL,AGL,CE,Towers with Radar,0,25,42,0,67,0,2,115,0,117,0,27,157,0,184,56,0,56,240
07/14/2019,PWK,IL,AGL,CE,Towers with Radar,0,44,66,0,110,0,0,108,0,108,0,44,174,0,218,154,0,154,372
07/15/2019,PWK,IL,AGL,CE,Towers with Radar,0,41,79,0,120,0,0,77,1,78,0,41,156,1,198,90,0,90,288
07/16/2019,PWK,IL,AGL,CE,Towers with Radar,0,43,89,0,132,0,0,28,1,29,0,43,117,1,161,94,0,94,255
07/17/2019,PWK,IL,AGL,CE,Towers with Radar,0,60,62,0,122,0,2,69,0,71,0,62,131,0,193,146,0,146,339
07/18/2019,PWK,IL,AGL,CE,Towers with Radar,0,46,92,0,138,0,1,41,0,42,0,47,133,0,180,28,0,28,208
07/19/2019,PWK,IL,AGL,CE,Towers with Radar,0,45,90,0,135,0,0,80,0,80,0,45,170,0,215,111,0,111,326
07/20/2019,PWK,IL,AGL,CE,Towers with Radar,0,24,36,0,60,0,0,68,0,68,0,24,104,0,128,60,0,60,188
07/21/2019,PWK,IL,AGL,CE,Towers with Radar,0,52,89,0,141,0,2,71,2,75,0,54,160,2,216,80,0,80,296
07/22/2019,PWK,IL,AGL,CE,Towers with Radar,0,34,56,0,90,0,2,121,0,123,0,36,177,0,213,107,0,107,320
07/23/2019,PWK,IL,AGL,CE,Towers with Radar,0,43,68,0,111,0,1,120,0,121,0,44,188,0,232,102,0,102,334
07/24/2019,PWK,IL,AGL,CE,Towers with Radar,0,54,82,0,136,0,0,102,0,102,0,54,184,0,238,94,0,94,332
07/25/2019,PWK,IL,AGL,CE,Towers with Radar,0,45,79,0,124,0,0,123,1,124,0,45,202,1,248,40,0,40,288
07/26/2019,PWK,IL,AGL,CE,Towers with Radar,0,56,60,0,116,0,0,122,2,124,0,56,182,2,240,134,0,134,374
07/27/2019,PWK,IL,AGL,CE,Towers with Radar,0,33,50,0,83,0,0,139,0,139,0,33,189,0,222,18,0,18,240
07/28/2019,PWK,IL,AGL,CE,Towers with Radar,0,50,65,0,115,0,1,166,0,167,0,51,231,0,282,34,0,34,316
07/29/2019,PWK,IL,AGL,CE,Towers with Radar,0,53,70,0,123,0,0,53,0,53,0,53,123,0,176,104,0,104,280
07/30/2019,PWK,IL,AGL,CE,Towers with Radar,1,64,69,0,134,0,1,126,1,128,1,65,195,1,262,106,0,106,368
07/31/2019,PWK,IL,AGL,CE,Towers with Radar,0,48,75,0,123,0,2,93,2,97,0,50,168,2,220,100,0,100,320
08/01/2019,PWK,IL,AGL,CE,Towers with Radar,1,74,73,0,148,0,0,127,1,128,1,74,200,1,276,95,0,95,371
08/02/2019,PWK,IL,AGL,CE,Towers with Radar,0,51,90,0,141,0,0,133,0,133,0,51,223,0,274,44,0,44,318
08/03/2019,PWK,IL,AGL,CE,Towers with Radar,0,0,0,0,0,0,0,2,0,2,0,0,2,0,2,0,0,0,2
08/04/2019,PWK,IL,AGL,CE,Towers with Radar,0,7,12,0,19,0,0,12,0,12,0,7,24,0,31,0,0,0,31
08/05/2019,PWK,IL,AGL,CE,Towers with Radar,0,44,78,0,122,0,0,114,3,117,0,44,192,3,239,74,0,74,313
08/06/2019,PWK,IL,AGL,CE,Towers with Radar,0,45,73,0,118,0,2,79,1,82,0,47,152,1,200,128,0,128,328
08/07/2019,PWK,IL,AGL,CE,Towers with Radar,0,47,51,0,98,0,4,126,5,135,0,51,177,5,233,66,0,66,299
08/08/2019,PWK,IL,AGL,CE,Towers with Radar,0,40,64,0,104,0,9,113,0,122,0,49,177,0,226,52,0,52,278
08/09/2019,PWK,IL,AGL,CE,Towers with Radar,0,40,59,0,99,0,4,129,0,133,0,44,188,0,232,110,0,110,342
08/10/2019,PWK,IL,AGL,CE,Towers with Radar,0,40,57,0,97,0,0,123,0,123,0,40,180,0,220,138,0,138,358
08/11/2019,PWK,IL,AGL,CE,Towers with Radar,0,59,86,0,145,0,0,68,0,68,0,59,154,0,213,106,0,106,319
08/12/2019,PWK,IL,AGL,CE,Towers with Radar,0,50,75,0,125,0,0,29,0,29,0,50,104,0,154,196,0,196,350
08/13/2019,PWK,IL,AGL,CE,Towers with Radar,0,39,86,0,125,0,2,87,1,90,0,41,173,1,215,128,0,128,343
08/14/2019,PWK,IL,AGL,CE,Towers with Radar,0,43,68,0,111,0,3,70,0,73,0,46,138,0,184,152,0,152,336
08/15/2019,PWK,IL,AGL,CE,Towers with Radar,1,62,85,0,148,0,0,134,0,134,1,62,219,0,282,136,0,136,418
08/16/2019,PWK,IL,AGL,CE,Towers with Radar,0,51,75,0,126,0,1,85,0,86,0,52,160,0,212,60,0,60,272
08/17/2019,PWK,IL,AGL,CE,Towers with Radar,0,21,45,0,66,0,0,64,0,64,0,21,109,0,130,86,0,86,216
08/18/2019,PWK,IL,AGL,CE,Towers with Radar,0,74,63,0,137,0,0,68,0,68,0,74,131,0,205,26,0,26,231
08/19/2019,PWK,IL,AGL,CE,Towers with Radar,0,50,90,0,140,0,0,86,0,86,0,50,176,0,226,86,0,86,312
08/20/2019,PWK,IL,AGL,CE,Towers with Radar,0,44,58,0,102,0,0,11,0,11,0,44,69,0,113,14,0,14,127
08/21/2019,PWK,IL,AGL,CE,Towers with Radar,0,46,84,0,130,0,1,85,0,86,0,47,169,0,216,58,0,58,274
08/22/2019,PWK,IL,AGL,CE,Towers with Radar,0,54,85,0,139,0,0,116,2,118,0,54,201,2,257,40,0,40,297
08/23/2019,PWK,IL,AGL,CE,Towers with Radar,0,36,60,0,96,0,2,112,0,114,0,38,172,0,210,72,0,72,282
08/24/2019,PWK,IL,AGL,CE,Towers with Radar,0,26,42,0,68,0,0,101,0,101,0,26,143,0,169,58,0,58,227
08/25/2019,PWK,IL,AGL,CE,Towers with Radar,0,35,68,0,103,0,0,125,0,125,0,35,193,0,228,66,0,66,294
08/26/2019,PWK,IL,AGL,CE,Towers with Radar,0,34,49,0,83,0,0,2,0,2,0,34,51,0,85,2,0,2,87
08/27/2019,PWK,IL,AGL,CE,Towers with Radar,0,40,63,0,103,0,0,80,1,81,0,40,143,1,184,54,0,54,238
08/28/2019,PWK,IL,AGL,CE,Towers with Radar,0,42,55,0,97,0,7,67,1,75,0,49,122,1,172,28,0,28,200
08/29/2019,PWK,IL,AGL,CE,Towers with Radar,0,34,85,0,119,0,1,37,1,39,0,35,122,1,158,18,0,18,176
08/30/2019,PWK,IL,AGL,CE,Towers with Radar,0,54,105,0,159,0,0,109,0,109,0,54,214,0,268,64,0,64,332
08/31/2019,PWK,IL,AGL,CE,Towers with Radar,0,19,47,0,66,0,0,103,0,103,0,19,150,0,169,88,0,88,257
09/01/2019,PWK,IL,AGL,CE,Towers with Radar,0,21,38,0,59,0,0,27,0,27,0,21,65,0,86,162,0,162,248
09/02/2019,PWK,IL,AGL,CE,Towers with Radar,0,45,96,0,141,0,0,113,0,113,0,45,209,0,254,37,0,37,291
09/03/2019,PWK,IL,AGL,CE,Towers with Radar,0,42,38,0,80,0,0,21,0,21,0,42,59,0,101,0,0,0,101
09/04/2019,PWK,IL,AGL,CE,Towers with Radar,0,40,64,0,104,0,2,86,1,89,0,42,150,1,193,94,0,94,287
09/05/2019,PWK,IL,AGL,CE,Towers with Radar,0,42,62,0,104,0,0,92,1,93,0,42,154,1,197,56,0,56,253
09/06/2019,PWK,IL,AGL,CE,Towers with Radar,0,33,71,0,104,0,0,57,1,58,0,33,128,1,162,86,0,86,248
09/07/2019,PWK,IL,AGL,CE,Towers with Radar,0,24,42,0,66,0,4,143,1,148,0,28,185,1,214,94,0,94,308
09/08/2019,PWK,IL,AGL,CE,Towers with Radar,0,34,61,0,95,0,0,58,0,58,0,34,119,0,153,70,0,70,223
09/09/2019,PWK,IL,AGL,CE,Towers with Radar,0,35,68,0,103,0,0,40,1,41,0,35,108,1,144,104,0,104,248
09/10/2019,PWK,IL,AGL,CE,Towers with Radar,0,35,82,0,117,0,0,77,0,77,0,35,159,0,194,24,0,24,218
09/11/2019,PWK,IL,AGL,CE,Towers with Radar,0,46,75,0,121,0,0,57,1,58,0,46,132,1,179,58,0,58,237
09/12/2019,PWK,IL,AGL,CE,Towers with Radar,0,39,105,0,144,0,0,7,0,7,0,39,112,0,151,0,0,0,151
09/13/2019,PWK,IL,AGL,CE,Towers with Radar,0,31,64,0,95,0,0,32,0,32,0,31,96,0,127,34,0,34,161
09/14/2019,PWK,IL,AGL,CE,Towers with Radar,0,14,67,0,81,0,0,131,0,131,0,14,198,0,212,66,0,66,278
09/15/2019,PWK,IL,AGL,CE,Towers with Radar,0,48,91,0,139,0,0,32,3,35,0,48,123,3,174,34,0,34,208
09/16/2019,PWK,IL,AGL,CE,Towers with Radar,0,43,86,0,129,0,0,47,0,47,0,43,133,0,176,90,0,90,266
09/17/2019,PWK,IL,AGL,CE,Towers with Radar,0,55,95,0,150,0,0,73,1,74,0,55,168,1,224,20,0,20,244
09/18/2019,PWK,IL,AGL,CE,Towers with Radar,0,51,80,0,131,0,0,73,0,73,0,51,153,0,204,52,0,52,256
09/19/2019,PWK,IL,AGL,CE,Towers with Radar,1,53,96,2,152,0,0,86,0,86,1,53,182,2,238,90,0,90,328
09/20/2019,PWK,IL,AGL,CE,Towers with Radar,0,58,93,2,153,0,0,82,0,82,0,58,175,2,235,44,0,44,279
09/21/2019,PWK,IL,AGL,CE,Towers with Radar,0,32,66,0,98,0,0,24,0,24,0,32,90,0,122,36,0,36,158
09/22/2019,PWK,IL,AGL,CE,Towers with Radar,1,46,54,0,101,0,0,6,0,6,1,46,60,0,107,14,0,14,121
09/23/2019,PWK,IL,AGL,CE,Towers with Radar,0,42,49,0,91,0,3,113,3,119,0,45,162,3,210,20,0,20,230
09/24/2019,PWK,IL,AGL,CE,Towers with Radar,0,42,68,0,110,0,0,61,0,61,0,42,129,0,171,20,0,20,191
09/25/2019,PWK,IL,AGL,CE,Towers with Radar,0,35,81,0,116,0,0,57,0,57,0,35,138,0,173,60,0,60,233
09/26/2019,PWK,IL,AGL,CE,Towers with Radar,0,38,74,0,112,0,2,138,0,140,0,40,212,0,252,128,0,128,380
09/27/2019,PWK,IL,AGL,CE,Towers with Radar,0,47,66,4,117,0,0,13,0,13,0,47,79,4,130,0,0,0,130
09/28/2019,PWK,IL,AGL,CE,Towers with Radar,0,20,61,2,83,0,2,19,0,21,0,22,80,2,104,10,0,10,114
09/29/2019,PWK,IL,AGL,CE,Towers with Radar,0,30,53,0,83,0,0,0,0,0,0,30,53,0,83,0,0,0,83
09/30/2019,PWK,IL,AGL,CE,Towers with Radar,0,34,50,0,84,0,0,82,1,83,0,34,132,1,167,44,0,44,211
10/01/2019,PWK,IL,AGL,CE,Towers with Radar,0,45,80,0,125,0,1,47,0,48,0,46,127,0,173,60,0,60,233
10/02/2019,PWK,IL,AGL,CE,Towers with Radar,0,24,62,0,86,0,0,0,0,0,0,24,62,0,86,0,0,0,86
10/03/2019,PWK,IL,AGL,CE,Towers with Radar,0,40,66,0,106,0,8,57,1,66,0,48,123,1,172,92,0,92,264
10/04/2019,PWK,IL,AGL,CE,Towers with Radar,0,34,73,0,107,0,5,120,0,125,0,39,193,0,232,59,0,59,291
10/05/2019,PWK,IL,AGL,CE,Towers with Radar,0,28,37,0,65,0,0,82,0,82,0,28,119,0,147,84,0,84,231
10/06/2019,PWK,IL,AGL,CE,Towers with Radar,0,40,64,0,104,0,6,161,0,167,0,46,225,0,271,52,0,52,323
10/07/2019,PWK,IL,AGL,CE,Towers with Radar,0,32,47,0,79,0,2,101,1,104,0,34,148,1,183,34,0,34,217
10/08/2019,PWK,IL,AGL,CE,Towers with Radar,0,58,63,0,121,0,1,104,0,105,0,59,167,0,226,78,0,78,304
10/09/2019,PWK,IL,AGL,CE,Towers with Radar,0,40,73,0,113,0,1,85,0,86,0,41,158,0,199,110,0,110,309
10/10/2019,PWK,IL,AGL,CE,Towers with Radar,0,47,76,0,123,0,0,71,0,71,0,47,147,0,194,100,0,100,294
10/11/2019,PWK,IL,AGL,CE,Towers with Radar,0,38,65,0,103,0,2,12,0,14,0,40,77,0,117,0,0,0,117
10/12/2019,PWK,IL,AGL,CE,Towers with Radar,0,22,30,0,52,0,0,45,0,45,0,22,75,0,97,14,0,14,111
10/13/2019,PWK,IL,AGL,CE,Towers with Radar,0,22,52,0,74,0,10,88,1,99,0,32,140,1,173,48,0,48,221
10/14/2019,PWK,IL,AGL,CE,Towers with Radar,0,29,56,0,85,0,4,88,4,96,0,33,144,4,181,0,0,0,181
10/15/2019,PWK,IL,AGL,CE,Towers with Radar,0,46,52,0,98,0,3,32,0,35,0,49,84,0,133,16,0,16,149
10/16/2019,PWK,IL,AGL,CE,Towers with Radar,0,28,49,0,77,0,6,54,0,60,0,34,103,0,137,46,0,46,183
10/17/2019,PWK,IL,AGL,CE,Towers with Radar,0,41,66,0,107,0,4,97,2,103,0,45,163,2,210,42,0,42,252
10/18/2019,PWK,IL,AGL,CE,Towers with Radar,0,58,85,0,143,0,0,100,0,100,0,58,185,0,243,92,0,92,335
10/19/2019,PWK,IL,AGL,CE,Towers with Radar,0,30,38,0,68,0,0,143,0,143,0,30,181,0,211,158,0,158,369
10/20/2019,PWK,IL,AGL,CE,Towers with Radar,0,43,55,0,98,0,0,119,3,122,0,43,174,3,220,62,0,62,282
10/21/2019,PWK,IL,AGL,CE,Towers with Radar,0,44,47,0,91,0,0,8,1,9,0,44,55,1,100,0,0,0,100
10/22/2019,PWK,IL,AGL,CE,Towers with Radar,0,33,55,0,88,0,1,15,0,16,0,34,70,0,104,0,0,0,104
10/23/2019,PWK,IL,AGL,CE,Towers with Radar,0,42,72,0,114,0,0,78,1,79,0,42,150,1,193,110,0,110,303
10/24/2019,PWK,IL,AGL,CE,Towers with Radar,0,42,74,0,116,0,4,89,0,93,0,46,163,0,209,68,0,68,277
10/25/2019,PWK,IL,AGL,CE,Towers with Radar,0,44,75,0,119,0,1,107,0,108,0,45,182,0,227,96,0,96,323
10/26/2019,PWK,IL,AGL,CE,Towers with Radar,0,20,44,0,64,0,0,58,0,58,0,20,102,0,122,56,0,56,178
10/27/2019,PWK,IL,AGL,CE,Towers with Radar,0,44,81,0,125,0,2,135,0,137,0,46,216,0,262,114,0,114,376
10/28/2019,PWK,IL,AGL,CE,Towers with Radar,0,32,56,0,88,0,4,7,0,11,0,36,63,0,99,0,0,0,99
10/29/2019,PWK,IL,AGL,CE,Towers with Radar,0,48,57,0,105,0,2,30,0,32,0,50,87,0,137,112,0,112,249
10/30/2019,PWK,IL,AGL,CE,Towers with Radar,0,43,55,0,98,0,1,5,0,6,0,44,60,0,104,0,0,0,104
10/31/2019,PWK,IL,AGL,CE,Towers with Radar,0,18,15,0,33,0,0,6,0,6,0,18,21,0,39,0,0,0,39
11/01/2019,PWK,IL,AGL,CE,Towers with Radar,0,53,64,0,117,0,0,68,0,68,0,53,132,0,185,30,0,30,215
11/02/2019,PWK,IL,AGL,CE,Towers with Radar,0,12,34,0,46,0,4,27,0,31,0,16,61,0,77,24,0,24,101
11/03/2019,PWK,IL,AGL,CE,Towers with Radar,0,44,61,0,105,0,1,80,0,81,0,45,141,0,186,80,0,80,266
11/04/2019,PWK,IL,AGL,CE,Towers with Radar,0,32,59,0,91,0,2,71,1,74,0,34,130,1,165,20,0,20,185
11/05/2019,PWK,IL,AGL,CE,Towers with Radar,0,34,60,0,94,0,4,90,1,95,0,38,150,1,189,128,0,128,317
11/06/2019,PWK,IL,AGL,CE,Towers with Radar,0,37,42,0,79,0,0,28,0,28,0,37,70,0,107,40,0,40,147
11/07/2019,PWK,IL,AGL,CE,Towers with Radar,0,36,42,0,78,0,9,79,1,89,0,45,121,1,167,12,0,12,179
11/08/2019,PWK,IL,AGL,CE,Towers with Radar,0,47,53,0,100,0,1,86,0,87,0,48,139,0,187,50,0,50,237
11/09/2019,PWK,IL,AGL,CE,Towers with Radar,0,37,39,0,76,0,0,105,0,105,0,37,144,0,181,44,0,44,225
11/10/2019,PWK,IL,AGL,CE,Towers with Radar,0,43,66,0,109,0,3,37,0,40,0,46,103,0,149,124,0,124,273
11/11/2019,PWK,IL,AGL,CE,Towers with Radar,0,18,39,0,57,0,1,11,0,12,0,19,50,0,69,0,0,0,69
11/12/2019,PWK,IL,AGL,CE,Towers with Radar,1,36,46,0,83,0,3,54,1,58,1,39,100,1,141,94,0,94,235
11/13/2019,PWK,IL,AGL,CE,Towers with Radar,0,52,62,0,114,0,0,27,0,27,0,52,89,0,141,26,0,26,167
11/14/2019,PWK,IL,AGL,CE,Towers with Radar,0,47,75,0,122,0,3,36,0,39,0,50,111,0,161,194,0,194,355
11/15/2019,PWK,IL,AGL,CE,Towers with Radar,0,41,71,0,112,0,2,63,0,65,0,43,134,0,177,159,0,159,336
11/16/2019,PWK,IL,AGL,CE,Towers with Radar,0,27,55,2,84,0,0,119,2,121,0,27,174,4,205,96,0,96,301
11/17/2019,PWK,IL,AGL,CE,Towers with Radar,0,33,63,0,96,0,0,64,0,64,0,33,127,0,160,58,0,58,218
11/18/2019,PWK,IL,AGL,CE,Towers with Radar,0,34,63,0,97,0,0,4,0,4,0,34,67,0,101,34,0,34,135
11/19/2019,PWK,IL,AGL,CE,Towers with Radar,0,31,70,0,101,0,0,6,0,6,0,31,76,0,107,78,0,78,185
11/20/2019,PWK,IL,AGL,CE,Towers with Radar,0,53,74,0,127,0,0,38,0,38,0,53,112,0,165,68,0,68,233
11/21/2019,PWK,IL,AGL,CE,Towers with Radar,0,31,48,0,79,0,3,3,0,6,0,34,51,0,85,0,0,0,85
11/22/2019,PWK,IL,AGL,CE,Towers with Radar,0,51,68,0,119,0,3,82,0,85,0,54,150,0,204,66,0,66,270
11/23/2019,PWK,IL,AGL,CE,Towers with Radar,0,43,55,0,98,0,0,119,0,119,0,43,174,0,217,90,0,90,307
11/24/2019,PWK,IL,AGL,CE,Towers with Radar,0,43,49,0,92,0,0,112,1,113,0,43,161,1,205,48,0,48,253
11/25/2019,PWK,IL,AGL,CE,Towers with Radar,0,34,51,0,85,0,0,83,0,83,0,34,134,0,168,78,0,78,246
11/26/2019,PWK,IL,AGL,CE,Towers with Radar,0,51,53,0,104,0,0,42,0,42,0,51,95,0,146,0,0,0,146
11/27/2019,PWK,IL,AGL,CE,Towers with Radar,0,9,31,0,40,0,1,11,0,12,0,10,42,0,52,0,0,0,52
11/28/2019,PWK,IL,AGL,CE,Towers with Radar,0,19,17,0,36,0,0,16,0,16,0,19,33,0,52,0,0,0,52
11/29/2019,PWK,IL,AGL,CE,Towers with Radar,0,31,35,0,66,0,0,1,0,1,0,31,36,0,67,0,0,0,67
11/30/2019,PWK,IL,AGL,CE,Towers with Radar,0,36,42,0,78,0,0,1,0,1,0,36,43,0,79,0,0,0,79
12/01/2019,PWK,IL,AGL,CE,Towers with Radar,0,49,43,0,92,0,1,0,0,1,0,50,43,0,93,0,0,0,93
12/02/2019,PWK,IL,AGL,CE,Towers with Radar,0,40,47,0,87,0,4,60,1,65,0,44,107,1,152,84,0,84,236
12/03/2019,PWK,IL,AGL,CE,Towers with Radar,0,44,51,0,95,0,0,49,0,49,0,44,100,0,144,38,0,38,182
12/04/2019,PWK,IL,AGL,CE,Towers with Radar,0,35,46,0,81,0,9,57,0,66,0,44,103,0,147,50,0,50,197
12/05/2019,PWK,IL,AGL,CE,Towers with Radar,0,42,73,0,115,0,0,77,1,78,0,42,150,1,193,24,0,24,217
12/06/2019,PWK,IL,AGL,CE,Towers with Radar,0,47,80,0,127,0,4,56,0,60,0,51,136,0,187,64,0,64,251
12/07/2019,PWK,IL,AGL,CE,Towers with Radar,0,16,45,0,61,0,0,124,1,125,0,16,169,1,186,30,0,30,216
12/08/2019,PWK,IL,AGL,CE,Towers with Radar,0,39,64,0,103,0,0,22,0,22,0,39,86,0,125,42,0,42,167
12/09/2019,PWK,IL,AGL,CE,Towers with Radar,0,30,50,0,80,0,2,2,0,4,0,32,52,0,84,0,0,0,84
12/10/2019,PWK,IL,AGL,CE,Towers with Radar,0,55,63,0,118,0,7,52,1,60,0,62,115,1,178,64,0,64,242
12/11/2019,PWK,IL,AGL,CE,Towers with Radar,0,44,56,0,100,0,1,63,1,65,0,45,119,1,165,68,0,68,233
12/12/2019,PWK,IL,AGL,CE,Towers with Radar,0,55,65,0,120,0,1,19,0,20,0,56,84,0,140,26,0,26,166
12/13/2019,PWK,IL,AGL,CE,Towers with Radar,0,48,68,0,116,0,0,75,1,76,0,48,143,1,192,84,0,84,276
12/14/2019,PWK,IL,AGL,CE,Towers with Radar,0,22,20,0,42,0,1,3,0,4,0,23,23,0,46,0,0,0,46
12/15/2019,PWK,IL,AGL,CE,Towers with Radar,0,42,73,0,115,0,2,134,1,137,0,44,207,1,252,32,0,32,284
12/16/2019,PWK,IL,AGL,CE,Towers with Radar,0,29,54,0,83,0,1,30,0,31,0,30,84,0,114,68,0,68,182
12/17/2019,PWK,IL,AGL,CE,Towers with Radar,0,33,64,0,97,0,0,44,0,44,0,33,108,0,141,90,0,90,231
12/18/2019,PWK,IL,AGL,CE,Towers with Radar,0,38,67,0,105,0,2,90,0,92,0,40,157,0,197,18,0,18,215
12/19/2019,PWK,IL,AGL,CE,Towers with Radar,0,45,60,0,105,0,1,73,0,74,0,46,133,0,179,92,0,92,271
12/20/2019,PWK,IL,AGL,CE,Towers with Radar,0,48,58,0,106,0,0,61,0,61,0,48,119,0,167,54,0,54,221
12/21/2019,PWK,IL,AGL,CE,Towers with Radar,0,45,55,0,100,0,1,107,0,108,0,46,162,0,208,46,0,46,254
12/22/2019,PWK,IL,AGL,CE,Towers with Radar,0,22,43,0,65,0,0,91,0,91,0,22,134,0,156,106,0,106,262
12/23/2019,PWK,IL,AGL,CE,Towers with Radar,0,38,42,0,80,0,0,79,0,79,0,38,121,0,159,90,0,90,249
12/24/2019,PWK,IL,AGL,CE,Towers with Radar,0,10,21,0,31,0,0,17,1,18,0,10,38,1,49,14,0,14,63
12/25/2019,PWK,IL,AGL,CE,Towers with Radar,0,28,16,0,44,0,0,17,0,17,0,28,33,0,61,8,0,8,69
12/26/2019,PWK,IL,AGL,CE,Towers with Radar,0,63,54,0,117,0,3,47,0,50,0,66,101,0,167,22,0,22,189
12/27/2019,PWK,IL,AGL,CE,Towers with Radar,0,50,50,0,100,0,1,57,0,58,0,51,107,0,158,158,0,158,316
12/28/2019,PWK,IL,AGL,CE,Towers with Radar,0,29,34,0,63,0,0,0,0,0,0,29,34,0,63,50,0,50,113
12/29/2019,PWK,IL,AGL,CE,Towers with Radar,0,27,26,0,53,0,0,36,0,36,0,27,62,0,89,132,0,132,221
12/30/2019,PWK,IL,AGL,CE,Towers with Radar,0,15,15,0,30,0,0,1,0,1,0,15,16,0,31,0,0,0,31
12/31/2019,PWK,IL,AGL,CE,Towers with Radar,0,18,8,0,26,0,0,13,0,13,0,18,21,0,39,40,0,40,79
01/01/2020,PWK,IL,AGL,CE,Towers with Radar,0,18,16,0,34,0,0,44,0,44,0,18,60,0,78,6,0,6,84
01/02/2020,PWK,IL,AGL,CE,Towers with Radar,0,27,41,0,68,0,0,71,0,71,0,27,112,0,139,46,0,46,185
01/03/2020,PWK,IL,AGL,CE,Towers with Radar,0,47,45,0,92,0,3,25,0,28,0,50,70,0,120,164,0,164,284
01/04/2020,PWK,IL,AGL,CE,Towers with Radar,0,40,35,0,75,0,11,50,0,61,0,51,85,0,136,60,0,60,196
01/05/2020,PWK,IL,AGL,CE,Towers with Radar,0,28,30,0,58,0,3,45,0,48,0,31,75,0,106,18,0,18,124
01/06/2020,PWK,IL,AGL,CE,Towers with Radar,0,29,44,0,73,0,0,75,3,78,0,29,119,3,151,88,0,88,239
01/07/2020,PWK,IL,AGL,CE,Towers with Radar,0,38,52,0,90,0,2,47,0,49,0,40,99,0,139,42,0,42,181
01/08/2020,PWK,IL,AGL,CE,Towers with Radar,0,30,45,0,75,0,0,72,1,73,0,30,117,1,148,16,0,16,164
01/09/2020,PWK,IL,AGL,CE,Towers with Radar,0,33,70,0,103,0,0,21,0,21,0,33,91,0,124,32,0,32,156
01/10/2020,PWK,IL,AGL,CE,Towers with Radar,0,21,38,0,59,0,0,0,0,0,0,21,38,0,59,0,0,0,59
01/11/2020,PWK,IL,AGL,CE,Towers with Radar,0,5,2,0,7,0,0,0,0,0,0,5,2,0,7,0,0,0,7
01/12/2020,PWK,IL,AGL,CE,Towers with Radar,0,35,53,0,88,0,0,19,0,19,0,35,72,0,107,132,0,132,239
01/13/2020,PWK,IL,AGL,CE,Towers with Radar,0,35,45,0,80,0,0,15,0,15,0,35,60,0,95,112,0,112,207
01/14/2020,PWK,IL,AGL,CE,Towers with Radar,0,30,55,0,85,0,0,11,0,11,0,30,66,0,96,32,0,32,128
01/15/2020,PWK,IL,AGL,CE,Towers with Radar,0,31,50,0,81,0,0,0,0,0,0,31,50,0,81,0,0,0,81
01/16/2020,PWK,IL,AGL,CE,Towers with Radar,0,31,61,0,92,0,11,100,0,111,0,42,161,0,203,20,0,20,223
01/17/2020,PWK,IL,AGL,CE,Towers with Radar,0,33,51,0,84,0,0,32,0,32,0,33,83,0,116,72,0,72,188
01/18/2020,PWK,IL,AGL,CE,Towers with Radar,0,7,16,0,23,0,0,3,0,3,0,7,19,0,26,2,0,2,28
01/19/2020,PWK,IL,AGL,CE,Towers with Radar,0,14,26,0,40,0,4,61,0,65,0,18,87,0,105,44,0,44,149
01/20/2020,PWK,IL,AGL,CE,Towers with Radar,0,36,65,0,101,0,1,68,4,73,0,37,133,4,174,68,0,68,242
01/21/2020,PWK,IL,AGL,CE,Towers with Radar,0,32,52,0,84,0,1,86,1,88,0,33,138,1,172,92,0,92,264
01/22/2020,PWK,IL,AGL,CE,Towers with Radar,0,26,47,0,73,0,0,65,1,66,0,26,112,1,139,72,0,72,211
01/23/2020,PWK,IL,AGL,CE,Towers with Radar,0,42,33,0,75,0,0,0,0,0,0,42,33,0,75,0,0,0,75
01/24/2020,PWK,IL,AGL,CE,Towers with Radar,0,27,19,0,46,0,0,0,0,0,0,27,19,0,46,0,0,0,46
01/25/2020,PWK,IL,AGL,CE,Towers with Radar,0,18,19,0,37,0,0,1,0,1,0,18,20,0,38,0,0,0,38
01/26/2020,PWK,IL,AGL,CE,Towers with Radar,0,26,45,0,71,0,0,2,0,2,0,26,47,0,73,40,0,40,113
01/27/2020,PWK,IL,AGL,CE,Towers with Radar,0,30,49,0,79,0,0,2,0,2,0,30,51,0,81,30,0,30,111
01/28/2020,PWK,IL,AGL,CE,Towers with Radar,0,41,51,0,92,0,0,13,0,13,0,41,64,0,105,112,0,112,217
01/29/2020,PWK,IL,AGL,CE,Towers with Radar,0,50,51,0,101,0,1,31,0,32,0,51,82,0,133,34,0,34,167
01/30/2020,PWK,IL,AGL,CE,Towers with Radar,0,40,54,0,94,0,0,40,0,40,0,40,94,0,134,166,0,166,300
01/31/2020,PWK,IL,AGL,CE,Towers with Radar,0,55,62,0,117,0,0,1,0,1,0,55,63,0,118,54,0,54,172
02/01/2020,PWK,IL,AGL,CE,Towers with Radar,0,14,24,0,38,0,0,1,0,1,0,14,25,0,39,16,0,16,55
02/02/2020,PWK,IL,AGL,CE,Towers with Radar,0,19,28,0,47,0,6,97,1,104,0,25,125,1,151,90,0,90,241
02/03/2020,PWK,IL,AGL,CE,Towers with Radar,0,29,45,0,74,0,1,86,0,87,0,30,131,0,161,70,0,70,231
02/04/2020,PWK,IL,AGL,CE,Towers with Radar,0,24,27,0,51,0,5,35,0,40,0,29,62,0,91,104,0,104,195
02/05/2020,PWK,IL,AGL,CE,Towers with Radar,0,33,39,0,72,0,0,47,0,47,0,33,86,0,119,88,0,88,207
02/06/2020,PWK,IL,AGL,CE,Towers with Radar,0,33,38,0,71,0,5,5,0,10,0,38,43,0,81,16,0,16,97
02/07/2020,PWK,IL,AGL,CE,Towers with Radar,0,39,58,0,97,0,11,87,0,98,0,50,145,0,195,92,0,92,287
02/08/2020,PWK,IL,AGL,CE,Towers with Radar,0,21,27,0,48,0,0,77,0,77,0,21,104,0,125,138,0,138,263
02/09/2020,PWK,IL,AGL,CE,Towers with Radar,0,51,27,0,78,0,0,3,0,3,0,51,30,0,81,6,0,6,87
02/10/2020,PWK,IL,AGL,CE,Towers with Radar,0,31,53,0,84,0,0,37,0,37,0,31,90,0,121,30,0,30,151
02/11/2020,PWK,IL,AGL,CE,Towers with Radar,0,29,42,0,71,0,3,60,0,63,0,32,102,0,134,108,0,108,242
02/12/2020,PWK,IL,AGL,CE,Towers with Radar,0,32,48,0,80,0,0,31,0,31,0,32,79,0,111,20,0,20,131
02/13/2020,PWK,IL,AGL,CE,Towers with Radar,0,29,45,0,74,0,9,12,0,21,0,38,57,0,95,0,0,0,95
02/14/2020,PWK,IL,AGL,CE,Towers with Radar,0,47,63,0,110,0,1,41,0,42,0,48,104,0,152,8,0,8,160
02/15/2020,PWK,IL,AGL,CE,Towers with Radar,0,16,25,0,41,0,0,15,0,15,0,16,40,0,56,0,0,0,56
02/16/2020,PWK,IL,AGL,CE,Towers with Radar,0,42,47,0,89,0,0,112,0,112,0,42,159,0,201,100,0,100,301
02/17/2020,PWK,IL,AGL,CE,Towers with Radar,0,56,57,0,113,0,0,12,0,12,0,56,69,0,125,34,0,34,159
02/18/2020,PWK,IL,AGL,CE,Towers with Radar,0,36,48,0,84,0,11,54,0,65,0,47,102,0,149,68,0,68,217
02/19/2020,PWK,IL,AGL,CE,Towers with Radar,0,43,82,0,125,0,8,91,0,99,0,51,173,0,224,78,0,78,302
02/20/2020,PWK,IL,AGL,CE,Towers with Radar,0,46,66,0,112,0,7,105,0,112,0,53,171,0,224,42,0,42,266
02/21/2020,PWK,IL,AGL,CE,Towers with Radar,0,46,48,0,94,0,0,63,0,63,0,46,111,0,157,14,0,14,171
02/22/2020,PWK,IL,AGL,CE,Towers with Radar,0,14,38,0,52,0,0,124,0,124,0,14,162,0,176,46,0,46,222
02/23/2020,PWK,IL,AGL,CE,Towers with Radar,1,36,39,0,76,0,0,113,1,114,1,36,152,1,190,44,0,44,234
02/24/2020,PWK,IL,AGL,CE,Towers with Radar,0,28,34,0,62,0,5,51,0,56,0,33,85,0,118,42,0,42,160
02/25/2020,PWK,IL,AGL,CE,Towers with Radar,0,25,17,0,42,0,2,6,0,8,0,27,23,0,50,0,0,0,50
02/26/2020,PWK,IL,AGL,CE,Towers with Radar,0,30,23,0,53,0,5,23,0,28,0,35,46,0,81,68,0,68,149
02/27/2020,PWK,IL,AGL,CE,Towers with Radar,0,34,48,0,82,0,2,54,0,56,0,36,102,0,138,32,0,32,170
02/28/2020,PWK,IL,AGL,CE,Towers with Radar,0,39,57,1,97,0,7,63,0,70,0,46,120,1,167,28,0,28,195
02/29/2020,PWK,IL,AGL,CE,Towers with Radar,0,16,45,0,61,0,0,116,0,116,0,16,161,0,177,114,0,114,291
03/01/2020,PWK,IL,AGL,CE,Towers with Radar,0,35,60,0,95,0,0,71,0,71,0,35,131,0,166,0,0,0,166
03/02/2020,PWK,IL,AGL,CE,Towers with Radar,0,23,46,0,69,0,4,69,0,73,0,27,115,0,142,116,0,116,258
03/03/2020,PWK,IL,AGL,CE,Towers with Radar,0,26,44,0,70,0,0,41,0,41,0,26,85,0,111,16,0,16,127
03/04/2020,PWK,IL,AGL,CE,Towers with Radar,0,30,46,0,76,0,6,78,1,85,0,36,124,1,161,60,0,60,221
03/05/2020,PWK,IL,AGL,CE,Towers with Radar,0,33,49,0,82,0,6,34,1,41,0,39,83,1,123,0,0,0,123
03/06/2020,PWK,IL,AGL,CE,Towers with Radar,1,47,47,0,95,0,7,39,0,46,1,54,86,0,141,30,0,30,171
03/07/2020,PWK,IL,AGL,CE,Towers with Radar,0,30,42,0,72,0,0,122,0,122,0,30,164,0,194,118,0,118,312
03/08/2020,PWK,IL,AGL,CE,Towers with Radar,0,28,47,0,75,0,0,69,0,69,0,28,116,0,144,96,0,96,240
03/09/2020,PWK,IL,AGL,CE,Towers with Radar,0,46,65,0,111,0,0,2,0,2,0,46,67,0,113,22,0,22,135
03/10/2020,PWK,IL,AGL,CE,Towers with Radar,0,43,62,0,105,0,0,52,0,52,0,43,114,0,157,124,0,124,281
03/11/2020,PWK,IL,AGL,CE,Towers with Radar,1,51,59,0,111,0,0,7,0,7,1,51,66,0,118,14,0,14,132
03/12/2020,PWK,IL,AGL,CE,Towers with Radar,0,46,76,0,122,0,2,30,0,32,0,48,106,0,154,162,0,162,316
03/13/2020,PWK,IL,AGL,CE,Towers with Radar,0,38,49,0,87,0,10,62,0,72,0,48,111,0,159,114,0,114,273
03/14/2020,PWK,IL,AGL,CE,Towers with Radar,0,54,40,0,94,0,0,52,0,52,0,54,92,0,146,106,0,106,252
03/15/2020,PWK,IL,AGL,CE,Towers with Radar,0,62,50,0,112,0,0,95,0,95,0,62,145,0,207,134,0,134,341
03/16/2020,PWK,IL,AGL,CE,Towers with Radar,0,48,49,0,97,0,0,7,0,7,0,48,56,0,104,14,0,14,118
03/17/2020,PWK,IL,AGL,CE,Towers with Radar,0,35,26,0,61,0,0,85,1,86,0,35,111,1,147,84,0,84,231
03/18/2020,PWK,IL,AGL,CE,Towers with Radar,0,43,31,0,74,0,0,10,0,10,0,43,41,0,84,56,0,56,140
03/19/2020,PWK,IL,AGL,CE,Towers with Radar,0,25,32,0,57,0,0,0,0,0,0,25,32,0,57,0,0,0,57
03/20/2020,PWK,IL,AGL,CE,Towers with Radar,0,23,20,0,43,0,6,38,0,44,0,29,58,0,87,32,0,32,119
03/21/2020,PWK,IL,AGL,CE,Towers with Radar,0,22,38,0,60,0,2,88,0,90,0,24,126,0,150,108,0,108,258
03/22/2020,PWK,IL,AGL,CE,Towers with Radar,0,20,21,0,41,0,0,21,0,21,0,20,42,0,62,12,0,12,74
03/23/2020,PWK,IL,AGL,CE,Towers with Radar,0,20,11,0,31,0,0,9,0,9,0,20,20,0,40,66,0,66,106
03/24/2020,PWK,IL,AGL,CE,Towers with Radar,0,24,8,0,32,0,0,24,0,24,0,24,32,0,56,46,0,46,102
03/25/2020,PWK,IL,AGL,CE,Towers with Radar,0,18,20,0,38,0,0,42,0,42,0,18,62,0,80,128,0,128,208
03/26/2020,PWK,IL,AGL,CE,Towers with Radar,0,20,12,0,32,0,0,2,0,2,0,20,14,0,34,0,0,0,34
03/27/2020,PWK,IL,AGL,CE,Towers with Radar,0,22,16,0,38,0,0,0,0,0,0,22,16,0,38,0,0,0,38
03/28/2020,PWK,IL,AGL,CE,Towers with Radar,0,11,10,0,21,0,0,0,0,0,0,11,10,0,21,0,0,0,21
03/29/2020,PWK,IL,AGL,CE,Towers with Radar,0,11,10,0,21,0,0,2,0,2,0,11,12,0,23,0,0,0,23
03/30/2020,PWK,IL,AGL,CE,Towers with Radar,0,20,21,0,41,0,2,50,2,54,0,22,71,2,95,92,0,92,187
03/31/2020,PWK,IL,AGL,CE,Towers with Radar,0,12,8,0,20,0,2,11,0,13,0,14,19,0,33,72,0,72,105
04/01/2020,PWK,IL,AGL,CE,Towers with Radar,0,21,11,0,32,0,0,33,0,33,0,21,44,0,65,60,0,60,125
04/02/2020,PWK,IL,AGL,CE,Towers with Radar,0,18,7,0,25,0,0,59,0,59,0,18,66,0,84,80,0,80,164
04/03/2020,PWK,IL,AGL,CE,Towers with Radar,0,14,24,0,38,0,0,36,0,36,0,14,60,0,74,20,0,20,94
04/04/2020,PWK,IL,AGL,CE,Towers with Radar,0,14,7,0,21,0,0,20,0,20,0,14,27,0,41,0,0,0,41
04/05/2020,PWK,IL,AGL,CE,Towers with Radar,0,13,10,0,23,0,0,50,0,50,0,13,60,0,73,28,0,28,101
04/06/2020,PWK,IL,AGL,CE,Towers with Radar,0,15,8,0,23,0,0,13,0,13,0,15,21,0,36,36,0,36,72
04/07/2020,PWK,IL,AGL,CE,Towers with Radar,0,15,9,0,24,0,0,31,0,31,0,15,40,0,55,12,0,12,67
04/08/2020,PWK,IL,AGL,CE,Towers with Radar,0,13,10,0,23,0,1,15,0,16,0,14,25,0,39,42,0,42,81
04/09/2020,PWK,IL,AGL,CE,Towers with Radar,0,11,11,0,22,0,3,5,0,8,0,14,16,0,30,2,0,2,32
04/10/2020,PWK,IL,AGL,CE,Towers with Radar,0,12,17,0,29,0,2,56,0,58,0,14,73,0,87,2,0,2,89
04/11/2020,PWK,IL,AGL,CE,Towers with Radar,0,16,8,0,24,0,0,32,0,32,0,16,40,0,56,14,0,14,70
04/12/2020,PWK,IL,AGL,CE,Towers with Radar,0,13,7,0,20,0,0,13,0,13,0,13,20,0,33,14,0,14,47
04/13/2020,PWK,IL,AGL,CE,Towers with Radar,0,17,2,0,19,0,2,17,0,19,0,19,19,0,38,24,0,24,62
04/14/2020,PWK,IL,AGL,CE,Towers with Radar,0,7,13,0,20,0,1,8,0,9,0,8,21,0,29,10,0,10,39
04/15/2020,PWK,IL,AGL,CE,Towers with Radar,0,9,8,0,17,0,0,17,0,17,0,9,25,0,34,68,0,68,102
04/16/2020,PWK,IL,AGL,CE,Towers with Radar,0,15,5,0,20,0,0,43,1,44,0,15,48,1,64,0,0,0,64
04/17/2020,PWK,IL,AGL,CE,Towers with Radar,0,12,10,0,22,0,0,4,0,4,0,12,14,0,26,36,0,36,62
04/18/2020,PWK,IL,AGL,CE,Towers with Radar,0,11,9,0,20,0,0,22,0,22,0,11,31,0,42,0,0,0,42
04/19/2020,PWK,IL,AGL,CE,Towers with Radar,0,8,14,0,22,0,0,68,0,68,0,8,82,0,90,22,0,22,112
04/20/2020,PWK,IL,AGL,CE,Towers with Radar,0,15,16,0,31,0,4,26,0,30,0,19,42,0,61,6,0,6,67
04/21/2020,PWK,IL,AGL,CE,Towers with Radar,0,14,17,0,31,0,3,22,0,25,0,17,39,0,56,18,0,18,74
04/22/2020,PWK,IL,AGL,CE,Towers with Radar,0,19,13,0,32,0,0,29,0,29,0,19,42,0,61,30,0,30,91
04/23/2020,PWK,IL,AGL,CE,Towers with Radar,0,14,22,0,36,0,0,2,0,2,0,14,24,0,38,22,0,22,60
04/24/2020,PWK,IL,AGL,CE,Towers with Radar,0,18,18,0,36,0,0,1,0,1,0,18,19,0,37,24,0,24,61
04/25/2020,PWK,IL,AGL,CE,Towers with Radar,0,16,9,0,25,0,0,5,0,5,0,16,14,0,30,44,0,44,74
04/26/2020,PWK,IL,AGL,CE,Towers with Radar,0,10,11,0,21,0,1,70,0,71,0,11,81,0,92,64,0,64,156
04/27/2020,PWK,IL,AGL,CE,Towers with Radar,0,25,15,0,40,0,0,21,0,21,0,25,36,0,61,40,0,40,101
04/28/2020,PWK,IL,AGL,CE,Towers with Radar,0,10,19,0,29,0,0,22,0,22,0,10,41,0,51,68,0,68,119
04/29/2020,PWK,IL,AGL,CE,Towers with Radar,0,12,22,0,34,0,0,1,0,1,0,12,23,0,35,0,0,0,35
04/30/2020,PWK,IL,AGL,CE,Towers with Radar,0,23,19,0,42,0,0,18,0,18,0,23,37,0,60,0,0,0,60
05/01/2020,PWK,IL,AGL,CE,Towers with Radar,0,21,32,0,53,0,0,87,0,87,0,21,119,0,140,86,0,86,226
05/02/2020,PWK,IL,AGL,CE,Towers with Radar,0,14,24,0,38,0,0,51,0,51,0,14,75,0,89,34,0,34,123
05/03/2020,PWK,IL,AGL,CE,Towers with Radar,0,20,19,0,39,0,1,68,0,69,0,21,87,0,108,40,0,40,148
05/04/2020,PWK,IL,AGL,CE,Towers with Radar,0,17,29,0,46,0,5,28,0,33,0,22,57,0,79,6,0,6,85
05/05/2020,PWK,IL,AGL,CE,Towers with Radar,0,23,21,0,44,0,1,21,0,22,0,24,42,0,66,14,0,14,80
05/06/2020,PWK,IL,AGL,CE,Towers with Radar,0,23,40,0,63,0,0,47,0,47,0,23,87,0,110,0,0,0,110
05/07/2020,PWK,IL,AGL,CE,Towers with Radar,0,25,26,2,53,0,3,28,0,31,0,28,54,2,84,30,0,30,114
05/08/2020,PWK,IL,AGL,CE,Towers with Radar,0,27,30,0,57,0,0,15,0,15,0,27,45,0,72,0,0,0,72
05/09/2020,PWK,IL,AGL,CE,Towers with Radar,0,30,25,0,55,0,2,54,0,56,0,32,79,0,111,0,0,0,111
05/10/2020,PWK,IL,AGL,CE,Towers with Radar,0,31,7,0,38,0,0,0,0,0,0,31,7,0,38,0,0,0,38
05/11/2020,PWK,IL,AGL,CE,Towers with Radar,0,30,25,0,55,0,3,62,0,65,0,33,87,0,120,42,0,42,162
05/12/2020,PWK,IL,AGL,CE,Towers with Radar,0,27,17,0,44,0,1,71,0,72,0,28,88,0,116,50,0,50,166
05/13/2020,PWK,IL,AGL,CE,Towers with Radar,0,26,25,0,51,0,0,53,0,53,0,26,78,0,104,0,0,0,104
05/14/2020,PWK,IL,AGL,CE,Towers with Radar,0,24,19,0,43,0,0,2,0,2,0,24,21,0,45,0,0,0,45
05/15/2020,PWK,IL,AGL,CE,Towers with Radar,0,29,21,0,50,0,1,59,0,60,0,30,80,0,110,70,0,70,180
05/16/2020,PWK,IL,AGL,CE,Towers with Radar,0,23,31,0,54,0,0,78,2,80,0,23,109,2,134,56,0,56,190
05/17/2020,PWK,IL,AGL,CE,Towers with Radar,0,16,16,0,32,0,0,0,0,0,0,16,16,0,32,0,0,0,32
05/18/2020,PWK,IL,AGL,CE,Towers with Radar,0,24,36,0,60,0,0,0,0,0,0,24,36,0,60,0,0,0,60
05/19/2020,PWK,IL,AGL,CE,Towers with Radar,0,19,28,0,47,0,0,0,0,0,0,19,28,0,47,0,0,0,47
05/20/2020,PWK,IL,AGL,CE,Towers with Radar,0,36,45,0,81,0,0,69,0,69,0,36,114,0,150,64,0,64,214
05/21/2020,PWK,IL,AGL,CE,Towers with Radar,0,47,45,0,92,0,0,76,0,76,0,47,121,0,168,86,0,86,254
05/22/2020,PWK,IL,AGL,CE,Towers with Radar,0,41,50,0,91,0,0,29,0,29,0,41,79,0,120,104,0,104,224
05/23/2020,PWK,IL,AGL,CE,Towers with Radar,0,32,29,0,61,0,0,30,0,30,0,32,59,0,91,56,0,56,147
05/24/2020,PWK,IL,AGL,CE,Towers with Radar,0,23,30,0,53,0,0,81,0,81,0,23,111,0,134,66,0,66,200
05/25/2020,PWK,IL,AGL,CE,Towers with Radar,0,24,26,0,50,0,0,27,0,27,0,24,53,0,77,16,0,16,93
05/26/2020,PWK,IL,AGL,CE,Towers with Radar,0,47,27,0,74,0,0,42,0,42,0,47,69,0,116,70,0,70,186
05/27/2020,PWK,IL,AGL,CE,Towers with Radar,0,50,29,0,79,0,1,47,0,48,0,51,76,0,127,104,0,104,231
05/28/2020,PWK,IL,AGL,CE,Towers with Radar,0,34,45,0,79,0,0,13,0,13,0,34,58,0,92,54,0,54,146
05/29/2020,PWK,IL,AGL,CE,Towers with Radar,0,43,55,0,98,0,7,82,0,89,0,50,137,0,187,38,0,38,225
05/30/2020,PWK,IL,AGL,CE,Towers with Radar,0,43,42,0,85,0,3,105,0,108,0,46,147,0,193,56,0,56,249
05/31/2020,PWK,IL,AGL,CE,Towers with Radar,0,40,46,0,86,0,0,127,1,128,0,40,173,1,214,108,0,108,322
06/01/2020,PWK,IL,AGL,CE,Towers with Radar,0,33,35,0,68,0,1,53,0,54,0,34,88,0,122,80,0,80,202
06/02/2020,PWK,IL,AGL,CE,Towers with Radar,0,44,53,0,97,0,0,71,0,71,0,44,124,0,168,28,0,28,196
06/03/2020,PWK,IL,AGL,CE,Towers with Radar,0,39,53,0,92,0,0,50,0,50,0,39,103,0,142,148,0,148,290
06/04/2020,PWK,IL,AGL,CE,Towers with Radar,0,37,44,0,81,0,3,81,0,84,0,40,125,0,165,94,0,94,259
06/05/2020,PWK,IL,AGL,CE,Towers with Radar,1,33,41,0,75,0,1,68,0,69,1,34,109,0,144,96,0,96,240
06/06/2020,PWK,IL,AGL,CE,Towers with Radar,0,41,42,0,83,0,3,142,0,145,0,44,184,0,228,40,0,40,268
06/07/2020,PWK,IL,AGL,CE,Towers with Radar,0,38,51,0,89,0,0,136,0,136,0,38,187,0,225,92,0,92,317
06/08/2020,PWK,IL,AGL,CE,Towers with Radar,0,40,37,0,77,0,0,63,0,63,0,40,100,0,140,76,0,76,216
06/09/2020,PWK,IL,AGL,CE,Towers with Radar,0,45,29,0,74,0,0,30,0,30,0,45,59,0,104,38,0,38,142
06/10/2020,PWK,IL,AGL,CE,Towers with Radar,0,31,39,0,70,0,1,11,0,12,0,32,50,0,82,18,0,18,100
06/11/2020,PWK,IL,AGL,CE,Towers with Radar,0,44,64,0,108,0,9,85,0,94,0,53,149,0,202,42,0,42,244
06/12/2020,PWK,IL,AGL,CE,Towers with Radar,0,34,44,0,78,0,1,82,0,83,0,35,126,0,161,42,0,42,203
06/13/2020,PWK,IL,AGL,CE,Towers with Radar,0,30,38,0,68,0,2,97,0,99,0,32,135,0,167,26,0,26,193
06/14/2020,PWK,IL,AGL,CE,Towers with Radar,0,38,50,0,88,0,0,103,0,103,0,38,153,0,191,84,0,84,275
06/15/2020,PWK,IL,AGL,CE,Towers with Radar,0,41,51,0,92,0,0,88,0,88,0,41,139,0,180,82,0,82,262
06/16/2020,PWK,IL,AGL,CE,Towers with Radar,0,39,67,0,106,0,0,100,0,100,0,39,167,0,206,92,0,92,298
06/17/2020,PWK,IL,AGL,CE,Towers with Radar,0,56,52,0,108,0,8,104,0,112,0,64,156,0,220,86,0,86,306
06/18/2020,PWK,IL,AGL,CE,Towers with Radar,0,53,67,0,120,0,0,92,2,94,0,53,159,2,214,58,0,58,272
06/19/2020,PWK,IL,AGL,CE,Towers with Radar,0,51,62,0,113,0,0,79,0,79,0,51,141,0,192,82,0,82,274
06/20/2020,PWK,IL,AGL,CE,Towers with Radar,0,49,32,0,81,0,0,52,0,52,0,49,84,0,133,144,0,144,277
06/21/2020,PWK,IL,AGL,CE,Towers with Radar,0,47,35,0,82,0,1,72,0,73,0,48,107,0,155,46,0,46,201
06/22/2020,PWK,IL,AGL,CE,Towers with Radar,0,42,48,0,90,0,0,18,0,18,0,42,66,0,108,28,0,28,136
06/23/2020,PWK,IL,AGL,CE,Towers with Radar,1,44,53,0,98,0,4,83,0,87,1,48,136,0,185,96,0,96,281
06/24/2020,PWK,IL,AGL,CE,Towers with Radar,0,42,44,0,86,0,2,99,0,101,0,44,143,0,187,84,0,84,271
06/25/2020,PWK,IL,AGL,CE,Towers with Radar,0,38,69,0,107,0,8,123,0,131,0,46,192,0,238,122,0,122,360
06/26/2020,PWK,IL,AGL,CE,Towers with Radar,0,45,39,0,84,0,0,9,0,9,0,45,48,0,93,14,0,14,107
06/27/2020,PWK,IL,AGL,CE,Towers with Radar,0,34,48,0,82,0,3,95,0,98,0,37,143,0,180,153,0,153,333
06/28/2020,PWK,IL,AGL,CE,Towers with Radar,0,27,60,0,87,0,0,61,0,61,0,27,121,0,148,220,0,220,368
06/29/2020,PWK,IL,AGL,CE,Towers with Radar,0,34,30,0,64,0,1,40,1,42,0,35,70,1,106,50,0,50,156
06/30/2020,PWK,IL,AGL,CE,Towers with Radar,0,50,44,0,94,0,0,78,1,79,0,50,122,1,173,140,0,140,313
07/01/2020,PWK,IL,AGL,CE,Towers with Radar,0,48,54,0,102,0,0,124,1,125,0,48,178,1,227,186,0,186,413
07/02/2020,PWK,IL,AGL,CE,Towers with Radar,0,52,65,0,117,0,1,93,0,94,0,53,158,0,211,96,0,96,307
07/03/2020,PWK,IL,AGL,CE,Towers with Radar,0,32,48,0,80,0,0,115,0,115,0,32,163,0,195,52,0,52,247
07/04/2020,PWK,IL,AGL,CE,Towers with Radar,0,14,13,0,27,0,0,76,0,76,0,14,89,0,103,66,0,66,169
07/05/2020,PWK,IL,AGL,CE,Towers with Radar,0,56,66,0,122,0,0,99,0,99,0,56,165,0,221,48,0,48,269
07/06/2020,PWK,IL,AGL,CE,Towers with Radar,0,49,41,0,90,0,0,80,0,80,0,49,121,0,170,84,0,84,254
07/07/2020,PWK,IL,AGL,CE,Towers with Radar,0,54,57,0,111,0,2,62,0,64,0,56,119,0,175,88,0,88,263
07/08/2020,PWK,IL,AGL,CE,Towers with Radar,0,57,46,0,103,0,0,72,0,72,0,57,118,0,175,84,0,84,259
07/09/2020,PWK,IL,AGL,CE,Towers with Radar,0,42,54,0,96,0,0,53,0,53,0,42,107,0,149,136,0,136,285
07/10/2020,PWK,IL,AGL,CE,Towers with Radar,0,27,43,0,70,0,4,71,1,76,0,31,114,1,146,14,0,14,160
07/11/2020,PWK,IL,AGL,CE,Towers with Radar,0,24,24,0,48,0,2,80,0,82,0,26,104,0,130,210,0,210,340
07/12/2020,PWK,IL,AGL,CE,Towers with Radar,0,56,49,0,105,0,5,82,0,87,0,61,131,0,192,108,0,108,300
07/13/2020,PWK,IL,AGL,CE,Towers with Radar,0,54,52,0,106,0,0,93,0,93,0,54,145,0,199,104,0,104,303
07/14/2020,PWK,IL,AGL,CE,Towers with Radar,0,48,44,0,92,0,0,104,0,104,0,48,148,0,196,120,0,120,316
07/15/2020,PWK,IL,AGL,CE,Towers with Radar,0,38,33,0,71,0,0,51,0,51,0,38,84,0,122,108,0,108,230
07/16/2020,PWK,IL,AGL,CE,Towers with Radar,1,58,80,0,139,0,1,66,0,67,1,59,146,0,206,124,0,124,330
07/17/2020,PWK,IL,AGL,CE,Towers with Radar,0,31,51,0,82,0,0,119,1,120,0,31,170,1,202,144,0,144,346
07/18/2020,PWK,IL,AGL,CE,Towers with Radar,0,30,49,0,79,0,0,66,2,68,0,30,115,2,147,162,0,162,309
07/19/2020,PWK,IL,AGL,CE,Towers with Radar,0,28,41,0,69,0,0,51,0,51,0,28,92,0,120,74,0,74,194
07/20/2020,PWK,IL,AGL,CE,Towers with Radar,0,47,39,0,86,0,2,116,1,119,0,49,155,1,205,94,0,94,299
07/21/2020,PWK,IL,AGL,CE,Towers with Radar,0,63,40,0,103,0,0,61,0,61,0,63,101,0,164,106,0,106,270
07/22/2020,PWK,IL,AGL,CE,Towers with Radar,0,39,64,0,103,0,6,89,0,95,0,45,153,0,198,162,0,162,360
07/23/2020,PWK,IL,AGL,CE,Towers with Radar,0,43,73,0,116,0,1,124,0,125,0,44,197,0,241,104,0,104,345
07/24/2020,PWK,IL,AGL,CE,Towers with Radar,0,38,55,0,93,0,0,113,0,113,0,38,168,0,206,66,0,66,272
07/25/2020,PWK,IL,AGL,CE,Towers with Radar,0,41,51,0,92,0,0,156,0,156,0,41,207,0,248,166,0,166,414
07/26/2020,PWK,IL,AGL,CE,Towers with Radar,0,41,49,0,90,0,0,94,0,94,0,41,143,0,184,62,0,62,246
07/27/2020,PWK,IL,AGL,CE,Towers with Radar,0,39,58,0,97,0,4,64,1,69,0,43,122,1,166,84,0,84,250
07/28/2020,PWK,IL,AGL,CE,Towers with Radar,0,40,51,0,91,0,7,119,2,128,0,47,170,2,219,164,0,164,383
07/29/2020,PWK,IL,AGL,CE,Towers with Radar,0,49,63,0,112,0,0,82,1,83,0,49,145,1,195,116,0,116,311
07/30/2020,PWK,IL,AGL,CE,Towers with Radar,0,35,44,0,79,0,2,84,3,89,0,37,128,3,168,50,0,50,218
07/31/2020,PWK,IL,AGL,CE,Towers with Radar,0,49,65,0,114,0,5,117,1,123,0,54,182,1,237,142,0,142,379
08/01/2020,PWK,IL,AGL,CE,Towers with Radar,0,49,44,0,93,0,4,96,0,100,0,53,140,0,193,218,0,218,411
08/02/2020,PWK,IL,AGL,CE,Towers with Radar,0,53,60,0,113,0,5,71,0,76,0,58,131,0,189,124,0,124,313
08/03/2020,PWK,IL,AGL,CE,Towers with Radar,0,41,56,0,97,0,2,18,0,20,0,43,74,0,117,92,0,92,209
08/04/2020,PWK,IL,AGL,CE,Towers with Radar,0,32,41,0,73,0,5,104,0,109,0,37,145,0,182,176,0,176,358
08/05/2020,PWK,IL,AGL,CE,Towers with Radar,0,59,56,0,115,0,0,101,0,101,0,59,157,0,216,106,0,106,322
08/06/2020,PWK,IL,AGL,CE,Towers with Radar,0,47,60,0,107,0,0,97,0,97,0,47,157,0,204,86,0,86,290
08/07/2020,PWK,IL,AGL,CE,Towers with Radar,0,68,62,0,130,0,0,108,0,108,0,68,170,0,238,106,0,106,344
08/08/2020,PWK,IL,AGL,CE,Towers with Radar,0,34,33,0,67,0,0,125,0,125,0,34,158,0,192,76,0,76,268
08/09/2020,PWK,IL,AGL,CE,Towers with Radar,0,56,76,0,132,0,0,115,0,115,0,56,191,0,247,82,0,82,329
08/10/2020,PWK,IL,AGL,CE,Towers with Radar,0,38,38,0,76,0,1,7,0,8,0,39,45,0,84,50,0,50,134
08/11/2020,PWK,IL,AGL,CE,Towers with Radar,0,38,54,0,92,0,2,133,0,135,0,40,187,0,227,140,0,140,367
08/12/2020,PWK,IL,AGL,CE,Towers with Radar,0,55,59,0,114,0,0,133,0,133,0,55,192,0,247,190,0,190,437
08/13/2020,PWK,IL,AGL,CE,Towers with Radar,0,64,46,0,110,0,1,115,0,116,0,65,161,0,226,104,0,104,330
08/14/2020,PWK,IL,AGL,CE,Towers with Radar,0,60,54,0,114,0,0,113,0,113,0,60,167,0,227,100,0,100,327
08/15/2020,PWK,IL,AGL,CE,Towers with Radar,0,34,38,0,72,0,1,74,0,75,0,35,112,0,147,62,0,62,209
08/16/2020,PWK,IL,AGL,CE,Towers with Radar,1,56,69,0,126,0,1,140,0,141,1,57,209,0,267,82,0,82,349
08/17/2020,PWK,IL,AGL,CE,Towers with Radar,0,56,42,0,98,0,0,96,0,96,0,56,138,0,194,128,0,128,322
08/18/2020,PWK,IL,AGL,CE,Towers with Radar,0,47,54,0,101,0,3,123,0,126,0,50,177,0,227,138,0,138,365
08/19/2020,PWK,IL,AGL,CE,Towers with Radar,0,63,52,0,115,0,1,129,0,130,0,64,181,0,245,92,0,92,337
08/20/2020,PWK,IL,AGL,CE,Towers with Radar,0,67,46,0,113,0,0,102,0,102,0,67,148,0,215,84,0,84,299
08/21/2020,PWK,IL,AGL,CE,Towers with Radar,0,59,55,0,114,0,0,92,0,92,0,59,147,0,206,84,0,84,290
08/22/2020,PWK,IL,AGL,CE,Towers with Radar,0,41,36,0,77,0,0,144,0,144,0,41,180,0,221,132,0,132,353
08/23/2020,PWK,IL,AGL,CE,Towers with Radar,0,57,53,0,110,0,0,95,0,95,0,57,148,0,205,122,0,122,327
08/24/2020,PWK,IL,AGL,CE,Towers with Radar,0,58,49,0,107,0,0,97,0,97,0,58,146,0,204,126,0,126,330
08/25/2020,PWK,IL,AGL,CE,Towers with Radar,0,43,47,0,90,0,0,77,0,77,0,43,124,0,167,154,0,154,321
08/26/2020,PWK,IL,AGL,CE,Towers with Radar,0,44,70,0,114,0,0,87,0,87,0,44,157,0,201,84,0,84,285
08/27/2020,PWK,IL,AGL,CE,Towers with Radar,0,59,52,0,111,0,0,52,0,52,0,59,104,0,163,66,0,66,229
08/28/2020,PWK,IL,AGL,CE,Towers with Radar,0,63,60,0,123,0,0,58,0,58,0,63,118,0,181,134,0,134,315
08/29/2020,PWK,IL,AGL,CE,Towers with Radar,0,25,35,0,60,0,7,99,0,106,0,32,134,0,166,62,0,62,228
08/30/2020,PWK,IL,AGL,CE,Towers with Radar,0,40,68,0,108,0,0,121,0,121,0,40,189,0,229,106,0,106,335
08/31/2020,PWK,IL,AGL,CE,Towers with Radar,0,50,67,0,117,0,0,60,0,60,0,50,127,0,177,106,0,106,283
09/01/2020,PWK,IL,AGL,CE,Towers with Radar,0,50,33,0,83,0,0,11,0,11,0,50,44,0,94,8,0,8,102
09/02/2020,PWK,IL,AGL,CE,Towers with Radar,0,45,47,0,92,0,2,101,2,105,0,47,148,2,197,124,0,124,321
09/03/2020,PWK,IL,AGL,CE,Towers with Radar,0,53,62,0,115,0,3,53,0,56,0,56,115,0,171,6,0,6,177
09/04/2020,PWK,IL,AGL,CE,Towers with Radar,0,48,61,0,109,0,8,124,0,132,0,56,185,0,241,76,0,76,317
09/05/2020,PWK,IL,AGL,CE,Towers with Radar,0,30,29,0,59,0,3,99,1,103,0,33,128,1,162,68,0,68,230
09/06/2020,PWK,IL,AGL,CE,Towers with Radar,0,23,27,0,50,0,0,12,0,12,0,23,39,0,62,0,0,0,62
09/07/2020,PWK,IL,AGL,CE,Towers with Radar,0,59,53,0,112,0,5,125,2,132,0,64,178,2,244,92,0,92,336
09/08/2020,PWK,IL,AGL,CE,Towers with Radar,0,55,42,0,97,0,0,0,0,0,0,55,42,0,97,0,0,0,97
09/09/2020,PWK,IL,AGL,CE,Towers with Radar,0,39,56,0,95,0,0,0,0,0,0,39,56,0,95,0,0,0,95
09/10/2020,PWK,IL,AGL,CE,Towers with Radar,0,39,59,0,98,0,0,7,0,7,0,39,66,0,105,56,0,56,161
09/11/2020,PWK,IL,AGL,CE,Towers with Radar,0,47,55,0,102,0,0,14,0,14,0,47,69,0,116,90,0,90,206
09/12/2020,PWK,IL,AGL,CE,Towers with Radar,0,26,46,0,72,0,0,1,0,1,0,26,47,0,73,0,0,0,73
09/13/2020,PWK,IL,AGL,CE,Towers with Radar,0,47,53,0,100,0,2,138,0,140,0,49,191,0,240,128,0,128,368
09/14/2020,PWK,IL,AGL,CE,Towers with Radar,0,74,82,0,156,0,0,110,1,111,0,74,192,1,267,142,0,142,409
09/15/2020,PWK,IL,AGL,CE,Towers with Radar,0,50,59,0,109,0,0,119,1,120,0,50,178,1,229,94,0,94,323
09/16/2020,PWK,IL,AGL,CE,Towers with Radar,1,48,48,0,97,0,6,95,1,102,1,54,143,1,199,72,0,72,271
09/17/2020,PWK,IL,AGL,CE,Towers with Radar,0,46,68,0,114,0,3,94,1,98,0,49,162,1,212,64,0,64,276
09/18/2020,PWK,IL,AGL,CE,Towers with Radar,0,35,45,0,80,0,4,89,0,93,0,39,134,0,173,16,0,16,189
09/19/2020,PWK,IL,AGL,CE,Towers with Radar,0,26,38,0,64,0,1,129,2,132,0,27,167,2,196,96,0,96,292
09/20/2020,PWK,IL,AGL,CE,Towers with Radar,0,47,61,0,108,0,0,130,1,131,0,47,191,1,239,108,0,108,347
09/21/2020,PWK,IL,AGL,CE,Towers with Radar,0,62,60,1,123,0,0,83,0,83,0,62,143,1,206,164,0,164,370
09/22/2020,PWK,IL,AGL,CE,Towers with Radar,0,47,53,0,100,0,0,88,1,89,0,47,141,1,189,150,0,150,339
09/23/2020,PWK,IL,AGL,CE,Towers with Radar,0,51,59,0,110,0,0,104,0,104,0,51,163,0,214,98,0,98,312
09/24/2020,PWK,IL,AGL,CE,Towers with Radar,0,64,77,0,141,0,0,109,0,109,0,64,186,0,250,126,0,126,376
09/25/2020,PWK,IL,AGL,CE,Towers with Radar,0,37,76,0,113,0,0,105,0,105,0,37,181,0,218,100,0,100,318
09/26/2020,PWK,IL,AGL,CE,Towers with Radar,0,26,59,0,85,0,0,18,0,18,0,26,77,0,103,18,0,18,121
09/27/2020,PWK,IL,AGL,CE,Towers with Radar,0,35,58,0,93,0,6,106,0,112,0,41,164,0,205,120,0,120,325
09/28/2020,PWK,IL,AGL,CE,Towers with Radar,0,43,62,0,105,0,1,25,0,26,0,44,87,0,131,46,0,46,177
09/29/2020,PWK,IL,AGL,CE,Towers with Radar,0,46,47,0,93,0,2,88,0,90,0,48,135,0,183,126,0,126,309
09/30/2020,PWK,IL,AGL,CE,Towers with Radar,0,51,45,0,96,0,3,25,0,28,0,54,70,0,124,16,0,16,140
10/01/2020,PWK,IL,AGL,CE,Towers with Radar,1,60,52,0,113,0,5,36,1,42,1,65,88,1,155,144,0,144,299
10/02/2020,PWK,IL,AGL,CE,Towers with Radar,0,56,52,0,108,0,3,152,0,155,0,59,204,0,263,112,0,112,375
10/03/2020,PWK,IL,AGL,CE,Towers with Radar,0,43,41,0,84,0,0,121,2,123,0,43,162,2,207,86,0,86,293
10/04/2020,PWK,IL,AGL,CE,Towers with Radar,2,47,51,0,100,0,5,78,0,83,2,52,129,0,183,108,0,108,291
10/05/2020,PWK,IL,AGL,CE,Towers with Radar,0,38,52,0,90,0,1,60,0,61,0,39,112,0,151,128,0,128,279
10/06/2020,PWK,IL,AGL,CE,Towers with Radar,0,44,48,0,92,0,0,78,0,78,0,44,126,0,170,184,0,184,354
10/07/2020,PWK,IL,AGL,CE,Towers with Radar,0,44,33,0,77,0,3,102,0,105,0,47,135,0,182,128,0,128,310
10/08/2020,PWK,IL,AGL,CE,Towers with Radar,0,51,74,0,125,0,1,118,1,120,0,52,192,1,245,110,0,110,355
10/09/2020,PWK,IL,AGL,CE,Towers with Radar,0,41,68,0,109,0,0,67,0,67,0,41,135,0,176,64,0,64,240
10/10/2020,PWK,IL,AGL,CE,Towers with Radar,0,8,4,0,12,0,3,9,0,12,0,11,13,0,24,0,0,0,24
10/11/2020,PWK,IL,AGL,CE,Towers with Radar,0,62,46,0,108,0,0,98,0,98,0,62,144,0,206,142,0,142,348
10/12/2020,PWK,IL,AGL,CE,Towers with Radar,0,46,56,0,102,0,0,22,0,22,0,46,78,0,124,0,0,0,124
10/13/2020,PWK,IL,AGL,CE,Towers with Radar,0,54,43,0,97,0,1,49,0,50,0,55,92,0,147,22,0,22,169
10/14/2020,PWK,IL,AGL,CE,Towers with Radar,0,58,68,0,126,0,2,43,0,45,0,60,111,0,171,36,0,36,207
10/15/2020,PWK,IL,AGL,CE,Towers with Radar,0,51,80,0,131,0,6,91,2,99,0,57,171,2,230,60,0,60,290
10/16/2020,PWK,IL,AGL,CE,Towers with Radar,0,50,69,0,119,0,0,75,0,75,0,50,144,0,194,116,0,116,310
10/17/2020,PWK,IL,AGL,CE,Towers with Radar,0,31,25,0,56,0,0,31,0,31,0,31,56,0,87,20,0,20,107
10/18/2020,PWK,IL,AGL,CE,Towers with Radar,0,55,62,0,117,0,0,19,0,19,0,55,81,0,136,30,0,30,166
10/19/2020,PWK,IL,AGL,CE,Towers with Radar,0,44,57,0,101,0,2,61,0,63,0,46,118,0,164,68,0,68,232
10/20/2020,PWK,IL,AGL,CE,Towers with Radar,0,65,38,0,103,0,1,43,0,44,0,66,81,0,147,132,0,132,279
10/21/2020,PWK,IL,AGL,CE,Towers with Radar,0,56,78,0,134,0,0,84,0,84,0,56,162,0,218,132,0,132,350
10/22/2020,PWK,IL,AGL,CE,Towers with Radar,0,67,75,0,142,0,0,23,0,23,0,67,98,0,165,26,0,26,191
10/23/2020,PWK,IL,AGL,CE,Towers with Radar,0,49,62,0,111,0,2,10,0,12,0,51,72,0,123,0,0,0,123
10/24/2020,PWK,IL,AGL,CE,Towers with Radar,0,44,50,0,94,0,1,155,0,156,0,45,205,0,250,144,0,144,394
10/25/2020,PWK,IL,AGL,CE,Towers with Radar,0,52,51,0,103,0,0,84,0,84,0,52,135,0,187,122,0,122,309
10/26/2020,PWK,IL,AGL,CE,Towers with Radar,0,33,43,0,76,0,1,32,1,34,0,34,75,1,110,64,0,64,174
10/27/2020,PWK,IL,AGL,CE,Towers with Radar,0,39,45,0,84,0,0,53,0,53,0,39,98,0,137,90,0,90,227
10/28/2020,PWK,IL,AGL,CE,Towers with Radar,0,37,64,0,101,0,0,112,2,114,0,37,176,2,215,102,0,102,317
10/29/2020,PWK,IL,AGL,CE,Towers with Radar,0,46,54,0,100,0,6,15,0,21,0,52,69,0,121,26,0,26,147
10/30/2020,PWK,IL,AGL,CE,Towers with Radar,0,38,53,0,91,0,0,127,0,127,0,38,180,0,218,98,0,98,316
10/31/2020,PWK,IL,AGL,CE,Towers with Radar,0,25,33,0,58,0,0,84,0,84,0,25,117,0,142,54,0,54,196
11/01/2020,PWK,IL,AGL,CE,Towers with Radar,0,40,33,0,73,0,3,29,0,32,0,43,62,0,105,0,0,0,105
11/02/2020,PWK,IL,AGL,CE,Towers with Radar,0,38,40,0,78,0,0,33,0,33,0,38,73,0,111,0,0,0,111
11/03/2020,PWK,IL,AGL,CE,Towers with Radar,0,33,51,0,84,0,0,113,0,113,0,33,164,0,197,134,0,134,331
11/04/2020,PWK,IL,AGL,CE,Towers with Radar,0,39,63,0,102,0,0,84,0,84,0,39,147,0,186,36,0,36,222
11/05/2020,PWK,IL,AGL,CE,Towers with Radar,0,50,58,0,108,0,1,121,3,125,0,51,179,3,233,96,0,96,329
11/06/2020,PWK,IL,AGL,CE,Towers with Radar,0,47,52,0,99,0,0,125,0,125,0,47,177,0,224,50,0,50,274
11/07/2020,PWK,IL,AGL,CE,Towers with Radar,0,40,44,0,84,0,0,148,1,149,0,40,192,1,233,100,0,100,333
11/08/2020,PWK,IL,AGL,CE,Towers with Radar,0,54,57,0,111,0,0,132,2,134,0,54,189,2,245,118,0,118,363
11/09/2020,PWK,IL,AGL,CE,Towers with Radar,0,41,40,0,81,0,0,38,0,38,0,41,78,0,119,64,0,64,183
11/10/2020,PWK,IL,AGL,CE,Towers with Radar,0,37,27,0,64,0,0,4,0,4,0,37,31,0,68,0,0,0,68
11/11/2020,PWK,IL,AGL,CE,Towers with Radar,0,49,46,0,95,0,0,86,0,86,0,49,132,0,181,68,0,68,249
11/12/2020,PWK,IL,AGL,CE,Towers with Radar,0,51,48,0,99,0,0,87,0,87,0,51,135,0,186,78,0,78,264
11/13/2020,PWK,IL,AGL,CE,Towers with Radar,0,38,56,0,94,0,1,89,0,90,0,39,145,0,184,138,0,138,322
11/14/2020,PWK,IL,AGL,CE,Towers with Radar,0,26,42,0,68,0,0,50,0,50,0,26,92,0,118,66,0,66,184
11/15/2020,PWK,IL,AGL,CE,Towers with Radar,0,13,19,0,32,0,1,5,0,6,0,14,24,0,38,0,0,0,38
11/16/2020,PWK,IL,AGL,CE,Towers with Radar,0,34,51,0,85,0,2,74,0,76,0,36,125,0,161,46,0,46,207
11/17/2020,PWK,IL,AGL,CE,Towers with Radar,0,31,29,0,60,0,2,65,0,67,0,33,94,0,127,144,0,144,271
11/18/2020,PWK,IL,AGL,CE,Towers with Radar,0,56,47,0,103,0,0,41,0,41,0,56,88,0,144,66,0,66,210
11/19/2020,PWK,IL,AGL,CE,Towers with Radar,0,32,46,0,78,0,0,7,0,7,0,32,53,0,85,0,0,0,85
11/20/2020,PWK,IL,AGL,CE,Towers with Radar,0,40,55,0,95,0,1,138,0,139,0,41,193,0,234,148,0,148,382
11/21/2020,PWK,IL,AGL,CE,Towers with Radar,0,51,77,0,128,0,0,126,0,126,0,51,203,0,254,56,0,56,310
11/22/2020,PWK,IL,AGL,CE,Towers with Radar,0,45,49,0,94,0,0,62,0,62,0,45,111,0,156,104,0,104,260
11/23/2020,PWK,IL,AGL,CE,Towers with Radar,0,51,53,0,104,0,0,92,0,92,0,51,145,0,196,114,0,114,310
11/24/2020,PWK,IL,AGL,CE,Towers with Radar,0,49,34,0,83,0,0,1,0,1,0,49,35,0,84,0,0,0,84
11/25/2020,PWK,IL,AGL,CE,Towers with Radar,0,43,36,0,79,0,0,0,0,0,0,43,36,0,79,0,0,0,79
11/26/2020,PWK,IL,AGL,CE,Towers with Radar,0,16,13,0,29,0,0,5,0,5,0,16,18,0,34,14,0,14,48
11/27/2020,PWK,IL,AGL,CE,Towers with Radar,0,29,38,0,67,0,1,55,0,56,0,30,93,0,123,66,0,66,189
11/28/2020,PWK,IL,AGL,CE,Towers with Radar,0,53,57,0,110,0,0,137,0,137,0,53,194,0,247,76,0,76,323
11/29/2020,PWK,IL,AGL,CE,Towers with Radar,0,59,67,0,126,0,1,128,0,129,0,60,195,0,255,114,0,114,369
11/30/2020,PWK,IL,AGL,CE,Towers with Radar,0,41,28,0,69,0,4,19,0,23,0,45,47,0,92,40,0,40,132
12/01/2020,PWK,IL,AGL,CE,Towers with Radar,0,47,33,0,80,0,2,66,2,70,0,49,99,2,150,78,0,78,228
12/02/2020,PWK,IL,AGL,CE,Towers with Radar,0,50,45,0,95,0,0,101,0,101,0,50,146,0,196,108,0,108,304
12/03/2020,PWK,IL,AGL,CE,Towers with Radar,0,34,53,0,87,0,0,72,0,72,0,34,125,0,159,82,0,82,241
12/04/2020,PWK,IL,AGL,CE,Towers with Radar,0,36,44,0,80,0,1,111,0,112,0,37,155,0,192,124,0,124,316
12/05/2020,PWK,IL,AGL,CE,Towers with Radar,0,28,38,0,66,0,0,110,0,110,0,28,148,0,176,164,0,164,340
12/06/2020,PWK,IL,AGL,CE,Towers with Radar,0,36,32,0,68,0,0,9,0,9,0,36,41,0,77,20,0,20,97
12/07/2020,PWK,IL,AGL,CE,Towers with Radar,0,30,31,0,61,0,0,27,0,27,0,30,58,0,88,84,0,84,172
12/08/2020,PWK,IL,AGL,CE,Towers with Radar,0,35,52,0,87,0,1,26,0,27,0,36,78,0,114,96,0,96,210
12/09/2020,PWK,IL,AGL,CE,Towers with Radar,1,41,53,0,95,0,0,109,0,109,1,41,162,0,204,160,0,160,364
12/10/2020,PWK,IL,AGL,CE,Towers with Radar,0,55,65,0,120,0,0,96,0,96,0,55,161,0,216,116,0,116,332
12/11/2020,PWK,IL,AGL,CE,Towers with Radar,0,18,48,0,66,0,0,1,0,1,0,18,49,0,67,26,0,26,93
12/12/2020,PWK,IL,AGL,CE,Towers with Radar,0,25,16,0,41,0,0,1,0,1,0,25,17,0,42,0,0,0,42
12/13/2020,PWK,IL,AGL,CE,Towers with Radar,0,40,65,0,105,0,0,98,5,103,0,40,163,5,208,76,0,76,284
12/14/2020,PWK,IL,AGL,CE,Towers with Radar,1,30,46,0,77,0,3,89,0,92,1,33,135,0,169,42,0,42,211
12/15/2020,PWK,IL,AGL,CE,Towers with Radar,0,37,57,0,94,0,0,66,0,66,0,37,123,0,160,148,0,148,308
12/16/2020,PWK,IL,AGL,CE,Towers with Radar,0,42,27,0,69,0,0,10,0,10,0,42,37,0,79,42,0,42,121
12/17/2020,PWK,IL,AGL,CE,Towers with Radar,0,50,51,0,101,0,0,51,0,51,0,50,102,0,152,112,0,112,264
12/18/2020,PWK,IL,AGL,CE,Towers with Radar,1,79,59,0,139,0,0,85,0,85,1,79,144,0,224,20,0,20,244
12/19/2020,PWK,IL,AGL,CE,Towers with Radar,0,67,69,0,136,0,0,27,0,27,0,67,96,0,163,116,0,116,279
12/20/2020,PWK,IL,AGL,CE,Towers with Radar,0,65,77,0,142,0,0,106,3,109,0,65,183,3,251,102,0,102,353
12/21/2020,PWK,IL,AGL,CE,Towers with Radar,0,39,28,0,67,0,3,18,0,21,0,42,46,0,88,30,0,30,118
12/22/2020,PWK,IL,AGL,CE,Towers with Radar,0,59,46,0,105,0,0,113,2,115,0,59,159,2,220,144,0,144,364
12/23/2020,PWK,IL,AGL,CE,Towers with Radar,0,38,51,0,89,0,0,1,0,1,0,38,52,0,90,0,0,0,90
12/24/2020,PWK,IL,AGL,CE,Towers with Radar,0,22,19,0,41,0,4,9,0,13,0,26,28,0,54,16,0,16,70
12/25/2020,PWK,IL,AGL,CE,Towers with Radar,0,28,31,0,59,0,1,9,0,10,0,29,40,0,69,40,0,40,109
12/26/2020,PWK,IL,AGL,CE,Towers with Radar,0,72,86,0,158,0,2,117,0,119,0,74,203,0,277,102,0,102,379
12/27/2020,PWK,IL,AGL,CE,Towers with Radar,0,65,75,0,140,0,0,83,0,83,0,65,158,0,223,90,0,90,313
12/28/2020,PWK,IL,AGL,CE,Towers with Radar,0,54,47,0,101,0,4,87,0,91,0,58,134,0,192,76,0,76,268
12/29/2020,PWK,IL,AGL,CE,Towers with Radar,0,56,36,0,92,0,0,69,2,71,0,56,105,2,163,78,0,78,241
12/30/2020,PWK,IL,AGL,CE,Towers with Radar,0,44,37,0,81,0,4,1,0,5,0,48,38,0,86,0,0,0,86
12/31/2020,PWK,IL,AGL,CE,Towers with Radar,0,37,41,0,78,0,0,21,0,21,0,37,62,0,99,170,0,170,269
01/01/2021,PWK,IL,AGL,CE,Towers with Radar,0,12,12,0,24,0,0,0,0,0,0,12,12,0,24,0,0,0,24
01/02/2021,PWK,IL,AGL,CE,Towers with Radar,0,62,70,0,132,0,1,0,0,1,0,63,70,0,133,2,0,2,135
01/03/2021,PWK,IL,AGL,CE,Towers with Radar,0,79,72,0,151,0,0,0,0,0,0,79,72,0,151,0,0,0,151
01/04/2021,PWK,IL,AGL,CE,Towers with Radar,0,56,41,0,97,0,0,0,0,0,0,56,41,0,97,0,0,0,97
01/05/2021,PWK,IL,AGL,CE,Towers with Radar,0,48,52,0,100,0,0,0,0,0,0,48,52,0,100,10,0,10,110
01/06/2021,PWK,IL,AGL,CE,Towers with Radar,0,46,36,0,82,0,0,15,0,15,0,46,51,0,97,106,0,106,203
01/07/2021,PWK,IL,AGL,CE,Towers with Radar,0,45,38,0,83,0,0,42,0,42,0,45,80,0,125,118,0,118,243
01/08/2021,PWK,IL,AGL,CE,Towers with Radar,0,37,46,0,83,0,3,9,0,12,0,40,55,0,95,8,0,8,103
01/09/2021,PWK,IL,AGL,CE,Towers with Radar,0,49,46,0,95,0,1,119,0,120,0,50,165,0,215,126,0,126,341
01/10/2021,PWK,IL,AGL,CE,Towers with Radar,0,53,55,0,108,0,1,57,0,58,0,54,112,0,166,210,0,210,376
01/11/2021,PWK,IL,AGL,CE,Towers with Radar,0,40,55,0,95,0,0,0,0,0,0,40,55,0,95,22,0,22,117
01/12/2021,PWK,IL,AGL,CE,Towers with Radar,0,45,49,0,94,0,0,93,0,93,0,45,142,0,187,118,0,118,305
01/13/2021,PWK,IL,AGL,CE,Towers with Radar,0,44,59,0,103,0,0,96,0,96,0,44,155,0,199,172,0,172,371
01/14/2021,PWK,IL,AGL,CE,Towers with Radar,0,42,44,0,86,0,0,33,0,33,0,42,77,0,119,54,0,54,173
01/15/2021,PWK,IL,AGL,CE,Towers with Radar,0,43,46,0,89,0,1,2,0,3,0,44,48,0,92,40,0,40,132
01/16/2021,PWK,IL,AGL,CE,Towers with Radar,0,38,40,0,78,0,1,1,0,2,0,39,41,0,80,12,0,12,92
01/17/2021,PWK,IL,AGL,CE,Towers with Radar,0,38,28,0,66,0,0,5,0,5,0,38,33,0,71,0,0,0,71
01/18/2021,PWK,IL,AGL,CE,Towers with Radar,0,47,49,0,96,0,0,38,1,39,0,47,87,1,135,136,0,136,271
01/19/2021,PWK,IL,AGL,CE,Towers with Radar,0,29,36,0,65,0,0,42,0,42,0,29,78,0,107,84,0,84,191
01/20/2021,PWK,IL,AGL,CE,Towers with Radar,0,44,43,0,87,0,0,53,0,53,0,44,96,0,140,26,0,26,166
01/21/2021,PWK,IL,AGL,CE,Towers with Radar,0,35,59,0,94,0,4,80,0,84,0,39,139,0,178,64,0,64,242
01/22/2021,PWK,IL,AGL,CE,Towers with Radar,1,36,41,0,78,0,2,102,0,104,1,38,143,0,182,98,0,98,280
01/23/2021,PWK,IL,AGL,CE,Towers with Radar,0,36,40,0,76,0,0,159,0,159,0,36,199,0,235,114,0,114,349
01/24/2021,PWK,IL,AGL,CE,Towers with Radar,0,41,31,0,72,0,0,7,0,7,0,41,38,0,79,46,0,46,125
01/25/2021,PWK,IL,AGL,CE,Towers with Radar,0,26,27,0,53,0,0,6,0,6,0,26,33,0,59,16,0,16,75
01/26/2021,PWK,IL,AGL,CE,Towers with Radar,0,7,10,0,17,0,0,5,0,5,0,7,15,0,22,0,0,0,22
01/27/2021,PWK,IL,AGL,CE,Towers with Radar,0,24,28,0,52,0,2,33,0,35,0,26,61,0,87,58,0,58,145
01/28/2021,PWK,IL,AGL,CE,Towers with Radar,0,54,56,0,110,0,1,105,0,106,0,55,161,0,216,42,0,42,258
01/29/2021,PWK,IL,AGL,CE,Towers with Radar,0,48,47,0,95,0,0,102,0,102,0,48,149,0,197,92,0,92,289
01/30/2021,PWK,IL,AGL,CE,Towers with Radar,0,26,39,0,65,0,0,68,0,68,0,26,107,0,133,36,0,36,169
01/31/2021,PWK,IL,AGL,CE,Towers with Radar,0,5,3,0,8,0,0,0,0,0,0,5,3,0,8,0,0,0,8
02/01/2021,PWK,IL,AGL,CE,Towers with Radar,0,29,47,0,76,0,3,51,0,54,0,32,98,0,130,54,0,54,184
02/02/2021,PWK,IL,AGL,CE,Towers with Radar,0,31,25,0,56,0,1,74,0,75,0,32,99,0,131,140,0,140,271
02/03/2021,PWK,IL,AGL,CE,Towers with Radar,0,30,51,0,81,0,0,125,0,125,0,30,176,0,206,136,0,136,342
02/04/2021,PWK,IL,AGL,CE,Towers with Radar,0,33,15,0,48,0,0,7,0,7,0,33,22,0,55,0,0,0,55
02/05/2021,PWK,IL,AGL,CE,Towers with Radar,0,27,21,0,48,0,2,7,0,9,0,29,28,0,57,0,0,0,57
02/06/2021,PWK,IL,AGL,CE,Towers with Radar,0,31,13,0,44,0,0,28,0,28,0,31,41,0,72,20,0,20,92
02/07/2021,PWK,IL,AGL,CE,Towers with Radar,0,35,21,0,56,0,1,47,0,48,0,36,68,0,104,42,0,42,146
02/08/2021,PWK,IL,AGL,CE,Towers with Radar,0,48,32,0,80,0,1,7,0,8,0,49,39,0,88,22,0,22,110
02/09/2021,PWK,IL,AGL,CE,Towers with Radar,0,40,31,0,71,0,2,61,0,63,0,42,92,0,134,52,0,52,186
02/10/2021,PWK,IL,AGL,CE,Towers with Radar,0,47,61,0,108,0,3,14,0,17,0,50,75,0,125,10,0,10,135
02/11/2021,PWK,IL,AGL,CE,Towers with Radar,0,54,38,0,92,0,0,23,0,23,0,54,61,0,115,0,0,0,115
02/12/2021,PWK,IL,AGL,CE,Towers with Radar,0,33,41,0,74,0,5,72,0,77,0,38,113,0,151,34,0,34,185
02/13/2021,PWK,IL,AGL,CE,Towers with Radar,0,13,12,0,25,0,0,2,0,2,0,13,14,0,27,0,0,0,27
02/14/2021,PWK,IL,AGL,CE,Towers with Radar,0,34,36,0,70,0,1,39,1,41,0,35,75,1,111,0,0,0,111
02/15/2021,PWK,IL,AGL,CE,Towers with Radar,0,24,27,0,51,0,0,7,0,7,0,24,34,0,58,0,0,0,58
02/16/2021,PWK,IL,AGL,CE,Towers with Radar,0,53,28,0,81,0,0,19,0,19,0,53,47,0,100,0,0,0,100
02/17/2021,PWK,IL,AGL,CE,Towers with Radar,0,40,33,0,73,0,1,61,1,63,0,41,94,1,136,46,0,46,182
02/18/2021,PWK,IL,AGL,CE,Towers with Radar,1,25,30,0,56,0,0,4,0,4,1,25,34,0,60,0,0,0,60
02/19/2021,PWK,IL,AGL,CE,Towers with Radar,0,25,54,0,79,0,0,80,0,80,0,25,134,0,159,24,0,24,183
02/20/2021,PWK,IL,AGL,CE,Towers with Radar,0,34,50,0,84,0,1,118,0,119,0,35,168,0,203,124,0,124,327
02/21/2021,PWK,IL,AGL,CE,Towers with Radar,0,43,29,0,72,0,0,49,0,49,0,43,78,0,121,111,0,111,232
02/22/2021,PWK,IL,AGL,CE,Towers with Radar,0,26,37,2,65,0,0,5,0,5,0,26,42,2,70,0,0,0,70
02/23/2021,PWK,IL,AGL,CE,Towers with Radar,0,32,50,0,82,0,0,108,2,110,0,32,158,2,192,104,0,104,296
02/24/2021,PWK,IL,AGL,CE,Towers with Radar,0,34,41,0,75,0,3,57,0,60,0,37,98,0,135,122,0,122,257
02/25/2021,PWK,IL,AGL,CE,Towers with Radar,0,43,56,0,99,0,3,109,1,113,0,46,165,1,212,110,0,110,322
02/26/2021,PWK,IL,AGL,CE,Towers with Radar,0,36,55,0,91,0,0,94,0,94,0,36,149,0,185,122,0,122,307
02/27/2021,PWK,IL,AGL,CE,Towers with Radar,0,40,35,0,75,0,1,171,0,172,0,41,206,0,247,102,0,102,349
02/28/2021,PWK,IL,AGL,CE,Towers with Radar,0,40,46,0,86,0,2,7,0,9,0,42,53,0,95,0,0,0,95
03/01/2021,PWK,IL,AGL,CE,Towers with Radar,0,34,56,0,90,0,0,85,0,85,0,34,141,0,175,100,0,100,275
03/02/2021,PWK,IL,AGL,CE,Towers with Radar,0,32,51,0,83,0,0,81,2,83,0,32,132,2,166,0,0,0,166
03/03/2021,PWK,IL,AGL,CE,Towers with Radar,0,27,47,0,74,0,1,108,0,109,0,28,155,0,183,108,0,108,291
03/04/2021,PWK,IL,AGL,CE,Towers with Radar,0,40,49,0,89,0,2,80,0,82,0,42,129,0,171,22,0,22,193
03/05/2021,PWK,IL,AGL,CE,Towers with Radar,0,39,58,0,97,0,0,127,0,127,0,39,185,0,224,132,0,132,356
03/06/2021,PWK,IL,AGL,CE,Towers with Radar,0,36,41,0,77,0,0,170,0,170,0,36,211,0,247,121,0,121,368
03/07/2021,PWK,IL,AGL,CE,Towers with Radar,0,53,48,0,101,0,0,164,0,164,0,53,212,0,265,54,0,54,319
03/08/2021,PWK,IL,AGL,CE,Towers with Radar,0,47,37,0,84,0,2,78,0,80,0,49,115,0,164,18,0,18,182
03/09/2021,PWK,IL,AGL,CE,Towers with Radar,0,48,44,0,92,0,0,53,2,55,0,48,97,2,147,68,0,68,215
03/10/2021,PWK,IL,AGL,CE,Towers with Radar,0,60,52,0,112,0,0,7,0,7,0,60,59,0,119,0,0,0,119
03/11/2021,PWK,IL,AGL,CE,Towers with Radar,0,39,65,0,104,0,1,36,0,37,0,40,101,0,141,22,0,22,163
03/12/2021,PWK,IL,AGL,CE,Towers with Radar,1,58,61,0,120,0,4,135,0,139,1,62,196,0,259,44,0,44,303
03/13/2021,PWK,IL,AGL,CE,Towers with Radar,0,33,61,0,94,0,0,189,0,189,0,33,250,0,283,66,0,66,349
03/14/2021,PWK,IL,AGL,CE,Towers with Radar,0,57,32,0,89,0,6,88,0,94,0,63,120,0,183,36,0,36,219
03/15/2021,PWK,IL,AGL,CE,Towers with Radar,0,34,50,0,84,0,0,3,0,3,0,34,53,0,87,0,0,0,87
03/16/2021,PWK,IL,AGL,CE,Towers with Radar,0,57,57,0,114,0,0,5,0,5,0,57,62,0,119,36,0,36,155
03/17/2021,PWK,IL,AGL,CE,Towers with Radar,0,45,40,0,85,0,0,4,0,4,0,45,44,0,89,0,0,0,89
03/18/2021,PWK,IL,AGL,CE,Towers with Radar,0,17,33,1,51,0,1,3,0,4,0,18,36,1,55,2,0,2,57
03/19/2021,PWK,IL,AGL,CE,Towers with Radar,0,100,87,0,187,0,0,139,0,139,0,100,226,0,326,42,0,42,368
03/20/2021,PWK,IL,AGL,CE,Towers with Radar,0,74,73,0,147,0,0,168,0,168,0,74,241,0,315,108,0,108,423
03/21/2021,PWK,IL,AGL,CE,Towers with Radar,0,77,76,0,153,0,0,143,1,144,0,77,219,1,297,84,0,84,381
03/22/2021,PWK,IL,AGL,CE,Towers with Radar,0,49,50,0,99,0,0,89,0,89,0,49,139,0,188,64,0,64,252
03/23/2021,PWK,IL,AGL,CE,Towers with Radar,0,41,49,0,90,0,0,40,0,40,0,41,89,0,130,132,0,132,262
03/24/2021,PWK,IL,AGL,CE,Towers with Radar,0,31,61,0,92,0,0,12,0,12,0,31,73,0,104,8,0,8,112
03/25/2021,PWK,IL,AGL,CE,Towers with Radar,0,74,66,0,140,0,0,13,0,13,0,74,79,0,153,80,0,80,233
03/26/2021,PWK,IL,AGL,CE,Towers with Radar,0,56,77,0,133,0,0,27,0,27,0,56,104,0,160,104,0,104,264
03/27/2021,PWK,IL,AGL,CE,Towers with Radar,0,83,58,0,141,0,0,36,0,36,0,83,94,0,177,106,0,106,283
03/28/2021,PWK,IL,AGL,CE,Towers with Radar,0,79,46,0,125,0,18,57,0,75,0,97,103,0,200,0,0,0,200
03/29/2021,PWK,IL,AGL,CE,Towers with Radar,0,63,45,0,108,0,0,35,0,35,0,63,80,0,143,56,0,56,199
03/30/2021,PWK,IL,AGL,CE,Towers with Radar,0,49,28,0,77,0,0,32,0,32,0,49,60,0,109,36,0,36,145
03/31/2021,PWK,IL,AGL,CE,Towers with Radar,0,60,31,0,91,0,6,94,0,100,0,66,125,0,191,80,0,80,271
04/01/2021,PWK,IL,AGL,CE,Towers with Radar,1,55,56,0,112,0,3,93,0,96,1,58,149,0,208,90,0,90,298
04/02/2021,PWK,IL,AGL,CE,Towers with Radar,0,38,41,0,79,0,0,130,0,130,0,38,171,0,209,56,0,56,265
04/03/2021,PWK,IL,AGL,CE,Towers with Radar,0,55,42,0,97,0,3,108,0,111,0,58,150,0,208,40,0,40,248
04/04/2021,PWK,IL,AGL,CE,Towers with Radar,0,63,60,0,123,0,0,109,0,109,0,63,169,0,232,62,0,62,294
04/05/2021,PWK,IL,AGL,CE,Towers with Radar,0,71,58,0,129,0,0,57,1,58,0,71,115,1,187,34,0,34,221
04/06/2021,PWK,IL,AGL,CE,Towers with Radar,0,64,60,0,124,0,1,100,2,103,0,65,160,2,227,68,0,68,295
04/07/2021,PWK,IL,AGL,CE,Towers with Radar,0,64,51,0,115,0,0,68,0,68,0,64,119,0,183,66,0,66,249
04/08/2021,PWK,IL,AGL,CE,Towers with Radar,0,42,64,0,106,0,0,8,0,8,0,42,72,0,114,74,0,74,188
04/09/2021,PWK,IL,AGL,CE,Towers with Radar,0,60,60,0,120,0,0,19,0,19,0,60,79,0,139,12,0,12,151
04/10/2021,PWK,IL,AGL,CE,Towers with Radar,0,49,37,0,86,0,0,10,0,10,0,49,47,0,96,18,0,18,114
04/11/2021,PWK,IL,AGL,CE,Towers with Radar,0,58,56,0,114,0,0,17,0,17,0,58,73,0,131,112,0,112,243
04/12/2021,PWK,IL,AGL,CE,Towers with Radar,0,44,52,0,96,0,3,59,0,62,0,47,111,0,158,22,0,22,180
04/13/2021,PWK,IL,AGL,CE,Towers with Radar,0,45,44,0,89,0,7,98,0,105,0,52,142,0,194,152,0,152,346
04/14/2021,PWK,IL,AGL,CE,Towers with Radar,0,54,68,0,122,0,10,81,0,91,0,64,149,0,213,36,0,36,249
04/15/2021,PWK,IL,AGL,CE,Towers with Radar,0,50,50,0,100,0,0,74,0,74,0,50,124,0,174,90,0,90,264
04/16/2021,PWK,IL,AGL,CE,Towers with Radar,0,49,54,0,103,0,0,103,0,103,0,49,157,0,206,60,0,60,266
04/17/2021,PWK,IL,AGL,CE,Towers with Radar,0,27,47,0,74,0,0,143,0,143,0,27,190,0,217,106,0,106,323
04/18/2021,PWK,IL,AGL,CE,Towers with Radar,0,55,49,0,104,0,0,159,4,163,0,55,208,4,267,82,0,82,349
04/19/2021,PWK,IL,AGL,CE,Towers with Radar,0,45,40,0,85,0,4,62,0,66,0,49,102,0,151,44,0,44,195
04/20/2021,PWK,IL,AGL,CE,Towers with Radar,0,39,42,0,81,0,0,41,0,41,0,39,83,0,122,88,0,88,210
04/21/2021,PWK,IL,AGL,CE,Towers with Radar,0,63,51,0,114,0,0,29,1,30,0,63,80,1,144,101,0,101,245
04/22/2021,PWK,IL,AGL,CE,Towers with Radar,0,54,64,0,118,0,3,107,0,110,0,57,171,0,228,92,0,92,320
04/23/2021,PWK,IL,AGL,CE,Towers with Radar,0,45,67,0,112,0,0,101,0,101,0,45,168,0,213,32,0,32,245
04/24/2021,PWK,IL,AGL,CE,Towers with Radar,0,30,49,0,79,0,0,98,0,98,0,30,147,0,177,132,0,132,309
04/25/2021,PWK,IL,AGL,CE,Towers with Radar,0,63,82,0,145,0,1,126,2,129,0,64,208,2,274,88,0,88,362
04/26/2021,PWK,IL,AGL,CE,Towers with Radar,0,50,43,0,93,0,0,37,0,37,0,50,80,0,130,34,0,34,164
04/27/2021,PWK,IL,AGL,CE,Towers with Radar,0,38,39,0,77,0,0,59,3,62,0,38,98,3,139,48,0,48,187
04/28/2021,PWK,IL,AGL,CE,Towers with Radar,0,55,64,0,119,0,0,7,0,7,0,55,71,0,126,62,0,62,188
04/29/2021,PWK,IL,AGL,CE,Towers with Radar,0,65,61,0,126,0,1,41,0,42,0,66,102,0,168,62,0,62,230
04/30/2021,PWK,IL,AGL,CE,Towers with Radar,0,65,66,0,131,0,2,119,0,121,0,67,185,0,252,64,0,64,316
05/01/2021,PWK,IL,AGL,CE,Towers with Radar,0,42,31,0,73,0,0,17,1,18,0,42,48,1,91,0,0,0,91
05/02/2021,PWK,IL,AGL,CE,Towers with Radar,0,76,66,0,142,0,0,43,0,43,0,76,109,0,185,28,0,28,213
05/03/2021,PWK,IL,AGL,CE,Towers with Radar,0,58,62,0,120,0,0,16,0,16,0,58,78,0,136,94,0,94,230
05/04/2021,PWK,IL,AGL,CE,Towers with Radar,0,46,58,0,104,0,2,56,0,58,0,48,114,0,162,208,0,208,370
05/05/2021,PWK,IL,AGL,CE,Towers with Radar,0,63,80,0,143,0,0,135,1,136,0,63,215,1,279,106,0,106,385
05/06/2021,PWK,IL,AGL,CE,Towers with Radar,0,70,95,0,165,0,4,28,0,32,0,74,123,0,197,58,0,58,255
05/07/2021,PWK,IL,AGL,CE,Towers with Radar,0,65,67,0,132,0,6,128,0,134,0,71,195,0,266,114,0,114,380
05/08/2021,PWK,IL,AGL,CE,Towers with Radar,0,51,54,0,105,0,0,184,0,184,0,51,238,0,289,96,0,96,385
05/09/2021,PWK,IL,AGL,CE,Towers with Radar,0,53,55,0,108,0,3,48,0,51,0,56,103,0,159,62,0,62,221
05/10/2021,PWK,IL,AGL,CE,Towers with Radar,0,56,58,0,114,0,2,98,1,101,0,58,156,1,215,114,0,114,329
05/11/2021,PWK,IL,AGL,CE,Towers with Radar,0,53,63,0,116,0,1,127,3,131,0,54,190,3,247,106,0,106,353
05/12/2021,PWK,IL,AGL,CE,Towers with Radar,0,60,69,0,129,0,0,125,0,125,0,60,194,0,254,130,0,130,384
05/13/2021,PWK,IL,AGL,CE,Towers with Radar,0,68,77,1,146,0,1,89,4,94,0,69,166,5,240,92,0,92,332
05/14/2021,PWK,IL,AGL,CE,Towers with Radar,0,60,68,0,128,0,1,128,0,129,0,61,196,0,257,182,0,182,439
05/15/2021,PWK,IL,AGL,CE,Towers with Radar,0,44,43,0,87,0,2,63,0,65,0,46,106,0,152,96,0,96,248
05/16/2021,PWK,IL,AGL,CE,Towers with Radar,0,69,64,0,133,0,0,150,1,151,0,69,214,1,284,70,0,70,354
05/17/2021,PWK,IL,AGL,CE,Towers with Radar,0,55,88,0,143,0,1,61,0,62,0,56,149,0,205,114,0,114,319
05/18/2021,PWK,IL,AGL,CE,Towers with Radar,0,51,57,0,108,0,0,53,0,53,0,51,110,0,161,136,0,136,297
05/19/2021,PWK,IL,AGL,CE,Towers with Radar,0,67,94,0,161,0,0,36,0,36,0,67,130,0,197,62,0,62,259
05/20/2021,PWK,IL,AGL,CE,Towers with Radar,0,61,80,0,141,0,0,87,0,87,0,61,167,0,228,178,0,178,406
05/21/2021,PWK,IL,AGL,CE,Towers with Radar,0,67,61,0,128,0,1,97,0,98,0,68,158,0,226,68,0,68,294
05/22/2021,PWK,IL,AGL,CE,Towers with Radar,0,40,49,0,89,0,0,152,0,152,0,40,201,0,241,68,0,68,309
05/23/2021,PWK,IL,AGL,CE,Towers with Radar,0,55,78,0,133,0,0,49,0,49,0,55,127,0,182,120,0,120,302
05/24/2021,PWK,IL,AGL,CE,Towers with Radar,0,57,69,0,126,0,0,81,0,81,0,57,150,0,207,144,0,144,351
05/25/2021,PWK,IL,AGL,CE,Towers with Radar,0,60,51,0,111,0,0,34,0,34,0,60,85,0,145,56,0,56,201
05/26/2021,PWK,IL,AGL,CE,Towers with Radar,0,55,108,0,163,0,7,134,0,141,0,62,242,0,304,26,0,26,330
05/27/2021,PWK,IL,AGL,CE,Towers with Radar,0,68,81,0,149,0,4,50,1,55,0,72,131,1,204,16,0,16,220
05/28/2021,PWK,IL,AGL,CE,Towers with Radar,0,54,54,0,108,0,2,12,0,14,0,56,66,0,122,0,0,0,122
05/29/2021,PWK,IL,AGL,CE,Towers with Radar,0,47,29,0,76,0,3,155,0,158,0,50,184,0,234,78,0,78,312
05/30/2021,PWK,IL,AGL,CE,Towers with Radar,0,37,34,0,71,0,0,137,1,138,0,37,171,1,209,140,0,140,349
05/31/2021,PWK,IL,AGL,CE,Towers with Radar,0,71,69,0,140,0,1,108,2,111,0,72,177,2,251,98,0,98,349
06/01/2021,PWK,IL,AGL,CE,Towers with Radar,0,89,74,0,163,0,0,111,0,111,0,89,185,0,274,84,0,84,358
06/02/2021,PWK,IL,AGL,CE,Towers with Radar,0,50,78,0,128,0,1,138,1,140,0,51,216,1,268,126,0,126,394
06/03/2021,PWK,IL,AGL,CE,Towers with Radar,1,61,54,0,116,0,1,137,1,139,1,62,191,1,255,88,0,88,343
06/04/2021,PWK,IL,AGL,CE,Towers with Radar,0,44,84,2,130,0,0,88,0,88,0,44,172,2,218,40,0,40,258
06/05/2021,PWK,IL,AGL,CE,Towers with Radar,1,43,50,0,94,0,1,111,0,112,1,44,161,0,206,24,0,24,230
06/06/2021,PWK,IL,AGL,CE,Towers with Radar,0,52,65,0,117,0,0,109,0,109,0,52,174,0,226,94,0,94,320
06/07/2021,PWK,IL,AGL,CE,Towers with Radar,0,62,73,0,135,0,0,17,0,17,0,62,90,0,152,98,0,98,250
06/08/2021,PWK,IL,AGL,CE,Towers with Radar,0,59,71,0,130,0,0,114,1,115,0,59,185,1,245,136,0,136,381
06/09/2021,PWK,IL,AGL,CE,Towers with Radar,0,61,66,0,127,0,2,109,0,111,0,63,175,0,238,86,0,86,324
06/10/2021,PWK,IL,AGL,CE,Towers with Radar,0,79,97,0,176,0,2,112,0,114,0,81,209,0,290,130,0,130,420
06/11/2021,PWK,IL,AGL,CE,Towers with Radar,0,76,95,0,171,0,1,109,0,110,0,77,204,0,281,114,0,114,395
06/12/2021,PWK,IL,AGL,CE,Towers with Radar,0,56,55,0,111,0,0,101,0,101,0,56,156,0,212,72,0,72,284
06/13/2021,PWK,IL,AGL,CE,Towers with Radar,1,79,95,0,175,0,3,161,1,165,1,82,256,1,340,14,0,14,354
06/14/2021,PWK,IL,AGL,CE,Towers with Radar,0,68,76,0,144,0,7,113,0,120,0,75,189,0,264,84,0,84,348
06/15/2021,PWK,IL,AGL,CE,Towers with Radar,0,80,73,0,153,0,1,126,0,127,0,81,199,0,280,122,0,122,402
06/16/2021,PWK,IL,AGL,CE,Towers with Radar,0,60,72,0,132,0,0,148,0,148,0,60,220,0,280,120,0,120,400
06/17/2021,PWK,IL,AGL,CE,Towers with Radar,0,63,93,0,156,0,0,85,1,86,0,63,178,1,242,90,0,90,332
06/18/2021,PWK,IL,AGL,CE,Towers with Radar,0,55,55,0,110,0,1,82,0,83,0,56,137,0,193,48,0,48,241
06/19/2021,PWK,IL,AGL,CE,Towers with Radar,0,49,52,0,101,0,3,134,0,137,0,52,186,0,238,34,0,34,272
06/20/2021,PWK,IL,AGL,CE,Towers with Radar,0,57,54,0,111,0,3,59,0,62,0,60,113,0,173,124,0,124,297
06/21/2021,PWK,IL,AGL,CE,Towers with Radar,0,49,61,0,110,0,5,95,0,100,0,54,156,0,210,34,0,34,244
06/22/2021,PWK,IL,AGL,CE,Towers with Radar,0,55,65,0,120,0,1,142,0,143,0,56,207,0,263,208,0,208,471
06/23/2021,PWK,IL,AGL,CE,Towers with Radar,0,55,93,0,148,0,0,42,0,42,0,55,135,0,190,38,0,38,228
06/24/2021,PWK,IL,AGL,CE,Towers with Radar,0,53,84,0,137,0,0,26,0,26,0,53,110,0,163,104,0,104,267
06/25/2021,PWK,IL,AGL,CE,Towers with Radar,0,54,78,0,132,0,0,17,0,17,0,54,95,0,149,94,0,94,243
06/26/2021,PWK,IL,AGL,CE,Towers with Radar,0,42,45,0,87,0,0,2,0,2,0,42,47,0,89,2,0,2,91
06/27/2021,PWK,IL,AGL,CE,Towers with Radar,0,69,91,0,160,0,0,89,0,89,0,69,180,0,249,54,0,54,303
06/28/2021,PWK,IL,AGL,CE,Towers with Radar,0,43,74,0,117,0,0,2,0,2,0,43,76,0,119,70,0,70,189
06/29/2021,PWK,IL,AGL,CE,Towers with Radar,0,67,63,0,130,0,0,36,0,36,0,67,99,0,166,128,0,128,294
06/30/2021,PWK,IL,AGL,CE,Towers with Radar,0,61,81,0,142,0,0,83,0,83,0,61,164,0,225,248,0,248,473
07/01/2021,PWK,IL,AGL,CE,Towers with Radar,0,67,90,0,157,0,10,153,0,163,0,77,243,0,320,60,0,60,380
07/02/2021,PWK,IL,AGL,CE,Towers with Radar,0,62,56,0,118,0,3,146,0,149,0,65,202,0,267,120,0,120,387
07/03/2021,PWK,IL,AGL,CE,Towers with Radar,1,32,31,0,64,0,3,163,0,166,1,35,194,0,230,50,0,50,280
07/04/2021,PWK,IL,AGL,CE,Towers with Radar,0,23,18,0,41,0,0,80,0,80,0,23,98,0,121,44,0,44,165
07/05/2021,PWK,IL,AGL,CE,Towers with Radar,0,54,72,0,126,0,6,130,1,137,0,60,202,1,263,44,0,44,307
07/06/2021,PWK,IL,AGL,CE,Towers with Radar,0,56,48,0,104,0,3,150,0,153,0,59,198,0,257,80,0,80,337
07/07/2021,PWK,IL,AGL,CE,Towers with Radar,0,42,51,0,93,0,1,8,0,9,0,43,59,0,102,82,0,82,184
07/08/2021,PWK,IL,AGL,CE,Towers with Radar,0,80,104,0,184,0,1,34,0,35,0,81,138,0,219,192,0,192,411
07/09/2021,PWK,IL,AGL,CE,Towers with Radar,0,60,73,0,133,0,2,147,0,149,0,62,220,0,282,124,0,124,406
07/10/2021,PWK,IL,AGL,CE,Towers with Radar,0,40,65,0,105,0,1,123,0,124,0,41,188,0,229,166,0,166,395
07/11/2021,PWK,IL,AGL,CE,Towers with Radar,0,69,59,0,128,0,0,54,0,54,0,69,113,0,182,84,0,84,266
07/12/2021,PWK,IL,AGL,CE,Towers with Radar,0,60,95,0,155,0,0,8,0,8,0,60,103,0,163,0,0,0,163
07/13/2021,PWK,IL,AGL,CE,Towers with Radar,0,58,94,0,152,0,1,71,0,72,0,59,165,0,224,108,0,108,332
07/14/2021,PWK,IL,AGL,CE,Towers with Radar,0,70,100,0,170,0,0,103,5,108,0,70,203,5,278,94,0,94,372
07/15/2021,PWK,IL,AGL,CE,Towers with Radar,0,56,94,0,150,0,0,29,0,29,0,56,123,0,179,86,0,86,265
07/16/2021,PWK,IL,AGL,CE,Towers with Radar,0,47,73,0,120,0,1,57,0,58,0,48,130,0,178,66,0,66,244
07/17/2021,PWK,IL,AGL,CE,Towers with Radar,0,45,56,0,101,0,8,190,0,198,0,53,246,0,299,138,0,138,437
07/18/2021,PWK,IL,AGL,CE,Towers with Radar,0,75,66,0,141,0,2,177,1,180,0,77,243,1,321,70,0,70,391
07/19/2021,PWK,IL,AGL,CE,Towers with Radar,1,46,81,0,128,0,0,110,8,118,1,46,191,8,246,116,0,116,362
07/20/2021,PWK,IL,AGL,CE,Towers with Radar,0,65,80,0,145,0,2,102,1,105,0,67,182,1,250,118,0,118,368
07/21/2021,PWK,IL,AGL,CE,Towers with Radar,2,72,100,0,174,0,0,73,0,73,2,72,173,0,247,234,0,234,481
07/22/2021,PWK,IL,AGL,CE,Towers with Radar,0,88,96,2,186,0,1,143,0,144,0,89,239,2,330,96,0,96,426
07/23/2021,PWK,IL,AGL,CE,Towers with Radar,0,52,86,0,138,0,0,94,0,94,0,52,180,0,232,136,0,136,368
07/24/2021,PWK,IL,AGL,CE,Towers with Radar,0,51,44,0,95,0,0,76,0,76,0,51,120,0,171,82,0,82,253
07/25/2021,PWK,IL,AGL,CE,Towers with Radar,0,67,97,0,164,0,7,138,4,149,0,74,235,4,313,138,0,138,451
07/26/2021,PWK,IL,AGL,CE,Towers with Radar,0,53,80,0,133,0,0,114,0,114,0,53,194,0,247,82,0,82,329
07/27/2021,PWK,IL,AGL,CE,Towers with Radar,0,58,67,0,125,0,0,123,0,123,0,58,190,0,248,120,6,126,374
07/28/2021,PWK,IL,AGL,CE,Towers with Radar,0,66,99,0,165,0,0,107,0,107,0,66,206,0,272,106,0,106,378
07/29/2021,PWK,IL,AGL,CE,Towers with Radar,0,70,84,0,154,0,6,72,1,79,0,76,156,1,233,82,0,82,315
07/30/2021,PWK,IL,AGL,CE,Towers with Radar,0,69,70,0,139,0,5,167,0,172,0,74,237,0,311,42,0,42,353
07/31/2021,PWK,IL,AGL,CE,Towers with Radar,0,42,62,0,104,0,1,130,0,131,0,43,192,0,235,134,0,134,369
08/01/2021,PWK,IL,AGL,CE,Towers with Radar,0,67,83,0,150,0,3,142,4,149,0,70,225,4,299,114,0,114,413
08/02/2021,PWK,IL,AGL,CE,Towers with Radar,0,59,83,0,142,0,1,128,0,129,0,60,211,0,271,118,0,118,389
08/03/2021,PWK,IL,AGL,CE,Towers with Radar,0,60,54,0,114,0,0,116,0,116,0,60,170,0,230,142,0,142,372
08/04/2021,PWK,IL,AGL,CE,Towers with Radar,2,63,67,0,132,0,1,119,0,120,2,64,186,0,252,124,0,124,376
08/05/2021,PWK,IL,AGL,CE,Towers with Radar,0,87,96,0,183,0,1,125,0,126,0,88,221,0,309,128,0,128,437
08/06/2021,PWK,IL,AGL,CE,Towers with Radar,0,85,58,0,143,0,0,68,1,69,0,85,126,1,212,38,0,38,250
08/07/2021,PWK,IL,AGL,CE,Towers with Radar,0,58,44,0,102,0,0,117,0,117,0,58,161,0,219,52,0,52,271
08/08/2021,PWK,IL,AGL,CE,Towers with Radar,0,87,88,0,175,0,1,97,0,98,0,88,185,0,273,22,0,22,295
08/09/2021,PWK,IL,AGL,CE,Towers with Radar,0,52,60,0,112,0,1,7,0,8,0,53,67,0,120,38,0,38,158
08/10/2021,PWK,IL,AGL,CE,Towers with Radar,0,63,80,0,143,0,0,54,0,54,0,63,134,0,197,138,0,138,335
08/11/2021,PWK,IL,AGL,CE,Towers with Radar,0,56,88,1,145,0,0,11,0,11,0,56,99,1,156,6,0,6,162
08/12/2021,PWK,IL,AGL,CE,Towers with Radar,0,74,111,1,186,0,0,90,0,90,0,74,201,1,276,82,0,82,358
08/13/2021,PWK,IL,AGL,CE,Towers with Radar,0,63,64,0,127,0,1,143,0,144,0,64,207,0,271,92,0,92,363
08/14/2021,PWK,IL,AGL,CE,Towers with Radar,0,70,73,0,143,0,3,168,0,171,0,73,241,0,314,66,0,66,380
08/15/2021,PWK,IL,AGL,CE,Towers with Radar,0,84,78,0,162,0,0,162,3,165,0,84,240,3,327,114,0,114,441
08/16/2021,PWK,IL,AGL,CE,Towers with Radar,0,62,93,0,155,0,1,115,2,118,0,63,208,2,273,112,0,112,385
08/17/2021,PWK,IL,AGL,CE,Towers with Radar,0,53,67,0,120,0,1,127,2,130,0,54,194,2,250,118,0,118,368
08/18/2021,PWK,IL,AGL,CE,Towers with Radar,0,77,74,0,151,0,0,100,0,100,0,77,174,0,251,140,0,140,391
08/19/2021,PWK,IL,AGL,CE,Towers with Radar,0,58,91,0,149,0,0,74,1,75,0,58,165,1,224,108,0,108,332
08/20/2021,PWK,IL,AGL,CE,Towers with Radar,0,68,83,0,151,0,1,113,0,114,0,69,196,0,265,66,0,66,331
08/21/2021,PWK,IL,AGL,CE,Towers with Radar,0,0,0,0,0,0,0,0,0,0,0,0,0,0,0,0,0,0,0
08/22/2021,PWK,IL,AGL,CE,Towers with Radar,0,56,73,0,129,0,3,173,2,178,0,59,246,2,307,90,0,90,397
08/23/2021,PWK,IL,AGL,CE,Towers with Radar,0,49,58,0,107,0,1,92,1,94,0,50,150,1,201,58,0,58,259
08/24/2021,PWK,IL,AGL,CE,Towers with Radar,0,42,74,0,116,0,0,61,2,63,0,42,135,2,179,0,0,0,179
08/25/2021,PWK,IL,AGL,CE,Towers with Radar,0,62,83,0,145,0,0,58,0,58,0,62,141,0,203,104,0,104,307
08/26/2021,PWK,IL,AGL,CE,Towers with Radar,0,79,108,0,187,0,0,82,0,82,0,79,190,0,269,62,0,62,331
08/27/2021,PWK,IL,AGL,CE,Towers with Radar,0,64,87,0,151,0,1,120,0,121,0,65,207,0,272,74,0,74,346
08/28/2021,PWK,IL,AGL,CE,Towers with Radar,0,31,44,0,75,0,2,161,0,163,0,33,205,0,238,156,0,156,394
08/29/2021,PWK,IL,AGL,CE,Towers with Radar,1,59,61,0,121,0,5,53,0,58,1,64,114,0,179,28,0,28,207
08/30/2021,PWK,IL,AGL,CE,Towers with Radar,0,60,84,0,144,0,0,91,3,94,0,60,175,3,238,128,0,128,366
08/31/2021,PWK,IL,AGL,CE,Towers with Radar,0,46,61,0,107,0,1,99,0,100,0,47,160,0,207,100,0,100,307
09/01/2021,PWK,IL,AGL,CE,Towers with Radar,0,54,67,0,121,0,6,122,2,130,0,60,189,2,251,46,0,46,297
09/02/2021,PWK,IL,AGL,CE,Towers with Radar,0,61,74,2,137,0,1,95,0,96,0,62,169,2,233,128,0,128,361
09/03/2021,PWK,IL,AGL,CE,Towers with Radar,0,72,98,0,170,0,1,91,0,92,0,73,189,0,262,124,0,124,386
09/04/2021,PWK,IL,AGL,CE,Towers with Radar,0,47,58,0,105,0,4,40,0,44,0,51,98,0,149,202,0,202,351
09/05/2021,PWK,IL,AGL,CE,Towers with Radar,0,30,28,0,58,0,5,141,0,146,0,35,169,0,204,104,0,104,308
09/06/2021,PWK,IL,AGL,CE,Towers with Radar,1,61,74,0,136,0,0,126,4,130,1,61,200,4,266,166,0,166,432
09/07/2021,PWK,IL,AGL,CE,Towers with Radar,0,45,75,0,120,0,1,18,0,19,0,46,93,0,139,12,0,12,151
09/08/2021,PWK,IL,AGL,CE,Towers with Radar,1,61,71,0,133,0,5,111,0,116,1,66,182,0,249,84,0,84,333
09/09/2021,PWK,IL,AGL,CE,Towers with Radar,0,59,84,0,143,0,0,126,2,128,0,59,210,2,271,170,0,170,441
09/10/2021,PWK,IL,AGL,CE,Towers with Radar,0,61,83,0,144,0,0,143,0,143,0,61,226,0,287,159,0,159,446
09/11/2021,PWK,IL,AGL,CE,Towers with Radar,0,53,59,0,112,0,5,158,0,163,0,58,217,0,275,158,0,158,433
09/12/2021,PWK,IL,AGL,CE,Towers with Radar,0,60,86,0,146,0,3,166,2,171,0,63,252,2,317,104,0,104,421
09/13/2021,PWK,IL,AGL,CE,Towers with Radar,0,64,109,0,173,0,0,58,1,59,0,64,167,1,232,148,0,148,380
09/14/2021,PWK,IL,AGL,CE,Towers with Radar,0,55,60,0,115,0,2,49,0,51,0,57,109,0,166,64,0,64,230
09/15/2021,PWK,IL,AGL,CE,Towers with Radar,0,63,98,0,161,0,0,121,0,121,0,63,219,0,282,200,0,200,482
09/16/2021,PWK,IL,AGL,CE,Towers with Radar,0,84,68,0,152,0,0,111,2,113,0,84,179,2,265,166,0,166,431
09/17/2021,PWK,IL,AGL,CE,Towers with Radar,0,64,92,0,156,0,1,113,0,114,0,65,205,0,270,72,0,72,342
09/18/2021,PWK,IL,AGL,CE,Towers with Radar,1,39,48,0,88,0,3,223,0,226,1,42,271,0,314,112,0,112,426
09/19/2021,PWK,IL,AGL,CE,Towers with Radar,1,80,96,0,177,0,0,170,0,170,1,80,266,0,347,78,0,78,425
09/20/2021,PWK,IL,AGL,CE,Towers with Radar,0,62,67,1,130,0,0,20,0,20,0,62,87,1,150,32,0,32,182
09/21/2021,PWK,IL,AGL,CE,Towers with Radar,0,38,81,0,119,0,2,45,0,47,0,40,126,0,166,96,0,96,262
09/22/2021,PWK,IL,AGL,CE,Towers with Radar,0,37,52,0,89,0,9,53,1,63,0,46,105,1,152,34,0,34,186
09/23/2021,PWK,IL,AGL,CE,Towers with Radar,1,61,84,0,146,0,8,98,0,106,1,69,182,0,252,118,0,118,370
09/24/2021,PWK,IL,AGL,CE,Towers with Radar,0,84,101,0,185,0,0,88,0,88,0,84,189,0,273,84,0,84,357
09/25/2021,PWK,IL,AGL,CE,Towers with Radar,0,47,49,0,96,0,2,135,0,137,0,49,184,0,233,98,0,98,331
09/26/2021,PWK,IL,AGL,CE,Towers with Radar,0,78,73,0,151,0,1,98,0,99,0,79,171,0,250,60,0,60,310
09/27/2021,PWK,IL,AGL,CE,Towers with Radar,0,56,85,0,141,0,0,100,0,100,0,56,185,0,241,22,0,22,263
09/28/2021,PWK,IL,AGL,CE,Towers with Radar,0,43,59,0,102,0,0,91,0,91,0,43,150,0,193,158,0,158,351
09/29/2021,PWK,IL,AGL,CE,Towers with Radar,0,74,85,0,159,0,0,94,0,94,0,74,179,0,253,192,0,192,445
09/30/2021,PWK,IL,AGL,CE,Towers with Radar,0,78,102,0,180,0,0,91,0,91,0,78,193,0,271,106,0,106,377
10/01/2021,PWK,IL,AGL,CE,Towers with Radar,0,76,92,0,168,0,0,114,0,114,0,76,206,0,282,100,0,100,382
10/02/2021,PWK,IL,AGL,CE,Towers with Radar,0,37,57,0,94,0,0,46,0,46,0,37,103,0,140,98,0,98,238
10/03/2021,PWK,IL,AGL,CE,Towers with Radar,0,80,98,0,178,0,4,8,0,12,0,84,106,0,190,30,0,30,220
10/04/2021,PWK,IL,AGL,CE,Towers with Radar,0,66,89,0,155,0,3,24,0,27,0,69,113,0,182,24,0,24,206
10/05/2021,PWK,IL,AGL,CE,Towers with Radar,0,74,87,0,161,0,0,7,0,7,0,74,94,0,168,18,0,18,186
10/06/2021,PWK,IL,AGL,CE,Towers with Radar,0,64,103,0,167,0,0,0,0,0,0,64,103,0,167,0,0,0,167
10/07/2021,PWK,IL,AGL,CE,Towers with Radar,0,57,65,0,122,0,0,2,1,3,0,57,67,1,125,0,0,0,125
10/08/2021,PWK,IL,AGL,CE,Towers with Radar,0,69,81,0,150,0,0,17,0,17,0,69,98,0,167,56,0,56,223
10/09/2021,PWK,IL,AGL,CE,Towers with Radar,0,49,79,0,128,0,0,148,0,148,0,49,227,0,276,118,0,118,394
10/10/2021,PWK,IL,AGL,CE,Towers with Radar,0,62,67,0,129,0,0,53,0,53,0,62,120,0,182,152,0,152,334
10/11/2021,PWK,IL,AGL,CE,Towers with Radar,0,85,67,0,152,0,0,26,0,26,0,85,93,0,178,46,0,46,224
10/12/2021,PWK,IL,AGL,CE,Towers with Radar,0,76,101,0,177,0,0,5,0,5,0,76,106,0,182,40,0,40,222
10/13/2021,PWK,IL,AGL,CE,Towers with Radar,0,76,85,0,161,0,0,59,2,61,0,76,144,2,222,134,0,134,356
10/14/2021,PWK,IL,AGL,CE,Towers with Radar,0,80,107,0,187,0,0,91,0,91,0,80,198,0,278,128,0,128,406
10/15/2021,PWK,IL,AGL,CE,Towers with Radar,0,60,85,0,145,0,6,119,0,125,0,66,204,0,270,106,0,106,376
10/16/2021,PWK,IL,AGL,CE,Towers with Radar,0,34,38,0,72,0,8,170,0,178,0,42,208,0,250,130,0,130,380
10/17/2021,PWK,IL,AGL,CE,Towers with Radar,0,57,85,0,142,0,4,194,4,202,0,61,279,4,344,104,0,104,448
10/18/2021,PWK,IL,AGL,CE,Towers with Radar,0,41,51,0,92,0,1,102,0,103,0,42,153,0,195,180,0,180,375
10/19/2021,PWK,IL,AGL,CE,Towers with Radar,0,55,73,0,128,0,1,112,0,113,0,56,185,0,241,168,0,168,409
10/20/2021,PWK,IL,AGL,CE,Towers with Radar,1,68,81,0,150,0,0,89,2,91,1,68,170,2,241,54,0,54,295
10/21/2021,PWK,IL,AGL,CE,Towers with Radar,0,68,78,0,146,0,1,4,0,5,0,69,82,0,151,24,0,24,175
10/22/2021,PWK,IL,AGL,CE,Towers with Radar,0,69,52,0,121,0,3,144,0,147,0,72,196,0,268,132,0,132,400
10/23/2021,PWK,IL,AGL,CE,Towers with Radar,0,66,54,0,120,0,1,209,0,210,0,67,263,0,330,128,0,128,458
10/24/2021,PWK,IL,AGL,CE,Towers with Radar,0,48,69,0,117,0,0,20,0,20,0,48,89,0,137,98,0,98,235
10/25/2021,PWK,IL,AGL,CE,Towers with Radar,1,33,37,0,71,0,1,13,0,14,1,34,50,0,85,0,0,0,85
10/26/2021,PWK,IL,AGL,CE,Towers with Radar,0,58,69,0,127,0,3,118,6,127,0,61,187,6,254,158,0,158,412
10/27/2021,PWK,IL,AGL,CE,Towers with Radar,0,59,82,0,141,0,0,119,1,120,0,59,201,1,261,204,0,204,465
10/28/2021,PWK,IL,AGL,CE,Towers with Radar,0,69,82,0,151,0,0,0,0,0,0,69,82,0,151,22,0,22,173
10/29/2021,PWK,IL,AGL,CE,Towers with Radar,1,27,50,0,78,0,0,0,0,0,1,27,50,0,78,0,0,0,78
10/30/2021,PWK,IL,AGL,CE,Towers with Radar,0,34,46,0,80,0,6,113,0,119,0,40,159,0,199,98,0,98,297
10/31/2021,PWK,IL,AGL,CE,Towers with Radar,1,47,47,0,95,0,11,91,0,102,1,58,138,0,197,138,0,138,335
11/01/2021,PWK,IL,AGL,CE,Towers with Radar,0,58,72,0,130,0,2,98,3,103,0,60,170,3,233,60,0,60,293
11/02/2021,PWK,IL,AGL,CE,Towers with Radar,0,48,74,0,122,0,5,93,2,100,0,53,167,2,222,96,0,96,318
11/03/2021,PWK,IL,AGL,CE,Towers with Radar,0,54,74,0,128,0,0,122,0,122,0,54,196,0,250,170,0,170,420
11/04/2021,PWK,IL,AGL,CE,Towers with Radar,0,71,91,0,162,0,0,113,0,113,0,71,204,0,275,152,0,152,427
11/05/2021,PWK,IL,AGL,CE,Towers with Radar,0,57,68,0,125,0,1,107,0,108,0,58,175,0,233,150,0,150,383
11/06/2021,PWK,IL,AGL,CE,Towers with Radar,0,53,52,0,105,0,2,131,0,133,0,55,183,0,238,112,0,112,350
11/07/2021,PWK,IL,AGL,CE,Towers with Radar,0,67,64,0,131,0,2,150,1,153,0,69,214,1,284,118,0,118,402
11/08/2021,PWK,IL,AGL,CE,Towers with Radar,0,59,66,0,125,0,0,85,1,86,0,59,151,1,211,142,0,142,353
11/09/2021,PWK,IL,AGL,CE,Towers with Radar,0,46,70,0,116,0,1,71,1,73,0,47,141,1,189,150,0,150,339
11/10/2021,PWK,IL,AGL,CE,Towers with Radar,0,54,109,0,163,0,0,76,0,76,0,54,185,0,239,92,0,92,331
11/11/2021,PWK,IL,AGL,CE,Towers with Radar,0,44,83,0,127,0,0,4,0,4,0,44,87,0,131,0,0,0,131
11/12/2021,PWK,IL,AGL,CE,Towers with Radar,0,42,65,0,107,0,0,7,0,7,0,42,72,0,114,0,0,0,114
11/13/2021,PWK,IL,AGL,CE,Towers with Radar,0,33,59,0,92,0,3,51,0,54,0,36,110,0,146,174,0,174,320
11/14/2021,PWK,IL,AGL,CE,Towers with Radar,0,31,57,0,88,0,3,15,0,18,0,34,72,0,106,6,0,6,112
11/15/2021,PWK,IL,AGL,CE,Towers with Radar,0,42,75,0,117,0,0,19,0,19,0,42,94,0,136,70,0,70,206
11/16/2021,PWK,IL,AGL,CE,Towers with Radar,0,62,99,0,161,0,0,79,0,79,0,62,178,0,240,108,0,108,348
11/17/2021,PWK,IL,AGL,CE,Towers with Radar,0,63,81,0,144,0,0,16,0,16,0,63,97,0,160,32,0,32,192
11/18/2021,PWK,IL,AGL,CE,Towers with Radar,0,62,67,0,129,0,11,31,0,42,0,73,98,0,171,16,0,16,187
11/19/2021,PWK,IL,AGL,CE,Towers with Radar,0,92,82,0,174,0,0,120,0,120,0,92,202,0,294,98,0,98,392
11/20/2021,PWK,IL,AGL,CE,Towers with Radar,0,64,69,0,133,0,3,146,0,149,0,67,215,0,282,104,0,104,386
11/21/2021,PWK,IL,AGL,CE,Towers with Radar,0,52,60,0,112,0,6,85,0,91,0,58,145,0,203,64,0,64,267
11/22/2021,PWK,IL,AGL,CE,Towers with Radar,0,55,51,0,106,0,2,82,0,84,0,57,133,0,190,122,0,122,312
11/23/2021,PWK,IL,AGL,CE,Towers with Radar,0,76,66,0,142,0,0,95,0,95,0,76,161,0,237,108,0,108,345
11/24/2021,PWK,IL,AGL,CE,Towers with Radar,0,77,75,0,152,0,0,20,0,20,0,77,95,0,172,0,0,0,172
11/25/2021,PWK,IL,AGL,CE,Towers with Radar,0,13,13,0,26,0,2,6,0,8,0,15,19,0,34,0,0,0,34
11/26/2021,PWK,IL,AGL,CE,Towers with Radar,0,51,52,0,103,0,1,94,0,95,0,52,146,0,198,86,0,86,284
11/27/2021,PWK,IL,AGL,CE,Towers with Radar,0,57,59,0,116,0,3,98,0,101,0,60,157,0,217,160,0,160,377
11/28/2021,PWK,IL,AGL,CE,Towers with Radar,0,77,83,0,160,0,10,102,0,112,0,87,185,0,272,60,0,60,332
11/29/2021,PWK,IL,AGL,CE,Towers with Radar,0,71,66,0,137,0,0,55,0,55,0,71,121,0,192,48,0,48,240
11/30/2021,PWK,IL,AGL,CE,Towers with Radar,0,50,62,1,113,0,3,125,0,128,0,53,187,1,241,148,0,148,389
12/01/2021,PWK,IL,AGL,CE,Towers with Radar,0,67,70,0,137,0,1,21,0,22,0,68,91,0,159,66,0,66,225
12/02/2021,PWK,IL,AGL,CE,Towers with Radar,0,45,68,0,113,0,6,78,0,84,0,51,146,0,197,48,0,48,245
12/03/2021,PWK,IL,AGL,CE,Towers with Radar,0,57,68,0,125,0,0,67,0,67,0,57,135,0,192,144,0,144,336
12/04/2021,PWK,IL,AGL,CE,Towers with Radar,1,37,42,0,80,0,5,136,0,141,1,42,178,0,221,162,0,162,383
12/05/2021,PWK,IL,AGL,CE,Towers with Radar,0,46,43,0,89,0,1,5,0,6,0,47,48,0,95,0,0,0,95
12/06/2021,PWK,IL,AGL,CE,Towers with Radar,0,37,52,0,89,0,3,22,0,25,0,40,74,0,114,0,0,0,114
12/07/2021,PWK,IL,AGL,CE,Towers with Radar,0,61,69,0,130,0,0,66,0,66,0,61,135,0,196,124,0,124,320
12/08/2021,PWK,IL,AGL,CE,Towers with Radar,0,69,66,0,135,0,5,97,0,102,0,74,163,0,237,92,0,92,329
12/09/2021,PWK,IL,AGL,CE,Towers with Radar,0,60,65,0,125,0,0,51,0,51,0,60,116,0,176,94,0,94,270
12/10/2021,PWK,IL,AGL,CE,Towers with Radar,0,71,78,0,149,0,0,7,0,7,0,71,85,0,156,34,0,34,190
12/11/2021,PWK,IL,AGL,CE,Towers with Radar,0,19,17,0,36,0,1,17,0,18,0,20,34,0,54,26,0,26,80
12/12/2021,PWK,IL,AGL,CE,Towers with Radar,0,58,62,0,120,0,2,80,0,82,0,60,142,0,202,78,0,78,280
12/13/2021,PWK,IL,AGL,CE,Towers with Radar,0,57,72,0,129,0,3,100,1,104,0,60,172,1,233,28,0,28,261
12/14/2021,PWK,IL,AGL,CE,Towers with Radar,0,67,57,0,124,0,0,81,0,81,0,67,138,0,205,96,0,96,301
12/15/2021,PWK,IL,AGL,CE,Towers with Radar,0,56,42,0,98,0,0,0,0,0,0,56,42,0,98,0,0,0,98
12/16/2021,PWK,IL,AGL,CE,Towers with Radar,0,41,60,0,101,0,1,8,0,9,0,42,68,0,110,0,0,0,110
12/17/2021,PWK,IL,AGL,CE,Towers with Radar,0,69,80,0,149,0,2,114,0,116,0,71,194,0,265,112,0,112,377
12/18/2021,PWK,IL,AGL,CE,Towers with Radar,0,50,33,0,83,0,7,24,0,31,0,57,57,0,114,82,0,82,196
12/19/2021,PWK,IL,AGL,CE,Towers with Radar,0,64,63,0,127,0,0,130,1,131,0,64,193,1,258,162,0,162,420
12/20/2021,PWK,IL,AGL,CE,Towers with Radar,0,56,60,0,116,0,1,94,0,95,0,57,154,0,211,46,0,46,257
12/21/2021,PWK,IL,AGL,CE,Towers with Radar,0,58,29,0,87,0,3,77,0,80,0,61,106,0,167,74,0,74,241
12/22/2021,PWK,IL,AGL,CE,Towers with Radar,0,56,42,0,98,0,2,116,1,119,0,58,158,1,217,102,0,102,319
12/23/2021,PWK,IL,AGL,CE,Towers with Radar,0,55,54,0,109,0,0,83,1,84,0,55,137,1,193,76,0,76,269
12/24/2021,PWK,IL,AGL,CE,Towers with Radar,0,26,19,0,45,0,0,1,0,1,0,26,20,0,46,0,0,0,46
12/25/2021,PWK,IL,AGL,CE,Towers with Radar,0,36,6,0,42,0,0,11,0,11,0,36,17,0,53,0,0,0,53
12/26/2021,PWK,IL,AGL,CE,Towers with Radar,0,87,84,0,171,0,3,51,0,54,0,90,135,0,225,78,0,78,303
12/27/2021,PWK,IL,AGL,CE,Towers with Radar,1,65,58,0,124,0,2,15,0,17,1,67,73,0,141,10,0,10,151
12/28/2021,PWK,IL,AGL,CE,Towers with Radar,0,26,26,0,52,0,0,4,0,4,0,26,30,0,56,46,0,46,102
12/29/2021,PWK,IL,AGL,CE,Towers with Radar,0,50,40,0,90,0,5,65,1,71,0,55,105,1,161,70,0,70,231
12/30/2021,PWK,IL,AGL,CE,Towers with Radar,0,32,51,0,83,0,1,20,0,21,0,33,71,0,104,122,0,122,226
12/31/2021,PWK,IL,AGL,CE,Towers with Radar,0,32,42,0,74,0,0,3,0,3,0,32,45,0,77,0,0,0,77
01/01/2022,PWK,IL,AGL,CE,Towers with Radar,0,10,9,0,19,0,1,0,0,1,0,11,9,0,20,0,0,0,20
01/02/2022,PWK,IL,AGL,CE,Towers with Radar,0,54,54,0,108,0,3,38,0,41,0,57,92,0,149,20,0,20,169
01/03/2022,PWK,IL,AGL,CE,Towers with Radar,0,68,59,0,127,0,0,66,0,66,0,68,125,0,193,144,0,144,337
01/04/2022,PWK,IL,AGL,CE,Towers with Radar,0,49,26,0,75,0,0,59,0,59,0,49,85,0,134,100,0,100,234
01/05/2022,PWK,IL,AGL,CE,Towers with Radar,0,13,23,0,36,0,1,1,0,2,0,14,24,0,38,0,0,0,38
01/06/2022,PWK,IL,AGL,CE,Towers with Radar,0,38,39,0,77,0,5,23,0,28,0,43,62,0,105,52,0,52,157
01/07/2022,PWK,IL,AGL,CE,Towers with Radar,0,49,57,0,106,0,0,62,0,62,0,49,119,0,168,44,0,44,212
01/08/2022,PWK,IL,AGL,CE,Towers with Radar,0,24,22,0,46,0,2,39,0,41,0,26,61,0,87,58,0,58,145
01/09/2022,PWK,IL,AGL,CE,Towers with Radar,0,40,25,0,65,0,9,24,0,33,0,49,49,0,98,0,0,0,98
01/10/2022,PWK,IL,AGL,CE,Towers with Radar,0,36,41,0,77,0,1,52,0,53,0,37,93,0,130,54,0,54,184
01/11/2022,PWK,IL,AGL,CE,Towers with Radar,0,60,43,0,103,0,0,24,0,24,0,60,67,0,127,46,0,46,173
01/12/2022,PWK,IL,AGL,CE,Towers with Radar,0,45,49,0,94,0,1,81,0,82,0,46,130,0,176,110,0,110,286
01/13/2022,PWK,IL,AGL,CE,Towers with Radar,1,42,47,0,90,0,0,4,0,4,1,42,51,0,94,86,0,86,180
01/14/2022,PWK,IL,AGL,CE,Towers with Radar,0,44,38,0,82,0,3,8,0,11,0,47,46,0,93,22,0,22,115
01/15/2022,PWK,IL,AGL,CE,Towers with Radar,0,25,35,0,60,0,0,8,0,8,0,25,43,0,68,18,0,18,86
01/16/2022,PWK,IL,AGL,CE,Towers with Radar,0,33,33,0,66,0,0,118,0,118,0,33,151,0,184,134,0,134,318
01/17/2022,PWK,IL,AGL,CE,Towers with Radar,0,42,36,0,78,0,6,45,0,51,0,48,81,0,129,234,0,234,363
01/18/2022,PWK,IL,AGL,CE,Towers with Radar,0,36,65,0,101,0,0,66,0,66,0,36,131,0,167,80,0,80,247
01/19/2022,PWK,IL,AGL,CE,Towers with Radar,0,45,24,0,69,0,13,49,0,62,0,58,73,0,131,62,0,62,193
01/20/2022,PWK,IL,AGL,CE,Towers with Radar,0,41,53,0,94,0,0,72,0,72,0,41,125,0,166,78,0,78,244
01/21/2022,PWK,IL,AGL,CE,Towers with Radar,0,53,51,0,104,0,0,88,0,88,0,53,139,0,192,76,0,76,268
01/22/2022,PWK,IL,AGL,CE,Towers with Radar,0,25,21,0,46,0,0,51,0,51,0,25,72,0,97,64,0,64,161
01/23/2022,PWK,IL,AGL,CE,Towers with Radar,0,42,28,0,70,0,3,70,0,73,0,45,98,0,143,48,0,48,191
01/24/2022,PWK,IL,AGL,CE,Towers with Radar,0,21,25,0,46,0,1,12,0,13,0,22,37,0,59,0,0,0,59
01/25/2022,PWK,IL,AGL,CE,Towers with Radar,0,30,38,0,68,0,2,48,0,50,0,32,86,0,118,40,0,40,158
01/26/2022,PWK,IL,AGL,CE,Towers with Radar,0,47,62,0,109,0,0,36,0,36,0,47,98,0,145,38,0,38,183
01/27/2022,PWK,IL,AGL,CE,Towers with Radar,0,47,40,0,87,0,2,34,0,36,0,49,74,0,123,66,0,66,189
01/28/2022,PWK,IL,AGL,CE,Towers with Radar,1,27,40,0,68,0,4,44,0,48,1,31,84,0,116,34,0,34,150
01/29/2022,PWK,IL,AGL,CE,Towers with Radar,0,31,29,0,60,0,0,99,0,99,0,31,128,0,159,138,0,138,297
01/30/2022,PWK,IL,AGL,CE,Towers with Radar,0,31,49,0,80,0,2,104,0,106,0,33,153,0,186,182,0,182,368
01/31/2022,PWK,IL,AGL,CE,Towers with Radar,0,39,58,0,97,0,0,66,3,69,0,39,124,3,166,132,0,132,298
02/01/2022,PWK,IL,AGL,CE,Towers with Radar,0,48,44,0,92,0,0,24,0,24,0,48,68,0,116,16,0,16,132
02/02/2022,PWK,IL,AGL,CE,Towers with Radar,0,8,14,0,22,0,2,2,0,4,0,10,16,0,26,0,0,0,26
02/03/2022,PWK,IL,AGL,CE,Towers with Radar,0,26,30,0,56,0,1,17,0,18,0,27,47,0,74,0,0,0,74
02/04/2022,PWK,IL,AGL,CE,Towers with Radar,0,39,60,0,99,0,0,53,0,53,0,39,113,0,152,144,0,144,296
02/05/2022,PWK,IL,AGL,CE,Towers with Radar,0,37,42,0,79,0,0,105,0,105,0,37,147,0,184,38,0,38,222
02/06/2022,PWK,IL,AGL,CE,Towers with Radar,0,46,43,0,89,0,1,104,0,105,0,47,147,0,194,104,0,104,298
02/07/2022,PWK,IL,AGL,CE,Towers with Radar,0,23,48,0,71,0,1,65,0,66,0,24,113,0,137,80,0,80,217
02/08/2022,PWK,IL,AGL,CE,Towers with Radar,0,55,69,0,124,0,0,69,0,69,0,55,138,0,193,110,0,110,303
02/09/2022,PWK,IL,AGL,CE,Towers with Radar,1,48,53,0,102,0,2,31,0,33,1,50,84,0,135,40,0,40,175
02/10/2022,PWK,IL,AGL,CE,Towers with Radar,0,59,63,0,122,0,0,72,0,72,0,59,135,0,194,50,0,50,244
02/11/2022,PWK,IL,AGL,CE,Towers with Radar,0,36,34,0,70,0,1,6,0,7,0,37,40,0,77,20,0,20,97
02/12/2022,PWK,IL,AGL,CE,Towers with Radar,0,36,32,0,68,0,5,94,0,99,0,41,126,0,167,158,0,158,325
02/13/2022,PWK,IL,AGL,CE,Towers with Radar,0,35,30,0,65,0,5,82,0,87,0,40,112,0,152,166,0,166,318
02/14/2022,PWK,IL,AGL,CE,Towers with Radar,1,52,48,0,101,0,1,57,0,58,1,53,105,0,159,68,0,68,227
02/15/2022,PWK,IL,AGL,CE,Towers with Radar,0,69,77,0,146,0,0,64,2,66,0,69,141,2,212,98,0,98,310
02/16/2022,PWK,IL,AGL,CE,Towers with Radar,0,50,56,0,106,0,0,2,0,2,0,50,58,0,108,8,0,8,116
02/17/2022,PWK,IL,AGL,CE,Towers with Radar,0,10,22,0,32,0,0,12,0,12,0,10,34,0,44,0,0,0,44
02/18/2022,PWK,IL,AGL,CE,Towers with Radar,0,55,55,0,110,0,0,36,0,36,0,55,91,0,146,16,0,16,162
02/19/2022,PWK,IL,AGL,CE,Towers with Radar,0,33,30,0,63,0,0,78,0,78,0,33,108,0,141,68,0,68,209
02/20/2022,PWK,IL,AGL,CE,Towers with Radar,0,21,34,0,55,0,0,16,0,16,0,21,50,0,71,0,0,0,71
02/21/2022,PWK,IL,AGL,CE,Towers with Radar,0,58,81,0,139,0,1,8,0,9,0,59,89,0,148,58,0,58,206
02/22/2022,PWK,IL,AGL,CE,Towers with Radar,0,22,25,0,47,0,0,0,0,0,0,22,25,0,47,0,0,0,47
02/23/2022,PWK,IL,AGL,CE,Towers with Radar,0,54,57,0,111,0,2,73,0,75,0,56,130,0,186,132,0,132,318
02/24/2022,PWK,IL,AGL,CE,Towers with Radar,0,46,53,0,99,0,1,4,0,5,0,47,57,0,104,30,0,30,134
02/25/2022,PWK,IL,AGL,CE,Towers with Radar,0,42,42,0,84,0,1,39,0,40,0,43,81,0,124,64,0,64,188
02/26/2022,PWK,IL,AGL,CE,Towers with Radar,0,24,41,0,65,0,4,127,0,131,0,28,168,0,196,60,0,60,256
02/27/2022,PWK,IL,AGL,CE,Towers with Radar,0,44,45,0,89,0,6,151,1,158,0,50,196,1,247,120,0,120,367
02/28/2022,PWK,IL,AGL,CE,Towers with Radar,0,40,56,0,96,0,0,74,0,74,0,40,130,0,170,44,0,44,214
03/01/2022,PWK,IL,AGL,CE,Towers with Radar,0,31,40,0,71,0,1,89,1,91,0,32,129,1,162,80,0,80,242
03/02/2022,PWK,IL,AGL,CE,Towers with Radar,0,50,68,0,118,0,1,65,1,67,0,51,133,1,185,116,0,116,301
03/03/2022,PWK,IL,AGL,CE,Towers with Radar,0,57,52,0,109,0,0,90,0,90,0,57,142,0,199,48,0,48,247
03/04/2022,PWK,IL,AGL,CE,Towers with Radar,0,70,59,0,129,0,1,101,0,102,0,71,160,0,231,66,0,66,297
03/05/2022,PWK,IL,AGL,CE,Towers with Radar,0,34,29,0,63,0,0,95,0,95,0,34,124,0,158,94,0,94,252
03/06/2022,PWK,IL,AGL,CE,Towers with Radar,0,57,35,0,92,0,6,31,0,37,0,63,66,0,129,28,0,28,157
03/07/2022,PWK,IL,AGL,CE,Towers with Radar,0,29,20,0,49,0,4,14,0,18,0,33,34,0,67,20,0,20,87
03/08/2022,PWK,IL,AGL,CE,Towers with Radar,0,62,66,0,128,0,0,122,1,123,0,62,188,1,251,124,0,124,375
03/09/2022,PWK,IL,AGL,CE,Towers with Radar,0,42,44,0,86,0,11,103,3,117,0,53,147,3,203,128,0,128,331
03/10/2022,PWK,IL,AGL,CE,Towers with Radar,0,44,63,0,107,0,0,69,1,70,0,44,132,1,177,130,0,130,307
03/11/2022,PWK,IL,AGL,CE,Towers with Radar,0,33,48,0,81,0,1,39,0,40,0,34,87,0,121,30,0,30,151
03/12/2022,PWK,IL,AGL,CE,Towers with Radar,0,33,28,0,61,0,4,108,0,112,0,37,136,0,173,84,0,84,257
03/13/2022,PWK,IL,AGL,CE,Towers with Radar,0,39,60,0,99,0,0,94,0,94,0,39,154,0,193,80,0,80,273
03/14/2022,PWK,IL,AGL,CE,Towers with Radar,0,37,63,0,100,0,1,96,2,99,0,38,159,2,199,58,0,58,257
03/15/2022,PWK,IL,AGL,CE,Towers with Radar,0,39,59,0,98,0,0,102,1,103,0,39,161,1,201,92,0,92,293
03/16/2022,PWK,IL,AGL,CE,Towers with Radar,0,51,61,0,112,0,1,61,0,62,0,52,122,0,174,162,0,162,336
03/17/2022,PWK,IL,AGL,CE,Towers with Radar,0,63,70,0,133,0,0,82,0,82,0,63,152,0,215,138,0,138,353
03/18/2022,PWK,IL,AGL,CE,Towers with Radar,0,27,55,0,82,0,0,9,0,9,0,27,64,0,91,6,0,6,97
03/19/2022,PWK,IL,AGL,CE,Towers with Radar,0,34,44,0,78,0,1,5,0,6,0,35,49,0,84,0,0,0,84
03/20/2022,PWK,IL,AGL,CE,Towers with Radar,0,53,85,0,138,0,4,206,0,210,0,57,291,0,348,176,0,176,524
03/21/2022,PWK,IL,AGL,CE,Towers with Radar,0,44,48,0,92,0,1,118,0,119,0,45,166,0,211,92,0,92,303
03/22/2022,PWK,IL,AGL,CE,Towers with Radar,0,32,54,0,86,0,0,0,0,0,0,32,54,0,86,0,0,0,86
03/23/2022,PWK,IL,AGL,CE,Towers with Radar,0,43,62,0,105,0,0,0,0,0,0,43,62,0,105,0,0,0,105
03/24/2022,PWK,IL,AGL,CE,Towers with Radar,0,49,38,0,87,0,0,0,0,0,0,49,38,0,87,0,0,0,87
03/25/2022,PWK,IL,AGL,CE,Towers with Radar,0,39,56,0,95,0,4,16,0,20,0,43,72,0,115,0,0,0,115
03/26/2022,PWK,IL,AGL,CE,Towers with Radar,0,44,37,0,81,0,12,63,0,75,0,56,100,0,156,86,0,86,242
03/27/2022,PWK,IL,AGL,CE,Towers with Radar,0,45,55,0,100,0,8,163,3,174,0,53,218,3,274,108,0,108,382
03/28/2022,PWK,IL,AGL,CE,Towers with Radar,0,42,35,0,77,0,3,78,0,81,0,45,113,0,158,76,0,76,234
03/29/2022,PWK,IL,AGL,CE,Towers with Radar,0,42,42,0,84,0,0,48,0,48,0,42,90,0,132,106,0,106,238
03/30/2022,PWK,IL,AGL,CE,Towers with Radar,0,25,49,0,74,0,0,2,0,2,0,25,51,0,76,12,0,12,88
03/31/2022,PWK,IL,AGL,CE,Towers with Radar,0,31,36,0,67,0,1,10,0,11,0,32,46,0,78,0,0,0,78
04/01/2022,PWK,IL,AGL,CE,Towers with Radar,0,43,58,0,101,0,5,131,0,136,0,48,189,0,237,128,0,128,365
04/02/2022,PWK,IL,AGL,CE,Towers with Radar,0,41,25,0,66,0,0,5,0,5,0,41,30,0,71,84,0,84,155
04/03/2022,PWK,IL,AGL,CE,Towers with Radar,0,74,95,0,169,0,1,57,0,58,0,75,152,0,227,138,0,138,365
04/04/2022,PWK,IL,AGL,CE,Towers with Radar,0,51,61,0,112,0,7,32,0,39,0,58,93,0,151,84,0,84,235
04/05/2022,PWK,IL,AGL,CE,Towers with Radar,0,55,81,0,136,0,2,24,0,26,0,57,105,0,162,160,0,160,322
04/06/2022,PWK,IL,AGL,CE,Towers with Radar,0,52,53,0,105,0,0,38,0,38,0,52,91,0,143,22,0,22,165
04/07/2022,PWK,IL,AGL,CE,Towers with Radar,0,47,70,0,117,0,0,12,0,12,0,47,82,0,129,6,0,6,135
04/08/2022,PWK,IL,AGL,CE,Towers with Radar,0,54,62,0,116,0,0,3,0,3,0,54,65,0,119,0,0,0,119
04/09/2022,PWK,IL,AGL,CE,Towers with Radar,0,32,41,0,73,0,4,149,0,153,0,36,190,0,226,212,0,212,438
04/10/2022,PWK,IL,AGL,CE,Towers with Radar,0,48,50,0,98,0,4,124,1,129,0,52,174,1,227,108,0,108,335
04/11/2022,PWK,IL,AGL,CE,Towers with Radar,0,59,64,0,123,0,0,94,0,94,0,59,158,0,217,68,0,68,285
04/12/2022,PWK,IL,AGL,CE,Towers with Radar,0,53,66,0,119,0,2,83,3,88,0,55,149,3,207,38,0,38,245
04/13/2022,PWK,IL,AGL,CE,Towers with Radar,0,42,47,0,89,0,0,3,0,3,0,42,50,0,92,8,0,8,100
04/14/2022,PWK,IL,AGL,CE,Towers with Radar,0,27,45,0,72,0,2,17,0,19,0,29,62,0,91,0,0,0,91
04/15/2022,PWK,IL,AGL,CE,Towers with Radar,0,41,63,0,104,0,2,38,0,40,0,43,101,0,144,78,0,78,222
04/16/2022,PWK,IL,AGL,CE,Towers with Radar,0,14,31,0,45,0,4,168,0,172,0,18,199,0,217,164,0,164,381
04/17/2022,PWK,IL,AGL,CE,Towers with Radar,0,46,55,0,101,0,2,85,1,88,0,48,140,1,189,54,0,54,243
04/18/2022,PWK,IL,AGL,CE,Towers with Radar,0,53,41,0,94,0,1,12,0,13,0,54,53,0,107,0,0,0,107
04/19/2022,PWK,IL,AGL,CE,Towers with Radar,0,45,66,0,111,0,5,92,2,99,0,50,158,2,210,242,0,242,452
04/20/2022,PWK,IL,AGL,CE,Towers with Radar,0,72,73,0,145,0,0,44,0,44,0,72,117,0,189,66,0,66,255
04/21/2022,PWK,IL,AGL,CE,Towers with Radar,0,62,71,0,133,0,8,144,1,153,0,70,215,1,286,62,0,62,348
04/22/2022,PWK,IL,AGL,CE,Towers with Radar,0,53,52,0,105,0,0,18,0,18,0,53,70,0,123,6,0,6,129
04/23/2022,PWK,IL,AGL,CE,Towers with Radar,0,36,26,0,62,0,0,48,0,48,0,36,74,0,110,0,0,0,110
04/24/2022,PWK,IL,AGL,CE,Towers with Radar,0,59,43,0,102,0,0,6,0,6,0,59,49,0,108,12,0,12,120
04/25/2022,PWK,IL,AGL,CE,Towers with Radar,0,54,40,0,94,0,3,95,0,98,0,57,135,0,192,46,0,46,238
04/26/2022,PWK,IL,AGL,CE,Towers with Radar,0,43,36,0,79,0,3,116,1,120,0,46,152,1,199,220,0,220,419
04/27/2022,PWK,IL,AGL,CE,Towers with Radar,0,56,62,0,118,0,1,113,2,116,0,57,175,2,234,82,0,82,316
04/28/2022,PWK,IL,AGL,CE,Towers with Radar,0,70,65,0,135,0,0,69,0,69,0,70,134,0,204,190,0,190,394
04/29/2022,PWK,IL,AGL,CE,Towers with Radar,0,37,59,0,96,0,1,109,0,110,0,38,168,0,206,168,0,168,374
04/30/2022,PWK,IL,AGL,CE,Towers with Radar,0,44,37,0,81,0,0,8,0,8,0,44,45,0,89,6,0,6,95
05/01/2022,PWK,IL,AGL,CE,Towers with Radar,0,62,84,0,146,0,0,34,0,34,0,62,118,0,180,20,0,20,200
05/02/2022,PWK,IL,AGL,CE,Towers with Radar,0,45,45,0,90,0,1,90,0,91,0,46,135,0,181,332,0,332,513
05/03/2022,PWK,IL,AGL,CE,Towers with Radar,0,18,22,0,40,0,0,0,0,0,0,18,22,0,40,0,0,0,40
05/04/2022,PWK,IL,AGL,CE,Towers with Radar,0,68,83,0,151,0,2,115,0,117,0,70,198,0,268,92,0,92,360
05/05/2022,PWK,IL,AGL,CE,Towers with Radar,0,65,81,0,146,0,0,52,0,52,0,65,133,0,198,60,0,60,258
05/06/2022,PWK,IL,AGL,CE,Towers with Radar,0,34,38,0,72,0,3,8,0,11,0,37,46,0,83,0,0,0,83
05/07/2022,PWK,IL,AGL,CE,Towers with Radar,0,46,53,0,99,0,1,200,0,201,0,47,253,0,300,100,0,100,400
05/08/2022,PWK,IL,AGL,CE,Towers with Radar,0,50,69,0,119,0,1,104,0,105,0,51,173,0,224,124,0,124,348
05/09/2022,PWK,IL,AGL,CE,Towers with Radar,0,61,72,0,133,0,0,21,0,21,0,61,93,0,154,0,0,0,154
05/10/2022,PWK,IL,AGL,CE,Towers with Radar,0,56,75,0,131,0,1,94,2,97,0,57,169,2,228,178,0,178,406
05/11/2022,PWK,IL,AGL,CE,Towers with Radar,2,44,64,0,110,0,0,9,0,9,2,44,73,0,119,96,0,96,215
05/12/2022,PWK,IL,AGL,CE,Towers with Radar,0,50,79,0,129,0,1,113,0,114,0,51,192,0,243,128,0,128,371
05/13/2022,PWK,IL,AGL,CE,Towers with Radar,0,61,69,0,130,0,0,128,0,128,0,61,197,0,258,66,0,66,324
05/14/2022,PWK,IL,AGL,CE,Towers with Radar,0,52,48,0,100,0,1,123,0,124,0,53,171,0,224,100,0,100,324
05/15/2022,PWK,IL,AGL,CE,Towers with Radar,0,66,73,0,139,0,2,106,0,108,0,68,179,0,247,74,0,74,321
05/16/2022,PWK,IL,AGL,CE,Towers with Radar,0,41,65,0,106,0,6,128,0,134,0,47,193,0,240,92,0,92,332
05/17/2022,PWK,IL,AGL,CE,Towers with Radar,0,77,86,0,163,0,0,108,0,108,0,77,194,0,271,86,0,86,357
05/18/2022,PWK,IL,AGL,CE,Towers with Radar,0,61,85,0,146,0,0,4,0,4,0,61,89,0,150,0,0,0,150
05/19/2022,PWK,IL,AGL,CE,Towers with Radar,0,77,121,0,198,0,0,80,0,80,0,77,201,0,278,76,0,76,354
05/20/2022,PWK,IL,AGL,CE,Towers with Radar,0,73,69,1,143,0,1,16,0,17,0,74,85,1,160,28,0,28,188
05/21/2022,PWK,IL,AGL,CE,Towers with Radar,0,37,35,0,72,0,2,29,0,31,0,39,64,0,103,50,0,50,153
05/22/2022,PWK,IL,AGL,CE,Towers with Radar,0,50,66,0,116,0,16,176,0,192,0,66,242,0,308,90,0,90,398
05/23/2022,PWK,IL,AGL,CE,Towers with Radar,0,64,73,0,137,0,1,134,0,135,0,65,207,0,272,106,0,106,378
05/24/2022,PWK,IL,AGL,CE,Towers with Radar,0,56,75,0,131,0,1,110,0,111,0,57,185,0,242,44,0,44,286
05/25/2022,PWK,IL,AGL,CE,Towers with Radar,0,65,47,0,112,0,0,1,0,1,0,65,48,0,113,0,0,0,113
05/26/2022,PWK,IL,AGL,CE,Towers with Radar,0,81,74,0,155,0,1,20,1,22,0,82,94,1,177,84,0,84,261
05/27/2022,PWK,IL,AGL,CE,Towers with Radar,0,64,72,0,136,0,2,15,0,17,0,66,87,0,153,62,0,62,215
05/28/2022,PWK,IL,AGL,CE,Towers with Radar,0,33,46,0,79,0,2,168,0,170,0,35,214,0,249,192,0,192,441
05/29/2022,PWK,IL,AGL,CE,Towers with Radar,0,45,32,0,77,0,2,57,0,59,0,47,89,0,136,32,0,32,168
05/30/2022,PWK,IL,AGL,CE,Towers with Radar,0,62,43,0,105,0,3,32,1,36,0,65,75,1,141,0,0,0,141
05/31/2022,PWK,IL,AGL,CE,Towers with Radar,0,55,61,0,116,0,2,34,0,36,0,57,95,0,152,36,0,36,188
06/01/2022,PWK,IL,AGL,CE,Towers with Radar,0,43,62,0,105,0,4,115,0,119,0,47,177,0,224,138,0,138,362
06/02/2022,PWK,IL,AGL,CE,Towers with Radar,0,72,83,0,155,0,8,117,0,125,0,80,200,0,280,96,0,96,376
06/03/2022,PWK,IL,AGL,CE,Towers with Radar,0,55,72,2,129,0,9,93,0,102,0,64,165,2,231,40,0,40,271
06/04/2022,PWK,IL,AGL,CE,Towers with Radar,0,40,52,1,93,0,1,118,0,119,0,41,170,1,212,134,0,134,346
06/05/2022,PWK,IL,AGL,CE,Towers with Radar,0,58,66,0,124,0,0,131,0,131,0,58,197,0,255,94,0,94,349
06/06/2022,PWK,IL,AGL,CE,Towers with Radar,0,46,54,0,100,0,0,5,0,5,0,46,59,0,105,58,0,58,163
06/07/2022,PWK,IL,AGL,CE,Towers with Radar,0,41,94,0,135,0,1,57,0,58,0,42,151,0,193,166,0,166,359
06/08/2022,PWK,IL,AGL,CE,Towers with Radar,0,38,85,0,123,0,0,12,0,12,0,38,97,0,135,34,0,34,169
06/09/2022,PWK,IL,AGL,CE,Towers with Radar,0,61,87,1,149,0,10,145,0,155,0,71,232,1,304,36,0,36,340
06/10/2022,PWK,IL,AGL,CE,Towers with Radar,0,69,73,0,142,0,2,70,0,72,0,71,143,0,214,106,0,106,320
06/11/2022,PWK,IL,AGL,CE,Towers with Radar,0,51,68,0,119,0,1,72,0,73,0,52,140,0,192,104,0,104,296
06/12/2022,PWK,IL,AGL,CE,Towers with Radar,0,66,97,1,164,0,0,41,1,42,0,66,138,2,206,74,0,74,280
06/13/2022,PWK,IL,AGL,CE,Towers with Radar,0,65,76,0,141,0,1,78,0,79,0,66,154,0,220,80,0,80,300
06/14/2022,PWK,IL,AGL,CE,Towers with Radar,0,71,93,0,164,0,0,100,0,100,0,71,193,0,264,64,0,64,328
06/15/2022,PWK,IL,AGL,CE,Towers with Radar,0,63,73,0,136,0,0,51,0,51,0,63,124,0,187,34,0,34,221
06/16/2022,PWK,IL,AGL,CE,Towers with Radar,0,45,64,0,109,0,4,61,0,65,0,49,125,0,174,62,0,62,236
06/17/2022,PWK,IL,AGL,CE,Towers with Radar,0,50,70,0,120,0,11,134,0,145,0,61,204,0,265,122,0,122,387
06/18/2022,PWK,IL,AGL,CE,Towers with Radar,0,39,39,0,78,0,5,168,0,173,0,44,207,0,251,94,0,94,345
06/19/2022,PWK,IL,AGL,CE,Towers with Radar,0,82,59,0,141,0,9,123,1,133,0,91,182,1,274,90,0,90,364
06/20/2022,PWK,IL,AGL,CE,Towers with Radar,0,58,70,0,128,0,0,84,1,85,0,58,154,1,213,64,0,64,277
06/21/2022,PWK,IL,AGL,CE,Towers with Radar,0,50,61,0,111,0,0,69,0,69,0,50,130,0,180,18,0,18,198
06/22/2022,PWK,IL,AGL,CE,Towers with Radar,0,42,68,0,110,0,4,151,0,155,0,46,219,0,265,106,0,106,371
06/23/2022,PWK,IL,AGL,CE,Towers with Radar,1,59,95,0,155,0,0,124,0,124,1,59,219,0,279,132,0,132,411
06/24/2022,PWK,IL,AGL,CE,Towers with Radar,0,62,64,0,126,0,0,133,0,133,0,62,197,0,259,70,0,70,329
06/25/2022,PWK,IL,AGL,CE,Towers with Radar,0,0,0,0,0,0,0,1,0,1,0,0,1,0,1,0,0,0,1
06/26/2022,PWK,IL,AGL,CE,Towers with Radar,0,50,43,0,93,0,13,133,0,146,0,63,176,0,239,16,0,16,255
06/27/2022,PWK,IL,AGL,CE,Towers with Radar,0,48,52,0,100,0,8,128,0,136,0,56,180,0,236,78,0,78,314
06/28/2022,PWK,IL,AGL,CE,Towers with Radar,0,56,84,0,140,0,0,127,1,128,0,56,211,1,268,142,0,142,410
06/29/2022,PWK,IL,AGL,CE,Towers with Radar,0,59,91,0,150,0,0,125,8,133,0,59,216,8,283,172,0,172,455
06/30/2022,PWK,IL,AGL,CE,Towers with Radar,0,69,80,0,149,0,0,71,2,73,0,69,151,2,222,4,0,4,226
07/01/2022,PWK,IL,AGL,CE,Towers with Radar,0,72,58,0,130,0,5,97,0,102,0,77,155,0,232,98,0,98,330
07/02/2022,PWK,IL,AGL,CE,Towers with Radar,0,38,42,0,80,0,2,105,0,107,0,40,147,0,187,120,0,120,307
07/03/2022,PWK,IL,AGL,CE,Towers with Radar,0,31,41,0,72,0,0,99,0,99,0,31,140,0,171,98,0,98,269
07/04/2022,PWK,IL,AGL,CE,Towers with Radar,0,38,25,0,63,0,0,26,0,26,0,38,51,0,89,12,0,12,101
07/05/2022,PWK,IL,AGL,CE,Towers with Radar,0,48,72,0,120,0,1,39,0,40,0,49,111,0,160,82,0,82,242
07/06/2022,PWK,IL,AGL,CE,Towers with Radar,1,51,63,0,115,0,1,12,0,13,1,52,75,0,128,64,0,64,192
07/07/2022,PWK,IL,AGL,CE,Towers with Radar,0,85,74,0,159,0,1,48,0,49,0,86,122,0,208,82,0,82,290
07/08/2022,PWK,IL,AGL,CE,Towers with Radar,0,47,61,0,108,0,1,14,0,15,0,48,75,0,123,66,0,66,189
07/09/2022,PWK,IL,AGL,CE,Towers with Radar,0,35,47,0,82,0,2,171,0,173,0,37,218,0,255,86,0,86,341
07/10/2022,PWK,IL,AGL,CE,Towers with Radar,0,57,75,0,132,0,4,153,1,158,0,61,228,1,290,114,0,114,404
07/11/2022,PWK,IL,AGL,CE,Towers with Radar,0,48,55,0,103,0,1,52,1,54,0,49,107,1,157,38,0,38,195
07/12/2022,PWK,IL,AGL,CE,Towers with Radar,0,39,51,0,90,0,10,134,0,144,0,49,185,0,234,162,0,162,396
07/13/2022,PWK,IL,AGL,CE,Towers with Radar,0,64,76,0,140,0,1,139,0,140,0,65,215,0,280,110,16,126,406
07/14/2022,PWK,IL,AGL,CE,Towers with Radar,0,68,108,0,176,0,0,156,0,156,0,68,264,0,332,208,0,208,540
07/15/2022,PWK,IL,AGL,CE,Towers with Radar,0,50,65,0,115,0,0,5,0,5,0,50,70,0,120,10,0,10,130
07/16/2022,PWK,IL,AGL,CE,Towers with Radar,0,31,50,0,81,0,2,25,0,27,0,33,75,0,108,22,0,22,130
07/17/2022,PWK,IL,AGL,CE,Towers with Radar,0,70,90,0,160,0,0,24,0,24,0,70,114,0,184,16,0,16,200
07/18/2022,PWK,IL,AGL,CE,Towers with Radar,0,67,56,0,123,0,3,115,0,118,0,70,171,0,241,174,0,174,415
07/19/2022,PWK,IL,AGL,CE,Towers with Radar,0,58,90,0,148,0,0,127,0,127,0,58,217,0,275,42,0,42,317
07/20/2022,PWK,IL,AGL,CE,Towers with Radar,1,49,59,0,109,0,3,59,0,62,1,52,118,0,171,44,0,44,215
07/21/2022,PWK,IL,AGL,CE,Towers with Radar,1,59,104,0,164,0,0,126,1,127,1,59,230,1,291,90,0,90,381
07/22/2022,PWK,IL,AGL,CE,Towers with Radar,0,52,77,0,129,0,0,140,0,140,0,52,217,0,269,148,0,148,417
07/23/2022,PWK,IL,AGL,CE,Towers with Radar,0,40,55,1,96,0,0,73,0,73,0,40,128,1,169,84,0,84,253
07/24/2022,PWK,IL,AGL,CE,Towers with Radar,0,45,72,0,117,0,1,72,0,73,0,46,144,0,190,176,0,176,366
07/25/2022,PWK,IL,AGL,CE,Towers with Radar,0,47,82,0,129,0,1,122,3,126,0,48,204,3,255,206,0,206,461
07/26/2022,PWK,IL,AGL,CE,Towers with Radar,1,65,81,0,147,0,0,131,3,134,1,65,212,3,281,210,0,210,491
07/27/2022,PWK,IL,AGL,CE,Towers with Radar,0,63,74,0,137,0,2,73,0,75,0,65,147,0,212,118,0,118,330
07/28/2022,PWK,IL,AGL,CE,Towers with Radar,0,62,103,0,165,0,11,123,1,135,0,73,226,1,300,48,0,48,348
07/29/2022,PWK,IL,AGL,CE,Towers with Radar,0,62,52,0,114,0,14,140,0,154,0,76,192,0,268,124,0,124,392
07/30/2022,PWK,IL,AGL,CE,Towers with Radar,0,53,48,0,101,0,2,167,0,169,0,55,215,0,270,74,0,74,344
07/31/2022,PWK,IL,AGL,CE,Towers with Radar,0,65,77,0,142,0,0,153,1,154,0,65,230,1,296,96,0,96,392
08/01/2022,PWK,IL,AGL,CE,Towers with Radar,0,49,54,1,104,0,4,88,2,94,0,53,142,3,198,42,0,42,240
08/02/2022,PWK,IL,AGL,CE,Towers with Radar,0,61,59,0,120,0,0,150,0,150,0,61,209,0,270,182,0,182,452
08/03/2022,PWK,IL,AGL,CE,Towers with Radar,0,44,68,0,112,0,1,31,0,32,0,45,99,0,144,10,0,10,154
08/04/2022,PWK,IL,AGL,CE,Towers with Radar,0,67,95,0,162,0,0,86,0,86,0,67,181,0,248,172,0,172,420
08/05/2022,PWK,IL,AGL,CE,Towers with Radar,0,68,79,0,147,0,0,123,0,123,0,68,202,0,270,144,0,144,414
08/06/2022,PWK,IL,AGL,CE,Towers with Radar,0,35,59,0,94,0,2,102,0,104,0,37,161,0,198,38,0,38,236
08/07/2022,PWK,IL,AGL,CE,Towers with Radar,0,78,84,0,162,0,0,3,0,3,0,78,87,0,165,0,0,0,165
08/08/2022,PWK,IL,AGL,CE,Towers with Radar,0,48,73,0,121,0,0,2,0,2,0,48,75,0,123,0,0,0,123
08/09/2022,PWK,IL,AGL,CE,Towers with Radar,0,61,60,0,121,0,8,142,0,150,0,69,202,0,271,160,0,160,431
08/10/2022,PWK,IL,AGL,CE,Towers with Radar,1,59,70,0,130,0,5,177,0,182,1,64,247,0,312,106,0,106,418
08/11/2022,PWK,IL,AGL,CE,Towers with Radar,0,74,96,0,170,0,3,142,2,147,0,77,238,2,317,68,0,68,385
08/12/2022,PWK,IL,AGL,CE,Towers with Radar,0,60,65,0,125,0,0,107,0,107,0,60,172,0,232,114,0,114,346
08/13/2022,PWK,IL,AGL,CE,Towers with Radar,0,36,43,0,79,0,0,72,0,72,0,36,115,0,151,108,0,108,259
08/14/2022,PWK,IL,AGL,CE,Towers with Radar,0,55,73,0,128,0,4,13,0,17,0,59,86,0,145,80,0,80,225
08/15/2022,PWK,IL,AGL,CE,Towers with Radar,0,61,63,0,124,0,5,120,0,125,0,66,183,0,249,90,0,90,339
08/16/2022,PWK,IL,AGL,CE,Towers with Radar,0,61,84,0,145,0,0,161,1,162,0,61,245,1,307,70,0,70,377
08/17/2022,PWK,IL,AGL,CE,Towers with Radar,0,84,78,0,162,0,2,115,0,117,0,86,193,0,279,118,0,118,397
08/18/2022,PWK,IL,AGL,CE,Towers with Radar,0,82,90,0,172,0,0,137,0,137,0,82,227,0,309,124,0,124,433
08/19/2022,PWK,IL,AGL,CE,Towers with Radar,0,71,58,0,129,0,0,100,0,100,0,71,158,0,229,102,0,102,331
08/20/2022,PWK,IL,AGL,CE,Towers with Radar,0,36,31,0,67,0,0,25,0,25,0,36,56,0,92,46,0,46,138
08/21/2022,PWK,IL,AGL,CE,Towers with Radar,0,53,53,0,106,0,9,66,1,76,0,62,119,1,182,70,0,70,252
08/22/2022,PWK,IL,AGL,CE,Towers with Radar,1,49,65,0,115,0,1,105,0,106,1,50,170,0,221,130,0,130,351
08/23/2022,PWK,IL,AGL,CE,Towers with Radar,0,57,83,0,140,0,1,137,0,138,0,58,220,0,278,154,0,154,432
08/24/2022,PWK,IL,AGL,CE,Towers with Radar,0,51,82,0,133,0,1,118,0,119,0,52,200,0,252,154,0,154,406
08/25/2022,PWK,IL,AGL,CE,Towers with Radar,0,51,91,0,142,0,0,12,0,12,0,51,103,0,154,48,0,48,202
08/26/2022,PWK,IL,AGL,CE,Towers with Radar,0,59,77,0,136,0,5,116,0,121,0,64,193,0,257,256,0,256,513
08/27/2022,PWK,IL,AGL,CE,Towers with Radar,0,53,45,0,98,0,0,179,0,179,0,53,224,0,277,138,0,138,415
08/28/2022,PWK,IL,AGL,CE,Towers with Radar,0,60,62,0,122,0,0,71,2,73,0,60,133,2,195,64,0,64,259
08/29/2022,PWK,IL,AGL,CE,Towers with Radar,0,47,64,0,111,0,0,26,1,27,0,47,90,1,138,54,0,54,192
08/30/2022,PWK,IL,AGL,CE,Towers with Radar,0,45,63,0,108,0,5,137,2,144,0,50,200,2,252,42,0,42,294
08/31/2022,PWK,IL,AGL,CE,Towers with Radar,0,63,78,0,141,0,2,132,0,134,0,65,210,0,275,158,0,158,433
09/01/2022,PWK,IL,AGL,CE,Towers with Radar,0,65,87,0,152,0,0,122,1,123,0,65,209,1,275,174,0,174,449
09/02/2022,PWK,IL,AGL,CE,Towers with Radar,0,63,62,0,125,0,1,136,0,137,0,64,198,0,262,140,0,140,402
09/03/2022,PWK,IL,AGL,CE,Towers with Radar,0,33,37,0,70,0,1,70,0,71,0,34,107,0,141,158,0,158,299
09/04/2022,PWK,IL,AGL,CE,Towers with Radar,0,37,55,0,92,0,1,4,0,5,0,38,59,0,97,0,0,0,97
09/05/2022,PWK,IL,AGL,CE,Towers with Radar,0,70,81,0,151,0,2,34,1,37,0,72,115,1,188,34,0,34,222
09/06/2022,PWK,IL,AGL,CE,Towers with Radar,0,58,79,0,137,0,0,72,1,73,0,58,151,1,210,104,0,104,314
09/07/2022,PWK,IL,AGL,CE,Towers with Radar,0,61,87,0,148,0,3,111,1,115,0,64,198,1,263,74,0,74,337
09/08/2022,PWK,IL,AGL,CE,Towers with Radar,1,66,90,0,157,0,0,123,0,123,1,66,213,0,280,92,0,92,372
09/09/2022,PWK,IL,AGL,CE,Towers with Radar,0,61,79,0,140,0,3,135,0,138,0,64,214,0,278,150,0,150,428
09/10/2022,PWK,IL,AGL,CE,Towers with Radar,0,48,52,0,100,0,0,125,0,125,0,48,177,0,225,96,0,96,321
09/11/2022,PWK,IL,AGL,CE,Towers with Radar,0,47,37,0,84,0,0,1,0,1,0,47,38,0,85,0,0,0,85
09/12/2022,PWK,IL,AGL,CE,Towers with Radar,0,53,96,0,149,0,0,3,0,3,0,53,99,0,152,30,0,30,182
09/13/2022,PWK,IL,AGL,CE,Towers with Radar,0,55,81,0,136,0,4,109,0,113,0,59,190,0,249,118,0,118,367
09/14/2022,PWK,IL,AGL,CE,Towers with Radar,0,60,98,0,158,0,2,109,0,111,0,62,207,0,269,120,0,120,389
09/15/2022,PWK,IL,AGL,CE,Towers with Radar,0,83,87,0,170,0,0,114,0,114,0,83,201,0,284,186,0,186,470
09/16/2022,PWK,IL,AGL,CE,Towers with Radar,0,66,89,0,155,0,1,109,0,110,0,67,198,0,265,150,0,150,415
09/17/2022,PWK,IL,AGL,CE,Towers with Radar,0,47,52,0,99,0,0,126,0,126,0,47,178,0,225,62,0,62,287
09/18/2022,PWK,IL,AGL,CE,Towers with Radar,1,83,81,0,165,0,0,96,0,96,1,83,177,0,261,90,0,90,351
09/19/2022,PWK,IL,AGL,CE,Towers with Radar,1,64,71,0,136,0,2,86,0,88,1,66,157,0,224,82,0,82,306
09/20/2022,PWK,IL,AGL,CE,Towers with Radar,0,56,76,0,132,0,1,61,0,62,0,57,137,0,194,102,0,102,296
09/21/2022,PWK,IL,AGL,CE,Towers with Radar,0,59,63,0,122,0,15,88,1,104,0,74,151,1,226,166,0,166,392
09/22/2022,PWK,IL,AGL,CE,Towers with Radar,0,54,84,0,138,0,9,130,0,139,0,63,214,0,277,176,0,176,453
09/23/2022,PWK,IL,AGL,CE,Towers with Radar,0,52,79,0,131,0,0,114,0,114,0,52,193,0,245,236,0,236,481
09/24/2022,PWK,IL,AGL,CE,Towers with Radar,0,44,64,0,108,0,0,109,0,109,0,44,173,0,217,212,0,212,429
09/25/2022,PWK,IL,AGL,CE,Towers with Radar,0,47,69,0,116,0,10,30,0,40,0,57,99,0,156,32,0,32,188
09/26/2022,PWK,IL,AGL,CE,Towers with Radar,0,44,56,0,100,0,7,75,0,82,0,51,131,0,182,52,0,52,234
09/27/2022,PWK,IL,AGL,CE,Towers with Radar,0,42,58,0,100,0,5,98,0,103,0,47,156,0,203,96,0,96,299
09/28/2022,PWK,IL,AGL,CE,Towers with Radar,0,49,73,0,122,0,4,124,0,128,0,53,197,0,250,70,0,70,320
09/29/2022,PWK,IL,AGL,CE,Towers with Radar,0,62,91,0,153,0,0,151,0,151,0,62,242,0,304,152,0,152,456
09/30/2022,PWK,IL,AGL,CE,Towers with Radar,0,61,64,0,125,0,0,113,0,113,0,61,177,0,238,119,0,119,357
10/01/2022,PWK,IL,AGL,CE,Towers with Radar,0,24,67,0,91,0,6,183,0,189,0,30,250,0,280,60,0,60,340
10/02/2022,PWK,IL,AGL,CE,Towers with Radar,0,42,77,0,119,0,16,105,0,121,0,58,182,0,240,62,0,62,302
10/03/2022,PWK,IL,AGL,CE,Towers with Radar,0,45,76,0,121,0,0,115,0,115,0,45,191,0,236,112,0,112,348
10/04/2022,PWK,IL,AGL,CE,Towers with Radar,0,47,64,0,111,0,0,120,0,120,0,47,184,0,231,160,0,160,391
10/05/2022,PWK,IL,AGL,CE,Towers with Radar,0,61,73,0,134,0,0,104,0,104,0,61,177,0,238,206,0,206,444
10/06/2022,PWK,IL,AGL,CE,Towers with Radar,0,64,79,0,143,0,7,67,0,74,0,71,146,0,217,124,0,124,341
10/07/2022,PWK,IL,AGL,CE,Towers with Radar,0,56,64,0,120,0,16,109,0,125,0,72,173,0,245,86,0,86,331
10/08/2022,PWK,IL,AGL,CE,Towers with Radar,0,49,49,0,98,0,2,113,0,115,0,51,162,0,213,68,0,68,281
10/09/2022,PWK,IL,AGL,CE,Towers with Radar,0,64,85,0,149,0,0,158,0,158,0,64,243,0,307,84,0,84,391
10/10/2022,PWK,IL,AGL,CE,Towers with Radar,0,63,81,0,144,0,0,109,0,109,0,63,190,0,253,102,0,102,355
10/11/2022,PWK,IL,AGL,CE,Towers with Radar,0,59,65,0,124,0,0,26,0,26,0,59,91,0,150,108,0,108,258
10/12/2022,PWK,IL,AGL,CE,Towers with Radar,0,52,73,0,125,0,4,29,0,33,0,56,102,0,158,10,0,10,168
10/13/2022,PWK,IL,AGL,CE,Towers with Radar,0,58,73,0,131,0,7,67,0,74,0,65,140,0,205,44,0,44,249
10/14/2022,PWK,IL,AGL,CE,Towers with Radar,0,81,91,0,172,0,2,63,0,65,0,83,154,0,237,76,0,76,313
10/15/2022,PWK,IL,AGL,CE,Towers with Radar,2,54,57,0,113,0,0,143,0,143,2,54,200,0,256,108,0,108,364
10/16/2022,PWK,IL,AGL,CE,Towers with Radar,0,76,66,0,142,0,12,129,0,141,0,88,195,0,283,104,0,104,387
10/17/2022,PWK,IL,AGL,CE,Towers with Radar,0,64,38,0,102,0,10,30,0,40,0,74,68,0,142,0,0,0,142
10/18/2022,PWK,IL,AGL,CE,Towers with Radar,0,49,53,0,102,0,10,47,0,57,0,59,100,0,159,10,0,10,169
10/19/2022,PWK,IL,AGL,CE,Towers with Radar,1,54,63,0,118,0,13,108,0,121,1,67,171,0,239,92,0,92,331
10/20/2022,PWK,IL,AGL,CE,Towers with Radar,0,75,102,0,177,0,0,131,0,131,0,75,233,0,308,54,0,54,362
10/21/2022,PWK,IL,AGL,CE,Towers with Radar,0,67,71,0,138,0,0,81,0,81,0,67,152,0,219,50,0,50,269
10/22/2022,PWK,IL,AGL,CE,Towers with Radar,0,38,42,0,80,0,0,159,0,159,0,38,201,0,239,90,0,90,329
10/23/2022,PWK,IL,AGL,CE,Towers with Radar,0,82,58,0,140,0,0,56,0,56,0,82,114,0,196,58,0,58,254
10/24/2022,PWK,IL,AGL,CE,Towers with Radar,0,56,55,0,111,0,1,24,0,25,0,57,79,0,136,8,0,8,144
10/25/2022,PWK,IL,AGL,CE,Towers with Radar,0,51,55,0,106,0,0,0,0,0,0,51,55,0,106,0,0,0,106
10/26/2022,PWK,IL,AGL,CE,Towers with Radar,0,47,86,0,133,0,8,102,0,110,0,55,188,0,243,220,0,220,463
10/27/2022,PWK,IL,AGL,CE,Towers with Radar,0,81,81,0,162,0,0,113,2,115,0,81,194,2,277,236,0,236,513
10/28/2022,PWK,IL,AGL,CE,Towers with Radar,0,70,72,0,142,0,1,116,0,117,0,71,188,0,259,216,0,216,475
10/29/2022,PWK,IL,AGL,CE,Towers with Radar,0,41,46,0,87,0,0,147,0,147,0,41,193,0,234,206,0,206,440
10/30/2022,PWK,IL,AGL,CE,Towers with Radar,0,43,55,0,98,0,0,99,1,100,0,43,154,1,198,164,0,164,362
10/31/2022,PWK,IL,AGL,CE,Towers with Radar,0,31,44,0,75,0,0,2,0,2,0,31,46,0,77,6,0,6,83
11/01/2022,PWK,IL,AGL,CE,Towers with Radar,1,59,83,0,143,0,1,125,1,127,1,60,208,1,270,132,0,132,402
11/02/2022,PWK,IL,AGL,CE,Towers with Radar,1,54,70,0,125,0,1,99,1,101,1,55,169,1,226,182,0,182,408
11/03/2022,PWK,IL,AGL,CE,Towers with Radar,0,70,73,0,143,0,0,77,0,77,0,70,150,0,220,122,0,122,342
11/04/2022,PWK,IL,AGL,CE,Towers with Radar,0,47,79,0,126,0,0,26,0,26,0,47,105,0,152,56,0,56,208
11/05/2022,PWK,IL,AGL,CE,Towers with Radar,0,17,8,0,25,0,0,2,0,2,0,17,10,0,27,0,0,0,27
11/06/2022,PWK,IL,AGL,CE,Towers with Radar,0,75,85,0,160,0,0,85,0,85,0,75,170,0,245,44,0,44,289
11/07/2022,PWK,IL,AGL,CE,Towers with Radar,0,55,71,0,126,0,2,105,0,107,0,57,176,0,233,153,0,153,386
11/08/2022,PWK,IL,AGL,CE,Towers with Radar,0,54,49,0,103,0,0,92,0,92,0,54,141,0,195,42,0,42,237
11/09/2022,PWK,IL,AGL,CE,Towers with Radar,0,59,55,0,114,0,0,69,0,69,0,59,124,0,183,198,0,198,381
11/10/2022,PWK,IL,AGL,CE,Towers with Radar,0,62,70,0,132,0,1,62,0,63,0,63,132,0,195,38,0,38,233
11/11/2022,PWK,IL,AGL,CE,Towers with Radar,0,44,64,0,108,0,22,104,0,126,0,66,168,0,234,160,0,160,394
11/12/2022,PWK,IL,AGL,CE,Towers with Radar,0,19,32,0,51,0,3,67,0,70,0,22,99,0,121,196,0,196,317
11/13/2022,PWK,IL,AGL,CE,Towers with Radar,0,58,89,0,147,0,2,159,0,161,0,60,248,0,308,118,0,118,426
11/14/2022,PWK,IL,AGL,CE,Towers with Radar,0,76,86,0,162,0,0,90,1,91,0,76,176,1,253,80,0,80,333
11/15/2022,PWK,IL,AGL,CE,Towers with Radar,0,54,40,0,94,0,0,0,0,0,0,54,40,0,94,0,0,0,94
11/16/2022,PWK,IL,AGL,CE,Towers with Radar,0,47,54,0,101,0,5,5,0,10,0,52,59,0,111,0,0,0,111
11/17/2022,PWK,IL,AGL,CE,Towers with Radar,0,50,57,0,107,0,3,1,0,4,0,53,58,0,111,0,0,0,111
11/18/2022,PWK,IL,AGL,CE,Towers with Radar,0,77,59,0,136,0,2,16,0,18,0,79,75,0,154,69,0,69,223
11/19/2022,PWK,IL,AGL,CE,Towers with Radar,0,36,52,0,88,0,3,20,0,23,0,39,72,0,111,0,0,0,111
11/20/2022,PWK,IL,AGL,CE,Towers with Radar,0,52,64,0,116,0,0,112,0,112,0,52,176,0,228,58,0,58,286
11/21/2022,PWK,IL,AGL,CE,Towers with Radar,0,39,36,0,75,0,3,85,0,88,0,42,121,0,163,26,0,26,189
11/22/2022,PWK,IL,AGL,CE,Towers with Radar,0,63,80,0,143,0,0,127,1,128,0,63,207,1,271,140,4,144,415
11/23/2022,PWK,IL,AGL,CE,Towers with Radar,0,43,64,0,107,0,2,99,0,101,0,45,163,0,208,128,0,128,336
11/24/2022,PWK,IL,AGL,CE,Towers with Radar,0,19,11,0,30,0,0,11,0,11,0,19,22,0,41,24,0,24,65
11/25/2022,PWK,IL,AGL,CE,Towers with Radar,0,36,37,0,73,0,0,83,0,83,0,36,120,0,156,74,0,74,230
11/26/2022,PWK,IL,AGL,CE,Towers with Radar,0,65,70,0,135,0,0,117,0,117,0,65,187,0,252,88,0,88,340
11/27/2022,PWK,IL,AGL,CE,Towers with Radar,0,61,62,0,123,0,8,29,0,37,0,69,91,0,160,20,0,20,180
11/28/2022,PWK,IL,AGL,CE,Towers with Radar,0,56,53,0,109,0,0,113,1,114,0,56,166,1,223,136,0,136,359
11/29/2022,PWK,IL,AGL,CE,Towers with Radar,0,64,56,0,120,0,0,1,0,1,0,64,57,0,121,18,0,18,139
11/30/2022,PWK,IL,AGL,CE,Towers with Radar,0,31,34,0,65,0,12,6,0,18,0,43,40,0,83,10,0,10,93
12/01/2022,PWK,IL,AGL,CE,Towers with Radar,0,46,67,0,113,0,0,121,4,125,0,46,188,4,238,108,0,108,346
12/02/2022,PWK,IL,AGL,CE,Towers with Radar,0,54,57,0,111,0,0,19,0,19,0,54,76,0,130,60,0,60,190
12/03/2022,PWK,IL,AGL,CE,Towers with Radar,0,32,25,0,57,0,5,81,0,86,0,37,106,0,143,66,0,66,209
12/04/2022,PWK,IL,AGL,CE,Towers with Radar,0,45,55,0,100,0,0,107,0,107,0,45,162,0,207,128,0,128,335
12/05/2022,PWK,IL,AGL,CE,Towers with Radar,0,51,70,0,121,0,0,62,0,62,0,51,132,0,183,152,0,152,335
12/06/2022,PWK,IL,AGL,CE,Towers with Radar,0,60,68,0,128,0,0,8,0,8,0,60,76,0,136,92,0,92,228
12/07/2022,PWK,IL,AGL,CE,Towers with Radar,0,66,73,0,139,0,0,3,0,3,0,66,76,0,142,32,0,32,174
12/08/2022,PWK,IL,AGL,CE,Towers with Radar,0,40,63,0,103,0,0,35,0,35,0,40,98,0,138,190,0,190,328
12/09/2022,PWK,IL,AGL,CE,Towers with Radar,0,38,48,0,86,0,0,0,0,0,0,38,48,0,86,0,0,0,86
12/10/2022,PWK,IL,AGL,CE,Towers with Radar,0,26,23,0,49,0,0,0,0,0,0,26,23,0,49,0,0,0,49
12/11/2022,PWK,IL,AGL,CE,Towers with Radar,0,54,62,0,116,0,0,21,0,21,0,54,83,0,137,168,0,168,305
12/12/2022,PWK,IL,AGL,CE,Towers with Radar,0,74,57,0,131,0,0,18,0,18,0,74,75,0,149,112,0,112,261
12/13/2022,PWK,IL,AGL,CE,Towers with Radar,0,64,78,0,142,0,0,20,0,20,0,64,98,0,162,198,0,198,360
12/14/2022,PWK,IL,AGL,CE,Towers with Radar,0,57,62,0,119,0,0,0,0,0,0,57,62,0,119,0,0,0,119
12/15/2022,PWK,IL,AGL,CE,Towers with Radar,0,57,64,0,121,0,0,8,0,8,0,57,72,0,129,74,0,74,203
12/16/2022,PWK,IL,AGL,CE,Towers with Radar,0,54,65,0,119,0,0,1,0,1,0,54,66,0,120,0,0,0,120
12/17/2022,PWK,IL,AGL,CE,Towers with Radar,0,42,38,0,80,0,0,2,0,2,0,42,40,0,82,8,0,8,90
12/18/2022,PWK,IL,AGL,CE,Towers with Radar,0,49,58,0,107,0,0,57,0,57,0,49,115,0,164,52,0,52,216
12/19/2022,PWK,IL,AGL,CE,Towers with Radar,0,38,59,0,97,0,0,87,0,87,0,38,146,0,184,58,0,58,242
12/20/2022,PWK,IL,AGL,CE,Towers with Radar,0,44,55,0,99,0,0,44,0,44,0,44,99,0,143,208,0,208,351
12/21/2022,PWK,IL,AGL,CE,Towers with Radar,0,70,64,0,134,0,1,21,2,24,0,71,85,2,158,211,0,211,369
12/22/2022,PWK,IL,AGL,CE,Towers with Radar,0,24,18,0,42,0,0,0,0,0,0,24,18,0,42,24,0,24,66
12/23/2022,PWK,IL,AGL,CE,Towers with Radar,0,15,8,0,23,0,0,1,0,1,0,15,9,0,24,0,0,0,24
12/24/2022,PWK,IL,AGL,CE,Towers with Radar,0,9,12,0,21,0,0,20,0,20,0,9,32,0,41,0,0,0,41
12/25/2022,PWK,IL,AGL,CE,Towers with Radar,0,29,12,0,41,0,1,10,0,11,0,30,22,0,52,0,0,0,52
12/26/2022,PWK,IL,AGL,CE,Towers with Radar,0,56,36,0,92,0,1,82,0,83,0,57,118,0,175,0,0,0,175
12/27/2022,PWK,IL,AGL,CE,Towers with Radar,0,50,83,0,133,0,0,57,0,57,0,50,140,0,190,34,0,34,224
12/28/2022,PWK,IL,AGL,CE,Towers with Radar,0,62,60,0,122,0,0,29,0,29,0,62,89,0,151,48,0,48,199
12/29/2022,PWK,IL,AGL,CE,Towers with Radar,0,52,44,0,96,0,0,0,0,0,0,52,44,0,96,0,0,0,96
12/30/2022,PWK,IL,AGL,CE,Towers with Radar,0,36,47,0,83,0,1,17,0,18,0,37,64,0,101,128,0,128,229
12/31/2022,PWK,IL,AGL,CE,Towers with Radar,0,23,25,0,48,0,0,69,0,69,0,23,94,0,117,180,0,180,297
01/01/2023,PWK,IL,AGL,CE,Towers with Radar,0,34,34,0,68,0,0,10,0,10,0,34,44,0,78,8,0,8,86
01/02/2023,PWK,IL,AGL,CE,Towers with Radar,0,52,51,0,103,0,0,32,0,32,0,52,83,0,135,70,0,70,205
01/03/2023,PWK,IL,AGL,CE,Towers with Radar,0,19,26,0,45,0,0,0,0,0,0,19,26,0,45,0,0,0,45
01/04/2023,PWK,IL,AGL,CE,Towers with Radar,0,55,43,0,98,0,0,3,0,3,0,55,46,0,101,142,0,142,243
01/05/2023,PWK,IL,AGL,CE,Towers with Radar,0,46,39,0,85,0,0,0,0,0,0,46,39,0,85,0,0,0,85
01/06/2023,PWK,IL,AGL,CE,Towers with Radar,0,48,44,0,92,0,0,2,0,2,0,48,46,0,94,24,0,24,118
01/07/2023,PWK,IL,AGL,CE,Towers with Radar,0,65,60,0,125,0,0,6,0,6,0,65,66,0,131,14,0,14,145
01/08/2023,PWK,IL,AGL,CE,Towers with Radar,0,48,52,0,100,0,0,39,0,39,0,48,91,0,139,246,0,246,385
01/09/2023,PWK,IL,AGL,CE,Towers with Radar,0,42,69,0,111,0,1,125,0,126,0,43,194,0,237,62,0,62,299
01/10/2023,PWK,IL,AGL,CE,Towers with Radar,0,25,47,0,72,0,1,99,0,100,0,26,146,0,172,188,0,188,360
01/11/2023,PWK,IL,AGL,CE,Towers with Radar,0,33,69,0,102,0,0,67,0,67,0,33,136,0,169,212,0,212,381
01/12/2023,PWK,IL,AGL,CE,Towers with Radar,0,33,50,0,83,0,1,18,0,19,0,34,68,0,102,38,0,38,140
01/13/2023,PWK,IL,AGL,CE,Towers with Radar,0,33,41,0,74,0,8,11,0,19,0,41,52,0,93,90,0,90,183
01/14/2023,PWK,IL,AGL,CE,Towers with Radar,0,31,36,0,67,0,1,74,0,75,0,32,110,0,142,186,0,186,328
01/15/2023,PWK,IL,AGL,CE,Towers with Radar,0,35,45,0,80,0,0,136,0,136,0,35,181,0,216,70,0,70,286
01/16/2023,PWK,IL,AGL,CE,Towers with Radar,2,40,47,0,89,0,0,4,0,4,2,40,51,0,93,0,0,0,93
01/17/2023,PWK,IL,AGL,CE,Towers with Radar,0,37,37,0,74,0,2,2,0,4,0,39,39,0,78,0,0,0,78
01/18/2023,PWK,IL,AGL,CE,Towers with Radar,0,34,33,0,67,0,1,32,0,33,0,35,65,0,100,234,0,234,334
01/19/2023,PWK,IL,AGL,CE,Towers with Radar,0,41,60,0,101,0,0,1,0,1,0,41,61,0,102,0,0,0,102
01/20/2023,PWK,IL,AGL,CE,Towers with Radar,0,39,35,0,74,0,7,27,0,34,0,46,62,0,108,282,0,282,390
01/21/2023,PWK,IL,AGL,CE,Towers with Radar,0,22,31,0,53,0,0,4,0,4,0,22,35,0,57,112,0,112,169
01/22/2023,PWK,IL,AGL,CE,Towers with Radar,0,39,34,0,73,0,0,0,0,0,0,39,34,0,73,0,0,0,73
01/23/2023,PWK,IL,AGL,CE,Towers with Radar,0,29,56,0,85,0,0,13,0,13,0,29,69,0,98,10,0,10,108
01/24/2023,PWK,IL,AGL,CE,Towers with Radar,0,45,46,0,91,0,0,20,0,20,0,45,66,0,111,146,0,146,257
01/25/2023,PWK,IL,AGL,CE,Towers with Radar,0,19,15,0,34,0,0,0,0,0,0,19,15,0,34,0,0,0,34
01/26/2023,PWK,IL,AGL,CE,Towers with Radar,0,36,47,0,83,0,0,3,0,3,0,36,50,0,86,0,0,0,86
01/27/2023,PWK,IL,AGL,CE,Towers with Radar,0,28,27,0,55,0,0,6,0,6,0,28,33,0,61,0,0,0,61
01/28/2023,PWK,IL,AGL,CE,Towers with Radar,0,10,21,0,31,0,0,19,0,19,0,10,40,0,50,28,0,28,78
01/29/2023,PWK,IL,AGL,CE,Towers with Radar,0,29,18,0,47,0,3,8,0,11,0,32,26,0,58,58,0,58,116
01/30/2023,PWK,IL,AGL,CE,Towers with Radar,0,38,35,0,73,0,2,59,0,61,0,40,94,0,134,58,0,58,192
01/31/2023,PWK,IL,AGL,CE,Towers with Radar,0,34,49,0,83,0,0,41,0,41,0,34,90,0,124,140,0,140,264
02/01/2023,PWK,IL,AGL,CE,Towers with Radar,0,45,46,0,91,0,0,70,0,70,0,45,116,0,161,60,0,60,221
02/02/2023,PWK,IL,AGL,CE,Towers with Radar,0,41,45,0,86,0,2,81,0,83,0,43,126,0,169,144,0,144,313
02/03/2023,PWK,IL,AGL,CE,Towers with Radar,1,39,42,0,82,0,0,53,0,53,1,39,95,0,135,40,0,40,175
02/04/2023,PWK,IL,AGL,CE,Towers with Radar,0,29,30,0,59,0,1,50,0,51,0,30,80,0,110,118,0,118,228
02/05/2023,PWK,IL,AGL,CE,Towers with Radar,0,56,38,0,94,0,2,103,0,105,0,58,141,0,199,178,0,178,377
02/06/2023,PWK,IL,AGL,CE,Towers with Radar,0,34,42,0,76,0,0,62,0,62,0,34,104,0,138,62,0,62,200
02/07/2023,PWK,IL,AGL,CE,Towers with Radar,0,31,43,0,74,0,1,14,0,15,0,32,57,0,89,40,0,40,129
02/08/2023,PWK,IL,AGL,CE,Towers with Radar,0,60,85,0,145,0,0,98,0,98,0,60,183,0,243,120,0,120,363
02/09/2023,PWK,IL,AGL,CE,Towers with Radar,0,21,22,0,43,0,0,2,0,2,0,21,24,0,45,0,0,0,45
02/10/2023,PWK,IL,AGL,CE,Towers with Radar,0,48,38,0,86,0,7,106,0,113,0,55,144,0,199,48,0,48,247
02/11/2023,PWK,IL,AGL,CE,Towers with Radar,0,36,40,0,76,0,0,116,0,116,0,36,156,0,192,112,0,112,304
02/12/2023,PWK,IL,AGL,CE,Towers with Radar,0,25,37,0,62,0,0,115,0,115,0,25,152,0,177,168,0,168,345
02/13/2023,PWK,IL,AGL,CE,Towers with Radar,0,37,37,0,74,0,4,74,0,78,0,41,111,0,152,104,0,104,256
02/14/2023,PWK,IL,AGL,CE,Towers with Radar,0,37,34,0,71,0,1,20,0,21,0,38,54,0,92,24,0,24,116
02/15/2023,PWK,IL,AGL,CE,Towers with Radar,0,43,55,0,98,0,0,4,0,4,0,43,59,0,102,16,0,16,118
02/16/2023,PWK,IL,AGL,CE,Towers with Radar,0,11,18,0,29,0,0,0,0,0,0,11,18,0,29,0,0,0,29
02/17/2023,PWK,IL,AGL,CE,Towers with Radar,0,44,50,0,94,0,12,87,0,99,0,56,137,0,193,160,4,164,357
02/18/2023,PWK,IL,AGL,CE,Towers with Radar,0,20,38,0,58,0,0,111,0,111,0,20,149,0,169,42,0,42,211
02/19/2023,PWK,IL,AGL,CE,Towers with Radar,0,36,41,0,77,0,0,60,0,60,0,36,101,0,137,14,0,14,151
02/20/2023,PWK,IL,AGL,CE,Towers with Radar,0,62,74,0,136,0,1,110,1,112,0,63,184,1,248,190,0,190,438
02/21/2023,PWK,IL,AGL,CE,Towers with Radar,0,48,47,0,95,0,2,65,0,67,0,50,112,0,162,142,0,142,304
02/22/2023,PWK,IL,AGL,CE,Towers with Radar,0,24,18,0,42,0,0,0,0,0,0,24,18,0,42,0,0,0,42
02/23/2023,PWK,IL,AGL,CE,Towers with Radar,0,35,37,0,72,0,1,6,0,7,0,36,43,0,79,0,0,0,79
02/24/2023,PWK,IL,AGL,CE,Towers with Radar,0,46,54,0,100,0,0,80,0,80,0,46,134,0,180,170,0,170,350
02/25/2023,PWK,IL,AGL,CE,Towers with Radar,0,35,50,0,85,0,0,92,0,92,0,35,142,0,177,174,0,174,351
02/26/2023,PWK,IL,AGL,CE,Towers with Radar,0,42,61,0,103,0,4,109,0,113,0,46,170,0,216,108,0,108,324
02/27/2023,PWK,IL,AGL,CE,Towers with Radar,0,33,40,0,73,0,0,2,0,2,0,33,42,0,75,0,0,0,75
02/28/2023,PWK,IL,AGL,CE,Towers with Radar,0,46,44,0,90,0,1,69,0,70,0,47,113,0,160,204,0,204,364
03/01/2023,PWK,IL,AGL,CE,Towers with Radar,0,55,51,0,106,0,1,61,0,62,0,56,112,0,168,188,0,188,356
03/02/2023,PWK,IL,AGL,CE,Towers with Radar,0,51,65,0,116,0,0,24,0,24,0,51,89,0,140,174,0,174,314
03/03/2023,PWK,IL,AGL,CE,Towers with Radar,0,24,27,0,51,0,0,9,0,9,0,24,36,0,60,0,0,0,60
03/04/2023,PWK,IL,AGL,CE,Towers with Radar,0,45,33,0,78,0,2,98,0,100,0,47,131,0,178,60,0,60,238
03/05/2023,PWK,IL,AGL,CE,Towers with Radar,0,54,43,0,97,0,0,130,3,133,0,54,173,3,230,168,0,168,398
03/06/2023,PWK,IL,AGL,CE,Towers with Radar,0,40,34,0,74,0,1,19,0,20,0,41,53,0,94,88,0,88,182
03/07/2023,PWK,IL,AGL,CE,Towers with Radar,0,50,51,0,101,0,0,91,0,91,0,50,142,0,192,108,0,108,300
03/08/2023,PWK,IL,AGL,CE,Towers with Radar,0,44,67,0,111,0,0,84,0,84,0,44,151,0,195,110,0,110,305
03/09/2023,PWK,IL,AGL,CE,Towers with Radar,0,51,46,0,97,0,0,47,0,47,0,51,93,0,144,24,0,24,168
03/10/2023,PWK,IL,AGL,CE,Towers with Radar,0,28,32,0,60,0,0,0,0,0,0,28,32,0,60,0,0,0,60
03/11/2023,PWK,IL,AGL,CE,Towers with Radar,0,20,38,0,58,0,0,44,0,44,0,20,82,0,102,280,0,280,382
03/12/2023,PWK,IL,AGL,CE,Towers with Radar,0,23,31,0,54,0,1,5,0,6,0,24,36,0,60,0,0,0,60
03/13/2023,PWK,IL,AGL,CE,Towers with Radar,0,28,32,0,60,0,3,11,0,14,0,31,43,0,74,0,0,0,74
03/14/2023,PWK,IL,AGL,CE,Towers with Radar,0,21,54,0,75,0,2,132,0,134,0,23,186,0,209,166,0,166,375
03/15/2023,PWK,IL,AGL,CE,Towers with Radar,0,54,67,0,121,0,0,92,1,93,0,54,159,1,214,98,0,98,312
03/16/2023,PWK,IL,AGL,CE,Towers with Radar,0,39,48,0,87,0,0,15,0,15,0,39,63,0,102,30,0,30,132
03/17/2023,PWK,IL,AGL,CE,Towers with Radar,0,35,33,0,68,0,6,17,0,23,0,41,50,0,91,14,0,14,105
03/18/2023,PWK,IL,AGL,CE,Towers with Radar,0,23,35,0,58,0,4,7,0,11,0,27,42,0,69,0,0,0,69
03/19/2023,PWK,IL,AGL,CE,Towers with Radar,0,40,62,0,102,0,2,126,0,128,0,42,188,0,230,30,0,30,260
03/20/2023,PWK,IL,AGL,CE,Towers with Radar,0,42,57,0,99,0,0,30,0,30,0,42,87,0,129,0,0,0,129
03/21/2023,PWK,IL,AGL,CE,Towers with Radar,0,45,67,0,112,0,1,90,0,91,0,46,157,0,203,118,0,118,321
03/22/2023,PWK,IL,AGL,CE,Towers with Radar,0,40,52,0,92,0,0,1,0,1,0,40,53,0,93,0,0,0,93
03/23/2023,PWK,IL,AGL,CE,Towers with Radar,0,42,57,0,99,0,0,42,0,42,0,42,99,0,141,116,0,116,257
03/24/2023,PWK,IL,AGL,CE,Towers with Radar,0,57,69,0,126,0,2,128,0,130,0,59,197,0,256,46,0,46,302
03/25/2023,PWK,IL,AGL,CE,Towers with Radar,0,24,24,0,48,0,0,6,0,6,0,24,30,0,54,0,0,0,54
03/26/2023,PWK,IL,AGL,CE,Towers with Radar,0,49,52,1,102,0,0,62,1,63,0,49,114,2,165,0,0,0,165
03/27/2023,PWK,IL,AGL,CE,Towers with Radar,0,35,39,0,74,0,4,88,0,92,0,39,127,0,166,114,0,114,280
03/28/2023,PWK,IL,AGL,CE,Towers with Radar,0,55,36,0,91,0,1,103,0,104,0,56,139,0,195,120,0,120,315
03/29/2023,PWK,IL,AGL,CE,Towers with Radar,0,43,64,0,107,0,4,56,0,60,0,47,120,0,167,72,0,72,239
03/30/2023,PWK,IL,AGL,CE,Towers with Radar,0,50,66,0,116,0,1,77,0,78,0,51,143,0,194,82,0,82,276
03/31/2023,PWK,IL,AGL,CE,Towers with Radar,0,43,27,0,70,0,0,5,0,5,0,43,32,0,75,0,0,0,75
04/01/2023,PWK,IL,AGL,CE,Towers with Radar,0,41,32,0,73,0,5,12,0,17,0,46,44,0,90,18,0,18,108
04/02/2023,PWK,IL,AGL,CE,Towers with Radar,0,75,63,0,138,0,0,110,0,110,0,75,173,0,248,162,0,162,410
04/03/2023,PWK,IL,AGL,CE,Towers with Radar,0,41,55,0,96,0,0,55,0,55,0,41,110,0,151,86,0,86,237
04/04/2023,PWK,IL,AGL,CE,Towers with Radar,0,48,38,0,86,0,0,0,0,0,0,48,38,0,86,0,0,0,86
04/05/2023,PWK,IL,AGL,CE,Towers with Radar,0,40,37,0,77,0,1,2,0,3,0,41,39,0,80,6,0,6,86
04/06/2023,PWK,IL,AGL,CE,Towers with Radar,0,62,62,1,125,0,9,149,1,159,0,71,211,2,284,80,0,80,364
04/07/2023,PWK,IL,AGL,CE,Towers with Radar,0,50,47,0,97,0,0,100,2,102,0,50,147,2,199,176,0,176,375
04/08/2023,PWK,IL,AGL,CE,Towers with Radar,0,35,53,0,88,0,0,154,0,154,0,35,207,0,242,122,0,122,364
04/09/2023,PWK,IL,AGL,CE,Towers with Radar,0,55,40,0,95,0,0,95,0,95,0,55,135,0,190,96,0,96,286
04/10/2023,PWK,IL,AGL,CE,Towers with Radar,0,60,47,0,107,0,0,95,0,95,0,60,142,0,202,98,0,98,300
04/11/2023,PWK,IL,AGL,CE,Towers with Radar,0,53,44,0,97,0,0,81,0,81,0,53,125,0,178,22,0,22,200
04/12/2023,PWK,IL,AGL,CE,Towers with Radar,0,56,50,0,106,0,0,38,0,38,0,56,88,0,144,0,0,0,144
04/13/2023,PWK,IL,AGL,CE,Towers with Radar,0,44,71,0,115,0,4,124,0,128,0,48,195,0,243,166,0,166,409
04/14/2023,PWK,IL,AGL,CE,Towers with Radar,0,48,41,0,89,0,2,141,0,143,0,50,182,0,232,173,0,173,405
04/15/2023,PWK,IL,AGL,CE,Towers with Radar,0,36,29,0,65,0,8,138,0,146,0,44,167,0,211,76,0,76,287
04/16/2023,PWK,IL,AGL,CE,Towers with Radar,0,34,43,0,77,0,0,0,0,0,0,34,43,0,77,4,0,4,81
04/17/2023,PWK,IL,AGL,CE,Towers with Radar,1,24,25,0,50,0,3,13,0,16,1,27,38,0,66,10,0,10,76
04/18/2023,PWK,IL,AGL,CE,Towers with Radar,0,39,47,0,86,0,5,152,0,157,0,44,199,0,243,86,0,86,329
04/19/2023,PWK,IL,AGL,CE,Towers with Radar,0,41,63,0,104,0,1,47,0,48,0,42,110,0,152,108,0,108,260
04/20/2023,PWK,IL,AGL,CE,Towers with Radar,0,32,63,0,95,0,0,11,0,11,0,32,74,0,106,0,0,0,106
04/21/2023,PWK,IL,AGL,CE,Towers with Radar,0,47,74,0,121,0,3,85,0,88,0,50,159,0,209,92,0,92,301
04/22/2023,PWK,IL,AGL,CE,Towers with Radar,0,21,36,0,57,0,0,26,0,26,0,21,62,0,83,20,0,20,103
04/23/2023,PWK,IL,AGL,CE,Towers with Radar,0,57,50,0,107,0,1,91,0,92,0,58,141,0,199,198,0,198,397
04/24/2023,PWK,IL,AGL,CE,Towers with Radar,0,40,48,0,88,0,4,109,0,113,0,44,157,0,201,162,0,162,363
04/25/2023,PWK,IL,AGL,CE,Towers with Radar,0,53,72,0,125,0,1,20,0,21,0,54,92,0,146,24,0,24,170
04/26/2023,PWK,IL,AGL,CE,Towers with Radar,0,49,84,0,133,0,2,128,0,130,0,51,212,0,263,114,0,114,377
04/27/2023,PWK,IL,AGL,CE,Towers with Radar,2,57,57,0,116,0,1,117,0,118,2,58,174,0,234,244,0,244,478
04/28/2023,PWK,IL,AGL,CE,Towers with Radar,0,57,69,0,126,0,0,136,4,140,0,57,205,4,266,152,0,152,418
04/29/2023,PWK,IL,AGL,CE,Towers with Radar,0,36,32,0,68,0,2,28,0,30,0,38,60,0,98,48,0,48,146
04/30/2023,PWK,IL,AGL,CE,Towers with Radar,0,43,45,0,88,0,3,21,0,24,0,46,66,0,112,16,0,16,128
05/01/2023,PWK,IL,AGL,CE,Towers with Radar,0,36,48,0,84,0,4,12,0,16,0,40,60,0,100,0,0,0,100
05/02/2023,PWK,IL,AGL,CE,Towers with Radar,0,31,34,0,65,0,11,36,0,47,0,42,70,0,112,46,0,46,158
05/03/2023,PWK,IL,AGL,CE,Towers with Radar,0,74,68,0,142,0,2,121,0,123,0,76,189,0,265,208,0,208,473
05/04/2023,PWK,IL,AGL,CE,Towers with Radar,0,75,83,0,158,0,0,132,0,132,0,75,215,0,290,190,0,190,480
05/05/2023,PWK,IL,AGL,CE,Towers with Radar,0,66,85,0,151,0,0,87,0,87,0,66,172,0,238,142,0,142,380
05/06/2023,PWK,IL,AGL,CE,Towers with Radar,0,35,45,0,80,0,0,55,0,55,0,35,100,0,135,112,0,112,247
05/07/2023,PWK,IL,AGL,CE,Towers with Radar,0,63,70,0,133,0,3,106,1,110,0,66,176,1,243,122,0,122,365
05/08/2023,PWK,IL,AGL,CE,Towers with Radar,1,47,39,0,87,0,0,0,0,0,1,47,39,0,87,0,0,0,87
05/09/2023,PWK,IL,AGL,CE,Towers with Radar,0,66,63,0,129,0,1,97,0,98,0,67,160,0,227,238,0,238,465
05/10/2023,PWK,IL,AGL,CE,Towers with Radar,0,74,90,0,164,0,3,149,0,152,0,77,239,0,316,220,0,220,536
05/11/2023,PWK,IL,AGL,CE,Towers with Radar,0,62,73,0,135,0,3,104,0,107,0,65,177,0,242,166,0,166,408
05/12/2023,PWK,IL,AGL,CE,Towers with Radar,0,54,47,0,101,0,0,46,0,46,0,54,93,0,147,74,0,74,221
05/13/2023,PWK,IL,AGL,CE,Towers with Radar,0,54,49,0,103,0,1,50,0,51,0,55,99,0,154,104,0,104,258
05/14/2023,PWK,IL,AGL,CE,Towers with Radar,0,45,32,0,77,0,0,39,0,39,0,45,71,0,116,64,0,64,180
05/15/2023,PWK,IL,AGL,CE,Towers with Radar,0,62,69,0,131,0,2,114,0,116,0,64,183,0,247,50,0,50,297
05/16/2023,PWK,IL,AGL,CE,Towers with Radar,0,51,65,0,116,0,6,95,0,101,0,57,160,0,217,114,0,114,331
05/17/2023,PWK,IL,AGL,CE,Towers with Radar,0,86,70,0,156,0,0,114,0,114,0,86,184,0,270,10,0,10,280
05/18/2023,PWK,IL,AGL,CE,Towers with Radar,0,59,82,0,141,0,1,95,0,96,0,60,177,0,237,92,0,92,329
05/19/2023,PWK,IL,AGL,CE,Towers with Radar,0,62,63,0,125,0,6,40,0,46,0,68,103,0,171,90,0,90,261
05/20/2023,PWK,IL,AGL,CE,Towers with Radar,0,41,47,0,88,0,2,162,0,164,0,43,209,0,252,78,0,78,330
05/21/2023,PWK,IL,AGL,CE,Towers with Radar,0,44,59,0,103,0,0,132,1,133,0,44,191,1,236,118,0,118,354
05/22/2023,PWK,IL,AGL,CE,Towers with Radar,0,50,52,0,102,0,5,99,2,106,0,55,151,2,208,170,0,170,378
05/23/2023,PWK,IL,AGL,CE,Towers with Radar,0,56,53,0,109,0,4,100,0,104,0,60,153,0,213,268,0,268,481
05/24/2023,PWK,IL,AGL,CE,Towers with Radar,0,36,53,0,89,0,7,95,1,103,0,43,148,1,192,72,0,72,264
05/25/2023,PWK,IL,AGL,CE,Towers with Radar,0,85,86,0,171,0,0,125,0,125,0,85,211,0,296,82,0,82,378
05/26/2023,PWK,IL,AGL,CE,Towers with Radar,0,49,68,0,117,0,0,135,0,135,0,49,203,0,252,112,0,112,364
05/27/2023,PWK,IL,AGL,CE,Towers with Radar,0,39,43,0,82,0,0,156,0,156,0,39,199,0,238,114,0,114,352
05/28/2023,PWK,IL,AGL,CE,Towers with Radar,0,34,51,0,85,0,0,99,0,99,0,34,150,0,184,148,0,148,332
05/29/2023,PWK,IL,AGL,CE,Towers with Radar,0,65,53,0,118,0,0,106,1,107,0,65,159,1,225,156,0,156,381
05/30/2023,PWK,IL,AGL,CE,Towers with Radar,0,60,85,0,145,0,0,115,0,115,0,60,200,0,260,112,0,112,372
05/31/2023,PWK,IL,AGL,CE,Towers with Radar,0,69,54,0,123,0,1,88,0,89,0,70,142,0,212,154,0,154,366
06/01/2023,PWK,IL,AGL,CE,Towers with Radar,0,64,79,0,143,0,2,97,0,99,0,66,176,0,242,148,0,148,390
06/02/2023,PWK,IL,AGL,CE,Towers with Radar,0,65,54,0,119,0,5,124,0,129,0,70,178,0,248,194,0,194,442
06/03/2023,PWK,IL,AGL,CE,Towers with Radar,0,39,48,0,87,0,1,131,0,132,0,40,179,0,219,120,0,120,339
06/04/2023,PWK,IL,AGL,CE,Towers with Radar,0,63,60,0,123,0,1,130,1,132,0,64,190,1,255,60,0,60,315
06/05/2023,PWK,IL,AGL,CE,Towers with Radar,0,71,70,0,141,0,2,111,0,113,0,73,181,0,254,144,0,144,398
06/06/2023,PWK,IL,AGL,CE,Towers with Radar,0,45,83,0,128,0,3,78,0,81,0,48,161,0,209,146,0,146,355
06/07/2023,PWK,IL,AGL,CE,Towers with Radar,0,79,93,0,172,0,0,119,0,119,0,79,212,0,291,150,0,150,441
06/08/2023,PWK,IL,AGL,CE,Towers with Radar,0,75,74,0,149,0,1,127,0,128,0,76,201,0,277,114,0,114,391
06/09/2023,PWK,IL,AGL,CE,Towers with Radar,0,55,68,0,123,0,3,111,0,114,0,58,179,0,237,152,0,152,389
06/10/2023,PWK,IL,AGL,CE,Towers with Radar,0,60,39,0,99,0,1,113,0,114,0,61,152,0,213,78,0,78,291
06/11/2023,PWK,IL,AGL,CE,Towers with Radar,0,47,60,0,107,0,0,11,0,11,0,47,71,0,118,0,0,0,118
06/12/2023,PWK,IL,AGL,CE,Towers with Radar,0,47,75,0,122,0,6,86,0,92,0,53,161,0,214,174,0,174,388
06/13/2023,PWK,IL,AGL,CE,Towers with Radar,0,58,71,0,129,0,3,30,0,33,0,61,101,0,162,78,0,78,240
06/14/2023,PWK,IL,AGL,CE,Towers with Radar,0,69,92,0,161,0,5,65,0,70,0,74,157,0,231,264,0,264,495
06/15/2023,PWK,IL,AGL,CE,Towers with Radar,0,87,83,0,170,0,2,52,0,54,0,89,135,0,224,58,0,58,282
06/16/2023,PWK,IL,AGL,CE,Towers with Radar,0,62,70,0,132,0,2,59,0,61,0,64,129,0,193,86,0,86,279
06/17/2023,PWK,IL,AGL,CE,Towers with Radar,0,64,59,0,123,0,1,138,0,139,0,65,197,0,262,90,0,90,352
06/18/2023,PWK,IL,AGL,CE,Towers with Radar,0,58,58,0,116,0,0,83,0,83,0,58,141,0,199,128,0,128,327
06/19/2023,PWK,IL,AGL,CE,Towers with Radar,0,48,77,0,125,0,1,134,1,136,0,49,211,1,261,156,0,156,417
06/20/2023,PWK,IL,AGL,CE,Towers with Radar,0,63,74,0,137,0,0,109,1,110,0,63,183,1,247,100,0,100,347
06/21/2023,PWK,IL,AGL,CE,Towers with Radar,0,73,88,0,161,0,1,126,0,127,0,74,214,0,288,46,0,46,334
06/22/2023,PWK,IL,AGL,CE,Towers with Radar,1,68,69,0,138,0,0,111,0,111,1,68,180,0,249,48,0,48,297
06/23/2023,PWK,IL,AGL,CE,Towers with Radar,0,44,59,0,103,0,0,112,0,112,0,44,171,0,215,106,0,106,321
06/24/2023,PWK,IL,AGL,CE,Towers with Radar,0,0,0,0,0,0,0,0,0,0,0,0,0,0,0,0,0,0,0
06/25/2023,PWK,IL,AGL,CE,Towers with Radar,0,18,24,0,42,0,0,18,0,18,0,18,42,0,60,0,0,0,60
06/26/2023,PWK,IL,AGL,CE,Towers with Radar,0,44,74,0,118,0,6,25,0,31,0,50,99,0,149,56,0,56,205
06/27/2023,PWK,IL,AGL,CE,Towers with Radar,0,61,79,0,140,0,0,0,0,0,0,61,79,0,140,0,0,0,140
06/28/2023,PWK,IL,AGL,CE,Towers with Radar,0,59,88,0,147,0,0,0,0,0,0,59,88,0,147,0,0,0,147
06/29/2023,PWK,IL,AGL,CE,Towers with Radar,0,64,100,0,164,0,0,32,0,32,0,64,132,0,196,170,0,170,366
06/30/2023,PWK,IL,AGL,CE,Towers with Radar,0,57,91,0,148,0,2,95,0,97,0,59,186,0,245,138,0,138,383
07/01/2023,PWK,IL,AGL,CE,Towers with Radar,0,57,52,0,109,0,0,49,0,49,0,57,101,0,158,118,0,118,276
07/02/2023,PWK,IL,AGL,CE,Towers with Radar,0,30,33,0,63,0,0,6,0,6,0,30,39,0,69,16,0,16,85
07/03/2023,PWK,IL,AGL,CE,Towers with Radar,1,25,41,0,67,0,1,132,0,133,1,26,173,0,200,174,0,174,374
07/04/2023,PWK,IL,AGL,CE,Towers with Radar,0,12,21,0,33,0,0,67,0,67,0,12,88,0,100,84,0,84,184
07/05/2023,PWK,IL,AGL,CE,Towers with Radar,0,59,66,0,125,0,0,66,0,66,0,59,132,0,191,112,0,112,303
07/06/2023,PWK,IL,AGL,CE,Towers with Radar,0,66,82,0,148,0,1,86,0,87,0,67,168,0,235,150,0,150,385
07/07/2023,PWK,IL,AGL,CE,Towers with Radar,0,70,51,0,121,0,2,166,0,168,0,72,217,0,289,130,0,130,419
07/08/2023,PWK,IL,AGL,CE,Towers with Radar,0,54,48,0,102,0,0,49,0,49,0,54,97,0,151,110,0,110,261
07/09/2023,PWK,IL,AGL,CE,Towers with Radar,0,79,67,0,146,0,3,164,0,167,0,82,231,0,313,136,0,136,449
07/10/2023,PWK,IL,AGL,CE,Towers with Radar,0,56,55,0,111,0,3,115,0,118,0,59,170,0,229,196,0,196,425
07/11/2023,PWK,IL,AGL,CE,Towers with Radar,0,58,69,0,127,0,0,77,0,77,0,58,146,0,204,60,0,60,264
07/12/2023,PWK,IL,AGL,CE,Towers with Radar,0,38,69,0,107,0,0,4,0,4,0,38,73,0,111,6,0,6,117
07/13/2023,PWK,IL,AGL,CE,Towers with Radar,0,80,94,0,174,0,1,51,0,52,0,81,145,0,226,138,0,138,364
07/14/2023,PWK,IL,AGL,CE,Towers with Radar,0,48,70,0,118,0,2,77,0,79,0,50,147,0,197,56,0,56,253
07/15/2023,PWK,IL,AGL,CE,Towers with Radar,0,34,40,0,74,0,2,133,0,135,0,36,173,0,209,48,0,48,257
07/16/2023,PWK,IL,AGL,CE,Towers with Radar,0,58,76,1,135,0,2,74,0,76,0,60,150,1,211,116,0,116,327
07/17/2023,PWK,IL,AGL,CE,Towers with Radar,0,37,67,0,104,0,2,139,0,141,0,39,206,0,245,182,0,182,427
07/18/2023,PWK,IL,AGL,CE,Towers with Radar,0,51,64,0,115,0,2,124,0,126,0,53,188,0,241,188,0,188,429
07/19/2023,PWK,IL,AGL,CE,Towers with Radar,0,81,66,0,147,0,3,141,0,144,0,84,207,0,291,126,0,126,417
07/20/2023,PWK,IL,AGL,CE,Towers with Radar,0,50,66,0,116,0,6,63,0,69,0,56,129,0,185,52,0,52,237
07/21/2023,PWK,IL,AGL,CE,Towers with Radar,1,70,80,0,151,0,2,130,0,132,1,72,210,0,283,192,0,192,475
07/22/2023,PWK,IL,AGL,CE,Towers with Radar,0,42,27,0,69,0,3,116,0,119,0,45,143,0,188,152,0,152,340
07/23/2023,PWK,IL,AGL,CE,Towers with Radar,0,71,76,0,147,0,1,146,0,147,0,72,222,0,294,94,0,94,388
07/24/2023,PWK,IL,AGL,CE,Towers with Radar,0,64,94,2,160,0,0,88,0,88,0,64,182,2,248,252,0,252,500
07/25/2023,PWK,IL,AGL,CE,Towers with Radar,0,69,71,1,141,0,0,50,0,50,0,69,121,1,191,276,0,276,467
07/26/2023,PWK,IL,AGL,CE,Towers with Radar,0,71,50,0,121,0,2,29,0,31,0,73,79,0,152,62,0,62,214
07/27/2023,PWK,IL,AGL,CE,Towers with Radar,0,71,81,1,153,0,4,121,3,128,0,75,202,4,281,182,0,182,463
07/28/2023,PWK,IL,AGL,CE,Towers with Radar,0,76,74,0,150,0,0,80,0,80,0,76,154,0,230,58,0,58,288
07/29/2023,PWK,IL,AGL,CE,Towers with Radar,0,51,60,0,111,0,1,67,0,68,0,52,127,0,179,110,0,110,289
07/30/2023,PWK,IL,AGL,CE,Towers with Radar,0,66,64,0,130,0,4,120,1,125,0,70,184,1,255,134,0,134,389
07/31/2023,PWK,IL,AGL,CE,Towers with Radar,0,60,67,0,127,0,0,122,0,122,0,60,189,0,249,156,0,156,405
08/01/2023,PWK,IL,AGL,CE,Towers with Radar,0,62,68,0,130,0,0,110,0,110,0,62,178,0,240,190,0,190,430
08/02/2023,PWK,IL,AGL,CE,Towers with Radar,0,51,86,0,137,0,2,109,0,111,0,53,195,0,248,166,0,166,414
08/03/2023,PWK,IL,AGL,CE,Towers with Radar,0,48,77,0,125,0,0,104,0,104,0,48,181,0,229,198,0,198,427
08/04/2023,PWK,IL,AGL,CE,Towers with Radar,0,60,69,0,129,0,0,108,0,108,0,60,177,0,237,190,0,190,427
08/05/2023,PWK,IL,AGL,CE,Towers with Radar,0,47,49,0,96,0,0,80,0,80,0,47,129,0,176,152,0,152,328
08/06/2023,PWK,IL,AGL,CE,Towers with Radar,0,58,75,0,133,0,2,12,0,14,0,60,87,0,147,64,0,64,211
08/07/2023,PWK,IL,AGL,CE,Towers with Radar,0,45,75,0,120,0,3,43,0,46,0,48,118,0,166,76,0,76,242
08/08/2023,PWK,IL,AGL,CE,Towers with Radar,0,54,74,0,128,0,1,78,0,79,0,55,152,0,207,122,0,122,329
08/09/2023,PWK,IL,AGL,CE,Towers with Radar,0,64,83,0,147,0,1,65,0,66,0,65,148,0,213,182,0,182,395
08/10/2023,PWK,IL,AGL,CE,Towers with Radar,0,55,98,0,153,0,2,110,8,120,0,57,208,8,273,152,0,152,425
08/11/2023,PWK,IL,AGL,CE,Towers with Radar,0,65,72,0,137,0,0,60,0,60,0,65,132,0,197,54,0,54,251
08/12/2023,PWK,IL,AGL,CE,Towers with Radar,0,39,35,0,74,0,4,140,0,144,0,43,175,0,218,180,0,180,398
08/13/2023,PWK,IL,AGL,CE,Towers with Radar,0,65,66,1,132,0,0,98,0,98,0,65,164,1,230,156,0,156,386
08/14/2023,PWK,IL,AGL,CE,Towers with Radar,0,52,40,0,92,0,1,4,0,5,0,53,44,0,97,38,0,38,135
08/15/2023,PWK,IL,AGL,CE,Towers with Radar,0,43,56,0,99,0,6,79,0,85,0,49,135,0,184,154,0,154,338
08/16/2023,PWK,IL,AGL,CE,Towers with Radar,0,60,99,0,159,0,2,110,0,112,0,62,209,0,271,80,0,80,351
08/17/2023,PWK,IL,AGL,CE,Towers with Radar,0,61,50,0,111,0,7,53,0,60,0,68,103,0,171,96,0,96,267
08/18/2023,PWK,IL,AGL,CE,Towers with Radar,0,53,67,0,120,0,1,129,0,130,0,54,196,0,250,128,0,128,378
08/19/2023,PWK,IL,AGL,CE,Towers with Radar,0,44,53,0,97,0,0,136,0,136,0,44,189,0,233,80,0,80,313
08/20/2023,PWK,IL,AGL,CE,Towers with Radar,0,59,69,0,128,0,0,102,0,102,0,59,171,0,230,102,0,102,332
08/21/2023,PWK,IL,AGL,CE,Towers with Radar,0,37,63,0,100,0,0,100,0,100,0,37,163,0,200,120,0,120,320
08/22/2023,PWK,IL,AGL,CE,Towers with Radar,0,63,83,0,146,0,1,55,0,56,0,64,138,0,202,110,0,110,312
08/23/2023,PWK,IL,AGL,CE,Towers with Radar,0,69,59,0,128,0,0,42,0,42,0,69,101,0,170,58,0,58,228
08/24/2023,PWK,IL,AGL,CE,Towers with Radar,0,64,56,0,120,0,1,38,0,39,0,65,94,0,159,60,0,60,219
08/25/2023,PWK,IL,AGL,CE,Towers with Radar,0,69,88,0,157,0,0,46,1,47,0,69,134,1,204,106,0,106,310
08/26/2023,PWK,IL,AGL,CE,Towers with Radar,0,32,40,0,72,0,5,51,0,56,0,37,91,0,128,42,0,42,170
08/27/2023,PWK,IL,AGL,CE,Towers with Radar,0,72,71,0,143,0,0,128,1,129,0,72,199,1,272,66,0,66,338
08/28/2023,PWK,IL,AGL,CE,Towers with Radar,0,63,59,0,122,0,1,92,1,94,0,64,151,1,216,94,0,94,310
08/29/2023,PWK,IL,AGL,CE,Towers with Radar,0,44,54,0,98,0,11,65,0,76,0,55,119,0,174,60,0,60,234
08/30/2023,PWK,IL,AGL,CE,Towers with Radar,0,51,59,0,110,0,8,125,1,134,0,59,184,1,244,126,0,126,370
08/31/2023,PWK,IL,AGL,CE,Towers with Radar,0,79,83,0,162,0,0,125,1,126,0,79,208,1,288,132,0,132,420
