01/01/2000,PWM,ME,ANE,EN,Towers with Radar,39,22,9,0,70,1,1,68,0,70,40,23,77,0,140,46,0,46,186
01/02/2000,PWM,ME,ANE,EN,Towers with Radar,37,66,24,0,127,0,0,37,0,37,37,66,61,0,164,16,0,16,180
01/03/2000,PWM,ME,ANE,EN,Towers with Radar,41,75,25,0,141,0,19,38,0,57,41,94,63,0,198,26,0,26,224
01/04/2000,PWM,ME,ANE,EN,Towers with Radar,36,70,11,0,117,2,1,0,0,3,38,71,11,0,120,0,0,0,120
01/05/2000,PWM,ME,ANE,EN,Towers with Radar,39,77,24,0,140,2,7,42,2,53,41,84,66,2,193,47,0,47,240
01/06/2000,PWM,ME,ANE,EN,Towers with Radar,42,88,16,7,153,2,7,90,0,99,44,95,106,7,252,72,0,72,324
01/07/2000,PWM,ME,ANE,EN,Towers with Radar,46,81,26,3,156,0,5,29,1,35,46,86,55,4,191,24,0,24,215
01/08/2000,PWM,ME,ANE,EN,Towers with Radar,37,53,17,1,108,2,2,113,0,117,39,55,130,1,225,120,0,120,345
01/09/2000,PWM,ME,ANE,EN,Towers with Radar,35,58,21,2,116,0,0,93,6,99,35,58,114,8,215,60,2,62,277
01/10/2000,PWM,ME,ANE,EN,Towers with Radar,44,91,19,9,163,2,0,11,0,13,46,91,30,9,176,6,0,6,182
01/11/2000,PWM,ME,ANE,EN,Towers with Radar,47,83,29,2,161,2,3,21,0,26,49,86,50,2,187,18,0,18,205
01/12/2000,PWM,ME,ANE,EN,Towers with Radar,42,92,30,3,167,0,9,48,11,68,42,101,78,14,235,8,0,8,243
01/13/2000,PWM,ME,ANE,EN,Towers with Radar,42,66,19,0,127,2,0,30,0,32,44,66,49,0,159,114,0,114,273
01/14/2000,PWM,ME,ANE,EN,Towers with Radar,35,62,21,1,119,8,9,24,0,41,43,71,45,1,160,4,0,4,164
01/15/2000,PWM,ME,ANE,EN,Towers with Radar,43,45,10,0,98,0,6,51,0,57,43,51,61,0,155,98,0,98,253
01/16/2000,PWM,ME,ANE,EN,Towers with Radar,30,48,9,3,90,2,0,0,0,2,32,48,9,3,92,0,0,0,92
01/17/2000,PWM,ME,ANE,EN,Towers with Radar,30,78,12,1,121,2,1,3,0,6,32,79,15,1,127,9,0,9,136
01/18/2000,PWM,ME,ANE,EN,Towers with Radar,50,80,26,1,157,2,6,45,0,53,52,86,71,1,210,28,0,28,238
01/19/2000,PWM,ME,ANE,EN,Towers with Radar,40,85,27,3,155,0,3,59,13,75,40,88,86,16,230,60,2,62,292
01/20/2000,PWM,ME,ANE,EN,Towers with Radar,39,74,26,4,143,0,0,31,10,41,39,74,57,14,184,26,0,26,210
01/21/2000,PWM,ME,ANE,EN,Towers with Radar,47,69,21,0,137,2,0,1,0,3,49,69,22,0,140,0,0,0,140
01/22/2000,PWM,ME,ANE,EN,Towers with Radar,25,45,15,0,85,16,9,3,0,28,41,54,18,0,113,31,0,31,144
01/23/2000,PWM,ME,ANE,EN,Towers with Radar,43,54,15,0,112,2,0,39,0,41,45,54,54,0,153,16,0,16,169
01/24/2000,PWM,ME,ANE,EN,Towers with Radar,44,86,27,0,157,0,7,60,0,67,44,93,87,0,224,42,0,42,266
01/25/2000,PWM,ME,ANE,EN,Towers with Radar,23,27,13,0,63,1,0,12,0,13,24,27,25,0,76,0,0,0,76
01/26/2000,PWM,ME,ANE,EN,Towers with Radar,36,79,25,0,140,0,3,13,0,16,36,82,38,0,156,6,0,6,162
01/27/2000,PWM,ME,ANE,EN,Towers with Radar,46,83,26,1,156,0,6,36,0,42,46,89,62,1,198,53,0,53,251
01/28/2000,PWM,ME,ANE,EN,Towers with Radar,47,75,20,5,147,1,13,45,3,62,48,88,65,8,209,42,0,42,251
01/29/2000,PWM,ME,ANE,EN,Towers with Radar,36,58,20,0,114,9,0,90,0,99,45,58,110,0,213,48,0,48,261
01/30/2000,PWM,ME,ANE,EN,Towers with Radar,36,59,19,2,116,4,0,109,0,113,40,59,128,2,229,46,0,46,275
01/31/2000,PWM,ME,ANE,EN,Towers with Radar,39,71,23,1,134,0,6,7,0,13,39,77,30,1,147,0,0,0,147
02/01/2000,PWM,ME,ANE,EN,Towers with Radar,57,98,32,6,193,6,0,67,3,76,63,98,99,9,269,104,10,114,383
02/02/2000,PWM,ME,ANE,EN,Towers with Radar,46,82,27,5,160,0,8,49,5,62,46,90,76,10,222,130,2,132,354
02/03/2000,PWM,ME,ANE,EN,Towers with Radar,49,93,30,5,177,0,2,42,0,44,49,95,72,5,221,146,0,146,367
02/04/2000,PWM,ME,ANE,EN,Towers with Radar,44,99,33,7,183,0,0,83,8,91,44,99,116,15,274,120,8,128,402
02/05/2000,PWM,ME,ANE,EN,Towers with Radar,32,57,19,0,108,9,7,83,0,99,41,64,102,0,207,121,0,121,328
02/06/2000,PWM,ME,ANE,EN,Towers with Radar,31,56,19,2,108,13,1,4,0,18,44,57,23,2,126,12,0,12,138
02/07/2000,PWM,ME,ANE,EN,Towers with Radar,43,78,24,0,145,11,16,33,0,60,54,94,57,0,205,38,0,38,243
02/08/2000,PWM,ME,ANE,EN,Towers with Radar,46,95,30,6,177,0,0,88,0,88,46,95,118,6,265,110,2,112,377
02/09/2000,PWM,ME,ANE,EN,Towers with Radar,44,92,29,0,165,0,11,49,0,60,44,103,78,0,225,100,0,100,325
02/10/2000,PWM,ME,ANE,EN,Towers with Radar,44,96,30,6,176,0,1,60,8,69,44,97,90,14,245,92,0,92,337
02/11/2000,PWM,ME,ANE,EN,Towers with Radar,40,71,17,0,128,1,0,1,0,2,41,71,18,0,130,0,0,0,130
02/12/2000,PWM,ME,ANE,EN,Towers with Radar,54,55,13,0,122,1,2,63,0,66,55,57,76,0,188,80,0,80,268
02/13/2000,PWM,ME,ANE,EN,Towers with Radar,36,66,17,0,119,1,0,79,0,80,37,66,96,0,199,97,0,97,296
02/14/2000,PWM,ME,ANE,EN,Towers with Radar,40,70,13,0,123,1,0,1,0,2,41,70,14,0,125,0,0,0,125
02/15/2000,PWM,ME,ANE,EN,Towers with Radar,47,87,33,6,173,0,0,65,27,92,47,87,98,33,265,114,2,116,381
02/16/2000,PWM,ME,ANE,EN,Towers with Radar,44,92,29,5,170,1,0,9,0,10,45,92,38,5,180,12,0,12,192
02/17/2000,PWM,ME,ANE,EN,Towers with Radar,45,83,36,1,165,2,5,75,5,87,47,88,111,6,252,153,0,153,405
02/18/2000,PWM,ME,ANE,EN,Towers with Radar,34,60,32,0,126,1,0,16,0,17,35,60,48,0,143,48,0,48,191
02/19/2000,PWM,ME,ANE,EN,Towers with Radar,18,34,11,0,63,5,6,3,0,14,23,40,14,0,77,0,0,0,77
02/20/2000,PWM,ME,ANE,EN,Towers with Radar,32,59,19,0,110,7,7,21,0,35,39,66,40,0,145,31,0,31,176
02/21/2000,PWM,ME,ANE,EN,Towers with Radar,39,70,23,0,132,3,21,65,0,89,42,91,88,0,221,145,0,145,366
02/22/2000,PWM,ME,ANE,EN,Towers with Radar,46,97,31,5,179,0,3,119,3,125,46,100,150,8,304,140,0,140,444
02/23/2000,PWM,ME,ANE,EN,Towers with Radar,44,92,29,32,197,1,2,72,5,80,45,94,101,37,277,89,8,97,374
02/24/2000,PWM,ME,ANE,EN,Towers with Radar,44,96,23,0,163,1,3,41,2,47,45,99,64,2,210,73,0,73,283
02/25/2000,PWM,ME,ANE,EN,Towers with Radar,41,77,21,4,143,0,3,0,0,3,41,80,21,4,146,6,2,8,154
02/26/2000,PWM,ME,ANE,EN,Towers with Radar,44,67,17,7,135,0,1,12,0,13,44,68,29,7,148,112,0,112,260
02/27/2000,PWM,ME,ANE,EN,Towers with Radar,35,54,26,0,115,0,1,0,0,1,35,55,26,0,116,0,0,0,116
02/28/2000,PWM,ME,ANE,EN,Towers with Radar,48,83,29,0,160,0,0,16,0,16,48,83,45,0,176,44,0,44,220
02/29/2000,PWM,ME,ANE,EN,Towers with Radar,48,94,31,5,178,0,7,27,1,35,48,101,58,6,213,57,0,57,270
03/01/2000,PWM,ME,ANE,EN,Towers with Radar,49,98,31,8,186,0,0,95,14,109,49,98,126,22,295,105,0,105,400
03/02/2000,PWM,ME,ANE,EN,Towers with Radar,45,95,19,7,166,0,0,0,0,0,45,95,19,7,166,10,0,10,176
03/03/2000,PWM,ME,ANE,EN,Towers with Radar,45,74,28,18,165,0,4,29,0,33,45,78,57,18,198,14,2,16,214
03/04/2000,PWM,ME,ANE,EN,Towers with Radar,32,54,17,4,107,12,9,90,6,117,44,63,107,10,224,87,2,89,313
03/05/2000,PWM,ME,ANE,EN,Towers with Radar,39,64,20,0,123,7,0,58,0,65,46,64,78,0,188,70,0,70,258
03/06/2000,PWM,ME,ANE,EN,Towers with Radar,47,81,25,6,159,0,8,83,2,93,47,89,108,8,252,38,4,42,294
03/07/2000,PWM,ME,ANE,EN,Towers with Radar,48,92,35,0,175,0,3,88,0,91,48,95,123,0,266,88,0,88,354
03/08/2000,PWM,ME,ANE,EN,Towers with Radar,42,93,16,23,174,0,2,99,0,101,42,95,115,23,275,107,0,107,382
03/09/2000,PWM,ME,ANE,EN,Towers with Radar,43,97,31,9,180,0,0,34,10,44,43,97,65,19,224,50,0,50,274
03/10/2000,PWM,ME,ANE,EN,Towers with Radar,44,80,26,6,156,0,12,69,0,81,44,92,95,6,237,35,0,35,272
03/11/2000,PWM,ME,ANE,EN,Towers with Radar,31,56,7,0,94,0,1,18,0,19,31,57,25,0,113,8,0,8,121
03/12/2000,PWM,ME,ANE,EN,Towers with Radar,29,51,7,4,91,6,8,0,0,14,35,59,7,4,105,0,0,0,105
03/13/2000,PWM,ME,ANE,EN,Towers with Radar,48,84,16,0,148,0,4,52,6,62,48,88,68,6,210,34,0,34,244
03/14/2000,PWM,ME,ANE,EN,Towers with Radar,49,91,34,0,174,0,2,58,1,61,49,93,92,1,235,60,0,60,295
03/15/2000,PWM,ME,ANE,EN,Towers with Radar,46,87,28,0,161,0,3,66,0,69,46,90,94,0,230,34,2,36,266
03/16/2000,PWM,ME,ANE,EN,Towers with Radar,46,81,27,3,157,0,0,35,0,35,46,81,62,3,192,34,0,34,226
03/17/2000,PWM,ME,ANE,EN,Towers with Radar,34,59,19,1,113,3,9,2,0,14,37,68,21,1,127,0,0,0,127
03/18/2000,PWM,ME,ANE,EN,Towers with Radar,39,45,12,0,96,0,5,89,0,94,39,50,101,0,190,52,0,52,242
03/19/2000,PWM,ME,ANE,EN,Towers with Radar,30,53,17,3,103,5,8,87,0,100,35,61,104,3,203,86,4,90,293
03/20/2000,PWM,ME,ANE,EN,Towers with Radar,45,77,26,6,154,0,0,60,1,61,45,77,86,7,215,26,2,28,243
03/21/2000,PWM,ME,ANE,EN,Towers with Radar,36,87,28,10,161,0,2,41,0,43,36,89,69,10,204,50,0,50,254
03/22/2000,PWM,ME,ANE,EN,Towers with Radar,41,94,38,6,179,0,8,80,3,91,41,102,118,9,270,88,0,88,358
03/23/2000,PWM,ME,ANE,EN,Towers with Radar,45,79,26,1,151,3,8,96,0,107,48,87,122,1,258,50,0,50,308
03/24/2000,PWM,ME,ANE,EN,Towers with Radar,44,74,25,1,144,0,15,106,1,122,44,89,131,2,266,53,0,53,319
03/25/2000,PWM,ME,ANE,EN,Towers with Radar,29,48,16,0,93,13,0,117,0,130,42,48,133,0,223,75,0,75,298
03/26/2000,PWM,ME,ANE,EN,Towers with Radar,31,54,16,2,103,6,2,46,0,54,37,56,62,2,157,48,0,48,205
03/27/2000,PWM,ME,ANE,EN,Towers with Radar,39,70,21,5,135,3,13,82,17,115,42,83,103,22,250,60,0,60,310
03/28/2000,PWM,ME,ANE,EN,Towers with Radar,45,77,25,0,147,0,0,9,0,9,45,77,34,0,156,0,0,0,156
03/29/2000,PWM,ME,ANE,EN,Towers with Radar,45,87,30,8,170,0,0,35,11,46,45,87,65,19,216,13,0,13,229
03/30/2000,PWM,ME,ANE,EN,Towers with Radar,47,86,43,25,201,0,2,59,2,63,47,88,102,27,264,42,18,60,324
03/31/2000,PWM,ME,ANE,EN,Towers with Radar,44,81,22,1,148,2,3,96,1,102,46,84,118,2,250,21,0,21,271
04/01/2000,PWM,ME,ANE,EN,Towers with Radar,41,44,15,8,108,3,4,118,0,125,44,48,133,8,233,75,0,75,308
04/02/2000,PWM,ME,ANE,EN,Towers with Radar,32,54,23,2,111,10,1,42,0,53,42,55,65,2,164,52,0,52,216
04/03/2000,PWM,ME,ANE,EN,Towers with Radar,49,82,28,0,159,3,0,9,0,12,52,82,37,0,171,6,0,6,177
04/04/2000,PWM,ME,ANE,EN,Towers with Radar,51,84,37,3,175,0,0,10,18,28,51,84,47,21,203,0,0,0,203
04/05/2000,PWM,ME,ANE,EN,Towers with Radar,48,84,35,3,170,0,13,47,2,62,48,97,82,5,232,12,0,12,244
04/06/2000,PWM,ME,ANE,EN,Towers with Radar,49,84,35,3,171,2,1,27,10,40,51,85,62,13,211,38,0,38,249
04/07/2000,PWM,ME,ANE,EN,Towers with Radar,42,72,30,0,144,0,12,92,0,104,42,84,122,0,248,37,0,37,285
04/08/2000,PWM,ME,ANE,EN,Towers with Radar,37,56,12,0,105,2,0,8,0,10,39,56,20,0,115,0,0,0,115
04/09/2000,PWM,ME,ANE,EN,Towers with Radar,40,41,14,0,95,2,0,0,0,2,42,41,14,0,97,0,0,0,97
04/10/2000,PWM,ME,ANE,EN,Towers with Radar,40,77,21,8,146,2,3,29,0,34,42,80,50,8,180,2,0,2,182
04/11/2000,PWM,ME,ANE,EN,Towers with Radar,50,85,37,1,173,0,0,69,0,69,50,85,106,1,242,52,0,52,294
04/12/2000,PWM,ME,ANE,EN,Towers with Radar,43,87,35,4,169,0,5,32,1,38,43,92,67,5,207,0,0,0,207
04/13/2000,PWM,ME,ANE,EN,Towers with Radar,43,70,29,2,144,7,11,90,0,108,50,81,119,2,252,27,0,27,279
04/14/2000,PWM,ME,ANE,EN,Towers with Radar,45,78,32,0,155,0,13,86,0,99,45,91,118,0,254,50,0,50,304
04/15/2000,PWM,ME,ANE,EN,Towers with Radar,34,56,23,0,113,6,2,85,0,93,40,58,108,0,206,82,0,82,288
04/16/2000,PWM,ME,ANE,EN,Towers with Radar,34,52,23,0,109,8,0,27,0,35,42,52,50,0,144,33,0,33,177
04/17/2000,PWM,ME,ANE,EN,Towers with Radar,41,85,35,0,161,0,3,111,0,114,41,88,146,0,275,51,0,51,326
04/18/2000,PWM,ME,ANE,EN,Towers with Radar,42,86,25,4,157,1,1,42,0,44,43,87,67,4,201,31,0,31,232
04/19/2000,PWM,ME,ANE,EN,Towers with Radar,53,76,57,0,186,1,1,0,0,2,54,77,57,0,188,0,0,0,188
04/20/2000,PWM,ME,ANE,EN,Towers with Radar,47,84,39,4,174,0,0,44,0,44,47,84,83,4,218,54,0,54,272
04/21/2000,PWM,ME,ANE,EN,Towers with Radar,41,57,34,2,134,1,1,4,0,6,42,58,38,2,140,0,0,0,140
04/22/2000,PWM,ME,ANE,EN,Towers with Radar,33,50,11,0,94,1,1,0,0,2,34,51,11,0,96,0,0,0,96
04/23/2000,PWM,ME,ANE,EN,Towers with Radar,36,53,21,0,110,1,0,0,0,1,37,53,21,0,111,0,0,0,111
04/24/2000,PWM,ME,ANE,EN,Towers with Radar,45,68,33,0,146,0,0,21,0,21,45,68,54,0,167,26,0,26,193
04/25/2000,PWM,ME,ANE,EN,Towers with Radar,49,85,35,3,172,0,7,90,9,106,49,92,125,12,278,64,0,64,342
04/26/2000,PWM,ME,ANE,EN,Towers with Radar,40,79,32,3,154,0,5,23,5,33,40,84,55,8,187,22,0,22,209
04/27/2000,PWM,ME,ANE,EN,Towers with Radar,43,83,34,2,162,0,1,2,0,3,43,84,36,2,165,18,0,18,183
04/28/2000,PWM,ME,ANE,EN,Towers with Radar,45,92,38,10,185,1,5,44,0,50,46,97,82,10,235,39,0,39,274
04/29/2000,PWM,ME,ANE,EN,Towers with Radar,33,56,23,0,112,1,6,140,0,147,34,62,163,0,259,82,0,82,341
04/30/2000,PWM,ME,ANE,EN,Towers with Radar,28,48,20,0,96,10,7,60,0,77,38,55,80,0,173,22,0,22,195
05/01/2000,PWM,ME,ANE,EN,Towers with Radar,40,83,38,4,165,1,3,64,0,68,41,86,102,4,233,98,0,98,331
05/02/2000,PWM,ME,ANE,EN,Towers with Radar,49,83,27,20,179,2,2,50,2,56,51,85,77,22,235,20,0,20,255
05/03/2000,PWM,ME,ANE,EN,Towers with Radar,46,99,36,4,185,2,2,148,2,154,48,101,184,6,339,122,0,122,461
05/04/2000,PWM,ME,ANE,EN,Towers with Radar,43,93,42,5,183,0,7,123,12,142,43,100,165,17,325,8,2,10,335
05/05/2000,PWM,ME,ANE,EN,Towers with Radar,39,83,38,2,162,2,17,69,0,88,41,100,107,2,250,63,0,63,313
05/06/2000,PWM,ME,ANE,EN,Towers with Radar,27,59,27,3,116,17,11,49,6,83,44,70,76,9,199,53,0,53,252
05/07/2000,PWM,ME,ANE,EN,Towers with Radar,40,64,29,8,141,2,0,82,0,84,42,64,111,8,225,63,0,63,288
05/08/2000,PWM,ME,ANE,EN,Towers with Radar,33,72,32,0,137,11,34,49,0,94,44,106,81,0,231,32,0,32,263
05/09/2000,PWM,ME,ANE,EN,Towers with Radar,43,95,42,0,180,0,7,6,0,13,43,102,48,0,193,0,0,0,193
05/10/2000,PWM,ME,ANE,EN,Towers with Radar,28,62,43,1,134,2,0,0,0,2,30,62,43,1,136,0,0,0,136
05/11/2000,PWM,ME,ANE,EN,Towers with Radar,40,103,53,7,203,0,0,21,1,22,40,103,74,8,225,21,0,21,246
05/12/2000,PWM,ME,ANE,EN,Towers with Radar,43,90,36,0,169,1,1,124,0,126,44,91,160,0,295,58,0,58,353
05/13/2000,PWM,ME,ANE,EN,Towers with Radar,28,60,26,1,115,13,4,17,0,34,41,64,43,1,149,60,0,60,209
05/14/2000,PWM,ME,ANE,EN,Towers with Radar,34,66,31,0,131,1,1,64,0,66,35,67,95,0,197,58,0,58,255
05/15/2000,PWM,ME,ANE,EN,Towers with Radar,39,81,36,5,161,4,15,79,8,106,43,96,115,13,267,35,0,35,302
05/16/2000,PWM,ME,ANE,EN,Towers with Radar,39,87,39,5,170,0,22,79,9,110,39,109,118,14,280,57,12,69,349
05/17/2000,PWM,ME,ANE,EN,Towers with Radar,41,101,28,2,172,1,7,108,0,116,42,108,136,2,288,91,1,92,380
05/18/2000,PWM,ME,ANE,EN,Towers with Radar,40,91,43,1,175,0,0,16,0,16,40,91,59,1,191,0,0,0,191
05/19/2000,PWM,ME,ANE,EN,Towers with Radar,43,94,48,6,191,0,0,72,1,73,43,94,120,7,264,65,0,65,329
05/20/2000,PWM,ME,ANE,EN,Towers with Radar,31,63,20,0,114,1,5,95,0,101,32,68,115,0,215,44,0,44,259
05/21/2000,PWM,ME,ANE,EN,Towers with Radar,36,64,38,0,138,1,1,36,3,41,37,65,74,3,179,66,0,66,245
05/22/2000,PWM,ME,ANE,EN,Towers with Radar,48,85,45,0,178,1,0,59,0,60,49,85,104,0,238,56,0,56,294
05/23/2000,PWM,ME,ANE,EN,Towers with Radar,48,105,51,6,210,0,0,41,1,42,48,105,92,7,252,34,2,36,288
05/24/2000,PWM,ME,ANE,EN,Towers with Radar,46,93,48,5,192,0,0,3,0,3,46,93,51,5,195,0,0,0,195
05/25/2000,PWM,ME,ANE,EN,Towers with Radar,42,90,48,3,183,0,0,36,0,36,42,90,84,3,219,0,0,0,219
05/26/2000,PWM,ME,ANE,EN,Towers with Radar,43,88,41,4,176,2,12,128,3,145,45,100,169,7,321,99,37,136,457
05/27/2000,PWM,ME,ANE,EN,Towers with Radar,37,70,23,2,132,1,3,109,6,119,38,73,132,8,251,33,0,33,284
05/28/2000,PWM,ME,ANE,EN,Towers with Radar,38,45,20,2,105,1,1,77,0,79,39,46,97,2,184,93,1,94,278
05/29/2000,PWM,ME,ANE,EN,Towers with Radar,34,74,34,3,145,0,8,68,0,76,34,82,102,3,221,60,0,60,281
05/30/2000,PWM,ME,ANE,EN,Towers with Radar,44,103,50,6,203,0,0,108,26,134,44,103,158,32,337,89,0,89,426
05/31/2000,PWM,ME,ANE,EN,Towers with Radar,46,97,59,12,214,1,4,77,4,86,47,101,136,16,300,82,0,82,382
06/01/2000,PWM,ME,ANE,EN,Towers with Radar,49,90,49,4,192,1,10,99,24,134,50,100,148,28,326,118,3,121,447
06/02/2000,PWM,ME,ANE,EN,Towers with Radar,44,81,44,3,172,4,2,26,3,35,48,83,70,6,207,92,8,100,307
06/03/2000,PWM,ME,ANE,EN,Towers with Radar,27,51,28,0,106,13,13,40,0,66,40,64,68,0,172,52,0,52,224
06/04/2000,PWM,ME,ANE,EN,Towers with Radar,35,64,35,3,137,20,10,104,0,134,55,74,139,3,271,0,0,0,271
06/05/2000,PWM,ME,ANE,EN,Towers with Radar,41,76,42,1,160,8,15,46,0,69,49,91,88,1,229,46,0,46,275
06/06/2000,PWM,ME,ANE,EN,Towers with Radar,38,69,38,4,149,12,14,10,3,39,50,83,48,7,188,2,0,2,190
06/07/2000,PWM,ME,ANE,EN,Towers with Radar,49,89,49,5,192,8,15,20,1,44,57,104,69,6,236,23,0,23,259
06/08/2000,PWM,ME,ANE,EN,Towers with Radar,42,96,52,5,195,0,12,79,9,100,42,108,131,14,295,51,0,51,346
06/09/2000,PWM,ME,ANE,EN,Towers with Radar,42,88,48,1,179,0,4,58,0,62,42,92,106,1,241,89,0,89,330
06/10/2000,PWM,ME,ANE,EN,Towers with Radar,33,60,33,0,126,10,0,101,0,111,43,60,134,0,237,59,0,59,296
06/11/2000,PWM,ME,ANE,EN,Towers with Radar,36,64,36,0,136,7,0,22,0,29,43,64,58,0,165,23,0,23,188
06/12/2000,PWM,ME,ANE,EN,Towers with Radar,47,93,58,4,202,0,0,33,0,33,47,93,91,4,235,125,0,125,360
06/13/2000,PWM,ME,ANE,EN,Towers with Radar,46,95,53,5,199,0,0,55,5,60,46,95,108,10,259,74,0,74,333
06/14/2000,PWM,ME,ANE,EN,Towers with Radar,47,87,51,5,190,0,0,88,6,94,47,87,139,11,284,151,0,151,435
06/15/2000,PWM,ME,ANE,EN,Towers with Radar,49,94,60,0,203,0,0,18,0,18,49,94,78,0,221,16,0,16,237
06/16/2000,PWM,ME,ANE,EN,Towers with Radar,35,91,49,2,177,0,5,75,0,80,35,96,124,2,257,64,0,64,321
06/17/2000,PWM,ME,ANE,EN,Towers with Radar,43,64,21,0,128,0,2,53,0,55,43,66,74,0,183,88,0,88,271
06/18/2000,PWM,ME,ANE,EN,Towers with Radar,38,69,40,3,150,0,0,76,0,76,38,69,116,3,226,28,2,30,256
06/19/2000,PWM,ME,ANE,EN,Towers with Radar,46,83,44,4,177,0,5,62,3,70,46,88,106,7,247,98,2,100,347
06/20/2000,PWM,ME,ANE,EN,Towers with Radar,46,83,44,4,177,2,18,134,2,156,48,101,178,6,333,102,0,102,435
06/21/2000,PWM,ME,ANE,EN,Towers with Radar,47,82,45,5,179,2,0,85,2,89,49,82,130,7,268,73,0,73,341
06/22/2000,PWM,ME,ANE,EN,Towers with Radar,51,92,49,2,194,0,2,54,0,56,51,94,103,2,250,56,0,56,306
06/23/2000,PWM,ME,ANE,EN,Towers with Radar,43,87,47,5,182,0,15,274,9,298,43,102,321,14,480,73,0,73,553
06/24/2000,PWM,ME,ANE,EN,Towers with Radar,32,58,32,2,124,11,10,117,0,138,43,68,149,2,262,131,0,131,393
06/25/2000,PWM,ME,ANE,EN,Towers with Radar,41,63,42,3,149,0,0,75,0,75,41,63,117,3,224,0,0,0,224
06/26/2000,PWM,ME,ANE,EN,Towers with Radar,44,94,52,1,191,0,1,72,0,73,44,95,124,1,264,107,0,107,371
06/27/2000,PWM,ME,ANE,EN,Towers with Radar,53,88,57,0,198,0,0,39,0,39,53,88,96,0,237,53,0,53,290
06/28/2000,PWM,ME,ANE,EN,Towers with Radar,51,88,51,4,194,0,0,152,27,179,51,88,203,31,373,43,2,45,418
06/29/2000,PWM,ME,ANE,EN,Towers with Radar,51,96,53,4,204,0,5,95,2,102,51,101,148,6,306,51,0,51,357
06/30/2000,PWM,ME,ANE,EN,Towers with Radar,50,90,68,0,208,0,4,66,0,70,50,94,134,0,278,66,0,66,344
07/01/2000,PWM,ME,ANE,EN,Towers with Radar,36,49,42,1,128,7,0,177,5,189,43,49,219,6,317,157,8,165,482
07/02/2000,PWM,ME,ANE,EN,Towers with Radar,42,57,18,0,117,0,3,119,1,123,42,60,137,1,240,66,0,66,306
07/03/2000,PWM,ME,ANE,EN,Towers with Radar,51,68,33,3,155,0,1,48,1,50,51,69,81,4,205,74,0,74,279
07/04/2000,PWM,ME,ANE,EN,Towers with Radar,44,65,55,0,164,0,1,34,0,35,44,66,89,0,199,40,0,40,239
07/05/2000,PWM,ME,ANE,EN,Towers with Radar,53,84,29,2,168,0,11,93,1,105,53,95,122,3,273,94,0,94,367
07/06/2000,PWM,ME,ANE,EN,Towers with Radar,49,106,47,7,209,0,10,106,7,123,49,116,153,14,332,113,0,113,445
07/07/2000,PWM,ME,ANE,EN,Towers with Radar,47,105,48,0,200,0,8,122,0,130,47,113,170,0,330,110,0,110,440
07/08/2000,PWM,ME,ANE,EN,Towers with Radar,43,75,51,1,170,6,18,148,0,172,49,93,199,1,342,118,0,118,460
07/09/2000,PWM,ME,ANE,EN,Towers with Radar,37,69,32,0,138,0,1,75,0,76,37,70,107,0,214,83,0,83,297
07/10/2000,PWM,ME,ANE,EN,Towers with Radar,46,101,60,0,207,0,3,39,0,42,46,104,99,0,249,50,0,50,299
07/11/2000,PWM,ME,ANE,EN,Towers with Radar,49,95,41,3,188,0,11,147,3,161,49,106,188,6,349,61,0,61,410
07/12/2000,PWM,ME,ANE,EN,Towers with Radar,54,88,52,2,196,0,14,154,2,170,54,102,206,4,366,113,0,113,479
07/13/2000,PWM,ME,ANE,EN,Towers with Radar,53,88,65,5,211,1,12,106,2,121,54,100,171,7,332,65,0,65,397
07/14/2000,PWM,ME,ANE,EN,Towers with Radar,44,79,57,1,181,0,3,152,3,158,44,82,209,4,339,109,0,109,448
07/15/2000,PWM,ME,ANE,EN,Towers with Radar,49,78,50,0,177,0,1,26,0,27,49,79,76,0,204,83,0,83,287
07/16/2000,PWM,ME,ANE,EN,Towers with Radar,39,52,48,0,139,10,0,1,0,11,49,52,49,0,150,0,0,0,150
07/17/2000,PWM,ME,ANE,EN,Towers with Radar,50,96,75,1,222,0,1,27,1,29,50,97,102,2,251,52,0,52,303
07/18/2000,PWM,ME,ANE,EN,Towers with Radar,50,93,45,2,190,0,0,0,0,0,50,93,45,2,190,0,0,0,190
07/19/2000,PWM,ME,ANE,EN,Towers with Radar,53,101,62,11,227,0,5,130,0,135,53,106,192,11,362,78,0,78,440
07/20/2000,PWM,ME,ANE,EN,Towers with Radar,46,97,66,3,212,0,19,156,5,180,46,116,222,8,392,131,0,131,523
07/21/2000,PWM,ME,ANE,EN,Towers with Radar,49,107,73,2,231,0,5,148,0,153,49,112,221,2,384,109,0,109,493
07/22/2000,PWM,ME,ANE,EN,Towers with Radar,51,102,80,11,244,0,1,23,0,24,51,103,103,11,268,2,0,2,270
07/23/2000,PWM,ME,ANE,EN,Towers with Radar,41,79,64,0,184,0,3,147,0,150,41,82,211,0,334,88,6,94,428
07/24/2000,PWM,ME,ANE,EN,Towers with Radar,49,106,65,0,220,0,4,118,0,122,49,110,183,0,342,164,0,164,506
07/25/2000,PWM,ME,ANE,EN,Towers with Radar,52,106,65,8,231,0,5,103,1,109,52,111,168,9,340,113,0,113,453
07/26/2000,PWM,ME,ANE,EN,Towers with Radar,48,89,64,13,214,0,1,73,2,76,48,90,137,15,290,92,0,92,382
07/27/2000,PWM,ME,ANE,EN,Towers with Radar,55,96,67,3,221,8,0,7,1,16,63,96,74,4,237,0,0,0,237
07/28/2000,PWM,ME,ANE,EN,Towers with Radar,44,88,93,6,231,0,15,126,8,149,44,103,219,14,380,61,0,61,441
07/29/2000,PWM,ME,ANE,EN,Towers with Radar,39,85,57,2,183,0,2,126,0,128,39,87,183,2,311,87,0,87,398
07/30/2000,PWM,ME,ANE,EN,Towers with Radar,43,57,72,1,173,0,1,17,0,18,43,58,89,1,191,58,0,58,249
07/31/2000,PWM,ME,ANE,EN,Towers with Radar,50,91,60,5,206,0,1,21,0,22,50,92,81,5,228,73,0,73,301
08/01/2000,PWM,ME,ANE,EN,Towers with Radar,51,97,48,0,196,0,1,0,0,1,51,98,48,0,197,0,0,0,197
08/02/2000,PWM,ME,ANE,EN,Towers with Radar,52,87,94,0,233,0,1,1,0,2,52,88,95,0,235,0,0,0,235
08/03/2000,PWM,ME,ANE,EN,Towers with Radar,46,80,44,9,179,0,4,18,0,22,46,84,62,9,201,42,2,44,245
08/04/2000,PWM,ME,ANE,EN,Towers with Radar,48,92,51,3,194,0,7,170,1,178,48,99,221,4,372,144,0,144,516
08/05/2000,PWM,ME,ANE,EN,Towers with Radar,34,62,38,1,135,5,21,135,0,161,39,83,173,1,296,125,0,125,421
08/06/2000,PWM,ME,ANE,EN,Towers with Radar,40,71,42,0,153,0,0,153,0,153,40,71,195,0,306,138,0,138,444
08/07/2000,PWM,ME,ANE,EN,Towers with Radar,43,93,71,0,207,0,0,0,0,0,43,93,71,0,207,0,0,0,207
08/08/2000,PWM,ME,ANE,EN,Towers with Radar,47,100,67,2,216,0,2,109,0,111,47,102,176,2,327,82,0,82,409
08/09/2000,PWM,ME,ANE,EN,Towers with Radar,45,109,63,0,217,0,0,73,1,74,45,109,136,1,291,39,0,39,330
08/10/2000,PWM,ME,ANE,EN,Towers with Radar,52,101,61,3,217,0,7,127,7,141,52,108,188,10,358,122,2,124,482
08/11/2000,PWM,ME,ANE,EN,Towers with Radar,57,97,36,3,193,0,4,120,2,126,57,101,156,5,319,121,0,121,440
08/12/2000,PWM,ME,ANE,EN,Towers with Radar,48,86,42,0,176,0,1,78,0,79,48,87,120,0,255,45,0,45,300
08/13/2000,PWM,ME,ANE,EN,Towers with Radar,44,73,56,1,174,0,2,26,0,28,44,75,82,1,202,44,0,44,246
08/14/2000,PWM,ME,ANE,EN,Towers with Radar,50,82,56,3,191,0,0,22,3,25,50,82,78,6,216,0,0,0,216
08/15/2000,PWM,ME,ANE,EN,Towers with Radar,50,117,88,0,255,0,0,9,0,9,50,117,97,0,264,28,0,28,292
08/16/2000,PWM,ME,ANE,EN,Towers with Radar,53,89,57,3,202,4,0,44,0,48,57,89,101,3,250,45,0,45,295
08/17/2000,PWM,ME,ANE,EN,Towers with Radar,52,108,106,11,277,0,2,138,4,144,52,110,244,15,421,125,0,125,546
08/18/2000,PWM,ME,ANE,EN,Towers with Radar,45,92,65,4,206,0,0,91,0,91,45,92,156,4,297,151,12,163,460
08/19/2000,PWM,ME,ANE,EN,Towers with Radar,39,72,43,3,157,10,35,125,3,173,49,107,168,6,330,204,9,213,543
08/20/2000,PWM,ME,ANE,EN,Towers with Radar,46,66,45,1,158,0,2,119,0,121,46,68,164,1,279,105,0,105,384
08/21/2000,PWM,ME,ANE,EN,Towers with Radar,48,102,46,0,196,0,6,128,5,139,48,108,174,5,335,78,0,78,413
08/22/2000,PWM,ME,ANE,EN,Towers with Radar,57,108,52,0,217,0,8,171,1,180,57,116,223,1,397,118,0,118,515
08/23/2000,PWM,ME,ANE,EN,Towers with Radar,54,105,60,1,220,0,5,64,3,72,54,110,124,4,292,100,0,100,392
08/24/2000,PWM,ME,ANE,EN,Towers with Radar,54,115,57,12,238,0,3,97,5,105,54,118,154,17,343,87,4,91,434
08/25/2000,PWM,ME,ANE,EN,Towers with Radar,51,96,58,2,207,8,18,148,5,179,59,114,206,7,386,188,0,188,574
08/26/2000,PWM,ME,ANE,EN,Towers with Radar,57,91,27,2,177,1,4,143,0,148,58,95,170,2,325,134,0,134,459
08/27/2000,PWM,ME,ANE,EN,Towers with Radar,40,76,46,2,164,3,1,92,1,97,43,77,138,3,261,58,0,58,319
08/28/2000,PWM,ME,ANE,EN,Towers with Radar,46,107,35,0,188,0,3,99,2,104,46,110,134,2,292,118,0,118,410
08/29/2000,PWM,ME,ANE,EN,Towers with Radar,62,114,60,1,237,0,3,133,7,143,62,117,193,8,380,117,0,117,497
08/30/2000,PWM,ME,ANE,EN,Towers with Radar,51,106,53,10,220,0,5,102,9,116,51,111,155,19,336,100,1,101,437
08/31/2000,PWM,ME,ANE,EN,Towers with Radar,51,88,54,3,196,0,2,91,0,93,51,90,145,3,289,105,0,105,394
09/01/2000,PWM,ME,ANE,EN,Towers with Radar,49,112,65,7,233,0,4,87,0,91,49,116,152,7,324,94,0,94,418
09/02/2000,PWM,ME,ANE,EN,Towers with Radar,51,74,41,0,166,0,2,21,0,23,51,76,62,0,189,33,0,33,222
09/03/2000,PWM,ME,ANE,EN,Towers with Radar,43,53,37,0,133,0,0,23,0,23,43,53,60,0,156,0,0,0,156
09/04/2000,PWM,ME,ANE,EN,Towers with Radar,47,86,45,0,178,0,0,27,0,27,47,86,72,0,205,14,0,14,219
09/05/2000,PWM,ME,ANE,EN,Towers with Radar,50,96,35,0,181,0,9,104,0,113,50,105,139,0,294,90,0,90,384
09/06/2000,PWM,ME,ANE,EN,Towers with Radar,50,88,22,6,166,0,14,138,6,158,50,102,160,12,324,106,0,106,430
09/07/2000,PWM,ME,ANE,EN,Towers with Radar,48,100,26,0,174,0,7,119,0,126,48,107,145,0,300,0,89,89,389
09/08/2000,PWM,ME,ANE,EN,Towers with Radar,61,102,41,8,212,0,6,148,0,154,61,108,189,8,366,154,0,154,520
09/09/2000,PWM,ME,ANE,EN,Towers with Radar,68,74,32,3,177,0,6,114,1,121,68,80,146,4,298,50,0,50,348
09/10/2000,PWM,ME,ANE,EN,Towers with Radar,45,65,40,0,150,0,2,110,0,112,45,67,150,0,262,82,0,82,344
09/11/2000,PWM,ME,ANE,EN,Towers with Radar,43,100,54,2,199,0,8,18,1,27,43,108,72,3,226,40,0,40,266
09/12/2000,PWM,ME,ANE,EN,Towers with Radar,52,114,76,13,255,0,1,12,5,18,52,115,88,18,273,6,0,6,279
09/13/2000,PWM,ME,ANE,EN,Towers with Radar,56,96,50,11,213,0,3,93,4,100,56,99,143,15,313,108,2,110,423
09/14/2000,PWM,ME,ANE,EN,Towers with Radar,58,100,73,7,238,0,3,145,5,153,58,103,218,12,391,44,0,44,435
09/15/2000,PWM,ME,ANE,EN,Towers with Radar,56,98,51,0,205,0,2,1,0,3,56,100,52,0,208,0,0,0,208
09/16/2000,PWM,ME,ANE,EN,Towers with Radar,39,62,31,1,133,7,2,51,0,60,46,64,82,1,193,0,34,34,227
09/17/2000,PWM,ME,ANE,EN,Towers with Radar,48,63,39,3,153,0,5,118,1,124,48,68,157,4,277,70,0,70,347
09/18/2000,PWM,ME,ANE,EN,Towers with Radar,51,86,43,2,182,0,13,96,2,111,51,99,139,4,293,81,0,81,374
09/19/2000,PWM,ME,ANE,EN,Towers with Radar,58,97,48,3,206,0,11,62,1,74,58,108,110,4,280,59,0,59,339
09/20/2000,PWM,ME,ANE,EN,Towers with Radar,51,106,49,1,207,0,3,19,2,24,51,109,68,3,231,10,0,10,241
09/21/2000,PWM,ME,ANE,EN,Towers with Radar,56,87,37,6,186,0,5,33,2,40,56,92,70,8,226,18,2,20,246
09/22/2000,PWM,ME,ANE,EN,Towers with Radar,53,86,41,2,182,8,6,128,2,144,61,92,169,4,326,125,0,125,451
09/23/2000,PWM,ME,ANE,EN,Towers with Radar,51,65,19,2,137,0,1,46,0,47,51,66,65,2,184,67,0,67,251
09/24/2000,PWM,ME,ANE,EN,Towers with Radar,49,64,41,1,155,0,0,19,0,19,49,64,60,1,174,12,0,12,186
09/25/2000,PWM,ME,ANE,EN,Towers with Radar,60,91,45,8,204,0,3,74,3,80,60,94,119,11,284,73,0,73,357
09/26/2000,PWM,ME,ANE,EN,Towers with Radar,53,88,51,8,200,0,0,38,0,38,53,88,89,8,238,53,0,53,291
09/27/2000,PWM,ME,ANE,EN,Towers with Radar,57,91,32,0,180,1,5,127,7,140,58,96,159,7,320,122,0,122,442
09/28/2000,PWM,ME,ANE,EN,Towers with Radar,58,97,46,8,209,0,0,52,2,54,58,97,98,10,263,40,4,44,307
09/29/2000,PWM,ME,ANE,EN,Towers with Radar,52,95,34,4,185,0,3,143,0,146,52,98,177,4,331,117,0,117,448
09/30/2000,PWM,ME,ANE,EN,Towers with Radar,33,54,26,1,114,24,2,90,0,116,57,56,116,1,230,64,0,64,294
10/01/2000,PWM,ME,ANE,EN,Towers with Radar,45,63,30,0,138,1,2,143,0,146,46,65,173,0,284,109,0,109,393
10/02/2000,PWM,ME,ANE,EN,Towers with Radar,56,92,41,3,192,2,0,20,4,26,58,92,61,7,218,8,0,8,226
10/03/2000,PWM,ME,ANE,EN,Towers with Radar,44,97,46,5,192,1,7,76,2,86,45,104,122,7,278,85,0,85,363
10/04/2000,PWM,ME,ANE,EN,Towers with Radar,49,104,41,4,198,0,1,49,1,51,49,105,90,5,249,18,6,24,273
10/05/2000,PWM,ME,ANE,EN,Towers with Radar,44,109,35,7,195,1,1,55,0,57,45,110,90,7,252,82,3,85,337
10/06/2000,PWM,ME,ANE,EN,Towers with Radar,58,86,71,8,223,0,0,1,0,1,58,86,72,8,224,0,0,0,224
10/07/2000,PWM,ME,ANE,EN,Towers with Radar,46,78,42,7,173,0,0,56,0,56,46,78,98,7,229,46,0,46,275
10/08/2000,PWM,ME,ANE,EN,Towers with Radar,36,66,25,2,129,6,4,48,2,60,42,70,73,4,189,98,0,98,287
10/09/2000,PWM,ME,ANE,EN,Towers with Radar,45,115,30,0,190,0,1,35,0,36,45,116,65,0,226,57,0,57,283
10/10/2000,PWM,ME,ANE,EN,Towers with Radar,51,102,41,2,196,0,0,35,0,35,51,102,76,2,231,61,0,61,292
10/11/2000,PWM,ME,ANE,EN,Towers with Radar,46,103,30,0,179,0,4,73,0,77,46,107,103,0,256,88,0,88,344
10/12/2000,PWM,ME,ANE,EN,Towers with Radar,48,101,34,1,184,0,10,158,2,170,48,111,192,3,354,108,0,108,462
10/13/2000,PWM,ME,ANE,EN,Towers with Radar,51,90,31,1,173,0,18,117,0,135,51,108,148,1,308,86,0,86,394
10/14/2000,PWM,ME,ANE,EN,Towers with Radar,44,71,23,15,153,0,2,129,2,133,44,73,152,17,286,120,0,120,406
10/15/2000,PWM,ME,ANE,EN,Towers with Radar,42,61,36,7,146,0,2,114,0,116,42,63,150,7,262,68,0,68,330
10/16/2000,PWM,ME,ANE,EN,Towers with Radar,47,88,26,6,167,0,0,20,2,22,47,88,46,8,189,10,0,10,199
10/17/2000,PWM,ME,ANE,EN,Towers with Radar,50,104,47,0,201,0,0,28,0,28,50,104,75,0,229,40,2,42,271
10/18/2000,PWM,ME,ANE,EN,Towers with Radar,50,83,53,3,189,0,0,1,0,1,50,83,54,3,190,0,0,0,190
10/19/2000,PWM,ME,ANE,EN,Towers with Radar,49,101,26,9,185,0,1,67,7,75,49,102,93,16,260,44,4,48,308
10/20/2000,PWM,ME,ANE,EN,Towers with Radar,49,103,39,3,194,0,13,167,8,188,49,116,206,11,382,160,0,160,542
10/21/2000,PWM,ME,ANE,EN,Towers with Radar,54,73,44,0,171,0,4,138,0,142,54,77,182,0,313,95,0,95,408
10/22/2000,PWM,ME,ANE,EN,Towers with Radar,31,57,22,0,110,12,10,83,0,105,43,67,105,0,215,21,0,21,236
10/23/2000,PWM,ME,ANE,EN,Towers with Radar,51,82,27,0,160,0,7,86,7,100,51,89,113,7,260,90,0,90,350
10/24/2000,PWM,ME,ANE,EN,Towers with Radar,48,107,33,13,201,0,6,84,0,90,48,113,117,13,291,59,0,59,350
10/25/2000,PWM,ME,ANE,EN,Towers with Radar,49,104,30,0,183,0,2,101,1,104,49,106,131,1,287,102,0,102,389
10/26/2000,PWM,ME,ANE,EN,Towers with Radar,52,91,38,3,184,0,2,62,1,65,52,93,100,4,249,128,0,128,377
10/27/2000,PWM,ME,ANE,EN,Towers with Radar,47,105,43,0,195,0,0,59,0,59,47,105,102,0,254,10,0,10,264
10/28/2000,PWM,ME,ANE,EN,Towers with Radar,47,63,6,0,116,0,2,11,0,13,47,65,17,0,129,1,0,1,130
10/29/2000,PWM,ME,ANE,EN,Towers with Radar,55,46,7,0,108,0,0,1,0,1,55,46,8,0,109,0,0,0,109
10/30/2000,PWM,ME,ANE,EN,Towers with Radar,49,98,25,0,172,0,0,0,0,0,49,98,25,0,172,0,0,0,172
10/31/2000,PWM,ME,ANE,EN,Towers with Radar,42,100,45,0,187,0,0,2,0,2,42,100,47,0,189,0,0,0,189
11/01/2000,PWM,ME,ANE,EN,Towers with Radar,50,83,54,12,199,2,0,26,1,29,52,83,80,13,228,6,0,6,234
11/02/2000,PWM,ME,ANE,EN,Towers with Radar,44,83,38,10,175,2,6,89,5,102,46,89,127,15,277,42,0,42,319
11/03/2000,PWM,ME,ANE,EN,Towers with Radar,49,78,17,11,155,2,11,108,0,121,51,89,125,11,276,94,0,94,370
11/04/2000,PWM,ME,ANE,EN,Towers with Radar,43,59,14,0,116,2,0,110,0,112,45,59,124,0,228,126,0,126,354
11/05/2000,PWM,ME,ANE,EN,Towers with Radar,41,50,25,0,116,2,0,0,0,2,43,50,25,0,118,0,0,0,118
11/06/2000,PWM,ME,ANE,EN,Towers with Radar,41,92,36,0,169,2,1,24,0,27,43,93,60,0,196,32,0,32,228
11/07/2000,PWM,ME,ANE,EN,Towers with Radar,45,89,37,3,174,0,11,77,2,90,45,100,114,5,264,80,0,80,344
11/08/2000,PWM,ME,ANE,EN,Towers with Radar,43,83,40,0,166,2,3,46,0,51,45,86,86,0,217,92,0,92,309
11/09/2000,PWM,ME,ANE,EN,Towers with Radar,48,91,56,0,195,2,0,6,0,8,50,91,62,0,203,14,0,14,217
11/10/2000,PWM,ME,ANE,EN,Towers with Radar,53,92,47,0,192,2,2,2,0,6,55,94,49,0,198,0,0,0,198
11/11/2000,PWM,ME,ANE,EN,Towers with Radar,40,56,36,0,132,2,0,12,0,14,42,56,48,0,146,62,0,62,208
11/12/2000,PWM,ME,ANE,EN,Towers with Radar,37,58,34,0,129,2,2,84,0,88,39,60,118,0,217,186,0,186,403
11/13/2000,PWM,ME,ANE,EN,Towers with Radar,46,93,42,0,181,0,0,23,0,23,46,93,65,0,204,24,0,24,228
11/14/2000,PWM,ME,ANE,EN,Towers with Radar,44,124,53,2,223,0,48,3,0,51,44,172,56,2,274,22,0,22,296
11/15/2000,PWM,ME,ANE,EN,Towers with Radar,55,90,46,2,193,0,0,33,0,33,55,90,79,2,226,51,0,51,277
11/16/2000,PWM,ME,ANE,EN,Towers with Radar,38,28,30,1,97,6,0,77,0,83,44,28,107,1,180,98,0,98,278
11/17/2000,PWM,ME,ANE,EN,Towers with Radar,46,86,38,2,172,0,0,64,8,72,46,86,102,10,244,64,0,64,308
11/18/2000,PWM,ME,ANE,EN,Towers with Radar,26,48,21,0,95,18,4,92,3,117,44,52,113,3,212,107,0,107,319
11/19/2000,PWM,ME,ANE,EN,Towers with Radar,32,65,22,5,124,1,1,105,1,108,33,66,127,6,232,76,0,76,308
11/20/2000,PWM,ME,ANE,EN,Towers with Radar,44,85,37,2,168,0,8,30,1,39,44,93,67,3,207,20,0,20,227
11/21/2000,PWM,ME,ANE,EN,Towers with Radar,41,102,32,16,191,1,2,50,0,53,42,104,82,16,244,66,0,66,310
11/22/2000,PWM,ME,ANE,EN,Towers with Radar,43,77,34,0,154,2,3,39,0,44,45,80,73,0,198,36,0,36,234
11/23/2000,PWM,ME,ANE,EN,Towers with Radar,35,44,3,0,82,1,1,7,0,9,36,45,10,0,91,2,0,2,93
11/24/2000,PWM,ME,ANE,EN,Towers with Radar,28,50,22,0,100,0,14,86,0,100,28,64,108,0,200,170,0,170,370
11/25/2000,PWM,ME,ANE,EN,Towers with Radar,39,53,13,0,105,1,0,91,0,92,40,53,104,0,197,94,0,94,291
11/26/2000,PWM,ME,ANE,EN,Towers with Radar,43,48,15,0,106,1,0,2,0,3,44,48,17,0,109,34,0,34,143
11/27/2000,PWM,ME,ANE,EN,Towers with Radar,39,99,33,0,171,1,2,4,0,7,40,101,37,0,178,0,0,0,178
11/28/2000,PWM,ME,ANE,EN,Towers with Radar,44,102,25,8,179,1,0,43,8,52,45,102,68,16,231,86,0,86,317
11/29/2000,PWM,ME,ANE,EN,Towers with Radar,47,96,41,1,185,0,4,51,0,55,47,100,92,1,240,124,0,124,364
11/30/2000,PWM,ME,ANE,EN,Towers with Radar,52,70,41,0,163,1,0,2,0,3,53,70,43,0,166,20,0,20,186
12/01/2000,PWM,ME,ANE,EN,Towers with Radar,0,0,63,0,63,54,85,25,0,164,54,85,88,0,227,126,0,126,353
12/02/2000,PWM,ME,ANE,EN,Towers with Radar,0,0,51,0,51,50,76,39,0,165,50,76,90,0,216,68,0,68,284
12/03/2000,PWM,ME,ANE,EN,Towers with Radar,0,0,64,0,64,45,67,64,0,176,45,67,128,0,240,101,0,101,341
12/04/2000,PWM,ME,ANE,EN,Towers with Radar,0,0,61,0,61,37,102,56,0,195,37,102,117,0,256,136,0,136,392
12/05/2000,PWM,ME,ANE,EN,Towers with Radar,0,18,59,0,77,53,87,22,0,162,53,105,81,0,239,40,0,40,279
12/06/2000,PWM,ME,ANE,EN,Towers with Radar,0,0,0,0,0,42,103,71,5,221,42,103,71,5,221,32,0,32,253
12/07/2000,PWM,ME,ANE,EN,Towers with Radar,0,5,71,0,76,42,98,5,7,152,42,103,76,7,228,44,4,48,276
12/08/2000,PWM,ME,ANE,EN,Towers with Radar,0,0,68,0,68,48,81,0,6,135,48,81,68,6,203,84,0,84,287
12/09/2000,PWM,ME,ANE,EN,Towers with Radar,0,0,60,0,60,49,64,40,0,153,49,64,100,0,213,67,0,67,280
12/10/2000,PWM,ME,ANE,EN,Towers with Radar,0,0,49,0,49,42,55,37,0,134,42,55,86,0,183,130,0,130,313
12/11/2000,PWM,ME,ANE,EN,Towers with Radar,0,0,42,0,42,42,97,0,0,139,42,97,42,0,181,0,0,0,181
12/12/2000,PWM,ME,ANE,EN,Towers with Radar,0,0,0,0,0,42,104,29,14,189,42,104,29,14,189,0,0,0,189
12/13/2000,PWM,ME,ANE,EN,Towers with Radar,0,18,68,0,86,45,95,87,4,231,45,113,155,4,317,88,0,88,405
12/14/2000,PWM,ME,ANE,EN,Towers with Radar,0,0,13,0,13,45,83,0,0,128,45,83,13,0,141,0,0,0,141
12/15/2000,PWM,ME,ANE,EN,Towers with Radar,0,0,30,0,30,48,101,64,1,214,48,101,94,1,244,72,0,72,316
12/16/2000,PWM,ME,ANE,EN,Towers with Radar,0,0,14,1,15,46,70,0,0,116,46,70,14,1,131,18,0,18,149
12/17/2000,PWM,ME,ANE,EN,Towers with Radar,0,0,0,0,0,32,37,1,0,70,32,37,1,0,70,0,0,0,70
12/18/2000,PWM,ME,ANE,EN,Towers with Radar,0,0,37,2,39,38,100,0,11,149,38,100,37,13,188,10,0,10,198
12/19/2000,PWM,ME,ANE,EN,Towers with Radar,0,10,75,8,93,41,97,35,15,188,41,107,110,23,281,30,0,30,311
12/20/2000,PWM,ME,ANE,EN,Towers with Radar,0,0,18,0,18,47,93,0,0,140,47,93,18,0,158,0,0,0,158
12/21/2000,PWM,ME,ANE,EN,Towers with Radar,0,14,64,1,79,40,99,28,1,168,40,113,92,2,247,30,0,30,277
12/22/2000,PWM,ME,ANE,EN,Towers with Radar,2,7,32,1,42,52,85,0,5,142,54,92,32,6,184,20,0,20,204
12/23/2000,PWM,ME,ANE,EN,Towers with Radar,0,0,48,0,48,41,80,26,0,147,41,80,74,0,195,55,0,55,250
12/24/2000,PWM,ME,ANE,EN,Towers with Radar,0,0,0,0,0,45,37,43,0,125,45,37,43,0,125,20,0,20,145
12/25/2000,PWM,ME,ANE,EN,Towers with Radar,0,0,0,0,0,38,48,13,0,99,38,48,13,0,99,0,0,0,99
12/26/2000,PWM,ME,ANE,EN,Towers with Radar,0,0,36,0,36,38,95,0,0,133,38,95,36,0,169,67,0,67,236
12/27/2000,PWM,ME,ANE,EN,Towers with Radar,0,3,48,1,52,47,93,10,2,152,47,96,58,3,204,94,0,94,298
12/28/2000,PWM,ME,ANE,EN,Towers with Radar,0,0,0,0,0,45,101,17,0,163,45,101,17,0,163,0,0,0,163
12/29/2000,PWM,ME,ANE,EN,Towers with Radar,0,0,60,0,60,41,103,66,1,211,41,103,126,1,271,113,0,113,384
12/30/2000,PWM,ME,ANE,EN,Towers with Radar,0,0,0,0,0,22,28,18,0,68,22,28,18,0,68,33,0,33,101
12/31/2000,PWM,ME,ANE,EN,Towers with Radar,0,0,0,0,0,26,29,1,1,57,26,29,1,1,57,12,0,12,69
01/01/2001,PWM,ME,ANE,EN,Towers with Radar,38,44,17,0,99,0,2,36,0,38,38,46,53,0,137,14,0,14,151
01/02/2001,PWM,ME,ANE,EN,Towers with Radar,44,86,15,0,145,0,9,56,0,65,44,95,71,0,210,42,3,45,255
01/03/2001,PWM,ME,ANE,EN,Towers with Radar,44,79,23,0,146,4,14,47,0,65,48,93,70,0,211,63,4,67,278
01/04/2001,PWM,ME,ANE,EN,Towers with Radar,44,94,24,0,162,0,2,38,0,40,44,96,62,0,202,39,0,39,241
01/05/2001,PWM,ME,ANE,EN,Towers with Radar,49,90,18,0,157,0,3,37,2,42,49,93,55,2,199,82,2,84,283
01/06/2001,PWM,ME,ANE,EN,Towers with Radar,41,54,4,0,99,0,1,2,0,3,41,55,6,0,102,0,0,0,102
01/07/2001,PWM,ME,ANE,EN,Towers with Radar,41,57,13,0,111,0,2,80,0,82,41,59,93,0,193,166,0,166,359
01/08/2001,PWM,ME,ANE,EN,Towers with Radar,37,101,26,9,173,0,24,1,0,25,37,125,27,9,198,44,0,44,242
01/09/2001,PWM,ME,ANE,EN,Towers with Radar,46,96,27,1,170,0,0,13,0,13,46,96,40,1,183,8,0,8,191
01/10/2001,PWM,ME,ANE,EN,Towers with Radar,42,93,28,0,163,0,5,89,0,94,42,98,117,0,257,44,0,44,301
01/11/2001,PWM,ME,ANE,EN,Towers with Radar,50,91,31,0,172,0,2,42,0,44,50,93,73,0,216,98,0,98,314
01/12/2001,PWM,ME,ANE,EN,Towers with Radar,43,87,36,9,175,0,3,96,0,99,43,90,132,9,274,72,0,72,346
01/13/2001,PWM,ME,ANE,EN,Towers with Radar,43,72,16,0,131,0,1,122,2,125,43,73,138,2,256,111,0,111,367
01/14/2001,PWM,ME,ANE,EN,Towers with Radar,36,65,18,1,120,11,5,85,0,101,47,70,103,1,221,125,0,125,346
01/15/2001,PWM,ME,ANE,EN,Towers with Radar,44,72,9,0,125,0,0,2,0,2,44,72,11,0,127,16,0,16,143
01/16/2001,PWM,ME,ANE,EN,Towers with Radar,48,94,30,3,175,0,0,13,5,18,48,94,43,8,193,14,0,14,207
01/17/2001,PWM,ME,ANE,EN,Towers with Radar,41,95,34,0,170,0,2,76,0,78,41,97,110,0,248,39,0,39,287
01/18/2001,PWM,ME,ANE,EN,Towers with Radar,43,73,29,0,145,0,6,78,0,84,43,79,107,0,229,52,0,52,281
01/19/2001,PWM,ME,ANE,EN,Towers with Radar,40,72,24,0,136,0,0,2,0,2,40,72,26,0,138,6,0,6,144
01/20/2001,PWM,ME,ANE,EN,Towers with Radar,34,57,7,0,98,0,0,12,0,12,34,57,19,0,110,21,0,21,131
01/21/2001,PWM,ME,ANE,EN,Towers with Radar,27,46,15,0,88,13,0,10,0,23,40,46,25,0,111,0,0,0,111
01/22/2001,PWM,ME,ANE,EN,Towers with Radar,45,93,46,1,185,0,3,86,0,89,45,96,132,1,274,66,0,66,340
01/23/2001,PWM,ME,ANE,EN,Towers with Radar,47,94,37,15,193,0,4,115,0,119,47,98,152,15,312,82,14,96,408
01/24/2001,PWM,ME,ANE,EN,Towers with Radar,45,96,36,8,185,0,1,54,0,55,45,97,90,8,240,120,0,120,360
01/25/2001,PWM,ME,ANE,EN,Towers with Radar,37,107,26,13,183,0,3,59,2,64,37,110,85,15,247,66,0,66,313
01/26/2001,PWM,ME,ANE,EN,Towers with Radar,47,92,25,12,176,0,5,105,2,112,47,97,130,14,288,120,0,120,408
01/27/2001,PWM,ME,ANE,EN,Towers with Radar,47,58,13,10,128,0,0,40,0,40,47,58,53,10,168,68,7,75,243
01/28/2001,PWM,ME,ANE,EN,Towers with Radar,41,56,9,0,106,0,4,71,1,76,41,60,80,1,182,38,0,38,220
01/29/2001,PWM,ME,ANE,EN,Towers with Radar,48,94,31,1,174,0,3,88,0,91,48,97,119,1,265,56,0,56,321
01/30/2001,PWM,ME,ANE,EN,Towers with Radar,47,76,12,0,135,0,0,2,0,2,47,76,14,0,137,0,0,0,137
01/31/2001,PWM,ME,ANE,EN,Towers with Radar,40,96,29,0,165,0,0,0,0,0,40,96,29,0,165,21,0,21,186
02/01/2001,PWM,ME,ANE,EN,Towers with Radar,47,97,30,7,181,0,0,9,1,10,47,97,39,8,191,29,0,29,220
02/02/2001,PWM,ME,ANE,EN,Towers with Radar,44,85,33,9,171,2,1,10,2,15,46,86,43,11,186,17,0,17,203
02/03/2001,PWM,ME,ANE,EN,Towers with Radar,28,56,18,4,106,11,0,64,3,78,39,56,82,7,184,93,2,95,279
02/04/2001,PWM,ME,ANE,EN,Towers with Radar,35,62,21,5,123,0,0,37,1,38,35,62,58,6,161,119,2,121,282
02/05/2001,PWM,ME,ANE,EN,Towers with Radar,19,49,15,0,83,2,1,14,0,17,21,50,29,0,100,18,0,18,118
02/06/2001,PWM,ME,ANE,EN,Towers with Radar,34,90,16,1,141,1,2,9,0,12,35,92,25,1,153,17,2,19,172
02/07/2001,PWM,ME,ANE,EN,Towers with Radar,39,84,25,4,152,0,9,49,0,58,39,93,74,4,210,59,0,59,269
02/08/2001,PWM,ME,ANE,EN,Towers with Radar,39,90,34,4,167,1,6,45,5,57,40,96,79,9,224,59,3,62,286
02/09/2001,PWM,ME,ANE,EN,Towers with Radar,23,72,20,0,115,1,2,1,0,4,24,74,21,0,119,0,0,0,119
02/10/2001,PWM,ME,ANE,EN,Towers with Radar,41,38,4,1,84,1,4,5,0,10,42,42,9,1,94,0,0,0,94
02/11/2001,PWM,ME,ANE,EN,Towers with Radar,37,59,5,1,102,1,5,18,0,24,38,64,23,1,126,0,0,0,126
02/12/2001,PWM,ME,ANE,EN,Towers with Radar,35,84,18,2,139,1,5,75,0,81,36,89,93,2,220,41,0,41,261
02/13/2001,PWM,ME,ANE,EN,Towers with Radar,42,89,36,18,185,1,6,87,0,94,43,95,123,18,279,123,0,123,402
02/14/2001,PWM,ME,ANE,EN,Towers with Radar,36,88,20,11,155,1,2,21,0,24,37,90,41,11,179,81,0,81,260
02/15/2001,PWM,ME,ANE,EN,Towers with Radar,44,85,30,7,166,0,0,45,10,55,44,85,75,17,221,24,2,26,247
02/16/2001,PWM,ME,ANE,EN,Towers with Radar,41,84,33,8,166,1,3,52,0,56,42,87,85,8,222,66,0,66,288
02/17/2001,PWM,ME,ANE,EN,Towers with Radar,32,53,10,0,95,1,2,9,0,12,33,55,19,0,107,6,0,6,113
02/18/2001,PWM,ME,ANE,EN,Towers with Radar,32,56,15,0,103,1,5,57,0,63,33,61,72,0,166,82,0,82,248
02/19/2001,PWM,ME,ANE,EN,Towers with Radar,42,76,27,0,145,1,4,54,0,59,43,80,81,0,204,37,0,37,241
02/20/2001,PWM,ME,ANE,EN,Towers with Radar,42,90,28,1,161,0,7,58,0,65,42,97,86,1,226,86,0,86,312
02/21/2001,PWM,ME,ANE,EN,Towers with Radar,36,102,41,5,184,1,4,21,0,26,37,106,62,5,210,40,0,40,250
02/22/2001,PWM,ME,ANE,EN,Towers with Radar,38,88,29,6,161,0,0,55,11,66,38,88,84,17,227,74,6,80,307
02/23/2001,PWM,ME,ANE,EN,Towers with Radar,41,85,23,0,149,1,3,16,0,20,42,88,39,0,169,12,0,12,181
02/24/2001,PWM,ME,ANE,EN,Towers with Radar,46,48,22,5,121,1,3,73,0,77,47,51,95,5,198,98,4,102,300
02/25/2001,PWM,ME,ANE,EN,Towers with Radar,31,39,6,0,76,1,2,0,0,3,32,41,6,0,79,0,0,0,79
02/26/2001,PWM,ME,ANE,EN,Towers with Radar,45,86,17,0,148,1,5,19,1,26,46,91,36,1,174,36,0,36,210
02/27/2001,PWM,ME,ANE,EN,Towers with Radar,44,102,35,7,188,0,0,92,11,103,44,102,127,18,291,115,0,115,406
02/28/2001,PWM,ME,ANE,EN,Towers with Radar,41,90,48,16,195,1,5,60,1,67,42,95,108,17,262,91,12,103,365
03/01/2001,PWM,ME,ANE,EN,Towers with Radar,40,87,42,6,175,0,2,46,0,48,40,89,88,6,223,104,2,106,329
03/02/2001,PWM,ME,ANE,EN,Towers with Radar,39,90,37,10,176,0,1,36,0,37,39,91,73,10,213,54,6,60,273
03/03/2001,PWM,ME,ANE,EN,Towers with Radar,31,49,18,0,98,11,0,21,0,32,42,49,39,0,130,31,0,31,161
03/04/2001,PWM,ME,ANE,EN,Towers with Radar,37,47,13,1,98,0,1,62,0,63,37,48,75,1,161,51,0,51,212
03/05/2001,PWM,ME,ANE,EN,Towers with Radar,14,20,3,0,37,0,1,0,0,1,14,21,3,0,38,0,0,0,38
03/06/2001,PWM,ME,ANE,EN,Towers with Radar,0,7,0,0,7,0,1,0,0,1,0,8,0,0,8,0,0,0,8
03/07/2001,PWM,ME,ANE,EN,Towers with Radar,40,88,23,0,151,0,3,17,0,20,40,91,40,0,171,6,0,6,177
03/08/2001,PWM,ME,ANE,EN,Towers with Radar,42,92,20,10,164,0,9,94,0,103,42,101,114,10,267,108,0,108,375
03/09/2001,PWM,ME,ANE,EN,Towers with Radar,36,87,24,13,160,0,1,14,0,15,36,88,38,13,175,42,4,46,221
03/10/2001,PWM,ME,ANE,EN,Towers with Radar,34,50,8,0,92,0,1,5,0,6,34,51,13,0,98,0,0,0,98
03/11/2001,PWM,ME,ANE,EN,Towers with Radar,33,65,15,0,113,0,2,35,0,37,33,67,50,0,150,110,0,110,260
03/12/2001,PWM,ME,ANE,EN,Towers with Radar,48,83,30,0,161,0,8,79,0,87,48,91,109,0,248,68,0,68,316
03/13/2001,PWM,ME,ANE,EN,Towers with Radar,49,101,15,8,173,0,1,0,0,1,49,102,15,8,174,0,0,0,174
03/14/2001,PWM,ME,ANE,EN,Towers with Radar,37,100,25,8,170,0,3,36,0,39,37,103,61,8,209,94,0,94,303
03/15/2001,PWM,ME,ANE,EN,Towers with Radar,44,90,28,1,163,0,6,77,0,83,44,96,105,1,246,80,0,80,326
03/16/2001,PWM,ME,ANE,EN,Towers with Radar,45,99,29,0,173,0,3,90,0,93,45,102,119,0,266,162,0,162,428
03/17/2001,PWM,ME,ANE,EN,Towers with Radar,35,57,9,0,101,0,1,104,0,105,35,58,113,0,206,127,0,127,333
03/18/2001,PWM,ME,ANE,EN,Towers with Radar,39,60,11,0,110,0,3,66,0,69,39,63,77,0,179,104,0,104,283
03/19/2001,PWM,ME,ANE,EN,Towers with Radar,41,99,37,1,178,0,2,61,0,63,41,101,98,1,241,64,0,64,305
03/20/2001,PWM,ME,ANE,EN,Towers with Radar,43,100,35,23,201,0,2,104,1,107,43,102,139,24,308,101,0,101,409
03/21/2001,PWM,ME,ANE,EN,Towers with Radar,41,90,31,2,164,0,4,44,2,50,41,94,75,4,214,78,0,78,292
03/22/2001,PWM,ME,ANE,EN,Towers with Radar,33,77,11,0,121,0,1,0,0,1,33,78,11,0,122,0,0,0,122
03/23/2001,PWM,ME,ANE,EN,Towers with Radar,46,80,25,5,156,0,2,6,0,8,46,82,31,5,164,0,0,0,164
03/24/2001,PWM,ME,ANE,EN,Towers with Radar,46,65,19,8,138,0,0,59,1,60,46,65,78,9,198,119,0,119,317
03/25/2001,PWM,ME,ANE,EN,Towers with Radar,35,60,16,3,114,0,2,50,0,52,35,62,66,3,166,170,6,176,342
03/26/2001,PWM,ME,ANE,EN,Towers with Radar,39,82,18,0,139,0,0,38,2,40,39,82,56,2,179,25,0,25,204
03/27/2001,PWM,ME,ANE,EN,Towers with Radar,42,83,23,0,148,0,3,67,2,72,42,86,90,2,220,109,0,109,329
03/28/2001,PWM,ME,ANE,EN,Towers with Radar,43,91,36,0,170,0,3,72,0,75,43,94,108,0,245,102,0,102,347
03/29/2001,PWM,ME,ANE,EN,Towers with Radar,40,96,29,5,170,0,0,92,20,112,40,96,121,25,282,38,12,50,332
03/30/2001,PWM,ME,ANE,EN,Towers with Radar,33,73,20,0,126,0,0,0,0,0,33,73,20,0,126,0,0,0,126
03/31/2001,PWM,ME,ANE,EN,Towers with Radar,29,64,12,0,105,0,0,10,0,10,29,64,22,0,115,52,0,52,167
04/01/2001,PWM,ME,ANE,EN,Towers with Radar,37,66,14,0,117,1,1,9,0,11,38,67,23,0,128,104,2,106,234
04/02/2001,PWM,ME,ANE,EN,Towers with Radar,39,91,30,0,160,0,11,60,0,71,39,102,90,0,231,100,2,102,333
04/03/2001,PWM,ME,ANE,EN,Towers with Radar,36,102,33,18,189,1,2,60,0,63,37,104,93,18,252,131,0,131,383
04/04/2001,PWM,ME,ANE,EN,Towers with Radar,38,93,34,8,173,1,5,120,1,127,39,98,154,9,300,146,0,146,446
04/05/2001,PWM,ME,ANE,EN,Towers with Radar,49,83,23,6,161,1,5,107,1,114,50,88,130,7,275,138,2,140,415
04/06/2001,PWM,ME,ANE,EN,Towers with Radar,42,95,33,3,173,0,0,53,4,57,42,95,86,7,230,77,0,77,307
04/07/2001,PWM,ME,ANE,EN,Towers with Radar,39,62,19,0,120,1,2,90,0,93,40,64,109,0,213,159,0,159,372
04/08/2001,PWM,ME,ANE,EN,Towers with Radar,36,58,16,0,110,1,1,0,0,2,37,59,16,0,112,0,0,0,112
04/09/2001,PWM,ME,ANE,EN,Towers with Radar,37,80,27,2,146,0,5,56,6,67,37,85,83,8,213,111,0,111,324
04/10/2001,PWM,ME,ANE,EN,Towers with Radar,41,102,35,3,181,0,0,80,4,84,41,102,115,7,265,106,2,108,373
04/11/2001,PWM,ME,ANE,EN,Towers with Radar,41,93,28,6,168,1,3,73,4,81,42,96,101,10,249,148,2,150,399
04/12/2001,PWM,ME,ANE,EN,Towers with Radar,37,96,25,0,158,1,1,4,0,6,38,97,29,0,164,0,0,0,164
04/13/2001,PWM,ME,ANE,EN,Towers with Radar,46,93,35,1,175,0,0,19,0,19,46,93,54,1,194,58,0,58,252
04/14/2001,PWM,ME,ANE,EN,Towers with Radar,25,51,18,0,94,20,10,10,1,41,45,61,28,1,135,79,0,79,214
04/15/2001,PWM,ME,ANE,EN,Towers with Radar,33,73,11,0,117,1,2,73,0,76,34,75,84,0,193,78,0,78,271
04/16/2001,PWM,ME,ANE,EN,Towers with Radar,40,93,25,0,158,1,2,96,0,99,41,95,121,0,257,40,0,40,297
04/17/2001,PWM,ME,ANE,EN,Towers with Radar,45,102,32,8,187,1,5,42,2,50,46,107,74,10,237,76,0,76,313
04/18/2001,PWM,ME,ANE,EN,Towers with Radar,41,95,19,0,155,1,1,10,0,12,42,96,29,0,167,6,0,6,173
04/19/2001,PWM,ME,ANE,EN,Towers with Radar,54,88,40,3,185,1,5,95,3,104,55,93,135,6,289,137,1,138,427
04/20/2001,PWM,ME,ANE,EN,Towers with Radar,51,86,28,0,165,1,3,103,6,113,52,89,131,6,278,108,1,109,387
04/21/2001,PWM,ME,ANE,EN,Towers with Radar,37,62,26,3,128,1,0,83,4,88,38,62,109,7,216,99,4,103,319
04/22/2001,PWM,ME,ANE,EN,Towers with Radar,38,67,26,1,132,6,0,31,0,37,44,67,57,1,169,52,0,52,221
04/23/2001,PWM,ME,ANE,EN,Towers with Radar,39,80,27,1,147,2,20,81,0,103,41,100,108,1,250,51,0,51,301
04/24/2001,PWM,ME,ANE,EN,Towers with Radar,39,96,32,3,170,0,5,33,0,38,39,101,65,3,208,67,0,67,275
04/25/2001,PWM,ME,ANE,EN,Towers with Radar,41,95,36,5,177,1,5,86,5,97,42,100,122,10,274,95,0,95,369
04/26/2001,PWM,ME,ANE,EN,Towers with Radar,44,88,33,8,173,2,4,110,0,116,46,92,143,8,289,121,0,121,410
04/27/2001,PWM,ME,ANE,EN,Towers with Radar,42,91,33,0,166,0,0,69,0,69,42,91,102,0,235,58,0,58,293
04/28/2001,PWM,ME,ANE,EN,Towers with Radar,40,59,17,0,116,1,0,82,0,83,41,59,99,0,199,22,0,22,221
04/29/2001,PWM,ME,ANE,EN,Towers with Radar,36,67,19,0,122,1,3,123,0,127,37,70,142,0,249,65,0,65,314
04/30/2001,PWM,ME,ANE,EN,Towers with Radar,41,85,28,2,156,0,12,67,0,79,41,97,95,2,235,75,4,79,314
05/01/2001,PWM,ME,ANE,EN,Towers with Radar,40,90,35,4,169,0,15,83,5,103,40,105,118,9,272,149,2,151,423
05/02/2001,PWM,ME,ANE,EN,Towers with Radar,43,111,44,16,214,2,7,104,0,113,45,118,148,16,327,175,0,175,502
05/03/2001,PWM,ME,ANE,EN,Towers with Radar,43,106,34,13,196,2,2,98,1,103,45,108,132,14,299,61,6,67,366
05/04/2001,PWM,ME,ANE,EN,Towers with Radar,38,106,29,7,180,2,0,79,0,81,40,106,108,7,261,80,0,80,341
05/05/2001,PWM,ME,ANE,EN,Towers with Radar,106,56,33,0,195,2,1,65,1,69,108,57,98,1,264,52,0,52,316
05/06/2001,PWM,ME,ANE,EN,Towers with Radar,32,68,13,0,113,2,0,113,2,117,34,68,126,2,230,125,0,125,355
05/07/2001,PWM,ME,ANE,EN,Towers with Radar,33,71,27,3,134,8,29,79,2,118,41,100,106,5,252,166,0,166,418
05/08/2001,PWM,ME,ANE,EN,Towers with Radar,41,91,34,4,170,0,5,68,6,79,41,96,102,10,249,161,2,163,412
05/09/2001,PWM,ME,ANE,EN,Towers with Radar,38,102,31,10,181,1,1,95,2,99,39,103,126,12,280,157,0,157,437
05/10/2001,PWM,ME,ANE,EN,Towers with Radar,39,97,27,0,163,1,6,113,4,124,40,103,140,4,287,162,0,162,449
05/11/2001,PWM,ME,ANE,EN,Towers with Radar,40,116,19,5,180,1,15,105,2,123,41,131,124,7,303,108,0,108,411
05/12/2001,PWM,ME,ANE,EN,Towers with Radar,38,62,18,0,118,1,0,46,0,47,39,62,64,0,165,80,0,80,245
05/13/2001,PWM,ME,ANE,EN,Towers with Radar,39,65,10,2,116,1,0,48,0,49,40,65,58,2,165,110,0,110,275
05/14/2001,PWM,ME,ANE,EN,Towers with Radar,37,77,28,2,144,2,19,55,0,76,39,96,83,2,220,36,0,36,256
05/15/2001,PWM,ME,ANE,EN,Towers with Radar,46,112,39,0,197,1,0,12,0,13,47,112,51,0,210,48,0,48,258
05/16/2001,PWM,ME,ANE,EN,Towers with Radar,42,107,58,0,207,1,0,13,0,14,43,107,71,0,221,6,0,6,227
05/17/2001,PWM,ME,ANE,EN,Towers with Radar,44,109,43,0,196,0,0,84,0,84,44,109,127,0,280,228,0,228,508
05/18/2001,PWM,ME,ANE,EN,Towers with Radar,44,93,39,4,180,0,0,75,0,75,44,93,114,4,255,126,0,126,381
05/19/2001,PWM,ME,ANE,EN,Towers with Radar,51,113,42,2,208,0,11,40,0,51,51,124,82,2,259,150,0,150,409
05/20/2001,PWM,ME,ANE,EN,Towers with Radar,45,71,33,0,149,1,1,140,0,142,46,72,173,0,291,140,0,140,431
05/21/2001,PWM,ME,ANE,EN,Towers with Radar,54,97,53,0,204,1,0,31,1,33,55,97,84,1,237,30,0,30,267
05/22/2001,PWM,ME,ANE,EN,Towers with Radar,49,101,78,0,228,1,0,10,0,11,50,101,88,0,239,19,0,19,258
05/23/2001,PWM,ME,ANE,EN,Towers with Radar,50,95,46,4,195,0,0,101,1,102,50,95,147,5,297,216,2,218,515
05/24/2001,PWM,ME,ANE,EN,Towers with Radar,48,97,34,17,196,1,3,68,16,88,49,100,102,33,284,134,8,142,426
05/25/2001,PWM,ME,ANE,EN,Towers with Radar,54,98,57,1,210,1,1,141,4,147,55,99,198,5,357,110,4,114,471
05/26/2001,PWM,ME,ANE,EN,Towers with Radar,39,69,19,0,127,1,4,113,2,120,40,73,132,2,247,147,2,149,396
05/27/2001,PWM,ME,ANE,EN,Towers with Radar,39,57,10,0,106,1,0,1,0,2,40,57,11,0,108,8,0,8,116
05/28/2001,PWM,ME,ANE,EN,Towers with Radar,37,65,23,0,125,1,0,0,0,1,38,65,23,0,126,0,0,0,126
05/29/2001,PWM,ME,ANE,EN,Towers with Radar,48,107,49,8,212,1,3,94,12,110,49,110,143,20,322,128,4,132,454
05/30/2001,PWM,ME,ANE,EN,Towers with Radar,48,109,46,8,211,1,1,77,0,79,49,110,123,8,290,180,0,180,470
05/31/2001,PWM,ME,ANE,EN,Towers with Radar,47,100,48,10,205,1,2,66,0,69,48,102,114,10,274,83,2,85,359
06/01/2001,PWM,ME,ANE,EN,Towers with Radar,50,100,45,17,212,0,4,153,7,164,50,104,198,24,376,196,16,212,588
06/02/2001,PWM,ME,ANE,EN,Towers with Radar,53,75,8,0,136,0,1,2,0,3,53,76,10,0,139,2,0,2,141
06/03/2001,PWM,ME,ANE,EN,Towers with Radar,40,63,23,1,127,2,10,0,0,12,42,73,23,1,139,0,0,0,139
06/04/2001,PWM,ME,ANE,EN,Towers with Radar,65,81,52,6,204,0,0,52,14,66,65,81,104,20,270,73,4,77,347
06/05/2001,PWM,ME,ANE,EN,Towers with Radar,41,98,44,29,212,0,5,103,7,115,41,103,147,36,327,146,13,159,486
06/06/2001,PWM,ME,ANE,EN,Towers with Radar,58,92,45,5,200,2,0,92,2,96,60,92,137,7,296,212,0,212,508
06/07/2001,PWM,ME,ANE,EN,Towers with Radar,51,97,68,2,218,0,7,178,3,188,51,104,246,5,406,186,0,186,592
06/08/2001,PWM,ME,ANE,EN,Towers with Radar,57,88,29,1,175,0,3,148,1,152,57,91,177,2,327,157,0,157,484
06/09/2001,PWM,ME,ANE,EN,Towers with Radar,38,61,29,1,129,17,6,101,0,124,55,67,130,1,253,140,0,140,393
06/10/2001,PWM,ME,ANE,EN,Towers with Radar,43,74,29,0,146,0,2,102,0,104,43,76,131,0,250,175,0,175,425
06/11/2001,PWM,ME,ANE,EN,Towers with Radar,50,90,22,9,171,0,1,67,1,69,50,91,89,10,240,84,0,84,324
06/12/2001,PWM,ME,ANE,EN,Towers with Radar,53,99,57,5,214,0,1,1,0,2,53,100,58,5,216,6,0,6,222
06/13/2001,PWM,ME,ANE,EN,Towers with Radar,43,101,68,9,221,0,2,48,1,51,43,103,116,10,272,113,4,117,389
06/14/2001,PWM,ME,ANE,EN,Towers with Radar,44,100,47,0,191,0,1,79,5,85,44,101,126,5,276,181,1,182,458
06/15/2001,PWM,ME,ANE,EN,Towers with Radar,48,88,42,2,180,0,1,65,0,66,48,89,107,2,246,128,0,128,374
06/16/2001,PWM,ME,ANE,EN,Towers with Radar,44,67,28,2,141,0,1,70,0,71,44,68,98,2,212,92,2,94,306
06/17/2001,PWM,ME,ANE,EN,Towers with Radar,52,58,27,0,137,0,1,8,0,9,52,59,35,0,146,2,0,2,148
06/18/2001,PWM,ME,ANE,EN,Towers with Radar,61,78,44,0,183,0,4,135,2,141,61,82,179,2,324,151,0,151,475
06/19/2001,PWM,ME,ANE,EN,Towers with Radar,51,105,42,14,212,0,5,109,0,114,51,110,151,14,326,181,0,181,507
06/20/2001,PWM,ME,ANE,EN,Towers with Radar,43,103,51,4,201,0,4,97,2,103,43,107,148,6,304,133,2,135,439
06/21/2001,PWM,ME,ANE,EN,Towers with Radar,47,103,47,13,210,0,3,108,0,111,47,106,155,13,321,55,6,61,382
06/22/2001,PWM,ME,ANE,EN,Towers with Radar,45,115,69,8,237,0,1,27,0,28,45,116,96,8,265,0,0,0,265
06/23/2001,PWM,ME,ANE,EN,Towers with Radar,63,59,43,0,165,0,1,1,0,2,63,60,44,0,167,0,0,0,167
06/24/2001,PWM,ME,ANE,EN,Towers with Radar,54,71,54,0,179,0,1,12,0,13,54,72,66,0,192,26,0,26,218
06/25/2001,PWM,ME,ANE,EN,Towers with Radar,60,95,57,1,213,0,7,136,0,143,60,102,193,1,356,227,0,227,583
06/26/2001,PWM,ME,ANE,EN,Towers with Radar,58,95,46,5,204,16,16,117,0,149,74,111,163,5,353,158,4,162,515
06/27/2001,PWM,ME,ANE,EN,Towers with Radar,49,119,62,2,232,0,4,117,1,122,49,123,179,3,354,196,0,196,550
06/28/2001,PWM,ME,ANE,EN,Towers with Radar,53,107,33,6,199,0,3,150,1,154,53,110,183,7,353,127,6,133,486
06/29/2001,PWM,ME,ANE,EN,Towers with Radar,65,90,41,3,199,0,3,125,0,128,65,93,166,3,327,159,0,159,486
06/30/2001,PWM,ME,ANE,EN,Towers with Radar,58,78,34,2,172,0,0,76,0,76,58,78,110,2,248,96,0,96,344
07/01/2001,PWM,ME,ANE,EN,Towers with Radar,42,59,26,1,128,1,0,28,0,29,43,59,54,1,157,54,4,58,215
07/02/2001,PWM,ME,ANE,EN,Towers with Radar,45,86,40,3,174,0,17,92,9,118,45,103,132,12,292,56,10,66,358
07/03/2001,PWM,ME,ANE,EN,Towers with Radar,57,96,44,3,200,2,8,148,8,166,59,104,192,11,366,211,0,211,577
07/04/2001,PWM,ME,ANE,EN,Towers with Radar,42,69,12,0,123,0,0,48,0,48,42,69,60,0,171,112,0,112,283
07/05/2001,PWM,ME,ANE,EN,Towers with Radar,60,87,36,0,183,1,0,59,0,60,61,87,95,0,243,104,0,104,347
07/06/2001,PWM,ME,ANE,EN,Towers with Radar,61,96,37,2,196,1,0,127,0,128,62,96,164,2,324,246,4,250,574
07/07/2001,PWM,ME,ANE,EN,Towers with Radar,56,75,17,0,148,1,0,149,0,150,57,75,166,0,298,201,0,201,499
07/08/2001,PWM,ME,ANE,EN,Towers with Radar,60,72,66,0,198,1,0,22,0,23,61,72,88,0,221,88,2,90,311
07/09/2001,PWM,ME,ANE,EN,Towers with Radar,46,103,65,0,214,1,0,28,0,29,47,103,93,0,243,47,0,47,290
07/10/2001,PWM,ME,ANE,EN,Towers with Radar,57,102,46,0,205,1,0,2,0,3,58,102,48,0,208,0,0,0,208
07/11/2001,PWM,ME,ANE,EN,Towers with Radar,52,107,41,2,202,0,8,0,0,8,52,115,41,2,210,1,0,1,211
07/12/2001,PWM,ME,ANE,EN,Towers with Radar,70,89,54,5,218,1,0,103,2,106,71,89,157,7,324,132,0,132,456
07/13/2001,PWM,ME,ANE,EN,Towers with Radar,52,107,49,4,212,1,3,128,2,134,53,110,177,6,346,135,0,135,481
07/14/2001,PWM,ME,ANE,EN,Towers with Radar,49,94,49,3,195,1,0,101,0,102,50,94,150,3,297,94,0,94,391
07/15/2001,PWM,ME,ANE,EN,Towers with Radar,62,73,50,1,186,1,0,115,0,116,63,73,165,1,302,92,0,92,394
07/16/2001,PWM,ME,ANE,EN,Towers with Radar,75,97,28,0,200,1,2,91,0,94,76,99,119,0,294,127,0,127,421
07/17/2001,PWM,ME,ANE,EN,Towers with Radar,63,104,49,0,216,7,0,29,0,36,70,104,78,0,252,8,0,8,260
07/18/2001,PWM,ME,ANE,EN,Towers with Radar,58,116,70,5,249,1,0,69,0,70,59,116,139,5,319,130,0,130,449
07/19/2001,PWM,ME,ANE,EN,Towers with Radar,76,106,81,14,277,1,0,120,15,136,77,106,201,29,413,168,28,196,609
07/20/2001,PWM,ME,ANE,EN,Towers with Radar,61,124,58,3,246,0,17,176,2,195,61,141,234,5,441,138,0,138,579
07/21/2001,PWM,ME,ANE,EN,Towers with Radar,58,83,45,2,188,9,0,159,4,172,67,83,204,6,360,107,2,109,469
07/22/2001,PWM,ME,ANE,EN,Towers with Radar,51,104,42,2,199,0,0,109,0,109,51,104,151,2,308,78,0,78,386
07/23/2001,PWM,ME,ANE,EN,Towers with Radar,67,99,65,0,231,0,1,110,1,112,67,100,175,1,343,190,0,190,533
07/24/2001,PWM,ME,ANE,EN,Towers with Radar,63,106,56,3,228,0,0,90,0,90,63,106,146,3,318,132,0,132,450
07/25/2001,PWM,ME,ANE,EN,Towers with Radar,54,103,48,2,207,0,21,97,4,122,54,124,145,6,329,165,0,165,494
07/26/2001,PWM,ME,ANE,EN,Towers with Radar,58,99,48,3,208,0,0,81,4,85,58,99,129,7,293,189,4,193,486
07/27/2001,PWM,ME,ANE,EN,Towers with Radar,69,101,33,1,204,0,3,160,3,166,69,104,193,4,370,197,0,197,567
07/28/2001,PWM,ME,ANE,EN,Towers with Radar,47,78,36,2,163,11,3,132,4,150,58,81,168,6,313,153,0,153,466
07/29/2001,PWM,ME,ANE,EN,Towers with Radar,65,86,38,0,189,0,1,107,0,108,65,87,145,0,297,53,0,53,350
07/30/2001,PWM,ME,ANE,EN,Towers with Radar,58,94,44,1,197,4,19,124,0,147,62,113,168,1,344,84,0,84,428
07/31/2001,PWM,ME,ANE,EN,Towers with Radar,0,0,0,0,0,0,0,0,0,0,0,0,0,0,0,109,0,109,109
08/01/2001,PWM,ME,ANE,EN,Towers with Radar,55,90,43,2,190,1,26,95,4,126,56,116,138,6,316,221,0,221,537
08/02/2001,PWM,ME,ANE,EN,Towers with Radar,76,100,38,13,227,0,2,122,9,133,76,102,160,22,360,68,2,70,430
08/03/2001,PWM,ME,ANE,EN,Towers with Radar,68,107,53,2,230,6,0,56,0,62,74,107,109,2,292,28,0,28,320
08/04/2001,PWM,ME,ANE,EN,Towers with Radar,45,86,41,0,172,0,0,35,0,35,45,86,76,0,207,120,0,120,327
08/05/2001,PWM,ME,ANE,EN,Towers with Radar,59,101,70,0,230,0,0,36,0,36,59,101,106,0,266,54,4,58,324
08/06/2001,PWM,ME,ANE,EN,Towers with Radar,69,109,58,4,240,0,1,99,4,104,69,110,157,8,344,103,0,103,447
08/07/2001,PWM,ME,ANE,EN,Towers with Radar,67,109,53,3,232,1,3,117,4,125,68,112,170,7,357,168,6,174,531
08/08/2001,PWM,ME,ANE,EN,Towers with Radar,66,107,52,3,228,6,9,118,7,140,72,116,170,10,368,158,6,164,532
08/09/2001,PWM,ME,ANE,EN,Towers with Radar,55,101,49,2,207,0,10,98,0,108,55,111,147,2,315,96,0,96,411
08/10/2001,PWM,ME,ANE,EN,Towers with Radar,52,102,49,2,205,0,19,50,0,69,52,121,99,2,274,12,0,12,286
08/11/2001,PWM,ME,ANE,EN,Towers with Radar,51,83,40,1,175,1,5,170,0,176,52,88,210,1,351,152,0,152,503
08/12/2001,PWM,ME,ANE,EN,Towers with Radar,54,82,45,0,181,0,0,28,0,28,54,82,73,0,209,97,0,97,306
08/13/2001,PWM,ME,ANE,EN,Towers with Radar,63,92,71,5,231,0,0,50,0,50,63,92,121,5,281,44,1,45,326
08/14/2001,PWM,ME,ANE,EN,Towers with Radar,64,100,52,0,216,9,0,127,0,136,73,100,179,0,352,168,0,168,520
08/15/2001,PWM,ME,ANE,EN,Towers with Radar,49,99,48,2,198,0,17,161,3,181,49,116,209,5,379,167,6,173,552
08/16/2001,PWM,ME,ANE,EN,Towers with Radar,67,111,45,10,233,0,2,120,3,125,67,113,165,13,358,126,4,130,488
08/17/2001,PWM,ME,ANE,EN,Towers with Radar,57,116,57,0,230,0,0,63,0,63,57,116,120,0,293,51,0,51,344
08/18/2001,PWM,ME,ANE,EN,Towers with Radar,63,78,38,0,179,0,0,120,0,120,63,78,158,0,299,86,0,86,385
08/19/2001,PWM,ME,ANE,EN,Towers with Radar,55,82,44,0,181,0,0,131,0,131,55,82,175,0,312,74,0,74,386
08/20/2001,PWM,ME,ANE,EN,Towers with Radar,61,95,70,0,226,0,0,0,0,0,61,95,70,0,226,0,0,0,226
08/21/2001,PWM,ME,ANE,EN,Towers with Radar,50,105,51,0,206,0,4,11,0,15,50,109,62,0,221,0,0,0,221
08/22/2001,PWM,ME,ANE,EN,Towers with Radar,58,95,47,1,201,10,0,108,0,118,68,95,155,1,319,84,0,84,403
08/23/2001,PWM,ME,ANE,EN,Towers with Radar,61,102,42,9,214,0,0,137,9,146,61,102,179,18,360,91,8,99,459
08/24/2001,PWM,ME,ANE,EN,Towers with Radar,60,100,49,3,212,8,5,137,1,151,68,105,186,4,363,105,0,105,468
08/25/2001,PWM,ME,ANE,EN,Towers with Radar,43,97,35,2,177,0,1,164,0,165,43,98,199,2,342,132,3,135,477
08/26/2001,PWM,ME,ANE,EN,Towers with Radar,61,77,22,0,160,0,2,96,0,98,61,79,118,0,258,76,0,76,334
08/27/2001,PWM,ME,ANE,EN,Towers with Radar,54,98,48,0,200,0,0,50,0,50,54,98,98,0,250,77,0,77,327
08/28/2001,PWM,ME,ANE,EN,Towers with Radar,59,94,48,2,203,16,0,108,6,130,75,94,156,8,333,151,6,157,490
08/29/2001,PWM,ME,ANE,EN,Towers with Radar,60,111,58,0,229,0,0,159,0,159,60,111,217,0,388,118,0,118,506
08/30/2001,PWM,ME,ANE,EN,Towers with Radar,60,96,49,2,207,11,0,134,13,158,71,96,183,15,365,65,8,73,438
08/31/2001,PWM,ME,ANE,EN,Towers with Radar,52,99,63,9,223,0,0,52,0,52,52,99,115,9,275,32,6,38,313
09/01/2001,PWM,ME,ANE,EN,Towers with Radar,41,83,35,2,161,2,0,51,0,53,43,83,86,2,214,73,0,73,287
09/02/2001,PWM,ME,ANE,EN,Towers with Radar,52,59,20,0,131,2,2,113,0,117,54,61,133,0,248,46,0,46,294
09/03/2001,PWM,ME,ANE,EN,Towers with Radar,48,64,26,0,138,1,4,147,1,153,49,68,173,1,291,72,0,72,363
09/04/2001,PWM,ME,ANE,EN,Towers with Radar,52,94,44,17,207,1,1,51,0,53,53,95,95,17,260,24,0,24,284
09/05/2001,PWM,ME,ANE,EN,Towers with Radar,43,67,36,2,148,1,40,91,4,136,44,107,127,6,284,73,0,73,357
09/06/2001,PWM,ME,ANE,EN,Towers with Radar,57,94,42,12,205,1,4,133,0,138,58,98,175,12,343,88,6,94,437
09/07/2001,PWM,ME,ANE,EN,Towers with Radar,43,93,26,0,162,1,6,141,0,148,44,99,167,0,310,152,0,152,462
09/08/2001,PWM,ME,ANE,EN,Towers with Radar,46,72,39,1,158,8,9,79,0,96,54,81,118,1,254,134,1,135,389
09/09/2001,PWM,ME,ANE,EN,Towers with Radar,45,73,45,0,163,1,3,101,0,105,46,76,146,0,268,92,0,92,360
09/10/2001,PWM,ME,ANE,EN,Towers with Radar,62,73,45,7,187,1,0,69,0,70,63,73,114,7,257,32,4,36,293
09/11/2001,PWM,ME,ANE,EN,Towers with Radar,7,24,7,2,40,1,1,19,0,21,8,25,26,2,61,0,0,0,61
09/12/2001,PWM,ME,ANE,EN,Towers with Radar,0,0,2,0,2,0,0,2,0,2,0,0,4,0,4,0,0,0,4
09/13/2001,PWM,ME,ANE,EN,Towers with Radar,5,10,3,1,19,0,0,0,3,3,5,10,3,4,22,0,0,0,22
09/14/2001,PWM,ME,ANE,EN,Towers with Radar,27,35,16,0,78,1,0,0,0,1,28,35,16,0,79,0,0,0,79
09/15/2001,PWM,ME,ANE,EN,Towers with Radar,32,56,44,0,132,1,0,0,0,1,33,56,44,0,133,0,0,0,133
09/16/2001,PWM,ME,ANE,EN,Towers with Radar,49,41,41,0,131,1,1,0,0,2,50,42,41,0,133,0,0,0,133
09/17/2001,PWM,ME,ANE,EN,Towers with Radar,39,87,73,13,212,1,3,0,0,4,40,90,73,13,216,0,0,0,216
09/18/2001,PWM,ME,ANE,EN,Towers with Radar,66,80,54,4,204,3,0,11,0,14,69,80,65,4,218,0,0,0,218
09/19/2001,PWM,ME,ANE,EN,Towers with Radar,48,113,60,4,225,0,0,2,6,8,48,113,62,10,233,0,6,6,239
09/20/2001,PWM,ME,ANE,EN,Towers with Radar,43,68,36,2,149,11,14,8,7,40,54,82,44,9,189,0,0,0,189
09/21/2001,PWM,ME,ANE,EN,Towers with Radar,48,81,45,0,174,1,0,0,0,1,49,81,45,0,175,0,0,0,175
09/22/2001,PWM,ME,ANE,EN,Towers with Radar,60,40,12,4,116,1,0,8,0,9,61,40,20,4,125,0,0,0,125
09/23/2001,PWM,ME,ANE,EN,Towers with Radar,40,61,36,1,138,1,2,60,1,64,41,63,96,2,202,39,0,39,241
09/24/2001,PWM,ME,ANE,EN,Towers with Radar,41,75,22,1,139,1,0,0,0,1,42,75,22,1,140,8,0,8,148
09/25/2001,PWM,ME,ANE,EN,Towers with Radar,50,94,35,0,179,1,0,0,0,1,51,94,35,0,180,0,0,0,180
09/26/2001,PWM,ME,ANE,EN,Towers with Radar,57,85,51,2,195,0,0,61,0,61,57,85,112,2,256,68,0,68,324
09/27/2001,PWM,ME,ANE,EN,Towers with Radar,47,91,48,3,189,0,0,95,3,98,47,91,143,6,287,97,4,101,388
09/28/2001,PWM,ME,ANE,EN,Towers with Radar,56,81,63,0,200,1,0,1,0,2,57,81,64,0,202,38,0,38,240
09/29/2001,PWM,ME,ANE,EN,Towers with Radar,46,63,26,0,135,1,0,91,0,92,47,63,117,0,227,64,0,64,291
09/30/2001,PWM,ME,ANE,EN,Towers with Radar,45,64,38,0,147,1,1,90,0,92,46,65,128,0,239,48,0,48,287
10/01/2001,PWM,ME,ANE,EN,Towers with Radar,40,110,34,4,188,1,3,82,1,87,41,113,116,5,275,103,0,103,378
10/02/2001,PWM,ME,ANE,EN,Towers with Radar,48,97,44,2,191,1,7,72,0,80,49,104,116,2,271,111,0,111,382
10/03/2001,PWM,ME,ANE,EN,Towers with Radar,41,98,45,7,191,0,2,106,18,126,41,100,151,25,317,72,0,72,389
10/04/2001,PWM,ME,ANE,EN,Towers with Radar,50,89,40,0,179,6,0,76,0,82,56,89,116,0,261,78,0,78,339
10/05/2001,PWM,ME,ANE,EN,Towers with Radar,41,104,35,1,181,1,3,56,0,60,42,107,91,1,241,108,0,108,349
10/06/2001,PWM,ME,ANE,EN,Towers with Radar,58,62,14,0,134,0,1,5,0,6,58,63,19,0,140,4,0,4,144
10/07/2001,PWM,ME,ANE,EN,Towers with Radar,30,53,24,0,107,9,15,72,0,96,39,68,96,0,203,56,0,56,259
10/08/2001,PWM,ME,ANE,EN,Towers with Radar,44,74,33,0,151,0,1,52,0,53,44,75,85,0,204,26,0,26,230
10/09/2001,PWM,ME,ANE,EN,Towers with Radar,48,90,70,2,210,0,4,92,0,96,48,94,162,2,306,116,0,116,422
10/10/2001,PWM,ME,ANE,EN,Towers with Radar,47,79,50,21,197,0,5,108,3,116,47,84,158,24,313,91,0,91,404
10/11/2001,PWM,ME,ANE,EN,Towers with Radar,56,87,53,5,201,0,3,96,6,105,56,90,149,11,306,86,2,88,394
10/12/2001,PWM,ME,ANE,EN,Towers with Radar,43,91,46,20,200,0,5,59,5,69,43,96,105,25,269,100,0,100,369
10/13/2001,PWM,ME,ANE,EN,Towers with Radar,36,65,29,0,130,2,5,0,0,7,38,70,29,0,137,0,0,0,137
10/14/2001,PWM,ME,ANE,EN,Towers with Radar,42,60,34,5,141,3,0,11,0,14,45,60,45,5,155,0,0,0,155
10/15/2001,PWM,ME,ANE,EN,Towers with Radar,39,97,34,0,170,0,2,31,0,33,39,99,65,0,203,0,0,0,203
10/16/2001,PWM,ME,ANE,EN,Towers with Radar,43,90,41,3,177,0,10,102,0,112,43,100,143,3,289,124,0,124,413
10/17/2001,PWM,ME,ANE,EN,Towers with Radar,46,85,42,6,179,0,0,9,6,15,46,85,51,12,194,0,0,0,194
10/18/2001,PWM,ME,ANE,EN,Towers with Radar,40,88,41,3,172,0,6,48,4,58,40,94,89,7,230,62,0,62,292
10/19/2001,PWM,ME,ANE,EN,Towers with Radar,46,86,24,3,159,0,2,91,2,95,46,88,115,5,254,96,0,96,350
10/20/2001,PWM,ME,ANE,EN,Towers with Radar,39,61,20,0,120,0,5,74,0,79,39,66,94,0,199,89,0,89,288
10/21/2001,PWM,ME,ANE,EN,Towers with Radar,35,62,29,4,130,2,1,94,2,99,37,63,123,6,229,79,6,85,314
10/22/2001,PWM,ME,ANE,EN,Towers with Radar,42,74,34,4,154,2,6,82,2,92,44,80,116,6,246,48,0,48,294
10/23/2001,PWM,ME,ANE,EN,Towers with Radar,51,75,50,13,189,0,2,50,4,56,51,77,100,17,245,29,4,33,278
10/24/2001,PWM,ME,ANE,EN,Towers with Radar,37,86,39,5,167,0,5,32,10,47,37,91,71,15,214,49,0,49,263
10/25/2001,PWM,ME,ANE,EN,Towers with Radar,58,89,31,5,183,0,1,1,0,2,58,90,32,5,185,0,0,0,185
10/26/2001,PWM,ME,ANE,EN,Towers with Radar,42,82,44,7,175,0,2,69,0,71,42,84,113,7,246,43,0,43,289
10/27/2001,PWM,ME,ANE,EN,Towers with Radar,37,64,13,1,115,0,4,63,0,67,37,68,76,1,182,62,0,62,244
10/28/2001,PWM,ME,ANE,EN,Towers with Radar,34,48,27,0,109,15,0,100,0,115,49,48,127,0,224,83,0,83,307
10/29/2001,PWM,ME,ANE,EN,Towers with Radar,51,80,33,5,169,0,9,95,4,108,51,89,128,9,277,116,2,118,395
10/30/2001,PWM,ME,ANE,EN,Towers with Radar,41,76,35,1,153,0,5,60,0,65,41,81,95,1,218,94,0,94,312
10/31/2001,PWM,ME,ANE,EN,Towers with Radar,49,85,41,5,180,0,0,47,8,55,49,85,88,13,235,70,0,70,305
11/01/2001,PWM,ME,ANE,EN,Towers with Radar,31,95,37,6,169,1,0,0,1,2,32,95,37,7,171,0,0,0,171
11/02/2001,PWM,ME,ANE,EN,Towers with Radar,34,90,42,0,166,1,0,32,0,33,35,90,74,0,199,79,0,79,278
11/03/2001,PWM,ME,ANE,EN,Towers with Radar,30,68,31,0,129,1,0,62,1,64,31,68,93,1,193,92,0,92,285
11/04/2001,PWM,ME,ANE,EN,Towers with Radar,42,57,42,7,148,1,0,68,1,70,43,57,110,8,218,94,4,98,316
11/05/2001,PWM,ME,ANE,EN,Towers with Radar,38,76,33,0,147,5,3,2,0,10,43,79,35,0,157,0,0,0,157
11/06/2001,PWM,ME,ANE,EN,Towers with Radar,41,83,35,6,165,2,9,28,0,39,43,92,63,6,204,2,0,2,206
11/07/2001,PWM,ME,ANE,EN,Towers with Radar,56,65,17,30,168,1,5,41,3,50,57,70,58,33,218,68,26,94,312
11/08/2001,PWM,ME,ANE,EN,Towers with Radar,48,80,50,2,180,1,2,81,3,87,49,82,131,5,267,148,0,148,415
11/09/2001,PWM,ME,ANE,EN,Towers with Radar,41,83,36,1,161,6,7,17,0,30,47,90,53,1,191,14,0,14,205
11/10/2001,PWM,ME,ANE,EN,Towers with Radar,26,52,22,3,103,10,11,42,7,70,36,63,64,10,173,119,0,119,292
11/11/2001,PWM,ME,ANE,EN,Towers with Radar,30,64,26,2,122,1,0,31,1,33,31,64,57,3,155,29,15,44,199
11/12/2001,PWM,ME,ANE,EN,Towers with Radar,50,60,35,0,145,1,0,60,0,61,51,60,95,0,206,70,0,70,276
11/13/2001,PWM,ME,ANE,EN,Towers with Radar,46,82,39,7,174,1,0,103,0,104,47,82,142,7,278,90,4,94,372
11/14/2001,PWM,ME,ANE,EN,Towers with Radar,40,91,39,2,172,0,2,94,0,96,40,93,133,2,268,89,0,89,357
11/15/2001,PWM,ME,ANE,EN,Towers with Radar,51,82,39,1,173,1,4,85,2,92,52,86,124,3,265,140,0,140,405
11/16/2001,PWM,ME,ANE,EN,Towers with Radar,39,85,36,0,160,0,13,38,0,51,39,98,74,0,211,78,0,78,289
11/17/2001,PWM,ME,ANE,EN,Towers with Radar,37,81,31,25,174,0,3,100,3,106,37,84,131,28,280,109,10,119,399
11/18/2001,PWM,ME,ANE,EN,Towers with Radar,33,70,29,0,132,0,13,123,0,136,33,83,152,0,268,102,0,102,370
11/19/2001,PWM,ME,ANE,EN,Towers with Radar,37,91,43,20,191,0,0,88,1,89,37,91,131,21,280,31,0,31,311
11/20/2001,PWM,ME,ANE,EN,Towers with Radar,38,91,38,8,175,0,2,20,25,47,38,93,58,33,222,50,0,50,272
11/21/2001,PWM,ME,ANE,EN,Towers with Radar,41,90,23,2,156,0,1,102,0,103,41,91,125,2,259,56,0,56,315
11/22/2001,PWM,ME,ANE,EN,Towers with Radar,26,37,10,0,73,0,0,19,0,19,26,37,29,0,92,18,0,18,110
11/23/2001,PWM,ME,ANE,EN,Towers with Radar,28,51,23,0,102,1,0,68,0,69,29,51,91,0,171,56,0,56,227
11/24/2001,PWM,ME,ANE,EN,Towers with Radar,32,57,20,0,109,0,0,1,0,1,32,57,21,0,110,0,0,0,110
11/25/2001,PWM,ME,ANE,EN,Towers with Radar,32,62,29,0,123,0,0,16,0,16,32,62,45,0,139,28,0,28,167
11/26/2001,PWM,ME,ANE,EN,Towers with Radar,43,86,37,7,173,0,0,7,0,7,43,86,44,7,180,31,0,31,211
11/27/2001,PWM,ME,ANE,EN,Towers with Radar,53,86,44,9,192,1,0,45,7,53,54,86,89,16,245,76,12,88,333
11/28/2001,PWM,ME,ANE,EN,Towers with Radar,41,99,60,29,229,0,0,8,2,10,41,99,68,31,239,18,0,18,257
11/29/2001,PWM,ME,ANE,EN,Towers with Radar,29,76,32,3,140,0,14,8,0,22,29,90,40,3,162,0,0,0,162
11/30/2001,PWM,ME,ANE,EN,Towers with Radar,45,91,27,1,164,0,0,1,0,1,45,91,28,1,165,0,0,0,165
12/01/2001,PWM,ME,ANE,EN,Towers with Radar,42,71,37,0,150,0,0,50,0,50,42,71,87,0,200,52,0,52,252
12/02/2001,PWM,ME,ANE,EN,Towers with Radar,31,64,22,2,119,0,0,100,3,103,31,64,122,5,222,118,0,118,340
12/03/2001,PWM,ME,ANE,EN,Towers with Radar,41,82,32,19,174,0,0,71,3,74,41,82,103,22,248,67,0,67,315
12/04/2001,PWM,ME,ANE,EN,Towers with Radar,32,99,30,17,178,0,1,83,4,88,32,100,113,21,266,97,0,97,363
12/05/2001,PWM,ME,ANE,EN,Towers with Radar,38,89,34,17,178,0,0,89,4,93,38,89,123,21,271,129,0,129,400
12/06/2001,PWM,ME,ANE,EN,Towers with Radar,49,78,25,20,172,0,0,37,2,39,49,78,62,22,211,48,4,52,263
12/07/2001,PWM,ME,ANE,EN,Towers with Radar,51,86,28,0,165,0,4,90,4,98,51,90,118,4,263,68,0,68,331
12/08/2001,PWM,ME,ANE,EN,Towers with Radar,36,60,18,0,114,3,0,94,0,97,39,60,112,0,211,84,0,84,295
12/09/2001,PWM,ME,ANE,EN,Towers with Radar,47,44,5,0,96,0,0,7,0,7,47,44,12,0,103,0,0,0,103
12/10/2001,PWM,ME,ANE,EN,Towers with Radar,34,91,28,2,155,0,9,95,0,104,34,100,123,2,259,81,0,81,340
12/11/2001,PWM,ME,ANE,EN,Towers with Radar,64,88,33,4,189,17,0,60,4,81,81,88,93,8,270,24,0,24,294
12/12/2001,PWM,ME,ANE,EN,Towers with Radar,37,93,28,0,158,0,1,58,4,63,37,94,86,4,221,31,0,31,252
12/13/2001,PWM,ME,ANE,EN,Towers with Radar,48,82,27,1,158,0,0,5,0,5,48,82,32,1,163,0,0,0,163
12/14/2001,PWM,ME,ANE,EN,Towers with Radar,50,99,23,2,174,0,1,30,1,32,50,100,53,3,206,38,6,44,250
12/15/2001,PWM,ME,ANE,EN,Towers with Radar,36,72,13,0,121,0,0,18,0,18,36,72,31,0,139,11,0,11,150
12/16/2001,PWM,ME,ANE,EN,Towers with Radar,27,61,22,0,110,0,2,72,0,74,27,63,94,0,184,82,0,82,266
12/17/2001,PWM,ME,ANE,EN,Towers with Radar,43,77,23,2,145,0,11,0,0,11,43,88,23,2,156,50,0,50,206
12/18/2001,PWM,ME,ANE,EN,Towers with Radar,44,89,35,0,168,0,0,0,0,0,44,89,35,0,168,4,0,4,172
12/19/2001,PWM,ME,ANE,EN,Towers with Radar,43,98,55,3,199,0,0,72,5,77,43,98,127,8,276,47,0,47,323
12/20/2001,PWM,ME,ANE,EN,Towers with Radar,52,86,27,0,165,0,0,0,0,0,52,86,27,0,165,0,0,0,165
12/21/2001,PWM,ME,ANE,EN,Towers with Radar,56,86,31,0,173,0,0,22,0,22,56,86,53,0,195,80,0,80,275
12/22/2001,PWM,ME,ANE,EN,Towers with Radar,54,50,20,0,124,0,0,53,0,53,54,50,73,0,177,35,0,35,212
12/23/2001,PWM,ME,ANE,EN,Towers with Radar,29,49,16,0,94,14,0,80,0,94,43,49,96,0,188,44,0,44,232
12/24/2001,PWM,ME,ANE,EN,Towers with Radar,34,74,7,0,115,0,0,0,0,0,34,74,7,0,115,0,0,0,115
12/25/2001,PWM,ME,ANE,EN,Towers with Radar,18,32,9,0,59,11,9,0,0,20,29,41,9,0,79,0,0,0,79
12/26/2001,PWM,ME,ANE,EN,Towers with Radar,30,81,26,0,137,0,12,62,0,74,30,93,88,0,211,54,0,54,265
12/27/2001,PWM,ME,ANE,EN,Towers with Radar,60,71,29,5,165,0,0,63,1,64,60,71,92,6,229,78,2,80,309
12/28/2001,PWM,ME,ANE,EN,Towers with Radar,63,62,15,0,140,0,0,65,0,65,63,62,80,0,205,42,0,42,247
12/29/2001,PWM,ME,ANE,EN,Towers with Radar,50,58,11,0,119,0,0,39,0,39,50,58,50,0,158,82,0,82,240
12/30/2001,PWM,ME,ANE,EN,Towers with Radar,35,65,8,0,108,0,0,55,0,55,35,65,63,0,163,56,1,57,220
12/31/2001,PWM,ME,ANE,EN,Towers with Radar,30,52,17,1,100,9,1,56,1,67,39,53,73,2,167,54,0,54,221
01/01/2002,PWM,ME,ANE,EN,Towers with Radar,42,37,21,0,100,1,0,21,0,22,43,37,42,0,122,10,0,10,132
01/02/2002,PWM,ME,ANE,EN,Towers with Radar,30,78,27,1,136,1,4,64,3,72,31,82,91,4,208,109,0,109,317
01/03/2002,PWM,ME,ANE,EN,Towers with Radar,40,81,21,20,162,1,0,86,3,90,41,81,107,23,252,132,16,148,400
01/04/2002,PWM,ME,ANE,EN,Towers with Radar,34,73,29,3,139,0,20,62,4,86,34,93,91,7,225,50,8,58,283
01/05/2002,PWM,ME,ANE,EN,Towers with Radar,34,59,30,4,127,1,0,107,0,108,35,59,137,4,235,122,4,126,361
01/06/2002,PWM,ME,ANE,EN,Towers with Radar,41,50,17,0,108,1,0,48,0,49,42,50,65,0,157,96,0,96,253
01/07/2002,PWM,ME,ANE,EN,Towers with Radar,29,79,10,0,118,1,0,5,0,6,30,79,15,0,124,0,0,0,124
01/08/2002,PWM,ME,ANE,EN,Towers with Radar,35,81,28,4,148,1,1,66,1,69,36,82,94,5,217,50,0,50,267
01/09/2002,PWM,ME,ANE,EN,Towers with Radar,43,82,32,2,159,1,0,18,0,19,44,82,50,2,178,2,0,2,180
01/10/2002,PWM,ME,ANE,EN,Towers with Radar,47,77,23,10,157,1,2,69,1,73,48,79,92,11,230,72,10,82,312
01/11/2002,PWM,ME,ANE,EN,Towers with Radar,45,85,17,0,147,1,1,31,0,33,46,86,48,0,180,18,0,18,198
01/12/2002,PWM,ME,ANE,EN,Towers with Radar,29,64,17,0,110,1,1,67,0,69,30,65,84,0,179,120,0,120,299
01/13/2002,PWM,ME,ANE,EN,Towers with Radar,34,40,5,0,79,0,0,1,0,1,34,40,6,0,80,0,0,0,80
01/14/2002,PWM,ME,ANE,EN,Towers with Radar,38,83,29,0,150,0,4,40,0,44,38,87,69,0,194,22,0,22,216
01/15/2002,PWM,ME,ANE,EN,Towers with Radar,38,74,19,1,132,0,0,1,0,1,38,74,20,1,133,0,0,0,133
01/16/2002,PWM,ME,ANE,EN,Towers with Radar,43,70,24,3,140,0,2,52,1,55,43,72,76,4,195,14,3,17,212
01/17/2002,PWM,ME,ANE,EN,Towers with Radar,38,98,29,0,165,0,0,10,0,10,38,98,39,0,175,8,0,8,183
01/18/2002,PWM,ME,ANE,EN,Towers with Radar,40,76,29,3,148,0,10,37,13,60,40,86,66,16,208,42,0,42,250
01/19/2002,PWM,ME,ANE,EN,Towers with Radar,33,47,15,0,95,0,0,49,0,49,33,47,64,0,144,124,0,124,268
01/20/2002,PWM,ME,ANE,EN,Towers with Radar,23,42,16,0,81,14,0,54,0,68,37,42,70,0,149,62,0,62,211
01/21/2002,PWM,ME,ANE,EN,Towers with Radar,33,74,30,0,137,0,0,22,0,22,33,74,52,0,159,51,0,51,210
01/22/2002,PWM,ME,ANE,EN,Towers with Radar,40,81,20,6,147,0,5,59,1,65,40,86,79,7,212,51,0,51,263
01/23/2002,PWM,ME,ANE,EN,Towers with Radar,42,83,26,8,159,0,1,57,0,58,42,84,83,8,217,41,0,41,258
01/24/2002,PWM,ME,ANE,EN,Towers with Radar,51,75,79,3,208,0,0,2,0,2,51,75,81,3,210,8,0,8,218
01/25/2002,PWM,ME,ANE,EN,Towers with Radar,40,93,24,5,162,0,6,56,7,69,40,99,80,12,231,76,12,88,319
01/26/2002,PWM,ME,ANE,EN,Towers with Radar,38,49,25,1,113,0,2,41,0,43,38,51,66,1,156,15,0,15,171
01/27/2002,PWM,ME,ANE,EN,Towers with Radar,37,57,51,0,145,0,0,11,0,11,37,57,62,0,156,20,1,21,177
01/28/2002,PWM,ME,ANE,EN,Towers with Radar,43,77,33,0,153,0,0,44,0,44,43,77,77,0,197,22,0,22,219
01/29/2002,PWM,ME,ANE,EN,Towers with Radar,59,68,58,13,198,0,1,19,0,20,59,69,77,13,218,66,0,66,284
01/30/2002,PWM,ME,ANE,EN,Towers with Radar,38,82,28,8,156,0,0,3,0,3,38,82,31,8,159,0,0,0,159
01/31/2002,PWM,ME,ANE,EN,Towers with Radar,41,62,43,0,146,0,0,18,0,18,41,62,61,0,164,10,0,10,174
02/01/2002,PWM,ME,ANE,EN,Towers with Radar,22,53,17,1,93,0,16,5,0,21,22,69,22,1,114,0,0,0,114
02/02/2002,PWM,ME,ANE,EN,Towers with Radar,35,72,23,0,130,7,20,24,0,51,42,92,47,0,181,35,0,35,216
02/03/2002,PWM,ME,ANE,EN,Towers with Radar,38,47,9,0,94,2,0,33,0,35,40,47,42,0,129,95,0,95,224
02/04/2002,PWM,ME,ANE,EN,Towers with Radar,45,81,41,5,172,2,0,34,0,36,47,81,75,5,208,59,0,59,267
02/05/2002,PWM,ME,ANE,EN,Towers with Radar,51,82,13,0,146,2,1,59,0,62,53,83,72,0,208,105,0,105,313
02/06/2002,PWM,ME,ANE,EN,Towers with Radar,42,81,18,13,154,2,5,64,4,75,44,86,82,17,229,87,6,93,322
02/07/2002,PWM,ME,ANE,EN,Towers with Radar,46,76,36,0,158,2,0,66,0,68,48,76,102,0,226,90,0,90,316
02/08/2002,PWM,ME,ANE,EN,Towers with Radar,44,82,29,3,158,0,0,29,14,43,44,82,58,17,201,52,0,52,253
02/09/2002,PWM,ME,ANE,EN,Towers with Radar,33,57,20,3,113,2,0,122,9,133,35,57,142,12,246,140,0,140,386
02/10/2002,PWM,ME,ANE,EN,Towers with Radar,38,56,19,0,113,2,0,17,0,19,40,56,36,0,132,26,0,26,158
02/11/2002,PWM,ME,ANE,EN,Towers with Radar,37,76,28,0,141,2,0,11,0,13,39,76,39,0,154,8,0,8,162
02/12/2002,PWM,ME,ANE,EN,Towers with Radar,50,78,21,1,150,2,1,46,3,52,52,79,67,4,202,20,0,20,222
02/13/2002,PWM,ME,ANE,EN,Towers with Radar,35,90,20,3,148,2,0,30,0,32,37,90,50,3,180,16,0,16,196
02/14/2002,PWM,ME,ANE,EN,Towers with Radar,51,79,28,1,159,2,0,74,0,76,53,79,102,1,235,74,0,74,309
02/15/2002,PWM,ME,ANE,EN,Towers with Radar,33,125,38,4,200,0,57,70,1,128,33,182,108,5,328,100,0,100,428
02/16/2002,PWM,ME,ANE,EN,Towers with Radar,44,52,33,0,129,2,0,74,0,76,46,52,107,0,205,116,0,116,321
02/17/2002,PWM,ME,ANE,EN,Towers with Radar,44,54,11,0,109,2,0,7,0,9,46,54,18,0,118,22,0,22,140
02/18/2002,PWM,ME,ANE,EN,Towers with Radar,47,63,22,2,134,2,0,40,1,43,49,63,62,3,177,8,0,8,185
02/19/2002,PWM,ME,ANE,EN,Towers with Radar,26,97,17,0,140,2,0,84,0,86,28,97,101,0,226,104,0,104,330
02/20/2002,PWM,ME,ANE,EN,Towers with Radar,46,86,28,2,162,3,0,17,3,23,49,86,45,5,185,51,0,51,236
02/21/2002,PWM,ME,ANE,EN,Towers with Radar,29,53,28,0,110,2,0,0,0,2,31,53,28,0,112,0,0,0,112
02/22/2002,PWM,ME,ANE,EN,Towers with Radar,29,99,31,2,161,0,0,36,0,36,29,99,67,2,197,72,0,72,269
02/23/2002,PWM,ME,ANE,EN,Towers with Radar,31,58,22,0,111,2,0,90,2,94,33,58,112,2,205,94,0,94,299
02/24/2002,PWM,ME,ANE,EN,Towers with Radar,39,59,17,0,115,2,0,90,0,92,41,59,107,0,207,62,0,62,269
02/25/2002,PWM,ME,ANE,EN,Towers with Radar,32,65,21,1,119,9,8,56,2,75,41,73,77,3,194,32,0,32,226
02/26/2002,PWM,ME,ANE,EN,Towers with Radar,43,88,30,5,166,2,0,0,0,2,45,88,30,5,168,0,0,0,168
02/27/2002,PWM,ME,ANE,EN,Towers with Radar,48,80,23,0,151,1,0,3,0,4,49,80,26,0,155,10,0,10,165
02/28/2002,PWM,ME,ANE,EN,Towers with Radar,31,93,24,11,159,1,2,26,0,29,32,95,50,11,188,4,14,18,206
03/01/2002,PWM,ME,ANE,EN,Towers with Radar,39,87,37,0,163,1,4,66,7,78,40,91,103,7,241,128,0,128,369
03/02/2002,PWM,ME,ANE,EN,Towers with Radar,34,55,12,0,101,1,2,74,3,80,35,57,86,3,181,126,0,126,307
03/03/2002,PWM,ME,ANE,EN,Towers with Radar,38,56,9,0,103,1,1,0,0,2,39,57,9,0,105,0,0,0,105
03/04/2002,PWM,ME,ANE,EN,Towers with Radar,30,82,34,2,148,0,14,28,17,59,30,96,62,19,207,63,0,63,270
03/05/2002,PWM,ME,ANE,EN,Towers with Radar,35,87,36,2,160,0,21,62,1,84,35,108,98,3,244,69,0,69,313
03/06/2002,PWM,ME,ANE,EN,Towers with Radar,38,16,29,0,83,12,0,64,0,76,50,16,93,0,159,89,0,89,248
03/07/2002,PWM,ME,ANE,EN,Towers with Radar,50,90,34,8,182,1,3,33,1,38,51,93,67,9,220,55,2,57,277
03/08/2002,PWM,ME,ANE,EN,Towers with Radar,36,93,50,11,190,1,5,29,0,35,37,98,79,11,225,87,2,89,314
03/09/2002,PWM,ME,ANE,EN,Towers with Radar,30,56,23,1,110,2,7,0,1,10,32,63,23,2,120,6,0,6,126
03/10/2002,PWM,ME,ANE,EN,Towers with Radar,49,56,9,0,114,1,1,4,0,6,50,57,13,0,120,2,0,2,122
03/11/2002,PWM,ME,ANE,EN,Towers with Radar,47,74,27,7,155,1,3,48,0,52,48,77,75,7,207,73,0,73,280
03/12/2002,PWM,ME,ANE,EN,Towers with Radar,50,81,52,0,183,1,2,15,1,19,51,83,67,1,202,0,0,0,202
03/13/2002,PWM,ME,ANE,EN,Towers with Radar,51,83,40,0,174,0,0,28,0,28,51,83,68,0,202,17,0,17,219
03/14/2002,PWM,ME,ANE,EN,Towers with Radar,46,87,40,3,176,0,0,120,11,131,46,87,160,14,307,131,0,131,438
03/15/2002,PWM,ME,ANE,EN,Towers with Radar,38,93,25,0,156,1,1,16,0,18,39,94,41,0,174,16,0,16,190
03/16/2002,PWM,ME,ANE,EN,Towers with Radar,36,64,17,0,117,1,2,3,0,6,37,66,20,0,123,0,0,0,123
03/17/2002,PWM,ME,ANE,EN,Towers with Radar,49,49,34,0,132,1,3,96,1,101,50,52,130,1,233,100,0,100,333
03/18/2002,PWM,ME,ANE,EN,Towers with Radar,36,87,18,0,141,1,1,53,0,55,37,88,71,0,196,51,0,51,247
03/19/2002,PWM,ME,ANE,EN,Towers with Radar,33,95,31,3,162,1,8,10,0,19,34,103,41,3,181,6,6,12,193
03/20/2002,PWM,ME,ANE,EN,Towers with Radar,42,97,21,0,160,0,4,19,0,23,42,101,40,0,183,82,0,82,265
03/21/2002,PWM,ME,ANE,EN,Towers with Radar,60,83,67,5,215,0,6,89,0,95,60,89,156,5,310,75,0,75,385
03/22/2002,PWM,ME,ANE,EN,Towers with Radar,30,95,24,0,149,0,2,20,0,22,30,97,44,0,171,0,0,0,171
03/23/2002,PWM,ME,ANE,EN,Towers with Radar,50,45,31,1,127,0,5,51,2,58,50,50,82,3,185,38,0,38,223
03/24/2002,PWM,ME,ANE,EN,Towers with Radar,29,51,21,2,103,12,13,42,0,67,41,64,63,2,170,48,0,48,218
03/25/2002,PWM,ME,ANE,EN,Towers with Radar,42,74,30,0,146,10,12,101,0,123,52,86,131,0,269,98,0,98,367
03/26/2002,PWM,ME,ANE,EN,Towers with Radar,32,84,32,2,150,0,2,32,4,38,32,86,64,6,188,39,0,39,227
03/27/2002,PWM,ME,ANE,EN,Towers with Radar,50,80,29,6,165,0,4,22,0,26,50,84,51,6,191,38,4,42,233
03/28/2002,PWM,ME,ANE,EN,Towers with Radar,37,89,36,4,166,0,5,137,1,143,37,94,173,5,309,137,8,145,454
03/29/2002,PWM,ME,ANE,EN,Towers with Radar,36,91,25,10,162,0,7,109,1,117,36,98,134,11,279,92,6,98,377
03/30/2002,PWM,ME,ANE,EN,Towers with Radar,41,65,35,0,141,0,3,22,0,25,41,68,57,0,166,20,0,20,186
03/31/2002,PWM,ME,ANE,EN,Towers with Radar,38,61,23,0,122,0,4,57,0,61,38,65,80,0,183,97,0,97,280
04/01/2002,PWM,ME,ANE,EN,Towers with Radar,52,76,32,0,160,0,0,2,0,2,52,76,34,0,162,16,0,16,178
04/02/2002,PWM,ME,ANE,EN,Towers with Radar,43,101,51,2,197,0,0,100,0,100,43,101,151,2,297,93,0,93,390
04/03/2002,PWM,ME,ANE,EN,Towers with Radar,51,88,22,1,162,0,0,9,0,9,51,88,31,1,171,68,0,68,239
04/04/2002,PWM,ME,ANE,EN,Towers with Radar,42,90,28,8,168,0,4,78,0,82,42,94,106,8,250,68,2,70,320
04/05/2002,PWM,ME,ANE,EN,Towers with Radar,45,91,39,7,182,0,3,97,0,100,45,94,136,7,282,105,0,105,387
04/06/2002,PWM,ME,ANE,EN,Towers with Radar,29,55,24,2,110,0,17,78,0,95,29,72,102,2,205,40,0,40,245
04/07/2002,PWM,ME,ANE,EN,Towers with Radar,28,50,21,0,99,18,5,110,0,133,46,55,131,0,232,63,0,63,295
04/08/2002,PWM,ME,ANE,EN,Towers with Radar,37,84,31,0,152,0,0,35,0,35,37,84,66,0,187,35,0,35,222
04/09/2002,PWM,ME,ANE,EN,Towers with Radar,42,89,17,1,149,0,0,11,0,11,42,89,28,1,160,46,0,46,206
04/10/2002,PWM,ME,ANE,EN,Towers with Radar,41,102,28,5,176,0,13,86,0,99,41,115,114,5,275,94,2,96,371
04/11/2002,PWM,ME,ANE,EN,Towers with Radar,46,88,29,1,164,0,6,98,3,107,46,94,127,4,271,192,1,193,464
04/12/2002,PWM,ME,ANE,EN,Towers with Radar,47,81,37,0,165,4,0,38,0,42,51,81,75,0,207,62,0,62,269
04/13/2002,PWM,ME,ANE,EN,Towers with Radar,65,40,24,2,131,0,0,28,0,28,65,40,52,2,159,34,0,34,193
04/14/2002,PWM,ME,ANE,EN,Towers with Radar,44,64,24,0,132,0,0,27,0,27,44,64,51,0,159,111,0,111,270
04/15/2002,PWM,ME,ANE,EN,Towers with Radar,44,77,40,0,161,0,1,19,0,20,44,78,59,0,181,34,0,34,215
04/16/2002,PWM,ME,ANE,EN,Towers with Radar,52,86,47,0,185,0,1,58,0,59,52,87,105,0,244,104,0,104,348
04/17/2002,PWM,ME,ANE,EN,Towers with Radar,43,106,39,0,188,0,0,38,0,38,43,106,77,0,226,57,0,57,283
04/18/2002,PWM,ME,ANE,EN,Towers with Radar,37,102,67,4,210,0,0,2,0,2,37,102,69,4,212,0,0,0,212
04/19/2002,PWM,ME,ANE,EN,Towers with Radar,47,78,49,0,174,0,0,1,0,1,47,78,50,0,175,0,0,0,175
04/20/2002,PWM,ME,ANE,EN,Towers with Radar,28,71,37,0,136,0,0,99,0,99,28,71,136,0,235,177,0,177,412
04/21/2002,PWM,ME,ANE,EN,Towers with Radar,48,58,23,0,129,0,0,58,1,59,48,58,81,1,188,92,0,92,280
04/22/2002,PWM,ME,ANE,EN,Towers with Radar,51,71,42,9,173,0,0,27,1,28,51,71,69,10,201,60,0,60,261
04/23/2002,PWM,ME,ANE,EN,Towers with Radar,42,94,48,34,218,0,0,49,4,53,42,94,97,38,271,72,0,72,343
04/24/2002,PWM,ME,ANE,EN,Towers with Radar,48,83,40,0,171,0,2,108,4,114,48,85,148,4,285,131,0,131,416
04/25/2002,PWM,ME,ANE,EN,Towers with Radar,40,98,36,0,174,0,5,42,1,48,40,103,78,1,222,70,2,72,294
04/26/2002,PWM,ME,ANE,EN,Towers with Radar,38,88,43,0,169,0,2,23,0,25,38,90,66,0,194,4,0,4,198
04/27/2002,PWM,ME,ANE,EN,Towers with Radar,32,67,30,0,129,0,6,96,0,102,32,73,126,0,231,84,2,86,317
04/28/2002,PWM,ME,ANE,EN,Towers with Radar,33,58,12,0,103,0,0,7,0,7,33,58,19,0,110,35,0,35,145
04/29/2002,PWM,ME,ANE,EN,Towers with Radar,59,71,48,10,188,0,0,2,3,5,59,71,50,13,193,2,6,8,201
04/30/2002,PWM,ME,ANE,EN,Towers with Radar,30,103,69,4,206,0,2,53,1,56,30,105,122,5,262,81,0,81,343
05/01/2002,PWM,ME,ANE,EN,Towers with Radar,45,72,31,2,150,19,0,82,0,101,64,72,113,2,251,88,0,88,339
05/02/2002,PWM,ME,ANE,EN,Towers with Radar,41,92,41,14,188,0,0,4,0,4,41,92,45,14,192,0,0,0,192
05/03/2002,PWM,ME,ANE,EN,Towers with Radar,52,80,19,7,158,0,0,14,0,14,52,80,33,7,172,15,0,15,187
05/04/2002,PWM,ME,ANE,EN,Towers with Radar,47,64,29,6,146,0,3,65,1,69,47,67,94,7,215,32,4,36,251
05/05/2002,PWM,ME,ANE,EN,Towers with Radar,36,78,26,2,142,0,2,163,0,165,36,80,189,2,307,159,0,159,466
05/06/2002,PWM,ME,ANE,EN,Towers with Radar,31,87,23,3,144,0,0,62,0,62,31,87,85,3,206,51,0,51,257
05/07/2002,PWM,ME,ANE,EN,Towers with Radar,42,83,31,5,161,0,9,56,0,65,42,92,87,5,226,50,0,50,276
05/08/2002,PWM,ME,ANE,EN,Towers with Radar,47,82,35,5,169,11,0,58,35,104,58,82,93,40,273,140,0,140,413
05/09/2002,PWM,ME,ANE,EN,Towers with Radar,38,91,41,16,186,0,5,40,1,46,38,96,81,17,232,108,0,108,340
05/10/2002,PWM,ME,ANE,EN,Towers with Radar,43,85,32,0,160,0,1,52,0,53,43,86,84,0,213,48,0,48,261
05/11/2002,PWM,ME,ANE,EN,Towers with Radar,27,77,9,0,113,0,5,53,0,58,27,82,62,0,171,30,0,30,201
05/12/2002,PWM,ME,ANE,EN,Towers with Radar,57,45,11,0,113,0,1,43,0,44,57,46,54,0,157,183,0,183,340
05/13/2002,PWM,ME,ANE,EN,Towers with Radar,35,91,24,0,150,0,0,1,0,1,35,91,25,0,151,0,0,0,151
05/14/2002,PWM,ME,ANE,EN,Towers with Radar,43,93,45,4,185,0,1,23,0,24,43,94,68,4,209,26,16,42,251
05/15/2002,PWM,ME,ANE,EN,Towers with Radar,35,93,38,0,166,0,1,26,0,27,35,94,64,0,193,12,0,12,205
05/16/2002,PWM,ME,ANE,EN,Towers with Radar,35,91,37,6,169,0,21,93,4,118,35,112,130,10,287,132,12,144,431
05/17/2002,PWM,ME,ANE,EN,Towers with Radar,52,83,44,0,179,0,2,58,0,60,52,85,102,0,239,114,0,114,353
05/18/2002,PWM,ME,ANE,EN,Towers with Radar,43,67,16,0,126,0,0,4,0,4,43,67,20,0,130,0,0,0,130
05/19/2002,PWM,ME,ANE,EN,Towers with Radar,35,57,26,4,122,10,0,10,70,90,45,57,36,74,212,69,0,69,281
05/20/2002,PWM,ME,ANE,EN,Towers with Radar,31,90,29,1,151,0,3,66,0,69,31,93,95,1,220,121,0,121,341
05/21/2002,PWM,ME,ANE,EN,Towers with Radar,55,76,35,0,166,0,0,65,0,65,55,76,100,0,231,129,0,129,360
05/22/2002,PWM,ME,ANE,EN,Towers with Radar,44,86,35,5,170,0,7,110,1,118,44,93,145,6,288,96,0,96,384
05/23/2002,PWM,ME,ANE,EN,Towers with Radar,50,79,51,14,194,0,6,120,0,126,50,85,171,14,320,45,0,45,365
05/24/2002,PWM,ME,ANE,EN,Towers with Radar,46,94,58,3,201,0,5,111,1,117,46,99,169,4,318,112,0,112,430
05/25/2002,PWM,ME,ANE,EN,Towers with Radar,33,52,24,0,109,15,0,109,0,124,48,52,133,0,233,28,0,28,261
05/26/2002,PWM,ME,ANE,EN,Towers with Radar,46,46,12,0,104,0,0,21,0,21,46,46,33,0,125,20,0,20,145
05/27/2002,PWM,ME,ANE,EN,Towers with Radar,40,52,34,0,126,0,3,79,0,82,40,55,113,0,208,174,0,174,382
05/28/2002,PWM,ME,ANE,EN,Towers with Radar,28,80,33,5,146,0,8,31,6,45,28,88,64,11,191,120,0,120,311
05/29/2002,PWM,ME,ANE,EN,Towers with Radar,51,86,53,6,196,0,0,13,0,13,51,86,66,6,209,20,0,20,229
05/30/2002,PWM,ME,ANE,EN,Towers with Radar,40,95,62,3,200,0,1,25,0,26,40,96,87,3,226,32,0,32,258
05/31/2002,PWM,ME,ANE,EN,Towers with Radar,42,80,39,0,161,0,5,25,0,30,42,85,64,0,191,20,0,20,211
06/01/2002,PWM,ME,ANE,EN,Towers with Radar,40,54,15,0,109,1,4,72,4,81,41,58,87,4,190,86,2,88,278
06/02/2002,PWM,ME,ANE,EN,Towers with Radar,48,57,15,0,120,1,1,21,0,23,49,58,36,0,143,44,0,44,187
06/03/2002,PWM,ME,ANE,EN,Towers with Radar,33,89,28,0,150,1,2,94,4,101,34,91,122,4,251,137,0,137,388
06/04/2002,PWM,ME,ANE,EN,Towers with Radar,57,62,44,3,166,1,3,114,0,118,58,65,158,3,284,196,0,196,480
06/05/2002,PWM,ME,ANE,EN,Towers with Radar,44,73,35,0,152,1,3,0,0,4,45,76,35,0,156,20,0,20,176
06/06/2002,PWM,ME,ANE,EN,Towers with Radar,34,103,51,0,188,1,3,13,1,18,35,106,64,1,206,4,0,4,210
06/07/2002,PWM,ME,ANE,EN,Towers with Radar,39,86,32,2,159,1,4,89,0,94,40,90,121,2,253,115,0,115,368
06/08/2002,PWM,ME,ANE,EN,Towers with Radar,40,117,20,0,177,1,4,130,0,135,41,121,150,0,312,85,0,85,397
06/09/2002,PWM,ME,ANE,EN,Towers with Radar,47,47,29,11,134,1,1,70,0,72,48,48,99,11,206,88,0,88,294
06/10/2002,PWM,ME,ANE,EN,Towers with Radar,49,68,44,0,161,1,2,113,0,116,50,70,157,0,277,97,0,97,374
06/11/2002,PWM,ME,ANE,EN,Towers with Radar,29,101,58,4,192,1,1,10,0,12,30,102,68,4,204,0,0,0,204
06/12/2002,PWM,ME,ANE,EN,Towers with Radar,48,85,52,1,186,1,1,0,0,2,49,86,52,1,188,0,0,0,188
06/13/2002,PWM,ME,ANE,EN,Towers with Radar,45,89,57,2,193,0,0,50,0,50,45,89,107,2,243,80,0,80,323
06/14/2002,PWM,ME,ANE,EN,Towers with Radar,40,84,34,0,158,1,1,23,0,25,41,85,57,0,183,38,0,38,221
06/15/2002,PWM,ME,ANE,EN,Towers with Radar,31,77,31,0,139,1,2,0,0,3,32,79,31,0,142,0,0,0,142
06/16/2002,PWM,ME,ANE,EN,Towers with Radar,46,64,50,0,160,1,1,0,0,2,47,65,50,0,162,0,0,0,162
06/17/2002,PWM,ME,ANE,EN,Towers with Radar,44,88,46,0,178,1,1,24,0,26,45,89,70,0,204,53,0,53,257
06/18/2002,PWM,ME,ANE,EN,Towers with Radar,36,101,50,9,196,1,4,86,3,94,37,105,136,12,290,84,0,84,374
06/19/2002,PWM,ME,ANE,EN,Towers with Radar,42,89,44,2,177,1,2,100,0,103,43,91,144,2,280,136,0,136,416
06/20/2002,PWM,ME,ANE,EN,Towers with Radar,53,80,43,3,179,1,7,156,1,165,54,87,199,4,344,78,4,82,426
06/21/2002,PWM,ME,ANE,EN,Towers with Radar,33,103,45,1,182,1,4,101,3,109,34,107,146,4,291,91,0,91,382
06/22/2002,PWM,ME,ANE,EN,Towers with Radar,48,71,20,0,139,1,1,9,0,11,49,72,29,0,150,2,0,2,152
06/23/2002,PWM,ME,ANE,EN,Towers with Radar,40,80,52,0,172,0,2,0,0,2,40,82,52,0,174,0,0,0,174
06/24/2002,PWM,ME,ANE,EN,Towers with Radar,41,93,44,1,179,0,6,76,5,87,41,99,120,6,266,41,0,41,307
06/25/2002,PWM,ME,ANE,EN,Towers with Radar,45,99,47,2,193,0,6,128,0,134,45,105,175,2,327,93,0,93,420
06/26/2002,PWM,ME,ANE,EN,Towers with Radar,37,118,47,1,203,0,3,43,1,47,37,121,90,2,250,83,0,83,333
06/27/2002,PWM,ME,ANE,EN,Towers with Radar,43,88,34,4,169,0,5,40,0,45,43,93,74,4,214,33,4,37,251
06/28/2002,PWM,ME,ANE,EN,Towers with Radar,48,99,51,10,208,0,8,67,1,76,48,107,118,11,284,54,0,54,338
06/29/2002,PWM,ME,ANE,EN,Towers with Radar,32,90,20,0,142,0,2,113,1,116,32,92,133,1,258,109,0,109,367
06/30/2002,PWM,ME,ANE,EN,Towers with Radar,49,64,42,0,155,0,4,115,0,119,49,68,157,0,274,134,0,134,408
07/01/2002,PWM,ME,ANE,EN,Towers with Radar,41,82,51,3,177,0,4,35,0,39,41,86,86,3,216,73,0,73,289
07/02/2002,PWM,ME,ANE,EN,Towers with Radar,74,73,66,0,213,0,5,48,0,53,74,78,114,0,266,51,0,51,317
07/03/2002,PWM,ME,ANE,EN,Towers with Radar,59,82,58,4,203,14,0,102,2,118,73,82,160,6,321,142,0,142,463
07/04/2002,PWM,ME,ANE,EN,Towers with Radar,42,58,18,1,119,0,4,46,1,51,42,62,64,2,170,28,0,28,198
07/05/2002,PWM,ME,ANE,EN,Towers with Radar,44,64,42,0,150,10,11,102,0,123,54,75,144,0,273,69,0,69,342
07/06/2002,PWM,ME,ANE,EN,Towers with Radar,50,79,37,2,168,0,2,86,4,92,50,81,123,6,260,42,2,44,304
07/07/2002,PWM,ME,ANE,EN,Towers with Radar,54,64,55,2,175,0,2,94,0,96,54,66,149,2,271,99,0,99,370
07/08/2002,PWM,ME,ANE,EN,Towers with Radar,49,75,66,1,191,0,3,56,0,59,49,78,122,1,250,24,0,24,274
07/09/2002,PWM,ME,ANE,EN,Towers with Radar,48,73,46,0,167,7,8,83,0,98,55,81,129,0,265,47,0,47,312
07/10/2002,PWM,ME,ANE,EN,Towers with Radar,54,89,30,0,173,0,4,105,0,109,54,93,135,0,282,123,0,123,405
07/11/2002,PWM,ME,ANE,EN,Towers with Radar,50,75,48,2,175,5,16,107,2,130,55,91,155,4,305,40,0,40,345
07/12/2002,PWM,ME,ANE,EN,Towers with Radar,51,103,53,4,211,0,5,175,2,182,51,108,228,6,393,60,0,60,453
07/13/2002,PWM,ME,ANE,EN,Towers with Radar,39,82,26,9,156,0,2,143,0,145,39,84,169,9,301,161,2,163,464
07/14/2002,PWM,ME,ANE,EN,Towers with Radar,53,67,60,1,181,0,4,151,0,155,53,71,211,1,336,141,0,141,477
07/15/2002,PWM,ME,ANE,EN,Towers with Radar,50,76,28,2,156,0,5,54,2,61,50,81,82,4,217,78,0,78,295
07/16/2002,PWM,ME,ANE,EN,Towers with Radar,54,79,46,8,187,0,4,101,5,110,54,83,147,13,297,136,0,136,433
07/17/2002,PWM,ME,ANE,EN,Towers with Radar,52,73,51,0,176,21,0,54,0,75,73,73,105,0,251,96,0,96,347
07/18/2002,PWM,ME,ANE,EN,Towers with Radar,33,121,85,8,247,0,7,83,0,90,33,128,168,8,337,64,0,64,401
07/19/2002,PWM,ME,ANE,EN,Towers with Radar,32,128,110,1,271,0,3,30,0,33,32,131,140,1,304,38,0,38,342
07/20/2002,PWM,ME,ANE,EN,Towers with Radar,53,93,68,4,218,0,4,72,0,76,53,97,140,4,294,192,8,200,494
07/21/2002,PWM,ME,ANE,EN,Towers with Radar,47,95,79,0,221,0,7,133,0,140,47,102,212,0,361,107,0,107,468
07/22/2002,PWM,ME,ANE,EN,Towers with Radar,53,73,51,2,179,1,0,38,8,47,54,73,89,10,226,102,0,102,328
07/23/2002,PWM,ME,ANE,EN,Towers with Radar,51,71,50,2,174,2,0,25,4,31,53,71,75,6,205,61,0,61,266
07/24/2002,PWM,ME,ANE,EN,Towers with Radar,53,85,59,0,197,0,6,133,0,139,53,91,192,0,336,138,0,138,474
07/25/2002,PWM,ME,ANE,EN,Towers with Radar,47,108,46,0,201,0,9,128,1,138,47,117,174,1,339,175,2,177,516
07/26/2002,PWM,ME,ANE,EN,Towers with Radar,42,122,65,6,235,0,4,135,1,140,42,126,200,7,375,47,0,47,422
07/27/2002,PWM,ME,ANE,EN,Towers with Radar,37,113,48,2,200,0,3,14,0,17,37,116,62,2,217,16,0,16,233
07/28/2002,PWM,ME,ANE,EN,Towers with Radar,62,68,76,3,209,0,1,5,0,6,62,69,81,3,215,4,0,4,219
07/29/2002,PWM,ME,ANE,EN,Towers with Radar,62,70,78,6,216,0,5,54,0,59,62,75,132,6,275,32,0,32,307
07/30/2002,PWM,ME,ANE,EN,Towers with Radar,55,71,54,3,183,8,0,91,7,106,63,71,145,10,289,163,0,163,452
07/31/2002,PWM,ME,ANE,EN,Towers with Radar,50,84,40,2,176,0,5,98,0,103,50,89,138,2,279,117,2,119,398
08/01/2002,PWM,ME,ANE,EN,Towers with Radar,36,174,55,14,279,2,4,92,2,100,38,178,147,16,379,123,0,123,502
08/02/2002,PWM,ME,ANE,EN,Towers with Radar,42,112,59,4,217,0,0,74,1,75,42,112,133,5,292,90,0,90,382
08/03/2002,PWM,ME,ANE,EN,Towers with Radar,40,78,40,1,159,1,0,115,5,121,41,78,155,6,280,110,0,110,390
08/04/2002,PWM,ME,ANE,EN,Towers with Radar,56,59,31,0,146,1,0,150,0,151,57,59,181,0,297,107,0,107,404
08/05/2002,PWM,ME,ANE,EN,Towers with Radar,41,84,55,7,187,1,2,59,3,65,42,86,114,10,252,32,0,32,284
08/06/2002,PWM,ME,ANE,EN,Towers with Radar,57,96,50,3,206,1,1,56,0,58,58,97,106,3,264,35,0,35,299
08/07/2002,PWM,ME,ANE,EN,Towers with Radar,43,102,58,0,203,1,0,118,1,120,44,102,176,1,323,84,0,84,407
08/08/2002,PWM,ME,ANE,EN,Towers with Radar,34,90,44,2,170,0,30,146,0,176,34,120,190,2,346,98,0,98,444
08/09/2002,PWM,ME,ANE,EN,Towers with Radar,31,112,55,2,200,1,7,191,1,200,32,119,246,3,400,191,0,191,591
08/10/2002,PWM,ME,ANE,EN,Towers with Radar,34,99,40,1,174,1,12,154,1,168,35,111,194,2,342,116,0,116,458
08/11/2002,PWM,ME,ANE,EN,Towers with Radar,63,64,28,0,155,1,1,132,0,134,64,65,160,0,289,63,0,63,352
08/12/2002,PWM,ME,ANE,EN,Towers with Radar,54,82,60,0,196,1,9,118,6,134,55,91,178,6,330,51,0,51,381
08/13/2002,PWM,ME,ANE,EN,Towers with Radar,55,85,48,15,203,1,12,84,1,98,56,97,132,16,301,112,0,112,413
08/14/2002,PWM,ME,ANE,EN,Towers with Radar,59,85,63,4,211,1,7,75,3,86,60,92,138,7,297,96,0,96,393
08/15/2002,PWM,ME,ANE,EN,Towers with Radar,48,105,52,0,205,0,4,82,0,86,48,109,134,0,291,45,0,45,336
08/16/2002,PWM,ME,ANE,EN,Towers with Radar,42,107,66,12,227,1,8,77,1,87,43,115,143,13,314,94,22,116,430
08/17/2002,PWM,ME,ANE,EN,Towers with Radar,44,80,35,7,166,1,2,117,0,120,45,82,152,7,286,104,4,108,394
08/18/2002,PWM,ME,ANE,EN,Towers with Radar,61,70,29,0,160,1,5,91,0,97,62,75,120,0,257,110,0,110,367
08/19/2002,PWM,ME,ANE,EN,Towers with Radar,58,76,27,6,167,1,4,118,0,123,59,80,145,6,290,50,0,50,340
08/20/2002,PWM,ME,ANE,EN,Towers with Radar,58,84,28,1,171,1,4,86,2,93,59,88,114,3,264,87,2,89,353
08/21/2002,PWM,ME,ANE,EN,Towers with Radar,41,93,46,4,184,0,13,132,4,149,41,106,178,8,333,116,0,116,449
08/22/2002,PWM,ME,ANE,EN,Towers with Radar,46,90,44,4,184,4,7,111,1,123,50,97,155,5,307,105,2,107,414
08/23/2002,PWM,ME,ANE,EN,Towers with Radar,43,113,47,3,206,1,2,96,0,99,44,115,143,3,305,82,4,86,391
08/24/2002,PWM,ME,ANE,EN,Towers with Radar,35,93,46,0,174,1,2,105,0,108,36,95,151,0,282,48,0,48,330
08/25/2002,PWM,ME,ANE,EN,Towers with Radar,39,71,38,0,148,8,0,139,0,147,47,71,177,0,295,57,0,57,352
08/26/2002,PWM,ME,ANE,EN,Towers with Radar,55,83,28,0,166,0,7,151,4,162,55,90,179,4,328,124,0,124,452
08/27/2002,PWM,ME,ANE,EN,Towers with Radar,57,77,43,0,177,0,0,150,4,154,57,77,193,4,331,67,6,73,404
08/28/2002,PWM,ME,ANE,EN,Towers with Radar,50,84,47,3,184,17,0,90,5,112,67,84,137,8,296,65,0,65,361
08/29/2002,PWM,ME,ANE,EN,Towers with Radar,48,105,53,4,210,0,0,45,10,55,48,105,98,14,265,20,10,30,295
08/30/2002,PWM,ME,ANE,EN,Towers with Radar,36,105,55,0,196,0,5,84,0,89,36,110,139,0,285,77,0,77,362
08/31/2002,PWM,ME,ANE,EN,Towers with Radar,31,58,29,0,118,5,19,96,0,120,36,77,125,0,238,124,0,124,362
09/01/2002,PWM,ME,ANE,EN,Towers with Radar,36,61,16,0,113,0,2,68,0,70,36,63,84,0,183,34,0,34,217
09/02/2002,PWM,ME,ANE,EN,Towers with Radar,45,67,48,0,160,0,2,48,0,50,45,69,96,0,210,24,0,24,234
09/03/2002,PWM,ME,ANE,EN,Towers with Radar,47,81,39,0,167,0,2,0,0,2,47,83,39,0,169,0,0,0,169
09/04/2002,PWM,ME,ANE,EN,Towers with Radar,35,96,62,4,197,0,3,5,0,8,35,99,67,4,205,0,0,0,205
09/05/2002,PWM,ME,ANE,EN,Towers with Radar,31,106,33,0,170,0,7,82,0,89,31,113,115,0,259,56,0,56,315
09/06/2002,PWM,ME,ANE,EN,Towers with Radar,33,107,35,9,184,0,5,134,7,146,33,112,169,16,330,174,0,174,504
09/07/2002,PWM,ME,ANE,EN,Towers with Radar,33,60,30,0,123,1,30,133,0,164,34,90,163,0,287,100,0,100,387
09/08/2002,PWM,ME,ANE,EN,Towers with Radar,42,56,36,10,144,0,3,96,2,101,42,59,132,12,245,118,8,126,371
09/09/2002,PWM,ME,ANE,EN,Towers with Radar,47,75,40,7,169,0,6,102,2,110,47,81,142,9,279,32,0,32,311
09/10/2002,PWM,ME,ANE,EN,Towers with Radar,42,79,39,5,165,0,0,86,17,103,42,79,125,22,268,51,0,51,319
09/11/2002,PWM,ME,ANE,EN,Towers with Radar,46,79,17,34,176,0,4,15,2,21,46,83,32,36,197,35,4,39,236
09/12/2002,PWM,ME,ANE,EN,Towers with Radar,45,82,40,3,170,0,14,56,0,70,45,96,96,3,240,44,0,44,284
09/13/2002,PWM,ME,ANE,EN,Towers with Radar,36,81,39,5,161,0,27,87,5,119,36,108,126,10,280,57,4,61,341
09/14/2002,PWM,ME,ANE,EN,Towers with Radar,34,69,20,0,123,0,5,120,0,125,34,74,140,0,248,78,0,78,326
09/15/2002,PWM,ME,ANE,EN,Towers with Radar,37,58,33,4,132,7,0,9,5,21,44,58,42,9,153,12,4,16,169
09/16/2002,PWM,ME,ANE,EN,Towers with Radar,32,90,56,1,179,0,2,8,0,10,32,92,64,1,189,14,0,14,203
09/17/2002,PWM,ME,ANE,EN,Towers with Radar,44,81,50,2,177,0,5,77,3,85,44,86,127,5,262,36,0,36,298
09/18/2002,PWM,ME,ANE,EN,Towers with Radar,54,79,48,5,186,0,0,125,0,125,54,79,173,5,311,96,0,96,407
09/19/2002,PWM,ME,ANE,EN,Towers with Radar,44,92,40,17,193,0,5,114,4,123,44,97,154,21,316,116,2,118,434
09/20/2002,PWM,ME,ANE,EN,Towers with Radar,38,88,57,16,199,0,5,76,6,87,38,93,133,22,286,58,0,58,344
09/21/2002,PWM,ME,ANE,EN,Towers with Radar,46,62,22,0,130,0,4,79,2,85,46,66,101,2,215,41,0,41,256
09/22/2002,PWM,ME,ANE,EN,Towers with Radar,37,48,33,4,122,10,0,43,1,54,47,48,76,5,176,54,0,54,230
09/23/2002,PWM,ME,ANE,EN,Towers with Radar,25,108,62,1,196,0,2,17,0,19,25,110,79,1,215,22,0,22,237
09/24/2002,PWM,ME,ANE,EN,Towers with Radar,43,90,69,0,202,0,3,95,3,101,43,93,164,3,303,104,2,106,409
09/25/2002,PWM,ME,ANE,EN,Towers with Radar,42,82,41,5,170,0,4,152,6,162,42,86,193,11,332,129,0,129,461
09/26/2002,PWM,ME,ANE,EN,Towers with Radar,46,92,53,15,206,0,2,71,4,77,46,94,124,19,283,58,0,58,341
09/27/2002,PWM,ME,ANE,EN,Towers with Radar,44,100,30,0,174,0,1,0,0,1,44,101,30,0,175,0,0,0,175
09/28/2002,PWM,ME,ANE,EN,Towers with Radar,45,60,22,0,127,0,1,20,0,21,45,61,42,0,148,8,0,8,156
09/29/2002,PWM,ME,ANE,EN,Towers with Radar,47,46,23,1,117,0,1,118,1,120,47,47,141,2,237,22,0,22,259
09/30/2002,PWM,ME,ANE,EN,Towers with Radar,40,72,37,1,150,18,0,56,0,74,58,72,93,1,224,84,0,84,308
10/01/2002,PWM,ME,ANE,EN,Towers with Radar,40,82,36,4,162,2,10,103,15,130,42,92,139,19,292,82,4,86,378
10/02/2002,PWM,ME,ANE,EN,Towers with Radar,47,85,43,1,176,7,0,56,0,63,54,85,99,1,239,61,0,61,300
10/03/2002,PWM,ME,ANE,EN,Towers with Radar,50,88,48,3,189,1,6,36,0,43,51,94,84,3,232,18,0,18,250
10/04/2002,PWM,ME,ANE,EN,Towers with Radar,39,87,39,2,167,1,2,31,0,34,40,89,70,2,201,0,0,0,201
10/05/2002,PWM,ME,ANE,EN,Towers with Radar,35,76,15,1,127,1,2,12,3,18,36,78,27,4,145,0,0,0,145
10/06/2002,PWM,ME,ANE,EN,Towers with Radar,40,50,29,0,119,1,2,83,0,86,41,52,112,0,205,67,0,67,272
10/07/2002,PWM,ME,ANE,EN,Towers with Radar,27,89,18,10,144,1,7,9,0,17,28,96,27,10,161,0,0,0,161
10/08/2002,PWM,ME,ANE,EN,Towers with Radar,49,72,46,7,174,1,5,109,2,117,50,77,155,9,291,69,0,69,360
10/09/2002,PWM,ME,ANE,EN,Towers with Radar,44,69,43,3,159,1,6,66,3,76,45,75,109,6,235,59,0,59,294
10/10/2002,PWM,ME,ANE,EN,Towers with Radar,33,104,46,2,185,0,0,53,0,53,33,104,99,2,238,72,0,72,310
10/11/2002,PWM,ME,ANE,EN,Towers with Radar,37,95,44,4,180,0,0,41,0,41,37,95,85,4,221,82,0,82,303
10/12/2002,PWM,ME,ANE,EN,Towers with Radar,33,55,26,0,114,9,0,0,0,9,42,55,26,0,123,27,0,27,150
10/13/2002,PWM,ME,ANE,EN,Towers with Radar,61,42,21,0,124,1,2,0,0,3,62,44,21,0,127,0,0,0,127
10/14/2002,PWM,ME,ANE,EN,Towers with Radar,35,70,31,0,136,2,9,69,0,80,37,79,100,0,216,18,0,18,234
10/15/2002,PWM,ME,ANE,EN,Towers with Radar,38,76,34,4,152,5,13,120,14,152,43,89,154,18,304,52,0,52,356
10/16/2002,PWM,ME,ANE,EN,Towers with Radar,40,80,26,0,146,8,5,0,0,13,48,85,26,0,159,22,0,22,181
10/17/2002,PWM,ME,ANE,EN,Towers with Radar,30,61,27,3,121,0,56,102,0,158,30,117,129,3,279,82,0,82,361
10/18/2002,PWM,ME,ANE,EN,Towers with Radar,31,87,37,8,163,1,4,70,3,78,32,91,107,11,241,101,0,101,342
10/19/2002,PWM,ME,ANE,EN,Towers with Radar,21,81,11,1,114,1,4,26,0,31,22,85,37,1,145,34,0,34,179
10/20/2002,PWM,ME,ANE,EN,Towers with Radar,25,67,27,0,119,1,3,97,0,101,26,70,124,0,220,44,0,44,264
10/21/2002,PWM,ME,ANE,EN,Towers with Radar,38,77,33,5,153,1,7,47,16,71,39,84,80,21,224,18,0,18,242
10/22/2002,PWM,ME,ANE,EN,Towers with Radar,42,86,43,3,174,1,11,120,0,132,43,97,163,3,306,54,0,54,360
10/23/2002,PWM,ME,ANE,EN,Towers with Radar,35,85,37,0,157,0,20,41,0,61,35,105,78,0,218,72,0,72,290
10/24/2002,PWM,ME,ANE,EN,Towers with Radar,33,82,31,15,161,1,5,103,1,110,34,87,134,16,271,64,2,66,337
10/25/2002,PWM,ME,ANE,EN,Towers with Radar,32,84,27,1,144,1,10,98,3,112,33,94,125,4,256,132,0,132,388
10/26/2002,PWM,ME,ANE,EN,Towers with Radar,25,51,17,3,96,6,13,0,1,20,31,64,17,4,116,0,0,0,116
10/27/2002,PWM,ME,ANE,EN,Towers with Radar,31,66,23,1,121,1,5,81,1,88,32,71,104,2,209,104,0,104,313
10/28/2002,PWM,ME,ANE,EN,Towers with Radar,34,80,21,1,136,1,5,69,2,77,35,85,90,3,213,38,0,38,251
10/29/2002,PWM,ME,ANE,EN,Towers with Radar,30,79,34,4,147,0,15,94,4,113,30,94,128,8,260,111,2,113,373
10/30/2002,PWM,ME,ANE,EN,Towers with Radar,39,86,34,12,171,1,7,67,1,76,40,93,101,13,247,74,0,74,321
10/31/2002,PWM,ME,ANE,EN,Towers with Radar,32,80,35,4,151,0,21,75,13,109,32,101,110,17,260,149,0,149,409
11/01/2002,PWM,ME,ANE,EN,Towers with Radar,35,81,31,9,156,1,1,30,1,33,36,82,61,10,189,68,0,68,257
11/02/2002,PWM,ME,ANE,EN,Towers with Radar,29,59,10,1,99,1,5,22,2,30,30,64,32,3,129,10,0,10,139
11/03/2002,PWM,ME,ANE,EN,Towers with Radar,25,65,12,0,102,1,1,100,0,102,26,66,112,0,204,120,0,120,324
11/04/2002,PWM,ME,ANE,EN,Towers with Radar,24,81,40,8,153,1,3,31,0,35,25,84,71,8,188,56,0,56,244
11/05/2002,PWM,ME,ANE,EN,Towers with Radar,36,92,35,5,168,0,0,65,4,69,36,92,100,9,237,65,0,65,302
11/06/2002,PWM,ME,ANE,EN,Towers with Radar,40,74,16,0,130,1,1,1,0,3,41,75,17,0,133,0,0,0,133
11/07/2002,PWM,ME,ANE,EN,Towers with Radar,38,79,31,1,149,1,2,23,0,26,39,81,54,1,175,14,0,14,189
11/08/2002,PWM,ME,ANE,EN,Towers with Radar,30,94,30,0,154,1,5,72,1,79,31,99,102,1,233,70,0,70,303
11/09/2002,PWM,ME,ANE,EN,Towers with Radar,27,63,29,4,123,1,7,80,0,88,28,70,109,4,211,99,0,99,310
11/10/2002,PWM,ME,ANE,EN,Towers with Radar,41,44,21,1,107,0,5,48,0,53,41,49,69,1,160,114,0,114,274
11/11/2002,PWM,ME,ANE,EN,Towers with Radar,36,72,25,3,136,0,2,1,2,5,36,74,26,5,141,8,0,8,149
11/12/2002,PWM,ME,ANE,EN,Towers with Radar,43,83,40,5,171,0,2,28,1,31,43,85,68,6,202,31,0,31,233
11/13/2002,PWM,ME,ANE,EN,Towers with Radar,35,85,24,3,147,0,7,3,0,10,35,92,27,3,157,0,0,0,157
11/14/2002,PWM,ME,ANE,EN,Towers with Radar,47,69,33,4,153,13,0,124,3,140,60,69,157,7,293,98,0,98,391
11/15/2002,PWM,ME,ANE,EN,Towers with Radar,35,99,36,6,176,0,4,87,3,94,35,103,123,9,270,108,0,108,378
11/16/2002,PWM,ME,ANE,EN,Towers with Radar,21,56,11,7,95,0,2,3,2,7,21,58,14,9,102,0,0,0,102
11/17/2002,PWM,ME,ANE,EN,Towers with Radar,40,28,5,0,73,0,2,1,0,3,40,30,6,0,76,0,0,0,76
11/18/2002,PWM,ME,ANE,EN,Towers with Radar,35,78,17,0,130,0,2,11,1,14,35,80,28,1,144,0,0,0,144
11/19/2002,PWM,ME,ANE,EN,Towers with Radar,42,76,36,1,155,0,5,78,0,83,42,81,114,1,238,50,0,50,288
11/20/2002,PWM,ME,ANE,EN,Towers with Radar,45,91,34,4,174,0,0,49,7,56,45,91,83,11,230,81,4,85,315
11/21/2002,PWM,ME,ANE,EN,Towers with Radar,27,93,35,0,155,0,2,1,0,3,27,95,36,0,158,0,0,0,158
11/22/2002,PWM,ME,ANE,EN,Towers with Radar,39,90,33,0,162,0,2,1,0,3,39,92,34,0,165,0,0,0,165
11/23/2002,PWM,ME,ANE,EN,Towers with Radar,35,53,7,0,95,0,4,23,1,28,35,57,30,1,123,75,0,75,198
11/24/2002,PWM,ME,ANE,EN,Towers with Radar,42,51,12,0,105,0,2,37,0,39,42,53,49,0,144,10,0,10,154
11/25/2002,PWM,ME,ANE,EN,Towers with Radar,37,81,41,26,185,0,3,77,0,80,37,84,118,26,265,79,0,79,344
11/26/2002,PWM,ME,ANE,EN,Towers with Radar,38,79,45,8,170,0,9,68,1,78,38,88,113,9,248,56,0,56,304
11/27/2002,PWM,ME,ANE,EN,Towers with Radar,35,70,23,0,128,4,13,0,0,17,39,83,23,0,145,0,0,0,145
11/28/2002,PWM,ME,ANE,EN,Towers with Radar,23,40,6,0,69,0,2,38,0,40,23,42,44,0,109,6,0,6,115
11/29/2002,PWM,ME,ANE,EN,Towers with Radar,28,75,26,1,130,0,12,25,0,37,28,87,51,1,167,12,0,12,179
11/30/2002,PWM,ME,ANE,EN,Towers with Radar,27,81,27,0,135,0,1,52,2,55,27,82,79,2,190,67,0,67,257
12/01/2002,PWM,ME,ANE,EN,Towers with Radar,33,59,21,1,114,1,0,20,0,21,34,59,41,1,135,0,0,0,135
12/02/2002,PWM,ME,ANE,EN,Towers with Radar,27,82,42,8,159,1,2,69,0,72,28,84,111,8,231,38,0,38,269
12/03/2002,PWM,ME,ANE,EN,Towers with Radar,43,75,34,2,154,1,0,16,0,17,44,75,50,2,171,2,2,4,175
12/04/2002,PWM,ME,ANE,EN,Towers with Radar,37,84,28,6,155,1,3,98,1,103,38,87,126,7,258,86,0,86,344
12/05/2002,PWM,ME,ANE,EN,Towers with Radar,47,59,23,2,131,1,2,37,0,40,48,61,60,2,171,42,1,43,214
12/06/2002,PWM,ME,ANE,EN,Towers with Radar,50,87,43,0,180,1,2,16,0,19,51,89,59,0,199,12,0,12,211
12/07/2002,PWM,ME,ANE,EN,Towers with Radar,33,53,19,2,107,1,1,70,4,76,34,54,89,6,183,62,0,62,245
12/08/2002,PWM,ME,ANE,EN,Towers with Radar,57,35,21,2,115,1,0,52,0,53,58,35,73,2,168,62,0,62,230
12/09/2002,PWM,ME,ANE,EN,Towers with Radar,59,64,24,11,158,1,2,52,1,56,60,66,76,12,214,26,0,26,240
12/10/2002,PWM,ME,ANE,EN,Towers with Radar,34,82,31,7,154,1,2,77,3,83,35,84,108,10,237,99,0,99,336
12/11/2002,PWM,ME,ANE,EN,Towers with Radar,39,87,28,4,158,0,1,51,14,66,39,88,79,18,224,30,0,30,254
12/12/2002,PWM,ME,ANE,EN,Towers with Radar,30,98,23,0,151,0,2,10,0,12,30,100,33,0,163,18,0,18,181
12/13/2002,PWM,ME,ANE,EN,Towers with Radar,31,84,40,8,163,0,2,107,4,113,31,86,147,12,276,74,4,78,354
12/14/2002,PWM,ME,ANE,EN,Towers with Radar,24,67,4,0,95,0,0,1,0,1,24,67,5,0,96,0,0,0,96
12/15/2002,PWM,ME,ANE,EN,Towers with Radar,37,53,15,0,105,0,0,43,0,43,37,53,58,0,148,30,0,30,178
12/16/2002,PWM,ME,ANE,EN,Towers with Radar,33,82,12,0,127,0,1,16,0,17,33,83,28,0,144,12,0,12,156
12/17/2002,PWM,ME,ANE,EN,Towers with Radar,47,71,29,1,148,0,1,73,11,85,47,72,102,12,233,16,0,16,249
12/18/2002,PWM,ME,ANE,EN,Towers with Radar,59,64,22,0,145,0,2,106,0,108,59,66,128,0,253,57,0,57,310
12/19/2002,PWM,ME,ANE,EN,Towers with Radar,45,69,31,0,145,0,1,76,7,84,45,70,107,7,229,55,2,57,286
12/20/2002,PWM,ME,ANE,EN,Towers with Radar,38,90,14,0,142,0,0,0,0,0,38,90,14,0,142,0,0,0,142
12/21/2002,PWM,ME,ANE,EN,Towers with Radar,49,41,20,0,110,0,0,33,0,33,49,41,53,0,143,36,0,36,179
12/22/2002,PWM,ME,ANE,EN,Towers with Radar,35,52,17,2,106,0,0,64,0,64,35,52,81,2,170,29,0,29,199
12/23/2002,PWM,ME,ANE,EN,Towers with Radar,30,64,21,2,117,0,16,47,0,63,30,80,68,2,180,16,0,16,196
12/24/2002,PWM,ME,ANE,EN,Towers with Radar,26,44,15,0,85,6,12,26,0,44,32,56,41,0,129,8,0,8,137
12/25/2002,PWM,ME,ANE,EN,Towers with Radar,16,28,3,0,47,0,0,0,0,0,16,28,3,0,47,0,0,0,47
12/26/2002,PWM,ME,ANE,EN,Towers with Radar,43,50,12,2,107,0,5,10,0,15,43,55,22,2,122,2,0,2,124
12/27/2002,PWM,ME,ANE,EN,Towers with Radar,32,80,13,19,144,0,0,62,1,63,32,80,75,20,207,2,0,2,209
12/28/2002,PWM,ME,ANE,EN,Towers with Radar,23,63,19,8,113,0,2,62,0,64,23,65,81,8,177,68,0,68,245
12/29/2002,PWM,ME,ANE,EN,Towers with Radar,32,62,10,1,105,0,0,43,0,43,32,62,53,1,148,36,0,36,184
12/30/2002,PWM,ME,ANE,EN,Towers with Radar,38,68,17,0,123,0,3,58,0,61,38,71,75,0,184,33,0,33,217
12/31/2002,PWM,ME,ANE,EN,Towers with Radar,37,48,6,0,91,0,0,0,0,0,37,48,6,0,91,0,0,0,91
01/01/2003,PWM,ME,ANE,EN,Towers with Radar,31,53,14,0,98,1,3,35,0,39,32,56,49,0,137,11,0,11,148
01/02/2003,PWM,ME,ANE,EN,Towers with Radar,31,82,16,0,129,1,7,10,0,18,32,89,26,0,147,8,0,8,155
01/03/2003,PWM,ME,ANE,EN,Towers with Radar,37,51,12,4,104,1,4,6,0,11,38,55,18,4,115,18,0,18,133
01/04/2003,PWM,ME,ANE,EN,Towers with Radar,24,33,2,0,59,1,2,0,0,3,25,35,2,0,62,0,0,0,62
01/05/2003,PWM,ME,ANE,EN,Towers with Radar,26,54,18,1,99,11,1,14,0,26,37,55,32,1,125,24,0,24,149
01/06/2003,PWM,ME,ANE,EN,Towers with Radar,42,60,24,0,126,1,2,0,0,3,43,62,24,0,129,0,0,0,129
01/07/2003,PWM,ME,ANE,EN,Towers with Radar,30,88,23,0,141,1,2,39,0,42,31,90,62,0,183,94,0,94,277
01/08/2003,PWM,ME,ANE,EN,Towers with Radar,31,88,30,0,149,0,9,21,1,31,31,97,51,1,180,14,0,14,194
01/09/2003,PWM,ME,ANE,EN,Towers with Radar,27,93,30,0,150,0,6,18,0,24,27,99,48,0,174,6,0,6,180
01/10/2003,PWM,ME,ANE,EN,Towers with Radar,33,89,27,2,151,0,4,0,9,13,33,93,27,11,164,8,2,10,174
01/11/2003,PWM,ME,ANE,EN,Towers with Radar,26,63,13,3,105,0,3,33,2,38,26,66,46,5,143,10,2,12,155
01/12/2003,PWM,ME,ANE,EN,Towers with Radar,28,52,8,0,88,0,2,44,0,46,28,54,52,0,134,28,0,28,162
01/13/2003,PWM,ME,ANE,EN,Towers with Radar,25,74,18,0,117,0,4,54,0,58,25,78,72,0,175,71,0,71,246
01/14/2003,PWM,ME,ANE,EN,Towers with Radar,31,73,20,6,130,0,4,48,0,52,31,77,68,6,182,88,4,92,274
01/15/2003,PWM,ME,ANE,EN,Towers with Radar,39,80,23,0,142,4,2,0,0,6,43,82,23,0,148,29,0,29,177
01/16/2003,PWM,ME,ANE,EN,Towers with Radar,35,84,25,8,152,0,9,50,0,59,35,93,75,8,211,22,0,22,233
01/17/2003,PWM,ME,ANE,EN,Towers with Radar,41,82,23,0,146,0,10,51,0,61,41,92,74,0,207,45,1,46,253
01/18/2003,PWM,ME,ANE,EN,Towers with Radar,30,64,17,0,111,0,8,68,0,76,30,72,85,0,187,68,0,68,255
01/19/2003,PWM,ME,ANE,EN,Towers with Radar,24,49,15,0,88,3,14,35,0,52,27,63,50,0,140,59,0,59,199
01/20/2003,PWM,ME,ANE,EN,Towers with Radar,35,71,39,0,145,0,4,25,0,29,35,75,64,0,174,34,0,34,208
01/21/2003,PWM,ME,ANE,EN,Towers with Radar,42,76,28,1,147,0,4,13,1,18,42,80,41,2,165,28,0,28,193
01/22/2003,PWM,ME,ANE,EN,Towers with Radar,36,70,23,0,129,10,0,19,0,29,46,70,42,0,158,6,0,6,164
01/23/2003,PWM,ME,ANE,EN,Towers with Radar,44,71,26,1,142,0,4,42,2,48,44,75,68,3,190,29,0,29,219
01/24/2003,PWM,ME,ANE,EN,Towers with Radar,28,79,15,1,123,0,3,26,1,30,28,82,41,2,153,47,0,47,200
01/25/2003,PWM,ME,ANE,EN,Towers with Radar,31,61,26,1,119,0,6,74,4,84,31,67,100,5,203,161,0,161,364
01/26/2003,PWM,ME,ANE,EN,Towers with Radar,26,56,10,0,92,0,2,25,0,27,26,58,35,0,119,136,0,136,255
01/27/2003,PWM,ME,ANE,EN,Towers with Radar,38,64,24,2,128,6,0,46,14,66,44,64,70,16,194,10,0,10,204
01/28/2003,PWM,ME,ANE,EN,Towers with Radar,34,70,23,2,129,0,0,47,0,47,34,70,70,2,176,62,0,62,238
01/29/2003,PWM,ME,ANE,EN,Towers with Radar,31,86,21,0,138,0,6,29,0,35,31,92,50,0,173,60,0,60,233
01/30/2003,PWM,ME,ANE,EN,Towers with Radar,37,76,29,2,144,0,0,85,10,95,37,76,114,12,239,72,2,74,313
01/31/2003,PWM,ME,ANE,EN,Towers with Radar,28,95,29,0,152,0,0,22,0,22,28,95,51,0,174,100,0,100,274
02/01/2003,PWM,ME,ANE,EN,Towers with Radar,33,50,12,0,95,2,1,1,0,4,35,51,13,0,99,16,0,16,115
02/02/2003,PWM,ME,ANE,EN,Towers with Radar,22,48,10,0,80,5,9,0,0,14,27,57,10,0,94,0,0,0,94
02/03/2003,PWM,ME,ANE,EN,Towers with Radar,26,76,15,16,133,2,4,54,11,71,28,80,69,27,204,83,0,83,287
02/04/2003,PWM,ME,ANE,EN,Towers with Radar,26,72,22,3,123,0,20,0,0,20,26,92,22,3,143,18,0,18,161
02/05/2003,PWM,ME,ANE,EN,Towers with Radar,35,77,16,20,148,2,2,16,0,20,37,79,32,20,168,18,0,18,186
02/06/2003,PWM,ME,ANE,EN,Towers with Radar,34,82,30,5,151,0,0,78,3,81,34,82,108,8,232,114,2,116,348
02/07/2003,PWM,ME,ANE,EN,Towers with Radar,26,72,13,2,113,2,0,0,0,2,28,72,13,2,115,0,0,0,115
02/08/2003,PWM,ME,ANE,EN,Towers with Radar,31,63,25,0,119,2,0,76,0,78,33,63,101,0,197,129,0,129,326
02/09/2003,PWM,ME,ANE,EN,Towers with Radar,31,57,17,0,105,2,2,82,0,86,33,59,99,0,191,137,0,137,328
02/10/2003,PWM,ME,ANE,EN,Towers with Radar,26,77,20,4,127,2,1,18,0,21,28,78,38,4,148,24,0,24,172
02/11/2003,PWM,ME,ANE,EN,Towers with Radar,34,78,24,30,166,2,1,38,0,41,36,79,62,30,207,27,0,27,234
02/12/2003,PWM,ME,ANE,EN,Towers with Radar,50,73,18,0,141,1,2,2,0,5,51,75,20,0,146,0,0,0,146
02/13/2003,PWM,ME,ANE,EN,Towers with Radar,26,83,41,11,161,1,5,21,1,28,27,88,62,12,189,14,0,14,203
02/14/2003,PWM,ME,ANE,EN,Towers with Radar,39,89,27,0,155,3,2,41,0,46,42,91,68,0,201,15,0,15,216
02/15/2003,PWM,ME,ANE,EN,Towers with Radar,38,48,9,0,95,1,5,39,2,47,39,53,48,2,142,72,0,72,214
02/16/2003,PWM,ME,ANE,EN,Towers with Radar,32,57,17,0,106,1,0,47,0,48,33,57,64,0,154,16,0,16,170
02/17/2003,PWM,ME,ANE,EN,Towers with Radar,19,33,11,0,63,1,0,14,0,15,20,33,25,0,78,42,0,42,120
02/18/2003,PWM,ME,ANE,EN,Towers with Radar,24,54,24,0,102,1,0,0,0,1,25,54,24,0,103,0,0,0,103
02/19/2003,PWM,ME,ANE,EN,Towers with Radar,35,82,33,4,154,0,0,56,4,60,35,82,89,8,214,71,6,77,291
02/20/2003,PWM,ME,ANE,EN,Towers with Radar,30,76,33,11,150,1,5,134,1,141,31,81,167,12,291,76,8,84,375
02/21/2003,PWM,ME,ANE,EN,Towers with Radar,31,83,17,0,131,1,3,98,0,102,32,86,115,0,233,106,6,112,345
02/22/2003,PWM,ME,ANE,EN,Towers with Radar,31,57,19,0,107,1,1,0,0,2,32,58,19,0,109,12,0,12,121
02/23/2003,PWM,ME,ANE,EN,Towers with Radar,49,25,6,0,80,1,0,0,1,2,50,25,6,1,82,0,0,0,82
02/24/2003,PWM,ME,ANE,EN,Towers with Radar,32,80,27,1,140,0,4,35,0,39,32,84,62,1,179,47,0,47,226
02/25/2003,PWM,ME,ANE,EN,Towers with Radar,47,72,20,0,139,1,2,73,0,76,48,74,93,0,215,32,0,32,247
02/26/2003,PWM,ME,ANE,EN,Towers with Radar,39,74,30,0,143,1,1,71,6,79,40,75,101,6,222,48,0,48,270
02/27/2003,PWM,ME,ANE,EN,Towers with Radar,35,86,34,1,156,1,6,99,4,110,36,92,133,5,266,84,4,88,354
02/28/2003,PWM,ME,ANE,EN,Towers with Radar,33,78,34,0,145,1,1,37,4,43,34,79,71,4,188,34,0,34,222
03/01/2003,PWM,ME,ANE,EN,Towers with Radar,41,47,21,0,109,1,9,69,0,79,42,56,90,0,188,112,0,112,300
03/02/2003,PWM,ME,ANE,EN,Towers with Radar,28,63,6,0,97,1,0,0,0,1,29,63,6,0,98,0,0,0,98
03/03/2003,PWM,ME,ANE,EN,Towers with Radar,34,83,13,1,131,1,5,4,0,10,35,88,17,1,141,20,0,20,161
03/04/2003,PWM,ME,ANE,EN,Towers with Radar,40,75,20,0,135,1,1,28,5,35,41,76,48,5,170,62,0,62,232
03/05/2003,PWM,ME,ANE,EN,Towers with Radar,33,84,18,2,137,0,9,0,0,9,33,93,18,2,146,20,0,20,166
03/06/2003,PWM,ME,ANE,EN,Towers with Radar,29,84,27,0,140,1,4,19,0,24,30,88,46,0,164,32,0,32,196
03/07/2003,PWM,ME,ANE,EN,Towers with Radar,28,84,38,0,150,1,4,101,0,106,29,88,139,0,256,61,0,61,317
03/08/2003,PWM,ME,ANE,EN,Towers with Radar,40,59,21,0,120,1,7,103,4,115,41,66,124,4,235,89,0,89,324
03/09/2003,PWM,ME,ANE,EN,Towers with Radar,36,62,4,0,102,1,0,8,0,9,37,62,12,0,111,0,0,0,111
03/10/2003,PWM,ME,ANE,EN,Towers with Radar,48,66,30,0,144,1,0,19,0,20,49,66,49,0,164,18,0,18,182
03/11/2003,PWM,ME,ANE,EN,Towers with Radar,37,88,23,0,148,0,6,42,0,48,37,94,65,0,196,24,0,24,220
03/12/2003,PWM,ME,ANE,EN,Towers with Radar,35,88,24,1,148,0,3,25,0,28,35,91,49,1,176,36,0,36,212
03/13/2003,PWM,ME,ANE,EN,Towers with Radar,27,98,36,5,166,0,1,22,0,23,27,99,58,5,189,38,0,38,227
03/14/2003,PWM,ME,ANE,EN,Towers with Radar,42,80,5,1,128,0,5,50,4,59,42,85,55,5,187,45,0,45,232
03/15/2003,PWM,ME,ANE,EN,Towers with Radar,23,64,18,1,106,0,1,16,0,17,23,65,34,1,123,66,0,66,189
03/16/2003,PWM,ME,ANE,EN,Towers with Radar,51,55,20,12,138,0,5,64,2,71,51,60,84,14,209,89,0,89,298
03/17/2003,PWM,ME,ANE,EN,Towers with Radar,14,60,24,0,98,0,1,16,0,17,14,61,40,0,115,52,0,52,167
03/18/2003,PWM,ME,ANE,EN,Towers with Radar,35,79,26,2,142,0,0,39,5,44,35,79,65,7,186,56,0,56,242
03/19/2003,PWM,ME,ANE,EN,Towers with Radar,47,74,23,4,148,0,9,71,0,80,47,83,94,4,228,75,2,77,305
03/20/2003,PWM,ME,ANE,EN,Towers with Radar,32,91,28,2,153,0,4,70,2,76,32,95,98,4,229,48,0,48,277
03/21/2003,PWM,ME,ANE,EN,Towers with Radar,23,85,21,1,130,0,1,47,0,48,23,86,68,1,178,40,0,40,218
03/22/2003,PWM,ME,ANE,EN,Towers with Radar,25,66,21,1,113,0,0,55,2,57,25,66,76,3,170,137,0,137,307
03/23/2003,PWM,ME,ANE,EN,Towers with Radar,28,53,19,0,100,14,0,53,0,67,42,53,72,0,167,54,0,54,221
03/24/2003,PWM,ME,ANE,EN,Towers with Radar,37,75,28,0,140,0,0,42,3,45,37,75,70,3,185,55,0,55,240
03/25/2003,PWM,ME,ANE,EN,Towers with Radar,33,87,40,0,160,0,0,1,0,1,33,87,41,0,161,0,0,0,161
03/26/2003,PWM,ME,ANE,EN,Towers with Radar,37,95,19,0,151,0,2,14,0,16,37,97,33,0,167,16,0,16,183
03/27/2003,PWM,ME,ANE,EN,Towers with Radar,26,89,34,11,160,0,6,69,12,87,26,95,103,23,247,80,14,94,341
03/28/2003,PWM,ME,ANE,EN,Towers with Radar,22,92,42,5,161,0,0,96,5,101,22,92,138,10,262,60,4,64,326
03/29/2003,PWM,ME,ANE,EN,Towers with Radar,27,65,17,0,109,0,0,0,0,0,27,65,17,0,109,0,0,0,109
03/30/2003,PWM,ME,ANE,EN,Towers with Radar,34,59,8,0,101,0,0,0,0,0,34,59,8,0,101,0,0,0,101
03/31/2003,PWM,ME,ANE,EN,Towers with Radar,37,77,22,8,144,0,3,17,0,20,37,80,39,8,164,8,0,8,172
04/01/2003,PWM,ME,ANE,EN,Towers with Radar,32,80,19,0,131,0,3,47,1,51,32,83,66,1,182,46,0,46,228
04/02/2003,PWM,ME,ANE,EN,Towers with Radar,22,97,24,11,154,0,4,27,2,33,22,101,51,13,187,74,0,74,261
04/03/2003,PWM,ME,ANE,EN,Towers with Radar,21,94,20,4,139,0,2,5,0,7,21,96,25,4,146,0,0,0,146
04/04/2003,PWM,ME,ANE,EN,Towers with Radar,27,87,7,0,121,0,3,8,0,11,27,90,15,0,132,14,0,14,146
04/05/2003,PWM,ME,ANE,EN,Towers with Radar,25,64,6,0,95,0,2,0,0,2,25,66,6,0,97,0,0,0,97
04/06/2003,PWM,ME,ANE,EN,Towers with Radar,29,61,19,3,112,0,3,33,2,38,29,64,52,5,150,29,0,29,179
04/07/2003,PWM,ME,ANE,EN,Towers with Radar,26,60,23,2,111,0,7,26,2,35,26,67,49,4,146,24,0,24,170
04/08/2003,PWM,ME,ANE,EN,Towers with Radar,35,77,22,2,136,0,4,21,2,27,35,81,43,4,163,14,0,14,177
04/09/2003,PWM,ME,ANE,EN,Towers with Radar,42,77,46,0,165,0,5,20,1,26,42,82,66,1,191,22,0,22,213
04/10/2003,PWM,ME,ANE,EN,Towers with Radar,32,76,58,7,173,0,7,124,0,131,32,83,182,7,304,125,6,131,435
04/11/2003,PWM,ME,ANE,EN,Towers with Radar,32,79,43,0,154,0,2,30,0,32,32,81,73,0,186,64,0,64,250
04/12/2003,PWM,ME,ANE,EN,Towers with Radar,29,61,11,0,101,0,2,14,0,16,29,63,25,0,117,16,0,16,133
04/13/2003,PWM,ME,ANE,EN,Towers with Radar,21,45,18,0,84,5,18,101,0,124,26,63,119,0,208,60,0,60,268
04/14/2003,PWM,ME,ANE,EN,Towers with Radar,21,67,26,1,115,0,25,74,0,99,21,92,100,1,214,42,0,42,256
04/15/2003,PWM,ME,ANE,EN,Towers with Radar,53,63,37,6,159,0,8,36,4,48,53,71,73,10,207,26,0,26,233
04/16/2003,PWM,ME,ANE,EN,Towers with Radar,22,91,36,3,152,0,5,29,1,35,22,96,65,4,187,53,0,53,240
04/17/2003,PWM,ME,ANE,EN,Towers with Radar,40,71,39,3,153,0,6,78,3,87,40,77,117,6,240,38,6,44,284
04/18/2003,PWM,ME,ANE,EN,Towers with Radar,22,93,33,1,149,0,2,70,0,72,22,95,103,1,221,60,1,61,282
04/19/2003,PWM,ME,ANE,EN,Towers with Radar,28,70,32,0,130,0,2,89,0,91,28,72,121,0,221,35,0,35,256
04/20/2003,PWM,ME,ANE,EN,Towers with Radar,45,43,14,1,103,0,2,46,0,48,45,45,60,1,151,34,0,34,185
04/21/2003,PWM,ME,ANE,EN,Towers with Radar,34,81,20,9,144,0,8,57,8,73,34,89,77,17,217,103,6,109,326
04/22/2003,PWM,ME,ANE,EN,Towers with Radar,35,76,22,0,133,2,1,0,0,3,37,77,22,0,136,0,0,0,136
04/23/2003,PWM,ME,ANE,EN,Towers with Radar,45,68,38,3,154,4,0,17,0,21,49,68,55,3,175,47,0,47,222
04/24/2003,PWM,ME,ANE,EN,Towers with Radar,35,79,27,20,161,0,4,6,0,10,35,83,33,20,171,4,12,16,187
04/25/2003,PWM,ME,ANE,EN,Towers with Radar,40,62,17,0,119,0,3,98,3,104,40,65,115,3,223,46,0,46,269
04/26/2003,PWM,ME,ANE,EN,Towers with Radar,30,59,13,0,102,0,2,2,0,4,30,61,15,0,106,2,0,2,108
04/27/2003,PWM,ME,ANE,EN,Towers with Radar,33,66,37,0,136,0,2,37,0,39,33,68,74,0,175,44,0,44,219
04/28/2003,PWM,ME,ANE,EN,Towers with Radar,25,21,20,2,68,5,0,102,2,109,30,21,122,4,177,64,0,64,241
04/29/2003,PWM,ME,ANE,EN,Towers with Radar,40,78,34,2,154,0,0,67,10,77,40,78,101,12,231,52,0,52,283
04/30/2003,PWM,ME,ANE,EN,Towers with Radar,33,91,25,2,151,0,3,85,6,94,33,94,110,8,245,98,0,98,343
05/01/2003,PWM,ME,ANE,EN,Towers with Radar,30,98,52,0,180,0,0,14,2,16,30,98,66,2,196,16,0,16,212
05/02/2003,PWM,ME,ANE,EN,Towers with Radar,33,89,13,7,142,0,0,1,0,1,33,89,14,7,143,0,0,0,143
05/03/2003,PWM,ME,ANE,EN,Towers with Radar,25,48,22,1,96,1,22,29,10,62,26,70,51,11,158,0,8,8,166
05/04/2003,PWM,ME,ANE,EN,Towers with Radar,25,44,22,1,92,22,0,132,10,164,47,44,154,11,256,127,2,129,385
05/05/2003,PWM,ME,ANE,EN,Towers with Radar,29,87,36,5,157,0,2,102,3,107,29,89,138,8,264,100,0,100,364
05/06/2003,PWM,ME,ANE,EN,Towers with Radar,37,80,38,1,156,0,0,12,0,12,37,80,50,1,168,6,0,6,174
05/07/2003,PWM,ME,ANE,EN,Towers with Radar,42,73,46,0,161,0,1,33,0,34,42,74,79,0,195,66,0,66,261
05/08/2003,PWM,ME,ANE,EN,Towers with Radar,35,83,43,2,163,0,4,29,1,34,35,87,72,3,197,26,0,26,223
05/09/2003,PWM,ME,ANE,EN,Towers with Radar,24,99,45,11,179,0,2,8,0,10,24,101,53,11,189,30,0,30,219
05/10/2003,PWM,ME,ANE,EN,Towers with Radar,38,61,23,0,122,0,8,59,2,69,38,69,82,2,191,29,0,29,220
05/11/2003,PWM,ME,ANE,EN,Towers with Radar,31,50,16,0,97,0,1,54,2,57,31,51,70,2,154,43,0,43,197
05/12/2003,PWM,ME,ANE,EN,Towers with Radar,39,66,33,0,138,0,0,1,0,1,39,66,34,0,139,0,0,0,139
05/13/2003,PWM,ME,ANE,EN,Towers with Radar,44,83,43,0,170,0,0,0,0,0,44,83,43,0,170,2,0,2,172
05/14/2003,PWM,ME,ANE,EN,Towers with Radar,43,79,40,0,162,3,0,31,0,34,46,79,71,0,196,48,0,48,244
05/15/2003,PWM,ME,ANE,EN,Towers with Radar,32,91,53,4,180,0,1,32,5,38,32,92,85,9,218,38,0,38,256
05/16/2003,PWM,ME,ANE,EN,Towers with Radar,47,71,32,4,154,0,6,75,1,82,47,77,107,5,236,82,2,84,320
05/17/2003,PWM,ME,ANE,EN,Towers with Radar,38,47,37,0,122,0,0,115,3,118,38,47,152,3,240,56,0,56,296
05/18/2003,PWM,ME,ANE,EN,Towers with Radar,48,53,17,0,118,0,2,131,0,133,48,55,148,0,251,112,0,112,363
05/19/2003,PWM,ME,ANE,EN,Towers with Radar,43,89,33,0,165,0,0,90,3,93,43,89,123,3,258,115,0,115,373
05/20/2003,PWM,ME,ANE,EN,Towers with Radar,47,87,33,0,167,0,15,91,5,111,47,102,124,5,278,80,0,80,358
05/21/2003,PWM,ME,ANE,EN,Towers with Radar,35,87,31,0,153,0,1,34,0,35,35,88,65,0,188,64,0,64,252
05/22/2003,PWM,ME,ANE,EN,Towers with Radar,50,72,60,16,198,0,2,39,3,44,50,74,99,19,242,18,0,18,260
05/23/2003,PWM,ME,ANE,EN,Towers with Radar,45,84,32,0,161,0,0,4,0,4,45,84,36,0,165,0,0,0,165
05/24/2003,PWM,ME,ANE,EN,Towers with Radar,30,54,28,0,112,0,2,3,1,6,30,56,31,1,118,0,0,0,118
05/25/2003,PWM,ME,ANE,EN,Towers with Radar,47,43,33,0,123,0,0,6,0,6,47,43,39,0,129,0,0,0,129
05/26/2003,PWM,ME,ANE,EN,Towers with Radar,40,56,39,1,136,0,0,0,0,0,40,56,39,1,136,7,2,9,145
05/27/2003,PWM,ME,ANE,EN,Towers with Radar,35,83,44,0,162,0,0,32,0,32,35,83,76,0,194,34,0,34,228
05/28/2003,PWM,ME,ANE,EN,Towers with Radar,37,80,37,4,158,0,6,21,0,27,37,86,58,4,185,106,2,108,293
05/29/2003,PWM,ME,ANE,EN,Towers with Radar,39,78,42,0,159,0,2,22,0,24,39,80,64,0,183,17,0,17,200
05/30/2003,PWM,ME,ANE,EN,Towers with Radar,40,81,40,0,161,0,23,20,0,43,40,104,60,0,204,61,0,61,265
05/31/2003,PWM,ME,ANE,EN,Towers with Radar,47,58,42,0,147,0,0,84,9,93,47,58,126,9,240,102,0,102,342
06/01/2003,PWM,ME,ANE,EN,Towers with Radar,29,61,37,0,127,1,0,0,0,1,30,61,37,0,128,0,0,0,128
06/02/2003,PWM,ME,ANE,EN,Towers with Radar,48,58,28,8,142,1,0,38,2,41,49,58,66,10,183,54,0,54,237
06/03/2003,PWM,ME,ANE,EN,Towers with Radar,21,78,42,2,143,0,23,111,4,138,21,101,153,6,281,46,0,46,327
06/04/2003,PWM,ME,ANE,EN,Towers with Radar,51,79,31,2,163,1,3,89,1,94,52,82,120,3,257,80,0,80,337
06/05/2003,PWM,ME,ANE,EN,Towers with Radar,37,71,38,1,147,0,10,0,0,10,37,81,38,1,157,0,0,0,157
06/06/2003,PWM,ME,ANE,EN,Towers with Radar,30,87,37,0,154,1,1,73,3,78,31,88,110,3,232,24,0,24,256
06/07/2003,PWM,ME,ANE,EN,Towers with Radar,26,66,33,0,125,1,1,38,0,40,27,67,71,0,165,34,0,34,199
06/08/2003,PWM,ME,ANE,EN,Towers with Radar,46,47,45,0,138,1,0,8,0,9,47,47,53,0,147,18,0,18,165
06/09/2003,PWM,ME,ANE,EN,Towers with Radar,38,72,24,0,134,1,5,0,0,6,39,77,24,0,140,0,0,0,140
06/10/2003,PWM,ME,ANE,EN,Towers with Radar,28,76,41,2,147,0,21,105,3,129,28,97,146,5,276,51,0,51,327
06/11/2003,PWM,ME,ANE,EN,Towers with Radar,33,92,30,1,156,1,3,45,5,54,34,95,75,6,210,48,0,48,258
06/12/2003,PWM,ME,ANE,EN,Towers with Radar,33,91,42,9,175,1,2,62,1,66,34,93,104,10,241,32,0,32,273
06/13/2003,PWM,ME,ANE,EN,Towers with Radar,47,75,50,0,172,1,0,18,3,22,48,75,68,3,194,2,0,2,196
06/14/2003,PWM,ME,ANE,EN,Towers with Radar,42,83,19,0,144,1,0,3,0,4,43,83,22,0,148,0,0,0,148
06/15/2003,PWM,ME,ANE,EN,Towers with Radar,36,55,36,1,128,11,0,7,5,23,47,55,43,6,151,0,0,0,151
06/16/2003,PWM,ME,ANE,EN,Towers with Radar,38,72,38,1,149,6,11,90,0,107,44,83,128,1,256,50,0,50,306
06/17/2003,PWM,ME,ANE,EN,Towers with Radar,46,77,49,2,174,0,0,86,3,89,46,77,135,5,263,83,0,83,346
06/18/2003,PWM,ME,ANE,EN,Towers with Radar,40,75,45,1,161,0,5,31,0,36,40,80,76,1,197,8,0,8,205
06/19/2003,PWM,ME,ANE,EN,Towers with Radar,55,89,53,2,199,1,0,37,9,47,56,89,90,11,246,53,0,53,299
06/20/2003,PWM,ME,ANE,EN,Towers with Radar,54,80,59,0,193,0,3,62,5,70,54,83,121,5,263,45,0,45,308
06/21/2003,PWM,ME,ANE,EN,Towers with Radar,51,60,21,7,139,0,3,100,1,104,51,63,121,8,243,18,0,18,261
06/22/2003,PWM,ME,ANE,EN,Towers with Radar,54,58,46,0,158,0,1,39,0,40,54,59,85,0,198,108,0,108,306
06/23/2003,PWM,ME,ANE,EN,Towers with Radar,51,82,47,5,185,0,3,42,0,45,51,85,89,5,230,53,0,53,283
06/24/2003,PWM,ME,ANE,EN,Towers with Radar,68,65,39,0,172,0,1,96,1,98,68,66,135,1,270,88,0,88,358
06/25/2003,PWM,ME,ANE,EN,Towers with Radar,30,103,60,3,196,0,7,85,1,93,30,110,145,4,289,120,0,120,409
06/26/2003,PWM,ME,ANE,EN,Towers with Radar,38,97,46,11,192,0,5,70,3,78,38,102,116,14,270,35,0,35,305
06/27/2003,PWM,ME,ANE,EN,Towers with Radar,34,105,67,3,209,0,6,24,1,31,34,111,91,4,240,28,0,28,268
06/28/2003,PWM,ME,ANE,EN,Towers with Radar,33,82,30,0,145,0,1,112,4,117,33,83,142,4,262,36,0,36,298
06/29/2003,PWM,ME,ANE,EN,Towers with Radar,40,72,29,0,141,0,1,131,0,132,40,73,160,0,273,74,0,74,347
06/30/2003,PWM,ME,ANE,EN,Towers with Radar,48,68,47,1,164,8,0,47,0,55,56,68,94,1,219,26,0,26,245
07/01/2003,PWM,ME,ANE,EN,Towers with Radar,33,79,40,1,153,0,23,112,1,136,33,102,152,2,289,100,0,100,389
07/02/2003,PWM,ME,ANE,EN,Towers with Radar,32,114,40,0,186,1,9,103,0,113,33,123,143,0,299,35,0,35,334
07/03/2003,PWM,ME,ANE,EN,Towers with Radar,41,94,47,2,184,1,12,87,0,100,42,106,134,2,284,63,0,63,347
07/04/2003,PWM,ME,ANE,EN,Towers with Radar,30,65,12,1,108,1,1,36,0,38,31,66,48,1,146,8,0,8,154
07/05/2003,PWM,ME,ANE,EN,Towers with Radar,39,86,19,0,144,0,3,100,1,104,39,89,119,1,248,8,0,8,256
07/06/2003,PWM,ME,ANE,EN,Towers with Radar,41,84,46,0,171,0,0,86,0,86,41,84,132,0,257,102,0,102,359
07/07/2003,PWM,ME,ANE,EN,Towers with Radar,54,74,31,0,159,0,8,123,1,132,54,82,154,1,291,62,0,62,353
07/08/2003,PWM,ME,ANE,EN,Towers with Radar,55,67,58,4,184,0,2,15,1,18,55,69,73,5,202,6,0,6,208
07/09/2003,PWM,ME,ANE,EN,Towers with Radar,33,101,32,0,166,0,3,83,1,87,33,104,115,1,253,50,0,50,303
07/10/2003,PWM,ME,ANE,EN,Towers with Radar,61,80,47,8,196,0,6,134,1,141,61,86,181,9,337,64,0,64,401
07/11/2003,PWM,ME,ANE,EN,Towers with Radar,51,88,51,0,190,0,0,5,0,5,51,88,56,0,195,0,0,0,195
07/12/2003,PWM,ME,ANE,EN,Towers with Radar,34,104,46,0,184,0,4,35,0,39,34,108,81,0,223,26,0,26,249
07/13/2003,PWM,ME,ANE,EN,Towers with Radar,54,73,46,12,185,0,5,119,3,127,54,78,165,15,312,44,0,44,356
07/14/2003,PWM,ME,ANE,EN,Towers with Radar,55,68,57,0,180,0,2,111,0,113,55,70,168,0,293,136,4,140,433
07/15/2003,PWM,ME,ANE,EN,Towers with Radar,73,65,49,0,187,0,5,57,0,62,73,70,106,0,249,34,0,34,283
07/16/2003,PWM,ME,ANE,EN,Towers with Radar,40,106,49,8,203,0,1,0,1,2,40,107,49,9,205,0,0,0,205
07/17/2003,PWM,ME,ANE,EN,Towers with Radar,55,100,51,4,210,0,4,76,3,83,55,104,127,7,293,83,0,83,376
07/18/2003,PWM,ME,ANE,EN,Towers with Radar,56,90,54,0,200,0,5,57,0,62,56,95,111,0,262,41,0,41,303
07/19/2003,PWM,ME,ANE,EN,Towers with Radar,40,88,34,0,162,0,7,121,2,130,40,95,155,2,292,105,0,105,397
07/20/2003,PWM,ME,ANE,EN,Towers with Radar,42,103,60,0,205,0,2,98,0,100,42,105,158,0,305,27,0,27,332
07/21/2003,PWM,ME,ANE,EN,Towers with Radar,44,88,47,0,179,0,4,68,1,73,44,92,115,1,252,49,0,49,301
07/22/2003,PWM,ME,ANE,EN,Towers with Radar,29,94,38,0,161,0,5,21,6,32,29,99,59,6,193,6,0,6,199
07/23/2003,PWM,ME,ANE,EN,Towers with Radar,41,126,41,0,208,0,1,9,0,10,41,127,50,0,218,22,0,22,240
07/24/2003,PWM,ME,ANE,EN,Towers with Radar,41,104,76,4,225,0,2,11,2,15,41,106,87,6,240,3,4,7,247
07/25/2003,PWM,ME,ANE,EN,Towers with Radar,33,139,52,0,224,0,8,101,1,110,33,147,153,1,334,62,0,62,396
07/26/2003,PWM,ME,ANE,EN,Towers with Radar,38,103,50,2,193,0,16,93,1,110,38,119,143,3,303,14,0,14,317
07/27/2003,PWM,ME,ANE,EN,Towers with Radar,43,100,51,1,195,0,0,47,0,47,43,100,98,1,242,29,0,29,271
07/28/2003,PWM,ME,ANE,EN,Towers with Radar,43,91,37,0,171,0,7,102,0,109,43,98,139,0,280,78,0,78,358
07/29/2003,PWM,ME,ANE,EN,Towers with Radar,41,66,40,0,147,30,0,103,0,133,71,66,143,0,280,71,0,71,351
07/30/2003,PWM,ME,ANE,EN,Towers with Radar,53,96,56,3,208,0,8,117,0,125,53,104,173,3,333,44,4,48,381
07/31/2003,PWM,ME,ANE,EN,Towers with Radar,48,97,39,15,199,0,8,98,0,106,48,105,137,15,305,60,2,62,367
08/01/2003,PWM,ME,ANE,EN,Towers with Radar,39,96,74,0,209,1,0,9,0,10,40,96,83,0,219,4,0,4,223
08/02/2003,PWM,ME,ANE,EN,Towers with Radar,31,91,35,0,157,1,0,7,0,8,32,91,42,0,165,0,0,0,165
08/03/2003,PWM,ME,ANE,EN,Towers with Radar,40,77,62,0,179,1,0,0,0,1,41,77,62,0,180,0,0,0,180
08/04/2003,PWM,ME,ANE,EN,Towers with Radar,36,77,40,0,153,1,0,3,1,5,37,77,43,1,158,0,0,0,158
08/05/2003,PWM,ME,ANE,EN,Towers with Radar,38,90,43,12,183,1,0,0,0,1,39,90,43,12,184,2,0,2,186
08/06/2003,PWM,ME,ANE,EN,Towers with Radar,49,89,48,1,187,1,1,20,0,22,50,90,68,1,209,8,0,8,217
08/07/2003,PWM,ME,ANE,EN,Towers with Radar,49,102,63,1,215,1,0,16,0,17,50,102,79,1,232,24,2,26,258
08/08/2003,PWM,ME,ANE,EN,Towers with Radar,64,74,59,0,197,1,0,0,0,1,65,74,59,0,198,4,0,4,202
08/09/2003,PWM,ME,ANE,EN,Towers with Radar,39,87,55,0,181,1,0,0,0,1,40,87,55,0,182,0,0,0,182
08/10/2003,PWM,ME,ANE,EN,Towers with Radar,56,67,68,0,191,1,0,27,0,28,57,67,95,0,219,47,0,47,266
08/11/2003,PWM,ME,ANE,EN,Towers with Radar,52,80,64,0,196,0,0,34,0,34,52,80,98,0,230,43,0,43,273
08/12/2003,PWM,ME,ANE,EN,Towers with Radar,43,88,50,0,181,0,8,0,0,8,43,96,50,0,189,0,0,0,189
08/13/2003,PWM,ME,ANE,EN,Towers with Radar,45,116,46,0,207,0,2,20,1,23,45,118,66,1,230,40,0,40,270
08/14/2003,PWM,ME,ANE,EN,Towers with Radar,56,75,44,9,184,0,12,140,3,155,56,87,184,12,339,94,1,95,434
08/15/2003,PWM,ME,ANE,EN,Towers with Radar,42,83,47,0,172,0,6,124,0,130,42,89,171,0,302,54,0,54,356
08/16/2003,PWM,ME,ANE,EN,Towers with Radar,59,72,30,0,161,0,4,48,4,56,59,76,78,4,217,34,0,34,251
08/17/2003,PWM,ME,ANE,EN,Towers with Radar,71,59,66,2,198,0,2,111,0,113,71,61,177,2,311,42,0,42,353
08/18/2003,PWM,ME,ANE,EN,Towers with Radar,45,88,59,1,193,0,3,90,1,94,45,91,149,2,287,60,0,60,347
08/19/2003,PWM,ME,ANE,EN,Towers with Radar,49,90,53,1,193,0,5,122,4,131,49,95,175,5,324,58,4,62,386
08/20/2003,PWM,ME,ANE,EN,Towers with Radar,46,85,42,0,173,0,8,92,9,109,46,93,134,9,282,37,0,37,319
08/21/2003,PWM,ME,ANE,EN,Towers with Radar,46,94,51,0,191,0,3,100,1,104,46,97,151,1,295,102,0,102,397
08/22/2003,PWM,ME,ANE,EN,Towers with Radar,34,94,47,0,175,0,2,41,0,43,34,96,88,0,218,65,0,65,283
08/23/2003,PWM,ME,ANE,EN,Towers with Radar,53,72,39,0,164,0,5,97,0,102,53,77,136,0,266,58,0,58,324
08/24/2003,PWM,ME,ANE,EN,Towers with Radar,64,58,43,0,165,0,4,102,1,107,64,62,145,1,272,96,0,96,368
08/25/2003,PWM,ME,ANE,EN,Towers with Radar,37,97,49,0,183,0,7,89,0,96,37,104,138,0,279,57,0,57,336
08/26/2003,PWM,ME,ANE,EN,Towers with Radar,45,89,42,9,185,0,5,113,3,121,45,94,155,12,306,71,0,71,377
08/27/2003,PWM,ME,ANE,EN,Towers with Radar,44,109,38,0,191,0,2,80,3,85,44,111,118,3,276,26,0,26,302
08/28/2003,PWM,ME,ANE,EN,Towers with Radar,55,83,42,3,183,0,10,130,0,140,55,93,172,3,323,34,0,34,357
08/29/2003,PWM,ME,ANE,EN,Towers with Radar,35,97,36,8,176,0,5,100,2,107,35,102,136,10,283,60,0,60,343
08/30/2003,PWM,ME,ANE,EN,Towers with Radar,44,71,42,0,157,0,4,48,1,53,44,75,90,1,210,28,0,28,238
08/31/2003,PWM,ME,ANE,EN,Towers with Radar,58,38,32,0,128,0,0,133,4,137,58,38,165,4,265,62,0,62,327
09/01/2003,PWM,ME,ANE,EN,Towers with Radar,48,59,34,0,141,2,6,49,0,57,50,65,83,0,198,6,0,6,204
09/02/2003,PWM,ME,ANE,EN,Towers with Radar,36,88,49,21,194,2,4,44,4,54,38,92,93,25,248,28,0,28,276
09/03/2003,PWM,ME,ANE,EN,Towers with Radar,35,86,53,10,184,2,0,58,2,62,37,86,111,12,246,58,4,62,308
09/04/2003,PWM,ME,ANE,EN,Towers with Radar,40,88,43,2,173,0,9,13,0,22,40,97,56,2,195,0,0,0,195
09/05/2003,PWM,ME,ANE,EN,Towers with Radar,40,99,63,2,204,0,3,87,1,91,40,102,150,3,295,81,0,81,376
09/06/2003,PWM,ME,ANE,EN,Towers with Radar,26,84,44,0,154,0,2,95,4,101,26,86,139,4,255,115,0,115,370
09/07/2003,PWM,ME,ANE,EN,Towers with Radar,44,65,35,3,147,0,6,107,0,113,44,71,142,3,260,97,0,97,357
09/08/2003,PWM,ME,ANE,EN,Towers with Radar,34,69,34,0,137,6,7,93,0,106,40,76,127,0,243,63,0,63,306
09/09/2003,PWM,ME,ANE,EN,Towers with Radar,42,67,25,0,134,0,4,115,2,121,42,71,140,2,255,53,0,53,308
09/10/2003,PWM,ME,ANE,EN,Towers with Radar,32,83,41,3,159,0,24,99,3,126,32,107,140,6,285,44,10,54,339
09/11/2003,PWM,ME,ANE,EN,Towers with Radar,37,83,41,0,161,0,6,87,3,96,37,89,128,3,257,88,0,88,345
09/12/2003,PWM,ME,ANE,EN,Towers with Radar,36,88,31,4,159,0,4,64,2,70,36,92,95,6,229,47,0,47,276
09/13/2003,PWM,ME,ANE,EN,Towers with Radar,25,79,8,0,112,0,2,46,0,48,25,81,54,0,160,18,0,18,178
09/14/2003,PWM,ME,ANE,EN,Towers with Radar,38,52,38,3,131,12,0,31,1,44,50,52,69,4,175,51,0,51,226
09/15/2003,PWM,ME,ANE,EN,Towers with Radar,51,68,42,4,165,0,3,24,1,28,51,71,66,5,193,64,2,66,259
09/16/2003,PWM,ME,ANE,EN,Towers with Radar,39,90,44,2,175,0,1,6,1,8,39,91,50,3,183,139,0,139,322
09/17/2003,PWM,ME,ANE,EN,Towers with Radar,42,76,42,4,164,0,6,81,1,88,42,82,123,5,252,139,0,139,391
09/18/2003,PWM,ME,ANE,EN,Towers with Radar,34,76,33,0,143,0,2,53,1,56,34,78,86,1,199,79,0,79,278
09/19/2003,PWM,ME,ANE,EN,Towers with Radar,36,81,22,0,139,0,0,2,0,2,36,81,24,0,141,2,0,2,143
09/20/2003,PWM,ME,ANE,EN,Towers with Radar,30,75,25,5,135,0,1,29,5,35,30,76,54,10,170,8,4,12,182
09/21/2003,PWM,ME,ANE,EN,Towers with Radar,58,38,19,0,115,0,5,83,0,88,58,43,102,0,203,72,0,72,275
09/22/2003,PWM,ME,ANE,EN,Towers with Radar,32,85,33,0,150,0,3,75,3,81,32,88,108,3,231,50,0,50,281
09/23/2003,PWM,ME,ANE,EN,Towers with Radar,47,86,36,0,169,0,0,3,0,3,47,86,39,0,172,57,0,57,229
09/24/2003,PWM,ME,ANE,EN,Towers with Radar,39,102,50,3,194,0,0,100,4,104,39,102,150,7,298,70,0,70,368
09/25/2003,PWM,ME,ANE,EN,Towers with Radar,38,85,49,0,172,0,2,58,2,62,38,87,107,2,234,18,0,18,252
09/26/2003,PWM,ME,ANE,EN,Towers with Radar,29,90,66,19,204,0,0,5,1,6,29,90,71,20,210,0,0,0,210
09/27/2003,PWM,ME,ANE,EN,Towers with Radar,24,84,18,0,126,0,0,0,0,0,24,84,18,0,126,0,0,0,126
09/28/2003,PWM,ME,ANE,EN,Towers with Radar,53,37,22,0,112,0,0,0,0,0,53,37,22,0,112,0,0,0,112
09/29/2003,PWM,ME,ANE,EN,Towers with Radar,35,82,45,1,163,0,3,55,4,62,35,85,100,5,225,62,2,64,289
09/30/2003,PWM,ME,ANE,EN,Towers with Radar,35,111,39,4,189,0,3,104,1,108,35,114,143,5,297,72,0,72,369
10/01/2003,PWM,ME,ANE,EN,Towers with Radar,27,87,39,1,154,0,0,32,0,32,27,87,71,1,186,90,0,90,276
10/02/2003,PWM,ME,ANE,EN,Towers with Radar,46,71,45,3,165,6,0,53,2,61,52,71,98,5,226,48,0,48,274
10/03/2003,PWM,ME,ANE,EN,Towers with Radar,41,89,41,3,174,0,0,111,5,116,41,89,152,8,290,61,0,61,351
10/04/2003,PWM,ME,ANE,EN,Towers with Radar,31,79,33,0,143,0,0,3,0,3,31,79,36,0,146,2,0,2,148
10/05/2003,PWM,ME,ANE,EN,Towers with Radar,29,63,27,0,119,7,0,87,0,94,36,63,114,0,213,64,0,64,277
10/06/2003,PWM,ME,ANE,EN,Towers with Radar,34,78,32,3,147,8,1,85,3,97,42,79,117,6,244,92,0,92,336
10/07/2003,PWM,ME,ANE,EN,Towers with Radar,36,73,34,2,145,14,0,71,0,85,50,73,105,2,230,36,0,36,266
10/08/2003,PWM,ME,ANE,EN,Towers with Radar,32,98,41,1,172,0,4,82,0,86,32,102,123,1,258,114,0,114,372
10/09/2003,PWM,ME,ANE,EN,Towers with Radar,36,74,34,3,147,7,0,65,2,74,43,74,99,5,221,21,0,21,242
10/10/2003,PWM,ME,ANE,EN,Towers with Radar,26,104,44,1,175,0,0,91,0,91,26,104,135,1,266,20,8,28,294
10/11/2003,PWM,ME,ANE,EN,Towers with Radar,27,62,25,2,116,7,9,70,0,86,34,71,95,2,202,56,0,56,258
10/12/2003,PWM,ME,ANE,EN,Towers with Radar,30,69,28,0,127,4,3,18,0,25,34,72,46,0,152,26,0,26,178
10/13/2003,PWM,ME,ANE,EN,Towers with Radar,33,75,31,1,140,8,7,78,0,93,41,82,109,1,233,56,0,56,289
10/14/2003,PWM,ME,ANE,EN,Towers with Radar,22,95,39,0,156,0,31,58,0,89,22,126,97,0,245,54,0,54,299
10/15/2003,PWM,ME,ANE,EN,Towers with Radar,34,78,32,0,144,12,3,8,0,23,46,81,40,0,167,0,0,0,167
10/16/2003,PWM,ME,ANE,EN,Towers with Radar,42,83,42,3,170,0,0,42,0,42,42,83,84,3,212,39,0,39,251
10/17/2003,PWM,ME,ANE,EN,Towers with Radar,29,87,37,2,155,0,14,82,0,96,29,101,119,2,251,80,0,80,331
10/18/2003,PWM,ME,ANE,EN,Towers with Radar,27,60,26,1,114,0,11,60,5,76,27,71,86,6,190,44,1,45,235
10/19/2003,PWM,ME,ANE,EN,Towers with Radar,26,56,24,1,107,8,5,41,2,56,34,61,65,3,163,46,0,46,209
10/20/2003,PWM,ME,ANE,EN,Towers with Radar,33,72,32,2,139,7,0,57,2,66,40,72,89,4,205,20,0,20,225
10/21/2003,PWM,ME,ANE,EN,Towers with Radar,35,86,36,1,158,0,12,0,0,12,35,98,36,1,170,0,0,0,170
10/22/2003,PWM,ME,ANE,EN,Towers with Radar,37,81,33,1,152,6,13,0,0,19,43,94,33,1,171,0,0,0,171
10/23/2003,PWM,ME,ANE,EN,Towers with Radar,41,80,30,2,153,4,0,0,12,16,45,80,30,14,169,0,12,12,181
10/24/2003,PWM,ME,ANE,EN,Towers with Radar,30,89,39,2,160,0,9,60,2,71,30,98,99,4,231,44,0,44,275
10/25/2003,PWM,ME,ANE,EN,Towers with Radar,29,63,28,0,120,6,2,63,0,71,35,65,91,0,191,30,0,30,221
10/26/2003,PWM,ME,ANE,EN,Towers with Radar,28,62,21,0,111,0,7,0,0,7,28,69,21,0,118,0,0,0,118
10/27/2003,PWM,ME,ANE,EN,Towers with Radar,27,66,29,0,122,0,14,1,0,15,27,80,30,0,137,0,0,0,137
10/28/2003,PWM,ME,ANE,EN,Towers with Radar,40,91,39,2,172,0,9,86,3,98,40,100,125,5,270,56,0,56,326
10/29/2003,PWM,ME,ANE,EN,Towers with Radar,26,78,33,2,139,0,23,0,1,24,26,101,33,3,163,0,0,0,163
10/30/2003,PWM,ME,ANE,EN,Towers with Radar,39,66,37,2,144,13,0,77,1,91,52,66,114,3,235,18,2,20,255
10/31/2003,PWM,ME,ANE,EN,Towers with Radar,31,81,35,2,149,0,10,75,16,101,31,91,110,18,250,82,2,84,334
11/01/2003,PWM,ME,ANE,EN,Towers with Radar,23,65,26,1,115,0,6,49,0,55,23,71,75,1,170,36,0,36,206
11/02/2003,PWM,ME,ANE,EN,Towers with Radar,47,39,37,2,125,11,0,51,5,67,58,39,88,7,192,20,0,20,212
11/03/2003,PWM,ME,ANE,EN,Towers with Radar,39,67,30,1,137,0,0,15,0,15,39,67,45,1,152,0,0,0,152
11/04/2003,PWM,ME,ANE,EN,Towers with Radar,25,83,33,0,141,0,13,4,0,17,25,96,37,0,158,0,0,0,158
11/05/2003,PWM,ME,ANE,EN,Towers with Radar,32,72,20,0,124,0,23,0,0,23,32,95,20,0,147,0,0,0,147
11/06/2003,PWM,ME,ANE,EN,Towers with Radar,39,92,39,2,172,0,0,36,6,42,39,92,75,8,214,41,0,41,255
11/07/2003,PWM,ME,ANE,EN,Towers with Radar,39,85,37,2,163,0,0,59,0,59,39,85,96,2,222,83,0,83,305
11/08/2003,PWM,ME,ANE,EN,Towers with Radar,25,49,19,1,94,7,17,29,5,58,32,66,48,6,152,4,2,6,158
11/09/2003,PWM,ME,ANE,EN,Towers with Radar,28,45,22,2,97,29,0,73,2,104,57,45,95,4,201,51,0,51,252
11/10/2003,PWM,ME,ANE,EN,Towers with Radar,32,58,26,1,117,10,0,63,0,73,42,58,89,1,190,48,0,48,238
11/11/2003,PWM,ME,ANE,EN,Towers with Radar,34,71,28,0,133,0,27,47,0,74,34,98,75,0,207,39,2,41,248
11/12/2003,PWM,ME,ANE,EN,Towers with Radar,28,89,37,2,156,0,0,31,6,37,28,89,68,8,193,28,0,28,221
11/13/2003,PWM,ME,ANE,EN,Towers with Radar,35,69,23,0,127,11,11,0,0,22,46,80,23,0,149,0,0,0,149
11/14/2003,PWM,ME,ANE,EN,Towers with Radar,24,69,28,0,121,0,28,6,0,34,24,97,34,0,155,0,0,0,155
11/15/2003,PWM,ME,ANE,EN,Towers with Radar,26,51,21,0,98,5,20,20,0,45,31,71,41,0,143,2,0,2,145
11/16/2003,PWM,ME,ANE,EN,Towers with Radar,24,64,26,0,114,0,6,94,0,100,24,70,120,0,214,95,0,95,309
11/17/2003,PWM,ME,ANE,EN,Towers with Radar,36,77,34,1,148,0,0,39,11,50,36,77,73,12,198,50,2,52,250
11/18/2003,PWM,ME,ANE,EN,Towers with Radar,47,68,37,1,153,7,0,38,2,47,54,68,75,3,200,88,0,88,288
11/19/2003,PWM,ME,ANE,EN,Towers with Radar,29,77,33,0,139,0,0,8,0,8,29,77,41,0,147,0,0,0,147
11/20/2003,PWM,ME,ANE,EN,Towers with Radar,33,80,33,0,146,0,13,1,0,14,33,93,34,0,160,0,0,0,160
11/21/2003,PWM,ME,ANE,EN,Towers with Radar,29,89,43,0,161,0,0,26,0,26,29,89,69,0,187,2,0,2,189
11/22/2003,PWM,ME,ANE,EN,Towers with Radar,26,44,21,0,91,19,0,90,0,109,45,44,111,0,200,77,0,77,277
11/23/2003,PWM,ME,ANE,EN,Towers with Radar,31,59,25,0,115,6,3,134,0,143,37,62,159,0,258,67,0,67,325
11/24/2003,PWM,ME,ANE,EN,Towers with Radar,42,65,33,0,140,0,0,27,0,27,42,65,60,0,167,37,0,37,204
11/25/2003,PWM,ME,ANE,EN,Towers with Radar,45,72,36,1,154,0,0,76,1,77,45,72,112,2,231,2,0,2,233
11/26/2003,PWM,ME,ANE,EN,Towers with Radar,42,84,35,1,162,0,0,64,4,68,42,84,99,5,230,53,0,53,283
11/27/2003,PWM,ME,ANE,EN,Towers with Radar,21,39,17,0,77,16,4,15,0,35,37,43,32,0,112,0,0,0,112
11/28/2003,PWM,ME,ANE,EN,Towers with Radar,26,49,10,0,85,21,6,0,0,27,47,55,10,0,112,0,0,0,112
11/29/2003,PWM,ME,ANE,EN,Towers with Radar,25,47,11,0,83,11,14,0,0,25,36,61,11,0,108,0,0,0,108
11/30/2003,PWM,ME,ANE,EN,Towers with Radar,24,59,23,0,106,0,18,50,0,68,24,77,73,0,174,27,0,27,201
12/01/2003,PWM,ME,ANE,EN,Towers with Radar,38,72,26,4,140,5,0,12,5,22,43,72,38,9,162,4,0,4,166
12/02/2003,PWM,ME,ANE,EN,Towers with Radar,29,93,22,4,148,0,0,0,6,6,29,93,22,10,154,4,0,4,158
12/03/2003,PWM,ME,ANE,EN,Towers with Radar,39,90,25,4,158,1,0,38,7,46,40,90,63,11,204,24,4,28,232
12/04/2003,PWM,ME,ANE,EN,Towers with Radar,22,99,28,3,152,0,6,65,0,71,22,105,93,3,223,81,0,81,304
12/05/2003,PWM,ME,ANE,EN,Towers with Radar,27,83,26,4,140,0,0,52,16,68,27,83,78,20,208,78,4,82,290
12/06/2003,PWM,ME,ANE,EN,Towers with Radar,8,19,0,0,27,4,8,0,0,12,12,27,0,0,39,0,0,0,39
12/07/2003,PWM,ME,ANE,EN,Towers with Radar,5,14,3,0,22,1,7,4,0,12,6,21,7,0,34,0,0,0,34
12/08/2003,PWM,ME,ANE,EN,Towers with Radar,32,73,21,1,127,4,0,45,0,49,36,73,66,1,176,72,0,72,248
12/09/2003,PWM,ME,ANE,EN,Towers with Radar,29,97,27,4,157,0,0,46,1,47,29,97,73,5,204,99,1,100,304
12/10/2003,PWM,ME,ANE,EN,Towers with Radar,32,95,29,4,160,0,0,7,1,8,32,95,36,5,168,52,0,52,220
12/11/2003,PWM,ME,ANE,EN,Towers with Radar,31,88,23,0,142,0,5,0,0,5,31,93,23,0,147,0,0,0,147
12/12/2003,PWM,ME,ANE,EN,Towers with Radar,35,90,25,4,154,0,7,37,1,45,35,97,62,5,199,6,0,6,205
12/13/2003,PWM,ME,ANE,EN,Towers with Radar,27,62,17,3,109,3,0,50,1,54,30,62,67,4,163,48,0,48,211
12/14/2003,PWM,ME,ANE,EN,Towers with Radar,18,43,12,0,73,3,8,29,0,40,21,51,41,0,113,41,0,41,154
12/15/2003,PWM,ME,ANE,EN,Towers with Radar,14,33,9,0,56,3,15,0,0,18,17,48,9,0,74,0,0,0,74
12/16/2003,PWM,ME,ANE,EN,Towers with Radar,41,86,29,3,159,0,0,46,2,48,41,86,75,5,207,41,0,41,248
12/17/2003,PWM,ME,ANE,EN,Towers with Radar,26,72,15,0,113,0,21,0,0,21,26,93,15,0,134,0,0,0,134
12/18/2003,PWM,ME,ANE,EN,Towers with Radar,37,78,24,1,140,7,0,24,0,31,44,78,48,1,171,14,0,14,185
12/19/2003,PWM,ME,ANE,EN,Towers with Radar,47,76,31,3,157,7,0,59,14,80,54,76,90,17,237,65,0,65,302
12/20/2003,PWM,ME,ANE,EN,Towers with Radar,33,60,22,0,115,3,0,78,0,81,36,60,100,0,196,102,0,102,298
12/21/2003,PWM,ME,ANE,EN,Towers with Radar,22,49,15,0,86,4,13,37,0,54,26,62,52,0,140,50,0,50,190
12/22/2003,PWM,ME,ANE,EN,Towers with Radar,36,81,27,3,147,0,0,59,4,63,36,81,86,7,210,55,0,55,265
12/23/2003,PWM,ME,ANE,EN,Towers with Radar,25,81,24,0,130,0,26,49,0,75,25,107,73,0,205,32,0,32,237
12/24/2003,PWM,ME,ANE,EN,Towers with Radar,34,76,15,0,125,4,7,0,0,11,38,83,15,0,136,0,0,0,136
12/25/2003,PWM,ME,ANE,EN,Towers with Radar,16,35,9,1,61,19,3,0,0,22,35,38,9,1,83,0,0,0,83
12/26/2003,PWM,ME,ANE,EN,Towers with Radar,32,70,21,0,123,10,3,12,0,25,42,73,33,0,148,12,0,12,160
12/27/2003,PWM,ME,ANE,EN,Towers with Radar,23,51,15,0,89,13,4,61,0,78,36,55,76,0,167,47,0,47,214
12/28/2003,PWM,ME,ANE,EN,Towers with Radar,25,55,17,0,97,10,7,98,0,115,35,62,115,0,212,63,0,63,275
12/29/2003,PWM,ME,ANE,EN,Towers with Radar,34,46,22,0,102,27,0,92,0,119,61,46,114,0,221,86,0,86,307
12/30/2003,PWM,ME,ANE,EN,Towers with Radar,20,72,21,0,113,0,21,8,0,29,20,93,29,0,142,0,0,0,142
12/31/2003,PWM,ME,ANE,EN,Towers with Radar,27,70,21,0,118,0,16,49,0,65,27,86,70,0,183,68,0,68,251
01/01/2004,PWM,ME,ANE,EN,Towers with Radar,17,48,12,0,77,3,13,18,0,34,20,61,30,0,111,0,0,0,111
01/02/2004,PWM,ME,ANE,EN,Towers with Radar,24,55,6,0,85,26,0,0,0,26,50,55,6,0,111,0,0,0,111
01/03/2004,PWM,ME,ANE,EN,Towers with Radar,18,50,11,0,79,8,12,0,0,20,26,62,11,0,99,0,0,0,99
01/04/2004,PWM,ME,ANE,EN,Towers with Radar,19,47,14,1,81,21,0,19,0,40,40,47,33,1,121,14,0,14,135
01/05/2004,PWM,ME,ANE,EN,Towers with Radar,24,69,10,0,103,3,15,0,0,18,27,84,10,0,121,0,0,0,121
01/06/2004,PWM,ME,ANE,EN,Towers with Radar,20,92,24,0,136,0,2,30,0,32,20,94,54,0,168,42,0,42,210
01/07/2004,PWM,ME,ANE,EN,Towers with Radar,35,81,25,3,144,6,0,23,0,29,41,81,48,3,173,16,0,16,189
01/08/2004,PWM,ME,ANE,EN,Towers with Radar,20,81,21,3,125,0,26,13,0,39,20,107,34,3,164,10,0,10,174
01/09/2004,PWM,ME,ANE,EN,Towers with Radar,29,81,21,3,134,1,5,35,4,45,30,86,56,7,179,28,0,28,207
01/10/2004,PWM,ME,ANE,EN,Towers with Radar,18,55,14,2,89,0,9,31,0,40,18,64,45,2,129,27,0,27,156
01/11/2004,PWM,ME,ANE,EN,Towers with Radar,23,58,17,2,100,7,0,35,11,53,30,58,52,13,153,29,0,29,182
01/12/2004,PWM,ME,ANE,EN,Towers with Radar,31,85,23,0,139,0,0,24,0,24,31,85,47,0,163,24,0,24,187
01/13/2004,PWM,ME,ANE,EN,Towers with Radar,35,76,26,0,137,18,0,20,0,38,53,76,46,0,175,4,0,4,179
01/14/2004,PWM,ME,ANE,EN,Towers with Radar,21,93,25,0,139,0,2,22,0,24,21,95,47,0,163,0,0,0,163
01/15/2004,PWM,ME,ANE,EN,Towers with Radar,21,82,21,2,126,0,16,0,0,16,21,98,21,2,142,0,0,0,142
01/16/2004,PWM,ME,ANE,EN,Towers with Radar,26,85,23,1,135,0,6,4,0,10,26,91,27,1,145,0,0,0,145
01/17/2004,PWM,ME,ANE,EN,Towers with Radar,23,60,16,0,99,6,2,19,0,27,29,62,35,0,126,42,0,42,168
01/18/2004,PWM,ME,ANE,EN,Towers with Radar,18,48,12,0,78,5,12,0,0,17,23,60,12,0,95,0,0,0,95
01/19/2004,PWM,ME,ANE,EN,Towers with Radar,22,83,22,0,127,0,0,25,0,25,22,83,47,0,152,44,0,44,196
01/20/2004,PWM,ME,ANE,EN,Towers with Radar,36,76,26,2,140,4,0,42,5,51,40,76,68,7,191,45,10,55,246
01/21/2004,PWM,ME,ANE,EN,Towers with Radar,26,103,28,1,158,0,14,48,0,62,26,117,76,1,220,18,0,18,238
01/22/2004,PWM,ME,ANE,EN,Towers with Radar,19,102,29,2,152,0,0,27,3,30,19,102,56,5,182,25,0,25,207
01/23/2004,PWM,ME,ANE,EN,Towers with Radar,31,79,23,0,133,1,0,11,0,12,32,79,34,0,145,0,0,0,145
01/24/2004,PWM,ME,ANE,EN,Towers with Radar,20,53,15,0,88,0,19,28,0,47,20,72,43,0,135,10,0,10,145
01/25/2004,PWM,ME,ANE,EN,Towers with Radar,15,54,15,0,84,0,20,30,0,50,15,74,45,0,134,26,0,26,160
01/26/2004,PWM,ME,ANE,EN,Towers with Radar,29,74,24,2,129,0,0,15,21,36,29,74,39,23,165,2,0,2,167
01/27/2004,PWM,ME,ANE,EN,Towers with Radar,33,72,24,0,129,0,0,30,0,30,33,72,54,0,159,36,0,36,195
01/28/2004,PWM,ME,ANE,EN,Towers with Radar,23,82,18,2,125,0,23,0,0,23,23,105,18,2,148,10,0,10,158
01/29/2004,PWM,ME,ANE,EN,Towers with Radar,25,96,25,2,148,0,0,22,0,22,25,96,47,2,170,18,0,18,188
01/30/2004,PWM,ME,ANE,EN,Towers with Radar,32,71,22,0,125,11,0,40,0,51,43,71,62,0,176,12,0,12,188
01/31/2004,PWM,ME,ANE,EN,Towers with Radar,25,58,18,1,102,5,0,49,11,65,30,58,67,12,167,43,4,47,214
02/01/2004,PWM,ME,ANE,EN,Towers with Radar,23,63,21,0,107,4,0,85,0,89,27,63,106,0,196,140,0,140,336
02/02/2004,PWM,ME,ANE,EN,Towers with Radar,27,75,25,2,129,9,0,67,6,82,36,75,92,8,211,67,0,67,278
02/03/2004,PWM,ME,ANE,EN,Towers with Radar,30,91,27,2,150,9,0,21,7,37,39,91,48,9,187,38,0,38,225
02/04/2004,PWM,ME,ANE,EN,Towers with Radar,25,80,20,2,127,8,11,0,1,20,33,91,20,3,147,14,0,14,161
02/05/2004,PWM,ME,ANE,EN,Towers with Radar,33,88,31,3,155,8,0,37,0,45,41,88,68,3,200,28,0,28,228
02/06/2004,PWM,ME,ANE,EN,Towers with Radar,21,67,10,1,99,1,7,0,0,8,22,74,10,1,107,0,0,0,107
02/07/2004,PWM,ME,ANE,EN,Towers with Radar,14,48,9,0,71,1,24,0,0,25,15,72,9,0,96,0,0,0,96
02/08/2004,PWM,ME,ANE,EN,Towers with Radar,17,57,16,1,91,20,6,20,0,46,37,63,36,1,137,16,0,16,153
02/09/2004,PWM,ME,ANE,EN,Towers with Radar,12,92,26,0,130,0,12,37,0,49,12,104,63,0,179,77,0,77,256
02/10/2004,PWM,ME,ANE,EN,Towers with Radar,31,95,29,3,158,1,0,53,8,62,32,95,82,11,220,59,0,59,279
02/11/2004,PWM,ME,ANE,EN,Towers with Radar,32,91,32,0,155,0,0,30,0,30,32,91,62,0,185,18,0,18,203
02/12/2004,PWM,ME,ANE,EN,Towers with Radar,14,95,27,0,136,0,13,69,0,82,14,108,96,0,218,58,2,60,278
02/13/2004,PWM,ME,ANE,EN,Towers with Radar,31,82,28,3,144,3,0,28,8,39,34,82,56,11,183,4,0,4,187
02/14/2004,PWM,ME,ANE,EN,Towers with Radar,15,59,18,2,94,0,23,62,1,86,15,82,80,3,180,47,0,47,227
02/15/2004,PWM,ME,ANE,EN,Towers with Radar,17,57,17,1,92,7,13,27,0,47,24,70,44,1,139,21,0,21,160
02/16/2004,PWM,ME,ANE,EN,Towers with Radar,25,64,23,0,112,14,0,69,0,83,39,64,92,0,195,46,0,46,241
02/17/2004,PWM,ME,ANE,EN,Towers with Radar,15,94,28,2,139,0,7,49,1,57,15,101,77,3,196,35,2,37,233
02/18/2004,PWM,ME,ANE,EN,Towers with Radar,22,88,28,0,138,0,0,22,0,22,22,88,50,0,160,14,0,14,174
02/19/2004,PWM,ME,ANE,EN,Towers with Radar,25,94,28,1,148,0,2,20,1,23,25,96,48,2,171,10,0,10,181
02/20/2004,PWM,ME,ANE,EN,Towers with Radar,26,90,27,0,143,0,4,73,0,77,26,94,100,0,220,78,4,82,302
02/21/2004,PWM,ME,ANE,EN,Towers with Radar,15,47,6,0,68,17,9,0,0,26,32,56,6,0,94,0,0,0,94
02/22/2004,PWM,ME,ANE,EN,Towers with Radar,19,60,18,0,97,0,16,3,0,19,19,76,21,0,116,0,0,0,116
02/23/2004,PWM,ME,ANE,EN,Towers with Radar,15,78,24,1,118,0,11,30,1,42,15,89,54,2,160,4,0,4,164
02/24/2004,PWM,ME,ANE,EN,Towers with Radar,24,95,31,2,152,0,0,36,6,42,24,95,67,8,194,60,0,60,254
02/25/2004,PWM,ME,ANE,EN,Towers with Radar,16,91,28,1,136,0,16,59,0,75,16,107,87,1,211,37,0,37,248
02/26/2004,PWM,ME,ANE,EN,Towers with Radar,31,80,28,0,139,4,0,43,0,47,35,80,71,0,186,10,4,14,200
02/27/2004,PWM,ME,ANE,EN,Towers with Radar,28,86,26,0,140,1,1,41,0,43,29,87,67,0,183,14,0,14,197
02/28/2004,PWM,ME,ANE,EN,Towers with Radar,13,73,22,0,108,0,8,73,0,81,13,81,95,0,189,32,0,32,221
02/29/2004,PWM,ME,ANE,EN,Towers with Radar,21,58,19,0,98,9,0,95,0,104,30,58,114,0,202,114,0,114,316
03/01/2004,PWM,ME,ANE,EN,Towers with Radar,20,73,24,2,119,8,8,42,4,62,28,81,66,6,181,50,0,50,231
03/02/2004,PWM,ME,ANE,EN,Towers with Radar,17,99,25,0,141,0,5,0,0,5,17,104,25,0,146,8,0,8,154
03/03/2004,PWM,ME,ANE,EN,Towers with Radar,25,91,28,1,145,1,4,39,0,44,26,95,67,1,189,18,0,18,207
03/04/2004,PWM,ME,ANE,EN,Towers with Radar,23,106,34,3,166,0,0,24,1,25,23,106,58,4,191,14,0,14,205
03/05/2004,PWM,ME,ANE,EN,Towers with Radar,13,93,29,2,137,0,10,4,3,17,13,103,33,5,154,4,0,4,158
03/06/2004,PWM,ME,ANE,EN,Towers with Radar,14,30,16,0,60,41,0,0,0,41,55,30,16,0,101,0,0,0,101
03/07/2004,PWM,ME,ANE,EN,Towers with Radar,16,59,18,2,95,2,21,52,2,77,18,80,70,4,172,36,0,36,208
03/08/2004,PWM,ME,ANE,EN,Towers with Radar,22,82,25,0,129,1,4,15,0,20,23,86,40,0,149,12,0,12,161
03/09/2004,PWM,ME,ANE,EN,Towers with Radar,22,92,30,2,146,0,0,44,8,52,22,92,74,10,198,66,0,66,264
03/10/2004,PWM,ME,ANE,EN,Towers with Radar,15,109,35,0,159,0,0,71,0,71,15,109,106,0,230,34,0,34,264
03/11/2004,PWM,ME,ANE,EN,Towers with Radar,16,102,32,0,150,0,5,47,0,52,16,107,79,0,202,20,0,20,222
03/12/2004,PWM,ME,ANE,EN,Towers with Radar,21,88,27,2,138,0,1,7,3,11,21,89,34,5,149,16,0,16,165
03/13/2004,PWM,ME,ANE,EN,Towers with Radar,16,59,18,1,94,2,29,39,0,70,18,88,57,1,164,36,0,36,200
03/14/2004,PWM,ME,ANE,EN,Towers with Radar,17,63,19,2,101,9,3,101,0,113,26,66,120,2,214,104,0,104,318
03/15/2004,PWM,ME,ANE,EN,Towers with Radar,23,77,27,1,128,4,0,32,0,36,27,77,59,1,164,4,0,4,168
03/16/2004,PWM,ME,ANE,EN,Towers with Radar,21,83,26,0,130,0,6,33,0,39,21,89,59,0,169,12,0,12,181
03/17/2004,PWM,ME,ANE,EN,Towers with Radar,22,70,26,1,119,13,0,4,7,24,35,70,30,8,143,0,0,0,143
03/18/2004,PWM,ME,ANE,EN,Towers with Radar,21,87,28,1,137,0,12,22,0,34,21,99,50,1,171,66,0,66,237
03/19/2004,PWM,ME,ANE,EN,Towers with Radar,16,87,28,1,132,0,4,25,1,30,16,91,53,2,162,10,0,10,172
03/20/2004,PWM,ME,ANE,EN,Towers with Radar,17,59,19,1,96,3,16,48,1,68,20,75,67,2,164,56,0,56,220
03/21/2004,PWM,ME,ANE,EN,Towers with Radar,19,68,22,0,109,10,7,2,0,19,29,75,24,0,128,0,0,0,128
03/22/2004,PWM,ME,ANE,EN,Towers with Radar,22,78,25,0,125,7,6,46,0,59,29,84,71,0,184,43,0,43,227
03/23/2004,PWM,ME,ANE,EN,Towers with Radar,23,91,30,0,144,0,3,34,0,37,23,94,64,0,181,16,0,16,197
03/24/2004,PWM,ME,ANE,EN,Towers with Radar,15,94,30,1,140,0,13,87,2,102,15,107,117,3,242,52,0,52,294
03/25/2004,PWM,ME,ANE,EN,Towers with Radar,13,108,36,2,159,0,0,13,3,16,13,108,49,5,175,22,0,22,197
03/26/2004,PWM,ME,ANE,EN,Towers with Radar,20,96,32,0,148,0,0,9,0,9,20,96,41,0,157,0,0,0,157
03/27/2004,PWM,ME,ANE,EN,Towers with Radar,20,69,25,0,114,0,0,38,0,38,20,69,63,0,152,34,0,34,186
03/28/2004,PWM,ME,ANE,EN,Towers with Radar,18,52,21,0,91,26,0,57,0,83,44,52,78,0,174,50,0,50,224
03/29/2004,PWM,ME,ANE,EN,Towers with Radar,21,72,24,1,118,10,2,51,4,67,31,74,75,5,185,49,0,49,234
03/30/2004,PWM,ME,ANE,EN,Towers with Radar,20,100,33,1,154,0,0,40,0,40,20,100,73,1,194,48,0,48,242
03/31/2004,PWM,ME,ANE,EN,Towers with Radar,25,88,32,1,146,0,0,0,16,16,25,88,32,17,162,2,0,2,164
04/01/2004,PWM,ME,ANE,EN,Towers with Radar,17,92,19,0,128,0,14,0,0,14,17,106,19,0,142,0,0,0,142
04/02/2004,PWM,ME,ANE,EN,Towers with Radar,19,88,17,0,124,0,12,0,0,12,19,100,17,0,136,0,0,0,136
04/03/2004,PWM,ME,ANE,EN,Towers with Radar,22,69,26,0,117,0,0,0,0,0,22,69,26,0,117,0,0,0,117
04/04/2004,PWM,ME,ANE,EN,Towers with Radar,16,72,20,3,111,9,0,0,0,9,25,72,20,3,120,16,0,16,136
04/05/2004,PWM,ME,ANE,EN,Towers with Radar,16,83,21,3,123,0,17,18,11,46,16,100,39,14,169,4,0,4,173
04/06/2004,PWM,ME,ANE,EN,Towers with Radar,16,96,25,2,139,0,4,45,0,49,16,100,70,2,188,56,0,56,244
04/07/2004,PWM,ME,ANE,EN,Towers with Radar,29,90,34,4,157,1,0,70,11,82,30,90,104,15,239,69,0,69,308
04/08/2004,PWM,ME,ANE,EN,Towers with Radar,23,104,27,3,157,4,8,75,7,94,27,112,102,10,251,20,0,20,271
04/09/2004,PWM,ME,ANE,EN,Towers with Radar,14,83,21,3,121,0,18,61,1,80,14,101,82,4,201,52,0,52,253
04/10/2004,PWM,ME,ANE,EN,Towers with Radar,12,55,14,0,81,5,21,64,0,90,17,76,78,0,171,24,0,24,195
04/11/2004,PWM,ME,ANE,EN,Towers with Radar,15,68,17,0,100,5,8,78,0,91,20,76,95,0,191,62,0,62,253
04/12/2004,PWM,ME,ANE,EN,Towers with Radar,16,70,21,3,110,25,0,41,0,66,41,70,62,3,176,40,0,40,216
04/13/2004,PWM,ME,ANE,EN,Towers with Radar,20,82,14,0,116,27,0,0,0,27,47,82,14,0,143,0,0,0,143
04/14/2004,PWM,ME,ANE,EN,Towers with Radar,18,94,26,0,138,0,16,11,0,27,18,110,37,0,165,0,0,0,165
04/15/2004,PWM,ME,ANE,EN,Towers with Radar,15,113,31,3,162,0,0,23,5,28,15,113,54,8,190,13,2,15,205
04/16/2004,PWM,ME,ANE,EN,Towers with Radar,17,92,25,2,136,0,19,56,1,76,17,111,81,3,212,52,0,52,264
04/17/2004,PWM,ME,ANE,EN,Towers with Radar,18,81,22,2,123,0,0,80,6,86,18,81,102,8,209,85,0,85,294
04/18/2004,PWM,ME,ANE,EN,Towers with Radar,16,68,19,0,103,0,5,78,0,83,16,73,97,0,186,73,0,73,259
04/19/2004,PWM,ME,ANE,EN,Towers with Radar,18,79,22,2,121,15,5,28,2,50,33,84,50,4,171,16,0,16,187
04/20/2004,PWM,ME,ANE,EN,Towers with Radar,15,101,27,2,145,0,0,49,4,53,15,101,76,6,198,40,14,54,252
04/21/2004,PWM,ME,ANE,EN,Towers with Radar,15,100,27,2,144,0,0,52,5,57,15,100,79,7,201,36,0,36,237
04/22/2004,PWM,ME,ANE,EN,Towers with Radar,14,110,30,1,155,0,17,25,0,42,14,127,55,1,197,28,0,28,225
04/23/2004,PWM,ME,ANE,EN,Towers with Radar,15,104,29,0,148,0,0,19,0,19,15,104,48,0,167,70,0,70,237
04/24/2004,PWM,ME,ANE,EN,Towers with Radar,14,77,21,0,112,0,5,25,0,30,14,82,46,0,142,8,0,8,150
04/25/2004,PWM,ME,ANE,EN,Towers with Radar,12,84,23,2,121,0,0,127,1,128,12,84,150,3,249,95,0,95,344
04/26/2004,PWM,ME,ANE,EN,Towers with Radar,17,71,19,0,107,0,16,3,0,19,17,87,22,0,126,0,0,0,126
04/27/2004,PWM,ME,ANE,EN,Towers with Radar,27,94,32,0,153,3,0,8,0,11,30,94,40,0,164,0,0,0,164
04/28/2004,PWM,ME,ANE,EN,Towers with Radar,22,106,29,2,159,0,1,29,3,33,22,107,58,5,192,20,0,20,212
04/29/2004,PWM,ME,ANE,EN,Towers with Radar,24,99,27,0,150,1,0,100,0,101,25,99,127,0,251,66,0,66,317
04/30/2004,PWM,ME,ANE,EN,Towers with Radar,14,78,20,2,114,0,2,88,0,90,14,80,108,2,204,91,0,91,295
05/01/2004,PWM,ME,ANE,EN,Towers with Radar,15,75,28,2,120,0,10,80,0,90,15,85,108,2,210,37,0,37,247
05/02/2004,PWM,ME,ANE,EN,Towers with Radar,14,67,27,0,108,7,0,35,0,42,21,67,62,0,150,30,0,30,180
05/03/2004,PWM,ME,ANE,EN,Towers with Radar,16,91,34,0,141,0,0,4,0,4,16,91,38,0,145,0,0,0,145
05/04/2004,PWM,ME,ANE,EN,Towers with Radar,19,91,36,0,146,6,0,13,0,19,25,91,49,0,165,20,0,20,185
05/05/2004,PWM,ME,ANE,EN,Towers with Radar,18,99,42,2,161,0,0,57,0,57,18,99,99,2,218,58,0,58,276
05/06/2004,PWM,ME,ANE,EN,Towers with Radar,17,108,43,6,174,0,0,90,10,100,17,108,133,16,274,66,0,66,340
05/07/2004,PWM,ME,ANE,EN,Towers with Radar,15,75,28,1,119,3,19,37,0,59,18,94,65,1,178,10,0,10,188
05/08/2004,PWM,ME,ANE,EN,Towers with Radar,11,54,20,0,85,3,26,115,0,144,14,80,135,0,229,62,0,62,291
05/09/2004,PWM,ME,ANE,EN,Towers with Radar,11,57,21,2,91,13,11,42,0,66,24,68,63,2,157,35,0,35,192
05/10/2004,PWM,ME,ANE,EN,Towers with Radar,19,93,37,6,155,5,0,44,2,51,24,93,81,8,206,29,0,29,235
05/11/2004,PWM,ME,ANE,EN,Towers with Radar,20,101,38,6,165,10,1,48,13,72,30,102,86,19,237,26,0,26,263
05/12/2004,PWM,ME,ANE,EN,Towers with Radar,17,95,36,5,153,0,9,90,7,106,17,104,126,12,259,79,0,79,338
05/13/2004,PWM,ME,ANE,EN,Towers with Radar,21,105,44,6,176,0,0,48,18,66,21,105,92,24,242,68,8,76,318
05/14/2004,PWM,ME,ANE,EN,Towers with Radar,22,107,42,0,171,0,2,32,0,34,22,109,74,0,205,8,0,8,213
05/15/2004,PWM,ME,ANE,EN,Towers with Radar,14,64,25,0,103,1,23,26,0,50,15,87,51,0,153,37,0,37,190
05/16/2004,PWM,ME,ANE,EN,Towers with Radar,18,74,35,0,127,0,0,19,0,19,18,74,54,0,146,119,0,119,265
05/17/2004,PWM,ME,ANE,EN,Towers with Radar,17,86,36,5,144,0,0,69,5,74,17,86,105,10,218,75,0,75,293
05/18/2004,PWM,ME,ANE,EN,Towers with Radar,19,97,38,6,160,0,8,0,0,8,19,105,38,6,168,2,4,6,174
05/19/2004,PWM,ME,ANE,EN,Towers with Radar,20,99,40,6,165,0,0,87,8,95,20,99,127,14,260,62,8,70,330
05/20/2004,PWM,ME,ANE,EN,Towers with Radar,22,102,41,5,170,2,0,48,1,51,24,102,89,6,221,48,2,50,271
05/21/2004,PWM,ME,ANE,EN,Towers with Radar,17,92,36,0,145,0,4,63,0,67,17,96,99,0,212,46,0,46,258
05/22/2004,PWM,ME,ANE,EN,Towers with Radar,15,76,30,1,122,0,1,4,0,5,15,77,34,1,127,8,0,8,135
05/23/2004,PWM,ME,ANE,EN,Towers with Radar,17,70,35,0,122,0,0,23,0,23,17,70,58,0,145,21,0,21,166
05/24/2004,PWM,ME,ANE,EN,Towers with Radar,15,87,26,4,132,0,9,0,5,14,15,96,26,9,146,0,0,0,146
05/25/2004,PWM,ME,ANE,EN,Towers with Radar,18,93,45,6,162,0,0,4,6,10,18,93,49,12,172,0,0,0,172
05/26/2004,PWM,ME,ANE,EN,Towers with Radar,19,97,34,5,155,0,1,0,5,6,19,98,34,10,161,0,0,0,161
05/27/2004,PWM,ME,ANE,EN,Towers with Radar,18,112,49,0,179,0,0,28,0,28,18,112,77,0,207,22,0,22,229
05/28/2004,PWM,ME,ANE,EN,Towers with Radar,19,94,35,0,148,0,12,0,0,12,19,106,35,0,160,0,0,0,160
05/29/2004,PWM,ME,ANE,EN,Towers with Radar,17,79,31,0,127,2,19,41,0,62,19,98,72,0,189,14,0,14,203
05/30/2004,PWM,ME,ANE,EN,Towers with Radar,10,46,17,1,74,2,25,68,0,95,12,71,85,1,169,30,0,30,199
05/31/2004,PWM,ME,ANE,EN,Towers with Radar,12,71,27,3,113,0,0,107,6,113,12,71,134,9,226,90,2,92,318
06/01/2004,PWM,ME,ANE,EN,Towers with Radar,17,97,46,2,162,0,0,2,2,4,17,97,48,4,166,0,0,0,166
06/02/2004,PWM,ME,ANE,EN,Towers with Radar,19,99,40,2,160,0,0,0,0,0,19,99,40,2,160,0,0,0,160
06/03/2004,PWM,ME,ANE,EN,Towers with Radar,20,98,39,2,159,0,0,21,0,21,20,98,60,2,180,0,0,0,180
06/04/2004,PWM,ME,ANE,EN,Towers with Radar,16,87,34,0,137,0,18,82,0,100,16,105,116,0,237,28,0,28,265
06/05/2004,PWM,ME,ANE,EN,Towers with Radar,15,72,29,0,116,2,11,83,0,96,17,83,112,0,212,148,0,148,360
06/06/2004,PWM,ME,ANE,EN,Towers with Radar,16,71,29,0,116,4,18,35,0,57,20,89,64,0,173,79,0,79,252
06/07/2004,PWM,ME,ANE,EN,Towers with Radar,17,93,38,0,148,0,8,4,0,12,17,101,42,0,160,0,0,0,160
06/08/2004,PWM,ME,ANE,EN,Towers with Radar,22,96,39,2,159,0,6,88,1,95,22,102,127,3,254,62,0,62,316
06/09/2004,PWM,ME,ANE,EN,Towers with Radar,20,98,40,2,160,0,1,33,9,43,20,99,73,11,203,45,2,47,250
06/10/2004,PWM,ME,ANE,EN,Towers with Radar,23,103,42,0,168,8,1,68,0,77,31,104,110,0,245,60,0,60,305
06/11/2004,PWM,ME,ANE,EN,Towers with Radar,22,96,39,2,159,0,6,75,0,81,22,102,114,2,240,33,0,33,273
06/12/2004,PWM,ME,ANE,EN,Towers with Radar,18,79,32,0,129,9,8,101,4,122,27,87,133,4,251,38,0,38,289
06/13/2004,PWM,ME,ANE,EN,Towers with Radar,19,84,34,0,137,0,3,73,0,76,19,87,107,0,213,43,0,43,256
06/14/2004,PWM,ME,ANE,EN,Towers with Radar,21,97,39,1,158,3,4,2,0,9,24,101,41,1,167,2,0,2,169
06/15/2004,PWM,ME,ANE,EN,Towers with Radar,20,92,37,0,149,0,13,49,0,62,20,105,86,0,211,18,0,18,229
06/16/2004,PWM,ME,ANE,EN,Towers with Radar,24,108,43,1,176,1,7,94,0,102,25,115,137,1,278,88,0,88,366
06/17/2004,PWM,ME,ANE,EN,Towers with Radar,20,93,38,1,152,1,1,80,1,83,21,94,118,2,235,63,0,63,298
06/18/2004,PWM,ME,ANE,EN,Towers with Radar,24,115,46,0,185,0,3,33,0,36,24,118,79,0,221,16,0,16,237
06/19/2004,PWM,ME,ANE,EN,Towers with Radar,20,89,36,0,145,4,1,15,0,20,24,90,51,0,165,0,0,0,165
06/20/2004,PWM,ME,ANE,EN,Towers with Radar,14,64,25,0,103,2,25,78,0,105,16,89,103,0,208,69,0,69,277
06/21/2004,PWM,ME,ANE,EN,Towers with Radar,18,87,34,1,140,2,11,72,3,88,20,98,106,4,228,38,0,38,266
06/22/2004,PWM,ME,ANE,EN,Towers with Radar,26,105,46,0,177,8,0,34,0,42,34,105,80,0,219,28,0,28,247
06/23/2004,PWM,ME,ANE,EN,Towers with Radar,25,96,45,1,167,2,0,81,0,83,27,96,126,1,250,123,0,123,373
06/24/2004,PWM,ME,ANE,EN,Towers with Radar,29,115,51,1,196,0,0,0,3,3,29,115,51,4,199,0,0,0,199
06/25/2004,PWM,ME,ANE,EN,Towers with Radar,20,138,58,1,217,0,0,39,6,45,20,138,97,7,262,3,2,5,267
06/26/2004,PWM,ME,ANE,EN,Towers with Radar,23,103,47,0,173,0,0,18,0,18,23,103,65,0,191,0,0,0,191
06/27/2004,PWM,ME,ANE,EN,Towers with Radar,18,99,38,0,155,0,1,105,0,106,18,100,143,0,261,52,0,52,313
06/28/2004,PWM,ME,ANE,EN,Towers with Radar,20,100,39,1,160,0,11,78,4,93,20,111,117,5,253,48,0,48,301
06/29/2004,PWM,ME,ANE,EN,Towers with Radar,27,122,49,1,199,0,0,45,3,48,27,122,94,4,247,21,0,21,268
06/30/2004,PWM,ME,ANE,EN,Towers with Radar,27,133,51,1,212,0,10,59,6,75,27,143,110,7,287,60,0,60,347
07/01/2004,PWM,ME,ANE,EN,Towers with Radar,27,121,46,2,196,4,33,85,1,123,31,154,131,3,319,76,0,76,395
07/02/2004,PWM,ME,ANE,EN,Towers with Radar,22,121,56,0,199,0,0,78,0,78,22,121,134,0,277,37,0,37,314
07/03/2004,PWM,ME,ANE,EN,Towers with Radar,20,93,36,0,149,7,20,95,0,122,27,113,131,0,271,115,0,115,386
07/04/2004,PWM,ME,ANE,EN,Towers with Radar,15,66,26,0,107,4,31,71,0,106,19,97,97,0,213,11,0,11,224
07/05/2004,PWM,ME,ANE,EN,Towers with Radar,15,108,49,0,172,0,0,28,0,28,15,108,77,0,200,0,0,0,200
07/06/2004,PWM,ME,ANE,EN,Towers with Radar,20,127,54,4,205,0,0,105,0,105,20,127,159,4,310,22,0,22,332
07/07/2004,PWM,ME,ANE,EN,Towers with Radar,18,95,37,0,150,0,29,90,0,119,18,124,127,0,269,51,0,51,320
07/08/2004,PWM,ME,ANE,EN,Towers with Radar,24,111,34,0,169,0,0,0,0,0,24,111,34,0,169,0,0,0,169
07/09/2004,PWM,ME,ANE,EN,Towers with Radar,25,114,44,1,184,4,3,28,0,35,29,117,72,1,219,32,0,32,251
07/10/2004,PWM,ME,ANE,EN,Towers with Radar,22,105,41,1,169,1,16,71,0,88,23,121,112,1,257,6,0,6,263
07/11/2004,PWM,ME,ANE,EN,Towers with Radar,19,99,39,3,160,0,8,97,3,108,19,107,136,6,268,58,0,58,326
07/12/2004,PWM,ME,ANE,EN,Towers with Radar,19,87,34,0,140,6,10,62,0,78,25,97,96,0,218,16,0,16,234
07/13/2004,PWM,ME,ANE,EN,Towers with Radar,24,107,45,3,179,8,0,14,4,26,32,107,59,7,205,6,0,6,211
07/14/2004,PWM,ME,ANE,EN,Towers with Radar,21,96,30,3,150,3,0,0,5,8,24,96,30,8,158,0,0,0,158
07/15/2004,PWM,ME,ANE,EN,Towers with Radar,28,112,50,0,190,2,0,4,0,6,30,112,54,0,196,0,0,0,196
07/16/2004,PWM,ME,ANE,EN,Towers with Radar,28,122,52,3,205,0,0,11,3,14,28,122,63,6,219,18,0,18,237
07/17/2004,PWM,ME,ANE,EN,Towers with Radar,21,95,37,0,153,6,39,39,0,84,27,134,76,0,237,62,0,62,299
07/18/2004,PWM,ME,ANE,EN,Towers with Radar,19,112,46,0,177,0,0,77,0,77,19,112,123,0,254,68,0,68,322
07/19/2004,PWM,ME,ANE,EN,Towers with Radar,24,110,20,0,154,3,0,0,0,3,27,110,20,0,157,0,0,0,157
07/20/2004,PWM,ME,ANE,EN,Towers with Radar,25,115,45,2,187,4,0,27,0,31,29,115,72,2,218,6,0,6,224
07/21/2004,PWM,ME,ANE,EN,Towers with Radar,25,121,46,3,195,3,6,87,0,96,28,127,133,3,291,39,0,39,330
07/22/2004,PWM,ME,ANE,EN,Towers with Radar,25,154,65,3,247,0,0,46,2,48,25,154,111,5,295,36,4,40,335
07/23/2004,PWM,ME,ANE,EN,Towers with Radar,30,149,70,3,252,0,0,26,4,30,30,149,96,7,282,14,4,18,300
07/24/2004,PWM,ME,ANE,EN,Towers with Radar,26,170,67,0,263,0,0,10,0,10,26,170,77,0,273,35,0,35,308
07/25/2004,PWM,ME,ANE,EN,Towers with Radar,21,127,48,0,196,0,32,97,0,129,21,159,145,0,325,102,0,102,427
07/26/2004,PWM,ME,ANE,EN,Towers with Radar,25,120,45,2,192,3,2,106,9,120,28,122,151,11,312,101,8,109,421
07/27/2004,PWM,ME,ANE,EN,Towers with Radar,22,107,40,2,171,8,4,65,3,80,30,111,105,5,251,98,0,98,349
07/28/2004,PWM,ME,ANE,EN,Towers with Radar,26,126,34,2,188,6,0,0,5,11,32,126,34,7,199,0,0,0,199
07/29/2004,PWM,ME,ANE,EN,Towers with Radar,30,131,52,2,215,4,0,57,0,61,34,131,109,2,276,33,0,33,309
07/30/2004,PWM,ME,ANE,EN,Towers with Radar,27,122,51,2,202,0,0,100,9,109,27,122,151,11,311,52,6,58,369
07/31/2004,PWM,ME,ANE,EN,Towers with Radar,22,100,38,0,160,5,23,39,0,67,27,123,77,0,227,63,0,63,290
08/01/2004,PWM,ME,ANE,EN,Towers with Radar,21,114,41,0,176,0,9,26,0,35,21,123,67,0,211,10,0,10,221
08/02/2004,PWM,ME,ANE,EN,Towers with Radar,23,111,40,2,176,0,6,94,14,114,23,117,134,16,290,60,0,60,350
08/03/2004,PWM,ME,ANE,EN,Towers with Radar,22,109,40,2,173,5,7,53,4,69,27,116,93,6,242,40,0,40,282
08/04/2004,PWM,ME,ANE,EN,Towers with Radar,24,129,47,0,200,0,14,97,0,111,24,143,144,0,311,168,0,168,479
08/05/2004,PWM,ME,ANE,EN,Towers with Radar,28,127,53,2,210,0,0,62,2,64,28,127,115,4,274,10,0,10,284
08/06/2004,PWM,ME,ANE,EN,Towers with Radar,25,134,51,2,212,0,0,56,9,65,25,134,107,11,277,36,0,36,313
08/07/2004,PWM,ME,ANE,EN,Towers with Radar,25,121,44,0,190,2,9,45,0,56,27,130,89,0,246,2,0,2,248
08/08/2004,PWM,ME,ANE,EN,Towers with Radar,23,136,51,2,212,0,0,59,1,60,23,136,110,3,272,20,0,20,292
08/09/2004,PWM,ME,ANE,EN,Towers with Radar,21,107,39,2,169,11,5,86,2,104,32,112,125,4,273,54,4,58,331
08/10/2004,PWM,ME,ANE,EN,Towers with Radar,26,129,49,2,206,0,0,102,0,102,26,129,151,2,308,72,0,72,380
08/11/2004,PWM,ME,ANE,EN,Towers with Radar,25,123,46,2,196,3,0,18,1,22,28,123,64,3,218,6,1,7,225
08/12/2004,PWM,ME,ANE,EN,Towers with Radar,25,129,54,2,210,0,0,11,0,11,25,129,65,2,221,0,0,0,221
08/13/2004,PWM,ME,ANE,EN,Towers with Radar,14,46,20,0,80,0,0,0,0,0,14,46,20,0,80,0,0,0,80
08/14/2004,PWM,ME,ANE,EN,Towers with Radar,27,131,49,0,207,0,28,109,0,137,27,159,158,0,344,68,0,68,412
08/15/2004,PWM,ME,ANE,EN,Towers with Radar,22,106,40,0,168,2,19,18,0,39,24,125,58,0,207,0,0,0,207
08/16/2004,PWM,ME,ANE,EN,Towers with Radar,26,119,45,2,192,0,7,35,1,43,26,126,80,3,235,22,0,22,257
08/17/2004,PWM,ME,ANE,EN,Towers with Radar,26,120,45,2,193,4,6,94,6,110,30,126,139,8,303,77,0,77,380
08/18/2004,PWM,ME,ANE,EN,Towers with Radar,25,133,50,2,210,0,6,69,0,75,25,139,119,2,285,56,0,56,341
08/19/2004,PWM,ME,ANE,EN,Towers with Radar,28,135,59,0,222,0,0,7,0,7,28,135,66,0,229,30,0,30,259
08/20/2004,PWM,ME,ANE,EN,Towers with Radar,28,146,54,0,228,0,117,0,0,117,28,263,54,0,345,26,2,28,373
08/21/2004,PWM,ME,ANE,EN,Towers with Radar,22,99,26,1,148,3,23,0,1,27,25,122,26,2,175,0,0,0,175
08/22/2004,PWM,ME,ANE,EN,Towers with Radar,24,110,41,1,176,5,9,116,0,130,29,119,157,1,306,52,0,52,358
08/23/2004,PWM,ME,ANE,EN,Towers with Radar,22,108,41,1,172,0,14,109,3,126,22,122,150,4,298,40,0,40,338
08/24/2004,PWM,ME,ANE,EN,Towers with Radar,26,122,46,0,194,6,11,110,0,127,32,133,156,0,321,56,0,56,377
08/25/2004,PWM,ME,ANE,EN,Towers with Radar,23,108,40,1,172,2,7,102,8,119,25,115,142,9,291,54,2,56,347
08/26/2004,PWM,ME,ANE,EN,Towers with Radar,25,117,42,1,185,0,12,100,3,115,25,129,142,4,300,92,20,112,412
08/27/2004,PWM,ME,ANE,EN,Towers with Radar,27,136,49,1,213,0,8,58,0,66,27,144,107,1,279,101,0,101,380
08/28/2004,PWM,ME,ANE,EN,Towers with Radar,21,104,37,0,162,6,12,50,0,68,27,116,87,0,230,7,0,7,237
08/29/2004,PWM,ME,ANE,EN,Towers with Radar,17,120,45,0,182,0,0,30,0,30,17,120,75,0,212,6,0,6,218
08/30/2004,PWM,ME,ANE,EN,Towers with Radar,27,128,47,1,203,2,8,29,1,40,29,136,76,2,243,10,0,10,253
08/31/2004,PWM,ME,ANE,EN,Towers with Radar,24,111,40,1,176,6,16,23,2,47,30,127,63,3,223,40,0,40,263
09/01/2004,PWM,ME,ANE,EN,Towers with Radar,24,125,34,2,185,0,4,81,12,97,24,129,115,14,282,38,0,38,320
09/02/2004,PWM,ME,ANE,EN,Towers with Radar,28,148,41,2,219,4,8,107,1,120,32,156,148,3,339,30,0,30,369
09/03/2004,PWM,ME,ANE,EN,Towers with Radar,27,141,39,2,209,0,0,103,4,107,27,141,142,6,316,24,0,24,340
09/04/2004,PWM,ME,ANE,EN,Towers with Radar,17,98,27,0,142,8,12,70,0,90,25,110,97,0,232,38,0,38,270
09/05/2004,PWM,ME,ANE,EN,Towers with Radar,17,110,30,0,157,0,4,85,0,89,17,114,115,0,246,47,0,47,293
09/06/2004,PWM,ME,ANE,EN,Towers with Radar,21,108,31,0,160,1,0,76,0,77,22,108,107,0,237,39,0,39,276
09/07/2004,PWM,ME,ANE,EN,Towers with Radar,16,123,38,2,179,0,0,125,4,129,16,123,163,6,308,23,0,23,331
09/08/2004,PWM,ME,ANE,EN,Towers with Radar,13,88,30,0,131,0,0,1,0,1,13,88,31,0,132,0,0,0,132
09/09/2004,PWM,ME,ANE,EN,Towers with Radar,0,16,9,0,25,0,0,0,0,0,0,16,9,0,25,0,0,0,25
09/10/2004,PWM,ME,ANE,EN,Towers with Radar,21,96,39,1,157,0,0,33,0,33,21,96,72,1,190,0,0,0,190
09/11/2004,PWM,ME,ANE,EN,Towers with Radar,15,91,26,1,133,0,22,96,0,118,15,113,122,1,251,8,2,10,261
09/12/2004,PWM,ME,ANE,EN,Towers with Radar,18,94,27,1,140,0,8,85,0,93,18,102,112,1,233,0,0,0,233
09/13/2004,PWM,ME,ANE,EN,Towers with Radar,14,106,30,1,151,0,18,87,0,105,14,124,117,1,256,0,1,1,257
09/14/2004,PWM,ME,ANE,EN,Towers with Radar,23,114,33,1,171,5,4,91,2,102,28,118,124,3,273,131,0,131,404
09/15/2004,PWM,ME,ANE,EN,Towers with Radar,23,125,37,1,186,0,0,75,8,83,23,125,112,9,269,44,8,52,321
09/16/2004,PWM,ME,ANE,EN,Towers with Radar,26,129,37,1,193,0,10,55,2,67,26,139,92,3,260,55,0,55,315
09/17/2004,PWM,ME,ANE,EN,Towers with Radar,24,118,36,1,179,0,0,38,15,53,24,118,74,16,232,17,2,19,251
09/18/2004,PWM,ME,ANE,EN,Towers with Radar,17,89,19,0,125,4,4,0,0,8,21,93,19,0,133,0,0,0,133
09/19/2004,PWM,ME,ANE,EN,Towers with Radar,20,104,30,1,155,0,12,73,8,93,20,116,103,9,248,200,0,200,448
09/20/2004,PWM,ME,ANE,EN,Towers with Radar,21,109,31,1,162,0,5,61,4,70,21,114,92,5,232,31,0,31,263
09/21/2004,PWM,ME,ANE,EN,Towers with Radar,24,120,34,1,179,0,21,65,0,86,24,141,99,1,265,109,0,109,374
09/22/2004,PWM,ME,ANE,EN,Towers with Radar,24,121,35,1,181,4,14,92,0,110,28,135,127,1,291,6,0,6,297
09/23/2004,PWM,ME,ANE,EN,Towers with Radar,21,105,30,1,157,5,16,79,0,100,26,121,109,1,257,67,0,67,324
09/24/2004,PWM,ME,ANE,EN,Towers with Radar,22,111,32,1,166,6,17,97,1,121,28,128,129,2,287,77,0,77,364
09/25/2004,PWM,ME,ANE,EN,Towers with Radar,18,96,26,1,141,7,8,57,7,79,25,104,83,8,220,85,2,87,307
09/26/2004,PWM,ME,ANE,EN,Towers with Radar,19,95,26,1,141,2,10,124,2,138,21,105,150,3,279,114,0,114,393
09/27/2004,PWM,ME,ANE,EN,Towers with Radar,18,95,26,0,139,0,26,76,0,102,18,121,102,0,241,62,0,62,303
09/28/2004,PWM,ME,ANE,EN,Towers with Radar,27,127,32,0,186,3,0,0,0,3,30,127,32,0,189,0,0,0,189
09/29/2004,PWM,ME,ANE,EN,Towers with Radar,22,113,31,1,167,2,16,39,5,62,24,129,70,6,229,25,0,25,254
09/30/2004,PWM,ME,ANE,EN,Towers with Radar,26,121,36,1,184,4,0,67,0,71,30,121,103,1,255,66,0,66,321
10/01/2004,PWM,ME,ANE,EN,Towers with Radar,33,120,53,4,210,0,2,51,1,54,33,122,104,5,264,59,8,67,331
10/02/2004,PWM,ME,ANE,EN,Towers with Radar,23,105,40,0,168,0,0,2,0,2,23,105,42,0,170,0,0,0,170
10/03/2004,PWM,ME,ANE,EN,Towers with Radar,24,102,39,0,165,0,2,95,0,97,24,104,134,0,262,83,0,83,345
10/04/2004,PWM,ME,ANE,EN,Towers with Radar,21,119,56,6,202,0,3,56,0,59,21,122,112,6,261,67,0,67,328
10/05/2004,PWM,ME,ANE,EN,Towers with Radar,25,118,32,0,175,0,0,0,0,0,25,118,32,0,175,48,0,48,223
10/06/2004,PWM,ME,ANE,EN,Towers with Radar,29,122,43,14,208,0,28,67,1,96,29,150,110,15,304,59,0,59,363
10/07/2004,PWM,ME,ANE,EN,Towers with Radar,31,120,35,3,189,0,0,0,0,0,31,120,35,3,189,53,0,53,242
10/08/2004,PWM,ME,ANE,EN,Towers with Radar,27,115,37,0,179,0,1055,82,1,1138,27,1170,119,1,1317,57,0,57,1374
10/09/2004,PWM,ME,ANE,EN,Towers with Radar,23,97,23,0,143,0,0,69,0,69,23,97,92,0,212,311,0,311,523
10/10/2004,PWM,ME,ANE,EN,Towers with Radar,19,102,26,0,147,0,0,41,0,41,19,102,67,0,188,114,0,114,302
10/11/2004,PWM,ME,ANE,EN,Towers with Radar,20,112,38,0,170,0,16,34,2,52,20,128,72,2,222,18,0,18,240
10/12/2004,PWM,ME,ANE,EN,Towers with Radar,25,95,36,0,156,0,1,9,0,10,25,96,45,0,166,32,0,32,198
10/13/2004,PWM,ME,ANE,EN,Towers with Radar,26,115,32,0,173,0,9,113,0,122,26,124,145,0,295,86,0,86,381
10/14/2004,PWM,ME,ANE,EN,Towers with Radar,25,112,28,1,166,0,0,16,0,16,25,112,44,1,182,0,0,0,182
10/15/2004,PWM,ME,ANE,EN,Towers with Radar,25,121,37,0,183,0,0,0,0,0,25,121,37,0,183,0,0,0,183
10/16/2004,PWM,ME,ANE,EN,Towers with Radar,24,100,25,1,150,0,2,17,0,19,24,102,42,1,169,36,0,36,205
10/17/2004,PWM,ME,ANE,EN,Towers with Radar,23,111,26,0,160,0,2,53,0,55,23,113,79,0,215,65,0,65,280
10/18/2004,PWM,ME,ANE,EN,Towers with Radar,21,113,31,7,172,0,4,78,9,91,21,117,109,16,263,76,0,76,339
10/19/2004,PWM,ME,ANE,EN,Towers with Radar,26,115,25,6,172,0,1,28,0,29,26,116,53,6,201,12,0,12,213
10/20/2004,PWM,ME,ANE,EN,Towers with Radar,25,125,29,1,180,0,9,63,3,75,25,134,92,4,255,21,0,21,276
10/21/2004,PWM,ME,ANE,EN,Towers with Radar,33,114,24,8,179,0,2,45,0,47,33,116,69,8,226,45,6,51,277
10/22/2004,PWM,ME,ANE,EN,Towers with Radar,27,112,24,0,163,0,1,18,0,19,27,113,42,0,182,74,0,74,256
10/23/2004,PWM,ME,ANE,EN,Towers with Radar,25,102,19,0,146,0,1,45,0,46,25,103,64,0,192,68,0,68,260
10/24/2004,PWM,ME,ANE,EN,Towers with Radar,22,100,33,0,155,0,0,13,0,13,22,100,46,0,168,54,0,54,222
10/25/2004,PWM,ME,ANE,EN,Towers with Radar,22,111,30,8,171,0,2,28,3,33,22,113,58,11,204,18,0,18,222
10/26/2004,PWM,ME,ANE,EN,Towers with Radar,26,122,32,5,185,0,0,38,0,38,26,122,70,5,223,50,0,50,273
10/27/2004,PWM,ME,ANE,EN,Towers with Radar,25,119,28,0,172,0,7,54,2,63,25,126,82,2,235,66,0,66,301
10/28/2004,PWM,ME,ANE,EN,Towers with Radar,26,114,42,0,182,0,2,69,0,71,26,116,111,0,253,76,0,76,329
10/29/2004,PWM,ME,ANE,EN,Towers with Radar,24,120,34,0,178,0,4,57,1,62,24,124,91,1,240,68,0,68,308
10/30/2004,PWM,ME,ANE,EN,Towers with Radar,20,99,14,0,133,0,2,3,0,5,20,101,17,0,138,18,0,18,156
10/31/2004,PWM,ME,ANE,EN,Towers with Radar,21,103,17,0,141,0,0,30,0,30,21,103,47,0,171,12,0,12,183
11/01/2004,PWM,ME,ANE,EN,Combined TRACON& Tower with Radar,19,101,34,11,165,0,1,32,0,33,19,102,66,11,198,53,0,53,251
11/02/2004,PWM,ME,ANE,EN,Combined TRACON& Tower with Radar,23,120,29,0,172,0,20,6,15,41,23,140,35,15,213,24,0,24,237
11/03/2004,PWM,ME,ANE,EN,Combined TRACON& Tower with Radar,25,161,23,0,209,0,2,15,0,17,25,163,38,0,226,6,0,6,232
11/04/2004,PWM,ME,ANE,EN,Combined TRACON& Tower with Radar,27,111,39,18,195,0,1,68,0,69,27,112,107,18,264,44,0,44,308
11/05/2004,PWM,ME,ANE,EN,Combined TRACON& Tower with Radar,27,108,14,0,149,0,0,0,0,0,27,108,14,0,149,0,0,0,149
11/06/2004,PWM,ME,ANE,EN,Combined TRACON& Tower with Radar,21,82,11,0,114,0,0,42,0,42,21,82,53,0,156,20,0,20,176
11/07/2004,PWM,ME,ANE,EN,Combined TRACON& Tower with Radar,19,80,18,5,122,0,1,60,0,61,19,81,78,5,183,39,4,43,226
11/08/2004,PWM,ME,ANE,EN,Combined TRACON& Tower with Radar,20,101,26,10,157,0,3,34,0,37,20,104,60,10,194,8,0,8,202
11/09/2004,PWM,ME,ANE,EN,Combined TRACON& Tower with Radar,21,109,35,0,165,0,0,62,0,62,21,109,97,0,227,32,0,32,259
11/10/2004,PWM,ME,ANE,EN,Combined TRACON& Tower with Radar,21,114,23,18,176,0,6,71,7,84,21,120,94,25,260,72,0,72,332
11/11/2004,PWM,ME,ANE,EN,Combined TRACON& Tower with Radar,22,108,26,5,161,0,0,49,0,49,22,108,75,5,210,26,2,28,238
11/12/2004,PWM,ME,ANE,EN,Combined TRACON& Tower with Radar,22,107,23,0,152,0,0,0,0,0,22,107,23,0,152,380,0,380,532
11/13/2004,PWM,ME,ANE,EN,Combined TRACON& Tower with Radar,24,72,6,0,102,0,0,12,0,12,24,72,18,0,114,0,0,0,114
11/14/2004,PWM,ME,ANE,EN,Combined TRACON& Tower with Radar,17,89,21,0,127,0,811,1039,0,1850,17,900,1060,0,1977,720,0,720,2697
11/15/2004,PWM,ME,ANE,EN,Combined TRACON& Tower with Radar,25,94,21,0,140,0,1,49,0,50,25,95,70,0,190,52,0,52,242
11/16/2004,PWM,ME,ANE,EN,Combined TRACON& Tower with Radar,24,102,51,12,189,0,7,64,1,72,24,109,115,13,261,54,0,54,315
11/17/2004,PWM,ME,ANE,EN,Combined TRACON& Tower with Radar,21,111,29,1,162,0,2,25,1,28,21,113,54,2,190,42,0,42,232
11/18/2004,PWM,ME,ANE,EN,Combined TRACON& Tower with Radar,23,116,26,10,175,0,2,60,0,62,23,118,86,10,237,24,2,26,263
11/19/2004,PWM,ME,ANE,EN,Combined TRACON& Tower with Radar,21,97,27,15,160,0,1,73,5,79,21,98,100,20,239,24,0,24,263
11/20/2004,PWM,ME,ANE,EN,Combined TRACON& Tower with Radar,18,80,17,0,115,0,10,96,0,106,18,90,113,0,221,67,0,67,288
11/21/2004,PWM,ME,ANE,EN,Combined TRACON& Tower with Radar,16,68,28,0,112,0,1,0,0,1,16,69,28,0,113,0,0,0,113
11/22/2004,PWM,ME,ANE,EN,Combined TRACON& Tower with Radar,20,108,38,5,171,0,7,21,0,28,20,115,59,5,199,29,0,29,228
11/23/2004,PWM,ME,ANE,EN,Combined TRACON& Tower with Radar,21,111,31,2,165,0,4,86,0,90,21,115,117,2,255,68,0,68,323
11/24/2004,PWM,ME,ANE,EN,Combined TRACON& Tower with Radar,21,104,35,0,160,0,2,5,4,11,21,106,40,4,171,0,0,0,171
11/25/2004,PWM,ME,ANE,EN,Combined TRACON& Tower with Radar,20,74,3,0,97,0,0,0,0,0,20,74,3,0,97,0,0,0,97
11/26/2004,PWM,ME,ANE,EN,Combined TRACON& Tower with Radar,22,82,6,0,110,0,5,43,2,50,22,87,49,2,160,20,0,20,180
11/27/2004,PWM,ME,ANE,EN,Combined TRACON& Tower with Radar,17,84,22,0,123,0,4,47,0,51,17,88,69,0,174,6,0,6,180
11/28/2004,PWM,ME,ANE,EN,Combined TRACON& Tower with Radar,20,84,22,0,126,0,0,0,0,0,20,84,22,0,126,0,0,0,126
11/29/2004,PWM,ME,ANE,EN,Combined TRACON& Tower with Radar,20,93,28,4,145,0,1,53,1,55,20,94,81,5,200,42,0,42,242
11/30/2004,PWM,ME,ANE,EN,Combined TRACON& Tower with Radar,35,76,24,0,135,0,0,50,0,50,35,76,74,0,185,33,0,33,218
12/01/2004,PWM,ME,ANE,EN,Combined TRACON& Tower with Radar,31,94,18,0,143,0,1,0,1,2,31,95,18,1,145,0,0,0,145
12/02/2004,PWM,ME,ANE,EN,Combined TRACON& Tower with Radar,26,103,39,8,176,0,1,53,0,54,26,104,92,8,230,29,0,29,259
12/03/2004,PWM,ME,ANE,EN,Combined TRACON& Tower with Radar,27,98,27,0,152,0,0,0,0,0,27,98,27,0,152,0,0,0,152
12/04/2004,PWM,ME,ANE,EN,Combined TRACON& Tower with Radar,24,74,17,0,115,0,2,61,1,64,24,76,78,1,179,14,0,14,193
12/05/2004,PWM,ME,ANE,EN,Combined TRACON& Tower with Radar,20,73,17,0,110,0,2,43,0,45,20,75,60,0,155,0,0,0,155
12/06/2004,PWM,ME,ANE,EN,Combined TRACON& Tower with Radar,21,97,21,0,139,0,3,33,0,36,21,100,54,0,175,18,0,18,193
12/07/2004,PWM,ME,ANE,EN,Combined TRACON& Tower with Radar,22,73,8,0,103,0,0,0,0,0,22,73,8,0,103,0,0,0,103
12/08/2004,PWM,ME,ANE,EN,Combined TRACON& Tower with Radar,29,103,16,0,148,0,1,0,0,1,29,104,16,0,149,0,0,0,149
12/09/2004,PWM,ME,ANE,EN,Combined TRACON& Tower with Radar,27,88,26,0,141,0,1,69,3,73,27,89,95,3,214,60,2,62,276
12/10/2004,PWM,ME,ANE,EN,Combined TRACON& Tower with Radar,27,96,12,0,135,0,0,0,0,0,27,96,12,0,135,0,0,0,135
12/11/2004,PWM,ME,ANE,EN,Combined TRACON& Tower with Radar,22,77,7,0,106,0,0,0,0,0,22,77,7,0,106,0,0,0,106
12/12/2004,PWM,ME,ANE,EN,Combined TRACON& Tower with Radar,30,61,20,0,111,0,0,27,0,27,30,61,47,0,138,30,0,30,168
12/13/2004,PWM,ME,ANE,EN,Combined TRACON& Tower with Radar,17,109,31,0,157,153,0,9,0,162,170,109,40,0,319,4,0,4,323
12/14/2004,PWM,ME,ANE,EN,Combined TRACON& Tower with Radar,25,104,23,18,170,0,18,51,24,93,25,122,74,42,263,62,0,62,325
12/15/2004,PWM,ME,ANE,EN,Combined TRACON& Tower with Radar,27,96,40,8,171,0,4,53,0,57,27,100,93,8,228,40,0,40,268
12/16/2004,PWM,ME,ANE,EN,Combined TRACON& Tower with Radar,26,100,30,0,156,0,5,57,0,62,26,105,87,0,218,27,0,27,245
12/17/2004,PWM,ME,ANE,EN,Combined TRACON& Tower with Radar,27,92,22,2,143,0,4,27,0,31,27,96,49,2,174,20,0,20,194
12/18/2004,PWM,ME,ANE,EN,Combined TRACON& Tower with Radar,20,73,17,0,110,0,0,0,0,0,20,73,17,0,110,88,0,88,198
12/19/2004,PWM,ME,ANE,EN,Combined TRACON& Tower with Radar,19,79,7,0,105,0,0,20,0,20,19,79,27,0,125,24,0,24,149
12/20/2004,PWM,ME,ANE,EN,Combined TRACON& Tower with Radar,21,90,14,0,125,0,1,0,0,1,21,91,14,0,126,0,0,0,126
12/21/2004,PWM,ME,ANE,EN,Combined TRACON& Tower with Radar,31,93,28,0,152,0,3,37,0,40,31,96,65,0,192,22,0,22,214
12/22/2004,PWM,ME,ANE,EN,Combined TRACON& Tower with Radar,27,99,26,5,157,0,1,54,0,55,27,100,80,5,212,31,2,33,245
12/23/2004,PWM,ME,ANE,EN,Combined TRACON& Tower with Radar,24,73,8,12,117,0,0,0,0,0,24,73,8,12,117,0,0,0,117
12/24/2004,PWM,ME,ANE,EN,Combined TRACON& Tower with Radar,26,66,6,0,98,0,0,0,0,0,26,66,6,0,98,5,0,5,103
12/25/2004,PWM,ME,ANE,EN,Combined TRACON& Tower with Radar,16,49,10,0,75,0,1,6,0,7,16,50,16,0,82,0,0,0,82
12/26/2004,PWM,ME,ANE,EN,Combined TRACON& Tower with Radar,21,53,24,0,98,0,0,0,0,0,21,53,24,0,98,0,0,0,98
12/27/2004,PWM,ME,ANE,EN,Combined TRACON& Tower with Radar,23,90,8,1,122,0,3,10,2,15,23,93,18,3,137,0,0,0,137
12/28/2004,PWM,ME,ANE,EN,Combined TRACON& Tower with Radar,22,86,20,9,137,0,2,62,1,65,22,88,82,10,202,31,0,31,233
12/29/2004,PWM,ME,ANE,EN,Combined TRACON& Tower with Radar,22,92,13,4,131,0,2,31,0,33,22,94,44,4,164,20,0,20,184
12/30/2004,PWM,ME,ANE,EN,Combined TRACON& Tower with Radar,30,91,21,0,142,0,3,59,0,62,30,94,80,0,204,122,0,122,326
12/31/2004,PWM,ME,ANE,EN,Combined TRACON& Tower with Radar,21,79,4,0,104,0,0,0,0,0,21,79,4,0,104,0,0,0,104
01/01/2005,PWM,ME,ANE,EN,Combined TRACON& Tower with Radar,16,61,7,0,84,0,0,0,0,0,16,61,7,0,84,0,0,0,84
01/02/2005,PWM,ME,ANE,EN,Combined TRACON& Tower with Radar,20,60,9,0,89,0,0,0,0,0,20,60,9,0,89,52,0,52,141
01/03/2005,PWM,ME,ANE,EN,Combined TRACON& Tower with Radar,19,83,11,0,113,0,1,22,12,35,19,84,33,12,148,4,0,4,152
01/04/2005,PWM,ME,ANE,EN,Combined TRACON& Tower with Radar,22,88,17,4,131,0,0,5,2,7,22,88,22,6,138,0,0,0,138
01/05/2005,PWM,ME,ANE,EN,Combined TRACON& Tower with Radar,23,91,13,2,129,0,2,18,0,20,23,93,31,2,149,40,0,40,189
01/06/2005,PWM,ME,ANE,EN,Combined TRACON& Tower with Radar,24,83,8,6,121,0,1,1,0,2,24,84,9,6,123,0,0,0,123
01/07/2005,PWM,ME,ANE,EN,Combined TRACON& Tower with Radar,28,90,18,0,136,0,1,26,0,27,28,91,44,0,163,22,0,22,185
01/08/2005,PWM,ME,ANE,EN,Combined TRACON& Tower with Radar,16,73,5,4,98,0,0,12,0,12,16,73,17,4,110,10,0,10,120
01/09/2005,PWM,ME,ANE,EN,Combined TRACON& Tower with Radar,19,65,20,2,106,0,2,57,0,59,19,67,77,2,165,77,0,77,242
01/10/2005,PWM,ME,ANE,EN,Combined TRACON& Tower with Radar,17,92,20,7,136,0,2,8,0,10,17,94,28,7,146,0,0,0,146
01/11/2005,PWM,ME,ANE,EN,Combined TRACON& Tower with Radar,20,93,21,0,134,0,2,58,2,62,20,95,79,2,196,32,0,32,228
01/12/2005,PWM,ME,ANE,EN,Combined TRACON& Tower with Radar,16,95,5,2,118,0,0,0,0,0,16,95,5,2,118,0,0,0,118
01/13/2005,PWM,ME,ANE,EN,Combined TRACON& Tower with Radar,19,69,14,0,102,0,0,0,0,0,19,69,14,0,102,0,0,0,102
01/14/2005,PWM,ME,ANE,EN,Combined TRACON& Tower with Radar,19,85,19,7,130,0,1,2,0,3,19,86,21,7,133,0,0,0,133
01/15/2005,PWM,ME,ANE,EN,Combined TRACON& Tower with Radar,17,75,12,0,104,0,0,76,0,76,17,75,88,0,180,54,0,54,234
01/16/2005,PWM,ME,ANE,EN,Combined TRACON& Tower with Radar,28,72,12,0,112,0,0,39,0,39,28,72,51,0,151,61,0,61,212
01/17/2005,PWM,ME,ANE,EN,Combined TRACON& Tower with Radar,23,95,2,0,120,0,1,26,0,27,23,96,28,0,147,8,0,8,155
01/18/2005,PWM,ME,ANE,EN,Combined TRACON& Tower with Radar,20,98,20,0,138,0,5,35,0,40,20,103,55,0,178,34,0,34,212
01/19/2005,PWM,ME,ANE,EN,Combined TRACON& Tower with Radar,20,102,27,0,149,0,2,7,0,9,20,104,34,0,158,20,0,20,178
01/20/2005,PWM,ME,ANE,EN,Combined TRACON& Tower with Radar,22,94,16,0,132,0,5,29,0,34,22,99,45,0,166,2,0,2,168
01/21/2005,PWM,ME,ANE,EN,Combined TRACON& Tower with Radar,25,86,23,0,134,0,1,28,0,29,25,87,51,0,163,6,0,6,169
01/22/2005,PWM,ME,ANE,EN,Combined TRACON& Tower with Radar,15,42,10,0,67,0,1,37,0,38,15,43,47,0,105,59,0,59,164
01/23/2005,PWM,ME,ANE,EN,Combined TRACON& Tower with Radar,0,3,1,0,4,0,0,0,0,0,0,3,1,0,4,0,0,0,4
01/24/2005,PWM,ME,ANE,EN,Combined TRACON& Tower with Radar,15,80,16,0,111,0,1,40,0,41,15,81,56,0,152,62,1,63,215
01/25/2005,PWM,ME,ANE,EN,Combined TRACON& Tower with Radar,24,85,41,0,150,0,3,45,0,48,24,88,86,0,198,26,0,26,224
01/26/2005,PWM,ME,ANE,EN,Combined TRACON& Tower with Radar,19,89,22,0,130,0,0,0,0,0,19,89,22,0,130,0,0,0,130
01/27/2005,PWM,ME,ANE,EN,Combined TRACON& Tower with Radar,23,94,22,16,155,0,0,22,4,26,23,94,44,20,181,16,0,16,197
01/28/2005,PWM,ME,ANE,EN,Combined TRACON& Tower with Radar,0,2,33,6,41,0,0,0,0,0,0,2,33,6,41,32,0,32,73
01/29/2005,PWM,ME,ANE,EN,Combined TRACON& Tower with Radar,20,61,8,0,89,0,0,61,0,61,20,61,69,0,150,52,0,52,202
01/30/2005,PWM,ME,ANE,EN,Combined TRACON& Tower with Radar,16,81,23,0,120,0,1,67,0,68,16,82,90,0,188,50,0,50,238
01/31/2005,PWM,ME,ANE,EN,Combined TRACON& Tower with Radar,15,85,36,15,151,0,3,60,1,64,15,88,96,16,215,74,0,74,289
02/01/2005,PWM,ME,ANE,EN,Combined TRACON& Tower with Radar,22,104,28,0,154,0,2,64,2,68,22,106,92,2,222,94,0,94,316
02/02/2005,PWM,ME,ANE,EN,Combined TRACON& Tower with Radar,29,91,18,9,147,0,3,38,1,42,29,94,56,10,189,70,2,72,261
02/03/2005,PWM,ME,ANE,EN,Combined TRACON& Tower with Radar,25,99,29,7,160,0,2,29,0,31,25,101,58,7,191,40,0,40,231
02/04/2005,PWM,ME,ANE,EN,Combined TRACON& Tower with Radar,20,98,44,0,162,0,0,48,4,52,20,98,92,4,214,54,0,54,268
02/05/2005,PWM,ME,ANE,EN,Combined TRACON& Tower with Radar,22,62,9,0,93,0,6,83,0,89,22,68,92,0,182,116,0,116,298
02/06/2005,PWM,ME,ANE,EN,Combined TRACON& Tower with Radar,13,82,20,0,115,0,1,64,0,65,13,83,84,0,180,121,0,121,301
02/07/2005,PWM,ME,ANE,EN,Combined TRACON& Tower with Radar,21,98,26,0,145,0,3,57,0,60,21,101,83,0,205,16,0,16,221
02/08/2005,PWM,ME,ANE,EN,Combined TRACON& Tower with Radar,22,96,23,9,150,0,1,30,1,32,22,97,53,10,182,8,0,8,190
02/09/2005,PWM,ME,ANE,EN,Combined TRACON& Tower with Radar,22,99,32,1,154,0,1,35,1,37,22,100,67,2,191,42,0,42,233
02/10/2005,PWM,ME,ANE,EN,Combined TRACON& Tower with Radar,13,71,11,0,95,0,0,0,0,0,13,71,11,0,95,0,0,0,95
02/11/2005,PWM,ME,ANE,EN,Combined TRACON& Tower with Radar,21,84,12,0,117,0,0,0,0,0,21,84,12,0,117,0,0,0,117
02/12/2005,PWM,ME,ANE,EN,Combined TRACON& Tower with Radar,20,72,15,2,109,0,0,32,1,33,20,72,47,3,142,48,0,48,190
02/13/2005,PWM,ME,ANE,EN,Combined TRACON& Tower with Radar,15,69,15,0,99,0,1,51,0,52,15,70,66,0,151,59,0,59,210
02/14/2005,PWM,ME,ANE,EN,Combined TRACON& Tower with Radar,17,96,34,12,159,0,0,15,0,15,17,96,49,12,174,76,0,76,250
02/15/2005,PWM,ME,ANE,EN,Combined TRACON& Tower with Radar,21,103,14,0,138,0,0,0,0,0,21,103,14,0,138,14,0,14,152
02/16/2005,PWM,ME,ANE,EN,Combined TRACON& Tower with Radar,20,101,37,0,158,0,0,17,0,17,20,101,54,0,175,31,0,31,206
02/17/2005,PWM,ME,ANE,EN,Combined TRACON& Tower with Radar,29,98,34,5,166,0,1,49,3,53,29,99,83,8,219,38,0,38,257
02/18/2005,PWM,ME,ANE,EN,Combined TRACON& Tower with Radar,30,88,43,0,161,0,0,0,0,0,30,88,43,0,161,49,0,49,210
02/19/2005,PWM,ME,ANE,EN,Combined TRACON& Tower with Radar,21,79,21,0,121,0,0,20,0,20,21,79,41,0,141,24,0,24,165
02/20/2005,PWM,ME,ANE,EN,Combined TRACON& Tower with Radar,24,62,22,0,108,0,0,61,0,61,24,62,83,0,169,99,0,99,268
02/21/2005,PWM,ME,ANE,EN,Combined TRACON& Tower with Radar,7,46,6,0,59,5,28,9,0,42,12,74,15,0,101,0,0,0,101
02/22/2005,PWM,ME,ANE,EN,Combined TRACON& Tower with Radar,23,112,16,0,151,0,0,1,0,1,23,112,17,0,152,0,0,0,152
02/23/2005,PWM,ME,ANE,EN,Combined TRACON& Tower with Radar,21,103,26,6,156,0,1,34,0,35,21,104,60,6,191,10,0,10,201
02/24/2005,PWM,ME,ANE,EN,Combined TRACON& Tower with Radar,31,86,22,7,146,0,4,37,0,41,31,90,59,7,187,14,0,14,201
02/25/2005,PWM,ME,ANE,EN,Combined TRACON& Tower with Radar,20,98,22,2,142,0,0,0,0,0,20,98,22,2,142,380,0,380,522
02/26/2005,PWM,ME,ANE,EN,Combined TRACON& Tower with Radar,24,71,22,0,117,0,0,40,0,40,24,71,62,0,157,52,0,52,209
02/27/2005,PWM,ME,ANE,EN,Combined TRACON& Tower with Radar,15,78,17,3,113,0,1,25,0,26,15,79,42,3,139,20,0,20,159
02/28/2005,PWM,ME,ANE,EN,Combined TRACON& Tower with Radar,15,86,19,13,133,0,1,27,4,32,15,87,46,17,165,56,0,56,221
03/01/2005,PWM,ME,ANE,EN,Combined TRACON& Tower with Radar,18,83,0,0,101,0,0,0,0,0,18,83,0,0,101,0,0,0,101
03/02/2005,PWM,ME,ANE,EN,Combined TRACON& Tower with Radar,27,99,28,2,156,0,3,10,0,13,27,102,38,2,169,40,0,40,209
03/03/2005,PWM,ME,ANE,EN,Combined TRACON& Tower with Radar,35,93,23,18,169,0,0,19,1,20,35,93,42,19,189,24,0,24,213
03/04/2005,PWM,ME,ANE,EN,Combined TRACON& Tower with Radar,39,89,33,0,161,0,0,0,0,0,39,89,33,0,161,58,0,58,219
03/05/2005,PWM,ME,ANE,EN,Combined TRACON& Tower with Radar,20,75,7,20,122,0,3,62,2,67,20,78,69,22,189,34,0,34,223
03/06/2005,PWM,ME,ANE,EN,Combined TRACON& Tower with Radar,14,78,20,0,112,0,0,24,0,24,14,78,44,0,136,54,0,54,190
03/07/2005,PWM,ME,ANE,EN,Combined TRACON& Tower with Radar,33,84,24,11,152,0,0,13,0,13,33,84,37,11,165,29,0,29,194
03/08/2005,PWM,ME,ANE,EN,Combined TRACON& Tower with Radar,17,77,7,0,101,0,0,0,0,0,17,77,7,0,101,0,0,0,101
03/09/2005,PWM,ME,ANE,EN,Combined TRACON& Tower with Radar,27,83,21,8,139,0,0,3,1,4,27,83,24,9,143,0,6,6,149
03/10/2005,PWM,ME,ANE,EN,Combined TRACON& Tower with Radar,39,88,36,2,165,0,1,37,2,40,39,89,73,4,205,8,0,8,213
03/11/2005,PWM,ME,ANE,EN,Combined TRACON& Tower with Radar,24,95,18,6,143,0,0,0,0,0,24,95,18,6,143,9,0,9,152
03/12/2005,PWM,ME,ANE,EN,Combined TRACON& Tower with Radar,14,38,1,0,53,0,0,0,0,0,14,38,1,0,53,0,0,0,53
03/13/2005,PWM,ME,ANE,EN,Combined TRACON& Tower with Radar,18,72,14,1,105,0,0,13,0,13,18,72,27,1,118,19,0,19,137
03/14/2005,PWM,ME,ANE,EN,Combined TRACON& Tower with Radar,27,97,19,3,146,0,0,28,0,28,27,97,47,3,174,56,0,56,230
03/15/2005,PWM,ME,ANE,EN,Combined TRACON& Tower with Radar,35,90,26,7,158,0,1,32,1,34,35,91,58,8,192,470,0,470,662
03/16/2005,PWM,ME,ANE,EN,Combined TRACON& Tower with Radar,22,104,30,13,169,0,2,22,1,25,22,106,52,14,194,74,2,76,270
03/17/2005,PWM,ME,ANE,EN,Combined TRACON& Tower with Radar,29,105,21,13,168,0,4,70,0,74,29,109,91,13,242,58,8,66,308
03/18/2005,PWM,ME,ANE,EN,Combined TRACON& Tower with Radar,21,97,27,0,145,0,0,62,1,63,21,97,89,1,208,55,0,55,263
03/19/2005,PWM,ME,ANE,EN,Combined TRACON& Tower with Radar,17,79,12,0,108,0,0,65,0,65,17,79,77,0,173,64,0,64,237
03/20/2005,PWM,ME,ANE,EN,Combined TRACON& Tower with Radar,16,79,14,0,109,0,1,53,0,54,16,80,67,0,163,49,0,49,212
03/21/2005,PWM,ME,ANE,EN,Combined TRACON& Tower with Radar,28,82,24,0,134,0,0,0,0,0,28,82,24,0,134,20,0,20,154
03/22/2005,PWM,ME,ANE,EN,Combined TRACON& Tower with Radar,25,101,37,0,163,0,0,59,0,59,25,101,96,0,222,30,0,30,252
03/23/2005,PWM,ME,ANE,EN,Combined TRACON& Tower with Radar,21,90,24,7,142,0,2,46,0,48,21,92,70,7,190,25,6,31,221
03/24/2005,PWM,ME,ANE,EN,Combined TRACON& Tower with Radar,32,96,33,6,167,0,2,32,0,34,32,98,65,6,201,11,2,13,214
03/25/2005,PWM,ME,ANE,EN,Combined TRACON& Tower with Radar,28,93,22,6,149,0,7,48,6,61,28,100,70,12,210,49,0,49,259
03/26/2005,PWM,ME,ANE,EN,Combined TRACON& Tower with Radar,34,52,21,0,107,0,0,81,1,82,34,52,102,1,189,80,0,80,269
03/27/2005,PWM,ME,ANE,EN,Combined TRACON& Tower with Radar,12,78,21,0,111,0,0,47,0,47,12,78,68,0,158,32,0,32,190
03/28/2005,PWM,ME,ANE,EN,Combined TRACON& Tower with Radar,19,88,17,0,124,0,0,0,0,0,19,88,17,0,124,0,0,0,124
03/29/2005,PWM,ME,ANE,EN,Combined TRACON& Tower with Radar,20,105,37,0,162,0,0,0,0,0,20,105,37,0,162,0,0,0,162
03/30/2005,PWM,ME,ANE,EN,Combined TRACON& Tower with Radar,22,95,15,0,132,0,10,75,0,85,22,105,90,0,217,8,0,8,225
03/31/2005,PWM,ME,ANE,EN,Combined TRACON& Tower with Radar,29,94,29,7,159,0,2,79,3,84,29,96,108,10,243,68,0,68,311
04/01/2005,PWM,ME,ANE,EN,Combined TRACON& Tower with Radar,25,105,38,0,168,0,0,2,0,2,25,105,40,0,170,0,0,0,170
04/02/2005,PWM,ME,ANE,EN,Combined TRACON& Tower with Radar,27,65,5,12,109,0,0,0,0,0,27,65,5,12,109,0,0,0,109
04/03/2005,PWM,ME,ANE,EN,Combined TRACON& Tower with Radar,0,0,0,0,0,0,0,0,0,0,0,0,0,0,0,0,0,0,0
04/04/2005,PWM,ME,ANE,EN,Combined TRACON& Tower with Radar,22,89,24,3,138,0,1,8,0,9,22,90,32,3,147,0,0,0,147
04/05/2005,PWM,ME,ANE,EN,Combined TRACON& Tower with Radar,24,95,26,4,149,0,2,64,0,66,24,97,90,4,215,98,0,98,313
04/06/2005,PWM,ME,ANE,EN,Combined TRACON& Tower with Radar,24,96,23,0,143,0,3,38,0,41,24,99,61,0,184,41,0,41,225
04/07/2005,PWM,ME,ANE,EN,Combined TRACON& Tower with Radar,28,92,34,0,154,0,0,14,0,14,28,92,48,0,168,8,0,8,176
04/08/2005,PWM,ME,ANE,EN,Combined TRACON& Tower with Radar,35,88,26,0,149,0,3,60,6,69,35,91,86,6,218,48,0,48,266
04/09/2005,PWM,ME,ANE,EN,Combined TRACON& Tower with Radar,26,88,18,0,132,0,4,69,1,74,26,92,87,1,206,29,0,29,235
04/10/2005,PWM,ME,ANE,EN,Combined TRACON& Tower with Radar,34,65,18,2,119,0,0,71,1,72,34,65,89,3,191,115,0,115,306
04/11/2005,PWM,ME,ANE,EN,Combined TRACON& Tower with Radar,22,89,23,7,141,0,0,0,0,0,22,89,23,7,141,6,0,6,147
04/12/2005,PWM,ME,ANE,EN,Combined TRACON& Tower with Radar,26,93,26,2,147,0,1,1,0,2,26,94,27,2,149,0,0,0,149
04/13/2005,PWM,ME,ANE,EN,Combined TRACON& Tower with Radar,22,100,28,16,166,0,4,35,1,40,22,104,63,17,206,57,0,57,263
04/14/2005,PWM,ME,ANE,EN,Combined TRACON& Tower with Radar,38,87,28,0,153,0,1,30,0,31,38,88,58,0,184,12,0,12,196
04/15/2005,PWM,ME,ANE,EN,Combined TRACON& Tower with Radar,25,96,38,0,159,0,0,0,0,0,25,96,38,0,159,41,0,41,200
04/16/2005,PWM,ME,ANE,EN,Combined TRACON& Tower with Radar,33,67,12,3,115,0,0,61,2,63,33,67,73,5,178,120,0,120,298
04/17/2005,PWM,ME,ANE,EN,Combined TRACON& Tower with Radar,22,77,25,0,124,0,2,72,0,74,22,79,97,0,198,137,0,137,335
04/18/2005,PWM,ME,ANE,EN,Combined TRACON& Tower with Radar,26,86,34,10,156,0,1,55,3,59,26,87,89,13,215,14,0,14,229
04/19/2005,PWM,ME,ANE,EN,Combined TRACON& Tower with Radar,33,89,27,0,149,0,2,71,0,73,33,91,98,0,222,45,0,45,267
04/20/2005,PWM,ME,ANE,EN,Combined TRACON& Tower with Radar,35,100,20,1,156,0,2,41,0,43,35,102,61,1,199,26,0,26,225
04/21/2005,PWM,ME,ANE,EN,Combined TRACON& Tower with Radar,27,95,31,7,160,0,0,0,0,0,27,95,31,7,160,7,4,11,171
04/22/2005,PWM,ME,ANE,EN,Combined TRACON& Tower with Radar,25,102,33,10,170,0,0,0,0,0,25,102,33,10,170,22,0,22,192
04/23/2005,PWM,ME,ANE,EN,Combined TRACON& Tower with Radar,18,74,1,1,94,0,0,0,0,0,18,74,1,1,94,0,0,0,94
04/24/2005,PWM,ME,ANE,EN,Combined TRACON& Tower with Radar,18,81,27,0,126,0,0,0,0,0,18,81,27,0,126,0,0,0,126
04/25/2005,PWM,ME,ANE,EN,Combined TRACON& Tower with Radar,27,85,42,4,158,0,0,15,0,15,27,85,57,4,173,2,0,2,175
04/26/2005,PWM,ME,ANE,EN,Combined TRACON& Tower with Radar,33,86,24,0,143,0,2,52,1,55,33,88,76,1,198,54,0,54,252
04/27/2005,PWM,ME,ANE,EN,Combined TRACON& Tower with Radar,32,91,23,0,146,0,0,0,0,0,32,91,23,0,146,0,0,0,146
04/28/2005,PWM,ME,ANE,EN,Combined TRACON& Tower with Radar,24,95,38,0,157,0,0,4,0,4,24,95,42,0,161,3,0,3,164
04/29/2005,PWM,ME,ANE,EN,Combined TRACON& Tower with Radar,24,93,47,1,165,0,3,48,1,52,24,96,95,2,217,38,0,38,255
04/30/2005,PWM,ME,ANE,EN,Combined TRACON& Tower with Radar,26,69,25,0,120,0,1,19,0,20,26,70,44,0,140,20,0,20,160
05/01/2005,PWM,ME,ANE,EN,Combined TRACON& Tower with Radar,20,72,27,0,119,0,0,0,0,0,20,72,27,0,119,7,0,7,126
05/02/2005,PWM,ME,ANE,EN,Combined TRACON& Tower with Radar,28,90,23,0,141,0,4,26,0,30,28,94,49,0,171,39,0,39,210
05/03/2005,PWM,ME,ANE,EN,Combined TRACON& Tower with Radar,35,92,22,1,150,0,4,44,5,53,35,96,66,6,203,63,0,63,266
05/04/2005,PWM,ME,ANE,EN,Combined TRACON& Tower with Radar,32,94,22,0,148,0,3,44,1,48,32,97,66,1,196,11,0,11,207
05/05/2005,PWM,ME,ANE,EN,Combined TRACON& Tower with Radar,27,89,31,0,147,0,0,0,0,0,27,89,31,0,147,94,0,94,241
05/06/2005,PWM,ME,ANE,EN,Combined TRACON& Tower with Radar,28,96,46,0,170,0,1,86,0,87,28,97,132,0,257,64,0,64,321
05/07/2005,PWM,ME,ANE,EN,Combined TRACON& Tower with Radar,26,74,8,0,108,0,0,0,0,0,26,74,8,0,108,0,0,0,108
05/08/2005,PWM,ME,ANE,EN,Combined TRACON& Tower with Radar,19,84,3,0,106,0,0,0,0,0,19,84,3,0,106,0,0,0,106
05/09/2005,PWM,ME,ANE,EN,Combined TRACON& Tower with Radar,34,91,49,1,175,0,1,14,2,17,34,92,63,3,192,0,0,0,192
05/10/2005,PWM,ME,ANE,EN,Combined TRACON& Tower with Radar,29,104,41,12,186,0,0,79,4,83,29,104,120,16,269,28,0,28,297
05/11/2005,PWM,ME,ANE,EN,Combined TRACON& Tower with Radar,37,87,29,1,154,0,1,25,0,26,37,88,54,1,180,22,0,22,202
05/12/2005,PWM,ME,ANE,EN,Combined TRACON& Tower with Radar,31,101,32,0,164,0,0,0,0,0,31,101,32,0,164,2,0,2,166
05/13/2005,PWM,ME,ANE,EN,Combined TRACON& Tower with Radar,34,105,27,0,166,0,6,73,1,80,34,111,100,1,246,28,0,28,274
05/14/2005,PWM,ME,ANE,EN,Combined TRACON& Tower with Radar,22,78,48,0,148,0,0,78,1,79,22,78,126,1,227,116,0,116,343
05/15/2005,PWM,ME,ANE,EN,Combined TRACON& Tower with Radar,25,71,27,0,123,0,0,0,0,0,25,71,27,0,123,0,0,0,123
05/16/2005,PWM,ME,ANE,EN,Combined TRACON& Tower with Radar,38,85,60,0,183,0,0,4,0,4,38,85,64,0,187,4,0,4,191
05/17/2005,PWM,ME,ANE,EN,Combined TRACON& Tower with Radar,33,85,63,0,181,0,1,16,0,17,33,86,79,0,198,12,0,12,210
05/18/2005,PWM,ME,ANE,EN,Combined TRACON& Tower with Radar,24,107,36,0,167,0,1,22,0,23,24,108,58,0,190,8,0,8,198
05/19/2005,PWM,ME,ANE,EN,Combined TRACON& Tower with Radar,28,90,34,1,153,0,3,45,0,48,28,93,79,1,201,26,0,26,227
05/20/2005,PWM,ME,ANE,EN,Combined TRACON& Tower with Radar,20,91,50,0,161,8,4,80,0,92,28,95,130,0,253,106,0,106,359
05/21/2005,PWM,ME,ANE,EN,Combined TRACON& Tower with Radar,23,82,18,0,123,0,0,61,0,61,23,82,79,0,184,0,0,0,184
05/22/2005,PWM,ME,ANE,EN,Combined TRACON& Tower with Radar,21,78,34,0,133,0,0,0,0,0,21,78,34,0,133,0,0,0,133
05/23/2005,PWM,ME,ANE,EN,Combined TRACON& Tower with Radar,33,89,26,0,148,0,0,0,0,0,33,89,26,0,148,0,0,0,148
05/24/2005,PWM,ME,ANE,EN,Combined TRACON& Tower with Radar,44,86,22,2,154,0,0,1,1,2,44,86,23,3,156,0,0,0,156
05/25/2005,PWM,ME,ANE,EN,Combined TRACON& Tower with Radar,25,93,19,0,137,0,0,0,0,0,25,93,19,0,137,0,0,0,137
05/26/2005,PWM,ME,ANE,EN,Combined TRACON& Tower with Radar,27,107,45,0,179,0,0,0,0,0,27,107,45,0,179,0,0,0,179
05/27/2005,PWM,ME,ANE,EN,Combined TRACON& Tower with Radar,31,117,54,0,202,0,0,7,0,7,31,117,61,0,209,0,0,0,209
05/28/2005,PWM,ME,ANE,EN,Combined TRACON& Tower with Radar,27,91,27,0,145,0,5,74,0,79,27,96,101,0,224,146,0,146,370
05/29/2005,PWM,ME,ANE,EN,Combined TRACON& Tower with Radar,28,66,26,0,120,0,0,0,0,0,28,66,26,0,120,50,0,50,170
05/30/2005,PWM,ME,ANE,EN,Combined TRACON& Tower with Radar,36,73,37,7,153,0,1,17,0,18,36,74,54,7,171,24,4,28,199
05/31/2005,PWM,ME,ANE,EN,Combined TRACON& Tower with Radar,33,97,27,4,161,0,1,4,0,5,33,98,31,4,166,0,0,0,166
06/01/2005,PWM,ME,ANE,EN,Combined TRACON& Tower with Radar,29,94,49,13,185,0,1,54,5,60,29,95,103,18,245,129,2,131,376
06/02/2005,PWM,ME,ANE,EN,Combined TRACON& Tower with Radar,37,96,38,7,178,0,3,98,1,102,37,99,136,8,280,54,0,54,334
06/03/2005,PWM,ME,ANE,EN,Combined TRACON& Tower with Radar,40,88,45,0,173,0,3,76,0,79,40,91,121,0,252,28,0,28,280
06/04/2005,PWM,ME,ANE,EN,Combined TRACON& Tower with Radar,25,79,35,0,139,0,4,81,0,85,25,83,116,0,224,121,0,121,345
06/05/2005,PWM,ME,ANE,EN,Combined TRACON& Tower with Radar,22,88,35,0,145,0,0,0,0,0,22,88,35,0,145,58,0,58,203
06/06/2005,PWM,ME,ANE,EN,Combined TRACON& Tower with Radar,28,70,36,4,138,1,0,0,0,1,29,70,36,4,139,0,0,0,139
06/07/2005,PWM,ME,ANE,EN,Combined TRACON& Tower with Radar,37,92,22,9,160,0,2,32,11,45,37,94,54,20,205,10,0,10,215
06/08/2005,PWM,ME,ANE,EN,Combined TRACON& Tower with Radar,28,90,11,0,129,0,4,69,8,81,28,94,80,8,210,58,18,76,286
06/09/2005,PWM,ME,ANE,EN,Combined TRACON& Tower with Radar,48,90,32,4,174,0,1,69,0,70,48,91,101,4,244,120,0,120,364
06/10/2005,PWM,ME,ANE,EN,Combined TRACON& Tower with Radar,37,89,40,6,172,0,0,41,7,48,37,89,81,13,220,138,0,138,358
06/11/2005,PWM,ME,ANE,EN,Combined TRACON& Tower with Radar,29,71,27,0,127,0,0,38,0,38,29,71,65,0,165,26,0,26,191
06/12/2005,PWM,ME,ANE,EN,Combined TRACON& Tower with Radar,45,65,32,0,142,0,0,0,0,0,45,65,32,0,142,6,0,6,148
06/13/2005,PWM,ME,ANE,EN,Combined TRACON& Tower with Radar,25,99,29,0,153,0,7,39,0,46,25,106,68,0,199,64,0,64,263
06/14/2005,PWM,ME,ANE,EN,Combined TRACON& Tower with Radar,36,103,25,0,164,0,0,0,0,0,36,103,25,0,164,0,0,0,164
06/15/2005,PWM,ME,ANE,EN,Combined TRACON& Tower with Radar,43,94,40,0,177,0,0,0,0,0,43,94,40,0,177,0,0,0,177
06/16/2005,PWM,ME,ANE,EN,Combined TRACON& Tower with Radar,27,104,26,0,157,0,0,0,0,0,27,104,26,0,157,0,0,0,157
06/17/2005,PWM,ME,ANE,EN,Combined TRACON& Tower with Radar,38,100,47,4,189,0,0,0,0,0,38,100,47,4,189,0,0,0,189
06/18/2005,PWM,ME,ANE,EN,Combined TRACON& Tower with Radar,33,77,25,0,135,0,0,2,1,3,33,77,27,1,138,0,0,0,138
06/19/2005,PWM,ME,ANE,EN,Combined TRACON& Tower with Radar,32,79,26,0,137,0,0,0,0,0,32,79,26,0,137,75,0,75,212
06/20/2005,PWM,ME,ANE,EN,Combined TRACON& Tower with Radar,47,83,42,0,172,0,0,103,0,103,47,83,145,0,275,81,3,84,359
06/21/2005,PWM,ME,ANE,EN,Combined TRACON& Tower with Radar,42,94,36,7,179,0,1,83,1,85,42,95,119,8,264,69,0,69,333
06/22/2005,PWM,ME,ANE,EN,Combined TRACON& Tower with Radar,33,92,55,23,203,0,3,42,3,48,33,95,97,26,251,63,4,67,318
06/23/2005,PWM,ME,ANE,EN,Combined TRACON& Tower with Radar,43,111,49,6,209,0,0,103,0,103,43,111,152,6,312,81,4,85,397
06/24/2005,PWM,ME,ANE,EN,Combined TRACON& Tower with Radar,33,119,56,7,215,0,0,0,0,0,33,119,56,7,215,57,0,57,272
06/25/2005,PWM,ME,ANE,EN,Combined TRACON& Tower with Radar,36,92,34,1,163,0,0,0,0,0,36,92,34,1,163,22,0,22,185
06/26/2005,PWM,ME,ANE,EN,Combined TRACON& Tower with Radar,36,68,21,0,125,0,2,0,0,2,36,70,21,0,127,39,0,39,166
06/27/2005,PWM,ME,ANE,EN,Combined TRACON& Tower with Radar,43,87,51,11,192,0,1,22,8,31,43,88,73,19,223,4,0,4,227
06/28/2005,PWM,ME,ANE,EN,Combined TRACON& Tower with Radar,51,85,43,0,179,0,2,14,0,16,51,87,57,0,195,2,0,2,197
06/29/2005,PWM,ME,ANE,EN,Combined TRACON& Tower with Radar,39,78,32,6,155,0,0,34,0,34,39,78,66,6,189,57,2,59,248
06/30/2005,PWM,ME,ANE,EN,Combined TRACON& Tower with Radar,41,110,68,2,221,0,0,0,0,0,41,110,68,2,221,21,0,21,242
07/01/2005,PWM,ME,ANE,EN,Combined TRACON& Tower with Radar,39,88,63,0,190,0,0,0,0,0,39,88,63,0,190,0,0,0,190
07/02/2005,PWM,ME,ANE,EN,Combined TRACON& Tower with Radar,46,79,37,0,162,0,0,85,0,85,46,79,122,0,247,64,0,64,311
07/03/2005,PWM,ME,ANE,EN,Combined TRACON& Tower with Radar,42,68,20,0,130,0,0,0,0,0,42,68,20,0,130,117,0,117,247
07/04/2005,PWM,ME,ANE,EN,Combined TRACON& Tower with Radar,35,84,36,0,155,0,8,96,0,104,35,92,132,0,259,14,0,14,273
07/05/2005,PWM,ME,ANE,EN,Combined TRACON& Tower with Radar,40,89,42,0,171,0,5,64,0,69,40,94,106,0,240,33,0,33,273
07/06/2005,PWM,ME,ANE,EN,Combined TRACON& Tower with Radar,41,103,54,0,198,0,22,22,0,44,41,125,76,0,242,0,0,0,242
07/07/2005,PWM,ME,ANE,EN,Combined TRACON& Tower with Radar,37,95,35,6,173,0,0,20,0,20,37,95,55,6,193,34,0,34,227
07/08/2005,PWM,ME,ANE,EN,Combined TRACON& Tower with Radar,37,97,49,0,183,0,0,0,0,0,37,97,49,0,183,0,0,0,183
07/09/2005,PWM,ME,ANE,EN,Combined TRACON& Tower with Radar,35,98,48,0,181,0,0,0,2,2,35,98,48,2,183,0,0,0,183
07/10/2005,PWM,ME,ANE,EN,Combined TRACON& Tower with Radar,33,92,46,0,171,0,3,86,0,89,33,95,132,0,260,88,0,88,348
07/11/2005,PWM,ME,ANE,EN,Combined TRACON& Tower with Radar,70,57,40,0,167,0,2,58,3,63,70,59,98,3,230,60,2,62,292
07/12/2005,PWM,ME,ANE,EN,Combined TRACON& Tower with Radar,44,88,45,4,181,0,0,0,0,0,44,88,45,4,181,72,0,72,253
07/13/2005,PWM,ME,ANE,EN,Combined TRACON& Tower with Radar,39,80,41,1,161,0,1,55,2,58,39,81,96,3,219,75,0,75,294
07/14/2005,PWM,ME,ANE,EN,Combined TRACON& Tower with Radar,38,101,53,0,192,0,3,39,0,42,38,104,92,0,234,34,0,34,268
07/15/2005,PWM,ME,ANE,EN,Combined TRACON& Tower with Radar,31,107,54,7,199,0,4,95,1,100,31,111,149,8,299,68,0,68,367
07/16/2005,PWM,ME,ANE,EN,Combined TRACON& Tower with Radar,28,96,34,1,159,0,4,58,1,63,28,100,92,2,222,54,0,54,276
07/17/2005,PWM,ME,ANE,EN,Combined TRACON& Tower with Radar,33,81,51,2,167,0,2,17,0,19,33,83,68,2,186,20,0,20,206
07/18/2005,PWM,ME,ANE,EN,Combined TRACON& Tower with Radar,29,105,49,0,183,0,2,4,0,6,29,107,53,0,189,10,0,10,199
07/19/2005,PWM,ME,ANE,EN,Combined TRACON& Tower with Radar,45,86,37,0,168,0,1,23,1,25,45,87,60,1,193,18,0,18,211
07/20/2005,PWM,ME,ANE,EN,Combined TRACON& Tower with Radar,43,103,40,0,186,0,9,114,0,123,43,112,154,0,309,108,0,108,417
07/21/2005,PWM,ME,ANE,EN,Combined TRACON& Tower with Radar,44,113,62,12,231,0,6,96,0,102,44,119,158,12,333,67,2,69,402
07/22/2005,PWM,ME,ANE,EN,Combined TRACON& Tower with Radar,34,143,68,5,250,0,2,88,2,92,34,145,156,7,342,56,0,56,398
07/23/2005,PWM,ME,ANE,EN,Combined TRACON& Tower with Radar,34,150,57,0,241,0,0,0,0,0,34,150,57,0,241,77,0,77,318
07/24/2005,PWM,ME,ANE,EN,Combined TRACON& Tower with Radar,54,103,40,0,197,0,14,108,0,122,54,117,148,0,319,68,0,68,387
07/25/2005,PWM,ME,ANE,EN,Combined TRACON& Tower with Radar,38,112,43,0,193,0,1,55,0,56,38,113,98,0,249,2,24,26,275
07/26/2005,PWM,ME,ANE,EN,Combined TRACON& Tower with Radar,51,89,40,7,187,0,0,0,0,0,51,89,40,7,187,145,3,148,335
07/27/2005,PWM,ME,ANE,EN,Combined TRACON& Tower with Radar,48,89,35,4,176,0,4,32,6,42,48,93,67,10,218,49,2,51,269
07/28/2005,PWM,ME,ANE,EN,Combined TRACON& Tower with Radar,66,77,67,1,211,0,3,109,4,116,66,80,176,5,327,135,0,135,462
07/29/2005,PWM,ME,ANE,EN,Combined TRACON& Tower with Radar,34,110,43,8,195,0,8,101,2,111,34,118,144,10,306,63,12,75,381
07/30/2005,PWM,ME,ANE,EN,Combined TRACON& Tower with Radar,35,103,35,1,174,0,2,80,2,84,35,105,115,3,258,78,0,78,336
07/31/2005,PWM,ME,ANE,EN,Combined TRACON& Tower with Radar,36,89,36,15,176,0,0,0,0,0,36,89,36,15,176,99,0,99,275
08/01/2005,PWM,ME,ANE,EN,Combined TRACON& Tower with Radar,36,96,43,3,178,0,1,7,0,8,36,97,50,3,186,0,0,0,186
08/02/2005,PWM,ME,ANE,EN,Combined TRACON& Tower with Radar,65,72,65,0,202,0,4,63,0,67,65,76,128,0,269,38,0,38,307
08/03/2005,PWM,ME,ANE,EN,Combined TRACON& Tower with Radar,51,93,54,1,199,0,4,93,0,97,51,97,147,1,296,38,6,44,340
08/04/2005,PWM,ME,ANE,EN,Combined TRACON& Tower with Radar,58,67,39,12,176,0,0,0,0,0,58,67,39,12,176,76,0,76,252
08/05/2005,PWM,ME,ANE,EN,Combined TRACON& Tower with Radar,32,104,58,16,210,0,6,16,0,22,32,110,74,16,232,6,0,6,238
08/06/2005,PWM,ME,ANE,EN,Combined TRACON& Tower with Radar,31,98,21,0,150,0,4,98,0,102,31,102,119,0,252,24,0,24,276
08/07/2005,PWM,ME,ANE,EN,Combined TRACON& Tower with Radar,43,76,29,0,148,0,0,0,0,0,43,76,29,0,148,71,5,76,224
08/08/2005,PWM,ME,ANE,EN,Combined TRACON& Tower with Radar,34,113,30,0,177,0,0,0,0,0,34,113,30,0,177,26,0,26,203
08/09/2005,PWM,ME,ANE,EN,Combined TRACON& Tower with Radar,72,95,59,1,227,0,5,72,0,77,72,100,131,1,304,43,0,43,347
08/10/2005,PWM,ME,ANE,EN,Combined TRACON& Tower with Radar,46,109,41,0,196,0,9,50,0,59,46,118,91,0,255,70,0,70,325
08/11/2005,PWM,ME,ANE,EN,Combined TRACON& Tower with Radar,40,108,58,9,215,0,2,54,0,56,40,110,112,9,271,86,0,86,357
08/12/2005,PWM,ME,ANE,EN,Combined TRACON& Tower with Radar,41,112,56,0,209,0,0,70,1,71,41,112,126,1,280,92,0,92,372
08/13/2005,PWM,ME,ANE,EN,Combined TRACON& Tower with Radar,38,98,30,2,168,0,1,53,0,54,38,99,83,2,222,16,0,16,238
08/14/2005,PWM,ME,ANE,EN,Combined TRACON& Tower with Radar,37,75,51,9,172,0,0,0,0,0,37,75,51,9,172,16,2,18,190
08/15/2005,PWM,ME,ANE,EN,Combined TRACON& Tower with Radar,42,98,63,0,203,0,1,23,0,24,42,99,86,0,227,0,0,0,227
08/16/2005,PWM,ME,ANE,EN,Combined TRACON& Tower with Radar,61,94,42,1,198,0,0,0,0,0,61,94,42,1,198,46,0,46,244
08/17/2005,PWM,ME,ANE,EN,Combined TRACON& Tower with Radar,37,104,36,0,177,0,2,67,0,69,37,106,103,0,246,36,0,36,282
08/18/2005,PWM,ME,ANE,EN,Combined TRACON& Tower with Radar,34,101,54,0,189,0,2,100,1,103,34,103,154,1,292,32,0,32,324
08/19/2005,PWM,ME,ANE,EN,Combined TRACON& Tower with Radar,42,88,41,4,175,0,4,94,0,98,42,92,135,4,273,82,0,82,355
08/20/2005,PWM,ME,ANE,EN,Combined TRACON& Tower with Radar,33,89,33,6,161,0,0,2,0,2,33,89,35,6,163,0,0,0,163
08/21/2005,PWM,ME,ANE,EN,Combined TRACON& Tower with Radar,36,87,42,0,165,0,0,16,0,16,36,87,58,0,181,6,0,6,187
08/22/2005,PWM,ME,ANE,EN,Combined TRACON& Tower with Radar,45,96,28,0,169,0,0,0,0,0,45,96,28,0,169,26,0,26,195
08/23/2005,PWM,ME,ANE,EN,Combined TRACON& Tower with Radar,46,93,51,2,192,0,2,79,0,81,46,95,130,2,273,45,2,47,320
08/24/2005,PWM,ME,ANE,EN,Combined TRACON& Tower with Radar,40,116,43,0,199,0,107,111,2,220,40,223,154,2,419,96,0,96,515
08/25/2005,PWM,ME,ANE,EN,Combined TRACON& Tower with Radar,38,107,39,0,184,0,7,83,2,92,38,114,122,2,276,86,2,88,364
08/26/2005,PWM,ME,ANE,EN,Combined TRACON& Tower with Radar,6,110,51,2,169,0,7,102,1,110,6,117,153,3,279,86,0,86,365
08/27/2005,PWM,ME,ANE,EN,Combined TRACON& Tower with Radar,35,84,22,0,141,0,0,107,0,107,35,84,129,0,248,62,0,62,310
08/28/2005,PWM,ME,ANE,EN,Combined TRACON& Tower with Radar,45,78,45,0,168,0,1,40,0,41,45,79,85,0,209,37,0,37,246
08/29/2005,PWM,ME,ANE,EN,Combined TRACON& Tower with Radar,41,89,43,0,173,0,0,7,0,7,41,89,50,0,180,0,0,0,180
08/30/2005,PWM,ME,ANE,EN,Combined TRACON& Tower with Radar,40,98,30,1,169,0,0,0,0,0,40,98,30,1,169,0,0,0,169
08/31/2005,PWM,ME,ANE,EN,Combined TRACON& Tower with Radar,39,69,22,0,130,0,0,0,0,0,39,69,22,0,130,0,0,0,130
09/01/2005,PWM,ME,ANE,EN,Combined TRACON& Tower with Radar,37,87,26,18,168,0,5,47,0,52,37,92,73,18,220,0,0,0,220
09/02/2005,PWM,ME,ANE,EN,Combined TRACON& Tower with Radar,37,104,36,0,177,0,1,84,0,85,37,105,120,0,262,40,0,40,302
09/03/2005,PWM,ME,ANE,EN,Combined TRACON& Tower with Radar,27,89,26,0,142,0,2,51,0,53,27,91,77,0,195,50,0,50,245
09/04/2005,PWM,ME,ANE,EN,Combined TRACON& Tower with Radar,22,77,15,0,114,0,0,83,1,84,22,77,98,1,198,73,0,73,271
09/05/2005,PWM,ME,ANE,EN,Combined TRACON& Tower with Radar,42,72,39,0,153,0,2,117,0,119,42,74,156,0,272,86,0,86,358
09/06/2005,PWM,ME,ANE,EN,Combined TRACON& Tower with Radar,41,90,47,8,186,0,7,77,2,86,41,97,124,10,272,62,4,66,338
09/07/2005,PWM,ME,ANE,EN,Combined TRACON& Tower with Radar,48,101,43,7,199,0,3,95,1,99,48,104,138,8,298,60,0,60,358
09/08/2005,PWM,ME,ANE,EN,Combined TRACON& Tower with Radar,40,105,21,14,180,0,4,80,0,84,40,109,101,14,264,60,0,60,324
09/09/2005,PWM,ME,ANE,EN,Combined TRACON& Tower with Radar,37,104,60,1,202,0,2,78,1,81,37,106,138,2,283,140,14,154,437
09/10/2005,PWM,ME,ANE,EN,Combined TRACON& Tower with Radar,17,105,35,0,157,0,5,75,0,80,17,110,110,0,237,52,0,52,289
09/11/2005,PWM,ME,ANE,EN,Combined TRACON& Tower with Radar,19,102,33,0,154,0,4,99,0,103,19,106,132,0,257,51,0,51,308
09/12/2005,PWM,ME,ANE,EN,Combined TRACON& Tower with Radar,35,106,50,10,201,0,0,0,0,0,35,106,50,10,201,52,0,52,253
09/13/2005,PWM,ME,ANE,EN,Combined TRACON& Tower with Radar,40,104,62,6,212,0,4,61,2,67,40,108,123,8,279,73,0,73,352
09/14/2005,PWM,ME,ANE,EN,Combined TRACON& Tower with Radar,24,115,38,0,177,0,3,16,0,19,24,118,54,0,196,0,0,0,196
09/15/2005,PWM,ME,ANE,EN,Combined TRACON& Tower with Radar,23,103,30,0,156,0,0,0,0,0,23,103,30,0,156,0,0,0,156
09/16/2005,PWM,ME,ANE,EN,Combined TRACON& Tower with Radar,38,88,33,10,169,0,0,0,0,0,38,88,33,10,169,0,0,0,169
09/17/2005,PWM,ME,ANE,EN,Combined TRACON& Tower with Radar,30,83,30,5,148,0,0,8,0,8,30,83,38,5,156,61,0,61,217
09/18/2005,PWM,ME,ANE,EN,Combined TRACON& Tower with Radar,29,87,34,7,157,0,0,18,0,18,29,87,52,7,175,55,6,61,236
09/19/2005,PWM,ME,ANE,EN,Combined TRACON& Tower with Radar,42,90,35,11,178,0,2,108,2,112,42,92,143,13,290,75,0,75,365
09/20/2005,PWM,ME,ANE,EN,Combined TRACON& Tower with Radar,0,0,0,0,0,0,0,0,0,0,0,0,0,0,0,2,0,2,2
09/21/2005,PWM,ME,ANE,EN,Combined TRACON& Tower with Radar,24,113,35,0,172,0,4,83,0,87,24,117,118,0,259,54,0,54,313
09/22/2005,PWM,ME,ANE,EN,Combined TRACON& Tower with Radar,45,94,44,3,186,0,2,75,1,78,45,96,119,4,264,61,2,63,327
09/23/2005,PWM,ME,ANE,EN,Combined TRACON& Tower with Radar,27,108,47,0,182,0,3,62,1,66,27,111,109,1,248,46,0,46,294
09/24/2005,PWM,ME,ANE,EN,Combined TRACON& Tower with Radar,27,97,24,9,157,0,5,74,3,82,27,102,98,12,239,34,0,34,273
09/25/2005,PWM,ME,ANE,EN,Combined TRACON& Tower with Radar,32,79,30,0,141,0,0,54,2,56,32,79,84,2,197,11,0,11,208
09/26/2005,PWM,ME,ANE,EN,Combined TRACON& Tower with Radar,33,104,27,8,172,0,0,0,0,0,33,104,27,8,172,0,0,0,172
09/27/2005,PWM,ME,ANE,EN,Combined TRACON& Tower with Radar,33,110,25,11,179,0,1,31,0,32,33,111,56,11,211,46,0,46,257
09/28/2005,PWM,ME,ANE,EN,Combined TRACON& Tower with Radar,29,109,40,14,192,0,0,86,3,89,29,109,126,17,281,57,0,57,338
09/29/2005,PWM,ME,ANE,EN,Combined TRACON& Tower with Radar,35,105,24,0,164,0,0,6,0,6,35,105,30,0,170,0,0,0,170
09/30/2005,PWM,ME,ANE,EN,Combined TRACON& Tower with Radar,37,95,19,0,151,0,3,62,0,65,37,98,81,0,216,10,0,10,226
10/01/2005,PWM,ME,ANE,EN,Combined TRACON& Tower with Radar,29,76,15,0,120,0,1,69,0,70,29,77,84,0,190,18,0,18,208
10/02/2005,PWM,ME,ANE,EN,Combined TRACON& Tower with Radar,20,83,26,0,129,0,4,88,0,92,20,87,114,0,221,97,0,97,318
10/03/2005,PWM,ME,ANE,EN,Combined TRACON& Tower with Radar,39,66,27,0,132,0,0,58,0,58,39,66,85,0,190,27,0,27,217
10/04/2005,PWM,ME,ANE,EN,Combined TRACON& Tower with Radar,19,89,36,0,144,0,0,23,1,24,19,89,59,1,168,16,0,16,184
10/05/2005,PWM,ME,ANE,EN,Combined TRACON& Tower with Radar,11,73,29,0,113,0,0,20,0,20,11,73,49,0,133,0,0,0,133
10/06/2005,PWM,ME,ANE,EN,Combined TRACON& Tower with Radar,13,61,44,0,118,0,0,4,0,4,13,61,48,0,122,0,0,0,122
10/07/2005,PWM,ME,ANE,EN,Combined TRACON& Tower with Radar,27,88,43,0,158,0,0,0,0,0,27,88,43,0,158,2,0,2,160
10/08/2005,PWM,ME,ANE,EN,Combined TRACON& Tower with Radar,20,81,16,0,117,0,0,0,0,0,20,81,16,0,117,7,0,7,124
10/09/2005,PWM,ME,ANE,EN,Combined TRACON& Tower with Radar,18,79,36,0,133,0,0,0,0,0,18,79,36,0,133,0,0,0,133
10/10/2005,PWM,ME,ANE,EN,Combined TRACON& Tower with Radar,43,74,37,0,154,0,2,2,0,4,43,76,39,0,158,0,0,0,158
10/11/2005,PWM,ME,ANE,EN,Combined TRACON& Tower with Radar,20,106,32,7,165,0,0,14,0,14,20,106,46,7,179,0,0,0,179
10/12/2005,PWM,ME,ANE,EN,Combined TRACON& Tower with Radar,50,70,33,0,153,0,1,14,1,16,50,71,47,1,169,10,0,10,179
10/13/2005,PWM,ME,ANE,EN,Combined TRACON& Tower with Radar,19,98,26,5,148,0,0,4,0,4,19,98,30,5,152,0,0,0,152
10/14/2005,PWM,ME,ANE,EN,Combined TRACON& Tower with Radar,22,100,32,2,156,0,0,0,1,1,22,100,32,3,157,0,0,0,157
10/15/2005,PWM,ME,ANE,EN,Combined TRACON& Tower with Radar,25,89,6,0,120,0,0,0,0,0,25,89,6,0,120,0,0,0,120
10/16/2005,PWM,ME,ANE,EN,Combined TRACON& Tower with Radar,21,74,21,0,116,0,0,5,0,5,21,74,26,0,121,2,0,2,123
10/17/2005,PWM,ME,ANE,EN,Combined TRACON& Tower with Radar,43,70,24,5,142,0,0,33,0,33,43,70,57,5,175,9,0,9,184
10/18/2005,PWM,ME,ANE,EN,Combined TRACON& Tower with Radar,34,92,42,0,168,0,2,19,0,21,34,94,61,0,189,21,0,21,210
10/19/2005,PWM,ME,ANE,EN,Combined TRACON& Tower with Radar,40,92,35,0,167,0,10,53,3,66,40,102,88,3,233,28,0,28,261
10/20/2005,PWM,ME,ANE,EN,Combined TRACON& Tower with Radar,32,94,25,0,151,0,0,0,0,0,32,94,25,0,151,10,0,10,161
10/21/2005,PWM,ME,ANE,EN,Combined TRACON& Tower with Radar,20,106,28,0,154,0,6,94,4,104,20,112,122,4,258,79,0,79,337
10/22/2005,PWM,ME,ANE,EN,Combined TRACON& Tower with Radar,29,72,20,0,121,0,1,48,3,52,29,73,68,3,173,42,0,42,215
10/23/2005,PWM,ME,ANE,EN,Combined TRACON& Tower with Radar,11,84,18,2,115,0,0,0,0,0,11,84,18,2,115,0,0,0,115
10/24/2005,PWM,ME,ANE,EN,Combined TRACON& Tower with Radar,25,85,43,0,153,0,0,6,0,6,25,85,49,0,159,0,0,0,159
10/25/2005,PWM,ME,ANE,EN,Combined TRACON& Tower with Radar,31,65,12,0,108,0,0,0,0,0,31,65,12,0,108,0,0,0,108
10/26/2005,PWM,ME,ANE,EN,Combined TRACON& Tower with Radar,32,95,20,2,149,0,1,2,1,4,32,96,22,3,153,0,0,0,153
10/27/2005,PWM,ME,ANE,EN,Combined TRACON& Tower with Radar,33,96,29,1,159,0,0,0,0,0,33,96,29,1,159,41,0,41,200
10/28/2005,PWM,ME,ANE,EN,Combined TRACON& Tower with Radar,27,106,31,14,178,0,0,52,0,52,27,106,83,14,230,28,7,35,265
10/29/2005,PWM,ME,ANE,EN,Combined TRACON& Tower with Radar,18,83,6,0,107,0,13,18,0,31,18,96,24,0,138,164,0,164,302
10/30/2005,PWM,ME,ANE,EN,Combined TRACON& Tower with Radar,21,78,25,0,124,0,0,0,0,0,21,78,25,0,124,75,0,75,199
10/31/2005,PWM,ME,ANE,EN,Combined TRACON& Tower with Radar,18,87,32,21,158,0,3,70,0,73,18,90,102,21,231,32,0,32,263
11/01/2005,PWM,ME,ANE,EN,Combined TRACON& Tower with Radar,31,82,19,0,132,0,1,64,1,66,31,83,83,1,198,24,0,24,222
11/02/2005,PWM,ME,ANE,EN,Combined TRACON& Tower with Radar,29,88,20,8,145,0,2,34,2,38,29,90,54,10,183,0,0,0,183
11/03/2005,PWM,ME,ANE,EN,Combined TRACON& Tower with Radar,26,90,34,11,161,0,4,28,0,32,26,94,62,11,193,2,0,2,195
11/04/2005,PWM,ME,ANE,EN,Combined TRACON& Tower with Radar,35,85,38,8,166,0,0,35,0,35,35,85,73,8,201,15,3,18,219
11/05/2005,PWM,ME,ANE,EN,Combined TRACON& Tower with Radar,16,73,20,0,109,0,0,42,0,42,16,73,62,0,151,15,0,15,166
11/06/2005,PWM,ME,ANE,EN,Combined TRACON& Tower with Radar,20,69,13,0,102,0,0,0,0,0,20,69,13,0,102,0,0,0,102
11/07/2005,PWM,ME,ANE,EN,Combined TRACON& Tower with Radar,19,84,33,0,136,0,1,14,1,16,19,85,47,1,152,26,0,26,178
11/08/2005,PWM,ME,ANE,EN,Combined TRACON& Tower with Radar,23,94,28,4,149,0,9,60,0,69,23,103,88,4,218,39,0,39,257
11/09/2005,PWM,ME,ANE,EN,Combined TRACON& Tower with Radar,18,88,15,6,127,0,1,50,0,51,18,89,65,6,178,17,0,17,195
11/10/2005,PWM,ME,ANE,EN,Combined TRACON& Tower with Radar,16,97,18,0,131,0,4,19,0,23,16,101,37,0,154,0,0,0,154
11/11/2005,PWM,ME,ANE,EN,Combined TRACON& Tower with Radar,19,90,34,0,143,0,3,60,3,66,19,93,94,3,209,37,2,39,248
11/12/2005,PWM,ME,ANE,EN,Combined TRACON& Tower with Radar,17,69,7,0,93,0,1,117,6,124,17,70,124,6,217,72,0,72,289
11/13/2005,PWM,ME,ANE,EN,Combined TRACON& Tower with Radar,18,70,15,0,103,0,0,76,0,76,18,70,91,0,179,60,0,60,239
11/14/2005,PWM,ME,ANE,EN,Combined TRACON& Tower with Radar,21,85,38,7,151,0,0,30,0,30,21,85,68,7,181,34,0,34,215
11/15/2005,PWM,ME,ANE,EN,Combined TRACON& Tower with Radar,22,86,15,0,123,0,0,9,0,9,22,86,24,0,132,0,0,0,132
11/16/2005,PWM,ME,ANE,EN,Combined TRACON& Tower with Radar,0,0,0,0,0,0,0,0,0,0,0,0,0,0,0,0,0,0,0
11/17/2005,PWM,ME,ANE,EN,Combined TRACON& Tower with Radar,25,87,27,0,139,0,8,45,10,63,25,95,72,10,202,4,0,4,206
11/18/2005,PWM,ME,ANE,EN,Combined TRACON& Tower with Radar,28,87,16,0,131,0,1,53,0,54,28,88,69,0,185,22,0,22,207
11/19/2005,PWM,ME,ANE,EN,Combined TRACON& Tower with Radar,20,68,26,0,114,0,2,81,2,85,20,70,107,2,199,45,0,45,244
11/20/2005,PWM,ME,ANE,EN,Combined TRACON& Tower with Radar,19,67,31,0,117,0,0,73,0,73,19,67,104,0,190,106,0,106,296
11/21/2005,PWM,ME,ANE,EN,Combined TRACON& Tower with Radar,22,81,30,1,134,0,0,70,24,94,22,81,100,25,228,0,0,0,228
11/22/2005,PWM,ME,ANE,EN,Combined TRACON& Tower with Radar,31,80,21,0,132,0,0,0,0,0,31,80,21,0,132,0,0,0,132
11/23/2005,PWM,ME,ANE,EN,Combined TRACON& Tower with Radar,27,93,36,1,157,0,0,4,0,4,27,93,40,1,161,3,0,3,164
11/24/2005,PWM,ME,ANE,EN,Combined TRACON& Tower with Radar,21,52,0,0,73,0,0,0,0,0,21,52,0,0,73,0,0,0,73
11/25/2005,PWM,ME,ANE,EN,Combined TRACON& Tower with Radar,14,79,6,0,99,4,2,27,0,33,18,81,33,0,132,10,0,10,142
11/26/2005,PWM,ME,ANE,EN,Combined TRACON& Tower with Radar,18,82,27,0,127,0,0,21,1,22,18,82,48,1,149,12,0,12,161
11/27/2005,PWM,ME,ANE,EN,Combined TRACON& Tower with Radar,19,72,23,0,114,0,0,62,0,62,19,72,85,0,176,22,0,22,198
11/28/2005,PWM,ME,ANE,EN,Combined TRACON& Tower with Radar,17,88,35,0,140,0,0,0,0,0,17,88,35,0,140,0,0,0,140
11/29/2005,PWM,ME,ANE,EN,Combined TRACON& Tower with Radar,33,86,16,0,135,0,0,0,0,0,33,86,16,0,135,0,0,0,135
11/30/2005,PWM,ME,ANE,EN,Combined TRACON& Tower with Radar,19,96,19,0,134,0,0,0,0,0,19,96,19,0,134,0,0,0,134
12/01/2005,PWM,ME,ANE,EN,Combined TRACON& Tower with Radar,32,81,47,2,162,0,3,44,0,47,32,84,91,2,209,24,0,24,233
12/02/2005,PWM,ME,ANE,EN,Combined TRACON& Tower with Radar,23,90,18,0,131,0,2,15,0,17,23,92,33,0,148,20,0,20,168
12/03/2005,PWM,ME,ANE,EN,Combined TRACON& Tower with Radar,20,63,2,0,85,10,1,29,0,40,30,64,31,0,125,32,0,32,157
12/04/2005,PWM,ME,ANE,EN,Combined TRACON& Tower with Radar,23,54,18,0,95,0,0,4,0,4,23,54,22,0,99,0,0,0,99
12/05/2005,PWM,ME,ANE,EN,Combined TRACON& Tower with Radar,18,80,21,0,119,0,6,40,0,46,18,86,61,0,165,45,0,45,210
12/06/2005,PWM,ME,ANE,EN,Combined TRACON& Tower with Radar,31,83,22,10,146,0,7,17,0,24,31,90,39,10,170,24,10,34,204
12/07/2005,PWM,ME,ANE,EN,Combined TRACON& Tower with Radar,23,94,20,6,143,0,0,0,0,0,23,94,20,6,143,0,0,0,143
12/08/2005,PWM,ME,ANE,EN,Combined TRACON& Tower with Radar,21,86,29,1,137,0,2,70,0,72,21,88,99,1,209,74,0,74,283
12/09/2005,PWM,ME,ANE,EN,Combined TRACON& Tower with Radar,19,61,18,0,98,0,0,1,0,1,19,61,19,0,99,0,0,0,99
12/10/2005,PWM,ME,ANE,EN,Combined TRACON& Tower with Radar,27,63,20,0,110,0,1,43,0,44,27,64,63,0,154,40,0,40,194
12/11/2005,PWM,ME,ANE,EN,Combined TRACON& Tower with Radar,8,81,12,0,101,0,0,0,0,0,8,81,12,0,101,33,0,33,134
12/12/2005,PWM,ME,ANE,EN,Combined TRACON& Tower with Radar,22,80,26,0,128,0,1,17,1,19,22,81,43,1,147,6,0,6,153
12/13/2005,PWM,ME,ANE,EN,Combined TRACON& Tower with Radar,37,75,29,5,146,0,5,44,1,50,37,80,73,6,196,7,0,7,203
12/14/2005,PWM,ME,ANE,EN,Combined TRACON& Tower with Radar,19,88,29,0,136,0,0,58,1,59,19,88,87,1,195,35,0,35,230
12/15/2005,PWM,ME,ANE,EN,Combined TRACON& Tower with Radar,28,85,28,13,154,0,5,61,2,68,28,90,89,15,222,41,0,41,263
12/16/2005,PWM,ME,ANE,EN,Combined TRACON& Tower with Radar,16,84,7,2,109,0,0,0,0,0,16,84,7,2,109,0,0,0,109
12/17/2005,PWM,ME,ANE,EN,Combined TRACON& Tower with Radar,26,66,12,0,104,0,5,14,0,19,26,71,26,0,123,68,0,68,191
12/18/2005,PWM,ME,ANE,EN,Combined TRACON& Tower with Radar,20,61,19,0,100,0,0,52,0,52,20,61,71,0,152,58,0,58,210
12/19/2005,PWM,ME,ANE,EN,Combined TRACON& Tower with Radar,23,79,45,0,147,0,0,25,0,25,23,79,70,0,172,34,0,34,206
12/20/2005,PWM,ME,ANE,EN,Combined TRACON& Tower with Radar,28,84,16,15,143,0,3,42,1,46,28,87,58,16,189,20,0,20,209
12/21/2005,PWM,ME,ANE,EN,Combined TRACON& Tower with Radar,31,92,32,0,155,0,2,33,0,35,31,94,65,0,190,42,0,42,232
12/22/2005,PWM,ME,ANE,EN,Combined TRACON& Tower with Radar,23,100,22,6,151,0,7,30,1,38,23,107,52,7,189,24,12,36,225
12/23/2005,PWM,ME,ANE,EN,Combined TRACON& Tower with Radar,28,89,27,0,144,0,1,34,0,35,28,90,61,0,179,8,0,8,187
12/24/2005,PWM,ME,ANE,EN,Combined TRACON& Tower with Radar,27,59,0,0,86,0,4,18,0,22,27,63,18,0,108,7,0,7,115
12/25/2005,PWM,ME,ANE,EN,Combined TRACON& Tower with Radar,20,54,2,0,76,0,0,0,0,0,20,54,2,0,76,0,0,0,76
12/26/2005,PWM,ME,ANE,EN,Combined TRACON& Tower with Radar,24,58,19,0,101,0,0,0,0,0,24,58,19,0,101,0,0,0,101
12/27/2005,PWM,ME,ANE,EN,Combined TRACON& Tower with Radar,30,76,17,0,123,0,1,15,0,16,30,77,32,0,139,18,0,18,157
12/28/2005,PWM,ME,ANE,EN,Combined TRACON& Tower with Radar,22,92,18,0,132,0,2,71,3,76,22,94,89,3,208,68,0,68,276
12/29/2005,PWM,ME,ANE,EN,Combined TRACON& Tower with Radar,12,89,8,0,109,0,0,0,0,0,12,89,8,0,109,0,0,0,109
12/30/2005,PWM,ME,ANE,EN,Combined TRACON& Tower with Radar,18,94,18,0,130,0,1,17,3,21,18,95,35,3,151,0,0,0,151
12/31/2005,PWM,ME,ANE,EN,Combined TRACON& Tower with Radar,9,69,4,1,83,0,1,38,3,42,9,70,42,4,125,70,0,70,195
01/01/2006,PWM,ME,ANE,EN,Combined TRACON& Tower with Radar,18,65,12,0,95,0,2,4,0,6,18,67,16,0,101,0,0,0,101
01/02/2006,PWM,ME,ANE,EN,Combined TRACON& Tower with Radar,24,64,12,0,100,0,1,21,0,22,24,65,33,0,122,34,0,34,156
01/03/2006,PWM,ME,ANE,EN,Combined TRACON& Tower with Radar,21,65,18,4,108,0,1,8,0,9,21,66,26,4,117,0,0,0,117
01/04/2006,PWM,ME,ANE,EN,Combined TRACON& Tower with Radar,24,83,27,0,134,0,0,25,0,25,24,83,52,0,159,18,0,18,177
01/05/2006,PWM,ME,ANE,EN,Combined TRACON& Tower with Radar,25,79,14,2,120,0,0,0,0,0,25,79,14,2,120,0,0,0,120
01/06/2006,PWM,ME,ANE,EN,Combined TRACON& Tower with Radar,29,68,17,14,128,0,0,3,0,3,29,68,20,14,131,12,0,12,143
01/07/2006,PWM,ME,ANE,EN,Combined TRACON& Tower with Radar,20,62,25,0,107,0,2,88,0,90,20,64,113,0,197,97,0,97,294
01/08/2006,PWM,ME,ANE,EN,Combined TRACON& Tower with Radar,10,61,13,0,84,0,0,8,0,8,10,61,21,0,92,8,0,8,100
01/09/2006,PWM,ME,ANE,EN,Combined TRACON& Tower with Radar,26,72,20,2,120,0,0,0,0,0,26,72,20,2,120,0,0,0,120
01/10/2006,PWM,ME,ANE,EN,Combined TRACON& Tower with Radar,32,69,32,0,133,0,4,52,0,56,32,73,84,0,189,76,0,76,265
01/11/2006,PWM,ME,ANE,EN,Combined TRACON& Tower with Radar,17,84,26,0,127,0,4,13,0,17,17,88,39,0,144,44,0,44,188
01/12/2006,PWM,ME,ANE,EN,Combined TRACON& Tower with Radar,13,84,35,4,136,0,2,58,1,61,13,86,93,5,197,66,0,66,263
01/13/2006,PWM,ME,ANE,EN,Combined TRACON& Tower with Radar,22,59,30,1,112,0,4,87,2,93,22,63,117,3,205,61,0,61,266
01/14/2006,PWM,ME,ANE,EN,Combined TRACON& Tower with Radar,11,58,5,0,74,0,0,0,0,0,11,58,5,0,74,0,0,0,74
01/15/2006,PWM,ME,ANE,EN,Combined TRACON& Tower with Radar,10,51,6,0,67,0,0,0,0,0,10,51,6,0,67,0,0,0,67
01/16/2006,PWM,ME,ANE,EN,Combined TRACON& Tower with Radar,25,73,9,0,107,0,4,7,0,11,25,77,16,0,118,0,0,0,118
01/17/2006,PWM,ME,ANE,EN,Combined TRACON& Tower with Radar,19,80,32,2,133,0,14,62,1,77,19,94,94,3,210,16,2,18,228
01/18/2006,PWM,ME,ANE,EN,Combined TRACON& Tower with Radar,23,60,10,0,93,1,0,0,0,1,24,60,10,0,94,0,0,0,94
01/19/2006,PWM,ME,ANE,EN,Combined TRACON& Tower with Radar,30,79,29,13,151,0,7,32,3,42,30,86,61,16,193,20,8,28,221
01/20/2006,PWM,ME,ANE,EN,Combined TRACON& Tower with Radar,23,83,26,8,140,0,8,53,5,66,23,91,79,13,206,78,8,86,292
01/21/2006,PWM,ME,ANE,EN,Combined TRACON& Tower with Radar,15,61,9,0,85,0,2,23,2,27,15,63,32,2,112,54,0,54,166
01/22/2006,PWM,ME,ANE,EN,Combined TRACON& Tower with Radar,14,56,13,0,83,0,0,68,0,68,14,56,81,0,151,105,0,105,256
01/23/2006,PWM,ME,ANE,EN,Combined TRACON& Tower with Radar,23,63,22,0,108,0,0,0,0,0,23,63,22,0,108,0,0,0,108
01/24/2006,PWM,ME,ANE,EN,Combined TRACON& Tower with Radar,18,84,34,3,139,0,1,30,1,32,18,85,64,4,171,72,0,72,243
01/25/2006,PWM,ME,ANE,EN,Combined TRACON& Tower with Radar,23,81,34,6,144,0,0,303,0,303,23,81,337,6,447,0,0,0,447
01/26/2006,PWM,ME,ANE,EN,Combined TRACON& Tower with Radar,18,84,23,29,154,0,1,19,0,20,18,85,42,29,174,18,0,18,192
01/27/2006,PWM,ME,ANE,EN,Combined TRACON& Tower with Radar,25,81,30,1,137,0,1,76,3,80,25,82,106,4,217,102,0,102,319
01/28/2006,PWM,ME,ANE,EN,Combined TRACON& Tower with Radar,20,56,8,1,85,0,0,63,0,63,20,56,71,1,148,100,0,100,248
01/29/2006,PWM,ME,ANE,EN,Combined TRACON& Tower with Radar,24,45,15,0,84,0,0,35,0,35,24,45,50,0,119,52,2,54,173
01/30/2006,PWM,ME,ANE,EN,Combined TRACON& Tower with Radar,17,72,13,0,102,0,0,0,0,0,17,72,13,0,102,0,0,0,102
01/31/2006,PWM,ME,ANE,EN,Combined TRACON& Tower with Radar,20,75,14,9,118,0,0,0,0,0,20,75,14,9,118,0,0,0,118
02/01/2006,PWM,ME,ANE,EN,Combined TRACON& Tower with Radar,26,75,20,0,121,0,5,19,0,24,26,80,39,0,145,38,0,38,183
02/02/2006,PWM,ME,ANE,EN,Combined TRACON& Tower with Radar,15,83,43,4,145,0,1,17,0,18,15,84,60,4,163,20,0,20,183
02/03/2006,PWM,ME,ANE,EN,Combined TRACON& Tower with Radar,20,86,13,0,119,0,0,0,0,0,20,86,13,0,119,0,0,0,119
02/04/2006,PWM,ME,ANE,EN,Combined TRACON& Tower with Radar,19,53,13,0,85,0,1,59,0,60,19,54,72,0,145,57,0,57,202
02/05/2006,PWM,ME,ANE,EN,Combined TRACON& Tower with Radar,9,64,12,0,85,0,0,5,0,5,9,64,17,0,90,50,0,50,140
02/06/2006,PWM,ME,ANE,EN,Combined TRACON& Tower with Radar,28,63,22,4,117,0,0,8,0,8,28,63,30,4,125,0,0,0,125
02/07/2006,PWM,ME,ANE,EN,Combined TRACON& Tower with Radar,20,78,24,32,154,0,1,22,2,25,20,79,46,34,179,8,0,8,187
02/08/2006,PWM,ME,ANE,EN,Combined TRACON& Tower with Radar,15,75,28,11,129,0,1,42,0,43,15,76,70,11,172,35,0,35,207
02/09/2006,PWM,ME,ANE,EN,Combined TRACON& Tower with Radar,19,80,29,6,134,0,4,33,0,37,19,84,62,6,171,24,0,24,195
02/10/2006,PWM,ME,ANE,EN,Combined TRACON& Tower with Radar,19,72,28,4,123,0,2,37,0,39,19,74,65,4,162,61,0,61,223
02/11/2006,PWM,ME,ANE,EN,Combined TRACON& Tower with Radar,19,54,15,0,88,0,7,55,0,62,19,61,70,0,150,100,0,100,250
02/12/2006,PWM,ME,ANE,EN,Combined TRACON& Tower with Radar,10,12,3,0,25,0,0,0,0,0,10,12,3,0,25,0,0,0,25
02/13/2006,PWM,ME,ANE,EN,Combined TRACON& Tower with Radar,27,62,23,0,112,0,3,26,0,29,27,65,49,0,141,12,0,12,153
02/14/2006,PWM,ME,ANE,EN,Combined TRACON& Tower with Radar,25,71,35,0,131,0,2,30,0,32,25,73,65,0,163,16,0,16,179
02/15/2006,PWM,ME,ANE,EN,Combined TRACON& Tower with Radar,23,74,23,2,122,0,3,36,0,39,23,77,59,2,161,25,4,29,190
02/16/2006,PWM,ME,ANE,EN,Combined TRACON& Tower with Radar,21,81,16,6,124,0,1,55,0,56,21,82,71,6,180,20,0,20,200
02/17/2006,PWM,ME,ANE,EN,Combined TRACON& Tower with Radar,25,72,16,6,119,0,0,1,0,1,25,72,17,6,120,0,0,0,120
02/18/2006,PWM,ME,ANE,EN,Combined TRACON& Tower with Radar,17,61,4,0,82,0,0,1,0,1,17,61,5,0,83,2,0,2,85
02/19/2006,PWM,ME,ANE,EN,Combined TRACON& Tower with Radar,17,66,8,0,91,0,0,0,0,0,17,66,8,0,91,0,0,0,91
02/20/2006,PWM,ME,ANE,EN,Combined TRACON& Tower with Radar,28,60,27,0,115,0,0,58,0,58,28,60,85,0,173,0,0,0,173
02/21/2006,PWM,ME,ANE,EN,Combined TRACON& Tower with Radar,25,75,12,0,112,0,5,7,0,12,25,80,19,0,124,64,0,64,188
02/22/2006,PWM,ME,ANE,EN,Combined TRACON& Tower with Radar,17,76,35,0,128,0,5,89,4,98,17,81,124,4,226,93,0,93,319
02/23/2006,PWM,ME,ANE,EN,Combined TRACON& Tower with Radar,20,78,29,0,127,0,7,10,0,17,20,85,39,0,144,45,0,45,189
02/24/2006,PWM,ME,ANE,EN,Combined TRACON& Tower with Radar,23,66,17,4,110,0,1,9,0,10,23,67,26,4,120,11,0,11,131
02/25/2006,PWM,ME,ANE,EN,Combined TRACON& Tower with Radar,22,50,5,0,77,0,0,22,4,26,22,50,27,4,103,39,0,39,142
02/26/2006,PWM,ME,ANE,EN,Combined TRACON& Tower with Radar,17,62,15,0,94,0,2,14,0,16,17,64,29,0,110,0,0,0,110
02/27/2006,PWM,ME,ANE,EN,Combined TRACON& Tower with Radar,26,76,15,0,117,0,2,23,0,25,26,78,38,0,142,4,0,4,146
02/28/2006,PWM,ME,ANE,EN,Combined TRACON& Tower with Radar,12,97,19,11,139,0,2,19,3,24,12,99,38,14,163,0,0,0,163
03/01/2006,PWM,ME,ANE,EN,Combined TRACON& Tower with Radar,20,71,30,3,124,0,2,32,0,34,20,73,62,3,158,34,0,34,192
03/02/2006,PWM,ME,ANE,EN,Combined TRACON& Tower with Radar,18,72,20,12,122,0,1,20,1,22,18,73,40,13,144,6,0,6,150
03/03/2006,PWM,ME,ANE,EN,Combined TRACON& Tower with Radar,28,66,23,18,135,0,3,20,4,27,28,69,43,22,162,12,0,12,174
03/04/2006,PWM,ME,ANE,EN,Combined TRACON& Tower with Radar,22,54,8,6,90,0,0,19,3,22,22,54,27,9,112,11,0,11,123
03/05/2006,PWM,ME,ANE,EN,Combined TRACON& Tower with Radar,23,53,32,6,114,0,0,63,0,63,23,53,95,6,177,66,0,66,243
03/06/2006,PWM,ME,ANE,EN,Combined TRACON& Tower with Radar,24,67,21,0,112,0,1,30,0,31,24,68,51,0,143,12,0,12,155
03/07/2006,PWM,ME,ANE,EN,Combined TRACON& Tower with Radar,24,69,24,6,123,0,1,82,2,85,24,70,106,8,208,28,0,28,236
03/08/2006,PWM,ME,ANE,EN,Combined TRACON& Tower with Radar,19,80,43,5,147,0,9,52,0,61,19,89,95,5,208,84,0,84,292
03/09/2006,PWM,ME,ANE,EN,Combined TRACON& Tower with Radar,17,94,21,0,132,0,0,7,0,7,17,94,28,0,139,0,0,0,139
03/10/2006,PWM,ME,ANE,EN,Combined TRACON& Tower with Radar,26,68,38,0,132,0,0,0,0,0,26,68,38,0,132,0,0,0,132
03/11/2006,PWM,ME,ANE,EN,Combined TRACON& Tower with Radar,13,64,14,0,91,0,4,75,3,82,13,68,89,3,173,40,0,40,213
03/12/2006,PWM,ME,ANE,EN,Combined TRACON& Tower with Radar,31,47,20,0,98,0,0,0,0,0,31,47,20,0,98,112,0,112,210
03/13/2006,PWM,ME,ANE,EN,Combined TRACON& Tower with Radar,33,55,44,0,132,0,0,15,0,15,33,55,59,0,147,43,0,43,190
03/14/2006,PWM,ME,ANE,EN,Combined TRACON& Tower with Radar,34,68,14,0,116,0,1,8,0,9,34,69,22,0,125,0,0,0,125
03/15/2006,PWM,ME,ANE,EN,Combined TRACON& Tower with Radar,31,75,26,0,132,0,23,8,0,31,31,98,34,0,163,29,0,29,192
03/16/2006,PWM,ME,ANE,EN,Combined TRACON& Tower with Radar,34,70,15,8,127,0,5,17,0,22,34,75,32,8,149,25,0,25,174
03/17/2006,PWM,ME,ANE,EN,Combined TRACON& Tower with Radar,25,78,25,0,128,0,4,66,0,70,25,82,91,0,198,45,0,45,243
03/18/2006,PWM,ME,ANE,EN,Combined TRACON& Tower with Radar,15,58,10,0,83,0,2,55,0,57,15,60,65,0,140,33,0,33,173
03/19/2006,PWM,ME,ANE,EN,Combined TRACON& Tower with Radar,26,47,13,0,86,0,0,54,0,54,26,47,67,0,140,206,0,206,346
03/20/2006,PWM,ME,ANE,EN,Combined TRACON& Tower with Radar,24,64,38,1,127,0,0,30,1,31,24,64,68,2,158,36,0,36,194
03/21/2006,PWM,ME,ANE,EN,Combined TRACON& Tower with Radar,17,77,30,1,125,0,1,51,1,53,17,78,81,2,178,49,0,49,227
03/22/2006,PWM,ME,ANE,EN,Combined TRACON& Tower with Radar,24,83,48,3,158,0,2,25,1,28,24,85,73,4,186,36,0,36,222
03/23/2006,PWM,ME,ANE,EN,Combined TRACON& Tower with Radar,25,92,38,0,155,0,3,33,2,38,25,95,71,2,193,21,0,21,214
03/24/2006,PWM,ME,ANE,EN,Combined TRACON& Tower with Radar,27,72,52,11,162,0,6,59,0,65,27,78,111,11,227,82,0,82,309
03/25/2006,PWM,ME,ANE,EN,Combined TRACON& Tower with Radar,15,58,13,5,91,0,3,43,2,48,15,61,56,7,139,123,0,123,262
03/26/2006,PWM,ME,ANE,EN,Combined TRACON& Tower with Radar,9,63,21,0,93,0,0,0,0,0,9,63,21,0,93,36,0,36,129
03/27/2006,PWM,ME,ANE,EN,Combined TRACON& Tower with Radar,27,62,32,0,121,0,4,81,3,88,27,66,113,3,209,60,0,60,269
03/28/2006,PWM,ME,ANE,EN,Combined TRACON& Tower with Radar,22,69,37,0,128,0,3,69,0,72,22,72,106,0,200,46,0,46,246
03/29/2006,PWM,ME,ANE,EN,Combined TRACON& Tower with Radar,19,90,15,7,131,0,2,89,5,96,19,92,104,12,227,70,0,70,297
03/30/2006,PWM,ME,ANE,EN,Combined TRACON& Tower with Radar,23,74,24,12,133,0,0,62,1,63,23,74,86,13,196,50,0,50,246
03/31/2006,PWM,ME,ANE,EN,Combined TRACON& Tower with Radar,18,80,24,0,122,0,1,58,0,59,18,81,82,0,181,33,0,33,214
04/01/2006,PWM,ME,ANE,EN,Combined TRACON& Tower with Radar,12,57,21,0,90,0,0,8,0,8,12,57,29,0,98,34,0,34,132
04/02/2006,PWM,ME,ANE,EN,Combined TRACON& Tower with Radar,14,64,29,0,107,0,0,0,0,0,14,64,29,0,107,60,0,60,167
04/03/2006,PWM,ME,ANE,EN,Combined TRACON& Tower with Radar,17,74,26,0,117,0,0,48,4,52,17,74,74,4,169,55,0,55,224
04/04/2006,PWM,ME,ANE,EN,Combined TRACON& Tower with Radar,21,74,22,0,117,0,0,0,0,0,21,74,22,0,117,0,0,0,117
04/05/2006,PWM,ME,ANE,EN,Combined TRACON& Tower with Radar,17,83,25,0,125,0,2,23,1,26,17,85,48,1,151,24,0,24,175
04/06/2006,PWM,ME,ANE,EN,Combined TRACON& Tower with Radar,22,87,41,22,172,0,1,19,7,27,22,88,60,29,199,14,0,14,213
04/07/2006,PWM,ME,ANE,EN,Combined TRACON& Tower with Radar,24,68,31,6,129,0,0,23,1,24,24,68,54,7,153,2,0,2,155
04/08/2006,PWM,ME,ANE,EN,Combined TRACON& Tower with Radar,9,64,8,0,81,0,0,32,0,32,9,64,40,0,113,31,0,31,144
04/09/2006,PWM,ME,ANE,EN,Combined TRACON& Tower with Radar,14,69,17,0,100,0,1,0,0,1,14,70,17,0,101,49,0,49,150
04/10/2006,PWM,ME,ANE,EN,Combined TRACON& Tower with Radar,15,78,16,24,133,0,0,68,2,70,15,78,84,26,203,41,0,41,244
04/11/2006,PWM,ME,ANE,EN,Combined TRACON& Tower with Radar,17,82,35,14,148,0,5,55,0,60,17,87,90,14,208,69,0,69,277
04/12/2006,PWM,ME,ANE,EN,Combined TRACON& Tower with Radar,15,91,22,11,139,0,0,0,0,0,15,91,22,11,139,86,4,90,229
04/13/2006,PWM,ME,ANE,EN,Combined TRACON& Tower with Radar,23,78,32,9,142,0,7,11,5,23,23,85,43,14,165,0,0,0,165
04/14/2006,PWM,ME,ANE,EN,Combined TRACON& Tower with Radar,17,86,18,0,121,0,1,80,0,81,17,87,98,0,202,63,0,63,265
04/15/2006,PWM,ME,ANE,EN,Combined TRACON& Tower with Radar,16,58,29,0,103,0,0,0,0,0,16,58,29,0,103,0,0,0,103
04/16/2006,PWM,ME,ANE,EN,Combined TRACON& Tower with Radar,10,67,10,0,87,0,0,0,0,0,10,67,10,0,87,430,0,430,517
04/17/2006,PWM,ME,ANE,EN,Combined TRACON& Tower with Radar,27,65,33,7,132,0,0,0,0,0,27,65,33,7,132,2,0,2,134
04/18/2006,PWM,ME,ANE,EN,Combined TRACON& Tower with Radar,26,77,37,6,146,0,3,18,2,23,26,80,55,8,169,4,0,4,173
04/19/2006,PWM,ME,ANE,EN,Combined TRACON& Tower with Radar,15,81,17,0,113,0,3,27,0,30,15,84,44,0,143,11,0,11,154
04/20/2006,PWM,ME,ANE,EN,Combined TRACON& Tower with Radar,20,83,29,6,138,0,0,0,0,0,20,83,29,6,138,22,0,22,160
04/21/2006,PWM,ME,ANE,EN,Combined TRACON& Tower with Radar,8,94,20,0,122,0,2,57,3,62,8,96,77,3,184,52,0,52,236
04/22/2006,PWM,ME,ANE,EN,Combined TRACON& Tower with Radar,12,75,10,1,98,0,0,69,2,71,12,75,79,3,169,70,0,70,239
04/23/2006,PWM,ME,ANE,EN,Combined TRACON& Tower with Radar,9,77,22,0,108,0,0,0,0,0,9,77,22,0,108,24,0,24,132
04/24/2006,PWM,ME,ANE,EN,Combined TRACON& Tower with Radar,12,76,38,0,126,0,0,4,0,4,12,76,42,0,130,0,0,0,130
04/25/2006,PWM,ME,ANE,EN,Combined TRACON& Tower with Radar,18,80,29,0,127,0,5,31,0,36,18,85,60,0,163,40,0,40,203
04/26/2006,PWM,ME,ANE,EN,Combined TRACON& Tower with Radar,14,85,26,9,134,0,2,51,0,53,14,87,77,9,187,26,0,26,213
04/27/2006,PWM,ME,ANE,EN,Combined TRACON& Tower with Radar,18,84,39,8,149,0,7,81,1,89,18,91,120,9,238,34,0,34,272
04/28/2006,PWM,ME,ANE,EN,Combined TRACON& Tower with Radar,13,82,25,1,121,0,5,0,0,5,13,87,25,1,126,37,2,39,165
04/29/2006,PWM,ME,ANE,EN,Combined TRACON& Tower with Radar,15,59,7,0,81,0,3,93,1,97,15,62,100,1,178,0,39,39,217
04/30/2006,PWM,ME,ANE,EN,Combined TRACON& Tower with Radar,21,57,12,0,90,0,2,118,3,123,21,59,130,3,213,52,0,52,265
05/01/2006,PWM,ME,ANE,EN,Combined TRACON& Tower with Radar,16,87,14,7,124,0,5,32,0,37,16,92,46,7,161,52,2,54,215
05/02/2006,PWM,ME,ANE,EN,Combined TRACON& Tower with Radar,23,76,15,0,114,0,0,0,0,0,23,76,15,0,114,0,0,0,114
05/03/2006,PWM,ME,ANE,EN,Combined TRACON& Tower with Radar,17,86,25,2,130,0,0,0,0,0,17,86,25,2,130,0,0,0,130
05/04/2006,PWM,ME,ANE,EN,Combined TRACON& Tower with Radar,18,85,40,4,147,0,2,57,3,62,18,87,97,7,209,77,0,77,286
05/05/2006,PWM,ME,ANE,EN,Combined TRACON& Tower with Radar,15,84,18,2,119,0,1,70,2,73,15,85,88,4,192,44,0,44,236
05/06/2006,PWM,ME,ANE,EN,Combined TRACON& Tower with Radar,6,70,17,2,95,0,1,94,0,95,6,71,111,2,190,44,0,44,234
05/07/2006,PWM,ME,ANE,EN,Combined TRACON& Tower with Radar,23,62,13,0,98,0,0,0,0,0,23,62,13,0,98,46,8,54,152
05/08/2006,PWM,ME,ANE,EN,Combined TRACON& Tower with Radar,15,68,30,6,119,0,0,80,0,80,15,68,110,6,199,68,0,68,267
05/09/2006,PWM,ME,ANE,EN,Combined TRACON& Tower with Radar,26,82,32,12,152,0,2,24,0,26,26,84,56,12,178,22,0,22,200
05/10/2006,PWM,ME,ANE,EN,Combined TRACON& Tower with Radar,18,85,39,3,145,0,0,0,0,0,18,85,39,3,145,0,0,0,145
05/11/2006,PWM,ME,ANE,EN,Combined TRACON& Tower with Radar,23,81,39,2,145,0,0,0,0,0,23,81,39,2,145,0,0,0,145
05/12/2006,PWM,ME,ANE,EN,Combined TRACON& Tower with Radar,19,87,31,0,137,0,0,0,0,0,19,87,31,0,137,0,0,0,137
05/13/2006,PWM,ME,ANE,EN,Combined TRACON& Tower with Radar,17,68,10,0,95,0,0,0,0,0,17,68,10,0,95,0,0,0,95
05/14/2006,PWM,ME,ANE,EN,Combined TRACON& Tower with Radar,25,59,29,0,113,0,0,0,0,0,25,59,29,0,113,0,0,0,113
05/15/2006,PWM,ME,ANE,EN,Combined TRACON& Tower with Radar,26,73,24,13,136,0,0,0,0,0,26,73,24,13,136,0,0,0,136
05/16/2006,PWM,ME,ANE,EN,Combined TRACON& Tower with Radar,29,79,36,6,150,0,0,1,0,1,29,79,37,6,151,0,0,0,151
05/17/2006,PWM,ME,ANE,EN,Combined TRACON& Tower with Radar,24,84,34,2,144,0,16,3,0,19,24,100,37,2,163,42,0,42,205
05/18/2006,PWM,ME,ANE,EN,Combined TRACON& Tower with Radar,15,87,32,1,135,0,2,22,0,24,15,89,54,1,159,16,0,16,175
05/19/2006,PWM,ME,ANE,EN,Combined TRACON& Tower with Radar,15,80,33,0,128,0,1,0,0,1,15,81,33,0,129,0,0,0,129
05/20/2006,PWM,ME,ANE,EN,Combined TRACON& Tower with Radar,18,61,31,0,110,0,0,40,0,40,18,61,71,0,150,46,0,46,196
05/21/2006,PWM,ME,ANE,EN,Combined TRACON& Tower with Radar,14,67,27,0,108,0,0,0,0,0,14,67,27,0,108,28,0,28,136
05/22/2006,PWM,ME,ANE,EN,Combined TRACON& Tower with Radar,26,73,31,0,130,0,1,36,0,37,26,74,67,0,167,52,0,52,219
05/23/2006,PWM,ME,ANE,EN,Combined TRACON& Tower with Radar,32,84,41,8,165,0,4,56,1,61,32,88,97,9,226,33,0,33,259
05/24/2006,PWM,ME,ANE,EN,Combined TRACON& Tower with Radar,25,81,31,0,137,0,0,0,0,0,25,81,31,0,137,44,2,46,183
05/25/2006,PWM,ME,ANE,EN,Combined TRACON& Tower with Radar,26,95,25,0,146,0,4,84,2,90,26,99,109,2,236,36,0,36,272
05/26/2006,PWM,ME,ANE,EN,Combined TRACON& Tower with Radar,26,78,50,2,156,0,2,28,2,32,26,80,78,4,188,22,0,22,210
05/27/2006,PWM,ME,ANE,EN,Combined TRACON& Tower with Radar,25,64,37,0,126,0,0,28,0,28,25,64,65,0,154,860,0,860,1014
05/28/2006,PWM,ME,ANE,EN,Combined TRACON& Tower with Radar,27,73,14,0,114,0,4,69,0,73,27,77,83,0,187,49,0,49,236
05/29/2006,PWM,ME,ANE,EN,Combined TRACON& Tower with Radar,15,74,18,0,107,0,1,63,3,67,15,75,81,3,174,26,12,38,212
05/30/2006,PWM,ME,ANE,EN,Combined TRACON& Tower with Radar,32,76,28,0,136,0,1,36,0,37,32,77,64,0,173,41,0,41,214
05/31/2006,PWM,ME,ANE,EN,Combined TRACON& Tower with Radar,24,96,39,3,162,0,2,16,0,18,24,98,55,3,180,34,0,34,214
06/01/2006,PWM,ME,ANE,EN,Combined TRACON& Tower with Radar,29,86,44,0,159,0,0,0,0,0,29,86,44,0,159,38,0,38,197
06/02/2006,PWM,ME,ANE,EN,Combined TRACON& Tower with Radar,22,74,24,0,120,0,4,9,0,13,22,78,33,0,133,0,0,0,133
06/03/2006,PWM,ME,ANE,EN,Combined TRACON& Tower with Radar,30,71,14,0,115,0,0,0,0,0,30,71,14,0,115,0,0,0,115
06/04/2006,PWM,ME,ANE,EN,Combined TRACON& Tower with Radar,24,80,38,0,142,0,0,0,0,0,24,80,38,0,142,0,0,0,142
06/05/2006,PWM,ME,ANE,EN,Combined TRACON& Tower with Radar,25,85,43,0,153,0,1,12,0,13,25,86,55,0,166,43,0,43,209
06/06/2006,PWM,ME,ANE,EN,Combined TRACON& Tower with Radar,33,85,27,9,154,0,1,59,4,64,33,86,86,13,218,56,0,56,274
06/07/2006,PWM,ME,ANE,EN,Combined TRACON& Tower with Radar,39,74,30,0,143,0,0,1,0,1,39,74,31,0,144,0,0,0,144
06/08/2006,PWM,ME,ANE,EN,Combined TRACON& Tower with Radar,26,87,33,2,148,0,0,1,2,3,26,87,34,4,151,0,0,0,151
06/09/2006,PWM,ME,ANE,EN,Combined TRACON& Tower with Radar,33,84,50,4,171,0,1,2,2,5,33,85,52,6,176,0,0,0,176
06/10/2006,PWM,ME,ANE,EN,Combined TRACON& Tower with Radar,33,79,21,0,133,0,0,0,0,0,33,79,21,0,133,0,0,0,133
06/11/2006,PWM,ME,ANE,EN,Combined TRACON& Tower with Radar,44,49,29,0,122,0,0,0,0,0,44,49,29,0,122,10,0,10,132
06/12/2006,PWM,ME,ANE,EN,Combined TRACON& Tower with Radar,31,81,26,0,138,0,0,67,0,67,31,81,93,0,205,57,0,57,262
06/13/2006,PWM,ME,ANE,EN,Combined TRACON& Tower with Radar,47,72,27,6,152,0,1,73,0,74,47,73,100,6,226,73,0,73,299
06/14/2006,PWM,ME,ANE,EN,Combined TRACON& Tower with Radar,22,108,38,4,172,0,0,0,0,0,22,108,38,4,172,24,0,24,196
06/15/2006,PWM,ME,ANE,EN,Combined TRACON& Tower with Radar,40,76,42,4,162,0,3,46,0,49,40,79,88,4,211,44,0,44,255
06/16/2006,PWM,ME,ANE,EN,Combined TRACON& Tower with Radar,32,87,32,7,158,0,5,99,8,112,32,92,131,15,270,83,0,83,353
06/17/2006,PWM,ME,ANE,EN,Combined TRACON& Tower with Radar,36,71,26,0,133,0,7,55,0,62,36,78,81,0,195,49,0,49,244
06/18/2006,PWM,ME,ANE,EN,Combined TRACON& Tower with Radar,23,79,13,0,115,0,1,60,0,61,23,80,73,0,176,21,0,21,197
06/19/2006,PWM,ME,ANE,EN,Combined TRACON& Tower with Radar,28,79,41,2,150,0,1,31,0,32,28,80,72,2,182,19,0,19,201
06/20/2006,PWM,ME,ANE,EN,Combined TRACON& Tower with Radar,45,81,26,13,165,0,1,38,1,40,45,82,64,14,205,34,1,35,240
06/21/2006,PWM,ME,ANE,EN,Combined TRACON& Tower with Radar,31,87,37,0,155,0,5,72,3,80,31,92,109,3,235,31,0,31,266
06/22/2006,PWM,ME,ANE,EN,Combined TRACON& Tower with Radar,30,91,58,1,180,0,3,55,1,59,30,94,113,2,239,38,0,38,277
06/23/2006,PWM,ME,ANE,EN,Combined TRACON& Tower with Radar,24,104,48,0,176,0,1,14,0,15,24,105,62,0,191,14,0,14,205
06/24/2006,PWM,ME,ANE,EN,Combined TRACON& Tower with Radar,21,80,33,1,135,0,12,22,2,36,21,92,55,3,171,0,0,0,171
06/25/2006,PWM,ME,ANE,EN,Combined TRACON& Tower with Radar,34,71,41,0,146,0,0,0,0,0,34,71,41,0,146,0,0,0,146
06/26/2006,PWM,ME,ANE,EN,Combined TRACON& Tower with Radar,17,62,38,1,118,0,0,0,0,0,17,62,38,1,118,0,0,0,118
06/27/2006,PWM,ME,ANE,EN,Combined TRACON& Tower with Radar,44,64,45,10,163,0,1,28,0,29,44,65,73,10,192,18,2,20,212
06/28/2006,PWM,ME,ANE,EN,Combined TRACON& Tower with Radar,39,78,53,2,172,0,0,0,0,0,39,78,53,2,172,0,0,0,172
06/29/2006,PWM,ME,ANE,EN,Combined TRACON& Tower with Radar,48,65,44,0,157,0,0,0,0,0,48,65,44,0,157,0,0,0,157
06/30/2006,PWM,ME,ANE,EN,Combined TRACON& Tower with Radar,28,101,51,4,184,0,0,16,0,16,28,101,67,4,200,6,0,6,206
07/01/2006,PWM,ME,ANE,EN,Combined TRACON& Tower with Radar,31,77,38,1,147,0,11,92,0,103,31,88,130,1,250,20,0,20,270
07/02/2006,PWM,ME,ANE,EN,Combined TRACON& Tower with Radar,29,75,17,0,121,0,0,0,0,0,29,75,17,0,121,0,0,0,121
07/03/2006,PWM,ME,ANE,EN,Combined TRACON& Tower with Radar,26,82,24,1,133,0,1,76,0,77,26,83,100,1,210,25,0,25,235
07/04/2006,PWM,ME,ANE,EN,Combined TRACON& Tower with Radar,31,58,27,0,116,0,1,0,0,1,31,59,27,0,117,0,0,0,117
07/05/2006,PWM,ME,ANE,EN,Combined TRACON& Tower with Radar,22,86,39,0,147,0,2,69,1,72,22,88,108,1,219,46,0,46,265
07/06/2006,PWM,ME,ANE,EN,Combined TRACON& Tower with Radar,35,87,46,6,174,0,4,79,0,83,35,91,125,6,257,24,0,24,281
07/07/2006,PWM,ME,ANE,EN,Combined TRACON& Tower with Radar,38,85,31,3,157,0,4,121,0,125,38,89,152,3,282,62,0,62,344
07/08/2006,PWM,ME,ANE,EN,Combined TRACON& Tower with Radar,28,83,24,1,136,0,8,81,0,89,28,91,105,1,225,90,0,90,315
07/09/2006,PWM,ME,ANE,EN,Combined TRACON& Tower with Radar,25,82,23,0,130,0,0,0,0,0,25,82,23,0,130,64,0,64,194
07/10/2006,PWM,ME,ANE,EN,Combined TRACON& Tower with Radar,23,85,47,18,173,0,0,49,1,50,23,85,96,19,223,53,6,59,282
07/11/2006,PWM,ME,ANE,EN,Combined TRACON& Tower with Radar,44,85,24,0,153,0,0,6,0,6,44,85,30,0,159,12,0,12,171
07/12/2006,PWM,ME,ANE,EN,Combined TRACON& Tower with Radar,32,77,38,1,148,0,3,14,4,21,32,80,52,5,169,52,0,52,221
07/13/2006,PWM,ME,ANE,EN,Combined TRACON& Tower with Radar,45,71,44,3,163,0,1,27,0,28,45,72,71,3,191,47,0,47,238
07/14/2006,PWM,ME,ANE,EN,Combined TRACON& Tower with Radar,33,93,42,5,173,0,12,99,0,111,33,105,141,5,284,36,0,36,320
07/15/2006,PWM,ME,ANE,EN,Combined TRACON& Tower with Radar,32,77,28,2,139,0,15,57,0,72,32,92,85,2,211,43,0,43,254
07/16/2006,PWM,ME,ANE,EN,Combined TRACON& Tower with Radar,19,93,52,1,165,0,0,0,0,0,19,93,52,1,165,66,0,66,231
07/17/2006,PWM,ME,ANE,EN,Combined TRACON& Tower with Radar,33,95,59,0,187,0,0,53,0,53,33,95,112,0,240,60,0,60,300
07/18/2006,PWM,ME,ANE,EN,Combined TRACON& Tower with Radar,34,88,38,1,161,0,5,36,2,43,34,93,74,3,204,64,1,65,269
07/19/2006,PWM,ME,ANE,EN,Combined TRACON& Tower with Radar,38,88,48,0,174,0,1,97,1,99,38,89,145,1,273,52,0,52,325
07/20/2006,PWM,ME,ANE,EN,Combined TRACON& Tower with Radar,27,114,48,25,214,0,7,78,2,87,27,121,126,27,301,62,0,62,363
07/21/2006,PWM,ME,ANE,EN,Combined TRACON& Tower with Radar,30,102,87,0,219,0,2,6,1,9,30,104,93,1,228,8,0,8,236
07/22/2006,PWM,ME,ANE,EN,Combined TRACON& Tower with Radar,30,123,57,0,210,0,0,0,0,0,30,123,57,0,210,0,0,0,210
07/23/2006,PWM,ME,ANE,EN,Combined TRACON& Tower with Radar,31,97,41,0,169,0,0,1,0,1,31,97,42,0,170,0,0,0,170
07/24/2006,PWM,ME,ANE,EN,Combined TRACON& Tower with Radar,31,85,39,0,155,0,2,90,1,93,31,87,129,1,248,79,5,84,332
07/25/2006,PWM,ME,ANE,EN,Combined TRACON& Tower with Radar,45,73,37,4,159,0,2,65,4,71,45,75,102,8,230,66,0,66,296
07/26/2006,PWM,ME,ANE,EN,Combined TRACON& Tower with Radar,30,100,43,1,174,0,3,50,0,53,30,103,93,1,227,33,0,33,260
07/27/2006,PWM,ME,ANE,EN,Combined TRACON& Tower with Radar,42,89,59,0,190,0,7,47,0,54,42,96,106,0,244,61,0,61,305
07/28/2006,PWM,ME,ANE,EN,Combined TRACON& Tower with Radar,41,82,54,0,177,0,3,18,0,21,41,85,72,0,198,34,0,34,232
07/29/2006,PWM,ME,ANE,EN,Combined TRACON& Tower with Radar,32,80,39,0,151,0,2,75,1,78,32,82,114,1,229,50,0,50,279
07/30/2006,PWM,ME,ANE,EN,Combined TRACON& Tower with Radar,28,101,51,4,184,0,0,0,0,0,28,101,51,4,184,6,0,6,190
07/31/2006,PWM,ME,ANE,EN,Combined TRACON& Tower with Radar,40,77,41,0,158,0,6,77,0,83,40,83,118,0,241,78,1,79,320
08/01/2006,PWM,ME,ANE,EN,Combined TRACON& Tower with Radar,53,76,28,14,171,0,5,28,0,33,53,81,56,14,204,54,0,54,258
08/02/2006,PWM,ME,ANE,EN,Combined TRACON& Tower with Radar,25,100,35,3,163,0,0,27,0,27,25,100,62,3,190,3,0,3,193
08/03/2006,PWM,ME,ANE,EN,Combined TRACON& Tower with Radar,33,89,46,0,168,0,4,42,0,46,33,93,88,0,214,84,0,84,298
08/04/2006,PWM,ME,ANE,EN,Combined TRACON& Tower with Radar,27,110,52,0,189,0,2,49,0,51,27,112,101,0,240,36,0,36,276
08/05/2006,PWM,ME,ANE,EN,Combined TRACON& Tower with Radar,42,67,30,0,139,0,3,96,3,102,42,70,126,3,241,78,0,78,319
08/06/2006,PWM,ME,ANE,EN,Combined TRACON& Tower with Radar,34,77,38,1,150,0,0,0,0,0,34,77,38,1,150,114,0,114,264
08/07/2006,PWM,ME,ANE,EN,Combined TRACON& Tower with Radar,35,79,39,15,168,0,1,16,2,19,35,80,55,17,187,75,0,75,262
08/08/2006,PWM,ME,ANE,EN,Combined TRACON& Tower with Radar,49,81,30,0,160,0,2,76,11,89,49,83,106,11,249,59,0,59,308
08/09/2006,PWM,ME,ANE,EN,Combined TRACON& Tower with Radar,32,99,38,2,171,0,0,0,0,0,32,99,38,2,171,29,0,29,200
08/10/2006,PWM,ME,ANE,EN,Combined TRACON& Tower with Radar,38,97,47,1,183,0,5,74,0,79,38,102,121,1,262,62,0,62,324
08/11/2006,PWM,ME,ANE,EN,Combined TRACON& Tower with Radar,36,114,52,14,216,0,5,71,4,80,36,119,123,18,296,58,0,58,354
08/12/2006,PWM,ME,ANE,EN,Combined TRACON& Tower with Radar,33,90,33,0,156,0,1,80,0,81,33,91,113,0,237,4,0,4,241
08/13/2006,PWM,ME,ANE,EN,Combined TRACON& Tower with Radar,27,96,39,0,162,0,2,105,3,110,27,98,144,3,272,39,0,39,311
08/14/2006,PWM,ME,ANE,EN,Combined TRACON& Tower with Radar,36,86,54,0,176,0,2,93,2,97,36,88,147,2,273,41,0,41,314
08/15/2006,PWM,ME,ANE,EN,Combined TRACON& Tower with Radar,48,94,69,1,212,0,3,32,1,36,48,97,101,2,248,30,0,30,278
08/16/2006,PWM,ME,ANE,EN,Combined TRACON& Tower with Radar,53,86,32,2,173,0,3,100,1,104,53,89,132,3,277,66,0,66,343
08/17/2006,PWM,ME,ANE,EN,Combined TRACON& Tower with Radar,30,93,38,0,161,0,5,105,5,115,30,98,143,5,276,74,0,74,350
08/18/2006,PWM,ME,ANE,EN,Combined TRACON& Tower with Radar,28,89,44,1,162,0,7,63,2,72,28,96,107,3,234,10,0,10,244
08/19/2006,PWM,ME,ANE,EN,Combined TRACON& Tower with Radar,32,76,19,0,127,0,7,57,0,64,32,83,76,0,191,92,0,92,283
08/20/2006,PWM,ME,ANE,EN,Combined TRACON& Tower with Radar,31,90,39,0,160,0,0,0,0,0,31,90,39,0,160,0,0,0,160
08/21/2006,PWM,ME,ANE,EN,Combined TRACON& Tower with Radar,31,94,54,0,179,0,1,20,0,21,31,95,74,0,200,0,0,0,200
08/22/2006,PWM,ME,ANE,EN,Combined TRACON& Tower with Radar,45,84,34,1,164,0,3,86,0,89,45,87,120,1,253,46,0,46,299
08/23/2006,PWM,ME,ANE,EN,Combined TRACON& Tower with Radar,30,94,30,13,167,0,2,76,6,84,30,96,106,19,251,74,0,74,325
08/24/2006,PWM,ME,ANE,EN,Combined TRACON& Tower with Radar,38,89,50,0,177,0,5,47,1,53,38,94,97,1,230,0,0,0,230
08/25/2006,PWM,ME,ANE,EN,Combined TRACON& Tower with Radar,25,102,37,0,164,0,1,29,0,30,25,103,66,0,194,0,0,0,194
08/26/2006,PWM,ME,ANE,EN,Combined TRACON& Tower with Radar,25,87,37,2,151,0,0,0,0,0,25,87,37,2,151,0,0,0,151
08/27/2006,PWM,ME,ANE,EN,Combined TRACON& Tower with Radar,33,81,27,0,141,0,0,0,0,0,33,81,27,0,141,0,0,0,141
08/28/2006,PWM,ME,ANE,EN,Combined TRACON& Tower with Radar,29,91,60,0,180,0,0,0,0,0,29,91,60,0,180,0,0,0,180
08/29/2006,PWM,ME,ANE,EN,Combined TRACON& Tower with Radar,40,87,49,0,176,0,0,0,0,0,40,87,49,0,176,4,0,4,180
08/30/2006,PWM,ME,ANE,EN,Combined TRACON& Tower with Radar,37,94,39,13,183,0,0,0,0,0,37,94,39,13,183,68,0,68,251
08/31/2006,PWM,ME,ANE,EN,Combined TRACON& Tower with Radar,38,90,54,19,201,0,11,100,1,112,38,101,154,20,313,57,0,57,370
09/01/2006,PWM,ME,ANE,EN,Combined TRACON& Tower with Radar,33,86,41,0,160,0,4,92,1,97,33,90,133,1,257,95,0,95,352
09/02/2006,PWM,ME,ANE,EN,Combined TRACON& Tower with Radar,32,70,8,0,110,0,1,29,0,30,32,71,37,0,140,40,0,40,180
09/03/2006,PWM,ME,ANE,EN,Combined TRACON& Tower with Radar,25,74,28,0,127,0,0,0,0,0,25,74,28,0,127,0,0,0,127
09/04/2006,PWM,ME,ANE,EN,Combined TRACON& Tower with Radar,20,85,27,0,132,0,0,27,0,27,20,85,54,0,159,6,1,7,166
09/05/2006,PWM,ME,ANE,EN,Combined TRACON& Tower with Radar,40,76,31,4,151,0,0,45,0,45,40,76,76,4,196,72,0,72,268
09/06/2006,PWM,ME,ANE,EN,Combined TRACON& Tower with Radar,40,85,48,0,173,0,3,21,0,24,40,88,69,0,197,52,0,52,249
09/07/2006,PWM,ME,ANE,EN,Combined TRACON& Tower with Radar,42,84,37,4,167,0,3,72,1,76,42,87,109,5,243,51,2,53,296
09/08/2006,PWM,ME,ANE,EN,Combined TRACON& Tower with Radar,34,86,38,1,159,0,7,58,3,68,34,93,96,4,227,24,0,24,251
09/09/2006,PWM,ME,ANE,EN,Combined TRACON& Tower with Radar,28,65,28,0,121,0,0,0,0,0,28,65,28,0,121,52,0,52,173
09/10/2006,PWM,ME,ANE,EN,Combined TRACON& Tower with Radar,22,75,33,2,132,0,4,45,0,49,22,79,78,2,181,81,0,81,262
09/11/2006,PWM,ME,ANE,EN,Combined TRACON& Tower with Radar,32,74,26,7,139,0,6,66,6,78,32,80,92,13,217,11,0,11,228
09/12/2006,PWM,ME,ANE,EN,Combined TRACON& Tower with Radar,41,76,45,5,167,0,6,80,0,86,41,82,125,5,253,84,0,84,337
09/13/2006,PWM,ME,ANE,EN,Combined TRACON& Tower with Radar,29,101,32,5,167,0,5,61,0,66,29,106,93,5,233,50,0,50,283
09/14/2006,PWM,ME,ANE,EN,Combined TRACON& Tower with Radar,34,96,33,17,180,0,2,15,12,29,34,98,48,29,209,51,0,51,260
09/15/2006,PWM,ME,ANE,EN,Combined TRACON& Tower with Radar,21,104,48,5,178,0,2,24,5,31,21,106,72,10,209,24,0,24,233
09/16/2006,PWM,ME,ANE,EN,Combined TRACON& Tower with Radar,28,76,16,1,121,0,3,74,2,79,28,79,90,3,200,134,0,134,334
09/17/2006,PWM,ME,ANE,EN,Combined TRACON& Tower with Radar,33,87,124,0,244,0,0,0,0,0,33,87,124,0,244,84,0,84,328
09/18/2006,PWM,ME,ANE,EN,Combined TRACON& Tower with Radar,23,93,27,14,157,0,1,54,5,60,23,94,81,19,217,47,0,47,264
09/19/2006,PWM,ME,ANE,EN,Combined TRACON& Tower with Radar,38,99,38,15,190,0,0,25,0,25,38,99,63,15,215,8,0,8,223
09/20/2006,PWM,ME,ANE,EN,Combined TRACON& Tower with Radar,33,98,34,8,173,0,0,0,0,0,33,98,34,8,173,90,5,95,268
09/21/2006,PWM,ME,ANE,EN,Combined TRACON& Tower with Radar,36,100,23,1,160,0,1,54,2,57,36,101,77,3,217,33,0,33,250
09/22/2006,PWM,ME,ANE,EN,Combined TRACON& Tower with Radar,32,84,37,21,174,0,4,109,4,117,32,88,146,25,291,76,0,76,367
09/23/2006,PWM,ME,ANE,EN,Combined TRACON& Tower with Radar,30,70,72,0,172,0,0,10,0,10,30,70,82,0,182,0,0,0,182
09/24/2006,PWM,ME,ANE,EN,Combined TRACON& Tower with Radar,23,81,22,3,129,0,2,14,0,16,23,83,36,3,145,10,20,30,175
09/25/2006,PWM,ME,ANE,EN,Combined TRACON& Tower with Radar,41,76,37,1,155,0,4,67,1,72,41,80,104,2,227,60,0,60,287
09/26/2006,PWM,ME,ANE,EN,Combined TRACON& Tower with Radar,49,77,31,0,157,0,0,0,0,0,49,77,31,0,157,26,0,26,183
09/27/2006,PWM,ME,ANE,EN,Combined TRACON& Tower with Radar,30,92,32,7,161,0,2,68,1,71,30,94,100,8,232,82,0,82,314
09/28/2006,PWM,ME,ANE,EN,Combined TRACON& Tower with Radar,35,89,36,5,165,0,2,20,0,22,35,91,56,5,187,4,0,4,191
09/29/2006,PWM,ME,ANE,EN,Combined TRACON& Tower with Radar,36,104,24,20,184,0,1,1,0,2,36,105,25,20,186,0,0,0,186
09/30/2006,PWM,ME,ANE,EN,Combined TRACON& Tower with Radar,25,75,24,0,124,0,1,66,1,68,25,76,90,1,192,32,0,32,224
10/01/2006,PWM,ME,ANE,EN,Combined TRACON& Tower with Radar,32,74,24,0,130,0,0,0,0,0,32,74,24,0,130,6,0,6,136
10/02/2006,PWM,ME,ANE,EN,Combined TRACON& Tower with Radar,26,89,21,12,148,0,1,28,0,29,26,90,49,12,177,74,0,74,251
10/03/2006,PWM,ME,ANE,EN,Combined TRACON& Tower with Radar,50,78,28,4,160,0,1,102,0,103,50,79,130,4,263,89,0,89,352
10/04/2006,PWM,ME,ANE,EN,Combined TRACON& Tower with Radar,26,101,29,2,158,0,3,33,0,36,26,104,62,2,194,47,0,47,241
10/05/2006,PWM,ME,ANE,EN,Combined TRACON& Tower with Radar,37,95,52,5,189,0,0,0,0,0,37,95,52,5,189,26,0,26,215
10/06/2006,PWM,ME,ANE,EN,Combined TRACON& Tower with Radar,30,102,43,0,175,0,8,114,0,122,30,110,157,0,297,25,0,25,322
10/07/2006,PWM,ME,ANE,EN,Combined TRACON& Tower with Radar,23,74,14,0,111,0,4,91,2,97,23,78,105,2,208,41,1,42,250
10/08/2006,PWM,ME,ANE,EN,Combined TRACON& Tower with Radar,30,92,17,5,144,0,0,97,0,97,30,92,114,5,241,29,0,29,270
10/09/2006,PWM,ME,ANE,EN,Combined TRACON& Tower with Radar,40,89,27,0,156,0,0,99,0,99,40,89,126,0,255,67,0,67,322
10/10/2006,PWM,ME,ANE,EN,Combined TRACON& Tower with Radar,34,85,39,8,166,0,8,60,6,74,34,93,99,14,240,40,0,40,280
10/11/2006,PWM,ME,ANE,EN,Combined TRACON& Tower with Radar,21,99,46,2,168,0,1,22,0,23,21,100,68,2,191,2,0,2,193
10/12/2006,PWM,ME,ANE,EN,Combined TRACON& Tower with Radar,31,101,30,0,162,0,0,0,0,0,31,101,30,0,162,0,0,0,162
10/13/2006,PWM,ME,ANE,EN,Combined TRACON& Tower with Radar,31,91,36,0,158,0,6,87,1,94,31,97,123,1,252,33,0,33,285
10/14/2006,PWM,ME,ANE,EN,Combined TRACON& Tower with Radar,27,75,10,0,112,0,2,91,2,95,27,77,101,2,207,68,0,68,275
10/15/2006,PWM,ME,ANE,EN,Combined TRACON& Tower with Radar,28,82,33,0,143,0,0,0,0,0,28,82,33,0,143,59,0,59,202
10/16/2006,PWM,ME,ANE,EN,Combined TRACON& Tower with Radar,30,89,36,0,155,0,3,65,0,68,30,92,101,0,223,20,0,20,243
10/17/2006,PWM,ME,ANE,EN,Combined TRACON& Tower with Radar,49,83,43,19,194,0,10,42,0,52,49,93,85,19,246,29,0,29,275
10/18/2006,PWM,ME,ANE,EN,Combined TRACON& Tower with Radar,30,105,28,9,172,0,1,15,0,16,30,106,43,9,188,18,0,18,206
10/19/2006,PWM,ME,ANE,EN,Combined TRACON& Tower with Radar,40,101,44,8,193,0,4,14,0,18,40,105,58,8,211,20,0,20,231
10/20/2006,PWM,ME,ANE,EN,Combined TRACON& Tower with Radar,27,97,18,0,142,0,0,0,0,0,27,97,18,0,142,0,0,0,142
10/21/2006,PWM,ME,ANE,EN,Combined TRACON& Tower with Radar,29,79,9,13,130,0,7,23,0,30,29,86,32,13,160,33,0,33,193
10/22/2006,PWM,ME,ANE,EN,Combined TRACON& Tower with Radar,27,86,32,0,145,0,0,0,0,0,27,86,32,0,145,10,0,10,155
10/23/2006,PWM,ME,ANE,EN,Combined TRACON& Tower with Radar,36,84,41,0,161,0,0,5,0,5,36,84,46,0,166,0,0,0,166
10/24/2006,PWM,ME,ANE,EN,Combined TRACON& Tower with Radar,52,69,25,10,156,0,6,51,2,59,52,75,76,12,215,29,0,29,244
10/25/2006,PWM,ME,ANE,EN,Combined TRACON& Tower with Radar,35,86,33,0,154,0,3,32,0,35,35,89,65,0,189,9,0,9,198
10/26/2006,PWM,ME,ANE,EN,Combined TRACON& Tower with Radar,38,88,42,11,179,0,0,43,2,45,38,88,85,13,224,26,0,26,250
10/27/2006,PWM,ME,ANE,EN,Combined TRACON& Tower with Radar,29,99,22,0,150,0,8,103,1,112,29,107,125,1,262,47,0,47,309
10/28/2006,PWM,ME,ANE,EN,Combined TRACON& Tower with Radar,25,71,5,0,101,0,0,0,0,0,25,71,5,0,101,0,0,0,101
10/29/2006,PWM,ME,ANE,EN,Combined TRACON& Tower with Radar,24,78,10,0,112,0,0,0,0,0,24,78,10,0,112,0,0,0,112
10/30/2006,PWM,ME,ANE,EN,Combined TRACON& Tower with Radar,25,93,20,3,141,0,5,14,0,19,25,98,34,3,160,0,0,0,160
10/31/2006,PWM,ME,ANE,EN,Combined TRACON& Tower with Radar,30,97,29,8,164,0,3,89,0,92,30,100,118,8,256,40,0,40,296
11/01/2006,PWM,ME,ANE,EN,Combined TRACON& Tower with Radar,30,92,32,2,156,0,1,60,0,61,30,93,92,2,217,46,0,46,263
11/02/2006,PWM,ME,ANE,EN,Combined TRACON& Tower with Radar,31,96,43,0,170,0,0,22,1,23,31,96,65,1,193,4,0,4,197
11/03/2006,PWM,ME,ANE,EN,Combined TRACON& Tower with Radar,26,93,35,3,157,0,7,55,0,62,26,100,90,3,219,41,0,41,260
11/04/2006,PWM,ME,ANE,EN,Combined TRACON& Tower with Radar,26,67,20,0,113,0,6,62,0,68,26,73,82,0,181,62,0,62,243
11/05/2006,PWM,ME,ANE,EN,Combined TRACON& Tower with Radar,28,71,38,10,147,0,0,0,0,0,28,71,38,10,147,38,4,42,189
11/06/2006,PWM,ME,ANE,EN,Combined TRACON& Tower with Radar,36,74,29,8,147,0,3,55,6,64,36,77,84,14,211,8,0,8,219
11/07/2006,PWM,ME,ANE,EN,Combined TRACON& Tower with Radar,38,89,21,7,155,0,1,28,3,32,38,90,49,10,187,19,0,19,206
11/08/2006,PWM,ME,ANE,EN,Combined TRACON& Tower with Radar,26,93,28,0,147,0,0,0,0,0,26,93,28,0,147,0,0,0,147
11/09/2006,PWM,ME,ANE,EN,Combined TRACON& Tower with Radar,32,89,37,0,158,0,1,18,0,19,32,90,55,0,177,14,0,14,191
11/10/2006,PWM,ME,ANE,EN,Combined TRACON& Tower with Radar,36,83,25,0,144,0,9,92,0,101,36,92,117,0,245,61,0,61,306
11/11/2006,PWM,ME,ANE,EN,Combined TRACON& Tower with Radar,18,72,22,1,113,0,0,67,0,67,18,72,89,1,180,35,0,35,215
11/12/2006,PWM,ME,ANE,EN,Combined TRACON& Tower with Radar,20,66,14,0,100,0,0,0,0,0,20,66,14,0,100,0,0,0,100
11/13/2006,PWM,ME,ANE,EN,Combined TRACON& Tower with Radar,28,74,14,0,116,0,0,0,0,0,28,74,14,0,116,0,0,0,116
11/14/2006,PWM,ME,ANE,EN,Combined TRACON& Tower with Radar,43,83,29,0,155,0,0,0,0,0,43,83,29,0,155,0,0,0,155
11/15/2006,PWM,ME,ANE,EN,Combined TRACON& Tower with Radar,23,101,51,0,175,0,0,8,0,8,23,101,59,0,183,0,0,0,183
11/16/2006,PWM,ME,ANE,EN,Combined TRACON& Tower with Radar,34,65,21,0,120,0,0,0,0,0,34,65,21,0,120,0,0,0,120
11/17/2006,PWM,ME,ANE,EN,Combined TRACON& Tower with Radar,37,87,22,22,168,0,0,9,13,22,37,87,31,35,190,0,0,0,190
11/18/2006,PWM,ME,ANE,EN,Combined TRACON& Tower with Radar,27,65,22,0,114,0,0,100,1,101,27,65,122,1,215,76,0,76,291
11/19/2006,PWM,ME,ANE,EN,Combined TRACON& Tower with Radar,27,74,18,0,119,0,1,37,0,38,27,75,55,0,157,0,0,0,157
11/20/2006,PWM,ME,ANE,EN,Combined TRACON& Tower with Radar,27,89,23,9,148,0,1,33,3,37,27,90,56,12,185,50,2,52,237
11/21/2006,PWM,ME,ANE,EN,Combined TRACON& Tower with Radar,25,87,13,6,131,0,6,59,0,65,25,93,72,6,196,69,0,69,265
11/22/2006,PWM,ME,ANE,EN,Combined TRACON& Tower with Radar,38,88,26,1,153,0,5,65,0,70,38,93,91,1,223,47,0,47,270
11/23/2006,PWM,ME,ANE,EN,Combined TRACON& Tower with Radar,21,44,6,0,71,0,0,1,0,1,21,44,7,0,72,0,0,0,72
11/24/2006,PWM,ME,ANE,EN,Combined TRACON& Tower with Radar,24,65,12,2,103,0,0,39,2,41,24,65,51,4,144,2,0,2,146
11/25/2006,PWM,ME,ANE,EN,Combined TRACON& Tower with Radar,22,85,14,0,121,0,3,81,0,84,22,88,95,0,205,40,0,40,245
11/26/2006,PWM,ME,ANE,EN,Combined TRACON& Tower with Radar,30,73,40,0,143,0,0,0,0,0,30,73,40,0,143,61,0,61,204
11/27/2006,PWM,ME,ANE,EN,Combined TRACON& Tower with Radar,41,71,24,0,136,0,0,47,0,47,41,71,71,0,183,16,0,16,199
11/28/2006,PWM,ME,ANE,EN,Combined TRACON& Tower with Radar,40,81,20,0,141,0,0,3,0,3,40,81,23,0,144,0,0,0,144
11/29/2006,PWM,ME,ANE,EN,Combined TRACON& Tower with Radar,26,96,44,0,166,0,0,0,0,0,26,96,44,0,166,0,0,0,166
11/30/2006,PWM,ME,ANE,EN,Combined TRACON& Tower with Radar,34,80,22,3,139,0,1,8,0,9,34,81,30,3,148,0,0,0,148
12/01/2006,PWM,ME,ANE,EN,Combined TRACON& Tower with Radar,28,71,18,2,119,0,0,0,0,0,28,71,18,2,119,0,0,0,119
12/02/2006,PWM,ME,ANE,EN,Combined TRACON& Tower with Radar,14,67,3,3,87,0,2,18,0,20,14,69,21,3,107,17,0,17,124
12/03/2006,PWM,ME,ANE,EN,Combined TRACON& Tower with Radar,22,71,26,0,119,0,0,0,0,0,22,71,26,0,119,40,0,40,159
12/04/2006,PWM,ME,ANE,EN,Combined TRACON& Tower with Radar,28,77,24,10,139,0,0,11,0,11,28,77,35,10,150,0,0,0,150
12/05/2006,PWM,ME,ANE,EN,Combined TRACON& Tower with Radar,34,82,35,5,156,0,6,40,0,46,34,88,75,5,202,29,0,29,231
12/06/2006,PWM,ME,ANE,EN,Combined TRACON& Tower with Radar,21,103,23,0,147,0,0,0,0,0,21,103,23,0,147,16,0,16,163
12/07/2006,PWM,ME,ANE,EN,Combined TRACON& Tower with Radar,28,90,25,0,143,0,2,25,0,27,28,92,50,0,170,35,0,35,205
12/08/2006,PWM,ME,ANE,EN,Combined TRACON& Tower with Radar,27,84,11,0,122,0,1,3,0,4,27,85,14,0,126,0,0,0,126
12/09/2006,PWM,ME,ANE,EN,Combined TRACON& Tower with Radar,20,64,10,0,94,0,1,45,0,46,20,65,55,0,140,12,0,12,152
12/10/2006,PWM,ME,ANE,EN,Combined TRACON& Tower with Radar,34,61,7,0,102,0,0,71,0,71,34,61,78,0,173,32,0,32,205
12/11/2006,PWM,ME,ANE,EN,Combined TRACON& Tower with Radar,39,72,19,0,130,0,0,25,0,25,39,72,44,0,155,20,0,20,175
12/12/2006,PWM,ME,ANE,EN,Combined TRACON& Tower with Radar,49,75,18,13,155,0,3,65,0,68,49,78,83,13,223,70,0,70,293
12/13/2006,PWM,ME,ANE,EN,Combined TRACON& Tower with Radar,34,82,25,13,154,0,2,5,0,7,34,84,30,13,161,0,0,0,161
12/14/2006,PWM,ME,ANE,EN,Combined TRACON& Tower with Radar,25,84,34,11,154,0,3,51,3,57,25,87,85,14,211,32,0,32,243
12/15/2006,PWM,ME,ANE,EN,Combined TRACON& Tower with Radar,28,89,33,0,150,0,0,0,0,0,28,89,33,0,150,0,0,0,150
12/16/2006,PWM,ME,ANE,EN,Combined TRACON& Tower with Radar,23,61,18,1,103,0,0,41,2,43,23,61,59,3,146,8,0,8,154
12/17/2006,PWM,ME,ANE,EN,Combined TRACON& Tower with Radar,21,63,21,0,105,0,0,0,0,0,21,63,21,0,105,49,0,49,154
12/18/2006,PWM,ME,ANE,EN,Combined TRACON& Tower with Radar,35,86,45,5,171,0,3,43,1,47,35,89,88,6,218,43,0,43,261
12/19/2006,PWM,ME,ANE,EN,Combined TRACON& Tower with Radar,43,90,30,8,171,0,4,44,0,48,43,94,74,8,219,28,0,28,247
12/20/2006,PWM,ME,ANE,EN,Combined TRACON& Tower with Radar,37,85,33,0,155,0,4,75,1,80,37,89,108,1,235,39,0,39,274
12/21/2006,PWM,ME,ANE,EN,Combined TRACON& Tower with Radar,32,87,23,4,146,0,9,61,0,70,32,96,84,4,216,6,0,6,222
12/22/2006,PWM,ME,ANE,EN,Combined TRACON& Tower with Radar,27,105,46,1,179,0,1,56,5,62,27,106,102,6,241,50,0,50,291
12/23/2006,PWM,ME,ANE,EN,Combined TRACON& Tower with Radar,21,74,11,0,106,0,0,0,0,0,21,74,11,0,106,0,0,0,106
12/24/2006,PWM,ME,ANE,EN,Combined TRACON& Tower with Radar,20,58,9,0,87,0,0,20,0,20,20,58,29,0,107,2,0,2,109
12/25/2006,PWM,ME,ANE,EN,Combined TRACON& Tower with Radar,19,65,4,0,88,0,0,13,0,13,19,65,17,0,101,0,0,0,101
12/26/2006,PWM,ME,ANE,EN,Combined TRACON& Tower with Radar,33,80,8,0,121,0,0,0,0,0,33,80,8,0,121,0,0,0,121
12/27/2006,PWM,ME,ANE,EN,Combined TRACON& Tower with Radar,38,85,30,7,160,0,1,37,3,41,38,86,67,10,201,8,6,14,215
12/28/2006,PWM,ME,ANE,EN,Combined TRACON& Tower with Radar,40,74,28,0,142,0,0,0,0,0,40,74,28,0,142,14,0,14,156
12/29/2006,PWM,ME,ANE,EN,Combined TRACON& Tower with Radar,34,77,16,1,128,0,4,40,2,46,34,81,56,3,174,22,0,22,196
12/30/2006,PWM,ME,ANE,EN,Combined TRACON& Tower with Radar,27,66,1,0,94,0,0,0,0,0,27,66,1,0,94,0,0,0,94
12/31/2006,PWM,ME,ANE,EN,Combined TRACON& Tower with Radar,32,49,12,0,93,0,3,51,0,54,32,52,63,0,147,41,0,41,188
01/01/2007,PWM,ME,ANE,EN,Combined TRACON& Tower with Radar,23,50,13,0,86,0,0,0,0,0,23,50,13,0,86,0,0,0,86
01/02/2007,PWM,ME,ANE,EN,Combined TRACON& Tower with Radar,28,84,15,0,127,0,0,22,0,22,28,84,37,0,149,18,0,18,167
01/03/2007,PWM,ME,ANE,EN,Combined TRACON& Tower with Radar,26,98,30,0,154,0,1,53,0,54,26,99,83,0,208,35,0,35,243
01/04/2007,PWM,ME,ANE,EN,Combined TRACON& Tower with Radar,27,83,21,25,156,0,3,87,0,90,27,86,108,25,246,48,0,48,294
01/05/2007,PWM,ME,ANE,EN,Combined TRACON& Tower with Radar,21,79,15,5,120,0,0,18,2,20,21,79,33,7,140,30,0,30,170
01/06/2007,PWM,ME,ANE,EN,Combined TRACON& Tower with Radar,26,55,13,0,94,0,0,0,0,0,26,55,13,0,94,18,0,18,112
01/07/2007,PWM,ME,ANE,EN,Combined TRACON& Tower with Radar,29,59,16,0,104,0,8,72,6,86,29,67,88,6,190,92,0,92,282
01/08/2007,PWM,ME,ANE,EN,Combined TRACON& Tower with Radar,20,88,15,9,132,0,0,0,0,0,20,88,15,9,132,0,0,0,132
01/09/2007,PWM,ME,ANE,EN,Combined TRACON& Tower with Radar,38,80,23,17,158,0,4,21,1,26,38,84,44,18,184,33,0,33,217
01/10/2007,PWM,ME,ANE,EN,Combined TRACON& Tower with Radar,23,83,21,8,135,0,3,22,0,25,23,86,43,8,160,39,2,41,201
01/11/2007,PWM,ME,ANE,EN,Combined TRACON& Tower with Radar,21,92,18,13,144,0,2,62,0,64,21,94,80,13,208,24,0,24,232
01/12/2007,PWM,ME,ANE,EN,Combined TRACON& Tower with Radar,36,85,14,13,148,0,6,31,3,40,36,91,45,16,188,44,0,44,232
01/13/2007,PWM,ME,ANE,EN,Combined TRACON& Tower with Radar,18,62,10,0,90,0,1,22,0,23,18,63,32,0,113,20,0,20,133
01/14/2007,PWM,ME,ANE,EN,Combined TRACON& Tower with Radar,27,49,3,0,79,0,0,0,0,0,27,49,3,0,79,0,0,0,79
01/15/2007,PWM,ME,ANE,EN,Combined TRACON& Tower with Radar,19,58,8,0,85,0,0,0,0,0,19,58,8,0,85,0,0,0,85
01/16/2007,PWM,ME,ANE,EN,Combined TRACON& Tower with Radar,33,80,14,0,127,0,2,9,0,11,33,82,23,0,138,0,0,0,138
01/17/2007,PWM,ME,ANE,EN,Combined TRACON& Tower with Radar,20,89,26,0,135,0,14,15,2,31,20,103,41,2,166,2,0,2,168
01/18/2007,PWM,ME,ANE,EN,Combined TRACON& Tower with Radar,26,87,24,0,137,0,1,41,1,43,26,88,65,1,180,10,0,10,190
01/19/2007,PWM,ME,ANE,EN,Combined TRACON& Tower with Radar,27,86,19,0,132,0,0,5,0,5,27,86,24,0,137,4,0,4,141
01/20/2007,PWM,ME,ANE,EN,Combined TRACON& Tower with Radar,19,56,7,6,88,0,0,3,0,3,19,56,10,6,91,2,0,2,93
01/21/2007,PWM,ME,ANE,EN,Combined TRACON& Tower with Radar,28,57,15,2,102,0,0,18,0,18,28,57,33,2,120,10,0,10,130
01/22/2007,PWM,ME,ANE,EN,Combined TRACON& Tower with Radar,30,71,23,0,124,0,0,11,0,11,30,71,34,0,135,0,0,0,135
01/23/2007,PWM,ME,ANE,EN,Combined TRACON& Tower with Radar,32,79,29,8,148,0,2,16,0,18,32,81,45,8,166,21,8,29,195
01/24/2007,PWM,ME,ANE,EN,Combined TRACON& Tower with Radar,24,85,23,15,147,0,2,25,1,28,24,87,48,16,175,30,0,30,205
01/25/2007,PWM,ME,ANE,EN,Combined TRACON& Tower with Radar,26,86,32,5,149,0,1,31,2,34,26,87,63,7,183,6,0,6,189
01/26/2007,PWM,ME,ANE,EN,Combined TRACON& Tower with Radar,22,95,17,0,134,0,6,14,0,20,22,101,31,0,154,2,0,2,156
01/27/2007,PWM,ME,ANE,EN,Combined TRACON& Tower with Radar,25,52,16,0,93,0,2,33,4,39,25,54,49,4,132,16,0,16,148
01/28/2007,PWM,ME,ANE,EN,Combined TRACON& Tower with Radar,27,62,19,0,108,0,1,57,0,58,27,63,76,0,166,40,0,40,206
01/29/2007,PWM,ME,ANE,EN,Combined TRACON& Tower with Radar,35,75,23,0,133,0,3,17,0,20,35,78,40,0,153,0,4,4,157
01/30/2007,PWM,ME,ANE,EN,Combined TRACON& Tower with Radar,42,78,27,6,153,0,6,41,5,52,42,84,68,11,205,8,0,8,213
01/31/2007,PWM,ME,ANE,EN,Combined TRACON& Tower with Radar,32,82,24,5,143,0,0,47,0,47,32,82,71,5,190,35,0,35,225
02/01/2007,PWM,ME,ANE,EN,Combined TRACON& Tower with Radar,28,88,41,22,179,0,5,21,20,46,28,93,62,42,225,10,0,10,235
02/02/2007,PWM,ME,ANE,EN,Combined TRACON& Tower with Radar,31,85,18,0,134,0,0,12,0,12,31,85,30,0,146,0,0,0,146
02/03/2007,PWM,ME,ANE,EN,Combined TRACON& Tower with Radar,30,56,19,0,105,0,1,13,2,16,30,57,32,2,121,0,0,0,121
02/04/2007,PWM,ME,ANE,EN,Combined TRACON& Tower with Radar,18,64,19,0,101,0,1,23,1,25,18,65,42,1,126,0,0,0,126
02/05/2007,PWM,ME,ANE,EN,Combined TRACON& Tower with Radar,22,82,21,13,138,0,2,8,2,12,22,84,29,15,150,9,0,9,159
02/06/2007,PWM,ME,ANE,EN,Combined TRACON& Tower with Radar,27,86,16,0,129,0,2,15,0,17,27,88,31,0,146,6,0,6,152
02/07/2007,PWM,ME,ANE,EN,Combined TRACON& Tower with Radar,29,91,22,2,144,0,4,29,0,33,29,95,51,2,177,10,0,10,187
02/08/2007,PWM,ME,ANE,EN,Combined TRACON& Tower with Radar,23,102,47,0,172,0,1,19,0,20,23,103,66,0,192,8,0,8,200
02/09/2007,PWM,ME,ANE,EN,Combined TRACON& Tower with Radar,26,87,32,11,156,0,1,20,0,21,26,88,52,11,177,32,0,32,209
02/10/2007,PWM,ME,ANE,EN,Combined TRACON& Tower with Radar,29,54,21,0,104,0,1,23,1,25,29,55,44,1,129,18,0,18,147
02/11/2007,PWM,ME,ANE,EN,Combined TRACON& Tower with Radar,24,66,15,0,105,0,0,77,0,77,24,66,92,0,182,49,0,49,231
02/12/2007,PWM,ME,ANE,EN,Combined TRACON& Tower with Radar,26,76,22,3,127,0,0,25,0,25,26,76,47,3,152,8,0,8,160
02/13/2007,PWM,ME,ANE,EN,Combined TRACON& Tower with Radar,34,58,18,0,110,0,3,36,9,48,34,61,54,9,158,22,0,22,180
02/14/2007,PWM,ME,ANE,EN,Combined TRACON& Tower with Radar,9,17,7,0,33,0,0,0,0,0,9,17,7,0,33,0,0,0,33
02/15/2007,PWM,ME,ANE,EN,Combined TRACON& Tower with Radar,21,56,11,0,88,0,2,0,0,2,21,58,11,0,90,0,0,0,90
02/16/2007,PWM,ME,ANE,EN,Combined TRACON& Tower with Radar,34,67,21,10,132,0,6,4,10,20,34,73,25,20,152,0,0,0,152
02/17/2007,PWM,ME,ANE,EN,Combined TRACON& Tower with Radar,14,67,14,0,95,0,9,52,0,61,14,76,66,0,156,10,0,10,166
02/18/2007,PWM,ME,ANE,EN,Combined TRACON& Tower with Radar,12,67,5,0,84,0,0,6,0,6,12,67,11,0,90,0,0,0,90
02/19/2007,PWM,ME,ANE,EN,Combined TRACON& Tower with Radar,22,67,18,0,107,0,0,16,0,16,22,67,34,0,123,0,0,0,123
02/20/2007,PWM,ME,ANE,EN,Combined TRACON& Tower with Radar,34,90,25,0,149,0,6,18,1,25,34,96,43,1,174,29,0,29,203
02/21/2007,PWM,ME,ANE,EN,Combined TRACON& Tower with Radar,29,86,30,10,155,0,4,56,0,60,29,90,86,10,215,27,0,27,242
02/22/2007,PWM,ME,ANE,EN,Combined TRACON& Tower with Radar,42,71,19,13,145,0,1,33,4,38,42,72,52,17,183,49,0,49,232
02/23/2007,PWM,ME,ANE,EN,Combined TRACON& Tower with Radar,28,84,30,0,142,0,3,7,0,10,28,87,37,0,152,0,0,0,152
02/24/2007,PWM,ME,ANE,EN,Combined TRACON& Tower with Radar,29,56,5,1,91,0,1,27,0,28,29,57,32,1,119,14,0,14,133
02/25/2007,PWM,ME,ANE,EN,Combined TRACON& Tower with Radar,16,54,8,1,79,0,0,82,0,82,16,54,90,1,161,40,0,40,201
02/26/2007,PWM,ME,ANE,EN,Combined TRACON& Tower with Radar,25,70,30,8,133,0,0,0,0,0,25,70,30,8,133,8,0,8,141
02/27/2007,PWM,ME,ANE,EN,Combined TRACON& Tower with Radar,40,74,22,0,136,0,5,38,0,43,40,79,60,0,179,10,0,10,189
02/28/2007,PWM,ME,ANE,EN,Combined TRACON& Tower with Radar,23,96,43,2,164,0,4,69,0,73,23,100,112,2,237,54,0,54,291
03/01/2007,PWM,ME,ANE,EN,Combined TRACON& Tower with Radar,24,92,31,4,151,0,5,77,0,82,24,97,108,4,233,55,0,55,288
03/02/2007,PWM,ME,ANE,EN,Combined TRACON& Tower with Radar,28,56,9,0,93,0,0,0,0,0,28,56,9,0,93,0,0,0,93
03/03/2007,PWM,ME,ANE,EN,Combined TRACON& Tower with Radar,31,61,17,0,109,0,1,12,2,15,31,62,29,2,124,6,0,6,130
03/04/2007,PWM,ME,ANE,EN,Combined TRACON& Tower with Radar,26,59,22,0,107,0,0,0,0,0,26,59,22,0,107,8,0,8,115
03/05/2007,PWM,ME,ANE,EN,Combined TRACON& Tower with Radar,18,87,17,8,130,0,0,7,0,7,18,87,24,8,137,0,0,0,137
03/06/2007,PWM,ME,ANE,EN,Combined TRACON& Tower with Radar,43,71,18,0,132,0,3,4,3,10,43,74,22,3,142,15,6,21,163
03/07/2007,PWM,ME,ANE,EN,Combined TRACON& Tower with Radar,21,79,28,6,134,0,0,37,0,37,21,79,65,6,171,47,0,47,218
03/08/2007,PWM,ME,ANE,EN,Combined TRACON& Tower with Radar,28,86,9,1,124,0,1,10,0,11,28,87,19,1,135,0,0,0,135
03/09/2007,PWM,ME,ANE,EN,Combined TRACON& Tower with Radar,24,88,27,0,139,0,0,44,0,44,24,88,71,0,183,6,0,6,189
03/10/2007,PWM,ME,ANE,EN,Combined TRACON& Tower with Radar,20,69,20,0,109,0,0,29,0,29,20,69,49,0,138,14,0,14,152
03/11/2007,PWM,ME,ANE,EN,Combined TRACON& Tower with Radar,24,72,27,0,123,0,0,0,0,0,24,72,27,0,123,24,0,24,147
03/12/2007,PWM,ME,ANE,EN,Combined TRACON& Tower with Radar,34,77,24,0,135,0,12,59,2,73,34,89,83,2,208,32,0,32,240
03/13/2007,PWM,ME,ANE,EN,Combined TRACON& Tower with Radar,34,90,29,0,153,0,2,38,8,48,34,92,67,8,201,34,4,38,239
03/14/2007,PWM,ME,ANE,EN,Combined TRACON& Tower with Radar,35,85,33,10,163,0,2,27,0,29,35,87,60,10,192,44,0,44,236
03/15/2007,PWM,ME,ANE,EN,Combined TRACON& Tower with Radar,35,78,18,0,131,0,1,0,0,1,35,79,18,0,132,0,0,0,132
03/16/2007,PWM,ME,ANE,EN,Combined TRACON& Tower with Radar,22,44,18,0,84,0,0,2,0,2,22,44,20,0,86,0,0,0,86
03/17/2007,PWM,ME,ANE,EN,Combined TRACON& Tower with Radar,23,27,4,0,54,0,0,0,0,0,23,27,4,0,54,0,0,0,54
03/18/2007,PWM,ME,ANE,EN,Combined TRACON& Tower with Radar,22,61,15,0,98,0,0,0,0,0,22,61,15,0,98,2,0,2,100
03/19/2007,PWM,ME,ANE,EN,Combined TRACON& Tower with Radar,25,78,27,3,133,0,0,26,6,32,25,78,53,9,165,32,0,32,197
03/20/2007,PWM,ME,ANE,EN,Combined TRACON& Tower with Radar,43,66,29,3,141,0,2,10,0,12,43,68,39,3,153,0,0,0,153
03/21/2007,PWM,ME,ANE,EN,Combined TRACON& Tower with Radar,27,91,33,0,151,0,4,55,2,61,27,95,88,2,212,60,0,60,272
03/22/2007,PWM,ME,ANE,EN,Combined TRACON& Tower with Radar,30,82,21,0,133,0,1,24,0,25,30,83,45,0,158,0,0,0,158
03/23/2007,PWM,ME,ANE,EN,Combined TRACON& Tower with Radar,23,97,31,0,151,0,6,58,1,65,23,103,89,1,216,10,0,10,226
03/24/2007,PWM,ME,ANE,EN,Combined TRACON& Tower with Radar,22,67,33,0,122,0,2,51,1,54,22,69,84,1,176,45,0,45,221
03/25/2007,PWM,ME,ANE,EN,Combined TRACON& Tower with Radar,29,59,27,0,115,0,0,37,0,37,29,59,64,0,152,12,0,12,164
03/26/2007,PWM,ME,ANE,EN,Combined TRACON& Tower with Radar,17,93,26,0,136,0,2,14,1,17,17,95,40,1,153,3,0,3,156
03/27/2007,PWM,ME,ANE,EN,Combined TRACON& Tower with Radar,32,97,35,0,164,0,4,12,14,30,32,101,47,14,194,18,0,18,212
03/28/2007,PWM,ME,ANE,EN,Combined TRACON& Tower with Radar,25,83,13,7,128,0,0,34,0,34,25,83,47,7,162,5,0,5,167
03/29/2007,PWM,ME,ANE,EN,Combined TRACON& Tower with Radar,31,84,24,1,140,0,0,0,0,0,31,84,24,1,140,1,0,1,141
03/30/2007,PWM,ME,ANE,EN,Combined TRACON& Tower with Radar,29,95,26,0,150,0,0,54,0,54,29,95,80,0,204,32,0,32,236
03/31/2007,PWM,ME,ANE,EN,Combined TRACON& Tower with Radar,19,68,24,0,111,0,0,73,4,77,19,68,97,4,188,32,0,32,220
04/01/2007,PWM,ME,ANE,EN,Combined TRACON& Tower with Radar,21,61,13,0,95,0,0,0,0,0,21,61,13,0,95,24,0,24,119
04/02/2007,PWM,ME,ANE,EN,Combined TRACON& Tower with Radar,30,86,20,1,137,0,0,0,0,0,30,86,20,1,137,0,0,0,137
04/03/2007,PWM,ME,ANE,EN,Combined TRACON& Tower with Radar,34,90,25,9,158,0,0,4,2,6,34,90,29,11,164,0,0,0,164
04/04/2007,PWM,ME,ANE,EN,Combined TRACON& Tower with Radar,22,80,20,1,123,0,0,0,0,0,22,80,20,1,123,0,0,0,123
04/05/2007,PWM,ME,ANE,EN,Combined TRACON& Tower with Radar,28,92,31,0,151,0,0,2,0,2,28,92,33,0,153,0,0,0,153
04/06/2007,PWM,ME,ANE,EN,Combined TRACON& Tower with Radar,23,91,26,1,141,0,1,26,1,28,23,92,52,2,169,48,0,48,217
04/07/2007,PWM,ME,ANE,EN,Combined TRACON& Tower with Radar,22,73,15,0,110,0,0,70,1,71,22,73,85,1,181,48,0,48,229
04/08/2007,PWM,ME,ANE,EN,Combined TRACON& Tower with Radar,25,68,12,0,105,0,0,0,0,0,25,68,12,0,105,9,0,9,114
04/09/2007,PWM,ME,ANE,EN,Combined TRACON& Tower with Radar,24,83,19,0,126,0,0,22,0,22,24,83,41,0,148,11,0,11,159
04/10/2007,PWM,ME,ANE,EN,Combined TRACON& Tower with Radar,31,90,27,1,149,0,1,70,0,71,31,91,97,1,220,17,0,17,237
04/11/2007,PWM,ME,ANE,EN,Combined TRACON& Tower with Radar,26,95,33,0,154,0,0,0,0,0,26,95,33,0,154,104,2,106,260
04/12/2007,PWM,ME,ANE,EN,Combined TRACON& Tower with Radar,19,78,19,0,116,0,0,1,0,1,19,78,20,0,117,0,0,0,117
04/13/2007,PWM,ME,ANE,EN,Combined TRACON& Tower with Radar,29,85,18,2,134,0,1,8,5,14,29,86,26,7,148,12,0,12,160
04/14/2007,PWM,ME,ANE,EN,Combined TRACON& Tower with Radar,27,72,33,0,132,0,2,32,0,34,27,74,65,0,166,61,0,61,227
04/15/2007,PWM,ME,ANE,EN,Combined TRACON& Tower with Radar,16,60,9,8,93,0,0,0,0,0,16,60,9,8,93,0,0,0,93
04/16/2007,PWM,ME,ANE,EN,Combined TRACON& Tower with Radar,10,19,3,0,32,0,0,0,0,0,10,19,3,0,32,0,0,0,32
04/17/2007,PWM,ME,ANE,EN,Combined TRACON& Tower with Radar,33,90,8,0,131,0,21,9,0,30,33,111,17,0,161,0,0,0,161
04/18/2007,PWM,ME,ANE,EN,Combined TRACON& Tower with Radar,27,86,16,0,129,0,0,9,0,9,27,86,25,0,138,0,0,0,138
04/19/2007,PWM,ME,ANE,EN,Combined TRACON& Tower with Radar,25,91,30,1,147,0,2,28,2,32,25,93,58,3,179,6,0,6,185
04/20/2007,PWM,ME,ANE,EN,Combined TRACON& Tower with Radar,44,72,25,11,152,0,9,76,2,87,44,81,101,13,239,56,5,61,300
04/21/2007,PWM,ME,ANE,EN,Combined TRACON& Tower with Radar,32,59,16,0,107,0,3,75,4,82,32,62,91,4,189,38,0,38,227
04/22/2007,PWM,ME,ANE,EN,Combined TRACON& Tower with Radar,22,74,31,0,127,0,0,0,0,0,22,74,31,0,127,45,0,45,172
04/23/2007,PWM,ME,ANE,EN,Combined TRACON& Tower with Radar,30,78,25,0,133,0,0,0,0,0,30,78,25,0,133,8,0,8,141
04/24/2007,PWM,ME,ANE,EN,Combined TRACON& Tower with Radar,44,66,25,5,140,0,1,52,7,60,44,67,77,12,200,43,0,43,243
04/25/2007,PWM,ME,ANE,EN,Combined TRACON& Tower with Radar,35,78,51,15,179,0,12,46,1,59,35,90,97,16,238,42,0,42,280
04/26/2007,PWM,ME,ANE,EN,Combined TRACON& Tower with Radar,42,92,40,7,181,0,4,87,2,93,42,96,127,9,274,43,0,43,317
04/27/2007,PWM,ME,ANE,EN,Combined TRACON& Tower with Radar,21,88,35,0,144,0,0,0,2,2,21,88,35,2,146,0,0,0,146
04/28/2007,PWM,ME,ANE,EN,Combined TRACON& Tower with Radar,27,54,17,3,101,0,1,11,0,12,27,55,28,3,113,17,0,17,130
04/29/2007,PWM,ME,ANE,EN,Combined TRACON& Tower with Radar,32,60,35,1,128,0,0,0,2,2,32,60,35,3,130,0,0,0,130
04/30/2007,PWM,ME,ANE,EN,Combined TRACON& Tower with Radar,26,86,24,3,139,0,1,5,0,6,26,87,29,3,145,0,0,0,145
05/01/2007,PWM,ME,ANE,EN,Combined TRACON& Tower with Radar,35,80,14,1,130,0,6,50,4,60,35,86,64,5,190,46,0,46,236
05/02/2007,PWM,ME,ANE,EN,Combined TRACON& Tower with Radar,23,92,29,5,149,0,2,32,1,35,23,94,61,6,184,3,0,3,187
05/03/2007,PWM,ME,ANE,EN,Combined TRACON& Tower with Radar,32,86,24,3,145,0,2,49,0,51,32,88,73,3,196,6,0,6,202
05/04/2007,PWM,ME,ANE,EN,Combined TRACON& Tower with Radar,25,85,20,0,130,0,1,34,0,35,25,86,54,0,165,13,0,13,178
05/05/2007,PWM,ME,ANE,EN,Combined TRACON& Tower with Radar,31,48,29,0,108,0,0,0,0,0,31,48,29,0,108,71,0,71,179
05/06/2007,PWM,ME,ANE,EN,Combined TRACON& Tower with Radar,21,66,42,0,129,0,0,0,0,0,21,66,42,0,129,23,0,23,152
05/07/2007,PWM,ME,ANE,EN,Combined TRACON& Tower with Radar,24,67,30,5,126,0,7,53,0,60,24,74,83,5,186,28,0,28,214
05/08/2007,PWM,ME,ANE,EN,Combined TRACON& Tower with Radar,35,81,14,6,136,0,4,39,3,46,35,85,53,9,182,30,0,30,212
05/09/2007,PWM,ME,ANE,EN,Combined TRACON& Tower with Radar,35,92,30,2,159,0,2,59,1,62,35,94,89,3,221,68,0,68,289
05/10/2007,PWM,ME,ANE,EN,Combined TRACON& Tower with Radar,24,90,32,0,146,0,4,36,0,40,24,94,68,0,186,20,0,20,206
05/11/2007,PWM,ME,ANE,EN,Combined TRACON& Tower with Radar,27,93,25,0,145,0,1,5,0,6,27,94,30,0,151,0,0,0,151
05/12/2007,PWM,ME,ANE,EN,Combined TRACON& Tower with Radar,30,55,21,0,106,0,0,61,0,61,30,55,82,0,167,36,0,36,203
05/13/2007,PWM,ME,ANE,EN,Combined TRACON& Tower with Radar,31,63,16,0,110,0,0,0,0,0,31,63,16,0,110,2,0,2,112
05/14/2007,PWM,ME,ANE,EN,Combined TRACON& Tower with Radar,23,87,35,2,147,0,1,72,2,75,23,88,107,4,222,6,0,6,228
05/15/2007,PWM,ME,ANE,EN,Combined TRACON& Tower with Radar,36,68,28,3,135,0,1,8,0,9,36,69,36,3,144,6,0,6,150
05/16/2007,PWM,ME,ANE,EN,Combined TRACON& Tower with Radar,22,88,21,8,139,0,0,0,0,0,22,88,21,8,139,0,0,0,139
05/17/2007,PWM,ME,ANE,EN,Combined TRACON& Tower with Radar,25,100,55,0,180,0,0,8,0,8,25,100,63,0,188,2,0,2,190
05/18/2007,PWM,ME,ANE,EN,Combined TRACON& Tower with Radar,32,90,24,0,146,0,0,0,0,0,32,90,24,0,146,0,0,0,146
05/19/2007,PWM,ME,ANE,EN,Combined TRACON& Tower with Radar,25,69,26,2,122,0,0,1,0,1,25,69,27,2,123,8,0,8,131
05/20/2007,PWM,ME,ANE,EN,Combined TRACON& Tower with Radar,31,74,35,0,140,0,0,0,0,0,31,74,35,0,140,0,0,0,140
05/21/2007,PWM,ME,ANE,EN,Combined TRACON& Tower with Radar,28,80,24,0,132,1,2,38,0,41,29,82,62,0,173,0,0,0,173
05/22/2007,PWM,ME,ANE,EN,Combined TRACON& Tower with Radar,40,78,23,5,146,0,7,77,0,84,40,85,100,5,230,59,0,59,289
05/23/2007,PWM,ME,ANE,EN,Combined TRACON& Tower with Radar,27,101,63,1,192,0,6,18,3,27,27,107,81,4,219,0,0,0,219
05/24/2007,PWM,ME,ANE,EN,Combined TRACON& Tower with Radar,32,100,37,0,169,0,6,69,0,75,32,106,106,0,244,14,0,14,258
05/25/2007,PWM,ME,ANE,EN,Combined TRACON& Tower with Radar,30,103,33,0,166,0,1,51,0,52,30,104,84,0,218,32,0,32,250
05/26/2007,PWM,ME,ANE,EN,Combined TRACON& Tower with Radar,29,52,25,0,106,0,2,64,0,66,29,54,89,0,172,19,0,19,191
05/27/2007,PWM,ME,ANE,EN,Combined TRACON& Tower with Radar,32,54,16,0,102,0,0,50,1,51,32,54,66,1,153,34,0,34,187
05/28/2007,PWM,ME,ANE,EN,Combined TRACON& Tower with Radar,32,69,23,0,124,0,5,56,0,61,32,74,79,0,185,29,10,39,224
05/29/2007,PWM,ME,ANE,EN,Combined TRACON& Tower with Radar,38,73,31,0,142,0,6,42,4,52,38,79,73,4,194,2,0,2,196
05/30/2007,PWM,ME,ANE,EN,Combined TRACON& Tower with Radar,32,98,41,0,171,0,0,0,0,0,32,98,41,0,171,73,0,73,244
05/31/2007,PWM,ME,ANE,EN,Combined TRACON& Tower with Radar,26,97,59,0,182,0,0,7,0,7,26,97,66,0,189,20,0,20,209
06/01/2007,PWM,ME,ANE,EN,Combined TRACON& Tower with Radar,27,87,39,0,153,0,2,12,0,14,27,89,51,0,167,16,0,16,183
06/02/2007,PWM,ME,ANE,EN,Combined TRACON& Tower with Radar,26,55,21,2,104,0,0,9,0,9,26,55,30,2,113,15,0,15,128
06/03/2007,PWM,ME,ANE,EN,Combined TRACON& Tower with Radar,35,50,19,0,104,0,0,0,0,0,35,50,19,0,104,0,0,0,104
06/04/2007,PWM,ME,ANE,EN,Combined TRACON& Tower with Radar,31,68,34,0,133,0,0,0,0,0,31,68,34,0,133,0,0,0,133
06/05/2007,PWM,ME,ANE,EN,Combined TRACON& Tower with Radar,2,11,0,0,13,32,111,34,1,178,34,122,34,1,191,0,0,0,191
06/06/2007,PWM,ME,ANE,EN,Combined TRACON& Tower with Radar,21,102,46,2,171,0,0,85,1,86,21,102,131,3,257,27,0,27,284
06/07/2007,PWM,ME,ANE,EN,Combined TRACON& Tower with Radar,27,98,42,3,170,0,0,0,0,0,27,98,42,3,170,36,0,36,206
06/08/2007,PWM,ME,ANE,EN,Combined TRACON& Tower with Radar,27,82,23,1,133,0,5,60,0,65,27,87,83,1,198,83,0,83,281
06/09/2007,PWM,ME,ANE,EN,Combined TRACON& Tower with Radar,38,57,9,0,104,0,0,1,0,1,38,57,10,0,105,15,0,15,120
06/10/2007,PWM,ME,ANE,EN,Combined TRACON& Tower with Radar,31,76,26,0,133,0,0,0,0,0,31,76,26,0,133,35,0,35,168
06/11/2007,PWM,ME,ANE,EN,Combined TRACON& Tower with Radar,19,92,32,0,143,0,4,58,0,62,19,96,90,0,205,14,0,14,219
06/12/2007,PWM,ME,ANE,EN,Combined TRACON& Tower with Radar,33,70,46,6,155,0,0,44,0,44,33,70,90,6,199,58,0,58,257
06/13/2007,PWM,ME,ANE,EN,Combined TRACON& Tower with Radar,32,77,48,0,157,0,1,18,0,19,32,78,66,0,176,10,0,10,186
06/14/2007,PWM,ME,ANE,EN,Combined TRACON& Tower with Radar,42,92,27,1,162,0,1,83,4,88,42,93,110,5,250,31,0,31,281
06/15/2007,PWM,ME,ANE,EN,Combined TRACON& Tower with Radar,34,93,46,6,179,0,6,62,0,68,34,99,108,6,247,38,0,38,285
06/16/2007,PWM,ME,ANE,EN,Combined TRACON& Tower with Radar,40,52,25,0,117,0,2,86,0,88,40,54,111,0,205,71,0,71,276
06/17/2007,PWM,ME,ANE,EN,Combined TRACON& Tower with Radar,30,78,16,0,124,0,0,43,0,43,30,78,59,0,167,41,0,41,208
06/18/2007,PWM,ME,ANE,EN,Combined TRACON& Tower with Radar,39,87,41,0,167,0,0,0,0,0,39,87,41,0,167,24,1,25,192
06/19/2007,PWM,ME,ANE,EN,Combined TRACON& Tower with Radar,47,68,32,0,147,0,4,63,1,68,47,72,95,1,215,48,0,48,263
06/20/2007,PWM,ME,ANE,EN,Combined TRACON& Tower with Radar,33,106,49,1,189,0,2,32,0,34,33,108,81,1,223,12,0,12,235
06/21/2007,PWM,ME,ANE,EN,Combined TRACON& Tower with Radar,47,86,38,0,171,0,5,63,0,68,47,91,101,0,239,61,0,61,300
06/22/2007,PWM,ME,ANE,EN,Combined TRACON& Tower with Radar,40,102,42,0,184,0,1,30,0,31,40,103,72,0,215,28,0,28,243
06/23/2007,PWM,ME,ANE,EN,Combined TRACON& Tower with Radar,42,67,25,0,134,0,5,46,2,53,42,72,71,2,187,22,0,22,209
06/24/2007,PWM,ME,ANE,EN,Combined TRACON& Tower with Radar,40,70,24,8,142,0,0,63,4,67,40,70,87,12,209,27,0,27,236
06/25/2007,PWM,ME,ANE,EN,Combined TRACON& Tower with Radar,29,91,33,2,155,0,5,45,0,50,29,96,78,2,205,29,0,29,234
06/26/2007,PWM,ME,ANE,EN,Combined TRACON& Tower with Radar,56,76,22,20,174,0,4,69,13,86,56,80,91,33,260,26,3,29,289
06/27/2007,PWM,ME,ANE,EN,Combined TRACON& Tower with Radar,27,86,31,2,146,0,3,50,0,53,27,89,81,2,199,40,0,40,239
06/29/2007,PWM,ME,ANE,EN,Combined TRACON& Tower with Radar,46,106,67,1,220,0,0,0,0,0,46,106,67,1,220,0,0,0,220
06/30/2007,PWM,ME,ANE,EN,Combined TRACON& Tower with Radar,42,59,37,1,139,0,1,35,0,36,42,60,72,1,175,0,0,0,175
07/01/2007,PWM,ME,ANE,EN,Combined TRACON& Tower with Radar,33,91,33,0,157,0,0,36,4,40,33,91,69,4,197,0,0,0,197
07/02/2007,PWM,ME,ANE,EN,Combined TRACON& Tower with Radar,36,92,46,0,174,0,0,0,0,0,36,92,46,0,174,6,0,6,180
07/03/2007,PWM,ME,ANE,EN,Combined TRACON& Tower with Radar,47,85,38,9,179,0,5,68,0,73,47,90,106,9,252,15,0,15,267
07/04/2007,PWM,ME,ANE,EN,Combined TRACON& Tower with Radar,38,61,12,0,111,0,2,50,0,52,38,63,62,0,163,42,0,42,205
07/05/2007,PWM,ME,ANE,EN,Combined TRACON& Tower with Radar,34,88,37,0,159,0,0,19,0,19,34,88,56,0,178,8,0,8,186
07/06/2007,PWM,ME,ANE,EN,Combined TRACON& Tower with Radar,37,87,62,0,186,0,0,11,0,11,37,87,73,0,197,0,0,0,197
07/07/2007,PWM,ME,ANE,EN,Combined TRACON& Tower with Radar,35,75,29,0,139,0,0,57,0,57,35,75,86,0,196,57,0,57,253
07/08/2007,PWM,ME,ANE,EN,Combined TRACON& Tower with Radar,39,81,51,0,171,0,0,0,0,0,39,81,51,0,171,25,0,25,196
07/09/2007,PWM,ME,ANE,EN,Combined TRACON& Tower with Radar,33,90,38,3,164,0,0,0,0,0,33,90,38,3,164,0,0,0,164
07/10/2007,PWM,ME,ANE,EN,Combined TRACON& Tower with Radar,35,72,26,5,138,0,0,31,0,31,35,72,57,5,169,19,0,19,188
07/11/2007,PWM,ME,ANE,EN,Combined TRACON& Tower with Radar,43,65,24,0,132,0,0,0,0,0,43,65,24,0,132,0,0,0,132
07/12/2007,PWM,ME,ANE,EN,Combined TRACON& Tower with Radar,45,97,45,0,187,0,4,105,6,115,45,101,150,6,302,100,0,100,402
07/13/2007,PWM,ME,ANE,EN,Combined TRACON& Tower with Radar,40,94,35,0,169,0,3,80,0,83,40,97,115,0,252,49,0,49,301
07/14/2007,PWM,ME,ANE,EN,Combined TRACON& Tower with Radar,50,56,34,0,140,0,5,99,0,104,50,61,133,0,244,60,0,60,304
07/15/2007,PWM,ME,ANE,EN,Combined TRACON& Tower with Radar,41,87,43,0,171,0,0,11,0,11,41,87,54,0,182,17,0,17,199
07/16/2007,PWM,ME,ANE,EN,Combined TRACON& Tower with Radar,40,99,60,1,200,0,3,83,1,87,40,102,143,2,287,76,0,76,363
07/17/2007,PWM,ME,ANE,EN,Combined TRACON& Tower with Radar,43,93,24,10,170,0,1,68,1,70,43,94,92,11,240,36,0,36,276
07/18/2007,PWM,ME,ANE,EN,Combined TRACON& Tower with Radar,30,76,51,0,157,0,0,0,0,0,30,76,51,0,157,0,0,0,157
07/19/2007,PWM,ME,ANE,EN,Combined TRACON& Tower with Radar,35,109,95,1,240,0,0,1,0,1,35,109,96,1,241,0,0,0,241
07/20/2007,PWM,ME,ANE,EN,Combined TRACON& Tower with Radar,36,127,55,0,218,0,3,27,1,31,36,130,82,1,249,14,0,14,263
07/21/2007,PWM,ME,ANE,EN,Combined TRACON& Tower with Radar,49,89,60,0,198,0,7,66,2,75,49,96,126,2,273,49,0,49,322
07/22/2007,PWM,ME,ANE,EN,Combined TRACON& Tower with Radar,44,103,39,0,186,0,6,98,0,104,44,109,137,0,290,61,0,61,351
07/23/2007,PWM,ME,ANE,EN,Combined TRACON& Tower with Radar,34,92,47,0,173,0,1,14,1,16,34,93,61,1,189,14,0,14,203
07/24/2007,PWM,ME,ANE,EN,Combined TRACON& Tower with Radar,51,102,49,5,207,0,0,13,0,13,51,102,62,5,220,48,0,48,268
07/25/2007,PWM,ME,ANE,EN,Combined TRACON& Tower with Radar,46,88,53,0,187,0,5,96,0,101,46,93,149,0,288,26,0,26,314
07/26/2007,PWM,ME,ANE,EN,Combined TRACON& Tower with Radar,46,94,34,2,176,0,5,73,4,82,46,99,107,6,258,69,0,69,327
07/27/2007,PWM,ME,ANE,EN,Combined TRACON& Tower with Radar,36,90,58,2,186,0,11,52,0,63,36,101,110,2,249,43,4,47,296
07/28/2007,PWM,ME,ANE,EN,Combined TRACON& Tower with Radar,39,64,23,0,126,0,1,13,0,14,39,65,36,0,140,33,0,33,173
07/29/2007,PWM,ME,ANE,EN,Combined TRACON& Tower with Radar,44,60,50,0,154,0,0,0,0,0,44,60,50,0,154,25,0,25,179
07/30/2007,PWM,ME,ANE,EN,Combined TRACON& Tower with Radar,45,73,44,1,163,0,0,0,0,0,45,73,44,1,163,4,1,5,168
07/31/2007,PWM,ME,ANE,EN,Combined TRACON& Tower with Radar,54,90,49,1,194,0,3,85,1,89,54,93,134,2,283,52,0,52,335
08/01/2007,PWM,ME,ANE,EN,Combined TRACON& Tower with Radar,36,96,39,0,171,0,4,116,1,121,36,100,155,1,292,76,0,76,368
08/02/2007,PWM,ME,ANE,EN,Combined TRACON& Tower with Radar,45,93,52,0,190,0,5,81,3,89,45,98,133,3,279,48,0,48,327
08/03/2007,PWM,ME,ANE,EN,Combined TRACON& Tower with Radar,40,90,29,7,166,0,13,43,0,56,40,103,72,7,222,33,0,33,255
08/04/2007,PWM,ME,ANE,EN,Combined TRACON& Tower with Radar,40,70,16,3,129,0,2,33,0,35,40,72,49,3,164,44,0,44,208
08/05/2007,PWM,ME,ANE,EN,Combined TRACON& Tower with Radar,49,75,40,0,164,0,0,0,0,0,49,75,40,0,164,101,0,101,265
08/06/2007,PWM,ME,ANE,EN,Combined TRACON& Tower with Radar,39,67,38,0,144,0,0,0,0,0,39,67,38,0,144,0,0,0,144
08/07/2007,PWM,ME,ANE,EN,Combined TRACON& Tower with Radar,59,95,48,0,202,0,3,74,6,83,59,98,122,6,285,38,0,38,323
08/08/2007,PWM,ME,ANE,EN,Combined TRACON& Tower with Radar,41,63,66,0,170,0,2,11,9,22,41,65,77,9,192,12,0,12,204
08/09/2007,PWM,ME,ANE,EN,Combined TRACON& Tower with Radar,49,79,68,5,201,0,2,69,8,79,49,81,137,13,280,20,0,20,300
08/10/2007,PWM,ME,ANE,EN,Combined TRACON& Tower with Radar,42,91,71,0,204,0,2,31,4,37,42,93,102,4,241,0,0,0,241
08/11/2007,PWM,ME,ANE,EN,Combined TRACON& Tower with Radar,47,77,34,0,158,0,2,51,0,53,47,79,85,0,211,1,0,1,212
08/12/2007,PWM,ME,ANE,EN,Combined TRACON& Tower with Radar,38,95,55,0,188,0,0,42,1,43,38,95,97,1,231,15,0,15,246
08/13/2007,PWM,ME,ANE,EN,Combined TRACON& Tower with Radar,44,94,47,2,187,0,1,46,0,47,44,95,93,2,234,16,0,16,250
08/14/2007,PWM,ME,ANE,EN,Combined TRACON& Tower with Radar,51,75,50,5,181,0,1,108,4,113,51,76,158,9,294,43,0,43,337
08/15/2007,PWM,ME,ANE,EN,Combined TRACON& Tower with Radar,47,93,32,0,172,0,6,71,0,77,47,99,103,0,249,39,0,39,288
08/16/2007,PWM,ME,ANE,EN,Combined TRACON& Tower with Radar,49,81,37,0,167,0,1,59,0,60,49,82,96,0,227,25,0,25,252
08/17/2007,PWM,ME,ANE,EN,Combined TRACON& Tower with Radar,46,85,51,0,182,0,3,62,5,70,46,88,113,5,252,31,0,31,283
08/18/2007,PWM,ME,ANE,EN,Combined TRACON& Tower with Radar,47,61,33,0,141,0,0,0,0,0,47,61,33,0,141,22,0,22,163
08/19/2007,PWM,ME,ANE,EN,Combined TRACON& Tower with Radar,37,80,45,0,162,0,2,79,6,87,37,82,124,6,249,18,0,18,267
08/20/2007,PWM,ME,ANE,EN,Combined TRACON& Tower with Radar,38,78,58,1,175,0,13,67,1,81,38,91,125,2,256,34,6,40,296
08/21/2007,PWM,ME,ANE,EN,Combined TRACON& Tower with Radar,55,70,54,0,179,0,10,79,6,95,55,80,133,6,274,74,0,74,348
08/22/2007,PWM,ME,ANE,EN,Combined TRACON& Tower with Radar,55,84,42,4,185,0,3,75,3,81,55,87,117,7,266,109,0,109,375
08/23/2007,PWM,ME,ANE,EN,Combined TRACON& Tower with Radar,46,84,47,0,177,0,0,25,2,27,46,84,72,2,204,13,3,16,220
08/24/2007,PWM,ME,ANE,EN,Combined TRACON& Tower with Radar,54,78,51,0,183,0,1,17,0,18,54,79,68,0,201,58,0,58,259
08/25/2007,PWM,ME,ANE,EN,Combined TRACON& Tower with Radar,44,57,23,8,132,0,0,44,0,44,44,57,67,8,176,49,0,49,225
08/26/2007,PWM,ME,ANE,EN,Combined TRACON& Tower with Radar,43,71,26,0,140,0,0,0,0,0,43,71,26,0,140,16,0,16,156
08/27/2007,PWM,ME,ANE,EN,Combined TRACON& Tower with Radar,37,91,49,0,177,0,2,72,0,74,37,93,121,0,251,50,0,50,301
08/28/2007,PWM,ME,ANE,EN,Combined TRACON& Tower with Radar,53,78,47,1,179,0,10,74,0,84,53,88,121,1,263,34,0,34,297
08/29/2007,PWM,ME,ANE,EN,Combined TRACON& Tower with Radar,47,93,60,18,218,0,6,98,1,105,47,99,158,19,323,64,0,64,387
08/30/2007,PWM,ME,ANE,EN,Combined TRACON& Tower with Radar,54,89,42,0,185,0,6,53,0,59,54,95,95,0,244,34,0,34,278
08/31/2007,PWM,ME,ANE,EN,Combined TRACON& Tower with Radar,50,84,57,0,191,0,0,4,0,4,50,84,61,0,195,0,0,0,195
09/01/2007,PWM,ME,ANE,EN,Combined TRACON& Tower with Radar,46,52,21,0,119,0,2,48,0,50,46,54,69,0,169,34,0,34,203
09/02/2007,PWM,ME,ANE,EN,Combined TRACON& Tower with Radar,45,49,20,0,114,0,0,0,0,0,45,49,20,0,114,38,0,38,152
09/03/2007,PWM,ME,ANE,EN,Combined TRACON& Tower with Radar,45,71,34,2,152,0,0,84,1,85,45,71,118,3,237,80,70,150,387
09/04/2007,PWM,ME,ANE,EN,Combined TRACON& Tower with Radar,42,87,39,0,168,0,4,60,6,70,42,91,99,6,238,61,0,61,299
09/05/2007,PWM,ME,ANE,EN,Combined TRACON& Tower with Radar,35,86,27,2,150,0,6,84,0,90,35,92,111,2,240,49,0,49,289
09/06/2007,PWM,ME,ANE,EN,Combined TRACON& Tower with Radar,57,69,46,0,172,0,6,57,4,67,57,75,103,4,239,67,0,67,306
09/07/2007,PWM,ME,ANE,EN,Combined TRACON& Tower with Radar,53,82,32,0,167,0,2,45,0,47,53,84,77,0,214,22,0,22,236
09/08/2007,PWM,ME,ANE,EN,Combined TRACON& Tower with Radar,41,61,19,0,121,0,0,0,0,0,41,61,19,0,121,26,0,26,147
09/09/2007,PWM,ME,ANE,EN,Combined TRACON& Tower with Radar,46,61,45,0,152,0,0,0,0,0,46,61,45,0,152,2,0,2,154
09/10/2007,PWM,ME,ANE,EN,Combined TRACON& Tower with Radar,33,78,33,0,144,0,0,0,0,0,33,78,33,0,144,0,0,0,144
09/11/2007,PWM,ME,ANE,EN,Combined TRACON& Tower with Radar,52,65,25,0,142,0,0,0,0,0,52,65,25,0,142,0,0,0,142
09/12/2007,PWM,ME,ANE,EN,Combined TRACON& Tower with Radar,50,83,38,1,172,0,3,59,0,62,50,86,97,1,234,0,0,0,234
09/13/2007,PWM,ME,ANE,EN,Combined TRACON& Tower with Radar,49,86,35,0,170,0,9,61,4,74,49,95,96,4,244,83,0,83,327
09/14/2007,PWM,ME,ANE,EN,Combined TRACON& Tower with Radar,49,80,36,8,173,0,4,55,0,59,49,84,91,8,232,29,0,29,261
09/15/2007,PWM,ME,ANE,EN,Combined TRACON& Tower with Radar,42,53,28,0,123,0,0,0,0,0,42,53,28,0,123,2,0,2,125
09/16/2007,PWM,ME,ANE,EN,Combined TRACON& Tower with Radar,48,61,27,0,136,0,2,57,0,59,48,63,84,0,195,47,0,47,242
09/17/2007,PWM,ME,ANE,EN,Combined TRACON& Tower with Radar,45,69,27,1,142,0,2,75,0,77,45,71,102,1,219,52,0,52,271
09/18/2007,PWM,ME,ANE,EN,Combined TRACON& Tower with Radar,45,74,41,0,160,0,22,85,0,107,45,96,126,0,267,26,0,26,293
09/19/2007,PWM,ME,ANE,EN,Combined TRACON& Tower with Radar,49,86,36,0,171,0,59,1,1,61,49,145,37,1,232,39,0,39,271
09/20/2007,PWM,ME,ANE,EN,Combined TRACON& Tower with Radar,49,81,39,0,169,0,3,74,0,77,49,84,113,0,246,15,0,15,261
09/21/2007,PWM,ME,ANE,EN,Combined TRACON& Tower with Radar,52,72,41,0,165,0,0,87,2,89,52,72,128,2,254,26,8,34,288
09/22/2007,PWM,ME,ANE,EN,Combined TRACON& Tower with Radar,43,48,17,0,108,0,0,2,1,3,43,48,19,1,111,0,0,0,111
09/23/2007,PWM,ME,ANE,EN,Combined TRACON& Tower with Radar,47,62,32,0,141,0,1,106,3,110,47,63,138,3,251,180,14,194,445
09/24/2007,PWM,ME,ANE,EN,Combined TRACON& Tower with Radar,43,69,36,0,148,0,1,64,1,66,43,70,100,1,214,4,0,4,218
09/25/2007,PWM,ME,ANE,EN,Combined TRACON& Tower with Radar,44,82,21,1,148,0,1,75,3,79,44,83,96,4,227,22,0,22,249
09/26/2007,PWM,ME,ANE,EN,Combined TRACON& Tower with Radar,51,73,25,0,149,0,1,47,3,51,51,74,72,3,200,62,0,62,262
09/27/2007,PWM,ME,ANE,EN,Combined TRACON& Tower with Radar,53,73,34,0,160,0,0,3,0,3,53,73,37,0,163,0,0,0,163
09/28/2007,PWM,ME,ANE,EN,Combined TRACON& Tower with Radar,52,70,41,0,163,0,1,17,0,18,52,71,58,0,181,8,0,8,189
09/29/2007,PWM,ME,ANE,EN,Combined TRACON& Tower with Radar,41,47,10,0,98,0,0,50,0,50,41,47,60,0,148,22,20,42,190
09/30/2007,PWM,ME,ANE,EN,Combined TRACON& Tower with Radar,51,57,33,0,141,0,1,90,1,92,51,58,123,1,233,55,0,55,288
10/01/2007,PWM,ME,ANE,EN,Combined TRACON& Tower with Radar,52,75,44,7,178,0,3,42,1,46,52,78,86,8,224,19,0,19,243
10/02/2007,PWM,ME,ANE,EN,Combined TRACON& Tower with Radar,49,81,35,5,170,0,1,39,2,42,49,82,74,7,212,16,0,16,228
10/03/2007,PWM,ME,ANE,EN,Combined TRACON& Tower with Radar,48,72,43,0,163,0,0,0,0,0,48,72,43,0,163,0,0,0,163
10/04/2007,PWM,ME,ANE,EN,Combined TRACON& Tower with Radar,47,77,24,0,148,0,3,47,0,50,47,80,71,0,198,43,0,43,241
10/05/2007,PWM,ME,ANE,EN,Combined TRACON& Tower with Radar,50,75,37,0,162,0,1,85,0,86,50,76,122,0,248,30,0,30,278
10/06/2007,PWM,ME,ANE,EN,Combined TRACON& Tower with Radar,47,49,24,0,120,0,0,84,0,84,47,49,108,0,204,48,0,48,252
10/07/2007,PWM,ME,ANE,EN,Combined TRACON& Tower with Radar,53,63,31,0,147,0,1,65,0,66,53,64,96,0,213,79,0,79,292
10/08/2007,PWM,ME,ANE,EN,Combined TRACON& Tower with Radar,36,76,45,0,157,0,0,6,0,6,36,76,51,0,163,10,0,10,173
10/09/2007,PWM,ME,ANE,EN,Combined TRACON& Tower with Radar,46,72,35,0,153,0,2,68,0,70,46,74,103,0,223,2,0,2,225
10/10/2007,PWM,ME,ANE,EN,Combined TRACON& Tower with Radar,44,75,24,0,143,0,1,10,0,11,44,76,34,0,154,0,0,0,154
10/11/2007,PWM,ME,ANE,EN,Combined TRACON& Tower with Radar,47,68,33,7,155,0,0,9,1,10,47,68,42,8,165,0,0,0,165
10/12/2007,PWM,ME,ANE,EN,Combined TRACON& Tower with Radar,55,84,25,17,181,0,0,0,1,1,55,84,25,18,182,0,0,0,182
10/13/2007,PWM,ME,ANE,EN,Combined TRACON& Tower with Radar,47,60,22,0,129,0,0,0,0,0,47,60,22,0,129,56,0,56,185
10/14/2007,PWM,ME,ANE,EN,Combined TRACON& Tower with Radar,48,71,29,0,148,0,2,33,0,35,48,73,62,0,183,34,0,34,217
10/15/2007,PWM,ME,ANE,EN,Combined TRACON& Tower with Radar,48,67,26,0,141,0,0,0,0,0,48,67,26,0,141,17,0,17,158
10/16/2007,PWM,ME,ANE,EN,Combined TRACON& Tower with Radar,56,62,25,2,145,0,1,67,1,69,56,63,92,3,214,28,0,28,242
10/17/2007,PWM,ME,ANE,EN,Combined TRACON& Tower with Radar,44,73,37,0,154,0,7,83,4,94,44,80,120,4,248,148,0,148,396
10/18/2007,PWM,ME,ANE,EN,Combined TRACON& Tower with Radar,48,77,53,0,178,0,1,36,0,37,48,78,89,0,215,57,0,57,272
10/19/2007,PWM,ME,ANE,EN,Combined TRACON& Tower with Radar,50,61,28,0,139,0,0,0,0,0,50,61,28,0,139,0,0,0,139
10/20/2007,PWM,ME,ANE,EN,Combined TRACON& Tower with Radar,45,53,26,0,124,0,0,0,0,0,45,53,26,0,124,30,0,30,154
10/21/2007,PWM,ME,ANE,EN,Combined TRACON& Tower with Radar,53,43,24,0,120,0,0,79,0,79,53,43,103,0,199,34,0,34,233
10/22/2007,PWM,ME,ANE,EN,Combined TRACON& Tower with Radar,50,63,29,0,142,0,0,0,0,0,50,63,29,0,142,26,0,26,168
10/23/2007,PWM,ME,ANE,EN,Combined TRACON& Tower with Radar,46,76,32,0,154,0,0,7,0,7,46,76,39,0,161,0,0,0,161
10/24/2007,PWM,ME,ANE,EN,Combined TRACON& Tower with Radar,48,65,31,0,144,0,3,20,1,24,48,68,51,1,168,8,0,8,176
10/25/2007,PWM,ME,ANE,EN,Combined TRACON& Tower with Radar,53,78,34,2,167,0,1,65,1,67,53,79,99,3,234,60,0,60,294
10/26/2007,PWM,ME,ANE,EN,Combined TRACON& Tower with Radar,42,79,38,0,159,0,3,91,0,94,42,82,129,0,253,73,0,73,326
10/27/2007,PWM,ME,ANE,EN,Combined TRACON& Tower with Radar,47,48,19,0,114,0,0,0,0,0,47,48,19,0,114,0,0,0,114
10/28/2007,PWM,ME,ANE,EN,Combined TRACON& Tower with Radar,37,79,30,0,146,0,0,0,0,0,37,79,30,0,146,4,0,4,150
10/29/2007,PWM,ME,ANE,EN,Combined TRACON& Tower with Radar,48,58,33,0,139,0,0,0,0,0,48,58,33,0,139,69,0,69,208
10/30/2007,PWM,ME,ANE,EN,Combined TRACON& Tower with Radar,50,72,26,0,148,0,6,64,1,71,50,78,90,1,219,48,0,48,267
10/31/2007,PWM,ME,ANE,EN,Combined TRACON& Tower with Radar,47,75,44,0,166,0,4,63,0,67,47,79,107,0,233,70,0,70,303
11/01/2007,PWM,ME,ANE,EN,Combined TRACON& Tower with Radar,45,68,23,0,136,0,0,0,0,0,45,68,23,0,136,0,0,0,136
11/02/2007,PWM,ME,ANE,EN,Combined TRACON& Tower with Radar,49,74,28,2,153,0,3,85,1,89,49,77,113,3,242,130,0,130,372
11/03/2007,PWM,ME,ANE,EN,Combined TRACON& Tower with Radar,39,45,6,0,90,0,0,1,0,1,39,45,7,0,91,6,0,6,97
11/04/2007,PWM,ME,ANE,EN,Combined TRACON& Tower with Radar,40,51,22,2,115,0,0,51,0,51,40,51,73,2,166,60,0,60,226
11/05/2007,PWM,ME,ANE,EN,Combined TRACON& Tower with Radar,41,65,20,1,127,0,2,28,0,30,41,67,48,1,157,34,2,36,193
11/06/2007,PWM,ME,ANE,EN,Combined TRACON& Tower with Radar,38,73,22,0,133,0,0,1,0,1,38,73,23,0,134,0,0,0,134
11/07/2007,PWM,ME,ANE,EN,Combined TRACON& Tower with Radar,32,83,35,0,150,0,1,41,0,42,32,84,76,0,192,41,0,41,233
11/08/2007,PWM,ME,ANE,EN,Combined TRACON& Tower with Radar,36,74,44,1,155,0,1,41,1,43,36,75,85,2,198,25,0,25,223
11/09/2007,PWM,ME,ANE,EN,Combined TRACON& Tower with Radar,49,71,29,8,157,0,0,0,0,0,49,71,29,8,157,28,8,36,193
11/10/2007,PWM,ME,ANE,EN,Combined TRACON& Tower with Radar,24,61,8,0,93,0,0,29,4,33,24,61,37,4,126,18,0,18,144
11/11/2007,PWM,ME,ANE,EN,Combined TRACON& Tower with Radar,40,53,26,5,124,0,0,0,0,0,40,53,26,5,124,59,0,59,183
11/12/2007,PWM,ME,ANE,EN,Combined TRACON& Tower with Radar,34,67,25,4,130,0,0,0,0,0,34,67,25,4,130,82,0,82,212
11/13/2007,PWM,ME,ANE,EN,Combined TRACON& Tower with Radar,41,73,34,0,148,0,3,13,0,16,41,76,47,0,164,21,0,21,185
11/14/2007,PWM,ME,ANE,EN,Combined TRACON& Tower with Radar,38,67,27,2,134,0,0,36,0,36,38,67,63,2,170,29,0,29,199
11/15/2007,PWM,ME,ANE,EN,Combined TRACON& Tower with Radar,40,78,23,0,141,0,0,0,0,0,40,78,23,0,141,0,0,0,141
11/16/2007,PWM,ME,ANE,EN,Combined TRACON& Tower with Radar,42,73,22,0,137,0,0,0,0,0,42,73,22,0,137,1,0,1,138
11/17/2007,PWM,ME,ANE,EN,Combined TRACON& Tower with Radar,32,62,20,2,116,0,0,38,4,42,32,62,58,6,158,8,0,8,166
11/18/2007,PWM,ME,ANE,EN,Combined TRACON& Tower with Radar,41,47,3,0,91,0,1,67,0,68,41,48,70,0,159,86,0,86,245
11/19/2007,PWM,ME,ANE,EN,Combined TRACON& Tower with Radar,33,62,25,0,120,0,1,40,0,41,33,63,65,0,161,28,0,28,189
11/20/2007,PWM,ME,ANE,EN,Combined TRACON& Tower with Radar,42,82,27,1,152,0,1,5,0,6,42,83,32,1,158,17,0,17,175
11/21/2007,PWM,ME,ANE,EN,Combined TRACON& Tower with Radar,33,94,30,0,157,0,0,1,1,2,33,94,31,1,159,0,0,0,159
11/22/2007,PWM,ME,ANE,EN,Combined TRACON& Tower with Radar,25,33,2,0,60,0,0,0,0,0,25,33,2,0,60,0,0,0,60
11/23/2007,PWM,ME,ANE,EN,Combined TRACON& Tower with Radar,33,67,14,0,114,0,2,30,0,32,33,69,44,0,146,32,0,32,178
11/24/2007,PWM,ME,ANE,EN,Combined TRACON& Tower with Radar,27,68,17,0,112,0,1,53,0,54,27,69,70,0,166,15,0,15,181
11/25/2007,PWM,ME,ANE,EN,Combined TRACON& Tower with Radar,37,61,31,2,131,0,0,59,0,59,37,61,90,2,190,86,0,86,276
11/26/2007,PWM,ME,ANE,EN,Combined TRACON& Tower with Radar,30,59,24,0,113,0,0,14,2,16,30,59,38,2,129,4,0,4,133
11/27/2007,PWM,ME,ANE,EN,Combined TRACON& Tower with Radar,43,79,36,0,158,0,4,13,6,23,43,83,49,6,181,0,0,0,181
11/28/2007,PWM,ME,ANE,EN,Combined TRACON& Tower with Radar,37,78,34,0,149,0,2,56,1,59,37,80,90,1,208,10,0,10,218
11/29/2007,PWM,ME,ANE,EN,Combined TRACON& Tower with Radar,37,77,20,1,135,0,0,0,0,0,37,77,20,1,135,21,0,21,156
11/30/2007,PWM,ME,ANE,EN,Combined TRACON& Tower with Radar,43,68,18,1,130,0,2,60,0,62,43,70,78,1,192,74,4,78,270
12/01/2007,PWM,ME,ANE,EN,Combined TRACON& Tower with Radar,34,45,6,0,85,0,0,0,0,0,34,45,6,0,85,0,0,0,85
12/02/2007,PWM,ME,ANE,EN,Combined TRACON& Tower with Radar,38,34,12,2,86,0,3,31,0,34,38,37,43,2,120,11,0,11,131
12/03/2007,PWM,ME,ANE,EN,Combined TRACON& Tower with Radar,35,55,11,0,101,0,0,0,0,0,35,55,11,0,101,0,0,0,101
12/04/2007,PWM,ME,ANE,EN,Combined TRACON& Tower with Radar,36,81,18,0,135,0,3,3,0,6,36,84,21,0,141,0,0,0,141
12/05/2007,PWM,ME,ANE,EN,Combined TRACON& Tower with Radar,41,63,40,0,144,0,3,12,2,17,41,66,52,2,161,16,0,16,177
12/06/2007,PWM,ME,ANE,EN,Combined TRACON& Tower with Radar,44,73,37,0,154,0,0,0,0,0,44,73,37,0,154,24,0,24,178
12/07/2007,PWM,ME,ANE,EN,Combined TRACON& Tower with Radar,52,56,32,4,144,0,2,21,0,23,52,58,53,4,167,4,0,4,171
12/08/2007,PWM,ME,ANE,EN,Combined TRACON& Tower with Radar,41,45,13,1,100,0,0,16,2,18,41,45,29,3,118,4,0,4,122
12/09/2007,PWM,ME,ANE,EN,Combined TRACON& Tower with Radar,28,54,20,0,102,0,0,0,0,0,28,54,20,0,102,8,0,8,110
12/10/2007,PWM,ME,ANE,EN,Combined TRACON& Tower with Radar,34,70,18,0,122,0,0,0,0,0,34,70,18,0,122,60,0,60,182
12/11/2007,PWM,ME,ANE,EN,Combined TRACON& Tower with Radar,47,74,33,0,154,0,1,13,0,14,47,75,46,0,168,0,0,0,168
12/12/2007,PWM,ME,ANE,EN,Combined TRACON& Tower with Radar,34,86,15,0,135,0,2,11,0,13,34,88,26,0,148,0,0,0,148
12/13/2007,PWM,ME,ANE,EN,Combined TRACON& Tower with Radar,44,53,15,6,118,0,0,0,0,0,44,53,15,6,118,40,0,40,158
12/14/2007,PWM,ME,ANE,EN,Combined TRACON& Tower with Radar,38,71,32,0,141,0,0,0,0,0,38,71,32,0,141,16,0,16,157
12/15/2007,PWM,ME,ANE,EN,Combined TRACON& Tower with Radar,28,59,10,1,98,0,1,51,2,54,28,60,61,3,152,16,0,16,168
12/16/2007,PWM,ME,ANE,EN,Combined TRACON& Tower with Radar,15,14,2,0,31,0,0,0,0,0,15,14,2,0,31,0,0,0,31
12/17/2007,PWM,ME,ANE,EN,Combined TRACON& Tower with Radar,24,77,26,0,127,0,0,0,0,0,24,77,26,0,127,0,0,0,127
12/18/2007,PWM,ME,ANE,EN,Combined TRACON& Tower with Radar,37,89,38,6,170,0,0,0,0,0,37,89,38,6,170,20,6,26,196
12/19/2007,PWM,ME,ANE,EN,Combined TRACON& Tower with Radar,33,96,52,19,200,0,12,15,6,33,33,108,67,25,233,1,0,1,234
12/20/2007,PWM,ME,ANE,EN,Combined TRACON& Tower with Radar,39,88,12,0,139,0,0,0,0,0,39,88,12,0,139,0,0,0,139
12/21/2007,PWM,ME,ANE,EN,Combined TRACON& Tower with Radar,46,83,56,5,190,0,0,0,0,0,46,83,56,5,190,36,0,36,226
12/22/2007,PWM,ME,ANE,EN,Combined TRACON& Tower with Radar,37,60,23,0,120,0,0,0,0,0,37,60,23,0,120,8,0,8,128
12/23/2007,PWM,ME,ANE,EN,Combined TRACON& Tower with Radar,24,62,3,0,89,0,0,0,0,0,24,62,3,0,89,0,0,0,89
12/24/2007,PWM,ME,ANE,EN,Combined TRACON& Tower with Radar,30,56,4,0,90,0,0,0,0,0,30,56,4,0,90,0,0,0,90
12/25/2007,PWM,ME,ANE,EN,Combined TRACON& Tower with Radar,23,57,1,0,81,0,0,16,0,16,23,57,17,0,97,0,0,0,97
12/26/2007,PWM,ME,ANE,EN,Combined TRACON& Tower with Radar,35,76,29,0,140,0,7,65,5,77,35,83,94,5,217,78,0,78,295
12/27/2007,PWM,ME,ANE,EN,Combined TRACON& Tower with Radar,40,72,11,0,123,0,0,0,0,0,40,72,11,0,123,0,0,0,123
12/28/2007,PWM,ME,ANE,EN,Combined TRACON& Tower with Radar,47,73,26,0,146,0,0,0,0,0,47,73,26,0,146,42,0,42,188
12/29/2007,PWM,ME,ANE,EN,Combined TRACON& Tower with Radar,23,79,7,0,109,0,0,0,0,0,23,79,7,0,109,0,0,0,109
12/30/2007,PWM,ME,ANE,EN,Combined TRACON& Tower with Radar,28,56,15,0,99,0,0,0,0,0,28,56,15,0,99,32,0,32,131
12/31/2007,PWM,ME,ANE,EN,Combined TRACON& Tower with Radar,34,57,7,0,98,0,0,0,0,0,34,57,7,0,98,0,0,0,98
01/01/2008,PWM,ME,ANE,EN,Combined TRACON& Tower with Radar,23,43,9,0,75,0,0,0,0,0,23,43,9,0,75,9,0,9,84
01/02/2008,PWM,ME,ANE,EN,Combined TRACON& Tower with Radar,37,61,20,0,118,0,0,0,0,0,37,61,20,0,118,19,0,19,137
01/03/2008,PWM,ME,ANE,EN,Combined TRACON& Tower with Radar,28,81,15,0,124,0,0,0,0,0,28,81,15,0,124,4,0,4,128
01/04/2008,PWM,ME,ANE,EN,Combined TRACON& Tower with Radar,35,70,17,0,122,0,3,23,0,26,35,73,40,0,148,4,0,4,152
01/05/2008,PWM,ME,ANE,EN,Combined TRACON& Tower with Radar,30,56,11,0,97,0,5,35,0,40,30,61,46,0,137,40,0,40,177
01/06/2008,PWM,ME,ANE,EN,Combined TRACON& Tower with Radar,0,0,21,0,21,0,0,55,0,55,0,0,76,0,76,26,0,26,102
01/07/2008,PWM,ME,ANE,EN,Combined TRACON& Tower with Radar,36,61,26,0,123,0,1,15,4,20,36,62,41,4,143,51,0,51,194
01/08/2008,PWM,ME,ANE,EN,Combined TRACON& Tower with Radar,26,81,32,1,140,0,3,34,13,50,26,84,66,14,190,11,15,26,216
01/09/2008,PWM,ME,ANE,EN,Combined TRACON& Tower with Radar,26,92,20,0,138,0,2,3,0,5,26,94,23,0,143,0,0,0,143
01/10/2008,PWM,ME,ANE,EN,Combined TRACON& Tower with Radar,37,73,47,0,157,0,0,0,0,0,37,73,47,0,157,64,0,64,221
01/11/2008,PWM,ME,ANE,EN,Combined TRACON& Tower with Radar,29,77,20,4,130,0,0,0,0,0,29,77,20,4,130,0,0,0,130
01/12/2008,PWM,ME,ANE,EN,Combined TRACON& Tower with Radar,21,59,8,0,88,0,0,70,0,70,21,59,78,0,158,28,0,28,186
01/13/2008,PWM,ME,ANE,EN,Combined TRACON& Tower with Radar,46,40,17,0,103,0,0,72,0,72,46,40,89,0,175,82,0,82,257
01/14/2008,PWM,ME,ANE,EN,Combined TRACON& Tower with Radar,22,54,15,0,91,0,0,10,0,10,22,54,25,0,101,0,0,0,101
01/15/2008,PWM,ME,ANE,EN,Combined TRACON& Tower with Radar,48,70,24,2,144,0,1,17,0,18,48,71,41,2,162,6,0,6,168
01/16/2008,PWM,ME,ANE,EN,Combined TRACON& Tower with Radar,37,80,32,0,149,0,0,0,0,0,37,80,32,0,149,30,0,30,179
01/17/2008,PWM,ME,ANE,EN,Combined TRACON& Tower with Radar,29,61,29,0,119,0,3,31,0,34,29,64,60,0,153,42,0,42,195
01/18/2008,PWM,ME,ANE,EN,Combined TRACON& Tower with Radar,37,65,18,7,127,0,1,8,0,9,37,66,26,7,136,4,3,7,143
01/19/2008,PWM,ME,ANE,EN,Combined TRACON& Tower with Radar,34,38,10,0,82,0,1,31,3,35,34,39,41,3,117,59,0,59,176
01/20/2008,PWM,ME,ANE,EN,Combined TRACON& Tower with Radar,37,45,5,0,87,0,0,0,0,0,37,45,5,0,87,0,0,0,87
01/21/2008,PWM,ME,ANE,EN,Combined TRACON& Tower with Radar,38,60,24,0,122,0,1,20,0,21,38,61,44,0,143,1,0,1,144
01/22/2008,PWM,ME,ANE,EN,Combined TRACON& Tower with Radar,33,72,30,5,140,0,0,26,2,28,33,72,56,7,168,2,12,14,182
01/23/2008,PWM,ME,ANE,EN,Combined TRACON& Tower with Radar,30,84,24,8,146,0,3,33,3,39,30,87,57,11,185,24,0,24,209
01/24/2008,PWM,ME,ANE,EN,Combined TRACON& Tower with Radar,53,61,9,1,124,0,1,8,2,11,53,62,17,3,135,17,0,17,152
01/25/2008,PWM,ME,ANE,EN,Combined TRACON& Tower with Radar,39,63,23,1,126,0,0,0,0,0,39,63,23,1,126,6,1,7,133
01/26/2008,PWM,ME,ANE,EN,Combined TRACON& Tower with Radar,26,51,5,0,82,0,6,42,0,48,26,57,47,0,130,17,0,17,147
01/27/2008,PWM,ME,ANE,EN,Combined TRACON& Tower with Radar,32,59,12,0,103,0,0,1,0,1,32,59,13,0,104,0,0,0,104
01/28/2008,PWM,ME,ANE,EN,Combined TRACON& Tower with Radar,39,65,19,0,123,0,6,6,0,12,39,71,25,0,135,2,0,2,137
01/29/2008,PWM,ME,ANE,EN,Combined TRACON& Tower with Radar,32,75,26,2,135,0,18,9,0,27,32,93,35,2,162,56,0,56,218
01/30/2008,PWM,ME,ANE,EN,Combined TRACON& Tower with Radar,34,81,19,0,134,0,0,0,5,5,34,81,19,5,139,0,0,0,139
01/31/2008,PWM,ME,ANE,EN,Combined TRACON& Tower with Radar,41,74,16,2,133,0,0,0,0,0,41,74,16,2,133,38,16,54,187
02/01/2008,PWM,ME,ANE,EN,Combined TRACON& Tower with Radar,30,52,13,0,95,0,0,0,0,0,30,52,13,0,95,0,0,0,95
02/02/2008,PWM,ME,ANE,EN,Combined TRACON& Tower with Radar,30,49,30,0,109,0,0,11,0,11,30,49,41,0,120,9,0,9,129
02/03/2008,PWM,ME,ANE,EN,Combined TRACON& Tower with Radar,29,60,31,2,122,0,2,41,0,43,29,62,72,2,165,19,0,19,184
02/04/2008,PWM,ME,ANE,EN,Combined TRACON& Tower with Radar,28,66,23,0,117,0,6,29,0,35,28,72,52,0,152,16,0,16,168
02/05/2008,PWM,ME,ANE,EN,Combined TRACON& Tower with Radar,31,73,17,0,121,0,0,0,0,0,31,73,17,0,121,0,0,0,121
02/06/2008,PWM,ME,ANE,EN,Combined TRACON& Tower with Radar,40,58,22,0,120,0,0,0,0,0,40,58,22,0,120,0,0,0,120
02/07/2008,PWM,ME,ANE,EN,Combined TRACON& Tower with Radar,38,76,19,0,133,0,0,0,0,0,38,76,19,0,133,0,0,0,133
02/08/2008,PWM,ME,ANE,EN,Combined TRACON& Tower with Radar,38,76,9,0,123,0,0,0,0,0,38,76,9,0,123,0,0,0,123
02/09/2008,PWM,ME,ANE,EN,Combined TRACON& Tower with Radar,32,54,4,0,90,0,0,6,0,6,32,54,10,0,96,10,0,10,106
02/10/2008,PWM,ME,ANE,EN,Combined TRACON& Tower with Radar,38,44,6,0,88,0,0,0,0,0,38,44,6,0,88,0,0,0,88
02/11/2008,PWM,ME,ANE,EN,Combined TRACON& Tower with Radar,28,79,23,1,131,0,1,6,0,7,28,80,29,1,138,0,0,0,138
02/12/2008,PWM,ME,ANE,EN,Combined TRACON& Tower with Radar,31,70,28,0,129,0,1,34,0,35,31,71,62,0,164,21,0,21,185
02/13/2008,PWM,ME,ANE,EN,Combined TRACON& Tower with Radar,35,48,14,0,97,0,0,0,0,0,35,48,14,0,97,0,0,0,97
02/14/2008,PWM,ME,ANE,EN,Combined TRACON& Tower with Radar,35,67,40,4,146,0,1,20,0,21,35,68,60,4,167,26,0,26,193
02/15/2008,PWM,ME,ANE,EN,Combined TRACON& Tower with Radar,36,68,20,7,131,0,0,0,0,0,36,68,20,7,131,38,4,42,173
02/16/2008,PWM,ME,ANE,EN,Combined TRACON& Tower with Radar,25,61,10,0,96,0,8,45,1,54,25,69,55,1,150,2,0,2,152
02/17/2008,PWM,ME,ANE,EN,Combined TRACON& Tower with Radar,30,52,13,0,95,0,0,0,0,0,30,52,13,0,95,31,0,31,126
02/18/2008,PWM,ME,ANE,EN,Combined TRACON& Tower with Radar,32,57,9,0,98,0,0,0,0,0,32,57,9,0,98,0,0,0,98
02/19/2008,PWM,ME,ANE,EN,Combined TRACON& Tower with Radar,42,64,20,0,126,0,3,23,0,26,42,67,43,0,152,2,0,2,154
02/20/2008,PWM,ME,ANE,EN,Combined TRACON& Tower with Radar,37,78,32,7,154,0,0,36,0,36,37,78,68,7,190,68,0,68,258
02/21/2008,PWM,ME,ANE,EN,Combined TRACON& Tower with Radar,45,67,24,0,136,0,0,0,0,0,45,67,24,0,136,30,0,30,166
02/22/2008,PWM,ME,ANE,EN,Combined TRACON& Tower with Radar,35,33,8,1,77,0,0,2,0,2,35,33,10,1,79,28,0,28,107
02/23/2008,PWM,ME,ANE,EN,Combined TRACON& Tower with Radar,30,51,11,0,92,0,0,25,0,25,30,51,36,0,117,29,0,29,146
02/24/2008,PWM,ME,ANE,EN,Combined TRACON& Tower with Radar,41,53,27,0,121,0,0,0,0,0,41,53,27,0,121,92,0,92,213
02/25/2008,PWM,ME,ANE,EN,Combined TRACON& Tower with Radar,32,76,14,10,132,0,1,46,2,49,32,77,60,12,181,46,0,46,227
02/26/2008,PWM,ME,ANE,EN,Combined TRACON& Tower with Radar,34,66,17,5,122,0,0,3,0,3,34,66,20,5,125,22,0,22,147
02/27/2008,PWM,ME,ANE,EN,Combined TRACON& Tower with Radar,47,60,22,0,129,0,0,0,0,0,47,60,22,0,129,0,0,0,129
02/28/2008,PWM,ME,ANE,EN,Combined TRACON& Tower with Radar,39,69,29,0,137,0,0,0,0,0,39,69,29,0,137,2,0,2,139
02/29/2008,PWM,ME,ANE,EN,Combined TRACON& Tower with Radar,33,77,14,0,124,0,0,0,0,0,33,77,14,0,124,18,2,20,144
03/01/2008,PWM,ME,ANE,EN,Combined TRACON& Tower with Radar,26,50,4,0,80,0,0,0,0,0,26,50,4,0,80,0,0,0,80
03/02/2008,PWM,ME,ANE,EN,Combined TRACON& Tower with Radar,44,58,10,0,112,0,0,0,0,0,44,58,10,0,112,2,0,2,114
03/03/2008,PWM,ME,ANE,EN,Combined TRACON& Tower with Radar,31,73,18,0,122,0,1,37,2,40,31,74,55,2,162,63,0,63,225
03/04/2008,PWM,ME,ANE,EN,Combined TRACON& Tower with Radar,39,61,19,2,121,0,0,5,0,5,39,61,24,2,126,14,0,14,140
03/05/2008,PWM,ME,ANE,EN,Combined TRACON& Tower with Radar,36,75,5,0,116,0,13,2,11,26,36,88,7,11,142,0,0,0,142
03/06/2008,PWM,ME,ANE,EN,Combined TRACON& Tower with Radar,38,83,31,0,152,0,2,57,1,60,38,85,88,1,212,86,0,86,298
03/07/2008,PWM,ME,ANE,EN,Combined TRACON& Tower with Radar,35,72,35,0,142,0,0,6,0,6,35,72,41,0,148,10,0,10,158
03/08/2008,PWM,ME,ANE,EN,Combined TRACON& Tower with Radar,31,48,1,1,81,0,0,0,0,0,31,48,1,1,81,0,0,0,81
03/09/2008,PWM,ME,ANE,EN,Combined TRACON& Tower with Radar,34,44,11,0,89,0,0,0,0,0,34,44,11,0,89,0,0,0,89
03/10/2008,PWM,ME,ANE,EN,Combined TRACON& Tower with Radar,40,65,19,0,124,0,0,0,0,0,40,65,19,0,124,48,0,48,172
03/11/2008,PWM,ME,ANE,EN,Combined TRACON& Tower with Radar,41,70,26,6,143,0,6,54,11,71,41,76,80,17,214,62,6,68,282
03/12/2008,PWM,ME,ANE,EN,Combined TRACON& Tower with Radar,36,67,23,0,126,0,0,0,0,0,36,67,23,0,126,0,0,0,126
03/13/2008,PWM,ME,ANE,EN,Combined TRACON& Tower with Radar,57,74,15,0,146,0,2,48,0,50,57,76,63,0,196,46,0,46,242
03/14/2008,PWM,ME,ANE,EN,Combined TRACON& Tower with Radar,43,69,17,0,129,0,0,0,0,0,43,69,17,0,129,23,0,23,152
03/15/2008,PWM,ME,ANE,EN,Combined TRACON& Tower with Radar,31,48,6,0,85,0,1,1,0,2,31,49,7,0,87,0,0,0,87
03/16/2008,PWM,ME,ANE,EN,Combined TRACON& Tower with Radar,33,57,14,0,104,0,0,0,0,0,33,57,14,0,104,0,0,0,104
03/17/2008,PWM,ME,ANE,EN,Combined TRACON& Tower with Radar,32,68,10,0,110,0,0,0,0,0,32,68,10,0,110,2,0,2,112
03/18/2008,PWM,ME,ANE,EN,Combined TRACON& Tower with Radar,37,70,20,1,128,0,20,56,6,82,37,90,76,7,210,47,0,47,257
03/19/2008,PWM,ME,ANE,EN,Combined TRACON& Tower with Radar,32,61,11,0,104,0,0,0,0,0,32,61,11,0,104,0,0,0,104
03/20/2008,PWM,ME,ANE,EN,Combined TRACON& Tower with Radar,35,77,23,0,135,0,0,4,3,7,35,77,27,3,142,0,0,0,142
03/21/2008,PWM,ME,ANE,EN,Combined TRACON& Tower with Radar,44,69,11,0,124,0,1,7,0,8,44,70,18,0,132,0,0,0,132
03/22/2008,PWM,ME,ANE,EN,Combined TRACON& Tower with Radar,30,52,8,0,90,0,1,31,4,36,30,53,39,4,126,8,0,8,134
03/23/2008,PWM,ME,ANE,EN,Combined TRACON& Tower with Radar,33,45,26,0,104,0,0,35,0,35,33,45,61,0,139,44,0,44,183
03/24/2008,PWM,ME,ANE,EN,Combined TRACON& Tower with Radar,36,76,25,0,137,0,3,48,0,51,36,79,73,0,188,50,0,50,238
03/25/2008,PWM,ME,ANE,EN,Combined TRACON& Tower with Radar,35,76,27,2,140,0,0,66,5,71,35,76,93,7,211,26,0,26,237
03/26/2008,PWM,ME,ANE,EN,Combined TRACON& Tower with Radar,30,81,35,0,146,0,5,12,0,17,30,86,47,0,163,12,0,12,175
03/27/2008,PWM,ME,ANE,EN,Combined TRACON& Tower with Radar,40,76,32,0,148,0,0,0,0,0,40,76,32,0,148,62,0,62,210
03/28/2008,PWM,ME,ANE,EN,Combined TRACON& Tower with Radar,41,73,14,0,128,0,0,0,0,0,41,73,14,0,128,0,0,0,128
03/29/2008,PWM,ME,ANE,EN,Combined TRACON& Tower with Radar,24,61,21,0,106,0,0,16,0,16,24,61,37,0,122,4,0,4,126
03/30/2008,PWM,ME,ANE,EN,Combined TRACON& Tower with Radar,28,57,20,0,105,0,0,0,0,0,28,57,20,0,105,24,0,24,129
03/31/2008,PWM,ME,ANE,EN,Combined TRACON& Tower with Radar,36,73,18,0,127,0,2,6,0,8,36,75,24,0,135,18,2,20,155
04/01/2008,PWM,ME,ANE,EN,Combined TRACON& Tower with Radar,49,67,27,0,143,0,0,0,0,0,49,67,27,0,143,0,0,0,143
04/02/2008,PWM,ME,ANE,EN,Combined TRACON& Tower with Radar,48,61,14,1,124,0,4,13,0,17,48,65,27,1,141,0,0,0,141
04/03/2008,PWM,ME,ANE,EN,Combined TRACON& Tower with Radar,32,75,18,0,125,0,4,53,0,57,32,79,71,0,182,27,0,27,209
04/04/2008,PWM,ME,ANE,EN,Combined TRACON& Tower with Radar,34,58,26,2,120,0,0,0,0,0,34,58,26,2,120,0,0,0,120
04/05/2008,PWM,ME,ANE,EN,Combined TRACON& Tower with Radar,30,58,9,0,97,0,0,0,0,0,30,58,9,0,97,24,0,24,121
04/06/2008,PWM,ME,ANE,EN,Combined TRACON& Tower with Radar,26,67,11,2,106,0,0,0,0,0,26,67,11,2,106,0,0,0,106
04/07/2008,PWM,ME,ANE,EN,Combined TRACON& Tower with Radar,41,59,10,0,110,0,2,28,0,30,41,61,38,0,140,19,0,19,159
04/08/2008,PWM,ME,ANE,EN,Combined TRACON& Tower with Radar,42,71,24,0,137,0,2,91,1,94,42,73,115,1,231,76,0,76,307
04/09/2008,PWM,ME,ANE,EN,Combined TRACON& Tower with Radar,41,74,25,0,140,0,13,38,1,52,41,87,63,1,192,63,0,63,255
04/10/2008,PWM,ME,ANE,EN,Combined TRACON& Tower with Radar,0,2,31,3,36,0,0,38,0,38,0,2,69,3,74,3,0,3,77
04/11/2008,PWM,ME,ANE,EN,Combined TRACON& Tower with Radar,32,73,17,2,124,0,2,23,0,25,32,75,40,2,149,24,0,24,173
04/12/2008,PWM,ME,ANE,EN,Combined TRACON& Tower with Radar,32,46,13,0,91,0,0,0,0,0,32,46,13,0,91,0,0,0,91
04/13/2008,PWM,ME,ANE,EN,Combined TRACON& Tower with Radar,27,57,16,0,100,0,0,27,5,32,27,57,43,5,132,22,0,22,154
04/14/2008,PWM,ME,ANE,EN,Combined TRACON& Tower with Radar,39,66,13,0,118,0,1,35,3,39,39,67,48,3,157,63,0,63,220
04/15/2008,PWM,ME,ANE,EN,Combined TRACON& Tower with Radar,49,63,33,0,145,0,1,42,7,50,49,64,75,7,195,57,0,57,252
04/16/2008,PWM,ME,ANE,EN,Combined TRACON& Tower with Radar,35,76,32,2,145,0,7,56,0,63,35,83,88,2,208,34,0,34,242
04/17/2008,PWM,ME,ANE,EN,Combined TRACON& Tower with Radar,37,75,32,0,144,0,0,0,0,0,37,75,32,0,144,90,0,90,234
04/18/2008,PWM,ME,ANE,EN,Combined TRACON& Tower with Radar,33,89,26,1,149,0,5,48,0,53,33,94,74,1,202,2,0,2,204
04/19/2008,PWM,ME,ANE,EN,Combined TRACON& Tower with Radar,27,66,16,0,109,0,0,0,0,0,27,66,16,0,109,27,0,27,136
04/20/2008,PWM,ME,ANE,EN,Combined TRACON& Tower with Radar,28,66,20,1,115,0,2,62,4,68,28,68,82,5,183,63,0,63,246
04/21/2008,PWM,ME,ANE,EN,Combined TRACON& Tower with Radar,37,76,17,0,130,0,1,30,2,33,37,77,47,2,163,40,0,40,203
04/22/2008,PWM,ME,ANE,EN,Combined TRACON& Tower with Radar,44,70,43,20,177,0,1,33,1,35,44,71,76,21,212,16,0,16,228
04/23/2008,PWM,ME,ANE,EN,Combined TRACON& Tower with Radar,37,82,27,0,146,0,7,40,1,48,37,89,67,1,194,55,0,55,249
04/24/2008,PWM,ME,ANE,EN,Combined TRACON& Tower with Radar,37,82,32,4,155,0,1,33,4,38,37,83,65,8,193,21,0,21,214
04/25/2008,PWM,ME,ANE,EN,Combined TRACON& Tower with Radar,36,0,75,0,111,0,76,45,0,121,36,76,120,0,232,64,0,64,296
04/26/2008,PWM,ME,ANE,EN,Combined TRACON& Tower with Radar,37,52,8,0,97,0,0,0,0,0,37,52,8,0,97,11,0,11,108
04/27/2008,PWM,ME,ANE,EN,Combined TRACON& Tower with Radar,34,67,15,0,116,0,3,19,0,22,34,70,34,0,138,52,0,52,190
04/28/2008,PWM,ME,ANE,EN,Combined TRACON& Tower with Radar,47,52,24,0,123,0,0,8,0,8,47,52,32,0,131,12,0,12,143
04/29/2008,PWM,ME,ANE,EN,Combined TRACON& Tower with Radar,52,65,14,0,131,0,0,1,0,1,52,65,15,0,132,0,0,0,132
04/30/2008,PWM,ME,ANE,EN,Combined TRACON& Tower with Radar,43,68,20,3,134,0,3,47,0,50,43,71,67,3,184,23,0,23,207
05/01/2008,PWM,ME,ANE,EN,Combined TRACON& Tower with Radar,41,71,39,0,151,0,3,58,3,64,41,74,97,3,215,48,0,48,263
05/02/2008,PWM,ME,ANE,EN,Combined TRACON& Tower with Radar,39,72,22,6,139,0,3,29,0,32,39,75,51,6,171,28,0,28,199
05/03/2008,PWM,ME,ANE,EN,Combined TRACON& Tower with Radar,35,55,17,0,107,0,0,0,0,0,35,55,17,0,107,13,0,13,120
05/04/2008,PWM,ME,ANE,EN,Combined TRACON& Tower with Radar,34,62,23,0,119,0,0,0,0,0,34,62,23,0,119,0,0,0,119
05/05/2008,PWM,ME,ANE,EN,Combined TRACON& Tower with Radar,42,75,28,0,145,0,0,58,0,58,42,75,86,0,203,53,0,53,256
05/06/2008,PWM,ME,ANE,EN,Combined TRACON& Tower with Radar,52,71,34,0,157,0,2,47,0,49,52,73,81,0,206,60,0,60,266
05/07/2008,PWM,ME,ANE,EN,Combined TRACON& Tower with Radar,43,68,27,12,150,0,3,40,0,43,43,71,67,12,193,10,0,10,203
05/08/2008,PWM,ME,ANE,EN,Combined TRACON& Tower with Radar,40,76,22,0,138,0,0,0,0,0,40,76,22,0,138,249,0,249,387
05/09/2008,PWM,ME,ANE,EN,Combined TRACON& Tower with Radar,41,71,20,0,132,0,5,28,0,33,41,76,48,0,165,74,0,74,239
05/10/2008,PWM,ME,ANE,EN,Combined TRACON& Tower with Radar,36,63,13,0,112,0,0,0,0,0,36,63,13,0,112,6,0,6,118
05/11/2008,PWM,ME,ANE,EN,Combined TRACON& Tower with Radar,30,69,17,0,116,0,1,49,0,50,30,70,66,0,166,35,0,35,201
05/12/2008,PWM,ME,ANE,EN,Combined TRACON& Tower with Radar,45,57,24,4,130,0,8,16,2,26,45,65,40,6,156,38,0,38,194
05/13/2008,PWM,ME,ANE,EN,Combined TRACON& Tower with Radar,44,71,18,0,133,0,0,29,4,33,44,71,47,4,166,5,0,5,171
05/14/2008,PWM,ME,ANE,EN,Combined TRACON& Tower with Radar,47,63,23,0,133,0,5,74,0,79,47,68,97,0,212,52,0,52,264
05/15/2008,PWM,ME,ANE,EN,Combined TRACON& Tower with Radar,39,83,40,0,162,0,6,38,3,47,39,89,78,3,209,52,0,52,261
05/16/2008,PWM,ME,ANE,EN,Combined TRACON& Tower with Radar,39,77,22,1,139,0,2,56,0,58,39,79,78,1,197,37,0,37,234
05/17/2008,PWM,ME,ANE,EN,Combined TRACON& Tower with Radar,38,51,17,1,107,0,0,0,0,0,38,51,17,1,107,24,0,24,131
05/18/2008,PWM,ME,ANE,EN,Combined TRACON& Tower with Radar,37,54,25,0,116,0,0,32,0,32,37,54,57,0,148,13,0,13,161
05/19/2008,PWM,ME,ANE,EN,Combined TRACON& Tower with Radar,51,67,21,11,150,0,1,11,1,13,51,68,32,12,163,21,8,29,192
05/20/2008,PWM,ME,ANE,EN,Combined TRACON& Tower with Radar,45,61,19,1,126,0,5,44,6,55,45,66,63,7,181,55,0,55,236
05/21/2008,PWM,ME,ANE,EN,Combined TRACON& Tower with Radar,48,76,39,0,163,0,2,36,0,38,48,78,75,0,201,20,0,20,221
05/22/2008,PWM,ME,ANE,EN,Combined TRACON& Tower with Radar,41,104,25,0,170,0,0,0,0,0,41,104,25,0,170,112,0,112,282
05/23/2008,PWM,ME,ANE,EN,Combined TRACON& Tower with Radar,36,91,38,0,165,0,0,0,0,0,36,91,38,0,165,33,0,33,198
05/24/2008,PWM,ME,ANE,EN,Combined TRACON& Tower with Radar,32,60,12,0,104,0,0,0,0,0,32,60,12,0,104,66,0,66,170
05/25/2008,PWM,ME,ANE,EN,Combined TRACON& Tower with Radar,27,56,17,0,100,0,0,70,0,70,27,56,87,0,170,83,0,83,253
05/26/2008,PWM,ME,ANE,EN,Combined TRACON& Tower with Radar,34,68,26,11,139,0,4,25,1,30,34,72,51,12,169,66,6,72,241
05/27/2008,PWM,ME,ANE,EN,Combined TRACON& Tower with Radar,39,70,34,5,148,0,3,20,1,24,39,73,54,6,172,20,0,20,192
05/28/2008,PWM,ME,ANE,EN,Combined TRACON& Tower with Radar,42,78,21,0,141,0,6,53,6,65,42,84,74,6,206,96,6,102,308
05/29/2008,PWM,ME,ANE,EN,Combined TRACON& Tower with Radar,29,101,35,0,165,0,6,48,0,54,29,107,83,0,219,48,0,48,267
05/30/2008,PWM,ME,ANE,EN,Combined TRACON& Tower with Radar,37,81,28,0,146,0,0,64,2,66,37,81,92,2,212,65,0,65,277
05/31/2008,PWM,ME,ANE,EN,Combined TRACON& Tower with Radar,37,56,6,0,99,0,0,0,0,0,37,56,6,0,99,0,0,0,99
06/01/2008,PWM,ME,ANE,EN,Combined TRACON& Tower with Radar,29,77,34,1,141,0,0,0,0,0,29,77,34,1,141,100,0,100,241
06/02/2008,PWM,ME,ANE,EN,Combined TRACON& Tower with Radar,45,65,33,0,143,0,2,36,0,38,45,67,69,0,181,61,0,61,242
06/03/2008,PWM,ME,ANE,EN,Combined TRACON& Tower with Radar,50,72,26,0,148,0,0,40,2,42,50,72,66,2,190,25,0,25,215
06/04/2008,PWM,ME,ANE,EN,Combined TRACON& Tower with Radar,43,62,21,0,126,0,0,0,0,0,43,62,21,0,126,0,0,0,126
06/05/2008,PWM,ME,ANE,EN,Combined TRACON& Tower with Radar,48,73,44,6,171,0,1,12,0,13,48,74,56,6,184,0,0,0,184
06/06/2008,PWM,ME,ANE,EN,Combined TRACON& Tower with Radar,53,68,28,9,158,0,0,1,0,1,53,68,29,9,159,0,0,0,159
06/07/2008,PWM,ME,ANE,EN,Combined TRACON& Tower with Radar,45,50,18,0,113,0,0,0,0,0,45,50,18,0,113,51,0,51,164
06/08/2008,PWM,ME,ANE,EN,Combined TRACON& Tower with Radar,27,77,15,4,123,0,0,0,0,0,27,77,15,4,123,84,0,84,207
06/09/2008,PWM,ME,ANE,EN,Combined TRACON& Tower with Radar,41,71,28,3,143,0,0,0,0,0,41,71,28,3,143,127,0,127,270
06/10/2008,PWM,ME,ANE,EN,Combined TRACON& Tower with Radar,42,75,18,0,135,0,0,30,3,33,42,75,48,3,168,46,0,46,214
06/11/2008,PWM,ME,ANE,EN,Combined TRACON& Tower with Radar,46,83,32,0,161,0,3,62,11,76,46,86,94,11,237,70,10,80,317
06/12/2008,PWM,ME,ANE,EN,Combined TRACON& Tower with Radar,42,91,35,1,169,0,0,0,0,0,42,91,35,1,169,36,0,36,205
06/13/2008,PWM,ME,ANE,EN,Combined TRACON& Tower with Radar,50,83,30,0,163,0,0,0,0,0,50,83,30,0,163,112,0,112,275
06/14/2008,PWM,ME,ANE,EN,Combined TRACON& Tower with Radar,48,56,24,0,128,0,0,0,0,0,48,56,24,0,128,84,0,84,212
06/15/2008,PWM,ME,ANE,EN,Combined TRACON& Tower with Radar,37,69,48,0,154,0,0,0,0,0,37,69,48,0,154,6,0,6,160
06/16/2008,PWM,ME,ANE,EN,Combined TRACON& Tower with Radar,27,89,26,0,142,0,0,0,0,0,27,89,26,0,142,0,0,0,142
06/17/2008,PWM,ME,ANE,EN,Combined TRACON& Tower with Radar,51,91,20,0,162,0,3,6,2,11,51,94,26,2,173,25,0,25,198
06/18/2008,PWM,ME,ANE,EN,Combined TRACON& Tower with Radar,48,84,47,0,179,0,4,24,0,28,48,88,71,0,207,34,0,34,241
06/19/2008,PWM,ME,ANE,EN,Combined TRACON& Tower with Radar,39,95,31,1,166,0,0,27,0,27,39,95,58,1,193,56,0,56,249
06/20/2008,PWM,ME,ANE,EN,Combined TRACON& Tower with Radar,49,83,41,0,173,0,3,9,0,12,49,86,50,0,185,40,0,40,225
06/21/2008,PWM,ME,ANE,EN,Combined TRACON& Tower with Radar,58,54,23,1,136,0,0,0,0,0,58,54,23,1,136,50,0,50,186
06/22/2008,PWM,ME,ANE,EN,Combined TRACON& Tower with Radar,32,67,21,0,120,0,0,0,0,0,32,67,21,0,120,32,0,32,152
06/23/2008,PWM,ME,ANE,EN,Combined TRACON& Tower with Radar,39,88,32,0,159,0,0,1,0,1,39,88,33,0,160,0,0,0,160
06/24/2008,PWM,ME,ANE,EN,Combined TRACON& Tower with Radar,49,83,30,0,162,0,0,0,0,0,49,83,30,0,162,74,0,74,236
06/25/2008,PWM,ME,ANE,EN,Combined TRACON& Tower with Radar,48,107,40,2,197,0,2,62,0,64,48,109,102,2,261,126,0,126,387
06/26/2008,PWM,ME,ANE,EN,Combined TRACON& Tower with Radar,38,95,34,14,181,0,0,0,0,0,38,95,34,14,181,33,0,33,214
06/27/2008,PWM,ME,ANE,EN,Combined TRACON& Tower with Radar,61,88,46,2,197,0,3,48,0,51,61,91,94,2,248,91,0,91,339
06/28/2008,PWM,ME,ANE,EN,Combined TRACON& Tower with Radar,38,79,29,0,146,0,0,0,0,0,38,79,29,0,146,0,0,0,146
06/29/2008,PWM,ME,ANE,EN,Combined TRACON& Tower with Radar,42,74,23,0,139,0,0,0,0,0,42,74,23,0,139,22,0,22,161
06/30/2008,PWM,ME,ANE,EN,Combined TRACON& Tower with Radar,59,58,35,0,152,0,6,16,2,24,59,64,51,2,176,34,0,34,210
07/01/2008,PWM,ME,ANE,EN,Combined TRACON& Tower with Radar,55,84,37,0,176,0,0,41,0,41,55,84,78,0,217,0,0,0,217
07/02/2008,PWM,ME,ANE,EN,Combined TRACON& Tower with Radar,51,87,44,0,182,0,1,54,5,60,51,88,98,5,242,138,0,138,380
07/03/2008,PWM,ME,ANE,EN,Combined TRACON& Tower with Radar,41,97,28,4,170,0,4,53,2,59,41,101,81,6,229,35,0,35,264
07/04/2008,PWM,ME,ANE,EN,Combined TRACON& Tower with Radar,33,66,15,0,114,0,3,39,0,42,33,69,54,0,156,68,0,68,224
07/05/2008,PWM,ME,ANE,EN,Combined TRACON& Tower with Radar,49,64,18,0,131,0,0,46,0,46,49,64,64,0,177,123,0,123,300
07/06/2008,PWM,ME,ANE,EN,Combined TRACON& Tower with Radar,39,74,36,0,149,0,2,48,0,50,39,76,84,0,199,87,0,87,286
07/07/2008,PWM,ME,ANE,EN,Combined TRACON& Tower with Radar,47,102,62,6,217,0,50,48,4,102,47,152,110,10,319,52,0,52,371
07/08/2008,PWM,ME,ANE,EN,Combined TRACON& Tower with Radar,46,86,25,0,157,0,2,55,0,57,46,88,80,0,214,145,0,145,359
07/09/2008,PWM,ME,ANE,EN,Combined TRACON& Tower with Radar,51,75,49,0,175,0,1,17,0,18,51,76,66,0,193,85,0,85,278
07/10/2008,PWM,ME,ANE,EN,Combined TRACON& Tower with Radar,57,75,34,2,168,0,2,83,0,85,57,77,117,2,253,74,0,74,327
07/11/2008,PWM,ME,ANE,EN,Combined TRACON& Tower with Radar,50,91,31,0,172,0,4,87,1,92,50,95,118,1,264,102,0,102,366
07/12/2008,PWM,ME,ANE,EN,Combined TRACON& Tower with Radar,48,64,24,0,136,0,2,74,0,76,48,66,98,0,212,149,0,149,361
07/13/2008,PWM,ME,ANE,EN,Combined TRACON& Tower with Radar,45,105,66,0,216,0,10,91,0,101,45,115,157,0,317,114,0,114,431
07/14/2008,PWM,ME,ANE,EN,Combined TRACON& Tower with Radar,44,84,37,2,167,0,3,15,3,21,44,87,52,5,188,90,2,92,280
07/15/2008,PWM,ME,ANE,EN,Combined TRACON& Tower with Radar,49,90,33,0,172,0,3,58,4,65,49,93,91,4,237,96,0,96,333
07/16/2008,PWM,ME,ANE,EN,Combined TRACON& Tower with Radar,54,84,36,0,174,0,4,69,2,75,54,88,105,2,249,97,0,97,346
07/17/2008,PWM,ME,ANE,EN,Combined TRACON& Tower with Radar,55,91,21,13,180,0,4,97,0,101,55,95,118,13,281,71,0,71,352
07/18/2008,PWM,ME,ANE,EN,Combined TRACON& Tower with Radar,42,104,37,2,185,0,3,65,6,74,42,107,102,8,259,55,0,55,314
07/19/2008,PWM,ME,ANE,EN,Combined TRACON& Tower with Radar,52,73,30,0,155,0,4,64,3,71,52,77,94,3,226,62,0,62,288
07/20/2008,PWM,ME,ANE,EN,Combined TRACON& Tower with Radar,63,93,59,0,215,1,5,43,0,49,64,98,102,0,264,6,0,6,270
07/21/2008,PWM,ME,ANE,EN,Combined TRACON& Tower with Radar,69,74,57,1,201,0,0,10,3,13,69,74,67,4,214,38,0,38,252
07/22/2008,PWM,ME,ANE,EN,Combined TRACON& Tower with Radar,51,85,55,0,191,0,4,21,0,25,51,89,76,0,216,71,0,71,287
07/23/2008,PWM,ME,ANE,EN,Combined TRACON& Tower with Radar,43,88,35,0,166,0,1,9,0,10,43,89,44,0,176,44,0,44,220
07/24/2008,PWM,ME,ANE,EN,Combined TRACON& Tower with Radar,40,117,32,0,189,0,0,0,0,0,40,117,32,0,189,0,0,0,189
07/25/2008,PWM,ME,ANE,EN,Combined TRACON& Tower with Radar,57,115,49,0,221,0,2,49,0,51,57,117,98,0,272,48,0,48,320
07/26/2008,PWM,ME,ANE,EN,Combined TRACON& Tower with Radar,61,113,33,0,207,0,0,104,0,104,61,113,137,0,311,104,0,104,415
07/27/2008,PWM,ME,ANE,EN,Combined TRACON& Tower with Radar,57,67,46,1,171,0,1,12,0,13,57,68,58,1,184,44,0,44,228
07/28/2008,PWM,ME,ANE,EN,Combined TRACON& Tower with Radar,66,70,42,2,180,0,2,27,2,31,66,72,69,4,211,34,0,34,245
07/29/2008,PWM,ME,ANE,EN,Combined TRACON& Tower with Radar,55,86,41,13,195,0,4,59,0,63,55,90,100,13,258,84,0,84,342
07/30/2008,PWM,ME,ANE,EN,Combined TRACON& Tower with Radar,68,73,38,0,179,0,4,60,14,78,68,77,98,14,257,46,0,46,303
07/31/2008,PWM,ME,ANE,EN,Combined TRACON& Tower with Radar,66,84,20,0,170,0,0,2,0,2,66,84,22,0,172,6,0,6,178
08/01/2008,PWM,ME,ANE,EN,Combined TRACON& Tower with Radar,71,70,49,0,190,0,1,7,1,9,71,71,56,1,199,0,0,0,199
08/02/2008,PWM,ME,ANE,EN,Combined TRACON& Tower with Radar,70,51,37,0,158,0,0,0,0,0,70,51,37,0,158,0,0,0,158
08/03/2008,PWM,ME,ANE,EN,Combined TRACON& Tower with Radar,81,57,36,0,174,0,16,0,0,16,81,73,36,0,190,12,0,12,202
08/04/2008,PWM,ME,ANE,EN,Combined TRACON& Tower with Radar,59,76,48,0,183,0,1,36,0,37,59,77,84,0,220,10,0,10,230
08/05/2008,PWM,ME,ANE,EN,Combined TRACON& Tower with Radar,49,94,43,0,186,0,0,73,0,73,49,94,116,0,259,138,0,138,397
08/06/2008,PWM,ME,ANE,EN,Combined TRACON& Tower with Radar,53,85,35,0,173,0,0,1,0,1,53,85,36,0,174,0,0,0,174
08/07/2008,PWM,ME,ANE,EN,Combined TRACON& Tower with Radar,44,85,47,0,176,0,0,1,0,1,44,85,48,0,177,0,0,0,177
08/08/2008,PWM,ME,ANE,EN,Combined TRACON& Tower with Radar,65,76,42,0,183,0,0,0,0,0,65,76,42,0,183,0,0,0,183
08/09/2008,PWM,ME,ANE,EN,Combined TRACON& Tower with Radar,61,66,35,0,162,0,1,46,0,47,61,67,81,0,209,68,0,68,277
08/10/2008,PWM,ME,ANE,EN,Combined TRACON& Tower with Radar,52,96,99,0,247,0,3,33,0,36,52,99,132,0,283,42,0,42,325
08/11/2008,PWM,ME,ANE,EN,Combined TRACON& Tower with Radar,39,73,36,0,148,0,1,0,0,1,39,74,36,0,149,0,0,0,149
08/12/2008,PWM,ME,ANE,EN,Combined TRACON& Tower with Radar,55,85,36,6,182,0,1,8,0,9,55,86,44,6,191,34,0,34,225
08/13/2008,PWM,ME,ANE,EN,Combined TRACON& Tower with Radar,55,90,47,0,192,0,4,102,2,108,55,94,149,2,300,74,17,91,391
08/14/2008,PWM,ME,ANE,EN,Combined TRACON& Tower with Radar,43,94,43,0,180,0,0,39,0,39,43,94,82,0,219,88,0,88,307
08/15/2008,PWM,ME,ANE,EN,Combined TRACON& Tower with Radar,48,98,45,0,191,0,1,79,0,80,48,99,124,0,271,96,0,96,367
08/16/2008,PWM,ME,ANE,EN,Combined TRACON& Tower with Radar,54,86,36,0,176,0,1,35,0,36,54,87,71,0,212,78,0,78,290
08/17/2008,PWM,ME,ANE,EN,Combined TRACON& Tower with Radar,47,91,30,0,168,0,1,118,0,119,47,92,148,0,287,80,0,80,367
08/18/2008,PWM,ME,ANE,EN,Combined TRACON& Tower with Radar,53,75,28,0,156,0,6,79,0,85,53,81,107,0,241,48,0,48,289
08/19/2008,PWM,ME,ANE,EN,Combined TRACON& Tower with Radar,60,76,38,6,180,0,2,21,3,26,60,78,59,9,206,20,0,20,226
08/20/2008,PWM,ME,ANE,EN,Combined TRACON& Tower with Radar,48,98,38,1,185,0,3,76,1,80,48,101,114,2,265,27,10,37,302
08/21/2008,PWM,ME,ANE,EN,Combined TRACON& Tower with Radar,57,78,33,3,171,0,10,96,9,115,57,88,129,12,286,32,0,32,318
08/22/2008,PWM,ME,ANE,EN,Combined TRACON& Tower with Radar,48,83,40,0,171,0,7,110,1,118,48,90,150,1,289,40,0,40,329
08/23/2008,PWM,ME,ANE,EN,Combined TRACON& Tower with Radar,50,62,42,0,154,0,0,184,0,184,50,62,226,0,338,184,0,184,522
08/24/2008,PWM,ME,ANE,EN,Combined TRACON& Tower with Radar,71,56,31,0,158,0,2,51,0,53,71,58,82,0,211,64,0,64,275
08/25/2008,PWM,ME,ANE,EN,Combined TRACON& Tower with Radar,59,68,39,13,179,0,1,27,0,28,59,69,66,13,207,56,0,56,263
08/26/2008,PWM,ME,ANE,EN,Combined TRACON& Tower with Radar,61,89,43,0,193,0,0,75,0,75,61,89,118,0,268,45,0,45,313
08/27/2008,PWM,ME,ANE,EN,Combined TRACON& Tower with Radar,61,73,40,3,177,0,4,90,1,95,61,77,130,4,272,78,0,78,350
08/28/2008,PWM,ME,ANE,EN,Combined TRACON& Tower with Radar,59,75,28,0,162,0,0,91,2,93,59,75,119,2,255,68,0,68,323
08/29/2008,PWM,ME,ANE,EN,Combined TRACON& Tower with Radar,55,71,56,1,183,0,9,43,4,56,55,80,99,5,239,56,0,56,295
08/30/2008,PWM,ME,ANE,EN,Combined TRACON& Tower with Radar,59,50,18,0,127,0,0,48,0,48,59,50,66,0,175,48,0,48,223
08/31/2008,PWM,ME,ANE,EN,Combined TRACON& Tower with Radar,48,54,20,0,122,0,2,38,0,40,48,56,58,0,162,4,0,4,166
09/01/2008,PWM,ME,ANE,EN,Combined TRACON& Tower with Radar,55,67,26,0,148,0,3,83,0,86,55,70,109,0,234,50,0,50,284
09/02/2008,PWM,ME,ANE,EN,Combined TRACON& Tower with Radar,55,77,34,8,174,0,2,45,0,47,55,79,79,8,221,66,0,66,287
09/03/2008,PWM,ME,ANE,EN,Combined TRACON& Tower with Radar,48,87,34,9,178,0,5,65,0,70,48,92,99,9,248,88,0,88,336
09/04/2008,PWM,ME,ANE,EN,Combined TRACON& Tower with Radar,52,71,37,0,160,0,3,83,0,86,52,74,120,0,246,95,0,95,341
09/05/2008,PWM,ME,ANE,EN,Combined TRACON& Tower with Radar,45,75,26,6,152,0,2,42,1,45,45,77,68,7,197,34,0,34,231
09/06/2008,PWM,ME,ANE,EN,Combined TRACON& Tower with Radar,50,49,30,0,129,0,0,4,0,4,50,49,34,0,133,4,0,4,137
09/07/2008,PWM,ME,ANE,EN,Combined TRACON& Tower with Radar,45,62,19,1,127,0,0,27,1,28,45,62,46,2,155,16,2,18,173
09/08/2008,PWM,ME,ANE,EN,Combined TRACON& Tower with Radar,43,61,23,9,136,0,4,59,1,64,43,65,82,10,200,72,8,80,280
09/09/2008,PWM,ME,ANE,EN,Combined TRACON& Tower with Radar,52,58,26,0,136,0,2,17,0,19,52,60,43,0,155,36,0,36,191
09/10/2008,PWM,ME,ANE,EN,Combined TRACON& Tower with Radar,49,71,36,4,160,0,2,80,0,82,49,73,116,4,242,73,0,73,315
09/11/2008,PWM,ME,ANE,EN,Combined TRACON& Tower with Radar,53,84,37,4,178,0,1,66,10,77,53,85,103,14,255,64,0,64,319
09/12/2008,PWM,ME,ANE,EN,Combined TRACON& Tower with Radar,68,85,86,1,240,0,2,24,0,26,68,87,110,1,266,6,0,6,272
09/13/2008,PWM,ME,ANE,EN,Combined TRACON& Tower with Radar,55,67,88,0,210,0,2,54,0,56,55,69,142,0,266,24,0,24,290
09/14/2008,PWM,ME,ANE,EN,Combined TRACON& Tower with Radar,60,53,23,0,136,0,0,0,0,0,60,53,23,0,136,0,0,0,136
09/15/2008,PWM,ME,ANE,EN,Combined TRACON& Tower with Radar,60,57,62,16,195,0,4,21,0,25,60,61,83,16,220,21,6,27,247
09/16/2008,PWM,ME,ANE,EN,Combined TRACON& Tower with Radar,45,75,63,10,193,0,3,85,0,88,45,78,148,10,281,138,0,138,419
09/17/2008,PWM,ME,ANE,EN,Combined TRACON& Tower with Radar,49,72,32,5,158,0,8,40,0,48,49,80,72,5,206,43,18,61,267
09/18/2008,PWM,ME,ANE,EN,Combined TRACON& Tower with Radar,58,72,33,0,163,0,2,31,3,36,58,74,64,3,199,14,0,14,213
09/19/2008,PWM,ME,ANE,EN,Combined TRACON& Tower with Radar,57,67,24,0,148,0,4,85,7,96,57,71,109,7,244,72,6,78,322
09/20/2008,PWM,ME,ANE,EN,Combined TRACON& Tower with Radar,50,58,16,0,124,0,0,0,0,0,50,58,16,0,124,68,0,68,192
09/21/2008,PWM,ME,ANE,EN,Combined TRACON& Tower with Radar,51,72,56,1,180,0,3,126,0,129,51,75,182,1,309,45,0,45,354
09/22/2008,PWM,ME,ANE,EN,Combined TRACON& Tower with Radar,53,67,25,0,145,0,1,21,0,22,53,68,46,0,167,46,0,46,213
09/23/2008,PWM,ME,ANE,EN,Combined TRACON& Tower with Radar,46,71,34,0,151,0,3,48,1,52,46,74,82,1,203,89,0,89,292
09/24/2008,PWM,ME,ANE,EN,Combined TRACON& Tower with Radar,53,69,31,12,165,0,1,88,2,91,53,70,119,14,256,40,0,40,296
09/25/2008,PWM,ME,ANE,EN,Combined TRACON& Tower with Radar,46,76,42,5,169,0,4,80,1,85,46,80,122,6,254,70,2,72,326
09/26/2008,PWM,ME,ANE,EN,Combined TRACON& Tower with Radar,55,58,29,0,142,0,0,0,0,0,55,58,29,0,142,0,0,0,142
09/27/2008,PWM,ME,ANE,EN,Combined TRACON& Tower with Radar,50,54,24,0,128,0,0,0,0,0,50,54,24,0,128,0,0,0,128
09/28/2008,PWM,ME,ANE,EN,Combined TRACON& Tower with Radar,43,48,21,0,112,0,0,0,0,0,43,48,21,0,112,0,0,0,112
09/29/2008,PWM,ME,ANE,EN,Combined TRACON& Tower with Radar,45,73,34,3,155,0,2,31,2,35,45,75,65,5,190,44,0,44,234
09/30/2008,PWM,ME,ANE,EN,Combined TRACON& Tower with Radar,48,82,42,0,172,0,1,15,0,16,48,83,57,0,188,19,0,19,207
10/01/2008,PWM,ME,ANE,EN,Combined TRACON& Tower with Radar,46,76,28,0,150,0,0,1,0,1,46,76,29,0,151,5,0,5,156
10/02/2008,PWM,ME,ANE,EN,Combined TRACON& Tower with Radar,48,67,35,0,150,0,3,9,0,12,48,70,44,0,162,18,0,18,180
10/03/2008,PWM,ME,ANE,EN,Combined TRACON& Tower with Radar,56,67,31,15,169,0,1,27,0,28,56,68,58,15,197,8,0,8,205
10/04/2008,PWM,ME,ANE,EN,Combined TRACON& Tower with Radar,50,66,26,0,142,0,1,67,1,69,50,67,93,1,211,34,0,34,245
10/05/2008,PWM,ME,ANE,EN,Combined TRACON& Tower with Radar,55,48,28,0,131,0,3,72,1,76,55,51,100,1,207,68,0,68,275
10/06/2008,PWM,ME,ANE,EN,Combined TRACON& Tower with Radar,41,78,31,1,151,0,0,34,0,34,41,78,65,1,185,61,4,65,250
10/07/2008,PWM,ME,ANE,EN,Combined TRACON& Tower with Radar,44,72,25,0,141,0,2,39,6,47,44,74,64,6,188,8,8,16,204
10/08/2008,PWM,ME,ANE,EN,Combined TRACON& Tower with Radar,44,66,19,0,129,0,2,72,41,115,44,68,91,41,244,86,0,86,330
10/09/2008,PWM,ME,ANE,EN,Combined TRACON& Tower with Radar,41,75,40,11,167,0,2,19,1,22,41,77,59,12,189,21,10,31,220
10/10/2008,PWM,ME,ANE,EN,Combined TRACON& Tower with Radar,53,75,33,0,161,0,0,72,0,72,53,75,105,0,233,52,10,62,295
10/11/2008,PWM,ME,ANE,EN,Combined TRACON& Tower with Radar,59,51,10,0,120,0,0,87,0,87,59,51,97,0,207,56,0,56,263
10/12/2008,PWM,ME,ANE,EN,Combined TRACON& Tower with Radar,53,48,24,0,125,0,2,68,0,70,53,50,92,0,195,43,0,43,238
10/13/2008,PWM,ME,ANE,EN,Combined TRACON& Tower with Radar,41,72,32,0,145,0,0,0,0,0,41,72,32,0,145,35,0,35,180
10/14/2008,PWM,ME,ANE,EN,Combined TRACON& Tower with Radar,49,72,28,0,149,0,0,39,3,42,49,72,67,3,191,14,0,14,205
10/15/2008,PWM,ME,ANE,EN,Combined TRACON& Tower with Radar,50,72,19,0,141,0,2,45,7,54,50,74,64,7,195,65,0,65,260
10/16/2008,PWM,ME,ANE,EN,Combined TRACON& Tower with Radar,43,87,23,0,153,0,0,2,0,2,43,87,25,0,155,0,0,0,155
10/17/2008,PWM,ME,ANE,EN,Combined TRACON& Tower with Radar,48,74,16,0,138,0,3,66,0,69,48,77,82,0,207,23,0,23,230
10/18/2008,PWM,ME,ANE,EN,Combined TRACON& Tower with Radar,54,54,8,0,116,0,5,75,0,80,54,59,83,0,196,50,0,50,246
10/19/2008,PWM,ME,ANE,EN,Combined TRACON& Tower with Radar,50,49,24,0,123,0,0,58,0,58,50,49,82,0,181,45,0,45,226
10/20/2008,PWM,ME,ANE,EN,Combined TRACON& Tower with Radar,41,78,23,0,142,0,11,34,2,47,41,89,57,2,189,27,0,27,216
10/21/2008,PWM,ME,ANE,EN,Combined TRACON& Tower with Radar,44,73,43,0,160,0,3,26,0,29,44,76,69,0,189,34,0,34,223
10/22/2008,PWM,ME,ANE,EN,Combined TRACON& Tower with Radar,54,73,14,3,144,0,2,3,0,5,54,75,17,3,149,0,0,0,149
10/23/2008,PWM,ME,ANE,EN,Combined TRACON& Tower with Radar,46,71,23,0,140,0,0,64,0,64,46,71,87,0,204,66,0,66,270
10/24/2008,PWM,ME,ANE,EN,Combined TRACON& Tower with Radar,50,67,13,0,130,0,4,71,0,75,50,71,84,0,205,72,0,72,277
10/25/2008,PWM,ME,ANE,EN,Combined TRACON& Tower with Radar,43,49,15,0,107,0,0,24,0,24,43,49,39,0,131,14,0,14,145
10/26/2008,PWM,ME,ANE,EN,Combined TRACON& Tower with Radar,44,55,18,0,117,0,0,26,3,29,44,55,44,3,146,24,0,24,170
10/27/2008,PWM,ME,ANE,EN,Combined TRACON& Tower with Radar,40,72,22,0,134,0,0,0,0,0,40,72,22,0,134,12,0,12,146
10/28/2008,PWM,ME,ANE,EN,Combined TRACON& Tower with Radar,43,58,19,0,120,0,1,1,0,2,43,59,20,0,122,8,0,8,130
10/29/2008,PWM,ME,ANE,EN,Combined TRACON& Tower with Radar,39,77,16,5,137,0,2,12,1,15,39,79,28,6,152,0,0,0,152
10/30/2008,PWM,ME,ANE,EN,Combined TRACON& Tower with Radar,50,65,30,0,145,0,3,44,0,47,50,68,74,0,192,51,10,61,253
10/31/2008,PWM,ME,ANE,EN,Combined TRACON& Tower with Radar,42,65,24,0,131,0,0,45,0,45,42,65,69,0,176,30,8,38,214
11/01/2008,PWM,ME,ANE,EN,Combined TRACON& Tower with Radar,54,44,9,0,107,0,2,42,0,44,54,46,51,0,151,46,0,46,197
11/02/2008,PWM,ME,ANE,EN,Combined TRACON& Tower with Radar,47,48,14,0,109,0,1,45,0,46,47,49,59,0,155,0,0,0,155
11/03/2008,PWM,ME,ANE,EN,Combined TRACON& Tower with Radar,46,50,14,0,110,0,4,14,2,20,46,54,28,2,130,38,0,38,168
11/04/2008,PWM,ME,ANE,EN,Combined TRACON& Tower with Radar,49,54,22,0,125,0,4,33,4,41,49,58,55,4,166,57,6,63,229
11/05/2008,PWM,ME,ANE,EN,Combined TRACON& Tower with Radar,45,63,39,1,148,0,3,30,0,33,45,66,69,1,181,30,8,38,219
11/06/2008,PWM,ME,ANE,EN,Combined TRACON& Tower with Radar,45,47,19,4,115,0,1,1,0,2,45,48,20,4,117,0,0,0,117
11/07/2008,PWM,ME,ANE,EN,Combined TRACON& Tower with Radar,51,59,17,0,127,0,0,0,0,0,51,59,17,0,127,0,0,0,127
11/08/2008,PWM,ME,ANE,EN,Combined TRACON& Tower with Radar,51,40,10,0,101,0,0,0,0,0,51,40,10,0,101,0,0,0,101
11/09/2008,PWM,ME,ANE,EN,Combined TRACON& Tower with Radar,48,45,9,0,102,0,0,28,1,29,48,45,37,1,131,48,0,48,179
11/10/2008,PWM,ME,ANE,EN,Combined TRACON& Tower with Radar,48,46,13,0,107,0,2,14,0,16,48,48,27,0,123,34,0,34,157
11/11/2008,PWM,ME,ANE,EN,Combined TRACON& Tower with Radar,46,47,13,0,106,0,0,38,0,38,46,47,51,0,144,47,0,47,191
11/12/2008,PWM,ME,ANE,EN,Combined TRACON& Tower with Radar,50,55,22,0,127,0,6,52,0,58,50,61,74,0,185,15,0,15,200
11/13/2008,PWM,ME,ANE,EN,Combined TRACON& Tower with Radar,47,54,10,8,119,0,10,13,0,23,47,64,23,8,142,10,12,22,164
11/14/2008,PWM,ME,ANE,EN,Combined TRACON& Tower with Radar,45,51,23,0,119,0,0,0,0,0,45,51,23,0,119,0,0,0,119
11/15/2008,PWM,ME,ANE,EN,Combined TRACON& Tower with Radar,44,34,5,0,83,0,0,0,0,0,44,34,5,0,83,0,0,0,83
11/16/2008,PWM,ME,ANE,EN,Combined TRACON& Tower with Radar,44,39,14,0,97,0,0,1,0,1,44,39,15,0,98,0,0,0,98
11/17/2008,PWM,ME,ANE,EN,Combined TRACON& Tower with Radar,45,51,27,6,129,0,1,38,2,41,45,52,65,8,170,59,0,59,229
11/18/2008,PWM,ME,ANE,EN,Combined TRACON& Tower with Radar,46,59,33,0,138,0,4,36,0,40,46,63,69,0,178,8,0,8,186
11/19/2008,PWM,ME,ANE,EN,Combined TRACON& Tower with Radar,48,58,10,4,120,0,1,24,12,37,48,59,34,16,157,0,14,14,171
11/20/2008,PWM,ME,ANE,EN,Combined TRACON& Tower with Radar,51,59,29,26,165,0,4,21,0,25,51,63,50,26,190,0,32,32,222
11/21/2008,PWM,ME,ANE,EN,Combined TRACON& Tower with Radar,50,60,13,4,127,0,3,38,0,41,50,63,51,4,168,7,0,7,175
11/22/2008,PWM,ME,ANE,EN,Combined TRACON& Tower with Radar,56,39,3,0,98,0,0,5,0,5,56,39,8,0,103,0,0,0,103
11/23/2008,PWM,ME,ANE,EN,Combined TRACON& Tower with Radar,46,38,8,0,92,0,0,41,0,41,46,38,49,0,133,17,0,17,150
11/24/2008,PWM,ME,ANE,EN,Combined TRACON& Tower with Radar,50,53,17,14,134,0,1,28,0,29,50,54,45,14,163,0,0,0,163
11/25/2008,PWM,ME,ANE,EN,Combined TRACON& Tower with Radar,51,58,14,0,123,0,0,0,0,0,51,58,14,0,123,0,0,0,123
11/26/2008,PWM,ME,ANE,EN,Combined TRACON& Tower with Radar,54,59,13,0,126,0,1,26,0,27,54,60,39,0,153,2,0,2,155
11/27/2008,PWM,ME,ANE,EN,Combined TRACON& Tower with Radar,30,26,4,0,60,0,0,12,0,12,30,26,16,0,72,0,0,0,72
11/28/2008,PWM,ME,ANE,EN,Combined TRACON& Tower with Radar,41,35,11,0,87,0,2,0,0,2,41,37,11,0,89,0,0,0,89
11/29/2008,PWM,ME,ANE,EN,Combined TRACON& Tower with Radar,57,44,18,0,119,0,0,55,0,55,57,44,73,0,174,33,0,33,207
11/30/2008,PWM,ME,ANE,EN,Combined TRACON& Tower with Radar,41,48,21,0,110,0,0,25,0,25,41,48,46,0,135,0,0,0,135
12/01/2008,PWM,ME,ANE,EN,Combined TRACON& Tower with Radar,46,56,22,0,124,0,0,0,0,0,46,56,22,0,124,0,0,0,124
12/02/2008,PWM,ME,ANE,EN,Combined TRACON& Tower with Radar,55,50,11,0,116,0,3,28,0,31,55,53,39,0,147,0,0,0,147
12/03/2008,PWM,ME,ANE,EN,Combined TRACON& Tower with Radar,51,55,18,0,124,0,1,61,0,62,51,56,79,0,186,40,0,40,226
12/04/2008,PWM,ME,ANE,EN,Combined TRACON& Tower with Radar,50,52,12,9,123,0,1,14,0,15,50,53,26,9,138,4,14,18,156
12/05/2008,PWM,ME,ANE,EN,Combined TRACON& Tower with Radar,53,53,13,10,129,0,2,49,4,55,53,55,62,14,184,40,12,52,236
12/06/2008,PWM,ME,ANE,EN,Combined TRACON& Tower with Radar,51,35,16,0,102,0,0,44,0,44,51,35,60,0,146,44,2,46,192
12/07/2008,PWM,ME,ANE,EN,Combined TRACON& Tower with Radar,46,41,6,0,93,0,0,2,0,2,46,41,8,0,95,0,0,0,95
12/08/2008,PWM,ME,ANE,EN,Combined TRACON& Tower with Radar,47,47,22,12,128,0,2,22,38,62,47,49,44,50,190,0,34,34,224
12/09/2008,PWM,ME,ANE,EN,Combined TRACON& Tower with Radar,43,50,17,0,110,0,2,3,0,5,43,52,20,0,115,0,0,0,115
12/10/2008,PWM,ME,ANE,EN,Combined TRACON& Tower with Radar,45,56,15,0,116,0,0,0,0,0,45,56,15,0,116,0,0,0,116
12/11/2008,PWM,ME,ANE,EN,Combined TRACON& Tower with Radar,36,25,11,0,72,0,0,0,0,0,36,25,11,0,72,0,0,0,72
12/12/2008,PWM,ME,ANE,EN,Combined TRACON& Tower with Radar,39,51,12,0,102,0,0,1,0,1,39,51,13,0,103,0,0,0,103
12/13/2008,PWM,ME,ANE,EN,Combined TRACON& Tower with Radar,48,34,14,0,96,0,4,31,3,38,48,38,45,3,134,0,0,0,134
12/14/2008,PWM,ME,ANE,EN,Combined TRACON& Tower with Radar,46,40,5,0,91,0,0,24,0,24,46,40,29,0,115,8,0,8,123
12/15/2008,PWM,ME,ANE,EN,Combined TRACON& Tower with Radar,44,51,19,8,122,0,3,3,5,11,44,54,22,13,133,0,0,0,133
12/16/2008,PWM,ME,ANE,EN,Combined TRACON& Tower with Radar,43,54,30,22,149,0,3,20,4,27,43,57,50,26,176,0,0,0,176
12/17/2008,PWM,ME,ANE,EN,Combined TRACON& Tower with Radar,47,45,24,0,116,0,0,0,0,0,47,45,24,0,116,0,0,0,116
12/18/2008,PWM,ME,ANE,EN,Combined TRACON& Tower with Radar,55,50,32,0,137,0,1,70,4,75,55,51,102,4,212,6,6,12,224
12/19/2008,PWM,ME,ANE,EN,Combined TRACON& Tower with Radar,36,35,10,0,81,0,0,8,0,8,36,35,18,0,89,0,0,0,89
12/20/2008,PWM,ME,ANE,EN,Combined TRACON& Tower with Radar,50,39,4,0,93,0,0,6,0,6,50,39,10,0,99,0,0,0,99
12/21/2008,PWM,ME,ANE,EN,Combined TRACON& Tower with Radar,21,6,1,0,28,0,0,0,0,0,21,6,1,0,28,0,0,0,28
12/22/2008,PWM,ME,ANE,EN,Combined TRACON& Tower with Radar,43,47,7,0,97,0,0,4,0,4,43,47,11,0,101,0,0,0,101
12/23/2008,PWM,ME,ANE,EN,Combined TRACON& Tower with Radar,54,54,20,2,130,0,2,33,0,35,54,56,53,2,165,5,0,5,170
12/24/2008,PWM,ME,ANE,EN,Combined TRACON& Tower with Radar,47,31,3,0,81,0,0,0,0,0,47,31,3,0,81,0,0,0,81
12/25/2008,PWM,ME,ANE,EN,Combined TRACON& Tower with Radar,40,21,1,0,62,0,0,4,0,4,40,21,5,0,66,0,0,0,66
12/26/2008,PWM,ME,ANE,EN,Combined TRACON& Tower with Radar,50,40,16,0,106,0,2,31,0,33,50,42,47,0,139,14,0,14,153
12/27/2008,PWM,ME,ANE,EN,Combined TRACON& Tower with Radar,51,32,4,0,87,0,0,0,0,0,51,32,4,0,87,0,0,0,87
12/28/2008,PWM,ME,ANE,EN,Combined TRACON& Tower with Radar,52,34,4,0,90,0,0,2,2,4,52,34,6,2,94,12,0,12,106
12/29/2008,PWM,ME,ANE,EN,Combined TRACON& Tower with Radar,49,39,16,0,104,0,1,28,0,29,49,40,44,0,133,14,0,14,147
12/30/2008,PWM,ME,ANE,EN,Combined TRACON& Tower with Radar,48,41,7,0,96,0,0,10,0,10,48,41,17,0,106,8,0,8,114
12/31/2008,PWM,ME,ANE,EN,Combined TRACON& Tower with Radar,40,35,1,0,76,0,0,0,0,0,40,35,1,0,76,0,0,0,76
01/01/2009,PWM,ME,ANE,EN,Combined TRACON& Tower with Radar,42,20,5,0,67,0,0,2,0,2,42,20,7,0,69,0,0,0,69
01/02/2009,PWM,ME,ANE,EN,Combined TRACON& Tower with Radar,49,37,8,0,94,0,0,16,3,19,49,37,24,3,113,16,2,18,131
01/03/2009,PWM,ME,ANE,EN,Combined TRACON& Tower with Radar,56,27,4,0,87,0,0,10,0,10,56,27,14,0,97,20,0,20,117
01/04/2009,PWM,ME,ANE,EN,Combined TRACON& Tower with Radar,50,33,7,0,90,0,0,32,0,32,50,33,39,0,122,0,0,0,122
01/05/2009,PWM,ME,ANE,EN,Combined TRACON& Tower with Radar,48,43,10,0,101,0,1,12,0,13,48,44,22,0,114,6,0,6,120
01/06/2009,PWM,ME,ANE,EN,Combined TRACON& Tower with Radar,39,40,9,1,89,0,1,42,0,43,39,41,51,1,132,70,0,70,202
01/07/2009,PWM,ME,ANE,EN,Combined TRACON& Tower with Radar,44,30,8,0,82,0,0,0,0,0,44,30,8,0,82,0,0,0,82
01/08/2009,PWM,ME,ANE,EN,Combined TRACON& Tower with Radar,46,49,15,0,110,0,0,7,0,7,46,49,22,0,117,0,0,0,117
01/09/2009,PWM,ME,ANE,EN,Combined TRACON& Tower with Radar,49,46,25,6,126,0,1,38,0,39,49,47,63,6,165,60,2,62,227
01/10/2009,PWM,ME,ANE,EN,Combined TRACON& Tower with Radar,37,20,4,0,61,0,0,64,0,64,37,20,68,0,125,31,0,31,156
01/11/2009,PWM,ME,ANE,EN,Combined TRACON& Tower with Radar,47,33,4,0,84,0,1,3,0,4,47,34,7,0,88,0,0,0,88
01/12/2009,PWM,ME,ANE,EN,Combined TRACON& Tower with Radar,42,49,11,0,102,0,1,4,0,5,42,50,15,0,107,0,0,0,107
01/13/2009,PWM,ME,ANE,EN,Combined TRACON& Tower with Radar,43,45,17,0,105,0,0,8,0,8,43,45,25,0,113,22,0,22,135
01/14/2009,PWM,ME,ANE,EN,Combined TRACON& Tower with Radar,44,44,11,4,103,0,5,14,0,19,44,49,25,4,122,8,2,10,132
01/15/2009,PWM,ME,ANE,EN,Combined TRACON& Tower with Radar,44,39,4,6,93,0,2,6,0,8,44,41,10,6,101,26,0,26,127
01/16/2009,PWM,ME,ANE,EN,Combined TRACON& Tower with Radar,49,42,10,6,107,0,5,14,2,21,49,47,24,8,128,0,0,0,128
01/17/2009,PWM,ME,ANE,EN,Combined TRACON& Tower with Radar,38,21,7,0,66,0,1,55,0,56,38,22,62,0,122,50,0,50,172
01/18/2009,PWM,ME,ANE,EN,Combined TRACON& Tower with Radar,44,22,6,0,72,0,0,0,0,0,44,22,6,0,72,0,0,0,72
01/19/2009,PWM,ME,ANE,EN,Combined TRACON& Tower with Radar,46,40,16,2,104,0,0,7,0,7,46,40,23,2,111,0,0,0,111
01/20/2009,PWM,ME,ANE,EN,Combined TRACON& Tower with Radar,44,45,10,0,99,0,0,22,5,27,44,45,32,5,126,0,0,0,126
01/21/2009,PWM,ME,ANE,EN,Combined TRACON& Tower with Radar,43,50,23,0,116,0,1,37,7,45,43,51,60,7,161,0,8,8,169
01/22/2009,PWM,ME,ANE,EN,Combined TRACON& Tower with Radar,47,48,17,0,112,0,0,26,7,33,47,48,43,7,145,8,0,8,153
01/23/2009,PWM,ME,ANE,EN,Combined TRACON& Tower with Radar,48,44,20,4,116,0,0,8,6,14,48,44,28,10,130,0,12,12,142
01/24/2009,PWM,ME,ANE,EN,Combined TRACON& Tower with Radar,38,22,7,0,67,0,4,17,0,21,38,26,24,0,88,0,0,0,88
01/25/2009,PWM,ME,ANE,EN,Combined TRACON& Tower with Radar,46,34,6,0,86,0,0,30,1,31,46,34,36,1,117,12,0,12,129
01/26/2009,PWM,ME,ANE,EN,Combined TRACON& Tower with Radar,48,43,13,2,106,0,2,27,1,30,48,45,40,3,136,23,0,23,159
01/27/2009,PWM,ME,ANE,EN,Combined TRACON& Tower with Radar,42,41,15,8,106,0,0,43,6,49,42,41,58,14,155,42,6,48,203
01/28/2009,PWM,ME,ANE,EN,Combined TRACON& Tower with Radar,21,23,4,0,48,0,0,0,0,0,21,23,4,0,48,0,0,0,48
01/29/2009,PWM,ME,ANE,EN,Combined TRACON& Tower with Radar,45,50,17,2,114,0,2,17,0,19,45,52,34,2,133,4,0,4,137
01/30/2009,PWM,ME,ANE,EN,Combined TRACON& Tower with Radar,47,46,9,0,102,0,0,17,0,17,47,46,26,0,119,36,0,36,155
01/31/2009,PWM,ME,ANE,EN,Combined TRACON& Tower with Radar,39,23,3,0,65,0,1,26,1,28,39,24,29,1,93,10,0,10,103
02/01/2009,PWM,ME,ANE,EN,Combined TRACON& Tower with Radar,47,34,8,0,89,0,0,28,0,28,47,34,36,0,117,31,0,31,148
02/02/2009,PWM,ME,ANE,EN,Combined TRACON& Tower with Radar,45,40,9,0,94,0,0,34,0,34,45,40,43,0,128,4,0,4,132
02/03/2009,PWM,ME,ANE,EN,Combined TRACON& Tower with Radar,35,39,16,0,90,0,1,8,0,9,35,40,24,0,99,0,0,0,99
02/04/2009,PWM,ME,ANE,EN,Combined TRACON& Tower with Radar,44,43,15,6,108,0,0,27,0,27,44,43,42,6,135,47,4,51,186
02/05/2009,PWM,ME,ANE,EN,Combined TRACON& Tower with Radar,46,49,22,5,122,0,5,45,10,60,46,54,67,15,182,18,2,20,202
02/06/2009,PWM,ME,ANE,EN,Combined TRACON& Tower with Radar,48,46,22,0,116,0,1,53,4,58,48,47,75,4,174,0,0,0,174
02/07/2009,PWM,ME,ANE,EN,Combined TRACON& Tower with Radar,39,23,9,0,71,0,0,44,0,44,39,23,53,0,115,54,0,54,169
02/08/2009,PWM,ME,ANE,EN,Combined TRACON& Tower with Radar,45,33,4,0,82,0,0,15,0,15,45,33,19,0,97,18,0,18,115
02/09/2009,PWM,ME,ANE,EN,Combined TRACON& Tower with Radar,44,46,17,0,107,0,0,15,0,15,44,46,32,0,122,7,0,7,129
02/10/2009,PWM,ME,ANE,EN,Combined TRACON& Tower with Radar,43,40,20,2,105,0,1,17,2,20,43,41,37,4,125,0,0,0,125
02/11/2009,PWM,ME,ANE,EN,Combined TRACON& Tower with Radar,44,48,26,2,120,0,0,31,0,31,44,48,57,2,151,54,0,54,205
02/12/2009,PWM,ME,ANE,EN,Combined TRACON& Tower with Radar,42,42,25,2,111,0,0,2,0,2,42,42,27,2,113,0,0,0,113
02/13/2009,PWM,ME,ANE,EN,Combined TRACON& Tower with Radar,46,45,18,0,109,0,1,18,1,20,46,46,36,1,129,0,0,0,129
02/14/2009,PWM,ME,ANE,EN,Combined TRACON& Tower with Radar,47,26,3,0,76,0,1,43,0,44,47,27,46,0,120,15,0,15,135
02/15/2009,PWM,ME,ANE,EN,Combined TRACON& Tower with Radar,50,26,16,0,92,0,0,42,0,42,50,26,58,0,134,32,0,32,166
02/16/2009,PWM,ME,ANE,EN,Combined TRACON& Tower with Radar,46,41,9,0,96,0,0,15,0,15,46,41,24,0,111,4,0,4,115
02/17/2009,PWM,ME,ANE,EN,Combined TRACON& Tower with Radar,49,53,16,0,118,0,0,36,0,36,49,53,52,0,154,15,0,15,169
02/18/2009,PWM,ME,ANE,EN,Combined TRACON& Tower with Radar,43,44,24,10,121,0,0,21,1,22,43,44,45,11,143,46,12,58,201
02/19/2009,PWM,ME,ANE,EN,Combined TRACON& Tower with Radar,50,46,10,0,106,0,0,0,0,0,50,46,10,0,106,0,0,0,106
02/20/2009,PWM,ME,ANE,EN,Combined TRACON& Tower with Radar,49,47,26,0,122,0,0,10,0,10,49,47,36,0,132,12,0,12,144
02/21/2009,PWM,ME,ANE,EN,Combined TRACON& Tower with Radar,46,25,7,0,78,0,1,28,3,32,46,26,35,3,110,15,0,15,125
02/22/2009,PWM,ME,ANE,EN,Combined TRACON& Tower with Radar,42,22,9,0,73,0,0,3,0,3,42,22,12,0,76,16,0,16,92
02/23/2009,PWM,ME,ANE,EN,Combined TRACON& Tower with Radar,43,39,14,0,96,0,0,1,0,1,43,39,15,0,97,0,0,0,97
02/24/2009,PWM,ME,ANE,EN,Combined TRACON& Tower with Radar,48,45,23,0,116,0,0,22,0,22,48,45,45,0,138,0,0,0,138
02/25/2009,PWM,ME,ANE,EN,Combined TRACON& Tower with Radar,49,49,25,0,123,0,1,29,0,30,49,50,54,0,153,16,0,16,169
02/26/2009,PWM,ME,ANE,EN,Combined TRACON& Tower with Radar,51,47,20,0,118,0,0,8,0,8,51,47,28,0,126,18,0,18,144
02/27/2009,PWM,ME,ANE,EN,Combined TRACON& Tower with Radar,46,46,33,0,125,0,2,4,0,6,46,48,37,0,131,0,0,0,131
02/28/2009,PWM,ME,ANE,EN,Combined TRACON& Tower with Radar,45,22,8,0,75,0,0,32,0,32,45,22,40,0,107,0,0,0,107
03/01/2009,PWM,ME,ANE,EN,Combined TRACON& Tower with Radar,40,30,11,0,81,0,0,4,0,4,40,30,15,0,85,0,0,0,85
03/02/2009,PWM,ME,ANE,EN,Combined TRACON& Tower with Radar,34,10,4,0,48,0,1,0,0,1,34,11,4,0,49,0,0,0,49
03/03/2009,PWM,ME,ANE,EN,Combined TRACON& Tower with Radar,48,40,15,8,111,0,0,21,0,21,48,40,36,8,132,0,0,0,132
03/04/2009,PWM,ME,ANE,EN,Combined TRACON& Tower with Radar,47,47,26,0,120,0,0,21,0,21,47,47,47,0,141,20,0,20,161
03/05/2009,PWM,ME,ANE,EN,Combined TRACON& Tower with Radar,48,46,23,6,123,0,1,64,4,69,48,47,87,10,192,4,8,12,204
03/06/2009,PWM,ME,ANE,EN,Combined TRACON& Tower with Radar,49,44,20,0,113,0,0,1,0,1,49,44,21,0,114,0,0,0,114
03/07/2009,PWM,ME,ANE,EN,Combined TRACON& Tower with Radar,47,30,14,0,91,0,0,65,0,65,47,30,79,0,156,82,0,82,238
03/08/2009,PWM,ME,ANE,EN,Combined TRACON& Tower with Radar,48,30,14,0,92,0,0,16,0,16,48,30,30,0,108,17,0,17,125
03/09/2009,PWM,ME,ANE,EN,Combined TRACON& Tower with Radar,44,39,14,0,97,0,0,0,0,0,44,39,14,0,97,0,0,0,97
03/10/2009,PWM,ME,ANE,EN,Combined TRACON& Tower with Radar,48,41,15,0,104,0,0,39,0,39,48,41,54,0,143,28,0,28,171
03/11/2009,PWM,ME,ANE,EN,Combined TRACON& Tower with Radar,48,49,15,0,112,0,1,0,0,1,48,50,15,0,113,0,0,0,113
03/12/2009,PWM,ME,ANE,EN,Combined TRACON& Tower with Radar,48,44,21,8,121,0,0,19,0,19,48,44,40,8,140,17,0,17,157
03/13/2009,PWM,ME,ANE,EN,Combined TRACON& Tower with Radar,49,40,21,1,111,0,0,39,4,43,49,40,60,5,154,30,0,30,184
03/14/2009,PWM,ME,ANE,EN,Combined TRACON& Tower with Radar,47,25,12,0,84,0,2,58,1,61,47,27,70,1,145,70,0,70,215
03/15/2009,PWM,ME,ANE,EN,Combined TRACON& Tower with Radar,47,29,21,0,97,0,0,61,2,63,47,29,82,2,160,40,0,40,200
03/16/2009,PWM,ME,ANE,EN,Combined TRACON& Tower with Radar,45,38,12,0,95,0,2,23,0,25,45,40,35,0,120,9,0,9,129
03/17/2009,PWM,ME,ANE,EN,Combined TRACON& Tower with Radar,47,41,27,1,116,0,1,38,0,39,47,42,65,1,155,7,0,7,162
03/18/2009,PWM,ME,ANE,EN,Combined TRACON& Tower with Radar,48,40,18,0,106,0,0,16,0,16,48,40,34,0,122,0,0,0,122
03/19/2009,PWM,ME,ANE,EN,Combined TRACON& Tower with Radar,49,46,18,2,115,0,1,15,4,20,49,47,33,6,135,0,0,0,135
03/20/2009,PWM,ME,ANE,EN,Combined TRACON& Tower with Radar,51,40,37,0,128,0,4,57,0,61,51,44,94,0,189,38,0,38,227
03/21/2009,PWM,ME,ANE,EN,Combined TRACON& Tower with Radar,48,24,11,0,83,0,4,47,0,51,48,28,58,0,134,0,0,0,134
03/22/2009,PWM,ME,ANE,EN,Combined TRACON& Tower with Radar,49,29,9,0,87,0,0,15,0,15,49,29,24,0,102,12,0,12,114
03/23/2009,PWM,ME,ANE,EN,Combined TRACON& Tower with Radar,46,40,25,0,111,0,0,7,4,11,46,40,32,4,122,8,0,8,130
03/24/2009,PWM,ME,ANE,EN,Combined TRACON& Tower with Radar,49,43,25,0,117,0,0,10,0,10,49,43,35,0,127,0,0,0,127
03/25/2009,PWM,ME,ANE,EN,Combined TRACON& Tower with Radar,48,40,30,1,119,0,1,53,1,55,48,41,83,2,174,20,0,20,194
03/26/2009,PWM,ME,ANE,EN,Combined TRACON& Tower with Radar,44,42,21,0,107,0,0,22,0,22,44,42,43,0,129,0,0,0,129
03/27/2009,PWM,ME,ANE,EN,Combined TRACON& Tower with Radar,46,49,26,0,121,0,2,11,0,13,46,51,37,0,134,4,0,4,138
03/28/2009,PWM,ME,ANE,EN,Combined TRACON& Tower with Radar,43,28,10,0,81,0,0,1,0,1,43,28,11,0,82,2,0,2,84
03/29/2009,PWM,ME,ANE,EN,Combined TRACON& Tower with Radar,37,22,9,0,68,0,0,0,0,0,37,22,9,0,68,0,0,0,68
03/30/2009,PWM,ME,ANE,EN,Combined TRACON& Tower with Radar,46,38,18,0,102,0,0,0,0,0,46,38,18,0,102,0,0,0,102
03/31/2009,PWM,ME,ANE,EN,Combined TRACON& Tower with Radar,47,41,32,0,120,0,1,32,0,33,47,42,64,0,153,5,0,5,158
04/01/2009,PWM,ME,ANE,EN,Combined TRACON& Tower with Radar,47,49,25,0,121,0,0,6,0,6,47,49,31,0,127,54,0,54,181
04/02/2009,PWM,ME,ANE,EN,Combined TRACON& Tower with Radar,43,44,21,0,108,0,0,9,0,9,43,44,30,0,117,18,0,18,135
04/03/2009,PWM,ME,ANE,EN,Combined TRACON& Tower with Radar,36,27,22,0,85,0,0,0,0,0,36,27,22,0,85,0,0,0,85
04/04/2009,PWM,ME,ANE,EN,Combined TRACON& Tower with Radar,44,24,19,0,87,0,0,6,0,6,44,24,25,0,93,2,0,2,95
04/05/2009,PWM,ME,ANE,EN,Combined TRACON& Tower with Radar,43,29,9,2,83,0,5,40,0,45,43,34,49,2,128,44,0,44,172
04/06/2009,PWM,ME,ANE,EN,Combined TRACON& Tower with Radar,43,35,11,0,89,0,1,14,7,22,43,36,25,7,111,20,0,20,131
04/07/2009,PWM,ME,ANE,EN,Combined TRACON& Tower with Radar,48,45,27,6,126,0,0,1,0,1,48,45,28,6,127,0,0,0,127
04/08/2009,PWM,ME,ANE,EN,Combined TRACON& Tower with Radar,44,45,18,0,107,0,4,42,0,46,44,49,60,0,153,14,0,14,167
04/09/2009,PWM,ME,ANE,EN,Combined TRACON& Tower with Radar,47,47,16,4,114,0,3,38,4,45,47,50,54,8,159,24,0,24,183
04/10/2009,PWM,ME,ANE,EN,Combined TRACON& Tower with Radar,47,43,21,10,121,0,0,45,4,49,47,43,66,14,170,0,14,14,184
04/11/2009,PWM,ME,ANE,EN,Combined TRACON& Tower with Radar,49,20,16,0,85,0,0,9,1,10,49,20,25,1,95,28,0,28,123
04/12/2009,PWM,ME,ANE,EN,Combined TRACON& Tower with Radar,45,30,13,0,88,0,1,8,0,9,45,31,21,0,97,0,0,0,97
04/13/2009,PWM,ME,ANE,EN,Combined TRACON& Tower with Radar,46,39,17,0,102,0,1,13,2,16,46,40,30,2,118,2,0,2,120
04/14/2009,PWM,ME,ANE,EN,Combined TRACON& Tower with Radar,45,42,26,6,119,0,1,51,0,52,45,43,77,6,171,74,0,74,245
04/15/2009,PWM,ME,ANE,EN,Combined TRACON& Tower with Radar,49,43,19,0,111,0,1,47,1,49,49,44,66,1,160,33,0,33,193
04/16/2009,PWM,ME,ANE,EN,Combined TRACON& Tower with Radar,50,45,22,0,117,0,1,54,1,56,50,46,76,1,173,4,0,4,177
04/17/2009,PWM,ME,ANE,EN,Combined TRACON& Tower with Radar,52,40,18,0,110,0,2,54,1,57,52,42,72,1,167,42,0,42,209
04/18/2009,PWM,ME,ANE,EN,Combined TRACON& Tower with Radar,51,22,27,2,102,0,3,71,1,75,51,25,98,3,177,18,0,18,195
04/19/2009,PWM,ME,ANE,EN,Combined TRACON& Tower with Radar,45,28,14,0,87,0,0,39,0,39,45,28,53,0,126,21,0,21,147
04/20/2009,PWM,ME,ANE,EN,Combined TRACON& Tower with Radar,44,31,11,8,94,0,0,16,8,24,44,31,27,16,118,30,10,40,158
04/21/2009,PWM,ME,ANE,EN,Combined TRACON& Tower with Radar,46,40,15,0,101,0,0,0,0,0,46,40,15,0,101,0,0,0,101
04/22/2009,PWM,ME,ANE,EN,Combined TRACON& Tower with Radar,50,44,23,0,117,0,0,0,0,0,50,44,23,0,117,0,0,0,117
04/23/2009,PWM,ME,ANE,EN,Combined TRACON& Tower with Radar,48,43,8,2,101,0,1,11,0,12,48,44,19,2,113,0,0,0,113
04/24/2009,PWM,ME,ANE,EN,Combined TRACON& Tower with Radar,49,40,18,0,107,0,3,38,1,42,49,43,56,1,149,0,0,0,149
04/25/2009,PWM,ME,ANE,EN,Combined TRACON& Tower with Radar,48,26,13,0,87,0,1,56,4,61,48,27,69,4,148,81,0,81,229
04/26/2009,PWM,ME,ANE,EN,Combined TRACON& Tower with Radar,46,32,20,0,98,0,0,35,0,35,46,32,55,0,133,48,0,48,181
04/27/2009,PWM,ME,ANE,EN,Combined TRACON& Tower with Radar,50,35,16,2,103,0,0,34,0,34,50,35,50,2,137,76,0,76,213
04/28/2009,PWM,ME,ANE,EN,Combined TRACON& Tower with Radar,52,44,35,1,132,0,0,37,2,39,52,44,72,3,171,12,0,12,183
04/29/2009,PWM,ME,ANE,EN,Combined TRACON& Tower with Radar,46,42,37,8,133,0,0,44,0,44,46,42,81,8,177,10,0,10,187
04/30/2009,PWM,ME,ANE,EN,Combined TRACON& Tower with Radar,52,50,38,0,140,0,8,76,2,86,52,58,114,2,226,26,0,26,252
05/01/2009,PWM,ME,ANE,EN,Combined TRACON& Tower with Radar,46,39,21,0,106,0,1,0,0,1,46,40,21,0,107,12,0,12,119
05/02/2009,PWM,ME,ANE,EN,Combined TRACON& Tower with Radar,49,22,11,0,82,0,0,58,0,58,49,22,69,0,140,96,0,96,236
05/03/2009,PWM,ME,ANE,EN,Combined TRACON& Tower with Radar,48,25,14,0,87,0,1,32,1,34,48,26,46,1,121,119,0,119,240
05/04/2009,PWM,ME,ANE,EN,Combined TRACON& Tower with Radar,45,42,17,0,104,0,1,35,0,36,45,43,52,0,140,28,2,30,170
05/05/2009,PWM,ME,ANE,EN,Combined TRACON& Tower with Radar,48,43,32,3,126,0,1,10,1,12,48,44,42,4,138,0,0,0,138
05/06/2009,PWM,ME,ANE,EN,Combined TRACON& Tower with Radar,49,45,25,0,119,0,0,12,0,12,49,45,37,0,131,10,3,13,144
05/07/2009,PWM,ME,ANE,EN,Combined TRACON& Tower with Radar,55,55,23,0,133,0,0,0,0,0,55,55,23,0,133,0,0,0,133
05/08/2009,PWM,ME,ANE,EN,Combined TRACON& Tower with Radar,56,46,33,0,135,0,2,37,0,39,56,48,70,0,174,20,0,20,194
05/09/2009,PWM,ME,ANE,EN,Combined TRACON& Tower with Radar,48,34,4,1,87,0,1,29,1,31,48,35,33,2,118,38,0,38,156
05/10/2009,PWM,ME,ANE,EN,Combined TRACON& Tower with Radar,55,31,11,0,97,0,0,5,0,5,55,31,16,0,102,0,0,0,102
05/11/2009,PWM,ME,ANE,EN,Combined TRACON& Tower with Radar,54,43,24,0,121,0,0,24,0,24,54,43,48,0,145,24,0,24,169
05/12/2009,PWM,ME,ANE,EN,Combined TRACON& Tower with Radar,52,47,19,4,122,0,0,48,0,48,52,47,67,4,170,50,0,50,220
05/13/2009,PWM,ME,ANE,EN,Combined TRACON& Tower with Radar,53,49,29,0,131,0,0,70,0,70,53,49,99,0,201,66,0,66,267
05/14/2009,PWM,ME,ANE,EN,Combined TRACON& Tower with Radar,53,52,16,0,121,0,0,26,0,26,53,52,42,0,147,0,0,0,147
05/15/2009,PWM,ME,ANE,EN,Combined TRACON& Tower with Radar,54,45,30,0,129,0,0,27,0,27,54,45,57,0,156,12,0,12,168
05/16/2009,PWM,ME,ANE,EN,Combined TRACON& Tower with Radar,48,26,13,0,87,0,0,25,0,25,48,26,38,0,112,0,0,0,112
05/17/2009,PWM,ME,ANE,EN,Combined TRACON& Tower with Radar,57,26,17,0,100,0,0,17,0,17,57,26,34,0,117,26,0,26,143
05/18/2009,PWM,ME,ANE,EN,Combined TRACON& Tower with Radar,53,37,27,0,117,0,0,37,8,45,53,37,64,8,162,0,0,0,162
05/19/2009,PWM,ME,ANE,EN,Combined TRACON& Tower with Radar,53,44,24,4,125,0,0,49,14,63,53,44,73,18,188,0,0,0,188
05/20/2009,PWM,ME,ANE,EN,Combined TRACON& Tower with Radar,50,45,37,0,132,0,2,46,0,48,50,47,83,0,180,38,0,38,218
05/21/2009,PWM,ME,ANE,EN,Combined TRACON& Tower with Radar,51,51,29,2,133,0,4,54,6,64,51,55,83,8,197,28,0,28,225
05/22/2009,PWM,ME,ANE,EN,Combined TRACON& Tower with Radar,52,53,29,0,134,0,0,50,0,50,52,53,79,0,184,0,0,0,184
05/23/2009,PWM,ME,ANE,EN,Combined TRACON& Tower with Radar,50,31,21,0,102,0,0,37,0,37,50,31,58,0,139,26,0,26,165
05/24/2009,PWM,ME,ANE,EN,Combined TRACON& Tower with Radar,47,35,9,1,92,0,2,23,0,25,47,37,32,1,117,63,0,63,180
05/25/2009,PWM,ME,ANE,EN,Combined TRACON& Tower with Radar,53,42,19,1,115,0,2,48,11,61,53,44,67,12,176,92,0,92,268
05/26/2009,PWM,ME,ANE,EN,Combined TRACON& Tower with Radar,51,44,20,0,115,0,0,46,0,46,51,44,66,0,161,54,0,54,215
05/27/2009,PWM,ME,ANE,EN,Combined TRACON& Tower with Radar,52,46,28,0,126,0,1,4,0,5,52,47,32,0,131,26,0,26,157
05/28/2009,PWM,ME,ANE,EN,Combined TRACON& Tower with Radar,55,46,31,0,132,0,0,0,0,0,55,46,31,0,132,0,0,0,132
05/29/2009,PWM,ME,ANE,EN,Combined TRACON& Tower with Radar,52,48,29,0,129,0,0,0,0,0,52,48,29,0,129,0,0,0,129
05/30/2009,PWM,ME,ANE,EN,Combined TRACON& Tower with Radar,52,27,24,0,103,0,0,31,0,31,52,27,55,0,134,0,0,0,134
05/31/2009,PWM,ME,ANE,EN,Combined TRACON& Tower with Radar,50,39,23,0,112,0,0,32,0,32,50,39,55,0,144,108,0,108,252
06/01/2009,PWM,ME,ANE,EN,Combined TRACON& Tower with Radar,55,45,26,0,126,0,1,48,0,49,55,46,74,0,175,59,0,59,234
06/02/2009,PWM,ME,ANE,EN,Combined TRACON& Tower with Radar,56,40,25,2,123,0,0,49,2,51,56,40,74,4,174,26,0,26,200
06/03/2009,PWM,ME,ANE,EN,Combined TRACON& Tower with Radar,52,47,32,0,131,0,1,39,3,43,52,48,71,3,174,57,0,57,231
06/04/2009,PWM,ME,ANE,EN,Combined TRACON& Tower with Radar,64,43,24,0,131,0,6,40,1,47,64,49,64,1,178,14,0,14,192
06/05/2009,PWM,ME,ANE,EN,Combined TRACON& Tower with Radar,61,41,36,0,138,0,0,32,2,34,61,41,68,2,172,40,0,40,212
06/06/2009,PWM,ME,ANE,EN,Combined TRACON& Tower with Radar,60,28,19,0,107,0,0,50,0,50,60,28,69,0,157,62,0,62,219
06/07/2009,PWM,ME,ANE,EN,Combined TRACON& Tower with Radar,66,36,32,0,134,0,4,44,1,49,66,40,76,1,183,30,0,30,213
06/08/2009,PWM,ME,ANE,EN,Combined TRACON& Tower with Radar,63,47,15,4,129,0,2,56,3,61,63,49,71,7,190,72,0,72,262
06/09/2009,PWM,ME,ANE,EN,Combined TRACON& Tower with Radar,51,43,23,0,117,0,0,2,0,2,51,43,25,0,119,0,0,0,119
06/10/2009,PWM,ME,ANE,EN,Combined TRACON& Tower with Radar,61,47,45,0,153,0,0,0,0,0,61,47,45,0,153,0,0,0,153
06/11/2009,PWM,ME,ANE,EN,Combined TRACON& Tower with Radar,60,45,43,2,150,0,0,7,0,7,60,45,50,2,157,8,0,8,165
06/12/2009,PWM,ME,ANE,EN,Combined TRACON& Tower with Radar,68,55,28,10,161,0,1,11,1,13,68,56,39,11,174,0,0,0,174
06/13/2009,PWM,ME,ANE,EN,Combined TRACON& Tower with Radar,60,33,46,0,139,0,6,67,5,78,60,39,113,5,217,429,0,429,646
06/14/2009,PWM,ME,ANE,EN,Combined TRACON& Tower with Radar,67,40,29,3,139,0,0,1,0,1,67,40,30,3,140,0,0,0,140
06/15/2009,PWM,ME,ANE,EN,Combined TRACON& Tower with Radar,62,38,30,3,133,0,0,11,0,11,62,38,41,3,144,18,0,18,162
06/16/2009,PWM,ME,ANE,EN,Combined TRACON& Tower with Radar,64,51,33,2,150,0,0,49,0,49,64,51,82,2,199,94,0,94,293
06/17/2009,PWM,ME,ANE,EN,Combined TRACON& Tower with Radar,63,49,29,4,145,0,1,73,5,79,63,50,102,9,224,30,0,30,254
06/18/2009,PWM,ME,ANE,EN,Combined TRACON& Tower with Radar,63,43,44,0,150,0,0,24,0,24,63,43,68,0,174,26,0,26,200
06/19/2009,PWM,ME,ANE,EN,Combined TRACON& Tower with Radar,64,51,33,0,148,0,0,0,0,0,64,51,33,0,148,0,0,0,148
06/20/2009,PWM,ME,ANE,EN,Combined TRACON& Tower with Radar,56,35,34,0,125,0,1,14,0,15,56,36,48,0,140,24,0,24,164
06/21/2009,PWM,ME,ANE,EN,Combined TRACON& Tower with Radar,68,42,20,0,130,0,0,1,0,1,68,42,21,0,131,0,0,0,131
06/22/2009,PWM,ME,ANE,EN,Combined TRACON& Tower with Radar,65,47,23,1,136,0,2,0,1,3,65,49,23,2,139,0,0,0,139
06/23/2009,PWM,ME,ANE,EN,Combined TRACON& Tower with Radar,66,52,18,0,136,0,0,0,0,0,66,52,18,0,136,0,0,0,136
06/24/2009,PWM,ME,ANE,EN,Combined TRACON& Tower with Radar,65,65,10,0,140,0,0,0,0,0,65,65,10,0,140,0,0,0,140
06/25/2009,PWM,ME,ANE,EN,Combined TRACON& Tower with Radar,71,54,41,5,171,0,1,36,0,37,71,55,77,5,208,42,0,42,250
06/26/2009,PWM,ME,ANE,EN,Combined TRACON& Tower with Radar,65,59,24,2,150,0,1,16,0,17,65,60,40,2,167,0,0,0,167
06/27/2009,PWM,ME,ANE,EN,Combined TRACON& Tower with Radar,62,36,22,0,120,0,0,6,0,6,62,36,28,0,126,8,0,8,134
06/28/2009,PWM,ME,ANE,EN,Combined TRACON& Tower with Radar,64,46,21,0,131,0,0,0,0,0,64,46,21,0,131,0,0,0,131
06/29/2009,PWM,ME,ANE,EN,Combined TRACON& Tower with Radar,70,62,38,0,170,0,0,0,0,0,70,62,38,0,170,0,0,0,170
06/30/2009,PWM,ME,ANE,EN,Combined TRACON& Tower with Radar,64,52,33,0,149,0,0,0,0,0,64,52,33,0,149,0,0,0,149
07/01/2009,PWM,ME,ANE,EN,Combined TRACON& Tower with Radar,58,51,21,0,130,0,0,0,0,0,58,51,21,0,130,0,0,0,130
07/02/2009,PWM,ME,ANE,EN,Combined TRACON& Tower with Radar,65,56,30,0,151,0,0,0,0,0,65,56,30,0,151,0,0,0,151
07/03/2009,PWM,ME,ANE,EN,Combined TRACON& Tower with Radar,64,56,23,0,143,0,1,7,0,8,64,57,30,0,151,0,0,0,151
07/04/2009,PWM,ME,ANE,EN,Combined TRACON& Tower with Radar,54,35,10,0,99,0,2,12,1,15,54,37,22,1,114,0,0,0,114
07/05/2009,PWM,ME,ANE,EN,Combined TRACON& Tower with Radar,72,48,19,0,139,0,3,40,0,43,72,51,59,0,182,14,0,14,196
07/06/2009,PWM,ME,ANE,EN,Combined TRACON& Tower with Radar,75,53,24,0,152,0,0,73,0,73,75,53,97,0,225,48,0,48,273
07/07/2009,PWM,ME,ANE,EN,Combined TRACON& Tower with Radar,69,51,31,0,151,0,0,0,0,0,69,51,31,0,151,0,0,0,151
07/08/2009,PWM,ME,ANE,EN,Combined TRACON& Tower with Radar,71,51,28,0,150,0,0,0,0,0,71,51,28,0,150,0,0,0,150
07/09/2009,PWM,ME,ANE,EN,Combined TRACON& Tower with Radar,72,60,29,3,164,0,0,77,1,78,72,60,106,4,242,16,0,16,258
07/10/2009,PWM,ME,ANE,EN,Combined TRACON& Tower with Radar,75,52,27,0,154,0,6,68,1,75,75,58,95,1,229,2,0,2,231
07/11/2009,PWM,ME,ANE,EN,Combined TRACON& Tower with Radar,63,39,16,12,130,0,2,41,3,46,63,41,57,15,176,52,0,52,228
07/12/2009,PWM,ME,ANE,EN,Combined TRACON& Tower with Radar,72,38,31,0,141,0,0,47,1,48,72,38,78,1,189,64,0,64,253
07/13/2009,PWM,ME,ANE,EN,Combined TRACON& Tower with Radar,73,44,28,0,145,0,1,42,0,43,73,45,70,0,188,56,0,56,244
07/14/2009,PWM,ME,ANE,EN,Combined TRACON& Tower with Radar,73,60,37,0,170,2,1,49,0,52,75,61,86,0,222,57,0,57,279
07/15/2009,PWM,ME,ANE,EN,Combined TRACON& Tower with Radar,74,56,34,2,166,0,1,56,0,57,74,57,90,2,223,51,0,51,274
07/16/2009,PWM,ME,ANE,EN,Combined TRACON& Tower with Radar,69,64,25,2,160,0,0,34,0,34,69,64,59,2,194,30,0,30,224
07/17/2009,PWM,ME,ANE,EN,Combined TRACON& Tower with Radar,72,55,44,0,171,0,2,36,1,39,72,57,80,1,210,6,0,6,216
07/18/2009,PWM,ME,ANE,EN,Combined TRACON& Tower with Radar,60,47,30,0,137,0,0,6,0,6,60,47,36,0,143,0,0,0,143
07/19/2009,PWM,ME,ANE,EN,Combined TRACON& Tower with Radar,74,47,17,2,140,0,2,64,0,66,74,49,81,2,206,69,0,69,275
07/20/2009,PWM,ME,ANE,EN,Combined TRACON& Tower with Radar,73,44,41,0,158,0,0,56,4,60,73,44,97,4,218,20,4,24,242
07/21/2009,PWM,ME,ANE,EN,Combined TRACON& Tower with Radar,72,47,30,0,149,0,4,17,1,22,72,51,47,1,171,18,0,18,189
07/22/2009,PWM,ME,ANE,EN,Combined TRACON& Tower with Radar,75,48,40,0,163,0,1,9,0,10,75,49,49,0,173,32,0,32,205
07/23/2009,PWM,ME,ANE,EN,Combined TRACON& Tower with Radar,70,74,51,1,196,0,1,11,1,13,70,75,62,2,209,0,0,0,209
07/24/2009,PWM,ME,ANE,EN,Combined TRACON& Tower with Radar,76,87,32,0,195,0,0,1,0,1,76,87,33,0,196,0,0,0,196
07/25/2009,PWM,ME,ANE,EN,Combined TRACON& Tower with Radar,61,63,28,0,152,0,5,46,1,52,61,68,74,1,204,36,0,36,240
07/26/2009,PWM,ME,ANE,EN,Combined TRACON& Tower with Radar,65,51,48,0,164,0,0,0,0,0,65,51,48,0,164,0,0,0,164
07/27/2009,PWM,ME,ANE,EN,Combined TRACON& Tower with Radar,71,49,40,0,160,0,2,4,0,6,71,51,44,0,166,104,0,104,270
07/28/2009,PWM,ME,ANE,EN,Combined TRACON& Tower with Radar,75,56,28,0,159,0,5,51,0,56,75,61,79,0,215,26,0,26,241
07/29/2009,PWM,ME,ANE,EN,Combined TRACON& Tower with Radar,66,54,37,0,157,0,3,21,0,24,66,57,58,0,181,29,0,29,210
07/30/2009,PWM,ME,ANE,EN,Combined TRACON& Tower with Radar,72,65,20,0,157,0,0,27,0,27,72,65,47,0,184,18,0,18,202
07/31/2009,PWM,ME,ANE,EN,Combined TRACON& Tower with Radar,65,50,42,0,157,0,0,14,0,14,65,50,56,0,171,14,0,14,185
08/01/2009,PWM,ME,ANE,EN,Combined TRACON& Tower with Radar,62,47,30,1,140,0,5,62,0,67,62,52,92,1,207,62,0,62,269
08/02/2009,PWM,ME,ANE,EN,Combined TRACON& Tower with Radar,58,47,22,0,127,0,0,0,0,0,58,47,22,0,127,0,0,0,127
08/03/2009,PWM,ME,ANE,EN,Combined TRACON& Tower with Radar,73,51,27,8,159,0,2,57,0,59,73,53,84,8,218,14,6,20,238
08/04/2009,PWM,ME,ANE,EN,Combined TRACON& Tower with Radar,72,60,29,0,161,0,0,27,0,27,72,60,56,0,188,12,0,12,200
08/05/2009,PWM,ME,ANE,EN,Combined TRACON& Tower with Radar,71,59,36,0,166,0,2,26,1,29,71,61,62,1,195,35,0,35,230
08/06/2009,PWM,ME,ANE,EN,Combined TRACON& Tower with Radar,73,61,32,0,166,0,3,52,0,55,73,64,84,0,221,12,0,12,233
08/07/2009,PWM,ME,ANE,EN,Combined TRACON& Tower with Radar,70,56,39,0,165,0,1,63,1,65,70,57,102,1,230,0,0,0,230
08/08/2009,PWM,ME,ANE,EN,Combined TRACON& Tower with Radar,62,41,25,0,128,0,1,67,2,70,62,42,92,2,198,30,0,30,228
08/09/2009,PWM,ME,ANE,EN,Combined TRACON& Tower with Radar,71,47,28,0,146,0,2,49,0,51,71,49,77,0,197,20,0,20,217
08/10/2009,PWM,ME,ANE,EN,Combined TRACON& Tower with Radar,67,46,24,1,138,0,0,40,2,42,67,46,64,3,180,38,0,38,218
08/11/2009,PWM,ME,ANE,EN,Combined TRACON& Tower with Radar,73,70,34,0,177,0,0,17,0,17,73,70,51,0,194,0,0,0,194
08/12/2009,PWM,ME,ANE,EN,Combined TRACON& Tower with Radar,66,68,44,0,178,0,0,7,0,7,66,68,51,0,185,0,0,0,185
08/13/2009,PWM,ME,ANE,EN,Combined TRACON& Tower with Radar,70,64,40,0,174,0,1,30,0,31,70,65,70,0,205,10,0,10,215
08/14/2009,PWM,ME,ANE,EN,Combined TRACON& Tower with Radar,74,63,41,0,178,0,1,58,0,59,74,64,99,0,237,0,0,0,237
08/15/2009,PWM,ME,ANE,EN,Combined TRACON& Tower with Radar,64,47,26,0,137,0,2,66,0,68,64,49,92,0,205,52,0,52,257
08/16/2009,PWM,ME,ANE,EN,Combined TRACON& Tower with Radar,72,48,21,0,141,0,2,47,2,51,72,50,68,2,192,34,0,34,226
08/17/2009,PWM,ME,ANE,EN,Combined TRACON& Tower with Radar,72,56,56,0,184,0,0,46,0,46,72,56,102,0,230,0,0,0,230
08/18/2009,PWM,ME,ANE,EN,Combined TRACON& Tower with Radar,73,45,37,5,160,0,7,60,0,67,73,52,97,5,227,44,0,44,271
08/19/2009,PWM,ME,ANE,EN,Combined TRACON& Tower with Radar,75,56,30,0,161,0,3,53,0,56,75,59,83,0,217,30,0,30,247
08/20/2009,PWM,ME,ANE,EN,Combined TRACON& Tower with Radar,78,50,21,0,149,0,1,62,4,67,78,51,83,4,216,24,0,24,240
08/21/2009,PWM,ME,ANE,EN,Combined TRACON& Tower with Radar,62,42,33,0,137,0,0,1,0,1,62,42,34,0,138,0,0,0,138
08/22/2009,PWM,ME,ANE,EN,Combined TRACON& Tower with Radar,63,43,27,0,133,0,0,6,0,6,63,43,33,0,139,0,0,0,139
08/23/2009,PWM,ME,ANE,EN,Combined TRACON& Tower with Radar,76,42,23,1,142,0,0,19,1,20,76,42,42,2,162,4,0,4,166
08/24/2009,PWM,ME,ANE,EN,Combined TRACON& Tower with Radar,78,45,38,0,161,0,2,8,1,11,78,47,46,1,172,0,0,0,172
08/25/2009,PWM,ME,ANE,EN,Combined TRACON& Tower with Radar,76,52,48,0,176,0,0,60,0,60,76,52,108,0,236,4,0,4,240
08/26/2009,PWM,ME,ANE,EN,Combined TRACON& Tower with Radar,77,45,25,0,147,0,2,56,0,58,77,47,81,0,205,0,0,0,205
08/27/2009,PWM,ME,ANE,EN,Combined TRACON& Tower with Radar,77,50,45,0,172,0,2,58,0,60,77,52,103,0,232,6,0,6,238
08/28/2009,PWM,ME,ANE,EN,Combined TRACON& Tower with Radar,78,49,30,0,157,0,1,60,0,61,78,50,90,0,218,32,0,32,250
08/29/2009,PWM,ME,ANE,EN,Combined TRACON& Tower with Radar,65,34,9,0,108,0,0,0,0,0,65,34,9,0,108,0,0,0,108
08/30/2009,PWM,ME,ANE,EN,Combined TRACON& Tower with Radar,74,35,27,0,136,0,0,40,1,41,74,35,67,1,177,54,0,54,231
08/31/2009,PWM,ME,ANE,EN,Combined TRACON& Tower with Radar,77,36,14,0,127,0,1,34,6,41,77,37,48,6,168,32,0,32,200
09/01/2009,PWM,ME,ANE,EN,Combined TRACON& Tower with Radar,72,47,25,0,144,0,2,67,0,69,72,49,92,0,213,20,0,20,233
09/02/2009,PWM,ME,ANE,EN,Combined TRACON& Tower with Radar,71,43,21,4,139,0,2,65,0,67,71,45,86,4,206,60,7,67,273
09/03/2009,PWM,ME,ANE,EN,Combined TRACON& Tower with Radar,71,52,32,0,155,0,3,67,0,70,71,55,99,0,225,70,0,70,295
09/04/2009,PWM,ME,ANE,EN,Combined TRACON& Tower with Radar,72,52,21,0,145,0,2,65,0,67,72,54,86,0,212,40,0,40,252
09/05/2009,PWM,ME,ANE,EN,Combined TRACON& Tower with Radar,58,40,19,0,117,0,2,67,0,69,58,42,86,0,186,22,0,22,208
09/06/2009,PWM,ME,ANE,EN,Combined TRACON& Tower with Radar,58,35,10,0,103,0,4,70,2,76,58,39,80,2,179,38,0,38,217
09/07/2009,PWM,ME,ANE,EN,Combined TRACON& Tower with Radar,66,43,24,0,133,0,1,59,0,60,66,44,83,0,193,0,0,0,193
09/08/2009,PWM,ME,ANE,EN,Combined TRACON& Tower with Radar,67,43,23,0,133,0,1,55,4,60,67,44,78,4,193,80,0,80,273
09/09/2009,PWM,ME,ANE,EN,Combined TRACON& Tower with Radar,64,43,28,0,135,0,0,46,4,50,64,43,74,4,185,42,10,52,237
09/10/2009,PWM,ME,ANE,EN,Combined TRACON& Tower with Radar,61,49,28,2,140,0,0,57,0,57,61,49,85,2,197,18,0,18,215
09/11/2009,PWM,ME,ANE,EN,Combined TRACON& Tower with Radar,58,39,33,0,130,0,0,25,0,25,58,39,58,0,155,0,0,0,155
09/12/2009,PWM,ME,ANE,EN,Combined TRACON& Tower with Radar,54,35,34,0,123,0,0,1,0,1,54,35,35,0,124,0,0,0,124
09/13/2009,PWM,ME,ANE,EN,Combined TRACON& Tower with Radar,63,34,42,0,139,0,0,50,0,50,63,34,92,0,189,34,0,34,223
09/14/2009,PWM,ME,ANE,EN,Combined TRACON& Tower with Radar,60,43,29,3,135,0,6,64,0,70,60,49,93,3,205,13,0,13,218
09/15/2009,PWM,ME,ANE,EN,Combined TRACON& Tower with Radar,60,46,28,0,134,0,0,37,1,38,60,46,65,1,172,16,0,16,188
09/16/2009,PWM,ME,ANE,EN,Combined TRACON& Tower with Radar,62,47,29,6,144,0,0,30,0,30,62,47,59,6,174,15,0,15,189
09/17/2009,PWM,ME,ANE,EN,Combined TRACON& Tower with Radar,62,48,26,0,136,0,1,45,0,46,62,49,71,0,182,4,0,4,186
09/18/2009,PWM,ME,ANE,EN,Combined TRACON& Tower with Radar,66,47,21,0,134,0,2,44,1,47,66,49,65,1,181,0,0,0,181
09/19/2009,PWM,ME,ANE,EN,Combined TRACON& Tower with Radar,57,38,12,1,108,0,0,30,3,33,57,38,42,4,141,4,0,4,145
09/20/2009,PWM,ME,ANE,EN,Combined TRACON& Tower with Radar,66,37,20,0,123,0,0,34,0,34,66,37,54,0,157,10,0,10,167
09/21/2009,PWM,ME,ANE,EN,Combined TRACON& Tower with Radar,60,35,18,0,113,0,2,63,1,66,60,37,81,1,179,35,0,35,214
09/22/2009,PWM,ME,ANE,EN,Combined TRACON& Tower with Radar,59,47,27,0,133,0,0,28,8,36,59,47,55,8,169,0,0,0,169
09/23/2009,PWM,ME,ANE,EN,Combined TRACON& Tower with Radar,62,45,23,4,134,0,2,30,0,32,62,47,53,4,166,36,0,36,202
09/24/2009,PWM,ME,ANE,EN,Combined TRACON& Tower with Radar,62,48,27,0,137,0,1,28,0,29,62,49,55,0,166,6,0,6,172
09/25/2009,PWM,ME,ANE,EN,Combined TRACON& Tower with Radar,67,48,21,0,136,0,0,38,2,40,67,48,59,2,176,4,0,4,180
09/26/2009,PWM,ME,ANE,EN,Combined TRACON& Tower with Radar,58,35,14,0,107,0,0,66,0,66,58,35,80,0,173,6,0,6,179
09/27/2009,PWM,ME,ANE,EN,Combined TRACON& Tower with Radar,66,33,24,0,123,0,0,0,0,0,66,33,24,0,123,0,0,0,123
09/28/2009,PWM,ME,ANE,EN,Combined TRACON& Tower with Radar,61,42,31,0,134,0,0,34,0,34,61,42,65,0,168,38,0,38,206
09/29/2009,PWM,ME,ANE,EN,Combined TRACON& Tower with Radar,61,46,36,0,143,0,1,37,0,38,61,47,73,0,181,25,0,25,206
09/30/2009,PWM,ME,ANE,EN,Combined TRACON& Tower with Radar,61,51,29,0,141,0,0,28,0,28,61,51,57,0,169,28,0,28,197
10/01/2009,PWM,ME,ANE,EN,Combined TRACON& Tower with Radar,61,51,29,0,141,0,0,24,0,24,61,51,53,0,165,40,0,40,205
10/02/2009,PWM,ME,ANE,EN,Combined TRACON& Tower with Radar,64,53,27,0,144,0,0,45,1,46,64,53,72,1,190,0,0,0,190
10/03/2009,PWM,ME,ANE,EN,Combined TRACON& Tower with Radar,56,36,9,0,101,0,0,0,0,0,56,36,9,0,101,0,0,0,101
10/04/2009,PWM,ME,ANE,EN,Combined TRACON& Tower with Radar,63,36,46,0,145,0,0,2,0,2,63,36,48,0,147,50,0,50,197
10/05/2009,PWM,ME,ANE,EN,Combined TRACON& Tower with Radar,61,38,20,2,121,0,0,32,4,36,61,38,52,6,157,6,0,6,163
10/06/2009,PWM,ME,ANE,EN,Combined TRACON& Tower with Radar,60,45,13,0,118,0,1,46,2,49,60,46,59,2,167,72,0,72,239
10/07/2009,PWM,ME,ANE,EN,Combined TRACON& Tower with Radar,57,43,25,0,125,0,0,1,0,1,57,43,26,0,126,0,0,0,126
10/08/2009,PWM,ME,ANE,EN,Combined TRACON& Tower with Radar,62,52,22,8,144,0,1,40,1,42,62,53,62,9,186,6,0,6,192
10/09/2009,PWM,ME,ANE,EN,Combined TRACON& Tower with Radar,65,49,38,3,155,0,0,43,0,43,65,49,81,3,198,14,0,14,212
10/10/2009,PWM,ME,ANE,EN,Combined TRACON& Tower with Radar,56,39,15,3,113,0,3,24,1,28,56,42,39,4,141,29,0,29,170
10/11/2009,PWM,ME,ANE,EN,Combined TRACON& Tower with Radar,64,29,33,0,126,0,1,45,0,46,64,30,78,0,172,16,0,16,188
10/12/2009,PWM,ME,ANE,EN,Combined TRACON& Tower with Radar,61,43,36,0,140,0,0,68,0,68,61,43,104,0,208,12,0,12,220
10/13/2009,PWM,ME,ANE,EN,Combined TRACON& Tower with Radar,60,48,23,0,131,0,0,0,0,0,60,48,23,0,131,0,0,0,131
10/14/2009,PWM,ME,ANE,EN,Combined TRACON& Tower with Radar,59,48,24,0,131,0,0,26,0,26,59,48,50,0,157,46,0,46,203
10/15/2009,PWM,ME,ANE,EN,Combined TRACON& Tower with Radar,60,53,33,6,152,0,0,45,0,45,60,53,78,6,197,22,16,38,235
10/16/2009,PWM,ME,ANE,EN,Combined TRACON& Tower with Radar,63,49,29,0,141,0,0,15,0,15,63,49,44,0,156,0,0,0,156
10/17/2009,PWM,ME,ANE,EN,Combined TRACON& Tower with Radar,55,42,20,0,117,0,1,33,0,34,55,43,53,0,151,6,0,6,157
10/18/2009,PWM,ME,ANE,EN,Combined TRACON& Tower with Radar,65,38,17,0,120,0,1,7,0,8,65,39,24,0,128,0,0,0,128
10/19/2009,PWM,ME,ANE,EN,Combined TRACON& Tower with Radar,58,41,22,0,121,0,2,33,0,35,58,43,55,0,156,26,0,26,182
10/20/2009,PWM,ME,ANE,EN,Combined TRACON& Tower with Radar,60,48,16,2,126,0,2,33,2,37,60,50,49,4,163,0,0,0,163
10/21/2009,PWM,ME,ANE,EN,Combined TRACON& Tower with Radar,56,48,25,0,129,0,4,69,0,73,56,52,94,0,202,117,0,117,319
10/22/2009,PWM,ME,ANE,EN,Combined TRACON& Tower with Radar,59,55,32,0,146,0,0,0,0,0,59,55,32,0,146,0,0,0,146
10/23/2009,PWM,ME,ANE,EN,Combined TRACON& Tower with Radar,62,43,16,0,121,0,0,46,2,48,62,43,62,2,169,42,0,42,211
10/24/2009,PWM,ME,ANE,EN,Combined TRACON& Tower with Radar,53,34,5,0,92,0,0,0,0,0,53,34,5,0,92,0,0,0,92
10/25/2009,PWM,ME,ANE,EN,Combined TRACON& Tower with Radar,59,35,15,0,109,0,3,69,4,76,59,38,84,4,185,34,0,34,219
10/26/2009,PWM,ME,ANE,EN,Combined TRACON& Tower with Radar,55,49,23,7,134,0,0,39,3,42,55,49,62,10,176,50,0,50,226
10/27/2009,PWM,ME,ANE,EN,Combined TRACON& Tower with Radar,51,49,21,0,121,0,1,30,0,31,51,50,51,0,152,30,0,30,182
10/28/2009,PWM,ME,ANE,EN,Combined TRACON& Tower with Radar,49,44,27,0,120,0,0,1,2,3,49,44,28,2,123,0,0,0,123
10/29/2009,PWM,ME,ANE,EN,Combined TRACON& Tower with Radar,55,47,41,4,147,0,2,43,3,48,55,49,84,7,195,50,0,50,245
10/30/2009,PWM,ME,ANE,EN,Combined TRACON& Tower with Radar,59,56,34,0,149,0,0,26,0,26,59,56,60,0,175,62,0,62,237
10/31/2009,PWM,ME,ANE,EN,Combined TRACON& Tower with Radar,51,39,3,0,93,0,0,0,0,0,51,39,3,0,93,0,0,0,93
11/01/2009,PWM,ME,ANE,EN,Combined TRACON& Tower with Radar,53,41,16,0,110,0,0,36,1,37,53,41,52,1,147,42,0,42,189
11/02/2009,PWM,ME,ANE,EN,Combined TRACON& Tower with Radar,51,52,39,0,142,0,3,45,0,48,51,55,84,0,190,39,0,39,229
11/03/2009,PWM,ME,ANE,EN,Combined TRACON& Tower with Radar,51,45,13,0,109,0,0,31,5,36,51,45,44,5,145,19,0,19,164
11/04/2009,PWM,ME,ANE,EN,Combined TRACON& Tower with Radar,50,47,16,1,114,0,1,25,7,33,50,48,41,8,147,0,0,0,147
11/05/2009,PWM,ME,ANE,EN,Combined TRACON& Tower with Radar,51,54,28,0,133,0,0,0,0,0,51,54,28,0,133,0,0,0,133
11/06/2009,PWM,ME,ANE,EN,Combined TRACON& Tower with Radar,54,45,16,0,115,0,0,19,2,21,54,45,35,2,136,0,0,0,136
11/07/2009,PWM,ME,ANE,EN,Combined TRACON& Tower with Radar,51,35,18,0,104,0,3,58,0,61,51,38,76,0,165,39,0,39,204
11/08/2009,PWM,ME,ANE,EN,Combined TRACON& Tower with Radar,52,34,20,0,106,0,0,61,0,61,52,34,81,0,167,49,0,49,216
11/09/2009,PWM,ME,ANE,EN,Combined TRACON& Tower with Radar,51,44,27,0,122,0,0,35,0,35,51,44,62,0,157,12,0,12,169
11/10/2009,PWM,ME,ANE,EN,Combined TRACON& Tower with Radar,48,47,19,2,116,0,2,22,0,24,48,49,41,2,140,8,0,8,148
11/11/2009,PWM,ME,ANE,EN,Combined TRACON& Tower with Radar,49,47,21,0,117,0,0,43,8,51,49,47,64,8,168,28,0,28,196
11/12/2009,PWM,ME,ANE,EN,Combined TRACON& Tower with Radar,50,53,16,0,119,0,5,45,0,50,50,58,61,0,169,2,0,2,171
11/13/2009,PWM,ME,ANE,EN,Combined TRACON& Tower with Radar,43,54,16,0,113,0,6,43,1,50,43,60,59,1,163,3,0,3,166
11/14/2009,PWM,ME,ANE,EN,Combined TRACON& Tower with Radar,49,38,8,0,95,0,0,1,0,1,49,38,9,0,96,0,0,0,96
11/15/2009,PWM,ME,ANE,EN,Combined TRACON& Tower with Radar,52,41,12,0,105,0,0,6,0,6,52,41,18,0,111,0,0,0,111
11/16/2009,PWM,ME,ANE,EN,Combined TRACON& Tower with Radar,50,45,19,2,116,0,1,37,1,39,50,46,56,3,155,18,0,18,173
11/17/2009,PWM,ME,ANE,EN,Combined TRACON& Tower with Radar,48,42,33,6,129,0,2,33,7,42,48,44,66,13,171,0,0,0,171
11/18/2009,PWM,ME,ANE,EN,Combined TRACON& Tower with Radar,50,47,18,0,115,0,0,36,4,40,50,47,54,4,155,22,0,22,177
11/19/2009,PWM,ME,ANE,EN,Combined TRACON& Tower with Radar,51,58,23,0,132,0,5,44,0,49,51,63,67,0,181,62,0,62,243
11/20/2009,PWM,ME,ANE,EN,Combined TRACON& Tower with Radar,56,56,20,0,132,0,2,6,0,8,56,58,26,0,140,0,0,0,140
11/21/2009,PWM,ME,ANE,EN,Combined TRACON& Tower with Radar,52,38,10,0,100,0,3,52,1,56,52,41,62,1,156,38,0,38,194
11/22/2009,PWM,ME,ANE,EN,Combined TRACON& Tower with Radar,52,39,11,0,102,0,1,51,2,54,52,40,62,2,156,22,0,22,178
11/23/2009,PWM,ME,ANE,EN,Combined TRACON& Tower with Radar,52,49,20,0,121,0,1,14,0,15,52,50,34,0,136,8,0,8,144
11/24/2009,PWM,ME,ANE,EN,Combined TRACON& Tower with Radar,55,46,26,0,127,0,0,0,0,0,55,46,26,0,127,0,0,0,127
11/25/2009,PWM,ME,ANE,EN,Combined TRACON& Tower with Radar,54,53,22,0,129,0,0,0,0,0,54,53,22,0,129,0,0,0,129
11/26/2009,PWM,ME,ANE,EN,Combined TRACON& Tower with Radar,29,20,10,0,59,0,0,0,0,0,29,20,10,0,59,0,0,0,59
11/27/2009,PWM,ME,ANE,EN,Combined TRACON& Tower with Radar,52,40,9,0,101,0,0,0,0,0,52,40,9,0,101,0,0,0,101
11/28/2009,PWM,ME,ANE,EN,Combined TRACON& Tower with Radar,56,40,4,0,100,0,0,0,0,0,56,40,4,0,100,0,0,0,100
11/29/2009,PWM,ME,ANE,EN,Combined TRACON& Tower with Radar,61,41,32,0,134,0,6,43,2,51,61,47,75,2,185,41,0,41,226
11/30/2009,PWM,ME,ANE,EN,Combined TRACON& Tower with Radar,50,41,14,0,105,0,0,1,0,1,50,41,15,0,106,0,0,0,106
12/01/2009,PWM,ME,ANE,EN,Combined TRACON& Tower with Radar,54,38,16,0,108,0,4,43,0,47,54,42,59,0,155,30,0,30,185
12/02/2009,PWM,ME,ANE,EN,Combined TRACON& Tower with Radar,52,46,24,0,122,0,0,39,0,39,52,46,63,0,161,60,0,60,221
12/03/2009,PWM,ME,ANE,EN,Combined TRACON& Tower with Radar,53,42,21,0,116,0,1,7,3,11,53,43,28,3,127,0,0,0,127
12/04/2009,PWM,ME,ANE,EN,Combined TRACON& Tower with Radar,52,48,20,0,120,0,9,41,4,54,52,57,61,4,174,12,0,12,186
12/05/2009,PWM,ME,ANE,EN,Combined TRACON& Tower with Radar,49,29,3,0,81,0,0,14,0,14,49,29,17,0,95,13,0,13,108
12/06/2009,PWM,ME,ANE,EN,Combined TRACON& Tower with Radar,53,32,10,0,95,0,3,17,0,20,53,35,27,0,115,0,0,0,115
12/07/2009,PWM,ME,ANE,EN,Combined TRACON& Tower with Radar,49,45,17,0,111,0,0,19,0,19,49,45,36,0,130,8,0,8,138
12/08/2009,PWM,ME,ANE,EN,Combined TRACON& Tower with Radar,48,37,27,0,112,0,3,35,0,38,48,40,62,0,150,8,0,8,158
12/09/2009,PWM,ME,ANE,EN,Combined TRACON& Tower with Radar,36,35,8,0,79,0,0,0,0,0,36,35,8,0,79,0,0,0,79
12/10/2009,PWM,ME,ANE,EN,Combined TRACON& Tower with Radar,50,42,30,0,122,0,2,17,3,22,50,44,47,3,144,0,0,0,144
12/11/2009,PWM,ME,ANE,EN,Combined TRACON& Tower with Radar,49,43,24,0,116,0,3,12,0,15,49,46,36,0,131,0,0,0,131
12/12/2009,PWM,ME,ANE,EN,Combined TRACON& Tower with Radar,49,34,10,0,93,0,0,17,0,17,49,34,27,0,110,0,0,0,110
12/13/2009,PWM,ME,ANE,EN,Combined TRACON& Tower with Radar,53,29,10,0,92,0,5,21,0,26,53,34,31,0,118,12,0,12,130
12/14/2009,PWM,ME,ANE,EN,Combined TRACON& Tower with Radar,48,36,23,0,107,0,2,26,1,29,48,38,49,1,136,24,0,24,160
12/15/2009,PWM,ME,ANE,EN,Combined TRACON& Tower with Radar,50,46,19,2,117,0,0,7,2,9,50,46,26,4,126,0,0,0,126
12/16/2009,PWM,ME,ANE,EN,Combined TRACON& Tower with Radar,47,44,15,2,108,0,1,18,0,19,47,45,33,2,127,0,0,0,127
12/17/2009,PWM,ME,ANE,EN,Combined TRACON& Tower with Radar,47,48,18,2,115,2,0,26,0,28,49,48,44,2,143,0,0,0,143
12/18/2009,PWM,ME,ANE,EN,Combined TRACON& Tower with Radar,48,55,26,2,131,0,2,20,6,28,48,57,46,8,159,7,0,7,166
12/19/2009,PWM,ME,ANE,EN,Combined TRACON& Tower with Radar,32,23,14,0,69,0,2,44,0,46,32,25,58,0,115,0,0,0,115
12/20/2009,PWM,ME,ANE,EN,Combined TRACON& Tower with Radar,34,26,8,1,69,0,0,1,0,1,34,26,9,1,70,0,0,0,70
12/21/2009,PWM,ME,ANE,EN,Combined TRACON& Tower with Radar,47,47,14,0,108,0,0,24,1,25,47,47,38,1,133,14,0,14,147
12/22/2009,PWM,ME,ANE,EN,Combined TRACON& Tower with Radar,49,54,20,0,123,0,0,26,0,26,49,54,46,0,149,54,0,54,203
12/23/2009,PWM,ME,ANE,EN,Combined TRACON& Tower with Radar,48,50,21,0,119,0,1,15,0,16,48,51,36,0,135,0,0,0,135
12/24/2009,PWM,ME,ANE,EN,Combined TRACON& Tower with Radar,41,40,6,0,87,0,0,10,0,10,41,40,16,0,97,36,0,36,133
12/25/2009,PWM,ME,ANE,EN,Combined TRACON& Tower with Radar,34,26,6,0,66,0,0,5,0,5,34,26,11,0,71,0,0,0,71
12/26/2009,PWM,ME,ANE,EN,Combined TRACON& Tower with Radar,42,39,10,0,91,0,0,0,0,0,42,39,10,0,91,0,0,0,91
12/27/2009,PWM,ME,ANE,EN,Combined TRACON& Tower with Radar,44,33,10,0,87,0,0,1,0,1,44,33,11,0,88,0,0,0,88
12/28/2009,PWM,ME,ANE,EN,Combined TRACON& Tower with Radar,47,40,10,0,97,0,0,7,0,7,47,40,17,0,104,0,0,0,104
12/29/2009,PWM,ME,ANE,EN,Combined TRACON& Tower with Radar,45,41,3,0,89,0,1,0,2,3,45,42,3,2,92,0,0,0,92
12/30/2009,PWM,ME,ANE,EN,Combined TRACON& Tower with Radar,47,43,17,0,107,0,0,39,0,39,47,43,56,0,146,0,0,0,146
12/31/2009,PWM,ME,ANE,EN,Combined TRACON& Tower with Radar,41,36,1,0,78,0,0,12,0,12,41,36,13,0,90,0,0,0,90
01/01/2010,PWM,ME,ANE,EN,Combined TRACON& Tower with Radar,37,31,5,0,73,0,0,0,0,0,37,31,5,0,73,0,0,0,73
01/02/2010,PWM,ME,ANE,EN,Combined TRACON& Tower with Radar,43,44,4,0,91,0,0,0,0,0,43,44,4,0,91,0,0,0,91
01/03/2010,PWM,ME,ANE,EN,Combined TRACON& Tower with Radar,39,33,9,0,81,0,0,0,0,0,39,33,9,0,81,0,0,0,81
01/04/2010,PWM,ME,ANE,EN,Combined TRACON& Tower with Radar,49,48,16,0,113,0,2,3,0,5,49,50,19,0,118,0,0,0,118
01/05/2010,PWM,ME,ANE,EN,Combined TRACON& Tower with Radar,48,44,14,0,106,0,0,9,2,11,48,44,23,2,117,0,0,0,117
01/06/2010,PWM,ME,ANE,EN,Combined TRACON& Tower with Radar,46,47,15,0,108,0,0,30,1,31,46,47,45,1,139,44,0,44,183
01/07/2010,PWM,ME,ANE,EN,Combined TRACON& Tower with Radar,44,48,20,0,112,0,1,31,0,32,44,49,51,0,144,0,0,0,144
01/08/2010,PWM,ME,ANE,EN,Combined TRACON& Tower with Radar,50,43,15,0,108,0,0,2,0,2,50,43,17,0,110,0,0,0,110
01/09/2010,PWM,ME,ANE,EN,Combined TRACON& Tower with Radar,40,23,7,0,70,0,2,59,0,61,40,25,66,0,131,40,0,40,171
01/10/2010,PWM,ME,ANE,EN,Combined TRACON& Tower with Radar,44,33,10,0,87,0,0,34,0,34,44,33,44,0,121,40,0,40,161
01/11/2010,PWM,ME,ANE,EN,Combined TRACON& Tower with Radar,44,34,19,0,97,0,1,23,0,24,44,35,42,0,121,22,0,22,143
01/12/2010,PWM,ME,ANE,EN,Combined TRACON& Tower with Radar,47,47,22,0,116,0,4,18,0,22,47,51,40,0,138,6,0,6,144
01/13/2010,PWM,ME,ANE,EN,Combined TRACON& Tower with Radar,44,50,14,0,108,0,0,13,0,13,44,50,27,0,121,78,0,78,199
01/14/2010,PWM,ME,ANE,EN,Combined TRACON& Tower with Radar,51,50,16,0,117,0,0,33,0,33,51,50,49,0,150,0,0,0,150
01/15/2010,PWM,ME,ANE,EN,Combined TRACON& Tower with Radar,52,46,16,2,116,0,0,25,0,25,52,46,41,2,141,20,0,20,161
01/16/2010,PWM,ME,ANE,EN,Combined TRACON& Tower with Radar,43,25,18,0,86,0,0,52,0,52,43,25,70,0,138,29,0,29,167
01/17/2010,PWM,ME,ANE,EN,Combined TRACON& Tower with Radar,38,27,15,0,80,0,1,5,0,6,38,28,20,0,86,18,0,18,104
01/18/2010,PWM,ME,ANE,EN,Combined TRACON& Tower with Radar,47,42,19,0,108,0,0,0,0,0,47,42,19,0,108,0,0,0,108
01/19/2010,PWM,ME,ANE,EN,Combined TRACON& Tower with Radar,49,47,14,1,111,0,0,0,0,0,49,47,14,1,111,0,0,0,111
01/20/2010,PWM,ME,ANE,EN,Combined TRACON& Tower with Radar,48,45,33,0,126,0,1,6,0,7,48,46,39,0,133,0,0,0,133
01/21/2010,PWM,ME,ANE,EN,Combined TRACON& Tower with Radar,49,49,18,0,116,0,1,31,0,32,49,50,49,0,148,41,0,41,189
01/22/2010,PWM,ME,ANE,EN,Combined TRACON& Tower with Radar,52,45,14,0,111,0,4,37,0,41,52,49,51,0,152,35,0,35,187
01/23/2010,PWM,ME,ANE,EN,Combined TRACON& Tower with Radar,40,22,18,0,80,0,0,51,0,51,40,22,69,0,131,40,0,40,171
01/24/2010,PWM,ME,ANE,EN,Combined TRACON& Tower with Radar,43,31,15,0,89,0,2,17,0,19,43,33,32,0,108,22,0,22,130
01/25/2010,PWM,ME,ANE,EN,Combined TRACON& Tower with Radar,36,27,15,0,78,0,0,0,0,0,36,27,15,0,78,0,0,0,78
01/26/2010,PWM,ME,ANE,EN,Combined TRACON& Tower with Radar,47,46,18,1,112,0,0,10,6,16,47,46,28,7,128,6,6,12,140
01/27/2010,PWM,ME,ANE,EN,Combined TRACON& Tower with Radar,47,48,29,2,126,0,0,50,0,50,47,48,79,2,176,0,8,8,184
01/28/2010,PWM,ME,ANE,EN,Combined TRACON& Tower with Radar,49,45,27,1,122,0,0,3,3,6,49,45,30,4,128,6,0,6,134
01/29/2010,PWM,ME,ANE,EN,Combined TRACON& Tower with Radar,49,46,20,2,117,0,2,8,0,10,49,48,28,2,127,0,0,0,127
01/30/2010,PWM,ME,ANE,EN,Combined TRACON& Tower with Radar,40,21,21,0,82,0,0,32,0,32,40,21,53,0,114,9,0,9,123
01/31/2010,PWM,ME,ANE,EN,Combined TRACON& Tower with Radar,44,31,11,0,86,0,0,40,0,40,44,31,51,0,126,14,0,14,140
02/01/2010,PWM,ME,ANE,EN,Combined TRACON& Tower with Radar,49,37,12,0,98,0,0,10,0,10,49,37,22,0,108,0,0,0,108
02/02/2010,PWM,ME,ANE,EN,Combined TRACON& Tower with Radar,45,45,21,0,111,0,0,28,0,28,45,45,49,0,139,22,0,22,161
02/03/2010,PWM,ME,ANE,EN,Combined TRACON& Tower with Radar,45,44,19,0,108,0,0,5,0,5,45,44,24,0,113,0,0,0,113
02/04/2010,PWM,ME,ANE,EN,Combined TRACON& Tower with Radar,49,45,31,6,131,0,0,27,4,31,49,45,58,10,162,18,0,18,180
02/05/2010,PWM,ME,ANE,EN,Combined TRACON& Tower with Radar,43,42,16,0,101,0,2,31,0,33,43,44,47,0,134,25,0,25,159
02/06/2010,PWM,ME,ANE,EN,Combined TRACON& Tower with Radar,25,17,8,0,50,16,0,32,0,48,41,17,40,0,98,0,0,0,98
02/07/2010,PWM,ME,ANE,EN,Combined TRACON& Tower with Radar,30,28,9,0,67,0,0,10,1,11,30,28,19,1,78,12,0,12,90
02/08/2010,PWM,ME,ANE,EN,Combined TRACON& Tower with Radar,47,34,24,0,105,0,0,17,0,17,47,34,41,0,122,0,0,0,122
02/09/2010,PWM,ME,ANE,EN,Combined TRACON& Tower with Radar,37,41,13,0,91,0,4,25,0,29,37,45,38,0,120,54,0,54,174
02/10/2010,PWM,ME,ANE,EN,Combined TRACON& Tower with Radar,16,23,17,0,56,0,0,3,0,3,16,23,20,0,59,0,0,0,59
02/11/2010,PWM,ME,ANE,EN,Combined TRACON& Tower with Radar,38,33,13,2,86,0,0,18,0,18,38,33,31,2,104,5,0,5,109
02/12/2010,PWM,ME,ANE,EN,Combined TRACON& Tower with Radar,47,43,15,0,105,0,3,29,0,32,47,46,44,0,137,42,0,42,179
02/13/2010,PWM,ME,ANE,EN,Combined TRACON& Tower with Radar,44,30,12,0,86,0,0,51,0,51,44,30,63,0,137,0,0,0,137
02/14/2010,PWM,ME,ANE,EN,Combined TRACON& Tower with Radar,44,30,15,0,89,0,0,37,2,39,44,30,52,2,128,28,0,28,156
02/15/2010,PWM,ME,ANE,EN,Combined TRACON& Tower with Radar,47,36,17,0,100,0,0,21,1,22,47,36,38,1,122,36,0,36,158
02/16/2010,PWM,ME,ANE,EN,Combined TRACON& Tower with Radar,51,37,17,0,105,0,0,8,0,8,51,37,25,0,113,0,0,0,113
02/17/2010,PWM,ME,ANE,EN,Combined TRACON& Tower with Radar,50,37,14,2,103,0,0,6,0,6,50,37,20,2,109,0,0,0,109
02/18/2010,PWM,ME,ANE,EN,Combined TRACON& Tower with Radar,49,45,26,0,120,0,4,19,0,23,49,49,45,0,143,22,0,22,165
02/19/2010,PWM,ME,ANE,EN,Combined TRACON& Tower with Radar,49,38,21,2,110,0,0,18,0,18,49,38,39,2,128,14,0,14,142
02/20/2010,PWM,ME,ANE,EN,Combined TRACON& Tower with Radar,44,28,8,2,82,0,1,27,0,28,44,29,35,2,110,40,0,40,150
02/21/2010,PWM,ME,ANE,EN,Combined TRACON& Tower with Radar,44,28,16,2,90,0,4,16,1,21,44,32,32,3,111,0,0,0,111
02/22/2010,PWM,ME,ANE,EN,Combined TRACON& Tower with Radar,46,40,26,0,112,0,0,34,0,34,46,40,60,0,146,18,0,18,164
02/23/2010,PWM,ME,ANE,EN,Combined TRACON& Tower with Radar,49,42,24,0,115,0,0,0,0,0,49,42,24,0,115,0,0,0,115
02/24/2010,PWM,ME,ANE,EN,Combined TRACON& Tower with Radar,50,39,6,0,95,0,0,0,0,0,50,39,6,0,95,0,0,0,95
02/25/2010,PWM,ME,ANE,EN,Combined TRACON& Tower with Radar,34,27,10,0,71,0,0,0,0,0,34,27,10,0,71,0,0,0,71
02/26/2010,PWM,ME,ANE,EN,Combined TRACON& Tower with Radar,35,22,16,2,75,0,0,3,0,3,35,22,19,2,78,0,0,0,78
02/27/2010,PWM,ME,ANE,EN,Combined TRACON& Tower with Radar,43,24,4,0,71,0,0,0,0,0,43,24,4,0,71,0,0,0,71
02/28/2010,PWM,ME,ANE,EN,Combined TRACON& Tower with Radar,46,30,4,0,80,0,0,4,0,4,46,30,8,0,84,0,0,0,84
03/01/2010,PWM,ME,ANE,EN,Combined TRACON& Tower with Radar,45,39,16,2,102,0,1,1,0,2,45,40,17,2,104,0,0,0,104
03/02/2010,PWM,ME,ANE,EN,Combined TRACON& Tower with Radar,43,48,19,2,112,0,0,38,2,40,43,48,57,4,152,64,0,64,216
03/03/2010,PWM,ME,ANE,EN,Combined TRACON& Tower with Radar,43,48,29,2,122,0,1,13,0,14,43,49,42,2,136,140,0,140,276
03/04/2010,PWM,ME,ANE,EN,Combined TRACON& Tower with Radar,47,48,20,0,115,0,0,0,0,0,47,48,20,0,115,0,0,0,115
03/05/2010,PWM,ME,ANE,EN,Combined TRACON& Tower with Radar,48,45,16,0,109,0,3,40,0,43,48,48,56,0,152,0,0,0,152
03/06/2010,PWM,ME,ANE,EN,Combined TRACON& Tower with Radar,45,32,31,0,108,0,0,78,0,78,45,32,109,0,186,67,0,67,253
03/07/2010,PWM,ME,ANE,EN,Combined TRACON& Tower with Radar,44,34,18,0,96,12,0,40,0,52,56,34,58,0,148,30,0,30,178
03/08/2010,PWM,ME,ANE,EN,Combined TRACON& Tower with Radar,47,44,19,0,110,0,0,17,0,17,47,44,36,0,127,0,0,0,127
03/09/2010,PWM,ME,ANE,EN,Combined TRACON& Tower with Radar,49,45,15,2,111,0,0,42,2,44,49,45,57,4,155,0,0,0,155
03/10/2010,PWM,ME,ANE,EN,Combined TRACON& Tower with Radar,47,45,20,0,112,0,1,45,0,46,47,46,65,0,158,48,0,48,206
03/11/2010,PWM,ME,ANE,EN,Combined TRACON& Tower with Radar,48,46,25,0,119,0,2,20,0,22,48,48,45,0,141,10,0,10,151
03/12/2010,PWM,ME,ANE,EN,Combined TRACON& Tower with Radar,45,45,16,1,107,0,3,14,1,18,45,48,30,2,125,14,0,14,139
03/13/2010,PWM,ME,ANE,EN,Combined TRACON& Tower with Radar,38,24,8,0,70,0,4,24,0,28,38,28,32,0,98,0,0,0,98
03/14/2010,PWM,ME,ANE,EN,Combined TRACON& Tower with Radar,40,25,4,0,69,0,0,0,0,0,40,25,4,0,69,0,0,0,69
03/15/2010,PWM,ME,ANE,EN,Combined TRACON& Tower with Radar,45,39,10,0,94,0,1,3,0,4,45,40,13,0,98,0,0,0,98
03/16/2010,PWM,ME,ANE,EN,Combined TRACON& Tower with Radar,49,48,21,0,118,0,1,30,0,31,49,49,51,0,149,2,0,2,151
03/17/2010,PWM,ME,ANE,EN,Combined TRACON& Tower with Radar,50,46,29,0,125,0,0,50,0,50,50,46,79,0,175,26,0,26,201
03/18/2010,PWM,ME,ANE,EN,Combined TRACON& Tower with Radar,51,47,33,0,131,0,0,35,0,35,51,47,68,0,166,27,0,27,193
03/19/2010,PWM,ME,ANE,EN,Combined TRACON& Tower with Radar,54,46,21,2,123,0,4,40,0,44,54,50,61,2,167,8,0,8,175
03/20/2010,PWM,ME,ANE,EN,Combined TRACON& Tower with Radar,44,26,14,0,84,0,1,62,0,63,44,27,76,0,147,34,0,34,181
03/21/2010,PWM,ME,ANE,EN,Combined TRACON& Tower with Radar,45,33,16,0,94,0,0,28,0,28,45,33,44,0,122,41,0,41,163
03/22/2010,PWM,ME,ANE,EN,Combined TRACON& Tower with Radar,46,41,16,0,103,0,1,3,0,4,46,42,19,0,107,0,0,0,107
03/23/2010,PWM,ME,ANE,EN,Combined TRACON& Tower with Radar,48,46,21,0,115,0,0,0,0,0,48,46,21,0,115,6,0,6,121
03/24/2010,PWM,ME,ANE,EN,Combined TRACON& Tower with Radar,47,42,13,2,104,0,0,0,0,0,47,42,13,2,104,0,0,0,104
03/25/2010,PWM,ME,ANE,EN,Combined TRACON& Tower with Radar,45,50,19,2,116,0,1,47,0,48,45,51,66,2,164,26,0,26,190
03/26/2010,PWM,ME,ANE,EN,Combined TRACON& Tower with Radar,49,48,13,1,111,0,0,11,0,11,49,48,24,1,122,0,0,0,122
03/27/2010,PWM,ME,ANE,EN,Combined TRACON& Tower with Radar,44,24,24,1,93,0,2,63,3,68,44,26,87,4,161,36,0,36,197
03/28/2010,PWM,ME,ANE,EN,Combined TRACON& Tower with Radar,41,40,6,0,87,0,0,16,0,16,41,40,22,0,103,0,0,0,103
03/29/2010,PWM,ME,ANE,EN,Combined TRACON& Tower with Radar,45,39,16,0,100,0,0,0,0,0,45,39,16,0,100,0,0,0,100
03/30/2010,PWM,ME,ANE,EN,Combined TRACON& Tower with Radar,44,49,11,0,104,0,0,0,0,0,44,49,11,0,104,0,0,0,104
03/31/2010,PWM,ME,ANE,EN,Combined TRACON& Tower with Radar,40,56,27,1,124,0,0,0,1,1,40,56,27,2,125,0,12,12,137
04/01/2010,PWM,ME,ANE,EN,Combined TRACON& Tower with Radar,46,48,24,1,119,0,0,14,5,19,46,48,38,6,138,14,12,26,164
04/02/2010,PWM,ME,ANE,EN,Combined TRACON& Tower with Radar,45,53,23,0,121,0,3,71,0,74,45,56,94,0,195,30,0,30,225
04/03/2010,PWM,ME,ANE,EN,Combined TRACON& Tower with Radar,41,27,16,0,84,0,0,61,0,61,41,27,77,0,145,50,0,50,195
04/04/2010,PWM,ME,ANE,EN,Combined TRACON& Tower with Radar,46,31,9,2,88,0,1,26,0,27,46,32,35,2,115,0,0,0,115
04/05/2010,PWM,ME,ANE,EN,Combined TRACON& Tower with Radar,45,41,23,0,109,0,2,19,0,21,45,43,42,0,130,0,0,0,130
04/06/2010,PWM,ME,ANE,EN,Combined TRACON& Tower with Radar,48,50,32,0,130,0,2,17,0,19,48,52,49,0,149,24,0,24,173
04/07/2010,PWM,ME,ANE,EN,Combined TRACON& Tower with Radar,48,47,24,0,119,0,0,29,2,31,48,47,53,2,150,2,0,2,152
04/08/2010,PWM,ME,ANE,EN,Combined TRACON& Tower with Radar,48,52,28,0,128,0,1,7,0,8,48,53,35,0,136,0,0,0,136
04/09/2010,PWM,ME,ANE,EN,Combined TRACON& Tower with Radar,51,48,26,6,131,0,0,0,0,0,51,48,26,6,131,0,0,0,131
04/10/2010,PWM,ME,ANE,EN,Combined TRACON& Tower with Radar,45,28,9,0,82,0,4,26,0,30,45,32,35,0,112,8,0,8,120
04/11/2010,PWM,ME,ANE,EN,Combined TRACON& Tower with Radar,47,33,11,0,91,0,0,33,0,33,47,33,44,0,124,9,0,9,133
04/12/2010,PWM,ME,ANE,EN,Combined TRACON& Tower with Radar,48,47,22,0,117,0,0,34,3,37,48,47,56,3,154,0,0,0,154
04/13/2010,PWM,ME,ANE,EN,Combined TRACON& Tower with Radar,49,49,24,0,122,0,2,39,0,41,49,51,63,0,163,0,0,0,163
04/14/2010,PWM,ME,ANE,EN,Combined TRACON& Tower with Radar,51,45,13,0,109,0,1,42,0,43,51,46,55,0,152,24,0,24,176
04/15/2010,PWM,ME,ANE,EN,Combined TRACON& Tower with Radar,52,47,26,0,125,0,0,46,0,46,52,47,72,0,171,16,0,16,187
04/16/2010,PWM,ME,ANE,EN,Combined TRACON& Tower with Radar,51,49,22,0,122,0,0,3,0,3,51,49,25,0,125,0,0,0,125
04/17/2010,PWM,ME,ANE,EN,Combined TRACON& Tower with Radar,47,30,10,0,87,0,0,0,0,0,47,30,10,0,87,0,0,0,87
04/18/2010,PWM,ME,ANE,EN,Combined TRACON& Tower with Radar,45,34,12,0,91,0,0,11,0,11,45,34,23,0,102,0,0,0,102
04/19/2010,PWM,ME,ANE,EN,Combined TRACON& Tower with Radar,48,41,19,0,108,0,1,19,4,24,48,42,38,4,132,0,0,0,132
04/20/2010,PWM,ME,ANE,EN,Combined TRACON& Tower with Radar,49,49,21,0,119,0,0,22,0,22,49,49,43,0,141,12,0,12,153
04/21/2010,PWM,ME,ANE,EN,Combined TRACON& Tower with Radar,46,50,17,0,113,0,0,41,0,41,46,50,58,0,154,8,0,8,162
04/22/2010,PWM,ME,ANE,EN,Combined TRACON& Tower with Radar,48,47,23,0,118,0,0,22,0,22,48,47,45,0,140,5,0,5,145
04/23/2010,PWM,ME,ANE,EN,Combined TRACON& Tower with Radar,49,52,17,0,118,0,0,31,2,33,49,52,48,2,151,16,0,16,167
04/24/2010,PWM,ME,ANE,EN,Combined TRACON& Tower with Radar,49,29,10,3,91,0,0,55,0,55,49,29,65,3,146,38,0,38,184
04/25/2010,PWM,ME,ANE,EN,Combined TRACON& Tower with Radar,41,31,18,0,90,0,0,41,0,41,41,31,59,0,131,58,0,58,189
04/26/2010,PWM,ME,ANE,EN,Combined TRACON& Tower with Radar,47,42,17,0,106,0,1,18,0,19,47,43,35,0,125,0,0,0,125
04/27/2010,PWM,ME,ANE,EN,Combined TRACON& Tower with Radar,48,46,21,0,115,0,0,0,0,0,48,46,21,0,115,0,0,0,115
04/28/2010,PWM,ME,ANE,EN,Combined TRACON& Tower with Radar,46,48,29,0,123,0,0,1,0,1,46,48,30,0,124,0,0,0,124
04/29/2010,PWM,ME,ANE,EN,Combined TRACON& Tower with Radar,48,52,25,0,125,0,0,12,0,12,48,52,37,0,137,0,0,0,137
04/30/2010,PWM,ME,ANE,EN,Combined TRACON& Tower with Radar,48,48,20,0,116,0,0,41,0,41,48,48,61,0,157,0,0,0,157
05/01/2010,PWM,ME,ANE,EN,Combined TRACON& Tower with Radar,46,26,17,0,89,0,0,50,1,51,46,26,67,1,140,35,0,35,175
05/02/2010,PWM,ME,ANE,EN,Combined TRACON& Tower with Radar,44,32,15,0,91,0,2,42,0,44,44,34,57,0,135,0,0,0,135
05/03/2010,PWM,ME,ANE,EN,Combined TRACON& Tower with Radar,47,41,19,0,107,0,0,9,0,9,47,41,28,0,116,0,0,0,116
05/04/2010,PWM,ME,ANE,EN,Combined TRACON& Tower with Radar,49,43,23,0,115,0,0,21,0,21,49,43,44,0,136,4,0,4,140
05/05/2010,PWM,ME,ANE,EN,Combined TRACON& Tower with Radar,51,42,28,0,121,0,0,44,0,44,51,42,72,0,165,30,0,30,195
05/06/2010,PWM,ME,ANE,EN,Combined TRACON& Tower with Radar,52,49,25,0,126,0,0,7,0,7,52,49,32,0,133,0,0,0,133
05/07/2010,PWM,ME,ANE,EN,Combined TRACON& Tower with Radar,51,49,32,0,132,0,0,37,0,37,51,49,69,0,169,0,0,0,169
05/08/2010,PWM,ME,ANE,EN,Combined TRACON& Tower with Radar,44,26,12,0,82,0,0,2,0,2,44,26,14,0,84,0,0,0,84
05/09/2010,PWM,ME,ANE,EN,Combined TRACON& Tower with Radar,47,31,10,0,88,0,0,8,0,8,47,31,18,0,96,0,0,0,96
05/10/2010,PWM,ME,ANE,EN,Combined TRACON& Tower with Radar,53,50,20,0,123,0,0,28,0,28,53,50,48,0,151,14,0,14,165
05/11/2010,PWM,ME,ANE,EN,Combined TRACON& Tower with Radar,51,44,30,0,125,0,3,50,1,54,51,47,80,1,179,60,0,60,239
05/12/2010,PWM,ME,ANE,EN,Combined TRACON& Tower with Radar,50,36,29,0,115,0,3,27,0,30,50,39,56,0,145,30,0,30,175
05/13/2010,PWM,ME,ANE,EN,Combined TRACON& Tower with Radar,52,52,17,0,121,0,2,71,4,77,52,54,88,4,198,6,0,6,204
05/14/2010,PWM,ME,ANE,EN,Combined TRACON& Tower with Radar,50,48,17,0,115,0,3,17,1,21,50,51,34,1,136,20,0,20,156
05/15/2010,PWM,ME,ANE,EN,Combined TRACON& Tower with Radar,49,29,12,0,90,0,5,24,0,29,49,34,36,0,119,16,0,16,135
05/16/2010,PWM,ME,ANE,EN,Combined TRACON& Tower with Radar,50,30,8,0,88,0,8,34,0,42,50,38,42,0,130,0,0,0,130
05/17/2010,PWM,ME,ANE,EN,Combined TRACON& Tower with Radar,52,40,16,0,108,0,2,46,3,51,52,42,62,3,159,104,0,104,263
05/18/2010,PWM,ME,ANE,EN,Combined TRACON& Tower with Radar,50,45,24,0,119,0,3,46,2,51,50,48,70,2,170,6,0,6,176
05/19/2010,PWM,ME,ANE,EN,Combined TRACON& Tower with Radar,51,52,21,0,124,0,0,0,0,0,51,52,21,0,124,0,0,0,124
05/20/2010,PWM,ME,ANE,EN,Combined TRACON& Tower with Radar,55,53,32,0,140,0,1,42,1,44,55,54,74,1,184,0,0,0,184
05/21/2010,PWM,ME,ANE,EN,Combined TRACON& Tower with Radar,49,51,24,0,124,0,0,60,1,61,49,51,84,1,185,26,0,26,211
05/22/2010,PWM,ME,ANE,EN,Combined TRACON& Tower with Radar,49,34,17,1,101,0,1,56,2,59,49,35,73,3,160,32,0,32,192
05/23/2010,PWM,ME,ANE,EN,Combined TRACON& Tower with Radar,45,32,18,1,96,0,0,26,0,26,45,32,44,1,122,0,0,0,122
05/24/2010,PWM,ME,ANE,EN,Combined TRACON& Tower with Radar,48,49,16,1,114,0,5,31,0,36,48,54,47,1,150,0,0,0,150
05/25/2010,PWM,ME,ANE,EN,Combined TRACON& Tower with Radar,52,55,27,1,135,0,0,35,0,35,52,55,62,1,170,0,0,0,170
05/26/2010,PWM,ME,ANE,EN,Combined TRACON& Tower with Radar,51,49,28,0,128,0,0,34,2,36,51,49,62,2,164,0,0,0,164
05/27/2010,PWM,ME,ANE,EN,Combined TRACON& Tower with Radar,51,52,34,0,137,0,0,65,2,67,51,52,99,2,204,28,0,28,232
05/28/2010,PWM,ME,ANE,EN,Combined TRACON& Tower with Radar,53,54,25,0,132,0,4,51,2,57,53,58,76,2,189,12,0,12,201
05/29/2010,PWM,ME,ANE,EN,Combined TRACON& Tower with Radar,50,34,13,0,97,0,0,46,0,46,50,34,59,0,143,12,0,12,155
05/30/2010,PWM,ME,ANE,EN,Combined TRACON& Tower with Radar,43,31,9,0,83,0,0,33,0,33,43,31,42,0,116,42,0,42,158
05/31/2010,PWM,ME,ANE,EN,Combined TRACON& Tower with Radar,43,51,25,0,119,0,0,18,6,24,43,51,43,6,143,0,0,0,143
06/01/2010,PWM,ME,ANE,EN,Combined TRACON& Tower with Radar,50,48,21,0,119,0,0,5,0,5,50,48,26,0,124,0,0,0,124
06/02/2010,PWM,ME,ANE,EN,Combined TRACON& Tower with Radar,53,49,39,5,146,0,1,11,0,12,53,50,50,5,158,6,0,6,164
06/03/2010,PWM,ME,ANE,EN,Combined TRACON& Tower with Radar,50,50,12,1,113,0,0,0,0,0,50,50,12,1,113,0,0,0,113
06/04/2010,PWM,ME,ANE,EN,Combined TRACON& Tower with Radar,53,53,31,0,137,0,0,35,0,35,53,53,66,0,172,18,0,18,190
06/05/2010,PWM,ME,ANE,EN,Combined TRACON& Tower with Radar,54,38,18,0,110,0,0,11,0,11,54,38,29,0,121,12,0,12,133
06/06/2010,PWM,ME,ANE,EN,Combined TRACON& Tower with Radar,48,36,16,0,100,0,0,0,0,0,48,36,16,0,100,0,0,0,100
06/07/2010,PWM,ME,ANE,EN,Combined TRACON& Tower with Radar,58,51,22,1,132,0,5,42,0,47,58,56,64,1,179,10,0,10,189
06/08/2010,PWM,ME,ANE,EN,Combined TRACON& Tower with Radar,55,55,23,1,134,0,3,23,0,26,55,58,46,1,160,0,0,0,160
06/09/2010,PWM,ME,ANE,EN,Combined TRACON& Tower with Radar,53,54,39,0,146,0,1,59,0,60,53,55,98,0,206,35,0,35,241
06/10/2010,PWM,ME,ANE,EN,Combined TRACON& Tower with Radar,56,49,26,0,131,0,0,0,0,0,56,49,26,0,131,0,0,0,131
06/11/2010,PWM,ME,ANE,EN,Combined TRACON& Tower with Radar,57,57,31,9,154,0,1,60,5,66,57,58,91,14,220,0,0,0,220
06/12/2010,PWM,ME,ANE,EN,Combined TRACON& Tower with Radar,63,30,16,1,110,0,0,63,1,64,63,30,79,2,174,280,0,280,454
06/13/2010,PWM,ME,ANE,EN,Combined TRACON& Tower with Radar,49,35,31,7,122,0,0,0,0,0,49,35,31,7,122,0,0,0,122
06/14/2010,PWM,ME,ANE,EN,Combined TRACON& Tower with Radar,56,49,38,0,143,0,3,17,1,21,56,52,55,1,164,0,0,0,164
06/15/2010,PWM,ME,ANE,EN,Combined TRACON& Tower with Radar,57,53,24,0,134,0,0,69,0,69,57,53,93,0,203,0,0,0,203
06/16/2010,PWM,ME,ANE,EN,Combined TRACON& Tower with Radar,60,48,43,0,151,0,2,43,2,47,60,50,86,2,198,12,0,12,210
06/17/2010,PWM,ME,ANE,EN,Combined TRACON& Tower with Radar,59,53,33,0,145,0,0,8,0,8,59,53,41,0,153,7,0,7,160
06/18/2010,PWM,ME,ANE,EN,Combined TRACON& Tower with Radar,58,48,25,0,131,0,1,79,0,80,58,49,104,0,211,0,0,0,211
06/19/2010,PWM,ME,ANE,EN,Combined TRACON& Tower with Radar,67,35,8,0,110,0,4,61,2,67,67,39,69,2,177,0,0,0,177
06/20/2010,PWM,ME,ANE,EN,Combined TRACON& Tower with Radar,62,36,15,0,113,0,1,28,0,29,62,37,43,0,142,0,0,0,142
06/21/2010,PWM,ME,ANE,EN,Combined TRACON& Tower with Radar,55,45,10,0,110,0,0,42,0,42,55,45,52,0,152,0,0,0,152
06/22/2010,PWM,ME,ANE,EN,Combined TRACON& Tower with Radar,54,52,32,1,139,0,0,55,4,59,54,52,87,5,198,0,0,0,198
06/23/2010,PWM,ME,ANE,EN,Combined TRACON& Tower with Radar,57,47,32,0,136,0,0,4,3,7,57,47,36,3,143,18,0,18,161
06/24/2010,PWM,ME,ANE,EN,Combined TRACON& Tower with Radar,55,51,19,0,125,0,1,17,0,18,55,52,36,0,143,18,0,18,161
06/25/2010,PWM,ME,ANE,EN,Combined TRACON& Tower with Radar,60,67,32,0,159,0,4,54,0,58,60,71,86,0,217,18,0,18,235
06/26/2010,PWM,ME,ANE,EN,Combined TRACON& Tower with Radar,67,36,13,0,116,0,0,48,0,48,67,36,61,0,164,33,0,33,197
06/27/2010,PWM,ME,ANE,EN,Combined TRACON& Tower with Radar,56,36,28,0,120,0,1,41,0,42,56,37,69,0,162,0,0,0,162
06/28/2010,PWM,ME,ANE,EN,Combined TRACON& Tower with Radar,58,50,21,0,129,0,1,19,0,20,58,51,40,0,149,8,0,8,157
06/29/2010,PWM,ME,ANE,EN,Combined TRACON& Tower with Radar,56,53,28,0,137,0,2,30,1,33,56,55,58,1,170,4,0,4,174
06/30/2010,PWM,ME,ANE,EN,Combined TRACON& Tower with Radar,53,52,35,0,140,0,1,57,0,58,53,53,92,0,198,0,0,0,198
07/01/2010,PWM,ME,ANE,EN,Combined TRACON& Tower with Radar,57,64,50,0,171,0,2,50,0,52,57,66,100,0,223,40,0,40,263
07/02/2010,PWM,ME,ANE,EN,Combined TRACON& Tower with Radar,58,61,26,2,147,0,7,84,3,94,58,68,110,5,241,38,0,38,279
07/03/2010,PWM,ME,ANE,EN,Combined TRACON& Tower with Radar,59,42,15,0,116,0,1,56,0,57,59,43,71,0,173,47,0,47,220
07/04/2010,PWM,ME,ANE,EN,Combined TRACON& Tower with Radar,46,38,17,0,101,0,4,59,0,63,46,42,76,0,164,13,0,13,177
07/05/2010,PWM,ME,ANE,EN,Combined TRACON& Tower with Radar,52,58,28,0,138,0,8,81,0,89,52,66,109,0,227,14,0,14,241
07/06/2010,PWM,ME,ANE,EN,Combined TRACON& Tower with Radar,54,50,46,0,150,0,0,46,2,48,54,50,92,2,198,22,0,22,220
07/07/2010,PWM,ME,ANE,EN,Combined TRACON& Tower with Radar,56,55,36,0,147,0,0,56,0,56,56,55,92,0,203,0,0,0,203
07/08/2010,PWM,ME,ANE,EN,Combined TRACON& Tower with Radar,56,58,34,1,149,0,4,35,2,41,56,62,69,3,190,0,0,0,190
07/09/2010,PWM,ME,ANE,EN,Combined TRACON& Tower with Radar,54,56,41,0,151,0,0,55,0,55,54,56,96,0,206,0,0,0,206
07/10/2010,PWM,ME,ANE,EN,Combined TRACON& Tower with Radar,62,39,14,0,115,0,0,2,0,2,62,39,16,0,117,16,0,16,133
07/11/2010,PWM,ME,ANE,EN,Combined TRACON& Tower with Radar,55,51,45,0,151,0,2,32,2,36,55,53,77,2,187,10,0,10,197
07/12/2010,PWM,ME,ANE,EN,Combined TRACON& Tower with Radar,52,51,25,0,128,0,0,41,0,41,52,51,66,0,169,0,0,0,169
07/13/2010,PWM,ME,ANE,EN,Combined TRACON& Tower with Radar,50,55,33,0,138,0,0,17,0,17,50,55,50,0,155,0,0,0,155
07/14/2010,PWM,ME,ANE,EN,Combined TRACON& Tower with Radar,54,51,36,0,141,0,0,3,0,3,54,51,39,0,144,0,0,0,144
07/15/2010,PWM,ME,ANE,EN,Combined TRACON& Tower with Radar,56,60,42,0,158,0,0,55,0,55,56,60,97,0,213,23,0,23,236
07/16/2010,PWM,ME,ANE,EN,Combined TRACON& Tower with Radar,57,59,44,0,160,0,1,13,0,14,57,60,57,0,174,6,0,6,180
07/17/2010,PWM,ME,ANE,EN,Combined TRACON& Tower with Radar,66,43,27,0,136,0,6,70,0,76,66,49,97,0,212,60,0,60,272
07/18/2010,PWM,ME,ANE,EN,Combined TRACON& Tower with Radar,57,48,28,0,133,0,3,76,0,79,57,51,104,0,212,0,0,0,212
07/19/2010,PWM,ME,ANE,EN,Combined TRACON& Tower with Radar,51,66,41,0,158,0,4,33,0,37,51,70,74,0,195,0,0,0,195
07/20/2010,PWM,ME,ANE,EN,Combined TRACON& Tower with Radar,60,52,30,0,142,0,3,36,0,39,60,55,66,0,181,28,0,28,209
07/21/2010,PWM,ME,ANE,EN,Combined TRACON& Tower with Radar,58,51,27,4,140,0,0,31,0,31,58,51,58,4,171,0,0,0,171
07/22/2010,PWM,ME,ANE,EN,Combined TRACON& Tower with Radar,60,84,42,2,188,0,0,64,2,66,60,84,106,4,254,0,0,0,254
07/23/2010,PWM,ME,ANE,EN,Combined TRACON& Tower with Radar,54,69,51,0,174,0,1,57,3,61,54,70,108,3,235,35,0,35,270
07/24/2010,PWM,ME,ANE,EN,Combined TRACON& Tower with Radar,62,57,43,0,162,0,1,10,0,11,62,58,53,0,173,12,0,12,185
07/25/2010,PWM,ME,ANE,EN,Combined TRACON& Tower with Radar,57,52,28,0,137,0,1,42,0,43,57,53,70,0,180,0,0,0,180
07/26/2010,PWM,ME,ANE,EN,Combined TRACON& Tower with Radar,55,50,31,0,136,0,0,43,0,43,55,50,74,0,179,12,0,12,191
07/27/2010,PWM,ME,ANE,EN,Combined TRACON& Tower with Radar,58,62,31,0,151,0,2,60,0,62,58,64,91,0,213,66,0,66,279
07/28/2010,PWM,ME,ANE,EN,Combined TRACON& Tower with Radar,58,52,33,0,143,0,0,51,1,52,58,52,84,1,195,74,0,74,269
07/29/2010,PWM,ME,ANE,EN,Combined TRACON& Tower with Radar,54,50,28,0,132,0,3,34,0,37,54,53,62,0,169,24,0,24,193
07/30/2010,PWM,ME,ANE,EN,Combined TRACON& Tower with Radar,60,65,38,0,163,0,2,71,3,76,60,67,109,3,239,66,0,66,305
07/31/2010,PWM,ME,ANE,EN,Combined TRACON& Tower with Radar,65,42,35,5,147,0,4,63,0,67,65,46,98,5,214,82,4,86,300
08/01/2010,PWM,ME,ANE,EN,Combined TRACON& Tower with Radar,57,55,30,2,144,0,2,88,0,90,57,57,118,2,234,30,0,30,264
08/02/2010,PWM,ME,ANE,EN,Combined TRACON& Tower with Radar,59,60,35,0,154,0,3,35,1,39,59,63,70,1,193,10,0,10,203
08/03/2010,PWM,ME,ANE,EN,Combined TRACON& Tower with Radar,59,58,41,0,158,0,1,45,0,46,59,59,86,0,204,0,0,0,204
08/04/2010,PWM,ME,ANE,EN,Combined TRACON& Tower with Radar,56,54,31,0,141,0,1,33,0,34,56,55,64,0,175,12,0,12,187
08/05/2010,PWM,ME,ANE,EN,Combined TRACON& Tower with Radar,56,63,44,0,163,0,2,11,0,13,56,65,55,0,176,0,0,0,176
08/06/2010,PWM,ME,ANE,EN,Combined TRACON& Tower with Radar,56,63,46,0,165,0,0,69,0,69,56,63,115,0,234,22,0,22,256
08/07/2010,PWM,ME,ANE,EN,Combined TRACON& Tower with Radar,64,36,26,0,126,0,5,61,0,66,64,41,87,0,192,62,0,62,254
08/08/2010,PWM,ME,ANE,EN,Combined TRACON& Tower with Radar,63,48,28,0,139,0,5,53,2,60,63,53,81,2,199,0,0,0,199
08/09/2010,PWM,ME,ANE,EN,Combined TRACON& Tower with Radar,58,58,31,2,149,0,5,24,0,29,58,63,55,2,178,0,0,0,178
08/10/2010,PWM,ME,ANE,EN,Combined TRACON& Tower with Radar,61,55,32,0,148,0,2,42,2,46,61,57,74,2,194,20,0,20,214
08/11/2010,PWM,ME,ANE,EN,Combined TRACON& Tower with Radar,57,56,23,2,138,0,0,69,2,71,57,56,92,4,209,26,0,26,235
08/12/2010,PWM,ME,ANE,EN,Combined TRACON& Tower with Radar,55,57,40,0,152,0,1,57,0,58,55,58,97,0,210,4,2,6,216
08/13/2010,PWM,ME,ANE,EN,Combined TRACON& Tower with Radar,63,65,29,0,157,0,2,56,1,59,63,67,85,1,216,38,0,38,254
08/14/2010,PWM,ME,ANE,EN,Combined TRACON& Tower with Radar,64,49,32,2,147,0,7,55,1,63,64,56,87,3,210,70,0,70,280
08/15/2010,PWM,ME,ANE,EN,Combined TRACON& Tower with Radar,56,50,51,0,157,0,3,75,0,78,56,53,126,0,235,0,0,0,235
08/16/2010,PWM,ME,ANE,EN,Combined TRACON& Tower with Radar,57,51,47,0,155,0,0,0,0,0,57,51,47,0,155,0,0,0,155
08/17/2010,PWM,ME,ANE,EN,Combined TRACON& Tower with Radar,64,63,46,2,175,0,0,50,0,50,64,63,96,2,225,22,0,22,247
08/18/2010,PWM,ME,ANE,EN,Combined TRACON& Tower with Radar,58,58,44,0,160,0,3,76,0,79,58,61,120,0,239,32,0,32,271
08/19/2010,PWM,ME,ANE,EN,Combined TRACON& Tower with Radar,59,67,37,1,164,0,1,76,0,77,59,68,113,1,241,10,0,10,251
08/20/2010,PWM,ME,ANE,EN,Combined TRACON& Tower with Radar,59,59,38,4,160,0,3,84,3,90,59,62,122,7,250,6,10,16,266
08/21/2010,PWM,ME,ANE,EN,Combined TRACON& Tower with Radar,66,46,33,0,145,0,0,83,0,83,66,46,116,0,228,12,0,12,240
08/22/2010,PWM,ME,ANE,EN,Combined TRACON& Tower with Radar,53,39,41,0,133,0,0,38,0,38,53,39,79,0,171,0,0,0,171
08/23/2010,PWM,ME,ANE,EN,Combined TRACON& Tower with Radar,55,62,29,0,146,0,4,8,0,12,55,66,37,0,158,0,0,0,158
08/24/2010,PWM,ME,ANE,EN,Combined TRACON& Tower with Radar,60,57,34,0,151,0,2,33,1,36,60,59,67,1,187,0,0,0,187
08/25/2010,PWM,ME,ANE,EN,Combined TRACON& Tower with Radar,52,41,31,0,124,0,0,0,0,0,52,41,31,0,124,0,0,0,124
08/26/2010,PWM,ME,ANE,EN,Combined TRACON& Tower with Radar,59,62,46,0,167,0,2,61,1,64,59,64,107,1,231,46,0,46,277
08/27/2010,PWM,ME,ANE,EN,Combined TRACON& Tower with Radar,61,67,41,0,169,0,0,70,0,70,61,67,111,0,239,2,0,2,241
08/28/2010,PWM,ME,ANE,EN,Combined TRACON& Tower with Radar,61,48,18,0,127,0,6,77,0,83,61,54,95,0,210,17,0,17,227
08/29/2010,PWM,ME,ANE,EN,Combined TRACON& Tower with Radar,59,42,25,0,126,0,3,61,0,64,59,45,86,0,190,12,0,12,202
08/30/2010,PWM,ME,ANE,EN,Combined TRACON& Tower with Radar,57,58,32,0,147,0,2,42,0,44,57,60,74,0,191,8,0,8,199
08/31/2010,PWM,ME,ANE,EN,Combined TRACON& Tower with Radar,59,55,23,0,137,0,0,49,0,49,59,55,72,0,186,0,0,0,186
09/01/2010,PWM,ME,ANE,EN,Combined TRACON& Tower with Radar,59,53,39,0,151,0,2,69,0,71,59,55,108,0,222,24,0,24,246
09/02/2010,PWM,ME,ANE,EN,Combined TRACON& Tower with Radar,61,60,37,0,158,0,0,51,0,51,61,60,88,0,209,20,0,20,229
09/03/2010,PWM,ME,ANE,EN,Combined TRACON& Tower with Radar,70,68,36,0,174,0,1,42,0,43,70,69,78,0,217,20,0,20,237
09/04/2010,PWM,ME,ANE,EN,Combined TRACON& Tower with Radar,59,42,15,2,118,0,0,15,2,17,59,42,30,4,135,43,0,43,178
09/05/2010,PWM,ME,ANE,EN,Combined TRACON& Tower with Radar,52,35,17,0,104,0,2,17,4,23,52,37,34,4,127,0,0,0,127
09/06/2010,PWM,ME,ANE,EN,Combined TRACON& Tower with Radar,55,46,23,0,124,0,1,72,1,74,55,47,95,1,198,24,0,24,222
09/07/2010,PWM,ME,ANE,EN,Combined TRACON& Tower with Radar,55,53,26,0,134,0,1,32,0,33,55,54,58,0,167,36,0,36,203
09/08/2010,PWM,ME,ANE,EN,Combined TRACON& Tower with Radar,53,61,15,0,129,0,0,18,0,18,53,61,33,0,147,34,0,34,181
09/09/2010,PWM,ME,ANE,EN,Combined TRACON& Tower with Radar,53,60,28,1,142,0,1,26,3,30,53,61,54,4,172,22,0,22,194
09/10/2010,PWM,ME,ANE,EN,Combined TRACON& Tower with Radar,54,58,37,0,149,0,2,33,2,37,54,60,70,2,186,34,0,34,220
09/11/2010,PWM,ME,ANE,EN,Combined TRACON& Tower with Radar,51,33,11,8,103,0,1,58,2,61,51,34,69,10,164,8,6,14,178
09/12/2010,PWM,ME,ANE,EN,Combined TRACON& Tower with Radar,52,41,44,0,137,0,0,37,0,37,52,41,81,0,174,0,0,0,174
09/13/2010,PWM,ME,ANE,EN,Combined TRACON& Tower with Radar,51,48,33,1,133,0,1,2,2,5,51,49,35,3,138,6,0,6,144
09/14/2010,PWM,ME,ANE,EN,Combined TRACON& Tower with Radar,54,52,33,2,141,0,0,23,2,25,54,52,56,4,166,46,0,46,212
09/15/2010,PWM,ME,ANE,EN,Combined TRACON& Tower with Radar,52,52,26,0,130,0,0,42,0,42,52,52,68,0,172,30,0,30,202
09/16/2010,PWM,ME,ANE,EN,Combined TRACON& Tower with Radar,51,54,38,1,144,0,1,67,0,68,51,55,105,1,212,34,0,34,246
09/17/2010,PWM,ME,ANE,EN,Combined TRACON& Tower with Radar,52,53,51,0,156,0,0,14,0,14,52,53,65,0,170,43,0,43,213
09/18/2010,PWM,ME,ANE,EN,Combined TRACON& Tower with Radar,51,29,14,0,94,0,0,65,0,65,51,29,79,0,159,60,0,60,219
09/19/2010,PWM,ME,ANE,EN,Combined TRACON& Tower with Radar,55,42,24,0,121,0,0,44,2,46,55,42,68,2,167,32,0,32,199
09/20/2010,PWM,ME,ANE,EN,Combined TRACON& Tower with Radar,50,52,35,1,138,0,3,33,0,36,50,55,68,1,174,0,0,0,174
09/21/2010,PWM,ME,ANE,EN,Combined TRACON& Tower with Radar,54,50,38,1,143,0,2,44,1,47,54,52,82,2,190,28,0,28,218
09/22/2010,PWM,ME,ANE,EN,Combined TRACON& Tower with Radar,50,57,20,1,128,0,2,27,0,29,50,59,47,1,157,0,0,0,157
09/23/2010,PWM,ME,ANE,EN,Combined TRACON& Tower with Radar,55,59,40,1,155,0,5,49,0,54,55,64,89,1,209,8,0,8,217
09/24/2010,PWM,ME,ANE,EN,Combined TRACON& Tower with Radar,51,54,44,2,151,0,0,10,3,13,51,54,54,5,164,0,0,0,164
09/25/2010,PWM,ME,ANE,EN,Combined TRACON& Tower with Radar,55,34,19,0,108,0,0,32,0,32,55,34,51,0,140,27,0,27,167
09/26/2010,PWM,ME,ANE,EN,Combined TRACON& Tower with Radar,53,41,42,0,136,0,0,6,0,6,53,41,48,0,142,0,0,0,142
09/27/2010,PWM,ME,ANE,EN,Combined TRACON& Tower with Radar,49,45,30,0,124,0,0,0,0,0,49,45,30,0,124,0,0,0,124
09/28/2010,PWM,ME,ANE,EN,Combined TRACON& Tower with Radar,44,41,23,0,108,0,0,0,0,0,44,41,23,0,108,0,0,0,108
09/29/2010,PWM,ME,ANE,EN,Combined TRACON& Tower with Radar,53,53,37,0,143,0,1,37,0,38,53,54,74,0,181,40,0,40,221
09/30/2010,PWM,ME,ANE,EN,Combined TRACON& Tower with Radar,49,47,20,0,116,0,0,2,0,2,49,47,22,0,118,0,0,0,118
10/01/2010,PWM,ME,ANE,EN,Combined TRACON& Tower with Radar,52,49,24,0,125,0,0,0,0,0,52,49,24,0,125,0,0,0,125
10/02/2010,PWM,ME,ANE,EN,Combined TRACON& Tower with Radar,51,41,21,0,113,0,1,55,0,56,51,42,76,0,169,0,0,0,169
10/03/2010,PWM,ME,ANE,EN,Combined TRACON& Tower with Radar,53,45,23,0,121,0,1,60,0,61,53,46,83,0,182,56,0,56,238
10/04/2010,PWM,ME,ANE,EN,Combined TRACON& Tower with Radar,45,43,19,0,107,0,0,28,4,32,45,43,47,4,139,0,0,0,139
10/05/2010,PWM,ME,ANE,EN,Combined TRACON& Tower with Radar,51,53,29,0,133,0,0,33,0,33,51,53,62,0,166,0,0,0,166
10/06/2010,PWM,ME,ANE,EN,Combined TRACON& Tower with Radar,51,53,29,0,133,0,1,5,0,6,51,54,34,0,139,0,0,0,139
10/07/2010,PWM,ME,ANE,EN,Combined TRACON& Tower with Radar,53,64,25,3,145,0,2,9,4,15,53,66,34,7,160,0,0,0,160
10/08/2010,PWM,ME,ANE,EN,Combined TRACON& Tower with Radar,54,63,23,0,140,0,0,28,0,28,54,63,51,0,168,12,0,12,180
10/09/2010,PWM,ME,ANE,EN,Combined TRACON& Tower with Radar,51,40,13,1,105,0,5,39,1,45,51,45,52,2,150,4,0,4,154
10/10/2010,PWM,ME,ANE,EN,Combined TRACON& Tower with Radar,54,44,24,0,122,0,2,36,1,39,54,46,60,1,161,10,0,10,171
10/11/2010,PWM,ME,ANE,EN,Combined TRACON& Tower with Radar,52,46,30,0,128,0,0,38,2,40,52,46,68,2,168,0,0,0,168
10/12/2010,PWM,ME,ANE,EN,Combined TRACON& Tower with Radar,53,57,23,0,133,0,2,23,0,25,53,59,46,0,158,14,0,14,172
10/13/2010,PWM,ME,ANE,EN,Combined TRACON& Tower with Radar,53,52,26,1,132,0,3,73,2,78,53,55,99,3,210,38,0,38,248
10/14/2010,PWM,ME,ANE,EN,Combined TRACON& Tower with Radar,51,57,41,0,149,0,1,28,0,29,51,58,69,0,178,38,0,38,216
10/15/2010,PWM,ME,ANE,EN,Combined TRACON& Tower with Radar,53,50,16,0,119,0,0,0,0,0,53,50,16,0,119,0,0,0,119
10/16/2010,PWM,ME,ANE,EN,Combined TRACON& Tower with Radar,52,37,15,0,104,0,0,11,0,11,52,37,26,0,115,0,0,0,115
10/17/2010,PWM,ME,ANE,EN,Combined TRACON& Tower with Radar,51,47,19,0,117,0,0,61,0,61,51,47,80,0,178,14,0,14,192
10/18/2010,PWM,ME,ANE,EN,Combined TRACON& Tower with Radar,53,49,15,0,117,0,0,23,0,23,53,49,38,0,140,0,0,0,140
10/19/2010,PWM,ME,ANE,EN,Combined TRACON& Tower with Radar,52,44,22,2,120,0,0,43,0,43,52,44,65,2,163,14,0,14,177
10/20/2010,PWM,ME,ANE,EN,Combined TRACON& Tower with Radar,52,58,25,0,135,0,0,37,0,37,52,58,62,0,172,10,0,10,182
10/21/2010,PWM,ME,ANE,EN,Combined TRACON& Tower with Radar,51,59,26,0,136,0,1,12,0,13,51,60,38,0,149,0,0,0,149
10/22/2010,PWM,ME,ANE,EN,Combined TRACON& Tower with Radar,51,54,30,0,135,0,0,25,0,25,51,54,55,0,160,0,0,0,160
10/23/2010,PWM,ME,ANE,EN,Combined TRACON& Tower with Radar,52,30,10,0,92,0,2,27,0,29,52,32,37,0,121,21,0,21,142
10/24/2010,PWM,ME,ANE,EN,Combined TRACON& Tower with Radar,50,39,33,0,122,0,2,34,0,36,50,41,67,0,158,0,0,0,158
10/25/2010,PWM,ME,ANE,EN,Combined TRACON& Tower with Radar,50,48,22,1,121,0,0,0,0,0,50,48,22,1,121,0,0,0,121
10/26/2010,PWM,ME,ANE,EN,Combined TRACON& Tower with Radar,46,46,31,0,123,0,3,10,1,14,46,49,41,1,137,26,0,26,163
10/27/2010,PWM,ME,ANE,EN,Combined TRACON& Tower with Radar,42,46,33,0,121,0,0,0,0,0,42,46,33,0,121,0,0,0,121
10/28/2010,PWM,ME,ANE,EN,Combined TRACON& Tower with Radar,56,51,32,1,140,0,0,22,0,22,56,51,54,1,162,6,0,6,168
10/29/2010,PWM,ME,ANE,EN,Combined TRACON& Tower with Radar,51,56,25,0,132,0,2,44,0,46,51,58,69,0,178,76,0,76,254
10/30/2010,PWM,ME,ANE,EN,Combined TRACON& Tower with Radar,54,29,6,0,89,0,2,34,2,38,54,31,40,2,127,20,0,20,147
10/31/2010,PWM,ME,ANE,EN,Combined TRACON& Tower with Radar,52,33,19,0,104,0,2,20,0,22,52,35,39,0,126,12,0,12,138
11/01/2010,PWM,ME,ANE,EN,Combined TRACON& Tower with Radar,50,50,24,0,124,0,0,41,0,41,50,50,65,0,165,40,0,40,205
11/02/2010,PWM,ME,ANE,EN,Combined TRACON& Tower with Radar,51,51,22,1,125,0,0,42,2,44,51,51,64,3,169,18,0,18,187
11/03/2010,PWM,ME,ANE,EN,Combined TRACON& Tower with Radar,51,47,29,0,127,0,5,37,1,43,51,52,66,1,170,12,0,12,182
11/04/2010,PWM,ME,ANE,EN,Combined TRACON& Tower with Radar,41,54,27,1,123,0,1,6,3,10,41,55,33,4,133,0,0,0,133
11/05/2010,PWM,ME,ANE,EN,Combined TRACON& Tower with Radar,46,54,15,0,115,0,2,2,0,4,46,56,17,0,119,0,0,0,119
11/06/2010,PWM,ME,ANE,EN,Combined TRACON& Tower with Radar,44,31,16,0,91,0,0,31,4,35,44,31,47,4,126,12,0,12,138
11/07/2010,PWM,ME,ANE,EN,Combined TRACON& Tower with Radar,45,30,16,0,91,0,0,44,0,44,45,30,60,0,135,20,0,20,155
11/08/2010,PWM,ME,ANE,EN,Combined TRACON& Tower with Radar,39,55,18,0,112,0,0,0,0,0,39,55,18,0,112,0,0,0,112
11/09/2010,PWM,ME,ANE,EN,Combined TRACON& Tower with Radar,46,50,20,1,117,0,0,0,1,1,46,50,20,2,118,0,0,0,118
11/10/2010,PWM,ME,ANE,EN,Combined TRACON& Tower with Radar,42,47,23,0,112,0,6,17,0,23,42,53,40,0,135,8,0,8,143
11/11/2010,PWM,ME,ANE,EN,Combined TRACON& Tower with Radar,42,56,26,0,124,0,3,39,0,42,42,59,65,0,166,26,0,26,192
11/12/2010,PWM,ME,ANE,EN,Combined TRACON& Tower with Radar,47,54,16,0,117,0,7,53,0,60,47,61,69,0,177,32,0,32,209
11/13/2010,PWM,ME,ANE,EN,Combined TRACON& Tower with Radar,40,33,20,0,93,0,0,73,1,74,40,33,93,1,167,20,0,20,187
11/14/2010,PWM,ME,ANE,EN,Combined TRACON& Tower with Radar,46,38,13,0,97,0,0,41,0,41,46,38,54,0,138,26,0,26,164
11/15/2010,PWM,ME,ANE,EN,Combined TRACON& Tower with Radar,42,46,19,0,107,0,1,14,0,15,42,47,33,0,122,0,0,0,122
11/16/2010,PWM,ME,ANE,EN,Combined TRACON& Tower with Radar,44,48,27,0,119,0,0,21,0,21,44,48,48,0,140,46,0,46,186
11/17/2010,PWM,ME,ANE,EN,Combined TRACON& Tower with Radar,41,47,15,0,103,0,0,0,0,0,41,47,15,0,103,0,0,0,103
11/18/2010,PWM,ME,ANE,EN,Combined TRACON& Tower with Radar,45,54,17,0,116,0,2,34,0,36,45,56,51,0,152,0,0,0,152
11/19/2010,PWM,ME,ANE,EN,Combined TRACON& Tower with Radar,47,48,19,0,114,0,4,61,1,66,47,52,80,1,180,42,0,42,222
11/20/2010,PWM,ME,ANE,EN,Combined TRACON& Tower with Radar,44,36,7,0,87,0,0,15,0,15,44,36,22,0,102,0,0,0,102
11/21/2010,PWM,ME,ANE,EN,Combined TRACON& Tower with Radar,49,32,9,0,90,0,1,47,0,48,49,33,56,0,138,37,0,37,175
11/22/2010,PWM,ME,ANE,EN,Combined TRACON& Tower with Radar,48,47,34,0,129,0,1,8,0,9,48,48,42,0,138,0,0,0,138
11/23/2010,PWM,ME,ANE,EN,Combined TRACON& Tower with Radar,47,60,27,5,139,0,0,0,0,0,47,60,27,5,139,0,0,0,139
11/24/2010,PWM,ME,ANE,EN,Combined TRACON& Tower with Radar,53,51,27,3,134,0,2,19,1,22,53,53,46,4,156,0,0,0,156
11/25/2010,PWM,ME,ANE,EN,Combined TRACON& Tower with Radar,27,23,2,0,52,0,0,16,0,16,27,23,18,0,68,12,0,12,80
11/26/2010,PWM,ME,ANE,EN,Combined TRACON& Tower with Radar,45,41,2,0,88,0,1,4,0,5,45,42,6,0,93,0,0,0,93
11/27/2010,PWM,ME,ANE,EN,Combined TRACON& Tower with Radar,49,37,14,0,100,0,0,16,0,16,49,37,30,0,116,0,0,0,116
11/28/2010,PWM,ME,ANE,EN,Combined TRACON& Tower with Radar,46,40,33,0,119,0,1,59,0,60,46,41,92,0,179,29,0,29,208
11/29/2010,PWM,ME,ANE,EN,Combined TRACON& Tower with Radar,47,52,17,0,116,0,2,42,0,44,47,54,59,0,160,14,0,14,174
11/30/2010,PWM,ME,ANE,EN,Combined TRACON& Tower with Radar,44,46,19,0,109,0,0,20,0,20,44,46,39,0,129,0,0,0,129
12/01/2010,PWM,ME,ANE,EN,Combined TRACON& Tower with Radar,36,39,11,14,100,0,1,0,3,4,36,40,11,17,104,0,0,0,104
12/02/2010,PWM,ME,ANE,EN,Combined TRACON& Tower with Radar,49,51,28,2,130,0,0,15,2,17,49,51,43,4,147,0,0,0,147
12/03/2010,PWM,ME,ANE,EN,Combined TRACON& Tower with Radar,46,52,17,0,115,0,2,49,0,51,46,54,66,0,166,34,0,34,200
12/04/2010,PWM,ME,ANE,EN,Combined TRACON& Tower with Radar,38,28,11,0,77,0,0,6,2,8,38,28,17,2,85,0,0,0,85
12/05/2010,PWM,ME,ANE,EN,Combined TRACON& Tower with Radar,44,27,6,0,77,0,0,22,0,22,44,27,28,0,99,14,0,14,113
12/06/2010,PWM,ME,ANE,EN,Combined TRACON& Tower with Radar,40,49,20,0,109,0,0,0,0,0,40,49,20,0,109,0,0,0,109
12/07/2010,PWM,ME,ANE,EN,Combined TRACON& Tower with Radar,41,51,21,1,114,0,0,12,0,12,41,51,33,1,126,0,0,0,126
12/08/2010,PWM,ME,ANE,EN,Combined TRACON& Tower with Radar,43,53,22,0,118,0,2,28,0,30,43,55,50,0,148,0,0,0,148
12/09/2010,PWM,ME,ANE,EN,Combined TRACON& Tower with Radar,44,51,33,0,128,0,2,26,0,28,44,53,59,0,156,0,0,0,156
12/10/2010,PWM,ME,ANE,EN,Combined TRACON& Tower with Radar,47,56,20,2,125,0,1,11,2,14,47,57,31,4,139,70,2,72,211
12/11/2010,PWM,ME,ANE,EN,Combined TRACON& Tower with Radar,40,31,21,0,92,0,4,48,0,52,40,35,69,0,144,10,0,10,154
12/12/2010,PWM,ME,ANE,EN,Combined TRACON& Tower with Radar,35,24,7,0,66,0,0,0,1,1,35,24,7,1,67,0,0,0,67
12/13/2010,PWM,ME,ANE,EN,Combined TRACON& Tower with Radar,39,46,12,1,98,0,0,0,1,1,39,46,12,2,99,0,0,0,99
12/14/2010,PWM,ME,ANE,EN,Combined TRACON& Tower with Radar,42,46,14,0,102,0,2,9,0,11,42,48,23,0,113,38,0,38,151
12/15/2010,PWM,ME,ANE,EN,Combined TRACON& Tower with Radar,40,54,23,2,119,0,0,6,0,6,40,54,29,2,125,0,0,0,125
12/16/2010,PWM,ME,ANE,EN,Combined TRACON& Tower with Radar,46,49,33,0,128,0,2,32,2,36,46,51,65,2,164,6,0,6,170
12/17/2010,PWM,ME,ANE,EN,Combined TRACON& Tower with Radar,50,62,34,0,146,0,0,36,0,36,50,62,70,0,182,62,0,62,244
12/18/2010,PWM,ME,ANE,EN,Combined TRACON& Tower with Radar,45,37,12,0,94,0,0,48,0,48,45,37,60,0,142,20,0,20,162
12/19/2010,PWM,ME,ANE,EN,Combined TRACON& Tower with Radar,45,40,9,0,94,0,0,24,0,24,45,40,33,0,118,0,0,0,118
12/20/2010,PWM,ME,ANE,EN,Combined TRACON& Tower with Radar,42,49,12,0,103,0,0,13,0,13,42,49,25,0,116,0,0,0,116
12/21/2010,PWM,ME,ANE,EN,Combined TRACON& Tower with Radar,50,47,7,0,104,0,0,0,0,0,50,47,7,0,104,0,0,0,104
12/22/2010,PWM,ME,ANE,EN,Combined TRACON& Tower with Radar,47,58,16,0,121,0,0,0,0,0,47,58,16,0,121,0,0,0,121
12/23/2010,PWM,ME,ANE,EN,Combined TRACON& Tower with Radar,44,59,15,0,118,0,0,10,2,12,44,59,25,2,130,0,0,0,130
12/24/2010,PWM,ME,ANE,EN,Combined TRACON& Tower with Radar,39,50,6,0,95,0,5,16,1,22,39,55,22,1,117,10,0,10,127
12/25/2010,PWM,ME,ANE,EN,Combined TRACON& Tower with Radar,38,29,2,0,69,0,0,14,0,14,38,29,16,0,83,0,0,0,83
12/26/2010,PWM,ME,ANE,EN,Combined TRACON& Tower with Radar,33,21,13,0,67,0,1,10,0,11,33,22,23,0,78,14,0,14,92
12/27/2010,PWM,ME,ANE,EN,Combined TRACON& Tower with Radar,22,15,3,0,40,0,0,0,0,0,22,15,3,0,40,0,0,0,40
12/28/2010,PWM,ME,ANE,EN,Combined TRACON& Tower with Radar,34,42,21,0,97,0,1,7,1,9,34,43,28,1,106,0,0,0,106
12/29/2010,PWM,ME,ANE,EN,Combined TRACON& Tower with Radar,42,49,14,0,105,0,0,24,4,28,42,49,38,4,133,0,0,0,133
12/30/2010,PWM,ME,ANE,EN,Combined TRACON& Tower with Radar,38,50,26,0,114,0,0,52,2,54,38,50,78,2,168,22,0,22,190
12/31/2010,PWM,ME,ANE,EN,Combined TRACON& Tower with Radar,41,46,11,0,98,0,0,61,2,63,41,46,72,2,161,64,0,64,225
01/01/2011,PWM,ME,ANE,EN,Combined TRACON& Tower with Radar,37,29,10,0,76,0,0,33,0,33,37,29,43,0,109,0,0,0,109
01/02/2011,PWM,ME,ANE,EN,Combined TRACON& Tower with Radar,43,36,13,0,92,0,0,0,0,0,43,36,13,0,92,24,0,24,116
01/03/2011,PWM,ME,ANE,EN,Combined TRACON& Tower with Radar,47,47,4,0,98,0,0,8,2,10,47,47,12,2,108,0,0,0,108
01/04/2011,PWM,ME,ANE,EN,Combined TRACON& Tower with Radar,46,46,16,2,110,0,2,19,0,21,46,48,35,2,131,22,0,22,153
01/05/2011,PWM,ME,ANE,EN,Combined TRACON& Tower with Radar,45,48,12,0,105,0,5,32,1,38,45,53,44,1,143,32,0,32,175
01/06/2011,PWM,ME,ANE,EN,Combined TRACON& Tower with Radar,46,46,21,0,113,0,0,50,0,50,46,46,71,0,163,44,0,44,207
01/07/2011,PWM,ME,ANE,EN,Combined TRACON& Tower with Radar,42,43,13,0,98,0,5,12,2,19,42,48,25,2,117,8,0,8,125
01/08/2011,PWM,ME,ANE,EN,Combined TRACON& Tower with Radar,37,24,5,0,66,0,0,2,0,2,37,24,7,0,68,20,0,20,88
01/09/2011,PWM,ME,ANE,EN,Combined TRACON& Tower with Radar,41,28,3,0,72,0,0,21,0,21,41,28,24,0,93,0,0,0,93
01/10/2011,PWM,ME,ANE,EN,Combined TRACON& Tower with Radar,40,39,8,4,91,0,1,18,0,19,40,40,26,4,110,12,0,12,122
01/11/2011,PWM,ME,ANE,EN,Combined TRACON& Tower with Radar,32,46,24,0,102,0,5,24,1,30,32,51,48,1,132,68,0,68,200
01/12/2011,PWM,ME,ANE,EN,Combined TRACON& Tower with Radar,7,4,3,0,14,0,0,0,0,0,7,4,3,0,14,0,0,0,14
01/13/2011,PWM,ME,ANE,EN,Combined TRACON& Tower with Radar,43,49,11,0,103,0,3,24,0,27,43,52,35,0,130,0,0,0,130
01/14/2011,PWM,ME,ANE,EN,Combined TRACON& Tower with Radar,47,48,25,0,120,0,8,23,1,32,47,56,48,1,152,12,0,12,164
01/15/2011,PWM,ME,ANE,EN,Combined TRACON& Tower with Radar,38,22,17,0,77,0,0,28,0,28,38,22,45,0,105,52,0,52,157
01/16/2011,PWM,ME,ANE,EN,Combined TRACON& Tower with Radar,46,29,8,0,83,0,0,19,0,19,46,29,27,0,102,14,0,14,116
01/17/2011,PWM,ME,ANE,EN,Combined TRACON& Tower with Radar,43,45,19,0,107,0,2,26,0,28,43,47,45,0,135,0,0,0,135
01/18/2011,PWM,ME,ANE,EN,Combined TRACON& Tower with Radar,23,20,11,0,54,0,0,0,0,0,23,20,11,0,54,0,0,0,54
01/19/2011,PWM,ME,ANE,EN,Combined TRACON& Tower with Radar,44,57,38,0,139,0,1,0,0,1,44,58,38,0,140,0,0,0,140
01/20/2011,PWM,ME,ANE,EN,Combined TRACON& Tower with Radar,42,50,29,2,123,0,0,12,0,12,42,50,41,2,135,0,0,0,135
01/21/2011,PWM,ME,ANE,EN,Combined TRACON& Tower with Radar,39,53,17,0,109,0,0,1,0,1,39,53,18,0,110,0,0,0,110
01/22/2011,PWM,ME,ANE,EN,Combined TRACON& Tower with Radar,38,22,16,0,76,0,5,27,0,32,38,27,43,0,108,0,0,0,108
01/23/2011,PWM,ME,ANE,EN,Combined TRACON& Tower with Radar,43,33,7,0,83,0,2,18,0,20,43,35,25,0,103,24,0,24,127
01/24/2011,PWM,ME,ANE,EN,Combined TRACON& Tower with Radar,44,43,13,0,100,0,2,23,0,25,44,45,36,0,125,0,0,0,125
01/25/2011,PWM,ME,ANE,EN,Combined TRACON& Tower with Radar,44,42,16,4,106,0,1,6,0,7,44,43,22,4,113,0,4,4,117
01/26/2011,PWM,ME,ANE,EN,Combined TRACON& Tower with Radar,28,35,15,0,78,0,0,7,0,7,28,35,22,0,85,0,0,0,85
01/27/2011,PWM,ME,ANE,EN,Combined TRACON& Tower with Radar,32,34,18,0,84,0,2,9,0,11,32,36,27,0,95,0,0,0,95
01/28/2011,PWM,ME,ANE,EN,Combined TRACON& Tower with Radar,43,45,16,0,104,0,2,31,0,33,43,47,47,0,137,20,0,20,157
01/29/2011,PWM,ME,ANE,EN,Combined TRACON& Tower with Radar,38,26,7,0,71,0,0,15,0,15,38,26,22,0,86,0,0,0,86
01/30/2011,PWM,ME,ANE,EN,Combined TRACON& Tower with Radar,44,29,11,0,84,0,0,19,0,19,44,29,30,0,103,16,0,16,119
01/31/2011,PWM,ME,ANE,EN,Combined TRACON& Tower with Radar,45,39,22,0,106,0,4,26,0,30,45,43,48,0,136,16,0,16,152
02/01/2011,PWM,ME,ANE,EN,Combined TRACON& Tower with Radar,30,30,17,0,77,0,0,1,0,1,30,30,18,0,78,0,0,0,78
02/02/2011,PWM,ME,ANE,EN,Combined TRACON& Tower with Radar,24,16,1,0,41,0,0,0,0,0,24,16,1,0,41,0,0,0,41
02/03/2011,PWM,ME,ANE,EN,Combined TRACON& Tower with Radar,41,50,28,0,119,0,1,20,0,21,41,51,48,0,140,0,0,0,140
02/04/2011,PWM,ME,ANE,EN,Combined TRACON& Tower with Radar,47,45,23,0,115,0,5,21,2,28,47,50,44,2,143,6,0,6,149
02/05/2011,PWM,ME,ANE,EN,Combined TRACON& Tower with Radar,35,23,3,0,61,0,0,21,0,21,35,23,24,0,82,14,0,14,96
02/06/2011,PWM,ME,ANE,EN,Combined TRACON& Tower with Radar,44,32,9,0,85,0,2,16,3,21,44,34,25,3,106,14,0,14,120
02/07/2011,PWM,ME,ANE,EN,Combined TRACON& Tower with Radar,42,40,14,0,96,0,3,25,0,28,42,43,39,0,124,6,0,6,130
02/08/2011,PWM,ME,ANE,EN,Combined TRACON& Tower with Radar,44,47,13,0,104,0,0,0,0,0,44,47,13,0,104,0,0,0,104
02/09/2011,PWM,ME,ANE,EN,Combined TRACON& Tower with Radar,45,50,17,0,112,0,3,32,2,37,45,53,49,2,149,0,0,0,149
02/10/2011,PWM,ME,ANE,EN,Combined TRACON& Tower with Radar,46,50,27,0,123,0,4,20,3,27,46,54,47,3,150,18,0,18,168
02/11/2011,PWM,ME,ANE,EN,Combined TRACON& Tower with Radar,47,50,15,0,112,0,3,36,1,40,47,53,51,1,152,2,0,2,154
02/12/2011,PWM,ME,ANE,EN,Combined TRACON& Tower with Radar,36,32,3,0,71,0,1,25,0,26,36,33,28,0,97,0,0,0,97
02/13/2011,PWM,ME,ANE,EN,Combined TRACON& Tower with Radar,44,28,4,0,76,0,0,19,0,19,44,28,23,0,95,0,0,0,95
02/14/2011,PWM,ME,ANE,EN,Combined TRACON& Tower with Radar,45,40,16,0,101,0,2,10,0,12,45,42,26,0,113,0,0,0,113
02/15/2011,PWM,ME,ANE,EN,Combined TRACON& Tower with Radar,42,40,16,0,98,0,2,4,0,6,42,42,20,0,104,0,0,0,104
02/16/2011,PWM,ME,ANE,EN,Combined TRACON& Tower with Radar,49,51,25,0,125,0,2,53,0,55,49,53,78,0,180,0,0,0,180
02/17/2011,PWM,ME,ANE,EN,Combined TRACON& Tower with Radar,48,55,20,0,123,0,0,44,0,44,48,55,64,0,167,0,0,0,167
02/18/2011,PWM,ME,ANE,EN,Combined TRACON& Tower with Radar,49,51,22,0,122,0,2,11,0,13,49,53,33,0,135,14,0,14,149
02/19/2011,PWM,ME,ANE,EN,Combined TRACON& Tower with Radar,42,26,6,0,74,0,2,16,0,18,42,28,22,0,92,0,0,0,92
02/20/2011,PWM,ME,ANE,EN,Combined TRACON& Tower with Radar,43,28,12,0,83,0,0,5,0,5,43,28,17,0,88,0,0,0,88
02/21/2011,PWM,ME,ANE,EN,Combined TRACON& Tower with Radar,39,35,12,0,86,0,2,4,0,6,39,37,16,0,92,0,0,0,92
02/22/2011,PWM,ME,ANE,EN,Combined TRACON& Tower with Radar,46,44,21,4,115,0,2,14,5,21,46,46,35,9,136,0,2,2,138
02/23/2011,PWM,ME,ANE,EN,Combined TRACON& Tower with Radar,47,52,20,2,121,0,3,48,0,51,47,55,68,2,172,0,0,0,172
02/24/2011,PWM,ME,ANE,EN,Combined TRACON& Tower with Radar,44,47,17,1,109,0,1,29,3,33,44,48,46,4,142,0,0,0,142
02/25/2011,PWM,ME,ANE,EN,Combined TRACON& Tower with Radar,41,24,12,0,77,0,0,0,0,0,41,24,12,0,77,0,0,0,77
02/26/2011,PWM,ME,ANE,EN,Combined TRACON& Tower with Radar,42,36,11,0,89,0,0,34,1,35,42,36,45,1,124,26,0,26,150
02/27/2011,PWM,ME,ANE,EN,Combined TRACON& Tower with Radar,45,35,6,0,86,0,0,0,0,0,45,35,6,0,86,0,0,0,86
02/28/2011,PWM,ME,ANE,EN,Combined TRACON& Tower with Radar,41,48,14,0,103,0,0,0,0,0,41,48,14,0,103,0,0,0,103
03/01/2011,PWM,ME,ANE,EN,Combined TRACON& Tower with Radar,51,54,25,1,131,0,2,21,4,27,51,56,46,5,158,8,0,8,166
03/02/2011,PWM,ME,ANE,EN,Combined TRACON& Tower with Radar,44,53,23,2,122,0,1,20,0,21,44,54,43,2,143,0,0,0,143
03/03/2011,PWM,ME,ANE,EN,Combined TRACON& Tower with Radar,48,53,21,2,124,0,4,41,0,45,48,57,62,2,169,20,0,20,189
03/04/2011,PWM,ME,ANE,EN,Combined TRACON& Tower with Radar,48,50,26,0,124,0,6,33,0,39,48,56,59,0,163,8,0,8,171
03/05/2011,PWM,ME,ANE,EN,Combined TRACON& Tower with Radar,42,35,4,0,81,0,0,0,0,0,42,35,4,0,81,0,0,0,81
03/06/2011,PWM,ME,ANE,EN,Combined TRACON& Tower with Radar,43,26,9,0,78,0,0,0,0,0,43,26,9,0,78,0,0,0,78
03/07/2011,PWM,ME,ANE,EN,Combined TRACON& Tower with Radar,46,48,21,0,115,0,1,2,0,3,46,49,23,0,118,0,0,0,118
03/08/2011,PWM,ME,ANE,EN,Combined TRACON& Tower with Radar,49,46,26,1,122,0,0,32,0,32,49,46,58,1,154,32,0,32,186
03/09/2011,PWM,ME,ANE,EN,Combined TRACON& Tower with Radar,48,48,18,0,114,0,2,39,1,42,48,50,57,1,156,0,0,0,156
03/10/2011,PWM,ME,ANE,EN,Combined TRACON& Tower with Radar,45,43,17,2,107,0,0,1,0,1,45,43,18,2,108,0,0,0,108
03/11/2011,PWM,ME,ANE,EN,Combined TRACON& Tower with Radar,48,38,18,0,104,0,0,0,0,0,48,38,18,0,104,0,0,0,104
03/12/2011,PWM,ME,ANE,EN,Combined TRACON& Tower with Radar,39,37,10,0,86,0,0,30,0,30,39,37,40,0,116,0,0,0,116
03/13/2011,PWM,ME,ANE,EN,Combined TRACON& Tower with Radar,43,35,12,0,90,0,0,14,1,15,43,35,26,1,105,60,0,60,165
03/14/2011,PWM,ME,ANE,EN,Combined TRACON& Tower with Radar,48,40,25,0,113,0,0,27,0,27,48,40,52,0,140,32,0,32,172
03/15/2011,PWM,ME,ANE,EN,Combined TRACON& Tower with Radar,52,43,22,4,121,0,3,46,0,49,52,46,68,4,170,58,0,58,228
03/16/2011,PWM,ME,ANE,EN,Combined TRACON& Tower with Radar,55,55,19,0,129,0,0,1,0,1,55,55,20,0,130,0,0,0,130
03/17/2011,PWM,ME,ANE,EN,Combined TRACON& Tower with Radar,50,48,21,0,119,0,1,48,2,51,50,49,69,2,170,14,0,14,184
03/18/2011,PWM,ME,ANE,EN,Combined TRACON& Tower with Radar,52,49,21,0,122,0,6,10,0,16,52,55,31,0,138,0,0,0,138
03/19/2011,PWM,ME,ANE,EN,Combined TRACON& Tower with Radar,42,34,11,0,87,0,2,29,1,32,42,36,40,1,119,22,0,22,141
03/20/2011,PWM,ME,ANE,EN,Combined TRACON& Tower with Radar,41,36,20,0,97,0,4,67,0,71,41,40,87,0,168,0,0,0,168
03/21/2011,PWM,ME,ANE,EN,Combined TRACON& Tower with Radar,47,44,16,0,107,0,1,1,0,2,47,45,17,0,109,0,0,0,109
03/22/2011,PWM,ME,ANE,EN,Combined TRACON& Tower with Radar,49,52,34,0,135,0,1,3,0,4,49,53,37,0,139,14,0,14,153
03/23/2011,PWM,ME,ANE,EN,Combined TRACON& Tower with Radar,42,50,27,0,119,0,6,38,3,47,42,56,65,3,166,14,0,14,180
03/24/2011,PWM,ME,ANE,EN,Combined TRACON& Tower with Radar,46,51,15,0,112,0,0,5,0,5,46,51,20,0,117,0,0,0,117
03/25/2011,PWM,ME,ANE,EN,Combined TRACON& Tower with Radar,51,45,27,0,123,0,4,33,0,37,51,49,60,0,160,14,0,14,174
03/26/2011,PWM,ME,ANE,EN,Combined TRACON& Tower with Radar,40,29,10,0,79,0,1,15,0,16,40,30,25,0,95,6,0,6,101
03/27/2011,PWM,ME,ANE,EN,Combined TRACON& Tower with Radar,42,34,9,0,85,0,2,25,5,32,42,36,34,5,117,0,0,0,117
03/28/2011,PWM,ME,ANE,EN,Combined TRACON& Tower with Radar,49,44,20,3,116,0,4,19,0,23,49,48,39,3,139,0,0,0,139
03/29/2011,PWM,ME,ANE,EN,Combined TRACON& Tower with Radar,50,48,18,1,117,0,4,30,1,35,50,52,48,2,152,18,0,18,170
03/30/2011,PWM,ME,ANE,EN,Combined TRACON& Tower with Radar,49,46,14,0,109,0,1,52,2,55,49,47,66,2,164,46,0,46,210
03/31/2011,PWM,ME,ANE,EN,Combined TRACON& Tower with Radar,48,48,45,2,143,0,0,11,0,11,48,48,56,2,154,36,0,36,190
04/01/2011,PWM,ME,ANE,EN,Combined TRACON& Tower with Radar,38,45,11,0,94,0,0,1,0,1,38,45,12,0,95,0,0,0,95
04/02/2011,PWM,ME,ANE,EN,Combined TRACON& Tower with Radar,39,34,9,0,82,0,0,14,0,14,39,34,23,0,96,0,0,0,96
04/03/2011,PWM,ME,ANE,EN,Combined TRACON& Tower with Radar,45,33,18,0,96,0,0,27,0,27,45,33,45,0,123,0,0,0,123
04/04/2011,PWM,ME,ANE,EN,Combined TRACON& Tower with Radar,48,51,26,0,125,0,0,2,0,2,48,51,28,0,127,0,0,0,127
04/05/2011,PWM,ME,ANE,EN,Combined TRACON& Tower with Radar,48,38,12,0,98,0,0,0,0,0,48,38,12,0,98,0,0,0,98
04/06/2011,PWM,ME,ANE,EN,Combined TRACON& Tower with Radar,48,56,28,0,132,0,1,3,0,4,48,57,31,0,136,10,0,10,146
04/07/2011,PWM,ME,ANE,EN,Combined TRACON& Tower with Radar,49,47,34,2,132,0,0,26,0,26,49,47,60,2,158,22,0,22,180
04/08/2011,PWM,ME,ANE,EN,Combined TRACON& Tower with Radar,45,49,21,0,115,0,1,29,0,30,45,50,50,0,145,26,0,26,171
04/09/2011,PWM,ME,ANE,EN,Combined TRACON& Tower with Radar,49,30,21,0,100,0,0,39,0,39,49,30,60,0,139,30,0,30,169
04/10/2011,PWM,ME,ANE,EN,Combined TRACON& Tower with Radar,44,29,13,0,86,0,0,40,0,40,44,29,53,0,126,26,0,26,152
04/11/2011,PWM,ME,ANE,EN,Combined TRACON& Tower with Radar,47,45,9,0,101,0,0,1,0,1,47,45,10,0,102,0,0,0,102
04/12/2011,PWM,ME,ANE,EN,Combined TRACON& Tower with Radar,46,46,21,0,113,0,1,10,0,11,46,47,31,0,124,0,0,0,124
04/13/2011,PWM,ME,ANE,EN,Combined TRACON& Tower with Radar,44,52,17,1,114,0,0,2,0,2,44,52,19,1,116,0,0,0,116
04/14/2011,PWM,ME,ANE,EN,Combined TRACON& Tower with Radar,49,51,31,2,133,0,0,21,0,21,49,51,52,2,154,26,0,26,180
04/15/2011,PWM,ME,ANE,EN,Combined TRACON& Tower with Radar,48,52,29,3,132,0,7,55,0,62,48,59,84,3,194,44,0,44,238
04/16/2011,PWM,ME,ANE,EN,Combined TRACON& Tower with Radar,44,32,20,0,96,0,0,35,0,35,44,32,55,0,131,0,0,0,131
04/17/2011,PWM,ME,ANE,EN,Combined TRACON& Tower with Radar,43,38,15,0,96,0,2,3,0,5,43,40,18,0,101,0,0,0,101
04/18/2011,PWM,ME,ANE,EN,Combined TRACON& Tower with Radar,48,55,23,4,130,0,4,11,0,15,48,59,34,4,145,0,0,0,145
04/19/2011,PWM,ME,ANE,EN,Combined TRACON& Tower with Radar,47,48,33,0,128,0,1,11,0,12,47,49,44,0,140,52,0,52,192
04/20/2011,PWM,ME,ANE,EN,Combined TRACON& Tower with Radar,48,56,22,0,126,0,2,2,0,4,48,58,24,0,130,0,0,0,130
04/21/2011,PWM,ME,ANE,EN,Combined TRACON& Tower with Radar,49,52,28,0,129,0,3,9,0,12,49,55,37,0,141,0,0,0,141
04/22/2011,PWM,ME,ANE,EN,Combined TRACON& Tower with Radar,47,53,40,1,141,0,2,62,0,64,47,55,102,1,205,37,0,37,242
04/23/2011,PWM,ME,ANE,EN,Combined TRACON& Tower with Radar,47,29,6,4,86,0,0,1,0,1,47,29,7,4,87,0,0,0,87
04/24/2011,PWM,ME,ANE,EN,Combined TRACON& Tower with Radar,41,31,12,1,85,0,0,17,0,17,41,31,29,1,102,0,0,0,102
04/25/2011,PWM,ME,ANE,EN,Combined TRACON& Tower with Radar,42,49,34,0,125,0,1,5,0,6,42,50,39,0,131,0,0,0,131
04/26/2011,PWM,ME,ANE,EN,Combined TRACON& Tower with Radar,44,41,27,0,112,0,0,0,0,0,44,41,27,0,112,0,0,0,112
04/27/2011,PWM,ME,ANE,EN,Combined TRACON& Tower with Radar,42,43,34,0,119,0,0,1,0,1,42,43,35,0,120,0,0,0,120
04/28/2011,PWM,ME,ANE,EN,Combined TRACON& Tower with Radar,39,52,20,0,111,0,0,0,0,0,39,52,20,0,111,0,0,0,111
04/29/2011,PWM,ME,ANE,EN,Combined TRACON& Tower with Radar,49,52,48,0,149,0,2,39,0,41,49,54,87,0,190,37,0,37,227
04/30/2011,PWM,ME,ANE,EN,Combined TRACON& Tower with Radar,49,32,36,0,117,0,0,31,0,31,49,32,67,0,148,0,0,0,148
05/01/2011,PWM,ME,ANE,EN,Combined TRACON& Tower with Radar,46,31,32,0,109,0,0,37,0,37,46,31,69,0,146,12,0,12,158
05/02/2011,PWM,ME,ANE,EN,Combined TRACON& Tower with Radar,46,50,35,0,131,0,5,29,0,34,46,55,64,0,165,0,0,0,165
05/03/2011,PWM,ME,ANE,EN,Combined TRACON& Tower with Radar,46,48,47,5,146,0,0,14,0,14,46,48,61,5,160,0,0,0,160
05/04/2011,PWM,ME,ANE,EN,Combined TRACON& Tower with Radar,49,52,22,0,123,0,0,0,0,0,49,52,22,0,123,0,0,0,123
05/05/2011,PWM,ME,ANE,EN,Combined TRACON& Tower with Radar,51,57,34,2,144,0,0,2,0,2,51,57,36,2,146,0,0,0,146
05/06/2011,PWM,ME,ANE,EN,Combined TRACON& Tower with Radar,54,57,22,0,133,0,1,20,2,23,54,58,42,2,156,0,0,0,156
05/07/2011,PWM,ME,ANE,EN,Combined TRACON& Tower with Radar,58,29,21,0,108,0,0,15,0,15,58,29,36,0,123,0,0,0,123
05/08/2011,PWM,ME,ANE,EN,Combined TRACON& Tower with Radar,53,32,17,4,106,0,1,23,0,24,53,33,40,4,130,16,0,16,146
05/09/2011,PWM,ME,ANE,EN,Combined TRACON& Tower with Radar,49,47,26,2,124,0,2,14,2,18,49,49,40,4,142,0,0,0,142
05/10/2011,PWM,ME,ANE,EN,Combined TRACON& Tower with Radar,51,44,32,0,127,0,0,1,0,1,51,44,33,0,128,0,0,0,128
05/11/2011,PWM,ME,ANE,EN,Combined TRACON& Tower with Radar,49,53,34,0,136,0,1,17,0,18,49,54,51,0,154,10,0,10,164
05/12/2011,PWM,ME,ANE,EN,Combined TRACON& Tower with Radar,52,53,53,4,162,0,1,20,0,21,52,54,73,4,183,0,0,0,183
05/13/2011,PWM,ME,ANE,EN,Combined TRACON& Tower with Radar,52,49,51,6,158,0,1,48,1,50,52,50,99,7,208,16,6,22,230
05/14/2011,PWM,ME,ANE,EN,Combined TRACON& Tower with Radar,56,27,27,2,112,0,0,4,0,4,56,27,31,2,116,12,0,12,128
05/15/2011,PWM,ME,ANE,EN,Combined TRACON& Tower with Radar,49,29,16,0,94,0,0,0,0,0,49,29,16,0,94,0,0,0,94
05/16/2011,PWM,ME,ANE,EN,Combined TRACON& Tower with Radar,48,42,17,0,107,0,0,0,0,0,48,42,17,0,107,0,0,0,107
05/17/2011,PWM,ME,ANE,EN,Combined TRACON& Tower with Radar,52,49,16,0,117,0,0,0,0,0,52,49,16,0,117,0,0,0,117
05/18/2011,PWM,ME,ANE,EN,Combined TRACON& Tower with Radar,45,50,20,0,115,0,0,0,0,0,45,50,20,0,115,0,0,0,115
05/19/2011,PWM,ME,ANE,EN,Combined TRACON& Tower with Radar,45,59,23,0,127,0,0,0,0,0,45,59,23,0,127,0,0,0,127
05/20/2011,PWM,ME,ANE,EN,Combined TRACON& Tower with Radar,50,52,24,0,126,0,0,0,0,0,50,52,24,0,126,0,0,0,126
05/21/2011,PWM,ME,ANE,EN,Combined TRACON& Tower with Radar,56,28,8,0,92,0,0,0,0,0,56,28,8,0,92,0,0,0,92
05/22/2011,PWM,ME,ANE,EN,Combined TRACON& Tower with Radar,51,37,20,0,108,0,1,1,0,2,51,38,21,0,110,0,0,0,110
05/23/2011,PWM,ME,ANE,EN,Combined TRACON& Tower with Radar,43,48,15,0,106,0,0,0,0,0,43,48,15,0,106,0,0,0,106
05/24/2011,PWM,ME,ANE,EN,Combined TRACON& Tower with Radar,53,46,7,0,106,0,0,6,0,6,53,46,13,0,112,14,0,14,126
05/25/2011,PWM,ME,ANE,EN,Combined TRACON& Tower with Radar,47,46,40,0,133,0,0,38,0,38,47,46,78,0,171,4,0,4,175
05/26/2011,PWM,ME,ANE,EN,Combined TRACON& Tower with Radar,48,48,49,0,145,0,0,13,0,13,48,48,62,0,158,0,0,0,158
05/27/2011,PWM,ME,ANE,EN,Combined TRACON& Tower with Radar,50,49,34,0,133,0,0,17,0,17,50,49,51,0,150,20,0,20,170
05/28/2011,PWM,ME,ANE,EN,Combined TRACON& Tower with Radar,48,28,17,0,93,0,0,0,0,0,48,28,17,0,93,0,0,0,93
05/29/2011,PWM,ME,ANE,EN,Combined TRACON& Tower with Radar,40,36,15,0,91,0,0,14,0,14,40,36,29,0,105,0,0,0,105
05/30/2011,PWM,ME,ANE,EN,Combined TRACON& Tower with Radar,42,53,29,0,124,0,3,47,4,54,42,56,76,4,178,20,4,24,202
05/31/2011,PWM,ME,ANE,EN,Combined TRACON& Tower with Radar,48,54,39,0,141,0,3,33,0,36,48,57,72,0,177,0,0,0,177
06/01/2011,PWM,ME,ANE,EN,Combined TRACON& Tower with Radar,49,49,30,1,129,0,1,12,0,13,49,50,42,1,142,30,0,30,172
06/02/2011,PWM,ME,ANE,EN,Combined TRACON& Tower with Radar,50,54,40,0,144,0,1,16,1,18,50,55,56,1,162,0,0,0,162
06/03/2011,PWM,ME,ANE,EN,Combined TRACON& Tower with Radar,52,58,34,0,144,0,0,30,2,32,52,58,64,2,176,34,0,34,210
06/04/2011,PWM,ME,ANE,EN,Combined TRACON& Tower with Radar,54,32,41,0,127,0,0,41,0,41,54,32,82,0,168,14,0,14,182
06/05/2011,PWM,ME,ANE,EN,Combined TRACON& Tower with Radar,52,46,31,2,131,0,0,35,0,35,52,46,66,2,166,4,0,4,170
06/06/2011,PWM,ME,ANE,EN,Combined TRACON& Tower with Radar,41,53,26,0,120,0,1,22,1,24,41,54,48,1,144,12,0,12,156
06/07/2011,PWM,ME,ANE,EN,Combined TRACON& Tower with Radar,49,47,22,1,119,0,2,14,2,18,49,49,36,3,137,0,0,0,137
06/08/2011,PWM,ME,ANE,EN,Combined TRACON& Tower with Radar,51,50,25,0,126,0,2,23,2,27,51,52,48,2,153,0,0,0,153
06/09/2011,PWM,ME,ANE,EN,Combined TRACON& Tower with Radar,39,45,27,0,111,0,2,9,0,11,39,47,36,0,122,0,0,0,122
06/10/2011,PWM,ME,ANE,EN,Combined TRACON& Tower with Radar,54,52,48,8,162,0,3,30,2,35,54,55,78,10,197,8,0,8,205
06/11/2011,PWM,ME,ANE,EN,Combined TRACON& Tower with Radar,60,35,48,85,228,0,0,21,0,21,60,35,69,85,249,160,2,162,411
06/12/2011,PWM,ME,ANE,EN,Combined TRACON& Tower with Radar,54,43,31,3,131,0,0,0,0,0,54,43,31,3,131,4,0,4,135
06/13/2011,PWM,ME,ANE,EN,Combined TRACON& Tower with Radar,57,49,36,6,148,0,0,4,0,4,57,49,40,6,152,0,0,0,152
06/14/2011,PWM,ME,ANE,EN,Combined TRACON& Tower with Radar,58,54,26,3,141,0,1,2,0,3,58,55,28,3,144,0,0,0,144
06/15/2011,PWM,ME,ANE,EN,Combined TRACON& Tower with Radar,53,56,56,1,166,0,1,39,1,41,53,57,95,2,207,28,0,28,235
06/16/2011,PWM,ME,ANE,EN,Combined TRACON& Tower with Radar,62,55,36,2,155,0,4,51,0,55,62,59,87,2,210,22,0,22,232
06/17/2011,PWM,ME,ANE,EN,Combined TRACON& Tower with Radar,50,65,26,2,143,0,4,6,1,11,50,69,32,3,154,14,0,14,168
06/18/2011,PWM,ME,ANE,EN,Combined TRACON& Tower with Radar,65,33,34,0,132,0,0,3,0,3,65,33,37,0,135,26,0,26,161
06/19/2011,PWM,ME,ANE,EN,Combined TRACON& Tower with Radar,57,48,38,0,143,0,1,35,0,36,57,49,73,0,179,14,0,14,193
06/20/2011,PWM,ME,ANE,EN,Combined TRACON& Tower with Radar,57,48,29,2,136,0,2,37,0,39,57,50,66,2,175,10,0,10,185
06/21/2011,PWM,ME,ANE,EN,Combined TRACON& Tower with Radar,53,55,65,0,173,0,0,40,1,41,53,55,105,1,214,24,0,24,238
06/22/2011,PWM,ME,ANE,EN,Combined TRACON& Tower with Radar,52,55,39,1,147,0,4,51,1,56,52,59,90,2,203,28,0,28,231
06/23/2011,PWM,ME,ANE,EN,Combined TRACON& Tower with Radar,53,59,31,0,143,0,0,0,0,0,53,59,31,0,143,0,0,0,143
06/24/2011,PWM,ME,ANE,EN,Combined TRACON& Tower with Radar,56,62,35,0,153,0,0,0,0,0,56,62,35,0,153,0,0,0,153
06/25/2011,PWM,ME,ANE,EN,Combined TRACON& Tower with Radar,69,43,39,0,151,0,0,0,0,0,69,43,39,0,151,0,0,0,151
06/26/2011,PWM,ME,ANE,EN,Combined TRACON& Tower with Radar,61,52,40,0,153,0,0,10,0,10,61,52,50,0,163,16,0,16,179
06/27/2011,PWM,ME,ANE,EN,Combined TRACON& Tower with Radar,60,54,44,1,159,0,0,44,1,45,60,54,88,2,204,16,0,16,220
06/28/2011,PWM,ME,ANE,EN,Combined TRACON& Tower with Radar,57,60,55,0,172,0,0,48,3,51,57,60,103,3,223,24,0,24,247
06/29/2011,PWM,ME,ANE,EN,Combined TRACON& Tower with Radar,62,64,40,5,171,0,0,15,2,17,62,64,55,7,188,22,0,22,210
06/30/2011,PWM,ME,ANE,EN,Combined TRACON& Tower with Radar,57,71,67,1,196,0,5,69,1,75,57,76,136,2,271,12,0,12,283
07/01/2011,PWM,ME,ANE,EN,Combined TRACON& Tower with Radar,56,49,50,0,155,0,2,44,0,46,56,51,94,0,201,36,0,36,237
07/02/2011,PWM,ME,ANE,EN,Combined TRACON& Tower with Radar,63,38,34,0,135,0,1,32,0,33,63,39,66,0,168,6,0,6,174
07/03/2011,PWM,ME,ANE,EN,Combined TRACON& Tower with Radar,49,42,17,0,108,0,0,3,0,3,49,42,20,0,111,0,0,0,111
07/04/2011,PWM,ME,ANE,EN,Combined TRACON& Tower with Radar,51,54,34,0,139,0,3,16,0,19,51,57,50,0,158,10,0,10,168
07/05/2011,PWM,ME,ANE,EN,Combined TRACON& Tower with Radar,49,61,62,2,174,0,2,40,0,42,49,63,102,2,216,10,0,10,226
07/06/2011,PWM,ME,ANE,EN,Combined TRACON& Tower with Radar,57,64,37,0,158,0,2,40,0,42,57,66,77,0,200,40,0,40,240
07/07/2011,PWM,ME,ANE,EN,Combined TRACON& Tower with Radar,54,52,42,1,149,0,6,33,2,41,54,58,75,3,190,34,0,34,224
07/08/2011,PWM,ME,ANE,EN,Combined TRACON& Tower with Radar,49,53,36,0,138,0,0,33,3,36,49,53,69,3,174,76,8,84,258
07/09/2011,PWM,ME,ANE,EN,Combined TRACON& Tower with Radar,64,37,34,3,138,0,1,38,1,40,64,38,72,4,178,0,0,0,178
07/10/2011,PWM,ME,ANE,EN,Combined TRACON& Tower with Radar,58,49,56,0,163,0,1,39,0,40,58,50,95,0,203,54,0,54,257
07/11/2011,PWM,ME,ANE,EN,Combined TRACON& Tower with Radar,53,59,48,0,160,0,0,28,0,28,53,59,76,0,188,10,0,10,198
07/12/2011,PWM,ME,ANE,EN,Combined TRACON& Tower with Radar,57,61,43,0,161,0,0,11,6,17,57,61,54,6,178,0,0,0,178
07/13/2011,PWM,ME,ANE,EN,Combined TRACON& Tower with Radar,54,67,40,0,161,0,1,19,0,20,54,68,59,0,181,0,0,0,181
07/14/2011,PWM,ME,ANE,EN,Combined TRACON& Tower with Radar,57,77,43,5,182,0,0,50,0,50,57,77,93,5,232,12,0,12,244
07/15/2011,PWM,ME,ANE,EN,Combined TRACON& Tower with Radar,58,73,54,3,188,0,2,61,0,63,58,75,115,3,251,14,0,14,265
07/16/2011,PWM,ME,ANE,EN,Combined TRACON& Tower with Radar,68,47,38,1,154,0,3,47,0,50,68,50,85,1,204,0,0,0,204
07/17/2011,PWM,ME,ANE,EN,Combined TRACON& Tower with Radar,56,57,57,0,170,0,0,57,0,57,56,57,114,0,227,0,0,0,227
07/18/2011,PWM,ME,ANE,EN,Combined TRACON& Tower with Radar,53,67,34,0,154,0,0,13,0,13,53,67,47,0,167,0,0,0,167
07/19/2011,PWM,ME,ANE,EN,Combined TRACON& Tower with Radar,54,64,57,0,175,0,0,34,4,38,54,64,91,4,213,0,0,0,213
07/20/2011,PWM,ME,ANE,EN,Combined TRACON& Tower with Radar,55,75,49,3,182,0,0,41,0,41,55,75,90,3,223,0,0,0,223
07/21/2011,PWM,ME,ANE,EN,Combined TRACON& Tower with Radar,54,73,67,4,198,0,4,28,0,32,54,77,95,4,230,26,0,26,256
07/22/2011,PWM,ME,ANE,EN,Combined TRACON& Tower with Radar,53,83,59,4,199,0,1,38,3,42,53,84,97,7,241,12,0,12,253
07/23/2011,PWM,ME,ANE,EN,Combined TRACON& Tower with Radar,66,52,43,0,161,0,1,17,0,18,66,53,60,0,179,4,0,4,183
07/24/2011,PWM,ME,ANE,EN,Combined TRACON& Tower with Radar,55,50,38,0,143,0,2,49,0,51,55,52,87,0,194,4,0,4,198
07/25/2011,PWM,ME,ANE,EN,Combined TRACON& Tower with Radar,50,59,44,0,153,0,2,20,2,24,50,61,64,2,177,14,0,14,191
07/26/2011,PWM,ME,ANE,EN,Combined TRACON& Tower with Radar,54,65,51,0,170,0,2,5,0,7,54,67,56,0,177,0,0,0,177
07/27/2011,PWM,ME,ANE,EN,Combined TRACON& Tower with Radar,57,69,49,2,177,0,1,37,2,40,57,70,86,4,217,10,0,10,227
07/28/2011,PWM,ME,ANE,EN,Combined TRACON& Tower with Radar,54,65,59,0,178,0,1,33,0,34,54,66,92,0,212,0,0,0,212
07/29/2011,PWM,ME,ANE,EN,Combined TRACON& Tower with Radar,53,61,30,3,147,0,0,10,1,11,53,61,40,4,158,36,0,36,194
07/30/2011,PWM,ME,ANE,EN,Combined TRACON& Tower with Radar,67,43,39,2,151,0,0,26,1,27,67,43,65,3,178,0,0,0,178
07/31/2011,PWM,ME,ANE,EN,Combined TRACON& Tower with Radar,57,53,46,1,157,0,1,44,0,45,57,54,90,1,202,14,0,14,216
08/01/2011,PWM,ME,ANE,EN,Combined TRACON& Tower with Radar,45,69,33,2,149,0,1,19,2,22,45,70,52,4,171,0,0,0,171
08/02/2011,PWM,ME,ANE,EN,Combined TRACON& Tower with Radar,54,60,39,0,153,0,0,17,0,17,54,60,56,0,170,0,0,0,170
08/03/2011,PWM,ME,ANE,EN,Combined TRACON& Tower with Radar,55,59,41,0,155,0,0,24,1,25,55,59,65,1,180,0,0,0,180
08/04/2011,PWM,ME,ANE,EN,Combined TRACON& Tower with Radar,58,55,41,0,154,0,0,22,0,22,58,55,63,0,176,45,0,45,221
08/05/2011,PWM,ME,ANE,EN,Combined TRACON& Tower with Radar,57,63,61,0,181,0,4,29,0,33,57,67,90,0,214,32,0,32,246
08/06/2011,PWM,ME,ANE,EN,Combined TRACON& Tower with Radar,62,45,46,0,153,0,0,30,0,30,62,45,76,0,183,14,0,14,197
08/07/2011,PWM,ME,ANE,EN,Combined TRACON& Tower with Radar,51,63,30,0,144,0,0,2,0,2,51,63,32,0,146,0,0,0,146
08/08/2011,PWM,ME,ANE,EN,Combined TRACON& Tower with Radar,56,78,35,2,171,0,2,8,0,10,56,80,43,2,181,6,0,6,187
08/09/2011,PWM,ME,ANE,EN,Combined TRACON& Tower with Radar,53,59,57,0,169,0,7,43,0,50,53,66,100,0,219,6,0,6,225
08/10/2011,PWM,ME,ANE,EN,Combined TRACON& Tower with Radar,56,60,28,0,144,0,0,0,0,0,56,60,28,0,144,0,0,0,144
08/11/2011,PWM,ME,ANE,EN,Combined TRACON& Tower with Radar,57,66,64,0,187,0,1,42,0,43,57,67,106,0,230,40,0,40,270
08/12/2011,PWM,ME,ANE,EN,Combined TRACON& Tower with Radar,60,70,43,3,176,0,0,38,0,38,60,70,81,3,214,0,0,0,214
08/13/2011,PWM,ME,ANE,EN,Combined TRACON& Tower with Radar,68,43,40,0,151,0,1,44,0,45,68,44,84,0,196,0,0,0,196
08/14/2011,PWM,ME,ANE,EN,Combined TRACON& Tower with Radar,47,55,53,0,155,0,0,38,1,39,47,55,91,1,194,48,0,48,242
08/15/2011,PWM,ME,ANE,EN,Combined TRACON& Tower with Radar,57,62,45,0,164,0,2,8,0,10,57,64,53,0,174,0,0,0,174
08/16/2011,PWM,ME,ANE,EN,Combined TRACON& Tower with Radar,57,57,28,0,142,0,0,3,0,3,57,57,31,0,145,18,0,18,163
08/17/2011,PWM,ME,ANE,EN,Combined TRACON& Tower with Radar,59,70,45,0,174,0,1,56,0,57,59,71,101,0,231,10,0,10,241
08/18/2011,PWM,ME,ANE,EN,Combined TRACON& Tower with Radar,60,69,46,4,179,0,8,38,2,48,60,77,84,6,227,12,0,12,239
08/19/2011,PWM,ME,ANE,EN,Combined TRACON& Tower with Radar,39,64,26,1,130,0,0,15,0,15,39,64,41,1,145,50,0,50,195
08/20/2011,PWM,ME,ANE,EN,Combined TRACON& Tower with Radar,57,46,36,0,139,0,0,40,0,40,57,46,76,0,179,0,0,0,179
08/21/2011,PWM,ME,ANE,EN,Combined TRACON& Tower with Radar,49,50,44,0,143,0,3,19,0,22,49,53,63,0,165,10,0,10,175
08/22/2011,PWM,ME,ANE,EN,Combined TRACON& Tower with Radar,58,66,38,1,163,0,4,24,0,28,58,70,62,1,191,0,0,0,191
08/23/2011,PWM,ME,ANE,EN,Combined TRACON& Tower with Radar,57,52,51,2,162,0,2,36,0,38,57,54,87,2,200,16,0,16,216
08/24/2011,PWM,ME,ANE,EN,Combined TRACON& Tower with Radar,61,58,52,3,174,0,3,51,0,54,61,61,103,3,228,0,0,0,228
08/25/2011,PWM,ME,ANE,EN,Combined TRACON& Tower with Radar,53,51,34,0,138,0,0,4,0,4,53,51,38,0,142,0,0,0,142
08/26/2011,PWM,ME,ANE,EN,Combined TRACON& Tower with Radar,60,67,55,0,182,0,1,39,2,42,60,68,94,2,224,12,0,12,236
08/27/2011,PWM,ME,ANE,EN,Combined TRACON& Tower with Radar,29,46,25,0,100,0,0,16,0,16,29,46,41,0,116,6,0,6,122
08/28/2011,PWM,ME,ANE,EN,Combined TRACON& Tower with Radar,1,1,1,0,3,0,0,0,0,0,1,1,1,0,3,0,0,0,3
08/29/2011,PWM,ME,ANE,EN,Combined TRACON& Tower with Radar,33,61,23,5,122,0,4,20,2,26,33,65,43,7,148,0,0,0,148
08/30/2011,PWM,ME,ANE,EN,Combined TRACON& Tower with Radar,52,59,51,0,162,0,8,47,4,59,52,67,98,4,221,0,0,0,221
08/31/2011,PWM,ME,ANE,EN,Combined TRACON& Tower with Radar,50,58,44,0,152,0,11,49,0,60,50,69,93,0,212,8,0,8,220
09/01/2011,PWM,ME,ANE,EN,Combined TRACON& Tower with Radar,50,63,39,2,154,0,1,36,0,37,50,64,75,2,191,26,0,26,217
09/02/2011,PWM,ME,ANE,EN,Combined TRACON& Tower with Radar,50,74,57,0,181,0,4,39,0,43,50,78,96,0,224,16,0,16,240
09/03/2011,PWM,ME,ANE,EN,Combined TRACON& Tower with Radar,49,44,36,0,129,0,0,31,0,31,49,44,67,0,160,0,0,0,160
09/04/2011,PWM,ME,ANE,EN,Combined TRACON& Tower with Radar,50,35,22,1,108,0,2,10,1,13,50,37,32,2,121,0,0,0,121
09/05/2011,PWM,ME,ANE,EN,Combined TRACON& Tower with Radar,52,47,43,0,142,0,0,17,0,17,52,47,60,0,159,0,0,0,159
09/06/2011,PWM,ME,ANE,EN,Combined TRACON& Tower with Radar,45,57,21,0,123,0,1,6,0,7,45,58,27,0,130,0,0,0,130
09/07/2011,PWM,ME,ANE,EN,Combined TRACON& Tower with Radar,43,54,23,0,120,0,0,0,0,0,43,54,23,0,120,0,0,0,120
09/08/2011,PWM,ME,ANE,EN,Combined TRACON& Tower with Radar,47,64,23,1,135,0,0,4,0,4,47,64,27,1,139,0,0,0,139
09/09/2011,PWM,ME,ANE,EN,Combined TRACON& Tower with Radar,49,65,54,13,181,0,2,31,0,33,49,67,85,13,214,30,0,30,244
09/10/2011,PWM,ME,ANE,EN,Combined TRACON& Tower with Radar,50,47,31,0,128,0,0,31,0,31,50,47,62,0,159,26,0,26,185
09/11/2011,PWM,ME,ANE,EN,Combined TRACON& Tower with Radar,45,52,28,0,125,0,2,38,0,40,45,54,66,0,165,6,0,6,171
09/12/2011,PWM,ME,ANE,EN,Combined TRACON& Tower with Radar,48,62,18,0,128,0,0,21,0,21,48,62,39,0,149,0,0,0,149
09/13/2011,PWM,ME,ANE,EN,Combined TRACON& Tower with Radar,48,54,32,0,134,0,0,25,0,25,48,54,57,0,159,0,0,0,159
09/14/2011,PWM,ME,ANE,EN,Combined TRACON& Tower with Radar,50,59,32,2,143,0,3,23,0,26,50,62,55,2,169,0,0,0,169
09/15/2011,PWM,ME,ANE,EN,Combined TRACON& Tower with Radar,47,61,30,0,138,0,0,0,0,0,47,61,30,0,138,0,0,0,138
09/16/2011,PWM,ME,ANE,EN,Combined TRACON& Tower with Radar,51,65,43,0,159,0,2,41,0,43,51,67,84,0,202,18,0,18,220
09/17/2011,PWM,ME,ANE,EN,Combined TRACON& Tower with Radar,49,35,38,0,122,0,1,55,1,57,49,36,93,1,179,15,0,15,194
09/18/2011,PWM,ME,ANE,EN,Combined TRACON& Tower with Radar,43,50,32,0,125,0,1,27,0,28,43,51,59,0,153,22,0,22,175
09/19/2011,PWM,ME,ANE,EN,Combined TRACON& Tower with Radar,47,60,36,1,144,0,0,21,0,21,47,60,57,1,165,28,0,28,193
09/20/2011,PWM,ME,ANE,EN,Combined TRACON& Tower with Radar,49,48,43,0,140,0,0,3,0,3,49,48,46,0,143,0,0,0,143
09/21/2011,PWM,ME,ANE,EN,Combined TRACON& Tower with Radar,48,58,44,0,150,0,2,14,0,16,48,60,58,0,166,10,0,10,176
09/22/2011,PWM,ME,ANE,EN,Combined TRACON& Tower with Radar,46,59,27,0,132,0,0,0,0,0,46,59,27,0,132,0,0,0,132
09/23/2011,PWM,ME,ANE,EN,Combined TRACON& Tower with Radar,50,47,35,0,132,0,0,0,0,0,50,47,35,0,132,0,0,0,132
09/24/2011,PWM,ME,ANE,EN,Combined TRACON& Tower with Radar,50,41,28,0,119,0,0,1,0,1,50,41,29,0,120,0,0,0,120
09/25/2011,PWM,ME,ANE,EN,Combined TRACON& Tower with Radar,43,47,29,0,119,0,1,23,0,24,43,48,52,0,143,20,0,20,163
09/26/2011,PWM,ME,ANE,EN,Combined TRACON& Tower with Radar,50,66,12,2,130,0,9,29,0,38,50,75,41,2,168,6,0,6,174
09/27/2011,PWM,ME,ANE,EN,Combined TRACON& Tower with Radar,49,53,49,4,155,0,4,45,0,49,49,57,94,4,204,0,0,0,204
09/28/2011,PWM,ME,ANE,EN,Combined TRACON& Tower with Radar,48,60,29,0,137,0,0,5,0,5,48,60,34,0,142,34,0,34,176
09/29/2011,PWM,ME,ANE,EN,Combined TRACON& Tower with Radar,41,47,35,0,123,0,0,0,0,0,41,47,35,0,123,0,0,0,123
09/30/2011,PWM,ME,ANE,EN,Combined TRACON& Tower with Radar,50,60,35,2,147,0,0,24,0,24,50,60,59,2,171,12,0,12,183
10/01/2011,PWM,ME,ANE,EN,Combined TRACON& Tower with Radar,48,49,18,2,117,0,0,0,0,0,48,49,18,2,117,0,0,0,117
10/02/2011,PWM,ME,ANE,EN,Combined TRACON& Tower with Radar,45,54,21,0,120,0,0,0,0,0,45,54,21,0,120,0,0,0,120
10/03/2011,PWM,ME,ANE,EN,Combined TRACON& Tower with Radar,46,64,40,1,151,0,0,6,0,6,46,64,46,1,157,10,0,10,167
10/04/2011,PWM,ME,ANE,EN,Combined TRACON& Tower with Radar,47,52,29,0,128,0,0,0,0,0,47,52,29,0,128,0,0,0,128
10/05/2011,PWM,ME,ANE,EN,Combined TRACON& Tower with Radar,49,57,25,0,131,0,2,16,0,18,49,59,41,0,149,19,0,19,168
10/06/2011,PWM,ME,ANE,EN,Combined TRACON& Tower with Radar,46,61,49,4,160,0,0,33,0,33,46,61,82,4,193,69,0,69,262
10/07/2011,PWM,ME,ANE,EN,Combined TRACON& Tower with Radar,48,70,48,0,166,0,2,52,0,54,48,72,100,0,220,40,0,40,260
10/08/2011,PWM,ME,ANE,EN,Combined TRACON& Tower with Radar,50,39,39,0,128,0,2,38,0,40,50,41,77,0,168,32,0,32,200
10/09/2011,PWM,ME,ANE,EN,Combined TRACON& Tower with Radar,46,47,28,0,121,0,1,50,1,52,46,48,78,1,173,6,0,6,179
10/10/2011,PWM,ME,ANE,EN,Combined TRACON& Tower with Radar,51,61,27,0,139,0,0,26,0,26,51,61,53,0,165,0,0,0,165
10/11/2011,PWM,ME,ANE,EN,Combined TRACON& Tower with Radar,50,55,38,0,143,0,2,32,0,34,50,57,70,0,177,0,0,0,177
10/12/2011,PWM,ME,ANE,EN,Combined TRACON& Tower with Radar,52,58,41,4,155,0,0,14,0,14,52,58,55,4,169,40,0,40,209
10/13/2011,PWM,ME,ANE,EN,Combined TRACON& Tower with Radar,44,62,19,0,125,0,0,0,0,0,44,62,19,0,125,0,0,0,125
10/14/2011,PWM,ME,ANE,EN,Combined TRACON& Tower with Radar,48,54,14,0,116,0,0,0,0,0,48,54,14,0,116,0,0,0,116
10/15/2011,PWM,ME,ANE,EN,Combined TRACON& Tower with Radar,50,44,15,0,109,0,1,12,0,13,50,45,27,0,122,12,0,12,134
10/16/2011,PWM,ME,ANE,EN,Combined TRACON& Tower with Radar,46,43,27,0,116,0,0,20,0,20,46,43,47,0,136,50,0,50,186
10/17/2011,PWM,ME,ANE,EN,Combined TRACON& Tower with Radar,46,52,22,4,124,0,3,32,0,35,46,55,54,4,159,10,0,10,169
10/18/2011,PWM,ME,ANE,EN,Combined TRACON& Tower with Radar,48,51,28,0,127,0,1,30,0,31,48,52,58,0,158,0,0,0,158
10/19/2011,PWM,ME,ANE,EN,Combined TRACON& Tower with Radar,47,54,27,0,128,0,0,17,0,17,47,54,44,0,145,0,0,0,145
10/20/2011,PWM,ME,ANE,EN,Combined TRACON& Tower with Radar,49,58,24,0,131,0,0,3,0,3,49,58,27,0,134,0,0,0,134
10/21/2011,PWM,ME,ANE,EN,Combined TRACON& Tower with Radar,51,62,51,6,170,0,0,36,1,37,51,62,87,7,207,22,0,22,229
10/22/2011,PWM,ME,ANE,EN,Combined TRACON& Tower with Radar,50,35,25,0,110,0,0,29,0,29,50,35,54,0,139,47,0,47,186
10/23/2011,PWM,ME,ANE,EN,Combined TRACON& Tower with Radar,43,43,51,0,137,0,0,40,0,40,43,43,91,0,177,28,0,28,205
10/24/2011,PWM,ME,ANE,EN,Combined TRACON& Tower with Radar,47,56,26,0,129,0,0,8,0,8,47,56,34,0,137,0,0,0,137
10/25/2011,PWM,ME,ANE,EN,Combined TRACON& Tower with Radar,46,51,32,0,129,0,3,14,2,19,46,54,46,2,148,0,0,0,148
10/26/2011,PWM,ME,ANE,EN,Combined TRACON& Tower with Radar,49,59,36,0,144,0,0,11,0,11,49,59,47,0,155,32,0,32,187
10/27/2011,PWM,ME,ANE,EN,Combined TRACON& Tower with Radar,49,66,20,0,135,0,0,0,0,0,49,66,20,0,135,0,0,0,135
10/28/2011,PWM,ME,ANE,EN,Combined TRACON& Tower with Radar,51,70,40,4,165,0,3,26,0,29,51,73,66,4,194,20,0,20,214
10/29/2011,PWM,ME,ANE,EN,Combined TRACON& Tower with Radar,42,39,21,0,102,0,1,10,0,11,42,40,31,0,113,0,0,0,113
10/30/2011,PWM,ME,ANE,EN,Combined TRACON& Tower with Radar,36,49,14,0,99,0,1,6,0,7,36,50,20,0,106,0,0,0,106
10/31/2011,PWM,ME,ANE,EN,Combined TRACON& Tower with Radar,45,47,18,0,110,0,1,19,0,20,45,48,37,0,130,22,0,22,152
11/01/2011,PWM,ME,ANE,EN,Combined TRACON& Tower with Radar,52,56,18,1,127,0,0,21,0,21,52,56,39,1,148,0,0,0,148
11/02/2011,PWM,ME,ANE,EN,Combined TRACON& Tower with Radar,46,60,51,0,157,0,1,20,0,21,46,61,71,0,178,0,0,0,178
11/03/2011,PWM,ME,ANE,EN,Combined TRACON& Tower with Radar,27,35,20,1,83,0,0,12,0,12,27,35,32,1,95,16,0,16,111
11/04/2011,PWM,ME,ANE,EN,Combined TRACON& Tower with Radar,51,53,26,2,132,0,1,10,0,11,51,54,36,2,143,10,0,10,153
11/05/2011,PWM,ME,ANE,EN,Combined TRACON& Tower with Radar,46,36,23,1,106,0,0,53,0,53,46,36,76,1,159,31,0,31,190
11/06/2011,PWM,ME,ANE,EN,Combined TRACON& Tower with Radar,45,38,24,0,107,0,0,43,1,44,45,38,67,1,151,2,0,2,153
11/07/2011,PWM,ME,ANE,EN,Combined TRACON& Tower with Radar,46,49,35,0,130,0,5,30,0,35,46,54,65,0,165,16,0,16,181
11/08/2011,PWM,ME,ANE,EN,Combined TRACON& Tower with Radar,44,48,19,5,116,0,1,36,0,37,44,49,55,5,153,6,0,6,159
11/09/2011,PWM,ME,ANE,EN,Combined TRACON& Tower with Radar,43,52,32,0,127,0,0,33,0,33,43,52,65,0,160,10,0,10,170
11/10/2011,PWM,ME,ANE,EN,Combined TRACON& Tower with Radar,40,60,19,0,119,0,0,0,0,0,40,60,19,0,119,0,0,0,119
11/11/2011,PWM,ME,ANE,EN,Combined TRACON& Tower with Radar,46,53,11,0,110,0,1,8,0,9,46,54,19,0,119,0,0,0,119
11/12/2011,PWM,ME,ANE,EN,Combined TRACON& Tower with Radar,33,39,27,0,99,0,0,30,0,30,33,39,57,0,129,14,0,14,143
11/13/2011,PWM,ME,ANE,EN,Combined TRACON& Tower with Radar,41,47,17,1,106,0,0,29,0,29,41,47,46,1,135,34,0,34,169
11/14/2011,PWM,ME,ANE,EN,Combined TRACON& Tower with Radar,43,55,23,0,121,0,1,14,0,15,43,56,37,0,136,8,0,8,144
11/15/2011,PWM,ME,ANE,EN,Combined TRACON& Tower with Radar,43,54,23,3,123,0,0,12,0,12,43,54,35,3,135,12,0,12,147
11/16/2011,PWM,ME,ANE,EN,Combined TRACON& Tower with Radar,35,51,22,3,111,0,0,2,0,2,35,51,24,3,113,0,0,0,113
11/17/2011,PWM,ME,ANE,EN,Combined TRACON& Tower with Radar,42,51,32,2,127,0,0,12,1,13,42,51,44,3,140,18,0,18,158
11/18/2011,PWM,ME,ANE,EN,Combined TRACON& Tower with Radar,47,58,34,0,139,0,1,22,0,23,47,59,56,0,162,30,0,30,192
11/19/2011,PWM,ME,ANE,EN,Combined TRACON& Tower with Radar,38,35,13,0,86,0,0,28,0,28,38,35,41,0,114,46,0,46,160
11/20/2011,PWM,ME,ANE,EN,Combined TRACON& Tower with Radar,41,40,23,0,104,0,0,37,1,38,41,40,60,1,142,30,0,30,172
11/21/2011,PWM,ME,ANE,EN,Combined TRACON& Tower with Radar,41,48,34,0,123,0,1,35,0,36,41,49,69,0,159,38,0,38,197
11/22/2011,PWM,ME,ANE,EN,Combined TRACON& Tower with Radar,41,51,41,4,137,0,0,24,0,24,41,51,65,4,161,48,0,48,209
11/23/2011,PWM,ME,ANE,EN,Combined TRACON& Tower with Radar,47,65,6,0,118,0,0,1,0,1,47,65,7,0,119,0,0,0,119
11/24/2011,PWM,ME,ANE,EN,Combined TRACON& Tower with Radar,30,19,5,0,54,0,2,5,0,7,30,21,10,0,61,0,0,0,61
11/25/2011,PWM,ME,ANE,EN,Combined TRACON& Tower with Radar,30,32,17,0,79,0,2,27,0,29,30,34,44,0,108,10,0,10,118
11/26/2011,PWM,ME,ANE,EN,Combined TRACON& Tower with Radar,43,37,34,2,116,0,0,24,0,24,43,37,58,2,140,0,0,0,140
11/27/2011,PWM,ME,ANE,EN,Combined TRACON& Tower with Radar,46,39,40,0,125,0,0,3,0,3,46,39,43,0,128,0,0,0,128
11/28/2011,PWM,ME,ANE,EN,Combined TRACON& Tower with Radar,47,50,24,4,125,0,1,6,0,7,47,51,30,4,132,0,0,0,132
11/29/2011,PWM,ME,ANE,EN,Combined TRACON& Tower with Radar,40,52,22,8,122,0,0,2,0,2,40,52,24,8,124,0,0,0,124
11/30/2011,PWM,ME,ANE,EN,Combined TRACON& Tower with Radar,41,47,28,0,116,0,2,11,0,13,41,49,39,0,129,16,0,16,145
12/01/2011,PWM,ME,ANE,EN,Combined TRACON& Tower with Radar,44,57,31,0,132,0,2,31,0,33,44,59,62,0,165,0,0,0,165
12/02/2011,PWM,ME,ANE,EN,Combined TRACON& Tower with Radar,43,49,36,0,128,0,0,32,0,32,43,49,68,0,160,2,0,2,162
12/03/2011,PWM,ME,ANE,EN,Combined TRACON& Tower with Radar,36,29,27,1,93,0,0,30,1,31,36,29,57,2,124,0,0,0,124
12/04/2011,PWM,ME,ANE,EN,Combined TRACON& Tower with Radar,38,39,21,0,98,0,0,36,0,36,38,39,57,0,134,10,0,10,144
12/05/2011,PWM,ME,ANE,EN,Combined TRACON& Tower with Radar,38,50,20,0,108,0,1,13,0,14,38,51,33,0,122,26,0,26,148
12/06/2011,PWM,ME,ANE,EN,Combined TRACON& Tower with Radar,37,48,12,0,97,0,0,0,0,0,37,48,12,0,97,0,0,0,97
12/07/2011,PWM,ME,ANE,EN,Combined TRACON& Tower with Radar,35,51,20,0,106,0,0,0,0,0,35,51,20,0,106,0,0,0,106
12/08/2011,PWM,ME,ANE,EN,Combined TRACON& Tower with Radar,40,53,15,0,108,0,0,9,0,9,40,53,24,0,117,0,0,0,117
12/09/2011,PWM,ME,ANE,EN,Combined TRACON& Tower with Radar,42,54,37,2,135,0,1,19,1,21,42,55,56,3,156,0,0,0,156
12/10/2011,PWM,ME,ANE,EN,Combined TRACON& Tower with Radar,36,36,17,1,90,0,0,21,0,21,36,36,38,1,111,16,0,16,127
12/11/2011,PWM,ME,ANE,EN,Combined TRACON& Tower with Radar,38,36,15,0,89,0,4,34,0,38,38,40,49,0,127,0,0,0,127
12/12/2011,PWM,ME,ANE,EN,Combined TRACON& Tower with Radar,38,51,26,0,115,12,1,30,0,43,50,52,56,0,158,0,0,0,158
12/13/2011,PWM,ME,ANE,EN,Combined TRACON& Tower with Radar,37,51,35,3,126,0,0,22,0,22,37,51,57,3,148,58,0,58,206
12/14/2011,PWM,ME,ANE,EN,Combined TRACON& Tower with Radar,36,53,27,0,116,0,1,24,0,25,36,54,51,0,141,32,0,32,173
12/15/2011,PWM,ME,ANE,EN,Combined TRACON& Tower with Radar,42,48,24,0,114,0,0,0,0,0,42,48,24,0,114,0,0,0,114
12/16/2011,PWM,ME,ANE,EN,Combined TRACON& Tower with Radar,47,57,29,0,133,0,1,11,0,12,47,58,40,0,145,0,0,0,145
12/17/2011,PWM,ME,ANE,EN,Combined TRACON& Tower with Radar,45,35,21,0,101,0,1,22,0,23,45,36,43,0,124,6,0,6,130
12/18/2011,PWM,ME,ANE,EN,Combined TRACON& Tower with Radar,43,34,19,0,96,0,0,25,0,25,43,34,44,0,121,0,0,0,121
12/19/2011,PWM,ME,ANE,EN,Combined TRACON& Tower with Radar,44,49,32,1,126,0,0,13,0,13,44,49,45,1,139,6,0,6,145
12/20/2011,PWM,ME,ANE,EN,Combined TRACON& Tower with Radar,47,54,23,1,125,0,6,20,0,26,47,60,43,1,151,6,0,6,157
12/21/2011,PWM,ME,ANE,EN,Combined TRACON& Tower with Radar,43,48,12,0,103,0,0,0,0,0,43,48,12,0,103,0,0,0,103
12/22/2011,PWM,ME,ANE,EN,Combined TRACON& Tower with Radar,47,49,30,0,126,0,0,22,0,22,47,49,52,0,148,16,0,16,164
12/23/2011,PWM,ME,ANE,EN,Combined TRACON& Tower with Radar,45,60,2,0,107,0,0,0,0,0,45,60,2,0,107,0,0,0,107
12/24/2011,PWM,ME,ANE,EN,Combined TRACON& Tower with Radar,40,31,14,4,89,0,0,32,0,32,40,31,46,4,121,24,0,24,145
12/25/2011,PWM,ME,ANE,EN,Combined TRACON& Tower with Radar,30,18,4,0,52,0,0,1,0,1,30,18,5,0,53,0,0,0,53
12/26/2011,PWM,ME,ANE,EN,Combined TRACON& Tower with Radar,42,36,15,0,93,0,2,11,0,13,42,38,26,0,106,12,0,12,118
12/27/2011,PWM,ME,ANE,EN,Combined TRACON& Tower with Radar,38,36,15,0,89,0,0,12,0,12,38,36,27,0,101,0,0,0,101
12/28/2011,PWM,ME,ANE,EN,Combined TRACON& Tower with Radar,42,49,13,12,116,0,2,12,0,14,42,51,25,12,130,0,4,4,134
12/29/2011,PWM,ME,ANE,EN,Combined TRACON& Tower with Radar,46,39,16,0,101,0,0,28,0,28,46,39,44,0,129,0,0,0,129
12/30/2011,PWM,ME,ANE,EN,Combined TRACON& Tower with Radar,46,45,8,0,99,0,1,11,0,12,46,46,19,0,111,10,0,10,121
12/31/2011,PWM,ME,ANE,EN,Combined TRACON& Tower with Radar,36,27,4,0,67,0,0,0,0,0,36,27,4,0,67,0,0,0,67
01/01/2012,PWM,ME,ANE,EN,Combined TRACON& Tower with Radar,34,25,11,0,70,0,0,17,0,17,34,25,28,0,87,0,0,0,87
01/02/2012,PWM,ME,ANE,EN,Combined TRACON& Tower with Radar,37,35,15,0,87,0,1,3,0,4,37,36,18,0,91,0,0,0,91
01/03/2012,PWM,ME,ANE,EN,Combined TRACON& Tower with Radar,35,43,9,1,88,0,3,11,1,15,35,46,20,2,103,0,0,0,103
01/04/2012,PWM,ME,ANE,EN,Combined TRACON& Tower with Radar,32,49,19,0,100,0,1,23,0,24,32,50,42,0,124,26,0,26,150
01/05/2012,PWM,ME,ANE,EN,Combined TRACON& Tower with Radar,35,41,25,1,102,0,0,25,0,25,35,41,50,1,127,34,0,34,161
01/06/2012,PWM,ME,ANE,EN,Combined TRACON& Tower with Radar,33,46,12,0,91,0,0,1,0,1,33,46,13,0,92,0,0,0,92
01/07/2012,PWM,ME,ANE,EN,Combined TRACON& Tower with Radar,34,25,12,0,71,0,2,35,0,37,34,27,47,0,108,20,0,20,128
01/08/2012,PWM,ME,ANE,EN,Combined TRACON& Tower with Radar,32,35,30,0,97,0,2,26,0,28,32,37,56,0,125,4,0,4,129
01/09/2012,PWM,ME,ANE,EN,Combined TRACON& Tower with Radar,33,53,25,4,115,0,0,30,0,30,33,53,55,4,145,16,0,16,161
01/10/2012,PWM,ME,ANE,EN,Combined TRACON& Tower with Radar,34,50,25,0,109,0,2,14,0,16,34,52,39,0,125,0,0,0,125
01/11/2012,PWM,ME,ANE,EN,Combined TRACON& Tower with Radar,30,57,37,2,126,0,3,22,0,25,30,60,59,2,151,20,0,20,171
01/12/2012,PWM,ME,ANE,EN,Combined TRACON& Tower with Radar,29,45,10,0,84,0,0,0,0,0,29,45,10,0,84,0,0,0,84
01/13/2012,PWM,ME,ANE,EN,Combined TRACON& Tower with Radar,32,44,7,0,83,0,0,0,0,0,32,44,7,0,83,0,0,0,83
01/14/2012,PWM,ME,ANE,EN,Combined TRACON& Tower with Radar,32,29,19,0,80,0,0,22,0,22,32,29,41,0,102,0,0,0,102
01/15/2012,PWM,ME,ANE,EN,Combined TRACON& Tower with Radar,34,33,14,2,83,0,1,20,0,21,34,34,34,2,104,0,0,0,104
01/16/2012,PWM,ME,ANE,EN,Combined TRACON& Tower with Radar,33,49,24,2,108,0,2,24,1,27,33,51,48,3,135,18,0,18,153
01/17/2012,PWM,ME,ANE,EN,Combined TRACON& Tower with Radar,30,57,11,0,98,0,0,0,0,0,30,57,11,0,98,0,0,0,98
01/18/2012,PWM,ME,ANE,EN,Combined TRACON& Tower with Radar,32,59,26,0,117,0,1,6,0,7,32,60,32,0,124,0,0,0,124
01/19/2012,PWM,ME,ANE,EN,Combined TRACON& Tower with Radar,34,51,32,4,121,0,0,28,0,28,34,51,60,4,149,8,0,8,157
01/20/2012,PWM,ME,ANE,EN,Combined TRACON& Tower with Radar,30,60,23,2,115,0,4,7,0,11,30,64,30,2,126,20,0,20,146
01/21/2012,PWM,ME,ANE,EN,Combined TRACON& Tower with Radar,30,28,7,0,65,0,0,0,0,0,30,28,7,0,65,0,0,0,65
01/22/2012,PWM,ME,ANE,EN,Combined TRACON& Tower with Radar,29,41,15,1,86,0,0,17,0,17,29,41,32,1,103,18,0,18,121
01/23/2012,PWM,ME,ANE,EN,Combined TRACON& Tower with Radar,29,45,11,0,85,0,0,0,0,0,29,45,11,0,85,0,0,0,85
01/24/2012,PWM,ME,ANE,EN,Combined TRACON& Tower with Radar,32,56,15,0,103,0,0,14,0,14,32,56,29,0,117,16,0,16,133
01/25/2012,PWM,ME,ANE,EN,Combined TRACON& Tower with Radar,32,57,36,0,125,0,4,18,0,22,32,61,54,0,147,0,0,0,147
01/26/2012,PWM,ME,ANE,EN,Combined TRACON& Tower with Radar,35,50,33,0,118,0,0,32,0,32,35,50,65,0,150,24,0,24,174
01/27/2012,PWM,ME,ANE,EN,Combined TRACON& Tower with Radar,34,51,4,0,89,0,0,0,0,0,34,51,4,0,89,0,0,0,89
01/28/2012,PWM,ME,ANE,EN,Combined TRACON& Tower with Radar,32,31,10,2,75,0,1,33,0,34,32,32,43,2,109,43,0,43,152
01/29/2012,PWM,ME,ANE,EN,Combined TRACON& Tower with Radar,31,35,6,2,74,0,0,30,0,30,31,35,36,2,104,0,0,0,104
01/30/2012,PWM,ME,ANE,EN,Combined TRACON& Tower with Radar,33,51,21,0,105,0,0,10,0,10,33,51,31,0,115,0,0,0,115
01/31/2012,PWM,ME,ANE,EN,Combined TRACON& Tower with Radar,32,54,7,0,93,0,0,0,0,0,32,54,7,0,93,0,0,0,93
02/01/2012,PWM,ME,ANE,EN,Combined TRACON& Tower with Radar,31,55,18,0,104,0,0,1,0,1,31,55,19,0,105,0,0,0,105
02/02/2012,PWM,ME,ANE,EN,Combined TRACON& Tower with Radar,32,53,25,0,110,0,0,21,0,21,32,53,46,0,131,4,0,4,135
02/03/2012,PWM,ME,ANE,EN,Combined TRACON& Tower with Radar,35,58,21,2,116,0,0,35,0,35,35,58,56,2,151,42,0,42,193
02/04/2012,PWM,ME,ANE,EN,Combined TRACON& Tower with Radar,30,29,17,0,76,0,2,22,0,24,30,31,39,0,100,28,0,28,128
02/05/2012,PWM,ME,ANE,EN,Combined TRACON& Tower with Radar,32,40,21,0,93,0,2,33,0,35,32,42,54,0,128,10,0,10,138
02/06/2012,PWM,ME,ANE,EN,Combined TRACON& Tower with Radar,33,58,26,0,117,0,1,12,0,13,33,59,38,0,130,8,0,8,138
02/07/2012,PWM,ME,ANE,EN,Combined TRACON& Tower with Radar,34,51,39,2,126,0,0,22,1,23,34,51,61,3,149,0,0,0,149
02/08/2012,PWM,ME,ANE,EN,Combined TRACON& Tower with Radar,32,59,36,4,131,0,1,24,1,26,32,60,60,5,157,40,0,40,197
02/09/2012,PWM,ME,ANE,EN,Combined TRACON& Tower with Radar,34,54,27,7,122,0,0,24,0,24,34,54,51,7,146,14,0,14,160
02/10/2012,PWM,ME,ANE,EN,Combined TRACON& Tower with Radar,36,55,29,0,120,0,1,30,0,31,36,56,59,0,151,26,0,26,177
02/11/2012,PWM,ME,ANE,EN,Combined TRACON& Tower with Radar,30,34,6,0,70,0,1,0,0,1,30,35,6,0,71,0,0,0,71
02/12/2012,PWM,ME,ANE,EN,Combined TRACON& Tower with Radar,24,40,8,0,72,0,0,10,0,10,24,40,18,0,82,6,0,6,88
02/13/2012,PWM,ME,ANE,EN,Combined TRACON& Tower with Radar,32,53,20,0,105,0,1,8,0,9,32,54,28,0,114,0,0,0,114
02/14/2012,PWM,ME,ANE,EN,Combined TRACON& Tower with Radar,32,58,27,0,117,0,0,10,0,10,32,58,37,0,127,0,0,0,127
02/15/2012,PWM,ME,ANE,EN,Combined TRACON& Tower with Radar,31,55,33,2,121,0,0,3,0,3,31,55,36,2,124,14,0,14,138
02/16/2012,PWM,ME,ANE,EN,Combined TRACON& Tower with Radar,38,51,37,0,126,0,1,20,0,21,38,52,57,0,147,24,0,24,171
02/17/2012,PWM,ME,ANE,EN,Combined TRACON& Tower with Radar,37,57,18,0,112,0,0,10,0,10,37,57,28,0,122,0,0,0,122
02/18/2012,PWM,ME,ANE,EN,Combined TRACON& Tower with Radar,33,31,16,1,81,0,0,22,0,22,33,31,38,1,103,20,0,20,123
02/19/2012,PWM,ME,ANE,EN,Combined TRACON& Tower with Radar,33,30,18,0,81,0,2,19,0,21,33,32,37,0,102,26,0,26,128
02/20/2012,PWM,ME,ANE,EN,Combined TRACON& Tower with Radar,35,46,23,0,104,0,0,17,0,17,35,46,40,0,121,0,0,0,121
02/21/2012,PWM,ME,ANE,EN,Combined TRACON& Tower with Radar,36,52,25,0,113,0,0,19,0,19,36,52,44,0,132,16,0,16,148
02/22/2012,PWM,ME,ANE,EN,Combined TRACON& Tower with Radar,36,57,18,2,113,0,1,15,0,16,36,58,33,2,129,16,0,16,145
02/23/2012,PWM,ME,ANE,EN,Combined TRACON& Tower with Radar,36,54,19,5,114,0,1,8,0,9,36,55,27,5,123,0,0,0,123
02/24/2012,PWM,ME,ANE,EN,Combined TRACON& Tower with Radar,33,54,13,0,100,0,1,1,0,2,33,55,14,0,102,4,0,4,106
02/25/2012,PWM,ME,ANE,EN,Combined TRACON& Tower with Radar,31,33,7,0,71,0,0,0,0,0,31,33,7,0,71,0,0,0,71
02/26/2012,PWM,ME,ANE,EN,Combined TRACON& Tower with Radar,33,41,10,0,84,0,2,16,0,18,33,43,26,0,102,21,0,21,123
02/27/2012,PWM,ME,ANE,EN,Combined TRACON& Tower with Radar,34,52,30,3,119,0,0,7,0,7,34,52,37,3,126,0,0,0,126
02/28/2012,PWM,ME,ANE,EN,Combined TRACON& Tower with Radar,36,57,19,4,116,0,0,11,0,11,36,57,30,4,127,12,0,12,139
02/29/2012,PWM,ME,ANE,EN,Combined TRACON& Tower with Radar,35,51,31,0,117,0,0,12,0,12,35,51,43,0,129,10,0,10,139
03/01/2012,PWM,ME,ANE,EN,Combined TRACON& Tower with Radar,26,25,4,0,55,0,0,0,0,0,26,25,4,0,55,0,0,0,55
03/02/2012,PWM,ME,ANE,EN,Combined TRACON& Tower with Radar,20,25,16,0,61,0,0,0,0,0,20,25,16,0,61,20,0,20,81
03/03/2012,PWM,ME,ANE,EN,Combined TRACON& Tower with Radar,23,25,4,0,52,0,0,1,0,1,23,25,5,0,53,0,0,0,53
03/04/2012,PWM,ME,ANE,EN,Combined TRACON& Tower with Radar,16,17,4,0,37,0,0,1,0,1,16,17,5,0,38,19,0,19,57
03/05/2012,PWM,ME,ANE,EN,Combined TRACON& Tower with Radar,18,25,8,0,51,0,0,1,0,1,18,25,9,0,52,2,0,2,54
03/06/2012,PWM,ME,ANE,EN,Combined TRACON& Tower with Radar,30,42,17,1,90,0,0,9,1,10,30,42,26,2,100,0,0,0,100
03/07/2012,PWM,ME,ANE,EN,Combined TRACON& Tower with Radar,37,57,36,5,135,0,0,24,2,26,37,57,60,7,161,12,0,12,173
03/08/2012,PWM,ME,ANE,EN,Combined TRACON& Tower with Radar,36,56,30,3,125,0,0,13,1,14,36,56,43,4,139,20,0,20,159
03/09/2012,PWM,ME,ANE,EN,Combined TRACON& Tower with Radar,38,56,21,3,118,0,2,20,0,22,38,58,41,3,140,4,0,4,144
03/10/2012,PWM,ME,ANE,EN,Combined TRACON& Tower with Radar,37,29,16,1,83,0,1,24,0,25,37,30,40,1,108,0,0,0,108
03/11/2012,PWM,ME,ANE,EN,Combined TRACON& Tower with Radar,31,41,16,1,89,0,0,39,1,40,31,41,55,2,129,55,0,55,184
03/12/2012,PWM,ME,ANE,EN,Combined TRACON& Tower with Radar,37,49,39,1,126,0,0,24,0,24,37,49,63,1,150,10,0,10,160
03/13/2012,PWM,ME,ANE,EN,Combined TRACON& Tower with Radar,40,51,16,0,107,0,3,8,0,11,40,54,24,0,118,0,0,0,118
03/14/2012,PWM,ME,ANE,EN,Combined TRACON& Tower with Radar,38,58,16,0,112,0,0,0,0,0,38,58,16,0,112,0,0,0,112
03/15/2012,PWM,ME,ANE,EN,Combined TRACON& Tower with Radar,39,55,22,2,118,0,0,17,0,17,39,55,39,2,135,44,0,44,179
03/16/2012,PWM,ME,ANE,EN,Combined TRACON& Tower with Radar,38,54,15,5,112,0,0,4,0,4,38,54,19,5,116,0,0,0,116
03/17/2012,PWM,ME,ANE,EN,Combined TRACON& Tower with Radar,38,31,23,0,92,0,0,56,0,56,38,31,79,0,148,15,0,15,163
03/18/2012,PWM,ME,ANE,EN,Combined TRACON& Tower with Radar,31,34,30,1,96,0,0,31,3,34,31,34,61,4,130,21,0,21,151
03/19/2012,PWM,ME,ANE,EN,Combined TRACON& Tower with Radar,37,49,19,0,105,0,1,20,0,21,37,50,39,0,126,0,0,0,126
03/20/2012,PWM,ME,ANE,EN,Combined TRACON& Tower with Radar,38,58,27,0,123,0,0,37,0,37,38,58,64,0,160,0,0,0,160
03/21/2012,PWM,ME,ANE,EN,Combined TRACON& Tower with Radar,37,61,50,2,150,0,12,21,2,35,37,73,71,4,185,0,0,0,185
03/22/2012,PWM,ME,ANE,EN,Combined TRACON& Tower with Radar,37,52,31,2,122,0,3,61,0,64,37,55,92,2,186,14,0,14,200
03/23/2012,PWM,ME,ANE,EN,Combined TRACON& Tower with Radar,38,49,25,10,122,0,2,28,2,32,38,51,53,12,154,0,2,2,156
03/24/2012,PWM,ME,ANE,EN,Combined TRACON& Tower with Radar,40,28,14,0,82,0,0,35,6,41,40,28,49,6,123,14,0,14,137
03/25/2012,PWM,ME,ANE,EN,Combined TRACON& Tower with Radar,33,31,11,0,75,0,1,0,0,1,33,32,11,0,76,0,0,0,76
03/26/2012,PWM,ME,ANE,EN,Combined TRACON& Tower with Radar,40,39,13,1,93,0,2,8,2,12,40,41,21,3,105,0,6,6,111
03/27/2012,PWM,ME,ANE,EN,Combined TRACON& Tower with Radar,42,47,11,0,100,0,1,14,2,17,42,48,25,2,117,0,0,0,117
03/28/2012,PWM,ME,ANE,EN,Combined TRACON& Tower with Radar,43,54,27,0,124,0,1,3,2,6,43,55,30,2,130,0,0,0,130
03/29/2012,PWM,ME,ANE,EN,Combined TRACON& Tower with Radar,41,48,12,0,101,0,0,2,0,2,41,48,14,0,103,0,0,0,103
03/30/2012,PWM,ME,ANE,EN,Combined TRACON& Tower with Radar,42,43,9,2,96,0,0,13,27,40,42,43,22,29,136,0,0,0,136
03/31/2012,PWM,ME,ANE,EN,Combined TRACON& Tower with Radar,41,37,6,0,84,0,2,52,0,54,41,39,58,0,138,67,0,67,205
04/01/2012,PWM,ME,ANE,EN,Combined TRACON& Tower with Radar,37,29,7,0,73,0,0,12,0,12,37,29,19,0,85,34,0,34,119
04/02/2012,PWM,ME,ANE,EN,Combined TRACON& Tower with Radar,34,47,16,4,101,0,1,11,0,12,34,48,27,4,113,0,0,0,113
04/03/2012,PWM,ME,ANE,EN,Combined TRACON& Tower with Radar,39,46,15,0,100,0,1,33,0,34,39,47,48,0,134,2,0,2,136
04/04/2012,PWM,ME,ANE,EN,Combined TRACON& Tower with Radar,39,48,14,0,101,0,0,32,0,32,39,48,46,0,133,14,0,14,147
04/05/2012,PWM,ME,ANE,EN,Combined TRACON& Tower with Radar,36,58,14,2,110,0,3,19,0,22,36,61,33,2,132,12,0,12,144
04/06/2012,PWM,ME,ANE,EN,Combined TRACON& Tower with Radar,36,49,17,0,102,0,2,39,0,41,36,51,56,0,143,22,0,22,165
04/07/2012,PWM,ME,ANE,EN,Combined TRACON& Tower with Radar,31,34,14,0,79,0,1,32,1,34,31,35,46,1,113,24,0,24,137
04/08/2012,PWM,ME,ANE,EN,Combined TRACON& Tower with Radar,32,30,11,0,73,0,0,11,0,11,32,30,22,0,84,0,0,0,84
04/09/2012,PWM,ME,ANE,EN,Combined TRACON& Tower with Radar,33,46,15,0,94,0,6,5,0,11,33,52,20,0,105,0,0,0,105
04/10/2012,PWM,ME,ANE,EN,Combined TRACON& Tower with Radar,40,45,24,0,109,0,0,15,0,15,40,45,39,0,124,10,0,10,134
04/11/2012,PWM,ME,ANE,EN,Combined TRACON& Tower with Radar,35,55,26,0,116,0,2,16,0,18,35,57,42,0,134,23,0,23,157
04/12/2012,PWM,ME,ANE,EN,Combined TRACON& Tower with Radar,36,55,17,4,112,0,2,16,0,18,36,57,33,4,130,13,0,13,143
04/13/2012,PWM,ME,ANE,EN,Combined TRACON& Tower with Radar,38,53,17,0,108,0,3,40,0,43,38,56,57,0,151,6,0,6,157
04/14/2012,PWM,ME,ANE,EN,Combined TRACON& Tower with Radar,28,45,10,0,83,0,0,44,1,45,28,45,54,1,128,61,0,61,189
04/15/2012,PWM,ME,ANE,EN,Combined TRACON& Tower with Radar,33,35,4,0,72,0,0,30,4,34,33,35,34,4,106,28,0,28,134
04/16/2012,PWM,ME,ANE,EN,Combined TRACON& Tower with Radar,35,52,14,0,101,0,2,34,2,38,35,54,48,2,139,20,0,20,159
04/17/2012,PWM,ME,ANE,EN,Combined TRACON& Tower with Radar,42,50,13,0,105,0,4,24,0,28,42,54,37,0,133,7,0,7,140
04/18/2012,PWM,ME,ANE,EN,Combined TRACON& Tower with Radar,38,59,13,0,110,0,7,45,2,54,38,66,58,2,164,6,0,6,170
04/19/2012,PWM,ME,ANE,EN,Combined TRACON& Tower with Radar,38,54,11,2,105,0,0,33,0,33,38,54,44,2,138,44,0,44,182
04/20/2012,PWM,ME,ANE,EN,Combined TRACON& Tower with Radar,35,54,12,2,103,0,2,34,0,36,35,56,46,2,139,6,2,8,147
04/21/2012,PWM,ME,ANE,EN,Combined TRACON& Tower with Radar,29,37,9,0,75,0,0,7,0,7,29,37,16,0,82,6,0,6,88
04/22/2012,PWM,ME,ANE,EN,Combined TRACON& Tower with Radar,33,33,18,0,84,0,0,1,0,1,33,33,19,0,85,0,0,0,85
04/23/2012,PWM,ME,ANE,EN,Combined TRACON& Tower with Radar,35,46,13,0,94,0,0,0,0,0,35,46,13,0,94,0,0,0,94
04/24/2012,PWM,ME,ANE,EN,Combined TRACON& Tower with Radar,40,50,18,0,108,0,0,14,0,14,40,50,32,0,122,0,0,0,122
04/25/2012,PWM,ME,ANE,EN,Combined TRACON& Tower with Radar,38,55,16,0,109,0,2,35,2,39,38,57,51,2,148,12,0,12,160
04/26/2012,PWM,ME,ANE,EN,Combined TRACON& Tower with Radar,35,59,20,0,114,0,1,22,0,23,35,60,42,0,137,23,0,23,160
04/27/2012,PWM,ME,ANE,EN,Combined TRACON& Tower with Radar,36,53,20,0,109,0,1,7,0,8,36,54,27,0,117,0,0,0,117
04/28/2012,PWM,ME,ANE,EN,Combined TRACON& Tower with Radar,30,42,4,0,76,0,2,17,0,19,30,44,21,0,95,18,0,18,113
04/29/2012,PWM,ME,ANE,EN,Combined TRACON& Tower with Radar,36,40,9,0,85,0,0,18,0,18,36,40,27,0,103,0,0,0,103
04/30/2012,PWM,ME,ANE,EN,Combined TRACON& Tower with Radar,35,54,7,0,96,0,3,27,3,33,35,57,34,3,129,6,0,6,135
05/01/2012,PWM,ME,ANE,EN,Combined TRACON& Tower with Radar,37,49,19,0,105,0,0,1,0,1,37,49,20,0,106,0,0,0,106
05/02/2012,PWM,ME,ANE,EN,Combined TRACON& Tower with Radar,38,53,29,0,120,0,0,0,0,0,38,53,29,0,120,0,0,0,120
05/03/2012,PWM,ME,ANE,EN,Combined TRACON& Tower with Radar,36,53,28,0,117,0,0,3,1,4,36,53,31,1,121,4,0,4,125
05/04/2012,PWM,ME,ANE,EN,Combined TRACON& Tower with Radar,40,50,10,0,100,0,0,0,0,0,40,50,10,0,100,0,0,0,100
05/05/2012,PWM,ME,ANE,EN,Combined TRACON& Tower with Radar,33,47,14,0,94,0,0,16,0,16,33,47,30,0,110,12,0,12,122
05/06/2012,PWM,ME,ANE,EN,Combined TRACON& Tower with Radar,37,37,8,0,82,0,0,47,0,47,37,37,55,0,129,39,0,39,168
05/07/2012,PWM,ME,ANE,EN,Combined TRACON& Tower with Radar,37,53,10,0,100,0,3,41,0,44,37,56,51,0,144,2,0,2,146
05/08/2012,PWM,ME,ANE,EN,Combined TRACON& Tower with Radar,35,47,16,0,98,0,0,0,0,0,35,47,16,0,98,1,0,1,99
05/09/2012,PWM,ME,ANE,EN,Combined TRACON& Tower with Radar,34,53,16,0,103,0,0,0,0,0,34,53,16,0,103,1,0,1,104
05/10/2012,PWM,ME,ANE,EN,Combined TRACON& Tower with Radar,37,55,25,0,117,0,0,6,0,6,37,55,31,0,123,26,0,26,149
05/11/2012,PWM,ME,ANE,EN,Combined TRACON& Tower with Radar,39,61,11,0,111,0,5,43,1,49,39,66,54,1,160,35,0,35,195
05/12/2012,PWM,ME,ANE,EN,Combined TRACON& Tower with Radar,34,45,9,0,88,0,6,43,0,49,34,51,52,0,137,38,0,38,175
05/13/2012,PWM,ME,ANE,EN,Combined TRACON& Tower with Radar,39,38,9,0,86,0,2,37,0,39,39,40,46,0,125,29,0,29,154
05/14/2012,PWM,ME,ANE,EN,Combined TRACON& Tower with Radar,40,52,18,0,110,0,2,13,0,15,40,54,31,0,125,10,0,10,135
05/15/2012,PWM,ME,ANE,EN,Combined TRACON& Tower with Radar,36,53,37,0,126,0,0,8,0,8,36,53,45,0,134,4,0,4,138
05/16/2012,PWM,ME,ANE,EN,Combined TRACON& Tower with Radar,40,59,36,0,135,0,2,0,0,2,40,61,36,0,137,0,0,0,137
05/17/2012,PWM,ME,ANE,EN,Combined TRACON& Tower with Radar,41,60,23,0,124,0,2,58,0,60,41,62,81,0,184,29,0,29,213
05/18/2012,PWM,ME,ANE,EN,Combined TRACON& Tower with Radar,41,61,14,8,124,0,4,44,1,49,41,65,58,9,173,14,6,20,193
05/19/2012,PWM,ME,ANE,EN,Combined TRACON& Tower with Radar,34,45,9,0,88,0,0,64,0,64,34,45,73,0,152,23,0,23,175
05/20/2012,PWM,ME,ANE,EN,Combined TRACON& Tower with Radar,36,38,15,0,89,0,2,58,2,62,36,40,73,2,151,12,0,12,163
05/21/2012,PWM,ME,ANE,EN,Combined TRACON& Tower with Radar,36,48,18,0,102,0,2,23,0,25,36,50,41,0,127,20,0,20,147
05/22/2012,PWM,ME,ANE,EN,Combined TRACON& Tower with Radar,37,49,18,0,104,0,0,0,0,0,37,49,18,0,104,0,0,0,104
05/23/2012,PWM,ME,ANE,EN,Combined TRACON& Tower with Radar,32,53,31,0,116,0,3,19,0,22,32,56,50,0,138,2,0,2,140
05/24/2012,PWM,ME,ANE,EN,Combined TRACON& Tower with Radar,36,58,29,0,123,0,0,0,0,0,36,58,29,0,123,0,0,0,123
05/25/2012,PWM,ME,ANE,EN,Combined TRACON& Tower with Radar,40,63,16,0,119,0,0,0,0,0,40,63,16,0,119,0,0,0,119
05/26/2012,PWM,ME,ANE,EN,Combined TRACON& Tower with Radar,38,43,10,0,91,0,0,56,0,56,38,43,66,0,147,24,0,24,171
05/27/2012,PWM,ME,ANE,EN,Combined TRACON& Tower with Radar,38,35,7,0,80,0,1,72,0,73,38,36,79,0,153,72,0,72,225
05/28/2012,PWM,ME,ANE,EN,Combined TRACON& Tower with Radar,36,51,7,0,94,0,1,47,0,48,36,52,54,0,142,34,0,34,176
05/29/2012,PWM,ME,ANE,EN,Combined TRACON& Tower with Radar,33,46,13,0,92,0,0,0,0,0,33,46,13,0,92,0,0,0,92
05/30/2012,PWM,ME,ANE,EN,Combined TRACON& Tower with Radar,40,52,23,0,115,0,1,16,0,17,40,53,39,0,132,15,0,15,147
05/31/2012,PWM,ME,ANE,EN,Combined TRACON& Tower with Radar,38,53,31,0,122,0,3,51,0,54,38,56,82,0,176,38,0,38,214
06/01/2012,PWM,ME,ANE,EN,Combined TRACON& Tower with Radar,37,54,19,0,110,0,1,65,0,66,37,55,84,0,176,20,0,20,196
06/02/2012,PWM,ME,ANE,EN,Combined TRACON& Tower with Radar,33,47,13,0,93,0,1,1,0,2,33,48,14,0,95,0,0,0,95
06/03/2012,PWM,ME,ANE,EN,Combined TRACON& Tower with Radar,36,42,15,0,93,0,0,0,0,0,36,42,15,0,93,0,0,0,93
06/04/2012,PWM,ME,ANE,EN,Combined TRACON& Tower with Radar,39,52,17,0,108,0,0,0,0,0,39,52,17,0,108,0,0,0,108
06/05/2012,PWM,ME,ANE,EN,Combined TRACON& Tower with Radar,38,55,21,0,114,0,0,1,2,3,38,55,22,2,117,4,0,4,121
06/06/2012,PWM,ME,ANE,EN,Combined TRACON& Tower with Radar,39,65,40,0,144,0,0,18,0,18,39,65,58,0,162,18,0,18,180
06/07/2012,PWM,ME,ANE,EN,Combined TRACON& Tower with Radar,44,58,22,0,124,0,2,22,0,24,44,60,44,0,148,4,0,4,152
06/08/2012,PWM,ME,ANE,EN,Combined TRACON& Tower with Radar,46,55,21,0,122,0,0,12,0,12,46,55,33,0,134,0,0,0,134
06/09/2012,PWM,ME,ANE,EN,Combined TRACON& Tower with Radar,48,40,19,0,107,0,0,56,0,56,48,40,75,0,163,16,0,16,179
06/10/2012,PWM,ME,ANE,EN,Combined TRACON& Tower with Radar,45,43,24,0,112,0,0,64,0,64,45,43,88,0,176,15,0,15,191
06/11/2012,PWM,ME,ANE,EN,Combined TRACON& Tower with Radar,45,57,31,0,133,0,8,47,2,57,45,65,78,2,190,14,0,14,204
06/12/2012,PWM,ME,ANE,EN,Combined TRACON& Tower with Radar,48,51,39,0,138,0,0,33,1,34,48,51,72,1,172,4,0,4,176
06/13/2012,PWM,ME,ANE,EN,Combined TRACON& Tower with Radar,44,52,35,2,133,0,0,1,0,1,44,52,36,2,134,0,0,0,134
06/14/2012,PWM,ME,ANE,EN,Combined TRACON& Tower with Radar,48,57,26,4,135,0,4,39,0,43,48,61,65,4,178,2,4,6,184
06/15/2012,PWM,ME,ANE,EN,Combined TRACON& Tower with Radar,45,63,17,1,126,0,7,52,0,59,45,70,69,1,185,8,0,8,193
06/16/2012,PWM,ME,ANE,EN,Combined TRACON& Tower with Radar,46,41,18,1,106,0,4,36,2,42,46,45,54,3,148,14,0,14,162
06/17/2012,PWM,ME,ANE,EN,Combined TRACON& Tower with Radar,45,49,13,0,107,0,4,39,3,46,45,53,52,3,153,2,0,2,155
06/18/2012,PWM,ME,ANE,EN,Combined TRACON& Tower with Radar,46,44,24,0,114,0,4,24,0,28,46,48,48,0,142,0,0,0,142
06/19/2012,PWM,ME,ANE,EN,Combined TRACON& Tower with Radar,46,49,28,0,123,0,2,26,0,28,46,51,54,0,151,44,0,44,195
06/20/2012,PWM,ME,ANE,EN,Combined TRACON& Tower with Radar,46,53,31,2,132,0,3,37,2,42,46,56,68,4,174,0,0,0,174
06/21/2012,PWM,ME,ANE,EN,Combined TRACON& Tower with Radar,49,60,27,0,136,0,4,42,0,46,49,64,69,0,182,12,0,12,194
06/22/2012,PWM,ME,ANE,EN,Combined TRACON& Tower with Radar,40,51,20,6,117,0,1,40,4,45,40,52,60,10,162,0,0,0,162
06/23/2012,PWM,ME,ANE,EN,Combined TRACON& Tower with Radar,47,39,20,0,106,0,1,37,0,38,47,40,57,0,144,4,0,4,148
06/24/2012,PWM,ME,ANE,EN,Combined TRACON& Tower with Radar,43,56,21,0,120,0,4,61,0,65,43,60,82,0,185,56,0,56,241
06/25/2012,PWM,ME,ANE,EN,Combined TRACON& Tower with Radar,44,50,20,0,114,0,2,6,0,8,44,52,26,0,122,6,0,6,128
06/26/2012,PWM,ME,ANE,EN,Combined TRACON& Tower with Radar,48,55,30,0,133,0,0,5,0,5,48,55,35,0,138,0,0,0,138
06/27/2012,PWM,ME,ANE,EN,Combined TRACON& Tower with Radar,48,64,33,0,145,0,3,29,2,34,48,67,62,2,179,6,0,6,185
06/28/2012,PWM,ME,ANE,EN,Combined TRACON& Tower with Radar,48,59,32,0,139,0,3,50,7,60,48,62,82,7,199,24,0,24,223
06/29/2012,PWM,ME,ANE,EN,Combined TRACON& Tower with Radar,48,53,19,3,123,0,2,44,0,46,48,55,63,3,169,34,0,34,203
06/30/2012,PWM,ME,ANE,EN,Combined TRACON& Tower with Radar,49,42,21,0,112,0,2,68,0,70,49,44,89,0,182,30,0,30,212
07/01/2012,PWM,ME,ANE,EN,Combined TRACON& Tower with Radar,40,48,9,1,98,0,1,28,0,29,40,49,37,1,127,2,0,2,129
07/02/2012,PWM,ME,ANE,EN,Combined TRACON& Tower with Radar,47,66,13,0,126,0,2,31,0,33,47,68,44,0,159,8,0,8,167
07/03/2012,PWM,ME,ANE,EN,Combined TRACON& Tower with Radar,43,56,19,0,118,0,1,72,0,73,43,57,91,0,191,6,0,6,197
07/04/2012,PWM,ME,ANE,EN,Combined TRACON& Tower with Radar,33,48,16,0,97,0,1,12,0,13,33,49,28,0,110,12,0,12,122
07/05/2012,PWM,ME,ANE,EN,Combined TRACON& Tower with Radar,44,57,16,0,117,0,2,40,0,42,44,59,56,0,159,35,0,35,194
07/06/2012,PWM,ME,ANE,EN,Combined TRACON& Tower with Radar,46,55,22,0,123,0,5,64,4,73,46,60,86,4,196,24,0,24,220
07/07/2012,PWM,ME,ANE,EN,Combined TRACON& Tower with Radar,44,54,13,0,111,0,3,34,2,39,44,57,47,2,150,49,0,49,199
07/08/2012,PWM,ME,ANE,EN,Combined TRACON& Tower with Radar,40,55,27,0,122,0,2,53,0,55,40,57,80,0,177,6,0,6,183
07/09/2012,PWM,ME,ANE,EN,Combined TRACON& Tower with Radar,44,63,16,0,123,0,4,33,0,37,44,67,49,0,160,12,0,12,172
07/10/2012,PWM,ME,ANE,EN,Combined TRACON& Tower with Radar,46,52,13,0,111,0,1,26,1,28,46,53,39,1,139,20,0,20,159
07/11/2012,PWM,ME,ANE,EN,Combined TRACON& Tower with Radar,51,55,23,0,129,0,5,68,4,77,51,60,91,4,206,2,2,4,210
07/12/2012,PWM,ME,ANE,EN,Combined TRACON& Tower with Radar,54,65,33,2,154,0,3,83,1,87,54,68,116,3,241,8,0,8,249
07/13/2012,PWM,ME,ANE,EN,Combined TRACON& Tower with Radar,49,50,17,1,117,0,4,54,4,62,49,54,71,5,179,22,0,22,201
07/14/2012,PWM,ME,ANE,EN,Combined TRACON& Tower with Radar,50,52,21,5,128,0,2,55,7,64,50,54,76,12,192,37,4,41,233
07/15/2012,PWM,ME,ANE,EN,Combined TRACON& Tower with Radar,43,65,23,0,131,0,5,32,0,37,43,70,55,0,168,6,0,6,174
07/16/2012,PWM,ME,ANE,EN,Combined TRACON& Tower with Radar,50,61,24,0,135,0,1,25,2,28,50,62,49,2,163,18,0,18,181
07/17/2012,PWM,ME,ANE,EN,Combined TRACON& Tower with Radar,54,56,9,4,123,0,0,11,0,11,54,56,20,4,134,20,0,20,154
07/18/2012,PWM,ME,ANE,EN,Combined TRACON& Tower with Radar,47,55,40,0,142,0,10,42,1,53,47,65,82,1,195,6,0,6,201
07/19/2012,PWM,ME,ANE,EN,Combined TRACON& Tower with Radar,48,68,57,0,173,0,3,73,0,76,48,71,130,0,249,50,0,50,299
07/20/2012,PWM,ME,ANE,EN,Combined TRACON& Tower with Radar,46,70,42,0,158,0,6,77,0,83,46,76,119,0,241,30,0,30,271
07/21/2012,PWM,ME,ANE,EN,Combined TRACON& Tower with Radar,52,72,48,0,172,0,8,62,0,70,52,80,110,0,242,26,0,26,268
07/22/2012,PWM,ME,ANE,EN,Combined TRACON& Tower with Radar,49,58,36,0,143,0,7,49,0,56,49,65,85,0,199,6,0,6,205
07/23/2012,PWM,ME,ANE,EN,Combined TRACON& Tower with Radar,48,57,24,0,129,0,3,27,0,30,48,60,51,0,159,0,0,0,159
07/24/2012,PWM,ME,ANE,EN,Combined TRACON& Tower with Radar,54,55,19,1,129,0,2,35,3,40,54,57,54,4,169,0,0,0,169
07/25/2012,PWM,ME,ANE,EN,Combined TRACON& Tower with Radar,52,54,26,0,132,0,2,43,0,45,52,56,69,0,177,0,0,0,177
07/26/2012,PWM,ME,ANE,EN,Combined TRACON& Tower with Radar,40,56,20,0,116,0,5,43,0,48,40,61,63,0,164,12,0,12,176
07/27/2012,PWM,ME,ANE,EN,Combined TRACON& Tower with Radar,47,60,31,0,138,0,4,16,0,20,47,64,47,0,158,4,0,4,162
07/28/2012,PWM,ME,ANE,EN,Combined TRACON& Tower with Radar,47,52,14,0,113,0,0,41,1,42,47,52,55,1,155,50,0,50,205
07/29/2012,PWM,ME,ANE,EN,Combined TRACON& Tower with Radar,49,58,32,4,143,0,0,15,0,15,49,58,47,4,158,0,0,0,158
07/30/2012,PWM,ME,ANE,EN,Combined TRACON& Tower with Radar,50,56,23,0,129,0,6,51,3,60,50,62,74,3,189,0,0,0,189
07/31/2012,PWM,ME,ANE,EN,Combined TRACON& Tower with Radar,52,45,46,0,143,0,5,46,1,52,52,50,92,1,195,31,0,31,226
08/01/2012,PWM,ME,ANE,EN,Combined TRACON& Tower with Radar,53,60,35,0,148,0,4,14,0,18,53,64,49,0,166,14,0,14,180
08/02/2012,PWM,ME,ANE,EN,Combined TRACON& Tower with Radar,50,65,33,0,148,0,0,27,0,27,50,65,60,0,175,48,0,48,223
08/03/2012,PWM,ME,ANE,EN,Combined TRACON& Tower with Radar,47,64,23,0,134,0,5,59,0,64,47,69,82,0,198,13,0,13,211
08/04/2012,PWM,ME,ANE,EN,Combined TRACON& Tower with Radar,45,56,17,1,119,0,1,50,0,51,45,57,67,1,170,42,0,42,212
08/05/2012,PWM,ME,ANE,EN,Combined TRACON& Tower with Radar,41,45,30,0,116,0,0,22,0,22,41,45,52,0,138,0,0,0,138
08/06/2012,PWM,ME,ANE,EN,Combined TRACON& Tower with Radar,49,59,22,2,132,0,6,49,1,56,49,65,71,3,188,45,0,45,233
08/07/2012,PWM,ME,ANE,EN,Combined TRACON& Tower with Radar,51,59,15,0,125,0,3,64,2,69,51,62,79,2,194,8,0,8,202
08/08/2012,PWM,ME,ANE,EN,Combined TRACON& Tower with Radar,50,64,29,0,143,0,3,56,3,62,50,67,85,3,205,14,0,14,219
08/09/2012,PWM,ME,ANE,EN,Combined TRACON& Tower with Radar,46,62,33,0,141,0,4,20,0,24,46,66,53,0,165,0,0,0,165
08/10/2012,PWM,ME,ANE,EN,Combined TRACON& Tower with Radar,37,64,44,1,146,0,0,0,0,0,37,64,44,1,146,0,0,0,146
08/11/2012,PWM,ME,ANE,EN,Combined TRACON& Tower with Radar,48,55,30,0,133,0,0,4,0,4,48,55,34,0,137,0,0,0,137
08/12/2012,PWM,ME,ANE,EN,Combined TRACON& Tower with Radar,45,70,32,0,147,0,2,3,0,5,45,72,35,0,152,0,0,0,152
08/13/2012,PWM,ME,ANE,EN,Combined TRACON& Tower with Radar,53,62,34,0,149,0,3,56,0,59,53,65,90,0,208,8,0,8,216
08/14/2012,PWM,ME,ANE,EN,Combined TRACON& Tower with Radar,52,59,28,0,139,0,2,57,1,60,52,61,85,1,199,48,0,48,247
08/15/2012,PWM,ME,ANE,EN,Combined TRACON& Tower with Radar,49,67,35,0,151,0,3,28,0,31,49,70,63,0,182,4,0,4,186
08/16/2012,PWM,ME,ANE,EN,Combined TRACON& Tower with Radar,57,62,41,0,160,0,2,15,3,20,57,64,56,3,180,0,0,0,180
08/17/2012,PWM,ME,ANE,EN,Combined TRACON& Tower with Radar,51,60,44,0,155,0,7,117,0,124,51,67,161,0,279,10,0,10,289
08/18/2012,PWM,ME,ANE,EN,Combined TRACON& Tower with Radar,47,53,23,0,123,0,2,24,1,27,47,55,47,1,150,36,0,36,186
08/19/2012,PWM,ME,ANE,EN,Combined TRACON& Tower with Radar,46,64,21,0,131,0,7,63,1,71,46,71,84,1,202,0,0,0,202
08/20/2012,PWM,ME,ANE,EN,Combined TRACON& Tower with Radar,52,66,36,0,154,0,5,42,0,47,52,71,78,0,201,10,0,10,211
08/21/2012,PWM,ME,ANE,EN,Combined TRACON& Tower with Radar,53,60,30,2,145,0,2,45,0,47,53,62,75,2,192,0,0,0,192
08/22/2012,PWM,ME,ANE,EN,Combined TRACON& Tower with Radar,49,55,25,0,129,0,2,44,0,46,49,57,69,0,175,6,0,6,181
08/23/2012,PWM,ME,ANE,EN,Combined TRACON& Tower with Radar,50,59,28,3,140,0,3,56,1,60,50,62,84,4,200,24,0,24,224
08/24/2012,PWM,ME,ANE,EN,Combined TRACON& Tower with Radar,50,66,38,8,162,0,6,63,0,69,50,72,101,8,231,8,0,8,239
08/25/2012,PWM,ME,ANE,EN,Combined TRACON& Tower with Radar,50,46,14,0,110,0,0,55,2,57,50,46,69,2,167,0,0,0,167
08/26/2012,PWM,ME,ANE,EN,Combined TRACON& Tower with Radar,43,54,21,2,120,0,4,41,1,46,43,58,62,3,166,0,0,0,166
08/27/2012,PWM,ME,ANE,EN,Combined TRACON& Tower with Radar,48,58,29,0,135,0,1,49,8,58,48,59,78,8,193,14,0,14,207
08/28/2012,PWM,ME,ANE,EN,Combined TRACON& Tower with Radar,56,56,21,0,133,0,0,24,0,24,56,56,45,0,157,12,0,12,169
08/29/2012,PWM,ME,ANE,EN,Combined TRACON& Tower with Radar,55,52,24,9,140,0,4,59,3,66,55,56,83,12,206,8,6,14,220
08/30/2012,PWM,ME,ANE,EN,Combined TRACON& Tower with Radar,53,53,23,0,129,0,3,64,2,69,53,56,87,2,198,8,0,8,206
08/31/2012,PWM,ME,ANE,EN,Combined TRACON& Tower with Radar,52,60,16,0,128,0,4,26,0,30,52,64,42,0,158,14,0,14,172
09/01/2012,PWM,ME,ANE,EN,Combined TRACON& Tower with Radar,48,39,13,0,100,0,0,82,0,82,48,39,95,0,182,6,0,6,188
09/02/2012,PWM,ME,ANE,EN,Combined TRACON& Tower with Radar,42,41,21,0,104,0,0,11,0,11,42,41,32,0,115,14,0,14,129
09/03/2012,PWM,ME,ANE,EN,Combined TRACON& Tower with Radar,49,43,19,0,111,0,4,56,0,60,49,47,75,0,171,28,0,28,199
09/04/2012,PWM,ME,ANE,EN,Combined TRACON& Tower with Radar,51,45,24,0,120,0,1,7,0,8,51,46,31,0,128,0,0,0,128
09/05/2012,PWM,ME,ANE,EN,Combined TRACON& Tower with Radar,42,55,18,0,115,0,0,8,0,8,42,55,26,0,123,2,0,2,125
09/06/2012,PWM,ME,ANE,EN,Combined TRACON& Tower with Radar,44,62,28,0,134,0,2,42,0,44,44,64,70,0,178,18,0,18,196
09/07/2012,PWM,ME,ANE,EN,Combined TRACON& Tower with Radar,35,56,17,0,108,0,0,18,1,19,35,56,35,1,127,0,0,0,127
09/08/2012,PWM,ME,ANE,EN,Combined TRACON& Tower with Radar,44,45,16,0,105,0,0,1,0,1,44,45,17,0,106,0,0,0,106
09/09/2012,PWM,ME,ANE,EN,Combined TRACON& Tower with Radar,45,50,17,0,112,0,4,47,0,51,45,54,64,0,163,6,0,6,169
09/10/2012,PWM,ME,ANE,EN,Combined TRACON& Tower with Radar,43,51,13,0,107,0,2,31,1,34,43,53,44,1,141,4,0,4,145
09/11/2012,PWM,ME,ANE,EN,Combined TRACON& Tower with Radar,42,61,22,0,125,0,3,47,0,50,42,64,69,0,175,20,0,20,195
09/12/2012,PWM,ME,ANE,EN,Combined TRACON& Tower with Radar,40,60,25,6,131,0,3,43,1,47,40,63,68,7,178,0,0,0,178
09/13/2012,PWM,ME,ANE,EN,Combined TRACON& Tower with Radar,44,57,20,0,121,0,2,35,0,37,44,59,55,0,158,10,0,10,168
09/14/2012,PWM,ME,ANE,EN,Combined TRACON& Tower with Radar,46,56,14,2,118,0,1,64,0,65,46,57,78,2,183,22,0,22,205
09/15/2012,PWM,ME,ANE,EN,Combined TRACON& Tower with Radar,45,43,25,0,113,0,3,25,0,28,45,46,50,0,141,0,0,0,141
09/16/2012,PWM,ME,ANE,EN,Combined TRACON& Tower with Radar,44,53,16,0,113,0,3,40,0,43,44,56,56,0,156,20,0,20,176
09/17/2012,PWM,ME,ANE,EN,Combined TRACON& Tower with Radar,42,59,18,1,120,0,9,37,2,48,42,68,55,3,168,0,0,0,168
09/18/2012,PWM,ME,ANE,EN,Combined TRACON& Tower with Radar,46,57,23,1,127,0,0,12,0,12,46,57,35,1,139,24,0,24,163
09/19/2012,PWM,ME,ANE,EN,Combined TRACON& Tower with Radar,42,62,19,5,128,0,3,27,0,30,42,65,46,5,158,34,4,38,196
09/20/2012,PWM,ME,ANE,EN,Combined TRACON& Tower with Radar,46,55,14,4,119,0,1,48,0,49,46,56,62,4,168,17,0,17,185
09/21/2012,PWM,ME,ANE,EN,Combined TRACON& Tower with Radar,46,65,39,4,154,0,6,31,0,37,46,71,70,4,191,20,4,24,215
09/22/2012,PWM,ME,ANE,EN,Combined TRACON& Tower with Radar,44,40,30,0,114,0,0,2,0,2,44,40,32,0,116,0,0,0,116
09/23/2012,PWM,ME,ANE,EN,Combined TRACON& Tower with Radar,44,47,11,0,102,0,8,37,1,46,44,55,48,1,148,18,0,18,166
09/24/2012,PWM,ME,ANE,EN,Combined TRACON& Tower with Radar,43,54,21,0,118,0,6,49,0,55,43,60,70,0,173,0,0,0,173
09/25/2012,PWM,ME,ANE,EN,Combined TRACON& Tower with Radar,45,54,19,2,120,0,4,55,5,64,45,58,74,7,184,4,0,4,188
09/26/2012,PWM,ME,ANE,EN,Combined TRACON& Tower with Radar,43,59,30,2,134,0,1,8,0,9,43,60,38,2,143,2,0,2,145
09/27/2012,PWM,ME,ANE,EN,Combined TRACON& Tower with Radar,43,60,25,2,130,0,2,43,1,46,43,62,68,3,176,12,0,12,188
09/28/2012,PWM,ME,ANE,EN,Combined TRACON& Tower with Radar,45,57,25,1,128,0,0,13,0,13,45,57,38,1,141,8,0,8,149
09/29/2012,PWM,ME,ANE,EN,Combined TRACON& Tower with Radar,43,48,20,0,111,0,0,0,0,0,43,48,20,0,111,0,0,0,111
09/30/2012,PWM,ME,ANE,EN,Combined TRACON& Tower with Radar,45,60,22,0,127,0,0,0,0,0,45,60,22,0,127,0,0,0,127
10/01/2012,PWM,ME,ANE,EN,Combined TRACON& Tower with Radar,46,50,15,3,114,0,2,18,0,20,46,52,33,3,134,0,0,0,134
10/02/2012,PWM,ME,ANE,EN,Combined TRACON& Tower with Radar,46,55,17,0,118,0,0,42,1,43,46,55,59,1,161,0,0,0,161
10/03/2012,PWM,ME,ANE,EN,Combined TRACON& Tower with Radar,44,56,6,0,106,0,1,2,0,3,44,57,8,0,109,0,0,0,109
10/04/2012,PWM,ME,ANE,EN,Combined TRACON& Tower with Radar,48,52,14,0,114,0,0,0,0,0,48,52,14,0,114,0,0,0,114
10/05/2012,PWM,ME,ANE,EN,Combined TRACON& Tower with Radar,51,62,36,4,153,0,0,15,0,15,51,62,51,4,168,0,0,0,168
10/06/2012,PWM,ME,ANE,EN,Combined TRACON& Tower with Radar,44,44,16,0,104,0,6,22,0,28,44,50,38,0,132,0,0,0,132
10/07/2012,PWM,ME,ANE,EN,Combined TRACON& Tower with Radar,45,50,22,0,117,0,1,30,0,31,45,51,52,0,148,14,0,14,162
10/08/2012,PWM,ME,ANE,EN,Combined TRACON& Tower with Radar,47,53,22,0,122,0,3,26,0,29,47,56,48,0,151,25,0,25,176
10/09/2012,PWM,ME,ANE,EN,Combined TRACON& Tower with Radar,49,66,22,0,137,0,2,24,2,28,49,68,46,2,165,19,0,19,184
10/10/2012,PWM,ME,ANE,EN,Combined TRACON& Tower with Radar,43,71,26,0,140,0,0,0,0,0,43,71,26,0,140,0,0,0,140
10/11/2012,PWM,ME,ANE,EN,Combined TRACON& Tower with Radar,49,63,16,0,128,0,14,46,0,60,49,77,62,0,188,2,0,2,190
10/12/2012,PWM,ME,ANE,EN,Combined TRACON& Tower with Radar,50,61,12,6,129,0,8,14,0,22,50,69,26,6,151,22,0,22,173
10/13/2012,PWM,ME,ANE,EN,Combined TRACON& Tower with Radar,45,41,5,0,91,0,5,73,3,81,45,46,78,3,172,53,0,53,225
10/14/2012,PWM,ME,ANE,EN,Combined TRACON& Tower with Radar,46,49,13,0,108,0,0,2,0,2,46,49,15,0,110,2,0,2,112
10/15/2012,PWM,ME,ANE,EN,Combined TRACON& Tower with Radar,48,49,28,4,129,0,2,8,0,10,48,51,36,4,139,2,0,2,141
10/16/2012,PWM,ME,ANE,EN,Combined TRACON& Tower with Radar,50,55,39,2,146,0,3,9,0,12,50,58,48,2,158,20,0,20,178
10/17/2012,PWM,ME,ANE,EN,Combined TRACON& Tower with Radar,46,61,22,0,129,0,1,59,0,60,46,62,81,0,189,12,0,12,201
10/18/2012,PWM,ME,ANE,EN,Combined TRACON& Tower with Radar,51,57,38,0,146,0,3,44,1,48,51,60,82,1,194,10,0,10,204
10/19/2012,PWM,ME,ANE,EN,Combined TRACON& Tower with Radar,48,58,20,0,126,0,0,2,0,2,48,58,22,0,128,0,0,0,128
10/20/2012,PWM,ME,ANE,EN,Combined TRACON& Tower with Radar,45,43,12,0,100,0,0,0,0,0,45,43,12,0,100,0,0,0,100
10/21/2012,PWM,ME,ANE,EN,Combined TRACON& Tower with Radar,47,47,15,0,109,0,0,46,0,46,47,47,61,0,155,20,0,20,175
10/22/2012,PWM,ME,ANE,EN,Combined TRACON& Tower with Radar,49,45,14,0,108,0,3,14,2,19,49,48,28,2,127,0,0,0,127
10/23/2012,PWM,ME,ANE,EN,Combined TRACON& Tower with Radar,48,55,23,0,126,0,1,44,0,45,48,56,67,0,171,0,0,0,171
10/24/2012,PWM,ME,ANE,EN,Combined TRACON& Tower with Radar,45,55,24,0,124,0,1,35,0,36,45,56,59,0,160,24,0,24,184
10/25/2012,PWM,ME,ANE,EN,Combined TRACON& Tower with Radar,47,51,28,0,126,0,1,51,4,56,47,52,79,4,182,10,0,10,192
10/26/2012,PWM,ME,ANE,EN,Combined TRACON& Tower with Radar,51,54,23,0,128,0,2,35,0,37,51,56,58,0,165,24,0,24,189
10/27/2012,PWM,ME,ANE,EN,Combined TRACON& Tower with Radar,45,40,20,0,105,0,0,25,0,25,45,40,45,0,130,20,0,20,150
10/28/2012,PWM,ME,ANE,EN,Combined TRACON& Tower with Radar,41,42,28,0,111,0,0,3,0,3,41,42,31,0,114,0,0,0,114
10/29/2012,PWM,ME,ANE,EN,Combined TRACON& Tower with Radar,7,6,2,0,15,0,0,0,0,0,7,6,2,0,15,0,0,0,15
10/30/2012,PWM,ME,ANE,EN,Combined TRACON& Tower with Radar,12,22,2,0,36,0,0,0,0,0,12,22,2,0,36,0,0,0,36
10/31/2012,PWM,ME,ANE,EN,Combined TRACON& Tower with Radar,22,32,18,14,86,0,1,9,0,10,22,33,27,14,96,0,0,0,96
11/01/2012,PWM,ME,ANE,EN,Combined TRACON& Tower with Radar,48,38,16,0,102,0,0,16,5,21,48,38,32,5,123,0,0,0,123
11/02/2012,PWM,ME,ANE,EN,Combined TRACON& Tower with Radar,46,42,17,2,107,0,1,39,0,40,46,43,56,2,147,6,0,6,153
11/03/2012,PWM,ME,ANE,EN,Combined TRACON& Tower with Radar,46,32,10,0,88,0,4,31,0,35,46,36,41,0,123,18,0,18,141
11/04/2012,PWM,ME,ANE,EN,Combined TRACON& Tower with Radar,41,33,14,0,88,0,0,20,0,20,41,33,34,0,108,22,0,22,130
11/05/2012,PWM,ME,ANE,EN,Combined TRACON& Tower with Radar,38,51,15,0,104,0,4,53,0,57,38,55,68,0,161,8,0,8,169
11/06/2012,PWM,ME,ANE,EN,Combined TRACON& Tower with Radar,39,44,18,0,101,0,2,37,0,39,39,46,55,0,140,26,0,26,166
11/07/2012,PWM,ME,ANE,EN,Combined TRACON& Tower with Radar,44,34,16,0,94,0,4,9,0,13,44,38,25,0,107,0,0,0,107
11/08/2012,PWM,ME,ANE,EN,Combined TRACON& Tower with Radar,36,39,16,0,91,0,0,0,0,0,36,39,16,0,91,0,0,0,91
11/09/2012,PWM,ME,ANE,EN,Combined TRACON& Tower with Radar,42,56,9,0,107,0,2,27,0,29,42,58,36,0,136,28,0,28,164
11/10/2012,PWM,ME,ANE,EN,Combined TRACON& Tower with Radar,39,30,11,0,80,0,1,65,0,66,39,31,76,0,146,16,0,16,162
11/11/2012,PWM,ME,ANE,EN,Combined TRACON& Tower with Radar,41,33,11,0,85,0,0,26,0,26,41,33,37,0,111,8,0,8,119
11/12/2012,PWM,ME,ANE,EN,Combined TRACON& Tower with Radar,38,41,21,0,100,0,4,55,2,61,38,45,76,2,161,6,0,6,167
11/13/2012,PWM,ME,ANE,EN,Combined TRACON& Tower with Radar,44,49,10,0,103,0,0,4,1,5,44,49,14,1,108,0,0,0,108
11/14/2012,PWM,ME,ANE,EN,Combined TRACON& Tower with Radar,43,48,24,2,117,0,0,30,3,33,43,48,54,5,150,8,0,8,158
11/15/2012,PWM,ME,ANE,EN,Combined TRACON& Tower with Radar,42,54,18,1,115,0,0,29,2,31,42,54,47,3,146,8,0,8,154
11/16/2012,PWM,ME,ANE,EN,Combined TRACON& Tower with Radar,47,46,27,0,120,0,0,34,0,34,47,46,61,0,154,20,0,20,174
11/17/2012,PWM,ME,ANE,EN,Combined TRACON& Tower with Radar,38,33,9,0,80,0,3,59,2,64,38,36,68,2,144,6,0,6,150
11/18/2012,PWM,ME,ANE,EN,Combined TRACON& Tower with Radar,40,36,11,0,87,0,3,57,3,63,40,39,68,3,150,42,0,42,192
11/19/2012,PWM,ME,ANE,EN,Combined TRACON& Tower with Radar,42,39,18,0,99,0,2,24,0,26,42,41,42,0,125,24,0,24,149
11/20/2012,PWM,ME,ANE,EN,Combined TRACON& Tower with Radar,42,53,19,12,126,0,0,35,16,51,42,53,54,28,177,20,32,52,229
11/21/2012,PWM,ME,ANE,EN,Combined TRACON& Tower with Radar,41,50,29,0,120,0,4,46,0,50,41,54,75,0,170,28,0,28,198
11/22/2012,PWM,ME,ANE,EN,Combined TRACON& Tower with Radar,22,17,0,0,39,0,0,11,1,12,22,17,11,1,51,0,0,0,51
11/23/2012,PWM,ME,ANE,EN,Combined TRACON& Tower with Radar,29,32,8,0,69,0,2,26,0,28,29,34,34,0,97,18,0,18,115
11/24/2012,PWM,ME,ANE,EN,Combined TRACON& Tower with Radar,41,39,13,0,93,0,2,10,0,12,41,41,23,0,105,20,0,20,125
11/25/2012,PWM,ME,ANE,EN,Combined TRACON& Tower with Radar,43,36,17,0,96,0,0,10,0,10,43,36,27,0,106,0,0,0,106
11/26/2012,PWM,ME,ANE,EN,Combined TRACON& Tower with Radar,42,43,14,0,99,0,0,32,0,32,42,43,46,0,131,4,0,4,135
11/27/2012,PWM,ME,ANE,EN,Combined TRACON& Tower with Radar,33,42,9,8,92,0,4,11,0,15,33,46,20,8,107,0,0,0,107
11/28/2012,PWM,ME,ANE,EN,Combined TRACON& Tower with Radar,34,49,19,0,102,0,2,5,0,7,34,51,24,0,109,0,0,0,109
11/29/2012,PWM,ME,ANE,EN,Combined TRACON& Tower with Radar,36,49,18,0,103,0,3,25,0,28,36,52,43,0,131,14,0,14,145
11/30/2012,PWM,ME,ANE,EN,Combined TRACON& Tower with Radar,36,48,18,4,106,0,0,23,2,25,36,48,41,6,131,4,0,4,135
12/01/2012,PWM,ME,ANE,EN,Combined TRACON& Tower with Radar,33,36,4,0,73,0,0,8,0,8,33,36,12,0,81,0,0,0,81
12/02/2012,PWM,ME,ANE,EN,Combined TRACON& Tower with Radar,32,35,12,0,79,0,0,0,0,0,32,35,12,0,79,0,0,0,79
12/03/2012,PWM,ME,ANE,EN,Combined TRACON& Tower with Radar,34,48,22,0,104,0,0,26,0,26,34,48,48,0,130,18,0,18,148
12/04/2012,PWM,ME,ANE,EN,Combined TRACON& Tower with Radar,37,47,25,0,109,0,0,1,0,1,37,47,26,0,110,0,0,0,110
12/05/2012,PWM,ME,ANE,EN,Combined TRACON& Tower with Radar,35,53,28,0,116,0,0,12,0,12,35,53,40,0,128,52,0,52,180
12/06/2012,PWM,ME,ANE,EN,Combined TRACON& Tower with Radar,36,55,21,0,112,0,5,25,3,33,36,60,46,3,145,10,0,10,155
12/07/2012,PWM,ME,ANE,EN,Combined TRACON& Tower with Radar,36,48,20,0,104,0,1,28,0,29,36,49,48,0,133,14,0,14,147
12/08/2012,PWM,ME,ANE,EN,Combined TRACON& Tower with Radar,31,31,11,0,73,0,0,0,0,0,31,31,11,0,73,0,0,0,73
12/09/2012,PWM,ME,ANE,EN,Combined TRACON& Tower with Radar,31,40,19,0,90,0,1,26,0,27,31,41,45,0,117,21,0,21,138
12/10/2012,PWM,ME,ANE,EN,Combined TRACON& Tower with Radar,33,32,20,2,87,0,0,0,0,0,33,32,20,2,87,0,0,0,87
12/11/2012,PWM,ME,ANE,EN,Combined TRACON& Tower with Radar,37,50,18,2,107,0,3,16,0,19,37,53,34,2,126,6,0,6,132
12/12/2012,PWM,ME,ANE,EN,Combined TRACON& Tower with Radar,36,50,18,0,104,0,5,36,0,41,36,55,54,0,145,6,0,6,151
12/13/2012,PWM,ME,ANE,EN,Combined TRACON& Tower with Radar,38,49,24,0,111,0,1,36,2,39,38,50,60,2,150,6,0,6,156
12/14/2012,PWM,ME,ANE,EN,Combined TRACON& Tower with Radar,35,53,16,0,104,0,3,43,0,46,35,56,59,0,150,18,0,18,168
12/15/2012,PWM,ME,ANE,EN,Combined TRACON& Tower with Radar,31,37,6,0,74,0,0,52,1,53,31,37,58,1,127,28,0,28,155
12/16/2012,PWM,ME,ANE,EN,Combined TRACON& Tower with Radar,30,32,5,0,67,0,1,6,0,7,30,33,11,0,74,30,0,30,104
12/17/2012,PWM,ME,ANE,EN,Combined TRACON& Tower with Radar,28,47,9,0,84,0,0,0,0,0,28,47,9,0,84,0,0,0,84
12/18/2012,PWM,ME,ANE,EN,Combined TRACON& Tower with Radar,37,46,13,0,96,0,0,0,0,0,37,46,13,0,96,0,0,0,96
12/19/2012,PWM,ME,ANE,EN,Combined TRACON& Tower with Radar,43,51,15,0,109,0,1,2,0,3,43,52,17,0,112,0,0,0,112
12/20/2012,PWM,ME,ANE,EN,Combined TRACON& Tower with Radar,43,51,32,1,127,0,0,32,0,32,43,51,64,1,159,33,0,33,192
12/21/2012,PWM,ME,ANE,EN,Combined TRACON& Tower with Radar,41,48,3,0,92,0,0,0,0,0,41,48,3,0,92,0,0,0,92
12/22/2012,PWM,ME,ANE,EN,Combined TRACON& Tower with Radar,35,41,8,0,84,0,2,10,0,12,35,43,18,0,96,4,0,4,100
12/23/2012,PWM,ME,ANE,EN,Combined TRACON& Tower with Radar,31,34,8,0,73,0,4,22,1,27,31,38,30,1,100,20,0,20,120
12/24/2012,PWM,ME,ANE,EN,Combined TRACON& Tower with Radar,36,33,0,0,69,0,5,20,0,25,36,38,20,0,94,10,0,10,104
12/25/2012,PWM,ME,ANE,EN,Combined TRACON& Tower with Radar,34,34,3,0,71,0,1,0,0,1,34,35,3,0,72,0,0,0,72
12/26/2012,PWM,ME,ANE,EN,Combined TRACON& Tower with Radar,37,48,5,0,90,0,4,22,0,26,37,52,27,0,116,0,0,0,116
12/27/2012,PWM,ME,ANE,EN,Combined TRACON& Tower with Radar,30,27,1,0,58,0,0,0,0,0,30,27,1,0,58,0,0,0,58
12/28/2012,PWM,ME,ANE,EN,Combined TRACON& Tower with Radar,42,48,9,0,99,0,1,31,1,33,42,49,40,1,132,0,0,0,132
12/29/2012,PWM,ME,ANE,EN,Combined TRACON& Tower with Radar,33,35,3,0,71,0,0,9,0,9,33,35,12,0,80,0,0,0,80
12/30/2012,PWM,ME,ANE,EN,Combined TRACON& Tower with Radar,38,37,1,0,76,0,4,6,0,10,38,41,7,0,86,0,0,0,86
12/31/2012,PWM,ME,ANE,EN,Combined TRACON& Tower with Radar,34,39,3,0,76,0,1,11,0,12,34,40,14,0,88,10,0,10,98
01/01/2013,PWM,ME,ANE,EN,Combined TRACON& Tower with Radar,38,26,8,0,72,0,2,7,0,9,38,28,15,0,81,0,0,0,81
01/02/2013,PWM,ME,ANE,EN,Combined TRACON& Tower with Radar,40,48,7,1,96,0,3,10,1,14,40,51,17,2,110,0,0,0,110
01/03/2013,PWM,ME,ANE,EN,Combined TRACON& Tower with Radar,36,43,18,0,97,0,3,31,1,35,36,46,49,1,132,0,0,0,132
01/04/2013,PWM,ME,ANE,EN,Combined TRACON& Tower with Radar,38,43,15,0,96,0,0,7,0,7,38,43,22,0,103,0,0,0,103
01/05/2013,PWM,ME,ANE,EN,Combined TRACON& Tower with Radar,26,32,6,0,64,0,1,36,0,37,26,33,42,0,101,22,0,22,123
01/06/2013,PWM,ME,ANE,EN,Combined TRACON& Tower with Radar,34,32,7,0,73,0,0,16,0,16,34,32,23,0,89,58,0,58,147
01/07/2013,PWM,ME,ANE,EN,Combined TRACON& Tower with Radar,37,35,10,0,82,0,0,18,0,18,37,35,28,0,100,23,0,23,123
01/08/2013,PWM,ME,ANE,EN,Combined TRACON& Tower with Radar,34,38,14,0,86,0,2,11,0,13,34,40,25,0,99,0,0,0,99
01/09/2013,PWM,ME,ANE,EN,Combined TRACON& Tower with Radar,33,35,11,1,80,0,0,7,2,9,33,35,18,3,89,2,0,2,91
01/10/2013,PWM,ME,ANE,EN,Combined TRACON& Tower with Radar,42,36,9,0,87,0,3,10,0,13,42,39,19,0,100,2,0,2,102
01/11/2013,PWM,ME,ANE,EN,Combined TRACON& Tower with Radar,38,37,12,0,87,0,5,8,0,13,38,42,20,0,100,0,0,0,100
01/12/2013,PWM,ME,ANE,EN,Combined TRACON& Tower with Radar,29,26,6,0,61,0,0,0,0,0,29,26,6,0,61,0,0,0,61
01/13/2013,PWM,ME,ANE,EN,Combined TRACON& Tower with Radar,31,27,9,0,67,0,0,0,0,0,31,27,9,0,67,0,0,0,67
01/14/2013,PWM,ME,ANE,EN,Combined TRACON& Tower with Radar,37,30,15,9,91,0,3,14,0,17,37,33,29,9,108,0,0,0,108
01/15/2013,PWM,ME,ANE,EN,Combined TRACON& Tower with Radar,32,44,25,8,109,0,0,13,0,13,32,44,38,8,122,0,0,0,122
01/16/2013,PWM,ME,ANE,EN,Combined TRACON& Tower with Radar,33,37,10,0,80,0,0,0,0,0,33,37,10,0,80,0,0,0,80
01/17/2013,PWM,ME,ANE,EN,Combined TRACON& Tower with Radar,34,40,20,0,94,0,0,23,1,24,34,40,43,1,118,10,0,10,128
01/18/2013,PWM,ME,ANE,EN,Combined TRACON& Tower with Radar,37,38,25,0,100,0,0,17,0,17,37,38,42,0,117,0,0,0,117
01/19/2013,PWM,ME,ANE,EN,Combined TRACON& Tower with Radar,28,32,5,0,65,0,1,30,0,31,28,33,35,0,96,20,0,20,116
01/20/2013,PWM,ME,ANE,EN,Combined TRACON& Tower with Radar,31,27,5,0,63,0,0,13,0,13,31,27,18,0,76,4,0,4,80
01/21/2013,PWM,ME,ANE,EN,Combined TRACON& Tower with Radar,36,42,17,2,97,0,0,17,0,17,36,42,34,2,114,4,0,4,118
01/22/2013,PWM,ME,ANE,EN,Combined TRACON& Tower with Radar,29,37,14,0,80,0,3,5,0,8,29,40,19,0,88,18,0,18,106
01/23/2013,PWM,ME,ANE,EN,Combined TRACON& Tower with Radar,32,39,15,0,86,0,3,8,0,11,32,42,23,0,97,0,0,0,97
01/24/2013,PWM,ME,ANE,EN,Combined TRACON& Tower with Radar,26,25,6,0,57,0,0,11,0,11,26,25,17,0,68,0,0,0,68
01/25/2013,PWM,ME,ANE,EN,Combined TRACON& Tower with Radar,33,37,23,0,93,0,2,14,0,16,33,39,37,0,109,16,0,16,125
01/26/2013,PWM,ME,ANE,EN,Combined TRACON& Tower with Radar,26,26,6,0,58,0,1,24,0,25,26,27,30,0,83,0,0,0,83
01/27/2013,PWM,ME,ANE,EN,Combined TRACON& Tower with Radar,26,23,5,0,54,0,1,26,4,31,26,24,31,4,85,0,0,0,85
01/28/2013,PWM,ME,ANE,EN,Combined TRACON& Tower with Radar,27,28,4,4,63,0,1,5,0,6,27,29,9,4,69,8,0,8,77
01/29/2013,PWM,ME,ANE,EN,Combined TRACON& Tower with Radar,32,43,16,2,93,0,1,5,0,6,32,44,21,2,99,0,0,0,99
01/30/2013,PWM,ME,ANE,EN,Combined TRACON& Tower with Radar,26,34,4,0,64,0,0,0,0,0,26,34,4,0,64,0,0,0,64
01/31/2013,PWM,ME,ANE,EN,Combined TRACON& Tower with Radar,34,46,8,0,88,0,0,2,2,4,34,46,10,2,92,0,0,0,92
02/01/2013,PWM,ME,ANE,EN,Combined TRACON& Tower with Radar,37,40,13,0,90,0,1,14,0,15,37,41,27,0,105,22,0,22,127
02/02/2013,PWM,ME,ANE,EN,Combined TRACON& Tower with Radar,27,24,9,0,60,0,0,29,0,29,27,24,38,0,89,20,0,20,109
02/03/2013,PWM,ME,ANE,EN,Combined TRACON& Tower with Radar,30,23,6,0,59,0,2,19,0,21,30,25,25,0,80,6,0,6,86
02/04/2013,PWM,ME,ANE,EN,Combined TRACON& Tower with Radar,33,36,6,0,75,0,0,18,1,19,33,36,24,1,94,10,0,10,104
02/05/2013,PWM,ME,ANE,EN,Combined TRACON& Tower with Radar,35,39,8,0,82,0,2,37,1,40,35,41,45,1,122,0,0,0,122
02/06/2013,PWM,ME,ANE,EN,Combined TRACON& Tower with Radar,34,42,21,4,101,0,0,14,0,14,34,42,35,4,115,0,0,0,115
02/07/2013,PWM,ME,ANE,EN,Combined TRACON& Tower with Radar,36,45,27,0,108,0,3,42,1,46,36,48,69,1,154,4,0,4,158
02/08/2013,PWM,ME,ANE,EN,Combined TRACON& Tower with Radar,16,16,3,0,35,0,0,0,0,0,16,16,3,0,35,0,0,0,35
02/09/2013,PWM,ME,ANE,EN,Combined TRACON& Tower with Radar,1,3,1,0,5,0,0,0,0,0,1,3,1,0,5,0,0,0,5
02/10/2013,PWM,ME,ANE,EN,Combined TRACON& Tower with Radar,28,34,12,0,74,0,2,17,0,19,28,36,29,0,93,6,0,6,99
02/11/2013,PWM,ME,ANE,EN,Combined TRACON& Tower with Radar,40,33,7,0,80,0,0,0,0,0,40,33,7,0,80,0,0,0,80
02/12/2013,PWM,ME,ANE,EN,Combined TRACON& Tower with Radar,35,39,16,0,90,0,1,16,0,17,35,40,32,0,107,26,0,26,133
02/13/2013,PWM,ME,ANE,EN,Combined TRACON& Tower with Radar,35,43,21,0,99,0,0,28,3,31,35,43,49,3,130,6,0,6,136
02/14/2013,PWM,ME,ANE,EN,Combined TRACON& Tower with Radar,36,47,23,0,106,0,0,28,2,30,36,47,51,2,136,8,0,8,144
02/15/2013,PWM,ME,ANE,EN,Combined TRACON& Tower with Radar,39,47,16,0,102,0,1,54,0,55,39,48,70,0,157,62,0,62,219
02/16/2013,PWM,ME,ANE,EN,Combined TRACON& Tower with Radar,36,28,4,0,68,0,0,1,0,1,36,28,5,0,69,0,0,0,69
02/17/2013,PWM,ME,ANE,EN,Combined TRACON& Tower with Radar,32,18,2,0,52,0,0,0,0,0,32,18,2,0,52,0,0,0,52
02/18/2013,PWM,ME,ANE,EN,Combined TRACON& Tower with Radar,34,40,5,0,79,0,1,7,0,8,34,41,12,0,87,0,0,0,87
02/19/2013,PWM,ME,ANE,EN,Combined TRACON& Tower with Radar,35,46,13,2,96,0,0,10,0,10,35,46,23,2,106,24,0,24,130
02/20/2013,PWM,ME,ANE,EN,Combined TRACON& Tower with Radar,37,44,12,0,93,0,0,31,0,31,37,44,43,0,124,26,0,26,150
02/21/2013,PWM,ME,ANE,EN,Combined TRACON& Tower with Radar,35,43,33,0,111,0,0,31,0,31,35,43,64,0,142,18,0,18,160
02/22/2013,PWM,ME,ANE,EN,Combined TRACON& Tower with Radar,38,42,14,0,94,0,0,33,2,35,38,42,47,2,129,48,0,48,177
02/23/2013,PWM,ME,ANE,EN,Combined TRACON& Tower with Radar,37,32,2,0,71,0,0,2,0,2,37,32,4,0,73,0,0,0,73
02/24/2013,PWM,ME,ANE,EN,Combined TRACON& Tower with Radar,37,18,7,0,62,0,0,0,0,0,37,18,7,0,62,0,0,0,62
02/25/2013,PWM,ME,ANE,EN,Combined TRACON& Tower with Radar,36,51,23,0,110,0,1,20,0,21,36,52,43,0,131,0,0,0,131
02/26/2013,PWM,ME,ANE,EN,Combined TRACON& Tower with Radar,37,42,25,2,106,0,0,26,0,26,37,42,51,2,132,12,0,12,144
02/27/2013,PWM,ME,ANE,EN,Combined TRACON& Tower with Radar,36,38,10,0,84,0,0,0,0,0,36,38,10,0,84,0,0,0,84
02/28/2013,PWM,ME,ANE,EN,Combined TRACON& Tower with Radar,42,49,18,4,113,0,0,0,0,0,42,49,18,4,113,0,0,0,113
03/01/2013,PWM,ME,ANE,EN,Combined TRACON& Tower with Radar,37,46,16,0,99,0,0,4,0,4,37,46,20,0,103,0,0,0,103
03/02/2013,PWM,ME,ANE,EN,Combined TRACON& Tower with Radar,43,24,3,0,70,0,0,10,0,10,43,24,13,0,80,20,0,20,100
03/03/2013,PWM,ME,ANE,EN,Combined TRACON& Tower with Radar,42,24,9,0,75,0,3,10,1,14,42,27,19,1,89,32,0,32,121
03/04/2013,PWM,ME,ANE,EN,Combined TRACON& Tower with Radar,42,32,6,0,80,0,0,2,0,2,42,32,8,0,82,0,0,0,82
03/05/2013,PWM,ME,ANE,EN,Combined TRACON& Tower with Radar,44,39,12,0,95,0,0,30,0,30,44,39,42,0,125,14,0,14,139
03/06/2013,PWM,ME,ANE,EN,Combined TRACON& Tower with Radar,34,28,14,0,76,0,0,6,0,6,34,28,20,0,82,0,0,0,82
03/07/2013,PWM,ME,ANE,EN,Combined TRACON& Tower with Radar,42,36,10,0,88,0,0,0,0,0,42,36,10,0,88,0,0,0,88
03/08/2013,PWM,ME,ANE,EN,Combined TRACON& Tower with Radar,34,30,8,0,72,0,0,2,0,2,34,30,10,0,74,0,0,0,74
03/09/2013,PWM,ME,ANE,EN,Combined TRACON& Tower with Radar,43,25,8,0,76,0,0,57,1,58,43,25,65,1,134,34,0,34,168
03/10/2013,PWM,ME,ANE,EN,Combined TRACON& Tower with Radar,47,29,9,0,85,0,3,43,1,47,47,32,52,1,132,36,0,36,168
03/11/2013,PWM,ME,ANE,EN,Combined TRACON& Tower with Radar,43,33,20,6,102,0,0,21,0,21,43,33,41,6,123,16,0,16,139
03/12/2013,PWM,ME,ANE,EN,Combined TRACON& Tower with Radar,45,39,20,0,104,0,0,0,0,0,45,39,20,0,104,0,0,0,104
03/13/2013,PWM,ME,ANE,EN,Combined TRACON& Tower with Radar,47,37,26,0,110,0,0,23,1,24,47,37,49,1,134,8,0,8,142
03/14/2013,PWM,ME,ANE,EN,Combined TRACON& Tower with Radar,45,34,21,0,100,0,0,39,0,39,45,34,60,0,139,12,0,12,151
03/15/2013,PWM,ME,ANE,EN,Combined TRACON& Tower with Radar,48,35,12,1,96,0,2,39,0,41,48,37,51,1,137,21,0,21,158
03/16/2013,PWM,ME,ANE,EN,Combined TRACON& Tower with Radar,36,26,8,0,70,0,1,46,0,47,36,27,54,0,117,20,0,20,137
03/17/2013,PWM,ME,ANE,EN,Combined TRACON& Tower with Radar,45,27,12,0,84,0,0,34,0,34,45,27,46,0,118,42,0,42,160
03/18/2013,PWM,ME,ANE,EN,Combined TRACON& Tower with Radar,42,29,11,0,82,0,1,46,0,47,42,30,57,0,129,0,0,0,129
03/19/2013,PWM,ME,ANE,EN,Combined TRACON& Tower with Radar,29,24,2,0,55,0,0,0,0,0,29,24,2,0,55,0,0,0,55
03/20/2013,PWM,ME,ANE,EN,Combined TRACON& Tower with Radar,44,41,17,0,102,0,5,17,0,22,44,46,34,0,124,0,0,0,124
03/21/2013,PWM,ME,ANE,EN,Combined TRACON& Tower with Radar,46,34,11,1,92,0,2,38,4,44,46,36,49,5,136,4,0,4,140
03/22/2013,PWM,ME,ANE,EN,Combined TRACON& Tower with Radar,45,37,14,0,96,0,7,29,0,36,45,44,43,0,132,14,0,14,146
03/23/2013,PWM,ME,ANE,EN,Combined TRACON& Tower with Radar,37,27,7,0,71,0,1,15,0,16,37,28,22,0,87,0,0,0,87
03/24/2013,PWM,ME,ANE,EN,Combined TRACON& Tower with Radar,42,26,12,0,80,0,1,41,0,42,42,27,53,0,122,6,0,6,128
03/25/2013,PWM,ME,ANE,EN,Combined TRACON& Tower with Radar,42,28,17,0,87,0,1,11,0,12,42,29,28,0,99,20,0,20,119
03/26/2013,PWM,ME,ANE,EN,Combined TRACON& Tower with Radar,51,32,13,0,96,0,2,28,0,30,51,34,41,0,126,0,0,0,126
03/27/2013,PWM,ME,ANE,EN,Combined TRACON& Tower with Radar,47,36,25,0,108,0,2,27,0,29,47,38,52,0,137,34,0,34,171
03/28/2013,PWM,ME,ANE,EN,Combined TRACON& Tower with Radar,46,37,21,0,104,0,3,23,2,28,46,40,44,2,132,12,0,12,144
03/29/2013,PWM,ME,ANE,EN,Combined TRACON& Tower with Radar,47,33,20,2,102,0,1,28,5,34,47,34,48,7,136,0,0,0,136
03/30/2013,PWM,ME,ANE,EN,Combined TRACON& Tower with Radar,41,27,14,0,82,0,0,62,0,62,41,27,76,0,144,52,0,52,196
03/31/2013,PWM,ME,ANE,EN,Combined TRACON& Tower with Radar,43,26,10,0,79,0,2,20,1,23,43,28,30,1,102,7,0,7,109
04/01/2013,PWM,ME,ANE,EN,Combined TRACON& Tower with Radar,43,32,30,0,105,0,0,6,0,6,43,32,36,0,111,8,0,8,119
04/02/2013,PWM,ME,ANE,EN,Combined TRACON& Tower with Radar,49,33,16,3,101,0,0,16,1,17,49,33,32,4,118,0,0,0,118
04/03/2013,PWM,ME,ANE,EN,Combined TRACON& Tower with Radar,48,33,14,0,95,0,2,25,2,29,48,35,39,2,124,0,0,0,124
04/04/2013,PWM,ME,ANE,EN,Combined TRACON& Tower with Radar,38,30,10,1,79,0,0,42,2,44,38,30,52,3,123,18,10,28,151
04/05/2013,PWM,ME,ANE,EN,Combined TRACON& Tower with Radar,46,35,18,0,99,0,0,37,0,37,46,35,55,0,136,0,0,0,136
04/06/2013,PWM,ME,ANE,EN,Combined TRACON& Tower with Radar,43,25,3,0,71,0,0,29,4,33,43,25,32,4,104,16,0,16,120
04/07/2013,PWM,ME,ANE,EN,Combined TRACON& Tower with Radar,46,25,12,0,83,0,0,25,0,25,46,25,37,0,108,15,0,15,123
04/08/2013,PWM,ME,ANE,EN,Combined TRACON& Tower with Radar,46,41,18,0,105,0,3,48,0,51,46,44,66,0,156,0,0,0,156
04/09/2013,PWM,ME,ANE,EN,Combined TRACON& Tower with Radar,47,39,18,0,104,0,1,8,0,9,47,40,26,0,113,0,0,0,113
04/10/2013,PWM,ME,ANE,EN,Combined TRACON& Tower with Radar,44,35,21,0,100,0,1,15,1,17,44,36,36,1,117,22,0,22,139
04/11/2013,PWM,ME,ANE,EN,Combined TRACON& Tower with Radar,43,39,26,0,108,0,1,34,0,35,43,40,60,0,143,0,0,0,143
04/12/2013,PWM,ME,ANE,EN,Combined TRACON& Tower with Radar,44,33,12,1,90,0,0,0,0,0,44,33,12,1,90,0,0,0,90
04/13/2013,PWM,ME,ANE,EN,Combined TRACON& Tower with Radar,40,34,13,1,88,0,2,7,0,9,40,36,20,1,97,21,0,21,118
04/14/2013,PWM,ME,ANE,EN,Combined TRACON& Tower with Radar,41,30,5,0,76,0,1,11,0,12,41,31,16,0,88,0,0,0,88
04/15/2013,PWM,ME,ANE,EN,Combined TRACON& Tower with Radar,44,33,15,0,92,0,0,28,0,28,44,33,43,0,120,0,0,0,120
04/16/2013,PWM,ME,ANE,EN,Combined TRACON& Tower with Radar,47,38,19,0,104,0,1,8,0,9,47,39,27,0,113,0,0,0,113
04/17/2013,PWM,ME,ANE,EN,Combined TRACON& Tower with Radar,45,40,18,2,105,0,1,29,4,34,45,41,47,6,139,0,10,10,149
04/18/2013,PWM,ME,ANE,EN,Combined TRACON& Tower with Radar,47,38,29,0,114,0,2,21,2,25,47,40,50,2,139,0,0,0,139
04/19/2013,PWM,ME,ANE,EN,Combined TRACON& Tower with Radar,44,40,10,0,94,0,0,1,0,1,44,40,11,0,95,0,0,0,95
04/20/2013,PWM,ME,ANE,EN,Combined TRACON& Tower with Radar,39,34,3,0,76,0,0,3,0,3,39,34,6,0,79,0,0,0,79
04/21/2013,PWM,ME,ANE,EN,Combined TRACON& Tower with Radar,45,30,6,0,81,0,0,30,0,30,45,30,36,0,111,14,0,14,125
04/22/2013,PWM,ME,ANE,EN,Combined TRACON& Tower with Radar,44,41,16,1,102,0,0,44,1,45,44,41,60,2,147,0,0,0,147
04/23/2013,PWM,ME,ANE,EN,Combined TRACON& Tower with Radar,47,38,16,1,102,0,0,2,0,2,47,38,18,1,104,0,0,0,104
04/24/2013,PWM,ME,ANE,EN,Combined TRACON& Tower with Radar,46,39,26,11,122,0,2,13,0,15,46,41,39,11,137,26,0,26,163
04/25/2013,PWM,ME,ANE,EN,Combined TRACON& Tower with Radar,46,43,15,0,104,0,0,37,1,38,46,43,52,1,142,6,0,6,148
04/26/2013,PWM,ME,ANE,EN,Combined TRACON& Tower with Radar,47,42,24,1,114,0,1,46,3,50,47,43,70,4,164,24,12,36,200
04/27/2013,PWM,ME,ANE,EN,Combined TRACON& Tower with Radar,39,31,12,0,82,0,0,48,2,50,39,31,60,2,132,22,0,22,154
04/28/2013,PWM,ME,ANE,EN,Combined TRACON& Tower with Radar,45,31,10,0,86,0,2,44,0,46,45,33,54,0,132,12,0,12,144
04/29/2013,PWM,ME,ANE,EN,Combined TRACON& Tower with Radar,47,33,17,0,97,0,2,60,0,62,47,35,77,0,159,4,0,4,163
04/30/2013,PWM,ME,ANE,EN,Combined TRACON& Tower with Radar,49,46,27,0,122,0,6,42,3,51,49,52,69,3,173,0,0,0,173
05/01/2013,PWM,ME,ANE,EN,Combined TRACON& Tower with Radar,52,42,22,0,116,0,2,42,0,44,52,44,64,0,160,22,0,22,182
05/02/2013,PWM,ME,ANE,EN,Combined TRACON& Tower with Radar,53,45,25,0,123,0,2,38,0,40,53,47,63,0,163,20,0,20,183
05/03/2013,PWM,ME,ANE,EN,Combined TRACON& Tower with Radar,52,39,12,1,104,0,0,59,5,64,52,39,71,6,168,7,0,7,175
05/04/2013,PWM,ME,ANE,EN,Combined TRACON& Tower with Radar,47,36,8,0,91,0,0,41,0,41,47,36,49,0,132,27,0,27,159
05/05/2013,PWM,ME,ANE,EN,Combined TRACON& Tower with Radar,46,32,8,0,86,0,0,49,1,50,46,32,57,1,136,40,0,40,176
05/06/2013,PWM,ME,ANE,EN,Combined TRACON& Tower with Radar,52,36,22,4,114,0,0,25,1,26,52,36,47,5,140,0,0,0,140
05/07/2013,PWM,ME,ANE,EN,Combined TRACON& Tower with Radar,53,34,18,2,107,0,0,45,0,45,53,34,63,2,152,6,0,6,158
05/08/2013,PWM,ME,ANE,EN,Combined TRACON& Tower with Radar,50,33,30,0,113,0,0,21,0,21,50,33,51,0,134,10,0,10,144
05/09/2013,PWM,ME,ANE,EN,Combined TRACON& Tower with Radar,50,37,30,0,117,0,0,0,0,0,50,37,30,0,117,0,0,0,117
05/10/2013,PWM,ME,ANE,EN,Combined TRACON& Tower with Radar,48,39,15,0,102,0,1,18,0,19,48,40,33,0,121,17,0,17,138
05/11/2013,PWM,ME,ANE,EN,Combined TRACON& Tower with Radar,47,30,16,0,93,0,0,2,0,2,47,30,18,0,95,0,0,0,95
05/12/2013,PWM,ME,ANE,EN,Combined TRACON& Tower with Radar,45,36,17,0,98,0,2,6,0,8,45,38,23,0,106,0,0,0,106
05/13/2013,PWM,ME,ANE,EN,Combined TRACON& Tower with Radar,50,34,8,0,92,0,5,44,2,51,50,39,52,2,143,18,0,18,161
05/14/2013,PWM,ME,ANE,EN,Combined TRACON& Tower with Radar,52,42,17,0,111,0,0,37,4,41,52,42,54,4,152,35,0,35,187
05/15/2013,PWM,ME,ANE,EN,Combined TRACON& Tower with Radar,53,37,21,0,111,0,2,22,0,24,53,39,43,0,135,14,0,14,149
05/16/2013,PWM,ME,ANE,EN,Combined TRACON& Tower with Radar,54,36,24,2,116,0,2,33,1,36,54,38,57,3,152,15,0,15,167
05/17/2013,PWM,ME,ANE,EN,Combined TRACON& Tower with Radar,54,35,16,0,105,0,0,32,0,32,54,35,48,0,137,36,0,36,173
05/18/2013,PWM,ME,ANE,EN,Combined TRACON& Tower with Radar,44,29,7,0,80,0,1,70,1,72,44,30,77,1,152,37,0,37,189
05/19/2013,PWM,ME,ANE,EN,Combined TRACON& Tower with Radar,44,30,26,0,100,0,0,7,0,7,44,30,33,0,107,0,0,0,107
05/20/2013,PWM,ME,ANE,EN,Combined TRACON& Tower with Radar,50,35,18,0,103,0,0,5,0,5,50,35,23,0,108,32,0,32,140
05/21/2013,PWM,ME,ANE,EN,Combined TRACON& Tower with Radar,53,44,30,0,127,0,0,2,0,2,53,44,32,0,129,0,0,0,129
05/22/2013,PWM,ME,ANE,EN,Combined TRACON& Tower with Radar,48,38,29,0,115,0,0,0,0,0,48,38,29,0,115,0,0,0,115
05/23/2013,PWM,ME,ANE,EN,Combined TRACON& Tower with Radar,43,35,30,1,109,0,0,0,0,0,43,35,30,1,109,0,0,0,109
05/24/2013,PWM,ME,ANE,EN,Combined TRACON& Tower with Radar,52,55,30,1,138,0,0,0,0,0,52,55,30,1,138,0,0,0,138
05/25/2013,PWM,ME,ANE,EN,Combined TRACON& Tower with Radar,50,28,5,0,83,0,0,0,0,0,50,28,5,0,83,0,0,0,83
05/26/2013,PWM,ME,ANE,EN,Combined TRACON& Tower with Radar,37,29,10,0,76,0,0,6,0,6,37,29,16,0,82,0,0,0,82
05/27/2013,PWM,ME,ANE,EN,Combined TRACON& Tower with Radar,47,35,11,0,93,0,1,47,1,49,47,36,58,1,142,6,0,6,148
05/28/2013,PWM,ME,ANE,EN,Combined TRACON& Tower with Radar,50,36,18,4,108,0,2,77,4,83,50,38,95,8,191,5,4,9,200
05/29/2013,PWM,ME,ANE,EN,Combined TRACON& Tower with Radar,52,37,13,0,102,0,0,0,0,0,52,37,13,0,102,0,0,0,102
05/30/2013,PWM,ME,ANE,EN,Combined TRACON& Tower with Radar,52,37,21,0,110,0,1,62,1,64,52,38,83,1,174,18,0,18,192
05/31/2013,PWM,ME,ANE,EN,Combined TRACON& Tower with Radar,54,34,32,2,122,0,0,82,0,82,54,34,114,2,204,30,0,30,234
06/01/2013,PWM,ME,ANE,EN,Combined TRACON& Tower with Radar,50,23,7,0,80,0,2,33,0,35,50,25,40,0,115,13,0,13,128
06/02/2013,PWM,ME,ANE,EN,Combined TRACON& Tower with Radar,43,31,17,1,92,0,1,31,2,34,43,32,48,3,126,6,0,6,132
06/03/2013,PWM,ME,ANE,EN,Combined TRACON& Tower with Radar,47,34,14,0,95,0,0,12,1,13,47,34,26,1,108,20,0,20,128
06/04/2013,PWM,ME,ANE,EN,Combined TRACON& Tower with Radar,53,42,16,0,111,0,0,31,2,33,53,42,47,2,144,16,0,16,160
06/05/2013,PWM,ME,ANE,EN,Combined TRACON& Tower with Radar,51,42,17,0,110,0,2,56,0,58,51,44,73,0,168,26,0,26,194
06/06/2013,PWM,ME,ANE,EN,Combined TRACON& Tower with Radar,54,47,25,3,129,0,1,49,1,51,54,48,74,4,180,52,0,52,232
06/07/2013,PWM,ME,ANE,EN,Combined TRACON& Tower with Radar,51,38,27,0,116,0,0,3,0,3,51,38,30,0,119,0,0,0,119
06/08/2013,PWM,ME,ANE,EN,Combined TRACON& Tower with Radar,51,33,12,0,96,0,2,6,0,8,51,35,18,0,104,26,0,26,130
06/09/2013,PWM,ME,ANE,EN,Combined TRACON& Tower with Radar,50,44,18,0,112,0,0,45,0,45,50,44,63,0,157,10,0,10,167
06/10/2013,PWM,ME,ANE,EN,Combined TRACON& Tower with Radar,46,35,20,2,103,0,0,31,0,31,46,35,51,2,134,8,0,8,142
06/11/2013,PWM,ME,ANE,EN,Combined TRACON& Tower with Radar,51,42,13,0,106,0,0,0,0,0,51,42,13,0,106,0,0,0,106
06/12/2013,PWM,ME,ANE,EN,Combined TRACON& Tower with Radar,57,42,26,0,125,0,0,4,0,4,57,42,30,0,129,0,0,0,129
06/13/2013,PWM,ME,ANE,EN,Combined TRACON& Tower with Radar,45,37,25,5,112,0,0,23,1,24,45,37,48,6,136,14,0,14,150
06/14/2013,PWM,ME,ANE,EN,Combined TRACON& Tower with Radar,53,46,19,2,120,0,0,24,0,24,53,46,43,2,144,0,0,0,144
06/15/2013,PWM,ME,ANE,EN,Combined TRACON& Tower with Radar,57,32,10,0,99,0,1,57,1,59,57,33,67,1,158,92,0,92,250
06/16/2013,PWM,ME,ANE,EN,Combined TRACON& Tower with Radar,52,40,23,0,115,0,0,30,0,30,52,40,53,0,145,17,0,17,162
06/17/2013,PWM,ME,ANE,EN,Combined TRACON& Tower with Radar,52,37,20,0,109,0,1,31,0,32,52,38,51,0,141,0,0,0,141
06/18/2013,PWM,ME,ANE,EN,Combined TRACON& Tower with Radar,47,38,27,0,112,0,4,34,4,42,47,42,61,4,154,24,0,24,178
06/19/2013,PWM,ME,ANE,EN,Combined TRACON& Tower with Radar,56,44,29,0,129,0,9,70,0,79,56,53,99,0,208,26,0,26,234
06/20/2013,PWM,ME,ANE,EN,Combined TRACON& Tower with Radar,59,38,29,4,130,3,4,56,0,63,62,42,85,4,193,8,0,8,201
06/21/2013,PWM,ME,ANE,EN,Combined TRACON& Tower with Radar,58,40,22,0,120,0,7,50,0,57,58,47,72,0,177,28,0,28,205
06/22/2013,PWM,ME,ANE,EN,Combined TRACON& Tower with Radar,60,37,17,0,114,0,2,40,0,42,60,39,57,0,156,34,0,34,190
06/23/2013,PWM,ME,ANE,EN,Combined TRACON& Tower with Radar,56,47,25,0,128,0,3,17,2,22,56,50,42,2,150,0,0,0,150
06/24/2013,PWM,ME,ANE,EN,Combined TRACON& Tower with Radar,50,41,22,0,113,0,2,26,0,28,50,43,48,0,141,6,0,6,147
06/25/2013,PWM,ME,ANE,EN,Combined TRACON& Tower with Radar,56,38,18,0,112,0,2,44,0,46,56,40,62,0,158,16,0,16,174
06/26/2013,PWM,ME,ANE,EN,Combined TRACON& Tower with Radar,50,47,31,1,129,0,0,17,1,18,50,47,48,2,147,34,0,34,181
06/27/2013,PWM,ME,ANE,EN,Combined TRACON& Tower with Radar,51,43,37,0,131,0,0,0,0,0,51,43,37,0,131,0,0,0,131
06/28/2013,PWM,ME,ANE,EN,Combined TRACON& Tower with Radar,42,33,15,0,90,0,0,0,0,0,42,33,15,0,90,0,0,0,90
06/29/2013,PWM,ME,ANE,EN,Combined TRACON& Tower with Radar,51,35,29,0,115,0,1,6,0,7,51,36,35,0,122,17,0,17,139
06/30/2013,PWM,ME,ANE,EN,Combined TRACON& Tower with Radar,50,24,22,0,96,0,0,26,0,26,50,24,48,0,122,52,0,52,174
07/01/2013,PWM,ME,ANE,EN,Combined TRACON& Tower with Radar,50,38,21,2,111,0,0,1,0,1,50,38,22,2,112,0,0,0,112
07/02/2013,PWM,ME,ANE,EN,Combined TRACON& Tower with Radar,55,37,24,0,116,0,0,0,0,0,55,37,24,0,116,0,0,0,116
07/03/2013,PWM,ME,ANE,EN,Combined TRACON& Tower with Radar,53,48,25,0,126,0,2,41,0,43,53,50,66,0,169,0,0,0,169
07/04/2013,PWM,ME,ANE,EN,Combined TRACON& Tower with Radar,42,23,6,0,71,0,2,32,0,34,42,25,38,0,105,0,0,0,105
07/05/2013,PWM,ME,ANE,EN,Combined TRACON& Tower with Radar,50,41,11,0,102,0,0,77,0,77,50,41,88,0,179,38,0,38,217
07/06/2013,PWM,ME,ANE,EN,Combined TRACON& Tower with Radar,54,43,15,0,112,0,1,57,1,59,54,44,72,1,171,12,0,12,183
07/07/2013,PWM,ME,ANE,EN,Combined TRACON& Tower with Radar,45,57,28,0,130,0,5,64,1,70,45,62,92,1,200,4,0,4,204
07/08/2013,PWM,ME,ANE,EN,Combined TRACON& Tower with Radar,56,46,20,0,122,0,0,16,0,16,56,46,36,0,138,0,0,0,138
07/09/2013,PWM,ME,ANE,EN,Combined TRACON& Tower with Radar,59,39,28,0,126,0,0,5,0,5,59,39,33,0,131,20,0,20,151
07/10/2013,PWM,ME,ANE,EN,Combined TRACON& Tower with Radar,51,37,21,0,109,0,0,0,0,0,51,37,21,0,109,0,0,0,109
07/11/2013,PWM,ME,ANE,EN,Combined TRACON& Tower with Radar,55,50,32,0,137,0,0,14,0,14,55,50,46,0,151,19,0,19,170
07/12/2013,PWM,ME,ANE,EN,Combined TRACON& Tower with Radar,57,57,26,0,140,0,3,89,0,92,57,60,115,0,232,22,0,22,254
07/13/2013,PWM,ME,ANE,EN,Combined TRACON& Tower with Radar,59,45,20,0,124,0,1,60,0,61,59,46,80,0,185,0,0,0,185
07/14/2013,PWM,ME,ANE,EN,Combined TRACON& Tower with Radar,54,52,45,0,151,0,6,68,0,74,54,58,113,0,225,32,0,32,257
07/15/2013,PWM,ME,ANE,EN,Combined TRACON& Tower with Radar,59,50,36,0,145,0,5,61,0,66,59,55,97,0,211,19,0,19,230
07/16/2013,PWM,ME,ANE,EN,Combined TRACON& Tower with Radar,60,54,29,1,144,0,1,72,3,76,60,55,101,4,220,22,0,22,242
07/17/2013,PWM,ME,ANE,EN,Combined TRACON& Tower with Radar,58,52,23,0,133,0,1,58,0,59,58,53,81,0,192,30,0,30,222
07/18/2013,PWM,ME,ANE,EN,Combined TRACON& Tower with Radar,57,74,44,0,175,0,10,31,5,46,57,84,75,5,221,0,0,0,221
07/19/2013,PWM,ME,ANE,EN,Combined TRACON& Tower with Radar,59,75,35,2,171,0,0,42,2,44,59,75,77,4,215,4,0,4,219
07/20/2013,PWM,ME,ANE,EN,Combined TRACON& Tower with Radar,57,76,30,0,163,0,1,32,0,33,57,77,62,0,196,3,0,3,199
07/21/2013,PWM,ME,ANE,EN,Combined TRACON& Tower with Radar,51,64,34,0,149,0,8,41,0,49,51,72,75,0,198,8,0,8,206
07/22/2013,PWM,ME,ANE,EN,Combined TRACON& Tower with Radar,55,45,43,0,143,0,1,17,3,21,55,46,60,3,164,0,0,0,164
07/23/2013,PWM,ME,ANE,EN,Combined TRACON& Tower with Radar,56,49,24,0,129,0,0,0,0,0,56,49,24,0,129,0,0,0,129
07/24/2013,PWM,ME,ANE,EN,Combined TRACON& Tower with Radar,57,47,32,0,136,0,3,30,0,33,57,50,62,0,169,0,0,0,169
07/25/2013,PWM,ME,ANE,EN,Combined TRACON& Tower with Radar,58,48,32,13,151,0,2,59,5,66,58,50,91,18,217,30,16,46,263
07/26/2013,PWM,ME,ANE,EN,Combined TRACON& Tower with Radar,60,56,37,4,157,0,0,4,0,4,60,56,41,4,161,0,0,0,161
07/27/2013,PWM,ME,ANE,EN,Combined TRACON& Tower with Radar,58,47,23,0,128,0,1,59,0,60,58,48,82,0,188,24,0,24,212
07/28/2013,PWM,ME,ANE,EN,Combined TRACON& Tower with Radar,48,50,38,0,136,0,0,2,0,2,48,50,40,0,138,6,0,6,144
07/29/2013,PWM,ME,ANE,EN,Combined TRACON& Tower with Radar,57,50,30,0,137,0,0,1,0,1,57,50,31,0,138,0,0,0,138
07/30/2013,PWM,ME,ANE,EN,Combined TRACON& Tower with Radar,60,47,33,0,140,0,1,64,1,66,60,48,97,1,206,26,0,26,232
07/31/2013,PWM,ME,ANE,EN,Combined TRACON& Tower with Radar,59,49,34,4,146,0,1,53,0,54,59,50,87,4,200,40,4,44,244
08/01/2013,PWM,ME,ANE,EN,Combined TRACON& Tower with Radar,51,46,20,0,117,0,0,49,0,49,51,46,69,0,166,26,0,26,192
08/02/2013,PWM,ME,ANE,EN,Combined TRACON& Tower with Radar,63,55,47,0,165,0,0,28,0,28,63,55,75,0,193,0,0,0,193
08/03/2013,PWM,ME,ANE,EN,Combined TRACON& Tower with Radar,59,35,20,0,114,0,2,30,1,33,59,37,50,1,147,16,0,16,163
08/04/2013,PWM,ME,ANE,EN,Combined TRACON& Tower with Radar,53,45,27,0,125,0,3,44,4,51,53,48,71,4,176,14,0,14,190
08/05/2013,PWM,ME,ANE,EN,Combined TRACON& Tower with Radar,58,44,31,0,133,0,0,71,4,75,58,44,102,4,208,9,0,9,217
08/06/2013,PWM,ME,ANE,EN,Combined TRACON& Tower with Radar,60,47,41,0,148,0,1,73,1,75,60,48,114,1,223,12,0,12,235
08/07/2013,PWM,ME,ANE,EN,Combined TRACON& Tower with Radar,57,48,30,0,135,0,5,72,0,77,57,53,102,0,212,40,0,40,252
08/08/2013,PWM,ME,ANE,EN,Combined TRACON& Tower with Radar,56,55,46,4,161,0,1,14,6,21,56,56,60,10,182,10,0,10,192
08/09/2013,PWM,ME,ANE,EN,Combined TRACON& Tower with Radar,58,55,29,0,142,0,0,0,0,0,58,55,29,0,142,0,0,0,142
08/10/2013,PWM,ME,ANE,EN,Combined TRACON& Tower with Radar,60,38,16,0,114,0,6,53,0,59,60,44,69,0,173,12,0,12,185
08/11/2013,PWM,ME,ANE,EN,Combined TRACON& Tower with Radar,53,54,25,0,132,0,3,74,0,77,53,57,99,0,209,8,0,8,217
08/12/2013,PWM,ME,ANE,EN,Combined TRACON& Tower with Radar,58,45,40,1,144,0,3,79,0,82,58,48,119,1,226,24,0,24,250
08/13/2013,PWM,ME,ANE,EN,Combined TRACON& Tower with Radar,60,41,16,0,117,0,1,14,0,15,60,42,30,0,132,5,0,5,137
08/14/2013,PWM,ME,ANE,EN,Combined TRACON& Tower with Radar,62,40,24,0,126,0,0,30,0,30,62,40,54,0,156,16,0,16,172
08/15/2013,PWM,ME,ANE,EN,Combined TRACON& Tower with Radar,65,40,35,0,140,0,5,99,0,104,65,45,134,0,244,8,0,8,252
08/16/2013,PWM,ME,ANE,EN,Combined TRACON& Tower with Radar,65,44,27,3,139,0,2,77,1,80,65,46,104,4,219,10,0,10,229
08/17/2013,PWM,ME,ANE,EN,Combined TRACON& Tower with Radar,67,40,16,1,124,0,1,63,1,65,67,41,79,2,189,16,0,16,205
08/18/2013,PWM,ME,ANE,EN,Combined TRACON& Tower with Radar,59,37,29,0,125,0,1,79,0,80,59,38,108,0,205,8,0,8,213
08/19/2013,PWM,ME,ANE,EN,Combined TRACON& Tower with Radar,61,40,33,1,135,0,0,67,3,70,61,40,100,4,205,0,0,0,205
08/20/2013,PWM,ME,ANE,EN,Combined TRACON& Tower with Radar,62,47,14,0,123,0,2,61,0,63,62,49,75,0,186,8,0,8,194
08/21/2013,PWM,ME,ANE,EN,Combined TRACON& Tower with Radar,60,44,17,0,121,0,4,53,1,58,60,48,70,1,179,14,0,14,193
08/22/2013,PWM,ME,ANE,EN,Combined TRACON& Tower with Radar,58,42,16,1,117,0,0,61,0,61,58,42,77,1,178,0,0,0,178
08/23/2013,PWM,ME,ANE,EN,Combined TRACON& Tower with Radar,65,44,30,0,139,0,3,40,2,45,65,47,70,2,184,6,0,6,190
08/24/2013,PWM,ME,ANE,EN,Combined TRACON& Tower with Radar,63,23,20,0,106,0,0,71,0,71,63,23,91,0,177,14,0,14,191
08/25/2013,PWM,ME,ANE,EN,Combined TRACON& Tower with Radar,61,36,22,0,119,0,1,64,0,65,61,37,86,0,184,6,0,6,190
08/26/2013,PWM,ME,ANE,EN,Combined TRACON& Tower with Radar,62,37,37,0,136,0,0,29,0,29,62,37,66,0,165,0,0,0,165
08/27/2013,PWM,ME,ANE,EN,Combined TRACON& Tower with Radar,65,41,28,0,134,0,4,40,3,47,65,45,68,3,181,12,0,12,193
08/28/2013,PWM,ME,ANE,EN,Combined TRACON& Tower with Radar,60,42,25,0,127,0,1,41,2,44,60,43,66,2,171,0,0,0,171
08/29/2013,PWM,ME,ANE,EN,Combined TRACON& Tower with Radar,60,52,36,0,148,0,0,14,1,15,60,52,50,1,163,0,0,0,163
08/30/2013,PWM,ME,ANE,EN,Combined TRACON& Tower with Radar,61,49,27,0,137,0,3,56,0,59,61,52,83,0,196,8,0,8,204
08/31/2013,PWM,ME,ANE,EN,Combined TRACON& Tower with Radar,60,23,14,0,97,0,0,21,0,21,60,23,35,0,118,0,0,0,118
09/01/2013,PWM,ME,ANE,EN,Combined TRACON& Tower with Radar,47,23,11,0,81,0,0,12,0,12,47,23,23,0,93,0,0,0,93
09/02/2013,PWM,ME,ANE,EN,Combined TRACON& Tower with Radar,50,35,16,0,101,0,0,0,0,0,50,35,16,0,101,0,0,0,101
09/03/2013,PWM,ME,ANE,EN,Combined TRACON& Tower with Radar,59,42,24,0,125,0,2,3,0,5,59,44,27,0,130,0,0,0,130
09/04/2013,PWM,ME,ANE,EN,Combined TRACON& Tower with Radar,55,43,16,0,114,0,1,65,0,66,55,44,81,0,180,0,0,0,180
09/05/2013,PWM,ME,ANE,EN,Combined TRACON& Tower with Radar,57,53,30,4,144,0,1,19,0,20,57,54,49,4,164,8,0,8,172
09/06/2013,PWM,ME,ANE,EN,Combined TRACON& Tower with Radar,59,50,16,0,125,0,2,50,4,56,59,52,66,4,181,10,0,10,191
09/07/2013,PWM,ME,ANE,EN,Combined TRACON& Tower with Radar,52,25,12,0,89,0,1,42,0,43,52,26,54,0,132,7,0,7,139
09/08/2013,PWM,ME,ANE,EN,Combined TRACON& Tower with Radar,60,33,27,0,120,0,0,23,1,24,60,33,50,1,144,0,0,0,144
09/09/2013,PWM,ME,ANE,EN,Combined TRACON& Tower with Radar,58,37,21,2,118,0,0,30,0,30,58,37,51,2,148,0,0,0,148
09/10/2013,PWM,ME,ANE,EN,Combined TRACON& Tower with Radar,58,39,43,0,140,0,1,12,0,13,58,40,55,0,153,14,0,14,167
09/11/2013,PWM,ME,ANE,EN,Combined TRACON& Tower with Radar,51,42,22,0,115,0,0,32,0,32,51,42,54,0,147,0,0,0,147
09/12/2013,PWM,ME,ANE,EN,Combined TRACON& Tower with Radar,48,36,17,0,101,0,0,8,0,8,48,36,25,0,109,0,0,0,109
09/13/2013,PWM,ME,ANE,EN,Combined TRACON& Tower with Radar,60,55,35,0,150,0,2,1,0,3,60,57,36,0,153,0,0,0,153
09/14/2013,PWM,ME,ANE,EN,Combined TRACON& Tower with Radar,52,26,14,0,92,0,0,36,3,39,52,26,50,3,131,15,0,15,146
09/15/2013,PWM,ME,ANE,EN,Combined TRACON& Tower with Radar,56,30,14,0,100,0,1,47,0,48,56,31,61,0,148,24,0,24,172
09/16/2013,PWM,ME,ANE,EN,Combined TRACON& Tower with Radar,59,40,22,0,121,0,0,39,0,39,59,40,61,0,160,0,0,0,160
09/17/2013,PWM,ME,ANE,EN,Combined TRACON& Tower with Radar,66,37,19,4,126,0,0,48,1,49,66,37,67,5,175,0,0,0,175
09/18/2013,PWM,ME,ANE,EN,Combined TRACON& Tower with Radar,57,42,22,0,121,0,0,66,3,69,57,42,88,3,190,0,0,0,190
09/19/2013,PWM,ME,ANE,EN,Combined TRACON& Tower with Radar,58,45,18,6,127,0,0,69,2,71,58,45,87,8,198,16,0,16,214
09/20/2013,PWM,ME,ANE,EN,Combined TRACON& Tower with Radar,59,42,19,4,124,0,0,87,0,87,59,42,106,4,211,16,0,16,227
09/21/2013,PWM,ME,ANE,EN,Combined TRACON& Tower with Radar,55,24,20,0,99,0,0,10,0,10,55,24,30,0,109,3,0,3,112
09/22/2013,PWM,ME,ANE,EN,Combined TRACON& Tower with Radar,59,31,24,0,114,0,0,19,0,19,59,31,43,0,133,0,0,0,133
09/23/2013,PWM,ME,ANE,EN,Combined TRACON& Tower with Radar,59,40,14,0,113,0,1,28,4,33,59,41,42,4,146,0,0,0,146
09/24/2013,PWM,ME,ANE,EN,Combined TRACON& Tower with Radar,60,32,22,1,115,0,2,36,1,39,60,34,58,2,154,6,0,6,160
09/25/2013,PWM,ME,ANE,EN,Combined TRACON& Tower with Radar,57,40,17,11,125,0,2,52,6,60,57,42,69,17,185,18,0,18,203
09/26/2013,PWM,ME,ANE,EN,Combined TRACON& Tower with Radar,61,43,33,0,137,0,0,34,0,34,61,43,67,0,171,18,0,18,189
09/27/2013,PWM,ME,ANE,EN,Combined TRACON& Tower with Radar,61,35,22,4,122,0,1,55,0,56,61,36,77,4,178,0,0,0,178
09/28/2013,PWM,ME,ANE,EN,Combined TRACON& Tower with Radar,53,27,5,0,85,0,1,51,0,52,53,28,56,0,137,0,0,0,137
09/29/2013,PWM,ME,ANE,EN,Combined TRACON& Tower with Radar,60,29,19,0,108,0,0,31,0,31,60,29,50,0,139,0,0,0,139
09/30/2013,PWM,ME,ANE,EN,Combined TRACON& Tower with Radar,57,34,32,0,123,0,1,21,0,22,57,35,53,0,145,0,0,0,145
10/01/2013,PWM,ME,ANE,EN,Combined TRACON& Tower with Radar,57,33,10,0,100,0,1,32,1,34,57,34,42,1,134,0,0,0,134
10/02/2013,PWM,ME,ANE,EN,Combined TRACON& Tower with Radar,58,35,15,0,108,0,1,41,0,42,58,36,56,0,150,0,0,0,150
10/03/2013,PWM,ME,ANE,EN,Combined TRACON& Tower with Radar,57,37,9,0,103,0,0,66,0,66,57,37,75,0,169,18,0,18,187
10/04/2013,PWM,ME,ANE,EN,Combined TRACON& Tower with Radar,60,38,16,0,114,0,2,49,1,52,60,40,65,1,166,25,0,25,191
10/05/2013,PWM,ME,ANE,EN,Combined TRACON& Tower with Radar,46,29,7,0,82,0,2,42,2,46,46,31,49,2,128,27,0,27,155
10/06/2013,PWM,ME,ANE,EN,Combined TRACON& Tower with Radar,59,25,12,0,96,0,0,5,0,5,59,25,17,0,101,8,0,8,109
10/07/2013,PWM,ME,ANE,EN,Combined TRACON& Tower with Radar,56,24,26,0,106,0,0,0,0,0,56,24,26,0,106,0,0,0,106
10/08/2013,PWM,ME,ANE,EN,Combined TRACON& Tower with Radar,58,37,24,0,119,0,2,33,0,35,58,39,57,0,154,6,0,6,160
10/09/2013,PWM,ME,ANE,EN,Combined TRACON& Tower with Radar,55,38,21,0,114,0,1,50,2,53,55,39,71,2,167,0,0,0,167
10/10/2013,PWM,ME,ANE,EN,Combined TRACON& Tower with Radar,60,41,25,0,126,0,4,35,0,39,60,45,60,0,165,26,0,26,191
10/11/2013,PWM,ME,ANE,EN,Combined TRACON& Tower with Radar,56,35,17,0,108,0,0,43,0,43,56,35,60,0,151,2,0,2,153
10/12/2013,PWM,ME,ANE,EN,Combined TRACON& Tower with Radar,49,27,18,0,94,0,1,13,0,14,49,28,31,0,108,32,0,32,140
10/13/2013,PWM,ME,ANE,EN,Combined TRACON& Tower with Radar,61,29,18,0,108,0,0,27,0,27,61,29,45,0,135,36,0,36,171
10/14/2013,PWM,ME,ANE,EN,Combined TRACON& Tower with Radar,60,36,19,0,115,0,2,31,0,33,60,38,50,0,148,0,0,0,148
10/15/2013,PWM,ME,ANE,EN,Combined TRACON& Tower with Radar,58,37,31,2,128,0,0,35,2,37,58,37,66,4,165,17,0,17,182
10/16/2013,PWM,ME,ANE,EN,Combined TRACON& Tower with Radar,56,36,28,0,120,0,0,2,0,2,56,36,30,0,122,0,0,0,122
10/17/2013,PWM,ME,ANE,EN,Combined TRACON& Tower with Radar,57,36,20,0,113,0,0,20,0,20,57,36,40,0,133,0,0,0,133
10/18/2013,PWM,ME,ANE,EN,Combined TRACON& Tower with Radar,62,42,9,0,113,0,0,18,0,18,62,42,27,0,131,12,0,12,143
10/19/2013,PWM,ME,ANE,EN,Combined TRACON& Tower with Radar,49,29,6,0,84,0,3,44,0,47,49,32,50,0,131,35,0,35,166
10/20/2013,PWM,ME,ANE,EN,Combined TRACON& Tower with Radar,61,32,15,0,108,0,1,30,1,32,61,33,45,1,140,10,0,10,150
10/21/2013,PWM,ME,ANE,EN,Combined TRACON& Tower with Radar,59,31,16,0,106,0,1,45,0,46,59,32,61,0,152,0,0,0,152
10/22/2013,PWM,ME,ANE,EN,Combined TRACON& Tower with Radar,60,34,11,0,105,0,0,9,0,9,60,34,20,0,114,0,0,0,114
10/23/2013,PWM,ME,ANE,EN,Combined TRACON& Tower with Radar,57,39,18,0,114,0,2,24,0,26,57,41,42,0,140,0,0,0,140
10/24/2013,PWM,ME,ANE,EN,Combined TRACON& Tower with Radar,64,49,20,0,133,0,0,32,0,32,64,49,52,0,165,40,0,40,205
10/25/2013,PWM,ME,ANE,EN,Combined TRACON& Tower with Radar,63,43,27,0,133,0,2,29,0,31,63,45,56,0,164,8,0,8,172
10/26/2013,PWM,ME,ANE,EN,Combined TRACON& Tower with Radar,49,25,6,0,80,0,0,27,0,27,49,25,33,0,107,0,0,0,107
10/27/2013,PWM,ME,ANE,EN,Combined TRACON& Tower with Radar,59,30,17,1,107,0,1,16,1,18,59,31,33,2,125,4,0,4,129
10/28/2013,PWM,ME,ANE,EN,Combined TRACON& Tower with Radar,57,37,15,1,110,0,0,23,0,23,57,37,38,1,133,0,0,0,133
10/29/2013,PWM,ME,ANE,EN,Combined TRACON& Tower with Radar,57,37,15,0,109,0,1,52,0,53,57,38,67,0,162,0,0,0,162
10/30/2013,PWM,ME,ANE,EN,Combined TRACON& Tower with Radar,56,33,13,0,102,0,0,21,1,22,56,33,34,1,124,18,0,18,142
10/31/2013,PWM,ME,ANE,EN,Combined TRACON& Tower with Radar,52,28,20,0,100,0,0,4,0,4,52,28,24,0,104,21,0,21,125
11/01/2013,PWM,ME,ANE,EN,Combined TRACON& Tower with Radar,57,34,9,12,112,0,0,1,0,1,57,34,10,12,113,0,0,0,113
11/02/2013,PWM,ME,ANE,EN,Combined TRACON& Tower with Radar,48,27,6,0,81,0,2,49,1,52,48,29,55,1,133,22,0,22,155
11/03/2013,PWM,ME,ANE,EN,Combined TRACON& Tower with Radar,53,23,19,0,95,0,4,28,0,32,53,27,47,0,127,0,0,0,127
11/04/2013,PWM,ME,ANE,EN,Combined TRACON& Tower with Radar,49,30,22,2,103,0,1,37,1,39,49,31,59,3,142,6,0,6,148
11/05/2013,PWM,ME,ANE,EN,Combined TRACON& Tower with Radar,47,30,25,0,102,0,2,42,4,48,47,32,67,4,150,8,0,8,158
11/06/2013,PWM,ME,ANE,EN,Combined TRACON& Tower with Radar,48,32,17,0,97,0,8,30,0,38,48,40,47,0,135,6,0,6,141
11/07/2013,PWM,ME,ANE,EN,Combined TRACON& Tower with Radar,46,30,34,2,112,0,3,5,0,8,46,33,39,2,120,0,0,0,120
11/08/2013,PWM,ME,ANE,EN,Combined TRACON& Tower with Radar,48,33,16,0,97,0,4,26,0,30,48,37,42,0,127,14,0,14,141
11/09/2013,PWM,ME,ANE,EN,Combined TRACON& Tower with Radar,43,23,7,0,73,0,0,44,0,44,43,23,51,0,117,10,0,10,127
11/10/2013,PWM,ME,ANE,EN,Combined TRACON& Tower with Radar,46,24,11,0,81,0,0,13,0,13,46,24,24,0,94,0,0,0,94
11/11/2013,PWM,ME,ANE,EN,Combined TRACON& Tower with Radar,44,29,21,0,94,0,2,30,0,32,44,31,51,0,126,0,0,0,126
11/12/2013,PWM,ME,ANE,EN,Combined TRACON& Tower with Radar,46,31,7,0,84,0,4,7,1,12,46,35,14,1,96,0,0,0,96
11/13/2013,PWM,ME,ANE,EN,Combined TRACON& Tower with Radar,50,35,21,1,107,0,0,36,1,37,50,35,57,2,144,0,0,0,144
11/14/2013,PWM,ME,ANE,EN,Combined TRACON& Tower with Radar,48,36,17,2,103,0,0,39,0,39,48,36,56,2,142,6,0,6,148
11/15/2013,PWM,ME,ANE,EN,Combined TRACON& Tower with Radar,49,35,13,2,99,0,3,46,0,49,49,38,59,2,148,0,0,0,148
11/16/2013,PWM,ME,ANE,EN,Combined TRACON& Tower with Radar,46,16,8,0,70,0,0,62,0,62,46,16,70,0,132,0,0,0,132
11/17/2013,PWM,ME,ANE,EN,Combined TRACON& Tower with Radar,44,26,17,0,87,0,0,7,0,7,44,26,24,0,94,2,0,2,96
11/18/2013,PWM,ME,ANE,EN,Combined TRACON& Tower with Radar,48,32,16,0,96,0,0,5,4,9,48,32,21,4,105,0,0,0,105
11/19/2013,PWM,ME,ANE,EN,Combined TRACON& Tower with Radar,50,33,15,0,98,0,0,11,0,11,50,33,26,0,109,0,0,0,109
11/20/2013,PWM,ME,ANE,EN,Combined TRACON& Tower with Radar,48,31,12,0,91,0,2,41,0,43,48,33,53,0,134,0,0,0,134
11/21/2013,PWM,ME,ANE,EN,Combined TRACON& Tower with Radar,48,31,14,0,93,0,0,52,1,53,48,31,66,1,146,0,0,0,146
11/22/2013,PWM,ME,ANE,EN,Combined TRACON& Tower with Radar,49,31,16,0,96,0,0,1,0,1,49,31,17,0,97,0,0,0,97
11/23/2013,PWM,ME,ANE,EN,Combined TRACON& Tower with Radar,43,18,4,0,65,0,2,16,0,18,43,20,20,0,83,0,0,0,83
11/24/2013,PWM,ME,ANE,EN,Combined TRACON& Tower with Radar,44,23,6,0,73,0,0,6,0,6,44,23,12,0,79,0,0,0,79
11/25/2013,PWM,ME,ANE,EN,Combined TRACON& Tower with Radar,45,33,13,0,91,0,2,6,0,8,45,35,19,0,99,0,0,0,99
11/26/2013,PWM,ME,ANE,EN,Combined TRACON& Tower with Radar,46,40,28,0,114,0,4,11,0,15,46,44,39,0,129,0,0,0,129
11/27/2013,PWM,ME,ANE,EN,Combined TRACON& Tower with Radar,51,34,7,0,92,0,0,0,0,0,51,34,7,0,92,0,0,0,92
11/28/2013,PWM,ME,ANE,EN,Combined TRACON& Tower with Radar,23,17,1,0,41,0,0,2,0,2,23,17,3,0,43,0,0,0,43
11/29/2013,PWM,ME,ANE,EN,Combined TRACON& Tower with Radar,31,20,12,0,63,0,5,52,0,57,31,25,64,0,120,0,0,0,120
11/30/2013,PWM,ME,ANE,EN,Combined TRACON& Tower with Radar,54,29,16,0,99,0,1,67,0,68,54,30,83,0,167,10,0,10,177
12/01/2013,PWM,ME,ANE,EN,Combined TRACON& Tower with Radar,53,29,24,0,106,0,0,0,0,0,53,29,24,0,106,0,0,0,106
12/02/2013,PWM,ME,ANE,EN,Combined TRACON& Tower with Radar,47,34,17,0,98,0,0,0,0,0,47,34,17,0,98,0,0,0,98
12/03/2013,PWM,ME,ANE,EN,Combined TRACON& Tower with Radar,46,39,24,1,110,0,0,9,0,9,46,39,33,1,119,0,0,0,119
12/04/2013,PWM,ME,ANE,EN,Combined TRACON& Tower with Radar,48,34,24,2,108,0,0,33,1,34,48,34,57,3,142,8,0,8,150
12/05/2013,PWM,ME,ANE,EN,Combined TRACON& Tower with Radar,46,29,16,0,91,0,0,6,0,6,46,29,22,0,97,0,0,0,97
12/06/2013,PWM,ME,ANE,EN,Combined TRACON& Tower with Radar,44,37,24,0,105,0,0,3,0,3,44,37,27,0,108,0,0,0,108
12/07/2013,PWM,ME,ANE,EN,Combined TRACON& Tower with Radar,37,24,7,0,68,0,2,42,2,46,37,26,49,2,114,0,0,0,114
12/08/2013,PWM,ME,ANE,EN,Combined TRACON& Tower with Radar,32,14,9,0,55,0,1,35,0,36,32,15,44,0,91,30,0,30,121
12/09/2013,PWM,ME,ANE,EN,Combined TRACON& Tower with Radar,43,25,23,0,91,0,0,0,0,0,43,25,23,0,91,0,0,0,91
12/10/2013,PWM,ME,ANE,EN,Combined TRACON& Tower with Radar,45,34,19,0,98,0,0,0,0,0,45,34,19,0,98,0,0,0,98
12/11/2013,PWM,ME,ANE,EN,Combined TRACON& Tower with Radar,49,29,20,0,98,0,0,16,0,16,49,29,36,0,114,0,0,0,114
12/12/2013,PWM,ME,ANE,EN,Combined TRACON& Tower with Radar,49,32,18,0,99,0,0,23,0,23,49,32,41,0,122,0,0,0,122
12/13/2013,PWM,ME,ANE,EN,Combined TRACON& Tower with Radar,46,34,15,0,95,0,0,27,0,27,46,34,42,0,122,6,0,6,128
12/14/2013,PWM,ME,ANE,EN,Combined TRACON& Tower with Radar,30,23,9,0,62,0,1,28,2,31,30,24,37,2,93,0,0,0,93
12/15/2013,PWM,ME,ANE,EN,Combined TRACON& Tower with Radar,36,17,5,0,58,0,0,0,0,0,36,17,5,0,58,0,0,0,58
12/16/2013,PWM,ME,ANE,EN,Combined TRACON& Tower with Radar,43,25,30,0,98,0,1,8,0,9,43,26,38,0,107,18,0,18,125
12/17/2013,PWM,ME,ANE,EN,Combined TRACON& Tower with Radar,43,31,17,0,91,0,0,10,0,10,43,31,27,0,101,0,0,0,101
12/18/2013,PWM,ME,ANE,EN,Combined TRACON& Tower with Radar,49,30,22,0,101,0,0,10,0,10,49,30,32,0,111,0,0,0,111
12/19/2013,PWM,ME,ANE,EN,Combined TRACON& Tower with Radar,50,38,27,0,115,0,2,27,2,31,50,40,54,2,146,64,0,64,210
12/20/2013,PWM,ME,ANE,EN,Combined TRACON& Tower with Radar,48,37,16,0,101,0,1,15,0,16,48,38,31,0,117,30,0,30,147
12/21/2013,PWM,ME,ANE,EN,Combined TRACON& Tower with Radar,38,31,9,2,80,0,0,2,0,2,38,31,11,2,82,0,0,0,82
12/22/2013,PWM,ME,ANE,EN,Combined TRACON& Tower with Radar,32,19,0,0,51,0,0,0,0,0,32,19,0,0,51,0,0,0,51
12/23/2013,PWM,ME,ANE,EN,Combined TRACON& Tower with Radar,42,33,7,0,82,0,0,0,0,0,42,33,7,0,82,0,0,0,82
12/24/2013,PWM,ME,ANE,EN,Combined TRACON& Tower with Radar,40,28,7,0,75,1,1,10,0,12,41,29,17,0,87,0,0,0,87
12/25/2013,PWM,ME,ANE,EN,Combined TRACON& Tower with Radar,34,11,0,0,45,0,1,3,0,4,34,12,3,0,49,0,0,0,49
12/26/2013,PWM,ME,ANE,EN,Combined TRACON& Tower with Radar,44,35,5,0,84,0,0,0,0,0,44,35,5,0,84,0,0,0,84
12/27/2013,PWM,ME,ANE,EN,Combined TRACON& Tower with Radar,46,39,13,0,98,0,2,30,0,32,46,41,43,0,130,3,0,3,133
12/28/2013,PWM,ME,ANE,EN,Combined TRACON& Tower with Radar,43,30,18,0,91,0,0,31,0,31,43,30,49,0,122,18,0,18,140
12/29/2013,PWM,ME,ANE,EN,Combined TRACON& Tower with Radar,37,21,2,0,60,0,0,6,0,6,37,21,8,0,66,0,0,0,66
12/30/2013,PWM,ME,ANE,EN,Combined TRACON& Tower with Radar,45,38,10,0,93,0,1,22,0,23,45,39,32,0,116,36,0,36,152
12/31/2013,PWM,ME,ANE,EN,Combined TRACON& Tower with Radar,36,33,10,0,79,0,2,22,0,24,36,35,32,0,103,32,0,32,135
01/01/2014,PWM,ME,ANE,EN,Combined TRACON& Tower with Radar,36,23,7,0,66,0,3,6,0,9,36,26,13,0,75,0,0,0,75
01/02/2014,PWM,ME,ANE,EN,Combined TRACON& Tower with Radar,24,30,1,0,55,0,0,0,0,0,24,30,1,0,55,0,0,0,55
01/03/2014,PWM,ME,ANE,EN,Combined TRACON& Tower with Radar,19,25,3,0,47,0,0,4,0,4,19,25,7,0,51,0,0,0,51
01/04/2014,PWM,ME,ANE,EN,Combined TRACON& Tower with Radar,33,18,10,4,65,0,4,18,2,24,33,22,28,6,89,4,4,8,97
01/05/2014,PWM,ME,ANE,EN,Combined TRACON& Tower with Radar,25,21,8,0,54,0,1,9,1,11,25,22,17,1,65,14,0,14,79
01/06/2014,PWM,ME,ANE,EN,Combined TRACON& Tower with Radar,22,36,3,0,61,0,0,0,0,0,22,36,3,0,61,0,0,0,61
01/07/2014,PWM,ME,ANE,EN,Combined TRACON& Tower with Radar,26,32,4,0,62,0,2,0,0,2,26,34,4,0,64,0,0,0,64
01/08/2014,PWM,ME,ANE,EN,Combined TRACON& Tower with Radar,32,29,20,2,83,0,2,26,2,30,32,31,46,4,113,0,0,0,113
01/09/2014,PWM,ME,ANE,EN,Combined TRACON& Tower with Radar,34,34,10,0,78,0,1,26,1,28,34,35,36,1,106,4,0,4,110
01/10/2014,PWM,ME,ANE,EN,Combined TRACON& Tower with Radar,34,25,10,0,69,0,0,2,0,2,34,25,12,0,71,0,0,0,71
01/11/2014,PWM,ME,ANE,EN,Combined TRACON& Tower with Radar,30,15,2,0,47,0,0,0,0,0,30,15,2,0,47,0,0,0,47
01/12/2014,PWM,ME,ANE,EN,Combined TRACON& Tower with Radar,34,23,4,0,61,0,5,16,0,21,34,28,20,0,82,0,0,0,82
01/13/2014,PWM,ME,ANE,EN,Combined TRACON& Tower with Radar,33,34,16,0,83,0,0,38,0,38,33,34,54,0,121,15,0,15,136
01/14/2014,PWM,ME,ANE,EN,Combined TRACON& Tower with Radar,31,33,11,0,75,0,0,0,0,0,31,33,11,0,75,0,0,0,75
01/15/2014,PWM,ME,ANE,EN,Combined TRACON& Tower with Radar,34,29,10,0,73,0,0,32,1,33,34,29,42,1,106,0,0,0,106
01/16/2014,PWM,ME,ANE,EN,Combined TRACON& Tower with Radar,31,34,27,0,92,0,0,0,0,0,31,34,27,0,92,0,0,0,92
01/17/2014,PWM,ME,ANE,EN,Combined TRACON& Tower with Radar,34,39,18,1,92,0,1,17,0,18,34,40,35,1,110,6,0,6,116
01/18/2014,PWM,ME,ANE,EN,Combined TRACON& Tower with Radar,32,22,11,0,65,0,0,0,0,0,32,22,11,0,65,0,0,0,65
01/19/2014,PWM,ME,ANE,EN,Combined TRACON& Tower with Radar,40,15,2,0,57,0,2,2,0,4,40,17,4,0,61,0,0,0,61
01/20/2014,PWM,ME,ANE,EN,Combined TRACON& Tower with Radar,33,35,13,0,81,0,0,9,0,9,33,35,22,0,90,0,0,0,90
01/21/2014,PWM,ME,ANE,EN,Combined TRACON& Tower with Radar,21,25,18,0,64,0,0,4,0,4,21,25,22,0,68,0,0,0,68
01/22/2014,PWM,ME,ANE,EN,Combined TRACON& Tower with Radar,27,28,7,0,62,0,1,1,0,2,27,29,8,0,64,0,0,0,64
01/23/2014,PWM,ME,ANE,EN,Combined TRACON& Tower with Radar,35,34,10,0,79,0,2,18,0,20,35,36,28,0,99,0,0,0,99
01/24/2014,PWM,ME,ANE,EN,Combined TRACON& Tower with Radar,34,36,21,0,91,0,2,26,2,30,34,38,47,2,121,10,0,10,131
01/25/2014,PWM,ME,ANE,EN,Combined TRACON& Tower with Radar,30,17,3,0,50,0,1,1,0,2,30,18,4,0,52,0,0,0,52
01/26/2014,PWM,ME,ANE,EN,Combined TRACON& Tower with Radar,39,19,7,0,65,0,1,11,0,12,39,20,18,0,77,0,0,0,77
01/27/2014,PWM,ME,ANE,EN,Combined TRACON& Tower with Radar,33,33,14,0,80,0,0,0,0,0,33,33,14,0,80,0,0,0,80
01/28/2014,PWM,ME,ANE,EN,Combined TRACON& Tower with Radar,28,37,11,0,76,0,2,22,0,24,28,39,33,0,100,0,0,0,100
01/29/2014,PWM,ME,ANE,EN,Combined TRACON& Tower with Radar,32,30,17,2,81,0,0,35,0,35,32,30,52,2,116,14,0,14,130
01/30/2014,PWM,ME,ANE,EN,Combined TRACON& Tower with Radar,31,36,12,3,82,0,0,35,1,36,31,36,47,4,118,8,4,12,130
01/31/2014,PWM,ME,ANE,EN,Combined TRACON& Tower with Radar,35,33,16,0,84,0,0,17,1,18,35,33,33,1,102,6,0,6,108
02/01/2014,PWM,ME,ANE,EN,Combined TRACON& Tower with Radar,34,15,0,2,51,0,1,20,0,21,34,16,20,2,72,32,0,32,104
02/02/2014,PWM,ME,ANE,EN,Combined TRACON& Tower with Radar,38,12,11,4,65,0,0,15,0,15,38,12,26,4,80,30,4,34,114
02/03/2014,PWM,ME,ANE,EN,Combined TRACON& Tower with Radar,28,24,11,0,63,0,0,12,0,12,28,24,23,0,75,0,0,0,75
02/04/2014,PWM,ME,ANE,EN,Combined TRACON& Tower with Radar,29,35,10,0,74,0,0,20,0,20,29,35,30,0,94,0,0,0,94
02/05/2014,PWM,ME,ANE,EN,Combined TRACON& Tower with Radar,22,12,7,0,41,0,0,0,0,0,22,12,7,0,41,0,0,0,41
02/06/2014,PWM,ME,ANE,EN,Combined TRACON& Tower with Radar,34,38,11,2,85,0,1,25,0,26,34,39,36,2,111,0,0,0,111
02/07/2014,PWM,ME,ANE,EN,Combined TRACON& Tower with Radar,35,31,14,0,80,0,4,22,0,26,35,35,36,0,106,0,0,0,106
02/08/2014,PWM,ME,ANE,EN,Combined TRACON& Tower with Radar,31,19,6,1,57,0,2,31,1,34,31,21,37,2,91,4,0,4,95
02/09/2014,PWM,ME,ANE,EN,Combined TRACON& Tower with Radar,35,18,1,0,54,0,0,10,0,10,35,18,11,0,64,0,0,0,64
02/10/2014,PWM,ME,ANE,EN,Combined TRACON& Tower with Radar,30,30,10,0,70,0,0,0,0,0,30,30,10,0,70,0,0,0,70
02/11/2014,PWM,ME,ANE,EN,Combined TRACON& Tower with Radar,31,36,12,0,79,0,0,16,1,17,31,36,28,1,96,0,0,0,96
02/12/2014,PWM,ME,ANE,EN,Combined TRACON& Tower with Radar,32,37,22,0,91,0,2,31,0,33,32,39,53,0,124,0,0,0,124
02/13/2014,PWM,ME,ANE,EN,Combined TRACON& Tower with Radar,5,13,11,0,29,0,0,0,0,0,5,13,11,0,29,0,0,0,29
02/14/2014,PWM,ME,ANE,EN,Combined TRACON& Tower with Radar,29,34,11,0,74,0,0,0,0,0,29,34,11,0,74,0,0,0,74
02/15/2014,PWM,ME,ANE,EN,Combined TRACON& Tower with Radar,25,21,1,0,47,0,0,6,0,6,25,21,7,0,53,4,0,4,57
02/16/2014,PWM,ME,ANE,EN,Combined TRACON& Tower with Radar,28,22,2,0,52,0,0,0,0,0,28,22,2,0,52,0,0,0,52
02/17/2014,PWM,ME,ANE,EN,Combined TRACON& Tower with Radar,34,36,9,0,79,0,1,14,0,15,34,37,23,0,94,0,0,0,94
02/18/2014,PWM,ME,ANE,EN,Combined TRACON& Tower with Radar,33,29,10,2,74,0,0,0,0,0,33,29,10,2,74,0,0,0,74
02/19/2014,PWM,ME,ANE,EN,Combined TRACON& Tower with Radar,36,39,6,0,81,0,1,1,0,2,36,40,7,0,83,0,0,0,83
02/20/2014,PWM,ME,ANE,EN,Combined TRACON& Tower with Radar,38,32,18,1,89,0,0,19,4,23,38,32,37,5,112,0,0,0,112
02/21/2014,PWM,ME,ANE,EN,Combined TRACON& Tower with Radar,33,21,3,0,57,0,0,0,0,0,33,21,3,0,57,0,0,0,57
02/22/2014,PWM,ME,ANE,EN,Combined TRACON& Tower with Radar,39,31,6,0,76,0,0,21,4,25,39,31,27,4,101,14,0,14,115
02/23/2014,PWM,ME,ANE,EN,Combined TRACON& Tower with Radar,34,32,9,0,75,0,0,28,0,28,34,32,37,0,103,0,0,0,103
02/24/2014,PWM,ME,ANE,EN,Combined TRACON& Tower with Radar,35,37,9,0,81,0,1,5,0,6,35,38,14,0,87,0,0,0,87
02/25/2014,PWM,ME,ANE,EN,Combined TRACON& Tower with Radar,37,32,18,0,87,0,3,20,0,23,37,35,38,0,110,10,0,10,120
02/26/2014,PWM,ME,ANE,EN,Combined TRACON& Tower with Radar,35,38,15,0,88,0,2,6,0,8,35,40,21,0,96,0,0,0,96
02/27/2014,PWM,ME,ANE,EN,Combined TRACON& Tower with Radar,35,35,13,0,83,0,2,8,0,10,35,37,21,0,93,9,0,9,102
02/28/2014,PWM,ME,ANE,EN,Combined TRACON& Tower with Radar,34,39,17,0,90,0,2,29,4,35,34,41,46,4,125,0,0,0,125
03/01/2014,PWM,ME,ANE,EN,Combined TRACON& Tower with Radar,36,27,1,0,64,0,0,11,2,13,36,27,12,2,77,8,0,8,85
03/02/2014,PWM,ME,ANE,EN,Combined TRACON& Tower with Radar,31,39,8,0,78,0,1,16,0,17,31,40,24,0,95,26,0,26,121
03/03/2014,PWM,ME,ANE,EN,Combined TRACON& Tower with Radar,19,20,11,0,50,0,1,4,0,5,19,21,15,0,55,0,0,0,55
03/04/2014,PWM,ME,ANE,EN,Combined TRACON& Tower with Radar,37,40,12,0,89,0,0,19,0,19,37,40,31,0,108,0,0,0,108
03/05/2014,PWM,ME,ANE,EN,Combined TRACON& Tower with Radar,37,43,11,4,95,0,2,2,0,4,37,45,13,4,99,0,0,0,99
03/06/2014,PWM,ME,ANE,EN,Combined TRACON& Tower with Radar,39,41,18,1,99,0,0,16,0,16,39,41,34,1,115,0,0,0,115
03/07/2014,PWM,ME,ANE,EN,Combined TRACON& Tower with Radar,39,35,14,0,88,0,4,15,2,21,39,39,29,2,109,0,0,0,109
03/08/2014,PWM,ME,ANE,EN,Combined TRACON& Tower with Radar,45,21,8,0,74,0,0,29,1,30,45,21,37,1,104,24,0,24,128
03/09/2014,PWM,ME,ANE,EN,Combined TRACON& Tower with Radar,41,28,7,0,76,0,0,25,0,25,41,28,32,0,101,0,0,0,101
03/10/2014,PWM,ME,ANE,EN,Combined TRACON& Tower with Radar,41,32,7,0,80,0,1,15,0,16,41,33,22,0,96,0,0,0,96
03/11/2014,PWM,ME,ANE,EN,Combined TRACON& Tower with Radar,42,45,11,0,98,0,0,28,0,28,42,45,39,0,126,0,0,0,126
03/12/2014,PWM,ME,ANE,EN,Combined TRACON& Tower with Radar,35,27,11,0,73,0,1,0,0,1,35,28,11,0,74,0,0,0,74
03/13/2014,PWM,ME,ANE,EN,Combined TRACON& Tower with Radar,30,29,7,0,66,0,0,0,0,0,30,29,7,0,66,0,0,0,66
03/14/2014,PWM,ME,ANE,EN,Combined TRACON& Tower with Radar,40,45,11,0,96,0,4,23,0,27,40,49,34,0,123,4,0,4,127
03/15/2014,PWM,ME,ANE,EN,Combined TRACON& Tower with Radar,45,16,13,0,74,0,0,33,0,33,45,16,46,0,107,20,0,20,127
03/16/2014,PWM,ME,ANE,EN,Combined TRACON& Tower with Radar,42,24,8,0,74,0,1,17,0,18,42,25,25,0,92,24,0,24,116
03/17/2014,PWM,ME,ANE,EN,Combined TRACON& Tower with Radar,40,27,10,0,77,0,3,18,0,21,40,30,28,0,98,14,0,14,112
03/18/2014,PWM,ME,ANE,EN,Combined TRACON& Tower with Radar,42,37,19,0,98,0,2,34,1,37,42,39,53,1,135,0,0,0,135
03/19/2014,PWM,ME,ANE,EN,Combined TRACON& Tower with Radar,42,40,30,0,112,0,0,25,0,25,42,40,55,0,137,0,0,0,137
03/20/2014,PWM,ME,ANE,EN,Combined TRACON& Tower with Radar,39,37,17,0,93,0,1,6,1,8,39,38,23,1,101,0,0,0,101
03/21/2014,PWM,ME,ANE,EN,Combined TRACON& Tower with Radar,42,40,10,0,92,0,0,17,0,17,42,40,27,0,109,0,0,0,109
03/22/2014,PWM,ME,ANE,EN,Combined TRACON& Tower with Radar,45,18,8,0,71,0,0,7,0,7,45,18,15,0,78,0,0,0,78
03/23/2014,PWM,ME,ANE,EN,Combined TRACON& Tower with Radar,41,34,12,0,87,0,0,18,0,18,41,34,30,0,105,14,0,14,119
03/24/2014,PWM,ME,ANE,EN,Combined TRACON& Tower with Radar,43,36,17,0,96,0,2,22,0,24,43,38,39,0,120,0,0,0,120
03/25/2014,PWM,ME,ANE,EN,Combined TRACON& Tower with Radar,41,43,18,0,102,0,8,8,0,16,41,51,26,0,118,10,0,10,128
03/26/2014,PWM,ME,ANE,EN,Combined TRACON& Tower with Radar,38,42,9,0,89,0,0,0,0,0,38,42,9,0,89,0,0,0,89
03/27/2014,PWM,ME,ANE,EN,Combined TRACON& Tower with Radar,39,41,24,0,104,0,0,8,0,8,39,41,32,0,112,9,0,9,121
03/28/2014,PWM,ME,ANE,EN,Combined TRACON& Tower with Radar,42,33,11,0,86,0,0,6,4,10,42,33,17,4,96,4,0,4,100
03/29/2014,PWM,ME,ANE,EN,Combined TRACON& Tower with Radar,44,18,6,0,68,0,1,44,0,45,44,19,50,0,113,10,0,10,123
03/30/2014,PWM,ME,ANE,EN,Combined TRACON& Tower with Radar,35,23,7,0,65,0,0,0,0,0,35,23,7,0,65,0,0,0,65
03/31/2014,PWM,ME,ANE,EN,Combined TRACON& Tower with Radar,41,32,3,0,76,0,0,0,0,0,41,32,3,0,76,0,0,0,76
04/01/2014,PWM,ME,ANE,EN,Combined TRACON& Tower with Radar,38,39,15,0,92,0,0,29,2,31,38,39,44,2,123,0,0,0,123
04/02/2014,PWM,ME,ANE,EN,Combined TRACON& Tower with Radar,40,40,18,0,98,0,0,36,2,38,40,40,54,2,136,14,0,14,150
04/03/2014,PWM,ME,ANE,EN,Combined TRACON& Tower with Radar,42,39,17,6,104,0,1,22,0,23,42,40,39,6,127,15,0,15,142
04/04/2014,PWM,ME,ANE,EN,Combined TRACON& Tower with Radar,42,41,9,2,94,0,2,25,2,29,42,43,34,4,123,2,0,2,125
04/05/2014,PWM,ME,ANE,EN,Combined TRACON& Tower with Radar,43,21,17,0,81,0,0,2,0,2,43,21,19,0,83,8,0,8,91
04/06/2014,PWM,ME,ANE,EN,Combined TRACON& Tower with Radar,42,26,9,0,77,0,2,36,0,38,42,28,45,0,115,12,0,12,127
04/07/2014,PWM,ME,ANE,EN,Combined TRACON& Tower with Radar,40,32,11,0,83,0,0,28,2,30,40,32,39,2,113,0,0,0,113
04/08/2014,PWM,ME,ANE,EN,Combined TRACON& Tower with Radar,40,37,11,0,88,0,0,0,0,0,40,37,11,0,88,0,0,0,88
04/09/2014,PWM,ME,ANE,EN,Combined TRACON& Tower with Radar,40,43,9,0,92,0,0,24,0,24,40,43,33,0,116,0,0,0,116
04/10/2014,PWM,ME,ANE,EN,Combined TRACON& Tower with Radar,41,36,21,3,101,0,0,28,2,30,41,36,49,5,131,0,0,0,131
04/11/2014,PWM,ME,ANE,EN,Combined TRACON& Tower with Radar,41,35,18,2,96,0,0,19,1,20,41,35,37,3,116,10,0,10,126
04/12/2014,PWM,ME,ANE,EN,Combined TRACON& Tower with Radar,40,26,13,1,80,0,3,33,0,36,40,29,46,1,116,24,0,24,140
04/13/2014,PWM,ME,ANE,EN,Combined TRACON& Tower with Radar,40,35,8,0,83,0,0,5,0,5,40,35,13,0,88,0,0,0,88
04/14/2014,PWM,ME,ANE,EN,Combined TRACON& Tower with Radar,40,34,13,1,88,0,1,20,0,21,40,35,33,1,109,6,0,6,115
04/15/2014,PWM,ME,ANE,EN,Combined TRACON& Tower with Radar,35,37,3,9,84,0,0,0,0,0,35,37,3,9,84,0,0,0,84
04/16/2014,PWM,ME,ANE,EN,Combined TRACON& Tower with Radar,42,38,15,0,95,0,3,15,0,18,42,41,30,0,113,12,0,12,125
04/17/2014,PWM,ME,ANE,EN,Combined TRACON& Tower with Radar,44,39,14,6,103,0,1,30,2,33,44,40,44,8,136,0,0,0,136
04/18/2014,PWM,ME,ANE,EN,Combined TRACON& Tower with Radar,43,38,9,0,90,0,0,28,0,28,43,38,37,0,118,8,0,8,126
04/19/2014,PWM,ME,ANE,EN,Combined TRACON& Tower with Radar,47,23,15,0,85,0,1,34,0,35,47,24,49,0,120,0,0,0,120
04/20/2014,PWM,ME,ANE,EN,Combined TRACON& Tower with Radar,45,28,11,0,84,0,0,15,0,15,45,28,26,0,99,0,0,0,99
04/21/2014,PWM,ME,ANE,EN,Combined TRACON& Tower with Radar,40,35,18,0,93,0,0,17,0,17,40,35,35,0,110,0,0,0,110
04/22/2014,PWM,ME,ANE,EN,Combined TRACON& Tower with Radar,39,36,10,0,85,0,1,11,0,12,39,37,21,0,97,0,0,0,97
04/23/2014,PWM,ME,ANE,EN,Combined TRACON& Tower with Radar,41,38,16,0,95,0,1,11,0,12,41,39,27,0,107,0,0,0,107
04/24/2014,PWM,ME,ANE,EN,Combined TRACON& Tower with Radar,41,38,18,0,97,0,0,2,0,2,41,38,20,0,99,0,0,0,99
04/25/2014,PWM,ME,ANE,EN,Combined TRACON& Tower with Radar,42,40,19,8,109,0,4,30,0,34,42,44,49,8,143,24,0,24,167
04/26/2014,PWM,ME,ANE,EN,Combined TRACON& Tower with Radar,41,27,12,0,80,0,3,4,1,8,41,30,16,1,88,0,0,0,88
04/27/2014,PWM,ME,ANE,EN,Combined TRACON& Tower with Radar,41,27,12,0,80,0,0,2,0,2,41,27,14,0,82,0,0,0,82
04/28/2014,PWM,ME,ANE,EN,Combined TRACON& Tower with Radar,40,33,17,0,90,0,3,19,0,22,40,36,36,0,112,0,0,0,112
04/29/2014,PWM,ME,ANE,EN,Combined TRACON& Tower with Radar,36,44,25,10,115,0,1,17,6,24,36,45,42,16,139,0,0,0,139
04/30/2014,PWM,ME,ANE,EN,Combined TRACON& Tower with Radar,37,27,13,0,77,0,0,0,0,0,37,27,13,0,77,0,0,0,77
05/01/2014,PWM,ME,ANE,EN,Combined TRACON& Tower with Radar,44,43,19,6,112,0,0,1,0,1,44,43,20,6,113,0,0,0,113
05/02/2014,PWM,ME,ANE,EN,Combined TRACON& Tower with Radar,45,35,18,0,98,0,1,20,1,22,45,36,38,1,120,10,0,10,130
05/03/2014,PWM,ME,ANE,EN,Combined TRACON& Tower with Radar,47,20,10,0,77,0,2,46,2,50,47,22,56,2,127,21,0,21,148
05/04/2014,PWM,ME,ANE,EN,Combined TRACON& Tower with Radar,49,25,15,0,89,0,0,4,1,5,49,25,19,1,94,0,0,0,94
05/05/2014,PWM,ME,ANE,EN,Combined TRACON& Tower with Radar,45,32,21,4,102,0,0,15,0,15,45,32,36,4,117,0,0,0,117
05/06/2014,PWM,ME,ANE,EN,Combined TRACON& Tower with Radar,49,31,22,1,103,0,2,20,6,28,49,33,42,7,131,0,0,0,131
05/07/2014,PWM,ME,ANE,EN,Combined TRACON& Tower with Radar,47,41,21,5,114,0,2,50,0,52,47,43,71,5,166,14,0,14,180
05/08/2014,PWM,ME,ANE,EN,Combined TRACON& Tower with Radar,47,35,25,1,108,0,1,40,3,44,47,36,65,4,152,8,0,8,160
05/09/2014,PWM,ME,ANE,EN,Combined TRACON& Tower with Radar,47,37,18,0,102,0,8,13,0,21,47,45,31,0,123,0,0,0,123
05/10/2014,PWM,ME,ANE,EN,Combined TRACON& Tower with Radar,39,27,12,5,83,0,0,6,0,6,39,27,18,5,89,0,0,0,89
05/11/2014,PWM,ME,ANE,EN,Combined TRACON& Tower with Radar,43,26,14,0,83,0,2,37,2,41,43,28,51,2,124,0,0,0,124
05/12/2014,PWM,ME,ANE,EN,Combined TRACON& Tower with Radar,47,34,25,0,106,0,1,22,0,23,47,35,47,0,129,2,0,2,131
05/13/2014,PWM,ME,ANE,EN,Combined TRACON& Tower with Radar,43,38,20,0,101,0,1,41,0,42,43,39,61,0,143,14,0,14,157
05/14/2014,PWM,ME,ANE,EN,Combined TRACON& Tower with Radar,47,41,26,0,114,0,1,16,2,19,47,42,42,2,133,0,0,0,133
05/15/2014,PWM,ME,ANE,EN,Combined TRACON& Tower with Radar,43,36,30,0,109,0,0,3,1,4,43,36,33,1,113,0,0,0,113
05/16/2014,PWM,ME,ANE,EN,Combined TRACON& Tower with Radar,44,35,22,4,105,0,0,3,0,3,44,35,25,4,108,2,4,6,114
05/17/2014,PWM,ME,ANE,EN,Combined TRACON& Tower with Radar,45,21,17,0,83,0,0,9,0,9,45,21,26,0,92,0,0,0,92
05/18/2014,PWM,ME,ANE,EN,Combined TRACON& Tower with Radar,49,22,11,3,85,0,0,25,1,26,49,22,36,4,111,16,0,16,127
05/19/2014,PWM,ME,ANE,EN,Combined TRACON& Tower with Radar,47,52,18,1,118,0,1,8,4,13,47,53,26,5,131,0,0,0,131
05/20/2014,PWM,ME,ANE,EN,Combined TRACON& Tower with Radar,49,43,15,0,107,0,0,14,0,14,49,43,29,0,121,0,0,0,121
05/21/2014,PWM,ME,ANE,EN,Combined TRACON& Tower with Radar,45,38,35,12,130,0,3,40,1,44,45,41,75,13,174,0,0,0,174
05/22/2014,PWM,ME,ANE,EN,Combined TRACON& Tower with Radar,45,34,37,0,116,0,0,3,0,3,45,34,40,0,119,0,0,0,119
05/23/2014,PWM,ME,ANE,EN,Combined TRACON& Tower with Radar,40,40,49,0,129,0,0,2,0,2,40,40,51,0,131,0,0,0,131
05/24/2014,PWM,ME,ANE,EN,Combined TRACON& Tower with Radar,45,21,12,0,78,0,0,20,0,20,45,21,32,0,98,2,0,2,100
05/25/2014,PWM,ME,ANE,EN,Combined TRACON& Tower with Radar,37,25,15,0,77,0,0,19,0,19,37,25,34,0,96,6,0,6,102
05/26/2014,PWM,ME,ANE,EN,Combined TRACON& Tower with Radar,42,36,14,0,92,0,3,19,0,22,42,39,33,0,114,18,0,18,132
05/27/2014,PWM,ME,ANE,EN,Combined TRACON& Tower with Radar,40,35,28,2,105,0,0,0,0,0,40,35,28,2,105,0,0,0,105
05/28/2014,PWM,ME,ANE,EN,Combined TRACON& Tower with Radar,46,36,16,4,102,0,0,0,0,0,46,36,16,4,102,0,0,0,102
05/29/2014,PWM,ME,ANE,EN,Combined TRACON& Tower with Radar,44,36,23,0,103,0,2,61,0,63,44,38,84,0,166,16,0,16,182
05/30/2014,PWM,ME,ANE,EN,Combined TRACON& Tower with Radar,47,36,22,0,105,0,0,26,0,26,47,36,48,0,131,0,0,0,131
05/31/2014,PWM,ME,ANE,EN,Combined TRACON& Tower with Radar,46,24,13,0,83,0,0,28,0,28,46,24,41,0,111,44,0,44,155
06/01/2014,PWM,ME,ANE,EN,Combined TRACON& Tower with Radar,48,25,14,2,89,0,1,44,1,46,48,26,58,3,135,34,0,34,169
06/02/2014,PWM,ME,ANE,EN,Combined TRACON& Tower with Radar,46,34,23,0,103,0,1,37,0,38,46,35,60,0,141,0,0,0,141
06/03/2014,PWM,ME,ANE,EN,Combined TRACON& Tower with Radar,44,37,13,2,96,0,2,36,0,38,44,39,49,2,134,0,0,0,134
06/04/2014,PWM,ME,ANE,EN,Combined TRACON& Tower with Radar,47,40,25,0,112,0,0,0,0,0,47,40,25,0,112,0,0,0,112
06/05/2014,PWM,ME,ANE,EN,Combined TRACON& Tower with Radar,44,48,20,0,112,0,0,0,0,0,44,48,20,0,112,0,0,0,112
06/06/2014,PWM,ME,ANE,EN,Combined TRACON& Tower with Radar,41,52,16,0,109,0,2,32,6,40,41,54,48,6,149,0,0,0,149
06/07/2014,PWM,ME,ANE,EN,Combined TRACON& Tower with Radar,49,32,7,0,88,0,0,51,0,51,49,32,58,0,139,6,0,6,145
06/08/2014,PWM,ME,ANE,EN,Combined TRACON& Tower with Radar,48,45,12,0,105,0,0,36,0,36,48,45,48,0,141,0,0,0,141
06/09/2014,PWM,ME,ANE,EN,Combined TRACON& Tower with Radar,44,52,15,2,113,0,0,36,0,36,44,52,51,2,149,4,0,4,153
06/10/2014,PWM,ME,ANE,EN,Combined TRACON& Tower with Radar,43,55,17,0,115,0,0,14,0,14,43,55,31,0,129,0,0,0,129
06/11/2014,PWM,ME,ANE,EN,Combined TRACON& Tower with Radar,37,42,11,1,91,0,1,33,1,35,37,43,44,2,126,8,0,8,134
06/12/2014,PWM,ME,ANE,EN,Combined TRACON& Tower with Radar,39,42,25,0,106,0,2,9,0,11,39,44,34,0,117,24,0,24,141
06/13/2014,PWM,ME,ANE,EN,Combined TRACON& Tower with Radar,34,39,20,0,93,0,0,0,0,0,34,39,20,0,93,0,0,0,93
06/14/2014,PWM,ME,ANE,EN,Combined TRACON& Tower with Radar,46,31,33,8,118,0,1,14,0,15,46,32,47,8,133,0,0,0,133
06/15/2014,PWM,ME,ANE,EN,Combined TRACON& Tower with Radar,45,40,22,1,108,0,1,40,1,42,45,41,62,2,150,12,0,12,162
06/16/2014,PWM,ME,ANE,EN,Combined TRACON& Tower with Radar,42,55,31,3,131,0,2,41,0,43,42,57,72,3,174,0,0,0,174
06/17/2014,PWM,ME,ANE,EN,Combined TRACON& Tower with Radar,46,54,26,1,127,0,2,43,0,45,46,56,69,1,172,0,0,0,172
06/18/2014,PWM,ME,ANE,EN,Combined TRACON& Tower with Radar,42,58,37,0,137,0,0,22,2,24,42,58,59,2,161,16,0,16,177
06/19/2014,PWM,ME,ANE,EN,Combined TRACON& Tower with Radar,44,47,20,0,111,0,1,61,1,63,44,48,81,1,174,0,0,0,174
06/20/2014,PWM,ME,ANE,EN,Combined TRACON& Tower with Radar,48,63,15,0,126,0,2,39,1,42,48,65,54,1,168,0,0,0,168
06/21/2014,PWM,ME,ANE,EN,Combined TRACON& Tower with Radar,58,38,10,6,112,0,2,51,0,53,58,40,61,6,165,6,0,6,171
06/22/2014,PWM,ME,ANE,EN,Combined TRACON& Tower with Radar,50,39,21,0,110,0,2,57,0,59,50,41,78,0,169,0,0,0,169
06/23/2014,PWM,ME,ANE,EN,Combined TRACON& Tower with Radar,49,53,24,0,126,0,5,52,2,59,49,58,76,2,185,0,0,0,185
06/24/2014,PWM,ME,ANE,EN,Combined TRACON& Tower with Radar,51,55,24,2,132,0,10,39,4,53,51,65,63,6,185,0,0,0,185
06/25/2014,PWM,ME,ANE,EN,Combined TRACON& Tower with Radar,47,56,35,2,140,0,0,11,0,11,47,56,46,2,151,0,0,0,151
06/26/2014,PWM,ME,ANE,EN,Combined TRACON& Tower with Radar,48,54,31,0,133,0,3,14,0,17,48,57,45,0,150,0,0,0,150
06/27/2014,PWM,ME,ANE,EN,Combined TRACON& Tower with Radar,53,54,30,0,137,0,3,53,1,57,53,57,83,1,194,6,0,6,200
06/28/2014,PWM,ME,ANE,EN,Combined TRACON& Tower with Radar,66,33,15,0,114,0,2,46,1,49,66,35,61,1,163,8,0,8,171
06/29/2014,PWM,ME,ANE,EN,Combined TRACON& Tower with Radar,61,40,37,0,138,0,2,32,0,34,61,42,69,0,172,0,0,0,172
06/30/2014,PWM,ME,ANE,EN,Combined TRACON& Tower with Radar,46,42,25,0,113,0,3,54,0,57,46,45,79,0,170,2,0,2,172
07/01/2014,PWM,ME,ANE,EN,Combined TRACON& Tower with Radar,53,40,24,0,117,0,3,46,3,52,53,43,70,3,169,10,0,10,179
07/02/2014,PWM,ME,ANE,EN,Combined TRACON& Tower with Radar,52,37,20,2,111,0,4,29,0,33,52,41,49,2,144,0,0,0,144
07/03/2014,PWM,ME,ANE,EN,Combined TRACON& Tower with Radar,46,35,32,0,113,0,0,13,0,13,46,35,45,0,126,0,0,0,126
07/04/2014,PWM,ME,ANE,EN,Combined TRACON& Tower with Radar,45,26,9,0,80,0,0,0,0,0,45,26,9,0,80,0,0,0,80
07/05/2014,PWM,ME,ANE,EN,Combined TRACON& Tower with Radar,57,31,10,0,98,0,0,10,0,10,57,31,20,0,108,0,0,0,108
07/06/2014,PWM,ME,ANE,EN,Combined TRACON& Tower with Radar,62,39,24,0,125,0,1,52,0,53,62,40,76,0,178,26,0,26,204
07/07/2014,PWM,ME,ANE,EN,Combined TRACON& Tower with Radar,61,39,18,0,118,0,1,46,0,47,61,40,64,0,165,0,0,0,165
07/08/2014,PWM,ME,ANE,EN,Combined TRACON& Tower with Radar,53,38,25,0,116,0,3,47,0,50,53,41,72,0,166,0,0,0,166
07/09/2014,PWM,ME,ANE,EN,Combined TRACON& Tower with Radar,57,45,25,0,127,0,0,31,0,31,57,45,56,0,158,0,0,0,158
07/10/2014,PWM,ME,ANE,EN,Combined TRACON& Tower with Radar,61,50,23,0,134,0,0,32,8,40,61,50,55,8,174,6,18,24,198
07/11/2014,PWM,ME,ANE,EN,Combined TRACON& Tower with Radar,61,45,20,0,126,0,0,59,0,59,61,45,79,0,185,0,0,0,185
07/12/2014,PWM,ME,ANE,EN,Combined TRACON& Tower with Radar,65,31,11,0,107,0,0,49,1,50,65,31,60,1,157,0,0,0,157
07/13/2014,PWM,ME,ANE,EN,Combined TRACON& Tower with Radar,59,44,15,0,118,0,6,41,0,47,59,50,56,0,165,0,0,0,165
07/14/2014,PWM,ME,ANE,EN,Combined TRACON& Tower with Radar,48,44,16,2,110,0,0,45,0,45,48,44,61,2,155,0,0,0,155
07/15/2014,PWM,ME,ANE,EN,Combined TRACON& Tower with Radar,45,43,33,0,121,0,0,2,1,3,45,43,35,1,124,0,0,0,124
07/16/2014,PWM,ME,ANE,EN,Combined TRACON& Tower with Radar,59,50,24,0,133,0,0,3,0,3,59,50,27,0,136,0,0,0,136
07/17/2014,PWM,ME,ANE,EN,Combined TRACON& Tower with Radar,62,62,39,1,164,0,4,55,0,59,62,66,94,1,223,48,0,48,271
07/18/2014,PWM,ME,ANE,EN,Combined TRACON& Tower with Radar,62,48,28,1,139,0,0,74,0,74,62,48,102,1,213,2,0,2,215
07/19/2014,PWM,ME,ANE,EN,Combined TRACON& Tower with Radar,65,29,15,0,109,0,0,48,0,48,65,29,63,0,157,12,0,12,169
07/20/2014,PWM,ME,ANE,EN,Combined TRACON& Tower with Radar,64,57,36,0,157,0,2,37,1,40,64,59,73,1,197,12,0,12,209
07/21/2014,PWM,ME,ANE,EN,Combined TRACON& Tower with Radar,61,46,31,0,138,0,5,50,0,55,61,51,81,0,193,0,0,0,193
07/22/2014,PWM,ME,ANE,EN,Combined TRACON& Tower with Radar,60,50,28,0,138,0,4,35,1,40,60,54,63,1,178,0,0,0,178
07/23/2014,PWM,ME,ANE,EN,Combined TRACON& Tower with Radar,55,46,31,0,132,0,0,22,0,22,55,46,53,0,154,0,0,0,154
07/24/2014,PWM,ME,ANE,EN,Combined TRACON& Tower with Radar,55,71,50,0,176,0,1,46,1,48,55,72,96,1,224,0,0,0,224
07/25/2014,PWM,ME,ANE,EN,Combined TRACON& Tower with Radar,62,71,44,0,177,0,1,75,5,81,62,72,119,5,258,0,0,0,258
07/26/2014,PWM,ME,ANE,EN,Combined TRACON& Tower with Radar,65,51,41,0,157,0,2,50,1,53,65,53,91,1,210,0,0,0,210
07/27/2014,PWM,ME,ANE,EN,Combined TRACON& Tower with Radar,60,52,49,0,161,0,0,12,0,12,60,52,61,0,173,2,0,2,175
07/28/2014,PWM,ME,ANE,EN,Combined TRACON& Tower with Radar,58,36,29,0,123,0,0,0,0,0,58,36,29,0,123,0,0,0,123
07/29/2014,PWM,ME,ANE,EN,Combined TRACON& Tower with Radar,59,41,26,0,126,0,3,47,8,58,59,44,73,8,184,2,0,2,186
07/30/2014,PWM,ME,ANE,EN,Combined TRACON& Tower with Radar,62,41,40,0,143,0,1,22,5,28,62,42,62,5,171,0,0,0,171
07/31/2014,PWM,ME,ANE,EN,Combined TRACON& Tower with Radar,64,46,33,4,147,0,2,24,1,27,64,48,57,5,174,6,0,6,180
08/01/2014,PWM,ME,ANE,EN,Combined TRACON& Tower with Radar,60,41,25,0,126,0,0,46,0,46,60,41,71,0,172,16,0,16,188
08/02/2014,PWM,ME,ANE,EN,Combined TRACON& Tower with Radar,65,31,21,0,117,0,1,31,0,32,65,32,52,0,149,12,0,12,161
08/03/2014,PWM,ME,ANE,EN,Combined TRACON& Tower with Radar,60,45,31,0,136,0,0,44,0,44,60,45,75,0,180,0,0,0,180
08/04/2014,PWM,ME,ANE,EN,Combined TRACON& Tower with Radar,62,44,38,0,144,0,0,21,0,21,62,44,59,0,165,4,0,4,169
08/05/2014,PWM,ME,ANE,EN,Combined TRACON& Tower with Radar,59,42,27,0,128,0,0,29,0,29,59,42,56,0,157,18,0,18,175
08/06/2014,PWM,ME,ANE,EN,Combined TRACON& Tower with Radar,61,43,22,0,126,0,0,16,0,16,61,43,38,0,142,0,0,0,142
08/07/2014,PWM,ME,ANE,EN,Combined TRACON& Tower with Radar,59,50,33,0,142,0,1,32,0,33,59,51,65,0,175,0,0,0,175
08/08/2014,PWM,ME,ANE,EN,Combined TRACON& Tower with Radar,63,49,16,2,130,0,3,49,0,52,63,52,65,2,182,0,0,0,182
08/09/2014,PWM,ME,ANE,EN,Combined TRACON& Tower with Radar,63,25,17,0,105,0,2,64,0,66,63,27,81,0,171,0,0,0,171
08/10/2014,PWM,ME,ANE,EN,Combined TRACON& Tower with Radar,66,33,25,0,124,0,1,78,0,79,66,34,103,0,203,28,0,28,231
08/11/2014,PWM,ME,ANE,EN,Combined TRACON& Tower with Radar,61,47,25,6,139,0,0,47,0,47,61,47,72,6,186,12,0,12,198
08/12/2014,PWM,ME,ANE,EN,Combined TRACON& Tower with Radar,56,52,32,0,140,0,2,20,0,22,56,54,52,0,162,0,0,0,162
08/13/2014,PWM,ME,ANE,EN,Combined TRACON& Tower with Radar,60,50,10,0,120,0,0,0,0,0,60,50,10,0,120,0,0,0,120
08/14/2014,PWM,ME,ANE,EN,Combined TRACON& Tower with Radar,55,41,33,0,129,0,0,36,4,40,55,41,69,4,169,18,0,18,187
08/15/2014,PWM,ME,ANE,EN,Combined TRACON& Tower with Radar,64,58,38,0,160,0,3,48,2,53,64,61,86,2,213,0,0,0,213
08/16/2014,PWM,ME,ANE,EN,Combined TRACON& Tower with Radar,66,34,30,0,130,0,1,45,0,46,66,35,75,0,176,0,0,0,176
08/17/2014,PWM,ME,ANE,EN,Combined TRACON& Tower with Radar,66,40,37,0,143,0,1,39,0,40,66,41,76,0,183,20,0,20,203
08/18/2014,PWM,ME,ANE,EN,Combined TRACON& Tower with Radar,60,53,30,0,143,0,2,35,0,37,60,55,65,0,180,0,0,0,180
08/19/2014,PWM,ME,ANE,EN,Combined TRACON& Tower with Radar,58,35,19,0,112,0,2,35,2,39,58,37,54,2,151,0,0,0,151
08/20/2014,PWM,ME,ANE,EN,Combined TRACON& Tower with Radar,61,35,19,0,115,0,3,63,0,66,61,38,82,0,181,12,0,12,193
08/21/2014,PWM,ME,ANE,EN,Combined TRACON& Tower with Radar,60,35,29,1,125,0,1,38,1,40,60,36,67,2,165,0,0,0,165
08/22/2014,PWM,ME,ANE,EN,Combined TRACON& Tower with Radar,63,37,44,0,144,0,3,38,0,41,63,40,82,0,185,0,0,0,185
08/23/2014,PWM,ME,ANE,EN,Combined TRACON& Tower with Radar,68,18,20,0,106,0,1,28,0,29,68,19,48,0,135,0,0,0,135
08/24/2014,PWM,ME,ANE,EN,Combined TRACON& Tower with Radar,71,26,25,0,122,0,4,61,1,66,71,30,86,1,188,0,0,0,188
08/25/2014,PWM,ME,ANE,EN,Combined TRACON& Tower with Radar,61,40,16,0,117,0,1,59,1,61,61,41,75,1,178,10,0,10,188
08/26/2014,PWM,ME,ANE,EN,Combined TRACON& Tower with Radar,65,38,19,0,122,0,2,57,2,61,65,40,76,2,183,0,0,0,183
08/27/2014,PWM,ME,ANE,EN,Combined TRACON& Tower with Radar,64,44,21,14,143,0,0,58,2,60,64,44,79,16,203,0,0,0,203
08/28/2014,PWM,ME,ANE,EN,Combined TRACON& Tower with Radar,63,42,31,0,136,0,0,35,0,35,63,42,66,0,171,0,0,0,171
08/29/2014,PWM,ME,ANE,EN,Combined TRACON& Tower with Radar,65,41,32,0,138,0,9,45,0,54,65,50,77,0,192,0,0,0,192
08/30/2014,PWM,ME,ANE,EN,Combined TRACON& Tower with Radar,64,20,11,0,95,0,0,43,0,43,64,20,54,0,138,0,0,0,138
08/31/2014,PWM,ME,ANE,EN,Combined TRACON& Tower with Radar,53,25,19,0,97,0,1,25,0,26,53,26,44,0,123,0,0,0,123
09/01/2014,PWM,ME,ANE,EN,Combined TRACON& Tower with Radar,62,40,23,0,125,0,0,41,1,42,62,40,64,1,167,0,0,0,167
09/02/2014,PWM,ME,ANE,EN,Combined TRACON& Tower with Radar,59,29,21,0,109,0,0,9,0,9,59,29,30,0,118,0,0,0,118
09/03/2014,PWM,ME,ANE,EN,Combined TRACON& Tower with Radar,59,36,21,1,117,0,2,29,1,32,59,38,50,2,149,0,0,0,149
09/04/2014,PWM,ME,ANE,EN,Combined TRACON& Tower with Radar,60,32,23,4,119,0,5,44,0,49,60,37,67,4,168,24,0,24,192
09/05/2014,PWM,ME,ANE,EN,Combined TRACON& Tower with Radar,57,36,24,0,117,0,0,49,2,51,57,36,73,2,168,0,0,0,168
09/06/2014,PWM,ME,ANE,EN,Combined TRACON& Tower with Radar,57,30,9,9,105,0,1,13,1,15,57,31,22,10,120,0,0,0,120
09/07/2014,PWM,ME,ANE,EN,Combined TRACON& Tower with Radar,67,25,20,0,112,0,1,61,0,62,67,26,81,0,174,30,0,30,204
09/08/2014,PWM,ME,ANE,EN,Combined TRACON& Tower with Radar,62,25,32,0,119,0,0,23,0,23,62,25,55,0,142,0,0,0,142
09/09/2014,PWM,ME,ANE,EN,Combined TRACON& Tower with Radar,62,29,17,0,108,0,3,29,0,32,62,32,46,0,140,0,0,0,140
09/10/2014,PWM,ME,ANE,EN,Combined TRACON& Tower with Radar,62,31,40,0,133,0,1,16,0,17,62,32,56,0,150,2,0,2,152
09/11/2014,PWM,ME,ANE,EN,Combined TRACON& Tower with Radar,59,26,30,0,115,0,0,0,0,0,59,26,30,0,115,0,0,0,115
09/12/2014,PWM,ME,ANE,EN,Combined TRACON& Tower with Radar,64,32,32,0,128,0,0,43,0,43,64,32,75,0,171,6,0,6,177
09/13/2014,PWM,ME,ANE,EN,Combined TRACON& Tower with Radar,59,27,7,0,93,0,1,16,0,17,59,28,23,0,110,10,0,10,120
09/14/2014,PWM,ME,ANE,EN,Combined TRACON& Tower with Radar,67,22,26,0,115,0,2,44,1,47,67,24,70,1,162,0,0,0,162
09/15/2014,PWM,ME,ANE,EN,Combined TRACON& Tower with Radar,63,27,21,0,111,0,0,37,0,37,63,27,58,0,148,0,0,0,148
09/16/2014,PWM,ME,ANE,EN,Combined TRACON& Tower with Radar,52,28,14,3,97,0,0,8,0,8,52,28,22,3,105,0,0,0,105
09/17/2014,PWM,ME,ANE,EN,Combined TRACON& Tower with Radar,62,32,16,11,121,0,2,31,1,34,62,34,47,12,155,16,0,16,171
09/18/2014,PWM,ME,ANE,EN,Combined TRACON& Tower with Radar,66,31,29,0,126,0,3,60,1,64,66,34,89,1,190,16,0,16,206
09/19/2014,PWM,ME,ANE,EN,Combined TRACON& Tower with Radar,63,40,29,0,132,0,1,41,0,42,63,41,70,0,174,0,0,0,174
09/20/2014,PWM,ME,ANE,EN,Combined TRACON& Tower with Radar,57,22,14,0,93,0,0,35,0,35,57,22,49,0,128,0,0,0,128
09/21/2014,PWM,ME,ANE,EN,Combined TRACON& Tower with Radar,60,22,26,0,108,0,0,0,0,0,60,22,26,0,108,0,0,0,108
09/22/2014,PWM,ME,ANE,EN,Combined TRACON& Tower with Radar,57,24,22,2,105,0,2,20,0,22,57,26,42,2,127,0,0,0,127
09/23/2014,PWM,ME,ANE,EN,Combined TRACON& Tower with Radar,62,24,27,2,115,0,2,42,2,46,62,26,69,4,161,10,0,10,171
09/24/2014,PWM,ME,ANE,EN,Combined TRACON& Tower with Radar,62,37,26,0,125,0,4,40,0,44,62,41,66,0,169,0,0,0,169
09/25/2014,PWM,ME,ANE,EN,Combined TRACON& Tower with Radar,61,32,27,7,127,0,1,38,3,42,61,33,65,10,169,24,4,28,197
09/26/2014,PWM,ME,ANE,EN,Combined TRACON& Tower with Radar,56,24,16,2,98,0,0,41,3,44,56,24,57,5,142,10,0,10,152
09/27/2014,PWM,ME,ANE,EN,Combined TRACON& Tower with Radar,58,25,20,0,103,0,2,44,0,46,58,27,64,0,149,30,0,30,179
09/28/2014,PWM,ME,ANE,EN,Combined TRACON& Tower with Radar,68,16,19,0,103,0,2,54,0,56,68,18,73,0,159,12,0,12,171
09/29/2014,PWM,ME,ANE,EN,Combined TRACON& Tower with Radar,63,24,34,0,121,0,1,24,0,25,63,25,58,0,146,0,0,0,146
09/30/2014,PWM,ME,ANE,EN,Combined TRACON& Tower with Radar,59,30,42,0,131,0,0,1,0,1,59,30,43,0,132,0,0,0,132
10/01/2014,PWM,ME,ANE,EN,Combined TRACON& Tower with Radar,58,28,31,0,117,0,1,3,0,4,58,29,34,0,121,0,0,0,121
10/02/2014,PWM,ME,ANE,EN,Combined TRACON& Tower with Radar,57,27,42,0,126,0,0,18,0,18,57,27,60,0,144,0,0,0,144
10/03/2014,PWM,ME,ANE,EN,Combined TRACON& Tower with Radar,59,28,20,0,107,0,0,29,3,32,59,28,49,3,139,16,0,16,155
10/04/2014,PWM,ME,ANE,EN,Combined TRACON& Tower with Radar,56,21,11,0,88,0,0,0,0,0,56,21,11,0,88,0,0,0,88
10/05/2014,PWM,ME,ANE,EN,Combined TRACON& Tower with Radar,64,24,39,0,127,0,3,29,0,32,64,27,68,0,159,0,0,0,159
10/06/2014,PWM,ME,ANE,EN,Combined TRACON& Tower with Radar,60,21,29,0,110,0,1,24,0,25,60,22,53,0,135,0,0,0,135
10/07/2014,PWM,ME,ANE,EN,Combined TRACON& Tower with Radar,61,24,29,0,114,0,0,10,0,10,61,24,39,0,124,0,0,0,124
10/08/2014,PWM,ME,ANE,EN,Combined TRACON& Tower with Radar,60,36,24,0,120,0,3,13,0,16,60,39,37,0,136,0,0,0,136
10/09/2014,PWM,ME,ANE,EN,Combined TRACON& Tower with Radar,63,31,14,0,108,0,2,35,0,37,63,33,49,0,145,0,0,0,145
10/10/2014,PWM,ME,ANE,EN,Combined TRACON& Tower with Radar,62,32,24,0,118,0,0,70,1,71,62,32,94,1,189,0,0,0,189
10/11/2014,PWM,ME,ANE,EN,Combined TRACON& Tower with Radar,59,19,16,0,94,0,3,14,0,17,59,22,30,0,111,10,0,10,121
10/12/2014,PWM,ME,ANE,EN,Combined TRACON& Tower with Radar,65,24,15,0,104,0,1,56,0,57,65,25,71,0,161,0,0,0,161
10/13/2014,PWM,ME,ANE,EN,Combined TRACON& Tower with Radar,59,26,13,0,98,0,3,33,0,36,59,29,46,0,134,0,0,0,134
10/14/2014,PWM,ME,ANE,EN,Combined TRACON& Tower with Radar,62,30,31,0,123,0,6,9,0,15,62,36,40,0,138,0,0,0,138
10/15/2014,PWM,ME,ANE,EN,Combined TRACON& Tower with Radar,64,23,26,0,113,0,2,5,2,9,64,25,31,2,122,0,0,0,122
10/16/2014,PWM,ME,ANE,EN,Combined TRACON& Tower with Radar,63,40,21,0,124,0,0,0,0,0,63,40,21,0,124,0,0,0,124
10/17/2014,PWM,ME,ANE,EN,Combined TRACON& Tower with Radar,65,40,31,0,136,0,0,10,0,10,65,40,41,0,146,4,0,4,150
10/18/2014,PWM,ME,ANE,EN,Combined TRACON& Tower with Radar,57,20,17,0,94,0,0,11,0,11,57,20,28,0,105,20,0,20,125
10/19/2014,PWM,ME,ANE,EN,Combined TRACON& Tower with Radar,66,23,20,0,109,0,3,34,0,37,66,26,54,0,146,8,0,8,154
10/20/2014,PWM,ME,ANE,EN,Combined TRACON& Tower with Radar,62,30,18,0,110,0,2,44,2,48,62,32,62,2,158,0,0,0,158
10/21/2014,PWM,ME,ANE,EN,Combined TRACON& Tower with Radar,61,26,15,0,102,0,0,6,0,6,61,26,21,0,108,0,0,0,108
10/22/2014,PWM,ME,ANE,EN,Combined TRACON& Tower with Radar,56,24,17,0,97,0,0,0,0,0,56,24,17,0,97,0,0,0,97
10/23/2014,PWM,ME,ANE,EN,Combined TRACON& Tower with Radar,62,28,14,0,104,0,0,0,0,0,62,28,14,0,104,0,0,0,104
10/24/2014,PWM,ME,ANE,EN,Combined TRACON& Tower with Radar,66,29,23,0,118,0,0,2,0,2,66,29,25,0,120,0,0,0,120
10/25/2014,PWM,ME,ANE,EN,Combined TRACON& Tower with Radar,57,15,4,0,76,0,0,63,4,67,57,15,67,4,143,48,0,48,191
10/26/2014,PWM,ME,ANE,EN,Combined TRACON& Tower with Radar,55,20,9,0,84,1,1,22,0,24,56,21,31,0,108,0,0,0,108
10/27/2014,PWM,ME,ANE,EN,Combined TRACON& Tower with Radar,55,30,24,2,111,0,9,22,0,31,55,39,46,2,142,20,0,20,162
10/28/2014,PWM,ME,ANE,EN,Combined TRACON& Tower with Radar,54,38,20,0,112,0,1,20,2,23,54,39,40,2,135,0,0,0,135
10/29/2014,PWM,ME,ANE,EN,Combined TRACON& Tower with Radar,54,43,14,2,113,0,0,7,0,7,54,43,21,2,120,8,0,8,128
10/30/2014,PWM,ME,ANE,EN,Combined TRACON& Tower with Radar,49,38,10,3,100,0,9,12,5,26,49,47,22,8,126,0,0,0,126
10/31/2014,PWM,ME,ANE,EN,Combined TRACON& Tower with Radar,51,25,24,3,103,0,1,35,2,38,51,26,59,5,141,19,0,19,160
11/01/2014,PWM,ME,ANE,EN,Combined TRACON& Tower with Radar,50,17,4,6,77,0,0,0,1,1,50,17,4,7,78,0,0,0,78
11/02/2014,PWM,ME,ANE,EN,Combined TRACON& Tower with Radar,26,11,10,0,47,0,0,1,0,1,26,11,11,0,48,0,0,0,48
11/03/2014,PWM,ME,ANE,EN,Combined TRACON& Tower with Radar,44,28,21,7,100,0,0,23,1,24,44,28,44,8,124,6,0,6,130
11/04/2014,PWM,ME,ANE,EN,Combined TRACON& Tower with Radar,46,30,25,0,101,0,0,18,0,18,46,30,43,0,119,0,0,0,119
11/05/2014,PWM,ME,ANE,EN,Combined TRACON& Tower with Radar,46,27,23,2,98,0,2,32,2,36,46,29,55,4,134,0,0,0,134
11/06/2014,PWM,ME,ANE,EN,Combined TRACON& Tower with Radar,45,29,17,18,109,0,0,6,2,8,45,29,23,20,117,0,0,0,117
11/07/2014,PWM,ME,ANE,EN,Combined TRACON& Tower with Radar,48,33,13,0,94,0,2,4,0,6,48,35,17,0,100,0,0,0,100
11/08/2014,PWM,ME,ANE,EN,Combined TRACON& Tower with Radar,49,13,6,0,68,0,0,49,0,49,49,13,55,0,117,48,0,48,165
11/09/2014,PWM,ME,ANE,EN,Combined TRACON& Tower with Radar,51,19,10,0,80,0,0,47,0,47,51,19,57,0,127,40,14,54,181
11/10/2014,PWM,ME,ANE,EN,Combined TRACON& Tower with Radar,45,24,16,0,85,0,3,27,0,30,45,27,43,0,115,0,0,0,115
11/11/2014,PWM,ME,ANE,EN,Combined TRACON& Tower with Radar,41,28,17,0,86,0,3,22,0,25,41,31,39,0,111,16,0,16,127
11/12/2014,PWM,ME,ANE,EN,Combined TRACON& Tower with Radar,41,35,15,0,91,0,0,0,0,0,41,35,15,0,91,0,0,0,91
11/13/2014,PWM,ME,ANE,EN,Combined TRACON& Tower with Radar,46,32,15,0,93,0,0,34,2,36,46,32,49,2,129,0,0,0,129
11/14/2014,PWM,ME,ANE,EN,Combined TRACON& Tower with Radar,49,27,15,0,91,0,2,6,0,8,49,29,21,0,99,0,0,0,99
11/15/2014,PWM,ME,ANE,EN,Combined TRACON& Tower with Radar,47,13,4,0,64,0,0,29,1,30,47,13,33,1,94,4,0,4,98
11/16/2014,PWM,ME,ANE,EN,Combined TRACON& Tower with Radar,46,18,11,0,75,0,1,23,0,24,46,19,34,0,99,36,0,36,135
11/17/2014,PWM,ME,ANE,EN,Combined TRACON& Tower with Radar,43,24,10,0,77,0,0,0,0,0,43,24,10,0,77,0,0,0,77
11/18/2014,PWM,ME,ANE,EN,Combined TRACON& Tower with Radar,44,31,18,0,93,0,1,13,0,14,44,32,31,0,107,0,0,0,107
11/19/2014,PWM,ME,ANE,EN,Combined TRACON& Tower with Radar,43,28,15,0,86,0,0,23,0,23,43,28,38,0,109,0,0,0,109
11/20/2014,PWM,ME,ANE,EN,Combined TRACON& Tower with Radar,47,32,23,2,104,0,2,18,0,20,47,34,41,2,124,0,0,0,124
11/21/2014,PWM,ME,ANE,EN,Combined TRACON& Tower with Radar,47,27,21,0,95,0,5,25,0,30,47,32,46,0,125,0,0,0,125
11/22/2014,PWM,ME,ANE,EN,Combined TRACON& Tower with Radar,48,11,7,0,66,0,0,53,0,53,48,11,60,0,119,31,0,31,150
11/23/2014,PWM,ME,ANE,EN,Combined TRACON& Tower with Radar,44,17,4,0,65,0,0,29,0,29,44,17,33,0,94,14,0,14,108
11/24/2014,PWM,ME,ANE,EN,Combined TRACON& Tower with Radar,41,26,12,0,79,0,0,0,0,0,41,26,12,0,79,0,0,0,79
11/25/2014,PWM,ME,ANE,EN,Combined TRACON& Tower with Radar,48,31,13,0,92,0,2,35,2,39,48,33,48,2,131,0,0,0,131
11/26/2014,PWM,ME,ANE,EN,Combined TRACON& Tower with Radar,33,17,4,0,54,0,0,2,0,2,33,17,6,0,56,0,0,0,56
11/27/2014,PWM,ME,ANE,EN,Combined TRACON& Tower with Radar,22,18,1,0,41,0,0,1,0,1,22,18,2,0,42,0,0,0,42
11/28/2014,PWM,ME,ANE,EN,Combined TRACON& Tower with Radar,32,23,11,0,66,0,4,16,0,20,32,27,27,0,86,0,0,0,86
11/29/2014,PWM,ME,ANE,EN,Combined TRACON& Tower with Radar,47,20,8,0,75,0,1,36,0,37,47,21,44,0,112,36,0,36,148
11/30/2014,PWM,ME,ANE,EN,Combined TRACON& Tower with Radar,55,23,23,0,101,0,0,13,2,15,55,23,36,2,116,34,0,34,150
12/01/2014,PWM,ME,ANE,EN,Combined TRACON& Tower with Radar,44,30,12,0,86,0,1,12,0,13,44,31,24,0,99,0,0,0,99
12/02/2014,PWM,ME,ANE,EN,Combined TRACON& Tower with Radar,37,33,9,4,83,0,2,13,6,21,37,35,22,10,104,0,0,0,104
12/03/2014,PWM,ME,ANE,EN,Combined TRACON& Tower with Radar,47,25,11,0,83,0,0,0,0,0,47,25,11,0,83,0,0,0,83
12/04/2014,PWM,ME,ANE,EN,Combined TRACON& Tower with Radar,48,28,13,0,89,0,1,24,0,25,48,29,37,0,114,8,0,8,122
12/05/2014,PWM,ME,ANE,EN,Combined TRACON& Tower with Radar,47,33,12,0,92,0,4,19,0,23,47,37,31,0,115,0,0,0,115
12/06/2014,PWM,ME,ANE,EN,Combined TRACON& Tower with Radar,40,15,4,0,59,0,0,0,0,0,40,15,4,0,59,0,0,0,59
12/07/2014,PWM,ME,ANE,EN,Combined TRACON& Tower with Radar,46,20,17,0,83,0,0,19,0,19,46,20,36,0,102,0,0,0,102
12/08/2014,PWM,ME,ANE,EN,Combined TRACON& Tower with Radar,43,26,28,0,97,0,0,16,0,16,43,26,44,0,113,0,0,0,113
12/09/2014,PWM,ME,ANE,EN,Combined TRACON& Tower with Radar,45,24,6,0,75,0,0,0,0,0,45,24,6,0,75,0,0,0,75
12/10/2014,PWM,ME,ANE,EN,Combined TRACON& Tower with Radar,46,32,10,0,88,0,0,0,0,0,46,32,10,0,88,0,0,0,88
12/11/2014,PWM,ME,ANE,EN,Combined TRACON& Tower with Radar,48,31,6,0,85,0,0,0,0,0,48,31,6,0,85,0,0,0,85
12/12/2014,PWM,ME,ANE,EN,Combined TRACON& Tower with Radar,46,28,18,0,92,0,0,3,0,3,46,28,21,0,95,11,0,11,106
12/13/2014,PWM,ME,ANE,EN,Combined TRACON& Tower with Radar,43,21,11,0,75,0,0,1,0,1,43,21,12,0,76,10,0,10,86
12/14/2014,PWM,ME,ANE,EN,Combined TRACON& Tower with Radar,47,12,13,2,74,0,0,35,0,35,47,12,48,2,109,25,0,25,134
12/15/2014,PWM,ME,ANE,EN,Combined TRACON& Tower with Radar,43,33,25,0,101,0,0,35,0,35,43,33,60,0,136,0,0,0,136
12/16/2014,PWM,ME,ANE,EN,Combined TRACON& Tower with Radar,49,35,16,0,100,0,0,0,0,0,49,35,16,0,100,0,0,0,100
12/17/2014,PWM,ME,ANE,EN,Combined TRACON& Tower with Radar,49,30,19,0,98,0,0,0,0,0,49,30,19,0,98,0,0,0,98
12/18/2014,PWM,ME,ANE,EN,Combined TRACON& Tower with Radar,50,28,22,0,100,0,2,11,0,13,50,30,33,0,113,10,0,10,123
12/19/2014,PWM,ME,ANE,EN,Combined TRACON& Tower with Radar,46,30,14,0,90,0,0,27,1,28,46,30,41,1,118,0,0,0,118
12/20/2014,PWM,ME,ANE,EN,Combined TRACON& Tower with Radar,49,30,8,0,87,0,0,51,0,51,49,30,59,0,138,0,0,0,138
12/21/2014,PWM,ME,ANE,EN,Combined TRACON& Tower with Radar,48,16,2,0,66,0,0,8,0,8,48,16,10,0,74,10,0,10,84
12/22/2014,PWM,ME,ANE,EN,Combined TRACON& Tower with Radar,46,26,11,8,91,0,3,12,0,15,46,29,23,8,106,6,10,16,122
12/23/2014,PWM,ME,ANE,EN,Combined TRACON& Tower with Radar,45,34,9,0,88,0,0,0,0,0,45,34,9,0,88,0,0,0,88
12/24/2014,PWM,ME,ANE,EN,Combined TRACON& Tower with Radar,42,22,3,0,67,0,0,0,0,0,42,22,3,0,67,0,0,0,67
12/25/2014,PWM,ME,ANE,EN,Combined TRACON& Tower with Radar,36,3,0,0,39,0,2,0,0,2,36,5,0,0,41,0,0,0,41
12/26/2014,PWM,ME,ANE,EN,Combined TRACON& Tower with Radar,49,29,15,0,93,0,0,25,0,25,49,29,40,0,118,14,0,14,132
12/27/2014,PWM,ME,ANE,EN,Combined TRACON& Tower with Radar,47,24,20,0,91,0,0,28,0,28,47,24,48,0,119,24,0,24,143
12/28/2014,PWM,ME,ANE,EN,Combined TRACON& Tower with Radar,45,17,8,0,70,0,1,9,0,10,45,18,17,0,80,4,0,4,84
12/29/2014,PWM,ME,ANE,EN,Combined TRACON& Tower with Radar,43,21,7,0,71,0,0,21,0,21,43,21,28,0,92,0,0,0,92
12/30/2014,PWM,ME,ANE,EN,Combined TRACON& Tower with Radar,50,27,18,0,95,0,1,46,1,48,50,28,64,1,143,0,0,0,143
12/31/2014,PWM,ME,ANE,EN,Combined TRACON& Tower with Radar,41,27,11,0,79,0,1,21,0,22,41,28,32,0,101,0,0,0,101
01/01/2015,PWM,ME,ANE,EN,Combined TRACON& Tower with Radar,33,18,2,0,53,0,4,17,0,21,33,22,19,0,74,0,0,0,74
01/02/2015,PWM,ME,ANE,EN,Combined TRACON& Tower with Radar,48,24,7,0,79,0,0,9,0,9,48,24,16,0,88,0,0,0,88
01/03/2015,PWM,ME,ANE,EN,Combined TRACON& Tower with Radar,48,29,17,0,94,0,0,25,1,26,48,29,42,1,120,4,0,4,124
01/04/2015,PWM,ME,ANE,EN,Combined TRACON& Tower with Radar,40,18,10,0,68,0,0,0,0,0,40,18,10,0,68,0,0,0,68
01/05/2015,PWM,ME,ANE,EN,Combined TRACON& Tower with Radar,41,27,8,0,76,0,0,8,0,8,41,27,16,0,84,0,0,0,84
01/06/2015,PWM,ME,ANE,EN,Combined TRACON& Tower with Radar,37,23,8,0,68,0,0,2,0,2,37,23,10,0,70,0,0,0,70
01/07/2015,PWM,ME,ANE,EN,Combined TRACON& Tower with Radar,36,25,22,0,83,0,1,6,0,7,36,26,28,0,90,0,0,0,90
01/08/2015,PWM,ME,ANE,EN,Combined TRACON& Tower with Radar,38,29,14,2,83,0,0,11,3,14,38,29,25,5,97,0,0,0,97
01/09/2015,PWM,ME,ANE,EN,Combined TRACON& Tower with Radar,38,27,10,0,75,0,2,5,0,7,38,29,15,0,82,0,0,0,82
01/10/2015,PWM,ME,ANE,EN,Combined TRACON& Tower with Radar,34,16,3,0,53,0,0,29,0,29,34,16,32,0,82,10,0,10,92
01/11/2015,PWM,ME,ANE,EN,Combined TRACON& Tower with Radar,39,15,5,0,59,0,0,38,0,38,39,15,43,0,97,8,0,8,105
01/12/2015,PWM,ME,ANE,EN,Combined TRACON& Tower with Radar,33,18,15,0,66,0,0,0,0,0,33,18,15,0,66,0,0,0,66
01/13/2015,PWM,ME,ANE,EN,Combined TRACON& Tower with Radar,38,28,8,0,74,0,0,8,0,8,38,28,16,0,82,0,0,0,82
01/14/2015,PWM,ME,ANE,EN,Combined TRACON& Tower with Radar,38,25,20,0,83,0,1,11,0,12,38,26,31,0,95,0,0,0,95
01/15/2015,PWM,ME,ANE,EN,Combined TRACON& Tower with Radar,36,25,18,0,79,0,0,1,0,1,36,25,19,0,80,0,0,0,80
01/16/2015,PWM,ME,ANE,EN,Combined TRACON& Tower with Radar,33,31,18,0,82,0,0,13,0,13,33,31,31,0,95,0,0,0,95
01/17/2015,PWM,ME,ANE,EN,Combined TRACON& Tower with Radar,32,19,20,0,71,0,3,35,0,38,32,22,55,0,109,0,0,0,109
01/18/2015,PWM,ME,ANE,EN,Combined TRACON& Tower with Radar,34,12,6,0,52,0,0,0,0,0,34,12,6,0,52,0,0,0,52
01/19/2015,PWM,ME,ANE,EN,Combined TRACON& Tower with Radar,36,28,13,0,77,0,2,10,0,12,36,30,23,0,89,0,0,0,89
01/20/2015,PWM,ME,ANE,EN,Combined TRACON& Tower with Radar,38,28,24,0,90,0,0,23,0,23,38,28,47,0,113,12,0,12,125
01/21/2015,PWM,ME,ANE,EN,Combined TRACON& Tower with Radar,38,29,16,2,85,0,1,21,0,22,38,30,37,2,107,0,0,0,107
01/22/2015,PWM,ME,ANE,EN,Combined TRACON& Tower with Radar,37,29,28,0,94,0,1,25,2,28,37,30,53,2,122,16,0,16,138
01/23/2015,PWM,ME,ANE,EN,Combined TRACON& Tower with Radar,36,27,16,0,79,0,0,28,0,28,36,27,44,0,107,0,0,0,107
01/24/2015,PWM,ME,ANE,EN,Combined TRACON& Tower with Radar,32,13,4,0,49,0,0,0,0,0,32,13,4,0,49,0,0,0,49
01/25/2015,PWM,ME,ANE,EN,Combined TRACON& Tower with Radar,41,17,9,0,67,0,1,11,1,13,41,18,20,1,80,0,0,0,80
01/26/2015,PWM,ME,ANE,EN,Combined TRACON& Tower with Radar,24,17,7,0,48,0,0,3,0,3,24,17,10,0,51,0,0,0,51
01/27/2015,PWM,ME,ANE,EN,Combined TRACON& Tower with Radar,0,0,0,0,0,0,0,0,0,0,0,0,0,0,0,0,0,0,0
01/28/2015,PWM,ME,ANE,EN,Combined TRACON& Tower with Radar,24,25,10,0,59,0,2,3,0,5,24,27,13,0,64,0,0,0,64
01/29/2015,PWM,ME,ANE,EN,Combined TRACON& Tower with Radar,38,32,17,0,87,0,2,33,4,39,38,34,50,4,126,0,0,0,126
01/30/2015,PWM,ME,ANE,EN,Combined TRACON& Tower with Radar,34,30,7,0,71,0,0,0,0,0,34,30,7,0,71,0,0,0,71
01/31/2015,PWM,ME,ANE,EN,Combined TRACON& Tower with Radar,34,23,1,0,58,0,0,2,0,2,34,23,3,0,60,0,0,0,60
02/01/2015,PWM,ME,ANE,EN,Combined TRACON& Tower with Radar,35,10,8,0,53,0,1,14,0,15,35,11,22,0,68,0,0,0,68
02/02/2015,PWM,ME,ANE,EN,Combined TRACON& Tower with Radar,9,7,1,1,18,0,0,0,0,0,9,7,1,1,18,0,0,0,18
02/03/2015,PWM,ME,ANE,EN,Combined TRACON& Tower with Radar,33,29,11,1,74,0,4,11,0,15,33,33,22,1,89,0,0,0,89
02/04/2015,PWM,ME,ANE,EN,Combined TRACON& Tower with Radar,38,33,11,0,82,0,1,5,0,6,38,34,16,0,88,0,0,0,88
02/05/2015,PWM,ME,ANE,EN,Combined TRACON& Tower with Radar,37,25,12,0,74,0,0,1,0,1,37,25,13,0,75,0,0,0,75
02/06/2015,PWM,ME,ANE,EN,Combined TRACON& Tower with Radar,39,33,15,0,87,0,0,12,0,12,39,33,27,0,99,0,0,0,99
02/07/2015,PWM,ME,ANE,EN,Combined TRACON& Tower with Radar,36,22,6,0,64,0,0,11,0,11,36,22,17,0,75,0,0,0,75
02/08/2015,PWM,ME,ANE,EN,Combined TRACON& Tower with Radar,39,16,5,2,62,0,0,0,0,0,39,16,5,2,62,0,0,0,62
02/09/2015,PWM,ME,ANE,EN,Combined TRACON& Tower with Radar,25,16,9,0,50,0,0,0,0,0,25,16,9,0,50,0,0,0,50
02/10/2015,PWM,ME,ANE,EN,Combined TRACON& Tower with Radar,37,26,21,4,88,0,4,13,2,19,37,30,34,6,107,0,0,0,107
02/11/2015,PWM,ME,ANE,EN,Combined TRACON& Tower with Radar,38,28,28,0,94,0,2,17,1,20,38,30,45,1,114,0,0,0,114
02/12/2015,PWM,ME,ANE,EN,Combined TRACON& Tower with Radar,39,32,22,1,94,0,0,0,0,0,39,32,22,1,94,0,0,0,94
02/13/2015,PWM,ME,ANE,EN,Combined TRACON& Tower with Radar,40,28,22,1,91,0,1,8,0,9,40,29,30,1,100,0,0,0,100
02/14/2015,PWM,ME,ANE,EN,Combined TRACON& Tower with Radar,30,10,4,0,44,0,0,1,0,1,30,10,5,0,45,0,0,0,45
02/15/2015,PWM,ME,ANE,EN,Combined TRACON& Tower with Radar,3,3,3,0,9,0,0,0,0,0,3,3,3,0,9,0,0,0,9
02/16/2015,PWM,ME,ANE,EN,Combined TRACON& Tower with Radar,27,29,11,0,67,0,1,2,0,3,27,30,13,0,70,0,0,0,70
02/17/2015,PWM,ME,ANE,EN,Combined TRACON& Tower with Radar,30,26,11,0,67,0,2,11,0,13,30,28,22,0,80,0,0,0,80
02/18/2015,PWM,ME,ANE,EN,Combined TRACON& Tower with Radar,37,30,15,5,87,0,0,8,7,15,37,30,23,12,102,6,0,6,108
02/19/2015,PWM,ME,ANE,EN,Combined TRACON& Tower with Radar,35,29,10,0,74,0,0,1,1,2,35,29,11,1,76,0,0,0,76
02/20/2015,PWM,ME,ANE,EN,Combined TRACON& Tower with Radar,35,35,15,0,85,0,0,9,0,9,35,35,24,0,94,0,0,0,94
02/21/2015,PWM,ME,ANE,EN,Combined TRACON& Tower with Radar,37,15,6,0,58,0,0,13,0,13,37,15,19,0,71,0,0,0,71
02/22/2015,PWM,ME,ANE,EN,Combined TRACON& Tower with Radar,36,14,3,0,53,0,1,17,0,18,36,15,20,0,71,8,0,8,79
02/23/2015,PWM,ME,ANE,EN,Combined TRACON& Tower with Radar,32,28,12,4,76,0,1,2,0,3,32,29,14,4,79,0,0,0,79
02/24/2015,PWM,ME,ANE,EN,Combined TRACON& Tower with Radar,39,32,14,0,85,0,1,19,2,22,39,33,33,2,107,2,0,2,109
02/25/2015,PWM,ME,ANE,EN,Combined TRACON& Tower with Radar,38,32,14,0,84,0,1,16,0,17,38,33,30,0,101,0,0,0,101
02/26/2015,PWM,ME,ANE,EN,Combined TRACON& Tower with Radar,37,32,11,0,80,0,4,33,0,37,37,36,44,0,117,0,0,0,117
02/27/2015,PWM,ME,ANE,EN,Combined TRACON& Tower with Radar,38,29,11,0,78,0,1,16,0,17,38,30,27,0,95,0,0,0,95
02/28/2015,PWM,ME,ANE,EN,Combined TRACON& Tower with Radar,41,16,7,0,64,0,2,33,0,35,41,18,40,0,99,4,0,4,103
03/01/2015,PWM,ME,ANE,EN,Combined TRACON& Tower with Radar,30,7,8,0,45,0,0,19,0,19,30,7,27,0,64,4,0,4,68
03/02/2015,PWM,ME,ANE,EN,Combined TRACON& Tower with Radar,30,30,20,0,80,0,0,3,0,3,30,30,23,0,83,0,0,0,83
03/03/2015,PWM,ME,ANE,EN,Combined TRACON& Tower with Radar,36,29,19,0,84,0,1,26,1,28,36,30,45,1,112,0,0,0,112
03/04/2015,PWM,ME,ANE,EN,Combined TRACON& Tower with Radar,37,29,10,4,80,0,3,12,0,15,37,32,22,4,95,0,0,0,95
03/05/2015,PWM,ME,ANE,EN,Combined TRACON& Tower with Radar,20,17,7,0,44,0,0,18,0,18,20,17,25,0,62,0,0,0,62
03/06/2015,PWM,ME,ANE,EN,Combined TRACON& Tower with Radar,35,38,12,0,85,0,1,31,0,32,35,39,43,0,117,14,0,14,131
03/07/2015,PWM,ME,ANE,EN,Combined TRACON& Tower with Radar,40,18,10,0,68,0,4,34,1,39,40,22,44,1,107,0,0,0,107
03/08/2015,PWM,ME,ANE,EN,Combined TRACON& Tower with Radar,43,23,8,0,74,0,0,20,0,20,43,23,28,0,94,12,0,12,106
03/09/2015,PWM,ME,ANE,EN,Combined TRACON& Tower with Radar,43,27,13,1,84,0,3,22,0,25,43,30,35,1,109,0,0,0,109
03/10/2015,PWM,ME,ANE,EN,Combined TRACON& Tower with Radar,47,28,13,1,89,0,2,17,0,19,47,30,30,1,108,0,0,0,108
03/11/2015,PWM,ME,ANE,EN,Combined TRACON& Tower with Radar,44,32,10,0,86,0,3,20,0,23,44,35,30,0,109,0,0,0,109
03/12/2015,PWM,ME,ANE,EN,Combined TRACON& Tower with Radar,47,33,18,2,100,0,0,11,4,15,47,33,29,6,115,0,0,0,115
03/13/2015,PWM,ME,ANE,EN,Combined TRACON& Tower with Radar,49,27,12,2,90,0,0,28,0,28,49,27,40,2,118,12,0,12,130
03/14/2015,PWM,ME,ANE,EN,Combined TRACON& Tower with Radar,37,13,7,0,57,0,0,2,0,2,37,13,9,0,59,0,0,0,59
03/15/2015,PWM,ME,ANE,EN,Combined TRACON& Tower with Radar,40,25,5,0,70,0,0,0,0,0,40,25,5,0,70,0,0,0,70
03/16/2015,PWM,ME,ANE,EN,Combined TRACON& Tower with Radar,45,27,7,20,99,0,0,20,0,20,45,27,27,20,119,2,0,2,121
03/17/2015,PWM,ME,ANE,EN,Combined TRACON& Tower with Radar,42,27,9,2,80,0,0,0,0,0,42,27,9,2,80,0,0,0,80
03/18/2015,PWM,ME,ANE,EN,Combined TRACON& Tower with Radar,41,29,6,2,78,0,0,4,0,4,41,29,10,2,82,0,0,0,82
03/19/2015,PWM,ME,ANE,EN,Combined TRACON& Tower with Radar,46,28,21,0,95,0,0,14,0,14,46,28,35,0,109,0,0,0,109
03/20/2015,PWM,ME,ANE,EN,Combined TRACON& Tower with Radar,40,16,6,0,62,0,1,35,0,36,40,17,41,0,98,0,0,0,98
03/21/2015,PWM,ME,ANE,EN,Combined TRACON& Tower with Radar,40,17,2,0,59,0,0,2,0,2,40,17,4,0,61,0,0,0,61
03/22/2015,PWM,ME,ANE,EN,Combined TRACON& Tower with Radar,45,23,8,0,76,0,0,1,0,1,45,23,9,0,77,0,0,0,77
03/23/2015,PWM,ME,ANE,EN,Combined TRACON& Tower with Radar,42,30,9,0,81,0,2,12,0,14,42,32,21,0,95,2,2,4,99
03/24/2015,PWM,ME,ANE,EN,Combined TRACON& Tower with Radar,46,32,17,4,99,0,1,29,0,30,46,33,46,4,129,16,0,16,145
03/25/2015,PWM,ME,ANE,EN,Combined TRACON& Tower with Radar,44,27,10,1,82,0,6,45,0,51,44,33,55,1,133,12,0,12,145
03/26/2015,PWM,ME,ANE,EN,Combined TRACON& Tower with Radar,41,37,14,1,93,0,0,4,0,4,41,37,18,1,97,22,0,22,119
03/27/2015,PWM,ME,ANE,EN,Combined TRACON& Tower with Radar,47,34,14,2,97,0,0,0,0,0,47,34,14,2,97,0,0,0,97
03/28/2015,PWM,ME,ANE,EN,Combined TRACON& Tower with Radar,40,14,3,0,57,0,1,1,1,3,40,15,4,1,60,0,0,0,60
03/29/2015,PWM,ME,ANE,EN,Combined TRACON& Tower with Radar,45,15,17,0,77,0,1,62,0,63,45,16,79,0,140,14,0,14,154
03/30/2015,PWM,ME,ANE,EN,Combined TRACON& Tower with Radar,47,30,25,0,102,0,0,6,0,6,47,30,31,0,108,0,0,0,108
03/31/2015,PWM,ME,ANE,EN,Combined TRACON& Tower with Radar,45,26,9,2,82,0,1,23,0,24,45,27,32,2,106,0,0,0,106
04/01/2015,PWM,ME,ANE,EN,Combined TRACON& Tower with Radar,46,30,13,0,89,0,1,19,7,27,46,31,32,7,116,16,0,16,132
04/02/2015,PWM,ME,ANE,EN,Combined TRACON& Tower with Radar,44,33,15,1,93,0,0,16,1,17,44,33,31,2,110,0,0,0,110
04/03/2015,PWM,ME,ANE,EN,Combined TRACON& Tower with Radar,42,36,11,0,89,0,2,16,0,18,42,38,27,0,107,0,0,0,107
04/04/2015,PWM,ME,ANE,EN,Combined TRACON& Tower with Radar,38,16,6,0,60,0,0,1,0,1,38,16,7,0,61,0,0,0,61
04/05/2015,PWM,ME,ANE,EN,Combined TRACON& Tower with Radar,38,19,7,0,64,0,2,12,0,14,38,21,19,0,78,0,0,0,78
04/06/2015,PWM,ME,ANE,EN,Combined TRACON& Tower with Radar,43,27,11,0,81,0,1,25,0,26,43,28,36,0,107,32,0,32,139
04/07/2015,PWM,ME,ANE,EN,Combined TRACON& Tower with Radar,43,33,23,2,101,0,0,8,0,8,43,33,31,2,109,0,0,0,109
04/08/2015,PWM,ME,ANE,EN,Combined TRACON& Tower with Radar,46,32,15,0,93,0,0,19,0,19,46,32,34,0,112,0,0,0,112
04/09/2015,PWM,ME,ANE,EN,Combined TRACON& Tower with Radar,44,34,19,0,97,0,0,0,3,3,44,34,19,3,100,0,0,0,100
04/10/2015,PWM,ME,ANE,EN,Combined TRACON& Tower with Radar,43,36,16,0,95,0,0,0,0,0,43,36,16,0,95,0,0,0,95
04/11/2015,PWM,ME,ANE,EN,Combined TRACON& Tower with Radar,41,17,8,0,66,0,4,25,0,29,41,21,33,0,95,12,0,12,107
04/12/2015,PWM,ME,ANE,EN,Combined TRACON& Tower with Radar,43,25,12,0,80,0,8,35,2,45,43,33,47,2,125,0,0,0,125
04/13/2015,PWM,ME,ANE,EN,Combined TRACON& Tower with Radar,45,35,12,2,94,0,4,39,0,43,45,39,51,2,137,0,0,0,137
04/14/2015,PWM,ME,ANE,EN,Combined TRACON& Tower with Radar,49,32,10,0,91,0,0,11,2,13,49,32,21,2,104,0,0,0,104
04/15/2015,PWM,ME,ANE,EN,Combined TRACON& Tower with Radar,45,35,18,2,100,0,0,23,2,25,45,35,41,4,125,0,0,0,125
04/16/2015,PWM,ME,ANE,EN,Combined TRACON& Tower with Radar,46,36,19,3,104,0,6,45,1,52,46,42,64,4,156,0,0,0,156
04/17/2015,PWM,ME,ANE,EN,Combined TRACON& Tower with Radar,51,33,10,0,94,0,3,13,0,16,51,36,23,0,110,22,0,22,132
04/18/2015,PWM,ME,ANE,EN,Combined TRACON& Tower with Radar,50,12,9,0,71,0,2,23,0,25,50,14,32,0,96,30,0,30,126
04/19/2015,PWM,ME,ANE,EN,Combined TRACON& Tower with Radar,41,28,3,1,73,0,1,44,0,45,41,29,47,1,118,2,0,2,120
04/20/2015,PWM,ME,ANE,EN,Combined TRACON& Tower with Radar,37,25,20,1,83,0,1,1,2,4,37,26,21,3,87,0,0,0,87
04/21/2015,PWM,ME,ANE,EN,Combined TRACON& Tower with Radar,46,34,27,0,107,0,0,4,0,4,46,34,31,0,111,0,0,0,111
04/22/2015,PWM,ME,ANE,EN,Combined TRACON& Tower with Radar,44,30,11,0,85,0,2,22,0,24,44,32,33,0,109,0,0,0,109
04/23/2015,PWM,ME,ANE,EN,Combined TRACON& Tower with Radar,45,35,22,2,104,0,0,12,1,13,45,35,34,3,117,0,0,0,117
04/24/2015,PWM,ME,ANE,EN,Combined TRACON& Tower with Radar,48,33,18,4,103,0,2,12,0,14,48,35,30,4,117,0,0,0,117
04/25/2015,PWM,ME,ANE,EN,Combined TRACON& Tower with Radar,45,20,13,1,79,0,0,24,0,24,45,20,37,1,103,48,0,48,151
04/26/2015,PWM,ME,ANE,EN,Combined TRACON& Tower with Radar,44,28,20,1,93,0,1,33,0,34,44,29,53,1,127,69,0,69,196
04/27/2015,PWM,ME,ANE,EN,Combined TRACON& Tower with Radar,46,29,14,0,89,0,0,6,2,8,46,29,20,2,97,0,0,0,97
04/28/2015,PWM,ME,ANE,EN,Combined TRACON& Tower with Radar,46,32,16,0,94,0,1,10,0,11,46,33,26,0,105,0,0,0,105
04/29/2015,PWM,ME,ANE,EN,Combined TRACON& Tower with Radar,47,29,18,0,94,0,1,23,0,24,47,30,41,0,118,0,0,0,118
04/30/2015,PWM,ME,ANE,EN,Combined TRACON& Tower with Radar,45,33,26,0,104,0,0,30,0,30,45,33,56,0,134,8,0,8,142
05/01/2015,PWM,ME,ANE,EN,Combined TRACON& Tower with Radar,51,28,13,4,96,0,2,14,0,16,51,30,27,4,112,8,0,8,120
05/02/2015,PWM,ME,ANE,EN,Combined TRACON& Tower with Radar,43,15,6,1,65,0,2,40,0,42,43,17,46,1,107,22,0,22,129
05/03/2015,PWM,ME,ANE,EN,Combined TRACON& Tower with Radar,48,22,16,1,87,0,0,26,1,27,48,22,42,2,114,18,0,18,132
05/04/2015,PWM,ME,ANE,EN,Combined TRACON& Tower with Radar,49,24,28,3,104,0,2,16,0,18,49,26,44,3,122,0,0,0,122
05/05/2015,PWM,ME,ANE,EN,Combined TRACON& Tower with Radar,51,33,15,3,102,0,2,34,0,36,51,35,49,3,138,0,0,0,138
05/06/2015,PWM,ME,ANE,EN,Combined TRACON& Tower with Radar,53,30,19,0,102,0,1,26,0,27,53,31,45,0,129,0,0,0,129
05/07/2015,PWM,ME,ANE,EN,Combined TRACON& Tower with Radar,64,26,20,0,110,0,2,28,1,31,64,28,48,1,141,0,0,0,141
05/08/2015,PWM,ME,ANE,EN,Combined TRACON& Tower with Radar,57,33,19,0,109,0,0,33,0,33,57,33,52,0,142,2,0,2,144
05/09/2015,PWM,ME,ANE,EN,Combined TRACON& Tower with Radar,45,18,17,4,84,0,0,6,0,6,45,18,23,4,90,4,0,4,94
05/10/2015,PWM,ME,ANE,EN,Combined TRACON& Tower with Radar,49,20,14,0,83,0,6,36,0,42,49,26,50,0,125,42,0,42,167
05/11/2015,PWM,ME,ANE,EN,Combined TRACON& Tower with Radar,56,24,24,0,104,0,0,3,0,3,56,24,27,0,107,12,0,12,119
05/12/2015,PWM,ME,ANE,EN,Combined TRACON& Tower with Radar,54,42,24,8,128,0,1,5,5,11,54,43,29,13,139,0,0,0,139
05/13/2015,PWM,ME,ANE,EN,Combined TRACON& Tower with Radar,58,29,14,0,101,0,0,12,5,17,58,29,26,5,118,0,0,0,118
05/14/2015,PWM,ME,ANE,EN,Combined TRACON& Tower with Radar,55,29,17,0,101,0,2,64,2,68,55,31,81,2,169,16,0,16,185
05/15/2015,PWM,ME,ANE,EN,Combined TRACON& Tower with Radar,58,26,20,2,106,0,0,69,0,69,58,26,89,2,175,20,0,20,195
05/16/2015,PWM,ME,ANE,EN,Combined TRACON& Tower with Radar,43,22,11,0,76,0,0,16,0,16,43,22,27,0,92,0,0,0,92
05/17/2015,PWM,ME,ANE,EN,Combined TRACON& Tower with Radar,50,27,27,0,104,0,1,24,0,25,50,28,51,0,129,11,0,11,140
05/18/2015,PWM,ME,ANE,EN,Combined TRACON& Tower with Radar,52,20,17,2,91,0,2,18,0,20,52,22,35,2,111,0,0,0,111
05/19/2015,PWM,ME,ANE,EN,Combined TRACON& Tower with Radar,53,32,23,0,108,0,0,3,0,3,53,32,26,0,111,0,0,0,111
05/20/2015,PWM,ME,ANE,EN,Combined TRACON& Tower with Radar,59,26,17,0,102,0,0,30,0,30,59,26,47,0,132,0,0,0,132
05/21/2015,PWM,ME,ANE,EN,Combined TRACON& Tower with Radar,57,34,25,0,116,0,6,63,2,71,57,40,88,2,187,0,0,0,187
05/22/2015,PWM,ME,ANE,EN,Combined TRACON& Tower with Radar,59,34,17,0,110,0,1,42,1,44,59,35,59,1,154,18,0,18,172
05/23/2015,PWM,ME,ANE,EN,Combined TRACON& Tower with Radar,46,21,9,0,76,0,3,42,1,46,46,24,51,1,122,8,0,8,130
05/24/2015,PWM,ME,ANE,EN,Combined TRACON& Tower with Radar,41,24,7,0,72,0,3,46,0,49,41,27,53,0,121,0,0,0,121
05/25/2015,PWM,ME,ANE,EN,Combined TRACON& Tower with Radar,52,30,16,1,99,0,1,33,1,35,52,31,49,2,134,0,0,0,134
05/26/2015,PWM,ME,ANE,EN,Combined TRACON& Tower with Radar,56,28,30,4,118,0,2,20,0,22,56,30,50,4,140,0,0,0,140
05/27/2015,PWM,ME,ANE,EN,Combined TRACON& Tower with Radar,49,32,20,0,101,0,0,23,0,23,49,32,43,0,124,8,0,8,132
05/28/2015,PWM,ME,ANE,EN,Combined TRACON& Tower with Radar,60,32,15,0,107,0,1,14,1,16,60,33,29,1,123,0,0,0,123
05/29/2015,PWM,ME,ANE,EN,Combined TRACON& Tower with Radar,59,25,24,0,108,0,1,37,0,38,59,26,61,0,146,0,0,0,146
05/30/2015,PWM,ME,ANE,EN,Combined TRACON& Tower with Radar,50,15,5,0,70,0,2,25,2,29,50,17,30,2,99,0,0,0,99
05/31/2015,PWM,ME,ANE,EN,Combined TRACON& Tower with Radar,42,33,15,1,91,0,0,2,0,2,42,33,17,1,93,0,0,0,93
06/01/2015,PWM,ME,ANE,EN,Combined TRACON& Tower with Radar,53,19,17,1,90,0,0,0,0,0,53,19,17,1,90,0,0,0,90
06/02/2015,PWM,ME,ANE,EN,Combined TRACON& Tower with Radar,56,34,34,0,124,0,0,0,2,2,56,34,34,2,126,0,0,0,126
06/03/2015,PWM,ME,ANE,EN,Combined TRACON& Tower with Radar,61,25,23,2,111,0,0,29,0,29,61,25,52,2,140,0,0,0,140
06/04/2015,PWM,ME,ANE,EN,Combined TRACON& Tower with Radar,62,33,30,1,126,0,1,52,3,56,62,34,82,4,182,0,0,0,182
06/05/2015,PWM,ME,ANE,EN,Combined TRACON& Tower with Radar,64,33,28,0,125,0,3,39,0,42,64,36,67,0,167,15,0,15,182
06/06/2015,PWM,ME,ANE,EN,Combined TRACON& Tower with Radar,51,31,18,0,100,0,2,34,0,36,51,33,52,0,136,0,0,0,136
06/07/2015,PWM,ME,ANE,EN,Combined TRACON& Tower with Radar,66,30,21,4,121,0,2,72,2,76,66,32,93,6,197,28,0,28,225
06/08/2015,PWM,ME,ANE,EN,Combined TRACON& Tower with Radar,66,27,34,0,127,0,3,4,0,7,66,30,38,0,134,0,0,0,134
06/09/2015,PWM,ME,ANE,EN,Combined TRACON& Tower with Radar,62,33,20,4,119,0,0,2,0,2,62,33,22,4,121,0,0,0,121
06/10/2015,PWM,ME,ANE,EN,Combined TRACON& Tower with Radar,56,41,22,2,121,0,2,36,2,40,56,43,58,4,161,0,0,0,161
06/11/2015,PWM,ME,ANE,EN,Combined TRACON& Tower with Radar,67,31,13,1,112,0,1,22,0,23,67,32,35,1,135,0,0,0,135
06/12/2015,PWM,ME,ANE,EN,Combined TRACON& Tower with Radar,71,38,18,8,135,0,0,28,1,29,71,38,46,9,164,0,0,0,164
06/13/2015,PWM,ME,ANE,EN,Combined TRACON& Tower with Radar,54,29,16,0,99,0,4,29,0,33,54,33,45,0,132,0,0,0,132
06/14/2015,PWM,ME,ANE,EN,Combined TRACON& Tower with Radar,56,34,21,3,114,0,0,47,0,47,56,34,68,3,161,16,0,16,177
06/15/2015,PWM,ME,ANE,EN,Combined TRACON& Tower with Radar,63,27,31,0,121,0,0,11,0,11,63,27,42,0,132,0,0,0,132
06/16/2015,PWM,ME,ANE,EN,Combined TRACON& Tower with Radar,56,30,25,0,111,0,0,0,0,0,56,30,25,0,111,0,0,0,111
06/17/2015,PWM,ME,ANE,EN,Combined TRACON& Tower with Radar,65,39,23,1,128,0,0,68,1,69,65,39,91,2,197,0,0,0,197
06/18/2015,PWM,ME,ANE,EN,Combined TRACON& Tower with Radar,64,38,16,2,120,0,4,29,0,33,64,42,45,2,153,30,0,30,183
06/19/2015,PWM,ME,ANE,EN,Combined TRACON& Tower with Radar,66,33,23,0,122,0,2,28,0,30,66,35,51,0,152,0,0,0,152
06/20/2015,PWM,ME,ANE,EN,Combined TRACON& Tower with Radar,50,34,16,1,101,0,3,43,2,48,50,37,59,3,149,27,0,27,176
06/21/2015,PWM,ME,ANE,EN,Combined TRACON& Tower with Radar,61,36,20,0,117,0,0,0,0,0,61,36,20,0,117,0,0,0,117
06/22/2015,PWM,ME,ANE,EN,Combined TRACON& Tower with Radar,61,38,22,0,121,0,0,25,2,27,61,38,47,2,148,20,0,20,168
06/23/2015,PWM,ME,ANE,EN,Combined TRACON& Tower with Radar,56,38,14,0,108,0,0,0,0,0,56,38,14,0,108,0,0,0,108
06/24/2015,PWM,ME,ANE,EN,Combined TRACON& Tower with Radar,62,40,28,1,131,0,4,57,1,62,62,44,85,2,193,16,0,16,209
06/25/2015,PWM,ME,ANE,EN,Combined TRACON& Tower with Radar,63,39,35,2,139,0,3,54,1,58,63,42,89,3,197,30,0,30,227
06/26/2015,PWM,ME,ANE,EN,Combined TRACON& Tower with Radar,67,41,22,0,130,0,3,33,0,36,67,44,55,0,166,0,0,0,166
06/27/2015,PWM,ME,ANE,EN,Combined TRACON& Tower with Radar,57,43,16,0,116,0,6,44,1,51,57,49,60,1,167,16,0,16,183
06/28/2015,PWM,ME,ANE,EN,Combined TRACON& Tower with Radar,64,44,18,0,126,0,0,0,0,0,64,44,18,0,126,0,0,0,126
06/29/2015,PWM,ME,ANE,EN,Combined TRACON& Tower with Radar,64,36,36,0,136,0,1,34,1,36,64,37,70,1,172,0,0,0,172
06/30/2015,PWM,ME,ANE,EN,Combined TRACON& Tower with Radar,55,34,31,16,136,0,1,43,0,44,55,35,74,16,180,30,0,30,210
07/01/2015,PWM,ME,ANE,EN,Combined TRACON& Tower with Radar,65,41,30,0,136,0,0,4,0,4,65,41,34,0,140,0,0,0,140
07/02/2015,PWM,ME,ANE,EN,Combined TRACON& Tower with Radar,67,37,38,0,142,0,5,39,3,47,67,42,77,3,189,0,0,0,189
07/03/2015,PWM,ME,ANE,EN,Combined TRACON& Tower with Radar,51,29,14,0,94,0,3,47,1,51,51,32,61,1,145,0,0,0,145
07/04/2015,PWM,ME,ANE,EN,Combined TRACON& Tower with Radar,51,22,7,0,80,0,2,18,0,20,51,24,25,0,100,0,0,0,100
07/05/2015,PWM,ME,ANE,EN,Combined TRACON& Tower with Radar,67,38,27,1,133,0,2,41,1,44,67,40,68,2,177,0,0,0,177
07/06/2015,PWM,ME,ANE,EN,Combined TRACON& Tower with Radar,61,42,25,1,129,0,2,45,0,47,61,44,70,1,176,23,0,23,199
07/07/2015,PWM,ME,ANE,EN,Combined TRACON& Tower with Radar,61,43,29,0,133,0,1,17,0,18,61,44,46,0,151,5,0,5,156
07/08/2015,PWM,ME,ANE,EN,Combined TRACON& Tower with Radar,56,42,22,18,138,0,2,19,0,21,56,44,41,18,159,25,0,25,184
07/09/2015,PWM,ME,ANE,EN,Combined TRACON& Tower with Radar,62,47,33,2,144,0,1,67,0,68,62,48,100,2,212,0,0,0,212
07/10/2015,PWM,ME,ANE,EN,Combined TRACON& Tower with Radar,69,46,29,0,144,0,3,35,0,38,69,49,64,0,182,0,0,0,182
07/11/2015,PWM,ME,ANE,EN,Combined TRACON& Tower with Radar,65,33,12,0,110,0,2,59,1,62,65,35,71,1,172,42,0,42,214
07/12/2015,PWM,ME,ANE,EN,Combined TRACON& Tower with Radar,66,33,28,0,127,0,3,57,2,62,66,36,85,2,189,8,0,8,197
07/13/2015,PWM,ME,ANE,EN,Combined TRACON& Tower with Radar,65,36,15,0,116,0,2,47,4,53,65,38,62,4,169,10,0,10,179
07/14/2015,PWM,ME,ANE,EN,Combined TRACON& Tower with Radar,65,36,29,1,131,0,1,4,2,7,65,37,33,3,138,0,0,0,138
07/15/2015,PWM,ME,ANE,EN,Combined TRACON& Tower with Radar,62,42,26,0,130,0,0,17,0,17,62,42,43,0,147,10,0,10,157
07/16/2015,PWM,ME,ANE,EN,Combined TRACON& Tower with Radar,70,46,32,10,158,0,5,60,0,65,70,51,92,10,223,0,0,0,223
07/17/2015,PWM,ME,ANE,EN,Combined TRACON& Tower with Radar,67,58,35,0,160,0,6,78,0,84,67,64,113,0,244,32,0,32,276
07/18/2015,PWM,ME,ANE,EN,Combined TRACON& Tower with Radar,68,36,30,1,135,0,1,5,0,6,68,37,35,1,141,14,0,14,155
07/19/2015,PWM,ME,ANE,EN,Combined TRACON& Tower with Radar,65,41,38,1,145,0,0,26,0,26,65,41,64,1,171,36,0,36,207
07/20/2015,PWM,ME,ANE,EN,Combined TRACON& Tower with Radar,65,44,31,0,140,0,2,26,0,28,65,46,57,0,168,0,0,0,168
07/21/2015,PWM,ME,ANE,EN,Combined TRACON& Tower with Radar,65,44,37,0,146,0,0,2,0,2,65,44,39,0,148,0,0,0,148
07/22/2015,PWM,ME,ANE,EN,Combined TRACON& Tower with Radar,64,45,38,0,147,0,1,45,0,46,64,46,83,0,193,22,0,22,215
07/23/2015,PWM,ME,ANE,EN,Combined TRACON& Tower with Radar,66,61,53,0,180,0,5,57,5,67,66,66,110,5,247,0,0,0,247
07/24/2015,PWM,ME,ANE,EN,Combined TRACON& Tower with Radar,68,71,44,0,183,0,2,25,0,27,68,73,69,0,210,0,0,0,210
07/25/2015,PWM,ME,ANE,EN,Combined TRACON& Tower with Radar,70,70,53,0,193,0,0,15,0,15,70,70,68,0,208,0,0,0,208
07/26/2015,PWM,ME,ANE,EN,Combined TRACON& Tower with Radar,70,69,37,0,176,0,0,4,0,4,70,69,41,0,180,0,0,0,180
07/27/2015,PWM,ME,ANE,EN,Combined TRACON& Tower with Radar,70,41,39,0,150,0,2,22,0,24,70,43,61,0,174,16,0,16,190
07/28/2015,PWM,ME,ANE,EN,Combined TRACON& Tower with Radar,63,42,28,2,135,0,1,27,0,28,63,43,55,2,163,0,0,0,163
07/29/2015,PWM,ME,ANE,EN,Combined TRACON& Tower with Radar,64,42,33,0,139,1,0,42,0,43,65,42,75,0,182,22,0,22,204
07/30/2015,PWM,ME,ANE,EN,Combined TRACON& Tower with Radar,62,31,37,5,135,0,3,34,1,38,62,34,71,6,173,0,0,0,173
07/31/2015,PWM,ME,ANE,EN,Combined TRACON& Tower with Radar,69,50,25,2,146,0,7,67,2,76,69,57,92,4,222,0,0,0,222
08/01/2015,PWM,ME,ANE,EN,Combined TRACON& Tower with Radar,68,30,23,0,121,0,5,25,1,31,68,35,48,1,152,0,0,0,152
08/02/2015,PWM,ME,ANE,EN,Combined TRACON& Tower with Radar,69,39,33,1,142,0,1,40,0,41,69,40,73,1,183,0,0,0,183
08/03/2015,PWM,ME,ANE,EN,Combined TRACON& Tower with Radar,68,32,28,1,129,0,3,31,1,35,68,35,59,2,164,0,0,0,164
08/04/2015,PWM,ME,ANE,EN,Combined TRACON& Tower with Radar,64,42,24,0,130,0,0,23,0,23,64,42,47,0,153,20,0,20,173
08/05/2015,PWM,ME,ANE,EN,Combined TRACON& Tower with Radar,66,56,24,2,148,0,3,46,0,49,66,59,70,2,197,32,0,32,229
08/06/2015,PWM,ME,ANE,EN,Combined TRACON& Tower with Radar,68,41,23,1,133,0,5,49,3,57,68,46,72,4,190,0,0,0,190
08/07/2015,PWM,ME,ANE,EN,Combined TRACON& Tower with Radar,67,54,29,0,150,0,6,65,0,71,67,60,94,0,221,5,0,5,226
08/08/2015,PWM,ME,ANE,EN,Combined TRACON& Tower with Radar,63,43,26,0,132,0,0,52,1,53,63,43,78,1,185,24,0,24,209
08/09/2015,PWM,ME,ANE,EN,Combined TRACON& Tower with Radar,70,46,34,0,150,0,3,45,0,48,70,49,79,0,198,12,0,12,210
08/10/2015,PWM,ME,ANE,EN,Combined TRACON& Tower with Radar,67,39,29,0,135,0,3,47,0,50,67,42,76,0,185,0,0,0,185
08/11/2015,PWM,ME,ANE,EN,Combined TRACON& Tower with Radar,62,43,26,0,131,0,0,0,0,0,62,43,26,0,131,0,0,0,131
08/12/2015,PWM,ME,ANE,EN,Combined TRACON& Tower with Radar,66,38,20,0,124,0,1,21,0,22,66,39,41,0,146,8,0,8,154
08/13/2015,PWM,ME,ANE,EN,Combined TRACON& Tower with Radar,70,52,38,6,166,0,5,51,4,60,70,57,89,10,226,0,0,0,226
08/14/2015,PWM,ME,ANE,EN,Combined TRACON& Tower with Radar,72,45,31,0,148,0,4,64,3,71,72,49,95,3,219,0,0,0,219
08/15/2015,PWM,ME,ANE,EN,Combined TRACON& Tower with Radar,53,48,17,0,118,0,4,25,2,31,53,52,42,2,149,6,0,6,155
08/16/2015,PWM,ME,ANE,EN,Combined TRACON& Tower with Radar,64,32,24,2,122,0,3,71,0,74,64,35,95,2,196,10,0,10,206
08/17/2015,PWM,ME,ANE,EN,Combined TRACON& Tower with Radar,66,36,17,0,119,0,5,42,2,49,66,41,59,2,168,0,0,0,168
08/18/2015,PWM,ME,ANE,EN,Combined TRACON& Tower with Radar,68,42,29,0,139,0,2,39,0,41,68,44,68,0,180,0,0,0,180
08/19/2015,PWM,ME,ANE,EN,Combined TRACON& Tower with Radar,69,41,35,0,145,0,2,42,0,44,69,43,77,0,189,12,0,12,201
08/20/2015,PWM,ME,ANE,EN,Combined TRACON& Tower with Radar,56,32,56,1,145,0,0,1,1,2,56,32,57,2,147,0,0,0,147
08/21/2015,PWM,ME,ANE,EN,Combined TRACON& Tower with Radar,72,38,18,0,128,0,0,0,0,0,72,38,18,0,128,0,0,0,128
08/22/2015,PWM,ME,ANE,EN,Combined TRACON& Tower with Radar,53,38,20,0,111,0,3,25,0,28,53,41,45,0,139,0,0,0,139
08/23/2015,PWM,ME,ANE,EN,Combined TRACON& Tower with Radar,62,32,40,0,134,0,0,1,0,1,62,32,41,0,135,0,0,0,135
08/24/2015,PWM,ME,ANE,EN,Combined TRACON& Tower with Radar,70,31,28,0,129,0,1,8,0,9,70,32,36,0,138,0,0,0,138
08/25/2015,PWM,ME,ANE,EN,Combined TRACON& Tower with Radar,62,43,28,0,133,0,0,0,0,0,62,43,28,0,133,0,0,0,133
08/26/2015,PWM,ME,ANE,EN,Combined TRACON& Tower with Radar,66,39,25,0,130,0,0,18,3,21,66,39,43,3,151,14,0,14,165
08/27/2015,PWM,ME,ANE,EN,Combined TRACON& Tower with Radar,73,32,17,0,122,0,1,38,0,39,73,33,55,0,161,0,0,0,161
08/28/2015,PWM,ME,ANE,EN,Combined TRACON& Tower with Radar,72,34,23,1,130,0,0,66,1,67,72,34,89,2,197,16,0,16,213
08/29/2015,PWM,ME,ANE,EN,Combined TRACON& Tower with Radar,53,35,15,0,103,0,1,32,0,33,53,36,47,0,136,8,0,8,144
08/30/2015,PWM,ME,ANE,EN,Combined TRACON& Tower with Radar,58,35,24,2,119,0,0,50,0,50,58,35,74,2,169,0,0,0,169
08/31/2015,PWM,ME,ANE,EN,Combined TRACON& Tower with Radar,73,25,12,2,112,0,0,45,0,45,73,25,57,2,157,0,0,0,157
09/01/2015,PWM,ME,ANE,EN,Combined TRACON& Tower with Radar,70,39,15,3,127,0,3,35,0,38,70,42,50,3,165,40,0,40,205
09/02/2015,PWM,ME,ANE,EN,Combined TRACON& Tower with Radar,70,45,17,0,132,0,1,37,0,38,70,46,54,0,170,14,0,14,184
09/03/2015,PWM,ME,ANE,EN,Combined TRACON& Tower with Radar,65,42,13,2,122,0,3,18,2,23,65,45,31,4,145,0,0,0,145
09/04/2015,PWM,ME,ANE,EN,Combined TRACON& Tower with Radar,63,42,29,0,134,0,1,58,5,64,63,43,87,5,198,12,4,16,214
09/05/2015,PWM,ME,ANE,EN,Combined TRACON& Tower with Radar,59,23,14,0,96,0,2,33,3,38,59,25,47,3,134,0,0,0,134
09/06/2015,PWM,ME,ANE,EN,Combined TRACON& Tower with Radar,51,23,7,1,82,0,2,49,1,52,51,25,56,2,134,8,0,8,142
09/07/2015,PWM,ME,ANE,EN,Combined TRACON& Tower with Radar,63,26,23,0,112,0,7,66,0,73,63,33,89,0,185,70,0,70,255
09/08/2015,PWM,ME,ANE,EN,Combined TRACON& Tower with Radar,62,32,16,1,111,0,1,22,4,27,62,33,38,5,138,29,0,29,167
09/09/2015,PWM,ME,ANE,EN,Combined TRACON& Tower with Radar,60,36,26,0,122,0,2,29,3,34,60,38,55,3,156,0,0,0,156
09/10/2015,PWM,ME,ANE,EN,Combined TRACON& Tower with Radar,59,29,25,0,113,0,0,23,2,25,59,29,48,2,138,0,0,0,138
09/11/2015,PWM,ME,ANE,EN,Combined TRACON& Tower with Radar,64,31,34,5,134,0,3,3,1,7,64,34,37,6,141,0,0,0,141
09/12/2015,PWM,ME,ANE,EN,Combined TRACON& Tower with Radar,60,40,15,0,115,0,1,53,0,54,60,41,68,0,169,18,0,18,187
09/13/2015,PWM,ME,ANE,EN,Combined TRACON& Tower with Radar,67,33,23,0,123,0,0,0,0,0,67,33,23,0,123,0,0,0,123
09/14/2015,PWM,ME,ANE,EN,Combined TRACON& Tower with Radar,62,30,15,0,107,0,2,27,0,29,62,32,42,0,136,0,0,0,136
09/15/2015,PWM,ME,ANE,EN,Combined TRACON& Tower with Radar,63,42,15,1,121,0,3,43,0,46,63,45,58,1,167,23,0,23,190
09/16/2015,PWM,ME,ANE,EN,Combined TRACON& Tower with Radar,62,44,15,1,122,0,0,51,1,52,62,44,66,2,174,0,0,0,174
09/17/2015,PWM,ME,ANE,EN,Combined TRACON& Tower with Radar,65,32,43,0,140,0,1,38,2,41,65,33,81,2,181,4,0,4,185
09/18/2015,PWM,ME,ANE,EN,Combined TRACON& Tower with Radar,64,35,27,0,126,0,5,33,0,38,64,40,60,0,164,12,0,12,176
09/19/2015,PWM,ME,ANE,EN,Combined TRACON& Tower with Radar,57,26,16,0,99,0,3,25,2,30,57,29,41,2,129,10,0,10,139
09/20/2015,PWM,ME,ANE,EN,Combined TRACON& Tower with Radar,63,27,34,6,130,0,2,34,0,36,63,29,68,6,166,10,0,10,176
09/21/2015,PWM,ME,ANE,EN,Combined TRACON& Tower with Radar,62,37,16,0,115,0,2,20,0,22,62,39,36,0,137,48,0,48,185
09/22/2015,PWM,ME,ANE,EN,Combined TRACON& Tower with Radar,62,35,10,0,107,0,2,33,0,35,62,37,43,0,142,17,0,17,159
09/23/2015,PWM,ME,ANE,EN,Combined TRACON& Tower with Radar,66,33,20,3,122,0,1,41,0,42,66,34,61,3,164,0,0,0,164
09/24/2015,PWM,ME,ANE,EN,Combined TRACON& Tower with Radar,61,46,30,0,137,0,2,55,0,57,61,48,85,0,194,28,0,28,222
09/25/2015,PWM,ME,ANE,EN,Combined TRACON& Tower with Radar,65,36,25,0,126,0,1,51,0,52,65,37,76,0,178,8,0,8,186
09/26/2015,PWM,ME,ANE,EN,Combined TRACON& Tower with Radar,58,33,10,0,101,0,3,46,0,49,58,36,56,0,150,6,0,6,156
09/27/2015,PWM,ME,ANE,EN,Combined TRACON& Tower with Radar,60,36,19,0,115,0,2,40,0,42,60,38,59,0,157,16,0,16,173
09/28/2015,PWM,ME,ANE,EN,Combined TRACON& Tower with Radar,60,31,17,0,108,0,1,37,0,38,60,32,54,0,146,40,0,40,186
09/29/2015,PWM,ME,ANE,EN,Combined TRACON& Tower with Radar,61,40,17,0,118,0,0,3,0,3,61,40,20,0,121,0,0,0,121
09/30/2015,PWM,ME,ANE,EN,Combined TRACON& Tower with Radar,62,33,11,0,106,0,0,0,0,0,62,33,11,0,106,0,0,0,106
10/01/2015,PWM,ME,ANE,EN,Combined TRACON& Tower with Radar,64,37,22,0,123,0,0,23,0,23,64,37,45,0,146,27,0,27,173
10/02/2015,PWM,ME,ANE,EN,Combined TRACON& Tower with Radar,62,36,23,0,121,0,4,24,0,28,62,40,47,0,149,0,0,0,149
10/03/2015,PWM,ME,ANE,EN,Combined TRACON& Tower with Radar,53,26,7,0,86,0,2,10,0,12,53,28,17,0,98,6,0,6,104
10/04/2015,PWM,ME,ANE,EN,Combined TRACON& Tower with Radar,59,29,14,2,104,0,1,40,1,42,59,30,54,3,146,0,0,0,146
10/05/2015,PWM,ME,ANE,EN,Combined TRACON& Tower with Radar,59,37,17,2,115,0,2,34,0,36,59,39,51,2,151,24,0,24,175
10/06/2015,PWM,ME,ANE,EN,Combined TRACON& Tower with Radar,55,36,19,0,110,0,2,55,5,62,55,38,74,5,172,34,0,34,206
10/07/2015,PWM,ME,ANE,EN,Combined TRACON& Tower with Radar,63,33,31,0,127,0,3,29,2,34,63,36,60,2,161,17,0,17,178
10/08/2015,PWM,ME,ANE,EN,Combined TRACON& Tower with Radar,67,32,46,0,145,0,5,39,9,53,67,37,85,9,198,0,0,0,198
10/09/2015,PWM,ME,ANE,EN,Combined TRACON& Tower with Radar,60,39,22,0,121,0,0,1,0,1,60,39,23,0,122,0,0,0,122
10/10/2015,PWM,ME,ANE,EN,Combined TRACON& Tower with Radar,51,29,11,0,91,0,2,27,0,29,51,31,38,0,120,14,0,14,134
10/11/2015,PWM,ME,ANE,EN,Combined TRACON& Tower with Radar,61,25,10,0,96,0,5,21,0,26,61,30,31,0,122,0,0,0,122
10/12/2015,PWM,ME,ANE,EN,Combined TRACON& Tower with Radar,64,39,15,0,118,0,3,46,0,49,64,42,61,0,167,28,0,28,195
10/13/2015,PWM,ME,ANE,EN,Combined TRACON& Tower with Radar,61,41,30,0,132,0,0,0,0,0,61,41,30,0,132,0,0,0,132
10/14/2015,PWM,ME,ANE,EN,Combined TRACON& Tower with Radar,60,36,15,0,111,0,1,28,0,29,60,37,43,0,140,2,0,2,142
10/15/2015,PWM,ME,ANE,EN,Combined TRACON& Tower with Radar,63,37,19,0,119,0,1,56,0,57,63,38,75,0,176,28,0,28,204
10/16/2015,PWM,ME,ANE,EN,Combined TRACON& Tower with Radar,64,39,17,0,120,0,0,15,2,17,64,39,32,2,137,18,0,18,155
10/17/2015,PWM,ME,ANE,EN,Combined TRACON& Tower with Radar,49,29,2,0,80,0,1,21,0,22,49,30,23,0,102,12,0,12,114
10/18/2015,PWM,ME,ANE,EN,Combined TRACON& Tower with Radar,58,27,12,2,99,0,3,21,0,24,58,30,33,2,123,20,0,20,143
10/19/2015,PWM,ME,ANE,EN,Combined TRACON& Tower with Radar,62,32,15,2,111,0,2,28,0,30,62,34,43,2,141,0,0,0,141
10/20/2015,PWM,ME,ANE,EN,Combined TRACON& Tower with Radar,54,47,17,0,118,0,0,32,1,33,54,47,49,1,151,0,0,0,151
10/21/2015,PWM,ME,ANE,EN,Combined TRACON& Tower with Radar,57,44,27,2,130,0,4,39,2,45,57,48,66,4,175,8,0,8,183
10/22/2015,PWM,ME,ANE,EN,Combined TRACON& Tower with Radar,60,43,27,0,130,0,0,4,0,4,60,43,31,0,134,0,0,0,134
10/23/2015,PWM,ME,ANE,EN,Combined TRACON& Tower with Radar,62,41,17,20,140,0,5,16,0,21,62,46,33,20,161,18,0,18,179
10/24/2015,PWM,ME,ANE,EN,Combined TRACON& Tower with Radar,45,37,5,0,87,0,0,52,0,52,45,37,57,0,139,30,0,30,169
10/25/2015,PWM,ME,ANE,EN,Combined TRACON& Tower with Radar,51,29,24,10,114,0,0,0,0,0,51,29,24,10,114,0,4,4,118
10/26/2015,PWM,ME,ANE,EN,Combined TRACON& Tower with Radar,53,29,25,0,107,0,5,50,0,55,53,34,75,0,162,22,0,22,184
10/27/2015,PWM,ME,ANE,EN,Combined TRACON& Tower with Radar,54,32,20,0,106,0,4,34,0,38,54,36,54,0,144,0,0,0,144
10/28/2015,PWM,ME,ANE,EN,Combined TRACON& Tower with Radar,51,28,25,0,104,0,1,7,0,8,51,29,32,0,112,0,0,0,112
10/29/2015,PWM,ME,ANE,EN,Combined TRACON& Tower with Radar,55,34,26,0,115,0,4,3,0,7,55,38,29,0,122,0,0,0,122
10/30/2015,PWM,ME,ANE,EN,Combined TRACON& Tower with Radar,55,37,14,0,106,0,0,40,0,40,55,37,54,0,146,0,0,0,146
10/31/2015,PWM,ME,ANE,EN,Combined TRACON& Tower with Radar,49,26,2,0,77,0,2,57,1,60,49,28,59,1,137,42,0,42,179
11/01/2015,PWM,ME,ANE,EN,Combined TRACON& Tower with Radar,44,24,21,0,89,0,0,32,0,32,44,24,53,0,121,18,0,18,139
11/02/2015,PWM,ME,ANE,EN,Combined TRACON& Tower with Radar,48,28,18,0,94,0,4,27,0,31,48,32,45,0,125,26,0,26,151
11/03/2015,PWM,ME,ANE,EN,Combined TRACON& Tower with Radar,50,36,24,1,111,0,1,38,0,39,50,37,62,1,150,28,0,28,178
11/04/2015,PWM,ME,ANE,EN,Combined TRACON& Tower with Radar,56,29,32,9,126,0,5,44,5,54,56,34,76,14,180,18,6,24,204
11/05/2015,PWM,ME,ANE,EN,Combined TRACON& Tower with Radar,50,36,24,3,113,0,0,22,4,26,50,36,46,7,139,10,0,10,149
11/06/2015,PWM,ME,ANE,EN,Combined TRACON& Tower with Radar,53,40,13,1,107,0,2,4,0,6,53,42,17,1,113,0,0,0,113
11/07/2015,PWM,ME,ANE,EN,Combined TRACON& Tower with Radar,46,23,15,1,85,0,0,41,0,41,46,23,56,1,126,28,0,28,154
11/08/2015,PWM,ME,ANE,EN,Combined TRACON& Tower with Radar,45,24,16,0,85,0,0,39,0,39,45,24,55,0,124,8,0,8,132
11/09/2015,PWM,ME,ANE,EN,Combined TRACON& Tower with Radar,53,28,17,0,98,0,0,44,1,45,53,28,61,1,143,20,0,20,163
11/10/2015,PWM,ME,ANE,EN,Combined TRACON& Tower with Radar,46,33,10,0,89,0,1,28,0,29,46,34,38,0,118,20,0,20,138
11/11/2015,PWM,ME,ANE,EN,Combined TRACON& Tower with Radar,51,37,6,0,94,0,1,0,0,1,51,38,6,0,95,0,0,0,95
11/12/2015,PWM,ME,ANE,EN,Combined TRACON& Tower with Radar,54,32,15,0,101,0,0,2,0,2,54,32,17,0,103,0,0,0,103
11/13/2015,PWM,ME,ANE,EN,Combined TRACON& Tower with Radar,57,29,12,0,98,0,0,15,0,15,57,29,27,0,113,0,0,0,113
11/14/2015,PWM,ME,ANE,EN,Combined TRACON& Tower with Radar,39,26,1,0,66,0,0,14,0,14,39,26,15,0,80,0,0,0,80
11/15/2015,PWM,ME,ANE,EN,Combined TRACON& Tower with Radar,46,22,19,0,87,0,2,50,0,52,46,24,69,0,139,16,0,16,155
11/16/2015,PWM,ME,ANE,EN,Combined TRACON& Tower with Radar,55,25,16,0,96,0,0,42,2,44,55,25,58,2,140,26,0,26,166
11/17/2015,PWM,ME,ANE,EN,Combined TRACON& Tower with Radar,48,37,16,0,101,0,0,43,0,43,48,37,59,0,144,48,0,48,192
11/18/2015,PWM,ME,ANE,EN,Combined TRACON& Tower with Radar,51,36,28,2,117,0,0,30,0,30,51,36,58,2,147,42,0,42,189
11/19/2015,PWM,ME,ANE,EN,Combined TRACON& Tower with Radar,51,34,19,9,113,0,0,5,0,5,51,34,24,9,118,0,0,0,118
11/20/2015,PWM,ME,ANE,EN,Combined TRACON& Tower with Radar,47,39,17,8,111,0,2,6,0,8,47,41,23,8,119,0,0,0,119
11/21/2015,PWM,ME,ANE,EN,Combined TRACON& Tower with Radar,43,28,6,0,77,0,4,61,0,65,43,32,67,0,142,48,0,48,190
11/22/2015,PWM,ME,ANE,EN,Combined TRACON& Tower with Radar,40,28,2,0,70,0,0,2,0,2,40,28,4,0,72,10,0,10,82
11/23/2015,PWM,ME,ANE,EN,Combined TRACON& Tower with Radar,48,27,11,0,86,0,2,13,0,15,48,29,24,0,101,4,0,4,105
11/24/2015,PWM,ME,ANE,EN,Combined TRACON& Tower with Radar,53,41,24,0,118,0,2,47,0,49,53,43,71,0,167,0,0,0,167
11/25/2015,PWM,ME,ANE,EN,Combined TRACON& Tower with Radar,50,36,14,0,100,0,1,41,0,42,50,37,55,0,142,0,0,0,142
11/26/2015,PWM,ME,ANE,EN,Combined TRACON& Tower with Radar,29,9,4,0,42,0,0,7,0,7,29,9,11,0,49,0,0,0,49
11/27/2015,PWM,ME,ANE,EN,Combined TRACON& Tower with Radar,34,28,9,0,71,0,0,10,0,10,34,28,19,0,81,0,0,0,81
11/28/2015,PWM,ME,ANE,EN,Combined TRACON& Tower with Radar,48,31,17,0,96,0,0,6,0,6,48,31,23,0,102,0,0,0,102
11/29/2015,PWM,ME,ANE,EN,Combined TRACON& Tower with Radar,52,21,26,0,99,0,2,43,0,45,52,23,69,0,144,40,0,40,184
11/30/2015,PWM,ME,ANE,EN,Combined TRACON& Tower with Radar,58,21,10,0,89,0,2,36,0,38,58,23,46,0,127,2,0,2,129
12/01/2015,PWM,ME,ANE,EN,Combined TRACON& Tower with Radar,47,34,9,0,90,0,1,20,0,21,47,35,29,0,111,8,0,8,119
12/02/2015,PWM,ME,ANE,EN,Combined TRACON& Tower with Radar,42,26,17,0,85,0,0,0,0,0,42,26,17,0,85,0,0,0,85
12/03/2015,PWM,ME,ANE,EN,Combined TRACON& Tower with Radar,43,28,15,0,86,0,0,2,0,2,43,28,17,0,88,0,0,0,88
12/04/2015,PWM,ME,ANE,EN,Combined TRACON& Tower with Radar,47,32,9,0,88,0,2,24,0,26,47,34,33,0,114,16,0,16,130
12/05/2015,PWM,ME,ANE,EN,Combined TRACON& Tower with Radar,38,26,8,0,72,0,7,37,0,44,38,33,45,0,116,52,0,52,168
12/06/2015,PWM,ME,ANE,EN,Combined TRACON& Tower with Radar,38,23,19,0,80,0,3,46,0,49,38,26,65,0,129,62,0,62,191
12/07/2015,PWM,ME,ANE,EN,Combined TRACON& Tower with Radar,47,30,26,0,103,0,0,29,0,29,47,30,55,0,132,0,0,0,132
12/08/2015,PWM,ME,ANE,EN,Combined TRACON& Tower with Radar,42,34,20,1,97,0,2,34,4,40,42,36,54,5,137,16,0,16,153
12/09/2015,PWM,ME,ANE,EN,Combined TRACON& Tower with Radar,45,39,25,0,109,0,0,26,1,27,45,39,51,1,136,14,0,14,150
12/10/2015,PWM,ME,ANE,EN,Combined TRACON& Tower with Radar,45,37,28,0,110,0,0,6,0,6,45,37,34,0,116,0,0,0,116
12/11/2015,PWM,ME,ANE,EN,Combined TRACON& Tower with Radar,47,38,17,0,102,0,0,0,0,0,47,38,17,0,102,0,0,0,102
12/12/2015,PWM,ME,ANE,EN,Combined TRACON& Tower with Radar,38,23,14,0,75,0,2,45,2,49,38,25,59,2,124,24,0,24,148
12/13/2015,PWM,ME,ANE,EN,Combined TRACON& Tower with Radar,43,21,8,0,72,0,3,31,1,35,43,24,39,1,107,28,0,28,135
12/14/2015,PWM,ME,ANE,EN,Combined TRACON& Tower with Radar,44,27,9,0,80,0,0,0,0,0,44,27,9,0,80,0,0,0,80
12/15/2015,PWM,ME,ANE,EN,Combined TRACON& Tower with Radar,42,39,22,4,107,0,0,5,0,5,42,39,27,4,112,6,0,6,118
12/16/2015,PWM,ME,ANE,EN,Combined TRACON& Tower with Radar,44,40,30,2,116,0,2,34,0,36,44,42,64,2,152,0,0,0,152
12/17/2015,PWM,ME,ANE,EN,Combined TRACON& Tower with Radar,46,34,19,0,99,0,0,1,0,1,46,34,20,0,100,0,0,0,100
12/18/2015,PWM,ME,ANE,EN,Combined TRACON& Tower with Radar,44,39,34,0,117,0,0,3,0,3,44,39,37,0,120,0,0,0,120
12/19/2015,PWM,ME,ANE,EN,Combined TRACON& Tower with Radar,36,48,10,0,94,0,0,11,0,11,36,48,21,0,105,0,0,0,105
12/20/2015,PWM,ME,ANE,EN,Combined TRACON& Tower with Radar,41,29,10,0,80,0,2,43,2,47,41,31,53,2,127,0,0,0,127
12/21/2015,PWM,ME,ANE,EN,Combined TRACON& Tower with Radar,44,34,16,4,98,0,2,26,0,28,44,36,42,4,126,14,0,14,140
12/22/2015,PWM,ME,ANE,EN,Combined TRACON& Tower with Radar,41,43,9,0,93,0,0,0,0,0,41,43,9,0,93,0,0,0,93
12/23/2015,PWM,ME,ANE,EN,Combined TRACON& Tower with Radar,37,28,11,0,76,0,0,0,0,0,37,28,11,0,76,0,0,0,76
12/24/2015,PWM,ME,ANE,EN,Combined TRACON& Tower with Radar,37,35,2,0,74,0,0,0,0,0,37,35,2,0,74,0,0,0,74
12/25/2015,PWM,ME,ANE,EN,Combined TRACON& Tower with Radar,28,13,1,0,42,0,1,7,0,8,28,14,8,0,50,0,0,0,50
12/26/2015,PWM,ME,ANE,EN,Combined TRACON& Tower with Radar,39,34,17,0,90,0,0,41,0,41,39,34,58,0,131,0,0,0,131
12/27/2015,PWM,ME,ANE,EN,Combined TRACON& Tower with Radar,41,24,6,0,71,0,0,0,0,0,41,24,6,0,71,0,0,0,71
12/28/2015,PWM,ME,ANE,EN,Combined TRACON& Tower with Radar,38,30,7,0,75,0,4,17,0,21,38,34,24,0,96,0,0,0,96
12/29/2015,PWM,ME,ANE,EN,Combined TRACON& Tower with Radar,36,19,3,0,58,0,0,0,0,0,36,19,3,0,58,0,0,0,58
12/30/2015,PWM,ME,ANE,EN,Combined TRACON& Tower with Radar,42,34,9,0,85,0,0,0,0,0,42,34,9,0,85,0,0,0,85
12/31/2015,PWM,ME,ANE,EN,Combined TRACON& Tower with Radar,35,31,3,0,69,0,0,5,0,5,35,31,8,0,74,0,0,0,74
01/01/2016,PWM,ME,ANE,EN,Combined TRACON& Tower with Radar,36,16,6,0,58,0,0,15,0,15,36,16,21,0,73,0,0,0,73
01/02/2016,PWM,ME,ANE,EN,Combined TRACON& Tower with Radar,39,30,14,0,83,0,4,30,0,34,39,34,44,0,117,0,0,0,117
01/03/2016,PWM,ME,ANE,EN,Combined TRACON& Tower with Radar,43,29,8,0,80,0,0,12,0,12,43,29,20,0,92,0,0,0,92
01/04/2016,PWM,ME,ANE,EN,Combined TRACON& Tower with Radar,43,35,5,0,83,0,5,18,0,23,43,40,23,0,106,0,0,0,106
01/05/2016,PWM,ME,ANE,EN,Combined TRACON& Tower with Radar,38,36,4,0,78,0,1,22,4,27,38,37,26,4,105,10,0,10,115
01/06/2016,PWM,ME,ANE,EN,Combined TRACON& Tower with Radar,38,36,10,2,86,0,2,38,2,42,38,38,48,4,128,35,0,35,163
01/07/2016,PWM,ME,ANE,EN,Combined TRACON& Tower with Radar,38,27,14,2,81,0,1,40,0,41,38,28,54,2,122,10,0,10,132
01/08/2016,PWM,ME,ANE,EN,Combined TRACON& Tower with Radar,39,33,13,0,85,0,0,17,0,17,39,33,30,0,102,4,0,4,106
01/09/2016,PWM,ME,ANE,EN,Combined TRACON& Tower with Radar,33,22,3,0,58,0,0,0,0,0,33,22,3,0,58,0,0,0,58
01/10/2016,PWM,ME,ANE,EN,Combined TRACON& Tower with Radar,31,23,7,0,61,0,0,0,0,0,31,23,7,0,61,0,0,0,61
01/11/2016,PWM,ME,ANE,EN,Combined TRACON& Tower with Radar,36,26,17,3,82,0,0,8,1,9,36,26,25,4,91,0,0,0,91
01/12/2016,PWM,ME,ANE,EN,Combined TRACON& Tower with Radar,36,29,16,1,82,0,1,9,4,14,36,30,25,5,96,0,0,0,96
01/13/2016,PWM,ME,ANE,EN,Combined TRACON& Tower with Radar,34,32,11,2,79,0,0,7,5,12,34,32,18,7,91,0,0,0,91
01/14/2016,PWM,ME,ANE,EN,Combined TRACON& Tower with Radar,35,31,12,2,80,0,0,16,3,19,35,31,28,5,99,8,0,8,107
01/15/2016,PWM,ME,ANE,EN,Combined TRACON& Tower with Radar,39,38,22,0,99,0,0,10,0,10,39,38,32,0,109,0,0,0,109
01/16/2016,PWM,ME,ANE,EN,Combined TRACON& Tower with Radar,35,21,1,0,57,0,0,0,0,0,35,21,1,0,57,0,0,0,57
01/17/2016,PWM,ME,ANE,EN,Combined TRACON& Tower with Radar,33,23,9,0,65,0,1,19,0,20,33,24,28,0,85,12,0,12,97
01/18/2016,PWM,ME,ANE,EN,Combined TRACON& Tower with Radar,36,31,13,0,80,0,0,1,0,1,36,31,14,0,81,0,0,0,81
01/19/2016,PWM,ME,ANE,EN,Combined TRACON& Tower with Radar,41,28,10,1,80,0,0,1,1,2,41,28,11,2,82,0,0,0,82
01/20/2016,PWM,ME,ANE,EN,Combined TRACON& Tower with Radar,38,30,4,0,72,0,1,8,0,9,38,31,12,0,81,0,0,0,81
01/21/2016,PWM,ME,ANE,EN,Combined TRACON& Tower with Radar,37,35,11,0,83,0,7,10,0,17,37,42,21,0,100,0,0,0,100
01/22/2016,PWM,ME,ANE,EN,Combined TRACON& Tower with Radar,25,26,10,0,61,0,5,31,0,36,25,31,41,0,97,16,0,16,113
01/23/2016,PWM,ME,ANE,EN,Combined TRACON& Tower with Radar,11,11,2,0,24,0,0,26,0,26,11,11,28,0,50,10,0,10,60
01/24/2016,PWM,ME,ANE,EN,Combined TRACON& Tower with Radar,12,10,5,0,27,0,2,22,1,25,12,12,27,1,52,8,0,8,60
01/25/2016,PWM,ME,ANE,EN,Combined TRACON& Tower with Radar,29,20,12,2,63,0,2,25,0,27,29,22,37,2,90,12,0,12,102
01/26/2016,PWM,ME,ANE,EN,Combined TRACON& Tower with Radar,34,24,11,0,69,0,0,8,1,9,34,24,19,1,78,6,0,6,84
01/27/2016,PWM,ME,ANE,EN,Combined TRACON& Tower with Radar,38,29,13,0,80,0,0,20,0,20,38,29,33,0,100,3,0,3,103
01/28/2016,PWM,ME,ANE,EN,Combined TRACON& Tower with Radar,37,30,16,0,83,0,2,22,0,24,37,32,38,0,107,0,0,0,107
01/29/2016,PWM,ME,ANE,EN,Combined TRACON& Tower with Radar,37,27,13,2,79,0,0,0,0,0,37,27,13,2,79,0,0,0,79
01/30/2016,PWM,ME,ANE,EN,Combined TRACON& Tower with Radar,36,21,8,0,65,0,1,51,1,53,36,22,59,1,118,35,0,35,153
01/31/2016,PWM,ME,ANE,EN,Combined TRACON& Tower with Radar,35,22,19,2,78,0,5,31,0,36,35,27,50,2,114,6,0,6,120
02/01/2016,PWM,ME,ANE,EN,Combined TRACON& Tower with Radar,36,30,6,0,72,0,0,14,4,18,36,30,20,4,90,8,0,8,98
02/02/2016,PWM,ME,ANE,EN,Combined TRACON& Tower with Radar,38,29,16,2,85,0,4,26,1,31,38,33,42,3,116,11,0,11,127
02/03/2016,PWM,ME,ANE,EN,Combined TRACON& Tower with Radar,33,30,11,0,74,0,0,0,0,0,33,30,11,0,74,0,0,0,74
02/04/2016,PWM,ME,ANE,EN,Combined TRACON& Tower with Radar,36,36,21,2,95,0,2,20,0,22,36,38,41,2,117,0,0,0,117
02/05/2016,PWM,ME,ANE,EN,Combined TRACON& Tower with Radar,31,19,11,0,61,0,0,0,0,0,31,19,11,0,61,0,0,0,61
02/06/2016,PWM,ME,ANE,EN,Combined TRACON& Tower with Radar,30,31,8,0,69,0,2,26,0,28,30,33,34,0,97,22,0,22,119
02/07/2016,PWM,ME,ANE,EN,Combined TRACON& Tower with Radar,28,28,10,0,66,0,1,19,0,20,28,29,29,0,86,8,0,8,94
02/08/2016,PWM,ME,ANE,EN,Combined TRACON& Tower with Radar,34,22,13,2,71,0,4,1,0,5,34,26,14,2,76,0,0,0,76
02/09/2016,PWM,ME,ANE,EN,Combined TRACON& Tower with Radar,39,36,20,0,95,0,1,7,0,8,39,37,27,0,103,0,0,0,103
02/10/2016,PWM,ME,ANE,EN,Combined TRACON& Tower with Radar,39,33,25,0,97,0,1,10,0,11,39,34,35,0,108,28,0,28,136
02/11/2016,PWM,ME,ANE,EN,Combined TRACON& Tower with Radar,34,31,17,4,86,0,0,8,0,8,34,31,25,4,94,0,0,0,94
02/12/2016,PWM,ME,ANE,EN,Combined TRACON& Tower with Radar,30,37,13,0,80,0,0,40,0,40,30,37,53,0,120,8,0,8,128
02/13/2016,PWM,ME,ANE,EN,Combined TRACON& Tower with Radar,27,30,7,0,64,0,0,0,0,0,27,30,7,0,64,14,0,14,78
02/14/2016,PWM,ME,ANE,EN,Combined TRACON& Tower with Radar,29,30,6,0,65,0,2,10,0,12,29,32,16,0,77,4,0,4,81
02/15/2016,PWM,ME,ANE,EN,Combined TRACON& Tower with Radar,24,23,4,0,51,0,0,12,0,12,24,23,16,0,63,0,0,0,63
02/16/2016,PWM,ME,ANE,EN,Combined TRACON& Tower with Radar,24,24,5,0,53,0,0,0,0,0,24,24,5,0,53,0,0,0,53
02/17/2016,PWM,ME,ANE,EN,Combined TRACON& Tower with Radar,32,40,11,1,84,0,2,21,1,24,32,42,32,2,108,4,0,4,112
02/18/2016,PWM,ME,ANE,EN,Combined TRACON& Tower with Radar,33,32,28,4,97,0,0,28,2,30,33,32,56,6,127,0,0,0,127
02/19/2016,PWM,ME,ANE,EN,Combined TRACON& Tower with Radar,34,38,7,0,79,0,2,20,0,22,34,40,27,0,101,0,0,0,101
02/20/2016,PWM,ME,ANE,EN,Combined TRACON& Tower with Radar,29,31,6,0,66,0,1,6,1,8,29,32,12,1,74,0,0,0,74
02/21/2016,PWM,ME,ANE,EN,Combined TRACON& Tower with Radar,27,28,10,0,65,0,0,35,1,36,27,28,45,1,101,84,0,84,185
02/22/2016,PWM,ME,ANE,EN,Combined TRACON& Tower with Radar,34,39,15,0,88,0,3,14,0,17,34,42,29,0,105,0,0,0,105
02/23/2016,PWM,ME,ANE,EN,Combined TRACON& Tower with Radar,34,38,11,0,83,0,0,25,0,25,34,38,36,0,108,0,0,0,108
02/24/2016,PWM,ME,ANE,EN,Combined TRACON& Tower with Radar,25,26,8,0,59,0,0,0,0,0,25,26,8,0,59,0,0,0,59
02/25/2016,PWM,ME,ANE,EN,Combined TRACON& Tower with Radar,38,41,16,0,95,0,0,0,0,0,38,41,16,0,95,0,0,0,95
02/26/2016,PWM,ME,ANE,EN,Combined TRACON& Tower with Radar,37,38,18,0,93,0,4,9,0,13,37,42,27,0,106,16,0,16,122
02/27/2016,PWM,ME,ANE,EN,Combined TRACON& Tower with Radar,31,35,7,0,73,0,3,42,0,45,31,38,49,0,118,48,0,48,166
02/28/2016,PWM,ME,ANE,EN,Combined TRACON& Tower with Radar,29,31,10,0,70,0,4,20,0,24,29,35,30,0,94,44,0,44,138
02/29/2016,PWM,ME,ANE,EN,Combined TRACON& Tower with Radar,36,39,6,0,81,0,11,3,0,14,36,50,9,0,95,0,0,0,95
03/01/2016,PWM,ME,ANE,EN,Combined TRACON& Tower with Radar,31,36,16,1,84,0,2,12,3,17,31,38,28,4,101,0,0,0,101
03/02/2016,PWM,ME,ANE,EN,Combined TRACON& Tower with Radar,39,38,18,0,95,0,0,0,0,0,39,38,18,0,95,0,0,0,95
03/03/2016,PWM,ME,ANE,EN,Combined TRACON& Tower with Radar,36,39,8,0,83,0,0,21,2,23,36,39,29,2,106,0,0,0,106
03/04/2016,PWM,ME,ANE,EN,Combined TRACON& Tower with Radar,37,36,19,0,92,0,0,6,0,6,37,36,25,0,98,0,0,0,98
03/05/2016,PWM,ME,ANE,EN,Combined TRACON& Tower with Radar,33,31,8,3,75,0,0,32,0,32,33,31,40,3,107,12,0,12,119
03/06/2016,PWM,ME,ANE,EN,Combined TRACON& Tower with Radar,29,43,4,0,76,0,3,36,0,39,29,46,40,0,115,24,0,24,139
03/07/2016,PWM,ME,ANE,EN,Combined TRACON& Tower with Radar,38,36,10,0,84,0,0,5,0,5,38,36,15,0,89,0,0,0,89
03/08/2016,PWM,ME,ANE,EN,Combined TRACON& Tower with Radar,37,38,9,0,84,0,2,40,0,42,37,40,49,0,126,42,0,42,168
03/09/2016,PWM,ME,ANE,EN,Combined TRACON& Tower with Radar,36,37,10,0,83,0,0,10,2,12,36,37,20,2,95,0,0,0,95
03/10/2016,PWM,ME,ANE,EN,Combined TRACON& Tower with Radar,40,42,18,0,100,0,1,1,0,2,40,43,19,0,102,0,0,0,102
03/11/2016,PWM,ME,ANE,EN,Combined TRACON& Tower with Radar,42,35,8,0,85,0,2,19,0,21,42,37,27,0,106,0,0,0,106
03/12/2016,PWM,ME,ANE,EN,Combined TRACON& Tower with Radar,29,28,10,0,67,0,0,25,0,25,29,28,35,0,92,26,0,26,118
03/13/2016,PWM,ME,ANE,EN,Combined TRACON& Tower with Radar,31,32,8,0,71,0,2,28,2,32,31,34,36,2,103,0,0,0,103
03/14/2016,PWM,ME,ANE,EN,Combined TRACON& Tower with Radar,36,36,15,2,89,0,1,9,0,10,36,37,24,2,99,0,0,0,99
03/15/2016,PWM,ME,ANE,EN,Combined TRACON& Tower with Radar,42,43,11,0,96,0,0,0,0,0,42,43,11,0,96,0,0,0,96
03/16/2016,PWM,ME,ANE,EN,Combined TRACON& Tower with Radar,39,35,26,0,100,0,1,2,0,3,39,36,28,0,103,0,0,0,103
03/17/2016,PWM,ME,ANE,EN,Combined TRACON& Tower with Radar,40,41,16,0,97,0,0,2,0,2,40,41,18,0,99,0,0,0,99
03/18/2016,PWM,ME,ANE,EN,Combined TRACON& Tower with Radar,40,43,4,0,87,0,3,16,0,19,40,46,20,0,106,12,0,12,118
03/19/2016,PWM,ME,ANE,EN,Combined TRACON& Tower with Radar,35,25,11,0,71,0,5,34,2,41,35,30,45,2,112,28,0,28,140
03/20/2016,PWM,ME,ANE,EN,Combined TRACON& Tower with Radar,31,36,10,0,77,0,0,40,0,40,31,36,50,0,117,24,0,24,141
03/21/2016,PWM,ME,ANE,EN,Combined TRACON& Tower with Radar,41,37,4,0,82,0,1,0,0,1,41,38,4,0,83,0,0,0,83
03/22/2016,PWM,ME,ANE,EN,Combined TRACON& Tower with Radar,41,40,25,2,108,0,1,31,0,32,41,41,56,2,140,14,0,14,154
03/23/2016,PWM,ME,ANE,EN,Combined TRACON& Tower with Radar,40,40,20,0,100,0,2,12,0,14,40,42,32,0,114,18,0,18,132
03/24/2016,PWM,ME,ANE,EN,Combined TRACON& Tower with Radar,36,44,20,0,100,0,0,3,0,3,36,44,23,0,103,0,0,0,103
03/25/2016,PWM,ME,ANE,EN,Combined TRACON& Tower with Radar,42,30,13,0,85,0,0,0,0,0,42,30,13,0,85,0,0,0,85
03/26/2016,PWM,ME,ANE,EN,Combined TRACON& Tower with Radar,29,31,15,0,75,0,0,38,0,38,29,31,53,0,113,10,0,10,123
03/27/2016,PWM,ME,ANE,EN,Combined TRACON& Tower with Radar,30,40,4,0,74,0,0,15,0,15,30,40,19,0,89,0,0,0,89
03/28/2016,PWM,ME,ANE,EN,Combined TRACON& Tower with Radar,39,34,22,0,95,0,0,0,0,0,39,34,22,0,95,0,0,0,95
03/29/2016,PWM,ME,ANE,EN,Combined TRACON& Tower with Radar,40,39,15,0,94,0,1,4,0,5,40,40,19,0,99,0,0,0,99
03/30/2016,PWM,ME,ANE,EN,Combined TRACON& Tower with Radar,39,43,18,0,100,0,3,47,0,50,39,46,65,0,150,0,0,0,150
03/31/2016,PWM,ME,ANE,EN,Combined TRACON& Tower with Radar,41,47,7,4,99,0,3,24,0,27,41,50,31,4,126,12,0,12,138
04/01/2016,PWM,ME,ANE,EN,Combined TRACON& Tower with Radar,39,39,18,0,96,0,0,0,0,0,39,39,18,0,96,0,0,0,96
04/02/2016,PWM,ME,ANE,EN,Combined TRACON& Tower with Radar,32,25,10,0,67,0,1,5,0,6,32,26,15,0,73,0,0,0,73
04/03/2016,PWM,ME,ANE,EN,Combined TRACON& Tower with Radar,26,28,6,0,60,0,0,0,0,0,26,28,6,0,60,0,0,0,60
04/04/2016,PWM,ME,ANE,EN,Combined TRACON& Tower with Radar,41,36,16,0,93,0,0,0,0,0,41,36,16,0,93,0,0,0,93
04/05/2016,PWM,ME,ANE,EN,Combined TRACON& Tower with Radar,36,42,13,1,92,0,0,18,1,19,36,42,31,2,111,0,0,0,111
04/06/2016,PWM,ME,ANE,EN,Combined TRACON& Tower with Radar,41,42,23,0,106,0,2,21,0,23,41,44,44,0,129,0,0,0,129
04/07/2016,PWM,ME,ANE,EN,Combined TRACON& Tower with Radar,44,44,13,0,101,0,0,0,0,0,44,44,13,0,101,0,0,0,101
04/08/2016,PWM,ME,ANE,EN,Combined TRACON& Tower with Radar,43,47,21,0,111,0,1,10,0,11,43,48,31,0,122,14,0,14,136
04/09/2016,PWM,ME,ANE,EN,Combined TRACON& Tower with Radar,37,27,13,0,77,0,1,45,0,46,37,28,58,0,123,56,0,56,179
04/10/2016,PWM,ME,ANE,EN,Combined TRACON& Tower with Radar,40,27,6,0,73,0,0,37,0,37,40,27,43,0,110,30,0,30,140
04/11/2016,PWM,ME,ANE,EN,Combined TRACON& Tower with Radar,39,40,15,0,94,0,0,4,0,4,39,40,19,0,98,22,0,22,120
04/12/2016,PWM,ME,ANE,EN,Combined TRACON& Tower with Radar,40,55,9,7,111,0,0,4,0,4,40,55,13,7,115,0,0,0,115
04/13/2016,PWM,ME,ANE,EN,Combined TRACON& Tower with Radar,41,47,12,1,101,0,1,25,2,28,41,48,37,3,129,9,0,9,138
04/14/2016,PWM,ME,ANE,EN,Combined TRACON& Tower with Radar,43,41,23,0,107,0,0,33,0,33,43,41,56,0,140,0,0,0,140
04/15/2016,PWM,ME,ANE,EN,Combined TRACON& Tower with Radar,50,43,15,0,108,0,2,25,0,27,50,45,40,0,135,0,0,0,135
04/16/2016,PWM,ME,ANE,EN,Combined TRACON& Tower with Radar,42,33,19,0,94,0,0,40,0,40,42,33,59,0,134,0,0,0,134
04/17/2016,PWM,ME,ANE,EN,Combined TRACON& Tower with Radar,39,34,16,0,89,0,0,55,0,55,39,34,71,0,144,33,0,33,177
04/18/2016,PWM,ME,ANE,EN,Combined TRACON& Tower with Radar,47,41,23,0,111,0,0,19,0,19,47,41,42,0,130,28,0,28,158
04/19/2016,PWM,ME,ANE,EN,Combined TRACON& Tower with Radar,39,43,13,0,95,0,1,12,1,14,39,44,25,1,109,0,0,0,109
04/20/2016,PWM,ME,ANE,EN,Combined TRACON& Tower with Radar,40,48,18,0,106,0,0,27,3,30,40,48,45,3,136,18,0,18,154
04/21/2016,PWM,ME,ANE,EN,Combined TRACON& Tower with Radar,41,47,19,0,107,0,1,45,0,46,41,48,64,0,153,64,0,64,217
04/22/2016,PWM,ME,ANE,EN,Combined TRACON& Tower with Radar,47,53,19,0,119,0,0,20,1,21,47,53,39,1,140,18,0,18,158
04/23/2016,PWM,ME,ANE,EN,Combined TRACON& Tower with Radar,43,31,11,0,85,0,1,21,0,22,43,32,32,0,107,12,0,12,119
04/24/2016,PWM,ME,ANE,EN,Combined TRACON& Tower with Radar,43,36,6,2,87,0,1,23,0,24,43,37,29,2,111,21,0,21,132
04/25/2016,PWM,ME,ANE,EN,Combined TRACON& Tower with Radar,45,48,17,1,111,0,2,26,0,28,45,50,43,1,139,8,0,8,147
04/26/2016,PWM,ME,ANE,EN,Combined TRACON& Tower with Radar,38,40,14,1,93,0,0,1,0,1,38,40,15,1,94,0,0,0,94
04/27/2016,PWM,ME,ANE,EN,Combined TRACON& Tower with Radar,39,52,15,0,106,0,1,28,2,31,39,53,43,2,137,0,0,0,137
04/28/2016,PWM,ME,ANE,EN,Combined TRACON& Tower with Radar,41,46,22,0,109,0,4,40,2,46,41,50,62,2,155,0,0,0,155
04/29/2016,PWM,ME,ANE,EN,Combined TRACON& Tower with Radar,45,44,11,0,100,0,1,29,4,34,45,45,40,4,134,18,0,18,152
04/30/2016,PWM,ME,ANE,EN,Combined TRACON& Tower with Radar,37,28,9,0,74,0,3,48,0,51,37,31,57,0,125,48,0,48,173
05/01/2016,PWM,ME,ANE,EN,Combined TRACON& Tower with Radar,41,31,28,0,100,0,2,27,0,29,41,33,55,0,129,20,0,20,149
05/02/2016,PWM,ME,ANE,EN,Combined TRACON& Tower with Radar,48,32,13,1,94,0,0,0,0,0,48,32,13,1,94,0,0,0,94
05/03/2016,PWM,ME,ANE,EN,Combined TRACON& Tower with Radar,46,35,14,1,96,0,1,1,0,2,46,36,15,1,98,0,0,0,98
05/04/2016,PWM,ME,ANE,EN,Combined TRACON& Tower with Radar,49,36,17,0,102,0,0,14,0,14,49,36,31,0,116,8,0,8,124
05/05/2016,PWM,ME,ANE,EN,Combined TRACON& Tower with Radar,57,37,28,2,124,0,1,0,2,3,57,38,28,4,127,0,0,0,127
05/06/2016,PWM,ME,ANE,EN,Combined TRACON& Tower with Radar,56,34,23,0,113,0,2,20,0,22,56,36,43,0,135,18,0,18,153
05/07/2016,PWM,ME,ANE,EN,Combined TRACON& Tower with Radar,41,27,26,1,95,0,0,0,0,0,41,27,26,1,95,0,0,0,95
05/08/2016,PWM,ME,ANE,EN,Combined TRACON& Tower with Radar,50,25,8,2,85,0,2,0,0,2,50,27,8,2,87,0,0,0,87
05/09/2016,PWM,ME,ANE,EN,Combined TRACON& Tower with Radar,59,32,13,1,105,0,3,13,1,17,59,35,26,2,122,7,0,7,129
05/10/2016,PWM,ME,ANE,EN,Combined TRACON& Tower with Radar,56,31,15,3,105,0,1,42,1,44,56,32,57,4,149,20,0,20,169
05/11/2016,PWM,ME,ANE,EN,Combined TRACON& Tower with Radar,56,35,23,1,115,0,3,31,1,35,56,38,54,2,150,0,0,0,150
05/12/2016,PWM,ME,ANE,EN,Combined TRACON& Tower with Radar,57,36,23,7,123,0,1,38,4,43,57,37,61,11,166,0,8,8,174
05/13/2016,PWM,ME,ANE,EN,Combined TRACON& Tower with Radar,57,34,20,0,111,0,0,12,1,13,57,34,32,1,124,0,0,0,124
05/14/2016,PWM,ME,ANE,EN,Combined TRACON& Tower with Radar,45,23,14,1,83,0,2,21,0,23,45,25,35,1,106,14,0,14,120
05/15/2016,PWM,ME,ANE,EN,Combined TRACON& Tower with Radar,51,28,21,0,100,0,0,8,0,8,51,28,29,0,108,0,0,0,108
05/16/2016,PWM,ME,ANE,EN,Combined TRACON& Tower with Radar,58,29,12,0,99,0,0,7,1,8,58,29,19,1,107,0,0,0,107
05/17/2016,PWM,ME,ANE,EN,Combined TRACON& Tower with Radar,57,38,18,0,113,0,0,29,0,29,57,38,47,0,142,9,0,9,151
05/18/2016,PWM,ME,ANE,EN,Combined TRACON& Tower with Radar,53,33,16,0,102,0,3,20,0,23,53,36,36,0,125,0,0,0,125
05/19/2016,PWM,ME,ANE,EN,Combined TRACON& Tower with Radar,57,40,14,0,111,0,2,32,5,39,57,42,46,5,150,24,0,24,174
05/20/2016,PWM,ME,ANE,EN,Combined TRACON& Tower with Radar,62,37,15,1,115,0,0,50,0,50,62,37,65,1,165,38,0,38,203
05/21/2016,PWM,ME,ANE,EN,Combined TRACON& Tower with Radar,40,33,12,1,86,0,5,31,0,36,40,38,43,1,122,6,0,6,128
05/22/2016,PWM,ME,ANE,EN,Combined TRACON& Tower with Radar,50,25,17,4,96,0,1,24,0,25,50,26,41,4,121,30,0,30,151
05/23/2016,PWM,ME,ANE,EN,Combined TRACON& Tower with Radar,57,33,18,3,111,0,0,20,1,21,57,33,38,4,132,10,0,10,142
05/24/2016,PWM,ME,ANE,EN,Combined TRACON& Tower with Radar,56,35,17,0,108,0,0,0,0,0,56,35,17,0,108,0,0,0,108
05/25/2016,PWM,ME,ANE,EN,Combined TRACON& Tower with Radar,55,42,17,0,114,0,0,18,1,19,55,42,35,1,133,0,0,0,133
05/26/2016,PWM,ME,ANE,EN,Combined TRACON& Tower with Radar,58,34,22,0,114,0,0,67,0,67,58,34,89,0,181,52,0,52,233
05/27/2016,PWM,ME,ANE,EN,Combined TRACON& Tower with Radar,56,36,33,0,125,0,0,8,0,8,56,36,41,0,133,0,0,0,133
05/28/2016,PWM,ME,ANE,EN,Combined TRACON& Tower with Radar,37,26,15,0,78,0,0,26,2,28,37,26,41,2,106,0,0,0,106
05/29/2016,PWM,ME,ANE,EN,Combined TRACON& Tower with Radar,41,23,22,0,86,0,2,2,0,4,41,25,24,0,90,0,0,0,90
05/30/2016,PWM,ME,ANE,EN,Combined TRACON& Tower with Radar,56,32,6,0,94,0,0,16,0,16,56,32,22,0,110,0,0,0,110
05/31/2016,PWM,ME,ANE,EN,Combined TRACON& Tower with Radar,58,33,21,13,125,0,1,34,0,35,58,34,55,13,160,18,0,18,178
06/01/2016,PWM,ME,ANE,EN,Combined TRACON& Tower with Radar,52,38,11,2,103,0,1,33,2,36,52,39,44,4,139,12,0,12,151
06/02/2016,PWM,ME,ANE,EN,Combined TRACON& Tower with Radar,57,36,16,4,113,0,0,38,1,39,57,36,54,5,152,14,0,14,166
06/03/2016,PWM,ME,ANE,EN,Combined TRACON& Tower with Radar,59,34,16,3,112,0,0,0,0,0,59,34,16,3,112,4,0,4,116
06/04/2016,PWM,ME,ANE,EN,Combined TRACON& Tower with Radar,46,26,12,2,86,0,1,37,0,38,46,27,49,2,124,38,0,38,162
06/05/2016,PWM,ME,ANE,EN,Combined TRACON& Tower with Radar,46,29,11,2,88,0,0,0,0,0,46,29,11,2,88,0,0,0,88
06/06/2016,PWM,ME,ANE,EN,Combined TRACON& Tower with Radar,58,31,30,5,124,0,2,18,0,20,58,33,48,5,144,28,0,28,172
06/07/2016,PWM,ME,ANE,EN,Combined TRACON& Tower with Radar,62,27,20,1,110,0,0,18,1,19,62,27,38,2,129,14,0,14,143
06/08/2016,PWM,ME,ANE,EN,Combined TRACON& Tower with Radar,56,27,25,1,109,0,4,35,0,39,56,31,60,1,148,22,0,22,170
06/09/2016,PWM,ME,ANE,EN,Combined TRACON& Tower with Radar,59,39,12,4,114,0,6,28,0,34,59,45,40,4,148,0,0,0,148
06/10/2016,PWM,ME,ANE,EN,Combined TRACON& Tower with Radar,63,44,15,0,122,0,3,32,0,35,63,47,47,0,157,0,0,0,157
06/11/2016,PWM,ME,ANE,EN,Combined TRACON& Tower with Radar,48,37,5,0,90,0,0,29,0,29,48,37,34,0,119,17,0,17,136
06/12/2016,PWM,ME,ANE,EN,Combined TRACON& Tower with Radar,47,39,8,0,94,0,2,13,0,15,47,41,21,0,109,6,0,6,115
06/13/2016,PWM,ME,ANE,EN,Combined TRACON& Tower with Radar,59,35,33,0,127,0,0,15,1,16,59,35,48,1,143,0,0,0,143
06/14/2016,PWM,ME,ANE,EN,Combined TRACON& Tower with Radar,57,38,21,0,116,0,5,28,0,33,57,43,49,0,149,0,0,0,149
06/15/2016,PWM,ME,ANE,EN,Combined TRACON& Tower with Radar,59,44,11,0,114,0,2,42,0,44,59,46,53,0,158,7,0,7,165
06/16/2016,PWM,ME,ANE,EN,Combined TRACON& Tower with Radar,56,35,16,0,107,0,3,54,0,57,56,38,70,0,164,16,0,16,180
06/17/2016,PWM,ME,ANE,EN,Combined TRACON& Tower with Radar,67,46,19,2,134,0,7,70,1,78,67,53,89,3,212,52,0,52,264
06/18/2016,PWM,ME,ANE,EN,Combined TRACON& Tower with Radar,50,41,13,1,105,0,2,46,0,48,50,43,59,1,153,0,0,0,153
06/19/2016,PWM,ME,ANE,EN,Combined TRACON& Tower with Radar,55,49,16,1,121,0,6,53,0,59,55,55,69,1,180,0,0,0,180
06/20/2016,PWM,ME,ANE,EN,Combined TRACON& Tower with Radar,62,33,17,0,112,0,1,42,0,43,62,34,59,0,155,26,0,26,181
06/21/2016,PWM,ME,ANE,EN,Combined TRACON& Tower with Radar,51,37,10,2,100,0,1,25,8,34,51,38,35,10,134,8,0,8,142
06/22/2016,PWM,ME,ANE,EN,Combined TRACON& Tower with Radar,59,44,21,4,128,0,2,42,0,44,59,46,63,4,172,4,0,4,176
06/23/2016,PWM,ME,ANE,EN,Combined TRACON& Tower with Radar,48,52,29,0,129,0,0,49,0,49,48,52,78,0,178,40,0,40,218
06/24/2016,PWM,ME,ANE,EN,Combined TRACON& Tower with Radar,62,38,18,4,122,0,5,30,0,35,62,43,48,4,157,30,0,30,187
06/25/2016,PWM,ME,ANE,EN,Combined TRACON& Tower with Radar,58,34,11,0,103,0,2,24,0,26,58,36,35,0,129,0,0,0,129
06/26/2016,PWM,ME,ANE,EN,Combined TRACON& Tower with Radar,52,50,22,1,125,0,0,49,1,50,52,50,71,2,175,0,0,0,175
06/27/2016,PWM,ME,ANE,EN,Combined TRACON& Tower with Radar,60,37,22,3,122,0,1,29,0,30,60,38,51,3,152,0,0,0,152
06/28/2016,PWM,ME,ANE,EN,Combined TRACON& Tower with Radar,53,38,25,0,116,0,0,7,2,9,53,38,32,2,125,0,0,0,125
06/29/2016,PWM,ME,ANE,EN,Combined TRACON& Tower with Radar,59,48,34,0,141,0,0,1,0,1,59,48,35,0,142,0,0,0,142
06/30/2016,PWM,ME,ANE,EN,Combined TRACON& Tower with Radar,58,45,39,0,142,0,3,91,1,95,58,48,130,1,237,44,0,44,281
07/01/2016,PWM,ME,ANE,EN,Combined TRACON& Tower with Radar,57,49,32,0,138,0,3,65,0,68,57,52,97,0,206,44,0,44,250
07/02/2016,PWM,ME,ANE,EN,Combined TRACON& Tower with Radar,56,32,14,0,102,0,4,43,0,47,56,36,57,0,149,22,0,22,171
07/03/2016,PWM,ME,ANE,EN,Combined TRACON& Tower with Radar,42,42,11,0,95,0,2,37,0,39,42,44,48,0,134,20,0,20,154
07/04/2016,PWM,ME,ANE,EN,Combined TRACON& Tower with Radar,53,23,19,0,95,0,3,45,0,48,53,26,64,0,143,0,0,0,143
07/05/2016,PWM,ME,ANE,EN,Combined TRACON& Tower with Radar,63,45,21,0,129,0,3,32,0,35,63,48,53,0,164,8,0,8,172
07/06/2016,PWM,ME,ANE,EN,Combined TRACON& Tower with Radar,62,52,24,0,138,0,0,46,0,46,62,52,70,0,184,0,0,0,184
07/07/2016,PWM,ME,ANE,EN,Combined TRACON& Tower with Radar,61,47,27,0,135,0,0,4,0,4,61,47,31,0,139,0,0,0,139
07/08/2016,PWM,ME,ANE,EN,Combined TRACON& Tower with Radar,59,45,30,0,134,0,0,10,0,10,59,45,40,0,144,38,0,38,182
07/09/2016,PWM,ME,ANE,EN,Combined TRACON& Tower with Radar,56,45,10,0,111,0,0,0,0,0,56,45,10,0,111,0,0,0,111
07/10/2016,PWM,ME,ANE,EN,Combined TRACON& Tower with Radar,58,50,28,0,136,0,0,0,0,0,58,50,28,0,136,0,0,0,136
07/11/2016,PWM,ME,ANE,EN,Combined TRACON& Tower with Radar,64,52,34,0,150,0,3,53,0,56,64,55,87,0,206,8,0,8,214
07/12/2016,PWM,ME,ANE,EN,Combined TRACON& Tower with Radar,62,45,26,0,133,0,2,65,0,67,62,47,91,0,200,0,0,0,200
07/13/2016,PWM,ME,ANE,EN,Combined TRACON& Tower with Radar,56,36,23,4,119,0,0,52,0,52,56,36,75,4,171,24,0,24,195
07/14/2016,PWM,ME,ANE,EN,Combined TRACON& Tower with Radar,62,36,41,0,139,0,1,18,0,19,62,37,59,0,158,0,0,0,158
07/15/2016,PWM,ME,ANE,EN,Combined TRACON& Tower with Radar,63,68,29,2,162,0,4,47,1,52,63,72,76,3,214,4,0,4,218
07/16/2016,PWM,ME,ANE,EN,Combined TRACON& Tower with Radar,55,46,26,0,127,0,3,47,0,50,55,49,73,0,177,0,0,0,177
07/17/2016,PWM,ME,ANE,EN,Combined TRACON& Tower with Radar,59,59,43,0,161,0,0,39,0,39,59,59,82,0,200,12,0,12,212
07/18/2016,PWM,ME,ANE,EN,Combined TRACON& Tower with Radar,61,56,29,0,146,0,4,25,0,29,61,60,54,0,175,0,0,0,175
07/19/2016,PWM,ME,ANE,EN,Combined TRACON& Tower with Radar,61,39,32,0,132,0,2,41,2,45,61,41,73,2,177,0,0,0,177
07/20/2016,PWM,ME,ANE,EN,Combined TRACON& Tower with Radar,63,50,26,0,139,0,3,60,0,63,63,53,86,0,202,8,0,8,210
07/21/2016,PWM,ME,ANE,EN,Combined TRACON& Tower with Radar,59,79,26,0,164,0,3,61,6,70,59,82,87,6,234,29,0,29,263
07/22/2016,PWM,ME,ANE,EN,Combined TRACON& Tower with Radar,64,95,41,0,200,0,7,57,3,67,64,102,98,3,267,0,0,0,267
07/23/2016,PWM,ME,ANE,EN,Combined TRACON& Tower with Radar,63,84,27,0,174,0,6,40,1,47,63,90,67,1,221,0,0,0,221
07/24/2016,PWM,ME,ANE,EN,Combined TRACON& Tower with Radar,60,66,38,2,166,0,3,54,0,57,60,69,92,2,223,0,0,0,223
07/25/2016,PWM,ME,ANE,EN,Combined TRACON& Tower with Radar,57,40,30,0,127,0,3,50,0,53,57,43,80,0,180,74,0,74,254
07/26/2016,PWM,ME,ANE,EN,Combined TRACON& Tower with Radar,61,43,17,4,125,0,2,38,1,41,61,45,55,5,166,7,0,7,173
07/27/2016,PWM,ME,ANE,EN,Combined TRACON& Tower with Radar,62,45,29,1,137,0,5,54,0,59,62,50,83,1,196,40,0,40,236
07/28/2016,PWM,ME,ANE,EN,Combined TRACON& Tower with Radar,54,56,47,5,162,0,6,41,0,47,54,62,88,5,209,20,0,20,229
07/29/2016,PWM,ME,ANE,EN,Combined TRACON& Tower with Radar,60,48,35,2,145,0,5,43,0,48,60,53,78,2,193,5,2,7,200
07/30/2016,PWM,ME,ANE,EN,Combined TRACON& Tower with Radar,59,32,20,0,111,0,2,60,5,67,59,34,80,5,178,8,0,8,186
07/31/2016,PWM,ME,ANE,EN,Combined TRACON& Tower with Radar,54,53,32,0,139,0,2,33,0,35,54,55,65,0,174,0,0,0,174
08/01/2016,PWM,ME,ANE,EN,Combined TRACON& Tower with Radar,60,39,28,0,127,0,3,16,2,21,60,42,44,2,148,0,0,0,148
08/02/2016,PWM,ME,ANE,EN,Combined TRACON& Tower with Radar,62,44,24,0,130,0,0,60,0,60,62,44,84,0,190,11,0,11,201
08/03/2016,PWM,ME,ANE,EN,Combined TRACON& Tower with Radar,62,45,16,2,125,0,5,45,2,52,62,50,61,4,177,10,0,10,187
08/04/2016,PWM,ME,ANE,EN,Combined TRACON& Tower with Radar,58,50,31,0,139,0,4,52,2,58,58,54,83,2,197,0,0,0,197
08/05/2016,PWM,ME,ANE,EN,Combined TRACON& Tower with Radar,64,49,25,0,138,0,1,43,2,46,64,50,68,2,184,0,0,0,184
08/06/2016,PWM,ME,ANE,EN,Combined TRACON& Tower with Radar,62,38,21,0,121,0,2,50,0,52,62,40,71,0,173,0,0,0,173
08/07/2016,PWM,ME,ANE,EN,Combined TRACON& Tower with Radar,58,57,30,0,145,0,3,60,0,63,58,60,90,0,208,0,0,0,208
08/08/2016,PWM,ME,ANE,EN,Combined TRACON& Tower with Radar,62,41,22,2,127,0,2,49,0,51,62,43,71,2,178,14,0,14,192
08/09/2016,PWM,ME,ANE,EN,Combined TRACON& Tower with Radar,63,45,19,0,127,0,6,44,0,50,63,51,63,0,177,23,0,23,200
08/10/2016,PWM,ME,ANE,EN,Combined TRACON& Tower with Radar,60,52,27,2,141,0,0,12,0,12,60,52,39,2,153,0,0,0,153
08/11/2016,PWM,ME,ANE,EN,Combined TRACON& Tower with Radar,59,46,35,4,144,0,1,61,0,62,59,47,96,4,206,26,0,26,232
08/12/2016,PWM,ME,ANE,EN,Combined TRACON& Tower with Radar,66,62,31,1,160,0,3,20,1,24,66,65,51,2,184,0,0,0,184
08/13/2016,PWM,ME,ANE,EN,Combined TRACON& Tower with Radar,62,44,17,0,123,0,0,2,0,2,62,44,19,0,125,0,0,0,125
08/14/2016,PWM,ME,ANE,EN,Combined TRACON& Tower with Radar,54,53,27,0,134,0,0,18,0,18,54,53,45,0,152,10,0,10,162
08/15/2016,PWM,ME,ANE,EN,Combined TRACON& Tower with Radar,61,45,45,0,151,0,3,42,0,45,61,48,87,0,196,12,0,12,208
08/16/2016,PWM,ME,ANE,EN,Combined TRACON& Tower with Radar,55,51,38,0,144,0,0,19,0,19,55,51,57,0,163,0,0,0,163
08/17/2016,PWM,ME,ANE,EN,Combined TRACON& Tower with Radar,55,62,12,0,129,0,3,33,0,36,55,65,45,0,165,0,0,0,165
08/18/2016,PWM,ME,ANE,EN,Combined TRACON& Tower with Radar,56,60,23,0,139,0,0,52,0,52,56,60,75,0,191,0,0,0,191
08/19/2016,PWM,ME,ANE,EN,Combined TRACON& Tower with Radar,59,62,28,0,149,0,3,61,2,66,59,65,89,2,215,6,0,6,221
08/20/2016,PWM,ME,ANE,EN,Combined TRACON& Tower with Radar,56,46,15,0,117,0,1,40,1,42,56,47,55,1,159,0,0,0,159
08/21/2016,PWM,ME,ANE,EN,Combined TRACON& Tower with Radar,47,45,24,0,116,0,0,41,1,42,47,45,65,1,158,4,0,4,162
08/22/2016,PWM,ME,ANE,EN,Combined TRACON& Tower with Radar,60,54,33,2,149,0,5,15,0,20,60,59,48,2,169,0,0,0,169
08/23/2016,PWM,ME,ANE,EN,Combined TRACON& Tower with Radar,58,49,21,0,128,0,4,36,1,41,58,53,57,1,169,14,0,14,183
08/24/2016,PWM,ME,ANE,EN,Combined TRACON& Tower with Radar,61,67,20,0,148,0,3,58,0,61,61,70,78,0,209,0,0,0,209
08/25/2016,PWM,ME,ANE,EN,Combined TRACON& Tower with Radar,58,54,22,2,136,0,6,34,0,40,58,60,56,2,176,0,0,0,176
08/26/2016,PWM,ME,ANE,EN,Combined TRACON& Tower with Radar,63,57,20,0,140,0,0,31,2,33,63,57,51,2,173,8,0,8,181
08/27/2016,PWM,ME,ANE,EN,Combined TRACON& Tower with Radar,49,46,11,0,106,0,1,53,2,56,49,47,64,2,162,64,0,64,226
08/28/2016,PWM,ME,ANE,EN,Combined TRACON& Tower with Radar,52,53,24,0,129,0,7,30,3,40,52,60,54,3,169,10,0,10,179
08/29/2016,PWM,ME,ANE,EN,Combined TRACON& Tower with Radar,62,52,16,1,131,0,2,38,1,41,62,54,54,2,172,0,0,0,172
08/30/2016,PWM,ME,ANE,EN,Combined TRACON& Tower with Radar,57,46,24,0,127,0,0,19,0,19,57,46,43,0,146,36,0,36,182
08/31/2016,PWM,ME,ANE,EN,Combined TRACON& Tower with Radar,55,46,17,8,126,0,0,30,0,30,55,46,47,8,156,0,0,0,156
09/01/2016,PWM,ME,ANE,EN,Combined TRACON& Tower with Radar,57,55,33,4,149,0,2,26,10,38,57,57,59,14,187,34,0,34,221
09/02/2016,PWM,ME,ANE,EN,Combined TRACON& Tower with Radar,59,55,19,0,133,0,3,57,0,60,59,58,76,0,193,14,0,14,207
09/03/2016,PWM,ME,ANE,EN,Combined TRACON& Tower with Radar,48,41,25,0,114,0,3,43,0,46,48,44,68,0,160,14,0,14,174
09/04/2016,PWM,ME,ANE,EN,Combined TRACON& Tower with Radar,43,34,7,1,85,0,2,46,1,49,43,36,53,2,134,18,0,18,152
09/05/2016,PWM,ME,ANE,EN,Combined TRACON& Tower with Radar,52,45,22,0,119,0,0,43,0,43,52,45,65,0,162,6,0,6,168
09/06/2016,PWM,ME,ANE,EN,Combined TRACON& Tower with Radar,55,49,22,10,136,0,1,0,0,1,55,50,22,10,137,0,0,0,137
09/07/2016,PWM,ME,ANE,EN,Combined TRACON& Tower with Radar,51,49,29,0,129,0,0,1,0,1,51,49,30,0,130,0,0,0,130
09/08/2016,PWM,ME,ANE,EN,Combined TRACON& Tower with Radar,53,47,25,0,125,0,2,7,0,9,53,49,32,0,134,0,0,0,134
09/09/2016,PWM,ME,ANE,EN,Combined TRACON& Tower with Radar,64,54,19,0,137,0,1,33,0,34,64,55,52,0,171,10,0,10,181
09/10/2016,PWM,ME,ANE,EN,Combined TRACON& Tower with Radar,52,55,18,0,125,0,2,38,0,40,52,57,56,0,165,12,0,12,177
09/11/2016,PWM,ME,ANE,EN,Combined TRACON& Tower with Radar,50,51,13,0,114,0,0,8,0,8,50,51,21,0,122,0,0,0,122
09/12/2016,PWM,ME,ANE,EN,Combined TRACON& Tower with Radar,62,44,12,0,118,0,0,26,2,28,62,44,38,2,146,0,0,0,146
09/13/2016,PWM,ME,ANE,EN,Combined TRACON& Tower with Radar,56,42,21,1,120,0,3,40,0,43,56,45,61,1,163,16,0,16,179
09/14/2016,PWM,ME,ANE,EN,Combined TRACON& Tower with Radar,61,47,20,1,129,0,1,20,0,21,61,48,40,1,150,0,0,0,150
09/15/2016,PWM,ME,ANE,EN,Combined TRACON& Tower with Radar,65,42,20,0,127,0,2,37,1,40,65,44,57,1,167,0,0,0,167
09/16/2016,PWM,ME,ANE,EN,Combined TRACON& Tower with Radar,66,42,21,1,130,0,1,49,4,54,66,43,70,5,184,6,0,6,190
09/17/2016,PWM,ME,ANE,EN,Combined TRACON& Tower with Radar,59,32,14,2,107,0,0,42,2,44,59,32,56,4,151,10,0,10,161
09/18/2016,PWM,ME,ANE,EN,Combined TRACON& Tower with Radar,53,40,25,1,119,0,1,2,0,3,53,41,27,1,122,0,0,0,122
09/19/2016,PWM,ME,ANE,EN,Combined TRACON& Tower with Radar,63,40,13,0,116,0,0,1,0,1,63,40,14,0,117,0,0,0,117
09/20/2016,PWM,ME,ANE,EN,Combined TRACON& Tower with Radar,60,47,23,0,130,0,1,24,0,25,60,48,47,0,155,0,0,0,155
09/21/2016,PWM,ME,ANE,EN,Combined TRACON& Tower with Radar,57,47,19,2,125,0,0,53,0,53,57,47,72,2,178,0,0,0,178
09/22/2016,PWM,ME,ANE,EN,Combined TRACON& Tower with Radar,63,52,26,0,141,0,5,48,4,57,63,57,74,4,198,8,0,8,206
09/23/2016,PWM,ME,ANE,EN,Combined TRACON& Tower with Radar,65,55,25,2,147,0,0,23,0,23,65,55,48,2,170,14,0,14,184
09/24/2016,PWM,ME,ANE,EN,Combined TRACON& Tower with Radar,57,38,10,0,105,0,4,30,0,34,57,42,40,0,139,0,0,0,139
09/25/2016,PWM,ME,ANE,EN,Combined TRACON& Tower with Radar,52,42,22,0,116,0,2,47,1,50,52,44,69,1,166,0,0,0,166
09/26/2016,PWM,ME,ANE,EN,Combined TRACON& Tower with Radar,64,37,22,3,126,0,1,36,2,39,64,38,58,5,165,14,0,14,179
09/27/2016,PWM,ME,ANE,EN,Combined TRACON& Tower with Radar,60,44,31,2,137,0,2,10,0,12,60,46,41,2,149,2,0,2,151
09/28/2016,PWM,ME,ANE,EN,Combined TRACON& Tower with Radar,57,46,19,0,122,0,0,6,0,6,57,46,25,0,128,0,0,0,128
09/29/2016,PWM,ME,ANE,EN,Combined TRACON& Tower with Radar,62,40,19,0,121,0,1,40,2,43,62,41,59,2,164,7,0,7,171
09/30/2016,PWM,ME,ANE,EN,Combined TRACON& Tower with Radar,63,49,37,5,154,0,3,34,0,37,63,52,71,5,191,0,0,0,191
10/01/2016,PWM,ME,ANE,EN,Combined TRACON& Tower with Radar,57,36,14,0,107,0,0,3,0,3,57,36,17,0,110,0,0,0,110
10/02/2016,PWM,ME,ANE,EN,Combined TRACON& Tower with Radar,57,42,13,2,114,0,0,2,0,2,57,42,15,2,116,0,0,0,116
10/03/2016,PWM,ME,ANE,EN,Combined TRACON& Tower with Radar,64,41,24,0,129,0,2,13,3,18,64,43,37,3,147,0,0,0,147
10/04/2016,PWM,ME,ANE,EN,Combined TRACON& Tower with Radar,61,41,26,0,128,0,1,42,0,43,61,42,68,0,171,0,0,0,171
10/05/2016,PWM,ME,ANE,EN,Combined TRACON& Tower with Radar,62,40,16,2,120,0,3,36,0,39,62,43,52,2,159,50,0,50,209
10/06/2016,PWM,ME,ANE,EN,Combined TRACON& Tower with Radar,60,46,18,0,124,0,2,45,0,47,60,48,63,0,171,0,0,0,171
10/07/2016,PWM,ME,ANE,EN,Combined TRACON& Tower with Radar,57,55,26,0,138,0,2,52,0,54,57,57,78,0,192,18,0,18,210
10/08/2016,PWM,ME,ANE,EN,Combined TRACON& Tower with Radar,58,30,16,0,104,0,0,32,0,32,58,30,48,0,136,8,0,8,144
10/09/2016,PWM,ME,ANE,EN,Combined TRACON& Tower with Radar,59,38,15,0,112,0,0,2,0,2,59,38,17,0,114,0,0,0,114
10/10/2016,PWM,ME,ANE,EN,Combined TRACON& Tower with Radar,55,48,17,0,120,0,0,24,1,25,55,48,41,1,145,0,0,0,145
10/11/2016,PWM,ME,ANE,EN,Combined TRACON& Tower with Radar,54,46,15,0,115,0,6,51,4,61,54,52,66,4,176,12,12,24,200
10/12/2016,PWM,ME,ANE,EN,Combined TRACON& Tower with Radar,55,51,17,0,123,0,1,46,0,47,55,52,63,0,170,52,0,52,222
10/13/2016,PWM,ME,ANE,EN,Combined TRACON& Tower with Radar,56,46,28,0,130,0,2,10,0,12,56,48,38,0,142,0,0,0,142
10/14/2016,PWM,ME,ANE,EN,Combined TRACON& Tower with Radar,60,41,15,0,116,0,1,50,0,51,60,42,65,0,167,52,0,52,219
10/15/2016,PWM,ME,ANE,EN,Combined TRACON& Tower with Radar,59,23,12,2,96,0,0,99,0,99,59,23,111,2,195,32,0,32,227
10/16/2016,PWM,ME,ANE,EN,Combined TRACON& Tower with Radar,59,31,16,0,106,0,1,42,0,43,59,32,58,0,149,12,0,12,161
10/17/2016,PWM,ME,ANE,EN,Combined TRACON& Tower with Radar,58,43,27,4,132,0,3,42,0,45,58,46,69,4,177,6,0,6,183
10/18/2016,PWM,ME,ANE,EN,Combined TRACON& Tower with Radar,59,44,27,0,130,0,0,2,0,2,59,44,29,0,132,0,0,0,132
10/19/2016,PWM,ME,ANE,EN,Combined TRACON& Tower with Radar,54,47,19,2,122,0,1,27,0,28,54,48,46,2,150,0,0,0,150
10/20/2016,PWM,ME,ANE,EN,Combined TRACON& Tower with Radar,55,45,19,0,119,0,2,41,1,44,55,47,60,1,163,10,0,10,173
10/21/2016,PWM,ME,ANE,EN,Combined TRACON& Tower with Radar,54,42,16,0,112,0,0,0,0,0,54,42,16,0,112,0,0,0,112
10/22/2016,PWM,ME,ANE,EN,Combined TRACON& Tower with Radar,55,29,8,0,92,0,0,0,0,0,55,29,8,0,92,0,0,0,92
10/23/2016,PWM,ME,ANE,EN,Combined TRACON& Tower with Radar,56,39,14,0,109,0,1,7,2,10,56,40,21,2,119,0,0,0,119
10/24/2016,PWM,ME,ANE,EN,Combined TRACON& Tower with Radar,56,37,11,0,104,0,9,28,0,37,56,46,39,0,141,0,0,0,141
10/25/2016,PWM,ME,ANE,EN,Combined TRACON& Tower with Radar,51,41,22,0,114,0,1,17,2,20,51,42,39,2,134,0,0,0,134
10/26/2016,PWM,ME,ANE,EN,Combined TRACON& Tower with Radar,49,44,15,0,108,0,0,20,0,20,49,44,35,0,128,4,0,4,132
10/27/2016,PWM,ME,ANE,EN,Combined TRACON& Tower with Radar,52,44,12,0,108,0,2,12,0,14,52,46,24,0,122,0,0,0,122
10/28/2016,PWM,ME,ANE,EN,Combined TRACON& Tower with Radar,59,45,23,0,127,0,0,0,0,0,59,45,23,0,127,0,0,0,127
10/29/2016,PWM,ME,ANE,EN,Combined TRACON& Tower with Radar,55,24,8,0,87,0,0,5,0,5,55,24,13,0,92,0,0,0,92
10/30/2016,PWM,ME,ANE,EN,Combined TRACON& Tower with Radar,44,25,9,0,78,0,0,22,0,22,44,25,31,0,100,14,0,14,114
10/31/2016,PWM,ME,ANE,EN,Combined TRACON& Tower with Radar,51,24,14,8,97,0,2,13,0,15,51,26,27,8,112,0,0,0,112
11/01/2016,PWM,ME,ANE,EN,Combined TRACON& Tower with Radar,57,34,8,2,101,0,5,27,1,33,57,39,35,3,134,0,0,0,134
11/02/2016,PWM,ME,ANE,EN,Combined TRACON& Tower with Radar,58,32,26,0,116,0,3,23,0,26,58,35,49,0,142,6,0,6,148
11/03/2016,PWM,ME,ANE,EN,Combined TRACON& Tower with Radar,57,39,19,0,115,0,0,2,0,2,57,39,21,0,117,0,0,0,117
11/04/2016,PWM,ME,ANE,EN,Combined TRACON& Tower with Radar,56,38,10,0,104,0,6,19,0,25,56,44,29,0,129,0,0,0,129
11/05/2016,PWM,ME,ANE,EN,Combined TRACON& Tower with Radar,52,27,11,0,90,0,2,42,0,44,52,29,53,0,134,0,0,0,134
11/06/2016,PWM,ME,ANE,EN,Combined TRACON& Tower with Radar,46,31,10,0,87,0,0,24,2,26,46,31,34,2,113,6,0,6,119
11/07/2016,PWM,ME,ANE,EN,Combined TRACON& Tower with Radar,52,29,13,0,94,0,1,38,0,39,52,30,51,0,133,20,0,20,153
11/08/2016,PWM,ME,ANE,EN,Combined TRACON& Tower with Radar,50,29,17,0,96,0,2,46,3,51,50,31,63,3,147,24,0,24,171
11/09/2016,PWM,ME,ANE,EN,Combined TRACON& Tower with Radar,53,36,17,0,106,0,0,13,0,13,53,36,30,0,119,0,0,0,119
11/10/2016,PWM,ME,ANE,EN,Combined TRACON& Tower with Radar,50,39,17,0,106,0,1,28,0,29,50,40,45,0,135,18,0,18,153
11/11/2016,PWM,ME,ANE,EN,Combined TRACON& Tower with Radar,53,35,5,0,93,0,0,18,0,18,53,35,23,0,111,0,0,0,111
11/12/2016,PWM,ME,ANE,EN,Combined TRACON& Tower with Radar,43,24,2,0,69,0,0,56,0,56,43,24,58,0,125,26,0,26,151
11/13/2016,PWM,ME,ANE,EN,Combined TRACON& Tower with Radar,48,26,12,0,86,0,0,34,1,35,48,26,46,1,121,36,0,36,157
11/14/2016,PWM,ME,ANE,EN,Combined TRACON& Tower with Radar,51,30,15,0,96,0,1,23,2,26,51,31,38,2,122,0,0,0,122
11/15/2016,PWM,ME,ANE,EN,Combined TRACON& Tower with Radar,47,32,26,0,105,0,1,8,0,9,47,33,34,0,114,24,0,24,138
11/16/2016,PWM,ME,ANE,EN,Combined TRACON& Tower with Radar,55,37,15,2,109,0,0,0,0,0,55,37,15,2,109,0,0,0,109
11/17/2016,PWM,ME,ANE,EN,Combined TRACON& Tower with Radar,53,48,36,0,137,0,3,35,0,38,53,51,71,0,175,25,0,25,200
11/18/2016,PWM,ME,ANE,EN,Combined TRACON& Tower with Radar,56,36,11,0,103,0,2,34,0,36,56,38,45,0,139,0,0,0,139
11/19/2016,PWM,ME,ANE,EN,Combined TRACON& Tower with Radar,47,26,10,0,83,0,0,54,0,54,47,26,64,0,137,56,0,56,193
11/20/2016,PWM,ME,ANE,EN,Combined TRACON& Tower with Radar,43,24,14,1,82,0,0,1,0,1,43,24,15,1,83,0,0,0,83
11/21/2016,PWM,ME,ANE,EN,Combined TRACON& Tower with Radar,45,35,12,1,93,0,0,28,0,28,45,35,40,1,121,0,0,0,121
11/22/2016,PWM,ME,ANE,EN,Combined TRACON& Tower with Radar,41,40,21,0,102,0,3,19,0,22,41,43,40,0,124,0,0,0,124
11/23/2016,PWM,ME,ANE,EN,Combined TRACON& Tower with Radar,58,35,10,0,103,0,2,26,0,28,58,37,36,0,131,0,0,0,131
11/24/2016,PWM,ME,ANE,EN,Combined TRACON& Tower with Radar,25,9,3,0,37,0,1,15,0,16,25,10,18,0,53,0,0,0,53
11/25/2016,PWM,ME,ANE,EN,Combined TRACON& Tower with Radar,46,17,6,0,69,0,0,0,0,0,46,17,6,0,69,0,0,0,69
11/26/2016,PWM,ME,ANE,EN,Combined TRACON& Tower with Radar,44,36,11,0,91,0,0,7,0,7,44,36,18,0,98,0,0,0,98
11/27/2016,PWM,ME,ANE,EN,Combined TRACON& Tower with Radar,42,41,18,0,101,0,2,25,0,27,42,43,43,0,128,10,0,10,138
11/28/2016,PWM,ME,ANE,EN,Combined TRACON& Tower with Radar,51,37,23,0,111,0,4,33,0,37,51,41,56,0,148,8,0,8,156
11/29/2016,PWM,ME,ANE,EN,Combined TRACON& Tower with Radar,59,47,14,0,120,0,0,1,0,1,59,47,15,0,121,0,0,0,121
11/30/2016,PWM,ME,ANE,EN,Combined TRACON& Tower with Radar,41,36,17,0,94,0,0,2,0,2,41,36,19,0,96,0,0,0,96
12/01/2016,PWM,ME,ANE,EN,Combined TRACON& Tower with Radar,42,49,10,2,103,0,0,10,2,12,42,49,20,4,115,0,0,0,115
12/02/2016,PWM,ME,ANE,EN,Combined TRACON& Tower with Radar,46,39,15,0,100,0,0,31,2,33,46,39,46,2,133,10,0,10,143
12/03/2016,PWM,ME,ANE,EN,Combined TRACON& Tower with Radar,31,26,5,0,62,0,2,20,0,22,31,28,25,0,84,10,0,10,94
12/04/2016,PWM,ME,ANE,EN,Combined TRACON& Tower with Radar,37,22,8,0,67,0,4,20,0,24,37,26,28,0,91,2,0,2,93
12/05/2016,PWM,ME,ANE,EN,Combined TRACON& Tower with Radar,45,31,10,0,86,0,0,3,0,3,45,31,13,0,89,6,0,6,95
12/06/2016,PWM,ME,ANE,EN,Combined TRACON& Tower with Radar,40,41,14,1,96,0,1,29,1,31,40,42,43,2,127,0,0,0,127
12/07/2016,PWM,ME,ANE,EN,Combined TRACON& Tower with Radar,42,40,12,0,94,0,0,1,0,1,42,40,13,0,95,0,0,0,95
12/08/2016,PWM,ME,ANE,EN,Combined TRACON& Tower with Radar,46,44,13,1,104,0,2,23,0,25,46,46,36,1,129,20,0,20,149
12/09/2016,PWM,ME,ANE,EN,Combined TRACON& Tower with Radar,45,34,10,0,89,0,1,15,0,16,45,35,25,0,105,0,0,0,105
12/10/2016,PWM,ME,ANE,EN,Combined TRACON& Tower with Radar,35,27,5,0,67,0,2,29,0,31,35,29,34,0,98,0,0,0,98
12/11/2016,PWM,ME,ANE,EN,Combined TRACON& Tower with Radar,37,25,16,4,82,0,1,41,2,44,37,26,57,6,126,0,0,0,126
12/12/2016,PWM,ME,ANE,EN,Combined TRACON& Tower with Radar,44,39,8,0,91,0,0,0,0,0,44,39,8,0,91,0,0,0,91
12/13/2016,PWM,ME,ANE,EN,Combined TRACON& Tower with Radar,40,55,13,2,110,0,3,8,8,19,40,58,21,10,129,0,0,0,129
12/14/2016,PWM,ME,ANE,EN,Combined TRACON& Tower with Radar,42,52,22,2,118,0,1,34,0,35,42,53,56,2,153,0,0,0,153
12/15/2016,PWM,ME,ANE,EN,Combined TRACON& Tower with Radar,41,53,25,0,119,0,1,0,0,1,41,54,25,0,120,0,0,0,120
12/16/2016,PWM,ME,ANE,EN,Combined TRACON& Tower with Radar,38,44,14,0,96,0,1,6,0,7,38,45,20,0,103,0,0,0,103
12/17/2016,PWM,ME,ANE,EN,Combined TRACON& Tower with Radar,24,20,3,0,47,0,0,0,0,0,24,20,3,0,47,0,0,0,47
12/18/2016,PWM,ME,ANE,EN,Combined TRACON& Tower with Radar,33,19,13,0,65,0,0,0,0,0,33,19,13,0,65,0,0,0,65
12/19/2016,PWM,ME,ANE,EN,Combined TRACON& Tower with Radar,37,37,8,0,82,0,1,26,0,27,37,38,34,0,109,16,0,16,125
12/20/2016,PWM,ME,ANE,EN,Combined TRACON& Tower with Radar,42,52,15,0,109,0,2,13,0,15,42,54,28,0,124,14,0,14,138
12/21/2016,PWM,ME,ANE,EN,Combined TRACON& Tower with Radar,40,48,15,0,103,0,2,32,0,34,40,50,47,0,137,26,0,26,163
12/22/2016,PWM,ME,ANE,EN,Combined TRACON& Tower with Radar,46,54,10,0,110,0,0,0,0,0,46,54,10,0,110,0,0,0,110
12/23/2016,PWM,ME,ANE,EN,Combined TRACON& Tower with Radar,49,45,13,0,107,0,3,25,0,28,49,48,38,0,135,16,0,16,151
12/24/2016,PWM,ME,ANE,EN,Combined TRACON& Tower with Radar,40,25,7,0,72,0,0,3,0,3,40,25,10,0,75,0,0,0,75
12/25/2016,PWM,ME,ANE,EN,Combined TRACON& Tower with Radar,34,17,2,0,53,0,2,7,0,9,34,19,9,0,62,0,0,0,62
12/26/2016,PWM,ME,ANE,EN,Combined TRACON& Tower with Radar,46,26,14,0,86,0,1,12,0,13,46,27,26,0,99,18,0,18,117
12/27/2016,PWM,ME,ANE,EN,Combined TRACON& Tower with Radar,49,37,14,0,100,0,1,5,0,6,49,38,19,0,106,0,0,0,106
12/28/2016,PWM,ME,ANE,EN,Combined TRACON& Tower with Radar,51,36,6,0,93,0,6,30,1,37,51,42,36,1,130,30,0,30,160
12/29/2016,PWM,ME,ANE,EN,Combined TRACON& Tower with Radar,40,27,0,0,67,0,0,0,0,0,40,27,0,0,67,0,0,0,67
12/30/2016,PWM,ME,ANE,EN,Combined TRACON& Tower with Radar,48,45,7,0,100,0,0,9,0,9,48,45,16,0,109,0,0,0,109
12/31/2016,PWM,ME,ANE,EN,Combined TRACON& Tower with Radar,37,34,4,0,75,0,2,16,0,18,37,36,20,0,93,12,0,12,105
01/01/2017,PWM,ME,ANE,EN,Combined TRACON& Tower with Radar,40,29,0,0,69,0,3,11,0,14,40,32,11,0,83,0,0,0,83
01/02/2017,PWM,ME,ANE,EN,Combined TRACON& Tower with Radar,44,32,8,0,84,0,1,37,0,38,44,33,45,0,122,78,0,78,200
01/03/2017,PWM,ME,ANE,EN,Combined TRACON& Tower with Radar,43,31,8,0,82,0,0,2,0,2,43,31,10,0,84,0,0,0,84
01/04/2017,PWM,ME,ANE,EN,Combined TRACON& Tower with Radar,32,38,6,0,76,0,1,9,0,10,32,39,15,0,86,21,0,21,107
01/05/2017,PWM,ME,ANE,EN,Combined TRACON& Tower with Radar,39,32,22,1,94,0,5,16,0,21,39,37,38,1,115,0,0,0,115
01/06/2017,PWM,ME,ANE,EN,Combined TRACON& Tower with Radar,40,30,4,2,76,0,1,17,0,18,40,31,21,2,94,8,0,8,102
01/07/2017,PWM,ME,ANE,EN,Combined TRACON& Tower with Radar,32,18,1,1,52,0,0,15,0,15,32,18,16,1,67,0,0,0,67
01/08/2017,PWM,ME,ANE,EN,Combined TRACON& Tower with Radar,35,21,9,0,65,0,1,9,0,10,35,22,18,0,75,0,0,0,75
01/09/2017,PWM,ME,ANE,EN,Combined TRACON& Tower with Radar,36,29,19,1,85,0,4,14,1,19,36,33,33,2,104,0,0,0,104
01/10/2017,PWM,ME,ANE,EN,Combined TRACON& Tower with Radar,34,38,12,0,84,0,0,6,0,6,34,38,18,0,90,0,0,0,90
01/11/2017,PWM,ME,ANE,EN,Combined TRACON& Tower with Radar,33,38,13,1,85,0,2,7,0,9,33,40,20,1,94,0,0,0,94
01/12/2017,PWM,ME,ANE,EN,Combined TRACON& Tower with Radar,40,35,20,1,96,0,0,0,1,1,40,35,20,2,97,12,0,12,109
01/13/2017,PWM,ME,ANE,EN,Combined TRACON& Tower with Radar,36,36,13,0,85,0,2,22,1,25,36,38,35,1,110,0,0,0,110
01/14/2017,PWM,ME,ANE,EN,Combined TRACON& Tower with Radar,26,28,4,1,59,0,1,29,1,31,26,29,33,2,90,18,0,18,108
01/15/2017,PWM,ME,ANE,EN,Combined TRACON& Tower with Radar,32,25,5,0,62,0,4,16,0,20,32,29,21,0,82,0,0,0,82
01/16/2017,PWM,ME,ANE,EN,Combined TRACON& Tower with Radar,37,31,16,0,84,0,0,38,0,38,37,31,54,0,122,0,0,0,122
01/17/2017,PWM,ME,ANE,EN,Combined TRACON& Tower with Radar,36,35,10,0,81,0,5,19,0,24,36,40,29,0,105,0,0,0,105
01/18/2017,PWM,ME,ANE,EN,Combined TRACON& Tower with Radar,37,31,9,0,77,0,0,0,0,0,37,31,9,0,77,0,0,0,77
01/19/2017,PWM,ME,ANE,EN,Combined TRACON& Tower with Radar,38,35,11,0,84,0,0,7,0,7,38,35,18,0,91,2,0,2,93
01/20/2017,PWM,ME,ANE,EN,Combined TRACON& Tower with Radar,39,37,34,0,110,0,6,44,0,50,39,43,78,0,160,10,0,10,170
01/21/2017,PWM,ME,ANE,EN,Combined TRACON& Tower with Radar,32,20,8,1,61,0,1,21,1,23,32,21,29,2,84,10,0,10,94
01/22/2017,PWM,ME,ANE,EN,Combined TRACON& Tower with Radar,35,21,8,0,64,0,0,2,0,2,35,21,10,0,66,0,0,0,66
01/23/2017,PWM,ME,ANE,EN,Combined TRACON& Tower with Radar,35,21,14,0,70,0,2,4,0,6,35,23,18,0,76,0,0,0,76
01/24/2017,PWM,ME,ANE,EN,Combined TRACON& Tower with Radar,29,24,7,0,60,0,0,0,0,0,29,24,7,0,60,0,0,0,60
01/25/2017,PWM,ME,ANE,EN,Combined TRACON& Tower with Radar,36,39,13,0,88,0,0,11,0,11,36,39,24,0,99,10,0,10,109
01/26/2017,PWM,ME,ANE,EN,Combined TRACON& Tower with Radar,37,34,15,0,86,0,1,8,1,10,37,35,23,1,96,4,0,4,100
01/27/2017,PWM,ME,ANE,EN,Combined TRACON& Tower with Radar,36,37,9,0,82,0,0,7,0,7,36,37,16,0,89,0,0,0,89
01/28/2017,PWM,ME,ANE,EN,Combined TRACON& Tower with Radar,34,24,10,0,68,0,5,16,0,21,34,29,26,0,89,13,0,13,102
01/29/2017,PWM,ME,ANE,EN,Combined TRACON& Tower with Radar,35,25,19,0,79,0,2,28,0,30,35,27,47,0,109,0,0,0,109
01/30/2017,PWM,ME,ANE,EN,Combined TRACON& Tower with Radar,34,30,12,0,76,0,0,21,0,21,34,30,33,0,97,0,0,0,97
01/31/2017,PWM,ME,ANE,EN,Combined TRACON& Tower with Radar,34,38,10,0,82,0,1,35,0,36,34,39,45,0,118,20,0,20,138
02/01/2017,PWM,ME,ANE,EN,Combined TRACON& Tower with Radar,34,40,1,0,75,0,1,3,0,4,34,41,4,0,79,12,0,12,91
02/02/2017,PWM,ME,ANE,EN,Combined TRACON& Tower with Radar,38,45,21,0,104,0,0,24,0,24,38,45,45,0,128,0,0,0,128
02/03/2017,PWM,ME,ANE,EN,Combined TRACON& Tower with Radar,38,36,12,0,86,0,0,12,0,12,38,36,24,0,98,0,0,0,98
02/04/2017,PWM,ME,ANE,EN,Combined TRACON& Tower with Radar,31,24,8,0,63,0,1,18,0,19,31,25,26,0,82,0,0,0,82
02/05/2017,PWM,ME,ANE,EN,Combined TRACON& Tower with Radar,34,23,5,0,62,0,0,7,0,7,34,23,12,0,69,0,0,0,69
02/06/2017,PWM,ME,ANE,EN,Combined TRACON& Tower with Radar,37,31,16,0,84,0,4,14,0,18,37,35,30,0,102,0,0,0,102
02/07/2017,PWM,ME,ANE,EN,Combined TRACON& Tower with Radar,37,33,5,0,75,0,0,0,0,0,37,33,5,0,75,0,0,0,75
02/08/2017,PWM,ME,ANE,EN,Combined TRACON& Tower with Radar,35,39,18,1,93,0,4,10,1,15,35,43,28,2,108,0,0,0,108
02/09/2017,PWM,ME,ANE,EN,Combined TRACON& Tower with Radar,12,13,6,0,31,0,0,0,0,0,12,13,6,0,31,0,0,0,31
02/10/2017,PWM,ME,ANE,EN,Combined TRACON& Tower with Radar,40,29,15,0,84,0,2,6,0,8,40,31,21,0,92,0,0,0,92
02/11/2017,PWM,ME,ANE,EN,Combined TRACON& Tower with Radar,33,28,3,0,64,0,0,0,0,0,33,28,3,0,64,0,0,0,64
02/12/2017,PWM,ME,ANE,EN,Combined TRACON& Tower with Radar,18,16,5,0,39,0,0,0,0,0,18,16,5,0,39,0,0,0,39
02/13/2017,PWM,ME,ANE,EN,Combined TRACON& Tower with Radar,3,1,2,0,6,0,0,0,0,0,3,1,2,0,6,0,0,0,6
02/14/2017,PWM,ME,ANE,EN,Combined TRACON& Tower with Radar,31,37,15,0,83,0,4,15,0,19,31,41,30,0,102,0,0,0,102
02/15/2017,PWM,ME,ANE,EN,Combined TRACON& Tower with Radar,32,38,16,0,86,0,0,0,0,0,32,38,16,0,86,0,0,0,86
02/16/2017,PWM,ME,ANE,EN,Combined TRACON& Tower with Radar,38,44,14,0,96,0,0,3,0,3,38,44,17,0,99,0,0,0,99
02/17/2017,PWM,ME,ANE,EN,Combined TRACON& Tower with Radar,38,49,14,0,101,0,1,25,1,27,38,50,39,1,128,0,0,0,128
02/18/2017,PWM,ME,ANE,EN,Combined TRACON& Tower with Radar,31,31,12,0,74,0,0,42,0,42,31,31,54,0,116,0,0,0,116
02/19/2017,PWM,ME,ANE,EN,Combined TRACON& Tower with Radar,36,24,7,0,67,0,1,16,0,17,36,25,23,0,84,0,0,0,84
02/20/2017,PWM,ME,ANE,EN,Combined TRACON& Tower with Radar,23,22,13,0,58,0,1,9,0,10,23,23,22,0,68,0,0,0,68
02/21/2017,PWM,ME,ANE,EN,Combined TRACON& Tower with Radar,25,31,8,1,65,0,1,12,0,13,25,32,20,1,78,10,0,10,88
02/22/2017,PWM,ME,ANE,EN,Combined TRACON& Tower with Radar,24,40,14,0,78,0,0,10,0,10,24,40,24,0,88,30,0,30,118
02/23/2017,PWM,ME,ANE,EN,Combined TRACON& Tower with Radar,27,35,20,5,87,0,0,25,0,25,27,35,45,5,112,16,6,22,134
02/24/2017,PWM,ME,ANE,EN,Combined TRACON& Tower with Radar,34,36,9,0,79,0,0,3,0,3,34,36,12,0,82,0,0,0,82
02/25/2017,PWM,ME,ANE,EN,Combined TRACON& Tower with Radar,35,29,17,0,81,0,0,0,0,0,35,29,17,0,81,0,0,0,81
02/26/2017,PWM,ME,ANE,EN,Combined TRACON& Tower with Radar,36,30,10,0,76,0,1,17,0,18,36,31,27,0,94,8,0,8,102
02/27/2017,PWM,ME,ANE,EN,Combined TRACON& Tower with Radar,34,39,11,0,84,0,2,22,1,25,34,41,33,1,109,0,0,0,109
02/28/2017,PWM,ME,ANE,EN,Combined TRACON& Tower with Radar,34,48,16,0,98,0,1,16,0,17,34,49,32,0,115,22,0,22,137
03/01/2017,PWM,ME,ANE,EN,Combined TRACON& Tower with Radar,29,28,12,0,69,0,0,0,0,0,29,28,12,0,69,0,0,0,69
03/02/2017,PWM,ME,ANE,EN,Combined TRACON& Tower with Radar,37,36,15,0,88,0,1,5,0,6,37,37,20,0,94,0,0,0,94
03/03/2017,PWM,ME,ANE,EN,Combined TRACON& Tower with Radar,41,37,14,3,95,0,2,15,0,17,41,39,29,3,112,0,0,0,112
03/04/2017,PWM,ME,ANE,EN,Combined TRACON& Tower with Radar,37,24,4,0,65,0,0,2,0,2,37,24,6,0,67,0,0,0,67
03/05/2017,PWM,ME,ANE,EN,Combined TRACON& Tower with Radar,42,26,3,2,73,0,1,1,1,3,42,27,4,3,76,0,0,0,76
03/06/2017,PWM,ME,ANE,EN,Combined TRACON& Tower with Radar,38,33,13,1,85,0,1,32,0,33,38,34,45,1,118,10,0,10,128
03/07/2017,PWM,ME,ANE,EN,Combined TRACON& Tower with Radar,39,42,7,0,88,0,0,0,0,0,39,42,7,0,88,0,0,0,88
03/08/2017,PWM,ME,ANE,EN,Combined TRACON& Tower with Radar,41,36,12,0,89,0,1,6,3,10,41,37,18,3,99,0,0,0,99
03/09/2017,PWM,ME,ANE,EN,Combined TRACON& Tower with Radar,41,35,20,0,96,0,1,4,0,5,41,36,24,0,101,8,0,8,109
03/10/2017,PWM,ME,ANE,EN,Combined TRACON& Tower with Radar,35,29,16,0,80,0,0,9,0,9,35,29,25,0,89,0,0,0,89
03/11/2017,PWM,ME,ANE,EN,Combined TRACON& Tower with Radar,41,25,6,0,72,0,1,4,0,5,41,26,10,0,77,0,0,0,77
03/12/2017,PWM,ME,ANE,EN,Combined TRACON& Tower with Radar,42,22,7,0,71,0,3,13,0,16,42,25,20,0,87,0,0,0,87
03/13/2017,PWM,ME,ANE,EN,Combined TRACON& Tower with Radar,35,31,23,2,91,0,1,45,0,46,35,32,68,2,137,0,0,0,137
03/14/2017,PWM,ME,ANE,EN,Combined TRACON& Tower with Radar,4,7,1,0,12,0,0,0,0,0,4,7,1,0,12,0,0,0,12
03/15/2017,PWM,ME,ANE,EN,Combined TRACON& Tower with Radar,30,34,10,0,74,0,0,6,0,6,30,34,16,0,80,0,0,0,80
03/16/2017,PWM,ME,ANE,EN,Combined TRACON& Tower with Radar,41,41,16,0,98,0,2,15,0,17,41,43,31,0,115,0,0,0,115
03/17/2017,PWM,ME,ANE,EN,Combined TRACON& Tower with Radar,40,46,12,3,101,0,0,24,0,24,40,46,36,3,125,0,0,0,125
03/18/2017,PWM,ME,ANE,EN,Combined TRACON& Tower with Radar,41,18,5,0,64,0,2,50,0,52,41,20,55,0,116,5,0,5,121
03/19/2017,PWM,ME,ANE,EN,Combined TRACON& Tower with Radar,37,31,6,0,74,0,0,12,0,12,37,31,18,0,86,4,0,4,90
03/20/2017,PWM,ME,ANE,EN,Combined TRACON& Tower with Radar,36,43,9,0,88,0,1,34,0,35,36,44,43,0,123,18,0,18,141
03/21/2017,PWM,ME,ANE,EN,Combined TRACON& Tower with Radar,38,41,16,0,95,0,6,32,0,38,38,47,48,0,133,43,0,43,176
03/22/2017,PWM,ME,ANE,EN,Combined TRACON& Tower with Radar,39,44,14,0,97,0,0,3,4,7,39,44,17,4,104,0,0,0,104
03/23/2017,PWM,ME,ANE,EN,Combined TRACON& Tower with Radar,41,40,18,0,99,0,1,29,0,30,41,41,47,0,129,27,0,27,156
03/24/2017,PWM,ME,ANE,EN,Combined TRACON& Tower with Radar,40,41,12,0,93,0,0,2,0,2,40,41,14,0,95,0,0,0,95
03/25/2017,PWM,ME,ANE,EN,Combined TRACON& Tower with Radar,41,24,5,0,70,0,5,11,0,16,41,29,16,0,86,14,0,14,100
03/26/2017,PWM,ME,ANE,EN,Combined TRACON& Tower with Radar,38,28,8,0,74,0,3,29,0,32,38,31,37,0,106,0,0,0,106
03/27/2017,PWM,ME,ANE,EN,Combined TRACON& Tower with Radar,37,30,14,0,81,0,0,0,0,0,37,30,14,0,81,0,0,0,81
03/28/2017,PWM,ME,ANE,EN,Combined TRACON& Tower with Radar,40,44,14,0,98,0,0,0,0,0,40,44,14,0,98,0,0,0,98
03/29/2017,PWM,ME,ANE,EN,Combined TRACON& Tower with Radar,43,38,13,0,94,0,2,27,0,29,43,40,40,0,123,8,0,8,131
03/30/2017,PWM,ME,ANE,EN,Combined TRACON& Tower with Radar,40,42,22,1,105,0,3,44,0,47,40,45,66,1,152,0,0,0,152
03/31/2017,PWM,ME,ANE,EN,Combined TRACON& Tower with Radar,37,40,8,2,87,0,0,14,0,14,37,40,22,2,101,18,0,18,119
04/01/2017,PWM,ME,ANE,EN,Combined TRACON& Tower with Radar,37,22,5,0,64,0,0,0,0,0,37,22,5,0,64,0,0,0,64
04/02/2017,PWM,ME,ANE,EN,Combined TRACON& Tower with Radar,43,29,12,0,84,0,0,19,0,19,43,29,31,0,103,0,0,0,103
04/03/2017,PWM,ME,ANE,EN,Combined TRACON& Tower with Radar,35,42,8,0,85,0,1,32,0,33,35,43,40,0,118,49,0,49,167
04/04/2017,PWM,ME,ANE,EN,Combined TRACON& Tower with Radar,37,48,7,0,92,0,0,0,0,0,37,48,7,0,92,0,0,0,92
04/05/2017,PWM,ME,ANE,EN,Combined TRACON& Tower with Radar,40,51,17,0,108,0,0,0,0,0,40,51,17,0,108,0,0,0,108
04/06/2017,PWM,ME,ANE,EN,Combined TRACON& Tower with Radar,30,39,9,0,78,0,0,0,0,0,30,39,9,0,78,0,0,0,78
04/07/2017,PWM,ME,ANE,EN,Combined TRACON& Tower with Radar,32,48,19,0,99,0,0,10,0,10,32,48,29,0,109,6,0,6,115
04/08/2017,PWM,ME,ANE,EN,Combined TRACON& Tower with Radar,33,40,7,0,80,0,0,12,0,12,33,40,19,0,92,2,0,2,94
04/09/2017,PWM,ME,ANE,EN,Combined TRACON& Tower with Radar,39,34,12,0,85,0,4,69,0,73,39,38,81,0,158,9,0,9,167
04/10/2017,PWM,ME,ANE,EN,Combined TRACON& Tower with Radar,44,39,13,0,96,0,7,38,0,45,44,46,51,0,141,10,0,10,151
04/11/2017,PWM,ME,ANE,EN,Combined TRACON& Tower with Radar,43,43,11,0,97,0,3,39,0,42,43,46,50,0,139,28,0,28,167
04/12/2017,PWM,ME,ANE,EN,Combined TRACON& Tower with Radar,45,49,14,6,114,0,4,6,0,10,45,53,20,6,124,0,0,0,124
04/13/2017,PWM,ME,ANE,EN,Combined TRACON& Tower with Radar,43,48,25,0,116,0,1,38,4,43,43,49,63,4,159,0,0,0,159
04/14/2017,PWM,ME,ANE,EN,Combined TRACON& Tower with Radar,47,41,8,0,96,0,3,68,0,71,47,44,76,0,167,12,0,12,179
04/15/2017,PWM,ME,ANE,EN,Combined TRACON& Tower with Radar,43,36,10,0,89,0,1,36,0,37,43,37,46,0,126,0,0,0,126
04/16/2017,PWM,ME,ANE,EN,Combined TRACON& Tower with Radar,38,27,7,0,72,0,3,14,0,17,38,30,21,0,89,26,0,26,115
04/17/2017,PWM,ME,ANE,EN,Combined TRACON& Tower with Radar,43,44,11,0,98,0,1,23,0,24,43,45,34,0,122,0,0,0,122
04/18/2017,PWM,ME,ANE,EN,Combined TRACON& Tower with Radar,42,51,14,0,107,0,1,47,0,48,42,52,61,0,155,0,0,0,155
04/19/2017,PWM,ME,ANE,EN,Combined TRACON& Tower with Radar,43,53,18,0,114,0,0,10,0,10,43,53,28,0,124,0,0,0,124
04/20/2017,PWM,ME,ANE,EN,Combined TRACON& Tower with Radar,40,51,32,0,123,0,0,7,0,7,40,51,39,0,130,22,0,22,152
04/21/2017,PWM,ME,ANE,EN,Combined TRACON& Tower with Radar,45,43,11,0,99,0,0,0,0,0,45,43,11,0,99,0,0,0,99
04/22/2017,PWM,ME,ANE,EN,Combined TRACON& Tower with Radar,47,31,13,0,91,0,0,0,0,0,47,31,13,0,91,0,0,0,91
04/23/2017,PWM,ME,ANE,EN,Combined TRACON& Tower with Radar,42,30,10,1,83,0,1,61,3,65,42,31,71,4,148,52,1,53,201
04/24/2017,PWM,ME,ANE,EN,Combined TRACON& Tower with Radar,46,38,12,0,96,0,2,49,0,51,46,40,61,0,147,36,0,36,183
04/25/2017,PWM,ME,ANE,EN,Combined TRACON& Tower with Radar,42,44,4,0,90,0,0,2,0,2,42,44,6,0,92,0,0,0,92
04/26/2017,PWM,ME,ANE,EN,Combined TRACON& Tower with Radar,44,47,12,0,103,0,0,0,0,0,44,47,12,0,103,0,0,0,103
04/27/2017,PWM,ME,ANE,EN,Combined TRACON& Tower with Radar,45,45,12,9,111,0,0,0,0,0,45,45,12,9,111,0,0,0,111
04/28/2017,PWM,ME,ANE,EN,Combined TRACON& Tower with Radar,46,45,21,3,115,0,1,14,0,15,46,46,35,3,130,15,0,15,145
04/29/2017,PWM,ME,ANE,EN,Combined TRACON& Tower with Radar,40,32,2,0,74,0,6,26,1,33,40,38,28,1,107,0,0,0,107
04/30/2017,PWM,ME,ANE,EN,Combined TRACON& Tower with Radar,39,33,18,0,90,0,2,37,0,39,39,35,55,0,129,20,0,20,149
05/01/2017,PWM,ME,ANE,EN,Combined TRACON& Tower with Radar,43,41,22,0,106,0,0,1,0,1,43,41,23,0,107,0,0,0,107
05/02/2017,PWM,ME,ANE,EN,Combined TRACON& Tower with Radar,43,49,15,0,107,0,2,2,0,4,43,51,17,0,111,0,0,0,111
05/03/2017,PWM,ME,ANE,EN,Combined TRACON& Tower with Radar,44,50,26,0,120,0,3,15,2,20,44,53,41,2,140,0,0,0,140
05/04/2017,PWM,ME,ANE,EN,Combined TRACON& Tower with Radar,47,50,16,0,113,0,5,65,2,72,47,55,81,2,185,34,0,34,219
05/05/2017,PWM,ME,ANE,EN,Combined TRACON& Tower with Radar,43,39,15,2,99,0,0,4,0,4,43,39,19,2,103,6,0,6,109
05/06/2017,PWM,ME,ANE,EN,Combined TRACON& Tower with Radar,41,39,13,0,93,0,0,0,0,0,41,39,13,0,93,0,0,0,93
05/07/2017,PWM,ME,ANE,EN,Combined TRACON& Tower with Radar,42,43,12,0,97,0,0,10,0,10,42,43,22,0,107,13,0,13,120
05/08/2017,PWM,ME,ANE,EN,Combined TRACON& Tower with Radar,44,44,14,0,102,0,0,12,0,12,44,44,26,0,114,14,0,14,128
05/09/2017,PWM,ME,ANE,EN,Combined TRACON& Tower with Radar,52,45,22,2,121,0,2,20,0,22,52,47,42,2,143,29,0,29,172
05/10/2017,PWM,ME,ANE,EN,Combined TRACON& Tower with Radar,52,50,25,0,127,0,0,28,0,28,52,50,53,0,155,31,0,31,186
05/11/2017,PWM,ME,ANE,EN,Combined TRACON& Tower with Radar,49,55,17,0,121,0,3,5,0,8,49,58,22,0,129,0,0,0,129
05/12/2017,PWM,ME,ANE,EN,Combined TRACON& Tower with Radar,48,55,28,0,131,0,0,21,0,21,48,55,49,0,152,34,0,34,186
05/13/2017,PWM,ME,ANE,EN,Combined TRACON& Tower with Radar,43,35,23,0,101,0,1,33,0,34,43,36,56,0,135,14,0,14,149
05/14/2017,PWM,ME,ANE,EN,Combined TRACON& Tower with Radar,44,37,15,0,96,0,0,0,0,0,44,37,15,0,96,0,0,0,96
05/15/2017,PWM,ME,ANE,EN,Combined TRACON& Tower with Radar,45,39,24,0,108,0,0,3,0,3,45,39,27,0,111,0,0,0,111
05/16/2017,PWM,ME,ANE,EN,Combined TRACON& Tower with Radar,47,55,18,0,120,0,1,38,0,39,47,56,56,0,159,44,0,44,203
05/17/2017,PWM,ME,ANE,EN,Combined TRACON& Tower with Radar,41,50,15,0,106,0,1,42,0,43,41,51,57,0,149,14,0,14,163
05/18/2017,PWM,ME,ANE,EN,Combined TRACON& Tower with Radar,47,49,17,0,113,0,2,42,2,46,47,51,59,2,159,38,0,38,197
05/19/2017,PWM,ME,ANE,EN,Combined TRACON& Tower with Radar,44,48,17,2,111,0,1,26,2,29,44,49,43,4,140,0,0,0,140
05/20/2017,PWM,ME,ANE,EN,Combined TRACON& Tower with Radar,42,35,8,0,85,0,5,43,0,48,42,40,51,0,133,0,0,0,133
05/21/2017,PWM,ME,ANE,EN,Combined TRACON& Tower with Radar,42,41,13,0,96,0,3,39,0,42,42,44,52,0,138,0,0,0,138
05/22/2017,PWM,ME,ANE,EN,Combined TRACON& Tower with Radar,42,41,25,0,108,0,1,7,0,8,42,42,32,0,116,0,0,0,116
05/23/2017,PWM,ME,ANE,EN,Combined TRACON& Tower with Radar,48,52,23,2,125,0,2,22,0,24,48,54,45,2,149,0,0,0,149
05/24/2017,PWM,ME,ANE,EN,Combined TRACON& Tower with Radar,46,50,19,2,117,0,1,33,2,36,46,51,52,4,153,0,0,0,153
05/25/2017,PWM,ME,ANE,EN,Combined TRACON& Tower with Radar,42,43,36,0,121,0,0,15,0,15,42,43,51,0,136,0,0,0,136
05/26/2017,PWM,ME,ANE,EN,Combined TRACON& Tower with Radar,47,55,24,0,126,0,0,1,1,2,47,55,25,1,128,0,0,0,128
05/27/2017,PWM,ME,ANE,EN,Combined TRACON& Tower with Radar,40,34,8,0,82,0,1,35,0,36,40,35,43,0,118,0,0,0,118
05/28/2017,PWM,ME,ANE,EN,Combined TRACON& Tower with Radar,36,36,8,0,80,0,1,22,0,23,36,37,30,0,103,10,0,10,113
05/29/2017,PWM,ME,ANE,EN,Combined TRACON& Tower with Radar,43,44,20,0,107,0,0,1,0,1,43,44,21,0,108,0,0,0,108
05/30/2017,PWM,ME,ANE,EN,Combined TRACON& Tower with Radar,42,39,22,0,103,0,0,2,0,2,42,39,24,0,105,0,0,0,105
05/31/2017,PWM,ME,ANE,EN,Combined TRACON& Tower with Radar,46,45,20,0,111,0,0,8,0,8,46,45,28,0,119,0,0,0,119
06/01/2017,PWM,ME,ANE,EN,Combined TRACON& Tower with Radar,48,45,14,0,107,0,1,39,0,40,48,46,53,0,147,42,0,42,189
06/02/2017,PWM,ME,ANE,EN,Combined TRACON& Tower with Radar,46,41,16,0,103,0,5,43,2,50,46,46,59,2,153,0,0,0,153
06/03/2017,PWM,ME,ANE,EN,Combined TRACON& Tower with Radar,42,30,20,0,92,0,0,21,1,22,42,30,41,1,114,30,0,30,144
06/04/2017,PWM,ME,ANE,EN,Combined TRACON& Tower with Radar,43,37,23,0,103,0,0,25,0,25,43,37,48,0,128,0,0,0,128
06/05/2017,PWM,ME,ANE,EN,Combined TRACON& Tower with Radar,45,40,12,0,97,0,0,0,0,0,45,40,12,0,97,0,0,0,97
06/06/2017,PWM,ME,ANE,EN,Combined TRACON& Tower with Radar,51,42,21,4,118,0,2,1,0,3,51,44,22,4,121,0,0,0,121
06/07/2017,PWM,ME,ANE,EN,Combined TRACON& Tower with Radar,48,46,22,0,116,0,2,31,0,33,48,48,53,0,149,8,0,8,157
06/08/2017,PWM,ME,ANE,EN,Combined TRACON& Tower with Radar,58,46,22,9,135,0,1,40,7,48,58,47,62,16,183,0,0,0,183
06/09/2017,PWM,ME,ANE,EN,Combined TRACON& Tower with Radar,58,54,20,0,132,0,2,26,0,28,58,56,46,0,160,6,0,6,166
06/10/2017,PWM,ME,ANE,EN,Combined TRACON& Tower with Radar,52,33,12,0,97,0,4,48,0,52,52,37,60,0,149,8,0,8,157
06/11/2017,PWM,ME,ANE,EN,Combined TRACON& Tower with Radar,53,44,20,0,117,0,2,33,0,35,53,46,53,0,152,2,0,2,154
06/12/2017,PWM,ME,ANE,EN,Combined TRACON& Tower with Radar,64,36,13,1,114,0,2,32,1,35,64,38,45,2,149,0,0,0,149
06/13/2017,PWM,ME,ANE,EN,Combined TRACON& Tower with Radar,60,38,25,1,124,0,0,22,2,24,60,38,47,3,148,0,0,0,148
06/14/2017,PWM,ME,ANE,EN,Combined TRACON& Tower with Radar,62,33,27,0,122,0,0,43,0,43,62,33,70,0,165,2,4,6,171
06/15/2017,PWM,ME,ANE,EN,Combined TRACON& Tower with Radar,59,49,19,12,139,0,3,48,5,56,59,52,67,17,195,0,4,4,199
06/16/2017,PWM,ME,ANE,EN,Combined TRACON& Tower with Radar,65,44,25,0,134,0,0,14,0,14,65,44,39,0,148,0,0,0,148
06/17/2017,PWM,ME,ANE,EN,Combined TRACON& Tower with Radar,56,41,14,0,111,0,0,0,0,0,56,41,14,0,111,0,0,0,111
06/18/2017,PWM,ME,ANE,EN,Combined TRACON& Tower with Radar,59,43,21,1,124,0,0,8,0,8,59,43,29,1,132,0,0,0,132
06/19/2017,PWM,ME,ANE,EN,Combined TRACON& Tower with Radar,53,24,16,0,93,0,1,7,0,8,53,25,23,0,101,0,0,0,101
06/20/2017,PWM,ME,ANE,EN,Combined TRACON& Tower with Radar,59,44,25,3,131,0,0,14,0,14,59,44,39,3,145,14,0,14,159
06/21/2017,PWM,ME,ANE,EN,Combined TRACON& Tower with Radar,63,35,23,1,122,0,4,30,2,36,63,39,53,3,158,0,0,0,158
06/22/2017,PWM,ME,ANE,EN,Combined TRACON& Tower with Radar,66,61,27,0,154,0,4,45,0,49,66,65,72,0,203,12,0,12,215
06/23/2017,PWM,ME,ANE,EN,Combined TRACON& Tower with Radar,62,43,18,0,123,0,0,30,0,30,62,43,48,0,153,18,0,18,171
06/24/2017,PWM,ME,ANE,EN,Combined TRACON& Tower with Radar,62,41,14,0,117,0,2,27,0,29,62,43,41,0,146,0,0,0,146
06/25/2017,PWM,ME,ANE,EN,Combined TRACON& Tower with Radar,63,40,17,0,120,0,3,49,0,52,63,43,66,0,172,14,0,14,186
06/26/2017,PWM,ME,ANE,EN,Combined TRACON& Tower with Radar,65,39,16,0,120,0,0,33,0,33,65,39,49,0,153,24,0,24,177
06/27/2017,PWM,ME,ANE,EN,Combined TRACON& Tower with Radar,63,46,20,0,129,0,2,17,2,21,63,48,37,2,150,0,0,0,150
06/28/2017,PWM,ME,ANE,EN,Combined TRACON& Tower with Radar,67,53,41,0,161,0,1,37,0,38,67,54,78,0,199,10,0,10,209
06/29/2017,PWM,ME,ANE,EN,Combined TRACON& Tower with Radar,65,43,30,0,138,0,2,42,0,44,65,45,72,0,182,0,0,0,182
06/30/2017,PWM,ME,ANE,EN,Combined TRACON& Tower with Radar,66,49,41,1,157,0,1,36,0,37,66,50,77,1,194,6,0,6,200
07/01/2017,PWM,ME,ANE,EN,Combined TRACON& Tower with Radar,58,32,25,1,116,0,1,7,0,8,58,33,32,1,124,3,15,18,142
07/02/2017,PWM,ME,ANE,EN,Combined TRACON& Tower with Radar,54,29,20,0,103,0,0,38,0,38,54,29,58,0,141,0,0,0,141
07/03/2017,PWM,ME,ANE,EN,Combined TRACON& Tower with Radar,49,27,15,4,95,0,0,61,0,61,49,27,76,4,156,0,0,0,156
07/04/2017,PWM,ME,ANE,EN,Combined TRACON& Tower with Radar,49,31,13,0,93,0,1,40,0,41,49,32,53,0,134,0,0,0,134
07/05/2017,PWM,ME,ANE,EN,Combined TRACON& Tower with Radar,70,43,18,10,141,0,1,44,6,51,70,44,62,16,192,0,8,8,200
07/06/2017,PWM,ME,ANE,EN,Combined TRACON& Tower with Radar,68,43,20,0,131,0,2,44,0,46,68,45,64,0,177,32,0,32,209
07/07/2017,PWM,ME,ANE,EN,Combined TRACON& Tower with Radar,68,35,15,0,118,0,0,13,1,14,68,35,28,1,132,0,0,0,132
07/08/2017,PWM,ME,ANE,EN,Combined TRACON& Tower with Radar,54,42,16,0,112,0,3,26,0,29,54,45,42,0,141,0,0,0,141
07/09/2017,PWM,ME,ANE,EN,Combined TRACON& Tower with Radar,67,42,24,1,134,0,10,72,0,82,67,52,96,1,216,6,0,6,222
07/10/2017,PWM,ME,ANE,EN,Combined TRACON& Tower with Radar,63,36,24,1,124,0,7,48,0,55,63,43,72,1,179,22,0,22,201
07/11/2017,PWM,ME,ANE,EN,Combined TRACON& Tower with Radar,64,43,25,0,132,0,1,16,0,17,64,44,41,0,149,16,0,16,165
07/12/2017,PWM,ME,ANE,EN,Combined TRACON& Tower with Radar,64,46,22,0,132,0,2,23,3,28,64,48,45,3,160,0,0,0,160
07/13/2017,PWM,ME,ANE,EN,Combined TRACON& Tower with Radar,61,36,36,8,141,0,0,9,0,9,61,36,45,8,150,24,0,24,174
07/14/2017,PWM,ME,ANE,EN,Combined TRACON& Tower with Radar,67,43,34,9,153,0,2,28,0,30,67,45,62,9,183,48,0,48,231
07/15/2017,PWM,ME,ANE,EN,Combined TRACON& Tower with Radar,63,38,26,0,127,0,0,20,1,21,63,38,46,1,148,5,0,5,153
07/16/2017,PWM,ME,ANE,EN,Combined TRACON& Tower with Radar,69,48,18,0,135,0,0,51,0,51,69,48,69,0,186,0,0,0,186
07/17/2017,PWM,ME,ANE,EN,Combined TRACON& Tower with Radar,63,51,30,0,144,0,0,17,0,17,63,51,47,0,161,0,0,0,161
07/18/2017,PWM,ME,ANE,EN,Combined TRACON& Tower with Radar,65,45,33,4,147,0,0,7,0,7,65,45,40,4,154,0,0,0,154
07/19/2017,PWM,ME,ANE,EN,Combined TRACON& Tower with Radar,70,47,38,1,156,0,0,61,2,63,70,47,99,3,219,0,0,0,219
07/20/2017,PWM,ME,ANE,EN,Combined TRACON& Tower with Radar,70,81,39,0,190,0,3,61,0,64,70,84,100,0,254,18,0,18,272
07/21/2017,PWM,ME,ANE,EN,Combined TRACON& Tower with Radar,71,85,25,2,183,0,5,70,0,75,71,90,95,2,258,0,0,0,258
07/22/2017,PWM,ME,ANE,EN,Combined TRACON& Tower with Radar,58,84,36,6,184,0,7,43,2,52,58,91,79,8,236,18,0,18,254
07/23/2017,PWM,ME,ANE,EN,Combined TRACON& Tower with Radar,63,52,45,9,169,0,0,45,0,45,63,52,90,9,214,0,0,0,214
07/24/2017,PWM,ME,ANE,EN,Combined TRACON& Tower with Radar,60,44,26,0,130,0,1,3,0,4,60,45,29,0,134,0,0,0,134
07/25/2017,PWM,ME,ANE,EN,Combined TRACON& Tower with Radar,70,44,38,6,158,0,1,35,0,36,70,45,73,6,194,12,0,12,206
07/26/2017,PWM,ME,ANE,EN,Combined TRACON& Tower with Radar,73,43,34,0,150,0,2,72,0,74,73,45,106,0,224,10,0,10,234
07/27/2017,PWM,ME,ANE,EN,Combined TRACON& Tower with Radar,73,50,31,0,154,0,0,25,0,25,73,50,56,0,179,0,0,0,179
07/28/2017,PWM,ME,ANE,EN,Combined TRACON& Tower with Radar,63,40,38,2,143,0,2,74,0,76,63,42,112,2,219,30,0,30,249
07/29/2017,PWM,ME,ANE,EN,Combined TRACON& Tower with Radar,69,31,25,0,125,0,4,79,2,85,69,35,104,2,210,0,0,0,210
07/30/2017,PWM,ME,ANE,EN,Combined TRACON& Tower with Radar,75,47,40,2,164,0,3,106,0,109,75,50,146,2,273,8,0,8,281
07/31/2017,PWM,ME,ANE,EN,Combined TRACON& Tower with Radar,67,39,15,0,121,0,5,65,0,70,67,44,80,0,191,65,0,65,256
08/01/2017,PWM,ME,ANE,EN,Combined TRACON& Tower with Radar,66,43,32,0,141,0,3,58,4,65,66,46,90,4,206,18,0,18,224
08/02/2017,PWM,ME,ANE,EN,Combined TRACON& Tower with Radar,61,45,22,0,128,0,1,53,0,54,61,46,75,0,182,0,0,0,182
08/03/2017,PWM,ME,ANE,EN,Combined TRACON& Tower with Radar,58,44,32,0,134,0,3,44,2,49,58,47,76,2,183,0,0,0,183
08/04/2017,PWM,ME,ANE,EN,Combined TRACON& Tower with Radar,51,46,43,3,143,0,4,19,0,23,51,50,62,3,166,30,0,30,196
08/05/2017,PWM,ME,ANE,EN,Combined TRACON& Tower with Radar,61,49,11,0,121,0,0,2,0,2,61,49,13,0,123,0,0,0,123
08/06/2017,PWM,ME,ANE,EN,Combined TRACON& Tower with Radar,72,41,39,0,152,0,8,81,0,89,72,49,120,0,241,10,0,10,251
08/07/2017,PWM,ME,ANE,EN,Combined TRACON& Tower with Radar,63,40,21,0,124,0,5,33,0,38,63,45,54,0,162,6,0,6,168
08/08/2017,PWM,ME,ANE,EN,Combined TRACON& Tower with Radar,67,48,27,0,142,0,4,26,0,30,67,52,53,0,172,26,0,26,198
08/09/2017,PWM,ME,ANE,EN,Combined TRACON& Tower with Radar,70,40,31,2,143,0,1,77,4,82,70,41,108,6,225,14,0,14,239
08/10/2017,PWM,ME,ANE,EN,Combined TRACON& Tower with Radar,73,45,35,1,154,0,4,71,4,79,73,49,106,5,233,0,0,0,233
08/11/2017,PWM,ME,ANE,EN,Combined TRACON& Tower with Radar,71,69,27,1,168,0,2,60,0,62,71,71,87,1,230,36,0,36,266
08/12/2017,PWM,ME,ANE,EN,Combined TRACON& Tower with Radar,57,51,31,1,140,0,1,12,0,13,57,52,43,1,153,5,0,5,158
08/13/2017,PWM,ME,ANE,EN,Combined TRACON& Tower with Radar,72,57,25,1,155,0,5,55,0,60,72,62,80,1,215,0,0,0,215
08/14/2017,PWM,ME,ANE,EN,Combined TRACON& Tower with Radar,68,46,35,0,149,0,2,68,0,70,68,48,103,0,219,24,0,24,243
08/15/2017,PWM,ME,ANE,EN,Combined TRACON& Tower with Radar,67,55,21,12,155,0,2,26,0,28,67,57,47,12,183,4,6,10,193
08/16/2017,PWM,ME,ANE,EN,Combined TRACON& Tower with Radar,71,52,24,0,147,0,3,49,0,52,71,55,73,0,199,0,0,0,199
08/17/2017,PWM,ME,ANE,EN,Combined TRACON& Tower with Radar,69,48,22,0,139,0,4,55,0,59,69,52,77,0,198,34,0,34,232
08/18/2017,PWM,ME,ANE,EN,Combined TRACON& Tower with Radar,58,46,24,4,132,0,0,6,0,6,58,46,30,4,138,0,0,0,138
08/19/2017,PWM,ME,ANE,EN,Combined TRACON& Tower with Radar,63,36,16,0,115,0,2,11,0,13,63,38,27,0,128,0,0,0,128
08/20/2017,PWM,ME,ANE,EN,Combined TRACON& Tower with Radar,67,55,21,2,145,0,1,60,0,61,67,56,81,2,206,0,0,0,206
08/21/2017,PWM,ME,ANE,EN,Combined TRACON& Tower with Radar,68,45,23,0,136,0,2,49,0,51,68,47,72,0,187,16,0,16,203
08/22/2017,PWM,ME,ANE,EN,Combined TRACON& Tower with Radar,64,50,17,6,137,0,1,57,8,66,64,51,74,14,203,9,0,9,212
08/23/2017,PWM,ME,ANE,EN,Combined TRACON& Tower with Radar,68,53,23,0,144,0,0,37,0,37,68,53,60,0,181,0,0,0,181
08/24/2017,PWM,ME,ANE,EN,Combined TRACON& Tower with Radar,71,49,20,2,142,0,8,68,0,76,71,57,88,2,218,0,0,0,218
08/25/2017,PWM,ME,ANE,EN,Combined TRACON& Tower with Radar,70,48,31,5,154,0,3,71,0,74,70,51,102,5,228,0,0,0,228
08/26/2017,PWM,ME,ANE,EN,Combined TRACON& Tower with Radar,66,42,16,0,124,0,0,61,0,61,66,42,77,0,185,0,0,0,185
08/27/2017,PWM,ME,ANE,EN,Combined TRACON& Tower with Radar,66,43,25,0,134,0,3,54,0,57,66,46,79,0,191,10,0,10,201
08/28/2017,PWM,ME,ANE,EN,Combined TRACON& Tower with Radar,56,40,29,0,125,0,0,44,0,44,56,40,73,0,169,6,0,6,175
08/29/2017,PWM,ME,ANE,EN,Combined TRACON& Tower with Radar,60,38,14,0,112,0,2,27,0,29,60,40,41,0,141,31,0,31,172
08/30/2017,PWM,ME,ANE,EN,Combined TRACON& Tower with Radar,62,47,33,0,142,0,6,50,1,57,62,53,83,1,199,2,0,2,201
08/31/2017,PWM,ME,ANE,EN,Combined TRACON& Tower with Radar,67,52,28,2,149,0,6,47,1,54,67,58,75,3,203,0,0,0,203
09/01/2017,PWM,ME,ANE,EN,Combined TRACON& Tower with Radar,68,39,24,0,131,0,1,37,2,40,68,40,61,2,171,24,0,24,195
09/02/2017,PWM,ME,ANE,EN,Combined TRACON& Tower with Radar,64,29,11,0,104,0,2,58,0,60,64,31,69,0,164,20,0,20,184
09/03/2017,PWM,ME,ANE,EN,Combined TRACON& Tower with Radar,54,29,14,2,99,0,1,6,0,7,54,30,20,2,106,2,0,2,108
09/04/2017,PWM,ME,ANE,EN,Combined TRACON& Tower with Radar,60,33,23,0,116,0,1,45,0,46,60,34,68,0,162,16,0,16,178
09/05/2017,PWM,ME,ANE,EN,Combined TRACON& Tower with Radar,65,37,29,4,135,0,1,22,2,25,65,38,51,6,160,0,0,0,160
09/06/2017,PWM,ME,ANE,EN,Combined TRACON& Tower with Radar,60,50,19,0,129,0,0,1,0,1,60,50,20,0,130,0,0,0,130
09/07/2017,PWM,ME,ANE,EN,Combined TRACON& Tower with Radar,65,54,30,4,153,0,0,14,0,14,65,54,44,4,167,8,0,8,175
09/08/2017,PWM,ME,ANE,EN,Combined TRACON& Tower with Radar,59,58,33,0,150,0,2,43,0,45,59,60,76,0,195,38,0,38,233
09/09/2017,PWM,ME,ANE,EN,Combined TRACON& Tower with Radar,55,47,14,2,118,0,2,37,0,39,55,49,51,2,157,0,0,0,157
09/10/2017,PWM,ME,ANE,EN,Combined TRACON& Tower with Radar,56,46,21,0,123,0,4,53,0,57,56,50,74,0,180,10,0,10,190
09/11/2017,PWM,ME,ANE,EN,Combined TRACON& Tower with Radar,58,41,25,0,124,0,0,38,0,38,58,41,63,0,162,0,0,0,162
09/12/2017,PWM,ME,ANE,EN,Combined TRACON& Tower with Radar,57,53,23,0,133,0,4,44,0,48,57,57,67,0,181,30,0,30,211
09/13/2017,PWM,ME,ANE,EN,Combined TRACON& Tower with Radar,57,51,20,18,146,0,3,39,0,42,57,54,59,18,188,0,0,0,188
09/14/2017,PWM,ME,ANE,EN,Combined TRACON& Tower with Radar,63,55,35,0,153,0,8,36,0,44,63,63,71,0,197,16,0,16,213
09/15/2017,PWM,ME,ANE,EN,Combined TRACON& Tower with Radar,59,49,35,0,143,0,0,6,0,6,59,49,41,0,149,0,0,0,149
09/16/2017,PWM,ME,ANE,EN,Combined TRACON& Tower with Radar,59,32,12,0,103,0,0,15,0,15,59,32,27,0,118,0,0,0,118
09/17/2017,PWM,ME,ANE,EN,Combined TRACON& Tower with Radar,57,39,39,2,137,0,1,13,0,14,57,40,52,2,151,0,0,0,151
09/18/2017,PWM,ME,ANE,EN,Combined TRACON& Tower with Radar,58,49,19,2,128,0,0,0,0,0,58,49,19,2,128,0,0,0,128
09/19/2017,PWM,ME,ANE,EN,Combined TRACON& Tower with Radar,53,57,21,0,131,0,0,0,0,0,53,57,21,0,131,0,0,0,131
09/20/2017,PWM,ME,ANE,EN,Combined TRACON& Tower with Radar,56,52,20,2,130,0,0,0,0,0,56,52,20,2,130,0,0,0,130
09/21/2017,PWM,ME,ANE,EN,Combined TRACON& Tower with Radar,61,60,20,6,147,0,0,53,0,53,61,60,73,6,200,26,0,26,226
09/22/2017,PWM,ME,ANE,EN,Combined TRACON& Tower with Radar,58,51,22,0,131,0,0,42,1,43,58,51,64,1,174,22,0,22,196
09/23/2017,PWM,ME,ANE,EN,Combined TRACON& Tower with Radar,59,39,23,3,124,0,3,53,0,56,59,42,76,3,180,6,2,8,188
09/24/2017,PWM,ME,ANE,EN,Combined TRACON& Tower with Radar,57,50,30,0,137,0,0,45,3,48,57,50,75,3,185,2,0,2,187
09/25/2017,PWM,ME,ANE,EN,Combined TRACON& Tower with Radar,56,51,18,0,125,0,4,46,1,51,56,55,64,1,176,10,0,10,186
09/26/2017,PWM,ME,ANE,EN,Combined TRACON& Tower with Radar,56,51,30,0,137,0,1,38,0,39,56,52,68,0,176,2,0,2,178
09/27/2017,PWM,ME,ANE,EN,Combined TRACON& Tower with Radar,59,50,17,6,132,0,0,19,0,19,59,50,36,6,151,24,0,24,175
09/28/2017,PWM,ME,ANE,EN,Combined TRACON& Tower with Radar,59,54,23,4,140,0,4,29,1,34,59,58,52,5,174,0,0,0,174
09/29/2017,PWM,ME,ANE,EN,Combined TRACON& Tower with Radar,61,47,26,0,134,0,6,75,1,82,61,53,101,1,216,18,0,18,234
09/30/2017,PWM,ME,ANE,EN,Combined TRACON& Tower with Radar,57,38,15,2,112,0,0,25,0,25,57,38,40,2,137,0,0,0,137
10/01/2017,PWM,ME,ANE,EN,Combined TRACON& Tower with Radar,56,45,22,0,123,0,2,66,0,68,56,47,88,0,191,8,0,8,199
10/02/2017,PWM,ME,ANE,EN,Combined TRACON& Tower with Radar,57,44,21,2,124,0,1,34,0,35,57,45,55,2,159,16,0,16,175
10/03/2017,PWM,ME,ANE,EN,Combined TRACON& Tower with Radar,57,49,22,0,128,0,3,46,0,49,57,52,68,0,177,34,0,34,211
10/04/2017,PWM,ME,ANE,EN,Combined TRACON& Tower with Radar,56,50,28,6,140,0,0,31,0,31,56,50,59,6,171,18,0,18,189
10/05/2017,PWM,ME,ANE,EN,Combined TRACON& Tower with Radar,58,50,30,2,140,0,3,46,2,51,58,53,76,4,191,0,0,0,191
10/06/2017,PWM,ME,ANE,EN,Combined TRACON& Tower with Radar,60,61,28,0,149,0,5,34,0,39,60,66,62,0,188,6,0,6,194
10/07/2017,PWM,ME,ANE,EN,Combined TRACON& Tower with Radar,54,36,23,0,113,0,1,22,0,23,54,37,45,0,136,0,0,0,136
10/08/2017,PWM,ME,ANE,EN,Combined TRACON& Tower with Radar,57,37,11,0,105,0,0,7,0,7,57,37,18,0,112,0,0,0,112
10/09/2017,PWM,ME,ANE,EN,Combined TRACON& Tower with Radar,53,47,11,0,111,0,0,0,0,0,53,47,11,0,111,0,0,0,111
10/10/2017,PWM,ME,ANE,EN,Combined TRACON& Tower with Radar,65,44,23,7,139,0,2,39,0,41,65,46,62,7,180,16,0,16,196
10/11/2017,PWM,ME,ANE,EN,Combined TRACON& Tower with Radar,59,36,11,0,106,0,5,21,0,26,59,41,32,0,132,16,0,16,148
10/12/2017,PWM,ME,ANE,EN,Combined TRACON& Tower with Radar,69,40,23,8,140,0,3,51,2,56,69,43,74,10,196,0,0,0,196
10/13/2017,PWM,ME,ANE,EN,Combined TRACON& Tower with Radar,66,36,14,0,116,0,3,42,2,47,66,39,56,2,163,46,0,46,209
10/14/2017,PWM,ME,ANE,EN,Combined TRACON& Tower with Radar,58,34,13,1,106,0,2,25,8,35,58,36,38,9,141,0,0,0,141
10/15/2017,PWM,ME,ANE,EN,Combined TRACON& Tower with Radar,56,39,23,0,118,0,0,18,0,18,56,39,41,0,136,0,0,0,136
10/16/2017,PWM,ME,ANE,EN,Combined TRACON& Tower with Radar,68,35,18,2,123,0,2,13,0,15,68,37,31,2,138,12,0,12,150
10/17/2017,PWM,ME,ANE,EN,Combined TRACON& Tower with Radar,67,46,25,0,138,0,6,51,0,57,67,52,76,0,195,22,0,22,217
10/18/2017,PWM,ME,ANE,EN,Combined TRACON& Tower with Radar,65,40,23,0,128,0,2,40,0,42,65,42,63,0,170,0,0,0,170
10/19/2017,PWM,ME,ANE,EN,Combined TRACON& Tower with Radar,68,46,27,0,141,0,3,36,0,39,68,49,63,0,180,0,0,0,180
10/20/2017,PWM,ME,ANE,EN,Combined TRACON& Tower with Radar,69,42,14,2,127,0,2,38,0,40,69,44,52,2,167,46,0,46,213
10/21/2017,PWM,ME,ANE,EN,Combined TRACON& Tower with Radar,57,29,12,2,100,0,3,66,0,69,57,32,78,2,169,0,0,0,169
10/22/2017,PWM,ME,ANE,EN,Combined TRACON& Tower with Radar,62,33,29,2,126,0,2,57,0,59,62,35,86,2,185,6,0,6,191
10/23/2017,PWM,ME,ANE,EN,Combined TRACON& Tower with Radar,67,33,17,2,119,0,0,13,0,13,67,33,30,2,132,22,0,22,154
10/24/2017,PWM,ME,ANE,EN,Combined TRACON& Tower with Radar,48,38,17,0,103,0,0,0,0,0,48,38,17,0,103,0,0,0,103
10/25/2017,PWM,ME,ANE,EN,Combined TRACON& Tower with Radar,63,38,24,0,125,0,0,0,0,0,63,38,24,0,125,0,0,0,125
10/26/2017,PWM,ME,ANE,EN,Combined TRACON& Tower with Radar,68,53,26,0,147,0,0,0,0,0,68,53,26,0,147,0,0,0,147
10/27/2017,PWM,ME,ANE,EN,Combined TRACON& Tower with Radar,69,39,21,0,129,0,1,52,0,53,69,40,73,0,182,16,0,16,198
10/28/2017,PWM,ME,ANE,EN,Combined TRACON& Tower with Radar,58,33,11,1,103,0,1,75,0,76,58,34,86,1,179,8,0,8,187
10/29/2017,PWM,ME,ANE,EN,Combined TRACON& Tower with Radar,42,25,25,0,92,0,0,1,0,1,42,25,26,0,93,0,0,0,93
10/30/2017,PWM,ME,ANE,EN,Combined TRACON& Tower with Radar,49,25,5,0,79,0,0,0,0,0,49,25,5,0,79,0,0,0,79
10/31/2017,PWM,ME,ANE,EN,Combined TRACON& Tower with Radar,49,31,18,1,99,0,1,30,3,34,49,32,48,4,133,0,0,0,133
11/01/2017,PWM,ME,ANE,EN,Combined TRACON& Tower with Radar,45,33,29,0,107,0,3,34,1,38,45,36,63,1,145,16,0,16,161
11/02/2017,PWM,ME,ANE,EN,Combined TRACON& Tower with Radar,58,37,24,0,119,0,0,0,0,0,58,37,24,0,119,0,0,0,119
11/03/2017,PWM,ME,ANE,EN,Combined TRACON& Tower with Radar,58,38,15,7,118,0,3,20,2,25,58,41,35,9,143,0,0,0,143
11/04/2017,PWM,ME,ANE,EN,Combined TRACON& Tower with Radar,62,26,9,0,97,0,0,42,0,42,62,26,51,0,139,6,0,6,145
11/05/2017,PWM,ME,ANE,EN,Combined TRACON& Tower with Radar,44,32,17,0,93,0,0,9,2,11,44,32,26,2,104,26,0,26,130
11/06/2017,PWM,ME,ANE,EN,Combined TRACON& Tower with Radar,46,33,13,0,92,0,2,1,0,3,46,35,14,0,95,0,0,0,95
11/07/2017,PWM,ME,ANE,EN,Combined TRACON& Tower with Radar,47,41,26,8,122,0,2,38,2,42,47,43,64,10,164,16,0,16,180
11/08/2017,PWM,ME,ANE,EN,Combined TRACON& Tower with Radar,48,40,10,4,102,0,2,43,0,45,48,42,53,4,147,0,0,0,147
11/09/2017,PWM,ME,ANE,EN,Combined TRACON& Tower with Radar,55,42,17,7,121,0,3,40,2,45,55,45,57,9,166,18,0,18,184
11/10/2017,PWM,ME,ANE,EN,Combined TRACON& Tower with Radar,48,36,14,0,98,0,1,8,0,9,48,37,22,0,107,0,0,0,107
11/11/2017,PWM,ME,ANE,EN,Combined TRACON& Tower with Radar,47,26,9,0,82,0,0,21,0,21,47,26,30,0,103,21,0,21,124
11/12/2017,PWM,ME,ANE,EN,Combined TRACON& Tower with Radar,49,29,9,0,87,0,2,37,0,39,49,31,46,0,126,51,0,51,177
11/13/2017,PWM,ME,ANE,EN,Combined TRACON& Tower with Radar,51,41,19,0,111,0,0,3,0,3,51,41,22,0,114,0,0,0,114
11/14/2017,PWM,ME,ANE,EN,Combined TRACON& Tower with Radar,50,44,17,0,111,0,2,20,2,24,50,46,37,2,135,0,0,0,135
11/15/2017,PWM,ME,ANE,EN,Combined TRACON& Tower with Radar,50,36,13,0,99,0,2,49,0,51,50,38,62,0,150,28,0,28,178
11/16/2017,PWM,ME,ANE,EN,Combined TRACON& Tower with Radar,52,42,26,0,120,0,0,0,0,0,52,42,26,0,120,0,0,0,120
11/17/2017,PWM,ME,ANE,EN,Combined TRACON& Tower with Radar,51,36,9,6,102,0,1,18,0,19,51,37,27,6,121,6,0,6,127
11/18/2017,PWM,ME,ANE,EN,Combined TRACON& Tower with Radar,47,25,11,0,83,0,0,32,0,32,47,25,43,0,115,17,0,17,132
11/19/2017,PWM,ME,ANE,EN,Combined TRACON& Tower with Radar,46,30,7,0,83,0,1,4,0,5,46,31,11,0,88,0,0,0,88
11/20/2017,PWM,ME,ANE,EN,Combined TRACON& Tower with Radar,43,34,16,4,97,0,3,10,1,14,43,37,26,5,111,0,0,0,111
11/21/2017,PWM,ME,ANE,EN,Combined TRACON& Tower with Radar,46,49,14,2,111,0,1,34,2,37,46,50,48,4,148,24,0,24,172
11/22/2017,PWM,ME,ANE,EN,Combined TRACON& Tower with Radar,51,41,6,0,98,0,0,5,0,5,51,41,11,0,103,0,0,0,103
11/23/2017,PWM,ME,ANE,EN,Combined TRACON& Tower with Radar,32,16,10,2,60,0,1,17,0,18,32,17,27,2,78,0,0,0,78
11/24/2017,PWM,ME,ANE,EN,Combined TRACON& Tower with Radar,39,25,12,0,76,0,1,42,0,43,39,26,54,0,119,12,0,12,131
11/25/2017,PWM,ME,ANE,EN,Combined TRACON& Tower with Radar,49,40,9,0,98,0,2,38,0,40,49,42,47,0,138,10,0,10,148
11/26/2017,PWM,ME,ANE,EN,Combined TRACON& Tower with Radar,43,45,19,0,107,0,1,22,0,23,43,46,41,0,130,15,0,15,145
11/27/2017,PWM,ME,ANE,EN,Combined TRACON& Tower with Radar,50,32,19,0,101,0,1,12,0,13,50,33,31,0,114,0,0,0,114
11/28/2017,PWM,ME,ANE,EN,Combined TRACON& Tower with Radar,53,43,25,0,121,0,2,38,1,41,53,45,63,1,162,14,0,14,176
11/29/2017,PWM,ME,ANE,EN,Combined TRACON& Tower with Radar,45,44,16,0,105,0,1,15,0,16,45,45,31,0,121,6,0,6,127
11/30/2017,PWM,ME,ANE,EN,Combined TRACON& Tower with Radar,51,45,19,2,117,0,0,29,0,29,51,45,48,2,146,0,0,0,146
12/01/2017,PWM,ME,ANE,EN,Combined TRACON& Tower with Radar,49,43,14,0,106,0,3,28,0,31,49,46,42,0,137,22,0,22,159
12/02/2017,PWM,ME,ANE,EN,Combined TRACON& Tower with Radar,41,27,11,0,79,0,3,53,0,56,41,30,64,0,135,12,0,12,147
12/03/2017,PWM,ME,ANE,EN,Combined TRACON& Tower with Radar,43,32,19,0,94,0,0,46,0,46,43,32,65,0,140,29,0,29,169
12/04/2017,PWM,ME,ANE,EN,Combined TRACON& Tower with Radar,46,36,20,1,103,0,1,37,1,39,46,37,57,2,142,20,0,20,162
12/05/2017,PWM,ME,ANE,EN,Combined TRACON& Tower with Radar,47,37,10,0,94,0,0,2,0,2,47,37,12,0,96,0,0,0,96
12/06/2017,PWM,ME,ANE,EN,Combined TRACON& Tower with Radar,47,44,20,0,111,0,1,13,3,17,47,45,33,3,128,0,0,0,128
12/07/2017,PWM,ME,ANE,EN,Combined TRACON& Tower with Radar,46,43,14,2,105,0,2,25,1,28,46,45,39,3,133,0,0,0,133
12/08/2017,PWM,ME,ANE,EN,Combined TRACON& Tower with Radar,47,39,18,3,107,0,0,29,1,30,47,39,47,4,137,10,0,10,147
12/09/2017,PWM,ME,ANE,EN,Combined TRACON& Tower with Radar,30,24,3,1,58,0,1,2,0,3,30,25,5,1,61,0,0,0,61
12/10/2017,PWM,ME,ANE,EN,Combined TRACON& Tower with Radar,43,30,6,0,79,0,1,4,0,5,43,31,10,0,84,0,0,0,84
12/11/2017,PWM,ME,ANE,EN,Combined TRACON& Tower with Radar,43,39,13,0,95,0,0,25,3,28,43,39,38,3,123,2,0,2,125
12/12/2017,PWM,ME,ANE,EN,Combined TRACON& Tower with Radar,51,26,14,0,91,0,0,0,0,0,51,26,14,0,91,0,0,0,91
12/13/2017,PWM,ME,ANE,EN,Combined TRACON& Tower with Radar,45,38,15,2,100,0,3,7,4,14,45,41,22,6,114,6,0,6,120
12/14/2017,PWM,ME,ANE,EN,Combined TRACON& Tower with Radar,47,50,25,0,122,0,3,16,0,19,47,53,41,0,141,0,0,0,141
12/15/2017,PWM,ME,ANE,EN,Combined TRACON& Tower with Radar,39,38,13,0,90,0,5,21,0,26,39,43,34,0,116,0,0,0,116
12/16/2017,PWM,ME,ANE,EN,Combined TRACON& Tower with Radar,40,32,4,0,76,0,0,27,0,27,40,32,31,0,103,0,0,0,103
12/17/2017,PWM,ME,ANE,EN,Combined TRACON& Tower with Radar,43,26,12,0,81,0,1,21,0,22,43,27,33,0,103,6,0,6,109
12/18/2017,PWM,ME,ANE,EN,Combined TRACON& Tower with Radar,45,33,8,0,86,0,0,0,0,0,45,33,8,0,86,0,0,0,86
12/19/2017,PWM,ME,ANE,EN,Combined TRACON& Tower with Radar,47,36,16,5,104,0,0,13,0,13,47,36,29,5,117,6,0,6,123
12/20/2017,PWM,ME,ANE,EN,Combined TRACON& Tower with Radar,42,50,16,12,120,0,2,21,0,23,42,52,37,12,143,0,0,0,143
12/21/2017,PWM,ME,ANE,EN,Combined TRACON& Tower with Radar,41,49,22,0,112,0,3,42,0,45,41,52,64,0,157,12,0,12,169
12/22/2017,PWM,ME,ANE,EN,Combined TRACON& Tower with Radar,37,45,4,0,86,0,0,3,0,3,37,45,7,0,89,0,0,0,89
12/23/2017,PWM,ME,ANE,EN,Combined TRACON& Tower with Radar,28,34,7,0,69,0,0,0,0,0,28,34,7,0,69,0,0,0,69
12/24/2017,PWM,ME,ANE,EN,Combined TRACON& Tower with Radar,31,25,7,0,63,0,8,10,0,18,31,33,17,0,81,28,0,28,109
12/25/2017,PWM,ME,ANE,EN,Combined TRACON& Tower with Radar,29,28,3,0,60,0,0,0,0,0,29,28,3,0,60,0,0,0,60
12/26/2017,PWM,ME,ANE,EN,Combined TRACON& Tower with Radar,35,46,10,0,91,0,2,17,0,19,35,48,27,0,110,8,0,8,118
12/27/2017,PWM,ME,ANE,EN,Combined TRACON& Tower with Radar,38,44,11,0,93,0,2,18,0,20,38,46,29,0,113,0,0,0,113
12/28/2017,PWM,ME,ANE,EN,Combined TRACON& Tower with Radar,39,42,3,0,84,0,1,3,0,4,39,43,6,0,88,0,0,0,88
12/29/2017,PWM,ME,ANE,EN,Combined TRACON& Tower with Radar,35,56,9,4,104,0,2,8,0,10,35,58,17,4,114,0,0,0,114
12/30/2017,PWM,ME,ANE,EN,Combined TRACON& Tower with Radar,32,41,7,0,80,0,0,11,0,11,32,41,18,0,91,26,0,26,117
12/31/2017,PWM,ME,ANE,EN,Combined TRACON& Tower with Radar,33,28,5,0,66,0,0,17,0,17,33,28,22,0,83,0,0,0,83
01/01/2018,PWM,ME,ANE,EN,Combined TRACON& Tower with Radar,32,30,8,0,70,0,4,4,0,8,32,34,12,0,78,0,0,0,78
01/02/2018,PWM,ME,ANE,EN,Combined TRACON& Tower with Radar,37,38,10,0,85,0,2,10,0,12,37,40,20,0,97,0,0,0,97
01/03/2018,PWM,ME,ANE,EN,Combined TRACON& Tower with Radar,47,37,29,0,113,0,1,23,0,24,47,38,52,0,137,0,0,0,137
01/04/2018,PWM,ME,ANE,EN,Combined TRACON& Tower with Radar,5,5,0,0,10,0,0,0,0,0,5,5,0,0,10,0,0,0,10
01/05/2018,PWM,ME,ANE,EN,Combined TRACON& Tower with Radar,31,24,5,0,60,0,0,0,0,0,31,24,5,0,60,0,0,0,60
01/06/2018,PWM,ME,ANE,EN,Combined TRACON& Tower with Radar,30,35,5,2,72,0,1,2,3,6,30,36,7,5,78,0,0,0,78
01/07/2018,PWM,ME,ANE,EN,Combined TRACON& Tower with Radar,40,29,12,0,81,0,1,4,0,5,40,30,16,0,86,8,0,8,94
01/08/2018,PWM,ME,ANE,EN,Combined TRACON& Tower with Radar,38,26,9,0,73,0,0,11,0,11,38,26,20,0,84,0,0,0,84
01/09/2018,PWM,ME,ANE,EN,Combined TRACON& Tower with Radar,49,25,14,7,95,0,3,13,0,16,49,28,27,7,111,0,0,0,111
01/10/2018,PWM,ME,ANE,EN,Combined TRACON& Tower with Radar,50,27,13,0,90,0,2,36,2,40,50,29,49,2,130,26,0,26,156
01/11/2018,PWM,ME,ANE,EN,Combined TRACON& Tower with Radar,51,28,18,1,98,0,1,8,1,10,51,29,26,2,108,0,0,0,108
01/12/2018,PWM,ME,ANE,EN,Combined TRACON& Tower with Radar,41,23,7,0,71,0,0,0,0,0,41,23,7,0,71,0,0,0,71
01/13/2018,PWM,ME,ANE,EN,Combined TRACON& Tower with Radar,40,27,8,0,75,0,0,2,0,2,40,27,10,0,77,0,0,0,77
01/14/2018,PWM,ME,ANE,EN,Combined TRACON& Tower with Radar,37,16,7,0,60,0,4,27,0,31,37,20,34,0,91,20,0,20,111
01/15/2018,PWM,ME,ANE,EN,Combined TRACON& Tower with Radar,52,23,16,0,91,0,1,16,0,17,52,24,32,0,108,42,0,42,150
01/16/2018,PWM,ME,ANE,EN,Combined TRACON& Tower with Radar,48,23,23,2,96,0,1,23,0,24,48,24,46,2,120,24,0,24,144
01/17/2018,PWM,ME,ANE,EN,Combined TRACON& Tower with Radar,45,24,4,0,73,0,0,0,0,0,45,24,4,0,73,0,0,0,73
01/18/2018,PWM,ME,ANE,EN,Combined TRACON& Tower with Radar,49,27,12,2,90,0,3,15,1,19,49,30,27,3,109,0,0,0,109
01/19/2018,PWM,ME,ANE,EN,Combined TRACON& Tower with Radar,52,23,12,0,87,0,3,21,2,26,52,26,33,2,113,14,0,14,127
01/20/2018,PWM,ME,ANE,EN,Combined TRACON& Tower with Radar,41,27,9,1,78,0,0,22,1,23,41,27,31,2,101,24,2,26,127
01/21/2018,PWM,ME,ANE,EN,Combined TRACON& Tower with Radar,46,21,11,0,78,0,2,36,0,38,46,23,47,0,116,14,0,14,130
01/22/2018,PWM,ME,ANE,EN,Combined TRACON& Tower with Radar,47,21,8,0,76,0,0,0,0,0,47,21,8,0,76,0,0,0,76
01/23/2018,PWM,ME,ANE,EN,Combined TRACON& Tower with Radar,45,18,5,0,68,0,0,0,0,0,45,18,5,0,68,0,0,0,68
01/24/2018,PWM,ME,ANE,EN,Combined TRACON& Tower with Radar,55,30,9,6,100,0,3,14,8,25,55,33,23,14,125,0,0,0,125
01/25/2018,PWM,ME,ANE,EN,Combined TRACON& Tower with Radar,50,23,19,2,94,0,0,11,2,13,50,23,30,4,107,18,0,18,125
01/26/2018,PWM,ME,ANE,EN,Combined TRACON& Tower with Radar,53,23,8,5,89,0,2,25,0,27,53,25,33,5,116,12,0,12,128
01/27/2018,PWM,ME,ANE,EN,Combined TRACON& Tower with Radar,41,21,6,0,68,0,0,24,0,24,41,21,30,0,92,14,0,14,106
01/28/2018,PWM,ME,ANE,EN,Combined TRACON& Tower with Radar,47,18,11,0,76,0,1,22,0,23,47,19,33,0,99,0,0,0,99
01/29/2018,PWM,ME,ANE,EN,Combined TRACON& Tower with Radar,50,18,11,9,88,0,1,7,0,8,50,19,18,9,96,10,12,22,118
01/30/2018,PWM,ME,ANE,EN,Combined TRACON& Tower with Radar,51,24,17,0,92,0,1,16,0,17,51,25,33,0,109,10,0,10,119
01/31/2018,PWM,ME,ANE,EN,Combined TRACON& Tower with Radar,50,25,18,0,93,0,1,30,0,31,50,26,48,0,124,14,0,14,138
02/01/2018,PWM,ME,ANE,EN,Combined TRACON& Tower with Radar,52,26,15,0,93,0,0,3,0,3,52,26,18,0,96,0,0,0,96
02/02/2018,PWM,ME,ANE,EN,Combined TRACON& Tower with Radar,52,25,8,0,85,0,0,4,0,4,52,25,12,0,89,0,0,0,89
02/03/2018,PWM,ME,ANE,EN,Combined TRACON& Tower with Radar,40,20,5,0,65,0,4,19,0,23,40,24,24,0,88,8,0,8,96
02/04/2018,PWM,ME,ANE,EN,Combined TRACON& Tower with Radar,36,16,3,0,55,0,0,0,0,0,36,16,3,0,55,0,0,0,55
02/05/2018,PWM,ME,ANE,EN,Combined TRACON& Tower with Radar,49,20,13,0,82,0,3,4,0,7,49,23,17,0,89,8,0,8,97
02/06/2018,PWM,ME,ANE,EN,Combined TRACON& Tower with Radar,51,27,13,0,91,0,0,16,0,16,51,27,29,0,107,16,0,16,123
02/07/2018,PWM,ME,ANE,EN,Combined TRACON& Tower with Radar,23,10,5,0,38,0,0,0,0,0,23,10,5,0,38,0,0,0,38
02/08/2018,PWM,ME,ANE,EN,Combined TRACON& Tower with Radar,51,33,11,4,99,0,6,18,2,26,51,39,29,6,125,2,0,2,127
02/09/2018,PWM,ME,ANE,EN,Combined TRACON& Tower with Radar,49,24,7,5,85,0,1,28,0,29,49,25,35,5,114,14,8,22,136
02/10/2018,PWM,ME,ANE,EN,Combined TRACON& Tower with Radar,42,21,4,0,67,0,0,0,0,0,42,21,4,0,67,0,0,0,67
02/11/2018,PWM,ME,ANE,EN,Combined TRACON& Tower with Radar,43,20,3,0,66,0,0,0,0,0,43,20,3,0,66,0,0,0,66
02/12/2018,PWM,ME,ANE,EN,Combined TRACON& Tower with Radar,47,26,8,3,84,0,1,11,0,12,47,27,19,3,96,0,0,0,96
02/13/2018,PWM,ME,ANE,EN,Combined TRACON& Tower with Radar,53,23,21,4,101,0,0,29,2,31,53,23,50,6,132,14,0,14,146
02/14/2018,PWM,ME,ANE,EN,Combined TRACON& Tower with Radar,45,23,15,7,90,0,0,22,0,22,45,23,37,7,112,0,0,0,112
02/15/2018,PWM,ME,ANE,EN,Combined TRACON& Tower with Radar,50,34,19,0,103,0,6,17,0,23,50,40,36,0,126,0,0,0,126
02/16/2018,PWM,ME,ANE,EN,Combined TRACON& Tower with Radar,48,36,14,1,99,0,3,1,5,9,48,39,15,6,108,0,6,6,114
02/17/2018,PWM,ME,ANE,EN,Combined TRACON& Tower with Radar,37,23,8,0,68,0,3,29,0,32,37,26,37,0,100,2,0,2,102
02/18/2018,PWM,ME,ANE,EN,Combined TRACON& Tower with Radar,43,17,4,0,64,0,2,6,0,8,43,19,10,0,72,0,0,0,72
02/19/2018,PWM,ME,ANE,EN,Combined TRACON& Tower with Radar,48,21,20,0,89,0,0,10,0,10,48,21,30,0,99,8,0,8,107
02/20/2018,PWM,ME,ANE,EN,Combined TRACON& Tower with Radar,46,31,9,0,86,0,0,0,0,0,46,31,9,0,86,0,0,0,86
02/21/2018,PWM,ME,ANE,EN,Combined TRACON& Tower with Radar,49,30,9,0,88,0,4,26,0,30,49,34,35,0,118,0,0,0,118
02/22/2018,PWM,ME,ANE,EN,Combined TRACON& Tower with Radar,48,30,7,2,87,0,3,12,0,15,48,33,19,2,102,20,0,20,122
02/23/2018,PWM,ME,ANE,EN,Combined TRACON& Tower with Radar,52,24,3,4,83,0,0,5,5,10,52,24,8,9,93,0,0,0,93
02/24/2018,PWM,ME,ANE,EN,Combined TRACON& Tower with Radar,41,24,8,0,73,0,0,23,0,23,41,24,31,0,96,8,0,8,104
02/25/2018,PWM,ME,ANE,EN,Combined TRACON& Tower with Radar,45,24,12,0,81,0,0,0,0,0,45,24,12,0,81,0,0,0,81
02/26/2018,PWM,ME,ANE,EN,Combined TRACON& Tower with Radar,46,18,14,0,78,0,1,13,0,14,46,19,27,0,92,14,0,14,106
02/27/2018,PWM,ME,ANE,EN,Combined TRACON& Tower with Radar,50,28,19,0,97,0,0,32,1,33,50,28,51,1,130,0,0,0,130
02/28/2018,PWM,ME,ANE,EN,Combined TRACON& Tower with Radar,47,28,14,0,89,0,3,30,1,34,47,31,44,1,123,14,0,14,137
03/01/2018,PWM,ME,ANE,EN,Combined TRACON& Tower with Radar,47,30,14,0,91,0,2,21,8,31,47,32,35,8,122,63,0,63,185
03/02/2018,PWM,ME,ANE,EN,Combined TRACON& Tower with Radar,23,15,6,0,44,0,0,0,0,0,23,15,6,0,44,0,0,0,44
03/03/2018,PWM,ME,ANE,EN,Combined TRACON& Tower with Radar,37,23,2,0,62,0,3,1,0,4,37,26,3,0,66,0,0,0,66
03/04/2018,PWM,ME,ANE,EN,Combined TRACON& Tower with Radar,41,23,9,0,73,0,0,23,0,23,41,23,32,0,96,0,0,0,96
03/05/2018,PWM,ME,ANE,EN,Combined TRACON& Tower with Radar,43,35,19,0,97,0,2,6,0,8,43,37,25,0,105,0,0,0,105
03/06/2018,PWM,ME,ANE,EN,Combined TRACON& Tower with Radar,42,33,17,0,92,0,0,29,4,33,42,33,46,4,125,26,0,26,151
03/07/2018,PWM,ME,ANE,EN,Combined TRACON& Tower with Radar,26,13,12,0,51,0,0,0,1,1,26,13,12,1,52,0,0,0,52
03/08/2018,PWM,ME,ANE,EN,Combined TRACON& Tower with Radar,20,14,4,0,38,0,0,0,0,0,20,14,4,0,38,0,0,0,38
03/09/2018,PWM,ME,ANE,EN,Combined TRACON& Tower with Radar,47,44,21,1,113,0,0,6,1,7,47,44,27,2,120,0,0,0,120
03/10/2018,PWM,ME,ANE,EN,Combined TRACON& Tower with Radar,43,28,13,0,84,0,0,11,0,11,43,28,24,0,95,0,0,0,95
03/11/2018,PWM,ME,ANE,EN,Combined TRACON& Tower with Radar,44,30,22,0,96,0,1,40,0,41,44,31,62,0,137,10,0,10,147
03/12/2018,PWM,ME,ANE,EN,Combined TRACON& Tower with Radar,43,31,24,0,98,0,6,22,0,28,43,37,46,0,126,0,0,0,126
03/13/2018,PWM,ME,ANE,EN,Combined TRACON& Tower with Radar,2,4,0,0,6,0,0,0,0,0,2,4,0,0,6,0,0,0,6
03/14/2018,PWM,ME,ANE,EN,Combined TRACON& Tower with Radar,36,37,8,0,81,0,0,0,0,0,36,37,8,0,81,0,0,0,81
03/15/2018,PWM,ME,ANE,EN,Combined TRACON& Tower with Radar,46,39,14,2,101,0,0,17,0,17,46,39,31,2,118,0,0,0,118
03/16/2018,PWM,ME,ANE,EN,Combined TRACON& Tower with Radar,47,39,15,0,101,0,4,18,0,22,47,43,33,0,123,0,0,0,123
03/17/2018,PWM,ME,ANE,EN,Combined TRACON& Tower with Radar,41,26,10,0,77,0,0,10,0,10,41,26,20,0,87,0,0,0,87
03/18/2018,PWM,ME,ANE,EN,Combined TRACON& Tower with Radar,40,29,9,0,78,0,2,29,0,31,40,31,38,0,109,0,0,0,109
03/19/2018,PWM,ME,ANE,EN,Combined TRACON& Tower with Radar,45,30,13,2,90,0,0,24,0,24,45,30,37,2,114,18,0,18,132
03/20/2018,PWM,ME,ANE,EN,Combined TRACON& Tower with Radar,35,33,19,0,87,0,1,42,0,43,35,34,61,0,130,0,0,0,130
03/21/2018,PWM,ME,ANE,EN,Combined TRACON& Tower with Radar,20,17,9,2,48,0,0,6,0,6,20,17,15,2,54,0,0,0,54
03/22/2018,PWM,ME,ANE,EN,Combined TRACON& Tower with Radar,45,35,16,0,96,0,0,1,0,1,45,35,17,0,97,4,0,4,101
03/23/2018,PWM,ME,ANE,EN,Combined TRACON& Tower with Radar,51,34,11,1,97,0,1,39,1,41,51,35,50,2,138,40,0,40,178
03/24/2018,PWM,ME,ANE,EN,Combined TRACON& Tower with Radar,41,26,6,0,73,0,0,25,0,25,41,26,31,0,98,0,0,0,98
03/25/2018,PWM,ME,ANE,EN,Combined TRACON& Tower with Radar,42,32,9,0,83,0,0,16,1,17,42,32,25,1,100,0,0,0,100
03/26/2018,PWM,ME,ANE,EN,Combined TRACON& Tower with Radar,47,34,22,0,103,0,2,34,1,37,47,36,56,1,140,0,0,0,140
03/27/2018,PWM,ME,ANE,EN,Combined TRACON& Tower with Radar,46,38,19,0,103,0,3,36,1,40,46,41,55,1,143,24,0,24,167
03/28/2018,PWM,ME,ANE,EN,Combined TRACON& Tower with Radar,45,39,17,8,109,0,1,14,1,16,45,40,31,9,125,10,0,10,135
03/29/2018,PWM,ME,ANE,EN,Combined TRACON& Tower with Radar,42,40,20,0,102,0,2,22,2,26,42,42,42,2,128,16,0,16,144
03/30/2018,PWM,ME,ANE,EN,Combined TRACON& Tower with Radar,48,38,16,0,102,0,0,3,0,3,48,38,19,0,105,14,0,14,119
03/31/2018,PWM,ME,ANE,EN,Combined TRACON& Tower with Radar,41,32,11,0,84,0,0,38,3,41,41,32,49,3,125,12,0,12,137
04/01/2018,PWM,ME,ANE,EN,Combined TRACON& Tower with Radar,41,28,9,0,78,0,4,16,0,20,41,32,25,0,98,0,0,0,98
04/02/2018,PWM,ME,ANE,EN,Combined TRACON& Tower with Radar,40,27,17,0,84,0,0,18,0,18,40,27,35,0,102,0,0,0,102
04/03/2018,PWM,ME,ANE,EN,Combined TRACON& Tower with Radar,42,45,17,0,104,0,3,12,0,15,42,48,29,0,119,2,0,2,121
04/04/2018,PWM,ME,ANE,EN,Combined TRACON& Tower with Radar,38,52,17,0,107,0,0,0,0,0,38,52,17,0,107,0,0,0,107
04/05/2018,PWM,ME,ANE,EN,Combined TRACON& Tower with Radar,44,52,15,0,111,0,0,9,0,9,44,52,24,0,120,0,0,0,120
04/06/2018,PWM,ME,ANE,EN,Combined TRACON& Tower with Radar,48,50,10,0,108,0,1,4,0,5,48,51,14,0,113,0,0,0,113
04/07/2018,PWM,ME,ANE,EN,Combined TRACON& Tower with Radar,40,33,18,0,91,0,3,14,0,17,40,36,32,0,108,6,0,6,114
04/08/2018,PWM,ME,ANE,EN,Combined TRACON& Tower with Radar,45,32,12,0,89,0,2,48,0,50,45,34,60,0,139,26,0,26,165
04/09/2018,PWM,ME,ANE,EN,Combined TRACON& Tower with Radar,45,46,14,4,109,0,1,21,1,23,45,47,35,5,132,0,0,0,132
04/10/2018,PWM,ME,ANE,EN,Combined TRACON& Tower with Radar,45,51,21,8,125,0,0,16,2,18,45,51,37,10,143,0,0,0,143
04/11/2018,PWM,ME,ANE,EN,Combined TRACON& Tower with Radar,45,48,21,0,114,0,5,25,0,30,45,53,46,0,144,10,0,10,154
04/12/2018,PWM,ME,ANE,EN,Combined TRACON& Tower with Radar,47,52,12,0,111,0,1,19,0,20,47,53,31,0,131,0,0,0,131
04/13/2018,PWM,ME,ANE,EN,Combined TRACON& Tower with Radar,49,48,9,0,106,0,0,28,0,28,49,48,37,0,134,14,0,14,148
04/14/2018,PWM,ME,ANE,EN,Combined TRACON& Tower with Radar,47,35,16,0,98,0,0,7,0,7,47,35,23,0,105,0,0,0,105
04/15/2018,PWM,ME,ANE,EN,Combined TRACON& Tower with Radar,36,39,1,0,76,0,0,0,0,0,36,39,1,0,76,0,0,0,76
04/16/2018,PWM,ME,ANE,EN,Combined TRACON& Tower with Radar,41,32,9,0,82,0,0,0,0,0,41,32,9,0,82,0,0,0,82
04/17/2018,PWM,ME,ANE,EN,Combined TRACON& Tower with Radar,44,47,9,0,100,0,0,6,0,6,44,47,15,0,106,8,0,8,114
04/18/2018,PWM,ME,ANE,EN,Combined TRACON& Tower with Radar,45,52,17,0,114,0,0,30,3,33,45,52,47,3,147,0,0,0,147
04/19/2018,PWM,ME,ANE,EN,Combined TRACON& Tower with Radar,46,48,8,0,102,0,0,4,0,4,46,48,12,0,106,16,0,16,122
04/20/2018,PWM,ME,ANE,EN,Combined TRACON& Tower with Radar,49,48,5,1,103,0,0,9,5,14,49,48,14,6,117,10,0,10,127
04/21/2018,PWM,ME,ANE,EN,Combined TRACON& Tower with Radar,48,37,9,0,94,0,1,52,0,53,48,38,61,0,147,51,0,51,198
04/22/2018,PWM,ME,ANE,EN,Combined TRACON& Tower with Radar,49,38,15,0,102,0,3,64,0,67,49,41,79,0,169,22,0,22,191
04/23/2018,PWM,ME,ANE,EN,Combined TRACON& Tower with Radar,47,51,19,0,117,0,2,53,1,56,47,53,72,1,173,0,0,0,173
04/24/2018,PWM,ME,ANE,EN,Combined TRACON& Tower with Radar,45,46,25,4,120,0,2,46,1,49,45,48,71,5,169,6,0,6,175
04/25/2018,PWM,ME,ANE,EN,Combined TRACON& Tower with Radar,40,49,21,0,110,0,1,2,0,3,40,50,23,0,113,0,0,0,113
04/26/2018,PWM,ME,ANE,EN,Combined TRACON& Tower with Radar,44,54,18,2,118,0,1,7,2,10,44,55,25,4,128,0,0,0,128
04/27/2018,PWM,ME,ANE,EN,Combined TRACON& Tower with Radar,47,49,21,0,117,0,1,21,2,24,47,50,42,2,141,10,0,10,151
04/28/2018,PWM,ME,ANE,EN,Combined TRACON& Tower with Radar,46,35,10,0,91,0,0,14,0,14,46,35,24,0,105,10,0,10,115
04/29/2018,PWM,ME,ANE,EN,Combined TRACON& Tower with Radar,48,41,11,0,100,0,0,0,0,0,48,41,11,0,100,0,0,0,100
04/30/2018,PWM,ME,ANE,EN,Combined TRACON& Tower with Radar,44,43,22,8,117,0,2,13,0,15,44,45,35,8,132,8,0,8,140
05/01/2018,PWM,ME,ANE,EN,Combined TRACON& Tower with Radar,45,45,23,0,113,0,0,44,0,44,45,45,67,0,157,6,0,6,163
05/02/2018,PWM,ME,ANE,EN,Combined TRACON& Tower with Radar,48,46,14,3,111,0,2,56,3,61,48,48,70,6,172,0,0,0,172
05/03/2018,PWM,ME,ANE,EN,Combined TRACON& Tower with Radar,45,49,21,2,117,0,2,26,0,28,45,51,47,2,145,0,0,0,145
05/04/2018,PWM,ME,ANE,EN,Combined TRACON& Tower with Radar,51,48,19,0,118,0,3,5,0,8,51,51,24,0,126,2,0,2,128
05/05/2018,PWM,ME,ANE,EN,Combined TRACON& Tower with Radar,44,33,10,0,87,0,3,24,0,27,44,36,34,0,114,18,0,18,132
05/06/2018,PWM,ME,ANE,EN,Combined TRACON& Tower with Radar,52,33,12,0,97,0,1,15,0,16,52,34,27,0,113,0,0,0,113
05/07/2018,PWM,ME,ANE,EN,Combined TRACON& Tower with Radar,48,43,23,7,121,0,2,36,0,38,48,45,59,7,159,10,0,10,169
05/08/2018,PWM,ME,ANE,EN,Combined TRACON& Tower with Radar,46,47,22,4,119,0,3,28,1,32,46,50,50,5,151,45,0,45,196
05/09/2018,PWM,ME,ANE,EN,Combined TRACON& Tower with Radar,48,51,19,0,118,0,4,26,0,30,48,55,45,0,148,25,0,25,173
05/10/2018,PWM,ME,ANE,EN,Combined TRACON& Tower with Radar,44,59,20,4,127,0,0,6,0,6,44,59,26,4,133,16,0,16,149
05/11/2018,PWM,ME,ANE,EN,Combined TRACON& Tower with Radar,45,61,17,2,125,0,4,43,0,47,45,65,60,2,172,5,0,5,177
05/12/2018,PWM,ME,ANE,EN,Combined TRACON& Tower with Radar,39,34,14,0,87,0,2,22,0,24,39,36,36,0,111,14,0,14,125
05/13/2018,PWM,ME,ANE,EN,Combined TRACON& Tower with Radar,42,45,13,0,100,0,1,41,0,42,42,46,54,0,142,24,0,24,166
05/14/2018,PWM,ME,ANE,EN,Combined TRACON& Tower with Radar,46,50,26,0,122,0,0,23,0,23,46,50,49,0,145,22,0,22,167
05/15/2018,PWM,ME,ANE,EN,Combined TRACON& Tower with Radar,37,47,16,0,100,0,1,15,0,16,37,48,31,0,116,26,0,26,142
05/16/2018,PWM,ME,ANE,EN,Combined TRACON& Tower with Radar,45,56,15,0,116,0,0,30,4,34,45,56,45,4,150,10,0,10,160
05/17/2018,PWM,ME,ANE,EN,Combined TRACON& Tower with Radar,48,54,29,0,131,0,3,46,2,51,48,57,75,2,182,14,0,14,196
05/18/2018,PWM,ME,ANE,EN,Combined TRACON& Tower with Radar,48,56,16,2,122,0,0,53,0,53,48,56,69,2,175,12,0,12,187
05/19/2018,PWM,ME,ANE,EN,Combined TRACON& Tower with Radar,45,39,13,0,97,0,3,25,0,28,45,42,38,0,125,21,0,21,146
05/20/2018,PWM,ME,ANE,EN,Combined TRACON& Tower with Radar,49,41,19,0,109,0,3,8,0,11,49,44,27,0,120,16,0,16,136
05/21/2018,PWM,ME,ANE,EN,Combined TRACON& Tower with Radar,46,48,13,0,107,0,0,49,0,49,46,48,62,0,156,10,0,10,166
05/22/2018,PWM,ME,ANE,EN,Combined TRACON& Tower with Radar,44,61,26,4,135,0,2,15,4,21,44,63,41,8,156,24,0,24,180
05/23/2018,PWM,ME,ANE,EN,Combined TRACON& Tower with Radar,45,58,19,0,122,0,6,33,0,39,45,64,52,0,161,9,0,9,170
05/24/2018,PWM,ME,ANE,EN,Combined TRACON& Tower with Radar,45,65,20,0,130,0,2,25,0,27,45,67,45,0,157,19,0,19,176
05/25/2018,PWM,ME,ANE,EN,Combined TRACON& Tower with Radar,46,67,19,0,132,0,4,41,0,45,46,71,60,0,177,14,0,14,191
05/26/2018,PWM,ME,ANE,EN,Combined TRACON& Tower with Radar,42,40,10,0,92,0,1,36,0,37,42,41,46,0,129,25,0,25,154
05/27/2018,PWM,ME,ANE,EN,Combined TRACON& Tower with Radar,37,29,5,0,71,0,0,16,0,16,37,29,21,0,87,0,0,0,87
05/28/2018,PWM,ME,ANE,EN,Combined TRACON& Tower with Radar,42,58,24,0,124,0,0,3,0,3,42,58,27,0,127,0,0,0,127
05/29/2018,PWM,ME,ANE,EN,Combined TRACON& Tower with Radar,44,48,36,7,135,0,3,54,1,58,44,51,90,8,193,17,0,17,210
05/30/2018,PWM,ME,ANE,EN,Combined TRACON& Tower with Radar,44,52,24,0,120,0,5,53,0,58,44,57,77,0,178,20,0,20,198
05/31/2018,PWM,ME,ANE,EN,Combined TRACON& Tower with Radar,46,53,18,0,117,0,3,34,1,38,46,56,52,1,155,6,0,6,161
06/01/2018,PWM,ME,ANE,EN,Combined TRACON& Tower with Radar,41,66,19,0,126,0,0,19,4,23,41,66,38,4,149,102,0,102,251
06/02/2018,PWM,ME,ANE,EN,Combined TRACON& Tower with Radar,38,42,6,3,89,1,3,31,10,45,39,45,37,13,134,26,0,26,160
06/03/2018,PWM,ME,ANE,EN,Combined TRACON& Tower with Radar,45,49,25,0,119,0,4,42,1,47,45,53,67,1,166,10,0,10,176
06/04/2018,PWM,ME,ANE,EN,Combined TRACON& Tower with Radar,44,48,21,0,113,0,0,2,0,2,44,48,23,0,115,0,0,0,115
06/05/2018,PWM,ME,ANE,EN,Combined TRACON& Tower with Radar,45,57,28,0,130,0,0,0,0,0,45,57,28,0,130,0,0,0,130
06/06/2018,PWM,ME,ANE,EN,Combined TRACON& Tower with Radar,43,54,37,0,134,0,2,8,1,11,43,56,45,1,145,13,0,13,158
06/07/2018,PWM,ME,ANE,EN,Combined TRACON& Tower with Radar,67,44,28,0,139,0,0,18,2,20,67,44,46,2,159,39,0,39,198
06/08/2018,PWM,ME,ANE,EN,Combined TRACON& Tower with Radar,71,50,23,6,150,0,0,71,11,82,71,50,94,17,232,52,0,52,284
06/09/2018,PWM,ME,ANE,EN,Combined TRACON& Tower with Radar,59,50,26,0,135,0,2,50,7,59,59,52,76,7,194,55,0,55,249
06/10/2018,PWM,ME,ANE,EN,Combined TRACON& Tower with Radar,68,44,31,0,143,0,2,50,1,53,68,46,81,1,196,28,0,28,224
06/11/2018,PWM,ME,ANE,EN,Combined TRACON& Tower with Radar,66,41,25,0,132,0,6,53,2,61,66,47,78,2,193,6,0,6,199
06/12/2018,PWM,ME,ANE,EN,Combined TRACON& Tower with Radar,68,46,31,1,146,0,0,43,2,45,68,46,74,3,191,25,0,25,216
06/13/2018,PWM,ME,ANE,EN,Combined TRACON& Tower with Radar,65,53,27,0,145,0,2,24,0,26,65,55,51,0,171,24,0,24,195
06/14/2018,PWM,ME,ANE,EN,Combined TRACON& Tower with Radar,69,50,32,0,151,0,0,22,0,22,69,50,54,0,173,24,0,24,197
06/15/2018,PWM,ME,ANE,EN,Combined TRACON& Tower with Radar,67,43,21,1,132,0,3,20,0,23,67,46,41,1,155,8,0,8,163
06/16/2018,PWM,ME,ANE,EN,Combined TRACON& Tower with Radar,63,37,9,0,109,0,0,46,0,46,63,37,55,0,155,9,0,9,164
06/17/2018,PWM,ME,ANE,EN,Combined TRACON& Tower with Radar,64,50,15,1,130,0,1,49,0,50,64,51,64,1,180,8,0,8,188
06/18/2018,PWM,ME,ANE,EN,Combined TRACON& Tower with Radar,62,46,20,0,128,0,0,22,0,22,62,46,42,0,150,0,0,0,150
06/19/2018,PWM,ME,ANE,EN,Combined TRACON& Tower with Radar,59,45,34,1,139,0,3,45,1,49,59,48,79,2,188,24,0,24,212
06/20/2018,PWM,ME,ANE,EN,Combined TRACON& Tower with Radar,68,46,15,2,131,0,1,59,0,60,68,47,74,2,191,65,0,65,256
06/21/2018,PWM,ME,ANE,EN,Combined TRACON& Tower with Radar,70,54,25,0,149,0,6,36,0,42,70,60,61,0,191,0,0,0,191
06/22/2018,PWM,ME,ANE,EN,Combined TRACON& Tower with Radar,69,55,20,0,144,0,1,41,0,42,69,56,61,0,186,12,0,12,198
06/23/2018,PWM,ME,ANE,EN,Combined TRACON& Tower with Radar,70,43,15,0,128,0,0,12,0,12,70,43,27,0,140,10,0,10,150
06/24/2018,PWM,ME,ANE,EN,Combined TRACON& Tower with Radar,59,36,29,0,124,0,2,8,2,12,59,38,37,2,136,8,0,8,144
06/25/2018,PWM,ME,ANE,EN,Combined TRACON& Tower with Radar,68,42,22,0,132,0,0,5,0,5,68,42,27,0,137,0,0,0,137
06/26/2018,PWM,ME,ANE,EN,Combined TRACON& Tower with Radar,66,47,35,0,148,0,4,57,0,61,66,51,92,0,209,0,0,0,209
06/27/2018,PWM,ME,ANE,EN,Combined TRACON& Tower with Radar,70,51,26,1,148,0,2,53,7,62,70,53,79,8,210,4,0,4,214
06/28/2018,PWM,ME,ANE,EN,Combined TRACON& Tower with Radar,65,49,32,0,146,0,0,0,0,0,65,49,32,0,146,0,0,0,146
06/29/2018,PWM,ME,ANE,EN,Combined TRACON& Tower with Radar,67,47,30,0,144,0,1,50,0,51,67,48,80,0,195,73,0,73,268
06/30/2018,PWM,ME,ANE,EN,Combined TRACON& Tower with Radar,64,48,18,0,130,0,2,39,0,41,64,50,57,0,171,24,0,24,195
07/01/2018,PWM,ME,ANE,EN,Combined TRACON& Tower with Radar,66,51,25,0,142,0,6,37,0,43,66,57,62,0,185,8,0,8,193
07/02/2018,PWM,ME,ANE,EN,Combined TRACON& Tower with Radar,60,38,27,0,125,0,3,54,0,57,60,41,81,0,182,35,0,35,217
07/03/2018,PWM,ME,ANE,EN,Combined TRACON& Tower with Radar,59,36,23,9,127,0,6,45,0,51,59,42,68,9,178,12,0,12,190
07/04/2018,PWM,ME,ANE,EN,Combined TRACON& Tower with Radar,52,25,9,4,90,0,0,52,0,52,52,25,61,4,142,28,0,28,170
07/05/2018,PWM,ME,ANE,EN,Combined TRACON& Tower with Radar,65,44,23,4,136,0,5,60,0,65,65,49,83,4,201,0,0,0,201
07/06/2018,PWM,ME,ANE,EN,Combined TRACON& Tower with Radar,60,50,19,0,129,0,5,13,0,18,60,55,32,0,147,0,0,0,147
07/07/2018,PWM,ME,ANE,EN,Combined TRACON& Tower with Radar,64,47,23,1,135,0,2,81,2,85,64,49,104,3,220,53,0,53,273
07/08/2018,PWM,ME,ANE,EN,Combined TRACON& Tower with Radar,67,47,26,0,140,0,2,95,0,97,67,49,121,0,237,0,0,0,237
07/09/2018,PWM,ME,ANE,EN,Combined TRACON& Tower with Radar,73,41,24,0,138,0,1,60,0,61,73,42,84,0,199,26,0,26,225
07/10/2018,PWM,ME,ANE,EN,Combined TRACON& Tower with Radar,77,39,14,0,130,0,3,38,0,41,77,42,52,0,171,0,0,0,171
07/11/2018,PWM,ME,ANE,EN,Combined TRACON& Tower with Radar,75,51,16,18,160,0,3,42,5,50,75,54,58,23,210,6,0,6,216
07/12/2018,PWM,ME,ANE,EN,Combined TRACON& Tower with Radar,77,49,28,4,158,0,9,64,0,73,77,58,92,4,231,0,0,0,231
07/13/2018,PWM,ME,ANE,EN,Combined TRACON& Tower with Radar,74,68,25,2,169,0,5,64,0,69,74,73,89,2,238,23,0,23,261
07/14/2018,PWM,ME,ANE,EN,Combined TRACON& Tower with Radar,70,55,36,0,161,0,2,39,0,41,70,57,75,0,202,0,0,0,202
07/15/2018,PWM,ME,ANE,EN,Combined TRACON& Tower with Radar,66,62,41,0,169,0,3,24,1,28,66,65,65,1,197,14,0,14,211
07/16/2018,PWM,ME,ANE,EN,Combined TRACON& Tower with Radar,73,55,41,0,169,0,4,23,0,27,73,59,64,0,196,6,0,6,202
07/17/2018,PWM,ME,ANE,EN,Combined TRACON& Tower with Radar,69,52,29,0,150,0,0,0,0,0,69,52,29,0,150,0,0,0,150
07/18/2018,PWM,ME,ANE,EN,Combined TRACON& Tower with Radar,73,45,34,2,154,0,3,53,1,57,73,48,87,3,211,12,0,12,223
07/19/2018,PWM,ME,ANE,EN,Combined TRACON& Tower with Radar,75,79,40,1,195,1,4,78,6,89,76,83,118,7,284,0,0,0,284
07/20/2018,PWM,ME,ANE,EN,Combined TRACON& Tower with Radar,73,77,39,0,189,0,11,72,2,85,73,88,111,2,274,26,0,26,300
07/21/2018,PWM,ME,ANE,EN,Combined TRACON& Tower with Radar,65,77,39,0,181,0,2,51,0,53,65,79,90,0,234,26,0,26,260
07/22/2018,PWM,ME,ANE,EN,Combined TRACON& Tower with Radar,69,76,30,0,175,0,0,0,0,0,69,76,30,0,175,0,0,0,175
07/23/2018,PWM,ME,ANE,EN,Combined TRACON& Tower with Radar,56,52,44,0,152,0,0,1,0,1,56,52,45,0,153,0,0,0,153
07/24/2018,PWM,ME,ANE,EN,Combined TRACON& Tower with Radar,75,49,26,0,150,0,0,0,0,0,75,49,26,0,150,0,0,0,150
07/25/2018,PWM,ME,ANE,EN,Combined TRACON& Tower with Radar,66,46,30,0,142,0,0,0,0,0,66,46,30,0,142,0,0,0,142
07/26/2018,PWM,ME,ANE,EN,Combined TRACON& Tower with Radar,79,53,38,0,170,0,0,0,2,2,79,53,38,2,172,7,0,7,179
07/27/2018,PWM,ME,ANE,EN,Combined TRACON& Tower with Radar,65,36,44,2,147,0,2,57,0,59,65,38,101,2,206,0,0,0,206
07/28/2018,PWM,ME,ANE,EN,Combined TRACON& Tower with Radar,68,54,21,0,143,0,3,22,0,25,68,57,43,0,168,23,0,23,191
07/29/2018,PWM,ME,ANE,EN,Combined TRACON& Tower with Radar,74,52,37,1,164,0,7,53,0,60,74,59,90,1,224,0,0,0,224
07/30/2018,PWM,ME,ANE,EN,Combined TRACON& Tower with Radar,74,47,39,0,160,0,3,72,6,81,74,50,111,6,241,10,0,10,251
07/31/2018,PWM,ME,ANE,EN,Combined TRACON& Tower with Radar,78,51,21,0,150,0,7,66,2,75,78,58,87,2,225,10,0,10,235
08/01/2018,PWM,ME,ANE,EN,Combined TRACON& Tower with Radar,69,41,30,8,148,1,1,16,0,18,70,42,46,8,166,4,0,4,170
08/02/2018,PWM,ME,ANE,EN,Combined TRACON& Tower with Radar,67,53,22,2,144,0,0,46,8,54,67,53,68,10,198,12,10,22,220
08/03/2018,PWM,ME,ANE,EN,Combined TRACON& Tower with Radar,57,52,22,2,133,0,4,36,0,40,57,56,58,2,173,42,0,42,215
08/04/2018,PWM,ME,ANE,EN,Combined TRACON& Tower with Radar,61,51,16,0,128,0,0,18,0,18,61,51,34,0,146,20,0,20,166
08/05/2018,PWM,ME,ANE,EN,Combined TRACON& Tower with Radar,74,59,31,0,164,0,3,78,0,81,74,62,109,0,245,0,0,0,245
08/06/2018,PWM,ME,ANE,EN,Combined TRACON& Tower with Radar,74,43,30,2,149,0,9,81,3,93,74,52,111,5,242,52,0,52,294
08/07/2018,PWM,ME,ANE,EN,Combined TRACON& Tower with Radar,73,52,38,2,165,0,3,55,0,58,73,55,93,2,223,0,0,0,223
08/08/2018,PWM,ME,ANE,EN,Combined TRACON& Tower with Radar,71,53,19,0,143,0,2,15,0,17,71,55,34,0,160,40,0,40,200
08/09/2018,PWM,ME,ANE,EN,Combined TRACON& Tower with Radar,80,62,41,0,183,0,2,19,0,21,80,64,60,0,204,90,0,90,294
08/10/2018,PWM,ME,ANE,EN,Combined TRACON& Tower with Radar,81,56,38,0,175,0,9,71,0,80,81,65,109,0,255,44,0,44,299
08/11/2018,PWM,ME,ANE,EN,Combined TRACON& Tower with Radar,53,47,15,0,115,0,3,36,0,39,53,50,51,0,154,26,0,26,180
08/12/2018,PWM,ME,ANE,EN,Combined TRACON& Tower with Radar,69,60,33,0,162,0,0,8,0,8,69,60,41,0,170,0,0,0,170
08/13/2018,PWM,ME,ANE,EN,Combined TRACON& Tower with Radar,69,41,33,0,143,0,0,1,0,1,69,41,34,0,144,0,0,0,144
08/14/2018,PWM,ME,ANE,EN,Combined TRACON& Tower with Radar,81,47,31,0,159,0,0,3,0,3,81,47,34,0,162,0,0,0,162
08/15/2018,PWM,ME,ANE,EN,Combined TRACON& Tower with Radar,73,49,35,2,159,0,0,27,0,27,73,49,62,2,186,28,0,28,214
08/16/2018,PWM,ME,ANE,EN,Combined TRACON& Tower with Radar,77,61,42,2,182,0,3,84,3,90,77,64,126,5,272,32,0,32,304
08/17/2018,PWM,ME,ANE,EN,Combined TRACON& Tower with Radar,70,54,25,6,155,0,2,56,0,58,70,56,81,6,213,34,0,34,247
08/18/2018,PWM,ME,ANE,EN,Combined TRACON& Tower with Radar,64,40,16,0,120,0,1,19,0,20,64,41,35,0,140,20,0,20,160
08/19/2018,PWM,ME,ANE,EN,Combined TRACON& Tower with Radar,76,41,35,1,153,0,5,88,0,93,76,46,123,1,246,7,0,7,253
08/20/2018,PWM,ME,ANE,EN,Combined TRACON& Tower with Radar,71,40,36,1,148,0,4,79,0,83,71,44,115,1,231,14,0,14,245
08/21/2018,PWM,ME,ANE,EN,Combined TRACON& Tower with Radar,73,55,32,8,168,0,1,50,3,54,73,56,82,11,222,10,0,10,232
08/22/2018,PWM,ME,ANE,EN,Combined TRACON& Tower with Radar,73,50,30,1,154,0,1,1,1,3,73,51,31,2,157,0,0,0,157
08/23/2018,PWM,ME,ANE,EN,Combined TRACON& Tower with Radar,81,51,41,9,182,0,0,74,1,75,81,51,115,10,257,76,2,78,335
08/24/2018,PWM,ME,ANE,EN,Combined TRACON& Tower with Radar,78,56,28,0,162,0,1,73,0,74,78,57,101,0,236,35,0,35,271
08/25/2018,PWM,ME,ANE,EN,Combined TRACON& Tower with Radar,63,42,18,0,123,0,2,58,0,60,63,44,76,0,183,0,0,0,183
08/26/2018,PWM,ME,ANE,EN,Combined TRACON& Tower with Radar,76,48,16,2,142,0,1,60,0,61,76,49,76,2,203,16,0,16,219
08/27/2018,PWM,ME,ANE,EN,Combined TRACON& Tower with Radar,70,58,18,0,146,0,5,54,0,59,70,63,72,0,205,24,0,24,229
08/28/2018,PWM,ME,ANE,EN,Combined TRACON& Tower with Radar,76,51,20,1,148,0,4,38,0,42,76,55,58,1,190,0,0,0,190
08/29/2018,PWM,ME,ANE,EN,Combined TRACON& Tower with Radar,73,57,17,0,147,0,2,32,0,34,73,59,49,0,181,0,0,0,181
08/30/2018,PWM,ME,ANE,EN,Combined TRACON& Tower with Radar,79,61,37,2,179,0,2,35,0,37,79,63,72,2,216,9,0,9,225
08/31/2018,PWM,ME,ANE,EN,Combined TRACON& Tower with Radar,70,48,33,0,151,0,6,54,0,60,70,54,87,0,211,9,0,9,220
09/01/2018,PWM,ME,ANE,EN,Combined TRACON& Tower with Radar,54,42,8,2,106,0,3,59,0,62,54,45,67,2,168,20,0,20,188
09/02/2018,PWM,ME,ANE,EN,Combined TRACON& Tower with Radar,61,39,17,0,117,0,4,56,0,60,61,43,73,0,177,0,0,0,177
09/03/2018,PWM,ME,ANE,EN,Combined TRACON& Tower with Radar,59,41,22,0,122,0,2,45,1,48,59,43,67,1,170,13,0,13,183
09/04/2018,PWM,ME,ANE,EN,Combined TRACON& Tower with Radar,72,50,30,4,156,0,0,44,0,44,72,50,74,4,200,6,0,6,206
09/05/2018,PWM,ME,ANE,EN,Combined TRACON& Tower with Radar,66,52,19,2,139,0,2,29,3,34,66,54,48,5,173,0,0,0,173
09/06/2018,PWM,ME,ANE,EN,Combined TRACON& Tower with Radar,73,51,40,3,167,0,1,11,0,12,73,52,51,3,179,12,0,12,191
09/07/2018,PWM,ME,ANE,EN,Combined TRACON& Tower with Radar,61,49,27,0,137,0,5,69,0,74,61,54,96,0,211,32,0,32,243
09/08/2018,PWM,ME,ANE,EN,Combined TRACON& Tower with Radar,51,41,17,0,109,0,5,46,0,51,51,46,63,0,160,8,0,8,168
09/09/2018,PWM,ME,ANE,EN,Combined TRACON& Tower with Radar,71,33,20,0,124,0,3,54,0,57,71,36,74,0,181,0,0,0,181
09/10/2018,PWM,ME,ANE,EN,Combined TRACON& Tower with Radar,66,39,19,0,124,0,3,17,0,20,66,42,36,0,144,14,0,14,158
09/11/2018,PWM,ME,ANE,EN,Combined TRACON& Tower with Radar,70,47,26,0,143,0,0,1,0,1,70,47,27,0,144,0,0,0,144
09/12/2018,PWM,ME,ANE,EN,Combined TRACON& Tower with Radar,66,59,28,0,153,0,1,17,0,18,66,60,45,0,171,25,0,25,196
09/13/2018,PWM,ME,ANE,EN,Combined TRACON& Tower with Radar,71,51,28,2,152,0,0,37,4,41,71,51,65,6,193,22,0,22,215
09/14/2018,PWM,ME,ANE,EN,Combined TRACON& Tower with Radar,68,50,33,1,152,0,0,45,0,45,68,50,78,1,197,7,0,7,204
09/15/2018,PWM,ME,ANE,EN,Combined TRACON& Tower with Radar,51,44,15,0,110,0,0,32,0,32,51,44,47,0,142,26,0,26,168
09/16/2018,PWM,ME,ANE,EN,Combined TRACON& Tower with Radar,72,42,30,0,144,0,4,33,0,37,72,46,63,0,181,3,0,3,184
09/17/2018,PWM,ME,ANE,EN,Combined TRACON& Tower with Radar,68,46,20,4,138,0,2,40,1,43,68,48,60,5,181,0,0,0,181
09/18/2018,PWM,ME,ANE,EN,Combined TRACON& Tower with Radar,63,49,22,0,134,0,1,1,0,2,63,50,23,0,136,0,0,0,136
09/19/2018,PWM,ME,ANE,EN,Combined TRACON& Tower with Radar,67,52,37,0,156,0,1,26,0,27,67,53,63,0,183,19,0,19,202
09/20/2018,PWM,ME,ANE,EN,Combined TRACON& Tower with Radar,77,49,35,0,161,0,4,44,0,48,77,53,79,0,209,29,0,29,238
09/21/2018,PWM,ME,ANE,EN,Combined TRACON& Tower with Radar,71,53,33,0,157,0,0,55,0,55,71,53,88,0,212,16,0,16,228
09/22/2018,PWM,ME,ANE,EN,Combined TRACON& Tower with Radar,52,39,10,2,103,0,1,44,0,45,52,40,54,2,148,20,0,20,168
09/23/2018,PWM,ME,ANE,EN,Combined TRACON& Tower with Radar,70,42,23,0,135,0,2,62,0,64,70,44,85,0,199,2,0,2,201
09/24/2018,PWM,ME,ANE,EN,Combined TRACON& Tower with Radar,68,42,26,0,136,0,1,59,0,60,68,43,85,0,196,0,0,0,196
09/25/2018,PWM,ME,ANE,EN,Combined TRACON& Tower with Radar,66,53,22,2,143,0,3,14,4,21,66,56,36,6,164,6,0,6,170
09/26/2018,PWM,ME,ANE,EN,Combined TRACON& Tower with Radar,57,68,17,0,142,0,0,2,0,2,57,68,19,0,144,0,0,0,144
09/27/2018,PWM,ME,ANE,EN,Combined TRACON& Tower with Radar,79,50,28,0,157,0,0,53,0,53,79,50,81,0,210,30,0,30,240
09/28/2018,PWM,ME,ANE,EN,Combined TRACON& Tower with Radar,70,63,18,0,151,0,3,33,0,36,70,66,51,0,187,0,0,0,187
09/29/2018,PWM,ME,ANE,EN,Combined TRACON& Tower with Radar,53,46,16,2,117,0,1,77,0,78,53,47,93,2,195,4,0,4,199
09/30/2018,PWM,ME,ANE,EN,Combined TRACON& Tower with Radar,69,47,32,4,152,0,3,56,0,59,69,50,88,4,211,14,0,14,225
10/01/2018,PWM,ME,ANE,EN,Combined TRACON& Tower with Radar,70,45,37,0,152,0,0,0,0,0,70,45,37,0,152,0,0,0,152
10/02/2018,PWM,ME,ANE,EN,Combined TRACON& Tower with Radar,67,49,17,0,133,0,0,0,0,0,67,49,17,0,133,0,0,0,133
10/03/2018,PWM,ME,ANE,EN,Combined TRACON& Tower with Radar,70,45,38,2,155,0,4,23,2,29,70,49,61,4,184,25,0,25,209
10/04/2018,PWM,ME,ANE,EN,Combined TRACON& Tower with Radar,71,50,44,0,165,0,0,2,0,2,71,50,46,0,167,0,0,0,167
10/05/2018,PWM,ME,ANE,EN,Combined TRACON& Tower with Radar,64,53,25,0,142,0,1,57,1,59,64,54,82,1,201,34,0,34,235
10/06/2018,PWM,ME,ANE,EN,Combined TRACON& Tower with Radar,53,41,17,0,111,0,0,43,4,47,53,41,60,4,158,0,0,0,158
10/07/2018,PWM,ME,ANE,EN,Combined TRACON& Tower with Radar,65,54,28,0,147,0,0,8,3,11,65,54,36,3,158,0,0,0,158
10/08/2018,PWM,ME,ANE,EN,Combined TRACON& Tower with Radar,64,52,26,5,147,0,1,17,1,19,64,53,43,6,166,0,0,0,166
10/09/2018,PWM,ME,ANE,EN,Combined TRACON& Tower with Radar,70,52,29,0,151,0,2,18,0,20,70,54,47,0,171,0,0,0,171
10/10/2018,PWM,ME,ANE,EN,Combined TRACON& Tower with Radar,63,47,26,2,138,0,1,36,0,37,63,48,62,2,175,0,0,0,175
10/11/2018,PWM,ME,ANE,EN,Combined TRACON& Tower with Radar,62,45,26,0,133,0,0,0,0,0,62,45,26,0,133,0,0,0,133
10/12/2018,PWM,ME,ANE,EN,Combined TRACON& Tower with Radar,69,48,31,0,148,0,1,22,0,23,69,49,53,0,171,0,0,0,171
10/13/2018,PWM,ME,ANE,EN,Combined TRACON& Tower with Radar,52,42,16,0,110,0,0,38,0,38,52,42,54,0,148,22,0,22,170
10/14/2018,PWM,ME,ANE,EN,Combined TRACON& Tower with Radar,70,44,24,0,138,0,4,75,0,79,70,48,99,0,217,0,0,0,217
10/15/2018,PWM,ME,ANE,EN,Combined TRACON& Tower with Radar,64,54,19,0,137,0,0,12,0,12,64,54,31,0,149,0,0,0,149
10/16/2018,PWM,ME,ANE,EN,Combined TRACON& Tower with Radar,66,49,16,0,131,0,2,29,0,31,66,51,45,0,162,14,0,14,176
10/17/2018,PWM,ME,ANE,EN,Combined TRACON& Tower with Radar,64,49,22,0,135,0,1,17,0,18,64,50,39,0,153,21,0,21,174
10/18/2018,PWM,ME,ANE,EN,Combined TRACON& Tower with Radar,70,57,23,0,150,0,0,17,0,17,70,57,40,0,167,0,0,0,167
10/19/2018,PWM,ME,ANE,EN,Combined TRACON& Tower with Radar,69,52,23,1,145,0,3,73,0,76,69,55,96,1,221,16,0,16,237
10/20/2018,PWM,ME,ANE,EN,Combined TRACON& Tower with Radar,51,40,8,0,99,0,2,30,0,32,51,42,38,0,131,20,0,20,151
10/21/2018,PWM,ME,ANE,EN,Combined TRACON& Tower with Radar,63,49,20,0,132,0,1,18,0,19,63,50,38,0,151,0,0,0,151
10/22/2018,PWM,ME,ANE,EN,Combined TRACON& Tower with Radar,64,51,10,0,125,0,8,59,2,69,64,59,69,2,194,2,0,2,196
10/23/2018,PWM,ME,ANE,EN,Combined TRACON& Tower with Radar,64,48,38,6,156,0,0,9,0,9,64,48,47,6,165,0,0,0,165
10/24/2018,PWM,ME,ANE,EN,Combined TRACON& Tower with Radar,64,42,19,0,125,0,0,8,0,8,64,42,27,0,133,0,0,0,133
10/25/2018,PWM,ME,ANE,EN,Combined TRACON& Tower with Radar,69,45,35,0,149,0,1,28,0,29,69,46,63,0,178,26,0,26,204
10/26/2018,PWM,ME,ANE,EN,Combined TRACON& Tower with Radar,69,51,17,4,141,0,4,71,0,75,69,55,88,4,216,14,12,26,242
10/27/2018,PWM,ME,ANE,EN,Combined TRACON& Tower with Radar,51,38,3,0,92,0,0,0,0,0,51,38,3,0,92,0,0,0,92
10/28/2018,PWM,ME,ANE,EN,Combined TRACON& Tower with Radar,59,35,25,0,119,0,0,0,0,0,59,35,25,0,119,0,0,0,119
10/29/2018,PWM,ME,ANE,EN,Combined TRACON& Tower with Radar,54,46,20,9,129,0,0,1,0,1,54,46,21,9,130,0,0,0,130
10/30/2018,PWM,ME,ANE,EN,Combined TRACON& Tower with Radar,54,52,19,0,125,0,1,57,2,60,54,53,76,2,185,52,0,52,237
10/31/2018,PWM,ME,ANE,EN,Combined TRACON& Tower with Radar,48,46,16,0,110,0,1,36,2,39,48,47,52,2,149,20,0,20,169
11/01/2018,PWM,ME,ANE,EN,Combined TRACON& Tower with Radar,57,44,16,0,117,0,0,15,0,15,57,44,31,0,132,0,0,0,132
11/02/2018,PWM,ME,ANE,EN,Combined TRACON& Tower with Radar,52,40,3,0,95,0,0,0,0,0,52,40,3,0,95,0,0,0,95
11/03/2018,PWM,ME,ANE,EN,Combined TRACON& Tower with Radar,44,40,0,0,84,0,0,0,0,0,44,40,0,0,84,0,0,0,84
11/04/2018,PWM,ME,ANE,EN,Combined TRACON& Tower with Radar,57,37,17,2,113,0,5,55,1,61,57,42,72,3,174,8,0,8,182
11/05/2018,PWM,ME,ANE,EN,Combined TRACON& Tower with Radar,53,56,21,5,135,0,1,23,0,24,53,57,44,5,159,34,0,34,193
11/06/2018,PWM,ME,ANE,EN,Combined TRACON& Tower with Radar,51,42,15,0,108,0,0,0,0,0,51,42,15,0,108,0,0,0,108
11/07/2018,PWM,ME,ANE,EN,Combined TRACON& Tower with Radar,52,49,15,17,133,0,1,57,12,70,52,50,72,29,203,26,12,38,241
11/08/2018,PWM,ME,ANE,EN,Combined TRACON& Tower with Radar,56,51,27,0,134,0,5,63,0,68,56,56,90,0,202,16,0,16,218
11/09/2018,PWM,ME,ANE,EN,Combined TRACON& Tower with Radar,49,51,16,4,120,0,1,29,0,30,49,52,45,4,150,26,0,26,176
11/10/2018,PWM,ME,ANE,EN,Combined TRACON& Tower with Radar,40,36,10,0,86,0,1,1,0,2,40,37,11,0,88,0,0,0,88
11/11/2018,PWM,ME,ANE,EN,Combined TRACON& Tower with Radar,58,36,5,0,99,0,1,30,0,31,58,37,35,0,130,22,0,22,152
11/12/2018,PWM,ME,ANE,EN,Combined TRACON& Tower with Radar,56,46,19,0,121,0,1,58,0,59,56,47,77,0,180,10,0,10,190
11/13/2018,PWM,ME,ANE,EN,Combined TRACON& Tower with Radar,50,44,14,0,108,0,0,0,0,0,50,44,14,0,108,0,0,0,108
11/14/2018,PWM,ME,ANE,EN,Combined TRACON& Tower with Radar,51,51,22,0,124,0,0,13,0,13,51,51,35,0,137,12,0,12,149
11/15/2018,PWM,ME,ANE,EN,Combined TRACON& Tower with Radar,43,43,38,0,124,0,2,22,2,26,43,45,60,2,150,32,0,32,182
11/16/2018,PWM,ME,ANE,EN,Combined TRACON& Tower with Radar,51,49,12,0,112,0,0,0,0,0,51,49,12,0,112,0,0,0,112
11/17/2018,PWM,ME,ANE,EN,Combined TRACON& Tower with Radar,40,41,14,0,95,0,1,31,0,32,40,42,45,0,127,22,0,22,149
11/18/2018,PWM,ME,ANE,EN,Combined TRACON& Tower with Radar,49,35,16,1,101,0,6,45,1,52,49,41,61,2,153,22,0,22,175
11/19/2018,PWM,ME,ANE,EN,Combined TRACON& Tower with Radar,55,43,22,1,121,0,0,1,0,1,55,43,23,1,122,0,0,0,122
11/20/2018,PWM,ME,ANE,EN,Combined TRACON& Tower with Radar,59,49,17,0,125,0,0,0,0,0,59,49,17,0,125,0,0,0,125
11/21/2018,PWM,ME,ANE,EN,Combined TRACON& Tower with Radar,59,55,30,0,144,0,2,15,0,17,59,57,45,0,161,0,0,0,161
11/22/2018,PWM,ME,ANE,EN,Combined TRACON& Tower with Radar,29,18,5,0,52,0,0,3,0,3,29,18,8,0,55,0,0,0,55
11/23/2018,PWM,ME,ANE,EN,Combined TRACON& Tower with Radar,39,27,1,0,67,0,3,30,0,33,39,30,31,0,100,12,0,12,112
11/24/2018,PWM,ME,ANE,EN,Combined TRACON& Tower with Radar,41,51,13,0,105,0,1,27,0,28,41,52,40,0,133,24,0,24,157
11/25/2018,PWM,ME,ANE,EN,Combined TRACON& Tower with Radar,52,45,15,0,112,0,0,1,0,1,52,45,16,0,113,0,0,0,113
11/26/2018,PWM,ME,ANE,EN,Combined TRACON& Tower with Radar,55,42,14,0,111,0,0,0,0,0,55,42,14,0,111,0,0,0,111
11/27/2018,PWM,ME,ANE,EN,Combined TRACON& Tower with Radar,56,42,14,0,112,0,0,0,0,0,56,42,14,0,112,0,0,0,112
11/28/2018,PWM,ME,ANE,EN,Combined TRACON& Tower with Radar,48,52,32,0,132,0,0,12,0,12,48,52,44,0,144,0,0,0,144
11/29/2018,PWM,ME,ANE,EN,Combined TRACON& Tower with Radar,54,45,18,0,117,0,0,23,0,23,54,45,41,0,140,26,0,26,166
11/30/2018,PWM,ME,ANE,EN,Combined TRACON& Tower with Radar,56,45,17,0,118,0,2,31,0,33,56,47,48,0,151,20,0,20,171
12/01/2018,PWM,ME,ANE,EN,Combined TRACON& Tower with Radar,38,40,8,0,86,0,0,44,0,44,38,40,52,0,130,10,0,10,140
12/02/2018,PWM,ME,ANE,EN,Combined TRACON& Tower with Radar,44,32,15,0,91,0,0,0,0,0,44,32,15,0,91,0,0,0,91
12/03/2018,PWM,ME,ANE,EN,Combined TRACON& Tower with Radar,49,38,15,0,102,0,0,9,0,9,49,38,24,0,111,26,0,26,137
12/04/2018,PWM,ME,ANE,EN,Combined TRACON& Tower with Radar,48,51,9,0,108,0,1,44,0,45,48,52,53,0,153,24,0,24,177
12/05/2018,PWM,ME,ANE,EN,Combined TRACON& Tower with Radar,48,49,25,0,122,0,2,29,0,31,48,51,54,0,153,26,0,26,179
12/06/2018,PWM,ME,ANE,EN,Combined TRACON& Tower with Radar,52,46,12,0,110,0,4,31,3,38,52,50,43,3,148,8,0,8,156
12/07/2018,PWM,ME,ANE,EN,Combined TRACON& Tower with Radar,55,48,12,0,115,0,3,35,4,42,55,51,47,4,157,13,0,13,170
12/08/2018,PWM,ME,ANE,EN,Combined TRACON& Tower with Radar,36,37,12,0,85,0,4,32,0,36,36,41,44,0,121,0,0,0,121
12/09/2018,PWM,ME,ANE,EN,Combined TRACON& Tower with Radar,40,35,11,0,86,0,3,30,0,33,40,38,41,0,119,0,0,0,119
12/10/2018,PWM,ME,ANE,EN,Combined TRACON& Tower with Radar,53,47,28,0,128,0,4,44,0,48,53,51,72,0,176,0,0,0,176
12/11/2018,PWM,ME,ANE,EN,Combined TRACON& Tower with Radar,47,48,21,0,116,0,2,26,5,33,47,50,47,5,149,0,0,0,149
12/12/2018,PWM,ME,ANE,EN,Combined TRACON& Tower with Radar,52,48,11,0,111,0,2,26,0,28,52,50,37,0,139,28,0,28,167
12/13/2018,PWM,ME,ANE,EN,Combined TRACON& Tower with Radar,52,49,17,0,118,0,1,28,0,29,52,50,45,0,147,34,0,34,181
12/14/2018,PWM,ME,ANE,EN,Combined TRACON& Tower with Radar,51,61,14,0,126,0,0,11,0,11,51,61,25,0,137,16,0,16,153
12/15/2018,PWM,ME,ANE,EN,Combined TRACON& Tower with Radar,35,38,15,0,88,0,1,29,2,32,35,39,44,2,120,22,0,22,142
12/16/2018,PWM,ME,ANE,EN,Combined TRACON& Tower with Radar,43,42,4,0,89,0,0,12,0,12,43,42,16,0,101,0,0,0,101
12/17/2018,PWM,ME,ANE,EN,Combined TRACON& Tower with Radar,48,42,9,0,99,0,0,0,0,0,48,42,9,0,99,0,0,0,99
12/18/2018,PWM,ME,ANE,EN,Combined TRACON& Tower with Radar,48,50,8,0,106,0,0,7,0,7,48,50,15,0,113,0,0,0,113
12/19/2018,PWM,ME,ANE,EN,Combined TRACON& Tower with Radar,53,54,12,7,126,0,0,29,0,29,53,54,41,7,155,21,0,21,176
12/20/2018,PWM,ME,ANE,EN,Combined TRACON& Tower with Radar,54,50,20,0,124,0,1,41,0,42,54,51,61,0,166,4,0,4,170
12/21/2018,PWM,ME,ANE,EN,Combined TRACON& Tower with Radar,51,48,5,0,104,0,0,0,0,0,51,48,5,0,104,0,0,0,104
12/22/2018,PWM,ME,ANE,EN,Combined TRACON& Tower with Radar,33,50,12,0,95,0,0,4,0,4,33,50,16,0,99,10,0,10,109
12/23/2018,PWM,ME,ANE,EN,Combined TRACON& Tower with Radar,40,42,15,0,97,0,4,42,0,46,40,46,57,0,143,12,0,12,155
12/24/2018,PWM,ME,ANE,EN,Combined TRACON& Tower with Radar,34,32,6,0,72,0,2,14,0,16,34,34,20,0,88,14,0,14,102
12/25/2018,PWM,ME,ANE,EN,Combined TRACON& Tower with Radar,29,24,5,0,58,0,0,8,0,8,29,24,13,0,66,0,0,0,66
12/26/2018,PWM,ME,ANE,EN,Combined TRACON& Tower with Radar,37,49,7,0,93,0,5,38,0,43,37,54,45,0,136,48,0,48,184
12/27/2018,PWM,ME,ANE,EN,Combined TRACON& Tower with Radar,38,48,18,0,104,0,1,29,0,30,38,49,47,0,134,0,0,0,134
12/28/2018,PWM,ME,ANE,EN,Combined TRACON& Tower with Radar,45,46,9,0,100,0,0,0,0,0,45,46,9,0,100,0,0,0,100
12/29/2018,PWM,ME,ANE,EN,Combined TRACON& Tower with Radar,33,42,11,3,89,0,1,12,0,13,33,43,23,3,102,20,4,24,126
12/30/2018,PWM,ME,ANE,EN,Combined TRACON& Tower with Radar,37,35,10,0,82,0,1,23,0,24,37,36,33,0,106,18,0,18,124
12/31/2018,PWM,ME,ANE,EN,Combined TRACON& Tower with Radar,38,38,7,0,83,0,2,27,0,29,38,40,34,0,112,28,0,28,140
01/01/2019,PWM,ME,ANE,EN,Combined TRACON& Tower with Radar,37,29,6,0,72,0,3,7,0,10,37,32,13,0,82,10,0,10,92
01/02/2019,PWM,ME,ANE,EN,Combined TRACON& Tower with Radar,40,47,15,0,102,0,0,22,0,22,40,47,37,0,124,8,0,8,132
01/03/2019,PWM,ME,ANE,EN,Combined TRACON& Tower with Radar,41,48,5,2,96,0,0,15,0,15,41,48,20,2,111,0,0,0,111
01/04/2019,PWM,ME,ANE,EN,Combined TRACON& Tower with Radar,43,45,12,0,100,0,0,33,4,37,43,45,45,4,137,8,0,8,145
01/05/2019,PWM,ME,ANE,EN,Combined TRACON& Tower with Radar,43,39,4,0,86,0,0,0,0,0,43,39,4,0,86,0,0,0,86
01/06/2019,PWM,ME,ANE,EN,Combined TRACON& Tower with Radar,48,27,4,0,79,0,8,21,0,29,48,35,25,0,108,0,0,0,108
01/07/2019,PWM,ME,ANE,EN,Combined TRACON& Tower with Radar,49,32,16,0,97,0,1,22,0,23,49,33,38,0,120,0,0,0,120
01/08/2019,PWM,ME,ANE,EN,Combined TRACON& Tower with Radar,47,31,3,0,81,0,0,0,0,0,47,31,3,0,81,0,0,0,81
01/09/2019,PWM,ME,ANE,EN,Combined TRACON& Tower with Radar,53,38,4,0,95,0,0,0,0,0,53,38,4,0,95,0,0,0,95
01/10/2019,PWM,ME,ANE,EN,Combined TRACON& Tower with Radar,46,33,12,0,91,0,2,7,0,9,46,35,19,0,100,0,0,0,100
01/11/2019,PWM,ME,ANE,EN,Combined TRACON& Tower with Radar,50,33,13,7,103,0,2,12,2,16,50,35,25,9,119,10,0,10,129
01/12/2019,PWM,ME,ANE,EN,Combined TRACON& Tower with Radar,36,24,9,0,69,0,3,15,0,18,36,27,24,0,87,0,0,0,87
01/13/2019,PWM,ME,ANE,EN,Combined TRACON& Tower with Radar,41,19,10,0,70,0,0,31,0,31,41,19,41,0,101,4,0,4,105
01/14/2019,PWM,ME,ANE,EN,Combined TRACON& Tower with Radar,46,31,13,0,90,0,2,12,7,21,46,33,25,7,111,6,0,6,117
01/15/2019,PWM,ME,ANE,EN,Combined TRACON& Tower with Radar,46,38,9,0,93,0,6,25,0,31,46,44,34,0,124,0,0,0,124
01/16/2019,PWM,ME,ANE,EN,Combined TRACON& Tower with Radar,48,30,23,2,103,0,1,11,0,12,48,31,34,2,115,0,0,0,115
01/17/2019,PWM,ME,ANE,EN,Combined TRACON& Tower with Radar,45,34,23,0,102,0,1,19,0,20,45,35,42,0,122,0,0,0,122
01/18/2019,PWM,ME,ANE,EN,Combined TRACON& Tower with Radar,51,31,3,1,86,0,2,3,2,7,51,33,6,3,93,0,0,0,93
01/19/2019,PWM,ME,ANE,EN,Combined TRACON& Tower with Radar,28,23,5,0,56,0,3,22,0,25,28,26,27,0,81,24,0,24,105
01/20/2019,PWM,ME,ANE,EN,Combined TRACON& Tower with Radar,4,1,0,0,5,0,0,0,0,0,4,1,0,0,5,0,0,0,5
01/21/2019,PWM,ME,ANE,EN,Combined TRACON& Tower with Radar,44,32,12,0,88,0,2,2,0,4,44,34,14,0,92,0,0,0,92
01/22/2019,PWM,ME,ANE,EN,Combined TRACON& Tower with Radar,43,32,13,2,90,0,0,16,0,16,43,32,29,2,106,0,0,0,106
01/23/2019,PWM,ME,ANE,EN,Combined TRACON& Tower with Radar,46,32,18,2,98,0,1,10,0,11,46,33,28,2,109,0,0,0,109
01/24/2019,PWM,ME,ANE,EN,Combined TRACON& Tower with Radar,50,26,19,0,95,0,0,0,0,0,50,26,19,0,95,0,0,0,95
01/25/2019,PWM,ME,ANE,EN,Combined TRACON& Tower with Radar,48,34,12,0,94,0,4,26,4,34,48,38,38,4,128,10,0,10,138
01/26/2019,PWM,ME,ANE,EN,Combined TRACON& Tower with Radar,41,24,4,0,69,0,2,36,0,38,41,26,40,0,107,4,0,4,111
01/27/2019,PWM,ME,ANE,EN,Combined TRACON& Tower with Radar,43,22,7,0,72,0,0,10,0,10,43,22,17,0,82,0,0,0,82
01/28/2019,PWM,ME,ANE,EN,Combined TRACON& Tower with Radar,41,31,19,3,94,0,1,24,0,25,41,32,43,3,119,0,0,0,119
01/29/2019,PWM,ME,ANE,EN,Combined TRACON& Tower with Radar,45,36,15,2,98,0,0,5,0,5,45,36,20,2,103,0,0,0,103
01/30/2019,PWM,ME,ANE,EN,Combined TRACON& Tower with Radar,47,35,2,0,84,0,1,10,0,11,47,36,12,0,95,0,0,0,95
01/31/2019,PWM,ME,ANE,EN,Combined TRACON& Tower with Radar,46,38,10,0,94,0,1,6,0,7,46,39,16,0,101,0,0,0,101
02/01/2019,PWM,ME,ANE,EN,Combined TRACON& Tower with Radar,47,38,10,2,97,0,4,22,0,26,47,42,32,2,123,20,0,20,143
02/02/2019,PWM,ME,ANE,EN,Combined TRACON& Tower with Radar,36,36,6,0,78,0,0,18,0,18,36,36,24,0,96,4,0,4,100
02/03/2019,PWM,ME,ANE,EN,Combined TRACON& Tower with Radar,39,22,4,0,65,0,0,11,1,12,39,22,15,1,77,8,0,8,85
02/04/2019,PWM,ME,ANE,EN,Combined TRACON& Tower with Radar,46,34,21,1,102,0,2,19,0,21,46,36,40,1,123,24,0,24,147
02/05/2019,PWM,ME,ANE,EN,Combined TRACON& Tower with Radar,47,30,18,0,95,0,1,21,1,23,47,31,39,1,118,15,0,15,133
02/06/2019,PWM,ME,ANE,EN,Combined TRACON& Tower with Radar,49,33,23,0,105,0,2,25,4,31,49,35,48,4,136,31,0,31,167
02/07/2019,PWM,ME,ANE,EN,Combined TRACON& Tower with Radar,48,32,14,0,94,0,0,0,0,0,48,32,14,0,94,0,0,0,94
02/08/2019,PWM,ME,ANE,EN,Combined TRACON& Tower with Radar,51,30,8,0,89,0,2,4,0,6,51,32,12,0,95,0,0,0,95
02/09/2019,PWM,ME,ANE,EN,Combined TRACON& Tower with Radar,37,25,8,0,70,0,1,1,2,4,37,26,9,2,74,0,0,0,74
02/10/2019,PWM,ME,ANE,EN,Combined TRACON& Tower with Radar,42,23,9,0,74,0,2,41,1,44,42,25,50,1,118,28,0,28,146
02/11/2019,PWM,ME,ANE,EN,Combined TRACON& Tower with Radar,43,32,19,0,94,0,2,8,0,10,43,34,27,0,104,27,0,27,131
02/12/2019,PWM,ME,ANE,EN,Combined TRACON& Tower with Radar,38,26,12,0,76,0,0,7,0,7,38,26,19,0,83,0,0,0,83
02/13/2019,PWM,ME,ANE,EN,Combined TRACON& Tower with Radar,45,38,3,2,88,0,0,0,0,0,45,38,3,2,88,0,0,0,88
02/14/2019,PWM,ME,ANE,EN,Combined TRACON& Tower with Radar,48,41,14,0,103,0,0,20,0,20,48,41,34,0,123,30,0,30,153
02/15/2019,PWM,ME,ANE,EN,Combined TRACON& Tower with Radar,46,48,3,0,97,0,2,0,0,2,46,50,3,0,99,0,0,0,99
02/16/2019,PWM,ME,ANE,EN,Combined TRACON& Tower with Radar,31,41,11,0,83,0,1,25,0,26,31,42,36,0,109,6,0,6,115
02/17/2019,PWM,ME,ANE,EN,Combined TRACON& Tower with Radar,35,35,7,0,77,0,3,40,0,43,35,38,47,0,120,42,0,42,162
02/18/2019,PWM,ME,ANE,EN,Combined TRACON& Tower with Radar,40,43,5,0,88,0,1,0,0,1,40,44,5,0,89,0,0,0,89
02/19/2019,PWM,ME,ANE,EN,Combined TRACON& Tower with Radar,43,42,11,4,100,0,5,19,0,24,43,47,30,4,124,6,0,6,130
02/20/2019,PWM,ME,ANE,EN,Combined TRACON& Tower with Radar,33,34,17,5,89,0,1,17,2,20,33,35,34,7,109,28,0,28,137
02/21/2019,PWM,ME,ANE,EN,Combined TRACON& Tower with Radar,44,38,5,0,87,0,0,10,0,10,44,38,15,0,97,0,0,0,97
02/22/2019,PWM,ME,ANE,EN,Combined TRACON& Tower with Radar,45,40,15,5,105,0,2,37,0,39,45,42,52,5,144,0,0,0,144
02/23/2019,PWM,ME,ANE,EN,Combined TRACON& Tower with Radar,35,36,6,0,77,0,2,45,0,47,35,38,51,0,124,22,0,22,146
02/24/2019,PWM,ME,ANE,EN,Combined TRACON& Tower with Radar,38,37,3,0,78,0,0,0,0,0,38,37,3,0,78,0,0,0,78
02/25/2019,PWM,ME,ANE,EN,Combined TRACON& Tower with Radar,42,36,9,0,87,0,0,3,0,3,42,36,12,0,90,0,0,0,90
02/26/2019,PWM,ME,ANE,EN,Combined TRACON& Tower with Radar,42,46,11,0,99,0,2,9,0,11,42,48,20,0,110,0,0,0,110
02/27/2019,PWM,ME,ANE,EN,Combined TRACON& Tower with Radar,46,44,16,4,110,0,1,20,1,22,46,45,36,5,132,6,0,6,138
02/28/2019,PWM,ME,ANE,EN,Combined TRACON& Tower with Radar,44,42,19,0,105,0,1,20,0,21,44,43,39,0,126,14,0,14,140
03/01/2019,PWM,ME,ANE,EN,Combined TRACON& Tower with Radar,43,41,12,0,96,0,0,27,0,27,43,41,39,0,123,0,0,0,123
03/02/2019,PWM,ME,ANE,EN,Combined TRACON& Tower with Radar,33,40,8,0,81,0,0,0,0,0,33,40,8,0,81,0,0,0,81
03/03/2019,PWM,ME,ANE,EN,Combined TRACON& Tower with Radar,33,34,9,0,76,0,1,25,0,26,33,35,34,0,102,0,0,0,102
03/04/2019,PWM,ME,ANE,EN,Combined TRACON& Tower with Radar,37,36,4,0,77,0,2,0,0,2,37,38,4,0,79,0,0,0,79
03/05/2019,PWM,ME,ANE,EN,Combined TRACON& Tower with Radar,40,53,17,3,113,0,0,42,0,42,40,53,59,3,155,34,0,34,189
03/06/2019,PWM,ME,ANE,EN,Combined TRACON& Tower with Radar,42,50,10,0,102,0,0,16,0,16,42,50,26,0,118,7,0,7,125
03/07/2019,PWM,ME,ANE,EN,Combined TRACON& Tower with Radar,41,52,15,0,108,0,3,16,0,19,41,55,31,0,127,10,0,10,137
03/08/2019,PWM,ME,ANE,EN,Combined TRACON& Tower with Radar,43,45,13,1,102,0,5,38,0,43,43,50,51,1,145,22,0,22,167
03/09/2019,PWM,ME,ANE,EN,Combined TRACON& Tower with Radar,28,42,15,0,85,0,4,47,1,52,28,46,62,1,137,0,0,0,137
03/10/2019,PWM,ME,ANE,EN,Combined TRACON& Tower with Radar,38,35,3,0,76,0,0,0,0,0,38,35,3,0,76,0,0,0,76
03/11/2019,PWM,ME,ANE,EN,Combined TRACON& Tower with Radar,42,51,17,0,110,0,2,10,0,12,42,53,27,0,122,0,0,0,122
03/12/2019,PWM,ME,ANE,EN,Combined TRACON& Tower with Radar,37,47,18,0,102,0,3,18,2,23,37,50,36,2,125,3,0,3,128
03/13/2019,PWM,ME,ANE,EN,Combined TRACON& Tower with Radar,40,48,16,0,104,0,5,36,0,41,40,53,52,0,145,68,0,68,213
03/14/2019,PWM,ME,ANE,EN,Combined TRACON& Tower with Radar,40,49,21,0,110,0,0,24,2,26,40,49,45,2,136,8,0,8,144
03/15/2019,PWM,ME,ANE,EN,Combined TRACON& Tower with Radar,37,51,18,0,106,0,0,3,2,5,37,51,21,2,111,0,0,0,111
03/16/2019,PWM,ME,ANE,EN,Combined TRACON& Tower with Radar,30,43,4,0,77,0,3,7,0,10,30,46,11,0,87,2,0,2,89
03/17/2019,PWM,ME,ANE,EN,Combined TRACON& Tower with Radar,39,32,4,0,75,0,0,30,0,30,39,32,34,0,105,0,0,0,105
03/18/2019,PWM,ME,ANE,EN,Combined TRACON& Tower with Radar,40,43,19,0,102,0,2,30,0,32,40,45,49,0,134,8,0,8,142
03/19/2019,PWM,ME,ANE,EN,Combined TRACON& Tower with Radar,38,47,11,0,96,0,3,32,0,35,38,50,43,0,131,40,0,40,171
03/20/2019,PWM,ME,ANE,EN,Combined TRACON& Tower with Radar,42,45,16,0,103,0,4,34,7,45,42,49,50,7,148,62,0,62,210
03/21/2019,PWM,ME,ANE,EN,Combined TRACON& Tower with Radar,34,42,17,0,93,0,4,15,0,19,34,46,32,0,112,14,0,14,126
03/22/2019,PWM,ME,ANE,EN,Combined TRACON& Tower with Radar,40,41,1,0,82,0,0,0,0,0,40,41,1,0,82,0,0,0,82
03/23/2019,PWM,ME,ANE,EN,Combined TRACON& Tower with Radar,28,38,7,2,75,0,0,3,0,3,28,38,10,2,78,0,0,0,78
03/24/2019,PWM,ME,ANE,EN,Combined TRACON& Tower with Radar,37,35,11,0,83,0,2,62,0,64,37,37,73,0,147,40,0,40,187
03/25/2019,PWM,ME,ANE,EN,Combined TRACON& Tower with Radar,40,43,18,0,101,0,0,20,0,20,40,43,38,0,121,12,0,12,133
03/26/2019,PWM,ME,ANE,EN,Combined TRACON& Tower with Radar,39,53,10,0,102,0,0,42,0,42,39,53,52,0,144,0,0,0,144
03/27/2019,PWM,ME,ANE,EN,Combined TRACON& Tower with Radar,40,48,20,5,113,0,0,30,4,34,40,48,50,9,147,0,4,4,151
03/28/2019,PWM,ME,ANE,EN,Combined TRACON& Tower with Radar,41,43,17,0,101,0,2,26,0,28,41,45,43,0,129,0,0,0,129
03/29/2019,PWM,ME,ANE,EN,Combined TRACON& Tower with Radar,38,42,18,2,100,0,2,18,0,20,38,44,36,2,120,28,0,28,148
03/30/2019,PWM,ME,ANE,EN,Combined TRACON& Tower with Radar,29,39,8,0,76,0,0,4,0,4,29,39,12,0,80,6,0,6,86
03/31/2019,PWM,ME,ANE,EN,Combined TRACON& Tower with Radar,44,35,4,0,83,0,0,3,0,3,44,35,7,0,86,0,0,0,86
04/01/2019,PWM,ME,ANE,EN,Combined TRACON& Tower with Radar,45,42,7,3,97,0,1,22,0,23,45,43,29,3,120,6,4,10,130
04/02/2019,PWM,ME,ANE,EN,Combined TRACON& Tower with Radar,46,49,14,0,109,0,2,43,1,46,46,51,57,1,155,10,0,10,165
04/03/2019,PWM,ME,ANE,EN,Combined TRACON& Tower with Radar,50,47,13,0,110,0,0,10,0,10,50,47,23,0,120,0,0,0,120
04/04/2019,PWM,ME,ANE,EN,Combined TRACON& Tower with Radar,43,50,26,0,119,0,8,2,0,10,43,58,28,0,129,0,0,0,129
04/05/2019,PWM,ME,ANE,EN,Combined TRACON& Tower with Radar,44,53,12,0,109,0,0,39,0,39,44,53,51,0,148,28,0,28,176
04/06/2019,PWM,ME,ANE,EN,Combined TRACON& Tower with Radar,32,43,18,0,93,0,2,34,0,36,32,45,52,0,129,8,0,8,137
04/07/2019,PWM,ME,ANE,EN,Combined TRACON& Tower with Radar,37,39,11,0,87,0,0,65,0,65,37,39,76,0,152,32,0,32,184
04/08/2019,PWM,ME,ANE,EN,Combined TRACON& Tower with Radar,42,42,17,0,101,0,0,0,0,0,42,42,17,0,101,0,0,0,101
04/09/2019,PWM,ME,ANE,EN,Combined TRACON& Tower with Radar,43,46,10,0,99,0,0,0,0,0,43,46,10,0,99,0,0,0,99
04/10/2019,PWM,ME,ANE,EN,Combined TRACON& Tower with Radar,41,51,35,0,127,0,1,9,0,10,41,52,44,0,137,12,0,12,149
04/11/2019,PWM,ME,ANE,EN,Combined TRACON& Tower with Radar,45,54,24,10,133,0,0,56,0,56,45,54,80,10,189,22,0,22,211
04/12/2019,PWM,ME,ANE,EN,Combined TRACON& Tower with Radar,46,46,31,2,125,0,1,23,0,24,46,47,54,2,149,72,0,72,221
04/13/2019,PWM,ME,ANE,EN,Combined TRACON& Tower with Radar,34,55,11,0,100,0,1,5,1,7,34,56,16,1,107,20,0,20,127
04/14/2019,PWM,ME,ANE,EN,Combined TRACON& Tower with Radar,40,36,21,0,97,0,0,52,0,52,40,36,73,0,149,10,0,10,159
04/15/2019,PWM,ME,ANE,EN,Combined TRACON& Tower with Radar,41,50,6,1,98,0,1,1,0,2,41,51,7,1,100,0,0,0,100
04/16/2019,PWM,ME,ANE,EN,Combined TRACON& Tower with Radar,47,48,15,0,110,0,4,9,0,13,47,52,24,0,123,0,0,0,123
04/17/2019,PWM,ME,ANE,EN,Combined TRACON& Tower with Radar,44,56,30,2,132,0,2,60,0,62,44,58,90,2,194,48,0,48,242
04/18/2019,PWM,ME,ANE,EN,Combined TRACON& Tower with Radar,45,51,35,0,131,0,0,18,5,23,45,51,53,5,154,20,0,20,174
04/19/2019,PWM,ME,ANE,EN,Combined TRACON& Tower with Radar,43,47,4,6,100,0,1,9,0,10,43,48,13,6,110,40,6,46,156
04/20/2019,PWM,ME,ANE,EN,Combined TRACON& Tower with Radar,33,46,6,0,85,0,0,0,0,0,33,46,6,0,85,0,0,0,85
04/21/2019,PWM,ME,ANE,EN,Combined TRACON& Tower with Radar,34,37,28,0,99,0,0,0,0,0,34,37,28,0,99,0,0,0,99
04/22/2019,PWM,ME,ANE,EN,Combined TRACON& Tower with Radar,44,47,28,2,121,0,0,3,0,3,44,47,31,2,124,0,0,0,124
04/23/2019,PWM,ME,ANE,EN,Combined TRACON& Tower with Radar,44,44,25,0,113,0,1,0,0,1,44,45,25,0,114,0,0,0,114
04/24/2019,PWM,ME,ANE,EN,Combined TRACON& Tower with Radar,43,52,22,0,117,0,0,1,0,1,43,52,23,0,118,4,0,4,122
04/25/2019,PWM,ME,ANE,EN,Combined TRACON& Tower with Radar,45,50,21,0,116,0,5,73,4,82,45,55,94,4,198,8,0,8,206
04/26/2019,PWM,ME,ANE,EN,Combined TRACON& Tower with Radar,40,41,17,0,98,0,0,0,0,0,40,41,17,0,98,0,0,0,98
04/27/2019,PWM,ME,ANE,EN,Combined TRACON& Tower with Radar,32,40,7,0,79,0,1,7,0,8,32,41,14,0,87,0,0,0,87
04/28/2019,PWM,ME,ANE,EN,Combined TRACON& Tower with Radar,42,50,14,0,106,0,5,37,0,42,42,55,51,0,148,2,0,2,150
04/29/2019,PWM,ME,ANE,EN,Combined TRACON& Tower with Radar,46,44,16,0,106,0,3,47,0,50,46,47,63,0,156,26,0,26,182
04/30/2019,PWM,ME,ANE,EN,Combined TRACON& Tower with Radar,48,47,20,3,118,0,4,11,2,17,48,51,31,5,135,0,0,0,135
05/01/2019,PWM,ME,ANE,EN,Combined TRACON& Tower with Radar,52,51,37,0,140,0,5,37,2,44,52,56,74,2,184,35,0,35,219
05/02/2019,PWM,ME,ANE,EN,Combined TRACON& Tower with Radar,46,48,24,0,118,0,0,0,0,0,46,48,24,0,118,0,0,0,118
05/03/2019,PWM,ME,ANE,EN,Combined TRACON& Tower with Radar,53,47,24,0,124,0,0,1,1,2,53,47,25,1,126,0,0,0,126
05/04/2019,PWM,ME,ANE,EN,Combined TRACON& Tower with Radar,45,33,21,1,100,0,0,15,0,15,45,33,36,1,115,4,0,4,119
05/05/2019,PWM,ME,ANE,EN,Combined TRACON& Tower with Radar,48,25,18,1,92,0,2,16,0,18,48,27,34,1,110,4,0,4,114
05/06/2019,PWM,ME,ANE,EN,Combined TRACON& Tower with Radar,57,30,20,0,107,0,2,53,0,55,57,32,73,0,162,58,0,58,220
05/07/2019,PWM,ME,ANE,EN,Combined TRACON& Tower with Radar,58,41,31,0,130,0,1,26,0,27,58,42,57,0,157,22,0,22,179
05/08/2019,PWM,ME,ANE,EN,Combined TRACON& Tower with Radar,60,43,34,0,137,0,2,54,0,56,60,45,88,0,193,18,0,18,211
05/09/2019,PWM,ME,ANE,EN,Combined TRACON& Tower with Radar,56,37,35,2,130,0,5,38,2,45,56,42,73,4,175,30,0,30,205
05/10/2019,PWM,ME,ANE,EN,Combined TRACON& Tower with Radar,63,37,12,0,112,0,0,0,0,0,63,37,12,0,112,0,0,0,112
05/11/2019,PWM,ME,ANE,EN,Combined TRACON& Tower with Radar,44,29,11,2,86,0,5,30,0,35,44,34,41,2,121,66,0,66,187
05/12/2019,PWM,ME,ANE,EN,Combined TRACON& Tower with Radar,53,24,12,0,89,0,2,38,0,40,53,26,50,0,129,24,0,24,153
05/13/2019,PWM,ME,ANE,EN,Combined TRACON& Tower with Radar,56,33,30,0,119,0,5,13,0,18,56,38,43,0,137,38,0,38,175
05/14/2019,PWM,ME,ANE,EN,Combined TRACON& Tower with Radar,58,36,12,0,106,0,0,0,0,0,58,36,12,0,106,0,0,0,106
05/15/2019,PWM,ME,ANE,EN,Combined TRACON& Tower with Radar,59,45,16,1,121,0,0,28,0,28,59,45,44,1,149,46,0,46,195
05/16/2019,PWM,ME,ANE,EN,Combined TRACON& Tower with Radar,56,37,28,1,122,0,3,34,0,37,56,40,62,1,159,74,0,74,233
05/17/2019,PWM,ME,ANE,EN,Combined TRACON& Tower with Radar,60,46,30,0,136,0,0,0,0,0,60,46,30,0,136,0,0,0,136
05/18/2019,PWM,ME,ANE,EN,Combined TRACON& Tower with Radar,45,33,16,0,94,0,2,52,0,54,45,35,68,0,148,10,0,10,158
05/19/2019,PWM,ME,ANE,EN,Combined TRACON& Tower with Radar,54,29,38,0,121,0,0,24,0,24,54,29,62,0,145,6,0,6,151
05/20/2019,PWM,ME,ANE,EN,Combined TRACON& Tower with Radar,54,34,16,0,104,0,2,8,0,10,54,36,24,0,114,12,0,12,126
05/21/2019,PWM,ME,ANE,EN,Combined TRACON& Tower with Radar,58,46,26,1,131,0,0,10,1,11,58,46,36,2,142,0,0,0,142
05/22/2019,PWM,ME,ANE,EN,Combined TRACON& Tower with Radar,60,41,28,4,133,0,1,45,2,48,60,42,73,6,181,22,0,22,203
05/23/2019,PWM,ME,ANE,EN,Combined TRACON& Tower with Radar,54,43,32,2,131,0,1,44,0,45,54,44,76,2,176,35,0,35,211
05/24/2019,PWM,ME,ANE,EN,Combined TRACON& Tower with Radar,59,50,29,0,138,0,2,11,2,15,59,52,40,2,153,0,0,0,153
05/25/2019,PWM,ME,ANE,EN,Combined TRACON& Tower with Radar,48,31,13,0,92,0,4,63,2,69,48,35,76,2,161,18,0,18,179
05/26/2019,PWM,ME,ANE,EN,Combined TRACON& Tower with Radar,42,30,10,0,82,0,0,30,0,30,42,30,40,0,112,18,0,18,130
05/27/2019,PWM,ME,ANE,EN,Combined TRACON& Tower with Radar,56,32,24,0,112,0,4,77,0,81,56,36,101,0,193,24,0,24,217
05/28/2019,PWM,ME,ANE,EN,Combined TRACON& Tower with Radar,51,33,20,0,104,0,3,23,0,26,51,36,43,0,130,12,0,12,142
05/29/2019,PWM,ME,ANE,EN,Combined TRACON& Tower with Radar,51,35,30,0,116,0,0,11,0,11,51,35,41,0,127,8,0,8,135
05/30/2019,PWM,ME,ANE,EN,Combined TRACON& Tower with Radar,51,38,24,0,113,0,0,6,0,6,51,38,30,0,119,0,0,0,119
05/31/2019,PWM,ME,ANE,EN,Combined TRACON& Tower with Radar,59,33,23,4,119,0,1,45,0,46,59,34,68,4,165,28,0,28,193
06/01/2019,PWM,ME,ANE,EN,Combined TRACON& Tower with Radar,48,39,16,0,103,0,2,51,0,53,48,41,67,0,156,34,0,34,190
06/02/2019,PWM,ME,ANE,EN,Combined TRACON& Tower with Radar,44,32,15,0,91,0,0,2,0,2,44,32,17,0,93,0,0,0,93
06/03/2019,PWM,ME,ANE,EN,Combined TRACON& Tower with Radar,53,48,13,0,114,0,3,25,0,28,53,51,38,0,142,0,0,0,142
06/04/2019,PWM,ME,ANE,EN,Combined TRACON& Tower with Radar,51,43,26,0,120,0,4,66,0,70,51,47,92,0,190,30,0,30,220
06/05/2019,PWM,ME,ANE,EN,Combined TRACON& Tower with Radar,53,51,24,2,130,0,0,9,0,9,53,51,33,2,139,0,0,0,139
06/06/2019,PWM,ME,ANE,EN,Combined TRACON& Tower with Radar,55,46,30,6,137,0,1,28,0,29,55,47,58,6,166,26,0,26,192
06/07/2019,PWM,ME,ANE,EN,Combined TRACON& Tower with Radar,58,54,31,0,143,0,11,72,0,83,58,65,103,0,226,26,0,26,252
06/08/2019,PWM,ME,ANE,EN,Combined TRACON& Tower with Radar,58,36,14,0,108,0,4,50,0,54,58,40,64,0,162,24,0,24,186
06/09/2019,PWM,ME,ANE,EN,Combined TRACON& Tower with Radar,59,31,14,0,104,0,2,46,0,48,59,33,60,0,152,32,0,32,184
06/10/2019,PWM,ME,ANE,EN,Combined TRACON& Tower with Radar,60,34,23,2,119,0,3,44,0,47,60,37,67,2,166,0,0,0,166
06/11/2019,PWM,ME,ANE,EN,Combined TRACON& Tower with Radar,63,47,19,0,129,0,2,7,0,9,63,49,26,0,138,6,0,6,144
06/12/2019,PWM,ME,ANE,EN,Combined TRACON& Tower with Radar,61,48,33,2,144,0,2,44,1,47,61,50,77,3,191,12,0,12,203
06/13/2019,PWM,ME,ANE,EN,Combined TRACON& Tower with Radar,60,38,18,0,116,0,0,3,0,3,60,38,21,0,119,0,0,0,119
06/14/2019,PWM,ME,ANE,EN,Combined TRACON& Tower with Radar,71,47,30,0,148,0,2,10,2,14,71,49,40,2,162,16,0,16,178
06/15/2019,PWM,ME,ANE,EN,Combined TRACON& Tower with Radar,68,28,11,2,109,0,3,51,1,55,68,31,62,3,164,36,0,36,200
06/16/2019,PWM,ME,ANE,EN,Combined TRACON& Tower with Radar,66,28,21,1,116,0,1,7,1,9,66,29,28,2,125,0,0,0,125
06/17/2019,PWM,ME,ANE,EN,Combined TRACON& Tower with Radar,63,42,33,0,138,0,0,66,2,68,63,42,99,2,206,52,0,52,258
06/18/2019,PWM,ME,ANE,EN,Combined TRACON& Tower with Radar,62,36,26,0,124,0,2,37,0,39,62,38,63,0,163,56,0,56,219
06/19/2019,PWM,ME,ANE,EN,Combined TRACON& Tower with Radar,66,42,48,0,156,0,0,2,2,4,66,42,50,2,160,22,0,22,182
06/20/2019,PWM,ME,ANE,EN,Combined TRACON& Tower with Radar,57,39,24,0,120,0,0,0,0,0,57,39,24,0,120,0,0,0,120
06/21/2019,PWM,ME,ANE,EN,Combined TRACON& Tower with Radar,66,56,34,1,157,0,2,13,1,16,66,58,47,2,173,0,12,12,185
06/22/2019,PWM,ME,ANE,EN,Combined TRACON& Tower with Radar,71,42,15,1,129,0,3,45,1,49,71,45,60,2,178,0,0,0,178
06/23/2019,PWM,ME,ANE,EN,Combined TRACON& Tower with Radar,60,39,27,0,126,0,2,49,0,51,60,41,76,0,177,6,0,6,183
06/24/2019,PWM,ME,ANE,EN,Combined TRACON& Tower with Radar,65,41,36,0,142,0,2,85,0,87,65,43,121,0,229,8,0,8,237
06/25/2019,PWM,ME,ANE,EN,Combined TRACON& Tower with Radar,67,53,27,3,150,0,0,18,0,18,67,53,45,3,168,10,0,10,178
06/26/2019,PWM,ME,ANE,EN,Combined TRACON& Tower with Radar,70,56,39,2,167,0,0,9,0,9,70,56,48,2,176,18,0,18,194
06/27/2019,PWM,ME,ANE,EN,Combined TRACON& Tower with Radar,65,57,44,6,172,0,0,13,0,13,65,57,57,6,185,8,0,8,193
06/28/2019,PWM,ME,ANE,EN,Combined TRACON& Tower with Radar,66,42,34,2,144,0,11,63,0,74,66,53,97,2,218,52,0,52,270
06/29/2019,PWM,ME,ANE,EN,Combined TRACON& Tower with Radar,67,29,24,0,120,0,2,19,0,21,67,31,43,0,141,18,0,18,159
06/30/2019,PWM,ME,ANE,EN,Combined TRACON& Tower with Radar,61,28,27,0,116,0,0,5,0,5,61,28,32,0,121,0,0,0,121
07/01/2019,PWM,ME,ANE,EN,Combined TRACON& Tower with Radar,66,37,26,2,131,0,4,85,0,89,66,41,111,2,220,32,0,32,252
07/02/2019,PWM,ME,ANE,EN,Combined TRACON& Tower with Radar,61,47,27,0,135,0,5,76,2,83,61,52,103,2,218,54,0,54,272
07/03/2019,PWM,ME,ANE,EN,Combined TRACON& Tower with Radar,63,50,23,0,136,0,4,73,4,81,63,54,96,4,217,42,0,42,259
07/04/2019,PWM,ME,ANE,EN,Combined TRACON& Tower with Radar,48,22,8,0,78,0,2,52,1,55,48,24,60,1,133,16,0,16,149
07/05/2019,PWM,ME,ANE,EN,Combined TRACON& Tower with Radar,69,25,18,0,112,0,5,39,1,45,69,30,57,1,157,4,0,4,161
07/06/2019,PWM,ME,ANE,EN,Combined TRACON& Tower with Radar,64,35,20,0,119,0,1,16,2,19,64,36,36,2,138,2,0,2,140
07/07/2019,PWM,ME,ANE,EN,Combined TRACON& Tower with Radar,68,48,36,0,152,0,5,63,0,68,68,53,99,0,220,0,0,0,220
07/08/2019,PWM,ME,ANE,EN,Combined TRACON& Tower with Radar,64,50,26,2,142,0,1,55,3,59,64,51,81,5,201,30,2,32,233
07/09/2019,PWM,ME,ANE,EN,Combined TRACON& Tower with Radar,68,43,17,3,131,0,1,35,3,39,68,44,52,6,170,44,0,44,214
07/10/2019,PWM,ME,ANE,EN,Combined TRACON& Tower with Radar,75,43,24,3,145,0,1,58,1,60,75,44,82,4,205,6,0,6,211
07/11/2019,PWM,ME,ANE,EN,Combined TRACON& Tower with Radar,57,37,33,0,127,0,1,4,0,5,57,38,37,0,132,0,0,0,132
07/12/2019,PWM,ME,ANE,EN,Combined TRACON& Tower with Radar,72,42,23,0,137,0,0,11,0,11,72,42,34,0,148,0,0,0,148
07/13/2019,PWM,ME,ANE,EN,Combined TRACON& Tower with Radar,74,39,20,5,138,0,6,63,2,71,74,45,83,7,209,12,0,12,221
07/14/2019,PWM,ME,ANE,EN,Combined TRACON& Tower with Radar,62,48,29,0,139,0,9,64,1,74,62,57,93,1,213,24,0,24,237
07/15/2019,PWM,ME,ANE,EN,Combined TRACON& Tower with Radar,70,46,43,0,159,0,3,55,0,58,70,49,98,0,217,12,0,12,229
07/16/2019,PWM,ME,ANE,EN,Combined TRACON& Tower with Radar,69,52,28,13,162,0,0,67,0,67,69,52,95,13,229,46,6,52,281
07/17/2019,PWM,ME,ANE,EN,Combined TRACON& Tower with Radar,61,64,36,3,164,0,0,13,0,13,61,64,49,3,177,32,0,32,209
07/18/2019,PWM,ME,ANE,EN,Combined TRACON& Tower with Radar,59,81,41,9,190,0,10,42,3,55,59,91,83,12,245,18,0,18,263
07/19/2019,PWM,ME,ANE,EN,Combined TRACON& Tower with Radar,71,83,48,2,204,0,16,50,0,66,71,99,98,2,270,18,0,18,288
07/20/2019,PWM,ME,ANE,EN,Combined TRACON& Tower with Radar,69,56,36,0,161,0,6,38,0,44,69,62,74,0,205,8,0,8,213
07/21/2019,PWM,ME,ANE,EN,Combined TRACON& Tower with Radar,59,62,39,0,160,0,7,50,0,57,59,69,89,0,217,44,0,44,261
07/22/2019,PWM,ME,ANE,EN,Combined TRACON& Tower with Radar,66,40,33,0,139,0,5,36,0,41,66,45,69,0,180,0,0,0,180
07/23/2019,PWM,ME,ANE,EN,Combined TRACON& Tower with Radar,65,40,26,7,138,0,0,15,1,16,65,40,41,8,154,0,8,8,162
07/24/2019,PWM,ME,ANE,EN,Combined TRACON& Tower with Radar,71,41,27,1,140,0,0,68,1,69,71,41,95,2,209,12,0,12,221
07/25/2019,PWM,ME,ANE,EN,Combined TRACON& Tower with Radar,69,66,42,0,177,0,6,87,4,97,69,72,129,4,274,6,0,6,280
07/26/2019,PWM,ME,ANE,EN,Combined TRACON& Tower with Radar,73,56,32,3,164,0,10,69,0,79,73,66,101,3,243,64,0,64,307
07/27/2019,PWM,ME,ANE,EN,Combined TRACON& Tower with Radar,74,36,25,0,135,0,4,55,0,59,74,40,80,0,194,4,0,4,198
07/28/2019,PWM,ME,ANE,EN,Combined TRACON& Tower with Radar,70,39,34,0,143,0,3,68,1,72,70,42,102,1,215,0,0,0,215
07/29/2019,PWM,ME,ANE,EN,Combined TRACON& Tower with Radar,71,43,27,0,141,0,5,56,2,63,71,48,83,2,204,68,0,68,272
07/30/2019,PWM,ME,ANE,EN,Combined TRACON& Tower with Radar,67,35,24,3,129,0,4,69,1,74,67,39,93,4,203,32,0,32,235
07/31/2019,PWM,ME,ANE,EN,Combined TRACON& Tower with Radar,75,36,23,0,134,0,2,31,0,33,75,38,54,0,167,30,0,30,197
08/01/2019,PWM,ME,ANE,EN,Combined TRACON& Tower with Radar,63,49,22,0,134,0,2,37,2,41,63,51,59,2,175,14,0,14,189
08/02/2019,PWM,ME,ANE,EN,Combined TRACON& Tower with Radar,72,43,29,1,145,0,4,89,0,93,72,47,118,1,238,18,0,18,256
08/03/2019,PWM,ME,ANE,EN,Combined TRACON& Tower with Radar,71,48,32,0,151,0,1,34,0,35,71,49,66,0,186,6,0,6,192
08/04/2019,PWM,ME,ANE,EN,Combined TRACON& Tower with Radar,66,49,27,4,146,0,6,78,0,84,66,55,105,4,230,19,0,19,249
08/05/2019,PWM,ME,ANE,EN,Combined TRACON& Tower with Radar,75,44,24,8,151,0,4,68,0,72,75,48,92,8,223,66,0,66,289
08/06/2019,PWM,ME,ANE,EN,Combined TRACON& Tower with Radar,69,50,32,10,161,0,2,56,0,58,69,52,88,10,219,44,0,44,263
08/07/2019,PWM,ME,ANE,EN,Combined TRACON& Tower with Radar,62,31,22,0,115,0,1,5,0,6,62,32,27,0,121,0,0,0,121
08/08/2019,PWM,ME,ANE,EN,Combined TRACON& Tower with Radar,69,52,31,1,153,0,0,5,1,6,69,52,36,2,159,4,0,4,163
08/09/2019,PWM,ME,ANE,EN,Combined TRACON& Tower with Radar,76,67,44,1,188,0,5,97,2,104,76,72,141,3,292,16,0,16,308
08/10/2019,PWM,ME,ANE,EN,Combined TRACON& Tower with Radar,72,46,21,2,141,0,1,34,3,38,72,47,55,5,179,4,0,4,183
08/11/2019,PWM,ME,ANE,EN,Combined TRACON& Tower with Radar,66,44,31,1,142,0,5,92,2,99,66,49,123,3,241,10,0,10,251
08/12/2019,PWM,ME,ANE,EN,Combined TRACON& Tower with Radar,74,38,33,0,145,0,0,71,0,71,74,38,104,0,216,26,0,26,242
08/13/2019,PWM,ME,ANE,EN,Combined TRACON& Tower with Radar,72,37,22,2,133,0,0,15,0,15,72,37,37,2,148,34,0,34,182
08/14/2019,PWM,ME,ANE,EN,Combined TRACON& Tower with Radar,73,55,34,2,164,0,1,67,0,68,73,56,101,2,232,14,0,14,246
08/15/2019,PWM,ME,ANE,EN,Combined TRACON& Tower with Radar,70,59,25,0,154,0,3,51,0,54,70,62,76,0,208,18,0,18,226
08/16/2019,PWM,ME,ANE,EN,Combined TRACON& Tower with Radar,78,64,27,2,171,0,0,50,0,50,78,64,77,2,221,21,0,21,242
08/17/2019,PWM,ME,ANE,EN,Combined TRACON& Tower with Radar,69,48,38,3,158,0,0,0,0,0,69,48,38,3,158,0,0,0,158
08/18/2019,PWM,ME,ANE,EN,Combined TRACON& Tower with Radar,61,39,35,3,138,0,1,19,0,20,61,40,54,3,158,0,0,0,158
08/19/2019,PWM,ME,ANE,EN,Combined TRACON& Tower with Radar,66,31,26,0,123,0,0,14,0,14,66,31,40,0,137,27,0,27,164
08/20/2019,PWM,ME,ANE,EN,Combined TRACON& Tower with Radar,67,44,25,1,137,0,0,50,1,51,67,44,75,2,188,25,0,25,213
08/21/2019,PWM,ME,ANE,EN,Combined TRACON& Tower with Radar,67,49,24,2,142,0,0,4,0,4,67,49,28,2,146,8,0,8,154
08/22/2019,PWM,ME,ANE,EN,Combined TRACON& Tower with Radar,66,55,48,2,171,0,2,63,0,65,66,57,111,2,236,22,0,22,258
08/23/2019,PWM,ME,ANE,EN,Combined TRACON& Tower with Radar,71,53,29,1,154,0,5,79,0,84,71,58,108,1,238,28,0,28,266
08/24/2019,PWM,ME,ANE,EN,Combined TRACON& Tower with Radar,64,45,15,0,124,0,3,38,0,41,64,48,53,0,165,26,0,26,191
08/25/2019,PWM,ME,ANE,EN,Combined TRACON& Tower with Radar,62,53,27,0,142,0,2,53,0,55,62,55,80,0,197,14,0,14,211
08/26/2019,PWM,ME,ANE,EN,Combined TRACON& Tower with Radar,69,55,31,0,155,0,4,31,2,37,69,59,62,2,192,14,0,14,206
08/27/2019,PWM,ME,ANE,EN,Combined TRACON& Tower with Radar,67,53,23,0,143,0,12,62,0,74,67,65,85,0,217,12,0,12,229
08/28/2019,PWM,ME,ANE,EN,Combined TRACON& Tower with Radar,70,57,25,0,152,0,4,15,0,19,70,61,40,0,171,12,0,12,183
08/29/2019,PWM,ME,ANE,EN,Combined TRACON& Tower with Radar,67,52,32,0,151,0,3,27,2,32,67,55,59,2,183,22,0,22,205
08/30/2019,PWM,ME,ANE,EN,Combined TRACON& Tower with Radar,72,59,17,3,151,0,7,44,0,51,72,66,61,3,202,12,0,12,214
08/31/2019,PWM,ME,ANE,EN,Combined TRACON& Tower with Radar,64,43,19,0,126,0,4,52,0,56,64,47,71,0,182,6,0,6,188
09/01/2019,PWM,ME,ANE,EN,Combined TRACON& Tower with Radar,54,36,10,0,100,0,4,53,0,57,54,40,63,0,157,6,0,6,163
09/02/2019,PWM,ME,ANE,EN,Combined TRACON& Tower with Radar,69,32,25,0,126,0,0,16,0,16,69,32,41,0,142,6,0,6,148
09/03/2019,PWM,ME,ANE,EN,Combined TRACON& Tower with Radar,64,53,35,0,152,0,3,52,0,55,64,56,87,0,207,0,0,0,207
09/04/2019,PWM,ME,ANE,EN,Combined TRACON& Tower with Radar,66,59,24,0,149,0,1,1,0,2,66,60,25,0,151,14,0,14,165
09/05/2019,PWM,ME,ANE,EN,Combined TRACON& Tower with Radar,65,55,34,2,156,0,7,73,6,86,65,62,107,8,242,16,0,16,258
09/06/2019,PWM,ME,ANE,EN,Combined TRACON& Tower with Radar,65,50,24,0,139,0,5,49,0,54,65,55,73,0,193,28,0,28,221
09/07/2019,PWM,ME,ANE,EN,Combined TRACON& Tower with Radar,56,36,9,0,101,0,3,5,0,8,56,39,14,0,109,6,0,6,115
09/08/2019,PWM,ME,ANE,EN,Combined TRACON& Tower with Radar,62,42,22,0,126,0,5,60,0,65,62,47,82,0,191,24,0,24,215
09/09/2019,PWM,ME,ANE,EN,Combined TRACON& Tower with Radar,64,46,32,2,144,0,1,43,0,44,64,47,75,2,188,0,0,0,188
09/10/2019,PWM,ME,ANE,EN,Combined TRACON& Tower with Radar,59,47,40,2,148,0,0,21,0,21,59,47,61,2,169,0,0,0,169
09/11/2019,PWM,ME,ANE,EN,Combined TRACON& Tower with Radar,63,45,28,0,136,0,4,24,0,28,63,49,52,0,164,12,0,12,176
09/12/2019,PWM,ME,ANE,EN,Combined TRACON& Tower with Radar,61,49,24,0,134,0,3,20,0,23,61,52,44,0,157,36,0,36,193
09/13/2019,PWM,ME,ANE,EN,Combined TRACON& Tower with Radar,65,60,39,0,164,0,3,76,0,79,65,63,115,0,243,54,0,54,297
09/14/2019,PWM,ME,ANE,EN,Combined TRACON& Tower with Radar,55,37,21,2,115,0,1,11,0,12,55,38,32,2,127,0,0,0,127
09/15/2019,PWM,ME,ANE,EN,Combined TRACON& Tower with Radar,63,47,22,0,132,0,9,44,0,53,63,56,66,0,185,10,0,10,195
09/16/2019,PWM,ME,ANE,EN,Combined TRACON& Tower with Radar,64,42,24,2,132,0,11,37,3,51,64,53,61,5,183,50,0,50,233
09/17/2019,PWM,ME,ANE,EN,Combined TRACON& Tower with Radar,61,48,23,0,132,0,1,36,0,37,61,49,59,0,169,48,0,48,217
09/18/2019,PWM,ME,ANE,EN,Combined TRACON& Tower with Radar,68,52,26,0,146,0,8,54,0,62,68,60,80,0,208,2,0,2,210
09/19/2019,PWM,ME,ANE,EN,Combined TRACON& Tower with Radar,67,51,27,0,145,0,13,49,1,63,67,64,76,1,208,34,0,34,242
09/20/2019,PWM,ME,ANE,EN,Combined TRACON& Tower with Radar,66,54,29,4,153,0,12,54,0,66,66,66,83,4,219,6,0,6,225
09/21/2019,PWM,ME,ANE,EN,Combined TRACON& Tower with Radar,56,41,16,0,113,0,9,45,0,54,56,50,61,0,167,0,0,0,167
09/22/2019,PWM,ME,ANE,EN,Combined TRACON& Tower with Radar,65,44,7,0,116,0,7,42,0,49,65,51,49,0,165,20,0,20,185
09/23/2019,PWM,ME,ANE,EN,Combined TRACON& Tower with Radar,65,47,17,4,133,0,0,22,0,22,65,47,39,4,155,0,0,0,155
09/24/2019,PWM,ME,ANE,EN,Combined TRACON& Tower with Radar,64,47,26,10,147,0,9,30,2,41,64,56,56,12,188,18,0,18,206
09/25/2019,PWM,ME,ANE,EN,Combined TRACON& Tower with Radar,68,50,32,2,152,0,8,48,2,58,68,58,80,4,210,26,0,26,236
09/26/2019,PWM,ME,ANE,EN,Combined TRACON& Tower with Radar,63,58,28,2,151,0,8,23,0,31,63,66,51,2,182,4,0,4,186
09/27/2019,PWM,ME,ANE,EN,Combined TRACON& Tower with Radar,61,61,26,0,148,0,7,42,0,49,61,68,68,0,197,14,0,14,211
09/28/2019,PWM,ME,ANE,EN,Combined TRACON& Tower with Radar,55,38,5,0,98,0,5,45,1,51,55,43,50,1,149,0,0,0,149
09/29/2019,PWM,ME,ANE,EN,Combined TRACON& Tower with Radar,63,49,18,2,132,0,9,45,0,54,63,58,63,2,186,0,0,0,186
09/30/2019,PWM,ME,ANE,EN,Combined TRACON& Tower with Radar,66,50,22,2,140,0,8,41,0,49,66,58,63,2,189,0,0,0,189
10/01/2019,PWM,ME,ANE,EN,Combined TRACON& Tower with Radar,60,57,23,1,141,0,0,1,0,1,60,57,24,1,142,0,0,0,142
10/02/2019,PWM,ME,ANE,EN,Combined TRACON& Tower with Radar,65,58,16,9,148,0,3,9,0,12,65,61,25,9,160,26,0,26,186
10/03/2019,PWM,ME,ANE,EN,Combined TRACON& Tower with Radar,65,56,25,0,146,0,2,47,6,55,65,58,72,6,201,28,0,28,229
10/04/2019,PWM,ME,ANE,EN,Combined TRACON& Tower with Radar,64,56,10,0,130,0,2,6,0,8,64,58,16,0,138,8,0,8,146
10/05/2019,PWM,ME,ANE,EN,Combined TRACON& Tower with Radar,58,34,13,6,111,0,11,64,3,78,58,45,77,9,189,8,0,8,197
10/06/2019,PWM,ME,ANE,EN,Combined TRACON& Tower with Radar,67,42,21,1,131,0,4,28,2,34,67,46,49,3,165,6,0,6,171
10/07/2019,PWM,ME,ANE,EN,Combined TRACON& Tower with Radar,70,47,10,5,132,0,0,4,0,4,70,47,14,5,136,0,0,0,136
10/08/2019,PWM,ME,ANE,EN,Combined TRACON& Tower with Radar,64,49,20,2,135,0,9,48,3,60,64,58,68,5,195,36,0,36,231
10/09/2019,PWM,ME,ANE,EN,Combined TRACON& Tower with Radar,71,56,34,3,164,0,7,24,0,31,71,63,58,3,195,16,0,16,211
10/10/2019,PWM,ME,ANE,EN,Combined TRACON& Tower with Radar,65,52,18,0,135,0,3,23,3,29,65,55,41,3,164,2,0,2,166
10/11/2019,PWM,ME,ANE,EN,Combined TRACON& Tower with Radar,66,50,19,1,136,0,0,10,1,11,66,50,29,2,147,0,0,0,147
10/12/2019,PWM,ME,ANE,EN,Combined TRACON& Tower with Radar,60,46,13,0,119,0,0,0,0,0,60,46,13,0,119,0,0,0,119
10/13/2019,PWM,ME,ANE,EN,Combined TRACON& Tower with Radar,62,35,17,0,114,0,5,39,0,44,62,40,56,0,158,0,0,0,158
10/14/2019,PWM,ME,ANE,EN,Combined TRACON& Tower with Radar,66,52,27,4,149,0,2,13,0,15,66,54,40,4,164,12,0,12,176
10/15/2019,PWM,ME,ANE,EN,Combined TRACON& Tower with Radar,60,53,21,0,134,0,11,52,5,68,60,64,73,5,202,52,0,52,254
10/16/2019,PWM,ME,ANE,EN,Combined TRACON& Tower with Radar,62,48,31,1,142,0,7,35,1,43,62,55,66,2,185,38,0,38,223
10/17/2019,PWM,ME,ANE,EN,Combined TRACON& Tower with Radar,58,46,18,0,122,0,0,0,0,0,58,46,18,0,122,0,0,0,122
10/18/2019,PWM,ME,ANE,EN,Combined TRACON& Tower with Radar,66,50,23,0,139,0,6,23,0,29,66,56,46,0,168,16,0,16,184
10/19/2019,PWM,ME,ANE,EN,Combined TRACON& Tower with Radar,55,32,14,1,102,0,10,46,0,56,55,42,60,1,158,18,0,18,176
10/20/2019,PWM,ME,ANE,EN,Combined TRACON& Tower with Radar,61,40,26,1,128,0,4,36,0,40,61,44,62,1,168,2,0,2,170
10/21/2019,PWM,ME,ANE,EN,Combined TRACON& Tower with Radar,64,44,27,0,135,0,2,46,3,51,64,46,73,3,186,0,0,0,186
10/22/2019,PWM,ME,ANE,EN,Combined TRACON& Tower with Radar,63,52,18,0,133,0,1,9,0,10,63,53,27,0,143,72,0,72,215
10/23/2019,PWM,ME,ANE,EN,Combined TRACON& Tower with Radar,68,54,23,0,145,0,3,18,0,21,68,57,41,0,166,12,0,12,178
10/24/2019,PWM,ME,ANE,EN,Combined TRACON& Tower with Radar,65,45,31,0,141,0,3,48,2,53,65,48,79,2,194,10,0,10,204
10/25/2019,PWM,ME,ANE,EN,Combined TRACON& Tower with Radar,66,55,18,0,139,0,6,47,1,54,66,61,65,1,193,38,0,38,231
10/26/2019,PWM,ME,ANE,EN,Combined TRACON& Tower with Radar,54,35,5,2,96,0,3,49,0,52,54,38,54,2,148,12,0,12,160
10/27/2019,PWM,ME,ANE,EN,Combined TRACON& Tower with Radar,48,39,24,0,111,0,0,1,0,1,48,39,25,0,112,0,0,0,112
10/28/2019,PWM,ME,ANE,EN,Combined TRACON& Tower with Radar,50,49,29,2,130,0,0,1,0,1,50,49,30,2,131,0,0,0,131
10/29/2019,PWM,ME,ANE,EN,Combined TRACON& Tower with Radar,46,53,22,0,121,0,0,8,0,8,46,53,30,0,129,0,0,0,129
10/30/2019,PWM,ME,ANE,EN,Combined TRACON& Tower with Radar,51,51,21,2,125,0,0,3,0,3,51,51,24,2,128,0,0,0,128
10/31/2019,PWM,ME,ANE,EN,Combined TRACON& Tower with Radar,42,43,15,0,100,0,0,0,0,0,42,43,15,0,100,0,0,0,100
11/01/2019,PWM,ME,ANE,EN,Combined TRACON& Tower with Radar,58,57,7,0,122,0,3,12,0,15,58,60,19,0,137,16,0,16,153
11/02/2019,PWM,ME,ANE,EN,Combined TRACON& Tower with Radar,47,39,19,0,105,0,5,58,0,63,47,44,77,0,168,58,0,58,226
11/03/2019,PWM,ME,ANE,EN,Combined TRACON& Tower with Radar,45,37,9,0,91,0,11,37,0,48,45,48,46,0,139,56,0,56,195
11/04/2019,PWM,ME,ANE,EN,Combined TRACON& Tower with Radar,46,42,16,0,104,0,9,31,17,57,46,51,47,17,161,22,20,42,203
11/05/2019,PWM,ME,ANE,EN,Combined TRACON& Tower with Radar,49,62,20,2,133,0,1,1,0,2,49,63,21,2,135,0,0,0,135
11/06/2019,PWM,ME,ANE,EN,Combined TRACON& Tower with Radar,53,55,19,5,132,0,7,32,1,40,53,62,51,6,172,40,4,44,216
11/07/2019,PWM,ME,ANE,EN,Combined TRACON& Tower with Radar,47,55,14,0,116,0,0,8,0,8,47,55,22,0,124,14,0,14,138
11/08/2019,PWM,ME,ANE,EN,Combined TRACON& Tower with Radar,50,55,8,0,113,0,5,9,0,14,50,60,17,0,127,4,0,4,131
11/09/2019,PWM,ME,ANE,EN,Combined TRACON& Tower with Radar,39,41,11,0,91,0,2,53,0,55,39,43,64,0,146,5,0,5,151
11/10/2019,PWM,ME,ANE,EN,Combined TRACON& Tower with Radar,41,43,10,0,94,0,1,42,0,43,41,44,52,0,137,24,0,24,161
11/11/2019,PWM,ME,ANE,EN,Combined TRACON& Tower with Radar,43,44,14,0,101,0,4,5,0,9,43,48,19,0,110,0,0,0,110
11/12/2019,PWM,ME,ANE,EN,Combined TRACON& Tower with Radar,49,49,10,0,108,0,1,0,0,1,49,50,10,0,109,0,0,0,109
11/13/2019,PWM,ME,ANE,EN,Combined TRACON& Tower with Radar,50,54,25,6,135,0,11,10,2,23,50,65,35,8,158,10,0,10,168
11/14/2019,PWM,ME,ANE,EN,Combined TRACON& Tower with Radar,48,49,13,3,113,0,2,26,0,28,48,51,39,3,141,4,0,4,145
11/15/2019,PWM,ME,ANE,EN,Combined TRACON& Tower with Radar,47,58,18,0,123,0,3,31,2,36,47,61,49,2,159,52,0,52,211
11/16/2019,PWM,ME,ANE,EN,Combined TRACON& Tower with Radar,40,40,5,0,85,0,1,29,0,30,40,41,34,0,115,8,0,8,123
11/17/2019,PWM,ME,ANE,EN,Combined TRACON& Tower with Radar,41,40,11,0,92,0,0,29,0,29,41,40,40,0,121,0,0,0,121
11/18/2019,PWM,ME,ANE,EN,Combined TRACON& Tower with Radar,44,42,7,0,93,0,0,0,0,0,44,42,7,0,93,0,0,0,93
11/19/2019,PWM,ME,ANE,EN,Combined TRACON& Tower with Radar,48,49,13,2,112,0,0,0,0,0,48,49,13,2,112,0,0,0,112
11/20/2019,PWM,ME,ANE,EN,Combined TRACON& Tower with Radar,48,52,15,2,117,0,0,1,0,1,48,52,16,2,118,0,0,0,118
11/21/2019,PWM,ME,ANE,EN,Combined TRACON& Tower with Radar,54,51,22,1,128,0,7,53,0,60,54,58,75,1,188,18,0,18,206
11/22/2019,PWM,ME,ANE,EN,Combined TRACON& Tower with Radar,54,57,16,1,128,0,0,3,0,3,54,57,19,1,131,0,0,0,131
11/23/2019,PWM,ME,ANE,EN,Combined TRACON& Tower with Radar,45,48,20,1,114,0,3,60,0,63,45,51,80,1,177,30,0,30,207
11/24/2019,PWM,ME,ANE,EN,Combined TRACON& Tower with Radar,41,38,5,2,86,0,0,0,0,0,41,38,5,2,86,0,0,0,86
11/25/2019,PWM,ME,ANE,EN,Combined TRACON& Tower with Radar,46,43,14,1,104,0,5,28,0,33,46,48,42,1,137,18,0,18,155
11/26/2019,PWM,ME,ANE,EN,Combined TRACON& Tower with Radar,51,52,19,1,123,0,6,33,3,42,51,58,52,4,165,10,0,10,175
11/27/2019,PWM,ME,ANE,EN,Combined TRACON& Tower with Radar,63,44,7,1,115,0,7,20,0,27,63,51,27,1,142,18,0,18,160
11/28/2019,PWM,ME,ANE,EN,Combined TRACON& Tower with Radar,20,31,2,0,53,0,1,0,0,1,20,32,2,0,54,0,0,0,54
11/29/2019,PWM,ME,ANE,EN,Combined TRACON& Tower with Radar,34,41,6,0,81,0,9,6,0,15,34,50,12,0,96,0,0,0,96
11/30/2019,PWM,ME,ANE,EN,Combined TRACON& Tower with Radar,50,49,17,0,116,0,8,28,0,36,50,57,45,0,152,0,0,0,152
12/01/2019,PWM,ME,ANE,EN,Combined TRACON& Tower with Radar,47,45,14,0,106,0,1,33,0,34,47,46,47,0,140,0,0,0,140
12/02/2019,PWM,ME,ANE,EN,Combined TRACON& Tower with Radar,49,36,10,0,95,0,0,0,0,0,49,36,10,0,95,0,0,0,95
12/03/2019,PWM,ME,ANE,EN,Combined TRACON& Tower with Radar,47,28,9,0,84,0,1,0,0,1,47,29,9,0,85,0,0,0,85
12/04/2019,PWM,ME,ANE,EN,Combined TRACON& Tower with Radar,53,47,16,0,116,0,1,7,0,8,53,48,23,0,124,0,0,0,124
12/05/2019,PWM,ME,ANE,EN,Combined TRACON& Tower with Radar,51,45,17,0,113,0,6,22,0,28,51,51,39,0,141,0,0,0,141
12/06/2019,PWM,ME,ANE,EN,Combined TRACON& Tower with Radar,50,39,8,2,99,0,2,3,0,5,50,41,11,2,104,10,0,10,114
12/07/2019,PWM,ME,ANE,EN,Combined TRACON& Tower with Radar,50,27,8,0,85,0,6,24,0,30,50,33,32,0,115,8,0,8,123
12/08/2019,PWM,ME,ANE,EN,Combined TRACON& Tower with Radar,43,34,10,0,87,0,5,38,1,44,43,39,48,1,131,22,0,22,153
12/09/2019,PWM,ME,ANE,EN,Combined TRACON& Tower with Radar,44,30,15,0,89,0,0,0,0,0,44,30,15,0,89,0,0,0,89
12/10/2019,PWM,ME,ANE,EN,Combined TRACON& Tower with Radar,48,51,22,0,121,0,0,3,0,3,48,51,25,0,124,0,0,0,124
12/11/2019,PWM,ME,ANE,EN,Combined TRACON& Tower with Radar,49,51,11,0,111,0,5,16,0,21,49,56,27,0,132,0,0,0,132
12/12/2019,PWM,ME,ANE,EN,Combined TRACON& Tower with Radar,48,47,24,2,121,0,2,44,3,49,48,49,68,5,170,16,0,16,186
12/13/2019,PWM,ME,ANE,EN,Combined TRACON& Tower with Radar,46,43,19,2,110,0,2,16,0,18,46,45,35,2,128,6,0,6,134
12/14/2019,PWM,ME,ANE,EN,Combined TRACON& Tower with Radar,48,37,5,0,90,0,0,0,0,0,48,37,5,0,90,0,0,0,90
12/15/2019,PWM,ME,ANE,EN,Combined TRACON& Tower with Radar,44,30,7,0,81,0,3,4,0,7,44,33,11,0,88,0,0,0,88
12/16/2019,PWM,ME,ANE,EN,Combined TRACON& Tower with Radar,45,33,13,5,96,0,5,33,0,38,45,38,46,5,134,8,6,14,148
12/17/2019,PWM,ME,ANE,EN,Combined TRACON& Tower with Radar,49,36,5,0,90,0,0,0,0,0,49,36,5,0,90,0,0,0,90
12/18/2019,PWM,ME,ANE,EN,Combined TRACON& Tower with Radar,51,48,9,0,108,0,4,3,0,7,51,52,12,0,115,0,0,0,115
12/19/2019,PWM,ME,ANE,EN,Combined TRACON& Tower with Radar,52,44,15,0,111,0,7,6,2,15,52,51,21,2,126,0,0,0,126
12/20/2019,PWM,ME,ANE,EN,Combined TRACON& Tower with Radar,49,55,11,3,118,0,3,41,0,44,49,58,52,3,162,8,0,8,170
12/21/2019,PWM,ME,ANE,EN,Combined TRACON& Tower with Radar,41,40,18,0,99,0,6,46,0,52,41,46,64,0,151,72,0,72,223
12/22/2019,PWM,ME,ANE,EN,Combined TRACON& Tower with Radar,34,42,10,0,86,0,8,21,0,29,34,50,31,0,115,4,0,4,119
12/23/2019,PWM,ME,ANE,EN,Combined TRACON& Tower with Radar,41,59,9,4,113,0,6,25,0,31,41,65,34,4,144,2,2,4,148
12/24/2019,PWM,ME,ANE,EN,Combined TRACON& Tower with Radar,39,33,5,0,77,0,11,27,0,38,39,44,32,0,115,12,0,12,127
12/25/2019,PWM,ME,ANE,EN,Combined TRACON& Tower with Radar,27,24,4,0,55,0,14,6,0,20,27,38,10,0,75,0,0,0,75
12/26/2019,PWM,ME,ANE,EN,Combined TRACON& Tower with Radar,43,52,11,0,106,0,10,15,0,25,43,62,26,0,131,14,0,14,145
12/27/2019,PWM,ME,ANE,EN,Combined TRACON& Tower with Radar,43,56,19,0,118,0,0,2,0,2,43,56,21,0,120,0,0,0,120
12/28/2019,PWM,ME,ANE,EN,Combined TRACON& Tower with Radar,39,40,12,0,91,0,10,36,0,46,39,50,48,0,137,12,0,12,149
12/29/2019,PWM,ME,ANE,EN,Combined TRACON& Tower with Radar,38,39,15,0,92,0,5,13,0,18,38,44,28,0,110,20,0,20,130
12/30/2019,PWM,ME,ANE,EN,Combined TRACON& Tower with Radar,39,31,1,0,71,0,0,0,0,0,39,31,1,0,71,0,0,0,71
12/31/2019,PWM,ME,ANE,EN,Combined TRACON& Tower with Radar,38,43,4,0,85,0,0,0,0,0,38,43,4,0,85,0,0,0,85
01/01/2020,PWM,ME,ANE,EN,Combined TRACON& Tower with Radar,34,24,7,0,65,0,3,12,0,15,34,27,19,0,80,10,0,10,90
01/02/2020,PWM,ME,ANE,EN,Combined TRACON& Tower with Radar,42,43,9,0,94,0,9,28,0,37,42,52,37,0,131,6,0,6,137
01/03/2020,PWM,ME,ANE,EN,Combined TRACON& Tower with Radar,40,39,6,0,85,0,10,13,0,23,40,49,19,0,108,0,0,0,108
01/04/2020,PWM,ME,ANE,EN,Combined TRACON& Tower with Radar,43,32,7,0,82,0,0,0,0,0,43,32,7,0,82,0,0,0,82
01/05/2020,PWM,ME,ANE,EN,Combined TRACON& Tower with Radar,35,40,10,0,85,0,1,11,0,12,35,41,21,0,97,0,0,0,97
01/06/2020,PWM,ME,ANE,EN,Combined TRACON& Tower with Radar,44,51,10,0,105,0,1,7,0,8,44,52,17,0,113,12,0,12,125
01/07/2020,PWM,ME,ANE,EN,Combined TRACON& Tower with Radar,43,44,24,1,112,0,6,21,4,31,43,50,45,5,143,30,0,30,173
01/08/2020,PWM,ME,ANE,EN,Combined TRACON& Tower with Radar,44,46,12,0,102,0,1,4,0,5,44,47,16,0,107,0,0,0,107
01/09/2020,PWM,ME,ANE,EN,Combined TRACON& Tower with Radar,41,47,8,0,96,0,6,35,6,47,41,53,43,6,143,28,0,28,171
01/10/2020,PWM,ME,ANE,EN,Combined TRACON& Tower with Radar,43,47,10,2,102,0,2,13,1,16,43,49,23,3,118,22,0,22,140
01/11/2020,PWM,ME,ANE,EN,Combined TRACON& Tower with Radar,41,36,4,0,81,0,1,10,0,11,41,37,14,0,92,0,0,0,92
01/12/2020,PWM,ME,ANE,EN,Combined TRACON& Tower with Radar,39,35,6,0,80,0,0,5,0,5,39,35,11,0,85,20,0,20,105
01/13/2020,PWM,ME,ANE,EN,Combined TRACON& Tower with Radar,42,44,11,0,97,0,0,4,0,4,42,44,15,0,101,8,0,8,109
01/14/2020,PWM,ME,ANE,EN,Combined TRACON& Tower with Radar,43,47,11,0,101,0,2,10,0,12,43,49,21,0,113,12,0,12,125
01/15/2020,PWM,ME,ANE,EN,Combined TRACON& Tower with Radar,44,51,14,2,111,0,5,27,1,33,44,56,41,3,144,14,0,14,158
01/16/2020,PWM,ME,ANE,EN,Combined TRACON& Tower with Radar,40,47,9,2,98,0,2,0,0,2,40,49,9,2,100,0,0,0,100
01/17/2020,PWM,ME,ANE,EN,Combined TRACON& Tower with Radar,44,49,10,0,103,0,10,11,2,23,44,59,21,2,126,12,0,12,138
01/18/2020,PWM,ME,ANE,EN,Combined TRACON& Tower with Radar,38,28,9,0,75,0,5,19,1,25,38,33,28,1,100,26,0,26,126
01/19/2020,PWM,ME,ANE,EN,Combined TRACON& Tower with Radar,36,29,6,0,71,0,6,2,0,8,36,35,8,0,79,0,0,0,79
01/20/2020,PWM,ME,ANE,EN,Combined TRACON& Tower with Radar,40,45,15,0,100,0,9,26,0,35,40,54,41,0,135,8,0,8,143
01/21/2020,PWM,ME,ANE,EN,Combined TRACON& Tower with Radar,41,48,17,7,113,0,8,30,0,38,41,56,47,7,151,42,0,42,193
01/22/2020,PWM,ME,ANE,EN,Combined TRACON& Tower with Radar,43,47,9,0,99,0,5,20,4,29,43,52,29,4,128,0,0,0,128
01/23/2020,PWM,ME,ANE,EN,Combined TRACON& Tower with Radar,41,48,19,1,109,0,7,34,21,62,41,55,53,22,171,20,22,42,213
01/24/2020,PWM,ME,ANE,EN,Combined TRACON& Tower with Radar,44,46,19,0,109,0,5,31,0,36,44,51,50,0,145,24,0,24,169
01/25/2020,PWM,ME,ANE,EN,Combined TRACON& Tower with Radar,41,35,2,0,78,0,0,4,0,4,41,35,6,0,82,0,0,0,82
01/26/2020,PWM,ME,ANE,EN,Combined TRACON& Tower with Radar,38,38,5,0,81,0,2,2,0,4,38,40,7,0,85,0,0,0,85
01/27/2020,PWM,ME,ANE,EN,Combined TRACON& Tower with Radar,43,42,14,0,99,0,6,25,3,34,43,48,39,3,133,8,0,8,141
01/28/2020,PWM,ME,ANE,EN,Combined TRACON& Tower with Radar,41,47,18,2,108,0,4,26,1,31,41,51,44,3,139,8,0,8,147
01/29/2020,PWM,ME,ANE,EN,Combined TRACON& Tower with Radar,46,44,14,3,107,0,5,55,1,61,46,49,69,4,168,10,0,10,178
01/30/2020,PWM,ME,ANE,EN,Combined TRACON& Tower with Radar,43,45,15,0,103,0,4,30,2,36,43,49,45,2,139,18,2,20,159
01/31/2020,PWM,ME,ANE,EN,Combined TRACON& Tower with Radar,45,47,21,0,113,0,10,30,2,42,45,57,51,2,155,28,0,28,183
02/01/2020,PWM,ME,ANE,EN,Combined TRACON& Tower with Radar,42,35,6,6,89,0,2,12,0,14,42,37,18,6,103,32,0,32,135
02/02/2020,PWM,ME,ANE,EN,Combined TRACON& Tower with Radar,39,31,15,0,85,0,3,23,0,26,39,34,38,0,111,0,0,0,111
02/03/2020,PWM,ME,ANE,EN,Combined TRACON& Tower with Radar,42,40,9,0,91,0,9,21,0,30,42,49,30,0,121,46,0,46,167
02/04/2020,PWM,ME,ANE,EN,Combined TRACON& Tower with Radar,41,56,12,1,110,0,3,15,3,21,41,59,27,4,131,0,0,0,131
02/05/2020,PWM,ME,ANE,EN,Combined TRACON& Tower with Radar,45,46,20,1,112,0,7,10,1,18,45,53,30,2,130,0,0,0,130
02/06/2020,PWM,ME,ANE,EN,Combined TRACON& Tower with Radar,30,33,5,0,68,0,0,0,0,0,30,33,5,0,68,0,0,0,68
02/07/2020,PWM,ME,ANE,EN,Combined TRACON& Tower with Radar,36,28,6,0,70,0,0,0,0,0,36,28,6,0,70,0,0,0,70
02/08/2020,PWM,ME,ANE,EN,Combined TRACON& Tower with Radar,40,37,13,2,92,0,4,16,3,23,40,41,29,5,115,8,9,17,132
02/09/2020,PWM,ME,ANE,EN,Combined TRACON& Tower with Radar,37,33,19,0,89,0,3,25,0,28,37,36,44,0,117,28,0,28,145
02/10/2020,PWM,ME,ANE,EN,Combined TRACON& Tower with Radar,43,52,11,0,106,0,4,0,0,4,43,56,11,0,110,0,0,0,110
02/11/2020,PWM,ME,ANE,EN,Combined TRACON& Tower with Radar,42,55,13,0,110,0,0,5,0,5,42,55,18,0,115,0,0,0,115
02/12/2020,PWM,ME,ANE,EN,Combined TRACON& Tower with Radar,44,55,17,0,116,0,2,32,0,34,44,57,49,0,150,22,0,22,172
02/13/2020,PWM,ME,ANE,EN,Combined TRACON& Tower with Radar,35,56,9,0,100,0,0,0,0,0,35,56,9,0,100,0,0,0,100
02/14/2020,PWM,ME,ANE,EN,Combined TRACON& Tower with Radar,43,57,18,0,118,0,5,15,0,20,43,62,33,0,138,0,0,0,138
02/15/2020,PWM,ME,ANE,EN,Combined TRACON& Tower with Radar,43,40,13,0,96,0,7,24,0,31,43,47,37,0,127,10,0,10,137
02/16/2020,PWM,ME,ANE,EN,Combined TRACON& Tower with Radar,40,34,16,1,91,0,10,15,2,27,40,44,31,3,118,0,0,0,118
02/17/2020,PWM,ME,ANE,EN,Combined TRACON& Tower with Radar,42,43,11,0,96,0,8,26,1,35,42,51,37,1,131,50,0,50,181
02/18/2020,PWM,ME,ANE,EN,Combined TRACON& Tower with Radar,41,51,8,0,100,0,0,1,0,1,41,51,9,0,101,0,0,0,101
02/19/2020,PWM,ME,ANE,EN,Combined TRACON& Tower with Radar,45,46,13,1,105,0,9,7,1,17,45,55,20,2,122,0,0,0,122
02/20/2020,PWM,ME,ANE,EN,Combined TRACON& Tower with Radar,41,51,7,0,99,0,4,37,0,41,41,55,44,0,140,32,0,32,172
02/21/2020,PWM,ME,ANE,EN,Combined TRACON& Tower with Radar,44,44,9,6,103,0,6,26,0,32,44,50,35,6,135,44,0,44,179
02/22/2020,PWM,ME,ANE,EN,Combined TRACON& Tower with Radar,43,36,9,0,88,0,7,40,0,47,43,43,49,0,135,22,0,22,157
02/23/2020,PWM,ME,ANE,EN,Combined TRACON& Tower with Radar,39,37,13,0,89,0,13,43,0,56,39,50,56,0,145,12,0,12,157
02/24/2020,PWM,ME,ANE,EN,Combined TRACON& Tower with Radar,42,54,19,0,115,0,9,33,2,44,42,63,52,2,159,48,0,48,207
02/25/2020,PWM,ME,ANE,EN,Combined TRACON& Tower with Radar,40,52,17,13,122,0,4,17,3,24,40,56,34,16,146,24,14,38,184
02/26/2020,PWM,ME,ANE,EN,Combined TRACON& Tower with Radar,41,51,8,0,100,0,6,8,2,16,41,57,16,2,116,8,0,8,124
02/27/2020,PWM,ME,ANE,EN,Combined TRACON& Tower with Radar,38,47,11,0,96,0,0,1,0,1,38,47,12,0,97,0,0,0,97
02/28/2020,PWM,ME,ANE,EN,Combined TRACON& Tower with Radar,46,47,8,1,102,0,4,7,0,11,46,51,15,1,113,0,0,0,113
02/29/2020,PWM,ME,ANE,EN,Combined TRACON& Tower with Radar,43,45,11,1,100,0,4,15,0,19,43,49,26,1,119,10,0,10,129
03/01/2020,PWM,ME,ANE,EN,Combined TRACON& Tower with Radar,36,38,7,0,81,0,9,29,0,38,36,47,36,0,119,0,0,0,119
03/02/2020,PWM,ME,ANE,EN,Combined TRACON& Tower with Radar,42,39,22,0,103,0,7,13,1,21,42,46,35,1,124,8,0,8,132
03/03/2020,PWM,ME,ANE,EN,Combined TRACON& Tower with Radar,40,44,21,0,105,0,6,18,4,28,40,50,39,4,133,12,0,12,145
03/04/2020,PWM,ME,ANE,EN,Combined TRACON& Tower with Radar,43,50,9,1,103,0,1,7,0,8,43,51,16,1,111,0,0,0,111
03/05/2020,PWM,ME,ANE,EN,Combined TRACON& Tower with Radar,42,48,17,4,111,0,5,14,0,19,42,53,31,4,130,6,0,6,136
03/06/2020,PWM,ME,ANE,EN,Combined TRACON& Tower with Radar,44,51,14,2,111,0,1,14,0,15,44,52,28,2,126,0,0,0,126
03/07/2020,PWM,ME,ANE,EN,Combined TRACON& Tower with Radar,43,41,1,0,85,0,4,9,0,13,43,45,10,0,98,6,0,6,104
03/08/2020,PWM,ME,ANE,EN,Combined TRACON& Tower with Radar,40,39,7,0,86,0,8,37,0,45,40,47,44,0,131,14,0,14,145
03/09/2020,PWM,ME,ANE,EN,Combined TRACON& Tower with Radar,42,45,14,1,102,0,8,25,0,33,42,53,39,1,135,4,0,4,139
03/10/2020,PWM,ME,ANE,EN,Combined TRACON& Tower with Radar,42,51,14,0,107,0,6,13,0,19,42,57,27,0,126,0,0,0,126
03/11/2020,PWM,ME,ANE,EN,Combined TRACON& Tower with Radar,43,48,29,4,124,0,4,38,3,45,43,52,67,7,169,23,0,23,192
03/12/2020,PWM,ME,ANE,EN,Combined TRACON& Tower with Radar,51,46,17,0,114,0,4,22,0,26,51,50,39,0,140,31,0,31,171
03/13/2020,PWM,ME,ANE,EN,Combined TRACON& Tower with Radar,49,51,5,0,105,0,0,0,0,0,49,51,5,0,105,0,0,0,105
03/14/2020,PWM,ME,ANE,EN,Combined TRACON& Tower with Radar,41,42,11,0,94,0,11,15,0,26,41,53,26,0,120,0,0,0,120
03/15/2020,PWM,ME,ANE,EN,Combined TRACON& Tower with Radar,47,35,19,0,101,0,8,21,0,29,47,43,40,0,130,18,0,18,148
03/16/2020,PWM,ME,ANE,EN,Combined TRACON& Tower with Radar,46,41,9,0,96,0,3,34,0,37,46,44,43,0,133,14,0,14,147
03/17/2020,PWM,ME,ANE,EN,Combined TRACON& Tower with Radar,45,44,6,0,95,0,1,0,0,1,45,45,6,0,96,0,0,0,96
03/18/2020,PWM,ME,ANE,EN,Combined TRACON& Tower with Radar,46,51,11,0,108,0,2,26,0,28,46,53,37,0,136,17,0,17,153
03/19/2020,PWM,ME,ANE,EN,Combined TRACON& Tower with Radar,42,45,6,0,93,0,0,0,0,0,42,45,6,0,93,0,0,0,93
03/20/2020,PWM,ME,ANE,EN,Combined TRACON& Tower with Radar,43,44,4,0,91,0,1,0,0,1,43,45,4,0,92,0,0,0,92
03/21/2020,PWM,ME,ANE,EN,Combined TRACON& Tower with Radar,37,33,3,0,73,0,1,17,0,18,37,34,20,0,91,2,0,2,93
03/22/2020,PWM,ME,ANE,EN,Combined TRACON& Tower with Radar,38,28,8,0,74,0,1,41,4,46,38,29,49,4,120,8,0,8,128
03/23/2020,PWM,ME,ANE,EN,Combined TRACON& Tower with Radar,41,17,4,0,62,0,0,1,0,1,41,17,5,0,63,0,0,0,63
03/24/2020,PWM,ME,ANE,EN,Combined TRACON& Tower with Radar,35,33,5,0,73,0,0,7,0,7,35,33,12,0,80,0,0,0,80
03/25/2020,PWM,ME,ANE,EN,Combined TRACON& Tower with Radar,34,25,4,0,63,0,1,9,0,10,34,26,13,0,73,0,0,0,73
03/26/2020,PWM,ME,ANE,EN,Combined TRACON& Tower with Radar,27,23,14,0,64,0,0,23,0,23,27,23,37,0,87,0,0,0,87
03/27/2020,PWM,ME,ANE,EN,Combined TRACON& Tower with Radar,22,22,6,0,50,0,0,14,0,14,22,22,20,0,64,14,0,14,78
03/28/2020,PWM,ME,ANE,EN,Combined TRACON& Tower with Radar,25,16,5,0,46,0,2,35,1,38,25,18,40,1,84,14,0,14,98
03/29/2020,PWM,ME,ANE,EN,Combined TRACON& Tower with Radar,24,16,3,0,43,0,0,0,0,0,24,16,3,0,43,0,0,0,43
03/30/2020,PWM,ME,ANE,EN,Combined TRACON& Tower with Radar,17,20,0,0,37,0,0,0,0,0,17,20,0,0,37,0,0,0,37
03/31/2020,PWM,ME,ANE,EN,Combined TRACON& Tower with Radar,21,31,6,0,58,0,1,14,0,15,21,32,20,0,73,6,0,6,79
04/01/2020,PWM,ME,ANE,EN,Combined TRACON& Tower with Radar,22,18,4,0,44,0,0,20,0,20,22,18,24,0,64,10,0,10,74
04/02/2020,PWM,ME,ANE,EN,Combined TRACON& Tower with Radar,22,19,0,0,41,0,0,0,0,0,22,19,0,0,41,0,0,0,41
04/03/2020,PWM,ME,ANE,EN,Combined TRACON& Tower with Radar,24,19,4,0,47,0,0,0,0,0,24,19,4,0,47,0,0,0,47
04/04/2020,PWM,ME,ANE,EN,Combined TRACON& Tower with Radar,18,14,10,1,43,0,0,5,0,5,18,14,15,1,48,0,0,0,48
04/05/2020,PWM,ME,ANE,EN,Combined TRACON& Tower with Radar,23,9,7,0,39,0,0,9,0,9,23,9,16,0,48,0,0,0,48
04/06/2020,PWM,ME,ANE,EN,Combined TRACON& Tower with Radar,17,17,11,4,49,0,0,20,0,20,17,17,31,4,69,0,0,0,69
04/07/2020,PWM,ME,ANE,EN,Combined TRACON& Tower with Radar,12,19,4,1,36,0,0,21,0,21,12,19,25,1,57,0,0,0,57
04/08/2020,PWM,ME,ANE,EN,Combined TRACON& Tower with Radar,18,19,0,2,39,0,2,17,0,19,18,21,17,2,58,0,0,0,58
04/09/2020,PWM,ME,ANE,EN,Combined TRACON& Tower with Radar,11,14,1,0,26,0,0,0,0,0,11,14,1,0,26,0,0,0,26
04/10/2020,PWM,ME,ANE,EN,Combined TRACON& Tower with Radar,12,14,0,0,26,0,1,0,0,1,12,15,0,0,27,0,0,0,27
04/11/2020,PWM,ME,ANE,EN,Combined TRACON& Tower with Radar,18,13,0,0,31,0,1,3,0,4,18,14,3,0,35,0,0,0,35
04/12/2020,PWM,ME,ANE,EN,Combined TRACON& Tower with Radar,17,5,3,0,25,0,2,20,0,22,17,7,23,0,47,2,0,2,49
04/13/2020,PWM,ME,ANE,EN,Combined TRACON& Tower with Radar,14,11,2,0,27,0,0,0,0,0,14,11,2,0,27,0,0,0,27
04/14/2020,PWM,ME,ANE,EN,Combined TRACON& Tower with Radar,15,15,4,0,34,0,0,21,1,22,15,15,25,1,56,0,0,0,56
04/15/2020,PWM,ME,ANE,EN,Combined TRACON& Tower with Radar,16,14,6,1,37,0,2,19,1,22,16,16,25,2,59,0,0,0,59
04/16/2020,PWM,ME,ANE,EN,Combined TRACON& Tower with Radar,12,12,0,2,26,0,0,14,0,14,12,12,14,2,40,2,0,2,42
04/17/2020,PWM,ME,ANE,EN,Combined TRACON& Tower with Radar,16,15,2,0,33,0,1,9,0,10,16,16,11,0,43,6,0,6,49
04/18/2020,PWM,ME,ANE,EN,Combined TRACON& Tower with Radar,16,12,5,0,33,0,1,0,0,1,16,13,5,0,34,0,0,0,34
04/19/2020,PWM,ME,ANE,EN,Combined TRACON& Tower with Radar,14,4,9,0,27,0,0,19,0,19,14,4,28,0,46,0,0,0,46
04/20/2020,PWM,ME,ANE,EN,Combined TRACON& Tower with Radar,13,6,13,2,34,0,2,28,0,30,13,8,41,2,64,0,0,0,64
04/21/2020,PWM,ME,ANE,EN,Combined TRACON& Tower with Radar,16,17,5,0,38,0,3,4,0,7,16,20,9,0,45,0,0,0,45
04/22/2020,PWM,ME,ANE,EN,Combined TRACON& Tower with Radar,12,21,11,0,44,0,4,6,0,10,12,25,17,0,54,0,0,0,54
04/23/2020,PWM,ME,ANE,EN,Combined TRACON& Tower with Radar,12,15,4,0,31,0,5,47,2,54,12,20,51,2,85,0,0,0,85
04/24/2020,PWM,ME,ANE,EN,Combined TRACON& Tower with Radar,11,14,4,0,29,0,0,5,0,5,11,14,9,0,34,0,0,0,34
04/25/2020,PWM,ME,ANE,EN,Combined TRACON& Tower with Radar,12,12,16,0,40,0,0,48,0,48,12,12,64,0,88,20,0,20,108
04/26/2020,PWM,ME,ANE,EN,Combined TRACON& Tower with Radar,10,7,5,2,24,0,1,16,0,17,10,8,21,2,41,0,0,0,41
04/27/2020,PWM,ME,ANE,EN,Combined TRACON& Tower with Radar,10,13,6,0,29,0,0,0,0,0,10,13,6,0,29,0,0,0,29
04/28/2020,PWM,ME,ANE,EN,Combined TRACON& Tower with Radar,12,18,3,10,43,0,2,3,0,5,12,20,6,10,48,10,0,10,58
04/29/2020,PWM,ME,ANE,EN,Combined TRACON& Tower with Radar,8,19,12,7,46,0,4,34,0,38,8,23,46,7,84,16,4,20,104
04/30/2020,PWM,ME,ANE,EN,Combined TRACON& Tower with Radar,9,20,3,8,40,0,0,0,0,0,9,20,3,8,40,0,0,0,40
05/01/2020,PWM,ME,ANE,EN,Combined TRACON& Tower with Radar,20,21,6,0,47,0,0,0,0,0,20,21,6,0,47,0,0,0,47
05/02/2020,PWM,ME,ANE,EN,Combined TRACON& Tower with Radar,13,17,6,0,36,0,1,16,1,18,13,18,22,1,54,6,0,6,60
05/03/2020,PWM,ME,ANE,EN,Combined TRACON& Tower with Radar,15,7,8,0,30,0,2,13,1,16,15,9,21,1,46,0,0,0,46
05/04/2020,PWM,ME,ANE,EN,Combined TRACON& Tower with Radar,19,7,9,0,35,0,9,5,0,14,19,16,14,0,49,0,0,0,49
05/05/2020,PWM,ME,ANE,EN,Combined TRACON& Tower with Radar,14,8,5,2,29,0,1,12,0,13,14,9,17,2,42,0,0,0,42
05/06/2020,PWM,ME,ANE,EN,Combined TRACON& Tower with Radar,15,15,11,0,41,0,3,30,0,33,15,18,41,0,74,10,0,10,84
05/07/2020,PWM,ME,ANE,EN,Combined TRACON& Tower with Radar,21,11,8,0,40,0,1,32,0,33,21,12,40,0,73,32,0,32,105
05/08/2020,PWM,ME,ANE,EN,Combined TRACON& Tower with Radar,14,15,15,0,44,0,2,16,0,18,14,17,31,0,62,0,0,0,62
05/09/2020,PWM,ME,ANE,EN,Combined TRACON& Tower with Radar,12,10,0,0,22,0,0,0,0,0,12,10,0,0,22,0,0,0,22
05/10/2020,PWM,ME,ANE,EN,Combined TRACON& Tower with Radar,11,6,2,0,19,0,4,3,0,7,11,10,5,0,26,0,0,0,26
05/11/2020,PWM,ME,ANE,EN,Combined TRACON& Tower with Radar,13,12,7,0,32,0,2,8,1,11,13,14,15,1,43,0,0,0,43
05/12/2020,PWM,ME,ANE,EN,Combined TRACON& Tower with Radar,15,9,7,0,31,0,6,11,0,17,15,15,18,0,48,0,0,0,48
05/13/2020,PWM,ME,ANE,EN,Combined TRACON& Tower with Radar,15,12,3,12,42,0,4,18,0,22,15,16,21,12,64,6,14,20,84
05/14/2020,PWM,ME,ANE,EN,Combined TRACON& Tower with Radar,16,17,11,4,48,0,3,42,0,45,16,20,53,4,93,20,0,20,113
05/15/2020,PWM,ME,ANE,EN,Combined TRACON& Tower with Radar,12,17,7,0,36,0,0,9,0,9,12,17,16,0,45,0,0,0,45
05/16/2020,PWM,ME,ANE,EN,Combined TRACON& Tower with Radar,15,10,12,0,37,0,1,15,0,16,15,11,27,0,53,2,0,2,55
05/17/2020,PWM,ME,ANE,EN,Combined TRACON& Tower with Radar,12,4,10,2,28,0,1,29,0,30,12,5,39,2,58,10,0,10,68
05/18/2020,PWM,ME,ANE,EN,Combined TRACON& Tower with Radar,14,12,12,9,47,0,5,17,0,22,14,17,29,9,69,0,0,0,69
05/19/2020,PWM,ME,ANE,EN,Combined TRACON& Tower with Radar,14,11,6,4,35,0,3,29,0,32,14,14,35,4,67,0,0,0,67
05/20/2020,PWM,ME,ANE,EN,Combined TRACON& Tower with Radar,14,19,16,13,62,0,2,48,0,50,14,21,64,13,112,6,0,6,118
05/21/2020,PWM,ME,ANE,EN,Combined TRACON& Tower with Radar,17,21,11,0,49,0,0,26,0,26,17,21,37,0,75,22,0,22,97
05/22/2020,PWM,ME,ANE,EN,Combined TRACON& Tower with Radar,13,11,17,9,50,0,7,31,0,38,13,18,48,9,88,0,0,0,88
05/23/2020,PWM,ME,ANE,EN,Combined TRACON& Tower with Radar,13,8,7,0,28,0,0,15,0,15,13,8,22,0,43,0,0,0,43
05/24/2020,PWM,ME,ANE,EN,Combined TRACON& Tower with Radar,16,7,9,0,32,0,5,28,0,33,16,12,37,0,65,0,0,0,65
05/25/2020,PWM,ME,ANE,EN,Combined TRACON& Tower with Radar,12,8,23,1,44,0,1,2,0,3,12,9,25,1,47,0,0,0,47
05/26/2020,PWM,ME,ANE,EN,Combined TRACON& Tower with Radar,17,8,12,0,37,0,3,21,0,24,17,11,33,0,61,0,0,0,61
05/27/2020,PWM,ME,ANE,EN,Combined TRACON& Tower with Radar,17,16,14,2,49,0,4,17,0,21,17,20,31,2,70,0,0,0,70
05/28/2020,PWM,ME,ANE,EN,Combined TRACON& Tower with Radar,15,14,12,11,52,0,0,9,0,9,15,14,21,11,61,0,0,0,61
05/29/2020,PWM,ME,ANE,EN,Combined TRACON& Tower with Radar,14,21,6,0,41,0,6,6,0,12,14,27,12,0,53,2,0,2,55
05/30/2020,PWM,ME,ANE,EN,Combined TRACON& Tower with Radar,12,7,5,0,24,0,0,4,0,4,12,7,9,0,28,0,0,0,28
05/31/2020,PWM,ME,ANE,EN,Combined TRACON& Tower with Radar,13,8,10,0,31,0,0,19,0,19,13,8,29,0,50,0,0,0,50
06/01/2020,PWM,ME,ANE,EN,Combined TRACON& Tower with Radar,12,19,11,0,42,0,3,21,0,24,12,22,32,0,66,0,0,0,66
06/02/2020,PWM,ME,ANE,EN,Combined TRACON& Tower with Radar,14,16,8,0,38,0,5,17,0,22,14,21,25,0,60,0,0,0,60
06/03/2020,PWM,ME,ANE,EN,Combined TRACON& Tower with Radar,14,20,12,2,48,0,2,16,0,18,14,22,28,2,66,0,0,0,66
06/04/2020,PWM,ME,ANE,EN,Combined TRACON& Tower with Radar,20,17,30,2,69,0,0,43,0,43,20,17,73,2,112,0,0,0,112
06/05/2020,PWM,ME,ANE,EN,Combined TRACON& Tower with Radar,18,21,9,1,49,0,1,24,0,25,18,22,33,1,74,34,0,34,108
06/06/2020,PWM,ME,ANE,EN,Combined TRACON& Tower with Radar,21,17,7,1,46,0,4,5,0,9,21,21,12,1,55,0,0,0,55
06/07/2020,PWM,ME,ANE,EN,Combined TRACON& Tower with Radar,16,8,13,9,46,0,3,40,0,43,16,11,53,9,89,18,4,22,111
06/08/2020,PWM,ME,ANE,EN,Combined TRACON& Tower with Radar,17,18,13,0,48,0,5,36,0,41,17,23,49,0,89,10,0,10,99
06/09/2020,PWM,ME,ANE,EN,Combined TRACON& Tower with Radar,18,15,23,0,56,0,0,36,3,39,18,15,59,3,95,20,0,20,115
06/10/2020,PWM,ME,ANE,EN,Combined TRACON& Tower with Radar,18,22,11,4,55,0,2,41,2,45,18,24,52,6,100,12,0,12,112
06/11/2020,PWM,ME,ANE,EN,Combined TRACON& Tower with Radar,18,28,6,0,52,0,0,0,0,0,18,28,6,0,52,0,0,0,52
06/12/2020,PWM,ME,ANE,EN,Combined TRACON& Tower with Radar,18,18,18,0,54,0,3,54,0,57,18,21,72,0,111,14,0,14,125
06/13/2020,PWM,ME,ANE,EN,Combined TRACON& Tower with Radar,20,10,13,0,43,0,3,38,0,41,20,13,51,0,84,17,0,17,101
06/14/2020,PWM,ME,ANE,EN,Combined TRACON& Tower with Radar,18,7,9,0,34,0,2,55,0,57,18,9,64,0,91,20,0,20,111
06/15/2020,PWM,ME,ANE,EN,Combined TRACON& Tower with Radar,19,21,13,13,66,0,3,42,2,47,19,24,55,15,113,16,0,16,129
06/16/2020,PWM,ME,ANE,EN,Combined TRACON& Tower with Radar,20,17,12,4,53,0,0,47,3,50,20,17,59,7,103,10,0,10,113
06/17/2020,PWM,ME,ANE,EN,Combined TRACON& Tower with Radar,20,18,12,2,52,0,2,52,0,54,20,20,64,2,106,16,0,16,122
06/18/2020,PWM,ME,ANE,EN,Combined TRACON& Tower with Radar,22,18,10,2,52,0,4,36,0,40,22,22,46,2,92,12,6,18,110
06/19/2020,PWM,ME,ANE,EN,Combined TRACON& Tower with Radar,19,15,9,11,54,0,1,42,0,43,19,16,51,11,97,6,0,6,103
06/20/2020,PWM,ME,ANE,EN,Combined TRACON& Tower with Radar,21,12,12,1,46,0,1,40,0,41,21,13,52,1,87,17,0,17,104
06/21/2020,PWM,ME,ANE,EN,Combined TRACON& Tower with Radar,20,12,9,0,41,0,0,6,0,6,20,12,15,0,47,0,0,0,47
06/22/2020,PWM,ME,ANE,EN,Combined TRACON& Tower with Radar,19,19,11,0,49,0,1,5,0,6,19,20,16,0,55,0,0,0,55
06/23/2020,PWM,ME,ANE,EN,Combined TRACON& Tower with Radar,20,19,14,1,54,0,1,2,1,4,20,20,16,2,58,0,0,0,58
06/24/2020,PWM,ME,ANE,EN,Combined TRACON& Tower with Radar,20,29,15,1,65,0,0,3,0,3,20,29,18,1,68,0,0,0,68
06/25/2020,PWM,ME,ANE,EN,Combined TRACON& Tower with Radar,22,23,23,2,70,0,4,35,1,40,22,27,58,3,110,0,0,0,110
06/26/2020,PWM,ME,ANE,EN,Combined TRACON& Tower with Radar,20,17,18,3,58,0,0,35,0,35,20,17,53,3,93,0,0,0,93
06/27/2020,PWM,ME,ANE,EN,Combined TRACON& Tower with Radar,26,10,13,0,49,0,4,26,1,31,26,14,39,1,80,6,0,6,86
06/28/2020,PWM,ME,ANE,EN,Combined TRACON& Tower with Radar,26,11,16,0,53,0,2,29,0,31,26,13,45,0,84,0,0,0,84
06/29/2020,PWM,ME,ANE,EN,Combined TRACON& Tower with Radar,23,23,11,0,57,0,0,0,0,0,23,23,11,0,57,0,0,0,57
06/30/2020,PWM,ME,ANE,EN,Combined TRACON& Tower with Radar,26,18,14,0,58,0,0,0,0,0,26,18,14,0,58,6,0,6,64
07/01/2020,PWM,ME,ANE,EN,Combined TRACON& Tower with Radar,27,25,37,0,89,0,0,6,0,6,27,25,43,0,95,12,0,12,107
07/02/2020,PWM,ME,ANE,EN,Combined TRACON& Tower with Radar,33,26,31,7,97,0,6,41,0,47,33,32,72,7,144,4,0,4,148
07/03/2020,PWM,ME,ANE,EN,Combined TRACON& Tower with Radar,27,27,22,0,76,0,0,6,0,6,27,27,28,0,82,10,0,10,92
07/04/2020,PWM,ME,ANE,EN,Combined TRACON& Tower with Radar,27,7,15,0,49,0,0,4,0,4,27,7,19,0,53,0,0,0,53
07/05/2020,PWM,ME,ANE,EN,Combined TRACON& Tower with Radar,28,16,19,0,63,0,0,0,0,0,28,16,19,0,63,0,0,0,63
07/06/2020,PWM,ME,ANE,EN,Combined TRACON& Tower with Radar,30,25,14,1,70,0,2,51,1,54,30,27,65,2,124,8,0,8,132
07/07/2020,PWM,ME,ANE,EN,Combined TRACON& Tower with Radar,39,18,13,2,72,0,2,22,0,24,39,20,35,2,96,0,0,0,96
07/08/2020,PWM,ME,ANE,EN,Combined TRACON& Tower with Radar,44,16,15,2,77,0,0,7,0,7,44,16,22,2,84,0,0,0,84
07/09/2020,PWM,ME,ANE,EN,Combined TRACON& Tower with Radar,46,32,27,3,108,0,0,31,1,32,46,32,58,4,140,0,0,0,140
07/10/2020,PWM,ME,ANE,EN,Combined TRACON& Tower with Radar,44,22,36,3,105,0,1,15,2,18,44,23,51,5,123,0,0,0,123
07/11/2020,PWM,ME,ANE,EN,Combined TRACON& Tower with Radar,47,19,13,0,79,0,0,0,0,0,47,19,13,0,79,0,0,0,79
07/12/2020,PWM,ME,ANE,EN,Combined TRACON& Tower with Radar,44,14,18,1,77,0,2,23,0,25,44,16,41,1,102,12,0,12,114
07/13/2020,PWM,ME,ANE,EN,Combined TRACON& Tower with Radar,43,10,16,3,72,0,3,21,0,24,43,13,37,3,96,0,0,0,96
07/14/2020,PWM,ME,ANE,EN,Combined TRACON& Tower with Radar,42,21,5,0,68,0,0,6,8,14,42,21,11,8,82,0,0,0,82
07/15/2020,PWM,ME,ANE,EN,Combined TRACON& Tower with Radar,42,34,43,5,124,0,3,49,0,52,42,37,92,5,176,6,0,6,182
07/16/2020,PWM,ME,ANE,EN,Combined TRACON& Tower with Radar,46,19,17,2,84,0,6,45,10,61,46,25,62,12,145,2,0,2,147
07/17/2020,PWM,ME,ANE,EN,Combined TRACON& Tower with Radar,44,24,32,3,103,0,0,4,5,9,44,24,36,8,112,0,0,0,112
07/18/2020,PWM,ME,ANE,EN,Combined TRACON& Tower with Radar,49,15,15,1,80,0,4,58,0,62,49,19,73,1,142,34,0,34,176
07/19/2020,PWM,ME,ANE,EN,Combined TRACON& Tower with Radar,44,9,23,2,78,0,4,50,2,56,44,13,73,4,134,22,0,22,156
07/20/2020,PWM,ME,ANE,EN,Combined TRACON& Tower with Radar,43,15,10,2,70,0,4,33,0,37,43,19,43,2,107,0,0,0,107
07/21/2020,PWM,ME,ANE,EN,Combined TRACON& Tower with Radar,42,14,9,5,70,0,1,53,3,57,42,15,62,8,127,0,0,0,127
07/22/2020,PWM,ME,ANE,EN,Combined TRACON& Tower with Radar,42,15,23,0,80,0,6,32,0,38,42,21,55,0,118,10,0,10,128
07/23/2020,PWM,ME,ANE,EN,Combined TRACON& Tower with Radar,46,19,19,0,84,0,2,2,0,4,46,21,21,0,88,0,0,0,88
07/24/2020,PWM,ME,ANE,EN,Combined TRACON& Tower with Radar,44,13,32,8,97,0,2,59,1,62,44,15,91,9,159,0,0,0,159
07/25/2020,PWM,ME,ANE,EN,Combined TRACON& Tower with Radar,43,15,15,2,75,0,4,57,0,61,43,19,72,2,136,10,0,10,146
07/26/2020,PWM,ME,ANE,EN,Combined TRACON& Tower with Radar,46,10,14,1,71,0,8,35,2,45,46,18,49,3,116,6,0,6,122
07/27/2020,PWM,ME,ANE,EN,Combined TRACON& Tower with Radar,43,9,15,0,67,0,3,40,0,43,43,12,55,0,110,10,0,10,120
07/28/2020,PWM,ME,ANE,EN,Combined TRACON& Tower with Radar,41,18,10,0,69,0,5,29,0,34,41,23,39,0,103,10,0,10,113
07/29/2020,PWM,ME,ANE,EN,Combined TRACON& Tower with Radar,44,13,27,0,84,0,4,48,0,52,44,17,75,0,136,0,0,0,136
07/30/2020,PWM,ME,ANE,EN,Combined TRACON& Tower with Radar,46,21,15,9,91,0,1,47,1,49,46,22,62,10,140,0,0,0,140
07/31/2020,PWM,ME,ANE,EN,Combined TRACON& Tower with Radar,44,26,20,12,102,0,1,75,0,76,44,27,95,12,178,22,8,30,208
08/01/2020,PWM,ME,ANE,EN,Combined TRACON& Tower with Radar,45,28,18,1,92,0,9,34,1,44,45,37,52,2,136,0,0,0,136
08/02/2020,PWM,ME,ANE,EN,Combined TRACON& Tower with Radar,43,13,25,0,81,0,2,31,0,33,43,15,56,0,114,0,0,0,114
08/03/2020,PWM,ME,ANE,EN,Combined TRACON& Tower with Radar,44,10,16,0,70,0,3,25,0,28,44,13,41,0,98,0,0,0,98
08/04/2020,PWM,ME,ANE,EN,Combined TRACON& Tower with Radar,44,13,13,0,70,0,1,26,0,27,44,14,39,0,97,15,0,15,112
08/05/2020,PWM,ME,ANE,EN,Combined TRACON& Tower with Radar,46,21,27,3,97,0,6,42,5,53,46,27,69,8,150,8,0,8,158
08/06/2020,PWM,ME,ANE,EN,Combined TRACON& Tower with Radar,48,15,21,2,86,0,2,71,0,73,48,17,92,2,159,24,0,24,183
08/07/2020,PWM,ME,ANE,EN,Combined TRACON& Tower with Radar,46,28,18,1,93,0,0,68,0,68,46,28,86,1,161,30,0,30,191
08/08/2020,PWM,ME,ANE,EN,Combined TRACON& Tower with Radar,47,17,14,1,79,0,5,30,0,35,47,22,44,1,114,0,0,0,114
08/09/2020,PWM,ME,ANE,EN,Combined TRACON& Tower with Radar,46,12,28,0,86,0,3,44,2,49,46,15,72,2,135,8,0,8,143
08/10/2020,PWM,ME,ANE,EN,Combined TRACON& Tower with Radar,45,15,23,9,92,0,4,45,0,49,45,19,68,9,141,0,0,0,141
08/11/2020,PWM,ME,ANE,EN,Combined TRACON& Tower with Radar,44,23,19,0,86,0,1,43,0,44,44,24,62,0,130,6,0,6,136
08/12/2020,PWM,ME,ANE,EN,Combined TRACON& Tower with Radar,44,24,17,3,88,0,5,38,0,43,44,29,55,3,131,16,0,16,147
08/13/2020,PWM,ME,ANE,EN,Combined TRACON& Tower with Radar,48,25,20,4,97,0,8,63,6,77,48,33,83,10,174,10,0,10,184
08/14/2020,PWM,ME,ANE,EN,Combined TRACON& Tower with Radar,48,18,28,22,116,0,1,59,0,60,48,19,87,22,176,6,0,6,182
08/15/2020,PWM,ME,ANE,EN,Combined TRACON& Tower with Radar,49,19,19,2,89,0,3,11,0,14,49,22,30,2,103,0,2,2,105
08/16/2020,PWM,ME,ANE,EN,Combined TRACON& Tower with Radar,46,16,26,2,90,0,3,6,0,9,46,19,32,2,99,0,0,0,99
08/17/2020,PWM,ME,ANE,EN,Combined TRACON& Tower with Radar,45,10,32,5,92,0,1,37,1,39,45,11,69,6,131,76,0,76,207
08/18/2020,PWM,ME,ANE,EN,Combined TRACON& Tower with Radar,41,27,32,0,100,0,1,32,0,33,41,28,64,0,133,12,0,12,145
08/19/2020,PWM,ME,ANE,EN,Combined TRACON& Tower with Radar,40,32,15,1,88,0,2,49,0,51,40,34,64,1,139,33,0,33,172
08/20/2020,PWM,ME,ANE,EN,Combined TRACON& Tower with Radar,44,23,14,0,81,0,1,65,0,66,44,24,79,0,147,26,0,26,173
08/21/2020,PWM,ME,ANE,EN,Combined TRACON& Tower with Radar,42,21,15,0,78,0,0,35,2,37,42,21,50,2,115,0,0,0,115
08/22/2020,PWM,ME,ANE,EN,Combined TRACON& Tower with Radar,47,16,17,1,81,0,3,55,2,60,47,19,72,3,141,22,0,22,163
08/23/2020,PWM,ME,ANE,EN,Combined TRACON& Tower with Radar,41,17,30,4,92,0,2,37,3,42,41,19,67,7,134,10,0,10,144
08/24/2020,PWM,ME,ANE,EN,Combined TRACON& Tower with Radar,43,21,22,0,86,0,2,35,0,37,43,23,57,0,123,10,0,10,133
08/25/2020,PWM,ME,ANE,EN,Combined TRACON& Tower with Radar,42,23,17,2,84,0,2,13,0,15,42,25,30,2,99,0,0,0,99
08/26/2020,PWM,ME,ANE,EN,Combined TRACON& Tower with Radar,40,20,23,10,93,0,2,43,10,55,40,22,66,20,148,6,0,6,154
08/27/2020,PWM,ME,ANE,EN,Combined TRACON& Tower with Radar,44,25,27,1,97,0,3,51,0,54,44,28,78,1,151,10,0,10,161
08/28/2020,PWM,ME,ANE,EN,Combined TRACON& Tower with Radar,42,18,29,0,89,0,9,48,12,69,42,27,77,12,158,12,12,24,182
08/29/2020,PWM,ME,ANE,EN,Combined TRACON& Tower with Radar,47,20,10,0,77,0,0,0,0,0,47,20,10,0,77,0,0,0,77
08/30/2020,PWM,ME,ANE,EN,Combined TRACON& Tower with Radar,42,13,19,1,75,0,6,19,1,26,42,19,38,2,101,10,0,10,111
08/31/2020,PWM,ME,ANE,EN,Combined TRACON& Tower with Radar,43,21,23,9,96,0,5,41,0,46,43,26,64,9,142,12,0,12,154
09/01/2020,PWM,ME,ANE,EN,Combined TRACON& Tower with Radar,41,20,16,0,77,0,2,34,0,36,41,22,50,0,113,6,0,6,119
09/02/2020,PWM,ME,ANE,EN,Combined TRACON& Tower with Radar,36,22,26,6,90,0,0,2,0,2,36,22,28,6,92,0,0,0,92
09/03/2020,PWM,ME,ANE,EN,Combined TRACON& Tower with Radar,38,29,35,1,103,0,3,16,0,19,38,32,51,1,122,12,0,12,134
09/04/2020,PWM,ME,ANE,EN,Combined TRACON& Tower with Radar,40,20,25,0,85,0,0,73,0,73,40,20,98,0,158,16,0,16,174
09/05/2020,PWM,ME,ANE,EN,Combined TRACON& Tower with Radar,38,14,10,5,67,0,0,43,2,45,38,14,53,7,112,0,10,10,122
09/06/2020,PWM,ME,ANE,EN,Combined TRACON& Tower with Radar,29,12,10,0,51,0,5,71,0,76,29,17,81,0,127,0,0,0,127
09/07/2020,PWM,ME,ANE,EN,Combined TRACON& Tower with Radar,34,20,20,1,75,0,2,27,0,29,34,22,47,1,104,12,0,12,116
09/08/2020,PWM,ME,ANE,EN,Combined TRACON& Tower with Radar,35,25,25,2,87,0,3,52,0,55,35,28,77,2,142,12,0,12,154
09/09/2020,PWM,ME,ANE,EN,Combined TRACON& Tower with Radar,33,29,33,4,99,0,0,9,0,9,33,29,42,4,108,14,0,14,122
09/10/2020,PWM,ME,ANE,EN,Combined TRACON& Tower with Radar,33,34,24,7,98,0,0,5,0,5,33,34,29,7,103,0,2,2,105
09/11/2020,PWM,ME,ANE,EN,Combined TRACON& Tower with Radar,34,26,24,8,92,0,5,43,0,48,34,31,67,8,140,46,0,46,186
09/12/2020,PWM,ME,ANE,EN,Combined TRACON& Tower with Radar,28,23,15,0,66,0,6,57,2,65,28,29,72,2,131,0,0,0,131
09/13/2020,PWM,ME,ANE,EN,Combined TRACON& Tower with Radar,31,15,23,1,70,0,5,16,0,21,31,20,39,1,91,0,0,0,91
09/14/2020,PWM,ME,ANE,EN,Combined TRACON& Tower with Radar,31,20,21,1,73,0,5,39,0,44,31,25,60,1,117,0,0,0,117
09/15/2020,PWM,ME,ANE,EN,Combined TRACON& Tower with Radar,27,19,13,3,62,0,4,50,0,54,27,23,63,3,116,40,0,40,156
09/16/2020,PWM,ME,ANE,EN,Combined TRACON& Tower with Radar,31,31,24,4,90,0,3,33,0,36,31,34,57,4,126,18,4,22,148
09/17/2020,PWM,ME,ANE,EN,Combined TRACON& Tower with Radar,31,31,26,6,94,0,3,28,0,31,31,34,54,6,125,18,6,24,149
09/18/2020,PWM,ME,ANE,EN,Combined TRACON& Tower with Radar,34,30,35,0,99,0,4,39,2,45,34,34,74,2,144,32,0,32,176
09/19/2020,PWM,ME,ANE,EN,Combined TRACON& Tower with Radar,28,19,22,0,69,0,3,49,2,54,28,22,71,2,123,16,0,16,139
09/20/2020,PWM,ME,ANE,EN,Combined TRACON& Tower with Radar,31,20,14,2,67,0,7,53,2,62,31,27,67,4,129,0,0,0,129
09/21/2020,PWM,ME,ANE,EN,Combined TRACON& Tower with Radar,31,20,24,0,75,0,3,51,0,54,31,23,75,0,129,20,0,20,149
09/22/2020,PWM,ME,ANE,EN,Combined TRACON& Tower with Radar,27,22,22,0,71,0,3,12,0,15,27,25,34,0,86,0,0,0,86
09/23/2020,PWM,ME,ANE,EN,Combined TRACON& Tower with Radar,33,24,17,1,75,0,6,28,1,35,33,30,45,2,110,0,0,0,110
09/24/2020,PWM,ME,ANE,EN,Combined TRACON& Tower with Radar,32,28,16,0,76,0,4,57,0,61,32,32,73,0,137,34,0,34,171
09/25/2020,PWM,ME,ANE,EN,Combined TRACON& Tower with Radar,34,25,19,4,82,0,3,58,0,61,34,28,77,4,143,30,0,30,173
09/26/2020,PWM,ME,ANE,EN,Combined TRACON& Tower with Radar,27,15,30,0,72,0,0,8,0,8,27,15,38,0,80,0,0,0,80
09/27/2020,PWM,ME,ANE,EN,Combined TRACON& Tower with Radar,31,17,29,0,77,0,0,1,0,1,31,17,30,0,78,0,0,0,78
09/28/2020,PWM,ME,ANE,EN,Combined TRACON& Tower with Radar,31,32,13,0,76,0,0,0,0,0,31,32,13,0,76,0,0,0,76
09/29/2020,PWM,ME,ANE,EN,Combined TRACON& Tower with Radar,28,24,22,3,77,0,0,16,0,16,28,24,38,3,93,0,0,0,93
09/30/2020,PWM,ME,ANE,EN,Combined TRACON& Tower with Radar,32,33,13,1,79,0,2,9,0,11,32,35,22,1,90,0,0,0,90
10/01/2020,PWM,ME,ANE,EN,Combined TRACON& Tower with Radar,38,20,15,4,77,0,3,54,0,57,38,23,69,4,134,2,0,2,136
10/02/2020,PWM,ME,ANE,EN,Combined TRACON& Tower with Radar,40,25,28,0,93,8,0,28,0,36,48,25,56,0,129,0,0,0,129
10/03/2020,PWM,ME,ANE,EN,Combined TRACON& Tower with Radar,33,14,20,0,67,0,1,52,0,53,33,15,72,0,120,0,0,0,120
10/04/2020,PWM,ME,ANE,EN,Combined TRACON& Tower with Radar,42,9,14,1,66,0,0,60,0,60,42,9,74,1,126,0,0,0,126
10/05/2020,PWM,ME,ANE,EN,Combined TRACON& Tower with Radar,37,17,26,1,81,0,2,32,0,34,37,19,58,1,115,34,0,34,149
10/06/2020,PWM,ME,ANE,EN,Combined TRACON& Tower with Radar,30,18,17,2,67,0,3,15,1,19,30,21,32,3,86,10,0,10,96
10/07/2020,PWM,ME,ANE,EN,Combined TRACON& Tower with Radar,32,16,23,1,72,0,2,28,2,32,32,18,51,3,104,9,0,9,113
10/08/2020,PWM,ME,ANE,EN,Combined TRACON& Tower with Radar,51,13,28,0,92,0,5,10,0,15,51,18,38,0,107,0,0,0,107
10/09/2020,PWM,ME,ANE,EN,Combined TRACON& Tower with Radar,49,27,20,2,98,0,4,79,0,83,49,31,99,2,181,47,0,47,228
10/10/2020,PWM,ME,ANE,EN,Combined TRACON& Tower with Radar,39,10,7,0,56,0,3,41,0,44,39,13,48,0,100,0,0,0,100
10/11/2020,PWM,ME,ANE,EN,Combined TRACON& Tower with Radar,47,7,24,1,79,0,4,50,0,54,47,11,74,1,133,0,0,0,133
10/12/2020,PWM,ME,ANE,EN,Combined TRACON& Tower with Radar,45,21,26,1,93,0,2,36,0,38,45,23,62,1,131,24,0,24,155
10/13/2020,PWM,ME,ANE,EN,Combined TRACON& Tower with Radar,33,13,14,0,60,0,0,0,0,0,33,13,14,0,60,0,0,0,60
10/14/2020,PWM,ME,ANE,EN,Combined TRACON& Tower with Radar,37,22,27,0,86,0,0,65,2,67,37,22,92,2,153,12,0,12,165
10/15/2020,PWM,ME,ANE,EN,Combined TRACON& Tower with Radar,48,11,35,1,95,0,0,34,3,37,48,11,69,4,132,20,0,20,152
10/16/2020,PWM,ME,ANE,EN,Combined TRACON& Tower with Radar,48,18,17,2,85,0,0,0,0,0,48,18,17,2,85,0,0,0,85
10/17/2020,PWM,ME,ANE,EN,Combined TRACON& Tower with Radar,36,14,13,0,63,0,2,9,0,11,36,16,22,0,74,0,0,0,74
10/18/2020,PWM,ME,ANE,EN,Combined TRACON& Tower with Radar,44,10,13,2,69,0,1,68,0,69,44,11,81,2,138,42,0,42,180
10/19/2020,PWM,ME,ANE,EN,Combined TRACON& Tower with Radar,44,12,20,3,79,0,0,38,0,38,44,12,58,3,117,16,0,16,133
10/20/2020,PWM,ME,ANE,EN,Combined TRACON& Tower with Radar,31,14,25,2,72,0,0,4,2,6,31,14,29,4,78,0,0,0,78
10/21/2020,PWM,ME,ANE,EN,Combined TRACON& Tower with Radar,35,16,17,0,68,0,0,0,0,0,35,16,17,0,68,0,0,0,68
10/22/2020,PWM,ME,ANE,EN,Combined TRACON& Tower with Radar,48,16,18,2,84,0,2,36,1,39,48,18,54,3,123,0,0,0,123
10/23/2020,PWM,ME,ANE,EN,Combined TRACON& Tower with Radar,44,22,23,0,89,0,0,17,0,17,44,22,40,0,106,22,0,22,128
10/24/2020,PWM,ME,ANE,EN,Combined TRACON& Tower with Radar,35,15,25,0,75,0,0,8,0,8,35,15,33,0,83,0,0,0,83
10/25/2020,PWM,ME,ANE,EN,Combined TRACON& Tower with Radar,44,13,20,1,78,0,2,51,0,53,44,15,71,1,131,14,0,14,145
10/26/2020,PWM,ME,ANE,EN,Combined TRACON& Tower with Radar,41,17,17,3,78,0,0,1,1,2,41,17,18,4,80,0,0,0,80
10/27/2020,PWM,ME,ANE,EN,Combined TRACON& Tower with Radar,32,11,10,4,57,0,2,52,5,59,32,13,62,9,116,39,0,39,155
10/28/2020,PWM,ME,ANE,EN,Combined TRACON& Tower with Radar,34,15,24,1,74,0,0,6,0,6,34,15,30,1,80,0,0,0,80
10/29/2020,PWM,ME,ANE,EN,Combined TRACON& Tower with Radar,44,21,14,7,86,0,0,13,2,15,44,21,27,9,101,11,16,27,128
10/30/2020,PWM,ME,ANE,EN,Combined TRACON& Tower with Radar,44,14,16,0,74,0,0,19,0,19,44,14,35,0,93,10,0,10,103
10/31/2020,PWM,ME,ANE,EN,Combined TRACON& Tower with Radar,28,13,17,0,58,0,0,61,0,61,28,13,78,0,119,0,0,0,119
11/01/2020,PWM,ME,ANE,EN,Combined TRACON& Tower with Radar,43,5,7,0,55,0,0,9,0,9,43,5,16,0,64,0,0,0,64
11/02/2020,PWM,ME,ANE,EN,Combined TRACON& Tower with Radar,43,5,10,0,58,0,0,5,4,9,43,5,15,4,67,0,0,0,67
11/03/2020,PWM,ME,ANE,EN,Combined TRACON& Tower with Radar,32,11,5,1,49,0,2,17,1,20,32,13,22,2,69,0,0,0,69
11/04/2020,PWM,ME,ANE,EN,Combined TRACON& Tower with Radar,31,12,23,5,71,0,2,30,2,34,31,14,53,7,105,64,0,64,169
11/05/2020,PWM,ME,ANE,EN,Combined TRACON& Tower with Radar,44,28,7,2,81,0,0,40,1,41,44,28,47,3,122,21,0,21,143
11/06/2020,PWM,ME,ANE,EN,Combined TRACON& Tower with Radar,42,18,14,0,74,0,4,67,6,77,42,22,81,6,151,38,0,38,189
11/07/2020,PWM,ME,ANE,EN,Combined TRACON& Tower with Radar,30,23,5,0,58,0,4,55,2,61,30,27,60,2,119,6,0,6,125
11/08/2020,PWM,ME,ANE,EN,Combined TRACON& Tower with Radar,41,5,28,0,74,0,1,59,0,60,41,6,87,0,134,14,0,14,148
11/09/2020,PWM,ME,ANE,EN,Combined TRACON& Tower with Radar,42,15,16,0,73,0,0,44,4,48,42,15,60,4,121,34,0,34,155
11/10/2020,PWM,ME,ANE,EN,Combined TRACON& Tower with Radar,34,11,26,2,73,0,0,52,0,52,34,11,78,2,125,8,0,8,133
11/11/2020,PWM,ME,ANE,EN,Combined TRACON& Tower with Radar,31,10,30,0,71,0,0,25,0,25,31,10,55,0,96,14,0,14,110
11/12/2020,PWM,ME,ANE,EN,Combined TRACON& Tower with Radar,45,16,15,7,83,0,1,12,3,16,45,17,27,10,99,0,0,0,99
11/13/2020,PWM,ME,ANE,EN,Combined TRACON& Tower with Radar,43,23,17,0,83,0,4,8,0,12,43,27,25,0,95,0,0,0,95
11/14/2020,PWM,ME,ANE,EN,Combined TRACON& Tower with Radar,32,21,18,1,72,0,3,34,0,37,32,24,52,1,109,0,0,0,109
11/15/2020,PWM,ME,ANE,EN,Combined TRACON& Tower with Radar,41,10,13,2,66,0,0,29,0,29,41,10,42,2,95,8,0,8,103
11/16/2020,PWM,ME,ANE,EN,Combined TRACON& Tower with Radar,42,22,12,2,78,0,5,8,0,13,42,27,20,2,91,10,0,10,101
11/17/2020,PWM,ME,ANE,EN,Combined TRACON& Tower with Radar,34,15,11,7,67,0,0,19,0,19,34,15,30,7,86,22,2,24,110
11/18/2020,PWM,ME,ANE,EN,Combined TRACON& Tower with Radar,31,21,8,2,62,0,2,12,0,14,31,23,20,2,76,0,0,0,76
11/19/2020,PWM,ME,ANE,EN,Combined TRACON& Tower with Radar,52,17,14,0,83,0,2,31,0,33,52,19,45,0,116,6,0,6,122
11/20/2020,PWM,ME,ANE,EN,Combined TRACON& Tower with Radar,48,16,11,0,75,0,6,38,2,46,48,22,49,2,121,0,0,0,121
11/21/2020,PWM,ME,ANE,EN,Combined TRACON& Tower with Radar,37,22,15,0,74,0,6,48,0,54,37,28,63,0,128,4,0,4,132
11/22/2020,PWM,ME,ANE,EN,Combined TRACON& Tower with Radar,48,9,17,0,74,0,1,14,0,15,48,10,31,0,89,6,0,6,95
11/23/2020,PWM,ME,ANE,EN,Combined TRACON& Tower with Radar,35,16,6,0,57,0,0,2,0,2,35,16,8,0,59,0,0,0,59
11/24/2020,PWM,ME,ANE,EN,Combined TRACON& Tower with Radar,51,12,13,0,76,0,2,32,1,35,51,14,45,1,111,4,0,4,115
11/25/2020,PWM,ME,ANE,EN,Combined TRACON& Tower with Radar,50,20,10,4,84,0,0,3,0,3,50,20,13,4,87,0,0,0,87
11/26/2020,PWM,ME,ANE,EN,Combined TRACON& Tower with Radar,25,3,0,0,28,0,0,0,0,0,25,3,0,0,28,0,0,0,28
11/27/2020,PWM,ME,ANE,EN,Combined TRACON& Tower with Radar,35,20,14,0,69,0,4,20,0,24,35,24,34,0,93,6,0,6,99
11/28/2020,PWM,ME,ANE,EN,Combined TRACON& Tower with Radar,44,24,20,0,88,0,2,10,0,12,44,26,30,0,100,0,0,0,100
11/29/2020,PWM,ME,ANE,EN,Combined TRACON& Tower with Radar,55,11,13,0,79,0,3,72,0,75,55,14,85,0,154,6,0,6,160
11/30/2020,PWM,ME,ANE,EN,Combined TRACON& Tower with Radar,43,16,5,0,64,0,0,0,0,0,43,16,5,0,64,0,0,0,64
12/01/2020,PWM,ME,ANE,EN,Combined TRACON& Tower with Radar,45,18,7,0,70,0,2,0,0,2,45,20,7,0,72,0,0,0,72
12/02/2020,PWM,ME,ANE,EN,Combined TRACON& Tower with Radar,27,14,11,0,52,0,3,30,0,33,27,17,41,0,85,0,0,0,85
12/03/2020,PWM,ME,ANE,EN,Combined TRACON& Tower with Radar,44,18,9,2,73,0,3,49,0,52,44,21,58,2,125,0,0,0,125
12/04/2020,PWM,ME,ANE,EN,Combined TRACON& Tower with Radar,38,17,10,0,65,0,2,13,0,15,38,19,23,0,80,6,0,6,86
12/05/2020,PWM,ME,ANE,EN,Combined TRACON& Tower with Radar,26,13,1,0,40,0,0,0,0,0,26,13,1,0,40,0,0,0,40
12/06/2020,PWM,ME,ANE,EN,Combined TRACON& Tower with Radar,36,5,9,0,50,0,2,2,0,4,36,7,11,0,54,0,0,0,54
12/07/2020,PWM,ME,ANE,EN,Combined TRACON& Tower with Radar,37,12,10,1,60,0,0,24,1,25,37,12,34,2,85,27,0,27,112
12/08/2020,PWM,ME,ANE,EN,Combined TRACON& Tower with Radar,30,21,10,5,66,0,0,7,4,11,30,21,17,9,77,14,0,14,91
12/09/2020,PWM,ME,ANE,EN,Combined TRACON& Tower with Radar,28,13,10,2,53,0,0,5,0,5,28,13,15,2,58,0,0,0,58
12/10/2020,PWM,ME,ANE,EN,Combined TRACON& Tower with Radar,44,19,11,2,76,0,0,19,0,19,44,19,30,2,95,0,0,0,95
12/11/2020,PWM,ME,ANE,EN,Combined TRACON& Tower with Radar,38,17,10,0,65,0,0,35,2,37,38,17,45,2,102,0,0,0,102
12/12/2020,PWM,ME,ANE,EN,Combined TRACON& Tower with Radar,31,19,6,0,56,0,1,29,1,31,31,20,35,1,87,0,0,0,87
12/13/2020,PWM,ME,ANE,EN,Combined TRACON& Tower with Radar,34,7,7,0,48,0,0,0,0,0,34,7,7,0,48,0,0,0,48
12/14/2020,PWM,ME,ANE,EN,Combined TRACON& Tower with Radar,38,17,9,2,66,0,1,9,0,10,38,18,18,2,76,8,0,8,84
12/15/2020,PWM,ME,ANE,EN,Combined TRACON& Tower with Radar,31,23,12,0,66,0,0,25,0,25,31,23,37,0,91,0,0,0,91
12/16/2020,PWM,ME,ANE,EN,Combined TRACON& Tower with Radar,21,17,15,0,53,0,0,46,0,46,21,17,61,0,99,55,0,55,154
12/17/2020,PWM,ME,ANE,EN,Combined TRACON& Tower with Radar,20,10,4,0,34,0,0,0,0,0,20,10,4,0,34,0,0,0,34
12/18/2020,PWM,ME,ANE,EN,Combined TRACON& Tower with Radar,39,25,21,4,89,0,3,10,1,14,39,28,31,5,103,0,0,0,103
12/19/2020,PWM,ME,ANE,EN,Combined TRACON& Tower with Radar,36,22,29,0,87,0,1,38,1,40,36,23,67,1,127,28,0,28,155
12/20/2020,PWM,ME,ANE,EN,Combined TRACON& Tower with Radar,32,14,9,0,55,0,2,24,1,27,32,16,33,1,82,12,0,12,94
12/21/2020,PWM,ME,ANE,EN,Combined TRACON& Tower with Radar,39,22,18,1,80,0,0,1,0,1,39,22,19,1,81,0,0,0,81
12/22/2020,PWM,ME,ANE,EN,Combined TRACON& Tower with Radar,38,25,11,1,75,0,0,28,0,28,38,25,39,1,103,0,0,0,103
12/23/2020,PWM,ME,ANE,EN,Combined TRACON& Tower with Radar,44,24,12,2,82,0,4,51,0,55,44,28,63,2,137,18,0,18,155
12/24/2020,PWM,ME,ANE,EN,Combined TRACON& Tower with Radar,25,19,10,0,54,0,1,5,0,6,25,20,15,0,60,0,0,0,60
12/25/2020,PWM,ME,ANE,EN,Combined TRACON& Tower with Radar,23,4,0,0,27,0,0,0,0,0,23,4,0,0,27,0,0,0,27
12/26/2020,PWM,ME,ANE,EN,Combined TRACON& Tower with Radar,35,18,14,0,67,0,2,3,0,5,35,20,17,0,72,0,0,0,72
12/27/2020,PWM,ME,ANE,EN,Combined TRACON& Tower with Radar,35,17,17,0,69,0,1,29,1,31,35,18,46,1,100,4,0,4,104
12/28/2020,PWM,ME,ANE,EN,Combined TRACON& Tower with Radar,37,16,11,0,64,0,4,5,0,9,37,20,16,0,73,0,0,0,73
12/29/2020,PWM,ME,ANE,EN,Combined TRACON& Tower with Radar,35,20,8,0,63,0,6,13,1,20,35,26,21,1,83,0,0,0,83
12/30/2020,PWM,ME,ANE,EN,Combined TRACON& Tower with Radar,38,21,19,0,78,0,1,59,1,61,38,22,78,1,139,0,0,0,139
12/31/2020,PWM,ME,ANE,EN,Combined TRACON& Tower with Radar,25,16,8,0,49,0,0,20,0,20,25,16,28,0,69,0,0,0,69
01/01/2021,PWM,ME,ANE,EN,Combined TRACON& Tower with Radar,27,6,11,0,44,0,6,35,0,41,27,12,46,0,85,0,0,0,85
01/02/2021,PWM,ME,ANE,EN,Combined TRACON& Tower with Radar,37,19,8,0,64,0,0,0,0,0,37,19,8,0,64,0,0,0,64
01/03/2021,PWM,ME,ANE,EN,Combined TRACON& Tower with Radar,32,12,15,0,59,0,2,9,0,11,32,14,24,0,70,0,0,0,70
01/04/2021,PWM,ME,ANE,EN,Combined TRACON& Tower with Radar,38,16,16,1,71,0,0,10,0,10,38,16,26,1,81,0,0,0,81
01/05/2021,PWM,ME,ANE,EN,Combined TRACON& Tower with Radar,25,14,6,2,47,0,0,0,0,0,25,14,6,2,47,0,0,0,47
01/06/2021,PWM,ME,ANE,EN,Combined TRACON& Tower with Radar,26,27,21,3,77,0,2,28,2,32,26,29,49,5,109,6,0,6,115
01/07/2021,PWM,ME,ANE,EN,Combined TRACON& Tower with Radar,30,21,12,0,63,0,4,39,1,44,30,25,51,1,107,15,0,15,122
01/08/2021,PWM,ME,ANE,EN,Combined TRACON& Tower with Radar,29,17,11,1,58,0,2,41,0,43,29,19,52,1,101,4,0,4,105
01/09/2021,PWM,ME,ANE,EN,Combined TRACON& Tower with Radar,25,13,14,4,56,0,2,37,3,42,25,15,51,7,98,0,0,0,98
01/10/2021,PWM,ME,ANE,EN,Combined TRACON& Tower with Radar,27,6,15,0,48,0,3,42,0,45,27,9,57,0,93,0,0,0,93
01/11/2021,PWM,ME,ANE,EN,Combined TRACON& Tower with Radar,28,14,17,5,64,0,1,19,0,20,28,15,36,5,84,0,0,0,84
01/12/2021,PWM,ME,ANE,EN,Combined TRACON& Tower with Radar,25,14,10,4,53,0,2,30,3,35,25,16,40,7,88,0,0,0,88
01/13/2021,PWM,ME,ANE,EN,Combined TRACON& Tower with Radar,23,18,8,0,49,0,0,29,1,30,23,18,37,1,79,22,0,22,101
01/14/2021,PWM,ME,ANE,EN,Combined TRACON& Tower with Radar,28,19,16,0,63,0,2,16,0,18,28,21,32,0,81,22,0,22,103
01/15/2021,PWM,ME,ANE,EN,Combined TRACON& Tower with Radar,31,18,14,0,63,0,4,28,0,32,31,22,42,0,95,66,0,66,161
01/16/2021,PWM,ME,ANE,EN,Combined TRACON& Tower with Radar,25,13,4,0,42,0,0,0,0,0,25,13,4,0,42,0,0,0,42
01/17/2021,PWM,ME,ANE,EN,Combined TRACON& Tower with Radar,23,3,3,0,29,0,4,4,0,8,23,7,7,0,37,0,0,0,37
01/18/2021,PWM,ME,ANE,EN,Combined TRACON& Tower with Radar,28,22,9,1,60,0,7,16,1,24,28,29,25,2,84,0,0,0,84
01/19/2021,PWM,ME,ANE,EN,Combined TRACON& Tower with Radar,25,16,7,5,53,0,1,20,1,22,25,17,27,6,75,28,0,28,103
01/20/2021,PWM,ME,ANE,EN,Combined TRACON& Tower with Radar,24,11,11,2,48,0,2,31,2,35,24,13,42,4,83,0,0,0,83
01/21/2021,PWM,ME,ANE,EN,Combined TRACON& Tower with Radar,28,16,12,0,56,0,5,16,0,21,28,21,28,0,77,12,0,12,89
01/22/2021,PWM,ME,ANE,EN,Combined TRACON& Tower with Radar,31,14,16,0,61,0,0,16,0,16,31,14,32,0,77,20,0,20,97
01/23/2021,PWM,ME,ANE,EN,Combined TRACON& Tower with Radar,25,10,2,0,37,0,4,8,0,12,25,14,10,0,49,0,0,0,49
01/24/2021,PWM,ME,ANE,EN,Combined TRACON& Tower with Radar,27,8,7,0,42,0,0,4,0,4,27,8,11,0,46,0,0,0,46
01/25/2021,PWM,ME,ANE,EN,Combined TRACON& Tower with Radar,28,12,15,0,55,0,0,13,0,13,28,12,28,0,68,10,0,10,78
01/26/2021,PWM,ME,ANE,EN,Combined TRACON& Tower with Radar,25,15,16,0,56,0,0,30,0,30,25,15,46,0,86,54,0,54,140
01/27/2021,PWM,ME,ANE,EN,Combined TRACON& Tower with Radar,24,16,2,0,42,0,0,0,0,0,24,16,2,0,42,0,0,0,42
01/28/2021,PWM,ME,ANE,EN,Combined TRACON& Tower with Radar,26,16,11,0,53,0,0,1,0,1,26,16,12,0,54,14,0,14,68
01/29/2021,PWM,ME,ANE,EN,Combined TRACON& Tower with Radar,30,18,20,2,70,0,0,2,0,2,30,18,22,2,72,0,0,0,72
01/30/2021,PWM,ME,ANE,EN,Combined TRACON& Tower with Radar,26,12,12,2,52,0,2,25,2,29,26,14,37,4,81,12,0,12,93
01/31/2021,PWM,ME,ANE,EN,Combined TRACON& Tower with Radar,25,6,11,0,42,0,2,45,0,47,25,8,56,0,89,6,0,6,95
02/01/2021,PWM,ME,ANE,EN,Combined TRACON& Tower with Radar,17,19,4,0,40,0,4,2,0,6,17,23,6,0,46,0,0,0,46
02/02/2021,PWM,ME,ANE,EN,Combined TRACON& Tower with Radar,16,7,2,0,25,0,0,0,0,0,16,7,2,0,25,0,0,0,25
02/03/2021,PWM,ME,ANE,EN,Combined TRACON& Tower with Radar,22,20,13,2,57,0,0,12,1,13,22,20,25,3,70,0,0,0,70
02/04/2021,PWM,ME,ANE,EN,Combined TRACON& Tower with Radar,27,16,25,4,72,0,3,24,0,27,27,19,49,4,99,44,0,44,143
02/05/2021,PWM,ME,ANE,EN,Combined TRACON& Tower with Radar,31,12,21,2,66,0,2,4,0,6,31,14,25,2,72,0,0,0,72
02/06/2021,PWM,ME,ANE,EN,Combined TRACON& Tower with Radar,27,14,13,0,54,0,0,19,0,19,27,14,32,0,73,0,0,0,73
02/07/2021,PWM,ME,ANE,EN,Combined TRACON& Tower with Radar,22,6,4,0,32,0,0,6,0,6,22,6,10,0,38,0,0,0,38
02/08/2021,PWM,ME,ANE,EN,Combined TRACON& Tower with Radar,31,14,10,0,55,0,7,22,0,29,31,21,32,0,84,0,0,0,84
02/09/2021,PWM,ME,ANE,EN,Combined TRACON& Tower with Radar,27,20,14,0,61,0,1,0,0,1,27,21,14,0,62,0,0,0,62
02/10/2021,PWM,ME,ANE,EN,Combined TRACON& Tower with Radar,24,21,8,0,53,0,4,26,1,31,24,25,34,1,84,0,0,0,84
02/11/2021,PWM,ME,ANE,EN,Combined TRACON& Tower with Radar,25,21,7,0,53,0,3,18,0,21,25,24,25,0,74,0,0,0,74
02/12/2021,PWM,ME,ANE,EN,Combined TRACON& Tower with Radar,27,31,15,1,74,0,3,32,0,35,27,34,47,1,109,18,0,18,127
02/13/2021,PWM,ME,ANE,EN,Combined TRACON& Tower with Radar,23,20,11,0,54,0,2,38,4,44,23,22,49,4,98,6,0,6,104
02/14/2021,PWM,ME,ANE,EN,Combined TRACON& Tower with Radar,21,12,13,1,47,0,3,0,0,3,21,15,13,1,50,0,0,0,50
02/15/2021,PWM,ME,ANE,EN,Combined TRACON& Tower with Radar,22,13,9,0,44,0,2,10,0,12,22,15,19,0,56,0,0,0,56
02/16/2021,PWM,ME,ANE,EN,Combined TRACON& Tower with Radar,17,10,4,0,31,0,0,0,0,0,17,10,4,0,31,0,0,0,31
02/17/2021,PWM,ME,ANE,EN,Combined TRACON& Tower with Radar,20,17,21,2,60,0,5,21,0,26,20,22,42,2,86,0,0,0,86
02/18/2021,PWM,ME,ANE,EN,Combined TRACON& Tower with Radar,22,11,6,0,39,0,1,17,0,18,22,12,23,0,57,14,0,14,71
02/19/2021,PWM,ME,ANE,EN,Combined TRACON& Tower with Radar,25,26,3,0,54,0,0,0,0,0,25,26,3,0,54,0,0,0,54
02/20/2021,PWM,ME,ANE,EN,Combined TRACON& Tower with Radar,25,17,15,0,57,0,0,21,0,21,25,17,36,0,78,0,0,0,78
02/21/2021,PWM,ME,ANE,EN,Combined TRACON& Tower with Radar,25,17,3,0,45,0,0,45,6,51,25,17,48,6,96,12,0,12,108
02/22/2021,PWM,ME,ANE,EN,Combined TRACON& Tower with Radar,23,24,5,0,52,0,0,2,0,2,23,24,7,0,54,0,0,0,54
02/23/2021,PWM,ME,ANE,EN,Combined TRACON& Tower with Radar,22,20,12,4,58,0,0,14,2,16,22,20,26,6,74,18,0,18,92
02/24/2021,PWM,ME,ANE,EN,Combined TRACON& Tower with Radar,22,17,15,2,56,0,0,34,3,37,22,17,49,5,93,16,0,16,109
02/25/2021,PWM,ME,ANE,EN,Combined TRACON& Tower with Radar,28,25,12,0,65,0,0,3,0,3,28,25,15,0,68,0,0,0,68
02/26/2021,PWM,ME,ANE,EN,Combined TRACON& Tower with Radar,27,25,19,0,71,0,3,53,0,56,27,28,72,0,127,0,0,0,127
02/27/2021,PWM,ME,ANE,EN,Combined TRACON& Tower with Radar,26,16,0,0,42,0,0,0,0,0,26,16,0,0,42,0,0,0,42
02/28/2021,PWM,ME,ANE,EN,Combined TRACON& Tower with Radar,26,21,11,0,58,0,2,53,0,55,26,23,64,0,113,4,0,4,117
03/01/2021,PWM,ME,ANE,EN,Combined TRACON& Tower with Radar,24,21,10,0,55,0,0,2,0,2,24,21,12,0,57,6,0,6,63
03/02/2021,PWM,ME,ANE,EN,Combined TRACON& Tower with Radar,22,20,9,6,57,0,0,5,0,5,22,20,14,6,62,0,0,0,62
03/03/2021,PWM,ME,ANE,EN,Combined TRACON& Tower with Radar,21,16,16,0,53,0,2,50,0,52,21,18,66,0,105,12,0,12,117
03/04/2021,PWM,ME,ANE,EN,Combined TRACON& Tower with Radar,26,21,10,2,59,0,0,9,2,11,26,21,19,4,70,10,0,10,80
03/05/2021,PWM,ME,ANE,EN,Combined TRACON& Tower with Radar,28,17,11,1,57,0,2,18,0,20,28,19,29,1,77,0,0,0,77
03/06/2021,PWM,ME,ANE,EN,Combined TRACON& Tower with Radar,27,17,7,3,54,0,4,36,0,40,27,21,43,3,94,20,0,20,114
03/07/2021,PWM,ME,ANE,EN,Combined TRACON& Tower with Radar,31,12,19,3,65,0,0,74,1,75,31,12,93,4,140,8,0,8,148
03/08/2021,PWM,ME,ANE,EN,Combined TRACON& Tower with Radar,30,19,10,1,60,0,5,52,0,57,30,24,62,1,117,0,0,0,117
03/09/2021,PWM,ME,ANE,EN,Combined TRACON& Tower with Radar,29,16,11,7,63,0,2,31,2,35,29,18,42,9,98,0,0,0,98
03/10/2021,PWM,ME,ANE,EN,Combined TRACON& Tower with Radar,30,23,13,5,71,0,0,40,2,42,30,23,53,7,113,20,4,24,137
03/11/2021,PWM,ME,ANE,EN,Combined TRACON& Tower with Radar,34,21,15,1,71,0,2,38,0,40,34,23,53,1,111,16,0,16,127
03/12/2021,PWM,ME,ANE,EN,Combined TRACON& Tower with Radar,31,23,8,2,64,0,1,24,2,27,31,24,32,4,91,26,0,26,117
03/13/2021,PWM,ME,ANE,EN,Combined TRACON& Tower with Radar,31,17,4,0,52,0,3,26,0,29,31,20,30,0,81,10,0,10,91
03/14/2021,PWM,ME,ANE,EN,Combined TRACON& Tower with Radar,31,12,5,1,49,0,0,3,0,3,31,12,8,1,52,0,0,0,52
03/15/2021,PWM,ME,ANE,EN,Combined TRACON& Tower with Radar,29,24,7,0,60,0,1,7,0,8,29,25,14,0,68,0,0,0,68
03/16/2021,PWM,ME,ANE,EN,Combined TRACON& Tower with Radar,31,19,10,2,62,0,0,45,0,45,31,19,55,2,107,0,0,0,107
03/17/2021,PWM,ME,ANE,EN,Combined TRACON& Tower with Radar,31,23,14,2,70,0,6,35,2,43,31,29,49,4,113,6,0,6,119
03/18/2021,PWM,ME,ANE,EN,Combined TRACON& Tower with Radar,34,19,13,0,66,0,1,9,0,10,34,20,22,0,76,4,0,4,80
03/19/2021,PWM,ME,ANE,EN,Combined TRACON& Tower with Radar,34,22,10,0,66,0,1,14,0,15,34,23,24,0,81,0,0,0,81
03/20/2021,PWM,ME,ANE,EN,Combined TRACON& Tower with Radar,30,16,19,0,65,0,6,51,0,57,30,22,70,0,122,0,0,0,122
03/21/2021,PWM,ME,ANE,EN,Combined TRACON& Tower with Radar,29,11,17,4,61,0,5,74,0,79,29,16,91,4,140,10,0,10,150
03/22/2021,PWM,ME,ANE,EN,Combined TRACON& Tower with Radar,32,16,23,0,71,0,5,50,2,57,32,21,73,2,128,12,0,12,140
03/23/2021,PWM,ME,ANE,EN,Combined TRACON& Tower with Radar,36,23,10,2,71,0,0,39,2,41,36,23,49,4,112,12,0,12,124
03/24/2021,PWM,ME,ANE,EN,Combined TRACON& Tower with Radar,33,17,19,2,71,0,0,39,0,39,33,17,58,2,110,24,0,24,134
03/25/2021,PWM,ME,ANE,EN,Combined TRACON& Tower with Radar,33,36,14,3,86,0,0,0,0,0,33,36,14,3,86,0,0,0,86
03/26/2021,PWM,ME,ANE,EN,Combined TRACON& Tower with Radar,32,30,12,0,74,0,0,0,0,0,32,30,12,0,74,0,0,0,74
03/27/2021,PWM,ME,ANE,EN,Combined TRACON& Tower with Radar,31,14,15,0,60,0,1,38,1,40,31,15,53,1,100,0,0,0,100
03/28/2021,PWM,ME,ANE,EN,Combined TRACON& Tower with Radar,36,10,9,0,55,0,0,0,0,0,36,10,9,0,55,0,0,0,55
03/29/2021,PWM,ME,ANE,EN,Combined TRACON& Tower with Radar,42,15,6,2,65,0,0,8,0,8,42,15,14,2,73,0,0,0,73
03/30/2021,PWM,ME,ANE,EN,Combined TRACON& Tower with Radar,34,22,15,8,79,0,2,44,0,46,34,24,59,8,125,24,0,24,149
03/31/2021,PWM,ME,ANE,EN,Combined TRACON& Tower with Radar,34,20,17,12,83,0,0,12,0,12,34,20,29,12,95,46,14,60,155
04/01/2021,PWM,ME,ANE,EN,Combined TRACON& Tower with Radar,38,25,19,1,83,0,1,0,0,1,38,26,19,1,84,0,0,0,84
04/02/2021,PWM,ME,ANE,EN,Combined TRACON& Tower with Radar,45,24,10,0,79,0,2,37,1,40,45,26,47,1,119,12,0,12,131
04/03/2021,PWM,ME,ANE,EN,Combined TRACON& Tower with Radar,39,17,12,0,68,0,6,48,0,54,39,23,60,0,122,20,0,20,142
04/04/2021,PWM,ME,ANE,EN,Combined TRACON& Tower with Radar,47,6,15,0,68,0,2,23,0,25,47,8,38,0,93,12,0,12,105
04/05/2021,PWM,ME,ANE,EN,Combined TRACON& Tower with Radar,45,11,19,0,75,0,4,4,0,8,45,15,23,0,83,0,0,0,83
04/06/2021,PWM,ME,ANE,EN,Combined TRACON& Tower with Radar,42,14,16,2,74,0,2,26,1,29,42,16,42,3,103,27,0,27,130
04/07/2021,PWM,ME,ANE,EN,Combined TRACON& Tower with Radar,39,13,13,10,75,0,2,22,0,24,39,15,35,10,99,56,12,68,167
04/08/2021,PWM,ME,ANE,EN,Combined TRACON& Tower with Radar,47,18,15,4,84,0,2,50,0,52,47,20,65,4,136,10,0,10,146
04/09/2021,PWM,ME,ANE,EN,Combined TRACON& Tower with Radar,44,18,28,0,90,0,3,65,0,68,44,21,93,0,158,42,0,42,200
04/10/2021,PWM,ME,ANE,EN,Combined TRACON& Tower with Radar,38,12,16,0,66,0,2,66,0,68,38,14,82,0,134,42,0,42,176
04/11/2021,PWM,ME,ANE,EN,Combined TRACON& Tower with Radar,44,4,6,0,54,0,0,5,0,5,44,4,11,0,59,0,0,0,59
04/12/2021,PWM,ME,ANE,EN,Combined TRACON& Tower with Radar,47,15,22,0,84,0,2,5,0,7,47,17,27,0,91,0,0,0,91
04/13/2021,PWM,ME,ANE,EN,Combined TRACON& Tower with Radar,43,16,24,2,85,0,6,31,0,37,43,22,55,2,122,12,0,12,134
04/14/2021,PWM,ME,ANE,EN,Combined TRACON& Tower with Radar,41,14,22,14,91,0,2,37,10,49,41,16,59,24,140,31,14,45,185
04/15/2021,PWM,ME,ANE,EN,Combined TRACON& Tower with Radar,52,15,19,3,89,0,1,37,0,38,52,16,56,3,127,15,0,15,142
04/16/2021,PWM,ME,ANE,EN,Combined TRACON& Tower with Radar,54,15,11,0,80,0,0,0,0,0,54,15,11,0,80,0,0,0,80
04/17/2021,PWM,ME,ANE,EN,Combined TRACON& Tower with Radar,43,30,11,3,87,0,0,0,0,0,43,30,11,3,87,0,0,0,87
04/18/2021,PWM,ME,ANE,EN,Combined TRACON& Tower with Radar,50,24,8,2,84,0,3,35,0,38,50,27,43,2,122,14,0,14,136
04/19/2021,PWM,ME,ANE,EN,Combined TRACON& Tower with Radar,48,15,8,0,71,0,5,34,0,39,48,20,42,0,110,36,0,36,146
04/20/2021,PWM,ME,ANE,EN,Combined TRACON& Tower with Radar,40,12,7,2,61,0,0,33,0,33,40,12,40,2,94,34,0,34,128
04/21/2021,PWM,ME,ANE,EN,Combined TRACON& Tower with Radar,42,11,23,0,76,0,1,12,0,13,42,12,35,0,89,0,0,0,89
04/22/2021,PWM,ME,ANE,EN,Combined TRACON& Tower with Radar,51,19,13,1,84,0,0,1,1,2,51,19,14,2,86,0,0,0,86
04/23/2021,PWM,ME,ANE,EN,Combined TRACON& Tower with Radar,49,18,13,0,80,0,3,2,0,5,49,21,15,0,85,0,0,0,85
04/24/2021,PWM,ME,ANE,EN,Combined TRACON& Tower with Radar,39,18,12,0,69,0,1,53,1,55,39,19,65,1,124,33,0,33,157
04/25/2021,PWM,ME,ANE,EN,Combined TRACON& Tower with Radar,50,6,21,1,78,0,2,12,0,14,50,8,33,1,92,6,0,6,98
04/26/2021,PWM,ME,ANE,EN,Combined TRACON& Tower with Radar,52,14,6,0,72,0,3,9,4,16,52,17,15,4,88,0,0,0,88
04/27/2021,PWM,ME,ANE,EN,Combined TRACON& Tower with Radar,41,14,16,2,73,0,2,59,2,63,41,16,75,4,136,6,0,6,142
04/28/2021,PWM,ME,ANE,EN,Combined TRACON& Tower with Radar,41,20,17,2,80,0,1,24,4,29,41,21,41,6,109,62,0,62,171
04/29/2021,PWM,ME,ANE,EN,Combined TRACON& Tower with Radar,54,18,25,0,97,0,0,0,0,0,54,18,25,0,97,0,0,0,97
04/30/2021,PWM,ME,ANE,EN,Combined TRACON& Tower with Radar,49,19,22,0,90,0,2,1,0,3,49,21,23,0,93,0,0,0,93
05/01/2021,PWM,ME,ANE,EN,Combined TRACON& Tower with Radar,40,13,14,0,67,0,4,25,0,29,40,17,39,0,96,6,0,6,102
05/02/2021,PWM,ME,ANE,EN,Combined TRACON& Tower with Radar,49,5,12,2,68,0,2,38,0,40,49,7,50,2,108,18,0,18,126
05/03/2021,PWM,ME,ANE,EN,Combined TRACON& Tower with Radar,65,22,7,0,94,0,1,47,0,48,65,23,54,0,142,62,0,62,204
05/04/2021,PWM,ME,ANE,EN,Combined TRACON& Tower with Radar,44,19,19,2,84,0,2,21,0,23,44,21,40,2,107,8,0,8,115
05/05/2021,PWM,ME,ANE,EN,Combined TRACON& Tower with Radar,43,20,12,10,85,0,0,0,0,0,43,20,12,10,85,0,0,0,85
05/06/2021,PWM,ME,ANE,EN,Combined TRACON& Tower with Radar,55,23,18,2,98,0,4,26,0,30,55,27,44,2,128,6,0,6,134
05/07/2021,PWM,ME,ANE,EN,Combined TRACON& Tower with Radar,51,17,14,4,86,0,1,60,0,61,51,18,74,4,147,12,0,12,159
05/08/2021,PWM,ME,ANE,EN,Combined TRACON& Tower with Radar,45,12,15,0,72,0,0,51,0,51,45,12,66,0,123,22,0,22,145
05/09/2021,PWM,ME,ANE,EN,Combined TRACON& Tower with Radar,50,3,9,0,62,0,6,38,0,44,50,9,47,0,106,0,0,0,106
05/10/2021,PWM,ME,ANE,EN,Combined TRACON& Tower with Radar,52,20,20,0,92,0,2,23,0,25,52,22,43,0,117,18,0,18,135
05/11/2021,PWM,ME,ANE,EN,Combined TRACON& Tower with Radar,44,19,14,0,77,0,0,42,4,46,44,19,56,4,123,32,2,34,157
05/12/2021,PWM,ME,ANE,EN,Combined TRACON& Tower with Radar,45,17,14,0,76,0,5,24,0,29,45,22,38,0,105,12,0,12,117
05/13/2021,PWM,ME,ANE,EN,Combined TRACON& Tower with Radar,51,15,17,3,86,0,3,30,0,33,51,18,47,3,119,12,0,12,131
05/14/2021,PWM,ME,ANE,EN,Combined TRACON& Tower with Radar,49,21,17,4,91,0,2,43,0,45,49,23,60,4,136,0,0,0,136
05/15/2021,PWM,ME,ANE,EN,Combined TRACON& Tower with Radar,44,13,24,0,81,0,1,55,0,56,44,14,79,0,137,20,0,20,157
05/16/2021,PWM,ME,ANE,EN,Combined TRACON& Tower with Radar,50,6,22,1,79,0,1,38,3,42,50,7,60,4,121,24,0,24,145
05/17/2021,PWM,ME,ANE,EN,Combined TRACON& Tower with Radar,49,15,18,3,85,0,5,53,1,59,49,20,71,4,144,67,0,67,211
05/18/2021,PWM,ME,ANE,EN,Combined TRACON& Tower with Radar,47,20,14,3,84,0,2,32,2,36,47,22,46,5,120,20,0,20,140
05/19/2021,PWM,ME,ANE,EN,Combined TRACON& Tower with Radar,48,27,25,0,100,0,1,55,0,56,48,28,80,0,156,37,0,37,193
05/20/2021,PWM,ME,ANE,EN,Combined TRACON& Tower with Radar,53,23,32,5,113,0,2,45,4,51,53,25,77,9,164,16,2,18,182
05/21/2021,PWM,ME,ANE,EN,Combined TRACON& Tower with Radar,49,29,30,2,110,0,0,28,0,28,49,29,58,2,138,0,0,0,138
05/22/2021,PWM,ME,ANE,EN,Combined TRACON& Tower with Radar,44,10,23,0,77,0,2,39,2,43,44,12,62,2,120,8,0,8,128
05/23/2021,PWM,ME,ANE,EN,Combined TRACON& Tower with Radar,50,7,14,2,73,0,0,21,0,21,50,7,35,2,94,0,0,0,94
05/24/2021,PWM,ME,ANE,EN,Combined TRACON& Tower with Radar,49,12,9,0,70,0,8,44,1,53,49,20,53,1,123,0,0,0,123
05/25/2021,PWM,ME,ANE,EN,Combined TRACON& Tower with Radar,48,16,22,4,90,0,6,41,0,47,48,22,63,4,137,0,0,0,137
05/26/2021,PWM,ME,ANE,EN,Combined TRACON& Tower with Radar,47,27,21,0,95,0,5,15,0,20,47,32,36,0,115,0,0,0,115
05/27/2021,PWM,ME,ANE,EN,Combined TRACON& Tower with Radar,60,25,19,1,105,0,2,54,3,59,60,27,73,4,164,25,0,25,189
05/28/2021,PWM,ME,ANE,EN,Combined TRACON& Tower with Radar,61,28,12,3,104,0,2,38,1,41,61,30,50,4,145,10,0,10,155
05/29/2021,PWM,ME,ANE,EN,Combined TRACON& Tower with Radar,47,20,6,1,74,0,0,1,0,1,47,20,7,1,75,0,0,0,75
05/30/2021,PWM,ME,ANE,EN,Combined TRACON& Tower with Radar,42,16,12,1,71,0,4,4,0,8,42,20,16,1,79,0,0,0,79
05/31/2021,PWM,ME,ANE,EN,Combined TRACON& Tower with Radar,52,13,20,1,86,0,0,7,0,7,52,13,27,1,93,0,0,0,93
06/01/2021,PWM,ME,ANE,EN,Combined TRACON& Tower with Radar,48,20,32,0,100,0,7,47,0,54,48,27,79,0,154,8,0,8,162
06/02/2021,PWM,ME,ANE,EN,Combined TRACON& Tower with Radar,52,24,22,1,99,0,2,29,0,31,52,26,51,1,130,10,0,10,140
06/03/2021,PWM,ME,ANE,EN,Combined TRACON& Tower with Radar,71,27,37,3,138,0,0,16,0,16,71,27,53,3,154,28,0,28,182
06/04/2021,PWM,ME,ANE,EN,Combined TRACON& Tower with Radar,80,23,23,4,130,0,6,29,1,36,80,29,52,5,166,30,0,30,196
06/05/2021,PWM,ME,ANE,EN,Combined TRACON& Tower with Radar,81,25,20,0,126,0,11,43,0,54,81,36,63,0,180,0,0,0,180
06/06/2021,PWM,ME,ANE,EN,Combined TRACON& Tower with Radar,89,14,22,0,125,0,7,63,0,70,89,21,85,0,195,0,0,0,195
06/07/2021,PWM,ME,ANE,EN,Combined TRACON& Tower with Radar,84,11,15,0,110,0,11,51,0,62,84,22,66,0,172,28,0,28,200
06/08/2021,PWM,ME,ANE,EN,Combined TRACON& Tower with Radar,74,21,25,1,121,0,8,24,3,35,74,29,49,4,156,0,0,0,156
06/09/2021,PWM,ME,ANE,EN,Combined TRACON& Tower with Radar,78,17,29,4,128,0,8,39,3,50,78,25,68,7,178,42,0,42,220
06/10/2021,PWM,ME,ANE,EN,Combined TRACON& Tower with Radar,86,25,26,2,139,0,14,68,1,83,86,39,94,3,222,0,0,0,222
06/11/2021,PWM,ME,ANE,EN,Combined TRACON& Tower with Radar,89,28,38,0,155,0,13,71,0,84,89,41,109,0,239,27,0,27,266
06/12/2021,PWM,ME,ANE,EN,Combined TRACON& Tower with Radar,90,28,22,0,140,0,3,51,1,55,90,31,73,1,195,0,0,0,195
06/13/2021,PWM,ME,ANE,EN,Combined TRACON& Tower with Radar,89,18,21,0,128,0,16,43,0,59,89,34,64,0,187,6,0,6,193
06/14/2021,PWM,ME,ANE,EN,Combined TRACON& Tower with Radar,85,23,18,2,128,0,3,5,0,8,85,26,23,2,136,0,0,0,136
06/15/2021,PWM,ME,ANE,EN,Combined TRACON& Tower with Radar,75,24,12,0,111,0,6,1,0,7,75,30,13,0,118,0,0,0,118
06/16/2021,PWM,ME,ANE,EN,Combined TRACON& Tower with Radar,82,21,37,1,141,0,9,55,3,67,82,30,92,4,208,26,0,26,234
06/17/2021,PWM,ME,ANE,EN,Combined TRACON& Tower with Radar,91,27,21,2,141,0,12,52,4,68,91,39,73,6,209,52,0,52,261
06/18/2021,PWM,ME,ANE,EN,Combined TRACON& Tower with Radar,92,29,27,0,148,0,6,52,0,58,92,35,79,0,206,0,0,0,206
06/19/2021,PWM,ME,ANE,EN,Combined TRACON& Tower with Radar,89,20,17,0,126,0,9,28,2,39,89,29,45,2,165,12,0,12,177
06/20/2021,PWM,ME,ANE,EN,Combined TRACON& Tower with Radar,95,14,15,0,124,0,12,74,0,86,95,26,89,0,210,28,0,28,238
06/21/2021,PWM,ME,ANE,EN,Combined TRACON& Tower with Radar,77,29,26,0,132,0,5,19,0,24,77,34,45,0,156,22,0,22,178
06/22/2021,PWM,ME,ANE,EN,Combined TRACON& Tower with Radar,76,28,29,0,133,0,6,4,0,10,76,34,33,0,143,12,0,12,155
06/23/2021,PWM,ME,ANE,EN,Combined TRACON& Tower with Radar,84,29,27,3,143,0,13,56,3,72,84,42,83,6,215,18,0,18,233
06/24/2021,PWM,ME,ANE,EN,Combined TRACON& Tower with Radar,90,47,32,18,187,0,8,46,0,54,90,55,78,18,241,18,20,38,279
06/25/2021,PWM,ME,ANE,EN,Combined TRACON& Tower with Radar,93,44,51,2,190,1,0,8,0,9,94,44,59,2,199,4,0,4,203
06/26/2021,PWM,ME,ANE,EN,Combined TRACON& Tower with Radar,93,50,18,0,161,0,4,6,0,10,93,54,24,0,171,0,0,0,171
06/27/2021,PWM,ME,ANE,EN,Combined TRACON& Tower with Radar,96,38,39,0,173,0,9,28,0,37,96,47,67,0,210,6,0,6,216
06/28/2021,PWM,ME,ANE,EN,Combined TRACON& Tower with Radar,83,27,21,3,134,0,9,44,0,53,83,36,65,3,187,0,0,0,187
06/29/2021,PWM,ME,ANE,EN,Combined TRACON& Tower with Radar,75,19,27,8,129,0,8,33,2,43,75,27,60,10,172,17,12,29,201
06/30/2021,PWM,ME,ANE,EN,Combined TRACON& Tower with Radar,77,21,35,2,135,0,5,13,2,20,77,26,48,4,155,0,0,0,155
07/01/2021,PWM,ME,ANE,EN,Combined TRACON& Tower with Radar,89,37,37,1,164,0,9,45,0,54,89,46,82,1,218,48,0,48,266
07/02/2021,PWM,ME,ANE,EN,Combined TRACON& Tower with Radar,86,41,32,0,159,0,0,0,0,0,86,41,32,0,159,0,0,0,159
07/03/2021,PWM,ME,ANE,EN,Combined TRACON& Tower with Radar,88,33,34,2,157,0,2,0,0,2,88,35,34,2,159,0,0,0,159
07/04/2021,PWM,ME,ANE,EN,Combined TRACON& Tower with Radar,80,24,16,0,120,0,1,7,0,8,80,25,23,0,128,0,0,0,128
07/05/2021,PWM,ME,ANE,EN,Combined TRACON& Tower with Radar,88,13,26,2,129,0,6,64,2,72,88,19,90,4,201,0,0,0,201
07/06/2021,PWM,ME,ANE,EN,Combined TRACON& Tower with Radar,76,25,26,4,131,0,7,36,0,43,76,32,62,4,174,28,0,28,202
07/07/2021,PWM,ME,ANE,EN,Combined TRACON& Tower with Radar,81,23,12,2,118,0,10,40,6,56,81,33,52,8,174,42,0,42,216
07/08/2021,PWM,ME,ANE,EN,Combined TRACON& Tower with Radar,97,31,29,4,161,0,8,23,0,31,97,39,52,4,192,30,0,30,222
07/09/2021,PWM,ME,ANE,EN,Combined TRACON& Tower with Radar,83,29,18,0,130,0,0,3,0,3,83,29,21,0,133,0,0,0,133
07/10/2021,PWM,ME,ANE,EN,Combined TRACON& Tower with Radar,90,36,32,2,160,0,7,59,1,67,90,43,91,3,227,6,0,6,233
07/11/2021,PWM,ME,ANE,EN,Combined TRACON& Tower with Radar,93,29,35,4,161,0,15,50,2,67,93,44,85,6,228,0,0,0,228
07/12/2021,PWM,ME,ANE,EN,Combined TRACON& Tower with Radar,90,31,26,0,147,0,5,6,0,11,90,36,32,0,158,6,0,6,164
07/13/2021,PWM,ME,ANE,EN,Combined TRACON& Tower with Radar,84,23,26,12,145,0,5,12,3,20,84,28,38,15,165,38,8,46,211
07/14/2021,PWM,ME,ANE,EN,Combined TRACON& Tower with Radar,86,32,39,8,165,0,0,0,0,0,86,32,39,8,165,0,0,0,165
07/15/2021,PWM,ME,ANE,EN,Combined TRACON& Tower with Radar,102,30,39,7,178,0,4,10,2,16,102,34,49,9,194,0,0,0,194
07/16/2021,PWM,ME,ANE,EN,Combined TRACON& Tower with Radar,91,40,41,2,174,0,11,53,0,64,91,51,94,2,238,61,0,61,299
07/17/2021,PWM,ME,ANE,EN,Combined TRACON& Tower with Radar,86,39,32,0,157,0,9,26,0,35,86,48,58,0,192,36,0,36,228
07/18/2021,PWM,ME,ANE,EN,Combined TRACON& Tower with Radar,97,46,40,1,184,0,0,0,0,0,97,46,40,1,184,0,0,0,184
07/19/2021,PWM,ME,ANE,EN,Combined TRACON& Tower with Radar,92,33,45,7,177,0,2,3,0,5,92,35,48,7,182,24,0,24,206
07/20/2021,PWM,ME,ANE,EN,Combined TRACON& Tower with Radar,87,39,29,1,156,0,12,30,0,42,87,51,59,1,198,0,0,0,198
07/21/2021,PWM,ME,ANE,EN,Combined TRACON& Tower with Radar,87,33,43,0,163,0,5,18,5,28,87,38,61,5,191,48,0,48,239
07/22/2021,PWM,ME,ANE,EN,Combined TRACON& Tower with Radar,100,22,27,7,156,0,13,53,3,69,100,35,80,10,225,0,0,0,225
07/23/2021,PWM,ME,ANE,EN,Combined TRACON& Tower with Radar,93,36,47,3,179,0,7,31,0,38,93,43,78,3,217,5,0,5,222
07/24/2021,PWM,ME,ANE,EN,Combined TRACON& Tower with Radar,91,29,32,0,152,0,15,68,0,83,91,44,100,0,235,10,0,10,245
07/25/2021,PWM,ME,ANE,EN,Combined TRACON& Tower with Radar,97,40,20,1,158,0,2,1,0,3,97,42,21,1,161,0,0,0,161
07/26/2021,PWM,ME,ANE,EN,Combined TRACON& Tower with Radar,96,27,17,1,141,0,7,40,0,47,96,34,57,1,188,24,0,24,212
07/27/2021,PWM,ME,ANE,EN,Combined TRACON& Tower with Radar,86,30,19,0,135,0,7,43,1,51,86,37,62,1,186,16,0,16,202
07/28/2021,PWM,ME,ANE,EN,Combined TRACON& Tower with Radar,89,36,25,1,151,0,3,54,2,59,89,39,79,3,210,64,0,64,274
07/29/2021,PWM,ME,ANE,EN,Combined TRACON& Tower with Radar,100,40,25,1,166,0,1,19,0,20,100,41,44,1,186,0,0,0,186
07/30/2021,PWM,ME,ANE,EN,Combined TRACON& Tower with Radar,98,43,37,2,180,0,8,41,0,49,98,51,78,2,229,40,0,40,269
07/31/2021,PWM,ME,ANE,EN,Combined TRACON& Tower with Radar,95,32,27,0,154,0,8,53,2,63,95,40,80,2,217,16,0,16,233
08/01/2021,PWM,ME,ANE,EN,Combined TRACON& Tower with Radar,99,32,29,2,162,0,8,39,0,47,99,40,68,2,209,0,0,0,209
08/02/2021,PWM,ME,ANE,EN,Combined TRACON& Tower with Radar,92,31,28,3,154,0,6,33,0,39,92,37,61,3,193,12,10,22,215
08/03/2021,PWM,ME,ANE,EN,Combined TRACON& Tower with Radar,87,20,34,4,145,0,8,92,3,103,87,28,126,7,248,42,0,42,290
08/04/2021,PWM,ME,ANE,EN,Combined TRACON& Tower with Radar,88,28,32,1,149,0,9,42,0,51,88,37,74,1,200,6,0,6,206
08/05/2021,PWM,ME,ANE,EN,Combined TRACON& Tower with Radar,106,27,39,1,173,0,0,1,0,1,106,27,40,1,174,0,0,0,174
08/06/2021,PWM,ME,ANE,EN,Combined TRACON& Tower with Radar,103,29,35,4,171,2,7,52,0,61,105,36,87,4,232,9,0,9,241
08/07/2021,PWM,ME,ANE,EN,Combined TRACON& Tower with Radar,92,31,27,2,152,0,13,50,1,64,92,44,77,3,216,0,0,0,216
08/08/2021,PWM,ME,ANE,EN,Combined TRACON& Tower with Radar,96,32,34,1,163,0,11,37,0,48,96,43,71,1,211,6,0,6,217
08/09/2021,PWM,ME,ANE,EN,Combined TRACON& Tower with Radar,94,40,31,8,173,0,0,0,0,0,94,40,31,8,173,0,0,0,173
08/10/2021,PWM,ME,ANE,EN,Combined TRACON& Tower with Radar,83,32,32,0,147,0,5,6,0,11,83,37,38,0,158,0,0,0,158
08/11/2021,PWM,ME,ANE,EN,Combined TRACON& Tower with Radar,74,28,41,4,147,0,6,19,0,25,74,34,60,4,172,40,0,40,212
08/12/2021,PWM,ME,ANE,EN,Combined TRACON& Tower with Radar,107,39,25,2,173,0,12,49,1,62,107,51,74,3,235,0,0,0,235
08/13/2021,PWM,ME,ANE,EN,Combined TRACON& Tower with Radar,98,47,33,10,188,0,12,42,1,55,98,59,75,11,243,0,0,0,243
08/14/2021,PWM,ME,ANE,EN,Combined TRACON& Tower with Radar,94,47,30,0,171,0,14,33,2,49,94,61,63,2,220,14,0,14,234
08/15/2021,PWM,ME,ANE,EN,Combined TRACON& Tower with Radar,92,42,46,0,180,0,14,74,0,88,92,56,120,0,268,0,0,0,268
08/16/2021,PWM,ME,ANE,EN,Combined TRACON& Tower with Radar,93,25,29,0,147,0,10,73,0,83,93,35,102,0,230,4,0,4,234
08/17/2021,PWM,ME,ANE,EN,Combined TRACON& Tower with Radar,83,22,27,8,140,0,11,62,0,73,83,33,89,8,213,12,0,12,225
08/18/2021,PWM,ME,ANE,EN,Combined TRACON& Tower with Radar,86,23,33,3,145,0,7,41,0,48,86,30,74,3,193,18,0,18,211
08/19/2021,PWM,ME,ANE,EN,Combined TRACON& Tower with Radar,103,41,32,0,176,0,3,4,0,7,103,44,36,0,183,0,0,0,183
08/20/2021,PWM,ME,ANE,EN,Combined TRACON& Tower with Radar,100,22,41,1,164,0,6,32,0,38,100,28,73,1,202,6,0,6,208
08/21/2021,PWM,ME,ANE,EN,Combined TRACON& Tower with Radar,95,40,25,0,160,0,2,5,0,7,95,42,30,0,167,0,0,0,167
08/22/2021,PWM,ME,ANE,EN,Combined TRACON& Tower with Radar,95,24,11,0,130,0,0,0,0,0,95,24,11,0,130,0,0,0,130
08/23/2021,PWM,ME,ANE,EN,Combined TRACON& Tower with Radar,94,28,17,0,139,0,0,0,0,0,94,28,17,0,139,0,0,0,139
08/24/2021,PWM,ME,ANE,EN,Combined TRACON& Tower with Radar,81,25,21,1,128,0,8,38,0,46,81,33,59,1,174,12,0,12,186
08/25/2021,PWM,ME,ANE,EN,Combined TRACON& Tower with Radar,86,25,30,0,141,0,9,76,1,86,86,34,106,1,227,16,0,16,243
08/26/2021,PWM,ME,ANE,EN,Combined TRACON& Tower with Radar,101,20,25,0,146,0,8,48,0,56,101,28,73,0,202,0,0,0,202
08/27/2021,PWM,ME,ANE,EN,Combined TRACON& Tower with Radar,91,37,27,4,159,0,16,71,1,88,91,53,98,5,247,8,0,8,255
08/28/2021,PWM,ME,ANE,EN,Combined TRACON& Tower with Radar,89,23,17,0,129,0,7,48,0,55,89,30,65,0,184,0,0,0,184
08/29/2021,PWM,ME,ANE,EN,Combined TRACON& Tower with Radar,100,28,32,4,164,0,5,10,0,15,100,33,42,4,179,0,0,0,179
08/30/2021,PWM,ME,ANE,EN,Combined TRACON& Tower with Radar,88,28,29,2,147,0,2,12,0,14,88,30,41,2,161,24,0,24,185
08/31/2021,PWM,ME,ANE,EN,Combined TRACON& Tower with Radar,81,28,31,8,148,0,9,57,2,68,81,37,88,10,216,20,0,20,236
09/01/2021,PWM,ME,ANE,EN,Combined TRACON& Tower with Radar,80,17,24,3,124,0,7,24,0,31,80,24,48,3,155,44,0,44,199
09/02/2021,PWM,ME,ANE,EN,Combined TRACON& Tower with Radar,95,29,27,5,156,0,7,13,0,20,95,36,40,5,176,0,0,0,176
09/03/2021,PWM,ME,ANE,EN,Combined TRACON& Tower with Radar,98,30,41,0,169,0,7,40,1,48,98,37,81,1,217,12,0,12,229
09/04/2021,PWM,ME,ANE,EN,Combined TRACON& Tower with Radar,90,17,25,0,132,0,13,72,0,85,90,30,97,0,217,0,0,0,217
09/05/2021,PWM,ME,ANE,EN,Combined TRACON& Tower with Radar,82,24,30,0,136,0,7,30,0,37,82,31,60,0,173,0,0,0,173
09/06/2021,PWM,ME,ANE,EN,Combined TRACON& Tower with Radar,92,12,25,1,130,0,6,27,4,37,92,18,52,5,167,0,0,0,167
09/07/2021,PWM,ME,ANE,EN,Combined TRACON& Tower with Radar,72,21,28,4,125,0,10,51,0,61,72,31,79,4,186,6,0,6,192
09/08/2021,PWM,ME,ANE,EN,Combined TRACON& Tower with Radar,70,28,21,2,121,0,9,41,0,50,70,37,62,2,171,4,0,4,175
09/09/2021,PWM,ME,ANE,EN,Combined TRACON& Tower with Radar,80,29,32,0,141,0,0,0,0,0,80,29,32,0,141,0,0,0,141
09/10/2021,PWM,ME,ANE,EN,Combined TRACON& Tower with Radar,75,29,38,1,143,0,7,21,3,31,75,36,59,4,174,0,0,0,174
09/11/2021,PWM,ME,ANE,EN,Combined TRACON& Tower with Radar,66,25,20,6,117,0,10,57,0,67,66,35,77,6,184,9,5,14,198
09/12/2021,PWM,ME,ANE,EN,Combined TRACON& Tower with Radar,74,21,27,4,126,0,14,38,0,52,74,35,65,4,178,25,0,25,203
09/13/2021,PWM,ME,ANE,EN,Combined TRACON& Tower with Radar,77,28,24,0,129,0,6,45,1,52,77,34,69,1,181,0,0,0,181
09/14/2021,PWM,ME,ANE,EN,Combined TRACON& Tower with Radar,68,30,23,4,125,0,7,60,0,67,68,37,83,4,192,6,0,6,198
09/15/2021,PWM,ME,ANE,EN,Combined TRACON& Tower with Radar,67,28,24,0,119,0,3,1,0,4,67,31,25,0,123,0,0,0,123
09/16/2021,PWM,ME,ANE,EN,Combined TRACON& Tower with Radar,82,26,29,6,143,0,6,30,0,36,82,32,59,6,179,0,0,0,179
09/17/2021,PWM,ME,ANE,EN,Combined TRACON& Tower with Radar,77,35,36,6,154,0,2,14,0,16,77,37,50,6,170,0,0,0,170
09/18/2021,PWM,ME,ANE,EN,Combined TRACON& Tower with Radar,71,27,28,2,128,0,4,2,0,6,71,31,30,2,134,0,0,0,134
09/19/2021,PWM,ME,ANE,EN,Combined TRACON& Tower with Radar,78,13,22,0,113,0,10,67,0,77,78,23,89,0,190,0,0,0,190
09/20/2021,PWM,ME,ANE,EN,Combined TRACON& Tower with Radar,80,22,20,1,123,0,10,69,1,80,80,32,89,2,203,26,0,26,229
09/21/2021,PWM,ME,ANE,EN,Combined TRACON& Tower with Radar,70,33,21,5,129,0,3,27,0,30,70,36,48,5,159,0,0,0,159
09/22/2021,PWM,ME,ANE,EN,Combined TRACON& Tower with Radar,68,31,45,6,150,0,0,3,0,3,68,31,48,6,153,0,0,0,153
09/23/2021,PWM,ME,ANE,EN,Combined TRACON& Tower with Radar,67,25,48,3,143,0,6,3,1,10,67,31,51,4,153,20,0,20,173
09/24/2021,PWM,ME,ANE,EN,Combined TRACON& Tower with Radar,75,39,26,1,141,0,0,0,0,0,75,39,26,1,141,0,0,0,141
09/25/2021,PWM,ME,ANE,EN,Combined TRACON& Tower with Radar,72,31,19,0,122,0,6,23,0,29,72,37,42,0,151,24,0,24,175
09/26/2021,PWM,ME,ANE,EN,Combined TRACON& Tower with Radar,74,21,27,1,123,0,4,47,0,51,74,25,74,1,174,10,0,10,184
09/27/2021,PWM,ME,ANE,EN,Combined TRACON& Tower with Radar,81,17,24,5,127,0,9,34,2,45,81,26,58,7,172,9,0,9,181
09/28/2021,PWM,ME,ANE,EN,Combined TRACON& Tower with Radar,70,21,23,0,114,0,4,26,0,30,70,25,49,0,144,0,0,0,144
09/29/2021,PWM,ME,ANE,EN,Combined TRACON& Tower with Radar,68,21,32,4,125,0,7,80,2,89,68,28,112,6,214,18,0,18,232
09/30/2021,PWM,ME,ANE,EN,Combined TRACON& Tower with Radar,85,38,42,4,169,0,10,23,2,35,85,48,65,6,204,16,0,16,220
10/01/2021,PWM,ME,ANE,EN,Combined TRACON& Tower with Radar,83,25,29,0,137,0,13,62,0,75,83,38,91,0,212,0,0,0,212
10/02/2021,PWM,ME,ANE,EN,Combined TRACON& Tower with Radar,72,24,23,0,119,0,10,28,0,38,72,34,51,0,157,24,0,24,181
10/03/2021,PWM,ME,ANE,EN,Combined TRACON& Tower with Radar,79,21,32,1,133,0,0,2,0,2,79,21,34,1,135,0,0,0,135
10/04/2021,PWM,ME,ANE,EN,Combined TRACON& Tower with Radar,87,24,27,6,144,0,3,15,0,18,87,27,42,6,162,0,0,0,162
10/05/2021,PWM,ME,ANE,EN,Combined TRACON& Tower with Radar,70,20,19,12,121,0,5,25,0,30,70,25,44,12,151,18,0,18,169
10/06/2021,PWM,ME,ANE,EN,Combined TRACON& Tower with Radar,70,24,29,2,125,0,12,68,2,82,70,36,97,4,207,28,0,28,235
10/07/2021,PWM,ME,ANE,EN,Combined TRACON& Tower with Radar,80,31,37,2,150,0,11,65,4,80,80,42,102,6,230,24,0,24,254
10/08/2021,PWM,ME,ANE,EN,Combined TRACON& Tower with Radar,78,36,26,0,140,0,11,42,0,53,78,47,68,0,193,10,0,10,203
10/09/2021,PWM,ME,ANE,EN,Combined TRACON& Tower with Radar,76,27,37,0,140,0,6,9,0,15,76,33,46,0,155,0,0,0,155
10/10/2021,PWM,ME,ANE,EN,Combined TRACON& Tower with Radar,79,15,17,0,111,0,1,14,0,15,79,16,31,0,126,10,0,10,136
10/11/2021,PWM,ME,ANE,EN,Combined TRACON& Tower with Radar,76,20,42,1,139,0,6,20,0,26,76,26,62,1,165,0,0,0,165
10/12/2021,PWM,ME,ANE,EN,Combined TRACON& Tower with Radar,71,28,34,2,135,0,9,38,0,47,71,37,72,2,182,20,0,20,202
10/13/2021,PWM,ME,ANE,EN,Combined TRACON& Tower with Radar,74,32,24,5,135,0,7,63,0,70,74,39,87,5,205,28,0,28,233
10/14/2021,PWM,ME,ANE,EN,Combined TRACON& Tower with Radar,82,27,37,3,149,0,9,55,3,67,82,36,92,6,216,36,0,36,252
10/15/2021,PWM,ME,ANE,EN,Combined TRACON& Tower with Radar,81,33,49,0,163,0,0,0,0,0,81,33,49,0,163,0,0,0,163
10/16/2021,PWM,ME,ANE,EN,Combined TRACON& Tower with Radar,81,27,10,1,119,0,0,7,0,7,81,27,17,1,126,0,0,0,126
10/17/2021,PWM,ME,ANE,EN,Combined TRACON& Tower with Radar,82,14,37,0,133,0,11,57,1,69,82,25,94,1,202,18,0,18,220
10/18/2021,PWM,ME,ANE,EN,Combined TRACON& Tower with Radar,83,20,17,1,121,1,9,32,0,42,84,29,49,1,163,40,0,40,203
10/19/2021,PWM,ME,ANE,EN,Combined TRACON& Tower with Radar,69,26,25,1,121,0,11,36,3,50,69,37,61,4,171,22,0,22,193
10/20/2021,PWM,ME,ANE,EN,Combined TRACON& Tower with Radar,74,25,36,4,139,0,9,61,5,75,74,34,97,9,214,26,0,26,240
10/21/2021,PWM,ME,ANE,EN,Combined TRACON& Tower with Radar,82,32,28,6,148,0,8,37,4,49,82,40,65,10,197,36,0,36,233
10/22/2021,PWM,ME,ANE,EN,Combined TRACON& Tower with Radar,82,20,39,2,143,0,8,27,1,36,82,28,66,3,179,4,0,4,183
10/23/2021,PWM,ME,ANE,EN,Combined TRACON& Tower with Radar,76,17,17,0,110,0,12,32,1,45,76,29,49,1,155,0,0,0,155
10/24/2021,PWM,ME,ANE,EN,Combined TRACON& Tower with Radar,81,14,17,2,114,0,7,55,0,62,81,21,72,2,176,24,0,24,200
10/25/2021,PWM,ME,ANE,EN,Combined TRACON& Tower with Radar,79,25,26,0,130,0,2,2,0,4,79,27,28,0,134,0,0,0,134
10/26/2021,PWM,ME,ANE,EN,Combined TRACON& Tower with Radar,69,24,11,5,109,0,0,0,0,0,69,24,11,5,109,0,0,0,109
10/27/2021,PWM,ME,ANE,EN,Combined TRACON& Tower with Radar,74,27,8,0,109,0,4,1,0,5,74,31,9,0,114,0,0,0,114
10/28/2021,PWM,ME,ANE,EN,Combined TRACON& Tower with Radar,82,26,23,0,131,0,7,42,0,49,82,33,65,0,180,13,0,13,193
10/29/2021,PWM,ME,ANE,EN,Combined TRACON& Tower with Radar,77,25,23,0,125,0,9,51,0,60,77,34,74,0,185,30,0,30,215
10/30/2021,PWM,ME,ANE,EN,Combined TRACON& Tower with Radar,64,24,3,0,91,0,0,0,0,0,64,24,3,0,91,0,0,0,91
10/31/2021,PWM,ME,ANE,EN,Combined TRACON& Tower with Radar,55,14,18,1,88,0,4,14,0,18,55,18,32,1,106,0,0,0,106
11/01/2021,PWM,ME,ANE,EN,Combined TRACON& Tower with Radar,72,17,21,7,117,0,7,57,1,65,72,24,78,8,182,0,0,0,182
11/02/2021,PWM,ME,ANE,EN,Combined TRACON& Tower with Radar,53,20,10,1,84,0,7,61,1,69,53,27,71,2,153,10,0,10,163
11/03/2021,PWM,ME,ANE,EN,Combined TRACON& Tower with Radar,55,19,26,4,104,0,6,43,1,50,55,25,69,5,154,31,0,31,185
11/04/2021,PWM,ME,ANE,EN,Combined TRACON& Tower with Radar,61,17,24,3,105,0,8,46,2,56,61,25,70,5,161,10,0,10,171
11/05/2021,PWM,ME,ANE,EN,Combined TRACON& Tower with Radar,60,28,25,0,113,0,10,51,0,61,60,38,76,0,174,40,0,40,214
11/06/2021,PWM,ME,ANE,EN,Combined TRACON& Tower with Radar,49,18,17,1,85,0,9,60,0,69,49,27,77,1,154,6,0,6,160
11/07/2021,PWM,ME,ANE,EN,Combined TRACON& Tower with Radar,51,13,31,4,99,0,10,59,1,70,51,23,90,5,169,17,0,17,186
11/08/2021,PWM,ME,ANE,EN,Combined TRACON& Tower with Radar,54,27,14,1,96,0,8,50,1,59,54,35,64,2,155,14,0,14,169
11/09/2021,PWM,ME,ANE,EN,Combined TRACON& Tower with Radar,52,21,15,7,95,0,8,36,2,46,52,29,51,9,141,18,0,18,159
11/10/2021,PWM,ME,ANE,EN,Combined TRACON& Tower with Radar,50,20,26,3,99,0,3,26,3,32,50,23,52,6,131,57,0,57,188
11/11/2021,PWM,ME,ANE,EN,Combined TRACON& Tower with Radar,52,20,8,0,80,0,11,57,0,68,52,31,65,0,148,40,0,40,188
11/12/2021,PWM,ME,ANE,EN,Combined TRACON& Tower with Radar,55,28,12,0,95,0,0,0,0,0,55,28,12,0,95,0,0,0,95
11/13/2021,PWM,ME,ANE,EN,Combined TRACON& Tower with Radar,37,23,27,1,88,0,4,55,0,59,37,27,82,1,147,16,0,16,163
11/14/2021,PWM,ME,ANE,EN,Combined TRACON& Tower with Radar,51,13,16,1,81,0,9,31,0,40,51,22,47,1,121,0,0,0,121
11/15/2021,PWM,ME,ANE,EN,Combined TRACON& Tower with Radar,51,18,16,3,88,0,10,9,0,19,51,28,25,3,107,0,0,0,107
11/16/2021,PWM,ME,ANE,EN,Combined TRACON& Tower with Radar,54,27,19,0,100,0,3,10,7,20,54,30,29,7,120,0,0,0,120
11/17/2021,PWM,ME,ANE,EN,Combined TRACON& Tower with Radar,49,32,11,0,92,0,8,26,0,34,49,40,37,0,126,13,0,13,139
11/18/2021,PWM,ME,ANE,EN,Combined TRACON& Tower with Radar,53,28,31,2,114,0,5,24,0,29,53,33,55,2,143,26,0,26,169
11/19/2021,PWM,ME,ANE,EN,Combined TRACON& Tower with Radar,50,21,16,0,87,0,7,28,0,35,50,28,44,0,122,6,0,6,128
11/20/2021,PWM,ME,ANE,EN,Combined TRACON& Tower with Radar,39,16,15,0,70,0,7,76,0,83,39,23,91,0,153,11,0,11,164
11/21/2021,PWM,ME,ANE,EN,Combined TRACON& Tower with Radar,52,18,12,0,82,0,9,31,0,40,52,27,43,0,122,0,0,0,122
11/22/2021,PWM,ME,ANE,EN,Combined TRACON& Tower with Radar,53,30,27,0,110,0,3,13,2,18,53,33,40,2,128,13,0,13,141
11/23/2021,PWM,ME,ANE,EN,Combined TRACON& Tower with Radar,54,31,11,0,96,0,6,45,0,51,54,37,56,0,147,20,0,20,167
11/24/2021,PWM,ME,ANE,EN,Combined TRACON& Tower with Radar,55,32,23,0,110,0,11,29,0,40,55,43,52,0,150,0,0,0,150
11/25/2021,PWM,ME,ANE,EN,Combined TRACON& Tower with Radar,35,6,2,0,43,0,14,8,0,22,35,20,10,0,65,10,0,10,75
11/26/2021,PWM,ME,ANE,EN,Combined TRACON& Tower with Radar,39,24,12,0,75,0,1,0,0,1,39,25,12,0,76,0,0,0,76
11/27/2021,PWM,ME,ANE,EN,Combined TRACON& Tower with Radar,43,20,13,0,76,0,10,12,0,22,43,30,25,0,98,0,0,0,98
11/28/2021,PWM,ME,ANE,EN,Combined TRACON& Tower with Radar,52,21,21,0,94,0,10,61,0,71,52,31,82,0,165,0,0,0,165
11/29/2021,PWM,ME,ANE,EN,Combined TRACON& Tower with Radar,53,21,16,0,90,0,3,19,0,22,53,24,35,0,112,0,0,0,112
11/30/2021,PWM,ME,ANE,EN,Combined TRACON& Tower with Radar,54,28,20,4,106,0,13,46,3,62,54,41,66,7,168,20,4,24,192
12/01/2021,PWM,ME,ANE,EN,Combined TRACON& Tower with Radar,56,20,16,4,96,0,13,36,3,52,56,33,52,7,148,38,0,38,186
12/02/2021,PWM,ME,ANE,EN,Combined TRACON& Tower with Radar,57,35,22,0,114,0,0,0,0,0,57,35,22,0,114,0,0,0,114
12/03/2021,PWM,ME,ANE,EN,Combined TRACON& Tower with Radar,49,24,20,0,93,0,12,14,3,29,49,36,34,3,122,0,0,0,122
12/04/2021,PWM,ME,ANE,EN,Combined TRACON& Tower with Radar,32,19,14,0,65,0,9,37,0,46,32,28,51,0,111,22,0,22,133
12/05/2021,PWM,ME,ANE,EN,Combined TRACON& Tower with Radar,40,15,24,0,79,0,9,49,0,58,40,24,73,0,137,0,0,0,137
12/06/2021,PWM,ME,ANE,EN,Combined TRACON& Tower with Radar,47,35,11,0,93,0,0,0,0,0,47,35,11,0,93,0,0,0,93
12/07/2021,PWM,ME,ANE,EN,Combined TRACON& Tower with Radar,52,26,21,0,99,0,8,29,0,37,52,34,50,0,136,20,0,20,156
12/08/2021,PWM,ME,ANE,EN,Combined TRACON& Tower with Radar,48,30,14,0,92,0,2,0,6,8,48,32,14,6,100,0,0,0,100
12/09/2021,PWM,ME,ANE,EN,Combined TRACON& Tower with Radar,53,27,15,1,96,0,14,48,0,62,53,41,63,1,158,48,0,48,206
12/10/2021,PWM,ME,ANE,EN,Combined TRACON& Tower with Radar,46,26,13,0,85,0,4,6,0,10,46,30,19,0,95,0,0,0,95
12/11/2021,PWM,ME,ANE,EN,Combined TRACON& Tower with Radar,35,32,5,0,72,0,0,0,0,0,35,32,5,0,72,0,0,0,72
12/12/2021,PWM,ME,ANE,EN,Combined TRACON& Tower with Radar,44,22,8,0,74,0,6,11,0,17,44,28,19,0,91,0,0,0,91
12/13/2021,PWM,ME,ANE,EN,Combined TRACON& Tower with Radar,47,23,14,1,85,0,8,32,0,40,47,31,46,1,125,0,0,0,125
12/14/2021,PWM,ME,ANE,EN,Combined TRACON& Tower with Radar,51,26,17,4,98,0,11,29,0,40,51,37,46,4,138,12,0,12,150
12/15/2021,PWM,ME,ANE,EN,Combined TRACON& Tower with Radar,46,27,18,2,93,0,12,36,3,51,46,39,54,5,144,26,0,26,170
12/16/2021,PWM,ME,ANE,EN,Combined TRACON& Tower with Radar,50,23,20,1,94,0,0,0,0,0,50,23,20,1,94,0,0,0,94
12/17/2021,PWM,ME,ANE,EN,Combined TRACON& Tower with Radar,49,19,20,1,89,0,8,16,0,24,49,27,36,1,113,18,0,18,131
12/18/2021,PWM,ME,ANE,EN,Combined TRACON& Tower with Radar,38,19,11,0,68,0,4,13,0,17,38,23,24,0,85,13,0,13,98
12/19/2021,PWM,ME,ANE,EN,Combined TRACON& Tower with Radar,41,16,20,1,78,0,1,10,0,11,41,17,30,1,89,0,0,0,89
12/20/2021,PWM,ME,ANE,EN,Combined TRACON& Tower with Radar,53,16,21,1,91,0,9,44,0,53,53,25,65,1,144,11,0,11,155
12/21/2021,PWM,ME,ANE,EN,Combined TRACON& Tower with Radar,52,19,20,0,91,0,4,49,0,53,52,23,69,0,144,16,0,16,160
12/22/2021,PWM,ME,ANE,EN,Combined TRACON& Tower with Radar,51,23,10,0,84,0,0,3,0,3,51,23,13,0,87,0,0,0,87
12/23/2021,PWM,ME,ANE,EN,Combined TRACON& Tower with Radar,56,22,15,0,93,0,5,9,0,14,56,27,24,0,107,0,0,0,107
12/24/2021,PWM,ME,ANE,EN,Combined TRACON& Tower with Radar,42,20,4,0,66,0,3,23,0,26,42,23,27,0,92,32,0,32,124
12/25/2021,PWM,ME,ANE,EN,Combined TRACON& Tower with Radar,34,7,2,0,43,0,0,0,0,0,34,7,2,0,43,0,0,0,43
12/26/2021,PWM,ME,ANE,EN,Combined TRACON& Tower with Radar,40,20,8,0,68,0,4,5,0,9,40,24,13,0,77,0,0,0,77
12/27/2021,PWM,ME,ANE,EN,Combined TRACON& Tower with Radar,41,15,21,0,77,0,15,55,0,70,41,30,76,0,147,2,0,2,149
12/28/2021,PWM,ME,ANE,EN,Combined TRACON& Tower with Radar,43,17,13,0,73,0,6,6,2,14,43,23,19,2,87,24,0,24,111
12/29/2021,PWM,ME,ANE,EN,Combined TRACON& Tower with Radar,42,22,13,0,77,0,4,27,0,31,42,26,40,0,108,24,0,24,132
12/30/2021,PWM,ME,ANE,EN,Combined TRACON& Tower with Radar,43,24,7,0,74,0,0,0,0,0,43,24,7,0,74,0,0,0,74
12/31/2021,PWM,ME,ANE,EN,Combined TRACON& Tower with Radar,40,24,7,0,71,0,0,0,0,0,40,24,7,0,71,0,0,0,71
01/01/2022,PWM,ME,ANE,EN,Combined TRACON& Tower with Radar,35,8,17,0,60,0,0,0,0,0,35,8,17,0,60,0,0,0,60
01/02/2022,PWM,ME,ANE,EN,Combined TRACON& Tower with Radar,48,22,9,0,79,0,0,0,0,0,48,22,9,0,79,0,0,0,79
01/03/2022,PWM,ME,ANE,EN,Combined TRACON& Tower with Radar,40,16,13,0,69,0,2,26,0,28,40,18,39,0,97,4,0,4,101
01/04/2022,PWM,ME,ANE,EN,Combined TRACON& Tower with Radar,34,17,9,1,61,0,9,49,3,61,34,26,58,4,122,40,0,40,162
01/05/2022,PWM,ME,ANE,EN,Combined TRACON& Tower with Radar,35,26,7,0,68,0,0,0,0,0,35,26,7,0,68,0,0,0,68
01/06/2022,PWM,ME,ANE,EN,Combined TRACON& Tower with Radar,40,24,13,2,79,0,0,33,0,33,40,24,46,2,112,21,0,21,133
01/07/2022,PWM,ME,ANE,EN,Combined TRACON& Tower with Radar,30,18,3,0,51,0,0,0,0,0,30,18,3,0,51,0,0,0,51
01/08/2022,PWM,ME,ANE,EN,Combined TRACON& Tower with Radar,35,17,9,0,61,0,10,25,0,35,35,27,34,0,96,0,0,0,96
01/09/2022,PWM,ME,ANE,EN,Combined TRACON& Tower with Radar,34,16,2,0,52,0,3,0,0,3,34,19,2,0,55,0,0,0,55
01/10/2022,PWM,ME,ANE,EN,Combined TRACON& Tower with Radar,46,15,16,0,77,0,7,8,0,15,46,22,24,0,92,0,0,0,92
01/11/2022,PWM,ME,ANE,EN,Combined TRACON& Tower with Radar,45,19,5,0,69,0,7,4,0,11,45,26,9,0,80,4,0,4,84
01/12/2022,PWM,ME,ANE,EN,Combined TRACON& Tower with Radar,45,19,12,0,76,0,4,12,0,16,45,23,24,0,92,4,0,4,96
01/13/2022,PWM,ME,ANE,EN,Combined TRACON& Tower with Radar,44,24,21,0,89,0,1,14,2,17,44,25,35,2,106,14,0,14,120
01/14/2022,PWM,ME,ANE,EN,Combined TRACON& Tower with Radar,44,20,15,0,79,0,3,8,0,11,44,23,23,0,90,8,0,8,98
01/15/2022,PWM,ME,ANE,EN,Combined TRACON& Tower with Radar,35,23,9,0,67,0,9,1,0,10,35,32,10,0,77,0,0,0,77
01/16/2022,PWM,ME,ANE,EN,Combined TRACON& Tower with Radar,28,17,12,0,57,0,10,18,0,28,28,27,30,0,85,10,0,10,95
01/17/2022,PWM,ME,ANE,EN,Combined TRACON& Tower with Radar,35,16,3,0,54,0,0,0,0,0,35,16,3,0,54,0,0,0,54
01/18/2022,PWM,ME,ANE,EN,Combined TRACON& Tower with Radar,43,25,15,7,90,0,6,5,0,11,43,31,20,7,101,0,0,0,101
01/19/2022,PWM,ME,ANE,EN,Combined TRACON& Tower with Radar,44,18,14,2,78,0,5,17,0,22,44,23,31,2,100,12,0,12,112
01/20/2022,PWM,ME,ANE,EN,Combined TRACON& Tower with Radar,42,22,16,0,80,0,2,17,0,19,42,24,33,0,99,0,0,0,99
01/21/2022,PWM,ME,ANE,EN,Combined TRACON& Tower with Radar,43,19,17,3,82,0,3,35,0,38,43,22,52,3,120,17,0,17,137
01/22/2022,PWM,ME,ANE,EN,Combined TRACON& Tower with Radar,34,16,11,2,63,0,3,27,1,31,34,19,38,3,94,13,0,13,107
01/23/2022,PWM,ME,ANE,EN,Combined TRACON& Tower with Radar,40,17,14,0,71,0,9,40,4,53,40,26,54,4,124,26,0,26,150
01/24/2022,PWM,ME,ANE,EN,Combined TRACON& Tower with Radar,45,25,15,0,85,0,4,41,4,49,45,29,56,4,134,12,0,12,146
01/25/2022,PWM,ME,ANE,EN,Combined TRACON& Tower with Radar,48,33,25,0,106,0,4,13,2,19,48,37,38,2,125,12,0,12,137
01/26/2022,PWM,ME,ANE,EN,Combined TRACON& Tower with Radar,44,20,12,0,76,0,5,33,2,40,44,25,45,2,116,18,0,18,134
01/27/2022,PWM,ME,ANE,EN,Combined TRACON& Tower with Radar,43,22,18,5,88,0,4,24,2,30,43,26,42,7,118,42,0,42,160
01/28/2022,PWM,ME,ANE,EN,Combined TRACON& Tower with Radar,37,26,6,0,69,2,6,18,0,26,39,32,24,0,95,4,0,4,99
01/29/2022,PWM,ME,ANE,EN,Combined TRACON& Tower with Radar,0,0,0,0,0,0,0,0,0,0,0,0,0,0,0,0,0,0,0
01/30/2022,PWM,ME,ANE,EN,Combined TRACON& Tower with Radar,26,6,8,0,40,0,2,6,0,8,26,8,14,0,48,0,0,0,48
01/31/2022,PWM,ME,ANE,EN,Combined TRACON& Tower with Radar,41,16,12,0,69,0,1,12,0,13,41,17,24,0,82,4,0,4,86
02/01/2022,PWM,ME,ANE,EN,Combined TRACON& Tower with Radar,45,20,10,0,75,0,5,18,1,24,45,25,28,1,99,8,0,8,107
02/02/2022,PWM,ME,ANE,EN,Combined TRACON& Tower with Radar,46,17,15,2,80,0,3,6,0,9,46,20,21,2,89,4,0,4,93
02/03/2022,PWM,ME,ANE,EN,Combined TRACON& Tower with Radar,41,22,15,7,85,0,0,0,0,0,41,22,15,7,85,0,0,0,85
02/04/2022,PWM,ME,ANE,EN,Combined TRACON& Tower with Radar,14,3,0,0,17,0,0,0,0,0,14,3,0,0,17,0,0,0,17
02/05/2022,PWM,ME,ANE,EN,Combined TRACON& Tower with Radar,31,15,7,0,53,0,1,7,0,8,31,16,14,0,61,0,0,0,61
02/06/2022,PWM,ME,ANE,EN,Combined TRACON& Tower with Radar,40,9,14,6,69,0,7,18,0,25,40,16,32,6,94,0,0,0,94
02/07/2022,PWM,ME,ANE,EN,Combined TRACON& Tower with Radar,45,16,23,0,84,0,0,2,2,4,45,16,25,2,88,0,0,0,88
02/08/2022,PWM,ME,ANE,EN,Combined TRACON& Tower with Radar,47,19,6,0,72,0,0,0,1,1,47,19,6,1,73,0,0,0,73
02/09/2022,PWM,ME,ANE,EN,Combined TRACON& Tower with Radar,47,17,23,0,87,0,2,36,6,44,47,19,59,6,131,10,0,10,141
02/10/2022,PWM,ME,ANE,EN,Combined TRACON& Tower with Radar,49,19,17,0,85,12,0,19,0,31,61,19,36,0,116,30,0,30,146
02/11/2022,PWM,ME,ANE,EN,Combined TRACON& Tower with Radar,42,17,14,1,74,0,4,37,0,41,42,21,51,1,115,10,0,10,125
02/12/2022,PWM,ME,ANE,EN,Combined TRACON& Tower with Radar,34,16,8,0,58,0,0,41,0,41,34,16,49,0,99,4,0,4,103
02/13/2022,PWM,ME,ANE,EN,Combined TRACON& Tower with Radar,36,10,16,1,63,0,1,8,0,9,36,11,24,1,72,9,0,9,81
02/14/2022,PWM,ME,ANE,EN,Combined TRACON& Tower with Radar,44,20,7,1,72,0,0,6,2,8,44,20,13,3,80,2,0,2,82
02/15/2022,PWM,ME,ANE,EN,Combined TRACON& Tower with Radar,45,21,13,0,79,0,2,27,4,33,45,23,40,4,112,26,0,26,138
02/16/2022,PWM,ME,ANE,EN,Combined TRACON& Tower with Radar,47,21,28,0,96,0,1,12,0,13,47,22,40,0,109,10,0,10,119
02/17/2022,PWM,ME,ANE,EN,Combined TRACON& Tower with Radar,48,29,16,0,93,0,5,12,0,17,48,34,28,0,110,4,0,4,114
02/18/2022,PWM,ME,ANE,EN,Combined TRACON& Tower with Radar,40,27,13,0,80,0,7,3,0,10,40,34,16,0,90,2,0,2,92
02/19/2022,PWM,ME,ANE,EN,Combined TRACON& Tower with Radar,36,20,13,0,69,0,1,21,0,22,36,21,34,0,91,18,0,18,109
02/20/2022,PWM,ME,ANE,EN,Combined TRACON& Tower with Radar,41,14,17,0,72,0,2,49,0,51,41,16,66,0,123,0,0,0,123
02/21/2022,PWM,ME,ANE,EN,Combined TRACON& Tower with Radar,42,18,19,0,79,0,8,71,0,79,42,26,90,0,158,12,0,12,170
02/22/2022,PWM,ME,ANE,EN,Combined TRACON& Tower with Radar,42,25,9,0,76,0,1,0,0,1,42,26,9,0,77,0,0,0,77
02/23/2022,PWM,ME,ANE,EN,Combined TRACON& Tower with Radar,47,21,12,0,80,0,5,7,0,12,47,26,19,0,92,0,0,0,92
02/24/2022,PWM,ME,ANE,EN,Combined TRACON& Tower with Radar,43,23,18,8,92,0,1,37,0,38,43,24,55,8,130,0,0,0,130
02/25/2022,PWM,ME,ANE,EN,Combined TRACON& Tower with Radar,30,6,5,0,41,0,0,0,0,0,30,6,5,0,41,0,0,0,41
02/26/2022,PWM,ME,ANE,EN,Combined TRACON& Tower with Radar,41,18,12,2,73,0,5,34,2,41,41,23,46,4,114,10,0,10,124
02/27/2022,PWM,ME,ANE,EN,Combined TRACON& Tower with Radar,43,16,12,0,71,0,5,23,0,28,43,21,35,0,99,0,0,0,99
02/28/2022,PWM,ME,ANE,EN,Combined TRACON& Tower with Radar,42,13,13,0,68,0,1,9,0,10,42,14,22,0,78,2,0,2,80
03/01/2022,PWM,ME,ANE,EN,Combined TRACON& Tower with Radar,47,20,15,0,82,0,6,11,0,17,47,26,26,0,99,0,0,0,99
03/02/2022,PWM,ME,ANE,EN,Combined TRACON& Tower with Radar,44,23,11,2,80,0,4,35,5,44,44,27,46,7,124,18,0,18,142
03/03/2022,PWM,ME,ANE,EN,Combined TRACON& Tower with Radar,44,24,12,3,83,0,1,9,3,13,44,25,21,6,96,0,0,0,96
03/04/2022,PWM,ME,ANE,EN,Combined TRACON& Tower with Radar,41,27,12,0,80,0,5,63,2,70,41,32,75,2,150,18,0,18,168
03/05/2022,PWM,ME,ANE,EN,Combined TRACON& Tower with Radar,31,23,14,0,68,0,4,81,0,85,31,27,95,0,153,30,0,30,183
03/06/2022,PWM,ME,ANE,EN,Combined TRACON& Tower with Radar,40,21,6,0,67,0,1,2,0,3,40,22,8,0,70,0,0,0,70
03/07/2022,PWM,ME,ANE,EN,Combined TRACON& Tower with Radar,42,23,13,0,78,0,0,5,0,5,42,23,18,0,83,24,0,24,107
03/08/2022,PWM,ME,ANE,EN,Combined TRACON& Tower with Radar,48,30,12,2,92,0,2,6,0,8,48,32,18,2,100,0,2,2,102
03/09/2022,PWM,ME,ANE,EN,Combined TRACON& Tower with Radar,37,29,21,0,87,0,0,10,2,12,37,29,31,2,99,32,0,32,131
03/10/2022,PWM,ME,ANE,EN,Combined TRACON& Tower with Radar,46,26,22,0,94,0,4,47,2,53,46,30,69,2,147,13,0,13,160
03/11/2022,PWM,ME,ANE,EN,Combined TRACON& Tower with Radar,44,27,18,0,89,0,4,42,0,46,44,31,60,0,135,33,0,33,168
03/12/2022,PWM,ME,ANE,EN,Combined TRACON& Tower with Radar,25,23,2,0,50,0,0,0,0,0,25,23,2,0,50,0,0,0,50
03/13/2022,PWM,ME,ANE,EN,Combined TRACON& Tower with Radar,40,17,10,0,67,0,6,3,0,9,40,23,13,0,76,0,0,0,76
03/14/2022,PWM,ME,ANE,EN,Combined TRACON& Tower with Radar,46,21,15,0,82,0,12,22,0,34,46,33,37,0,116,10,0,10,126
03/15/2022,PWM,ME,ANE,EN,Combined TRACON& Tower with Radar,44,21,11,0,76,0,4,15,6,25,44,25,26,6,101,8,2,10,111
03/16/2022,PWM,ME,ANE,EN,Combined TRACON& Tower with Radar,40,25,13,7,85,0,1,13,1,15,40,26,26,8,100,12,0,12,112
03/17/2022,PWM,ME,ANE,EN,Combined TRACON& Tower with Radar,43,25,10,0,78,0,1,2,0,3,43,26,12,0,81,0,0,0,81
03/18/2022,PWM,ME,ANE,EN,Combined TRACON& Tower with Radar,40,23,17,0,80,0,5,53,0,58,40,28,70,0,138,38,0,38,176
03/19/2022,PWM,ME,ANE,EN,Combined TRACON& Tower with Radar,29,20,7,0,56,0,0,0,0,0,29,20,7,0,56,0,0,0,56
03/20/2022,PWM,ME,ANE,EN,Combined TRACON& Tower with Radar,42,21,13,0,76,0,0,6,0,6,42,21,19,0,82,0,0,0,82
03/21/2022,PWM,ME,ANE,EN,Combined TRACON& Tower with Radar,43,22,12,3,80,0,2,7,0,9,43,24,19,3,89,6,0,6,95
03/22/2022,PWM,ME,ANE,EN,Combined TRACON& Tower with Radar,43,18,14,1,76,0,2,11,1,14,43,20,25,2,90,20,0,20,110
03/23/2022,PWM,ME,ANE,EN,Combined TRACON& Tower with Radar,42,24,16,16,98,0,6,52,13,71,42,30,68,29,169,36,26,62,231
03/24/2022,PWM,ME,ANE,EN,Combined TRACON& Tower with Radar,39,25,2,0,66,0,0,0,0,0,39,25,2,0,66,0,0,0,66
03/25/2022,PWM,ME,ANE,EN,Combined TRACON& Tower with Radar,43,36,32,0,111,0,4,29,0,33,43,40,61,0,144,71,0,71,215
03/26/2022,PWM,ME,ANE,EN,Combined TRACON& Tower with Radar,33,35,11,0,79,0,3,25,1,29,33,38,36,1,108,0,0,0,108
03/27/2022,PWM,ME,ANE,EN,Combined TRACON& Tower with Radar,38,27,19,0,84,0,2,33,1,36,38,29,52,1,120,7,0,7,127
03/28/2022,PWM,ME,ANE,EN,Combined TRACON& Tower with Radar,46,24,13,1,84,0,4,10,0,14,46,28,23,1,98,28,0,28,126
03/29/2022,PWM,ME,ANE,EN,Combined TRACON& Tower with Radar,47,28,10,0,85,0,7,21,0,28,47,35,31,0,113,32,0,32,145
03/30/2022,PWM,ME,ANE,EN,Combined TRACON& Tower with Radar,45,32,22,7,106,0,6,43,3,52,45,38,65,10,158,44,0,44,202
03/31/2022,PWM,ME,ANE,EN,Combined TRACON& Tower with Radar,45,19,15,1,80,0,0,0,0,0,45,19,15,1,80,4,0,4,84
04/01/2022,PWM,ME,ANE,EN,Combined TRACON& Tower with Radar,46,31,20,0,97,0,2,9,0,11,46,33,29,0,108,0,0,0,108
04/02/2022,PWM,ME,ANE,EN,Combined TRACON& Tower with Radar,36,23,20,2,81,0,11,20,3,34,36,34,40,5,115,0,0,0,115
04/03/2022,PWM,ME,ANE,EN,Combined TRACON& Tower with Radar,43,16,19,5,83,0,2,32,0,34,43,18,51,5,117,0,0,0,117
04/04/2022,PWM,ME,ANE,EN,Combined TRACON& Tower with Radar,50,26,18,1,95,0,9,30,0,39,50,35,48,1,134,22,0,22,156
04/05/2022,PWM,ME,ANE,EN,Combined TRACON& Tower with Radar,52,20,15,0,87,0,0,37,0,37,52,20,52,0,124,34,0,34,158
04/06/2022,PWM,ME,ANE,EN,Combined TRACON& Tower with Radar,54,17,23,1,95,0,3,29,1,33,54,20,52,2,128,30,0,30,158
04/07/2022,PWM,ME,ANE,EN,Combined TRACON& Tower with Radar,46,23,10,9,88,0,2,6,1,9,46,25,16,10,97,28,0,28,125
04/08/2022,PWM,ME,ANE,EN,Combined TRACON& Tower with Radar,50,28,12,0,90,0,0,4,0,4,50,28,16,0,94,0,0,0,94
04/09/2022,PWM,ME,ANE,EN,Combined TRACON& Tower with Radar,39,16,10,0,65,0,2,5,0,7,39,18,15,0,72,0,0,0,72
04/10/2022,PWM,ME,ANE,EN,Combined TRACON& Tower with Radar,49,11,18,4,82,0,1,30,0,31,49,12,48,4,113,32,0,32,145
04/11/2022,PWM,ME,ANE,EN,Combined TRACON& Tower with Radar,58,24,9,1,92,0,0,41,0,41,58,24,50,1,133,8,0,8,141
04/12/2022,PWM,ME,ANE,EN,Combined TRACON& Tower with Radar,58,19,14,0,91,0,2,32,0,34,58,21,46,0,125,28,0,28,153
04/13/2022,PWM,ME,ANE,EN,Combined TRACON& Tower with Radar,58,22,32,3,115,0,2,56,0,58,58,24,88,3,173,88,0,88,261
04/14/2022,PWM,ME,ANE,EN,Combined TRACON& Tower with Radar,50,26,19,0,95,0,0,0,0,0,50,26,19,0,95,0,0,0,95
04/15/2022,PWM,ME,ANE,EN,Combined TRACON& Tower with Radar,57,29,21,0,107,0,8,52,0,60,57,37,73,0,167,24,0,24,191
04/16/2022,PWM,ME,ANE,EN,Combined TRACON& Tower with Radar,45,23,27,0,95,0,1,7,0,8,45,24,34,0,103,10,0,10,113
04/17/2022,PWM,ME,ANE,EN,Combined TRACON& Tower with Radar,56,15,10,0,81,0,2,26,0,28,56,17,36,0,109,0,0,0,109
04/18/2022,PWM,ME,ANE,EN,Combined TRACON& Tower with Radar,63,24,16,0,103,0,4,60,0,64,63,28,76,0,167,19,0,19,186
04/19/2022,PWM,ME,ANE,EN,Combined TRACON& Tower with Radar,53,24,9,0,86,0,1,0,0,1,53,25,9,0,87,0,0,0,87
04/20/2022,PWM,ME,ANE,EN,Combined TRACON& Tower with Radar,60,23,18,0,101,0,5,23,0,28,60,28,41,0,129,16,0,16,145
04/21/2022,PWM,ME,ANE,EN,Combined TRACON& Tower with Radar,62,23,15,0,100,0,0,26,0,26,62,23,41,0,126,52,0,52,178
04/22/2022,PWM,ME,ANE,EN,Combined TRACON& Tower with Radar,61,19,24,4,108,0,6,26,0,32,61,25,50,4,140,10,0,10,150
04/23/2022,PWM,ME,ANE,EN,Combined TRACON& Tower with Radar,47,21,19,0,87,0,7,60,0,67,47,28,79,0,154,8,0,8,162
04/24/2022,PWM,ME,ANE,EN,Combined TRACON& Tower with Radar,62,16,23,0,101,0,6,61,0,67,62,22,84,0,168,20,0,20,188
04/25/2022,PWM,ME,ANE,EN,Combined TRACON& Tower with Radar,61,16,28,0,105,0,0,45,0,45,61,16,73,0,150,22,0,22,172
04/26/2022,PWM,ME,ANE,EN,Combined TRACON& Tower with Radar,57,21,11,0,89,0,2,9,0,11,57,23,20,0,100,12,0,12,112
04/27/2022,PWM,ME,ANE,EN,Combined TRACON& Tower with Radar,55,19,21,2,97,0,0,0,0,0,55,19,21,2,97,30,0,30,127
04/28/2022,PWM,ME,ANE,EN,Combined TRACON& Tower with Radar,63,21,23,4,111,0,0,4,0,4,63,21,27,4,115,0,0,0,115
04/29/2022,PWM,ME,ANE,EN,Combined TRACON& Tower with Radar,60,12,20,0,92,0,5,9,0,14,60,17,29,0,106,6,0,6,112
04/30/2022,PWM,ME,ANE,EN,Combined TRACON& Tower with Radar,45,14,16,1,76,0,4,34,1,39,45,18,50,2,115,6,0,6,121
05/01/2022,PWM,ME,ANE,EN,Combined TRACON& Tower with Radar,53,8,30,1,92,0,1,53,0,54,53,9,83,1,146,12,0,12,158
05/02/2022,PWM,ME,ANE,EN,Combined TRACON& Tower with Radar,56,16,26,1,99,0,4,32,0,36,56,20,58,1,135,53,0,53,188
05/03/2022,PWM,ME,ANE,EN,Combined TRACON& Tower with Radar,63,22,26,0,111,0,2,17,0,19,63,24,43,0,130,12,0,12,142
05/04/2022,PWM,ME,ANE,EN,Combined TRACON& Tower with Radar,54,20,14,0,88,0,0,0,0,0,54,20,14,0,88,0,0,0,88
05/05/2022,PWM,ME,ANE,EN,Combined TRACON& Tower with Radar,68,16,28,4,116,0,9,44,0,53,68,25,72,4,169,22,0,22,191
05/06/2022,PWM,ME,ANE,EN,Combined TRACON& Tower with Radar,62,31,26,5,124,0,6,52,0,58,62,37,78,5,182,38,0,38,220
05/07/2022,PWM,ME,ANE,EN,Combined TRACON& Tower with Radar,54,25,15,0,94,0,3,22,0,25,54,28,37,0,119,18,0,18,137
05/08/2022,PWM,ME,ANE,EN,Combined TRACON& Tower with Radar,61,19,16,0,96,0,3,20,0,23,61,22,36,0,119,12,0,12,131
05/09/2022,PWM,ME,ANE,EN,Combined TRACON& Tower with Radar,64,22,22,7,115,0,2,34,1,37,64,24,56,8,152,50,0,50,202
05/10/2022,PWM,ME,ANE,EN,Combined TRACON& Tower with Radar,60,22,16,0,98,0,7,45,2,54,60,29,61,2,152,60,0,60,212
05/11/2022,PWM,ME,ANE,EN,Combined TRACON& Tower with Radar,59,26,27,0,112,0,0,18,0,18,59,26,45,0,130,0,0,0,130
05/12/2022,PWM,ME,ANE,EN,Combined TRACON& Tower with Radar,55,30,14,5,104,0,4,21,3,28,55,34,35,8,132,24,0,24,156
05/13/2022,PWM,ME,ANE,EN,Combined TRACON& Tower with Radar,62,28,21,0,111,0,11,42,0,53,62,39,63,0,164,22,0,22,186
05/14/2022,PWM,ME,ANE,EN,Combined TRACON& Tower with Radar,53,22,22,0,97,0,1,58,0,59,53,23,80,0,156,32,0,32,188
05/15/2022,PWM,ME,ANE,EN,Combined TRACON& Tower with Radar,28,8,10,0,46,0,0,1,0,1,28,8,11,0,47,0,0,0,47
05/16/2022,PWM,ME,ANE,EN,Combined TRACON& Tower with Radar,55,18,22,0,95,0,0,3,0,3,55,18,25,0,98,0,0,0,98
05/17/2022,PWM,ME,ANE,EN,Combined TRACON& Tower with Radar,68,25,17,1,111,0,2,17,1,20,68,27,34,2,131,0,0,0,131
05/18/2022,PWM,ME,ANE,EN,Combined TRACON& Tower with Radar,58,27,13,3,101,0,2,32,4,38,58,29,45,7,139,6,16,22,161
05/19/2022,PWM,ME,ANE,EN,Combined TRACON& Tower with Radar,59,18,28,1,106,0,1,7,0,8,59,19,35,1,114,6,0,6,120
05/20/2022,PWM,ME,ANE,EN,Combined TRACON& Tower with Radar,50,28,28,2,108,0,1,4,0,5,50,29,32,2,113,6,0,6,119
05/21/2022,PWM,ME,ANE,EN,Combined TRACON& Tower with Radar,44,8,14,0,66,0,3,12,1,16,44,11,26,1,82,0,0,0,82
05/22/2022,PWM,ME,ANE,EN,Combined TRACON& Tower with Radar,54,4,11,0,69,0,1,22,0,23,54,5,33,0,92,0,0,0,92
05/23/2022,PWM,ME,ANE,EN,Combined TRACON& Tower with Radar,58,23,26,4,111,0,7,37,0,44,58,30,63,4,155,34,0,34,189
05/24/2022,PWM,ME,ANE,EN,Combined TRACON& Tower with Radar,61,21,23,1,106,0,4,35,2,41,61,25,58,3,147,26,0,26,173
05/25/2022,PWM,ME,ANE,EN,Combined TRACON& Tower with Radar,62,25,32,2,121,0,4,55,2,61,62,29,87,4,182,0,0,0,182
05/26/2022,PWM,ME,ANE,EN,Combined TRACON& Tower with Radar,59,30,25,0,114,0,1,33,0,34,59,31,58,0,148,16,0,16,164
05/27/2022,PWM,ME,ANE,EN,Combined TRACON& Tower with Radar,58,33,31,4,126,0,4,16,0,20,58,37,47,4,146,0,0,0,146
05/28/2022,PWM,ME,ANE,EN,Combined TRACON& Tower with Radar,56,26,9,0,91,0,1,0,0,1,56,27,9,0,92,0,0,0,92
05/29/2022,PWM,ME,ANE,EN,Combined TRACON& Tower with Radar,61,22,19,0,102,0,1,48,0,49,61,23,67,0,151,20,0,20,171
05/30/2022,PWM,ME,ANE,EN,Combined TRACON& Tower with Radar,63,22,28,0,113,0,2,55,0,57,63,24,83,0,170,10,0,10,180
05/31/2022,PWM,ME,ANE,EN,Combined TRACON& Tower with Radar,63,29,32,3,127,0,0,14,0,14,63,29,46,3,141,0,0,0,141
06/01/2022,PWM,ME,ANE,EN,Combined TRACON& Tower with Radar,58,21,28,3,110,0,1,22,0,23,58,22,50,3,133,2,0,2,135
06/02/2022,PWM,ME,ANE,EN,Combined TRACON& Tower with Radar,55,28,29,2,114,0,3,7,0,10,55,31,36,2,124,2,0,2,126
06/03/2022,PWM,ME,ANE,EN,Combined TRACON& Tower with Radar,77,31,13,0,121,0,0,0,0,0,77,31,13,0,121,0,0,0,121
06/04/2022,PWM,ME,ANE,EN,Combined TRACON& Tower with Radar,72,20,30,0,122,0,3,9,0,12,72,23,39,0,134,0,0,0,134
06/05/2022,PWM,ME,ANE,EN,Combined TRACON& Tower with Radar,76,15,30,0,121,0,3,35,0,38,76,18,65,0,159,10,0,10,169
06/06/2022,PWM,ME,ANE,EN,Combined TRACON& Tower with Radar,83,26,22,10,141,0,1,44,2,47,83,27,66,12,188,32,0,32,220
06/07/2022,PWM,ME,ANE,EN,Combined TRACON& Tower with Radar,78,23,26,0,127,0,3,22,0,25,78,26,48,0,152,32,0,32,184
06/08/2022,PWM,ME,ANE,EN,Combined TRACON& Tower with Radar,86,26,24,0,136,0,3,9,0,12,86,29,33,0,148,0,0,0,148
06/09/2022,PWM,ME,ANE,EN,Combined TRACON& Tower with Radar,73,21,20,1,115,0,0,0,0,0,73,21,20,1,115,0,0,0,115
06/10/2022,PWM,ME,ANE,EN,Combined TRACON& Tower with Radar,82,35,33,0,150,0,1,37,4,42,82,36,70,4,192,14,0,14,206
06/11/2022,PWM,ME,ANE,EN,Combined TRACON& Tower with Radar,80,20,11,0,111,0,5,35,0,40,80,25,46,0,151,15,0,15,166
06/12/2022,PWM,ME,ANE,EN,Combined TRACON& Tower with Radar,73,19,29,3,124,0,5,45,0,50,73,24,74,3,174,12,0,12,186
06/13/2022,PWM,ME,ANE,EN,Combined TRACON& Tower with Radar,84,24,21,2,131,0,2,12,0,14,84,26,33,2,145,0,0,0,145
06/14/2022,PWM,ME,ANE,EN,Combined TRACON& Tower with Radar,78,31,43,5,157,0,6,52,4,62,78,37,95,9,219,4,0,4,223
06/15/2022,PWM,ME,ANE,EN,Combined TRACON& Tower with Radar,77,30,32,2,141,0,16,81,6,103,77,46,113,8,244,52,0,52,296
06/16/2022,PWM,ME,ANE,EN,Combined TRACON& Tower with Radar,66,31,32,6,135,0,4,48,0,52,66,35,80,6,187,28,0,28,215
06/17/2022,PWM,ME,ANE,EN,Combined TRACON& Tower with Radar,70,34,31,0,135,0,2,11,0,13,70,36,42,0,148,0,0,0,148
06/18/2022,PWM,ME,ANE,EN,Combined TRACON& Tower with Radar,76,24,19,0,119,0,2,14,0,16,76,26,33,0,135,0,0,0,135
06/19/2022,PWM,ME,ANE,EN,Combined TRACON& Tower with Radar,78,26,29,0,133,0,1,10,0,11,78,27,39,0,144,0,0,0,144
06/20/2022,PWM,ME,ANE,EN,Combined TRACON& Tower with Radar,78,22,19,2,121,0,5,43,0,48,78,27,62,2,169,0,0,0,169
06/21/2022,PWM,ME,ANE,EN,Combined TRACON& Tower with Radar,81,28,30,0,139,0,2,59,2,63,81,30,89,2,202,10,0,10,212
06/22/2022,PWM,ME,ANE,EN,Combined TRACON& Tower with Radar,63,21,26,0,110,0,0,17,0,17,63,21,43,0,127,22,0,22,149
06/23/2022,PWM,ME,ANE,EN,Combined TRACON& Tower with Radar,85,35,31,6,157,0,8,26,0,34,85,43,57,6,191,30,0,30,221
06/24/2022,PWM,ME,ANE,EN,Combined TRACON& Tower with Radar,81,34,32,3,150,0,4,48,1,53,81,38,80,4,203,12,0,12,215
06/25/2022,PWM,ME,ANE,EN,Combined TRACON& Tower with Radar,88,32,25,9,154,0,1,49,4,54,88,33,74,13,208,2,16,18,226
06/26/2022,PWM,ME,ANE,EN,Combined TRACON& Tower with Radar,79,25,20,9,133,0,6,45,6,57,79,31,65,15,190,16,10,26,216
06/27/2022,PWM,ME,ANE,EN,Combined TRACON& Tower with Radar,82,26,31,0,139,0,1,4,2,7,82,27,35,2,146,14,0,14,160
06/28/2022,PWM,ME,ANE,EN,Combined TRACON& Tower with Radar,77,22,37,2,138,0,6,59,0,65,77,28,96,2,203,26,0,26,229
06/29/2022,PWM,ME,ANE,EN,Combined TRACON& Tower with Radar,75,23,31,0,129,0,4,52,0,56,75,27,83,0,185,16,0,16,201
06/30/2022,PWM,ME,ANE,EN,Combined TRACON& Tower with Radar,82,42,27,2,153,0,6,58,0,64,82,48,85,2,217,42,0,42,259
07/01/2022,PWM,ME,ANE,EN,Combined TRACON& Tower with Radar,74,21,33,0,128,0,4,49,2,55,74,25,82,2,183,38,0,38,221
07/02/2022,PWM,ME,ANE,EN,Combined TRACON& Tower with Radar,73,22,18,0,113,0,4,7,0,11,73,26,25,0,124,4,0,4,128
07/03/2022,PWM,ME,ANE,EN,Combined TRACON& Tower with Radar,77,12,11,0,100,0,7,46,0,53,77,19,57,0,153,13,0,13,166
07/04/2022,PWM,ME,ANE,EN,Combined TRACON& Tower with Radar,77,12,13,0,102,0,5,27,0,32,77,17,40,0,134,19,0,19,153
07/05/2022,PWM,ME,ANE,EN,Combined TRACON& Tower with Radar,75,32,34,0,141,0,4,24,0,28,75,36,58,0,169,14,0,14,183
07/06/2022,PWM,ME,ANE,EN,Combined TRACON& Tower with Radar,75,22,23,10,130,0,3,24,8,35,75,25,47,18,165,22,14,36,201
07/07/2022,PWM,ME,ANE,EN,Combined TRACON& Tower with Radar,84,26,27,2,139,0,4,64,0,68,84,30,91,2,207,76,0,76,283
07/08/2022,PWM,ME,ANE,EN,Combined TRACON& Tower with Radar,78,19,31,0,128,0,2,39,0,41,78,21,70,0,169,52,0,52,221
07/09/2022,PWM,ME,ANE,EN,Combined TRACON& Tower with Radar,79,21,22,3,125,0,2,57,0,59,79,23,79,3,184,2,0,2,186
07/10/2022,PWM,ME,ANE,EN,Combined TRACON& Tower with Radar,79,24,28,1,132,0,8,60,0,68,79,32,88,1,200,0,0,0,200
07/11/2022,PWM,ME,ANE,EN,Combined TRACON& Tower with Radar,84,27,17,0,128,0,1,34,2,37,84,28,51,2,165,0,0,0,165
07/12/2022,PWM,ME,ANE,EN,Combined TRACON& Tower with Radar,76,34,16,1,127,1,2,13,0,16,77,36,29,1,143,4,0,4,147
07/13/2022,PWM,ME,ANE,EN,Combined TRACON& Tower with Radar,80,26,28,1,135,0,2,52,4,58,80,28,80,5,193,28,0,28,221
07/14/2022,PWM,ME,ANE,EN,Combined TRACON& Tower with Radar,84,28,32,0,144,0,3,30,0,33,84,31,62,0,177,0,0,0,177
07/15/2022,PWM,ME,ANE,EN,Combined TRACON& Tower with Radar,81,36,40,1,158,0,8,75,1,84,81,44,115,2,242,22,0,22,264
07/16/2022,PWM,ME,ANE,EN,Combined TRACON& Tower with Radar,81,39,36,2,158,0,1,64,0,65,81,40,100,2,223,18,0,18,241
07/17/2022,PWM,ME,ANE,EN,Combined TRACON& Tower with Radar,84,39,42,0,165,0,5,35,0,40,84,44,77,0,205,4,0,4,209
07/18/2022,PWM,ME,ANE,EN,Combined TRACON& Tower with Radar,74,36,26,0,136,0,4,6,0,10,74,40,32,0,146,4,0,4,150
07/19/2022,PWM,ME,ANE,EN,Combined TRACON& Tower with Radar,79,23,36,0,138,0,3,57,0,60,79,26,93,0,198,32,0,32,230
07/20/2022,PWM,ME,ANE,EN,Combined TRACON& Tower with Radar,78,28,32,3,141,0,5,38,0,43,78,33,70,3,184,0,0,0,184
07/21/2022,PWM,ME,ANE,EN,Combined TRACON& Tower with Radar,82,34,23,1,140,0,5,21,2,28,82,39,44,3,168,0,0,0,168
07/22/2022,PWM,ME,ANE,EN,Combined TRACON& Tower with Radar,83,36,31,0,150,0,5,49,0,54,83,41,80,0,204,16,0,16,220
07/23/2022,PWM,ME,ANE,EN,Combined TRACON& Tower with Radar,80,20,28,1,129,0,6,45,0,51,80,26,73,1,180,10,0,10,190
07/24/2022,PWM,ME,ANE,EN,Combined TRACON& Tower with Radar,77,26,34,6,143,0,3,21,1,25,77,29,55,7,168,0,0,0,168
07/25/2022,PWM,ME,ANE,EN,Combined TRACON& Tower with Radar,75,26,24,0,125,0,1,9,0,10,75,27,33,0,135,0,0,0,135
07/26/2022,PWM,ME,ANE,EN,Combined TRACON& Tower with Radar,78,31,26,6,141,0,5,57,5,67,78,36,83,11,208,0,0,0,208
07/27/2022,PWM,ME,ANE,EN,Combined TRACON& Tower with Radar,76,24,29,3,132,0,2,58,1,61,76,26,87,4,193,22,2,24,217
07/28/2022,PWM,ME,ANE,EN,Combined TRACON& Tower with Radar,78,33,30,0,141,0,7,39,0,46,78,40,69,0,187,8,0,8,195
07/29/2022,PWM,ME,ANE,EN,Combined TRACON& Tower with Radar,79,33,22,2,136,0,5,50,0,55,79,38,72,2,191,6,0,6,197
07/30/2022,PWM,ME,ANE,EN,Combined TRACON& Tower with Radar,81,36,28,2,147,0,9,50,0,59,81,45,78,2,206,2,0,2,208
07/31/2022,PWM,ME,ANE,EN,Combined TRACON& Tower with Radar,72,34,29,0,135,0,0,59,0,59,72,34,88,0,194,0,0,0,194
08/01/2022,PWM,ME,ANE,EN,Combined TRACON& Tower with Radar,83,26,26,0,135,0,2,39,2,43,83,28,65,2,178,6,0,6,184
08/02/2022,PWM,ME,ANE,EN,Combined TRACON& Tower with Radar,78,24,27,4,133,0,4,18,5,27,78,28,45,9,160,10,0,10,170
08/03/2022,PWM,ME,ANE,EN,Combined TRACON& Tower with Radar,74,23,34,5,136,0,4,92,3,99,74,27,126,8,235,14,0,14,249
08/04/2022,PWM,ME,ANE,EN,Combined TRACON& Tower with Radar,76,29,39,8,152,0,4,48,16,68,76,33,87,24,220,21,6,27,247
08/05/2022,PWM,ME,ANE,EN,Combined TRACON& Tower with Radar,73,38,34,4,149,0,4,34,6,44,73,42,68,10,193,8,0,8,201
08/06/2022,PWM,ME,ANE,EN,Combined TRACON& Tower with Radar,73,38,23,3,137,0,5,45,15,65,73,43,68,18,202,12,2,14,216
08/07/2022,PWM,ME,ANE,EN,Combined TRACON& Tower with Radar,69,30,38,1,138,1,8,34,0,43,70,38,72,1,181,14,0,14,195
08/08/2022,PWM,ME,ANE,EN,Combined TRACON& Tower with Radar,83,33,32,4,152,0,2,22,7,31,83,35,54,11,183,0,0,0,183
08/09/2022,PWM,ME,ANE,EN,Combined TRACON& Tower with Radar,75,43,25,4,147,0,1,7,0,8,75,44,32,4,155,10,0,10,165
08/10/2022,PWM,ME,ANE,EN,Combined TRACON& Tower with Radar,73,35,59,4,171,0,1,8,4,13,73,36,67,8,184,8,0,8,192
08/11/2022,PWM,ME,ANE,EN,Combined TRACON& Tower with Radar,81,52,45,0,178,0,3,16,4,23,81,55,61,4,201,0,0,0,201
08/12/2022,PWM,ME,ANE,EN,Combined TRACON& Tower with Radar,81,41,32,3,157,0,6,89,1,96,81,47,121,4,253,48,0,48,301
08/13/2022,PWM,ME,ANE,EN,Combined TRACON& Tower with Radar,80,38,34,2,154,0,5,64,0,69,80,43,98,2,223,16,0,16,239
08/14/2022,PWM,ME,ANE,EN,Combined TRACON& Tower with Radar,74,29,41,0,144,0,15,57,0,72,74,44,98,0,216,14,0,14,230
08/15/2022,PWM,ME,ANE,EN,Combined TRACON& Tower with Radar,77,34,31,0,142,0,0,53,0,53,77,34,84,0,195,22,0,22,217
08/16/2022,PWM,ME,ANE,EN,Combined TRACON& Tower with Radar,79,38,22,7,146,0,6,41,0,47,79,44,63,7,193,2,0,2,195
08/17/2022,PWM,ME,ANE,EN,Combined TRACON& Tower with Radar,74,40,21,2,137,0,0,7,0,7,74,40,28,2,144,0,0,0,144
08/18/2022,PWM,ME,ANE,EN,Combined TRACON& Tower with Radar,78,31,32,4,145,0,2,18,0,20,78,33,50,4,165,0,0,0,165
08/19/2022,PWM,ME,ANE,EN,Combined TRACON& Tower with Radar,84,29,28,11,152,0,6,69,0,75,84,35,97,11,227,38,10,48,275
08/20/2022,PWM,ME,ANE,EN,Combined TRACON& Tower with Radar,77,32,23,2,134,0,6,50,3,59,77,38,73,5,193,6,0,6,199
08/21/2022,PWM,ME,ANE,EN,Combined TRACON& Tower with Radar,75,22,34,1,132,0,3,62,0,65,75,25,96,1,197,0,2,2,199
08/22/2022,PWM,ME,ANE,EN,Combined TRACON& Tower with Radar,74,17,34,2,127,0,0,2,0,2,74,17,36,2,129,0,2,2,131
08/23/2022,PWM,ME,ANE,EN,Combined TRACON& Tower with Radar,72,24,27,2,125,0,0,19,0,19,72,24,46,2,144,0,0,0,144
08/24/2022,PWM,ME,ANE,EN,Combined TRACON& Tower with Radar,79,25,30,0,134,0,2,16,0,18,79,27,46,0,152,0,0,0,152
08/25/2022,PWM,ME,ANE,EN,Combined TRACON& Tower with Radar,79,41,37,12,169,0,1,51,1,53,79,42,88,13,222,2,10,12,234
08/26/2022,PWM,ME,ANE,EN,Combined TRACON& Tower with Radar,82,27,45,4,158,0,0,11,0,11,82,27,56,4,169,0,0,0,169
08/27/2022,PWM,ME,ANE,EN,Combined TRACON& Tower with Radar,72,41,29,3,145,0,2,27,0,29,72,43,56,3,174,0,0,0,174
08/28/2022,PWM,ME,ANE,EN,Combined TRACON& Tower with Radar,78,27,50,0,155,0,6,39,1,46,78,33,89,1,201,20,0,20,221
08/29/2022,PWM,ME,ANE,EN,Combined TRACON& Tower with Radar,79,21,29,2,131,0,3,35,0,38,79,24,64,2,169,0,0,0,169
08/30/2022,PWM,ME,ANE,EN,Combined TRACON& Tower with Radar,76,26,21,2,125,0,1,17,2,20,76,27,38,4,145,0,0,0,145
08/31/2022,PWM,ME,ANE,EN,Combined TRACON& Tower with Radar,77,27,22,11,137,0,2,16,6,24,77,29,38,17,161,0,0,0,161
09/01/2022,PWM,ME,ANE,EN,Combined TRACON& Tower with Radar,82,28,22,4,136,0,5,37,2,44,82,33,59,6,180,18,0,18,198
09/02/2022,PWM,ME,ANE,EN,Combined TRACON& Tower with Radar,83,26,38,0,147,0,7,68,1,76,83,33,106,1,223,0,0,0,223
09/03/2022,PWM,ME,ANE,EN,Combined TRACON& Tower with Radar,73,18,17,0,108,0,7,63,0,70,73,25,80,0,178,0,0,0,178
09/04/2022,PWM,ME,ANE,EN,Combined TRACON& Tower with Radar,79,24,12,2,117,0,6,40,0,46,79,30,52,2,163,8,0,8,171
09/05/2022,PWM,ME,ANE,EN,Combined TRACON& Tower with Radar,85,20,27,0,132,0,0,0,0,0,85,20,27,0,132,0,0,0,132
09/06/2022,PWM,ME,ANE,EN,Combined TRACON& Tower with Radar,80,19,23,2,124,0,0,0,0,0,80,19,23,2,124,0,0,0,124
09/07/2022,PWM,ME,ANE,EN,Combined TRACON& Tower with Radar,80,23,40,0,143,0,9,29,0,38,80,32,69,0,181,0,0,0,181
09/08/2022,PWM,ME,ANE,EN,Combined TRACON& Tower with Radar,79,27,39,2,147,0,4,50,2,56,79,31,89,4,203,12,0,12,215
09/09/2022,PWM,ME,ANE,EN,Combined TRACON& Tower with Radar,79,15,21,4,119,0,10,60,0,70,79,25,81,4,189,22,0,22,211
09/10/2022,PWM,ME,ANE,EN,Combined TRACON& Tower with Radar,78,16,25,0,119,0,8,55,1,64,78,24,80,1,183,42,0,42,225
09/11/2022,PWM,ME,ANE,EN,Combined TRACON& Tower with Radar,78,21,25,2,126,0,6,47,0,53,78,27,72,2,179,27,0,27,206
09/12/2022,PWM,ME,ANE,EN,Combined TRACON& Tower with Radar,77,27,26,0,130,0,4,25,0,29,77,31,51,0,159,4,0,4,163
09/13/2022,PWM,ME,ANE,EN,Combined TRACON& Tower with Radar,75,15,20,0,110,0,0,0,0,0,75,15,20,0,110,0,0,0,110
09/14/2022,PWM,ME,ANE,EN,Combined TRACON& Tower with Radar,75,20,16,2,113,0,3,40,3,46,75,23,56,5,159,0,4,4,163
09/15/2022,PWM,ME,ANE,EN,Combined TRACON& Tower with Radar,78,38,27,3,146,0,3,33,3,39,78,41,60,6,185,0,0,0,185
09/16/2022,PWM,ME,ANE,EN,Combined TRACON& Tower with Radar,78,22,22,0,122,0,5,38,0,43,78,27,60,0,165,16,0,16,181
09/17/2022,PWM,ME,ANE,EN,Combined TRACON& Tower with Radar,73,21,23,0,117,0,5,47,0,52,73,26,70,0,169,0,0,0,169
09/18/2022,PWM,ME,ANE,EN,Combined TRACON& Tower with Radar,74,19,31,3,127,0,1,21,1,23,74,20,52,4,150,4,0,4,154
09/19/2022,PWM,ME,ANE,EN,Combined TRACON& Tower with Radar,75,20,30,1,126,0,0,0,0,0,75,20,30,1,126,0,0,0,126
09/20/2022,PWM,ME,ANE,EN,Combined TRACON& Tower with Radar,73,9,29,0,111,0,1,2,0,3,73,10,31,0,114,0,0,0,114
09/21/2022,PWM,ME,ANE,EN,Combined TRACON& Tower with Radar,71,16,35,0,122,0,5,36,0,41,71,21,71,0,163,24,0,24,187
09/22/2022,PWM,ME,ANE,EN,Combined TRACON& Tower with Radar,67,25,21,0,113,0,0,3,0,3,67,25,24,0,116,17,0,17,133
09/23/2022,PWM,ME,ANE,EN,Combined TRACON& Tower with Radar,75,26,20,3,124,0,3,18,1,22,75,29,38,4,146,14,0,14,160
09/24/2022,PWM,ME,ANE,EN,Combined TRACON& Tower with Radar,73,15,15,0,103,0,2,19,0,21,73,17,34,0,124,18,0,18,142
09/25/2022,PWM,ME,ANE,EN,Combined TRACON& Tower with Radar,74,15,30,0,119,0,0,34,0,34,74,15,64,0,153,18,0,18,171
09/26/2022,PWM,ME,ANE,EN,Combined TRACON& Tower with Radar,78,16,15,2,111,0,2,16,0,18,78,18,31,2,129,0,0,0,129
09/27/2022,PWM,ME,ANE,EN,Combined TRACON& Tower with Radar,76,18,31,3,128,0,8,34,0,42,76,26,65,3,170,10,0,10,180
09/28/2022,PWM,ME,ANE,EN,Combined TRACON& Tower with Radar,75,14,19,5,113,0,0,45,2,47,75,14,64,7,160,34,0,34,194
09/29/2022,PWM,ME,ANE,EN,Combined TRACON& Tower with Radar,80,33,40,10,163,0,3,37,2,42,80,36,77,12,205,10,2,12,217
09/30/2022,PWM,ME,ANE,EN,Combined TRACON& Tower with Radar,78,21,39,1,139,0,2,60,0,62,78,23,99,1,201,45,0,45,246
10/01/2022,PWM,ME,ANE,EN,Combined TRACON& Tower with Radar,72,22,24,2,120,0,5,42,0,47,72,27,66,2,167,32,0,32,199
10/02/2022,PWM,ME,ANE,EN,Combined TRACON& Tower with Radar,75,15,23,3,116,0,1,12,1,14,75,16,35,4,130,0,0,0,130
10/03/2022,PWM,ME,ANE,EN,Combined TRACON& Tower with Radar,78,12,21,4,115,0,2,33,0,35,78,14,54,4,150,8,0,8,158
10/04/2022,PWM,ME,ANE,EN,Combined TRACON& Tower with Radar,69,18,24,5,116,0,3,22,0,25,69,21,46,5,141,0,0,0,141
10/05/2022,PWM,ME,ANE,EN,Combined TRACON& Tower with Radar,73,23,22,2,120,0,0,0,0,0,73,23,22,2,120,0,0,0,120
10/06/2022,PWM,ME,ANE,EN,Combined TRACON& Tower with Radar,73,24,40,0,137,0,5,54,0,59,73,29,94,0,196,22,0,22,218
10/07/2022,PWM,ME,ANE,EN,Combined TRACON& Tower with Radar,71,22,33,0,126,0,7,34,0,41,71,29,67,0,167,0,0,0,167
10/08/2022,PWM,ME,ANE,EN,Combined TRACON& Tower with Radar,65,13,16,0,94,0,11,38,0,49,65,24,54,0,143,0,0,0,143
10/09/2022,PWM,ME,ANE,EN,Combined TRACON& Tower with Radar,70,19,15,0,104,0,1,31,0,32,70,20,46,0,136,10,0,10,146
10/10/2022,PWM,ME,ANE,EN,Combined TRACON& Tower with Radar,72,18,23,0,113,0,1,32,0,33,72,19,55,0,146,10,0,10,156
10/11/2022,PWM,ME,ANE,EN,Combined TRACON& Tower with Radar,69,18,25,0,112,0,3,27,0,30,69,21,52,0,142,6,0,6,148
10/12/2022,PWM,ME,ANE,EN,Combined TRACON& Tower with Radar,70,25,25,2,122,0,4,44,4,52,70,29,69,6,174,8,0,8,182
10/13/2022,PWM,ME,ANE,EN,Combined TRACON& Tower with Radar,66,21,21,0,108,0,2,11,0,13,66,23,32,0,121,16,0,16,137
10/14/2022,PWM,ME,ANE,EN,Combined TRACON& Tower with Radar,74,22,15,1,112,0,0,0,0,0,74,22,15,1,112,0,0,0,112
10/15/2022,PWM,ME,ANE,EN,Combined TRACON& Tower with Radar,62,20,24,0,106,0,2,51,2,55,62,22,75,2,161,46,0,46,207
10/16/2022,PWM,ME,ANE,EN,Combined TRACON& Tower with Radar,71,24,22,0,117,0,1,39,0,40,71,25,61,0,157,8,0,8,165
10/17/2022,PWM,ME,ANE,EN,Combined TRACON& Tower with Radar,70,23,23,2,118,0,0,0,0,0,70,23,23,2,118,0,0,0,118
10/18/2022,PWM,ME,ANE,EN,Combined TRACON& Tower with Radar,68,16,28,0,112,0,0,5,0,5,68,16,33,0,117,4,0,4,121
10/19/2022,PWM,ME,ANE,EN,Combined TRACON& Tower with Radar,70,25,32,1,128,0,3,34,4,41,70,28,66,5,169,12,0,12,181
10/20/2022,PWM,ME,ANE,EN,Combined TRACON& Tower with Radar,70,26,19,1,116,0,1,45,0,46,70,27,64,1,162,0,0,0,162
10/21/2022,PWM,ME,ANE,EN,Combined TRACON& Tower with Radar,74,20,11,0,105,0,7,46,0,53,74,27,57,0,158,2,0,2,160
10/22/2022,PWM,ME,ANE,EN,Combined TRACON& Tower with Radar,64,17,14,0,95,0,0,44,0,44,64,17,58,0,139,10,0,10,149
10/23/2022,PWM,ME,ANE,EN,Combined TRACON& Tower with Radar,76,13,22,0,111,0,5,39,0,44,76,18,61,0,155,6,0,6,161
10/24/2022,PWM,ME,ANE,EN,Combined TRACON& Tower with Radar,68,19,16,0,103,0,0,0,0,0,68,19,16,0,103,0,0,0,103
10/25/2022,PWM,ME,ANE,EN,Combined TRACON& Tower with Radar,61,12,17,0,90,0,0,0,0,0,61,12,17,0,90,0,0,0,90
10/26/2022,PWM,ME,ANE,EN,Combined TRACON& Tower with Radar,68,13,7,0,88,0,0,0,0,0,68,13,7,0,88,0,0,0,88
10/27/2022,PWM,ME,ANE,EN,Combined TRACON& Tower with Radar,71,14,22,3,110,0,0,21,3,24,71,14,43,6,134,0,0,0,134
10/28/2022,PWM,ME,ANE,EN,Combined TRACON& Tower with Radar,71,18,16,4,109,0,2,42,2,46,71,20,58,6,155,8,0,8,163
10/29/2022,PWM,ME,ANE,EN,Combined TRACON& Tower with Radar,53,19,11,0,83,0,8,72,1,81,53,27,83,1,164,22,0,22,186
10/30/2022,PWM,ME,ANE,EN,Combined TRACON& Tower with Radar,71,12,10,2,95,0,5,40,0,45,71,17,50,2,140,14,0,14,154
10/31/2022,PWM,ME,ANE,EN,Combined TRACON& Tower with Radar,64,14,19,14,111,0,10,16,2,28,64,24,35,16,139,12,0,12,151
11/01/2022,PWM,ME,ANE,EN,Combined TRACON& Tower with Radar,66,19,16,2,103,0,0,12,0,12,66,19,28,2,115,0,0,0,115
11/02/2022,PWM,ME,ANE,EN,Combined TRACON& Tower with Radar,72,9,18,2,101,0,2,34,2,38,72,11,52,4,139,0,0,0,139
11/03/2022,PWM,ME,ANE,EN,Combined TRACON& Tower with Radar,65,20,13,2,100,0,1,33,3,37,65,21,46,5,137,40,0,40,177
11/04/2022,PWM,ME,ANE,EN,Combined TRACON& Tower with Radar,54,16,14,3,87,0,0,48,5,53,54,16,62,8,140,46,0,46,186
11/05/2022,PWM,ME,ANE,EN,Combined TRACON& Tower with Radar,51,20,15,1,87,0,5,27,0,32,51,25,42,1,119,0,2,2,121
11/06/2022,PWM,ME,ANE,EN,Combined TRACON& Tower with Radar,53,6,18,0,77,0,5,13,2,20,53,11,31,2,97,0,0,0,97
11/07/2022,PWM,ME,ANE,EN,Combined TRACON& Tower with Radar,61,8,11,0,80,0,10,19,0,29,61,18,30,0,109,0,0,0,109
11/08/2022,PWM,ME,ANE,EN,Combined TRACON& Tower with Radar,57,13,19,4,93,0,5,17,0,22,57,18,36,4,115,2,2,4,119
11/09/2022,PWM,ME,ANE,EN,Combined TRACON& Tower with Radar,61,11,17,0,89,0,4,44,9,57,61,15,61,9,146,0,0,0,146
11/10/2022,PWM,ME,ANE,EN,Combined TRACON& Tower with Radar,56,13,20,1,90,0,2,29,2,33,56,15,49,3,123,22,0,22,145
11/11/2022,PWM,ME,ANE,EN,Combined TRACON& Tower with Radar,55,8,10,1,74,0,0,18,0,18,55,8,28,1,92,0,0,0,92
11/12/2022,PWM,ME,ANE,EN,Combined TRACON& Tower with Radar,53,9,1,0,63,0,2,8,0,10,53,11,9,0,73,2,0,2,75
11/13/2022,PWM,ME,ANE,EN,Combined TRACON& Tower with Radar,54,11,15,0,80,0,0,0,0,0,54,11,15,0,80,0,0,0,80
11/14/2022,PWM,ME,ANE,EN,Combined TRACON& Tower with Radar,59,9,15,0,83,0,6,19,0,25,59,15,34,0,108,0,0,0,108
11/15/2022,PWM,ME,ANE,EN,Combined TRACON& Tower with Radar,59,6,18,2,85,0,3,26,14,43,59,9,44,16,128,10,12,22,150
11/16/2022,PWM,ME,ANE,EN,Combined TRACON& Tower with Radar,61,22,12,0,95,0,1,1,0,2,61,23,13,0,97,0,0,0,97
11/17/2022,PWM,ME,ANE,EN,Combined TRACON& Tower with Radar,59,13,20,2,94,0,4,17,1,22,59,17,37,3,116,0,0,0,116
11/18/2022,PWM,ME,ANE,EN,Combined TRACON& Tower with Radar,60,25,11,1,97,0,3,42,0,45,60,28,53,1,142,14,0,14,156
11/19/2022,PWM,ME,ANE,EN,Combined TRACON& Tower with Radar,51,8,19,0,78,0,11,59,0,70,51,19,78,0,148,18,0,18,166
11/20/2022,PWM,ME,ANE,EN,Combined TRACON& Tower with Radar,54,9,11,0,74,0,2,7,0,9,54,11,18,0,83,0,0,0,83
11/21/2022,PWM,ME,ANE,EN,Combined TRACON& Tower with Radar,59,9,12,1,81,0,3,23,0,26,59,12,35,1,107,6,0,6,113
11/22/2022,PWM,ME,ANE,EN,Combined TRACON& Tower with Radar,57,26,21,2,106,0,4,58,0,62,57,30,79,2,168,10,0,10,178
11/23/2022,PWM,ME,ANE,EN,Combined TRACON& Tower with Radar,58,15,21,2,96,0,7,47,2,56,58,22,68,4,152,26,0,26,178
11/24/2022,PWM,ME,ANE,EN,Combined TRACON& Tower with Radar,27,2,3,0,32,0,1,17,0,18,27,3,20,0,50,0,0,0,50
11/25/2022,PWM,ME,ANE,EN,Combined TRACON& Tower with Radar,45,21,6,0,72,0,2,10,0,12,45,23,16,0,84,12,0,12,96
11/26/2022,PWM,ME,ANE,EN,Combined TRACON& Tower with Radar,53,16,12,0,81,0,4,34,0,38,53,20,46,0,119,0,0,0,119
11/27/2022,PWM,ME,ANE,EN,Combined TRACON& Tower with Radar,52,17,23,0,92,0,5,30,0,35,52,22,53,0,127,20,0,20,147
11/28/2022,PWM,ME,ANE,EN,Combined TRACON& Tower with Radar,59,12,8,2,81,0,1,16,1,18,59,13,24,3,99,0,0,0,99
11/29/2022,PWM,ME,ANE,EN,Combined TRACON& Tower with Radar,58,7,18,7,90,0,3,51,3,57,58,10,69,10,147,0,0,0,147
11/30/2022,PWM,ME,ANE,EN,Combined TRACON& Tower with Radar,48,14,12,0,74,0,0,0,0,0,48,14,12,0,74,0,0,0,74
12/01/2022,PWM,ME,ANE,EN,Combined TRACON& Tower with Radar,55,21,17,0,93,0,8,2,0,10,55,29,19,0,103,0,0,0,103
12/02/2022,PWM,ME,ANE,EN,Combined TRACON& Tower with Radar,57,20,23,0,100,0,4,54,2,60,57,24,77,2,160,28,0,28,188
12/03/2022,PWM,ME,ANE,EN,Combined TRACON& Tower with Radar,43,19,4,0,66,0,0,0,0,0,43,19,4,0,66,0,0,0,66
12/04/2022,PWM,ME,ANE,EN,Combined TRACON& Tower with Radar,45,23,20,2,90,0,8,58,0,66,45,31,78,2,156,22,0,22,178
12/05/2022,PWM,ME,ANE,EN,Combined TRACON& Tower with Radar,57,19,19,0,95,0,5,36,0,41,57,24,55,0,136,0,0,0,136
12/06/2022,PWM,ME,ANE,EN,Combined TRACON& Tower with Radar,55,21,21,2,99,0,4,6,2,12,55,25,27,4,111,0,0,0,111
12/07/2022,PWM,ME,ANE,EN,Combined TRACON& Tower with Radar,56,11,12,0,79,0,0,0,0,0,56,11,12,0,79,0,0,0,79
12/08/2022,PWM,ME,ANE,EN,Combined TRACON& Tower with Radar,51,15,19,1,86,0,5,45,4,54,51,20,64,5,140,20,0,20,160
12/09/2022,PWM,ME,ANE,EN,Combined TRACON& Tower with Radar,54,22,18,0,94,0,3,36,0,39,54,25,54,0,133,0,0,0,133
12/10/2022,PWM,ME,ANE,EN,Combined TRACON& Tower with Radar,43,18,14,0,75,0,1,19,0,20,43,19,33,0,95,0,0,0,95
12/11/2022,PWM,ME,ANE,EN,Combined TRACON& Tower with Radar,45,7,7,0,59,0,4,14,0,18,45,11,21,0,77,12,0,12,89
12/12/2022,PWM,ME,ANE,EN,Combined TRACON& Tower with Radar,54,14,17,0,85,0,8,25,2,35,54,22,42,2,120,4,0,4,124
12/13/2022,PWM,ME,ANE,EN,Combined TRACON& Tower with Radar,50,19,13,2,84,0,1,24,0,25,50,20,37,2,109,12,0,12,121
12/14/2022,PWM,ME,ANE,EN,Combined TRACON& Tower with Radar,54,20,10,0,84,0,5,8,2,15,54,25,18,2,99,0,0,0,99
12/15/2022,PWM,ME,ANE,EN,Combined TRACON& Tower with Radar,49,19,20,0,88,0,0,8,0,8,49,19,28,0,96,0,0,0,96
12/16/2022,PWM,ME,ANE,EN,Combined TRACON& Tower with Radar,52,10,9,0,71,0,0,0,0,0,52,10,9,0,71,0,0,0,71
12/17/2022,PWM,ME,ANE,EN,Combined TRACON& Tower with Radar,52,17,8,0,77,0,0,0,0,0,52,17,8,0,77,0,0,0,77
12/18/2022,PWM,ME,ANE,EN,Combined TRACON& Tower with Radar,47,11,17,0,75,0,3,19,0,22,47,14,36,0,97,12,0,12,109
12/19/2022,PWM,ME,ANE,EN,Combined TRACON& Tower with Radar,53,14,6,0,73,0,4,18,0,22,53,18,24,0,95,12,0,12,107
12/20/2022,PWM,ME,ANE,EN,Combined TRACON& Tower with Radar,55,24,16,1,96,0,6,34,0,40,55,30,50,1,136,38,0,38,174
12/21/2022,PWM,ME,ANE,EN,Combined TRACON& Tower with Radar,57,24,29,3,113,0,8,70,3,81,57,32,99,6,194,4,4,8,202
12/22/2022,PWM,ME,ANE,EN,Combined TRACON& Tower with Radar,52,18,18,0,88,0,8,24,0,32,52,26,42,0,120,25,0,25,145
12/23/2022,PWM,ME,ANE,EN,Combined TRACON& Tower with Radar,26,1,0,0,27,0,0,0,0,0,26,1,0,0,27,0,0,0,27
12/24/2022,PWM,ME,ANE,EN,Combined TRACON& Tower with Radar,22,18,3,0,43,0,4,10,1,15,22,22,13,1,58,0,0,0,58
12/25/2022,PWM,ME,ANE,EN,Combined TRACON& Tower with Radar,26,3,0,0,29,0,3,0,0,3,26,6,0,0,32,0,0,0,32
12/26/2022,PWM,ME,ANE,EN,Combined TRACON& Tower with Radar,33,9,9,0,51,0,3,29,0,32,33,12,38,0,83,12,0,12,95
12/27/2022,PWM,ME,ANE,EN,Combined TRACON& Tower with Radar,32,12,14,1,59,0,2,39,0,41,32,14,53,1,100,10,0,10,110
12/28/2022,PWM,ME,ANE,EN,Combined TRACON& Tower with Radar,36,15,9,2,62,0,1,32,0,33,36,16,41,2,95,16,0,16,111
12/29/2022,PWM,ME,ANE,EN,Combined TRACON& Tower with Radar,37,20,16,0,73,0,7,46,0,53,37,27,62,0,126,36,0,36,162
12/30/2022,PWM,ME,ANE,EN,Combined TRACON& Tower with Radar,39,16,11,0,66,0,0,49,0,49,39,16,60,0,115,30,0,30,145
12/31/2022,PWM,ME,ANE,EN,Combined TRACON& Tower with Radar,40,9,3,0,52,0,0,21,0,21,40,9,24,0,73,26,0,26,99
01/01/2023,PWM,ME,ANE,EN,Combined TRACON& Tower with Radar,32,12,8,0,52,0,3,13,0,16,32,15,21,0,68,0,0,0,68
01/02/2023,PWM,ME,ANE,EN,Combined TRACON& Tower with Radar,35,14,30,0,79,0,5,44,0,49,35,19,74,0,128,16,0,16,144
01/03/2023,PWM,ME,ANE,EN,Combined TRACON& Tower with Radar,32,8,5,0,45,0,0,6,0,6,32,8,11,0,51,4,0,4,55
01/04/2023,PWM,ME,ANE,EN,Combined TRACON& Tower with Radar,32,19,12,0,63,0,0,2,0,2,32,19,14,0,65,0,0,0,65
01/05/2023,PWM,ME,ANE,EN,Combined TRACON& Tower with Radar,36,15,4,0,55,0,0,0,0,0,36,15,4,0,55,0,0,0,55
01/06/2023,PWM,ME,ANE,EN,Combined TRACON& Tower with Radar,37,20,8,0,65,0,0,0,0,0,37,20,8,0,65,0,0,0,65
01/07/2023,PWM,ME,ANE,EN,Combined TRACON& Tower with Radar,40,23,4,0,67,0,1,10,0,11,40,24,14,0,78,6,0,6,84
01/08/2023,PWM,ME,ANE,EN,Combined TRACON& Tower with Radar,48,11,14,0,73,0,2,54,0,56,48,13,68,0,129,11,0,11,140
01/09/2023,PWM,ME,ANE,EN,Combined TRACON& Tower with Radar,46,15,13,4,78,0,3,34,0,37,46,18,47,4,115,36,0,36,151
01/10/2023,PWM,ME,ANE,EN,Combined TRACON& Tower with Radar,48,18,7,0,73,0,5,35,0,40,48,23,42,0,113,32,0,32,145
01/11/2023,PWM,ME,ANE,EN,Combined TRACON& Tower with Radar,41,17,17,2,77,0,12,41,2,55,41,29,58,4,132,4,0,4,136
01/12/2023,PWM,ME,ANE,EN,Combined TRACON& Tower with Radar,43,19,10,0,72,0,0,0,0,0,43,19,10,0,72,0,0,0,72
01/13/2023,PWM,ME,ANE,EN,Combined TRACON& Tower with Radar,46,17,11,0,74,0,0,0,0,0,46,17,11,0,74,0,0,0,74
01/14/2023,PWM,ME,ANE,EN,Combined TRACON& Tower with Radar,41,18,4,0,63,0,0,0,0,0,41,18,4,0,63,0,0,0,63
01/15/2023,PWM,ME,ANE,EN,Combined TRACON& Tower with Radar,41,14,8,0,63,0,8,1,0,9,41,22,9,0,72,0,0,0,72
01/16/2023,PWM,ME,ANE,EN,Combined TRACON& Tower with Radar,46,9,5,0,60,0,0,0,0,0,46,9,5,0,60,0,0,0,60
01/17/2023,PWM,ME,ANE,EN,Combined TRACON& Tower with Radar,47,20,14,3,84,0,6,22,2,30,47,26,36,5,114,2,0,2,116
01/18/2023,PWM,ME,ANE,EN,Combined TRACON& Tower with Radar,48,22,16,1,87,0,6,37,5,48,48,28,53,6,135,42,0,42,177
01/19/2023,PWM,ME,ANE,EN,Combined TRACON& Tower with Radar,45,27,28,5,105,0,1,29,1,31,45,28,57,6,136,12,0,12,148
01/20/2023,PWM,ME,ANE,EN,Combined TRACON& Tower with Radar,50,21,8,0,79,0,0,0,0,0,50,21,8,0,79,0,0,0,79
01/21/2023,PWM,ME,ANE,EN,Combined TRACON& Tower with Radar,43,17,10,0,70,0,3,18,0,21,43,20,28,0,91,20,0,20,111
01/22/2023,PWM,ME,ANE,EN,Combined TRACON& Tower with Radar,43,11,11,0,65,0,4,12,0,16,43,15,23,0,81,50,0,50,131
01/23/2023,PWM,ME,ANE,EN,Combined TRACON& Tower with Radar,31,11,2,0,44,0,0,0,0,0,31,11,2,0,44,0,0,0,44
01/24/2023,PWM,ME,ANE,EN,Combined TRACON& Tower with Radar,49,32,15,0,96,0,5,8,0,13,49,37,23,0,109,0,0,0,109
01/25/2023,PWM,ME,ANE,EN,Combined TRACON& Tower with Radar,46,15,16,0,77,0,0,23,0,23,46,15,39,0,100,0,0,0,100
01/26/2023,PWM,ME,ANE,EN,Combined TRACON& Tower with Radar,45,23,5,0,73,0,1,4,4,9,45,24,9,4,82,0,0,0,82
01/27/2023,PWM,ME,ANE,EN,Combined TRACON& Tower with Radar,48,19,25,4,96,0,4,61,6,71,48,23,86,10,167,4,0,4,171
01/28/2023,PWM,ME,ANE,EN,Combined TRACON& Tower with Radar,43,14,14,2,73,0,5,25,0,30,43,19,39,2,103,8,0,8,111
01/29/2023,PWM,ME,ANE,EN,Combined TRACON& Tower with Radar,43,13,8,1,65,0,1,27,0,28,43,14,35,1,93,18,0,18,111
01/30/2023,PWM,ME,ANE,EN,Combined TRACON& Tower with Radar,44,19,13,1,77,0,1,24,0,25,44,20,37,1,102,14,0,14,116
01/31/2023,PWM,ME,ANE,EN,Combined TRACON& Tower with Radar,45,11,19,3,78,0,5,14,0,19,45,16,33,3,97,0,0,0,97
02/01/2023,PWM,ME,ANE,EN,Combined TRACON& Tower with Radar,42,25,18,0,85,1,2,38,2,43,43,27,56,2,128,44,0,44,172
02/02/2023,PWM,ME,ANE,EN,Combined TRACON& Tower with Radar,44,24,22,0,90,0,2,26,1,29,44,26,48,1,119,13,0,13,132
02/03/2023,PWM,ME,ANE,EN,Combined TRACON& Tower with Radar,44,25,3,6,78,0,4,2,0,6,44,29,5,6,84,1,0,1,85
02/04/2023,PWM,ME,ANE,EN,Combined TRACON& Tower with Radar,42,14,1,1,58,0,5,0,1,6,42,19,1,2,64,0,0,0,64
02/05/2023,PWM,ME,ANE,EN,Combined TRACON& Tower with Radar,44,11,4,2,61,0,4,12,0,16,44,15,16,2,77,8,0,8,85
02/06/2023,PWM,ME,ANE,EN,Combined TRACON& Tower with Radar,44,16,20,0,80,0,4,20,0,24,44,20,40,0,104,4,0,4,108
02/07/2023,PWM,ME,ANE,EN,Combined TRACON& Tower with Radar,46,22,12,4,84,0,2,31,4,37,46,24,43,8,121,12,4,16,137
02/08/2023,PWM,ME,ANE,EN,Combined TRACON& Tower with Radar,51,20,10,2,83,0,7,31,6,44,51,27,41,8,127,0,4,4,131
02/09/2023,PWM,ME,ANE,EN,Combined TRACON& Tower with Radar,47,19,19,2,87,0,1,7,0,8,47,20,26,2,95,0,0,0,95
02/10/2023,PWM,ME,ANE,EN,Combined TRACON& Tower with Radar,47,29,12,0,88,0,5,1,0,6,47,34,13,0,94,0,0,0,94
02/11/2023,PWM,ME,ANE,EN,Combined TRACON& Tower with Radar,40,16,11,0,67,0,8,16,0,24,40,24,27,0,91,26,0,26,117
02/12/2023,PWM,ME,ANE,EN,Combined TRACON& Tower with Radar,45,13,14,0,72,0,4,56,0,60,45,17,70,0,132,12,0,12,144
02/13/2023,PWM,ME,ANE,EN,Combined TRACON& Tower with Radar,47,27,18,0,92,0,5,11,0,16,47,32,29,0,108,0,0,0,108
02/14/2023,PWM,ME,ANE,EN,Combined TRACON& Tower with Radar,50,23,7,0,80,0,2,13,0,15,50,25,20,0,95,0,0,0,95
02/15/2023,PWM,ME,ANE,EN,Combined TRACON& Tower with Radar,53,25,11,0,89,0,2,16,0,18,53,27,27,0,107,30,0,30,137
02/16/2023,PWM,ME,ANE,EN,Combined TRACON& Tower with Radar,48,18,18,2,86,0,0,15,0,15,48,18,33,2,101,0,0,0,101
02/17/2023,PWM,ME,ANE,EN,Combined TRACON& Tower with Radar,47,27,5,1,80,0,0,1,0,1,47,27,6,1,81,0,0,0,81
02/18/2023,PWM,ME,ANE,EN,Combined TRACON& Tower with Radar,41,23,14,1,79,0,10,45,0,55,41,33,59,1,134,12,0,12,146
02/19/2023,PWM,ME,ANE,EN,Combined TRACON& Tower with Radar,43,14,16,0,73,0,4,44,0,48,43,18,60,0,121,15,0,15,136
02/20/2023,PWM,ME,ANE,EN,Combined TRACON& Tower with Radar,47,17,10,0,74,0,6,16,0,22,47,23,26,0,96,10,0,10,106
02/21/2023,PWM,ME,ANE,EN,Combined TRACON& Tower with Radar,49,34,13,2,98,0,6,9,0,15,49,40,22,2,113,2,0,2,115
02/22/2023,PWM,ME,ANE,EN,Combined TRACON& Tower with Radar,52,18,19,3,92,0,1,19,3,23,52,19,38,6,115,2,0,2,117
02/23/2023,PWM,ME,ANE,EN,Combined TRACON& Tower with Radar,49,21,4,0,74,0,0,0,0,0,49,21,4,0,74,0,0,0,74
02/24/2023,PWM,ME,ANE,EN,Combined TRACON& Tower with Radar,51,25,5,0,81,0,5,4,1,10,51,30,9,1,91,0,0,0,91
02/25/2023,PWM,ME,ANE,EN,Combined TRACON& Tower with Radar,40,17,9,0,66,0,3,12,0,15,40,20,21,0,81,8,0,8,89
02/26/2023,PWM,ME,ANE,EN,Combined TRACON& Tower with Radar,44,20,9,0,73,0,0,1,0,1,44,20,10,0,74,0,0,0,74
02/27/2023,PWM,ME,ANE,EN,Combined TRACON& Tower with Radar,46,19,31,5,101,0,3,33,0,36,46,22,64,5,137,18,0,18,155
02/28/2023,PWM,ME,ANE,EN,Combined TRACON& Tower with Radar,47,15,2,0,64,0,0,0,0,0,47,15,2,0,64,0,0,0,64
03/01/2023,PWM,ME,ANE,EN,Combined TRACON& Tower with Radar,54,21,23,4,102,0,3,18,8,29,54,24,41,12,131,10,10,20,151
03/02/2023,PWM,ME,ANE,EN,Combined TRACON& Tower with Radar,48,24,11,0,83,0,0,0,0,0,48,24,11,0,83,0,0,0,83
03/03/2023,PWM,ME,ANE,EN,Combined TRACON& Tower with Radar,48,18,14,0,80,0,4,34,0,38,48,22,48,0,118,0,0,0,118
03/04/2023,PWM,ME,ANE,EN,Combined TRACON& Tower with Radar,17,6,3,0,26,0,0,0,0,0,17,6,3,0,26,0,0,0,26
03/05/2023,PWM,ME,ANE,EN,Combined TRACON& Tower with Radar,43,12,9,0,64,0,4,32,0,36,43,16,41,0,100,16,0,16,116
03/06/2023,PWM,ME,ANE,EN,Combined TRACON& Tower with Radar,49,12,12,4,77,0,3,14,0,17,49,15,26,4,94,16,0,16,110
03/07/2023,PWM,ME,ANE,EN,Combined TRACON& Tower with Radar,49,25,10,1,85,0,0,15,1,16,49,25,25,2,101,0,0,0,101
03/08/2023,PWM,ME,ANE,EN,Combined TRACON& Tower with Radar,52,24,14,0,90,0,5,8,0,13,52,29,22,0,103,4,0,4,107
03/09/2023,PWM,ME,ANE,EN,Combined TRACON& Tower with Radar,48,24,13,0,85,0,0,19,0,19,48,24,32,0,104,26,12,38,142
03/10/2023,PWM,ME,ANE,EN,Combined TRACON& Tower with Radar,50,24,12,0,86,0,4,61,0,65,50,28,73,0,151,46,0,46,197
03/11/2023,PWM,ME,ANE,EN,Combined TRACON& Tower with Radar,42,16,3,0,61,0,4,19,0,23,42,20,22,0,84,16,0,16,100
03/12/2023,PWM,ME,ANE,EN,Combined TRACON& Tower with Radar,46,13,10,0,69,0,6,32,0,38,46,19,42,0,107,4,0,4,111
03/13/2023,PWM,ME,ANE,EN,Combined TRACON& Tower with Radar,50,16,17,2,85,0,0,3,0,3,50,16,20,2,88,0,0,0,88
03/14/2023,PWM,ME,ANE,EN,Combined TRACON& Tower with Radar,12,7,0,0,19,0,0,0,0,0,12,7,0,0,19,0,0,0,19
03/15/2023,PWM,ME,ANE,EN,Combined TRACON& Tower with Radar,52,23,13,0,88,0,2,0,0,2,52,25,13,0,90,0,0,0,90
03/16/2023,PWM,ME,ANE,EN,Combined TRACON& Tower with Radar,50,18,25,4,97,0,5,30,2,37,50,23,55,6,134,24,0,24,158
03/17/2023,PWM,ME,ANE,EN,Combined TRACON& Tower with Radar,51,25,6,0,82,0,1,19,2,22,51,26,25,2,104,10,2,12,116
03/18/2023,PWM,ME,ANE,EN,Combined TRACON& Tower with Radar,42,18,20,0,80,0,2,38,0,40,42,20,58,0,120,10,0,10,130
03/19/2023,PWM,ME,ANE,EN,Combined TRACON& Tower with Radar,45,14,14,3,76,0,2,13,0,15,45,16,27,3,91,0,0,0,91
03/20/2023,PWM,ME,ANE,EN,Combined TRACON& Tower with Radar,50,13,13,2,78,0,7,21,0,28,50,20,34,2,106,12,0,12,118
03/21/2023,PWM,ME,ANE,EN,Combined TRACON& Tower with Radar,51,17,15,6,89,0,0,33,1,34,51,17,48,7,123,10,0,10,133
03/22/2023,PWM,ME,ANE,EN,Combined TRACON& Tower with Radar,52,26,16,2,96,0,5,37,2,44,52,31,53,4,140,16,2,18,158
03/23/2023,PWM,ME,ANE,EN,Combined TRACON& Tower with Radar,52,23,16,0,91,0,0,0,0,0,52,23,16,0,91,0,0,0,91
03/24/2023,PWM,ME,ANE,EN,Combined TRACON& Tower with Radar,55,16,17,2,90,0,2,14,0,16,55,18,31,2,106,8,0,8,114
03/25/2023,PWM,ME,ANE,EN,Combined TRACON& Tower with Radar,41,16,7,0,64,0,1,10,0,11,41,17,17,0,75,2,0,2,77
03/26/2023,PWM,ME,ANE,EN,Combined TRACON& Tower with Radar,46,10,14,2,72,0,4,4,0,8,46,14,18,2,80,0,0,0,80
03/27/2023,PWM,ME,ANE,EN,Combined TRACON& Tower with Radar,51,20,15,0,86,0,3,29,2,34,51,23,44,2,120,0,0,0,120
03/28/2023,PWM,ME,ANE,EN,Combined TRACON& Tower with Radar,51,25,23,0,99,0,4,9,0,13,51,29,32,0,112,0,0,0,112
03/29/2023,PWM,ME,ANE,EN,Combined TRACON& Tower with Radar,50,24,36,3,113,0,3,54,0,57,50,27,90,3,170,70,0,70,240
03/30/2023,PWM,ME,ANE,EN,Combined TRACON& Tower with Radar,50,20,14,0,84,0,6,10,0,16,50,26,24,0,100,0,0,0,100
03/31/2023,PWM,ME,ANE,EN,Combined TRACON& Tower with Radar,52,18,9,0,79,0,3,32,2,37,52,21,41,2,116,4,0,4,120
04/01/2023,PWM,ME,ANE,EN,Combined TRACON& Tower with Radar,40,18,7,0,65,0,0,0,0,0,40,18,7,0,65,0,0,0,65
04/02/2023,PWM,ME,ANE,EN,Combined TRACON& Tower with Radar,45,7,8,2,62,0,4,11,0,15,45,11,19,2,77,6,0,6,83
04/03/2023,PWM,ME,ANE,EN,Combined TRACON& Tower with Radar,52,17,17,0,86,0,1,10,0,11,52,18,27,0,97,0,0,0,97
04/04/2023,PWM,ME,ANE,EN,Combined TRACON& Tower with Radar,58,13,11,4,86,0,7,13,0,20,58,20,24,4,106,0,0,0,106
04/05/2023,PWM,ME,ANE,EN,Combined TRACON& Tower with Radar,52,17,23,2,94,0,0,5,0,5,52,17,28,2,99,0,0,0,99
04/06/2023,PWM,ME,ANE,EN,Combined TRACON& Tower with Radar,54,27,18,0,99,0,3,4,0,7,54,30,22,0,106,0,0,0,106
04/07/2023,PWM,ME,ANE,EN,Combined TRACON& Tower with Radar,53,26,11,5,95,0,5,17,3,25,53,31,28,8,120,0,0,0,120
04/08/2023,PWM,ME,ANE,EN,Combined TRACON& Tower with Radar,44,18,24,0,86,0,9,68,0,77,44,27,92,0,163,0,0,0,163
04/09/2023,PWM,ME,ANE,EN,Combined TRACON& Tower with Radar,51,12,12,0,75,0,2,42,0,44,51,14,54,0,119,6,0,6,125
04/10/2023,PWM,ME,ANE,EN,Combined TRACON& Tower with Radar,55,13,20,0,88,0,3,33,0,36,55,16,53,0,124,12,0,12,136
04/11/2023,PWM,ME,ANE,EN,Combined TRACON& Tower with Radar,55,17,16,2,90,0,3,20,7,30,55,20,36,9,120,6,0,6,126
04/12/2023,PWM,ME,ANE,EN,Combined TRACON& Tower with Radar,58,19,14,0,91,0,4,22,2,28,58,23,36,2,119,24,0,24,143
04/13/2023,PWM,ME,ANE,EN,Combined TRACON& Tower with Radar,61,28,21,0,110,0,1,54,0,55,61,29,75,0,165,24,0,24,189
04/14/2023,PWM,ME,ANE,EN,Combined TRACON& Tower with Radar,57,24,21,2,104,0,5,70,0,75,57,29,91,2,179,15,0,15,194
04/15/2023,PWM,ME,ANE,EN,Combined TRACON& Tower with Radar,44,14,27,0,85,0,3,24,1,28,44,17,51,1,113,37,0,37,150
04/16/2023,PWM,ME,ANE,EN,Combined TRACON& Tower with Radar,45,8,8,0,61,0,0,0,0,0,45,8,8,0,61,0,0,0,61
04/17/2023,PWM,ME,ANE,EN,Combined TRACON& Tower with Radar,52,15,9,2,78,0,0,0,0,0,52,15,9,2,78,0,0,0,78
04/18/2023,PWM,ME,ANE,EN,Combined TRACON& Tower with Radar,55,15,25,3,98,0,3,4,0,7,55,18,29,3,105,0,0,0,105
04/19/2023,PWM,ME,ANE,EN,Combined TRACON& Tower with Radar,60,21,14,0,95,0,4,35,0,39,60,25,49,0,134,10,0,10,144
04/20/2023,PWM,ME,ANE,EN,Combined TRACON& Tower with Radar,56,23,15,0,94,0,4,31,4,39,56,27,46,4,133,0,0,0,133
04/21/2023,PWM,ME,ANE,EN,Combined TRACON& Tower with Radar,54,21,20,6,101,0,1,48,2,51,54,22,68,8,152,16,0,16,168
04/22/2023,PWM,ME,ANE,EN,Combined TRACON& Tower with Radar,42,22,31,4,99,0,3,25,0,28,42,25,56,4,127,0,0,0,127
04/23/2023,PWM,ME,ANE,EN,Combined TRACON& Tower with Radar,49,13,10,0,72,0,1,4,0,5,49,14,14,0,77,0,0,0,77
04/24/2023,PWM,ME,ANE,EN,Combined TRACON& Tower with Radar,54,17,14,0,85,0,0,0,0,0,54,17,14,0,85,0,0,0,85
04/25/2023,PWM,ME,ANE,EN,Combined TRACON& Tower with Radar,57,28,11,0,96,0,0,0,0,0,57,28,11,0,96,0,0,0,96
04/26/2023,PWM,ME,ANE,EN,Combined TRACON& Tower with Radar,57,23,25,9,114,0,4,9,0,13,57,27,34,9,127,0,0,0,127
04/27/2023,PWM,ME,ANE,EN,Combined TRACON& Tower with Radar,56,26,25,5,112,0,1,13,0,14,56,27,38,5,126,20,0,20,146
04/28/2023,PWM,ME,ANE,EN,Combined TRACON& Tower with Radar,51,19,24,0,94,0,2,54,4,60,51,21,78,4,154,6,0,6,160
04/29/2023,PWM,ME,ANE,EN,Combined TRACON& Tower with Radar,44,14,22,0,80,0,2,17,0,19,44,16,39,0,99,14,0,14,113
04/30/2023,PWM,ME,ANE,EN,Combined TRACON& Tower with Radar,48,13,10,0,71,0,0,0,0,0,48,13,10,0,71,0,0,0,71
05/01/2023,PWM,ME,ANE,EN,Combined TRACON& Tower with Radar,56,25,15,0,96,0,0,8,0,8,56,25,23,0,104,0,0,0,104
05/02/2023,PWM,ME,ANE,EN,Combined TRACON& Tower with Radar,55,17,9,0,81,0,0,1,0,1,55,17,10,0,82,0,0,0,82
05/03/2023,PWM,ME,ANE,EN,Combined TRACON& Tower with Radar,56,21,21,0,98,0,0,0,0,0,56,21,21,0,98,0,0,0,98
05/04/2023,PWM,ME,ANE,EN,Combined TRACON& Tower with Radar,56,23,17,0,96,0,0,11,0,11,56,23,28,0,107,0,0,0,107
05/05/2023,PWM,ME,ANE,EN,Combined TRACON& Tower with Radar,57,21,17,2,97,0,3,28,2,33,57,24,45,4,130,0,0,0,130
05/06/2023,PWM,ME,ANE,EN,Combined TRACON& Tower with Radar,50,15,8,0,73,0,4,70,0,74,50,19,78,0,147,28,0,28,175
05/07/2023,PWM,ME,ANE,EN,Combined TRACON& Tower with Radar,49,13,18,0,80,0,7,49,0,56,49,20,67,0,136,2,0,2,138
05/08/2023,PWM,ME,ANE,EN,Combined TRACON& Tower with Radar,55,19,16,1,91,0,6,33,0,39,55,25,49,1,130,0,0,0,130
05/09/2023,PWM,ME,ANE,EN,Combined TRACON& Tower with Radar,57,19,12,1,89,0,2,51,2,55,57,21,63,3,144,20,0,20,164
05/10/2023,PWM,ME,ANE,EN,Combined TRACON& Tower with Radar,60,26,17,0,103,0,11,45,0,56,60,37,62,0,159,4,0,4,163
05/11/2023,PWM,ME,ANE,EN,Combined TRACON& Tower with Radar,57,25,21,3,106,0,6,35,0,41,57,31,56,3,147,0,0,0,147
05/12/2023,PWM,ME,ANE,EN,Combined TRACON& Tower with Radar,57,21,17,1,96,0,1,53,0,54,57,22,70,1,150,0,0,0,150
05/13/2023,PWM,ME,ANE,EN,Combined TRACON& Tower with Radar,48,22,6,3,79,0,4,21,1,26,48,26,27,4,105,0,0,0,105
05/14/2023,PWM,ME,ANE,EN,Combined TRACON& Tower with Radar,50,11,9,1,71,0,5,23,0,28,50,16,32,1,99,0,0,0,99
05/15/2023,PWM,ME,ANE,EN,Combined TRACON& Tower with Radar,56,17,22,2,97,0,0,24,4,28,56,17,46,6,125,6,0,6,131
05/16/2023,PWM,ME,ANE,EN,Combined TRACON& Tower with Radar,57,19,19,1,96,0,6,35,1,42,57,25,54,2,138,0,0,0,138
05/17/2023,PWM,ME,ANE,EN,Combined TRACON& Tower with Radar,61,25,18,0,104,0,6,25,0,31,61,31,43,0,135,0,0,0,135
05/18/2023,PWM,ME,ANE,EN,Combined TRACON& Tower with Radar,59,27,21,0,107,0,4,46,2,52,59,31,67,2,159,10,0,10,169
05/19/2023,PWM,ME,ANE,EN,Combined TRACON& Tower with Radar,62,22,19,3,106,0,4,33,0,37,62,26,52,3,143,0,0,0,143
05/20/2023,PWM,ME,ANE,EN,Combined TRACON& Tower with Radar,50,24,14,2,90,0,0,1,0,1,50,24,15,2,91,0,0,0,91
05/21/2023,PWM,ME,ANE,EN,Combined TRACON& Tower with Radar,59,24,23,1,107,0,2,42,0,44,59,26,65,1,151,33,0,33,184
05/22/2023,PWM,ME,ANE,EN,Combined TRACON& Tower with Radar,59,19,16,4,98,0,4,55,0,59,59,23,71,4,157,68,0,68,225
05/23/2023,PWM,ME,ANE,EN,Combined TRACON& Tower with Radar,58,23,23,2,106,0,1,30,0,31,58,24,53,2,137,0,0,0,137
05/24/2023,PWM,ME,ANE,EN,Combined TRACON& Tower with Radar,61,23,19,1,104,0,3,32,0,35,61,26,51,1,139,0,0,0,139
05/25/2023,PWM,ME,ANE,EN,Combined TRACON& Tower with Radar,59,31,16,0,106,0,5,33,3,41,59,36,49,3,147,22,0,22,169
05/26/2023,PWM,ME,ANE,EN,Combined TRACON& Tower with Radar,59,31,29,4,123,0,8,71,1,80,59,39,100,5,203,16,0,16,219
05/27/2023,PWM,ME,ANE,EN,Combined TRACON& Tower with Radar,50,19,11,0,80,0,2,53,0,55,50,21,64,0,135,8,0,8,143
05/28/2023,PWM,ME,ANE,EN,Combined TRACON& Tower with Radar,53,17,13,0,83,0,4,68,0,72,53,21,81,0,155,27,0,27,182
05/29/2023,PWM,ME,ANE,EN,Combined TRACON& Tower with Radar,59,17,22,0,98,0,5,52,0,57,59,22,74,0,155,10,0,10,165
05/30/2023,PWM,ME,ANE,EN,Combined TRACON& Tower with Radar,57,21,18,3,99,0,6,35,1,42,57,27,53,4,141,8,8,16,157
05/31/2023,PWM,ME,ANE,EN,Combined TRACON& Tower with Radar,60,29,21,1,111,0,2,48,2,52,60,31,69,3,163,4,2,6,169
06/01/2023,PWM,ME,ANE,EN,Combined TRACON& Tower with Radar,66,23,23,0,112,0,2,49,0,51,66,25,72,0,163,30,0,30,193
06/02/2023,PWM,ME,ANE,EN,Combined TRACON& Tower with Radar,73,16,17,0,106,0,3,25,0,28,73,19,42,0,134,0,0,0,134
06/03/2023,PWM,ME,ANE,EN,Combined TRACON& Tower with Radar,73,16,8,0,97,0,0,1,0,1,73,16,9,0,98,0,0,0,98
06/04/2023,PWM,ME,ANE,EN,Combined TRACON& Tower with Radar,70,14,17,0,101,0,0,0,0,0,70,14,17,0,101,0,0,0,101
06/05/2023,PWM,ME,ANE,EN,Combined TRACON& Tower with Radar,84,13,24,0,121,0,1,1,0,2,84,14,25,0,123,0,0,0,123
06/06/2023,PWM,ME,ANE,EN,Combined TRACON& Tower with Radar,77,23,23,3,126,0,3,16,4,23,77,26,39,7,149,0,0,0,149
06/07/2023,PWM,ME,ANE,EN,Combined TRACON& Tower with Radar,79,29,21,2,131,0,6,14,2,22,79,35,35,4,153,0,0,0,153
06/08/2023,PWM,ME,ANE,EN,Combined TRACON& Tower with Radar,83,24,29,2,138,0,0,9,0,9,83,24,38,2,147,0,0,0,147
06/09/2023,PWM,ME,ANE,EN,Combined TRACON& Tower with Radar,88,29,23,1,141,0,1,11,0,12,88,30,34,1,153,18,0,18,171
06/10/2023,PWM,ME,ANE,EN,Combined TRACON& Tower with Radar,82,15,18,0,115,0,4,10,0,14,82,19,28,0,129,21,0,21,150
06/11/2023,PWM,ME,ANE,EN,Combined TRACON& Tower with Radar,79,13,19,0,111,0,6,90,0,96,79,19,109,0,207,58,0,58,265
06/12/2023,PWM,ME,ANE,EN,Combined TRACON& Tower with Radar,81,15,37,0,133,0,3,34,0,37,81,18,71,0,170,0,0,0,170
06/13/2023,PWM,ME,ANE,EN,Combined TRACON& Tower with Radar,80,35,18,0,133,0,0,0,0,0,80,35,18,0,133,0,0,0,133
06/14/2023,PWM,ME,ANE,EN,Combined TRACON& Tower with Radar,77,24,22,1,124,0,0,15,3,18,77,24,37,4,142,12,0,12,154
06/15/2023,PWM,ME,ANE,EN,Combined TRACON& Tower with Radar,83,25,39,0,147,0,0,25,0,25,83,25,64,0,172,30,0,30,202
06/16/2023,PWM,ME,ANE,EN,Combined TRACON& Tower with Radar,80,24,27,0,131,0,1,43,3,47,80,25,70,3,178,2,0,2,180
06/17/2023,PWM,ME,ANE,EN,Combined TRACON& Tower with Radar,79,28,15,0,122,0,0,0,0,0,79,28,15,0,122,0,0,0,122
06/18/2023,PWM,ME,ANE,EN,Combined TRACON& Tower with Radar,77,16,21,0,114,0,7,15,0,22,77,23,36,0,136,5,0,5,141
06/19/2023,PWM,ME,ANE,EN,Combined TRACON& Tower with Radar,87,15,30,0,132,0,4,40,0,44,87,19,70,0,176,36,0,36,212
06/20/2023,PWM,ME,ANE,EN,Combined TRACON& Tower with Radar,79,23,38,3,143,0,1,15,0,16,79,24,53,3,159,0,0,0,159
06/21/2023,PWM,ME,ANE,EN,Combined TRACON& Tower with Radar,81,25,40,5,151,0,6,60,0,66,81,31,100,5,217,16,18,34,251
06/22/2023,PWM,ME,ANE,EN,Combined TRACON& Tower with Radar,84,42,36,4,166,0,5,66,0,71,84,47,102,4,237,10,0,10,247
06/23/2023,PWM,ME,ANE,EN,Combined TRACON& Tower with Radar,81,29,20,3,133,0,3,41,0,44,81,32,61,3,177,30,0,30,207
06/24/2023,PWM,ME,ANE,EN,Combined TRACON& Tower with Radar,79,37,22,2,140,0,0,0,0,0,79,37,22,2,140,0,0,0,140
06/25/2023,PWM,ME,ANE,EN,Combined TRACON& Tower with Radar,65,27,26,4,122,0,1,27,0,28,65,28,53,4,150,24,0,24,174
06/26/2023,PWM,ME,ANE,EN,Combined TRACON& Tower with Radar,65,19,10,1,95,0,0,0,0,0,65,19,10,1,95,0,0,0,95
06/27/2023,PWM,ME,ANE,EN,Combined TRACON& Tower with Radar,56,28,16,0,100,0,0,0,0,0,56,28,16,0,100,0,0,0,100
06/28/2023,PWM,ME,ANE,EN,Combined TRACON& Tower with Radar,76,32,33,0,141,0,0,0,0,0,76,32,33,0,141,0,0,0,141
06/29/2023,PWM,ME,ANE,EN,Combined TRACON& Tower with Radar,84,32,37,1,154,0,1,15,1,17,84,33,52,2,171,6,0,6,177
06/30/2023,PWM,ME,ANE,EN,Combined TRACON& Tower with Radar,90,26,34,0,150,0,0,0,0,0,90,26,34,0,150,0,0,0,150
07/01/2023,PWM,ME,ANE,EN,Combined TRACON& Tower with Radar,81,23,35,0,139,0,0,9,0,9,81,23,44,0,148,0,0,0,148
07/02/2023,PWM,ME,ANE,EN,Combined TRACON& Tower with Radar,71,17,20,2,110,0,0,0,0,0,71,17,20,2,110,0,0,0,110
07/03/2023,PWM,ME,ANE,EN,Combined TRACON& Tower with Radar,82,23,20,1,126,0,4,10,0,14,82,27,30,1,140,18,0,18,158
07/04/2023,PWM,ME,ANE,EN,Combined TRACON& Tower with Radar,67,18,11,0,96,0,1,1,0,2,67,19,12,0,98,0,0,0,98
07/05/2023,PWM,ME,ANE,EN,Combined TRACON& Tower with Radar,82,28,28,3,141,0,3,60,0,63,82,31,88,3,204,44,0,44,248
07/06/2023,PWM,ME,ANE,EN,Combined TRACON& Tower with Radar,87,25,32,3,147,0,1,58,2,61,87,26,90,5,208,28,0,28,236
07/07/2023,PWM,ME,ANE,EN,Combined TRACON& Tower with Radar,85,38,43,13,179,0,2,91,5,98,85,40,134,18,277,37,0,37,314
07/08/2023,PWM,ME,ANE,EN,Combined TRACON& Tower with Radar,84,24,39,4,151,0,0,2,0,2,84,24,41,4,153,0,0,0,153
07/09/2023,PWM,ME,ANE,EN,Combined TRACON& Tower with Radar,55,19,29,2,105,0,0,0,0,0,55,19,29,2,105,0,0,0,105
07/10/2023,PWM,ME,ANE,EN,Combined TRACON& Tower with Radar,84,16,12,2,114,0,0,0,0,0,84,16,12,2,114,0,0,0,114
07/11/2023,PWM,ME,ANE,EN,Combined TRACON& Tower with Radar,86,34,39,7,166,0,5,29,1,35,86,39,68,8,201,8,0,8,209
07/12/2023,PWM,ME,ANE,EN,Combined TRACON& Tower with Radar,83,25,35,5,148,0,4,95,4,103,83,29,130,9,251,30,0,30,281
07/13/2023,PWM,ME,ANE,EN,Combined TRACON& Tower with Radar,81,18,22,4,125,0,1,40,1,42,81,19,62,5,167,0,0,0,167
07/14/2023,PWM,ME,ANE,EN,Combined TRACON& Tower with Radar,78,29,42,8,157,0,1,22,6,29,78,30,64,14,186,32,0,32,218
07/15/2023,PWM,ME,ANE,EN,Combined TRACON& Tower with Radar,78,41,38,0,157,0,0,6,0,6,78,41,44,0,163,0,0,0,163
07/16/2023,PWM,ME,ANE,EN,Combined TRACON& Tower with Radar,60,26,33,0,119,0,0,0,0,0,60,26,33,0,119,0,0,0,119
07/17/2023,PWM,ME,ANE,EN,Combined TRACON& Tower with Radar,87,25,43,3,158,0,1,28,1,30,87,26,71,4,188,18,0,18,206
07/18/2023,PWM,ME,ANE,EN,Combined TRACON& Tower with Radar,73,18,35,4,130,0,4,18,1,23,73,22,53,5,153,0,0,0,153
07/19/2023,PWM,ME,ANE,EN,Combined TRACON& Tower with Radar,88,36,31,8,163,0,2,65,0,67,88,38,96,8,230,52,0,52,282
07/20/2023,PWM,ME,ANE,EN,Combined TRACON& Tower with Radar,85,39,28,2,154,0,5,90,0,95,85,44,118,2,249,15,0,15,264
07/21/2023,PWM,ME,ANE,EN,Combined TRACON& Tower with Radar,86,64,39,2,191,0,2,10,2,14,86,66,49,4,205,0,0,0,205
07/22/2023,PWM,ME,ANE,EN,Combined TRACON& Tower with Radar,82,72,34,0,188,0,6,23,0,29,82,78,57,0,217,0,0,0,217
07/23/2023,PWM,ME,ANE,EN,Combined TRACON& Tower with Radar,79,49,44,1,173,0,13,91,0,104,79,62,135,1,277,6,0,6,283
07/24/2023,PWM,ME,ANE,EN,Combined TRACON& Tower with Radar,89,21,32,6,148,0,3,36,5,44,89,24,68,11,192,12,0,12,204
07/25/2023,PWM,ME,ANE,EN,Combined TRACON& Tower with Radar,70,25,31,0,126,0,9,66,2,77,70,34,97,2,203,34,0,34,237
07/26/2023,PWM,ME,ANE,EN,Combined TRACON& Tower with Radar,89,27,39,2,157,0,18,64,0,82,89,45,103,2,239,14,0,14,253
07/27/2023,PWM,ME,ANE,EN,Combined TRACON& Tower with Radar,78,24,24,0,126,0,0,15,0,15,78,24,39,0,141,0,0,0,141
07/28/2023,PWM,ME,ANE,EN,Combined TRACON& Tower with Radar,87,38,38,0,163,0,5,25,2,32,87,43,63,2,195,10,0,10,205
07/29/2023,PWM,ME,ANE,EN,Combined TRACON& Tower with Radar,78,26,24,0,128,0,2,23,0,25,78,28,47,0,153,0,0,0,153
07/30/2023,PWM,ME,ANE,EN,Combined TRACON& Tower with Radar,80,29,40,0,149,0,8,65,0,73,80,37,105,0,222,8,0,8,230
07/31/2023,PWM,ME,ANE,EN,Combined TRACON& Tower with Radar,88,22,20,0,130,0,7,48,0,55,88,29,68,0,185,8,0,8,193
08/01/2023,PWM,ME,ANE,EN,Combined TRACON& Tower with Radar,80,31,37,1,149,0,5,66,6,77,80,36,103,7,226,22,0,22,248
08/02/2023,PWM,ME,ANE,EN,Combined TRACON& Tower with Radar,88,29,25,3,145,0,7,80,4,91,88,36,105,7,236,6,0,6,242
08/03/2023,PWM,ME,ANE,EN,Combined TRACON& Tower with Radar,89,26,22,8,145,0,3,62,2,67,89,29,84,10,212,7,0,7,219
08/04/2023,PWM,ME,ANE,EN,Combined TRACON& Tower with Radar,89,40,22,8,159,0,0,3,0,3,89,40,25,8,162,0,0,0,162
08/05/2023,PWM,ME,ANE,EN,Combined TRACON& Tower with Radar,81,43,30,0,154,0,3,33,0,36,81,46,63,0,190,14,0,14,204
08/06/2023,PWM,ME,ANE,EN,Combined TRACON& Tower with Radar,76,32,22,0,130,0,8,81,0,89,76,40,103,0,219,28,0,28,247
08/07/2023,PWM,ME,ANE,EN,Combined TRACON& Tower with Radar,78,28,29,0,135,0,2,25,0,27,78,30,54,0,162,20,0,20,182
08/08/2023,PWM,ME,ANE,EN,Combined TRACON& Tower with Radar,81,24,21,1,127,0,0,0,0,0,81,24,21,1,127,0,0,0,127
08/09/2023,PWM,ME,ANE,EN,Combined TRACON& Tower with Radar,100,33,29,3,165,0,9,44,3,56,100,42,73,6,221,28,0,28,249
08/10/2023,PWM,ME,ANE,EN,Combined TRACON& Tower with Radar,81,43,41,1,166,0,9,58,0,67,81,52,99,1,233,0,0,0,233
08/11/2023,PWM,ME,ANE,EN,Combined TRACON& Tower with Radar,90,45,34,4,173,0,9,51,1,61,90,54,85,5,234,22,0,22,256
08/12/2023,PWM,ME,ANE,EN,Combined TRACON& Tower with Radar,82,30,36,1,149,0,7,72,1,80,82,37,108,2,229,16,0,16,245
08/13/2023,PWM,ME,ANE,EN,Combined TRACON& Tower with Radar,77,27,35,1,140,0,0,15,1,16,77,27,50,2,156,0,0,0,156
08/14/2023,PWM,ME,ANE,EN,Combined TRACON& Tower with Radar,90,26,28,4,148,0,6,73,0,79,90,32,101,4,227,64,0,64,291
08/15/2023,PWM,ME,ANE,EN,Combined TRACON& Tower with Radar,80,27,20,0,127,0,0,6,0,6,80,27,26,0,133,0,0,0,133
08/16/2023,PWM,ME,ANE,EN,Combined TRACON& Tower with Radar,87,31,45,0,163,0,2,11,2,15,87,33,56,2,178,0,0,0,178
08/17/2023,PWM,ME,ANE,EN,Combined TRACON& Tower with Radar,85,34,36,2,157,0,0,2,2,4,85,34,38,4,161,0,0,0,161
08/18/2023,PWM,ME,ANE,EN,Combined TRACON& Tower with Radar,96,24,26,0,146,0,0,3,0,3,96,24,29,0,149,20,0,20,169
08/19/2023,PWM,ME,ANE,EN,Combined TRACON& Tower with Radar,80,29,19,0,128,0,4,43,1,48,80,33,62,1,176,0,0,0,176
08/20/2023,PWM,ME,ANE,EN,Combined TRACON& Tower with Radar,79,30,38,0,147,0,0,50,1,51,79,30,88,1,198,14,0,14,212
08/21/2023,PWM,ME,ANE,EN,Combined TRACON& Tower with Radar,92,23,33,0,148,0,3,35,0,38,92,26,68,0,186,0,0,0,186
08/22/2023,PWM,ME,ANE,EN,Combined TRACON& Tower with Radar,85,22,24,2,133,0,6,54,0,60,85,28,78,2,193,8,0,8,201
08/23/2023,PWM,ME,ANE,EN,Combined TRACON& Tower with Radar,87,19,32,3,141,0,5,64,1,70,87,24,96,4,211,22,0,22,233
08/24/2023,PWM,ME,ANE,EN,Combined TRACON& Tower with Radar,85,32,43,0,160,0,5,63,0,68,85,37,106,0,228,18,0,18,246
08/25/2023,PWM,ME,ANE,EN,Combined TRACON& Tower with Radar,91,41,20,2,154,0,0,0,0,0,91,41,20,2,154,0,0,0,154
08/26/2023,PWM,ME,ANE,EN,Combined TRACON& Tower with Radar,79,20,25,2,126,0,6,16,0,22,79,26,41,2,148,36,0,36,184
08/27/2023,PWM,ME,ANE,EN,Combined TRACON& Tower with Radar,78,13,40,1,132,0,0,43,0,43,78,13,83,1,175,0,0,0,175
08/28/2023,PWM,ME,ANE,EN,Combined TRACON& Tower with Radar,91,18,26,0,135,0,1,44,2,47,91,19,70,2,182,14,0,14,196
08/29/2023,PWM,ME,ANE,EN,Combined TRACON& Tower with Radar,83,43,26,3,155,0,0,15,0,15,83,43,41,3,170,4,0,4,174
08/30/2023,PWM,ME,ANE,EN,Combined TRACON& Tower with Radar,81,24,12,4,121,0,0,17,0,17,81,24,29,4,138,0,0,0,138
08/31/2023,PWM,ME,ANE,EN,Combined TRACON& Tower with Radar,87,31,27,6,151,0,5,68,0,73,87,36,95,6,224,49,0,49,273
