01/01/2000,RAL,CA,AWP,WE,Federal Contract Tower,0,0,9,0,9,0,0,32,0,32,0,0,41,0,41,91,0,91,132
01/02/2000,RAL,CA,AWP,WE,Federal Contract Tower,0,1,14,0,15,0,1,127,0,128,0,2,141,0,143,88,0,88,231
01/03/2000,RAL,CA,AWP,WE,Federal Contract Tower,0,1,10,0,11,0,1,81,0,82,0,2,91,0,93,94,0,94,187
01/04/2000,RAL,CA,AWP,WE,Federal Contract Tower,0,1,21,0,22,0,3,100,0,103,0,4,121,0,125,184,0,184,309
01/05/2000,RAL,CA,AWP,WE,Federal Contract Tower,0,1,6,0,7,0,1,73,0,74,0,2,79,0,81,43,0,43,124
01/06/2000,RAL,CA,AWP,WE,Federal Contract Tower,0,1,7,0,8,0,3,24,2,29,0,4,31,2,37,44,0,44,81
01/07/2000,RAL,CA,AWP,WE,Federal Contract Tower,0,1,16,0,17,0,1,102,0,103,0,2,118,0,120,70,2,72,192
01/08/2000,RAL,CA,AWP,WE,Federal Contract Tower,0,1,17,0,18,0,0,131,0,131,0,1,148,0,149,96,0,96,245
01/09/2000,RAL,CA,AWP,WE,Federal Contract Tower,0,0,16,0,16,0,0,132,0,132,0,0,148,0,148,97,0,97,245
01/10/2000,RAL,CA,AWP,WE,Federal Contract Tower,0,1,29,0,30,0,3,80,0,83,0,4,109,0,113,46,0,46,159
01/11/2000,RAL,CA,AWP,WE,Federal Contract Tower,0,1,29,0,30,0,3,45,0,48,0,4,74,0,78,143,0,143,221
01/12/2000,RAL,CA,AWP,WE,Federal Contract Tower,0,1,29,0,30,0,1,3,0,4,0,2,32,0,34,108,0,108,142
01/13/2000,RAL,CA,AWP,WE,Federal Contract Tower,0,1,20,0,21,0,1,91,0,92,0,2,111,0,113,150,0,150,263
01/14/2000,RAL,CA,AWP,WE,Federal Contract Tower,0,0,25,0,25,0,2,120,0,122,0,2,145,0,147,98,0,98,245
01/15/2000,RAL,CA,AWP,WE,Federal Contract Tower,0,0,32,0,32,0,3,157,0,160,0,3,189,0,192,164,0,164,356
01/16/2000,RAL,CA,AWP,WE,Federal Contract Tower,0,0,37,0,37,0,2,64,0,66,0,2,101,0,103,111,0,111,214
01/17/2000,RAL,CA,AWP,WE,Federal Contract Tower,0,0,16,0,16,0,3,74,0,77,0,3,90,0,93,61,0,61,154
01/18/2000,RAL,CA,AWP,WE,Federal Contract Tower,0,0,15,0,15,0,4,85,0,89,0,4,100,0,104,90,0,90,194
01/19/2000,RAL,CA,AWP,WE,Federal Contract Tower,0,0,15,0,15,0,4,89,0,93,0,4,104,0,108,104,0,104,212
01/20/2000,RAL,CA,AWP,WE,Federal Contract Tower,0,0,38,0,38,0,2,86,2,90,0,2,124,2,128,135,2,137,265
01/21/2000,RAL,CA,AWP,WE,Federal Contract Tower,0,0,43,0,43,0,3,87,0,90,0,3,130,0,133,114,0,114,247
01/22/2000,RAL,CA,AWP,WE,Federal Contract Tower,0,0,25,0,25,0,0,168,0,168,0,0,193,0,193,69,0,69,262
01/23/2000,RAL,CA,AWP,WE,Federal Contract Tower,0,0,34,0,34,0,2,138,0,140,0,2,172,0,174,61,0,61,235
01/24/2000,RAL,CA,AWP,WE,Federal Contract Tower,0,0,31,0,31,0,4,73,0,77,0,4,104,0,108,152,0,152,260
01/25/2000,RAL,CA,AWP,WE,Federal Contract Tower,0,0,29,0,29,0,6,0,0,6,0,6,29,0,35,62,0,62,97
01/26/2000,RAL,CA,AWP,WE,Federal Contract Tower,0,0,26,0,26,0,2,72,0,74,0,2,98,0,100,154,0,154,254
01/27/2000,RAL,CA,AWP,WE,Federal Contract Tower,0,0,29,0,29,0,2,111,0,113,0,2,140,0,142,109,0,109,251
01/28/2000,RAL,CA,AWP,WE,Federal Contract Tower,0,0,33,0,33,0,2,106,0,108,0,2,139,0,141,73,0,73,214
01/29/2000,RAL,CA,AWP,WE,Federal Contract Tower,0,0,33,0,33,0,0,121,0,121,0,0,154,0,154,133,0,133,287
01/30/2000,RAL,CA,AWP,WE,Federal Contract Tower,0,0,17,0,17,0,0,26,0,26,0,0,43,0,43,92,0,92,135
01/31/2000,RAL,CA,AWP,WE,Federal Contract Tower,0,0,34,0,34,0,4,36,0,40,0,4,70,0,74,118,0,118,192
02/01/2000,RAL,CA,AWP,WE,Federal Contract Tower,0,1,29,0,30,0,3,76,0,79,0,4,105,0,109,99,0,99,208
02/02/2000,RAL,CA,AWP,WE,Federal Contract Tower,0,1,31,0,32,0,1,81,0,82,0,2,112,0,114,52,0,52,166
02/03/2000,RAL,CA,AWP,WE,Federal Contract Tower,0,1,25,0,26,0,3,120,0,123,0,4,145,0,149,143,0,143,292
02/04/2000,RAL,CA,AWP,WE,Federal Contract Tower,0,1,29,0,30,0,1,124,0,125,0,2,153,0,155,196,0,196,351
02/05/2000,RAL,CA,AWP,WE,Federal Contract Tower,0,0,29,0,29,0,0,94,0,94,0,0,123,0,123,142,0,142,265
02/06/2000,RAL,CA,AWP,WE,Federal Contract Tower,0,1,28,0,29,0,0,107,0,107,0,1,135,0,136,108,0,108,244
02/07/2000,RAL,CA,AWP,WE,Federal Contract Tower,0,1,32,0,33,0,1,120,0,121,0,2,152,0,154,86,0,86,240
02/08/2000,RAL,CA,AWP,WE,Federal Contract Tower,0,1,18,0,19,0,4,76,0,80,0,5,94,0,99,118,0,118,217
02/09/2000,RAL,CA,AWP,WE,Federal Contract Tower,0,1,29,0,30,0,3,88,1,92,0,4,117,1,122,195,1,196,318
02/10/2000,RAL,CA,AWP,WE,Federal Contract Tower,0,1,31,0,32,0,1,16,0,17,0,2,47,0,49,84,0,84,133
02/11/2000,RAL,CA,AWP,WE,Federal Contract Tower,0,1,22,0,23,0,1,103,0,104,0,2,125,0,127,118,0,118,245
02/12/2000,RAL,CA,AWP,WE,Federal Contract Tower,0,0,10,0,10,0,0,43,0,43,0,0,53,0,53,82,0,82,135
02/13/2000,RAL,CA,AWP,WE,Federal Contract Tower,0,0,27,0,27,0,0,0,2,2,0,0,27,2,29,2,0,2,31
02/14/2000,RAL,CA,AWP,WE,Federal Contract Tower,0,1,30,0,31,0,1,12,0,13,0,2,42,0,44,52,0,52,96
02/15/2000,RAL,CA,AWP,WE,Federal Contract Tower,0,0,19,0,19,0,4,70,0,74,0,4,89,0,93,136,0,136,229
02/16/2000,RAL,CA,AWP,WE,Federal Contract Tower,0,0,18,0,18,0,3,3,0,6,0,3,21,0,24,17,0,17,41
02/17/2000,RAL,CA,AWP,WE,Federal Contract Tower,0,0,31,1,32,0,4,86,3,93,0,4,117,4,125,126,0,126,251
02/18/2000,RAL,CA,AWP,WE,Federal Contract Tower,0,0,32,0,32,0,2,62,0,64,0,2,94,0,96,140,0,140,236
02/19/2000,RAL,CA,AWP,WE,Federal Contract Tower,0,0,32,0,32,0,0,93,0,93,0,0,125,0,125,119,0,119,244
02/20/2000,RAL,CA,AWP,WE,Federal Contract Tower,0,0,17,0,17,0,0,19,0,19,0,0,36,0,36,81,0,81,117
02/21/2000,RAL,CA,AWP,WE,Federal Contract Tower,0,0,11,0,11,0,1,5,0,6,0,1,16,0,17,38,0,38,55
02/22/2000,RAL,CA,AWP,WE,Federal Contract Tower,0,0,31,0,31,0,6,67,0,73,0,6,98,0,104,109,0,109,213
02/23/2000,RAL,CA,AWP,WE,Federal Contract Tower,0,0,11,0,11,0,2,3,0,5,0,2,14,0,16,6,0,6,22
02/24/2000,RAL,CA,AWP,WE,Federal Contract Tower,0,0,15,0,15,0,4,105,0,109,0,4,120,0,124,156,0,156,280
02/25/2000,RAL,CA,AWP,WE,Federal Contract Tower,0,0,35,0,35,0,2,86,0,88,0,2,121,0,123,138,0,138,261
02/26/2000,RAL,CA,AWP,WE,Federal Contract Tower,0,0,16,0,16,0,0,214,0,214,0,0,230,0,230,148,0,148,378
02/27/2000,RAL,CA,AWP,WE,Federal Contract Tower,0,0,31,0,31,0,0,0,0,0,0,0,31,0,31,27,0,27,58
02/28/2000,RAL,CA,AWP,WE,Federal Contract Tower,0,0,31,0,31,0,5,71,0,76,0,5,102,0,107,114,0,114,221
02/29/2000,RAL,CA,AWP,WE,Federal Contract Tower,0,0,31,0,31,0,5,82,2,89,0,5,113,2,120,154,0,154,274
03/01/2000,RAL,CA,AWP,WE,Federal Contract Tower,0,1,19,0,20,0,4,90,0,94,0,5,109,0,114,172,0,172,286
03/02/2000,RAL,CA,AWP,WE,Federal Contract Tower,0,1,27,0,28,0,0,111,0,111,0,1,138,0,139,185,0,185,324
03/03/2000,RAL,CA,AWP,WE,Federal Contract Tower,0,1,28,2,31,0,0,111,0,111,0,1,139,2,142,167,0,167,309
03/04/2000,RAL,CA,AWP,WE,Federal Contract Tower,0,1,23,1,25,0,0,53,0,53,0,1,76,1,78,190,0,190,268
03/05/2000,RAL,CA,AWP,WE,Federal Contract Tower,0,0,4,0,4,0,0,4,0,4,0,0,8,0,8,25,0,25,33
03/06/2000,RAL,CA,AWP,WE,Federal Contract Tower,0,1,17,0,18,0,3,66,0,69,0,4,83,0,87,150,0,150,237
03/07/2000,RAL,CA,AWP,WE,Federal Contract Tower,0,1,22,0,23,0,7,54,0,61,0,8,76,0,84,136,0,136,220
03/08/2000,RAL,CA,AWP,WE,Federal Contract Tower,0,1,20,1,22,0,0,8,0,8,0,1,28,1,30,45,1,46,76
03/09/2000,RAL,CA,AWP,WE,Federal Contract Tower,0,1,24,2,27,0,2,94,0,96,0,3,118,2,123,164,0,164,287
03/10/2000,RAL,CA,AWP,WE,Federal Contract Tower,0,1,21,0,22,0,3,102,0,105,0,4,123,0,127,148,0,148,275
03/11/2000,RAL,CA,AWP,WE,Federal Contract Tower,0,0,19,0,19,0,0,84,0,84,0,0,103,0,103,258,0,258,361
03/12/2000,RAL,CA,AWP,WE,Federal Contract Tower,0,0,19,0,19,0,0,155,0,155,0,0,174,0,174,126,0,126,300
03/13/2000,RAL,CA,AWP,WE,Federal Contract Tower,0,2,39,2,43,0,0,47,1,48,0,2,86,3,91,94,0,94,185
03/14/2000,RAL,CA,AWP,WE,Federal Contract Tower,0,2,32,1,35,0,2,116,1,119,0,4,148,2,154,169,8,177,331
03/15/2000,RAL,CA,AWP,WE,Federal Contract Tower,0,0,34,0,34,0,0,73,0,73,0,0,107,0,107,90,0,90,197
03/16/2000,RAL,CA,AWP,WE,Federal Contract Tower,0,1,30,2,33,0,5,63,0,68,0,6,93,2,101,55,0,55,156
03/17/2000,RAL,CA,AWP,WE,Federal Contract Tower,0,1,15,0,16,0,1,74,0,75,0,2,89,0,91,85,0,85,176
03/18/2000,RAL,CA,AWP,WE,Federal Contract Tower,0,0,20,0,20,0,0,287,0,287,0,0,307,0,307,130,0,130,437
03/19/2000,RAL,CA,AWP,WE,Federal Contract Tower,0,0,16,0,16,0,0,125,0,125,0,0,141,0,141,118,0,118,259
03/20/2000,RAL,CA,AWP,WE,Federal Contract Tower,0,0,7,0,7,0,1,27,0,28,0,1,34,0,35,27,0,27,62
03/21/2000,RAL,CA,AWP,WE,Federal Contract Tower,0,0,18,0,18,0,0,44,0,44,0,0,62,0,62,61,0,61,123
03/22/2000,RAL,CA,AWP,WE,Federal Contract Tower,0,0,23,1,24,0,6,121,0,127,0,6,144,1,151,115,0,115,266
03/23/2000,RAL,CA,AWP,WE,Federal Contract Tower,0,0,23,1,24,0,4,105,4,113,0,4,128,5,137,106,2,108,245
03/24/2000,RAL,CA,AWP,WE,Federal Contract Tower,0,0,14,0,14,0,2,108,2,112,0,2,122,2,126,72,16,88,214
03/25/2000,RAL,CA,AWP,WE,Federal Contract Tower,0,0,30,2,32,0,5,139,8,152,0,5,169,10,184,174,6,180,364
03/26/2000,RAL,CA,AWP,WE,Federal Contract Tower,0,0,21,1,22,0,0,112,0,112,0,0,133,1,134,111,2,113,247
03/27/2000,RAL,CA,AWP,WE,Federal Contract Tower,0,0,32,1,33,0,0,52,2,54,0,0,84,3,87,59,14,73,160
03/28/2000,RAL,CA,AWP,WE,Federal Contract Tower,0,0,31,2,33,0,4,85,0,89,0,4,116,2,122,99,1,100,222
03/29/2000,RAL,CA,AWP,WE,Federal Contract Tower,0,0,28,2,30,0,6,85,0,91,0,6,113,2,121,160,0,160,281
03/30/2000,RAL,CA,AWP,WE,Federal Contract Tower,0,0,28,2,30,0,4,92,0,96,0,4,120,2,126,80,0,80,206
03/31/2000,RAL,CA,AWP,WE,Federal Contract Tower,0,0,2,0,2,0,0,24,0,24,0,0,26,0,26,0,0,0,26
04/01/2000,RAL,CA,AWP,WE,Federal Contract Tower,0,0,4,0,4,0,0,40,0,40,0,0,44,0,44,48,0,48,92
04/02/2000,RAL,CA,AWP,WE,Federal Contract Tower,0,0,29,0,29,0,0,172,0,172,0,0,201,0,201,90,0,90,291
04/03/2000,RAL,CA,AWP,WE,Federal Contract Tower,0,1,13,0,14,0,4,123,0,127,0,5,136,0,141,162,0,162,303
04/04/2000,RAL,CA,AWP,WE,Federal Contract Tower,0,1,27,0,28,0,4,86,0,90,0,5,113,0,118,89,0,89,207
04/05/2000,RAL,CA,AWP,WE,Federal Contract Tower,0,1,29,0,30,0,4,85,0,89,0,5,114,0,119,120,0,120,239
04/06/2000,RAL,CA,AWP,WE,Federal Contract Tower,0,1,37,0,38,0,1,56,0,57,0,2,93,0,95,114,0,114,209
04/07/2000,RAL,CA,AWP,WE,Federal Contract Tower,0,2,61,0,63,0,0,35,0,35,0,2,96,0,98,47,0,47,145
04/08/2000,RAL,CA,AWP,WE,Federal Contract Tower,0,0,31,0,31,0,0,44,0,44,0,0,75,0,75,45,0,45,120
04/09/2000,RAL,CA,AWP,WE,Federal Contract Tower,0,0,6,0,6,0,0,136,0,136,0,0,142,0,142,97,0,97,239
04/10/2000,RAL,CA,AWP,WE,Federal Contract Tower,0,1,21,0,22,0,3,78,0,81,0,4,99,0,103,41,0,41,144
04/11/2000,RAL,CA,AWP,WE,Federal Contract Tower,0,1,24,0,25,0,3,94,1,98,0,4,118,1,123,118,0,118,241
04/12/2000,RAL,CA,AWP,WE,Federal Contract Tower,0,1,30,0,31,0,6,74,0,80,0,7,104,0,111,132,0,132,243
04/13/2000,RAL,CA,AWP,WE,Federal Contract Tower,0,1,26,0,27,0,0,97,0,97,0,1,123,0,124,94,0,94,218
04/14/2000,RAL,CA,AWP,WE,Federal Contract Tower,0,0,27,0,27,0,0,61,0,61,0,0,88,0,88,125,0,125,213
04/15/2000,RAL,CA,AWP,WE,Federal Contract Tower,0,1,0,0,1,0,160,0,0,160,0,161,0,0,161,106,0,106,267
04/16/2000,RAL,CA,AWP,WE,Federal Contract Tower,0,0,22,0,22,0,0,91,0,91,0,0,113,0,113,68,0,68,181
04/17/2000,RAL,CA,AWP,WE,Federal Contract Tower,0,0,15,0,15,0,4,42,0,46,0,4,57,0,61,34,0,34,95
04/18/2000,RAL,CA,AWP,WE,Federal Contract Tower,0,0,15,0,15,0,1,40,0,41,0,1,55,0,56,58,0,58,114
04/19/2000,RAL,CA,AWP,WE,Federal Contract Tower,0,0,33,0,33,0,6,94,0,100,0,6,127,0,133,106,0,106,239
04/20/2000,RAL,CA,AWP,WE,Federal Contract Tower,0,0,34,0,34,0,2,101,0,103,0,2,135,0,137,120,0,120,257
04/21/2000,RAL,CA,AWP,WE,Federal Contract Tower,0,0,43,0,43,0,3,48,0,51,0,3,91,0,94,114,0,114,208
04/22/2000,RAL,CA,AWP,WE,Federal Contract Tower,0,0,42,0,42,0,0,49,0,49,0,0,91,0,91,64,0,64,155
04/23/2000,RAL,CA,AWP,WE,Federal Contract Tower,0,0,11,0,11,0,0,86,0,86,0,0,97,0,97,68,0,68,165
04/24/2000,RAL,CA,AWP,WE,Federal Contract Tower,0,0,27,0,27,0,4,70,0,74,0,4,97,0,101,76,0,76,177
04/25/2000,RAL,CA,AWP,WE,Federal Contract Tower,0,0,16,0,16,0,2,125,0,127,0,2,141,0,143,153,0,153,296
04/26/2000,RAL,CA,AWP,WE,Federal Contract Tower,0,0,0,0,0,0,0,142,0,142,0,0,142,0,142,143,0,143,285
04/27/2000,RAL,CA,AWP,WE,Federal Contract Tower,0,0,41,0,41,0,4,97,0,101,0,4,138,0,142,184,0,184,326
04/28/2000,RAL,CA,AWP,WE,Federal Contract Tower,0,0,37,0,37,0,2,62,0,64,0,2,99,0,101,186,0,186,287
04/29/2000,RAL,CA,AWP,WE,Federal Contract Tower,0,0,18,0,18,0,1,172,0,173,0,1,190,0,191,138,0,138,329
04/30/2000,RAL,CA,AWP,WE,Federal Contract Tower,0,0,21,0,21,0,0,127,1,128,0,0,148,1,149,76,0,76,225
05/01/2000,RAL,CA,AWP,WE,Federal Contract Tower,0,0,16,0,16,0,0,120,0,120,0,0,136,0,136,104,0,104,240
05/02/2000,RAL,CA,AWP,WE,Federal Contract Tower,0,1,30,0,31,0,0,115,0,115,0,1,145,0,146,136,0,136,282
05/03/2000,RAL,CA,AWP,WE,Federal Contract Tower,0,1,19,0,20,0,3,148,0,151,0,4,167,0,171,183,0,183,354
05/04/2000,RAL,CA,AWP,WE,Federal Contract Tower,0,2,42,0,44,0,2,62,0,64,0,4,104,0,108,67,0,67,175
05/05/2000,RAL,CA,AWP,WE,Federal Contract Tower,0,2,48,0,50,0,0,34,0,34,0,2,82,0,84,114,0,114,198
05/06/2000,RAL,CA,AWP,WE,Federal Contract Tower,0,0,0,0,0,0,0,0,119,119,0,0,0,119,119,170,0,170,289
05/07/2000,RAL,CA,AWP,WE,Federal Contract Tower,0,0,28,0,28,0,0,89,0,89,0,0,117,0,117,156,0,156,273
05/08/2000,RAL,CA,AWP,WE,Federal Contract Tower,0,1,27,0,28,0,0,63,0,63,0,1,90,0,91,123,0,123,214
05/09/2000,RAL,CA,AWP,WE,Federal Contract Tower,0,1,34,0,35,0,3,70,0,73,0,4,104,0,108,113,0,113,221
05/10/2000,RAL,CA,AWP,WE,Federal Contract Tower,0,2,37,0,39,0,2,37,1,40,0,4,74,1,79,118,0,118,197
05/11/2000,RAL,CA,AWP,WE,Federal Contract Tower,0,1,15,0,16,0,4,80,0,84,0,5,95,0,100,60,0,60,160
05/12/2000,RAL,CA,AWP,WE,Federal Contract Tower,0,0,24,0,24,0,0,87,3,90,0,0,111,3,114,136,0,136,250
05/13/2000,RAL,CA,AWP,WE,Federal Contract Tower,0,0,14,0,14,0,0,123,0,123,0,0,137,0,137,155,0,155,292
05/14/2000,RAL,CA,AWP,WE,Federal Contract Tower,0,0,20,0,20,0,0,99,0,99,0,0,119,0,119,80,0,80,199
05/15/2000,RAL,CA,AWP,WE,Federal Contract Tower,0,1,33,0,34,0,3,60,2,65,0,4,93,2,99,133,0,133,232
05/16/2000,RAL,CA,AWP,WE,Federal Contract Tower,0,1,11,0,12,0,1,57,0,58,0,2,68,0,70,123,0,123,193
05/17/2000,RAL,CA,AWP,WE,Federal Contract Tower,0,0,25,1,26,0,2,83,2,87,0,2,108,3,113,166,5,171,284
05/18/2000,RAL,CA,AWP,WE,Federal Contract Tower,0,0,16,0,16,0,2,118,0,120,0,2,134,0,136,138,0,138,274
05/19/2000,RAL,CA,AWP,WE,Federal Contract Tower,0,0,14,0,14,0,2,106,0,108,0,2,120,0,122,130,0,130,252
05/20/2000,RAL,CA,AWP,WE,Federal Contract Tower,0,0,12,0,12,0,0,122,0,122,0,0,134,0,134,164,0,164,298
05/21/2000,RAL,CA,AWP,WE,Federal Contract Tower,0,0,25,0,25,0,0,133,0,133,0,0,158,0,158,113,0,113,271
05/22/2000,RAL,CA,AWP,WE,Federal Contract Tower,0,0,15,0,15,0,4,57,0,61,0,4,72,0,76,66,0,66,142
05/23/2000,RAL,CA,AWP,WE,Federal Contract Tower,0,1,41,0,42,0,1,36,0,37,0,2,77,0,79,62,0,62,141
05/24/2000,RAL,CA,AWP,WE,Federal Contract Tower,0,0,27,0,27,0,2,42,0,44,0,2,69,0,71,82,0,82,153
05/25/2000,RAL,CA,AWP,WE,Federal Contract Tower,0,0,33,0,33,0,4,29,0,33,0,4,62,0,66,126,0,126,192
05/26/2000,RAL,CA,AWP,WE,Federal Contract Tower,0,0,29,0,29,0,2,94,0,96,0,2,123,0,125,122,0,122,247
05/27/2000,RAL,CA,AWP,WE,Federal Contract Tower,0,0,19,0,19,0,0,99,0,99,0,0,118,0,118,144,0,144,262
05/28/2000,RAL,CA,AWP,WE,Federal Contract Tower,0,0,10,0,10,0,0,91,0,91,0,0,101,0,101,81,0,81,182
05/29/2000,RAL,CA,AWP,WE,Federal Contract Tower,0,0,25,0,25,0,2,101,0,103,0,2,126,0,128,164,0,164,292
05/30/2000,RAL,CA,AWP,WE,Federal Contract Tower,0,0,45,0,45,0,0,49,0,49,0,0,94,0,94,72,0,72,166
05/31/2000,RAL,CA,AWP,WE,Federal Contract Tower,0,0,32,0,32,0,3,88,0,91,0,3,120,0,123,138,0,138,261
06/01/2000,RAL,CA,AWP,WE,Federal Contract Tower,0,1,32,0,33,0,1,78,0,79,0,2,110,0,112,86,0,86,198
06/02/2000,RAL,CA,AWP,WE,Federal Contract Tower,0,1,32,0,33,0,1,91,1,93,0,2,123,1,126,201,1,202,328
06/03/2000,RAL,CA,AWP,WE,Federal Contract Tower,0,0,20,0,20,0,0,116,0,116,0,0,136,0,136,135,0,135,271
06/04/2000,RAL,CA,AWP,WE,Federal Contract Tower,0,1,17,0,18,0,0,108,0,108,0,1,125,0,126,78,0,78,204
06/05/2000,RAL,CA,AWP,WE,Federal Contract Tower,0,1,23,0,24,0,1,82,0,83,0,2,105,0,107,128,0,128,235
06/06/2000,RAL,CA,AWP,WE,Federal Contract Tower,0,0,14,0,14,0,0,120,0,120,0,0,134,0,134,135,0,135,269
06/07/2000,RAL,CA,AWP,WE,Federal Contract Tower,0,0,0,0,0,0,0,141,0,141,0,0,141,0,141,180,0,180,321
06/08/2000,RAL,CA,AWP,WE,Federal Contract Tower,0,1,34,0,35,0,3,88,0,91,0,4,122,0,126,152,0,152,278
06/09/2000,RAL,CA,AWP,WE,Federal Contract Tower,0,1,31,0,32,0,3,96,0,99,0,4,127,0,131,131,0,131,262
06/10/2000,RAL,CA,AWP,WE,Federal Contract Tower,0,1,17,0,18,0,0,103,0,103,0,1,120,0,121,108,0,108,229
06/11/2000,RAL,CA,AWP,WE,Federal Contract Tower,0,0,18,0,18,0,0,88,0,88,0,0,106,0,106,50,0,50,156
06/12/2000,RAL,CA,AWP,WE,Federal Contract Tower,0,0,14,0,14,0,1,99,0,100,0,1,113,0,114,140,0,140,254
06/13/2000,RAL,CA,AWP,WE,Federal Contract Tower,0,0,17,0,17,0,0,98,0,98,0,0,115,0,115,118,0,118,233
06/14/2000,RAL,CA,AWP,WE,Federal Contract Tower,0,0,20,0,20,0,4,89,0,93,0,4,109,0,113,118,0,118,231
06/15/2000,RAL,CA,AWP,WE,Federal Contract Tower,0,0,21,0,21,0,6,81,0,87,0,6,102,0,108,157,0,157,265
06/16/2000,RAL,CA,AWP,WE,Federal Contract Tower,0,0,26,0,26,0,2,71,0,73,0,2,97,0,99,158,0,158,257
06/17/2000,RAL,CA,AWP,WE,Federal Contract Tower,0,0,24,0,24,0,0,67,0,67,0,0,91,0,91,162,0,162,253
06/18/2000,RAL,CA,AWP,WE,Federal Contract Tower,0,0,26,0,26,0,0,64,0,64,0,0,90,0,90,92,0,92,182
06/19/2000,RAL,CA,AWP,WE,Federal Contract Tower,0,0,29,0,29,0,2,62,0,64,0,2,91,0,93,130,0,130,223
06/20/2000,RAL,CA,AWP,WE,Federal Contract Tower,0,0,22,0,22,0,6,86,0,92,0,6,108,0,114,113,0,113,227
06/21/2000,RAL,CA,AWP,WE,Federal Contract Tower,0,0,23,0,23,0,4,61,0,65,0,4,84,0,88,224,0,224,312
06/22/2000,RAL,CA,AWP,WE,Federal Contract Tower,0,0,18,0,18,0,3,95,2,100,0,3,113,2,118,148,0,148,266
06/23/2000,RAL,CA,AWP,WE,Federal Contract Tower,0,0,33,0,33,0,3,89,1,93,0,3,122,1,126,132,0,132,258
06/24/2000,RAL,CA,AWP,WE,Federal Contract Tower,0,0,17,0,17,0,0,109,0,109,0,0,126,0,126,105,0,105,231
06/25/2000,RAL,CA,AWP,WE,Federal Contract Tower,0,0,20,0,20,0,0,107,0,107,0,0,127,0,127,126,0,126,253
06/26/2000,RAL,CA,AWP,WE,Federal Contract Tower,0,0,28,0,28,0,3,61,2,66,0,3,89,2,94,121,0,121,215
06/27/2000,RAL,CA,AWP,WE,Federal Contract Tower,0,0,29,0,29,0,5,80,0,85,0,5,109,0,114,146,0,146,260
06/28/2000,RAL,CA,AWP,WE,Federal Contract Tower,0,0,17,0,17,0,2,65,0,67,0,2,82,0,84,31,0,31,115
06/29/2000,RAL,CA,AWP,WE,Federal Contract Tower,0,0,32,0,32,0,1,86,0,87,0,1,118,0,119,208,0,208,327
06/30/2000,RAL,CA,AWP,WE,Federal Contract Tower,0,0,27,0,27,0,2,72,0,74,0,2,99,0,101,85,0,85,186
07/01/2000,RAL,CA,AWP,WE,Federal Contract Tower,0,0,30,0,30,0,0,82,0,82,0,0,112,0,112,148,0,148,260
07/02/2000,RAL,CA,AWP,WE,Federal Contract Tower,0,0,27,0,27,0,0,79,0,79,0,0,106,0,106,96,0,96,202
07/03/2000,RAL,CA,AWP,WE,Federal Contract Tower,0,1,24,0,25,0,1,79,0,80,0,2,103,0,105,60,0,60,165
07/04/2000,RAL,CA,AWP,WE,Federal Contract Tower,0,1,12,0,13,0,1,144,0,145,0,2,156,0,158,119,0,119,277
07/05/2000,RAL,CA,AWP,WE,Federal Contract Tower,0,0,17,0,17,0,0,68,0,68,0,0,85,0,85,108,0,108,193
07/06/2000,RAL,CA,AWP,WE,Federal Contract Tower,0,1,26,0,27,0,2,99,0,101,0,3,125,0,128,121,0,121,249
07/07/2000,RAL,CA,AWP,WE,Federal Contract Tower,0,1,26,0,27,0,1,87,0,88,0,2,113,0,115,153,0,153,268
07/08/2000,RAL,CA,AWP,WE,Federal Contract Tower,0,0,30,0,30,0,0,102,0,102,0,0,132,0,132,72,0,72,204
07/09/2000,RAL,CA,AWP,WE,Federal Contract Tower,0,0,22,0,22,0,2,81,0,83,0,2,103,0,105,77,0,77,182
07/10/2000,RAL,CA,AWP,WE,Federal Contract Tower,0,0,32,0,32,0,0,64,0,64,0,0,96,0,96,112,0,112,208
07/11/2000,RAL,CA,AWP,WE,Federal Contract Tower,0,0,42,0,42,0,2,50,0,52,0,2,92,0,94,76,0,76,170
07/12/2000,RAL,CA,AWP,WE,Federal Contract Tower,0,0,35,0,35,0,2,84,0,86,0,2,119,0,121,79,0,79,200
07/13/2000,RAL,CA,AWP,WE,Federal Contract Tower,0,0,28,0,28,0,3,84,0,87,0,3,112,0,115,153,0,153,268
07/14/2000,RAL,CA,AWP,WE,Federal Contract Tower,0,0,19,0,19,0,2,97,0,99,0,2,116,0,118,141,0,141,259
07/15/2000,RAL,CA,AWP,WE,Federal Contract Tower,0,0,17,0,17,0,0,91,0,91,0,0,108,0,108,116,0,116,224
07/16/2000,RAL,CA,AWP,WE,Federal Contract Tower,0,0,10,0,10,0,0,71,0,71,0,0,81,0,81,70,0,70,151
07/17/2000,RAL,CA,AWP,WE,Federal Contract Tower,0,0,19,0,19,0,5,79,0,84,0,5,98,0,103,138,0,138,241
07/18/2000,RAL,CA,AWP,WE,Federal Contract Tower,0,0,31,0,31,0,2,112,0,114,0,2,143,0,145,162,0,162,307
07/19/2000,RAL,CA,AWP,WE,Federal Contract Tower,0,0,24,0,24,0,2,105,0,107,0,2,129,0,131,160,0,160,291
07/20/2000,RAL,CA,AWP,WE,Federal Contract Tower,0,0,25,0,25,0,2,104,0,106,0,2,129,0,131,122,0,122,253
07/21/2000,RAL,CA,AWP,WE,Federal Contract Tower,0,0,28,0,28,0,3,88,0,91,0,3,116,0,119,117,0,117,236
07/22/2000,RAL,CA,AWP,WE,Federal Contract Tower,0,0,24,0,24,0,1,85,0,86,0,1,109,0,110,152,0,152,262
07/23/2000,RAL,CA,AWP,WE,Federal Contract Tower,0,0,23,0,23,0,1,76,0,77,0,1,99,0,100,108,0,108,208
07/24/2000,RAL,CA,AWP,WE,Federal Contract Tower,0,0,21,0,21,0,0,107,0,107,0,0,128,0,128,160,0,160,288
07/25/2000,RAL,CA,AWP,WE,Federal Contract Tower,0,0,27,0,27,0,2,69,0,71,0,2,96,0,98,138,0,138,236
07/26/2000,RAL,CA,AWP,WE,Federal Contract Tower,0,0,20,0,20,0,4,89,0,93,0,4,109,0,113,82,2,84,197
07/27/2000,RAL,CA,AWP,WE,Federal Contract Tower,0,0,23,0,23,0,2,113,0,115,0,2,136,0,138,104,2,106,244
07/28/2000,RAL,CA,AWP,WE,Federal Contract Tower,0,0,18,0,18,0,6,73,2,81,0,6,91,2,99,74,2,76,175
07/29/2000,RAL,CA,AWP,WE,Federal Contract Tower,0,0,21,0,21,0,0,61,0,61,0,0,82,0,82,104,0,104,186
07/30/2000,RAL,CA,AWP,WE,Federal Contract Tower,0,0,27,0,27,0,0,94,0,94,0,0,121,0,121,109,0,109,230
07/31/2000,RAL,CA,AWP,WE,Federal Contract Tower,0,0,22,0,22,0,3,42,0,45,0,3,64,0,67,60,4,64,131
08/01/2000,RAL,CA,AWP,WE,Federal Contract Tower,0,1,16,0,17,0,3,75,0,78,0,4,91,0,95,83,0,83,178
08/02/2000,RAL,CA,AWP,WE,Federal Contract Tower,0,1,12,0,13,0,2,100,0,102,0,3,112,0,115,102,0,102,217
08/03/2000,RAL,CA,AWP,WE,Federal Contract Tower,0,1,20,0,21,0,0,94,0,94,0,1,114,0,115,161,0,161,276
08/04/2000,RAL,CA,AWP,WE,Federal Contract Tower,0,1,29,0,30,0,7,111,0,118,0,8,140,0,148,138,0,138,286
08/05/2000,RAL,CA,AWP,WE,Federal Contract Tower,0,0,13,0,13,0,0,107,0,107,0,0,120,0,120,171,0,171,291
08/06/2000,RAL,CA,AWP,WE,Federal Contract Tower,0,0,17,0,17,0,0,124,0,124,0,0,141,0,141,90,0,90,231
08/07/2000,RAL,CA,AWP,WE,Federal Contract Tower,0,1,27,0,28,0,3,69,0,72,0,4,96,0,100,122,0,122,222
08/08/2000,RAL,CA,AWP,WE,Federal Contract Tower,0,1,26,0,27,0,3,91,2,96,0,4,117,2,123,234,0,234,357
08/09/2000,RAL,CA,AWP,WE,Federal Contract Tower,0,1,18,0,19,0,0,90,1,91,0,1,108,1,110,60,1,61,171
08/10/2000,RAL,CA,AWP,WE,Federal Contract Tower,0,1,13,0,14,0,2,92,0,94,0,3,105,0,108,132,2,134,242
08/11/2000,RAL,CA,AWP,WE,Federal Contract Tower,0,1,18,0,19,0,0,106,0,106,0,1,124,0,125,119,0,119,244
08/12/2000,RAL,CA,AWP,WE,Federal Contract Tower,0,1,31,0,32,0,0,145,0,145,0,1,176,0,177,185,0,185,362
08/13/2000,RAL,CA,AWP,WE,Federal Contract Tower,0,1,14,0,15,0,1,137,0,138,0,2,151,0,153,193,0,193,346
08/14/2000,RAL,CA,AWP,WE,Federal Contract Tower,0,1,29,0,30,0,3,47,0,50,0,4,76,0,80,118,1,119,199
08/15/2000,RAL,CA,AWP,WE,Federal Contract Tower,0,1,24,0,25,0,3,76,3,82,0,4,100,3,107,149,0,149,256
08/16/2000,RAL,CA,AWP,WE,Federal Contract Tower,0,1,21,0,22,0,5,74,3,82,0,6,95,3,104,160,0,160,264
08/17/2000,RAL,CA,AWP,WE,Federal Contract Tower,0,1,19,0,20,0,1,105,0,106,0,2,124,0,126,131,0,131,257
08/18/2000,RAL,CA,AWP,WE,Federal Contract Tower,0,1,22,0,23,0,2,131,0,133,0,3,153,0,156,192,0,192,348
08/19/2000,RAL,CA,AWP,WE,Federal Contract Tower,0,0,15,0,15,0,0,138,0,138,0,0,153,0,153,155,0,155,308
08/20/2000,RAL,CA,AWP,WE,Federal Contract Tower,0,0,23,0,23,0,2,99,0,101,0,2,122,0,124,81,0,81,205
08/21/2000,RAL,CA,AWP,WE,Federal Contract Tower,0,0,24,0,24,0,2,81,0,83,0,2,105,0,107,152,0,152,259
08/22/2000,RAL,CA,AWP,WE,Federal Contract Tower,0,1,34,0,35,0,2,49,0,51,0,3,83,0,86,100,0,100,186
08/23/2000,RAL,CA,AWP,WE,Federal Contract Tower,0,0,19,0,19,0,1,106,0,107,0,1,125,0,126,113,0,113,239
08/24/2000,RAL,CA,AWP,WE,Federal Contract Tower,0,0,32,0,32,0,0,92,0,92,0,0,124,0,124,73,0,73,197
08/25/2000,RAL,CA,AWP,WE,Federal Contract Tower,0,0,17,0,17,0,2,86,0,88,0,2,103,0,105,149,0,149,254
08/26/2000,RAL,CA,AWP,WE,Federal Contract Tower,0,0,20,0,20,0,0,98,0,98,0,0,118,0,118,105,0,105,223
08/27/2000,RAL,CA,AWP,WE,Federal Contract Tower,0,0,18,0,18,0,0,102,0,102,0,0,120,0,120,113,0,113,233
08/28/2000,RAL,CA,AWP,WE,Federal Contract Tower,0,0,18,0,18,0,3,35,0,38,0,3,53,0,56,108,0,108,164
08/29/2000,RAL,CA,AWP,WE,Federal Contract Tower,0,0,37,0,37,0,0,26,0,26,0,0,63,0,63,29,0,29,92
08/30/2000,RAL,CA,AWP,WE,Federal Contract Tower,0,0,26,0,26,0,2,44,0,46,0,2,70,0,72,106,0,106,178
08/31/2000,RAL,CA,AWP,WE,Federal Contract Tower,0,1,42,0,43,0,1,80,0,81,0,2,122,0,124,147,0,147,271
09/01/2000,RAL,CA,AWP,WE,Federal Contract Tower,0,1,26,0,27,0,3,105,0,108,0,4,131,0,135,163,0,163,298
09/02/2000,RAL,CA,AWP,WE,Federal Contract Tower,0,0,14,0,14,0,0,135,0,135,0,0,149,0,149,131,0,131,280
09/03/2000,RAL,CA,AWP,WE,Federal Contract Tower,0,0,19,0,19,0,0,100,0,100,0,0,119,0,119,140,0,140,259
09/04/2000,RAL,CA,AWP,WE,Federal Contract Tower,0,1,11,0,12,0,1,99,0,100,0,2,110,0,112,172,0,172,284
09/05/2000,RAL,CA,AWP,WE,Federal Contract Tower,0,0,23,0,23,0,0,90,0,90,0,0,113,0,113,151,0,151,264
09/06/2000,RAL,CA,AWP,WE,Federal Contract Tower,0,1,17,0,18,0,3,130,0,133,0,4,147,0,151,162,0,162,313
09/07/2000,RAL,CA,AWP,WE,Federal Contract Tower,0,1,24,0,25,0,2,108,0,110,0,3,132,0,135,161,0,161,296
09/08/2000,RAL,CA,AWP,WE,Federal Contract Tower,0,1,31,0,32,0,2,106,0,108,0,3,137,0,140,70,0,70,210
09/09/2000,RAL,CA,AWP,WE,Federal Contract Tower,0,1,18,0,19,0,0,155,0,155,0,1,173,0,174,121,0,121,295
09/10/2000,RAL,CA,AWP,WE,Federal Contract Tower,0,0,23,0,23,0,0,125,0,125,0,0,148,0,148,72,0,72,220
09/11/2000,RAL,CA,AWP,WE,Federal Contract Tower,0,1,14,0,15,0,2,89,0,91,0,3,103,0,106,88,0,88,194
09/12/2000,RAL,CA,AWP,WE,Federal Contract Tower,0,1,20,0,21,0,5,109,0,114,0,6,129,0,135,97,0,97,232
09/13/2000,RAL,CA,AWP,WE,Federal Contract Tower,0,1,24,0,25,0,2,83,2,87,0,3,107,2,112,108,0,108,220
09/14/2000,RAL,CA,AWP,WE,Federal Contract Tower,0,1,31,0,32,0,1,77,0,78,0,2,108,0,110,86,0,86,196
09/15/2000,RAL,CA,AWP,WE,Federal Contract Tower,0,0,24,0,24,0,0,100,0,100,0,0,124,0,124,80,0,80,204
09/16/2000,RAL,CA,AWP,WE,Federal Contract Tower,0,0,18,0,18,0,0,118,0,118,0,0,136,0,136,89,0,89,225
09/17/2000,RAL,CA,AWP,WE,Federal Contract Tower,0,0,24,0,24,0,0,107,0,107,0,0,131,0,131,111,0,111,242
09/18/2000,RAL,CA,AWP,WE,Federal Contract Tower,0,0,24,0,24,0,4,98,0,102,0,4,122,0,126,113,2,115,241
09/19/2000,RAL,CA,AWP,WE,Federal Contract Tower,0,0,26,0,26,0,4,60,0,64,0,4,86,0,90,134,0,134,224
09/20/2000,RAL,CA,AWP,WE,Federal Contract Tower,0,0,42,0,42,0,1,24,0,25,0,1,66,0,67,128,0,128,195
09/21/2000,RAL,CA,AWP,WE,Federal Contract Tower,0,0,40,0,40,0,1,17,0,18,0,1,57,0,58,106,0,106,164
09/22/2000,RAL,CA,AWP,WE,Federal Contract Tower,0,0,23,0,23,0,1,91,0,92,0,1,114,0,115,103,0,103,218
09/23/2000,RAL,CA,AWP,WE,Federal Contract Tower,0,0,24,0,24,0,0,94,0,94,0,0,118,0,118,144,0,144,262
09/24/2000,RAL,CA,AWP,WE,Federal Contract Tower,0,0,28,0,28,0,0,113,0,113,0,0,141,0,141,145,0,145,286
09/25/2000,RAL,CA,AWP,WE,Federal Contract Tower,0,0,18,0,18,0,6,117,0,123,0,6,135,0,141,152,0,152,293
09/26/2000,RAL,CA,AWP,WE,Federal Contract Tower,0,0,30,0,30,0,6,78,0,84,0,6,108,0,114,117,0,117,231
09/27/2000,RAL,CA,AWP,WE,Federal Contract Tower,0,1,53,0,54,0,1,20,0,21,0,2,73,0,75,28,0,28,103
09/28/2000,RAL,CA,AWP,WE,Federal Contract Tower,0,1,52,0,53,0,1,51,0,52,0,2,103,0,105,80,0,80,185
09/29/2000,RAL,CA,AWP,WE,Federal Contract Tower,0,1,45,0,46,0,1,53,0,54,0,2,98,0,100,69,0,69,169
09/30/2000,RAL,CA,AWP,WE,Federal Contract Tower,0,1,53,0,54,0,0,8,0,8,0,1,61,0,62,62,0,62,124
10/01/2000,RAL,CA,AWP,WE,Federal Contract Tower,0,0,41,0,41,0,0,50,0,50,0,0,91,0,91,102,0,102,193
10/02/2000,RAL,CA,AWP,WE,Federal Contract Tower,0,0,24,0,24,0,0,59,3,62,0,0,83,3,86,84,0,84,170
10/03/2000,RAL,CA,AWP,WE,Federal Contract Tower,0,2,28,0,30,0,0,49,0,49,0,2,77,0,79,105,0,105,184
10/04/2000,RAL,CA,AWP,WE,Federal Contract Tower,0,2,35,0,37,0,0,20,0,20,0,2,55,0,57,129,0,129,186
10/05/2000,RAL,CA,AWP,WE,Federal Contract Tower,0,0,36,0,36,0,0,79,0,79,0,0,115,0,115,147,0,147,262
10/06/2000,RAL,CA,AWP,WE,Federal Contract Tower,0,0,42,0,42,0,0,29,0,29,0,0,71,0,71,143,0,143,214
10/07/2000,RAL,CA,AWP,WE,Federal Contract Tower,0,1,24,0,25,0,0,43,0,43,0,1,67,0,68,216,0,216,284
10/08/2000,RAL,CA,AWP,WE,Federal Contract Tower,0,0,30,0,30,0,0,18,0,18,0,0,48,0,48,138,0,138,186
10/09/2000,RAL,CA,AWP,WE,Federal Contract Tower,0,0,27,0,27,0,0,11,0,11,0,0,38,0,38,80,0,80,118
10/10/2000,RAL,CA,AWP,WE,Federal Contract Tower,0,1,14,0,15,0,0,41,0,41,0,1,55,0,56,110,0,110,166
10/11/2000,RAL,CA,AWP,WE,Federal Contract Tower,0,1,14,0,15,0,0,35,0,35,0,1,49,0,50,121,0,121,171
10/12/2000,RAL,CA,AWP,WE,Federal Contract Tower,0,2,27,0,29,0,2,108,0,110,0,4,135,0,139,87,0,87,226
10/13/2000,RAL,CA,AWP,WE,Federal Contract Tower,0,1,21,0,22,0,1,155,0,156,0,2,176,0,178,163,0,163,341
10/14/2000,RAL,CA,AWP,WE,Federal Contract Tower,0,0,17,0,17,0,0,150,0,150,0,0,167,0,167,170,0,170,337
10/15/2000,RAL,CA,AWP,WE,Federal Contract Tower,0,0,8,0,8,0,0,102,0,102,0,0,110,0,110,131,1,132,242
10/16/2000,RAL,CA,AWP,WE,Federal Contract Tower,0,0,12,0,12,0,2,91,0,93,0,2,103,0,105,148,0,148,253
10/17/2000,RAL,CA,AWP,WE,Federal Contract Tower,0,0,20,0,20,0,0,94,0,94,0,0,114,0,114,120,0,120,234
10/18/2000,RAL,CA,AWP,WE,Federal Contract Tower,0,2,48,0,50,0,5,13,0,18,0,7,61,0,68,54,2,56,124
10/19/2000,RAL,CA,AWP,WE,Federal Contract Tower,0,1,43,0,44,0,3,10,0,13,0,4,53,0,57,67,0,67,124
10/20/2000,RAL,CA,AWP,WE,Federal Contract Tower,0,3,82,0,85,0,0,11,0,11,0,3,93,0,96,61,0,61,157
10/21/2000,RAL,CA,AWP,WE,Federal Contract Tower,0,1,28,0,29,0,0,19,0,19,0,1,47,0,48,126,0,126,174
10/22/2000,RAL,CA,AWP,WE,Federal Contract Tower,0,0,4,0,4,0,0,32,0,32,0,0,36,0,36,30,0,30,66
10/23/2000,RAL,CA,AWP,WE,Federal Contract Tower,0,0,24,0,24,0,2,62,0,64,0,2,86,0,88,156,0,156,244
10/24/2000,RAL,CA,AWP,WE,Federal Contract Tower,0,0,21,0,21,0,7,96,0,103,0,7,117,0,124,120,0,120,244
10/25/2000,RAL,CA,AWP,WE,Federal Contract Tower,0,0,21,0,21,0,6,101,0,107,0,6,122,0,128,73,0,73,201
10/26/2000,RAL,CA,AWP,WE,Federal Contract Tower,0,1,30,0,31,0,1,37,0,38,0,2,67,0,69,71,0,71,140
10/27/2000,RAL,CA,AWP,WE,Federal Contract Tower,0,0,25,0,25,0,0,37,0,37,0,0,62,0,62,166,0,166,228
10/28/2000,RAL,CA,AWP,WE,Federal Contract Tower,0,0,27,0,27,0,0,83,0,83,0,0,110,0,110,153,0,153,263
10/29/2000,RAL,CA,AWP,WE,Federal Contract Tower,0,1,35,0,36,0,0,35,0,35,0,1,70,0,71,138,0,138,209
10/30/2000,RAL,CA,AWP,WE,Federal Contract Tower,0,0,23,0,23,0,4,70,0,74,0,4,93,0,97,244,0,244,341
10/31/2000,RAL,CA,AWP,WE,Federal Contract Tower,0,1,25,0,26,0,6,119,0,125,0,7,144,0,151,81,0,81,232
11/01/2000,RAL,CA,AWP,WE,Federal Contract Tower,0,1,24,0,25,0,2,108,0,110,0,3,132,0,135,147,0,147,282
11/02/2000,RAL,CA,AWP,WE,Federal Contract Tower,0,1,35,0,36,0,2,113,0,115,0,3,148,0,151,70,0,70,221
11/03/2000,RAL,CA,AWP,WE,Federal Contract Tower,0,1,10,0,11,0,1,73,0,74,0,2,83,0,85,122,0,122,207
11/04/2000,RAL,CA,AWP,WE,Federal Contract Tower,0,0,14,0,14,0,0,91,0,91,0,0,105,0,105,70,0,70,175
11/05/2000,RAL,CA,AWP,WE,Federal Contract Tower,0,0,27,0,27,0,0,126,0,126,0,0,153,0,153,198,0,198,351
11/06/2000,RAL,CA,AWP,WE,Federal Contract Tower,0,0,24,0,24,0,6,31,0,37,0,6,55,0,61,112,0,112,173
11/07/2000,RAL,CA,AWP,WE,Federal Contract Tower,0,0,4,0,4,0,0,24,4,28,0,0,28,4,32,26,2,28,60
11/08/2000,RAL,CA,AWP,WE,Federal Contract Tower,0,0,24,0,24,0,0,138,1,139,0,0,162,1,163,170,0,170,333
11/09/2000,RAL,CA,AWP,WE,Federal Contract Tower,0,0,35,0,35,0,2,65,0,67,0,2,100,0,102,129,0,129,231
11/10/2000,RAL,CA,AWP,WE,Federal Contract Tower,0,0,18,0,18,0,0,102,2,104,0,0,120,2,122,219,0,219,341
11/11/2000,RAL,CA,AWP,WE,Federal Contract Tower,0,0,14,0,14,0,0,138,2,140,0,0,152,2,154,194,0,194,348
11/12/2000,RAL,CA,AWP,WE,Federal Contract Tower,0,0,16,0,16,0,0,76,0,76,0,0,92,0,92,59,0,59,151
11/13/2000,RAL,CA,AWP,WE,Federal Contract Tower,0,0,30,0,30,0,4,94,0,98,0,4,124,0,128,68,0,68,196
11/14/2000,RAL,CA,AWP,WE,Federal Contract Tower,0,0,30,0,30,0,2,85,0,87,0,2,115,0,117,116,0,116,233
11/15/2000,RAL,CA,AWP,WE,Federal Contract Tower,0,0,31,0,31,0,3,106,0,109,0,3,137,0,140,104,0,104,244
11/16/2000,RAL,CA,AWP,WE,Federal Contract Tower,0,0,32,0,32,0,2,128,0,130,0,2,160,0,162,140,0,140,302
11/17/2000,RAL,CA,AWP,WE,Federal Contract Tower,0,0,6,0,6,0,0,57,0,57,0,0,63,0,63,39,0,39,102
11/18/2000,RAL,CA,AWP,WE,Federal Contract Tower,0,0,12,0,12,0,0,110,0,110,0,0,122,0,122,112,0,112,234
11/19/2000,RAL,CA,AWP,WE,Federal Contract Tower,0,0,20,0,20,0,0,144,1,145,0,0,164,1,165,164,0,164,329
11/20/2000,RAL,CA,AWP,WE,Federal Contract Tower,0,0,26,0,26,0,2,83,0,85,0,2,109,0,111,124,0,124,235
11/21/2000,RAL,CA,AWP,WE,Federal Contract Tower,0,0,15,0,15,0,0,113,0,113,0,0,128,0,128,125,0,125,253
11/22/2000,RAL,CA,AWP,WE,Federal Contract Tower,0,0,19,0,19,0,0,75,0,75,0,0,94,0,94,84,0,84,178
11/23/2000,RAL,CA,AWP,WE,Federal Contract Tower,0,0,3,0,3,0,2,53,0,55,0,2,56,0,58,46,0,46,104
11/24/2000,RAL,CA,AWP,WE,Federal Contract Tower,0,0,12,0,12,0,0,111,0,111,0,0,123,0,123,153,0,153,276
11/25/2000,RAL,CA,AWP,WE,Federal Contract Tower,0,0,27,0,27,0,1,138,0,139,0,1,165,0,166,168,0,168,334
11/26/2000,RAL,CA,AWP,WE,Federal Contract Tower,0,0,20,0,20,0,1,138,0,139,0,1,158,0,159,135,0,135,294
11/27/2000,RAL,CA,AWP,WE,Federal Contract Tower,0,0,28,0,28,0,0,92,0,92,0,0,120,0,120,167,0,167,287
11/28/2000,RAL,CA,AWP,WE,Federal Contract Tower,0,0,27,0,27,0,0,94,0,94,0,0,121,0,121,102,0,102,223
11/29/2000,RAL,CA,AWP,WE,Federal Contract Tower,0,0,29,0,29,0,3,97,0,100,0,3,126,0,129,149,0,149,278
11/30/2000,RAL,CA,AWP,WE,Federal Contract Tower,0,0,28,0,28,0,1,79,0,80,0,1,107,0,108,157,0,157,265
12/01/2000,RAL,CA,AWP,WE,Federal Contract Tower,0,1,33,0,34,0,0,60,0,60,0,1,93,0,94,190,0,190,284
12/02/2000,RAL,CA,AWP,WE,Federal Contract Tower,0,0,28,0,28,0,0,94,0,94,0,0,122,0,122,206,0,206,328
12/03/2000,RAL,CA,AWP,WE,Federal Contract Tower,0,0,27,0,27,0,0,124,0,124,0,0,151,0,151,158,0,158,309
12/04/2000,RAL,CA,AWP,WE,Federal Contract Tower,0,1,25,0,26,0,1,76,0,77,0,2,101,0,103,152,0,152,255
12/05/2000,RAL,CA,AWP,WE,Federal Contract Tower,0,0,0,0,0,0,2,133,0,135,0,2,133,0,135,168,0,168,303
12/06/2000,RAL,CA,AWP,WE,Federal Contract Tower,0,1,32,0,33,0,3,107,0,110,0,4,139,0,143,142,0,142,285
12/07/2000,RAL,CA,AWP,WE,Federal Contract Tower,0,0,15,0,15,0,0,90,0,90,0,0,105,0,105,135,0,135,240
12/08/2000,RAL,CA,AWP,WE,Federal Contract Tower,0,0,46,0,46,0,0,16,0,16,0,0,62,0,62,113,0,113,175
12/09/2000,RAL,CA,AWP,WE,Federal Contract Tower,0,0,36,0,36,0,0,81,0,81,0,0,117,0,117,209,0,209,326
12/10/2000,RAL,CA,AWP,WE,Federal Contract Tower,0,0,28,0,28,0,0,52,0,52,0,0,80,0,80,196,0,196,276
12/11/2000,RAL,CA,AWP,WE,Federal Contract Tower,0,0,31,0,31,0,3,68,0,71,0,3,99,0,102,137,0,137,239
12/12/2000,RAL,CA,AWP,WE,Federal Contract Tower,0,0,27,0,27,0,2,53,0,55,0,2,80,0,82,146,0,146,228
12/13/2000,RAL,CA,AWP,WE,Federal Contract Tower,0,0,27,0,27,0,0,105,0,105,0,0,132,0,132,170,0,170,302
12/14/2000,RAL,CA,AWP,WE,Federal Contract Tower,0,0,33,0,33,0,1,58,1,60,0,1,91,1,93,115,1,116,209
12/15/2000,RAL,CA,AWP,WE,Federal Contract Tower,0,0,27,0,27,0,0,58,0,58,0,0,85,0,85,95,0,95,180
12/16/2000,RAL,CA,AWP,WE,Federal Contract Tower,0,0,25,0,25,0,0,128,0,128,0,0,153,0,153,128,0,128,281
12/17/2000,RAL,CA,AWP,WE,Federal Contract Tower,0,0,26,0,26,0,2,112,0,114,0,2,138,0,140,176,0,176,316
12/18/2000,RAL,CA,AWP,WE,Federal Contract Tower,0,0,8,0,8,0,2,41,0,43,0,2,49,0,51,47,0,47,98
12/19/2000,RAL,CA,AWP,WE,Federal Contract Tower,0,0,40,0,40,0,0,113,0,113,0,0,153,0,153,175,0,175,328
12/20/2000,RAL,CA,AWP,WE,Federal Contract Tower,0,0,19,0,19,0,0,92,0,92,0,0,111,0,111,117,0,117,228
12/21/2000,RAL,CA,AWP,WE,Federal Contract Tower,0,0,19,0,19,0,1,105,0,106,0,1,124,0,125,132,0,132,257
12/22/2000,RAL,CA,AWP,WE,Federal Contract Tower,0,0,39,0,39,0,1,101,0,102,0,1,140,0,141,187,0,187,328
12/23/2000,RAL,CA,AWP,WE,Federal Contract Tower,0,0,20,0,20,0,4,131,0,135,0,4,151,0,155,229,0,229,384
12/24/2000,RAL,CA,AWP,WE,Federal Contract Tower,0,0,13,0,13,0,0,40,0,40,0,0,53,0,53,91,0,91,144
12/25/2000,RAL,CA,AWP,WE,Federal Contract Tower,0,0,2,0,2,0,0,4,0,4,0,0,6,0,6,0,0,0,6
12/26/2000,RAL,CA,AWP,WE,Federal Contract Tower,0,0,13,0,13,0,0,23,0,23,0,0,36,0,36,70,0,70,106
12/27/2000,RAL,CA,AWP,WE,Federal Contract Tower,0,0,22,0,22,0,6,100,0,106,0,6,122,0,128,142,0,142,270
12/28/2000,RAL,CA,AWP,WE,Federal Contract Tower,0,0,27,0,27,0,9,136,0,145,0,9,163,0,172,200,0,200,372
12/29/2000,RAL,CA,AWP,WE,Federal Contract Tower,0,0,16,0,16,0,2,131,0,133,0,2,147,0,149,129,0,129,278
12/30/2000,RAL,CA,AWP,WE,Federal Contract Tower,0,0,14,0,14,0,0,144,0,144,0,0,158,0,158,166,0,166,324
12/31/2000,RAL,CA,AWP,WE,Federal Contract Tower,0,0,10,0,10,0,1,90,0,91,0,1,100,0,101,110,0,110,211
01/01/2001,RAL,CA,AWP,WE,Federal Contract Tower,0,0,11,0,11,0,0,114,0,114,0,0,125,0,125,124,0,124,249
01/02/2001,RAL,CA,AWP,WE,Federal Contract Tower,0,1,12,0,13,0,1,26,0,27,0,2,38,0,40,44,0,44,84
01/03/2001,RAL,CA,AWP,WE,Federal Contract Tower,0,0,34,0,34,0,0,61,0,61,0,0,95,0,95,195,0,195,290
01/04/2001,RAL,CA,AWP,WE,Federal Contract Tower,0,1,19,0,20,0,1,123,0,124,0,2,142,0,144,189,0,189,333
01/05/2001,RAL,CA,AWP,WE,Federal Contract Tower,0,0,21,0,21,0,0,77,0,77,0,0,98,0,98,135,0,135,233
01/06/2001,RAL,CA,AWP,WE,Federal Contract Tower,0,0,20,0,20,0,0,121,0,121,0,0,141,0,141,180,0,180,321
01/07/2001,RAL,CA,AWP,WE,Federal Contract Tower,0,0,9,0,9,0,0,86,1,87,0,0,95,1,96,134,1,135,231
01/08/2001,RAL,CA,AWP,WE,Federal Contract Tower,0,0,26,0,26,0,0,20,0,20,0,0,46,0,46,68,0,68,114
01/09/2001,RAL,CA,AWP,WE,Federal Contract Tower,0,1,31,0,32,0,0,84,2,86,0,1,115,2,118,110,0,110,228
01/10/2001,RAL,CA,AWP,WE,Federal Contract Tower,0,1,38,0,39,0,3,19,0,22,0,4,57,0,61,123,0,123,184
01/11/2001,RAL,CA,AWP,WE,Federal Contract Tower,0,0,15,0,15,0,2,17,0,19,0,2,32,0,34,54,0,54,88
01/12/2001,RAL,CA,AWP,WE,Federal Contract Tower,0,0,19,0,19,0,0,13,0,13,0,0,32,0,32,110,0,110,142
01/13/2001,RAL,CA,AWP,WE,Federal Contract Tower,0,0,33,0,33,0,0,147,0,147,0,0,180,0,180,197,0,197,377
01/14/2001,RAL,CA,AWP,WE,Federal Contract Tower,0,0,27,0,27,0,0,108,0,108,0,0,135,0,135,237,0,237,372
01/15/2001,RAL,CA,AWP,WE,Federal Contract Tower,0,0,25,0,25,0,1,65,0,66,0,1,90,0,91,241,0,241,332
01/16/2001,RAL,CA,AWP,WE,Federal Contract Tower,0,0,19,0,19,0,2,53,0,55,0,2,72,0,74,57,0,57,131
01/17/2001,RAL,CA,AWP,WE,Federal Contract Tower,0,0,21,0,21,0,4,20,0,24,0,4,41,0,45,40,0,40,85
01/18/2001,RAL,CA,AWP,WE,Federal Contract Tower,0,0,24,0,24,0,0,115,0,115,0,0,139,0,139,101,0,101,240
01/19/2001,RAL,CA,AWP,WE,Federal Contract Tower,0,0,23,0,23,0,0,91,0,91,0,0,114,0,114,100,0,100,214
01/20/2001,RAL,CA,AWP,WE,Federal Contract Tower,0,0,39,0,39,0,0,129,0,129,0,0,168,0,168,145,0,145,313
01/21/2001,RAL,CA,AWP,WE,Federal Contract Tower,0,0,21,0,21,0,0,157,0,157,0,0,178,0,178,176,0,176,354
01/22/2001,RAL,CA,AWP,WE,Federal Contract Tower,0,0,24,0,24,0,2,92,0,94,0,2,116,0,118,148,4,152,270
01/23/2001,RAL,CA,AWP,WE,Federal Contract Tower,0,0,30,0,30,0,2,89,0,91,0,2,119,0,121,172,0,172,293
01/24/2001,RAL,CA,AWP,WE,Federal Contract Tower,0,0,12,0,12,0,0,9,0,9,0,0,21,0,21,39,0,39,60
01/25/2001,RAL,CA,AWP,WE,Federal Contract Tower,0,0,23,0,23,0,0,113,0,113,0,0,136,0,136,212,0,212,348
01/26/2001,RAL,CA,AWP,WE,Federal Contract Tower,0,0,14,0,14,0,0,6,0,6,0,0,20,0,20,17,0,17,37
01/27/2001,RAL,CA,AWP,WE,Federal Contract Tower,0,0,21,0,21,0,2,87,0,89,0,2,108,0,110,195,0,195,305
01/28/2001,RAL,CA,AWP,WE,Federal Contract Tower,0,0,19,0,19,0,2,72,0,74,0,2,91,0,93,146,0,146,239
01/29/2001,RAL,CA,AWP,WE,Federal Contract Tower,0,0,30,0,30,0,3,59,0,62,0,3,89,0,92,101,0,101,193
01/30/2001,RAL,CA,AWP,WE,Federal Contract Tower,0,0,10,0,10,0,0,45,0,45,0,0,55,0,55,77,0,77,132
01/31/2001,RAL,CA,AWP,WE,Federal Contract Tower,0,0,13,0,13,0,0,39,0,39,0,0,52,0,52,40,0,40,92
02/01/2001,RAL,CA,AWP,WE,Federal Contract Tower,0,0,34,0,34,0,0,72,0,72,0,0,106,0,106,74,0,74,180
02/02/2001,RAL,CA,AWP,WE,Federal Contract Tower,0,0,29,0,29,0,0,200,0,200,0,0,229,0,229,234,3,237,466
02/03/2001,RAL,CA,AWP,WE,Federal Contract Tower,0,1,31,0,32,0,2,297,0,299,0,3,328,0,331,148,0,148,479
02/04/2001,RAL,CA,AWP,WE,Federal Contract Tower,0,0,23,0,23,0,0,191,0,191,0,0,214,0,214,142,0,142,356
02/05/2001,RAL,CA,AWP,WE,Federal Contract Tower,0,0,23,0,23,0,0,94,0,94,0,0,117,0,117,157,0,157,274
02/06/2001,RAL,CA,AWP,WE,Federal Contract Tower,0,1,33,0,34,0,3,61,0,64,0,4,94,0,98,100,0,100,198
02/07/2001,RAL,CA,AWP,WE,Federal Contract Tower,0,0,13,0,13,0,0,87,0,87,0,0,100,0,100,67,0,67,167
02/08/2001,RAL,CA,AWP,WE,Federal Contract Tower,0,0,41,0,41,0,0,126,0,126,0,0,167,0,167,224,0,224,391
02/09/2001,RAL,CA,AWP,WE,Federal Contract Tower,0,1,26,0,27,0,1,112,0,113,0,2,138,0,140,234,0,234,374
02/10/2001,RAL,CA,AWP,WE,Federal Contract Tower,0,0,12,0,12,0,0,42,0,42,0,0,54,0,54,135,0,135,189
02/11/2001,RAL,CA,AWP,WE,Federal Contract Tower,0,1,20,0,21,0,3,110,0,113,0,4,130,0,134,266,9,275,409
02/12/2001,RAL,CA,AWP,WE,Federal Contract Tower,0,0,13,0,13,0,0,0,0,0,0,0,13,0,13,15,0,15,28
02/13/2001,RAL,CA,AWP,WE,Federal Contract Tower,0,0,8,0,8,0,0,18,0,18,0,0,26,0,26,36,0,36,62
02/14/2001,RAL,CA,AWP,WE,Federal Contract Tower,0,0,23,0,23,0,0,116,0,116,0,0,139,0,139,124,0,124,263
02/15/2001,RAL,CA,AWP,WE,Federal Contract Tower,0,0,29,0,29,0,6,122,0,128,0,6,151,0,157,198,0,198,355
02/16/2001,RAL,CA,AWP,WE,Federal Contract Tower,0,0,20,0,20,0,2,126,0,128,0,2,146,0,148,163,0,163,311
02/17/2001,RAL,CA,AWP,WE,Federal Contract Tower,0,0,26,0,26,0,0,106,0,106,0,0,132,0,132,200,0,200,332
02/18/2001,RAL,CA,AWP,WE,Federal Contract Tower,0,0,17,0,17,0,1,57,0,58,0,1,74,0,75,210,0,210,285
02/19/2001,RAL,CA,AWP,WE,Federal Contract Tower,0,0,30,0,30,0,0,50,0,50,0,0,80,0,80,162,0,162,242
02/20/2001,RAL,CA,AWP,WE,Federal Contract Tower,0,0,30,0,30,0,0,74,0,74,0,0,104,0,104,108,0,108,212
02/21/2001,RAL,CA,AWP,WE,Federal Contract Tower,0,0,33,0,33,0,4,110,0,114,0,4,143,0,147,127,0,127,274
02/22/2001,RAL,CA,AWP,WE,Federal Contract Tower,0,0,37,0,37,0,4,88,0,92,0,4,125,0,129,101,2,103,232
02/23/2001,RAL,CA,AWP,WE,Federal Contract Tower,0,0,16,0,16,0,0,28,0,28,0,0,44,0,44,102,0,102,146
02/24/2001,RAL,CA,AWP,WE,Federal Contract Tower,0,0,31,0,31,0,1,29,0,30,0,1,60,0,61,120,0,120,181
02/25/2001,RAL,CA,AWP,WE,Federal Contract Tower,0,0,16,0,16,0,2,9,0,11,0,2,25,0,27,100,0,100,127
02/26/2001,RAL,CA,AWP,WE,Federal Contract Tower,0,0,29,0,29,0,2,58,0,60,0,2,87,0,89,134,0,134,223
02/27/2001,RAL,CA,AWP,WE,Federal Contract Tower,0,0,39,0,39,0,3,34,0,37,0,3,73,0,76,83,0,83,159
02/28/2001,RAL,CA,AWP,WE,Federal Contract Tower,0,0,24,0,24,0,2,0,0,2,0,2,24,0,26,56,0,56,82
03/01/2001,RAL,CA,AWP,WE,Federal Contract Tower,0,1,47,0,48,0,4,113,0,117,0,5,160,0,165,167,0,167,332
03/02/2001,RAL,CA,AWP,WE,Federal Contract Tower,0,1,37,0,38,0,2,93,0,95,0,3,130,0,133,218,0,218,351
03/03/2001,RAL,CA,AWP,WE,Federal Contract Tower,0,0,36,0,36,0,0,165,0,165,0,0,201,0,201,202,0,202,403
03/04/2001,RAL,CA,AWP,WE,Federal Contract Tower,0,1,12,0,13,0,1,93,0,94,0,2,105,0,107,148,0,148,255
03/05/2001,RAL,CA,AWP,WE,Federal Contract Tower,0,1,23,0,24,0,1,76,0,77,0,2,99,0,101,103,0,103,204
03/06/2001,RAL,CA,AWP,WE,Federal Contract Tower,0,1,25,0,26,0,2,53,2,57,0,3,78,2,83,71,0,71,154
03/07/2001,RAL,CA,AWP,WE,Federal Contract Tower,0,1,31,0,32,0,3,20,0,23,0,4,51,0,55,58,0,58,113
03/08/2001,RAL,CA,AWP,WE,Federal Contract Tower,0,1,35,0,36,0,0,118,0,118,0,1,153,0,154,172,0,172,326
03/09/2001,RAL,CA,AWP,WE,Federal Contract Tower,0,1,42,0,43,0,1,47,0,48,0,2,89,0,91,98,0,98,189
03/10/2001,RAL,CA,AWP,WE,Federal Contract Tower,0,1,32,0,33,0,0,142,0,142,0,1,174,0,175,242,0,242,417
03/11/2001,RAL,CA,AWP,WE,Federal Contract Tower,0,1,38,0,39,0,0,98,0,98,0,1,136,0,137,137,0,137,274
03/12/2001,RAL,CA,AWP,WE,Federal Contract Tower,0,0,39,0,39,0,4,114,0,118,0,4,153,0,157,136,0,136,293
03/13/2001,RAL,CA,AWP,WE,Federal Contract Tower,0,0,33,0,33,0,1,127,0,128,0,1,160,0,161,156,0,156,317
03/14/2001,RAL,CA,AWP,WE,Federal Contract Tower,0,0,35,0,35,0,4,140,0,144,0,4,175,0,179,79,0,79,258
03/15/2001,RAL,CA,AWP,WE,Federal Contract Tower,0,0,40,0,40,0,2,124,0,126,0,2,164,0,166,130,0,130,296
03/16/2001,RAL,CA,AWP,WE,Federal Contract Tower,0,0,44,0,44,0,0,39,0,39,0,0,83,0,83,123,0,123,206
03/17/2001,RAL,CA,AWP,WE,Federal Contract Tower,0,0,42,0,42,0,0,95,0,95,0,0,137,0,137,168,0,168,305
03/18/2001,RAL,CA,AWP,WE,Federal Contract Tower,0,0,21,0,21,0,2,185,1,188,0,2,206,1,209,184,0,184,393
03/19/2001,RAL,CA,AWP,WE,Federal Contract Tower,0,0,28,0,28,0,2,131,0,133,0,2,159,0,161,180,0,180,341
03/20/2001,RAL,CA,AWP,WE,Federal Contract Tower,0,0,30,0,30,0,2,117,0,119,0,2,147,0,149,88,1,89,238
03/21/2001,RAL,CA,AWP,WE,Federal Contract Tower,0,0,48,0,48,0,4,81,0,85,0,4,129,0,133,118,0,118,251
03/22/2001,RAL,CA,AWP,WE,Federal Contract Tower,0,0,53,0,53,0,2,56,1,59,0,2,109,1,112,124,0,124,236
03/23/2001,RAL,CA,AWP,WE,Federal Contract Tower,0,0,42,0,42,0,2,114,3,119,0,2,156,3,161,141,0,141,302
03/24/2001,RAL,CA,AWP,WE,Federal Contract Tower,0,0,28,0,28,0,2,129,2,133,0,2,157,2,161,119,8,127,288
03/25/2001,RAL,CA,AWP,WE,Federal Contract Tower,0,0,33,0,33,0,0,57,1,58,0,0,90,1,91,113,0,113,204
03/26/2001,RAL,CA,AWP,WE,Federal Contract Tower,0,0,27,0,27,0,2,83,0,85,0,2,110,0,112,96,0,96,208
03/27/2001,RAL,CA,AWP,WE,Federal Contract Tower,0,0,31,0,31,0,2,167,0,169,0,2,198,0,200,126,0,126,326
03/28/2001,RAL,CA,AWP,WE,Federal Contract Tower,0,0,30,0,30,0,2,92,0,94,0,2,122,0,124,124,0,124,248
03/29/2001,RAL,CA,AWP,WE,Federal Contract Tower,0,0,30,0,30,0,4,61,0,65,0,4,91,0,95,161,0,161,256
03/30/2001,RAL,CA,AWP,WE,Federal Contract Tower,0,0,18,0,18,0,2,121,0,123,0,2,139,0,141,158,0,158,299
03/31/2001,RAL,CA,AWP,WE,Federal Contract Tower,0,0,32,0,32,0,1,42,0,43,0,1,74,0,75,106,1,107,182
04/01/2001,RAL,CA,AWP,WE,Federal Contract Tower,0,0,29,0,29,0,0,9,0,9,0,0,38,0,38,76,0,76,114
04/02/2001,RAL,CA,AWP,WE,Federal Contract Tower,0,1,33,0,34,0,2,97,0,99,0,3,130,0,133,174,0,174,307
04/03/2001,RAL,CA,AWP,WE,Federal Contract Tower,0,0,36,0,36,0,5,121,0,126,0,5,157,0,162,186,0,186,348
04/04/2001,RAL,CA,AWP,WE,Federal Contract Tower,0,1,30,0,31,0,1,72,0,73,0,2,102,0,104,73,0,73,177
04/05/2001,RAL,CA,AWP,WE,Federal Contract Tower,0,0,32,0,32,0,2,119,0,121,0,2,151,0,153,214,0,214,367
04/06/2001,RAL,CA,AWP,WE,Federal Contract Tower,0,0,32,0,32,0,2,55,0,57,0,2,87,0,89,125,0,125,214
04/07/2001,RAL,CA,AWP,WE,Federal Contract Tower,0,0,11,0,11,0,0,4,0,4,0,0,15,0,15,36,0,36,51
04/08/2001,RAL,CA,AWP,WE,Federal Contract Tower,0,0,23,0,23,0,0,174,0,174,0,0,197,0,197,130,0,130,327
04/09/2001,RAL,CA,AWP,WE,Federal Contract Tower,0,0,25,0,25,0,2,60,0,62,0,2,85,0,87,136,0,136,223
04/10/2001,RAL,CA,AWP,WE,Federal Contract Tower,0,2,31,0,33,0,3,137,0,140,0,5,168,0,173,194,0,194,367
04/11/2001,RAL,CA,AWP,WE,Federal Contract Tower,0,1,36,0,37,0,5,86,0,91,0,6,122,0,128,181,0,181,309
04/12/2001,RAL,CA,AWP,WE,Federal Contract Tower,0,0,32,0,32,0,2,64,0,66,0,2,96,0,98,176,0,176,274
04/13/2001,RAL,CA,AWP,WE,Federal Contract Tower,0,0,33,0,33,0,4,99,0,103,0,4,132,0,136,108,0,108,244
04/14/2001,RAL,CA,AWP,WE,Federal Contract Tower,0,0,22,0,22,0,1,166,0,167,0,1,188,0,189,198,0,198,387
04/15/2001,RAL,CA,AWP,WE,Federal Contract Tower,0,0,13,0,13,0,2,101,0,103,0,2,114,0,116,96,0,96,212
04/16/2001,RAL,CA,AWP,WE,Federal Contract Tower,0,0,13,0,13,0,2,92,0,94,0,2,105,0,107,162,0,162,269
04/17/2001,RAL,CA,AWP,WE,Federal Contract Tower,0,0,42,0,42,0,6,176,0,182,0,6,218,0,224,199,0,199,423
04/18/2001,RAL,CA,AWP,WE,Federal Contract Tower,0,0,28,0,28,0,2,132,0,134,0,2,160,0,162,162,0,162,324
04/19/2001,RAL,CA,AWP,WE,Federal Contract Tower,0,1,25,0,26,0,0,63,0,63,0,1,88,0,89,152,0,152,241
04/20/2001,RAL,CA,AWP,WE,Federal Contract Tower,0,0,25,0,25,0,1,112,0,113,0,1,137,0,138,136,0,136,274
04/21/2001,RAL,CA,AWP,WE,Federal Contract Tower,0,0,15,0,15,0,0,79,0,79,0,0,94,0,94,114,0,114,208
04/22/2001,RAL,CA,AWP,WE,Federal Contract Tower,0,0,27,0,27,0,0,124,0,124,0,0,151,0,151,111,0,111,262
04/23/2001,RAL,CA,AWP,WE,Federal Contract Tower,0,0,12,0,12,0,4,146,0,150,0,4,158,0,162,149,0,149,311
04/24/2001,RAL,CA,AWP,WE,Federal Contract Tower,0,0,23,0,23,0,1,114,0,115,0,1,137,0,138,203,0,203,341
04/25/2001,RAL,CA,AWP,WE,Federal Contract Tower,0,0,24,0,24,0,2,130,0,132,0,2,154,0,156,108,0,108,264
04/26/2001,RAL,CA,AWP,WE,Federal Contract Tower,0,0,44,0,44,0,2,145,0,147,0,2,189,0,191,168,0,168,359
04/27/2001,RAL,CA,AWP,WE,Federal Contract Tower,0,0,35,0,35,0,0,82,0,82,0,0,117,0,117,180,0,180,297
04/28/2001,RAL,CA,AWP,WE,Federal Contract Tower,0,0,45,0,45,0,2,59,2,63,0,2,104,2,108,129,0,129,237
04/29/2001,RAL,CA,AWP,WE,Federal Contract Tower,0,0,21,0,21,0,2,165,0,167,0,2,186,0,188,88,0,88,276
04/30/2001,RAL,CA,AWP,WE,Federal Contract Tower,0,2,47,0,49,0,0,111,0,111,0,2,158,0,160,176,0,176,336
05/01/2001,RAL,CA,AWP,WE,Federal Contract Tower,0,2,52,0,54,0,2,24,0,26,0,4,76,0,80,81,0,81,161
05/02/2001,RAL,CA,AWP,WE,Federal Contract Tower,0,3,39,0,42,0,1,22,1,24,0,4,61,1,66,74,0,74,140
05/03/2001,RAL,CA,AWP,WE,Federal Contract Tower,0,0,12,0,12,0,2,83,0,85,0,2,95,0,97,58,0,58,155
05/04/2001,RAL,CA,AWP,WE,Federal Contract Tower,0,0,33,0,33,0,2,213,0,215,0,2,246,0,248,200,0,200,448
05/05/2001,RAL,CA,AWP,WE,Federal Contract Tower,0,0,16,0,16,0,2,273,0,275,0,2,289,0,291,242,0,242,533
05/06/2001,RAL,CA,AWP,WE,Federal Contract Tower,0,0,16,0,16,0,0,172,0,172,0,0,188,0,188,216,0,216,404
05/07/2001,RAL,CA,AWP,WE,Federal Contract Tower,0,0,33,0,33,0,2,133,0,135,0,2,166,0,168,145,0,145,313
05/08/2001,RAL,CA,AWP,WE,Federal Contract Tower,0,0,17,0,17,0,4,124,0,128,0,4,141,0,145,121,0,121,266
05/09/2001,RAL,CA,AWP,WE,Federal Contract Tower,0,0,33,0,33,0,2,102,0,104,0,2,135,0,137,144,0,144,281
05/10/2001,RAL,CA,AWP,WE,Federal Contract Tower,0,0,37,0,37,0,2,110,0,112,0,2,147,0,149,148,0,148,297
05/11/2001,RAL,CA,AWP,WE,Federal Contract Tower,0,0,27,0,27,0,2,71,0,73,0,2,98,0,100,92,0,92,192
05/12/2001,RAL,CA,AWP,WE,Federal Contract Tower,0,0,41,0,41,0,0,27,0,27,0,0,68,0,68,56,0,56,124
05/13/2001,RAL,CA,AWP,WE,Federal Contract Tower,0,0,30,0,30,0,2,54,0,56,0,2,84,0,86,71,0,71,157
05/14/2001,RAL,CA,AWP,WE,Federal Contract Tower,0,1,40,0,41,0,2,70,0,72,0,3,110,0,113,86,0,86,199
05/15/2001,RAL,CA,AWP,WE,Federal Contract Tower,0,2,39,0,41,0,2,70,0,72,0,4,109,0,113,84,0,84,197
05/16/2001,RAL,CA,AWP,WE,Federal Contract Tower,0,2,49,0,51,0,2,43,0,45,0,4,92,0,96,64,0,64,160
05/17/2001,RAL,CA,AWP,WE,Federal Contract Tower,0,2,37,0,39,0,0,75,0,75,0,2,112,0,114,124,0,124,238
05/18/2001,RAL,CA,AWP,WE,Federal Contract Tower,0,1,43,0,44,0,1,96,0,97,0,2,139,0,141,158,0,158,299
05/19/2001,RAL,CA,AWP,WE,Federal Contract Tower,0,0,34,0,34,0,2,54,0,56,0,2,88,0,90,149,0,149,239
05/20/2001,RAL,CA,AWP,WE,Federal Contract Tower,0,0,39,0,39,0,2,80,0,82,0,2,119,0,121,51,0,51,172
05/21/2001,RAL,CA,AWP,WE,Federal Contract Tower,0,2,34,0,36,0,2,48,0,50,0,4,82,0,86,101,0,101,187
05/22/2001,RAL,CA,AWP,WE,Federal Contract Tower,0,2,63,0,65,0,2,44,0,46,0,4,107,0,111,72,0,72,183
05/23/2001,RAL,CA,AWP,WE,Federal Contract Tower,0,0,23,0,23,0,4,118,0,122,0,4,141,0,145,170,0,170,315
05/24/2001,RAL,CA,AWP,WE,Federal Contract Tower,0,0,45,0,45,0,6,121,0,127,0,6,166,0,172,154,0,154,326
05/25/2001,RAL,CA,AWP,WE,Federal Contract Tower,0,0,26,0,26,0,3,91,0,94,0,3,117,0,120,142,0,142,262
05/26/2001,RAL,CA,AWP,WE,Federal Contract Tower,0,0,44,0,44,0,0,42,1,43,0,0,86,1,87,156,0,156,243
05/27/2001,RAL,CA,AWP,WE,Federal Contract Tower,0,0,26,0,26,0,0,32,1,33,0,0,58,1,59,198,0,198,257
05/28/2001,RAL,CA,AWP,WE,Federal Contract Tower,0,0,39,0,39,0,2,106,0,108,0,2,145,0,147,180,0,180,327
05/29/2001,RAL,CA,AWP,WE,Federal Contract Tower,0,0,18,0,18,0,6,164,0,170,0,6,182,0,188,142,0,142,330
05/30/2001,RAL,CA,AWP,WE,Federal Contract Tower,0,0,31,0,31,0,4,167,0,171,0,4,198,0,202,231,0,231,433
05/31/2001,RAL,CA,AWP,WE,Federal Contract Tower,0,0,38,0,38,0,2,71,0,73,0,2,109,0,111,71,0,71,182
06/01/2001,RAL,CA,AWP,WE,Federal Contract Tower,0,2,40,0,42,0,0,52,0,52,0,2,92,0,94,113,0,113,207
06/02/2001,RAL,CA,AWP,WE,Federal Contract Tower,0,0,36,0,36,0,0,82,0,82,0,0,118,0,118,168,0,168,286
06/03/2001,RAL,CA,AWP,WE,Federal Contract Tower,0,0,31,0,31,0,2,103,0,105,0,2,134,0,136,168,0,168,304
06/04/2001,RAL,CA,AWP,WE,Federal Contract Tower,0,0,23,0,23,0,4,88,0,92,0,4,111,0,115,152,0,152,267
06/05/2001,RAL,CA,AWP,WE,Federal Contract Tower,0,0,37,0,37,0,2,75,0,77,0,2,112,0,114,149,0,149,263
06/06/2001,RAL,CA,AWP,WE,Federal Contract Tower,0,0,37,0,37,0,2,123,0,125,0,2,160,0,162,122,0,122,284
06/07/2001,RAL,CA,AWP,WE,Federal Contract Tower,0,0,33,0,33,0,2,137,0,139,0,2,170,0,172,156,0,156,328
06/08/2001,RAL,CA,AWP,WE,Federal Contract Tower,0,0,37,0,37,0,0,169,0,169,0,0,206,0,206,222,0,222,428
06/09/2001,RAL,CA,AWP,WE,Federal Contract Tower,0,0,27,0,27,0,0,146,0,146,0,0,173,0,173,98,0,98,271
06/10/2001,RAL,CA,AWP,WE,Federal Contract Tower,0,1,27,0,28,0,3,97,0,100,0,4,124,0,128,196,0,196,324
06/11/2001,RAL,CA,AWP,WE,Federal Contract Tower,0,0,27,0,27,0,4,92,0,96,0,4,119,0,123,128,0,128,251
06/12/2001,RAL,CA,AWP,WE,Federal Contract Tower,0,1,44,0,45,0,1,78,0,79,0,2,122,0,124,185,0,185,309
06/13/2001,RAL,CA,AWP,WE,Federal Contract Tower,0,0,50,0,50,0,0,129,0,129,0,0,179,0,179,150,0,150,329
06/14/2001,RAL,CA,AWP,WE,Federal Contract Tower,0,0,24,1,25,0,4,179,0,183,0,4,203,1,208,175,1,176,384
06/15/2001,RAL,CA,AWP,WE,Federal Contract Tower,0,0,27,0,27,0,2,160,0,162,0,2,187,0,189,172,0,172,361
06/16/2001,RAL,CA,AWP,WE,Federal Contract Tower,0,0,22,0,22,0,0,204,0,204,0,0,226,0,226,176,0,176,402
06/17/2001,RAL,CA,AWP,WE,Federal Contract Tower,0,1,23,0,24,0,1,117,0,118,0,2,140,0,142,177,0,177,319
06/18/2001,RAL,CA,AWP,WE,Federal Contract Tower,0,0,19,0,19,0,3,131,0,134,0,3,150,0,153,209,0,209,362
06/19/2001,RAL,CA,AWP,WE,Federal Contract Tower,0,0,27,0,27,0,2,102,0,104,0,2,129,0,131,146,0,146,277
06/20/2001,RAL,CA,AWP,WE,Federal Contract Tower,0,0,23,0,23,0,2,114,0,116,0,2,137,0,139,130,0,130,269
06/21/2001,RAL,CA,AWP,WE,Federal Contract Tower,0,0,27,0,27,0,3,135,0,138,0,3,162,0,165,250,0,250,415
06/22/2001,RAL,CA,AWP,WE,Federal Contract Tower,0,0,29,0,29,0,0,107,0,107,0,0,136,0,136,142,0,142,278
06/23/2001,RAL,CA,AWP,WE,Federal Contract Tower,0,0,25,0,25,0,0,152,0,152,0,0,177,0,177,246,0,246,423
06/24/2001,RAL,CA,AWP,WE,Federal Contract Tower,0,0,31,0,31,0,2,123,0,125,0,2,154,0,156,116,0,116,272
06/25/2001,RAL,CA,AWP,WE,Federal Contract Tower,0,0,23,0,23,0,4,160,0,164,0,4,183,0,187,146,0,146,333
06/26/2001,RAL,CA,AWP,WE,Federal Contract Tower,0,0,38,0,38,0,4,141,0,145,0,4,179,0,183,108,0,108,291
06/27/2001,RAL,CA,AWP,WE,Federal Contract Tower,0,0,36,0,36,0,6,153,0,159,0,6,189,0,195,173,0,173,368
06/28/2001,RAL,CA,AWP,WE,Federal Contract Tower,0,0,27,0,27,0,2,109,0,111,0,2,136,0,138,220,0,220,358
06/29/2001,RAL,CA,AWP,WE,Federal Contract Tower,0,0,23,0,23,0,2,121,0,123,0,2,144,0,146,196,0,196,342
06/30/2001,RAL,CA,AWP,WE,Federal Contract Tower,0,0,21,0,21,0,0,116,0,116,0,0,137,0,137,206,0,206,343
07/01/2001,RAL,CA,AWP,WE,Federal Contract Tower,0,0,24,0,24,0,2,93,0,95,0,2,117,0,119,107,0,107,226
07/02/2001,RAL,CA,AWP,WE,Federal Contract Tower,0,0,15,0,15,0,4,102,0,106,0,4,117,0,121,106,0,106,227
07/03/2001,RAL,CA,AWP,WE,Federal Contract Tower,0,0,25,0,25,0,3,101,0,104,0,3,126,0,129,140,0,140,269
07/04/2001,RAL,CA,AWP,WE,Federal Contract Tower,0,0,17,0,17,0,2,82,0,84,0,2,99,0,101,162,0,162,263
07/05/2001,RAL,CA,AWP,WE,Federal Contract Tower,0,0,19,1,20,0,6,44,0,50,0,6,63,1,70,86,0,86,156
07/06/2001,RAL,CA,AWP,WE,Federal Contract Tower,0,0,19,0,19,0,2,40,0,42,0,2,59,0,61,152,0,152,213
07/07/2001,RAL,CA,AWP,WE,Federal Contract Tower,0,0,24,0,24,0,1,97,0,98,0,1,121,0,122,146,0,146,268
07/08/2001,RAL,CA,AWP,WE,Federal Contract Tower,0,0,8,0,8,0,0,153,0,153,0,0,161,0,161,172,1,173,334
07/09/2001,RAL,CA,AWP,WE,Federal Contract Tower,0,0,23,0,23,0,5,84,0,89,0,5,107,0,112,155,0,155,267
07/10/2001,RAL,CA,AWP,WE,Federal Contract Tower,0,0,25,0,25,0,4,91,0,95,0,4,116,0,120,112,0,112,232
07/11/2001,RAL,CA,AWP,WE,Federal Contract Tower,0,1,35,0,36,0,2,77,1,80,0,3,112,1,116,142,0,142,258
07/12/2001,RAL,CA,AWP,WE,Federal Contract Tower,0,0,26,0,26,0,2,98,2,102,0,2,124,2,128,136,0,136,264
07/13/2001,RAL,CA,AWP,WE,Federal Contract Tower,0,0,35,0,35,0,4,126,4,134,0,4,161,4,169,246,2,248,417
07/14/2001,RAL,CA,AWP,WE,Federal Contract Tower,0,0,33,0,33,0,2,107,0,109,0,2,140,0,142,198,0,198,340
07/15/2001,RAL,CA,AWP,WE,Federal Contract Tower,0,0,24,0,24,0,2,85,0,87,0,2,109,0,111,74,0,74,185
07/16/2001,RAL,CA,AWP,WE,Federal Contract Tower,0,0,20,0,20,0,4,64,0,68,0,4,84,0,88,113,0,113,201
07/17/2001,RAL,CA,AWP,WE,Federal Contract Tower,0,0,32,0,32,0,2,68,0,70,0,2,100,0,102,105,0,105,207
07/18/2001,RAL,CA,AWP,WE,Federal Contract Tower,0,0,30,0,30,0,3,86,0,89,0,3,116,0,119,114,0,114,233
07/19/2001,RAL,CA,AWP,WE,Federal Contract Tower,0,0,37,0,37,0,0,104,0,104,0,0,141,0,141,165,0,165,306
07/20/2001,RAL,CA,AWP,WE,Federal Contract Tower,0,0,33,0,33,0,2,133,0,135,0,2,166,0,168,215,0,215,383
07/21/2001,RAL,CA,AWP,WE,Federal Contract Tower,0,2,20,0,22,0,4,111,0,115,0,6,131,0,137,218,0,218,355
07/22/2001,RAL,CA,AWP,WE,Federal Contract Tower,0,0,16,0,16,0,2,89,0,91,0,2,105,0,107,88,0,88,195
07/23/2001,RAL,CA,AWP,WE,Federal Contract Tower,0,0,22,0,22,0,1,90,0,91,0,1,112,0,113,134,0,134,247
07/24/2001,RAL,CA,AWP,WE,Federal Contract Tower,0,1,35,1,37,0,3,42,2,47,0,4,77,3,84,173,0,173,257
07/25/2001,RAL,CA,AWP,WE,Federal Contract Tower,0,3,38,0,41,0,3,63,0,66,0,6,101,0,107,107,0,107,214
07/26/2001,RAL,CA,AWP,WE,Federal Contract Tower,0,0,35,0,35,0,4,67,0,71,0,4,102,0,106,186,0,186,292
07/27/2001,RAL,CA,AWP,WE,Federal Contract Tower,0,0,18,0,18,0,2,79,0,81,0,2,97,0,99,176,0,176,275
07/28/2001,RAL,CA,AWP,WE,Federal Contract Tower,0,0,34,0,34,0,1,118,0,119,0,1,152,0,153,182,0,182,335
07/29/2001,RAL,CA,AWP,WE,Federal Contract Tower,0,0,39,0,39,0,4,96,0,100,0,4,135,0,139,166,0,166,305
07/30/2001,RAL,CA,AWP,WE,Federal Contract Tower,0,0,35,0,35,0,0,70,0,70,0,0,105,0,105,113,0,113,218
07/31/2001,RAL,CA,AWP,WE,Federal Contract Tower,0,0,23,0,23,0,2,97,2,101,0,2,120,2,124,173,0,173,297
08/01/2001,RAL,CA,AWP,WE,Federal Contract Tower,0,2,43,0,45,0,6,87,0,93,0,8,130,0,138,162,0,162,300
08/02/2001,RAL,CA,AWP,WE,Federal Contract Tower,0,0,35,0,35,0,4,79,0,83,0,4,114,0,118,139,0,139,257
08/03/2001,RAL,CA,AWP,WE,Federal Contract Tower,0,1,27,0,28,0,2,79,0,81,0,3,106,0,109,184,0,184,293
08/04/2001,RAL,CA,AWP,WE,Federal Contract Tower,0,0,21,0,21,0,0,89,0,89,0,0,110,0,110,227,0,227,337
08/05/2001,RAL,CA,AWP,WE,Federal Contract Tower,0,1,10,0,11,0,0,111,0,111,0,1,121,0,122,196,0,196,318
08/06/2001,RAL,CA,AWP,WE,Federal Contract Tower,0,0,31,0,31,0,4,96,0,100,0,4,127,0,131,168,0,168,299
08/07/2001,RAL,CA,AWP,WE,Federal Contract Tower,0,0,30,0,30,0,4,78,0,82,0,4,108,0,112,167,0,167,279
08/08/2001,RAL,CA,AWP,WE,Federal Contract Tower,0,0,15,0,15,0,2,106,4,112,0,2,121,4,127,229,1,230,357
08/09/2001,RAL,CA,AWP,WE,Federal Contract Tower,0,0,25,0,25,0,2,107,0,109,0,2,132,0,134,232,0,232,366
08/10/2001,RAL,CA,AWP,WE,Federal Contract Tower,0,0,25,0,25,0,2,130,6,138,0,2,155,6,163,226,0,226,389
08/11/2001,RAL,CA,AWP,WE,Federal Contract Tower,0,0,35,0,35,0,0,81,0,81,0,0,116,0,116,193,0,193,309
08/12/2001,RAL,CA,AWP,WE,Federal Contract Tower,0,0,14,0,14,0,2,121,0,123,0,2,135,0,137,119,0,119,256
08/13/2001,RAL,CA,AWP,WE,Federal Contract Tower,0,0,20,0,20,0,2,96,6,104,0,2,116,6,124,214,0,214,338
08/14/2001,RAL,CA,AWP,WE,Federal Contract Tower,0,0,17,0,17,0,2,95,0,97,0,2,112,0,114,113,0,113,227
08/15/2001,RAL,CA,AWP,WE,Federal Contract Tower,0,0,24,0,24,0,4,86,0,90,0,4,110,0,114,132,0,132,246
08/16/2001,RAL,CA,AWP,WE,Federal Contract Tower,0,2,18,0,20,0,4,103,0,107,0,6,121,0,127,200,0,200,327
08/17/2001,RAL,CA,AWP,WE,Federal Contract Tower,0,0,23,0,23,0,2,141,0,143,0,2,164,0,166,214,0,214,380
08/18/2001,RAL,CA,AWP,WE,Federal Contract Tower,0,0,16,0,16,0,2,145,0,147,0,2,161,0,163,261,0,261,424
08/19/2001,RAL,CA,AWP,WE,Federal Contract Tower,0,0,21,0,21,0,2,98,0,100,0,2,119,0,121,142,0,142,263
08/20/2001,RAL,CA,AWP,WE,Federal Contract Tower,0,0,23,0,23,0,4,94,0,98,0,4,117,0,121,168,0,168,289
08/21/2001,RAL,CA,AWP,WE,Federal Contract Tower,0,0,34,0,34,0,2,78,0,80,0,2,112,0,114,104,0,104,218
08/22/2001,RAL,CA,AWP,WE,Federal Contract Tower,0,0,23,0,23,0,4,92,0,96,0,4,115,0,119,185,0,185,304
08/23/2001,RAL,CA,AWP,WE,Federal Contract Tower,0,2,58,0,60,0,2,81,0,83,0,4,139,0,143,183,0,183,326
08/24/2001,RAL,CA,AWP,WE,Federal Contract Tower,0,0,32,0,32,0,2,95,0,97,0,2,127,0,129,132,0,132,261
08/25/2001,RAL,CA,AWP,WE,Federal Contract Tower,0,0,29,0,29,0,0,69,0,69,0,0,98,0,98,165,0,165,263
08/26/2001,RAL,CA,AWP,WE,Federal Contract Tower,0,0,19,0,19,0,0,119,0,119,0,0,138,0,138,246,0,246,384
08/27/2001,RAL,CA,AWP,WE,Federal Contract Tower,0,0,21,0,21,0,4,116,0,120,0,4,137,0,141,182,0,182,323
08/28/2001,RAL,CA,AWP,WE,Federal Contract Tower,0,1,42,0,43,0,1,69,0,70,0,2,111,0,113,182,0,182,295
08/29/2001,RAL,CA,AWP,WE,Federal Contract Tower,0,2,47,0,49,0,1,77,0,78,0,3,124,0,127,192,0,192,319
08/30/2001,RAL,CA,AWP,WE,Federal Contract Tower,0,2,31,0,33,0,2,104,0,106,0,4,135,0,139,152,0,152,291
08/31/2001,RAL,CA,AWP,WE,Federal Contract Tower,0,0,35,0,35,0,4,185,0,189,0,4,220,0,224,172,0,172,396
09/01/2001,RAL,CA,AWP,WE,Federal Contract Tower,0,0,29,0,29,0,0,128,0,128,0,0,157,0,157,214,0,214,371
09/02/2001,RAL,CA,AWP,WE,Federal Contract Tower,0,0,23,0,23,0,0,76,0,76,0,0,99,0,99,159,0,159,258
09/03/2001,RAL,CA,AWP,WE,Federal Contract Tower,0,0,23,0,23,0,4,74,0,78,0,4,97,0,101,168,0,168,269
09/04/2001,RAL,CA,AWP,WE,Federal Contract Tower,0,0,21,0,21,0,4,90,0,94,0,4,111,0,115,147,0,147,262
09/05/2001,RAL,CA,AWP,WE,Federal Contract Tower,0,0,19,0,19,0,4,115,0,119,0,4,134,0,138,136,0,136,274
09/06/2001,RAL,CA,AWP,WE,Federal Contract Tower,0,2,45,0,47,0,2,58,0,60,0,4,103,0,107,48,0,48,155
09/07/2001,RAL,CA,AWP,WE,Federal Contract Tower,0,0,28,0,28,0,2,102,0,104,0,2,130,0,132,126,0,126,258
09/08/2001,RAL,CA,AWP,WE,Federal Contract Tower,0,2,36,0,38,0,0,138,0,138,0,2,174,0,176,294,0,294,470
09/09/2001,RAL,CA,AWP,WE,Federal Contract Tower,0,0,35,0,35,0,2,35,0,37,0,2,70,0,72,76,0,76,148
09/10/2001,RAL,CA,AWP,WE,Federal Contract Tower,0,0,42,0,42,0,2,39,0,41,0,2,81,0,83,61,0,61,144
09/11/2001,RAL,CA,AWP,WE,Federal Contract Tower,0,0,0,0,0,0,0,1,0,1,0,0,1,0,1,0,0,0,1
09/12/2001,RAL,CA,AWP,WE,Federal Contract Tower,0,0,2,0,2,0,0,2,0,2,0,0,4,0,4,0,0,0,4
09/13/2001,RAL,CA,AWP,WE,Federal Contract Tower,0,0,0,0,0,0,0,3,2,5,0,0,3,2,5,0,0,0,5
09/14/2001,RAL,CA,AWP,WE,Federal Contract Tower,0,0,3,0,3,0,0,6,0,6,0,0,9,0,9,2,0,2,11
09/15/2001,RAL,CA,AWP,WE,Federal Contract Tower,0,0,31,0,31,0,0,4,0,4,0,0,35,0,35,0,0,0,35
09/16/2001,RAL,CA,AWP,WE,Federal Contract Tower,0,0,35,0,35,0,0,5,0,5,0,0,40,0,40,38,0,38,78
09/17/2001,RAL,CA,AWP,WE,Federal Contract Tower,0,2,28,0,30,0,4,13,0,17,0,6,41,0,47,2,0,2,49
09/18/2001,RAL,CA,AWP,WE,Federal Contract Tower,0,0,6,0,6,0,2,52,0,54,0,2,58,0,60,0,0,0,60
09/19/2001,RAL,CA,AWP,WE,Federal Contract Tower,0,4,47,0,51,0,0,3,0,3,0,4,50,0,54,0,0,0,54
09/20/2001,RAL,CA,AWP,WE,Federal Contract Tower,0,4,45,0,49,0,0,52,0,52,0,4,97,0,101,0,0,0,101
09/21/2001,RAL,CA,AWP,WE,Federal Contract Tower,0,1,50,0,51,0,1,41,0,42,0,2,91,0,93,10,0,10,103
09/22/2001,RAL,CA,AWP,WE,Federal Contract Tower,0,0,38,0,38,0,0,98,0,98,0,0,136,0,136,196,0,196,332
09/23/2001,RAL,CA,AWP,WE,Federal Contract Tower,0,0,40,0,40,0,4,97,0,101,0,4,137,0,141,222,0,222,363
09/24/2001,RAL,CA,AWP,WE,Federal Contract Tower,0,0,23,0,23,0,10,97,0,107,0,10,120,0,130,254,0,254,384
09/25/2001,RAL,CA,AWP,WE,Federal Contract Tower,0,0,40,0,40,0,8,112,0,120,0,8,152,0,160,196,0,196,356
09/26/2001,RAL,CA,AWP,WE,Federal Contract Tower,0,0,24,0,24,0,4,90,0,94,0,4,114,0,118,224,0,224,342
09/27/2001,RAL,CA,AWP,WE,Federal Contract Tower,0,1,50,0,51,0,2,111,0,113,0,3,161,0,164,244,0,244,408
09/28/2001,RAL,CA,AWP,WE,Federal Contract Tower,0,0,37,0,37,0,3,85,0,88,0,3,122,0,125,342,0,342,467
09/29/2001,RAL,CA,AWP,WE,Federal Contract Tower,0,0,26,0,26,0,0,119,0,119,0,0,145,0,145,268,0,268,413
09/30/2001,RAL,CA,AWP,WE,Federal Contract Tower,0,0,27,0,27,0,2,63,0,65,0,2,90,0,92,192,0,192,284
10/01/2001,RAL,CA,AWP,WE,Federal Contract Tower,0,0,29,0,29,0,1,89,0,90,0,1,118,0,119,140,0,140,259
10/02/2001,RAL,CA,AWP,WE,Federal Contract Tower,0,0,26,0,26,0,2,123,0,125,0,2,149,0,151,206,0,206,357
10/03/2001,RAL,CA,AWP,WE,Federal Contract Tower,0,0,33,0,33,0,4,114,0,118,0,4,147,0,151,214,0,214,365
10/04/2001,RAL,CA,AWP,WE,Federal Contract Tower,0,0,44,0,44,0,2,82,0,84,0,2,126,0,128,231,0,231,359
10/05/2001,RAL,CA,AWP,WE,Federal Contract Tower,0,5,39,0,44,0,4,89,0,93,0,9,128,0,137,218,0,218,355
10/06/2001,RAL,CA,AWP,WE,Federal Contract Tower,0,0,40,0,40,0,2,97,0,99,0,2,137,0,139,325,0,325,464
10/07/2001,RAL,CA,AWP,WE,Federal Contract Tower,0,0,50,0,50,0,0,74,1,75,0,0,124,1,125,212,0,212,337
10/08/2001,RAL,CA,AWP,WE,Federal Contract Tower,0,4,37,0,41,0,2,42,0,44,0,6,79,0,85,121,0,121,206
10/09/2001,RAL,CA,AWP,WE,Federal Contract Tower,0,2,46,0,48,0,0,35,0,35,0,2,81,0,83,166,0,166,249
10/10/2001,RAL,CA,AWP,WE,Federal Contract Tower,0,0,32,0,32,0,2,74,0,76,0,2,106,0,108,124,0,124,232
10/11/2001,RAL,CA,AWP,WE,Federal Contract Tower,0,0,31,0,31,0,4,94,0,98,0,4,125,0,129,102,0,102,231
10/12/2001,RAL,CA,AWP,WE,Federal Contract Tower,0,0,24,0,24,0,2,41,0,43,0,2,65,0,67,84,0,84,151
10/13/2001,RAL,CA,AWP,WE,Federal Contract Tower,0,0,20,0,20,0,0,143,0,143,0,0,163,0,163,226,0,226,389
10/14/2001,RAL,CA,AWP,WE,Federal Contract Tower,0,0,31,0,31,0,0,132,0,132,0,0,163,0,163,184,0,184,347
10/15/2001,RAL,CA,AWP,WE,Federal Contract Tower,0,1,27,0,28,0,5,81,0,86,0,6,108,0,114,177,0,177,291
10/16/2001,RAL,CA,AWP,WE,Federal Contract Tower,0,1,24,0,25,0,3,109,0,112,0,4,133,0,137,180,0,180,317
10/17/2001,RAL,CA,AWP,WE,Federal Contract Tower,0,1,34,0,35,0,4,78,0,82,0,5,112,0,117,136,0,136,253
10/18/2001,RAL,CA,AWP,WE,Federal Contract Tower,0,0,23,0,23,0,2,93,0,95,0,2,116,0,118,138,0,138,256
10/19/2001,RAL,CA,AWP,WE,Federal Contract Tower,0,0,50,0,50,0,0,93,0,93,0,0,143,0,143,172,0,172,315
10/20/2001,RAL,CA,AWP,WE,Federal Contract Tower,0,0,56,0,56,0,0,68,0,68,0,0,124,0,124,168,0,168,292
10/21/2001,RAL,CA,AWP,WE,Federal Contract Tower,0,0,70,0,70,0,2,5,0,7,0,2,75,0,77,132,0,132,209
10/22/2001,RAL,CA,AWP,WE,Federal Contract Tower,0,1,38,0,39,0,0,22,0,22,0,1,60,0,61,133,0,133,194
10/23/2001,RAL,CA,AWP,WE,Federal Contract Tower,0,0,44,0,44,0,2,24,0,26,0,2,68,0,70,96,0,96,166
10/24/2001,RAL,CA,AWP,WE,Federal Contract Tower,0,2,55,0,57,0,4,38,0,42,0,6,93,0,99,136,0,136,235
10/25/2001,RAL,CA,AWP,WE,Federal Contract Tower,0,0,29,0,29,0,2,85,0,87,0,2,114,0,116,168,0,168,284
10/26/2001,RAL,CA,AWP,WE,Federal Contract Tower,0,0,40,1,41,0,2,63,4,69,0,2,103,5,110,128,0,128,238
10/27/2001,RAL,CA,AWP,WE,Federal Contract Tower,0,0,55,0,55,0,1,60,0,61,0,1,115,0,116,222,0,222,338
10/28/2001,RAL,CA,AWP,WE,Federal Contract Tower,0,0,46,0,46,0,0,18,0,18,0,0,64,0,64,138,0,138,202
10/29/2001,RAL,CA,AWP,WE,Federal Contract Tower,0,1,23,0,24,0,1,58,0,59,0,2,81,0,83,144,0,144,227
10/30/2001,RAL,CA,AWP,WE,Federal Contract Tower,0,1,28,0,29,0,2,57,0,59,0,3,85,0,88,182,0,182,270
10/31/2001,RAL,CA,AWP,WE,Federal Contract Tower,0,1,29,0,30,0,1,102,0,103,0,2,131,0,133,180,0,180,313
11/01/2001,RAL,CA,AWP,WE,Federal Contract Tower,0,0,28,0,28,0,2,117,0,119,0,2,145,0,147,150,0,150,297
11/02/2001,RAL,CA,AWP,WE,Federal Contract Tower,0,2,60,0,62,0,0,0,0,0,0,2,60,0,62,55,0,55,117
11/03/2001,RAL,CA,AWP,WE,Federal Contract Tower,0,0,37,0,37,0,0,77,0,77,0,0,114,0,114,122,0,122,236
11/04/2001,RAL,CA,AWP,WE,Federal Contract Tower,0,0,33,0,33,0,2,21,2,25,0,2,54,2,58,38,0,38,96
11/05/2001,RAL,CA,AWP,WE,Federal Contract Tower,0,3,39,0,42,0,2,24,0,26,0,5,63,0,68,51,0,51,119
11/06/2001,RAL,CA,AWP,WE,Federal Contract Tower,0,2,40,0,42,0,2,38,0,40,0,4,78,0,82,101,0,101,183
11/07/2001,RAL,CA,AWP,WE,Federal Contract Tower,0,0,50,0,50,0,2,53,0,55,0,2,103,0,105,112,0,112,217
11/08/2001,RAL,CA,AWP,WE,Federal Contract Tower,0,1,19,0,20,0,4,124,0,128,0,5,143,0,148,202,0,202,350
11/09/2001,RAL,CA,AWP,WE,Federal Contract Tower,0,0,39,0,39,0,3,120,0,123,0,3,159,0,162,172,0,172,334
11/10/2001,RAL,CA,AWP,WE,Federal Contract Tower,0,0,57,0,57,0,0,71,0,71,0,0,128,0,128,266,0,266,394
11/11/2001,RAL,CA,AWP,WE,Federal Contract Tower,0,1,56,0,57,0,1,83,0,84,0,2,139,0,141,169,0,169,310
11/12/2001,RAL,CA,AWP,WE,Federal Contract Tower,0,0,25,0,25,0,1,81,0,82,0,1,106,0,107,240,0,240,347
11/13/2001,RAL,CA,AWP,WE,Federal Contract Tower,0,0,40,0,40,0,4,89,0,93,0,4,129,0,133,230,0,230,363
11/14/2001,RAL,CA,AWP,WE,Federal Contract Tower,0,0,26,1,27,0,6,117,1,124,0,6,143,2,151,88,0,88,239
11/15/2001,RAL,CA,AWP,WE,Federal Contract Tower,0,0,22,0,22,0,2,184,0,186,0,2,206,0,208,221,0,221,429
11/16/2001,RAL,CA,AWP,WE,Federal Contract Tower,0,0,25,0,25,0,4,123,0,127,0,4,148,0,152,124,0,124,276
11/17/2001,RAL,CA,AWP,WE,Federal Contract Tower,0,0,21,0,21,0,2,134,1,137,0,2,155,1,158,206,0,206,364
11/18/2001,RAL,CA,AWP,WE,Federal Contract Tower,0,0,18,0,18,0,2,121,0,123,0,2,139,0,141,252,0,252,393
11/19/2001,RAL,CA,AWP,WE,Federal Contract Tower,0,0,29,0,29,0,2,77,0,79,0,2,106,0,108,178,0,178,286
11/20/2001,RAL,CA,AWP,WE,Federal Contract Tower,0,0,33,0,33,0,3,93,0,96,0,3,126,0,129,114,0,114,243
11/21/2001,RAL,CA,AWP,WE,Federal Contract Tower,0,0,26,0,26,0,2,92,0,94,0,2,118,0,120,106,0,106,226
11/22/2001,RAL,CA,AWP,WE,Federal Contract Tower,0,0,19,0,19,0,2,6,0,8,0,2,25,0,27,80,0,80,107
11/23/2001,RAL,CA,AWP,WE,Federal Contract Tower,0,0,35,0,35,0,2,117,0,119,0,2,152,0,154,158,0,158,312
11/24/2001,RAL,CA,AWP,WE,Federal Contract Tower,0,0,10,0,10,0,0,42,0,42,0,0,52,0,52,110,0,110,162
11/25/2001,RAL,CA,AWP,WE,Federal Contract Tower,0,0,30,0,30,0,2,81,0,83,0,2,111,0,113,123,0,123,236
11/26/2001,RAL,CA,AWP,WE,Federal Contract Tower,0,0,13,0,13,0,4,126,0,130,0,4,139,0,143,146,0,146,289
11/27/2001,RAL,CA,AWP,WE,Federal Contract Tower,0,0,16,0,16,0,2,35,0,37,0,2,51,0,53,38,0,38,91
11/28/2001,RAL,CA,AWP,WE,Federal Contract Tower,0,3,43,0,46,0,2,120,0,122,0,5,163,0,168,118,0,118,286
11/29/2001,RAL,CA,AWP,WE,Federal Contract Tower,0,0,25,0,25,0,3,65,0,68,0,3,90,0,93,166,0,166,259
11/30/2001,RAL,CA,AWP,WE,Federal Contract Tower,0,0,40,0,40,0,3,118,0,121,0,3,158,0,161,202,0,202,363
12/01/2001,RAL,CA,AWP,WE,Federal Contract Tower,0,0,28,0,28,0,2,170,0,172,0,2,198,0,200,278,0,278,478
12/02/2001,RAL,CA,AWP,WE,Federal Contract Tower,0,0,25,0,25,0,0,85,0,85,0,0,110,0,110,146,0,146,256
12/03/2001,RAL,CA,AWP,WE,Federal Contract Tower,0,0,22,0,22,0,0,40,0,40,0,0,62,0,62,168,0,168,230
12/04/2001,RAL,CA,AWP,WE,Federal Contract Tower,0,0,38,0,38,0,2,138,0,140,0,2,176,0,178,186,0,186,364
12/05/2001,RAL,CA,AWP,WE,Federal Contract Tower,0,0,29,0,29,0,2,130,0,132,0,2,159,0,161,126,0,126,287
12/06/2001,RAL,CA,AWP,WE,Federal Contract Tower,0,2,38,0,40,0,4,118,0,122,0,6,156,0,162,129,0,129,291
12/07/2001,RAL,CA,AWP,WE,Federal Contract Tower,0,0,15,0,15,0,2,51,0,53,0,2,66,0,68,18,0,18,86
12/08/2001,RAL,CA,AWP,WE,Federal Contract Tower,0,0,16,0,16,0,1,93,0,94,0,1,109,0,110,192,0,192,302
12/09/2001,RAL,CA,AWP,WE,Federal Contract Tower,0,0,32,1,33,0,4,139,1,144,0,4,171,2,177,128,0,128,305
12/10/2001,RAL,CA,AWP,WE,Federal Contract Tower,0,0,17,0,17,0,4,99,0,103,0,4,116,0,120,158,0,158,278
12/11/2001,RAL,CA,AWP,WE,Federal Contract Tower,0,0,19,0,19,0,1,73,0,74,0,1,92,0,93,151,0,151,244
12/12/2001,RAL,CA,AWP,WE,Federal Contract Tower,0,0,20,0,20,0,2,84,0,86,0,2,104,0,106,158,0,158,264
12/13/2001,RAL,CA,AWP,WE,Federal Contract Tower,0,0,21,0,21,0,2,122,0,124,0,2,143,0,145,174,0,174,319
12/14/2001,RAL,CA,AWP,WE,Federal Contract Tower,0,0,13,0,13,0,2,42,0,44,0,2,55,0,57,144,0,144,201
12/15/2001,RAL,CA,AWP,WE,Federal Contract Tower,0,0,9,0,9,0,0,46,0,46,0,0,55,0,55,71,0,71,126
12/16/2001,RAL,CA,AWP,WE,Federal Contract Tower,0,0,25,0,25,0,2,122,0,124,0,2,147,0,149,142,0,142,291
12/17/2001,RAL,CA,AWP,WE,Federal Contract Tower,0,0,30,0,30,0,4,106,0,110,0,4,136,0,140,178,0,178,318
12/18/2001,RAL,CA,AWP,WE,Federal Contract Tower,0,1,27,0,28,0,4,131,0,135,0,5,158,0,163,194,0,194,357
12/19/2001,RAL,CA,AWP,WE,Federal Contract Tower,0,0,28,0,28,0,4,84,0,88,0,4,112,0,116,114,0,114,230
12/20/2001,RAL,CA,AWP,WE,Federal Contract Tower,0,0,27,0,27,0,2,83,0,85,0,2,110,0,112,192,0,192,304
12/21/2001,RAL,CA,AWP,WE,Federal Contract Tower,0,0,22,0,22,0,1,28,0,29,0,1,50,0,51,110,0,110,161
12/22/2001,RAL,CA,AWP,WE,Federal Contract Tower,0,0,30,0,30,0,0,114,0,114,0,0,144,0,144,210,0,210,354
12/23/2001,RAL,CA,AWP,WE,Federal Contract Tower,0,0,18,0,18,0,2,89,0,91,0,2,107,0,109,114,0,114,223
12/24/2001,RAL,CA,AWP,WE,Federal Contract Tower,0,0,17,0,17,0,0,39,0,39,0,0,56,0,56,108,0,108,164
12/25/2001,RAL,CA,AWP,WE,Federal Contract Tower,0,0,7,0,7,0,2,41,0,43,0,2,48,0,50,66,0,66,116
12/26/2001,RAL,CA,AWP,WE,Federal Contract Tower,0,0,28,0,28,0,4,180,0,184,0,4,208,0,212,210,0,210,422
12/27/2001,RAL,CA,AWP,WE,Federal Contract Tower,0,0,30,0,30,0,2,112,0,114,0,2,142,0,144,188,0,188,332
12/28/2001,RAL,CA,AWP,WE,Federal Contract Tower,0,0,24,0,24,0,3,102,2,107,0,3,126,2,131,203,0,203,334
12/29/2001,RAL,CA,AWP,WE,Federal Contract Tower,0,0,20,0,20,0,0,36,0,36,0,0,56,0,56,94,0,94,150
12/30/2001,RAL,CA,AWP,WE,Federal Contract Tower,0,0,46,0,46,0,0,86,0,86,0,0,132,0,132,180,0,180,312
12/31/2001,RAL,CA,AWP,WE,Federal Contract Tower,0,2,34,0,36,0,0,19,0,19,0,2,53,0,55,124,0,124,179
01/01/2002,RAL,CA,AWP,WE,Federal Contract Tower,0,0,10,0,10,0,3,104,0,107,0,3,114,0,117,166,0,166,283
01/02/2002,RAL,CA,AWP,WE,Federal Contract Tower,0,0,19,0,19,0,0,20,0,20,0,0,39,0,39,43,0,43,82
01/03/2002,RAL,CA,AWP,WE,Federal Contract Tower,0,2,23,0,25,0,2,37,0,39,0,4,60,0,64,104,0,104,168
01/04/2002,RAL,CA,AWP,WE,Federal Contract Tower,0,0,22,0,22,0,2,74,0,76,0,2,96,0,98,108,0,108,206
01/05/2002,RAL,CA,AWP,WE,Federal Contract Tower,0,0,16,0,16,0,0,138,2,140,0,0,154,2,156,221,0,221,377
01/06/2002,RAL,CA,AWP,WE,Federal Contract Tower,0,0,23,0,23,0,2,131,0,133,0,2,154,0,156,153,0,153,309
01/07/2002,RAL,CA,AWP,WE,Federal Contract Tower,0,2,28,0,30,0,2,71,0,73,0,4,99,0,103,126,0,126,229
01/08/2002,RAL,CA,AWP,WE,Federal Contract Tower,0,0,40,1,41,0,4,123,1,128,0,4,163,2,169,79,0,79,248
01/09/2002,RAL,CA,AWP,WE,Federal Contract Tower,0,0,33,0,33,0,4,89,0,93,0,4,122,0,126,116,0,116,242
01/10/2002,RAL,CA,AWP,WE,Federal Contract Tower,0,0,18,0,18,0,4,67,0,71,0,4,85,0,89,119,0,119,208
01/11/2002,RAL,CA,AWP,WE,Federal Contract Tower,0,0,26,0,26,0,2,144,0,146,0,2,170,0,172,172,0,172,344
01/12/2002,RAL,CA,AWP,WE,Federal Contract Tower,0,0,33,0,33,0,0,177,0,177,0,0,210,0,210,252,0,252,462
01/13/2002,RAL,CA,AWP,WE,Federal Contract Tower,0,0,21,0,21,0,2,175,0,177,0,2,196,0,198,236,0,236,434
01/14/2002,RAL,CA,AWP,WE,Federal Contract Tower,0,0,29,0,29,0,0,56,0,56,0,0,85,0,85,171,0,171,256
01/15/2002,RAL,CA,AWP,WE,Federal Contract Tower,0,0,48,0,48,0,2,21,0,23,0,2,69,0,71,202,0,202,273
01/16/2002,RAL,CA,AWP,WE,Federal Contract Tower,0,0,21,1,22,0,2,97,1,100,0,2,118,2,122,118,0,118,240
01/17/2002,RAL,CA,AWP,WE,Federal Contract Tower,0,0,24,0,24,0,2,110,1,113,0,2,134,1,137,249,0,249,386
01/18/2002,RAL,CA,AWP,WE,Federal Contract Tower,0,2,33,0,35,0,2,108,0,110,0,4,141,0,145,152,0,152,297
01/19/2002,RAL,CA,AWP,WE,Federal Contract Tower,0,0,28,0,28,0,1,142,0,143,0,1,170,0,171,270,0,270,441
01/20/2002,RAL,CA,AWP,WE,Federal Contract Tower,0,0,12,0,12,0,0,102,0,102,0,0,114,0,114,102,0,102,216
01/21/2002,RAL,CA,AWP,WE,Federal Contract Tower,0,0,28,0,28,0,2,106,0,108,0,2,134,0,136,182,0,182,318
01/22/2002,RAL,CA,AWP,WE,Federal Contract Tower,0,0,18,0,18,0,4,64,0,68,0,4,82,0,86,110,0,110,196
01/23/2002,RAL,CA,AWP,WE,Federal Contract Tower,0,0,13,0,13,0,2,31,0,33,0,2,44,0,46,32,0,32,78
01/24/2002,RAL,CA,AWP,WE,Federal Contract Tower,0,0,21,0,21,0,2,46,0,48,0,2,67,0,69,78,0,78,147
01/25/2002,RAL,CA,AWP,WE,Federal Contract Tower,0,0,19,0,19,0,0,199,0,199,0,0,218,0,218,240,0,240,458
01/26/2002,RAL,CA,AWP,WE,Federal Contract Tower,0,0,28,0,28,0,1,224,1,226,0,1,252,1,254,344,0,344,598
01/27/2002,RAL,CA,AWP,WE,Federal Contract Tower,0,0,21,0,21,0,1,72,0,73,0,1,93,0,94,128,0,128,222
01/28/2002,RAL,CA,AWP,WE,Federal Contract Tower,0,1,12,0,13,0,2,62,0,64,0,3,74,0,77,84,0,84,161
01/29/2002,RAL,CA,AWP,WE,Federal Contract Tower,0,1,19,0,20,0,1,43,0,44,0,2,62,0,64,113,0,113,177
01/30/2002,RAL,CA,AWP,WE,Federal Contract Tower,0,0,28,0,28,0,4,76,2,82,0,4,104,2,110,53,0,53,163
01/31/2002,RAL,CA,AWP,WE,Federal Contract Tower,0,0,31,0,31,0,3,67,0,70,0,3,98,0,101,180,0,180,281
02/01/2002,RAL,CA,AWP,WE,Federal Contract Tower,0,0,28,0,28,0,3,102,0,105,0,3,130,0,133,174,0,174,307
02/02/2002,RAL,CA,AWP,WE,Federal Contract Tower,0,0,31,0,31,0,2,182,0,184,0,2,213,0,215,330,0,330,545
02/03/2002,RAL,CA,AWP,WE,Federal Contract Tower,0,0,25,0,25,0,4,131,0,135,0,4,156,0,160,257,0,257,417
02/04/2002,RAL,CA,AWP,WE,Federal Contract Tower,0,0,9,0,9,0,2,106,0,108,0,2,115,0,117,126,0,126,243
02/05/2002,RAL,CA,AWP,WE,Federal Contract Tower,0,0,22,0,22,0,4,152,0,156,0,4,174,0,178,162,0,162,340
02/06/2002,RAL,CA,AWP,WE,Federal Contract Tower,0,0,20,0,20,0,4,113,0,117,0,4,133,0,137,103,0,103,240
02/07/2002,RAL,CA,AWP,WE,Federal Contract Tower,0,0,38,0,38,0,6,144,0,150,0,6,182,0,188,190,0,190,378
02/08/2002,RAL,CA,AWP,WE,Federal Contract Tower,0,2,51,0,53,0,0,76,0,76,0,2,127,0,129,152,0,152,281
02/09/2002,RAL,CA,AWP,WE,Federal Contract Tower,0,0,2,0,2,0,0,38,0,38,0,0,40,0,40,4,0,4,44
02/10/2002,RAL,CA,AWP,WE,Federal Contract Tower,0,0,2,0,2,0,1,50,0,51,0,1,52,0,53,20,0,20,73
02/11/2002,RAL,CA,AWP,WE,Federal Contract Tower,0,0,19,0,19,0,4,103,0,107,0,4,122,0,126,153,0,153,279
02/12/2002,RAL,CA,AWP,WE,Federal Contract Tower,0,0,20,0,20,0,7,118,0,125,0,7,138,0,145,218,0,218,363
02/13/2002,RAL,CA,AWP,WE,Federal Contract Tower,0,1,18,0,19,0,3,178,0,181,0,4,196,0,200,270,0,270,470
02/14/2002,RAL,CA,AWP,WE,Federal Contract Tower,0,0,35,0,35,0,2,73,0,75,0,2,108,0,110,162,0,162,272
02/15/2002,RAL,CA,AWP,WE,Federal Contract Tower,0,0,37,0,37,0,3,144,3,150,0,3,181,3,187,204,2,206,393
02/16/2002,RAL,CA,AWP,WE,Federal Contract Tower,0,0,56,0,56,0,0,0,0,0,0,0,56,0,56,68,0,68,124
02/17/2002,RAL,CA,AWP,WE,Federal Contract Tower,0,0,14,0,14,0,2,10,0,12,0,2,24,0,26,59,0,59,85
02/18/2002,RAL,CA,AWP,WE,Federal Contract Tower,0,0,34,0,34,0,4,135,0,139,0,4,169,0,173,190,0,190,363
02/19/2002,RAL,CA,AWP,WE,Federal Contract Tower,0,0,32,0,32,0,4,182,0,186,0,4,214,0,218,182,0,182,400
02/20/2002,RAL,CA,AWP,WE,Federal Contract Tower,0,0,22,0,22,0,4,141,0,145,0,4,163,0,167,166,0,166,333
02/21/2002,RAL,CA,AWP,WE,Federal Contract Tower,0,0,35,2,37,0,6,144,2,152,0,6,179,4,189,205,0,205,394
02/22/2002,RAL,CA,AWP,WE,Federal Contract Tower,0,4,34,0,38,0,2,125,0,127,0,6,159,0,165,128,0,128,293
02/23/2002,RAL,CA,AWP,WE,Federal Contract Tower,0,0,22,0,22,0,0,297,0,297,0,0,319,0,319,285,0,285,604
02/24/2002,RAL,CA,AWP,WE,Federal Contract Tower,0,0,23,0,23,0,2,161,0,163,0,2,184,0,186,166,0,166,352
02/25/2002,RAL,CA,AWP,WE,Federal Contract Tower,0,2,19,0,21,0,6,75,3,84,0,8,94,3,105,117,0,117,222
02/26/2002,RAL,CA,AWP,WE,Federal Contract Tower,0,0,31,0,31,0,4,142,0,146,0,4,173,0,177,164,0,164,341
02/27/2002,RAL,CA,AWP,WE,Federal Contract Tower,0,0,39,0,39,0,4,109,0,113,0,4,148,0,152,88,0,88,240
02/28/2002,RAL,CA,AWP,WE,Federal Contract Tower,0,1,50,0,51,0,3,148,0,151,0,4,198,0,202,192,0,192,394
03/01/2002,RAL,CA,AWP,WE,Federal Contract Tower,0,1,16,0,17,0,1,58,0,59,0,2,74,0,76,38,0,38,114
03/02/2002,RAL,CA,AWP,WE,Federal Contract Tower,0,0,9,0,9,0,1,44,0,45,0,1,53,0,54,60,0,60,114
03/03/2002,RAL,CA,AWP,WE,Federal Contract Tower,0,0,24,0,24,0,0,111,2,113,0,0,135,2,137,138,0,138,275
03/04/2002,RAL,CA,AWP,WE,Federal Contract Tower,0,0,27,0,27,0,3,93,1,97,0,3,120,1,124,209,0,209,333
03/05/2002,RAL,CA,AWP,WE,Federal Contract Tower,0,0,21,0,21,0,2,110,0,112,0,2,131,0,133,243,0,243,376
03/06/2002,RAL,CA,AWP,WE,Federal Contract Tower,0,0,26,0,26,0,2,111,0,113,0,2,137,0,139,155,0,155,294
03/07/2002,RAL,CA,AWP,WE,Federal Contract Tower,0,1,23,0,24,0,1,56,0,57,0,2,79,0,81,116,0,116,197
03/08/2002,RAL,CA,AWP,WE,Federal Contract Tower,0,0,39,0,39,0,4,181,0,185,0,4,220,0,224,332,0,332,556
03/09/2002,RAL,CA,AWP,WE,Federal Contract Tower,0,0,26,0,26,0,0,177,0,177,0,0,203,0,203,212,0,212,415
03/10/2002,RAL,CA,AWP,WE,Federal Contract Tower,0,0,31,0,31,0,2,200,2,204,0,2,231,2,235,296,0,296,531
03/11/2002,RAL,CA,AWP,WE,Federal Contract Tower,0,4,24,0,28,0,4,97,0,101,0,8,121,0,129,114,0,114,243
03/12/2002,RAL,CA,AWP,WE,Federal Contract Tower,0,0,30,0,30,0,4,101,0,105,0,4,131,0,135,137,0,137,272
03/13/2002,RAL,CA,AWP,WE,Federal Contract Tower,0,1,21,0,22,0,3,45,0,48,0,4,66,0,70,34,0,34,104
03/14/2002,RAL,CA,AWP,WE,Federal Contract Tower,0,0,44,0,44,0,2,87,0,89,0,2,131,0,133,148,0,148,281
03/15/2002,RAL,CA,AWP,WE,Federal Contract Tower,0,0,22,0,22,0,2,133,0,135,0,2,155,0,157,206,0,206,363
03/16/2002,RAL,CA,AWP,WE,Federal Contract Tower,0,0,14,0,14,0,0,162,0,162,0,0,176,0,176,228,0,228,404
03/17/2002,RAL,CA,AWP,WE,Federal Contract Tower,0,4,21,0,25,0,0,159,3,162,0,4,180,3,187,242,0,242,429
03/18/2002,RAL,CA,AWP,WE,Federal Contract Tower,0,0,9,0,9,0,0,37,0,37,0,0,46,0,46,26,0,26,72
03/19/2002,RAL,CA,AWP,WE,Federal Contract Tower,0,0,23,0,23,0,8,151,0,159,0,8,174,0,182,312,0,312,494
03/20/2002,RAL,CA,AWP,WE,Federal Contract Tower,0,0,31,0,31,0,14,188,0,202,0,14,219,0,233,266,0,266,499
03/21/2002,RAL,CA,AWP,WE,Federal Contract Tower,0,0,22,0,22,0,1,225,0,226,0,1,247,0,248,277,0,277,525
03/22/2002,RAL,CA,AWP,WE,Federal Contract Tower,0,0,29,0,29,0,2,150,1,153,0,2,179,1,182,92,0,92,274
03/23/2002,RAL,CA,AWP,WE,Federal Contract Tower,0,0,11,0,11,0,1,133,0,134,0,1,144,0,145,90,0,90,235
03/24/2002,RAL,CA,AWP,WE,Federal Contract Tower,0,1,17,0,18,0,1,124,0,125,0,2,141,0,143,168,0,168,311
03/25/2002,RAL,CA,AWP,WE,Federal Contract Tower,0,0,14,0,14,0,1,137,0,138,0,1,151,0,152,262,0,262,414
03/26/2002,RAL,CA,AWP,WE,Federal Contract Tower,0,0,19,0,19,0,5,171,3,179,0,5,190,3,198,348,0,348,546
03/27/2002,RAL,CA,AWP,WE,Federal Contract Tower,0,0,19,0,19,0,2,128,0,130,0,2,147,0,149,221,0,221,370
03/28/2002,RAL,CA,AWP,WE,Federal Contract Tower,0,0,26,0,26,0,4,78,0,82,0,4,104,0,108,228,0,228,336
03/29/2002,RAL,CA,AWP,WE,Federal Contract Tower,0,1,46,0,47,0,1,71,0,72,0,2,117,0,119,142,0,142,261
03/30/2002,RAL,CA,AWP,WE,Federal Contract Tower,0,0,61,0,61,0,0,5,0,5,0,0,66,0,66,88,0,88,154
03/31/2002,RAL,CA,AWP,WE,Federal Contract Tower,0,0,42,0,42,0,2,9,0,11,0,2,51,0,53,44,0,44,97
04/01/2002,RAL,CA,AWP,WE,Federal Contract Tower,0,0,31,0,31,0,2,70,0,72,0,2,101,0,103,140,0,140,243
04/02/2002,RAL,CA,AWP,WE,Federal Contract Tower,0,2,30,0,32,0,4,43,0,47,0,6,73,0,79,98,0,98,177
04/03/2002,RAL,CA,AWP,WE,Federal Contract Tower,0,2,33,0,35,0,2,48,0,50,0,4,81,0,85,102,0,102,187
04/04/2002,RAL,CA,AWP,WE,Federal Contract Tower,0,0,65,0,65,0,0,53,0,53,0,0,118,0,118,180,0,180,298
04/05/2002,RAL,CA,AWP,WE,Federal Contract Tower,0,0,58,0,58,0,0,63,0,63,0,0,121,0,121,230,0,230,351
04/06/2002,RAL,CA,AWP,WE,Federal Contract Tower,0,0,40,0,40,0,0,47,0,47,0,0,87,0,87,172,0,172,259
04/07/2002,RAL,CA,AWP,WE,Federal Contract Tower,0,0,35,0,35,0,2,111,0,113,0,2,146,0,148,206,0,206,354
04/08/2002,RAL,CA,AWP,WE,Federal Contract Tower,0,0,46,0,46,0,1,64,0,65,0,1,110,0,111,230,0,230,341
04/09/2002,RAL,CA,AWP,WE,Federal Contract Tower,0,1,30,0,31,0,1,125,0,126,0,2,155,0,157,214,0,214,371
04/10/2002,RAL,CA,AWP,WE,Federal Contract Tower,0,2,28,2,32,0,4,64,0,68,0,6,92,2,100,86,0,86,186
04/11/2002,RAL,CA,AWP,WE,Federal Contract Tower,0,1,28,0,29,0,1,88,0,89,0,2,116,0,118,138,0,138,256
04/12/2002,RAL,CA,AWP,WE,Federal Contract Tower,0,0,45,0,45,0,0,37,0,37,0,0,82,0,82,76,0,76,158
04/13/2002,RAL,CA,AWP,WE,Federal Contract Tower,0,0,32,0,32,0,1,134,0,135,0,1,166,0,167,156,0,156,323
04/14/2002,RAL,CA,AWP,WE,Federal Contract Tower,0,0,33,0,33,0,0,71,0,71,0,0,104,0,104,118,0,118,222
04/15/2002,RAL,CA,AWP,WE,Federal Contract Tower,0,1,23,0,24,0,3,53,0,56,0,4,76,0,80,152,0,152,232
04/16/2002,RAL,CA,AWP,WE,Federal Contract Tower,0,2,32,0,34,0,1,79,0,80,0,3,111,0,114,200,0,200,314
04/17/2002,RAL,CA,AWP,WE,Federal Contract Tower,0,0,20,0,20,0,2,79,0,81,0,2,99,0,101,178,0,178,279
04/18/2002,RAL,CA,AWP,WE,Federal Contract Tower,0,2,41,0,43,0,0,95,0,95,0,2,136,0,138,195,0,195,333
04/19/2002,RAL,CA,AWP,WE,Federal Contract Tower,0,0,27,0,27,0,2,135,0,137,0,2,162,0,164,162,0,162,326
04/20/2002,RAL,CA,AWP,WE,Federal Contract Tower,0,0,24,0,24,0,1,197,0,198,0,1,221,0,222,216,0,216,438
04/21/2002,RAL,CA,AWP,WE,Federal Contract Tower,0,0,22,0,22,0,2,151,0,153,0,2,173,0,175,176,0,176,351
04/22/2002,RAL,CA,AWP,WE,Federal Contract Tower,0,0,29,0,29,0,4,93,0,97,0,4,122,0,126,152,0,152,278
04/23/2002,RAL,CA,AWP,WE,Federal Contract Tower,0,0,21,0,21,0,6,102,0,108,0,6,123,0,129,96,0,96,225
04/24/2002,RAL,CA,AWP,WE,Federal Contract Tower,0,0,22,0,22,0,4,66,0,70,0,4,88,0,92,82,0,82,174
04/25/2002,RAL,CA,AWP,WE,Federal Contract Tower,0,0,22,0,22,0,4,80,0,84,0,4,102,0,106,204,0,204,310
04/26/2002,RAL,CA,AWP,WE,Federal Contract Tower,0,1,27,0,28,0,1,35,0,36,0,2,62,0,64,155,0,155,219
04/27/2002,RAL,CA,AWP,WE,Federal Contract Tower,0,1,26,0,27,0,1,142,0,143,0,2,168,0,170,156,0,156,326
04/28/2002,RAL,CA,AWP,WE,Federal Contract Tower,0,0,12,0,12,0,2,154,0,156,0,2,166,0,168,240,0,240,408
04/29/2002,RAL,CA,AWP,WE,Federal Contract Tower,0,0,27,0,27,0,1,138,0,139,0,1,165,0,166,142,0,142,308
04/30/2002,RAL,CA,AWP,WE,Federal Contract Tower,0,0,19,0,19,0,0,70,0,70,0,0,89,0,89,120,0,120,209
05/01/2002,RAL,CA,AWP,WE,Federal Contract Tower,0,9,25,0,34,0,7,108,0,115,0,16,133,0,149,196,0,196,345
05/02/2002,RAL,CA,AWP,WE,Federal Contract Tower,0,1,27,0,28,0,3,94,2,99,0,4,121,2,127,214,0,214,341
05/03/2002,RAL,CA,AWP,WE,Federal Contract Tower,0,0,31,0,31,0,2,131,0,133,0,2,162,0,164,160,0,160,324
05/04/2002,RAL,CA,AWP,WE,Federal Contract Tower,0,0,22,0,22,0,0,142,0,142,0,0,164,0,164,268,0,268,432
05/05/2002,RAL,CA,AWP,WE,Federal Contract Tower,0,2,40,0,42,0,0,54,0,54,0,2,94,0,96,238,0,238,334
05/06/2002,RAL,CA,AWP,WE,Federal Contract Tower,0,4,38,0,42,0,2,51,0,53,0,6,89,0,95,72,0,72,167
05/07/2002,RAL,CA,AWP,WE,Federal Contract Tower,0,2,40,0,42,0,0,43,0,43,0,2,83,0,85,148,0,148,233
05/08/2002,RAL,CA,AWP,WE,Federal Contract Tower,0,0,30,0,30,0,2,66,0,68,0,2,96,0,98,174,0,174,272
05/09/2002,RAL,CA,AWP,WE,Federal Contract Tower,0,0,29,0,29,0,2,109,0,111,0,2,138,0,140,240,0,240,380
05/10/2002,RAL,CA,AWP,WE,Federal Contract Tower,0,2,20,0,22,0,0,99,0,99,0,2,119,0,121,242,0,242,363
05/11/2002,RAL,CA,AWP,WE,Federal Contract Tower,0,0,23,0,23,0,0,163,0,163,0,0,186,0,186,252,0,252,438
05/12/2002,RAL,CA,AWP,WE,Federal Contract Tower,0,0,15,0,15,0,1,81,0,82,0,1,96,0,97,112,0,112,209
05/13/2002,RAL,CA,AWP,WE,Federal Contract Tower,0,0,15,0,15,0,4,127,0,131,0,4,142,0,146,136,0,136,282
05/14/2002,RAL,CA,AWP,WE,Federal Contract Tower,0,0,18,0,18,0,2,128,0,130,0,2,146,0,148,129,0,129,277
05/15/2002,RAL,CA,AWP,WE,Federal Contract Tower,0,0,28,0,28,0,4,55,0,59,0,4,83,0,87,104,0,104,191
05/16/2002,RAL,CA,AWP,WE,Federal Contract Tower,0,2,40,0,42,0,2,71,0,73,0,4,111,0,115,198,0,198,313
05/17/2002,RAL,CA,AWP,WE,Federal Contract Tower,0,4,26,0,30,0,0,82,0,82,0,4,108,0,112,212,0,212,324
05/18/2002,RAL,CA,AWP,WE,Federal Contract Tower,0,0,63,0,63,0,0,19,0,19,0,0,82,0,82,121,0,121,203
05/19/2002,RAL,CA,AWP,WE,Federal Contract Tower,0,0,31,0,31,0,2,58,0,60,0,2,89,0,91,122,0,122,213
05/20/2002,RAL,CA,AWP,WE,Federal Contract Tower,0,0,26,0,26,0,3,17,0,20,0,3,43,0,46,86,0,86,132
05/21/2002,RAL,CA,AWP,WE,Federal Contract Tower,0,0,19,1,20,0,4,108,1,113,0,4,127,2,133,188,0,188,321
05/22/2002,RAL,CA,AWP,WE,Federal Contract Tower,0,0,34,0,34,0,4,127,0,131,0,4,161,0,165,121,0,121,286
05/23/2002,RAL,CA,AWP,WE,Federal Contract Tower,0,0,22,0,22,0,6,139,0,145,0,6,161,0,167,196,0,196,363
05/24/2002,RAL,CA,AWP,WE,Federal Contract Tower,0,0,22,0,22,0,0,107,0,107,0,0,129,0,129,139,0,139,268
05/25/2002,RAL,CA,AWP,WE,Federal Contract Tower,0,0,19,0,19,0,0,82,0,82,0,0,101,0,101,150,0,150,251
05/26/2002,RAL,CA,AWP,WE,Federal Contract Tower,0,0,22,0,22,0,0,76,0,76,0,0,98,0,98,160,0,160,258
05/27/2002,RAL,CA,AWP,WE,Federal Contract Tower,0,0,26,0,26,0,0,68,0,68,0,0,94,0,94,160,0,160,254
05/28/2002,RAL,CA,AWP,WE,Federal Contract Tower,0,0,23,0,23,0,4,99,0,103,0,4,122,0,126,204,0,204,330
05/29/2002,RAL,CA,AWP,WE,Federal Contract Tower,0,0,22,0,22,0,4,129,0,133,0,4,151,0,155,78,0,78,233
05/30/2002,RAL,CA,AWP,WE,Federal Contract Tower,0,1,31,0,32,0,3,93,0,96,0,4,124,0,128,166,0,166,294
05/31/2002,RAL,CA,AWP,WE,Federal Contract Tower,0,2,29,0,31,0,3,65,0,68,0,5,94,0,99,105,0,105,204
06/01/2002,RAL,CA,AWP,WE,Federal Contract Tower,0,3,24,0,27,0,0,56,0,56,0,3,80,0,83,186,0,186,269
06/02/2002,RAL,CA,AWP,WE,Federal Contract Tower,0,0,36,0,36,0,4,68,0,72,0,4,104,0,108,88,0,88,196
06/03/2002,RAL,CA,AWP,WE,Federal Contract Tower,0,1,26,0,27,0,0,64,0,64,0,1,90,0,91,136,0,136,227
06/04/2002,RAL,CA,AWP,WE,Federal Contract Tower,0,0,25,0,25,0,4,108,0,112,0,4,133,0,137,203,0,203,340
06/05/2002,RAL,CA,AWP,WE,Federal Contract Tower,0,0,35,0,35,0,4,114,2,120,0,4,149,2,155,234,0,234,389
06/06/2002,RAL,CA,AWP,WE,Federal Contract Tower,0,0,35,0,35,0,2,56,0,58,0,2,91,0,93,186,0,186,279
06/07/2002,RAL,CA,AWP,WE,Federal Contract Tower,0,0,18,0,18,0,2,93,0,95,0,2,111,0,113,218,0,218,331
06/08/2002,RAL,CA,AWP,WE,Federal Contract Tower,0,0,31,0,31,0,2,132,0,134,0,2,163,0,165,208,0,208,373
06/09/2002,RAL,CA,AWP,WE,Federal Contract Tower,0,0,26,0,26,0,2,89,0,91,0,2,115,0,117,106,0,106,223
06/10/2002,RAL,CA,AWP,WE,Federal Contract Tower,0,0,19,0,19,0,1,72,0,73,0,1,91,0,92,188,0,188,280
06/11/2002,RAL,CA,AWP,WE,Federal Contract Tower,0,0,40,0,40,0,2,59,0,61,0,2,99,0,101,124,0,124,225
06/12/2002,RAL,CA,AWP,WE,Federal Contract Tower,0,0,20,0,20,0,2,57,0,59,0,2,77,0,79,140,0,140,219
06/13/2002,RAL,CA,AWP,WE,Federal Contract Tower,0,0,19,0,19,0,2,138,0,140,0,2,157,0,159,154,0,154,313
06/14/2002,RAL,CA,AWP,WE,Federal Contract Tower,0,0,31,0,31,0,2,125,0,127,0,2,156,0,158,180,0,180,338
06/15/2002,RAL,CA,AWP,WE,Federal Contract Tower,0,0,17,0,17,0,0,125,0,125,0,0,142,0,142,272,0,272,414
06/16/2002,RAL,CA,AWP,WE,Federal Contract Tower,0,0,15,0,15,0,0,101,0,101,0,0,116,0,116,122,0,122,238
06/17/2002,RAL,CA,AWP,WE,Federal Contract Tower,0,0,25,0,25,0,2,69,0,71,0,2,94,0,96,90,0,90,186
06/18/2002,RAL,CA,AWP,WE,Federal Contract Tower,0,0,22,0,22,0,4,36,0,40,0,4,58,0,62,64,0,64,126
06/19/2002,RAL,CA,AWP,WE,Federal Contract Tower,0,0,41,0,41,0,2,65,0,67,0,2,106,0,108,140,0,140,248
06/20/2002,RAL,CA,AWP,WE,Federal Contract Tower,0,0,54,0,54,0,2,78,0,80,0,2,132,0,134,166,0,166,300
06/21/2002,RAL,CA,AWP,WE,Federal Contract Tower,0,2,45,0,47,0,0,95,0,95,0,2,140,0,142,164,0,164,306
06/22/2002,RAL,CA,AWP,WE,Federal Contract Tower,0,1,37,0,38,0,1,82,0,83,0,2,119,0,121,162,0,162,283
06/23/2002,RAL,CA,AWP,WE,Federal Contract Tower,0,0,14,0,14,0,2,129,0,131,0,2,143,0,145,106,0,106,251
06/24/2002,RAL,CA,AWP,WE,Federal Contract Tower,0,1,35,0,36,0,2,44,0,46,0,3,79,0,82,98,0,98,180
06/25/2002,RAL,CA,AWP,WE,Federal Contract Tower,0,0,31,0,31,0,2,94,0,96,0,2,125,0,127,132,0,132,259
06/26/2002,RAL,CA,AWP,WE,Federal Contract Tower,0,2,34,0,36,0,2,42,0,44,0,4,76,0,80,110,0,110,190
06/27/2002,RAL,CA,AWP,WE,Federal Contract Tower,0,0,24,0,24,0,2,120,0,122,0,2,144,0,146,215,0,215,361
06/28/2002,RAL,CA,AWP,WE,Federal Contract Tower,0,4,33,0,37,0,0,107,0,107,0,4,140,0,144,158,0,158,302
06/29/2002,RAL,CA,AWP,WE,Federal Contract Tower,0,0,33,0,33,0,0,149,0,149,0,0,182,0,182,268,0,268,450
06/30/2002,RAL,CA,AWP,WE,Federal Contract Tower,0,0,53,0,53,0,0,43,0,43,0,0,96,0,96,178,0,178,274
07/01/2002,RAL,CA,AWP,WE,Federal Contract Tower,0,0,17,0,17,0,0,88,0,88,0,0,105,0,105,174,0,174,279
07/02/2002,RAL,CA,AWP,WE,Federal Contract Tower,0,0,18,0,18,0,0,86,0,86,0,0,104,0,104,184,0,184,288
07/03/2002,RAL,CA,AWP,WE,Federal Contract Tower,0,0,46,0,46,0,2,89,0,91,0,2,135,0,137,122,0,122,259
07/04/2002,RAL,CA,AWP,WE,Federal Contract Tower,0,0,21,0,21,0,2,75,0,77,0,2,96,0,98,136,0,136,234
07/05/2002,RAL,CA,AWP,WE,Federal Contract Tower,0,1,39,0,40,0,2,28,0,30,0,3,67,0,70,130,0,130,200
07/06/2002,RAL,CA,AWP,WE,Federal Contract Tower,0,0,32,0,32,0,0,53,0,53,0,0,85,0,85,206,0,206,291
07/07/2002,RAL,CA,AWP,WE,Federal Contract Tower,0,0,21,0,21,0,0,42,0,42,0,0,63,0,63,98,0,98,161
07/08/2002,RAL,CA,AWP,WE,Federal Contract Tower,0,0,20,0,20,0,3,108,0,111,0,3,128,0,131,228,0,228,359
07/09/2002,RAL,CA,AWP,WE,Federal Contract Tower,0,0,22,0,22,0,2,70,0,72,0,2,92,0,94,136,0,136,230
07/10/2002,RAL,CA,AWP,WE,Federal Contract Tower,0,0,26,0,26,0,4,101,0,105,0,4,127,0,131,118,0,118,249
07/11/2002,RAL,CA,AWP,WE,Federal Contract Tower,0,0,29,0,29,0,4,144,0,148,0,4,173,0,177,252,0,252,429
07/12/2002,RAL,CA,AWP,WE,Federal Contract Tower,0,0,35,0,35,0,2,99,0,101,0,2,134,0,136,278,0,278,414
07/13/2002,RAL,CA,AWP,WE,Federal Contract Tower,0,0,16,0,16,0,2,140,2,144,0,2,156,2,160,259,0,259,419
07/14/2002,RAL,CA,AWP,WE,Federal Contract Tower,0,0,18,0,18,0,2,111,0,113,0,2,129,0,131,200,0,200,331
07/15/2002,RAL,CA,AWP,WE,Federal Contract Tower,0,0,15,0,15,0,4,72,0,76,0,4,87,0,91,136,0,136,227
07/16/2002,RAL,CA,AWP,WE,Federal Contract Tower,0,0,37,0,37,0,3,87,0,90,0,3,124,0,127,202,0,202,329
07/17/2002,RAL,CA,AWP,WE,Federal Contract Tower,0,0,27,0,27,0,4,90,0,94,0,4,117,0,121,196,0,196,317
07/18/2002,RAL,CA,AWP,WE,Federal Contract Tower,0,0,34,0,34,0,2,64,0,66,0,2,98,0,100,264,0,264,364
07/19/2002,RAL,CA,AWP,WE,Federal Contract Tower,0,0,51,0,51,0,2,76,0,78,0,2,127,0,129,224,0,224,353
07/20/2002,RAL,CA,AWP,WE,Federal Contract Tower,0,0,33,0,33,0,2,61,0,63,0,2,94,0,96,115,0,115,211
07/21/2002,RAL,CA,AWP,WE,Federal Contract Tower,0,2,19,0,21,0,2,60,0,62,0,4,79,0,83,96,0,96,179
07/22/2002,RAL,CA,AWP,WE,Federal Contract Tower,0,0,39,0,39,0,2,62,0,64,0,2,101,0,103,104,0,104,207
07/23/2002,RAL,CA,AWP,WE,Federal Contract Tower,0,2,39,1,42,0,4,87,1,92,0,6,126,2,134,176,12,188,322
07/24/2002,RAL,CA,AWP,WE,Federal Contract Tower,0,1,47,0,48,0,5,89,0,94,0,6,136,0,142,161,0,161,303
07/25/2002,RAL,CA,AWP,WE,Federal Contract Tower,0,0,37,0,37,0,6,113,0,119,0,6,150,0,156,240,0,240,396
07/26/2002,RAL,CA,AWP,WE,Federal Contract Tower,0,0,31,0,31,0,4,100,0,104,0,4,131,0,135,254,0,254,389
07/27/2002,RAL,CA,AWP,WE,Federal Contract Tower,0,0,34,0,34,0,0,106,0,106,0,0,140,0,140,210,0,210,350
07/28/2002,RAL,CA,AWP,WE,Federal Contract Tower,0,0,18,0,18,0,2,79,0,81,0,2,97,0,99,152,0,152,251
07/29/2002,RAL,CA,AWP,WE,Federal Contract Tower,0,4,14,0,18,0,12,92,0,104,0,16,106,0,122,190,0,190,312
07/30/2002,RAL,CA,AWP,WE,Federal Contract Tower,0,0,26,0,26,0,4,123,0,127,0,4,149,0,153,148,0,148,301
07/31/2002,RAL,CA,AWP,WE,Federal Contract Tower,0,0,34,0,34,0,4,89,0,93,0,4,123,0,127,140,0,140,267
08/01/2002,RAL,CA,AWP,WE,Federal Contract Tower,0,1,37,0,38,0,1,109,2,112,0,2,146,2,150,197,2,199,349
08/02/2002,RAL,CA,AWP,WE,Federal Contract Tower,0,4,47,0,51,0,0,56,0,56,0,4,103,0,107,154,0,154,261
08/03/2002,RAL,CA,AWP,WE,Federal Contract Tower,0,0,34,0,34,0,0,54,2,56,0,0,88,2,90,160,0,160,250
08/04/2002,RAL,CA,AWP,WE,Federal Contract Tower,0,0,22,0,22,0,0,64,0,64,0,0,86,0,86,140,0,140,226
08/05/2002,RAL,CA,AWP,WE,Federal Contract Tower,0,0,28,0,28,0,2,58,0,60,0,2,86,0,88,202,0,202,290
08/06/2002,RAL,CA,AWP,WE,Federal Contract Tower,0,0,27,0,27,0,3,63,0,66,0,3,90,0,93,162,0,162,255
08/07/2002,RAL,CA,AWP,WE,Federal Contract Tower,0,0,23,0,23,0,2,94,0,96,0,2,117,0,119,202,0,202,321
08/08/2002,RAL,CA,AWP,WE,Federal Contract Tower,0,0,30,0,30,0,4,102,0,106,0,4,132,0,136,220,0,220,356
08/09/2002,RAL,CA,AWP,WE,Federal Contract Tower,0,0,19,0,19,0,2,162,0,164,0,2,181,0,183,180,0,180,363
08/10/2002,RAL,CA,AWP,WE,Federal Contract Tower,0,0,27,0,27,0,0,144,0,144,0,0,171,0,171,216,0,216,387
08/11/2002,RAL,CA,AWP,WE,Federal Contract Tower,0,0,22,0,22,0,2,119,0,121,0,2,141,0,143,149,0,149,292
08/12/2002,RAL,CA,AWP,WE,Federal Contract Tower,0,0,28,0,28,0,6,85,0,91,0,6,113,0,119,120,0,120,239
08/13/2002,RAL,CA,AWP,WE,Federal Contract Tower,0,0,23,0,23,0,4,109,0,113,0,4,132,0,136,162,0,162,298
08/14/2002,RAL,CA,AWP,WE,Federal Contract Tower,0,0,26,0,26,0,4,102,1,107,0,4,128,1,133,205,0,205,338
08/15/2002,RAL,CA,AWP,WE,Federal Contract Tower,0,2,46,0,48,0,4,66,0,70,0,6,112,0,118,166,0,166,284
08/16/2002,RAL,CA,AWP,WE,Federal Contract Tower,0,0,40,0,40,0,2,40,0,42,0,2,80,0,82,180,0,180,262
08/17/2002,RAL,CA,AWP,WE,Federal Contract Tower,0,0,50,0,50,0,0,17,0,17,0,0,67,0,67,54,0,54,121
08/18/2002,RAL,CA,AWP,WE,Federal Contract Tower,0,0,48,0,48,0,2,6,0,8,0,2,54,0,56,39,0,39,95
08/19/2002,RAL,CA,AWP,WE,Federal Contract Tower,0,0,25,0,25,0,2,43,0,45,0,2,68,0,70,106,0,106,176
08/20/2002,RAL,CA,AWP,WE,Federal Contract Tower,0,0,38,0,38,0,2,49,0,51,0,2,87,0,89,128,0,128,217
08/21/2002,RAL,CA,AWP,WE,Federal Contract Tower,0,2,55,0,57,0,2,30,0,32,0,4,85,0,89,134,0,134,223
08/22/2002,RAL,CA,AWP,WE,Federal Contract Tower,0,2,28,0,30,0,2,80,0,82,0,4,108,0,112,114,0,114,226
08/23/2002,RAL,CA,AWP,WE,Federal Contract Tower,0,0,23,0,23,0,3,111,0,114,0,3,134,0,137,186,0,186,323
08/24/2002,RAL,CA,AWP,WE,Federal Contract Tower,0,0,24,0,24,0,2,120,0,122,0,2,144,0,146,235,0,235,381
08/25/2002,RAL,CA,AWP,WE,Federal Contract Tower,0,0,15,0,15,0,2,132,0,134,0,2,147,0,149,176,0,176,325
08/26/2002,RAL,CA,AWP,WE,Federal Contract Tower,0,0,28,0,28,0,4,87,0,91,0,4,115,0,119,168,0,168,287
08/27/2002,RAL,CA,AWP,WE,Federal Contract Tower,0,0,29,0,29,0,4,87,0,91,0,4,116,0,120,188,0,188,308
08/28/2002,RAL,CA,AWP,WE,Federal Contract Tower,0,1,22,0,23,0,3,80,0,83,0,4,102,0,106,162,0,162,268
08/29/2002,RAL,CA,AWP,WE,Federal Contract Tower,0,1,42,0,43,0,3,50,0,53,0,4,92,0,96,120,0,120,216
08/30/2002,RAL,CA,AWP,WE,Federal Contract Tower,0,0,29,0,29,0,2,95,0,97,0,2,124,0,126,90,0,90,216
08/31/2002,RAL,CA,AWP,WE,Federal Contract Tower,0,0,23,0,23,0,1,98,0,99,0,1,121,0,122,138,0,138,260
09/01/2002,RAL,CA,AWP,WE,Federal Contract Tower,0,0,17,0,17,0,0,56,0,56,0,0,73,0,73,34,0,34,107
09/02/2002,RAL,CA,AWP,WE,Federal Contract Tower,0,0,23,0,23,0,2,109,0,111,0,2,132,0,134,122,0,122,256
09/03/2002,RAL,CA,AWP,WE,Federal Contract Tower,0,0,18,0,18,0,2,59,0,61,0,2,77,0,79,98,0,98,177
09/04/2002,RAL,CA,AWP,WE,Federal Contract Tower,0,0,18,0,18,0,4,74,0,78,0,4,92,0,96,130,0,130,226
09/05/2002,RAL,CA,AWP,WE,Federal Contract Tower,0,0,32,0,32,0,4,108,0,112,0,4,140,0,144,128,0,128,272
09/06/2002,RAL,CA,AWP,WE,Federal Contract Tower,0,0,22,0,22,0,4,72,0,76,0,4,94,0,98,144,1,145,243
09/07/2002,RAL,CA,AWP,WE,Federal Contract Tower,0,0,21,0,21,0,1,139,0,140,0,1,160,0,161,199,0,199,360
09/08/2002,RAL,CA,AWP,WE,Federal Contract Tower,0,0,14,0,14,0,2,95,0,97,0,2,109,0,111,182,0,182,293
09/09/2002,RAL,CA,AWP,WE,Federal Contract Tower,0,0,12,0,12,0,2,66,0,68,0,2,78,0,80,130,0,130,210
09/10/2002,RAL,CA,AWP,WE,Federal Contract Tower,0,0,33,0,33,0,2,54,0,56,0,2,87,0,89,176,0,176,265
09/11/2002,RAL,CA,AWP,WE,Federal Contract Tower,0,0,27,0,27,0,4,64,0,68,0,4,91,0,95,142,0,142,237
09/12/2002,RAL,CA,AWP,WE,Federal Contract Tower,0,0,27,1,28,0,2,101,0,103,0,2,128,1,131,128,1,129,260
09/13/2002,RAL,CA,AWP,WE,Federal Contract Tower,0,0,27,0,27,0,3,131,0,134,0,3,158,0,161,128,0,128,289
09/14/2002,RAL,CA,AWP,WE,Federal Contract Tower,0,0,24,0,24,0,3,116,0,119,0,3,140,0,143,198,0,198,341
09/15/2002,RAL,CA,AWP,WE,Federal Contract Tower,0,0,15,0,15,0,2,99,0,101,0,2,114,0,116,136,0,136,252
09/16/2002,RAL,CA,AWP,WE,Federal Contract Tower,0,0,24,0,24,0,4,63,0,67,0,4,87,0,91,161,0,161,252
09/17/2002,RAL,CA,AWP,WE,Federal Contract Tower,0,0,43,0,43,0,4,90,0,94,0,4,133,0,137,198,0,198,335
09/18/2002,RAL,CA,AWP,WE,Federal Contract Tower,0,1,41,0,42,0,4,81,0,85,0,5,122,0,127,238,0,238,365
09/19/2002,RAL,CA,AWP,WE,Federal Contract Tower,0,1,44,0,45,0,3,118,0,121,0,4,162,0,166,170,0,170,336
09/20/2002,RAL,CA,AWP,WE,Federal Contract Tower,0,0,32,0,32,0,2,158,0,160,0,2,190,0,192,322,0,322,514
09/21/2002,RAL,CA,AWP,WE,Federal Contract Tower,0,0,27,0,27,0,0,124,0,124,0,0,151,0,151,193,0,193,344
09/22/2002,RAL,CA,AWP,WE,Federal Contract Tower,0,0,0,0,0,0,2,161,0,163,0,2,161,0,163,215,0,215,378
09/23/2002,RAL,CA,AWP,WE,Federal Contract Tower,0,0,30,0,30,0,0,93,0,93,0,0,123,0,123,153,0,153,276
09/24/2002,RAL,CA,AWP,WE,Federal Contract Tower,0,0,27,0,27,0,0,227,0,227,0,0,254,0,254,348,0,348,602
09/25/2002,RAL,CA,AWP,WE,Federal Contract Tower,0,0,34,0,34,0,0,84,0,84,0,0,118,0,118,248,0,248,366
09/26/2002,RAL,CA,AWP,WE,Federal Contract Tower,0,0,53,0,53,0,2,43,0,45,0,2,96,0,98,176,0,176,274
09/27/2002,RAL,CA,AWP,WE,Federal Contract Tower,0,2,61,0,63,0,1,67,0,68,0,3,128,0,131,256,0,256,387
09/28/2002,RAL,CA,AWP,WE,Federal Contract Tower,0,0,38,0,38,0,0,82,0,82,0,0,120,0,120,248,0,248,368
09/29/2002,RAL,CA,AWP,WE,Federal Contract Tower,0,0,26,0,26,0,0,132,0,132,0,0,158,0,158,198,0,198,356
09/30/2002,RAL,CA,AWP,WE,Federal Contract Tower,0,1,29,0,30,0,1,53,0,54,0,2,82,0,84,124,0,124,208
10/01/2002,RAL,CA,AWP,WE,Federal Contract Tower,0,0,48,0,48,0,2,67,0,69,0,2,115,0,117,268,0,268,385
10/02/2002,RAL,CA,AWP,WE,Federal Contract Tower,0,0,25,0,25,0,2,100,0,102,0,2,125,0,127,175,0,175,302
10/03/2002,RAL,CA,AWP,WE,Federal Contract Tower,0,0,37,1,38,0,2,97,1,100,0,2,134,2,138,188,0,188,326
10/04/2002,RAL,CA,AWP,WE,Federal Contract Tower,0,0,26,1,27,0,0,102,0,102,0,0,128,1,129,188,0,188,317
10/05/2002,RAL,CA,AWP,WE,Federal Contract Tower,0,0,26,0,26,0,2,128,0,130,0,2,154,0,156,230,0,230,386
10/06/2002,RAL,CA,AWP,WE,Federal Contract Tower,0,0,21,0,21,0,8,64,0,72,0,8,85,0,93,158,0,158,251
10/07/2002,RAL,CA,AWP,WE,Federal Contract Tower,0,4,21,0,25,0,0,97,0,97,0,4,118,0,122,203,0,203,325
10/08/2002,RAL,CA,AWP,WE,Federal Contract Tower,0,2,21,0,23,0,2,77,0,79,0,4,98,0,102,146,0,146,248
10/09/2002,RAL,CA,AWP,WE,Federal Contract Tower,0,2,33,0,35,0,2,106,0,108,0,4,139,0,143,204,0,204,347
10/10/2002,RAL,CA,AWP,WE,Federal Contract Tower,0,0,41,0,41,0,2,28,0,30,0,2,69,0,71,101,0,101,172
10/11/2002,RAL,CA,AWP,WE,Federal Contract Tower,0,0,46,0,46,0,0,43,0,43,0,0,89,0,89,128,0,128,217
10/12/2002,RAL,CA,AWP,WE,Federal Contract Tower,0,0,25,0,25,0,0,83,0,83,0,0,108,0,108,123,0,123,231
10/13/2002,RAL,CA,AWP,WE,Federal Contract Tower,0,0,37,0,37,0,2,84,0,86,0,2,121,0,123,101,0,101,224
10/14/2002,RAL,CA,AWP,WE,Federal Contract Tower,0,0,54,0,54,0,2,0,0,2,0,2,54,0,56,50,0,50,106
10/15/2002,RAL,CA,AWP,WE,Federal Contract Tower,0,0,62,0,62,0,2,21,0,23,0,2,83,0,85,39,0,39,124
10/16/2002,RAL,CA,AWP,WE,Federal Contract Tower,0,1,27,0,28,0,1,19,0,20,0,2,46,0,48,108,0,108,156
10/17/2002,RAL,CA,AWP,WE,Federal Contract Tower,0,0,35,0,35,0,2,57,0,59,0,2,92,0,94,228,0,228,322
10/18/2002,RAL,CA,AWP,WE,Federal Contract Tower,0,0,31,0,31,0,0,67,0,67,0,0,98,0,98,192,0,192,290
10/19/2002,RAL,CA,AWP,WE,Federal Contract Tower,0,0,57,0,57,0,2,67,0,69,0,2,124,0,126,140,0,140,266
10/20/2002,RAL,CA,AWP,WE,Federal Contract Tower,0,0,66,0,66,0,2,33,0,35,0,2,99,0,101,140,0,140,241
10/21/2002,RAL,CA,AWP,WE,Federal Contract Tower,0,0,50,1,51,0,0,0,0,0,0,0,50,1,51,60,0,60,111
10/22/2002,RAL,CA,AWP,WE,Federal Contract Tower,0,0,45,0,45,0,2,43,0,45,0,2,88,0,90,160,0,160,250
10/23/2002,RAL,CA,AWP,WE,Federal Contract Tower,0,2,32,0,34,0,2,107,0,109,0,4,139,0,143,226,0,226,369
10/24/2002,RAL,CA,AWP,WE,Federal Contract Tower,0,1,39,0,40,0,2,34,0,36,0,3,73,0,76,144,0,144,220
10/25/2002,RAL,CA,AWP,WE,Federal Contract Tower,0,0,52,0,52,0,0,26,0,26,0,0,78,0,78,236,0,236,314
10/26/2002,RAL,CA,AWP,WE,Federal Contract Tower,0,0,27,0,27,0,0,56,0,56,0,0,83,0,83,176,0,176,259
10/27/2002,RAL,CA,AWP,WE,Federal Contract Tower,0,0,23,0,23,0,2,89,0,91,0,2,112,0,114,195,0,195,309
10/28/2002,RAL,CA,AWP,WE,Federal Contract Tower,0,0,30,0,30,0,2,78,0,80,0,2,108,0,110,196,0,196,306
10/29/2002,RAL,CA,AWP,WE,Federal Contract Tower,0,0,32,0,32,0,2,73,0,75,0,2,105,0,107,206,6,212,319
10/30/2002,RAL,CA,AWP,WE,Federal Contract Tower,0,0,40,0,40,0,2,74,0,76,0,2,114,0,116,244,2,246,362
10/31/2002,RAL,CA,AWP,WE,Federal Contract Tower,0,0,50,0,50,0,2,58,0,60,0,2,108,0,110,96,0,96,206
11/01/2002,RAL,CA,AWP,WE,Federal Contract Tower,0,0,40,0,40,0,0,63,0,63,0,0,103,0,103,158,0,158,261
11/02/2002,RAL,CA,AWP,WE,Federal Contract Tower,0,1,75,0,76,0,1,71,0,72,0,2,146,0,148,202,0,202,350
11/03/2002,RAL,CA,AWP,WE,Federal Contract Tower,0,0,25,0,25,0,2,95,0,97,0,2,120,0,122,92,0,92,214
11/04/2002,RAL,CA,AWP,WE,Federal Contract Tower,0,0,17,0,17,0,2,105,0,107,0,2,122,0,124,180,0,180,304
11/05/2002,RAL,CA,AWP,WE,Federal Contract Tower,0,0,30,0,30,0,2,69,0,71,0,2,99,0,101,121,0,121,222
11/06/2002,RAL,CA,AWP,WE,Federal Contract Tower,0,2,23,0,25,0,2,84,0,86,0,4,107,0,111,170,0,170,281
11/07/2002,RAL,CA,AWP,WE,Federal Contract Tower,0,0,30,2,32,0,0,62,0,62,0,0,92,2,94,166,2,168,262
11/08/2002,RAL,CA,AWP,WE,Federal Contract Tower,0,0,21,0,21,0,0,3,0,3,0,0,24,0,24,52,0,52,76
11/09/2002,RAL,CA,AWP,WE,Federal Contract Tower,0,0,14,0,14,0,0,0,0,0,0,0,14,0,14,26,0,26,40
11/10/2002,RAL,CA,AWP,WE,Federal Contract Tower,0,0,47,0,47,0,2,144,0,146,0,2,191,0,193,282,0,282,475
11/11/2002,RAL,CA,AWP,WE,Federal Contract Tower,0,0,24,0,24,0,2,63,0,65,0,2,87,0,89,118,0,118,207
11/12/2002,RAL,CA,AWP,WE,Federal Contract Tower,0,0,42,0,42,0,2,27,0,29,0,2,69,0,71,79,0,79,150
11/13/2002,RAL,CA,AWP,WE,Federal Contract Tower,0,0,39,0,39,0,2,131,2,135,0,2,170,2,174,166,0,166,340
11/14/2002,RAL,CA,AWP,WE,Federal Contract Tower,0,1,26,0,27,0,3,81,0,84,0,4,107,0,111,157,0,157,268
11/15/2002,RAL,CA,AWP,WE,Federal Contract Tower,0,0,28,1,29,0,1,93,0,94,0,1,121,1,123,125,1,126,249
11/16/2002,RAL,CA,AWP,WE,Federal Contract Tower,0,0,35,0,35,0,0,130,0,130,0,0,165,0,165,190,6,196,361
11/17/2002,RAL,CA,AWP,WE,Federal Contract Tower,0,0,29,0,29,0,1,162,0,163,0,1,191,0,192,194,0,194,386
11/18/2002,RAL,CA,AWP,WE,Federal Contract Tower,0,0,24,0,24,0,0,74,0,74,0,0,98,0,98,114,0,114,212
11/19/2002,RAL,CA,AWP,WE,Federal Contract Tower,0,0,21,0,21,0,0,71,0,71,0,0,92,0,92,146,0,146,238
11/20/2002,RAL,CA,AWP,WE,Federal Contract Tower,0,0,27,0,27,0,2,33,0,35,0,2,60,0,62,140,0,140,202
11/21/2002,RAL,CA,AWP,WE,Federal Contract Tower,0,0,31,0,31,0,2,133,0,135,0,2,164,0,166,214,0,214,380
11/22/2002,RAL,CA,AWP,WE,Federal Contract Tower,0,0,26,0,26,0,0,116,0,116,0,0,142,0,142,228,0,228,370
11/23/2002,RAL,CA,AWP,WE,Federal Contract Tower,0,0,26,0,26,0,0,85,0,85,0,0,111,0,111,172,0,172,283
11/24/2002,RAL,CA,AWP,WE,Federal Contract Tower,0,0,30,0,30,0,2,91,0,93,0,2,121,0,123,158,0,158,281
11/25/2002,RAL,CA,AWP,WE,Federal Contract Tower,0,0,5,0,5,0,4,8,0,12,0,4,13,0,17,18,0,18,35
11/26/2002,RAL,CA,AWP,WE,Federal Contract Tower,0,0,7,0,7,0,2,12,0,14,0,2,19,0,21,28,0,28,49
11/27/2002,RAL,CA,AWP,WE,Federal Contract Tower,0,0,11,0,11,0,0,55,0,55,0,0,66,0,66,87,0,87,153
11/28/2002,RAL,CA,AWP,WE,Federal Contract Tower,0,0,17,0,17,0,2,29,0,31,0,2,46,0,48,266,0,266,314
11/29/2002,RAL,CA,AWP,WE,Federal Contract Tower,0,0,10,0,10,0,2,117,0,119,0,2,127,0,129,274,0,274,403
11/30/2002,RAL,CA,AWP,WE,Federal Contract Tower,0,0,19,0,19,0,0,76,0,76,0,0,95,0,95,210,0,210,305
12/01/2002,RAL,CA,AWP,WE,Federal Contract Tower,0,0,21,0,21,0,2,158,0,160,0,2,179,0,181,216,0,216,397
12/02/2002,RAL,CA,AWP,WE,Federal Contract Tower,0,0,15,0,15,0,2,58,0,60,0,2,73,0,75,107,0,107,182
12/03/2002,RAL,CA,AWP,WE,Federal Contract Tower,0,0,24,0,24,0,2,98,0,100,0,2,122,0,124,178,0,178,302
12/04/2002,RAL,CA,AWP,WE,Federal Contract Tower,0,0,37,0,37,0,2,136,0,138,0,2,173,0,175,248,0,248,423
12/05/2002,RAL,CA,AWP,WE,Federal Contract Tower,0,0,27,0,27,0,2,97,0,99,0,2,124,0,126,108,0,108,234
12/06/2002,RAL,CA,AWP,WE,Federal Contract Tower,0,0,30,0,30,0,0,94,1,95,0,0,124,1,125,184,0,184,309
12/07/2002,RAL,CA,AWP,WE,Federal Contract Tower,0,0,45,0,45,0,0,47,0,47,0,0,92,0,92,138,0,138,230
12/08/2002,RAL,CA,AWP,WE,Federal Contract Tower,0,0,23,0,23,0,2,91,0,93,0,2,114,0,116,164,0,164,280
12/09/2002,RAL,CA,AWP,WE,Federal Contract Tower,0,0,23,0,23,0,4,55,0,59,0,4,78,0,82,120,0,120,202
12/10/2002,RAL,CA,AWP,WE,Federal Contract Tower,0,2,24,0,26,0,2,56,0,58,0,4,80,0,84,144,0,144,228
12/11/2002,RAL,CA,AWP,WE,Federal Contract Tower,0,0,23,0,23,0,2,69,1,72,0,2,92,1,95,168,0,168,263
12/12/2002,RAL,CA,AWP,WE,Federal Contract Tower,0,0,20,0,20,0,2,116,0,118,0,2,136,0,138,114,0,114,252
12/13/2002,RAL,CA,AWP,WE,Federal Contract Tower,0,0,27,0,27,0,0,133,0,133,0,0,160,0,160,220,0,220,380
12/14/2002,RAL,CA,AWP,WE,Federal Contract Tower,0,1,24,0,25,0,0,108,0,108,0,1,132,0,133,144,0,144,277
12/15/2002,RAL,CA,AWP,WE,Federal Contract Tower,0,2,15,0,17,0,2,69,0,71,0,4,84,0,88,104,0,104,192
12/16/2002,RAL,CA,AWP,WE,Federal Contract Tower,0,4,19,0,23,0,1,27,0,28,0,5,46,0,51,50,0,50,101
12/17/2002,RAL,CA,AWP,WE,Federal Contract Tower,0,1,18,0,19,0,1,20,0,21,0,2,38,0,40,71,0,71,111
12/18/2002,RAL,CA,AWP,WE,Federal Contract Tower,0,0,29,0,29,0,2,87,0,89,0,2,116,0,118,136,2,138,256
12/19/2002,RAL,CA,AWP,WE,Federal Contract Tower,0,0,24,0,24,0,4,88,0,92,0,4,112,0,116,190,0,190,306
12/20/2002,RAL,CA,AWP,WE,Federal Contract Tower,0,1,19,0,20,0,1,28,0,29,0,2,47,0,49,124,0,124,173
12/21/2002,RAL,CA,AWP,WE,Federal Contract Tower,0,0,20,0,20,0,0,57,0,57,0,0,77,0,77,150,0,150,227
12/22/2002,RAL,CA,AWP,WE,Federal Contract Tower,0,0,8,0,8,0,2,31,0,33,0,2,39,0,41,90,0,90,131
12/23/2002,RAL,CA,AWP,WE,Federal Contract Tower,0,0,21,0,21,0,2,78,0,80,0,2,99,0,101,124,0,124,225
12/24/2002,RAL,CA,AWP,WE,Federal Contract Tower,0,0,8,0,8,0,0,106,0,106,0,0,114,0,114,206,0,206,320
12/25/2002,RAL,CA,AWP,WE,Federal Contract Tower,0,0,3,0,3,0,2,38,0,40,0,2,41,0,43,62,0,62,105
12/26/2002,RAL,CA,AWP,WE,Federal Contract Tower,0,0,24,0,24,0,2,159,0,161,0,2,183,0,185,254,0,254,439
12/27/2002,RAL,CA,AWP,WE,Federal Contract Tower,0,0,20,0,20,0,1,127,0,128,0,1,147,0,148,264,0,264,412
12/28/2002,RAL,CA,AWP,WE,Federal Contract Tower,0,0,20,0,20,0,0,178,0,178,0,0,198,0,198,274,0,274,472
12/29/2002,RAL,CA,AWP,WE,Federal Contract Tower,0,0,25,0,25,0,2,95,0,97,0,2,120,0,122,204,0,204,326
12/30/2002,RAL,CA,AWP,WE,Federal Contract Tower,0,0,28,0,28,0,4,101,0,105,0,4,129,0,133,198,0,198,331
12/31/2002,RAL,CA,AWP,WE,Federal Contract Tower,0,0,18,0,18,0,0,51,0,51,0,0,69,0,69,176,0,176,245
01/01/2003,RAL,CA,AWP,WE,Federal Contract Tower,0,0,5,0,5,0,2,63,0,65,0,2,68,0,70,86,0,86,156
01/02/2003,RAL,CA,AWP,WE,Federal Contract Tower,0,0,25,0,25,0,2,117,0,119,0,2,142,0,144,138,0,138,282
01/03/2003,RAL,CA,AWP,WE,Federal Contract Tower,0,0,29,0,29,0,0,132,0,132,0,0,161,0,161,248,0,248,409
01/04/2003,RAL,CA,AWP,WE,Federal Contract Tower,0,0,43,0,43,0,0,193,0,193,0,0,236,0,236,268,0,268,504
01/05/2003,RAL,CA,AWP,WE,Federal Contract Tower,0,0,28,0,28,0,2,88,0,90,0,2,116,0,118,108,0,108,226
01/06/2003,RAL,CA,AWP,WE,Federal Contract Tower,0,0,1,0,1,0,2,10,0,12,0,2,11,0,13,2,0,2,15
01/07/2003,RAL,CA,AWP,WE,Federal Contract Tower,0,0,18,0,18,0,2,31,0,33,0,2,49,0,51,82,0,82,133
01/08/2003,RAL,CA,AWP,WE,Federal Contract Tower,0,2,21,0,23,0,0,64,1,65,0,2,85,1,88,148,0,148,236
01/09/2003,RAL,CA,AWP,WE,Federal Contract Tower,0,1,17,0,18,0,3,51,0,54,0,4,68,0,72,160,0,160,232
01/10/2003,RAL,CA,AWP,WE,Federal Contract Tower,0,0,26,0,26,0,2,73,2,77,0,2,99,2,103,230,8,238,341
01/11/2003,RAL,CA,AWP,WE,Federal Contract Tower,0,0,37,0,37,0,2,143,4,149,0,2,180,4,186,242,10,252,438
01/12/2003,RAL,CA,AWP,WE,Federal Contract Tower,0,0,28,0,28,0,2,117,0,119,0,2,145,0,147,166,0,166,313
01/13/2003,RAL,CA,AWP,WE,Federal Contract Tower,0,0,28,0,28,0,0,97,0,97,0,0,125,0,125,242,0,242,367
01/14/2003,RAL,CA,AWP,WE,Federal Contract Tower,0,0,26,0,26,0,2,83,0,85,0,2,109,0,111,164,0,164,275
01/15/2003,RAL,CA,AWP,WE,Federal Contract Tower,0,0,25,0,25,0,2,76,0,78,0,2,101,0,103,90,0,90,193
01/16/2003,RAL,CA,AWP,WE,Federal Contract Tower,0,0,24,0,24,0,4,45,0,49,0,4,69,0,73,76,0,76,149
01/17/2003,RAL,CA,AWP,WE,Federal Contract Tower,0,0,40,0,40,0,2,74,0,76,0,2,114,0,116,172,0,172,288
01/18/2003,RAL,CA,AWP,WE,Federal Contract Tower,0,0,0,0,0,0,2,170,0,172,0,2,170,0,172,260,0,260,432
01/19/2003,RAL,CA,AWP,WE,Federal Contract Tower,0,0,16,0,16,0,2,66,0,68,0,2,82,0,84,102,0,102,186
01/20/2003,RAL,CA,AWP,WE,Federal Contract Tower,0,0,21,0,21,0,2,74,0,76,0,2,95,0,97,224,0,224,321
01/21/2003,RAL,CA,AWP,WE,Federal Contract Tower,0,0,23,0,23,0,2,39,0,41,0,2,62,0,64,154,0,154,218
01/22/2003,RAL,CA,AWP,WE,Federal Contract Tower,0,0,66,0,66,0,2,0,0,2,0,2,66,0,68,68,0,68,136
01/23/2003,RAL,CA,AWP,WE,Federal Contract Tower,0,0,30,0,30,0,4,70,0,74,0,4,100,0,104,206,0,206,310
01/24/2003,RAL,CA,AWP,WE,Federal Contract Tower,0,0,28,0,28,0,0,70,2,72,0,0,98,2,100,110,0,110,210
01/25/2003,RAL,CA,AWP,WE,Federal Contract Tower,0,0,25,0,25,0,0,122,0,122,0,0,147,0,147,112,0,112,259
01/26/2003,RAL,CA,AWP,WE,Federal Contract Tower,0,0,20,0,20,0,2,102,0,104,0,2,122,0,124,142,0,142,266
01/27/2003,RAL,CA,AWP,WE,Federal Contract Tower,0,0,22,0,22,0,2,80,0,82,0,2,102,0,104,131,0,131,235
01/28/2003,RAL,CA,AWP,WE,Federal Contract Tower,0,1,30,1,32,0,2,81,0,83,0,3,111,1,115,94,0,94,209
01/29/2003,RAL,CA,AWP,WE,Federal Contract Tower,0,0,43,0,43,0,3,35,1,39,0,3,78,1,82,186,1,187,269
01/30/2003,RAL,CA,AWP,WE,Federal Contract Tower,0,0,47,0,47,0,2,15,0,17,0,2,62,0,64,194,0,194,258
01/31/2003,RAL,CA,AWP,WE,Federal Contract Tower,0,0,28,0,28,0,0,50,0,50,0,0,78,0,78,146,3,149,227
02/01/2003,RAL,CA,AWP,WE,Federal Contract Tower,0,0,21,0,21,0,0,149,2,151,0,0,170,2,172,232,0,232,404
02/02/2003,RAL,CA,AWP,WE,Federal Contract Tower,0,1,5,0,6,0,1,28,0,29,0,2,33,0,35,22,0,22,57
02/03/2003,RAL,CA,AWP,WE,Federal Contract Tower,0,0,21,0,21,0,2,49,0,51,0,2,70,0,72,104,0,104,176
02/04/2003,RAL,CA,AWP,WE,Federal Contract Tower,0,0,24,0,24,0,2,97,0,99,0,2,121,0,123,160,0,160,283
02/05/2003,RAL,CA,AWP,WE,Federal Contract Tower,0,0,13,0,13,0,2,43,0,45,0,2,56,0,58,42,0,42,100
02/06/2003,RAL,CA,AWP,WE,Federal Contract Tower,0,0,31,0,31,0,2,105,0,107,0,2,136,0,138,202,0,202,340
02/07/2003,RAL,CA,AWP,WE,Federal Contract Tower,0,0,31,0,31,0,2,70,0,72,0,2,101,0,103,129,0,129,232
02/08/2003,RAL,CA,AWP,WE,Federal Contract Tower,0,2,16,0,18,0,2,86,0,88,0,4,102,0,106,190,0,190,296
02/09/2003,RAL,CA,AWP,WE,Federal Contract Tower,0,0,11,0,11,0,0,75,0,75,0,0,86,0,86,184,0,184,270
02/10/2003,RAL,CA,AWP,WE,Federal Contract Tower,0,0,10,0,10,0,2,50,0,52,0,2,60,0,62,120,0,120,182
02/11/2003,RAL,CA,AWP,WE,Federal Contract Tower,0,2,29,0,31,0,0,0,0,0,0,2,29,0,31,68,0,68,99
02/12/2003,RAL,CA,AWP,WE,Federal Contract Tower,0,1,18,0,19,0,1,1,0,2,0,2,19,0,21,36,0,36,57
02/13/2003,RAL,CA,AWP,WE,Federal Contract Tower,0,2,33,0,35,0,0,13,0,13,0,2,46,0,48,20,0,20,68
02/14/2003,RAL,CA,AWP,WE,Federal Contract Tower,0,0,42,0,42,0,2,80,0,82,0,2,122,0,124,188,0,188,312
02/15/2003,RAL,CA,AWP,WE,Federal Contract Tower,0,0,42,0,42,0,0,41,1,42,0,0,83,1,84,168,0,168,252
02/16/2003,RAL,CA,AWP,WE,Federal Contract Tower,0,0,45,0,45,0,1,41,0,42,0,1,86,0,87,197,0,197,284
02/17/2003,RAL,CA,AWP,WE,Federal Contract Tower,0,0,33,0,33,0,2,98,1,101,0,2,131,1,134,212,0,212,346
02/18/2003,RAL,CA,AWP,WE,Federal Contract Tower,0,0,32,1,33,0,3,65,0,68,0,3,97,1,101,191,1,192,293
02/19/2003,RAL,CA,AWP,WE,Federal Contract Tower,0,2,45,0,47,0,0,29,2,31,0,2,74,2,78,133,0,133,211
02/20/2003,RAL,CA,AWP,WE,Federal Contract Tower,0,0,15,0,15,0,0,37,0,37,0,0,52,0,52,72,0,72,124
02/21/2003,RAL,CA,AWP,WE,Federal Contract Tower,0,0,35,0,35,0,0,138,0,138,0,0,173,0,173,467,0,467,640
02/22/2003,RAL,CA,AWP,WE,Federal Contract Tower,0,0,33,0,33,0,2,194,0,196,0,2,227,0,229,256,0,256,485
02/23/2003,RAL,CA,AWP,WE,Federal Contract Tower,0,2,51,0,53,0,0,17,0,17,0,2,68,0,70,96,0,96,166
02/24/2003,RAL,CA,AWP,WE,Federal Contract Tower,0,2,24,0,26,0,0,57,0,57,0,2,81,0,83,110,0,110,193
02/25/2003,RAL,CA,AWP,WE,Federal Contract Tower,0,0,20,0,20,0,2,7,0,9,0,2,27,0,29,12,0,12,41
02/26/2003,RAL,CA,AWP,WE,Federal Contract Tower,0,0,34,0,34,0,2,24,0,26,0,2,58,0,60,32,0,32,92
02/27/2003,RAL,CA,AWP,WE,Federal Contract Tower,0,1,30,0,31,0,1,44,0,45,0,2,74,0,76,64,0,64,140
02/28/2003,RAL,CA,AWP,WE,Federal Contract Tower,0,0,28,2,30,0,0,129,2,131,0,0,157,4,161,171,0,171,332
03/01/2003,RAL,CA,AWP,WE,Federal Contract Tower,0,0,23,0,23,0,0,105,4,109,0,0,128,4,132,170,28,198,330
03/02/2003,RAL,CA,AWP,WE,Federal Contract Tower,0,0,26,0,26,0,2,40,0,42,0,2,66,0,68,64,0,64,132
03/03/2003,RAL,CA,AWP,WE,Federal Contract Tower,0,0,24,0,24,0,2,90,0,92,0,2,114,0,116,122,0,122,238
03/04/2003,RAL,CA,AWP,WE,Federal Contract Tower,0,0,20,0,20,0,2,46,0,48,0,2,66,0,68,230,0,230,298
03/05/2003,RAL,CA,AWP,WE,Federal Contract Tower,0,0,42,0,42,0,2,150,0,152,0,2,192,0,194,252,0,252,446
03/06/2003,RAL,CA,AWP,WE,Federal Contract Tower,0,0,38,0,38,0,2,200,0,202,0,2,238,0,240,374,0,374,614
03/07/2003,RAL,CA,AWP,WE,Federal Contract Tower,0,0,35,0,35,0,0,160,0,160,0,0,195,0,195,284,0,284,479
03/08/2003,RAL,CA,AWP,WE,Federal Contract Tower,0,0,31,0,31,0,1,105,0,106,0,1,136,0,137,161,0,161,298
03/09/2003,RAL,CA,AWP,WE,Federal Contract Tower,0,0,35,0,35,0,2,161,4,167,0,2,196,4,202,164,0,164,366
03/10/2003,RAL,CA,AWP,WE,Federal Contract Tower,0,0,23,0,23,0,2,78,0,80,0,2,101,0,103,122,0,122,225
03/11/2003,RAL,CA,AWP,WE,Federal Contract Tower,0,0,38,0,38,0,2,66,0,68,0,2,104,0,106,172,2,174,280
03/12/2003,RAL,CA,AWP,WE,Federal Contract Tower,0,0,30,0,30,0,2,64,0,66,0,2,94,0,96,158,0,158,254
03/13/2003,RAL,CA,AWP,WE,Federal Contract Tower,0,0,48,1,49,0,2,54,1,57,0,2,102,2,106,118,0,118,224
03/14/2003,RAL,CA,AWP,WE,Federal Contract Tower,0,0,44,0,44,0,0,66,0,66,0,0,110,0,110,168,0,168,278
03/15/2003,RAL,CA,AWP,WE,Federal Contract Tower,0,0,13,0,13,0,0,2,0,2,0,0,15,0,15,6,0,6,21
03/16/2003,RAL,CA,AWP,WE,Federal Contract Tower,0,0,24,0,24,0,2,108,0,110,0,2,132,0,134,210,0,210,344
03/17/2003,RAL,CA,AWP,WE,Federal Contract Tower,0,0,18,0,18,0,2,104,0,106,0,2,122,0,124,132,0,132,256
03/18/2003,RAL,CA,AWP,WE,Federal Contract Tower,0,0,26,0,26,0,2,119,4,125,0,2,145,4,151,162,0,162,313
03/19/2003,RAL,CA,AWP,WE,Federal Contract Tower,0,0,38,0,38,0,2,108,0,110,0,2,146,0,148,194,0,194,342
03/20/2003,RAL,CA,AWP,WE,Federal Contract Tower,0,0,41,0,41,0,2,70,0,72,0,2,111,0,113,158,2,160,273
03/21/2003,RAL,CA,AWP,WE,Federal Contract Tower,0,0,33,1,34,0,0,94,0,94,0,0,127,1,128,193,1,194,322
03/22/2003,RAL,CA,AWP,WE,Federal Contract Tower,0,0,28,0,28,0,0,218,0,218,0,0,246,0,246,222,0,222,468
03/23/2003,RAL,CA,AWP,WE,Federal Contract Tower,0,0,24,0,24,0,2,199,0,201,0,2,223,0,225,158,0,158,383
03/24/2003,RAL,CA,AWP,WE,Federal Contract Tower,0,4,27,0,31,0,0,62,0,62,0,4,89,0,93,132,0,132,225
03/25/2003,RAL,CA,AWP,WE,Federal Contract Tower,0,0,33,0,33,0,2,130,0,132,0,2,163,0,165,114,0,114,279
03/26/2003,RAL,CA,AWP,WE,Federal Contract Tower,0,0,32,2,34,0,2,110,4,116,0,2,142,6,150,162,0,162,312
03/27/2003,RAL,CA,AWP,WE,Federal Contract Tower,0,0,12,1,13,0,1,120,3,124,0,1,132,4,137,194,0,194,331
03/28/2003,RAL,CA,AWP,WE,Federal Contract Tower,0,0,0,0,0,0,0,32,8,40,0,0,32,8,40,13,0,13,53
03/29/2003,RAL,CA,AWP,WE,Federal Contract Tower,0,0,0,1,1,0,0,166,5,171,0,0,166,6,172,0,10,10,182
03/30/2003,RAL,CA,AWP,WE,Federal Contract Tower,0,0,28,0,28,0,2,117,0,119,0,2,145,0,147,92,0,92,239
03/31/2003,RAL,CA,AWP,WE,Federal Contract Tower,0,0,26,1,27,0,2,160,0,162,0,2,186,1,189,196,1,197,386
04/01/2003,RAL,CA,AWP,WE,Federal Contract Tower,0,0,20,0,20,0,0,108,0,108,0,0,128,0,128,168,0,168,296
04/02/2003,RAL,CA,AWP,WE,Federal Contract Tower,0,0,32,0,32,0,2,45,0,47,0,2,77,0,79,159,0,159,238
04/03/2003,RAL,CA,AWP,WE,Federal Contract Tower,0,2,37,0,39,0,2,118,0,120,0,4,155,0,159,167,0,167,326
04/04/2003,RAL,CA,AWP,WE,Federal Contract Tower,0,2,37,0,39,0,0,115,0,115,0,2,152,0,154,222,0,222,376
04/05/2003,RAL,CA,AWP,WE,Federal Contract Tower,0,0,17,0,17,0,0,145,0,145,0,0,162,0,162,260,0,260,422
04/06/2003,RAL,CA,AWP,WE,Federal Contract Tower,0,0,34,0,34,0,0,219,0,219,0,0,253,0,253,312,0,312,565
04/07/2003,RAL,CA,AWP,WE,Federal Contract Tower,0,0,23,0,23,0,1,125,0,126,0,1,148,0,149,274,0,274,423
04/08/2003,RAL,CA,AWP,WE,Federal Contract Tower,0,0,26,0,26,0,0,108,0,108,0,0,134,0,134,194,0,194,328
04/09/2003,RAL,CA,AWP,WE,Federal Contract Tower,0,0,22,0,22,0,0,96,0,96,0,0,118,0,118,206,0,206,324
04/10/2003,RAL,CA,AWP,WE,Federal Contract Tower,0,0,35,1,36,0,0,107,0,107,0,0,142,1,143,179,1,180,323
04/11/2003,RAL,CA,AWP,WE,Federal Contract Tower,0,0,25,0,25,0,0,57,0,57,0,0,82,0,82,89,0,89,171
04/12/2003,RAL,CA,AWP,WE,Federal Contract Tower,0,2,23,0,25,0,0,148,4,152,0,2,171,4,177,184,0,184,361
04/13/2003,RAL,CA,AWP,WE,Federal Contract Tower,0,0,24,0,24,0,2,86,0,88,0,2,110,0,112,176,0,176,288
04/14/2003,RAL,CA,AWP,WE,Federal Contract Tower,0,0,17,0,17,0,0,3,0,3,0,0,20,0,20,4,0,4,24
04/15/2003,RAL,CA,AWP,WE,Federal Contract Tower,0,0,35,2,37,0,2,123,0,125,0,2,158,2,162,196,0,196,358
04/16/2003,RAL,CA,AWP,WE,Federal Contract Tower,0,0,21,0,21,0,2,135,0,137,0,2,156,0,158,182,0,182,340
04/17/2003,RAL,CA,AWP,WE,Federal Contract Tower,0,0,20,0,20,0,0,89,0,89,0,0,109,0,109,210,0,210,319
04/18/2003,RAL,CA,AWP,WE,Federal Contract Tower,0,0,25,0,25,0,0,120,2,122,0,0,145,2,147,248,0,248,395
04/19/2003,RAL,CA,AWP,WE,Federal Contract Tower,0,0,18,0,18,0,0,163,0,163,0,0,181,0,181,196,0,196,377
04/20/2003,RAL,CA,AWP,WE,Federal Contract Tower,0,0,10,0,10,0,0,63,0,63,0,0,73,0,73,59,0,59,132
04/21/2003,RAL,CA,AWP,WE,Federal Contract Tower,0,0,28,0,28,0,0,28,0,28,0,0,56,0,56,113,0,113,169
04/22/2003,RAL,CA,AWP,WE,Federal Contract Tower,0,1,40,0,41,0,2,48,0,50,0,3,88,0,91,113,0,113,204
04/23/2003,RAL,CA,AWP,WE,Federal Contract Tower,0,1,41,0,42,0,0,85,0,85,0,1,126,0,127,164,0,164,291
04/24/2003,RAL,CA,AWP,WE,Federal Contract Tower,0,0,35,0,35,0,0,97,0,97,0,0,132,0,132,162,0,162,294
04/25/2003,RAL,CA,AWP,WE,Federal Contract Tower,0,0,19,0,19,0,0,120,0,120,0,0,139,0,139,208,0,208,347
04/26/2003,RAL,CA,AWP,WE,Federal Contract Tower,0,0,24,0,24,0,0,186,0,186,0,0,210,0,210,214,0,214,424
04/27/2003,RAL,CA,AWP,WE,Federal Contract Tower,0,0,25,0,25,0,0,183,0,183,0,0,208,0,208,204,0,204,412
04/28/2003,RAL,CA,AWP,WE,Federal Contract Tower,0,0,17,1,18,0,1,115,1,117,0,1,132,2,135,156,0,156,291
04/29/2003,RAL,CA,AWP,WE,Federal Contract Tower,0,0,24,0,24,0,0,170,2,172,0,0,194,2,196,258,0,258,454
04/30/2003,RAL,CA,AWP,WE,Federal Contract Tower,0,0,37,0,37,0,0,135,0,135,0,0,172,0,172,240,0,240,412
05/01/2003,RAL,CA,AWP,WE,Federal Contract Tower,0,2,35,0,37,0,0,117,2,119,0,2,152,2,156,221,0,221,377
05/02/2003,RAL,CA,AWP,WE,Federal Contract Tower,0,0,39,0,39,0,0,54,0,54,0,0,93,0,93,152,2,154,247
05/03/2003,RAL,CA,AWP,WE,Federal Contract Tower,0,0,17,1,18,0,0,60,1,61,0,0,77,2,79,144,0,144,223
05/04/2003,RAL,CA,AWP,WE,Federal Contract Tower,0,0,32,0,32,0,0,111,0,111,0,0,143,0,143,132,0,132,275
05/05/2003,RAL,CA,AWP,WE,Federal Contract Tower,0,0,38,0,38,0,0,89,0,89,0,0,127,0,127,220,0,220,347
05/06/2003,RAL,CA,AWP,WE,Federal Contract Tower,0,0,35,0,35,0,0,97,0,97,0,0,132,0,132,188,0,188,320
05/07/2003,RAL,CA,AWP,WE,Federal Contract Tower,0,0,43,0,43,0,2,114,0,116,0,2,157,0,159,228,0,228,387
05/08/2003,RAL,CA,AWP,WE,Federal Contract Tower,0,0,40,0,40,0,0,118,0,118,0,0,158,0,158,282,0,282,440
05/09/2003,RAL,CA,AWP,WE,Federal Contract Tower,0,0,33,0,33,0,0,107,0,107,0,0,140,0,140,240,0,240,380
05/10/2003,RAL,CA,AWP,WE,Federal Contract Tower,0,2,41,0,43,0,0,165,0,165,0,2,206,0,208,166,0,166,374
05/11/2003,RAL,CA,AWP,WE,Federal Contract Tower,0,0,30,0,30,0,0,121,0,121,0,0,151,0,151,66,0,66,217
05/12/2003,RAL,CA,AWP,WE,Federal Contract Tower,0,3,24,0,27,0,0,105,0,105,0,3,129,0,132,119,0,119,251
05/13/2003,RAL,CA,AWP,WE,Federal Contract Tower,0,1,20,0,21,0,1,112,0,113,0,2,132,0,134,215,0,215,349
05/14/2003,RAL,CA,AWP,WE,Federal Contract Tower,0,0,33,2,35,0,0,59,0,59,0,0,92,2,94,114,0,114,208
05/15/2003,RAL,CA,AWP,WE,Federal Contract Tower,0,1,25,0,26,0,1,163,0,164,0,2,188,0,190,178,0,178,368
05/16/2003,RAL,CA,AWP,WE,Federal Contract Tower,0,0,34,0,34,0,0,173,0,173,0,0,207,0,207,216,2,218,425
05/17/2003,RAL,CA,AWP,WE,Federal Contract Tower,0,0,13,0,13,0,0,109,0,109,0,0,122,0,122,150,0,150,272
05/18/2003,RAL,CA,AWP,WE,Federal Contract Tower,0,0,25,0,25,0,0,85,0,85,0,0,110,0,110,156,0,156,266
05/19/2003,RAL,CA,AWP,WE,Federal Contract Tower,0,0,16,0,16,0,0,136,0,136,0,0,152,0,152,292,0,292,444
05/20/2003,RAL,CA,AWP,WE,Federal Contract Tower,0,0,32,0,32,0,0,101,0,101,0,0,133,0,133,170,0,170,303
05/21/2003,RAL,CA,AWP,WE,Federal Contract Tower,0,0,21,2,23,0,0,137,0,137,0,0,158,2,160,178,0,178,338
05/22/2003,RAL,CA,AWP,WE,Federal Contract Tower,0,0,17,0,17,0,0,66,0,66,0,0,83,0,83,174,0,174,257
05/23/2003,RAL,CA,AWP,WE,Federal Contract Tower,0,0,35,0,35,0,0,52,0,52,0,0,87,0,87,86,0,86,173
05/24/2003,RAL,CA,AWP,WE,Federal Contract Tower,0,0,30,0,30,0,0,14,0,14,0,0,44,0,44,64,0,64,108
05/25/2003,RAL,CA,AWP,WE,Federal Contract Tower,0,0,16,0,16,0,0,80,0,80,0,0,96,0,96,62,0,62,158
05/26/2003,RAL,CA,AWP,WE,Federal Contract Tower,0,0,36,0,36,0,0,112,0,112,0,0,148,0,148,106,0,106,254
05/27/2003,RAL,CA,AWP,WE,Federal Contract Tower,0,0,17,0,17,0,0,129,0,129,0,0,146,0,146,162,0,162,308
05/28/2003,RAL,CA,AWP,WE,Federal Contract Tower,0,0,30,0,30,0,0,122,4,126,0,0,152,4,156,196,0,196,352
05/29/2003,RAL,CA,AWP,WE,Federal Contract Tower,0,0,32,1,33,0,0,136,1,137,0,0,168,2,170,214,2,216,386
05/30/2003,RAL,CA,AWP,WE,Federal Contract Tower,0,0,41,0,41,0,1,133,0,134,0,1,174,0,175,254,0,254,429
05/31/2003,RAL,CA,AWP,WE,Federal Contract Tower,0,0,27,0,27,0,0,54,0,54,0,0,81,0,81,97,0,97,178
06/01/2003,RAL,CA,AWP,WE,Federal Contract Tower,0,0,36,0,36,0,0,21,0,21,0,0,57,0,57,84,0,84,141
06/02/2003,RAL,CA,AWP,WE,Federal Contract Tower,0,0,44,0,44,0,0,22,2,24,0,0,66,2,68,62,2,64,132
06/03/2003,RAL,CA,AWP,WE,Federal Contract Tower,0,0,46,0,46,0,0,18,0,18,0,0,64,0,64,118,0,118,182
06/04/2003,RAL,CA,AWP,WE,Federal Contract Tower,0,0,36,0,36,0,0,50,0,50,0,0,86,0,86,123,0,123,209
06/05/2003,RAL,CA,AWP,WE,Federal Contract Tower,0,0,41,0,41,0,0,81,0,81,0,0,122,0,122,164,0,164,286
06/06/2003,RAL,CA,AWP,WE,Federal Contract Tower,0,0,44,0,44,0,0,57,0,57,0,0,101,0,101,96,0,96,197
06/07/2003,RAL,CA,AWP,WE,Federal Contract Tower,0,0,51,0,51,0,0,43,0,43,0,0,94,0,94,94,0,94,188
06/08/2003,RAL,CA,AWP,WE,Federal Contract Tower,0,0,44,0,44,0,0,38,0,38,0,0,82,0,82,104,0,104,186
06/09/2003,RAL,CA,AWP,WE,Federal Contract Tower,0,0,41,4,45,0,0,45,0,45,0,0,86,4,90,154,0,154,244
06/10/2003,RAL,CA,AWP,WE,Federal Contract Tower,0,0,29,0,29,0,0,51,0,51,0,0,80,0,80,128,0,128,208
06/11/2003,RAL,CA,AWP,WE,Federal Contract Tower,0,0,37,0,37,0,0,122,0,122,0,0,159,0,159,212,0,212,371
06/12/2003,RAL,CA,AWP,WE,Federal Contract Tower,0,0,37,3,40,0,1,56,0,57,0,1,93,3,97,174,3,177,274
06/13/2003,RAL,CA,AWP,WE,Federal Contract Tower,0,0,29,0,29,0,0,62,0,62,0,0,91,0,91,108,0,108,199
06/14/2003,RAL,CA,AWP,WE,Federal Contract Tower,0,0,51,0,51,0,0,148,0,148,0,0,199,0,199,192,0,192,391
06/15/2003,RAL,CA,AWP,WE,Federal Contract Tower,0,0,31,0,31,0,0,134,0,134,0,0,165,0,165,132,0,132,297
06/16/2003,RAL,CA,AWP,WE,Federal Contract Tower,0,0,30,0,30,0,0,77,0,77,0,0,107,0,107,88,0,88,195
06/17/2003,RAL,CA,AWP,WE,Federal Contract Tower,0,0,62,1,63,0,0,96,1,97,0,0,158,2,160,148,0,148,308
06/18/2003,RAL,CA,AWP,WE,Federal Contract Tower,0,0,41,0,41,0,0,67,0,67,0,0,108,0,108,106,0,106,214
06/19/2003,RAL,CA,AWP,WE,Federal Contract Tower,0,2,39,0,41,0,0,61,0,61,0,2,100,0,102,164,0,164,266
06/20/2003,RAL,CA,AWP,WE,Federal Contract Tower,0,0,43,2,45,0,0,71,0,71,0,0,114,2,116,172,0,172,288
06/21/2003,RAL,CA,AWP,WE,Federal Contract Tower,0,1,39,0,40,0,0,38,0,38,0,1,77,0,78,172,0,172,250
06/22/2003,RAL,CA,AWP,WE,Federal Contract Tower,0,0,35,0,35,0,0,36,0,36,0,0,71,0,71,112,0,112,183
06/23/2003,RAL,CA,AWP,WE,Federal Contract Tower,0,0,26,0,26,0,0,42,0,42,0,0,68,0,68,143,0,143,211
06/24/2003,RAL,CA,AWP,WE,Federal Contract Tower,0,0,42,0,42,0,1,59,0,60,0,1,101,0,102,144,0,144,246
06/25/2003,RAL,CA,AWP,WE,Federal Contract Tower,0,0,17,0,17,0,0,86,0,86,0,0,103,0,103,154,0,154,257
06/26/2003,RAL,CA,AWP,WE,Federal Contract Tower,0,0,24,0,24,0,0,128,0,128,0,0,152,0,152,206,0,206,358
06/27/2003,RAL,CA,AWP,WE,Federal Contract Tower,0,0,33,0,33,0,0,149,0,149,0,0,182,0,182,164,0,164,346
06/28/2003,RAL,CA,AWP,WE,Federal Contract Tower,0,0,26,0,26,0,0,139,0,139,0,0,165,0,165,220,0,220,385
06/29/2003,RAL,CA,AWP,WE,Federal Contract Tower,0,0,24,0,24,0,0,114,0,114,0,0,138,0,138,108,0,108,246
06/30/2003,RAL,CA,AWP,WE,Federal Contract Tower,0,0,24,0,24,0,0,107,0,107,0,0,131,0,131,206,0,206,337
07/01/2003,RAL,CA,AWP,WE,Federal Contract Tower,0,0,23,0,23,0,0,104,0,104,0,0,127,0,127,230,0,230,357
07/02/2003,RAL,CA,AWP,WE,Federal Contract Tower,0,0,34,0,34,0,0,153,0,153,0,0,187,0,187,280,0,280,467
07/03/2003,RAL,CA,AWP,WE,Federal Contract Tower,0,0,24,0,24,0,0,148,0,148,0,0,172,0,172,195,0,195,367
07/04/2003,RAL,CA,AWP,WE,Federal Contract Tower,0,0,19,0,19,0,0,133,0,133,0,0,152,0,152,208,0,208,360
07/05/2003,RAL,CA,AWP,WE,Federal Contract Tower,0,0,22,0,22,0,0,136,0,136,0,0,158,0,158,200,0,200,358
07/06/2003,RAL,CA,AWP,WE,Federal Contract Tower,0,0,27,0,27,0,0,100,0,100,0,0,127,0,127,148,0,148,275
07/07/2003,RAL,CA,AWP,WE,Federal Contract Tower,0,0,35,1,36,0,0,109,3,112,0,0,144,4,148,194,0,194,342
07/08/2003,RAL,CA,AWP,WE,Federal Contract Tower,0,0,31,1,32,0,0,74,1,75,0,0,105,2,107,168,0,168,275
07/09/2003,RAL,CA,AWP,WE,Federal Contract Tower,0,0,30,0,30,0,0,119,0,119,0,0,149,0,149,122,0,122,271
07/10/2003,RAL,CA,AWP,WE,Federal Contract Tower,0,0,24,0,24,0,0,118,2,120,0,0,142,2,144,174,0,174,318
07/11/2003,RAL,CA,AWP,WE,Federal Contract Tower,0,0,30,0,30,0,1,63,0,64,0,1,93,0,94,98,2,100,194
07/12/2003,RAL,CA,AWP,WE,Federal Contract Tower,0,0,19,0,19,0,0,137,2,139,0,0,156,2,158,229,4,233,391
07/13/2003,RAL,CA,AWP,WE,Federal Contract Tower,0,0,12,0,12,0,0,96,0,96,0,0,108,0,108,98,0,98,206
07/14/2003,RAL,CA,AWP,WE,Federal Contract Tower,0,0,20,0,20,0,0,67,0,67,0,0,87,0,87,146,0,146,233
07/15/2003,RAL,CA,AWP,WE,Federal Contract Tower,0,0,19,2,21,0,2,78,0,80,0,2,97,2,101,117,0,117,218
07/16/2003,RAL,CA,AWP,WE,Federal Contract Tower,0,0,20,0,20,0,0,44,0,44,0,0,64,0,64,95,0,95,159
07/17/2003,RAL,CA,AWP,WE,Federal Contract Tower,0,0,25,0,25,0,0,96,0,96,0,0,121,0,121,158,0,158,279
07/18/2003,RAL,CA,AWP,WE,Federal Contract Tower,0,0,21,0,21,0,0,104,0,104,0,0,125,0,125,186,0,186,311
07/19/2003,RAL,CA,AWP,WE,Federal Contract Tower,0,0,20,0,20,0,0,152,0,152,0,0,172,0,172,178,0,178,350
07/20/2003,RAL,CA,AWP,WE,Federal Contract Tower,0,0,18,0,18,0,0,157,0,157,0,0,175,0,175,158,0,158,333
07/21/2003,RAL,CA,AWP,WE,Federal Contract Tower,0,0,28,0,28,0,0,113,1,114,0,0,141,1,142,142,0,142,284
07/22/2003,RAL,CA,AWP,WE,Federal Contract Tower,0,0,18,0,18,0,0,113,0,113,0,0,131,0,131,146,0,146,277
07/23/2003,RAL,CA,AWP,WE,Federal Contract Tower,0,2,23,0,25,0,0,87,0,87,0,2,110,0,112,130,0,130,242
07/24/2003,RAL,CA,AWP,WE,Federal Contract Tower,0,0,40,0,40,0,0,57,0,57,0,0,97,0,97,124,0,124,221
07/25/2003,RAL,CA,AWP,WE,Federal Contract Tower,0,2,32,0,34,0,0,42,0,42,0,2,74,0,76,134,0,134,210
07/26/2003,RAL,CA,AWP,WE,Federal Contract Tower,0,0,25,0,25,0,0,127,0,127,0,0,152,0,152,164,0,164,316
07/27/2003,RAL,CA,AWP,WE,Federal Contract Tower,0,0,35,0,35,0,0,101,0,101,0,0,136,0,136,162,0,162,298
07/28/2003,RAL,CA,AWP,WE,Federal Contract Tower,0,0,21,0,21,0,0,105,0,105,0,0,126,0,126,112,0,112,238
07/29/2003,RAL,CA,AWP,WE,Federal Contract Tower,0,0,11,0,11,0,0,75,0,75,0,0,86,0,86,80,0,80,166
07/30/2003,RAL,CA,AWP,WE,Federal Contract Tower,0,0,25,0,25,0,0,44,0,44,0,0,69,0,69,110,2,112,181
07/31/2003,RAL,CA,AWP,WE,Federal Contract Tower,0,0,19,0,19,0,0,114,0,114,0,0,133,0,133,152,0,152,285
08/01/2003,RAL,CA,AWP,WE,Federal Contract Tower,0,1,20,0,21,0,0,105,0,105,0,1,125,0,126,156,0,156,282
08/02/2003,RAL,CA,AWP,WE,Federal Contract Tower,0,0,33,0,33,0,0,101,0,101,0,0,134,0,134,112,0,112,246
08/03/2003,RAL,CA,AWP,WE,Federal Contract Tower,0,0,23,0,23,0,0,135,0,135,0,0,158,0,158,184,0,184,342
08/04/2003,RAL,CA,AWP,WE,Federal Contract Tower,0,0,15,0,15,0,0,57,0,57,0,0,72,0,72,102,0,102,174
08/05/2003,RAL,CA,AWP,WE,Federal Contract Tower,0,0,28,0,28,0,0,125,0,125,0,0,153,0,153,178,0,178,331
08/06/2003,RAL,CA,AWP,WE,Federal Contract Tower,0,0,24,0,24,0,1,72,0,73,0,1,96,0,97,74,0,74,171
08/07/2003,RAL,CA,AWP,WE,Federal Contract Tower,0,0,29,1,30,0,0,147,3,150,0,0,176,4,180,192,0,192,372
08/08/2003,RAL,CA,AWP,WE,Federal Contract Tower,0,0,20,0,20,0,0,152,0,152,0,0,172,0,172,104,0,104,276
08/09/2003,RAL,CA,AWP,WE,Federal Contract Tower,0,0,15,0,15,0,0,125,0,125,0,0,140,0,140,112,0,112,252
08/10/2003,RAL,CA,AWP,WE,Federal Contract Tower,0,0,24,0,24,0,0,124,0,124,0,0,148,0,148,138,0,138,286
08/11/2003,RAL,CA,AWP,WE,Federal Contract Tower,0,0,16,0,16,0,2,94,0,96,0,2,110,0,112,108,0,108,220
08/12/2003,RAL,CA,AWP,WE,Federal Contract Tower,0,0,14,0,14,0,0,120,0,120,0,0,134,0,134,168,0,168,302
08/13/2003,RAL,CA,AWP,WE,Federal Contract Tower,0,0,17,0,17,0,0,103,2,105,0,0,120,2,122,192,0,192,314
08/14/2003,RAL,CA,AWP,WE,Federal Contract Tower,0,1,17,0,18,0,0,121,0,121,0,1,138,0,139,174,0,174,313
08/15/2003,RAL,CA,AWP,WE,Federal Contract Tower,0,0,12,0,12,0,0,86,0,86,0,0,98,0,98,104,0,104,202
08/16/2003,RAL,CA,AWP,WE,Federal Contract Tower,0,0,23,0,23,0,0,128,0,128,0,0,151,0,151,160,0,160,311
08/17/2003,RAL,CA,AWP,WE,Federal Contract Tower,0,0,17,0,17,0,0,139,0,139,0,0,156,0,156,242,0,242,398
08/18/2003,RAL,CA,AWP,WE,Federal Contract Tower,0,0,20,0,20,0,0,126,0,126,0,0,146,0,146,184,0,184,330
08/19/2003,RAL,CA,AWP,WE,Federal Contract Tower,0,0,22,0,22,0,0,142,0,142,0,0,164,0,164,212,0,212,376
08/20/2003,RAL,CA,AWP,WE,Federal Contract Tower,0,0,27,0,27,0,0,100,0,100,0,0,127,0,127,146,0,146,273
08/21/2003,RAL,CA,AWP,WE,Federal Contract Tower,0,0,21,0,21,0,0,99,1,100,0,0,120,1,121,190,0,190,311
08/22/2003,RAL,CA,AWP,WE,Federal Contract Tower,0,0,19,0,19,0,0,139,0,139,0,0,158,0,158,172,0,172,330
08/23/2003,RAL,CA,AWP,WE,Federal Contract Tower,0,3,29,0,32,0,1,150,0,151,0,4,179,0,183,141,0,141,324
08/24/2003,RAL,CA,AWP,WE,Federal Contract Tower,0,0,9,0,9,0,1,118,0,119,0,1,127,0,128,148,0,148,276
08/25/2003,RAL,CA,AWP,WE,Federal Contract Tower,0,0,7,1,8,0,0,86,0,86,0,0,93,1,94,86,3,89,183
08/26/2003,RAL,CA,AWP,WE,Federal Contract Tower,0,2,11,0,13,0,0,70,0,70,0,2,81,0,83,121,0,121,204
08/27/2003,RAL,CA,AWP,WE,Federal Contract Tower,0,2,23,0,25,0,0,116,0,116,0,2,139,0,141,114,0,114,255
08/28/2003,RAL,CA,AWP,WE,Federal Contract Tower,0,0,24,0,24,0,0,110,0,110,0,0,134,0,134,112,0,112,246
08/29/2003,RAL,CA,AWP,WE,Federal Contract Tower,0,0,29,0,29,0,0,174,0,174,0,0,203,0,203,152,0,152,355
08/30/2003,RAL,CA,AWP,WE,Federal Contract Tower,0,0,15,0,15,0,0,108,0,108,0,0,123,0,123,126,0,126,249
08/31/2003,RAL,CA,AWP,WE,Federal Contract Tower,0,0,17,0,17,0,0,71,0,71,0,0,88,0,88,114,0,114,202
09/01/2003,RAL,CA,AWP,WE,Federal Contract Tower,0,0,18,0,18,0,0,149,0,149,0,0,167,0,167,152,0,152,319
09/02/2003,RAL,CA,AWP,WE,Federal Contract Tower,0,0,24,0,24,0,0,97,0,97,0,0,121,0,121,136,0,136,257
09/03/2003,RAL,CA,AWP,WE,Federal Contract Tower,0,2,26,0,28,0,0,89,0,89,0,2,115,0,117,106,0,106,223
09/04/2003,RAL,CA,AWP,WE,Federal Contract Tower,0,2,31,0,33,0,0,105,0,105,0,2,136,0,138,201,0,201,339
09/05/2003,RAL,CA,AWP,WE,Federal Contract Tower,0,0,17,0,17,0,0,99,0,99,0,0,116,0,116,132,0,132,248
09/06/2003,RAL,CA,AWP,WE,Federal Contract Tower,0,2,22,3,27,0,0,119,2,121,0,2,141,5,148,132,8,140,288
09/07/2003,RAL,CA,AWP,WE,Federal Contract Tower,0,0,20,3,23,0,2,126,1,129,0,2,146,4,152,138,2,140,292
09/08/2003,RAL,CA,AWP,WE,Federal Contract Tower,0,0,22,0,22,0,0,101,0,101,0,0,123,0,123,144,0,144,267
09/09/2003,RAL,CA,AWP,WE,Federal Contract Tower,0,1,39,0,40,0,0,82,0,82,0,1,121,0,122,136,2,138,260
09/10/2003,RAL,CA,AWP,WE,Federal Contract Tower,0,5,24,0,29,0,0,97,0,97,0,5,121,0,126,120,0,120,246
09/11/2003,RAL,CA,AWP,WE,Federal Contract Tower,0,0,26,0,26,0,0,123,0,123,0,0,149,0,149,160,0,160,309
09/12/2003,RAL,CA,AWP,WE,Federal Contract Tower,0,0,27,0,27,0,0,86,0,86,0,0,113,0,113,151,0,151,264
09/13/2003,RAL,CA,AWP,WE,Federal Contract Tower,0,4,29,0,33,0,0,107,0,107,0,4,136,0,140,113,0,113,253
09/14/2003,RAL,CA,AWP,WE,Federal Contract Tower,0,0,20,0,20,0,0,82,0,82,0,0,102,0,102,113,0,113,215
09/15/2003,RAL,CA,AWP,WE,Federal Contract Tower,0,0,32,0,32,0,2,34,0,36,0,2,66,0,68,106,0,106,174
09/16/2003,RAL,CA,AWP,WE,Federal Contract Tower,0,0,38,0,38,0,0,65,0,65,0,0,103,0,103,109,0,109,212
09/17/2003,RAL,CA,AWP,WE,Federal Contract Tower,0,0,33,0,33,0,0,129,0,129,0,0,162,0,162,256,0,256,418
09/18/2003,RAL,CA,AWP,WE,Federal Contract Tower,0,0,30,0,30,0,0,132,0,132,0,0,162,0,162,256,0,256,418
09/19/2003,RAL,CA,AWP,WE,Federal Contract Tower,0,0,21,0,21,0,0,150,0,150,0,0,171,0,171,234,0,234,405
09/20/2003,RAL,CA,AWP,WE,Federal Contract Tower,0,4,36,0,40,0,0,230,0,230,0,4,266,0,270,352,0,352,622
09/21/2003,RAL,CA,AWP,WE,Federal Contract Tower,0,0,25,0,25,0,0,122,0,122,0,0,147,0,147,182,0,182,329
09/22/2003,RAL,CA,AWP,WE,Federal Contract Tower,0,0,25,0,25,0,0,72,0,72,0,0,97,0,97,142,0,142,239
09/23/2003,RAL,CA,AWP,WE,Federal Contract Tower,0,0,33,0,33,0,0,93,0,93,0,0,126,0,126,140,0,140,266
09/24/2003,RAL,CA,AWP,WE,Federal Contract Tower,0,0,43,1,44,0,0,67,1,68,0,0,110,2,112,120,0,120,232
09/25/2003,RAL,CA,AWP,WE,Federal Contract Tower,0,2,53,0,55,0,0,59,0,59,0,2,112,0,114,131,0,131,245
09/26/2003,RAL,CA,AWP,WE,Federal Contract Tower,0,3,36,0,39,0,0,112,0,112,0,3,148,0,151,108,0,108,259
09/27/2003,RAL,CA,AWP,WE,Federal Contract Tower,0,0,38,0,38,0,0,69,0,69,0,0,107,0,107,168,0,168,275
09/28/2003,RAL,CA,AWP,WE,Federal Contract Tower,0,0,29,0,29,0,0,72,0,72,0,0,101,0,101,132,0,132,233
09/29/2003,RAL,CA,AWP,WE,Federal Contract Tower,0,0,38,0,38,0,0,78,0,78,0,0,116,0,116,114,0,114,230
09/30/2003,RAL,CA,AWP,WE,Federal Contract Tower,0,0,52,0,52,0,0,100,0,100,0,0,152,0,152,96,0,96,248
10/01/2003,RAL,CA,AWP,WE,Federal Contract Tower,0,0,29,0,29,0,0,109,0,109,0,0,138,0,138,132,0,132,270
10/02/2003,RAL,CA,AWP,WE,Federal Contract Tower,0,0,34,0,34,0,0,71,2,73,0,0,105,2,107,152,0,152,259
10/03/2003,RAL,CA,AWP,WE,Federal Contract Tower,0,1,28,0,29,0,0,67,0,67,0,1,95,0,96,132,0,132,228
10/04/2003,RAL,CA,AWP,WE,Federal Contract Tower,0,1,36,0,37,0,0,49,0,49,0,1,85,0,86,81,0,81,167
10/05/2003,RAL,CA,AWP,WE,Federal Contract Tower,0,0,40,0,40,0,0,36,0,36,0,0,76,0,76,88,0,88,164
10/06/2003,RAL,CA,AWP,WE,Federal Contract Tower,0,0,34,0,34,0,0,40,0,40,0,0,74,0,74,99,0,99,173
10/07/2003,RAL,CA,AWP,WE,Federal Contract Tower,0,0,31,0,31,0,0,39,0,39,0,0,70,0,70,100,0,100,170
10/08/2003,RAL,CA,AWP,WE,Federal Contract Tower,0,0,42,0,42,0,0,90,0,90,0,0,132,0,132,96,0,96,228
10/09/2003,RAL,CA,AWP,WE,Federal Contract Tower,0,0,31,0,31,0,0,108,0,108,0,0,139,0,139,196,0,196,335
10/10/2003,RAL,CA,AWP,WE,Federal Contract Tower,0,0,37,0,37,0,1,100,0,101,0,1,137,0,138,238,0,238,376
10/11/2003,RAL,CA,AWP,WE,Federal Contract Tower,0,0,30,0,30,0,1,133,0,134,0,1,163,0,164,112,0,112,276
10/12/2003,RAL,CA,AWP,WE,Federal Contract Tower,0,0,44,0,44,0,2,117,0,119,0,2,161,0,163,202,0,202,365
10/13/2003,RAL,CA,AWP,WE,Federal Contract Tower,0,0,31,0,31,0,0,127,0,127,0,0,158,0,158,226,0,226,384
10/14/2003,RAL,CA,AWP,WE,Federal Contract Tower,0,0,45,0,45,0,0,127,0,127,0,0,172,0,172,284,0,284,456
10/15/2003,RAL,CA,AWP,WE,Federal Contract Tower,0,0,15,0,15,0,0,17,0,17,0,0,32,0,32,38,0,38,70
10/16/2003,RAL,CA,AWP,WE,Federal Contract Tower,0,0,20,0,20,0,2,51,0,53,0,2,71,0,73,101,0,101,174
10/17/2003,RAL,CA,AWP,WE,Federal Contract Tower,0,0,31,0,31,0,0,116,0,116,0,0,147,0,147,109,0,109,256
10/18/2003,RAL,CA,AWP,WE,Federal Contract Tower,0,0,28,0,28,0,0,168,0,168,0,0,196,0,196,118,0,118,314
10/19/2003,RAL,CA,AWP,WE,Federal Contract Tower,0,0,34,0,34,0,0,142,0,142,0,0,176,0,176,122,0,122,298
10/20/2003,RAL,CA,AWP,WE,Federal Contract Tower,0,0,26,0,26,0,0,63,0,63,0,0,89,0,89,98,0,98,187
10/21/2003,RAL,CA,AWP,WE,Federal Contract Tower,0,0,34,0,34,0,0,158,0,158,0,0,192,0,192,132,0,132,324
10/22/2003,RAL,CA,AWP,WE,Federal Contract Tower,0,0,34,0,34,0,0,129,0,129,0,0,163,0,163,116,0,116,279
10/23/2003,RAL,CA,AWP,WE,Federal Contract Tower,0,0,30,0,30,0,0,122,0,122,0,0,152,0,152,134,0,134,286
10/24/2003,RAL,CA,AWP,WE,Federal Contract Tower,0,0,21,0,21,0,0,96,2,98,0,0,117,2,119,194,0,194,313
10/25/2003,RAL,CA,AWP,WE,Federal Contract Tower,0,0,17,0,17,0,0,25,0,25,0,0,42,0,42,44,0,44,86
10/26/2003,RAL,CA,AWP,WE,Federal Contract Tower,0,0,2,0,2,0,0,11,0,11,0,0,13,0,13,19,0,19,32
10/27/2003,RAL,CA,AWP,WE,Federal Contract Tower,0,0,1,0,1,0,0,78,0,78,0,0,79,0,79,122,0,122,201
10/28/2003,RAL,CA,AWP,WE,Federal Contract Tower,0,0,28,0,28,0,0,51,0,51,0,0,79,0,79,172,0,172,251
10/29/2003,RAL,CA,AWP,WE,Federal Contract Tower,0,0,23,0,23,0,0,51,0,51,0,0,74,0,74,156,0,156,230
10/30/2003,RAL,CA,AWP,WE,Federal Contract Tower,0,0,31,0,31,0,0,94,0,94,0,0,125,0,125,207,0,207,332
10/31/2003,RAL,CA,AWP,WE,Federal Contract Tower,0,0,17,0,17,0,0,83,0,83,0,0,100,0,100,138,0,138,238
11/01/2003,RAL,CA,AWP,WE,Federal Contract Tower,0,0,24,0,24,0,0,81,0,81,0,0,105,0,105,193,0,193,298
11/02/2003,RAL,CA,AWP,WE,Federal Contract Tower,0,1,25,0,26,0,1,109,0,110,0,2,134,0,136,182,0,182,318
11/03/2003,RAL,CA,AWP,WE,Federal Contract Tower,0,0,15,0,15,0,0,24,0,24,0,0,39,0,39,52,0,52,91
11/04/2003,RAL,CA,AWP,WE,Federal Contract Tower,0,0,25,0,25,0,0,65,0,65,0,0,90,0,90,137,0,137,227
11/05/2003,RAL,CA,AWP,WE,Federal Contract Tower,0,1,25,0,26,0,0,91,0,91,0,1,116,0,117,156,0,156,273
11/06/2003,RAL,CA,AWP,WE,Federal Contract Tower,0,1,49,0,50,0,0,129,0,129,0,1,178,0,179,264,0,264,443
11/07/2003,RAL,CA,AWP,WE,Federal Contract Tower,0,0,34,0,34,0,0,106,0,106,0,0,140,0,140,183,0,183,323
11/08/2003,RAL,CA,AWP,WE,Federal Contract Tower,0,0,23,0,23,0,0,150,0,150,0,0,173,0,173,148,0,148,321
11/09/2003,RAL,CA,AWP,WE,Federal Contract Tower,0,0,25,0,25,0,0,135,0,135,0,0,160,0,160,212,0,212,372
11/10/2003,RAL,CA,AWP,WE,Federal Contract Tower,0,0,21,0,21,0,1,81,0,82,0,1,102,0,103,144,0,144,247
11/11/2003,RAL,CA,AWP,WE,Federal Contract Tower,0,0,32,0,32,0,0,113,0,113,0,0,145,0,145,183,0,183,328
11/12/2003,RAL,CA,AWP,WE,Federal Contract Tower,0,0,28,0,28,0,0,27,0,27,0,0,55,0,55,95,0,95,150
11/13/2003,RAL,CA,AWP,WE,Federal Contract Tower,0,0,30,0,30,0,0,78,0,78,0,0,108,0,108,188,0,188,296
11/14/2003,RAL,CA,AWP,WE,Federal Contract Tower,0,0,42,0,42,0,0,138,0,138,0,0,180,0,180,199,0,199,379
11/15/2003,RAL,CA,AWP,WE,Federal Contract Tower,0,0,46,0,46,0,0,112,0,112,0,0,158,0,158,222,0,222,380
11/16/2003,RAL,CA,AWP,WE,Federal Contract Tower,0,0,21,0,21,0,0,122,3,125,0,0,143,3,146,153,0,153,299
11/17/2003,RAL,CA,AWP,WE,Federal Contract Tower,0,0,20,0,20,0,0,65,0,65,0,0,85,0,85,184,0,184,269
11/18/2003,RAL,CA,AWP,WE,Federal Contract Tower,0,0,32,0,32,0,0,133,0,133,0,0,165,0,165,232,0,232,397
11/19/2003,RAL,CA,AWP,WE,Federal Contract Tower,0,0,40,0,40,0,0,116,4,120,0,0,156,4,160,187,0,187,347
11/20/2003,RAL,CA,AWP,WE,Federal Contract Tower,0,0,25,0,25,0,0,109,4,113,0,0,134,4,138,244,0,244,382
11/21/2003,RAL,CA,AWP,WE,Federal Contract Tower,0,0,38,0,38,0,0,28,0,28,0,0,66,0,66,123,0,123,189
11/22/2003,RAL,CA,AWP,WE,Federal Contract Tower,0,0,14,0,14,0,0,48,0,48,0,0,62,0,62,22,0,22,84
11/23/2003,RAL,CA,AWP,WE,Federal Contract Tower,0,0,37,0,37,0,0,95,0,95,0,0,132,0,132,122,0,122,254
11/24/2003,RAL,CA,AWP,WE,Federal Contract Tower,0,0,41,0,41,0,0,105,2,107,0,0,146,2,148,172,0,172,320
11/25/2003,RAL,CA,AWP,WE,Federal Contract Tower,0,0,23,0,23,0,1,118,1,120,0,1,141,1,143,189,0,189,332
11/26/2003,RAL,CA,AWP,WE,Federal Contract Tower,0,0,26,0,26,0,1,56,0,57,0,1,82,0,83,64,0,64,147
11/27/2003,RAL,CA,AWP,WE,Federal Contract Tower,0,0,6,0,6,0,2,54,0,56,0,2,60,0,62,0,0,0,62
11/28/2003,RAL,CA,AWP,WE,Federal Contract Tower,0,0,21,0,21,0,0,96,0,96,0,0,117,0,117,82,0,82,199
11/29/2003,RAL,CA,AWP,WE,Federal Contract Tower,0,0,25,0,25,0,0,138,0,138,0,0,163,0,163,153,0,153,316
11/30/2003,RAL,CA,AWP,WE,Federal Contract Tower,0,0,35,0,35,0,0,97,0,97,0,0,132,0,132,178,0,178,310
12/01/2003,RAL,CA,AWP,WE,Federal Contract Tower,0,0,24,1,25,0,0,54,2,56,0,0,78,3,81,89,1,90,171
12/02/2003,RAL,CA,AWP,WE,Federal Contract Tower,0,0,31,0,31,0,0,98,0,98,0,0,129,0,129,176,0,176,305
12/03/2003,RAL,CA,AWP,WE,Federal Contract Tower,0,0,24,0,24,0,0,82,0,82,0,0,106,0,106,128,0,128,234
12/04/2003,RAL,CA,AWP,WE,Federal Contract Tower,0,0,38,1,39,0,0,100,1,101,0,0,138,2,140,186,0,186,326
12/05/2003,RAL,CA,AWP,WE,Federal Contract Tower,0,0,35,0,35,0,0,122,0,122,0,0,157,0,157,192,0,192,349
12/06/2003,RAL,CA,AWP,WE,Federal Contract Tower,0,0,17,0,17,0,0,94,0,94,0,0,111,0,111,192,0,192,303
12/07/2003,RAL,CA,AWP,WE,Federal Contract Tower,0,0,24,0,24,0,0,23,0,23,0,0,47,0,47,92,0,92,139
12/08/2003,RAL,CA,AWP,WE,Federal Contract Tower,0,0,16,0,16,0,0,73,0,73,0,0,89,0,89,66,0,66,155
12/09/2003,RAL,CA,AWP,WE,Federal Contract Tower,0,0,31,0,31,0,0,89,2,91,0,0,120,2,122,198,0,198,320
12/10/2003,RAL,CA,AWP,WE,Federal Contract Tower,0,0,19,0,19,0,0,51,0,51,0,0,70,0,70,131,0,131,201
12/11/2003,RAL,CA,AWP,WE,Federal Contract Tower,0,0,22,0,22,0,2,52,2,56,0,2,74,2,78,86,0,86,164
12/12/2003,RAL,CA,AWP,WE,Federal Contract Tower,0,0,29,0,29,0,0,125,0,125,0,0,154,0,154,182,0,182,336
12/13/2003,RAL,CA,AWP,WE,Federal Contract Tower,0,0,24,0,24,0,0,151,0,151,0,0,175,0,175,224,0,224,399
12/14/2003,RAL,CA,AWP,WE,Federal Contract Tower,0,0,27,0,27,0,0,44,0,44,0,0,71,0,71,101,0,101,172
12/15/2003,RAL,CA,AWP,WE,Federal Contract Tower,0,0,25,0,25,0,0,53,0,53,0,0,78,0,78,98,0,98,176
12/16/2003,RAL,CA,AWP,WE,Federal Contract Tower,0,0,19,0,19,0,0,69,0,69,0,0,88,0,88,162,0,162,250
12/17/2003,RAL,CA,AWP,WE,Federal Contract Tower,0,0,35,0,35,0,0,133,0,133,0,0,168,0,168,78,0,78,246
12/18/2003,RAL,CA,AWP,WE,Federal Contract Tower,0,0,45,0,45,0,0,148,2,150,0,0,193,2,195,252,0,252,447
12/19/2003,RAL,CA,AWP,WE,Federal Contract Tower,0,0,29,0,29,0,0,114,0,114,0,0,143,0,143,191,0,191,334
12/20/2003,RAL,CA,AWP,WE,Federal Contract Tower,0,0,19,0,19,0,0,118,0,118,0,0,137,0,137,215,0,215,352
12/21/2003,RAL,CA,AWP,WE,Federal Contract Tower,0,0,31,0,31,0,0,80,0,80,0,0,111,0,111,152,0,152,263
12/22/2003,RAL,CA,AWP,WE,Federal Contract Tower,0,0,26,0,26,0,0,116,0,116,0,0,142,0,142,96,0,96,238
12/23/2003,RAL,CA,AWP,WE,Federal Contract Tower,0,0,17,0,17,0,0,52,0,52,0,0,69,0,69,172,0,172,241
12/24/2003,RAL,CA,AWP,WE,Federal Contract Tower,0,0,26,0,26,0,0,66,0,66,0,0,92,0,92,29,0,29,121
12/25/2003,RAL,CA,AWP,WE,Federal Contract Tower,0,0,3,0,3,0,0,0,0,0,0,0,3,0,3,0,0,0,3
12/26/2003,RAL,CA,AWP,WE,Federal Contract Tower,0,0,15,0,15,0,0,124,0,124,0,0,139,0,139,136,0,136,275
12/27/2003,RAL,CA,AWP,WE,Federal Contract Tower,0,0,24,0,24,0,0,147,0,147,0,0,171,0,171,122,0,122,293
12/28/2003,RAL,CA,AWP,WE,Federal Contract Tower,0,0,28,0,28,0,0,106,0,106,0,0,134,0,134,145,0,145,279
12/29/2003,RAL,CA,AWP,WE,Federal Contract Tower,0,0,28,0,28,0,0,82,0,82,0,0,110,0,110,152,0,152,262
12/30/2003,RAL,CA,AWP,WE,Federal Contract Tower,0,0,21,0,21,0,0,51,0,51,0,0,72,0,72,110,0,110,182
12/31/2003,RAL,CA,AWP,WE,Federal Contract Tower,0,0,21,0,21,0,0,112,0,112,0,0,133,0,133,146,0,146,279
01/01/2004,RAL,CA,AWP,WE,Federal Contract Tower,0,0,14,0,14,0,0,105,0,105,0,0,119,0,119,122,0,122,241
01/02/2004,RAL,CA,AWP,WE,Federal Contract Tower,0,0,26,0,26,0,0,29,0,29,0,0,55,0,55,108,0,108,163
01/03/2004,RAL,CA,AWP,WE,Federal Contract Tower,0,0,26,0,26,0,0,160,0,160,0,0,186,0,186,142,0,142,328
01/04/2004,RAL,CA,AWP,WE,Federal Contract Tower,0,0,31,0,31,0,0,138,0,138,0,0,169,0,169,178,0,178,347
01/05/2004,RAL,CA,AWP,WE,Federal Contract Tower,0,0,10,0,10,0,0,58,0,58,0,0,68,0,68,64,0,64,132
01/06/2004,RAL,CA,AWP,WE,Federal Contract Tower,0,0,30,1,31,0,0,107,1,108,0,0,137,2,139,148,0,148,287
01/07/2004,RAL,CA,AWP,WE,Federal Contract Tower,0,0,35,0,35,0,0,135,0,135,0,0,170,0,170,182,0,182,352
01/08/2004,RAL,CA,AWP,WE,Federal Contract Tower,0,0,37,0,37,0,0,86,0,86,0,0,123,0,123,217,2,219,342
01/09/2004,RAL,CA,AWP,WE,Federal Contract Tower,0,0,24,0,24,0,0,130,0,130,0,0,154,0,154,94,0,94,248
01/10/2004,RAL,CA,AWP,WE,Federal Contract Tower,0,0,34,0,34,0,0,163,0,163,0,0,197,0,197,201,0,201,398
01/11/2004,RAL,CA,AWP,WE,Federal Contract Tower,0,0,31,0,31,0,0,131,0,131,0,0,162,0,162,168,0,168,330
01/12/2004,RAL,CA,AWP,WE,Federal Contract Tower,0,0,23,0,23,0,0,74,0,74,0,0,97,0,97,111,0,111,208
01/13/2004,RAL,CA,AWP,WE,Federal Contract Tower,0,0,26,0,26,0,0,142,2,144,0,0,168,2,170,230,0,230,400
01/14/2004,RAL,CA,AWP,WE,Federal Contract Tower,0,0,25,0,25,0,0,133,0,133,0,0,158,0,158,182,0,182,340
01/15/2004,RAL,CA,AWP,WE,Federal Contract Tower,0,0,26,0,26,0,0,164,0,164,0,0,190,0,190,172,0,172,362
01/16/2004,RAL,CA,AWP,WE,Federal Contract Tower,0,0,33,0,33,0,0,46,0,46,0,0,79,0,79,134,0,134,213
01/17/2004,RAL,CA,AWP,WE,Federal Contract Tower,0,0,39,0,39,0,2,116,0,118,0,2,155,0,157,176,0,176,333
01/18/2004,RAL,CA,AWP,WE,Federal Contract Tower,0,0,44,0,44,0,0,39,0,39,0,0,83,0,83,94,0,94,177
01/19/2004,RAL,CA,AWP,WE,Federal Contract Tower,0,0,33,0,33,0,0,72,0,72,0,0,105,0,105,66,0,66,171
01/20/2004,RAL,CA,AWP,WE,Federal Contract Tower,0,0,36,0,36,0,0,33,0,33,0,0,69,0,69,62,0,62,131
01/21/2004,RAL,CA,AWP,WE,Federal Contract Tower,0,0,19,0,19,0,0,33,0,33,0,0,52,0,52,34,0,34,86
01/22/2004,RAL,CA,AWP,WE,Federal Contract Tower,0,0,23,0,23,0,0,40,2,42,0,0,63,2,65,31,0,31,96
01/23/2004,RAL,CA,AWP,WE,Federal Contract Tower,0,0,33,0,33,0,0,141,2,143,0,0,174,2,176,174,0,174,350
01/24/2004,RAL,CA,AWP,WE,Federal Contract Tower,0,0,26,0,26,0,0,248,0,248,0,0,274,0,274,299,0,299,573
01/25/2004,RAL,CA,AWP,WE,Federal Contract Tower,0,0,32,0,32,0,2,197,0,199,0,2,229,0,231,240,0,240,471
01/26/2004,RAL,CA,AWP,WE,Federal Contract Tower,0,0,30,0,30,0,2,74,0,76,0,2,104,0,106,174,0,174,280
01/27/2004,RAL,CA,AWP,WE,Federal Contract Tower,0,0,29,0,29,0,0,126,0,126,0,0,155,0,155,202,0,202,357
01/28/2004,RAL,CA,AWP,WE,Federal Contract Tower,0,0,36,0,36,0,0,117,0,117,0,0,153,0,153,146,0,146,299
01/29/2004,RAL,CA,AWP,WE,Federal Contract Tower,0,0,44,0,44,0,0,101,0,101,0,0,145,0,145,167,0,167,312
01/30/2004,RAL,CA,AWP,WE,Federal Contract Tower,0,0,37,0,37,0,0,151,0,151,0,0,188,0,188,136,0,136,324
01/31/2004,RAL,CA,AWP,WE,Federal Contract Tower,0,0,24,0,24,0,0,114,0,114,0,0,138,0,138,222,0,222,360
02/01/2004,RAL,CA,AWP,WE,Federal Contract Tower,0,0,15,0,15,0,0,157,0,157,0,0,172,0,172,192,0,192,364
02/02/2004,RAL,CA,AWP,WE,Federal Contract Tower,0,0,14,0,14,0,0,98,0,98,0,0,112,0,112,156,0,156,268
02/03/2004,RAL,CA,AWP,WE,Federal Contract Tower,0,0,29,0,29,0,0,67,0,67,0,0,96,0,96,177,0,177,273
02/04/2004,RAL,CA,AWP,WE,Federal Contract Tower,0,0,23,0,23,0,0,118,0,118,0,0,141,0,141,210,0,210,351
02/05/2004,RAL,CA,AWP,WE,Federal Contract Tower,0,0,45,0,45,0,2,82,0,84,0,2,127,0,129,152,0,152,281
02/06/2004,RAL,CA,AWP,WE,Federal Contract Tower,0,0,25,0,25,0,0,117,0,117,0,0,142,0,142,132,0,132,274
02/07/2004,RAL,CA,AWP,WE,Federal Contract Tower,0,0,37,0,37,0,0,110,0,110,0,0,147,0,147,132,0,132,279
02/08/2004,RAL,CA,AWP,WE,Federal Contract Tower,0,0,20,0,20,0,0,63,0,63,0,0,83,0,83,77,0,77,160
02/09/2004,RAL,CA,AWP,WE,Federal Contract Tower,0,0,15,0,15,0,0,45,0,45,0,0,60,0,60,68,0,68,128
02/10/2004,RAL,CA,AWP,WE,Federal Contract Tower,0,0,6,0,6,0,0,46,0,46,0,0,52,0,52,42,0,42,94
02/11/2004,RAL,CA,AWP,WE,Federal Contract Tower,0,0,37,0,37,0,0,149,0,149,0,0,186,0,186,204,0,204,390
02/12/2004,RAL,CA,AWP,WE,Federal Contract Tower,0,0,3,0,3,0,1,51,0,52,0,1,54,0,55,61,0,61,116
02/13/2004,RAL,CA,AWP,WE,Federal Contract Tower,0,0,26,0,26,0,0,97,0,97,0,0,123,0,123,139,0,139,262
02/14/2004,RAL,CA,AWP,WE,Federal Contract Tower,0,0,16,0,16,0,0,140,0,140,0,0,156,0,156,136,0,136,292
02/15/2004,RAL,CA,AWP,WE,Federal Contract Tower,0,0,20,0,20,0,2,136,0,138,0,2,156,0,158,146,0,146,304
02/16/2004,RAL,CA,AWP,WE,Federal Contract Tower,0,0,23,0,23,0,0,113,0,113,0,0,136,0,136,248,0,248,384
02/17/2004,RAL,CA,AWP,WE,Federal Contract Tower,0,0,28,0,28,0,0,66,2,68,0,0,94,2,96,141,0,141,237
02/18/2004,RAL,CA,AWP,WE,Federal Contract Tower,0,0,10,0,10,0,0,29,0,29,0,0,39,0,39,82,0,82,121
02/19/2004,RAL,CA,AWP,WE,Federal Contract Tower,0,0,38,0,38,0,0,78,0,78,0,0,116,0,116,70,0,70,186
02/20/2004,RAL,CA,AWP,WE,Federal Contract Tower,0,0,36,0,36,0,0,59,0,59,0,0,95,0,95,106,0,106,201
02/21/2004,RAL,CA,AWP,WE,Federal Contract Tower,0,0,25,0,25,0,0,31,0,31,0,0,56,0,56,81,0,81,137
02/22/2004,RAL,CA,AWP,WE,Federal Contract Tower,0,0,10,0,10,0,0,34,0,34,0,0,44,0,44,63,0,63,107
02/23/2004,RAL,CA,AWP,WE,Federal Contract Tower,0,0,11,0,11,0,0,25,0,25,0,0,36,0,36,82,0,82,118
02/24/2004,RAL,CA,AWP,WE,Federal Contract Tower,0,0,49,0,49,0,1,71,0,72,0,1,120,0,121,180,0,180,301
02/25/2004,RAL,CA,AWP,WE,Federal Contract Tower,0,0,19,0,19,0,0,66,0,66,0,0,85,0,85,148,0,148,233
02/26/2004,RAL,CA,AWP,WE,Federal Contract Tower,0,0,18,0,18,0,0,69,0,69,0,0,87,0,87,104,0,104,191
02/27/2004,RAL,CA,AWP,WE,Federal Contract Tower,0,0,19,0,19,0,0,94,0,94,0,0,113,0,113,110,0,110,223
02/28/2004,RAL,CA,AWP,WE,Federal Contract Tower,0,0,29,0,29,0,0,161,0,161,0,0,190,0,190,178,0,178,368
02/29/2004,RAL,CA,AWP,WE,Federal Contract Tower,0,0,29,0,29,0,0,131,0,131,0,0,160,0,160,172,0,172,332
03/01/2004,RAL,CA,AWP,WE,Federal Contract Tower,0,1,20,0,21,0,1,49,0,50,0,2,69,0,71,100,0,100,171
03/02/2004,RAL,CA,AWP,WE,Federal Contract Tower,0,0,9,0,9,0,0,68,0,68,0,0,77,0,77,84,0,84,161
03/03/2004,RAL,CA,AWP,WE,Federal Contract Tower,0,0,17,0,17,0,0,60,0,60,0,0,77,0,77,42,0,42,119
03/04/2004,RAL,CA,AWP,WE,Federal Contract Tower,0,0,29,0,29,0,0,55,2,57,0,0,84,2,86,67,0,67,153
03/05/2004,RAL,CA,AWP,WE,Federal Contract Tower,0,0,21,0,21,0,0,157,0,157,0,0,178,0,178,158,0,158,336
03/06/2004,RAL,CA,AWP,WE,Federal Contract Tower,0,0,42,0,42,0,0,158,0,158,0,0,200,0,200,150,0,150,350
03/07/2004,RAL,CA,AWP,WE,Federal Contract Tower,0,0,21,0,21,0,0,77,0,77,0,0,98,0,98,54,0,54,152
03/08/2004,RAL,CA,AWP,WE,Federal Contract Tower,0,0,16,0,16,0,0,62,0,62,0,0,78,0,78,88,0,88,166
03/09/2004,RAL,CA,AWP,WE,Federal Contract Tower,0,1,27,0,28,0,1,169,0,170,0,2,196,0,198,246,0,246,444
03/10/2004,RAL,CA,AWP,WE,Federal Contract Tower,0,0,6,0,6,0,0,72,0,72,0,0,78,0,78,12,0,12,90
03/11/2004,RAL,CA,AWP,WE,Federal Contract Tower,0,0,33,0,33,0,0,90,0,90,0,0,123,0,123,94,0,94,217
03/12/2004,RAL,CA,AWP,WE,Federal Contract Tower,0,0,35,0,35,0,0,76,1,77,0,0,111,1,112,171,1,172,284
03/13/2004,RAL,CA,AWP,WE,Federal Contract Tower,0,0,34,0,34,0,0,98,0,98,0,0,132,0,132,164,0,164,296
03/14/2004,RAL,CA,AWP,WE,Federal Contract Tower,0,0,20,0,20,0,0,137,0,137,0,0,157,0,157,121,0,121,278
03/15/2004,RAL,CA,AWP,WE,Federal Contract Tower,0,0,19,0,19,0,0,82,0,82,0,0,101,0,101,178,0,178,279
03/16/2004,RAL,CA,AWP,WE,Federal Contract Tower,0,0,35,0,35,0,4,63,0,67,0,4,98,0,102,77,0,77,179
03/17/2004,RAL,CA,AWP,WE,Federal Contract Tower,0,0,37,1,38,0,0,81,1,82,0,0,118,2,120,71,0,71,191
03/18/2004,RAL,CA,AWP,WE,Federal Contract Tower,0,0,46,0,46,0,2,119,0,121,0,2,165,0,167,62,0,62,229
03/19/2004,RAL,CA,AWP,WE,Federal Contract Tower,0,0,39,0,39,0,0,81,0,81,0,0,120,0,120,190,0,190,310
03/20/2004,RAL,CA,AWP,WE,Federal Contract Tower,0,0,50,0,50,0,0,52,0,52,0,0,102,0,102,44,0,44,146
03/21/2004,RAL,CA,AWP,WE,Federal Contract Tower,0,0,41,0,41,0,0,25,0,25,0,0,66,0,66,32,0,32,98
03/22/2004,RAL,CA,AWP,WE,Federal Contract Tower,0,0,18,0,18,0,2,36,0,38,0,2,54,0,56,76,0,76,132
03/23/2004,RAL,CA,AWP,WE,Federal Contract Tower,0,0,33,0,33,0,0,40,0,40,0,0,73,0,73,84,0,84,157
03/24/2004,RAL,CA,AWP,WE,Federal Contract Tower,0,0,21,0,21,0,0,49,0,49,0,0,70,0,70,90,0,90,160
03/25/2004,RAL,CA,AWP,WE,Federal Contract Tower,0,0,31,0,31,0,0,101,8,109,0,0,132,8,140,234,22,256,396
03/26/2004,RAL,CA,AWP,WE,Federal Contract Tower,0,0,23,0,23,0,0,110,11,121,0,0,133,11,144,76,20,96,240
03/27/2004,RAL,CA,AWP,WE,Federal Contract Tower,0,0,4,0,4,0,1,170,0,171,0,1,174,0,175,30,0,30,205
03/28/2004,RAL,CA,AWP,WE,Federal Contract Tower,0,0,27,0,27,0,0,40,1,41,0,0,67,1,68,72,0,72,140
03/29/2004,RAL,CA,AWP,WE,Federal Contract Tower,0,0,24,0,24,0,0,101,1,102,0,0,125,1,126,98,2,100,226
03/30/2004,RAL,CA,AWP,WE,Federal Contract Tower,0,0,23,0,23,0,0,93,0,93,0,0,116,0,116,90,0,90,206
03/31/2004,RAL,CA,AWP,WE,Federal Contract Tower,0,0,27,0,27,0,0,129,0,129,0,0,156,0,156,122,0,122,278
04/01/2004,RAL,CA,AWP,WE,Federal Contract Tower,0,1,28,0,29,0,0,33,0,33,0,1,61,0,62,132,0,132,194
04/02/2004,RAL,CA,AWP,WE,Federal Contract Tower,0,0,30,0,30,0,0,91,0,91,0,0,121,0,121,114,0,114,235
04/03/2004,RAL,CA,AWP,WE,Federal Contract Tower,0,0,37,0,37,0,0,79,0,79,0,0,116,0,116,90,0,90,206
04/04/2004,RAL,CA,AWP,WE,Federal Contract Tower,0,0,23,0,23,0,0,131,0,131,0,0,154,0,154,145,0,145,299
04/05/2004,RAL,CA,AWP,WE,Federal Contract Tower,0,0,20,0,20,0,0,52,0,52,0,0,72,0,72,119,0,119,191
04/06/2004,RAL,CA,AWP,WE,Federal Contract Tower,0,0,21,0,21,0,0,87,0,87,0,0,108,0,108,182,0,182,290
04/07/2004,RAL,CA,AWP,WE,Federal Contract Tower,0,0,24,0,24,0,0,138,0,138,0,0,162,0,162,136,0,136,298
04/08/2004,RAL,CA,AWP,WE,Federal Contract Tower,0,1,56,0,57,0,0,52,2,54,0,1,108,2,111,128,0,128,239
04/09/2004,RAL,CA,AWP,WE,Federal Contract Tower,0,1,24,0,25,0,0,54,0,54,0,1,78,0,79,116,0,116,195
04/10/2004,RAL,CA,AWP,WE,Federal Contract Tower,0,0,38,0,38,0,0,44,0,44,0,0,82,0,82,42,0,42,124
04/11/2004,RAL,CA,AWP,WE,Federal Contract Tower,0,0,10,0,10,0,0,83,0,83,0,0,93,0,93,62,0,62,155
04/12/2004,RAL,CA,AWP,WE,Federal Contract Tower,0,0,27,0,27,0,0,105,0,105,0,0,132,0,132,148,0,148,280
04/13/2004,RAL,CA,AWP,WE,Federal Contract Tower,0,0,25,0,25,0,0,119,0,119,0,0,144,0,144,133,0,133,277
04/14/2004,RAL,CA,AWP,WE,Federal Contract Tower,0,0,48,0,48,0,0,74,0,74,0,0,122,0,122,162,0,162,284
04/15/2004,RAL,CA,AWP,WE,Federal Contract Tower,0,0,31,0,31,0,2,134,0,136,0,2,165,0,167,108,0,108,275
04/16/2004,RAL,CA,AWP,WE,Federal Contract Tower,0,0,28,0,28,0,0,87,0,87,0,0,115,0,115,96,0,96,211
04/17/2004,RAL,CA,AWP,WE,Federal Contract Tower,0,0,14,0,14,0,0,57,0,57,0,0,71,0,71,56,0,56,127
04/18/2004,RAL,CA,AWP,WE,Federal Contract Tower,0,0,27,0,27,0,2,112,1,115,0,2,139,1,142,124,0,124,266
04/19/2004,RAL,CA,AWP,WE,Federal Contract Tower,0,0,22,0,22,0,0,117,0,117,0,0,139,0,139,156,0,156,295
04/20/2004,RAL,CA,AWP,WE,Federal Contract Tower,0,0,22,0,22,0,0,149,0,149,0,0,171,0,171,190,0,190,361
04/21/2004,RAL,CA,AWP,WE,Federal Contract Tower,0,0,31,0,31,0,2,85,0,87,0,2,116,0,118,96,0,96,214
04/22/2004,RAL,CA,AWP,WE,Federal Contract Tower,0,0,13,0,13,0,2,83,0,85,0,2,96,0,98,55,0,55,153
04/23/2004,RAL,CA,AWP,WE,Federal Contract Tower,0,0,17,0,17,0,2,83,0,85,0,2,100,0,102,70,0,70,172
04/24/2004,RAL,CA,AWP,WE,Federal Contract Tower,0,0,24,0,24,0,0,84,0,84,0,0,108,0,108,130,0,130,238
04/25/2004,RAL,CA,AWP,WE,Federal Contract Tower,0,0,19,0,19,0,0,151,0,151,0,0,170,0,170,108,0,108,278
04/26/2004,RAL,CA,AWP,WE,Federal Contract Tower,0,0,20,0,20,0,0,97,0,97,0,0,117,0,117,172,0,172,289
04/27/2004,RAL,CA,AWP,WE,Federal Contract Tower,0,0,34,0,34,0,0,130,0,130,0,0,164,0,164,164,0,164,328
04/28/2004,RAL,CA,AWP,WE,Federal Contract Tower,0,0,23,0,23,0,2,104,0,106,0,2,127,0,129,101,0,101,230
04/29/2004,RAL,CA,AWP,WE,Federal Contract Tower,0,0,34,0,34,0,0,74,0,74,0,0,108,0,108,158,0,158,266
04/30/2004,RAL,CA,AWP,WE,Federal Contract Tower,0,0,21,0,21,0,0,113,0,113,0,0,134,0,134,126,0,126,260
05/01/2004,RAL,CA,AWP,WE,Federal Contract Tower,0,0,12,0,12,0,0,117,0,117,0,0,129,0,129,132,0,132,261
05/02/2004,RAL,CA,AWP,WE,Federal Contract Tower,0,1,26,0,27,0,1,98,2,101,0,2,124,2,128,86,0,86,214
05/03/2004,RAL,CA,AWP,WE,Federal Contract Tower,0,0,21,0,21,0,0,62,0,62,0,0,83,0,83,114,0,114,197
05/04/2004,RAL,CA,AWP,WE,Federal Contract Tower,0,1,24,0,25,0,2,114,0,116,0,3,138,0,141,142,0,142,283
05/05/2004,RAL,CA,AWP,WE,Federal Contract Tower,0,0,14,0,14,0,0,88,0,88,0,0,102,0,102,126,0,126,228
05/06/2004,RAL,CA,AWP,WE,Federal Contract Tower,0,0,12,0,12,0,0,99,0,99,0,0,111,0,111,162,0,162,273
05/07/2004,RAL,CA,AWP,WE,Federal Contract Tower,0,0,16,0,16,0,0,95,0,95,0,0,111,0,111,146,0,146,257
05/08/2004,RAL,CA,AWP,WE,Federal Contract Tower,0,0,16,0,16,0,0,152,0,152,0,0,168,0,168,184,0,184,352
05/09/2004,RAL,CA,AWP,WE,Federal Contract Tower,0,0,18,0,18,0,0,114,0,114,0,0,132,0,132,144,0,144,276
05/10/2004,RAL,CA,AWP,WE,Federal Contract Tower,0,0,17,0,17,0,0,97,0,97,0,0,114,0,114,130,0,130,244
05/11/2004,RAL,CA,AWP,WE,Federal Contract Tower,0,0,18,0,18,0,2,96,0,98,0,2,114,0,116,79,0,79,195
05/12/2004,RAL,CA,AWP,WE,Federal Contract Tower,0,0,26,0,26,0,0,90,0,90,0,0,116,0,116,132,0,132,248
05/13/2004,RAL,CA,AWP,WE,Federal Contract Tower,0,0,24,0,24,0,0,121,0,121,0,0,145,0,145,168,0,168,313
05/14/2004,RAL,CA,AWP,WE,Federal Contract Tower,0,0,16,0,16,0,0,99,4,103,0,0,115,4,119,110,0,110,229
05/15/2004,RAL,CA,AWP,WE,Federal Contract Tower,0,0,15,0,15,0,0,122,0,122,0,0,137,0,137,231,0,231,368
05/16/2004,RAL,CA,AWP,WE,Federal Contract Tower,0,0,35,0,35,0,0,77,0,77,0,0,112,0,112,84,0,84,196
05/17/2004,RAL,CA,AWP,WE,Federal Contract Tower,0,0,30,0,30,0,1,68,0,69,0,1,98,0,99,105,0,105,204
05/18/2004,RAL,CA,AWP,WE,Federal Contract Tower,0,0,26,0,26,0,0,63,0,63,0,0,89,0,89,110,0,110,199
05/19/2004,RAL,CA,AWP,WE,Federal Contract Tower,0,0,27,0,27,0,0,66,4,70,0,0,93,4,97,144,0,144,241
05/20/2004,RAL,CA,AWP,WE,Federal Contract Tower,0,0,24,0,24,0,0,102,0,102,0,0,126,0,126,204,0,204,330
05/21/2004,RAL,CA,AWP,WE,Federal Contract Tower,0,0,35,0,35,0,0,81,0,81,0,0,116,0,116,113,0,113,229
05/22/2004,RAL,CA,AWP,WE,Federal Contract Tower,0,0,29,0,29,0,0,128,0,128,0,0,157,0,157,178,0,178,335
05/23/2004,RAL,CA,AWP,WE,Federal Contract Tower,0,0,25,0,25,0,0,85,0,85,0,0,110,0,110,84,0,84,194
05/24/2004,RAL,CA,AWP,WE,Federal Contract Tower,0,0,14,0,14,0,0,87,0,87,0,0,101,0,101,116,0,116,217
05/25/2004,RAL,CA,AWP,WE,Federal Contract Tower,0,0,27,0,27,0,0,71,0,71,0,0,98,0,98,66,0,66,164
05/26/2004,RAL,CA,AWP,WE,Federal Contract Tower,0,0,17,0,17,0,0,98,0,98,0,0,115,0,115,103,0,103,218
05/27/2004,RAL,CA,AWP,WE,Federal Contract Tower,0,0,17,0,17,0,0,85,0,85,0,0,102,0,102,117,0,117,219
05/28/2004,RAL,CA,AWP,WE,Federal Contract Tower,0,0,29,0,29,0,1,38,0,39,0,1,67,0,68,73,0,73,141
05/29/2004,RAL,CA,AWP,WE,Federal Contract Tower,0,0,27,0,27,0,0,66,0,66,0,0,93,0,93,112,0,112,205
05/30/2004,RAL,CA,AWP,WE,Federal Contract Tower,0,0,9,0,9,0,0,74,0,74,0,0,83,0,83,77,0,77,160
05/31/2004,RAL,CA,AWP,WE,Federal Contract Tower,0,0,7,0,7,0,0,134,0,134,0,0,141,0,141,100,0,100,241
06/01/2004,RAL,CA,AWP,WE,Federal Contract Tower,0,0,19,0,19,0,0,119,0,119,0,0,138,0,138,142,0,142,280
06/02/2004,RAL,CA,AWP,WE,Federal Contract Tower,0,1,24,0,25,0,0,97,0,97,0,1,121,0,122,54,0,54,176
06/03/2004,RAL,CA,AWP,WE,Federal Contract Tower,0,0,19,0,19,0,0,90,0,90,0,0,109,0,109,100,2,102,211
06/04/2004,RAL,CA,AWP,WE,Federal Contract Tower,0,0,15,0,15,0,0,91,2,93,0,0,106,2,108,94,0,94,202
06/05/2004,RAL,CA,AWP,WE,Federal Contract Tower,0,0,45,1,46,0,0,91,1,92,0,0,136,2,138,132,0,132,270
06/06/2004,RAL,CA,AWP,WE,Federal Contract Tower,0,0,28,0,28,0,0,114,0,114,0,0,142,0,142,94,0,94,236
06/07/2004,RAL,CA,AWP,WE,Federal Contract Tower,0,0,26,1,27,0,0,60,1,61,0,0,86,2,88,82,0,82,170
06/08/2004,RAL,CA,AWP,WE,Federal Contract Tower,0,0,27,0,27,0,0,55,0,55,0,0,82,0,82,97,0,97,179
06/09/2004,RAL,CA,AWP,WE,Federal Contract Tower,0,0,35,0,35,0,0,62,0,62,0,0,97,0,97,181,0,181,278
06/10/2004,RAL,CA,AWP,WE,Federal Contract Tower,0,0,20,0,20,0,0,120,0,120,0,0,140,0,140,92,0,92,232
06/11/2004,RAL,CA,AWP,WE,Federal Contract Tower,0,0,20,0,20,0,0,135,0,135,0,0,155,0,155,152,0,152,307
06/12/2004,RAL,CA,AWP,WE,Federal Contract Tower,0,0,26,0,26,0,1,151,0,152,0,1,177,0,178,124,0,124,302
06/13/2004,RAL,CA,AWP,WE,Federal Contract Tower,0,0,10,0,10,0,0,88,0,88,0,0,98,0,98,86,0,86,184
06/14/2004,RAL,CA,AWP,WE,Federal Contract Tower,0,0,22,0,22,0,1,66,0,67,0,1,88,0,89,65,0,65,154
06/15/2004,RAL,CA,AWP,WE,Federal Contract Tower,0,0,32,0,32,0,0,79,0,79,0,0,111,0,111,106,0,106,217
06/16/2004,RAL,CA,AWP,WE,Federal Contract Tower,0,0,17,0,17,0,1,26,0,27,0,1,43,0,44,53,0,53,97
06/17/2004,RAL,CA,AWP,WE,Federal Contract Tower,0,0,40,0,40,0,0,114,0,114,0,0,154,0,154,128,0,128,282
06/18/2004,RAL,CA,AWP,WE,Federal Contract Tower,0,0,38,0,38,0,0,85,0,85,0,0,123,0,123,112,0,112,235
06/19/2004,RAL,CA,AWP,WE,Federal Contract Tower,0,0,32,0,32,0,2,50,0,52,0,2,82,0,84,166,0,166,250
06/20/2004,RAL,CA,AWP,WE,Federal Contract Tower,0,0,26,0,26,0,0,65,0,65,0,0,91,0,91,108,0,108,199
06/21/2004,RAL,CA,AWP,WE,Federal Contract Tower,0,0,36,0,36,0,0,44,0,44,0,0,80,0,80,104,0,104,184
06/22/2004,RAL,CA,AWP,WE,Federal Contract Tower,0,0,34,0,34,0,0,48,0,48,0,0,82,0,82,68,0,68,150
06/23/2004,RAL,CA,AWP,WE,Federal Contract Tower,0,0,43,0,43,0,2,35,0,37,0,2,78,0,80,70,0,70,150
06/24/2004,RAL,CA,AWP,WE,Federal Contract Tower,0,0,47,0,47,0,0,60,0,60,0,0,107,0,107,114,0,114,221
06/25/2004,RAL,CA,AWP,WE,Federal Contract Tower,0,0,32,0,32,0,1,105,0,106,0,1,137,0,138,164,0,164,302
06/26/2004,RAL,CA,AWP,WE,Federal Contract Tower,0,0,35,0,35,0,0,112,0,112,0,0,147,0,147,123,0,123,270
06/27/2004,RAL,CA,AWP,WE,Federal Contract Tower,0,0,15,0,15,0,0,85,0,85,0,0,100,0,100,142,0,142,242
06/28/2004,RAL,CA,AWP,WE,Federal Contract Tower,0,0,22,0,22,0,0,53,2,55,0,0,75,2,77,128,0,128,205
06/29/2004,RAL,CA,AWP,WE,Federal Contract Tower,0,0,2,0,2,0,0,0,173,173,0,0,2,173,175,176,0,176,351
06/30/2004,RAL,CA,AWP,WE,Federal Contract Tower,0,0,26,0,26,0,2,117,0,119,0,2,143,0,145,132,0,132,277
07/01/2004,RAL,CA,AWP,WE,Federal Contract Tower,0,0,14,0,14,0,0,134,0,134,0,0,148,0,148,268,0,268,416
07/02/2004,RAL,CA,AWP,WE,Federal Contract Tower,0,0,30,0,30,0,0,110,0,110,0,0,140,0,140,204,0,204,344
07/03/2004,RAL,CA,AWP,WE,Federal Contract Tower,0,0,41,0,41,0,0,94,0,94,0,0,135,0,135,236,0,236,371
07/04/2004,RAL,CA,AWP,WE,Federal Contract Tower,0,0,10,0,10,0,0,62,0,62,0,0,72,0,72,32,0,32,104
07/05/2004,RAL,CA,AWP,WE,Federal Contract Tower,0,0,22,0,22,0,0,99,0,99,0,0,121,0,121,99,0,99,220
07/06/2004,RAL,CA,AWP,WE,Federal Contract Tower,0,0,28,0,28,0,0,118,0,118,0,0,146,0,146,136,0,136,282
07/07/2004,RAL,CA,AWP,WE,Federal Contract Tower,0,0,36,0,36,0,0,121,2,123,0,0,157,2,159,156,0,156,315
07/08/2004,RAL,CA,AWP,WE,Federal Contract Tower,0,0,35,0,35,0,0,82,0,82,0,0,117,0,117,130,0,130,247
07/09/2004,RAL,CA,AWP,WE,Federal Contract Tower,0,0,28,0,28,0,0,116,2,118,0,0,144,2,146,180,0,180,326
07/10/2004,RAL,CA,AWP,WE,Federal Contract Tower,0,0,36,0,36,0,0,125,0,125,0,0,161,0,161,256,0,256,417
07/11/2004,RAL,CA,AWP,WE,Federal Contract Tower,0,0,23,0,23,0,0,145,0,145,0,0,168,0,168,174,0,174,342
07/12/2004,RAL,CA,AWP,WE,Federal Contract Tower,0,0,13,0,13,0,0,98,0,98,0,0,111,0,111,95,0,95,206
07/13/2004,RAL,CA,AWP,WE,Federal Contract Tower,0,1,28,0,29,0,1,113,0,114,0,2,141,0,143,148,0,148,291
07/14/2004,RAL,CA,AWP,WE,Federal Contract Tower,0,0,22,0,22,0,0,110,4,114,0,0,132,4,136,266,0,266,402
07/15/2004,RAL,CA,AWP,WE,Federal Contract Tower,0,0,26,0,26,0,0,131,2,133,0,0,157,2,159,188,0,188,347
07/16/2004,RAL,CA,AWP,WE,Federal Contract Tower,0,0,20,0,20,0,0,122,0,122,0,0,142,0,142,230,0,230,372
07/17/2004,RAL,CA,AWP,WE,Federal Contract Tower,0,0,12,0,12,0,0,115,0,115,0,0,127,0,127,154,0,154,281
07/18/2004,RAL,CA,AWP,WE,Federal Contract Tower,0,0,5,0,5,0,0,123,0,123,0,0,128,0,128,148,0,148,276
07/19/2004,RAL,CA,AWP,WE,Federal Contract Tower,0,0,21,0,21,0,0,109,0,109,0,0,130,0,130,164,0,164,294
07/20/2004,RAL,CA,AWP,WE,Federal Contract Tower,0,0,29,0,29,0,3,138,0,141,0,3,167,0,170,141,0,141,311
07/21/2004,RAL,CA,AWP,WE,Federal Contract Tower,0,0,21,0,21,0,0,99,0,99,0,0,120,0,120,101,0,101,221
07/22/2004,RAL,CA,AWP,WE,Federal Contract Tower,0,0,35,0,35,0,3,71,0,74,0,3,106,0,109,189,0,189,298
07/23/2004,RAL,CA,AWP,WE,Federal Contract Tower,0,0,42,0,42,0,3,104,2,109,0,3,146,2,151,126,0,126,277
07/24/2004,RAL,CA,AWP,WE,Federal Contract Tower,0,0,26,0,26,0,3,104,1,108,0,3,130,1,134,122,0,122,256
07/25/2004,RAL,CA,AWP,WE,Federal Contract Tower,0,0,26,0,26,0,3,64,0,67,0,3,90,0,93,153,0,153,246
07/26/2004,RAL,CA,AWP,WE,Federal Contract Tower,0,0,15,0,15,0,0,83,2,85,0,0,98,2,100,150,0,150,250
07/27/2004,RAL,CA,AWP,WE,Federal Contract Tower,0,0,16,0,16,0,0,90,2,92,0,0,106,2,108,178,2,180,288
07/28/2004,RAL,CA,AWP,WE,Federal Contract Tower,0,0,26,0,26,0,0,68,0,68,0,0,94,0,94,118,0,118,212
07/29/2004,RAL,CA,AWP,WE,Federal Contract Tower,0,0,33,0,33,0,0,78,0,78,0,0,111,0,111,106,0,106,217
07/30/2004,RAL,CA,AWP,WE,Federal Contract Tower,0,0,30,0,30,0,0,81,0,81,0,0,111,0,111,128,0,128,239
07/31/2004,RAL,CA,AWP,WE,Federal Contract Tower,0,0,27,0,27,0,0,86,0,86,0,0,113,0,113,102,0,102,215
08/01/2004,RAL,CA,AWP,WE,Federal Contract Tower,0,0,31,0,31,0,0,81,0,81,0,0,112,0,112,120,0,120,232
08/02/2004,RAL,CA,AWP,WE,Federal Contract Tower,0,0,26,0,26,0,0,59,0,59,0,0,85,0,85,122,0,122,207
08/03/2004,RAL,CA,AWP,WE,Federal Contract Tower,0,0,24,0,24,0,0,65,0,65,0,0,89,0,89,152,0,152,241
08/04/2004,RAL,CA,AWP,WE,Federal Contract Tower,0,1,46,0,47,0,0,38,1,39,0,1,84,1,86,123,1,124,210
08/05/2004,RAL,CA,AWP,WE,Federal Contract Tower,0,0,23,0,23,0,0,74,2,76,0,0,97,2,99,136,2,138,237
08/06/2004,RAL,CA,AWP,WE,Federal Contract Tower,0,0,30,0,30,0,0,100,0,100,0,0,130,0,130,110,0,110,240
08/07/2004,RAL,CA,AWP,WE,Federal Contract Tower,0,0,14,0,14,0,0,157,6,163,0,0,171,6,177,208,2,210,387
08/08/2004,RAL,CA,AWP,WE,Federal Contract Tower,0,1,18,0,19,0,0,102,2,104,0,1,120,2,123,110,0,110,233
08/09/2004,RAL,CA,AWP,WE,Federal Contract Tower,0,0,28,0,28,0,0,66,0,66,0,0,94,0,94,142,0,142,236
08/10/2004,RAL,CA,AWP,WE,Federal Contract Tower,0,0,32,0,32,0,0,67,4,71,0,0,99,4,103,84,1,85,188
08/11/2004,RAL,CA,AWP,WE,Federal Contract Tower,0,0,12,0,12,0,2,60,0,62,0,2,72,0,74,124,0,124,198
08/12/2004,RAL,CA,AWP,WE,Federal Contract Tower,0,0,25,0,25,0,0,78,0,78,0,0,103,0,103,165,0,165,268
08/13/2004,RAL,CA,AWP,WE,Federal Contract Tower,0,0,18,1,19,0,0,127,1,128,0,0,145,2,147,172,0,172,319
08/14/2004,RAL,CA,AWP,WE,Federal Contract Tower,0,0,14,0,14,0,0,123,0,123,0,0,137,0,137,116,0,116,253
08/15/2004,RAL,CA,AWP,WE,Federal Contract Tower,0,0,17,0,17,0,0,71,0,71,0,0,88,0,88,106,0,106,194
08/16/2004,RAL,CA,AWP,WE,Federal Contract Tower,0,0,22,0,22,0,0,86,0,86,0,0,108,0,108,141,0,141,249
08/17/2004,RAL,CA,AWP,WE,Federal Contract Tower,0,0,21,0,21,0,0,45,0,45,0,0,66,0,66,156,0,156,222
08/18/2004,RAL,CA,AWP,WE,Federal Contract Tower,0,0,33,0,33,0,0,55,0,55,0,0,88,0,88,85,0,85,173
08/19/2004,RAL,CA,AWP,WE,Federal Contract Tower,0,0,31,0,31,0,0,122,2,124,0,0,153,2,155,115,3,118,273
08/20/2004,RAL,CA,AWP,WE,Federal Contract Tower,0,0,33,0,33,0,1,130,0,131,0,1,163,0,164,188,0,188,352
08/21/2004,RAL,CA,AWP,WE,Federal Contract Tower,0,0,34,0,34,0,0,110,2,112,0,0,144,2,146,204,0,204,350
08/22/2004,RAL,CA,AWP,WE,Federal Contract Tower,0,0,27,0,27,0,1,66,0,67,0,1,93,0,94,98,0,98,192
08/23/2004,RAL,CA,AWP,WE,Federal Contract Tower,0,0,32,0,32,0,0,80,0,80,0,0,112,0,112,127,0,127,239
08/24/2004,RAL,CA,AWP,WE,Federal Contract Tower,0,0,49,0,49,0,4,111,0,115,0,4,160,0,164,204,0,204,368
08/25/2004,RAL,CA,AWP,WE,Federal Contract Tower,0,0,19,0,19,0,2,76,0,78,0,2,95,0,97,67,0,67,164
08/26/2004,RAL,CA,AWP,WE,Federal Contract Tower,0,0,43,0,43,0,0,67,0,67,0,0,110,0,110,125,0,125,235
08/27/2004,RAL,CA,AWP,WE,Federal Contract Tower,0,0,31,0,31,0,0,142,1,143,0,0,173,1,174,134,0,134,308
08/28/2004,RAL,CA,AWP,WE,Federal Contract Tower,0,0,36,0,36,0,0,136,0,136,0,0,172,0,172,182,0,182,354
08/29/2004,RAL,CA,AWP,WE,Federal Contract Tower,0,0,16,0,16,0,0,103,0,103,0,0,119,0,119,92,0,92,211
08/30/2004,RAL,CA,AWP,WE,Federal Contract Tower,0,0,23,0,23,0,0,100,0,100,0,0,123,0,123,158,0,158,281
08/31/2004,RAL,CA,AWP,WE,Federal Contract Tower,0,0,23,0,23,0,2,83,0,85,0,2,106,0,108,152,0,152,260
09/01/2004,RAL,CA,AWP,WE,Federal Contract Tower,0,1,23,0,24,0,1,140,0,141,0,2,163,0,165,126,0,126,291
09/02/2004,RAL,CA,AWP,WE,Federal Contract Tower,0,1,23,0,24,0,1,136,0,137,0,2,159,0,161,182,0,182,343
09/03/2004,RAL,CA,AWP,WE,Federal Contract Tower,0,0,16,0,16,0,0,92,0,92,0,0,108,0,108,108,0,108,216
09/04/2004,RAL,CA,AWP,WE,Federal Contract Tower,0,1,18,0,19,0,0,159,0,159,0,1,177,0,178,119,0,119,297
09/05/2004,RAL,CA,AWP,WE,Federal Contract Tower,0,0,10,0,10,0,0,70,0,70,0,0,80,0,80,60,0,60,140
09/06/2004,RAL,CA,AWP,WE,Federal Contract Tower,0,0,20,0,20,0,0,87,0,87,0,0,107,0,107,94,0,94,201
09/07/2004,RAL,CA,AWP,WE,Federal Contract Tower,0,0,19,0,19,0,0,81,0,81,0,0,100,0,100,90,0,90,190
09/08/2004,RAL,CA,AWP,WE,Federal Contract Tower,0,0,20,0,20,0,0,117,0,117,0,0,137,0,137,162,0,162,299
09/09/2004,RAL,CA,AWP,WE,Federal Contract Tower,0,0,23,0,23,0,0,162,0,162,0,0,185,0,185,152,0,152,337
09/10/2004,RAL,CA,AWP,WE,Federal Contract Tower,0,0,26,0,26,0,0,114,0,114,0,0,140,0,140,166,0,166,306
09/11/2004,RAL,CA,AWP,WE,Federal Contract Tower,0,0,17,0,17,0,0,149,0,149,0,0,166,0,166,222,0,222,388
09/12/2004,RAL,CA,AWP,WE,Federal Contract Tower,0,1,20,0,21,0,0,92,0,92,0,1,112,0,113,140,0,140,253
09/13/2004,RAL,CA,AWP,WE,Federal Contract Tower,0,0,23,0,23,0,1,55,0,56,0,1,78,0,79,95,0,95,174
09/14/2004,RAL,CA,AWP,WE,Federal Contract Tower,0,0,29,0,29,0,2,66,0,68,0,2,95,0,97,104,0,104,201
09/15/2004,RAL,CA,AWP,WE,Federal Contract Tower,0,0,20,0,20,0,2,75,0,77,0,2,95,0,97,88,0,88,185
09/16/2004,RAL,CA,AWP,WE,Federal Contract Tower,0,0,31,0,31,0,0,104,0,104,0,0,135,0,135,98,0,98,233
09/17/2004,RAL,CA,AWP,WE,Federal Contract Tower,0,0,28,0,28,0,0,92,0,92,0,0,120,0,120,140,0,140,260
09/18/2004,RAL,CA,AWP,WE,Federal Contract Tower,0,0,19,0,19,0,0,138,0,138,0,0,157,0,157,248,0,248,405
09/19/2004,RAL,CA,AWP,WE,Federal Contract Tower,0,0,20,0,20,0,0,71,0,71,0,0,91,0,91,150,0,150,241
09/20/2004,RAL,CA,AWP,WE,Federal Contract Tower,0,0,32,0,32,0,0,150,0,150,0,0,182,0,182,166,0,166,348
09/21/2004,RAL,CA,AWP,WE,Federal Contract Tower,0,0,28,0,28,0,0,67,0,67,0,0,95,0,95,76,0,76,171
09/22/2004,RAL,CA,AWP,WE,Federal Contract Tower,0,0,23,0,23,0,0,82,0,82,0,0,105,0,105,102,0,102,207
09/23/2004,RAL,CA,AWP,WE,Federal Contract Tower,0,0,31,0,31,0,0,149,0,149,0,0,180,0,180,220,0,220,400
09/24/2004,RAL,CA,AWP,WE,Federal Contract Tower,0,0,17,0,17,0,0,129,2,131,0,0,146,2,148,221,0,221,369
09/25/2004,RAL,CA,AWP,WE,Federal Contract Tower,0,0,26,0,26,0,2,185,0,187,0,2,211,0,213,204,0,204,417
09/26/2004,RAL,CA,AWP,WE,Federal Contract Tower,0,0,11,0,11,0,1,116,0,117,0,1,127,0,128,141,0,141,269
09/27/2004,RAL,CA,AWP,WE,Federal Contract Tower,0,0,29,0,29,0,0,73,0,73,0,0,102,0,102,170,0,170,272
09/28/2004,RAL,CA,AWP,WE,Federal Contract Tower,0,0,35,0,35,0,0,77,0,77,0,0,112,0,112,126,0,126,238
09/29/2004,RAL,CA,AWP,WE,Federal Contract Tower,0,0,22,0,22,0,2,96,4,102,0,2,118,4,124,137,0,137,261
09/30/2004,RAL,CA,AWP,WE,Federal Contract Tower,0,0,44,0,44,0,1,88,4,93,0,1,132,4,137,166,0,166,303
10/01/2004,RAL,CA,AWP,WE,Federal Contract Tower,0,2,29,0,31,0,0,87,0,87,0,2,116,0,118,127,0,127,245
10/02/2004,RAL,CA,AWP,WE,Federal Contract Tower,0,0,32,0,32,0,0,106,0,106,0,0,138,0,138,190,0,190,328
10/03/2004,RAL,CA,AWP,WE,Federal Contract Tower,0,0,16,0,16,0,0,69,0,69,0,0,85,0,85,95,0,95,180
10/04/2004,RAL,CA,AWP,WE,Federal Contract Tower,0,0,22,0,22,0,0,92,0,92,0,0,114,0,114,162,0,162,276
10/05/2004,RAL,CA,AWP,WE,Federal Contract Tower,0,0,36,0,36,0,0,116,0,116,0,0,152,0,152,202,2,204,356
10/06/2004,RAL,CA,AWP,WE,Federal Contract Tower,0,2,38,0,40,0,2,110,0,112,0,4,148,0,152,184,0,184,336
10/07/2004,RAL,CA,AWP,WE,Federal Contract Tower,0,0,31,0,31,0,0,104,0,104,0,0,135,0,135,172,0,172,307
10/08/2004,RAL,CA,AWP,WE,Federal Contract Tower,0,0,27,0,27,0,0,79,0,79,0,0,106,0,106,111,0,111,217
10/09/2004,RAL,CA,AWP,WE,Federal Contract Tower,0,0,15,0,15,0,0,126,0,126,0,0,141,0,141,156,0,156,297
10/10/2004,RAL,CA,AWP,WE,Federal Contract Tower,0,0,36,0,36,0,0,128,0,128,0,0,164,0,164,254,0,254,418
10/11/2004,RAL,CA,AWP,WE,Federal Contract Tower,0,0,29,0,29,0,0,133,0,133,0,0,162,0,162,194,0,194,356
10/12/2004,RAL,CA,AWP,WE,Federal Contract Tower,0,0,23,0,23,0,0,114,0,114,0,0,137,0,137,164,0,164,301
10/13/2004,RAL,CA,AWP,WE,Federal Contract Tower,0,0,35,0,35,0,0,84,0,84,0,0,119,0,119,103,0,103,222
10/14/2004,RAL,CA,AWP,WE,Federal Contract Tower,0,0,36,0,36,0,0,91,2,93,0,0,127,2,129,134,0,134,263
10/15/2004,RAL,CA,AWP,WE,Federal Contract Tower,0,1,23,0,24,0,1,88,0,89,0,2,111,0,113,82,0,82,195
10/16/2004,RAL,CA,AWP,WE,Federal Contract Tower,0,0,45,0,45,0,0,87,0,87,0,0,132,0,132,214,0,214,346
10/17/2004,RAL,CA,AWP,WE,Federal Contract Tower,0,0,27,0,27,0,0,70,0,70,0,0,97,0,97,150,0,150,247
10/18/2004,RAL,CA,AWP,WE,Federal Contract Tower,0,0,31,0,31,0,0,99,0,99,0,0,130,0,130,132,0,132,262
10/19/2004,RAL,CA,AWP,WE,Federal Contract Tower,0,2,38,0,40,0,0,29,0,29,0,2,67,0,69,95,0,95,164
10/20/2004,RAL,CA,AWP,WE,Federal Contract Tower,0,0,17,0,17,0,0,4,0,4,0,0,21,0,21,8,0,8,29
10/21/2004,RAL,CA,AWP,WE,Federal Contract Tower,0,0,25,0,25,0,0,76,0,76,0,0,101,0,101,132,4,136,237
10/22/2004,RAL,CA,AWP,WE,Federal Contract Tower,0,0,33,0,33,0,2,128,0,130,0,2,161,0,163,141,0,141,304
10/23/2004,RAL,CA,AWP,WE,Federal Contract Tower,0,0,12,0,12,0,0,198,0,198,0,0,210,0,210,166,0,166,376
10/24/2004,RAL,CA,AWP,WE,Federal Contract Tower,0,0,27,0,27,0,0,114,0,114,0,0,141,0,141,234,0,234,375
10/25/2004,RAL,CA,AWP,WE,Federal Contract Tower,0,2,35,0,37,0,0,114,0,114,0,2,149,0,151,260,0,260,411
10/26/2004,RAL,CA,AWP,WE,Federal Contract Tower,0,0,36,0,36,0,0,103,0,103,0,0,139,0,139,106,0,106,245
10/27/2004,RAL,CA,AWP,WE,Federal Contract Tower,0,4,11,0,15,0,0,13,0,13,0,4,24,0,28,40,0,40,68
10/28/2004,RAL,CA,AWP,WE,Federal Contract Tower,0,0,24,0,24,0,1,104,0,105,0,1,128,0,129,212,0,212,341
10/29/2004,RAL,CA,AWP,WE,Federal Contract Tower,0,0,27,0,27,0,1,115,0,116,0,1,142,0,143,164,0,164,307
10/30/2004,RAL,CA,AWP,WE,Federal Contract Tower,0,0,29,0,29,0,0,217,0,217,0,0,246,0,246,226,0,226,472
10/31/2004,RAL,CA,AWP,WE,Federal Contract Tower,0,0,24,0,24,0,0,150,0,150,0,0,174,0,174,125,0,125,299
11/01/2004,RAL,CA,AWP,WE,Federal Contract Tower,0,0,7,0,7,0,0,14,0,14,0,0,21,0,21,37,0,37,58
11/02/2004,RAL,CA,AWP,WE,Federal Contract Tower,0,4,27,0,31,0,0,65,0,65,0,4,92,0,96,177,0,177,273
11/03/2004,RAL,CA,AWP,WE,Federal Contract Tower,0,0,27,0,27,0,1,117,0,118,0,1,144,0,145,195,0,195,340
11/04/2004,RAL,CA,AWP,WE,Federal Contract Tower,0,0,30,0,30,0,0,150,0,150,0,0,180,0,180,188,0,188,368
11/05/2004,RAL,CA,AWP,WE,Federal Contract Tower,0,0,39,0,39,0,0,206,0,206,0,0,245,0,245,260,0,260,505
11/06/2004,RAL,CA,AWP,WE,Federal Contract Tower,0,0,31,0,31,0,0,213,0,213,0,0,244,0,244,254,0,254,498
11/07/2004,RAL,CA,AWP,WE,Federal Contract Tower,0,0,27,0,27,0,0,54,0,54,0,0,81,0,81,116,0,116,197
11/08/2004,RAL,CA,AWP,WE,Federal Contract Tower,0,0,15,0,15,0,0,76,0,76,0,0,91,0,91,187,0,187,278
11/09/2004,RAL,CA,AWP,WE,Federal Contract Tower,0,2,37,0,39,0,2,80,0,82,0,4,117,0,121,221,0,221,342
11/10/2004,RAL,CA,AWP,WE,Federal Contract Tower,0,0,30,0,30,0,0,80,0,80,0,0,110,0,110,192,0,192,302
11/11/2004,RAL,CA,AWP,WE,Federal Contract Tower,0,0,31,0,31,0,0,95,0,95,0,0,126,0,126,156,0,156,282
11/12/2004,RAL,CA,AWP,WE,Federal Contract Tower,0,0,24,0,24,0,0,158,0,158,0,0,182,0,182,240,0,240,422
11/13/2004,RAL,CA,AWP,WE,Federal Contract Tower,0,0,26,0,26,0,0,157,0,157,0,0,183,0,183,290,0,290,473
11/14/2004,RAL,CA,AWP,WE,Federal Contract Tower,0,0,9,0,9,0,0,54,0,54,0,0,63,0,63,58,0,58,121
11/15/2004,RAL,CA,AWP,WE,Federal Contract Tower,0,0,25,0,25,0,2,91,0,93,0,2,116,0,118,133,0,133,251
11/16/2004,RAL,CA,AWP,WE,Federal Contract Tower,0,0,26,0,26,0,0,147,0,147,0,0,173,0,173,266,0,266,439
11/17/2004,RAL,CA,AWP,WE,Federal Contract Tower,0,0,39,0,39,0,0,98,0,98,0,0,137,0,137,144,0,144,281
11/18/2004,RAL,CA,AWP,WE,Federal Contract Tower,0,2,46,0,48,0,1,121,0,122,0,3,167,0,170,206,0,206,376
11/19/2004,RAL,CA,AWP,WE,Federal Contract Tower,0,0,38,0,38,0,0,156,0,156,0,0,194,0,194,148,0,148,342
11/20/2004,RAL,CA,AWP,WE,Federal Contract Tower,0,0,27,0,27,0,0,165,0,165,0,0,192,0,192,244,0,244,436
11/21/2004,RAL,CA,AWP,WE,Federal Contract Tower,0,0,8,0,8,0,0,15,0,15,0,0,23,0,23,24,0,24,47
11/22/2004,RAL,CA,AWP,WE,Federal Contract Tower,0,0,27,0,27,0,0,76,0,76,0,0,103,0,103,174,0,174,277
11/23/2004,RAL,CA,AWP,WE,Federal Contract Tower,0,0,18,0,18,0,0,96,1,97,0,0,114,1,115,75,0,75,190
11/24/2004,RAL,CA,AWP,WE,Federal Contract Tower,0,1,10,0,11,0,0,153,0,153,0,1,163,0,164,86,0,86,250
11/25/2004,RAL,CA,AWP,WE,Federal Contract Tower,0,2,13,0,15,0,0,67,0,67,0,2,80,0,82,52,0,52,134
11/26/2004,RAL,CA,AWP,WE,Federal Contract Tower,0,2,24,0,26,0,2,129,0,131,0,4,153,0,157,192,0,192,349
11/27/2004,RAL,CA,AWP,WE,Federal Contract Tower,0,2,23,0,25,0,0,0,0,0,0,2,23,0,25,14,0,14,39
11/28/2004,RAL,CA,AWP,WE,Federal Contract Tower,0,0,16,0,16,0,0,23,0,23,0,0,39,0,39,54,0,54,93
11/29/2004,RAL,CA,AWP,WE,Federal Contract Tower,0,2,4,0,6,0,0,37,0,37,0,2,41,0,43,31,0,31,74
11/30/2004,RAL,CA,AWP,WE,Federal Contract Tower,0,0,19,0,19,0,0,148,0,148,0,0,167,0,167,163,0,163,330
12/01/2004,RAL,CA,AWP,WE,Federal Contract Tower,0,2,28,0,30,0,1,118,0,119,0,3,146,0,149,118,0,118,267
12/02/2004,RAL,CA,AWP,WE,Federal Contract Tower,0,6,23,0,29,0,0,118,0,118,0,6,141,0,147,82,0,82,229
12/03/2004,RAL,CA,AWP,WE,Federal Contract Tower,0,4,13,0,17,0,0,107,0,107,0,4,120,0,124,80,0,80,204
12/04/2004,RAL,CA,AWP,WE,Federal Contract Tower,0,0,42,0,42,0,0,159,3,162,0,0,201,3,204,251,0,251,455
12/05/2004,RAL,CA,AWP,WE,Federal Contract Tower,0,1,15,0,16,0,1,22,2,25,0,2,37,2,41,70,0,70,111
12/06/2004,RAL,CA,AWP,WE,Federal Contract Tower,0,2,32,0,34,0,0,60,0,60,0,2,92,0,94,110,0,110,204
12/07/2004,RAL,CA,AWP,WE,Federal Contract Tower,0,0,30,0,30,0,0,43,0,43,0,0,73,0,73,80,0,80,153
12/08/2004,RAL,CA,AWP,WE,Federal Contract Tower,0,0,29,0,29,0,0,96,0,96,0,0,125,0,125,156,0,156,281
12/09/2004,RAL,CA,AWP,WE,Federal Contract Tower,0,0,41,0,41,0,0,124,0,124,0,0,165,0,165,136,0,136,301
12/10/2004,RAL,CA,AWP,WE,Federal Contract Tower,0,3,27,0,30,0,0,143,0,143,0,3,170,0,173,176,0,176,349
12/11/2004,RAL,CA,AWP,WE,Federal Contract Tower,0,0,28,0,28,0,0,278,0,278,0,0,306,0,306,259,0,259,565
12/12/2004,RAL,CA,AWP,WE,Federal Contract Tower,0,0,28,0,28,0,0,114,0,114,0,0,142,0,142,181,0,181,323
12/13/2004,RAL,CA,AWP,WE,Federal Contract Tower,0,2,21,0,23,0,0,60,0,60,0,2,81,0,83,96,0,96,179
12/14/2004,RAL,CA,AWP,WE,Federal Contract Tower,0,3,31,0,34,0,0,124,0,124,0,3,155,0,158,164,0,164,322
12/15/2004,RAL,CA,AWP,WE,Federal Contract Tower,0,2,23,0,25,0,0,87,0,87,0,2,110,0,112,118,0,118,230
12/16/2004,RAL,CA,AWP,WE,Federal Contract Tower,0,0,9,0,9,0,0,6,0,6,0,0,15,0,15,24,0,24,39
12/17/2004,RAL,CA,AWP,WE,Federal Contract Tower,0,0,12,0,12,0,0,34,0,34,0,0,46,0,46,62,0,62,108
12/18/2004,RAL,CA,AWP,WE,Federal Contract Tower,0,0,14,0,14,0,0,100,0,100,0,0,114,0,114,152,0,152,266
12/19/2004,RAL,CA,AWP,WE,Federal Contract Tower,0,0,13,0,13,0,0,110,0,110,0,0,123,0,123,126,0,126,249
12/20/2004,RAL,CA,AWP,WE,Federal Contract Tower,0,0,32,0,32,0,0,136,0,136,0,0,168,0,168,154,0,154,322
12/21/2004,RAL,CA,AWP,WE,Federal Contract Tower,0,1,34,0,35,0,0,168,0,168,0,1,202,0,203,216,0,216,419
12/22/2004,RAL,CA,AWP,WE,Federal Contract Tower,0,1,27,0,28,0,0,81,0,81,0,1,108,0,109,70,0,70,179
12/23/2004,RAL,CA,AWP,WE,Federal Contract Tower,0,0,4,0,4,0,0,9,0,9,0,0,13,0,13,8,0,8,21
12/24/2004,RAL,CA,AWP,WE,Federal Contract Tower,0,2,7,0,9,0,0,46,0,46,0,2,53,0,55,44,0,44,99
12/25/2004,RAL,CA,AWP,WE,Federal Contract Tower,0,0,2,0,2,0,0,29,0,29,0,0,31,0,31,35,0,35,66
12/26/2004,RAL,CA,AWP,WE,Federal Contract Tower,0,0,25,0,25,0,0,113,0,113,0,0,138,0,138,96,0,96,234
12/27/2004,RAL,CA,AWP,WE,Federal Contract Tower,0,4,23,0,27,0,0,140,0,140,0,4,163,0,167,212,0,212,379
12/28/2004,RAL,CA,AWP,WE,Federal Contract Tower,0,0,12,0,12,0,0,0,0,0,0,0,12,0,12,36,0,36,48
12/29/2004,RAL,CA,AWP,WE,Federal Contract Tower,0,0,14,0,14,0,0,21,0,21,0,0,35,0,35,132,0,132,167
12/30/2004,RAL,CA,AWP,WE,Federal Contract Tower,0,0,28,0,28,0,0,89,0,89,0,0,117,0,117,314,0,314,431
12/31/2004,RAL,CA,AWP,WE,Federal Contract Tower,0,2,8,0,10,0,0,16,0,16,0,2,24,0,26,40,0,40,66
01/01/2005,RAL,CA,AWP,WE,Federal Contract Tower,0,0,10,0,10,0,0,91,0,91,0,0,101,0,101,153,0,153,254
01/02/2005,RAL,CA,AWP,WE,Federal Contract Tower,0,0,15,0,15,0,0,92,0,92,0,0,107,0,107,103,0,103,210
01/03/2005,RAL,CA,AWP,WE,Federal Contract Tower,0,2,16,0,18,0,0,17,0,17,0,2,33,0,35,28,0,28,63
01/04/2005,RAL,CA,AWP,WE,Federal Contract Tower,0,0,23,0,23,0,0,36,0,36,0,0,59,0,59,131,0,131,190
01/05/2005,RAL,CA,AWP,WE,Federal Contract Tower,0,0,36,0,36,0,0,134,0,134,0,0,170,0,170,162,0,162,332
01/06/2005,RAL,CA,AWP,WE,Federal Contract Tower,0,0,41,0,41,0,0,160,0,160,0,0,201,0,201,272,0,272,473
01/07/2005,RAL,CA,AWP,WE,Federal Contract Tower,0,0,9,0,9,0,0,13,0,13,0,0,22,0,22,36,0,36,58
01/08/2005,RAL,CA,AWP,WE,Federal Contract Tower,0,0,7,0,7,0,0,14,0,14,0,0,21,0,21,40,0,40,61
01/09/2005,RAL,CA,AWP,WE,Federal Contract Tower,0,0,3,0,3,0,0,6,0,6,0,0,9,0,9,20,0,20,29
01/10/2005,RAL,CA,AWP,WE,Federal Contract Tower,0,0,20,0,20,0,0,16,0,16,0,0,36,0,36,20,0,20,56
01/11/2005,RAL,CA,AWP,WE,Federal Contract Tower,0,0,10,0,10,0,1,67,0,68,0,1,77,0,78,100,0,100,178
01/12/2005,RAL,CA,AWP,WE,Federal Contract Tower,0,0,30,0,30,0,0,130,0,130,0,0,160,0,160,96,0,96,256
01/13/2005,RAL,CA,AWP,WE,Federal Contract Tower,0,0,31,0,31,0,2,168,2,172,0,2,199,2,203,178,0,178,381
01/14/2005,RAL,CA,AWP,WE,Federal Contract Tower,0,0,26,0,26,0,0,188,0,188,0,0,214,0,214,198,0,198,412
01/15/2005,RAL,CA,AWP,WE,Federal Contract Tower,0,0,30,0,30,0,0,213,0,213,0,0,243,0,243,228,0,228,471
01/16/2005,RAL,CA,AWP,WE,Federal Contract Tower,0,0,28,0,28,0,0,163,0,163,0,0,191,0,191,200,0,200,391
01/17/2005,RAL,CA,AWP,WE,Federal Contract Tower,0,0,9,0,9,0,0,23,0,23,0,0,32,0,32,60,0,60,92
01/18/2005,RAL,CA,AWP,WE,Federal Contract Tower,0,0,21,0,21,0,1,89,0,90,0,1,110,0,111,102,0,102,213
01/19/2005,RAL,CA,AWP,WE,Federal Contract Tower,0,0,30,0,30,0,0,97,2,99,0,0,127,2,129,87,0,87,216
01/20/2005,RAL,CA,AWP,WE,Federal Contract Tower,0,0,34,0,34,0,0,171,0,171,0,0,205,0,205,192,0,192,397
01/21/2005,RAL,CA,AWP,WE,Federal Contract Tower,0,0,39,2,41,0,0,206,0,206,0,0,245,2,247,158,0,158,405
01/22/2005,RAL,CA,AWP,WE,Federal Contract Tower,0,0,19,0,19,0,2,190,0,192,0,2,209,0,211,206,0,206,417
01/23/2005,RAL,CA,AWP,WE,Federal Contract Tower,0,0,29,0,29,0,0,169,0,169,0,0,198,0,198,190,0,190,388
01/24/2005,RAL,CA,AWP,WE,Federal Contract Tower,0,0,24,0,24,0,4,118,0,122,0,4,142,0,146,168,0,168,314
01/25/2005,RAL,CA,AWP,WE,Federal Contract Tower,0,0,35,0,35,0,0,115,0,115,0,0,150,0,150,242,0,242,392
01/26/2005,RAL,CA,AWP,WE,Federal Contract Tower,0,4,30,0,34,0,0,18,0,18,0,4,48,0,52,47,0,47,99
01/27/2005,RAL,CA,AWP,WE,Federal Contract Tower,0,0,56,0,56,0,0,128,0,128,0,0,184,0,184,245,0,245,429
01/28/2005,RAL,CA,AWP,WE,Federal Contract Tower,0,0,47,0,47,0,0,57,0,57,0,0,104,0,104,42,0,42,146
01/29/2005,RAL,CA,AWP,WE,Federal Contract Tower,0,0,22,0,22,0,0,160,0,160,0,0,182,0,182,151,0,151,333
01/30/2005,RAL,CA,AWP,WE,Federal Contract Tower,0,0,16,0,16,0,0,79,0,79,0,0,95,0,95,126,0,126,221
01/31/2005,RAL,CA,AWP,WE,Federal Contract Tower,0,0,14,0,14,0,0,58,0,58,0,0,72,0,72,40,0,40,112
02/01/2005,RAL,CA,AWP,WE,Federal Contract Tower,0,0,8,0,8,0,0,79,0,79,0,0,87,0,87,84,0,84,171
02/02/2005,RAL,CA,AWP,WE,Federal Contract Tower,0,0,8,0,8,0,0,63,0,63,0,0,71,0,71,34,0,34,105
02/03/2005,RAL,CA,AWP,WE,Federal Contract Tower,0,0,9,0,9,0,2,78,0,80,0,2,87,0,89,62,0,62,151
02/04/2005,RAL,CA,AWP,WE,Federal Contract Tower,0,2,28,0,30,0,1,118,0,119,0,3,146,0,149,64,0,64,213
02/05/2005,RAL,CA,AWP,WE,Federal Contract Tower,0,0,21,0,21,0,1,155,0,156,0,1,176,0,177,210,0,210,387
02/06/2005,RAL,CA,AWP,WE,Federal Contract Tower,0,0,29,0,29,0,0,31,0,31,0,0,60,0,60,126,0,126,186
02/07/2005,RAL,CA,AWP,WE,Federal Contract Tower,0,7,28,0,35,0,4,70,0,74,0,11,98,0,109,122,0,122,231
02/08/2005,RAL,CA,AWP,WE,Federal Contract Tower,0,0,23,0,23,0,0,196,0,196,0,0,219,0,219,196,0,196,415
02/09/2005,RAL,CA,AWP,WE,Federal Contract Tower,0,0,48,0,48,0,0,162,0,162,0,0,210,0,210,146,0,146,356
02/10/2005,RAL,CA,AWP,WE,Federal Contract Tower,0,1,32,0,33,0,1,105,0,106,0,2,137,0,139,164,0,164,303
02/11/2005,RAL,CA,AWP,WE,Federal Contract Tower,0,4,15,0,19,0,0,3,0,3,0,4,18,0,22,58,0,58,80
02/12/2005,RAL,CA,AWP,WE,Federal Contract Tower,0,0,18,0,18,0,0,60,0,60,0,0,78,0,78,118,0,118,196
02/13/2005,RAL,CA,AWP,WE,Federal Contract Tower,0,0,37,0,37,0,0,14,0,14,0,0,51,0,51,134,0,134,185
02/14/2005,RAL,CA,AWP,WE,Federal Contract Tower,0,0,33,0,33,0,0,58,0,58,0,0,91,0,91,140,0,140,231
02/15/2005,RAL,CA,AWP,WE,Federal Contract Tower,0,0,23,0,23,0,0,152,0,152,0,0,175,0,175,192,0,192,367
02/16/2005,RAL,CA,AWP,WE,Federal Contract Tower,0,0,25,0,25,0,0,161,0,161,0,0,186,0,186,104,0,104,290
02/17/2005,RAL,CA,AWP,WE,Federal Contract Tower,0,0,25,0,25,0,2,84,0,86,0,2,109,0,111,111,0,111,222
02/18/2005,RAL,CA,AWP,WE,Federal Contract Tower,0,1,27,0,28,0,0,49,0,49,0,1,76,0,77,87,0,87,164
02/19/2005,RAL,CA,AWP,WE,Federal Contract Tower,0,2,3,0,5,0,0,19,0,19,0,2,22,0,24,62,0,62,86
02/20/2005,RAL,CA,AWP,WE,Federal Contract Tower,0,0,15,0,15,0,0,71,0,71,0,0,86,0,86,148,0,148,234
02/21/2005,RAL,CA,AWP,WE,Federal Contract Tower,0,0,8,0,8,0,0,15,0,15,0,0,23,0,23,44,0,44,67
02/22/2005,RAL,CA,AWP,WE,Federal Contract Tower,0,0,16,0,16,0,0,60,3,63,0,0,76,3,79,179,0,179,258
02/23/2005,RAL,CA,AWP,WE,Federal Contract Tower,0,1,34,0,35,0,0,139,0,139,0,1,173,0,174,180,0,180,354
02/24/2005,RAL,CA,AWP,WE,Federal Contract Tower,0,0,39,0,39,0,2,82,0,84,0,2,121,0,123,234,0,234,357
02/25/2005,RAL,CA,AWP,WE,Federal Contract Tower,0,3,45,1,49,0,2,122,0,124,0,5,167,1,173,216,2,218,391
02/26/2005,RAL,CA,AWP,WE,Federal Contract Tower,0,0,34,0,34,0,0,186,0,186,0,0,220,0,220,350,0,350,570
02/27/2005,RAL,CA,AWP,WE,Federal Contract Tower,0,0,15,0,15,0,0,132,0,132,0,0,147,0,147,216,0,216,363
02/28/2005,RAL,CA,AWP,WE,Federal Contract Tower,0,1,20,0,21,0,1,149,0,150,0,2,169,0,171,264,0,264,435
03/01/2005,RAL,CA,AWP,WE,Federal Contract Tower,0,0,39,0,39,0,0,112,0,112,0,0,151,0,151,236,0,236,387
03/02/2005,RAL,CA,AWP,WE,Federal Contract Tower,0,0,44,0,44,0,2,88,0,90,0,2,132,0,134,226,0,226,360
03/03/2005,RAL,CA,AWP,WE,Federal Contract Tower,0,3,46,0,49,0,7,106,0,113,0,10,152,0,162,220,0,220,382
03/04/2005,RAL,CA,AWP,WE,Federal Contract Tower,0,1,32,0,33,0,0,65,0,65,0,1,97,0,98,158,0,158,256
03/05/2005,RAL,CA,AWP,WE,Federal Contract Tower,0,0,34,0,34,0,0,193,0,193,0,0,227,0,227,286,0,286,513
03/06/2005,RAL,CA,AWP,WE,Federal Contract Tower,0,0,22,0,22,0,0,190,0,190,0,0,212,0,212,244,0,244,456
03/07/2005,RAL,CA,AWP,WE,Federal Contract Tower,0,0,24,0,24,0,2,136,0,138,0,2,160,0,162,224,0,224,386
03/08/2005,RAL,CA,AWP,WE,Federal Contract Tower,0,0,30,0,30,0,0,87,0,87,0,0,117,0,117,242,0,242,359
03/09/2005,RAL,CA,AWP,WE,Federal Contract Tower,0,4,28,0,32,0,0,79,2,81,0,4,107,2,113,160,0,160,273
03/10/2005,RAL,CA,AWP,WE,Federal Contract Tower,0,0,44,0,44,0,0,103,0,103,0,0,147,0,147,194,0,194,341
03/11/2005,RAL,CA,AWP,WE,Federal Contract Tower,0,1,33,0,34,0,1,107,0,108,0,2,140,0,142,220,0,220,362
03/12/2005,RAL,CA,AWP,WE,Federal Contract Tower,0,0,41,2,43,0,0,12,0,12,0,0,53,2,55,85,0,85,140
03/13/2005,RAL,CA,AWP,WE,Federal Contract Tower,0,0,45,0,45,0,0,72,0,72,0,0,117,0,117,202,0,202,319
03/14/2005,RAL,CA,AWP,WE,Federal Contract Tower,0,0,6,0,6,0,0,31,0,31,0,0,37,0,37,14,0,14,51
03/15/2005,RAL,CA,AWP,WE,Federal Contract Tower,0,0,21,0,21,0,0,152,0,152,0,0,173,0,173,194,0,194,367
03/16/2005,RAL,CA,AWP,WE,Federal Contract Tower,0,0,17,0,17,0,0,109,0,109,0,0,126,0,126,213,0,213,339
03/17/2005,RAL,CA,AWP,WE,Federal Contract Tower,0,0,38,0,38,0,1,135,0,136,0,1,173,0,174,178,0,178,352
03/18/2005,RAL,CA,AWP,WE,Federal Contract Tower,0,2,19,0,21,0,0,58,0,58,0,2,77,0,79,98,0,98,177
03/19/2005,RAL,CA,AWP,WE,Federal Contract Tower,0,0,24,0,24,0,0,55,0,55,0,0,79,0,79,226,0,226,305
03/20/2005,RAL,CA,AWP,WE,Federal Contract Tower,0,0,30,0,30,0,0,171,0,171,0,0,201,0,201,212,0,212,413
03/21/2005,RAL,CA,AWP,WE,Federal Contract Tower,0,0,42,0,42,0,0,194,0,194,0,0,236,0,236,252,0,252,488
03/22/2005,RAL,CA,AWP,WE,Federal Contract Tower,0,0,26,0,26,0,0,72,1,73,0,0,98,1,99,173,0,173,272
03/23/2005,RAL,CA,AWP,WE,Federal Contract Tower,0,0,33,0,33,0,0,74,0,74,0,0,107,0,107,216,0,216,323
03/24/2005,RAL,CA,AWP,WE,Federal Contract Tower,0,0,42,1,43,0,0,88,3,91,0,0,130,4,134,154,0,154,288
03/25/2005,RAL,CA,AWP,WE,Federal Contract Tower,0,0,51,0,51,0,3,171,0,174,0,3,222,0,225,216,0,216,441
03/26/2005,RAL,CA,AWP,WE,Federal Contract Tower,0,0,38,0,38,0,0,138,0,138,0,0,176,0,176,211,0,211,387
03/27/2005,RAL,CA,AWP,WE,Federal Contract Tower,0,2,28,0,30,0,0,139,0,139,0,2,167,0,169,134,0,134,303
03/28/2005,RAL,CA,AWP,WE,Federal Contract Tower,0,0,28,0,28,0,3,68,0,71,0,3,96,0,99,122,0,122,221
03/29/2005,RAL,CA,AWP,WE,Federal Contract Tower,0,0,36,0,36,0,1,102,0,103,0,1,138,0,139,180,0,180,319
03/30/2005,RAL,CA,AWP,WE,Federal Contract Tower,0,0,45,0,45,0,0,57,0,57,0,0,102,0,102,118,0,118,220
03/31/2005,RAL,CA,AWP,WE,Federal Contract Tower,0,1,11,0,12,0,0,42,0,42,0,1,53,0,54,9,0,9,63
04/01/2005,RAL,CA,AWP,WE,Federal Contract Tower,0,2,30,0,32,0,0,180,1,181,0,2,210,1,213,215,0,215,428
04/02/2005,RAL,CA,AWP,WE,Federal Contract Tower,0,0,7,0,7,0,0,176,0,176,0,0,183,0,183,32,0,32,215
04/03/2005,RAL,CA,AWP,WE,Federal Contract Tower,0,0,29,1,30,0,0,118,1,119,0,0,147,2,149,142,0,142,291
04/04/2005,RAL,CA,AWP,WE,Federal Contract Tower,0,2,31,0,33,0,0,81,0,81,0,2,112,0,114,169,0,169,283
04/05/2005,RAL,CA,AWP,WE,Federal Contract Tower,0,0,40,0,40,0,1,134,0,135,0,1,174,0,175,146,0,146,321
04/06/2005,RAL,CA,AWP,WE,Federal Contract Tower,0,0,29,0,29,0,0,87,0,87,0,0,116,0,116,178,0,178,294
04/07/2005,RAL,CA,AWP,WE,Federal Contract Tower,0,1,42,0,43,0,0,77,0,77,0,1,119,0,120,136,0,136,256
04/08/2005,RAL,CA,AWP,WE,Federal Contract Tower,0,0,42,0,42,0,0,106,0,106,0,0,148,0,148,171,0,171,319
04/09/2005,RAL,CA,AWP,WE,Federal Contract Tower,0,0,35,0,35,0,0,142,0,142,0,0,177,0,177,214,0,214,391
04/10/2005,RAL,CA,AWP,WE,Federal Contract Tower,0,0,32,0,32,0,1,139,0,140,0,1,171,0,172,132,0,132,304
04/11/2005,RAL,CA,AWP,WE,Federal Contract Tower,0,0,52,0,52,0,3,127,0,130,0,3,179,0,182,176,0,176,358
04/12/2005,RAL,CA,AWP,WE,Federal Contract Tower,0,0,44,0,44,0,0,103,0,103,0,0,147,0,147,166,0,166,313
04/13/2005,RAL,CA,AWP,WE,Federal Contract Tower,0,0,44,0,44,0,0,98,0,98,0,0,142,0,142,210,0,210,352
04/14/2005,RAL,CA,AWP,WE,Federal Contract Tower,0,0,40,0,40,0,0,100,0,100,0,0,140,0,140,161,0,161,301
04/15/2005,RAL,CA,AWP,WE,Federal Contract Tower,0,0,41,0,41,0,0,144,2,146,0,0,185,2,187,136,0,136,323
04/16/2005,RAL,CA,AWP,WE,Federal Contract Tower,0,0,45,0,45,0,1,179,0,180,0,1,224,0,225,252,0,252,477
04/17/2005,RAL,CA,AWP,WE,Federal Contract Tower,0,0,34,0,34,0,0,110,0,110,0,0,144,0,144,154,0,154,298
04/18/2005,RAL,CA,AWP,WE,Federal Contract Tower,0,2,46,0,48,0,0,25,0,25,0,2,71,0,73,159,0,159,232
04/19/2005,RAL,CA,AWP,WE,Federal Contract Tower,0,0,46,0,46,0,0,66,0,66,0,0,112,0,112,82,0,82,194
04/20/2005,RAL,CA,AWP,WE,Federal Contract Tower,0,2,37,0,39,0,0,107,0,107,0,2,144,0,146,149,0,149,295
04/21/2005,RAL,CA,AWP,WE,Federal Contract Tower,0,0,42,0,42,0,0,162,0,162,0,0,204,0,204,176,0,176,380
04/22/2005,RAL,CA,AWP,WE,Federal Contract Tower,0,0,30,0,30,0,0,114,0,114,0,0,144,0,144,174,0,174,318
04/23/2005,RAL,CA,AWP,WE,Federal Contract Tower,0,0,32,0,32,0,0,170,0,170,0,0,202,0,202,229,0,229,431
04/24/2005,RAL,CA,AWP,WE,Federal Contract Tower,0,3,50,0,53,0,0,36,0,36,0,3,86,0,89,84,0,84,173
04/25/2005,RAL,CA,AWP,WE,Federal Contract Tower,0,0,27,0,27,0,2,121,0,123,0,2,148,0,150,170,0,170,320
04/26/2005,RAL,CA,AWP,WE,Federal Contract Tower,0,0,38,0,38,0,0,119,0,119,0,0,157,0,157,102,0,102,259
04/27/2005,RAL,CA,AWP,WE,Federal Contract Tower,0,0,42,0,42,0,0,76,0,76,0,0,118,0,118,152,0,152,270
04/28/2005,RAL,CA,AWP,WE,Federal Contract Tower,0,0,30,0,30,0,0,62,0,62,0,0,92,0,92,61,0,61,153
04/29/2005,RAL,CA,AWP,WE,Federal Contract Tower,0,0,43,1,44,0,2,145,1,148,0,2,188,2,192,206,0,206,398
04/30/2005,RAL,CA,AWP,WE,Federal Contract Tower,0,0,35,0,35,0,0,206,0,206,0,0,241,0,241,256,0,256,497
05/01/2005,RAL,CA,AWP,WE,Federal Contract Tower,0,0,37,0,37,0,2,125,0,127,0,2,162,0,164,236,0,236,400
05/02/2005,RAL,CA,AWP,WE,Federal Contract Tower,0,0,39,0,39,0,2,142,0,144,0,2,181,0,183,289,0,289,472
05/03/2005,RAL,CA,AWP,WE,Federal Contract Tower,0,0,49,0,49,0,0,134,0,134,0,0,183,0,183,272,0,272,455
05/04/2005,RAL,CA,AWP,WE,Federal Contract Tower,0,0,37,0,37,0,0,51,0,51,0,0,88,0,88,106,0,106,194
05/05/2005,RAL,CA,AWP,WE,Federal Contract Tower,0,2,24,0,26,0,0,44,0,44,0,2,68,0,70,44,0,44,114
05/06/2005,RAL,CA,AWP,WE,Federal Contract Tower,0,5,37,0,42,0,0,73,0,73,0,5,110,0,115,73,0,73,188
05/07/2005,RAL,CA,AWP,WE,Federal Contract Tower,0,0,29,0,29,0,0,185,0,185,0,0,214,0,214,162,0,162,376
05/08/2005,RAL,CA,AWP,WE,Federal Contract Tower,0,2,48,0,50,0,2,127,0,129,0,4,175,0,179,162,0,162,341
05/09/2005,RAL,CA,AWP,WE,Federal Contract Tower,0,1,53,0,54,0,1,56,0,57,0,2,109,0,111,118,0,118,229
05/10/2005,RAL,CA,AWP,WE,Federal Contract Tower,0,0,49,0,49,0,0,149,0,149,0,0,198,0,198,254,0,254,452
05/11/2005,RAL,CA,AWP,WE,Federal Contract Tower,0,0,33,0,33,0,0,129,0,129,0,0,162,0,162,200,0,200,362
05/12/2005,RAL,CA,AWP,WE,Federal Contract Tower,0,0,43,0,43,0,0,124,0,124,0,0,167,0,167,100,0,100,267
05/13/2005,RAL,CA,AWP,WE,Federal Contract Tower,0,0,58,0,58,0,2,106,0,108,0,2,164,0,166,112,0,112,278
05/14/2005,RAL,CA,AWP,WE,Federal Contract Tower,0,0,43,0,43,0,0,192,0,192,0,0,235,0,235,222,0,222,457
05/15/2005,RAL,CA,AWP,WE,Federal Contract Tower,0,0,24,0,24,0,4,143,0,147,0,4,167,0,171,132,0,132,303
05/16/2005,RAL,CA,AWP,WE,Federal Contract Tower,0,0,42,0,42,0,2,61,0,63,0,2,103,0,105,88,0,88,193
05/17/2005,RAL,CA,AWP,WE,Federal Contract Tower,0,0,49,0,49,0,0,75,0,75,0,0,124,0,124,102,0,102,226
05/18/2005,RAL,CA,AWP,WE,Federal Contract Tower,0,0,30,0,30,0,0,134,0,134,0,0,164,0,164,61,0,61,225
05/19/2005,RAL,CA,AWP,WE,Federal Contract Tower,0,0,45,0,45,0,0,117,0,117,0,0,162,0,162,61,0,61,223
05/20/2005,RAL,CA,AWP,WE,Federal Contract Tower,0,0,34,0,34,0,2,149,0,151,0,2,183,0,185,82,0,82,267
05/21/2005,RAL,CA,AWP,WE,Federal Contract Tower,0,0,24,0,24,0,0,163,2,165,0,0,187,2,189,220,0,220,409
05/22/2005,RAL,CA,AWP,WE,Federal Contract Tower,0,2,25,0,27,0,4,140,2,146,0,6,165,2,173,170,0,170,343
05/23/2005,RAL,CA,AWP,WE,Federal Contract Tower,0,0,41,0,41,0,2,92,0,94,0,2,133,0,135,140,0,140,275
05/24/2005,RAL,CA,AWP,WE,Federal Contract Tower,0,0,66,0,66,0,0,92,0,92,0,0,158,0,158,98,0,98,256
05/25/2005,RAL,CA,AWP,WE,Federal Contract Tower,0,0,44,0,44,0,0,85,0,85,0,0,129,0,129,77,0,77,206
05/26/2005,RAL,CA,AWP,WE,Federal Contract Tower,0,0,70,0,70,0,3,88,0,91,0,3,158,0,161,98,0,98,259
05/27/2005,RAL,CA,AWP,WE,Federal Contract Tower,0,0,45,0,45,0,0,41,0,41,0,0,86,0,86,88,0,88,174
05/28/2005,RAL,CA,AWP,WE,Federal Contract Tower,0,0,26,0,26,0,0,95,0,95,0,0,121,0,121,138,0,138,259
05/29/2005,RAL,CA,AWP,WE,Federal Contract Tower,0,2,24,0,26,0,0,58,0,58,0,2,82,0,84,132,0,132,216
05/30/2005,RAL,CA,AWP,WE,Federal Contract Tower,0,0,23,0,23,0,2,115,0,117,0,2,138,0,140,57,0,57,197
05/31/2005,RAL,CA,AWP,WE,Federal Contract Tower,0,0,38,0,38,0,0,98,0,98,0,0,136,0,136,116,0,116,252
06/01/2005,RAL,CA,AWP,WE,Federal Contract Tower,0,0,47,0,47,0,0,53,0,53,0,0,100,0,100,88,0,88,188
06/02/2005,RAL,CA,AWP,WE,Federal Contract Tower,0,0,37,0,37,0,0,103,0,103,0,0,140,0,140,112,0,112,252
06/03/2005,RAL,CA,AWP,WE,Federal Contract Tower,0,0,29,0,29,0,0,106,0,106,0,0,135,0,135,94,0,94,229
06/04/2005,RAL,CA,AWP,WE,Federal Contract Tower,0,0,40,0,40,0,0,112,0,112,0,0,152,0,152,172,0,172,324
06/05/2005,RAL,CA,AWP,WE,Federal Contract Tower,0,0,22,0,22,0,0,78,0,78,0,0,100,0,100,136,0,136,236
06/06/2005,RAL,CA,AWP,WE,Federal Contract Tower,0,0,36,0,36,0,0,97,0,97,0,0,133,0,133,97,0,97,230
06/07/2005,RAL,CA,AWP,WE,Federal Contract Tower,0,0,29,0,29,0,0,119,0,119,0,0,148,0,148,128,0,128,276
06/08/2005,RAL,CA,AWP,WE,Federal Contract Tower,0,0,45,0,45,0,0,127,0,127,0,0,172,0,172,184,0,184,356
06/09/2005,RAL,CA,AWP,WE,Federal Contract Tower,0,0,36,0,36,0,0,108,0,108,0,0,144,0,144,104,0,104,248
06/10/2005,RAL,CA,AWP,WE,Federal Contract Tower,0,0,40,0,40,0,2,70,0,72,0,2,110,0,112,166,0,166,278
06/11/2005,RAL,CA,AWP,WE,Federal Contract Tower,0,0,43,0,43,0,0,65,0,65,0,0,108,0,108,116,0,116,224
06/12/2005,RAL,CA,AWP,WE,Federal Contract Tower,0,0,40,0,40,0,2,77,0,79,0,2,117,0,119,108,0,108,227
06/13/2005,RAL,CA,AWP,WE,Federal Contract Tower,0,0,34,0,34,0,2,62,0,64,0,2,96,0,98,124,0,124,222
06/14/2005,RAL,CA,AWP,WE,Federal Contract Tower,0,0,32,0,32,0,0,84,0,84,0,0,116,0,116,152,0,152,268
06/15/2005,RAL,CA,AWP,WE,Federal Contract Tower,0,0,36,0,36,0,0,66,0,66,0,0,102,0,102,86,0,86,188
06/16/2005,RAL,CA,AWP,WE,Federal Contract Tower,0,0,33,0,33,0,0,125,0,125,0,0,158,0,158,112,0,112,270
06/17/2005,RAL,CA,AWP,WE,Federal Contract Tower,0,0,19,2,21,0,2,136,0,138,0,2,155,2,159,222,0,222,381
06/18/2005,RAL,CA,AWP,WE,Federal Contract Tower,0,2,21,0,23,0,0,196,0,196,0,2,217,0,219,238,0,238,457
06/19/2005,RAL,CA,AWP,WE,Federal Contract Tower,0,0,10,0,10,0,2,143,0,145,0,2,153,0,155,142,0,142,297
06/20/2005,RAL,CA,AWP,WE,Federal Contract Tower,0,0,10,0,10,0,2,118,0,120,0,2,128,0,130,100,0,100,230
06/21/2005,RAL,CA,AWP,WE,Federal Contract Tower,0,0,20,0,20,0,2,139,0,141,0,2,159,0,161,124,0,124,285
06/22/2005,RAL,CA,AWP,WE,Federal Contract Tower,0,3,13,0,16,0,0,127,0,127,0,3,140,0,143,78,0,78,221
06/23/2005,RAL,CA,AWP,WE,Federal Contract Tower,0,0,20,0,20,0,1,158,0,159,0,1,178,0,179,102,0,102,281
06/24/2005,RAL,CA,AWP,WE,Federal Contract Tower,0,1,9,0,10,0,2,131,0,133,0,3,140,0,143,144,0,144,287
06/25/2005,RAL,CA,AWP,WE,Federal Contract Tower,0,0,16,0,16,0,0,149,0,149,0,0,165,0,165,192,0,192,357
06/26/2005,RAL,CA,AWP,WE,Federal Contract Tower,0,0,13,0,13,0,2,146,0,148,0,2,159,0,161,114,0,114,275
06/27/2005,RAL,CA,AWP,WE,Federal Contract Tower,0,0,18,0,18,0,2,93,0,95,0,2,111,0,113,142,0,142,255
06/28/2005,RAL,CA,AWP,WE,Federal Contract Tower,0,0,23,0,23,0,1,97,0,98,0,1,120,0,121,125,0,125,246
06/29/2005,RAL,CA,AWP,WE,Federal Contract Tower,0,0,21,0,21,0,0,132,0,132,0,0,153,0,153,119,0,119,272
06/30/2005,RAL,CA,AWP,WE,Federal Contract Tower,0,0,13,0,13,0,0,128,0,128,0,0,141,0,141,140,0,140,281
07/01/2005,RAL,CA,AWP,WE,Federal Contract Tower,0,0,19,0,19,0,2,143,0,145,0,2,162,0,164,144,0,144,308
07/02/2005,RAL,CA,AWP,WE,Federal Contract Tower,0,0,14,0,14,0,0,131,0,131,0,0,145,0,145,136,0,136,281
07/03/2005,RAL,CA,AWP,WE,Federal Contract Tower,0,0,16,0,16,0,2,64,0,66,0,2,80,0,82,106,0,106,188
07/04/2005,RAL,CA,AWP,WE,Federal Contract Tower,0,0,5,0,5,0,2,86,0,88,0,2,91,0,93,30,0,30,123
07/05/2005,RAL,CA,AWP,WE,Federal Contract Tower,0,0,72,0,72,0,0,19,0,19,0,0,91,0,91,54,0,54,145
07/06/2005,RAL,CA,AWP,WE,Federal Contract Tower,0,0,19,0,19,0,0,117,0,117,0,0,136,0,136,127,0,127,263
07/07/2005,RAL,CA,AWP,WE,Federal Contract Tower,0,0,15,1,16,0,0,153,3,156,0,0,168,4,172,112,0,112,284
07/08/2005,RAL,CA,AWP,WE,Federal Contract Tower,0,0,23,0,23,0,2,159,0,161,0,2,182,0,184,136,0,136,320
07/09/2005,RAL,CA,AWP,WE,Federal Contract Tower,0,0,43,2,45,0,0,119,2,121,0,0,162,4,166,83,0,83,249
07/10/2005,RAL,CA,AWP,WE,Federal Contract Tower,0,0,16,0,16,0,2,84,0,86,0,2,100,0,102,77,0,77,179
07/11/2005,RAL,CA,AWP,WE,Federal Contract Tower,0,0,7,0,7,0,2,107,0,109,0,2,114,0,116,85,0,85,201
07/12/2005,RAL,CA,AWP,WE,Federal Contract Tower,0,0,11,0,11,0,0,115,0,115,0,0,126,0,126,109,0,109,235
07/13/2005,RAL,CA,AWP,WE,Federal Contract Tower,0,0,11,0,11,0,0,151,0,151,0,0,162,0,162,107,0,107,269
07/14/2005,RAL,CA,AWP,WE,Federal Contract Tower,0,0,16,0,16,0,0,140,0,140,0,0,156,0,156,140,0,140,296
07/15/2005,RAL,CA,AWP,WE,Federal Contract Tower,0,0,11,4,15,0,3,170,0,173,0,3,181,4,188,206,0,206,394
07/16/2005,RAL,CA,AWP,WE,Federal Contract Tower,0,0,24,0,24,0,0,113,0,113,0,0,137,0,137,143,0,143,280
07/17/2005,RAL,CA,AWP,WE,Federal Contract Tower,0,0,8,0,8,0,2,93,0,95,0,2,101,0,103,84,0,84,187
07/18/2005,RAL,CA,AWP,WE,Federal Contract Tower,0,0,9,0,9,0,2,139,0,141,0,2,148,0,150,134,0,134,284
07/19/2005,RAL,CA,AWP,WE,Federal Contract Tower,0,0,11,0,11,0,0,115,0,115,0,0,126,0,126,81,0,81,207
07/20/2005,RAL,CA,AWP,WE,Federal Contract Tower,0,0,8,0,8,0,0,98,0,98,0,0,106,0,106,94,0,94,200
07/21/2005,RAL,CA,AWP,WE,Federal Contract Tower,0,0,18,0,18,0,0,96,0,96,0,0,114,0,114,181,0,181,295
07/22/2005,RAL,CA,AWP,WE,Federal Contract Tower,0,0,6,0,6,0,2,152,0,154,0,2,158,0,160,168,0,168,328
07/23/2005,RAL,CA,AWP,WE,Federal Contract Tower,0,0,6,0,6,0,0,184,0,184,0,0,190,0,190,209,0,209,399
07/24/2005,RAL,CA,AWP,WE,Federal Contract Tower,0,0,8,0,8,0,2,126,0,128,0,2,134,0,136,130,0,130,266
07/25/2005,RAL,CA,AWP,WE,Federal Contract Tower,0,0,7,0,7,0,2,104,0,106,0,2,111,0,113,130,0,130,243
07/26/2005,RAL,CA,AWP,WE,Federal Contract Tower,0,0,13,0,13,0,2,119,0,121,0,2,132,0,134,170,0,170,304
07/27/2005,RAL,CA,AWP,WE,Federal Contract Tower,0,0,8,0,8,0,0,116,0,116,0,0,124,0,124,84,0,84,208
07/28/2005,RAL,CA,AWP,WE,Federal Contract Tower,0,0,11,0,11,0,0,116,0,116,0,0,127,0,127,103,0,103,230
07/29/2005,RAL,CA,AWP,WE,Federal Contract Tower,0,0,14,0,14,0,2,160,0,162,0,2,174,0,176,144,0,144,320
07/30/2005,RAL,CA,AWP,WE,Federal Contract Tower,0,0,3,0,3,0,0,163,0,163,0,0,166,0,166,204,0,204,370
07/31/2005,RAL,CA,AWP,WE,Federal Contract Tower,0,0,13,0,13,0,2,151,0,153,0,2,164,0,166,154,0,154,320
08/01/2005,RAL,CA,AWP,WE,Federal Contract Tower,0,0,5,0,5,0,2,110,0,112,0,2,115,0,117,50,0,50,167
08/02/2005,RAL,CA,AWP,WE,Federal Contract Tower,0,1,6,0,7,0,0,94,0,94,0,1,100,0,101,70,0,70,171
08/03/2005,RAL,CA,AWP,WE,Federal Contract Tower,0,0,11,0,11,0,0,109,0,109,0,0,120,0,120,15,0,15,135
08/04/2005,RAL,CA,AWP,WE,Federal Contract Tower,0,0,10,0,10,0,0,96,0,96,0,0,106,0,106,79,0,79,185
08/05/2005,RAL,CA,AWP,WE,Federal Contract Tower,0,0,11,0,11,0,2,124,0,126,0,2,135,0,137,116,0,116,253
08/06/2005,RAL,CA,AWP,WE,Federal Contract Tower,0,3,15,0,18,0,0,220,0,220,0,3,235,0,238,236,0,236,474
08/07/2005,RAL,CA,AWP,WE,Federal Contract Tower,0,1,13,0,14,0,2,159,0,161,0,3,172,0,175,136,0,136,311
08/08/2005,RAL,CA,AWP,WE,Federal Contract Tower,0,0,10,0,10,0,2,119,0,121,0,2,129,0,131,38,0,38,169
08/09/2005,RAL,CA,AWP,WE,Federal Contract Tower,0,0,8,0,8,0,0,149,0,149,0,0,157,0,157,116,0,116,273
08/10/2005,RAL,CA,AWP,WE,Federal Contract Tower,0,2,9,0,11,0,0,144,0,144,0,2,153,0,155,154,0,154,309
08/11/2005,RAL,CA,AWP,WE,Federal Contract Tower,0,0,17,0,17,0,0,110,0,110,0,0,127,0,127,213,0,213,340
08/12/2005,RAL,CA,AWP,WE,Federal Contract Tower,0,0,13,0,13,0,2,98,0,100,0,2,111,0,113,180,0,180,293
08/13/2005,RAL,CA,AWP,WE,Federal Contract Tower,0,0,24,0,24,0,0,76,0,76,0,0,100,0,100,132,0,132,232
08/14/2005,RAL,CA,AWP,WE,Federal Contract Tower,0,1,25,0,26,0,1,46,0,47,0,2,71,0,73,88,0,88,161
08/15/2005,RAL,CA,AWP,WE,Federal Contract Tower,0,2,21,0,23,0,0,100,0,100,0,2,121,0,123,94,0,94,217
08/16/2005,RAL,CA,AWP,WE,Federal Contract Tower,0,0,32,0,32,0,0,110,0,110,0,0,142,0,142,166,0,166,308
08/17/2005,RAL,CA,AWP,WE,Federal Contract Tower,0,1,11,0,12,0,1,159,0,160,0,2,170,0,172,124,0,124,296
08/18/2005,RAL,CA,AWP,WE,Federal Contract Tower,0,1,25,0,26,0,0,63,0,63,0,1,88,0,89,143,0,143,232
08/19/2005,RAL,CA,AWP,WE,Federal Contract Tower,0,0,16,0,16,0,2,104,0,106,0,2,120,0,122,153,0,153,275
08/20/2005,RAL,CA,AWP,WE,Federal Contract Tower,0,0,6,0,6,0,0,118,0,118,0,0,124,0,124,200,0,200,324
08/21/2005,RAL,CA,AWP,WE,Federal Contract Tower,0,0,13,0,13,0,2,102,0,104,0,2,115,0,117,135,0,135,252
08/22/2005,RAL,CA,AWP,WE,Federal Contract Tower,0,0,3,0,3,0,0,126,0,126,0,0,129,0,129,132,0,132,261
08/23/2005,RAL,CA,AWP,WE,Federal Contract Tower,0,0,14,0,14,0,0,120,0,120,0,0,134,0,134,168,0,168,302
08/24/2005,RAL,CA,AWP,WE,Federal Contract Tower,0,0,10,0,10,0,0,157,0,157,0,0,167,0,167,182,0,182,349
08/25/2005,RAL,CA,AWP,WE,Federal Contract Tower,0,0,6,0,6,0,0,135,0,135,0,0,141,0,141,228,0,228,369
08/26/2005,RAL,CA,AWP,WE,Federal Contract Tower,0,0,5,0,5,0,2,118,0,120,0,2,123,0,125,78,0,78,203
08/27/2005,RAL,CA,AWP,WE,Federal Contract Tower,0,0,12,0,12,0,0,120,0,120,0,0,132,0,132,156,0,156,288
08/28/2005,RAL,CA,AWP,WE,Federal Contract Tower,0,0,1,0,1,0,2,118,0,120,0,2,119,0,121,108,0,108,229
08/29/2005,RAL,CA,AWP,WE,Federal Contract Tower,0,0,9,0,9,0,2,41,0,43,0,2,50,0,52,67,0,67,119
08/30/2005,RAL,CA,AWP,WE,Federal Contract Tower,0,0,12,0,12,0,0,129,0,129,0,0,141,0,141,148,0,148,289
08/31/2005,RAL,CA,AWP,WE,Federal Contract Tower,0,0,20,0,20,0,0,105,0,105,0,0,125,0,125,122,30,152,277
09/01/2005,RAL,CA,AWP,WE,Federal Contract Tower,0,2,16,0,18,0,0,147,0,147,0,2,163,0,165,190,0,190,355
09/02/2005,RAL,CA,AWP,WE,Federal Contract Tower,0,0,6,0,6,0,2,120,0,122,0,2,126,0,128,82,0,82,210
09/03/2005,RAL,CA,AWP,WE,Federal Contract Tower,0,0,18,0,18,0,0,154,0,154,0,0,172,0,172,64,0,64,236
09/04/2005,RAL,CA,AWP,WE,Federal Contract Tower,0,0,4,0,4,0,2,104,0,106,0,2,108,0,110,109,0,109,219
09/05/2005,RAL,CA,AWP,WE,Federal Contract Tower,0,0,12,0,12,0,3,99,0,102,0,3,111,0,114,60,0,60,174
09/06/2005,RAL,CA,AWP,WE,Federal Contract Tower,0,0,5,0,5,0,0,115,0,115,0,0,120,0,120,108,0,108,228
09/07/2005,RAL,CA,AWP,WE,Federal Contract Tower,0,0,5,0,5,0,0,111,0,111,0,0,116,0,116,156,0,156,272
09/08/2005,RAL,CA,AWP,WE,Federal Contract Tower,0,0,13,0,13,0,0,137,0,137,0,0,150,0,150,172,0,172,322
09/09/2005,RAL,CA,AWP,WE,Federal Contract Tower,0,2,21,0,23,0,2,84,0,86,0,4,105,0,109,133,0,133,242
09/10/2005,RAL,CA,AWP,WE,Federal Contract Tower,0,0,16,0,16,0,0,135,0,135,0,0,151,0,151,117,0,117,268
09/11/2005,RAL,CA,AWP,WE,Federal Contract Tower,0,0,20,0,20,0,2,110,0,112,0,2,130,0,132,78,0,78,210
09/12/2005,RAL,CA,AWP,WE,Federal Contract Tower,0,2,22,0,24,0,2,83,0,85,0,4,105,0,109,90,0,90,199
09/13/2005,RAL,CA,AWP,WE,Federal Contract Tower,0,0,15,1,16,0,0,87,3,90,0,0,102,4,106,206,0,206,312
09/14/2005,RAL,CA,AWP,WE,Federal Contract Tower,0,0,13,0,13,0,0,95,0,95,0,0,108,0,108,110,0,110,218
09/15/2005,RAL,CA,AWP,WE,Federal Contract Tower,0,1,23,1,25,0,0,135,0,135,0,1,158,1,160,134,0,134,294
09/16/2005,RAL,CA,AWP,WE,Federal Contract Tower,0,1,13,0,14,0,2,89,0,91,0,3,102,0,105,176,0,176,281
09/17/2005,RAL,CA,AWP,WE,Federal Contract Tower,0,0,13,0,13,0,0,120,0,120,0,0,133,0,133,183,0,183,316
09/18/2005,RAL,CA,AWP,WE,Federal Contract Tower,0,0,14,0,14,0,2,114,0,116,0,2,128,0,130,188,0,188,318
09/19/2005,RAL,CA,AWP,WE,Federal Contract Tower,0,0,20,0,20,0,2,75,0,77,0,2,95,0,97,92,0,92,189
09/20/2005,RAL,CA,AWP,WE,Federal Contract Tower,0,0,6,0,6,0,0,74,0,74,0,0,80,0,80,160,0,160,240
09/21/2005,RAL,CA,AWP,WE,Federal Contract Tower,0,0,14,0,14,0,0,137,0,137,0,0,151,0,151,153,0,153,304
09/22/2005,RAL,CA,AWP,WE,Federal Contract Tower,0,0,8,0,8,0,0,149,0,149,0,0,157,0,157,123,0,123,280
09/23/2005,RAL,CA,AWP,WE,Federal Contract Tower,0,0,14,0,14,0,2,164,0,166,0,2,178,0,180,226,0,226,406
09/24/2005,RAL,CA,AWP,WE,Federal Contract Tower,0,1,21,0,22,0,2,151,0,153,0,3,172,0,175,206,0,206,381
09/25/2005,RAL,CA,AWP,WE,Federal Contract Tower,0,2,9,0,11,0,2,97,0,99,0,4,106,0,110,106,0,106,216
09/26/2005,RAL,CA,AWP,WE,Federal Contract Tower,0,0,5,0,5,0,2,78,0,80,0,2,83,0,85,84,0,84,169
09/27/2005,RAL,CA,AWP,WE,Federal Contract Tower,0,0,8,0,8,0,0,151,0,151,0,0,159,0,159,100,0,100,259
09/28/2005,RAL,CA,AWP,WE,Federal Contract Tower,0,0,6,0,6,0,0,51,0,51,0,0,57,0,57,8,0,8,65
09/29/2005,RAL,CA,AWP,WE,Federal Contract Tower,0,0,18,0,18,0,0,106,0,106,0,0,124,0,124,139,0,139,263
09/30/2005,RAL,CA,AWP,WE,Federal Contract Tower,0,2,5,0,7,0,2,179,0,181,0,4,184,0,188,228,0,228,416
10/01/2005,RAL,CA,AWP,WE,Federal Contract Tower,0,0,19,0,19,0,0,69,0,69,0,0,88,0,88,143,0,143,231
10/02/2005,RAL,CA,AWP,WE,Federal Contract Tower,0,0,12,0,12,0,2,86,0,88,0,2,98,0,100,116,0,116,216
10/03/2005,RAL,CA,AWP,WE,Federal Contract Tower,0,0,13,0,13,0,2,77,0,79,0,2,90,0,92,52,0,52,144
10/04/2005,RAL,CA,AWP,WE,Federal Contract Tower,0,0,5,2,7,0,0,99,0,99,0,0,104,2,106,81,6,87,193
10/05/2005,RAL,CA,AWP,WE,Federal Contract Tower,0,0,6,0,6,0,0,48,0,48,0,0,54,0,54,42,0,42,96
10/06/2005,RAL,CA,AWP,WE,Federal Contract Tower,0,0,9,0,9,0,0,77,0,77,0,0,86,0,86,147,0,147,233
10/07/2005,RAL,CA,AWP,WE,Federal Contract Tower,0,0,9,0,9,0,2,153,0,155,0,2,162,0,164,198,0,198,362
10/08/2005,RAL,CA,AWP,WE,Federal Contract Tower,0,2,33,0,35,0,0,101,0,101,0,2,134,0,136,114,0,114,250
10/09/2005,RAL,CA,AWP,WE,Federal Contract Tower,0,2,9,0,11,0,2,117,0,119,0,4,126,0,130,191,0,191,321
10/10/2005,RAL,CA,AWP,WE,Federal Contract Tower,0,0,8,0,8,0,2,40,0,42,0,2,48,0,50,58,0,58,108
10/11/2005,RAL,CA,AWP,WE,Federal Contract Tower,0,0,14,0,14,0,0,110,0,110,0,0,124,0,124,114,0,114,238
10/12/2005,RAL,CA,AWP,WE,Federal Contract Tower,0,0,23,0,23,0,0,99,0,99,0,0,122,0,122,91,0,91,213
10/13/2005,RAL,CA,AWP,WE,Federal Contract Tower,0,0,26,2,28,0,0,118,0,118,0,0,144,2,146,118,0,118,264
10/14/2005,RAL,CA,AWP,WE,Federal Contract Tower,0,2,10,0,12,0,3,121,0,124,0,5,131,0,136,126,0,126,262
10/15/2005,RAL,CA,AWP,WE,Federal Contract Tower,0,0,5,0,5,0,0,151,0,151,0,0,156,0,156,224,0,224,380
10/16/2005,RAL,CA,AWP,WE,Federal Contract Tower,0,2,7,0,9,0,0,96,0,96,0,2,103,0,105,144,0,144,249
10/17/2005,RAL,CA,AWP,WE,Federal Contract Tower,0,1,4,0,5,0,1,27,0,28,0,2,31,0,33,8,0,8,41
10/18/2005,RAL,CA,AWP,WE,Federal Contract Tower,0,0,19,0,19,0,0,30,0,30,0,0,49,0,49,92,0,92,141
10/19/2005,RAL,CA,AWP,WE,Federal Contract Tower,0,4,19,0,23,0,0,68,0,68,0,4,87,0,91,211,0,211,302
10/20/2005,RAL,CA,AWP,WE,Federal Contract Tower,0,0,20,0,20,0,0,89,0,89,0,0,109,0,109,188,0,188,297
10/21/2005,RAL,CA,AWP,WE,Federal Contract Tower,0,2,59,2,63,0,0,19,0,19,0,2,78,2,82,15,0,15,97
10/22/2005,RAL,CA,AWP,WE,Federal Contract Tower,0,0,25,0,25,0,0,0,0,0,0,0,25,0,25,0,0,0,25
10/23/2005,RAL,CA,AWP,WE,Federal Contract Tower,0,5,32,0,37,0,0,3,0,3,0,5,35,0,40,0,0,0,40
10/24/2005,RAL,CA,AWP,WE,Federal Contract Tower,0,4,36,0,40,0,0,8,0,8,0,4,44,0,48,85,0,85,133
10/25/2005,RAL,CA,AWP,WE,Federal Contract Tower,0,0,23,0,23,0,0,74,0,74,0,0,97,0,97,215,0,215,312
10/26/2005,RAL,CA,AWP,WE,Federal Contract Tower,0,0,35,0,35,0,0,69,0,69,0,0,104,0,104,156,0,156,260
10/27/2005,RAL,CA,AWP,WE,Federal Contract Tower,0,0,46,0,46,0,0,27,0,27,0,0,73,0,73,114,0,114,187
10/28/2005,RAL,CA,AWP,WE,Federal Contract Tower,0,0,18,0,18,0,2,130,0,132,0,2,148,0,150,161,0,161,311
10/29/2005,RAL,CA,AWP,WE,Federal Contract Tower,0,1,18,0,19,0,3,143,0,146,0,4,161,0,165,152,0,152,317
10/30/2005,RAL,CA,AWP,WE,Federal Contract Tower,0,4,15,0,19,0,2,140,0,142,0,6,155,0,161,172,0,172,333
10/31/2005,RAL,CA,AWP,WE,Federal Contract Tower,0,0,10,0,10,0,1,67,0,68,0,1,77,0,78,116,0,116,194
11/01/2005,RAL,CA,AWP,WE,Federal Contract Tower,0,0,15,0,15,0,0,113,0,113,0,0,128,0,128,162,0,162,290
11/02/2005,RAL,CA,AWP,WE,Federal Contract Tower,0,0,15,0,15,0,0,123,0,123,0,0,138,0,138,182,0,182,320
11/03/2005,RAL,CA,AWP,WE,Federal Contract Tower,0,0,15,0,15,0,0,102,0,102,0,0,117,0,117,124,0,124,241
11/04/2005,RAL,CA,AWP,WE,Federal Contract Tower,0,2,40,0,42,0,0,58,0,58,0,2,98,0,100,163,0,163,263
11/05/2005,RAL,CA,AWP,WE,Federal Contract Tower,0,0,10,0,10,0,0,149,0,149,0,0,159,0,159,198,0,198,357
11/06/2005,RAL,CA,AWP,WE,Federal Contract Tower,0,0,16,0,16,0,2,99,0,101,0,2,115,0,117,104,0,104,221
11/07/2005,RAL,CA,AWP,WE,Federal Contract Tower,0,3,35,0,38,0,1,64,0,65,0,4,99,0,103,62,0,62,165
11/08/2005,RAL,CA,AWP,WE,Federal Contract Tower,0,4,25,0,29,0,0,53,0,53,0,4,78,0,82,102,0,102,184
11/09/2005,RAL,CA,AWP,WE,Federal Contract Tower,0,0,8,0,8,0,0,117,0,117,0,0,125,0,125,158,0,158,283
11/10/2005,RAL,CA,AWP,WE,Federal Contract Tower,0,0,41,0,41,0,0,34,0,34,0,0,75,0,75,54,0,54,129
11/11/2005,RAL,CA,AWP,WE,Federal Contract Tower,0,2,43,0,45,0,0,70,0,70,0,2,113,0,115,140,0,140,255
11/12/2005,RAL,CA,AWP,WE,Federal Contract Tower,0,0,7,0,7,0,1,141,0,142,0,1,148,0,149,106,0,106,255
11/13/2005,RAL,CA,AWP,WE,Federal Contract Tower,0,0,9,0,9,0,2,121,0,123,0,2,130,0,132,77,0,77,209
11/14/2005,RAL,CA,AWP,WE,Federal Contract Tower,0,0,12,0,12,0,0,140,0,140,0,0,152,0,152,138,0,138,290
11/15/2005,RAL,CA,AWP,WE,Federal Contract Tower,0,0,5,0,5,0,0,76,0,76,0,0,81,0,81,40,0,40,121
11/16/2005,RAL,CA,AWP,WE,Federal Contract Tower,0,0,9,0,9,0,0,117,0,117,0,0,126,0,126,102,0,102,228
11/17/2005,RAL,CA,AWP,WE,Federal Contract Tower,0,0,13,0,13,0,1,77,0,78,0,1,90,0,91,77,0,77,168
11/18/2005,RAL,CA,AWP,WE,Federal Contract Tower,0,2,7,0,9,0,2,93,0,95,0,4,100,0,104,68,0,68,172
11/19/2005,RAL,CA,AWP,WE,Federal Contract Tower,0,1,13,0,14,0,0,177,0,177,0,1,190,0,191,142,0,142,333
11/20/2005,RAL,CA,AWP,WE,Federal Contract Tower,0,2,6,0,8,0,2,108,0,110,0,4,114,0,118,142,0,142,260
11/21/2005,RAL,CA,AWP,WE,Federal Contract Tower,0,0,13,0,13,0,2,103,0,105,0,2,116,0,118,101,0,101,219
11/22/2005,RAL,CA,AWP,WE,Federal Contract Tower,0,0,15,0,15,0,0,117,2,119,0,0,132,2,134,180,0,180,314
11/23/2005,RAL,CA,AWP,WE,Federal Contract Tower,0,0,22,0,22,0,0,139,0,139,0,0,161,0,161,142,0,142,303
11/24/2005,RAL,CA,AWP,WE,Federal Contract Tower,0,1,5,0,6,0,0,37,0,37,0,1,42,0,43,42,0,42,85
11/25/2005,RAL,CA,AWP,WE,Federal Contract Tower,0,1,13,0,14,0,2,103,0,105,0,3,116,0,119,110,0,110,229
11/26/2005,RAL,CA,AWP,WE,Federal Contract Tower,0,0,6,0,6,0,0,60,0,60,0,0,66,0,66,47,0,47,113
11/27/2005,RAL,CA,AWP,WE,Federal Contract Tower,0,0,10,0,10,0,2,58,0,60,0,2,68,0,70,57,0,57,127
11/28/2005,RAL,CA,AWP,WE,Federal Contract Tower,0,0,21,0,21,0,4,114,0,118,0,4,135,0,139,160,0,160,299
11/29/2005,RAL,CA,AWP,WE,Federal Contract Tower,0,0,15,0,15,0,0,137,0,137,0,0,152,0,152,210,0,210,362
11/30/2005,RAL,CA,AWP,WE,Federal Contract Tower,0,0,17,0,17,0,0,123,0,123,0,0,140,0,140,126,0,126,266
12/01/2005,RAL,CA,AWP,WE,Federal Contract Tower,0,1,23,0,24,0,0,123,0,123,0,1,146,0,147,138,0,138,285
12/02/2005,RAL,CA,AWP,WE,Federal Contract Tower,0,2,36,0,38,0,0,29,0,29,0,2,65,0,67,58,0,58,125
12/03/2005,RAL,CA,AWP,WE,Federal Contract Tower,0,1,26,0,27,0,0,82,0,82,0,1,108,0,109,121,0,121,230
12/04/2005,RAL,CA,AWP,WE,Federal Contract Tower,0,1,7,0,8,0,2,12,0,14,0,3,19,0,22,22,0,22,44
12/05/2005,RAL,CA,AWP,WE,Federal Contract Tower,0,0,7,0,7,0,2,54,0,56,0,2,61,0,63,76,0,76,139
12/06/2005,RAL,CA,AWP,WE,Federal Contract Tower,0,0,8,0,8,0,0,125,0,125,0,0,133,0,133,98,0,98,231
12/07/2005,RAL,CA,AWP,WE,Federal Contract Tower,0,0,20,0,20,0,2,114,0,116,0,2,134,0,136,194,0,194,330
12/08/2005,RAL,CA,AWP,WE,Federal Contract Tower,0,0,17,0,17,0,0,129,0,129,0,0,146,0,146,178,0,178,324
12/09/2005,RAL,CA,AWP,WE,Federal Contract Tower,0,0,17,0,17,0,2,87,0,89,0,2,104,0,106,28,0,28,134
12/10/2005,RAL,CA,AWP,WE,Federal Contract Tower,0,0,13,0,13,0,0,138,0,138,0,0,151,0,151,128,0,128,279
12/11/2005,RAL,CA,AWP,WE,Federal Contract Tower,0,0,9,0,9,0,1,103,0,104,0,1,112,0,113,161,0,161,274
12/12/2005,RAL,CA,AWP,WE,Federal Contract Tower,0,0,13,0,13,0,0,100,0,100,0,0,113,0,113,140,0,140,253
12/13/2005,RAL,CA,AWP,WE,Federal Contract Tower,0,0,12,0,12,0,0,124,0,124,0,0,136,0,136,149,0,149,285
12/14/2005,RAL,CA,AWP,WE,Federal Contract Tower,0,0,16,0,16,0,0,118,0,118,0,0,134,0,134,117,0,117,251
12/15/2005,RAL,CA,AWP,WE,Federal Contract Tower,0,0,13,0,13,0,1,85,0,86,0,1,98,0,99,94,0,94,193
12/16/2005,RAL,CA,AWP,WE,Federal Contract Tower,0,2,32,0,34,0,0,85,0,85,0,2,117,0,119,202,0,202,321
12/17/2005,RAL,CA,AWP,WE,Federal Contract Tower,0,0,23,0,23,0,1,57,0,58,0,1,80,0,81,156,0,156,237
12/18/2005,RAL,CA,AWP,WE,Federal Contract Tower,0,0,8,0,8,0,2,95,0,97,0,2,103,0,105,143,0,143,248
12/19/2005,RAL,CA,AWP,WE,Federal Contract Tower,0,0,13,0,13,0,2,75,0,77,0,2,88,0,90,90,0,90,180
12/20/2005,RAL,CA,AWP,WE,Federal Contract Tower,0,0,10,0,10,0,0,103,0,103,0,0,113,0,113,77,0,77,190
12/21/2005,RAL,CA,AWP,WE,Federal Contract Tower,0,0,5,0,5,0,0,114,0,114,0,0,119,0,119,58,0,58,177
12/22/2005,RAL,CA,AWP,WE,Federal Contract Tower,0,0,14,0,14,0,0,97,0,97,0,0,111,0,111,148,0,148,259
12/23/2005,RAL,CA,AWP,WE,Federal Contract Tower,0,1,11,0,12,0,2,119,0,121,0,3,130,0,133,156,0,156,289
12/24/2005,RAL,CA,AWP,WE,Federal Contract Tower,0,1,4,0,5,0,1,53,0,54,0,2,57,0,59,26,0,26,85
12/25/2005,RAL,CA,AWP,WE,Federal Contract Tower,0,0,3,0,3,0,0,14,0,14,0,0,17,0,17,57,0,57,74
12/26/2005,RAL,CA,AWP,WE,Federal Contract Tower,0,2,15,0,17,0,1,29,0,30,0,3,44,0,47,64,0,64,111
12/27/2005,RAL,CA,AWP,WE,Federal Contract Tower,0,1,6,0,7,0,0,85,0,85,0,1,91,0,92,178,0,178,270
12/28/2005,RAL,CA,AWP,WE,Federal Contract Tower,0,1,13,0,14,0,0,48,0,48,0,1,61,0,62,62,0,62,124
12/29/2005,RAL,CA,AWP,WE,Federal Contract Tower,0,0,20,0,20,0,2,88,0,90,0,2,108,0,110,128,0,128,238
12/30/2005,RAL,CA,AWP,WE,Federal Contract Tower,0,0,11,0,11,0,4,105,0,109,0,4,116,0,120,158,0,158,278
12/31/2005,RAL,CA,AWP,WE,Federal Contract Tower,0,0,11,0,11,0,0,4,0,4,0,0,15,0,15,44,0,44,59
01/01/2006,RAL,CA,AWP,WE,Federal Contract Tower,0,0,13,0,13,0,0,26,0,26,0,0,39,0,39,50,0,50,89
01/02/2006,RAL,CA,AWP,WE,Federal Contract Tower,0,2,0,0,2,0,0,5,0,5,0,2,5,0,7,18,0,18,25
01/03/2006,RAL,CA,AWP,WE,Federal Contract Tower,0,0,14,0,14,0,0,58,0,58,0,0,72,0,72,80,0,80,152
01/04/2006,RAL,CA,AWP,WE,Federal Contract Tower,0,0,11,0,11,0,0,84,0,84,0,0,95,0,95,55,0,55,150
01/05/2006,RAL,CA,AWP,WE,Federal Contract Tower,0,0,17,0,17,0,0,56,0,56,0,0,73,0,73,45,0,45,118
01/06/2006,RAL,CA,AWP,WE,Federal Contract Tower,0,0,16,0,16,0,2,94,0,96,0,2,110,0,112,136,0,136,248
01/07/2006,RAL,CA,AWP,WE,Federal Contract Tower,0,2,18,0,20,0,0,183,0,183,0,2,201,0,203,132,0,132,335
01/08/2006,RAL,CA,AWP,WE,Federal Contract Tower,0,0,12,0,12,0,2,164,0,166,0,2,176,0,178,158,0,158,336
01/09/2006,RAL,CA,AWP,WE,Federal Contract Tower,0,0,1,0,1,0,0,72,0,72,0,0,73,0,73,94,0,94,167
01/10/2006,RAL,CA,AWP,WE,Federal Contract Tower,0,0,15,0,15,0,0,125,2,127,0,0,140,2,142,157,0,157,299
01/11/2006,RAL,CA,AWP,WE,Federal Contract Tower,0,2,13,0,15,0,0,87,0,87,0,2,100,0,102,95,0,95,197
01/12/2006,RAL,CA,AWP,WE,Federal Contract Tower,0,0,19,2,21,0,0,118,0,118,0,0,137,2,139,83,0,83,222
01/13/2006,RAL,CA,AWP,WE,Federal Contract Tower,0,0,21,0,21,0,2,152,0,154,0,2,173,0,175,192,0,192,367
01/14/2006,RAL,CA,AWP,WE,Federal Contract Tower,0,0,15,0,15,0,0,52,0,52,0,0,67,0,67,98,0,98,165
01/15/2006,RAL,CA,AWP,WE,Federal Contract Tower,0,2,8,0,10,0,0,92,0,92,0,2,100,0,102,138,0,138,240
01/16/2006,RAL,CA,AWP,WE,Federal Contract Tower,0,0,6,0,6,0,2,33,0,35,0,2,39,0,41,41,0,41,82
01/17/2006,RAL,CA,AWP,WE,Federal Contract Tower,0,0,10,0,10,0,0,88,0,88,0,0,98,0,98,168,2,170,268
01/18/2006,RAL,CA,AWP,WE,Federal Contract Tower,0,0,23,0,23,0,0,73,0,73,0,0,96,0,96,94,0,94,190
01/19/2006,RAL,CA,AWP,WE,Federal Contract Tower,0,1,18,0,19,0,0,105,0,105,0,1,123,0,124,78,0,78,202
01/20/2006,RAL,CA,AWP,WE,Federal Contract Tower,0,2,12,0,14,0,0,171,0,171,0,2,183,0,185,220,0,220,405
01/21/2006,RAL,CA,AWP,WE,Federal Contract Tower,0,0,6,0,6,0,0,162,0,162,0,0,168,0,168,104,0,104,272
01/22/2006,RAL,CA,AWP,WE,Federal Contract Tower,0,0,6,0,6,0,0,95,0,95,0,0,101,0,101,48,0,48,149
01/23/2006,RAL,CA,AWP,WE,Federal Contract Tower,0,0,3,0,3,0,0,14,0,14,0,0,17,0,17,6,0,6,23
01/24/2006,RAL,CA,AWP,WE,Federal Contract Tower,0,3,4,0,7,0,2,27,0,29,0,5,31,0,36,18,0,18,54
01/25/2006,RAL,CA,AWP,WE,Federal Contract Tower,0,0,16,0,16,0,2,156,0,158,0,2,172,0,174,279,0,279,453
01/26/2006,RAL,CA,AWP,WE,Federal Contract Tower,0,2,10,0,12,0,0,110,0,110,0,2,120,0,122,129,0,129,251
01/27/2006,RAL,CA,AWP,WE,Federal Contract Tower,0,3,16,0,19,0,2,98,0,100,0,5,114,0,119,114,0,114,233
01/28/2006,RAL,CA,AWP,WE,Federal Contract Tower,0,0,14,0,14,0,0,170,0,170,0,0,184,0,184,142,0,142,326
01/29/2006,RAL,CA,AWP,WE,Federal Contract Tower,0,0,21,0,21,0,2,132,0,134,0,2,153,0,155,173,0,173,328
01/30/2006,RAL,CA,AWP,WE,Federal Contract Tower,0,1,10,0,11,0,4,116,0,120,0,5,126,0,131,138,0,138,269
01/31/2006,RAL,CA,AWP,WE,Federal Contract Tower,0,0,34,0,34,0,1,112,0,113,0,1,146,0,147,124,0,124,271
02/01/2006,RAL,CA,AWP,WE,Federal Contract Tower,0,0,9,0,9,0,2,135,0,137,0,2,144,0,146,158,0,158,304
02/02/2006,RAL,CA,AWP,WE,Federal Contract Tower,0,0,11,0,11,0,0,88,0,88,0,0,99,0,99,176,0,176,275
02/03/2006,RAL,CA,AWP,WE,Federal Contract Tower,0,0,14,0,14,0,2,131,0,133,0,2,145,0,147,254,0,254,401
02/04/2006,RAL,CA,AWP,WE,Federal Contract Tower,0,0,13,0,13,0,0,95,0,95,0,0,108,0,108,140,0,140,248
02/05/2006,RAL,CA,AWP,WE,Federal Contract Tower,0,0,5,0,5,0,2,85,0,87,0,2,90,0,92,110,0,110,202
02/06/2006,RAL,CA,AWP,WE,Federal Contract Tower,0,0,10,0,10,0,2,52,0,54,0,2,62,0,64,68,0,68,132
02/07/2006,RAL,CA,AWP,WE,Federal Contract Tower,0,1,11,0,12,0,1,74,0,75,0,2,85,0,87,64,0,64,151
02/08/2006,RAL,CA,AWP,WE,Federal Contract Tower,0,1,12,0,13,0,4,111,0,115,0,5,123,0,128,46,0,46,174
02/09/2006,RAL,CA,AWP,WE,Federal Contract Tower,0,0,7,0,7,0,0,68,0,68,0,0,75,0,75,32,0,32,107
02/10/2006,RAL,CA,AWP,WE,Federal Contract Tower,0,0,8,0,8,0,2,154,0,156,0,2,162,0,164,108,0,108,272
02/11/2006,RAL,CA,AWP,WE,Federal Contract Tower,0,0,19,0,19,0,0,128,0,128,0,0,147,0,147,86,0,86,233
02/12/2006,RAL,CA,AWP,WE,Federal Contract Tower,0,0,10,0,10,0,2,93,0,95,0,2,103,0,105,90,0,90,195
02/13/2006,RAL,CA,AWP,WE,Federal Contract Tower,0,0,9,0,9,0,0,97,0,97,0,0,106,0,106,144,0,144,250
02/14/2006,RAL,CA,AWP,WE,Federal Contract Tower,0,0,17,0,17,0,0,137,0,137,0,0,154,0,154,128,0,128,282
02/15/2006,RAL,CA,AWP,WE,Federal Contract Tower,0,1,15,0,16,0,0,41,0,41,0,1,56,0,57,48,0,48,105
02/16/2006,RAL,CA,AWP,WE,Federal Contract Tower,0,1,20,0,21,0,1,147,0,148,0,2,167,0,169,177,0,177,346
02/17/2006,RAL,CA,AWP,WE,Federal Contract Tower,0,0,17,0,17,0,3,89,0,92,0,3,106,0,109,112,0,112,221
02/18/2006,RAL,CA,AWP,WE,Federal Contract Tower,0,0,17,0,17,0,0,88,0,88,0,0,105,0,105,218,0,218,323
02/19/2006,RAL,CA,AWP,WE,Federal Contract Tower,0,2,2,0,4,0,0,56,0,56,0,2,58,0,60,92,0,92,152
02/20/2006,RAL,CA,AWP,WE,Federal Contract Tower,0,0,12,0,12,0,2,174,0,176,0,2,186,0,188,91,0,91,279
02/21/2006,RAL,CA,AWP,WE,Federal Contract Tower,0,0,10,0,10,0,0,112,0,112,0,0,122,0,122,96,0,96,218
02/22/2006,RAL,CA,AWP,WE,Federal Contract Tower,0,4,16,0,20,0,0,122,0,122,0,4,138,0,142,98,0,98,240
02/23/2006,RAL,CA,AWP,WE,Federal Contract Tower,0,0,9,0,9,0,3,153,0,156,0,3,162,0,165,134,0,134,299
02/24/2006,RAL,CA,AWP,WE,Federal Contract Tower,0,2,14,0,16,0,2,125,0,127,0,4,139,0,143,84,0,84,227
02/25/2006,RAL,CA,AWP,WE,Federal Contract Tower,0,0,16,0,16,0,0,186,0,186,0,0,202,0,202,117,0,117,319
02/26/2006,RAL,CA,AWP,WE,Federal Contract Tower,0,2,12,0,14,0,2,137,2,141,0,4,149,2,155,101,0,101,256
02/27/2006,RAL,CA,AWP,WE,Federal Contract Tower,0,0,25,0,25,0,2,56,0,58,0,2,81,0,83,92,0,92,175
02/28/2006,RAL,CA,AWP,WE,Federal Contract Tower,0,0,16,0,16,0,0,61,0,61,0,0,77,0,77,112,0,112,189
03/01/2006,RAL,CA,AWP,WE,Federal Contract Tower,0,0,17,0,17,0,0,101,0,101,0,0,118,0,118,104,0,104,222
03/02/2006,RAL,CA,AWP,WE,Federal Contract Tower,0,0,24,0,24,0,0,164,0,164,0,0,188,0,188,194,0,194,382
03/03/2006,RAL,CA,AWP,WE,Federal Contract Tower,0,2,13,0,15,0,3,25,0,28,0,5,38,0,43,100,0,100,143
03/04/2006,RAL,CA,AWP,WE,Federal Contract Tower,0,0,8,0,8,0,1,143,0,144,0,1,151,0,152,170,0,170,322
03/05/2006,RAL,CA,AWP,WE,Federal Contract Tower,0,2,11,0,13,0,2,122,0,124,0,4,133,0,137,199,0,199,336
03/06/2006,RAL,CA,AWP,WE,Federal Contract Tower,0,0,17,0,17,0,2,61,0,63,0,2,78,0,80,27,0,27,107
03/07/2006,RAL,CA,AWP,WE,Federal Contract Tower,0,0,10,0,10,0,0,68,0,68,0,0,78,0,78,100,0,100,178
03/08/2006,RAL,CA,AWP,WE,Federal Contract Tower,0,0,20,0,20,0,0,113,0,113,0,0,133,0,133,125,0,125,258
03/09/2006,RAL,CA,AWP,WE,Federal Contract Tower,0,0,16,0,16,0,0,93,0,93,0,0,109,0,109,140,0,140,249
03/10/2006,RAL,CA,AWP,WE,Federal Contract Tower,0,2,13,0,15,0,0,51,0,51,0,2,64,0,66,46,0,46,112
03/11/2006,RAL,CA,AWP,WE,Federal Contract Tower,0,0,3,0,3,0,0,26,0,26,0,0,29,0,29,77,0,77,106
03/12/2006,RAL,CA,AWP,WE,Federal Contract Tower,0,1,9,0,10,0,1,78,0,79,0,2,87,0,89,78,0,78,167
03/13/2006,RAL,CA,AWP,WE,Federal Contract Tower,0,0,18,0,18,0,2,118,0,120,0,2,136,0,138,182,0,182,320
03/14/2006,RAL,CA,AWP,WE,Federal Contract Tower,0,2,9,0,11,0,0,112,0,112,0,2,121,0,123,103,0,103,226
03/15/2006,RAL,CA,AWP,WE,Federal Contract Tower,0,0,15,0,15,0,0,131,0,131,0,0,146,0,146,114,0,114,260
03/16/2006,RAL,CA,AWP,WE,Federal Contract Tower,0,1,25,1,27,0,0,113,1,114,0,1,138,2,141,157,0,157,298
03/17/2006,RAL,CA,AWP,WE,Federal Contract Tower,0,2,25,0,27,0,0,60,0,60,0,2,85,0,87,98,0,98,185
03/18/2006,RAL,CA,AWP,WE,Federal Contract Tower,0,0,17,0,17,0,0,135,0,135,0,0,152,0,152,168,0,168,320
03/19/2006,RAL,CA,AWP,WE,Federal Contract Tower,0,4,23,0,27,0,0,99,0,99,0,4,122,0,126,66,0,66,192
03/20/2006,RAL,CA,AWP,WE,Federal Contract Tower,0,1,17,0,18,0,1,80,0,81,0,2,97,0,99,91,0,91,190
03/21/2006,RAL,CA,AWP,WE,Federal Contract Tower,0,2,14,0,16,0,0,85,0,85,0,2,99,0,101,157,0,157,258
03/22/2006,RAL,CA,AWP,WE,Federal Contract Tower,0,0,14,0,14,0,0,153,0,153,0,0,167,0,167,122,0,122,289
03/23/2006,RAL,CA,AWP,WE,Federal Contract Tower,0,0,14,0,14,0,0,207,0,207,0,0,221,0,221,208,0,208,429
03/24/2006,RAL,CA,AWP,WE,Federal Contract Tower,0,2,12,0,14,0,2,174,0,176,0,4,186,0,190,228,0,228,418
03/25/2006,RAL,CA,AWP,WE,Federal Contract Tower,0,0,20,0,20,0,0,205,0,205,0,0,225,0,225,202,0,202,427
03/26/2006,RAL,CA,AWP,WE,Federal Contract Tower,0,0,17,0,17,0,2,127,0,129,0,2,144,0,146,110,0,110,256
03/27/2006,RAL,CA,AWP,WE,Federal Contract Tower,0,2,11,0,13,0,2,127,0,129,0,4,138,0,142,90,0,90,232
03/28/2006,RAL,CA,AWP,WE,Federal Contract Tower,0,0,18,0,18,0,0,20,0,20,0,0,38,0,38,42,0,42,80
03/29/2006,RAL,CA,AWP,WE,Federal Contract Tower,0,0,14,2,16,0,0,111,0,111,0,0,125,2,127,113,0,113,240
03/30/2006,RAL,CA,AWP,WE,Federal Contract Tower,0,3,26,1,30,0,0,142,0,142,0,3,168,1,172,145,2,147,319
03/31/2006,RAL,CA,AWP,WE,Federal Contract Tower,0,1,10,1,12,0,1,114,1,116,0,2,124,2,128,105,0,105,233
04/01/2006,RAL,CA,AWP,WE,Federal Contract Tower,0,0,8,0,8,0,0,64,4,68,0,0,72,4,76,18,10,28,104
04/02/2006,RAL,CA,AWP,WE,Federal Contract Tower,0,0,9,1,10,0,2,178,0,180,0,2,187,1,190,122,0,122,312
04/03/2006,RAL,CA,AWP,WE,Federal Contract Tower,0,0,14,1,15,0,0,94,0,94,0,0,108,1,109,194,0,194,303
04/04/2006,RAL,CA,AWP,WE,Federal Contract Tower,0,0,10,0,10,0,0,49,0,49,0,0,59,0,59,106,0,106,165
04/05/2006,RAL,CA,AWP,WE,Federal Contract Tower,0,0,2,0,2,0,0,16,2,18,0,0,18,2,20,72,0,72,92
04/06/2006,RAL,CA,AWP,WE,Federal Contract Tower,0,0,4,0,4,0,0,138,0,138,0,0,142,0,142,217,0,217,359
04/07/2006,RAL,CA,AWP,WE,Federal Contract Tower,0,0,11,0,11,0,0,108,0,108,0,0,119,0,119,120,0,120,239
04/08/2006,RAL,CA,AWP,WE,Federal Contract Tower,0,0,17,0,17,0,0,197,0,197,0,0,214,0,214,186,0,186,400
04/09/2006,RAL,CA,AWP,WE,Federal Contract Tower,0,0,11,0,11,0,2,106,0,108,0,2,117,0,119,132,0,132,251
04/10/2006,RAL,CA,AWP,WE,Federal Contract Tower,0,2,19,0,21,0,0,56,0,56,0,2,75,0,77,174,0,174,251
04/11/2006,RAL,CA,AWP,WE,Federal Contract Tower,0,0,11,0,11,0,0,95,0,95,0,0,106,0,106,232,0,232,338
04/12/2006,RAL,CA,AWP,WE,Federal Contract Tower,0,1,12,0,13,0,0,135,0,135,0,1,147,0,148,110,0,110,258
04/13/2006,RAL,CA,AWP,WE,Federal Contract Tower,0,2,11,0,13,0,0,131,0,131,0,2,142,0,144,124,0,124,268
04/14/2006,RAL,CA,AWP,WE,Federal Contract Tower,0,5,11,0,16,0,0,59,1,60,0,5,70,1,76,76,0,76,152
04/15/2006,RAL,CA,AWP,WE,Federal Contract Tower,0,0,26,0,26,0,0,85,0,85,0,0,111,0,111,152,0,152,263
04/16/2006,RAL,CA,AWP,WE,Federal Contract Tower,0,2,15,0,17,0,0,51,0,51,0,2,66,0,68,68,0,68,136
04/17/2006,RAL,CA,AWP,WE,Federal Contract Tower,0,0,12,0,12,0,0,87,0,87,0,0,99,0,99,98,0,98,197
04/18/2006,RAL,CA,AWP,WE,Federal Contract Tower,0,2,7,0,9,0,4,82,0,86,0,6,89,0,95,44,0,44,139
04/19/2006,RAL,CA,AWP,WE,Federal Contract Tower,0,0,21,0,21,0,0,142,0,142,0,0,163,0,163,98,0,98,261
04/20/2006,RAL,CA,AWP,WE,Federal Contract Tower,0,5,11,0,16,0,4,162,0,166,0,9,173,0,182,164,0,164,346
04/21/2006,RAL,CA,AWP,WE,Federal Contract Tower,0,1,17,0,18,0,1,146,0,147,0,2,163,0,165,160,0,160,325
04/22/2006,RAL,CA,AWP,WE,Federal Contract Tower,0,0,24,0,24,0,0,110,0,110,0,0,134,0,134,102,0,102,236
04/23/2006,RAL,CA,AWP,WE,Federal Contract Tower,0,0,14,0,14,0,0,101,0,101,0,0,115,0,115,124,0,124,239
04/24/2006,RAL,CA,AWP,WE,Federal Contract Tower,0,0,11,0,11,0,0,124,0,124,0,0,135,0,135,82,0,82,217
04/25/2006,RAL,CA,AWP,WE,Federal Contract Tower,0,4,14,0,18,0,0,111,0,111,0,4,125,0,129,222,0,222,351
04/26/2006,RAL,CA,AWP,WE,Federal Contract Tower,0,2,10,0,12,0,1,98,0,99,0,3,108,0,111,116,0,116,227
04/27/2006,RAL,CA,AWP,WE,Federal Contract Tower,0,0,31,0,31,0,0,79,0,79,0,0,110,0,110,151,0,151,261
04/28/2006,RAL,CA,AWP,WE,Federal Contract Tower,0,2,34,0,36,0,0,73,0,73,0,2,107,0,109,152,0,152,261
04/29/2006,RAL,CA,AWP,WE,Federal Contract Tower,0,1,25,0,26,0,0,75,0,75,0,1,100,0,101,132,0,132,233
04/30/2006,RAL,CA,AWP,WE,Federal Contract Tower,0,1,27,0,28,0,0,109,0,109,0,1,136,0,137,98,0,98,235
05/01/2006,RAL,CA,AWP,WE,Federal Contract Tower,0,4,17,0,21,0,0,75,0,75,0,4,92,0,96,96,0,96,192
05/02/2006,RAL,CA,AWP,WE,Federal Contract Tower,0,0,23,0,23,0,0,63,0,63,0,0,86,0,86,70,0,70,156
05/03/2006,RAL,CA,AWP,WE,Federal Contract Tower,0,0,22,0,22,0,0,47,0,47,0,0,69,0,69,82,0,82,151
05/04/2006,RAL,CA,AWP,WE,Federal Contract Tower,0,2,20,0,22,0,0,85,0,85,0,2,105,0,107,89,0,89,196
05/05/2006,RAL,CA,AWP,WE,Federal Contract Tower,0,0,18,0,18,0,0,105,0,105,0,0,123,0,123,127,0,127,250
05/06/2006,RAL,CA,AWP,WE,Federal Contract Tower,0,0,30,0,30,0,0,47,0,47,0,0,77,0,77,57,0,57,134
05/07/2006,RAL,CA,AWP,WE,Federal Contract Tower,0,0,20,0,20,0,0,78,0,78,0,0,98,0,98,85,0,85,183
05/08/2006,RAL,CA,AWP,WE,Federal Contract Tower,0,0,29,0,29,0,0,56,0,56,0,0,85,0,85,106,0,106,191
05/09/2006,RAL,CA,AWP,WE,Federal Contract Tower,0,0,19,0,19,0,0,56,0,56,0,0,75,0,75,66,0,66,141
05/10/2006,RAL,CA,AWP,WE,Federal Contract Tower,0,0,18,0,18,0,0,91,0,91,0,0,109,0,109,82,0,82,191
05/11/2006,RAL,CA,AWP,WE,Federal Contract Tower,0,0,28,0,28,0,0,78,0,78,0,0,106,0,106,108,0,108,214
05/12/2006,RAL,CA,AWP,WE,Federal Contract Tower,0,1,26,0,27,0,2,80,0,82,0,3,106,0,109,46,0,46,155
05/13/2006,RAL,CA,AWP,WE,Federal Contract Tower,0,0,38,0,38,0,0,69,0,69,0,0,107,0,107,93,0,93,200
05/14/2006,RAL,CA,AWP,WE,Federal Contract Tower,0,0,12,0,12,0,2,67,0,69,0,2,79,0,81,34,0,34,115
05/15/2006,RAL,CA,AWP,WE,Federal Contract Tower,0,2,21,0,23,0,2,90,0,92,0,4,111,0,115,105,0,105,220
05/16/2006,RAL,CA,AWP,WE,Federal Contract Tower,0,0,19,0,19,0,0,88,0,88,0,0,107,0,107,113,0,113,220
05/17/2006,RAL,CA,AWP,WE,Federal Contract Tower,0,3,31,0,34,0,0,103,0,103,0,3,134,0,137,178,0,178,315
05/18/2006,RAL,CA,AWP,WE,Federal Contract Tower,0,0,46,0,46,0,0,79,0,79,0,0,125,0,125,102,0,102,227
05/19/2006,RAL,CA,AWP,WE,Federal Contract Tower,0,0,28,0,28,0,2,85,0,87,0,2,113,0,115,105,0,105,220
05/20/2006,RAL,CA,AWP,WE,Federal Contract Tower,0,1,17,0,18,0,0,88,0,88,0,1,105,0,106,67,0,67,173
05/21/2006,RAL,CA,AWP,WE,Federal Contract Tower,0,3,21,0,24,0,3,71,0,74,0,6,92,0,98,93,0,93,191
05/22/2006,RAL,CA,AWP,WE,Federal Contract Tower,0,0,24,0,24,0,2,42,0,44,0,2,66,0,68,42,0,42,110
05/23/2006,RAL,CA,AWP,WE,Federal Contract Tower,0,0,18,0,18,0,0,158,0,158,0,0,176,0,176,158,0,158,334
05/24/2006,RAL,CA,AWP,WE,Federal Contract Tower,0,1,11,0,12,0,0,146,2,148,0,1,157,2,160,152,0,152,312
05/25/2006,RAL,CA,AWP,WE,Federal Contract Tower,0,4,12,0,16,0,0,123,0,123,0,4,135,0,139,135,0,135,274
05/26/2006,RAL,CA,AWP,WE,Federal Contract Tower,0,4,32,0,36,0,1,66,0,67,0,5,98,0,103,94,0,94,197
05/27/2006,RAL,CA,AWP,WE,Federal Contract Tower,0,0,18,0,18,0,0,70,0,70,0,0,88,0,88,57,0,57,145
05/28/2006,RAL,CA,AWP,WE,Federal Contract Tower,0,0,10,0,10,0,2,137,0,139,0,2,147,0,149,70,0,70,219
05/29/2006,RAL,CA,AWP,WE,Federal Contract Tower,0,3,13,0,16,0,2,135,0,137,0,5,148,0,153,130,0,130,283
05/30/2006,RAL,CA,AWP,WE,Federal Contract Tower,0,1,11,0,12,0,1,98,0,99,0,2,109,0,111,42,0,42,153
05/31/2006,RAL,CA,AWP,WE,Federal Contract Tower,0,0,20,2,22,0,0,120,0,120,0,0,140,2,142,51,0,51,193
06/01/2006,RAL,CA,AWP,WE,Federal Contract Tower,0,0,7,0,7,0,0,135,0,135,0,0,142,0,142,120,0,120,262
06/02/2006,RAL,CA,AWP,WE,Federal Contract Tower,0,1,23,0,24,0,3,110,0,113,0,4,133,0,137,130,0,130,267
06/03/2006,RAL,CA,AWP,WE,Federal Contract Tower,0,1,13,0,14,0,1,134,0,135,0,2,147,0,149,159,0,159,308
06/04/2006,RAL,CA,AWP,WE,Federal Contract Tower,0,0,9,0,9,0,2,107,0,109,0,2,116,0,118,154,0,154,272
06/05/2006,RAL,CA,AWP,WE,Federal Contract Tower,0,2,31,0,33,0,2,66,0,68,0,4,97,0,101,56,0,56,157
06/06/2006,RAL,CA,AWP,WE,Federal Contract Tower,0,2,27,0,29,0,0,36,0,36,0,2,63,0,65,33,0,33,98
06/07/2006,RAL,CA,AWP,WE,Federal Contract Tower,0,0,32,0,32,0,0,56,0,56,0,0,88,0,88,65,0,65,153
06/08/2006,RAL,CA,AWP,WE,Federal Contract Tower,0,2,45,0,47,0,0,73,4,77,0,2,118,4,124,132,0,132,256
06/09/2006,RAL,CA,AWP,WE,Federal Contract Tower,0,1,26,0,27,0,1,84,0,85,0,2,110,0,112,124,0,124,236
06/10/2006,RAL,CA,AWP,WE,Federal Contract Tower,0,0,25,0,25,0,1,116,0,117,0,1,141,0,142,134,0,134,276
06/11/2006,RAL,CA,AWP,WE,Federal Contract Tower,0,0,30,0,30,0,2,82,0,84,0,2,112,0,114,64,0,64,178
06/12/2006,RAL,CA,AWP,WE,Federal Contract Tower,0,0,16,0,16,0,2,73,0,75,0,2,89,0,91,101,0,101,192
06/13/2006,RAL,CA,AWP,WE,Federal Contract Tower,0,0,18,0,18,0,0,78,0,78,0,0,96,0,96,100,0,100,196
06/14/2006,RAL,CA,AWP,WE,Federal Contract Tower,0,0,15,0,15,0,0,126,0,126,0,0,141,0,141,284,0,284,425
06/15/2006,RAL,CA,AWP,WE,Federal Contract Tower,0,2,16,0,18,0,2,142,0,144,0,4,158,0,162,104,0,104,266
06/16/2006,RAL,CA,AWP,WE,Federal Contract Tower,0,2,8,0,10,0,2,84,0,86,0,4,92,0,96,64,0,64,160
06/17/2006,RAL,CA,AWP,WE,Federal Contract Tower,0,0,14,0,14,0,0,144,0,144,0,0,158,0,158,78,0,78,236
06/18/2006,RAL,CA,AWP,WE,Federal Contract Tower,0,2,4,0,6,0,2,78,0,80,0,4,82,0,86,50,0,50,136
06/19/2006,RAL,CA,AWP,WE,Federal Contract Tower,0,0,12,0,12,0,2,115,2,119,0,2,127,2,131,72,0,72,203
06/20/2006,RAL,CA,AWP,WE,Federal Contract Tower,0,0,18,0,18,0,0,89,0,89,0,0,107,0,107,160,0,160,267
06/21/2006,RAL,CA,AWP,WE,Federal Contract Tower,0,0,23,0,23,0,0,107,0,107,0,0,130,0,130,139,2,141,271
06/22/2006,RAL,CA,AWP,WE,Federal Contract Tower,0,2,18,0,20,0,0,95,0,95,0,2,113,0,115,98,0,98,213
06/23/2006,RAL,CA,AWP,WE,Federal Contract Tower,0,0,23,0,23,0,2,120,0,122,0,2,143,0,145,94,0,94,239
06/24/2006,RAL,CA,AWP,WE,Federal Contract Tower,0,0,19,0,19,0,0,97,0,97,0,0,116,0,116,133,0,133,249
06/25/2006,RAL,CA,AWP,WE,Federal Contract Tower,0,0,7,0,7,0,2,90,0,92,0,2,97,0,99,82,0,82,181
06/26/2006,RAL,CA,AWP,WE,Federal Contract Tower,0,0,19,0,19,0,4,96,0,100,0,4,115,0,119,106,0,106,225
06/27/2006,RAL,CA,AWP,WE,Federal Contract Tower,0,2,9,0,11,0,0,71,0,71,0,2,80,0,82,110,0,110,192
06/28/2006,RAL,CA,AWP,WE,Federal Contract Tower,0,1,8,0,9,0,0,102,0,102,0,1,110,0,111,162,0,162,273
06/29/2006,RAL,CA,AWP,WE,Federal Contract Tower,0,1,8,0,9,0,0,112,0,112,0,1,120,0,121,112,0,112,233
06/30/2006,RAL,CA,AWP,WE,Federal Contract Tower,0,0,10,0,10,0,2,105,0,107,0,2,115,0,117,94,0,94,211
07/01/2006,RAL,CA,AWP,WE,Federal Contract Tower,0,0,13,0,13,0,0,89,0,89,0,0,102,0,102,72,0,72,174
07/02/2006,RAL,CA,AWP,WE,Federal Contract Tower,0,0,13,0,13,0,2,70,0,72,0,2,83,0,85,48,0,48,133
07/03/2006,RAL,CA,AWP,WE,Federal Contract Tower,0,0,12,0,12,0,2,103,0,105,0,2,115,0,117,60,0,60,177
07/04/2006,RAL,CA,AWP,WE,Federal Contract Tower,0,0,5,0,5,0,0,64,0,64,0,0,69,0,69,16,0,16,85
07/05/2006,RAL,CA,AWP,WE,Federal Contract Tower,0,1,8,0,9,0,0,83,0,83,0,1,91,0,92,128,0,128,220
07/06/2006,RAL,CA,AWP,WE,Federal Contract Tower,0,0,6,1,7,0,0,91,1,92,0,0,97,2,99,117,0,117,216
07/07/2006,RAL,CA,AWP,WE,Federal Contract Tower,0,0,9,0,9,0,2,99,0,101,0,2,108,0,110,63,0,63,173
07/08/2006,RAL,CA,AWP,WE,Federal Contract Tower,0,0,10,0,10,0,0,113,0,113,0,0,123,0,123,79,0,79,202
07/09/2006,RAL,CA,AWP,WE,Federal Contract Tower,0,1,10,0,11,0,2,100,0,102,0,3,110,0,113,32,0,32,145
07/10/2006,RAL,CA,AWP,WE,Federal Contract Tower,0,0,6,0,6,0,2,109,0,111,0,2,115,0,117,115,0,115,232
07/11/2006,RAL,CA,AWP,WE,Federal Contract Tower,0,0,10,0,10,0,0,137,0,137,0,0,147,0,147,146,0,146,293
07/12/2006,RAL,CA,AWP,WE,Federal Contract Tower,0,2,12,0,14,0,4,143,0,147,0,6,155,0,161,175,0,175,336
07/13/2006,RAL,CA,AWP,WE,Federal Contract Tower,0,3,10,0,13,0,0,117,2,119,0,3,127,2,132,180,0,180,312
07/14/2006,RAL,CA,AWP,WE,Federal Contract Tower,0,1,13,0,14,0,2,128,0,130,0,3,141,0,144,127,0,127,271
07/15/2006,RAL,CA,AWP,WE,Federal Contract Tower,0,0,6,0,6,0,0,62,2,64,0,0,68,2,70,128,0,128,198
07/16/2006,RAL,CA,AWP,WE,Federal Contract Tower,0,2,7,0,9,0,2,94,0,96,0,4,101,0,105,100,0,100,205
07/17/2006,RAL,CA,AWP,WE,Federal Contract Tower,0,2,10,0,12,0,2,69,0,71,0,4,79,0,83,142,0,142,225
07/18/2006,RAL,CA,AWP,WE,Federal Contract Tower,0,0,23,0,23,0,0,96,0,96,0,0,119,0,119,162,0,162,281
07/19/2006,RAL,CA,AWP,WE,Federal Contract Tower,0,0,5,0,5,0,0,127,0,127,0,0,132,0,132,158,0,158,290
07/20/2006,RAL,CA,AWP,WE,Federal Contract Tower,0,0,13,0,13,0,0,75,0,75,0,0,88,0,88,117,0,117,205
07/21/2006,RAL,CA,AWP,WE,Federal Contract Tower,0,0,6,0,6,0,3,96,0,99,0,3,102,0,105,135,0,135,240
07/22/2006,RAL,CA,AWP,WE,Federal Contract Tower,0,0,12,0,12,0,0,89,0,89,0,0,101,0,101,50,0,50,151
07/23/2006,RAL,CA,AWP,WE,Federal Contract Tower,0,0,4,0,4,0,0,91,0,91,0,0,95,0,95,54,0,54,149
07/24/2006,RAL,CA,AWP,WE,Federal Contract Tower,0,0,7,0,7,0,0,74,0,74,0,0,81,0,81,92,0,92,173
07/25/2006,RAL,CA,AWP,WE,Federal Contract Tower,0,2,9,0,11,0,2,109,2,113,0,4,118,2,124,134,0,134,258
07/26/2006,RAL,CA,AWP,WE,Federal Contract Tower,0,1,11,0,12,0,1,128,0,129,0,2,139,0,141,92,0,92,233
07/27/2006,RAL,CA,AWP,WE,Federal Contract Tower,0,0,12,0,12,0,0,105,0,105,0,0,117,0,117,56,0,56,173
07/28/2006,RAL,CA,AWP,WE,Federal Contract Tower,0,0,19,0,19,0,3,115,0,118,0,3,134,0,137,109,0,109,246
07/29/2006,RAL,CA,AWP,WE,Federal Contract Tower,0,0,27,0,27,0,0,53,0,53,0,0,80,0,80,127,0,127,207
07/30/2006,RAL,CA,AWP,WE,Federal Contract Tower,0,0,23,0,23,0,0,22,0,22,0,0,45,0,45,85,0,85,130
07/31/2006,RAL,CA,AWP,WE,Federal Contract Tower,0,0,31,0,31,0,0,47,0,47,0,0,78,0,78,53,0,53,131
08/01/2006,RAL,CA,AWP,WE,Federal Contract Tower,0,0,12,0,12,0,0,88,2,90,0,0,100,2,102,102,0,102,204
08/02/2006,RAL,CA,AWP,WE,Federal Contract Tower,0,0,20,0,20,0,1,136,0,137,0,1,156,0,157,240,0,240,397
08/03/2006,RAL,CA,AWP,WE,Federal Contract Tower,0,1,31,0,32,0,0,79,0,79,0,1,110,0,111,180,0,180,291
08/04/2006,RAL,CA,AWP,WE,Federal Contract Tower,0,0,17,0,17,0,2,107,0,109,0,2,124,0,126,78,0,78,204
08/05/2006,RAL,CA,AWP,WE,Federal Contract Tower,0,0,13,0,13,0,0,108,0,108,0,0,121,0,121,98,0,98,219
08/06/2006,RAL,CA,AWP,WE,Federal Contract Tower,0,0,31,0,31,0,0,76,0,76,0,0,107,0,107,18,0,18,125
08/07/2006,RAL,CA,AWP,WE,Federal Contract Tower,0,0,15,0,15,0,0,74,0,74,0,0,89,0,89,53,0,53,142
08/08/2006,RAL,CA,AWP,WE,Federal Contract Tower,0,0,13,0,13,0,2,104,0,106,0,2,117,0,119,93,0,93,212
08/09/2006,RAL,CA,AWP,WE,Federal Contract Tower,0,0,7,0,7,0,0,96,2,98,0,0,103,2,105,58,0,58,163
08/10/2006,RAL,CA,AWP,WE,Federal Contract Tower,0,0,20,0,20,0,0,162,4,166,0,0,182,4,186,114,0,114,300
08/11/2006,RAL,CA,AWP,WE,Federal Contract Tower,0,2,19,0,21,0,2,149,0,151,0,4,168,0,172,114,0,114,286
08/12/2006,RAL,CA,AWP,WE,Federal Contract Tower,0,3,12,0,15,0,0,123,0,123,0,3,135,0,138,113,0,113,251
08/13/2006,RAL,CA,AWP,WE,Federal Contract Tower,0,0,18,0,18,0,3,69,0,72,0,3,87,0,90,74,0,74,164
08/14/2006,RAL,CA,AWP,WE,Federal Contract Tower,0,1,20,0,21,0,1,85,0,86,0,2,105,0,107,50,0,50,157
08/15/2006,RAL,CA,AWP,WE,Federal Contract Tower,0,2,26,0,28,0,0,88,0,88,0,2,114,0,116,95,0,95,211
08/16/2006,RAL,CA,AWP,WE,Federal Contract Tower,0,2,31,2,35,0,0,111,0,111,0,2,142,2,146,122,0,122,268
08/17/2006,RAL,CA,AWP,WE,Federal Contract Tower,0,0,15,0,15,0,0,136,0,136,0,0,151,0,151,172,0,172,323
08/18/2006,RAL,CA,AWP,WE,Federal Contract Tower,0,0,19,0,19,0,2,110,0,112,0,2,129,0,131,110,0,110,241
08/19/2006,RAL,CA,AWP,WE,Federal Contract Tower,0,0,23,0,23,0,0,100,0,100,0,0,123,0,123,120,0,120,243
08/20/2006,RAL,CA,AWP,WE,Federal Contract Tower,0,0,14,0,14,0,3,93,0,96,0,3,107,0,110,100,0,100,210
08/21/2006,RAL,CA,AWP,WE,Federal Contract Tower,0,0,7,0,7,0,3,111,0,114,0,3,118,0,121,137,0,137,258
08/22/2006,RAL,CA,AWP,WE,Federal Contract Tower,0,0,15,0,15,0,0,104,0,104,0,0,119,0,119,61,0,61,180
08/23/2006,RAL,CA,AWP,WE,Federal Contract Tower,0,0,14,0,14,0,2,119,0,121,0,2,133,0,135,58,0,58,193
08/24/2006,RAL,CA,AWP,WE,Federal Contract Tower,0,0,19,0,19,0,0,126,2,128,0,0,145,2,147,120,0,120,267
08/25/2006,RAL,CA,AWP,WE,Federal Contract Tower,0,2,16,0,18,0,0,164,0,164,0,2,180,0,182,106,0,106,288
08/26/2006,RAL,CA,AWP,WE,Federal Contract Tower,0,0,21,0,21,0,4,136,0,140,0,4,157,0,161,150,0,150,311
08/27/2006,RAL,CA,AWP,WE,Federal Contract Tower,0,0,6,0,6,0,1,114,0,115,0,1,120,0,121,54,0,54,175
08/28/2006,RAL,CA,AWP,WE,Federal Contract Tower,0,1,9,0,10,0,3,119,0,122,0,4,128,0,132,120,0,120,252
08/29/2006,RAL,CA,AWP,WE,Federal Contract Tower,0,0,14,2,16,0,0,106,0,106,0,0,120,2,122,92,0,92,214
08/30/2006,RAL,CA,AWP,WE,Federal Contract Tower,0,0,21,0,21,0,0,113,0,113,0,0,134,0,134,127,0,127,261
08/31/2006,RAL,CA,AWP,WE,Federal Contract Tower,0,2,12,0,14,0,0,113,0,113,0,2,125,0,127,166,0,166,293
09/01/2006,RAL,CA,AWP,WE,Federal Contract Tower,0,0,18,0,18,0,2,134,0,136,0,2,152,0,154,194,0,194,348
09/02/2006,RAL,CA,AWP,WE,Federal Contract Tower,0,0,11,0,11,0,2,65,0,67,0,2,76,0,78,26,0,26,104
09/03/2006,RAL,CA,AWP,WE,Federal Contract Tower,0,0,9,0,9,0,2,90,0,92,0,2,99,0,101,38,2,40,141
09/04/2006,RAL,CA,AWP,WE,Federal Contract Tower,0,4,6,0,10,0,2,103,0,105,0,6,109,0,115,57,0,57,172
09/05/2006,RAL,CA,AWP,WE,Federal Contract Tower,0,0,11,0,11,0,0,82,0,82,0,0,93,0,93,73,0,73,166
09/06/2006,RAL,CA,AWP,WE,Federal Contract Tower,0,2,17,2,21,0,0,78,0,78,0,2,95,2,99,91,0,91,190
09/07/2006,RAL,CA,AWP,WE,Federal Contract Tower,0,0,7,0,7,0,0,114,2,116,0,0,121,2,123,190,0,190,313
09/08/2006,RAL,CA,AWP,WE,Federal Contract Tower,0,0,22,1,23,0,2,134,1,137,0,2,156,2,160,210,0,210,370
09/09/2006,RAL,CA,AWP,WE,Federal Contract Tower,0,0,14,0,14,0,0,128,0,128,0,0,142,0,142,106,0,106,248
09/10/2006,RAL,CA,AWP,WE,Federal Contract Tower,0,0,20,0,20,0,2,125,0,127,0,2,145,0,147,56,0,56,203
09/11/2006,RAL,CA,AWP,WE,Federal Contract Tower,0,0,17,0,17,0,2,141,0,143,0,2,158,0,160,232,0,232,392
09/12/2006,RAL,CA,AWP,WE,Federal Contract Tower,0,0,22,0,22,0,0,116,0,116,0,0,138,0,138,186,0,186,324
09/13/2006,RAL,CA,AWP,WE,Federal Contract Tower,0,0,15,0,15,0,0,104,0,104,0,0,119,0,119,97,0,97,216
09/14/2006,RAL,CA,AWP,WE,Federal Contract Tower,0,1,34,0,35,0,0,63,0,63,0,1,97,0,98,25,0,25,123
09/15/2006,RAL,CA,AWP,WE,Federal Contract Tower,0,0,21,0,21,0,4,105,0,109,0,4,126,0,130,130,0,130,260
09/16/2006,RAL,CA,AWP,WE,Federal Contract Tower,0,0,17,0,17,0,0,109,0,109,0,0,126,0,126,120,0,120,246
09/17/2006,RAL,CA,AWP,WE,Federal Contract Tower,0,0,6,0,6,0,2,99,0,101,0,2,105,0,107,90,0,90,197
09/18/2006,RAL,CA,AWP,WE,Federal Contract Tower,0,0,14,0,14,0,2,128,0,130,0,2,142,0,144,178,0,178,322
09/19/2006,RAL,CA,AWP,WE,Federal Contract Tower,0,0,22,0,22,0,0,104,0,104,0,0,126,0,126,238,0,238,364
09/20/2006,RAL,CA,AWP,WE,Federal Contract Tower,0,2,11,0,13,0,0,135,0,135,0,2,146,0,148,210,0,210,358
09/21/2006,RAL,CA,AWP,WE,Federal Contract Tower,0,2,15,0,17,0,0,93,0,93,0,2,108,0,110,241,0,241,351
09/22/2006,RAL,CA,AWP,WE,Federal Contract Tower,0,1,18,0,19,0,0,119,0,119,0,1,137,0,138,158,0,158,296
09/23/2006,RAL,CA,AWP,WE,Federal Contract Tower,0,0,6,0,6,0,2,98,0,100,0,2,104,0,106,76,0,76,182
09/24/2006,RAL,CA,AWP,WE,Federal Contract Tower,0,1,11,0,12,0,0,134,0,134,0,1,145,0,146,172,0,172,318
09/25/2006,RAL,CA,AWP,WE,Federal Contract Tower,0,0,10,1,11,0,0,99,1,100,0,0,109,2,111,137,0,137,248
09/26/2006,RAL,CA,AWP,WE,Federal Contract Tower,0,0,22,0,22,0,0,77,0,77,0,0,99,0,99,113,2,115,214
09/27/2006,RAL,CA,AWP,WE,Federal Contract Tower,0,0,13,0,13,0,0,102,0,102,0,0,115,0,115,116,0,116,231
09/28/2006,RAL,CA,AWP,WE,Federal Contract Tower,0,0,10,0,10,0,0,116,0,116,0,0,126,0,126,140,0,140,266
09/29/2006,RAL,CA,AWP,WE,Federal Contract Tower,0,0,14,1,15,0,0,123,1,124,0,0,137,2,139,208,0,208,347
09/30/2006,RAL,CA,AWP,WE,Federal Contract Tower,0,0,13,0,13,0,0,112,1,113,0,0,125,1,126,110,1,111,237
10/01/2006,RAL,CA,AWP,WE,Federal Contract Tower,0,0,9,0,9,0,0,77,0,77,0,0,86,0,86,94,0,94,180
10/02/2006,RAL,CA,AWP,WE,Federal Contract Tower,0,0,9,0,9,0,0,75,0,75,0,0,84,0,84,144,0,144,228
10/03/2006,RAL,CA,AWP,WE,Federal Contract Tower,0,0,9,0,9,0,0,111,0,111,0,0,120,0,120,142,0,142,262
10/04/2006,RAL,CA,AWP,WE,Federal Contract Tower,0,0,8,0,8,0,2,136,4,142,0,2,144,4,150,176,0,176,326
10/05/2006,RAL,CA,AWP,WE,Federal Contract Tower,0,0,12,0,12,0,0,97,0,97,0,0,109,0,109,159,0,159,268
10/06/2006,RAL,CA,AWP,WE,Federal Contract Tower,0,0,20,0,20,0,2,107,0,109,0,2,127,0,129,135,0,135,264
10/07/2006,RAL,CA,AWP,WE,Federal Contract Tower,0,0,10,0,10,0,0,165,0,165,0,0,175,0,175,162,0,162,337
10/08/2006,RAL,CA,AWP,WE,Federal Contract Tower,0,3,9,0,12,0,1,134,0,135,0,4,143,0,147,130,0,130,277
10/09/2006,RAL,CA,AWP,WE,Federal Contract Tower,0,0,22,0,22,0,0,47,0,47,0,0,69,0,69,34,0,34,103
10/10/2006,RAL,CA,AWP,WE,Federal Contract Tower,0,0,13,0,13,0,3,103,0,106,0,3,116,0,119,192,0,192,311
10/11/2006,RAL,CA,AWP,WE,Federal Contract Tower,0,0,8,0,8,0,0,134,0,134,0,0,142,0,142,164,0,164,306
10/12/2006,RAL,CA,AWP,WE,Federal Contract Tower,0,0,23,0,23,0,0,97,2,99,0,0,120,2,122,206,0,206,328
10/13/2006,RAL,CA,AWP,WE,Federal Contract Tower,0,0,6,0,6,0,3,104,0,107,0,3,110,0,113,198,0,198,311
10/14/2006,RAL,CA,AWP,WE,Federal Contract Tower,0,0,14,0,14,0,0,62,0,62,0,0,76,0,76,136,0,136,212
10/15/2006,RAL,CA,AWP,WE,Federal Contract Tower,0,2,16,0,18,0,0,50,0,50,0,2,66,0,68,100,0,100,168
10/16/2006,RAL,CA,AWP,WE,Federal Contract Tower,0,2,28,0,30,0,0,67,0,67,0,2,95,0,97,202,0,202,299
10/17/2006,RAL,CA,AWP,WE,Federal Contract Tower,0,0,17,0,17,0,1,124,0,125,0,1,141,0,142,162,0,162,304
10/18/2006,RAL,CA,AWP,WE,Federal Contract Tower,0,0,6,0,6,0,0,47,0,47,0,0,53,0,53,36,0,36,89
10/19/2006,RAL,CA,AWP,WE,Federal Contract Tower,0,0,5,0,5,0,0,141,0,141,0,0,146,0,146,262,0,262,408
10/20/2006,RAL,CA,AWP,WE,Federal Contract Tower,0,2,8,0,10,0,0,145,0,145,0,2,153,0,155,213,0,213,368
10/21/2006,RAL,CA,AWP,WE,Federal Contract Tower,0,0,14,0,14,0,0,126,0,126,0,0,140,0,140,131,0,131,271
10/22/2006,RAL,CA,AWP,WE,Federal Contract Tower,0,2,12,0,14,0,0,136,0,136,0,2,148,0,150,21,0,21,171
10/23/2006,RAL,CA,AWP,WE,Federal Contract Tower,0,1,12,0,13,0,0,126,0,126,0,1,138,0,139,106,0,106,245
10/24/2006,RAL,CA,AWP,WE,Federal Contract Tower,0,0,12,0,12,0,0,119,0,119,0,0,131,0,131,162,0,162,293
10/25/2006,RAL,CA,AWP,WE,Federal Contract Tower,0,0,21,0,21,0,2,64,0,66,0,2,85,0,87,82,0,82,169
10/26/2006,RAL,CA,AWP,WE,Federal Contract Tower,0,1,4,0,5,0,0,48,0,48,0,1,52,0,53,48,0,48,101
10/27/2006,RAL,CA,AWP,WE,Federal Contract Tower,0,1,12,0,13,0,2,65,0,67,0,3,77,0,80,52,0,52,132
10/28/2006,RAL,CA,AWP,WE,Federal Contract Tower,0,0,15,0,15,0,0,108,0,108,0,0,123,0,123,64,0,64,187
10/29/2006,RAL,CA,AWP,WE,Federal Contract Tower,0,0,17,0,17,0,2,104,0,106,0,2,121,0,123,112,0,112,235
10/30/2006,RAL,CA,AWP,WE,Federal Contract Tower,0,1,13,0,14,0,3,91,0,94,0,4,104,0,108,127,0,127,235
10/31/2006,RAL,CA,AWP,WE,Federal Contract Tower,0,0,24,0,24,0,0,87,0,87,0,0,111,0,111,118,0,118,229
11/01/2006,RAL,CA,AWP,WE,Federal Contract Tower,0,2,12,0,14,0,0,73,0,73,0,2,85,0,87,88,0,88,175
11/02/2006,RAL,CA,AWP,WE,Federal Contract Tower,0,0,17,0,17,0,0,121,0,121,0,0,138,0,138,142,0,142,280
11/03/2006,RAL,CA,AWP,WE,Federal Contract Tower,0,2,15,0,17,0,2,93,0,95,0,4,108,0,112,72,0,72,184
11/04/2006,RAL,CA,AWP,WE,Federal Contract Tower,0,0,19,0,19,0,0,97,0,97,0,0,116,0,116,60,0,60,176
11/05/2006,RAL,CA,AWP,WE,Federal Contract Tower,0,0,18,0,18,0,2,110,0,112,0,2,128,0,130,94,0,94,224
11/06/2006,RAL,CA,AWP,WE,Federal Contract Tower,0,0,13,0,13,0,2,99,0,101,0,2,112,0,114,102,0,102,216
11/07/2006,RAL,CA,AWP,WE,Federal Contract Tower,0,0,15,0,15,0,0,118,0,118,0,0,133,0,133,122,0,122,255
11/08/2006,RAL,CA,AWP,WE,Federal Contract Tower,0,2,15,0,17,0,1,125,0,126,0,3,140,0,143,209,0,209,352
11/09/2006,RAL,CA,AWP,WE,Federal Contract Tower,0,4,24,0,28,0,0,84,0,84,0,4,108,0,112,109,0,109,221
11/10/2006,RAL,CA,AWP,WE,Federal Contract Tower,0,0,13,0,13,0,2,114,0,116,0,2,127,0,129,146,0,146,275
11/11/2006,RAL,CA,AWP,WE,Federal Contract Tower,0,0,15,0,15,0,1,91,0,92,0,1,106,0,107,116,0,116,223
11/12/2006,RAL,CA,AWP,WE,Federal Contract Tower,0,0,4,0,4,0,2,50,0,52,0,2,54,0,56,23,0,23,79
11/13/2006,RAL,CA,AWP,WE,Federal Contract Tower,0,0,14,0,14,0,3,83,0,86,0,3,97,0,100,146,0,146,246
11/14/2006,RAL,CA,AWP,WE,Federal Contract Tower,0,4,14,0,18,0,0,79,0,79,0,4,93,0,97,159,0,159,256
11/15/2006,RAL,CA,AWP,WE,Federal Contract Tower,0,4,12,1,17,0,0,128,14,142,0,4,140,15,159,141,0,141,300
11/16/2006,RAL,CA,AWP,WE,Federal Contract Tower,0,0,13,0,13,0,0,159,0,159,0,0,172,0,172,158,0,158,330
11/17/2006,RAL,CA,AWP,WE,Federal Contract Tower,0,0,7,0,7,0,2,158,0,160,0,2,165,0,167,190,0,190,357
11/18/2006,RAL,CA,AWP,WE,Federal Contract Tower,0,0,13,0,13,0,0,134,4,138,0,0,147,4,151,121,0,121,272
11/19/2006,RAL,CA,AWP,WE,Federal Contract Tower,0,0,9,0,9,0,2,113,0,115,0,2,122,0,124,63,0,63,187
11/20/2006,RAL,CA,AWP,WE,Federal Contract Tower,0,0,9,0,9,0,2,115,2,119,0,2,124,2,128,135,0,135,263
11/21/2006,RAL,CA,AWP,WE,Federal Contract Tower,0,0,21,0,21,0,0,128,0,128,0,0,149,0,149,292,0,292,441
11/22/2006,RAL,CA,AWP,WE,Federal Contract Tower,0,3,6,0,9,0,0,121,0,121,0,3,127,0,130,173,0,173,303
11/23/2006,RAL,CA,AWP,WE,Federal Contract Tower,0,0,10,0,10,0,2,38,0,40,0,2,48,0,50,0,0,0,50
11/24/2006,RAL,CA,AWP,WE,Federal Contract Tower,0,4,16,0,20,0,0,29,0,29,0,4,45,0,49,52,0,52,101
11/25/2006,RAL,CA,AWP,WE,Federal Contract Tower,0,4,10,0,14,0,0,85,0,85,0,4,95,0,99,75,0,75,174
11/26/2006,RAL,CA,AWP,WE,Federal Contract Tower,0,2,21,0,23,0,2,93,0,95,0,4,114,0,118,98,0,98,216
11/27/2006,RAL,CA,AWP,WE,Federal Contract Tower,0,2,19,0,21,0,0,23,0,23,0,2,42,0,44,27,0,27,71
11/28/2006,RAL,CA,AWP,WE,Federal Contract Tower,0,2,7,0,9,0,0,105,0,105,0,2,112,0,114,156,0,156,270
11/29/2006,RAL,CA,AWP,WE,Federal Contract Tower,0,0,5,2,7,0,0,27,0,27,0,0,32,2,34,5,0,5,39
11/30/2006,RAL,CA,AWP,WE,Federal Contract Tower,0,0,9,0,9,0,2,77,0,79,0,2,86,0,88,96,0,96,184
12/01/2006,RAL,CA,AWP,WE,Federal Contract Tower,0,1,17,0,18,0,2,178,0,180,0,3,195,0,198,178,0,178,376
12/02/2006,RAL,CA,AWP,WE,Federal Contract Tower,0,0,11,0,11,0,0,54,0,54,0,0,65,0,65,22,0,22,87
12/03/2006,RAL,CA,AWP,WE,Federal Contract Tower,0,0,9,0,9,0,0,26,0,26,0,0,35,0,35,2,0,2,37
12/04/2006,RAL,CA,AWP,WE,Federal Contract Tower,0,0,18,0,18,0,6,74,0,80,0,6,92,0,98,62,0,62,160
12/05/2006,RAL,CA,AWP,WE,Federal Contract Tower,0,2,16,0,18,0,0,170,0,170,0,2,186,0,188,266,0,266,454
12/06/2006,RAL,CA,AWP,WE,Federal Contract Tower,0,0,19,0,19,0,0,123,0,123,0,0,142,0,142,167,0,167,309
12/07/2006,RAL,CA,AWP,WE,Federal Contract Tower,0,0,14,0,14,0,2,128,0,130,0,2,142,0,144,111,0,111,255
12/08/2006,RAL,CA,AWP,WE,Federal Contract Tower,0,0,24,0,24,0,0,143,0,143,0,0,167,0,167,124,0,124,291
12/09/2006,RAL,CA,AWP,WE,Federal Contract Tower,0,0,27,0,27,0,0,176,0,176,0,0,203,0,203,102,0,102,305
12/10/2006,RAL,CA,AWP,WE,Federal Contract Tower,0,0,12,0,12,0,0,93,0,93,0,0,105,0,105,120,0,120,225
12/11/2006,RAL,CA,AWP,WE,Federal Contract Tower,0,0,22,0,22,0,0,133,0,133,0,0,155,0,155,146,0,146,301
12/12/2006,RAL,CA,AWP,WE,Federal Contract Tower,0,0,13,0,13,0,0,115,0,115,0,0,128,0,128,119,2,121,249
12/13/2006,RAL,CA,AWP,WE,Federal Contract Tower,0,5,28,0,33,0,0,122,0,122,0,5,150,0,155,162,0,162,317
12/14/2006,RAL,CA,AWP,WE,Federal Contract Tower,0,3,8,0,11,0,2,157,0,159,0,5,165,0,170,203,0,203,373
12/15/2006,RAL,CA,AWP,WE,Federal Contract Tower,0,1,11,0,12,0,3,105,0,108,0,4,116,0,120,130,0,130,250
12/16/2006,RAL,CA,AWP,WE,Federal Contract Tower,0,0,24,0,24,0,0,44,0,44,0,0,68,0,68,132,0,132,200
12/17/2006,RAL,CA,AWP,WE,Federal Contract Tower,0,3,7,0,10,0,1,85,0,86,0,4,92,0,96,46,0,46,142
12/18/2006,RAL,CA,AWP,WE,Federal Contract Tower,0,0,5,0,5,0,2,43,0,45,0,2,48,0,50,32,0,32,82
12/19/2006,RAL,CA,AWP,WE,Federal Contract Tower,0,0,12,0,12,0,0,119,0,119,0,0,131,0,131,144,0,144,275
12/20/2006,RAL,CA,AWP,WE,Federal Contract Tower,0,0,7,0,7,0,0,120,0,120,0,0,127,0,127,136,0,136,263
12/21/2006,RAL,CA,AWP,WE,Federal Contract Tower,0,0,17,0,17,0,0,93,0,93,0,0,110,0,110,122,0,122,232
12/22/2006,RAL,CA,AWP,WE,Federal Contract Tower,0,0,8,0,8,0,2,62,0,64,0,2,70,0,72,54,0,54,126
12/23/2006,RAL,CA,AWP,WE,Federal Contract Tower,0,0,7,0,7,0,0,50,0,50,0,0,57,0,57,26,0,26,83
12/24/2006,RAL,CA,AWP,WE,Federal Contract Tower,0,0,6,0,6,0,0,57,0,57,0,0,63,0,63,22,0,22,85
12/25/2006,RAL,CA,AWP,WE,Federal Contract Tower,0,0,3,0,3,0,0,25,0,25,0,0,28,0,28,40,0,40,68
12/26/2006,RAL,CA,AWP,WE,Federal Contract Tower,0,0,9,0,9,0,0,143,0,143,0,0,152,0,152,82,0,82,234
12/27/2006,RAL,CA,AWP,WE,Federal Contract Tower,0,0,11,0,11,0,0,25,0,25,0,0,36,0,36,72,0,72,108
12/28/2006,RAL,CA,AWP,WE,Federal Contract Tower,0,0,2,0,2,0,0,11,0,11,0,0,13,0,13,9,0,9,22
12/29/2006,RAL,CA,AWP,WE,Federal Contract Tower,0,0,10,0,10,0,2,38,2,42,0,2,48,2,52,24,0,24,76
12/30/2006,RAL,CA,AWP,WE,Federal Contract Tower,0,0,18,0,18,0,0,123,0,123,0,0,141,0,141,134,0,134,275
12/31/2006,RAL,CA,AWP,WE,Federal Contract Tower,0,0,7,0,7,0,0,100,0,100,0,0,107,0,107,43,0,43,150
01/01/2007,RAL,CA,AWP,WE,Federal Contract Tower,0,0,1,0,1,0,0,26,0,26,0,0,27,0,27,8,0,8,35
01/02/2007,RAL,CA,AWP,WE,Federal Contract Tower,0,0,1,0,1,0,0,56,0,56,0,0,57,0,57,24,0,24,81
01/03/2007,RAL,CA,AWP,WE,Federal Contract Tower,0,0,18,0,18,0,0,139,0,139,0,0,157,0,157,182,0,182,339
01/04/2007,RAL,CA,AWP,WE,Federal Contract Tower,0,0,34,0,34,0,0,93,0,93,0,0,127,0,127,118,0,118,245
01/05/2007,RAL,CA,AWP,WE,Federal Contract Tower,0,0,8,0,8,0,0,18,0,18,0,0,26,0,26,6,0,6,32
01/06/2007,RAL,CA,AWP,WE,Federal Contract Tower,0,0,11,0,11,0,0,109,0,109,0,0,120,0,120,92,0,92,212
01/07/2007,RAL,CA,AWP,WE,Federal Contract Tower,0,0,7,0,7,0,2,46,0,48,0,2,53,0,55,18,0,18,73
01/08/2007,RAL,CA,AWP,WE,Federal Contract Tower,0,0,3,0,3,0,2,63,0,65,0,2,66,0,68,36,0,36,104
01/09/2007,RAL,CA,AWP,WE,Federal Contract Tower,0,2,22,0,24,0,0,118,0,118,0,2,140,0,142,102,0,102,244
01/10/2007,RAL,CA,AWP,WE,Federal Contract Tower,0,0,14,0,14,0,0,158,0,158,0,0,172,0,172,170,0,170,342
01/11/2007,RAL,CA,AWP,WE,Federal Contract Tower,0,0,26,0,26,0,0,73,0,73,0,0,99,0,99,126,0,126,225
01/12/2007,RAL,CA,AWP,WE,Federal Contract Tower,0,0,9,0,9,0,2,84,0,86,0,2,93,0,95,36,0,36,131
01/13/2007,RAL,CA,AWP,WE,Federal Contract Tower,0,0,6,0,6,0,0,33,0,33,0,0,39,0,39,28,0,28,67
01/14/2007,RAL,CA,AWP,WE,Federal Contract Tower,0,0,12,0,12,0,0,112,0,112,0,0,124,0,124,99,0,99,223
01/15/2007,RAL,CA,AWP,WE,Federal Contract Tower,0,0,2,0,2,0,0,18,0,18,0,0,20,0,20,0,0,0,20
01/16/2007,RAL,CA,AWP,WE,Federal Contract Tower,0,1,14,0,15,0,1,97,0,98,0,2,111,0,113,84,0,84,197
01/17/2007,RAL,CA,AWP,WE,Federal Contract Tower,0,0,9,2,11,0,0,108,4,112,0,0,117,6,123,138,0,138,261
01/18/2007,RAL,CA,AWP,WE,Federal Contract Tower,0,0,8,0,8,0,0,46,0,46,0,0,54,0,54,46,0,46,100
01/19/2007,RAL,CA,AWP,WE,Federal Contract Tower,0,0,11,1,12,0,0,108,0,108,0,0,119,1,120,111,2,113,233
01/20/2007,RAL,CA,AWP,WE,Federal Contract Tower,0,0,15,1,16,0,0,184,3,187,0,0,199,4,203,105,0,105,308
01/21/2007,RAL,CA,AWP,WE,Federal Contract Tower,0,0,7,0,7,0,0,31,0,31,0,0,38,0,38,10,0,10,48
01/22/2007,RAL,CA,AWP,WE,Federal Contract Tower,0,0,5,0,5,0,0,33,0,33,0,0,38,0,38,18,0,18,56
01/23/2007,RAL,CA,AWP,WE,Federal Contract Tower,0,0,13,0,13,0,0,108,0,108,0,0,121,0,121,68,0,68,189
01/24/2007,RAL,CA,AWP,WE,Federal Contract Tower,0,0,14,0,14,0,4,118,0,122,0,4,132,0,136,68,0,68,204
01/25/2007,RAL,CA,AWP,WE,Federal Contract Tower,0,0,4,0,4,0,0,138,2,140,0,0,142,2,144,60,0,60,204
01/26/2007,RAL,CA,AWP,WE,Federal Contract Tower,0,0,14,0,14,0,0,110,0,110,0,0,124,0,124,72,0,72,196
01/27/2007,RAL,CA,AWP,WE,Federal Contract Tower,0,0,17,0,17,0,0,117,0,117,0,0,134,0,134,141,0,141,275
01/28/2007,RAL,CA,AWP,WE,Federal Contract Tower,0,0,6,0,6,0,0,89,0,89,0,0,95,0,95,69,0,69,164
01/29/2007,RAL,CA,AWP,WE,Federal Contract Tower,0,0,5,0,5,0,0,92,0,92,0,0,97,0,97,71,0,71,168
01/30/2007,RAL,CA,AWP,WE,Federal Contract Tower,0,0,11,1,12,0,0,49,1,50,0,0,60,2,62,32,0,32,94
01/31/2007,RAL,CA,AWP,WE,Federal Contract Tower,0,0,22,0,22,0,0,50,0,50,0,0,72,0,72,47,0,47,119
02/01/2007,RAL,CA,AWP,WE,Federal Contract Tower,0,0,22,2,24,0,0,91,0,91,0,0,113,2,115,138,0,138,253
02/02/2007,RAL,CA,AWP,WE,Federal Contract Tower,0,3,6,0,9,0,2,131,0,133,0,5,137,0,142,92,0,92,234
02/03/2007,RAL,CA,AWP,WE,Federal Contract Tower,0,0,10,0,10,0,0,154,0,154,0,0,164,0,164,146,0,146,310
02/04/2007,RAL,CA,AWP,WE,Federal Contract Tower,0,0,11,0,11,0,0,79,0,79,0,0,90,0,90,46,0,46,136
02/05/2007,RAL,CA,AWP,WE,Federal Contract Tower,0,0,5,0,5,0,0,109,0,109,0,0,114,0,114,46,0,46,160
02/06/2007,RAL,CA,AWP,WE,Federal Contract Tower,0,0,12,0,12,0,0,103,0,103,0,0,115,0,115,27,0,27,142
02/07/2007,RAL,CA,AWP,WE,Federal Contract Tower,0,0,7,0,7,0,0,59,0,59,0,0,66,0,66,42,0,42,108
02/08/2007,RAL,CA,AWP,WE,Federal Contract Tower,0,0,10,0,10,0,0,108,0,108,0,0,118,0,118,90,0,90,208
02/09/2007,RAL,CA,AWP,WE,Federal Contract Tower,0,0,7,0,7,0,0,154,0,154,0,0,161,0,161,136,0,136,297
02/10/2007,RAL,CA,AWP,WE,Federal Contract Tower,0,0,11,0,11,0,0,87,0,87,0,0,98,0,98,101,0,101,199
02/11/2007,RAL,CA,AWP,WE,Federal Contract Tower,0,0,11,0,11,0,0,29,0,29,0,0,40,0,40,10,0,10,50
02/12/2007,RAL,CA,AWP,WE,Federal Contract Tower,0,0,19,0,19,0,0,86,0,86,0,0,105,0,105,156,0,156,261
02/13/2007,RAL,CA,AWP,WE,Federal Contract Tower,0,0,10,0,10,0,0,88,0,88,0,0,98,0,98,53,0,53,151
02/14/2007,RAL,CA,AWP,WE,Federal Contract Tower,0,0,2,0,2,0,0,101,0,101,0,0,103,0,103,95,0,95,198
02/15/2007,RAL,CA,AWP,WE,Federal Contract Tower,0,0,10,0,10,0,0,120,0,120,0,0,130,0,130,100,0,100,230
02/16/2007,RAL,CA,AWP,WE,Federal Contract Tower,0,0,2,0,2,0,0,80,0,80,0,0,82,0,82,26,0,26,108
02/17/2007,RAL,CA,AWP,WE,Federal Contract Tower,0,0,4,0,4,0,0,57,0,57,0,0,61,0,61,85,0,85,146
02/18/2007,RAL,CA,AWP,WE,Federal Contract Tower,0,0,11,0,11,0,0,98,0,98,0,0,109,0,109,82,0,82,191
02/19/2007,RAL,CA,AWP,WE,Federal Contract Tower,0,0,3,0,3,0,0,46,0,46,0,0,49,0,49,71,0,71,120
02/20/2007,RAL,CA,AWP,WE,Federal Contract Tower,0,0,9,0,9,0,0,92,0,92,0,0,101,0,101,151,0,151,252
02/21/2007,RAL,CA,AWP,WE,Federal Contract Tower,0,0,11,0,11,0,0,105,0,105,0,0,116,0,116,242,0,242,358
02/22/2007,RAL,CA,AWP,WE,Federal Contract Tower,0,0,11,0,11,0,0,56,0,56,0,0,67,0,67,136,0,136,203
02/23/2007,RAL,CA,AWP,WE,Federal Contract Tower,0,0,5,0,5,0,2,88,0,90,0,2,93,0,95,98,0,98,193
02/24/2007,RAL,CA,AWP,WE,Federal Contract Tower,0,0,14,0,14,0,0,198,0,198,0,0,212,0,212,198,0,198,410
02/25/2007,RAL,CA,AWP,WE,Federal Contract Tower,0,0,13,0,13,0,2,90,0,92,0,2,103,0,105,84,0,84,189
02/26/2007,RAL,CA,AWP,WE,Federal Contract Tower,0,0,6,0,6,0,2,84,0,86,0,2,90,0,92,131,0,131,223
02/27/2007,RAL,CA,AWP,WE,Federal Contract Tower,0,0,15,0,15,0,0,41,0,41,0,0,56,0,56,73,0,73,129
02/28/2007,RAL,CA,AWP,WE,Federal Contract Tower,0,0,16,0,16,0,0,60,0,60,0,0,76,0,76,150,2,152,228
03/01/2007,RAL,CA,AWP,WE,Federal Contract Tower,0,2,18,0,20,0,2,120,0,122,0,4,138,0,142,107,0,107,249
03/02/2007,RAL,CA,AWP,WE,Federal Contract Tower,0,0,5,0,5,0,2,32,0,34,0,2,37,0,39,6,0,6,45
03/03/2007,RAL,CA,AWP,WE,Federal Contract Tower,0,0,3,0,3,0,0,48,0,48,0,0,51,0,51,50,0,50,101
03/04/2007,RAL,CA,AWP,WE,Federal Contract Tower,0,0,14,0,14,0,2,45,0,47,0,2,59,0,61,50,0,50,111
03/05/2007,RAL,CA,AWP,WE,Federal Contract Tower,0,0,10,0,10,0,2,84,0,86,0,2,94,0,96,44,0,44,140
03/06/2007,RAL,CA,AWP,WE,Federal Contract Tower,0,0,18,0,18,0,0,106,0,106,0,0,124,0,124,126,0,126,250
03/07/2007,RAL,CA,AWP,WE,Federal Contract Tower,0,0,8,0,8,0,0,117,0,117,0,0,125,0,125,113,0,113,238
03/08/2007,RAL,CA,AWP,WE,Federal Contract Tower,0,2,3,0,5,0,0,152,0,152,0,2,155,0,157,138,0,138,295
03/09/2007,RAL,CA,AWP,WE,Federal Contract Tower,0,0,11,0,11,0,2,117,0,119,0,2,128,0,130,144,0,144,274
03/10/2007,RAL,CA,AWP,WE,Federal Contract Tower,0,0,18,0,18,0,0,143,0,143,0,0,161,0,161,120,0,120,281
03/11/2007,RAL,CA,AWP,WE,Federal Contract Tower,0,0,7,0,7,0,2,61,0,63,0,2,68,0,70,34,0,34,104
03/12/2007,RAL,CA,AWP,WE,Federal Contract Tower,0,0,5,0,5,0,2,112,0,114,0,2,117,0,119,108,0,108,227
03/13/2007,RAL,CA,AWP,WE,Federal Contract Tower,0,0,10,0,10,0,0,127,0,127,0,0,137,0,137,81,0,81,218
03/14/2007,RAL,CA,AWP,WE,Federal Contract Tower,0,0,5,0,5,0,0,94,0,94,0,0,99,0,99,37,0,37,136
03/15/2007,RAL,CA,AWP,WE,Federal Contract Tower,0,0,11,0,11,0,0,110,0,110,0,0,121,0,121,88,0,88,209
03/16/2007,RAL,CA,AWP,WE,Federal Contract Tower,0,0,8,0,8,0,2,104,0,106,0,2,112,0,114,140,0,140,254
03/17/2007,RAL,CA,AWP,WE,Federal Contract Tower,0,0,9,0,9,0,0,104,0,104,0,0,113,0,113,68,0,68,181
03/18/2007,RAL,CA,AWP,WE,Federal Contract Tower,0,0,9,0,9,0,2,49,0,51,0,2,58,0,60,64,0,64,124
03/19/2007,RAL,CA,AWP,WE,Federal Contract Tower,0,0,14,0,14,0,2,52,0,54,0,2,66,0,68,121,0,121,189
03/20/2007,RAL,CA,AWP,WE,Federal Contract Tower,0,0,13,0,13,0,1,27,0,28,0,1,40,0,41,112,0,112,153
03/21/2007,RAL,CA,AWP,WE,Federal Contract Tower,0,0,8,0,8,0,0,82,0,82,0,0,90,0,90,187,0,187,277
03/22/2007,RAL,CA,AWP,WE,Federal Contract Tower,0,0,8,0,8,0,0,81,0,81,0,0,89,0,89,65,0,65,154
03/23/2007,RAL,CA,AWP,WE,Federal Contract Tower,0,0,11,0,11,0,3,151,0,154,0,3,162,0,165,185,0,185,350
03/24/2007,RAL,CA,AWP,WE,Federal Contract Tower,0,0,17,0,17,0,0,120,0,120,0,0,137,0,137,206,0,206,343
03/25/2007,RAL,CA,AWP,WE,Federal Contract Tower,0,0,17,0,17,0,2,95,2,99,0,2,112,2,116,102,0,102,218
03/26/2007,RAL,CA,AWP,WE,Federal Contract Tower,0,0,5,0,5,0,2,23,0,25,0,2,28,0,30,84,0,84,114
03/27/2007,RAL,CA,AWP,WE,Federal Contract Tower,0,0,0,0,0,0,0,33,0,33,0,0,33,0,33,10,0,10,43
03/28/2007,RAL,CA,AWP,WE,Federal Contract Tower,0,0,7,2,9,0,0,110,0,110,0,0,117,2,119,94,0,94,213
03/29/2007,RAL,CA,AWP,WE,Federal Contract Tower,0,4,8,1,13,0,0,110,0,110,0,4,118,1,123,56,4,60,183
03/30/2007,RAL,CA,AWP,WE,Federal Contract Tower,0,0,15,5,20,0,2,167,5,174,0,2,182,10,194,91,10,101,295
03/31/2007,RAL,CA,AWP,WE,Federal Contract Tower,0,0,2,2,4,0,0,145,0,145,0,0,147,2,149,32,0,32,181
04/01/2007,RAL,CA,AWP,WE,Federal Contract Tower,0,0,19,3,22,0,2,111,2,115,0,2,130,5,137,114,2,116,253
04/02/2007,RAL,CA,AWP,WE,Federal Contract Tower,0,0,7,3,10,0,2,143,2,147,0,2,150,5,157,164,8,172,329
04/03/2007,RAL,CA,AWP,WE,Federal Contract Tower,0,0,21,0,21,0,0,79,0,79,0,0,100,0,100,158,2,160,260
04/04/2007,RAL,CA,AWP,WE,Federal Contract Tower,0,0,21,0,21,0,0,97,0,97,0,0,118,0,118,210,0,210,328
04/05/2007,RAL,CA,AWP,WE,Federal Contract Tower,0,0,22,2,24,0,0,85,0,85,0,0,107,2,109,175,0,175,284
04/06/2007,RAL,CA,AWP,WE,Federal Contract Tower,0,2,15,0,17,0,0,69,0,69,0,2,84,0,86,204,0,204,290
04/07/2007,RAL,CA,AWP,WE,Federal Contract Tower,0,0,37,0,37,0,0,31,0,31,0,0,68,0,68,151,0,151,219
04/08/2007,RAL,CA,AWP,WE,Federal Contract Tower,0,2,20,0,22,0,0,15,0,15,0,2,35,0,37,24,0,24,61
04/09/2007,RAL,CA,AWP,WE,Federal Contract Tower,0,1,15,0,16,0,1,69,0,70,0,2,84,0,86,126,0,126,212
04/10/2007,RAL,CA,AWP,WE,Federal Contract Tower,0,0,16,0,16,0,0,135,0,135,0,0,151,0,151,194,0,194,345
04/11/2007,RAL,CA,AWP,WE,Federal Contract Tower,0,0,13,0,13,0,0,99,0,99,0,0,112,0,112,91,0,91,203
04/12/2007,RAL,CA,AWP,WE,Federal Contract Tower,0,0,9,0,9,0,0,57,0,57,0,0,66,0,66,53,0,53,119
04/13/2007,RAL,CA,AWP,WE,Federal Contract Tower,0,0,6,0,6,0,2,76,0,78,0,2,82,0,84,42,0,42,126
04/14/2007,RAL,CA,AWP,WE,Federal Contract Tower,0,0,11,0,11,0,0,152,0,152,0,0,163,0,163,131,0,131,294
04/15/2007,RAL,CA,AWP,WE,Federal Contract Tower,0,2,13,0,15,0,0,57,0,57,0,2,70,0,72,58,0,58,130
04/16/2007,RAL,CA,AWP,WE,Federal Contract Tower,0,2,19,0,21,0,0,95,0,95,0,2,114,0,116,76,0,76,192
04/17/2007,RAL,CA,AWP,WE,Federal Contract Tower,0,0,13,0,13,0,0,99,0,99,0,0,112,0,112,30,0,30,142
04/18/2007,RAL,CA,AWP,WE,Federal Contract Tower,0,0,15,0,15,0,0,95,0,95,0,0,110,0,110,120,0,120,230
04/19/2007,RAL,CA,AWP,WE,Federal Contract Tower,0,0,22,0,22,0,0,157,0,157,0,0,179,0,179,174,4,178,357
04/20/2007,RAL,CA,AWP,WE,Federal Contract Tower,0,4,12,0,16,0,0,9,0,9,0,4,21,0,25,0,0,0,25
04/21/2007,RAL,CA,AWP,WE,Federal Contract Tower,0,4,29,0,33,0,0,98,0,98,0,4,127,0,131,142,0,142,273
04/22/2007,RAL,CA,AWP,WE,Federal Contract Tower,0,2,16,0,18,0,2,53,0,55,0,4,69,0,73,110,0,110,183
04/23/2007,RAL,CA,AWP,WE,Federal Contract Tower,0,0,13,0,13,0,0,107,2,109,0,0,120,2,122,118,0,118,240
04/24/2007,RAL,CA,AWP,WE,Federal Contract Tower,0,0,22,0,22,0,0,141,2,143,0,0,163,2,165,176,0,176,341
04/25/2007,RAL,CA,AWP,WE,Federal Contract Tower,0,0,7,0,7,0,0,182,0,182,0,0,189,0,189,277,0,277,466
04/26/2007,RAL,CA,AWP,WE,Federal Contract Tower,0,0,23,0,23,0,0,121,0,121,0,0,144,0,144,164,0,164,308
04/27/2007,RAL,CA,AWP,WE,Federal Contract Tower,0,0,11,1,12,0,0,165,1,166,0,0,176,2,178,277,0,277,455
04/28/2007,RAL,CA,AWP,WE,Federal Contract Tower,0,0,19,0,19,0,0,163,0,163,0,0,182,0,182,200,0,200,382
04/29/2007,RAL,CA,AWP,WE,Federal Contract Tower,0,0,16,0,16,0,0,79,0,79,0,0,95,0,95,75,0,75,170
04/30/2007,RAL,CA,AWP,WE,Federal Contract Tower,0,0,15,0,15,0,2,84,0,86,0,2,99,0,101,151,0,151,252
05/01/2007,RAL,CA,AWP,WE,Federal Contract Tower,0,0,32,0,32,0,0,26,0,26,0,0,58,0,58,105,0,105,163
05/02/2007,RAL,CA,AWP,WE,Federal Contract Tower,0,0,18,0,18,0,0,94,0,94,0,0,112,0,112,224,0,224,336
05/03/2007,RAL,CA,AWP,WE,Federal Contract Tower,0,2,19,0,21,0,0,68,0,68,0,2,87,0,89,104,0,104,193
05/04/2007,RAL,CA,AWP,WE,Federal Contract Tower,0,2,12,0,14,0,0,88,0,88,0,2,100,0,102,104,0,104,206
05/05/2007,RAL,CA,AWP,WE,Federal Contract Tower,0,0,9,0,9,0,0,62,0,62,0,0,71,0,71,110,0,110,181
05/06/2007,RAL,CA,AWP,WE,Federal Contract Tower,0,0,5,0,5,0,0,24,0,24,0,0,29,0,29,32,0,32,61
05/07/2007,RAL,CA,AWP,WE,Federal Contract Tower,0,0,10,0,10,0,0,72,0,72,0,0,82,0,82,55,0,55,137
05/08/2007,RAL,CA,AWP,WE,Federal Contract Tower,0,0,14,0,14,0,0,104,0,104,0,0,118,0,118,140,0,140,258
05/09/2007,RAL,CA,AWP,WE,Federal Contract Tower,0,0,13,0,13,0,0,124,0,124,0,0,137,0,137,144,0,144,281
05/10/2007,RAL,CA,AWP,WE,Federal Contract Tower,0,0,12,0,12,0,0,123,0,123,0,0,135,0,135,84,0,84,219
05/11/2007,RAL,CA,AWP,WE,Federal Contract Tower,0,2,13,0,15,0,0,114,0,114,0,2,127,0,129,92,0,92,221
05/12/2007,RAL,CA,AWP,WE,Federal Contract Tower,0,0,19,0,19,0,2,120,0,122,0,2,139,0,141,102,0,102,243
05/13/2007,RAL,CA,AWP,WE,Federal Contract Tower,0,0,12,0,12,0,0,84,0,84,0,0,96,0,96,129,0,129,225
05/14/2007,RAL,CA,AWP,WE,Federal Contract Tower,0,0,24,0,24,0,0,90,0,90,0,0,114,0,114,161,0,161,275
05/15/2007,RAL,CA,AWP,WE,Federal Contract Tower,0,0,29,0,29,0,0,72,0,72,0,0,101,0,101,101,0,101,202
05/16/2007,RAL,CA,AWP,WE,Federal Contract Tower,0,0,26,0,26,0,0,71,0,71,0,0,97,0,97,156,0,156,253
05/17/2007,RAL,CA,AWP,WE,Federal Contract Tower,0,0,23,0,23,0,0,61,0,61,0,0,84,0,84,86,0,86,170
05/18/2007,RAL,CA,AWP,WE,Federal Contract Tower,0,2,39,0,41,0,0,57,0,57,0,2,96,0,98,136,0,136,234
05/19/2007,RAL,CA,AWP,WE,Federal Contract Tower,0,0,30,0,30,0,0,53,0,53,0,0,83,0,83,92,0,92,175
05/20/2007,RAL,CA,AWP,WE,Federal Contract Tower,0,2,25,0,27,0,0,88,0,88,0,2,113,0,115,120,0,120,235
05/21/2007,RAL,CA,AWP,WE,Federal Contract Tower,0,0,38,0,38,0,0,32,0,32,0,0,70,0,70,75,0,75,145
05/22/2007,RAL,CA,AWP,WE,Federal Contract Tower,0,3,21,0,24,0,0,88,0,88,0,3,109,0,112,156,0,156,268
05/23/2007,RAL,CA,AWP,WE,Federal Contract Tower,0,0,21,0,21,0,0,107,2,109,0,0,128,2,130,114,0,114,244
05/24/2007,RAL,CA,AWP,WE,Federal Contract Tower,0,0,12,2,14,0,0,91,4,95,0,0,103,6,109,142,4,146,255
05/25/2007,RAL,CA,AWP,WE,Federal Contract Tower,0,2,14,0,16,0,4,112,0,116,0,6,126,0,132,208,0,208,340
05/26/2007,RAL,CA,AWP,WE,Federal Contract Tower,0,0,30,0,30,0,0,104,0,104,0,0,134,0,134,54,0,54,188
05/27/2007,RAL,CA,AWP,WE,Federal Contract Tower,0,0,28,0,28,0,0,72,0,72,0,0,100,0,100,57,0,57,157
05/28/2007,RAL,CA,AWP,WE,Federal Contract Tower,0,2,20,0,22,0,2,95,0,97,0,4,115,0,119,53,0,53,172
05/29/2007,RAL,CA,AWP,WE,Federal Contract Tower,0,1,28,0,29,0,1,87,0,88,0,2,115,0,117,84,0,84,201
05/30/2007,RAL,CA,AWP,WE,Federal Contract Tower,0,0,26,1,27,0,0,89,1,90,0,0,115,2,117,88,0,88,205
05/31/2007,RAL,CA,AWP,WE,Federal Contract Tower,0,0,31,0,31,0,0,80,0,80,0,0,111,0,111,114,0,114,225
06/01/2007,RAL,CA,AWP,WE,Federal Contract Tower,0,0,27,0,27,0,0,77,0,77,0,0,104,0,104,178,0,178,282
06/02/2007,RAL,CA,AWP,WE,Federal Contract Tower,0,0,28,0,28,0,0,102,0,102,0,0,130,0,130,109,0,109,239
06/03/2007,RAL,CA,AWP,WE,Federal Contract Tower,0,0,24,0,24,0,0,55,0,55,0,0,79,0,79,74,0,74,153
06/04/2007,RAL,CA,AWP,WE,Federal Contract Tower,0,0,27,0,27,0,0,72,0,72,0,0,99,0,99,50,0,50,149
06/05/2007,RAL,CA,AWP,WE,Federal Contract Tower,0,0,29,0,29,0,0,41,0,41,0,0,70,0,70,152,0,152,222
06/06/2007,RAL,CA,AWP,WE,Federal Contract Tower,0,2,19,0,21,0,0,70,0,70,0,2,89,0,91,200,0,200,291
06/07/2007,RAL,CA,AWP,WE,Federal Contract Tower,0,2,18,0,20,0,0,89,0,89,0,2,107,0,109,133,0,133,242
06/08/2007,RAL,CA,AWP,WE,Federal Contract Tower,0,0,21,0,21,0,0,108,0,108,0,0,129,0,129,148,0,148,277
06/09/2007,RAL,CA,AWP,WE,Federal Contract Tower,0,2,21,0,23,0,0,76,0,76,0,2,97,0,99,98,0,98,197
06/10/2007,RAL,CA,AWP,WE,Federal Contract Tower,0,0,22,0,22,0,0,106,0,106,0,0,128,0,128,130,0,130,258
06/11/2007,RAL,CA,AWP,WE,Federal Contract Tower,0,0,27,0,27,0,0,85,0,85,0,0,112,0,112,100,0,100,212
06/12/2007,RAL,CA,AWP,WE,Federal Contract Tower,0,4,16,0,20,0,0,107,0,107,0,4,123,0,127,196,0,196,323
06/13/2007,RAL,CA,AWP,WE,Federal Contract Tower,0,0,19,0,19,0,0,91,0,91,0,0,110,0,110,134,0,134,244
06/14/2007,RAL,CA,AWP,WE,Federal Contract Tower,0,1,12,0,13,0,1,116,0,117,0,2,128,0,130,164,0,164,294
06/15/2007,RAL,CA,AWP,WE,Federal Contract Tower,0,0,12,0,12,0,0,115,0,115,0,0,127,0,127,168,0,168,295
06/16/2007,RAL,CA,AWP,WE,Federal Contract Tower,0,0,11,0,11,0,2,133,0,135,0,2,144,0,146,73,0,73,219
06/17/2007,RAL,CA,AWP,WE,Federal Contract Tower,0,0,19,0,19,0,0,59,0,59,0,0,78,0,78,82,0,82,160
06/18/2007,RAL,CA,AWP,WE,Federal Contract Tower,0,0,22,0,22,0,0,82,0,82,0,0,104,0,104,106,0,106,210
06/19/2007,RAL,CA,AWP,WE,Federal Contract Tower,0,0,14,0,14,0,0,83,0,83,0,0,97,0,97,90,0,90,187
06/20/2007,RAL,CA,AWP,WE,Federal Contract Tower,0,2,12,0,14,0,0,120,0,120,0,2,132,0,134,106,0,106,240
06/21/2007,RAL,CA,AWP,WE,Federal Contract Tower,0,2,18,0,20,0,0,134,0,134,0,2,152,0,154,148,2,150,304
06/22/2007,RAL,CA,AWP,WE,Federal Contract Tower,0,2,12,0,14,0,0,146,0,146,0,2,158,0,160,195,0,195,355
06/23/2007,RAL,CA,AWP,WE,Federal Contract Tower,0,0,12,0,12,0,0,134,0,134,0,0,146,0,146,104,0,104,250
06/24/2007,RAL,CA,AWP,WE,Federal Contract Tower,0,0,8,0,8,0,0,77,0,77,0,0,85,0,85,88,0,88,173
06/25/2007,RAL,CA,AWP,WE,Federal Contract Tower,0,0,20,0,20,0,0,94,0,94,0,0,114,0,114,140,0,140,254
06/26/2007,RAL,CA,AWP,WE,Federal Contract Tower,0,2,21,1,24,0,0,114,3,117,0,2,135,4,141,122,0,122,263
06/27/2007,RAL,CA,AWP,WE,Federal Contract Tower,0,0,17,0,17,0,0,111,0,111,0,0,128,0,128,182,0,182,310
06/28/2007,RAL,CA,AWP,WE,Federal Contract Tower,0,0,22,0,22,0,0,127,0,127,0,0,149,0,149,130,0,130,279
06/29/2007,RAL,CA,AWP,WE,Federal Contract Tower,0,2,12,0,14,0,0,131,0,131,0,2,143,0,145,170,0,170,315
06/30/2007,RAL,CA,AWP,WE,Federal Contract Tower,0,1,10,0,11,0,0,160,0,160,0,1,170,0,171,127,0,127,298
07/01/2007,RAL,CA,AWP,WE,Federal Contract Tower,0,2,14,0,16,0,0,69,0,69,0,2,83,0,85,43,0,43,128
07/02/2007,RAL,CA,AWP,WE,Federal Contract Tower,0,1,19,0,20,0,0,116,0,116,0,1,135,0,136,177,0,177,313
07/03/2007,RAL,CA,AWP,WE,Federal Contract Tower,0,2,16,0,18,0,0,110,0,110,0,2,126,0,128,148,0,148,276
07/04/2007,RAL,CA,AWP,WE,Federal Contract Tower,0,0,12,0,12,0,0,68,0,68,0,0,80,0,80,51,0,51,131
07/05/2007,RAL,CA,AWP,WE,Federal Contract Tower,0,5,16,0,21,0,0,103,0,103,0,5,119,0,124,146,0,146,270
07/06/2007,RAL,CA,AWP,WE,Federal Contract Tower,0,0,21,0,21,0,0,122,0,122,0,0,143,0,143,160,0,160,303
07/07/2007,RAL,CA,AWP,WE,Federal Contract Tower,0,4,16,0,20,0,0,111,0,111,0,4,127,0,131,182,0,182,313
07/08/2007,RAL,CA,AWP,WE,Federal Contract Tower,0,0,11,0,11,0,0,97,0,97,0,0,108,0,108,55,0,55,163
07/09/2007,RAL,CA,AWP,WE,Federal Contract Tower,0,0,25,0,25,0,0,57,0,57,0,0,82,0,82,145,0,145,227
07/10/2007,RAL,CA,AWP,WE,Federal Contract Tower,0,0,16,0,16,0,0,80,0,80,0,0,96,0,96,112,0,112,208
07/11/2007,RAL,CA,AWP,WE,Federal Contract Tower,0,1,17,0,18,0,1,93,0,94,0,2,110,0,112,184,0,184,296
07/12/2007,RAL,CA,AWP,WE,Federal Contract Tower,0,0,13,0,13,0,0,118,13,131,0,0,131,13,144,183,4,187,331
07/13/2007,RAL,CA,AWP,WE,Federal Contract Tower,0,0,14,0,14,0,0,129,0,129,0,0,143,0,143,100,0,100,243
07/14/2007,RAL,CA,AWP,WE,Federal Contract Tower,0,0,14,0,14,0,0,139,0,139,0,0,153,0,153,100,0,100,253
07/15/2007,RAL,CA,AWP,WE,Federal Contract Tower,0,0,13,0,13,0,0,119,0,119,0,0,132,0,132,42,0,42,174
07/16/2007,RAL,CA,AWP,WE,Federal Contract Tower,0,0,10,0,10,0,0,105,0,105,0,0,115,0,115,78,0,78,193
07/17/2007,RAL,CA,AWP,WE,Federal Contract Tower,0,0,13,0,13,0,0,55,0,55,0,0,68,0,68,77,0,77,145
07/18/2007,RAL,CA,AWP,WE,Federal Contract Tower,0,0,11,0,11,0,0,88,0,88,0,0,99,0,99,152,0,152,251
07/19/2007,RAL,CA,AWP,WE,Federal Contract Tower,0,0,11,0,11,0,0,109,0,109,0,0,120,0,120,74,0,74,194
07/20/2007,RAL,CA,AWP,WE,Federal Contract Tower,0,0,20,0,20,0,0,149,0,149,0,0,169,0,169,124,18,142,311
07/21/2007,RAL,CA,AWP,WE,Federal Contract Tower,0,2,24,0,26,0,0,95,0,95,0,2,119,0,121,98,0,98,219
07/22/2007,RAL,CA,AWP,WE,Federal Contract Tower,0,0,9,0,9,0,0,104,0,104,0,0,113,0,113,112,0,112,225
07/23/2007,RAL,CA,AWP,WE,Federal Contract Tower,0,0,8,0,8,0,0,84,0,84,0,0,92,0,92,96,0,96,188
07/24/2007,RAL,CA,AWP,WE,Federal Contract Tower,0,0,13,1,14,0,0,127,0,127,0,0,140,1,141,102,0,102,243
07/25/2007,RAL,CA,AWP,WE,Federal Contract Tower,0,0,11,0,11,0,0,95,0,95,0,0,106,0,106,232,0,232,338
07/26/2007,RAL,CA,AWP,WE,Federal Contract Tower,0,3,15,0,18,0,0,109,0,109,0,3,124,0,127,124,0,124,251
07/27/2007,RAL,CA,AWP,WE,Federal Contract Tower,0,1,20,0,21,0,0,126,0,126,0,1,146,0,147,132,0,132,279
07/28/2007,RAL,CA,AWP,WE,Federal Contract Tower,0,0,11,0,11,0,0,117,0,117,0,0,128,0,128,101,0,101,229
07/29/2007,RAL,CA,AWP,WE,Federal Contract Tower,0,0,13,0,13,0,0,115,0,115,0,0,128,0,128,124,0,124,252
07/30/2007,RAL,CA,AWP,WE,Federal Contract Tower,0,1,8,0,9,0,0,88,0,88,0,1,96,0,97,101,0,101,198
07/31/2007,RAL,CA,AWP,WE,Federal Contract Tower,0,0,18,0,18,0,0,94,0,94,0,0,112,0,112,182,0,182,294
08/01/2007,RAL,CA,AWP,WE,Federal Contract Tower,0,2,11,0,13,0,0,63,0,63,0,2,74,0,76,148,0,148,224
08/02/2007,RAL,CA,AWP,WE,Federal Contract Tower,0,1,14,0,15,0,0,103,0,103,0,1,117,0,118,74,0,74,192
08/03/2007,RAL,CA,AWP,WE,Federal Contract Tower,0,0,15,0,15,0,0,92,1,93,0,0,107,1,108,85,0,85,193
08/04/2007,RAL,CA,AWP,WE,Federal Contract Tower,0,0,12,0,12,0,0,151,0,151,0,0,163,0,163,202,0,202,365
08/05/2007,RAL,CA,AWP,WE,Federal Contract Tower,0,1,22,0,23,0,0,79,2,81,0,1,101,2,104,111,0,111,215
08/06/2007,RAL,CA,AWP,WE,Federal Contract Tower,0,0,19,0,19,0,0,95,0,95,0,0,114,0,114,53,0,53,167
08/07/2007,RAL,CA,AWP,WE,Federal Contract Tower,0,0,20,0,20,0,0,92,0,92,0,0,112,0,112,80,0,80,192
08/08/2007,RAL,CA,AWP,WE,Federal Contract Tower,0,0,14,0,14,0,0,90,0,90,0,0,104,0,104,92,0,92,196
08/09/2007,RAL,CA,AWP,WE,Federal Contract Tower,0,0,16,0,16,0,0,121,0,121,0,0,137,0,137,154,0,154,291
08/10/2007,RAL,CA,AWP,WE,Federal Contract Tower,0,2,32,0,34,0,0,75,0,75,0,2,107,0,109,85,0,85,194
08/11/2007,RAL,CA,AWP,WE,Federal Contract Tower,0,0,22,0,22,0,0,142,0,142,0,0,164,0,164,221,0,221,385
08/12/2007,RAL,CA,AWP,WE,Federal Contract Tower,0,0,14,0,14,0,0,87,0,87,0,0,101,0,101,73,0,73,174
08/13/2007,RAL,CA,AWP,WE,Federal Contract Tower,0,2,12,1,15,0,0,119,0,119,0,2,131,1,134,184,4,188,322
08/14/2007,RAL,CA,AWP,WE,Federal Contract Tower,0,2,7,0,9,0,0,105,0,105,0,2,112,0,114,94,0,94,208
08/15/2007,RAL,CA,AWP,WE,Federal Contract Tower,0,0,7,0,7,0,0,110,0,110,0,0,117,0,117,153,0,153,270
08/16/2007,RAL,CA,AWP,WE,Federal Contract Tower,0,0,32,0,32,0,0,100,0,100,0,0,132,0,132,138,0,138,270
08/17/2007,RAL,CA,AWP,WE,Federal Contract Tower,0,2,29,0,31,0,0,128,0,128,0,2,157,0,159,207,0,207,366
08/18/2007,RAL,CA,AWP,WE,Federal Contract Tower,0,0,10,0,10,0,0,83,0,83,0,0,93,0,93,75,0,75,168
08/19/2007,RAL,CA,AWP,WE,Federal Contract Tower,0,0,11,0,11,0,0,101,0,101,0,0,112,0,112,61,0,61,173
08/20/2007,RAL,CA,AWP,WE,Federal Contract Tower,0,2,16,0,18,0,1,105,0,106,0,3,121,0,124,102,0,102,226
08/21/2007,RAL,CA,AWP,WE,Federal Contract Tower,0,0,19,0,19,0,0,102,0,102,0,0,121,0,121,140,0,140,261
08/22/2007,RAL,CA,AWP,WE,Federal Contract Tower,0,4,6,0,10,0,0,116,0,116,0,4,122,0,126,216,0,216,342
08/23/2007,RAL,CA,AWP,WE,Federal Contract Tower,0,0,20,0,20,0,0,103,0,103,0,0,123,0,123,143,0,143,266
08/24/2007,RAL,CA,AWP,WE,Federal Contract Tower,0,0,12,0,12,0,0,114,0,114,0,0,126,0,126,120,0,120,246
08/25/2007,RAL,CA,AWP,WE,Federal Contract Tower,0,0,8,0,8,0,0,103,0,103,0,0,111,0,111,131,0,131,242
08/26/2007,RAL,CA,AWP,WE,Federal Contract Tower,0,0,7,0,7,0,0,92,0,92,0,0,99,0,99,89,0,89,188
08/27/2007,RAL,CA,AWP,WE,Federal Contract Tower,0,4,7,0,11,0,0,89,0,89,0,4,96,0,100,143,0,143,243
08/28/2007,RAL,CA,AWP,WE,Federal Contract Tower,0,0,15,0,15,0,0,99,0,99,0,0,114,0,114,167,0,167,281
08/29/2007,RAL,CA,AWP,WE,Federal Contract Tower,0,2,17,0,19,0,0,100,0,100,0,2,117,0,119,153,0,153,272
08/30/2007,RAL,CA,AWP,WE,Federal Contract Tower,0,0,8,0,8,0,0,90,0,90,0,0,98,0,98,95,0,95,193
08/31/2007,RAL,CA,AWP,WE,Federal Contract Tower,0,0,12,0,12,0,0,96,0,96,0,0,108,0,108,147,0,147,255
09/01/2007,RAL,CA,AWP,WE,Federal Contract Tower,0,0,5,0,5,0,0,95,0,95,0,0,100,0,100,96,0,96,196
09/02/2007,RAL,CA,AWP,WE,Federal Contract Tower,0,2,7,0,9,0,0,52,0,52,0,2,59,0,61,23,0,23,84
09/03/2007,RAL,CA,AWP,WE,Federal Contract Tower,0,0,6,0,6,0,0,62,0,62,0,0,68,0,68,47,0,47,115
09/04/2007,RAL,CA,AWP,WE,Federal Contract Tower,0,0,8,0,8,0,0,57,0,57,0,0,65,0,65,52,0,52,117
09/05/2007,RAL,CA,AWP,WE,Federal Contract Tower,0,1,7,0,8,0,0,95,0,95,0,1,102,0,103,97,0,97,200
09/06/2007,RAL,CA,AWP,WE,Federal Contract Tower,0,0,15,0,15,0,0,85,0,85,0,0,100,0,100,106,0,106,206
09/07/2007,RAL,CA,AWP,WE,Federal Contract Tower,0,0,17,0,17,0,0,129,0,129,0,0,146,0,146,122,0,122,268
09/08/2007,RAL,CA,AWP,WE,Federal Contract Tower,0,0,16,0,16,0,0,128,0,128,0,0,144,0,144,71,0,71,215
09/09/2007,RAL,CA,AWP,WE,Federal Contract Tower,0,0,6,0,6,0,0,101,0,101,0,0,107,0,107,62,0,62,169
09/10/2007,RAL,CA,AWP,WE,Federal Contract Tower,0,0,8,0,8,0,0,116,0,116,0,0,124,0,124,115,0,115,239
09/11/2007,RAL,CA,AWP,WE,Federal Contract Tower,0,1,13,0,14,0,0,127,0,127,0,1,140,0,141,120,0,120,261
09/12/2007,RAL,CA,AWP,WE,Federal Contract Tower,0,0,9,0,9,0,0,149,0,149,0,0,158,0,158,179,6,185,343
09/13/2007,RAL,CA,AWP,WE,Federal Contract Tower,0,0,12,0,12,0,0,148,0,148,0,0,160,0,160,144,0,144,304
09/14/2007,RAL,CA,AWP,WE,Federal Contract Tower,0,0,11,0,11,0,0,169,0,169,0,0,180,0,180,102,0,102,282
09/15/2007,RAL,CA,AWP,WE,Federal Contract Tower,0,0,5,0,5,0,0,111,0,111,0,0,116,0,116,166,0,166,282
09/16/2007,RAL,CA,AWP,WE,Federal Contract Tower,0,0,11,0,11,0,0,96,0,96,0,0,107,0,107,78,0,78,185
09/17/2007,RAL,CA,AWP,WE,Federal Contract Tower,0,1,12,0,13,0,0,82,0,82,0,1,94,0,95,55,0,55,150
09/18/2007,RAL,CA,AWP,WE,Federal Contract Tower,0,2,15,0,17,0,0,83,2,85,0,2,98,2,102,80,0,80,182
09/19/2007,RAL,CA,AWP,WE,Federal Contract Tower,0,1,16,0,17,0,0,88,2,90,0,1,104,2,107,175,0,175,282
09/20/2007,RAL,CA,AWP,WE,Federal Contract Tower,0,0,10,2,12,0,0,85,0,85,0,0,95,2,97,139,0,139,236
09/21/2007,RAL,CA,AWP,WE,Federal Contract Tower,0,0,14,0,14,0,0,98,0,98,0,0,112,0,112,134,0,134,246
09/22/2007,RAL,CA,AWP,WE,Federal Contract Tower,0,0,17,0,17,0,0,18,0,18,0,0,35,0,35,24,0,24,59
09/23/2007,RAL,CA,AWP,WE,Federal Contract Tower,0,0,10,0,10,0,0,95,0,95,0,0,105,0,105,83,0,83,188
09/24/2007,RAL,CA,AWP,WE,Federal Contract Tower,0,0,18,0,18,0,0,108,0,108,0,0,126,0,126,115,0,115,241
09/25/2007,RAL,CA,AWP,WE,Federal Contract Tower,0,0,17,0,17,0,0,140,0,140,0,0,157,0,157,202,0,202,359
09/26/2007,RAL,CA,AWP,WE,Federal Contract Tower,0,0,11,0,11,0,0,129,0,129,0,0,140,0,140,96,0,96,236
09/27/2007,RAL,CA,AWP,WE,Federal Contract Tower,0,0,16,0,16,0,0,110,0,110,0,0,126,0,126,161,0,161,287
09/28/2007,RAL,CA,AWP,WE,Federal Contract Tower,0,2,41,0,43,0,1,69,0,70,0,3,110,0,113,180,0,180,293
09/29/2007,RAL,CA,AWP,WE,Federal Contract Tower,0,0,12,0,12,0,0,109,0,109,0,0,121,0,121,89,0,89,210
09/30/2007,RAL,CA,AWP,WE,Federal Contract Tower,0,0,9,0,9,0,0,93,0,93,0,0,102,0,102,93,0,93,195
10/01/2007,RAL,CA,AWP,WE,Federal Contract Tower,0,0,17,0,17,0,0,113,0,113,0,0,130,0,130,92,0,92,222
10/02/2007,RAL,CA,AWP,WE,Federal Contract Tower,0,0,12,0,12,0,0,123,0,123,0,0,135,0,135,156,0,156,291
10/03/2007,RAL,CA,AWP,WE,Federal Contract Tower,0,0,10,0,10,0,0,96,0,96,0,0,106,0,106,210,0,210,316
10/04/2007,RAL,CA,AWP,WE,Federal Contract Tower,0,0,13,1,14,0,0,133,1,134,0,0,146,2,148,131,0,131,279
10/05/2007,RAL,CA,AWP,WE,Federal Contract Tower,0,0,22,0,22,0,2,66,0,68,0,2,88,0,90,104,0,104,194
10/06/2007,RAL,CA,AWP,WE,Federal Contract Tower,0,0,9,0,9,0,0,86,0,86,0,0,95,0,95,109,0,109,204
10/07/2007,RAL,CA,AWP,WE,Federal Contract Tower,0,0,5,0,5,0,0,39,0,39,0,0,44,0,44,2,0,2,46
10/08/2007,RAL,CA,AWP,WE,Federal Contract Tower,0,0,16,0,16,0,0,124,0,124,0,0,140,0,140,158,0,158,298
10/09/2007,RAL,CA,AWP,WE,Federal Contract Tower,0,0,22,0,22,0,0,153,0,153,0,0,175,0,175,121,0,121,296
10/10/2007,RAL,CA,AWP,WE,Federal Contract Tower,0,0,16,0,16,0,0,117,0,117,0,0,133,0,133,103,0,103,236
10/11/2007,RAL,CA,AWP,WE,Federal Contract Tower,0,2,13,0,15,0,0,140,0,140,0,2,153,0,155,132,0,132,287
10/12/2007,RAL,CA,AWP,WE,Federal Contract Tower,0,0,31,0,31,0,0,45,0,45,0,0,76,0,76,78,0,78,154
10/13/2007,RAL,CA,AWP,WE,Federal Contract Tower,0,1,22,0,23,0,0,100,0,100,0,1,122,0,123,58,2,60,183
10/14/2007,RAL,CA,AWP,WE,Federal Contract Tower,0,0,3,0,3,0,0,87,0,87,0,0,90,0,90,50,0,50,140
10/15/2007,RAL,CA,AWP,WE,Federal Contract Tower,0,1,30,0,31,0,0,6,0,6,0,1,36,0,37,26,0,26,63
10/16/2007,RAL,CA,AWP,WE,Federal Contract Tower,0,0,21,0,21,0,0,48,0,48,0,0,69,0,69,156,0,156,225
10/17/2007,RAL,CA,AWP,WE,Federal Contract Tower,0,0,20,0,20,0,0,96,0,96,0,0,116,0,116,124,0,124,240
10/18/2007,RAL,CA,AWP,WE,Federal Contract Tower,0,0,10,0,10,0,0,148,2,150,0,0,158,2,160,137,0,137,297
10/19/2007,RAL,CA,AWP,WE,Federal Contract Tower,0,0,20,0,20,0,0,112,0,112,0,0,132,0,132,161,0,161,293
10/20/2007,RAL,CA,AWP,WE,Federal Contract Tower,0,0,6,0,6,0,0,127,0,127,0,0,133,0,133,174,0,174,307
10/21/2007,RAL,CA,AWP,WE,Federal Contract Tower,0,0,4,0,4,0,0,19,0,19,0,0,23,0,23,0,0,0,23
10/22/2007,RAL,CA,AWP,WE,Federal Contract Tower,0,0,4,0,4,0,0,18,0,18,0,0,22,0,22,6,0,6,28
10/23/2007,RAL,CA,AWP,WE,Federal Contract Tower,0,0,10,0,10,0,0,38,0,38,0,0,48,0,48,11,0,11,59
10/24/2007,RAL,CA,AWP,WE,Federal Contract Tower,0,0,14,0,14,0,0,102,0,102,0,0,116,0,116,192,0,192,308
10/25/2007,RAL,CA,AWP,WE,Federal Contract Tower,0,1,16,1,18,0,0,101,0,101,0,1,117,1,119,242,1,243,362
10/26/2007,RAL,CA,AWP,WE,Federal Contract Tower,0,2,13,0,15,0,0,79,0,79,0,2,92,0,94,129,0,129,223
10/27/2007,RAL,CA,AWP,WE,Federal Contract Tower,0,0,11,0,11,0,0,92,0,92,0,0,103,0,103,259,0,259,362
10/28/2007,RAL,CA,AWP,WE,Federal Contract Tower,0,1,17,0,18,0,0,78,0,78,0,1,95,0,96,102,0,102,198
10/29/2007,RAL,CA,AWP,WE,Federal Contract Tower,0,0,11,0,11,0,0,110,0,110,0,0,121,0,121,83,0,83,204
10/30/2007,RAL,CA,AWP,WE,Federal Contract Tower,0,0,17,0,17,0,0,127,0,127,0,0,144,0,144,106,0,106,250
10/31/2007,RAL,CA,AWP,WE,Federal Contract Tower,0,0,13,0,13,0,0,110,0,110,0,0,123,0,123,175,0,175,298
11/01/2007,RAL,CA,AWP,WE,Federal Contract Tower,0,4,19,0,23,0,0,94,0,94,0,4,113,0,117,139,0,139,256
11/02/2007,RAL,CA,AWP,WE,Federal Contract Tower,0,0,23,0,23,0,0,69,0,69,0,0,92,0,92,97,0,97,189
11/03/2007,RAL,CA,AWP,WE,Federal Contract Tower,0,3,8,0,11,0,0,125,0,125,0,3,133,0,136,124,0,124,260
11/04/2007,RAL,CA,AWP,WE,Federal Contract Tower,0,2,12,0,14,0,0,109,0,109,0,2,121,0,123,43,0,43,166
11/05/2007,RAL,CA,AWP,WE,Federal Contract Tower,0,1,22,0,23,0,0,9,2,11,0,1,31,2,34,63,0,63,97
11/06/2007,RAL,CA,AWP,WE,Federal Contract Tower,0,0,27,0,27,0,0,35,0,35,0,0,62,0,62,126,10,136,198
11/07/2007,RAL,CA,AWP,WE,Federal Contract Tower,0,0,23,0,23,0,0,92,0,92,0,0,115,0,115,92,0,92,207
11/08/2007,RAL,CA,AWP,WE,Federal Contract Tower,0,0,48,0,48,0,0,3,0,3,0,0,51,0,51,0,0,0,51
11/09/2007,RAL,CA,AWP,WE,Federal Contract Tower,0,2,30,0,32,0,0,48,0,48,0,2,78,0,80,35,0,35,115
11/10/2007,RAL,CA,AWP,WE,Federal Contract Tower,0,0,24,0,24,0,0,74,0,74,0,0,98,0,98,102,0,102,200
11/11/2007,RAL,CA,AWP,WE,Federal Contract Tower,0,0,20,0,20,0,0,52,0,52,0,0,72,0,72,54,0,54,126
11/12/2007,RAL,CA,AWP,WE,Federal Contract Tower,0,2,14,0,16,0,0,74,0,74,0,2,88,0,90,40,0,40,130
11/13/2007,RAL,CA,AWP,WE,Federal Contract Tower,0,2,14,0,16,0,0,129,0,129,0,2,143,0,145,186,0,186,331
11/14/2007,RAL,CA,AWP,WE,Federal Contract Tower,0,0,35,0,35,0,0,137,0,137,0,0,172,0,172,107,0,107,279
11/15/2007,RAL,CA,AWP,WE,Federal Contract Tower,0,2,35,0,37,0,2,120,0,122,0,4,155,0,159,184,0,184,343
11/16/2007,RAL,CA,AWP,WE,Federal Contract Tower,0,0,19,0,19,0,0,160,0,160,0,0,179,0,179,120,0,120,299
11/17/2007,RAL,CA,AWP,WE,Federal Contract Tower,0,0,27,0,27,0,0,47,0,47,0,0,74,0,74,68,0,68,142
11/18/2007,RAL,CA,AWP,WE,Federal Contract Tower,0,2,18,0,20,0,0,105,0,105,0,2,123,0,125,95,0,95,220
11/19/2007,RAL,CA,AWP,WE,Federal Contract Tower,0,0,8,0,8,0,0,94,0,94,0,0,102,0,102,58,0,58,160
11/20/2007,RAL,CA,AWP,WE,Federal Contract Tower,0,0,29,0,29,0,0,130,0,130,0,0,159,0,159,86,0,86,245
11/21/2007,RAL,CA,AWP,WE,Federal Contract Tower,0,3,15,0,18,0,0,82,0,82,0,3,97,0,100,61,0,61,161
11/22/2007,RAL,CA,AWP,WE,Federal Contract Tower,0,3,7,0,10,0,0,27,0,27,0,3,34,0,37,12,0,12,49
11/23/2007,RAL,CA,AWP,WE,Federal Contract Tower,0,1,1,0,2,0,0,40,0,40,0,1,41,0,42,40,0,40,82
11/24/2007,RAL,CA,AWP,WE,Federal Contract Tower,0,2,3,0,5,0,0,18,0,18,0,2,21,0,23,17,0,17,40
11/25/2007,RAL,CA,AWP,WE,Federal Contract Tower,0,1,22,0,23,0,0,117,0,117,0,1,139,0,140,130,0,130,270
11/26/2007,RAL,CA,AWP,WE,Federal Contract Tower,0,0,23,0,23,0,0,126,0,126,0,0,149,0,149,78,0,78,227
11/27/2007,RAL,CA,AWP,WE,Federal Contract Tower,0,2,21,0,23,0,0,94,0,94,0,2,115,0,117,86,0,86,203
11/28/2007,RAL,CA,AWP,WE,Federal Contract Tower,0,0,11,0,11,0,0,48,0,48,0,0,59,0,59,35,0,35,94
11/29/2007,RAL,CA,AWP,WE,Federal Contract Tower,0,1,27,0,28,0,2,127,0,129,0,3,154,0,157,120,0,120,277
11/30/2007,RAL,CA,AWP,WE,Federal Contract Tower,0,0,13,0,13,0,0,3,0,3,0,0,16,0,16,4,0,4,20
12/01/2007,RAL,CA,AWP,WE,Federal Contract Tower,0,0,10,0,10,0,0,41,0,41,0,0,51,0,51,200,0,200,251
12/02/2007,RAL,CA,AWP,WE,Federal Contract Tower,0,0,16,0,16,0,0,130,0,130,0,0,146,0,146,108,0,108,254
12/03/2007,RAL,CA,AWP,WE,Federal Contract Tower,0,0,18,0,18,0,0,117,0,117,0,0,135,0,135,136,0,136,271
12/04/2007,RAL,CA,AWP,WE,Federal Contract Tower,0,0,34,0,34,0,0,82,0,82,0,0,116,0,116,72,0,72,188
12/05/2007,RAL,CA,AWP,WE,Federal Contract Tower,0,2,13,0,15,0,0,140,0,140,0,2,153,0,155,87,0,87,242
12/06/2007,RAL,CA,AWP,WE,Federal Contract Tower,0,0,35,0,35,0,0,112,0,112,0,0,147,0,147,74,0,74,221
12/07/2007,RAL,CA,AWP,WE,Federal Contract Tower,0,2,8,0,10,0,0,25,0,25,0,2,33,0,35,3,0,3,38
12/08/2007,RAL,CA,AWP,WE,Federal Contract Tower,0,0,19,0,19,0,0,80,0,80,0,0,99,0,99,193,0,193,292
12/09/2007,RAL,CA,AWP,WE,Federal Contract Tower,0,0,12,0,12,0,0,45,0,45,0,0,57,0,57,15,0,15,72
12/10/2007,RAL,CA,AWP,WE,Federal Contract Tower,0,0,27,0,27,0,0,105,0,105,0,0,132,0,132,63,0,63,195
12/11/2007,RAL,CA,AWP,WE,Federal Contract Tower,0,0,14,0,14,0,3,75,0,78,0,3,89,0,92,83,0,83,175
12/12/2007,RAL,CA,AWP,WE,Federal Contract Tower,0,0,19,0,19,0,0,129,0,129,0,0,148,0,148,142,0,142,290
12/13/2007,RAL,CA,AWP,WE,Federal Contract Tower,0,0,10,0,10,0,0,129,0,129,0,0,139,0,139,147,0,147,286
12/14/2007,RAL,CA,AWP,WE,Federal Contract Tower,0,0,22,0,22,0,0,130,0,130,0,0,152,0,152,204,0,204,356
12/15/2007,RAL,CA,AWP,WE,Federal Contract Tower,0,0,25,0,25,0,0,119,0,119,0,0,144,0,144,122,0,122,266
12/16/2007,RAL,CA,AWP,WE,Federal Contract Tower,0,0,18,0,18,0,0,88,0,88,0,0,106,0,106,117,0,117,223
12/17/2007,RAL,CA,AWP,WE,Federal Contract Tower,0,2,28,0,30,0,0,118,2,120,0,2,146,2,150,168,0,168,318
12/18/2007,RAL,CA,AWP,WE,Federal Contract Tower,0,0,21,0,21,0,0,39,0,39,0,0,60,0,60,121,0,121,181
12/19/2007,RAL,CA,AWP,WE,Federal Contract Tower,0,2,24,0,26,0,0,35,0,35,0,2,59,0,61,83,0,83,144
12/20/2007,RAL,CA,AWP,WE,Federal Contract Tower,0,2,26,0,28,0,0,59,0,59,0,2,85,0,87,172,0,172,259
12/21/2007,RAL,CA,AWP,WE,Federal Contract Tower,0,0,3,0,3,0,0,24,0,24,0,0,27,0,27,2,0,2,29
12/22/2007,RAL,CA,AWP,WE,Federal Contract Tower,0,0,10,0,10,0,0,61,0,61,0,0,71,0,71,47,0,47,118
12/23/2007,RAL,CA,AWP,WE,Federal Contract Tower,0,0,3,0,3,0,0,65,0,65,0,0,68,0,68,22,0,22,90
12/24/2007,RAL,CA,AWP,WE,Federal Contract Tower,0,0,4,0,4,0,0,74,0,74,0,0,78,0,78,97,0,97,175
12/25/2007,RAL,CA,AWP,WE,Federal Contract Tower,0,0,1,0,1,0,0,3,0,3,0,0,4,0,4,0,0,0,4
12/26/2007,RAL,CA,AWP,WE,Federal Contract Tower,0,2,8,0,10,0,2,102,0,104,0,4,110,0,114,143,0,143,257
12/27/2007,RAL,CA,AWP,WE,Federal Contract Tower,0,0,10,0,10,0,0,39,0,39,0,0,49,0,49,64,0,64,113
12/28/2007,RAL,CA,AWP,WE,Federal Contract Tower,0,0,16,1,17,0,0,115,1,116,0,0,131,2,133,141,0,141,274
12/29/2007,RAL,CA,AWP,WE,Federal Contract Tower,0,0,22,0,22,0,0,101,0,101,0,0,123,0,123,155,0,155,278
12/30/2007,RAL,CA,AWP,WE,Federal Contract Tower,0,0,22,0,22,0,0,75,0,75,0,0,97,0,97,160,0,160,257
12/31/2007,RAL,CA,AWP,WE,Federal Contract Tower,0,0,7,0,7,0,0,39,0,39,0,0,46,0,46,85,0,85,131
01/01/2008,RAL,CA,AWP,WE,Federal Contract Tower,0,1,2,0,3,0,0,17,0,17,0,1,19,0,20,4,0,4,24
01/02/2008,RAL,CA,AWP,WE,Federal Contract Tower,0,2,15,0,17,0,0,90,0,90,0,2,105,0,107,220,0,220,327
01/03/2008,RAL,CA,AWP,WE,Federal Contract Tower,0,2,27,0,29,0,0,92,0,92,0,2,119,0,121,136,0,136,257
01/04/2008,RAL,CA,AWP,WE,Federal Contract Tower,0,0,21,0,21,0,0,37,0,37,0,0,58,0,58,112,0,112,170
01/05/2008,RAL,CA,AWP,WE,Federal Contract Tower,0,0,9,0,9,0,0,6,0,6,0,0,15,0,15,6,0,6,21
01/06/2008,RAL,CA,AWP,WE,Federal Contract Tower,0,0,9,0,9,0,0,0,0,0,0,0,9,0,9,15,0,15,24
01/07/2008,RAL,CA,AWP,WE,Federal Contract Tower,0,1,12,0,13,0,1,69,0,70,0,2,81,0,83,169,0,169,252
01/08/2008,RAL,CA,AWP,WE,Federal Contract Tower,0,0,23,0,23,0,0,76,0,76,0,0,99,0,99,81,0,81,180
01/09/2008,RAL,CA,AWP,WE,Federal Contract Tower,0,0,25,0,25,0,0,37,0,37,0,0,62,0,62,118,0,118,180
01/10/2008,RAL,CA,AWP,WE,Federal Contract Tower,0,0,22,0,22,0,0,118,0,118,0,0,140,0,140,127,0,127,267
01/11/2008,RAL,CA,AWP,WE,Federal Contract Tower,0,4,18,0,22,0,0,168,0,168,0,4,186,0,190,178,0,178,368
01/12/2008,RAL,CA,AWP,WE,Federal Contract Tower,0,2,30,0,32,0,0,153,0,153,0,2,183,0,185,159,0,159,344
01/13/2008,RAL,CA,AWP,WE,Federal Contract Tower,0,0,5,0,5,0,0,39,0,39,0,0,44,0,44,3,0,3,47
01/14/2008,RAL,CA,AWP,WE,Federal Contract Tower,0,2,13,0,15,0,0,48,0,48,0,2,61,0,63,22,2,24,87
01/15/2008,RAL,CA,AWP,WE,Federal Contract Tower,0,0,10,0,10,0,0,88,0,88,0,0,98,0,98,145,0,145,243
01/16/2008,RAL,CA,AWP,WE,Federal Contract Tower,0,0,11,0,11,0,1,33,0,34,0,1,44,0,45,23,0,23,68
01/17/2008,RAL,CA,AWP,WE,Federal Contract Tower,0,0,5,0,5,0,0,34,0,34,0,0,39,0,39,21,0,21,60
01/18/2008,RAL,CA,AWP,WE,Federal Contract Tower,0,1,18,0,19,0,0,82,0,82,0,1,100,0,101,44,0,44,145
01/19/2008,RAL,CA,AWP,WE,Federal Contract Tower,0,0,23,0,23,0,0,198,0,198,0,0,221,0,221,74,0,74,295
01/20/2008,RAL,CA,AWP,WE,Federal Contract Tower,0,0,7,0,7,0,0,147,0,147,0,0,154,0,154,126,0,126,280
01/21/2008,RAL,CA,AWP,WE,Federal Contract Tower,0,1,16,0,17,0,0,51,0,51,0,1,67,0,68,159,0,159,227
01/22/2008,RAL,CA,AWP,WE,Federal Contract Tower,0,1,21,0,22,0,0,45,0,45,0,1,66,0,67,117,0,117,184
01/23/2008,RAL,CA,AWP,WE,Federal Contract Tower,0,0,14,0,14,0,0,44,0,44,0,0,58,0,58,52,0,52,110
01/24/2008,RAL,CA,AWP,WE,Federal Contract Tower,0,0,13,0,13,0,0,33,0,33,0,0,46,0,46,98,0,98,144
01/25/2008,RAL,CA,AWP,WE,Federal Contract Tower,0,1,14,0,15,0,0,53,0,53,0,1,67,0,68,128,0,128,196
01/26/2008,RAL,CA,AWP,WE,Federal Contract Tower,0,0,19,0,19,0,0,129,0,129,0,0,148,0,148,62,0,62,210
01/27/2008,RAL,CA,AWP,WE,Federal Contract Tower,0,0,9,0,9,0,0,3,0,3,0,0,12,0,12,8,0,8,20
01/28/2008,RAL,CA,AWP,WE,Federal Contract Tower,0,1,10,0,11,0,0,31,0,31,0,1,41,0,42,32,0,32,74
01/29/2008,RAL,CA,AWP,WE,Federal Contract Tower,0,0,16,0,16,16,0,110,0,126,16,0,126,0,142,152,2,154,296
01/30/2008,RAL,CA,AWP,WE,Federal Contract Tower,0,0,19,0,19,0,0,89,0,89,0,0,108,0,108,150,0,150,258
01/31/2008,RAL,CA,AWP,WE,Federal Contract Tower,0,0,20,0,20,0,0,133,0,133,0,0,153,0,153,157,0,157,310
02/01/2008,RAL,CA,AWP,WE,Federal Contract Tower,0,2,18,0,20,0,0,125,0,125,0,2,143,0,145,136,0,136,281
02/02/2008,RAL,CA,AWP,WE,Federal Contract Tower,0,0,32,0,32,0,0,74,0,74,0,0,106,0,106,146,0,146,252
02/03/2008,RAL,CA,AWP,WE,Federal Contract Tower,0,0,5,0,5,0,0,2,0,2,0,0,7,0,7,0,0,0,7
02/04/2008,RAL,CA,AWP,WE,Federal Contract Tower,0,0,21,0,21,0,0,71,0,71,0,0,92,0,92,74,0,74,166
02/05/2008,RAL,CA,AWP,WE,Federal Contract Tower,0,2,10,2,14,0,0,79,0,79,0,2,89,2,93,113,0,113,206
02/06/2008,RAL,CA,AWP,WE,Federal Contract Tower,0,2,18,0,20,0,0,132,0,132,0,2,150,0,152,148,0,148,300
02/07/2008,RAL,CA,AWP,WE,Federal Contract Tower,0,0,33,2,35,0,0,145,1,146,0,0,178,3,181,98,0,98,279
02/08/2008,RAL,CA,AWP,WE,Federal Contract Tower,0,0,12,0,12,0,0,117,0,117,0,0,129,0,129,159,0,159,288
02/09/2008,RAL,CA,AWP,WE,Federal Contract Tower,0,0,32,0,32,0,0,138,0,138,0,0,170,0,170,89,0,89,259
02/10/2008,RAL,CA,AWP,WE,Federal Contract Tower,0,0,8,0,8,0,0,96,2,98,0,0,104,2,106,91,0,91,197
02/11/2008,RAL,CA,AWP,WE,Federal Contract Tower,0,0,15,1,16,0,0,116,0,116,0,0,131,1,132,91,10,101,233
02/12/2008,RAL,CA,AWP,WE,Federal Contract Tower,0,0,13,0,13,0,0,100,0,100,0,0,113,0,113,93,0,93,206
02/13/2008,RAL,CA,AWP,WE,Federal Contract Tower,0,0,22,0,22,0,0,86,0,86,0,0,108,0,108,96,0,96,204
02/14/2008,RAL,CA,AWP,WE,Federal Contract Tower,0,0,28,0,28,0,0,13,0,13,0,0,41,0,41,36,0,36,77
02/15/2008,RAL,CA,AWP,WE,Federal Contract Tower,0,0,10,0,10,0,0,37,0,37,0,0,47,0,47,75,0,75,122
02/16/2008,RAL,CA,AWP,WE,Federal Contract Tower,0,0,20,0,20,0,0,184,0,184,0,0,204,0,204,111,0,111,315
02/17/2008,RAL,CA,AWP,WE,Federal Contract Tower,0,0,21,0,21,0,0,83,0,83,0,0,104,0,104,46,0,46,150
02/18/2008,RAL,CA,AWP,WE,Federal Contract Tower,0,0,21,0,21,0,0,96,0,96,0,0,117,0,117,150,0,150,267
02/19/2008,RAL,CA,AWP,WE,Federal Contract Tower,0,2,36,0,38,0,0,31,0,31,0,2,67,0,69,106,0,106,175
02/20/2008,RAL,CA,AWP,WE,Federal Contract Tower,0,0,17,0,17,0,0,17,0,17,0,0,34,0,34,17,0,17,51
02/21/2008,RAL,CA,AWP,WE,Federal Contract Tower,0,0,22,0,22,0,0,78,0,78,0,0,100,0,100,197,0,197,297
02/22/2008,RAL,CA,AWP,WE,Federal Contract Tower,0,0,11,0,11,0,0,40,0,40,0,0,51,0,51,78,0,78,129
02/23/2008,RAL,CA,AWP,WE,Federal Contract Tower,0,0,23,0,23,0,0,158,0,158,0,0,181,0,181,111,0,111,292
02/24/2008,RAL,CA,AWP,WE,Federal Contract Tower,0,0,16,0,16,0,0,20,0,20,0,0,36,0,36,108,0,108,144
02/25/2008,RAL,CA,AWP,WE,Federal Contract Tower,0,0,18,0,18,0,0,128,0,128,0,0,146,0,146,96,0,96,242
02/26/2008,RAL,CA,AWP,WE,Federal Contract Tower,0,2,28,0,30,0,0,103,0,103,0,2,131,0,133,59,0,59,192
02/27/2008,RAL,CA,AWP,WE,Federal Contract Tower,0,2,28,0,30,0,2,113,0,115,0,4,141,0,145,90,0,90,235
02/28/2008,RAL,CA,AWP,WE,Federal Contract Tower,0,0,22,0,22,0,0,112,0,112,0,0,134,0,134,77,0,77,211
02/29/2008,RAL,CA,AWP,WE,Federal Contract Tower,0,0,32,0,32,0,0,58,0,58,0,0,90,0,90,113,0,113,203
03/01/2008,RAL,CA,AWP,WE,Federal Contract Tower,0,0,24,0,24,0,0,15,0,15,0,0,39,0,39,13,0,13,52
03/02/2008,RAL,CA,AWP,WE,Federal Contract Tower,0,0,8,0,8,0,0,6,2,8,0,0,14,2,16,15,0,15,31
03/03/2008,RAL,CA,AWP,WE,Federal Contract Tower,0,1,26,0,27,0,0,68,0,68,0,1,94,0,95,44,0,44,139
03/04/2008,RAL,CA,AWP,WE,Federal Contract Tower,0,2,18,0,20,0,0,119,0,119,0,2,137,0,139,107,0,107,246
03/05/2008,RAL,CA,AWP,WE,Federal Contract Tower,0,3,24,0,27,0,0,42,0,42,0,3,66,0,69,72,4,76,145
03/06/2008,RAL,CA,AWP,WE,Federal Contract Tower,0,2,24,0,26,0,0,107,0,107,0,2,131,0,133,197,0,197,330
03/07/2008,RAL,CA,AWP,WE,Federal Contract Tower,0,0,32,0,32,0,0,114,0,114,0,0,146,0,146,133,0,133,279
03/08/2008,RAL,CA,AWP,WE,Federal Contract Tower,0,0,19,0,19,0,0,125,0,125,0,0,144,0,144,151,0,151,295
03/09/2008,RAL,CA,AWP,WE,Federal Contract Tower,0,0,12,0,12,0,0,17,0,17,0,0,29,0,29,14,0,14,43
03/10/2008,RAL,CA,AWP,WE,Federal Contract Tower,0,0,29,0,29,0,0,99,0,99,0,0,128,0,128,190,0,190,318
03/11/2008,RAL,CA,AWP,WE,Federal Contract Tower,0,0,15,0,15,0,0,135,0,135,0,0,150,0,150,89,0,89,239
03/12/2008,RAL,CA,AWP,WE,Federal Contract Tower,0,0,17,1,18,0,0,77,1,78,0,0,94,2,96,152,0,152,248
03/13/2008,RAL,CA,AWP,WE,Federal Contract Tower,0,0,36,0,36,0,0,134,0,134,0,0,170,0,170,134,0,134,304
03/14/2008,RAL,CA,AWP,WE,Federal Contract Tower,0,0,28,0,28,0,0,63,0,63,0,0,91,0,91,96,0,96,187
03/15/2008,RAL,CA,AWP,WE,Federal Contract Tower,0,0,19,0,19,0,0,41,0,41,0,0,60,0,60,44,0,44,104
03/16/2008,RAL,CA,AWP,WE,Federal Contract Tower,0,0,23,0,23,0,0,26,0,26,0,0,49,0,49,46,0,46,95
03/17/2008,RAL,CA,AWP,WE,Federal Contract Tower,0,0,15,0,15,0,0,46,0,46,0,0,61,0,61,28,0,28,89
03/18/2008,RAL,CA,AWP,WE,Federal Contract Tower,0,0,19,0,19,0,0,132,0,132,0,0,151,0,151,167,0,167,318
03/19/2008,RAL,CA,AWP,WE,Federal Contract Tower,0,0,13,0,13,0,0,104,0,104,0,0,117,0,117,1771,0,1771,1888
03/20/2008,RAL,CA,AWP,WE,Federal Contract Tower,0,0,20,2,22,0,0,100,1,101,0,0,120,3,123,121,0,121,244
03/21/2008,RAL,CA,AWP,WE,Federal Contract Tower,0,0,39,0,39,0,0,163,0,163,0,0,202,0,202,153,0,153,355
03/22/2008,RAL,CA,AWP,WE,Federal Contract Tower,0,0,21,0,21,0,0,123,0,123,0,0,144,0,144,28,0,28,172
03/23/2008,RAL,CA,AWP,WE,Federal Contract Tower,0,0,20,0,20,0,0,73,0,73,0,0,93,0,93,48,0,48,141
03/24/2008,RAL,CA,AWP,WE,Federal Contract Tower,0,0,22,0,22,0,0,101,0,101,0,0,123,0,123,110,0,110,233
03/25/2008,RAL,CA,AWP,WE,Federal Contract Tower,0,0,21,0,21,0,0,117,0,117,0,0,138,0,138,144,0,144,282
03/26/2008,RAL,CA,AWP,WE,Federal Contract Tower,0,0,46,0,46,0,0,121,2,123,0,0,167,2,169,145,0,145,314
03/27/2008,RAL,CA,AWP,WE,Federal Contract Tower,0,0,33,0,33,0,1,99,1,101,0,1,132,1,134,36,4,40,174
03/28/2008,RAL,CA,AWP,WE,Federal Contract Tower,0,0,13,3,16,0,0,119,5,124,0,0,132,8,140,56,7,63,203
03/29/2008,RAL,CA,AWP,WE,Federal Contract Tower,0,0,10,0,10,0,0,90,0,90,0,0,100,0,100,21,0,21,121
03/30/2008,RAL,CA,AWP,WE,Federal Contract Tower,0,2,24,2,28,0,0,47,1,48,0,2,71,3,76,100,0,100,176
03/31/2008,RAL,CA,AWP,WE,Federal Contract Tower,0,0,20,3,23,0,0,142,0,142,0,0,162,3,165,66,0,66,231
04/01/2008,RAL,CA,AWP,WE,Federal Contract Tower,0,0,44,0,44,0,0,86,0,86,0,0,130,0,130,166,0,166,296
04/02/2008,RAL,CA,AWP,WE,Federal Contract Tower,0,0,25,0,25,0,0,43,0,43,0,0,68,0,68,100,0,100,168
04/03/2008,RAL,CA,AWP,WE,Federal Contract Tower,0,0,28,0,28,0,0,52,0,52,0,0,80,0,80,124,0,124,204
04/04/2008,RAL,CA,AWP,WE,Federal Contract Tower,0,0,36,0,36,0,1,109,0,110,0,1,145,0,146,150,0,150,296
04/05/2008,RAL,CA,AWP,WE,Federal Contract Tower,0,0,40,0,40,0,0,94,0,94,0,0,134,0,134,143,0,143,277
04/06/2008,RAL,CA,AWP,WE,Federal Contract Tower,0,0,34,0,34,0,0,84,0,84,0,0,118,0,118,52,0,52,170
04/07/2008,RAL,CA,AWP,WE,Federal Contract Tower,0,0,25,0,25,0,0,114,1,115,0,0,139,1,140,138,0,138,278
04/08/2008,RAL,CA,AWP,WE,Federal Contract Tower,0,0,19,0,19,0,0,75,0,75,0,0,94,0,94,62,0,62,156
04/09/2008,RAL,CA,AWP,WE,Federal Contract Tower,0,2,18,0,20,0,0,99,2,101,0,2,117,2,121,97,0,97,218
04/10/2008,RAL,CA,AWP,WE,Federal Contract Tower,0,0,21,0,21,0,0,106,0,106,0,0,127,0,127,132,0,132,259
04/11/2008,RAL,CA,AWP,WE,Federal Contract Tower,0,0,16,0,16,0,0,87,0,87,0,0,103,0,103,38,0,38,141
04/12/2008,RAL,CA,AWP,WE,Federal Contract Tower,0,0,23,0,23,0,0,92,0,92,0,0,115,0,115,80,0,80,195
04/13/2008,RAL,CA,AWP,WE,Federal Contract Tower,0,0,18,0,18,0,0,103,0,103,0,0,121,0,121,49,0,49,170
04/14/2008,RAL,CA,AWP,WE,Federal Contract Tower,0,0,24,2,26,0,0,110,0,110,0,0,134,2,136,71,0,71,207
04/15/2008,RAL,CA,AWP,WE,Federal Contract Tower,0,0,15,0,15,0,0,79,0,79,0,0,94,0,94,177,0,177,271
04/16/2008,RAL,CA,AWP,WE,Federal Contract Tower,0,0,23,0,23,0,0,102,0,102,0,0,125,0,125,118,0,118,243
04/17/2008,RAL,CA,AWP,WE,Federal Contract Tower,0,0,15,0,15,0,0,124,0,124,0,0,139,0,139,76,0,76,215
04/18/2008,RAL,CA,AWP,WE,Federal Contract Tower,0,0,31,0,31,0,0,120,0,120,0,0,151,0,151,85,0,85,236
04/19/2008,RAL,CA,AWP,WE,Federal Contract Tower,0,0,32,0,32,0,0,64,0,64,0,0,96,0,96,75,0,75,171
04/20/2008,RAL,CA,AWP,WE,Federal Contract Tower,0,0,17,0,17,0,0,62,0,62,0,0,79,0,79,50,0,50,129
04/21/2008,RAL,CA,AWP,WE,Federal Contract Tower,0,0,23,0,23,0,0,85,0,85,0,0,108,0,108,139,0,139,247
04/22/2008,RAL,CA,AWP,WE,Federal Contract Tower,0,2,17,2,21,0,0,105,0,105,0,2,122,2,126,155,0,155,281
04/23/2008,RAL,CA,AWP,WE,Federal Contract Tower,0,0,24,0,24,0,0,103,0,103,0,0,127,0,127,60,2,62,189
04/24/2008,RAL,CA,AWP,WE,Federal Contract Tower,0,0,37,0,37,0,0,82,0,82,0,0,119,0,119,103,0,103,222
04/25/2008,RAL,CA,AWP,WE,Federal Contract Tower,0,1,22,0,23,0,0,107,0,107,0,1,129,0,130,94,0,94,224
04/26/2008,RAL,CA,AWP,WE,Federal Contract Tower,0,0,11,0,11,0,0,76,0,76,0,0,87,0,87,42,0,42,129
04/27/2008,RAL,CA,AWP,WE,Federal Contract Tower,0,0,14,0,14,0,0,93,0,93,0,0,107,0,107,17,0,17,124
04/28/2008,RAL,CA,AWP,WE,Federal Contract Tower,0,2,25,0,27,0,0,75,0,75,0,2,100,0,102,73,0,73,175
04/29/2008,RAL,CA,AWP,WE,Federal Contract Tower,0,0,17,0,17,0,0,141,0,141,0,0,158,0,158,116,0,116,274
04/30/2008,RAL,CA,AWP,WE,Federal Contract Tower,0,0,33,0,33,0,0,72,0,72,0,0,105,0,105,129,0,129,234
05/01/2008,RAL,CA,AWP,WE,Federal Contract Tower,0,0,34,2,36,0,0,64,0,64,0,0,98,2,100,88,0,88,188
05/02/2008,RAL,CA,AWP,WE,Federal Contract Tower,0,0,19,0,19,0,0,99,0,99,0,0,118,0,118,75,0,75,193
05/03/2008,RAL,CA,AWP,WE,Federal Contract Tower,0,2,12,0,14,0,0,105,0,105,0,2,117,0,119,123,0,123,242
05/04/2008,RAL,CA,AWP,WE,Federal Contract Tower,0,0,12,0,12,0,0,72,0,72,0,0,84,0,84,43,0,43,127
05/05/2008,RAL,CA,AWP,WE,Federal Contract Tower,0,0,16,1,17,0,0,75,1,76,0,0,91,2,93,88,0,88,181
05/06/2008,RAL,CA,AWP,WE,Federal Contract Tower,0,2,19,0,21,0,0,67,0,67,0,2,86,0,88,121,0,121,209
05/07/2008,RAL,CA,AWP,WE,Federal Contract Tower,0,0,39,0,39,0,0,103,0,103,0,0,142,0,142,123,0,123,265
05/08/2008,RAL,CA,AWP,WE,Federal Contract Tower,0,0,34,0,34,0,0,73,1,74,0,0,107,1,108,110,0,110,218
05/09/2008,RAL,CA,AWP,WE,Federal Contract Tower,0,0,33,0,33,0,0,34,0,34,0,0,67,0,67,34,0,34,101
05/10/2008,RAL,CA,AWP,WE,Federal Contract Tower,0,0,33,0,33,0,0,76,0,76,0,0,109,0,109,143,0,143,252
05/11/2008,RAL,CA,AWP,WE,Federal Contract Tower,0,0,13,0,13,0,0,34,0,34,0,0,47,0,47,16,0,16,63
05/12/2008,RAL,CA,AWP,WE,Federal Contract Tower,0,1,31,0,32,0,0,67,0,67,0,1,98,0,99,88,0,88,187
05/13/2008,RAL,CA,AWP,WE,Federal Contract Tower,0,0,10,0,10,0,0,56,0,56,0,0,66,0,66,79,0,79,145
05/14/2008,RAL,CA,AWP,WE,Federal Contract Tower,0,0,48,0,48,0,0,96,0,96,0,0,144,0,144,137,3,140,284
05/15/2008,RAL,CA,AWP,WE,Federal Contract Tower,0,0,16,0,16,0,0,59,0,59,0,0,75,0,75,36,0,36,111
05/16/2008,RAL,CA,AWP,WE,Federal Contract Tower,0,2,11,0,13,0,0,67,0,67,0,2,78,0,80,58,0,58,138
05/17/2008,RAL,CA,AWP,WE,Federal Contract Tower,0,0,11,0,11,0,0,95,0,95,0,0,106,0,106,102,0,102,208
05/18/2008,RAL,CA,AWP,WE,Federal Contract Tower,0,0,17,0,17,0,0,108,0,108,0,0,125,0,125,44,0,44,169
05/19/2008,RAL,CA,AWP,WE,Federal Contract Tower,0,0,9,0,9,0,0,77,0,77,0,0,86,0,86,96,0,96,182
05/20/2008,RAL,CA,AWP,WE,Federal Contract Tower,0,0,20,0,20,0,0,79,0,79,0,0,99,0,99,88,0,88,187
05/21/2008,RAL,CA,AWP,WE,Federal Contract Tower,0,0,4,0,4,0,0,70,0,70,0,0,74,0,74,162,0,162,236
05/22/2008,RAL,CA,AWP,WE,Federal Contract Tower,0,0,9,0,9,0,0,47,0,47,0,0,56,0,56,35,0,35,91
05/23/2008,RAL,CA,AWP,WE,Federal Contract Tower,0,0,11,0,11,0,0,34,0,34,0,0,45,0,45,25,0,25,70
05/24/2008,RAL,CA,AWP,WE,Federal Contract Tower,0,0,12,0,12,0,0,61,0,61,0,0,73,0,73,83,0,83,156
05/25/2008,RAL,CA,AWP,WE,Federal Contract Tower,0,0,16,0,16,0,0,48,0,48,0,0,64,0,64,27,0,27,91
05/26/2008,RAL,CA,AWP,WE,Federal Contract Tower,0,0,12,0,12,0,0,71,0,71,0,0,83,0,83,40,0,40,123
05/27/2008,RAL,CA,AWP,WE,Federal Contract Tower,0,0,11,0,11,0,0,84,0,84,0,0,95,0,95,38,9,47,142
05/28/2008,RAL,CA,AWP,WE,Federal Contract Tower,0,0,12,0,12,0,0,82,0,82,0,0,94,0,94,142,0,142,236
05/29/2008,RAL,CA,AWP,WE,Federal Contract Tower,0,0,20,0,20,0,0,113,0,113,0,0,133,0,133,104,0,104,237
05/30/2008,RAL,CA,AWP,WE,Federal Contract Tower,0,0,22,0,22,0,0,113,0,113,0,0,135,0,135,124,0,124,259
05/31/2008,RAL,CA,AWP,WE,Federal Contract Tower,0,0,10,0,10,0,0,118,0,118,0,0,128,0,128,136,0,136,264
06/01/2008,RAL,CA,AWP,WE,Federal Contract Tower,0,0,11,0,11,0,0,81,0,81,0,0,92,0,92,106,0,106,198
06/02/2008,RAL,CA,AWP,WE,Federal Contract Tower,0,0,12,0,12,0,0,95,0,95,0,0,107,0,107,139,0,139,246
06/03/2008,RAL,CA,AWP,WE,Federal Contract Tower,0,1,21,0,22,0,0,60,0,60,0,1,81,0,82,45,0,45,127
06/04/2008,RAL,CA,AWP,WE,Federal Contract Tower,0,0,22,0,22,0,0,55,0,55,0,0,77,0,77,132,0,132,209
06/05/2008,RAL,CA,AWP,WE,Federal Contract Tower,0,0,25,0,25,0,0,107,0,107,0,0,132,0,132,103,0,103,235
06/06/2008,RAL,CA,AWP,WE,Federal Contract Tower,0,1,13,0,14,0,0,129,0,129,0,1,142,0,143,118,2,120,263
06/07/2008,RAL,CA,AWP,WE,Federal Contract Tower,0,0,9,0,9,0,0,102,0,102,0,0,111,0,111,64,0,64,175
06/08/2008,RAL,CA,AWP,WE,Federal Contract Tower,0,0,5,0,5,0,0,73,0,73,0,0,78,0,78,70,0,70,148
06/09/2008,RAL,CA,AWP,WE,Federal Contract Tower,0,0,11,0,11,0,0,109,0,109,0,0,120,0,120,75,0,75,195
06/10/2008,RAL,CA,AWP,WE,Federal Contract Tower,0,0,17,0,17,0,0,56,0,56,0,0,73,0,73,56,0,56,129
06/11/2008,RAL,CA,AWP,WE,Federal Contract Tower,0,0,9,0,9,0,0,82,0,82,0,0,91,0,91,110,0,110,201
06/12/2008,RAL,CA,AWP,WE,Federal Contract Tower,0,0,6,0,6,0,0,115,0,115,0,0,121,0,121,116,0,116,237
06/13/2008,RAL,CA,AWP,WE,Federal Contract Tower,0,0,17,0,17,0,0,129,0,129,0,0,146,0,146,98,0,98,244
06/14/2008,RAL,CA,AWP,WE,Federal Contract Tower,0,0,10,0,10,0,0,114,0,114,0,0,124,0,124,96,0,96,220
06/15/2008,RAL,CA,AWP,WE,Federal Contract Tower,0,0,9,0,9,0,0,94,0,94,0,0,103,0,103,86,0,86,189
06/16/2008,RAL,CA,AWP,WE,Federal Contract Tower,0,0,9,0,9,0,0,86,0,86,0,0,95,0,95,114,0,114,209
06/17/2008,RAL,CA,AWP,WE,Federal Contract Tower,0,0,8,0,8,0,0,86,0,86,0,0,94,0,94,66,0,66,160
06/18/2008,RAL,CA,AWP,WE,Federal Contract Tower,0,0,14,0,14,0,0,85,0,85,0,0,99,0,99,152,0,152,251
06/19/2008,RAL,CA,AWP,WE,Federal Contract Tower,0,0,14,0,14,0,0,107,0,107,0,0,121,0,121,94,0,94,215
06/20/2008,RAL,CA,AWP,WE,Federal Contract Tower,0,0,16,0,16,0,0,74,0,74,0,0,90,0,90,41,0,41,131
06/21/2008,RAL,CA,AWP,WE,Federal Contract Tower,0,0,12,0,12,0,0,83,0,83,0,0,95,0,95,67,0,67,162
06/22/2008,RAL,CA,AWP,WE,Federal Contract Tower,0,0,12,0,12,0,0,75,0,75,0,0,87,0,87,70,0,70,157
06/23/2008,RAL,CA,AWP,WE,Federal Contract Tower,0,0,14,0,14,0,0,82,0,82,0,0,96,0,96,103,0,103,199
06/24/2008,RAL,CA,AWP,WE,Federal Contract Tower,0,0,12,0,12,0,0,93,0,93,0,0,105,0,105,56,0,56,161
06/25/2008,RAL,CA,AWP,WE,Federal Contract Tower,0,0,17,0,17,0,0,53,0,53,0,0,70,0,70,71,0,71,141
06/26/2008,RAL,CA,AWP,WE,Federal Contract Tower,0,0,14,0,14,0,0,46,0,46,0,0,60,0,60,113,0,113,173
06/27/2008,RAL,CA,AWP,WE,Federal Contract Tower,0,1,30,0,31,0,0,49,0,49,0,1,79,0,80,66,0,66,146
06/28/2008,RAL,CA,AWP,WE,Federal Contract Tower,0,0,21,0,21,0,0,103,0,103,0,0,124,0,124,39,0,39,163
06/29/2008,RAL,CA,AWP,WE,Federal Contract Tower,0,0,18,0,18,0,0,81,0,81,0,0,99,0,99,96,0,96,195
06/30/2008,RAL,CA,AWP,WE,Federal Contract Tower,0,1,13,0,14,0,0,100,0,100,0,1,113,0,114,50,0,50,164
07/01/2008,RAL,CA,AWP,WE,Federal Contract Tower,0,0,12,0,12,0,0,98,0,98,0,0,110,0,110,28,0,28,138
07/02/2008,RAL,CA,AWP,WE,Federal Contract Tower,0,0,13,0,13,0,0,107,0,107,0,0,120,0,120,112,0,112,232
07/03/2008,RAL,CA,AWP,WE,Federal Contract Tower,0,0,18,0,18,0,0,103,0,103,0,0,121,0,121,109,0,109,230
07/04/2008,RAL,CA,AWP,WE,Federal Contract Tower,0,0,8,0,8,0,0,89,0,89,0,0,97,0,97,43,0,43,140
07/05/2008,RAL,CA,AWP,WE,Federal Contract Tower,0,1,12,0,13,0,1,84,0,85,0,2,96,0,98,46,0,46,144
07/06/2008,RAL,CA,AWP,WE,Federal Contract Tower,0,0,19,0,19,0,0,83,0,83,0,0,102,0,102,84,0,84,186
07/07/2008,RAL,CA,AWP,WE,Federal Contract Tower,0,0,104,0,104,0,0,17,0,17,0,0,121,0,121,85,0,85,206
07/08/2008,RAL,CA,AWP,WE,Federal Contract Tower,0,0,11,0,11,0,0,79,0,79,0,0,90,0,90,77,0,77,167
07/09/2008,RAL,CA,AWP,WE,Federal Contract Tower,0,0,0,0,0,0,0,93,0,93,0,0,93,0,93,139,0,139,232
07/10/2008,RAL,CA,AWP,WE,Federal Contract Tower,0,0,22,0,22,0,0,130,0,130,0,0,152,0,152,139,0,139,291
07/11/2008,RAL,CA,AWP,WE,Federal Contract Tower,0,0,0,0,0,0,0,98,0,98,0,0,98,0,98,131,0,131,229
07/12/2008,RAL,CA,AWP,WE,Federal Contract Tower,0,0,13,0,13,0,0,111,0,111,0,0,124,0,124,49,0,49,173
07/13/2008,RAL,CA,AWP,WE,Federal Contract Tower,0,2,16,0,18,0,2,96,0,98,0,4,112,0,116,94,0,94,210
07/14/2008,RAL,CA,AWP,WE,Federal Contract Tower,0,0,99,0,99,0,0,16,0,16,0,0,115,0,115,66,0,66,181
07/15/2008,RAL,CA,AWP,WE,Federal Contract Tower,0,0,15,0,15,0,0,100,0,100,0,0,115,0,115,82,0,82,197
07/16/2008,RAL,CA,AWP,WE,Federal Contract Tower,0,0,31,0,31,0,0,112,0,112,0,0,143,0,143,44,0,44,187
07/17/2008,RAL,CA,AWP,WE,Federal Contract Tower,0,0,0,0,0,0,0,100,1,101,0,0,100,1,101,86,0,86,187
07/18/2008,RAL,CA,AWP,WE,Federal Contract Tower,0,0,0,0,0,0,1,119,0,120,0,1,119,0,120,44,0,44,164
07/19/2008,RAL,CA,AWP,WE,Federal Contract Tower,0,0,22,0,22,0,0,93,0,93,0,0,115,0,115,71,0,71,186
07/20/2008,RAL,CA,AWP,WE,Federal Contract Tower,0,2,13,0,15,0,0,95,0,95,0,2,108,0,110,54,0,54,164
07/21/2008,RAL,CA,AWP,WE,Federal Contract Tower,0,0,14,0,14,0,0,89,0,89,0,0,103,0,103,124,0,124,227
07/22/2008,RAL,CA,AWP,WE,Federal Contract Tower,0,2,15,0,17,0,0,106,0,106,0,2,121,0,123,98,0,98,221
07/23/2008,RAL,CA,AWP,WE,Federal Contract Tower,0,0,22,0,22,0,0,78,0,78,0,0,100,0,100,75,0,75,175
07/24/2008,RAL,CA,AWP,WE,Federal Contract Tower,0,0,0,0,0,0,0,131,0,131,0,0,131,0,131,129,0,129,260
07/25/2008,RAL,CA,AWP,WE,Federal Contract Tower,0,0,0,0,0,0,0,118,0,118,0,0,118,0,118,138,0,138,256
07/26/2008,RAL,CA,AWP,WE,Federal Contract Tower,0,0,7,0,7,0,0,122,0,122,0,0,129,0,129,105,0,105,234
07/27/2008,RAL,CA,AWP,WE,Federal Contract Tower,0,0,15,0,15,0,0,88,0,88,0,0,103,0,103,24,0,24,127
07/28/2008,RAL,CA,AWP,WE,Federal Contract Tower,0,0,14,0,14,0,1,66,0,67,0,1,80,0,81,78,0,78,159
07/29/2008,RAL,CA,AWP,WE,Federal Contract Tower,0,0,13,0,13,0,0,92,0,92,0,0,105,0,105,66,0,66,171
07/30/2008,RAL,CA,AWP,WE,Federal Contract Tower,0,0,17,0,17,0,0,124,0,124,0,0,141,0,141,105,0,105,246
07/31/2008,RAL,CA,AWP,WE,Federal Contract Tower,0,0,0,0,0,0,0,89,0,89,0,0,89,0,89,48,0,48,137
08/01/2008,RAL,CA,AWP,WE,Federal Contract Tower,0,0,22,0,22,0,0,133,0,133,0,0,155,0,155,45,0,45,200
08/02/2008,RAL,CA,AWP,WE,Federal Contract Tower,0,0,19,0,19,0,0,83,0,83,0,0,102,0,102,72,0,72,174
08/03/2008,RAL,CA,AWP,WE,Federal Contract Tower,0,2,12,0,14,0,0,58,0,58,0,2,70,0,72,31,0,31,103
08/04/2008,RAL,CA,AWP,WE,Federal Contract Tower,0,0,23,0,23,0,0,109,0,109,0,0,132,0,132,60,0,60,192
08/05/2008,RAL,CA,AWP,WE,Federal Contract Tower,0,0,13,2,15,0,0,102,0,102,0,0,115,2,117,23,0,23,140
08/06/2008,RAL,CA,AWP,WE,Federal Contract Tower,0,0,14,0,14,0,0,100,0,100,0,0,114,0,114,60,0,60,174
08/07/2008,RAL,CA,AWP,WE,Federal Contract Tower,0,26,13,0,39,0,8,131,0,139,0,34,144,0,178,116,0,116,294
08/08/2008,RAL,CA,AWP,WE,Federal Contract Tower,0,3,18,0,21,0,6,117,0,123,0,9,135,0,144,88,0,88,232
08/09/2008,RAL,CA,AWP,WE,Federal Contract Tower,0,0,7,0,7,0,0,130,0,130,0,0,137,0,137,71,0,71,208
08/10/2008,RAL,CA,AWP,WE,Federal Contract Tower,0,0,21,0,21,0,0,87,0,87,0,0,108,0,108,34,0,34,142
08/11/2008,RAL,CA,AWP,WE,Federal Contract Tower,0,0,17,0,17,0,0,87,0,87,0,0,104,0,104,128,0,128,232
08/12/2008,RAL,CA,AWP,WE,Federal Contract Tower,0,0,13,0,13,0,0,88,0,88,0,0,101,0,101,121,0,121,222
08/13/2008,RAL,CA,AWP,WE,Federal Contract Tower,0,0,11,0,11,0,0,122,0,122,0,0,133,0,133,123,0,123,256
08/14/2008,RAL,CA,AWP,WE,Federal Contract Tower,0,0,13,0,13,0,1,108,0,109,0,1,121,0,122,114,0,114,236
08/15/2008,RAL,CA,AWP,WE,Federal Contract Tower,0,0,7,0,7,0,0,118,0,118,0,0,125,0,125,96,0,96,221
08/16/2008,RAL,CA,AWP,WE,Federal Contract Tower,0,0,10,0,10,0,0,161,0,161,0,0,171,0,171,86,0,86,257
08/17/2008,RAL,CA,AWP,WE,Federal Contract Tower,0,0,15,0,15,0,0,83,0,83,0,0,98,0,98,52,0,52,150
08/18/2008,RAL,CA,AWP,WE,Federal Contract Tower,0,0,16,0,16,0,0,87,0,87,0,0,103,0,103,118,0,118,221
08/19/2008,RAL,CA,AWP,WE,Federal Contract Tower,0,0,14,0,14,0,0,103,0,103,0,0,117,0,117,122,0,122,239
08/20/2008,RAL,CA,AWP,WE,Federal Contract Tower,0,0,13,0,13,0,0,118,2,120,0,0,131,2,133,118,0,118,251
08/21/2008,RAL,CA,AWP,WE,Federal Contract Tower,0,0,8,0,8,0,0,132,0,132,0,0,140,0,140,86,0,86,226
08/22/2008,RAL,CA,AWP,WE,Federal Contract Tower,0,0,29,0,29,0,0,108,0,108,0,0,137,0,137,60,0,60,197
08/23/2008,RAL,CA,AWP,WE,Federal Contract Tower,0,0,13,0,13,0,0,118,0,118,0,0,131,0,131,94,0,94,225
08/24/2008,RAL,CA,AWP,WE,Federal Contract Tower,0,0,11,0,11,0,0,90,0,90,0,0,101,0,101,45,0,45,146
08/25/2008,RAL,CA,AWP,WE,Federal Contract Tower,0,0,12,0,12,0,0,79,0,79,0,0,91,0,91,71,0,71,162
08/26/2008,RAL,CA,AWP,WE,Federal Contract Tower,0,0,16,0,16,0,0,97,0,97,0,0,113,0,113,94,0,94,207
08/27/2008,RAL,CA,AWP,WE,Federal Contract Tower,0,0,19,0,19,0,0,105,2,107,0,0,124,2,126,76,0,76,202
08/28/2008,RAL,CA,AWP,WE,Federal Contract Tower,0,2,26,0,28,0,2,125,0,127,0,4,151,0,155,120,0,120,275
08/29/2008,RAL,CA,AWP,WE,Federal Contract Tower,0,0,16,0,16,0,0,119,0,119,0,0,135,0,135,104,0,104,239
08/30/2008,RAL,CA,AWP,WE,Federal Contract Tower,0,0,10,0,10,0,0,76,0,76,0,0,86,0,86,65,0,65,151
08/31/2008,RAL,CA,AWP,WE,Federal Contract Tower,0,0,11,0,11,0,0,88,0,88,0,0,99,0,99,29,0,29,128
09/01/2008,RAL,CA,AWP,WE,Federal Contract Tower,0,0,11,0,11,0,0,89,0,89,0,0,100,0,100,148,0,148,248
09/02/2008,RAL,CA,AWP,WE,Federal Contract Tower,0,0,20,0,20,0,0,100,0,100,0,0,120,0,120,0,0,0,120
09/03/2008,RAL,CA,AWP,WE,Federal Contract Tower,0,0,20,0,20,0,0,86,0,86,0,0,106,0,106,80,0,80,186
09/04/2008,RAL,CA,AWP,WE,Federal Contract Tower,0,0,14,0,14,0,0,131,4,135,0,0,145,4,149,172,0,172,321
09/05/2008,RAL,CA,AWP,WE,Federal Contract Tower,0,0,20,0,20,0,0,154,2,156,0,0,174,2,176,192,0,192,368
09/06/2008,RAL,CA,AWP,WE,Federal Contract Tower,0,0,13,0,13,0,0,124,0,124,0,0,137,0,137,84,0,84,221
09/07/2008,RAL,CA,AWP,WE,Federal Contract Tower,0,0,17,0,17,0,0,107,0,107,0,0,124,0,124,98,0,98,222
09/08/2008,RAL,CA,AWP,WE,Federal Contract Tower,0,0,21,0,21,0,0,76,0,76,0,0,97,0,97,78,0,78,175
09/09/2008,RAL,CA,AWP,WE,Federal Contract Tower,0,0,14,0,14,0,0,107,0,107,0,0,121,0,121,91,1,92,213
09/10/2008,RAL,CA,AWP,WE,Federal Contract Tower,0,0,29,0,29,0,1,116,1,118,0,1,145,1,147,86,0,86,233
09/11/2008,RAL,CA,AWP,WE,Federal Contract Tower,0,2,24,2,28,0,1,90,2,93,0,3,114,4,121,74,2,76,197
09/12/2008,RAL,CA,AWP,WE,Federal Contract Tower,0,0,22,0,22,0,0,64,0,64,0,0,86,0,86,105,0,105,191
09/13/2008,RAL,CA,AWP,WE,Federal Contract Tower,0,0,27,0,27,0,0,41,0,41,0,0,68,0,68,46,0,46,114
09/14/2008,RAL,CA,AWP,WE,Federal Contract Tower,0,0,21,0,21,0,0,79,0,79,0,0,100,0,100,33,0,33,133
09/15/2008,RAL,CA,AWP,WE,Federal Contract Tower,0,0,26,0,26,0,0,93,0,93,0,0,119,0,119,93,0,93,212
09/16/2008,RAL,CA,AWP,WE,Federal Contract Tower,0,0,22,1,23,0,0,106,0,106,0,0,128,1,129,127,0,127,256
09/17/2008,RAL,CA,AWP,WE,Federal Contract Tower,0,0,32,0,32,0,0,112,0,112,0,0,144,0,144,51,0,51,195
09/18/2008,RAL,CA,AWP,WE,Federal Contract Tower,0,0,29,0,29,0,0,127,0,127,0,0,156,0,156,62,0,62,218
09/19/2008,RAL,CA,AWP,WE,Federal Contract Tower,0,0,9,2,11,0,0,130,0,130,0,0,139,2,141,98,0,98,239
09/20/2008,RAL,CA,AWP,WE,Federal Contract Tower,0,2,26,0,28,0,2,149,0,151,0,4,175,0,179,151,0,151,330
09/21/2008,RAL,CA,AWP,WE,Federal Contract Tower,0,0,12,0,12,0,0,59,0,59,0,0,71,0,71,17,0,17,88
09/22/2008,RAL,CA,AWP,WE,Federal Contract Tower,0,2,21,0,23,0,0,87,0,87,0,2,108,0,110,52,4,56,166
09/23/2008,RAL,CA,AWP,WE,Federal Contract Tower,0,0,11,0,11,0,0,123,0,123,0,0,134,0,134,113,2,115,249
09/24/2008,RAL,CA,AWP,WE,Federal Contract Tower,0,0,18,0,18,0,0,116,0,116,0,0,134,0,134,91,0,91,225
09/25/2008,RAL,CA,AWP,WE,Federal Contract Tower,0,0,10,0,10,0,0,125,0,125,0,0,135,0,135,113,0,113,248
09/26/2008,RAL,CA,AWP,WE,Federal Contract Tower,0,0,17,0,17,0,0,144,0,144,0,0,161,0,161,155,0,155,316
09/27/2008,RAL,CA,AWP,WE,Federal Contract Tower,0,0,9,0,9,0,0,103,0,103,0,0,112,0,112,61,0,61,173
09/28/2008,RAL,CA,AWP,WE,Federal Contract Tower,0,0,13,0,13,0,0,81,0,81,0,0,94,0,94,3,0,3,97
09/29/2008,RAL,CA,AWP,WE,Federal Contract Tower,0,0,17,0,17,0,0,82,0,82,0,0,99,0,99,94,0,94,193
09/30/2008,RAL,CA,AWP,WE,Federal Contract Tower,0,0,21,0,21,0,0,91,0,91,0,0,112,0,112,85,0,85,197
10/01/2008,RAL,CA,AWP,WE,Federal Contract Tower,0,0,18,0,18,0,0,97,0,97,0,0,115,0,115,49,0,49,164
10/02/2008,RAL,CA,AWP,WE,Federal Contract Tower,0,0,8,0,8,0,0,111,0,111,0,0,119,0,119,122,0,122,241
10/03/2008,RAL,CA,AWP,WE,Federal Contract Tower,0,0,11,0,11,0,0,128,0,128,0,0,139,0,139,146,0,146,285
10/04/2008,RAL,CA,AWP,WE,Federal Contract Tower,0,0,14,0,14,0,0,65,0,65,0,0,79,0,79,136,0,136,215
10/05/2008,RAL,CA,AWP,WE,Federal Contract Tower,0,0,19,0,19,0,0,103,0,103,0,0,122,0,122,67,0,67,189
10/06/2008,RAL,CA,AWP,WE,Federal Contract Tower,0,0,12,0,12,0,0,101,0,101,0,0,113,0,113,122,0,122,235
10/07/2008,RAL,CA,AWP,WE,Federal Contract Tower,0,0,25,0,25,0,0,82,0,82,0,0,107,0,107,87,0,87,194
10/08/2008,RAL,CA,AWP,WE,Federal Contract Tower,0,0,25,0,25,0,0,96,0,96,0,0,121,0,121,75,0,75,196
10/09/2008,RAL,CA,AWP,WE,Federal Contract Tower,0,0,10,0,10,0,0,98,0,98,0,0,108,0,108,61,0,61,169
10/10/2008,RAL,CA,AWP,WE,Federal Contract Tower,0,0,11,0,11,0,2,131,0,133,0,2,142,0,144,101,0,101,245
10/11/2008,RAL,CA,AWP,WE,Federal Contract Tower,0,0,17,0,17,0,0,104,0,104,0,0,121,0,121,102,0,102,223
10/12/2008,RAL,CA,AWP,WE,Federal Contract Tower,0,0,3,0,3,0,0,27,0,27,0,0,30,0,30,18,0,18,48
10/13/2008,RAL,CA,AWP,WE,Federal Contract Tower,0,2,5,0,7,0,0,17,0,17,0,2,22,0,24,5,0,5,29
10/14/2008,RAL,CA,AWP,WE,Federal Contract Tower,0,2,11,0,13,0,0,36,0,36,0,2,47,0,49,0,0,0,49
10/15/2008,RAL,CA,AWP,WE,Federal Contract Tower,0,0,21,0,21,0,0,104,0,104,0,0,125,0,125,105,0,105,230
10/16/2008,RAL,CA,AWP,WE,Federal Contract Tower,0,0,9,0,9,0,2,91,0,93,0,2,100,0,102,76,0,76,178
10/17/2008,RAL,CA,AWP,WE,Federal Contract Tower,0,0,16,0,16,0,0,137,0,137,0,0,153,0,153,145,0,145,298
10/18/2008,RAL,CA,AWP,WE,Federal Contract Tower,0,0,11,0,11,0,0,126,0,126,0,0,137,0,137,99,0,99,236
10/19/2008,RAL,CA,AWP,WE,Federal Contract Tower,0,0,9,0,9,0,0,104,0,104,0,0,113,0,113,74,0,74,187
10/20/2008,RAL,CA,AWP,WE,Federal Contract Tower,0,0,16,0,16,0,0,52,0,52,0,0,68,0,68,115,0,115,183
10/21/2008,RAL,CA,AWP,WE,Federal Contract Tower,0,0,15,0,15,0,0,137,0,137,0,0,152,0,152,74,0,74,226
10/22/2008,RAL,CA,AWP,WE,Federal Contract Tower,0,0,14,0,14,0,0,38,0,38,0,0,52,0,52,10,0,10,62
10/23/2008,RAL,CA,AWP,WE,Federal Contract Tower,0,0,10,0,10,0,0,106,0,106,0,0,116,0,116,134,0,134,250
10/24/2008,RAL,CA,AWP,WE,Federal Contract Tower,0,0,13,1,14,0,0,144,1,145,0,0,157,2,159,130,2,132,291
10/25/2008,RAL,CA,AWP,WE,Federal Contract Tower,0,2,18,0,20,0,2,136,0,138,0,4,154,0,158,76,0,76,234
10/26/2008,RAL,CA,AWP,WE,Federal Contract Tower,0,1,14,0,15,0,1,114,0,115,0,2,128,0,130,93,0,93,223
10/27/2008,RAL,CA,AWP,WE,Federal Contract Tower,0,0,26,0,26,0,0,103,0,103,0,0,129,0,129,80,0,80,209
10/28/2008,RAL,CA,AWP,WE,Federal Contract Tower,0,0,26,0,26,0,0,134,0,134,0,0,160,0,160,99,0,99,259
10/29/2008,RAL,CA,AWP,WE,Federal Contract Tower,0,0,24,0,24,0,0,111,0,111,0,0,135,0,135,125,0,125,260
10/30/2008,RAL,CA,AWP,WE,Federal Contract Tower,0,0,21,0,21,0,0,120,0,120,0,0,141,0,141,173,0,173,314
10/31/2008,RAL,CA,AWP,WE,Federal Contract Tower,0,0,8,2,10,0,0,157,0,157,0,0,165,2,167,87,2,89,256
11/01/2008,RAL,CA,AWP,WE,Federal Contract Tower,0,0,1,0,1,0,0,123,0,123,0,0,124,0,124,131,0,131,255
11/02/2008,RAL,CA,AWP,WE,Federal Contract Tower,0,0,6,0,6,0,0,58,0,58,0,0,64,0,64,67,0,67,131
11/03/2008,RAL,CA,AWP,WE,Federal Contract Tower,0,0,2,0,2,0,0,65,0,65,0,0,67,0,67,70,0,70,137
11/04/2008,RAL,CA,AWP,WE,Federal Contract Tower,0,0,13,0,13,0,0,73,0,73,0,0,86,0,86,70,0,70,156
11/05/2008,RAL,CA,AWP,WE,Federal Contract Tower,0,2,14,0,16,0,0,58,0,58,0,2,72,0,74,54,0,54,128
11/06/2008,RAL,CA,AWP,WE,Federal Contract Tower,0,0,10,0,10,0,0,93,0,93,0,0,103,0,103,77,0,77,180
11/07/2008,RAL,CA,AWP,WE,Federal Contract Tower,0,0,19,0,19,0,0,62,0,62,0,0,81,0,81,24,0,24,105
11/08/2008,RAL,CA,AWP,WE,Federal Contract Tower,0,0,7,0,7,0,0,163,0,163,0,0,170,0,170,206,0,206,376
11/09/2008,RAL,CA,AWP,WE,Federal Contract Tower,0,0,9,0,9,0,0,69,0,69,0,0,78,0,78,54,0,54,132
11/10/2008,RAL,CA,AWP,WE,Federal Contract Tower,0,0,24,0,24,0,0,138,0,138,0,0,162,0,162,179,0,179,341
11/11/2008,RAL,CA,AWP,WE,Federal Contract Tower,0,0,19,0,19,0,0,139,0,139,0,0,158,0,158,172,0,172,330
11/12/2008,RAL,CA,AWP,WE,Federal Contract Tower,0,0,7,0,7,0,0,73,0,73,0,0,80,0,80,55,0,55,135
11/13/2008,RAL,CA,AWP,WE,Federal Contract Tower,0,0,15,0,15,0,0,135,0,135,0,0,150,0,150,169,0,169,319
11/14/2008,RAL,CA,AWP,WE,Federal Contract Tower,0,0,2,1,3,0,0,27,2,29,0,0,29,3,32,10,0,10,42
11/15/2008,RAL,CA,AWP,WE,Federal Contract Tower,0,0,6,0,6,0,0,29,0,29,0,0,35,0,35,14,0,14,49
11/16/2008,RAL,CA,AWP,WE,Federal Contract Tower,0,0,8,0,8,0,0,115,0,115,0,0,123,0,123,134,0,134,257
11/17/2008,RAL,CA,AWP,WE,Federal Contract Tower,0,0,26,0,26,0,0,100,0,100,0,0,126,0,126,223,0,223,349
11/18/2008,RAL,CA,AWP,WE,Federal Contract Tower,0,0,22,0,22,0,0,103,0,103,0,0,125,0,125,148,0,148,273
11/19/2008,RAL,CA,AWP,WE,Federal Contract Tower,0,2,9,0,11,0,2,136,0,138,0,4,145,0,149,128,0,128,277
11/20/2008,RAL,CA,AWP,WE,Federal Contract Tower,0,0,12,0,12,0,0,125,0,125,0,0,137,0,137,113,0,113,250
11/21/2008,RAL,CA,AWP,WE,Federal Contract Tower,0,0,29,0,29,0,0,173,0,173,0,0,202,0,202,176,0,176,378
11/22/2008,RAL,CA,AWP,WE,Federal Contract Tower,0,0,12,0,12,0,0,149,0,149,0,0,161,0,161,87,0,87,248
11/23/2008,RAL,CA,AWP,WE,Federal Contract Tower,0,1,18,0,19,0,0,127,0,127,0,1,145,0,146,91,0,91,237
11/24/2008,RAL,CA,AWP,WE,Federal Contract Tower,0,0,11,0,11,0,0,119,0,119,0,0,130,0,130,127,0,127,257
11/25/2008,RAL,CA,AWP,WE,Federal Contract Tower,0,0,21,0,21,0,0,88,0,88,0,0,109,0,109,107,0,107,216
11/26/2008,RAL,CA,AWP,WE,Federal Contract Tower,0,0,17,0,17,0,0,70,0,70,0,0,87,0,87,114,0,114,201
11/27/2008,RAL,CA,AWP,WE,Federal Contract Tower,0,2,9,0,11,0,0,45,0,45,0,2,54,0,56,44,0,44,100
11/28/2008,RAL,CA,AWP,WE,Federal Contract Tower,0,0,9,0,9,0,0,69,0,69,0,0,78,0,78,54,0,54,132
11/29/2008,RAL,CA,AWP,WE,Federal Contract Tower,0,2,9,0,11,0,2,125,0,127,0,4,134,0,138,82,0,82,220
11/30/2008,RAL,CA,AWP,WE,Federal Contract Tower,0,0,19,0,19,0,0,70,0,70,0,0,89,0,89,35,0,35,124
12/01/2008,RAL,CA,AWP,WE,Federal Contract Tower,0,0,14,0,14,0,0,94,0,94,0,0,108,0,108,23,0,23,131
12/02/2008,RAL,CA,AWP,WE,Federal Contract Tower,0,0,9,0,9,0,0,38,0,38,0,0,47,0,47,84,0,84,131
12/03/2008,RAL,CA,AWP,WE,Federal Contract Tower,0,0,9,0,9,0,0,84,0,84,0,0,93,0,93,128,0,128,221
12/04/2008,RAL,CA,AWP,WE,Federal Contract Tower,0,0,16,0,16,0,0,72,0,72,0,0,88,0,88,57,0,57,145
12/05/2008,RAL,CA,AWP,WE,Federal Contract Tower,0,0,12,2,14,0,0,99,0,99,0,0,111,2,113,98,0,98,211
12/06/2008,RAL,CA,AWP,WE,Federal Contract Tower,0,0,18,0,18,0,0,130,0,130,0,0,148,0,148,146,0,146,294
12/07/2008,RAL,CA,AWP,WE,Federal Contract Tower,0,0,19,0,19,0,0,80,0,80,0,0,99,0,99,58,0,58,157
12/08/2008,RAL,CA,AWP,WE,Federal Contract Tower,0,0,14,0,14,0,0,85,0,85,0,0,99,0,99,79,0,79,178
12/09/2008,RAL,CA,AWP,WE,Federal Contract Tower,0,0,11,0,11,0,0,32,0,32,0,0,43,0,43,6,0,6,49
12/10/2008,RAL,CA,AWP,WE,Federal Contract Tower,0,0,11,0,11,0,0,77,0,77,0,0,88,0,88,70,0,70,158
12/11/2008,RAL,CA,AWP,WE,Federal Contract Tower,0,0,10,0,10,0,0,128,0,128,0,0,138,0,138,141,10,151,289
12/12/2008,RAL,CA,AWP,WE,Federal Contract Tower,0,0,10,0,10,0,0,127,0,127,0,0,137,0,137,97,0,97,234
12/13/2008,RAL,CA,AWP,WE,Federal Contract Tower,0,1,12,0,13,0,0,62,0,62,0,1,74,0,75,160,0,160,235
12/14/2008,RAL,CA,AWP,WE,Federal Contract Tower,0,0,9,0,9,0,0,130,0,130,0,0,139,0,139,78,0,78,217
12/15/2008,RAL,CA,AWP,WE,Federal Contract Tower,0,0,4,0,4,0,0,2,0,2,0,0,6,0,6,0,0,0,6
12/16/2008,RAL,CA,AWP,WE,Federal Contract Tower,0,0,9,0,9,0,0,114,0,114,0,0,123,0,123,120,0,120,243
12/17/2008,RAL,CA,AWP,WE,Federal Contract Tower,0,0,6,0,6,0,0,11,0,11,0,0,17,0,17,0,0,0,17
12/18/2008,RAL,CA,AWP,WE,Federal Contract Tower,0,0,12,0,12,0,0,111,2,113,0,0,123,2,125,72,0,72,197
12/19/2008,RAL,CA,AWP,WE,Federal Contract Tower,0,0,19,0,19,0,0,110,0,110,0,0,129,0,129,145,0,145,274
12/20/2008,RAL,CA,AWP,WE,Federal Contract Tower,0,0,11,0,11,0,0,133,0,133,0,0,144,0,144,96,0,96,240
12/21/2008,RAL,CA,AWP,WE,Federal Contract Tower,0,0,20,0,20,0,0,110,0,110,0,0,130,0,130,46,0,46,176
12/22/2008,RAL,CA,AWP,WE,Federal Contract Tower,0,0,5,0,5,0,0,24,0,24,0,0,29,0,29,14,0,14,43
12/23/2008,RAL,CA,AWP,WE,Federal Contract Tower,0,0,23,0,23,0,0,95,0,95,0,0,118,0,118,47,2,49,167
12/24/2008,RAL,CA,AWP,WE,Federal Contract Tower,0,0,0,0,0,0,0,22,0,22,0,0,22,0,22,0,0,0,22
12/25/2008,RAL,CA,AWP,WE,Federal Contract Tower,0,0,0,0,0,0,0,1,0,1,0,0,1,0,1,0,0,0,1
12/26/2008,RAL,CA,AWP,WE,Federal Contract Tower,0,0,8,0,8,0,0,105,0,105,0,0,113,0,113,68,0,68,181
12/27/2008,RAL,CA,AWP,WE,Federal Contract Tower,0,0,4,0,4,0,0,132,0,132,0,0,136,0,136,78,0,78,214
12/28/2008,RAL,CA,AWP,WE,Federal Contract Tower,0,0,7,0,7,0,0,98,0,98,0,0,105,0,105,14,0,14,119
12/29/2008,RAL,CA,AWP,WE,Federal Contract Tower,0,0,23,0,23,0,0,94,0,94,0,0,117,0,117,84,0,84,201
12/30/2008,RAL,CA,AWP,WE,Federal Contract Tower,0,0,19,0,19,0,0,126,0,126,0,0,145,0,145,209,2,211,356
12/31/2008,RAL,CA,AWP,WE,Federal Contract Tower,0,0,13,0,13,0,0,78,0,78,0,0,91,0,91,162,0,162,253
01/01/2009,RAL,CA,AWP,WE,Federal Contract Tower,0,0,1,0,1,0,0,67,0,67,0,0,68,0,68,6,0,6,74
01/02/2009,RAL,CA,AWP,WE,Federal Contract Tower,0,2,9,0,11,0,2,86,0,88,0,4,95,0,99,99,0,99,198
01/03/2009,RAL,CA,AWP,WE,Federal Contract Tower,0,0,14,0,14,0,0,50,0,50,0,0,64,0,64,101,0,101,165
01/04/2009,RAL,CA,AWP,WE,Federal Contract Tower,0,0,10,0,10,0,0,51,0,51,0,0,61,0,61,15,0,15,76
01/05/2009,RAL,CA,AWP,WE,Federal Contract Tower,0,1,7,3,11,0,0,109,0,109,0,1,116,3,120,81,0,81,201
01/06/2009,RAL,CA,AWP,WE,Federal Contract Tower,0,0,9,1,10,0,0,106,1,107,0,0,115,2,117,92,0,92,209
01/07/2009,RAL,CA,AWP,WE,Federal Contract Tower,0,0,9,2,11,0,0,112,0,112,0,0,121,2,123,140,0,140,263
01/08/2009,RAL,CA,AWP,WE,Federal Contract Tower,0,0,10,0,10,0,0,82,0,82,0,0,92,0,92,105,0,105,197
01/09/2009,RAL,CA,AWP,WE,Federal Contract Tower,0,0,4,0,4,0,0,28,0,28,0,0,32,0,32,8,0,8,40
01/10/2009,RAL,CA,AWP,WE,Federal Contract Tower,0,0,8,0,8,0,0,27,0,27,0,0,35,0,35,8,0,8,43
01/11/2009,RAL,CA,AWP,WE,Federal Contract Tower,0,0,17,0,17,0,0,92,0,92,0,0,109,0,109,28,0,28,137
01/12/2009,RAL,CA,AWP,WE,Federal Contract Tower,0,0,7,0,7,0,0,51,0,51,0,0,58,0,58,36,0,36,94
01/13/2009,RAL,CA,AWP,WE,Federal Contract Tower,0,0,6,0,6,0,0,35,0,35,0,0,41,0,41,4,0,4,45
01/14/2009,RAL,CA,AWP,WE,Federal Contract Tower,0,0,6,0,6,0,0,72,0,72,0,0,78,0,78,105,0,105,183
01/15/2009,RAL,CA,AWP,WE,Federal Contract Tower,0,0,9,0,9,0,2,83,0,85,0,2,92,0,94,33,0,33,127
01/16/2009,RAL,CA,AWP,WE,Federal Contract Tower,0,0,3,0,3,0,0,112,1,113,0,0,115,1,116,131,0,131,247
01/17/2009,RAL,CA,AWP,WE,Federal Contract Tower,0,0,6,0,6,0,0,124,2,126,0,0,130,2,132,139,2,141,273
01/18/2009,RAL,CA,AWP,WE,Federal Contract Tower,0,1,19,0,20,0,0,123,0,123,0,1,142,0,143,116,0,116,259
01/19/2009,RAL,CA,AWP,WE,Federal Contract Tower,0,1,26,0,27,0,0,67,0,67,0,1,93,0,94,30,0,30,124
01/20/2009,RAL,CA,AWP,WE,Federal Contract Tower,0,0,8,0,8,0,0,65,0,65,0,0,73,0,73,121,0,121,194
01/21/2009,RAL,CA,AWP,WE,Federal Contract Tower,0,0,8,0,8,0,0,78,0,78,0,0,86,0,86,86,0,86,172
01/22/2009,RAL,CA,AWP,WE,Federal Contract Tower,0,1,17,1,19,0,0,59,2,61,0,1,76,3,80,79,2,81,161
01/23/2009,RAL,CA,AWP,WE,Federal Contract Tower,0,0,17,0,17,0,0,59,0,59,0,0,76,0,76,87,0,87,163
01/24/2009,RAL,CA,AWP,WE,Federal Contract Tower,0,0,21,0,21,0,0,40,0,40,0,0,61,0,61,114,0,114,175
01/25/2009,RAL,CA,AWP,WE,Federal Contract Tower,0,0,6,0,6,0,0,30,0,30,0,0,36,0,36,67,0,67,103
01/26/2009,RAL,CA,AWP,WE,Federal Contract Tower,0,0,10,0,10,0,0,48,0,48,0,0,58,0,58,142,0,142,200
01/27/2009,RAL,CA,AWP,WE,Federal Contract Tower,0,0,0,0,0,0,2,33,0,35,0,2,33,0,35,50,1,51,86
01/28/2009,RAL,CA,AWP,WE,Federal Contract Tower,0,0,13,0,13,0,0,75,0,75,0,0,88,0,88,133,0,133,221
01/29/2009,RAL,CA,AWP,WE,Federal Contract Tower,0,0,3,0,3,0,0,28,0,28,0,0,31,0,31,8,0,8,39
01/30/2009,RAL,CA,AWP,WE,Federal Contract Tower,0,2,10,0,12,0,0,91,0,91,0,2,101,0,103,34,0,34,137
01/31/2009,RAL,CA,AWP,WE,Federal Contract Tower,0,0,27,0,27,0,0,126,0,126,0,0,153,0,153,193,0,193,346
02/01/2009,RAL,CA,AWP,WE,Federal Contract Tower,0,0,5,0,5,0,0,60,0,60,0,0,65,0,65,103,0,103,168
02/02/2009,RAL,CA,AWP,WE,Federal Contract Tower,0,0,16,0,16,0,0,52,0,52,0,0,68,0,68,70,0,70,138
02/03/2009,RAL,CA,AWP,WE,Federal Contract Tower,0,0,11,2,13,0,0,57,2,59,0,0,68,4,72,200,2,202,274
02/04/2009,RAL,CA,AWP,WE,Federal Contract Tower,0,2,12,0,14,0,0,116,0,116,0,2,128,0,130,87,0,87,217
02/05/2009,RAL,CA,AWP,WE,Federal Contract Tower,0,0,10,0,10,0,0,62,0,62,0,0,72,0,72,36,0,36,108
02/06/2009,RAL,CA,AWP,WE,Federal Contract Tower,0,0,6,0,6,0,0,25,0,25,0,0,31,0,31,42,0,42,73
02/07/2009,RAL,CA,AWP,WE,Federal Contract Tower,0,0,2,0,2,0,0,25,0,25,0,0,27,0,27,97,0,97,124
02/08/2009,RAL,CA,AWP,WE,Federal Contract Tower,0,0,18,0,18,0,0,22,0,22,0,0,40,0,40,0,0,0,40
02/09/2009,RAL,CA,AWP,WE,Federal Contract Tower,0,0,9,0,9,0,0,27,0,27,0,0,36,0,36,34,0,34,70
02/10/2009,RAL,CA,AWP,WE,Federal Contract Tower,0,0,12,0,12,0,0,96,0,96,0,0,108,0,108,291,0,291,399
02/11/2009,RAL,CA,AWP,WE,Federal Contract Tower,0,0,14,0,14,0,0,92,0,92,0,0,106,0,106,139,0,139,245
02/12/2009,RAL,CA,AWP,WE,Federal Contract Tower,0,0,11,0,11,0,0,67,0,67,0,0,78,0,78,163,0,163,241
02/13/2009,RAL,CA,AWP,WE,Federal Contract Tower,0,0,6,30,36,0,0,30,0,30,0,0,36,30,66,26,0,26,92
02/14/2009,RAL,CA,AWP,WE,Federal Contract Tower,0,0,21,0,21,0,0,87,0,87,0,0,108,0,108,131,0,131,239
02/15/2009,RAL,CA,AWP,WE,Federal Contract Tower,0,0,23,0,23,0,0,101,0,101,0,0,124,0,124,121,0,121,245
02/16/2009,RAL,CA,AWP,WE,Federal Contract Tower,0,0,3,0,3,0,0,8,0,8,0,0,11,0,11,19,0,19,30
02/17/2009,RAL,CA,AWP,WE,Federal Contract Tower,0,0,7,0,7,0,0,35,0,35,0,0,42,0,42,69,0,69,111
02/18/2009,RAL,CA,AWP,WE,Federal Contract Tower,0,0,115,2,117,0,1,86,2,89,0,1,201,4,206,115,2,117,323
02/19/2009,RAL,CA,AWP,WE,Federal Contract Tower,0,0,5,0,5,0,0,89,0,89,0,0,94,0,94,60,0,60,154
02/20/2009,RAL,CA,AWP,WE,Federal Contract Tower,0,2,5,0,7,0,0,113,0,113,0,2,118,0,120,80,0,80,200
02/21/2009,RAL,CA,AWP,WE,Federal Contract Tower,0,0,8,0,8,0,0,125,0,125,0,0,133,0,133,138,0,138,271
02/22/2009,RAL,CA,AWP,WE,Federal Contract Tower,0,0,16,0,16,0,0,92,0,92,0,0,108,0,108,117,0,117,225
02/23/2009,RAL,CA,AWP,WE,Federal Contract Tower,0,0,20,0,20,0,0,40,0,40,0,0,60,0,60,52,0,52,112
02/24/2009,RAL,CA,AWP,WE,Federal Contract Tower,0,0,35,0,35,0,0,81,0,81,0,0,116,0,116,136,0,136,252
02/25/2009,RAL,CA,AWP,WE,Federal Contract Tower,0,0,22,0,22,0,0,49,0,49,0,0,71,0,71,74,0,74,145
02/26/2009,RAL,CA,AWP,WE,Federal Contract Tower,0,0,2,0,2,0,0,6,0,6,0,0,8,0,8,176,2,178,186
02/27/2009,RAL,CA,AWP,WE,Federal Contract Tower,0,0,22,0,22,0,0,87,0,87,0,0,109,0,109,115,0,115,224
02/28/2009,RAL,CA,AWP,WE,Federal Contract Tower,0,0,18,0,18,0,0,159,0,159,0,0,177,0,177,138,0,138,315
03/01/2009,RAL,CA,AWP,WE,Federal Contract Tower,0,2,0,0,2,0,0,109,0,109,0,2,109,0,111,141,0,141,252
03/02/2009,RAL,CA,AWP,WE,Federal Contract Tower,0,0,14,0,14,0,0,90,0,90,0,0,104,0,104,70,0,70,174
03/03/2009,RAL,CA,AWP,WE,Federal Contract Tower,0,0,9,0,9,0,0,70,0,70,0,0,79,0,79,132,0,132,211
03/04/2009,RAL,CA,AWP,WE,Federal Contract Tower,0,0,11,0,11,0,0,30,0,30,0,0,41,0,41,133,0,133,174
03/05/2009,RAL,CA,AWP,WE,Federal Contract Tower,0,0,19,0,19,0,1,61,0,62,0,1,80,0,81,206,0,206,287
03/06/2009,RAL,CA,AWP,WE,Federal Contract Tower,0,0,21,0,21,0,0,94,0,94,0,0,115,0,115,96,0,96,211
03/07/2009,RAL,CA,AWP,WE,Federal Contract Tower,0,0,13,0,13,0,0,109,0,109,0,0,122,0,122,118,0,118,240
03/08/2009,RAL,CA,AWP,WE,Federal Contract Tower,0,0,17,0,17,0,0,90,0,90,0,0,107,0,107,123,0,123,230
03/09/2009,RAL,CA,AWP,WE,Federal Contract Tower,0,0,27,0,27,0,0,45,0,45,0,0,72,0,72,146,0,146,218
03/10/2009,RAL,CA,AWP,WE,Federal Contract Tower,0,0,36,0,36,0,0,55,0,55,0,0,91,0,91,184,0,184,275
03/11/2009,RAL,CA,AWP,WE,Federal Contract Tower,0,0,29,0,29,0,1,40,0,41,0,1,69,0,70,126,0,126,196
03/12/2009,RAL,CA,AWP,WE,Federal Contract Tower,0,0,14,0,14,0,0,67,0,67,0,0,81,0,81,167,0,167,248
03/13/2009,RAL,CA,AWP,WE,Federal Contract Tower,0,0,20,0,20,0,0,69,4,73,0,0,89,4,93,186,6,192,285
03/14/2009,RAL,CA,AWP,WE,Federal Contract Tower,0,0,24,0,24,0,0,63,0,63,0,0,87,0,87,49,0,49,136
03/15/2009,RAL,CA,AWP,WE,Federal Contract Tower,0,0,14,0,14,0,0,49,0,49,0,0,63,0,63,49,0,49,112
03/16/2009,RAL,CA,AWP,WE,Federal Contract Tower,0,0,20,0,20,0,0,48,0,48,0,0,68,0,68,128,0,128,196
03/17/2009,RAL,CA,AWP,WE,Federal Contract Tower,0,0,16,0,16,0,0,50,0,50,0,0,66,0,66,187,0,187,253
03/18/2009,RAL,CA,AWP,WE,Federal Contract Tower,0,0,23,0,23,0,0,37,0,37,0,0,60,0,60,124,0,124,184
03/19/2009,RAL,CA,AWP,WE,Federal Contract Tower,0,2,5,0,7,0,0,65,0,65,0,2,70,0,72,42,0,42,114
03/20/2009,RAL,CA,AWP,WE,Federal Contract Tower,0,0,21,0,21,0,0,83,0,83,0,0,104,0,104,78,21,99,203
03/21/2009,RAL,CA,AWP,WE,Federal Contract Tower,0,2,27,0,29,0,1,62,0,63,0,3,89,0,92,126,0,126,218
03/22/2009,RAL,CA,AWP,WE,Federal Contract Tower,0,1,2,0,3,0,0,7,0,7,0,1,9,0,10,10,0,10,20
03/23/2009,RAL,CA,AWP,WE,Federal Contract Tower,0,0,19,0,19,0,0,56,0,56,0,0,75,0,75,24,0,24,99
03/24/2009,RAL,CA,AWP,WE,Federal Contract Tower,0,0,22,0,22,0,0,86,0,86,0,0,108,0,108,67,0,67,175
03/25/2009,RAL,CA,AWP,WE,Federal Contract Tower,0,0,29,0,29,0,1,110,0,111,0,1,139,0,140,158,0,158,298
03/26/2009,RAL,CA,AWP,WE,Federal Contract Tower,0,0,34,2,36,0,0,66,0,66,0,0,100,2,102,163,0,163,265
03/27/2009,RAL,CA,AWP,WE,Federal Contract Tower,0,0,13,0,13,0,0,45,1,46,0,0,58,1,59,35,1,36,95
03/28/2009,RAL,CA,AWP,WE,Federal Contract Tower,0,1,3,0,4,0,0,110,0,110,0,1,113,0,114,58,0,58,172
03/29/2009,RAL,CA,AWP,WE,Federal Contract Tower,0,0,8,0,8,0,0,106,0,106,0,0,114,0,114,40,0,40,154
03/30/2009,RAL,CA,AWP,WE,Federal Contract Tower,0,0,12,3,15,0,0,65,0,65,0,0,77,3,80,64,0,64,144
03/31/2009,RAL,CA,AWP,WE,Federal Contract Tower,0,0,27,0,27,0,0,105,0,105,0,0,132,0,132,174,0,174,306
04/01/2009,RAL,CA,AWP,WE,Federal Contract Tower,0,0,22,0,22,0,0,47,0,47,0,0,69,0,69,125,0,125,194
04/02/2009,RAL,CA,AWP,WE,Federal Contract Tower,0,0,29,0,29,0,0,41,2,43,0,0,70,2,72,105,0,105,177
04/03/2009,RAL,CA,AWP,WE,Federal Contract Tower,0,0,7,0,7,0,0,33,0,33,0,0,40,0,40,152,0,152,192
04/04/2009,RAL,CA,AWP,WE,Federal Contract Tower,0,0,8,0,8,0,0,73,0,73,0,0,81,0,81,179,0,179,260
04/05/2009,RAL,CA,AWP,WE,Federal Contract Tower,0,0,4,0,4,0,0,88,0,88,0,0,92,0,92,100,0,100,192
04/06/2009,RAL,CA,AWP,WE,Federal Contract Tower,0,0,5,0,5,0,0,89,0,89,0,0,94,0,94,88,0,88,182
04/07/2009,RAL,CA,AWP,WE,Federal Contract Tower,0,0,12,0,12,0,0,72,0,72,0,0,84,0,84,35,0,35,119
04/08/2009,RAL,CA,AWP,WE,Federal Contract Tower,0,2,18,0,20,0,0,25,0,25,0,2,43,0,45,68,0,68,113
04/09/2009,RAL,CA,AWP,WE,Federal Contract Tower,0,0,17,0,17,0,0,40,0,40,0,0,57,0,57,140,0,140,197
04/10/2009,RAL,CA,AWP,WE,Federal Contract Tower,0,0,14,0,14,0,0,27,0,27,0,0,41,0,41,150,0,150,191
04/11/2009,RAL,CA,AWP,WE,Federal Contract Tower,0,0,10,0,10,0,0,66,0,66,0,0,76,0,76,174,0,174,250
04/12/2009,RAL,CA,AWP,WE,Federal Contract Tower,0,0,11,0,11,0,0,111,0,111,0,0,122,0,122,59,0,59,181
04/13/2009,RAL,CA,AWP,WE,Federal Contract Tower,0,0,15,0,15,0,0,82,0,82,0,0,97,0,97,70,0,70,167
04/14/2009,RAL,CA,AWP,WE,Federal Contract Tower,0,0,32,0,32,0,0,69,0,69,0,0,101,0,101,116,0,116,217
04/15/2009,RAL,CA,AWP,WE,Federal Contract Tower,0,0,8,0,8,0,0,19,0,19,0,0,27,0,27,60,0,60,87
04/16/2009,RAL,CA,AWP,WE,Federal Contract Tower,0,0,24,0,24,0,0,51,0,51,0,0,75,0,75,188,0,188,263
04/17/2009,RAL,CA,AWP,WE,Federal Contract Tower,0,0,11,0,11,0,2,53,0,55,0,2,64,0,66,204,0,204,270
04/18/2009,RAL,CA,AWP,WE,Federal Contract Tower,0,0,9,0,9,0,0,111,0,111,0,0,120,0,120,168,0,168,288
04/19/2009,RAL,CA,AWP,WE,Federal Contract Tower,0,2,2,0,4,0,0,81,0,81,0,2,83,0,85,56,0,56,141
04/20/2009,RAL,CA,AWP,WE,Federal Contract Tower,0,0,16,0,16,0,0,84,0,84,0,0,100,0,100,122,0,122,222
04/21/2009,RAL,CA,AWP,WE,Federal Contract Tower,0,0,9,0,9,0,0,80,0,80,0,0,89,0,89,196,0,196,285
04/22/2009,RAL,CA,AWP,WE,Federal Contract Tower,0,4,26,0,30,0,4,52,0,56,0,8,78,0,86,110,0,110,196
04/23/2009,RAL,CA,AWP,WE,Federal Contract Tower,0,0,23,1,24,0,0,38,0,38,0,0,61,1,62,159,0,159,221
04/24/2009,RAL,CA,AWP,WE,Federal Contract Tower,0,2,17,0,19,0,0,79,0,79,0,2,96,0,98,82,0,82,180
04/25/2009,RAL,CA,AWP,WE,Federal Contract Tower,0,0,17,0,17,0,0,102,0,102,0,0,119,0,119,200,0,200,319
04/26/2009,RAL,CA,AWP,WE,Federal Contract Tower,0,0,11,0,11,0,0,95,0,95,0,0,106,0,106,85,0,85,191
04/27/2009,RAL,CA,AWP,WE,Federal Contract Tower,0,0,4,0,4,0,0,47,0,47,0,0,51,0,51,101,0,101,152
04/28/2009,RAL,CA,AWP,WE,Federal Contract Tower,0,0,18,0,18,0,0,82,0,82,0,0,100,0,100,102,0,102,202
04/29/2009,RAL,CA,AWP,WE,Federal Contract Tower,0,1,19,0,20,0,0,51,0,51,0,1,70,0,71,117,0,117,188
04/30/2009,RAL,CA,AWP,WE,Federal Contract Tower,0,0,10,0,10,0,0,77,0,77,0,0,87,0,87,132,0,132,219
05/01/2009,RAL,CA,AWP,WE,Federal Contract Tower,0,2,14,0,16,0,2,51,0,53,0,4,65,0,69,168,0,168,237
05/02/2009,RAL,CA,AWP,WE,Federal Contract Tower,0,0,40,0,40,0,0,56,0,56,0,0,96,0,96,94,0,94,190
05/03/2009,RAL,CA,AWP,WE,Federal Contract Tower,0,2,13,0,15,0,2,81,0,83,0,4,94,0,98,87,0,87,185
05/04/2009,RAL,CA,AWP,WE,Federal Contract Tower,0,0,6,0,6,0,0,42,0,42,0,0,48,0,48,122,0,122,170
05/05/2009,RAL,CA,AWP,WE,Federal Contract Tower,0,0,10,0,10,0,0,119,0,119,0,0,129,0,129,107,0,107,236
05/06/2009,RAL,CA,AWP,WE,Federal Contract Tower,0,0,8,0,8,0,0,79,0,79,0,0,87,0,87,84,0,84,171
05/07/2009,RAL,CA,AWP,WE,Federal Contract Tower,0,0,14,0,14,0,0,60,0,60,0,0,74,0,74,66,0,66,140
05/08/2009,RAL,CA,AWP,WE,Federal Contract Tower,0,0,11,0,11,0,0,69,0,69,0,0,80,0,80,121,0,121,201
05/09/2009,RAL,CA,AWP,WE,Federal Contract Tower,0,0,13,0,13,0,0,102,0,102,0,0,115,0,115,138,0,138,253
05/10/2009,RAL,CA,AWP,WE,Federal Contract Tower,0,0,5,0,5,0,0,37,0,37,0,0,42,0,42,35,0,35,77
05/11/2009,RAL,CA,AWP,WE,Federal Contract Tower,0,0,11,0,11,0,0,59,0,59,0,0,70,0,70,49,0,49,119
05/12/2009,RAL,CA,AWP,WE,Federal Contract Tower,0,0,13,2,15,0,0,65,0,65,0,0,78,2,80,75,0,75,155
05/13/2009,RAL,CA,AWP,WE,Federal Contract Tower,0,0,26,0,26,0,0,45,0,45,0,0,71,0,71,95,0,95,166
05/14/2009,RAL,CA,AWP,WE,Federal Contract Tower,0,0,34,0,34,0,0,95,0,95,0,0,129,0,129,201,0,201,330
05/15/2009,RAL,CA,AWP,WE,Federal Contract Tower,0,0,18,0,18,0,0,89,0,89,0,0,107,0,107,126,0,126,233
05/16/2009,RAL,CA,AWP,WE,Federal Contract Tower,0,0,9,0,9,0,0,47,0,47,0,0,56,0,56,86,0,86,142
05/17/2009,RAL,CA,AWP,WE,Federal Contract Tower,0,0,13,0,13,0,0,71,0,71,0,0,84,0,84,87,0,87,171
05/18/2009,RAL,CA,AWP,WE,Federal Contract Tower,0,0,12,0,12,0,0,68,0,68,0,0,80,0,80,130,0,130,210
05/19/2009,RAL,CA,AWP,WE,Federal Contract Tower,0,4,13,0,17,0,0,99,0,99,0,4,112,0,116,110,0,110,226
05/20/2009,RAL,CA,AWP,WE,Federal Contract Tower,0,0,20,0,20,0,0,74,0,74,0,0,94,0,94,103,0,103,197
05/21/2009,RAL,CA,AWP,WE,Federal Contract Tower,0,1,32,0,33,0,0,74,0,74,0,1,106,0,107,144,0,144,251
05/22/2009,RAL,CA,AWP,WE,Federal Contract Tower,0,0,43,0,43,0,0,71,0,71,0,0,114,0,114,76,0,76,190
05/23/2009,RAL,CA,AWP,WE,Federal Contract Tower,0,0,24,0,24,0,0,65,0,65,0,0,89,0,89,158,0,158,247
05/24/2009,RAL,CA,AWP,WE,Federal Contract Tower,0,0,16,0,16,0,0,45,0,45,0,0,61,0,61,46,0,46,107
05/25/2009,RAL,CA,AWP,WE,Federal Contract Tower,0,0,8,0,8,0,0,78,0,78,0,0,86,0,86,50,0,50,136
05/26/2009,RAL,CA,AWP,WE,Federal Contract Tower,0,1,9,0,10,0,0,84,0,84,0,1,93,0,94,101,0,101,195
05/27/2009,RAL,CA,AWP,WE,Federal Contract Tower,0,0,21,0,21,0,0,47,0,47,0,0,68,0,68,138,0,138,206
05/28/2009,RAL,CA,AWP,WE,Federal Contract Tower,0,0,24,0,24,0,0,59,0,59,0,0,83,0,83,91,0,91,174
05/29/2009,RAL,CA,AWP,WE,Federal Contract Tower,0,0,21,0,21,0,0,38,0,38,0,0,59,0,59,83,0,83,142
05/30/2009,RAL,CA,AWP,WE,Federal Contract Tower,0,0,32,0,32,0,0,53,0,53,0,0,85,0,85,76,0,76,161
05/31/2009,RAL,CA,AWP,WE,Federal Contract Tower,0,0,23,0,23,0,0,56,0,56,0,0,79,0,79,59,0,59,138
06/01/2009,RAL,CA,AWP,WE,Federal Contract Tower,0,0,11,2,13,0,0,37,0,37,0,0,48,2,50,122,0,122,172
06/02/2009,RAL,CA,AWP,WE,Federal Contract Tower,0,0,10,0,10,0,0,62,0,62,0,0,72,0,72,151,0,151,223
06/03/2009,RAL,CA,AWP,WE,Federal Contract Tower,0,0,5,2,7,0,0,51,0,51,0,0,56,2,58,77,0,77,135
06/04/2009,RAL,CA,AWP,WE,Federal Contract Tower,0,0,21,0,21,0,0,93,0,93,0,0,114,0,114,136,0,136,250
06/05/2009,RAL,CA,AWP,WE,Federal Contract Tower,0,0,14,0,14,0,0,49,0,49,0,0,63,0,63,45,0,45,108
06/06/2009,RAL,CA,AWP,WE,Federal Contract Tower,0,0,13,0,13,0,0,72,0,72,0,0,85,0,85,66,0,66,151
06/07/2009,RAL,CA,AWP,WE,Federal Contract Tower,0,0,18,0,18,0,0,63,0,63,0,0,81,0,81,35,0,35,116
06/08/2009,RAL,CA,AWP,WE,Federal Contract Tower,0,0,8,0,8,0,1,33,0,34,0,1,41,0,42,42,0,42,84
06/09/2009,RAL,CA,AWP,WE,Federal Contract Tower,0,0,15,0,15,0,1,61,0,62,0,1,76,0,77,156,0,156,233
06/10/2009,RAL,CA,AWP,WE,Federal Contract Tower,0,0,26,0,26,0,0,61,0,61,0,0,87,0,87,103,0,103,190
06/11/2009,RAL,CA,AWP,WE,Federal Contract Tower,0,0,26,0,26,0,0,72,0,72,0,0,98,0,98,58,0,58,156
06/12/2009,RAL,CA,AWP,WE,Federal Contract Tower,0,0,13,0,13,0,0,70,0,70,0,0,83,0,83,42,0,42,125
06/13/2009,RAL,CA,AWP,WE,Federal Contract Tower,0,0,25,0,25,0,0,64,0,64,0,0,89,0,89,89,0,89,178
06/14/2009,RAL,CA,AWP,WE,Federal Contract Tower,0,0,13,0,13,0,0,55,0,55,0,0,68,0,68,93,0,93,161
06/15/2009,RAL,CA,AWP,WE,Federal Contract Tower,0,0,16,0,16,0,0,59,0,59,0,0,75,0,75,85,0,85,160
06/16/2009,RAL,CA,AWP,WE,Federal Contract Tower,0,0,13,0,13,0,0,73,0,73,0,0,86,0,86,138,0,138,224
06/17/2009,RAL,CA,AWP,WE,Federal Contract Tower,0,1,14,0,15,0,2,112,0,114,0,3,126,0,129,129,0,129,258
06/18/2009,RAL,CA,AWP,WE,Federal Contract Tower,0,0,10,0,10,0,0,96,0,96,0,0,106,0,106,125,0,125,231
06/19/2009,RAL,CA,AWP,WE,Federal Contract Tower,0,0,13,0,13,0,0,125,0,125,0,0,138,0,138,175,0,175,313
06/20/2009,RAL,CA,AWP,WE,Federal Contract Tower,0,0,25,0,25,0,0,106,0,106,0,0,131,0,131,87,0,87,218
06/21/2009,RAL,CA,AWP,WE,Federal Contract Tower,0,0,9,0,9,0,0,55,0,55,0,0,64,0,64,62,0,62,126
06/22/2009,RAL,CA,AWP,WE,Federal Contract Tower,0,0,11,0,11,0,0,89,0,89,0,0,100,0,100,146,0,146,246
06/23/2009,RAL,CA,AWP,WE,Federal Contract Tower,0,0,2,0,2,0,0,106,0,106,0,0,108,0,108,121,0,121,229
06/24/2009,RAL,CA,AWP,WE,Federal Contract Tower,0,0,3,0,3,0,0,78,0,78,0,0,81,0,81,106,0,106,187
06/25/2009,RAL,CA,AWP,WE,Federal Contract Tower,0,2,8,0,10,0,0,100,0,100,0,2,108,0,110,36,0,36,146
06/26/2009,RAL,CA,AWP,WE,Federal Contract Tower,0,0,10,0,10,0,0,127,0,127,0,0,137,0,137,89,0,89,226
06/27/2009,RAL,CA,AWP,WE,Federal Contract Tower,0,0,15,0,15,0,0,94,0,94,0,0,109,0,109,88,0,88,197
06/28/2009,RAL,CA,AWP,WE,Federal Contract Tower,0,0,6,0,6,0,1,65,0,66,0,1,71,0,72,19,0,19,91
06/29/2009,RAL,CA,AWP,WE,Federal Contract Tower,0,0,13,2,15,0,0,61,0,61,0,0,74,2,76,77,0,77,153
06/30/2009,RAL,CA,AWP,WE,Federal Contract Tower,0,0,2,0,2,0,0,67,0,67,0,0,69,0,69,156,0,156,225
07/01/2009,RAL,CA,AWP,WE,Federal Contract Tower,0,0,3,0,3,0,0,93,0,93,0,0,96,0,96,83,0,83,179
07/02/2009,RAL,CA,AWP,WE,Federal Contract Tower,0,0,17,0,17,0,0,100,0,100,0,0,117,0,117,104,0,104,221
07/03/2009,RAL,CA,AWP,WE,Federal Contract Tower,0,1,5,0,6,0,0,94,0,94,0,1,99,0,100,90,0,90,190
07/04/2009,RAL,CA,AWP,WE,Federal Contract Tower,0,0,6,0,6,0,0,62,0,62,0,0,68,0,68,10,0,10,78
07/05/2009,RAL,CA,AWP,WE,Federal Contract Tower,0,0,17,0,17,0,0,72,0,72,0,0,89,0,89,17,0,17,106
07/06/2009,RAL,CA,AWP,WE,Federal Contract Tower,0,0,14,0,14,0,0,81,0,81,0,0,95,0,95,75,0,75,170
07/07/2009,RAL,CA,AWP,WE,Federal Contract Tower,0,0,9,0,9,0,0,78,0,78,0,0,87,0,87,73,0,73,160
07/08/2009,RAL,CA,AWP,WE,Federal Contract Tower,0,0,6,0,6,0,0,78,0,78,0,0,84,0,84,118,0,118,202
07/09/2009,RAL,CA,AWP,WE,Federal Contract Tower,0,0,12,0,12,0,0,99,0,99,0,0,111,0,111,165,6,171,282
07/10/2009,RAL,CA,AWP,WE,Federal Contract Tower,0,2,6,0,8,0,0,98,0,98,0,2,104,0,106,149,0,149,255
07/11/2009,RAL,CA,AWP,WE,Federal Contract Tower,0,0,7,0,7,0,0,115,0,115,0,0,122,0,122,101,0,101,223
07/12/2009,RAL,CA,AWP,WE,Federal Contract Tower,0,2,8,0,10,0,0,73,0,73,0,2,81,0,83,56,0,56,139
07/13/2009,RAL,CA,AWP,WE,Federal Contract Tower,0,0,19,0,19,0,0,96,0,96,0,0,115,0,115,75,0,75,190
07/14/2009,RAL,CA,AWP,WE,Federal Contract Tower,0,0,16,0,16,0,0,81,0,81,0,0,97,0,97,92,0,92,189
07/15/2009,RAL,CA,AWP,WE,Federal Contract Tower,0,2,7,0,9,0,0,76,0,76,0,2,83,0,85,74,0,74,159
07/16/2009,RAL,CA,AWP,WE,Federal Contract Tower,0,0,9,0,9,0,0,79,0,79,0,0,88,0,88,88,0,88,176
07/17/2009,RAL,CA,AWP,WE,Federal Contract Tower,0,0,18,0,18,0,0,103,0,103,0,0,121,0,121,79,0,79,200
07/18/2009,RAL,CA,AWP,WE,Federal Contract Tower,0,0,8,0,8,0,0,93,0,93,0,0,101,0,101,99,0,99,200
07/19/2009,RAL,CA,AWP,WE,Federal Contract Tower,0,2,12,0,14,0,0,57,0,57,0,2,69,0,71,14,0,14,85
07/20/2009,RAL,CA,AWP,WE,Federal Contract Tower,0,0,8,0,8,0,0,61,0,61,0,0,69,0,69,70,0,70,139
07/21/2009,RAL,CA,AWP,WE,Federal Contract Tower,0,0,18,0,18,0,0,87,0,87,0,0,105,0,105,81,0,81,186
07/22/2009,RAL,CA,AWP,WE,Federal Contract Tower,0,2,9,0,11,0,0,100,0,100,0,2,109,0,111,87,0,87,198
07/23/2009,RAL,CA,AWP,WE,Federal Contract Tower,0,0,19,0,19,0,0,112,0,112,0,0,131,0,131,89,0,89,220
07/24/2009,RAL,CA,AWP,WE,Federal Contract Tower,0,0,8,0,8,0,0,77,0,77,0,0,85,0,85,82,0,82,167
07/25/2009,RAL,CA,AWP,WE,Federal Contract Tower,0,0,3,0,3,0,0,108,0,108,0,0,111,0,111,76,0,76,187
07/26/2009,RAL,CA,AWP,WE,Federal Contract Tower,0,0,3,0,3,0,0,76,0,76,0,0,79,0,79,101,0,101,180
07/27/2009,RAL,CA,AWP,WE,Federal Contract Tower,0,0,15,0,15,0,0,74,0,74,0,0,89,0,89,63,0,63,152
07/28/2009,RAL,CA,AWP,WE,Federal Contract Tower,0,0,26,0,26,0,0,77,0,77,0,0,103,0,103,61,0,61,164
07/29/2009,RAL,CA,AWP,WE,Federal Contract Tower,0,0,17,0,17,0,0,82,0,82,0,0,99,0,99,91,0,91,190
07/30/2009,RAL,CA,AWP,WE,Federal Contract Tower,0,0,15,0,15,0,0,98,0,98,0,0,113,0,113,110,0,110,223
07/31/2009,RAL,CA,AWP,WE,Federal Contract Tower,0,0,10,0,10,0,0,99,0,99,0,0,109,0,109,91,0,91,200
08/01/2009,RAL,CA,AWP,WE,Federal Contract Tower,0,0,11,0,11,0,0,82,0,82,0,0,93,0,93,48,0,48,141
08/02/2009,RAL,CA,AWP,WE,Federal Contract Tower,0,0,19,0,19,0,0,58,0,58,0,0,77,0,77,35,0,35,112
08/03/2009,RAL,CA,AWP,WE,Federal Contract Tower,0,0,14,0,14,0,0,89,0,89,0,0,103,0,103,86,0,86,189
08/04/2009,RAL,CA,AWP,WE,Federal Contract Tower,0,0,27,0,27,0,0,92,0,92,0,0,119,0,119,89,0,89,208
08/05/2009,RAL,CA,AWP,WE,Federal Contract Tower,0,2,3,0,5,0,0,98,0,98,0,2,101,0,103,75,0,75,178
08/06/2009,RAL,CA,AWP,WE,Federal Contract Tower,0,0,12,0,12,0,0,101,0,101,0,0,113,0,113,158,0,158,271
08/07/2009,RAL,CA,AWP,WE,Federal Contract Tower,0,0,10,0,10,0,0,114,0,114,0,0,124,0,124,77,0,77,201
08/08/2009,RAL,CA,AWP,WE,Federal Contract Tower,0,0,11,0,11,0,0,146,0,146,0,0,157,0,157,39,0,39,196
08/09/2009,RAL,CA,AWP,WE,Federal Contract Tower,0,0,12,0,12,0,1,92,0,93,0,1,104,0,105,44,0,44,149
08/10/2009,RAL,CA,AWP,WE,Federal Contract Tower,0,0,24,0,24,0,0,92,0,92,0,0,116,0,116,78,0,78,194
08/11/2009,RAL,CA,AWP,WE,Federal Contract Tower,0,0,12,0,12,0,0,77,0,77,0,0,89,0,89,109,0,109,198
08/12/2009,RAL,CA,AWP,WE,Federal Contract Tower,0,0,33,0,33,0,0,82,1,83,0,0,115,1,116,78,1,79,195
08/13/2009,RAL,CA,AWP,WE,Federal Contract Tower,0,2,11,0,13,0,0,130,0,130,0,2,141,0,143,83,0,83,226
08/14/2009,RAL,CA,AWP,WE,Federal Contract Tower,0,2,11,0,13,0,0,72,0,72,0,2,83,0,85,37,0,37,122
08/15/2009,RAL,CA,AWP,WE,Federal Contract Tower,0,0,18,0,18,0,0,89,0,89,0,0,107,0,107,97,0,97,204
08/16/2009,RAL,CA,AWP,WE,Federal Contract Tower,0,2,14,0,16,0,0,86,0,86,0,2,100,0,102,30,0,30,132
08/17/2009,RAL,CA,AWP,WE,Federal Contract Tower,0,0,11,0,11,0,0,58,0,58,0,0,69,0,69,46,0,46,115
08/18/2009,RAL,CA,AWP,WE,Federal Contract Tower,0,0,15,0,15,0,0,56,0,56,0,0,71,0,71,88,0,88,159
08/19/2009,RAL,CA,AWP,WE,Federal Contract Tower,0,0,17,0,17,0,0,56,0,56,0,0,73,0,73,64,0,64,137
08/20/2009,RAL,CA,AWP,WE,Federal Contract Tower,0,0,19,0,19,0,0,72,0,72,0,0,91,0,91,57,0,57,148
08/21/2009,RAL,CA,AWP,WE,Federal Contract Tower,0,1,8,0,9,0,1,91,0,92,0,2,99,0,101,64,0,64,165
08/22/2009,RAL,CA,AWP,WE,Federal Contract Tower,0,2,6,0,8,0,0,92,0,92,0,2,98,0,100,51,0,51,151
08/23/2009,RAL,CA,AWP,WE,Federal Contract Tower,0,0,4,0,4,0,0,78,0,78,0,0,82,0,82,77,0,77,159
08/24/2009,RAL,CA,AWP,WE,Federal Contract Tower,0,0,10,0,10,0,0,92,0,92,0,0,102,0,102,91,0,91,193
08/25/2009,RAL,CA,AWP,WE,Federal Contract Tower,0,1,13,0,14,0,2,94,0,96,0,3,107,0,110,59,2,61,171
08/26/2009,RAL,CA,AWP,WE,Federal Contract Tower,0,2,11,0,13,0,2,91,0,93,0,4,102,0,106,64,0,64,170
08/27/2009,RAL,CA,AWP,WE,Federal Contract Tower,0,0,18,0,18,0,0,87,0,87,0,0,105,0,105,68,0,68,173
08/28/2009,RAL,CA,AWP,WE,Federal Contract Tower,0,0,7,0,7,0,0,93,0,93,0,0,100,0,100,53,0,53,153
08/29/2009,RAL,CA,AWP,WE,Federal Contract Tower,0,0,2,0,2,0,0,64,0,64,0,0,66,0,66,12,0,12,78
08/30/2009,RAL,CA,AWP,WE,Federal Contract Tower,0,0,8,0,8,0,0,84,0,84,0,0,92,0,92,22,0,22,114
08/31/2009,RAL,CA,AWP,WE,Federal Contract Tower,0,0,11,0,11,0,0,81,0,81,0,0,92,0,92,72,0,72,164
09/01/2009,RAL,CA,AWP,WE,Federal Contract Tower,0,0,14,0,14,0,0,64,0,64,0,0,78,0,78,57,0,57,135
09/02/2009,RAL,CA,AWP,WE,Federal Contract Tower,0,0,11,0,11,0,0,82,0,82,0,0,93,0,93,51,0,51,144
09/03/2009,RAL,CA,AWP,WE,Federal Contract Tower,0,0,21,0,21,0,0,109,0,109,0,0,130,0,130,48,10,58,188
09/04/2009,RAL,CA,AWP,WE,Federal Contract Tower,0,0,6,0,6,0,0,104,0,104,0,0,110,0,110,52,0,52,162
09/05/2009,RAL,CA,AWP,WE,Federal Contract Tower,0,0,7,0,7,0,0,99,0,99,0,0,106,0,106,69,0,69,175
09/06/2009,RAL,CA,AWP,WE,Federal Contract Tower,0,0,4,0,4,0,0,54,0,54,0,0,58,0,58,23,0,23,81
09/07/2009,RAL,CA,AWP,WE,Federal Contract Tower,0,0,13,0,13,0,0,96,0,96,0,0,109,0,109,77,0,77,186
09/08/2009,RAL,CA,AWP,WE,Federal Contract Tower,0,0,28,0,28,0,0,58,2,60,0,0,86,2,88,41,0,41,129
09/09/2009,RAL,CA,AWP,WE,Federal Contract Tower,0,0,26,0,26,0,0,107,2,109,0,0,133,2,135,48,0,48,183
09/10/2009,RAL,CA,AWP,WE,Federal Contract Tower,0,0,16,0,16,0,0,94,0,94,0,0,110,0,110,76,0,76,186
09/11/2009,RAL,CA,AWP,WE,Federal Contract Tower,0,2,3,0,5,0,0,124,2,126,0,2,127,2,131,83,0,83,214
09/12/2009,RAL,CA,AWP,WE,Federal Contract Tower,0,0,7,0,7,0,0,154,0,154,0,0,161,0,161,154,0,154,315
09/13/2009,RAL,CA,AWP,WE,Federal Contract Tower,0,0,12,0,12,0,0,69,2,71,0,0,81,2,83,53,0,53,136
09/14/2009,RAL,CA,AWP,WE,Federal Contract Tower,0,0,17,0,17,0,0,57,0,57,0,0,74,0,74,62,0,62,136
09/15/2009,RAL,CA,AWP,WE,Federal Contract Tower,0,0,15,0,15,0,0,87,0,87,0,0,102,0,102,100,0,100,202
09/16/2009,RAL,CA,AWP,WE,Federal Contract Tower,0,0,4,0,4,0,0,83,0,83,0,0,87,0,87,128,0,128,215
09/17/2009,RAL,CA,AWP,WE,Federal Contract Tower,0,0,10,0,10,0,0,98,0,98,0,0,108,0,108,68,0,68,176
09/18/2009,RAL,CA,AWP,WE,Federal Contract Tower,0,0,20,0,20,0,0,102,0,102,0,0,122,0,122,104,0,104,226
09/19/2009,RAL,CA,AWP,WE,Federal Contract Tower,0,0,17,0,17,0,0,72,0,72,0,0,89,0,89,87,0,87,176
09/20/2009,RAL,CA,AWP,WE,Federal Contract Tower,0,0,3,0,3,0,0,116,0,116,0,0,119,0,119,57,0,57,176
09/21/2009,RAL,CA,AWP,WE,Federal Contract Tower,0,0,11,0,11,0,0,88,0,88,0,0,99,0,99,37,0,37,136
09/22/2009,RAL,CA,AWP,WE,Federal Contract Tower,0,0,9,0,9,0,0,63,0,63,0,0,72,0,72,146,0,146,218
09/23/2009,RAL,CA,AWP,WE,Federal Contract Tower,0,2,4,0,6,0,2,61,0,63,0,4,65,0,69,83,0,83,152
09/24/2009,RAL,CA,AWP,WE,Federal Contract Tower,0,2,8,0,10,0,2,87,0,89,0,4,95,0,99,109,0,109,208
09/25/2009,RAL,CA,AWP,WE,Federal Contract Tower,0,0,15,0,15,0,0,96,0,96,0,0,111,0,111,59,0,59,170
09/26/2009,RAL,CA,AWP,WE,Federal Contract Tower,0,0,3,0,3,0,0,119,0,119,0,0,122,0,122,22,0,22,144
09/27/2009,RAL,CA,AWP,WE,Federal Contract Tower,0,2,12,0,14,0,0,98,0,98,0,2,110,0,112,43,0,43,155
09/28/2009,RAL,CA,AWP,WE,Federal Contract Tower,0,0,12,1,13,0,0,70,0,70,0,0,82,1,83,89,5,94,177
09/29/2009,RAL,CA,AWP,WE,Federal Contract Tower,0,0,16,1,17,0,0,90,0,90,0,0,106,1,107,111,2,113,220
09/30/2009,RAL,CA,AWP,WE,Federal Contract Tower,0,0,20,0,20,0,0,123,0,123,0,0,143,0,143,119,0,119,262
10/01/2009,RAL,CA,AWP,WE,Federal Contract Tower,0,0,38,0,38,0,0,48,0,48,0,0,86,0,86,142,0,142,228
10/02/2009,RAL,CA,AWP,WE,Federal Contract Tower,0,0,24,0,24,0,0,125,0,125,0,0,149,0,149,47,0,47,196
10/03/2009,RAL,CA,AWP,WE,Federal Contract Tower,0,0,3,0,3,0,0,102,0,102,0,0,105,0,105,65,0,65,170
10/04/2009,RAL,CA,AWP,WE,Federal Contract Tower,0,1,15,0,16,0,0,88,0,88,0,1,103,0,104,54,0,54,158
10/05/2009,RAL,CA,AWP,WE,Federal Contract Tower,0,0,20,0,20,0,0,90,0,90,0,0,110,0,110,71,0,71,181
10/06/2009,RAL,CA,AWP,WE,Federal Contract Tower,0,0,25,0,25,0,0,96,0,96,0,0,121,0,121,40,0,40,161
10/07/2009,RAL,CA,AWP,WE,Federal Contract Tower,0,0,12,0,12,0,0,67,0,67,0,0,79,0,79,94,0,94,173
10/08/2009,RAL,CA,AWP,WE,Federal Contract Tower,0,0,23,0,23,0,0,96,0,96,0,0,119,0,119,115,0,115,234
10/09/2009,RAL,CA,AWP,WE,Federal Contract Tower,0,0,30,0,30,0,0,72,0,72,0,0,102,0,102,44,0,44,146
10/10/2009,RAL,CA,AWP,WE,Federal Contract Tower,0,0,5,0,5,0,0,54,0,54,0,0,59,0,59,30,0,30,89
10/11/2009,RAL,CA,AWP,WE,Federal Contract Tower,0,0,10,0,10,0,0,69,0,69,0,0,79,0,79,72,0,72,151
10/12/2009,RAL,CA,AWP,WE,Federal Contract Tower,0,0,13,0,13,0,0,61,0,61,0,0,74,0,74,78,0,78,152
10/13/2009,RAL,CA,AWP,WE,Federal Contract Tower,0,0,9,0,9,0,0,21,0,21,0,0,30,0,30,57,0,57,87
10/14/2009,RAL,CA,AWP,WE,Federal Contract Tower,0,0,20,2,22,0,0,36,0,36,0,0,56,2,58,49,0,49,107
10/15/2009,RAL,CA,AWP,WE,Federal Contract Tower,0,1,55,0,56,0,0,99,0,99,0,1,154,0,155,55,0,55,210
10/16/2009,RAL,CA,AWP,WE,Federal Contract Tower,0,0,26,0,26,0,0,90,0,90,0,0,116,0,116,65,0,65,181
10/17/2009,RAL,CA,AWP,WE,Federal Contract Tower,0,0,23,0,23,0,0,74,0,74,0,0,97,0,97,70,0,70,167
10/18/2009,RAL,CA,AWP,WE,Federal Contract Tower,0,0,9,0,9,0,0,97,0,97,0,0,106,0,106,107,0,107,213
10/19/2009,RAL,CA,AWP,WE,Federal Contract Tower,0,0,0,29,29,0,2,67,0,69,0,2,67,29,98,128,0,128,226
10/20/2009,RAL,CA,AWP,WE,Federal Contract Tower,0,0,19,0,19,0,0,123,0,123,0,0,142,0,142,127,0,127,269
10/21/2009,RAL,CA,AWP,WE,Federal Contract Tower,0,1,10,0,11,0,1,107,0,108,0,2,117,0,119,91,0,91,210
10/22/2009,RAL,CA,AWP,WE,Federal Contract Tower,0,0,14,2,16,0,0,138,0,138,0,0,152,2,154,127,0,127,281
10/23/2009,RAL,CA,AWP,WE,Federal Contract Tower,0,0,28,0,28,0,0,118,0,118,0,0,146,0,146,111,0,111,257
10/24/2009,RAL,CA,AWP,WE,Federal Contract Tower,0,0,26,0,26,0,0,116,0,116,0,0,142,0,142,97,0,97,239
10/25/2009,RAL,CA,AWP,WE,Federal Contract Tower,0,0,15,0,15,0,0,54,0,54,0,0,69,0,69,0,31,31,100
10/26/2009,RAL,CA,AWP,WE,Federal Contract Tower,0,0,21,0,21,0,0,76,0,76,0,0,97,0,97,44,0,44,141
10/27/2009,RAL,CA,AWP,WE,Federal Contract Tower,0,0,8,0,8,0,0,61,0,61,0,0,69,0,69,73,0,73,142
10/28/2009,RAL,CA,AWP,WE,Federal Contract Tower,0,0,3,0,3,0,0,29,0,29,0,0,32,0,32,10,0,10,42
10/29/2009,RAL,CA,AWP,WE,Federal Contract Tower,0,0,8,0,8,0,0,47,0,47,0,0,55,0,55,25,0,25,80
10/30/2009,RAL,CA,AWP,WE,Federal Contract Tower,0,0,20,0,20,0,0,110,0,110,0,0,130,0,130,90,0,90,220
10/31/2009,RAL,CA,AWP,WE,Federal Contract Tower,0,0,20,0,20,0,0,88,0,88,0,0,108,0,108,39,0,39,147
11/01/2009,RAL,CA,AWP,WE,Federal Contract Tower,0,0,9,0,9,0,0,87,0,87,0,0,96,0,96,111,0,111,207
11/02/2009,RAL,CA,AWP,WE,Federal Contract Tower,0,0,11,0,11,0,0,89,0,89,0,0,100,0,100,112,0,112,212
11/03/2009,RAL,CA,AWP,WE,Federal Contract Tower,0,0,22,0,22,0,0,99,0,99,0,0,121,0,121,103,0,103,224
11/04/2009,RAL,CA,AWP,WE,Federal Contract Tower,0,0,9,4,13,0,0,96,4,100,0,0,105,8,113,96,0,96,209
11/05/2009,RAL,CA,AWP,WE,Federal Contract Tower,0,0,8,0,8,0,0,83,0,83,0,0,91,0,91,92,0,92,183
11/06/2009,RAL,CA,AWP,WE,Federal Contract Tower,0,0,32,2,34,0,0,114,0,114,0,0,146,2,148,94,0,94,242
11/07/2009,RAL,CA,AWP,WE,Federal Contract Tower,0,0,22,0,22,0,0,88,0,88,0,0,110,0,110,53,0,53,163
11/08/2009,RAL,CA,AWP,WE,Federal Contract Tower,0,0,29,0,29,0,0,82,0,82,0,0,111,0,111,65,0,65,176
11/09/2009,RAL,CA,AWP,WE,Federal Contract Tower,0,0,0,0,0,0,0,111,2,113,0,0,111,2,113,128,0,128,241
11/10/2009,RAL,CA,AWP,WE,Federal Contract Tower,0,0,4,0,4,0,0,111,0,111,0,0,115,0,115,145,0,145,260
11/11/2009,RAL,CA,AWP,WE,Federal Contract Tower,0,0,19,0,19,0,0,72,0,72,0,0,91,0,91,88,0,88,179
11/12/2009,RAL,CA,AWP,WE,Federal Contract Tower,0,0,21,2,23,0,0,79,0,79,0,0,100,2,102,128,4,132,234
11/13/2009,RAL,CA,AWP,WE,Federal Contract Tower,0,0,12,0,12,0,0,79,0,79,0,0,91,0,91,168,0,168,259
11/14/2009,RAL,CA,AWP,WE,Federal Contract Tower,0,0,14,0,14,0,0,86,0,86,0,0,100,0,100,85,0,85,185
11/15/2009,RAL,CA,AWP,WE,Federal Contract Tower,0,0,12,0,12,0,0,60,0,60,0,0,72,0,72,38,0,38,110
11/16/2009,RAL,CA,AWP,WE,Federal Contract Tower,0,0,11,0,11,0,0,62,0,62,0,0,73,0,73,76,0,76,149
11/17/2009,RAL,CA,AWP,WE,Federal Contract Tower,0,0,8,0,8,0,0,135,0,135,0,0,143,0,143,195,0,195,338
11/18/2009,RAL,CA,AWP,WE,Federal Contract Tower,0,0,8,0,8,0,0,99,0,99,0,0,107,0,107,93,0,93,200
11/19/2009,RAL,CA,AWP,WE,Federal Contract Tower,0,0,17,0,17,0,0,85,2,87,0,0,102,2,104,121,0,121,225
11/20/2009,RAL,CA,AWP,WE,Federal Contract Tower,0,2,19,0,21,0,2,94,0,96,0,4,113,0,117,42,0,42,159
11/21/2009,RAL,CA,AWP,WE,Federal Contract Tower,0,0,16,0,16,0,0,85,0,85,0,0,101,0,101,131,0,131,232
11/22/2009,RAL,CA,AWP,WE,Federal Contract Tower,0,2,17,0,19,0,2,102,0,104,0,4,119,0,123,42,0,42,165
11/23/2009,RAL,CA,AWP,WE,Federal Contract Tower,0,0,16,2,18,0,0,45,0,45,0,0,61,2,63,20,0,20,83
11/24/2009,RAL,CA,AWP,WE,Federal Contract Tower,0,0,6,0,6,0,0,36,0,36,0,0,42,0,42,18,0,18,60
11/25/2009,RAL,CA,AWP,WE,Federal Contract Tower,0,0,4,0,4,0,0,52,0,52,0,0,56,0,56,43,0,43,99
11/26/2009,RAL,CA,AWP,WE,Federal Contract Tower,0,0,0,0,0,0,0,42,0,42,0,0,42,0,42,10,0,10,52
11/27/2009,RAL,CA,AWP,WE,Federal Contract Tower,0,0,18,0,18,0,0,102,0,102,0,0,120,0,120,91,0,91,211
11/28/2009,RAL,CA,AWP,WE,Federal Contract Tower,0,0,5,0,5,0,0,51,0,51,0,0,56,0,56,93,0,93,149
11/29/2009,RAL,CA,AWP,WE,Federal Contract Tower,0,0,3,0,3,0,0,61,0,61,0,0,64,0,64,15,0,15,79
11/30/2009,RAL,CA,AWP,WE,Federal Contract Tower,0,0,10,0,10,0,0,37,0,37,0,0,47,0,47,8,0,8,55
12/01/2009,RAL,CA,AWP,WE,Federal Contract Tower,0,0,23,0,23,0,0,101,0,101,0,0,124,0,124,147,0,147,271
12/02/2009,RAL,CA,AWP,WE,Federal Contract Tower,0,0,9,0,9,0,0,77,0,77,0,0,86,0,86,149,0,149,235
12/03/2009,RAL,CA,AWP,WE,Federal Contract Tower,0,0,12,1,13,0,0,97,2,99,0,0,109,3,112,137,0,137,249
12/04/2009,RAL,CA,AWP,WE,Federal Contract Tower,0,2,28,0,30,0,0,101,0,101,0,2,129,0,131,136,0,136,267
12/05/2009,RAL,CA,AWP,WE,Federal Contract Tower,0,0,13,0,13,0,0,79,0,79,0,0,92,0,92,77,0,77,169
12/06/2009,RAL,CA,AWP,WE,Federal Contract Tower,0,2,18,0,20,0,0,43,0,43,0,2,61,0,63,77,0,77,140
12/07/2009,RAL,CA,AWP,WE,Federal Contract Tower,0,0,5,0,5,0,0,3,0,3,0,0,8,0,8,0,0,0,8
12/08/2009,RAL,CA,AWP,WE,Federal Contract Tower,0,0,29,0,29,0,0,82,0,82,0,0,111,0,111,69,0,69,180
12/09/2009,RAL,CA,AWP,WE,Federal Contract Tower,0,0,8,1,9,0,0,102,2,104,0,0,110,3,113,118,0,118,231
12/10/2009,RAL,CA,AWP,WE,Federal Contract Tower,0,0,5,0,5,0,0,88,0,88,0,0,93,0,93,78,0,78,171
12/11/2009,RAL,CA,AWP,WE,Federal Contract Tower,0,0,29,0,29,0,0,29,0,29,0,0,58,0,58,36,0,36,94
12/12/2009,RAL,CA,AWP,WE,Federal Contract Tower,0,0,3,0,3,0,0,8,0,8,0,0,11,0,11,10,0,10,21
12/13/2009,RAL,CA,AWP,WE,Federal Contract Tower,0,0,14,0,14,0,0,38,0,38,0,0,52,0,52,36,0,36,88
12/14/2009,RAL,CA,AWP,WE,Federal Contract Tower,0,0,16,0,16,0,0,64,0,64,0,0,80,0,80,74,0,74,154
12/15/2009,RAL,CA,AWP,WE,Federal Contract Tower,0,0,19,0,19,0,0,104,0,104,0,0,123,0,123,87,0,87,210
12/16/2009,RAL,CA,AWP,WE,Federal Contract Tower,0,0,16,0,16,0,0,112,0,112,0,0,128,0,128,166,0,166,294
12/17/2009,RAL,CA,AWP,WE,Federal Contract Tower,0,0,4,0,4,0,0,77,0,77,0,0,81,0,81,98,0,98,179
12/18/2009,RAL,CA,AWP,WE,Federal Contract Tower,0,0,19,0,19,0,0,86,0,86,0,0,105,0,105,38,0,38,143
12/19/2009,RAL,CA,AWP,WE,Federal Contract Tower,0,0,12,0,12,0,0,75,0,75,0,0,87,0,87,50,0,50,137
12/20/2009,RAL,CA,AWP,WE,Federal Contract Tower,0,0,12,0,12,0,0,70,0,70,0,0,82,0,82,47,0,47,129
12/21/2009,RAL,CA,AWP,WE,Federal Contract Tower,0,0,8,0,8,0,0,73,0,73,0,0,81,0,81,22,0,22,103
12/22/2009,RAL,CA,AWP,WE,Federal Contract Tower,0,0,5,0,5,0,0,25,0,25,0,0,30,0,30,30,0,30,60
12/23/2009,RAL,CA,AWP,WE,Federal Contract Tower,0,0,9,0,9,0,0,46,0,46,0,0,55,0,55,28,0,28,83
12/24/2009,RAL,CA,AWP,WE,Federal Contract Tower,0,0,13,0,13,0,0,69,0,69,0,0,82,0,82,38,0,38,120
12/25/2009,RAL,CA,AWP,WE,Federal Contract Tower,0,0,0,0,0,0,0,16,0,16,0,0,16,0,16,6,0,6,22
12/26/2009,RAL,CA,AWP,WE,Federal Contract Tower,0,0,15,0,15,0,0,81,0,81,0,0,96,0,96,106,0,106,202
12/27/2009,RAL,CA,AWP,WE,Federal Contract Tower,0,0,21,0,21,0,0,87,0,87,0,0,108,0,108,55,0,55,163
12/28/2009,RAL,CA,AWP,WE,Federal Contract Tower,0,2,9,0,11,0,0,73,0,73,0,2,82,0,84,41,0,41,125
12/29/2009,RAL,CA,AWP,WE,Federal Contract Tower,0,0,19,0,19,0,0,89,0,89,0,0,108,0,108,115,0,115,223
12/30/2009,RAL,CA,AWP,WE,Federal Contract Tower,0,3,19,0,22,0,0,22,0,22,0,3,41,0,44,32,0,32,76
12/31/2009,RAL,CA,AWP,WE,Federal Contract Tower,0,0,13,0,13,0,0,86,0,86,0,0,99,0,99,62,0,62,161
01/01/2010,RAL,CA,AWP,WE,Federal Contract Tower,0,1,2,0,3,0,0,31,0,31,0,1,33,0,34,19,0,19,53
01/02/2010,RAL,CA,AWP,WE,Federal Contract Tower,0,0,18,0,18,0,0,105,0,105,0,0,123,0,123,47,0,47,170
01/03/2010,RAL,CA,AWP,WE,Federal Contract Tower,0,0,20,0,20,0,0,110,0,110,0,0,130,0,130,65,0,65,195
01/04/2010,RAL,CA,AWP,WE,Federal Contract Tower,0,0,8,0,8,0,0,72,0,72,0,0,80,0,80,36,0,36,116
01/05/2010,RAL,CA,AWP,WE,Federal Contract Tower,0,0,19,0,19,0,0,62,0,62,0,0,81,0,81,49,2,51,132
01/06/2010,RAL,CA,AWP,WE,Federal Contract Tower,0,0,23,0,23,0,0,64,0,64,0,0,87,0,87,67,0,67,154
01/07/2010,RAL,CA,AWP,WE,Federal Contract Tower,0,0,23,0,23,0,0,76,0,76,0,0,99,0,99,66,0,66,165
01/08/2010,RAL,CA,AWP,WE,Federal Contract Tower,0,0,11,0,11,0,0,104,0,104,0,0,115,0,115,52,0,52,167
01/09/2010,RAL,CA,AWP,WE,Federal Contract Tower,0,0,15,0,15,0,0,96,0,96,0,0,111,0,111,91,0,91,202
01/10/2010,RAL,CA,AWP,WE,Federal Contract Tower,0,0,22,0,22,0,1,106,0,107,0,1,128,0,129,47,0,47,176
01/11/2010,RAL,CA,AWP,WE,Federal Contract Tower,0,0,13,0,13,0,0,76,0,76,0,0,89,0,89,95,0,95,184
01/12/2010,RAL,CA,AWP,WE,Federal Contract Tower,0,2,17,0,19,0,0,73,0,73,0,2,90,0,92,47,0,47,139
01/13/2010,RAL,CA,AWP,WE,Federal Contract Tower,0,0,20,0,20,0,0,30,0,30,0,0,50,0,50,16,0,16,66
01/14/2010,RAL,CA,AWP,WE,Federal Contract Tower,0,0,6,0,6,0,0,36,0,36,0,0,42,0,42,46,0,46,88
01/15/2010,RAL,CA,AWP,WE,Federal Contract Tower,0,0,13,0,13,0,0,107,0,107,0,0,120,0,120,115,0,115,235
01/16/2010,RAL,CA,AWP,WE,Federal Contract Tower,0,0,26,0,26,0,0,146,0,146,0,0,172,0,172,73,0,73,245
01/17/2010,RAL,CA,AWP,WE,Federal Contract Tower,0,1,12,0,13,0,0,61,0,61,0,1,73,0,74,66,0,66,140
01/18/2010,RAL,CA,AWP,WE,Federal Contract Tower,0,0,8,0,8,0,0,5,0,5,0,0,13,0,13,44,0,44,57
01/19/2010,RAL,CA,AWP,WE,Federal Contract Tower,0,0,2,0,2,0,0,26,0,26,0,0,28,0,28,12,0,12,40
01/20/2010,RAL,CA,AWP,WE,Federal Contract Tower,0,0,9,0,9,0,0,16,0,16,0,0,25,0,25,32,0,32,57
01/21/2010,RAL,CA,AWP,WE,Federal Contract Tower,0,0,0,0,0,0,0,4,0,4,0,0,4,0,4,2,0,2,6
01/22/2010,RAL,CA,AWP,WE,Federal Contract Tower,0,0,4,0,4,0,0,8,0,8,0,0,12,0,12,0,0,0,12
01/23/2010,RAL,CA,AWP,WE,Federal Contract Tower,0,0,9,0,9,0,0,118,0,118,0,0,127,0,127,154,0,154,281
01/24/2010,RAL,CA,AWP,WE,Federal Contract Tower,0,0,15,0,15,0,0,108,0,108,0,0,123,0,123,69,0,69,192
01/25/2010,RAL,CA,AWP,WE,Federal Contract Tower,0,0,11,0,11,0,0,94,0,94,0,0,105,0,105,158,0,158,263
01/26/2010,RAL,CA,AWP,WE,Federal Contract Tower,0,0,12,0,12,0,0,58,0,58,0,0,70,0,70,97,0,97,167
01/27/2010,RAL,CA,AWP,WE,Federal Contract Tower,0,0,14,0,14,0,0,57,2,59,0,0,71,2,73,49,3,52,125
01/28/2010,RAL,CA,AWP,WE,Federal Contract Tower,0,0,16,0,16,0,0,57,0,57,0,0,73,0,73,11,0,11,84
01/29/2010,RAL,CA,AWP,WE,Federal Contract Tower,0,2,13,0,15,0,2,98,0,100,0,4,111,0,115,94,0,94,209
01/30/2010,RAL,CA,AWP,WE,Federal Contract Tower,0,0,10,0,10,0,0,115,0,115,0,0,125,0,125,188,0,188,313
01/31/2010,RAL,CA,AWP,WE,Federal Contract Tower,0,2,14,0,16,0,0,113,0,113,0,2,127,0,129,56,0,56,185
02/01/2010,RAL,CA,AWP,WE,Federal Contract Tower,0,0,13,0,13,0,0,74,0,74,0,0,87,0,87,116,0,116,203
02/02/2010,RAL,CA,AWP,WE,Federal Contract Tower,0,0,22,0,22,0,0,63,0,63,0,0,85,0,85,69,0,69,154
02/03/2010,RAL,CA,AWP,WE,Federal Contract Tower,0,0,14,0,14,0,0,77,0,77,0,0,91,0,91,76,0,76,167
02/04/2010,RAL,CA,AWP,WE,Federal Contract Tower,0,0,33,0,33,0,0,74,0,74,0,0,107,0,107,74,0,74,181
02/05/2010,RAL,CA,AWP,WE,Federal Contract Tower,0,0,17,0,17,0,0,24,0,24,0,0,41,0,41,6,0,6,47
02/06/2010,RAL,CA,AWP,WE,Federal Contract Tower,0,0,1,0,1,0,0,9,0,9,0,0,10,0,10,4,0,4,14
02/07/2010,RAL,CA,AWP,WE,Federal Contract Tower,0,0,9,0,9,0,0,53,0,53,0,0,62,0,62,21,0,21,83
02/08/2010,RAL,CA,AWP,WE,Federal Contract Tower,0,0,13,0,13,0,0,101,0,101,0,0,114,0,114,53,0,53,167
02/09/2010,RAL,CA,AWP,WE,Federal Contract Tower,0,0,5,0,5,0,0,26,0,26,0,0,31,0,31,29,0,29,60
02/10/2010,RAL,CA,AWP,WE,Federal Contract Tower,0,0,20,0,20,0,0,53,0,53,0,0,73,0,73,30,2,32,105
02/11/2010,RAL,CA,AWP,WE,Federal Contract Tower,0,0,17,0,17,0,0,69,0,69,0,0,86,0,86,9,0,9,95
02/12/2010,RAL,CA,AWP,WE,Federal Contract Tower,0,0,29,0,29,0,0,80,0,80,0,0,109,0,109,100,0,100,209
02/13/2010,RAL,CA,AWP,WE,Federal Contract Tower,0,0,7,0,7,0,0,135,0,135,0,0,142,0,142,82,0,82,224
02/14/2010,RAL,CA,AWP,WE,Federal Contract Tower,0,0,13,0,13,0,0,97,0,97,0,0,110,0,110,58,0,58,168
02/15/2010,RAL,CA,AWP,WE,Federal Contract Tower,0,0,4,0,4,0,0,101,0,101,0,0,105,0,105,49,0,49,154
02/16/2010,RAL,CA,AWP,WE,Federal Contract Tower,0,2,22,0,24,0,0,91,0,91,0,2,113,0,115,107,0,107,222
02/17/2010,RAL,CA,AWP,WE,Federal Contract Tower,0,2,27,0,29,0,0,77,0,77,0,2,104,0,106,56,0,56,162
02/18/2010,RAL,CA,AWP,WE,Federal Contract Tower,0,0,17,1,18,0,0,114,0,114,0,0,131,1,132,36,0,36,168
02/19/2010,RAL,CA,AWP,WE,Federal Contract Tower,0,0,25,0,25,0,0,66,0,66,0,0,91,0,91,40,0,40,131
02/20/2010,RAL,CA,AWP,WE,Federal Contract Tower,0,0,18,0,18,0,0,70,0,70,0,0,88,0,88,54,0,54,142
02/21/2010,RAL,CA,AWP,WE,Federal Contract Tower,0,0,22,0,22,0,0,57,0,57,0,0,79,0,79,59,0,59,138
02/22/2010,RAL,CA,AWP,WE,Federal Contract Tower,0,2,6,0,8,0,2,42,0,44,0,4,48,0,52,27,0,27,79
02/23/2010,RAL,CA,AWP,WE,Federal Contract Tower,0,0,27,0,27,0,0,123,0,123,0,0,150,0,150,52,0,52,202
02/24/2010,RAL,CA,AWP,WE,Federal Contract Tower,0,2,17,0,19,0,0,62,0,62,0,2,79,0,81,65,0,65,146
02/25/2010,RAL,CA,AWP,WE,Federal Contract Tower,0,0,30,2,32,0,0,83,0,83,0,0,113,2,115,97,8,105,220
02/26/2010,RAL,CA,AWP,WE,Federal Contract Tower,0,0,20,0,20,0,0,39,0,39,0,0,59,0,59,121,0,121,180
02/27/2010,RAL,CA,AWP,WE,Federal Contract Tower,0,0,13,0,13,0,0,13,0,13,0,0,26,0,26,13,0,13,39
02/28/2010,RAL,CA,AWP,WE,Federal Contract Tower,0,0,5,0,5,0,0,91,0,91,0,0,96,0,96,105,0,105,201
03/01/2010,RAL,CA,AWP,WE,Federal Contract Tower,0,0,13,0,13,0,0,99,0,99,0,0,112,0,112,36,0,36,148
03/02/2010,RAL,CA,AWP,WE,Federal Contract Tower,0,0,17,0,17,0,0,72,2,74,0,0,89,2,91,55,0,55,146
03/03/2010,RAL,CA,AWP,WE,Federal Contract Tower,0,1,17,0,18,0,0,70,0,70,0,1,87,0,88,86,0,86,174
03/04/2010,RAL,CA,AWP,WE,Federal Contract Tower,0,0,0,0,0,0,0,73,2,75,0,0,73,2,75,59,0,59,134
03/05/2010,RAL,CA,AWP,WE,Federal Contract Tower,0,0,20,0,20,0,0,110,4,114,0,0,130,4,134,95,0,95,229
03/06/2010,RAL,CA,AWP,WE,Federal Contract Tower,0,0,9,0,9,0,0,45,0,45,0,0,54,0,54,16,0,16,70
03/07/2010,RAL,CA,AWP,WE,Federal Contract Tower,0,0,20,0,20,0,0,39,0,39,0,0,59,0,59,55,0,55,114
03/08/2010,RAL,CA,AWP,WE,Federal Contract Tower,0,1,20,0,21,0,1,78,0,79,0,2,98,0,100,57,0,57,157
03/09/2010,RAL,CA,AWP,WE,Federal Contract Tower,0,0,9,0,9,0,0,36,0,36,0,0,45,0,45,12,0,12,57
03/10/2010,RAL,CA,AWP,WE,Federal Contract Tower,0,0,27,0,27,0,0,56,2,58,0,0,83,2,85,35,0,35,120
03/11/2010,RAL,CA,AWP,WE,Federal Contract Tower,0,0,20,0,20,0,0,127,0,127,0,0,147,0,147,144,0,144,291
03/12/2010,RAL,CA,AWP,WE,Federal Contract Tower,0,2,22,0,24,0,0,113,0,113,0,2,135,0,137,132,0,132,269
03/13/2010,RAL,CA,AWP,WE,Federal Contract Tower,0,0,23,0,23,0,0,119,0,119,0,0,142,0,142,98,0,98,240
03/14/2010,RAL,CA,AWP,WE,Federal Contract Tower,0,0,16,0,16,0,0,42,0,42,0,0,58,0,58,16,0,16,74
03/15/2010,RAL,CA,AWP,WE,Federal Contract Tower,0,0,32,0,32,0,0,83,0,83,0,0,115,0,115,82,0,82,197
03/16/2010,RAL,CA,AWP,WE,Federal Contract Tower,0,0,41,0,41,0,0,70,0,70,0,0,111,0,111,71,0,71,182
03/17/2010,RAL,CA,AWP,WE,Federal Contract Tower,0,0,21,0,21,0,0,79,0,79,0,0,100,0,100,94,0,94,194
03/18/2010,RAL,CA,AWP,WE,Federal Contract Tower,0,0,23,0,23,0,0,95,0,95,0,0,118,0,118,75,0,75,193
03/19/2010,RAL,CA,AWP,WE,Federal Contract Tower,0,0,11,0,11,0,0,44,0,44,0,0,55,0,55,22,0,22,77
03/20/2010,RAL,CA,AWP,WE,Federal Contract Tower,0,0,20,0,20,0,0,106,0,106,0,0,126,0,126,90,0,90,216
03/21/2010,RAL,CA,AWP,WE,Federal Contract Tower,0,0,11,0,11,0,0,79,0,79,0,0,90,0,90,108,0,108,198
03/22/2010,RAL,CA,AWP,WE,Federal Contract Tower,0,0,17,0,17,0,0,69,0,69,0,0,86,0,86,66,0,66,152
03/23/2010,RAL,CA,AWP,WE,Federal Contract Tower,0,0,2,0,2,0,0,45,0,45,0,0,47,0,47,8,0,8,55
03/24/2010,RAL,CA,AWP,WE,Federal Contract Tower,0,0,11,1,12,0,0,93,0,93,0,0,104,1,105,106,0,106,211
03/25/2010,RAL,CA,AWP,WE,Federal Contract Tower,0,0,20,0,20,0,0,77,0,77,0,0,97,0,97,69,0,69,166
03/26/2010,RAL,CA,AWP,WE,Federal Contract Tower,0,0,12,2,14,0,0,110,8,118,0,0,122,10,132,41,28,69,201
03/27/2010,RAL,CA,AWP,WE,Federal Contract Tower,0,0,0,0,0,0,0,39,0,39,0,0,39,0,39,6,0,6,45
03/28/2010,RAL,CA,AWP,WE,Federal Contract Tower,0,0,9,1,10,0,0,96,1,97,0,0,105,2,107,95,2,97,204
03/29/2010,RAL,CA,AWP,WE,Federal Contract Tower,0,0,23,0,23,0,0,76,3,79,0,0,99,3,102,63,0,63,165
03/30/2010,RAL,CA,AWP,WE,Federal Contract Tower,0,0,16,2,18,0,0,49,0,49,0,0,65,2,67,84,0,84,151
03/31/2010,RAL,CA,AWP,WE,Federal Contract Tower,0,0,10,0,10,0,0,39,0,39,0,0,49,0,49,24,0,24,73
04/01/2010,RAL,CA,AWP,WE,Federal Contract Tower,0,0,22,2,24,0,0,57,0,57,0,0,79,2,81,68,0,68,149
04/02/2010,RAL,CA,AWP,WE,Federal Contract Tower,0,0,26,0,26,0,0,78,0,78,0,0,104,0,104,104,0,104,208
04/03/2010,RAL,CA,AWP,WE,Federal Contract Tower,0,0,22,0,22,0,0,95,0,95,0,0,117,0,117,83,0,83,200
04/04/2010,RAL,CA,AWP,WE,Federal Contract Tower,0,0,4,0,4,0,0,43,0,43,0,0,47,0,47,4,0,4,51
04/05/2010,RAL,CA,AWP,WE,Federal Contract Tower,0,0,7,0,7,0,0,19,0,19,0,0,26,0,26,8,2,10,36
04/06/2010,RAL,CA,AWP,WE,Federal Contract Tower,0,0,16,0,16,0,0,89,0,89,0,0,105,0,105,51,0,51,156
04/07/2010,RAL,CA,AWP,WE,Federal Contract Tower,0,0,12,0,12,0,0,30,0,30,0,0,42,0,42,16,0,16,58
04/08/2010,RAL,CA,AWP,WE,Federal Contract Tower,0,0,19,0,19,0,0,114,0,114,0,0,133,0,133,127,0,127,260
04/09/2010,RAL,CA,AWP,WE,Federal Contract Tower,0,0,35,0,35,0,0,110,0,110,0,0,145,0,145,127,0,127,272
04/10/2010,RAL,CA,AWP,WE,Federal Contract Tower,0,0,24,0,24,0,0,84,0,84,0,0,108,0,108,90,0,90,198
04/11/2010,RAL,CA,AWP,WE,Federal Contract Tower,0,0,9,0,9,0,0,44,0,44,0,0,53,0,53,12,0,12,65
04/12/2010,RAL,CA,AWP,WE,Federal Contract Tower,0,0,12,1,13,0,0,42,2,44,0,0,54,3,57,63,0,63,120
04/13/2010,RAL,CA,AWP,WE,Federal Contract Tower,0,0,60,0,60,0,0,97,0,97,0,0,157,0,157,76,0,76,233
04/14/2010,RAL,CA,AWP,WE,Federal Contract Tower,0,0,2,0,2,0,0,92,0,92,0,0,94,0,94,51,0,51,145
04/15/2010,RAL,CA,AWP,WE,Federal Contract Tower,0,0,14,0,14,0,0,84,0,84,0,0,98,0,98,98,0,98,196
04/16/2010,RAL,CA,AWP,WE,Federal Contract Tower,0,1,25,0,26,0,0,93,0,93,0,1,118,0,119,90,0,90,209
04/17/2010,RAL,CA,AWP,WE,Federal Contract Tower,0,0,7,0,7,0,0,110,0,110,0,0,117,0,117,123,0,123,240
04/18/2010,RAL,CA,AWP,WE,Federal Contract Tower,0,0,7,0,7,0,0,57,0,57,0,0,64,0,64,82,0,82,146
04/19/2010,RAL,CA,AWP,WE,Federal Contract Tower,0,0,20,0,20,0,0,77,0,77,0,0,97,0,97,37,0,37,134
04/20/2010,RAL,CA,AWP,WE,Federal Contract Tower,0,0,12,0,12,0,0,64,0,64,0,0,76,0,76,65,0,65,141
04/21/2010,RAL,CA,AWP,WE,Federal Contract Tower,0,0,12,0,12,0,0,31,0,31,0,0,43,0,43,38,0,38,81
04/22/2010,RAL,CA,AWP,WE,Federal Contract Tower,0,0,6,0,6,0,0,55,0,55,0,0,61,0,61,44,0,44,105
04/23/2010,RAL,CA,AWP,WE,Federal Contract Tower,0,0,21,0,21,0,0,87,0,87,0,0,108,0,108,46,0,46,154
04/24/2010,RAL,CA,AWP,WE,Federal Contract Tower,0,0,0,0,0,0,0,107,0,107,0,0,107,0,107,105,0,105,212
04/25/2010,RAL,CA,AWP,WE,Federal Contract Tower,0,0,11,0,11,0,0,79,0,79,0,0,90,0,90,27,0,27,117
04/26/2010,RAL,CA,AWP,WE,Federal Contract Tower,0,0,34,0,34,0,0,85,0,85,0,0,119,0,119,70,0,70,189
04/27/2010,RAL,CA,AWP,WE,Federal Contract Tower,0,0,16,0,16,0,0,54,0,54,0,0,70,0,70,56,0,56,126
04/28/2010,RAL,CA,AWP,WE,Federal Contract Tower,0,0,5,0,5,0,0,42,0,42,0,0,47,0,47,47,0,47,94
04/29/2010,RAL,CA,AWP,WE,Federal Contract Tower,0,2,2,0,4,0,0,62,0,62,0,2,64,0,66,42,0,42,108
04/30/2010,RAL,CA,AWP,WE,Federal Contract Tower,0,0,15,0,15,0,0,77,0,77,0,0,92,0,92,9,0,9,101
05/01/2010,RAL,CA,AWP,WE,Federal Contract Tower,0,0,21,0,21,0,0,67,0,67,0,0,88,0,88,54,0,54,142
05/02/2010,RAL,CA,AWP,WE,Federal Contract Tower,0,0,16,0,16,0,0,37,0,37,0,0,53,0,53,23,0,23,76
05/03/2010,RAL,CA,AWP,WE,Federal Contract Tower,0,0,22,0,22,0,0,83,0,83,0,0,105,0,105,38,0,38,143
05/04/2010,RAL,CA,AWP,WE,Federal Contract Tower,0,0,13,0,13,0,0,82,0,82,0,0,95,0,95,57,4,61,156
05/05/2010,RAL,CA,AWP,WE,Federal Contract Tower,0,0,6,0,6,0,0,114,0,114,0,0,120,0,120,157,0,157,277
05/06/2010,RAL,CA,AWP,WE,Federal Contract Tower,0,1,16,0,17,0,0,92,0,92,0,1,108,0,109,89,0,89,198
05/07/2010,RAL,CA,AWP,WE,Federal Contract Tower,0,0,17,0,17,0,0,98,0,98,0,0,115,0,115,64,2,66,181
05/08/2010,RAL,CA,AWP,WE,Federal Contract Tower,0,0,14,0,14,0,0,104,0,104,0,0,118,0,118,79,0,79,197
05/09/2010,RAL,CA,AWP,WE,Federal Contract Tower,0,1,16,0,17,0,1,32,0,33,0,2,48,0,50,38,0,38,88
05/10/2010,RAL,CA,AWP,WE,Federal Contract Tower,0,0,17,0,17,0,0,40,0,40,0,0,57,0,57,25,0,25,82
05/11/2010,RAL,CA,AWP,WE,Federal Contract Tower,0,0,13,0,13,0,0,44,0,44,0,0,57,0,57,27,0,27,84
05/12/2010,RAL,CA,AWP,WE,Federal Contract Tower,0,1,12,0,13,0,0,84,0,84,0,1,96,0,97,78,0,78,175
05/13/2010,RAL,CA,AWP,WE,Federal Contract Tower,0,0,14,0,14,0,0,103,0,103,0,0,117,0,117,83,0,83,200
05/14/2010,RAL,CA,AWP,WE,Federal Contract Tower,0,1,19,0,20,0,0,82,0,82,0,1,101,0,102,80,0,80,182
05/15/2010,RAL,CA,AWP,WE,Federal Contract Tower,0,0,19,0,19,0,0,89,0,89,0,0,108,0,108,44,0,44,152
05/16/2010,RAL,CA,AWP,WE,Federal Contract Tower,0,0,8,0,8,0,2,45,0,47,0,2,53,0,55,20,0,20,75
05/17/2010,RAL,CA,AWP,WE,Federal Contract Tower,0,0,26,0,26,0,0,33,0,33,0,0,59,0,59,22,0,22,81
05/18/2010,RAL,CA,AWP,WE,Federal Contract Tower,0,0,11,0,11,0,0,42,0,42,0,0,53,0,53,61,0,61,114
05/19/2010,RAL,CA,AWP,WE,Federal Contract Tower,0,0,38,0,38,0,0,82,0,82,0,0,120,0,120,80,0,80,200
05/20/2010,RAL,CA,AWP,WE,Federal Contract Tower,0,0,12,0,12,0,0,135,0,135,0,0,147,0,147,113,0,113,260
05/21/2010,RAL,CA,AWP,WE,Federal Contract Tower,0,0,9,0,9,0,0,99,0,99,0,0,108,0,108,102,0,102,210
05/22/2010,RAL,CA,AWP,WE,Federal Contract Tower,0,0,17,0,17,0,0,61,0,61,0,0,78,0,78,77,0,77,155
05/23/2010,RAL,CA,AWP,WE,Federal Contract Tower,0,0,7,0,7,0,0,36,0,36,0,0,43,0,43,50,0,50,93
05/24/2010,RAL,CA,AWP,WE,Federal Contract Tower,0,0,21,1,22,0,0,69,1,70,0,0,90,2,92,76,0,76,168
05/25/2010,RAL,CA,AWP,WE,Federal Contract Tower,0,0,21,0,21,0,0,79,2,81,0,0,100,2,102,128,0,128,230
05/26/2010,RAL,CA,AWP,WE,Federal Contract Tower,0,0,22,0,22,0,0,83,0,83,0,0,105,0,105,112,0,112,217
05/27/2010,RAL,CA,AWP,WE,Federal Contract Tower,0,0,31,0,31,0,0,53,0,53,0,0,84,0,84,37,0,37,121
05/28/2010,RAL,CA,AWP,WE,Federal Contract Tower,0,0,18,0,18,0,0,96,0,96,0,0,114,0,114,82,0,82,196
05/29/2010,RAL,CA,AWP,WE,Federal Contract Tower,0,0,8,0,8,0,0,59,0,59,0,0,67,0,67,15,0,15,82
05/30/2010,RAL,CA,AWP,WE,Federal Contract Tower,0,0,11,0,11,0,0,59,0,59,0,0,70,0,70,24,0,24,94
05/31/2010,RAL,CA,AWP,WE,Federal Contract Tower,0,0,15,0,15,0,0,116,0,116,0,0,131,0,131,92,0,92,223
06/01/2010,RAL,CA,AWP,WE,Federal Contract Tower,0,0,19,3,22,0,0,59,0,59,0,0,78,3,81,53,0,53,134
06/02/2010,RAL,CA,AWP,WE,Federal Contract Tower,0,0,25,0,25,0,0,47,0,47,0,0,72,0,72,76,0,76,148
06/03/2010,RAL,CA,AWP,WE,Federal Contract Tower,0,0,24,0,24,0,0,101,0,101,0,0,125,0,125,133,0,133,258
06/04/2010,RAL,CA,AWP,WE,Federal Contract Tower,0,0,3,0,3,0,0,74,0,74,0,0,77,0,77,119,0,119,196
06/05/2010,RAL,CA,AWP,WE,Federal Contract Tower,0,0,22,0,22,0,0,112,0,112,0,0,134,0,134,101,0,101,235
06/06/2010,RAL,CA,AWP,WE,Federal Contract Tower,0,0,15,0,15,0,0,83,0,83,0,0,98,0,98,68,0,68,166
06/07/2010,RAL,CA,AWP,WE,Federal Contract Tower,0,0,15,0,15,0,0,52,0,52,0,0,67,0,67,42,0,42,109
06/08/2010,RAL,CA,AWP,WE,Federal Contract Tower,0,0,29,0,29,0,0,45,0,45,0,0,74,0,74,89,0,89,163
06/09/2010,RAL,CA,AWP,WE,Federal Contract Tower,0,0,24,0,24,0,0,63,0,63,0,0,87,0,87,49,0,49,136
06/10/2010,RAL,CA,AWP,WE,Federal Contract Tower,0,0,8,0,8,0,0,67,0,67,0,0,75,0,75,64,0,64,139
06/11/2010,RAL,CA,AWP,WE,Federal Contract Tower,0,0,7,0,7,0,0,64,0,64,0,0,71,0,71,72,0,72,143
06/12/2010,RAL,CA,AWP,WE,Federal Contract Tower,0,0,11,0,11,0,0,87,0,87,0,0,98,0,98,76,0,76,174
06/13/2010,RAL,CA,AWP,WE,Federal Contract Tower,0,0,22,0,22,0,0,76,0,76,0,0,98,0,98,100,0,100,198
06/14/2010,RAL,CA,AWP,WE,Federal Contract Tower,0,0,10,0,10,0,0,73,0,73,0,0,83,0,83,54,0,54,137
06/15/2010,RAL,CA,AWP,WE,Federal Contract Tower,0,0,22,0,22,0,0,71,0,71,0,0,93,0,93,163,0,163,256
06/16/2010,RAL,CA,AWP,WE,Federal Contract Tower,0,0,0,0,0,0,0,61,0,61,0,0,61,0,61,71,0,71,132
06/17/2010,RAL,CA,AWP,WE,Federal Contract Tower,0,0,0,0,0,0,0,73,0,73,0,0,73,0,73,123,0,123,196
06/18/2010,RAL,CA,AWP,WE,Federal Contract Tower,0,0,13,0,13,0,0,107,0,107,0,0,120,0,120,77,0,77,197
06/19/2010,RAL,CA,AWP,WE,Federal Contract Tower,0,0,6,0,6,0,0,85,0,85,0,0,91,0,91,105,0,105,196
06/20/2010,RAL,CA,AWP,WE,Federal Contract Tower,0,0,8,0,8,0,0,92,0,92,0,0,100,0,100,36,0,36,136
06/21/2010,RAL,CA,AWP,WE,Federal Contract Tower,0,0,9,0,9,0,0,74,0,74,0,0,83,0,83,77,0,77,160
06/22/2010,RAL,CA,AWP,WE,Federal Contract Tower,0,0,21,0,21,0,0,92,0,92,0,0,113,0,113,99,0,99,212
06/23/2010,RAL,CA,AWP,WE,Federal Contract Tower,0,2,24,0,26,0,0,89,0,89,0,2,113,0,115,100,0,100,215
06/24/2010,RAL,CA,AWP,WE,Federal Contract Tower,0,0,32,2,34,0,0,88,0,88,0,0,120,2,122,85,0,85,207
06/25/2010,RAL,CA,AWP,WE,Federal Contract Tower,0,0,22,0,22,0,0,85,0,85,0,0,107,0,107,113,0,113,220
06/26/2010,RAL,CA,AWP,WE,Federal Contract Tower,0,0,13,0,13,0,0,99,0,99,0,0,112,0,112,121,0,121,233
06/27/2010,RAL,CA,AWP,WE,Federal Contract Tower,0,0,9,0,9,0,0,64,0,64,0,0,73,0,73,50,0,50,123
06/28/2010,RAL,CA,AWP,WE,Federal Contract Tower,0,0,12,0,12,0,0,96,0,96,0,0,108,0,108,153,0,153,261
06/29/2010,RAL,CA,AWP,WE,Federal Contract Tower,0,0,15,0,15,0,0,68,0,68,0,0,83,0,83,22,0,22,105
06/30/2010,RAL,CA,AWP,WE,Federal Contract Tower,0,0,13,0,13,0,0,58,0,58,0,0,71,0,71,127,0,127,198
07/01/2010,RAL,CA,AWP,WE,Federal Contract Tower,0,0,15,0,15,0,0,73,0,73,0,0,88,0,88,61,0,61,149
07/02/2010,RAL,CA,AWP,WE,Federal Contract Tower,0,0,24,0,24,0,0,69,0,69,0,0,93,0,93,63,0,63,156
07/03/2010,RAL,CA,AWP,WE,Federal Contract Tower,0,0,14,0,14,0,0,47,0,47,0,0,61,0,61,72,0,72,133
07/04/2010,RAL,CA,AWP,WE,Federal Contract Tower,0,0,8,0,8,0,0,47,0,47,0,0,55,0,55,21,0,21,76
07/05/2010,RAL,CA,AWP,WE,Federal Contract Tower,0,0,16,0,16,0,0,41,0,41,0,0,57,0,57,38,0,38,95
07/06/2010,RAL,CA,AWP,WE,Federal Contract Tower,0,0,19,0,19,0,0,48,0,48,0,0,67,0,67,93,0,93,160
07/07/2010,RAL,CA,AWP,WE,Federal Contract Tower,0,0,27,0,27,0,0,47,0,47,0,0,74,0,74,68,0,68,142
07/08/2010,RAL,CA,AWP,WE,Federal Contract Tower,0,0,27,0,27,0,0,59,0,59,0,0,86,0,86,66,0,66,152
07/09/2010,RAL,CA,AWP,WE,Federal Contract Tower,0,0,19,0,19,0,0,69,0,69,0,0,88,0,88,57,0,57,145
07/10/2010,RAL,CA,AWP,WE,Federal Contract Tower,0,0,15,0,15,0,0,100,0,100,0,0,115,0,115,107,0,107,222
07/11/2010,RAL,CA,AWP,WE,Federal Contract Tower,0,0,8,0,8,0,0,82,0,82,0,0,90,0,90,44,0,44,134
07/12/2010,RAL,CA,AWP,WE,Federal Contract Tower,0,2,12,0,14,0,3,58,0,61,0,5,70,0,75,92,0,92,167
07/13/2010,RAL,CA,AWP,WE,Federal Contract Tower,0,0,20,0,20,0,0,76,0,76,0,0,96,0,96,72,0,72,168
07/14/2010,RAL,CA,AWP,WE,Federal Contract Tower,0,0,26,0,26,0,0,73,0,73,0,0,99,0,99,49,0,49,148
07/15/2010,RAL,CA,AWP,WE,Federal Contract Tower,0,0,15,0,15,0,0,58,0,58,0,0,73,0,73,47,0,47,120
07/16/2010,RAL,CA,AWP,WE,Federal Contract Tower,0,0,14,0,14,0,0,62,0,62,0,0,76,0,76,47,0,47,123
07/17/2010,RAL,CA,AWP,WE,Federal Contract Tower,0,0,13,0,13,0,0,75,0,75,0,0,88,0,88,52,0,52,140
07/18/2010,RAL,CA,AWP,WE,Federal Contract Tower,0,0,0,0,0,0,0,62,0,62,0,0,62,0,62,66,0,66,128
07/19/2010,RAL,CA,AWP,WE,Federal Contract Tower,0,0,11,1,12,0,0,73,1,74,0,0,84,2,86,74,0,74,160
07/20/2010,RAL,CA,AWP,WE,Federal Contract Tower,0,2,14,0,16,0,0,80,0,80,0,2,94,0,96,99,0,99,195
07/21/2010,RAL,CA,AWP,WE,Federal Contract Tower,0,0,11,0,11,0,0,48,0,48,0,0,59,0,59,59,0,59,118
07/22/2010,RAL,CA,AWP,WE,Federal Contract Tower,0,2,14,0,16,0,0,57,0,57,0,2,71,0,73,101,0,101,174
07/23/2010,RAL,CA,AWP,WE,Federal Contract Tower,0,2,19,0,21,0,2,87,0,89,0,4,106,0,110,78,0,78,188
07/24/2010,RAL,CA,AWP,WE,Federal Contract Tower,0,0,12,0,12,0,0,85,0,85,0,0,97,0,97,103,0,103,200
07/25/2010,RAL,CA,AWP,WE,Federal Contract Tower,0,0,16,0,16,0,0,57,0,57,0,0,73,0,73,73,0,73,146
07/26/2010,RAL,CA,AWP,WE,Federal Contract Tower,0,0,27,1,28,0,0,60,1,61,0,0,87,2,89,170,0,170,259
07/27/2010,RAL,CA,AWP,WE,Federal Contract Tower,0,0,14,0,14,0,0,80,0,80,0,0,94,0,94,159,0,159,253
07/28/2010,RAL,CA,AWP,WE,Federal Contract Tower,0,0,15,0,15,0,0,98,0,98,0,0,113,0,113,135,0,135,248
07/29/2010,RAL,CA,AWP,WE,Federal Contract Tower,0,0,19,0,19,0,0,107,0,107,0,0,126,0,126,141,0,141,267
07/30/2010,RAL,CA,AWP,WE,Federal Contract Tower,0,0,27,0,27,0,0,90,0,90,0,0,117,0,117,67,0,67,184
07/31/2010,RAL,CA,AWP,WE,Federal Contract Tower,0,0,29,0,29,0,0,84,2,86,0,0,113,2,115,110,0,110,225
08/01/2010,RAL,CA,AWP,WE,Federal Contract Tower,0,0,7,0,7,0,0,90,2,92,0,0,97,2,99,71,0,71,170
08/02/2010,RAL,CA,AWP,WE,Federal Contract Tower,0,0,20,0,20,0,0,69,0,69,0,0,89,0,89,102,0,102,191
08/03/2010,RAL,CA,AWP,WE,Federal Contract Tower,0,0,7,0,7,0,0,95,0,95,0,0,102,0,102,111,0,111,213
08/04/2010,RAL,CA,AWP,WE,Federal Contract Tower,0,0,10,2,12,0,0,72,0,72,0,0,82,2,84,38,0,38,122
08/05/2010,RAL,CA,AWP,WE,Federal Contract Tower,0,0,14,0,14,0,0,67,0,67,0,0,81,0,81,151,0,151,232
08/06/2010,RAL,CA,AWP,WE,Federal Contract Tower,0,0,21,0,21,0,0,82,0,82,0,0,103,0,103,97,0,97,200
08/07/2010,RAL,CA,AWP,WE,Federal Contract Tower,0,0,23,0,23,0,0,47,0,47,0,0,70,0,70,117,0,117,187
08/08/2010,RAL,CA,AWP,WE,Federal Contract Tower,0,0,16,0,16,0,0,79,0,79,0,0,95,0,95,68,0,68,163
08/09/2010,RAL,CA,AWP,WE,Federal Contract Tower,0,0,21,0,21,0,0,62,0,62,0,0,83,0,83,91,0,91,174
08/10/2010,RAL,CA,AWP,WE,Federal Contract Tower,0,0,13,0,13,0,0,84,0,84,0,0,97,0,97,117,0,117,214
08/11/2010,RAL,CA,AWP,WE,Federal Contract Tower,0,0,18,0,18,0,0,82,0,82,0,0,100,0,100,111,0,111,211
08/12/2010,RAL,CA,AWP,WE,Federal Contract Tower,0,0,26,0,26,0,0,116,0,116,0,0,142,0,142,162,0,162,304
08/13/2010,RAL,CA,AWP,WE,Federal Contract Tower,0,0,23,0,23,0,0,79,0,79,0,0,102,0,102,124,0,124,226
08/14/2010,RAL,CA,AWP,WE,Federal Contract Tower,0,0,9,0,9,0,0,91,0,91,0,0,100,0,100,120,0,120,220
08/15/2010,RAL,CA,AWP,WE,Federal Contract Tower,0,0,15,0,15,0,0,56,0,56,0,0,71,0,71,27,0,27,98
08/16/2010,RAL,CA,AWP,WE,Federal Contract Tower,0,0,11,0,11,0,0,45,0,45,0,0,56,0,56,84,0,84,140
08/17/2010,RAL,CA,AWP,WE,Federal Contract Tower,0,0,6,0,6,0,0,88,0,88,0,0,94,0,94,144,0,144,238
08/18/2010,RAL,CA,AWP,WE,Federal Contract Tower,0,0,13,0,13,0,0,77,0,77,0,0,90,0,90,56,0,56,146
08/19/2010,RAL,CA,AWP,WE,Federal Contract Tower,0,0,16,0,16,0,0,103,0,103,0,0,119,0,119,56,0,56,175
08/20/2010,RAL,CA,AWP,WE,Federal Contract Tower,0,0,13,0,13,0,0,98,0,98,0,0,111,0,111,103,0,103,214
08/21/2010,RAL,CA,AWP,WE,Federal Contract Tower,0,0,15,0,15,0,0,64,0,64,0,0,79,0,79,45,0,45,124
08/22/2010,RAL,CA,AWP,WE,Federal Contract Tower,0,0,8,0,8,0,0,76,0,76,0,0,84,0,84,53,0,53,137
08/23/2010,RAL,CA,AWP,WE,Federal Contract Tower,0,0,18,0,18,0,0,63,0,63,0,0,81,0,81,122,0,122,203
08/24/2010,RAL,CA,AWP,WE,Federal Contract Tower,0,0,9,0,9,0,0,65,0,65,0,0,74,0,74,99,0,99,173
08/25/2010,RAL,CA,AWP,WE,Federal Contract Tower,0,0,13,0,13,0,0,55,0,55,0,0,68,0,68,22,0,22,90
08/26/2010,RAL,CA,AWP,WE,Federal Contract Tower,0,2,9,0,11,0,0,59,0,59,0,2,68,0,70,50,0,50,120
08/27/2010,RAL,CA,AWP,WE,Federal Contract Tower,0,0,11,0,11,0,0,85,0,85,0,0,96,0,96,122,0,122,218
08/28/2010,RAL,CA,AWP,WE,Federal Contract Tower,0,0,16,0,16,0,0,111,0,111,0,0,127,0,127,123,0,123,250
08/29/2010,RAL,CA,AWP,WE,Federal Contract Tower,0,0,13,0,13,0,0,50,0,50,0,0,63,0,63,59,0,59,122
08/30/2010,RAL,CA,AWP,WE,Federal Contract Tower,0,0,8,0,8,0,0,82,0,82,0,0,90,0,90,76,0,76,166
08/31/2010,RAL,CA,AWP,WE,Federal Contract Tower,0,0,10,0,10,0,0,68,0,68,0,0,78,0,78,106,0,106,184
09/01/2010,RAL,CA,AWP,WE,Federal Contract Tower,0,0,2,0,2,0,0,70,0,70,0,0,72,0,72,65,0,65,137
09/02/2010,RAL,CA,AWP,WE,Federal Contract Tower,0,0,18,0,18,0,0,78,0,78,0,0,96,0,96,132,0,132,228
09/03/2010,RAL,CA,AWP,WE,Federal Contract Tower,0,0,12,0,12,0,0,71,0,71,0,0,83,0,83,27,0,27,110
09/04/2010,RAL,CA,AWP,WE,Federal Contract Tower,0,0,5,0,5,0,0,56,0,56,0,0,61,0,61,68,0,68,129
09/05/2010,RAL,CA,AWP,WE,Federal Contract Tower,0,0,2,0,2,0,0,38,0,38,0,0,40,0,40,18,0,18,58
09/06/2010,RAL,CA,AWP,WE,Federal Contract Tower,0,0,14,0,14,0,0,59,0,59,0,0,73,0,73,50,0,50,123
09/07/2010,RAL,CA,AWP,WE,Federal Contract Tower,0,0,20,0,20,0,0,32,0,32,0,0,52,0,52,107,0,107,159
09/08/2010,RAL,CA,AWP,WE,Federal Contract Tower,0,4,8,0,12,0,0,49,0,49,0,4,57,0,61,52,0,52,113
09/09/2010,RAL,CA,AWP,WE,Federal Contract Tower,0,0,6,0,6,0,0,69,0,69,0,0,75,0,75,65,0,65,140
09/10/2010,RAL,CA,AWP,WE,Federal Contract Tower,0,0,13,0,13,0,0,81,0,81,0,0,94,0,94,73,0,73,167
09/11/2010,RAL,CA,AWP,WE,Federal Contract Tower,0,0,10,0,10,0,0,120,0,120,0,0,130,0,130,81,0,81,211
09/12/2010,RAL,CA,AWP,WE,Federal Contract Tower,0,0,17,0,17,0,0,55,0,55,0,0,72,0,72,28,0,28,100
09/13/2010,RAL,CA,AWP,WE,Federal Contract Tower,0,0,11,0,11,0,0,83,0,83,0,0,94,0,94,87,0,87,181
09/14/2010,RAL,CA,AWP,WE,Federal Contract Tower,0,0,16,0,16,0,0,78,0,78,0,0,94,0,94,82,0,82,176
09/15/2010,RAL,CA,AWP,WE,Federal Contract Tower,0,2,4,0,6,0,0,58,0,58,0,2,62,0,64,85,0,85,149
09/16/2010,RAL,CA,AWP,WE,Federal Contract Tower,0,2,17,0,19,0,0,78,0,78,0,2,95,0,97,82,0,82,179
09/17/2010,RAL,CA,AWP,WE,Federal Contract Tower,0,0,24,0,24,0,0,75,0,75,0,0,99,0,99,72,0,72,171
09/18/2010,RAL,CA,AWP,WE,Federal Contract Tower,0,2,14,0,16,0,0,110,0,110,0,2,124,0,126,126,0,126,252
09/19/2010,RAL,CA,AWP,WE,Federal Contract Tower,0,0,29,0,29,0,0,61,0,61,0,0,90,0,90,41,0,41,131
09/20/2010,RAL,CA,AWP,WE,Federal Contract Tower,0,0,27,0,27,0,0,63,0,63,0,0,90,0,90,70,0,70,160
09/21/2010,RAL,CA,AWP,WE,Federal Contract Tower,0,0,14,0,14,0,0,56,0,56,0,0,70,0,70,61,0,61,131
09/22/2010,RAL,CA,AWP,WE,Federal Contract Tower,0,0,11,0,11,0,0,67,0,67,0,0,78,0,78,58,0,58,136
09/23/2010,RAL,CA,AWP,WE,Federal Contract Tower,0,0,6,0,6,0,0,103,0,103,0,0,109,0,109,120,0,120,229
09/24/2010,RAL,CA,AWP,WE,Federal Contract Tower,0,0,13,0,13,0,0,102,2,104,0,0,115,2,117,58,0,58,175
09/25/2010,RAL,CA,AWP,WE,Federal Contract Tower,0,0,12,0,12,0,0,95,0,95,0,0,107,0,107,92,0,92,199
09/26/2010,RAL,CA,AWP,WE,Federal Contract Tower,0,0,13,0,13,0,0,71,0,71,0,0,84,0,84,49,0,49,133
09/27/2010,RAL,CA,AWP,WE,Federal Contract Tower,0,2,6,0,8,0,0,50,0,50,0,2,56,0,58,31,0,31,89
09/28/2010,RAL,CA,AWP,WE,Federal Contract Tower,0,0,9,0,9,0,0,73,0,73,0,0,82,0,82,60,0,60,142
09/29/2010,RAL,CA,AWP,WE,Federal Contract Tower,0,0,4,0,4,0,0,61,0,61,0,0,65,0,65,71,0,71,136
09/30/2010,RAL,CA,AWP,WE,Federal Contract Tower,0,0,5,0,5,0,0,87,0,87,0,0,92,0,92,70,0,70,162
10/01/2010,RAL,CA,AWP,WE,Federal Contract Tower,0,0,10,0,10,0,2,74,0,76,0,2,84,0,86,118,0,118,204
10/02/2010,RAL,CA,AWP,WE,Federal Contract Tower,0,0,4,0,4,0,0,60,0,60,0,0,64,0,64,128,0,128,192
10/03/2010,RAL,CA,AWP,WE,Federal Contract Tower,0,4,13,0,17,0,0,56,0,56,0,4,69,0,73,67,0,67,140
10/04/2010,RAL,CA,AWP,WE,Federal Contract Tower,0,0,9,0,9,0,0,35,0,35,0,0,44,0,44,30,0,30,74
10/05/2010,RAL,CA,AWP,WE,Federal Contract Tower,0,0,11,0,11,0,0,35,0,35,0,0,46,0,46,38,0,38,84
10/06/2010,RAL,CA,AWP,WE,Federal Contract Tower,0,0,10,0,10,0,0,27,0,27,0,0,37,0,37,37,0,37,74
10/07/2010,RAL,CA,AWP,WE,Federal Contract Tower,0,0,15,0,15,0,0,95,0,95,0,0,110,0,110,60,0,60,170
10/08/2010,RAL,CA,AWP,WE,Federal Contract Tower,0,0,9,0,9,0,0,81,0,81,0,0,90,0,90,114,0,114,204
10/09/2010,RAL,CA,AWP,WE,Federal Contract Tower,0,0,13,0,13,0,0,133,0,133,0,0,146,0,146,115,0,115,261
10/10/2010,RAL,CA,AWP,WE,Federal Contract Tower,0,0,16,0,16,0,0,84,0,84,0,0,100,0,100,33,0,33,133
10/11/2010,RAL,CA,AWP,WE,Federal Contract Tower,0,0,10,0,10,0,0,86,0,86,0,0,96,0,96,77,0,77,173
10/12/2010,RAL,CA,AWP,WE,Federal Contract Tower,0,0,8,0,8,0,0,65,0,65,0,0,73,0,73,56,0,56,129
10/13/2010,RAL,CA,AWP,WE,Federal Contract Tower,0,0,7,0,7,0,0,75,0,75,0,0,82,0,82,39,0,39,121
10/14/2010,RAL,CA,AWP,WE,Federal Contract Tower,0,0,24,0,24,0,0,80,0,80,0,0,104,0,104,41,0,41,145
10/15/2010,RAL,CA,AWP,WE,Federal Contract Tower,0,2,20,0,22,0,0,43,0,43,0,2,63,0,65,180,0,180,245
10/16/2010,RAL,CA,AWP,WE,Federal Contract Tower,0,0,21,0,21,0,0,50,0,50,0,0,71,0,71,35,0,35,106
10/17/2010,RAL,CA,AWP,WE,Federal Contract Tower,0,0,22,0,22,0,0,25,0,25,0,0,47,0,47,6,0,6,53
10/18/2010,RAL,CA,AWP,WE,Federal Contract Tower,0,1,16,0,17,0,1,55,0,56,0,2,71,0,73,38,0,38,111
10/19/2010,RAL,CA,AWP,WE,Federal Contract Tower,0,1,8,0,9,0,0,8,0,8,0,1,16,0,17,0,0,0,17
10/20/2010,RAL,CA,AWP,WE,Federal Contract Tower,0,0,8,0,8,0,0,26,0,26,0,0,34,0,34,35,0,35,69
10/21/2010,RAL,CA,AWP,WE,Federal Contract Tower,0,0,22,0,22,0,0,16,0,16,0,0,38,0,38,0,0,0,38
10/22/2010,RAL,CA,AWP,WE,Federal Contract Tower,0,0,14,0,14,0,0,65,0,65,0,0,79,0,79,66,0,66,145
10/23/2010,RAL,CA,AWP,WE,Federal Contract Tower,0,0,19,0,19,0,0,74,0,74,0,0,93,0,93,86,0,86,179
10/24/2010,RAL,CA,AWP,WE,Federal Contract Tower,0,0,16,0,16,0,0,48,0,48,0,0,64,0,64,108,0,108,172
10/25/2010,RAL,CA,AWP,WE,Federal Contract Tower,0,0,17,0,17,0,0,46,0,46,0,0,63,0,63,98,0,98,161
10/26/2010,RAL,CA,AWP,WE,Federal Contract Tower,0,0,30,0,30,0,0,100,0,100,0,0,130,0,130,130,0,130,260
10/27/2010,RAL,CA,AWP,WE,Federal Contract Tower,0,0,25,0,25,0,0,50,0,50,0,0,75,0,75,24,0,24,99
10/28/2010,RAL,CA,AWP,WE,Federal Contract Tower,0,1,13,0,14,0,0,83,0,83,0,1,96,0,97,79,0,79,176
10/29/2010,RAL,CA,AWP,WE,Federal Contract Tower,0,1,8,0,9,0,0,109,0,109,0,1,117,0,118,140,0,140,258
10/30/2010,RAL,CA,AWP,WE,Federal Contract Tower,0,0,12,0,12,0,0,40,0,40,0,0,52,0,52,58,0,58,110
10/31/2010,RAL,CA,AWP,WE,Federal Contract Tower,0,3,29,0,32,0,2,82,0,84,0,5,111,0,116,64,0,64,180
11/01/2010,RAL,CA,AWP,WE,Federal Contract Tower,0,0,13,0,13,0,0,84,0,84,0,0,97,0,97,147,0,147,244
11/02/2010,RAL,CA,AWP,WE,Federal Contract Tower,0,0,22,0,22,0,0,38,0,38,0,0,60,0,60,56,0,56,116
11/03/2010,RAL,CA,AWP,WE,Federal Contract Tower,0,0,32,0,32,0,0,68,0,68,0,0,100,0,100,36,0,36,136
11/04/2010,RAL,CA,AWP,WE,Federal Contract Tower,0,0,12,0,12,0,0,70,0,70,0,0,82,0,82,122,0,122,204
11/05/2010,RAL,CA,AWP,WE,Federal Contract Tower,0,0,12,0,12,0,0,105,0,105,0,0,117,0,117,92,0,92,209
11/06/2010,RAL,CA,AWP,WE,Federal Contract Tower,0,1,9,0,10,0,0,85,0,85,0,1,94,0,95,58,0,58,153
11/07/2010,RAL,CA,AWP,WE,Federal Contract Tower,0,0,20,0,20,0,0,85,0,85,0,0,105,0,105,68,0,68,173
11/08/2010,RAL,CA,AWP,WE,Federal Contract Tower,0,0,9,0,9,0,0,30,0,30,0,0,39,0,39,42,0,42,81
11/09/2010,RAL,CA,AWP,WE,Federal Contract Tower,0,0,13,0,13,0,0,78,0,78,0,0,91,0,91,114,0,114,205
11/10/2010,RAL,CA,AWP,WE,Federal Contract Tower,0,0,16,0,16,0,0,80,0,80,0,0,96,0,96,164,0,164,260
11/11/2010,RAL,CA,AWP,WE,Federal Contract Tower,0,2,7,0,9,0,0,21,0,21,0,2,28,0,30,12,0,12,42
11/12/2010,RAL,CA,AWP,WE,Federal Contract Tower,0,1,21,0,22,0,0,51,0,51,0,1,72,0,73,49,0,49,122
11/13/2010,RAL,CA,AWP,WE,Federal Contract Tower,0,0,12,0,12,0,0,63,0,63,0,0,75,0,75,56,0,56,131
11/14/2010,RAL,CA,AWP,WE,Federal Contract Tower,0,0,9,0,9,0,0,35,0,35,0,0,44,0,44,91,0,91,135
11/15/2010,RAL,CA,AWP,WE,Federal Contract Tower,0,0,12,0,12,0,0,93,0,93,0,0,105,0,105,96,0,96,201
11/16/2010,RAL,CA,AWP,WE,Federal Contract Tower,0,0,11,0,11,0,0,94,0,94,0,0,105,0,105,68,0,68,173
11/17/2010,RAL,CA,AWP,WE,Federal Contract Tower,0,0,19,0,19,0,0,70,0,70,0,0,89,0,89,69,0,69,158
11/18/2010,RAL,CA,AWP,WE,Federal Contract Tower,0,3,16,0,19,0,0,77,0,77,0,3,93,0,96,139,0,139,235
11/19/2010,RAL,CA,AWP,WE,Federal Contract Tower,0,0,28,0,28,0,0,9,0,9,0,0,37,0,37,24,0,24,61
11/20/2010,RAL,CA,AWP,WE,Federal Contract Tower,0,0,4,0,4,0,0,12,0,12,0,0,16,0,16,9,0,9,25
11/21/2010,RAL,CA,AWP,WE,Federal Contract Tower,0,0,9,0,9,0,0,36,0,36,0,0,45,0,45,56,0,56,101
11/22/2010,RAL,CA,AWP,WE,Federal Contract Tower,0,0,16,0,16,0,0,78,0,78,0,0,94,0,94,87,0,87,181
11/23/2010,RAL,CA,AWP,WE,Federal Contract Tower,0,1,16,0,17,0,0,67,0,67,0,1,83,0,84,62,0,62,146
11/24/2010,RAL,CA,AWP,WE,Federal Contract Tower,0,0,13,0,13,0,0,52,0,52,0,0,65,0,65,55,0,55,120
11/25/2010,RAL,CA,AWP,WE,Federal Contract Tower,0,2,1,0,3,0,0,34,0,34,0,2,35,0,37,7,0,7,44
11/26/2010,RAL,CA,AWP,WE,Federal Contract Tower,0,1,18,0,19,0,0,72,0,72,0,1,90,0,91,52,0,52,143
11/27/2010,RAL,CA,AWP,WE,Federal Contract Tower,0,0,7,0,7,0,0,126,0,126,0,0,133,0,133,105,0,105,238
11/28/2010,RAL,CA,AWP,WE,Federal Contract Tower,0,0,8,0,8,0,0,45,0,45,0,0,53,0,53,35,0,35,88
11/29/2010,RAL,CA,AWP,WE,Federal Contract Tower,0,0,0,0,0,0,0,19,0,19,0,0,19,0,19,6,0,6,25
11/30/2010,RAL,CA,AWP,WE,Federal Contract Tower,0,0,12,0,12,0,0,65,0,65,0,0,77,0,77,102,0,102,179
12/01/2010,RAL,CA,AWP,WE,Federal Contract Tower,0,0,22,0,22,0,0,63,0,63,0,0,85,0,85,59,0,59,144
12/02/2010,RAL,CA,AWP,WE,Federal Contract Tower,0,0,28,0,28,0,0,82,0,82,0,0,110,0,110,53,0,53,163
12/03/2010,RAL,CA,AWP,WE,Federal Contract Tower,0,0,37,0,37,0,0,88,0,88,0,0,125,0,125,119,0,119,244
12/04/2010,RAL,CA,AWP,WE,Federal Contract Tower,0,0,19,0,19,0,0,82,0,82,0,0,101,0,101,64,0,64,165
12/05/2010,RAL,CA,AWP,WE,Federal Contract Tower,0,0,9,0,9,0,0,68,0,68,0,0,77,0,77,50,0,50,127
12/06/2010,RAL,CA,AWP,WE,Federal Contract Tower,0,0,15,0,15,0,0,53,0,53,0,0,68,0,68,58,0,58,126
12/07/2010,RAL,CA,AWP,WE,Federal Contract Tower,0,0,31,0,31,0,0,73,0,73,0,0,104,0,104,75,0,75,179
12/08/2010,RAL,CA,AWP,WE,Federal Contract Tower,0,0,20,0,20,0,0,86,0,86,0,0,106,0,106,76,0,76,182
12/09/2010,RAL,CA,AWP,WE,Federal Contract Tower,0,0,5,0,5,0,0,85,0,85,0,0,90,0,90,35,0,35,125
12/10/2010,RAL,CA,AWP,WE,Federal Contract Tower,0,0,17,0,17,0,0,58,0,58,0,0,75,0,75,51,0,51,126
12/11/2010,RAL,CA,AWP,WE,Federal Contract Tower,0,0,18,0,18,0,0,66,0,66,0,0,84,0,84,54,0,54,138
12/12/2010,RAL,CA,AWP,WE,Federal Contract Tower,0,0,7,0,7,0,0,70,0,70,0,0,77,0,77,84,0,84,161
12/13/2010,RAL,CA,AWP,WE,Federal Contract Tower,0,0,19,0,19,0,0,75,0,75,0,0,94,0,94,45,0,45,139
12/14/2010,RAL,CA,AWP,WE,Federal Contract Tower,0,0,12,0,12,0,0,79,0,79,0,0,91,0,91,66,0,66,157
12/15/2010,RAL,CA,AWP,WE,Federal Contract Tower,0,0,12,0,12,0,0,17,0,17,0,0,29,0,29,0,0,0,29
12/16/2010,RAL,CA,AWP,WE,Federal Contract Tower,0,0,24,0,24,0,0,69,0,69,0,0,93,0,93,52,0,52,145
12/17/2010,RAL,CA,AWP,WE,Federal Contract Tower,0,0,27,0,27,0,0,35,0,35,0,0,62,0,62,35,0,35,97
12/18/2010,RAL,CA,AWP,WE,Federal Contract Tower,0,0,6,0,6,0,0,10,0,10,0,0,16,0,16,4,0,4,20
12/19/2010,RAL,CA,AWP,WE,Federal Contract Tower,0,0,2,0,2,0,0,0,0,0,0,0,2,0,2,0,0,0,2
12/20/2010,RAL,CA,AWP,WE,Federal Contract Tower,0,0,6,0,6,0,0,5,0,5,0,0,11,0,11,0,0,0,11
12/21/2010,RAL,CA,AWP,WE,Federal Contract Tower,0,0,4,0,4,0,0,2,0,2,0,0,6,0,6,0,0,0,6
12/22/2010,RAL,CA,AWP,WE,Federal Contract Tower,0,0,2,0,2,0,0,17,0,17,0,0,19,0,19,0,0,0,19
12/23/2010,RAL,CA,AWP,WE,Federal Contract Tower,0,0,7,0,7,0,0,63,0,63,0,0,70,0,70,60,0,60,130
12/24/2010,RAL,CA,AWP,WE,Federal Contract Tower,0,0,25,0,25,0,0,90,0,90,0,0,115,0,115,84,0,84,199
12/25/2010,RAL,CA,AWP,WE,Federal Contract Tower,0,0,0,0,0,0,0,26,0,26,0,0,26,0,26,8,0,8,34
12/26/2010,RAL,CA,AWP,WE,Federal Contract Tower,0,0,9,0,9,0,0,34,0,34,0,0,43,0,43,49,0,49,92
12/27/2010,RAL,CA,AWP,WE,Federal Contract Tower,0,0,7,0,7,0,0,82,0,82,0,0,89,0,89,44,0,44,133
12/28/2010,RAL,CA,AWP,WE,Federal Contract Tower,0,0,17,0,17,0,0,110,0,110,0,0,127,0,127,104,0,104,231
12/29/2010,RAL,CA,AWP,WE,Federal Contract Tower,0,0,1,0,1,0,0,11,0,11,0,0,12,0,12,0,0,0,12
12/30/2010,RAL,CA,AWP,WE,Federal Contract Tower,0,0,10,0,10,0,0,65,0,65,0,0,75,0,75,120,0,120,195
12/31/2010,RAL,CA,AWP,WE,Federal Contract Tower,0,0,22,0,22,0,0,106,0,106,0,0,128,0,128,68,0,68,196
01/01/2011,RAL,CA,AWP,WE,Federal Contract Tower,0,0,15,0,15,0,0,76,0,76,0,0,91,0,91,15,0,15,106
01/02/2011,RAL,CA,AWP,WE,Federal Contract Tower,0,0,10,0,10,0,0,9,0,9,0,0,19,0,19,22,0,22,41
01/03/2011,RAL,CA,AWP,WE,Federal Contract Tower,0,0,1,0,1,0,0,19,0,19,0,0,20,0,20,4,0,4,24
01/04/2011,RAL,CA,AWP,WE,Federal Contract Tower,0,0,10,0,10,0,0,60,0,60,0,0,70,0,70,40,0,40,110
01/05/2011,RAL,CA,AWP,WE,Federal Contract Tower,0,0,12,0,12,0,0,72,0,72,0,0,84,0,84,32,0,32,116
01/06/2011,RAL,CA,AWP,WE,Federal Contract Tower,0,0,15,0,15,0,0,63,0,63,0,0,78,0,78,89,0,89,167
01/07/2011,RAL,CA,AWP,WE,Federal Contract Tower,0,0,17,0,17,0,0,80,0,80,0,0,97,0,97,52,0,52,149
01/08/2011,RAL,CA,AWP,WE,Federal Contract Tower,0,0,10,0,10,0,0,86,0,86,0,0,96,0,96,43,0,43,139
01/09/2011,RAL,CA,AWP,WE,Federal Contract Tower,0,0,14,0,14,0,0,62,0,62,0,0,76,0,76,36,0,36,112
01/10/2011,RAL,CA,AWP,WE,Federal Contract Tower,0,0,4,0,4,0,0,41,0,41,0,0,45,0,45,26,0,26,71
01/11/2011,RAL,CA,AWP,WE,Federal Contract Tower,0,0,9,0,9,0,0,60,0,60,0,0,69,0,69,82,0,82,151
01/12/2011,RAL,CA,AWP,WE,Federal Contract Tower,0,1,16,0,17,0,2,99,0,101,0,3,115,0,118,106,0,106,224
01/13/2011,RAL,CA,AWP,WE,Federal Contract Tower,0,0,15,0,15,0,0,95,0,95,0,0,110,0,110,110,0,110,220
01/14/2011,RAL,CA,AWP,WE,Federal Contract Tower,0,0,5,0,5,0,0,22,0,22,0,0,27,0,27,10,0,10,37
01/15/2011,RAL,CA,AWP,WE,Federal Contract Tower,0,0,19,0,19,0,0,84,0,84,0,0,103,0,103,52,0,52,155
01/16/2011,RAL,CA,AWP,WE,Federal Contract Tower,0,0,13,0,13,0,0,97,0,97,0,0,110,0,110,114,0,114,224
01/17/2011,RAL,CA,AWP,WE,Federal Contract Tower,0,0,14,0,14,0,0,89,0,89,0,0,103,0,103,107,0,107,210
01/18/2011,RAL,CA,AWP,WE,Federal Contract Tower,0,0,24,0,24,0,0,86,0,86,0,0,110,0,110,122,0,122,232
01/19/2011,RAL,CA,AWP,WE,Federal Contract Tower,0,0,3,0,3,0,0,76,0,76,0,0,79,0,79,60,0,60,139
01/20/2011,RAL,CA,AWP,WE,Federal Contract Tower,0,0,3,0,3,0,0,28,0,28,0,0,31,0,31,6,0,6,37
01/21/2011,RAL,CA,AWP,WE,Federal Contract Tower,0,0,7,0,7,0,0,92,0,92,0,0,99,0,99,147,0,147,246
01/22/2011,RAL,CA,AWP,WE,Federal Contract Tower,0,0,18,0,18,0,0,146,0,146,0,0,164,0,164,166,0,166,330
01/23/2011,RAL,CA,AWP,WE,Federal Contract Tower,0,0,9,0,9,0,0,43,0,43,0,0,52,0,52,75,0,75,127
01/24/2011,RAL,CA,AWP,WE,Federal Contract Tower,0,0,8,0,8,0,0,102,0,102,0,0,110,0,110,134,0,134,244
01/25/2011,RAL,CA,AWP,WE,Federal Contract Tower,0,2,25,0,27,0,1,88,0,89,0,3,113,0,116,54,0,54,170
01/26/2011,RAL,CA,AWP,WE,Federal Contract Tower,0,0,1,0,1,0,0,30,0,30,0,0,31,0,31,37,0,37,68
01/27/2011,RAL,CA,AWP,WE,Federal Contract Tower,0,0,2,0,2,0,0,65,0,65,0,0,67,0,67,42,0,42,109
01/28/2011,RAL,CA,AWP,WE,Federal Contract Tower,0,0,15,0,15,0,0,98,0,98,0,0,113,0,113,86,0,86,199
01/29/2011,RAL,CA,AWP,WE,Federal Contract Tower,0,0,40,0,40,0,0,161,0,161,0,0,201,0,201,161,0,161,362
01/30/2011,RAL,CA,AWP,WE,Federal Contract Tower,0,0,12,0,12,0,0,20,0,20,0,0,32,0,32,45,0,45,77
01/31/2011,RAL,CA,AWP,WE,Federal Contract Tower,0,0,13,0,13,0,0,57,0,57,0,0,70,0,70,166,0,166,236
02/01/2011,RAL,CA,AWP,WE,Federal Contract Tower,0,0,15,0,15,0,0,83,0,83,0,0,98,0,98,116,0,116,214
02/02/2011,RAL,CA,AWP,WE,Federal Contract Tower,0,0,0,0,0,0,0,13,0,13,0,0,13,0,13,0,0,0,13
02/03/2011,RAL,CA,AWP,WE,Federal Contract Tower,0,0,8,0,8,0,0,78,0,78,0,0,86,0,86,80,0,80,166
02/04/2011,RAL,CA,AWP,WE,Federal Contract Tower,0,0,20,0,20,0,0,103,0,103,0,0,123,0,123,53,0,53,176
02/05/2011,RAL,CA,AWP,WE,Federal Contract Tower,0,0,19,0,19,0,0,101,0,101,0,0,120,0,120,163,0,163,283
02/06/2011,RAL,CA,AWP,WE,Federal Contract Tower,0,0,12,0,12,0,0,66,0,66,0,0,78,0,78,5,0,5,83
02/07/2011,RAL,CA,AWP,WE,Federal Contract Tower,0,0,11,0,11,0,0,64,0,64,0,0,75,0,75,77,0,77,152
02/08/2011,RAL,CA,AWP,WE,Federal Contract Tower,0,0,12,0,12,0,0,54,0,54,0,0,66,0,66,52,0,52,118
02/09/2011,RAL,CA,AWP,WE,Federal Contract Tower,0,2,4,0,6,0,0,41,0,41,0,2,45,0,47,35,0,35,82
02/10/2011,RAL,CA,AWP,WE,Federal Contract Tower,0,0,8,0,8,0,0,57,0,57,0,0,65,0,65,20,0,20,85
02/11/2011,RAL,CA,AWP,WE,Federal Contract Tower,0,0,15,0,15,0,0,90,0,90,0,0,105,0,105,81,0,81,186
02/12/2011,RAL,CA,AWP,WE,Federal Contract Tower,0,0,23,0,23,0,0,109,0,109,0,0,132,0,132,71,0,71,203
02/13/2011,RAL,CA,AWP,WE,Federal Contract Tower,0,0,16,0,16,0,0,99,0,99,0,0,115,0,115,152,0,152,267
02/14/2011,RAL,CA,AWP,WE,Federal Contract Tower,0,0,26,0,26,0,0,99,0,99,0,0,125,0,125,187,0,187,312
02/15/2011,RAL,CA,AWP,WE,Federal Contract Tower,0,0,13,0,13,0,0,56,0,56,0,0,69,0,69,211,0,211,280
02/16/2011,RAL,CA,AWP,WE,Federal Contract Tower,0,0,7,0,7,0,0,9,0,9,0,0,16,0,16,2,0,2,18
02/17/2011,RAL,CA,AWP,WE,Federal Contract Tower,0,0,12,1,13,0,0,102,1,103,0,0,114,2,116,100,0,100,216
02/18/2011,RAL,CA,AWP,WE,Federal Contract Tower,0,0,23,0,23,0,0,61,0,61,0,0,84,0,84,91,0,91,175
02/19/2011,RAL,CA,AWP,WE,Federal Contract Tower,0,0,12,0,12,0,0,41,0,41,0,0,53,0,53,16,0,16,69
02/20/2011,RAL,CA,AWP,WE,Federal Contract Tower,0,0,14,0,14,0,0,92,0,92,0,0,106,0,106,66,0,66,172
02/21/2011,RAL,CA,AWP,WE,Federal Contract Tower,0,0,28,0,28,0,0,163,0,163,0,0,191,0,191,113,0,113,304
02/22/2011,RAL,CA,AWP,WE,Federal Contract Tower,0,0,22,0,22,0,0,98,0,98,0,0,120,0,120,97,0,97,217
02/23/2011,RAL,CA,AWP,WE,Federal Contract Tower,0,0,24,0,24,0,0,70,0,70,0,0,94,0,94,103,0,103,197
02/24/2011,RAL,CA,AWP,WE,Federal Contract Tower,0,0,10,0,10,0,0,91,0,91,0,0,101,0,101,100,0,100,201
02/25/2011,RAL,CA,AWP,WE,Federal Contract Tower,0,0,7,0,7,0,0,41,0,41,0,0,48,0,48,71,0,71,119
02/26/2011,RAL,CA,AWP,WE,Federal Contract Tower,0,0,4,0,4,0,0,20,0,20,0,0,24,0,24,12,0,12,36
02/27/2011,RAL,CA,AWP,WE,Federal Contract Tower,0,0,5,0,5,0,0,85,0,85,0,0,90,0,90,91,0,91,181
02/28/2011,RAL,CA,AWP,WE,Federal Contract Tower,0,0,20,0,20,0,0,99,0,99,0,0,119,0,119,70,0,70,189
03/01/2011,RAL,CA,AWP,WE,Federal Contract Tower,0,0,26,0,26,0,0,91,0,91,0,0,117,0,117,106,0,106,223
03/02/2011,RAL,CA,AWP,WE,Federal Contract Tower,0,0,28,0,28,0,0,78,0,78,0,0,106,0,106,101,0,101,207
03/03/2011,RAL,CA,AWP,WE,Federal Contract Tower,0,2,38,0,40,0,0,50,0,50,0,2,88,0,90,58,0,58,148
03/04/2011,RAL,CA,AWP,WE,Federal Contract Tower,0,0,8,0,8,0,0,68,0,68,0,0,76,0,76,35,0,35,111
03/05/2011,RAL,CA,AWP,WE,Federal Contract Tower,0,2,24,0,26,0,0,121,0,121,0,2,145,0,147,96,0,96,243
03/06/2011,RAL,CA,AWP,WE,Federal Contract Tower,0,0,21,0,21,0,0,77,0,77,0,0,98,0,98,87,0,87,185
03/07/2011,RAL,CA,AWP,WE,Federal Contract Tower,0,0,28,0,28,0,0,51,0,51,0,0,79,0,79,29,0,29,108
03/08/2011,RAL,CA,AWP,WE,Federal Contract Tower,0,0,22,0,22,0,0,77,0,77,0,0,99,0,99,77,0,77,176
03/09/2011,RAL,CA,AWP,WE,Federal Contract Tower,0,0,46,0,46,0,0,85,0,85,0,0,131,0,131,63,0,63,194
03/10/2011,RAL,CA,AWP,WE,Federal Contract Tower,0,0,30,0,30,0,0,82,0,82,0,0,112,0,112,47,0,47,159
03/11/2011,RAL,CA,AWP,WE,Federal Contract Tower,0,0,12,0,12,0,0,128,0,128,0,0,140,0,140,132,0,132,272
03/12/2011,RAL,CA,AWP,WE,Federal Contract Tower,0,0,21,0,21,0,0,88,0,88,0,0,109,0,109,116,0,116,225
03/13/2011,RAL,CA,AWP,WE,Federal Contract Tower,0,0,31,0,31,0,0,108,0,108,0,0,139,0,139,71,0,71,210
03/14/2011,RAL,CA,AWP,WE,Federal Contract Tower,0,0,22,0,22,0,0,102,0,102,0,0,124,0,124,71,0,71,195
03/15/2011,RAL,CA,AWP,WE,Federal Contract Tower,0,0,27,0,27,0,0,83,0,83,0,0,110,0,110,102,0,102,212
03/16/2011,RAL,CA,AWP,WE,Federal Contract Tower,0,0,25,0,25,0,0,78,0,78,0,0,103,0,103,96,0,96,199
03/17/2011,RAL,CA,AWP,WE,Federal Contract Tower,0,0,24,0,24,0,0,82,0,82,0,0,106,0,106,63,0,63,169
03/18/2011,RAL,CA,AWP,WE,Federal Contract Tower,0,0,7,0,7,0,0,91,0,91,0,0,98,0,98,76,0,76,174
03/19/2011,RAL,CA,AWP,WE,Federal Contract Tower,0,0,8,0,8,0,0,55,0,55,0,0,63,0,63,96,0,96,159
03/20/2011,RAL,CA,AWP,WE,Federal Contract Tower,0,0,4,0,4,0,0,14,0,14,0,0,18,0,18,3,0,3,21
03/21/2011,RAL,CA,AWP,WE,Federal Contract Tower,0,0,5,0,5,0,0,23,0,23,0,0,28,0,28,39,0,39,67
03/22/2011,RAL,CA,AWP,WE,Federal Contract Tower,0,0,23,0,23,0,0,84,0,84,0,0,107,0,107,84,0,84,191
03/23/2011,RAL,CA,AWP,WE,Federal Contract Tower,0,0,20,0,20,0,0,71,0,71,0,0,91,0,91,138,0,138,229
03/24/2011,RAL,CA,AWP,WE,Federal Contract Tower,0,0,12,0,12,0,0,66,0,66,0,0,78,0,78,92,0,92,170
03/25/2011,RAL,CA,AWP,WE,Federal Contract Tower,0,0,3,5,8,0,0,37,3,40,0,0,40,8,48,2,0,2,50
03/26/2011,RAL,CA,AWP,WE,Federal Contract Tower,0,0,3,0,3,0,0,53,0,53,0,0,56,0,56,0,0,0,56
03/27/2011,RAL,CA,AWP,WE,Federal Contract Tower,0,0,17,0,17,0,0,56,2,58,0,0,73,2,75,51,0,51,126
03/28/2011,RAL,CA,AWP,WE,Federal Contract Tower,0,0,15,0,15,0,0,108,0,108,0,0,123,0,123,113,0,113,236
03/29/2011,RAL,CA,AWP,WE,Federal Contract Tower,0,0,35,0,35,0,0,96,0,96,0,0,131,0,131,107,0,107,238
03/30/2011,RAL,CA,AWP,WE,Federal Contract Tower,0,1,22,0,23,0,0,56,0,56,0,1,78,0,79,41,0,41,120
03/31/2011,RAL,CA,AWP,WE,Federal Contract Tower,0,2,33,0,35,0,0,74,0,74,0,2,107,0,109,80,0,80,189
04/01/2011,RAL,CA,AWP,WE,Federal Contract Tower,0,0,31,0,31,0,0,79,0,79,0,0,110,0,110,71,0,71,181
04/02/2011,RAL,CA,AWP,WE,Federal Contract Tower,0,0,25,0,25,0,0,38,0,38,0,0,63,0,63,31,0,31,94
04/03/2011,RAL,CA,AWP,WE,Federal Contract Tower,0,0,19,0,19,0,0,63,0,63,0,0,82,0,82,56,0,56,138
04/04/2011,RAL,CA,AWP,WE,Federal Contract Tower,0,1,26,0,27,0,0,74,0,74,0,1,100,0,101,79,0,79,180
04/05/2011,RAL,CA,AWP,WE,Federal Contract Tower,0,0,17,0,17,0,0,95,0,95,0,0,112,0,112,96,0,96,208
04/06/2011,RAL,CA,AWP,WE,Federal Contract Tower,0,0,19,0,19,0,0,49,0,49,0,0,68,0,68,59,0,59,127
04/07/2011,RAL,CA,AWP,WE,Federal Contract Tower,0,0,4,1,5,0,0,27,0,27,0,0,31,1,32,42,0,42,74
04/08/2011,RAL,CA,AWP,WE,Federal Contract Tower,0,0,5,0,5,0,0,35,0,35,0,0,40,0,40,4,0,4,44
04/09/2011,RAL,CA,AWP,WE,Federal Contract Tower,0,0,8,0,8,0,0,102,0,102,0,0,110,0,110,98,0,98,208
04/10/2011,RAL,CA,AWP,WE,Federal Contract Tower,0,0,14,0,14,0,0,157,0,157,0,0,171,0,171,124,0,124,295
04/11/2011,RAL,CA,AWP,WE,Federal Contract Tower,0,0,16,0,16,0,0,94,0,94,0,0,110,0,110,129,0,129,239
04/12/2011,RAL,CA,AWP,WE,Federal Contract Tower,0,1,26,0,27,0,0,92,0,92,0,1,118,0,119,115,0,115,234
04/13/2011,RAL,CA,AWP,WE,Federal Contract Tower,0,0,28,0,28,0,0,71,0,71,0,0,99,0,99,124,0,124,223
04/14/2011,RAL,CA,AWP,WE,Federal Contract Tower,0,0,27,0,27,0,0,76,0,76,0,0,103,0,103,64,0,64,167
04/15/2011,RAL,CA,AWP,WE,Federal Contract Tower,0,0,22,0,22,0,0,104,0,104,0,0,126,0,126,67,0,67,193
04/16/2011,RAL,CA,AWP,WE,Federal Contract Tower,0,0,3,0,3,0,0,104,0,104,0,0,107,0,107,53,0,53,160
04/17/2011,RAL,CA,AWP,WE,Federal Contract Tower,0,0,4,0,4,0,0,100,0,100,0,0,104,0,104,72,0,72,176
04/18/2011,RAL,CA,AWP,WE,Federal Contract Tower,0,0,20,0,20,0,0,37,0,37,0,0,57,0,57,32,0,32,89
04/19/2011,RAL,CA,AWP,WE,Federal Contract Tower,0,0,11,0,11,0,0,43,0,43,0,0,54,0,54,80,0,80,134
04/20/2011,RAL,CA,AWP,WE,Federal Contract Tower,0,0,15,0,15,0,0,52,0,52,0,0,67,0,67,71,0,71,138
04/21/2011,RAL,CA,AWP,WE,Federal Contract Tower,0,0,17,0,17,0,0,51,0,51,0,0,68,0,68,74,0,74,142
04/22/2011,RAL,CA,AWP,WE,Federal Contract Tower,0,0,11,0,11,0,0,76,0,76,0,0,87,0,87,36,0,36,123
04/23/2011,RAL,CA,AWP,WE,Federal Contract Tower,0,7,8,0,15,0,0,127,0,127,0,7,135,0,142,84,0,84,226
04/24/2011,RAL,CA,AWP,WE,Federal Contract Tower,0,0,16,0,16,0,0,44,0,44,0,0,60,0,60,6,0,6,66
04/25/2011,RAL,CA,AWP,WE,Federal Contract Tower,0,2,20,0,22,0,0,72,0,72,0,2,92,0,94,48,0,48,142
04/26/2011,RAL,CA,AWP,WE,Federal Contract Tower,0,0,11,0,11,0,0,68,0,68,0,0,79,0,79,72,0,72,151
04/27/2011,RAL,CA,AWP,WE,Federal Contract Tower,0,0,27,0,27,0,1,108,0,109,0,1,135,0,136,93,0,93,229
04/28/2011,RAL,CA,AWP,WE,Federal Contract Tower,0,0,22,0,22,0,0,105,0,105,0,0,127,0,127,118,0,118,245
04/29/2011,RAL,CA,AWP,WE,Federal Contract Tower,0,0,18,0,18,0,0,89,0,89,0,0,107,0,107,105,0,105,212
04/30/2011,RAL,CA,AWP,WE,Federal Contract Tower,0,0,0,0,0,0,0,16,0,16,0,0,16,0,16,18,0,18,34
05/01/2011,RAL,CA,AWP,WE,Federal Contract Tower,0,0,9,0,9,0,0,41,0,41,0,0,50,0,50,19,0,19,69
05/02/2011,RAL,CA,AWP,WE,Federal Contract Tower,0,0,29,0,29,0,0,76,0,76,0,0,105,0,105,81,0,81,186
05/03/2011,RAL,CA,AWP,WE,Federal Contract Tower,0,0,13,0,13,0,0,78,0,78,0,0,91,0,91,47,0,47,138
05/04/2011,RAL,CA,AWP,WE,Federal Contract Tower,0,0,11,0,11,0,0,84,0,84,0,0,95,0,95,59,0,59,154
05/05/2011,RAL,CA,AWP,WE,Federal Contract Tower,0,0,29,0,29,0,0,102,0,102,0,0,131,0,131,105,0,105,236
05/06/2011,RAL,CA,AWP,WE,Federal Contract Tower,0,0,11,0,11,0,0,87,0,87,0,0,98,0,98,84,0,84,182
05/07/2011,RAL,CA,AWP,WE,Federal Contract Tower,0,0,12,0,12,0,0,40,0,40,0,0,52,0,52,34,0,34,86
05/08/2011,RAL,CA,AWP,WE,Federal Contract Tower,0,0,6,0,6,0,0,18,0,18,0,0,24,0,24,4,0,4,28
05/09/2011,RAL,CA,AWP,WE,Federal Contract Tower,0,0,8,0,8,0,0,53,0,53,0,0,61,0,61,82,0,82,143
05/10/2011,RAL,CA,AWP,WE,Federal Contract Tower,0,0,16,0,16,0,0,77,0,77,0,0,93,0,93,71,0,71,164
05/11/2011,RAL,CA,AWP,WE,Federal Contract Tower,0,0,20,0,20,0,0,115,0,115,0,0,135,0,135,54,0,54,189
05/12/2011,RAL,CA,AWP,WE,Federal Contract Tower,0,0,29,0,29,0,0,105,0,105,0,0,134,0,134,81,0,81,215
05/13/2011,RAL,CA,AWP,WE,Federal Contract Tower,0,0,12,0,12,0,0,76,0,76,0,0,88,0,88,118,0,118,206
05/14/2011,RAL,CA,AWP,WE,Federal Contract Tower,0,0,19,0,19,0,0,73,0,73,0,0,92,0,92,70,0,70,162
05/15/2011,RAL,CA,AWP,WE,Federal Contract Tower,0,0,17,0,17,0,0,38,0,38,0,0,55,0,55,25,0,25,80
05/16/2011,RAL,CA,AWP,WE,Federal Contract Tower,0,0,16,0,16,0,0,106,0,106,0,0,122,0,122,93,0,93,215
05/17/2011,RAL,CA,AWP,WE,Federal Contract Tower,0,0,4,0,4,0,0,14,0,14,0,0,18,0,18,25,0,25,43
05/18/2011,RAL,CA,AWP,WE,Federal Contract Tower,0,1,5,0,6,0,0,42,0,42,0,1,47,0,48,42,0,42,90
05/19/2011,RAL,CA,AWP,WE,Federal Contract Tower,0,1,28,0,29,0,0,107,0,107,0,1,135,0,136,163,0,163,299
05/20/2011,RAL,CA,AWP,WE,Federal Contract Tower,0,0,18,0,18,0,0,108,0,108,0,0,126,0,126,151,0,151,277
05/21/2011,RAL,CA,AWP,WE,Federal Contract Tower,0,0,31,0,31,0,0,103,0,103,0,0,134,0,134,84,0,84,218
05/22/2011,RAL,CA,AWP,WE,Federal Contract Tower,0,0,12,0,12,0,0,34,0,34,0,0,46,0,46,35,0,35,81
05/23/2011,RAL,CA,AWP,WE,Federal Contract Tower,0,0,17,0,17,0,0,111,0,111,0,0,128,0,128,142,0,142,270
05/24/2011,RAL,CA,AWP,WE,Federal Contract Tower,0,2,12,0,14,0,0,100,0,100,0,2,112,0,114,150,0,150,264
05/25/2011,RAL,CA,AWP,WE,Federal Contract Tower,0,0,25,0,25,0,2,112,0,114,0,2,137,0,139,119,0,119,258
05/26/2011,RAL,CA,AWP,WE,Federal Contract Tower,0,0,28,0,28,0,0,130,0,130,0,0,158,0,158,142,0,142,300
05/27/2011,RAL,CA,AWP,WE,Federal Contract Tower,0,0,29,0,29,0,0,120,0,120,0,0,149,0,149,132,0,132,281
05/28/2011,RAL,CA,AWP,WE,Federal Contract Tower,0,0,22,0,22,0,0,124,0,124,0,0,146,0,146,76,0,76,222
05/29/2011,RAL,CA,AWP,WE,Federal Contract Tower,0,0,11,0,11,0,0,32,0,32,0,0,43,0,43,33,0,33,76
05/30/2011,RAL,CA,AWP,WE,Federal Contract Tower,0,0,32,0,32,0,0,121,0,121,0,0,153,0,153,72,0,72,225
05/31/2011,RAL,CA,AWP,WE,Federal Contract Tower,0,0,6,0,6,0,0,94,0,94,0,0,100,0,100,60,0,60,160
06/01/2011,RAL,CA,AWP,WE,Federal Contract Tower,0,0,24,0,24,0,0,80,0,80,0,0,104,0,104,90,0,90,194
06/02/2011,RAL,CA,AWP,WE,Federal Contract Tower,0,0,22,0,22,0,0,97,0,97,0,0,119,0,119,76,0,76,195
06/03/2011,RAL,CA,AWP,WE,Federal Contract Tower,0,0,17,0,17,0,0,101,0,101,0,0,118,0,118,56,0,56,174
06/04/2011,RAL,CA,AWP,WE,Federal Contract Tower,0,0,14,0,14,0,0,96,0,96,0,0,110,0,110,116,0,116,226
06/05/2011,RAL,CA,AWP,WE,Federal Contract Tower,0,0,17,0,17,0,0,83,0,83,0,0,100,0,100,40,0,40,140
06/06/2011,RAL,CA,AWP,WE,Federal Contract Tower,0,0,17,0,17,0,0,86,0,86,0,0,103,0,103,124,0,124,227
06/07/2011,RAL,CA,AWP,WE,Federal Contract Tower,0,0,20,0,20,0,0,82,0,82,0,0,102,0,102,71,0,71,173
06/08/2011,RAL,CA,AWP,WE,Federal Contract Tower,0,0,21,0,21,0,0,55,0,55,0,0,76,0,76,70,0,70,146
06/09/2011,RAL,CA,AWP,WE,Federal Contract Tower,0,0,9,0,9,0,0,46,0,46,0,0,55,0,55,57,0,57,112
06/10/2011,RAL,CA,AWP,WE,Federal Contract Tower,0,0,17,0,17,0,0,41,0,41,0,0,58,0,58,47,0,47,105
06/11/2011,RAL,CA,AWP,WE,Federal Contract Tower,0,0,18,0,18,0,0,67,0,67,0,0,85,0,85,169,0,169,254
06/12/2011,RAL,CA,AWP,WE,Federal Contract Tower,0,0,22,0,22,0,0,78,0,78,0,0,100,0,100,48,0,48,148
06/13/2011,RAL,CA,AWP,WE,Federal Contract Tower,0,0,25,0,25,0,0,121,0,121,0,0,146,0,146,151,0,151,297
06/14/2011,RAL,CA,AWP,WE,Federal Contract Tower,0,0,24,0,24,0,0,89,0,89,0,0,113,0,113,102,0,102,215
06/15/2011,RAL,CA,AWP,WE,Federal Contract Tower,0,0,7,0,7,0,0,75,0,75,0,0,82,0,82,91,0,91,173
06/16/2011,RAL,CA,AWP,WE,Federal Contract Tower,0,0,20,0,20,0,0,95,0,95,0,0,115,0,115,91,0,91,206
06/17/2011,RAL,CA,AWP,WE,Federal Contract Tower,0,0,18,0,18,0,0,81,0,81,0,0,99,0,99,116,0,116,215
06/18/2011,RAL,CA,AWP,WE,Federal Contract Tower,0,0,20,0,20,0,0,101,0,101,0,0,121,0,121,85,0,85,206
06/19/2011,RAL,CA,AWP,WE,Federal Contract Tower,0,0,14,0,14,0,0,57,0,57,0,0,71,0,71,32,0,32,103
06/20/2011,RAL,CA,AWP,WE,Federal Contract Tower,0,0,23,0,23,0,0,93,0,93,0,0,116,0,116,60,0,60,176
06/21/2011,RAL,CA,AWP,WE,Federal Contract Tower,0,0,18,0,18,0,0,61,0,61,0,0,79,0,79,105,0,105,184
06/22/2011,RAL,CA,AWP,WE,Federal Contract Tower,0,0,5,0,5,0,0,84,0,84,0,0,89,0,89,94,0,94,183
06/23/2011,RAL,CA,AWP,WE,Federal Contract Tower,0,0,4,0,4,0,0,104,0,104,0,0,108,0,108,133,0,133,241
06/24/2011,RAL,CA,AWP,WE,Federal Contract Tower,0,0,21,0,21,0,0,74,0,74,0,0,95,0,95,104,0,104,199
06/25/2011,RAL,CA,AWP,WE,Federal Contract Tower,0,0,20,0,20,0,0,76,0,76,0,0,96,0,96,115,0,115,211
06/26/2011,RAL,CA,AWP,WE,Federal Contract Tower,0,0,17,0,17,0,0,90,0,90,0,0,107,0,107,114,0,114,221
06/27/2011,RAL,CA,AWP,WE,Federal Contract Tower,0,0,19,0,19,0,0,105,0,105,0,0,124,0,124,96,0,96,220
06/28/2011,RAL,CA,AWP,WE,Federal Contract Tower,0,2,19,0,21,0,2,94,0,96,0,4,113,0,117,103,0,103,220
06/29/2011,RAL,CA,AWP,WE,Federal Contract Tower,0,0,5,0,5,0,0,81,0,81,0,0,86,0,86,142,0,142,228
06/30/2011,RAL,CA,AWP,WE,Federal Contract Tower,0,0,5,0,5,0,0,108,0,108,0,0,113,0,113,133,0,133,246
07/01/2011,RAL,CA,AWP,WE,Federal Contract Tower,0,0,15,0,15,0,0,127,0,127,0,0,142,0,142,115,0,115,257
07/02/2011,RAL,CA,AWP,WE,Federal Contract Tower,0,0,13,0,13,0,0,79,0,79,0,0,92,0,92,90,0,90,182
07/03/2011,RAL,CA,AWP,WE,Federal Contract Tower,0,0,11,0,11,0,0,62,0,62,0,0,73,0,73,28,0,28,101
07/04/2011,RAL,CA,AWP,WE,Federal Contract Tower,0,0,5,0,5,0,0,37,0,37,0,0,42,0,42,7,0,7,49
07/05/2011,RAL,CA,AWP,WE,Federal Contract Tower,0,0,16,0,16,0,0,76,0,76,0,0,92,0,92,73,0,73,165
07/06/2011,RAL,CA,AWP,WE,Federal Contract Tower,0,2,4,0,6,0,0,47,0,47,0,2,51,0,53,92,0,92,145
07/07/2011,RAL,CA,AWP,WE,Federal Contract Tower,0,0,4,0,4,0,0,95,0,95,0,0,99,0,99,143,0,143,242
07/08/2011,RAL,CA,AWP,WE,Federal Contract Tower,0,0,20,0,20,0,0,115,0,115,0,0,135,0,135,243,0,243,378
07/09/2011,RAL,CA,AWP,WE,Federal Contract Tower,0,0,18,0,18,0,0,118,0,118,0,0,136,0,136,151,0,151,287
07/10/2011,RAL,CA,AWP,WE,Federal Contract Tower,0,0,11,2,13,0,0,68,0,68,0,0,79,2,81,30,0,30,111
07/11/2011,RAL,CA,AWP,WE,Federal Contract Tower,0,0,13,0,13,0,0,68,0,68,0,0,81,0,81,69,0,69,150
07/12/2011,RAL,CA,AWP,WE,Federal Contract Tower,0,0,26,0,26,0,0,76,0,76,0,0,102,0,102,151,0,151,253
07/13/2011,RAL,CA,AWP,WE,Federal Contract Tower,0,0,20,0,20,0,0,61,0,61,0,0,81,0,81,81,0,81,162
07/14/2011,RAL,CA,AWP,WE,Federal Contract Tower,0,0,23,0,23,0,0,68,0,68,0,0,91,0,91,182,0,182,273
07/15/2011,RAL,CA,AWP,WE,Federal Contract Tower,0,0,12,0,12,0,0,78,0,78,0,0,90,0,90,127,0,127,217
07/16/2011,RAL,CA,AWP,WE,Federal Contract Tower,0,0,16,0,16,0,0,70,0,70,0,0,86,0,86,165,0,165,251
07/17/2011,RAL,CA,AWP,WE,Federal Contract Tower,0,0,24,0,24,0,0,95,0,95,0,0,119,0,119,72,0,72,191
07/18/2011,RAL,CA,AWP,WE,Federal Contract Tower,0,0,19,0,19,0,0,76,0,76,0,0,95,0,95,85,0,85,180
07/19/2011,RAL,CA,AWP,WE,Federal Contract Tower,0,0,33,0,33,0,0,79,0,79,0,0,112,0,112,91,0,91,203
07/20/2011,RAL,CA,AWP,WE,Federal Contract Tower,0,0,28,0,28,0,0,74,0,74,0,0,102,0,102,99,0,99,201
07/21/2011,RAL,CA,AWP,WE,Federal Contract Tower,0,1,21,0,22,0,0,68,0,68,0,1,89,0,90,94,0,94,184
07/22/2011,RAL,CA,AWP,WE,Federal Contract Tower,0,1,9,0,10,0,0,87,0,87,0,1,96,0,97,72,0,72,169
07/23/2011,RAL,CA,AWP,WE,Federal Contract Tower,0,0,18,0,18,0,0,92,0,92,0,0,110,0,110,148,0,148,258
07/24/2011,RAL,CA,AWP,WE,Federal Contract Tower,0,0,10,0,10,0,0,58,0,58,0,0,68,0,68,52,0,52,120
07/25/2011,RAL,CA,AWP,WE,Federal Contract Tower,0,0,37,0,37,0,0,101,0,101,0,0,138,0,138,105,0,105,243
07/26/2011,RAL,CA,AWP,WE,Federal Contract Tower,0,0,27,0,27,0,0,95,0,95,0,0,122,0,122,133,0,133,255
07/27/2011,RAL,CA,AWP,WE,Federal Contract Tower,0,0,23,0,23,0,0,87,0,87,0,0,110,0,110,86,0,86,196
07/28/2011,RAL,CA,AWP,WE,Federal Contract Tower,0,0,21,0,21,0,0,86,0,86,0,0,107,0,107,99,0,99,206
07/29/2011,RAL,CA,AWP,WE,Federal Contract Tower,0,0,10,0,10,0,0,78,0,78,0,0,88,0,88,117,0,117,205
07/30/2011,RAL,CA,AWP,WE,Federal Contract Tower,0,0,10,0,10,0,0,69,0,69,0,0,79,0,79,68,0,68,147
07/31/2011,RAL,CA,AWP,WE,Federal Contract Tower,0,0,14,0,14,0,0,30,0,30,0,0,44,0,44,6,0,6,50
08/01/2011,RAL,CA,AWP,WE,Federal Contract Tower,0,0,27,0,27,0,0,93,0,93,0,0,120,0,120,102,0,102,222
08/02/2011,RAL,CA,AWP,WE,Federal Contract Tower,0,0,22,0,22,0,0,78,0,78,0,0,100,0,100,53,0,53,153
08/03/2011,RAL,CA,AWP,WE,Federal Contract Tower,0,3,35,0,38,0,0,73,0,73,0,3,108,0,111,40,0,40,151
08/04/2011,RAL,CA,AWP,WE,Federal Contract Tower,0,0,26,0,26,0,0,76,0,76,0,0,102,0,102,88,0,88,190
08/05/2011,RAL,CA,AWP,WE,Federal Contract Tower,0,0,12,4,16,0,0,88,0,88,0,0,100,4,104,131,0,131,235
08/06/2011,RAL,CA,AWP,WE,Federal Contract Tower,0,0,18,0,18,0,0,103,0,103,0,0,121,0,121,65,0,65,186
08/07/2011,RAL,CA,AWP,WE,Federal Contract Tower,0,0,9,1,10,0,0,78,0,78,0,0,87,1,88,76,1,77,165
08/08/2011,RAL,CA,AWP,WE,Federal Contract Tower,0,0,20,0,20,0,0,73,0,73,0,0,93,0,93,34,0,34,127
08/09/2011,RAL,CA,AWP,WE,Federal Contract Tower,0,2,50,0,52,0,0,99,0,99,0,2,149,0,151,79,0,79,230
08/10/2011,RAL,CA,AWP,WE,Federal Contract Tower,0,0,15,0,15,0,0,58,0,58,0,0,73,0,73,186,0,186,259
08/11/2011,RAL,CA,AWP,WE,Federal Contract Tower,0,0,28,0,28,0,0,91,0,91,0,0,119,0,119,99,0,99,218
08/12/2011,RAL,CA,AWP,WE,Federal Contract Tower,0,2,0,0,2,0,0,80,0,80,0,2,80,0,82,80,0,80,162
08/13/2011,RAL,CA,AWP,WE,Federal Contract Tower,0,0,8,0,8,0,0,126,0,126,0,0,134,0,134,60,0,60,194
08/14/2011,RAL,CA,AWP,WE,Federal Contract Tower,0,0,8,0,8,0,0,145,0,145,0,0,153,0,153,65,0,65,218
08/15/2011,RAL,CA,AWP,WE,Federal Contract Tower,0,0,25,0,25,0,0,102,0,102,0,0,127,0,127,125,0,125,252
08/16/2011,RAL,CA,AWP,WE,Federal Contract Tower,0,0,31,0,31,0,0,101,0,101,0,0,132,0,132,168,0,168,300
08/17/2011,RAL,CA,AWP,WE,Federal Contract Tower,0,2,32,0,34,0,0,78,0,78,0,2,110,0,112,135,0,135,247
08/18/2011,RAL,CA,AWP,WE,Federal Contract Tower,0,2,25,0,27,0,0,78,0,78,0,2,103,0,105,79,0,79,184
08/19/2011,RAL,CA,AWP,WE,Federal Contract Tower,0,0,41,0,41,0,0,92,0,92,0,0,133,0,133,87,0,87,220
08/20/2011,RAL,CA,AWP,WE,Federal Contract Tower,0,0,13,0,13,0,0,74,0,74,0,0,87,0,87,50,0,50,137
08/21/2011,RAL,CA,AWP,WE,Federal Contract Tower,0,0,0,0,0,0,0,73,0,73,0,0,73,0,73,54,0,54,127
08/22/2011,RAL,CA,AWP,WE,Federal Contract Tower,0,0,14,0,14,0,0,73,0,73,0,0,87,0,87,61,0,61,148
08/23/2011,RAL,CA,AWP,WE,Federal Contract Tower,0,0,15,0,15,0,0,82,0,82,0,0,97,0,97,73,0,73,170
08/24/2011,RAL,CA,AWP,WE,Federal Contract Tower,0,0,25,0,25,0,0,77,0,77,0,0,102,0,102,46,0,46,148
08/25/2011,RAL,CA,AWP,WE,Federal Contract Tower,0,0,36,0,36,0,0,78,0,78,0,0,114,0,114,88,0,88,202
08/26/2011,RAL,CA,AWP,WE,Federal Contract Tower,0,0,28,0,28,0,0,98,0,98,0,0,126,0,126,70,0,70,196
08/27/2011,RAL,CA,AWP,WE,Federal Contract Tower,0,0,7,0,7,0,0,78,0,78,0,0,85,0,85,91,0,91,176
08/28/2011,RAL,CA,AWP,WE,Federal Contract Tower,0,0,5,0,5,0,0,68,0,68,0,0,73,0,73,67,0,67,140
08/29/2011,RAL,CA,AWP,WE,Federal Contract Tower,0,0,7,2,9,0,0,46,0,46,0,0,53,2,55,49,0,49,104
08/30/2011,RAL,CA,AWP,WE,Federal Contract Tower,0,0,24,0,24,0,0,83,0,83,0,0,107,0,107,82,0,82,189
08/31/2011,RAL,CA,AWP,WE,Federal Contract Tower,0,0,17,0,17,0,0,82,0,82,0,0,99,0,99,94,0,94,193
09/01/2011,RAL,CA,AWP,WE,Federal Contract Tower,0,0,32,0,32,0,0,72,0,72,0,0,104,0,104,110,0,110,214
09/02/2011,RAL,CA,AWP,WE,Federal Contract Tower,0,0,40,0,40,0,0,95,0,95,0,0,135,0,135,45,0,45,180
09/03/2011,RAL,CA,AWP,WE,Federal Contract Tower,0,0,5,0,5,0,0,77,0,77,0,0,82,0,82,22,0,22,104
09/04/2011,RAL,CA,AWP,WE,Federal Contract Tower,0,0,3,0,3,0,0,66,0,66,0,0,69,0,69,44,0,44,113
09/05/2011,RAL,CA,AWP,WE,Federal Contract Tower,0,0,2,0,2,0,0,74,0,74,0,0,76,0,76,82,0,82,158
09/06/2011,RAL,CA,AWP,WE,Federal Contract Tower,0,0,11,0,11,0,0,68,0,68,0,0,79,0,79,56,0,56,135
09/07/2011,RAL,CA,AWP,WE,Federal Contract Tower,0,0,8,0,8,0,0,55,0,55,0,0,63,0,63,70,0,70,133
09/08/2011,RAL,CA,AWP,WE,Federal Contract Tower,0,0,16,0,16,0,0,78,0,78,0,0,94,0,94,76,0,76,170
09/09/2011,RAL,CA,AWP,WE,Federal Contract Tower,0,0,47,0,47,0,0,100,0,100,0,0,147,0,147,90,0,90,237
09/10/2011,RAL,CA,AWP,WE,Federal Contract Tower,0,0,12,0,12,0,0,68,0,68,0,0,80,0,80,148,0,148,228
09/11/2011,RAL,CA,AWP,WE,Federal Contract Tower,0,0,8,0,8,0,0,91,0,91,0,0,99,0,99,131,0,131,230
09/12/2011,RAL,CA,AWP,WE,Federal Contract Tower,0,1,4,0,5,0,0,104,0,104,0,1,108,0,109,67,0,67,176
09/13/2011,RAL,CA,AWP,WE,Federal Contract Tower,0,0,24,0,24,0,0,82,0,82,0,0,106,0,106,66,0,66,172
09/14/2011,RAL,CA,AWP,WE,Federal Contract Tower,0,0,30,0,30,0,0,67,0,67,0,0,97,0,97,121,0,121,218
09/15/2011,RAL,CA,AWP,WE,Federal Contract Tower,0,0,35,0,35,0,0,82,0,82,0,0,117,0,117,58,0,58,175
09/16/2011,RAL,CA,AWP,WE,Federal Contract Tower,0,0,14,0,14,0,2,44,0,46,0,2,58,0,60,107,0,107,167
09/17/2011,RAL,CA,AWP,WE,Federal Contract Tower,0,2,29,0,31,0,0,49,0,49,0,2,78,0,80,124,0,124,204
09/18/2011,RAL,CA,AWP,WE,Federal Contract Tower,0,0,21,0,21,0,0,75,0,75,0,0,96,0,96,64,0,64,160
09/19/2011,RAL,CA,AWP,WE,Federal Contract Tower,0,2,37,0,39,0,1,64,0,65,0,3,101,0,104,104,0,104,208
09/20/2011,RAL,CA,AWP,WE,Federal Contract Tower,0,0,15,0,15,0,0,78,0,78,0,0,93,0,93,128,0,128,221
09/21/2011,RAL,CA,AWP,WE,Federal Contract Tower,0,0,27,0,27,0,0,72,0,72,0,0,99,0,99,62,0,62,161
09/22/2011,RAL,CA,AWP,WE,Federal Contract Tower,0,2,24,0,26,0,2,94,0,96,0,4,118,0,122,116,0,116,238
09/23/2011,RAL,CA,AWP,WE,Federal Contract Tower,0,0,32,0,32,0,0,89,0,89,0,0,121,0,121,162,0,162,283
09/24/2011,RAL,CA,AWP,WE,Federal Contract Tower,0,0,27,0,27,0,0,53,0,53,0,0,80,0,80,51,0,51,131
09/25/2011,RAL,CA,AWP,WE,Federal Contract Tower,0,0,16,0,16,0,0,29,0,29,0,0,45,0,45,38,0,38,83
09/26/2011,RAL,CA,AWP,WE,Federal Contract Tower,0,0,18,0,18,0,0,50,0,50,0,0,68,0,68,86,0,86,154
09/27/2011,RAL,CA,AWP,WE,Federal Contract Tower,0,0,9,0,9,0,0,100,0,100,0,0,109,0,109,72,0,72,181
09/28/2011,RAL,CA,AWP,WE,Federal Contract Tower,0,0,10,0,10,0,0,78,0,78,0,0,88,0,88,161,0,161,249
09/29/2011,RAL,CA,AWP,WE,Federal Contract Tower,0,0,19,0,19,0,0,104,0,104,0,0,123,0,123,158,0,158,281
09/30/2011,RAL,CA,AWP,WE,Federal Contract Tower,0,0,14,0,14,0,1,86,0,87,0,1,100,0,101,198,0,198,299
10/01/2011,RAL,CA,AWP,WE,Federal Contract Tower,0,0,21,0,21,0,0,80,0,80,0,0,101,0,101,120,0,120,221
10/02/2011,RAL,CA,AWP,WE,Federal Contract Tower,0,1,21,0,22,0,0,69,0,69,0,1,90,0,91,34,0,34,125
10/03/2011,RAL,CA,AWP,WE,Federal Contract Tower,0,0,19,0,19,0,0,71,0,71,0,0,90,0,90,42,0,42,132
10/04/2011,RAL,CA,AWP,WE,Federal Contract Tower,0,0,9,0,9,0,0,65,0,65,0,0,74,0,74,116,0,116,190
10/05/2011,RAL,CA,AWP,WE,Federal Contract Tower,0,0,7,0,7,0,0,12,0,12,0,0,19,0,19,12,0,12,31
10/06/2011,RAL,CA,AWP,WE,Federal Contract Tower,0,0,17,0,17,0,2,90,0,92,0,2,107,0,109,170,0,170,279
10/07/2011,RAL,CA,AWP,WE,Federal Contract Tower,0,0,18,0,18,0,0,109,0,109,0,0,127,0,127,120,0,120,247
10/08/2011,RAL,CA,AWP,WE,Federal Contract Tower,0,0,13,0,13,0,0,91,0,91,0,0,104,0,104,56,0,56,160
10/09/2011,RAL,CA,AWP,WE,Federal Contract Tower,0,0,17,0,17,0,0,93,0,93,0,0,110,0,110,130,0,130,240
10/10/2011,RAL,CA,AWP,WE,Federal Contract Tower,0,0,16,0,16,0,0,83,0,83,0,0,99,0,99,111,0,111,210
10/11/2011,RAL,CA,AWP,WE,Federal Contract Tower,0,1,2,1,4,0,0,120,2,122,0,1,122,3,126,180,1,181,307
10/12/2011,RAL,CA,AWP,WE,Federal Contract Tower,0,0,19,0,19,0,0,85,0,85,0,0,104,0,104,74,0,74,178
10/13/2011,RAL,CA,AWP,WE,Federal Contract Tower,0,0,17,0,17,0,0,88,0,88,0,0,105,0,105,109,0,109,214
10/14/2011,RAL,CA,AWP,WE,Federal Contract Tower,0,0,29,0,29,0,0,90,0,90,0,0,119,0,119,129,0,129,248
10/15/2011,RAL,CA,AWP,WE,Federal Contract Tower,0,0,33,0,33,0,0,90,0,90,0,0,123,0,123,74,0,74,197
10/16/2011,RAL,CA,AWP,WE,Federal Contract Tower,0,1,12,0,13,0,0,77,0,77,0,1,89,0,90,58,0,58,148
10/17/2011,RAL,CA,AWP,WE,Federal Contract Tower,0,0,16,0,16,0,0,76,0,76,0,0,92,0,92,69,0,69,161
10/18/2011,RAL,CA,AWP,WE,Federal Contract Tower,0,0,12,0,12,0,0,98,0,98,0,0,110,0,110,147,0,147,257
10/19/2011,RAL,CA,AWP,WE,Federal Contract Tower,0,3,11,0,14,0,0,41,0,41,0,3,52,0,55,70,0,70,125
10/20/2011,RAL,CA,AWP,WE,Federal Contract Tower,0,0,14,0,14,0,0,38,0,38,0,0,52,0,52,44,0,44,96
10/21/2011,RAL,CA,AWP,WE,Federal Contract Tower,0,0,22,2,24,0,0,49,0,49,0,0,71,2,73,72,0,72,145
10/22/2011,RAL,CA,AWP,WE,Federal Contract Tower,0,0,19,0,19,0,0,108,0,108,0,0,127,0,127,121,0,121,248
10/23/2011,RAL,CA,AWP,WE,Federal Contract Tower,0,0,21,0,21,0,0,87,0,87,0,0,108,0,108,91,0,91,199
10/24/2011,RAL,CA,AWP,WE,Federal Contract Tower,0,0,10,0,10,0,0,26,0,26,0,0,36,0,36,26,0,26,62
10/25/2011,RAL,CA,AWP,WE,Federal Contract Tower,0,0,9,0,9,0,0,32,0,32,0,0,41,0,41,105,0,105,146
10/26/2011,RAL,CA,AWP,WE,Federal Contract Tower,0,2,9,0,11,0,0,94,0,94,0,2,103,0,105,145,0,145,250
10/27/2011,RAL,CA,AWP,WE,Federal Contract Tower,0,0,3,0,3,0,0,74,0,74,0,0,77,0,77,105,0,105,182
10/28/2011,RAL,CA,AWP,WE,Federal Contract Tower,0,0,25,0,25,0,0,110,0,110,0,0,135,0,135,102,0,102,237
10/29/2011,RAL,CA,AWP,WE,Federal Contract Tower,0,0,38,0,38,0,0,119,0,119,0,0,157,0,157,94,0,94,251
10/30/2011,RAL,CA,AWP,WE,Federal Contract Tower,0,0,30,0,30,0,0,88,0,88,0,0,118,0,118,91,0,91,209
10/31/2011,RAL,CA,AWP,WE,Federal Contract Tower,0,0,34,0,34,0,0,127,0,127,0,0,161,0,161,65,0,65,226
11/01/2011,RAL,CA,AWP,WE,Federal Contract Tower,0,1,14,0,15,0,0,41,0,41,0,1,55,0,56,70,0,70,126
11/02/2011,RAL,CA,AWP,WE,Federal Contract Tower,0,0,9,0,9,0,0,39,0,39,0,0,48,0,48,36,0,36,84
11/03/2011,RAL,CA,AWP,WE,Federal Contract Tower,0,0,13,0,13,0,0,117,0,117,0,0,130,0,130,166,0,166,296
11/04/2011,RAL,CA,AWP,WE,Federal Contract Tower,0,0,3,2,5,0,0,10,0,10,0,0,13,2,15,10,0,10,25
11/05/2011,RAL,CA,AWP,WE,Federal Contract Tower,0,0,21,0,21,0,0,95,0,95,0,0,116,0,116,111,0,111,227
11/06/2011,RAL,CA,AWP,WE,Federal Contract Tower,0,0,7,0,7,0,0,24,0,24,0,0,31,0,31,7,0,7,38
11/07/2011,RAL,CA,AWP,WE,Federal Contract Tower,0,0,27,0,27,0,1,100,0,101,0,1,127,0,128,75,0,75,203
11/08/2011,RAL,CA,AWP,WE,Federal Contract Tower,0,0,37,0,37,0,0,84,0,84,0,0,121,0,121,102,0,102,223
11/09/2011,RAL,CA,AWP,WE,Federal Contract Tower,0,0,9,0,9,0,0,51,0,51,0,0,60,0,60,55,0,55,115
11/10/2011,RAL,CA,AWP,WE,Federal Contract Tower,0,0,3,0,3,0,0,93,0,93,0,0,96,0,96,118,0,118,214
11/11/2011,RAL,CA,AWP,WE,Federal Contract Tower,0,0,8,0,8,0,0,95,0,95,0,0,103,0,103,74,0,74,177
11/12/2011,RAL,CA,AWP,WE,Federal Contract Tower,0,0,11,0,11,0,0,41,0,41,0,0,52,0,52,42,0,42,94
11/13/2011,RAL,CA,AWP,WE,Federal Contract Tower,0,2,16,0,18,0,0,123,0,123,0,2,139,0,141,64,0,64,205
11/14/2011,RAL,CA,AWP,WE,Federal Contract Tower,0,0,15,0,15,0,0,70,0,70,0,0,85,0,85,38,0,38,123
11/15/2011,RAL,CA,AWP,WE,Federal Contract Tower,0,0,26,0,26,0,0,63,0,63,0,0,89,0,89,164,0,164,253
11/16/2011,RAL,CA,AWP,WE,Federal Contract Tower,0,0,13,0,13,0,0,94,0,94,0,0,107,0,107,92,0,92,199
11/17/2011,RAL,CA,AWP,WE,Federal Contract Tower,0,0,6,0,6,0,0,99,0,99,0,0,105,0,105,112,0,112,217
11/18/2011,RAL,CA,AWP,WE,Federal Contract Tower,0,1,18,0,19,0,0,19,0,19,0,1,37,0,38,15,0,15,53
11/19/2011,RAL,CA,AWP,WE,Federal Contract Tower,0,0,20,0,20,0,0,90,0,90,0,0,110,0,110,113,0,113,223
11/20/2011,RAL,CA,AWP,WE,Federal Contract Tower,0,0,8,0,8,0,0,23,0,23,0,0,31,0,31,33,0,33,64
11/21/2011,RAL,CA,AWP,WE,Federal Contract Tower,0,1,24,0,25,0,0,82,0,82,0,1,106,0,107,177,0,177,284
11/22/2011,RAL,CA,AWP,WE,Federal Contract Tower,0,0,35,0,35,0,0,107,0,107,0,0,142,0,142,145,0,145,287
11/23/2011,RAL,CA,AWP,WE,Federal Contract Tower,0,2,6,0,8,0,0,77,0,77,0,2,83,0,85,66,0,66,151
11/24/2011,RAL,CA,AWP,WE,Federal Contract Tower,0,0,4,0,4,0,0,18,0,18,0,0,22,0,22,2,0,2,24
11/25/2011,RAL,CA,AWP,WE,Federal Contract Tower,0,3,21,0,24,0,0,61,0,61,0,3,82,0,85,38,0,38,123
11/26/2011,RAL,CA,AWP,WE,Federal Contract Tower,0,0,15,0,15,0,0,70,0,70,0,0,85,0,85,61,0,61,146
11/27/2011,RAL,CA,AWP,WE,Federal Contract Tower,0,3,26,0,29,0,0,112,0,112,0,3,138,0,141,46,0,46,187
11/28/2011,RAL,CA,AWP,WE,Federal Contract Tower,0,0,29,0,29,0,0,78,0,78,0,0,107,0,107,86,0,86,193
11/29/2011,RAL,CA,AWP,WE,Federal Contract Tower,0,0,38,0,38,0,0,74,0,74,0,0,112,0,112,104,0,104,216
11/30/2011,RAL,CA,AWP,WE,Federal Contract Tower,0,1,33,0,34,0,0,87,0,87,0,1,120,0,121,120,0,120,241
12/01/2011,RAL,CA,AWP,WE,Federal Contract Tower,0,0,2,0,2,0,0,7,0,7,0,0,9,0,9,0,0,0,9
12/02/2011,RAL,CA,AWP,WE,Federal Contract Tower,0,0,10,0,10,0,0,70,0,70,0,0,80,0,80,72,0,72,152
12/03/2011,RAL,CA,AWP,WE,Federal Contract Tower,0,0,3,0,3,0,0,20,0,20,0,0,23,0,23,16,0,16,39
12/04/2011,RAL,CA,AWP,WE,Federal Contract Tower,0,0,18,1,19,0,2,84,0,86,0,2,102,1,105,77,1,78,183
12/05/2011,RAL,CA,AWP,WE,Federal Contract Tower,0,1,6,0,7,0,0,27,0,27,0,1,33,0,34,16,0,16,50
12/06/2011,RAL,CA,AWP,WE,Federal Contract Tower,0,0,17,0,17,0,0,78,0,78,0,0,95,0,95,133,0,133,228
12/07/2011,RAL,CA,AWP,WE,Federal Contract Tower,0,1,28,0,29,0,0,74,0,74,0,1,102,0,103,195,0,195,298
12/08/2011,RAL,CA,AWP,WE,Federal Contract Tower,0,0,40,0,40,0,0,71,0,71,0,0,111,0,111,60,0,60,171
12/09/2011,RAL,CA,AWP,WE,Federal Contract Tower,0,2,9,0,11,0,0,85,0,85,0,2,94,0,96,63,0,63,159
12/10/2011,RAL,CA,AWP,WE,Federal Contract Tower,0,0,18,0,18,0,0,122,0,122,0,0,140,0,140,133,0,133,273
12/11/2011,RAL,CA,AWP,WE,Federal Contract Tower,0,0,19,0,19,0,0,87,0,87,0,0,106,0,106,60,0,60,166
12/12/2011,RAL,CA,AWP,WE,Federal Contract Tower,0,0,6,0,6,0,0,19,0,19,0,0,25,0,25,0,0,0,25
12/13/2011,RAL,CA,AWP,WE,Federal Contract Tower,0,2,15,2,19,0,0,60,0,60,0,2,75,2,79,65,0,65,144
12/14/2011,RAL,CA,AWP,WE,Federal Contract Tower,0,1,29,0,30,0,0,66,0,66,0,1,95,0,96,102,0,102,198
12/15/2011,RAL,CA,AWP,WE,Federal Contract Tower,0,0,26,0,26,0,0,49,0,49,0,0,75,0,75,78,0,78,153
12/16/2011,RAL,CA,AWP,WE,Federal Contract Tower,0,0,2,0,2,0,0,22,0,22,0,0,24,0,24,0,0,0,24
12/17/2011,RAL,CA,AWP,WE,Federal Contract Tower,0,0,7,0,7,0,0,46,0,46,0,0,53,0,53,136,0,136,189
12/18/2011,RAL,CA,AWP,WE,Federal Contract Tower,0,0,11,0,11,0,0,59,0,59,0,0,70,0,70,90,0,90,160
12/19/2011,RAL,CA,AWP,WE,Federal Contract Tower,0,0,14,0,14,0,0,65,0,65,0,0,79,0,79,94,0,94,173
12/20/2011,RAL,CA,AWP,WE,Federal Contract Tower,0,0,33,0,33,0,0,91,0,91,0,0,124,0,124,47,0,47,171
12/21/2011,RAL,CA,AWP,WE,Federal Contract Tower,0,0,20,0,20,0,2,85,0,87,0,2,105,0,107,102,0,102,209
12/22/2011,RAL,CA,AWP,WE,Federal Contract Tower,0,0,7,0,7,0,0,10,0,10,0,0,17,0,17,0,0,0,17
12/23/2011,RAL,CA,AWP,WE,Federal Contract Tower,0,0,4,0,4,0,0,38,0,38,0,0,42,0,42,28,0,28,70
12/24/2011,RAL,CA,AWP,WE,Federal Contract Tower,0,0,3,0,3,0,0,47,0,47,0,0,50,0,50,13,0,13,63
12/25/2011,RAL,CA,AWP,WE,Federal Contract Tower,0,2,3,0,5,0,0,28,0,28,0,2,31,0,33,26,0,26,59
12/26/2011,RAL,CA,AWP,WE,Federal Contract Tower,0,2,18,0,20,0,0,120,0,120,0,2,138,0,140,117,0,117,257
12/27/2011,RAL,CA,AWP,WE,Federal Contract Tower,0,0,30,0,30,0,0,90,0,90,0,0,120,0,120,143,0,143,263
12/28/2011,RAL,CA,AWP,WE,Federal Contract Tower,0,2,19,0,21,0,2,116,0,118,0,4,135,0,139,125,0,125,264
12/29/2011,RAL,CA,AWP,WE,Federal Contract Tower,0,0,42,0,42,0,1,112,0,113,0,1,154,0,155,109,0,109,264
12/30/2011,RAL,CA,AWP,WE,Federal Contract Tower,0,0,14,0,14,0,0,132,0,132,0,0,146,0,146,178,0,178,324
12/31/2011,RAL,CA,AWP,WE,Federal Contract Tower,0,1,8,0,9,0,0,105,0,105,0,1,113,0,114,71,0,71,185
01/01/2012,RAL,CA,AWP,WE,Federal Contract Tower,0,0,1,0,1,0,0,48,0,48,0,0,49,0,49,14,0,14,63
01/02/2012,RAL,CA,AWP,WE,Federal Contract Tower,0,0,20,0,20,0,1,128,0,129,0,1,148,0,149,78,0,78,227
01/03/2012,RAL,CA,AWP,WE,Federal Contract Tower,0,0,22,0,22,0,0,89,0,89,0,0,111,0,111,89,0,89,200
01/04/2012,RAL,CA,AWP,WE,Federal Contract Tower,0,0,35,0,35,0,0,80,0,80,0,0,115,0,115,124,0,124,239
01/05/2012,RAL,CA,AWP,WE,Federal Contract Tower,0,0,25,0,25,0,0,76,0,76,0,0,101,0,101,148,0,148,249
01/06/2012,RAL,CA,AWP,WE,Federal Contract Tower,0,0,37,0,37,0,0,90,0,90,0,0,127,0,127,111,0,111,238
01/07/2012,RAL,CA,AWP,WE,Federal Contract Tower,0,0,8,0,8,0,0,99,0,99,0,0,107,0,107,120,0,120,227
01/08/2012,RAL,CA,AWP,WE,Federal Contract Tower,0,0,3,0,3,0,0,16,0,16,0,0,19,0,19,6,0,6,25
01/09/2012,RAL,CA,AWP,WE,Federal Contract Tower,0,0,16,0,16,0,0,81,0,81,0,0,97,0,97,82,0,82,179
01/10/2012,RAL,CA,AWP,WE,Federal Contract Tower,0,0,33,0,33,0,0,99,0,99,0,0,132,0,132,127,0,127,259
01/11/2012,RAL,CA,AWP,WE,Federal Contract Tower,0,2,24,0,26,0,0,73,0,73,0,2,97,0,99,80,0,80,179
01/12/2012,RAL,CA,AWP,WE,Federal Contract Tower,0,1,17,0,18,0,0,63,0,63,0,1,80,0,81,79,0,79,160
01/13/2012,RAL,CA,AWP,WE,Federal Contract Tower,0,0,13,0,13,0,0,63,0,63,0,0,76,0,76,88,0,88,164
01/14/2012,RAL,CA,AWP,WE,Federal Contract Tower,0,0,3,0,3,0,2,104,0,106,0,2,107,0,109,95,0,95,204
01/15/2012,RAL,CA,AWP,WE,Federal Contract Tower,0,0,6,0,6,0,0,48,0,48,0,0,54,0,54,114,0,114,168
01/16/2012,RAL,CA,AWP,WE,Federal Contract Tower,0,0,8,0,8,0,0,67,0,67,0,0,75,0,75,135,0,135,210
01/17/2012,RAL,CA,AWP,WE,Federal Contract Tower,0,1,15,0,16,0,0,92,0,92,0,1,107,0,108,79,0,79,187
01/18/2012,RAL,CA,AWP,WE,Federal Contract Tower,0,0,28,0,28,0,0,80,0,80,0,0,108,0,108,118,0,118,226
01/19/2012,RAL,CA,AWP,WE,Federal Contract Tower,0,0,25,0,25,0,0,84,0,84,0,0,109,0,109,137,0,137,246
01/20/2012,RAL,CA,AWP,WE,Federal Contract Tower,0,2,28,0,30,0,1,81,0,82,0,3,109,0,112,22,0,22,134
01/21/2012,RAL,CA,AWP,WE,Federal Contract Tower,0,0,4,0,4,0,0,3,0,3,0,0,7,0,7,2,0,2,9
01/22/2012,RAL,CA,AWP,WE,Federal Contract Tower,0,2,8,0,10,0,0,64,0,64,0,2,72,0,74,119,0,119,193
01/23/2012,RAL,CA,AWP,WE,Federal Contract Tower,0,0,3,0,3,0,0,2,0,2,0,0,5,0,5,0,0,0,5
01/24/2012,RAL,CA,AWP,WE,Federal Contract Tower,0,0,19,0,19,0,0,27,0,27,0,0,46,0,46,26,0,26,72
01/25/2012,RAL,CA,AWP,WE,Federal Contract Tower,0,0,18,0,18,0,0,43,0,43,0,0,61,0,61,18,0,18,79
01/26/2012,RAL,CA,AWP,WE,Federal Contract Tower,0,0,26,0,26,0,0,109,2,111,0,0,135,2,137,82,0,82,219
01/27/2012,RAL,CA,AWP,WE,Federal Contract Tower,0,0,12,0,12,0,0,21,0,21,0,0,33,0,33,1,0,1,34
01/28/2012,RAL,CA,AWP,WE,Federal Contract Tower,0,1,9,0,10,0,0,40,0,40,0,1,49,0,50,12,0,12,62
01/29/2012,RAL,CA,AWP,WE,Federal Contract Tower,0,0,4,0,4,0,0,95,0,95,0,0,99,0,99,114,0,114,213
01/30/2012,RAL,CA,AWP,WE,Federal Contract Tower,0,0,26,0,26,0,0,169,0,169,0,0,195,0,195,185,0,185,380
01/31/2012,RAL,CA,AWP,WE,Federal Contract Tower,0,0,22,0,22,0,0,83,0,83,0,0,105,0,105,55,0,55,160
02/01/2012,RAL,CA,AWP,WE,Federal Contract Tower,0,3,25,0,28,0,0,81,0,81,0,3,106,0,109,118,0,118,227
02/02/2012,RAL,CA,AWP,WE,Federal Contract Tower,0,0,24,0,24,0,0,41,0,41,0,0,65,0,65,54,0,54,119
02/03/2012,RAL,CA,AWP,WE,Federal Contract Tower,0,1,18,0,19,0,0,40,0,40,0,1,58,0,59,34,0,34,93
02/04/2012,RAL,CA,AWP,WE,Federal Contract Tower,0,1,36,0,37,0,0,100,0,100,0,1,136,0,137,75,0,75,212
02/05/2012,RAL,CA,AWP,WE,Federal Contract Tower,0,2,16,0,18,0,0,74,0,74,0,2,90,0,92,54,0,54,146
02/06/2012,RAL,CA,AWP,WE,Federal Contract Tower,0,0,28,0,28,0,0,72,0,72,0,0,100,0,100,106,0,106,206
02/07/2012,RAL,CA,AWP,WE,Federal Contract Tower,0,0,15,0,15,0,0,43,0,43,0,0,58,0,58,29,10,39,97
02/08/2012,RAL,CA,AWP,WE,Federal Contract Tower,0,0,30,0,30,0,0,58,0,58,0,0,88,0,88,91,0,91,179
02/09/2012,RAL,CA,AWP,WE,Federal Contract Tower,0,0,24,0,24,0,0,112,0,112,0,0,136,0,136,133,0,133,269
02/10/2012,RAL,CA,AWP,WE,Federal Contract Tower,0,0,21,2,23,0,0,111,4,115,0,0,132,6,138,124,8,132,270
02/11/2012,RAL,CA,AWP,WE,Federal Contract Tower,0,0,17,0,17,0,0,51,0,51,0,0,68,0,68,96,0,96,164
02/12/2012,RAL,CA,AWP,WE,Federal Contract Tower,0,0,20,0,20,0,0,46,0,46,0,0,66,0,66,44,0,44,110
02/13/2012,RAL,CA,AWP,WE,Federal Contract Tower,0,0,7,0,7,0,0,25,0,25,0,0,32,0,32,42,0,42,74
02/14/2012,RAL,CA,AWP,WE,Federal Contract Tower,0,0,8,0,8,0,0,75,0,75,0,0,83,0,83,98,0,98,181
02/15/2012,RAL,CA,AWP,WE,Federal Contract Tower,0,0,10,0,10,0,0,22,0,22,0,0,32,0,32,19,0,19,51
02/16/2012,RAL,CA,AWP,WE,Federal Contract Tower,0,0,2,0,2,0,0,12,0,12,0,0,14,0,14,0,0,0,14
02/17/2012,RAL,CA,AWP,WE,Federal Contract Tower,0,0,28,0,28,0,0,108,0,108,0,0,136,0,136,105,0,105,241
02/18/2012,RAL,CA,AWP,WE,Federal Contract Tower,0,0,25,0,25,0,0,97,2,99,0,0,122,2,124,113,0,113,237
02/19/2012,RAL,CA,AWP,WE,Federal Contract Tower,0,2,10,0,12,0,0,46,0,46,0,2,56,0,58,75,0,75,133
02/20/2012,RAL,CA,AWP,WE,Federal Contract Tower,0,0,35,0,35,0,0,80,0,80,0,0,115,0,115,104,0,104,219
02/21/2012,RAL,CA,AWP,WE,Federal Contract Tower,0,0,5,0,5,0,0,74,0,74,0,0,79,0,79,66,0,66,145
02/22/2012,RAL,CA,AWP,WE,Federal Contract Tower,0,0,26,0,26,0,0,97,0,97,0,0,123,0,123,140,0,140,263
02/23/2012,RAL,CA,AWP,WE,Federal Contract Tower,0,1,18,0,19,0,0,119,0,119,0,1,137,0,138,152,0,152,290
02/24/2012,RAL,CA,AWP,WE,Federal Contract Tower,0,0,26,0,26,0,6,115,7,128,0,6,141,7,154,128,0,128,282
02/25/2012,RAL,CA,AWP,WE,Federal Contract Tower,0,0,26,0,26,0,0,113,0,113,0,0,139,0,139,80,0,80,219
02/26/2012,RAL,CA,AWP,WE,Federal Contract Tower,0,0,19,0,19,0,0,75,0,75,0,0,94,0,94,101,0,101,195
02/27/2012,RAL,CA,AWP,WE,Federal Contract Tower,0,0,5,0,5,0,0,32,0,32,0,0,37,0,37,16,0,16,53
02/28/2012,RAL,CA,AWP,WE,Federal Contract Tower,0,1,21,0,22,0,0,1,0,1,0,1,22,0,23,118,0,118,141
02/29/2012,RAL,CA,AWP,WE,Federal Contract Tower,0,0,9,2,11,0,0,92,0,92,0,0,101,2,103,123,0,123,226
03/01/2012,RAL,CA,AWP,WE,Federal Contract Tower,0,0,17,0,17,0,0,68,0,68,0,0,85,0,85,66,0,66,151
03/02/2012,RAL,CA,AWP,WE,Federal Contract Tower,0,2,4,0,6,0,0,21,0,21,0,2,25,0,27,4,0,4,31
03/03/2012,RAL,CA,AWP,WE,Federal Contract Tower,0,0,13,0,13,0,0,92,0,92,0,0,105,0,105,26,0,26,131
03/04/2012,RAL,CA,AWP,WE,Federal Contract Tower,0,0,13,0,13,0,0,100,0,100,0,0,113,0,113,55,0,55,168
03/05/2012,RAL,CA,AWP,WE,Federal Contract Tower,0,1,25,0,26,0,0,100,0,100,0,1,125,0,126,110,1,111,237
03/06/2012,RAL,CA,AWP,WE,Federal Contract Tower,0,0,5,0,5,0,0,24,0,24,0,0,29,0,29,20,0,20,49
03/07/2012,RAL,CA,AWP,WE,Federal Contract Tower,0,0,9,0,9,0,0,23,2,25,0,0,32,2,34,0,0,0,34
03/08/2012,RAL,CA,AWP,WE,Federal Contract Tower,0,0,14,0,14,0,1,94,0,95,0,1,108,0,109,26,0,26,135
03/09/2012,RAL,CA,AWP,WE,Federal Contract Tower,0,0,22,0,22,0,0,96,0,96,0,0,118,0,118,108,0,108,226
03/10/2012,RAL,CA,AWP,WE,Federal Contract Tower,0,0,32,0,32,0,0,156,0,156,0,0,188,0,188,73,0,73,261
03/11/2012,RAL,CA,AWP,WE,Federal Contract Tower,0,0,13,0,13,0,0,73,0,73,0,0,86,0,86,118,0,118,204
03/12/2012,RAL,CA,AWP,WE,Federal Contract Tower,0,0,30,0,30,0,1,69,0,70,0,1,99,0,100,83,0,83,183
03/13/2012,RAL,CA,AWP,WE,Federal Contract Tower,0,0,27,0,27,0,0,43,0,43,0,0,70,0,70,76,0,76,146
03/14/2012,RAL,CA,AWP,WE,Federal Contract Tower,0,0,12,0,12,0,0,116,0,116,0,0,128,0,128,188,0,188,316
03/15/2012,RAL,CA,AWP,WE,Federal Contract Tower,0,0,15,2,17,0,0,55,0,55,0,0,70,2,72,66,2,68,140
03/16/2012,RAL,CA,AWP,WE,Federal Contract Tower,0,0,22,0,22,0,0,32,0,32,0,0,54,0,54,100,0,100,154
03/17/2012,RAL,CA,AWP,WE,Federal Contract Tower,0,0,4,0,4,0,0,0,0,0,0,0,4,0,4,0,0,0,4
03/18/2012,RAL,CA,AWP,WE,Federal Contract Tower,0,1,4,0,5,0,0,4,0,4,0,1,8,0,9,0,0,0,9
03/19/2012,RAL,CA,AWP,WE,Federal Contract Tower,0,0,25,0,25,0,0,67,0,67,0,0,92,0,92,76,0,76,168
03/20/2012,RAL,CA,AWP,WE,Federal Contract Tower,0,2,49,0,51,0,0,102,0,102,0,2,151,0,153,97,0,97,250
03/21/2012,RAL,CA,AWP,WE,Federal Contract Tower,0,0,13,0,13,0,0,112,0,112,0,0,125,0,125,119,0,119,244
03/22/2012,RAL,CA,AWP,WE,Federal Contract Tower,0,0,12,0,12,0,0,119,0,119,0,0,131,0,131,129,0,129,260
03/23/2012,RAL,CA,AWP,WE,Federal Contract Tower,0,0,22,0,22,0,0,83,0,83,0,0,105,0,105,113,0,113,218
03/24/2012,RAL,CA,AWP,WE,Federal Contract Tower,0,0,25,0,25,0,0,67,0,67,0,0,92,0,92,138,0,138,230
03/25/2012,RAL,CA,AWP,WE,Federal Contract Tower,0,0,4,0,4,0,0,23,0,23,0,0,27,0,27,36,0,36,63
03/26/2012,RAL,CA,AWP,WE,Federal Contract Tower,0,0,26,0,26,0,0,51,0,51,0,0,77,0,77,115,10,125,202
03/27/2012,RAL,CA,AWP,WE,Federal Contract Tower,0,4,24,0,28,0,0,93,0,93,0,4,117,0,121,165,0,165,286
03/28/2012,RAL,CA,AWP,WE,Federal Contract Tower,0,0,8,0,8,0,0,102,0,102,0,0,110,0,110,125,0,125,235
03/29/2012,RAL,CA,AWP,WE,Federal Contract Tower,0,0,10,0,10,0,0,87,0,87,0,0,97,0,97,121,0,121,218
03/30/2012,RAL,CA,AWP,WE,Federal Contract Tower,0,0,5,2,7,0,0,86,0,86,0,0,91,2,93,69,0,69,162
03/31/2012,RAL,CA,AWP,WE,Federal Contract Tower,0,0,8,0,8,0,0,34,0,34,0,0,42,0,42,30,0,30,72
04/01/2012,RAL,CA,AWP,WE,Federal Contract Tower,0,0,11,0,11,0,0,59,0,59,0,0,70,0,70,72,2,74,144
04/02/2012,RAL,CA,AWP,WE,Federal Contract Tower,0,1,13,1,15,0,1,40,6,47,0,2,53,7,62,8,0,8,70
04/03/2012,RAL,CA,AWP,WE,Federal Contract Tower,0,0,30,0,30,0,0,109,0,109,0,0,139,0,139,98,0,98,237
04/04/2012,RAL,CA,AWP,WE,Federal Contract Tower,0,0,9,0,9,0,0,87,0,87,0,0,96,0,96,85,0,85,181
04/05/2012,RAL,CA,AWP,WE,Federal Contract Tower,0,0,13,0,13,0,0,94,0,94,0,0,107,0,107,98,0,98,205
04/06/2012,RAL,CA,AWP,WE,Federal Contract Tower,0,2,26,0,28,0,0,73,0,73,0,2,99,0,101,36,0,36,137
04/07/2012,RAL,CA,AWP,WE,Federal Contract Tower,0,0,25,0,25,0,0,135,0,135,0,0,160,0,160,134,0,134,294
04/08/2012,RAL,CA,AWP,WE,Federal Contract Tower,0,0,11,0,11,0,0,86,0,86,0,0,97,0,97,52,0,52,149
04/09/2012,RAL,CA,AWP,WE,Federal Contract Tower,0,0,42,0,42,0,0,89,0,89,0,0,131,0,131,50,0,50,181
04/10/2012,RAL,CA,AWP,WE,Federal Contract Tower,0,0,21,0,21,0,0,68,0,68,0,0,89,0,89,46,0,46,135
04/11/2012,RAL,CA,AWP,WE,Federal Contract Tower,0,0,4,0,4,0,0,18,0,18,0,0,22,0,22,12,0,12,34
04/12/2012,RAL,CA,AWP,WE,Federal Contract Tower,0,0,16,0,16,0,0,89,2,91,0,0,105,2,107,104,0,104,211
04/13/2012,RAL,CA,AWP,WE,Federal Contract Tower,0,0,2,0,2,0,0,11,0,11,0,0,13,0,13,8,0,8,21
04/14/2012,RAL,CA,AWP,WE,Federal Contract Tower,0,0,22,0,22,0,0,141,0,141,0,0,163,0,163,168,0,168,331
04/15/2012,RAL,CA,AWP,WE,Federal Contract Tower,0,0,14,0,14,0,0,106,0,106,0,0,120,0,120,141,0,141,261
04/16/2012,RAL,CA,AWP,WE,Federal Contract Tower,0,0,36,0,36,0,0,92,2,94,0,0,128,2,130,83,0,83,213
04/17/2012,RAL,CA,AWP,WE,Federal Contract Tower,0,0,38,2,40,0,0,75,2,77,0,0,113,4,117,84,0,84,201
04/18/2012,RAL,CA,AWP,WE,Federal Contract Tower,0,0,30,0,30,0,0,86,0,86,0,0,116,0,116,56,0,56,172
04/19/2012,RAL,CA,AWP,WE,Federal Contract Tower,0,0,15,0,15,0,0,71,0,71,0,0,86,0,86,72,0,72,158
04/20/2012,RAL,CA,AWP,WE,Federal Contract Tower,0,0,8,0,8,0,0,108,0,108,0,0,116,0,116,44,0,44,160
04/21/2012,RAL,CA,AWP,WE,Federal Contract Tower,0,0,12,0,12,0,0,123,0,123,0,0,135,0,135,58,0,58,193
04/22/2012,RAL,CA,AWP,WE,Federal Contract Tower,0,0,23,0,23,0,0,60,0,60,0,0,83,0,83,71,0,71,154
04/23/2012,RAL,CA,AWP,WE,Federal Contract Tower,0,0,19,0,19,0,0,27,0,27,0,0,46,0,46,88,0,88,134
04/24/2012,RAL,CA,AWP,WE,Federal Contract Tower,0,0,35,0,35,0,0,88,0,88,0,0,123,0,123,34,0,34,157
04/25/2012,RAL,CA,AWP,WE,Federal Contract Tower,0,0,24,0,24,0,0,66,0,66,0,0,90,0,90,50,0,50,140
04/26/2012,RAL,CA,AWP,WE,Federal Contract Tower,0,0,19,0,19,0,0,23,0,23,0,0,42,0,42,56,0,56,98
04/27/2012,RAL,CA,AWP,WE,Federal Contract Tower,0,0,7,0,7,0,0,89,0,89,0,0,96,0,96,65,0,65,161
04/28/2012,RAL,CA,AWP,WE,Federal Contract Tower,0,0,15,0,15,0,0,131,0,131,0,0,146,0,146,96,0,96,242
04/29/2012,RAL,CA,AWP,WE,Federal Contract Tower,0,2,16,0,18,0,0,91,0,91,0,2,107,0,109,80,0,80,189
04/30/2012,RAL,CA,AWP,WE,Federal Contract Tower,0,0,18,0,18,0,0,62,0,62,0,0,80,0,80,24,0,24,104
05/01/2012,RAL,CA,AWP,WE,Federal Contract Tower,0,0,25,1,26,0,0,82,0,82,0,0,107,1,108,76,0,76,184
05/02/2012,RAL,CA,AWP,WE,Federal Contract Tower,0,0,22,0,22,0,0,42,0,42,0,0,64,0,64,58,0,58,122
05/03/2012,RAL,CA,AWP,WE,Federal Contract Tower,0,0,24,0,24,0,0,67,0,67,0,0,91,0,91,88,0,88,179
05/04/2012,RAL,CA,AWP,WE,Federal Contract Tower,0,0,19,0,19,0,0,97,0,97,0,0,116,0,116,162,0,162,278
05/05/2012,RAL,CA,AWP,WE,Federal Contract Tower,0,0,9,0,9,0,0,102,0,102,0,0,111,0,111,86,0,86,197
05/06/2012,RAL,CA,AWP,WE,Federal Contract Tower,0,0,12,0,12,0,0,117,0,117,0,0,129,0,129,121,0,121,250
05/07/2012,RAL,CA,AWP,WE,Federal Contract Tower,0,0,29,0,29,0,0,75,0,75,0,0,104,0,104,32,0,32,136
05/08/2012,RAL,CA,AWP,WE,Federal Contract Tower,0,2,9,0,11,0,0,57,0,57,0,2,66,0,68,96,0,96,164
05/09/2012,RAL,CA,AWP,WE,Federal Contract Tower,0,0,30,0,30,0,0,87,0,87,0,0,117,0,117,114,0,114,231
05/10/2012,RAL,CA,AWP,WE,Federal Contract Tower,0,1,23,0,24,0,0,88,0,88,0,1,111,0,112,124,0,124,236
05/11/2012,RAL,CA,AWP,WE,Federal Contract Tower,0,0,5,0,5,0,0,118,0,118,0,0,123,0,123,104,0,104,227
05/12/2012,RAL,CA,AWP,WE,Federal Contract Tower,0,0,16,0,16,0,0,106,0,106,0,0,122,0,122,98,0,98,220
05/13/2012,RAL,CA,AWP,WE,Federal Contract Tower,0,0,5,0,5,0,0,76,0,76,0,0,81,0,81,81,0,81,162
05/14/2012,RAL,CA,AWP,WE,Federal Contract Tower,0,0,36,0,36,0,0,92,0,92,0,0,128,0,128,159,0,159,287
05/15/2012,RAL,CA,AWP,WE,Federal Contract Tower,0,0,23,0,23,0,0,86,0,86,0,0,109,0,109,104,0,104,213
05/16/2012,RAL,CA,AWP,WE,Federal Contract Tower,0,0,26,0,26,0,0,92,0,92,0,0,118,0,118,120,0,120,238
05/17/2012,RAL,CA,AWP,WE,Federal Contract Tower,0,0,26,0,26,0,1,94,0,95,0,1,120,0,121,114,0,114,235
05/18/2012,RAL,CA,AWP,WE,Federal Contract Tower,0,0,7,0,7,0,0,90,1,91,0,0,97,1,98,82,0,82,180
05/19/2012,RAL,CA,AWP,WE,Federal Contract Tower,0,0,7,0,7,0,0,96,0,96,0,0,103,0,103,124,0,124,227
05/20/2012,RAL,CA,AWP,WE,Federal Contract Tower,0,0,6,0,6,0,0,82,0,82,0,0,88,0,88,37,0,37,125
05/21/2012,RAL,CA,AWP,WE,Federal Contract Tower,0,0,24,0,24,0,0,97,0,97,0,0,121,0,121,123,0,123,244
05/22/2012,RAL,CA,AWP,WE,Federal Contract Tower,0,1,27,2,30,0,0,66,0,66,0,1,93,2,96,59,0,59,155
05/23/2012,RAL,CA,AWP,WE,Federal Contract Tower,0,0,24,2,26,0,1,67,0,68,0,1,91,2,94,80,0,80,174
05/24/2012,RAL,CA,AWP,WE,Federal Contract Tower,0,0,32,0,32,0,0,55,0,55,0,0,87,0,87,42,0,42,129
05/25/2012,RAL,CA,AWP,WE,Federal Contract Tower,0,0,14,0,14,0,0,67,0,67,0,0,81,0,81,68,0,68,149
05/26/2012,RAL,CA,AWP,WE,Federal Contract Tower,0,0,9,0,9,0,0,105,0,105,0,0,114,0,114,105,0,105,219
05/27/2012,RAL,CA,AWP,WE,Federal Contract Tower,0,0,9,0,9,0,0,74,0,74,0,0,83,0,83,54,0,54,137
05/28/2012,RAL,CA,AWP,WE,Federal Contract Tower,0,0,16,0,16,0,0,111,0,111,0,0,127,0,127,66,0,66,193
05/29/2012,RAL,CA,AWP,WE,Federal Contract Tower,0,0,19,0,19,0,0,109,0,109,0,0,128,0,128,86,0,86,214
05/30/2012,RAL,CA,AWP,WE,Federal Contract Tower,0,0,27,0,27,0,0,93,0,93,0,0,120,0,120,118,0,118,238
05/31/2012,RAL,CA,AWP,WE,Federal Contract Tower,0,0,38,0,38,0,0,110,0,110,0,0,148,0,148,136,0,136,284
06/01/2012,RAL,CA,AWP,WE,Federal Contract Tower,0,0,4,0,4,0,0,106,0,106,0,0,110,0,110,126,0,126,236
06/02/2012,RAL,CA,AWP,WE,Federal Contract Tower,0,0,11,0,11,0,0,103,0,103,0,0,114,0,114,182,0,182,296
06/03/2012,RAL,CA,AWP,WE,Federal Contract Tower,0,0,4,0,4,0,0,74,0,74,0,0,78,0,78,110,0,110,188
06/04/2012,RAL,CA,AWP,WE,Federal Contract Tower,0,0,17,0,17,0,0,81,0,81,0,0,98,0,98,206,0,206,304
06/05/2012,RAL,CA,AWP,WE,Federal Contract Tower,0,0,12,0,12,0,0,66,0,66,0,0,78,0,78,89,0,89,167
06/06/2012,RAL,CA,AWP,WE,Federal Contract Tower,0,0,24,0,24,0,0,91,0,91,0,0,115,0,115,94,0,94,209
06/07/2012,RAL,CA,AWP,WE,Federal Contract Tower,0,0,29,0,29,0,0,74,0,74,0,0,103,0,103,104,0,104,207
06/08/2012,RAL,CA,AWP,WE,Federal Contract Tower,0,0,15,2,17,0,0,111,0,111,0,0,126,2,128,87,0,87,215
06/09/2012,RAL,CA,AWP,WE,Federal Contract Tower,0,0,10,0,10,0,0,100,0,100,0,0,110,0,110,140,0,140,250
06/10/2012,RAL,CA,AWP,WE,Federal Contract Tower,0,0,9,0,9,0,2,102,0,104,0,2,111,0,113,114,0,114,227
06/11/2012,RAL,CA,AWP,WE,Federal Contract Tower,0,0,33,0,33,0,0,84,0,84,0,0,117,0,117,137,0,137,254
06/12/2012,RAL,CA,AWP,WE,Federal Contract Tower,0,0,28,0,28,0,0,67,0,67,0,0,95,0,95,85,0,85,180
06/13/2012,RAL,CA,AWP,WE,Federal Contract Tower,0,0,25,1,26,0,0,77,0,77,0,0,102,1,103,92,0,92,195
06/14/2012,RAL,CA,AWP,WE,Federal Contract Tower,0,0,30,0,30,0,0,73,0,73,0,0,103,0,103,76,0,76,179
06/15/2012,RAL,CA,AWP,WE,Federal Contract Tower,0,0,25,0,25,0,0,84,0,84,0,0,109,0,109,23,0,23,132
06/16/2012,RAL,CA,AWP,WE,Federal Contract Tower,0,0,4,0,4,0,0,128,0,128,0,0,132,0,132,153,0,153,285
06/17/2012,RAL,CA,AWP,WE,Federal Contract Tower,0,0,9,0,9,0,0,105,0,105,0,0,114,0,114,112,0,112,226
06/18/2012,RAL,CA,AWP,WE,Federal Contract Tower,0,0,34,0,34,0,0,90,0,90,0,0,124,0,124,195,0,195,319
06/19/2012,RAL,CA,AWP,WE,Federal Contract Tower,0,0,21,0,21,0,0,84,0,84,0,0,105,0,105,145,0,145,250
06/20/2012,RAL,CA,AWP,WE,Federal Contract Tower,0,0,30,0,30,0,0,72,0,72,0,0,102,0,102,180,0,180,282
06/21/2012,RAL,CA,AWP,WE,Federal Contract Tower,0,0,23,0,23,0,0,76,0,76,0,0,99,0,99,88,0,88,187
06/22/2012,RAL,CA,AWP,WE,Federal Contract Tower,0,0,19,0,19,0,0,109,0,109,0,0,128,0,128,196,0,196,324
06/23/2012,RAL,CA,AWP,WE,Federal Contract Tower,0,0,33,0,33,0,0,107,0,107,0,0,140,0,140,148,0,148,288
06/24/2012,RAL,CA,AWP,WE,Federal Contract Tower,0,0,11,0,11,0,0,79,0,79,0,0,90,0,90,74,0,74,164
06/25/2012,RAL,CA,AWP,WE,Federal Contract Tower,0,0,29,0,29,0,2,85,0,87,0,2,114,0,116,110,0,110,226
06/26/2012,RAL,CA,AWP,WE,Federal Contract Tower,0,0,25,5,30,0,0,71,6,77,0,0,96,11,107,157,0,157,264
06/27/2012,RAL,CA,AWP,WE,Federal Contract Tower,0,0,29,0,29,0,0,101,0,101,0,0,130,0,130,182,0,182,312
06/28/2012,RAL,CA,AWP,WE,Federal Contract Tower,0,0,25,0,25,0,0,82,0,82,0,0,107,0,107,80,0,80,187
06/29/2012,RAL,CA,AWP,WE,Federal Contract Tower,0,1,26,0,27,0,0,93,0,93,0,1,119,0,120,172,0,172,292
06/30/2012,RAL,CA,AWP,WE,Federal Contract Tower,0,0,20,0,20,0,0,123,0,123,0,0,143,0,143,158,0,158,301
07/01/2012,RAL,CA,AWP,WE,Federal Contract Tower,0,0,17,0,17,0,2,70,0,72,0,2,87,0,89,34,0,34,123
07/02/2012,RAL,CA,AWP,WE,Federal Contract Tower,0,0,44,0,44,0,1,96,0,97,0,1,140,0,141,187,0,187,328
07/03/2012,RAL,CA,AWP,WE,Federal Contract Tower,0,0,45,0,45,0,0,67,0,67,0,0,112,0,112,144,0,144,256
07/04/2012,RAL,CA,AWP,WE,Federal Contract Tower,0,0,7,0,7,0,0,60,0,60,0,0,67,0,67,89,0,89,156
07/05/2012,RAL,CA,AWP,WE,Federal Contract Tower,0,2,7,0,9,0,0,7,0,7,0,2,14,0,16,94,0,94,110
07/06/2012,RAL,CA,AWP,WE,Federal Contract Tower,0,0,24,0,24,0,0,80,0,80,0,0,104,0,104,100,0,100,204
07/07/2012,RAL,CA,AWP,WE,Federal Contract Tower,0,0,7,0,7,0,0,68,0,68,0,0,75,0,75,99,0,99,174
07/08/2012,RAL,CA,AWP,WE,Federal Contract Tower,0,0,29,0,29,0,0,86,0,86,0,0,115,0,115,34,0,34,149
07/09/2012,RAL,CA,AWP,WE,Federal Contract Tower,0,0,28,3,31,0,0,86,1,87,0,0,114,4,118,133,0,133,251
07/10/2012,RAL,CA,AWP,WE,Federal Contract Tower,0,0,8,0,8,0,0,73,2,75,0,0,81,2,83,120,0,120,203
07/11/2012,RAL,CA,AWP,WE,Federal Contract Tower,0,0,19,1,20,0,0,94,1,95,0,0,113,2,115,123,0,123,238
07/12/2012,RAL,CA,AWP,WE,Federal Contract Tower,0,1,25,0,26,0,0,78,0,78,0,1,103,0,104,152,0,152,256
07/13/2012,RAL,CA,AWP,WE,Federal Contract Tower,0,0,24,0,24,0,2,115,0,117,0,2,139,0,141,192,0,192,333
07/14/2012,RAL,CA,AWP,WE,Federal Contract Tower,0,0,20,0,20,0,0,182,0,182,0,0,202,0,202,162,3,165,367
07/15/2012,RAL,CA,AWP,WE,Federal Contract Tower,0,0,21,0,21,0,0,139,0,139,0,0,160,0,160,66,0,66,226
07/16/2012,RAL,CA,AWP,WE,Federal Contract Tower,0,0,39,0,39,0,0,67,0,67,0,0,106,0,106,133,0,133,239
07/17/2012,RAL,CA,AWP,WE,Federal Contract Tower,0,4,27,0,31,0,2,74,2,78,0,6,101,2,109,120,0,120,229
07/18/2012,RAL,CA,AWP,WE,Federal Contract Tower,0,0,18,0,18,0,0,94,0,94,0,0,112,0,112,146,0,146,258
07/19/2012,RAL,CA,AWP,WE,Federal Contract Tower,0,0,23,0,23,0,0,84,0,84,0,0,107,0,107,138,0,138,245
07/20/2012,RAL,CA,AWP,WE,Federal Contract Tower,0,0,33,0,33,0,0,96,0,96,0,0,129,0,129,132,2,134,263
07/21/2012,RAL,CA,AWP,WE,Federal Contract Tower,0,2,40,0,42,0,0,103,0,103,0,2,143,0,145,150,0,150,295
07/22/2012,RAL,CA,AWP,WE,Federal Contract Tower,0,0,25,0,25,0,0,92,0,92,0,0,117,0,117,58,0,58,175
07/23/2012,RAL,CA,AWP,WE,Federal Contract Tower,0,2,31,0,33,0,0,72,0,72,0,2,103,0,105,114,0,114,219
07/24/2012,RAL,CA,AWP,WE,Federal Contract Tower,0,0,35,0,35,0,0,89,0,89,0,0,124,0,124,121,0,121,245
07/25/2012,RAL,CA,AWP,WE,Federal Contract Tower,0,0,22,0,22,0,0,92,0,92,0,0,114,0,114,145,0,145,259
07/26/2012,RAL,CA,AWP,WE,Federal Contract Tower,0,0,25,1,26,0,0,80,1,81,0,0,105,2,107,144,0,144,251
07/27/2012,RAL,CA,AWP,WE,Federal Contract Tower,0,0,31,0,31,0,0,94,0,94,0,0,125,0,125,92,0,92,217
07/28/2012,RAL,CA,AWP,WE,Federal Contract Tower,0,0,32,0,32,0,0,150,0,150,0,0,182,0,182,172,0,172,354
07/29/2012,RAL,CA,AWP,WE,Federal Contract Tower,0,0,27,0,27,0,0,107,0,107,0,0,134,0,134,92,0,92,226
07/30/2012,RAL,CA,AWP,WE,Federal Contract Tower,0,0,25,0,25,0,0,72,0,72,0,0,97,0,97,82,0,82,179
07/31/2012,RAL,CA,AWP,WE,Federal Contract Tower,0,0,29,0,29,0,2,79,0,81,0,2,108,0,110,171,0,171,281
08/01/2012,RAL,CA,AWP,WE,Federal Contract Tower,0,1,7,0,8,0,0,106,0,106,0,1,113,0,114,132,0,132,246
08/02/2012,RAL,CA,AWP,WE,Federal Contract Tower,0,0,3,0,3,0,0,97,2,99,0,0,100,2,102,138,0,138,240
08/03/2012,RAL,CA,AWP,WE,Federal Contract Tower,0,1,5,0,6,0,0,103,0,103,0,1,108,0,109,83,0,83,192
08/04/2012,RAL,CA,AWP,WE,Federal Contract Tower,0,1,16,0,17,0,5,87,0,92,0,6,103,0,109,80,0,80,189
08/05/2012,RAL,CA,AWP,WE,Federal Contract Tower,0,0,9,0,9,0,3,64,0,67,0,3,73,0,76,30,0,30,106
08/06/2012,RAL,CA,AWP,WE,Federal Contract Tower,0,0,37,0,37,0,0,66,0,66,0,0,103,0,103,112,0,112,215
08/07/2012,RAL,CA,AWP,WE,Federal Contract Tower,0,0,24,0,24,0,0,74,0,74,0,0,98,0,98,115,0,115,213
08/08/2012,RAL,CA,AWP,WE,Federal Contract Tower,0,2,9,0,11,0,0,94,0,94,0,2,103,0,105,54,1,55,160
08/09/2012,RAL,CA,AWP,WE,Federal Contract Tower,0,0,4,0,4,0,0,88,0,88,0,0,92,0,92,102,0,102,194
08/10/2012,RAL,CA,AWP,WE,Federal Contract Tower,0,0,17,0,17,0,1,96,0,97,0,1,113,0,114,74,0,74,188
08/11/2012,RAL,CA,AWP,WE,Federal Contract Tower,0,0,18,0,18,0,0,83,0,83,0,0,101,0,101,118,0,118,219
08/12/2012,RAL,CA,AWP,WE,Federal Contract Tower,0,0,8,0,8,0,0,70,0,70,0,0,78,0,78,68,0,68,146
08/13/2012,RAL,CA,AWP,WE,Federal Contract Tower,0,0,22,0,22,0,4,56,0,60,0,4,78,0,82,130,0,130,212
08/14/2012,RAL,CA,AWP,WE,Federal Contract Tower,0,0,25,0,25,0,0,73,0,73,0,0,98,0,98,107,0,107,205
08/15/2012,RAL,CA,AWP,WE,Federal Contract Tower,0,0,5,0,5,0,0,111,0,111,0,0,116,0,116,174,0,174,290
08/16/2012,RAL,CA,AWP,WE,Federal Contract Tower,0,0,1,0,1,0,0,92,0,92,0,0,93,0,93,110,0,110,203
08/17/2012,RAL,CA,AWP,WE,Federal Contract Tower,0,0,2,0,2,0,0,99,0,99,0,0,101,0,101,114,0,114,215
08/18/2012,RAL,CA,AWP,WE,Federal Contract Tower,0,0,15,0,15,0,0,139,0,139,0,0,154,0,154,176,0,176,330
08/19/2012,RAL,CA,AWP,WE,Federal Contract Tower,0,0,11,0,11,0,0,79,0,79,0,0,90,0,90,81,0,81,171
08/20/2012,RAL,CA,AWP,WE,Federal Contract Tower,0,0,18,1,19,0,3,73,0,76,0,3,91,1,95,122,0,122,217
08/21/2012,RAL,CA,AWP,WE,Federal Contract Tower,0,1,19,2,22,0,2,90,0,92,0,3,109,2,114,138,0,138,252
08/22/2012,RAL,CA,AWP,WE,Federal Contract Tower,0,3,5,0,8,0,3,84,0,87,0,6,89,0,95,96,0,96,191
08/23/2012,RAL,CA,AWP,WE,Federal Contract Tower,0,5,6,2,13,0,0,106,0,106,0,5,112,2,119,171,0,171,290
08/24/2012,RAL,CA,AWP,WE,Federal Contract Tower,0,0,27,0,27,0,0,109,0,109,0,0,136,0,136,182,0,182,318
08/25/2012,RAL,CA,AWP,WE,Federal Contract Tower,0,0,39,0,39,0,0,128,0,128,0,0,167,0,167,178,0,178,345
08/26/2012,RAL,CA,AWP,WE,Federal Contract Tower,0,0,17,0,17,0,0,70,0,70,0,0,87,0,87,34,0,34,121
08/27/2012,RAL,CA,AWP,WE,Federal Contract Tower,0,0,23,0,23,0,0,97,0,97,0,0,120,0,120,117,0,117,237
08/28/2012,RAL,CA,AWP,WE,Federal Contract Tower,0,0,25,0,25,0,0,90,0,90,0,0,115,0,115,154,0,154,269
08/29/2012,RAL,CA,AWP,WE,Federal Contract Tower,0,0,22,2,24,0,0,91,1,92,0,0,113,3,116,120,0,120,236
08/30/2012,RAL,CA,AWP,WE,Federal Contract Tower,0,0,4,0,4,0,0,92,0,92,0,0,96,0,96,104,0,104,200
08/31/2012,RAL,CA,AWP,WE,Federal Contract Tower,0,0,18,0,18,0,2,109,0,111,0,2,127,0,129,76,0,76,205
09/01/2012,RAL,CA,AWP,WE,Federal Contract Tower,0,0,20,0,20,0,0,75,0,75,0,0,95,0,95,194,0,194,289
09/02/2012,RAL,CA,AWP,WE,Federal Contract Tower,0,0,5,0,5,0,0,61,0,61,0,0,66,0,66,18,0,18,84
09/03/2012,RAL,CA,AWP,WE,Federal Contract Tower,0,0,21,0,21,0,0,78,0,78,0,0,99,0,99,69,0,69,168
09/04/2012,RAL,CA,AWP,WE,Federal Contract Tower,0,1,28,1,30,0,0,79,0,79,0,1,107,1,109,86,0,86,195
09/05/2012,RAL,CA,AWP,WE,Federal Contract Tower,0,0,34,0,34,0,0,52,0,52,0,0,86,0,86,148,0,148,234
09/06/2012,RAL,CA,AWP,WE,Federal Contract Tower,0,0,10,0,10,0,0,77,0,77,0,0,87,0,87,90,0,90,177
09/07/2012,RAL,CA,AWP,WE,Federal Contract Tower,0,0,8,0,8,0,0,93,0,93,0,0,101,0,101,57,0,57,158
09/08/2012,RAL,CA,AWP,WE,Federal Contract Tower,0,0,11,0,11,0,0,134,0,134,0,0,145,0,145,78,0,78,223
09/09/2012,RAL,CA,AWP,WE,Federal Contract Tower,0,0,9,0,9,0,0,82,0,82,0,0,91,0,91,121,0,121,212
09/10/2012,RAL,CA,AWP,WE,Federal Contract Tower,0,0,20,0,20,0,0,60,0,60,0,0,80,0,80,63,0,63,143
09/11/2012,RAL,CA,AWP,WE,Federal Contract Tower,0,0,35,0,35,0,0,70,0,70,0,0,105,0,105,162,0,162,267
09/12/2012,RAL,CA,AWP,WE,Federal Contract Tower,0,0,18,0,18,0,0,82,0,82,0,0,100,0,100,88,0,88,188
09/13/2012,RAL,CA,AWP,WE,Federal Contract Tower,0,0,42,0,42,0,0,96,0,96,0,0,138,0,138,150,0,150,288
09/14/2012,RAL,CA,AWP,WE,Federal Contract Tower,0,0,17,0,17,0,0,76,0,76,0,0,93,0,93,118,0,118,211
09/15/2012,RAL,CA,AWP,WE,Federal Contract Tower,0,0,25,0,25,0,0,87,0,87,0,0,112,0,112,124,0,124,236
09/16/2012,RAL,CA,AWP,WE,Federal Contract Tower,0,0,12,0,12,0,2,94,0,96,0,2,106,0,108,142,0,142,250
09/17/2012,RAL,CA,AWP,WE,Federal Contract Tower,0,0,24,0,24,0,0,88,0,88,0,0,112,0,112,120,0,120,232
09/18/2012,RAL,CA,AWP,WE,Federal Contract Tower,0,0,39,2,41,0,0,75,0,75,0,0,114,2,116,139,0,139,255
09/19/2012,RAL,CA,AWP,WE,Federal Contract Tower,0,0,41,0,41,0,0,75,0,75,0,0,116,0,116,108,0,108,224
09/20/2012,RAL,CA,AWP,WE,Federal Contract Tower,0,0,29,0,29,0,0,95,2,97,0,0,124,2,126,118,0,118,244
09/21/2012,RAL,CA,AWP,WE,Federal Contract Tower,0,0,10,0,10,0,0,94,0,94,0,0,104,0,104,104,0,104,208
09/22/2012,RAL,CA,AWP,WE,Federal Contract Tower,0,0,16,0,16,0,0,87,0,87,0,0,103,0,103,150,0,150,253
09/23/2012,RAL,CA,AWP,WE,Federal Contract Tower,0,0,8,0,8,0,0,102,0,102,0,0,110,0,110,142,0,142,252
09/24/2012,RAL,CA,AWP,WE,Federal Contract Tower,0,0,17,0,17,0,0,93,0,93,0,0,110,0,110,145,0,145,255
09/25/2012,RAL,CA,AWP,WE,Federal Contract Tower,0,0,28,0,28,0,6,108,0,114,0,6,136,0,142,163,0,163,305
09/26/2012,RAL,CA,AWP,WE,Federal Contract Tower,0,0,23,0,23,0,0,62,0,62,0,0,85,0,85,105,0,105,190
09/27/2012,RAL,CA,AWP,WE,Federal Contract Tower,0,0,17,0,17,0,0,91,0,91,0,0,108,0,108,156,0,156,264
09/28/2012,RAL,CA,AWP,WE,Federal Contract Tower,0,0,4,0,4,0,0,112,0,112,0,0,116,0,116,82,0,82,198
09/29/2012,RAL,CA,AWP,WE,Federal Contract Tower,0,0,31,0,31,0,0,122,0,122,0,0,153,0,153,133,0,133,286
09/30/2012,RAL,CA,AWP,WE,Federal Contract Tower,0,0,8,0,8,0,0,74,0,74,0,0,82,0,82,53,0,53,135
10/01/2012,RAL,CA,AWP,WE,Federal Contract Tower,0,0,13,0,13,0,2,81,2,85,0,2,94,2,98,116,2,118,216
10/02/2012,RAL,CA,AWP,WE,Federal Contract Tower,0,0,22,0,22,0,2,97,0,99,0,2,119,0,121,98,0,98,219
10/03/2012,RAL,CA,AWP,WE,Federal Contract Tower,0,1,18,0,19,0,6,81,0,87,0,7,99,0,106,80,0,80,186
10/04/2012,RAL,CA,AWP,WE,Federal Contract Tower,0,0,30,0,30,0,0,66,3,69,0,0,96,3,99,116,0,116,215
10/05/2012,RAL,CA,AWP,WE,Federal Contract Tower,0,0,17,0,17,0,0,78,0,78,0,0,95,0,95,79,0,79,174
10/06/2012,RAL,CA,AWP,WE,Federal Contract Tower,0,0,2,0,2,0,2,119,0,121,0,2,121,0,123,183,0,183,306
10/07/2012,RAL,CA,AWP,WE,Federal Contract Tower,0,0,32,0,32,0,0,65,0,65,0,0,97,0,97,34,0,34,131
10/08/2012,RAL,CA,AWP,WE,Federal Contract Tower,0,0,41,0,41,0,0,55,0,55,0,0,96,0,96,124,0,124,220
10/09/2012,RAL,CA,AWP,WE,Federal Contract Tower,0,0,19,0,19,0,2,53,0,55,0,2,72,0,74,114,0,114,188
10/10/2012,RAL,CA,AWP,WE,Federal Contract Tower,0,0,25,0,25,0,0,55,0,55,0,0,80,0,80,75,0,75,155
10/11/2012,RAL,CA,AWP,WE,Federal Contract Tower,0,0,11,0,11,0,0,32,0,32,0,0,43,0,43,64,0,64,107
10/12/2012,RAL,CA,AWP,WE,Federal Contract Tower,0,1,20,0,21,0,2,70,0,72,0,3,90,0,93,88,0,88,181
10/13/2012,RAL,CA,AWP,WE,Federal Contract Tower,0,1,16,0,17,0,0,100,0,100,0,1,116,0,117,136,0,136,253
10/14/2012,RAL,CA,AWP,WE,Federal Contract Tower,0,0,12,0,12,0,0,75,0,75,0,0,87,0,87,47,0,47,134
10/15/2012,RAL,CA,AWP,WE,Federal Contract Tower,0,0,36,0,36,0,0,90,0,90,0,0,126,0,126,115,0,115,241
10/16/2012,RAL,CA,AWP,WE,Federal Contract Tower,0,0,17,0,17,0,1,101,0,102,0,1,118,0,119,79,0,79,198
10/17/2012,RAL,CA,AWP,WE,Federal Contract Tower,0,0,28,0,28,0,0,80,0,80,0,0,108,0,108,150,0,150,258
10/18/2012,RAL,CA,AWP,WE,Federal Contract Tower,0,0,10,0,10,0,0,85,0,85,0,0,95,0,95,130,0,130,225
10/19/2012,RAL,CA,AWP,WE,Federal Contract Tower,0,0,21,0,21,0,0,98,0,98,0,0,119,0,119,88,0,88,207
10/20/2012,RAL,CA,AWP,WE,Federal Contract Tower,0,0,18,0,18,0,0,49,0,49,0,0,67,0,67,75,0,75,142
10/21/2012,RAL,CA,AWP,WE,Federal Contract Tower,0,0,23,0,23,0,0,80,0,80,0,0,103,0,103,147,0,147,250
10/22/2012,RAL,CA,AWP,WE,Federal Contract Tower,0,0,22,0,22,0,0,105,0,105,0,0,127,0,127,173,0,173,300
10/23/2012,RAL,CA,AWP,WE,Federal Contract Tower,0,0,36,0,36,0,0,80,0,80,0,0,116,0,116,88,0,88,204
10/24/2012,RAL,CA,AWP,WE,Federal Contract Tower,0,0,25,0,25,0,0,69,0,69,0,0,94,0,94,106,0,106,200
10/25/2012,RAL,CA,AWP,WE,Federal Contract Tower,0,0,40,0,40,0,0,98,0,98,0,0,138,0,138,82,0,82,220
10/26/2012,RAL,CA,AWP,WE,Federal Contract Tower,0,0,31,0,31,0,0,38,0,38,0,0,69,0,69,39,0,39,108
10/27/2012,RAL,CA,AWP,WE,Federal Contract Tower,0,0,25,0,25,0,0,57,0,57,0,0,82,0,82,34,0,34,116
10/28/2012,RAL,CA,AWP,WE,Federal Contract Tower,0,0,9,0,9,0,0,72,0,72,0,0,81,0,81,40,0,40,121
10/29/2012,RAL,CA,AWP,WE,Federal Contract Tower,0,1,23,0,24,0,1,105,0,106,0,2,128,0,130,128,0,128,258
10/30/2012,RAL,CA,AWP,WE,Federal Contract Tower,0,0,26,0,26,0,0,101,0,101,0,0,127,0,127,169,0,169,296
10/31/2012,RAL,CA,AWP,WE,Federal Contract Tower,0,0,29,0,29,0,0,70,0,70,0,0,99,0,99,73,0,73,172
11/01/2012,RAL,CA,AWP,WE,Federal Contract Tower,0,0,20,0,20,0,0,50,0,50,0,0,70,0,70,52,0,52,122
11/02/2012,RAL,CA,AWP,WE,Federal Contract Tower,0,0,27,0,27,0,0,75,0,75,0,0,102,0,102,60,0,60,162
11/03/2012,RAL,CA,AWP,WE,Federal Contract Tower,0,0,17,0,17,0,0,155,0,155,0,0,172,0,172,185,0,185,357
11/04/2012,RAL,CA,AWP,WE,Federal Contract Tower,0,0,14,0,14,0,0,127,0,127,0,0,141,0,141,107,0,107,248
11/05/2012,RAL,CA,AWP,WE,Federal Contract Tower,0,0,21,0,21,0,0,95,0,95,0,0,116,0,116,94,0,94,210
11/06/2012,RAL,CA,AWP,WE,Federal Contract Tower,0,0,13,0,13,0,0,90,0,90,0,0,103,0,103,62,0,62,165
11/07/2012,RAL,CA,AWP,WE,Federal Contract Tower,0,0,37,0,37,0,0,110,0,110,0,0,147,0,147,84,0,84,231
11/08/2012,RAL,CA,AWP,WE,Federal Contract Tower,0,0,9,0,9,0,0,66,2,68,0,0,75,2,77,76,2,78,155
11/09/2012,RAL,CA,AWP,WE,Federal Contract Tower,0,0,19,0,19,0,0,99,0,99,0,0,118,0,118,92,0,92,210
11/10/2012,RAL,CA,AWP,WE,Federal Contract Tower,0,0,22,0,22,0,0,76,0,76,0,0,98,0,98,105,0,105,203
11/11/2012,RAL,CA,AWP,WE,Federal Contract Tower,0,0,24,0,24,0,0,98,0,98,0,0,122,0,122,88,0,88,210
11/12/2012,RAL,CA,AWP,WE,Federal Contract Tower,0,0,28,0,28,0,0,111,0,111,0,0,139,0,139,109,0,109,248
11/13/2012,RAL,CA,AWP,WE,Federal Contract Tower,0,2,9,0,11,0,0,101,0,101,0,2,110,0,112,94,0,94,206
11/14/2012,RAL,CA,AWP,WE,Federal Contract Tower,0,0,27,0,27,0,0,91,0,91,0,0,118,0,118,86,0,86,204
11/15/2012,RAL,CA,AWP,WE,Federal Contract Tower,0,1,34,0,35,0,0,86,0,86,0,1,120,0,121,95,0,95,216
11/16/2012,RAL,CA,AWP,WE,Federal Contract Tower,0,0,24,0,24,0,3,93,0,96,0,3,117,0,120,166,0,166,286
11/17/2012,RAL,CA,AWP,WE,Federal Contract Tower,0,0,15,0,15,0,0,88,0,88,0,0,103,0,103,170,0,170,273
11/18/2012,RAL,CA,AWP,WE,Federal Contract Tower,0,0,21,0,21,0,2,77,1,80,0,2,98,1,101,85,0,85,186
11/19/2012,RAL,CA,AWP,WE,Federal Contract Tower,0,0,31,0,31,0,0,89,0,89,0,0,120,0,120,103,0,103,223
11/20/2012,RAL,CA,AWP,WE,Federal Contract Tower,0,0,8,0,8,0,0,100,2,102,0,0,108,2,110,102,0,102,212
11/21/2012,RAL,CA,AWP,WE,Federal Contract Tower,0,0,10,0,10,0,0,90,0,90,0,0,100,0,100,89,0,89,189
11/22/2012,RAL,CA,AWP,WE,Federal Contract Tower,0,0,5,0,5,0,0,45,0,45,0,0,50,0,50,16,0,16,66
11/23/2012,RAL,CA,AWP,WE,Federal Contract Tower,0,0,8,0,8,0,0,109,0,109,0,0,117,0,117,38,0,38,155
11/24/2012,RAL,CA,AWP,WE,Federal Contract Tower,0,0,12,0,12,0,0,162,0,162,0,0,174,0,174,256,0,256,430
11/25/2012,RAL,CA,AWP,WE,Federal Contract Tower,0,0,26,0,26,0,0,83,0,83,0,0,109,0,109,56,0,56,165
11/26/2012,RAL,CA,AWP,WE,Federal Contract Tower,0,0,28,2,30,0,0,78,0,78,0,0,106,2,108,49,2,51,159
11/27/2012,RAL,CA,AWP,WE,Federal Contract Tower,0,0,10,0,10,0,0,81,0,81,0,0,91,0,91,144,0,144,235
11/28/2012,RAL,CA,AWP,WE,Federal Contract Tower,0,0,19,0,19,0,0,49,0,49,0,0,68,0,68,64,2,66,134
11/29/2012,RAL,CA,AWP,WE,Federal Contract Tower,0,0,22,0,22,0,0,27,0,27,0,0,49,0,49,162,0,162,211
11/30/2012,RAL,CA,AWP,WE,Federal Contract Tower,0,0,21,2,23,0,0,30,0,30,0,0,51,2,53,44,0,44,97
12/01/2012,RAL,CA,AWP,WE,Federal Contract Tower,0,0,29,0,29,0,0,55,0,55,0,0,84,0,84,101,0,101,185
12/02/2012,RAL,CA,AWP,WE,Federal Contract Tower,0,0,26,0,26,0,2,28,0,30,0,2,54,0,56,30,0,30,86
12/03/2012,RAL,CA,AWP,WE,Federal Contract Tower,0,1,18,2,21,0,3,41,0,44,0,4,59,2,65,55,0,55,120
12/04/2012,RAL,CA,AWP,WE,Federal Contract Tower,0,0,18,0,18,0,0,91,0,91,0,0,109,0,109,68,0,68,177
12/05/2012,RAL,CA,AWP,WE,Federal Contract Tower,0,0,23,0,23,0,0,90,2,92,0,0,113,2,115,116,0,116,231
12/06/2012,RAL,CA,AWP,WE,Federal Contract Tower,0,0,19,0,19,0,0,59,0,59,0,0,78,0,78,52,0,52,130
12/07/2012,RAL,CA,AWP,WE,Federal Contract Tower,0,0,32,0,32,0,0,107,0,107,0,0,139,0,139,90,0,90,229
12/08/2012,RAL,CA,AWP,WE,Federal Contract Tower,0,0,22,0,22,0,0,98,0,98,0,0,120,0,120,93,0,93,213
12/09/2012,RAL,CA,AWP,WE,Federal Contract Tower,0,0,19,0,19,0,0,83,0,83,0,0,102,0,102,147,0,147,249
12/10/2012,RAL,CA,AWP,WE,Federal Contract Tower,0,1,19,0,20,0,0,82,0,82,0,1,101,0,102,52,0,52,154
12/11/2012,RAL,CA,AWP,WE,Federal Contract Tower,0,0,7,0,7,0,0,92,1,93,0,0,99,1,100,75,0,75,175
12/12/2012,RAL,CA,AWP,WE,Federal Contract Tower,0,0,23,0,23,0,0,91,0,91,0,0,114,0,114,66,0,66,180
12/13/2012,RAL,CA,AWP,WE,Federal Contract Tower,0,0,7,2,9,0,0,28,0,28,0,0,35,2,37,12,0,12,49
12/14/2012,RAL,CA,AWP,WE,Federal Contract Tower,0,0,26,0,26,0,0,102,0,102,0,0,128,0,128,118,0,118,246
12/15/2012,RAL,CA,AWP,WE,Federal Contract Tower,0,0,20,0,20,0,0,81,0,81,0,0,101,0,101,150,0,150,251
12/16/2012,RAL,CA,AWP,WE,Federal Contract Tower,0,0,24,0,24,0,0,28,0,28,0,0,52,0,52,91,0,91,143
12/17/2012,RAL,CA,AWP,WE,Federal Contract Tower,0,0,15,0,15,0,0,39,0,39,0,0,54,0,54,74,0,74,128
12/18/2012,RAL,CA,AWP,WE,Federal Contract Tower,0,0,9,0,9,0,0,13,0,13,0,0,22,0,22,19,0,19,41
12/19/2012,RAL,CA,AWP,WE,Federal Contract Tower,0,0,14,0,14,0,2,78,4,84,0,2,92,4,98,36,0,36,134
12/20/2012,RAL,CA,AWP,WE,Federal Contract Tower,0,0,5,0,5,0,0,104,0,104,0,0,109,0,109,120,0,120,229
12/21/2012,RAL,CA,AWP,WE,Federal Contract Tower,0,0,23,0,23,0,0,116,4,120,0,0,139,4,143,136,0,136,279
12/22/2012,RAL,CA,AWP,WE,Federal Contract Tower,0,1,23,2,26,0,0,122,0,122,0,1,145,2,148,132,0,132,280
12/23/2012,RAL,CA,AWP,WE,Federal Contract Tower,0,0,6,0,6,0,0,43,0,43,0,0,49,0,49,66,0,66,115
12/24/2012,RAL,CA,AWP,WE,Federal Contract Tower,0,0,15,0,15,0,0,22,0,22,0,0,37,0,37,28,0,28,65
12/25/2012,RAL,CA,AWP,WE,Federal Contract Tower,0,0,2,0,2,0,0,21,0,21,0,0,23,0,23,5,0,5,28
12/26/2012,RAL,CA,AWP,WE,Federal Contract Tower,0,0,6,0,6,0,0,37,0,37,0,0,43,0,43,68,0,68,111
12/27/2012,RAL,CA,AWP,WE,Federal Contract Tower,0,1,9,0,10,0,5,81,0,86,0,6,90,0,96,61,0,61,157
12/28/2012,RAL,CA,AWP,WE,Federal Contract Tower,0,0,15,0,15,0,0,130,0,130,0,0,145,0,145,104,0,104,249
12/29/2012,RAL,CA,AWP,WE,Federal Contract Tower,0,0,4,0,4,0,0,58,0,58,0,0,62,0,62,60,0,60,122
12/30/2012,RAL,CA,AWP,WE,Federal Contract Tower,0,0,10,0,10,0,0,54,0,54,0,0,64,0,64,86,0,86,150
12/31/2012,RAL,CA,AWP,WE,Federal Contract Tower,0,0,12,0,12,0,4,62,0,66,0,4,74,0,78,31,0,31,109
01/01/2013,RAL,CA,AWP,WE,Federal Contract Tower,0,0,11,0,11,0,0,50,0,50,0,0,61,0,61,10,0,10,71
01/02/2013,RAL,CA,AWP,WE,Federal Contract Tower,0,0,6,0,6,0,0,71,0,71,0,0,77,0,77,69,0,69,146
01/03/2013,RAL,CA,AWP,WE,Federal Contract Tower,0,2,8,0,10,0,0,61,0,61,0,2,69,0,71,64,0,64,135
01/04/2013,RAL,CA,AWP,WE,Federal Contract Tower,0,0,19,0,19,0,0,134,0,134,0,0,153,0,153,205,0,205,358
01/05/2013,RAL,CA,AWP,WE,Federal Contract Tower,0,0,15,0,15,0,0,175,0,175,0,0,190,0,190,182,0,182,372
01/06/2013,RAL,CA,AWP,WE,Federal Contract Tower,0,0,10,0,10,0,0,15,0,15,0,0,25,0,25,71,0,71,96
01/07/2013,RAL,CA,AWP,WE,Federal Contract Tower,0,0,18,0,18,0,0,31,1,32,0,0,49,1,50,52,0,52,102
01/08/2013,RAL,CA,AWP,WE,Federal Contract Tower,0,0,19,3,22,0,0,91,0,91,0,0,110,3,113,106,1,107,220
01/09/2013,RAL,CA,AWP,WE,Federal Contract Tower,0,0,10,0,10,0,0,128,0,128,0,0,138,0,138,151,0,151,289
01/10/2013,RAL,CA,AWP,WE,Federal Contract Tower,0,1,2,0,3,0,0,44,0,44,0,1,46,0,47,82,0,82,129
01/11/2013,RAL,CA,AWP,WE,Federal Contract Tower,0,1,18,0,19,0,2,83,0,85,0,3,101,0,104,125,0,125,229
01/12/2013,RAL,CA,AWP,WE,Federal Contract Tower,0,0,16,0,16,0,0,140,0,140,0,0,156,0,156,128,0,128,284
01/13/2013,RAL,CA,AWP,WE,Federal Contract Tower,0,0,15,0,15,0,0,77,0,77,0,0,92,0,92,102,0,102,194
01/14/2013,RAL,CA,AWP,WE,Federal Contract Tower,0,0,4,0,4,0,2,8,0,10,0,2,12,0,14,24,0,24,38
01/15/2013,RAL,CA,AWP,WE,Federal Contract Tower,0,0,30,0,30,0,2,54,0,56,0,2,84,0,86,33,1,34,120
01/16/2013,RAL,CA,AWP,WE,Federal Contract Tower,0,0,9,0,9,0,0,74,0,74,0,0,83,0,83,45,0,45,128
01/17/2013,RAL,CA,AWP,WE,Federal Contract Tower,0,0,11,0,11,0,0,55,0,55,0,0,66,0,66,29,0,29,95
01/18/2013,RAL,CA,AWP,WE,Federal Contract Tower,0,0,24,0,24,0,0,90,0,90,0,0,114,0,114,76,0,76,190
01/19/2013,RAL,CA,AWP,WE,Federal Contract Tower,0,0,13,0,13,0,2,74,0,76,0,2,87,0,89,68,0,68,157
01/20/2013,RAL,CA,AWP,WE,Federal Contract Tower,0,0,14,0,14,0,0,74,0,74,0,0,88,0,88,40,0,40,128
01/21/2013,RAL,CA,AWP,WE,Federal Contract Tower,0,0,16,0,16,0,0,89,0,89,0,0,105,0,105,47,0,47,152
01/22/2013,RAL,CA,AWP,WE,Federal Contract Tower,0,1,38,0,39,0,0,111,0,111,0,1,149,0,150,102,6,108,258
01/23/2013,RAL,CA,AWP,WE,Federal Contract Tower,0,0,20,0,20,0,0,110,0,110,0,0,130,0,130,146,0,146,276
01/24/2013,RAL,CA,AWP,WE,Federal Contract Tower,0,0,13,0,13,0,0,30,0,30,0,0,43,0,43,62,0,62,105
01/25/2013,RAL,CA,AWP,WE,Federal Contract Tower,0,0,11,0,11,0,0,32,0,32,0,0,43,0,43,86,0,86,129
01/26/2013,RAL,CA,AWP,WE,Federal Contract Tower,0,1,22,0,23,0,0,45,0,45,0,1,67,0,68,62,0,62,130
01/27/2013,RAL,CA,AWP,WE,Federal Contract Tower,0,1,20,0,21,0,0,52,0,52,0,1,72,0,73,62,0,62,135
01/28/2013,RAL,CA,AWP,WE,Federal Contract Tower,0,0,11,0,11,0,0,73,0,73,0,0,84,0,84,92,0,92,176
01/29/2013,RAL,CA,AWP,WE,Federal Contract Tower,0,0,25,0,25,0,0,123,0,123,0,0,148,0,148,150,0,150,298
01/30/2013,RAL,CA,AWP,WE,Federal Contract Tower,0,0,22,0,22,0,0,113,0,113,0,0,135,0,135,105,0,105,240
01/31/2013,RAL,CA,AWP,WE,Federal Contract Tower,0,0,22,2,24,0,0,106,0,106,0,0,128,2,130,84,0,84,214
02/01/2013,RAL,CA,AWP,WE,Federal Contract Tower,0,0,22,0,22,0,1,120,0,121,0,1,142,0,143,117,0,117,260
02/02/2013,RAL,CA,AWP,WE,Federal Contract Tower,0,0,15,0,15,0,2,143,0,145,0,2,158,0,160,203,0,203,363
02/03/2013,RAL,CA,AWP,WE,Federal Contract Tower,0,0,9,0,9,0,0,62,0,62,0,0,71,0,71,57,0,57,128
02/04/2013,RAL,CA,AWP,WE,Federal Contract Tower,0,0,17,1,18,0,2,86,1,89,0,2,103,2,107,107,0,107,214
02/05/2013,RAL,CA,AWP,WE,Federal Contract Tower,0,1,16,0,17,0,1,20,0,21,0,2,36,0,38,60,0,60,98
02/06/2013,RAL,CA,AWP,WE,Federal Contract Tower,0,1,35,0,36,0,0,102,0,102,0,1,137,0,138,178,0,178,316
02/07/2013,RAL,CA,AWP,WE,Federal Contract Tower,0,0,23,0,23,0,0,73,0,73,0,0,96,0,96,66,0,66,162
02/08/2013,RAL,CA,AWP,WE,Federal Contract Tower,0,0,8,0,8,0,1,19,0,20,0,1,27,0,28,4,0,4,32
02/09/2013,RAL,CA,AWP,WE,Federal Contract Tower,0,0,12,0,12,0,1,142,0,143,0,1,154,0,155,123,0,123,278
02/10/2013,RAL,CA,AWP,WE,Federal Contract Tower,0,0,12,0,12,0,0,66,0,66,0,0,78,0,78,48,0,48,126
02/11/2013,RAL,CA,AWP,WE,Federal Contract Tower,0,0,10,0,10,0,0,57,0,57,0,0,67,0,67,24,0,24,91
02/12/2013,RAL,CA,AWP,WE,Federal Contract Tower,0,0,47,0,47,0,0,81,0,81,0,0,128,0,128,116,0,116,244
02/13/2013,RAL,CA,AWP,WE,Federal Contract Tower,0,0,32,0,32,0,0,108,0,108,0,0,140,0,140,123,0,123,263
02/14/2013,RAL,CA,AWP,WE,Federal Contract Tower,0,0,17,0,17,0,0,64,1,65,0,0,81,1,82,54,0,54,136
02/15/2013,RAL,CA,AWP,WE,Federal Contract Tower,0,2,23,0,25,0,0,111,0,111,0,2,134,0,136,110,0,110,246
02/16/2013,RAL,CA,AWP,WE,Federal Contract Tower,0,0,28,0,28,0,0,164,0,164,0,0,192,0,192,145,0,145,337
02/17/2013,RAL,CA,AWP,WE,Federal Contract Tower,0,0,26,0,26,0,0,101,0,101,0,0,127,0,127,140,0,140,267
02/18/2013,RAL,CA,AWP,WE,Federal Contract Tower,0,1,27,0,28,0,1,128,0,129,0,2,155,0,157,146,0,146,303
02/19/2013,RAL,CA,AWP,WE,Federal Contract Tower,0,2,8,0,10,0,1,28,0,29,0,3,36,0,39,10,0,10,49
02/20/2013,RAL,CA,AWP,WE,Federal Contract Tower,0,0,11,0,11,0,0,101,0,101,0,0,112,0,112,130,0,130,242
02/21/2013,RAL,CA,AWP,WE,Federal Contract Tower,0,0,34,0,34,0,0,102,0,102,0,0,136,0,136,129,0,129,265
02/22/2013,RAL,CA,AWP,WE,Federal Contract Tower,0,0,17,0,17,0,0,149,0,149,0,0,166,0,166,205,0,205,371
02/23/2013,RAL,CA,AWP,WE,Federal Contract Tower,0,0,26,0,26,0,0,149,0,149,0,0,175,0,175,184,0,184,359
02/24/2013,RAL,CA,AWP,WE,Federal Contract Tower,0,0,10,0,10,0,0,40,0,40,0,0,50,0,50,33,0,33,83
02/25/2013,RAL,CA,AWP,WE,Federal Contract Tower,0,0,21,0,21,0,0,108,0,108,0,0,129,0,129,177,0,177,306
02/26/2013,RAL,CA,AWP,WE,Federal Contract Tower,0,1,28,0,29,0,0,118,0,118,0,1,146,0,147,130,0,130,277
02/27/2013,RAL,CA,AWP,WE,Federal Contract Tower,0,0,28,0,28,0,0,63,0,63,0,0,91,0,91,42,0,42,133
02/28/2013,RAL,CA,AWP,WE,Federal Contract Tower,20,0,0,0,20,0,0,146,0,146,20,0,146,0,166,123,0,123,289
03/01/2013,RAL,CA,AWP,WE,Federal Contract Tower,0,0,21,0,21,0,0,102,0,102,0,0,123,0,123,152,0,152,275
03/02/2013,RAL,CA,AWP,WE,Federal Contract Tower,0,0,18,0,18,0,0,130,0,130,0,0,148,0,148,191,0,191,339
03/03/2013,RAL,CA,AWP,WE,Federal Contract Tower,0,0,12,0,12,0,0,91,0,91,0,0,103,0,103,74,0,74,177
03/04/2013,RAL,CA,AWP,WE,Federal Contract Tower,0,1,22,0,23,0,0,85,0,85,0,1,107,0,108,92,0,92,200
03/05/2013,RAL,CA,AWP,WE,Federal Contract Tower,0,1,18,0,19,0,0,43,0,43,0,1,61,0,62,49,0,49,111
03/06/2013,RAL,CA,AWP,WE,Federal Contract Tower,0,0,16,0,16,0,0,74,0,74,0,0,90,0,90,112,0,112,202
03/07/2013,RAL,CA,AWP,WE,Federal Contract Tower,0,1,22,0,23,0,0,45,0,45,0,1,67,0,68,52,0,52,120
03/08/2013,RAL,CA,AWP,WE,Federal Contract Tower,0,2,20,0,22,0,0,33,0,33,0,2,53,0,55,38,0,38,93
03/09/2013,RAL,CA,AWP,WE,Federal Contract Tower,0,0,20,0,20,0,0,121,0,121,0,0,141,0,141,121,0,121,262
03/10/2013,RAL,CA,AWP,WE,Federal Contract Tower,0,0,6,0,6,0,0,57,0,57,0,0,63,0,63,43,0,43,106
03/11/2013,RAL,CA,AWP,WE,Federal Contract Tower,0,0,38,0,38,0,0,157,0,157,0,0,195,0,195,114,0,114,309
03/12/2013,RAL,CA,AWP,WE,Federal Contract Tower,0,0,25,2,27,0,0,119,0,119,0,0,144,2,146,126,0,126,272
03/13/2013,RAL,CA,AWP,WE,Federal Contract Tower,0,0,58,0,58,0,1,109,0,110,0,1,167,0,168,58,0,58,226
03/14/2013,RAL,CA,AWP,WE,Federal Contract Tower,0,0,46,0,46,0,0,98,0,98,0,0,144,0,144,117,0,117,261
03/15/2013,RAL,CA,AWP,WE,Federal Contract Tower,0,0,35,0,35,0,0,129,0,129,0,0,164,0,164,80,0,80,244
03/16/2013,RAL,CA,AWP,WE,Federal Contract Tower,0,0,24,0,24,0,0,96,0,96,0,0,120,0,120,107,0,107,227
03/17/2013,RAL,CA,AWP,WE,Federal Contract Tower,0,0,13,0,13,0,2,55,0,57,0,2,68,0,70,79,0,79,149
03/18/2013,RAL,CA,AWP,WE,Federal Contract Tower,0,0,31,0,31,0,0,55,0,55,0,0,86,0,86,117,0,117,203
03/19/2013,RAL,CA,AWP,WE,Federal Contract Tower,0,0,28,0,28,0,0,48,0,48,0,0,76,0,76,95,0,95,171
03/20/2013,RAL,CA,AWP,WE,Federal Contract Tower,0,1,24,0,25,0,0,66,0,66,0,1,90,0,91,74,0,74,165
03/21/2013,RAL,CA,AWP,WE,Federal Contract Tower,0,1,27,0,28,0,0,88,0,88,0,1,115,0,116,110,0,110,226
03/22/2013,RAL,CA,AWP,WE,Federal Contract Tower,0,3,18,0,21,0,0,88,0,88,0,3,106,0,109,84,0,84,193
03/23/2013,RAL,CA,AWP,WE,Federal Contract Tower,0,0,29,0,29,0,0,158,0,158,0,0,187,0,187,208,0,208,395
03/24/2013,RAL,CA,AWP,WE,Federal Contract Tower,0,0,19,0,19,0,0,106,0,106,0,0,125,0,125,49,0,49,174
03/25/2013,RAL,CA,AWP,WE,Federal Contract Tower,0,0,32,0,32,0,0,104,0,104,0,0,136,0,136,94,0,94,230
03/26/2013,RAL,CA,AWP,WE,Federal Contract Tower,0,0,13,0,13,0,0,82,0,82,0,0,95,0,95,94,0,94,189
03/27/2013,RAL,CA,AWP,WE,Federal Contract Tower,0,4,27,0,31,0,0,72,0,72,0,4,99,0,103,88,0,88,191
03/28/2013,RAL,CA,AWP,WE,Federal Contract Tower,0,0,44,0,44,0,0,120,0,120,0,0,164,0,164,116,0,116,280
03/29/2013,RAL,CA,AWP,WE,Federal Contract Tower,0,0,41,0,41,0,1,103,0,104,0,1,144,0,145,109,0,109,254
03/30/2013,RAL,CA,AWP,WE,Federal Contract Tower,0,0,35,0,35,0,1,106,0,107,0,1,141,0,142,130,0,130,272
03/31/2013,RAL,CA,AWP,WE,Federal Contract Tower,0,0,7,0,7,0,0,45,0,45,0,0,52,0,52,31,0,31,83
04/01/2013,RAL,CA,AWP,WE,Federal Contract Tower,0,0,23,0,23,0,0,81,0,81,0,0,104,0,104,137,0,137,241
04/02/2013,RAL,CA,AWP,WE,Federal Contract Tower,0,3,35,0,38,0,0,117,0,117,0,3,152,0,155,185,0,185,340
04/03/2013,RAL,CA,AWP,WE,Federal Contract Tower,0,1,23,0,24,0,0,120,0,120,0,1,143,0,144,114,0,114,258
04/04/2013,RAL,CA,AWP,WE,Federal Contract Tower,0,0,16,0,16,0,0,56,0,56,0,0,72,0,72,103,5,108,180
04/05/2013,RAL,CA,AWP,WE,Federal Contract Tower,0,0,19,0,19,0,0,123,0,123,0,0,142,0,142,188,0,188,330
04/06/2013,RAL,CA,AWP,WE,Federal Contract Tower,0,0,17,0,17,0,0,48,0,48,0,0,65,0,65,24,0,24,89
04/07/2013,RAL,CA,AWP,WE,Federal Contract Tower,0,0,21,0,21,0,2,51,0,53,0,2,72,0,74,36,0,36,110
04/08/2013,RAL,CA,AWP,WE,Federal Contract Tower,0,0,9,0,9,0,0,24,0,24,0,0,33,0,33,64,0,64,97
04/09/2013,RAL,CA,AWP,WE,Federal Contract Tower,0,0,24,2,26,0,0,74,0,74,0,0,98,2,100,88,0,88,188
04/10/2013,RAL,CA,AWP,WE,Federal Contract Tower,0,0,39,0,39,0,0,84,0,84,0,0,123,0,123,29,0,29,152
04/11/2013,RAL,CA,AWP,WE,Federal Contract Tower,0,0,41,0,41,0,6,138,0,144,0,6,179,0,185,180,0,180,365
04/12/2013,RAL,CA,AWP,WE,Federal Contract Tower,0,0,42,0,42,0,0,120,0,120,0,0,162,0,162,179,0,179,341
04/13/2013,RAL,CA,AWP,WE,Federal Contract Tower,0,0,38,0,38,0,0,67,0,67,0,0,105,0,105,60,0,60,165
04/14/2013,RAL,CA,AWP,WE,Federal Contract Tower,0,0,30,0,30,0,0,73,0,73,0,0,103,0,103,90,0,90,193
04/15/2013,RAL,CA,AWP,WE,Federal Contract Tower,0,0,21,0,21,0,0,61,0,61,0,0,82,0,82,121,0,121,203
04/16/2013,RAL,CA,AWP,WE,Federal Contract Tower,0,0,29,0,29,0,0,115,0,115,0,0,144,0,144,135,0,135,279
04/17/2013,RAL,CA,AWP,WE,Federal Contract Tower,0,1,9,0,10,0,2,63,0,65,0,3,72,0,75,75,0,75,150
04/18/2013,RAL,CA,AWP,WE,Federal Contract Tower,0,0,15,0,15,0,0,54,0,54,0,0,69,0,69,35,0,35,104
04/19/2013,RAL,CA,AWP,WE,Federal Contract Tower,0,0,33,0,33,0,1,106,0,107,0,1,139,0,140,136,0,136,276
04/20/2013,RAL,CA,AWP,WE,Federal Contract Tower,0,0,20,0,20,0,0,141,0,141,0,0,161,0,161,166,0,166,327
04/21/2013,RAL,CA,AWP,WE,Federal Contract Tower,0,0,20,0,20,0,0,106,0,106,0,0,126,0,126,126,0,126,252
04/22/2013,RAL,CA,AWP,WE,Federal Contract Tower,0,0,32,0,32,0,0,80,0,80,0,0,112,0,112,120,0,120,232
04/23/2013,RAL,CA,AWP,WE,Federal Contract Tower,0,2,36,0,38,0,0,96,0,96,0,2,132,0,134,192,0,192,326
04/24/2013,RAL,CA,AWP,WE,Federal Contract Tower,0,0,27,0,27,0,0,76,0,76,0,0,103,0,103,78,0,78,181
04/25/2013,RAL,CA,AWP,WE,Federal Contract Tower,0,0,37,0,37,0,0,75,0,75,0,0,112,0,112,155,0,155,267
04/26/2013,RAL,CA,AWP,WE,Federal Contract Tower,0,0,33,0,33,0,0,111,0,111,0,0,144,0,144,182,0,182,326
04/27/2013,RAL,CA,AWP,WE,Federal Contract Tower,0,0,24,0,24,0,0,141,0,141,0,0,165,0,165,132,0,132,297
04/28/2013,RAL,CA,AWP,WE,Federal Contract Tower,0,0,19,0,19,0,0,98,0,98,0,0,117,0,117,92,0,92,209
04/29/2013,RAL,CA,AWP,WE,Federal Contract Tower,0,0,20,0,20,0,0,70,0,70,0,0,90,0,90,112,0,112,202
04/30/2013,RAL,CA,AWP,WE,Federal Contract Tower,0,0,31,0,31,0,2,68,0,70,0,2,99,0,101,101,0,101,202
05/01/2013,RAL,CA,AWP,WE,Federal Contract Tower,0,0,18,0,18,0,0,86,0,86,0,0,104,0,104,129,0,129,233
05/02/2013,RAL,CA,AWP,WE,Federal Contract Tower,0,0,5,0,5,0,0,38,0,38,0,0,43,0,43,7,0,7,50
05/03/2013,RAL,CA,AWP,WE,Federal Contract Tower,0,0,19,0,19,0,0,110,0,110,0,0,129,0,129,188,0,188,317
05/04/2013,RAL,CA,AWP,WE,Federal Contract Tower,0,1,26,0,27,0,3,114,0,117,0,4,140,0,144,226,0,226,370
05/05/2013,RAL,CA,AWP,WE,Federal Contract Tower,0,0,19,0,19,0,0,66,0,66,0,0,85,0,85,86,0,86,171
05/06/2013,RAL,CA,AWP,WE,Federal Contract Tower,0,31,0,0,31,0,0,20,0,20,0,31,20,0,51,31,0,31,82
05/07/2013,RAL,CA,AWP,WE,Federal Contract Tower,0,0,37,0,37,0,0,46,0,46,0,0,83,0,83,116,0,116,199
05/08/2013,RAL,CA,AWP,WE,Federal Contract Tower,0,2,34,0,36,0,2,82,0,84,0,4,116,0,120,197,0,197,317
05/09/2013,RAL,CA,AWP,WE,Federal Contract Tower,0,1,24,0,25,0,12,83,0,95,0,13,107,0,120,210,0,210,330
05/10/2013,RAL,CA,AWP,WE,Federal Contract Tower,0,2,26,0,28,0,0,107,0,107,0,2,133,0,135,129,0,129,264
05/11/2013,RAL,CA,AWP,WE,Federal Contract Tower,0,0,18,0,18,0,0,157,0,157,0,0,175,0,175,180,0,180,355
05/12/2013,RAL,CA,AWP,WE,Federal Contract Tower,0,1,14,0,15,0,0,73,0,73,0,1,87,0,88,28,0,28,116
05/13/2013,RAL,CA,AWP,WE,Federal Contract Tower,0,0,12,0,12,0,2,68,0,70,0,2,80,0,82,142,0,142,224
05/14/2013,RAL,CA,AWP,WE,Federal Contract Tower,0,2,25,0,27,0,1,91,0,92,0,3,116,0,119,172,0,172,291
05/15/2013,RAL,CA,AWP,WE,Federal Contract Tower,0,0,17,0,17,0,0,96,0,96,0,0,113,0,113,187,0,187,300
05/16/2013,RAL,CA,AWP,WE,Federal Contract Tower,0,0,27,0,27,0,2,103,0,105,0,2,130,0,132,116,0,116,248
05/17/2013,RAL,CA,AWP,WE,Federal Contract Tower,0,1,21,2,24,0,0,64,0,64,0,1,85,2,88,188,0,188,276
05/18/2013,RAL,CA,AWP,WE,Federal Contract Tower,0,1,16,0,17,0,1,125,0,126,0,2,141,0,143,178,0,178,321
05/19/2013,RAL,CA,AWP,WE,Federal Contract Tower,0,0,22,0,22,0,0,102,0,102,0,0,124,0,124,56,0,56,180
05/20/2013,RAL,CA,AWP,WE,Federal Contract Tower,0,0,24,1,25,0,0,107,0,107,0,0,131,1,132,130,10,140,272
05/21/2013,RAL,CA,AWP,WE,Federal Contract Tower,0,0,18,2,20,0,0,70,0,70,0,0,88,2,90,104,0,104,194
05/22/2013,RAL,CA,AWP,WE,Federal Contract Tower,0,0,21,2,23,0,0,86,0,86,0,0,107,2,109,181,0,181,290
05/23/2013,RAL,CA,AWP,WE,Federal Contract Tower,0,2,25,0,27,0,4,87,0,91,0,6,112,0,118,102,1,103,221
05/24/2013,RAL,CA,AWP,WE,Federal Contract Tower,0,0,17,0,17,0,0,92,0,92,0,0,109,0,109,86,0,86,195
05/25/2013,RAL,CA,AWP,WE,Federal Contract Tower,0,0,22,0,22,0,0,101,0,101,0,0,123,0,123,78,0,78,201
05/26/2013,RAL,CA,AWP,WE,Federal Contract Tower,0,0,20,0,20,0,0,60,0,60,0,0,80,0,80,50,0,50,130
05/27/2013,RAL,CA,AWP,WE,Federal Contract Tower,0,1,17,0,18,0,0,101,0,101,0,1,118,0,119,82,0,82,201
05/28/2013,RAL,CA,AWP,WE,Federal Contract Tower,0,0,18,0,18,0,1,77,0,78,0,1,95,0,96,187,0,187,283
05/29/2013,RAL,CA,AWP,WE,Federal Contract Tower,0,0,20,2,22,0,1,87,0,88,0,1,107,2,110,79,0,79,189
05/30/2013,RAL,CA,AWP,WE,Federal Contract Tower,0,0,31,0,31,0,8,95,0,103,0,8,126,0,134,110,0,110,244
05/31/2013,RAL,CA,AWP,WE,Federal Contract Tower,0,3,22,1,26,0,1,97,0,98,0,4,119,1,124,94,0,94,218
06/01/2013,RAL,CA,AWP,WE,Federal Contract Tower,0,0,10,0,10,0,0,76,0,76,0,0,86,0,86,104,0,104,190
06/02/2013,RAL,CA,AWP,WE,Federal Contract Tower,0,1,15,0,16,0,0,80,0,80,0,1,95,0,96,44,0,44,140
06/03/2013,RAL,CA,AWP,WE,Federal Contract Tower,0,3,18,0,21,0,0,77,0,77,0,3,95,0,98,80,0,80,178
06/04/2013,RAL,CA,AWP,WE,Federal Contract Tower,0,0,25,0,25,0,0,70,0,70,0,0,95,0,95,136,0,136,231
06/05/2013,RAL,CA,AWP,WE,Federal Contract Tower,0,0,38,0,38,0,0,75,0,75,0,0,113,0,113,89,0,89,202
06/06/2013,RAL,CA,AWP,WE,Federal Contract Tower,0,0,31,0,31,0,1,72,0,73,0,1,103,0,104,111,0,111,215
06/07/2013,RAL,CA,AWP,WE,Federal Contract Tower,0,1,14,0,15,0,0,63,0,63,0,1,77,0,78,85,0,85,163
06/08/2013,RAL,CA,AWP,WE,Federal Contract Tower,0,2,14,0,16,0,0,99,0,99,0,2,113,0,115,166,0,166,281
06/09/2013,RAL,CA,AWP,WE,Federal Contract Tower,0,2,18,0,20,0,0,64,0,64,0,2,82,0,84,67,0,67,151
06/10/2013,RAL,CA,AWP,WE,Federal Contract Tower,0,6,24,0,30,0,0,83,0,83,0,6,107,0,113,53,0,53,166
06/11/2013,RAL,CA,AWP,WE,Federal Contract Tower,0,0,31,0,31,0,2,78,0,80,0,2,109,0,111,130,0,130,241
06/12/2013,RAL,CA,AWP,WE,Federal Contract Tower,0,0,32,4,36,0,0,59,0,59,0,0,91,4,95,184,0,184,279
06/13/2013,RAL,CA,AWP,WE,Federal Contract Tower,0,0,32,2,34,0,0,102,2,104,0,0,134,4,138,206,2,208,346
06/14/2013,RAL,CA,AWP,WE,Federal Contract Tower,0,0,27,0,27,0,2,84,0,86,0,2,111,0,113,122,0,122,235
06/15/2013,RAL,CA,AWP,WE,Federal Contract Tower,0,0,14,0,14,0,0,107,0,107,0,0,121,0,121,125,0,125,246
06/16/2013,RAL,CA,AWP,WE,Federal Contract Tower,0,0,7,0,7,0,0,77,0,77,0,0,84,0,84,24,0,24,108
06/17/2013,RAL,CA,AWP,WE,Federal Contract Tower,0,0,24,0,24,0,3,70,0,73,0,3,94,0,97,137,0,137,234
06/18/2013,RAL,CA,AWP,WE,Federal Contract Tower,0,0,15,1,16,0,0,98,0,98,0,0,113,1,114,162,0,162,276
06/19/2013,RAL,CA,AWP,WE,Federal Contract Tower,0,0,29,0,29,0,0,110,0,110,0,0,139,0,139,170,0,170,309
06/20/2013,RAL,CA,AWP,WE,Federal Contract Tower,0,0,35,1,36,0,0,97,0,97,0,0,132,1,133,156,0,156,289
06/21/2013,RAL,CA,AWP,WE,Federal Contract Tower,0,6,34,0,40,0,0,109,0,109,0,6,143,0,149,108,0,108,257
06/22/2013,RAL,CA,AWP,WE,Federal Contract Tower,0,0,15,0,15,0,0,176,0,176,0,0,191,0,191,151,0,151,342
06/23/2013,RAL,CA,AWP,WE,Federal Contract Tower,0,0,14,0,14,0,2,69,0,71,0,2,83,0,85,72,0,72,157
06/24/2013,RAL,CA,AWP,WE,Federal Contract Tower,0,0,16,0,16,0,2,66,0,68,0,2,82,0,84,100,0,100,184
06/25/2013,RAL,CA,AWP,WE,Federal Contract Tower,0,0,42,0,42,0,0,90,4,94,0,0,132,4,136,170,0,170,306
06/26/2013,RAL,CA,AWP,WE,Federal Contract Tower,0,3,41,0,44,0,0,105,0,105,0,3,146,0,149,164,1,165,314
06/27/2013,RAL,CA,AWP,WE,Federal Contract Tower,0,0,27,3,30,0,0,101,3,104,0,0,128,6,134,166,0,166,300
06/28/2013,RAL,CA,AWP,WE,Federal Contract Tower,0,0,39,0,39,0,0,101,0,101,0,0,140,0,140,104,0,104,244
06/29/2013,RAL,CA,AWP,WE,Federal Contract Tower,0,0,19,0,19,0,0,116,0,116,0,0,135,0,135,95,0,95,230
06/30/2013,RAL,CA,AWP,WE,Federal Contract Tower,0,0,23,0,23,0,1,41,0,42,0,1,64,0,65,77,0,77,142
07/01/2013,RAL,CA,AWP,WE,Federal Contract Tower,0,0,30,0,30,0,0,87,0,87,0,0,117,0,117,132,0,132,249
07/02/2013,RAL,CA,AWP,WE,Federal Contract Tower,0,0,31,0,31,0,0,90,0,90,0,0,121,0,121,178,0,178,299
07/03/2013,RAL,CA,AWP,WE,Federal Contract Tower,0,0,29,0,29,0,0,112,1,113,0,0,141,1,142,166,0,166,308
07/04/2013,RAL,CA,AWP,WE,Federal Contract Tower,0,0,16,0,16,0,0,57,0,57,0,0,73,0,73,116,0,116,189
07/05/2013,RAL,CA,AWP,WE,Federal Contract Tower,0,0,34,0,34,0,0,86,0,86,0,0,120,0,120,72,0,72,192
07/06/2013,RAL,CA,AWP,WE,Federal Contract Tower,96,0,20,0,116,0,0,89,0,89,96,0,109,0,205,86,0,86,291
07/07/2013,RAL,CA,AWP,WE,Federal Contract Tower,0,0,22,0,22,0,0,80,0,80,0,0,102,0,102,131,0,131,233
07/08/2013,RAL,CA,AWP,WE,Federal Contract Tower,0,3,50,0,53,0,0,86,0,86,0,3,136,0,139,178,0,178,317
07/09/2013,RAL,CA,AWP,WE,Federal Contract Tower,0,0,19,0,19,0,0,83,0,83,0,0,102,0,102,134,0,134,236
07/10/2013,RAL,CA,AWP,WE,Federal Contract Tower,0,0,25,0,25,0,0,124,0,124,0,0,149,0,149,290,0,290,439
07/11/2013,RAL,CA,AWP,WE,Federal Contract Tower,0,2,20,0,22,0,0,90,0,90,0,2,110,0,112,305,0,305,417
07/12/2013,RAL,CA,AWP,WE,Federal Contract Tower,0,0,37,0,37,0,0,122,0,122,0,0,159,0,159,122,0,122,281
07/13/2013,RAL,CA,AWP,WE,Federal Contract Tower,0,0,21,0,21,0,1,127,0,128,0,1,148,0,149,158,0,158,307
07/14/2013,RAL,CA,AWP,WE,Federal Contract Tower,0,0,21,0,21,0,0,94,0,94,0,0,115,0,115,172,0,172,287
07/15/2013,RAL,CA,AWP,WE,Federal Contract Tower,0,0,33,0,33,0,0,83,0,83,0,0,116,0,116,176,0,176,292
07/16/2013,RAL,CA,AWP,WE,Federal Contract Tower,0,0,40,0,40,0,0,101,1,102,0,0,141,1,142,157,0,157,299
07/17/2013,RAL,CA,AWP,WE,Federal Contract Tower,0,1,33,0,34,0,0,101,0,101,0,1,134,0,135,172,0,172,307
07/18/2013,RAL,CA,AWP,WE,Federal Contract Tower,0,0,35,0,35,0,3,97,0,100,0,3,132,0,135,190,0,190,325
07/19/2013,RAL,CA,AWP,WE,Federal Contract Tower,0,0,23,0,23,0,0,88,0,88,0,0,111,0,111,226,0,226,337
07/20/2013,RAL,CA,AWP,WE,Federal Contract Tower,0,0,22,0,22,0,0,115,0,115,0,0,137,0,137,88,0,88,225
07/21/2013,RAL,CA,AWP,WE,Federal Contract Tower,0,0,21,0,21,0,0,66,0,66,0,0,87,0,87,122,0,122,209
07/22/2013,RAL,CA,AWP,WE,Federal Contract Tower,0,0,24,0,24,0,0,92,0,92,0,0,116,0,116,118,0,118,234
07/23/2013,RAL,CA,AWP,WE,Federal Contract Tower,0,0,27,0,27,0,0,94,0,94,0,0,121,0,121,146,0,146,267
07/24/2013,RAL,CA,AWP,WE,Federal Contract Tower,0,0,34,0,34,0,0,85,0,85,0,0,119,0,119,134,0,134,253
07/25/2013,RAL,CA,AWP,WE,Federal Contract Tower,0,0,17,0,17,0,0,115,0,115,0,0,132,0,132,130,0,130,262
07/26/2013,RAL,CA,AWP,WE,Federal Contract Tower,0,0,44,0,44,0,0,97,0,97,0,0,141,0,141,104,0,104,245
07/27/2013,RAL,CA,AWP,WE,Federal Contract Tower,0,0,23,0,23,0,5,132,0,137,0,5,155,0,160,196,0,196,356
07/28/2013,RAL,CA,AWP,WE,Federal Contract Tower,0,6,25,0,31,0,1,68,0,69,0,7,93,0,100,58,0,58,158
07/29/2013,RAL,CA,AWP,WE,Federal Contract Tower,0,0,35,0,35,0,0,120,0,120,0,0,155,0,155,111,0,111,266
07/30/2013,RAL,CA,AWP,WE,Federal Contract Tower,0,0,27,0,27,0,0,96,0,96,0,0,123,0,123,177,0,177,300
07/31/2013,RAL,CA,AWP,WE,Federal Contract Tower,0,0,19,0,19,0,0,62,0,62,0,0,81,0,81,130,0,130,211
08/01/2013,RAL,CA,AWP,WE,Federal Contract Tower,0,0,36,0,36,0,1,85,0,86,0,1,121,0,122,116,0,116,238
08/02/2013,RAL,CA,AWP,WE,Federal Contract Tower,0,0,22,0,22,0,0,93,0,93,0,0,115,0,115,144,0,144,259
08/03/2013,RAL,CA,AWP,WE,Federal Contract Tower,0,0,23,0,23,0,3,82,0,85,0,3,105,0,108,101,0,101,209
08/04/2013,RAL,CA,AWP,WE,Federal Contract Tower,0,0,17,0,17,0,0,117,0,117,0,0,134,0,134,86,0,86,220
08/05/2013,RAL,CA,AWP,WE,Federal Contract Tower,0,0,11,0,11,0,0,100,0,100,0,0,111,0,111,123,0,123,234
08/06/2013,RAL,CA,AWP,WE,Federal Contract Tower,0,0,27,0,27,0,3,67,0,70,0,3,94,0,97,149,0,149,246
08/07/2013,RAL,CA,AWP,WE,Federal Contract Tower,0,0,58,0,58,0,0,86,0,86,0,0,144,0,144,166,0,166,310
08/08/2013,RAL,CA,AWP,WE,Federal Contract Tower,0,0,53,2,55,0,0,95,1,96,0,0,148,3,151,224,0,224,375
08/09/2013,RAL,CA,AWP,WE,Federal Contract Tower,0,0,43,0,43,0,0,121,0,121,0,0,164,0,164,160,0,160,324
08/10/2013,RAL,CA,AWP,WE,Federal Contract Tower,0,0,43,0,43,0,4,119,0,123,0,4,162,0,166,153,0,153,319
08/11/2013,RAL,CA,AWP,WE,Federal Contract Tower,0,0,17,0,17,0,0,88,0,88,0,0,105,0,105,98,0,98,203
08/12/2013,RAL,CA,AWP,WE,Federal Contract Tower,0,0,26,0,26,0,0,105,0,105,0,0,131,0,131,144,0,144,275
08/13/2013,RAL,CA,AWP,WE,Federal Contract Tower,0,2,38,0,40,0,0,84,0,84,0,2,122,0,124,160,0,160,284
08/14/2013,RAL,CA,AWP,WE,Federal Contract Tower,0,0,41,0,41,0,0,102,0,102,0,0,143,0,143,157,0,157,300
08/15/2013,RAL,CA,AWP,WE,Federal Contract Tower,0,0,53,0,53,0,0,103,0,103,0,0,156,0,156,162,0,162,318
08/16/2013,RAL,CA,AWP,WE,Federal Contract Tower,0,1,37,0,38,0,0,120,0,120,0,1,157,0,158,82,0,82,240
08/17/2013,RAL,CA,AWP,WE,Federal Contract Tower,0,0,30,0,30,0,0,137,0,137,0,0,167,0,167,64,0,64,231
08/18/2013,RAL,CA,AWP,WE,Federal Contract Tower,0,0,13,0,13,0,0,83,0,83,0,0,96,0,96,62,0,62,158
08/19/2013,RAL,CA,AWP,WE,Federal Contract Tower,0,0,13,0,13,0,0,71,0,71,0,0,84,0,84,142,0,142,226
08/20/2013,RAL,CA,AWP,WE,Federal Contract Tower,0,3,32,2,37,0,5,120,0,125,0,8,152,2,162,130,0,130,292
08/21/2013,RAL,CA,AWP,WE,Federal Contract Tower,0,0,43,0,43,0,0,109,0,109,0,0,152,0,152,153,0,153,305
08/22/2013,RAL,CA,AWP,WE,Federal Contract Tower,0,0,43,0,43,0,0,110,0,110,0,0,153,0,153,87,0,87,240
08/23/2013,RAL,CA,AWP,WE,Federal Contract Tower,0,0,37,0,37,0,0,137,0,137,0,0,174,0,174,156,0,156,330
08/24/2013,RAL,CA,AWP,WE,Federal Contract Tower,0,0,17,0,17,0,0,151,0,151,0,0,168,0,168,74,0,74,242
08/25/2013,RAL,CA,AWP,WE,Federal Contract Tower,0,0,15,0,15,0,0,124,0,124,0,0,139,0,139,37,0,37,176
08/26/2013,RAL,CA,AWP,WE,Federal Contract Tower,0,0,27,0,27,0,0,127,0,127,0,0,154,0,154,127,0,127,281
08/27/2013,RAL,CA,AWP,WE,Federal Contract Tower,0,0,33,0,33,0,0,90,0,90,0,0,123,0,123,129,0,129,252
08/28/2013,RAL,CA,AWP,WE,Federal Contract Tower,0,0,53,2,55,0,4,114,2,120,0,4,167,4,175,235,0,235,410
08/29/2013,RAL,CA,AWP,WE,Federal Contract Tower,0,1,17,0,18,0,4,97,0,101,0,5,114,0,119,95,0,95,214
08/30/2013,RAL,CA,AWP,WE,Federal Contract Tower,0,0,16,0,16,0,0,101,0,101,0,0,117,0,117,92,0,92,209
08/31/2013,RAL,CA,AWP,WE,Federal Contract Tower,0,0,13,0,13,0,1,113,0,114,0,1,126,0,127,218,0,218,345
09/01/2013,RAL,CA,AWP,WE,Federal Contract Tower,0,0,21,0,21,0,0,60,0,60,0,0,81,0,81,128,0,128,209
09/02/2013,RAL,CA,AWP,WE,Federal Contract Tower,0,0,22,0,22,0,0,76,0,76,0,0,98,0,98,52,0,52,150
09/03/2013,RAL,CA,AWP,WE,Federal Contract Tower,0,0,26,0,26,0,0,70,0,70,0,0,96,0,96,195,0,195,291
09/04/2013,RAL,CA,AWP,WE,Federal Contract Tower,0,0,22,0,22,0,4,92,0,96,0,4,114,0,118,87,0,87,205
09/05/2013,RAL,CA,AWP,WE,Federal Contract Tower,0,0,25,0,25,0,2,106,1,109,0,2,131,1,134,55,0,55,189
09/06/2013,RAL,CA,AWP,WE,Federal Contract Tower,0,0,17,0,17,0,0,105,0,105,0,0,122,0,122,152,0,152,274
09/07/2013,RAL,CA,AWP,WE,Federal Contract Tower,0,0,20,0,20,0,0,85,0,85,0,0,105,0,105,144,0,144,249
09/08/2013,RAL,CA,AWP,WE,Federal Contract Tower,0,0,24,0,24,0,0,95,0,95,0,0,119,0,119,114,0,114,233
09/09/2013,RAL,CA,AWP,WE,Federal Contract Tower,0,35,0,0,35,0,120,0,0,120,0,155,0,0,155,188,0,188,343
09/10/2013,RAL,CA,AWP,WE,Federal Contract Tower,0,1,37,0,38,0,0,115,0,115,0,1,152,0,153,204,0,204,357
09/11/2013,RAL,CA,AWP,WE,Federal Contract Tower,0,1,33,0,34,0,2,139,0,141,0,3,172,0,175,198,0,198,373
09/12/2013,RAL,CA,AWP,WE,Federal Contract Tower,0,0,19,0,19,0,4,131,0,135,0,4,150,0,154,119,0,119,273
09/13/2013,RAL,CA,AWP,WE,Federal Contract Tower,0,0,28,2,30,0,0,123,0,123,0,0,151,2,153,178,0,178,331
09/14/2013,RAL,CA,AWP,WE,Federal Contract Tower,0,0,30,0,30,0,2,133,0,135,0,2,163,0,165,118,0,118,283
09/15/2013,RAL,CA,AWP,WE,Federal Contract Tower,0,0,17,0,17,0,1,64,0,65,0,1,81,0,82,27,0,27,109
09/16/2013,RAL,CA,AWP,WE,Federal Contract Tower,0,0,18,0,18,0,0,114,0,114,0,0,132,0,132,96,0,96,228
09/17/2013,RAL,CA,AWP,WE,Federal Contract Tower,0,0,28,0,28,0,0,93,0,93,0,0,121,0,121,134,0,134,255
09/18/2013,RAL,CA,AWP,WE,Federal Contract Tower,0,0,27,0,27,0,0,85,0,85,0,0,112,0,112,48,0,48,160
09/19/2013,RAL,CA,AWP,WE,Federal Contract Tower,0,0,18,0,18,0,0,90,0,90,0,0,108,0,108,39,0,39,147
09/20/2013,RAL,CA,AWP,WE,Federal Contract Tower,0,0,44,0,44,0,0,74,0,74,0,0,118,0,118,84,0,84,202
09/21/2013,RAL,CA,AWP,WE,Federal Contract Tower,0,0,26,0,26,0,3,115,0,118,0,3,141,0,144,102,0,102,246
09/22/2013,RAL,CA,AWP,WE,Federal Contract Tower,0,0,14,0,14,0,5,82,0,87,0,5,96,0,101,74,0,74,175
09/23/2013,RAL,CA,AWP,WE,Federal Contract Tower,0,0,28,2,30,0,2,102,2,106,0,2,130,4,136,102,0,102,238
09/24/2013,RAL,CA,AWP,WE,Federal Contract Tower,0,4,43,0,47,0,4,134,0,138,0,8,177,0,185,165,0,165,350
09/25/2013,RAL,CA,AWP,WE,Federal Contract Tower,0,0,39,2,41,0,2,101,0,103,0,2,140,2,144,105,0,105,249
09/26/2013,RAL,CA,AWP,WE,Federal Contract Tower,0,0,16,0,16,0,0,94,0,94,0,0,110,0,110,92,0,92,202
09/27/2013,RAL,CA,AWP,WE,Federal Contract Tower,0,0,12,0,12,0,0,77,0,77,0,0,89,0,89,57,0,57,146
09/28/2013,RAL,CA,AWP,WE,Federal Contract Tower,0,0,32,0,32,0,0,133,0,133,0,0,165,0,165,148,0,148,313
09/29/2013,RAL,CA,AWP,WE,Federal Contract Tower,0,1,24,0,25,0,0,85,0,85,0,1,109,0,110,76,0,76,186
09/30/2013,RAL,CA,AWP,WE,Federal Contract Tower,0,0,29,0,29,0,0,96,0,96,0,0,125,0,125,154,0,154,279
10/01/2013,RAL,CA,AWP,WE,Federal Contract Tower,0,0,39,0,39,0,0,116,0,116,0,0,155,0,155,194,0,194,349
10/02/2013,RAL,CA,AWP,WE,Federal Contract Tower,0,0,14,0,14,0,0,69,0,69,0,0,83,0,83,149,0,149,232
10/03/2013,RAL,CA,AWP,WE,Federal Contract Tower,0,0,19,0,19,0,0,95,0,95,0,0,114,0,114,215,0,215,329
10/04/2013,RAL,CA,AWP,WE,Federal Contract Tower,0,0,4,0,4,0,0,10,0,10,0,0,14,0,14,18,0,18,32
10/05/2013,RAL,CA,AWP,WE,Federal Contract Tower,0,0,7,0,7,0,0,33,0,33,0,0,40,0,40,18,0,18,58
10/06/2013,RAL,CA,AWP,WE,Federal Contract Tower,0,0,10,0,10,0,0,80,0,80,0,0,90,0,90,116,0,116,206
10/07/2013,RAL,CA,AWP,WE,Federal Contract Tower,0,0,28,0,28,0,0,123,0,123,0,0,151,0,151,150,0,150,301
10/08/2013,RAL,CA,AWP,WE,Federal Contract Tower,0,0,19,0,19,0,0,147,0,147,0,0,166,0,166,218,0,218,384
10/09/2013,RAL,CA,AWP,WE,Federal Contract Tower,0,0,6,0,6,0,0,38,0,38,0,0,44,0,44,150,0,150,194
10/10/2013,RAL,CA,AWP,WE,Federal Contract Tower,0,0,34,0,34,0,1,129,0,130,0,1,163,0,164,206,0,206,370
10/11/2013,RAL,CA,AWP,WE,Federal Contract Tower,0,0,27,0,27,0,15,118,0,133,0,15,145,0,160,201,0,201,361
10/12/2013,RAL,CA,AWP,WE,Federal Contract Tower,0,0,25,0,25,0,0,130,0,130,0,0,155,0,155,174,0,174,329
10/13/2013,RAL,CA,AWP,WE,Federal Contract Tower,0,0,13,0,13,0,0,55,0,55,0,0,68,0,68,82,0,82,150
10/14/2013,RAL,CA,AWP,WE,Federal Contract Tower,0,0,31,0,31,0,0,105,0,105,0,0,136,0,136,166,0,166,302
10/15/2013,RAL,CA,AWP,WE,Federal Contract Tower,0,0,24,0,24,0,2,114,0,116,0,2,138,0,140,216,0,216,356
10/16/2013,RAL,CA,AWP,WE,Federal Contract Tower,0,0,21,0,21,0,5,122,0,127,0,5,143,0,148,153,0,153,301
10/17/2013,RAL,CA,AWP,WE,Federal Contract Tower,0,0,28,0,28,0,3,129,0,132,0,3,157,0,160,225,0,225,385
10/18/2013,RAL,CA,AWP,WE,Federal Contract Tower,0,0,24,0,24,0,0,146,0,146,0,0,170,0,170,245,0,245,415
10/19/2013,RAL,CA,AWP,WE,Federal Contract Tower,0,0,23,0,23,0,3,103,0,106,0,3,126,0,129,238,0,238,367
10/20/2013,RAL,CA,AWP,WE,Federal Contract Tower,0,0,30,0,30,0,0,113,0,113,0,0,143,0,143,104,0,104,247
10/21/2013,RAL,CA,AWP,WE,Federal Contract Tower,0,0,18,0,18,0,0,115,0,115,0,0,133,0,133,132,0,132,265
10/22/2013,RAL,CA,AWP,WE,Federal Contract Tower,0,0,26,0,26,0,1,120,0,121,0,1,146,0,147,274,0,274,421
10/23/2013,RAL,CA,AWP,WE,Federal Contract Tower,0,0,18,0,18,0,0,55,0,55,0,0,73,0,73,136,0,136,209
10/24/2013,RAL,CA,AWP,WE,Federal Contract Tower,0,0,19,2,21,0,0,44,0,44,0,0,63,2,65,175,0,175,240
10/25/2013,RAL,CA,AWP,WE,Federal Contract Tower,0,0,33,0,33,0,0,55,0,55,0,0,88,0,88,92,0,92,180
10/26/2013,RAL,CA,AWP,WE,Federal Contract Tower,0,0,24,0,24,0,0,137,2,139,0,0,161,2,163,176,0,176,339
10/27/2013,RAL,CA,AWP,WE,Federal Contract Tower,0,0,10,0,10,0,0,82,0,82,0,0,92,0,92,96,0,96,188
10/28/2013,RAL,CA,AWP,WE,Federal Contract Tower,0,0,12,0,12,0,0,47,0,47,0,0,59,0,59,84,0,84,143
10/29/2013,RAL,CA,AWP,WE,Federal Contract Tower,0,0,37,0,37,0,0,121,0,121,0,0,158,0,158,328,0,328,486
10/30/2013,RAL,CA,AWP,WE,Federal Contract Tower,0,0,32,0,32,0,0,177,0,177,0,0,209,0,209,254,0,254,463
10/31/2013,RAL,CA,AWP,WE,Federal Contract Tower,0,0,22,6,28,0,0,146,4,150,0,0,168,10,178,216,4,220,398
11/01/2013,RAL,CA,AWP,WE,Federal Contract Tower,0,0,23,0,23,0,0,169,0,169,0,0,192,0,192,192,0,192,384
11/02/2013,RAL,CA,AWP,WE,Federal Contract Tower,0,0,18,0,18,0,0,102,0,102,0,0,120,0,120,204,0,204,324
11/03/2013,RAL,CA,AWP,WE,Federal Contract Tower,0,0,21,0,21,0,0,52,0,52,0,0,73,0,73,45,0,45,118
11/04/2013,RAL,CA,AWP,WE,Federal Contract Tower,0,0,30,0,30,0,3,73,3,79,0,3,103,3,109,234,0,234,343
11/05/2013,RAL,CA,AWP,WE,Federal Contract Tower,0,0,16,0,16,0,0,73,0,73,0,0,89,0,89,66,0,66,155
11/06/2013,RAL,CA,AWP,WE,Federal Contract Tower,0,0,37,0,37,0,1,136,0,137,0,1,173,0,174,198,0,198,372
11/07/2013,RAL,CA,AWP,WE,Federal Contract Tower,0,0,38,0,38,0,0,155,0,155,0,0,193,0,193,320,0,320,513
11/08/2013,RAL,CA,AWP,WE,Federal Contract Tower,0,1,33,0,34,0,2,155,0,157,0,3,188,0,191,250,0,250,441
11/09/2013,RAL,CA,AWP,WE,Federal Contract Tower,0,0,25,0,25,0,0,172,10,182,0,0,197,10,207,218,12,230,437
11/10/2013,RAL,CA,AWP,WE,Federal Contract Tower,0,0,15,0,15,0,0,72,0,72,0,0,87,0,87,38,0,38,125
11/11/2013,RAL,CA,AWP,WE,Federal Contract Tower,0,2,15,0,17,0,0,98,0,98,0,2,113,0,115,187,0,187,302
11/12/2013,RAL,CA,AWP,WE,Federal Contract Tower,0,2,25,3,30,0,0,144,0,144,0,2,169,3,174,190,0,190,364
11/13/2013,RAL,CA,AWP,WE,Federal Contract Tower,0,0,18,1,19,0,0,144,0,144,0,0,162,1,163,204,2,206,369
11/14/2013,RAL,CA,AWP,WE,Federal Contract Tower,0,0,56,0,56,0,0,209,1,210,0,0,265,1,266,152,0,152,418
11/15/2013,RAL,CA,AWP,WE,Federal Contract Tower,0,0,25,0,25,0,2,115,0,117,0,2,140,0,142,224,10,234,376
11/16/2013,RAL,CA,AWP,WE,Federal Contract Tower,0,0,20,2,22,0,0,72,0,72,0,0,92,2,94,93,0,93,187
11/17/2013,RAL,CA,AWP,WE,Federal Contract Tower,0,0,28,0,28,0,0,113,0,113,0,0,141,0,141,47,0,47,188
11/18/2013,RAL,CA,AWP,WE,Federal Contract Tower,1,0,29,0,30,2,1,146,0,149,3,1,175,0,179,252,0,252,431
11/19/2013,RAL,CA,AWP,WE,Federal Contract Tower,0,0,22,0,22,0,0,90,0,90,0,0,112,0,112,275,0,275,387
11/20/2013,RAL,CA,AWP,WE,Federal Contract Tower,0,0,22,0,22,0,0,107,0,107,0,0,129,0,129,146,0,146,275
11/21/2013,RAL,CA,AWP,WE,Federal Contract Tower,0,0,17,1,18,0,1,24,2,27,0,1,41,3,45,16,0,16,61
11/22/2013,RAL,CA,AWP,WE,Federal Contract Tower,0,0,9,0,9,0,0,28,0,28,0,0,37,0,37,22,0,22,59
11/23/2013,RAL,CA,AWP,WE,Federal Contract Tower,0,0,24,0,24,0,0,110,0,110,0,0,134,0,134,41,0,41,175
11/24/2013,RAL,CA,AWP,WE,Federal Contract Tower,0,0,12,0,12,0,5,134,0,139,0,5,146,0,151,99,0,99,250
11/25/2013,RAL,CA,AWP,WE,Federal Contract Tower,0,1,37,0,38,0,0,169,3,172,0,1,206,3,210,200,0,200,410
11/26/2013,RAL,CA,AWP,WE,Federal Contract Tower,0,0,45,0,45,0,2,151,1,154,0,2,196,1,199,196,2,198,397
11/27/2013,RAL,CA,AWP,WE,Federal Contract Tower,0,0,29,0,29,0,0,141,0,141,0,0,170,0,170,140,0,140,310
11/28/2013,RAL,CA,AWP,WE,Federal Contract Tower,0,2,5,0,7,0,1,38,0,39,0,3,43,0,46,42,0,42,88
11/29/2013,RAL,CA,AWP,WE,Federal Contract Tower,0,0,14,2,16,0,0,57,0,57,0,0,71,2,73,34,0,34,107
11/30/2013,RAL,CA,AWP,WE,Federal Contract Tower,0,0,13,0,13,0,0,187,0,187,0,0,200,0,200,238,0,238,438
12/01/2013,RAL,CA,AWP,WE,Federal Contract Tower,0,2,16,0,18,0,0,101,0,101,0,2,117,0,119,71,0,71,190
12/02/2013,RAL,CA,AWP,WE,Federal Contract Tower,0,0,23,0,23,0,3,153,0,156,0,3,176,0,179,235,0,235,414
12/03/2013,RAL,CA,AWP,WE,Federal Contract Tower,0,1,18,0,19,0,4,88,0,92,0,5,106,0,111,220,0,220,331
12/04/2013,RAL,CA,AWP,WE,Federal Contract Tower,0,0,40,0,40,0,0,132,0,132,0,0,172,0,172,92,0,92,264
12/05/2013,RAL,CA,AWP,WE,Federal Contract Tower,0,0,33,2,35,0,0,143,0,143,0,0,176,2,178,232,0,232,410
12/06/2013,RAL,CA,AWP,WE,Federal Contract Tower,0,0,41,0,41,0,0,135,0,135,0,0,176,0,176,250,0,250,426
12/07/2013,RAL,CA,AWP,WE,Federal Contract Tower,0,0,10,0,10,0,0,23,0,23,0,0,33,0,33,30,0,30,63
12/08/2013,RAL,CA,AWP,WE,Federal Contract Tower,0,0,12,0,12,0,0,69,0,69,0,0,81,0,81,94,0,94,175
12/09/2013,RAL,CA,AWP,WE,Federal Contract Tower,0,0,5,2,7,0,0,26,0,26,0,0,31,2,33,12,0,12,45
12/10/2013,RAL,CA,AWP,WE,Federal Contract Tower,0,2,24,2,28,0,0,103,3,106,0,2,127,5,134,103,3,106,240
12/11/2013,RAL,CA,AWP,WE,Federal Contract Tower,0,1,44,0,45,0,0,81,0,81,0,1,125,0,126,76,0,76,202
12/12/2013,RAL,CA,AWP,WE,Federal Contract Tower,0,0,26,0,26,0,5,181,0,186,0,5,207,0,212,196,0,196,408
12/13/2013,RAL,CA,AWP,WE,Federal Contract Tower,0,0,25,0,25,0,8,137,0,145,0,8,162,0,170,248,0,248,418
12/14/2013,RAL,CA,AWP,WE,Federal Contract Tower,0,0,24,0,24,0,1,76,0,77,0,1,100,0,101,56,0,56,157
12/15/2013,RAL,CA,AWP,WE,Federal Contract Tower,0,0,15,0,15,0,0,74,0,74,0,0,89,0,89,132,0,132,221
12/16/2013,RAL,CA,AWP,WE,Federal Contract Tower,0,0,26,2,28,0,0,121,0,121,0,0,147,2,149,160,0,160,309
12/17/2013,RAL,CA,AWP,WE,Federal Contract Tower,0,0,29,2,31,0,13,162,0,175,0,13,191,2,206,177,0,177,383
12/18/2013,RAL,CA,AWP,WE,Federal Contract Tower,0,1,45,0,46,0,7,157,0,164,0,8,202,0,210,178,0,178,388
12/19/2013,RAL,CA,AWP,WE,Federal Contract Tower,0,0,12,1,13,0,0,37,1,38,0,0,49,2,51,60,0,60,111
12/20/2013,RAL,CA,AWP,WE,Federal Contract Tower,0,1,23,6,30,0,0,153,0,153,0,1,176,6,183,206,0,206,389
12/21/2013,RAL,CA,AWP,WE,Federal Contract Tower,0,0,18,0,18,0,4,160,0,164,0,4,178,0,182,169,0,169,351
12/22/2013,RAL,CA,AWP,WE,Federal Contract Tower,0,0,19,0,19,0,5,97,0,102,0,5,116,0,121,113,0,113,234
12/23/2013,RAL,CA,AWP,WE,Federal Contract Tower,0,1,20,0,21,0,11,125,1,137,0,12,145,1,158,254,0,254,412
12/24/2013,RAL,CA,AWP,WE,Federal Contract Tower,0,0,18,0,18,0,4,54,0,58,0,4,72,0,76,32,0,32,108
12/25/2013,RAL,CA,AWP,WE,Federal Contract Tower,0,0,2,0,2,0,0,14,0,14,0,0,16,0,16,76,0,76,92
12/26/2013,RAL,CA,AWP,WE,Federal Contract Tower,0,0,11,0,11,0,3,63,0,66,0,3,74,0,77,45,0,45,122
12/27/2013,RAL,CA,AWP,WE,Federal Contract Tower,0,1,25,2,28,0,6,155,2,163,0,7,180,4,191,196,0,196,387
12/28/2013,RAL,CA,AWP,WE,Federal Contract Tower,0,0,15,1,16,0,14,92,1,107,0,14,107,2,123,145,0,145,268
12/29/2013,RAL,CA,AWP,WE,Federal Contract Tower,0,0,14,0,14,0,7,24,0,31,0,7,38,0,45,0,0,0,45
12/30/2013,RAL,CA,AWP,WE,Federal Contract Tower,0,0,14,0,14,0,8,94,0,102,0,8,108,0,116,169,0,169,285
12/31/2013,RAL,CA,AWP,WE,Federal Contract Tower,0,4,12,2,18,0,2,47,1,50,0,6,59,3,68,91,0,91,159
01/01/2014,RAL,CA,AWP,WE,Federal Contract Tower,0,0,4,0,4,0,0,54,0,54,0,0,58,0,58,37,0,37,95
01/02/2014,RAL,CA,AWP,WE,Federal Contract Tower,0,0,39,0,39,0,0,150,0,150,0,0,189,0,189,167,0,167,356
01/03/2014,RAL,CA,AWP,WE,Federal Contract Tower,0,0,9,0,9,0,0,126,0,126,0,0,135,0,135,119,0,119,254
01/04/2014,RAL,CA,AWP,WE,Federal Contract Tower,0,1,25,1,27,0,1,160,4,165,0,2,185,5,192,132,0,132,324
01/05/2014,RAL,CA,AWP,WE,Federal Contract Tower,0,0,21,1,22,0,7,54,1,62,0,7,75,2,84,66,2,68,152
01/06/2014,RAL,CA,AWP,WE,Federal Contract Tower,0,0,19,0,19,0,0,103,0,103,0,0,122,0,122,68,0,68,190
01/07/2014,RAL,CA,AWP,WE,Federal Contract Tower,0,0,27,0,27,0,17,164,0,181,0,17,191,0,208,245,0,245,453
01/08/2014,RAL,CA,AWP,WE,Federal Contract Tower,0,0,22,0,22,0,9,111,0,120,0,9,133,0,142,214,0,214,356
01/09/2014,RAL,CA,AWP,WE,Federal Contract Tower,0,0,43,0,43,0,12,59,0,71,0,12,102,0,114,264,0,264,378
01/10/2014,RAL,CA,AWP,WE,Federal Contract Tower,0,0,31,0,31,0,6,124,0,130,0,6,155,0,161,195,0,195,356
01/11/2014,RAL,CA,AWP,WE,Federal Contract Tower,0,0,28,0,28,0,1,160,1,162,0,1,188,1,190,201,0,201,391
01/12/2014,RAL,CA,AWP,WE,Federal Contract Tower,0,0,14,0,14,0,0,55,0,55,0,0,69,0,69,42,0,42,111
01/13/2014,RAL,CA,AWP,WE,Federal Contract Tower,0,0,19,0,19,0,1,57,0,58,0,1,76,0,77,64,0,64,141
01/14/2014,RAL,CA,AWP,WE,Federal Contract Tower,0,0,9,1,10,0,7,34,0,41,0,7,43,1,51,53,0,53,104
01/15/2014,RAL,CA,AWP,WE,Federal Contract Tower,0,0,18,0,18,0,6,79,0,85,0,6,97,0,103,57,0,57,160
01/16/2014,RAL,CA,AWP,WE,Federal Contract Tower,0,1,36,1,38,0,12,55,2,69,0,13,91,3,107,63,0,63,170
01/17/2014,RAL,CA,AWP,WE,Federal Contract Tower,0,0,48,0,48,0,2,139,0,141,0,2,187,0,189,173,0,173,362
01/18/2014,RAL,CA,AWP,WE,Federal Contract Tower,0,0,38,1,39,0,0,125,4,129,0,0,163,5,168,210,0,210,378
01/19/2014,RAL,CA,AWP,WE,Federal Contract Tower,0,0,33,0,33,0,0,126,5,131,0,0,159,5,164,152,0,152,316
01/20/2014,RAL,CA,AWP,WE,Federal Contract Tower,0,1,42,0,43,0,3,132,0,135,0,4,174,0,178,198,0,198,376
01/21/2014,RAL,CA,AWP,WE,Federal Contract Tower,0,0,17,0,17,0,10,133,0,143,0,10,150,0,160,230,0,230,390
01/22/2014,RAL,CA,AWP,WE,Federal Contract Tower,0,0,45,0,45,0,19,138,1,158,0,19,183,1,203,282,0,282,485
01/23/2014,RAL,CA,AWP,WE,Federal Contract Tower,0,0,37,0,37,0,8,99,0,107,0,8,136,0,144,158,0,158,302
01/24/2014,RAL,CA,AWP,WE,Federal Contract Tower,0,0,34,0,34,0,24,104,0,128,0,24,138,0,162,178,0,178,340
01/25/2014,RAL,CA,AWP,WE,Federal Contract Tower,0,0,47,0,47,0,2,188,0,190,0,2,235,0,237,152,0,152,389
01/26/2014,RAL,CA,AWP,WE,Federal Contract Tower,0,0,23,3,26,0,8,112,1,121,0,8,135,4,147,166,2,168,315
01/27/2014,RAL,CA,AWP,WE,Federal Contract Tower,0,0,33,0,33,0,0,157,0,157,0,0,190,0,190,196,0,196,386
01/28/2014,RAL,CA,AWP,WE,Federal Contract Tower,0,0,51,0,51,0,11,147,2,160,0,11,198,2,211,213,0,213,424
01/29/2014,RAL,CA,AWP,WE,Federal Contract Tower,0,1,31,2,34,0,16,122,0,138,0,17,153,2,172,209,0,209,381
01/30/2014,RAL,CA,AWP,WE,Federal Contract Tower,0,0,22,2,24,0,4,38,1,43,0,4,60,3,67,78,0,78,145
01/31/2014,RAL,CA,AWP,WE,Federal Contract Tower,0,2,34,0,36,0,3,109,2,114,0,5,143,2,150,149,0,149,299
02/01/2014,RAL,CA,AWP,WE,Federal Contract Tower,0,0,19,0,19,0,0,60,0,60,0,0,79,0,79,56,0,56,135
02/02/2014,RAL,CA,AWP,WE,Federal Contract Tower,0,0,22,0,22,0,2,55,0,57,0,2,77,0,79,90,0,90,169
02/03/2014,RAL,CA,AWP,WE,Federal Contract Tower,0,0,38,0,38,0,1,130,0,131,0,1,168,0,169,254,0,254,423
02/04/2014,RAL,CA,AWP,WE,Federal Contract Tower,0,0,48,0,48,0,12,121,0,133,0,12,169,0,181,248,0,248,429
02/05/2014,RAL,CA,AWP,WE,Federal Contract Tower,0,0,27,0,27,0,6,176,0,182,0,6,203,0,209,195,0,195,404
02/06/2014,RAL,CA,AWP,WE,Federal Contract Tower,0,0,26,0,26,0,3,31,0,34,0,3,57,0,60,117,0,117,177
02/07/2014,RAL,CA,AWP,WE,Federal Contract Tower,0,0,24,0,24,0,2,58,0,60,0,2,82,0,84,146,0,146,230
02/08/2014,RAL,CA,AWP,WE,Federal Contract Tower,0,0,27,0,27,0,5,144,0,149,0,5,171,0,176,136,0,136,312
02/09/2014,RAL,CA,AWP,WE,Federal Contract Tower,0,0,14,0,14,0,0,46,0,46,0,0,60,0,60,34,0,34,94
02/10/2014,RAL,CA,AWP,WE,Federal Contract Tower,0,1,41,0,42,0,3,135,0,138,0,4,176,0,180,219,0,219,399
02/11/2014,RAL,CA,AWP,WE,Federal Contract Tower,0,0,39,0,39,0,1,184,0,185,0,1,223,0,224,257,0,257,481
02/12/2014,RAL,CA,AWP,WE,Federal Contract Tower,0,0,36,0,36,0,3,166,1,170,0,3,202,1,206,350,0,350,556
02/13/2014,RAL,CA,AWP,WE,Federal Contract Tower,0,0,46,0,46,0,13,179,0,192,0,13,225,0,238,245,0,245,483
02/14/2014,RAL,CA,AWP,WE,Federal Contract Tower,0,0,25,0,25,0,8,142,0,150,0,8,167,0,175,195,0,195,370
02/15/2014,RAL,CA,AWP,WE,Federal Contract Tower,0,0,26,0,26,0,3,110,0,113,0,3,136,0,139,147,0,147,286
02/16/2014,RAL,CA,AWP,WE,Federal Contract Tower,0,0,23,3,26,0,0,107,0,107,0,0,130,3,133,114,0,114,247
02/17/2014,RAL,CA,AWP,WE,Federal Contract Tower,0,0,29,0,29,0,2,136,0,138,0,2,165,0,167,143,0,143,310
02/18/2014,RAL,CA,AWP,WE,Federal Contract Tower,0,0,20,0,20,0,0,126,0,126,0,0,146,0,146,238,0,238,384
02/19/2014,RAL,CA,AWP,WE,Federal Contract Tower,0,0,25,0,25,0,1,95,0,96,0,1,120,0,121,122,0,122,243
02/20/2014,RAL,CA,AWP,WE,Federal Contract Tower,0,0,28,0,28,0,13,94,0,107,0,13,122,0,135,123,0,123,258
02/21/2014,RAL,CA,AWP,WE,Federal Contract Tower,0,0,52,2,54,0,5,196,1,202,0,5,248,3,256,229,0,229,485
02/22/2014,RAL,CA,AWP,WE,Federal Contract Tower,0,0,48,0,48,0,3,184,0,187,0,3,232,0,235,192,0,192,427
02/23/2014,RAL,CA,AWP,WE,Federal Contract Tower,0,0,15,0,15,0,0,109,0,109,0,0,124,0,124,117,0,117,241
02/24/2014,RAL,CA,AWP,WE,Federal Contract Tower,0,0,45,0,45,0,0,125,0,125,0,0,170,0,170,183,0,183,353
02/25/2014,RAL,CA,AWP,WE,Federal Contract Tower,0,0,53,0,53,0,0,140,0,140,0,0,193,0,193,154,0,154,347
02/26/2014,RAL,CA,AWP,WE,Federal Contract Tower,0,0,45,0,45,0,16,150,0,166,0,16,195,0,211,198,0,198,409
02/27/2014,RAL,CA,AWP,WE,Federal Contract Tower,0,0,29,0,29,0,15,76,0,91,0,15,105,0,120,160,0,160,280
02/28/2014,RAL,CA,AWP,WE,Federal Contract Tower,0,2,1,0,3,0,0,5,0,5,0,2,6,0,8,20,0,20,28
03/01/2014,RAL,CA,AWP,WE,Federal Contract Tower,0,0,9,0,9,0,0,27,2,29,0,0,36,2,38,65,0,65,103
03/02/2014,RAL,CA,AWP,WE,Federal Contract Tower,0,0,18,0,18,0,0,44,0,44,0,0,62,0,62,65,0,65,127
03/03/2014,RAL,CA,AWP,WE,Federal Contract Tower,0,0,25,0,25,0,0,109,0,109,0,0,134,0,134,178,4,182,316
03/04/2014,RAL,CA,AWP,WE,Federal Contract Tower,0,0,31,0,31,0,0,105,0,105,0,0,136,0,136,203,0,203,339
03/05/2014,RAL,CA,AWP,WE,Federal Contract Tower,0,1,69,2,72,0,21,186,1,208,0,22,255,3,280,253,0,253,533
03/06/2014,RAL,CA,AWP,WE,Federal Contract Tower,0,0,26,0,26,0,8,140,1,149,0,8,166,1,175,253,0,253,428
03/07/2014,RAL,CA,AWP,WE,Federal Contract Tower,0,0,36,1,37,0,8,87,0,95,0,8,123,1,132,61,0,61,193
03/08/2014,RAL,CA,AWP,WE,Federal Contract Tower,0,0,15,0,15,0,0,97,0,97,0,0,112,0,112,51,0,51,163
03/09/2014,RAL,CA,AWP,WE,Federal Contract Tower,0,0,21,0,21,0,0,108,0,108,0,0,129,0,129,34,0,34,163
03/10/2014,RAL,CA,AWP,WE,Federal Contract Tower,0,0,44,0,44,0,2,154,0,156,0,2,198,0,200,200,0,200,400
03/11/2014,RAL,CA,AWP,WE,Federal Contract Tower,0,0,16,1,17,0,1,109,0,110,0,1,125,1,127,151,0,151,278
03/12/2014,RAL,CA,AWP,WE,Federal Contract Tower,0,0,10,0,10,0,0,65,0,65,0,0,75,0,75,74,0,74,149
03/13/2014,RAL,CA,AWP,WE,Federal Contract Tower,0,0,27,0,27,0,6,152,0,158,0,6,179,0,185,179,0,179,364
03/14/2014,RAL,CA,AWP,WE,Federal Contract Tower,0,0,39,0,39,0,4,163,1,168,0,4,202,1,207,238,0,238,445
03/15/2014,RAL,CA,AWP,WE,Federal Contract Tower,0,0,16,0,16,0,3,49,0,52,0,3,65,0,68,36,0,36,104
03/16/2014,RAL,CA,AWP,WE,Federal Contract Tower,0,0,30,0,30,0,4,159,0,163,0,4,189,0,193,166,1,167,360
03/17/2014,RAL,CA,AWP,WE,Federal Contract Tower,0,0,29,0,29,0,3,86,0,89,0,3,115,0,118,198,0,198,316
03/18/2014,RAL,CA,AWP,WE,Federal Contract Tower,0,0,28,0,28,0,0,111,0,111,0,0,139,0,139,78,0,78,217
03/19/2014,RAL,CA,AWP,WE,Federal Contract Tower,0,0,19,0,19,0,0,131,0,131,0,0,150,0,150,192,0,192,342
03/20/2014,RAL,CA,AWP,WE,Federal Contract Tower,0,0,42,0,42,0,2,164,3,169,0,2,206,3,211,284,0,284,495
03/21/2014,RAL,CA,AWP,WE,Federal Contract Tower,0,0,42,0,42,0,10,138,3,151,0,10,180,3,193,165,0,165,358
03/22/2014,RAL,CA,AWP,WE,Federal Contract Tower,0,0,39,0,39,0,11,146,0,157,0,11,185,0,196,106,0,106,302
03/23/2014,RAL,CA,AWP,WE,Federal Contract Tower,0,0,30,0,30,0,5,87,0,92,0,5,117,0,122,83,0,83,205
03/24/2014,RAL,CA,AWP,WE,Federal Contract Tower,0,0,43,0,43,0,8,89,0,97,0,8,132,0,140,309,0,309,449
03/25/2014,RAL,CA,AWP,WE,Federal Contract Tower,0,0,23,0,23,0,0,75,0,75,0,0,98,0,98,147,0,147,245
03/26/2014,RAL,CA,AWP,WE,Federal Contract Tower,0,2,12,0,14,0,1,54,1,56,0,3,66,1,70,142,0,142,212
03/27/2014,RAL,CA,AWP,WE,Federal Contract Tower,0,0,38,0,38,0,2,168,0,170,0,2,206,0,208,298,0,298,506
03/28/2014,RAL,CA,AWP,WE,Federal Contract Tower,0,0,46,0,46,0,7,198,0,205,0,7,244,0,251,310,0,310,561
03/29/2014,RAL,CA,AWP,WE,Federal Contract Tower,0,0,26,0,26,0,4,146,0,150,0,4,172,0,176,132,0,132,308
03/30/2014,RAL,CA,AWP,WE,Federal Contract Tower,0,0,8,0,8,0,1,77,0,78,0,1,85,0,86,96,0,96,182
03/31/2014,RAL,CA,AWP,WE,Federal Contract Tower,0,0,20,1,21,0,14,154,1,169,0,14,174,2,190,127,8,135,325
04/01/2014,RAL,CA,AWP,WE,Federal Contract Tower,0,0,8,1,9,0,0,70,2,72,0,0,78,3,81,191,2,193,274
04/02/2014,RAL,CA,AWP,WE,Federal Contract Tower,0,0,20,0,20,0,0,90,0,90,0,0,110,0,110,128,0,128,238
04/03/2014,RAL,CA,AWP,WE,Federal Contract Tower,0,0,18,0,18,0,0,175,2,177,0,0,193,2,195,250,0,250,445
04/04/2014,RAL,CA,AWP,WE,Federal Contract Tower,0,0,20,0,20,0,8,179,0,187,0,8,199,0,207,107,0,107,314
04/05/2014,RAL,CA,AWP,WE,Federal Contract Tower,0,0,8,0,8,0,5,77,0,82,0,5,85,0,90,20,0,20,110
04/06/2014,RAL,CA,AWP,WE,Federal Contract Tower,0,0,12,0,12,0,10,46,0,56,0,10,58,0,68,16,0,16,84
04/07/2014,RAL,CA,AWP,WE,Federal Contract Tower,0,1,27,2,30,0,10,107,2,119,0,11,134,4,149,157,2,159,308
04/08/2014,RAL,CA,AWP,WE,Federal Contract Tower,0,0,23,0,23,0,6,129,0,135,0,6,152,0,158,243,0,243,401
04/09/2014,RAL,CA,AWP,WE,Federal Contract Tower,0,0,39,0,39,0,4,144,0,148,0,4,183,0,187,182,0,182,369
04/10/2014,RAL,CA,AWP,WE,Federal Contract Tower,0,0,35,0,35,0,15,162,0,177,0,15,197,0,212,300,0,300,512
04/11/2014,RAL,CA,AWP,WE,Federal Contract Tower,0,0,36,0,36,0,16,178,0,194,0,16,214,0,230,191,0,191,421
04/12/2014,RAL,CA,AWP,WE,Federal Contract Tower,0,0,16,0,16,0,7,153,0,160,0,7,169,0,176,119,0,119,295
04/13/2014,RAL,CA,AWP,WE,Federal Contract Tower,0,0,21,0,21,0,4,97,0,101,0,4,118,0,122,118,0,118,240
04/14/2014,RAL,CA,AWP,WE,Federal Contract Tower,0,0,39,0,39,0,5,112,0,117,0,5,151,0,156,148,0,148,304
04/15/2014,RAL,CA,AWP,WE,Federal Contract Tower,0,0,18,0,18,0,0,138,0,138,0,0,156,0,156,259,0,259,415
04/16/2014,RAL,CA,AWP,WE,Federal Contract Tower,0,0,31,4,35,0,0,148,0,148,0,0,179,4,183,200,0,200,383
04/17/2014,RAL,CA,AWP,WE,Federal Contract Tower,0,1,41,4,46,0,1,127,2,130,0,2,168,6,176,246,2,248,424
04/18/2014,RAL,CA,AWP,WE,Federal Contract Tower,0,0,21,0,21,0,6,67,0,73,0,6,88,0,94,162,0,162,256
04/19/2014,RAL,CA,AWP,WE,Federal Contract Tower,0,0,14,0,14,0,6,154,0,160,0,6,168,0,174,122,0,122,296
04/20/2014,RAL,CA,AWP,WE,Federal Contract Tower,0,0,20,0,20,0,0,63,0,63,0,0,83,0,83,45,0,45,128
04/21/2014,RAL,CA,AWP,WE,Federal Contract Tower,0,0,31,0,31,0,11,138,0,149,0,11,169,0,180,214,0,214,394
04/22/2014,RAL,CA,AWP,WE,Federal Contract Tower,0,0,21,0,21,0,10,96,0,106,0,10,117,0,127,225,0,225,352
04/23/2014,RAL,CA,AWP,WE,Federal Contract Tower,0,0,27,0,27,0,4,150,0,154,0,4,177,0,181,239,0,239,420
04/24/2014,RAL,CA,AWP,WE,Federal Contract Tower,0,0,26,0,26,0,10,164,0,174,0,10,190,0,200,145,0,145,345
04/25/2014,RAL,CA,AWP,WE,Federal Contract Tower,0,0,26,0,26,0,0,122,0,122,0,0,148,0,148,154,0,154,302
04/26/2014,RAL,CA,AWP,WE,Federal Contract Tower,0,0,9,2,11,0,12,95,3,110,0,12,104,5,121,189,0,189,310
04/27/2014,RAL,CA,AWP,WE,Federal Contract Tower,0,0,35,0,35,0,14,128,6,148,0,14,163,6,183,169,10,179,362
04/28/2014,RAL,CA,AWP,WE,Federal Contract Tower,0,0,43,0,43,0,9,147,0,156,0,9,190,0,199,266,0,266,465
04/29/2014,RAL,CA,AWP,WE,Federal Contract Tower,0,0,6,0,6,0,4,32,2,38,0,4,38,2,44,44,0,44,88
04/30/2014,RAL,CA,AWP,WE,Federal Contract Tower,0,0,4,0,4,0,0,7,0,7,0,0,11,0,11,0,0,0,11
05/01/2014,RAL,CA,AWP,WE,Federal Contract Tower,0,0,4,0,4,0,5,40,5,50,0,5,44,5,54,42,0,42,96
05/02/2014,RAL,CA,AWP,WE,Federal Contract Tower,0,1,30,0,31,0,8,180,9,197,0,9,210,9,228,142,0,142,370
05/03/2014,RAL,CA,AWP,WE,Federal Contract Tower,0,0,17,0,17,0,10,143,12,165,0,10,160,12,182,194,0,194,376
05/04/2014,RAL,CA,AWP,WE,Federal Contract Tower,0,1,17,0,18,0,7,97,1,105,0,8,114,1,123,87,0,87,210
05/05/2014,RAL,CA,AWP,WE,Federal Contract Tower,0,0,36,0,36,0,17,106,0,123,0,17,142,0,159,267,0,267,426
05/06/2014,RAL,CA,AWP,WE,Federal Contract Tower,0,0,23,0,23,0,1,79,2,82,0,1,102,2,105,166,6,172,277
05/07/2014,RAL,CA,AWP,WE,Federal Contract Tower,0,0,35,0,35,0,0,111,3,114,0,0,146,3,149,204,0,204,353
05/08/2014,RAL,CA,AWP,WE,Federal Contract Tower,0,0,43,0,43,0,2,124,3,129,0,2,167,3,172,139,0,139,311
05/09/2014,RAL,CA,AWP,WE,Federal Contract Tower,0,0,14,0,14,0,0,144,2,146,0,0,158,2,160,220,0,220,380
05/10/2014,RAL,CA,AWP,WE,Federal Contract Tower,0,0,24,0,24,0,4,105,0,109,0,4,129,0,133,108,0,108,241
05/11/2014,RAL,CA,AWP,WE,Federal Contract Tower,0,0,9,0,9,0,0,19,0,19,0,0,28,0,28,2,0,2,30
05/12/2014,RAL,CA,AWP,WE,Federal Contract Tower,0,0,24,0,24,0,11,37,1,49,0,11,61,1,73,59,0,59,132
05/13/2014,RAL,CA,AWP,WE,Federal Contract Tower,0,0,9,0,9,0,5,38,0,43,0,5,47,0,52,30,0,30,82
05/14/2014,RAL,CA,AWP,WE,Federal Contract Tower,0,0,15,0,15,0,18,58,0,76,0,18,73,0,91,117,0,117,208
05/15/2014,RAL,CA,AWP,WE,Federal Contract Tower,0,1,30,0,31,0,10,129,0,139,0,11,159,0,170,83,0,83,253
05/16/2014,RAL,CA,AWP,WE,Federal Contract Tower,0,0,16,0,16,0,3,131,3,137,0,3,147,3,153,165,0,165,318
05/17/2014,RAL,CA,AWP,WE,Federal Contract Tower,0,0,22,0,22,0,3,163,0,166,0,3,185,0,188,175,0,175,363
05/18/2014,RAL,CA,AWP,WE,Federal Contract Tower,0,0,14,1,15,0,2,72,0,74,0,2,86,1,89,36,0,36,125
05/19/2014,RAL,CA,AWP,WE,Federal Contract Tower,0,0,14,0,14,0,11,135,0,146,0,11,149,0,160,238,0,238,398
05/20/2014,RAL,CA,AWP,WE,Federal Contract Tower,0,0,22,4,26,0,4,96,0,100,0,4,118,4,126,122,0,122,248
05/21/2014,RAL,CA,AWP,WE,Federal Contract Tower,0,0,29,0,29,0,1,144,0,145,0,1,173,0,174,236,0,236,410
05/22/2014,RAL,CA,AWP,WE,Federal Contract Tower,0,3,14,0,17,0,2,71,0,73,0,5,85,0,90,186,0,186,276
05/23/2014,RAL,CA,AWP,WE,Federal Contract Tower,0,0,27,0,27,0,0,125,2,127,0,0,152,2,154,136,0,136,290
05/24/2014,RAL,CA,AWP,WE,Federal Contract Tower,0,0,20,0,20,0,0,103,7,110,0,0,123,7,130,152,0,152,282
05/25/2014,RAL,CA,AWP,WE,Federal Contract Tower,0,0,11,0,11,0,0,90,0,90,0,0,101,0,101,54,0,54,155
05/26/2014,RAL,CA,AWP,WE,Federal Contract Tower,0,2,19,0,21,0,6,113,2,121,0,8,132,2,142,58,0,58,200
05/27/2014,RAL,CA,AWP,WE,Federal Contract Tower,0,0,31,0,31,0,3,135,2,140,0,3,166,2,171,200,0,200,371
05/28/2014,RAL,CA,AWP,WE,Federal Contract Tower,0,0,29,0,29,0,8,97,0,105,0,8,126,0,134,205,0,205,339
05/29/2014,RAL,CA,AWP,WE,Federal Contract Tower,0,2,27,0,29,0,14,107,1,122,0,16,134,1,151,102,0,102,253
05/30/2014,RAL,CA,AWP,WE,Federal Contract Tower,0,0,22,0,22,0,11,144,0,155,0,11,166,0,177,158,0,158,335
05/31/2014,RAL,CA,AWP,WE,Federal Contract Tower,0,0,21,0,21,0,0,164,4,168,0,0,185,4,189,218,0,218,407
06/01/2014,RAL,CA,AWP,WE,Federal Contract Tower,0,0,20,0,20,0,2,125,0,127,0,2,145,0,147,134,0,134,281
06/02/2014,RAL,CA,AWP,WE,Federal Contract Tower,0,0,31,0,31,0,1,126,0,127,0,1,157,0,158,240,0,240,398
06/03/2014,RAL,CA,AWP,WE,Federal Contract Tower,0,0,39,0,39,0,11,127,0,138,0,11,166,0,177,226,0,226,403
06/04/2014,RAL,CA,AWP,WE,Federal Contract Tower,0,0,20,0,20,0,17,123,3,143,0,17,143,3,163,189,0,189,352
06/05/2014,RAL,CA,AWP,WE,Federal Contract Tower,0,0,27,0,27,0,14,143,3,160,0,14,170,3,187,203,0,203,390
06/06/2014,RAL,CA,AWP,WE,Federal Contract Tower,0,0,14,4,18,0,4,123,7,134,0,4,137,11,152,180,0,180,332
06/07/2014,RAL,CA,AWP,WE,Federal Contract Tower,0,0,3,3,6,0,1,114,0,115,0,1,117,3,121,246,0,246,367
06/08/2014,RAL,CA,AWP,WE,Federal Contract Tower,0,0,11,0,11,0,0,111,4,115,0,0,122,4,126,104,0,104,230
06/09/2014,RAL,CA,AWP,WE,Federal Contract Tower,0,1,18,0,19,0,1,136,1,138,0,2,154,1,157,274,0,274,431
06/10/2014,RAL,CA,AWP,WE,Federal Contract Tower,0,0,30,0,30,0,13,111,0,124,0,13,141,0,154,162,0,162,316
06/11/2014,RAL,CA,AWP,WE,Federal Contract Tower,0,0,39,0,39,0,6,88,2,96,0,6,127,2,135,139,0,139,274
06/12/2014,RAL,CA,AWP,WE,Federal Contract Tower,0,2,25,0,27,0,2,141,0,143,0,4,166,0,170,165,1,166,336
06/13/2014,RAL,CA,AWP,WE,Federal Contract Tower,0,0,21,0,21,0,2,85,0,87,0,2,106,0,108,162,0,162,270
06/14/2014,RAL,CA,AWP,WE,Federal Contract Tower,0,0,5,0,5,0,0,34,1,35,0,0,39,1,40,18,0,18,58
06/15/2014,RAL,CA,AWP,WE,Federal Contract Tower,0,1,19,0,20,0,2,71,0,73,0,3,90,0,93,49,0,49,142
06/16/2014,RAL,CA,AWP,WE,Federal Contract Tower,0,2,27,0,29,0,3,144,0,147,0,5,171,0,176,124,0,124,300
06/17/2014,RAL,CA,AWP,WE,Federal Contract Tower,0,0,47,0,47,0,17,108,0,125,0,17,155,0,172,197,0,197,369
06/18/2014,RAL,CA,AWP,WE,Federal Contract Tower,0,0,30,0,30,0,13,129,0,142,0,13,159,0,172,156,0,156,328
06/19/2014,RAL,CA,AWP,WE,Federal Contract Tower,0,0,14,0,14,0,16,145,0,161,0,16,159,0,175,151,0,151,326
06/20/2014,RAL,CA,AWP,WE,Federal Contract Tower,0,0,13,0,13,0,22,159,0,181,0,22,172,0,194,98,0,98,292
06/21/2014,RAL,CA,AWP,WE,Federal Contract Tower,0,0,29,0,29,0,3,132,7,142,0,3,161,7,171,109,0,109,280
06/22/2014,RAL,CA,AWP,WE,Federal Contract Tower,0,0,10,0,10,0,0,67,23,90,0,0,77,23,100,98,0,98,198
06/23/2014,RAL,CA,AWP,WE,Federal Contract Tower,0,0,40,0,40,0,1,105,0,106,0,1,145,0,146,119,0,119,265
06/24/2014,RAL,CA,AWP,WE,Federal Contract Tower,0,0,32,2,34,0,12,138,0,150,0,12,170,2,184,144,0,144,328
06/25/2014,RAL,CA,AWP,WE,Federal Contract Tower,0,0,15,0,15,0,16,88,3,107,0,16,103,3,122,195,0,195,317
06/26/2014,RAL,CA,AWP,WE,Federal Contract Tower,0,0,17,0,17,0,6,103,2,111,0,6,120,2,128,158,0,158,286
06/27/2014,RAL,CA,AWP,WE,Federal Contract Tower,0,0,18,0,18,0,0,138,0,138,0,0,156,0,156,195,0,195,351
06/28/2014,RAL,CA,AWP,WE,Federal Contract Tower,0,1,38,0,39,0,0,152,1,153,0,1,190,1,192,159,0,159,351
06/29/2014,RAL,CA,AWP,WE,Federal Contract Tower,0,0,24,0,24,0,0,114,1,115,0,0,138,1,139,96,0,96,235
06/30/2014,RAL,CA,AWP,WE,Federal Contract Tower,0,0,26,0,26,0,0,80,2,82,0,0,106,2,108,126,0,126,234
07/01/2014,RAL,CA,AWP,WE,Federal Contract Tower,0,0,25,0,25,0,0,166,2,168,0,0,191,2,193,216,0,216,409
07/02/2014,RAL,CA,AWP,WE,Federal Contract Tower,0,0,38,0,38,0,1,169,0,170,0,1,207,0,208,319,0,319,527
07/03/2014,RAL,CA,AWP,WE,Federal Contract Tower,0,0,23,2,25,0,6,174,3,183,0,6,197,5,208,201,0,201,409
07/04/2014,RAL,CA,AWP,WE,Federal Contract Tower,0,1,12,0,13,0,4,51,0,55,0,5,63,0,68,26,0,26,94
07/05/2014,RAL,CA,AWP,WE,Federal Contract Tower,0,0,23,0,23,0,2,87,0,89,0,2,110,0,112,89,0,89,201
07/06/2014,RAL,CA,AWP,WE,Federal Contract Tower,0,1,15,0,16,0,0,89,0,89,0,1,104,0,105,37,0,37,142
07/07/2014,RAL,CA,AWP,WE,Federal Contract Tower,0,2,17,0,19,0,1,96,1,98,0,3,113,1,117,150,0,150,267
07/08/2014,RAL,CA,AWP,WE,Federal Contract Tower,0,1,29,0,30,0,8,141,0,149,0,9,170,0,179,188,0,188,367
07/09/2014,RAL,CA,AWP,WE,Federal Contract Tower,0,0,36,0,36,0,18,114,0,132,0,18,150,0,168,216,0,216,384
07/10/2014,RAL,CA,AWP,WE,Federal Contract Tower,0,0,28,0,28,0,14,129,0,143,0,14,157,0,171,182,0,182,353
07/11/2014,RAL,CA,AWP,WE,Federal Contract Tower,0,0,27,0,27,0,10,145,0,155,0,10,172,0,182,164,0,164,346
07/12/2014,RAL,CA,AWP,WE,Federal Contract Tower,0,0,15,0,15,0,1,141,0,142,0,1,156,0,157,113,0,113,270
07/13/2014,RAL,CA,AWP,WE,Federal Contract Tower,0,1,91,0,92,0,0,29,1,30,0,1,120,1,122,75,0,75,197
07/14/2014,RAL,CA,AWP,WE,Federal Contract Tower,0,0,22,0,22,0,1,84,0,85,0,1,106,0,107,140,0,140,247
07/15/2014,RAL,CA,AWP,WE,Federal Contract Tower,0,0,20,0,20,0,1,129,0,130,0,1,149,0,150,215,0,215,365
07/16/2014,RAL,CA,AWP,WE,Federal Contract Tower,0,1,30,2,33,0,26,139,1,166,0,27,169,3,199,191,0,191,390
07/17/2014,RAL,CA,AWP,WE,Federal Contract Tower,0,0,35,0,35,0,8,128,0,136,0,8,163,0,171,200,0,200,371
07/18/2014,RAL,CA,AWP,WE,Federal Contract Tower,0,0,24,2,26,0,8,149,5,162,0,8,173,7,188,312,0,312,500
07/19/2014,RAL,CA,AWP,WE,Federal Contract Tower,0,0,39,0,39,0,0,115,9,124,0,0,154,9,163,130,0,130,293
07/20/2014,RAL,CA,AWP,WE,Federal Contract Tower,0,4,21,0,25,0,0,71,0,71,0,4,92,0,96,75,0,75,171
07/21/2014,RAL,CA,AWP,WE,Federal Contract Tower,0,0,27,0,27,0,1,123,0,124,0,1,150,0,151,116,0,116,267
07/22/2014,RAL,CA,AWP,WE,Federal Contract Tower,0,0,19,0,19,0,4,162,5,171,0,4,181,5,190,229,0,229,419
07/23/2014,RAL,CA,AWP,WE,Federal Contract Tower,0,0,20,2,22,0,16,123,0,139,0,16,143,2,161,164,0,164,325
07/24/2014,RAL,CA,AWP,WE,Federal Contract Tower,0,0,24,0,24,0,5,146,1,152,0,5,170,1,176,230,0,230,406
07/25/2014,RAL,CA,AWP,WE,Federal Contract Tower,0,0,24,0,24,0,10,122,1,133,0,10,146,1,157,179,0,179,336
07/26/2014,RAL,CA,AWP,WE,Federal Contract Tower,0,0,26,0,26,0,2,178,0,180,0,2,204,0,206,110,0,110,316
07/27/2014,RAL,CA,AWP,WE,Federal Contract Tower,0,0,9,0,9,0,7,79,1,87,0,7,88,1,96,46,0,46,142
07/28/2014,RAL,CA,AWP,WE,Federal Contract Tower,0,0,23,0,23,0,7,105,0,112,0,7,128,0,135,190,0,190,325
07/29/2014,RAL,CA,AWP,WE,Federal Contract Tower,0,0,27,0,27,0,4,125,3,132,0,4,152,3,159,205,0,205,364
07/30/2014,RAL,CA,AWP,WE,Federal Contract Tower,0,0,47,0,47,0,9,116,0,125,0,9,163,0,172,160,0,160,332
07/31/2014,RAL,CA,AWP,WE,Federal Contract Tower,0,0,56,0,56,0,13,128,0,141,0,13,184,0,197,239,0,239,436
08/01/2014,RAL,CA,AWP,WE,Federal Contract Tower,0,0,26,0,26,0,19,139,6,164,0,19,165,6,190,171,0,171,361
08/02/2014,RAL,CA,AWP,WE,Federal Contract Tower,0,0,18,0,18,0,3,74,0,77,0,3,92,0,95,109,0,109,204
08/03/2014,RAL,CA,AWP,WE,Federal Contract Tower,0,0,8,0,8,0,0,45,0,45,0,0,53,0,53,60,0,60,113
08/04/2014,RAL,CA,AWP,WE,Federal Contract Tower,0,0,30,0,30,0,5,95,0,100,0,5,125,0,130,240,0,240,370
08/05/2014,RAL,CA,AWP,WE,Federal Contract Tower,0,0,39,0,39,0,0,119,0,119,0,0,158,0,158,192,0,192,350
08/06/2014,RAL,CA,AWP,WE,Federal Contract Tower,0,0,18,1,19,0,0,133,3,136,0,0,151,4,155,205,4,209,364
08/07/2014,RAL,CA,AWP,WE,Federal Contract Tower,0,0,11,0,11,0,0,138,0,138,0,0,149,0,149,313,0,313,462
08/08/2014,RAL,CA,AWP,WE,Federal Contract Tower,0,0,29,0,29,0,4,117,0,121,0,4,146,0,150,196,0,196,346
08/09/2014,RAL,CA,AWP,WE,Federal Contract Tower,0,0,20,0,20,0,10,128,10,148,0,10,148,10,168,217,0,217,385
08/10/2014,RAL,CA,AWP,WE,Federal Contract Tower,0,0,24,0,24,0,11,81,7,99,0,11,105,7,123,18,0,18,141
08/11/2014,RAL,CA,AWP,WE,Federal Contract Tower,0,0,25,0,25,0,11,100,1,112,0,11,125,1,137,235,0,235,372
08/12/2014,RAL,CA,AWP,WE,Federal Contract Tower,0,1,36,0,37,0,7,125,0,132,0,8,161,0,169,192,0,192,361
08/13/2014,RAL,CA,AWP,WE,Federal Contract Tower,0,0,52,0,52,0,16,123,0,139,0,16,175,0,191,200,0,200,391
08/14/2014,RAL,CA,AWP,WE,Federal Contract Tower,0,0,31,2,33,0,1,150,0,151,0,1,181,2,184,240,0,240,424
08/15/2014,RAL,CA,AWP,WE,Federal Contract Tower,0,0,34,0,34,0,16,103,0,119,0,16,137,0,153,235,0,235,388
08/16/2014,RAL,CA,AWP,WE,Federal Contract Tower,0,0,8,0,8,0,0,84,0,84,0,0,92,0,92,41,0,41,133
08/17/2014,RAL,CA,AWP,WE,Federal Contract Tower,0,0,13,0,13,0,1,68,0,69,0,1,81,0,82,68,0,68,150
08/18/2014,RAL,CA,AWP,WE,Federal Contract Tower,0,0,42,0,42,0,6,105,0,111,0,6,147,0,153,127,0,127,280
08/19/2014,RAL,CA,AWP,WE,Federal Contract Tower,0,0,22,0,22,0,3,96,1,100,0,3,118,1,122,177,0,177,299
08/20/2014,RAL,CA,AWP,WE,Federal Contract Tower,0,2,58,0,60,0,0,9,1,10,0,2,67,1,70,181,0,181,251
08/21/2014,RAL,CA,AWP,WE,Federal Contract Tower,0,2,42,0,44,0,6,113,0,119,0,8,155,0,163,211,0,211,374
08/22/2014,RAL,CA,AWP,WE,Federal Contract Tower,0,0,38,0,38,0,4,119,0,123,0,4,157,0,161,178,0,178,339
08/23/2014,RAL,CA,AWP,WE,Federal Contract Tower,0,0,47,0,47,0,7,146,2,155,0,7,193,2,202,154,0,154,356
08/24/2014,RAL,CA,AWP,WE,Federal Contract Tower,0,0,22,0,22,0,5,61,0,66,0,5,83,0,88,62,0,62,150
08/25/2014,RAL,CA,AWP,WE,Federal Contract Tower,0,0,47,0,47,0,10,91,2,103,0,10,138,2,150,196,0,196,346
08/26/2014,RAL,CA,AWP,WE,Federal Contract Tower,0,0,27,0,27,0,3,108,0,111,0,3,135,0,138,181,0,181,319
08/27/2014,RAL,CA,AWP,WE,Federal Contract Tower,0,0,22,0,22,0,4,122,1,127,0,4,144,1,149,250,0,250,399
08/28/2014,RAL,CA,AWP,WE,Federal Contract Tower,0,0,23,0,23,0,3,130,0,133,0,3,153,0,156,154,0,154,310
08/29/2014,RAL,CA,AWP,WE,Federal Contract Tower,0,0,19,0,19,0,11,134,0,145,0,11,153,0,164,159,0,159,323
08/30/2014,RAL,CA,AWP,WE,Federal Contract Tower,0,0,33,0,33,0,3,126,0,129,0,3,159,0,162,126,0,126,288
08/31/2014,RAL,CA,AWP,WE,Federal Contract Tower,0,0,16,0,16,0,0,68,0,68,0,0,84,0,84,50,0,50,134
09/01/2014,RAL,CA,AWP,WE,Federal Contract Tower,0,0,20,0,20,0,3,63,0,66,0,3,83,0,86,97,0,97,183
09/02/2014,RAL,CA,AWP,WE,Federal Contract Tower,0,2,83,2,87,0,0,26,0,26,0,2,109,2,113,111,0,111,224
09/03/2014,RAL,CA,AWP,WE,Federal Contract Tower,0,1,24,0,25,0,9,77,0,86,0,10,101,0,111,168,0,168,279
09/04/2014,RAL,CA,AWP,WE,Federal Contract Tower,0,1,38,0,39,0,2,97,0,99,0,3,135,0,138,228,0,228,366
09/05/2014,RAL,CA,AWP,WE,Federal Contract Tower,0,0,30,0,30,0,0,179,0,179,0,0,209,0,209,296,0,296,505
09/06/2014,RAL,CA,AWP,WE,Federal Contract Tower,0,0,13,0,13,0,8,123,1,132,0,8,136,1,145,163,0,163,308
09/07/2014,RAL,CA,AWP,WE,Federal Contract Tower,0,0,10,0,10,0,3,54,0,57,0,3,64,0,67,41,0,41,108
09/08/2014,RAL,CA,AWP,WE,Federal Contract Tower,0,0,6,0,6,0,3,62,0,65,0,3,68,0,71,182,0,182,253
09/09/2014,RAL,CA,AWP,WE,Federal Contract Tower,0,1,25,0,26,0,4,116,2,122,0,5,141,2,148,180,0,180,328
09/10/2014,RAL,CA,AWP,WE,Federal Contract Tower,0,0,23,0,23,0,3,113,0,116,0,3,136,0,139,205,0,205,344
09/11/2014,RAL,CA,AWP,WE,Federal Contract Tower,0,2,30,0,32,0,7,120,8,135,0,9,150,8,167,145,0,145,312
09/12/2014,RAL,CA,AWP,WE,Federal Contract Tower,0,1,25,0,26,0,2,171,4,177,0,3,196,4,203,200,0,200,403
09/13/2014,RAL,CA,AWP,WE,Federal Contract Tower,0,0,16,0,16,0,2,138,0,140,0,2,154,0,156,181,0,181,337
09/14/2014,RAL,CA,AWP,WE,Federal Contract Tower,0,0,13,1,14,0,5,65,0,70,0,5,78,1,84,29,6,35,119
09/15/2014,RAL,CA,AWP,WE,Federal Contract Tower,0,0,32,0,32,0,5,100,0,105,0,5,132,0,137,161,0,161,298
09/16/2014,RAL,CA,AWP,WE,Federal Contract Tower,0,0,14,0,14,0,5,93,6,104,0,5,107,6,118,107,0,107,225
09/17/2014,RAL,CA,AWP,WE,Federal Contract Tower,0,0,14,0,14,0,1,126,1,128,0,1,140,1,142,111,0,111,253
09/18/2014,RAL,CA,AWP,WE,Federal Contract Tower,0,2,21,0,23,0,0,158,2,160,0,2,179,2,183,194,0,194,377
09/19/2014,RAL,CA,AWP,WE,Federal Contract Tower,0,0,18,0,18,0,0,155,12,167,0,0,173,12,185,166,0,166,351
09/20/2014,RAL,CA,AWP,WE,Federal Contract Tower,0,0,16,0,16,0,5,111,0,116,0,5,127,0,132,153,0,153,285
09/21/2014,RAL,CA,AWP,WE,Federal Contract Tower,0,0,29,0,29,0,5,67,0,72,0,5,96,0,101,42,0,42,143
09/22/2014,RAL,CA,AWP,WE,Federal Contract Tower,0,2,38,0,40,0,12,99,0,111,0,14,137,0,151,179,0,179,330
09/23/2014,RAL,CA,AWP,WE,Federal Contract Tower,0,1,30,0,31,0,9,98,2,109,0,10,128,2,140,139,0,139,279
09/24/2014,RAL,CA,AWP,WE,Federal Contract Tower,0,0,33,0,33,0,7,129,2,138,0,7,162,2,171,163,0,163,334
09/25/2014,RAL,CA,AWP,WE,Federal Contract Tower,0,2,35,0,37,0,7,174,0,181,0,9,209,0,218,194,0,194,412
09/26/2014,RAL,CA,AWP,WE,Federal Contract Tower,0,0,19,0,19,0,0,160,3,163,0,0,179,3,182,218,0,218,400
09/27/2014,RAL,CA,AWP,WE,Federal Contract Tower,0,0,27,0,27,0,6,149,1,156,0,6,176,1,183,194,2,196,379
09/28/2014,RAL,CA,AWP,WE,Federal Contract Tower,0,0,28,0,28,0,8,112,0,120,0,8,140,0,148,93,0,93,241
09/29/2014,RAL,CA,AWP,WE,Federal Contract Tower,0,0,65,0,65,0,10,131,0,141,0,10,196,0,206,280,0,280,486
09/30/2014,RAL,CA,AWP,WE,Federal Contract Tower,0,0,19,0,19,0,14,127,0,141,0,14,146,0,160,236,6,242,402
10/01/2014,RAL,CA,AWP,WE,Federal Contract Tower,0,2,27,1,30,0,4,122,1,127,0,6,149,2,157,219,0,219,376
10/02/2014,RAL,CA,AWP,WE,Federal Contract Tower,0,0,16,0,16,0,1,117,0,118,0,1,133,0,134,100,0,100,234
10/03/2014,RAL,CA,AWP,WE,Federal Contract Tower,0,0,39,0,39,0,0,167,4,171,0,0,206,4,210,218,0,218,428
10/04/2014,RAL,CA,AWP,WE,Federal Contract Tower,0,0,12,0,12,0,4,86,0,90,0,4,98,0,102,142,0,142,244
10/05/2014,RAL,CA,AWP,WE,Federal Contract Tower,0,0,24,0,24,0,1,65,3,69,0,1,89,3,93,57,0,57,150
10/06/2014,RAL,CA,AWP,WE,Federal Contract Tower,0,0,34,0,34,0,7,124,0,131,0,7,158,0,165,209,0,209,374
10/07/2014,RAL,CA,AWP,WE,Federal Contract Tower,0,0,30,0,30,0,5,95,1,101,0,5,125,1,131,275,0,275,406
10/08/2014,RAL,CA,AWP,WE,Federal Contract Tower,0,2,36,0,38,0,11,127,0,138,0,13,163,0,176,160,0,160,336
10/09/2014,RAL,CA,AWP,WE,Federal Contract Tower,0,2,16,0,18,0,7,105,0,112,0,9,121,0,130,224,1,225,355
10/10/2014,RAL,CA,AWP,WE,Federal Contract Tower,0,0,22,0,22,0,4,101,2,107,0,4,123,2,129,96,0,96,225
10/11/2014,RAL,CA,AWP,WE,Federal Contract Tower,0,0,23,0,23,0,0,140,0,140,0,0,163,0,163,185,0,185,348
10/12/2014,RAL,CA,AWP,WE,Federal Contract Tower,0,0,12,0,12,0,0,57,2,59,0,0,69,2,71,18,0,18,89
10/13/2014,RAL,CA,AWP,WE,Federal Contract Tower,0,0,13,0,13,0,4,156,0,160,0,4,169,0,173,164,0,164,337
10/14/2014,RAL,CA,AWP,WE,Federal Contract Tower,0,1,21,0,22,0,10,86,0,96,0,11,107,0,118,234,0,234,352
10/15/2014,RAL,CA,AWP,WE,Federal Contract Tower,0,0,39,2,41,0,3,149,2,154,0,3,188,4,195,271,0,271,466
10/16/2014,RAL,CA,AWP,WE,Federal Contract Tower,0,2,42,0,44,0,7,149,0,156,0,9,191,0,200,255,0,255,455
10/17/2014,RAL,CA,AWP,WE,Federal Contract Tower,0,0,26,0,26,0,5,120,0,125,0,5,146,0,151,245,0,245,396
10/18/2014,RAL,CA,AWP,WE,Federal Contract Tower,0,0,20,0,20,0,0,145,2,147,0,0,165,2,167,365,0,365,532
10/19/2014,RAL,CA,AWP,WE,Federal Contract Tower,0,0,18,0,18,0,0,99,0,99,0,0,117,0,117,162,0,162,279
10/20/2014,RAL,CA,AWP,WE,Federal Contract Tower,0,0,20,0,20,0,1,108,0,109,0,1,128,0,129,248,0,248,377
10/21/2014,RAL,CA,AWP,WE,Federal Contract Tower,0,0,49,0,49,0,11,102,0,113,0,11,151,0,162,190,0,190,352
10/22/2014,RAL,CA,AWP,WE,Federal Contract Tower,0,0,37,0,37,0,8,164,0,172,0,8,201,0,209,167,0,167,376
10/23/2014,RAL,CA,AWP,WE,Federal Contract Tower,0,0,28,0,28,0,12,133,3,148,0,12,161,3,176,287,0,287,463
10/24/2014,RAL,CA,AWP,WE,Federal Contract Tower,0,6,179,7,192,0,0,15,0,15,0,6,194,7,207,304,0,304,511
10/25/2014,RAL,CA,AWP,WE,Federal Contract Tower,0,0,17,0,17,0,0,146,0,146,0,0,163,0,163,108,0,108,271
10/26/2014,RAL,CA,AWP,WE,Federal Contract Tower,0,0,18,0,18,0,0,110,0,110,0,0,128,0,128,104,0,104,232
10/27/2014,RAL,CA,AWP,WE,Federal Contract Tower,0,0,32,0,32,0,4,109,0,113,0,4,141,0,145,230,0,230,375
10/28/2014,RAL,CA,AWP,WE,Federal Contract Tower,0,0,33,0,33,0,12,146,0,158,0,12,179,0,191,280,0,280,471
10/29/2014,RAL,CA,AWP,WE,Federal Contract Tower,0,4,23,0,27,0,7,157,1,165,0,11,180,1,192,195,0,195,387
10/30/2014,RAL,CA,AWP,WE,Federal Contract Tower,0,2,20,0,22,0,7,151,2,160,0,9,171,2,182,346,0,346,528
10/31/2014,RAL,CA,AWP,WE,Federal Contract Tower,0,0,17,0,17,0,9,66,0,75,0,9,83,0,92,189,0,189,281
11/01/2014,RAL,CA,AWP,WE,Federal Contract Tower,0,0,19,0,19,0,0,67,0,67,0,0,86,0,86,62,0,62,148
11/02/2014,RAL,CA,AWP,WE,Federal Contract Tower,0,0,17,0,17,0,0,100,0,100,0,0,117,0,117,56,0,56,173
11/03/2014,RAL,CA,AWP,WE,Federal Contract Tower,0,0,19,0,19,0,1,71,1,73,0,1,90,1,92,40,0,40,132
11/04/2014,RAL,CA,AWP,WE,Federal Contract Tower,0,0,16,0,16,0,8,50,0,58,0,8,66,0,74,100,0,100,174
11/05/2014,RAL,CA,AWP,WE,Federal Contract Tower,0,1,22,0,23,0,22,60,0,82,0,23,82,0,105,223,0,223,328
11/06/2014,RAL,CA,AWP,WE,Federal Contract Tower,0,1,29,0,30,0,13,177,1,191,0,14,206,1,221,301,0,301,522
11/07/2014,RAL,CA,AWP,WE,Federal Contract Tower,0,0,22,0,22,0,6,200,3,209,0,6,222,3,231,208,0,208,439
11/08/2014,RAL,CA,AWP,WE,Federal Contract Tower,0,2,18,0,20,0,0,152,0,152,0,2,170,0,172,115,0,115,287
11/09/2014,RAL,CA,AWP,WE,Federal Contract Tower,0,0,18,0,18,0,0,93,0,93,0,0,111,0,111,156,0,156,267
11/10/2014,RAL,CA,AWP,WE,Federal Contract Tower,0,0,25,3,28,0,2,139,8,149,0,2,164,11,177,211,0,211,388
11/11/2014,RAL,CA,AWP,WE,Federal Contract Tower,0,0,44,1,45,0,2,158,2,162,0,2,202,3,207,337,10,347,554
11/12/2014,RAL,CA,AWP,WE,Federal Contract Tower,0,2,30,0,32,0,20,137,0,157,0,22,167,0,189,293,0,293,482
11/13/2014,RAL,CA,AWP,WE,Federal Contract Tower,0,0,20,0,20,0,21,146,0,167,0,21,166,0,187,244,0,244,431
11/14/2014,RAL,CA,AWP,WE,Federal Contract Tower,0,2,27,0,29,0,0,126,0,126,0,2,153,0,155,152,0,152,307
11/15/2014,RAL,CA,AWP,WE,Federal Contract Tower,0,2,22,0,24,0,2,106,0,108,0,4,128,0,132,185,0,185,317
11/16/2014,RAL,CA,AWP,WE,Federal Contract Tower,0,0,5,0,5,0,0,29,0,29,0,0,34,0,34,14,0,14,48
11/17/2014,RAL,CA,AWP,WE,Federal Contract Tower,0,0,23,0,23,0,1,112,0,113,0,1,135,0,136,99,0,99,235
11/18/2014,RAL,CA,AWP,WE,Federal Contract Tower,0,3,18,0,21,0,0,124,3,127,0,3,142,3,148,196,2,198,346
11/19/2014,RAL,CA,AWP,WE,Federal Contract Tower,0,0,36,0,36,0,12,179,2,193,0,12,215,2,229,270,0,270,499
11/20/2014,RAL,CA,AWP,WE,Federal Contract Tower,0,1,24,0,25,0,10,170,2,182,0,11,194,2,207,324,0,324,531
11/21/2014,RAL,CA,AWP,WE,Federal Contract Tower,0,0,22,0,22,0,6,167,4,177,0,6,189,4,199,293,0,293,492
11/22/2014,RAL,CA,AWP,WE,Federal Contract Tower,0,0,36,0,36,0,5,148,2,155,0,5,184,2,191,267,0,267,458
11/23/2014,RAL,CA,AWP,WE,Federal Contract Tower,0,0,30,0,30,0,0,6,0,6,0,0,36,0,36,6,0,6,42
11/24/2014,RAL,CA,AWP,WE,Federal Contract Tower,0,0,7,0,7,0,7,68,0,75,0,7,75,0,82,166,0,166,248
11/25/2014,RAL,CA,AWP,WE,Federal Contract Tower,0,0,17,0,17,0,3,131,6,140,0,3,148,6,157,233,0,233,390
11/26/2014,RAL,CA,AWP,WE,Federal Contract Tower,0,0,27,0,27,0,7,142,0,149,0,7,169,0,176,152,0,152,328
11/27/2014,RAL,CA,AWP,WE,Federal Contract Tower,0,0,9,0,9,0,7,62,0,69,0,7,71,0,78,57,0,57,135
11/28/2014,RAL,CA,AWP,WE,Federal Contract Tower,0,0,10,0,10,0,10,106,0,116,0,10,116,0,126,84,0,84,210
11/29/2014,RAL,CA,AWP,WE,Federal Contract Tower,0,0,19,0,19,0,2,156,0,158,0,2,175,0,177,284,0,284,461
11/30/2014,RAL,CA,AWP,WE,Federal Contract Tower,0,0,17,0,17,0,0,52,0,52,0,0,69,0,69,30,0,30,99
12/01/2014,RAL,CA,AWP,WE,Federal Contract Tower,0,0,45,0,45,0,2,143,0,145,0,2,188,0,190,181,0,181,371
12/02/2014,RAL,CA,AWP,WE,Federal Contract Tower,0,0,5,0,5,0,0,7,0,7,0,0,12,0,12,29,0,29,41
12/03/2014,RAL,CA,AWP,WE,Federal Contract Tower,0,0,18,0,18,0,3,47,0,50,0,3,65,0,68,115,0,115,183
12/04/2014,RAL,CA,AWP,WE,Federal Contract Tower,0,0,14,0,14,0,8,109,0,117,0,8,123,0,131,207,0,207,338
12/05/2014,RAL,CA,AWP,WE,Federal Contract Tower,0,0,15,0,15,0,5,145,0,150,0,5,160,0,165,249,0,249,414
12/06/2014,RAL,CA,AWP,WE,Federal Contract Tower,0,0,22,0,22,0,1,99,0,100,0,1,121,0,122,108,0,108,230
12/07/2014,RAL,CA,AWP,WE,Federal Contract Tower,0,0,28,0,28,0,1,93,0,94,0,1,121,0,122,31,0,31,153
12/08/2014,RAL,CA,AWP,WE,Federal Contract Tower,0,0,15,0,15,0,2,117,0,119,0,2,132,0,134,175,0,175,309
12/09/2014,RAL,CA,AWP,WE,Federal Contract Tower,0,0,23,0,23,0,4,159,3,166,0,4,182,3,189,141,0,141,330
12/10/2014,RAL,CA,AWP,WE,Federal Contract Tower,0,1,33,2,36,0,25,124,3,152,0,26,157,5,188,244,0,244,432
12/11/2014,RAL,CA,AWP,WE,Federal Contract Tower,0,0,12,0,12,0,3,98,3,104,0,3,110,3,116,156,0,156,272
12/12/2014,RAL,CA,AWP,WE,Federal Contract Tower,0,0,6,1,7,0,0,13,1,14,0,0,19,2,21,20,0,20,41
12/13/2014,RAL,CA,AWP,WE,Federal Contract Tower,0,0,14,1,15,0,2,112,0,114,0,2,126,1,129,225,0,225,354
12/14/2014,RAL,CA,AWP,WE,Federal Contract Tower,0,0,21,0,21,0,0,106,0,106,0,0,127,0,127,107,0,107,234
12/15/2014,RAL,CA,AWP,WE,Federal Contract Tower,0,0,19,0,19,0,1,127,0,128,0,1,146,0,147,226,0,226,373
12/16/2014,RAL,CA,AWP,WE,Federal Contract Tower,0,0,7,2,9,0,2,37,0,39,0,2,44,2,48,113,0,113,161
12/17/2014,RAL,CA,AWP,WE,Federal Contract Tower,0,0,12,0,12,0,4,46,0,50,0,4,58,0,62,160,0,160,222
12/18/2014,RAL,CA,AWP,WE,Federal Contract Tower,0,0,36,0,36,0,11,142,0,153,0,11,178,0,189,109,0,109,298
12/19/2014,RAL,CA,AWP,WE,Federal Contract Tower,0,2,19,0,21,0,0,157,0,157,0,2,176,0,178,219,0,219,397
12/20/2014,RAL,CA,AWP,WE,Federal Contract Tower,0,1,19,0,20,0,6,118,0,124,0,7,137,0,144,159,0,159,303
12/21/2014,RAL,CA,AWP,WE,Federal Contract Tower,0,0,33,0,33,0,7,60,1,68,0,7,93,1,101,145,0,145,246
12/22/2014,RAL,CA,AWP,WE,Federal Contract Tower,0,2,17,0,19,0,5,85,1,91,0,7,102,1,110,113,0,113,223
12/23/2014,RAL,CA,AWP,WE,Federal Contract Tower,0,0,17,0,17,0,2,39,0,41,0,2,56,0,58,15,0,15,73
12/24/2014,RAL,CA,AWP,WE,Federal Contract Tower,0,0,13,0,13,0,0,89,2,91,0,0,102,2,104,64,0,64,168
12/25/2014,RAL,CA,AWP,WE,Federal Contract Tower,0,0,0,0,0,0,0,5,0,5,0,0,5,0,5,0,0,0,5
12/26/2014,RAL,CA,AWP,WE,Federal Contract Tower,0,0,11,0,11,0,6,45,0,51,0,6,56,0,62,10,0,10,72
12/27/2014,RAL,CA,AWP,WE,Federal Contract Tower,0,0,4,2,6,0,8,60,0,68,0,8,64,2,74,44,0,44,118
12/28/2014,RAL,CA,AWP,WE,Federal Contract Tower,0,0,32,0,32,0,3,88,0,91,0,3,120,0,123,73,0,73,196
12/29/2014,RAL,CA,AWP,WE,Federal Contract Tower,0,1,23,0,24,0,13,105,0,118,0,14,128,0,142,123,0,123,265
12/30/2014,RAL,CA,AWP,WE,Federal Contract Tower,0,0,12,0,12,0,0,33,0,33,0,0,45,0,45,9,0,9,54
12/31/2014,RAL,CA,AWP,WE,Federal Contract Tower,0,0,7,0,7,0,0,28,0,28,0,0,35,0,35,14,0,14,49
01/01/2015,RAL,CA,AWP,WE,Federal Contract Tower,0,0,5,0,5,0,0,49,0,49,0,0,54,0,54,47,0,47,101
01/02/2015,RAL,CA,AWP,WE,Federal Contract Tower,0,0,16,0,16,0,9,109,0,118,0,9,125,0,134,125,0,125,259
01/03/2015,RAL,CA,AWP,WE,Federal Contract Tower,0,0,15,0,15,0,2,99,0,101,0,2,114,0,116,81,0,81,197
01/04/2015,RAL,CA,AWP,WE,Federal Contract Tower,0,0,15,1,16,0,1,78,1,80,0,1,93,2,96,55,0,55,151
01/05/2015,RAL,CA,AWP,WE,Federal Contract Tower,0,0,16,0,16,0,7,95,0,102,0,7,111,0,118,99,0,99,217
01/06/2015,RAL,CA,AWP,WE,Federal Contract Tower,0,0,18,0,18,0,2,91,1,94,0,2,109,1,112,144,0,144,256
01/07/2015,RAL,CA,AWP,WE,Federal Contract Tower,0,0,27,0,27,0,1,115,0,116,0,1,142,0,143,241,0,241,384
01/08/2015,RAL,CA,AWP,WE,Federal Contract Tower,0,0,13,0,13,0,0,146,9,155,0,0,159,9,168,127,0,127,295
01/09/2015,RAL,CA,AWP,WE,Federal Contract Tower,0,0,17,0,17,0,5,144,2,151,0,5,161,2,168,198,0,198,366
01/10/2015,RAL,CA,AWP,WE,Federal Contract Tower,0,2,39,0,41,0,3,109,0,112,0,5,148,0,153,69,0,69,222
01/11/2015,RAL,CA,AWP,WE,Federal Contract Tower,0,0,10,0,10,0,0,15,0,15,0,0,25,0,25,0,0,0,25
01/12/2015,RAL,CA,AWP,WE,Federal Contract Tower,0,0,19,0,19,0,8,73,0,81,0,8,92,0,100,153,0,153,253
01/13/2015,RAL,CA,AWP,WE,Federal Contract Tower,0,0,9,0,9,0,1,82,0,83,0,1,91,0,92,48,0,48,140
01/14/2015,RAL,CA,AWP,WE,Federal Contract Tower,0,0,36,0,36,0,1,139,0,140,0,1,175,0,176,108,0,108,284
01/15/2015,RAL,CA,AWP,WE,Federal Contract Tower,0,0,38,0,38,0,2,125,0,127,0,2,163,0,165,205,0,205,370
01/16/2015,RAL,CA,AWP,WE,Federal Contract Tower,0,0,25,0,25,0,3,201,0,204,0,3,226,0,229,162,0,162,391
01/17/2015,RAL,CA,AWP,WE,Federal Contract Tower,0,0,31,0,31,0,0,167,0,167,0,0,198,0,198,181,0,181,379
01/18/2015,RAL,CA,AWP,WE,Federal Contract Tower,0,0,24,0,24,0,0,101,0,101,0,0,125,0,125,107,0,107,232
01/19/2015,RAL,CA,AWP,WE,Federal Contract Tower,0,0,44,0,44,0,5,115,0,120,0,5,159,0,164,133,0,133,297
01/20/2015,RAL,CA,AWP,WE,Federal Contract Tower,0,1,31,0,32,0,1,109,3,113,0,2,140,3,145,248,0,248,393
01/21/2015,RAL,CA,AWP,WE,Federal Contract Tower,0,0,20,0,20,0,0,64,0,64,0,0,84,0,84,43,0,43,127
01/22/2015,RAL,CA,AWP,WE,Federal Contract Tower,0,2,36,0,38,0,6,118,0,124,0,8,154,0,162,158,0,158,320
01/23/2015,RAL,CA,AWP,WE,Federal Contract Tower,0,0,33,0,33,0,7,112,0,119,0,7,145,0,152,82,0,82,234
01/24/2015,RAL,CA,AWP,WE,Federal Contract Tower,0,0,2,0,2,0,2,17,0,19,0,2,19,0,21,26,0,26,47
01/25/2015,RAL,CA,AWP,WE,Federal Contract Tower,0,2,29,0,31,0,8,73,1,82,0,10,102,1,113,116,0,116,229
01/26/2015,RAL,CA,AWP,WE,Federal Contract Tower,0,0,19,0,19,0,4,80,0,84,0,4,99,0,103,165,0,165,268
01/27/2015,RAL,CA,AWP,WE,Federal Contract Tower,0,0,57,4,61,0,2,148,0,150,0,2,205,4,211,255,0,255,466
01/28/2015,RAL,CA,AWP,WE,Federal Contract Tower,0,0,53,0,53,0,1,194,0,195,0,1,247,0,248,192,0,192,440
01/29/2015,RAL,CA,AWP,WE,Federal Contract Tower,0,1,59,0,60,0,5,165,3,173,0,6,224,3,233,177,0,177,410
01/30/2015,RAL,CA,AWP,WE,Federal Contract Tower,0,0,63,0,63,0,0,156,0,156,0,0,219,0,219,203,0,203,422
01/31/2015,RAL,CA,AWP,WE,Federal Contract Tower,0,0,35,0,35,0,1,114,0,115,0,1,149,0,150,140,0,140,290
02/01/2015,RAL,CA,AWP,WE,Federal Contract Tower,0,0,32,0,32,0,4,112,0,116,0,4,144,0,148,92,0,92,240
02/02/2015,RAL,CA,AWP,WE,Federal Contract Tower,0,0,35,0,35,0,5,193,1,199,0,5,228,1,234,230,0,230,464
02/03/2015,RAL,CA,AWP,WE,Federal Contract Tower,0,0,61,0,61,0,11,108,9,128,0,11,169,9,189,198,0,198,387
02/04/2015,RAL,CA,AWP,WE,Federal Contract Tower,0,0,54,0,54,0,8,135,0,143,0,8,189,0,197,119,0,119,316
02/05/2015,RAL,CA,AWP,WE,Federal Contract Tower,0,0,49,0,49,0,5,139,5,149,0,5,188,5,198,177,0,177,375
02/06/2015,RAL,CA,AWP,WE,Federal Contract Tower,0,0,31,0,31,0,0,177,0,177,0,0,208,0,208,329,0,329,537
02/07/2015,RAL,CA,AWP,WE,Federal Contract Tower,0,0,48,0,48,0,14,107,0,121,0,14,155,0,169,138,0,138,307
02/08/2015,RAL,CA,AWP,WE,Federal Contract Tower,0,0,38,0,38,0,7,147,1,155,0,7,185,1,193,117,0,117,310
02/09/2015,RAL,CA,AWP,WE,Federal Contract Tower,0,0,31,0,31,0,23,101,2,126,0,23,132,2,157,363,0,363,520
02/10/2015,RAL,CA,AWP,WE,Federal Contract Tower,0,0,55,1,56,0,4,112,6,122,0,4,167,7,178,214,0,214,392
02/11/2015,RAL,CA,AWP,WE,Federal Contract Tower,0,0,20,0,20,0,4,61,6,71,0,4,81,6,91,16,0,16,107
02/12/2015,RAL,CA,AWP,WE,Federal Contract Tower,0,0,48,0,48,0,2,113,2,117,0,2,161,2,165,85,0,85,250
02/13/2015,RAL,CA,AWP,WE,Federal Contract Tower,0,0,34,0,34,0,13,160,0,173,0,13,194,0,207,155,0,155,362
02/14/2015,RAL,CA,AWP,WE,Federal Contract Tower,0,0,12,0,12,0,6,131,0,137,0,6,143,0,149,117,0,117,266
02/15/2015,RAL,CA,AWP,WE,Federal Contract Tower,0,0,12,0,12,0,14,122,1,137,0,14,134,1,149,76,0,76,225
02/16/2015,RAL,CA,AWP,WE,Federal Contract Tower,0,0,50,1,51,0,27,173,0,200,0,27,223,1,251,261,2,263,514
02/17/2015,RAL,CA,AWP,WE,Federal Contract Tower,0,0,45,0,45,0,8,85,1,94,0,8,130,1,139,178,0,178,317
02/18/2015,RAL,CA,AWP,WE,Federal Contract Tower,0,2,34,0,36,0,11,142,2,155,0,13,176,2,191,159,0,159,350
02/19/2015,RAL,CA,AWP,WE,Federal Contract Tower,0,0,34,0,34,0,1,130,2,133,0,1,164,2,167,129,0,129,296
02/20/2015,RAL,CA,AWP,WE,Federal Contract Tower,0,0,18,0,18,0,2,54,0,56,0,2,72,0,74,147,0,147,221
02/21/2015,RAL,CA,AWP,WE,Federal Contract Tower,0,0,32,0,32,0,7,108,0,115,0,7,140,0,147,98,0,98,245
02/22/2015,RAL,CA,AWP,WE,Federal Contract Tower,0,0,11,0,11,0,2,42,0,44,0,2,53,0,55,71,0,71,126
02/23/2015,RAL,CA,AWP,WE,Federal Contract Tower,0,2,22,0,24,0,8,52,0,60,0,10,74,0,84,115,0,115,199
02/24/2015,RAL,CA,AWP,WE,Federal Contract Tower,0,10,27,0,37,0,5,81,2,88,0,15,108,2,125,163,0,163,288
02/25/2015,RAL,CA,AWP,WE,Federal Contract Tower,0,0,38,8,46,0,3,168,12,183,0,3,206,20,229,179,0,179,408
02/26/2015,RAL,CA,AWP,WE,Federal Contract Tower,0,0,47,0,47,0,4,193,12,209,0,4,240,12,256,226,0,226,482
02/27/2015,RAL,CA,AWP,WE,Federal Contract Tower,0,0,33,0,33,0,1,121,0,122,0,1,154,0,155,191,0,191,346
02/28/2015,RAL,CA,AWP,WE,Federal Contract Tower,0,0,74,0,74,0,0,17,0,17,0,0,91,0,91,46,0,46,137
03/01/2015,RAL,CA,AWP,WE,Federal Contract Tower,0,0,11,0,11,0,2,39,0,41,0,2,50,0,52,46,0,46,98
03/02/2015,RAL,CA,AWP,WE,Federal Contract Tower,0,0,12,0,12,0,3,60,0,63,0,3,72,0,75,142,0,142,217
03/03/2015,RAL,CA,AWP,WE,Federal Contract Tower,0,0,36,0,36,0,9,125,0,134,0,9,161,0,170,244,0,244,414
03/04/2015,RAL,CA,AWP,WE,Federal Contract Tower,0,1,40,0,41,0,5,81,3,89,0,6,121,3,130,151,0,151,281
03/05/2015,RAL,CA,AWP,WE,Federal Contract Tower,0,0,20,0,20,0,6,138,0,144,0,6,158,0,164,135,0,135,299
03/06/2015,RAL,CA,AWP,WE,Federal Contract Tower,0,0,20,0,20,0,10,77,0,87,0,10,97,0,107,63,0,63,170
03/07/2015,RAL,CA,AWP,WE,Federal Contract Tower,0,0,11,0,11,0,2,122,0,124,0,2,133,0,135,116,0,116,251
03/08/2015,RAL,CA,AWP,WE,Federal Contract Tower,0,0,12,0,12,0,4,151,1,156,0,4,163,1,168,107,0,107,275
03/09/2015,RAL,CA,AWP,WE,Federal Contract Tower,0,0,20,0,20,0,8,109,0,117,0,8,129,0,137,106,0,106,243
03/10/2015,RAL,CA,AWP,WE,Federal Contract Tower,0,0,11,0,11,0,15,112,0,127,0,15,123,0,138,151,0,151,289
03/11/2015,RAL,CA,AWP,WE,Federal Contract Tower,0,0,25,0,25,0,14,133,0,147,0,14,158,0,172,201,0,201,373
03/12/2015,RAL,CA,AWP,WE,Federal Contract Tower,0,0,9,0,9,0,1,62,0,63,0,1,71,0,72,2,0,2,74
03/13/2015,RAL,CA,AWP,WE,Federal Contract Tower,0,0,19,0,19,0,10,82,0,92,0,10,101,0,111,69,0,69,180
03/14/2015,RAL,CA,AWP,WE,Federal Contract Tower,0,0,11,0,11,0,7,146,0,153,0,7,157,0,164,143,0,143,307
03/15/2015,RAL,CA,AWP,WE,Federal Contract Tower,0,0,17,0,17,0,3,101,0,104,0,3,118,0,121,82,0,82,203
03/16/2015,RAL,CA,AWP,WE,Federal Contract Tower,0,0,43,0,43,0,8,154,0,162,0,8,197,0,205,172,0,172,377
03/17/2015,RAL,CA,AWP,WE,Federal Contract Tower,0,0,26,0,26,0,40,106,0,146,0,40,132,0,172,179,0,179,351
03/18/2015,RAL,CA,AWP,WE,Federal Contract Tower,0,0,27,0,27,0,28,156,2,186,0,28,183,2,213,174,0,174,387
03/19/2015,RAL,CA,AWP,WE,Federal Contract Tower,0,0,42,0,42,0,11,127,4,142,0,11,169,4,184,218,0,218,402
03/20/2015,RAL,CA,AWP,WE,Federal Contract Tower,0,0,30,0,30,0,22,149,5,176,0,22,179,5,206,163,0,163,369
03/21/2015,RAL,CA,AWP,WE,Federal Contract Tower,0,0,15,0,15,0,2,150,10,162,0,2,165,10,177,185,0,185,362
03/22/2015,RAL,CA,AWP,WE,Federal Contract Tower,0,0,22,13,35,0,2,82,9,93,0,2,104,22,128,132,3,135,263
03/23/2015,RAL,CA,AWP,WE,Federal Contract Tower,0,0,17,0,17,0,5,113,4,122,0,5,130,4,139,204,0,204,343
03/24/2015,RAL,CA,AWP,WE,Federal Contract Tower,0,0,25,0,25,0,12,110,0,122,0,12,135,0,147,255,0,255,402
03/25/2015,RAL,CA,AWP,WE,Federal Contract Tower,0,0,8,0,8,0,17,102,0,119,0,17,110,0,127,149,0,149,276
03/26/2015,RAL,CA,AWP,WE,Federal Contract Tower,0,0,16,2,18,0,19,121,4,144,0,19,137,6,162,148,0,148,310
03/27/2015,RAL,CA,AWP,WE,Federal Contract Tower,0,5,159,6,170,0,0,28,0,28,0,5,187,6,198,120,0,120,318
03/28/2015,RAL,CA,AWP,WE,Federal Contract Tower,0,0,6,0,6,0,1,60,0,61,0,1,66,0,67,23,0,23,90
03/29/2015,RAL,CA,AWP,WE,Federal Contract Tower,0,0,11,0,11,0,5,107,1,113,0,5,118,1,124,138,0,138,262
03/30/2015,RAL,CA,AWP,WE,Federal Contract Tower,0,0,23,0,23,0,6,127,0,133,0,6,150,0,156,310,0,310,466
03/31/2015,RAL,CA,AWP,WE,Federal Contract Tower,0,0,27,0,27,0,13,140,0,153,0,13,167,0,180,319,0,319,499
04/01/2015,RAL,CA,AWP,WE,Federal Contract Tower,0,0,24,0,24,0,15,104,0,119,0,15,128,0,143,239,0,239,382
04/02/2015,RAL,CA,AWP,WE,Federal Contract Tower,0,0,11,0,11,0,10,130,0,140,0,10,141,0,151,232,0,232,383
04/03/2015,RAL,CA,AWP,WE,Federal Contract Tower,0,0,18,0,18,0,11,131,0,142,0,11,149,0,160,153,0,153,313
04/04/2015,RAL,CA,AWP,WE,Federal Contract Tower,0,0,16,0,16,0,2,128,0,130,0,2,144,0,146,191,0,191,337
04/05/2015,RAL,CA,AWP,WE,Federal Contract Tower,0,0,7,0,7,0,0,62,0,62,0,0,69,0,69,55,0,55,124
04/06/2015,RAL,CA,AWP,WE,Federal Contract Tower,0,0,34,0,34,0,0,121,0,121,0,0,155,0,155,164,0,164,319
04/07/2015,RAL,CA,AWP,WE,Federal Contract Tower,0,0,10,0,10,0,12,89,0,101,0,12,99,0,111,195,0,195,306
04/08/2015,RAL,CA,AWP,WE,Federal Contract Tower,0,0,22,0,22,0,19,118,1,138,0,19,140,1,160,218,22,240,400
04/09/2015,RAL,CA,AWP,WE,Federal Contract Tower,0,0,27,0,27,0,17,154,0,171,0,17,181,0,198,255,0,255,453
04/10/2015,RAL,CA,AWP,WE,Federal Contract Tower,0,0,38,2,40,0,2,207,1,210,0,2,245,3,250,188,0,188,438
04/11/2015,RAL,CA,AWP,WE,Federal Contract Tower,0,0,15,0,15,0,4,141,0,145,0,4,156,0,160,113,0,113,273
04/12/2015,RAL,CA,AWP,WE,Federal Contract Tower,0,0,13,0,13,0,5,113,1,119,0,5,126,1,132,99,0,99,231
04/13/2015,RAL,CA,AWP,WE,Federal Contract Tower,0,0,36,0,36,0,2,134,0,136,0,2,170,0,172,206,0,206,378
04/14/2015,RAL,CA,AWP,WE,Federal Contract Tower,0,0,30,0,30,0,1,87,1,89,0,1,117,1,119,213,0,213,332
04/15/2015,RAL,CA,AWP,WE,Federal Contract Tower,0,1,5,0,6,0,21,71,0,92,0,22,76,0,98,42,0,42,140
04/16/2015,RAL,CA,AWP,WE,Federal Contract Tower,0,0,26,0,26,0,12,110,0,122,0,12,136,0,148,162,0,162,310
04/17/2015,RAL,CA,AWP,WE,Federal Contract Tower,0,0,25,0,25,0,18,217,5,240,0,18,242,5,265,165,0,165,430
04/18/2015,RAL,CA,AWP,WE,Federal Contract Tower,0,0,24,0,24,0,4,173,6,183,0,4,197,6,207,156,0,156,363
04/19/2015,RAL,CA,AWP,WE,Federal Contract Tower,0,0,20,1,21,0,0,88,25,113,0,0,108,26,134,50,0,50,184
04/20/2015,RAL,CA,AWP,WE,Federal Contract Tower,0,0,29,0,29,0,0,97,0,97,0,0,126,0,126,258,0,258,384
04/21/2015,RAL,CA,AWP,WE,Federal Contract Tower,0,0,19,3,22,0,8,66,0,74,0,8,85,3,96,254,0,254,350
04/22/2015,RAL,CA,AWP,WE,Federal Contract Tower,0,0,13,0,13,0,10,124,0,134,0,10,137,0,147,328,0,328,475
04/23/2015,RAL,CA,AWP,WE,Federal Contract Tower,0,0,39,2,41,0,1,116,2,119,0,1,155,4,160,333,0,333,493
04/24/2015,RAL,CA,AWP,WE,Federal Contract Tower,0,0,22,0,22,0,13,112,0,125,0,13,134,0,147,174,0,174,321
04/25/2015,RAL,CA,AWP,WE,Federal Contract Tower,0,0,16,0,16,0,1,56,0,57,0,1,72,0,73,102,0,102,175
04/26/2015,RAL,CA,AWP,WE,Federal Contract Tower,0,0,24,0,24,0,4,122,0,126,0,4,146,0,150,70,0,70,220
04/27/2015,RAL,CA,AWP,WE,Federal Contract Tower,0,0,23,0,23,0,4,50,1,55,0,4,73,1,78,117,0,117,195
04/28/2015,RAL,CA,AWP,WE,Federal Contract Tower,0,0,43,0,43,0,10,130,0,140,0,10,173,0,183,298,0,298,481
04/29/2015,RAL,CA,AWP,WE,Federal Contract Tower,0,2,30,0,32,0,6,129,0,135,0,8,159,0,167,217,0,217,384
04/30/2015,RAL,CA,AWP,WE,Federal Contract Tower,0,2,34,0,36,0,18,157,0,175,0,20,191,0,211,195,0,195,406
05/01/2015,RAL,CA,AWP,WE,Federal Contract Tower,0,0,25,0,25,0,14,151,1,166,0,14,176,1,191,232,0,232,423
05/02/2015,RAL,CA,AWP,WE,Federal Contract Tower,0,2,10,0,12,0,2,141,2,145,0,4,151,2,157,108,0,108,265
05/03/2015,RAL,CA,AWP,WE,Federal Contract Tower,0,0,6,0,6,0,2,99,0,101,0,2,105,0,107,113,0,113,220
05/04/2015,RAL,CA,AWP,WE,Federal Contract Tower,0,0,28,0,28,0,3,117,4,124,0,3,145,4,152,286,0,286,438
05/05/2015,RAL,CA,AWP,WE,Federal Contract Tower,0,0,28,2,30,0,7,86,0,93,0,7,114,2,123,196,0,196,319
05/06/2015,RAL,CA,AWP,WE,Federal Contract Tower,0,0,17,0,17,0,25,90,0,115,0,25,107,0,132,342,0,342,474
05/07/2015,RAL,CA,AWP,WE,Federal Contract Tower,0,2,22,1,25,0,11,78,0,89,0,13,100,1,114,208,0,208,322
05/08/2015,RAL,CA,AWP,WE,Federal Contract Tower,0,0,17,0,17,0,13,62,0,75,0,13,79,0,92,183,0,183,275
05/09/2015,RAL,CA,AWP,WE,Federal Contract Tower,0,1,10,0,11,0,8,100,0,108,0,9,110,0,119,150,0,150,269
05/10/2015,RAL,CA,AWP,WE,Federal Contract Tower,0,2,12,0,14,0,4,60,0,64,0,6,72,0,78,96,0,96,174
05/11/2015,RAL,CA,AWP,WE,Federal Contract Tower,0,0,22,0,22,0,14,146,0,160,0,14,168,0,182,394,0,394,576
05/12/2015,RAL,CA,AWP,WE,Federal Contract Tower,0,0,38,0,38,0,11,144,2,157,0,11,182,2,195,386,0,386,581
05/13/2015,RAL,CA,AWP,WE,Federal Contract Tower,0,0,31,0,31,0,8,133,1,142,0,8,164,1,173,188,0,188,361
05/14/2015,RAL,CA,AWP,WE,Federal Contract Tower,0,0,23,0,23,0,5,49,0,54,0,5,72,0,77,223,0,223,300
05/15/2015,RAL,CA,AWP,WE,Federal Contract Tower,0,0,11,0,11,0,17,44,0,61,0,17,55,0,72,323,0,323,395
05/16/2015,RAL,CA,AWP,WE,Federal Contract Tower,0,0,23,0,23,0,2,113,0,115,0,2,136,0,138,237,0,237,375
05/17/2015,RAL,CA,AWP,WE,Federal Contract Tower,0,0,21,0,21,0,3,94,0,97,0,3,115,0,118,130,0,130,248
05/18/2015,RAL,CA,AWP,WE,Federal Contract Tower,0,0,19,0,19,0,54,119,1,174,0,54,138,1,193,325,0,325,518
05/19/2015,RAL,CA,AWP,WE,Federal Contract Tower,0,0,18,0,18,0,10,122,0,132,0,10,140,0,150,207,0,207,357
05/20/2015,RAL,CA,AWP,WE,Federal Contract Tower,0,0,36,0,36,0,2,123,6,131,0,2,159,6,167,330,0,330,497
05/21/2015,RAL,CA,AWP,WE,Federal Contract Tower,0,0,30,0,30,0,14,106,0,120,0,14,136,0,150,323,0,323,473
05/22/2015,RAL,CA,AWP,WE,Federal Contract Tower,0,0,20,0,20,0,19,61,0,80,0,19,81,0,100,119,0,119,219
05/23/2015,RAL,CA,AWP,WE,Federal Contract Tower,0,0,21,0,21,0,5,76,0,81,0,5,97,0,102,132,0,132,234
05/24/2015,RAL,CA,AWP,WE,Federal Contract Tower,0,0,19,0,19,0,5,40,0,45,0,5,59,0,64,70,0,70,134
05/25/2015,RAL,CA,AWP,WE,Federal Contract Tower,0,0,20,0,20,0,2,63,0,65,0,2,83,0,85,135,0,135,220
05/26/2015,RAL,CA,AWP,WE,Federal Contract Tower,0,2,39,1,42,0,2,88,2,92,0,4,127,3,134,238,0,238,372
05/27/2015,RAL,CA,AWP,WE,Federal Contract Tower,0,0,29,0,29,0,7,88,2,97,0,7,117,2,126,204,0,204,330
05/28/2015,RAL,CA,AWP,WE,Federal Contract Tower,0,0,33,0,33,0,3,118,0,121,0,3,151,0,154,169,0,169,323
05/29/2015,RAL,CA,AWP,WE,Federal Contract Tower,0,0,23,0,23,0,17,122,0,139,0,17,145,0,162,216,0,216,378
05/30/2015,RAL,CA,AWP,WE,Federal Contract Tower,0,0,22,0,22,0,9,108,0,117,0,9,130,0,139,104,0,104,243
05/31/2015,RAL,CA,AWP,WE,Federal Contract Tower,0,0,20,1,21,0,7,96,1,104,0,7,116,2,125,81,0,81,206
06/01/2015,RAL,CA,AWP,WE,Federal Contract Tower,0,0,25,0,25,0,10,110,1,121,0,10,135,1,146,149,0,149,295
06/02/2015,RAL,CA,AWP,WE,Federal Contract Tower,0,0,23,0,23,0,3,112,2,117,0,3,135,2,140,183,0,183,323
06/03/2015,RAL,CA,AWP,WE,Federal Contract Tower,0,0,27,0,27,0,7,80,0,87,0,7,107,0,114,198,0,198,312
06/04/2015,RAL,CA,AWP,WE,Federal Contract Tower,0,0,24,0,24,0,5,68,2,75,0,5,92,2,99,312,0,312,411
06/05/2015,RAL,CA,AWP,WE,Federal Contract Tower,0,0,9,0,9,0,9,101,0,110,0,9,110,0,119,172,0,172,291
06/06/2015,RAL,CA,AWP,WE,Federal Contract Tower,0,0,9,0,9,0,2,114,0,116,0,2,123,0,125,190,0,190,315
06/07/2015,RAL,CA,AWP,WE,Federal Contract Tower,0,0,12,0,12,0,4,88,0,92,0,4,100,0,104,94,0,94,198
06/08/2015,RAL,CA,AWP,WE,Federal Contract Tower,0,0,18,0,18,0,21,111,0,132,0,21,129,0,150,146,0,146,296
06/09/2015,RAL,CA,AWP,WE,Federal Contract Tower,0,0,36,0,36,0,8,92,0,100,0,8,128,0,136,124,0,124,260
06/10/2015,RAL,CA,AWP,WE,Federal Contract Tower,0,0,18,1,19,0,7,108,2,117,0,7,126,3,136,211,0,211,347
06/11/2015,RAL,CA,AWP,WE,Federal Contract Tower,0,0,18,0,18,0,9,90,2,101,0,9,108,2,119,123,0,123,242
06/12/2015,RAL,CA,AWP,WE,Federal Contract Tower,0,0,20,1,21,0,6,92,2,100,0,6,112,3,121,119,0,119,240
06/13/2015,RAL,CA,AWP,WE,Federal Contract Tower,0,0,16,0,16,0,15,70,4,89,0,15,86,4,105,131,0,131,236
06/14/2015,RAL,CA,AWP,WE,Federal Contract Tower,0,0,25,2,27,0,2,59,0,61,0,2,84,2,88,83,0,83,171
06/15/2015,RAL,CA,AWP,WE,Federal Contract Tower,0,0,26,3,29,0,1,113,3,117,0,1,139,6,146,168,0,168,314
06/16/2015,RAL,CA,AWP,WE,Federal Contract Tower,0,0,23,1,24,0,9,123,19,151,0,9,146,20,175,120,2,122,297
06/17/2015,RAL,CA,AWP,WE,Federal Contract Tower,0,0,25,0,25,0,9,128,0,137,0,9,153,0,162,142,0,142,304
06/18/2015,RAL,CA,AWP,WE,Federal Contract Tower,0,1,29,0,30,0,9,118,0,127,0,10,147,0,157,115,0,115,272
06/19/2015,RAL,CA,AWP,WE,Federal Contract Tower,0,3,24,0,27,0,15,125,0,140,0,18,149,0,167,187,0,187,354
06/20/2015,RAL,CA,AWP,WE,Federal Contract Tower,0,0,6,0,6,0,15,114,0,129,0,15,120,0,135,119,0,119,254
06/21/2015,RAL,CA,AWP,WE,Federal Contract Tower,0,0,10,0,10,0,10,96,0,106,0,10,106,0,116,98,0,98,214
06/22/2015,RAL,CA,AWP,WE,Federal Contract Tower,0,0,14,0,14,0,16,118,0,134,0,16,132,0,148,172,0,172,320
06/23/2015,RAL,CA,AWP,WE,Federal Contract Tower,0,0,24,0,24,0,5,141,0,146,0,5,165,0,170,220,0,220,390
06/24/2015,RAL,CA,AWP,WE,Federal Contract Tower,0,0,11,0,11,0,3,124,0,127,0,3,135,0,138,150,0,150,288
06/25/2015,RAL,CA,AWP,WE,Federal Contract Tower,0,2,17,0,19,0,12,110,0,122,0,14,127,0,141,197,0,197,338
06/26/2015,RAL,CA,AWP,WE,Federal Contract Tower,0,0,21,0,21,0,12,151,0,163,0,12,172,0,184,178,0,178,362
06/27/2015,RAL,CA,AWP,WE,Federal Contract Tower,0,0,10,0,10,0,6,133,0,139,0,6,143,0,149,116,0,116,265
06/28/2015,RAL,CA,AWP,WE,Federal Contract Tower,0,0,17,0,17,0,5,117,0,122,0,5,134,0,139,138,0,138,277
06/29/2015,RAL,CA,AWP,WE,Federal Contract Tower,0,1,10,0,11,0,26,113,0,139,0,27,123,0,150,165,0,165,315
06/30/2015,RAL,CA,AWP,WE,Federal Contract Tower,0,1,19,0,20,0,4,93,0,97,0,5,112,0,117,149,0,149,266
07/01/2015,RAL,CA,AWP,WE,Federal Contract Tower,0,1,23,0,24,0,19,98,0,117,0,20,121,0,141,247,0,247,388
07/02/2015,RAL,CA,AWP,WE,Federal Contract Tower,0,0,18,0,18,0,6,111,2,119,0,6,129,2,137,290,0,290,427
07/03/2015,RAL,CA,AWP,WE,Federal Contract Tower,0,0,21,0,21,0,11,90,0,101,0,11,111,0,122,140,0,140,262
07/04/2015,RAL,CA,AWP,WE,Federal Contract Tower,0,0,7,0,7,0,2,45,0,47,0,2,52,0,54,39,0,39,93
07/05/2015,RAL,CA,AWP,WE,Federal Contract Tower,0,0,3,0,3,0,14,58,0,72,0,14,61,0,75,93,0,93,168
07/06/2015,RAL,CA,AWP,WE,Federal Contract Tower,0,0,11,0,11,0,16,70,0,86,0,16,81,0,97,34,0,34,131
07/07/2015,RAL,CA,AWP,WE,Federal Contract Tower,0,2,36,0,38,0,12,89,0,101,0,14,125,0,139,168,0,168,307
07/08/2015,RAL,CA,AWP,WE,Federal Contract Tower,0,8,13,2,23,0,11,91,0,102,0,19,104,2,125,305,0,305,430
07/09/2015,RAL,CA,AWP,WE,Federal Contract Tower,0,0,30,0,30,0,23,97,0,120,0,23,127,0,150,228,0,228,378
07/10/2015,RAL,CA,AWP,WE,Federal Contract Tower,0,0,19,0,19,0,6,120,1,127,0,6,139,1,146,149,0,149,295
07/11/2015,RAL,CA,AWP,WE,Federal Contract Tower,0,0,10,0,10,0,1,114,0,115,0,1,124,0,125,132,0,132,257
07/12/2015,RAL,CA,AWP,WE,Federal Contract Tower,0,2,16,0,18,0,3,94,0,97,0,5,110,0,115,94,0,94,209
07/13/2015,RAL,CA,AWP,WE,Federal Contract Tower,0,0,32,0,32,0,4,104,0,108,0,4,136,0,140,157,0,157,297
07/14/2015,RAL,CA,AWP,WE,Federal Contract Tower,0,0,28,0,28,0,12,125,3,140,0,12,153,3,168,179,0,179,347
07/15/2015,RAL,CA,AWP,WE,Federal Contract Tower,0,0,18,0,18,0,21,105,0,126,0,21,123,0,144,158,5,163,307
07/16/2015,RAL,CA,AWP,WE,Federal Contract Tower,0,1,28,0,29,0,11,101,0,112,0,12,129,0,141,174,0,174,315
07/17/2015,RAL,CA,AWP,WE,Federal Contract Tower,0,1,23,0,24,0,10,136,0,146,0,11,159,0,170,221,0,221,391
07/18/2015,RAL,CA,AWP,WE,Federal Contract Tower,0,0,13,0,13,0,0,46,0,46,0,0,59,0,59,22,0,22,81
07/19/2015,RAL,CA,AWP,WE,Federal Contract Tower,0,0,16,0,16,0,0,79,0,79,0,0,95,0,95,74,0,74,169
07/20/2015,RAL,CA,AWP,WE,Federal Contract Tower,0,0,24,0,24,0,5,92,0,97,0,5,116,0,121,219,2,221,342
07/21/2015,RAL,CA,AWP,WE,Federal Contract Tower,0,0,23,0,23,0,3,68,0,71,0,3,91,0,94,222,0,222,316
07/22/2015,RAL,CA,AWP,WE,Federal Contract Tower,0,1,30,0,31,0,52,99,1,152,0,53,129,1,183,240,0,240,423
07/23/2015,RAL,CA,AWP,WE,Federal Contract Tower,0,0,24,0,24,0,22,86,2,110,0,22,110,2,134,281,0,281,415
07/24/2015,RAL,CA,AWP,WE,Federal Contract Tower,0,0,33,0,33,0,8,133,0,141,0,8,166,0,174,193,0,193,367
07/25/2015,RAL,CA,AWP,WE,Federal Contract Tower,0,0,18,0,18,0,1,133,0,134,0,1,151,0,152,232,0,232,384
07/26/2015,RAL,CA,AWP,WE,Federal Contract Tower,0,0,14,0,14,0,1,95,1,97,0,1,109,1,111,71,0,71,182
07/27/2015,RAL,CA,AWP,WE,Federal Contract Tower,0,0,14,0,14,0,4,75,0,79,0,4,89,0,93,230,0,230,323
07/28/2015,RAL,CA,AWP,WE,Federal Contract Tower,0,0,27,2,29,0,4,125,3,132,0,4,152,5,161,382,0,382,543
07/29/2015,RAL,CA,AWP,WE,Federal Contract Tower,0,0,20,0,20,0,7,165,1,173,0,7,185,1,193,205,0,205,398
07/30/2015,RAL,CA,AWP,WE,Federal Contract Tower,0,0,15,0,15,0,10,105,0,115,0,10,120,0,130,233,0,233,363
07/31/2015,RAL,CA,AWP,WE,Federal Contract Tower,0,2,20,0,22,0,8,116,2,126,0,10,136,2,148,290,0,290,438
08/01/2015,RAL,CA,AWP,WE,Federal Contract Tower,0,0,13,0,13,0,3,108,1,112,0,3,121,1,125,102,0,102,227
08/02/2015,RAL,CA,AWP,WE,Federal Contract Tower,0,0,11,0,11,0,0,79,0,79,0,0,90,0,90,74,0,74,164
08/03/2015,RAL,CA,AWP,WE,Federal Contract Tower,0,0,18,0,18,0,3,89,0,92,0,3,107,0,110,189,0,189,299
08/04/2015,RAL,CA,AWP,WE,Federal Contract Tower,0,0,15,0,15,0,0,122,0,122,0,0,137,0,137,214,0,214,351
08/05/2015,RAL,CA,AWP,WE,Federal Contract Tower,0,0,32,0,32,0,20,105,3,128,0,20,137,3,160,198,0,198,358
08/06/2015,RAL,CA,AWP,WE,Federal Contract Tower,0,0,10,0,10,0,19,97,0,116,0,19,107,0,126,128,0,128,254
08/07/2015,RAL,CA,AWP,WE,Federal Contract Tower,0,0,17,0,17,0,9,118,0,127,0,9,135,0,144,164,0,164,308
08/08/2015,RAL,CA,AWP,WE,Federal Contract Tower,0,3,17,0,20,0,14,112,0,126,0,17,129,0,146,70,0,70,216
08/09/2015,RAL,CA,AWP,WE,Federal Contract Tower,0,0,29,0,29,0,1,120,0,121,0,1,149,0,150,29,0,29,179
08/10/2015,RAL,CA,AWP,WE,Federal Contract Tower,0,0,25,0,25,0,7,102,0,109,0,7,127,0,134,202,0,202,336
08/11/2015,RAL,CA,AWP,WE,Federal Contract Tower,0,0,22,0,22,0,5,121,2,128,0,5,143,2,150,248,0,248,398
08/12/2015,RAL,CA,AWP,WE,Federal Contract Tower,0,0,23,0,23,0,6,114,6,126,0,6,137,6,149,297,0,297,446
08/13/2015,RAL,CA,AWP,WE,Federal Contract Tower,0,0,18,0,18,0,22,86,0,108,0,22,104,0,126,258,0,258,384
08/14/2015,RAL,CA,AWP,WE,Federal Contract Tower,0,0,34,0,34,0,17,114,2,133,0,17,148,2,167,158,0,158,325
08/15/2015,RAL,CA,AWP,WE,Federal Contract Tower,0,0,12,0,12,0,8,98,2,108,0,8,110,2,120,183,0,183,303
08/16/2015,RAL,CA,AWP,WE,Federal Contract Tower,0,0,8,1,9,0,4,84,8,96,0,4,92,9,105,112,0,112,217
08/17/2015,RAL,CA,AWP,WE,Federal Contract Tower,0,1,18,0,19,0,8,98,0,106,0,9,116,0,125,203,0,203,328
08/18/2015,RAL,CA,AWP,WE,Federal Contract Tower,0,0,39,0,39,0,2,100,0,102,0,2,139,0,141,189,0,189,330
08/19/2015,RAL,CA,AWP,WE,Federal Contract Tower,0,0,37,0,37,0,8,141,2,151,0,8,178,2,188,236,0,236,424
08/20/2015,RAL,CA,AWP,WE,Federal Contract Tower,0,0,35,0,35,0,17,108,1,126,0,17,143,1,161,190,0,190,351
08/21/2015,RAL,CA,AWP,WE,Federal Contract Tower,0,0,32,0,32,0,13,127,3,143,0,13,159,3,175,190,0,190,365
08/22/2015,RAL,CA,AWP,WE,Federal Contract Tower,0,0,19,0,19,0,13,93,3,109,0,13,112,3,128,143,0,143,271
08/23/2015,RAL,CA,AWP,WE,Federal Contract Tower,0,0,14,0,14,0,12,126,1,139,0,12,140,1,153,106,0,106,259
08/24/2015,RAL,CA,AWP,WE,Federal Contract Tower,0,0,25,0,25,0,7,125,0,132,0,7,150,0,157,205,0,205,362
08/25/2015,RAL,CA,AWP,WE,Federal Contract Tower,0,0,16,0,16,0,13,103,0,116,0,13,119,0,132,201,0,201,333
08/26/2015,RAL,CA,AWP,WE,Federal Contract Tower,0,0,21,0,21,0,7,106,0,113,0,7,127,0,134,183,0,183,317
08/27/2015,RAL,CA,AWP,WE,Federal Contract Tower,0,2,26,0,28,0,13,126,0,139,0,15,152,0,167,156,0,156,323
08/28/2015,RAL,CA,AWP,WE,Federal Contract Tower,0,0,23,0,23,0,11,108,0,119,0,11,131,0,142,95,0,95,237
08/29/2015,RAL,CA,AWP,WE,Federal Contract Tower,0,0,20,0,20,0,4,109,0,113,0,4,129,0,133,102,0,102,235
08/30/2015,RAL,CA,AWP,WE,Federal Contract Tower,0,0,29,0,29,0,4,93,0,97,0,4,122,0,126,136,0,136,262
08/31/2015,RAL,CA,AWP,WE,Federal Contract Tower,0,0,16,0,16,0,9,73,0,82,0,9,89,0,98,172,0,172,270
09/01/2015,RAL,CA,AWP,WE,Federal Contract Tower,0,0,23,1,24,0,8,113,0,121,0,8,136,1,145,166,0,166,311
09/02/2015,RAL,CA,AWP,WE,Federal Contract Tower,0,1,22,0,23,0,2,98,0,100,0,3,120,0,123,173,0,173,296
09/03/2015,RAL,CA,AWP,WE,Federal Contract Tower,0,0,26,0,26,0,1,92,0,93,0,1,118,0,119,181,0,181,300
09/04/2015,RAL,CA,AWP,WE,Federal Contract Tower,0,1,31,0,32,0,9,111,0,120,0,10,142,0,152,119,0,119,271
09/05/2015,RAL,CA,AWP,WE,Federal Contract Tower,0,0,8,0,8,0,2,90,6,98,0,2,98,6,106,159,0,159,265
09/06/2015,RAL,CA,AWP,WE,Federal Contract Tower,0,0,8,0,8,0,1,82,3,86,0,1,90,3,94,94,26,120,214
09/07/2015,RAL,CA,AWP,WE,Federal Contract Tower,0,0,16,0,16,0,11,81,0,92,0,11,97,0,108,62,0,62,170
09/08/2015,RAL,CA,AWP,WE,Federal Contract Tower,0,0,24,0,24,0,3,98,1,102,0,3,122,1,126,128,0,128,254
09/09/2015,RAL,CA,AWP,WE,Federal Contract Tower,0,0,8,0,8,0,6,88,0,94,0,6,96,0,102,122,0,122,224
09/10/2015,RAL,CA,AWP,WE,Federal Contract Tower,0,1,18,0,19,0,15,121,3,139,0,16,139,3,158,145,0,145,303
09/11/2015,RAL,CA,AWP,WE,Federal Contract Tower,0,0,25,0,25,0,4,94,5,103,0,4,119,5,128,158,0,158,286
09/12/2015,RAL,CA,AWP,WE,Federal Contract Tower,0,0,14,0,14,0,14,120,5,139,0,14,134,5,153,135,0,135,288
09/13/2015,RAL,CA,AWP,WE,Federal Contract Tower,0,0,10,0,10,0,0,74,0,74,0,0,84,0,84,92,0,92,176
09/14/2015,RAL,CA,AWP,WE,Federal Contract Tower,0,0,32,0,32,0,13,114,0,127,0,13,146,0,159,143,0,143,302
09/15/2015,RAL,CA,AWP,WE,Federal Contract Tower,0,1,14,0,15,0,6,3,0,9,0,7,17,0,24,28,0,28,52
09/16/2015,RAL,CA,AWP,WE,Federal Contract Tower,0,0,29,0,29,0,17,126,2,145,0,17,155,2,174,203,0,203,377
09/17/2015,RAL,CA,AWP,WE,Federal Contract Tower,0,0,25,0,25,0,19,147,4,170,0,19,172,4,195,204,0,204,399
09/18/2015,RAL,CA,AWP,WE,Federal Contract Tower,0,0,34,0,34,0,10,166,0,176,0,10,200,0,210,187,0,187,397
09/19/2015,RAL,CA,AWP,WE,Federal Contract Tower,0,0,10,0,10,0,4,155,5,164,0,4,165,5,174,154,0,154,328
09/20/2015,RAL,CA,AWP,WE,Federal Contract Tower,0,0,11,0,11,0,9,89,0,98,0,9,100,0,109,82,0,82,191
09/21/2015,RAL,CA,AWP,WE,Federal Contract Tower,0,0,19,0,19,0,14,138,0,152,0,14,157,0,171,162,0,162,333
09/22/2015,RAL,CA,AWP,WE,Federal Contract Tower,0,0,39,0,39,0,15,104,0,119,0,15,143,0,158,202,0,202,360
09/23/2015,RAL,CA,AWP,WE,Federal Contract Tower,0,0,40,0,40,0,7,157,0,164,0,7,197,0,204,180,0,180,384
09/24/2015,RAL,CA,AWP,WE,Federal Contract Tower,0,0,22,0,22,0,7,168,3,178,0,7,190,3,200,176,0,176,376
09/25/2015,RAL,CA,AWP,WE,Federal Contract Tower,0,0,36,0,36,0,19,184,1,204,0,19,220,1,240,193,0,193,433
09/26/2015,RAL,CA,AWP,WE,Federal Contract Tower,0,0,26,0,26,0,11,157,1,169,0,11,183,1,195,158,0,158,353
09/27/2015,RAL,CA,AWP,WE,Federal Contract Tower,0,0,20,0,20,0,11,80,0,91,0,11,100,0,111,30,0,30,141
09/28/2015,RAL,CA,AWP,WE,Federal Contract Tower,0,0,19,0,19,0,24,127,0,151,0,24,146,0,170,140,0,140,310
09/29/2015,RAL,CA,AWP,WE,Federal Contract Tower,0,0,24,0,24,0,22,142,0,164,0,22,166,0,188,203,0,203,391
09/30/2015,RAL,CA,AWP,WE,Federal Contract Tower,0,0,19,0,19,0,22,149,1,172,0,22,168,1,191,225,0,225,416
10/01/2015,RAL,CA,AWP,WE,Federal Contract Tower,0,0,26,0,26,0,11,128,0,139,0,11,154,0,165,195,0,195,360
10/02/2015,RAL,CA,AWP,WE,Federal Contract Tower,0,0,14,0,14,0,6,173,0,179,0,6,187,0,193,262,0,262,455
10/03/2015,RAL,CA,AWP,WE,Federal Contract Tower,0,0,27,0,27,0,5,147,1,153,0,5,174,1,180,168,0,168,348
10/04/2015,RAL,CA,AWP,WE,Federal Contract Tower,0,0,13,0,13,0,9,16,0,25,0,9,29,0,38,23,0,23,61
10/05/2015,RAL,CA,AWP,WE,Federal Contract Tower,0,0,20,1,21,0,8,74,6,88,0,8,94,7,109,210,0,210,319
10/06/2015,RAL,CA,AWP,WE,Federal Contract Tower,0,0,25,0,25,0,15,105,3,123,0,15,130,3,148,179,0,179,327
10/07/2015,RAL,CA,AWP,WE,Federal Contract Tower,0,0,26,1,27,0,21,149,0,170,0,21,175,1,197,160,0,160,357
10/08/2015,RAL,CA,AWP,WE,Federal Contract Tower,0,3,22,0,25,0,13,110,0,123,0,16,132,0,148,128,0,128,276
10/09/2015,RAL,CA,AWP,WE,Federal Contract Tower,0,0,15,0,15,0,14,141,1,156,0,14,156,1,171,189,0,189,360
10/10/2015,RAL,CA,AWP,WE,Federal Contract Tower,0,0,18,0,18,0,11,96,1,108,0,11,114,1,126,120,0,120,246
10/11/2015,RAL,CA,AWP,WE,Federal Contract Tower,0,0,11,0,11,0,14,89,0,103,0,14,100,0,114,52,0,52,166
10/12/2015,RAL,CA,AWP,WE,Federal Contract Tower,0,0,25,0,25,0,10,133,0,143,0,10,158,0,168,346,0,346,514
10/13/2015,RAL,CA,AWP,WE,Federal Contract Tower,0,0,25,0,25,0,20,143,0,163,0,20,168,0,188,189,0,189,377
10/14/2015,RAL,CA,AWP,WE,Federal Contract Tower,0,0,32,0,32,0,16,143,0,159,0,16,175,0,191,370,0,370,561
10/15/2015,RAL,CA,AWP,WE,Federal Contract Tower,0,0,15,0,15,0,4,65,0,69,0,4,80,0,84,197,0,197,281
10/16/2015,RAL,CA,AWP,WE,Federal Contract Tower,0,0,17,0,17,0,2,82,0,84,0,2,99,0,101,238,0,238,339
10/17/2015,RAL,CA,AWP,WE,Federal Contract Tower,0,0,22,0,22,0,3,61,0,64,0,3,83,0,86,164,0,164,250
10/18/2015,RAL,CA,AWP,WE,Federal Contract Tower,0,0,33,0,33,0,15,43,0,58,0,15,76,0,91,87,0,87,178
10/19/2015,RAL,CA,AWP,WE,Federal Contract Tower,0,0,15,0,15,0,19,94,0,113,0,19,109,0,128,264,0,264,392
10/20/2015,RAL,CA,AWP,WE,Federal Contract Tower,0,0,19,0,19,0,11,133,0,144,0,11,152,0,163,87,0,87,250
10/21/2015,RAL,CA,AWP,WE,Federal Contract Tower,0,2,10,0,12,0,11,71,0,82,0,13,81,0,94,164,0,164,258
10/22/2015,RAL,CA,AWP,WE,Federal Contract Tower,0,0,28,0,28,0,4,121,0,125,0,4,149,0,153,210,0,210,363
10/23/2015,RAL,CA,AWP,WE,Federal Contract Tower,0,0,33,0,33,0,0,127,0,127,0,0,160,0,160,166,0,166,326
10/24/2015,RAL,CA,AWP,WE,Federal Contract Tower,0,0,30,0,30,0,17,115,1,133,0,17,145,1,163,168,0,168,331
10/25/2015,RAL,CA,AWP,WE,Federal Contract Tower,0,1,12,0,13,0,8,127,0,135,0,9,139,0,148,105,0,105,253
10/26/2015,RAL,CA,AWP,WE,Federal Contract Tower,0,0,19,0,19,0,19,135,0,154,0,19,154,0,173,306,0,306,479
10/27/2015,RAL,CA,AWP,WE,Federal Contract Tower,0,0,18,0,18,0,12,167,7,186,0,12,185,7,204,191,2,193,397
10/28/2015,RAL,CA,AWP,WE,Federal Contract Tower,0,0,35,0,35,0,2,124,0,126,0,2,159,0,161,247,0,247,408
10/29/2015,RAL,CA,AWP,WE,Federal Contract Tower,0,0,21,0,21,0,16,75,0,91,0,16,96,0,112,140,0,140,252
10/30/2015,RAL,CA,AWP,WE,Federal Contract Tower,0,1,10,0,11,0,0,48,0,48,0,1,58,0,59,34,0,34,93
10/31/2015,RAL,CA,AWP,WE,Federal Contract Tower,0,0,23,0,23,0,26,154,0,180,0,26,177,0,203,167,0,167,370
11/01/2015,RAL,CA,AWP,WE,Federal Contract Tower,0,0,28,0,28,0,11,111,0,122,0,11,139,0,150,92,0,92,242
11/02/2015,RAL,CA,AWP,WE,Federal Contract Tower,0,0,7,0,7,0,10,84,1,95,0,10,91,1,102,206,0,206,308
11/03/2015,RAL,CA,AWP,WE,Federal Contract Tower,0,0,10,0,10,0,11,100,1,112,0,11,110,1,122,82,0,82,204
11/04/2015,RAL,CA,AWP,WE,Federal Contract Tower,0,0,17,0,17,0,13,116,0,129,0,13,133,0,146,165,0,165,311
11/05/2015,RAL,CA,AWP,WE,Federal Contract Tower,0,0,30,0,30,0,15,130,0,145,0,15,160,0,175,185,0,185,360
11/06/2015,RAL,CA,AWP,WE,Federal Contract Tower,0,0,13,0,13,0,11,87,0,98,0,11,100,0,111,34,0,34,145
11/07/2015,RAL,CA,AWP,WE,Federal Contract Tower,0,0,20,0,20,0,6,129,0,135,0,6,149,0,155,74,0,74,229
11/08/2015,RAL,CA,AWP,WE,Federal Contract Tower,0,0,12,0,12,0,2,81,1,84,0,2,93,1,96,200,0,200,296
11/09/2015,RAL,CA,AWP,WE,Federal Contract Tower,0,0,11,0,11,0,15,118,0,133,0,15,129,0,144,264,0,264,408
11/10/2015,RAL,CA,AWP,WE,Federal Contract Tower,0,0,22,0,22,0,13,140,0,153,0,13,162,0,175,137,0,137,312
11/11/2015,RAL,CA,AWP,WE,Federal Contract Tower,0,0,11,0,11,0,5,188,0,193,0,5,199,0,204,179,0,179,383
11/12/2015,RAL,CA,AWP,WE,Federal Contract Tower,0,0,26,0,26,0,9,86,0,95,0,9,112,0,121,61,0,61,182
11/13/2015,RAL,CA,AWP,WE,Federal Contract Tower,0,0,19,0,19,0,6,121,0,127,0,6,140,0,146,193,0,193,339
11/14/2015,RAL,CA,AWP,WE,Federal Contract Tower,0,0,21,0,21,0,22,113,5,140,0,22,134,5,161,195,0,195,356
11/15/2015,RAL,CA,AWP,WE,Federal Contract Tower,0,0,16,0,16,0,13,67,0,80,0,13,83,0,96,58,0,58,154
11/16/2015,RAL,CA,AWP,WE,Federal Contract Tower,0,0,9,0,9,0,16,95,1,112,0,16,104,1,121,261,0,261,382
11/17/2015,RAL,CA,AWP,WE,Federal Contract Tower,0,1,19,0,20,0,4,82,4,90,0,5,101,4,110,249,0,249,359
11/18/2015,RAL,CA,AWP,WE,Federal Contract Tower,0,0,25,0,25,0,17,163,4,184,0,17,188,4,209,346,0,346,555
11/19/2015,RAL,CA,AWP,WE,Federal Contract Tower,0,0,20,0,20,0,16,140,0,156,0,16,160,0,176,165,0,165,341
11/20/2015,RAL,CA,AWP,WE,Federal Contract Tower,0,0,34,0,34,0,14,131,0,145,0,14,165,0,179,215,0,215,394
11/21/2015,RAL,CA,AWP,WE,Federal Contract Tower,0,0,7,0,7,0,17,75,3,95,0,17,82,3,102,109,0,109,211
11/22/2015,RAL,CA,AWP,WE,Federal Contract Tower,0,0,21,0,21,0,13,87,0,100,0,13,108,0,121,67,0,67,188
11/23/2015,RAL,CA,AWP,WE,Federal Contract Tower,0,0,15,0,15,0,15,144,0,159,0,15,159,0,174,136,0,136,310
11/24/2015,RAL,CA,AWP,WE,Federal Contract Tower,0,0,27,0,27,0,12,126,0,138,0,12,153,0,165,214,0,214,379
11/25/2015,RAL,CA,AWP,WE,Federal Contract Tower,0,0,17,0,17,0,14,99,0,113,0,14,116,0,130,98,0,98,228
11/26/2015,RAL,CA,AWP,WE,Federal Contract Tower,0,0,7,0,7,0,11,17,0,28,0,11,24,0,35,13,0,13,48
11/27/2015,RAL,CA,AWP,WE,Federal Contract Tower,0,0,13,0,13,0,3,44,0,47,0,3,57,0,60,29,0,29,89
11/28/2015,RAL,CA,AWP,WE,Federal Contract Tower,0,0,15,0,15,0,10,124,1,135,0,10,139,1,150,83,0,83,233
11/29/2015,RAL,CA,AWP,WE,Federal Contract Tower,0,0,22,0,22,0,21,87,0,108,0,21,109,0,130,70,0,70,200
11/30/2015,RAL,CA,AWP,WE,Federal Contract Tower,0,0,26,0,26,0,15,109,0,124,0,15,135,0,150,193,0,193,343
12/01/2015,RAL,CA,AWP,WE,Federal Contract Tower,0,2,25,0,27,0,22,91,0,113,0,24,116,0,140,164,0,164,304
12/02/2015,RAL,CA,AWP,WE,Federal Contract Tower,0,1,40,0,41,0,27,125,1,153,0,28,165,1,194,246,0,246,440
12/03/2015,RAL,CA,AWP,WE,Federal Contract Tower,0,2,32,0,34,0,19,100,0,119,0,21,132,0,153,156,0,156,309
12/04/2015,RAL,CA,AWP,WE,Federal Contract Tower,0,0,27,0,27,0,19,129,0,148,0,19,156,0,175,196,0,196,371
12/05/2015,RAL,CA,AWP,WE,Federal Contract Tower,0,0,19,0,19,0,12,142,2,156,0,12,161,2,175,143,0,143,318
12/06/2015,RAL,CA,AWP,WE,Federal Contract Tower,0,0,16,0,16,0,17,78,0,95,0,17,94,0,111,57,0,57,168
12/07/2015,RAL,CA,AWP,WE,Federal Contract Tower,0,1,23,0,24,0,27,133,0,160,0,28,156,0,184,226,0,226,410
12/08/2015,RAL,CA,AWP,WE,Federal Contract Tower,0,1,29,0,30,0,13,129,0,142,0,14,158,0,172,251,0,251,423
12/09/2015,RAL,CA,AWP,WE,Federal Contract Tower,0,2,25,0,27,0,12,139,0,151,0,14,164,0,178,208,0,208,386
12/10/2015,RAL,CA,AWP,WE,Federal Contract Tower,0,1,11,0,12,0,8,76,0,84,0,9,87,0,96,237,0,237,333
12/11/2015,RAL,CA,AWP,WE,Federal Contract Tower,0,0,21,0,21,0,10,53,1,64,0,10,74,1,85,136,0,136,221
12/12/2015,RAL,CA,AWP,WE,Federal Contract Tower,0,0,15,0,15,0,2,94,1,97,0,2,109,1,112,126,0,126,238
12/13/2015,RAL,CA,AWP,WE,Federal Contract Tower,0,0,13,0,13,0,6,73,4,83,0,6,86,4,96,58,0,58,154
12/14/2015,RAL,CA,AWP,WE,Federal Contract Tower,0,1,18,0,19,0,2,99,0,101,0,3,117,0,120,169,0,169,289
12/15/2015,RAL,CA,AWP,WE,Federal Contract Tower,0,1,16,0,17,0,18,80,1,99,0,19,96,1,116,45,6,51,167
12/16/2015,RAL,CA,AWP,WE,Federal Contract Tower,0,0,22,0,22,0,2,98,0,100,0,2,120,0,122,93,0,93,215
12/17/2015,RAL,CA,AWP,WE,Federal Contract Tower,0,0,19,0,19,0,5,123,0,128,0,5,142,0,147,155,0,155,302
12/18/2015,RAL,CA,AWP,WE,Federal Contract Tower,0,0,8,0,8,0,11,109,3,123,0,11,117,3,131,170,0,170,301
12/19/2015,RAL,CA,AWP,WE,Federal Contract Tower,0,0,7,0,7,0,12,117,0,129,0,12,124,0,136,102,0,102,238
12/20/2015,RAL,CA,AWP,WE,Federal Contract Tower,0,0,12,0,12,0,5,67,1,73,0,5,79,1,85,97,0,97,182
12/21/2015,RAL,CA,AWP,WE,Federal Contract Tower,0,2,11,0,13,0,9,93,0,102,0,11,104,0,115,184,0,184,299
12/22/2015,RAL,CA,AWP,WE,Federal Contract Tower,0,0,8,0,8,0,12,3,0,15,0,12,11,0,23,0,0,0,23
12/23/2015,RAL,CA,AWP,WE,Federal Contract Tower,0,0,16,0,16,0,22,81,0,103,0,22,97,0,119,121,0,121,240
12/24/2015,RAL,CA,AWP,WE,Federal Contract Tower,0,0,2,0,2,0,13,54,0,67,0,13,56,0,69,82,0,82,151
12/25/2015,RAL,CA,AWP,WE,Federal Contract Tower,0,0,0,0,0,0,2,20,0,22,0,2,20,0,22,12,0,12,34
12/26/2015,RAL,CA,AWP,WE,Federal Contract Tower,0,0,4,0,4,0,2,23,0,25,0,2,27,0,29,34,0,34,63
12/27/2015,RAL,CA,AWP,WE,Federal Contract Tower,0,0,9,0,9,0,6,74,2,82,0,6,83,2,91,18,18,36,127
12/28/2015,RAL,CA,AWP,WE,Federal Contract Tower,0,0,12,0,12,0,11,94,6,111,0,11,106,6,123,71,0,71,194
12/29/2015,RAL,CA,AWP,WE,Federal Contract Tower,0,0,17,0,17,0,13,113,0,126,0,13,130,0,143,103,0,103,246
12/30/2015,RAL,CA,AWP,WE,Federal Contract Tower,0,0,21,0,21,0,15,158,0,173,0,15,179,0,194,118,8,126,320
12/31/2015,RAL,CA,AWP,WE,Federal Contract Tower,0,0,10,0,10,0,7,41,0,48,0,7,51,0,58,37,0,37,95
01/01/2016,RAL,CA,AWP,WE,Federal Contract Tower,0,0,10,0,10,0,13,43,0,56,0,13,53,0,66,38,0,38,104
01/02/2016,RAL,CA,AWP,WE,Federal Contract Tower,0,0,25,0,25,0,16,81,2,99,0,16,106,2,124,39,0,39,163
01/03/2016,RAL,CA,AWP,WE,Federal Contract Tower,0,0,10,0,10,0,7,88,0,95,0,7,98,0,105,88,0,88,193
01/04/2016,RAL,CA,AWP,WE,Federal Contract Tower,0,0,14,0,14,0,6,86,1,93,0,6,100,1,107,47,0,47,154
01/05/2016,RAL,CA,AWP,WE,Federal Contract Tower,0,0,4,0,4,0,3,8,0,11,0,3,12,0,15,6,0,6,21
01/06/2016,RAL,CA,AWP,WE,Federal Contract Tower,0,0,0,0,0,0,2,39,0,41,0,2,39,0,41,6,0,6,47
01/07/2016,RAL,CA,AWP,WE,Federal Contract Tower,0,3,11,0,14,0,17,90,0,107,0,20,101,0,121,68,0,68,189
01/08/2016,RAL,CA,AWP,WE,Federal Contract Tower,0,0,20,0,20,0,11,115,0,126,0,11,135,0,146,126,0,126,272
01/09/2016,RAL,CA,AWP,WE,Federal Contract Tower,0,0,17,0,17,0,14,71,0,85,0,14,88,0,102,83,0,83,185
01/10/2016,RAL,CA,AWP,WE,Federal Contract Tower,0,0,20,0,20,0,10,75,0,85,0,10,95,0,105,65,0,65,170
01/11/2016,RAL,CA,AWP,WE,Federal Contract Tower,0,0,13,0,13,0,28,110,0,138,0,28,123,0,151,103,0,103,254
01/12/2016,RAL,CA,AWP,WE,Federal Contract Tower,0,0,19,0,19,0,22,143,0,165,0,22,162,0,184,138,0,138,322
01/13/2016,RAL,CA,AWP,WE,Federal Contract Tower,0,0,23,0,23,0,23,122,3,148,0,23,145,3,171,162,0,162,333
01/14/2016,RAL,CA,AWP,WE,Federal Contract Tower,0,0,16,0,16,0,14,123,0,137,0,14,139,0,153,184,0,184,337
01/15/2016,RAL,CA,AWP,WE,Federal Contract Tower,0,0,15,0,15,0,12,73,0,85,0,12,88,0,100,238,0,238,338
01/16/2016,RAL,CA,AWP,WE,Federal Contract Tower,0,0,10,0,10,0,3,97,0,100,0,3,107,0,110,177,0,177,287
01/17/2016,RAL,CA,AWP,WE,Federal Contract Tower,0,0,14,0,14,0,14,83,1,98,0,14,97,1,112,32,4,36,148
01/18/2016,RAL,CA,AWP,WE,Federal Contract Tower,0,0,6,0,6,0,6,40,0,46,0,6,46,0,52,32,0,32,84
01/19/2016,RAL,CA,AWP,WE,Federal Contract Tower,0,0,16,0,16,0,12,99,0,111,0,12,115,0,127,141,0,141,268
01/20/2016,RAL,CA,AWP,WE,Federal Contract Tower,0,0,34,0,34,0,8,78,0,86,0,8,112,0,120,214,0,214,334
01/21/2016,RAL,CA,AWP,WE,Federal Contract Tower,0,0,24,0,24,0,14,136,0,150,0,14,160,0,174,187,0,187,361
01/22/2016,RAL,CA,AWP,WE,Federal Contract Tower,0,2,20,0,22,0,24,130,0,154,0,26,150,0,176,165,0,165,341
01/23/2016,RAL,CA,AWP,WE,Federal Contract Tower,0,0,9,0,9,0,9,116,0,125,0,9,125,0,134,199,0,199,333
01/24/2016,RAL,CA,AWP,WE,Federal Contract Tower,0,0,14,0,14,0,7,75,0,82,0,7,89,0,96,44,0,44,140
01/25/2016,RAL,CA,AWP,WE,Federal Contract Tower,0,0,17,0,17,0,12,75,0,87,0,12,92,0,104,68,0,68,172
01/26/2016,RAL,CA,AWP,WE,Federal Contract Tower,0,0,14,0,14,0,8,78,1,87,0,8,92,1,101,68,0,68,169
01/27/2016,RAL,CA,AWP,WE,Federal Contract Tower,0,0,25,0,25,0,2,114,0,116,0,2,139,0,141,137,0,137,278
01/28/2016,RAL,CA,AWP,WE,Federal Contract Tower,0,0,26,0,26,0,16,172,1,189,0,16,198,1,215,193,0,193,408
01/29/2016,RAL,CA,AWP,WE,Federal Contract Tower,0,0,24,0,24,0,14,127,0,141,0,14,151,0,165,177,0,177,342
01/30/2016,RAL,CA,AWP,WE,Federal Contract Tower,0,0,15,0,15,0,4,94,1,99,0,4,109,1,114,226,0,226,340
01/31/2016,RAL,CA,AWP,WE,Federal Contract Tower,0,0,5,0,5,0,0,1,0,1,0,0,6,0,6,14,0,14,20
02/01/2016,RAL,CA,AWP,WE,Federal Contract Tower,0,0,14,0,14,0,13,99,0,112,0,13,113,0,126,195,0,195,321
02/02/2016,RAL,CA,AWP,WE,Federal Contract Tower,0,0,35,0,35,0,12,82,7,101,0,12,117,7,136,180,0,180,316
02/03/2016,RAL,CA,AWP,WE,Federal Contract Tower,0,0,28,0,28,0,15,166,5,186,0,15,194,5,214,219,0,219,433
02/04/2016,RAL,CA,AWP,WE,Federal Contract Tower,0,0,19,0,19,0,12,130,10,152,0,12,149,10,171,198,0,198,369
02/05/2016,RAL,CA,AWP,WE,Federal Contract Tower,0,2,20,0,22,0,18,98,2,118,0,20,118,2,140,120,0,120,260
02/06/2016,RAL,CA,AWP,WE,Federal Contract Tower,0,1,11,0,12,0,14,98,0,112,0,15,109,0,124,89,0,89,213
02/07/2016,RAL,CA,AWP,WE,Federal Contract Tower,0,0,5,0,5,0,1,43,2,46,0,1,48,2,51,7,0,7,58
02/08/2016,RAL,CA,AWP,WE,Federal Contract Tower,0,0,8,0,8,0,8,54,2,64,0,8,62,2,72,6,0,6,78
02/09/2016,RAL,CA,AWP,WE,Federal Contract Tower,0,0,25,0,25,0,18,126,1,145,0,18,151,1,170,203,0,203,373
02/10/2016,RAL,CA,AWP,WE,Federal Contract Tower,0,0,23,0,23,0,16,137,0,153,0,16,160,0,176,270,0,270,446
02/11/2016,RAL,CA,AWP,WE,Federal Contract Tower,0,0,28,0,28,0,9,115,4,128,0,9,143,4,156,144,0,144,300
02/12/2016,RAL,CA,AWP,WE,Federal Contract Tower,0,0,24,0,24,0,8,123,0,131,0,8,147,0,155,251,0,251,406
02/13/2016,RAL,CA,AWP,WE,Federal Contract Tower,0,0,26,0,26,0,5,141,4,150,0,5,167,4,176,124,0,124,300
02/14/2016,RAL,CA,AWP,WE,Federal Contract Tower,0,0,5,0,5,0,9,94,0,103,0,9,99,0,108,74,0,74,182
02/15/2016,RAL,CA,AWP,WE,Federal Contract Tower,0,0,10,0,10,0,11,58,1,70,0,11,68,1,80,46,0,46,126
02/16/2016,RAL,CA,AWP,WE,Federal Contract Tower,0,0,33,0,33,0,8,127,4,139,0,8,160,4,172,203,0,203,375
02/17/2016,RAL,CA,AWP,WE,Federal Contract Tower,0,0,22,0,22,0,17,116,1,134,0,17,138,1,156,283,0,283,439
02/18/2016,RAL,CA,AWP,WE,Federal Contract Tower,0,0,13,0,13,0,5,70,0,75,0,5,83,0,88,146,0,146,234
02/19/2016,RAL,CA,AWP,WE,Federal Contract Tower,0,0,25,0,25,0,25,220,0,245,0,25,245,0,270,279,0,279,549
02/20/2016,RAL,CA,AWP,WE,Federal Contract Tower,0,0,20,0,20,0,9,141,0,150,0,9,161,0,170,196,0,196,366
02/21/2016,RAL,CA,AWP,WE,Federal Contract Tower,0,0,5,0,5,0,5,67,2,74,0,5,72,2,79,29,0,29,108
02/22/2016,RAL,CA,AWP,WE,Federal Contract Tower,0,0,18,0,18,0,9,48,0,57,0,9,66,0,75,31,0,31,106
02/23/2016,RAL,CA,AWP,WE,Federal Contract Tower,0,0,32,0,32,0,17,135,1,153,0,17,167,1,185,263,0,263,448
02/24/2016,RAL,CA,AWP,WE,Federal Contract Tower,0,0,37,0,37,0,16,123,0,139,0,16,160,0,176,251,0,251,427
02/25/2016,RAL,CA,AWP,WE,Federal Contract Tower,0,3,31,0,34,0,11,133,4,148,0,14,164,4,182,114,0,114,296
02/26/2016,RAL,CA,AWP,WE,Federal Contract Tower,0,1,24,0,25,0,11,141,0,152,0,12,165,0,177,201,0,201,378
02/27/2016,RAL,CA,AWP,WE,Federal Contract Tower,0,0,11,0,11,0,6,171,0,177,0,6,182,0,188,184,0,184,372
02/28/2016,RAL,CA,AWP,WE,Federal Contract Tower,0,1,20,0,21,0,17,114,0,131,0,18,134,0,152,94,0,94,246
02/29/2016,RAL,CA,AWP,WE,Federal Contract Tower,0,0,15,0,15,0,14,120,6,140,0,14,135,6,155,224,0,224,379
03/01/2016,RAL,CA,AWP,WE,Federal Contract Tower,0,0,25,0,25,0,16,120,2,138,0,16,145,2,163,237,0,237,400
03/02/2016,RAL,CA,AWP,WE,Federal Contract Tower,0,0,17,0,17,0,13,124,2,139,0,13,141,2,156,254,0,254,410
03/03/2016,RAL,CA,AWP,WE,Federal Contract Tower,0,0,21,0,21,0,13,136,0,149,0,13,157,0,170,140,0,140,310
03/04/2016,RAL,CA,AWP,WE,Federal Contract Tower,0,0,17,0,17,0,11,131,2,144,0,11,148,2,161,268,2,270,431
03/05/2016,RAL,CA,AWP,WE,Federal Contract Tower,0,0,18,0,18,0,5,86,0,91,0,5,104,0,109,196,0,196,305
03/06/2016,RAL,CA,AWP,WE,Federal Contract Tower,0,1,7,0,8,0,9,27,0,36,0,10,34,0,44,56,0,56,100
03/07/2016,RAL,CA,AWP,WE,Federal Contract Tower,0,0,4,0,4,0,11,4,0,15,0,11,8,0,19,40,0,40,59
03/08/2016,RAL,CA,AWP,WE,Federal Contract Tower,0,0,23,0,23,0,25,118,2,145,0,25,141,2,168,273,0,273,441
03/09/2016,RAL,CA,AWP,WE,Federal Contract Tower,0,0,29,0,29,0,11,147,0,158,0,11,176,0,187,235,0,235,422
03/10/2016,RAL,CA,AWP,WE,Federal Contract Tower,0,0,23,0,23,0,12,181,2,195,0,12,204,2,218,148,0,148,366
03/11/2016,RAL,CA,AWP,WE,Federal Contract Tower,0,0,15,0,15,0,11,74,0,85,0,11,89,0,100,205,16,221,321
03/12/2016,RAL,CA,AWP,WE,Federal Contract Tower,0,0,28,0,28,0,16,183,3,202,0,16,211,3,230,177,0,177,407
03/13/2016,RAL,CA,AWP,WE,Federal Contract Tower,0,0,22,0,22,0,17,98,0,115,0,17,120,0,137,100,0,100,237
03/14/2016,RAL,CA,AWP,WE,Federal Contract Tower,0,0,19,0,19,0,12,72,0,84,0,12,91,0,103,127,0,127,230
03/15/2016,RAL,CA,AWP,WE,Federal Contract Tower,0,0,15,0,15,0,20,129,15,164,0,20,144,15,179,152,0,152,331
03/16/2016,RAL,CA,AWP,WE,Federal Contract Tower,0,0,18,0,18,0,23,116,0,139,0,23,134,0,157,129,0,129,286
03/17/2016,RAL,CA,AWP,WE,Federal Contract Tower,0,0,24,1,25,0,8,129,0,137,0,8,153,1,162,161,0,161,323
03/18/2016,RAL,CA,AWP,WE,Federal Contract Tower,0,0,13,0,13,0,14,97,2,113,0,14,110,2,126,151,0,151,277
03/19/2016,RAL,CA,AWP,WE,Federal Contract Tower,0,0,7,0,7,0,6,63,0,69,0,6,70,0,76,110,0,110,186
03/20/2016,RAL,CA,AWP,WE,Federal Contract Tower,0,0,17,0,17,0,8,55,0,63,0,8,72,0,80,113,0,113,193
03/21/2016,RAL,CA,AWP,WE,Federal Contract Tower,0,0,24,0,24,0,5,64,0,69,0,5,88,0,93,155,0,155,248
03/22/2016,RAL,CA,AWP,WE,Federal Contract Tower,0,0,8,0,8,0,11,123,0,134,0,11,131,0,142,172,0,172,314
03/23/2016,RAL,CA,AWP,WE,Federal Contract Tower,0,0,11,0,11,0,10,63,0,73,0,10,74,0,84,123,0,123,207
03/24/2016,RAL,CA,AWP,WE,Federal Contract Tower,0,0,14,0,14,0,9,134,0,143,0,9,148,0,157,114,2,116,273
03/25/2016,RAL,CA,AWP,WE,Federal Contract Tower,0,0,11,0,11,0,16,114,0,130,0,16,125,0,141,148,0,148,289
03/26/2016,RAL,CA,AWP,WE,Federal Contract Tower,0,0,19,0,19,0,11,123,0,134,0,11,142,0,153,112,0,112,265
03/27/2016,RAL,CA,AWP,WE,Federal Contract Tower,0,0,5,0,5,0,9,55,0,64,0,9,60,0,69,43,0,43,112
03/28/2016,RAL,CA,AWP,WE,Federal Contract Tower,0,0,11,0,11,0,9,43,0,52,0,9,54,0,63,111,0,111,174
03/29/2016,RAL,CA,AWP,WE,Federal Contract Tower,0,0,13,0,13,0,11,78,0,89,0,11,91,0,102,277,0,277,379
03/30/2016,RAL,CA,AWP,WE,Federal Contract Tower,0,0,12,0,12,0,13,100,3,116,0,13,112,3,128,222,0,222,350
03/31/2016,RAL,CA,AWP,WE,Federal Contract Tower,0,0,14,0,14,0,8,112,0,120,0,8,126,0,134,279,6,285,419
04/01/2016,RAL,CA,AWP,WE,Federal Contract Tower,0,0,19,0,19,0,30,134,2,166,0,30,153,2,185,104,0,104,289
04/02/2016,RAL,CA,AWP,WE,Federal Contract Tower,0,0,2,0,2,0,3,61,0,64,0,3,63,0,66,0,0,0,66
04/03/2016,RAL,CA,AWP,WE,Federal Contract Tower,0,0,9,0,9,0,11,102,0,113,0,11,111,0,122,70,0,70,192
04/04/2016,RAL,CA,AWP,WE,Federal Contract Tower,0,11,118,3,132,0,0,13,0,13,0,11,131,3,145,275,0,275,420
04/05/2016,RAL,CA,AWP,WE,Federal Contract Tower,0,1,15,0,16,0,16,138,0,154,0,17,153,0,170,202,0,202,372
04/06/2016,RAL,CA,AWP,WE,Federal Contract Tower,0,0,12,0,12,0,12,110,2,124,0,12,122,2,136,234,0,234,370
04/07/2016,RAL,CA,AWP,WE,Federal Contract Tower,0,0,15,0,15,0,9,77,0,86,0,9,92,0,101,201,0,201,302
04/08/2016,RAL,CA,AWP,WE,Federal Contract Tower,0,0,10,0,10,0,4,2,0,6,0,4,12,0,16,20,0,20,36
04/09/2016,RAL,CA,AWP,WE,Federal Contract Tower,0,0,12,0,12,0,7,40,0,47,0,7,52,0,59,108,0,108,167
04/10/2016,RAL,CA,AWP,WE,Federal Contract Tower,0,0,9,0,9,0,14,41,0,55,0,14,50,0,64,63,0,63,127
04/11/2016,RAL,CA,AWP,WE,Federal Contract Tower,0,2,23,0,25,0,20,99,0,119,0,22,122,0,144,243,0,243,387
04/12/2016,RAL,CA,AWP,WE,Federal Contract Tower,0,0,25,0,25,0,6,156,0,162,0,6,181,0,187,316,0,316,503
04/13/2016,RAL,CA,AWP,WE,Federal Contract Tower,0,0,15,0,15,0,6,123,0,129,0,6,138,0,144,214,0,214,358
04/14/2016,RAL,CA,AWP,WE,Federal Contract Tower,0,0,10,0,10,0,5,61,0,66,0,5,71,0,76,184,0,184,260
04/15/2016,RAL,CA,AWP,WE,Federal Contract Tower,0,0,11,0,11,0,7,68,0,75,0,7,79,0,86,127,0,127,213
04/16/2016,RAL,CA,AWP,WE,Federal Contract Tower,0,0,14,0,14,0,12,26,0,38,0,12,40,0,52,19,0,19,71
04/17/2016,RAL,CA,AWP,WE,Federal Contract Tower,0,0,14,0,14,0,8,52,1,61,0,8,66,1,75,61,0,61,136
04/18/2016,RAL,CA,AWP,WE,Federal Contract Tower,0,0,40,0,40,0,13,128,0,141,0,13,168,0,181,310,0,310,491
04/19/2016,RAL,CA,AWP,WE,Federal Contract Tower,0,0,22,0,22,0,12,141,1,154,0,12,163,1,176,211,0,211,387
04/20/2016,RAL,CA,AWP,WE,Federal Contract Tower,0,0,24,0,24,0,8,131,0,139,0,8,155,0,163,173,0,173,336
04/21/2016,RAL,CA,AWP,WE,Federal Contract Tower,0,0,27,0,27,0,8,137,0,145,0,8,164,0,172,212,0,212,384
04/22/2016,RAL,CA,AWP,WE,Federal Contract Tower,0,0,18,0,18,0,18,126,0,144,0,18,144,0,162,137,0,137,299
04/23/2016,RAL,CA,AWP,WE,Federal Contract Tower,0,0,15,0,15,0,7,167,1,175,0,7,182,1,190,204,0,204,394
04/24/2016,RAL,CA,AWP,WE,Federal Contract Tower,0,0,10,0,10,0,10,90,0,100,0,10,100,0,110,195,0,195,305
04/25/2016,RAL,CA,AWP,WE,Federal Contract Tower,0,0,13,0,13,0,10,51,0,61,0,10,64,0,74,207,0,207,281
04/26/2016,RAL,CA,AWP,WE,Federal Contract Tower,0,0,6,0,6,0,12,122,0,134,0,12,128,0,140,267,0,267,407
04/27/2016,RAL,CA,AWP,WE,Federal Contract Tower,0,0,13,0,13,0,16,130,0,146,0,16,143,0,159,186,0,186,345
04/28/2016,RAL,CA,AWP,WE,Federal Contract Tower,0,0,12,0,12,0,11,66,0,77,0,11,78,0,89,265,0,265,354
04/29/2016,RAL,CA,AWP,WE,Federal Contract Tower,0,0,19,0,19,0,7,127,0,134,0,7,146,0,153,259,0,259,412
04/30/2016,RAL,CA,AWP,WE,Federal Contract Tower,0,0,11,0,11,0,5,35,0,40,0,5,46,0,51,101,0,101,152
05/01/2016,RAL,CA,AWP,WE,Federal Contract Tower,0,0,10,0,10,0,4,77,0,81,0,4,87,0,91,72,0,72,163
05/02/2016,RAL,CA,AWP,WE,Federal Contract Tower,0,1,25,0,26,0,4,152,0,156,0,5,177,0,182,184,0,184,366
05/03/2016,RAL,CA,AWP,WE,Federal Contract Tower,0,0,22,0,22,0,8,132,0,140,0,8,154,0,162,227,0,227,389
05/04/2016,RAL,CA,AWP,WE,Federal Contract Tower,0,0,40,0,40,0,15,88,0,103,0,15,128,0,143,154,0,154,297
05/05/2016,RAL,CA,AWP,WE,Federal Contract Tower,0,0,27,0,27,0,11,60,0,71,0,11,87,0,98,132,0,132,230
05/06/2016,RAL,CA,AWP,WE,Federal Contract Tower,0,0,4,0,4,0,16,21,0,37,0,16,25,0,41,137,0,137,178
05/07/2016,RAL,CA,AWP,WE,Federal Contract Tower,0,0,20,0,20,0,14,77,14,105,0,14,97,14,125,164,5,169,294
05/08/2016,RAL,CA,AWP,WE,Federal Contract Tower,0,0,9,0,9,0,11,59,0,70,0,11,68,0,79,75,0,75,154
05/09/2016,RAL,CA,AWP,WE,Federal Contract Tower,0,0,27,0,27,0,9,129,0,138,0,9,156,0,165,228,0,228,393
05/10/2016,RAL,CA,AWP,WE,Federal Contract Tower,0,0,28,0,28,0,10,77,0,87,0,10,105,0,115,122,0,122,237
05/11/2016,RAL,CA,AWP,WE,Federal Contract Tower,0,0,22,0,22,0,0,16,75,91,0,0,38,75,113,134,0,134,247
05/12/2016,RAL,CA,AWP,WE,Federal Contract Tower,0,0,24,0,24,0,5,146,0,151,0,5,170,0,175,142,0,142,317
05/13/2016,RAL,CA,AWP,WE,Federal Contract Tower,0,0,19,1,20,0,8,120,0,128,0,8,139,1,148,160,0,160,308
05/14/2016,RAL,CA,AWP,WE,Federal Contract Tower,0,0,20,0,20,0,4,77,0,81,0,4,97,0,101,139,0,139,240
05/15/2016,RAL,CA,AWP,WE,Federal Contract Tower,0,0,31,0,31,0,3,74,0,77,0,3,105,0,108,99,0,99,207
05/16/2016,RAL,CA,AWP,WE,Federal Contract Tower,0,0,25,0,25,0,16,112,0,128,0,16,137,0,153,194,0,194,347
05/17/2016,RAL,CA,AWP,WE,Federal Contract Tower,0,0,19,0,19,0,8,98,0,106,0,8,117,0,125,164,0,164,289
05/18/2016,RAL,CA,AWP,WE,Federal Contract Tower,0,0,23,0,23,0,7,118,1,126,0,7,141,1,149,86,3,89,238
05/19/2016,RAL,CA,AWP,WE,Federal Contract Tower,0,0,26,0,26,0,13,91,0,104,0,13,117,0,130,195,0,195,325
05/20/2016,RAL,CA,AWP,WE,Federal Contract Tower,0,0,31,2,33,0,14,119,3,136,0,14,150,5,169,183,0,183,352
05/21/2016,RAL,CA,AWP,WE,Federal Contract Tower,0,0,23,3,26,0,4,130,3,137,0,4,153,6,163,244,2,246,409
05/22/2016,RAL,CA,AWP,WE,Federal Contract Tower,0,0,9,0,9,0,22,104,3,129,0,22,113,3,138,110,0,110,248
05/23/2016,RAL,CA,AWP,WE,Federal Contract Tower,0,1,18,0,19,0,15,122,0,137,0,16,140,0,156,242,0,242,398
05/24/2016,RAL,CA,AWP,WE,Federal Contract Tower,0,0,35,0,35,0,27,112,0,139,0,27,147,0,174,343,0,343,517
05/25/2016,RAL,CA,AWP,WE,Federal Contract Tower,0,0,26,0,26,0,14,111,0,125,0,14,137,0,151,272,0,272,423
05/26/2016,RAL,CA,AWP,WE,Federal Contract Tower,0,1,16,0,17,0,6,119,1,126,0,7,135,1,143,306,0,306,449
05/27/2016,RAL,CA,AWP,WE,Federal Contract Tower,0,0,26,0,26,0,23,118,0,141,0,23,144,0,167,178,0,178,345
05/28/2016,RAL,CA,AWP,WE,Federal Contract Tower,0,0,17,0,17,0,4,98,0,102,0,4,115,0,119,239,0,239,358
05/29/2016,RAL,CA,AWP,WE,Federal Contract Tower,0,0,13,0,13,0,8,46,0,54,0,8,59,0,67,153,0,153,220
05/30/2016,RAL,CA,AWP,WE,Federal Contract Tower,0,0,32,0,32,0,7,63,0,70,0,7,95,0,102,129,0,129,231
05/31/2016,RAL,CA,AWP,WE,Federal Contract Tower,0,0,20,0,20,0,11,116,0,127,0,11,136,0,147,56,0,56,203
06/01/2016,RAL,CA,AWP,WE,Federal Contract Tower,0,0,28,0,28,0,7,88,0,95,0,7,116,0,123,86,0,86,209
06/02/2016,RAL,CA,AWP,WE,Federal Contract Tower,0,0,21,0,21,0,17,131,0,148,0,17,152,0,169,231,0,231,400
06/03/2016,RAL,CA,AWP,WE,Federal Contract Tower,0,12,116,3,131,0,0,19,2,21,0,12,135,5,152,94,0,94,246
06/04/2016,RAL,CA,AWP,WE,Federal Contract Tower,0,0,7,2,9,0,3,116,0,119,0,3,123,2,128,133,0,133,261
06/05/2016,RAL,CA,AWP,WE,Federal Contract Tower,0,0,8,0,8,0,8,68,0,76,0,8,76,0,84,62,0,62,146
06/06/2016,RAL,CA,AWP,WE,Federal Contract Tower,0,0,25,0,25,0,8,107,0,115,0,8,132,0,140,103,0,103,243
06/07/2016,RAL,CA,AWP,WE,Federal Contract Tower,0,0,27,2,29,0,12,122,0,134,0,12,149,2,163,154,0,154,317
06/08/2016,RAL,CA,AWP,WE,Federal Contract Tower,0,0,24,0,24,0,13,147,0,160,0,13,171,0,184,202,0,202,386
06/09/2016,RAL,CA,AWP,WE,Federal Contract Tower,0,0,21,0,21,0,7,111,0,118,0,7,132,0,139,106,0,106,245
06/10/2016,RAL,CA,AWP,WE,Federal Contract Tower,0,0,19,0,19,0,13,125,1,139,0,13,144,1,158,144,0,144,302
06/11/2016,RAL,CA,AWP,WE,Federal Contract Tower,0,0,14,0,14,0,9,75,2,86,0,9,89,2,100,117,0,117,217
06/12/2016,RAL,CA,AWP,WE,Federal Contract Tower,0,0,18,0,18,0,5,61,0,66,0,5,79,0,84,43,0,43,127
06/13/2016,RAL,CA,AWP,WE,Federal Contract Tower,0,0,27,0,27,0,13,94,0,107,0,13,121,0,134,208,0,208,342
06/14/2016,RAL,CA,AWP,WE,Federal Contract Tower,0,0,29,1,30,0,5,132,2,139,0,5,161,3,169,248,0,248,417
06/15/2016,RAL,CA,AWP,WE,Federal Contract Tower,0,0,45,0,45,0,7,136,0,143,0,7,181,0,188,261,0,261,449
06/16/2016,RAL,CA,AWP,WE,Federal Contract Tower,0,0,35,0,35,0,8,156,0,164,0,8,191,0,199,194,0,194,393
06/17/2016,RAL,CA,AWP,WE,Federal Contract Tower,0,0,34,0,34,0,10,141,0,151,0,10,175,0,185,136,12,148,333
06/18/2016,RAL,CA,AWP,WE,Federal Contract Tower,0,0,17,0,17,0,6,135,1,142,0,6,152,1,159,122,0,122,281
06/19/2016,RAL,CA,AWP,WE,Federal Contract Tower,0,0,5,0,5,0,12,59,0,71,0,12,64,0,76,27,0,27,103
06/20/2016,RAL,CA,AWP,WE,Federal Contract Tower,0,0,15,0,15,0,4,71,0,75,0,4,86,0,90,161,0,161,251
06/21/2016,RAL,CA,AWP,WE,Federal Contract Tower,0,0,23,1,24,0,12,110,0,122,0,12,133,1,146,155,0,155,301
06/22/2016,RAL,CA,AWP,WE,Federal Contract Tower,0,0,24,0,24,0,16,142,0,158,0,16,166,0,182,164,0,164,346
06/23/2016,RAL,CA,AWP,WE,Federal Contract Tower,0,0,34,0,34,0,7,125,0,132,0,7,159,0,166,163,0,163,329
06/24/2016,RAL,CA,AWP,WE,Federal Contract Tower,0,0,23,0,23,0,16,95,0,111,0,16,118,0,134,158,0,158,292
06/25/2016,RAL,CA,AWP,WE,Federal Contract Tower,0,0,12,0,12,0,6,141,0,147,0,6,153,0,159,115,0,115,274
06/26/2016,RAL,CA,AWP,WE,Federal Contract Tower,0,0,19,0,19,0,8,67,0,75,0,8,86,0,94,81,0,81,175
06/27/2016,RAL,CA,AWP,WE,Federal Contract Tower,0,0,26,0,26,0,11,124,0,135,0,11,150,0,161,112,0,112,273
06/28/2016,RAL,CA,AWP,WE,Federal Contract Tower,0,2,15,1,18,0,20,113,1,134,0,22,128,2,152,150,0,150,302
06/29/2016,RAL,CA,AWP,WE,Federal Contract Tower,0,0,20,0,20,0,14,112,0,126,0,14,132,0,146,181,0,181,327
06/30/2016,RAL,CA,AWP,WE,Federal Contract Tower,0,0,21,0,21,0,12,127,0,139,0,12,148,0,160,182,0,182,342
07/01/2016,RAL,CA,AWP,WE,Federal Contract Tower,0,0,30,0,30,0,4,108,0,112,0,4,138,0,142,219,0,219,361
07/02/2016,RAL,CA,AWP,WE,Federal Contract Tower,0,0,12,0,12,0,5,86,0,91,0,5,98,0,103,143,0,143,246
07/03/2016,RAL,CA,AWP,WE,Federal Contract Tower,0,0,11,0,11,0,5,46,5,56,0,5,57,5,67,37,2,39,106
07/04/2016,RAL,CA,AWP,WE,Federal Contract Tower,0,0,21,0,21,0,6,47,0,53,0,6,68,0,74,41,0,41,115
07/05/2016,RAL,CA,AWP,WE,Federal Contract Tower,0,2,21,0,23,0,22,94,0,116,0,24,115,0,139,183,0,183,322
07/06/2016,RAL,CA,AWP,WE,Federal Contract Tower,0,5,15,0,20,0,20,103,0,123,0,25,118,0,143,185,0,185,328
07/07/2016,RAL,CA,AWP,WE,Federal Contract Tower,0,0,28,0,28,0,9,109,3,121,0,9,137,3,149,195,0,195,344
07/08/2016,RAL,CA,AWP,WE,Federal Contract Tower,0,0,39,0,39,0,9,141,0,150,0,9,180,0,189,212,0,212,401
07/09/2016,RAL,CA,AWP,WE,Federal Contract Tower,0,0,7,0,7,0,3,109,1,113,0,3,116,1,120,105,0,105,225
07/10/2016,RAL,CA,AWP,WE,Federal Contract Tower,0,0,13,0,13,0,10,69,0,79,0,10,82,0,92,41,0,41,133
07/11/2016,RAL,CA,AWP,WE,Federal Contract Tower,0,0,28,0,28,0,16,123,0,139,0,16,151,0,167,156,0,156,323
07/12/2016,RAL,CA,AWP,WE,Federal Contract Tower,0,1,23,0,24,0,16,102,2,120,0,17,125,2,144,94,0,94,238
07/13/2016,RAL,CA,AWP,WE,Federal Contract Tower,0,0,19,0,19,0,13,93,0,106,0,13,112,0,125,218,0,218,343
07/14/2016,RAL,CA,AWP,WE,Federal Contract Tower,0,0,23,0,23,0,17,96,0,113,0,17,119,0,136,163,0,163,299
07/15/2016,RAL,CA,AWP,WE,Federal Contract Tower,0,0,38,0,38,0,6,123,0,129,0,6,161,0,167,208,0,208,375
07/16/2016,RAL,CA,AWP,WE,Federal Contract Tower,0,2,24,0,26,0,15,117,0,132,0,17,141,0,158,101,0,101,259
07/17/2016,RAL,CA,AWP,WE,Federal Contract Tower,0,0,17,0,17,0,10,77,0,87,0,10,94,0,104,85,0,85,189
07/18/2016,RAL,CA,AWP,WE,Federal Contract Tower,0,0,37,0,37,0,8,103,0,111,0,8,140,0,148,140,0,140,288
07/19/2016,RAL,CA,AWP,WE,Federal Contract Tower,0,0,24,0,24,0,17,105,3,125,0,17,129,3,149,172,0,172,321
07/20/2016,RAL,CA,AWP,WE,Federal Contract Tower,0,0,18,0,18,0,7,115,0,122,0,7,133,0,140,235,0,235,375
07/21/2016,RAL,CA,AWP,WE,Federal Contract Tower,0,0,38,0,38,0,11,108,0,119,0,11,146,0,157,146,0,146,303
07/22/2016,RAL,CA,AWP,WE,Federal Contract Tower,0,0,29,0,29,0,6,111,1,118,0,6,140,1,147,127,0,127,274
07/23/2016,RAL,CA,AWP,WE,Federal Contract Tower,0,0,11,0,11,0,6,74,0,80,0,6,85,0,91,31,0,31,122
07/24/2016,RAL,CA,AWP,WE,Federal Contract Tower,0,0,17,1,18,0,3,66,0,69,0,3,83,1,87,42,0,42,129
07/25/2016,RAL,CA,AWP,WE,Federal Contract Tower,0,0,36,0,36,0,14,96,1,111,0,14,132,1,147,166,0,166,313
07/26/2016,RAL,CA,AWP,WE,Federal Contract Tower,0,0,31,0,31,0,12,95,3,110,0,12,126,3,141,136,0,136,277
07/27/2016,RAL,CA,AWP,WE,Federal Contract Tower,0,0,39,0,39,0,19,121,0,140,0,19,160,0,179,151,0,151,330
07/28/2016,RAL,CA,AWP,WE,Federal Contract Tower,0,0,29,0,29,0,5,112,0,117,0,5,141,0,146,224,0,224,370
07/29/2016,RAL,CA,AWP,WE,Federal Contract Tower,0,1,23,0,24,0,6,102,0,108,0,7,125,0,132,288,0,288,420
07/30/2016,RAL,CA,AWP,WE,Federal Contract Tower,0,0,24,0,24,0,2,39,0,41,0,2,63,0,65,156,0,156,221
07/31/2016,RAL,CA,AWP,WE,Federal Contract Tower,0,2,22,0,24,0,4,95,0,99,0,6,117,0,123,49,0,49,172
08/01/2016,RAL,CA,AWP,WE,Federal Contract Tower,0,0,16,0,16,0,6,137,0,143,0,6,153,0,159,149,0,149,308
08/02/2016,RAL,CA,AWP,WE,Federal Contract Tower,0,3,19,0,22,0,9,105,0,114,0,12,124,0,136,247,0,247,383
08/03/2016,RAL,CA,AWP,WE,Federal Contract Tower,0,0,20,2,22,0,13,108,0,121,0,13,128,2,143,174,0,174,317
08/04/2016,RAL,CA,AWP,WE,Federal Contract Tower,0,4,19,0,23,0,12,100,0,112,0,16,119,0,135,197,0,197,332
08/05/2016,RAL,CA,AWP,WE,Federal Contract Tower,0,1,23,0,24,0,3,114,0,117,0,4,137,0,141,190,0,190,331
08/06/2016,RAL,CA,AWP,WE,Federal Contract Tower,0,0,11,0,11,0,5,103,0,108,0,5,114,0,119,107,0,107,226
08/07/2016,RAL,CA,AWP,WE,Federal Contract Tower,0,0,19,0,19,0,7,94,0,101,0,7,113,0,120,103,0,103,223
08/08/2016,RAL,CA,AWP,WE,Federal Contract Tower,0,0,28,0,28,0,16,73,0,89,0,16,101,0,117,164,0,164,281
08/09/2016,RAL,CA,AWP,WE,Federal Contract Tower,0,0,22,0,22,0,5,120,0,125,0,5,142,0,147,302,0,302,449
08/10/2016,RAL,CA,AWP,WE,Federal Contract Tower,0,1,19,0,20,0,6,100,0,106,0,7,119,0,126,244,0,244,370
08/11/2016,RAL,CA,AWP,WE,Federal Contract Tower,0,0,26,1,27,0,14,108,3,125,0,14,134,4,152,252,0,252,404
08/12/2016,RAL,CA,AWP,WE,Federal Contract Tower,0,1,13,0,14,0,8,123,0,131,0,9,136,0,145,154,0,154,299
08/13/2016,RAL,CA,AWP,WE,Federal Contract Tower,0,2,12,0,14,0,7,122,0,129,0,9,134,0,143,179,0,179,322
08/14/2016,RAL,CA,AWP,WE,Federal Contract Tower,0,1,16,0,17,0,12,97,4,113,0,13,113,4,130,87,0,87,217
08/15/2016,RAL,CA,AWP,WE,Federal Contract Tower,0,0,19,0,19,0,6,132,0,138,0,6,151,0,157,185,0,185,342
08/16/2016,RAL,CA,AWP,WE,Federal Contract Tower,0,0,14,0,14,0,16,118,3,137,0,16,132,3,151,227,0,227,378
08/17/2016,RAL,CA,AWP,WE,Federal Contract Tower,0,0,18,0,18,0,7,127,0,134,0,7,145,0,152,219,0,219,371
08/18/2016,RAL,CA,AWP,WE,Federal Contract Tower,0,0,35,0,35,0,6,111,0,117,0,6,146,0,152,189,0,189,341
08/19/2016,RAL,CA,AWP,WE,Federal Contract Tower,0,0,21,0,21,0,4,155,2,161,0,4,176,2,182,197,0,197,379
08/20/2016,RAL,CA,AWP,WE,Federal Contract Tower,0,0,13,0,13,0,10,112,0,122,0,10,125,0,135,150,0,150,285
08/21/2016,RAL,CA,AWP,WE,Federal Contract Tower,0,0,21,0,21,0,10,105,1,116,0,10,126,1,137,36,0,36,173
08/22/2016,RAL,CA,AWP,WE,Federal Contract Tower,0,2,25,0,27,0,10,91,0,101,0,12,116,0,128,202,0,202,330
08/23/2016,RAL,CA,AWP,WE,Federal Contract Tower,0,0,32,0,32,0,7,133,0,140,0,7,165,0,172,176,0,176,348
08/24/2016,RAL,CA,AWP,WE,Federal Contract Tower,0,0,33,0,33,0,6,142,0,148,0,6,175,0,181,178,0,178,359
08/25/2016,RAL,CA,AWP,WE,Federal Contract Tower,0,0,40,0,40,0,3,149,0,152,0,3,189,0,192,233,0,233,425
08/26/2016,RAL,CA,AWP,WE,Federal Contract Tower,0,0,22,0,22,0,14,109,0,123,0,14,131,0,145,148,0,148,293
08/27/2016,RAL,CA,AWP,WE,Federal Contract Tower,0,0,31,0,31,0,12,109,3,124,0,12,140,3,155,163,0,163,318
08/28/2016,RAL,CA,AWP,WE,Federal Contract Tower,0,0,27,0,27,0,11,75,0,86,0,11,102,0,113,38,0,38,151
08/29/2016,RAL,CA,AWP,WE,Federal Contract Tower,0,0,14,0,14,0,12,130,1,143,0,12,144,1,157,119,0,119,276
08/30/2016,RAL,CA,AWP,WE,Federal Contract Tower,0,3,31,0,34,0,13,153,0,166,0,16,184,0,200,100,2,102,302
08/31/2016,RAL,CA,AWP,WE,Federal Contract Tower,0,1,41,0,42,0,3,140,0,143,0,4,181,0,185,197,0,197,382
09/01/2016,RAL,CA,AWP,WE,Federal Contract Tower,0,0,22,0,22,0,10,131,0,141,0,10,153,0,163,212,0,212,375
09/02/2016,RAL,CA,AWP,WE,Federal Contract Tower,0,0,38,0,38,0,9,85,0,94,0,9,123,0,132,169,0,169,301
09/03/2016,RAL,CA,AWP,WE,Federal Contract Tower,0,0,16,0,16,0,8,77,0,85,0,8,93,0,101,62,0,62,163
09/04/2016,RAL,CA,AWP,WE,Federal Contract Tower,0,0,15,0,15,0,7,58,1,66,0,7,73,1,81,100,0,100,181
09/05/2016,RAL,CA,AWP,WE,Federal Contract Tower,0,0,28,0,28,0,10,67,0,77,0,10,95,0,105,168,0,168,273
09/06/2016,RAL,CA,AWP,WE,Federal Contract Tower,0,0,29,0,29,0,18,105,0,123,0,18,134,0,152,207,0,207,359
09/07/2016,RAL,CA,AWP,WE,Federal Contract Tower,0,3,26,0,29,0,11,132,0,143,0,14,158,0,172,286,0,286,458
09/08/2016,RAL,CA,AWP,WE,Federal Contract Tower,0,0,32,0,32,0,11,112,1,124,0,11,144,1,156,151,0,151,307
09/09/2016,RAL,CA,AWP,WE,Federal Contract Tower,0,1,21,0,22,0,7,162,0,169,0,8,183,0,191,230,0,230,421
09/10/2016,RAL,CA,AWP,WE,Federal Contract Tower,0,2,13,0,15,0,10,132,3,145,0,12,145,3,160,138,0,138,298
09/11/2016,RAL,CA,AWP,WE,Federal Contract Tower,0,0,18,0,18,0,4,86,9,99,0,4,104,9,117,150,0,150,267
09/12/2016,RAL,CA,AWP,WE,Federal Contract Tower,0,0,22,0,22,0,9,103,0,112,0,9,125,0,134,133,0,133,267
09/13/2016,RAL,CA,AWP,WE,Federal Contract Tower,0,0,39,0,39,0,6,102,0,108,0,6,141,0,147,257,0,257,404
09/14/2016,RAL,CA,AWP,WE,Federal Contract Tower,0,0,24,0,24,0,5,119,0,124,0,5,143,0,148,210,0,210,358
09/15/2016,RAL,CA,AWP,WE,Federal Contract Tower,0,0,25,0,25,0,6,133,0,139,0,6,158,0,164,232,0,232,396
09/16/2016,RAL,CA,AWP,WE,Federal Contract Tower,0,1,27,0,28,0,19,148,16,183,0,20,175,16,211,201,0,201,412
09/17/2016,RAL,CA,AWP,WE,Federal Contract Tower,0,0,16,0,16,0,6,96,2,104,0,6,112,2,120,89,0,89,209
09/18/2016,RAL,CA,AWP,WE,Federal Contract Tower,0,0,12,0,12,0,4,66,0,70,0,4,78,0,82,54,0,54,136
09/19/2016,RAL,CA,AWP,WE,Federal Contract Tower,0,0,20,0,20,0,6,107,0,113,0,6,127,0,133,141,0,141,274
09/20/2016,RAL,CA,AWP,WE,Federal Contract Tower,0,1,23,0,24,0,11,136,0,147,0,12,159,0,171,235,0,235,406
09/21/2016,RAL,CA,AWP,WE,Federal Contract Tower,0,9,16,0,25,0,15,128,0,143,0,24,144,0,168,195,0,195,363
09/22/2016,RAL,CA,AWP,WE,Federal Contract Tower,0,0,22,0,22,0,12,82,2,96,0,12,104,2,118,160,0,160,278
09/23/2016,RAL,CA,AWP,WE,Federal Contract Tower,0,1,17,0,18,0,43,117,5,165,0,44,134,5,183,215,0,215,398
09/24/2016,RAL,CA,AWP,WE,Federal Contract Tower,0,0,14,0,14,0,8,85,0,93,0,8,99,0,107,99,0,99,206
09/25/2016,RAL,CA,AWP,WE,Federal Contract Tower,0,0,37,0,37,0,4,33,1,38,0,4,70,1,75,37,0,37,112
09/26/2016,RAL,CA,AWP,WE,Federal Contract Tower,0,0,16,0,16,0,12,73,0,85,0,12,89,0,101,63,0,63,164
09/27/2016,RAL,CA,AWP,WE,Federal Contract Tower,0,0,33,0,33,0,10,112,0,122,0,10,145,0,155,141,0,141,296
09/28/2016,RAL,CA,AWP,WE,Federal Contract Tower,0,2,35,0,37,0,17,131,1,149,0,19,166,1,186,208,0,208,394
09/29/2016,RAL,CA,AWP,WE,Federal Contract Tower,0,4,34,0,38,0,17,170,3,190,0,21,204,3,228,226,0,226,454
09/30/2016,RAL,CA,AWP,WE,Federal Contract Tower,0,0,28,0,28,0,17,129,0,146,0,17,157,0,174,107,0,107,281
10/01/2016,RAL,CA,AWP,WE,Federal Contract Tower,0,0,16,0,16,0,13,93,0,106,0,13,109,0,122,73,0,73,195
10/02/2016,RAL,CA,AWP,WE,Federal Contract Tower,0,0,3,0,3,0,2,82,0,84,0,2,85,0,87,38,0,38,125
10/03/2016,RAL,CA,AWP,WE,Federal Contract Tower,0,0,27,0,27,0,8,120,0,128,0,8,147,0,155,101,0,101,256
10/04/2016,RAL,CA,AWP,WE,Federal Contract Tower,0,0,32,0,32,0,17,146,2,165,0,17,178,2,197,233,0,233,430
10/05/2016,RAL,CA,AWP,WE,Federal Contract Tower,0,0,30,0,30,0,12,154,0,166,0,12,184,0,196,288,0,288,484
10/06/2016,RAL,CA,AWP,WE,Federal Contract Tower,0,0,22,1,23,0,10,115,4,129,0,10,137,5,152,162,2,164,316
10/07/2016,RAL,CA,AWP,WE,Federal Contract Tower,0,0,21,0,21,0,6,140,0,146,0,6,161,0,167,127,0,127,294
10/08/2016,RAL,CA,AWP,WE,Federal Contract Tower,0,0,10,0,10,0,12,157,0,169,0,12,167,0,179,150,0,150,329
10/09/2016,RAL,CA,AWP,WE,Federal Contract Tower,0,0,8,0,8,0,8,120,1,129,0,8,128,1,137,50,0,50,187
10/10/2016,RAL,CA,AWP,WE,Federal Contract Tower,0,0,15,0,15,0,13,155,0,168,0,13,170,0,183,110,0,110,293
10/11/2016,RAL,CA,AWP,WE,Federal Contract Tower,0,0,26,0,26,0,10,134,0,144,0,10,160,0,170,209,0,209,379
10/12/2016,RAL,CA,AWP,WE,Federal Contract Tower,0,0,24,0,24,0,10,47,0,57,0,10,71,0,81,105,0,105,186
10/13/2016,RAL,CA,AWP,WE,Federal Contract Tower,0,0,18,0,18,0,17,112,0,129,0,17,130,0,147,188,0,188,335
10/14/2016,RAL,CA,AWP,WE,Federal Contract Tower,0,0,29,0,29,0,6,73,0,79,0,6,102,0,108,130,0,130,238
10/15/2016,RAL,CA,AWP,WE,Federal Contract Tower,0,0,19,2,21,0,13,109,0,122,0,13,128,2,143,87,0,87,230
10/16/2016,RAL,CA,AWP,WE,Federal Contract Tower,0,0,15,0,15,0,5,45,0,50,0,5,60,0,65,52,0,52,117
10/17/2016,RAL,CA,AWP,WE,Federal Contract Tower,0,0,18,0,18,0,14,59,0,73,0,14,77,0,91,188,0,188,279
10/18/2016,RAL,CA,AWP,WE,Federal Contract Tower,0,1,26,0,27,0,11,159,2,172,0,12,185,2,199,286,0,286,485
10/19/2016,RAL,CA,AWP,WE,Federal Contract Tower,0,0,9,0,9,0,8,43,0,51,0,8,52,0,60,83,0,83,143
10/20/2016,RAL,CA,AWP,WE,Federal Contract Tower,0,0,23,0,23,0,16,104,2,122,0,16,127,2,145,131,0,131,276
10/21/2016,RAL,CA,AWP,WE,Federal Contract Tower,0,2,26,0,28,0,22,178,4,204,0,24,204,4,232,210,0,210,442
10/22/2016,RAL,CA,AWP,WE,Federal Contract Tower,0,0,21,0,21,0,9,153,0,162,0,9,174,0,183,148,0,148,331
10/23/2016,RAL,CA,AWP,WE,Federal Contract Tower,0,0,12,0,12,0,4,47,0,51,0,4,59,0,63,128,0,128,191
10/24/2016,RAL,CA,AWP,WE,Federal Contract Tower,0,0,6,0,6,0,7,26,0,33,0,7,32,0,39,28,0,28,67
10/25/2016,RAL,CA,AWP,WE,Federal Contract Tower,0,2,30,0,32,0,30,114,3,147,0,32,144,3,179,264,0,264,443
10/26/2016,RAL,CA,AWP,WE,Federal Contract Tower,0,0,37,0,37,0,21,176,1,198,0,21,213,1,235,237,0,237,472
10/27/2016,RAL,CA,AWP,WE,Federal Contract Tower,0,0,27,0,27,0,10,136,0,146,0,10,163,0,173,258,0,258,431
10/28/2016,RAL,CA,AWP,WE,Federal Contract Tower,0,0,30,0,30,0,9,123,0,132,0,9,153,0,162,202,0,202,364
10/29/2016,RAL,CA,AWP,WE,Federal Contract Tower,0,0,17,0,17,0,5,137,0,142,0,5,154,0,159,139,0,139,298
10/30/2016,RAL,CA,AWP,WE,Federal Contract Tower,0,0,19,3,22,0,11,43,0,54,0,11,62,3,76,40,0,40,116
10/31/2016,RAL,CA,AWP,WE,Federal Contract Tower,0,0,19,3,22,0,13,78,0,91,0,13,97,3,113,148,0,148,261
11/01/2016,RAL,CA,AWP,WE,Federal Contract Tower,0,0,21,0,21,0,14,122,0,136,0,14,143,0,157,276,0,276,433
11/02/2016,RAL,CA,AWP,WE,Federal Contract Tower,0,0,11,2,13,0,3,82,1,86,0,3,93,3,99,44,0,44,143
11/03/2016,RAL,CA,AWP,WE,Federal Contract Tower,0,0,10,0,10,0,9,113,0,122,0,9,123,0,132,242,0,242,374
11/04/2016,RAL,CA,AWP,WE,Federal Contract Tower,0,0,23,0,23,0,11,193,0,204,0,11,216,0,227,158,0,158,385
11/05/2016,RAL,CA,AWP,WE,Federal Contract Tower,0,0,26,0,26,0,8,155,0,163,0,8,181,0,189,159,0,159,348
11/06/2016,RAL,CA,AWP,WE,Federal Contract Tower,0,0,27,0,27,0,9,93,1,103,0,9,120,1,130,46,0,46,176
11/07/2016,RAL,CA,AWP,WE,Federal Contract Tower,0,10,129,0,139,0,10,129,0,139,0,20,258,0,278,237,8,245,523
11/08/2016,RAL,CA,AWP,WE,Federal Contract Tower,0,0,27,3,30,0,12,132,2,146,0,12,159,5,176,175,0,175,351
11/09/2016,RAL,CA,AWP,WE,Federal Contract Tower,0,0,21,0,21,0,16,77,1,94,0,16,98,1,115,133,0,133,248
11/10/2016,RAL,CA,AWP,WE,Federal Contract Tower,0,0,24,0,24,0,23,130,0,153,0,23,154,0,177,243,0,243,420
11/11/2016,RAL,CA,AWP,WE,Federal Contract Tower,0,0,21,0,21,0,16,146,2,164,0,16,167,2,185,209,0,209,394
11/12/2016,RAL,CA,AWP,WE,Federal Contract Tower,0,0,16,0,16,0,2,100,0,102,0,2,116,0,118,180,0,180,298
11/13/2016,RAL,CA,AWP,WE,Federal Contract Tower,0,0,17,0,17,0,6,70,2,78,0,6,87,2,95,40,0,40,135
11/14/2016,RAL,CA,AWP,WE,Federal Contract Tower,0,0,27,0,27,0,12,114,0,126,0,12,141,0,153,286,0,286,439
11/15/2016,RAL,CA,AWP,WE,Federal Contract Tower,0,0,36,1,37,0,12,141,3,156,0,12,177,4,193,342,0,342,535
11/16/2016,RAL,CA,AWP,WE,Federal Contract Tower,0,0,28,0,28,0,25,120,1,146,0,25,148,1,174,172,0,172,346
11/17/2016,RAL,CA,AWP,WE,Federal Contract Tower,0,0,23,0,23,0,9,55,0,64,0,9,78,0,87,43,0,43,130
11/18/2016,RAL,CA,AWP,WE,Federal Contract Tower,0,1,30,0,31,0,9,142,0,151,0,10,172,0,182,231,0,231,413
11/19/2016,RAL,CA,AWP,WE,Federal Contract Tower,0,0,24,0,24,0,11,139,0,150,0,11,163,0,174,162,0,162,336
11/20/2016,RAL,CA,AWP,WE,Federal Contract Tower,0,0,23,0,23,0,2,63,0,65,0,2,86,0,88,54,0,54,142
11/21/2016,RAL,CA,AWP,WE,Federal Contract Tower,0,0,21,0,21,0,16,64,2,82,0,16,85,2,103,230,0,230,333
11/22/2016,RAL,CA,AWP,WE,Federal Contract Tower,0,0,33,0,33,0,13,120,1,134,0,13,153,1,167,212,0,212,379
11/23/2016,RAL,CA,AWP,WE,Federal Contract Tower,0,0,23,0,23,0,12,99,0,111,0,12,122,0,134,168,0,168,302
11/24/2016,RAL,CA,AWP,WE,Federal Contract Tower,0,0,4,0,4,0,14,23,0,37,0,14,27,0,41,0,0,0,41
11/25/2016,RAL,CA,AWP,WE,Federal Contract Tower,0,0,10,0,10,0,8,104,2,114,0,8,114,2,124,116,0,116,240
11/26/2016,RAL,CA,AWP,WE,Federal Contract Tower,0,0,9,0,9,0,8,54,1,63,0,8,63,1,72,94,0,94,166
11/27/2016,RAL,CA,AWP,WE,Federal Contract Tower,0,0,10,0,10,0,8,13,0,21,0,8,23,0,31,6,0,6,37
11/28/2016,RAL,CA,AWP,WE,Federal Contract Tower,0,0,17,0,17,0,9,108,0,117,0,9,125,0,134,158,0,158,292
11/29/2016,RAL,CA,AWP,WE,Federal Contract Tower,0,0,15,0,15,0,10,64,2,76,0,10,79,2,91,12,0,12,103
11/30/2016,RAL,CA,AWP,WE,Federal Contract Tower,0,0,26,0,26,0,22,120,7,149,0,22,146,7,175,262,0,262,437
12/01/2016,RAL,CA,AWP,WE,Federal Contract Tower,0,0,30,0,30,0,10,148,0,158,0,10,178,0,188,289,0,289,477
12/02/2016,RAL,CA,AWP,WE,Federal Contract Tower,0,0,1,0,1,0,2,3,2,7,0,2,4,2,8,6,0,6,14
12/03/2016,RAL,CA,AWP,WE,Federal Contract Tower,0,0,7,0,7,0,5,32,0,37,0,5,39,0,44,28,0,28,72
12/04/2016,RAL,CA,AWP,WE,Federal Contract Tower,0,0,18,0,18,0,7,100,0,107,0,7,118,0,125,140,6,146,271
12/05/2016,RAL,CA,AWP,WE,Federal Contract Tower,0,0,23,2,25,0,17,118,3,138,0,17,141,5,163,174,0,174,337
12/06/2016,RAL,CA,AWP,WE,Federal Contract Tower,0,0,29,0,29,0,11,72,0,83,0,11,101,0,112,320,0,320,432
12/07/2016,RAL,CA,AWP,WE,Federal Contract Tower,0,2,25,0,27,0,13,107,0,120,0,15,132,0,147,256,0,256,403
12/08/2016,RAL,CA,AWP,WE,Federal Contract Tower,0,0,21,1,22,0,17,125,2,144,0,17,146,3,166,258,0,258,424
12/09/2016,RAL,CA,AWP,WE,Federal Contract Tower,0,2,29,0,31,0,9,125,0,134,0,11,154,0,165,206,0,206,371
12/10/2016,RAL,CA,AWP,WE,Federal Contract Tower,0,0,16,0,16,0,5,51,0,56,0,5,67,0,72,79,0,79,151
12/11/2016,RAL,CA,AWP,WE,Federal Contract Tower,0,0,16,0,16,0,2,20,0,22,0,2,36,0,38,103,0,103,141
12/12/2016,RAL,CA,AWP,WE,Federal Contract Tower,0,0,23,0,23,0,6,83,0,89,0,6,106,0,112,221,0,221,333
12/13/2016,RAL,CA,AWP,WE,Federal Contract Tower,0,2,24,0,26,0,11,91,1,103,0,13,115,1,129,300,0,300,429
12/14/2016,RAL,CA,AWP,WE,Federal Contract Tower,0,2,30,0,32,0,17,156,0,173,0,19,186,0,205,324,0,324,529
12/15/2016,RAL,CA,AWP,WE,Federal Contract Tower,0,0,27,0,27,0,14,135,0,149,0,14,162,0,176,321,0,321,497
12/16/2016,RAL,CA,AWP,WE,Federal Contract Tower,0,0,10,0,10,0,3,26,0,29,0,3,36,0,39,124,0,124,163
12/17/2016,RAL,CA,AWP,WE,Federal Contract Tower,0,0,11,0,11,0,6,141,2,149,0,6,152,2,160,128,0,128,288
12/18/2016,RAL,CA,AWP,WE,Federal Contract Tower,0,0,2,0,2,0,14,47,0,61,0,14,49,0,63,16,0,16,79
12/19/2016,RAL,CA,AWP,WE,Federal Contract Tower,0,0,37,0,37,0,4,80,0,84,0,4,117,0,121,133,0,133,254
12/20/2016,RAL,CA,AWP,WE,Federal Contract Tower,0,0,19,0,19,0,4,140,1,145,0,4,159,1,164,182,0,182,346
12/21/2016,RAL,CA,AWP,WE,Federal Contract Tower,0,0,21,0,21,0,24,69,0,93,0,24,90,0,114,85,0,85,199
12/22/2016,RAL,CA,AWP,WE,Federal Contract Tower,0,0,8,0,8,0,4,17,0,21,0,4,25,0,29,163,0,163,192
12/23/2016,RAL,CA,AWP,WE,Federal Contract Tower,0,0,8,0,8,0,4,17,0,21,0,4,25,0,29,163,0,163,192
12/24/2016,RAL,CA,AWP,WE,Federal Contract Tower,0,0,7,0,7,0,8,18,0,26,0,8,25,0,33,37,0,37,70
12/25/2016,RAL,CA,AWP,WE,Federal Contract Tower,0,0,0,0,0,0,5,16,0,21,0,5,16,0,21,45,0,45,66
12/26/2016,RAL,CA,AWP,WE,Federal Contract Tower,0,0,38,0,38,0,12,63,0,75,0,12,101,0,113,23,0,23,136
12/27/2016,RAL,CA,AWP,WE,Federal Contract Tower,0,0,20,0,20,0,10,95,0,105,0,10,115,0,125,66,0,66,191
12/28/2016,RAL,CA,AWP,WE,Federal Contract Tower,0,0,25,0,25,0,11,141,0,152,0,11,166,0,177,151,0,151,328
12/29/2016,RAL,CA,AWP,WE,Federal Contract Tower,0,0,21,0,21,0,10,163,0,173,0,10,184,0,194,121,0,121,315
12/30/2016,RAL,CA,AWP,WE,Federal Contract Tower,0,0,8,0,8,0,30,41,0,71,0,30,49,0,79,222,0,222,301
12/31/2016,RAL,CA,AWP,WE,Federal Contract Tower,0,0,5,0,5,0,4,2,0,6,0,4,7,0,11,5,0,5,16
01/01/2017,RAL,CA,AWP,WE,Federal Contract Tower,0,0,12,0,12,0,14,36,0,50,0,14,48,0,62,52,0,52,114
01/02/2017,RAL,CA,AWP,WE,Federal Contract Tower,0,0,5,0,5,0,14,49,0,63,0,14,54,0,68,142,0,142,210
01/03/2017,RAL,CA,AWP,WE,Federal Contract Tower,0,0,24,0,24,0,9,112,0,121,0,9,136,0,145,134,0,134,279
01/04/2017,RAL,CA,AWP,WE,Federal Contract Tower,0,0,17,0,17,0,17,125,0,142,0,17,142,0,159,181,0,181,340
01/05/2017,RAL,CA,AWP,WE,Federal Contract Tower,0,0,2,0,2,0,5,7,0,12,0,5,9,0,14,4,0,4,18
01/06/2017,RAL,CA,AWP,WE,Federal Contract Tower,0,0,33,0,33,0,12,100,0,112,0,12,133,0,145,265,0,265,410
01/07/2017,RAL,CA,AWP,WE,Federal Contract Tower,0,8,20,0,28,0,13,82,0,95,0,21,102,0,123,144,0,144,267
01/08/2017,RAL,CA,AWP,WE,Federal Contract Tower,0,0,10,0,10,0,14,95,0,109,0,14,105,0,119,154,0,154,273
01/09/2017,RAL,CA,AWP,WE,Federal Contract Tower,0,0,9,0,9,0,4,10,0,14,0,4,19,0,23,10,0,10,33
01/10/2017,RAL,CA,AWP,WE,Federal Contract Tower,0,0,27,0,27,0,6,41,0,47,0,6,68,0,74,108,0,108,182
01/11/2017,RAL,CA,AWP,WE,Federal Contract Tower,0,0,22,0,22,0,10,92,0,102,0,10,114,0,124,246,0,246,370
01/12/2017,RAL,CA,AWP,WE,Federal Contract Tower,0,0,1,0,1,0,0,1,0,1,0,0,2,0,2,38,0,38,40
01/13/2017,RAL,CA,AWP,WE,Federal Contract Tower,0,0,28,0,28,0,17,128,0,145,0,17,156,0,173,260,0,260,433
01/14/2017,RAL,CA,AWP,WE,Federal Contract Tower,0,0,19,0,19,0,6,71,0,77,0,6,90,0,96,45,0,45,141
01/15/2017,RAL,CA,AWP,WE,Federal Contract Tower,0,0,30,0,30,0,11,77,0,88,0,11,107,0,118,127,0,127,245
01/16/2017,RAL,CA,AWP,WE,Federal Contract Tower,0,0,18,0,18,0,18,101,0,119,0,18,119,0,137,85,0,85,222
01/17/2017,RAL,CA,AWP,WE,Federal Contract Tower,0,0,22,0,22,0,13,186,0,199,0,13,208,0,221,111,6,117,338
01/18/2017,RAL,CA,AWP,WE,Federal Contract Tower,0,0,34,0,34,0,14,179,3,196,0,14,213,3,230,341,0,341,571
01/19/2017,RAL,CA,AWP,WE,Federal Contract Tower,0,0,6,0,6,0,7,45,0,52,0,7,51,0,58,100,0,100,158
01/20/2017,RAL,CA,AWP,WE,Federal Contract Tower,0,0,4,0,4,0,2,2,0,4,0,2,6,0,8,16,0,16,24
01/21/2017,RAL,CA,AWP,WE,Federal Contract Tower,0,1,17,0,18,0,12,124,2,138,0,13,141,2,156,141,0,141,297
01/22/2017,RAL,CA,AWP,WE,Federal Contract Tower,0,0,9,0,9,0,0,6,0,6,0,0,15,0,15,0,0,0,15
01/23/2017,RAL,CA,AWP,WE,Federal Contract Tower,0,0,4,0,4,0,2,13,0,15,0,2,17,0,19,53,0,53,72
01/24/2017,RAL,CA,AWP,WE,Federal Contract Tower,0,0,17,0,17,0,20,166,0,186,0,20,183,0,203,322,0,322,525
01/25/2017,RAL,CA,AWP,WE,Federal Contract Tower,0,0,36,0,36,0,8,188,0,196,0,8,224,0,232,190,0,190,422
01/26/2017,RAL,CA,AWP,WE,Federal Contract Tower,0,0,28,0,28,0,12,132,3,147,0,12,160,3,175,157,0,157,332
01/27/2017,RAL,CA,AWP,WE,Federal Contract Tower,0,0,10,0,10,0,3,20,0,23,0,3,30,0,33,6,0,6,39
01/28/2017,RAL,CA,AWP,WE,Federal Contract Tower,0,2,13,0,15,0,19,84,14,117,0,21,97,14,132,43,0,43,175
01/29/2017,RAL,CA,AWP,WE,Federal Contract Tower,0,0,21,0,21,0,11,98,8,117,0,11,119,8,138,70,6,76,214
01/30/2017,RAL,CA,AWP,WE,Federal Contract Tower,0,2,31,0,33,0,7,169,1,177,0,9,200,1,210,222,0,222,432
01/31/2017,RAL,CA,AWP,WE,Federal Contract Tower,0,0,35,0,35,0,11,168,0,179,0,11,203,0,214,238,0,238,452
02/01/2017,RAL,CA,AWP,WE,Federal Contract Tower,0,1,46,0,47,0,11,156,0,167,0,12,202,0,214,221,0,221,435
02/02/2017,RAL,CA,AWP,WE,Federal Contract Tower,0,0,20,0,20,0,13,179,0,192,0,13,199,0,212,176,0,176,388
02/03/2017,RAL,CA,AWP,WE,Federal Contract Tower,0,0,20,0,20,0,14,59,2,75,0,14,79,2,95,161,0,161,256
02/04/2017,RAL,CA,AWP,WE,Federal Contract Tower,0,0,13,0,13,0,10,85,0,95,0,10,98,0,108,177,0,177,285
02/05/2017,RAL,CA,AWP,WE,Federal Contract Tower,0,0,8,0,8,0,7,10,0,17,0,7,18,0,25,0,0,0,25
02/06/2017,RAL,CA,AWP,WE,Federal Contract Tower,0,0,12,0,12,0,4,1,0,5,0,4,13,0,17,0,0,0,17
02/07/2017,RAL,CA,AWP,WE,Federal Contract Tower,0,0,9,0,9,0,5,12,0,17,0,5,21,0,26,78,0,78,104
02/08/2017,RAL,CA,AWP,WE,Federal Contract Tower,0,0,34,0,34,0,6,112,0,118,0,6,146,0,152,281,0,281,433
02/09/2017,RAL,CA,AWP,WE,Federal Contract Tower,0,0,44,0,44,0,9,173,0,182,0,9,217,0,226,236,0,236,462
02/10/2017,RAL,CA,AWP,WE,Federal Contract Tower,0,0,24,0,24,0,12,95,1,108,0,12,119,1,132,201,0,201,333
02/11/2017,RAL,CA,AWP,WE,Federal Contract Tower,0,0,15,0,15,0,16,74,0,90,0,16,89,0,105,236,0,236,341
02/12/2017,RAL,CA,AWP,WE,Federal Contract Tower,0,0,6,0,6,0,5,54,2,61,0,5,60,2,67,23,0,23,90
02/13/2017,RAL,CA,AWP,WE,Federal Contract Tower,0,1,14,0,15,0,13,153,0,166,0,14,167,0,181,144,0,144,325
02/14/2017,RAL,CA,AWP,WE,Federal Contract Tower,0,0,38,0,38,0,16,165,2,183,0,16,203,2,221,239,0,239,460
02/15/2017,RAL,CA,AWP,WE,Federal Contract Tower,0,0,29,0,29,0,14,192,0,206,0,14,221,0,235,260,0,260,495
02/16/2017,RAL,CA,AWP,WE,Federal Contract Tower,0,0,27,0,27,0,15,187,0,202,0,15,214,0,229,268,0,268,497
02/17/2017,RAL,CA,AWP,WE,Federal Contract Tower,0,1,7,0,8,0,5,10,0,15,0,6,17,0,23,0,0,0,23
02/18/2017,RAL,CA,AWP,WE,Federal Contract Tower,0,0,8,0,8,0,17,30,0,47,0,17,38,0,55,94,0,94,149
02/19/2017,RAL,CA,AWP,WE,Federal Contract Tower,0,0,12,0,12,0,10,40,0,50,0,10,52,0,62,95,0,95,157
02/20/2017,RAL,CA,AWP,WE,Federal Contract Tower,0,0,24,0,24,0,4,111,0,115,0,4,135,0,139,288,0,288,427
02/21/2017,RAL,CA,AWP,WE,Federal Contract Tower,0,0,30,0,30,0,22,124,0,146,0,22,154,0,176,184,0,184,360
02/22/2017,RAL,CA,AWP,WE,Federal Contract Tower,0,0,23,0,23,0,9,91,0,100,0,9,114,0,123,195,0,195,318
02/23/2017,RAL,CA,AWP,WE,Federal Contract Tower,0,0,37,0,37,0,14,159,0,173,0,14,196,0,210,224,0,224,434
02/24/2017,RAL,CA,AWP,WE,Federal Contract Tower,0,0,19,0,19,0,26,160,0,186,0,26,179,0,205,200,0,200,405
02/25/2017,RAL,CA,AWP,WE,Federal Contract Tower,0,0,13,0,13,0,6,145,2,153,0,6,158,2,166,262,0,262,428
02/26/2017,RAL,CA,AWP,WE,Federal Contract Tower,0,0,9,0,9,0,4,15,0,19,0,4,24,0,28,18,0,18,46
02/27/2017,RAL,CA,AWP,WE,Federal Contract Tower,0,0,12,0,12,0,7,35,0,42,0,7,47,0,54,128,0,128,182
02/28/2017,RAL,CA,AWP,WE,Federal Contract Tower,0,0,29,0,29,0,21,84,0,105,0,21,113,0,134,152,0,152,286
03/01/2017,RAL,CA,AWP,WE,Federal Contract Tower,0,0,29,0,29,0,11,96,0,107,0,11,125,0,136,109,0,109,245
03/02/2017,RAL,CA,AWP,WE,Federal Contract Tower,0,0,23,0,23,0,8,85,2,95,0,8,108,2,118,111,0,111,229
03/03/2017,RAL,CA,AWP,WE,Federal Contract Tower,0,3,32,0,35,0,29,161,4,194,0,32,193,4,229,173,0,173,402
03/04/2017,RAL,CA,AWP,WE,Federal Contract Tower,0,2,21,0,23,0,10,120,0,130,0,12,141,0,153,120,0,120,273
03/05/2017,RAL,CA,AWP,WE,Federal Contract Tower,0,0,16,0,16,0,6,39,0,45,0,6,55,0,61,63,0,63,124
03/06/2017,RAL,CA,AWP,WE,Federal Contract Tower,0,0,19,0,19,0,9,137,0,146,0,9,156,0,165,246,0,246,411
03/07/2017,RAL,CA,AWP,WE,Federal Contract Tower,0,0,26,0,26,0,24,163,1,188,0,24,189,1,214,164,0,164,378
03/08/2017,RAL,CA,AWP,WE,Federal Contract Tower,0,0,13,0,13,0,12,126,0,138,0,12,139,0,151,117,0,117,268
03/09/2017,RAL,CA,AWP,WE,Federal Contract Tower,0,0,15,0,15,0,11,124,0,135,0,11,139,0,150,208,0,208,358
03/10/2017,RAL,CA,AWP,WE,Federal Contract Tower,0,0,33,0,33,0,13,127,0,140,0,13,160,0,173,245,0,245,418
03/11/2017,RAL,CA,AWP,WE,Federal Contract Tower,0,0,22,0,22,0,6,134,0,140,0,6,156,0,162,167,0,167,329
03/12/2017,RAL,CA,AWP,WE,Federal Contract Tower,0,0,15,0,15,0,8,108,0,116,0,8,123,0,131,122,0,122,253
03/13/2017,RAL,CA,AWP,WE,Federal Contract Tower,0,0,17,0,17,0,9,114,0,123,0,9,131,0,140,159,0,159,299
03/14/2017,RAL,CA,AWP,WE,Federal Contract Tower,0,0,22,0,22,0,14,122,0,136,0,14,144,0,158,246,0,246,404
03/15/2017,RAL,CA,AWP,WE,Federal Contract Tower,0,0,31,1,32,0,22,123,0,145,0,22,154,1,177,258,0,258,435
03/16/2017,RAL,CA,AWP,WE,Federal Contract Tower,0,0,17,0,17,0,9,103,0,112,0,9,120,0,129,219,0,219,348
03/17/2017,RAL,CA,AWP,WE,Federal Contract Tower,0,0,18,0,18,0,9,127,1,137,0,9,145,1,155,279,0,279,434
03/18/2017,RAL,CA,AWP,WE,Federal Contract Tower,0,1,17,0,18,0,5,97,4,106,0,6,114,4,124,44,0,44,168
03/19/2017,RAL,CA,AWP,WE,Federal Contract Tower,0,0,14,0,14,0,8,97,0,105,0,8,111,0,119,99,0,99,218
03/20/2017,RAL,CA,AWP,WE,Federal Contract Tower,0,0,26,0,26,0,7,64,0,71,0,7,90,0,97,165,0,165,262
03/21/2017,RAL,CA,AWP,WE,Federal Contract Tower,0,0,29,0,29,0,10,69,1,80,0,10,98,1,109,97,0,97,206
03/22/2017,RAL,CA,AWP,WE,Federal Contract Tower,0,0,9,0,9,0,8,37,0,45,0,8,46,0,54,19,0,19,73
03/23/2017,RAL,CA,AWP,WE,Federal Contract Tower,0,0,21,0,21,0,12,123,1,136,0,12,144,1,157,116,0,116,273
03/24/2017,RAL,CA,AWP,WE,Federal Contract Tower,0,0,24,0,24,0,8,150,0,158,0,8,174,0,182,192,0,192,374
03/25/2017,RAL,CA,AWP,WE,Federal Contract Tower,0,0,16,0,16,0,3,109,0,112,0,3,125,0,128,89,0,89,217
03/26/2017,RAL,CA,AWP,WE,Federal Contract Tower,0,0,19,0,19,0,13,72,0,85,0,13,91,0,104,45,7,52,156
03/27/2017,RAL,CA,AWP,WE,Federal Contract Tower,0,0,20,0,20,0,6,76,0,82,0,6,96,0,102,106,0,106,208
03/28/2017,RAL,CA,AWP,WE,Federal Contract Tower,0,2,6,2,10,0,11,42,0,53,0,13,48,2,63,72,0,72,135
03/29/2017,RAL,CA,AWP,WE,Federal Contract Tower,0,0,21,0,21,0,9,150,0,159,0,9,171,0,180,192,0,192,372
03/30/2017,RAL,CA,AWP,WE,Federal Contract Tower,0,0,17,0,17,0,22,120,0,142,0,22,137,0,159,185,0,185,344
03/31/2017,RAL,CA,AWP,WE,Federal Contract Tower,0,0,17,0,17,0,18,80,3,101,0,18,97,3,118,48,0,48,166
04/01/2017,RAL,CA,AWP,WE,Federal Contract Tower,0,0,1,0,1,0,2,37,1,40,0,2,38,1,41,19,0,19,60
04/02/2017,RAL,CA,AWP,WE,Federal Contract Tower,0,0,15,0,15,0,9,118,2,129,0,9,133,2,144,78,0,78,222
04/03/2017,RAL,CA,AWP,WE,Federal Contract Tower,0,0,18,0,18,0,13,76,0,89,0,13,94,0,107,174,0,174,281
04/04/2017,RAL,CA,AWP,WE,Federal Contract Tower,0,1,32,0,33,0,6,113,0,119,0,7,145,0,152,192,0,192,344
04/05/2017,RAL,CA,AWP,WE,Federal Contract Tower,0,0,27,0,27,0,8,124,0,132,0,8,151,0,159,213,0,213,372
04/06/2017,RAL,CA,AWP,WE,Federal Contract Tower,0,0,22,0,22,0,14,149,2,165,0,14,171,2,187,203,2,205,392
04/07/2017,RAL,CA,AWP,WE,Federal Contract Tower,0,0,15,0,15,0,7,93,0,100,0,7,108,0,115,171,0,171,286
04/08/2017,RAL,CA,AWP,WE,Federal Contract Tower,0,0,7,0,7,0,9,46,0,55,0,9,53,0,62,87,0,87,149
04/09/2017,RAL,CA,AWP,WE,Federal Contract Tower,0,0,13,0,13,0,6,118,0,124,0,6,131,0,137,100,0,100,237
04/10/2017,RAL,CA,AWP,WE,Federal Contract Tower,0,0,34,0,34,0,16,127,0,143,0,16,161,0,177,137,0,137,314
04/11/2017,RAL,CA,AWP,WE,Federal Contract Tower,0,0,22,0,22,0,11,107,5,123,0,11,129,5,145,152,0,152,297
04/12/2017,RAL,CA,AWP,WE,Federal Contract Tower,0,0,13,0,13,0,9,103,5,117,0,9,116,5,130,149,0,149,279
04/13/2017,RAL,CA,AWP,WE,Federal Contract Tower,0,0,20,1,21,0,4,103,4,111,0,4,123,5,132,165,0,165,297
04/14/2017,RAL,CA,AWP,WE,Federal Contract Tower,0,0,27,0,27,0,5,111,0,116,0,5,138,0,143,136,0,136,279
04/15/2017,RAL,CA,AWP,WE,Federal Contract Tower,0,0,10,0,10,0,7,105,0,112,0,7,115,0,122,91,0,91,213
04/16/2017,RAL,CA,AWP,WE,Federal Contract Tower,0,1,6,0,7,0,11,56,0,67,0,12,62,0,74,69,0,69,143
04/17/2017,RAL,CA,AWP,WE,Federal Contract Tower,0,0,24,0,24,0,14,92,3,109,0,14,116,3,133,124,0,124,257
04/18/2017,RAL,CA,AWP,WE,Federal Contract Tower,0,0,28,0,28,0,12,78,0,90,0,12,106,0,118,351,0,351,469
04/19/2017,RAL,CA,AWP,WE,Federal Contract Tower,0,0,26,0,26,0,6,105,5,116,0,6,131,5,142,195,0,195,337
04/20/2017,RAL,CA,AWP,WE,Federal Contract Tower,0,1,32,0,33,0,12,159,0,171,0,13,191,0,204,253,0,253,457
04/21/2017,RAL,CA,AWP,WE,Federal Contract Tower,0,0,26,1,27,0,8,103,0,111,0,8,129,1,138,134,0,134,272
04/22/2017,RAL,CA,AWP,WE,Federal Contract Tower,0,0,21,0,21,0,9,143,9,161,0,9,164,9,182,97,0,97,279
04/23/2017,RAL,CA,AWP,WE,Federal Contract Tower,0,2,14,2,18,0,17,108,3,128,0,19,122,5,146,110,0,110,256
04/24/2017,RAL,CA,AWP,WE,Federal Contract Tower,0,0,23,0,23,0,13,75,0,88,0,13,98,0,111,361,0,361,472
04/25/2017,RAL,CA,AWP,WE,Federal Contract Tower,0,2,27,0,29,20,0,107,2,129,20,2,134,2,158,289,0,289,447
04/27/2017,RAL,CA,AWP,WE,Federal Contract Tower,0,1,34,0,35,0,14,145,0,159,0,15,179,0,194,197,0,197,391
04/28/2017,RAL,CA,AWP,WE,Federal Contract Tower,0,0,16,0,16,0,12,107,12,131,0,12,123,12,147,149,0,149,296
04/29/2017,RAL,CA,AWP,WE,Federal Contract Tower,0,0,10,0,10,0,9,27,0,36,0,9,37,0,46,14,0,14,60
04/30/2017,RAL,CA,AWP,WE,Federal Contract Tower,0,0,13,0,13,0,9,106,0,115,0,9,119,0,128,86,0,86,214
05/01/2017,RAL,CA,AWP,WE,Federal Contract Tower,0,0,21,0,21,0,6,129,2,137,0,6,150,2,158,284,0,284,442
05/02/2017,RAL,CA,AWP,WE,Federal Contract Tower,0,1,21,0,22,0,19,120,0,139,0,20,141,0,161,319,0,319,480
05/03/2017,RAL,CA,AWP,WE,Federal Contract Tower,0,0,18,0,18,0,9,150,3,162,0,9,168,3,180,240,0,240,420
05/04/2017,RAL,CA,AWP,WE,Federal Contract Tower,0,0,23,0,23,0,7,145,0,152,0,7,168,0,175,185,0,185,360
05/05/2017,RAL,CA,AWP,WE,Federal Contract Tower,0,0,29,0,29,0,9,124,1,134,0,9,153,1,163,162,0,162,325
05/06/2017,RAL,CA,AWP,WE,Federal Contract Tower,0,0,16,0,16,0,9,50,0,59,0,9,66,0,75,85,0,85,160
05/07/2017,RAL,CA,AWP,WE,Federal Contract Tower,0,0,6,0,6,0,6,34,0,40,0,6,40,0,46,32,0,32,78
05/08/2017,RAL,CA,AWP,WE,Federal Contract Tower,0,1,28,0,29,0,28,136,1,165,0,29,164,1,194,252,0,252,446
05/09/2017,RAL,CA,AWP,WE,Federal Contract Tower,0,0,30,0,30,0,14,108,12,134,0,14,138,12,164,235,0,235,399
05/10/2017,RAL,CA,AWP,WE,Federal Contract Tower,0,0,21,0,21,0,14,63,0,77,0,14,84,0,98,158,0,158,256
05/11/2017,RAL,CA,AWP,WE,Federal Contract Tower,0,0,22,0,22,0,11,163,1,175,0,11,185,1,197,330,0,330,527
05/12/2017,RAL,CA,AWP,WE,Federal Contract Tower,0,0,24,0,24,0,8,114,1,123,0,8,138,1,147,180,0,180,327
05/13/2017,RAL,CA,AWP,WE,Federal Contract Tower,0,0,9,0,9,0,10,87,0,97,0,10,96,0,106,115,0,115,221
05/14/2017,RAL,CA,AWP,WE,Federal Contract Tower,0,1,12,0,13,0,12,96,0,108,0,13,108,0,121,76,0,76,197
05/15/2017,RAL,CA,AWP,WE,Federal Contract Tower,0,5,16,0,21,0,16,57,0,73,0,21,73,0,94,67,0,67,161
05/16/2017,RAL,CA,AWP,WE,Federal Contract Tower,0,0,29,0,29,0,11,87,0,98,0,11,116,0,127,207,0,207,334
05/17/2017,RAL,CA,AWP,WE,Federal Contract Tower,0,1,30,0,31,0,5,76,0,81,0,6,106,0,112,242,0,242,354
05/18/2017,RAL,CA,AWP,WE,Federal Contract Tower,0,0,23,0,23,0,14,117,0,131,0,14,140,0,154,164,0,164,318
05/19/2017,RAL,CA,AWP,WE,Federal Contract Tower,0,0,16,0,16,0,13,84,0,97,0,13,100,0,113,101,0,101,214
05/20/2017,RAL,CA,AWP,WE,Federal Contract Tower,0,0,13,0,13,0,14,107,0,121,0,14,120,0,134,90,0,90,224
05/21/2017,RAL,CA,AWP,WE,Federal Contract Tower,0,0,19,0,19,0,5,109,0,114,0,5,128,0,133,72,0,72,205
05/22/2017,RAL,CA,AWP,WE,Federal Contract Tower,0,0,21,0,21,0,14,89,0,103,0,14,110,0,124,183,0,183,307
05/23/2017,RAL,CA,AWP,WE,Federal Contract Tower,0,0,16,0,16,0,4,115,0,119,0,4,131,0,135,134,0,134,269
05/24/2017,RAL,CA,AWP,WE,Federal Contract Tower,0,0,17,0,17,0,15,100,0,115,0,15,117,0,132,242,0,242,374
05/25/2017,RAL,CA,AWP,WE,Federal Contract Tower,0,0,29,0,29,0,12,63,0,75,0,12,92,0,104,106,0,106,210
05/26/2017,RAL,CA,AWP,WE,Federal Contract Tower,0,0,23,0,23,0,12,82,0,94,0,12,105,0,117,208,0,208,325
05/27/2017,RAL,CA,AWP,WE,Federal Contract Tower,0,0,25,0,25,0,10,111,2,123,0,10,136,2,148,113,0,113,261
05/28/2017,RAL,CA,AWP,WE,Federal Contract Tower,0,0,15,0,15,0,5,73,0,78,0,5,88,0,93,85,0,85,178
05/29/2017,RAL,CA,AWP,WE,Federal Contract Tower,0,2,16,0,18,0,12,63,0,75,0,14,79,0,93,89,0,89,182
05/30/2017,RAL,CA,AWP,WE,Federal Contract Tower,0,0,32,0,32,0,7,93,0,100,0,7,125,0,132,156,0,156,288
05/31/2017,RAL,CA,AWP,WE,Federal Contract Tower,0,0,22,0,22,0,0,42,0,42,0,0,64,0,64,120,0,120,184
06/01/2017,RAL,CA,AWP,WE,Federal Contract Tower,0,0,18,0,18,0,13,91,0,104,0,13,109,0,122,187,0,187,309
06/02/2017,RAL,CA,AWP,WE,Federal Contract Tower,0,0,20,0,20,0,12,104,0,116,0,12,124,0,136,114,0,114,250
06/03/2017,RAL,CA,AWP,WE,Federal Contract Tower,0,0,22,0,22,0,12,125,0,137,0,12,147,0,159,148,0,148,307
06/04/2017,RAL,CA,AWP,WE,Federal Contract Tower,0,0,18,0,18,0,4,80,0,84,0,4,98,0,102,46,0,46,148
06/05/2017,RAL,CA,AWP,WE,Federal Contract Tower,0,0,0,22,22,0,9,100,0,109,0,9,100,22,131,214,0,214,345
06/06/2017,RAL,CA,AWP,WE,Federal Contract Tower,0,2,26,0,28,0,6,88,0,94,0,8,114,0,122,210,0,210,332
06/07/2017,RAL,CA,AWP,WE,Federal Contract Tower,0,1,36,0,37,0,4,99,0,103,0,5,135,0,140,254,0,254,394
06/08/2017,RAL,CA,AWP,WE,Federal Contract Tower,0,0,29,0,29,0,13,101,0,114,0,13,130,0,143,146,0,146,289
06/09/2017,RAL,CA,AWP,WE,Federal Contract Tower,0,0,14,0,14,0,9,108,0,117,0,9,122,0,131,228,0,228,359
06/10/2017,RAL,CA,AWP,WE,Federal Contract Tower,0,0,14,0,14,0,14,88,4,106,0,14,102,4,120,166,0,166,286
06/11/2017,RAL,CA,AWP,WE,Federal Contract Tower,0,0,15,0,15,0,10,48,1,59,0,10,63,1,74,62,0,62,136
06/12/2017,RAL,CA,AWP,WE,Federal Contract Tower,0,0,18,2,20,0,7,96,3,106,0,7,114,5,126,163,0,163,289
06/13/2017,RAL,CA,AWP,WE,Federal Contract Tower,0,0,24,0,24,0,8,111,0,119,0,8,135,0,143,179,0,179,322
06/14/2017,RAL,CA,AWP,WE,Federal Contract Tower,0,0,38,0,38,0,10,143,0,153,0,10,181,0,191,176,0,176,367
06/15/2017,RAL,CA,AWP,WE,Federal Contract Tower,0,0,20,0,20,0,7,143,0,150,0,7,163,0,170,274,0,274,444
06/16/2017,RAL,CA,AWP,WE,Federal Contract Tower,0,0,23,0,23,0,17,128,0,145,0,17,151,0,168,281,0,281,449
06/17/2017,RAL,CA,AWP,WE,Federal Contract Tower,0,0,10,0,10,0,6,110,1,117,0,6,120,1,127,83,0,83,210
06/18/2017,RAL,CA,AWP,WE,Federal Contract Tower,0,0,21,0,21,0,1,65,2,68,0,1,86,2,89,210,0,210,299
06/19/2017,RAL,CA,AWP,WE,Federal Contract Tower,0,0,12,0,12,0,12,103,0,115,0,12,115,0,127,138,0,138,265
06/20/2017,RAL,CA,AWP,WE,Federal Contract Tower,0,0,14,0,14,0,4,85,2,91,0,4,99,2,105,145,0,145,250
06/21/2017,RAL,CA,AWP,WE,Federal Contract Tower,0,0,16,0,16,0,5,73,1,79,0,5,89,1,95,129,0,129,224
06/22/2017,RAL,CA,AWP,WE,Federal Contract Tower,0,0,28,0,28,0,18,126,2,146,0,18,154,2,174,139,0,139,313
06/23/2017,RAL,CA,AWP,WE,Federal Contract Tower,0,0,18,0,18,0,10,108,2,120,0,10,126,2,138,133,0,133,271
06/24/2017,RAL,CA,AWP,WE,Federal Contract Tower,0,0,18,0,18,0,10,117,0,127,0,10,135,0,145,158,0,158,303
06/25/2017,RAL,CA,AWP,WE,Federal Contract Tower,0,2,8,0,10,0,2,79,3,84,0,4,87,3,94,22,0,22,116
06/26/2017,RAL,CA,AWP,WE,Federal Contract Tower,0,0,13,0,13,0,5,82,0,87,0,5,95,0,100,105,0,105,205
06/27/2017,RAL,CA,AWP,WE,Federal Contract Tower,0,9,108,0,117,0,0,32,0,32,0,9,140,0,149,123,0,123,272
06/28/2017,RAL,CA,AWP,WE,Federal Contract Tower,0,0,30,0,30,0,12,105,2,119,0,12,135,2,149,104,0,104,253
06/29/2017,RAL,CA,AWP,WE,Federal Contract Tower,0,0,30,3,33,0,4,113,6,123,0,4,143,9,156,122,0,122,278
06/30/2017,RAL,CA,AWP,WE,Federal Contract Tower,0,0,48,0,48,0,8,114,2,124,0,8,162,2,172,103,0,103,275
07/01/2017,RAL,CA,AWP,WE,Federal Contract Tower,0,0,19,1,20,0,7,88,3,98,0,7,107,4,118,102,0,102,220
07/02/2017,RAL,CA,AWP,WE,Federal Contract Tower,0,0,9,0,9,0,0,91,0,91,0,0,100,0,100,100,0,100,200
07/03/2017,RAL,CA,AWP,WE,Federal Contract Tower,0,0,22,0,22,0,9,93,0,102,0,9,115,0,124,82,0,82,206
07/04/2017,RAL,CA,AWP,WE,Federal Contract Tower,0,0,10,0,10,0,12,48,0,60,0,12,58,0,70,6,0,6,76
07/05/2017,RAL,CA,AWP,WE,Federal Contract Tower,0,0,18,0,18,0,13,89,0,102,0,13,107,0,120,114,0,114,234
07/06/2017,RAL,CA,AWP,WE,Federal Contract Tower,0,0,18,0,18,0,6,120,1,127,0,6,138,1,145,211,0,211,356
07/07/2017,RAL,CA,AWP,WE,Federal Contract Tower,0,0,23,0,23,0,12,131,0,143,0,12,154,0,166,156,0,156,322
07/08/2017,RAL,CA,AWP,WE,Federal Contract Tower,0,0,23,0,23,0,4,101,11,116,0,4,124,11,139,82,0,82,221
07/09/2017,RAL,CA,AWP,WE,Federal Contract Tower,0,1,25,0,26,0,6,99,10,115,0,7,124,10,141,83,0,83,224
07/10/2017,RAL,CA,AWP,WE,Federal Contract Tower,0,0,22,0,22,0,5,120,0,125,0,5,142,0,147,98,0,98,245
07/11/2017,RAL,CA,AWP,WE,Federal Contract Tower,0,0,25,0,25,0,13,137,0,150,0,13,162,0,175,126,0,126,301
07/12/2017,RAL,CA,AWP,WE,Federal Contract Tower,0,0,30,0,30,0,9,106,0,115,0,9,136,0,145,174,0,174,319
07/13/2017,RAL,CA,AWP,WE,Federal Contract Tower,0,0,29,0,29,0,13,120,0,133,0,13,149,0,162,181,0,181,343
07/14/2017,RAL,CA,AWP,WE,Federal Contract Tower,0,0,26,0,26,0,11,131,1,143,0,11,157,1,169,133,0,133,302
07/15/2017,RAL,CA,AWP,WE,Federal Contract Tower,0,0,15,0,15,0,17,101,0,118,0,17,116,0,133,107,0,107,240
07/16/2017,RAL,CA,AWP,WE,Federal Contract Tower,0,0,7,0,7,0,10,64,15,89,0,10,71,15,96,59,0,59,155
07/17/2017,RAL,CA,AWP,WE,Federal Contract Tower,0,0,9,0,9,0,10,123,0,133,0,10,132,0,142,174,0,174,316
07/18/2017,RAL,CA,AWP,WE,Federal Contract Tower,0,0,19,0,19,0,8,115,0,123,0,8,134,0,142,156,0,156,298
07/19/2017,RAL,CA,AWP,WE,Federal Contract Tower,0,0,20,0,20,0,7,107,1,115,0,7,127,1,135,243,0,243,378
07/20/2017,RAL,CA,AWP,WE,Federal Contract Tower,0,0,23,0,23,0,9,124,1,134,0,9,147,1,157,250,0,250,407
07/21/2017,RAL,CA,AWP,WE,Federal Contract Tower,0,0,12,0,12,0,7,129,0,136,0,7,141,0,148,290,0,290,438
07/22/2017,RAL,CA,AWP,WE,Federal Contract Tower,0,0,5,0,5,0,5,111,0,116,0,5,116,0,121,113,0,113,234
07/23/2017,RAL,CA,AWP,WE,Federal Contract Tower,0,0,16,0,16,0,10,99,1,110,0,10,115,1,126,54,0,54,180
07/24/2017,RAL,CA,AWP,WE,Federal Contract Tower,0,0,20,0,20,0,9,69,0,78,0,9,89,0,98,169,0,169,267
07/25/2017,RAL,CA,AWP,WE,Federal Contract Tower,0,0,29,0,29,0,7,121,3,131,0,7,150,3,160,169,0,169,329
07/26/2017,RAL,CA,AWP,WE,Federal Contract Tower,0,0,23,0,23,0,9,104,1,114,0,9,127,1,137,137,0,137,274
07/27/2017,RAL,CA,AWP,WE,Federal Contract Tower,0,0,15,0,15,0,7,110,1,118,0,7,125,1,133,148,0,148,281
07/28/2017,RAL,CA,AWP,WE,Federal Contract Tower,0,0,20,0,20,0,6,117,0,123,0,6,137,0,143,165,0,165,308
07/29/2017,RAL,CA,AWP,WE,Federal Contract Tower,0,0,12,0,12,0,4,97,0,101,0,4,109,0,113,84,0,84,197
07/30/2017,RAL,CA,AWP,WE,Federal Contract Tower,0,0,22,0,22,0,5,97,0,102,0,5,119,0,124,66,0,66,190
07/31/2017,RAL,CA,AWP,WE,Federal Contract Tower,0,0,14,0,14,0,6,96,0,102,0,6,110,0,116,131,0,131,247
08/01/2017,RAL,CA,AWP,WE,Federal Contract Tower,0,0,21,0,21,0,5,57,0,62,0,5,78,0,83,140,0,140,223
08/02/2017,RAL,CA,AWP,WE,Federal Contract Tower,0,0,24,0,24,0,9,77,0,86,0,9,101,0,110,99,0,99,209
08/03/2017,RAL,CA,AWP,WE,Federal Contract Tower,0,0,20,0,20,0,10,73,0,83,0,10,93,0,103,76,0,76,179
08/04/2017,RAL,CA,AWP,WE,Federal Contract Tower,0,0,31,0,31,0,17,122,2,141,0,17,153,2,172,86,0,86,258
08/05/2017,RAL,CA,AWP,WE,Federal Contract Tower,0,0,14,0,14,0,8,81,0,89,0,8,95,0,103,67,0,67,170
08/06/2017,RAL,CA,AWP,WE,Federal Contract Tower,0,0,12,0,12,0,0,47,0,47,0,0,59,0,59,27,0,27,86
08/07/2017,RAL,CA,AWP,WE,Federal Contract Tower,0,0,26,0,26,0,5,92,0,97,0,5,118,0,123,103,0,103,226
08/08/2017,RAL,CA,AWP,WE,Federal Contract Tower,0,0,35,0,35,0,6,115,0,121,0,6,150,0,156,158,0,158,314
08/09/2017,RAL,CA,AWP,WE,Federal Contract Tower,0,0,20,0,20,0,14,128,0,142,0,14,148,0,162,150,0,150,312
08/10/2017,RAL,CA,AWP,WE,Federal Contract Tower,0,0,22,0,22,0,9,110,0,119,0,9,132,0,141,100,0,100,241
08/11/2017,RAL,CA,AWP,WE,Federal Contract Tower,0,0,27,0,27,0,5,118,0,123,0,5,145,0,150,200,0,200,350
08/12/2017,RAL,CA,AWP,WE,Federal Contract Tower,0,1,19,0,20,0,8,124,0,132,0,9,143,0,152,152,0,152,304
08/13/2017,RAL,CA,AWP,WE,Federal Contract Tower,0,0,16,0,16,0,10,90,0,100,0,10,106,0,116,89,0,89,205
08/14/2017,RAL,CA,AWP,WE,Federal Contract Tower,0,0,15,0,15,0,15,87,0,102,0,15,102,0,117,146,0,146,263
08/15/2017,RAL,CA,AWP,WE,Federal Contract Tower,0,0,37,0,37,0,12,83,1,96,0,12,120,1,133,163,0,163,296
08/16/2017,RAL,CA,AWP,WE,Federal Contract Tower,0,3,21,0,24,0,20,100,2,122,0,23,121,2,146,202,0,202,348
08/17/2017,RAL,CA,AWP,WE,Federal Contract Tower,0,0,31,0,31,0,12,126,0,138,0,12,157,0,169,222,0,222,391
08/18/2017,RAL,CA,AWP,WE,Federal Contract Tower,0,0,31,0,31,0,13,104,0,117,0,13,135,0,148,212,0,212,360
08/19/2017,RAL,CA,AWP,WE,Federal Contract Tower,0,0,31,0,31,0,6,124,1,131,0,6,155,1,162,94,0,94,256
08/20/2017,RAL,CA,AWP,WE,Federal Contract Tower,0,0,11,0,11,0,16,62,6,84,0,16,73,6,95,59,0,59,154
08/21/2017,RAL,CA,AWP,WE,Federal Contract Tower,0,0,18,0,18,0,8,54,0,62,0,8,72,0,80,49,0,49,129
08/22/2017,RAL,CA,AWP,WE,Federal Contract Tower,0,0,37,0,37,0,8,90,0,98,0,8,127,0,135,201,0,201,336
08/23/2017,RAL,CA,AWP,WE,Federal Contract Tower,0,0,44,0,44,0,16,93,1,110,0,16,137,1,154,194,0,194,348
08/24/2017,RAL,CA,AWP,WE,Federal Contract Tower,0,0,25,0,25,0,7,90,1,98,0,7,115,1,123,213,0,213,336
08/25/2017,RAL,CA,AWP,WE,Federal Contract Tower,0,0,25,0,25,0,6,120,2,128,0,6,145,2,153,135,0,135,288
08/26/2017,RAL,CA,AWP,WE,Federal Contract Tower,0,0,30,0,30,0,9,119,0,128,0,9,149,0,158,120,0,120,278
08/27/2017,RAL,CA,AWP,WE,Federal Contract Tower,0,1,14,0,15,0,8,75,7,90,0,9,89,7,105,45,0,45,150
08/28/2017,RAL,CA,AWP,WE,Federal Contract Tower,0,0,26,0,26,0,5,51,1,57,0,5,77,1,83,178,0,178,261
08/29/2017,RAL,CA,AWP,WE,Federal Contract Tower,0,0,19,2,21,0,0,79,15,94,0,0,98,17,115,144,0,144,259
08/30/2017,RAL,CA,AWP,WE,Federal Contract Tower,0,1,30,1,32,0,11,84,4,99,0,12,114,5,131,138,0,138,269
08/31/2017,RAL,CA,AWP,WE,Federal Contract Tower,0,0,13,0,13,0,9,48,0,57,0,9,61,0,70,116,0,116,186
09/01/2017,RAL,CA,AWP,WE,Federal Contract Tower,0,0,24,0,24,0,8,84,0,92,0,8,108,0,116,84,0,84,200
09/02/2017,RAL,CA,AWP,WE,Federal Contract Tower,0,1,36,0,37,0,7,82,4,93,0,8,118,4,130,36,0,36,166
09/03/2017,RAL,CA,AWP,WE,Federal Contract Tower,0,0,18,0,18,0,7,67,4,78,0,7,85,4,96,26,0,26,122
09/04/2017,RAL,CA,AWP,WE,Federal Contract Tower,0,0,24,0,24,0,8,75,0,83,0,8,99,0,107,215,0,215,322
09/05/2017,RAL,CA,AWP,WE,Federal Contract Tower,0,0,15,0,15,0,9,80,0,89,0,9,95,0,104,126,0,126,230
09/06/2017,RAL,CA,AWP,WE,Federal Contract Tower,0,0,32,2,34,0,12,93,3,108,0,12,125,5,142,138,0,138,280
09/07/2017,RAL,CA,AWP,WE,Federal Contract Tower,0,0,20,0,20,0,10,88,0,98,0,10,108,0,118,116,0,116,234
09/08/2017,RAL,CA,AWP,WE,Federal Contract Tower,0,0,30,0,30,0,9,94,0,103,0,9,124,0,133,166,0,166,299
09/09/2017,RAL,CA,AWP,WE,Federal Contract Tower,0,1,28,0,29,0,14,110,3,127,0,15,138,3,156,97,0,97,253
09/10/2017,RAL,CA,AWP,WE,Federal Contract Tower,0,0,17,0,17,0,7,74,2,83,0,7,91,2,100,64,0,64,164
09/11/2017,RAL,CA,AWP,WE,Federal Contract Tower,0,0,32,0,32,0,12,86,4,102,0,12,118,4,134,163,0,163,297
09/12/2017,RAL,CA,AWP,WE,Federal Contract Tower,0,0,24,0,24,0,15,100,2,117,0,15,124,2,141,133,0,133,274
09/13/2017,RAL,CA,AWP,WE,Federal Contract Tower,0,1,36,0,37,0,15,93,2,110,0,16,129,2,147,287,0,287,434
09/14/2017,RAL,CA,AWP,WE,Federal Contract Tower,0,0,28,0,28,0,11,93,5,109,0,11,121,5,137,346,0,346,483
09/15/2017,RAL,CA,AWP,WE,Federal Contract Tower,0,0,25,0,25,0,10,69,2,81,0,10,94,2,106,257,0,257,363
09/16/2017,RAL,CA,AWP,WE,Federal Contract Tower,0,0,30,0,30,0,14,122,3,139,0,14,152,3,169,271,0,271,440
09/17/2017,RAL,CA,AWP,WE,Federal Contract Tower,0,1,30,0,31,0,5,48,0,53,0,6,78,0,84,34,0,34,118
09/18/2017,RAL,CA,AWP,WE,Federal Contract Tower,0,0,21,0,21,0,3,90,4,97,0,3,111,4,118,202,0,202,320
09/19/2017,RAL,CA,AWP,WE,Federal Contract Tower,0,0,29,0,29,0,10,48,4,62,0,10,77,4,91,158,0,158,249
09/20/2017,RAL,CA,AWP,WE,Federal Contract Tower,0,0,24,0,24,0,12,88,5,105,0,12,112,5,129,311,0,311,440
09/21/2017,RAL,CA,AWP,WE,Federal Contract Tower,0,0,15,0,15,0,10,75,0,85,0,10,90,0,100,235,0,235,335
09/22/2017,RAL,CA,AWP,WE,Federal Contract Tower,0,1,18,0,19,0,9,129,2,140,0,10,147,2,159,216,0,216,375
09/23/2017,RAL,CA,AWP,WE,Federal Contract Tower,0,0,30,0,30,0,6,186,0,192,0,6,216,0,222,156,0,156,378
09/24/2017,RAL,CA,AWP,WE,Federal Contract Tower,0,0,24,0,24,0,4,70,1,75,0,4,94,1,99,78,0,78,177
09/25/2017,RAL,CA,AWP,WE,Federal Contract Tower,0,0,18,0,18,0,7,71,0,78,0,7,89,0,96,67,0,67,163
09/26/2017,RAL,CA,AWP,WE,Federal Contract Tower,0,0,20,0,20,0,6,65,0,71,0,6,85,0,91,113,0,113,204
09/27/2017,RAL,CA,AWP,WE,Federal Contract Tower,0,1,16,0,17,0,13,113,0,126,0,14,129,0,143,387,0,387,530
09/28/2017,RAL,CA,AWP,WE,Federal Contract Tower,0,2,28,0,30,0,7,129,1,137,0,9,157,1,167,244,0,244,411
09/29/2017,RAL,CA,AWP,WE,Federal Contract Tower,0,0,19,0,19,0,9,106,0,115,0,9,125,0,134,207,0,207,341
09/30/2017,RAL,CA,AWP,WE,Federal Contract Tower,0,0,15,0,15,0,8,129,0,137,0,8,144,0,152,206,0,206,358
10/01/2017,RAL,CA,AWP,WE,Federal Contract Tower,0,0,13,0,13,0,4,67,0,71,0,4,80,0,84,103,0,103,187
10/02/2017,RAL,CA,AWP,WE,Federal Contract Tower,0,0,23,0,23,0,3,94,1,98,0,3,117,1,121,256,0,256,377
10/03/2017,RAL,CA,AWP,WE,Federal Contract Tower,0,0,21,0,21,0,8,62,0,70,0,8,83,0,91,215,0,215,306
10/04/2017,RAL,CA,AWP,WE,Federal Contract Tower,0,0,14,0,14,0,16,125,0,141,0,16,139,0,155,222,0,222,377
10/05/2017,RAL,CA,AWP,WE,Federal Contract Tower,0,0,21,0,21,0,13,129,6,148,0,13,150,6,169,260,0,260,429
10/06/2017,RAL,CA,AWP,WE,Federal Contract Tower,0,0,18,0,18,0,9,95,0,104,0,9,113,0,122,91,0,91,213
10/07/2017,RAL,CA,AWP,WE,Federal Contract Tower,0,0,16,0,16,0,6,106,9,121,0,6,122,9,137,42,0,42,179
10/08/2017,RAL,CA,AWP,WE,Federal Contract Tower,0,0,17,0,17,0,2,109,0,111,0,2,126,0,128,90,0,90,218
10/09/2017,RAL,CA,AWP,WE,Federal Contract Tower,0,1,7,0,8,0,6,19,0,25,0,7,26,0,33,5,0,5,38
10/10/2017,RAL,CA,AWP,WE,Federal Contract Tower,0,0,16,0,16,0,19,122,2,143,0,19,138,2,159,207,0,207,366
10/11/2017,RAL,CA,AWP,WE,Federal Contract Tower,0,0,25,0,25,0,14,128,0,142,0,14,153,0,167,193,0,193,360
10/12/2017,RAL,CA,AWP,WE,Federal Contract Tower,0,0,32,0,32,0,10,90,0,100,0,10,122,0,132,177,0,177,309
10/13/2017,RAL,CA,AWP,WE,Federal Contract Tower,0,1,27,0,28,0,7,137,3,147,0,8,164,3,175,178,0,178,353
10/14/2017,RAL,CA,AWP,WE,Federal Contract Tower,0,0,17,0,17,0,10,84,2,96,0,10,101,2,113,100,0,100,213
10/15/2017,RAL,CA,AWP,WE,Federal Contract Tower,0,2,12,0,14,0,5,60,0,65,0,7,72,0,79,20,0,20,99
10/16/2017,RAL,CA,AWP,WE,Federal Contract Tower,0,0,11,0,11,0,8,96,0,104,0,8,107,0,115,152,0,152,267
10/17/2017,RAL,CA,AWP,WE,Federal Contract Tower,0,0,4,0,4,0,9,96,0,105,0,9,100,0,109,137,0,137,246
10/18/2017,RAL,CA,AWP,WE,Federal Contract Tower,0,0,10,0,10,0,11,90,0,101,0,11,100,0,111,70,0,70,181
10/19/2017,RAL,CA,AWP,WE,Federal Contract Tower,0,0,7,0,7,0,11,35,1,47,0,11,42,1,54,36,0,36,90
10/20/2017,RAL,CA,AWP,WE,Federal Contract Tower,0,0,2,0,2,0,6,31,0,37,0,6,33,0,39,2,0,2,41
10/21/2017,RAL,CA,AWP,WE,Federal Contract Tower,0,0,12,0,12,0,9,94,3,106,0,9,106,3,118,36,0,36,154
10/22/2017,RAL,CA,AWP,WE,Federal Contract Tower,0,0,17,0,17,0,10,79,2,91,0,10,96,2,108,82,0,82,190
10/23/2017,RAL,CA,AWP,WE,Federal Contract Tower,0,2,22,0,24,0,15,50,2,67,0,17,72,2,91,134,0,134,225
10/24/2017,RAL,CA,AWP,WE,Federal Contract Tower,0,0,11,0,11,0,23,29,0,52,0,23,40,0,63,4,0,4,67
10/25/2017,RAL,CA,AWP,WE,Federal Contract Tower,0,0,21,0,21,0,13,115,2,130,0,13,136,2,151,161,0,161,312
10/26/2017,RAL,CA,AWP,WE,Federal Contract Tower,0,0,19,0,19,0,7,132,2,141,0,7,151,2,160,315,0,315,475
10/27/2017,RAL,CA,AWP,WE,Federal Contract Tower,0,0,26,0,26,0,6,152,0,158,0,6,178,0,184,287,6,293,477
10/28/2017,RAL,CA,AWP,WE,Federal Contract Tower,0,0,3,0,3,0,6,148,14,168,0,6,151,14,171,166,0,166,337
10/29/2017,RAL,CA,AWP,WE,Federal Contract Tower,0,0,22,1,23,0,9,66,6,81,0,9,88,7,104,20,0,20,124
10/30/2017,RAL,CA,AWP,WE,Federal Contract Tower,0,0,34,0,34,0,11,86,0,97,0,11,120,0,131,252,0,252,383
10/31/2017,RAL,CA,AWP,WE,Federal Contract Tower,0,0,32,0,32,0,43,80,2,125,0,43,112,2,157,153,0,153,310
11/01/2017,RAL,CA,AWP,WE,Federal Contract Tower,0,1,32,0,33,0,17,120,1,138,0,18,152,1,171,184,0,184,355
11/02/2017,RAL,CA,AWP,WE,Federal Contract Tower,0,0,30,0,30,0,4,99,0,103,0,4,129,0,133,132,0,132,265
11/03/2017,RAL,CA,AWP,WE,Federal Contract Tower,0,1,22,0,23,0,8,106,1,115,0,9,128,1,138,190,0,190,328
11/04/2017,RAL,CA,AWP,WE,Federal Contract Tower,0,0,8,0,8,0,7,151,0,158,0,7,159,0,166,222,0,222,388
11/05/2017,RAL,CA,AWP,WE,Federal Contract Tower,0,0,21,0,21,0,2,58,2,62,0,2,79,2,83,139,0,139,222
11/06/2017,RAL,CA,AWP,WE,Federal Contract Tower,0,0,21,0,21,0,6,112,0,118,0,6,133,0,139,144,0,144,283
11/07/2017,RAL,CA,AWP,WE,Federal Contract Tower,0,0,25,0,25,0,8,139,2,149,0,8,164,2,174,125,0,125,299
11/08/2017,RAL,CA,AWP,WE,Federal Contract Tower,0,0,44,0,44,0,7,163,0,170,0,7,207,0,214,212,0,212,426
11/09/2017,RAL,CA,AWP,WE,Federal Contract Tower,0,2,33,0,35,0,3,109,0,112,0,5,142,0,147,80,0,80,227
11/10/2017,RAL,CA,AWP,WE,Federal Contract Tower,0,0,41,0,41,0,8,80,7,95,0,8,121,7,136,242,6,248,384
11/11/2017,RAL,CA,AWP,WE,Federal Contract Tower,0,1,25,0,26,0,11,143,0,154,0,12,168,0,180,99,0,99,279
11/12/2017,RAL,CA,AWP,WE,Federal Contract Tower,0,0,14,0,14,0,5,66,0,71,0,5,80,0,85,173,0,173,258
11/13/2017,RAL,CA,AWP,WE,Federal Contract Tower,0,0,23,0,23,0,9,136,0,145,0,9,159,0,168,296,0,296,464
11/14/2017,RAL,CA,AWP,WE,Federal Contract Tower,0,0,24,0,24,0,9,119,0,128,0,9,143,0,152,229,6,235,387
11/15/2017,RAL,CA,AWP,WE,Federal Contract Tower,0,0,33,0,33,0,8,121,0,129,0,8,154,0,162,253,0,253,415
11/16/2017,RAL,CA,AWP,WE,Federal Contract Tower,0,0,25,0,25,0,7,151,2,160,0,7,176,2,185,315,0,315,500
11/17/2017,RAL,CA,AWP,WE,Federal Contract Tower,0,1,25,0,26,0,12,113,0,125,0,13,138,0,151,209,0,209,360
11/18/2017,RAL,CA,AWP,WE,Federal Contract Tower,0,0,30,0,30,0,5,163,2,170,0,5,193,2,200,118,0,118,318
11/19/2017,RAL,CA,AWP,WE,Federal Contract Tower,0,0,18,0,18,0,13,126,5,144,0,13,144,5,162,93,0,93,255
11/20/2017,RAL,CA,AWP,WE,Federal Contract Tower,0,0,29,0,29,0,11,142,1,154,0,11,171,1,183,243,0,243,426
11/21/2017,RAL,CA,AWP,WE,Federal Contract Tower,0,0,35,0,35,0,9,141,0,150,0,9,176,0,185,182,0,182,367
11/22/2017,RAL,CA,AWP,WE,Federal Contract Tower,0,0,25,0,25,0,6,106,0,112,0,6,131,0,137,157,0,157,294
11/23/2017,RAL,CA,AWP,WE,Federal Contract Tower,0,0,9,0,9,0,9,24,0,33,0,9,33,0,42,4,0,4,46
11/24/2017,RAL,CA,AWP,WE,Federal Contract Tower,0,0,14,0,14,0,7,90,0,97,0,7,104,0,111,66,0,66,177
11/25/2017,RAL,CA,AWP,WE,Federal Contract Tower,0,0,12,0,12,0,9,168,1,178,0,9,180,1,190,138,3,141,331
11/26/2017,RAL,CA,AWP,WE,Federal Contract Tower,0,0,19,0,19,0,4,85,0,89,0,4,104,0,108,86,0,86,194
11/27/2017,RAL,CA,AWP,WE,Federal Contract Tower,0,1,27,0,28,0,8,65,0,73,0,9,92,0,101,164,0,164,265
11/28/2017,RAL,CA,AWP,WE,Federal Contract Tower,0,0,10,0,10,0,10,93,0,103,0,10,103,0,113,204,0,204,317
11/29/2017,RAL,CA,AWP,WE,Federal Contract Tower,0,0,19,0,19,0,11,111,0,122,0,11,130,0,141,140,0,140,281
11/30/2017,RAL,CA,AWP,WE,Federal Contract Tower,0,0,32,0,32,0,12,159,1,172,0,12,191,1,204,186,0,186,390
12/01/2017,RAL,CA,AWP,WE,Federal Contract Tower,0,0,28,0,28,0,10,145,0,155,0,10,173,0,183,211,0,211,394
12/02/2017,RAL,CA,AWP,WE,Federal Contract Tower,0,2,23,0,25,0,4,101,3,108,0,6,124,3,133,99,0,99,232
12/03/2017,RAL,CA,AWP,WE,Federal Contract Tower,0,0,16,0,16,0,0,81,12,93,0,0,97,12,109,45,0,45,154
12/04/2017,RAL,CA,AWP,WE,Federal Contract Tower,0,0,8,0,8,0,11,21,0,32,0,11,29,0,40,32,0,32,72
12/05/2017,RAL,CA,AWP,WE,Federal Contract Tower,0,0,8,0,8,0,3,17,0,20,0,3,25,0,28,32,0,32,60
12/06/2017,RAL,CA,AWP,WE,Federal Contract Tower,0,0,3,0,3,0,7,25,0,32,0,7,28,0,35,43,0,43,78
12/07/2017,RAL,CA,AWP,WE,Federal Contract Tower,0,2,6,0,8,0,2,14,0,16,0,4,20,0,24,2,0,2,26
12/08/2017,RAL,CA,AWP,WE,Federal Contract Tower,0,0,19,0,19,0,12,80,0,92,0,12,99,0,111,85,0,85,196
12/09/2017,RAL,CA,AWP,WE,Federal Contract Tower,0,0,25,0,25,0,9,117,0,126,0,9,142,0,151,109,0,109,260
12/10/2017,RAL,CA,AWP,WE,Federal Contract Tower,0,0,15,0,15,0,6,88,2,96,0,6,103,2,111,20,0,20,131
12/11/2017,RAL,CA,AWP,WE,Federal Contract Tower,0,0,35,0,35,0,6,125,0,131,0,6,160,0,166,187,0,187,353
12/12/2017,RAL,CA,AWP,WE,Federal Contract Tower,0,2,27,0,29,0,7,146,4,157,0,9,173,4,186,139,0,139,325
12/13/2017,RAL,CA,AWP,WE,Federal Contract Tower,0,0,15,0,15,0,4,165,0,169,0,4,180,0,184,189,0,189,373
12/14/2017,RAL,CA,AWP,WE,Federal Contract Tower,0,0,5,0,5,0,8,28,4,40,0,8,33,4,45,5,0,5,50
12/15/2017,RAL,CA,AWP,WE,Federal Contract Tower,0,0,26,0,26,0,12,119,4,135,0,12,145,4,161,155,0,155,316
12/16/2017,RAL,CA,AWP,WE,Federal Contract Tower,0,0,10,0,10,0,6,144,0,150,0,6,154,0,160,106,0,106,266
12/17/2017,RAL,CA,AWP,WE,Federal Contract Tower,0,0,2,0,2,0,4,19,0,23,0,4,21,0,25,6,0,6,31
12/18/2017,RAL,CA,AWP,WE,Federal Contract Tower,0,0,34,0,34,0,9,135,0,144,0,9,169,0,178,178,0,178,356
12/19/2017,RAL,CA,AWP,WE,Federal Contract Tower,0,0,34,0,34,0,12,147,2,161,0,12,181,2,195,158,0,158,353
12/20/2017,RAL,CA,AWP,WE,Federal Contract Tower,0,0,25,0,25,0,18,86,1,105,0,18,111,1,130,200,0,200,330
12/21/2017,RAL,CA,AWP,WE,Federal Contract Tower,0,0,4,0,4,0,9,30,3,42,0,9,34,3,46,15,0,15,61
12/22/2017,RAL,CA,AWP,WE,Federal Contract Tower,0,0,28,0,28,0,10,137,0,147,0,10,165,0,175,130,0,130,305
12/23/2017,RAL,CA,AWP,WE,Federal Contract Tower,0,0,12,0,12,0,9,67,0,76,0,9,79,0,88,88,0,88,176
12/24/2017,RAL,CA,AWP,WE,Federal Contract Tower,0,0,2,0,2,0,6,38,0,44,0,6,40,0,46,53,0,53,99
12/25/2017,RAL,CA,AWP,WE,Federal Contract Tower,0,0,3,0,3,0,2,19,0,21,0,2,22,0,24,58,0,58,82
12/26/2017,RAL,CA,AWP,WE,Federal Contract Tower,0,2,16,0,18,0,15,89,0,104,0,17,105,0,122,111,0,111,233
12/27/2017,RAL,CA,AWP,WE,Federal Contract Tower,0,0,16,0,16,0,8,100,3,111,0,8,116,3,127,134,1,135,262
12/28/2017,RAL,CA,AWP,WE,Federal Contract Tower,0,1,31,0,32,0,5,118,1,124,0,6,149,1,156,151,0,151,307
12/29/2017,RAL,CA,AWP,WE,Federal Contract Tower,0,1,17,0,18,0,15,97,3,115,0,16,114,3,133,97,0,97,230
12/30/2017,RAL,CA,AWP,WE,Federal Contract Tower,0,0,15,0,15,0,8,91,3,102,0,8,106,3,117,118,0,118,235
12/31/2017,RAL,CA,AWP,WE,Federal Contract Tower,0,2,13,0,15,0,3,62,0,65,0,5,75,0,80,104,0,104,184
01/01/2018,RAL,CA,AWP,WE,Federal Contract Tower,0,0,4,0,4,0,5,64,2,71,0,5,68,2,75,49,0,49,124
01/02/2018,RAL,CA,AWP,WE,Federal Contract Tower,0,0,14,0,14,0,12,69,2,83,0,12,83,2,97,161,0,161,258
01/03/2018,RAL,CA,AWP,WE,Federal Contract Tower,0,0,34,0,34,0,14,89,2,105,0,14,123,2,139,134,0,134,273
01/04/2018,RAL,CA,AWP,WE,Federal Contract Tower,0,0,29,0,29,0,9,113,1,123,0,9,142,1,152,151,0,151,303
01/05/2018,RAL,CA,AWP,WE,Federal Contract Tower,0,0,26,0,26,0,11,114,8,133,0,11,140,8,159,126,8,134,293
01/06/2018,RAL,CA,AWP,WE,Federal Contract Tower,0,0,18,0,18,0,8,89,3,100,0,8,107,3,118,102,0,102,220
01/07/2018,RAL,CA,AWP,WE,Federal Contract Tower,0,0,26,0,26,0,3,75,4,82,0,3,101,4,108,52,12,64,172
01/08/2018,RAL,CA,AWP,WE,Federal Contract Tower,0,0,19,0,19,0,8,23,0,31,0,8,42,0,50,41,0,41,91
01/09/2018,RAL,CA,AWP,WE,Federal Contract Tower,0,0,10,0,10,0,4,11,0,15,0,4,21,0,25,12,0,12,37
01/10/2018,RAL,CA,AWP,WE,Federal Contract Tower,0,0,24,0,24,0,6,83,2,91,0,6,107,2,115,191,0,191,306
01/11/2018,RAL,CA,AWP,WE,Federal Contract Tower,0,2,31,0,33,0,13,100,0,113,0,15,131,0,146,121,0,121,267
01/12/2018,RAL,CA,AWP,WE,Federal Contract Tower,0,0,23,0,23,0,6,137,5,148,0,6,160,5,171,205,0,205,376
01/13/2018,RAL,CA,AWP,WE,Federal Contract Tower,0,0,11,0,11,0,7,73,2,82,0,7,84,2,93,32,0,32,125
01/14/2018,RAL,CA,AWP,WE,Federal Contract Tower,0,0,12,0,12,0,6,69,7,82,0,6,81,7,94,44,0,44,138
01/15/2018,RAL,CA,AWP,WE,Federal Contract Tower,0,0,38,0,38,0,11,128,0,139,0,11,166,0,177,221,0,221,398
01/16/2018,RAL,CA,AWP,WE,Federal Contract Tower,0,0,28,0,28,0,11,116,0,127,0,11,144,0,155,303,0,303,458
01/17/2018,RAL,CA,AWP,WE,Federal Contract Tower,0,0,22,0,22,0,6,126,2,134,0,6,148,2,156,155,0,155,311
01/18/2018,RAL,CA,AWP,WE,Federal Contract Tower,0,0,33,0,33,0,10,160,0,170,0,10,193,0,203,232,0,232,435
01/19/2018,RAL,CA,AWP,WE,Federal Contract Tower,0,0,23,0,23,0,6,39,0,45,0,6,62,0,68,201,0,201,269
01/20/2018,RAL,CA,AWP,WE,Federal Contract Tower,0,0,24,1,25,0,7,95,4,106,0,7,119,5,131,130,0,130,261
01/21/2018,RAL,CA,AWP,WE,Federal Contract Tower,0,0,16,0,16,0,4,104,1,109,0,4,120,1,125,115,0,115,240
01/22/2018,RAL,CA,AWP,WE,Federal Contract Tower,0,2,30,0,32,0,7,106,2,115,0,9,136,2,147,125,0,125,272
01/23/2018,RAL,CA,AWP,WE,Federal Contract Tower,0,1,28,0,29,0,6,99,0,105,0,7,127,0,134,201,0,201,335
01/24/2018,RAL,CA,AWP,WE,Federal Contract Tower,0,0,19,0,19,0,7,79,0,86,0,7,98,0,105,191,0,191,296
01/25/2018,RAL,CA,AWP,WE,Federal Contract Tower,0,0,26,0,26,0,9,94,1,104,0,9,120,1,130,243,0,243,373
01/26/2018,RAL,CA,AWP,WE,Federal Contract Tower,0,0,20,0,20,0,8,143,0,151,0,8,163,0,171,156,0,156,327
01/27/2018,RAL,CA,AWP,WE,Federal Contract Tower,0,0,17,0,17,0,4,92,2,98,0,4,109,2,115,49,0,49,164
01/28/2018,RAL,CA,AWP,WE,Federal Contract Tower,0,0,3,0,3,0,7,12,0,19,0,7,15,0,22,8,0,8,30
01/29/2018,RAL,CA,AWP,WE,Federal Contract Tower,0,1,27,0,28,0,10,75,1,86,0,11,102,1,114,132,0,132,246
01/30/2018,RAL,CA,AWP,WE,Federal Contract Tower,0,1,24,0,25,0,11,126,3,140,0,12,150,3,165,257,0,257,422
01/31/2018,RAL,CA,AWP,WE,Federal Contract Tower,0,0,17,0,17,0,16,108,0,124,0,16,125,0,141,298,0,298,439
02/01/2018,RAL,CA,AWP,WE,Federal Contract Tower,0,0,14,0,14,0,20,113,0,133,0,20,127,0,147,195,0,195,342
02/02/2018,RAL,CA,AWP,WE,Federal Contract Tower,0,0,20,0,20,0,10,134,0,144,0,10,154,0,164,138,0,138,302
02/03/2018,RAL,CA,AWP,WE,Federal Contract Tower,0,2,17,1,20,0,9,76,1,86,0,11,93,2,106,120,0,120,226
02/04/2018,RAL,CA,AWP,WE,Federal Contract Tower,0,0,17,0,17,0,9,90,11,110,0,9,107,11,127,94,0,94,221
02/05/2018,RAL,CA,AWP,WE,Federal Contract Tower,0,0,24,0,24,0,11,124,5,140,0,11,148,5,164,147,0,147,311
02/06/2018,RAL,CA,AWP,WE,Federal Contract Tower,0,0,33,0,33,0,11,101,0,112,0,11,134,0,145,117,0,117,262
02/07/2018,RAL,CA,AWP,WE,Federal Contract Tower,0,0,26,0,26,0,11,145,0,156,0,11,171,0,182,191,0,191,373
02/08/2018,RAL,CA,AWP,WE,Federal Contract Tower,0,0,32,0,32,0,11,146,0,157,0,11,178,0,189,133,0,133,322
02/09/2018,RAL,CA,AWP,WE,Federal Contract Tower,0,0,23,0,23,0,6,149,0,155,0,6,172,0,178,231,0,231,409
02/10/2018,RAL,CA,AWP,WE,Federal Contract Tower,0,0,19,0,19,0,6,55,0,61,0,6,74,0,80,138,0,138,218
02/11/2018,RAL,CA,AWP,WE,Federal Contract Tower,0,0,29,0,29,0,2,32,0,34,0,2,61,0,63,80,0,80,143
02/12/2018,RAL,CA,AWP,WE,Federal Contract Tower,0,0,27,0,27,0,7,50,5,62,0,7,77,5,89,297,0,297,386
02/13/2018,RAL,CA,AWP,WE,Federal Contract Tower,0,0,30,0,30,0,13,94,6,113,0,13,124,6,143,203,0,203,346
02/14/2018,RAL,CA,AWP,WE,Federal Contract Tower,0,0,6,0,6,0,7,80,1,88,0,7,86,1,94,230,0,230,324
02/15/2018,RAL,CA,AWP,WE,Federal Contract Tower,0,0,10,0,10,0,8,82,0,90,0,8,92,0,100,94,0,94,194
02/16/2018,RAL,CA,AWP,WE,Federal Contract Tower,0,0,24,0,24,0,16,117,0,133,0,16,141,0,157,257,0,257,414
02/17/2018,RAL,CA,AWP,WE,Federal Contract Tower,0,0,15,0,15,0,9,135,0,144,0,9,150,0,159,204,0,204,363
02/18/2018,RAL,CA,AWP,WE,Federal Contract Tower,0,0,15,0,15,0,3,95,0,98,0,3,110,0,113,92,0,92,205
02/19/2018,RAL,CA,AWP,WE,Federal Contract Tower,0,0,3,0,3,0,2,34,0,36,0,2,37,0,39,186,0,186,225
02/20/2018,RAL,CA,AWP,WE,Federal Contract Tower,0,0,23,0,23,0,6,112,0,118,0,6,135,0,141,303,0,303,444
02/21/2018,RAL,CA,AWP,WE,Federal Contract Tower,0,0,13,0,13,0,7,115,1,123,0,7,128,1,136,238,0,238,374
02/22/2018,RAL,CA,AWP,WE,Federal Contract Tower,0,0,16,0,16,0,7,90,0,97,0,7,106,0,113,188,0,188,301
02/23/2018,RAL,CA,AWP,WE,Federal Contract Tower,0,0,25,0,25,0,8,112,0,120,0,8,137,0,145,323,0,323,468
02/24/2018,RAL,CA,AWP,WE,Federal Contract Tower,0,1,8,0,9,0,4,116,0,120,0,5,124,0,129,147,0,147,276
02/25/2018,RAL,CA,AWP,WE,Federal Contract Tower,0,0,9,0,9,0,2,102,0,104,0,2,111,0,113,159,0,159,272
02/26/2018,RAL,CA,AWP,WE,Federal Contract Tower,0,2,15,0,17,0,12,120,0,132,0,14,135,0,149,194,0,194,343
02/27/2018,RAL,CA,AWP,WE,Federal Contract Tower,0,0,26,0,26,0,5,57,2,64,0,5,83,2,90,212,0,212,302
02/28/2018,RAL,CA,AWP,WE,Federal Contract Tower,0,0,20,0,20,0,5,128,3,136,0,5,148,3,156,175,0,175,331
03/01/2018,RAL,CA,AWP,WE,Federal Contract Tower,0,0,36,0,36,0,8,154,3,165,0,8,190,3,201,229,0,229,430
03/02/2018,RAL,CA,AWP,WE,Federal Contract Tower,0,2,7,0,9,0,10,36,0,46,0,12,43,0,55,207,0,207,262
03/03/2018,RAL,CA,AWP,WE,Federal Contract Tower,0,0,13,0,13,0,6,13,0,19,0,6,26,0,32,106,0,106,138
03/04/2018,RAL,CA,AWP,WE,Federal Contract Tower,0,0,27,0,27,0,2,111,0,113,0,2,138,0,140,168,0,168,308
03/05/2018,RAL,CA,AWP,WE,Federal Contract Tower,0,0,17,0,17,0,7,97,0,104,0,7,114,0,121,82,0,82,203
03/06/2018,RAL,CA,AWP,WE,Federal Contract Tower,0,0,22,0,22,0,14,126,0,140,0,14,148,0,162,168,0,168,330
03/07/2018,RAL,CA,AWP,WE,Federal Contract Tower,0,0,34,0,34,0,12,154,5,171,0,12,188,5,205,327,0,327,532
03/08/2018,RAL,CA,AWP,WE,Federal Contract Tower,0,0,35,0,35,0,15,158,4,177,0,15,193,4,212,287,0,287,499
03/09/2018,RAL,CA,AWP,WE,Federal Contract Tower,0,2,29,0,31,0,13,158,2,173,0,15,187,2,204,297,0,297,501
03/10/2018,RAL,CA,AWP,WE,Federal Contract Tower,0,0,8,0,8,0,0,4,0,4,0,0,12,0,12,0,0,0,12
03/11/2018,RAL,CA,AWP,WE,Federal Contract Tower,0,0,16,0,16,0,4,66,0,70,0,4,82,0,86,53,0,53,139
03/12/2018,RAL,CA,AWP,WE,Federal Contract Tower,0,0,26,0,26,0,13,112,0,125,0,13,138,0,151,256,0,256,407
03/13/2018,RAL,CA,AWP,WE,Federal Contract Tower,0,1,15,0,16,0,4,46,1,51,0,5,61,1,67,107,0,107,174
03/14/2018,RAL,CA,AWP,WE,Federal Contract Tower,0,2,20,0,22,0,7,71,0,78,0,9,91,0,100,226,0,226,326
03/15/2018,RAL,CA,AWP,WE,Federal Contract Tower,0,0,19,0,19,0,8,111,0,119,0,8,130,0,138,301,0,301,439
03/16/2018,RAL,CA,AWP,WE,Federal Contract Tower,0,0,20,0,20,0,6,130,0,136,0,6,150,0,156,171,0,171,327
03/17/2018,RAL,CA,AWP,WE,Federal Contract Tower,0,0,30,0,30,0,7,77,0,84,0,7,107,0,114,131,0,131,245
03/18/2018,RAL,CA,AWP,WE,Federal Contract Tower,0,0,23,0,23,0,7,110,2,119,0,7,133,2,142,168,0,168,310
03/19/2018,RAL,CA,AWP,WE,Federal Contract Tower,0,0,20,0,20,0,6,130,1,137,0,6,150,1,157,290,0,290,447
03/20/2018,RAL,CA,AWP,WE,Federal Contract Tower,0,0,17,0,17,0,3,139,0,142,0,3,156,0,159,276,0,276,435
03/21/2018,RAL,CA,AWP,WE,Federal Contract Tower,0,0,23,0,23,0,3,111,0,114,0,3,134,0,137,299,0,299,436
03/22/2018,RAL,CA,AWP,WE,Federal Contract Tower,0,0,14,0,14,0,3,14,0,17,0,3,28,0,31,53,0,53,84
03/23/2018,RAL,CA,AWP,WE,Federal Contract Tower,0,0,16,0,16,0,9,61,3,73,0,9,77,3,89,87,0,87,176
03/24/2018,RAL,CA,AWP,WE,Federal Contract Tower,0,0,2,0,2,0,2,22,0,24,0,2,24,0,26,14,0,14,40
03/25/2018,RAL,CA,AWP,WE,Federal Contract Tower,0,0,18,0,18,0,10,88,0,98,0,10,106,0,116,151,0,151,267
03/26/2018,RAL,CA,AWP,WE,Federal Contract Tower,0,0,28,0,28,0,9,97,4,110,0,9,125,4,138,118,0,118,256
03/27/2018,RAL,CA,AWP,WE,Federal Contract Tower,0,0,14,0,14,0,10,48,1,59,0,10,62,1,73,4,0,4,77
03/28/2018,RAL,CA,AWP,WE,Federal Contract Tower,0,0,35,0,35,0,6,156,2,164,0,6,191,2,199,215,0,215,414
03/29/2018,RAL,CA,AWP,WE,Federal Contract Tower,0,0,31,0,31,0,20,150,1,171,0,20,181,1,202,282,0,282,484
03/30/2018,RAL,CA,AWP,WE,Federal Contract Tower,0,0,23,0,23,0,4,124,0,128,0,4,147,0,151,249,0,249,400
03/31/2018,RAL,CA,AWP,WE,Federal Contract Tower,0,0,11,0,11,0,2,92,0,94,0,2,103,0,105,195,0,195,300
04/01/2018,RAL,CA,AWP,WE,Federal Contract Tower,0,0,20,0,20,0,7,62,0,69,0,7,82,0,89,33,0,33,122
04/02/2018,RAL,CA,AWP,WE,Federal Contract Tower,0,0,17,0,17,0,3,56,0,59,0,3,73,0,76,124,0,124,200
04/03/2018,RAL,CA,AWP,WE,Federal Contract Tower,0,0,12,0,12,0,6,85,0,91,0,6,97,0,103,214,0,214,317
04/04/2018,RAL,CA,AWP,WE,Federal Contract Tower,0,0,42,0,42,0,8,111,0,119,0,8,153,0,161,268,0,268,429
04/05/2018,RAL,CA,AWP,WE,Federal Contract Tower,0,1,35,0,36,0,6,68,1,75,0,7,103,1,111,108,0,108,219
04/06/2018,RAL,CA,AWP,WE,Federal Contract Tower,0,0,28,0,28,0,5,153,0,158,0,5,181,0,186,289,0,289,475
04/07/2018,RAL,CA,AWP,WE,Federal Contract Tower,0,0,11,0,11,0,2,63,0,65,0,2,74,0,76,190,0,190,266
04/08/2018,RAL,CA,AWP,WE,Federal Contract Tower,0,1,15,0,16,0,2,74,0,76,0,3,89,0,92,140,0,140,232
04/09/2018,RAL,CA,AWP,WE,Federal Contract Tower,0,0,23,0,23,0,7,141,0,148,0,7,164,0,171,224,0,224,395
04/10/2018,RAL,CA,AWP,WE,Federal Contract Tower,0,1,23,0,24,0,6,98,0,104,0,7,121,0,128,226,0,226,354
04/11/2018,RAL,CA,AWP,WE,Federal Contract Tower,0,0,20,0,20,0,2,133,0,135,0,2,153,0,155,312,0,312,467
04/12/2018,RAL,CA,AWP,WE,Federal Contract Tower,0,2,14,0,16,0,6,69,2,77,0,8,83,2,93,204,0,204,297
04/13/2018,RAL,CA,AWP,WE,Federal Contract Tower,0,0,18,0,18,0,5,51,0,56,0,5,69,0,74,30,0,30,104
04/14/2018,RAL,CA,AWP,WE,Federal Contract Tower,0,0,16,0,16,0,3,108,2,113,0,3,124,2,129,168,0,168,297
04/15/2018,RAL,CA,AWP,WE,Federal Contract Tower,0,0,21,0,21,0,4,93,2,99,0,4,114,2,120,122,0,122,242
04/16/2018,RAL,CA,AWP,WE,Federal Contract Tower,0,0,24,5,29,0,5,85,0,90,0,5,109,5,119,211,0,211,330
04/17/2018,RAL,CA,AWP,WE,Federal Contract Tower,0,0,26,0,26,0,5,142,3,150,0,5,168,3,176,222,0,222,398
04/18/2018,RAL,CA,AWP,WE,Federal Contract Tower,0,2,24,0,26,0,9,126,1,136,0,11,150,1,162,325,0,325,487
04/19/2018,RAL,CA,AWP,WE,Federal Contract Tower,0,1,22,2,25,0,10,91,0,101,0,11,113,2,126,324,0,324,450
04/20/2018,RAL,CA,AWP,WE,Federal Contract Tower,0,0,36,0,36,0,10,142,0,152,0,10,178,0,188,340,6,346,534
04/21/2018,RAL,CA,AWP,WE,Federal Contract Tower,0,0,11,0,11,0,3,131,0,134,0,3,142,0,145,157,0,157,302
04/22/2018,RAL,CA,AWP,WE,Federal Contract Tower,0,2,28,0,30,0,5,71,0,76,0,7,99,0,106,188,0,188,294
04/23/2018,RAL,CA,AWP,WE,Federal Contract Tower,0,0,14,0,14,0,5,144,0,149,0,5,158,0,163,336,0,336,499
04/24/2018,RAL,CA,AWP,WE,Federal Contract Tower,0,0,37,0,37,0,6,142,2,150,0,6,179,2,187,305,0,305,492
04/25/2018,RAL,CA,AWP,WE,Federal Contract Tower,0,0,25,0,25,0,5,138,0,143,0,5,163,0,168,375,0,375,543
04/26/2018,RAL,CA,AWP,WE,Federal Contract Tower,0,0,26,0,26,0,9,125,0,134,0,9,151,0,160,324,0,324,484
04/27/2018,RAL,CA,AWP,WE,Federal Contract Tower,0,2,21,2,25,0,3,82,1,86,0,5,103,3,111,270,0,270,381
04/28/2018,RAL,CA,AWP,WE,Federal Contract Tower,0,0,12,0,12,0,1,102,0,103,0,1,114,0,115,120,0,120,235
04/29/2018,RAL,CA,AWP,WE,Federal Contract Tower,0,0,24,0,24,0,9,58,0,67,0,9,82,0,91,119,0,119,210
04/30/2018,RAL,CA,AWP,WE,Federal Contract Tower,0,0,14,0,14,0,19,75,0,94,0,19,89,0,108,272,0,272,380
05/01/2018,RAL,CA,AWP,WE,Federal Contract Tower,0,1,16,0,17,0,11,16,0,27,0,12,32,0,44,58,0,58,102
05/02/2018,RAL,CA,AWP,WE,Federal Contract Tower,0,1,18,0,19,0,8,70,0,78,0,9,88,0,97,241,0,241,338
05/03/2018,RAL,CA,AWP,WE,Federal Contract Tower,0,0,20,0,20,0,7,158,0,165,0,7,178,0,185,254,0,254,439
05/04/2018,RAL,CA,AWP,WE,Federal Contract Tower,0,0,27,0,27,0,7,147,0,154,0,7,174,0,181,248,0,248,429
05/05/2018,RAL,CA,AWP,WE,Federal Contract Tower,0,0,7,0,7,0,3,79,1,83,0,3,86,1,90,141,0,141,231
05/06/2018,RAL,CA,AWP,WE,Federal Contract Tower,0,0,13,0,13,0,3,79,2,84,0,3,92,2,97,37,0,37,134
05/07/2018,RAL,CA,AWP,WE,Federal Contract Tower,0,0,13,0,13,0,7,132,3,142,0,7,145,3,155,439,0,439,594
05/08/2018,RAL,CA,AWP,WE,Federal Contract Tower,0,0,29,0,29,0,6,167,2,175,0,6,196,2,204,383,0,383,587
05/09/2018,RAL,CA,AWP,WE,Federal Contract Tower,0,0,38,0,38,0,17,159,0,176,0,17,197,0,214,419,0,419,633
05/10/2018,RAL,CA,AWP,WE,Federal Contract Tower,0,0,28,0,28,0,11,137,0,148,0,11,165,0,176,433,0,433,609
05/11/2018,RAL,CA,AWP,WE,Federal Contract Tower,0,0,27,0,27,0,3,61,0,64,0,3,88,0,91,318,0,318,409
05/12/2018,RAL,CA,AWP,WE,Federal Contract Tower,0,0,16,1,17,0,3,39,1,43,0,3,55,2,60,265,0,265,325
05/13/2018,RAL,CA,AWP,WE,Federal Contract Tower,0,0,11,0,11,0,1,40,0,41,0,1,51,0,52,61,0,61,113
05/14/2018,RAL,CA,AWP,WE,Federal Contract Tower,0,0,12,0,12,0,7,110,0,117,0,7,122,0,129,308,0,308,437
05/15/2018,RAL,CA,AWP,WE,Federal Contract Tower,0,0,23,0,23,0,9,150,0,159,0,9,173,0,182,314,0,314,496
05/16/2018,RAL,CA,AWP,WE,Federal Contract Tower,0,0,30,0,30,0,7,136,1,144,0,7,166,1,174,338,0,338,512
05/17/2018,RAL,CA,AWP,WE,Federal Contract Tower,0,0,23,0,23,0,0,24,2,26,0,0,47,2,49,287,0,287,336
05/18/2018,RAL,CA,AWP,WE,Federal Contract Tower,0,0,18,0,18,0,13,79,1,93,0,13,97,1,111,291,0,291,402
05/19/2018,RAL,CA,AWP,WE,Federal Contract Tower,0,0,12,0,12,0,7,77,0,84,0,7,89,0,96,223,0,223,319
05/20/2018,RAL,CA,AWP,WE,Federal Contract Tower,0,0,22,0,22,0,4,59,2,65,0,4,81,2,87,92,0,92,179
05/21/2018,RAL,CA,AWP,WE,Federal Contract Tower,0,0,24,0,24,0,17,51,1,69,0,17,75,1,93,102,0,102,195
05/22/2018,RAL,CA,AWP,WE,Federal Contract Tower,0,0,32,0,32,0,11,112,0,123,0,11,144,0,155,316,0,316,471
05/23/2018,RAL,CA,AWP,WE,Federal Contract Tower,0,0,37,2,39,0,7,95,1,103,0,7,132,3,142,311,0,311,453
05/24/2018,RAL,CA,AWP,WE,Federal Contract Tower,0,0,22,0,22,0,5,66,0,71,0,5,88,0,93,134,0,134,227
05/25/2018,RAL,CA,AWP,WE,Federal Contract Tower,0,0,21,0,21,0,7,86,0,93,0,7,107,0,114,254,0,254,368
05/26/2018,RAL,CA,AWP,WE,Federal Contract Tower,0,6,8,0,14,0,7,84,0,91,0,13,92,0,105,150,0,150,255
05/27/2018,RAL,CA,AWP,WE,Federal Contract Tower,0,0,18,1,19,0,5,68,4,77,0,5,86,5,96,121,0,121,217
05/28/2018,RAL,CA,AWP,WE,Federal Contract Tower,0,0,17,0,17,0,5,107,3,115,0,5,124,3,132,85,0,85,217
05/29/2018,RAL,CA,AWP,WE,Federal Contract Tower,0,0,20,0,20,0,7,90,4,101,0,7,110,4,121,158,0,158,279
05/30/2018,RAL,CA,AWP,WE,Federal Contract Tower,0,0,28,0,28,0,3,55,0,58,0,3,83,0,86,195,0,195,281
05/31/2018,RAL,CA,AWP,WE,Federal Contract Tower,0,0,17,0,17,0,1,93,0,94,0,1,110,0,111,324,0,324,435
06/01/2018,RAL,CA,AWP,WE,Federal Contract Tower,0,0,20,1,21,0,12,178,5,195,0,12,198,6,216,229,0,229,445
06/03/2018,RAL,CA,AWP,WE,Federal Contract Tower,0,0,9,0,9,0,2,98,0,100,0,2,107,0,109,89,0,89,198
06/04/2018,RAL,CA,AWP,WE,Federal Contract Tower,0,0,12,0,12,0,8,123,0,131,0,8,135,0,143,252,0,252,395
06/05/2018,RAL,CA,AWP,WE,Federal Contract Tower,0,0,16,0,16,0,0,97,0,97,0,0,113,0,113,270,0,270,383
06/06/2018,RAL,CA,AWP,WE,Federal Contract Tower,0,0,22,0,22,0,4,81,0,85,0,4,103,0,107,256,0,256,363
06/07/2018,RAL,CA,AWP,WE,Federal Contract Tower,0,0,17,0,17,0,11,75,1,87,0,11,92,1,104,230,0,230,334
06/08/2018,RAL,CA,AWP,WE,Federal Contract Tower,0,0,15,0,15,0,9,132,0,141,0,9,147,0,156,209,0,209,365
06/09/2018,RAL,CA,AWP,WE,Federal Contract Tower,0,0,19,0,19,0,9,143,0,152,0,9,162,0,171,91,0,91,262
06/10/2018,RAL,CA,AWP,WE,Federal Contract Tower,0,0,28,0,28,0,10,74,9,93,0,10,102,9,121,149,0,149,270
06/11/2018,RAL,CA,AWP,WE,Federal Contract Tower,0,0,21,1,22,0,8,147,4,159,0,8,168,5,181,290,0,290,471
06/12/2018,RAL,CA,AWP,WE,Federal Contract Tower,0,1,19,0,20,0,2,120,0,122,0,3,139,0,142,253,0,253,395
06/13/2018,RAL,CA,AWP,WE,Federal Contract Tower,0,0,13,0,13,0,0,130,0,130,0,0,143,0,143,206,0,206,349
06/14/2018,RAL,CA,AWP,WE,Federal Contract Tower,0,0,22,0,22,0,5,112,0,117,0,5,134,0,139,296,0,296,435
06/15/2018,RAL,CA,AWP,WE,Federal Contract Tower,0,0,23,0,23,0,7,128,0,135,0,7,151,0,158,289,0,289,447
06/16/2018,RAL,CA,AWP,WE,Federal Contract Tower,0,0,17,0,17,0,6,73,4,83,0,6,90,4,100,179,0,179,279
06/17/2018,RAL,CA,AWP,WE,Federal Contract Tower,0,0,19,0,19,0,0,66,1,67,0,0,85,1,86,134,0,134,220
06/18/2018,RAL,CA,AWP,WE,Federal Contract Tower,0,0,25,0,25,0,7,104,0,111,0,7,129,0,136,344,0,344,480
06/19/2018,RAL,CA,AWP,WE,Federal Contract Tower,0,2,17,0,19,0,3,147,0,150,0,5,164,0,169,259,0,259,428
06/20/2018,RAL,CA,AWP,WE,Federal Contract Tower,0,0,14,0,14,0,4,126,0,130,0,4,140,0,144,310,0,310,454
06/21/2018,RAL,CA,AWP,WE,Federal Contract Tower,0,0,14,0,14,0,8,78,1,87,0,8,92,1,101,182,0,182,283
06/22/2018,RAL,CA,AWP,WE,Federal Contract Tower,0,2,16,0,18,0,1,73,0,74,0,3,89,0,92,144,0,144,236
06/23/2018,RAL,CA,AWP,WE,Federal Contract Tower,0,0,15,0,15,0,4,68,3,75,0,4,83,3,90,77,0,77,167
06/24/2018,RAL,CA,AWP,WE,Federal Contract Tower,0,0,15,0,15,0,5,87,3,95,0,5,102,3,110,85,0,85,195
06/25/2018,RAL,CA,AWP,WE,Federal Contract Tower,0,0,27,0,27,0,8,119,1,128,0,8,146,1,155,200,0,200,355
06/26/2018,RAL,CA,AWP,WE,Federal Contract Tower,0,0,30,0,30,0,3,122,0,125,0,3,152,0,155,140,0,140,295
06/27/2018,RAL,CA,AWP,WE,Federal Contract Tower,0,0,25,0,25,0,6,128,0,134,0,6,153,0,159,288,0,288,447
06/28/2018,RAL,CA,AWP,WE,Federal Contract Tower,0,0,22,0,22,0,2,129,6,137,0,2,151,6,159,226,6,232,391
06/29/2018,RAL,CA,AWP,WE,Federal Contract Tower,0,0,25,0,25,0,4,123,0,127,0,4,148,0,152,264,0,264,416
06/30/2018,RAL,CA,AWP,WE,Federal Contract Tower,0,0,14,0,14,0,3,91,2,96,0,3,105,2,110,103,0,103,213
07/01/2018,RAL,CA,AWP,WE,Federal Contract Tower,0,0,22,0,22,0,2,72,0,74,0,2,94,0,96,100,0,100,196
07/02/2018,RAL,CA,AWP,WE,Federal Contract Tower,0,0,23,0,23,0,16,85,1,102,0,16,108,1,125,188,0,188,313
07/03/2018,RAL,CA,AWP,WE,Federal Contract Tower,0,1,21,0,22,0,5,92,0,97,0,6,113,0,119,234,0,234,353
07/04/2018,RAL,CA,AWP,WE,Federal Contract Tower,0,0,12,0,12,0,1,58,0,59,0,1,70,0,71,94,0,94,165
07/05/2018,RAL,CA,AWP,WE,Federal Contract Tower,0,0,17,0,17,0,4,98,1,103,0,4,115,1,120,166,0,166,286
07/06/2018,RAL,CA,AWP,WE,Federal Contract Tower,0,0,12,0,12,0,2,55,0,57,0,2,67,0,69,50,0,50,119
07/07/2018,RAL,CA,AWP,WE,Federal Contract Tower,0,0,11,0,11,0,3,51,2,56,0,3,62,2,67,51,0,51,118
07/08/2018,RAL,CA,AWP,WE,Federal Contract Tower,0,0,11,0,11,0,4,67,2,73,0,4,78,2,84,110,0,110,194
07/09/2018,RAL,CA,AWP,WE,Federal Contract Tower,0,0,11,0,11,0,3,59,0,62,0,3,70,0,73,138,0,138,211
07/10/2018,RAL,CA,AWP,WE,Federal Contract Tower,0,0,22,0,22,0,3,93,0,96,0,3,115,0,118,268,0,268,386
07/11/2018,RAL,CA,AWP,WE,Federal Contract Tower,0,0,18,0,18,0,5,107,0,112,0,5,125,0,130,272,0,272,402
07/12/2018,RAL,CA,AWP,WE,Federal Contract Tower,0,0,25,0,25,0,7,119,0,126,0,7,144,0,151,322,0,322,473
07/13/2018,RAL,CA,AWP,WE,Federal Contract Tower,0,0,24,0,24,0,18,123,0,141,0,18,147,0,165,213,0,213,378
07/14/2018,RAL,CA,AWP,WE,Federal Contract Tower,0,0,11,0,11,0,4,107,1,112,0,4,118,1,123,201,0,201,324
07/15/2018,RAL,CA,AWP,WE,Federal Contract Tower,0,0,14,0,14,0,3,92,0,95,0,3,106,0,109,163,0,163,272
07/16/2018,RAL,CA,AWP,WE,Federal Contract Tower,0,0,14,0,14,0,6,127,0,133,0,6,141,0,147,241,0,241,388
07/17/2018,RAL,CA,AWP,WE,Federal Contract Tower,0,0,19,0,19,0,8,73,0,81,0,8,92,0,100,276,0,276,376
07/18/2018,RAL,CA,AWP,WE,Federal Contract Tower,0,0,12,0,12,0,4,97,0,101,0,4,109,0,113,267,0,267,380
07/19/2018,RAL,CA,AWP,WE,Federal Contract Tower,0,0,20,0,20,0,10,92,0,102,0,10,112,0,122,173,0,173,295
07/20/2018,RAL,CA,AWP,WE,Federal Contract Tower,0,0,16,0,16,0,8,87,0,95,0,8,103,0,111,205,0,205,316
07/21/2018,RAL,CA,AWP,WE,Federal Contract Tower,0,0,10,0,10,0,7,90,0,97,0,7,100,0,107,64,0,64,171
07/22/2018,RAL,CA,AWP,WE,Federal Contract Tower,0,1,13,0,14,0,6,77,0,83,0,7,90,0,97,85,0,85,182
07/23/2018,RAL,CA,AWP,WE,Federal Contract Tower,0,0,13,0,13,0,2,79,0,81,0,2,92,0,94,195,12,207,301
07/24/2018,RAL,CA,AWP,WE,Federal Contract Tower,0,0,19,0,19,0,4,81,0,85,0,4,100,0,104,150,0,150,254
07/25/2018,RAL,CA,AWP,WE,Federal Contract Tower,0,0,24,0,24,0,3,93,2,98,0,3,117,2,122,154,0,154,276
07/26/2018,RAL,CA,AWP,WE,Federal Contract Tower,0,0,18,0,18,0,5,95,1,101,0,5,113,1,119,168,0,168,287
07/27/2018,RAL,CA,AWP,WE,Federal Contract Tower,0,0,15,0,15,0,9,91,0,100,0,9,106,0,115,233,0,233,348
07/28/2018,RAL,CA,AWP,WE,Federal Contract Tower,0,0,6,0,6,0,9,113,0,122,0,9,119,0,128,154,0,154,282
07/29/2018,RAL,CA,AWP,WE,Federal Contract Tower,0,1,15,0,16,0,2,75,0,77,0,3,90,0,93,114,0,114,207
07/30/2018,RAL,CA,AWP,WE,Federal Contract Tower,0,0,19,0,19,0,3,104,0,107,0,3,123,0,126,259,0,259,385
07/31/2018,RAL,CA,AWP,WE,Federal Contract Tower,0,0,18,0,18,0,6,87,0,93,0,6,105,0,111,327,0,327,438
08/01/2018,RAL,CA,AWP,WE,Federal Contract Tower,0,0,25,0,25,0,10,90,0,100,0,10,115,0,125,344,0,344,469
08/02/2018,RAL,CA,AWP,WE,Federal Contract Tower,0,2,21,0,23,0,8,104,1,113,0,10,125,1,136,169,0,169,305
08/03/2018,RAL,CA,AWP,WE,Federal Contract Tower,0,0,25,0,25,0,12,98,1,111,0,12,123,1,136,147,0,147,283
08/04/2018,RAL,CA,AWP,WE,Federal Contract Tower,0,0,8,0,8,0,7,88,0,95,0,7,96,0,103,182,0,182,285
08/05/2018,RAL,CA,AWP,WE,Federal Contract Tower,0,0,18,0,18,0,0,82,1,83,0,0,100,1,101,114,0,114,215
08/06/2018,RAL,CA,AWP,WE,Federal Contract Tower,0,0,8,0,8,0,3,78,2,83,0,3,86,2,91,142,0,142,233
08/07/2018,RAL,CA,AWP,WE,Federal Contract Tower,0,0,17,0,17,0,4,64,0,68,0,4,81,0,85,153,0,153,238
08/08/2018,RAL,CA,AWP,WE,Federal Contract Tower,0,0,23,0,23,0,5,76,2,83,0,5,99,2,106,154,0,154,260
08/09/2018,RAL,CA,AWP,WE,Federal Contract Tower,0,0,15,1,16,0,4,55,4,63,0,4,70,5,79,100,0,100,179
08/10/2018,RAL,CA,AWP,WE,Federal Contract Tower,0,0,16,0,16,0,11,62,2,75,0,11,78,2,91,166,0,166,257
08/11/2018,RAL,CA,AWP,WE,Federal Contract Tower,0,0,11,0,11,0,3,83,0,86,0,3,94,0,97,142,0,142,239
08/12/2018,RAL,CA,AWP,WE,Federal Contract Tower,0,0,13,0,13,0,5,54,0,59,0,5,67,0,72,79,0,79,151
08/13/2018,RAL,CA,AWP,WE,Federal Contract Tower,0,2,15,0,17,0,8,82,0,90,0,10,97,0,107,244,0,244,351
08/14/2018,RAL,CA,AWP,WE,Federal Contract Tower,0,0,23,0,23,0,5,84,0,89,0,5,107,0,112,259,0,259,371
08/15/2018,RAL,CA,AWP,WE,Federal Contract Tower,0,0,27,0,27,0,14,80,0,94,0,14,107,0,121,154,0,154,275
08/16/2018,RAL,CA,AWP,WE,Federal Contract Tower,0,0,24,0,24,0,3,105,1,109,0,3,129,1,133,280,0,280,413
08/17/2018,RAL,CA,AWP,WE,Federal Contract Tower,0,0,15,0,15,0,5,72,0,77,0,5,87,0,92,181,0,181,273
08/18/2018,RAL,CA,AWP,WE,Federal Contract Tower,0,0,22,0,22,0,5,114,0,119,0,5,136,0,141,107,0,107,248
08/19/2018,RAL,CA,AWP,WE,Federal Contract Tower,0,1,17,0,18,0,1,92,3,96,0,2,109,3,114,44,0,44,158
08/20/2018,RAL,CA,AWP,WE,Federal Contract Tower,0,0,10,0,10,0,4,71,0,75,0,4,81,0,85,188,0,188,273
08/21/2018,RAL,CA,AWP,WE,Federal Contract Tower,0,0,24,0,24,0,8,83,2,93,0,8,107,2,117,162,0,162,279
08/22/2018,RAL,CA,AWP,WE,Federal Contract Tower,0,0,7,0,7,0,7,92,1,100,0,7,99,1,107,185,0,185,292
08/23/2018,RAL,CA,AWP,WE,Federal Contract Tower,0,1,17,0,18,0,6,105,2,113,0,7,122,2,131,170,0,170,301
08/24/2018,RAL,CA,AWP,WE,Federal Contract Tower,0,0,19,0,19,0,0,76,0,76,0,0,95,0,95,119,0,119,214
08/25/2018,RAL,CA,AWP,WE,Federal Contract Tower,0,2,25,0,27,0,2,65,0,67,0,4,90,0,94,66,0,66,160
08/26/2018,RAL,CA,AWP,WE,Federal Contract Tower,0,1,18,1,20,0,7,69,1,77,0,8,87,2,97,59,0,59,156
08/27/2018,RAL,CA,AWP,WE,Federal Contract Tower,0,0,20,0,20,0,1,68,1,70,0,1,88,1,90,155,0,155,245
08/28/2018,RAL,CA,AWP,WE,Federal Contract Tower,0,0,18,0,18,0,5,99,0,104,0,5,117,0,122,188,0,188,310
08/29/2018,RAL,CA,AWP,WE,Federal Contract Tower,0,0,28,0,28,0,12,103,2,117,0,12,131,2,145,153,0,153,298
08/30/2018,RAL,CA,AWP,WE,Federal Contract Tower,0,0,32,0,32,0,8,105,0,113,0,8,137,0,145,105,0,105,250
08/31/2018,RAL,CA,AWP,WE,Federal Contract Tower,0,0,29,0,29,0,5,114,2,121,0,5,143,2,150,202,0,202,352
09/01/2018,RAL,CA,AWP,WE,Federal Contract Tower,0,0,19,0,19,0,5,69,0,74,0,5,88,0,93,94,0,94,187
09/02/2018,RAL,CA,AWP,WE,Federal Contract Tower,0,0,11,1,12,0,7,40,0,47,0,7,51,1,59,56,0,56,115
09/03/2018,RAL,CA,AWP,WE,Federal Contract Tower,0,0,19,0,19,0,3,73,5,81,0,3,92,5,100,112,0,112,212
09/04/2018,RAL,CA,AWP,WE,Federal Contract Tower,0,2,24,0,26,0,7,70,1,78,0,9,94,1,104,194,0,194,298
09/05/2018,RAL,CA,AWP,WE,Federal Contract Tower,0,0,15,0,15,0,11,66,0,77,0,11,81,0,92,108,0,108,200
09/06/2018,RAL,CA,AWP,WE,Federal Contract Tower,0,0,26,0,26,0,6,93,1,100,0,6,119,1,126,192,0,192,318
09/07/2018,RAL,CA,AWP,WE,Federal Contract Tower,0,0,18,0,18,0,8,115,1,124,0,8,133,1,142,161,0,161,303
09/08/2018,RAL,CA,AWP,WE,Federal Contract Tower,0,0,2,0,2,0,5,93,0,98,0,5,95,0,100,148,0,148,248
09/09/2018,RAL,CA,AWP,WE,Federal Contract Tower,0,0,8,0,8,0,4,74,0,78,0,4,82,0,86,75,0,75,161
09/10/2018,RAL,CA,AWP,WE,Federal Contract Tower,0,0,34,0,34,0,7,95,0,102,0,7,129,0,136,125,0,125,261
09/11/2018,RAL,CA,AWP,WE,Federal Contract Tower,0,4,24,0,28,0,8,81,4,93,0,12,105,4,121,163,0,163,284
09/12/2018,RAL,CA,AWP,WE,Federal Contract Tower,0,0,30,0,30,0,2,90,12,104,0,2,120,12,134,131,0,131,265
09/13/2018,RAL,CA,AWP,WE,Federal Contract Tower,0,0,30,0,30,0,1,106,0,107,0,1,136,0,137,198,0,198,335
09/14/2018,RAL,CA,AWP,WE,Federal Contract Tower,0,0,37,0,37,0,6,115,1,122,0,6,152,1,159,179,0,179,338
09/15/2018,RAL,CA,AWP,WE,Federal Contract Tower,0,0,1,0,1,0,2,69,1,72,0,2,70,1,73,120,0,120,193
09/16/2018,RAL,CA,AWP,WE,Federal Contract Tower,0,0,23,0,23,0,5,78,0,83,0,5,101,0,106,70,0,70,176
09/17/2018,RAL,CA,AWP,WE,Federal Contract Tower,0,0,22,0,22,0,11,99,4,114,0,11,121,4,136,117,0,117,253
09/18/2018,RAL,CA,AWP,WE,Federal Contract Tower,0,0,22,0,22,0,5,76,2,83,0,5,98,2,105,269,0,269,374
09/19/2018,RAL,CA,AWP,WE,Federal Contract Tower,0,0,27,0,27,0,1,109,1,111,0,1,136,1,138,258,0,258,396
09/20/2018,RAL,CA,AWP,WE,Federal Contract Tower,0,0,26,0,26,0,3,86,0,89,0,3,112,0,115,231,0,231,346
09/21/2018,RAL,CA,AWP,WE,Federal Contract Tower,0,0,24,1,25,0,5,121,0,126,0,5,145,1,151,271,0,271,422
09/22/2018,RAL,CA,AWP,WE,Federal Contract Tower,0,0,24,0,24,0,5,104,0,109,0,5,128,0,133,249,0,249,382
09/23/2018,RAL,CA,AWP,WE,Federal Contract Tower,0,0,14,0,14,0,4,72,0,76,0,4,86,0,90,261,0,261,351
09/24/2018,RAL,CA,AWP,WE,Federal Contract Tower,0,2,15,0,17,0,8,78,7,93,0,10,93,7,110,175,0,175,285
09/25/2018,RAL,CA,AWP,WE,Federal Contract Tower,0,0,22,0,22,0,7,63,3,73,0,7,85,3,95,124,0,124,219
09/26/2018,RAL,CA,AWP,WE,Federal Contract Tower,0,0,26,0,26,0,10,113,0,123,0,10,139,0,149,272,0,272,421
09/27/2018,RAL,CA,AWP,WE,Federal Contract Tower,0,0,18,0,18,0,3,80,0,83,0,3,98,0,101,244,0,244,345
09/28/2018,RAL,CA,AWP,WE,Federal Contract Tower,0,0,30,0,30,0,7,69,2,78,0,7,99,2,108,173,0,173,281
09/29/2018,RAL,CA,AWP,WE,Federal Contract Tower,0,0,6,0,6,0,5,41,0,46,0,5,47,0,52,195,0,195,247
09/30/2018,RAL,CA,AWP,WE,Federal Contract Tower,0,0,15,0,15,0,3,88,0,91,0,3,103,0,106,171,0,171,277
10/01/2018,RAL,CA,AWP,WE,Federal Contract Tower,0,0,30,0,30,0,3,126,4,133,0,3,156,4,163,182,0,182,345
10/02/2018,RAL,CA,AWP,WE,Federal Contract Tower,0,0,35,0,35,0,4,86,1,91,0,4,121,1,126,201,0,201,327
10/03/2018,RAL,CA,AWP,WE,Federal Contract Tower,0,0,23,0,23,0,4,81,0,85,0,4,104,0,108,274,0,274,382
10/04/2018,RAL,CA,AWP,WE,Federal Contract Tower,0,0,22,0,22,0,7,83,0,90,0,7,105,0,112,147,0,147,259
10/05/2018,RAL,CA,AWP,WE,Federal Contract Tower,0,0,28,0,28,0,6,72,0,78,0,6,100,0,106,183,0,183,289
10/06/2018,RAL,CA,AWP,WE,Federal Contract Tower,0,0,29,0,29,0,3,51,0,54,0,3,80,0,83,80,0,80,163
10/07/2018,RAL,CA,AWP,WE,Federal Contract Tower,0,0,28,0,28,0,2,80,0,82,0,2,108,0,110,139,0,139,249
10/08/2018,RAL,CA,AWP,WE,Federal Contract Tower,0,1,24,0,25,0,7,91,0,98,0,8,115,0,123,97,0,97,220
10/09/2018,RAL,CA,AWP,WE,Federal Contract Tower,0,0,47,0,47,0,11,116,1,128,0,11,163,1,175,187,0,187,362
10/10/2018,RAL,CA,AWP,WE,Federal Contract Tower,0,0,27,0,27,0,5,119,1,125,0,5,146,1,152,226,0,226,378
10/11/2018,RAL,CA,AWP,WE,Federal Contract Tower,0,0,29,0,29,0,6,102,0,108,0,6,131,0,137,183,0,183,320
10/12/2018,RAL,CA,AWP,WE,Federal Contract Tower,0,0,26,0,26,0,5,106,1,112,0,5,132,1,138,133,0,133,271
10/13/2018,RAL,CA,AWP,WE,Federal Contract Tower,0,0,16,0,16,0,1,19,3,23,0,1,35,3,39,6,0,6,45
10/14/2018,RAL,CA,AWP,WE,Federal Contract Tower,0,0,30,0,30,0,6,58,0,64,0,6,88,0,94,116,0,116,210
10/15/2018,RAL,CA,AWP,WE,Federal Contract Tower,0,0,2,0,2,0,1,2,1,4,0,1,4,1,6,3,0,3,9
10/16/2018,RAL,CA,AWP,WE,Federal Contract Tower,0,0,10,0,10,0,7,23,1,31,0,7,33,1,41,25,0,25,66
10/17/2018,RAL,CA,AWP,WE,Federal Contract Tower,0,0,30,0,30,0,7,106,4,117,0,7,136,4,147,195,0,195,342
10/18/2018,RAL,CA,AWP,WE,Federal Contract Tower,0,0,39,0,39,0,6,101,0,107,0,6,140,0,146,224,0,224,370
10/19/2018,RAL,CA,AWP,WE,Federal Contract Tower,0,0,10,0,10,0,3,69,0,72,0,3,79,0,82,117,0,117,199
10/20/2018,RAL,CA,AWP,WE,Federal Contract Tower,0,0,15,0,15,0,3,72,0,75,0,3,87,0,90,140,0,140,230
10/21/2018,RAL,CA,AWP,WE,Federal Contract Tower,0,0,16,0,16,0,6,84,0,90,0,6,100,0,106,105,0,105,211
10/22/2018,RAL,CA,AWP,WE,Federal Contract Tower,0,0,23,0,23,0,2,65,0,67,0,2,88,0,90,201,0,201,291
10/23/2018,RAL,CA,AWP,WE,Federal Contract Tower,0,0,23,0,23,0,2,91,0,93,0,2,114,0,116,210,0,210,326
10/24/2018,RAL,CA,AWP,WE,Federal Contract Tower,0,0,33,0,33,0,16,106,0,122,0,16,139,0,155,189,0,189,344
10/25/2018,RAL,CA,AWP,WE,Federal Contract Tower,0,0,22,0,22,0,15,106,2,123,0,15,128,2,145,229,0,229,374
10/26/2018,RAL,CA,AWP,WE,Federal Contract Tower,0,0,25,0,25,0,12,117,0,129,0,12,142,0,154,214,0,214,368
10/27/2018,RAL,CA,AWP,WE,Federal Contract Tower,0,0,22,0,22,0,6,110,4,120,0,6,132,4,142,129,0,129,271
10/28/2018,RAL,CA,AWP,WE,Federal Contract Tower,0,0,13,0,13,0,5,55,6,66,0,5,68,6,79,21,0,21,100
10/29/2018,RAL,CA,AWP,WE,Federal Contract Tower,0,0,37,0,37,0,8,104,0,112,0,8,141,0,149,205,0,205,354
10/30/2018,RAL,CA,AWP,WE,Federal Contract Tower,0,0,20,0,20,0,0,53,0,53,0,0,73,0,73,168,0,168,241
10/31/2018,RAL,CA,AWP,WE,Federal Contract Tower,0,0,19,0,19,0,3,34,0,37,0,3,53,0,56,40,0,40,96
11/01/2018,RAL,CA,AWP,WE,Federal Contract Tower,0,0,11,0,11,0,11,84,0,95,0,11,95,0,106,93,0,93,199
11/02/2018,RAL,CA,AWP,WE,Federal Contract Tower,0,0,17,0,17,0,5,136,0,141,0,5,153,0,158,258,0,258,416
11/03/2018,RAL,CA,AWP,WE,Federal Contract Tower,0,0,20,0,20,0,0,85,0,85,0,0,105,0,105,237,0,237,342
11/04/2018,RAL,CA,AWP,WE,Federal Contract Tower,0,0,24,0,24,0,0,95,0,95,0,0,119,0,119,118,0,118,237
11/05/2018,RAL,CA,AWP,WE,Federal Contract Tower,0,0,32,0,32,0,10,102,0,112,0,10,134,0,144,230,0,230,374
11/06/2018,RAL,CA,AWP,WE,Federal Contract Tower,0,0,27,0,27,0,5,83,0,88,0,5,110,0,115,199,0,199,314
11/07/2018,RAL,CA,AWP,WE,Federal Contract Tower,0,0,33,0,33,0,6,64,2,72,0,6,97,2,105,66,0,66,171
11/08/2018,RAL,CA,AWP,WE,Federal Contract Tower,0,0,12,0,12,0,8,37,1,46,0,8,49,1,58,23,0,23,81
11/09/2018,RAL,CA,AWP,WE,Federal Contract Tower,0,1,2,0,3,0,5,26,0,31,0,6,28,0,34,42,0,42,76
11/10/2018,RAL,CA,AWP,WE,Federal Contract Tower,0,0,16,0,16,0,6,112,0,118,0,6,128,0,134,200,0,200,334
11/11/2018,RAL,CA,AWP,WE,Federal Contract Tower,0,0,5,0,5,0,0,14,0,14,0,0,19,0,19,2,0,2,21
11/12/2018,RAL,CA,AWP,WE,Federal Contract Tower,0,0,3,0,3,0,6,45,0,51,0,6,48,0,54,27,0,27,81
11/13/2018,RAL,CA,AWP,WE,Federal Contract Tower,0,0,17,0,17,0,3,74,0,77,0,3,91,0,94,146,0,146,240
11/14/2018,RAL,CA,AWP,WE,Federal Contract Tower,0,0,15,0,15,0,9,116,0,125,0,9,131,0,140,228,0,228,368
11/15/2018,RAL,CA,AWP,WE,Federal Contract Tower,0,0,15,0,15,0,6,109,0,115,0,6,124,0,130,164,0,164,294
11/16/2018,RAL,CA,AWP,WE,Federal Contract Tower,0,0,16,0,16,0,9,134,1,144,0,9,150,1,160,211,0,211,371
11/17/2018,RAL,CA,AWP,WE,Federal Contract Tower,0,0,9,0,9,0,28,108,3,139,0,28,117,3,148,154,0,154,302
11/18/2018,RAL,CA,AWP,WE,Federal Contract Tower,0,0,19,0,19,0,4,75,0,79,0,4,94,0,98,88,11,99,197
11/19/2018,RAL,CA,AWP,WE,Federal Contract Tower,0,1,28,3,32,0,8,111,3,122,0,9,139,6,154,174,0,174,328
11/20/2018,RAL,CA,AWP,WE,Federal Contract Tower,0,0,22,0,22,0,6,129,0,135,0,6,151,0,157,184,0,184,341
11/21/2018,RAL,CA,AWP,WE,Federal Contract Tower,0,0,19,0,19,0,9,102,0,111,0,9,121,0,130,229,0,229,359
11/22/2018,RAL,CA,AWP,WE,Federal Contract Tower,0,0,7,0,7,0,5,18,0,23,0,5,25,0,30,27,0,27,57
11/23/2018,RAL,CA,AWP,WE,Federal Contract Tower,0,0,5,0,5,0,8,49,0,57,0,8,54,0,62,74,0,74,136
11/24/2018,RAL,CA,AWP,WE,Federal Contract Tower,0,0,8,0,8,0,9,88,0,97,0,9,96,0,105,89,0,89,194
11/25/2018,RAL,CA,AWP,WE,Federal Contract Tower,0,0,11,0,11,0,0,55,0,55,0,0,66,0,66,20,0,20,86
11/26/2018,RAL,CA,AWP,WE,Federal Contract Tower,0,0,18,0,18,0,8,69,0,77,0,8,87,0,95,77,0,77,172
11/27/2018,RAL,CA,AWP,WE,Federal Contract Tower,0,0,21,0,21,0,9,104,0,113,0,9,125,0,134,184,0,184,318
11/28/2018,RAL,CA,AWP,WE,Federal Contract Tower,0,0,23,0,23,0,9,135,0,144,0,9,158,0,167,176,0,176,343
11/29/2018,RAL,CA,AWP,WE,Federal Contract Tower,0,0,7,0,7,0,1,5,0,6,0,1,12,0,13,30,0,30,43
11/30/2018,RAL,CA,AWP,WE,Federal Contract Tower,0,0,20,0,20,0,6,80,1,87,0,6,100,1,107,152,0,152,259
12/01/2018,RAL,CA,AWP,WE,Federal Contract Tower,0,0,12,0,12,0,5,63,0,68,0,5,75,0,80,132,0,132,212
12/02/2018,RAL,CA,AWP,WE,Federal Contract Tower,0,0,8,0,8,0,4,95,0,99,0,4,103,0,107,118,0,118,225
12/03/2018,RAL,CA,AWP,WE,Federal Contract Tower,0,0,24,0,24,0,5,96,0,101,0,5,120,0,125,149,0,149,274
12/04/2018,RAL,CA,AWP,WE,Federal Contract Tower,0,0,30,0,30,0,9,109,0,118,0,9,139,0,148,110,0,110,258
12/05/2018,RAL,CA,AWP,WE,Federal Contract Tower,0,0,10,0,10,0,4,23,0,27,0,4,33,0,37,64,0,64,101
12/06/2018,RAL,CA,AWP,WE,Federal Contract Tower,0,0,7,0,7,0,4,3,0,7,0,4,10,0,14,17,0,17,31
12/07/2018,RAL,CA,AWP,WE,Federal Contract Tower,0,0,32,0,32,0,8,121,4,133,0,8,153,4,165,56,0,56,221
12/08/2018,RAL,CA,AWP,WE,Federal Contract Tower,0,0,33,0,33,0,7,130,0,137,0,7,163,0,170,107,0,107,277
12/09/2018,RAL,CA,AWP,WE,Federal Contract Tower,0,0,14,0,14,0,7,85,0,92,0,7,99,0,106,105,0,105,211
12/10/2018,RAL,CA,AWP,WE,Federal Contract Tower,0,0,24,0,24,0,7,100,0,107,0,7,124,0,131,210,0,210,341
12/11/2018,RAL,CA,AWP,WE,Federal Contract Tower,0,0,27,0,27,0,5,111,3,119,0,5,138,3,146,219,0,219,365
12/12/2018,RAL,CA,AWP,WE,Federal Contract Tower,0,0,30,0,30,0,10,104,1,115,0,10,134,1,145,199,0,199,344
12/13/2018,RAL,CA,AWP,WE,Federal Contract Tower,0,0,22,0,22,0,9,112,0,121,0,9,134,0,143,176,0,176,319
12/14/2018,RAL,CA,AWP,WE,Federal Contract Tower,0,2,26,0,28,0,8,117,0,125,0,10,143,0,153,205,0,205,358
12/15/2018,RAL,CA,AWP,WE,Federal Contract Tower,0,0,16,0,16,0,7,100,0,107,0,7,116,0,123,136,0,136,259
12/16/2018,RAL,CA,AWP,WE,Federal Contract Tower,0,0,2,0,2,0,2,79,0,81,0,2,81,0,83,87,0,87,170
12/17/2018,RAL,CA,AWP,WE,Federal Contract Tower,0,0,9,0,9,0,0,57,0,57,0,0,66,0,66,183,0,183,249
12/18/2018,RAL,CA,AWP,WE,Federal Contract Tower,0,0,14,0,14,0,7,90,6,103,0,7,104,6,117,159,0,159,276
12/19/2018,RAL,CA,AWP,WE,Federal Contract Tower,0,0,19,0,19,0,12,88,4,104,0,12,107,4,123,304,0,304,427
12/20/2018,RAL,CA,AWP,WE,Federal Contract Tower,0,0,32,0,32,0,5,107,0,112,0,5,139,0,144,197,0,197,341
12/21/2018,RAL,CA,AWP,WE,Federal Contract Tower,0,0,13,0,13,0,6,112,2,120,0,6,125,2,133,261,0,261,394
12/22/2018,RAL,CA,AWP,WE,Federal Contract Tower,0,0,16,0,16,0,5,110,0,115,0,5,126,0,131,34,0,34,165
12/23/2018,RAL,CA,AWP,WE,Federal Contract Tower,0,0,5,0,5,0,4,51,0,55,0,4,56,0,60,29,0,29,89
12/24/2018,RAL,CA,AWP,WE,Federal Contract Tower,0,0,6,0,6,0,2,34,0,36,0,2,40,0,42,23,0,23,65
12/25/2018,RAL,CA,AWP,WE,Federal Contract Tower,0,0,0,0,0,0,6,12,0,18,0,6,12,0,18,7,0,7,25
12/26/2018,RAL,CA,AWP,WE,Federal Contract Tower,0,0,12,0,12,0,13,71,0,84,0,13,83,0,96,120,0,120,216
12/27/2018,RAL,CA,AWP,WE,Federal Contract Tower,0,0,10,0,10,0,10,69,0,79,0,10,79,0,89,172,0,172,261
12/28/2018,RAL,CA,AWP,WE,Federal Contract Tower,0,0,1,0,1,0,3,7,1,11,0,3,8,1,12,0,0,0,12
12/29/2018,RAL,CA,AWP,WE,Federal Contract Tower,0,0,3,0,3,0,2,35,0,37,0,2,38,0,40,40,0,40,80
12/30/2018,RAL,CA,AWP,WE,Federal Contract Tower,0,0,10,0,10,0,3,58,0,61,0,3,68,0,71,102,0,102,173
12/31/2018,RAL,CA,AWP,WE,Federal Contract Tower,0,0,6,0,6,0,0,30,0,30,0,0,36,0,36,58,0,58,94
01/01/2019,RAL,CA,AWP,WE,Federal Contract Tower,0,0,0,0,0,0,3,9,0,12,0,3,9,0,12,2,0,2,14
01/02/2019,RAL,CA,AWP,WE,Federal Contract Tower,0,0,4,0,4,0,6,29,0,35,0,6,33,0,39,40,0,40,79
01/03/2019,RAL,CA,AWP,WE,Federal Contract Tower,0,0,17,0,17,0,8,130,0,138,0,8,147,0,155,238,0,238,393
01/04/2019,RAL,CA,AWP,WE,Federal Contract Tower,0,1,20,0,21,0,2,144,0,146,0,3,164,0,167,163,0,163,330
01/05/2019,RAL,CA,AWP,WE,Federal Contract Tower,0,0,6,0,6,0,5,61,0,66,0,5,67,0,72,101,0,101,173
01/06/2019,RAL,CA,AWP,WE,Federal Contract Tower,0,0,14,0,14,0,1,38,0,39,0,1,52,0,53,68,0,68,121
01/07/2019,RAL,CA,AWP,WE,Federal Contract Tower,0,0,18,0,18,0,2,79,2,83,0,2,97,2,101,232,0,232,333
01/08/2019,RAL,CA,AWP,WE,Federal Contract Tower,0,0,23,2,25,0,10,114,0,124,0,10,137,2,149,141,0,141,290
01/09/2019,RAL,CA,AWP,WE,Federal Contract Tower,0,0,28,0,28,0,17,115,2,134,0,17,143,2,162,80,3,83,245
01/10/2019,RAL,CA,AWP,WE,Federal Contract Tower,0,0,47,0,47,0,7,133,0,140,0,7,180,0,187,199,0,199,386
01/11/2019,RAL,CA,AWP,WE,Federal Contract Tower,0,3,13,0,16,0,10,96,1,107,0,13,109,1,123,173,0,173,296
01/12/2019,RAL,CA,AWP,WE,Federal Contract Tower,0,2,19,0,21,0,5,19,0,24,0,7,38,0,45,83,0,83,128
01/13/2019,RAL,CA,AWP,WE,Federal Contract Tower,0,0,14,0,14,0,2,79,3,84,0,2,93,3,98,88,0,88,186
01/14/2019,RAL,CA,AWP,WE,Federal Contract Tower,0,0,7,0,7,0,0,26,0,26,0,0,33,0,33,88,0,88,121
01/15/2019,RAL,CA,AWP,WE,Federal Contract Tower,0,0,9,0,9,0,7,36,2,45,0,7,45,2,54,185,0,185,239
01/16/2019,RAL,CA,AWP,WE,Federal Contract Tower,0,0,14,0,14,0,2,16,0,18,0,2,30,0,32,60,0,60,92
01/17/2019,RAL,CA,AWP,WE,Federal Contract Tower,0,0,13,0,13,0,3,2,0,5,0,3,15,0,18,0,0,0,18
01/18/2019,RAL,CA,AWP,WE,Federal Contract Tower,0,0,30,0,30,0,3,81,1,85,0,3,111,1,115,290,0,290,405
01/19/2019,RAL,CA,AWP,WE,Federal Contract Tower,0,0,14,0,14,0,3,98,0,101,0,3,112,0,115,181,8,189,304
01/20/2019,RAL,CA,AWP,WE,Federal Contract Tower,0,0,18,0,18,0,3,88,12,103,0,3,106,12,121,114,0,114,235
01/21/2019,RAL,CA,AWP,WE,Federal Contract Tower,0,0,21,0,21,0,8,71,1,80,0,8,92,1,101,204,0,204,305
01/22/2019,RAL,CA,AWP,WE,Federal Contract Tower,0,2,10,0,12,0,3,18,1,22,0,5,28,1,34,3,0,3,37
01/23/2019,RAL,CA,AWP,WE,Federal Contract Tower,0,0,35,0,35,0,7,168,1,176,0,7,203,1,211,297,0,297,508
01/24/2019,RAL,CA,AWP,WE,Federal Contract Tower,0,0,28,0,28,0,8,102,0,110,0,8,130,0,138,161,0,161,299
01/25/2019,RAL,CA,AWP,WE,Federal Contract Tower,0,0,23,0,23,0,8,109,0,117,0,8,132,0,140,125,0,125,265
01/26/2019,RAL,CA,AWP,WE,Federal Contract Tower,0,0,14,0,14,0,13,35,0,48,0,13,49,0,62,4,0,4,66
01/27/2019,RAL,CA,AWP,WE,Federal Contract Tower,0,3,9,0,12,0,10,119,0,129,0,13,128,0,141,231,0,231,372
01/28/2019,RAL,CA,AWP,WE,Federal Contract Tower,0,0,13,0,13,0,11,152,4,167,0,11,165,4,180,184,0,184,364
01/29/2019,RAL,CA,AWP,WE,Federal Contract Tower,0,0,55,0,55,0,11,150,2,163,0,11,205,2,218,218,0,218,436
01/30/2019,RAL,CA,AWP,WE,Federal Contract Tower,0,0,33,0,33,0,17,117,2,136,0,17,150,2,169,249,0,249,418
01/31/2019,RAL,CA,AWP,WE,Federal Contract Tower,0,0,6,0,6,0,1,6,0,7,0,1,12,0,13,30,0,30,43
02/01/2019,RAL,CA,AWP,WE,Federal Contract Tower,0,0,18,0,18,0,10,107,13,130,0,10,125,13,148,265,0,265,413
02/02/2019,RAL,CA,AWP,WE,Federal Contract Tower,0,0,2,0,2,0,2,6,0,8,0,2,8,0,10,2,0,2,12
02/03/2019,RAL,CA,AWP,WE,Federal Contract Tower,0,0,11,0,11,0,1,12,0,13,0,1,23,0,24,61,0,61,85
02/04/2019,RAL,CA,AWP,WE,Federal Contract Tower,0,0,1,0,1,0,1,8,0,9,0,1,9,0,10,44,0,44,54
02/05/2019,RAL,CA,AWP,WE,Federal Contract Tower,0,0,7,0,7,0,3,31,0,34,0,3,38,0,41,203,0,203,244
02/06/2019,RAL,CA,AWP,WE,Federal Contract Tower,0,0,28,0,28,0,7,147,1,155,0,7,175,1,183,284,0,284,467
02/07/2019,RAL,CA,AWP,WE,Federal Contract Tower,0,0,29,0,29,0,9,117,2,128,0,9,146,2,157,142,6,148,305
02/08/2019,RAL,CA,AWP,WE,Federal Contract Tower,0,0,27,0,27,0,7,132,6,145,0,7,159,6,172,188,0,188,360
02/09/2019,RAL,CA,AWP,WE,Federal Contract Tower,0,0,6,1,7,0,12,31,0,43,0,12,37,1,50,102,0,102,152
02/10/2019,RAL,CA,AWP,WE,Federal Contract Tower,0,0,8,0,8,0,3,9,0,12,0,3,17,0,20,8,0,8,28
02/11/2019,RAL,CA,AWP,WE,Federal Contract Tower,0,0,33,0,33,0,4,127,2,133,0,4,160,2,166,258,0,258,424
02/12/2019,RAL,CA,AWP,WE,Federal Contract Tower,0,0,53,0,53,0,13,148,3,164,0,13,201,3,217,253,0,253,470
02/13/2019,RAL,CA,AWP,WE,Federal Contract Tower,0,2,24,0,26,0,9,53,1,63,0,11,77,1,89,155,0,155,244
02/14/2019,RAL,CA,AWP,WE,Federal Contract Tower,0,1,6,0,7,0,2,8,1,11,0,3,14,1,18,32,0,32,50
02/15/2019,RAL,CA,AWP,WE,Federal Contract Tower,0,0,16,0,16,0,6,59,2,67,0,6,75,2,83,248,0,248,331
02/16/2019,RAL,CA,AWP,WE,Federal Contract Tower,0,0,22,0,22,0,2,105,2,109,0,2,127,2,131,164,0,164,295
02/17/2019,RAL,CA,AWP,WE,Federal Contract Tower,0,0,3,0,3,0,6,45,0,51,0,6,48,0,54,50,0,50,104
02/18/2019,RAL,CA,AWP,WE,Federal Contract Tower,0,0,11,0,11,0,0,91,0,91,0,0,102,0,102,94,0,94,196
02/19/2019,RAL,CA,AWP,WE,Federal Contract Tower,0,0,29,0,29,0,5,112,2,119,0,5,141,2,148,275,0,275,423
02/20/2019,RAL,CA,AWP,WE,Federal Contract Tower,0,0,2,0,2,0,14,65,3,82,0,14,67,3,84,456,0,456,540
02/21/2019,RAL,CA,AWP,WE,Federal Contract Tower,0,0,9,0,9,0,8,50,1,59,0,8,59,1,68,216,0,216,284
02/22/2019,RAL,CA,AWP,WE,Federal Contract Tower,0,0,30,0,30,0,7,95,0,102,0,7,125,0,132,177,0,177,309
02/23/2019,RAL,CA,AWP,WE,Federal Contract Tower,0,0,13,0,13,0,5,172,1,178,0,5,185,1,191,142,0,142,333
02/24/2019,RAL,CA,AWP,WE,Federal Contract Tower,0,0,26,0,26,0,2,131,11,144,0,2,157,11,170,101,0,101,271
02/25/2019,RAL,CA,AWP,WE,Federal Contract Tower,0,0,27,0,27,0,5,147,6,158,0,5,174,6,185,269,0,269,454
02/26/2019,RAL,CA,AWP,WE,Federal Contract Tower,0,0,28,0,28,0,10,142,1,153,0,10,170,1,181,364,0,364,545
02/27/2019,RAL,CA,AWP,WE,Federal Contract Tower,0,0,26,0,26,0,19,91,1,111,0,19,117,1,137,266,0,266,403
02/28/2019,RAL,CA,AWP,WE,Federal Contract Tower,0,0,32,0,32,0,14,69,0,83,0,14,101,0,115,370,0,370,485
03/01/2019,RAL,CA,AWP,WE,Federal Contract Tower,0,0,30,0,30,0,6,50,4,60,0,6,80,4,90,254,0,254,344
03/02/2019,RAL,CA,AWP,WE,Federal Contract Tower,0,0,6,0,6,0,1,3,0,4,0,1,9,0,10,2,0,2,12
03/03/2019,RAL,CA,AWP,WE,Federal Contract Tower,0,0,22,0,22,0,7,39,0,46,0,7,61,0,68,131,0,131,199
03/04/2019,RAL,CA,AWP,WE,Federal Contract Tower,0,2,32,1,35,0,8,137,0,145,0,10,169,1,180,351,0,351,531
03/05/2019,RAL,CA,AWP,WE,Federal Contract Tower,0,2,29,0,31,0,9,99,1,109,0,11,128,1,140,297,0,297,437
03/06/2019,RAL,CA,AWP,WE,Federal Contract Tower,0,0,4,0,4,0,0,5,0,5,0,0,9,0,9,1,0,1,10
03/07/2019,RAL,CA,AWP,WE,Federal Contract Tower,0,0,25,0,25,0,7,68,3,78,0,7,93,3,103,292,0,292,395
03/08/2019,RAL,CA,AWP,WE,Federal Contract Tower,0,0,21,0,21,0,5,116,0,121,0,5,137,0,142,223,0,223,365
03/09/2019,RAL,CA,AWP,WE,Federal Contract Tower,0,0,13,0,13,0,8,138,3,149,0,8,151,3,162,183,0,183,345
03/10/2019,RAL,CA,AWP,WE,Federal Contract Tower,0,0,8,0,8,0,13,83,0,96,0,13,91,0,104,102,0,102,206
03/11/2019,RAL,CA,AWP,WE,Federal Contract Tower,0,0,17,0,17,0,9,94,0,103,0,9,111,0,120,108,0,108,228
03/12/2019,RAL,CA,AWP,WE,Federal Contract Tower,0,1,25,0,26,0,18,146,0,164,0,19,171,0,190,301,0,301,491
03/13/2019,RAL,CA,AWP,WE,Federal Contract Tower,0,2,21,0,23,0,10,108,0,118,0,12,129,0,141,300,0,300,441
03/14/2019,RAL,CA,AWP,WE,Federal Contract Tower,0,0,6,0,6,0,2,36,2,40,0,2,42,2,46,0,10,10,56
03/15/2019,RAL,CA,AWP,WE,Federal Contract Tower,0,0,20,0,20,0,2,50,0,52,0,2,70,0,72,52,0,52,124
03/16/2019,RAL,CA,AWP,WE,Federal Contract Tower,0,0,11,0,11,0,11,70,0,81,0,11,81,0,92,90,0,90,182
03/17/2019,RAL,CA,AWP,WE,Federal Contract Tower,0,2,23,0,25,0,6,121,0,127,0,8,144,0,152,64,0,64,216
03/18/2019,RAL,CA,AWP,WE,Federal Contract Tower,0,0,28,0,28,0,11,146,0,157,0,11,174,0,185,301,0,301,486
03/19/2019,RAL,CA,AWP,WE,Federal Contract Tower,0,0,29,0,29,0,13,116,0,129,0,13,145,0,158,318,0,318,476
03/20/2019,RAL,CA,AWP,WE,Federal Contract Tower,0,0,4,0,4,0,2,54,0,56,0,2,58,0,60,195,0,195,255
03/21/2019,RAL,CA,AWP,WE,Federal Contract Tower,0,0,9,0,9,0,5,45,0,50,0,5,54,0,59,224,0,224,283
03/22/2019,RAL,CA,AWP,WE,Federal Contract Tower,0,0,31,0,31,0,7,113,1,121,0,7,144,1,152,208,0,208,360
03/23/2019,RAL,CA,AWP,WE,Federal Contract Tower,0,0,27,0,27,0,6,57,0,63,0,6,84,0,90,191,0,191,281
03/24/2019,RAL,CA,AWP,WE,Federal Contract Tower,0,0,16,0,16,0,7,98,2,107,0,7,114,2,123,105,0,105,228
03/25/2019,RAL,CA,AWP,WE,Federal Contract Tower,0,0,24,0,24,0,0,137,0,137,0,0,161,0,161,226,0,226,387
03/26/2019,RAL,CA,AWP,WE,Federal Contract Tower,0,0,35,0,35,0,7,126,1,134,0,7,161,1,169,256,0,256,425
03/27/2019,RAL,CA,AWP,WE,Federal Contract Tower,0,0,25,0,25,0,8,101,3,112,0,8,126,3,137,295,0,295,432
03/28/2019,RAL,CA,AWP,WE,Federal Contract Tower,0,1,26,0,27,0,5,109,1,115,0,6,135,1,142,326,0,326,468
03/29/2019,RAL,CA,AWP,WE,Federal Contract Tower,0,0,21,0,21,0,3,130,0,133,0,3,151,0,154,284,0,284,438
03/30/2019,RAL,CA,AWP,WE,Federal Contract Tower,0,0,20,0,20,0,7,104,1,112,0,7,124,1,132,106,0,106,238
03/31/2019,RAL,CA,AWP,WE,Federal Contract Tower,0,0,8,0,8,0,7,72,0,79,0,7,80,0,87,80,0,80,167
04/01/2019,RAL,CA,AWP,WE,Federal Contract Tower,0,0,30,0,30,0,8,128,0,136,0,8,158,0,166,257,0,257,423
04/02/2019,RAL,CA,AWP,WE,Federal Contract Tower,0,0,22,0,22,0,17,108,0,125,0,17,130,0,147,203,0,203,350
04/03/2019,RAL,CA,AWP,WE,Federal Contract Tower,0,0,36,0,36,0,4,90,1,95,0,4,126,1,131,328,0,328,459
04/04/2019,RAL,CA,AWP,WE,Federal Contract Tower,0,0,30,0,30,0,5,56,0,61,0,5,86,0,91,214,0,214,305
04/05/2019,RAL,CA,AWP,WE,Federal Contract Tower,0,0,20,0,20,0,3,74,0,77,0,3,94,0,97,300,0,300,397
04/06/2019,RAL,CA,AWP,WE,Federal Contract Tower,0,0,14,0,14,0,4,84,0,88,0,4,98,0,102,126,0,126,228
04/07/2019,RAL,CA,AWP,WE,Federal Contract Tower,0,0,14,0,14,0,3,114,0,117,0,3,128,0,131,143,0,143,274
04/08/2019,RAL,CA,AWP,WE,Federal Contract Tower,0,0,18,0,18,0,7,145,0,152,0,7,163,0,170,228,0,228,398
04/09/2019,RAL,CA,AWP,WE,Federal Contract Tower,0,0,5,0,5,0,4,114,0,118,0,4,119,0,123,209,0,209,332
04/10/2019,RAL,CA,AWP,WE,Federal Contract Tower,0,0,21,0,21,0,2,95,5,102,0,2,116,5,123,246,0,246,369
04/11/2019,RAL,CA,AWP,WE,Federal Contract Tower,0,1,19,0,20,0,11,124,0,135,0,12,143,0,155,166,0,166,321
04/12/2019,RAL,CA,AWP,WE,Federal Contract Tower,0,0,21,0,21,0,5,98,0,103,0,5,119,0,124,163,0,163,287
04/13/2019,RAL,CA,AWP,WE,Federal Contract Tower,0,0,11,0,11,0,3,122,1,126,0,3,133,1,137,215,0,215,352
04/14/2019,RAL,CA,AWP,WE,Federal Contract Tower,0,0,17,0,17,0,4,75,0,79,0,4,92,0,96,69,0,69,165
04/15/2019,RAL,CA,AWP,WE,Federal Contract Tower,0,0,26,0,26,0,23,156,2,181,0,23,182,2,207,200,0,200,407
04/16/2019,RAL,CA,AWP,WE,Federal Contract Tower,0,0,27,0,27,0,13,68,0,81,0,13,95,0,108,231,0,231,339
04/17/2019,RAL,CA,AWP,WE,Federal Contract Tower,0,0,26,0,26,0,5,107,0,112,0,5,133,0,138,202,0,202,340
04/18/2019,RAL,CA,AWP,WE,Federal Contract Tower,0,0,23,0,23,0,0,110,0,110,0,0,133,0,133,296,0,296,429
04/19/2019,RAL,CA,AWP,WE,Federal Contract Tower,0,0,15,0,15,0,9,93,0,102,0,9,108,0,117,201,0,201,318
04/20/2019,RAL,CA,AWP,WE,Federal Contract Tower,0,0,12,0,12,0,11,58,0,69,0,11,70,0,81,71,0,71,152
04/21/2019,RAL,CA,AWP,WE,Federal Contract Tower,0,0,8,0,8,0,5,38,0,43,0,5,46,0,51,80,0,80,131
04/22/2019,RAL,CA,AWP,WE,Federal Contract Tower,0,0,16,0,16,0,7,143,0,150,0,7,159,0,166,179,1,180,346
04/23/2019,RAL,CA,AWP,WE,Federal Contract Tower,0,0,17,0,17,0,5,125,1,131,0,5,142,1,148,125,0,125,273
04/24/2019,RAL,CA,AWP,WE,Federal Contract Tower,0,0,37,0,37,0,7,143,1,151,0,7,180,1,188,340,0,340,528
04/25/2019,RAL,CA,AWP,WE,Federal Contract Tower,0,0,30,0,30,0,4,101,0,105,0,4,131,0,135,298,0,298,433
04/26/2019,RAL,CA,AWP,WE,Federal Contract Tower,0,0,13,0,13,0,4,80,4,88,0,4,93,4,101,202,0,202,303
04/27/2019,RAL,CA,AWP,WE,Federal Contract Tower,0,0,19,0,19,0,2,52,0,54,0,2,71,0,73,70,0,70,143
04/28/2019,RAL,CA,AWP,WE,Federal Contract Tower,0,0,17,0,17,0,0,62,0,62,0,0,79,0,79,50,0,50,129
04/29/2019,RAL,CA,AWP,WE,Federal Contract Tower,0,0,25,0,25,0,3,71,0,74,0,3,96,0,99,294,0,294,393
04/30/2019,RAL,CA,AWP,WE,Federal Contract Tower,0,0,51,0,51,0,12,74,3,89,0,12,125,3,140,224,0,224,364
05/01/2019,RAL,CA,AWP,WE,Federal Contract Tower,0,0,20,0,20,0,4,134,0,138,0,4,154,0,158,226,0,226,384
05/02/2019,RAL,CA,AWP,WE,Federal Contract Tower,0,0,31,0,31,0,6,135,0,141,0,6,166,0,172,144,0,144,316
05/03/2019,RAL,CA,AWP,WE,Federal Contract Tower,0,0,24,0,24,0,5,130,0,135,0,5,154,0,159,248,0,248,407
05/04/2019,RAL,CA,AWP,WE,Federal Contract Tower,0,0,11,0,11,0,5,56,0,61,0,5,67,0,72,105,0,105,177
05/05/2019,RAL,CA,AWP,WE,Federal Contract Tower,0,0,20,0,20,0,4,62,3,69,0,4,82,3,89,41,0,41,130
05/06/2019,RAL,CA,AWP,WE,Federal Contract Tower,0,0,13,0,13,0,5,89,0,94,0,5,102,0,107,204,0,204,311
05/07/2019,RAL,CA,AWP,WE,Federal Contract Tower,0,0,23,0,23,0,1,53,0,54,0,1,76,0,77,252,0,252,329
05/08/2019,RAL,CA,AWP,WE,Federal Contract Tower,0,0,29,0,29,0,0,57,0,57,0,0,86,0,86,398,0,398,484
05/09/2019,RAL,CA,AWP,WE,Federal Contract Tower,0,2,16,0,18,0,13,56,0,69,0,15,72,0,87,263,0,263,350
05/10/2019,RAL,CA,AWP,WE,Federal Contract Tower,0,0,18,0,18,0,7,44,0,51,0,7,62,0,69,59,0,59,128
05/11/2019,RAL,CA,AWP,WE,Federal Contract Tower,0,0,32,0,32,0,7,98,0,105,0,7,130,0,137,179,0,179,316
05/12/2019,RAL,CA,AWP,WE,Federal Contract Tower,0,0,12,0,12,0,3,51,0,54,0,3,63,0,66,76,0,76,142
05/13/2019,RAL,CA,AWP,WE,Federal Contract Tower,0,0,29,2,31,0,5,81,0,86,0,5,110,2,117,270,0,270,387
05/14/2019,RAL,CA,AWP,WE,Federal Contract Tower,0,0,43,0,43,0,7,97,0,104,0,7,140,0,147,307,0,307,454
05/15/2019,RAL,CA,AWP,WE,Federal Contract Tower,0,0,32,0,32,0,6,92,0,98,0,6,124,0,130,335,0,335,465
05/16/2019,RAL,CA,AWP,WE,Federal Contract Tower,0,0,14,0,14,0,16,38,0,54,0,16,52,0,68,269,0,269,337
05/17/2019,RAL,CA,AWP,WE,Federal Contract Tower,0,2,29,0,31,0,7,164,1,172,0,9,193,1,203,304,0,304,507
05/18/2019,RAL,CA,AWP,WE,Federal Contract Tower,0,0,15,0,15,0,8,118,4,130,0,8,133,4,145,146,0,146,291
05/19/2019,RAL,CA,AWP,WE,Federal Contract Tower,0,0,10,0,10,0,1,23,1,25,0,1,33,1,35,46,0,46,81
05/20/2019,RAL,CA,AWP,WE,Federal Contract Tower,0,0,28,0,28,0,16,114,4,134,0,16,142,4,162,322,0,322,484
05/21/2019,RAL,CA,AWP,WE,Federal Contract Tower,0,0,8,0,8,0,2,81,0,83,0,2,89,0,91,337,0,337,428
05/22/2019,RAL,CA,AWP,WE,Federal Contract Tower,0,0,13,0,13,0,3,62,0,65,0,3,75,0,78,232,0,232,310
05/23/2019,RAL,CA,AWP,WE,Federal Contract Tower,0,0,20,0,20,0,7,57,0,64,0,7,77,0,84,387,0,387,471
05/24/2019,RAL,CA,AWP,WE,Federal Contract Tower,0,0,29,0,29,0,11,134,1,146,0,11,163,1,175,208,0,208,383
05/25/2019,RAL,CA,AWP,WE,Federal Contract Tower,0,0,17,0,17,0,4,125,4,133,0,4,142,4,150,136,0,136,286
05/26/2019,RAL,CA,AWP,WE,Federal Contract Tower,0,0,11,0,11,0,4,20,0,24,0,4,31,0,35,28,0,28,63
05/27/2019,RAL,CA,AWP,WE,Federal Contract Tower,0,0,19,0,19,0,3,80,0,83,0,3,99,0,102,138,0,138,240
05/28/2019,RAL,CA,AWP,WE,Federal Contract Tower,0,0,25,0,25,0,5,146,0,151,0,5,171,0,176,173,0,173,349
05/29/2019,RAL,CA,AWP,WE,Federal Contract Tower,0,0,8,0,8,0,7,161,3,171,0,7,169,3,179,193,0,193,372
05/30/2019,RAL,CA,AWP,WE,Federal Contract Tower,0,0,24,0,24,0,7,130,0,137,0,7,154,0,161,184,0,184,345
05/31/2019,RAL,CA,AWP,WE,Federal Contract Tower,0,0,26,0,26,0,9,109,2,120,0,9,135,2,146,84,0,84,230
06/01/2019,RAL,CA,AWP,WE,Federal Contract Tower,0,0,11,0,11,0,2,49,2,53,0,2,60,2,64,79,0,79,143
06/02/2019,RAL,CA,AWP,WE,Federal Contract Tower,0,0,23,0,23,0,2,35,0,37,0,2,58,0,60,86,0,86,146
06/03/2019,RAL,CA,AWP,WE,Federal Contract Tower,0,0,17,0,17,0,2,80,0,82,0,2,97,0,99,277,0,277,376
06/04/2019,RAL,CA,AWP,WE,Federal Contract Tower,0,0,35,0,35,0,2,71,0,73,0,2,106,0,108,192,0,192,300
06/05/2019,RAL,CA,AWP,WE,Federal Contract Tower,0,0,20,0,20,0,5,123,0,128,0,5,143,0,148,198,0,198,346
06/06/2019,RAL,CA,AWP,WE,Federal Contract Tower,0,0,23,0,23,0,4,115,0,119,0,4,138,0,142,220,0,220,362
06/07/2019,RAL,CA,AWP,WE,Federal Contract Tower,0,0,34,0,34,0,6,105,0,111,0,6,139,0,145,168,0,168,313
06/08/2019,RAL,CA,AWP,WE,Federal Contract Tower,0,0,10,0,10,0,6,115,0,121,0,6,125,0,131,81,0,81,212
06/09/2019,RAL,CA,AWP,WE,Federal Contract Tower,0,0,17,0,17,0,5,74,0,79,0,5,91,0,96,33,0,33,129
06/10/2019,RAL,CA,AWP,WE,Federal Contract Tower,0,0,21,0,21,0,7,102,0,109,0,7,123,0,130,112,0,112,242
06/11/2019,RAL,CA,AWP,WE,Federal Contract Tower,0,0,15,0,15,0,6,85,0,91,0,6,100,0,106,161,0,161,267
06/12/2019,RAL,CA,AWP,WE,Federal Contract Tower,0,0,22,0,22,0,8,148,2,158,0,8,170,2,180,269,0,269,449
06/13/2019,RAL,CA,AWP,WE,Federal Contract Tower,0,0,28,0,28,0,5,103,0,108,0,5,131,0,136,129,0,129,265
06/14/2019,RAL,CA,AWP,WE,Federal Contract Tower,0,2,29,0,31,0,7,110,0,117,0,9,139,0,148,176,0,176,324
06/15/2019,RAL,CA,AWP,WE,Federal Contract Tower,0,0,27,0,27,0,10,70,0,80,0,10,97,0,107,110,0,110,217
06/16/2019,RAL,CA,AWP,WE,Federal Contract Tower,0,0,21,0,21,0,0,38,0,38,0,0,59,0,59,42,0,42,101
06/17/2019,RAL,CA,AWP,WE,Federal Contract Tower,0,0,30,0,30,0,2,69,1,72,0,2,99,1,102,226,0,226,328
06/18/2019,RAL,CA,AWP,WE,Federal Contract Tower,0,0,36,0,36,0,7,86,0,93,0,7,122,0,129,244,0,244,373
06/19/2019,RAL,CA,AWP,WE,Federal Contract Tower,0,0,33,0,33,0,5,76,0,81,0,5,109,0,114,168,0,168,282
06/20/2019,RAL,CA,AWP,WE,Federal Contract Tower,0,0,22,0,22,0,5,53,0,58,0,5,75,0,80,288,0,288,368
06/21/2019,RAL,CA,AWP,WE,Federal Contract Tower,0,0,22,0,22,0,11,99,0,110,0,11,121,0,132,317,0,317,449
06/22/2019,RAL,CA,AWP,WE,Federal Contract Tower,0,0,10,0,10,0,7,96,1,104,0,7,106,1,114,271,0,271,385
06/23/2019,RAL,CA,AWP,WE,Federal Contract Tower,0,0,21,0,21,0,2,75,0,77,0,2,96,0,98,162,0,162,260
06/24/2019,RAL,CA,AWP,WE,Federal Contract Tower,0,0,38,0,38,0,4,80,0,84,0,4,118,0,122,207,0,207,329
06/25/2019,RAL,CA,AWP,WE,Federal Contract Tower,0,0,18,0,18,0,7,65,0,72,0,7,83,0,90,283,0,283,373
06/26/2019,RAL,CA,AWP,WE,Federal Contract Tower,0,0,34,2,36,0,5,71,0,76,0,5,105,2,112,293,0,293,405
06/27/2019,RAL,CA,AWP,WE,Federal Contract Tower,0,1,37,0,38,0,17,125,0,142,0,18,162,0,180,274,0,274,454
06/28/2019,RAL,CA,AWP,WE,Federal Contract Tower,0,2,34,0,36,0,6,133,0,139,0,8,167,0,175,299,0,299,474
06/29/2019,RAL,CA,AWP,WE,Federal Contract Tower,0,0,34,0,34,0,4,112,0,116,0,4,146,0,150,246,0,246,396
06/30/2019,RAL,CA,AWP,WE,Federal Contract Tower,0,0,10,0,10,0,1,85,0,86,0,1,95,0,96,48,0,48,144
07/01/2019,RAL,CA,AWP,WE,Federal Contract Tower,0,1,27,0,28,0,5,90,0,95,0,6,117,0,123,283,2,285,408
07/02/2019,RAL,CA,AWP,WE,Federal Contract Tower,0,0,16,0,16,0,7,121,1,129,0,7,137,1,145,400,0,400,545
07/03/2019,RAL,CA,AWP,WE,Federal Contract Tower,0,0,18,0,18,0,6,142,1,149,0,6,160,1,167,302,0,302,469
07/04/2019,RAL,CA,AWP,WE,Federal Contract Tower,0,0,12,0,12,0,13,42,0,55,0,13,54,0,67,232,0,232,299
07/05/2019,RAL,CA,AWP,WE,Federal Contract Tower,0,0,18,0,18,0,4,68,0,72,0,4,86,0,90,270,0,270,360
07/06/2019,RAL,CA,AWP,WE,Federal Contract Tower,0,0,11,0,11,0,10,101,0,111,0,10,112,0,122,201,0,201,323
07/07/2019,RAL,CA,AWP,WE,Federal Contract Tower,0,0,18,0,18,0,3,53,0,56,0,3,71,0,74,51,0,51,125
07/08/2019,RAL,CA,AWP,WE,Federal Contract Tower,0,0,24,0,24,0,4,71,0,75,0,4,95,0,99,384,0,384,483
07/09/2019,RAL,CA,AWP,WE,Federal Contract Tower,0,0,28,0,28,0,2,115,3,120,0,2,143,3,148,291,0,291,439
07/10/2019,RAL,CA,AWP,WE,Federal Contract Tower,0,0,21,0,21,0,6,142,2,150,0,6,163,2,171,318,0,318,489
07/11/2019,RAL,CA,AWP,WE,Federal Contract Tower,0,0,19,1,20,0,12,134,1,147,0,12,153,2,167,316,0,316,483
07/12/2019,RAL,CA,AWP,WE,Federal Contract Tower,0,0,22,0,22,0,11,124,1,136,0,11,146,1,158,294,0,294,452
07/13/2019,RAL,CA,AWP,WE,Federal Contract Tower,0,0,10,0,10,0,0,127,0,127,0,0,137,0,137,190,0,190,327
07/14/2019,RAL,CA,AWP,WE,Federal Contract Tower,0,0,12,0,12,0,0,81,0,81,0,0,93,0,93,60,0,60,153
07/15/2019,RAL,CA,AWP,WE,Federal Contract Tower,0,0,24,0,24,0,4,86,0,90,0,4,110,0,114,257,0,257,371
07/16/2019,RAL,CA,AWP,WE,Federal Contract Tower,0,2,23,0,25,0,11,110,1,122,0,13,133,1,147,390,0,390,537
07/17/2019,RAL,CA,AWP,WE,Federal Contract Tower,0,0,19,0,19,0,8,139,1,148,0,8,158,1,167,304,2,306,473
07/18/2019,RAL,CA,AWP,WE,Federal Contract Tower,0,0,25,0,25,0,12,139,0,151,0,12,164,0,176,282,0,282,458
07/19/2019,RAL,CA,AWP,WE,Federal Contract Tower,0,0,35,0,35,0,13,124,0,137,0,13,159,0,172,233,0,233,405
07/20/2019,RAL,CA,AWP,WE,Federal Contract Tower,0,0,21,0,21,0,0,101,0,101,0,0,122,0,122,117,0,117,239
07/21/2019,RAL,CA,AWP,WE,Federal Contract Tower,0,0,12,0,12,0,4,85,0,89,0,4,97,0,101,56,0,56,157
07/22/2019,RAL,CA,AWP,WE,Federal Contract Tower,0,0,20,0,20,0,4,109,0,113,0,4,129,0,133,278,0,278,411
07/23/2019,RAL,CA,AWP,WE,Federal Contract Tower,0,0,18,0,18,0,7,87,0,94,0,7,105,0,112,274,0,274,386
07/24/2019,RAL,CA,AWP,WE,Federal Contract Tower,0,0,26,0,26,0,9,81,0,90,0,9,107,0,116,238,0,238,354
07/25/2019,RAL,CA,AWP,WE,Federal Contract Tower,0,0,18,0,18,0,2,124,1,127,0,2,142,1,145,237,0,237,382
07/26/2019,RAL,CA,AWP,WE,Federal Contract Tower,0,2,14,0,16,0,5,114,1,120,0,7,128,1,136,251,0,251,387
07/27/2019,RAL,CA,AWP,WE,Federal Contract Tower,0,0,16,0,16,0,13,97,4,114,0,13,113,4,130,203,0,203,333
07/28/2019,RAL,CA,AWP,WE,Federal Contract Tower,0,0,12,0,12,0,0,59,3,62,0,0,71,3,74,95,0,95,169
07/29/2019,RAL,CA,AWP,WE,Federal Contract Tower,0,0,33,0,33,0,3,127,0,130,0,3,160,0,163,213,0,213,376
07/30/2019,RAL,CA,AWP,WE,Federal Contract Tower,0,0,24,0,24,0,5,129,4,138,0,5,153,4,162,233,0,233,395
07/31/2019,RAL,CA,AWP,WE,Federal Contract Tower,0,0,27,0,27,0,6,111,0,117,0,6,138,0,144,0,206,206,350
08/01/2019,RAL,CA,AWP,WE,Federal Contract Tower,0,0,27,0,27,0,4,147,3,154,0,4,174,3,181,216,0,216,397
08/02/2019,RAL,CA,AWP,WE,Federal Contract Tower,0,0,28,0,28,0,2,119,0,121,0,2,147,0,149,290,0,290,439
08/03/2019,RAL,CA,AWP,WE,Federal Contract Tower,0,0,29,0,29,0,1,96,2,99,0,1,125,2,128,124,0,124,252
08/04/2019,RAL,CA,AWP,WE,Federal Contract Tower,0,2,15,0,17,0,0,87,0,87,0,2,102,0,104,62,0,62,166
08/05/2019,RAL,CA,AWP,WE,Federal Contract Tower,0,0,23,2,25,0,6,121,7,134,0,6,144,9,159,244,2,246,405
08/06/2019,RAL,CA,AWP,WE,Federal Contract Tower,0,0,20,0,20,0,3,126,0,129,0,3,146,0,149,209,0,209,358
08/07/2019,RAL,CA,AWP,WE,Federal Contract Tower,0,0,28,0,28,0,12,106,0,118,0,12,134,0,146,220,0,220,366
08/08/2019,RAL,CA,AWP,WE,Federal Contract Tower,0,0,27,0,27,0,7,120,2,129,0,7,147,2,156,183,0,183,339
08/09/2019,RAL,CA,AWP,WE,Federal Contract Tower,0,0,29,0,29,0,9,162,2,173,0,9,191,2,202,137,0,137,339
08/10/2019,RAL,CA,AWP,WE,Federal Contract Tower,0,0,10,0,10,0,1,92,0,93,0,1,102,0,103,151,0,151,254
08/11/2019,RAL,CA,AWP,WE,Federal Contract Tower,0,0,24,1,25,0,5,110,7,122,0,5,134,8,147,141,0,141,288
08/12/2019,RAL,CA,AWP,WE,Federal Contract Tower,0,2,15,1,18,0,4,103,0,107,0,6,118,1,125,212,6,218,343
08/13/2019,RAL,CA,AWP,WE,Federal Contract Tower,0,2,29,0,31,0,7,136,0,143,0,9,165,0,174,275,0,275,449
08/14/2019,RAL,CA,AWP,WE,Federal Contract Tower,0,0,21,0,21,0,4,116,0,120,0,4,137,0,141,215,0,215,356
08/15/2019,RAL,CA,AWP,WE,Federal Contract Tower,0,0,29,0,29,0,15,82,0,97,0,15,111,0,126,254,0,254,380
08/16/2019,RAL,CA,AWP,WE,Federal Contract Tower,0,0,33,0,33,0,11,132,5,148,0,11,165,5,181,255,0,255,436
08/17/2019,RAL,CA,AWP,WE,Federal Contract Tower,0,0,24,0,24,0,6,89,2,97,0,6,113,2,121,165,0,165,286
08/18/2019,RAL,CA,AWP,WE,Federal Contract Tower,0,0,13,0,13,0,7,55,1,63,0,7,68,1,76,100,0,100,176
08/19/2019,RAL,CA,AWP,WE,Federal Contract Tower,0,0,21,0,21,0,8,74,0,82,0,8,95,0,103,179,0,179,282
08/20/2019,RAL,CA,AWP,WE,Federal Contract Tower,0,0,23,0,23,0,20,122,0,142,0,20,145,0,165,180,0,180,345
08/21/2019,RAL,CA,AWP,WE,Federal Contract Tower,0,0,28,0,28,0,8,139,3,150,0,8,167,3,178,309,0,309,487
08/22/2019,RAL,CA,AWP,WE,Federal Contract Tower,0,0,17,0,17,0,4,133,0,137,0,4,150,0,154,246,0,246,400
08/23/2019,RAL,CA,AWP,WE,Federal Contract Tower,0,0,23,0,23,0,6,89,0,95,0,6,112,0,118,190,0,190,308
08/24/2019,RAL,CA,AWP,WE,Federal Contract Tower,0,0,9,0,9,0,2,97,0,99,0,2,106,0,108,140,0,140,248
08/25/2019,RAL,CA,AWP,WE,Federal Contract Tower,0,0,15,0,15,0,6,58,2,66,0,6,73,2,81,81,0,81,162
08/26/2019,RAL,CA,AWP,WE,Federal Contract Tower,0,0,23,0,23,0,10,118,2,130,0,10,141,2,153,246,0,246,399
08/27/2019,RAL,CA,AWP,WE,Federal Contract Tower,0,2,39,0,41,0,9,148,0,157,0,11,187,0,198,276,0,276,474
08/28/2019,RAL,CA,AWP,WE,Federal Contract Tower,0,0,22,0,22,0,7,109,2,118,0,7,131,2,140,172,0,172,312
08/29/2019,RAL,CA,AWP,WE,Federal Contract Tower,0,0,32,0,32,0,7,133,4,144,0,7,165,4,176,292,0,292,468
08/30/2019,RAL,CA,AWP,WE,Federal Contract Tower,0,0,19,0,19,0,3,100,0,103,0,3,119,0,122,260,0,260,382
08/31/2019,RAL,CA,AWP,WE,Federal Contract Tower,0,0,14,0,14,0,1,81,0,82,0,1,95,0,96,120,0,120,216
09/01/2019,RAL,CA,AWP,WE,Federal Contract Tower,0,0,9,0,9,0,5,50,0,55,0,5,59,0,64,147,0,147,211
09/02/2019,RAL,CA,AWP,WE,Federal Contract Tower,0,0,13,0,13,0,0,84,0,84,0,0,97,0,97,131,0,131,228
09/03/2019,RAL,CA,AWP,WE,Federal Contract Tower,0,0,16,0,16,0,5,142,0,147,0,5,158,0,163,332,0,332,495
09/04/2019,RAL,CA,AWP,WE,Federal Contract Tower,0,0,13,0,13,0,4,118,0,122,0,4,131,0,135,268,0,268,403
09/05/2019,RAL,CA,AWP,WE,Federal Contract Tower,0,0,20,0,20,0,9,125,0,134,0,9,145,0,154,219,0,219,373
09/06/2019,RAL,CA,AWP,WE,Federal Contract Tower,0,0,10,0,10,0,5,171,0,176,0,5,181,0,186,241,0,241,427
09/07/2019,RAL,CA,AWP,WE,Federal Contract Tower,0,0,13,0,13,0,9,100,0,109,0,9,113,0,122,165,0,165,287
09/08/2019,RAL,CA,AWP,WE,Federal Contract Tower,0,0,11,0,11,0,2,80,0,82,0,2,91,0,93,157,0,157,250
09/09/2019,RAL,CA,AWP,WE,Federal Contract Tower,0,0,16,0,16,0,3,108,0,111,0,3,124,0,127,266,0,266,393
09/10/2019,RAL,CA,AWP,WE,Federal Contract Tower,0,0,30,0,30,0,9,133,0,142,0,9,163,0,172,267,0,267,439
09/11/2019,RAL,CA,AWP,WE,Federal Contract Tower,0,0,20,4,24,0,7,145,0,152,0,7,165,4,176,358,0,358,534
09/12/2019,RAL,CA,AWP,WE,Federal Contract Tower,0,0,30,0,30,0,14,133,1,148,0,14,163,1,178,302,0,302,480
09/13/2019,RAL,CA,AWP,WE,Federal Contract Tower,0,0,23,0,23,0,5,137,0,142,0,5,160,0,165,242,0,242,407
09/14/2019,RAL,CA,AWP,WE,Federal Contract Tower,0,0,24,0,24,0,4,92,2,98,0,4,116,2,122,128,0,128,250
09/15/2019,RAL,CA,AWP,WE,Federal Contract Tower,0,0,14,0,14,0,5,95,1,101,0,5,109,1,115,106,0,106,221
09/16/2019,RAL,CA,AWP,WE,Federal Contract Tower,0,0,28,0,28,0,16,122,0,138,0,16,150,0,166,308,0,308,474
09/17/2019,RAL,CA,AWP,WE,Federal Contract Tower,0,0,24,0,24,0,4,130,0,134,0,4,154,0,158,269,0,269,427
09/18/2019,RAL,CA,AWP,WE,Federal Contract Tower,0,0,17,0,17,0,6,126,1,133,0,6,143,1,150,301,0,301,451
09/19/2019,RAL,CA,AWP,WE,Federal Contract Tower,0,0,29,0,29,0,4,141,0,145,0,4,170,0,174,235,0,235,409
09/20/2019,RAL,CA,AWP,WE,Federal Contract Tower,0,0,22,0,22,0,3,139,0,142,0,3,161,0,164,331,0,331,495
09/21/2019,RAL,CA,AWP,WE,Federal Contract Tower,0,0,14,0,14,0,4,102,0,106,0,4,116,0,120,143,0,143,263
09/22/2019,RAL,CA,AWP,WE,Federal Contract Tower,0,0,19,0,19,0,3,86,0,89,0,3,105,0,108,114,0,114,222
09/23/2019,RAL,CA,AWP,WE,Federal Contract Tower,0,0,13,0,13,0,9,165,1,175,0,9,178,1,188,334,0,334,522
09/24/2019,RAL,CA,AWP,WE,Federal Contract Tower,0,0,23,0,23,0,7,94,3,104,0,7,117,3,127,133,0,133,260
09/25/2019,RAL,CA,AWP,WE,Federal Contract Tower,0,0,21,0,21,0,10,170,0,180,0,10,191,0,201,314,0,314,515
09/26/2019,RAL,CA,AWP,WE,Federal Contract Tower,0,8,35,0,43,0,9,103,0,112,0,17,138,0,155,354,0,354,509
09/27/2019,RAL,CA,AWP,WE,Federal Contract Tower,0,0,32,0,32,0,3,54,0,57,0,3,86,0,89,397,0,397,486
09/28/2019,RAL,CA,AWP,WE,Federal Contract Tower,0,0,21,0,21,0,2,82,0,84,0,2,103,0,105,236,0,236,341
09/29/2019,RAL,CA,AWP,WE,Federal Contract Tower,0,0,31,0,31,0,0,88,0,88,0,0,119,0,119,135,0,135,254
09/30/2019,RAL,CA,AWP,WE,Federal Contract Tower,0,0,23,0,23,0,4,162,2,168,0,4,185,2,191,360,0,360,551
10/01/2019,RAL,CA,AWP,WE,Federal Contract Tower,0,0,28,0,28,0,10,185,0,195,0,10,213,0,223,306,0,306,529
10/02/2019,RAL,CA,AWP,WE,Federal Contract Tower,0,0,35,0,35,0,8,170,0,178,0,8,205,0,213,381,0,381,594
10/03/2019,RAL,CA,AWP,WE,Federal Contract Tower,0,0,31,0,31,0,6,179,0,185,0,6,210,0,216,313,0,313,529
10/04/2019,RAL,CA,AWP,WE,Federal Contract Tower,0,0,23,0,23,0,10,169,1,180,0,10,192,1,203,391,0,391,594
10/05/2019,RAL,CA,AWP,WE,Federal Contract Tower,0,0,9,0,9,0,2,131,0,133,0,2,140,0,142,248,0,248,390
10/06/2019,RAL,CA,AWP,WE,Federal Contract Tower,0,0,12,0,12,0,1,65,0,66,0,1,77,0,78,166,0,166,244
10/07/2019,RAL,CA,AWP,WE,Federal Contract Tower,0,0,18,0,18,0,1,137,0,138,0,1,155,0,156,336,0,336,492
10/08/2019,RAL,CA,AWP,WE,Federal Contract Tower,0,2,30,0,32,0,7,157,0,164,0,9,187,0,196,267,0,267,463
10/09/2019,RAL,CA,AWP,WE,Federal Contract Tower,0,3,31,0,34,0,3,137,0,140,0,6,168,0,174,302,0,302,476
10/10/2019,RAL,CA,AWP,WE,Federal Contract Tower,0,0,5,0,5,0,6,20,0,26,0,6,25,0,31,51,0,51,82
10/11/2019,RAL,CA,AWP,WE,Federal Contract Tower,0,0,16,0,16,0,1,70,0,71,0,1,86,0,87,32,0,32,119
10/12/2019,RAL,CA,AWP,WE,Federal Contract Tower,0,0,15,0,15,0,5,139,0,144,0,5,154,0,159,273,0,273,432
10/13/2019,RAL,CA,AWP,WE,Federal Contract Tower,0,0,19,0,19,0,3,63,0,66,0,3,82,0,85,175,0,175,260
10/14/2019,RAL,CA,AWP,WE,Federal Contract Tower,0,0,26,0,26,0,6,155,0,161,0,6,181,0,187,364,0,364,551
10/15/2019,RAL,CA,AWP,WE,Federal Contract Tower,0,0,22,0,22,0,8,130,0,138,0,8,152,0,160,359,0,359,519
10/16/2019,RAL,CA,AWP,WE,Federal Contract Tower,0,0,21,0,21,0,7,130,0,137,0,7,151,0,158,440,0,440,598
10/17/2019,RAL,CA,AWP,WE,Federal Contract Tower,0,0,28,0,28,0,18,136,0,154,0,18,164,0,182,247,0,247,429
10/18/2019,RAL,CA,AWP,WE,Federal Contract Tower,0,0,26,0,26,0,3,121,0,124,0,3,147,0,150,323,0,323,473
10/19/2019,RAL,CA,AWP,WE,Federal Contract Tower,0,0,20,0,20,0,4,95,0,99,0,4,115,0,119,294,0,294,413
10/20/2019,RAL,CA,AWP,WE,Federal Contract Tower,0,0,17,0,17,0,5,60,0,65,0,5,77,0,82,90,0,90,172
10/21/2019,RAL,CA,AWP,WE,Federal Contract Tower,0,0,24,0,24,0,14,116,0,130,0,14,140,0,154,390,0,390,544
10/22/2019,RAL,CA,AWP,WE,Federal Contract Tower,0,0,35,0,35,0,13,98,0,111,0,13,133,0,146,288,0,288,434
10/23/2019,RAL,CA,AWP,WE,Federal Contract Tower,0,0,30,0,30,0,2,105,2,109,0,2,135,2,139,332,0,332,471
10/24/2019,RAL,CA,AWP,WE,Federal Contract Tower,0,0,11,0,11,0,2,29,0,31,0,2,40,0,42,174,0,174,216
10/25/2019,RAL,CA,AWP,WE,Federal Contract Tower,0,0,19,0,19,0,10,113,0,123,0,10,132,0,142,331,0,331,473
10/26/2019,RAL,CA,AWP,WE,Federal Contract Tower,0,0,24,0,24,0,9,113,0,122,0,9,137,0,146,238,0,238,384
10/27/2019,RAL,CA,AWP,WE,Federal Contract Tower,0,0,12,0,12,0,4,91,0,95,0,4,103,0,107,241,0,241,348
10/28/2019,RAL,CA,AWP,WE,Federal Contract Tower,0,0,22,0,22,0,6,100,0,106,0,6,122,0,128,164,0,164,292
10/29/2019,RAL,CA,AWP,WE,Federal Contract Tower,0,2,50,0,52,0,5,139,2,146,0,7,189,2,198,287,0,287,485
10/30/2019,RAL,CA,AWP,WE,Federal Contract Tower,0,0,3,0,3,0,0,9,1,10,0,0,12,1,13,4,0,4,17
10/31/2019,RAL,CA,AWP,WE,Federal Contract Tower,0,0,9,0,9,0,2,54,6,62,0,2,63,6,71,108,0,108,179
11/01/2019,RAL,CA,AWP,WE,Federal Contract Tower,0,0,43,0,43,0,1,120,0,121,0,1,163,0,164,361,0,361,525
11/02/2019,RAL,CA,AWP,WE,Federal Contract Tower,0,0,18,0,18,0,5,124,0,129,0,5,142,0,147,297,0,297,444
11/03/2019,RAL,CA,AWP,WE,Federal Contract Tower,0,0,24,0,24,0,4,83,0,87,0,4,107,0,111,157,0,157,268
11/04/2019,RAL,CA,AWP,WE,Federal Contract Tower,0,0,35,0,35,0,9,210,1,220,0,9,245,1,255,412,0,412,667
11/05/2019,RAL,CA,AWP,WE,Federal Contract Tower,0,0,40,0,40,0,9,183,0,192,0,9,223,0,232,346,0,346,578
11/06/2019,RAL,CA,AWP,WE,Federal Contract Tower,0,0,49,0,49,0,5,182,1,188,0,5,231,1,237,356,0,356,593
11/07/2019,RAL,CA,AWP,WE,Federal Contract Tower,0,0,25,0,25,0,5,133,0,138,0,5,158,0,163,218,0,218,381
11/08/2019,RAL,CA,AWP,WE,Federal Contract Tower,0,0,26,0,26,0,4,131,0,135,0,4,157,0,161,331,0,331,492
11/09/2019,RAL,CA,AWP,WE,Federal Contract Tower,0,0,24,0,24,0,4,119,0,123,0,4,143,0,147,174,0,174,321
11/10/2019,RAL,CA,AWP,WE,Federal Contract Tower,0,0,32,0,32,0,4,126,1,131,0,4,158,1,163,211,0,211,374
11/11/2019,RAL,CA,AWP,WE,Federal Contract Tower,0,0,24,0,24,0,15,157,0,172,0,15,181,0,196,351,0,351,547
11/12/2019,RAL,CA,AWP,WE,Federal Contract Tower,0,0,28,0,28,0,10,146,0,156,0,10,174,0,184,273,0,273,457
11/13/2019,RAL,CA,AWP,WE,Federal Contract Tower,0,0,42,0,42,0,4,158,2,164,0,4,200,2,206,340,0,340,546
11/14/2019,RAL,CA,AWP,WE,Federal Contract Tower,0,0,29,2,31,0,5,83,0,88,0,5,112,2,119,122,0,122,241
11/15/2019,RAL,CA,AWP,WE,Federal Contract Tower,0,0,26,0,26,0,5,51,0,56,0,5,77,0,82,248,0,248,330
11/16/2019,RAL,CA,AWP,WE,Federal Contract Tower,0,0,11,0,11,0,3,84,2,89,0,3,95,2,100,93,0,93,193
11/17/2019,RAL,CA,AWP,WE,Federal Contract Tower,0,0,21,0,21,0,5,88,0,93,0,5,109,0,114,46,0,46,160
11/18/2019,RAL,CA,AWP,WE,Federal Contract Tower,0,0,28,0,28,0,14,165,2,181,0,14,193,2,209,354,0,354,563
11/19/2019,RAL,CA,AWP,WE,Federal Contract Tower,0,0,29,0,29,0,8,128,0,136,0,8,157,0,165,254,0,254,419
11/20/2019,RAL,CA,AWP,WE,Federal Contract Tower,0,0,5,0,5,0,10,13,0,23,0,10,18,0,28,53,0,53,81
11/22/2019,RAL,CA,AWP,WE,Federal Contract Tower,0,0,25,0,25,0,6,145,0,151,0,6,170,0,176,366,0,366,542
11/23/2019,RAL,CA,AWP,WE,Federal Contract Tower,0,0,14,0,14,0,3,107,0,110,0,3,121,0,124,115,0,115,239
11/24/2019,RAL,CA,AWP,WE,Federal Contract Tower,0,0,31,0,31,0,2,106,0,108,0,2,137,0,139,137,0,137,276
11/25/2019,RAL,CA,AWP,WE,Federal Contract Tower,0,0,28,0,28,0,8,131,1,140,0,8,159,1,168,385,0,385,553
11/26/2019,RAL,CA,AWP,WE,Federal Contract Tower,0,0,19,0,19,0,3,119,2,124,0,3,138,2,143,264,0,264,407
11/27/2019,RAL,CA,AWP,WE,Federal Contract Tower,0,0,5,0,5,0,3,14,0,17,0,3,19,0,22,18,0,18,40
11/28/2019,RAL,CA,AWP,WE,Federal Contract Tower,0,0,2,0,2,0,0,2,0,2,0,0,4,0,4,0,0,0,4
11/29/2019,RAL,CA,AWP,WE,Federal Contract Tower,0,0,13,0,13,0,4,41,0,45,0,4,54,0,58,147,0,147,205
11/30/2019,RAL,CA,AWP,WE,Federal Contract Tower,0,0,20,0,20,0,2,92,0,94,0,2,112,0,114,260,0,260,374
12/01/2019,RAL,CA,AWP,WE,Federal Contract Tower,0,0,35,0,35,0,8,121,0,129,0,8,156,0,164,211,0,211,375
12/02/2019,RAL,CA,AWP,WE,Federal Contract Tower,0,0,39,0,39,0,7,120,0,127,0,7,159,0,166,384,0,384,550
12/03/2019,RAL,CA,AWP,WE,Federal Contract Tower,0,0,36,0,36,0,6,162,3,171,0,6,198,3,207,236,0,236,443
12/04/2019,RAL,CA,AWP,WE,Federal Contract Tower,0,0,19,0,19,0,4,8,0,12,0,4,27,0,31,4,0,4,35
12/05/2019,RAL,CA,AWP,WE,Federal Contract Tower,0,0,36,0,36,0,7,101,0,108,0,7,137,0,144,372,0,372,516
12/06/2019,RAL,CA,AWP,WE,Federal Contract Tower,0,0,20,0,20,0,9,85,0,94,0,9,105,0,114,232,0,232,346
12/07/2019,RAL,CA,AWP,WE,Federal Contract Tower,0,0,25,0,25,0,2,45,0,47,0,2,70,0,72,168,0,168,240
12/08/2019,RAL,CA,AWP,WE,Federal Contract Tower,0,0,8,0,8,0,0,21,0,21,0,0,29,0,29,68,0,68,97
12/09/2019,RAL,CA,AWP,WE,Federal Contract Tower,0,0,40,0,40,0,8,126,2,136,0,8,166,2,176,231,0,231,407
12/10/2019,RAL,CA,AWP,WE,Federal Contract Tower,0,0,43,0,43,0,10,183,4,197,0,10,226,4,240,319,0,319,559
12/11/2019,RAL,CA,AWP,WE,Federal Contract Tower,0,0,35,0,35,0,4,136,0,140,0,4,171,0,175,162,0,162,337
12/12/2019,RAL,CA,AWP,WE,Federal Contract Tower,0,0,41,0,41,0,3,150,0,153,0,3,191,0,194,315,0,315,509
12/13/2019,RAL,CA,AWP,WE,Federal Contract Tower,0,0,30,0,30,0,5,135,0,140,0,5,165,0,170,256,0,256,426
12/14/2019,RAL,CA,AWP,WE,Federal Contract Tower,0,0,30,0,30,0,2,14,0,16,0,2,44,0,46,29,0,29,75
12/15/2019,RAL,CA,AWP,WE,Federal Contract Tower,0,0,19,0,19,0,9,94,0,103,0,9,113,0,122,226,0,226,348
12/16/2019,RAL,CA,AWP,WE,Federal Contract Tower,0,0,12,0,12,0,2,73,1,76,0,2,85,1,88,104,0,104,192
12/17/2019,RAL,CA,AWP,WE,Federal Contract Tower,0,0,20,0,20,0,3,59,0,62,0,3,79,0,82,100,0,100,182
12/19/2019,RAL,CA,AWP,WE,Federal Contract Tower,0,0,27,0,27,0,5,136,0,141,0,5,163,0,168,220,0,220,388
12/20/2019,RAL,CA,AWP,WE,Federal Contract Tower,0,0,35,0,35,0,13,144,0,157,0,13,179,0,192,256,0,256,448
12/21/2019,RAL,CA,AWP,WE,Federal Contract Tower,0,0,7,0,7,0,10,120,0,130,0,10,127,0,137,188,0,188,325
12/22/2019,RAL,CA,AWP,WE,Federal Contract Tower,0,0,15,0,15,0,9,87,0,96,0,9,102,0,111,190,0,190,301
12/23/2019,RAL,CA,AWP,WE,Federal Contract Tower,0,0,3,0,3,0,5,8,0,13,0,5,11,0,16,46,0,46,62
12/24/2019,RAL,CA,AWP,WE,Federal Contract Tower,0,0,9,0,9,0,2,33,0,35,0,2,42,0,44,30,0,30,74
12/25/2019,RAL,CA,AWP,WE,Federal Contract Tower,0,0,3,0,3,0,7,7,0,14,0,7,10,0,17,57,0,57,74
12/26/2019,RAL,CA,AWP,WE,Federal Contract Tower,0,0,2,0,2,0,5,15,0,20,0,5,17,0,22,46,0,46,68
12/27/2019,RAL,CA,AWP,WE,Federal Contract Tower,0,0,24,0,24,0,11,113,0,124,0,11,137,0,148,211,0,211,359
12/28/2019,RAL,CA,AWP,WE,Federal Contract Tower,0,0,28,0,28,0,8,132,0,140,0,8,160,0,168,178,0,178,346
12/29/2019,RAL,CA,AWP,WE,Federal Contract Tower,0,0,26,0,26,0,4,110,0,114,0,4,136,0,140,168,0,168,308
12/30/2019,RAL,CA,AWP,WE,Federal Contract Tower,0,0,5,0,5,0,8,52,2,62,0,8,57,2,67,76,0,76,143
12/31/2019,RAL,CA,AWP,WE,Federal Contract Tower,0,0,5,0,5,0,4,26,0,30,0,4,31,0,35,2,0,2,37
01/01/2020,RAL,CA,AWP,WE,Federal Contract Tower,0,0,9,0,9,0,7,106,0,113,0,7,115,0,122,161,0,161,283
01/02/2020,RAL,CA,AWP,WE,Federal Contract Tower,0,0,16,0,16,0,10,98,0,108,0,10,114,0,124,125,0,125,249
01/03/2020,RAL,CA,AWP,WE,Federal Contract Tower,0,0,28,0,28,0,8,135,2,145,0,8,163,2,173,0,211,211,384
01/04/2020,RAL,CA,AWP,WE,Federal Contract Tower,0,0,32,0,32,0,5,149,1,155,0,5,181,1,187,177,0,177,364
01/05/2020,RAL,CA,AWP,WE,Federal Contract Tower,0,0,14,0,14,0,7,92,0,99,0,7,106,0,113,114,0,114,227
01/06/2020,RAL,CA,AWP,WE,Federal Contract Tower,0,0,18,0,18,0,6,50,0,56,0,6,68,0,74,50,0,50,124
01/07/2020,RAL,CA,AWP,WE,Federal Contract Tower,0,0,20,0,20,0,9,100,0,109,0,9,120,0,129,281,0,281,410
01/08/2020,RAL,CA,AWP,WE,Federal Contract Tower,0,0,37,0,37,0,2,128,0,130,0,2,165,0,167,141,0,141,308
01/09/2020,RAL,CA,AWP,WE,Federal Contract Tower,0,0,29,0,29,0,6,69,5,80,0,6,98,5,109,265,0,265,374
01/10/2020,RAL,CA,AWP,WE,Federal Contract Tower,0,0,29,0,29,0,3,136,0,139,0,3,165,0,168,338,0,338,506
01/11/2020,RAL,CA,AWP,WE,Federal Contract Tower,0,0,29,1,30,0,7,136,0,143,0,7,165,1,173,229,0,229,402
01/12/2020,RAL,CA,AWP,WE,Federal Contract Tower,0,0,26,0,26,0,5,104,0,109,0,5,130,0,135,195,0,195,330
01/13/2020,RAL,CA,AWP,WE,Federal Contract Tower,0,0,36,0,36,0,7,125,0,132,0,7,161,0,168,276,0,276,444
01/14/2020,RAL,CA,AWP,WE,Federal Contract Tower,0,0,31,1,32,0,2,90,0,92,0,2,121,1,124,272,0,272,396
01/15/2020,RAL,CA,AWP,WE,Federal Contract Tower,0,0,38,0,38,0,7,67,0,74,0,7,105,0,112,262,0,262,374
01/16/2020,RAL,CA,AWP,WE,Federal Contract Tower,0,0,19,0,19,0,7,108,4,119,0,7,127,4,138,273,0,273,411
01/17/2020,RAL,CA,AWP,WE,Federal Contract Tower,0,0,31,0,31,0,8,151,0,159,0,8,182,0,190,266,0,266,456
01/18/2020,RAL,CA,AWP,WE,Federal Contract Tower,0,0,22,0,22,0,7,101,4,112,0,7,123,4,134,30,0,30,164
01/19/2020,RAL,CA,AWP,WE,Federal Contract Tower,0,0,24,0,24,0,0,74,0,74,0,0,98,0,98,88,0,88,186
01/20/2020,RAL,CA,AWP,WE,Federal Contract Tower,0,0,38,1,39,0,8,95,0,103,0,8,133,1,142,274,0,274,416
01/21/2020,RAL,CA,AWP,WE,Federal Contract Tower,0,0,21,0,21,0,3,92,0,95,0,3,113,0,116,240,0,240,356
01/22/2020,RAL,CA,AWP,WE,Federal Contract Tower,0,0,28,0,28,0,6,118,13,137,0,6,146,13,165,359,0,359,524
01/23/2020,RAL,CA,AWP,WE,Federal Contract Tower,0,0,24,0,24,0,20,167,2,189,0,20,191,2,213,231,0,231,444
01/24/2020,RAL,CA,AWP,WE,Federal Contract Tower,0,0,33,0,33,0,11,211,2,224,0,11,244,2,257,313,0,313,570
01/25/2020,RAL,CA,AWP,WE,Federal Contract Tower,0,0,31,0,31,0,12,165,0,177,0,12,196,0,208,173,0,173,381
01/26/2020,RAL,CA,AWP,WE,Federal Contract Tower,0,0,12,0,12,0,0,0,0,0,0,0,12,0,12,0,0,0,12
01/27/2020,RAL,CA,AWP,WE,Federal Contract Tower,0,0,42,0,42,0,11,125,0,136,0,11,167,0,178,271,0,271,449
01/28/2020,RAL,CA,AWP,WE,Federal Contract Tower,0,0,24,0,24,0,6,119,3,128,0,6,143,3,152,267,0,267,419
01/29/2020,RAL,CA,AWP,WE,Federal Contract Tower,0,0,1,0,1,0,1,12,0,13,0,1,13,0,14,25,0,25,39
01/30/2020,RAL,CA,AWP,WE,Federal Contract Tower,0,0,26,0,26,0,11,94,2,107,0,11,120,2,133,114,0,114,247
01/31/2020,RAL,CA,AWP,WE,Federal Contract Tower,0,0,34,0,34,0,8,157,5,170,0,8,191,5,204,166,0,166,370
02/01/2020,RAL,CA,AWP,WE,Federal Contract Tower,0,0,18,0,18,0,14,165,0,179,0,14,183,0,197,144,0,144,341
02/02/2020,RAL,CA,AWP,WE,Federal Contract Tower,0,0,25,0,25,0,8,48,0,56,0,8,73,0,81,55,0,55,136
02/03/2020,RAL,CA,AWP,WE,Federal Contract Tower,0,0,0,0,0,0,2,12,0,14,0,2,12,0,14,2,0,2,16
02/04/2020,RAL,CA,AWP,WE,Federal Contract Tower,0,0,12,0,12,0,1,14,0,15,0,1,26,0,27,0,0,0,27
02/05/2020,RAL,CA,AWP,WE,Federal Contract Tower,0,0,24,0,24,0,6,136,0,142,0,6,160,0,166,287,0,287,453
02/06/2020,RAL,CA,AWP,WE,Federal Contract Tower,0,0,29,0,29,0,10,152,0,162,0,10,181,0,191,350,0,350,541
02/07/2020,RAL,CA,AWP,WE,Federal Contract Tower,0,0,30,0,30,0,3,170,0,173,0,3,200,0,203,249,0,249,452
02/08/2020,RAL,CA,AWP,WE,Federal Contract Tower,0,0,40,0,40,0,3,129,0,132,0,3,169,0,172,264,0,264,436
02/09/2020,RAL,CA,AWP,WE,Federal Contract Tower,0,0,9,0,9,0,2,21,0,23,0,2,30,0,32,45,0,45,77
02/10/2020,RAL,CA,AWP,WE,Federal Contract Tower,0,0,2,0,2,0,0,10,0,10,0,0,12,0,12,0,0,0,12
02/11/2020,RAL,CA,AWP,WE,Federal Contract Tower,0,0,6,0,6,0,8,20,0,28,0,8,26,0,34,9,0,9,43
02/12/2020,RAL,CA,AWP,WE,Federal Contract Tower,0,0,42,0,42,0,10,169,1,180,0,10,211,1,222,417,0,417,639
02/13/2020,RAL,CA,AWP,WE,Federal Contract Tower,0,0,28,0,28,0,7,161,7,175,0,7,189,7,203,397,0,397,600
02/14/2020,RAL,CA,AWP,WE,Federal Contract Tower,0,0,39,0,39,0,19,201,3,223,0,19,240,3,262,336,0,336,598
02/15/2020,RAL,CA,AWP,WE,Federal Contract Tower,0,0,23,0,23,0,7,113,0,120,0,7,136,0,143,206,0,206,349
02/16/2020,RAL,CA,AWP,WE,Federal Contract Tower,0,0,16,0,16,0,0,102,0,102,0,0,118,0,118,194,0,194,312
02/17/2020,RAL,CA,AWP,WE,Federal Contract Tower,0,2,14,1,17,0,2,134,7,143,0,4,148,8,160,320,6,326,486
02/18/2020,RAL,CA,AWP,WE,Federal Contract Tower,0,0,22,0,22,0,13,131,2,146,0,13,153,2,168,252,0,252,420
02/19/2020,RAL,CA,AWP,WE,Federal Contract Tower,0,0,25,0,25,0,5,104,0,109,0,5,129,0,134,263,0,263,397
02/20/2020,RAL,CA,AWP,WE,Federal Contract Tower,0,0,31,2,33,0,18,165,7,190,0,18,196,9,223,329,0,329,552
02/21/2020,RAL,CA,AWP,WE,Federal Contract Tower,0,0,28,0,28,0,30,174,7,211,0,30,202,7,239,315,0,315,554
02/22/2020,RAL,CA,AWP,WE,Federal Contract Tower,0,0,8,0,8,0,7,29,1,37,0,7,37,1,45,134,0,134,179
02/23/2020,RAL,CA,AWP,WE,Federal Contract Tower,0,0,27,0,27,0,0,71,0,71,0,0,98,0,98,215,0,215,313
02/24/2020,RAL,CA,AWP,WE,Federal Contract Tower,0,0,20,0,20,0,2,119,0,121,0,2,139,0,141,316,0,316,457
02/25/2020,RAL,CA,AWP,WE,Federal Contract Tower,0,0,11,0,11,0,9,46,1,56,0,9,57,1,67,104,2,106,173
02/26/2020,RAL,CA,AWP,WE,Federal Contract Tower,0,0,27,0,27,0,4,141,0,145,0,4,168,0,172,321,0,321,493
02/27/2020,RAL,CA,AWP,WE,Federal Contract Tower,0,0,16,0,16,0,12,162,3,177,0,12,178,3,193,299,0,299,492
02/28/2020,RAL,CA,AWP,WE,Federal Contract Tower,0,0,21,0,21,0,19,163,0,182,0,19,184,0,203,332,0,332,535
02/29/2020,RAL,CA,AWP,WE,Federal Contract Tower,0,0,30,0,30,0,4,133,0,137,0,4,163,0,167,149,0,149,316
03/01/2020,RAL,CA,AWP,WE,Federal Contract Tower,0,0,10,0,10,0,2,18,0,20,0,2,28,0,30,11,0,11,41
03/02/2020,RAL,CA,AWP,WE,Federal Contract Tower,0,0,6,0,6,0,3,30,0,33,0,3,36,0,39,126,0,126,165
03/03/2020,RAL,CA,AWP,WE,Federal Contract Tower,0,0,6,0,6,0,5,68,2,75,0,5,74,2,81,150,0,150,231
03/04/2020,RAL,CA,AWP,WE,Federal Contract Tower,0,0,33,0,33,0,3,162,0,165,0,3,195,0,198,352,0,352,550
03/05/2020,RAL,CA,AWP,WE,Federal Contract Tower,0,0,32,0,32,0,12,199,0,211,0,12,231,0,243,323,0,323,566
03/06/2020,RAL,CA,AWP,WE,Federal Contract Tower,0,0,49,0,49,0,10,195,1,206,0,10,244,1,255,388,0,388,643
03/07/2020,RAL,CA,AWP,WE,Federal Contract Tower,0,0,18,0,18,0,7,69,0,76,0,7,87,0,94,305,0,305,399
03/08/2020,RAL,CA,AWP,WE,Federal Contract Tower,0,0,12,0,12,0,1,59,0,60,0,1,71,0,72,116,0,116,188
03/09/2020,RAL,CA,AWP,WE,Federal Contract Tower,0,0,34,0,34,0,10,139,0,149,0,10,173,0,183,348,0,348,531
03/10/2020,RAL,CA,AWP,WE,Federal Contract Tower,0,0,20,0,20,0,1,28,0,29,0,1,48,0,49,148,0,148,197
03/11/2020,RAL,CA,AWP,WE,Federal Contract Tower,0,0,28,0,28,0,15,96,0,111,0,15,124,0,139,412,0,412,551
03/12/2020,RAL,CA,AWP,WE,Federal Contract Tower,0,0,9,0,9,0,1,15,0,16,0,1,24,0,25,133,0,133,158
03/13/2020,RAL,CA,AWP,WE,Federal Contract Tower,0,0,13,0,13,0,0,15,0,15,0,0,28,0,28,93,0,93,121
03/14/2020,RAL,CA,AWP,WE,Federal Contract Tower,0,0,17,0,17,0,6,44,0,50,0,6,61,0,67,209,0,209,276
03/15/2020,RAL,CA,AWP,WE,Federal Contract Tower,0,0,9,0,9,0,4,33,0,37,0,4,42,0,46,96,0,96,142
03/16/2020,RAL,CA,AWP,WE,Federal Contract Tower,0,0,9,0,9,0,3,45,0,48,0,3,54,0,57,158,0,158,215
03/17/2020,RAL,CA,AWP,WE,Federal Contract Tower,0,0,11,0,11,0,11,100,0,111,0,11,111,0,122,215,0,215,337
03/18/2020,RAL,CA,AWP,WE,Federal Contract Tower,0,0,11,0,11,0,10,72,3,85,0,10,83,3,96,175,0,175,271
03/19/2020,RAL,CA,AWP,WE,Federal Contract Tower,0,0,12,0,12,0,0,39,3,42,0,0,51,3,54,154,0,154,208
03/20/2020,RAL,CA,AWP,WE,Federal Contract Tower,0,0,10,0,10,0,7,86,0,93,0,7,96,0,103,186,0,186,289
03/21/2020,RAL,CA,AWP,WE,Federal Contract Tower,0,0,18,0,18,0,4,88,0,92,0,4,106,0,110,218,0,218,328
03/22/2020,RAL,CA,AWP,WE,Federal Contract Tower,0,0,8,0,8,0,2,38,0,40,0,2,46,0,48,88,0,88,136
03/23/2020,RAL,CA,AWP,WE,Federal Contract Tower,0,0,7,0,7,0,6,45,0,51,0,6,52,0,58,178,0,178,236
03/24/2020,RAL,CA,AWP,WE,Federal Contract Tower,0,0,13,0,13,0,8,61,0,69,0,8,74,0,82,167,0,167,249
03/25/2020,RAL,CA,AWP,WE,Federal Contract Tower,0,0,12,0,12,0,9,51,0,60,0,9,63,0,72,207,0,207,279
03/26/2020,RAL,CA,AWP,WE,Federal Contract Tower,0,0,3,0,3,0,5,59,0,64,0,5,62,0,67,156,0,156,223
03/27/2020,RAL,CA,AWP,WE,Federal Contract Tower,0,0,19,1,20,0,21,79,6,106,0,21,98,7,126,234,0,234,360
03/28/2020,RAL,CA,AWP,WE,Federal Contract Tower,0,0,16,0,16,0,9,74,0,83,0,9,90,0,99,137,0,137,236
03/29/2020,RAL,CA,AWP,WE,Federal Contract Tower,0,0,6,0,6,0,5,46,0,51,0,5,52,0,57,126,0,126,183
03/30/2020,RAL,CA,AWP,WE,Federal Contract Tower,0,0,16,0,16,0,6,83,0,89,0,6,99,0,105,214,0,214,319
03/31/2020,RAL,CA,AWP,WE,Federal Contract Tower,0,0,11,0,11,0,3,75,0,78,0,3,86,0,89,196,0,196,285
04/01/2020,RAL,CA,AWP,WE,Federal Contract Tower,0,0,19,0,19,0,5,94,1,100,0,5,113,1,119,170,0,170,289
04/02/2020,RAL,CA,AWP,WE,Federal Contract Tower,0,0,16,0,16,0,11,88,1,100,0,11,104,1,116,174,0,174,290
04/03/2020,RAL,CA,AWP,WE,Federal Contract Tower,0,0,20,0,20,0,13,115,0,128,0,13,135,0,148,154,0,154,302
04/04/2020,RAL,CA,AWP,WE,Federal Contract Tower,0,0,21,0,21,0,3,80,0,83,0,3,101,0,104,144,0,144,248
04/05/2020,RAL,CA,AWP,WE,Federal Contract Tower,0,0,1,0,1,0,14,16,0,30,0,14,17,0,31,78,0,78,109
04/06/2020,RAL,CA,AWP,WE,Federal Contract Tower,0,0,2,0,2,0,0,0,0,0,0,0,2,0,2,0,0,0,2
04/07/2020,RAL,CA,AWP,WE,Federal Contract Tower,0,0,3,0,3,0,9,26,0,35,0,9,29,0,38,111,0,111,149
04/08/2020,RAL,CA,AWP,WE,Federal Contract Tower,0,0,5,0,5,0,4,40,0,44,0,4,45,0,49,106,0,106,155
04/09/2020,RAL,CA,AWP,WE,Federal Contract Tower,0,0,0,0,0,0,2,11,0,13,0,2,11,0,13,26,0,26,39
04/10/2020,RAL,CA,AWP,WE,Federal Contract Tower,0,0,5,0,5,0,10,29,0,39,0,10,34,0,44,79,0,79,123
04/11/2020,RAL,CA,AWP,WE,Federal Contract Tower,0,0,28,0,28,0,3,105,0,108,0,3,133,0,136,123,0,123,259
04/12/2020,RAL,CA,AWP,WE,Federal Contract Tower,0,0,7,0,7,0,7,8,0,15,0,7,15,0,22,7,0,7,29
04/13/2020,RAL,CA,AWP,WE,Federal Contract Tower,0,0,20,0,20,0,3,60,0,63,0,3,80,0,83,158,0,158,241
04/14/2020,RAL,CA,AWP,WE,Federal Contract Tower,0,0,4,0,4,0,8,61,1,70,0,8,65,1,74,70,0,70,144
04/15/2020,RAL,CA,AWP,WE,Federal Contract Tower,0,0,18,0,18,0,14,130,1,145,0,14,148,1,163,187,0,187,350
04/16/2020,RAL,CA,AWP,WE,Federal Contract Tower,0,0,12,0,12,0,13,111,0,124,0,13,123,0,136,182,0,182,318
04/17/2020,RAL,CA,AWP,WE,Federal Contract Tower,0,0,30,0,30,0,31,91,2,124,0,31,121,2,154,146,0,146,300
04/18/2020,RAL,CA,AWP,WE,Federal Contract Tower,0,0,15,0,15,0,0,44,0,44,0,0,59,0,59,141,0,141,200
04/19/2020,RAL,CA,AWP,WE,Federal Contract Tower,0,0,10,0,10,0,2,47,1,50,0,2,57,1,60,58,0,58,118
04/20/2020,RAL,CA,AWP,WE,Federal Contract Tower,0,0,15,0,15,0,15,63,4,82,0,15,78,4,97,108,0,108,205
04/21/2020,RAL,CA,AWP,WE,Federal Contract Tower,0,0,16,0,16,0,11,109,0,120,0,11,125,0,136,94,0,94,230
04/22/2020,RAL,CA,AWP,WE,Federal Contract Tower,0,0,19,0,19,0,6,132,1,139,0,6,151,1,158,128,0,128,286
04/23/2020,RAL,CA,AWP,WE,Federal Contract Tower,0,0,17,0,17,0,5,98,0,103,0,5,115,0,120,96,0,96,216
04/24/2020,RAL,CA,AWP,WE,Federal Contract Tower,0,0,10,0,10,0,4,79,0,83,0,4,89,0,93,107,0,107,200
04/25/2020,RAL,CA,AWP,WE,Federal Contract Tower,0,0,8,0,8,0,3,98,0,101,0,3,106,0,109,110,0,110,219
04/26/2020,RAL,CA,AWP,WE,Federal Contract Tower,0,0,7,0,7,0,4,78,0,82,0,4,85,0,89,24,0,24,113
04/27/2020,RAL,CA,AWP,WE,Federal Contract Tower,0,0,15,0,15,0,12,91,2,105,0,12,106,2,120,84,0,84,204
04/28/2020,RAL,CA,AWP,WE,Federal Contract Tower,0,0,19,0,19,0,10,108,0,118,0,10,127,0,137,151,0,151,288
04/29/2020,RAL,CA,AWP,WE,Federal Contract Tower,0,0,15,2,17,0,18,98,0,116,0,18,113,2,133,170,0,170,303
04/30/2020,RAL,CA,AWP,WE,Federal Contract Tower,0,0,13,0,13,0,9,93,0,102,0,9,106,0,115,147,0,147,262
05/01/2020,RAL,CA,AWP,WE,Federal Contract Tower,0,0,24,0,24,0,5,83,0,88,0,5,107,0,112,96,0,96,208
05/04/2020,RAL,CA,AWP,WE,Federal Contract Tower,0,0,22,0,22,0,1,67,0,68,0,1,89,0,90,110,0,110,200
05/05/2020,RAL,CA,AWP,WE,Federal Contract Tower,0,0,25,0,25,0,6,76,0,82,0,6,101,0,107,110,0,110,217
05/06/2020,RAL,CA,AWP,WE,Federal Contract Tower,0,1,17,1,19,0,8,76,0,84,0,9,93,1,103,159,2,161,264
05/07/2020,RAL,CA,AWP,WE,Federal Contract Tower,0,2,15,0,17,0,11,106,2,119,0,13,121,2,136,138,0,138,274
05/08/2020,RAL,CA,AWP,WE,Federal Contract Tower,0,0,27,0,27,0,7,91,0,98,0,7,118,0,125,89,0,89,214
05/09/2020,RAL,CA,AWP,WE,Federal Contract Tower,0,0,7,0,7,0,5,88,0,93,0,5,95,0,100,156,0,156,256
05/10/2020,RAL,CA,AWP,WE,Federal Contract Tower,0,0,4,0,4,0,1,48,0,49,0,1,52,0,53,39,0,39,92
05/11/2020,RAL,CA,AWP,WE,Federal Contract Tower,0,2,15,0,17,0,4,75,2,81,0,6,90,2,98,138,0,138,236
05/12/2020,RAL,CA,AWP,WE,Federal Contract Tower,0,0,30,0,30,0,7,70,3,80,0,7,100,3,110,150,0,150,260
05/13/2020,RAL,CA,AWP,WE,Federal Contract Tower,0,0,11,0,11,0,9,121,2,132,0,9,132,2,143,207,0,207,350
05/14/2020,RAL,CA,AWP,WE,Federal Contract Tower,0,0,15,0,15,0,7,158,0,165,0,7,173,0,180,240,0,240,420
05/15/2020,RAL,CA,AWP,WE,Federal Contract Tower,0,0,16,0,16,0,2,118,0,120,0,2,134,0,136,197,0,197,333
05/16/2020,RAL,CA,AWP,WE,Federal Contract Tower,0,0,7,0,7,0,4,109,2,115,0,4,116,2,122,210,0,210,332
05/17/2020,RAL,CA,AWP,WE,Federal Contract Tower,0,0,8,0,8,0,3,75,0,78,0,3,83,0,86,84,0,84,170
05/18/2020,RAL,CA,AWP,WE,Federal Contract Tower,0,0,17,0,17,0,2,30,0,32,0,2,47,0,49,204,0,204,253
05/19/2020,RAL,CA,AWP,WE,Federal Contract Tower,0,0,13,0,13,0,12,98,2,112,0,12,111,2,125,176,0,176,301
05/20/2020,RAL,CA,AWP,WE,Federal Contract Tower,0,0,17,0,17,0,13,138,2,153,0,13,155,2,170,139,6,145,315
05/21/2020,RAL,CA,AWP,WE,Federal Contract Tower,0,0,19,0,19,0,3,82,0,85,0,3,101,0,104,227,0,227,331
05/22/2020,RAL,CA,AWP,WE,Federal Contract Tower,0,0,23,0,23,0,4,110,0,114,0,4,133,0,137,158,0,158,295
05/23/2020,RAL,CA,AWP,WE,Federal Contract Tower,0,0,7,0,7,0,2,87,0,89,0,2,94,0,96,188,0,188,284
05/24/2020,RAL,CA,AWP,WE,Federal Contract Tower,0,0,3,0,3,0,1,58,0,59,0,1,61,0,62,122,0,122,184
05/25/2020,RAL,CA,AWP,WE,Federal Contract Tower,0,0,16,0,16,0,4,85,0,89,0,4,101,0,105,192,0,192,297
05/26/2020,RAL,CA,AWP,WE,Federal Contract Tower,0,0,8,0,8,0,6,103,1,110,0,6,111,1,118,233,0,233,351
05/27/2020,RAL,CA,AWP,WE,Federal Contract Tower,0,0,20,0,20,0,10,109,1,120,0,10,129,1,140,218,0,218,358
05/28/2020,RAL,CA,AWP,WE,Federal Contract Tower,0,0,18,0,18,0,11,125,6,142,0,11,143,6,160,222,0,222,382
05/29/2020,RAL,CA,AWP,WE,Federal Contract Tower,0,0,20,0,20,0,13,73,0,86,0,13,93,0,106,187,0,187,293
05/30/2020,RAL,CA,AWP,WE,Federal Contract Tower,0,0,12,0,12,0,7,76,0,83,0,7,88,0,95,150,0,150,245
05/31/2020,RAL,CA,AWP,WE,Federal Contract Tower,0,0,12,0,12,0,3,95,0,98,0,3,107,0,110,148,0,148,258
06/01/2020,RAL,CA,AWP,WE,Federal Contract Tower,0,1,20,0,21,0,16,100,0,116,0,17,120,0,137,288,0,288,425
06/02/2020,RAL,CA,AWP,WE,Federal Contract Tower,0,1,31,0,32,0,18,91,0,109,0,19,122,0,141,283,0,283,424
06/03/2020,RAL,CA,AWP,WE,Federal Contract Tower,0,0,15,0,15,0,7,85,0,92,0,7,100,0,107,226,0,226,333
06/04/2020,RAL,CA,AWP,WE,Federal Contract Tower,0,0,24,0,24,0,7,103,0,110,0,7,127,0,134,276,0,276,410
06/05/2020,RAL,CA,AWP,WE,Federal Contract Tower,0,0,32,0,32,0,6,22,0,28,0,6,54,0,60,130,0,130,190
06/06/2020,RAL,CA,AWP,WE,Federal Contract Tower,0,0,20,0,20,0,11,76,0,87,0,11,96,0,107,212,0,212,319
06/07/2020,RAL,CA,AWP,WE,Federal Contract Tower,0,0,15,0,15,0,7,79,0,86,0,7,94,0,101,192,0,192,293
06/08/2020,RAL,CA,AWP,WE,Federal Contract Tower,0,0,12,0,12,0,4,41,0,45,0,4,53,0,57,101,0,101,158
06/09/2020,RAL,CA,AWP,WE,Federal Contract Tower,0,0,31,0,31,0,8,150,1,159,0,8,181,1,190,219,0,219,409
06/10/2020,RAL,CA,AWP,WE,Federal Contract Tower,0,0,23,0,23,0,9,133,1,143,0,9,156,1,166,317,0,317,483
06/11/2020,RAL,CA,AWP,WE,Federal Contract Tower,0,0,22,0,22,0,1,103,0,104,0,1,125,0,126,228,0,228,354
06/12/2020,RAL,CA,AWP,WE,Federal Contract Tower,0,0,29,0,29,0,4,122,0,126,0,4,151,0,155,267,0,267,422
06/13/2020,RAL,CA,AWP,WE,Federal Contract Tower,0,0,23,0,23,0,3,110,0,113,0,3,133,0,136,154,0,154,290
06/14/2020,RAL,CA,AWP,WE,Federal Contract Tower,0,0,11,0,11,0,9,72,0,81,0,9,83,0,92,134,0,134,226
06/15/2020,RAL,CA,AWP,WE,Federal Contract Tower,0,0,11,0,11,0,8,162,2,172,0,8,173,2,183,374,0,374,557
06/16/2020,RAL,CA,AWP,WE,Federal Contract Tower,0,2,33,0,35,0,4,105,1,110,0,6,138,1,145,262,0,262,407
06/17/2020,RAL,CA,AWP,WE,Federal Contract Tower,0,0,32,0,32,0,7,86,0,93,0,7,118,0,125,415,0,415,540
06/18/2020,RAL,CA,AWP,WE,Federal Contract Tower,0,4,27,0,31,0,6,57,2,65,0,10,84,2,96,174,0,174,270
06/19/2020,RAL,CA,AWP,WE,Federal Contract Tower,0,0,29,0,29,0,3,82,0,85,0,3,111,0,114,261,0,261,375
06/20/2020,RAL,CA,AWP,WE,Federal Contract Tower,0,0,10,0,10,0,4,52,0,56,0,4,62,0,66,195,0,195,261
06/21/2020,RAL,CA,AWP,WE,Federal Contract Tower,0,0,15,0,15,0,4,48,0,52,0,4,63,0,67,121,0,121,188
06/22/2020,RAL,CA,AWP,WE,Federal Contract Tower,0,0,31,0,31,0,8,117,0,125,0,8,148,0,156,274,0,274,430
06/23/2020,RAL,CA,AWP,WE,Federal Contract Tower,0,0,39,0,39,0,9,119,0,128,0,9,158,0,167,207,0,207,374
06/24/2020,RAL,CA,AWP,WE,Federal Contract Tower,0,0,25,0,25,0,16,100,1,117,0,16,125,1,142,247,4,251,393
06/25/2020,RAL,CA,AWP,WE,Federal Contract Tower,0,2,21,0,23,0,6,59,0,65,0,8,80,0,88,200,0,200,288
06/26/2020,RAL,CA,AWP,WE,Federal Contract Tower,0,0,22,0,22,0,5,116,0,121,0,5,138,0,143,279,0,279,422
06/27/2020,RAL,CA,AWP,WE,Federal Contract Tower,0,0,15,0,15,0,6,98,0,104,0,6,113,0,119,200,0,200,319
06/28/2020,RAL,CA,AWP,WE,Federal Contract Tower,0,0,21,0,21,0,4,95,0,99,0,4,116,0,120,152,0,152,272
06/29/2020,RAL,CA,AWP,WE,Federal Contract Tower,0,0,15,0,15,0,4,100,1,105,0,4,115,1,120,354,0,354,474
06/30/2020,RAL,CA,AWP,WE,Federal Contract Tower,0,0,32,0,32,0,6,124,1,131,0,6,156,1,163,231,0,231,394
07/01/2020,RAL,CA,AWP,WE,Federal Contract Tower,0,0,33,0,33,0,6,89,0,95,0,6,122,0,128,268,0,268,396
07/02/2020,RAL,CA,AWP,WE,Federal Contract Tower,0,0,24,0,24,0,5,91,0,96,0,5,115,0,120,231,0,231,351
07/03/2020,RAL,CA,AWP,WE,Federal Contract Tower,0,0,28,0,28,0,10,78,0,88,0,10,106,0,116,126,0,126,242
07/04/2020,RAL,CA,AWP,WE,Federal Contract Tower,0,0,8,0,8,0,2,66,0,68,0,2,74,0,76,120,0,120,196
07/05/2020,RAL,CA,AWP,WE,Federal Contract Tower,0,0,13,0,13,0,0,81,2,83,0,0,94,2,96,112,0,112,208
07/06/2020,RAL,CA,AWP,WE,Federal Contract Tower,0,0,17,0,17,0,8,114,1,123,0,8,131,1,140,148,0,148,288
07/07/2020,RAL,CA,AWP,WE,Federal Contract Tower,0,0,14,1,15,0,5,115,1,121,0,5,129,2,136,251,0,251,387
07/08/2020,RAL,CA,AWP,WE,Federal Contract Tower,0,0,13,0,13,0,7,103,0,110,0,7,116,0,123,207,0,207,330
07/09/2020,RAL,CA,AWP,WE,Federal Contract Tower,0,0,18,0,18,0,12,105,0,117,0,12,123,0,135,163,0,163,298
07/10/2020,RAL,CA,AWP,WE,Federal Contract Tower,0,0,8,0,8,0,6,108,0,114,0,6,116,0,122,261,0,261,383
07/11/2020,RAL,CA,AWP,WE,Federal Contract Tower,0,0,6,0,6,0,4,80,0,84,0,4,86,0,90,154,0,154,244
07/12/2020,RAL,CA,AWP,WE,Federal Contract Tower,0,0,8,0,8,0,6,56,0,62,0,6,64,0,70,82,0,82,152
07/13/2020,RAL,CA,AWP,WE,Federal Contract Tower,0,0,26,0,26,0,5,131,2,138,0,5,157,2,164,345,0,345,509
07/14/2020,RAL,CA,AWP,WE,Federal Contract Tower,0,0,37,2,39,0,9,143,1,153,0,9,180,3,192,252,0,252,444
07/15/2020,RAL,CA,AWP,WE,Federal Contract Tower,0,0,24,0,24,0,2,118,0,120,0,2,142,0,144,328,0,328,472
07/16/2020,RAL,CA,AWP,WE,Federal Contract Tower,0,0,37,0,37,0,6,125,0,131,0,6,162,0,168,305,0,305,473
07/17/2020,RAL,CA,AWP,WE,Federal Contract Tower,0,0,29,0,29,0,3,103,0,106,0,3,132,0,135,325,0,325,460
07/18/2020,RAL,CA,AWP,WE,Federal Contract Tower,0,0,16,0,16,0,2,108,0,110,0,2,124,0,126,248,0,248,374
07/19/2020,RAL,CA,AWP,WE,Federal Contract Tower,0,0,15,0,15,0,9,119,0,128,0,9,134,0,143,76,0,76,219
07/20/2020,RAL,CA,AWP,WE,Federal Contract Tower,0,1,20,0,21,0,9,145,2,156,0,10,165,2,177,238,0,238,415
07/21/2020,RAL,CA,AWP,WE,Federal Contract Tower,0,0,27,0,27,0,9,123,1,133,0,9,150,1,160,390,0,390,550
07/22/2020,RAL,CA,AWP,WE,Federal Contract Tower,0,0,39,0,39,0,7,97,0,104,0,7,136,0,143,204,0,204,347
07/23/2020,RAL,CA,AWP,WE,Federal Contract Tower,0,1,29,0,30,0,3,87,0,90,0,4,116,0,120,185,0,185,305
07/24/2020,RAL,CA,AWP,WE,Federal Contract Tower,0,0,27,0,27,0,7,109,0,116,0,7,136,0,143,189,0,189,332
07/25/2020,RAL,CA,AWP,WE,Federal Contract Tower,0,0,21,0,21,0,6,100,0,106,0,6,121,0,127,99,0,99,226
07/26/2020,RAL,CA,AWP,WE,Federal Contract Tower,0,0,23,0,23,0,4,81,0,85,0,4,104,0,108,128,0,128,236
07/27/2020,RAL,CA,AWP,WE,Federal Contract Tower,0,0,36,0,36,0,6,124,0,130,0,6,160,0,166,226,0,226,392
07/28/2020,RAL,CA,AWP,WE,Federal Contract Tower,0,0,30,0,30,0,2,133,0,135,0,2,163,0,165,313,0,313,478
07/29/2020,RAL,CA,AWP,WE,Federal Contract Tower,0,0,27,0,27,0,6,133,0,139,0,6,160,0,166,217,0,217,383
07/30/2020,RAL,CA,AWP,WE,Federal Contract Tower,0,0,23,0,23,0,5,99,0,104,0,5,122,0,127,295,0,295,422
07/31/2020,RAL,CA,AWP,WE,Federal Contract Tower,0,0,25,0,25,0,5,111,0,116,0,5,136,0,141,200,0,200,341
08/01/2020,RAL,CA,AWP,WE,Federal Contract Tower,0,0,8,0,8,0,8,68,0,76,0,8,76,0,84,124,0,124,208
08/02/2020,RAL,CA,AWP,WE,Federal Contract Tower,0,0,15,0,15,0,8,102,0,110,0,8,117,0,125,142,0,142,267
08/03/2020,RAL,CA,AWP,WE,Federal Contract Tower,0,0,26,0,26,0,8,113,0,121,0,8,139,0,147,273,0,273,420
08/04/2020,RAL,CA,AWP,WE,Federal Contract Tower,0,0,37,0,37,0,2,86,0,88,0,2,123,0,125,222,0,222,347
08/05/2020,RAL,CA,AWP,WE,Federal Contract Tower,0,0,36,0,36,0,4,74,0,78,0,4,110,0,114,317,0,317,431
08/06/2020,RAL,CA,AWP,WE,Federal Contract Tower,0,0,23,0,23,0,7,88,0,95,0,7,111,0,118,306,0,306,424
08/07/2020,RAL,CA,AWP,WE,Federal Contract Tower,0,0,23,0,23,0,5,128,0,133,0,5,151,0,156,347,0,347,503
08/08/2020,RAL,CA,AWP,WE,Federal Contract Tower,0,0,32,0,32,0,5,110,0,115,0,5,142,0,147,195,0,195,342
08/09/2020,RAL,CA,AWP,WE,Federal Contract Tower,0,0,26,0,26,0,8,101,0,109,0,8,127,0,135,81,0,81,216
08/10/2020,RAL,CA,AWP,WE,Federal Contract Tower,0,0,40,0,40,0,5,121,1,127,0,5,161,1,167,257,0,257,424
08/11/2020,RAL,CA,AWP,WE,Federal Contract Tower,0,0,29,0,29,0,6,77,0,83,0,6,106,0,112,285,0,285,397
08/12/2020,RAL,CA,AWP,WE,Federal Contract Tower,0,0,39,0,39,0,7,68,2,77,0,7,107,2,116,233,0,233,349
08/13/2020,RAL,CA,AWP,WE,Federal Contract Tower,0,1,30,0,31,0,2,80,0,82,0,3,110,0,113,199,0,199,312
08/14/2020,RAL,CA,AWP,WE,Federal Contract Tower,0,0,30,0,30,0,6,73,0,79,0,6,103,0,109,157,0,157,266
08/15/2020,RAL,CA,AWP,WE,Federal Contract Tower,0,0,16,0,16,0,11,61,0,72,0,11,77,0,88,74,0,74,162
08/16/2020,RAL,CA,AWP,WE,Federal Contract Tower,0,0,25,0,25,0,8,77,2,87,0,8,102,2,112,155,0,155,267
08/17/2020,RAL,CA,AWP,WE,Federal Contract Tower,0,0,42,0,42,0,6,85,0,91,0,6,127,0,133,297,0,297,430
08/18/2020,RAL,CA,AWP,WE,Federal Contract Tower,0,1,33,0,34,0,10,74,0,84,0,11,107,0,118,220,0,220,338
08/19/2020,RAL,CA,AWP,WE,Federal Contract Tower,0,0,27,0,27,0,11,86,0,97,0,11,113,0,124,104,0,104,228
08/20/2020,RAL,CA,AWP,WE,Federal Contract Tower,0,0,23,0,23,0,7,63,0,70,0,7,86,0,93,185,0,185,278
08/21/2020,RAL,CA,AWP,WE,Federal Contract Tower,0,0,31,0,31,0,7,95,0,102,0,7,126,0,133,246,0,246,379
08/22/2020,RAL,CA,AWP,WE,Federal Contract Tower,0,0,20,0,20,0,4,125,0,129,0,4,145,0,149,181,0,181,330
08/23/2020,RAL,CA,AWP,WE,Federal Contract Tower,0,0,18,0,18,0,0,77,0,77,0,0,95,0,95,89,0,89,184
08/24/2020,RAL,CA,AWP,WE,Federal Contract Tower,0,0,31,0,31,0,10,119,0,129,0,10,150,0,160,252,0,252,412
08/25/2020,RAL,CA,AWP,WE,Federal Contract Tower,0,0,33,0,33,0,2,119,0,121,0,2,152,0,154,225,0,225,379
08/26/2020,RAL,CA,AWP,WE,Federal Contract Tower,0,0,13,0,13,0,1,115,0,116,0,1,128,0,129,190,0,190,319
08/27/2020,RAL,CA,AWP,WE,Federal Contract Tower,0,0,21,0,21,0,5,108,0,113,0,5,129,0,134,228,0,228,362
08/28/2020,RAL,CA,AWP,WE,Federal Contract Tower,0,0,34,0,34,0,7,149,0,156,0,7,183,0,190,285,0,285,475
08/29/2020,RAL,CA,AWP,WE,Federal Contract Tower,0,0,15,0,15,0,9,104,0,113,0,9,119,0,128,192,0,192,320
08/30/2020,RAL,CA,AWP,WE,Federal Contract Tower,0,0,25,0,25,0,4,110,0,114,0,4,135,0,139,115,0,115,254
08/31/2020,RAL,CA,AWP,WE,Federal Contract Tower,0,0,22,0,22,0,4,118,2,124,0,4,140,2,146,190,0,190,336
09/01/2020,RAL,CA,AWP,WE,Federal Contract Tower,0,0,34,0,34,0,2,100,0,102,0,2,134,0,136,208,0,208,344
09/02/2020,RAL,CA,AWP,WE,Federal Contract Tower,0,0,27,0,27,0,6,120,6,132,0,6,147,6,159,304,0,304,463
09/03/2020,RAL,CA,AWP,WE,Federal Contract Tower,0,0,28,0,28,0,4,108,0,112,0,4,136,0,140,192,0,192,332
09/04/2020,RAL,CA,AWP,WE,Federal Contract Tower,0,0,29,0,29,0,7,158,6,171,0,7,187,6,200,192,0,192,392
09/05/2020,RAL,CA,AWP,WE,Federal Contract Tower,0,0,10,0,10,0,4,64,0,68,0,4,74,0,78,49,0,49,127
09/06/2020,RAL,CA,AWP,WE,Federal Contract Tower,0,0,4,0,4,0,1,28,0,29,0,1,32,0,33,10,0,10,43
09/07/2020,RAL,CA,AWP,WE,Federal Contract Tower,0,0,11,0,11,0,8,91,0,99,0,8,102,0,110,295,0,295,405
09/08/2020,RAL,CA,AWP,WE,Federal Contract Tower,0,0,30,0,30,0,5,37,0,42,0,5,67,0,72,255,0,255,327
09/09/2020,RAL,CA,AWP,WE,Federal Contract Tower,0,0,10,0,10,0,7,42,0,49,0,7,52,0,59,43,0,43,102
09/10/2020,RAL,CA,AWP,WE,Federal Contract Tower,0,0,34,0,34,0,6,102,0,108,0,6,136,0,142,285,0,285,427
09/11/2020,RAL,CA,AWP,WE,Federal Contract Tower,0,0,47,0,47,0,5,100,0,105,0,5,147,0,152,318,0,318,470
09/12/2020,RAL,CA,AWP,WE,Federal Contract Tower,0,0,22,0,22,0,4,94,0,98,0,4,116,0,120,220,0,220,340
09/13/2020,RAL,CA,AWP,WE,Federal Contract Tower,0,0,17,0,17,0,3,40,0,43,0,3,57,0,60,188,0,188,248
09/14/2020,RAL,CA,AWP,WE,Federal Contract Tower,0,0,36,0,36,0,10,144,0,154,0,10,180,0,190,353,0,353,543
09/15/2020,RAL,CA,AWP,WE,Federal Contract Tower,0,0,40,0,40,0,3,122,0,125,0,3,162,0,165,355,0,355,520
09/16/2020,RAL,CA,AWP,WE,Federal Contract Tower,0,0,17,0,17,0,2,87,0,89,0,2,104,0,106,295,0,295,401
09/17/2020,RAL,CA,AWP,WE,Federal Contract Tower,0,0,37,1,38,0,5,121,2,128,0,5,158,3,166,314,0,314,480
09/18/2020,RAL,CA,AWP,WE,Federal Contract Tower,0,0,38,0,38,0,3,138,4,145,0,3,176,4,183,246,0,246,429
09/19/2020,RAL,CA,AWP,WE,Federal Contract Tower,0,0,17,0,17,0,7,138,8,153,0,7,155,8,170,249,0,249,419
09/20/2020,RAL,CA,AWP,WE,Federal Contract Tower,0,1,24,0,25,0,4,105,0,109,0,5,129,0,134,112,0,112,246
09/21/2020,RAL,CA,AWP,WE,Federal Contract Tower,0,0,43,0,43,0,5,132,0,137,0,5,175,0,180,274,0,274,454
09/22/2020,RAL,CA,AWP,WE,Federal Contract Tower,0,0,48,0,48,0,7,128,0,135,0,7,176,0,183,256,0,256,439
09/23/2020,RAL,CA,AWP,WE,Federal Contract Tower,0,1,35,0,36,0,9,165,0,174,0,10,200,0,210,275,0,275,485
09/24/2020,RAL,CA,AWP,WE,Federal Contract Tower,0,0,50,0,50,0,12,131,1,144,0,12,181,1,194,348,0,348,542
09/25/2020,RAL,CA,AWP,WE,Federal Contract Tower,0,0,53,0,53,0,6,145,0,151,0,6,198,0,204,307,0,307,511
09/26/2020,RAL,CA,AWP,WE,Federal Contract Tower,0,0,26,0,26,0,2,81,0,83,0,2,107,0,109,185,0,185,294
09/27/2020,RAL,CA,AWP,WE,Federal Contract Tower,0,0,9,0,9,0,3,53,0,56,0,3,62,0,65,88,0,88,153
09/28/2020,RAL,CA,AWP,WE,Federal Contract Tower,0,0,52,0,52,0,6,108,0,114,0,6,160,0,166,184,0,184,350
09/29/2020,RAL,CA,AWP,WE,Federal Contract Tower,0,0,20,0,20,0,8,97,0,105,0,8,117,0,125,226,0,226,351
09/30/2020,RAL,CA,AWP,WE,Federal Contract Tower,0,0,33,0,33,0,4,118,2,124,0,4,151,2,157,149,0,149,306
10/01/2020,RAL,CA,AWP,WE,Federal Contract Tower,0,0,28,0,28,0,13,113,0,126,0,13,141,0,154,194,0,194,348
10/02/2020,RAL,CA,AWP,WE,Federal Contract Tower,0,0,36,0,36,0,9,121,0,130,0,9,157,0,166,164,0,164,330
10/03/2020,RAL,CA,AWP,WE,Federal Contract Tower,0,0,16,0,16,0,3,108,0,111,0,3,124,0,127,123,0,123,250
10/04/2020,RAL,CA,AWP,WE,Federal Contract Tower,0,0,21,0,21,0,0,83,0,83,0,0,104,0,104,154,0,154,258
10/05/2020,RAL,CA,AWP,WE,Federal Contract Tower,0,0,39,0,39,0,4,111,0,115,0,4,150,0,154,236,0,236,390
10/06/2020,RAL,CA,AWP,WE,Federal Contract Tower,0,0,27,0,27,0,2,99,0,101,0,2,126,0,128,225,0,225,353
10/07/2020,RAL,CA,AWP,WE,Federal Contract Tower,0,0,36,0,36,0,11,114,1,126,0,11,150,1,162,351,0,351,513
10/08/2020,RAL,CA,AWP,WE,Federal Contract Tower,0,0,29,0,29,0,4,80,0,84,0,4,109,0,113,149,0,149,262
10/09/2020,RAL,CA,AWP,WE,Federal Contract Tower,0,0,31,0,31,0,5,87,1,93,0,5,118,1,124,316,0,316,440
10/10/2020,RAL,CA,AWP,WE,Federal Contract Tower,0,0,23,0,23,0,9,81,0,90,0,9,104,0,113,152,0,152,265
10/11/2020,RAL,CA,AWP,WE,Federal Contract Tower,0,0,18,0,18,0,1,72,0,73,0,1,90,0,91,98,0,98,189
10/12/2020,RAL,CA,AWP,WE,Federal Contract Tower,0,0,22,0,22,0,4,105,0,109,0,4,127,0,131,234,0,234,365
10/13/2020,RAL,CA,AWP,WE,Federal Contract Tower,0,0,28,0,28,0,2,104,0,106,0,2,132,0,134,254,0,254,388
10/14/2020,RAL,CA,AWP,WE,Federal Contract Tower,0,0,20,0,20,0,0,125,1,126,0,0,145,1,146,244,0,244,390
10/15/2020,RAL,CA,AWP,WE,Federal Contract Tower,0,0,34,0,34,0,4,117,0,121,0,4,151,0,155,269,0,269,424
10/16/2020,RAL,CA,AWP,WE,Federal Contract Tower,0,0,17,0,17,0,5,102,0,107,0,5,119,0,124,120,0,120,244
10/17/2020,RAL,CA,AWP,WE,Federal Contract Tower,0,0,31,0,31,0,4,101,0,105,0,4,132,0,136,125,0,125,261
10/18/2020,RAL,CA,AWP,WE,Federal Contract Tower,0,0,16,0,16,0,3,54,1,58,0,3,70,1,74,63,0,63,137
10/19/2020,RAL,CA,AWP,WE,Federal Contract Tower,0,0,35,0,35,0,8,105,0,113,0,8,140,0,148,256,0,256,404
10/20/2020,RAL,CA,AWP,WE,Federal Contract Tower,0,0,22,0,22,0,2,74,0,76,0,2,96,0,98,194,7,201,299
10/21/2020,RAL,CA,AWP,WE,Federal Contract Tower,0,0,19,0,19,0,5,39,0,44,0,5,58,0,63,154,0,154,217
10/22/2020,RAL,CA,AWP,WE,Federal Contract Tower,0,2,30,0,32,0,7,94,3,104,0,9,124,3,136,220,0,220,356
10/23/2020,RAL,CA,AWP,WE,Federal Contract Tower,0,0,32,0,32,0,2,114,0,116,0,2,146,0,148,415,0,415,563
10/24/2020,RAL,CA,AWP,WE,Federal Contract Tower,0,0,34,0,34,0,6,58,0,64,0,6,92,0,98,192,0,192,290
10/25/2020,RAL,CA,AWP,WE,Federal Contract Tower,0,0,21,0,21,0,3,17,0,20,0,3,38,0,41,80,0,80,121
10/26/2020,RAL,CA,AWP,WE,Federal Contract Tower,0,2,2,0,4,0,3,4,0,7,0,5,6,0,11,0,0,0,11
10/27/2020,RAL,CA,AWP,WE,Federal Contract Tower,0,0,2,0,2,0,2,31,0,33,0,2,33,0,35,46,0,46,81
10/28/2020,RAL,CA,AWP,WE,Federal Contract Tower,0,0,34,1,35,0,9,138,0,147,0,9,172,1,182,319,0,319,501
10/29/2020,RAL,CA,AWP,WE,Federal Contract Tower,0,0,36,0,36,0,4,172,0,176,0,4,208,0,212,345,0,345,557
10/30/2020,RAL,CA,AWP,WE,Federal Contract Tower,0,0,26,0,26,0,6,182,0,188,0,6,208,0,214,348,0,348,562
10/31/2020,RAL,CA,AWP,WE,Federal Contract Tower,0,0,13,0,13,0,11,114,0,125,0,11,127,0,138,133,0,133,271
11/01/2020,RAL,CA,AWP,WE,Federal Contract Tower,0,0,22,0,22,0,3,101,0,104,0,3,123,0,126,107,0,107,233
11/02/2020,RAL,CA,AWP,WE,Federal Contract Tower,0,0,29,0,29,0,7,138,2,147,0,7,167,2,176,276,0,276,452
11/03/2020,RAL,CA,AWP,WE,Federal Contract Tower,0,0,27,0,27,0,5,114,0,119,0,5,141,0,146,196,0,196,342
11/04/2020,RAL,CA,AWP,WE,Federal Contract Tower,0,0,26,0,26,0,3,132,1,136,0,3,158,1,162,212,0,212,374
11/05/2020,RAL,CA,AWP,WE,Federal Contract Tower,0,0,10,0,10,0,4,117,0,121,0,4,127,0,131,188,0,188,319
11/06/2020,RAL,CA,AWP,WE,Federal Contract Tower,0,0,40,0,40,0,5,147,2,154,0,5,187,2,194,342,0,342,536
11/07/2020,RAL,CA,AWP,WE,Federal Contract Tower,0,0,5,0,5,0,3,0,0,3,0,3,5,0,8,15,0,15,23
11/08/2020,RAL,CA,AWP,WE,Federal Contract Tower,0,0,9,0,9,0,1,17,0,18,0,1,26,0,27,18,0,18,45
11/09/2020,RAL,CA,AWP,WE,Federal Contract Tower,0,0,16,0,16,0,5,103,1,109,0,5,119,1,125,424,0,424,549
11/10/2020,RAL,CA,AWP,WE,Federal Contract Tower,0,6,26,2,34,0,0,122,0,122,0,6,148,2,156,352,0,352,508
11/11/2020,RAL,CA,AWP,WE,Federal Contract Tower,0,0,13,0,13,0,8,149,0,157,0,8,162,0,170,244,0,244,414
11/12/2020,RAL,CA,AWP,WE,Federal Contract Tower,0,3,35,2,40,0,0,130,0,130,0,3,165,2,170,266,0,266,436
11/13/2020,RAL,CA,AWP,WE,Federal Contract Tower,0,0,28,0,28,0,7,135,0,142,0,7,163,0,170,320,0,320,490
11/14/2020,RAL,CA,AWP,WE,Federal Contract Tower,0,0,28,0,28,0,2,101,0,103,0,2,129,0,131,219,0,219,350
11/15/2020,RAL,CA,AWP,WE,Federal Contract Tower,0,0,12,0,12,0,2,84,0,86,0,2,96,0,98,103,0,103,201
11/16/2020,RAL,CA,AWP,WE,Federal Contract Tower,0,0,26,0,26,0,3,76,1,80,0,3,102,1,106,166,0,166,272
11/17/2020,RAL,CA,AWP,WE,Federal Contract Tower,0,0,22,0,22,0,7,145,0,152,0,7,167,0,174,345,0,345,519
11/18/2020,RAL,CA,AWP,WE,Federal Contract Tower,0,0,26,0,26,0,5,156,0,161,0,5,182,0,187,268,0,268,455
11/19/2020,RAL,CA,AWP,WE,Federal Contract Tower,0,0,34,0,34,0,29,150,4,183,0,29,184,4,217,280,0,280,497
11/20/2020,RAL,CA,AWP,WE,Federal Contract Tower,0,0,36,0,36,0,11,141,0,152,0,11,177,0,188,240,0,240,428
11/21/2020,RAL,CA,AWP,WE,Federal Contract Tower,0,0,23,0,23,0,4,96,0,100,0,4,119,0,123,140,0,140,263
11/22/2020,RAL,CA,AWP,WE,Federal Contract Tower,0,0,20,0,20,0,2,88,0,90,0,2,108,0,110,100,0,100,210
11/23/2020,RAL,CA,AWP,WE,Federal Contract Tower,0,0,33,0,33,0,6,120,0,126,0,6,153,0,159,284,0,284,443
11/24/2020,RAL,CA,AWP,WE,Federal Contract Tower,0,0,11,0,11,0,13,134,0,147,0,13,145,0,158,257,0,257,415
11/25/2020,RAL,CA,AWP,WE,Federal Contract Tower,0,0,31,0,31,0,7,104,3,114,0,7,135,3,145,146,0,146,291
11/26/2020,RAL,CA,AWP,WE,Federal Contract Tower,0,0,0,0,0,0,2,11,0,13,0,2,11,0,13,0,0,0,13
11/27/2020,RAL,CA,AWP,WE,Federal Contract Tower,0,0,7,0,7,0,8,41,0,49,0,8,48,0,56,46,0,46,102
11/28/2020,RAL,CA,AWP,WE,Federal Contract Tower,0,0,10,0,10,0,2,80,0,82,0,2,90,0,92,151,0,151,243
11/29/2020,RAL,CA,AWP,WE,Federal Contract Tower,0,0,23,0,23,0,6,89,0,95,0,6,112,0,118,92,0,92,210
11/30/2020,RAL,CA,AWP,WE,Federal Contract Tower,0,0,28,0,28,0,2,97,0,99,0,2,125,0,127,312,0,312,439
12/01/2020,RAL,CA,AWP,WE,Federal Contract Tower,0,0,25,0,25,0,17,132,0,149,0,17,157,0,174,280,0,280,454
12/02/2020,RAL,CA,AWP,WE,Federal Contract Tower,0,0,16,0,16,0,13,115,0,128,0,13,131,0,144,296,0,296,440
12/03/2020,RAL,CA,AWP,WE,Federal Contract Tower,0,0,9,0,9,0,6,38,0,44,0,6,47,0,53,170,0,170,223
12/04/2020,RAL,CA,AWP,WE,Federal Contract Tower,0,0,22,0,22,0,6,161,1,168,0,6,183,1,190,280,0,280,470
12/05/2020,RAL,CA,AWP,WE,Federal Contract Tower,0,0,14,0,14,0,4,125,0,129,0,4,139,0,143,236,0,236,379
12/06/2020,RAL,CA,AWP,WE,Federal Contract Tower,0,0,22,0,22,0,4,92,0,96,0,4,114,0,118,202,0,202,320
12/07/2020,RAL,CA,AWP,WE,Federal Contract Tower,0,0,13,0,13,0,0,61,0,61,0,0,74,0,74,76,0,76,150
12/08/2020,RAL,CA,AWP,WE,Federal Contract Tower,0,2,15,0,17,0,6,54,0,60,0,8,69,0,77,90,0,90,167
12/09/2020,RAL,CA,AWP,WE,Federal Contract Tower,0,0,35,0,35,0,4,143,1,148,0,4,178,1,183,375,0,375,558
12/10/2020,RAL,CA,AWP,WE,Federal Contract Tower,0,0,31,0,31,0,8,166,0,174,0,8,197,0,205,324,0,324,529
12/11/2020,RAL,CA,AWP,WE,Federal Contract Tower,0,0,32,0,32,0,7,114,0,121,0,7,146,0,153,289,0,289,442
12/12/2020,RAL,CA,AWP,WE,Federal Contract Tower,0,0,29,0,29,0,2,36,0,38,0,2,65,0,67,168,0,168,235
12/13/2020,RAL,CA,AWP,WE,Federal Contract Tower,0,0,18,0,18,0,0,73,0,73,0,0,91,0,91,132,0,132,223
12/15/2020,RAL,CA,AWP,WE,Federal Contract Tower,0,0,9,0,9,0,5,58,0,63,0,5,67,0,72,96,0,96,168
12/16/2020,RAL,CA,AWP,WE,Federal Contract Tower,0,0,37,0,37,0,13,186,0,199,0,13,223,0,236,258,0,258,494
12/17/2020,RAL,CA,AWP,WE,Federal Contract Tower,0,0,24,0,24,0,7,150,1,158,0,7,174,1,182,317,0,317,499
12/18/2020,RAL,CA,AWP,WE,Federal Contract Tower,0,0,10,0,10,0,5,68,3,76,0,5,78,3,86,88,0,88,174
12/19/2020,RAL,CA,AWP,WE,Federal Contract Tower,0,0,14,0,14,0,1,103,0,104,0,1,117,0,118,134,0,134,252
12/20/2020,RAL,CA,AWP,WE,Federal Contract Tower,0,0,8,0,8,0,4,82,0,86,0,4,90,0,94,103,0,103,197
12/21/2020,RAL,CA,AWP,WE,Federal Contract Tower,0,0,13,2,15,0,5,77,0,82,0,5,90,2,97,170,2,172,269
12/22/2020,RAL,CA,AWP,WE,Federal Contract Tower,0,0,13,0,13,0,5,114,0,119,0,5,127,0,132,255,0,255,387
12/23/2020,RAL,CA,AWP,WE,Federal Contract Tower,0,0,9,0,9,0,8,42,1,51,0,8,51,1,60,37,0,37,97
12/24/2020,RAL,CA,AWP,WE,Federal Contract Tower,0,0,5,0,5,0,5,41,0,46,0,5,46,0,51,17,0,17,68
12/25/2020,RAL,CA,AWP,WE,Federal Contract Tower,0,0,2,0,2,0,2,27,0,29,0,2,29,0,31,71,0,71,102
12/26/2020,RAL,CA,AWP,WE,Federal Contract Tower,0,0,4,0,4,0,3,77,0,80,0,3,81,0,84,136,0,136,220
12/27/2020,RAL,CA,AWP,WE,Federal Contract Tower,0,0,7,0,7,0,0,55,0,55,0,0,62,0,62,113,0,113,175
12/28/2020,RAL,CA,AWP,WE,Federal Contract Tower,0,0,4,0,4,0,0,3,0,3,0,0,7,0,7,8,0,8,15
12/29/2020,RAL,CA,AWP,WE,Federal Contract Tower,0,0,13,0,13,0,10,75,1,86,0,10,88,1,99,63,0,63,162
12/30/2020,RAL,CA,AWP,WE,Federal Contract Tower,0,1,17,0,18,0,14,96,1,111,0,15,113,1,129,138,0,138,267
12/31/2020,RAL,CA,AWP,WE,Federal Contract Tower,0,0,9,0,9,0,6,53,0,59,0,6,62,0,68,87,0,87,155
01/01/2021,RAL,CA,AWP,WE,Federal Contract Tower,0,0,5,0,5,0,6,34,0,40,0,6,39,0,45,7,0,7,52
01/02/2021,RAL,CA,AWP,WE,Federal Contract Tower,0,0,12,0,12,0,4,81,2,87,0,4,93,2,99,129,0,129,228
01/03/2021,RAL,CA,AWP,WE,Federal Contract Tower,0,0,8,0,8,0,0,69,0,69,0,0,77,0,77,100,0,100,177
01/04/2021,RAL,CA,AWP,WE,Federal Contract Tower,0,0,16,0,16,0,7,91,2,100,0,7,107,2,116,228,0,228,344
01/05/2021,RAL,CA,AWP,WE,Federal Contract Tower,0,0,20,0,20,0,6,70,0,76,0,6,90,0,96,230,0,230,326
01/06/2021,RAL,CA,AWP,WE,Federal Contract Tower,0,0,16,0,16,0,10,102,3,115,0,10,118,3,131,239,0,239,370
01/07/2021,RAL,CA,AWP,WE,Federal Contract Tower,0,0,20,0,20,0,12,90,3,105,0,12,110,3,125,155,0,155,280
01/08/2021,RAL,CA,AWP,WE,Federal Contract Tower,0,0,14,1,15,0,8,113,0,121,0,8,127,1,136,219,4,223,359
01/09/2021,RAL,CA,AWP,WE,Federal Contract Tower,0,0,0,0,0,0,5,35,0,40,0,5,35,0,40,37,0,37,77
01/10/2021,RAL,CA,AWP,WE,Federal Contract Tower,0,1,17,2,20,0,3,90,2,95,0,4,107,4,115,183,0,183,298
01/11/2021,RAL,CA,AWP,WE,Federal Contract Tower,0,0,20,0,20,0,3,102,0,105,0,3,122,0,125,154,0,154,279
01/12/2021,RAL,CA,AWP,WE,Federal Contract Tower,0,0,21,0,21,0,7,187,1,195,0,7,208,1,216,344,0,344,560
01/13/2021,RAL,CA,AWP,WE,Federal Contract Tower,0,0,34,0,34,0,9,127,0,136,0,9,161,0,170,319,0,319,489
01/14/2021,RAL,CA,AWP,WE,Federal Contract Tower,0,1,7,0,8,0,3,46,0,49,0,4,53,0,57,43,0,43,100
01/15/2021,RAL,CA,AWP,WE,Federal Contract Tower,0,0,10,0,10,0,1,64,0,65,0,1,74,0,75,48,0,48,123
01/16/2021,RAL,CA,AWP,WE,Federal Contract Tower,0,0,6,0,6,0,4,66,0,70,0,4,72,0,76,85,0,85,161
01/17/2021,RAL,CA,AWP,WE,Federal Contract Tower,0,0,7,0,7,0,2,75,0,77,0,2,82,0,84,118,0,118,202
01/18/2021,RAL,CA,AWP,WE,Federal Contract Tower,0,2,9,0,11,0,10,50,0,60,0,12,59,0,71,117,0,117,188
01/19/2021,RAL,CA,AWP,WE,Federal Contract Tower,0,3,1,0,4,0,2,3,0,5,0,5,4,0,9,8,0,8,17
01/20/2021,RAL,CA,AWP,WE,Federal Contract Tower,0,0,6,0,6,0,7,28,0,35,0,7,34,0,41,27,0,27,68
01/21/2021,RAL,CA,AWP,WE,Federal Contract Tower,0,0,33,0,33,0,7,148,0,155,0,7,181,0,188,257,0,257,445
01/22/2021,RAL,CA,AWP,WE,Federal Contract Tower,0,0,31,0,31,0,5,87,0,92,0,5,118,0,123,245,0,245,368
01/23/2021,RAL,CA,AWP,WE,Federal Contract Tower,0,0,11,0,11,0,4,18,0,22,0,4,29,0,33,78,0,78,111
01/24/2021,RAL,CA,AWP,WE,Federal Contract Tower,0,0,10,0,10,0,4,58,0,62,0,4,68,0,72,120,0,120,192
01/25/2021,RAL,CA,AWP,WE,Federal Contract Tower,0,0,5,0,5,0,5,36,0,41,0,5,41,0,46,228,0,228,274
01/26/2021,RAL,CA,AWP,WE,Federal Contract Tower,0,0,36,0,36,0,9,156,1,166,0,9,192,1,202,279,0,279,481
01/27/2021,RAL,CA,AWP,WE,Federal Contract Tower,0,0,23,0,23,0,12,130,0,142,0,12,153,0,165,266,0,266,431
01/28/2021,RAL,CA,AWP,WE,Federal Contract Tower,0,0,18,0,18,0,13,91,0,104,0,13,109,0,122,233,0,233,355
01/29/2021,RAL,CA,AWP,WE,Federal Contract Tower,0,0,0,0,0,0,1,8,0,9,0,1,8,0,9,136,0,136,145
01/30/2021,RAL,CA,AWP,WE,Federal Contract Tower,0,0,19,0,19,0,4,144,4,152,0,4,163,4,171,219,0,219,390
01/31/2021,RAL,CA,AWP,WE,Federal Contract Tower,0,0,26,0,26,0,3,73,2,78,0,3,99,2,104,111,0,111,215
02/01/2021,RAL,CA,AWP,WE,Federal Contract Tower,0,0,35,0,35,0,15,131,0,146,0,15,166,0,181,247,0,247,428
02/02/2021,RAL,CA,AWP,WE,Federal Contract Tower,0,0,41,0,41,0,1,139,0,140,0,1,180,0,181,262,0,262,443
02/03/2021,RAL,CA,AWP,WE,Federal Contract Tower,0,0,22,0,22,0,2,99,0,101,0,2,121,0,123,311,0,311,434
02/04/2021,RAL,CA,AWP,WE,Federal Contract Tower,0,0,13,0,13,0,0,66,0,66,0,0,79,0,79,53,0,53,132
02/05/2021,RAL,CA,AWP,WE,Federal Contract Tower,0,0,34,0,34,0,4,151,0,155,0,4,185,0,189,333,0,333,522
02/06/2021,RAL,CA,AWP,WE,Federal Contract Tower,0,0,15,0,15,0,3,120,0,123,0,3,135,0,138,192,0,192,330
02/07/2021,RAL,CA,AWP,WE,Federal Contract Tower,0,0,9,0,9,0,2,101,0,103,0,2,110,0,112,184,0,184,296
02/08/2021,RAL,CA,AWP,WE,Federal Contract Tower,0,1,33,0,34,0,22,132,1,155,0,23,165,1,189,353,0,353,542
02/09/2021,RAL,CA,AWP,WE,Federal Contract Tower,0,0,34,0,34,0,11,52,1,64,0,11,86,1,98,218,0,218,316
02/10/2021,RAL,CA,AWP,WE,Federal Contract Tower,0,0,44,1,45,0,4,67,2,73,0,4,111,3,118,318,0,318,436
02/11/2021,RAL,CA,AWP,WE,Federal Contract Tower,0,1,48,0,49,0,5,79,0,84,0,6,127,0,133,166,0,166,299
02/12/2021,RAL,CA,AWP,WE,Federal Contract Tower,0,0,14,0,14,0,11,77,0,88,0,11,91,0,102,216,0,216,318
02/13/2021,RAL,CA,AWP,WE,Federal Contract Tower,0,0,17,0,17,0,3,62,0,65,0,3,79,0,82,209,0,209,291
02/14/2021,RAL,CA,AWP,WE,Federal Contract Tower,0,0,9,0,9,0,5,50,0,55,0,5,59,0,64,138,0,138,202
02/15/2021,RAL,CA,AWP,WE,Federal Contract Tower,0,0,34,0,34,0,9,122,0,131,0,9,156,0,165,336,0,336,501
02/16/2021,RAL,CA,AWP,WE,Federal Contract Tower,0,0,26,0,26,0,6,120,1,127,0,6,146,1,153,198,0,198,351
02/17/2021,RAL,CA,AWP,WE,Federal Contract Tower,0,0,35,0,35,0,4,92,0,96,0,4,127,0,131,138,0,138,269
02/18/2021,RAL,CA,AWP,WE,Federal Contract Tower,0,0,12,0,12,0,5,67,0,72,0,5,79,0,84,79,0,79,163
02/19/2021,RAL,CA,AWP,WE,Federal Contract Tower,0,0,37,0,37,0,7,142,0,149,0,7,179,0,186,275,0,275,461
02/20/2021,RAL,CA,AWP,WE,Federal Contract Tower,0,0,11,0,11,0,5,71,0,76,0,5,82,0,87,127,0,127,214
02/21/2021,RAL,CA,AWP,WE,Federal Contract Tower,0,0,14,0,14,0,6,50,0,56,0,6,64,0,70,33,0,33,103
02/22/2021,RAL,CA,AWP,WE,Federal Contract Tower,0,0,27,1,28,0,9,86,1,96,0,9,113,2,124,87,0,87,211
02/23/2021,RAL,CA,AWP,WE,Federal Contract Tower,0,0,36,0,36,0,2,121,0,123,0,2,157,0,159,248,0,248,407
02/24/2021,RAL,CA,AWP,WE,Federal Contract Tower,0,0,46,0,46,0,3,147,0,150,0,3,193,0,196,245,6,251,447
02/25/2021,RAL,CA,AWP,WE,Federal Contract Tower,0,0,9,2,11,0,5,21,0,26,0,5,30,2,37,31,0,31,68
02/26/2021,RAL,CA,AWP,WE,Federal Contract Tower,0,0,35,0,35,0,4,102,0,106,0,4,137,0,141,265,0,265,406
02/27/2021,RAL,CA,AWP,WE,Federal Contract Tower,0,0,15,0,15,0,5,102,0,107,0,5,117,0,122,175,0,175,297
02/28/2021,RAL,CA,AWP,WE,Federal Contract Tower,0,0,5,0,5,0,7,15,0,22,0,7,20,0,27,0,0,0,27
03/01/2021,RAL,CA,AWP,WE,Federal Contract Tower,0,0,42,0,42,0,12,107,0,119,0,12,149,0,161,143,0,143,304
03/02/2021,RAL,CA,AWP,WE,Federal Contract Tower,0,0,45,0,45,0,5,107,4,116,0,5,152,4,161,216,0,216,377
03/03/2021,RAL,CA,AWP,WE,Federal Contract Tower,0,0,6,0,6,0,6,42,0,48,0,6,48,0,54,163,0,163,217
03/04/2021,RAL,CA,AWP,WE,Federal Contract Tower,0,0,40,0,40,0,8,138,1,147,0,8,178,1,187,236,0,236,423
03/05/2021,RAL,CA,AWP,WE,Federal Contract Tower,0,0,23,0,23,0,6,118,0,124,0,6,141,0,147,218,0,218,365
03/06/2021,RAL,CA,AWP,WE,Federal Contract Tower,0,0,9,0,9,0,3,133,0,136,0,3,142,0,145,178,0,178,323
03/07/2021,RAL,CA,AWP,WE,Federal Contract Tower,0,0,23,0,23,0,6,68,0,74,0,6,91,0,97,70,0,70,167
03/08/2021,RAL,CA,AWP,WE,Federal Contract Tower,0,0,42,1,43,0,11,128,1,140,0,11,170,2,183,300,0,300,483
03/09/2021,RAL,CA,AWP,WE,Federal Contract Tower,0,0,22,0,22,0,4,89,0,93,0,4,111,0,115,191,0,191,306
03/10/2021,RAL,CA,AWP,WE,Federal Contract Tower,0,0,12,0,12,0,4,25,0,29,0,4,37,0,41,121,0,121,162
03/11/2021,RAL,CA,AWP,WE,Federal Contract Tower,0,1,13,0,14,0,1,37,2,40,0,2,50,2,54,143,0,143,197
03/12/2021,RAL,CA,AWP,WE,Federal Contract Tower,0,0,29,0,29,0,3,79,0,82,0,3,108,0,111,186,0,186,297
03/13/2021,RAL,CA,AWP,WE,Federal Contract Tower,0,0,25,0,25,0,3,77,7,87,0,3,102,7,112,199,0,199,311
03/14/2021,RAL,CA,AWP,WE,Federal Contract Tower,0,0,26,0,26,0,7,75,1,83,0,7,101,1,109,138,0,138,247
03/15/2021,RAL,CA,AWP,WE,Federal Contract Tower,0,0,14,0,14,0,3,20,2,25,0,3,34,2,39,65,0,65,104
03/16/2021,RAL,CA,AWP,WE,Federal Contract Tower,0,0,38,0,38,0,4,130,3,137,0,4,168,3,175,174,2,176,351
03/17/2021,RAL,CA,AWP,WE,Federal Contract Tower,0,0,50,0,50,0,7,119,3,129,0,7,169,3,179,247,0,247,426
03/18/2021,RAL,CA,AWP,WE,Federal Contract Tower,0,1,31,0,32,0,7,102,0,109,0,8,133,0,141,189,0,189,330
03/19/2021,RAL,CA,AWP,WE,Federal Contract Tower,0,0,24,0,24,0,9,125,1,135,0,9,149,1,159,184,0,184,343
03/20/2021,RAL,CA,AWP,WE,Federal Contract Tower,0,0,23,0,23,0,2,48,0,50,0,2,71,0,73,51,0,51,124
03/21/2021,RAL,CA,AWP,WE,Federal Contract Tower,0,0,15,0,15,0,1,107,0,108,0,1,122,0,123,152,0,152,275
03/22/2021,RAL,CA,AWP,WE,Federal Contract Tower,0,0,20,0,20,0,9,183,1,193,0,9,203,1,213,22,0,22,235
03/23/2021,RAL,CA,AWP,WE,Federal Contract Tower,0,0,18,0,18,0,6,134,0,140,0,6,152,0,158,188,0,188,346
03/24/2021,RAL,CA,AWP,WE,Federal Contract Tower,0,0,18,2,20,0,3,73,3,79,0,3,91,5,99,50,2,52,151
03/25/2021,RAL,CA,AWP,WE,Federal Contract Tower,0,1,21,0,22,0,3,59,0,62,0,4,80,0,84,308,0,308,392
03/26/2021,RAL,CA,AWP,WE,Federal Contract Tower,0,0,39,0,39,0,7,154,0,161,0,7,193,0,200,253,0,253,453
03/27/2021,RAL,CA,AWP,WE,Federal Contract Tower,0,0,13,0,13,0,3,104,2,109,0,3,117,2,122,142,0,142,264
03/28/2021,RAL,CA,AWP,WE,Federal Contract Tower,0,0,32,0,32,0,8,124,1,133,0,8,156,1,165,108,0,108,273
03/29/2021,RAL,CA,AWP,WE,Federal Contract Tower,0,0,20,0,20,0,7,135,0,142,0,7,155,0,162,263,0,263,425
03/30/2021,RAL,CA,AWP,WE,Federal Contract Tower,0,0,18,0,18,0,4,70,1,75,0,4,88,1,93,107,8,115,208
03/31/2021,RAL,CA,AWP,WE,Federal Contract Tower,0,0,11,0,11,0,5,68,0,73,0,5,79,0,84,71,0,71,155
04/02/2021,RAL,CA,AWP,WE,Federal Contract Tower,0,0,40,0,40,0,10,96,2,108,0,10,136,2,148,110,0,110,258
04/03/2021,RAL,CA,AWP,WE,Federal Contract Tower,0,0,24,0,24,0,11,131,0,142,0,11,155,0,166,130,0,130,296
04/04/2021,RAL,CA,AWP,WE,Federal Contract Tower,0,0,14,0,14,0,8,96,0,104,0,8,110,0,118,29,0,29,147
04/05/2021,RAL,CA,AWP,WE,Federal Contract Tower,0,0,24,0,24,0,5,118,0,123,0,5,142,0,147,184,0,184,331
04/06/2021,RAL,CA,AWP,WE,Federal Contract Tower,0,0,32,0,32,0,3,98,0,101,0,3,130,0,133,193,0,193,326
04/07/2021,RAL,CA,AWP,WE,Federal Contract Tower,0,0,25,0,25,0,4,98,3,105,0,4,123,3,130,223,0,223,353
04/08/2021,RAL,CA,AWP,WE,Federal Contract Tower,0,0,15,2,17,0,2,112,0,114,0,2,127,2,131,261,0,261,392
04/09/2021,RAL,CA,AWP,WE,Federal Contract Tower,0,0,33,0,33,0,15,158,1,174,0,15,191,1,207,232,0,232,439
04/10/2021,RAL,CA,AWP,WE,Federal Contract Tower,0,0,19,0,19,0,11,124,3,138,0,11,143,3,157,179,0,179,336
04/11/2021,RAL,CA,AWP,WE,Federal Contract Tower,0,0,21,0,21,0,3,72,0,75,0,3,93,0,96,178,0,178,274
04/12/2021,RAL,CA,AWP,WE,Federal Contract Tower,0,0,35,0,35,0,14,92,0,106,0,14,127,0,141,202,0,202,343
04/13/2021,RAL,CA,AWP,WE,Federal Contract Tower,0,0,38,2,40,0,4,47,0,51,0,4,85,2,91,325,0,325,416
04/14/2021,RAL,CA,AWP,WE,Federal Contract Tower,0,0,43,0,43,0,7,105,0,112,0,7,148,0,155,187,0,187,342
04/15/2021,RAL,CA,AWP,WE,Federal Contract Tower,0,0,29,0,29,0,5,105,0,110,0,5,134,0,139,231,0,231,370
04/16/2021,RAL,CA,AWP,WE,Federal Contract Tower,0,0,18,1,19,0,13,148,0,161,0,13,166,1,180,225,0,225,405
04/17/2021,RAL,CA,AWP,WE,Federal Contract Tower,0,0,20,0,20,0,15,79,7,101,0,15,99,7,121,113,0,113,234
04/18/2021,RAL,CA,AWP,WE,Federal Contract Tower,0,0,6,0,6,0,6,24,3,33,0,6,30,3,39,2,0,2,41
04/19/2021,RAL,CA,AWP,WE,Federal Contract Tower,0,0,36,0,36,0,5,172,1,178,0,5,208,1,214,248,0,248,462
04/20/2021,RAL,CA,AWP,WE,Federal Contract Tower,0,0,20,0,20,0,8,144,2,154,0,8,164,2,174,199,0,199,373
04/21/2021,RAL,CA,AWP,WE,Federal Contract Tower,0,0,26,0,26,0,2,86,6,94,0,2,112,6,120,198,0,198,318
04/22/2021,RAL,CA,AWP,WE,Federal Contract Tower,0,3,43,0,46,0,4,64,1,69,0,7,107,1,115,325,0,325,440
04/23/2021,RAL,CA,AWP,WE,Federal Contract Tower,0,0,37,2,39,0,8,85,0,93,0,8,122,2,132,278,0,278,410
04/24/2021,RAL,CA,AWP,WE,Federal Contract Tower,0,0,39,0,39,0,2,98,13,113,0,2,137,13,152,155,0,155,307
04/25/2021,RAL,CA,AWP,WE,Federal Contract Tower,0,0,27,0,27,0,7,83,0,90,0,7,110,0,117,152,0,152,269
04/26/2021,RAL,CA,AWP,WE,Federal Contract Tower,0,0,25,0,25,0,6,78,2,86,0,6,103,2,111,279,0,279,390
04/27/2021,RAL,CA,AWP,WE,Federal Contract Tower,0,0,18,0,18,0,6,104,2,112,0,6,122,2,130,247,0,247,377
04/28/2021,RAL,CA,AWP,WE,Federal Contract Tower,0,0,18,0,18,0,2,134,0,136,0,2,152,0,154,136,0,136,290
04/29/2021,RAL,CA,AWP,WE,Federal Contract Tower,0,0,30,0,30,0,8,136,0,144,0,8,166,0,174,156,0,156,330
04/30/2021,RAL,CA,AWP,WE,Federal Contract Tower,0,0,24,0,24,0,10,140,1,151,0,10,164,1,175,171,0,171,346
05/01/2021,RAL,CA,AWP,WE,Federal Contract Tower,0,0,22,0,22,0,6,132,2,140,0,6,154,2,162,101,0,101,263
05/02/2021,RAL,CA,AWP,WE,Federal Contract Tower,0,0,27,0,27,0,12,64,5,81,0,12,91,5,108,125,0,125,233
05/04/2021,RAL,CA,AWP,WE,Federal Contract Tower,0,2,34,0,36,0,4,89,0,93,0,6,123,0,129,223,0,223,352
05/05/2021,RAL,CA,AWP,WE,Federal Contract Tower,0,0,29,0,29,0,5,97,2,104,0,5,126,2,133,174,5,179,312
05/06/2021,RAL,CA,AWP,WE,Federal Contract Tower,0,0,32,0,32,0,7,94,0,101,0,7,126,0,133,203,0,203,336
05/07/2021,RAL,CA,AWP,WE,Federal Contract Tower,0,0,35,0,35,0,6,158,2,166,0,6,193,2,201,302,0,302,503
05/08/2021,RAL,CA,AWP,WE,Federal Contract Tower,0,2,18,0,20,0,8,134,0,142,0,10,152,0,162,124,23,147,309
05/09/2021,RAL,CA,AWP,WE,Federal Contract Tower,0,0,18,0,18,0,3,45,0,48,0,3,63,0,66,115,0,115,181
05/10/2021,RAL,CA,AWP,WE,Federal Contract Tower,0,0,33,0,33,0,4,92,2,98,0,4,125,2,131,323,0,323,454
05/11/2021,RAL,CA,AWP,WE,Federal Contract Tower,0,0,19,0,19,0,2,63,3,68,0,2,82,3,87,216,0,216,303
05/12/2021,RAL,CA,AWP,WE,Federal Contract Tower,0,0,28,0,28,0,5,106,2,113,0,5,134,2,141,143,0,143,284
05/13/2021,RAL,CA,AWP,WE,Federal Contract Tower,0,0,25,0,25,0,8,105,0,113,0,8,130,0,138,197,0,197,335
05/14/2021,RAL,CA,AWP,WE,Federal Contract Tower,0,0,37,0,37,0,4,104,1,109,0,4,141,1,146,208,0,208,354
05/15/2021,RAL,CA,AWP,WE,Federal Contract Tower,0,0,23,0,23,0,63,0,0,63,0,63,23,0,86,191,0,191,277
05/16/2021,RAL,CA,AWP,WE,Federal Contract Tower,0,1,36,0,37,0,4,40,0,44,0,5,76,0,81,114,0,114,195
05/17/2021,RAL,CA,AWP,WE,Federal Contract Tower,0,0,27,0,27,0,6,70,0,76,0,6,97,0,103,327,0,327,430
05/18/2021,RAL,CA,AWP,WE,Federal Contract Tower,0,0,37,0,37,0,6,125,3,134,0,6,162,3,171,251,0,251,422
05/19/2021,RAL,CA,AWP,WE,Federal Contract Tower,0,0,30,3,33,0,2,103,4,109,0,2,133,7,142,279,0,279,421
05/20/2021,RAL,CA,AWP,WE,Federal Contract Tower,0,0,21,0,21,0,6,88,0,94,0,6,109,0,115,258,0,258,373
05/21/2021,RAL,CA,AWP,WE,Federal Contract Tower,0,0,5,0,5,0,2,76,0,78,0,2,81,0,83,117,0,117,200
05/22/2021,RAL,CA,AWP,WE,Federal Contract Tower,0,0,11,0,11,0,81,0,0,81,0,81,11,0,92,185,0,185,277
05/23/2021,RAL,CA,AWP,WE,Federal Contract Tower,0,0,23,0,23,0,0,87,6,93,0,0,110,6,116,143,4,147,263
05/24/2021,RAL,CA,AWP,WE,Federal Contract Tower,0,0,21,1,22,0,11,85,0,96,0,11,106,1,118,217,0,217,335
05/25/2021,RAL,CA,AWP,WE,Federal Contract Tower,0,0,6,0,6,0,4,93,0,97,0,4,99,0,103,154,0,154,257
05/26/2021,RAL,CA,AWP,WE,Federal Contract Tower,0,0,21,0,21,0,7,133,9,149,0,7,154,9,170,256,0,256,426
05/27/2021,RAL,CA,AWP,WE,Federal Contract Tower,0,0,28,2,30,0,5,93,4,102,0,5,121,6,132,171,0,171,303
05/28/2021,RAL,CA,AWP,WE,Federal Contract Tower,0,1,23,0,24,0,9,87,1,97,0,10,110,1,121,204,0,204,325
05/29/2021,RAL,CA,AWP,WE,Federal Contract Tower,0,0,14,0,14,0,2,50,0,52,0,2,64,0,66,132,0,132,198
05/30/2021,RAL,CA,AWP,WE,Federal Contract Tower,0,0,22,0,22,0,8,52,0,60,0,8,74,0,82,124,0,124,206
05/31/2021,RAL,CA,AWP,WE,Federal Contract Tower,0,0,19,0,19,0,9,69,2,80,0,9,88,2,99,133,5,138,237
06/01/2021,RAL,CA,AWP,WE,Federal Contract Tower,0,0,22,0,22,0,3,95,0,98,0,3,117,0,120,183,0,183,303
06/02/2021,RAL,CA,AWP,WE,Federal Contract Tower,0,0,29,0,29,0,10,107,1,118,0,10,136,1,147,198,0,198,345
06/03/2021,RAL,CA,AWP,WE,Federal Contract Tower,0,0,16,0,16,0,4,107,0,111,0,4,123,0,127,232,0,232,359
06/04/2021,RAL,CA,AWP,WE,Federal Contract Tower,0,0,18,0,18,0,9,82,1,92,0,9,100,1,110,283,0,283,393
06/05/2021,RAL,CA,AWP,WE,Federal Contract Tower,0,0,21,0,21,0,5,103,6,114,0,5,124,6,135,122,0,122,257
06/06/2021,RAL,CA,AWP,WE,Federal Contract Tower,0,0,18,0,18,0,5,67,6,78,0,5,85,6,96,119,0,119,215
06/07/2021,RAL,CA,AWP,WE,Federal Contract Tower,0,0,22,0,22,0,0,49,0,49,0,0,71,0,71,280,0,280,351
06/08/2021,RAL,CA,AWP,WE,Federal Contract Tower,0,0,16,0,16,0,2,99,0,101,0,2,115,0,117,250,0,250,367
06/09/2021,RAL,CA,AWP,WE,Federal Contract Tower,0,0,65,0,65,0,5,99,1,105,0,5,164,1,170,165,0,165,335
06/10/2021,RAL,CA,AWP,WE,Federal Contract Tower,0,0,29,0,29,0,6,125,3,134,0,6,154,3,163,221,0,221,384
06/11/2021,RAL,CA,AWP,WE,Federal Contract Tower,0,0,15,1,16,0,4,116,3,123,0,4,131,4,139,204,0,204,343
06/12/2021,RAL,CA,AWP,WE,Federal Contract Tower,0,0,12,0,12,0,12,157,0,169,0,12,169,0,181,119,0,119,300
06/13/2021,RAL,CA,AWP,WE,Federal Contract Tower,0,0,12,0,12,0,4,70,0,74,0,4,82,0,86,108,0,108,194
06/14/2021,RAL,CA,AWP,WE,Federal Contract Tower,0,0,11,0,11,0,3,97,0,100,0,3,108,0,111,288,0,288,399
06/15/2021,RAL,CA,AWP,WE,Federal Contract Tower,0,0,18,1,19,0,1,117,5,123,0,1,135,6,142,185,0,185,327
06/16/2021,RAL,CA,AWP,WE,Federal Contract Tower,0,0,14,0,14,0,4,100,3,107,0,4,114,3,121,214,0,214,335
06/17/2021,RAL,CA,AWP,WE,Federal Contract Tower,0,1,16,0,17,0,0,111,1,112,0,1,127,1,129,235,0,235,364
06/18/2021,RAL,CA,AWP,WE,Federal Contract Tower,0,0,9,0,9,0,1,136,2,139,0,1,145,2,148,283,0,283,431
06/19/2021,RAL,CA,AWP,WE,Federal Contract Tower,0,0,14,0,14,0,6,90,1,97,0,6,104,1,111,180,0,180,291
06/20/2021,RAL,CA,AWP,WE,Federal Contract Tower,0,0,13,0,13,0,2,83,0,85,0,2,96,0,98,123,0,123,221
06/21/2021,RAL,CA,AWP,WE,Federal Contract Tower,0,0,16,0,16,0,3,103,0,106,0,3,119,0,122,218,0,218,340
06/22/2021,RAL,CA,AWP,WE,Federal Contract Tower,0,0,24,0,24,0,3,93,0,96,0,3,117,0,120,265,0,265,385
06/23/2021,RAL,CA,AWP,WE,Federal Contract Tower,0,0,23,0,23,0,1,124,0,125,0,1,147,0,148,295,0,295,443
06/24/2021,RAL,CA,AWP,WE,Federal Contract Tower,0,0,35,0,35,0,10,149,4,163,0,10,184,4,198,190,0,190,388
06/25/2021,RAL,CA,AWP,WE,Federal Contract Tower,0,1,23,0,24,0,19,149,0,168,0,20,172,0,192,187,0,187,379
06/26/2021,RAL,CA,AWP,WE,Federal Contract Tower,0,0,14,0,14,0,4,75,0,79,0,4,89,0,93,112,0,112,205
06/27/2021,RAL,CA,AWP,WE,Federal Contract Tower,0,0,9,0,9,0,1,87,1,89,0,1,96,1,98,60,0,60,158
06/28/2021,RAL,CA,AWP,WE,Federal Contract Tower,0,0,12,0,12,0,4,82,0,86,0,4,94,0,98,192,0,192,290
06/29/2021,RAL,CA,AWP,WE,Federal Contract Tower,0,0,15,0,15,0,3,115,0,118,0,3,130,0,133,250,0,250,383
06/30/2021,RAL,CA,AWP,WE,Federal Contract Tower,0,0,16,0,16,0,5,117,0,122,0,5,133,0,138,215,0,215,353
07/01/2021,RAL,CA,AWP,WE,Federal Contract Tower,0,0,19,0,19,0,90,117,1,208,0,90,136,1,227,252,0,252,479
07/02/2021,RAL,CA,AWP,WE,Federal Contract Tower,0,0,28,0,28,0,4,89,0,93,0,4,117,0,121,214,0,214,335
07/03/2021,RAL,CA,AWP,WE,Federal Contract Tower,0,1,10,0,11,0,73,0,0,73,0,74,10,0,84,102,0,102,186
07/04/2021,RAL,CA,AWP,WE,Federal Contract Tower,0,0,14,0,14,0,7,46,0,53,0,7,60,0,67,35,0,35,102
07/05/2021,RAL,CA,AWP,WE,Federal Contract Tower,0,0,52,0,52,0,2,77,0,79,0,2,129,0,131,170,0,170,301
07/06/2021,RAL,CA,AWP,WE,Federal Contract Tower,0,0,23,0,23,0,3,171,0,174,0,3,194,0,197,237,0,237,434
07/07/2021,RAL,CA,AWP,WE,Federal Contract Tower,0,0,22,0,22,0,11,156,3,170,0,11,178,3,192,284,0,284,476
07/08/2021,RAL,CA,AWP,WE,Federal Contract Tower,0,0,31,0,31,0,9,158,0,167,0,9,189,0,198,222,0,222,420
07/09/2021,RAL,CA,AWP,WE,Federal Contract Tower,0,0,16,0,16,0,4,67,0,71,0,4,83,0,87,222,0,222,309
07/10/2021,RAL,CA,AWP,WE,Federal Contract Tower,0,0,15,0,15,0,0,72,0,72,0,0,87,0,87,113,0,113,200
07/11/2021,RAL,CA,AWP,WE,Federal Contract Tower,0,0,13,0,13,0,1,99,0,100,0,1,112,0,113,215,0,215,328
07/12/2021,RAL,CA,AWP,WE,Federal Contract Tower,0,2,109,0,111,0,0,19,0,19,0,2,128,0,130,295,0,295,425
07/13/2021,RAL,CA,AWP,WE,Federal Contract Tower,0,0,16,0,16,0,6,112,4,122,0,6,128,4,138,276,0,276,414
07/14/2021,RAL,CA,AWP,WE,Federal Contract Tower,0,0,22,0,22,0,5,142,1,148,0,5,164,1,170,257,0,257,427
07/15/2021,RAL,CA,AWP,WE,Federal Contract Tower,0,0,24,0,24,0,8,125,0,133,0,8,149,0,157,97,0,97,254
07/16/2021,RAL,CA,AWP,WE,Federal Contract Tower,0,0,23,0,23,0,6,157,0,163,0,6,180,0,186,268,0,268,454
07/17/2021,RAL,CA,AWP,WE,Federal Contract Tower,0,0,5,0,5,0,0,102,0,102,0,0,107,0,107,160,0,160,267
07/18/2021,RAL,CA,AWP,WE,Federal Contract Tower,0,0,10,0,10,0,1,64,0,65,0,1,74,0,75,143,0,143,218
07/19/2021,RAL,CA,AWP,WE,Federal Contract Tower,0,0,22,0,22,0,2,131,0,133,0,2,153,0,155,321,0,321,476
07/20/2021,RAL,CA,AWP,WE,Federal Contract Tower,0,0,22,0,22,0,8,136,0,144,0,8,158,0,166,236,0,236,402
07/21/2021,RAL,CA,AWP,WE,Federal Contract Tower,0,0,26,0,26,0,17,129,2,148,0,17,155,2,174,241,0,241,415
07/22/2021,RAL,CA,AWP,WE,Federal Contract Tower,0,0,34,0,34,0,7,139,1,147,0,7,173,1,181,246,0,246,427
07/23/2021,RAL,CA,AWP,WE,Federal Contract Tower,0,0,32,0,32,0,16,119,22,157,0,16,151,22,189,184,0,184,373
07/24/2021,RAL,CA,AWP,WE,Federal Contract Tower,0,0,20,0,20,0,3,112,23,138,0,3,132,23,158,169,0,169,327
07/25/2021,RAL,CA,AWP,WE,Federal Contract Tower,0,1,8,0,9,0,3,97,17,117,0,4,105,17,126,154,0,154,280
07/26/2021,RAL,CA,AWP,WE,Federal Contract Tower,0,0,16,0,16,0,0,67,0,67,0,0,83,0,83,290,0,290,373
07/27/2021,RAL,CA,AWP,WE,Federal Contract Tower,0,0,27,2,29,0,8,90,1,99,0,8,117,3,128,247,0,247,375
07/28/2021,RAL,CA,AWP,WE,Federal Contract Tower,0,0,19,0,19,0,17,151,0,168,0,17,170,0,187,228,0,228,415
07/29/2021,RAL,CA,AWP,WE,Federal Contract Tower,0,2,29,0,31,0,11,116,2,129,0,13,145,2,160,169,0,169,329
07/30/2021,RAL,CA,AWP,WE,Federal Contract Tower,0,0,12,0,12,0,9,95,0,104,0,9,107,0,116,245,0,245,361
07/31/2021,RAL,CA,AWP,WE,Federal Contract Tower,0,0,8,0,8,0,7,87,0,94,0,7,95,0,102,157,0,157,259
08/01/2021,RAL,CA,AWP,WE,Federal Contract Tower,0,0,11,0,11,0,0,65,0,65,0,0,76,0,76,96,0,96,172
08/02/2021,RAL,CA,AWP,WE,Federal Contract Tower,0,0,4,0,4,0,3,88,0,91,0,3,92,0,95,154,0,154,249
08/03/2021,RAL,CA,AWP,WE,Federal Contract Tower,0,0,7,1,8,0,8,116,0,124,0,8,123,1,132,190,1,191,323
08/04/2021,RAL,CA,AWP,WE,Federal Contract Tower,0,0,25,0,25,0,16,145,1,162,0,16,170,1,187,259,0,259,446
08/05/2021,RAL,CA,AWP,WE,Federal Contract Tower,0,0,16,0,16,0,17,113,3,133,0,17,129,3,149,216,0,216,365
08/06/2021,RAL,CA,AWP,WE,Federal Contract Tower,0,0,25,0,25,0,10,106,1,117,0,10,131,1,142,187,0,187,329
08/07/2021,RAL,CA,AWP,WE,Federal Contract Tower,0,0,15,0,15,0,8,72,0,80,0,8,87,0,95,161,0,161,256
08/08/2021,RAL,CA,AWP,WE,Federal Contract Tower,0,0,11,0,11,0,3,84,3,90,0,3,95,3,101,103,0,103,204
08/09/2021,RAL,CA,AWP,WE,Federal Contract Tower,0,0,18,0,18,0,4,98,1,103,0,4,116,1,121,148,0,148,269
08/10/2021,RAL,CA,AWP,WE,Federal Contract Tower,0,0,27,0,27,0,8,150,2,160,0,8,177,2,187,179,0,179,366
08/11/2021,RAL,CA,AWP,WE,Federal Contract Tower,0,0,32,0,32,0,25,125,0,150,0,25,157,0,182,229,0,229,411
08/12/2021,RAL,CA,AWP,WE,Federal Contract Tower,0,0,14,0,14,0,8,127,2,137,0,8,141,2,151,155,0,155,306
08/13/2021,RAL,CA,AWP,WE,Federal Contract Tower,0,0,26,0,26,0,12,118,2,132,0,12,144,2,158,237,0,237,395
08/14/2021,RAL,CA,AWP,WE,Federal Contract Tower,0,0,3,0,3,0,8,63,0,71,0,8,66,0,74,159,0,159,233
08/15/2021,RAL,CA,AWP,WE,Federal Contract Tower,0,0,18,0,18,0,0,76,1,77,0,0,94,1,95,113,0,113,208
08/16/2021,RAL,CA,AWP,WE,Federal Contract Tower,0,0,25,0,25,0,2,109,0,111,0,2,134,0,136,209,0,209,345
08/17/2021,RAL,CA,AWP,WE,Federal Contract Tower,0,0,15,0,15,0,8,129,3,140,0,8,144,3,155,220,0,220,375
08/18/2021,RAL,CA,AWP,WE,Federal Contract Tower,0,0,37,0,37,0,10,84,1,95,0,10,121,1,132,336,0,336,468
08/19/2021,RAL,CA,AWP,WE,Federal Contract Tower,0,0,28,0,28,0,13,128,2,143,0,13,156,2,171,306,0,306,477
08/20/2021,RAL,CA,AWP,WE,Federal Contract Tower,0,0,27,0,27,0,21,87,0,108,0,21,114,0,135,214,0,214,349
08/21/2021,RAL,CA,AWP,WE,Federal Contract Tower,0,0,31,0,31,0,7,41,0,48,0,7,72,0,79,170,0,170,249
08/22/2021,RAL,CA,AWP,WE,Federal Contract Tower,0,0,8,0,8,0,0,46,0,46,0,0,54,0,54,191,0,191,245
08/23/2021,RAL,CA,AWP,WE,Federal Contract Tower,0,0,31,0,31,0,5,125,0,130,0,5,156,0,161,290,0,290,451
08/24/2021,RAL,CA,AWP,WE,Federal Contract Tower,0,2,24,0,26,0,8,138,4,150,0,10,162,4,176,308,0,308,484
08/25/2021,RAL,CA,AWP,WE,Federal Contract Tower,0,0,23,0,23,0,20,117,5,142,0,20,140,5,165,255,0,255,420
08/26/2021,RAL,CA,AWP,WE,Federal Contract Tower,0,0,23,0,23,0,5,94,0,99,0,5,117,0,122,222,0,222,344
08/27/2021,RAL,CA,AWP,WE,Federal Contract Tower,0,0,24,0,24,0,4,98,0,102,0,4,122,0,126,202,0,202,328
08/28/2021,RAL,CA,AWP,WE,Federal Contract Tower,0,0,6,0,6,0,6,92,1,99,0,6,98,1,105,102,0,102,207
08/29/2021,RAL,CA,AWP,WE,Federal Contract Tower,0,0,23,0,23,0,3,89,10,102,0,3,112,10,125,115,0,115,240
08/30/2021,RAL,CA,AWP,WE,Federal Contract Tower,0,0,20,0,20,0,3,134,0,137,0,3,154,0,157,153,0,153,310
08/31/2021,RAL,CA,AWP,WE,Federal Contract Tower,0,0,28,0,28,0,2,80,0,82,0,2,108,0,110,229,0,229,339
09/01/2021,RAL,CA,AWP,WE,Federal Contract Tower,0,0,33,0,33,0,5,57,15,77,0,5,90,15,110,252,10,262,372
09/02/2021,RAL,CA,AWP,WE,Federal Contract Tower,0,0,39,0,39,0,3,91,0,94,0,3,130,0,133,249,0,249,382
09/03/2021,RAL,CA,AWP,WE,Federal Contract Tower,0,0,31,0,31,0,2,125,0,127,0,2,156,0,158,216,0,216,374
09/04/2021,RAL,CA,AWP,WE,Federal Contract Tower,0,1,12,0,13,0,4,77,6,87,0,5,89,6,100,161,0,161,261
09/05/2021,RAL,CA,AWP,WE,Federal Contract Tower,0,0,8,0,8,0,3,57,10,70,0,3,65,10,78,68,0,68,146
09/06/2021,RAL,CA,AWP,WE,Federal Contract Tower,0,0,15,0,15,0,4,112,0,116,0,4,127,0,131,275,0,275,406
09/07/2021,RAL,CA,AWP,WE,Federal Contract Tower,0,2,25,0,27,0,4,102,0,106,0,6,127,0,133,199,0,199,332
09/08/2021,RAL,CA,AWP,WE,Federal Contract Tower,0,0,29,0,29,0,4,121,0,125,0,4,150,0,154,175,0,175,329
09/09/2021,RAL,CA,AWP,WE,Federal Contract Tower,0,0,27,0,27,0,4,89,0,93,0,4,116,0,120,156,0,156,276
09/10/2021,RAL,CA,AWP,WE,Federal Contract Tower,0,0,24,0,24,0,2,87,2,91,0,2,111,2,115,155,0,155,270
09/11/2021,RAL,CA,AWP,WE,Federal Contract Tower,0,2,21,0,23,0,6,69,0,75,0,8,90,0,98,100,0,100,198
09/12/2021,RAL,CA,AWP,WE,Federal Contract Tower,0,0,20,0,20,0,4,48,3,55,0,4,68,3,75,110,0,110,185
09/13/2021,RAL,CA,AWP,WE,Federal Contract Tower,0,0,14,0,14,0,4,145,3,152,0,4,159,3,166,180,0,180,346
09/14/2021,RAL,CA,AWP,WE,Federal Contract Tower,0,0,20,0,20,0,9,155,1,165,0,9,175,1,185,320,0,320,505
09/15/2021,RAL,CA,AWP,WE,Federal Contract Tower,0,0,20,0,20,0,3,62,0,65,0,3,82,0,85,159,0,159,244
09/16/2021,RAL,CA,AWP,WE,Federal Contract Tower,0,0,26,0,26,0,2,69,7,78,0,2,95,7,104,132,0,132,236
09/17/2021,RAL,CA,AWP,WE,Federal Contract Tower,0,0,23,0,23,0,7,81,0,88,0,7,104,0,111,181,0,181,292
09/18/2021,RAL,CA,AWP,WE,Federal Contract Tower,0,0,11,0,11,0,5,83,1,89,0,5,94,1,100,208,0,208,308
09/19/2021,RAL,CA,AWP,WE,Federal Contract Tower,0,0,11,0,11,0,6,98,0,104,0,6,109,0,115,143,0,143,258
09/20/2021,RAL,CA,AWP,WE,Federal Contract Tower,0,0,18,0,18,0,4,137,1,142,0,4,155,1,160,219,0,219,379
09/21/2021,RAL,CA,AWP,WE,Federal Contract Tower,0,0,33,0,33,0,11,130,2,143,0,11,163,2,176,187,0,187,363
09/22/2021,RAL,CA,AWP,WE,Federal Contract Tower,0,0,30,0,30,0,3,99,0,102,0,3,129,0,132,185,0,185,317
09/23/2021,RAL,CA,AWP,WE,Federal Contract Tower,0,0,46,0,46,0,6,105,2,113,0,6,151,2,159,245,0,245,404
09/24/2021,RAL,CA,AWP,WE,Federal Contract Tower,0,0,9,0,9,0,0,65,0,65,0,0,74,0,74,172,0,172,246
09/25/2021,RAL,CA,AWP,WE,Federal Contract Tower,0,0,23,0,23,0,5,123,1,129,0,5,146,1,152,221,0,221,373
09/26/2021,RAL,CA,AWP,WE,Federal Contract Tower,0,0,23,0,23,0,4,71,2,77,0,4,94,2,100,74,0,74,174
09/27/2021,RAL,CA,AWP,WE,Federal Contract Tower,0,0,18,0,18,0,0,58,0,58,0,0,76,0,76,312,0,312,388
09/28/2021,RAL,CA,AWP,WE,Federal Contract Tower,0,0,23,0,23,0,3,99,2,104,0,3,122,2,127,249,0,249,376
09/29/2021,RAL,CA,AWP,WE,Federal Contract Tower,0,0,22,0,22,0,5,125,0,130,0,5,147,0,152,208,0,208,360
09/30/2021,RAL,CA,AWP,WE,Federal Contract Tower,0,0,5,0,5,0,8,72,0,80,0,8,77,0,85,126,0,126,211
10/01/2021,RAL,CA,AWP,WE,Federal Contract Tower,0,0,28,0,28,0,9,124,0,133,0,9,152,0,161,189,0,189,350
10/02/2021,RAL,CA,AWP,WE,Federal Contract Tower,0,0,19,0,19,0,2,97,0,99,0,2,116,0,118,127,0,127,245
10/03/2021,RAL,CA,AWP,WE,Federal Contract Tower,0,0,20,0,20,0,1,90,0,91,0,1,110,0,111,173,0,173,284
10/04/2021,RAL,CA,AWP,WE,Federal Contract Tower,0,0,24,0,24,0,0,137,2,139,0,0,161,2,163,193,0,193,356
10/05/2021,RAL,CA,AWP,WE,Federal Contract Tower,0,0,19,0,19,0,6,144,2,152,0,6,163,2,171,158,0,158,329
10/06/2021,RAL,CA,AWP,WE,Federal Contract Tower,0,0,37,0,37,0,8,105,2,115,0,8,142,2,152,200,0,200,352
10/07/2021,RAL,CA,AWP,WE,Federal Contract Tower,0,0,42,0,42,0,1,64,0,65,0,1,106,0,107,255,0,255,362
10/08/2021,RAL,CA,AWP,WE,Federal Contract Tower,0,0,22,0,22,0,6,50,0,56,0,6,72,0,78,74,0,74,152
10/09/2021,RAL,CA,AWP,WE,Federal Contract Tower,0,0,21,0,21,0,6,157,0,163,0,6,178,0,184,155,0,155,339
10/10/2021,RAL,CA,AWP,WE,Federal Contract Tower,0,0,15,0,15,0,5,82,5,92,0,5,97,5,107,53,0,53,160
10/11/2021,RAL,CA,AWP,WE,Federal Contract Tower,0,0,26,0,26,0,2,92,0,94,0,2,118,0,120,116,0,116,236
10/12/2021,RAL,CA,AWP,WE,Federal Contract Tower,0,0,16,0,16,0,11,109,6,126,0,11,125,6,142,226,0,226,368
10/13/2021,RAL,CA,AWP,WE,Federal Contract Tower,0,2,21,0,23,0,2,151,0,153,0,4,172,0,176,199,0,199,375
10/14/2021,RAL,CA,AWP,WE,Federal Contract Tower,0,0,28,0,28,0,15,158,0,173,0,15,186,0,201,269,0,269,470
10/15/2021,RAL,CA,AWP,WE,Federal Contract Tower,0,1,18,0,19,0,5,89,0,94,0,6,107,0,113,103,0,103,216
10/16/2021,RAL,CA,AWP,WE,Federal Contract Tower,0,0,15,0,15,0,20,89,0,109,0,20,104,0,124,155,0,155,279
10/17/2021,RAL,CA,AWP,WE,Federal Contract Tower,0,0,27,0,27,0,5,122,0,127,0,5,149,0,154,107,0,107,261
10/18/2021,RAL,CA,AWP,WE,Federal Contract Tower,0,1,7,0,8,0,9,69,0,78,0,10,76,0,86,256,0,256,342
10/19/2021,RAL,CA,AWP,WE,Federal Contract Tower,0,0,32,0,32,0,13,166,1,180,0,13,198,1,212,266,0,266,478
10/20/2021,RAL,CA,AWP,WE,Federal Contract Tower,0,0,40,0,40,0,6,155,0,161,0,6,195,0,201,124,0,124,325
10/21/2021,RAL,CA,AWP,WE,Federal Contract Tower,0,0,23,0,23,0,4,154,0,158,0,4,177,0,181,137,0,137,318
10/22/2021,RAL,CA,AWP,WE,Federal Contract Tower,0,0,19,0,19,0,9,134,0,143,0,9,153,0,162,274,0,274,436
10/23/2021,RAL,CA,AWP,WE,Federal Contract Tower,0,0,22,0,22,0,6,44,0,50,0,6,66,0,72,120,0,120,192
10/24/2021,RAL,CA,AWP,WE,Federal Contract Tower,0,0,15,0,15,0,7,59,0,66,0,7,74,0,81,195,0,195,276
10/25/2021,RAL,CA,AWP,WE,Federal Contract Tower,0,0,12,0,12,0,2,10,1,13,0,2,22,1,25,70,0,70,95
10/26/2021,RAL,CA,AWP,WE,Federal Contract Tower,0,0,26,0,26,0,4,178,0,182,0,4,204,0,208,249,0,249,457
10/27/2021,RAL,CA,AWP,WE,Federal Contract Tower,0,0,27,1,28,0,2,164,4,170,0,2,191,5,198,198,0,198,396
10/28/2021,RAL,CA,AWP,WE,Federal Contract Tower,0,0,20,0,20,0,5,88,0,93,0,5,108,0,113,134,0,134,247
10/29/2021,RAL,CA,AWP,WE,Federal Contract Tower,0,0,29,0,29,0,13,206,0,219,0,13,235,0,248,212,0,212,460
10/30/2021,RAL,CA,AWP,WE,Federal Contract Tower,0,1,15,0,16,0,6,116,3,125,0,7,131,3,141,194,0,194,335
10/31/2021,RAL,CA,AWP,WE,Federal Contract Tower,0,2,20,0,22,0,1,30,2,33,0,3,50,2,55,28,0,28,83
11/01/2021,RAL,CA,AWP,WE,Federal Contract Tower,0,0,26,0,26,0,7,92,0,99,0,7,118,0,125,155,0,155,280
11/02/2021,RAL,CA,AWP,WE,Federal Contract Tower,0,0,46,0,46,0,6,134,3,143,0,6,180,3,189,131,0,131,320
11/03/2021,RAL,CA,AWP,WE,Federal Contract Tower,0,0,25,0,25,0,4,157,0,161,0,4,182,0,186,250,0,250,436
11/04/2021,RAL,CA,AWP,WE,Federal Contract Tower,0,3,26,0,29,0,4,112,0,116,0,7,138,0,145,186,0,186,331
11/05/2021,RAL,CA,AWP,WE,Federal Contract Tower,0,0,31,1,32,0,9,154,2,165,0,9,185,3,197,174,0,174,371
11/06/2021,RAL,CA,AWP,WE,Federal Contract Tower,0,0,21,0,21,0,4,64,1,69,0,4,85,1,90,109,0,109,199
11/07/2021,RAL,CA,AWP,WE,Federal Contract Tower,0,0,21,0,21,0,4,79,0,83,0,4,100,0,104,64,0,64,168
11/08/2021,RAL,CA,AWP,WE,Federal Contract Tower,0,0,18,0,18,0,8,145,4,157,0,8,163,4,175,162,0,162,337
11/09/2021,RAL,CA,AWP,WE,Federal Contract Tower,0,0,34,0,34,0,2,109,4,115,0,2,143,4,149,238,0,238,387
11/10/2021,RAL,CA,AWP,WE,Federal Contract Tower,0,0,22,0,22,0,3,160,0,163,0,3,182,0,185,181,0,181,366
11/11/2021,RAL,CA,AWP,WE,Federal Contract Tower,0,0,8,0,8,0,2,89,0,91,0,2,97,0,99,74,0,74,173
11/12/2021,RAL,CA,AWP,WE,Federal Contract Tower,0,2,20,0,22,0,6,142,2,150,0,8,162,2,172,68,0,68,240
11/13/2021,RAL,CA,AWP,WE,Federal Contract Tower,0,0,24,0,24,0,5,153,2,160,0,5,177,2,184,136,0,136,320
11/14/2021,RAL,CA,AWP,WE,Federal Contract Tower,0,1,17,0,18,0,7,83,8,98,0,8,100,8,116,253,0,253,369
11/15/2021,RAL,CA,AWP,WE,Federal Contract Tower,0,0,28,0,28,0,7,172,0,179,0,7,200,0,207,196,0,196,403
11/16/2021,RAL,CA,AWP,WE,Federal Contract Tower,0,0,32,1,33,0,5,161,1,167,0,5,193,2,200,207,0,207,407
11/17/2021,RAL,CA,AWP,WE,Federal Contract Tower,0,0,25,0,25,0,4,111,0,115,0,4,136,0,140,213,0,213,353
11/18/2021,RAL,CA,AWP,WE,Federal Contract Tower,0,0,24,0,24,0,2,143,2,147,0,2,167,2,171,260,0,260,431
11/19/2021,RAL,CA,AWP,WE,Federal Contract Tower,0,0,9,0,9,0,6,115,0,121,0,6,124,0,130,184,0,184,314
11/20/2021,RAL,CA,AWP,WE,Federal Contract Tower,0,0,16,0,16,0,5,80,0,85,0,5,96,0,101,171,0,171,272
11/21/2021,RAL,CA,AWP,WE,Federal Contract Tower,0,0,8,0,8,0,10,22,0,32,0,10,30,0,40,0,0,0,40
11/22/2021,RAL,CA,AWP,WE,Federal Contract Tower,0,1,17,0,18,0,13,150,0,163,0,14,167,0,181,268,0,268,449
11/23/2021,RAL,CA,AWP,WE,Federal Contract Tower,0,0,27,0,27,0,2,175,1,178,0,2,202,1,205,249,0,249,454
11/24/2021,RAL,CA,AWP,WE,Federal Contract Tower,0,0,10,0,10,0,0,40,0,40,0,0,50,0,50,50,0,50,100
11/25/2021,RAL,CA,AWP,WE,Federal Contract Tower,0,0,0,0,0,0,3,6,0,9,0,3,6,0,9,0,0,0,9
11/26/2021,RAL,CA,AWP,WE,Federal Contract Tower,0,2,14,0,16,0,9,65,0,74,0,11,79,0,90,72,0,72,162
11/27/2021,RAL,CA,AWP,WE,Federal Contract Tower,0,0,10,0,10,0,7,94,0,101,0,7,104,0,111,192,0,192,303
11/28/2021,RAL,CA,AWP,WE,Federal Contract Tower,0,1,14,0,15,0,8,81,0,89,0,9,95,0,104,206,0,206,310
11/29/2021,RAL,CA,AWP,WE,Federal Contract Tower,0,0,29,0,29,0,11,160,3,174,0,11,189,3,203,259,0,259,462
11/30/2021,RAL,CA,AWP,WE,Federal Contract Tower,0,0,23,0,23,0,2,137,0,139,0,2,160,0,162,144,0,144,306
12/01/2021,RAL,CA,AWP,WE,Federal Contract Tower,0,0,38,0,38,0,3,156,0,159,0,3,194,0,197,245,0,245,442
12/02/2021,RAL,CA,AWP,WE,Federal Contract Tower,0,2,33,0,35,0,1,133,0,134,0,3,166,0,169,334,0,334,503
12/04/2021,RAL,CA,AWP,WE,Federal Contract Tower,0,0,17,0,17,0,0,0,0,0,0,0,17,0,17,1,0,1,18
12/05/2021,RAL,CA,AWP,WE,Federal Contract Tower,0,0,14,0,14,0,1,16,0,17,0,1,30,0,31,40,0,40,71
12/06/2021,RAL,CA,AWP,WE,Federal Contract Tower,0,0,48,0,48,0,9,127,3,139,0,9,175,3,187,255,0,255,442
12/07/2021,RAL,CA,AWP,WE,Federal Contract Tower,0,0,27,0,27,0,13,51,0,64,0,13,78,0,91,226,0,226,317
12/08/2021,RAL,CA,AWP,WE,Federal Contract Tower,0,0,28,0,28,0,4,112,0,116,0,4,140,0,144,171,0,171,315
12/09/2021,RAL,CA,AWP,WE,Federal Contract Tower,0,1,7,0,8,0,0,11,0,11,0,1,18,0,19,47,0,47,66
12/10/2021,RAL,CA,AWP,WE,Federal Contract Tower,0,0,32,0,32,0,19,134,0,153,0,19,166,0,185,228,0,228,413
12/11/2021,RAL,CA,AWP,WE,Federal Contract Tower,0,0,17,0,17,0,11,140,0,151,0,11,157,0,168,245,0,245,413
12/12/2021,RAL,CA,AWP,WE,Federal Contract Tower,0,1,13,0,14,0,3,111,8,122,0,4,124,8,136,146,0,146,282
12/13/2021,RAL,CA,AWP,WE,Federal Contract Tower,0,0,31,0,31,0,3,112,2,117,0,3,143,2,148,281,0,281,429
12/14/2021,RAL,CA,AWP,WE,Federal Contract Tower,0,0,6,0,6,0,0,0,0,0,0,0,6,0,6,8,0,8,14
12/15/2021,RAL,CA,AWP,WE,Federal Contract Tower,0,0,19,0,19,0,5,129,3,137,0,5,148,3,156,250,0,250,406
12/16/2021,RAL,CA,AWP,WE,Federal Contract Tower,0,0,22,0,22,0,7,108,0,115,0,7,130,0,137,154,0,154,291
12/17/2021,RAL,CA,AWP,WE,Federal Contract Tower,0,0,16,0,16,0,10,104,0,114,0,10,120,0,130,65,0,65,195
12/18/2021,RAL,CA,AWP,WE,Federal Contract Tower,0,0,30,0,30,0,9,122,0,131,0,9,152,0,161,179,0,179,340
12/19/2021,RAL,CA,AWP,WE,Federal Contract Tower,0,0,26,0,26,0,6,122,4,132,0,6,148,4,158,118,0,118,276
12/20/2021,RAL,CA,AWP,WE,Federal Contract Tower,0,0,16,0,16,0,2,106,0,108,0,2,122,0,124,159,0,159,283
12/21/2021,RAL,CA,AWP,WE,Federal Contract Tower,0,0,15,0,15,0,6,98,0,104,0,6,113,0,119,180,0,180,299
12/22/2021,RAL,CA,AWP,WE,Federal Contract Tower,0,0,12,0,12,0,10,104,0,114,0,10,116,0,126,249,0,249,375
12/23/2021,RAL,CA,AWP,WE,Federal Contract Tower,0,2,10,0,12,0,0,0,0,0,0,2,10,0,12,0,0,0,12
12/24/2021,RAL,CA,AWP,WE,Federal Contract Tower,0,0,0,0,0,0,0,7,0,7,0,0,7,0,7,10,0,10,17
12/25/2021,RAL,CA,AWP,WE,Federal Contract Tower,0,0,1,0,1,0,5,2,0,7,0,5,3,0,8,33,0,33,41
12/26/2021,RAL,CA,AWP,WE,Federal Contract Tower,0,0,11,0,11,0,1,73,0,74,0,1,84,0,85,137,0,137,222
12/27/2021,RAL,CA,AWP,WE,Federal Contract Tower,0,0,4,0,4,0,3,18,0,21,0,3,22,0,25,64,0,64,89
12/28/2021,RAL,CA,AWP,WE,Federal Contract Tower,0,0,12,0,12,0,2,34,0,36,0,2,46,0,48,106,0,106,154
12/29/2021,RAL,CA,AWP,WE,Federal Contract Tower,0,1,13,0,14,0,0,28,2,30,0,1,41,2,44,56,0,56,100
12/30/2021,RAL,CA,AWP,WE,Federal Contract Tower,0,0,4,0,4,0,0,4,0,4,0,0,8,0,8,0,0,0,8
12/31/2021,RAL,CA,AWP,WE,Federal Contract Tower,0,0,7,0,7,0,10,35,0,45,0,10,42,0,52,108,0,108,160
01/01/2022,RAL,CA,AWP,WE,Federal Contract Tower,0,0,4,0,4,0,10,24,0,34,0,10,28,0,38,0,0,0,38
01/02/2022,RAL,CA,AWP,WE,Federal Contract Tower,0,0,19,0,19,0,1,91,0,92,0,1,110,0,111,76,0,76,187
01/03/2022,RAL,CA,AWP,WE,Federal Contract Tower,0,0,7,0,7,0,3,83,0,86,0,3,90,0,93,107,0,107,200
01/04/2022,RAL,CA,AWP,WE,Federal Contract Tower,0,0,19,0,19,0,0,84,0,84,0,0,103,0,103,130,0,130,233
01/05/2022,RAL,CA,AWP,WE,Federal Contract Tower,0,0,16,0,16,0,4,115,0,119,0,4,131,0,135,229,0,229,364
01/06/2022,RAL,CA,AWP,WE,Federal Contract Tower,0,0,22,0,22,0,6,129,0,135,0,6,151,0,157,220,0,220,377
01/07/2022,RAL,CA,AWP,WE,Federal Contract Tower,0,0,23,0,23,0,15,107,0,122,0,15,130,0,145,267,0,267,412
01/08/2022,RAL,CA,AWP,WE,Federal Contract Tower,0,0,14,0,14,0,9,79,3,91,0,9,93,3,105,162,0,162,267
01/09/2022,RAL,CA,AWP,WE,Federal Contract Tower,0,0,26,0,26,0,1,88,1,90,0,1,114,1,116,83,0,83,199
01/10/2022,RAL,CA,AWP,WE,Federal Contract Tower,0,0,23,0,23,0,2,106,0,108,0,2,129,0,131,76,0,76,207
01/11/2022,RAL,CA,AWP,WE,Federal Contract Tower,0,0,29,1,30,0,0,90,1,91,0,0,119,2,121,56,0,56,177
01/12/2022,RAL,CA,AWP,WE,Federal Contract Tower,0,0,11,0,11,0,3,111,4,118,0,3,122,4,129,274,0,274,403
01/13/2022,RAL,CA,AWP,WE,Federal Contract Tower,0,0,25,0,25,0,3,100,5,108,0,3,125,5,133,283,0,283,416
01/14/2022,RAL,CA,AWP,WE,Federal Contract Tower,0,0,3,0,3,0,25,66,0,91,0,25,69,0,94,74,0,74,168
01/15/2022,RAL,CA,AWP,WE,Federal Contract Tower,0,0,19,4,23,0,3,91,0,94,0,3,110,4,117,144,0,144,261
01/16/2022,RAL,CA,AWP,WE,Federal Contract Tower,0,1,31,0,32,0,9,103,0,112,0,10,134,0,144,203,0,203,347
01/17/2022,RAL,CA,AWP,WE,Federal Contract Tower,0,0,29,0,29,0,1,77,0,78,0,1,106,0,107,182,0,182,289
01/18/2022,RAL,CA,AWP,WE,Federal Contract Tower,0,0,32,0,32,0,2,79,0,81,0,2,111,0,113,265,0,265,378
01/19/2022,RAL,CA,AWP,WE,Federal Contract Tower,0,0,27,0,27,0,140,109,1,250,0,140,136,1,277,293,0,293,570
01/20/2022,RAL,CA,AWP,WE,Federal Contract Tower,0,0,16,0,16,0,4,91,1,96,0,4,107,1,112,136,0,136,248
01/21/2022,RAL,CA,AWP,WE,Federal Contract Tower,0,0,14,0,14,0,6,96,2,104,0,6,110,2,118,162,0,162,280
01/22/2022,RAL,CA,AWP,WE,Federal Contract Tower,0,0,2,0,2,0,1,10,0,11,0,1,12,0,13,9,0,9,22
01/23/2022,RAL,CA,AWP,WE,Federal Contract Tower,0,0,9,0,9,0,3,57,0,60,0,3,66,0,69,42,0,42,111
01/24/2022,RAL,CA,AWP,WE,Federal Contract Tower,0,0,32,0,32,0,7,147,0,154,0,7,179,0,186,306,0,306,492
01/25/2022,RAL,CA,AWP,WE,Federal Contract Tower,0,0,22,0,22,0,0,113,0,113,0,0,135,0,135,180,0,180,315
01/26/2022,RAL,CA,AWP,WE,Federal Contract Tower,0,0,25,0,25,0,4,94,1,99,0,4,119,1,124,225,0,225,349
01/27/2022,RAL,CA,AWP,WE,Federal Contract Tower,0,0,17,0,17,0,5,128,1,134,0,5,145,1,151,156,0,156,307
01/28/2022,RAL,CA,AWP,WE,Federal Contract Tower,0,0,7,0,7,0,140,70,1,211,0,140,77,1,218,50,0,50,268
01/29/2022,RAL,CA,AWP,WE,Federal Contract Tower,0,0,30,0,30,0,8,122,9,139,0,8,152,9,169,288,0,288,457
01/30/2022,RAL,CA,AWP,WE,Federal Contract Tower,0,0,18,0,18,0,4,100,0,104,0,4,118,0,122,68,0,68,190
01/31/2022,RAL,CA,AWP,WE,Federal Contract Tower,0,0,21,0,21,0,0,118,0,118,0,0,139,0,139,282,0,282,421
02/01/2022,RAL,CA,AWP,WE,Federal Contract Tower,0,0,29,0,29,0,5,76,0,81,0,5,105,0,110,294,0,294,404
02/02/2022,RAL,CA,AWP,WE,Federal Contract Tower,0,0,0,0,0,0,0,15,1,16,0,0,15,1,16,21,0,21,37
02/03/2022,RAL,CA,AWP,WE,Federal Contract Tower,0,0,8,0,8,0,10,54,2,66,0,10,62,2,74,15,0,15,89
02/04/2022,RAL,CA,AWP,WE,Federal Contract Tower,0,0,12,0,12,0,29,77,3,109,0,29,89,3,121,226,0,226,347
02/05/2022,RAL,CA,AWP,WE,Federal Contract Tower,0,0,16,0,16,0,3,83,0,86,0,3,99,0,102,189,0,189,291
02/06/2022,RAL,CA,AWP,WE,Federal Contract Tower,0,2,6,0,8,0,2,38,0,40,0,4,44,0,48,8,0,8,56
02/07/2022,RAL,CA,AWP,WE,Federal Contract Tower,0,0,11,0,11,0,1,93,0,94,0,1,104,0,105,293,0,293,398
02/08/2022,RAL,CA,AWP,WE,Federal Contract Tower,0,0,14,0,14,0,9,109,0,118,0,9,123,0,132,120,0,120,252
02/09/2022,RAL,CA,AWP,WE,Federal Contract Tower,0,3,10,0,13,0,7,77,0,84,0,10,87,0,97,35,0,35,132
02/10/2022,RAL,CA,AWP,WE,Federal Contract Tower,0,2,5,0,7,0,6,27,1,34,0,8,32,1,41,26,0,26,67
02/11/2022,RAL,CA,AWP,WE,Federal Contract Tower,0,0,32,0,32,0,22,189,0,211,0,22,221,0,243,318,0,318,561
02/12/2022,RAL,CA,AWP,WE,Federal Contract Tower,0,0,22,0,22,0,1,129,0,130,0,1,151,0,152,196,0,196,348
02/13/2022,RAL,CA,AWP,WE,Federal Contract Tower,0,0,4,0,4,0,1,92,0,93,0,1,96,0,97,92,0,92,189
02/14/2022,RAL,CA,AWP,WE,Federal Contract Tower,0,0,17,0,17,0,4,172,0,176,0,4,189,0,193,275,0,275,468
02/15/2022,RAL,CA,AWP,WE,Federal Contract Tower,0,0,27,0,27,0,2,55,1,58,0,2,82,1,85,220,0,220,305
02/16/2022,RAL,CA,AWP,WE,Federal Contract Tower,0,0,28,0,28,0,14,175,9,198,0,14,203,9,226,332,0,332,558
02/17/2022,RAL,CA,AWP,WE,Federal Contract Tower,0,0,11,0,11,0,7,64,0,71,0,7,75,0,82,12,0,12,94
02/18/2022,RAL,CA,AWP,WE,Federal Contract Tower,0,4,23,0,27,0,6,155,0,161,0,10,178,0,188,204,0,204,392
02/19/2022,RAL,CA,AWP,WE,Federal Contract Tower,0,0,15,0,15,0,3,134,1,138,0,3,149,1,153,214,0,214,367
02/20/2022,RAL,CA,AWP,WE,Federal Contract Tower,0,0,19,0,19,0,2,75,0,77,0,2,94,0,96,163,0,163,259
02/21/2022,RAL,CA,AWP,WE,Federal Contract Tower,0,0,26,0,26,0,0,73,0,73,0,0,99,0,99,330,0,330,429
02/22/2022,RAL,CA,AWP,WE,Federal Contract Tower,0,0,11,0,11,0,0,54,1,55,0,0,65,1,66,196,0,196,262
02/23/2022,RAL,CA,AWP,WE,Federal Contract Tower,0,2,20,0,22,0,14,79,1,94,0,16,99,1,116,225,0,225,341
02/24/2022,RAL,CA,AWP,WE,Federal Contract Tower,0,0,27,0,27,0,7,189,1,197,0,7,216,1,224,271,0,271,495
02/25/2022,RAL,CA,AWP,WE,Federal Contract Tower,0,2,29,0,31,0,13,165,3,181,0,15,194,3,212,282,0,282,494
02/26/2022,RAL,CA,AWP,WE,Federal Contract Tower,0,0,12,0,12,0,5,94,0,99,0,5,106,0,111,109,0,109,220
02/27/2022,RAL,CA,AWP,WE,Federal Contract Tower,0,0,12,0,12,0,0,62,0,62,0,0,74,0,74,76,0,76,150
02/28/2022,RAL,CA,AWP,WE,Federal Contract Tower,0,1,12,0,13,0,2,85,0,87,0,3,97,0,100,57,0,57,157
03/01/2022,RAL,CA,AWP,WE,Federal Contract Tower,0,0,10,0,10,0,8,152,1,161,0,8,162,1,171,222,0,222,393
03/02/2022,RAL,CA,AWP,WE,Federal Contract Tower,0,1,23,0,24,0,24,148,2,174,0,25,171,2,198,338,0,338,536
03/03/2022,RAL,CA,AWP,WE,Federal Contract Tower,0,0,25,0,25,0,9,149,1,159,0,9,174,1,184,194,0,194,378
03/04/2022,RAL,CA,AWP,WE,Federal Contract Tower,0,1,13,0,14,0,20,66,0,86,0,21,79,0,100,269,0,269,369
03/05/2022,RAL,CA,AWP,WE,Federal Contract Tower,0,0,4,0,4,0,0,32,0,32,0,0,36,0,36,128,0,128,164
03/06/2022,RAL,CA,AWP,WE,Federal Contract Tower,0,0,25,0,25,0,4,118,3,125,0,4,143,3,150,173,0,173,323
03/07/2022,RAL,CA,AWP,WE,Federal Contract Tower,0,1,11,0,12,0,7,72,0,79,0,8,83,0,91,33,0,33,124
03/08/2022,RAL,CA,AWP,WE,Federal Contract Tower,0,0,15,2,17,0,15,128,3,146,0,15,143,5,163,255,0,255,418
03/09/2022,RAL,CA,AWP,WE,Federal Contract Tower,0,0,26,0,26,0,15,195,2,212,0,15,221,2,238,285,0,285,523
03/10/2022,RAL,CA,AWP,WE,Federal Contract Tower,0,0,17,0,17,0,5,79,0,84,0,5,96,0,101,191,0,191,292
03/11/2022,RAL,CA,AWP,WE,Federal Contract Tower,0,0,13,0,13,0,8,124,0,132,0,8,137,0,145,178,0,178,323
03/12/2022,RAL,CA,AWP,WE,Federal Contract Tower,0,4,21,0,25,0,9,140,0,149,0,13,161,0,174,217,0,217,391
03/13/2022,RAL,CA,AWP,WE,Federal Contract Tower,0,0,18,0,18,0,0,85,0,85,0,0,103,0,103,143,0,143,246
03/14/2022,RAL,CA,AWP,WE,Federal Contract Tower,0,1,30,0,31,0,2,131,0,133,0,3,161,0,164,259,0,259,423
03/15/2022,RAL,CA,AWP,WE,Federal Contract Tower,0,0,19,0,19,0,11,139,0,150,0,11,158,0,169,151,0,151,320
03/16/2022,RAL,CA,AWP,WE,Federal Contract Tower,0,0,23,0,23,0,6,161,0,167,0,6,184,0,190,273,0,273,463
03/17/2022,RAL,CA,AWP,WE,Federal Contract Tower,0,0,34,0,34,0,8,132,0,140,0,8,166,0,174,244,0,244,418
03/18/2022,RAL,CA,AWP,WE,Federal Contract Tower,0,0,31,0,31,0,5,157,3,165,0,5,188,3,196,357,0,357,553
03/19/2022,RAL,CA,AWP,WE,Federal Contract Tower,0,0,15,0,15,0,0,120,12,132,0,0,135,12,147,199,0,199,346
03/20/2022,RAL,CA,AWP,WE,Federal Contract Tower,0,1,13,0,14,0,1,78,19,98,0,2,91,19,112,114,0,114,226
03/21/2022,RAL,CA,AWP,WE,Federal Contract Tower,0,0,7,0,7,0,2,62,0,64,0,2,69,0,71,145,0,145,216
03/22/2022,RAL,CA,AWP,WE,Federal Contract Tower,0,0,6,0,6,0,5,54,0,59,0,5,60,0,65,6,0,6,71
03/23/2022,RAL,CA,AWP,WE,Federal Contract Tower,0,1,31,0,32,0,21,164,0,185,0,22,195,0,217,282,0,282,499
03/24/2022,RAL,CA,AWP,WE,Federal Contract Tower,0,0,32,0,32,0,6,156,4,166,0,6,188,4,198,302,0,302,500
03/25/2022,RAL,CA,AWP,WE,Federal Contract Tower,0,0,24,0,24,0,7,193,3,203,0,7,217,3,227,356,0,356,583
03/26/2022,RAL,CA,AWP,WE,Federal Contract Tower,0,0,24,0,24,0,6,155,7,168,0,6,179,7,192,235,0,235,427
03/27/2022,RAL,CA,AWP,WE,Federal Contract Tower,0,1,13,0,14,0,3,79,0,82,0,4,92,0,96,82,0,82,178
03/28/2022,RAL,CA,AWP,WE,Federal Contract Tower,0,0,9,0,9,0,3,21,0,24,0,3,30,0,33,97,0,97,130
03/29/2022,RAL,CA,AWP,WE,Federal Contract Tower,0,4,40,0,44,0,6,107,5,118,0,10,147,5,162,309,0,309,471
03/30/2022,RAL,CA,AWP,WE,Federal Contract Tower,0,1,26,0,27,0,16,161,4,181,0,17,187,4,208,339,0,339,547
03/31/2022,RAL,CA,AWP,WE,Federal Contract Tower,0,0,50,0,50,0,12,106,0,118,0,12,156,0,168,151,0,151,319
04/01/2022,RAL,CA,AWP,WE,Federal Contract Tower,0,0,44,0,44,0,11,153,2,166,0,11,197,2,210,345,0,345,555
04/02/2022,RAL,CA,AWP,WE,Federal Contract Tower,0,0,14,0,14,0,2,54,0,56,0,2,68,0,70,318,0,318,388
04/03/2022,RAL,CA,AWP,WE,Federal Contract Tower,0,0,31,0,31,0,0,32,0,32,0,0,63,0,63,143,0,143,206
04/04/2022,RAL,CA,AWP,WE,Federal Contract Tower,0,0,28,0,28,0,15,106,2,123,0,15,134,2,151,110,0,110,261
04/05/2022,RAL,CA,AWP,WE,Federal Contract Tower,0,0,36,0,36,0,14,152,1,167,0,14,188,1,203,318,0,318,521
04/06/2022,RAL,CA,AWP,WE,Federal Contract Tower,0,3,26,0,29,0,14,113,0,127,0,17,139,0,156,146,0,146,302
04/07/2022,RAL,CA,AWP,WE,Federal Contract Tower,0,0,7,0,7,0,7,69,0,76,0,7,76,0,83,66,0,66,149
04/08/2022,RAL,CA,AWP,WE,Federal Contract Tower,0,0,21,0,21,0,10,150,0,160,0,10,171,0,181,279,0,279,460
04/09/2022,RAL,CA,AWP,WE,Federal Contract Tower,0,0,17,0,17,0,10,115,1,126,0,10,132,1,143,216,0,216,359
04/10/2022,RAL,CA,AWP,WE,Federal Contract Tower,0,0,14,0,14,0,10,76,0,86,0,10,90,0,100,142,0,142,242
04/11/2022,RAL,CA,AWP,WE,Federal Contract Tower,0,0,30,0,30,0,16,88,0,104,0,16,118,0,134,304,0,304,438
04/12/2022,RAL,CA,AWP,WE,Federal Contract Tower,0,0,26,0,26,0,18,123,1,142,0,18,149,1,168,289,0,289,457
04/13/2022,RAL,CA,AWP,WE,Federal Contract Tower,0,0,27,0,27,0,3,153,0,156,0,3,180,0,183,308,0,308,491
04/14/2022,RAL,CA,AWP,WE,Federal Contract Tower,0,0,31,0,31,0,9,148,0,157,0,9,179,0,188,214,0,214,402
04/15/2022,RAL,CA,AWP,WE,Federal Contract Tower,0,0,15,0,15,0,7,103,4,114,0,7,118,4,129,251,0,251,380
04/16/2022,RAL,CA,AWP,WE,Federal Contract Tower,0,0,20,0,20,0,29,87,2,118,0,29,107,2,138,197,0,197,335
04/17/2022,RAL,CA,AWP,WE,Federal Contract Tower,0,0,18,0,18,0,14,104,0,118,0,14,122,0,136,48,0,48,184
04/18/2022,RAL,CA,AWP,WE,Federal Contract Tower,0,1,23,0,24,0,15,103,3,121,0,16,126,3,145,212,0,212,357
04/19/2022,RAL,CA,AWP,WE,Federal Contract Tower,0,0,40,0,40,0,13,147,1,161,0,13,187,1,201,184,0,184,385
04/20/2022,RAL,CA,AWP,WE,Federal Contract Tower,0,0,31,0,31,0,11,101,0,112,0,11,132,0,143,316,0,316,459
04/21/2022,RAL,CA,AWP,WE,Federal Contract Tower,0,0,31,0,31,0,4,129,6,139,0,4,160,6,170,229,0,229,399
04/22/2022,RAL,CA,AWP,WE,Federal Contract Tower,0,0,20,0,20,0,4,62,0,66,0,4,82,0,86,275,0,275,361
04/23/2022,RAL,CA,AWP,WE,Federal Contract Tower,0,0,13,0,13,0,2,147,0,149,0,2,160,0,162,87,0,87,249
04/24/2022,RAL,CA,AWP,WE,Federal Contract Tower,0,1,12,0,13,0,6,51,0,57,0,7,63,0,70,33,0,33,103
04/25/2022,RAL,CA,AWP,WE,Federal Contract Tower,0,0,22,0,22,0,10,128,1,139,0,10,150,1,161,245,0,245,406
04/26/2022,RAL,CA,AWP,WE,Federal Contract Tower,0,0,31,0,31,0,8,156,2,166,0,8,187,2,197,376,0,376,573
04/27/2022,RAL,CA,AWP,WE,Federal Contract Tower,0,0,24,0,24,0,4,135,0,139,0,4,159,0,163,329,0,329,492
04/28/2022,RAL,CA,AWP,WE,Federal Contract Tower,0,0,34,0,34,0,11,87,0,98,0,11,121,0,132,243,0,243,375
04/29/2022,RAL,CA,AWP,WE,Federal Contract Tower,0,0,19,0,19,0,9,154,0,163,0,9,173,0,182,380,0,380,562
04/30/2022,RAL,CA,AWP,WE,Federal Contract Tower,0,0,5,0,5,0,5,103,0,108,0,5,108,0,113,157,0,157,270
05/01/2022,RAL,CA,AWP,WE,Federal Contract Tower,0,1,13,0,14,0,6,96,2,104,0,7,109,2,118,128,0,128,246
05/02/2022,RAL,CA,AWP,WE,Federal Contract Tower,0,0,19,0,19,0,8,91,2,101,0,8,110,2,120,220,0,220,340
05/03/2022,RAL,CA,AWP,WE,Federal Contract Tower,0,1,39,0,40,0,12,132,6,150,0,13,171,6,190,317,0,317,507
05/04/2022,RAL,CA,AWP,WE,Federal Contract Tower,0,0,24,0,24,0,9,132,0,141,0,9,156,0,165,221,0,221,386
05/05/2022,RAL,CA,AWP,WE,Federal Contract Tower,0,1,23,0,24,0,5,125,2,132,0,6,148,2,156,312,0,312,468
05/06/2022,RAL,CA,AWP,WE,Federal Contract Tower,0,0,19,0,19,0,7,142,0,149,0,7,161,0,168,248,0,248,416
05/07/2022,RAL,CA,AWP,WE,Federal Contract Tower,0,0,19,0,19,0,8,141,19,168,0,8,160,19,187,169,0,169,356
05/08/2022,RAL,CA,AWP,WE,Federal Contract Tower,0,0,12,0,12,0,6,54,0,60,0,6,66,0,72,125,0,125,197
05/09/2022,RAL,CA,AWP,WE,Federal Contract Tower,0,2,27,0,29,0,13,155,2,170,0,15,182,2,199,194,0,194,393
05/10/2022,RAL,CA,AWP,WE,Federal Contract Tower,0,0,30,0,30,0,13,139,0,152,0,13,169,0,182,153,0,153,335
05/11/2022,RAL,CA,AWP,WE,Federal Contract Tower,0,1,22,0,23,0,7,111,0,118,0,8,133,0,141,273,0,273,414
05/12/2022,RAL,CA,AWP,WE,Federal Contract Tower,0,0,33,0,33,0,6,135,3,144,0,6,168,3,177,202,0,202,379
05/13/2022,RAL,CA,AWP,WE,Federal Contract Tower,0,0,17,0,17,0,14,149,8,171,0,14,166,8,188,251,0,251,439
05/14/2022,RAL,CA,AWP,WE,Federal Contract Tower,0,0,26,0,26,0,17,112,0,129,0,17,138,0,155,218,0,218,373
05/15/2022,RAL,CA,AWP,WE,Federal Contract Tower,0,0,12,0,12,0,6,95,0,101,0,6,107,0,113,71,0,71,184
05/16/2022,RAL,CA,AWP,WE,Federal Contract Tower,0,1,27,0,28,0,15,133,0,148,0,16,160,0,176,242,0,242,418
05/17/2022,RAL,CA,AWP,WE,Federal Contract Tower,0,3,38,0,41,0,9,76,0,85,0,12,114,0,126,251,0,251,377
05/18/2022,RAL,CA,AWP,WE,Federal Contract Tower,0,0,29,0,29,0,6,83,0,89,0,6,112,0,118,182,0,182,300
05/19/2022,RAL,CA,AWP,WE,Federal Contract Tower,0,0,18,0,18,0,4,77,0,81,0,4,95,0,99,179,0,179,278
05/20/2022,RAL,CA,AWP,WE,Federal Contract Tower,0,2,24,0,26,0,18,58,0,76,0,20,82,0,102,156,0,156,258
05/21/2022,RAL,CA,AWP,WE,Federal Contract Tower,0,0,10,0,10,0,6,77,2,85,0,6,87,2,95,229,0,229,324
05/22/2022,RAL,CA,AWP,WE,Federal Contract Tower,0,0,10,0,10,0,6,96,0,102,0,6,106,0,112,128,0,128,240
05/23/2022,RAL,CA,AWP,WE,Federal Contract Tower,0,0,13,0,13,0,16,65,4,85,0,16,78,4,98,168,2,170,268
05/24/2022,RAL,CA,AWP,WE,Federal Contract Tower,137,2,19,2,160,0,11,137,6,154,137,13,156,8,314,243,0,243,557
05/25/2022,RAL,CA,AWP,WE,Federal Contract Tower,0,1,15,0,16,0,2,115,0,117,0,3,130,0,133,199,0,199,332
05/26/2022,RAL,CA,AWP,WE,Federal Contract Tower,0,0,18,0,18,0,2,128,0,130,0,2,146,0,148,232,0,232,380
05/27/2022,RAL,CA,AWP,WE,Federal Contract Tower,0,0,36,0,36,0,3,104,1,108,0,3,140,1,144,303,0,303,447
05/28/2022,RAL,CA,AWP,WE,Federal Contract Tower,0,0,25,0,25,0,23,66,0,89,0,23,91,0,114,184,0,184,298
05/29/2022,RAL,CA,AWP,WE,Federal Contract Tower,0,0,15,0,15,0,21,69,0,90,0,21,84,0,105,123,0,123,228
05/30/2022,RAL,CA,AWP,WE,Federal Contract Tower,0,0,17,0,17,0,25,105,0,130,0,25,122,0,147,201,9,210,357
05/31/2022,RAL,CA,AWP,WE,Federal Contract Tower,0,1,34,0,35,0,8,136,0,144,0,9,170,0,179,237,0,237,416
06/01/2022,RAL,CA,AWP,WE,Federal Contract Tower,0,1,11,0,12,0,6,127,0,133,0,7,138,0,145,196,0,196,341
06/02/2022,RAL,CA,AWP,WE,Federal Contract Tower,0,1,19,0,20,0,6,126,0,132,0,7,145,0,152,223,0,223,375
06/03/2022,RAL,CA,AWP,WE,Federal Contract Tower,0,0,31,0,31,0,8,86,0,94,0,8,117,0,125,132,0,132,257
06/04/2022,RAL,CA,AWP,WE,Federal Contract Tower,0,0,16,0,16,0,6,66,0,72,0,6,82,0,88,199,0,199,287
06/05/2022,RAL,CA,AWP,WE,Federal Contract Tower,0,2,29,0,31,0,14,79,1,94,0,16,108,1,125,169,0,169,294
06/06/2022,RAL,CA,AWP,WE,Federal Contract Tower,0,1,19,0,20,0,12,122,1,135,0,13,141,1,155,222,0,222,377
06/07/2022,RAL,CA,AWP,WE,Federal Contract Tower,0,0,18,0,18,0,6,119,0,125,0,6,137,0,143,218,0,218,361
06/08/2022,RAL,CA,AWP,WE,Federal Contract Tower,0,1,17,0,18,0,4,104,0,108,0,5,121,0,126,252,0,252,378
06/09/2022,RAL,CA,AWP,WE,Federal Contract Tower,0,6,11,0,17,0,2,111,0,113,0,8,122,0,130,291,0,291,421
06/10/2022,RAL,CA,AWP,WE,Federal Contract Tower,0,0,15,0,15,0,8,123,0,131,0,8,138,0,146,192,0,192,338
06/11/2022,RAL,CA,AWP,WE,Federal Contract Tower,0,0,20,0,20,0,7,138,0,145,0,7,158,0,165,161,0,161,326
06/12/2022,RAL,CA,AWP,WE,Federal Contract Tower,0,0,33,0,33,0,15,103,0,118,0,15,136,0,151,141,0,141,292
06/13/2022,RAL,CA,AWP,WE,Federal Contract Tower,0,0,20,0,20,0,10,110,1,121,0,10,130,1,141,231,0,231,372
06/14/2022,RAL,CA,AWP,WE,Federal Contract Tower,0,1,33,0,34,0,4,130,0,134,0,5,163,0,168,238,0,238,406
06/15/2022,RAL,CA,AWP,WE,Federal Contract Tower,0,1,12,0,13,0,4,133,0,137,0,5,145,0,150,223,0,223,373
06/16/2022,RAL,CA,AWP,WE,Federal Contract Tower,0,2,20,0,22,0,4,121,0,125,0,6,141,0,147,206,0,206,353
06/17/2022,RAL,CA,AWP,WE,Federal Contract Tower,0,0,23,0,23,0,25,134,0,159,0,25,157,0,182,196,0,196,378
06/18/2022,RAL,CA,AWP,WE,Federal Contract Tower,0,0,15,0,15,0,5,102,3,110,0,5,117,3,125,182,0,182,307
06/19/2022,RAL,CA,AWP,WE,Federal Contract Tower,0,0,18,0,18,0,4,83,0,87,0,4,101,0,105,91,0,91,196
06/20/2022,RAL,CA,AWP,WE,Federal Contract Tower,0,0,23,0,23,0,6,160,0,166,0,6,183,0,189,227,0,227,416
06/21/2022,RAL,CA,AWP,WE,Federal Contract Tower,0,0,13,0,13,0,5,120,0,125,0,5,133,0,138,270,0,270,408
06/22/2022,RAL,CA,AWP,WE,Federal Contract Tower,0,0,10,0,10,0,2,75,0,77,0,2,85,0,87,121,0,121,208
06/23/2022,RAL,CA,AWP,WE,Federal Contract Tower,0,6,24,0,30,0,5,126,0,131,0,11,150,0,161,225,0,225,386
06/24/2022,RAL,CA,AWP,WE,Federal Contract Tower,0,0,22,0,22,0,15,116,0,131,0,15,138,0,153,161,0,161,314
06/25/2022,RAL,CA,AWP,WE,Federal Contract Tower,0,0,13,0,13,0,18,96,1,115,0,18,109,1,128,125,0,125,253
06/26/2022,RAL,CA,AWP,WE,Federal Contract Tower,0,0,13,0,13,0,3,103,4,110,0,3,116,4,123,147,0,147,270
06/27/2022,RAL,CA,AWP,WE,Federal Contract Tower,0,0,21,0,21,0,3,143,1,147,0,3,164,1,168,279,0,279,447
06/28/2022,RAL,CA,AWP,WE,Federal Contract Tower,0,0,15,0,15,0,3,114,0,117,0,3,129,0,132,246,0,246,378
06/29/2022,RAL,CA,AWP,WE,Federal Contract Tower,0,0,32,0,32,0,6,132,0,138,0,6,164,0,170,274,0,274,444
06/30/2022,RAL,CA,AWP,WE,Federal Contract Tower,0,2,14,0,16,0,9,130,6,145,0,11,144,6,161,204,0,204,365
07/01/2022,RAL,CA,AWP,WE,Federal Contract Tower,0,1,20,0,21,0,10,166,0,176,0,11,186,0,197,192,0,192,389
07/02/2022,RAL,CA,AWP,WE,Federal Contract Tower,0,0,18,0,18,0,1,107,0,108,0,1,125,0,126,135,0,135,261
07/03/2022,RAL,CA,AWP,WE,Federal Contract Tower,0,4,7,0,11,0,10,107,0,117,0,14,114,0,128,163,0,163,291
07/04/2022,RAL,CA,AWP,WE,Federal Contract Tower,0,0,11,0,11,0,2,63,0,65,0,2,74,0,76,132,0,132,208
07/05/2022,RAL,CA,AWP,WE,Federal Contract Tower,0,0,12,0,12,0,4,94,0,98,0,4,106,0,110,149,0,149,259
07/06/2022,RAL,CA,AWP,WE,Federal Contract Tower,0,0,12,0,12,0,4,132,0,136,0,4,144,0,148,202,0,202,350
07/07/2022,RAL,CA,AWP,WE,Federal Contract Tower,0,0,14,1,15,0,4,128,2,134,0,4,142,3,149,179,0,179,328
07/08/2022,RAL,CA,AWP,WE,Federal Contract Tower,0,2,24,0,26,0,16,147,2,165,0,18,171,2,191,205,0,205,396
07/09/2022,RAL,CA,AWP,WE,Federal Contract Tower,0,0,20,0,20,0,7,136,1,144,0,7,156,1,164,154,0,154,318
07/10/2022,RAL,CA,AWP,WE,Federal Contract Tower,0,1,22,0,23,0,5,104,0,109,0,6,126,0,132,151,0,151,283
07/11/2022,RAL,CA,AWP,WE,Federal Contract Tower,0,0,8,0,8,0,7,117,0,124,0,7,125,0,132,240,0,240,372
07/12/2022,RAL,CA,AWP,WE,Federal Contract Tower,0,0,8,0,8,0,4,111,1,116,0,4,119,1,124,225,0,225,349
07/13/2022,RAL,CA,AWP,WE,Federal Contract Tower,0,2,15,0,17,0,2,137,0,139,0,4,152,0,156,230,0,230,386
07/14/2022,RAL,CA,AWP,WE,Federal Contract Tower,0,0,7,0,7,0,2,156,0,158,0,2,163,0,165,156,0,156,321
07/15/2022,RAL,CA,AWP,WE,Federal Contract Tower,0,1,14,0,15,0,7,169,0,176,0,8,183,0,191,254,0,254,445
07/16/2022,RAL,CA,AWP,WE,Federal Contract Tower,0,0,21,0,21,0,5,114,0,119,0,5,135,0,140,171,0,171,311
07/17/2022,RAL,CA,AWP,WE,Federal Contract Tower,0,0,12,0,12,0,7,75,0,82,0,7,87,0,94,129,0,129,223
07/18/2022,RAL,CA,AWP,WE,Federal Contract Tower,0,0,13,0,13,0,11,119,0,130,0,11,132,0,143,168,0,168,311
07/19/2022,RAL,CA,AWP,WE,Federal Contract Tower,0,0,14,0,14,0,4,120,0,124,0,4,134,0,138,235,0,235,373
07/20/2022,RAL,CA,AWP,WE,Federal Contract Tower,0,0,10,0,10,0,2,138,0,140,0,2,148,0,150,272,0,272,422
07/21/2022,RAL,CA,AWP,WE,Federal Contract Tower,0,0,19,0,19,0,4,136,0,140,0,4,155,0,159,289,0,289,448
07/22/2022,RAL,CA,AWP,WE,Federal Contract Tower,0,0,11,0,11,0,12,131,1,144,0,12,142,1,155,235,0,235,390
07/23/2022,RAL,CA,AWP,WE,Federal Contract Tower,0,1,21,0,22,0,4,95,0,99,0,5,116,0,121,215,0,215,336
07/24/2022,RAL,CA,AWP,WE,Federal Contract Tower,0,0,25,0,25,0,3,76,0,79,0,3,101,0,104,159,0,159,263
07/25/2022,RAL,CA,AWP,WE,Federal Contract Tower,0,0,23,0,23,0,10,95,0,105,0,10,118,0,128,0,228,228,356
07/26/2022,RAL,CA,AWP,WE,Federal Contract Tower,0,3,23,0,26,0,4,128,1,133,0,7,151,1,159,332,0,332,491
07/27/2022,RAL,CA,AWP,WE,Federal Contract Tower,0,0,17,0,17,0,11,146,2,159,0,11,163,2,176,213,0,213,389
07/28/2022,RAL,CA,AWP,WE,Federal Contract Tower,0,5,30,0,35,0,8,128,3,139,0,13,158,3,174,177,0,177,351
07/29/2022,RAL,CA,AWP,WE,Federal Contract Tower,0,0,12,0,12,0,11,121,0,132,0,11,133,0,144,258,0,258,402
07/30/2022,RAL,CA,AWP,WE,Federal Contract Tower,0,0,20,0,20,0,5,101,6,112,0,5,121,6,132,177,0,177,309
07/31/2022,RAL,CA,AWP,WE,Federal Contract Tower,0,0,5,0,5,0,0,93,0,93,0,0,98,0,98,177,0,177,275
08/01/2022,RAL,CA,AWP,WE,Federal Contract Tower,0,0,10,0,10,0,4,104,0,108,0,4,114,0,118,200,0,200,318
08/02/2022,RAL,CA,AWP,WE,Federal Contract Tower,0,1,17,0,18,0,10,165,8,183,0,11,182,8,201,165,0,165,366
08/03/2022,RAL,CA,AWP,WE,Federal Contract Tower,0,0,20,0,20,0,13,139,1,153,0,13,159,1,173,288,0,288,461
08/04/2022,RAL,CA,AWP,WE,Federal Contract Tower,0,1,23,0,24,0,7,152,3,162,0,8,175,3,186,246,0,246,432
08/05/2022,RAL,CA,AWP,WE,Federal Contract Tower,0,0,15,0,15,0,5,163,2,170,0,5,178,2,185,234,0,234,419
08/06/2022,RAL,CA,AWP,WE,Federal Contract Tower,0,0,12,0,12,0,2,114,0,116,0,2,126,0,128,210,0,210,338
08/07/2022,RAL,CA,AWP,WE,Federal Contract Tower,0,0,17,0,17,0,2,97,0,99,0,2,114,0,116,218,0,218,334
08/08/2022,RAL,CA,AWP,WE,Federal Contract Tower,0,4,16,0,20,0,3,105,0,108,0,7,121,0,128,254,0,254,382
08/09/2022,RAL,CA,AWP,WE,Federal Contract Tower,0,0,13,0,13,0,4,130,0,134,0,4,143,0,147,205,0,205,352
08/10/2022,RAL,CA,AWP,WE,Federal Contract Tower,0,2,25,0,27,0,13,154,2,169,0,15,179,2,196,274,0,274,470
08/11/2022,RAL,CA,AWP,WE,Federal Contract Tower,0,2,17,0,19,0,11,138,0,149,0,13,155,0,168,189,0,189,357
08/12/2022,RAL,CA,AWP,WE,Federal Contract Tower,0,0,20,0,20,0,17,142,1,160,0,17,162,1,180,259,0,259,439
08/13/2022,RAL,CA,AWP,WE,Federal Contract Tower,0,0,9,0,9,0,4,83,0,87,0,4,92,0,96,151,0,151,247
08/14/2022,RAL,CA,AWP,WE,Federal Contract Tower,0,0,15,0,15,0,2,94,0,96,0,2,109,0,111,164,0,164,275
08/15/2022,RAL,CA,AWP,WE,Federal Contract Tower,0,0,24,1,25,0,5,115,1,121,0,5,139,2,146,248,0,248,394
08/16/2022,RAL,CA,AWP,WE,Federal Contract Tower,0,0,17,0,17,0,9,134,2,145,0,9,151,2,162,205,0,205,367
08/17/2022,RAL,CA,AWP,WE,Federal Contract Tower,0,2,21,0,23,0,18,134,7,159,0,20,155,7,182,253,0,253,435
08/18/2022,RAL,CA,AWP,WE,Federal Contract Tower,0,0,34,0,34,0,6,149,5,160,0,6,183,5,194,209,0,209,403
08/19/2022,RAL,CA,AWP,WE,Federal Contract Tower,0,1,27,0,28,0,12,174,6,192,0,13,201,6,220,195,0,195,415
08/20/2022,RAL,CA,AWP,WE,Federal Contract Tower,0,0,16,0,16,0,2,135,2,139,0,2,151,2,155,141,8,149,304
08/21/2022,RAL,CA,AWP,WE,Federal Contract Tower,0,0,21,0,21,0,2,70,5,77,0,2,91,5,98,86,0,86,184
08/22/2022,RAL,CA,AWP,WE,Federal Contract Tower,0,0,41,0,41,0,4,106,1,111,0,4,147,1,152,209,0,209,361
08/23/2022,RAL,CA,AWP,WE,Federal Contract Tower,0,2,18,0,20,0,9,140,8,157,0,11,158,8,177,235,0,235,412
08/24/2022,RAL,CA,AWP,WE,Federal Contract Tower,0,4,17,0,21,0,8,139,3,150,0,12,156,3,171,170,0,170,341
08/25/2022,RAL,CA,AWP,WE,Federal Contract Tower,0,4,18,0,22,0,14,173,1,188,0,18,191,1,210,182,0,182,392
08/26/2022,RAL,CA,AWP,WE,Federal Contract Tower,0,0,24,0,24,0,5,165,3,173,0,5,189,3,197,242,0,242,439
08/27/2022,RAL,CA,AWP,WE,Federal Contract Tower,0,0,11,0,11,0,0,122,0,122,0,0,133,0,133,197,0,197,330
08/28/2022,RAL,CA,AWP,WE,Federal Contract Tower,0,0,8,0,8,0,2,83,0,85,0,2,91,0,93,104,0,104,197
08/29/2022,RAL,CA,AWP,WE,Federal Contract Tower,0,0,13,0,13,0,3,123,9,135,0,3,136,9,148,233,0,233,381
08/30/2022,RAL,CA,AWP,WE,Federal Contract Tower,0,0,22,0,22,0,3,142,0,145,0,3,164,0,167,250,0,250,417
08/31/2022,RAL,CA,AWP,WE,Federal Contract Tower,0,1,20,0,21,0,11,123,3,137,0,12,143,3,158,232,0,232,390
09/01/2022,RAL,CA,AWP,WE,Federal Contract Tower,0,0,12,1,13,0,8,128,2,138,0,8,140,3,151,190,0,190,341
09/02/2022,RAL,CA,AWP,WE,Federal Contract Tower,0,0,37,0,37,0,6,133,20,159,0,6,170,20,196,175,0,175,371
09/03/2022,RAL,CA,AWP,WE,Federal Contract Tower,0,0,8,0,8,0,0,90,0,90,0,0,98,0,98,176,0,176,274
09/04/2022,RAL,CA,AWP,WE,Federal Contract Tower,0,0,9,0,9,0,0,65,0,65,0,0,74,0,74,71,0,71,145
09/05/2022,RAL,CA,AWP,WE,Federal Contract Tower,0,0,17,0,17,0,0,73,0,73,0,0,90,0,90,189,0,189,279
09/06/2022,RAL,CA,AWP,WE,Federal Contract Tower,0,0,8,0,8,0,8,118,3,129,0,8,126,3,137,131,0,131,268
09/07/2022,RAL,CA,AWP,WE,Federal Contract Tower,0,0,18,0,18,0,11,117,0,128,0,11,135,0,146,190,0,190,336
09/08/2022,RAL,CA,AWP,WE,Federal Contract Tower,0,0,13,0,13,0,5,90,4,99,0,5,103,4,112,163,0,163,275
09/09/2022,RAL,CA,AWP,WE,Federal Contract Tower,0,0,29,0,29,0,2,50,0,52,0,2,79,0,81,93,0,93,174
09/10/2022,RAL,CA,AWP,WE,Federal Contract Tower,0,0,10,0,10,0,2,71,0,73,0,2,81,0,83,110,0,110,193
09/11/2022,RAL,CA,AWP,WE,Federal Contract Tower,0,0,18,0,18,0,0,75,0,75,0,0,93,0,93,207,0,207,300
09/12/2022,RAL,CA,AWP,WE,Federal Contract Tower,0,0,28,2,30,0,8,98,3,109,0,8,126,5,139,259,13,272,411
09/13/2022,RAL,CA,AWP,WE,Federal Contract Tower,0,0,16,0,16,0,5,124,4,133,0,5,140,4,149,284,0,284,433
09/14/2022,RAL,CA,AWP,WE,Federal Contract Tower,0,2,27,0,29,0,4,179,2,185,0,6,206,2,214,228,0,228,442
09/15/2022,RAL,CA,AWP,WE,Federal Contract Tower,0,0,27,0,27,0,6,151,21,178,0,6,178,21,205,276,0,276,481
09/16/2022,RAL,CA,AWP,WE,Federal Contract Tower,0,1,17,0,18,0,6,221,0,227,0,7,238,0,245,210,0,210,455
09/17/2022,RAL,CA,AWP,WE,Federal Contract Tower,0,0,31,0,31,0,6,94,2,102,0,6,125,2,133,253,0,253,386
09/18/2022,RAL,CA,AWP,WE,Federal Contract Tower,0,0,11,0,11,0,1,113,2,116,0,1,124,2,127,155,0,155,282
09/19/2022,RAL,CA,AWP,WE,Federal Contract Tower,0,0,12,0,12,0,4,131,2,137,0,4,143,2,149,287,0,287,436
09/20/2022,RAL,CA,AWP,WE,Federal Contract Tower,0,0,17,0,17,0,4,174,0,178,0,4,191,0,195,194,0,194,389
09/21/2022,RAL,CA,AWP,WE,Federal Contract Tower,0,1,15,0,16,0,22,190,2,214,0,23,205,2,230,209,0,209,439
09/22/2022,RAL,CA,AWP,WE,Federal Contract Tower,0,0,28,0,28,0,4,182,0,186,0,4,210,0,214,245,0,245,459
09/23/2022,RAL,CA,AWP,WE,Federal Contract Tower,0,0,17,0,17,0,4,163,0,167,0,4,180,0,184,220,0,220,404
09/24/2022,RAL,CA,AWP,WE,Federal Contract Tower,0,0,22,0,22,0,6,171,0,177,0,6,193,0,199,268,0,268,467
09/25/2022,RAL,CA,AWP,WE,Federal Contract Tower,0,0,12,0,12,0,2,119,0,121,0,2,131,0,133,184,0,184,317
09/26/2022,RAL,CA,AWP,WE,Federal Contract Tower,0,0,10,0,10,0,4,135,1,140,0,4,145,1,150,251,0,251,401
09/27/2022,RAL,CA,AWP,WE,Federal Contract Tower,0,0,32,0,32,0,8,168,0,176,0,8,200,0,208,238,0,238,446
09/28/2022,RAL,CA,AWP,WE,Federal Contract Tower,0,0,14,0,14,0,3,128,0,131,0,3,142,0,145,283,0,283,428
09/29/2022,RAL,CA,AWP,WE,Federal Contract Tower,0,2,15,0,17,0,11,170,0,181,0,13,185,0,198,330,0,330,528
09/30/2022,RAL,CA,AWP,WE,Federal Contract Tower,0,1,18,0,19,0,3,125,0,128,0,4,143,0,147,150,0,150,297
10/01/2022,RAL,CA,AWP,WE,Federal Contract Tower,0,0,8,0,8,0,7,75,0,82,0,7,83,0,90,213,0,213,303
10/02/2022,RAL,CA,AWP,WE,Federal Contract Tower,0,0,16,0,16,0,4,90,0,94,0,4,106,0,110,106,0,106,216
10/03/2022,RAL,CA,AWP,WE,Federal Contract Tower,0,0,16,0,16,0,4,163,1,168,0,4,179,1,184,290,0,290,474
10/04/2022,RAL,CA,AWP,WE,Federal Contract Tower,0,0,15,0,15,0,8,147,0,155,0,8,162,0,170,268,0,268,438
10/05/2022,RAL,CA,AWP,WE,Federal Contract Tower,0,1,30,2,33,0,6,169,1,176,0,7,199,3,209,358,0,358,567
10/06/2022,RAL,CA,AWP,WE,Federal Contract Tower,0,0,31,2,33,0,1,87,1,89,0,1,118,3,122,202,0,202,324
10/07/2022,RAL,CA,AWP,WE,Federal Contract Tower,0,1,31,0,32,0,2,137,0,139,0,3,168,0,171,208,0,208,379
10/08/2022,RAL,CA,AWP,WE,Federal Contract Tower,0,0,5,0,5,0,7,108,0,115,0,7,113,0,120,177,0,177,297
10/09/2022,RAL,CA,AWP,WE,Federal Contract Tower,0,0,18,0,18,0,7,110,2,119,0,7,128,2,137,101,0,101,238
10/10/2022,RAL,CA,AWP,WE,Federal Contract Tower,0,0,13,0,13,0,6,76,0,82,0,6,89,0,95,172,0,172,267
10/11/2022,RAL,CA,AWP,WE,Federal Contract Tower,0,1,23,0,24,0,2,67,0,69,0,3,90,0,93,87,0,87,180
10/12/2022,RAL,CA,AWP,WE,Federal Contract Tower,0,0,27,0,27,0,6,44,2,52,0,6,71,2,79,173,0,173,252
10/13/2022,RAL,CA,AWP,WE,Federal Contract Tower,0,4,26,0,30,0,4,67,0,71,0,8,93,0,101,176,0,176,277
10/14/2022,RAL,CA,AWP,WE,Federal Contract Tower,0,0,25,0,25,0,1,24,0,25,0,1,49,0,50,63,0,63,113
10/15/2022,RAL,CA,AWP,WE,Federal Contract Tower,0,0,12,0,12,0,2,40,0,42,0,2,52,0,54,194,0,194,248
10/16/2022,RAL,CA,AWP,WE,Federal Contract Tower,0,0,26,0,26,0,3,56,0,59,0,3,82,0,85,182,0,182,267
10/17/2022,RAL,CA,AWP,WE,Federal Contract Tower,0,0,12,0,12,0,7,182,0,189,0,7,194,0,201,234,0,234,435
10/18/2022,RAL,CA,AWP,WE,Federal Contract Tower,0,0,33,0,33,0,7,198,0,205,0,7,231,0,238,264,0,264,502
10/19/2022,RAL,CA,AWP,WE,Federal Contract Tower,0,3,23,0,26,0,2,148,0,150,0,5,171,0,176,249,0,249,425
10/20/2022,RAL,CA,AWP,WE,Federal Contract Tower,0,2,21,0,23,0,17,165,0,182,0,19,186,0,205,334,0,334,539
10/21/2022,RAL,CA,AWP,WE,Federal Contract Tower,0,0,18,0,18,0,4,162,0,166,0,4,180,0,184,322,0,322,506
10/22/2022,RAL,CA,AWP,WE,Federal Contract Tower,0,0,18,0,18,0,4,129,0,133,0,4,147,0,151,232,0,232,383
10/23/2022,RAL,CA,AWP,WE,Federal Contract Tower,0,0,13,0,13,0,11,95,1,107,0,11,108,1,120,156,0,156,276
10/24/2022,RAL,CA,AWP,WE,Federal Contract Tower,0,0,6,0,6,0,5,116,0,121,0,5,122,0,127,172,0,172,299
10/25/2022,RAL,CA,AWP,WE,Federal Contract Tower,0,0,37,0,37,0,12,199,3,214,0,12,236,3,251,250,0,250,501
10/26/2022,RAL,CA,AWP,WE,Federal Contract Tower,0,0,37,0,37,0,17,172,0,189,0,17,209,0,226,389,0,389,615
10/27/2022,RAL,CA,AWP,WE,Federal Contract Tower,0,0,22,0,22,0,5,153,0,158,0,5,175,0,180,288,0,288,468
10/28/2022,RAL,CA,AWP,WE,Federal Contract Tower,0,0,22,0,22,0,4,164,0,168,0,4,186,0,190,259,0,259,449
10/29/2022,RAL,CA,AWP,WE,Federal Contract Tower,0,0,23,0,23,0,12,163,0,175,0,12,186,0,198,198,0,198,396
10/30/2022,RAL,CA,AWP,WE,Federal Contract Tower,0,0,14,0,14,0,8,94,2,104,0,8,108,2,118,160,0,160,278
10/31/2022,RAL,CA,AWP,WE,Federal Contract Tower,0,0,21,0,21,0,4,143,0,147,0,4,164,0,168,279,0,279,447
11/01/2022,RAL,CA,AWP,WE,Federal Contract Tower,0,2,14,0,16,0,8,140,2,150,0,10,154,2,166,295,0,295,461
11/02/2022,RAL,CA,AWP,WE,Federal Contract Tower,0,0,19,0,19,0,1,90,0,91,0,1,109,0,110,421,0,421,531
11/03/2022,RAL,CA,AWP,WE,Federal Contract Tower,0,1,18,0,19,0,1,171,13,185,0,2,189,13,204,340,0,340,544
11/04/2022,RAL,CA,AWP,WE,Federal Contract Tower,0,0,26,0,26,0,2,183,2,187,0,2,209,2,213,314,0,314,527
11/05/2022,RAL,CA,AWP,WE,Federal Contract Tower,0,0,15,0,15,0,8,160,0,168,0,8,175,0,183,247,0,247,430
11/06/2022,RAL,CA,AWP,WE,Federal Contract Tower,0,0,20,0,20,0,4,143,0,147,0,4,163,0,167,180,0,180,347
11/08/2022,RAL,CA,AWP,WE,Federal Contract Tower,0,2,5,0,7,0,0,8,0,8,0,2,13,0,15,66,0,66,81
11/09/2022,RAL,CA,AWP,WE,Federal Contract Tower,0,3,18,0,21,0,10,152,11,173,0,13,170,11,194,325,0,325,519
11/10/2022,RAL,CA,AWP,WE,Federal Contract Tower,0,0,21,0,21,0,4,163,0,167,0,4,184,0,188,203,0,203,391
11/11/2022,RAL,CA,AWP,WE,Federal Contract Tower,0,2,22,0,24,0,2,157,0,159,0,4,179,0,183,196,0,196,379
11/12/2022,RAL,CA,AWP,WE,Federal Contract Tower,0,0,13,0,13,0,7,143,1,151,0,7,156,1,164,293,0,293,457
11/13/2022,RAL,CA,AWP,WE,Federal Contract Tower,0,0,10,0,10,0,4,87,0,91,0,4,97,0,101,166,0,166,267
11/14/2022,RAL,CA,AWP,WE,Federal Contract Tower,0,0,34,0,34,0,5,190,0,195,0,5,224,0,229,334,0,334,563
11/15/2022,RAL,CA,AWP,WE,Federal Contract Tower,0,2,10,0,12,0,3,66,0,69,0,5,76,0,81,113,0,113,194
11/16/2022,RAL,CA,AWP,WE,Federal Contract Tower,0,0,5,0,5,0,0,11,0,11,0,0,16,0,16,0,0,0,16
11/17/2022,RAL,CA,AWP,WE,Federal Contract Tower,0,1,19,0,20,0,2,165,0,167,0,3,184,0,187,310,0,310,497
11/18/2022,RAL,CA,AWP,WE,Federal Contract Tower,0,0,8,0,8,0,12,157,3,172,0,12,165,3,180,213,0,213,393
11/19/2022,RAL,CA,AWP,WE,Federal Contract Tower,0,0,7,0,7,0,2,16,0,18,0,2,23,0,25,9,0,9,34
11/20/2022,RAL,CA,AWP,WE,Federal Contract Tower,0,0,8,0,8,0,2,92,1,95,0,2,100,1,103,49,0,49,152
11/21/2022,RAL,CA,AWP,WE,Federal Contract Tower,0,2,44,2,48,0,8,203,1,212,0,10,247,3,260,301,0,301,561
11/22/2022,RAL,CA,AWP,WE,Federal Contract Tower,0,1,23,0,24,0,2,112,0,114,0,3,135,0,138,314,0,314,452
11/23/2022,RAL,CA,AWP,WE,Federal Contract Tower,0,0,10,0,10,0,2,110,2,114,0,2,120,2,124,284,0,284,408
11/24/2022,RAL,CA,AWP,WE,Federal Contract Tower,0,0,1,0,1,0,0,11,0,11,0,0,12,0,12,0,0,0,12
11/25/2022,RAL,CA,AWP,WE,Federal Contract Tower,0,2,12,0,14,0,15,94,0,109,0,17,106,0,123,134,0,134,257
11/26/2022,RAL,CA,AWP,WE,Federal Contract Tower,0,0,11,0,11,0,14,161,2,177,0,14,172,2,188,154,0,154,342
11/27/2022,RAL,CA,AWP,WE,Federal Contract Tower,0,0,28,0,28,0,9,109,0,118,0,9,137,0,146,241,0,241,387
11/28/2022,RAL,CA,AWP,WE,Federal Contract Tower,0,0,34,0,34,0,8,125,0,133,0,8,159,0,167,283,0,283,450
11/29/2022,RAL,CA,AWP,WE,Federal Contract Tower,0,0,40,0,40,0,7,153,0,160,0,7,193,0,200,397,0,397,597
11/30/2022,RAL,CA,AWP,WE,Federal Contract Tower,0,0,37,0,37,0,8,105,0,113,0,8,142,0,150,329,0,329,479
12/01/2022,RAL,CA,AWP,WE,Federal Contract Tower,0,0,25,0,25,0,14,143,0,157,0,14,168,0,182,404,0,404,586
12/02/2022,RAL,CA,AWP,WE,Federal Contract Tower,0,1,28,0,29,0,7,127,0,134,0,8,155,0,163,372,0,372,535
12/03/2022,RAL,CA,AWP,WE,Federal Contract Tower,0,0,22,0,22,0,10,179,5,194,0,10,201,5,216,216,0,216,432
12/04/2022,RAL,CA,AWP,WE,Federal Contract Tower,0,0,21,0,21,0,10,81,0,91,0,10,102,0,112,107,0,107,219
12/05/2022,RAL,CA,AWP,WE,Federal Contract Tower,0,0,30,0,30,0,12,114,4,130,0,12,144,4,160,260,0,260,420
12/06/2022,RAL,CA,AWP,WE,Federal Contract Tower,0,0,21,0,21,0,6,135,0,141,0,6,156,0,162,311,0,311,473
12/07/2022,RAL,CA,AWP,WE,Federal Contract Tower,0,0,37,0,37,0,9,152,0,161,0,9,189,0,198,257,0,257,455
12/08/2022,RAL,CA,AWP,WE,Federal Contract Tower,0,0,27,0,27,0,4,152,1,157,0,4,179,1,184,305,0,305,489
12/09/2022,RAL,CA,AWP,WE,Federal Contract Tower,0,0,9,0,9,0,8,172,1,181,0,8,181,1,190,303,0,303,493
12/10/2022,RAL,CA,AWP,WE,Federal Contract Tower,0,0,16,0,16,0,5,153,4,162,0,5,169,4,178,324,0,324,502
12/11/2022,RAL,CA,AWP,WE,Federal Contract Tower,0,0,2,0,2,0,0,0,0,0,0,0,2,0,2,8,0,8,10
12/12/2022,RAL,CA,AWP,WE,Federal Contract Tower,0,0,8,0,8,0,8,25,0,33,0,8,33,0,41,170,0,170,211
12/13/2022,RAL,CA,AWP,WE,Federal Contract Tower,0,1,25,0,26,0,9,186,1,196,0,10,211,1,222,367,0,367,589
12/14/2022,RAL,CA,AWP,WE,Federal Contract Tower,0,1,28,0,29,0,2,133,0,135,0,3,161,0,164,249,0,249,413
12/15/2022,RAL,CA,AWP,WE,Federal Contract Tower,0,0,30,0,30,0,2,132,0,134,0,2,162,0,164,227,0,227,391
12/16/2022,RAL,CA,AWP,WE,Federal Contract Tower,0,0,20,0,20,0,2,145,0,147,0,2,165,0,167,153,0,153,320
12/17/2022,RAL,CA,AWP,WE,Federal Contract Tower,0,0,22,0,22,0,4,171,3,178,0,4,193,3,200,205,0,205,405
12/18/2022,RAL,CA,AWP,WE,Federal Contract Tower,0,1,20,0,21,0,11,143,7,161,0,12,163,7,182,256,0,256,438
12/19/2022,RAL,CA,AWP,WE,Federal Contract Tower,0,1,24,0,25,0,9,110,3,122,0,10,134,3,147,233,0,233,380
12/20/2022,RAL,CA,AWP,WE,Federal Contract Tower,0,0,15,0,15,0,6,112,0,118,0,6,127,0,133,234,0,234,367
12/21/2022,RAL,CA,AWP,WE,Federal Contract Tower,0,1,14,0,15,0,5,115,0,120,0,6,129,0,135,153,0,153,288
12/22/2022,RAL,CA,AWP,WE,Federal Contract Tower,0,1,10,0,11,0,4,100,0,104,0,5,110,0,115,171,0,171,286
12/23/2022,RAL,CA,AWP,WE,Federal Contract Tower,0,0,23,0,23,0,6,123,1,130,0,6,146,1,153,112,0,112,265
12/24/2022,RAL,CA,AWP,WE,Federal Contract Tower,0,0,12,0,12,0,1,68,6,75,0,1,80,6,87,87,0,87,174
12/25/2022,RAL,CA,AWP,WE,Federal Contract Tower,0,0,0,0,0,0,1,18,0,19,0,1,18,0,19,19,0,19,38
12/26/2022,RAL,CA,AWP,WE,Federal Contract Tower,0,1,18,0,19,0,14,83,0,97,0,15,101,0,116,93,0,93,209
12/27/2022,RAL,CA,AWP,WE,Federal Contract Tower,0,0,10,0,10,0,0,62,0,62,0,0,72,0,72,151,0,151,223
12/28/2022,RAL,CA,AWP,WE,Federal Contract Tower,0,1,17,0,18,0,0,57,0,57,0,1,74,0,75,67,0,67,142
12/29/2022,RAL,CA,AWP,WE,Federal Contract Tower,0,3,15,0,18,0,0,51,0,51,0,3,66,0,69,150,0,150,219
12/30/2022,RAL,CA,AWP,WE,Federal Contract Tower,0,1,13,0,14,0,0,28,0,28,0,1,41,0,42,118,0,118,160
12/31/2022,RAL,CA,AWP,WE,Federal Contract Tower,0,0,13,0,13,0,2,8,0,10,0,2,21,0,23,13,0,13,36
01/01/2023,RAL,CA,AWP,WE,Federal Contract Tower,0,0,5,0,5,0,6,24,0,30,0,6,29,0,35,98,0,98,133
01/02/2023,RAL,CA,AWP,WE,Federal Contract Tower,0,0,30,0,30,0,8,92,0,100,0,8,122,0,130,131,0,131,261
01/03/2023,RAL,CA,AWP,WE,Federal Contract Tower,0,1,23,0,24,0,0,18,0,18,0,1,41,0,42,196,0,196,238
01/04/2023,RAL,CA,AWP,WE,Federal Contract Tower,0,0,15,0,15,0,1,16,0,17,0,1,31,0,32,129,0,129,161
01/05/2023,RAL,CA,AWP,WE,Federal Contract Tower,0,0,4,0,4,0,0,6,0,6,0,0,10,0,10,22,0,22,32
01/06/2023,RAL,CA,AWP,WE,Federal Contract Tower,0,0,29,0,29,0,6,158,3,167,0,6,187,3,196,234,0,234,430
01/07/2023,RAL,CA,AWP,WE,Federal Contract Tower,0,0,22,0,22,0,4,105,0,109,0,4,127,0,131,188,0,188,319
01/08/2023,RAL,CA,AWP,WE,Federal Contract Tower,0,0,30,0,30,0,3,158,0,161,0,3,188,0,191,297,0,297,488
01/09/2023,RAL,CA,AWP,WE,Federal Contract Tower,0,0,4,0,4,0,3,46,0,49,0,3,50,0,53,274,0,274,327
01/10/2023,RAL,CA,AWP,WE,Federal Contract Tower,0,0,4,0,4,0,0,7,0,7,0,0,11,0,11,40,0,40,51
01/11/2023,RAL,CA,AWP,WE,Federal Contract Tower,0,0,33,0,33,0,0,151,0,151,0,0,184,0,184,260,0,260,444
01/12/2023,RAL,CA,AWP,WE,Federal Contract Tower,0,1,53,0,54,0,2,143,0,145,0,3,196,0,199,218,0,218,417
01/13/2023,RAL,CA,AWP,WE,Federal Contract Tower,1,0,34,0,35,0,4,192,1,197,1,4,226,1,232,250,0,250,482
01/14/2023,RAL,CA,AWP,WE,Federal Contract Tower,0,0,9,0,9,0,2,32,0,34,0,2,41,0,43,142,0,142,185
01/15/2023,RAL,CA,AWP,WE,Federal Contract Tower,0,0,5,0,5,0,0,8,0,8,0,0,13,0,13,64,0,64,77
01/16/2023,RAL,CA,AWP,WE,Federal Contract Tower,0,0,4,0,4,0,4,22,0,26,0,4,26,0,30,57,0,57,87
01/17/2023,RAL,CA,AWP,WE,Federal Contract Tower,0,0,16,0,16,0,8,161,1,170,0,8,177,1,186,311,0,311,497
01/18/2023,RAL,CA,AWP,WE,Federal Contract Tower,0,1,27,0,28,0,22,176,1,199,0,23,203,1,227,267,0,267,494
01/19/2023,RAL,CA,AWP,WE,Federal Contract Tower,0,2,41,0,43,0,12,191,0,203,0,14,232,0,246,316,0,316,562
01/20/2023,RAL,CA,AWP,WE,Federal Contract Tower,0,1,13,0,14,0,7,95,1,103,0,8,108,1,117,37,0,37,154
01/21/2023,RAL,CA,AWP,WE,Federal Contract Tower,0,0,11,0,11,0,1,172,0,173,0,1,183,0,184,194,0,194,378
01/22/2023,RAL,CA,AWP,WE,Federal Contract Tower,0,0,21,0,21,0,2,100,0,102,0,2,121,0,123,213,0,213,336
01/23/2023,RAL,CA,AWP,WE,Federal Contract Tower,0,0,3,0,3,0,0,11,0,11,0,0,14,0,14,0,0,0,14
01/24/2023,RAL,CA,AWP,WE,Federal Contract Tower,0,0,20,0,20,0,3,133,0,136,0,3,153,0,156,149,0,149,305
01/25/2023,RAL,CA,AWP,WE,Federal Contract Tower,0,0,12,0,12,0,4,90,0,94,0,4,102,0,106,77,0,77,183
01/26/2023,RAL,CA,AWP,WE,Federal Contract Tower,0,0,2,0,2,0,2,4,1,7,0,2,6,1,9,0,2,2,11
01/27/2023,RAL,CA,AWP,WE,Federal Contract Tower,0,1,29,0,30,0,6,181,2,189,0,7,210,2,219,287,0,287,506
01/28/2023,RAL,CA,AWP,WE,Federal Contract Tower,0,0,31,0,31,0,4,212,0,216,0,4,243,0,247,264,0,264,511
01/29/2023,RAL,CA,AWP,WE,Federal Contract Tower,0,0,7,0,7,0,1,22,0,23,0,1,29,0,30,190,0,190,220
01/30/2023,RAL,CA,AWP,WE,Federal Contract Tower,0,0,6,0,6,0,1,87,0,88,0,1,93,0,94,246,0,246,340
01/31/2023,RAL,CA,AWP,WE,Federal Contract Tower,0,0,5,0,5,0,1,13,0,14,0,1,18,0,19,4,0,4,23
02/01/2023,RAL,CA,AWP,WE,Federal Contract Tower,0,1,17,0,18,0,5,133,2,140,0,6,150,2,158,132,0,132,290
02/02/2023,RAL,CA,AWP,WE,Federal Contract Tower,0,0,43,0,43,0,10,235,0,245,0,10,278,0,288,305,0,305,593
02/03/2023,RAL,CA,AWP,WE,Federal Contract Tower,0,2,23,0,25,0,11,238,3,252,0,13,261,3,277,221,0,221,498
02/04/2023,RAL,CA,AWP,WE,Federal Contract Tower,0,0,24,0,24,0,0,148,3,151,0,0,172,3,175,236,0,236,411
02/05/2023,RAL,CA,AWP,WE,Federal Contract Tower,0,0,22,0,22,0,2,48,1,51,0,2,70,1,73,181,0,181,254
02/06/2023,RAL,CA,AWP,WE,Federal Contract Tower,0,0,14,0,14,0,5,64,0,69,0,5,78,0,83,74,0,74,157
02/07/2023,RAL,CA,AWP,WE,Federal Contract Tower,0,0,22,0,22,0,3,101,0,104,0,3,123,0,126,37,0,37,163
02/08/2023,RAL,CA,AWP,WE,Federal Contract Tower,0,0,20,2,22,0,5,178,0,183,0,5,198,2,205,251,0,251,456
02/09/2023,RAL,CA,AWP,WE,Federal Contract Tower,0,0,11,0,11,0,6,90,1,97,0,6,101,1,108,121,0,121,229
02/10/2023,RAL,CA,AWP,WE,Federal Contract Tower,0,0,19,0,19,0,10,142,9,161,0,10,161,9,180,291,0,291,471
02/11/2023,RAL,CA,AWP,WE,Federal Contract Tower,0,0,11,0,11,0,0,108,0,108,0,0,119,0,119,225,0,225,344
02/12/2023,RAL,CA,AWP,WE,Federal Contract Tower,0,0,8,0,8,0,0,109,0,109,0,0,117,0,117,195,0,195,312
02/13/2023,RAL,CA,AWP,WE,Federal Contract Tower,0,0,19,0,19,0,2,137,0,139,0,2,156,0,158,362,0,362,520
02/14/2023,RAL,CA,AWP,WE,Federal Contract Tower,0,0,8,0,8,0,4,31,0,35,0,4,39,0,43,250,0,250,293
02/15/2023,RAL,CA,AWP,WE,Federal Contract Tower,0,0,7,0,7,0,6,98,2,106,0,6,105,2,113,120,0,120,233
02/16/2023,RAL,CA,AWP,WE,Federal Contract Tower,0,2,27,0,29,0,11,173,2,186,0,13,200,2,215,259,0,259,474
02/17/2023,RAL,CA,AWP,WE,Federal Contract Tower,0,1,45,0,46,0,11,161,3,175,0,12,206,3,221,237,0,237,458
02/18/2023,RAL,CA,AWP,WE,Federal Contract Tower,0,0,29,0,29,0,4,138,0,142,0,4,167,0,171,238,0,238,409
02/19/2023,RAL,CA,AWP,WE,Federal Contract Tower,0,0,11,0,11,0,2,126,0,128,0,2,137,0,139,202,0,202,341
02/20/2023,RAL,CA,AWP,WE,Federal Contract Tower,0,0,18,0,18,0,3,160,0,163,0,3,178,0,181,324,0,324,505
02/21/2023,RAL,CA,AWP,WE,Federal Contract Tower,0,1,16,0,17,0,5,116,0,121,0,6,132,0,138,160,0,160,298
02/22/2023,RAL,CA,AWP,WE,Federal Contract Tower,0,0,10,0,10,0,1,44,0,45,0,1,54,0,55,94,0,94,149
02/23/2023,RAL,CA,AWP,WE,Federal Contract Tower,0,0,0,0,0,0,0,1,0,1,0,0,1,0,1,80,0,80,81
02/24/2023,RAL,CA,AWP,WE,Federal Contract Tower,0,0,1,0,1,0,0,12,0,12,0,0,13,0,13,93,0,93,106
02/25/2023,RAL,CA,AWP,WE,Federal Contract Tower,0,0,2,0,2,0,0,2,0,2,0,0,4,0,4,38,0,38,42
02/26/2023,RAL,CA,AWP,WE,Federal Contract Tower,0,0,3,0,3,0,0,60,0,60,0,0,63,0,63,144,0,144,207
02/27/2023,RAL,CA,AWP,WE,Federal Contract Tower,0,2,2,0,4,0,1,39,0,40,0,3,41,0,44,248,0,248,292
02/28/2023,RAL,CA,AWP,WE,Federal Contract Tower,0,1,10,0,11,0,4,84,0,88,0,5,94,0,99,429,0,429,528
03/01/2023,RAL,CA,AWP,WE,Federal Contract Tower,0,0,2,0,2,0,1,3,1,5,0,1,5,1,7,39,0,39,46
03/02/2023,RAL,CA,AWP,WE,Federal Contract Tower,0,2,26,0,28,0,4,193,5,202,0,6,219,5,230,276,0,276,506
03/03/2023,RAL,CA,AWP,WE,Federal Contract Tower,0,7,27,0,34,0,12,240,4,256,0,19,267,4,290,272,0,272,562
03/04/2023,RAL,CA,AWP,WE,Federal Contract Tower,0,0,26,0,26,0,2,143,0,145,0,2,169,0,171,261,0,261,432
03/05/2023,RAL,CA,AWP,WE,Federal Contract Tower,0,0,16,0,16,0,4,60,1,65,0,4,76,1,81,354,0,354,435
03/06/2023,RAL,CA,AWP,WE,Federal Contract Tower,0,1,14,0,15,0,7,110,1,118,0,8,124,1,133,346,0,346,479
03/07/2023,RAL,CA,AWP,WE,Federal Contract Tower,0,8,31,0,39,0,19,231,1,251,0,27,262,1,290,299,0,299,589
03/08/2023,RAL,CA,AWP,WE,Federal Contract Tower,0,2,29,2,33,0,19,139,2,160,0,21,168,4,193,240,0,240,433
03/09/2023,RAL,CA,AWP,WE,Federal Contract Tower,0,8,25,0,33,0,15,207,0,222,0,23,232,0,255,260,0,260,515
03/10/2023,RAL,CA,AWP,WE,Federal Contract Tower,0,0,0,0,0,0,0,2,0,2,0,0,2,0,2,0,0,0,2
03/11/2023,RAL,CA,AWP,WE,Federal Contract Tower,0,0,7,0,7,0,4,5,0,9,0,4,12,0,16,0,0,0,16
03/12/2023,RAL,CA,AWP,WE,Federal Contract Tower,0,2,26,0,28,0,13,58,0,71,0,15,84,0,99,170,0,170,269
03/13/2023,RAL,CA,AWP,WE,Federal Contract Tower,0,2,26,0,28,0,7,128,1,136,0,9,154,1,164,230,0,230,394
03/14/2023,RAL,CA,AWP,WE,Federal Contract Tower,0,0,9,0,9,0,6,24,0,30,0,6,33,0,39,121,0,121,160
03/15/2023,RAL,CA,AWP,WE,Federal Contract Tower,0,0,14,0,14,0,6,1,1,8,0,6,15,1,22,72,0,72,94
03/16/2023,RAL,CA,AWP,WE,Federal Contract Tower,0,11,28,0,39,0,15,87,0,102,0,26,115,0,141,384,0,384,525
03/17/2023,RAL,CA,AWP,WE,Federal Contract Tower,0,9,29,0,38,0,9,124,0,133,0,18,153,0,171,195,0,195,366
03/18/2023,RAL,CA,AWP,WE,Federal Contract Tower,0,4,9,0,13,0,5,192,0,197,0,9,201,0,210,201,0,201,411
03/19/2023,RAL,CA,AWP,WE,Federal Contract Tower,0,0,14,0,14,0,8,69,1,78,0,8,83,1,92,230,0,230,322
03/20/2023,RAL,CA,AWP,WE,Federal Contract Tower,0,20,18,0,38,0,2,50,1,53,0,22,68,1,91,269,0,269,360
03/21/2023,RAL,CA,AWP,WE,Federal Contract Tower,0,0,2,0,2,0,2,2,0,4,0,2,4,0,6,32,0,32,38
03/22/2023,RAL,CA,AWP,WE,Federal Contract Tower,0,2,12,0,14,0,4,73,1,78,0,6,85,1,92,332,0,332,424
03/23/2023,RAL,CA,AWP,WE,Federal Contract Tower,0,1,20,0,21,0,8,108,2,118,0,9,128,2,139,320,0,320,459
03/24/2023,RAL,CA,AWP,WE,Federal Contract Tower,0,10,19,0,29,0,21,176,3,200,0,31,195,3,229,178,0,178,407
03/25/2023,RAL,CA,AWP,WE,Federal Contract Tower,0,0,22,0,22,0,9,160,0,169,0,9,182,0,191,232,0,232,423
03/26/2023,RAL,CA,AWP,WE,Federal Contract Tower,0,0,29,0,29,0,12,107,0,119,0,12,136,0,148,137,0,137,285
03/27/2023,RAL,CA,AWP,WE,Federal Contract Tower,0,4,26,1,31,0,4,152,1,157,0,8,178,2,188,256,0,256,444
03/28/2023,RAL,CA,AWP,WE,Federal Contract Tower,0,5,25,0,30,0,11,200,5,216,0,16,225,5,246,325,0,325,571
03/29/2023,RAL,CA,AWP,WE,Federal Contract Tower,0,0,3,0,3,0,3,5,0,8,0,3,8,0,11,84,0,84,95
03/30/2023,RAL,CA,AWP,WE,Federal Contract Tower,0,0,7,0,7,0,8,72,0,80,0,8,79,0,87,308,0,308,395
03/31/2023,RAL,CA,AWP,WE,Federal Contract Tower,0,11,22,0,33,0,19,186,0,205,0,30,208,0,238,266,0,266,504
04/03/2023,RAL,CA,AWP,WE,Federal Contract Tower,0,0,4,0,4,0,0,37,0,37,0,0,41,0,41,129,0,129,170
04/04/2023,RAL,CA,AWP,WE,Federal Contract Tower,0,6,14,0,20,0,14,167,1,182,0,20,181,1,202,368,0,368,570
04/05/2023,RAL,CA,AWP,WE,Federal Contract Tower,0,3,26,0,29,0,18,213,8,239,0,21,239,8,268,257,0,257,525
04/06/2023,RAL,CA,AWP,WE,Federal Contract Tower,0,5,25,0,30,0,22,183,0,205,0,27,208,0,235,280,0,280,515
04/07/2023,RAL,CA,AWP,WE,Federal Contract Tower,0,3,15,0,18,0,24,107,1,132,0,27,122,1,150,208,0,208,358
04/08/2023,RAL,CA,AWP,WE,Federal Contract Tower,0,2,10,0,12,0,16,132,4,152,0,18,142,4,164,211,0,211,375
04/09/2023,RAL,CA,AWP,WE,Federal Contract Tower,0,5,15,1,21,0,7,92,3,102,0,12,107,4,123,120,0,120,243
04/10/2023,RAL,CA,AWP,WE,Federal Contract Tower,0,3,10,0,13,0,14,102,2,118,0,17,112,2,131,232,0,232,363
04/11/2023,RAL,CA,AWP,WE,Federal Contract Tower,0,4,14,0,18,0,16,149,1,166,0,20,163,1,184,207,0,207,391
04/12/2023,RAL,CA,AWP,WE,Federal Contract Tower,0,3,16,0,19,0,1,37,0,38,0,4,53,0,57,208,0,208,265
04/13/2023,RAL,CA,AWP,WE,Federal Contract Tower,0,1,13,0,14,0,4,29,1,34,0,5,42,1,48,262,0,262,310
04/14/2023,RAL,CA,AWP,WE,Federal Contract Tower,0,4,14,0,18,0,11,103,2,116,0,15,117,2,134,318,0,318,452
04/15/2023,RAL,CA,AWP,WE,Federal Contract Tower,0,0,14,0,14,0,14,197,2,213,0,14,211,2,227,264,0,264,491
04/16/2023,RAL,CA,AWP,WE,Federal Contract Tower,0,0,20,0,20,0,7,105,0,112,0,7,125,0,132,198,0,198,330
04/17/2023,RAL,CA,AWP,WE,Federal Contract Tower,0,4,21,0,25,0,8,70,0,78,0,12,91,0,103,155,0,155,258
04/18/2023,RAL,CA,AWP,WE,Federal Contract Tower,0,3,16,0,19,0,18,141,0,159,0,21,157,0,178,310,0,310,488
04/19/2023,RAL,CA,AWP,WE,Federal Contract Tower,0,4,23,0,27,0,19,141,1,161,0,23,164,1,188,279,0,279,467
04/20/2023,RAL,CA,AWP,WE,Federal Contract Tower,0,7,14,0,21,0,19,164,0,183,0,26,178,0,204,265,0,265,469
04/21/2023,RAL,CA,AWP,WE,Federal Contract Tower,0,5,17,0,22,0,20,137,0,157,0,25,154,0,179,189,0,189,368
04/22/2023,RAL,CA,AWP,WE,Federal Contract Tower,0,2,15,0,17,0,7,130,0,137,0,9,145,0,154,202,0,202,356
04/23/2023,RAL,CA,AWP,WE,Federal Contract Tower,0,1,16,0,17,0,7,89,0,96,0,8,105,0,113,81,0,81,194
04/24/2023,RAL,CA,AWP,WE,Federal Contract Tower,0,3,21,0,24,0,4,72,0,76,0,7,93,0,100,100,0,100,200
04/25/2023,RAL,CA,AWP,WE,Federal Contract Tower,0,7,26,1,34,0,17,77,1,95,0,24,103,2,129,276,0,276,405
04/26/2023,RAL,CA,AWP,WE,Federal Contract Tower,0,12,15,0,27,0,27,174,0,201,0,39,189,0,228,280,0,280,508
04/27/2023,RAL,CA,AWP,WE,Federal Contract Tower,0,4,16,0,20,0,17,135,0,152,0,21,151,0,172,285,0,285,457
04/28/2023,RAL,CA,AWP,WE,Federal Contract Tower,0,10,22,0,32,0,16,123,1,140,0,26,145,1,172,288,0,288,460
04/29/2023,RAL,CA,AWP,WE,Federal Contract Tower,0,0,8,0,8,0,22,86,0,108,0,22,94,0,116,141,0,141,257
04/30/2023,RAL,CA,AWP,WE,Federal Contract Tower,0,4,4,0,8,0,7,92,3,102,0,11,96,3,110,95,0,95,205
05/01/2023,RAL,CA,AWP,WE,Federal Contract Tower,0,2,30,0,32,0,9,33,0,42,0,11,63,0,74,166,0,166,240
05/02/2023,RAL,CA,AWP,WE,Federal Contract Tower,0,5,26,0,31,0,17,85,0,102,0,22,111,0,133,322,0,322,455
05/03/2023,RAL,CA,AWP,WE,Federal Contract Tower,0,0,16,0,16,0,8,94,0,102,0,8,110,0,118,346,0,346,464
05/04/2023,RAL,CA,AWP,WE,Federal Contract Tower,0,0,5,0,5,0,8,49,0,57,0,8,54,0,62,171,0,171,233
05/05/2023,RAL,CA,AWP,WE,Federal Contract Tower,0,1,20,1,22,0,8,85,0,93,0,9,105,1,115,332,2,334,449
05/06/2023,RAL,CA,AWP,WE,Federal Contract Tower,0,2,3,0,5,0,11,125,0,136,0,13,128,0,141,169,0,169,310
05/07/2023,RAL,CA,AWP,WE,Federal Contract Tower,0,0,24,0,24,0,11,122,3,136,0,11,146,3,160,160,0,160,320
05/08/2023,RAL,CA,AWP,WE,Federal Contract Tower,0,5,27,0,32,0,15,164,9,188,0,20,191,9,220,246,0,246,466
05/09/2023,RAL,CA,AWP,WE,Federal Contract Tower,0,6,20,0,26,0,10,106,0,116,0,16,126,0,142,328,0,328,470
05/10/2023,RAL,CA,AWP,WE,Federal Contract Tower,0,8,22,0,30,0,13,121,0,134,0,21,143,0,164,274,0,274,438
05/11/2023,RAL,CA,AWP,WE,Federal Contract Tower,0,1,17,0,18,0,15,102,0,117,0,16,119,0,135,360,0,360,495
05/12/2023,RAL,CA,AWP,WE,Federal Contract Tower,0,8,33,0,41,0,9,123,0,132,0,17,156,0,173,219,0,219,392
05/13/2023,RAL,CA,AWP,WE,Federal Contract Tower,0,5,24,0,29,0,12,116,0,128,0,17,140,0,157,170,0,170,327
05/14/2023,RAL,CA,AWP,WE,Federal Contract Tower,0,7,19,0,26,0,13,71,0,84,0,20,90,0,110,181,0,181,291
05/15/2023,RAL,CA,AWP,WE,Federal Contract Tower,0,7,30,1,38,0,13,115,0,128,0,20,145,1,166,261,0,261,427
05/16/2023,RAL,CA,AWP,WE,Federal Contract Tower,0,6,23,0,29,0,11,113,0,124,0,17,136,0,153,233,0,233,386
05/17/2023,RAL,CA,AWP,WE,Federal Contract Tower,0,16,20,0,36,0,20,139,0,159,0,36,159,0,195,241,0,241,436
05/18/2023,RAL,CA,AWP,WE,Federal Contract Tower,0,3,15,0,18,0,15,139,0,154,0,18,154,0,172,209,0,209,381
05/19/2023,RAL,CA,AWP,WE,Federal Contract Tower,0,10,21,0,31,0,6,85,1,92,0,16,106,1,123,118,0,118,241
05/20/2023,RAL,CA,AWP,WE,Federal Contract Tower,0,10,46,0,56,0,8,59,0,67,0,18,105,0,123,112,0,112,235
05/21/2023,RAL,CA,AWP,WE,Federal Contract Tower,0,3,20,0,23,0,10,75,0,85,0,13,95,0,108,201,0,201,309
05/22/2023,RAL,CA,AWP,WE,Federal Contract Tower,0,5,28,0,33,0,17,101,3,121,0,22,129,3,154,217,0,217,371
05/23/2023,RAL,CA,AWP,WE,Federal Contract Tower,0,15,21,2,38,0,6,45,2,53,0,21,66,4,91,238,6,244,335
05/24/2023,RAL,CA,AWP,WE,Federal Contract Tower,0,6,25,0,31,0,9,115,0,124,0,15,140,0,155,239,0,239,394
05/25/2023,RAL,CA,AWP,WE,Federal Contract Tower,0,11,28,0,39,0,7,121,1,129,0,18,149,1,168,215,0,215,383
05/26/2023,RAL,CA,AWP,WE,Federal Contract Tower,0,10,33,0,43,0,17,151,1,169,0,27,184,1,212,237,0,237,449
05/27/2023,RAL,CA,AWP,WE,Federal Contract Tower,0,8,12,0,20,0,8,144,7,159,0,16,156,7,179,206,0,206,385
05/28/2023,RAL,CA,AWP,WE,Federal Contract Tower,0,2,29,0,31,0,9,44,0,53,0,11,73,0,84,252,0,252,336
05/29/2023,RAL,CA,AWP,WE,Federal Contract Tower,0,5,24,2,31,0,2,62,0,64,0,7,86,2,95,229,0,229,324
05/30/2023,RAL,CA,AWP,WE,Federal Contract Tower,0,4,17,3,24,0,6,94,1,101,0,10,111,4,125,308,0,308,433
05/31/2023,RAL,CA,AWP,WE,Federal Contract Tower,0,10,16,0,26,0,4,98,0,102,0,14,114,0,128,312,0,312,440
06/01/2023,RAL,CA,AWP,WE,Federal Contract Tower,0,15,26,0,41,0,10,85,0,95,0,25,111,0,136,257,0,257,393
06/02/2023,RAL,CA,AWP,WE,Federal Contract Tower,0,5,29,1,35,0,13,141,0,154,0,18,170,1,189,225,0,225,414
06/03/2023,RAL,CA,AWP,WE,Federal Contract Tower,0,8,24,0,32,0,6,107,0,113,0,14,131,0,145,171,0,171,316
06/04/2023,RAL,CA,AWP,WE,Federal Contract Tower,0,2,22,0,24,0,5,81,0,86,0,7,103,0,110,140,0,140,250
06/05/2023,RAL,CA,AWP,WE,Federal Contract Tower,0,9,13,0,22,0,3,35,0,38,0,12,48,0,60,195,0,195,255
06/06/2023,RAL,CA,AWP,WE,Federal Contract Tower,0,5,27,0,32,0,11,104,0,115,0,16,131,0,147,299,0,299,446
06/07/2023,RAL,CA,AWP,WE,Federal Contract Tower,0,11,24,0,35,0,8,129,1,138,0,19,153,1,173,281,0,281,454
06/08/2023,RAL,CA,AWP,WE,Federal Contract Tower,0,6,24,1,31,0,7,162,1,170,0,13,186,2,201,282,0,282,483
06/09/2023,RAL,CA,AWP,WE,Federal Contract Tower,0,12,28,0,40,0,7,87,2,96,0,19,115,2,136,259,0,259,395
06/10/2023,RAL,CA,AWP,WE,Federal Contract Tower,0,5,17,0,22,0,7,36,1,44,0,12,53,1,66,112,0,112,178
06/11/2023,RAL,CA,AWP,WE,Federal Contract Tower,0,0,14,0,14,0,5,28,0,33,0,5,42,0,47,100,0,100,147
06/12/2023,RAL,CA,AWP,WE,Federal Contract Tower,0,4,23,0,27,0,5,69,0,74,0,9,92,0,101,356,0,356,457
06/13/2023,RAL,CA,AWP,WE,Federal Contract Tower,0,7,28,0,35,0,15,91,0,106,0,22,119,0,141,304,0,304,445
06/14/2023,RAL,CA,AWP,WE,Federal Contract Tower,0,6,40,0,46,0,12,67,0,79,0,18,107,0,125,262,0,262,387
06/15/2023,RAL,CA,AWP,WE,Federal Contract Tower,0,5,31,1,37,0,3,93,3,99,0,8,124,4,136,226,0,226,362
06/16/2023,RAL,CA,AWP,WE,Federal Contract Tower,0,7,19,0,26,0,2,123,0,125,0,9,142,0,151,272,0,272,423
06/17/2023,RAL,CA,AWP,WE,Federal Contract Tower,0,7,14,0,21,0,7,131,0,138,0,14,145,0,159,239,0,239,398
06/18/2023,RAL,CA,AWP,WE,Federal Contract Tower,0,0,17,0,17,0,7,65,1,73,0,7,82,1,90,175,0,175,265
06/19/2023,RAL,CA,AWP,WE,Federal Contract Tower,0,0,26,0,26,0,8,165,2,175,0,8,191,2,201,253,0,253,454
06/20/2023,RAL,CA,AWP,WE,Federal Contract Tower,0,1,23,0,24,0,6,148,6,160,0,7,171,6,184,286,0,286,470
06/21/2023,RAL,CA,AWP,WE,Federal Contract Tower,0,8,23,0,31,0,16,171,4,191,0,24,194,4,222,236,0,236,458
06/22/2023,RAL,CA,AWP,WE,Federal Contract Tower,0,8,17,0,25,0,12,113,0,125,0,20,130,0,150,255,0,255,405
06/23/2023,RAL,CA,AWP,WE,Federal Contract Tower,0,4,17,0,21,0,12,172,0,184,0,16,189,0,205,264,0,264,469
06/24/2023,RAL,CA,AWP,WE,Federal Contract Tower,0,2,23,0,25,0,12,145,2,159,0,14,168,2,184,151,0,151,335
06/25/2023,RAL,CA,AWP,WE,Federal Contract Tower,0,3,17,0,20,0,8,87,2,97,0,11,104,2,117,147,0,147,264
06/26/2023,RAL,CA,AWP,WE,Federal Contract Tower,0,6,18,0,24,0,9,183,1,193,0,15,201,1,217,205,0,205,422
06/27/2023,RAL,CA,AWP,WE,Federal Contract Tower,0,6,16,0,22,0,9,177,2,188,0,15,193,2,210,319,0,319,529
06/28/2023,RAL,CA,AWP,WE,Federal Contract Tower,0,6,22,3,31,0,5,143,0,148,0,11,165,3,179,122,0,122,301
06/29/2023,RAL,CA,AWP,WE,Federal Contract Tower,0,5,22,0,27,0,8,146,0,154,0,13,168,0,181,226,0,226,407
06/30/2023,RAL,CA,AWP,WE,Federal Contract Tower,0,1,21,0,22,0,14,146,3,163,0,15,167,3,185,284,0,284,469
07/01/2023,RAL,CA,AWP,WE,Federal Contract Tower,0,6,10,0,16,0,4,104,0,108,0,10,114,0,124,241,0,241,365
07/02/2023,RAL,CA,AWP,WE,Federal Contract Tower,0,1,13,0,14,0,11,80,0,91,0,12,93,0,105,131,0,131,236
07/03/2023,RAL,CA,AWP,WE,Federal Contract Tower,0,2,27,0,29,0,9,142,0,151,0,11,169,0,180,240,0,240,420
07/04/2023,RAL,CA,AWP,WE,Federal Contract Tower,0,2,10,0,12,0,7,66,0,73,0,9,76,0,85,110,0,110,195
07/05/2023,RAL,CA,AWP,WE,Federal Contract Tower,0,5,23,0,28,0,11,68,1,80,0,16,91,1,108,200,0,200,308
07/06/2023,RAL,CA,AWP,WE,Federal Contract Tower,0,4,18,0,22,0,13,162,4,179,0,17,180,4,201,330,0,330,531
07/07/2023,RAL,CA,AWP,WE,Federal Contract Tower,0,19,22,1,42,0,13,116,0,129,0,32,138,1,171,216,2,218,389
07/08/2023,RAL,CA,AWP,WE,Federal Contract Tower,0,3,18,0,21,0,18,159,7,184,0,21,177,7,205,166,0,166,371
07/09/2023,RAL,CA,AWP,WE,Federal Contract Tower,0,6,10,0,16,0,14,103,1,118,0,20,113,1,134,224,0,224,358
07/10/2023,RAL,CA,AWP,WE,Federal Contract Tower,0,19,19,0,38,0,14,142,0,156,0,33,161,0,194,218,0,218,412
07/11/2023,RAL,CA,AWP,WE,Federal Contract Tower,0,2,17,0,19,0,9,192,2,203,0,11,209,2,222,255,0,255,477
07/12/2023,RAL,CA,AWP,WE,Federal Contract Tower,0,3,23,0,26,0,5,190,1,196,0,8,213,1,222,268,0,268,490
07/13/2023,RAL,CA,AWP,WE,Federal Contract Tower,0,7,21,1,29,0,14,151,3,168,0,21,172,4,197,238,0,238,435
07/14/2023,RAL,CA,AWP,WE,Federal Contract Tower,0,7,17,1,25,0,11,127,1,139,0,18,144,2,164,238,0,238,402
07/15/2023,RAL,CA,AWP,WE,Federal Contract Tower,0,4,14,0,18,0,13,106,0,119,0,17,120,0,137,160,0,160,297
07/16/2023,RAL,CA,AWP,WE,Federal Contract Tower,0,4,13,0,17,0,10,66,1,77,0,14,79,1,94,142,8,150,244
07/17/2023,RAL,CA,AWP,WE,Federal Contract Tower,0,8,8,0,16,0,7,79,0,86,0,15,87,0,102,138,0,138,240
07/18/2023,RAL,CA,AWP,WE,Federal Contract Tower,0,1,25,0,26,0,9,158,0,167,0,10,183,0,193,269,0,269,462
07/19/2023,RAL,CA,AWP,WE,Federal Contract Tower,0,3,15,0,18,0,9,121,0,130,0,12,136,0,148,350,0,350,498
07/20/2023,RAL,CA,AWP,WE,Federal Contract Tower,0,11,12,0,23,0,18,146,0,164,0,29,158,0,187,292,0,292,479
07/21/2023,RAL,CA,AWP,WE,Federal Contract Tower,0,2,14,1,17,0,15,151,1,167,0,17,165,2,184,244,2,246,430
07/22/2023,RAL,CA,AWP,WE,Federal Contract Tower,0,1,17,0,18,0,7,124,0,131,0,8,141,0,149,230,0,230,379
07/23/2023,RAL,CA,AWP,WE,Federal Contract Tower,0,2,12,0,14,0,7,49,0,56,0,9,61,0,70,128,0,128,198
07/24/2023,RAL,CA,AWP,WE,Federal Contract Tower,0,6,12,0,18,0,13,99,0,112,0,19,111,0,130,127,0,127,257
07/25/2023,RAL,CA,AWP,WE,Federal Contract Tower,0,2,8,1,11,0,18,106,2,126,0,20,114,3,137,256,0,256,393
07/26/2023,RAL,CA,AWP,WE,Federal Contract Tower,0,8,21,0,29,0,11,123,0,134,0,19,144,0,163,268,0,268,431
07/27/2023,RAL,CA,AWP,WE,Federal Contract Tower,0,11,16,0,27,0,19,143,0,162,0,30,159,0,189,306,0,306,495
07/28/2023,RAL,CA,AWP,WE,Federal Contract Tower,0,8,27,0,35,0,14,136,0,150,0,22,163,0,185,280,0,280,465
07/29/2023,RAL,CA,AWP,WE,Federal Contract Tower,0,5,12,0,17,0,13,109,2,124,0,18,121,2,141,228,0,228,369
07/30/2023,RAL,CA,AWP,WE,Federal Contract Tower,0,5,12,0,17,0,9,56,0,65,0,14,68,0,82,138,0,138,220
07/31/2023,RAL,CA,AWP,WE,Federal Contract Tower,0,4,12,2,18,0,1,19,2,22,0,5,31,4,40,104,14,118,158
08/01/2023,RAL,CA,AWP,WE,Federal Contract Tower,0,9,18,0,27,0,15,120,2,137,0,24,138,2,164,246,0,246,410
08/02/2023,RAL,CA,AWP,WE,Federal Contract Tower,0,2,26,0,28,0,19,126,6,151,0,21,152,6,179,279,0,279,458
08/03/2023,RAL,CA,AWP,WE,Federal Contract Tower,0,7,21,1,29,0,15,160,9,184,0,22,181,10,213,271,13,284,497
08/04/2023,RAL,CA,AWP,WE,Federal Contract Tower,0,9,22,2,33,0,10,117,0,127,0,19,139,2,160,298,0,298,458
08/05/2023,RAL,CA,AWP,WE,Federal Contract Tower,0,0,15,0,15,0,7,110,8,125,0,7,125,8,140,168,0,168,308
08/06/2023,RAL,CA,AWP,WE,Federal Contract Tower,0,6,8,0,14,0,11,58,7,76,0,17,66,7,90,116,0,116,206
08/07/2023,RAL,CA,AWP,WE,Federal Contract Tower,0,4,14,0,18,0,1,75,0,76,0,5,89,0,94,133,0,133,227
08/08/2023,RAL,CA,AWP,WE,Federal Contract Tower,0,1,1,0,2,0,20,150,4,174,0,21,151,4,176,196,0,196,372
08/09/2023,RAL,CA,AWP,WE,Federal Contract Tower,0,4,10,0,14,0,14,127,3,144,0,18,137,3,158,294,7,301,459
08/10/2023,RAL,CA,AWP,WE,Federal Contract Tower,0,10,17,0,27,0,4,67,3,74,0,14,84,3,101,258,0,258,359
08/11/2023,RAL,CA,AWP,WE,Federal Contract Tower,0,8,32,0,40,0,7,101,0,108,0,15,133,0,148,164,0,164,312
08/12/2023,RAL,CA,AWP,WE,Federal Contract Tower,0,0,21,0,21,0,8,163,0,171,0,8,184,0,192,147,0,147,339
08/13/2023,RAL,CA,AWP,WE,Federal Contract Tower,0,1,10,0,11,0,14,97,1,112,0,15,107,1,123,165,0,165,288
08/14/2023,RAL,CA,AWP,WE,Federal Contract Tower,0,1,9,0,10,0,12,127,7,146,0,13,136,7,156,205,0,205,361
08/15/2023,RAL,CA,AWP,WE,Federal Contract Tower,0,3,10,0,13,0,10,102,0,112,0,13,112,0,125,133,0,133,258
08/16/2023,RAL,CA,AWP,WE,Federal Contract Tower,0,6,6,1,13,0,23,90,2,115,0,29,96,3,128,184,0,184,312
08/17/2023,RAL,CA,AWP,WE,Federal Contract Tower,0,9,11,0,20,0,21,155,2,178,0,30,166,2,198,276,0,276,474
08/18/2023,RAL,CA,AWP,WE,Federal Contract Tower,0,3,22,0,25,0,8,135,3,146,0,11,157,3,171,245,0,245,416
08/19/2023,RAL,CA,AWP,WE,Federal Contract Tower,0,0,10,0,10,0,1,118,0,119,0,1,128,0,129,154,0,154,283
08/20/2023,RAL,CA,AWP,WE,Federal Contract Tower,0,3,1,0,4,0,0,6,0,6,0,3,7,0,10,22,0,22,32
08/21/2023,RAL,CA,AWP,WE,Federal Contract Tower,0,1,14,0,15,0,1,31,0,32,0,2,45,0,47,142,0,142,189
08/22/2023,RAL,CA,AWP,WE,Federal Contract Tower,0,5,25,0,30,0,13,162,0,175,0,18,187,0,205,282,0,282,487
08/23/2023,RAL,CA,AWP,WE,Federal Contract Tower,0,6,23,0,29,0,18,99,2,119,0,24,122,2,148,218,7,225,373
08/24/2023,RAL,CA,AWP,WE,Federal Contract Tower,0,9,19,2,30,0,12,108,5,125,0,21,127,7,155,306,0,306,461
08/25/2023,RAL,CA,AWP,WE,Federal Contract Tower,0,2,30,0,32,0,3,162,1,166,0,5,192,1,198,262,0,262,460
08/26/2023,RAL,CA,AWP,WE,Federal Contract Tower,0,0,10,0,10,0,0,107,0,107,0,0,117,0,117,160,0,160,277
08/27/2023,RAL,CA,AWP,WE,Federal Contract Tower,0,0,7,0,7,0,10,91,4,105,0,10,98,4,112,169,0,169,281
08/28/2023,RAL,CA,AWP,WE,Federal Contract Tower,0,4,14,0,18,0,3,74,0,77,0,7,88,0,95,152,0,152,247
08/29/2023,RAL,CA,AWP,WE,Federal Contract Tower,0,10,12,0,22,0,5,91,0,96,0,15,103,0,118,178,0,178,296
08/30/2023,RAL,CA,AWP,WE,Federal Contract Tower,0,8,21,0,29,0,10,115,0,125,0,18,136,0,154,244,0,244,398
08/31/2023,RAL,CA,AWP,WE,Federal Contract Tower,0,14,23,0,37,0,21,118,3,142,0,35,141,3,179,278,0,278,457
