01/01/2000,RAP,SD,AGL,WE,Federal Contract Tower,4,16,11,0,31,2,7,9,0,18,6,23,20,0,49,8,0,8,57
01/02/2000,RAP,SD,AGL,WE,Federal Contract Tower,5,18,12,0,35,3,4,16,0,23,8,22,28,0,58,24,0,24,82
01/03/2000,RAP,SD,AGL,WE,Federal Contract Tower,7,28,19,0,54,3,4,0,0,7,10,32,19,0,61,0,0,0,61
01/04/2000,RAP,SD,AGL,WE,Federal Contract Tower,8,32,21,2,63,2,0,26,4,32,10,32,47,6,95,66,18,84,179
01/05/2000,RAP,SD,AGL,WE,Federal Contract Tower,7,31,21,1,60,1,4,3,3,11,8,35,24,4,71,34,10,44,115
01/06/2000,RAP,SD,AGL,WE,Federal Contract Tower,8,34,23,2,67,0,2,44,0,46,8,36,67,2,113,80,2,82,195
01/07/2000,RAP,SD,AGL,WE,Federal Contract Tower,8,34,23,2,67,0,3,37,10,50,8,37,60,12,117,102,2,104,221
01/08/2000,RAP,SD,AGL,WE,Federal Contract Tower,4,24,16,1,45,0,8,90,1,99,4,32,106,2,144,72,0,72,216
01/09/2000,RAP,SD,AGL,WE,Federal Contract Tower,6,18,15,0,39,0,0,35,0,35,6,18,50,0,74,34,0,34,108
01/10/2000,RAP,SD,AGL,WE,Federal Contract Tower,7,28,19,0,54,1,0,8,0,9,8,28,27,0,63,0,0,0,63
01/11/2000,RAP,SD,AGL,WE,Federal Contract Tower,6,41,27,2,76,0,1,12,2,15,6,42,39,4,91,60,5,65,156
01/12/2000,RAP,SD,AGL,WE,Federal Contract Tower,3,36,27,2,68,0,0,36,8,44,3,36,63,10,112,44,2,46,158
01/13/2000,RAP,SD,AGL,WE,Federal Contract Tower,8,37,25,2,72,0,2,60,5,67,8,39,85,7,139,66,2,68,207
01/14/2000,RAP,SD,AGL,WE,Federal Contract Tower,7,35,24,2,68,0,0,32,5,37,7,35,56,7,105,40,0,40,145
01/15/2000,RAP,SD,AGL,WE,Federal Contract Tower,4,24,16,1,45,0,10,23,0,33,4,34,39,1,78,24,0,24,102
01/16/2000,RAP,SD,AGL,WE,Federal Contract Tower,5,21,14,0,40,1,3,11,0,15,6,24,25,0,55,18,0,18,73
01/17/2000,RAP,SD,AGL,WE,Federal Contract Tower,6,31,21,1,59,2,0,21,0,23,8,31,42,1,82,72,0,72,154
01/18/2000,RAP,SD,AGL,WE,Federal Contract Tower,6,33,20,1,60,0,4,51,0,55,6,37,71,1,115,38,0,38,153
01/19/2000,RAP,SD,AGL,WE,Federal Contract Tower,4,32,20,0,56,0,8,18,0,26,4,40,38,0,82,26,0,26,108
01/20/2000,RAP,SD,AGL,WE,Federal Contract Tower,6,31,19,2,58,2,7,34,8,51,8,38,53,10,109,66,2,68,177
01/21/2000,RAP,SD,AGL,WE,Federal Contract Tower,7,32,21,3,63,1,0,13,16,30,8,32,34,19,93,16,12,28,121
01/22/2000,RAP,SD,AGL,WE,Federal Contract Tower,4,26,16,2,48,0,2,26,4,32,4,28,42,6,80,16,32,48,128
01/23/2000,RAP,SD,AGL,WE,Federal Contract Tower,4,22,14,0,40,2,2,18,0,22,6,24,32,0,62,26,0,26,88
01/24/2000,RAP,SD,AGL,WE,Federal Contract Tower,6,35,22,1,64,0,0,26,0,26,6,35,48,1,90,30,0,30,120
01/25/2000,RAP,SD,AGL,WE,Federal Contract Tower,5,32,20,2,59,0,3,25,10,38,5,35,45,12,97,26,12,38,135
01/26/2000,RAP,SD,AGL,WE,Federal Contract Tower,8,34,22,3,67,0,0,27,6,33,8,34,49,9,100,42,16,58,158
01/27/2000,RAP,SD,AGL,WE,Federal Contract Tower,8,31,23,3,65,0,0,23,8,31,8,31,46,11,96,20,8,28,124
01/28/2000,RAP,SD,AGL,WE,Federal Contract Tower,8,36,26,3,73,0,0,14,10,24,8,36,40,13,97,22,16,38,135
01/29/2000,RAP,SD,AGL,WE,Federal Contract Tower,5,25,11,0,41,1,6,0,0,7,6,31,11,0,48,0,0,0,48
01/30/2000,RAP,SD,AGL,WE,Federal Contract Tower,4,23,14,0,41,0,2,38,0,40,4,25,52,0,81,30,0,30,111
01/31/2000,RAP,SD,AGL,WE,Federal Contract Tower,5,26,16,1,48,3,6,28,0,37,8,32,44,1,85,21,0,21,106
02/01/2000,RAP,SD,AGL,WE,Federal Contract Tower,7,29,22,1,59,0,9,30,3,42,7,38,52,4,101,32,24,56,157
02/02/2000,RAP,SD,AGL,WE,Federal Contract Tower,8,30,25,1,64,0,0,60,0,60,8,30,85,1,124,46,0,46,170
02/03/2000,RAP,SD,AGL,WE,Federal Contract Tower,6,27,20,0,53,0,6,31,0,37,6,33,51,0,90,18,0,18,108
02/04/2000,RAP,SD,AGL,WE,Federal Contract Tower,8,37,27,2,74,0,5,51,16,72,8,42,78,18,146,74,18,92,238
02/05/2000,RAP,SD,AGL,WE,Federal Contract Tower,4,23,18,1,46,0,7,45,23,75,4,30,63,24,121,30,22,52,173
02/06/2000,RAP,SD,AGL,WE,Federal Contract Tower,6,23,18,1,48,0,11,24,23,58,6,34,42,24,106,36,12,48,154
02/07/2000,RAP,SD,AGL,WE,Federal Contract Tower,7,32,23,1,63,1,11,36,0,48,8,43,59,1,111,64,0,64,175
02/08/2000,RAP,SD,AGL,WE,Federal Contract Tower,8,31,21,2,62,0,4,52,1,57,8,35,73,3,119,68,0,68,187
02/09/2000,RAP,SD,AGL,WE,Federal Contract Tower,8,34,24,3,69,1,0,30,0,31,9,34,54,3,100,18,0,18,118
02/10/2000,RAP,SD,AGL,WE,Federal Contract Tower,7,34,23,3,67,1,3,1,1,6,8,37,24,4,73,0,12,12,85
02/11/2000,RAP,SD,AGL,WE,Federal Contract Tower,8,38,27,2,75,0,0,10,0,10,8,38,37,2,85,16,2,18,103
02/12/2000,RAP,SD,AGL,WE,Federal Contract Tower,5,23,16,1,45,0,6,7,0,13,5,29,23,1,58,12,0,12,70
02/13/2000,RAP,SD,AGL,WE,Federal Contract Tower,4,20,13,0,37,2,6,0,0,8,6,26,13,0,45,0,0,0,45
02/14/2000,RAP,SD,AGL,WE,Federal Contract Tower,7,29,20,2,58,1,0,24,1,26,8,29,44,3,84,8,0,8,92
02/15/2000,RAP,SD,AGL,WE,Federal Contract Tower,7,28,23,3,61,1,0,10,5,16,8,28,33,8,77,32,46,78,155
02/16/2000,RAP,SD,AGL,WE,Federal Contract Tower,8,35,24,3,70,0,1,26,1,28,8,36,50,4,98,62,10,72,170
02/17/2000,RAP,SD,AGL,WE,Federal Contract Tower,7,30,27,3,67,0,0,48,11,59,7,30,75,14,126,80,0,80,206
02/18/2000,RAP,SD,AGL,WE,Federal Contract Tower,8,39,27,3,77,0,1,40,4,45,8,40,67,7,122,32,4,36,158
02/19/2000,RAP,SD,AGL,WE,Federal Contract Tower,4,19,13,0,36,1,7,55,0,63,5,26,68,0,99,58,0,58,157
02/20/2000,RAP,SD,AGL,WE,Federal Contract Tower,4,19,14,1,38,2,5,51,1,59,6,24,65,2,97,28,0,28,125
02/21/2000,RAP,SD,AGL,WE,Federal Contract Tower,7,28,21,1,57,1,0,55,1,57,8,28,76,2,114,56,0,56,170
02/22/2000,RAP,SD,AGL,WE,Federal Contract Tower,8,36,26,2,72,0,1,45,1,47,8,37,71,3,119,46,4,50,169
02/23/2000,RAP,SD,AGL,WE,Federal Contract Tower,6,44,32,2,84,0,0,34,3,37,6,44,66,5,121,92,8,100,221
02/24/2000,RAP,SD,AGL,WE,Federal Contract Tower,7,35,25,2,69,1,3,59,5,68,8,38,84,7,137,68,22,90,227
02/25/2000,RAP,SD,AGL,WE,Federal Contract Tower,6,25,18,0,49,1,0,6,0,7,7,25,24,0,56,22,0,22,78
02/26/2000,RAP,SD,AGL,WE,Federal Contract Tower,5,21,15,0,41,0,5,16,0,21,5,26,31,0,62,16,0,16,78
02/27/2000,RAP,SD,AGL,WE,Federal Contract Tower,4,19,13,0,36,2,4,33,0,39,6,23,46,0,75,4,2,6,81
02/28/2000,RAP,SD,AGL,WE,Federal Contract Tower,7,30,22,0,59,1,4,8,0,13,8,34,30,0,72,40,0,40,112
02/29/2000,RAP,SD,AGL,WE,Federal Contract Tower,8,34,30,2,74,0,0,43,15,58,8,34,73,17,132,80,22,102,234
03/01/2000,RAP,SD,AGL,WE,Federal Contract Tower,8,33,24,1,66,0,3,41,0,44,8,36,65,1,110,36,0,36,146
03/02/2000,RAP,SD,AGL,WE,Federal Contract Tower,8,34,25,2,69,0,1,58,8,67,8,35,83,10,136,58,4,62,198
03/03/2000,RAP,SD,AGL,WE,Federal Contract Tower,8,31,28,3,70,0,0,39,5,44,8,31,67,8,114,90,10,100,214
03/04/2000,RAP,SD,AGL,WE,Federal Contract Tower,4,29,21,2,56,0,9,39,16,64,4,38,60,18,120,76,50,126,246
03/05/2000,RAP,SD,AGL,WE,Federal Contract Tower,5,17,13,1,36,1,4,29,12,46,6,21,42,13,82,36,14,50,132
03/06/2000,RAP,SD,AGL,WE,Federal Contract Tower,7,27,20,2,56,0,5,26,2,33,7,32,46,4,89,16,0,16,105
03/07/2000,RAP,SD,AGL,WE,Federal Contract Tower,8,33,26,2,69,0,0,53,5,58,8,33,79,7,127,64,0,64,191
03/08/2000,RAP,SD,AGL,WE,Federal Contract Tower,0,1,0,0,1,0,0,1,0,1,0,1,1,0,2,0,0,0,2
03/09/2000,RAP,SD,AGL,WE,Federal Contract Tower,8,38,30,3,79,0,0,7,4,11,8,38,37,7,90,10,4,14,104
03/10/2000,RAP,SD,AGL,WE,Federal Contract Tower,8,33,24,2,67,0,5,17,2,24,8,38,41,4,91,78,4,82,173
03/11/2000,RAP,SD,AGL,WE,Federal Contract Tower,4,22,17,0,43,0,7,41,0,48,4,29,58,0,91,54,0,54,145
03/12/2000,RAP,SD,AGL,WE,Federal Contract Tower,5,20,12,0,37,1,8,0,0,9,6,28,12,0,46,0,0,0,46
03/13/2000,RAP,SD,AGL,WE,Federal Contract Tower,8,35,26,2,71,0,3,46,0,49,8,38,72,2,120,40,0,40,160
03/14/2000,RAP,SD,AGL,WE,Federal Contract Tower,8,34,25,3,70,2,3,40,1,46,10,37,65,4,116,92,0,92,208
03/15/2000,RAP,SD,AGL,WE,Federal Contract Tower,8,30,29,3,70,0,0,16,0,16,8,30,45,3,86,52,0,52,138
03/16/2000,RAP,SD,AGL,WE,Federal Contract Tower,7,32,24,3,66,1,0,44,0,45,8,32,68,3,111,98,0,98,209
03/17/2000,RAP,SD,AGL,WE,Federal Contract Tower,7,32,24,3,66,1,3,20,23,47,8,35,44,26,113,84,18,102,215
03/18/2000,RAP,SD,AGL,WE,Federal Contract Tower,4,19,14,2,39,2,5,26,19,52,6,24,40,21,91,54,8,62,153
03/19/2000,RAP,SD,AGL,WE,Federal Contract Tower,4,20,14,0,38,2,6,27,0,35,6,26,41,0,73,44,0,44,117
03/20/2000,RAP,SD,AGL,WE,Federal Contract Tower,5,21,16,2,44,1,0,0,0,1,6,21,16,2,45,0,0,0,45
03/21/2000,RAP,SD,AGL,WE,Federal Contract Tower,6,27,19,1,53,1,3,26,0,30,7,30,45,1,83,56,0,56,139
03/22/2000,RAP,SD,AGL,WE,Federal Contract Tower,9,35,28,3,75,3,0,60,0,63,12,35,88,3,138,92,0,92,230
03/23/2000,RAP,SD,AGL,WE,Federal Contract Tower,8,30,24,2,64,0,0,59,0,59,8,30,83,2,123,38,2,40,163
03/24/2000,RAP,SD,AGL,WE,Federal Contract Tower,8,34,23,3,68,1,4,37,10,52,9,38,60,13,120,26,22,48,168
03/25/2000,RAP,SD,AGL,WE,Federal Contract Tower,4,24,17,0,45,0,15,76,0,91,4,39,93,0,136,92,0,92,228
03/26/2000,RAP,SD,AGL,WE,Federal Contract Tower,4,18,12,1,35,2,3,15,2,22,6,21,27,3,57,22,0,22,79
03/27/2000,RAP,SD,AGL,WE,Federal Contract Tower,7,31,24,2,64,1,0,28,4,33,8,31,52,6,97,42,0,42,139
03/28/2000,RAP,SD,AGL,WE,Federal Contract Tower,8,32,24,2,66,0,0,43,5,48,8,32,67,7,114,54,4,58,172
03/29/2000,RAP,SD,AGL,WE,Federal Contract Tower,8,37,27,2,74,0,3,32,6,41,8,40,59,8,115,58,0,58,173
03/30/2000,RAP,SD,AGL,WE,Federal Contract Tower,8,34,26,2,70,0,0,30,3,33,8,34,56,5,103,30,0,30,133
03/31/2000,RAP,SD,AGL,WE,Federal Contract Tower,7,32,23,2,64,1,7,22,10,40,8,39,45,12,104,24,18,42,146
04/01/2000,RAP,SD,AGL,WE,Federal Contract Tower,4,24,17,1,46,0,6,34,17,57,4,30,51,18,103,28,2,30,133
04/02/2000,RAP,SD,AGL,WE,Federal Contract Tower,6,18,10,1,35,3,2,0,1,6,9,20,10,2,41,2,0,2,43
04/03/2000,RAP,SD,AGL,WE,Federal Contract Tower,10,33,23,2,68,0,7,10,6,23,10,40,33,8,91,10,2,12,103
04/04/2000,RAP,SD,AGL,WE,Federal Contract Tower,10,36,26,2,74,0,1,53,22,76,10,37,79,24,150,98,12,110,260
04/05/2000,RAP,SD,AGL,WE,Federal Contract Tower,10,31,22,1,64,0,4,22,1,27,10,35,44,2,91,0,0,0,91
04/06/2000,RAP,SD,AGL,WE,Federal Contract Tower,10,39,27,2,78,0,6,47,0,53,10,45,74,2,131,86,0,86,217
04/07/2000,RAP,SD,AGL,WE,Federal Contract Tower,8,30,21,1,60,0,3,3,1,7,8,33,24,2,67,0,0,0,67
04/08/2000,RAP,SD,AGL,WE,Federal Contract Tower,8,24,18,0,50,0,1,44,0,45,8,25,62,0,95,40,0,40,135
04/09/2000,RAP,SD,AGL,WE,Federal Contract Tower,7,19,14,1,41,3,5,24,0,32,10,24,38,1,73,46,0,46,119
04/10/2000,RAP,SD,AGL,WE,Federal Contract Tower,10,31,22,1,64,0,1,32,8,41,10,32,54,9,105,34,0,34,139
04/11/2000,RAP,SD,AGL,WE,Federal Contract Tower,10,36,25,2,73,0,5,53,5,63,10,41,78,7,136,60,0,60,196
04/12/2000,RAP,SD,AGL,WE,Federal Contract Tower,10,34,24,2,70,0,8,49,4,61,10,42,73,6,131,38,2,40,171
04/13/2000,RAP,SD,AGL,WE,Federal Contract Tower,10,35,24,2,71,0,0,74,4,78,10,35,98,6,149,92,2,94,243
04/14/2000,RAP,SD,AGL,WE,Federal Contract Tower,8,29,20,1,58,2,0,0,0,2,10,29,20,1,60,0,0,0,60
04/15/2000,RAP,SD,AGL,WE,Federal Contract Tower,5,20,6,0,31,3,6,0,0,9,8,26,6,0,40,0,0,0,40
04/16/2000,RAP,SD,AGL,WE,Federal Contract Tower,8,27,17,0,52,2,1,39,0,42,10,28,56,0,94,24,0,24,118
04/17/2000,RAP,SD,AGL,WE,Federal Contract Tower,10,33,21,3,67,0,0,33,0,33,10,33,54,3,100,34,0,34,134
04/18/2000,RAP,SD,AGL,WE,Federal Contract Tower,10,35,23,0,68,0,8,27,0,35,10,43,50,0,103,46,0,46,149
04/19/2000,RAP,SD,AGL,WE,Federal Contract Tower,0,0,0,0,0,0,0,0,0,0,0,0,0,0,0,0,0,0,0
04/20/2000,RAP,SD,AGL,WE,Federal Contract Tower,8,27,17,2,54,0,3,28,0,31,8,30,45,2,85,22,4,26,111
04/21/2000,RAP,SD,AGL,WE,Federal Contract Tower,10,36,24,3,73,0,4,63,1,68,10,40,87,4,141,78,10,88,229
04/22/2000,RAP,SD,AGL,WE,Federal Contract Tower,6,22,14,0,42,2,12,43,0,57,8,34,57,0,99,22,0,22,121
04/23/2000,RAP,SD,AGL,WE,Federal Contract Tower,5,19,13,0,37,5,9,30,0,44,10,28,43,0,81,30,0,30,111
04/24/2000,RAP,SD,AGL,WE,Federal Contract Tower,10,32,26,3,71,0,0,14,0,14,10,32,40,3,85,10,0,10,95
04/25/2000,RAP,SD,AGL,WE,Federal Contract Tower,10,38,29,3,80,0,0,61,9,70,10,38,90,12,150,30,4,34,184
04/26/2000,RAP,SD,AGL,WE,Federal Contract Tower,10,38,31,2,81,0,0,26,2,28,10,38,57,4,109,18,6,24,133
04/27/2000,RAP,SD,AGL,WE,Federal Contract Tower,11,35,25,2,73,1,0,32,4,37,12,35,57,6,110,66,2,68,178
04/28/2000,RAP,SD,AGL,WE,Federal Contract Tower,10,35,24,1,70,0,3,54,0,57,10,38,78,1,127,4,8,12,139
04/29/2000,RAP,SD,AGL,WE,Federal Contract Tower,8,27,22,1,58,0,0,17,22,39,8,27,39,23,97,20,32,52,149
04/30/2000,RAP,SD,AGL,WE,Federal Contract Tower,5,19,13,1,38,5,3,7,8,23,10,22,20,9,61,12,0,12,73
05/01/2000,RAP,SD,AGL,WE,Federal Contract Tower,12,29,21,2,64,0,5,59,2,66,12,34,80,4,130,32,0,32,162
05/02/2000,RAP,SD,AGL,WE,Federal Contract Tower,12,32,23,2,69,0,2,46,1,49,12,34,69,3,118,74,0,74,192
05/03/2000,RAP,SD,AGL,WE,Federal Contract Tower,12,30,22,2,66,0,10,32,2,44,12,40,54,4,110,24,0,24,134
05/04/2000,RAP,SD,AGL,WE,Federal Contract Tower,14,30,22,2,68,0,6,23,5,34,14,36,45,7,102,10,4,14,116
05/05/2000,RAP,SD,AGL,WE,Federal Contract Tower,11,33,24,2,70,0,5,52,18,75,11,38,76,20,145,86,2,88,233
05/06/2000,RAP,SD,AGL,WE,Federal Contract Tower,12,28,22,2,64,0,0,68,18,86,12,28,90,20,150,56,34,90,240
05/07/2000,RAP,SD,AGL,WE,Federal Contract Tower,11,21,19,2,53,1,0,6,6,13,12,21,25,8,66,0,16,16,82
05/08/2000,RAP,SD,AGL,WE,Federal Contract Tower,12,28,21,2,63,0,3,33,1,37,12,31,54,3,100,22,0,22,122
05/09/2000,RAP,SD,AGL,WE,Federal Contract Tower,12,30,22,2,66,0,7,29,0,36,12,37,51,2,102,16,0,16,118
05/10/2000,RAP,SD,AGL,WE,Federal Contract Tower,12,37,26,3,78,0,1,48,6,55,12,38,74,9,133,86,0,86,219
05/11/2000,RAP,SD,AGL,WE,Federal Contract Tower,12,27,20,1,60,0,8,14,0,22,12,35,34,1,82,28,0,28,110
05/12/2000,RAP,SD,AGL,WE,Federal Contract Tower,10,25,19,0,54,2,6,9,0,17,12,31,28,0,71,0,0,0,71
05/13/2000,RAP,SD,AGL,WE,Federal Contract Tower,10,26,19,2,57,2,4,41,0,47,12,30,60,2,104,72,0,72,176
05/14/2000,RAP,SD,AGL,WE,Federal Contract Tower,9,24,18,0,51,3,4,37,0,44,12,28,55,0,95,24,0,24,119
05/15/2000,RAP,SD,AGL,WE,Federal Contract Tower,13,32,23,3,71,1,6,65,1,73,14,38,88,4,144,50,0,50,194
05/16/2000,RAP,SD,AGL,WE,Federal Contract Tower,14,34,25,3,76,0,2,47,2,51,14,36,72,5,127,48,2,50,177
05/17/2000,RAP,SD,AGL,WE,Federal Contract Tower,10,26,12,1,49,3,5,0,0,8,13,31,12,1,57,0,0,0,57
05/18/2000,RAP,SD,AGL,WE,Federal Contract Tower,13,33,23,3,72,1,2,35,8,46,14,35,58,11,118,92,8,100,218
05/19/2000,RAP,SD,AGL,WE,Federal Contract Tower,14,33,23,3,73,0,0,70,7,77,14,33,93,10,150,56,4,60,210
05/20/2000,RAP,SD,AGL,WE,Federal Contract Tower,10,26,18,3,57,2,4,26,6,38,12,30,44,9,95,44,0,44,139
05/21/2000,RAP,SD,AGL,WE,Federal Contract Tower,11,23,18,3,55,1,0,46,3,50,12,23,64,6,105,10,0,10,115
05/22/2000,RAP,SD,AGL,WE,Federal Contract Tower,12,29,22,3,66,0,0,60,6,66,12,29,82,9,132,60,4,64,196
05/23/2000,RAP,SD,AGL,WE,Federal Contract Tower,14,37,26,4,81,0,0,33,5,38,14,37,59,9,119,36,0,36,155
05/24/2000,RAP,SD,AGL,WE,Federal Contract Tower,12,36,29,4,81,0,0,48,11,59,12,36,77,15,140,74,0,74,214
05/25/2000,RAP,SD,AGL,WE,Federal Contract Tower,12,32,22,3,69,0,11,56,8,75,12,43,78,11,144,82,0,82,226
05/26/2000,RAP,SD,AGL,WE,Federal Contract Tower,11,31,22,2,66,0,2,28,5,35,11,33,50,7,101,54,6,60,161
05/27/2000,RAP,SD,AGL,WE,Federal Contract Tower,10,27,20,0,57,4,4,82,0,90,14,31,102,0,147,70,0,70,217
05/28/2000,RAP,SD,AGL,WE,Federal Contract Tower,7,20,14,0,41,7,4,39,0,50,14,24,53,0,91,8,0,8,99
05/29/2000,RAP,SD,AGL,WE,Federal Contract Tower,10,25,19,1,55,1,0,37,0,38,11,25,56,1,93,24,0,24,117
05/30/2000,RAP,SD,AGL,WE,Federal Contract Tower,14,34,25,0,73,0,0,11,0,11,14,34,36,0,84,8,0,8,92
05/31/2000,RAP,SD,AGL,WE,Federal Contract Tower,14,47,35,0,96,0,0,26,0,26,14,47,61,0,122,10,0,10,132
06/01/2000,RAP,SD,AGL,WE,Federal Contract Tower,12,34,26,0,72,0,7,46,0,53,12,41,72,0,125,48,0,48,173
06/02/2000,RAP,SD,AGL,WE,Federal Contract Tower,12,34,25,3,74,0,7,66,3,76,12,41,91,6,150,110,8,118,268
06/03/2000,RAP,SD,AGL,WE,Federal Contract Tower,10,26,20,2,58,8,6,55,16,85,18,32,75,18,143,66,4,70,213
06/04/2000,RAP,SD,AGL,WE,Federal Contract Tower,12,29,23,3,67,2,0,25,4,31,14,29,48,7,98,14,0,14,112
06/05/2000,RAP,SD,AGL,WE,Federal Contract Tower,12,34,26,3,75,0,4,41,25,70,12,38,67,28,145,62,14,76,221
06/06/2000,RAP,SD,AGL,WE,Federal Contract Tower,12,36,27,3,78,0,4,53,13,70,12,40,80,16,148,20,12,32,180
06/07/2000,RAP,SD,AGL,WE,Federal Contract Tower,12,36,28,3,79,0,1,55,26,82,12,37,83,29,161,50,10,60,221
06/08/2000,RAP,SD,AGL,WE,Federal Contract Tower,12,33,29,3,77,0,0,51,25,76,12,33,80,28,153,60,14,74,227
06/09/2000,RAP,SD,AGL,WE,Federal Contract Tower,12,34,25,4,75,0,4,44,11,59,12,38,69,15,134,54,6,60,194
06/10/2000,RAP,SD,AGL,WE,Federal Contract Tower,10,27,21,3,61,2,5,50,20,77,12,32,71,23,138,58,8,66,204
06/11/2000,RAP,SD,AGL,WE,Federal Contract Tower,8,22,16,3,49,4,3,23,14,44,12,25,39,17,93,2,0,2,95
06/12/2000,RAP,SD,AGL,WE,Federal Contract Tower,12,33,24,4,73,0,4,45,11,60,12,37,69,15,133,10,0,10,143
06/13/2000,RAP,SD,AGL,WE,Federal Contract Tower,12,37,28,4,81,0,1,29,1,31,12,38,57,5,112,12,0,12,124
06/14/2000,RAP,SD,AGL,WE,Federal Contract Tower,11,35,27,4,77,0,6,32,19,57,11,41,59,23,134,14,26,40,174
06/15/2000,RAP,SD,AGL,WE,Federal Contract Tower,12,38,29,4,83,0,10,10,10,30,12,48,39,14,113,24,22,46,159
06/16/2000,RAP,SD,AGL,WE,Federal Contract Tower,12,34,26,4,76,0,10,46,10,66,12,44,72,14,142,28,14,42,184
06/17/2000,RAP,SD,AGL,WE,Federal Contract Tower,10,29,22,3,64,2,6,39,1,48,12,35,61,4,112,56,4,60,172
06/18/2000,RAP,SD,AGL,WE,Federal Contract Tower,9,25,20,2,56,3,1,47,0,51,12,26,67,2,107,16,4,20,127
06/19/2000,RAP,SD,AGL,WE,Federal Contract Tower,10,30,21,3,64,2,5,13,1,21,12,35,34,4,85,16,0,16,101
06/20/2000,RAP,SD,AGL,WE,Federal Contract Tower,10,29,21,3,63,2,6,23,3,34,12,35,44,6,97,28,10,38,135
06/21/2000,RAP,SD,AGL,WE,Federal Contract Tower,12,39,28,2,81,0,12,48,0,60,12,51,76,2,141,34,0,34,175
06/22/2000,RAP,SD,AGL,WE,Federal Contract Tower,12,37,26,1,76,0,6,63,0,69,12,43,89,1,145,38,0,38,183
06/23/2000,RAP,SD,AGL,WE,Federal Contract Tower,12,39,28,2,81,0,2,74,0,76,12,41,102,2,157,66,0,66,223
06/24/2000,RAP,SD,AGL,WE,Federal Contract Tower,11,29,21,0,61,5,0,36,0,41,16,29,57,0,102,16,0,16,118
06/25/2000,RAP,SD,AGL,WE,Federal Contract Tower,7,21,15,3,46,3,3,24,1,31,10,24,39,4,77,26,0,26,103
06/26/2000,RAP,SD,AGL,WE,Federal Contract Tower,12,34,24,3,73,0,2,47,7,56,12,36,71,10,129,10,0,10,139
06/27/2000,RAP,SD,AGL,WE,Federal Contract Tower,12,42,37,4,95,0,0,39,1,40,12,42,76,5,135,4,0,4,139
06/28/2000,RAP,SD,AGL,WE,Federal Contract Tower,11,43,32,4,90,0,0,72,0,72,11,43,104,4,162,36,0,36,198
06/29/2000,RAP,SD,AGL,WE,Federal Contract Tower,14,45,33,4,96,0,0,53,3,56,14,45,86,7,152,2,20,22,174
06/30/2000,RAP,SD,AGL,WE,Federal Contract Tower,12,35,25,2,74,0,1,82,0,83,12,36,107,2,157,66,0,66,223
07/01/2000,RAP,SD,AGL,WE,Federal Contract Tower,10,24,21,2,57,2,7,61,4,74,12,31,82,6,131,68,0,68,199
07/02/2000,RAP,SD,AGL,WE,Federal Contract Tower,9,23,19,2,53,5,1,65,1,72,14,24,84,3,125,20,0,20,145
07/03/2000,RAP,SD,AGL,WE,Federal Contract Tower,14,33,28,2,77,0,5,59,0,64,14,38,87,2,141,14,2,16,157
07/04/2000,RAP,SD,AGL,WE,Federal Contract Tower,9,22,19,1,51,3,13,29,1,46,12,35,48,2,97,48,0,48,145
07/05/2000,RAP,SD,AGL,WE,Federal Contract Tower,10,36,30,0,76,0,1,35,0,36,10,37,65,0,112,18,0,18,130
07/06/2000,RAP,SD,AGL,WE,Federal Contract Tower,12,37,31,0,80,0,10,35,0,45,12,47,66,0,125,4,0,4,129
07/07/2000,RAP,SD,AGL,WE,Federal Contract Tower,12,39,33,3,87,0,0,55,1,56,12,39,88,4,143,18,4,22,165
07/08/2000,RAP,SD,AGL,WE,Federal Contract Tower,12,30,26,2,70,4,0,30,19,53,16,30,56,21,123,28,26,54,177
07/09/2000,RAP,SD,AGL,WE,Federal Contract Tower,10,25,22,2,59,2,2,33,5,42,12,27,55,7,101,4,28,32,133
07/10/2000,RAP,SD,AGL,WE,Federal Contract Tower,12,32,27,3,74,0,8,25,2,35,12,40,52,5,109,4,0,4,113
07/11/2000,RAP,SD,AGL,WE,Federal Contract Tower,12,30,26,3,71,0,11,35,3,49,12,41,61,6,120,56,0,56,176
07/12/2000,RAP,SD,AGL,WE,Federal Contract Tower,13,34,29,4,80,0,11,47,1,59,13,45,76,5,139,44,8,52,191
07/13/2000,RAP,SD,AGL,WE,Federal Contract Tower,12,40,35,4,91,0,6,51,10,67,12,46,86,14,158,24,12,36,194
07/14/2000,RAP,SD,AGL,WE,Federal Contract Tower,12,34,29,4,79,0,5,107,8,120,12,39,136,12,199,24,0,24,223
07/15/2000,RAP,SD,AGL,WE,Federal Contract Tower,13,32,28,3,76,11,0,107,0,118,24,32,135,3,194,32,0,32,226
07/16/2000,RAP,SD,AGL,WE,Federal Contract Tower,8,22,17,1,48,3,5,59,0,67,11,27,76,1,115,22,0,22,137
07/17/2000,RAP,SD,AGL,WE,Federal Contract Tower,12,34,31,4,81,0,0,65,3,68,12,34,96,7,149,24,8,32,181
07/18/2000,RAP,SD,AGL,WE,Federal Contract Tower,12,41,36,4,93,0,0,33,14,47,12,41,69,18,140,46,38,84,224
07/19/2000,RAP,SD,AGL,WE,Federal Contract Tower,12,41,34,4,91,0,2,47,10,59,12,43,81,14,150,40,16,56,206
07/20/2000,RAP,SD,AGL,WE,Federal Contract Tower,13,42,40,5,100,0,0,37,5,42,13,42,77,10,142,82,18,100,242
07/21/2000,RAP,SD,AGL,WE,Federal Contract Tower,12,32,26,3,73,0,13,31,4,48,12,45,57,7,121,52,8,60,181
07/22/2000,RAP,SD,AGL,WE,Federal Contract Tower,9,23,18,2,52,3,8,84,0,95,12,31,102,2,147,104,0,104,251
07/23/2000,RAP,SD,AGL,WE,Federal Contract Tower,9,22,18,2,51,3,0,75,7,85,12,22,93,9,136,30,0,30,166
07/24/2000,RAP,SD,AGL,WE,Federal Contract Tower,12,35,34,4,85,0,0,99,3,102,12,35,133,7,187,72,0,72,259
07/25/2000,RAP,SD,AGL,WE,Federal Contract Tower,12,41,34,4,91,0,1,94,14,109,12,42,128,18,200,120,28,148,348
07/26/2000,RAP,SD,AGL,WE,Federal Contract Tower,14,39,32,3,88,0,6,77,2,85,14,45,109,5,173,88,0,88,261
07/27/2000,RAP,SD,AGL,WE,Federal Contract Tower,12,40,33,3,88,0,6,83,5,94,12,46,116,8,182,98,14,112,294
07/28/2000,RAP,SD,AGL,WE,Federal Contract Tower,11,40,33,3,87,0,6,70,5,81,11,46,103,8,168,122,10,132,300
07/29/2000,RAP,SD,AGL,WE,Federal Contract Tower,10,27,23,2,62,4,7,82,1,94,14,34,105,3,156,64,0,64,220
07/30/2000,RAP,SD,AGL,WE,Federal Contract Tower,8,22,18,1,49,4,3,92,2,101,12,25,110,3,150,28,4,32,182
07/31/2000,RAP,SD,AGL,WE,Federal Contract Tower,12,32,30,3,77,0,0,109,4,113,12,32,139,7,190,50,0,50,240
08/01/2000,RAP,SD,AGL,WE,Federal Contract Tower,12,32,31,2,77,0,8,68,2,78,12,40,99,4,155,72,0,72,227
08/02/2000,RAP,SD,AGL,WE,Federal Contract Tower,12,31,29,2,74,1,8,62,7,78,13,39,91,9,152,68,14,82,234
08/03/2000,RAP,SD,AGL,WE,Federal Contract Tower,12,38,36,2,88,0,8,76,14,98,12,46,112,16,186,56,4,60,246
08/04/2000,RAP,SD,AGL,WE,Federal Contract Tower,16,38,39,3,96,0,0,63,19,82,16,38,102,22,178,78,18,96,274
08/05/2000,RAP,SD,AGL,WE,Federal Contract Tower,14,38,36,2,90,0,0,46,17,63,14,38,82,19,153,30,16,46,199
08/06/2000,RAP,SD,AGL,WE,Federal Contract Tower,11,29,33,2,75,0,0,71,9,80,11,29,104,11,155,48,10,58,213
08/07/2000,RAP,SD,AGL,WE,Federal Contract Tower,12,32,30,2,76,2,5,59,9,75,14,37,89,11,151,28,0,28,179
08/08/2000,RAP,SD,AGL,WE,Federal Contract Tower,14,39,36,3,92,0,1,77,5,83,14,40,113,8,175,78,0,78,253
08/09/2000,RAP,SD,AGL,WE,Federal Contract Tower,14,35,43,3,95,0,0,70,8,78,14,35,113,11,173,106,2,108,281
08/10/2000,RAP,SD,AGL,WE,Federal Contract Tower,14,40,38,3,95,0,2,44,8,54,14,42,82,11,149,32,18,50,199
08/11/2000,RAP,SD,AGL,WE,Federal Contract Tower,14,37,35,2,88,0,1,40,11,52,14,38,75,13,140,44,8,52,192
08/12/2000,RAP,SD,AGL,WE,Federal Contract Tower,10,26,25,2,63,0,7,66,9,82,10,33,91,11,145,48,0,48,193
08/13/2000,RAP,SD,AGL,WE,Federal Contract Tower,11,28,27,2,68,4,0,69,10,83,15,28,96,12,151,0,0,0,151
08/14/2000,RAP,SD,AGL,WE,Federal Contract Tower,12,36,34,3,85,0,3,96,10,109,12,39,130,13,194,60,0,60,254
08/15/2000,RAP,SD,AGL,WE,Federal Contract Tower,12,35,33,3,83,4,4,71,3,82,16,39,104,6,165,118,0,118,283
08/16/2000,RAP,SD,AGL,WE,Federal Contract Tower,13,35,33,3,84,1,6,44,0,51,14,41,77,3,135,44,0,44,179
08/17/2000,RAP,SD,AGL,WE,Federal Contract Tower,9,31,29,3,72,0,11,60,1,72,9,42,89,4,144,84,0,84,228
08/18/2000,RAP,SD,AGL,WE,Federal Contract Tower,12,35,33,3,83,0,9,39,1,49,12,44,72,4,132,6,0,6,138
08/19/2000,RAP,SD,AGL,WE,Federal Contract Tower,9,27,24,3,63,3,9,38,16,66,12,36,62,19,129,46,22,68,197
08/20/2000,RAP,SD,AGL,WE,Federal Contract Tower,9,27,24,3,63,3,0,29,28,60,12,27,53,31,123,26,52,78,201
08/21/2000,RAP,SD,AGL,WE,Federal Contract Tower,12,36,32,3,83,0,0,62,8,70,12,36,94,11,153,36,4,40,193
08/22/2000,RAP,SD,AGL,WE,Federal Contract Tower,11,35,31,3,80,0,6,67,3,76,11,41,98,6,156,98,0,98,254
08/23/2000,RAP,SD,AGL,WE,Federal Contract Tower,11,38,34,3,86,0,1,55,6,62,11,39,89,9,148,38,8,46,194
08/24/2000,RAP,SD,AGL,WE,Federal Contract Tower,11,30,27,3,71,1,9,51,4,65,12,39,78,7,136,36,4,40,176
08/25/2000,RAP,SD,AGL,WE,Federal Contract Tower,12,35,32,3,82,2,3,100,5,110,14,38,132,8,192,54,10,64,256
08/26/2000,RAP,SD,AGL,WE,Federal Contract Tower,9,27,24,3,63,3,9,89,6,107,12,36,113,9,170,6,4,10,180
08/27/2000,RAP,SD,AGL,WE,Federal Contract Tower,10,29,26,3,68,2,0,123,9,134,12,29,149,12,202,28,4,32,234
08/28/2000,RAP,SD,AGL,WE,Federal Contract Tower,12,33,30,3,78,0,7,44,3,54,12,40,74,6,132,54,0,54,186
08/29/2000,RAP,SD,AGL,WE,Federal Contract Tower,10,31,28,2,71,0,7,55,7,69,10,38,83,9,140,58,4,62,202
08/30/2000,RAP,SD,AGL,WE,Federal Contract Tower,14,44,40,3,101,0,4,39,3,46,14,48,79,6,147,22,0,22,169
08/31/2000,RAP,SD,AGL,WE,Federal Contract Tower,10,38,38,3,89,0,0,39,0,39,10,38,77,3,128,56,2,58,186
09/01/2000,RAP,SD,AGL,WE,Federal Contract Tower,12,36,26,1,75,0,6,54,1,61,12,42,80,2,136,40,0,40,176
09/02/2000,RAP,SD,AGL,WE,Federal Contract Tower,10,26,18,0,54,2,9,47,0,58,12,35,65,0,112,6,0,6,118
09/03/2000,RAP,SD,AGL,WE,Federal Contract Tower,9,24,18,1,52,3,4,34,0,41,12,28,52,1,93,8,0,8,101
09/04/2000,RAP,SD,AGL,WE,Federal Contract Tower,12,29,21,1,63,0,0,38,1,39,12,29,59,2,102,8,0,8,110
09/05/2000,RAP,SD,AGL,WE,Federal Contract Tower,12,32,23,1,68,1,5,34,3,43,13,37,57,4,111,0,0,0,111
09/06/2000,RAP,SD,AGL,WE,Federal Contract Tower,10,41,33,2,86,0,0,103,6,109,10,41,136,8,195,32,0,32,227
09/07/2000,RAP,SD,AGL,WE,Federal Contract Tower,14,38,26,2,80,2,0,116,6,124,16,38,142,8,204,24,10,34,238
09/08/2000,RAP,SD,AGL,WE,Federal Contract Tower,13,35,26,2,76,0,0,93,11,104,13,35,119,13,180,38,14,52,232
09/09/2000,RAP,SD,AGL,WE,Federal Contract Tower,10,27,20,1,58,4,6,39,10,59,14,33,59,11,117,32,8,40,157
09/10/2000,RAP,SD,AGL,WE,Federal Contract Tower,11,23,19,1,54,1,0,42,7,50,12,23,61,8,104,48,0,48,152
09/11/2000,RAP,SD,AGL,WE,Federal Contract Tower,12,30,22,1,65,0,2,59,1,62,12,32,81,2,127,12,0,12,139
09/12/2000,RAP,SD,AGL,WE,Federal Contract Tower,13,42,29,2,86,0,2,71,24,97,13,44,100,26,183,64,16,80,263
09/13/2000,RAP,SD,AGL,WE,Federal Contract Tower,12,34,24,2,72,0,5,47,0,52,12,39,71,2,124,28,0,28,152
09/14/2000,RAP,SD,AGL,WE,Federal Contract Tower,12,34,26,3,75,0,0,50,3,53,12,34,76,6,128,34,0,34,162
09/15/2000,RAP,SD,AGL,WE,Federal Contract Tower,12,35,27,3,77,0,0,54,10,64,12,35,81,13,141,46,36,82,223
09/16/2000,RAP,SD,AGL,WE,Federal Contract Tower,8,23,16,2,49,4,5,34,1,44,12,28,50,3,93,70,0,70,163
09/17/2000,RAP,SD,AGL,WE,Federal Contract Tower,10,27,20,0,57,6,0,25,0,31,16,27,45,0,88,0,0,0,88
09/18/2000,RAP,SD,AGL,WE,Federal Contract Tower,12,37,25,2,76,6,1,50,0,57,18,38,75,2,133,60,0,60,193
09/19/2000,RAP,SD,AGL,WE,Federal Contract Tower,13,49,33,0,95,0,3,43,0,46,13,52,76,0,141,12,0,12,153
09/20/2000,RAP,SD,AGL,WE,Federal Contract Tower,12,45,31,3,91,0,0,62,1,63,12,45,93,4,154,12,0,12,166
09/21/2000,RAP,SD,AGL,WE,Federal Contract Tower,14,40,28,3,85,0,0,56,5,61,14,40,84,8,146,82,0,82,228
09/22/2000,RAP,SD,AGL,WE,Federal Contract Tower,10,34,23,2,69,0,2,1,1,4,10,36,24,3,73,2,0,2,75
09/23/2000,RAP,SD,AGL,WE,Federal Contract Tower,9,28,11,1,49,4,9,0,0,13,13,37,11,1,62,0,0,0,62
09/24/2000,RAP,SD,AGL,WE,Federal Contract Tower,12,26,24,2,64,4,0,35,1,40,16,26,59,3,104,32,0,32,136
09/25/2000,RAP,SD,AGL,WE,Federal Contract Tower,11,34,23,0,68,1,7,80,0,88,12,41,103,0,156,116,0,116,272
09/26/2000,RAP,SD,AGL,WE,Federal Contract Tower,12,35,24,2,73,0,10,67,7,84,12,45,91,9,157,60,0,60,217
09/27/2000,RAP,SD,AGL,WE,Federal Contract Tower,12,39,25,3,79,0,5,71,3,79,12,44,96,6,158,102,0,102,260
09/28/2000,RAP,SD,AGL,WE,Federal Contract Tower,12,36,24,2,74,0,7,80,5,92,12,43,104,7,166,6,0,6,172
09/29/2000,RAP,SD,AGL,WE,Federal Contract Tower,12,34,24,1,71,0,7,57,1,65,12,41,81,2,136,78,0,78,214
09/30/2000,RAP,SD,AGL,WE,Federal Contract Tower,9,28,20,1,58,3,0,63,0,66,12,28,83,1,124,92,0,92,216
10/01/2000,RAP,SD,AGL,WE,Federal Contract Tower,9,24,15,3,51,3,5,32,2,42,12,29,47,5,93,16,4,20,113
10/02/2000,RAP,SD,AGL,WE,Federal Contract Tower,10,36,24,4,74,0,6,42,3,51,10,42,66,7,125,42,0,42,167
10/03/2000,RAP,SD,AGL,WE,Federal Contract Tower,14,42,27,0,83,0,1,11,0,12,14,43,38,0,95,30,0,30,125
10/04/2000,RAP,SD,AGL,WE,Federal Contract Tower,15,51,35,1,102,0,0,16,0,16,15,51,51,1,118,16,0,16,134
10/05/2000,RAP,SD,AGL,WE,Federal Contract Tower,12,42,29,5,88,0,0,28,11,39,12,42,57,16,127,54,24,78,205
10/06/2000,RAP,SD,AGL,WE,Federal Contract Tower,12,40,25,5,82,0,0,66,17,83,12,40,91,22,165,58,30,88,253
10/07/2000,RAP,SD,AGL,WE,Federal Contract Tower,8,22,15,1,46,2,9,53,0,64,10,31,68,1,110,46,0,46,156
10/08/2000,RAP,SD,AGL,WE,Federal Contract Tower,9,24,16,0,49,3,0,25,0,28,12,24,41,0,77,8,0,8,85
10/09/2000,RAP,SD,AGL,WE,Federal Contract Tower,11,27,18,2,58,1,10,27,0,38,12,37,45,2,96,40,0,40,136
10/10/2000,RAP,SD,AGL,WE,Federal Contract Tower,11,29,19,2,61,1,16,60,0,77,12,45,79,2,138,92,0,92,230
10/11/2000,RAP,SD,AGL,WE,Federal Contract Tower,12,35,23,4,74,0,10,41,1,52,12,45,64,5,126,58,14,72,198
10/12/2000,RAP,SD,AGL,WE,Federal Contract Tower,10,38,25,4,77,0,8,41,6,55,10,46,66,10,132,80,24,104,236
10/13/2000,RAP,SD,AGL,WE,Federal Contract Tower,12,37,25,5,79,0,8,46,11,65,12,45,71,16,144,88,8,96,240
10/14/2000,RAP,SD,AGL,WE,Federal Contract Tower,8,24,15,4,51,4,5,17,4,30,12,29,32,8,81,54,0,54,135
10/15/2000,RAP,SD,AGL,WE,Federal Contract Tower,9,27,19,4,59,3,0,58,8,69,12,27,77,12,128,46,2,48,176
10/16/2000,RAP,SD,AGL,WE,Federal Contract Tower,11,32,21,5,69,1,0,50,3,54,12,32,71,8,123,28,2,30,153
10/17/2000,RAP,SD,AGL,WE,Federal Contract Tower,11,34,22,5,72,1,2,55,7,65,12,36,77,12,137,78,14,92,229
10/18/2000,RAP,SD,AGL,WE,Federal Contract Tower,13,36,26,5,80,1,0,70,0,71,14,36,96,5,151,70,0,70,221
10/19/2000,RAP,SD,AGL,WE,Federal Contract Tower,11,32,20,5,68,1,5,70,1,77,12,37,90,6,145,56,0,56,201
10/20/2000,RAP,SD,AGL,WE,Federal Contract Tower,12,37,23,5,77,0,0,48,16,64,12,37,71,21,141,0,64,64,205
10/21/2000,RAP,SD,AGL,WE,Federal Contract Tower,8,24,15,3,50,4,10,44,24,82,12,34,59,27,132,24,30,54,186
10/22/2000,RAP,SD,AGL,WE,Federal Contract Tower,11,27,19,4,61,1,0,27,6,34,12,27,46,10,95,0,14,14,109
10/23/2000,RAP,SD,AGL,WE,Federal Contract Tower,10,29,19,1,59,2,0,48,0,50,12,29,67,1,109,16,0,16,125
10/24/2000,RAP,SD,AGL,WE,Federal Contract Tower,12,33,24,4,73,0,0,38,0,38,12,33,62,4,111,26,8,34,145
10/25/2000,RAP,SD,AGL,WE,Federal Contract Tower,11,33,19,5,68,1,2,28,0,31,12,35,47,5,99,42,0,42,141
10/26/2000,RAP,SD,AGL,WE,Federal Contract Tower,12,38,23,5,78,0,7,21,18,46,12,45,44,23,124,36,10,46,170
10/27/2000,RAP,SD,AGL,WE,Federal Contract Tower,11,41,25,6,83,0,0,7,0,7,11,41,32,6,90,0,0,0,90
10/28/2000,RAP,SD,AGL,WE,Federal Contract Tower,9,29,18,0,56,3,2,2,0,7,12,31,20,0,63,4,0,4,67
10/29/2000,RAP,SD,AGL,WE,Federal Contract Tower,8,24,10,2,44,2,0,0,8,10,10,24,10,10,54,0,0,0,54
10/30/2000,RAP,SD,AGL,WE,Federal Contract Tower,8,32,24,3,67,0,0,66,0,66,8,32,90,3,133,90,0,90,223
10/31/2000,RAP,SD,AGL,WE,Federal Contract Tower,10,35,25,2,72,0,0,12,0,12,10,35,37,2,84,0,0,0,84
11/01/2000,RAP,SD,AGL,WE,Federal Contract Tower,7,19,13,0,39,4,0,2,0,6,11,19,15,0,45,0,0,0,45
11/02/2000,RAP,SD,AGL,WE,Federal Contract Tower,10,37,23,4,74,0,0,42,2,44,10,37,65,6,118,24,0,24,142
11/03/2000,RAP,SD,AGL,WE,Federal Contract Tower,10,34,21,3,68,0,2,84,10,96,10,36,105,13,164,26,20,46,210
11/04/2000,RAP,SD,AGL,WE,Federal Contract Tower,7,21,14,1,43,3,5,61,24,93,10,26,75,25,136,96,6,102,238
11/05/2000,RAP,SD,AGL,WE,Federal Contract Tower,6,18,12,1,37,2,0,20,9,31,8,18,32,10,68,6,16,22,90
11/06/2000,RAP,SD,AGL,WE,Federal Contract Tower,9,28,16,2,55,1,5,0,1,7,10,33,16,3,62,0,0,0,62
11/07/2000,RAP,SD,AGL,WE,Federal Contract Tower,8,24,15,1,48,1,3,2,0,6,9,27,17,1,54,0,0,0,54
11/08/2000,RAP,SD,AGL,WE,Federal Contract Tower,8,37,23,2,70,0,0,47,6,53,8,37,70,8,123,66,0,66,189
11/09/2000,RAP,SD,AGL,WE,Federal Contract Tower,12,38,25,3,78,0,0,16,5,21,12,38,41,8,99,14,12,26,125
11/10/2000,RAP,SD,AGL,WE,Federal Contract Tower,10,32,20,2,64,0,0,0,3,3,10,32,20,5,67,6,0,6,73
11/11/2000,RAP,SD,AGL,WE,Federal Contract Tower,6,17,7,1,31,4,5,0,0,9,10,22,7,1,40,4,0,4,44
11/12/2000,RAP,SD,AGL,WE,Federal Contract Tower,8,25,16,0,49,0,0,9,0,9,8,25,25,0,58,0,0,0,58
11/13/2000,RAP,SD,AGL,WE,Federal Contract Tower,10,30,21,2,63,0,0,42,6,48,10,30,63,8,111,42,0,42,153
11/14/2000,RAP,SD,AGL,WE,Federal Contract Tower,10,30,18,2,60,0,6,27,8,41,10,36,45,10,101,60,20,80,181
11/15/2000,RAP,SD,AGL,WE,Federal Contract Tower,9,37,24,2,72,0,0,26,1,27,9,37,50,3,99,30,0,30,129
11/16/2000,RAP,SD,AGL,WE,Federal Contract Tower,12,38,24,2,76,0,2,16,5,23,12,40,40,7,99,30,6,36,135
11/17/2000,RAP,SD,AGL,WE,Federal Contract Tower,9,35,23,3,70,0,0,21,17,38,9,35,44,20,108,0,16,16,124
11/18/2000,RAP,SD,AGL,WE,Federal Contract Tower,7,23,14,2,46,4,6,12,0,22,11,29,26,2,68,16,0,16,84
11/19/2000,RAP,SD,AGL,WE,Federal Contract Tower,6,21,12,2,41,3,3,0,0,6,9,24,12,2,47,0,0,0,47
11/20/2000,RAP,SD,AGL,WE,Federal Contract Tower,8,26,16,1,51,2,9,27,0,38,10,35,43,1,89,12,0,12,101
11/21/2000,RAP,SD,AGL,WE,Federal Contract Tower,9,35,22,3,69,0,7,41,9,57,9,42,63,12,126,50,40,90,216
11/22/2000,RAP,SD,AGL,WE,Federal Contract Tower,9,45,27,4,85,0,0,39,17,56,9,45,66,21,141,64,20,84,225
11/23/2000,RAP,SD,AGL,WE,Federal Contract Tower,5,17,11,0,33,3,4,26,0,33,8,21,37,0,66,32,0,32,98
11/24/2000,RAP,SD,AGL,WE,Federal Contract Tower,8,31,17,3,59,0,1,26,2,29,8,32,43,5,88,14,4,18,106
11/25/2000,RAP,SD,AGL,WE,Federal Contract Tower,7,26,15,2,50,2,4,30,14,50,9,30,45,16,100,54,20,74,174
11/26/2000,RAP,SD,AGL,WE,Federal Contract Tower,7,22,13,0,42,1,0,24,0,25,8,22,37,0,67,0,0,0,67
11/27/2000,RAP,SD,AGL,WE,Federal Contract Tower,10,41,24,1,76,0,2,43,0,45,10,43,67,1,121,78,0,78,199
11/28/2000,RAP,SD,AGL,WE,Federal Contract Tower,10,36,21,3,70,0,8,16,7,31,10,44,37,10,101,0,10,10,111
11/29/2000,RAP,SD,AGL,WE,Federal Contract Tower,10,39,23,2,74,0,1,51,0,52,10,40,74,2,126,60,0,60,186
11/30/2000,RAP,SD,AGL,WE,Federal Contract Tower,10,31,20,0,61,0,0,11,0,11,10,31,31,0,72,0,0,0,72
12/01/2000,RAP,SD,AGL,WE,Federal Contract Tower,12,35,33,2,82,0,0,32,7,39,12,35,65,9,121,16,6,22,143
12/02/2000,RAP,SD,AGL,WE,Federal Contract Tower,8,27,19,1,55,4,5,6,11,26,12,32,25,12,81,10,26,36,117
12/03/2000,RAP,SD,AGL,WE,Federal Contract Tower,8,24,17,1,50,2,0,24,0,26,10,24,41,1,76,12,0,12,88
12/04/2000,RAP,SD,AGL,WE,Federal Contract Tower,8,38,26,2,74,0,2,30,1,33,8,40,56,3,107,22,2,24,131
12/05/2000,RAP,SD,AGL,WE,Federal Contract Tower,8,34,28,2,72,0,0,14,14,28,8,34,42,16,100,4,0,4,104
12/06/2000,RAP,SD,AGL,WE,Federal Contract Tower,10,34,24,0,68,0,3,47,0,50,10,37,71,0,118,62,0,62,180
12/07/2000,RAP,SD,AGL,WE,Federal Contract Tower,10,35,25,1,71,0,0,22,8,30,10,35,47,9,101,18,12,30,131
12/08/2000,RAP,SD,AGL,WE,Federal Contract Tower,10,33,24,1,68,0,0,40,8,48,10,33,64,9,116,78,0,78,194
12/09/2000,RAP,SD,AGL,WE,Federal Contract Tower,7,21,14,1,43,3,7,18,1,29,10,28,32,2,72,50,0,50,122
12/10/2000,RAP,SD,AGL,WE,Federal Contract Tower,5,17,6,1,29,4,2,0,1,7,9,19,6,2,36,2,0,2,38
12/11/2000,RAP,SD,AGL,WE,Federal Contract Tower,8,29,21,1,59,2,7,14,0,23,10,36,35,1,82,24,0,24,106
12/12/2000,RAP,SD,AGL,WE,Federal Contract Tower,10,36,25,2,73,0,5,12,17,34,10,41,37,19,107,6,10,16,123
12/13/2000,RAP,SD,AGL,WE,Federal Contract Tower,9,37,30,3,79,0,0,43,7,50,9,37,73,10,129,42,8,50,179
12/14/2000,RAP,SD,AGL,WE,Federal Contract Tower,10,37,26,2,75,0,0,28,11,39,10,37,54,13,114,26,34,60,174
12/15/2000,RAP,SD,AGL,WE,Federal Contract Tower,7,32,21,2,62,0,2,32,2,36,7,34,53,4,98,22,4,26,124
12/16/2000,RAP,SD,AGL,WE,Federal Contract Tower,4,16,10,0,30,4,5,1,0,10,8,21,11,0,40,6,0,6,46
12/17/2000,RAP,SD,AGL,WE,Federal Contract Tower,6,23,15,2,46,0,9,11,1,21,6,32,26,3,67,10,0,10,77
12/18/2000,RAP,SD,AGL,WE,Federal Contract Tower,5,26,17,0,48,0,9,2,0,11,5,35,19,0,59,10,0,10,69
12/19/2000,RAP,SD,AGL,WE,Federal Contract Tower,7,36,23,2,68,0,8,47,15,70,7,44,70,17,138,36,2,38,176
12/20/2000,RAP,SD,AGL,WE,Federal Contract Tower,7,32,18,2,59,0,14,0,4,18,7,46,18,6,77,0,6,6,83
12/21/2000,RAP,SD,AGL,WE,Federal Contract Tower,10,35,23,2,70,0,1,58,8,67,10,36,81,10,137,92,20,112,249
12/22/2000,RAP,SD,AGL,WE,Federal Contract Tower,8,34,22,2,66,0,4,27,2,33,8,38,49,4,99,34,2,36,135
12/23/2000,RAP,SD,AGL,WE,Federal Contract Tower,5,26,16,0,47,0,7,5,0,12,5,33,21,0,59,18,0,18,77
12/24/2000,RAP,SD,AGL,WE,Federal Contract Tower,5,16,11,0,32,3,0,2,0,5,8,16,13,0,37,0,0,0,37
12/25/2000,RAP,SD,AGL,WE,Federal Contract Tower,3,13,7,0,23,5,2,0,0,7,8,15,7,0,30,0,0,0,30
12/26/2000,RAP,SD,AGL,WE,Federal Contract Tower,6,24,16,0,46,2,3,60,0,65,8,27,76,0,111,66,0,66,177
12/27/2000,RAP,SD,AGL,WE,Federal Contract Tower,7,32,22,1,62,0,1,60,8,69,7,33,82,9,131,44,22,66,197
12/28/2000,RAP,SD,AGL,WE,Federal Contract Tower,5,23,14,1,43,0,7,0,5,12,5,30,14,6,55,2,16,18,73
12/29/2000,RAP,SD,AGL,WE,Federal Contract Tower,7,26,18,1,52,1,0,26,2,29,8,26,44,3,81,62,0,62,143
12/30/2000,RAP,SD,AGL,WE,Federal Contract Tower,5,21,14,0,40,1,2,9,0,12,6,23,23,0,52,34,0,34,86
12/31/2000,RAP,SD,AGL,WE,Federal Contract Tower,5,21,14,0,40,3,0,28,0,31,8,21,42,0,71,24,0,24,95
01/01/2001,RAP,SD,AGL,WE,Federal Contract Tower,4,15,12,0,31,4,1,25,0,30,8,16,37,0,61,28,0,28,89
01/02/2001,RAP,SD,AGL,WE,Federal Contract Tower,7,28,22,0,57,0,2,27,0,29,7,30,49,0,86,22,12,34,120
01/03/2001,RAP,SD,AGL,WE,Federal Contract Tower,9,34,26,4,73,1,3,47,11,62,10,37,73,15,135,44,6,50,185
01/04/2001,RAP,SD,AGL,WE,Federal Contract Tower,6,32,25,4,67,0,3,23,6,32,6,35,48,10,99,46,32,78,177
01/05/2001,RAP,SD,AGL,WE,Federal Contract Tower,8,28,22,3,61,0,8,52,23,83,8,36,74,26,144,68,22,90,234
01/06/2001,RAP,SD,AGL,WE,Federal Contract Tower,4,21,16,2,43,0,1,26,8,35,4,22,42,10,78,64,0,64,142
01/07/2001,RAP,SD,AGL,WE,Federal Contract Tower,4,14,12,1,31,2,3,28,5,38,6,17,40,6,69,32,42,74,143
01/08/2001,RAP,SD,AGL,WE,Federal Contract Tower,8,28,22,3,61,0,0,32,3,35,8,28,54,6,96,38,8,46,142
01/09/2001,RAP,SD,AGL,WE,Federal Contract Tower,6,28,22,3,59,0,4,34,4,42,6,32,56,7,101,80,14,94,195
01/10/2001,RAP,SD,AGL,WE,Federal Contract Tower,6,34,27,4,71,0,2,42,8,52,6,36,69,12,123,58,20,78,201
01/11/2001,RAP,SD,AGL,WE,Federal Contract Tower,6,35,27,4,72,0,13,38,22,73,6,48,65,26,145,112,10,122,267
01/12/2001,RAP,SD,AGL,WE,Federal Contract Tower,6,21,17,2,46,0,9,26,4,39,6,30,43,6,85,28,12,40,125
01/13/2001,RAP,SD,AGL,WE,Federal Contract Tower,4,19,13,0,36,0,8,0,0,8,4,27,13,0,44,0,0,0,44
01/14/2001,RAP,SD,AGL,WE,Federal Contract Tower,3,12,4,0,19,3,5,0,0,8,6,17,4,0,27,0,0,0,27
01/15/2001,RAP,SD,AGL,WE,Federal Contract Tower,5,23,18,0,46,1,6,8,0,15,6,29,26,0,61,42,0,42,103
01/16/2001,RAP,SD,AGL,WE,Federal Contract Tower,6,24,20,4,54,0,0,13,1,14,6,24,33,5,68,16,2,18,86
01/17/2001,RAP,SD,AGL,WE,Federal Contract Tower,6,26,21,4,57,0,0,31,4,35,6,26,52,8,92,38,0,38,130
01/18/2001,RAP,SD,AGL,WE,Federal Contract Tower,6,30,26,5,67,0,0,34,12,46,6,30,60,17,113,4,18,22,135
01/19/2001,RAP,SD,AGL,WE,Federal Contract Tower,7,29,22,4,62,1,0,50,18,69,8,29,72,22,131,74,14,88,219
01/20/2001,RAP,SD,AGL,WE,Federal Contract Tower,4,19,14,3,40,0,6,22,30,58,4,25,36,33,98,68,12,80,178
01/21/2001,RAP,SD,AGL,WE,Federal Contract Tower,6,22,18,3,49,0,0,55,19,74,6,22,73,22,123,36,8,44,167
01/22/2001,RAP,SD,AGL,WE,Federal Contract Tower,6,29,21,4,60,0,2,14,3,19,6,31,35,7,79,38,0,38,117
01/23/2001,RAP,SD,AGL,WE,Federal Contract Tower,6,25,19,4,54,0,0,31,5,36,6,25,50,9,90,70,8,78,168
01/24/2001,RAP,SD,AGL,WE,Federal Contract Tower,6,28,22,2,58,0,0,25,0,25,6,28,47,2,83,24,0,24,107
01/25/2001,RAP,SD,AGL,WE,Federal Contract Tower,6,36,26,5,73,0,0,37,1,38,6,36,63,6,111,10,14,24,135
01/26/2001,RAP,SD,AGL,WE,Federal Contract Tower,7,31,25,5,68,4,0,18,0,22,11,31,43,5,90,22,0,22,112
01/27/2001,RAP,SD,AGL,WE,Federal Contract Tower,4,19,13,1,37,0,6,35,0,41,4,25,48,1,78,64,0,64,142
01/28/2001,RAP,SD,AGL,WE,Federal Contract Tower,3,16,12,1,32,3,2,21,1,27,6,18,33,2,59,40,0,40,99
01/29/2001,RAP,SD,AGL,WE,Federal Contract Tower,4,26,21,3,54,0,0,5,0,5,4,26,26,3,59,0,0,0,59
01/30/2001,RAP,SD,AGL,WE,Federal Contract Tower,3,17,13,0,33,1,1,0,0,2,4,18,13,0,35,0,0,0,35
01/31/2001,RAP,SD,AGL,WE,Federal Contract Tower,6,34,25,4,69,0,2,19,2,23,6,36,44,6,92,0,0,0,92
02/01/2001,RAP,SD,AGL,WE,Federal Contract Tower,6,27,29,3,65,0,0,26,14,40,6,27,55,17,105,6,16,22,127
02/02/2001,RAP,SD,AGL,WE,Federal Contract Tower,5,24,20,2,51,1,6,47,17,71,6,30,67,19,122,32,14,46,168
02/03/2001,RAP,SD,AGL,WE,Federal Contract Tower,4,18,15,1,38,2,5,12,14,33,6,23,27,15,71,2,10,12,83
02/04/2001,RAP,SD,AGL,WE,Federal Contract Tower,4,16,13,1,34,0,12,30,9,51,4,28,43,10,85,36,4,40,125
02/05/2001,RAP,SD,AGL,WE,Federal Contract Tower,6,28,23,2,59,0,1,21,2,24,6,29,44,4,83,26,0,26,109
02/06/2001,RAP,SD,AGL,WE,Federal Contract Tower,6,33,27,0,66,0,6,5,0,11,6,39,32,0,77,8,0,8,85
02/07/2001,RAP,SD,AGL,WE,Federal Contract Tower,3,10,9,1,23,1,0,0,1,2,4,10,9,2,25,0,0,0,25
02/08/2001,RAP,SD,AGL,WE,Federal Contract Tower,6,25,19,2,52,0,12,0,8,20,6,37,19,10,72,22,2,24,96
02/09/2001,RAP,SD,AGL,WE,Federal Contract Tower,5,22,17,2,46,2,6,28,5,41,7,28,45,7,87,32,36,68,155
02/10/2001,RAP,SD,AGL,WE,Federal Contract Tower,4,29,24,0,57,0,0,58,0,58,4,29,82,0,115,68,0,68,183
02/11/2001,RAP,SD,AGL,WE,Federal Contract Tower,4,18,15,2,39,0,7,0,0,7,4,25,15,2,46,14,0,14,60
02/12/2001,RAP,SD,AGL,WE,Federal Contract Tower,5,26,22,4,57,3,0,37,1,41,8,26,59,5,98,10,0,10,108
02/13/2001,RAP,SD,AGL,WE,Federal Contract Tower,5,29,24,4,62,1,0,13,8,22,6,29,37,12,84,8,2,10,94
02/14/2001,RAP,SD,AGL,WE,Federal Contract Tower,5,24,21,3,53,1,0,32,0,33,6,24,53,3,86,22,0,22,108
02/15/2001,RAP,SD,AGL,WE,Federal Contract Tower,6,30,26,4,66,0,0,23,10,33,6,30,49,14,99,22,2,24,123
02/16/2001,RAP,SD,AGL,WE,Federal Contract Tower,5,31,23,4,63,1,2,40,5,48,6,33,63,9,111,48,22,70,181
02/17/2001,RAP,SD,AGL,WE,Federal Contract Tower,3,21,16,3,43,3,5,6,0,14,6,26,22,3,57,78,0,78,135
02/18/2001,RAP,SD,AGL,WE,Federal Contract Tower,3,18,13,2,36,1,7,12,0,20,4,25,25,2,56,24,0,24,80
02/19/2001,RAP,SD,AGL,WE,Federal Contract Tower,4,29,21,0,54,0,0,25,0,25,4,29,46,0,79,42,0,42,121
02/20/2001,RAP,SD,AGL,WE,Federal Contract Tower,4,30,28,4,66,0,0,31,0,31,4,30,59,4,97,68,4,72,169
02/21/2001,RAP,SD,AGL,WE,Federal Contract Tower,4,35,26,2,67,0,2,32,0,34,4,37,58,2,101,24,0,24,125
02/22/2001,RAP,SD,AGL,WE,Federal Contract Tower,4,37,29,4,74,0,0,45,6,51,4,37,74,10,125,54,18,72,197
02/23/2001,RAP,SD,AGL,WE,Federal Contract Tower,2,19,14,0,35,0,0,11,0,11,2,19,25,0,46,0,0,0,46
02/24/2001,RAP,SD,AGL,WE,Federal Contract Tower,2,15,3,0,20,3,7,0,0,10,5,22,3,0,30,0,0,0,30
02/25/2001,RAP,SD,AGL,WE,Federal Contract Tower,4,26,19,2,51,0,4,30,0,34,4,30,49,2,85,22,0,22,107
02/26/2001,RAP,SD,AGL,WE,Federal Contract Tower,4,26,21,3,54,0,0,34,0,34,4,26,55,3,88,36,0,36,124
02/27/2001,RAP,SD,AGL,WE,Federal Contract Tower,4,33,25,3,65,0,3,42,22,67,4,36,67,25,132,98,44,142,274
02/28/2001,RAP,SD,AGL,WE,Federal Contract Tower,4,32,25,3,64,0,8,79,13,100,4,40,104,16,164,72,0,72,236
03/01/2001,RAP,SD,AGL,WE,Federal Contract Tower,6,31,24,2,63,0,4,45,12,61,6,35,69,14,124,44,10,54,178
03/02/2001,RAP,SD,AGL,WE,Federal Contract Tower,6,29,22,2,59,0,7,65,30,102,6,36,87,32,161,48,18,66,227
03/03/2001,RAP,SD,AGL,WE,Federal Contract Tower,4,19,16,1,40,0,7,50,27,84,4,26,66,28,124,92,0,92,216
03/04/2001,RAP,SD,AGL,WE,Federal Contract Tower,5,20,16,1,42,1,5,29,39,74,6,25,45,40,116,40,32,72,188
03/05/2001,RAP,SD,AGL,WE,Federal Contract Tower,1,3,3,0,7,0,0,1,0,1,1,3,4,0,8,0,0,0,8
03/06/2001,RAP,SD,AGL,WE,Federal Contract Tower,7,29,22,2,60,2,4,25,1,32,9,33,47,3,92,36,0,36,128
03/07/2001,RAP,SD,AGL,WE,Federal Contract Tower,6,35,28,4,73,0,0,70,6,76,6,35,98,10,149,44,2,46,195
03/08/2001,RAP,SD,AGL,WE,Federal Contract Tower,6,33,26,4,69,0,0,60,44,104,6,33,86,48,173,64,32,96,269
03/09/2001,RAP,SD,AGL,WE,Federal Contract Tower,6,38,31,4,79,0,0,84,14,98,6,38,115,18,177,108,10,118,295
03/10/2001,RAP,SD,AGL,WE,Federal Contract Tower,4,19,16,2,41,0,7,30,2,39,4,26,46,4,80,122,2,124,204
03/11/2001,RAP,SD,AGL,WE,Federal Contract Tower,5,16,17,2,40,1,0,5,1,7,6,16,22,3,47,0,0,0,47
03/12/2001,RAP,SD,AGL,WE,Federal Contract Tower,5,30,24,3,62,0,0,33,1,34,5,30,57,4,96,40,0,40,136
03/13/2001,RAP,SD,AGL,WE,Federal Contract Tower,6,29,23,3,61,0,4,51,9,64,6,33,74,12,125,64,36,100,225
03/14/2001,RAP,SD,AGL,WE,Federal Contract Tower,6,29,23,2,60,0,6,10,0,16,6,35,33,2,76,20,0,20,96
03/15/2001,RAP,SD,AGL,WE,Federal Contract Tower,6,39,29,4,78,0,2,25,7,34,6,41,54,11,112,8,2,10,122
03/16/2001,RAP,SD,AGL,WE,Federal Contract Tower,6,36,27,4,73,0,4,51,2,57,6,40,78,6,130,68,8,76,206
03/17/2001,RAP,SD,AGL,WE,Federal Contract Tower,4,21,15,2,42,0,3,31,2,36,4,24,46,4,78,76,0,76,154
03/18/2001,RAP,SD,AGL,WE,Federal Contract Tower,4,21,15,2,42,2,3,27,1,33,6,24,42,3,75,28,0,28,103
03/19/2001,RAP,SD,AGL,WE,Federal Contract Tower,6,31,23,3,63,0,1,48,3,52,6,32,71,6,115,78,0,78,193
03/20/2001,RAP,SD,AGL,WE,Federal Contract Tower,6,36,27,4,73,0,0,39,6,45,6,36,66,10,118,84,10,94,212
03/21/2001,RAP,SD,AGL,WE,Federal Contract Tower,6,34,25,3,68,0,0,53,4,57,6,34,78,7,125,92,6,98,223
03/22/2001,RAP,SD,AGL,WE,Federal Contract Tower,3,27,23,3,56,0,0,14,2,16,3,27,37,5,72,0,0,0,72
03/23/2001,RAP,SD,AGL,WE,Federal Contract Tower,4,36,25,1,66,0,0,8,0,8,4,36,33,1,74,0,0,0,74
03/24/2001,RAP,SD,AGL,WE,Federal Contract Tower,5,22,17,0,44,1,6,44,0,51,6,28,61,0,95,164,0,164,259
03/25/2001,RAP,SD,AGL,WE,Federal Contract Tower,3,18,14,1,36,7,0,2,3,12,10,18,16,4,48,28,0,28,76
03/26/2001,RAP,SD,AGL,WE,Federal Contract Tower,5,25,18,2,50,3,8,2,0,13,8,33,20,2,63,20,0,20,83
03/27/2001,RAP,SD,AGL,WE,Federal Contract Tower,7,36,27,3,73,0,2,7,11,20,7,38,34,14,93,22,52,74,167
03/28/2001,RAP,SD,AGL,WE,Federal Contract Tower,6,32,24,2,64,0,2,43,8,53,6,34,67,10,117,46,0,46,163
03/29/2001,RAP,SD,AGL,WE,Federal Contract Tower,7,35,26,3,71,3,0,25,6,34,10,35,51,9,105,12,8,20,125
03/30/2001,RAP,SD,AGL,WE,Federal Contract Tower,6,31,23,2,62,0,2,16,15,33,6,33,39,17,95,14,8,22,117
03/31/2001,RAP,SD,AGL,WE,Federal Contract Tower,4,20,15,1,40,1,1,47,2,51,5,21,62,3,91,98,0,98,189
04/01/2001,RAP,SD,AGL,WE,Federal Contract Tower,8,17,17,4,46,0,1,25,1,27,8,18,42,5,73,12,0,12,85
04/02/2001,RAP,SD,AGL,WE,Federal Contract Tower,10,28,31,2,71,0,4,9,0,13,10,32,40,2,84,2,0,2,86
04/03/2001,RAP,SD,AGL,WE,Federal Contract Tower,8,28,18,2,56,0,1,3,0,4,8,29,21,2,60,0,0,0,60
04/04/2001,RAP,SD,AGL,WE,Federal Contract Tower,12,39,21,2,74,0,3,18,1,22,12,42,39,3,96,68,0,68,164
04/05/2001,RAP,SD,AGL,WE,Federal Contract Tower,12,30,28,2,72,0,1,8,0,9,12,31,36,2,81,4,0,4,85
04/06/2001,RAP,SD,AGL,WE,Federal Contract Tower,13,28,27,4,72,3,0,1,6,10,16,28,28,10,82,0,0,0,82
04/07/2001,RAP,SD,AGL,WE,Federal Contract Tower,8,18,10,3,39,0,2,14,9,25,8,20,24,12,64,16,12,28,92
04/08/2001,RAP,SD,AGL,WE,Federal Contract Tower,10,11,6,12,39,0,3,14,8,25,10,14,20,20,64,20,26,46,110
04/09/2001,RAP,SD,AGL,WE,Federal Contract Tower,11,25,23,1,60,0,3,30,0,33,11,28,53,1,93,20,0,20,113
04/10/2001,RAP,SD,AGL,WE,Federal Contract Tower,11,34,21,4,70,0,2,45,1,48,11,36,66,5,118,100,0,100,218
04/11/2001,RAP,SD,AGL,WE,Federal Contract Tower,8,19,32,4,63,0,2,15,0,17,8,21,47,4,80,62,0,62,142
04/12/2001,RAP,SD,AGL,WE,Federal Contract Tower,11,30,18,4,63,0,2,82,17,101,11,32,100,21,164,78,16,94,258
04/13/2001,RAP,SD,AGL,WE,Federal Contract Tower,12,28,20,3,63,0,2,45,2,49,12,30,65,5,112,46,6,52,164
04/14/2001,RAP,SD,AGL,WE,Federal Contract Tower,8,17,11,2,38,0,2,45,0,47,8,19,56,2,85,70,0,70,155
04/15/2001,RAP,SD,AGL,WE,Federal Contract Tower,10,16,16,0,42,0,4,22,0,26,10,20,38,0,68,34,0,34,102
04/16/2001,RAP,SD,AGL,WE,Federal Contract Tower,11,20,22,3,56,0,0,31,2,33,11,20,53,5,89,12,0,12,101
04/17/2001,RAP,SD,AGL,WE,Federal Contract Tower,14,28,26,3,71,0,0,41,6,47,14,28,67,9,118,32,14,46,164
04/18/2001,RAP,SD,AGL,WE,Federal Contract Tower,12,32,28,2,74,0,3,56,4,63,12,35,84,6,137,83,10,93,230
04/19/2001,RAP,SD,AGL,WE,Federal Contract Tower,12,33,26,3,74,0,3,44,5,52,12,36,70,8,126,18,0,18,144
04/20/2001,RAP,SD,AGL,WE,Federal Contract Tower,12,30,23,3,68,0,2,27,0,29,12,32,50,3,97,60,0,60,157
04/21/2001,RAP,SD,AGL,WE,Federal Contract Tower,6,24,9,0,39,0,0,7,0,7,6,24,16,0,46,8,0,8,54
04/22/2001,RAP,SD,AGL,WE,Federal Contract Tower,7,8,1,0,16,0,0,0,0,0,7,8,1,0,16,0,0,0,16
04/23/2001,RAP,SD,AGL,WE,Federal Contract Tower,12,25,30,4,71,0,2,16,1,19,12,27,46,5,90,28,0,28,118
04/24/2001,RAP,SD,AGL,WE,Federal Contract Tower,12,31,18,0,61,0,4,45,6,55,12,35,63,6,116,40,14,54,170
04/25/2001,RAP,SD,AGL,WE,Federal Contract Tower,12,25,29,5,71,0,1,51,3,55,12,26,80,8,126,72,10,82,208
04/26/2001,RAP,SD,AGL,WE,Federal Contract Tower,12,31,35,1,79,0,2,48,5,55,12,33,83,6,134,50,10,60,194
04/27/2001,RAP,SD,AGL,WE,Federal Contract Tower,12,29,18,2,61,0,2,44,1,47,12,31,62,3,108,30,8,38,146
04/28/2001,RAP,SD,AGL,WE,Federal Contract Tower,5,20,14,1,40,0,1,45,0,46,5,21,59,1,86,24,0,24,110
04/29/2001,RAP,SD,AGL,WE,Federal Contract Tower,9,15,10,1,35,0,3,22,5,30,9,18,32,6,65,0,0,0,65
04/30/2001,RAP,SD,AGL,WE,Federal Contract Tower,12,29,26,2,69,0,0,24,0,24,12,29,50,2,93,44,0,44,137
05/01/2001,RAP,SD,AGL,WE,Federal Contract Tower,12,32,22,2,68,0,1,20,4,25,12,33,42,6,93,0,0,0,93
05/02/2001,RAP,SD,AGL,WE,Federal Contract Tower,10,33,23,1,67,0,2,61,8,71,10,35,84,9,138,92,6,98,236
05/03/2001,RAP,SD,AGL,WE,Federal Contract Tower,12,27,37,1,77,0,3,31,5,39,12,30,68,6,116,66,30,96,212
05/04/2001,RAP,SD,AGL,WE,Federal Contract Tower,12,36,32,8,88,0,1,52,7,60,12,37,84,15,148,50,34,84,232
05/05/2001,RAP,SD,AGL,WE,Federal Contract Tower,10,27,10,13,60,0,0,0,0,0,10,27,10,13,60,0,78,78,138
05/06/2001,RAP,SD,AGL,WE,Federal Contract Tower,9,24,19,8,60,0,2,37,15,54,9,26,56,23,114,34,16,50,164
05/07/2001,RAP,SD,AGL,WE,Federal Contract Tower,12,26,19,1,58,0,1,49,1,51,12,27,68,2,109,14,0,14,123
05/08/2001,RAP,SD,AGL,WE,Federal Contract Tower,12,36,27,3,78,0,2,55,5,62,12,38,82,8,140,36,20,56,196
05/09/2001,RAP,SD,AGL,WE,Federal Contract Tower,12,32,28,2,74,0,3,41,5,49,12,35,69,7,123,64,14,78,201
05/10/2001,RAP,SD,AGL,WE,Federal Contract Tower,12,31,21,3,67,0,2,39,14,55,12,33,60,17,122,36,10,46,168
05/11/2001,RAP,SD,AGL,WE,Federal Contract Tower,14,34,10,3,61,0,2,54,3,59,14,36,64,6,120,34,0,34,154
05/12/2001,RAP,SD,AGL,WE,Federal Contract Tower,12,24,17,0,53,0,2,66,5,73,12,26,83,5,126,40,10,50,176
05/13/2001,RAP,SD,AGL,WE,Federal Contract Tower,12,25,3,0,40,0,0,54,2,56,12,25,57,2,96,34,2,36,132
05/14/2001,RAP,SD,AGL,WE,Federal Contract Tower,14,25,22,2,63,0,0,38,0,38,14,25,60,2,101,12,0,12,113
05/15/2001,RAP,SD,AGL,WE,Federal Contract Tower,14,30,17,0,61,0,1,38,7,46,14,31,55,7,107,22,14,36,143
05/16/2001,RAP,SD,AGL,WE,Federal Contract Tower,14,30,19,0,63,0,0,28,8,36,14,30,47,8,99,20,0,20,119
05/17/2001,RAP,SD,AGL,WE,Federal Contract Tower,12,33,30,3,78,0,0,46,2,48,12,33,76,5,126,40,12,52,178
05/18/2001,RAP,SD,AGL,WE,Federal Contract Tower,12,33,26,6,77,0,2,47,3,52,12,35,73,9,129,70,12,82,211
05/19/2001,RAP,SD,AGL,WE,Federal Contract Tower,12,28,8,2,50,0,1,66,16,83,12,29,74,18,133,46,24,70,203
05/20/2001,RAP,SD,AGL,WE,Federal Contract Tower,11,23,14,7,55,1,2,29,8,40,12,25,43,15,95,4,16,20,115
05/21/2001,RAP,SD,AGL,WE,Federal Contract Tower,11,25,17,5,58,0,1,28,2,31,11,26,45,7,89,0,12,12,101
05/22/2001,RAP,SD,AGL,WE,Federal Contract Tower,12,28,16,0,56,0,2,24,5,31,12,30,40,5,87,10,0,10,97
05/23/2001,RAP,SD,AGL,WE,Federal Contract Tower,12,31,19,1,63,0,2,21,7,30,12,33,40,8,93,22,0,22,115
05/24/2001,RAP,SD,AGL,WE,Federal Contract Tower,12,31,27,3,73,0,3,39,6,48,12,34,66,9,121,30,4,34,155
05/25/2001,RAP,SD,AGL,WE,Federal Contract Tower,12,31,23,6,72,0,1,36,6,43,12,32,59,12,115,44,4,48,163
05/26/2001,RAP,SD,AGL,WE,Federal Contract Tower,12,23,17,3,55,0,2,66,1,69,12,25,83,4,124,68,0,68,192
05/27/2001,RAP,SD,AGL,WE,Federal Contract Tower,12,20,10,0,42,0,2,50,0,52,12,22,60,0,94,34,0,34,128
05/28/2001,RAP,SD,AGL,WE,Federal Contract Tower,11,17,18,0,46,0,0,43,0,43,11,17,61,0,89,0,0,0,89
05/29/2001,RAP,SD,AGL,WE,Federal Contract Tower,12,26,52,2,92,0,4,12,0,16,12,30,64,2,108,6,0,6,114
05/30/2001,RAP,SD,AGL,WE,Federal Contract Tower,12,32,36,1,81,0,0,33,4,37,12,32,69,5,118,24,2,26,144
05/31/2001,RAP,SD,AGL,WE,Federal Contract Tower,16,31,45,0,92,0,1,42,3,46,16,32,87,3,138,76,0,76,214
06/01/2001,RAP,SD,AGL,WE,Federal Contract Tower,10,37,34,4,85,0,2,67,26,95,10,39,101,30,180,16,4,20,200
06/02/2001,RAP,SD,AGL,WE,Federal Contract Tower,11,31,10,1,53,0,3,104,8,115,11,34,114,9,168,20,0,20,188
06/03/2001,RAP,SD,AGL,WE,Federal Contract Tower,15,25,13,1,54,0,1,4,0,5,15,26,17,1,59,4,0,4,63
06/04/2001,RAP,SD,AGL,WE,Federal Contract Tower,13,31,30,0,74,0,0,0,0,0,13,31,30,0,74,0,0,0,74
06/05/2001,RAP,SD,AGL,WE,Federal Contract Tower,13,36,30,0,79,0,1,44,12,57,13,37,74,12,136,30,16,46,182
06/06/2001,RAP,SD,AGL,WE,Federal Contract Tower,13,33,21,3,70,0,2,45,5,52,13,35,66,8,122,64,0,64,186
06/07/2001,RAP,SD,AGL,WE,Federal Contract Tower,12,40,30,5,87,0,2,57,2,61,12,42,87,7,148,96,0,96,244
06/08/2001,RAP,SD,AGL,WE,Federal Contract Tower,11,34,23,4,72,0,3,45,1,49,11,37,68,5,121,64,0,64,185
06/09/2001,RAP,SD,AGL,WE,Federal Contract Tower,11,28,5,2,46,0,3,50,2,55,11,31,55,4,101,58,0,58,159
06/10/2001,RAP,SD,AGL,WE,Federal Contract Tower,13,29,22,0,64,0,2,55,1,58,13,31,77,1,122,82,0,82,204
06/11/2001,RAP,SD,AGL,WE,Federal Contract Tower,8,33,25,7,73,0,2,43,0,45,8,35,68,7,118,92,0,92,210
06/12/2001,RAP,SD,AGL,WE,Federal Contract Tower,13,33,39,3,88,0,2,30,1,33,13,35,69,4,121,4,0,4,125
06/13/2001,RAP,SD,AGL,WE,Federal Contract Tower,10,38,30,2,80,0,5,30,5,40,10,43,60,7,120,62,0,62,182
06/14/2001,RAP,SD,AGL,WE,Federal Contract Tower,11,40,42,2,95,0,3,31,11,45,11,43,73,13,140,0,4,4,144
06/15/2001,RAP,SD,AGL,WE,Federal Contract Tower,11,37,29,4,81,0,0,62,14,76,11,37,91,18,157,24,16,40,197
06/16/2001,RAP,SD,AGL,WE,Federal Contract Tower,11,28,14,3,56,0,1,69,6,76,11,29,83,9,132,68,4,72,204
06/17/2001,RAP,SD,AGL,WE,Federal Contract Tower,13,25,14,0,52,0,2,26,0,28,13,27,40,0,80,0,0,0,80
06/18/2001,RAP,SD,AGL,WE,Federal Contract Tower,11,34,19,4,68,0,0,27,0,27,11,34,46,4,95,18,0,18,113
06/19/2001,RAP,SD,AGL,WE,Federal Contract Tower,13,38,20,2,73,0,0,67,4,71,13,38,87,6,144,50,2,52,196
06/20/2001,RAP,SD,AGL,WE,Federal Contract Tower,10,41,29,3,83,0,1,54,2,57,10,42,83,5,140,44,0,44,184
06/21/2001,RAP,SD,AGL,WE,Federal Contract Tower,12,31,29,0,72,0,6,94,7,107,12,37,123,7,179,38,0,38,217
06/22/2001,RAP,SD,AGL,WE,Federal Contract Tower,9,35,30,6,80,0,1,57,3,61,9,36,87,9,141,46,8,54,195
06/23/2001,RAP,SD,AGL,WE,Federal Contract Tower,9,35,23,2,69,0,0,58,6,64,9,35,81,8,133,42,8,50,183
06/24/2001,RAP,SD,AGL,WE,Federal Contract Tower,11,29,29,0,69,0,0,41,0,41,11,29,70,0,110,26,0,26,136
06/25/2001,RAP,SD,AGL,WE,Federal Contract Tower,13,37,23,3,76,0,0,62,2,64,13,37,85,5,140,10,0,10,150
06/26/2001,RAP,SD,AGL,WE,Federal Contract Tower,11,41,40,12,104,0,5,41,4,50,11,46,81,16,154,34,40,74,228
06/27/2001,RAP,SD,AGL,WE,Federal Contract Tower,11,39,29,2,81,0,2,74,5,81,11,41,103,7,162,10,0,10,172
06/28/2001,RAP,SD,AGL,WE,Federal Contract Tower,11,35,34,2,82,0,0,60,10,70,11,35,94,12,152,12,0,12,164
06/29/2001,RAP,SD,AGL,WE,Federal Contract Tower,11,37,42,5,95,0,0,45,34,79,11,37,87,39,174,48,0,48,222
06/30/2001,RAP,SD,AGL,WE,Federal Contract Tower,11,32,38,2,83,0,4,61,12,77,11,36,99,14,160,84,0,84,244
07/01/2001,RAP,SD,AGL,WE,Federal Contract Tower,9,24,40,3,76,1,0,3,0,4,10,24,43,3,80,4,0,4,84
07/02/2001,RAP,SD,AGL,WE,Federal Contract Tower,10,28,29,0,67,1,2,68,1,72,11,30,97,1,139,70,0,70,209
07/03/2001,RAP,SD,AGL,WE,Federal Contract Tower,11,37,35,3,86,0,4,56,2,62,11,41,91,5,148,56,0,56,204
07/04/2001,RAP,SD,AGL,WE,Federal Contract Tower,8,26,7,0,41,0,1,47,0,48,8,27,54,0,89,0,0,0,89
07/05/2001,RAP,SD,AGL,WE,Federal Contract Tower,9,38,20,4,71,0,1,58,4,63,9,39,78,8,134,38,0,38,172
07/06/2001,RAP,SD,AGL,WE,Federal Contract Tower,11,36,25,7,79,0,2,79,3,84,11,38,104,10,163,60,0,60,223
07/07/2001,RAP,SD,AGL,WE,Federal Contract Tower,11,29,23,2,65,0,2,45,9,56,11,31,68,11,121,66,22,88,209
07/08/2001,RAP,SD,AGL,WE,Federal Contract Tower,11,26,19,3,59,0,2,48,14,64,11,28,67,17,123,48,18,66,189
07/09/2001,RAP,SD,AGL,WE,Federal Contract Tower,15,26,25,3,69,0,2,57,6,65,15,28,82,9,134,80,0,80,214
07/10/2001,RAP,SD,AGL,WE,Federal Contract Tower,14,36,23,6,79,0,2,45,16,63,14,38,68,22,142,46,10,56,198
07/11/2001,RAP,SD,AGL,WE,Federal Contract Tower,12,35,30,3,80,0,1,47,9,57,12,36,77,12,137,80,0,80,217
07/12/2001,RAP,SD,AGL,WE,Federal Contract Tower,14,37,30,10,91,0,1,64,17,82,14,38,94,27,173,48,10,58,231
07/13/2001,RAP,SD,AGL,WE,Federal Contract Tower,12,31,29,12,84,0,0,83,13,96,12,31,112,25,180,62,34,96,276
07/14/2001,RAP,SD,AGL,WE,Federal Contract Tower,15,27,23,9,74,0,1,49,16,66,15,28,72,25,140,24,32,56,196
07/15/2001,RAP,SD,AGL,WE,Federal Contract Tower,13,31,32,4,80,0,4,39,7,50,13,35,71,11,130,14,0,14,144
07/16/2001,RAP,SD,AGL,WE,Federal Contract Tower,15,28,24,10,77,0,2,59,11,72,15,30,83,21,149,62,0,62,211
07/17/2001,RAP,SD,AGL,WE,Federal Contract Tower,15,34,24,1,74,0,2,83,13,98,15,36,107,14,172,14,2,16,188
07/18/2001,RAP,SD,AGL,WE,Federal Contract Tower,15,42,29,0,86,0,3,59,15,77,15,45,88,15,163,20,12,32,195
07/19/2001,RAP,SD,AGL,WE,Federal Contract Tower,15,34,22,3,74,0,1,54,21,76,15,35,76,24,150,72,26,98,248
07/20/2001,RAP,SD,AGL,WE,Federal Contract Tower,15,38,21,3,77,0,2,78,16,96,15,40,99,19,173,54,8,62,235
07/21/2001,RAP,SD,AGL,WE,Federal Contract Tower,12,30,34,6,82,0,2,83,5,90,12,32,117,11,172,56,8,64,236
07/22/2001,RAP,SD,AGL,WE,Federal Contract Tower,12,22,29,1,64,0,2,71,1,74,12,24,100,2,138,58,0,58,196
07/23/2001,RAP,SD,AGL,WE,Federal Contract Tower,11,43,32,3,89,0,2,57,1,60,11,45,89,4,149,102,4,106,255
07/24/2001,RAP,SD,AGL,WE,Federal Contract Tower,15,34,24,1,74,0,2,68,2,72,15,36,92,3,146,82,0,82,228
07/25/2001,RAP,SD,AGL,WE,Federal Contract Tower,16,37,43,5,101,0,2,62,0,64,16,39,105,5,165,60,4,64,229
07/26/2001,RAP,SD,AGL,WE,Federal Contract Tower,15,39,40,2,96,0,2,62,0,64,15,41,102,2,160,46,0,46,206
07/27/2001,RAP,SD,AGL,WE,Federal Contract Tower,15,41,46,4,106,0,5,89,13,107,15,46,135,17,213,160,12,172,385
07/28/2001,RAP,SD,AGL,WE,Federal Contract Tower,15,31,25,0,71,0,3,95,0,98,15,34,120,0,169,80,0,80,249
07/29/2001,RAP,SD,AGL,WE,Federal Contract Tower,15,20,23,0,58,0,0,68,3,71,15,20,91,3,129,22,0,22,151
07/30/2001,RAP,SD,AGL,WE,Federal Contract Tower,11,29,32,2,74,0,0,63,5,68,11,29,95,7,142,20,0,20,162
07/31/2001,RAP,SD,AGL,WE,Federal Contract Tower,15,31,18,4,68,0,7,126,6,139,15,38,144,10,207,18,0,18,225
08/01/2001,RAP,SD,AGL,WE,Federal Contract Tower,16,34,26,4,80,0,34,177,5,216,16,68,203,9,296,42,0,42,338
08/02/2001,RAP,SD,AGL,WE,Federal Contract Tower,14,32,27,4,77,0,3,141,1,145,14,35,168,5,222,24,0,24,246
08/03/2001,RAP,SD,AGL,WE,Federal Contract Tower,17,36,30,9,92,0,4,164,12,180,17,40,194,21,272,42,14,56,328
08/04/2001,RAP,SD,AGL,WE,Federal Contract Tower,16,24,23,1,64,0,4,156,7,167,16,28,179,8,231,44,4,48,279
08/05/2001,RAP,SD,AGL,WE,Federal Contract Tower,16,22,22,1,61,0,2,81,4,87,16,24,103,5,148,30,0,30,178
08/06/2001,RAP,SD,AGL,WE,Federal Contract Tower,12,31,39,6,88,0,4,65,6,75,12,35,104,12,163,68,0,68,231
08/07/2001,RAP,SD,AGL,WE,Federal Contract Tower,15,45,37,2,99,0,4,55,5,64,15,49,92,7,163,36,8,44,207
08/08/2001,RAP,SD,AGL,WE,Federal Contract Tower,14,46,39,2,101,0,2,51,2,55,14,48,90,4,156,38,0,38,194
08/09/2001,RAP,SD,AGL,WE,Federal Contract Tower,19,43,41,6,109,0,1,77,10,88,19,44,118,16,197,64,20,84,281
08/10/2001,RAP,SD,AGL,WE,Federal Contract Tower,16,37,51,1,105,0,4,63,4,71,16,41,114,5,176,48,4,52,228
08/11/2001,RAP,SD,AGL,WE,Federal Contract Tower,14,23,48,0,85,0,3,77,5,85,14,26,125,5,170,52,2,54,224
08/12/2001,RAP,SD,AGL,WE,Federal Contract Tower,14,26,31,0,71,0,0,89,8,97,14,26,120,8,168,64,0,64,232
08/13/2001,RAP,SD,AGL,WE,Federal Contract Tower,15,28,30,1,74,0,0,69,4,73,15,28,99,5,147,78,14,92,239
08/14/2001,RAP,SD,AGL,WE,Federal Contract Tower,13,37,29,4,83,0,0,53,10,63,13,37,82,14,146,18,12,30,176
08/15/2001,RAP,SD,AGL,WE,Federal Contract Tower,18,34,31,1,84,0,8,62,2,72,18,42,93,3,156,90,0,90,246
08/16/2001,RAP,SD,AGL,WE,Federal Contract Tower,17,37,38,2,94,0,5,84,2,91,17,42,122,4,185,98,16,114,299
08/17/2001,RAP,SD,AGL,WE,Federal Contract Tower,17,38,35,2,92,0,5,77,15,97,17,43,112,17,189,132,4,136,325
08/18/2001,RAP,SD,AGL,WE,Federal Contract Tower,13,25,20,5,63,0,3,54,21,78,13,28,74,26,141,38,14,52,193
08/19/2001,RAP,SD,AGL,WE,Federal Contract Tower,15,23,17,5,60,0,3,42,12,57,15,26,59,17,117,46,12,58,175
08/20/2001,RAP,SD,AGL,WE,Federal Contract Tower,12,28,23,5,68,0,2,51,3,56,12,30,74,8,124,44,0,44,168
08/21/2001,RAP,SD,AGL,WE,Federal Contract Tower,15,35,24,6,80,0,4,48,7,59,15,39,72,13,139,48,20,68,207
08/22/2001,RAP,SD,AGL,WE,Federal Contract Tower,17,43,21,1,82,0,6,60,7,73,17,49,81,8,155,56,0,56,211
08/23/2001,RAP,SD,AGL,WE,Federal Contract Tower,13,40,37,7,97,0,3,50,2,55,13,43,87,9,152,100,0,100,252
08/24/2001,RAP,SD,AGL,WE,Federal Contract Tower,15,39,28,3,85,0,3,53,5,61,15,42,81,8,146,74,0,74,220
08/25/2001,RAP,SD,AGL,WE,Federal Contract Tower,17,27,18,0,62,0,4,66,0,70,17,31,84,0,132,80,0,80,212
08/26/2001,RAP,SD,AGL,WE,Federal Contract Tower,15,22,15,0,52,0,0,51,0,51,15,22,66,0,103,12,0,12,115
08/27/2001,RAP,SD,AGL,WE,Federal Contract Tower,15,29,22,3,69,0,1,41,0,42,15,30,63,3,111,52,0,52,163
08/28/2001,RAP,SD,AGL,WE,Federal Contract Tower,17,40,24,10,91,0,3,67,14,84,17,43,91,24,175,88,14,102,277
08/29/2001,RAP,SD,AGL,WE,Federal Contract Tower,15,32,24,0,71,0,4,55,1,60,15,36,79,1,131,76,0,76,207
08/30/2001,RAP,SD,AGL,WE,Federal Contract Tower,15,30,18,3,66,0,0,90,1,91,15,30,108,4,157,184,0,184,341
08/31/2001,RAP,SD,AGL,WE,Federal Contract Tower,17,36,30,0,83,0,1,95,1,97,17,37,125,1,180,92,0,92,272
09/01/2001,RAP,SD,AGL,WE,Federal Contract Tower,14,26,15,1,56,0,2,49,2,53,14,28,64,3,109,22,2,24,133
09/02/2001,RAP,SD,AGL,WE,Federal Contract Tower,12,19,15,1,47,0,5,58,2,65,12,24,73,3,112,28,0,28,140
09/03/2001,RAP,SD,AGL,WE,Federal Contract Tower,14,21,19,1,55,0,1,62,0,63,14,22,81,1,118,14,0,14,132
09/04/2001,RAP,SD,AGL,WE,Federal Contract Tower,16,29,18,3,66,0,4,70,0,74,16,33,88,3,140,94,0,94,234
09/05/2001,RAP,SD,AGL,WE,Federal Contract Tower,14,30,33,3,80,0,6,47,12,65,14,36,80,15,145,32,6,38,183
09/06/2001,RAP,SD,AGL,WE,Federal Contract Tower,20,27,25,2,74,0,5,35,1,41,20,32,60,3,115,36,0,36,151
09/07/2001,RAP,SD,AGL,WE,Federal Contract Tower,13,29,38,12,92,0,0,67,14,81,13,29,105,26,173,92,26,118,291
09/08/2001,RAP,SD,AGL,WE,Federal Contract Tower,12,23,10,4,49,0,1,31,4,36,12,24,41,8,85,18,0,18,103
09/09/2001,RAP,SD,AGL,WE,Federal Contract Tower,14,20,16,3,53,0,4,81,0,85,14,24,97,3,138,68,0,68,206
09/10/2001,RAP,SD,AGL,WE,Federal Contract Tower,14,31,16,1,62,0,0,56,2,58,14,31,72,3,120,74,0,74,194
09/11/2001,RAP,SD,AGL,WE,Federal Contract Tower,2,6,2,2,12,0,2,7,0,9,2,8,9,2,21,14,0,14,35
09/12/2001,RAP,SD,AGL,WE,Federal Contract Tower,0,6,1,0,7,0,0,0,0,0,0,6,1,0,7,0,0,0,7
09/13/2001,RAP,SD,AGL,WE,Federal Contract Tower,1,23,0,3,27,0,0,0,0,0,1,23,0,3,27,0,0,0,27
09/14/2001,RAP,SD,AGL,WE,Federal Contract Tower,10,58,18,2,88,0,0,0,0,0,10,58,18,2,88,0,0,0,88
09/15/2001,RAP,SD,AGL,WE,Federal Contract Tower,10,25,27,7,69,0,0,0,2,2,10,25,27,9,71,0,0,0,71
09/16/2001,RAP,SD,AGL,WE,Federal Contract Tower,10,20,16,1,47,0,0,0,0,0,10,20,16,1,47,0,0,0,47
09/17/2001,RAP,SD,AGL,WE,Federal Contract Tower,10,26,37,7,80,0,0,4,0,4,10,26,41,7,84,0,0,0,84
09/18/2001,RAP,SD,AGL,WE,Federal Contract Tower,10,24,63,2,99,0,2,0,1,3,10,26,63,3,102,0,0,0,102
09/19/2001,RAP,SD,AGL,WE,Federal Contract Tower,8,30,52,0,90,0,4,4,0,8,8,34,56,0,98,0,0,0,98
09/20/2001,RAP,SD,AGL,WE,Federal Contract Tower,8,33,41,4,86,0,2,12,1,15,8,35,53,5,101,0,2,2,103
09/21/2001,RAP,SD,AGL,WE,Federal Contract Tower,10,27,40,5,82,0,2,16,0,18,10,29,56,5,100,0,0,0,100
09/22/2001,RAP,SD,AGL,WE,Federal Contract Tower,12,22,13,0,47,0,2,34,0,36,12,24,47,0,83,4,0,4,87
09/23/2001,RAP,SD,AGL,WE,Federal Contract Tower,9,20,22,1,52,3,0,42,0,45,12,20,64,1,97,16,0,16,113
09/24/2001,RAP,SD,AGL,WE,Federal Contract Tower,12,24,29,2,67,0,2,30,2,34,12,26,59,4,101,28,0,28,129
09/25/2001,RAP,SD,AGL,WE,Federal Contract Tower,12,30,15,9,66,0,0,53,11,64,12,30,68,20,130,46,4,50,180
09/26/2001,RAP,SD,AGL,WE,Federal Contract Tower,10,35,31,4,80,0,4,54,5,63,10,39,85,9,143,72,0,72,215
09/27/2001,RAP,SD,AGL,WE,Federal Contract Tower,12,31,45,2,90,0,0,84,8,92,12,31,129,10,182,58,0,58,240
09/28/2001,RAP,SD,AGL,WE,Federal Contract Tower,12,28,26,3,69,0,2,101,6,109,12,30,127,9,178,46,0,46,224
09/29/2001,RAP,SD,AGL,WE,Federal Contract Tower,16,25,15,2,58,0,0,74,7,81,16,25,89,9,139,46,10,56,195
09/30/2001,RAP,SD,AGL,WE,Federal Contract Tower,12,22,12,0,46,0,5,67,6,78,12,27,79,6,124,28,0,28,152
10/01/2001,RAP,SD,AGL,WE,Federal Contract Tower,12,23,36,0,71,0,4,47,0,51,12,27,83,0,122,58,0,58,180
10/02/2001,RAP,SD,AGL,WE,Federal Contract Tower,14,28,22,4,68,0,4,40,3,47,14,32,62,7,115,10,0,10,125
10/03/2001,RAP,SD,AGL,WE,Federal Contract Tower,10,24,23,2,59,0,4,54,2,60,10,28,77,4,119,56,0,56,175
10/04/2001,RAP,SD,AGL,WE,Federal Contract Tower,12,34,36,2,84,0,3,28,1,32,12,37,64,3,116,28,0,28,144
10/05/2001,RAP,SD,AGL,WE,Federal Contract Tower,10,34,28,2,74,0,4,38,2,44,10,38,66,4,118,34,0,34,152
10/06/2001,RAP,SD,AGL,WE,Federal Contract Tower,12,19,19,2,52,0,3,41,2,46,12,22,60,4,98,44,0,44,142
10/07/2001,RAP,SD,AGL,WE,Federal Contract Tower,12,17,14,1,44,0,2,21,0,23,12,19,35,1,67,28,0,28,95
10/08/2001,RAP,SD,AGL,WE,Federal Contract Tower,14,22,24,1,61,0,2,52,3,57,14,24,76,4,118,78,16,94,212
10/09/2001,RAP,SD,AGL,WE,Federal Contract Tower,10,25,19,4,58,0,2,11,0,13,10,27,30,4,71,14,0,14,85
10/10/2001,RAP,SD,AGL,WE,Federal Contract Tower,10,35,24,0,69,0,3,35,3,41,10,38,59,3,110,8,0,8,118
10/11/2001,RAP,SD,AGL,WE,Federal Contract Tower,12,24,21,2,59,0,0,39,6,45,12,24,60,8,104,100,8,108,212
10/12/2001,RAP,SD,AGL,WE,Federal Contract Tower,12,27,29,4,72,0,3,27,0,30,12,30,56,4,102,38,0,38,140
10/13/2001,RAP,SD,AGL,WE,Federal Contract Tower,12,17,13,4,46,0,1,26,3,30,12,18,39,7,76,20,0,20,96
10/14/2001,RAP,SD,AGL,WE,Federal Contract Tower,12,15,8,4,39,0,0,19,2,21,12,15,27,6,60,12,0,12,72
10/15/2001,RAP,SD,AGL,WE,Federal Contract Tower,12,24,26,3,65,0,1,45,3,49,12,25,71,6,114,30,0,30,144
10/16/2001,RAP,SD,AGL,WE,Federal Contract Tower,12,32,32,2,78,0,4,62,2,68,12,36,94,4,146,60,0,60,206
10/17/2001,RAP,SD,AGL,WE,Federal Contract Tower,12,30,23,0,65,2,4,60,4,70,14,34,83,4,135,78,0,78,213
10/18/2001,RAP,SD,AGL,WE,Federal Contract Tower,12,28,27,6,73,0,3,41,35,79,12,31,68,41,152,52,30,82,234
10/19/2001,RAP,SD,AGL,WE,Federal Contract Tower,12,30,26,0,68,0,2,58,6,66,12,32,84,6,134,54,12,66,200
10/20/2001,RAP,SD,AGL,WE,Federal Contract Tower,12,20,10,4,46,0,4,65,2,71,12,24,75,6,117,100,0,100,217
10/21/2001,RAP,SD,AGL,WE,Federal Contract Tower,12,14,23,2,51,0,4,48,1,53,12,18,71,3,104,48,0,48,152
10/22/2001,RAP,SD,AGL,WE,Federal Contract Tower,12,27,20,2,61,0,4,38,0,42,12,31,58,2,103,28,0,28,131
10/23/2001,RAP,SD,AGL,WE,Federal Contract Tower,14,29,16,3,62,0,4,35,11,50,14,33,51,14,112,12,24,36,148
10/24/2001,RAP,SD,AGL,WE,Federal Contract Tower,12,29,23,2,66,0,4,18,3,25,12,33,41,5,91,24,0,24,115
10/25/2001,RAP,SD,AGL,WE,Federal Contract Tower,12,30,23,3,68,0,0,42,8,50,12,30,65,11,118,30,10,40,158
10/26/2001,RAP,SD,AGL,WE,Federal Contract Tower,12,26,22,3,63,0,1,76,10,87,12,27,98,13,150,96,12,108,258
10/27/2001,RAP,SD,AGL,WE,Federal Contract Tower,12,17,15,0,44,0,3,47,1,51,12,20,62,1,95,114,0,114,209
10/28/2001,RAP,SD,AGL,WE,Federal Contract Tower,12,15,14,1,42,0,0,47,0,47,12,15,61,1,89,14,0,14,103
10/29/2001,RAP,SD,AGL,WE,Federal Contract Tower,12,20,20,2,54,0,2,38,0,40,12,22,58,2,94,54,0,54,148
10/30/2001,RAP,SD,AGL,WE,Federal Contract Tower,11,29,16,2,58,0,2,47,3,52,11,31,63,5,110,54,2,56,166
10/31/2001,RAP,SD,AGL,WE,Federal Contract Tower,8,36,16,1,61,0,3,29,5,37,8,39,45,6,98,16,4,20,118
11/01/2001,RAP,SD,AGL,WE,Federal Contract Tower,6,37,28,0,71,0,3,58,11,72,6,40,86,11,143,36,12,48,191
11/02/2001,RAP,SD,AGL,WE,Federal Contract Tower,6,40,26,4,76,0,2,65,23,90,6,42,91,27,166,52,0,52,218
11/03/2001,RAP,SD,AGL,WE,Federal Contract Tower,6,29,34,1,70,0,3,108,0,111,6,32,142,1,181,98,0,98,279
11/04/2001,RAP,SD,AGL,WE,Federal Contract Tower,6,22,20,10,58,0,4,75,6,85,6,26,95,16,143,120,8,128,271
11/05/2001,RAP,SD,AGL,WE,Federal Contract Tower,6,37,32,0,75,0,4,77,1,82,6,41,109,1,157,152,0,152,309
11/06/2001,RAP,SD,AGL,WE,Federal Contract Tower,6,37,31,4,78,0,2,60,7,69,6,39,91,11,147,78,0,78,225
11/07/2001,RAP,SD,AGL,WE,Federal Contract Tower,18,32,24,4,78,9,4,20,8,41,27,36,44,12,119,26,10,36,155
11/08/2001,RAP,SD,AGL,WE,Federal Contract Tower,6,36,36,2,80,0,4,70,1,75,6,40,106,3,155,90,0,90,245
11/09/2001,RAP,SD,AGL,WE,Federal Contract Tower,8,32,18,11,69,0,1,63,4,68,8,33,81,15,137,90,20,110,247
11/10/2001,RAP,SD,AGL,WE,Federal Contract Tower,6,26,12,10,54,0,0,44,3,47,6,26,56,13,101,24,22,46,147
11/11/2001,RAP,SD,AGL,WE,Federal Contract Tower,7,25,13,0,45,0,0,50,5,55,7,25,63,5,100,58,0,58,158
11/12/2001,RAP,SD,AGL,WE,Federal Contract Tower,8,27,23,0,58,0,0,29,0,29,8,27,52,0,87,18,0,18,105
11/13/2001,RAP,SD,AGL,WE,Federal Contract Tower,6,40,10,2,58,0,0,21,6,27,6,40,31,8,85,54,0,54,139
11/14/2001,RAP,SD,AGL,WE,Federal Contract Tower,6,43,52,2,103,0,3,44,0,47,6,46,96,2,150,56,0,56,206
11/15/2001,RAP,SD,AGL,WE,Federal Contract Tower,9,42,27,3,81,0,2,61,7,70,9,44,88,10,151,82,12,94,245
11/16/2001,RAP,SD,AGL,WE,Federal Contract Tower,6,37,19,2,64,0,2,87,6,95,6,39,106,8,159,118,0,118,277
11/17/2001,RAP,SD,AGL,WE,Federal Contract Tower,8,28,23,0,59,0,2,95,6,103,8,30,118,6,162,154,0,154,316
11/18/2001,RAP,SD,AGL,WE,Federal Contract Tower,6,25,3,3,37,0,1,7,0,8,6,26,10,3,45,0,0,0,45
11/19/2001,RAP,SD,AGL,WE,Federal Contract Tower,6,35,25,0,66,0,0,61,0,61,6,35,86,0,127,124,0,124,251
11/20/2001,RAP,SD,AGL,WE,Federal Contract Tower,6,37,24,5,72,0,0,80,28,108,6,37,104,33,180,86,12,98,278
11/21/2001,RAP,SD,AGL,WE,Federal Contract Tower,6,40,26,0,72,0,4,60,0,64,6,44,86,0,136,66,0,66,202
11/22/2001,RAP,SD,AGL,WE,Federal Contract Tower,6,17,2,0,25,0,6,24,0,30,6,23,26,0,55,50,0,50,105
11/23/2001,RAP,SD,AGL,WE,Federal Contract Tower,8,31,4,0,43,0,4,28,0,32,8,35,32,0,75,22,0,22,97
11/24/2001,RAP,SD,AGL,WE,Federal Contract Tower,8,28,10,0,46,0,3,25,0,28,8,31,35,0,74,30,0,30,104
11/25/2001,RAP,SD,AGL,WE,Federal Contract Tower,10,20,11,0,41,0,0,0,0,0,10,20,11,0,41,0,0,0,41
11/26/2001,RAP,SD,AGL,WE,Federal Contract Tower,6,25,9,3,43,0,0,0,0,0,6,25,9,3,43,0,0,0,43
11/27/2001,RAP,SD,AGL,WE,Federal Contract Tower,6,43,22,4,75,0,0,3,2,5,6,43,25,6,80,0,40,40,120
11/28/2001,RAP,SD,AGL,WE,Federal Contract Tower,6,37,35,0,78,0,2,28,0,30,6,39,63,0,108,12,0,12,120
11/29/2001,RAP,SD,AGL,WE,Federal Contract Tower,6,34,35,1,76,0,3,27,0,30,6,37,62,1,106,32,0,32,138
11/30/2001,RAP,SD,AGL,WE,Federal Contract Tower,8,35,18,4,65,0,3,20,10,33,8,38,38,14,98,14,2,16,114
12/01/2001,RAP,SD,AGL,WE,Federal Contract Tower,8,25,6,0,39,0,3,42,2,47,8,28,48,2,86,46,0,46,132
12/02/2001,RAP,SD,AGL,WE,Federal Contract Tower,6,22,7,4,39,0,4,36,0,40,6,26,43,4,79,58,0,58,137
12/03/2001,RAP,SD,AGL,WE,Federal Contract Tower,6,36,16,1,59,0,3,48,0,51,6,39,64,1,110,8,0,8,118
12/04/2001,RAP,SD,AGL,WE,Federal Contract Tower,10,32,16,3,61,0,6,28,7,41,10,38,44,10,102,78,2,80,182
12/05/2001,RAP,SD,AGL,WE,Federal Contract Tower,6,32,19,6,63,0,4,30,16,50,6,36,49,22,113,42,0,42,155
12/06/2001,RAP,SD,AGL,WE,Federal Contract Tower,6,40,19,5,70,0,4,70,4,78,6,44,89,9,148,80,22,102,250
12/07/2001,RAP,SD,AGL,WE,Federal Contract Tower,8,32,24,4,68,0,4,48,7,59,8,36,72,11,127,36,10,46,173
12/08/2001,RAP,SD,AGL,WE,Federal Contract Tower,6,28,8,0,42,0,4,54,0,58,6,32,62,0,100,76,0,76,176
12/09/2001,RAP,SD,AGL,WE,Federal Contract Tower,5,22,11,1,39,1,0,43,2,46,6,22,54,3,85,36,0,36,121
12/10/2001,RAP,SD,AGL,WE,Federal Contract Tower,6,34,12,5,57,0,1,45,0,46,6,35,57,5,103,28,0,28,131
12/11/2001,RAP,SD,AGL,WE,Federal Contract Tower,6,44,22,4,76,0,0,7,10,17,6,44,29,14,93,10,14,24,117
12/12/2001,RAP,SD,AGL,WE,Federal Contract Tower,8,36,37,6,87,0,0,49,5,54,8,36,86,11,141,46,8,54,195
12/13/2001,RAP,SD,AGL,WE,Federal Contract Tower,6,37,32,4,79,0,0,37,13,50,6,37,69,17,129,14,16,30,159
12/14/2001,RAP,SD,AGL,WE,Federal Contract Tower,6,40,26,5,77,0,2,63,6,71,6,42,89,11,148,72,8,80,228
12/15/2001,RAP,SD,AGL,WE,Federal Contract Tower,6,34,15,2,57,0,3,19,1,23,6,37,34,3,80,42,0,42,122
12/16/2001,RAP,SD,AGL,WE,Federal Contract Tower,6,29,12,1,48,0,2,49,0,51,6,31,61,1,99,56,0,56,155
12/17/2001,RAP,SD,AGL,WE,Federal Contract Tower,7,33,15,1,56,0,3,73,0,76,7,36,88,1,132,106,0,106,238
12/18/2001,RAP,SD,AGL,WE,Federal Contract Tower,8,31,13,6,58,0,3,32,14,49,8,34,45,20,107,32,0,32,139
12/19/2001,RAP,SD,AGL,WE,Federal Contract Tower,8,44,18,8,78,0,4,36,5,45,8,48,54,13,123,28,16,44,167
12/20/2001,RAP,SD,AGL,WE,Federal Contract Tower,10,35,30,5,80,0,4,37,5,46,10,39,67,10,126,24,12,36,162
12/21/2001,RAP,SD,AGL,WE,Federal Contract Tower,10,33,17,3,63,0,4,49,2,55,10,37,66,5,118,86,0,86,204
12/22/2001,RAP,SD,AGL,WE,Federal Contract Tower,5,28,10,0,43,0,4,20,0,24,5,32,30,0,67,10,0,10,77
12/23/2001,RAP,SD,AGL,WE,Federal Contract Tower,8,22,10,0,40,0,2,40,1,43,8,24,50,1,83,28,0,28,111
12/24/2001,RAP,SD,AGL,WE,Federal Contract Tower,8,26,4,0,38,0,0,32,0,32,8,26,36,0,70,24,0,24,94
12/25/2001,RAP,SD,AGL,WE,Federal Contract Tower,8,21,4,1,34,0,3,21,1,25,8,24,25,2,59,12,0,12,71
12/26/2001,RAP,SD,AGL,WE,Federal Contract Tower,8,33,13,0,54,0,0,20,10,30,8,33,33,10,84,18,10,28,112
12/27/2001,RAP,SD,AGL,WE,Federal Contract Tower,7,31,11,5,54,0,0,64,7,71,7,31,75,12,125,104,22,126,251
12/28/2001,RAP,SD,AGL,WE,Federal Contract Tower,8,33,11,3,55,0,0,13,1,14,8,33,24,4,69,32,0,32,101
12/29/2001,RAP,SD,AGL,WE,Federal Contract Tower,6,28,11,2,47,0,0,22,1,23,6,28,33,3,70,12,2,14,84
12/30/2001,RAP,SD,AGL,WE,Federal Contract Tower,8,18,7,0,33,0,1,55,1,57,8,19,62,1,90,72,0,72,162
12/31/2001,RAP,SD,AGL,WE,Federal Contract Tower,8,29,18,0,55,0,2,27,9,38,8,31,45,9,93,52,6,58,151
01/01/2002,RAP,SD,AGL,WE,Federal Contract Tower,8,24,9,0,41,0,1,29,0,30,8,25,38,0,71,22,0,22,93
01/02/2002,RAP,SD,AGL,WE,Federal Contract Tower,7,36,13,0,56,0,1,26,1,28,7,37,39,1,84,76,0,76,160
01/03/2002,RAP,SD,AGL,WE,Federal Contract Tower,6,29,9,3,47,0,4,51,10,65,6,33,60,13,112,74,16,90,202
01/04/2002,RAP,SD,AGL,WE,Federal Contract Tower,5,32,17,6,60,0,4,32,6,42,5,36,49,12,102,24,26,50,152
01/05/2002,RAP,SD,AGL,WE,Federal Contract Tower,4,25,12,1,42,0,4,48,3,55,4,29,60,4,97,104,10,114,211
01/06/2002,RAP,SD,AGL,WE,Federal Contract Tower,6,21,6,1,34,0,2,57,0,59,6,23,63,1,93,122,0,122,215
01/07/2002,RAP,SD,AGL,WE,Federal Contract Tower,6,30,7,2,45,0,4,29,0,33,6,34,36,2,78,24,0,24,102
01/08/2002,RAP,SD,AGL,WE,Federal Contract Tower,6,39,16,5,66,0,0,52,1,53,6,39,68,6,119,104,8,112,231
01/09/2002,RAP,SD,AGL,WE,Federal Contract Tower,6,34,26,2,68,0,0,40,2,42,6,34,66,4,110,80,0,80,190
01/10/2002,RAP,SD,AGL,WE,Federal Contract Tower,6,29,18,2,55,0,5,59,3,67,6,34,77,5,122,86,0,86,208
01/11/2002,RAP,SD,AGL,WE,Federal Contract Tower,6,31,28,16,81,0,1,23,8,32,6,32,51,24,113,4,42,46,159
01/12/2002,RAP,SD,AGL,WE,Federal Contract Tower,4,25,21,0,50,0,0,44,18,62,4,25,65,18,112,88,32,120,232
01/13/2002,RAP,SD,AGL,WE,Federal Contract Tower,6,22,12,0,40,0,0,0,0,0,6,22,12,0,40,0,0,0,40
01/14/2002,RAP,SD,AGL,WE,Federal Contract Tower,6,35,14,0,55,0,1,31,0,32,6,36,45,0,87,44,0,44,131
01/15/2002,RAP,SD,AGL,WE,Federal Contract Tower,7,41,19,1,68,1,1,10,1,13,8,42,29,2,81,26,0,26,107
01/16/2002,RAP,SD,AGL,WE,Federal Contract Tower,6,35,19,2,62,0,6,19,2,27,6,41,38,4,89,42,2,44,133
01/17/2002,RAP,SD,AGL,WE,Federal Contract Tower,6,35,24,5,70,0,2,36,13,51,6,37,60,18,121,48,40,88,209
01/18/2002,RAP,SD,AGL,WE,Federal Contract Tower,6,35,20,5,66,0,4,81,10,95,6,39,101,15,161,54,16,70,231
01/19/2002,RAP,SD,AGL,WE,Federal Contract Tower,4,30,9,2,45,0,2,64,0,66,4,32,73,2,111,116,0,116,227
01/20/2002,RAP,SD,AGL,WE,Federal Contract Tower,6,22,8,0,36,0,4,32,2,38,6,26,40,2,74,52,12,64,138
01/21/2002,RAP,SD,AGL,WE,Federal Contract Tower,6,31,17,0,54,0,3,48,0,51,6,34,65,0,105,44,0,44,149
01/22/2002,RAP,SD,AGL,WE,Federal Contract Tower,6,34,15,3,58,0,4,26,1,31,6,38,41,4,89,40,14,54,143
01/23/2002,RAP,SD,AGL,WE,Federal Contract Tower,6,35,33,2,76,0,1,30,4,35,6,36,63,6,111,42,6,48,159
01/24/2002,RAP,SD,AGL,WE,Federal Contract Tower,6,33,23,10,72,0,0,59,10,69,6,33,82,20,141,74,46,120,261
01/25/2002,RAP,SD,AGL,WE,Federal Contract Tower,6,34,25,4,69,0,0,51,4,55,6,34,76,8,124,56,14,70,194
01/26/2002,RAP,SD,AGL,WE,Federal Contract Tower,4,24,17,1,46,0,0,55,2,57,4,24,72,3,103,88,0,88,191
01/27/2002,RAP,SD,AGL,WE,Federal Contract Tower,6,24,14,5,49,0,0,0,0,0,6,24,14,5,49,0,0,0,49
01/28/2002,RAP,SD,AGL,WE,Federal Contract Tower,5,29,14,2,50,0,0,4,0,4,5,29,18,2,54,6,0,6,60
01/29/2002,RAP,SD,AGL,WE,Federal Contract Tower,6,32,25,7,70,0,0,29,11,40,6,32,54,18,110,38,36,74,184
01/30/2002,RAP,SD,AGL,WE,Federal Contract Tower,6,40,21,2,69,0,0,57,3,60,6,40,78,5,129,56,6,62,191
01/31/2002,RAP,SD,AGL,WE,Federal Contract Tower,7,33,26,3,69,0,1,47,5,53,7,34,73,8,122,52,0,52,174
02/01/2002,RAP,SD,AGL,WE,Federal Contract Tower,5,38,24,2,69,0,2,98,8,108,5,40,122,10,177,162,16,178,355
02/02/2002,RAP,SD,AGL,WE,Federal Contract Tower,6,25,10,4,45,0,4,64,12,80,6,29,74,16,125,106,22,128,253
02/03/2002,RAP,SD,AGL,WE,Federal Contract Tower,6,25,16,4,51,0,6,40,2,48,6,31,56,6,99,80,0,80,179
02/04/2002,RAP,SD,AGL,WE,Federal Contract Tower,6,31,10,6,53,0,4,45,0,49,6,35,55,6,102,42,0,42,144
02/05/2002,RAP,SD,AGL,WE,Federal Contract Tower,6,39,28,3,76,0,4,30,6,40,6,43,58,9,116,56,0,56,172
02/06/2002,RAP,SD,AGL,WE,Federal Contract Tower,6,36,32,2,76,0,4,21,6,31,6,40,53,8,107,22,10,32,139
02/07/2002,RAP,SD,AGL,WE,Federal Contract Tower,6,35,23,2,66,0,16,65,0,81,6,51,88,2,147,140,2,142,289
02/08/2002,RAP,SD,AGL,WE,Federal Contract Tower,6,36,11,3,56,0,9,26,2,37,6,45,37,5,93,8,4,12,105
02/09/2002,RAP,SD,AGL,WE,Federal Contract Tower,4,23,5,0,32,0,0,2,0,2,4,23,7,0,34,0,0,0,34
02/10/2002,RAP,SD,AGL,WE,Federal Contract Tower,6,25,6,0,37,0,4,32,2,38,6,29,38,2,75,36,4,40,115
02/11/2002,RAP,SD,AGL,WE,Federal Contract Tower,6,33,14,0,53,0,3,9,0,12,6,36,23,0,65,0,0,0,65
02/12/2002,RAP,SD,AGL,WE,Federal Contract Tower,6,36,19,1,62,0,2,45,22,69,6,38,64,23,131,54,16,70,201
02/13/2002,RAP,SD,AGL,WE,Federal Contract Tower,6,38,24,1,69,0,2,67,12,81,6,40,91,13,150,112,10,122,272
02/14/2002,RAP,SD,AGL,WE,Federal Contract Tower,6,42,16,0,64,0,1,6,0,7,6,43,22,0,71,18,0,18,89
02/15/2002,RAP,SD,AGL,WE,Federal Contract Tower,6,32,23,3,64,0,2,48,2,52,6,34,71,5,116,42,0,42,158
02/16/2002,RAP,SD,AGL,WE,Federal Contract Tower,4,25,11,2,42,0,1,58,0,59,4,26,69,2,101,102,0,102,203
02/17/2002,RAP,SD,AGL,WE,Federal Contract Tower,6,23,13,2,44,0,4,35,0,39,6,27,48,2,83,36,0,36,119
02/18/2002,RAP,SD,AGL,WE,Federal Contract Tower,6,30,23,0,59,0,4,28,0,32,6,34,51,0,91,62,0,62,153
02/19/2002,RAP,SD,AGL,WE,Federal Contract Tower,8,34,26,2,70,0,3,18,0,21,8,37,44,2,91,38,0,38,129
02/20/2002,RAP,SD,AGL,WE,Federal Contract Tower,6,35,27,1,69,0,3,38,7,48,6,38,65,8,117,100,10,110,227
02/21/2002,RAP,SD,AGL,WE,Federal Contract Tower,6,36,24,5,71,0,4,65,4,73,6,40,89,9,144,46,2,48,192
02/22/2002,RAP,SD,AGL,WE,Federal Contract Tower,6,34,16,7,63,0,0,48,5,53,6,34,64,12,116,36,2,38,154
02/23/2002,RAP,SD,AGL,WE,Federal Contract Tower,4,24,10,0,38,0,2,14,0,16,4,26,24,0,54,22,0,22,76
02/24/2002,RAP,SD,AGL,WE,Federal Contract Tower,6,21,17,3,47,0,0,0,0,0,6,21,17,3,47,0,0,0,47
02/25/2002,RAP,SD,AGL,WE,Federal Contract Tower,6,31,10,1,48,0,1,5,0,6,6,32,15,1,54,0,0,0,54
02/26/2002,RAP,SD,AGL,WE,Federal Contract Tower,6,35,26,2,69,0,4,38,11,53,6,39,64,13,122,54,36,90,212
02/27/2002,RAP,SD,AGL,WE,Federal Contract Tower,17,31,38,3,89,0,1,25,3,29,17,32,63,6,118,34,8,42,160
02/28/2002,RAP,SD,AGL,WE,Federal Contract Tower,6,33,15,2,56,0,0,6,0,6,6,33,21,2,62,38,2,40,102
03/01/2002,RAP,SD,AGL,WE,Federal Contract Tower,6,39,16,1,62,0,2,25,13,40,6,41,41,14,102,52,16,68,170
03/02/2002,RAP,SD,AGL,WE,Federal Contract Tower,4,28,7,4,43,0,1,36,12,49,4,29,43,16,92,96,14,110,202
03/03/2002,RAP,SD,AGL,WE,Federal Contract Tower,6,26,20,8,60,0,1,34,3,38,6,27,54,11,98,24,14,38,136
03/04/2002,RAP,SD,AGL,WE,Federal Contract Tower,6,29,14,5,54,0,0,33,2,35,6,29,47,7,89,93,0,93,182
03/05/2002,RAP,SD,AGL,WE,Federal Contract Tower,6,32,37,2,77,0,4,49,2,55,6,36,86,4,132,134,0,134,266
03/06/2002,RAP,SD,AGL,WE,Federal Contract Tower,5,41,18,3,67,0,0,0,0,0,5,41,18,3,67,10,0,10,77
03/07/2002,RAP,SD,AGL,WE,Federal Contract Tower,7,36,8,2,53,1,3,3,0,7,8,39,11,2,60,0,0,0,60
03/08/2002,RAP,SD,AGL,WE,Federal Contract Tower,3,22,7,4,36,0,0,1,0,1,3,22,8,4,37,0,0,0,37
03/09/2002,RAP,SD,AGL,WE,Federal Contract Tower,6,28,23,0,57,0,0,36,1,37,6,28,59,1,94,34,0,34,128
03/10/2002,RAP,SD,AGL,WE,Federal Contract Tower,6,25,15,1,47,0,4,36,0,40,6,29,51,1,87,66,0,66,153
03/11/2002,RAP,SD,AGL,WE,Federal Contract Tower,6,34,16,2,58,0,1,46,0,47,6,35,62,2,105,114,0,114,219
03/12/2002,RAP,SD,AGL,WE,Federal Contract Tower,6,30,30,9,75,0,0,43,3,46,6,30,73,12,121,66,60,126,247
03/13/2002,RAP,SD,AGL,WE,Federal Contract Tower,6,36,29,0,71,0,0,4,0,4,6,36,33,0,75,2,0,2,77
03/14/2002,RAP,SD,AGL,WE,Federal Contract Tower,7,36,21,1,65,0,0,2,0,2,7,36,23,1,67,0,0,0,67
03/15/2002,RAP,SD,AGL,WE,Federal Contract Tower,5,37,26,0,68,0,2,46,17,65,5,39,72,17,133,56,30,86,219
03/16/2002,RAP,SD,AGL,WE,Federal Contract Tower,6,26,13,1,46,1,2,32,19,54,7,28,45,20,100,108,16,124,224
03/17/2002,RAP,SD,AGL,WE,Federal Contract Tower,6,27,16,2,51,0,1,19,7,27,6,28,35,9,78,62,32,94,172
03/18/2002,RAP,SD,AGL,WE,Federal Contract Tower,5,33,19,6,63,0,1,17,0,18,5,34,36,6,81,12,0,12,93
03/19/2002,RAP,SD,AGL,WE,Federal Contract Tower,6,37,40,6,89,0,2,33,4,39,6,39,73,10,128,62,12,74,202
03/20/2002,RAP,SD,AGL,WE,Federal Contract Tower,5,36,19,0,60,0,0,10,0,10,5,36,29,0,70,0,0,0,70
03/21/2002,RAP,SD,AGL,WE,Federal Contract Tower,6,34,21,5,66,0,4,44,3,51,6,38,65,8,117,34,10,44,161
03/22/2002,RAP,SD,AGL,WE,Federal Contract Tower,5,33,23,1,62,0,4,53,3,60,5,37,76,4,122,66,0,66,188
03/23/2002,RAP,SD,AGL,WE,Federal Contract Tower,4,27,34,5,70,0,4,57,0,61,4,31,91,5,131,82,0,82,213
03/24/2002,RAP,SD,AGL,WE,Federal Contract Tower,7,24,7,1,39,0,0,0,0,0,7,24,7,1,39,0,0,0,39
03/25/2002,RAP,SD,AGL,WE,Federal Contract Tower,6,30,31,3,70,0,0,26,0,26,6,30,57,3,96,30,0,30,126
03/26/2002,RAP,SD,AGL,WE,Federal Contract Tower,6,33,22,10,71,0,2,50,4,56,6,35,72,14,127,54,34,88,215
03/27/2002,RAP,SD,AGL,WE,Federal Contract Tower,6,35,24,4,69,0,3,73,14,90,6,38,97,18,159,98,24,122,281
03/28/2002,RAP,SD,AGL,WE,Federal Contract Tower,6,31,14,3,54,0,0,48,4,52,6,31,62,7,106,30,6,36,142
03/29/2002,RAP,SD,AGL,WE,Federal Contract Tower,5,37,11,0,53,0,2,65,4,71,5,39,76,4,124,52,14,66,190
03/30/2002,RAP,SD,AGL,WE,Federal Contract Tower,5,27,4,0,36,0,0,34,0,34,5,27,38,0,70,22,0,22,92
03/31/2002,RAP,SD,AGL,WE,Federal Contract Tower,6,21,8,2,37,0,0,54,0,54,6,21,62,2,91,54,0,54,145
04/01/2002,RAP,SD,AGL,WE,Federal Contract Tower,2,33,11,3,49,1,0,33,0,34,3,33,44,3,83,28,0,28,111
04/02/2002,RAP,SD,AGL,WE,Federal Contract Tower,4,31,19,3,57,1,2,27,9,39,5,33,46,12,96,12,10,22,118
04/03/2002,RAP,SD,AGL,WE,Federal Contract Tower,6,30,26,1,63,0,2,26,0,28,6,32,52,1,91,22,0,22,113
04/04/2002,RAP,SD,AGL,WE,Federal Contract Tower,6,30,18,2,56,0,4,53,6,63,6,34,71,8,119,72,0,72,191
04/05/2002,RAP,SD,AGL,WE,Federal Contract Tower,6,31,11,7,55,0,3,85,13,101,6,34,96,20,156,94,22,116,272
04/06/2002,RAP,SD,AGL,WE,Federal Contract Tower,4,28,6,7,45,2,3,55,10,70,6,31,61,17,115,78,24,102,217
04/07/2002,RAP,SD,AGL,WE,Federal Contract Tower,8,22,15,6,51,0,4,33,6,43,8,26,48,12,94,56,14,70,164
04/08/2002,RAP,SD,AGL,WE,Federal Contract Tower,8,33,28,2,71,0,0,26,0,26,8,33,54,2,97,68,0,68,165
04/09/2002,RAP,SD,AGL,WE,Federal Contract Tower,8,32,15,4,59,0,0,60,3,63,8,32,75,7,122,116,4,120,242
04/10/2002,RAP,SD,AGL,WE,Federal Contract Tower,10,33,36,2,81,0,5,25,14,44,10,38,61,16,125,34,12,46,171
04/11/2002,RAP,SD,AGL,WE,Federal Contract Tower,10,33,19,2,64,0,2,30,16,48,10,35,49,18,112,80,16,96,208
04/12/2002,RAP,SD,AGL,WE,Federal Contract Tower,12,30,15,0,57,0,2,56,5,63,12,32,71,5,120,64,8,72,192
04/13/2002,RAP,SD,AGL,WE,Federal Contract Tower,7,22,6,2,37,0,2,46,0,48,7,24,52,2,85,120,0,120,205
04/14/2002,RAP,SD,AGL,WE,Federal Contract Tower,9,23,15,1,48,0,1,48,1,50,9,24,63,2,98,48,0,48,146
04/15/2002,RAP,SD,AGL,WE,Federal Contract Tower,10,30,23,2,65,0,2,39,0,41,10,32,62,2,106,50,0,50,156
04/16/2002,RAP,SD,AGL,WE,Federal Contract Tower,10,36,20,2,68,0,2,14,10,26,10,38,34,12,94,32,4,36,130
04/17/2002,RAP,SD,AGL,WE,Federal Contract Tower,10,37,29,4,80,0,3,38,3,44,10,40,67,7,124,40,14,54,178
04/18/2002,RAP,SD,AGL,WE,Federal Contract Tower,12,35,15,0,62,0,4,31,8,43,12,39,46,8,105,34,14,48,153
04/19/2002,RAP,SD,AGL,WE,Federal Contract Tower,10,30,21,0,61,0,2,32,6,40,10,32,53,6,101,28,0,28,129
04/20/2002,RAP,SD,AGL,WE,Federal Contract Tower,7,27,11,0,45,0,0,31,2,33,7,27,42,2,78,84,0,84,162
04/21/2002,RAP,SD,AGL,WE,Federal Contract Tower,9,18,6,0,33,0,0,4,1,5,9,18,10,1,38,22,0,22,60
04/22/2002,RAP,SD,AGL,WE,Federal Contract Tower,10,32,13,4,59,0,4,47,1,52,10,36,60,5,111,76,0,76,187
04/23/2002,RAP,SD,AGL,WE,Federal Contract Tower,10,29,26,2,67,0,0,23,13,36,10,29,49,15,103,26,10,36,139
04/24/2002,RAP,SD,AGL,WE,Federal Contract Tower,10,30,34,5,79,0,0,30,7,37,10,30,64,12,116,30,10,40,156
04/25/2002,RAP,SD,AGL,WE,Federal Contract Tower,10,33,29,0,72,0,1,57,2,60,10,34,86,2,132,82,0,82,214
04/26/2002,RAP,SD,AGL,WE,Federal Contract Tower,10,29,21,0,60,0,0,34,5,39,10,29,55,5,99,18,16,34,133
04/27/2002,RAP,SD,AGL,WE,Federal Contract Tower,8,23,18,0,49,0,0,0,0,0,8,23,18,0,49,8,0,8,57
04/28/2002,RAP,SD,AGL,WE,Federal Contract Tower,9,17,20,2,48,0,1,59,0,60,9,18,79,2,108,66,0,66,174
04/29/2002,RAP,SD,AGL,WE,Federal Contract Tower,11,32,12,3,58,0,2,79,2,83,11,34,91,5,141,138,0,138,279
04/30/2002,RAP,SD,AGL,WE,Federal Contract Tower,9,32,15,0,56,0,0,20,19,39,9,32,35,19,95,0,14,14,109
05/01/2002,RAP,SD,AGL,WE,Federal Contract Tower,10,34,27,1,72,0,1,19,0,20,10,35,46,1,92,32,0,32,124
05/02/2002,RAP,SD,AGL,WE,Federal Contract Tower,10,32,29,1,72,0,2,69,5,76,10,34,98,6,148,102,20,122,270
05/03/2002,RAP,SD,AGL,WE,Federal Contract Tower,10,27,15,4,56,0,4,58,3,65,10,31,73,7,121,86,0,86,207
05/04/2002,RAP,SD,AGL,WE,Federal Contract Tower,10,23,21,2,56,0,4,49,0,53,10,27,70,2,109,38,0,38,147
05/05/2002,RAP,SD,AGL,WE,Federal Contract Tower,9,19,15,0,43,0,4,68,2,74,9,23,83,2,117,28,0,28,145
05/06/2002,RAP,SD,AGL,WE,Federal Contract Tower,10,29,33,4,76,0,4,25,0,29,10,33,58,4,105,36,0,36,141
05/07/2002,RAP,SD,AGL,WE,Federal Contract Tower,10,36,10,2,58,0,3,5,0,8,10,39,15,2,66,0,0,0,66
05/08/2002,RAP,SD,AGL,WE,Federal Contract Tower,7,32,46,2,87,0,1,21,8,30,7,33,67,10,117,8,0,8,125
05/09/2002,RAP,SD,AGL,WE,Federal Contract Tower,10,30,38,0,78,0,0,46,3,49,10,30,84,3,127,36,8,44,171
05/10/2002,RAP,SD,AGL,WE,Federal Contract Tower,9,33,29,0,71,0,0,49,6,55,9,33,78,6,126,50,0,50,176
05/11/2002,RAP,SD,AGL,WE,Federal Contract Tower,10,25,14,0,49,0,0,1,0,1,10,25,15,0,50,6,0,6,56
05/12/2002,RAP,SD,AGL,WE,Federal Contract Tower,10,20,17,0,47,0,0,30,0,30,10,20,47,0,77,30,0,30,107
05/13/2002,RAP,SD,AGL,WE,Federal Contract Tower,10,29,15,0,54,0,2,117,9,128,10,31,132,9,182,220,26,246,428
05/14/2002,RAP,SD,AGL,WE,Federal Contract Tower,10,37,15,2,64,0,2,59,4,65,10,39,74,6,129,100,0,100,229
05/15/2002,RAP,SD,AGL,WE,Federal Contract Tower,10,33,17,2,62,0,1,46,1,48,10,34,63,3,110,82,0,82,192
05/16/2002,RAP,SD,AGL,WE,Federal Contract Tower,9,32,26,3,70,1,1,35,6,43,10,33,61,9,113,108,8,116,229
05/17/2002,RAP,SD,AGL,WE,Federal Contract Tower,10,33,25,4,72,0,2,30,5,37,10,35,55,9,109,42,0,42,151
05/18/2002,RAP,SD,AGL,WE,Federal Contract Tower,10,22,8,2,42,0,2,51,5,58,10,24,59,7,100,66,4,70,170
05/19/2002,RAP,SD,AGL,WE,Federal Contract Tower,10,21,16,1,48,0,4,37,4,45,10,25,53,5,93,30,14,44,137
05/20/2002,RAP,SD,AGL,WE,Federal Contract Tower,9,33,24,2,68,0,4,32,0,36,9,37,56,2,104,48,0,48,152
05/21/2002,RAP,SD,AGL,WE,Federal Contract Tower,11,34,15,2,62,0,4,33,7,44,11,38,48,9,106,10,0,10,116
05/22/2002,RAP,SD,AGL,WE,Federal Contract Tower,10,33,29,2,74,0,4,34,4,42,10,37,63,6,116,28,0,28,144
05/23/2002,RAP,SD,AGL,WE,Federal Contract Tower,11,31,43,3,88,0,0,27,6,33,11,31,70,9,121,10,8,18,139
05/24/2002,RAP,SD,AGL,WE,Federal Contract Tower,11,29,41,0,81,0,0,69,3,72,11,29,110,3,153,58,0,58,211
05/25/2002,RAP,SD,AGL,WE,Federal Contract Tower,10,23,19,1,53,0,0,52,0,52,10,23,71,1,105,76,0,76,181
05/26/2002,RAP,SD,AGL,WE,Federal Contract Tower,10,20,13,0,43,0,0,46,0,46,10,20,59,0,89,42,0,42,131
05/27/2002,RAP,SD,AGL,WE,Federal Contract Tower,11,19,22,0,52,0,0,60,0,60,11,19,82,0,112,80,0,80,192
05/28/2002,RAP,SD,AGL,WE,Federal Contract Tower,12,32,21,1,66,0,2,55,0,57,12,34,76,1,123,116,0,116,239
05/29/2002,RAP,SD,AGL,WE,Federal Contract Tower,10,36,39,1,86,0,3,74,3,80,10,39,113,4,166,92,8,100,266
05/30/2002,RAP,SD,AGL,WE,Federal Contract Tower,12,33,22,1,68,0,3,87,13,103,12,36,109,14,171,106,16,122,293
05/31/2002,RAP,SD,AGL,WE,Federal Contract Tower,10,31,30,5,76,0,2,48,7,57,10,33,78,12,133,14,4,18,151
06/01/2002,RAP,SD,AGL,WE,Federal Contract Tower,9,23,10,1,43,0,1,59,9,69,9,24,69,10,112,46,0,46,158
06/02/2002,RAP,SD,AGL,WE,Federal Contract Tower,9,24,13,0,46,0,2,51,2,55,9,26,64,2,101,30,0,30,131
06/03/2002,RAP,SD,AGL,WE,Federal Contract Tower,8,37,35,0,80,0,4,47,0,51,8,41,82,0,131,92,0,92,223
06/04/2002,RAP,SD,AGL,WE,Federal Contract Tower,10,30,30,7,77,0,2,59,12,73,10,32,89,19,150,48,18,66,216
06/05/2002,RAP,SD,AGL,WE,Federal Contract Tower,10,41,29,8,88,0,4,74,2,80,10,45,103,10,168,64,12,76,244
06/06/2002,RAP,SD,AGL,WE,Federal Contract Tower,9,42,43,3,97,0,4,58,2,64,9,46,101,5,161,66,8,74,235
06/07/2002,RAP,SD,AGL,WE,Federal Contract Tower,9,30,22,6,67,0,1,53,4,58,9,31,75,10,125,18,10,28,153
06/08/2002,RAP,SD,AGL,WE,Federal Contract Tower,19,27,32,2,80,0,0,45,3,48,19,27,77,5,128,68,8,76,204
06/09/2002,RAP,SD,AGL,WE,Federal Contract Tower,14,24,15,4,57,0,0,31,21,52,14,24,46,25,109,32,0,32,141
06/10/2002,RAP,SD,AGL,WE,Federal Contract Tower,11,32,29,5,77,0,2,54,23,79,11,34,83,28,156,58,22,80,236
06/11/2002,RAP,SD,AGL,WE,Federal Contract Tower,14,29,26,4,73,0,2,46,16,64,14,31,72,20,137,46,16,62,199
06/12/2002,RAP,SD,AGL,WE,Federal Contract Tower,12,33,19,17,81,0,1,77,14,92,12,34,96,31,173,52,0,52,225
06/13/2002,RAP,SD,AGL,WE,Federal Contract Tower,12,39,32,17,100,0,1,76,34,111,12,40,108,51,211,48,38,86,297
06/14/2002,RAP,SD,AGL,WE,Federal Contract Tower,11,37,32,5,85,0,2,100,49,151,11,39,132,54,236,56,36,92,328
06/15/2002,RAP,SD,AGL,WE,Federal Contract Tower,11,27,21,10,69,0,1,75,38,114,11,28,96,48,183,44,0,44,227
06/16/2002,RAP,SD,AGL,WE,Federal Contract Tower,11,27,11,1,50,0,1,71,38,110,11,28,82,39,160,46,0,46,206
06/17/2002,RAP,SD,AGL,WE,Federal Contract Tower,11,38,22,10,81,0,4,69,28,101,11,42,91,38,182,32,18,50,232
06/18/2002,RAP,SD,AGL,WE,Federal Contract Tower,12,38,40,4,94,0,4,62,17,83,12,42,102,21,177,44,10,54,231
06/19/2002,RAP,SD,AGL,WE,Federal Contract Tower,11,35,44,4,94,0,4,45,14,63,11,39,89,18,157,62,0,62,219
06/20/2002,RAP,SD,AGL,WE,Federal Contract Tower,12,34,33,7,86,0,2,61,23,86,12,36,94,30,172,46,36,82,254
06/21/2002,RAP,SD,AGL,WE,Federal Contract Tower,8,37,26,4,75,0,1,63,21,85,8,38,89,25,160,62,26,88,248
06/22/2002,RAP,SD,AGL,WE,Federal Contract Tower,16,25,25,6,72,0,1,60,6,67,16,26,85,12,139,88,0,88,227
06/23/2002,RAP,SD,AGL,WE,Federal Contract Tower,12,26,21,1,60,0,2,100,10,112,12,28,121,11,172,36,0,36,208
06/24/2002,RAP,SD,AGL,WE,Federal Contract Tower,11,30,24,4,69,1,3,45,9,58,12,33,69,13,127,30,0,30,157
06/25/2002,RAP,SD,AGL,WE,Federal Contract Tower,12,32,24,1,69,0,4,74,5,83,12,36,98,6,152,42,0,42,194
06/26/2002,RAP,SD,AGL,WE,Federal Contract Tower,11,35,38,4,88,0,2,81,10,93,11,37,119,14,181,58,10,68,249
06/27/2002,RAP,SD,AGL,WE,Federal Contract Tower,12,35,44,1,92,0,1,84,14,99,12,36,128,15,191,60,18,78,269
06/28/2002,RAP,SD,AGL,WE,Federal Contract Tower,11,34,31,0,76,1,0,88,3,92,12,34,119,3,168,44,0,44,212
06/29/2002,RAP,SD,AGL,WE,Federal Contract Tower,13,32,23,0,68,0,0,121,9,130,13,32,144,9,198,12,0,12,210
06/30/2002,RAP,SD,AGL,WE,Federal Contract Tower,14,27,27,2,70,0,1,147,11,159,14,28,174,13,229,28,0,28,257
07/01/2002,RAP,SD,AGL,WE,Federal Contract Tower,10,29,40,2,81,0,1,72,3,76,10,30,112,5,157,10,0,10,167
07/02/2002,RAP,SD,AGL,WE,Federal Contract Tower,11,35,27,10,83,0,5,91,5,101,11,40,118,15,184,54,0,54,238
07/03/2002,RAP,SD,AGL,WE,Federal Contract Tower,13,39,36,1,89,0,0,93,2,95,13,39,129,3,184,48,0,48,232
07/04/2002,RAP,SD,AGL,WE,Federal Contract Tower,10,20,13,0,43,0,2,55,6,63,10,22,68,6,106,26,0,26,132
07/05/2002,RAP,SD,AGL,WE,Federal Contract Tower,12,33,29,0,74,0,2,54,1,57,12,35,83,1,131,32,0,32,163
07/06/2002,RAP,SD,AGL,WE,Federal Contract Tower,12,26,25,2,65,0,2,88,4,94,12,28,113,6,159,62,0,62,221
07/07/2002,RAP,SD,AGL,WE,Federal Contract Tower,12,28,36,0,76,0,1,77,0,78,12,29,113,0,154,32,0,32,186
07/08/2002,RAP,SD,AGL,WE,Federal Contract Tower,10,32,37,8,87,0,0,46,1,47,10,32,83,9,134,26,0,26,160
07/09/2002,RAP,SD,AGL,WE,Federal Contract Tower,15,33,31,8,87,0,0,80,5,85,15,33,111,13,172,88,12,100,272
07/10/2002,RAP,SD,AGL,WE,Federal Contract Tower,13,37,29,4,83,0,5,73,2,80,13,42,102,6,163,32,6,38,201
07/11/2002,RAP,SD,AGL,WE,Federal Contract Tower,12,37,51,4,104,0,0,48,11,59,12,37,99,15,163,48,16,64,227
07/12/2002,RAP,SD,AGL,WE,Federal Contract Tower,11,34,39,5,89,0,1,94,7,102,11,35,133,12,191,52,12,64,255
07/13/2002,RAP,SD,AGL,WE,Federal Contract Tower,14,34,16,1,65,0,0,61,0,61,14,34,77,1,126,34,0,34,160
07/14/2002,RAP,SD,AGL,WE,Federal Contract Tower,12,34,23,1,70,0,0,35,3,38,12,34,58,4,108,0,0,0,108
07/15/2002,RAP,SD,AGL,WE,Federal Contract Tower,13,35,21,4,73,0,0,44,0,44,13,35,65,4,117,32,0,32,149
07/16/2002,RAP,SD,AGL,WE,Federal Contract Tower,11,34,16,1,62,0,0,62,25,87,11,34,78,26,149,4,0,4,153
07/17/2002,RAP,SD,AGL,WE,Federal Contract Tower,10,34,21,0,65,0,2,89,14,105,10,36,110,14,170,46,0,46,216
07/18/2002,RAP,SD,AGL,WE,Federal Contract Tower,11,39,24,0,74,0,2,57,5,64,11,41,81,5,138,54,0,54,192
07/19/2002,RAP,SD,AGL,WE,Federal Contract Tower,17,33,32,1,83,4,2,72,5,83,21,35,104,6,166,52,0,52,218
07/20/2002,RAP,SD,AGL,WE,Federal Contract Tower,11,26,22,1,60,0,2,84,22,108,11,28,106,23,168,34,32,66,234
07/21/2002,RAP,SD,AGL,WE,Federal Contract Tower,12,28,35,0,75,0,2,67,0,69,12,30,102,0,144,28,0,28,172
07/22/2002,RAP,SD,AGL,WE,Federal Contract Tower,12,36,35,8,91,0,0,89,0,89,12,36,124,8,180,28,0,28,208
07/23/2002,RAP,SD,AGL,WE,Federal Contract Tower,12,38,25,3,78,0,4,81,2,87,12,42,106,5,165,76,0,76,241
07/24/2002,RAP,SD,AGL,WE,Federal Contract Tower,12,31,13,1,57,0,0,72,1,73,12,31,85,2,130,28,2,30,160
07/25/2002,RAP,SD,AGL,WE,Federal Contract Tower,12,42,49,4,107,0,0,77,8,85,12,42,126,12,192,22,4,26,218
07/26/2002,RAP,SD,AGL,WE,Federal Contract Tower,12,36,39,0,87,0,0,116,2,118,12,36,155,2,205,8,0,8,213
07/27/2002,RAP,SD,AGL,WE,Federal Contract Tower,12,25,32,1,70,0,0,72,1,73,12,25,104,2,143,36,0,36,179
07/28/2002,RAP,SD,AGL,WE,Federal Contract Tower,10,29,40,3,82,0,2,86,1,89,10,31,126,4,171,46,0,46,217
07/29/2002,RAP,SD,AGL,WE,Federal Contract Tower,11,39,27,0,77,0,1,75,0,76,11,40,102,0,153,22,0,22,175
07/30/2002,RAP,SD,AGL,WE,Federal Contract Tower,12,41,23,6,82,0,2,106,6,114,12,43,129,12,196,72,0,72,268
07/31/2002,RAP,SD,AGL,WE,Federal Contract Tower,11,37,34,0,82,0,1,96,10,107,11,38,130,10,189,64,0,64,253
08/01/2002,RAP,SD,AGL,WE,Federal Contract Tower,12,42,44,3,101,1,2,75,9,87,13,44,119,12,188,58,8,66,254
08/02/2002,RAP,SD,AGL,WE,Federal Contract Tower,13,35,34,3,85,1,2,75,14,92,14,37,109,17,177,32,0,32,209
08/03/2002,RAP,SD,AGL,WE,Federal Contract Tower,12,24,37,3,76,0,1,73,11,85,12,25,110,14,161,40,0,40,201
08/04/2002,RAP,SD,AGL,WE,Federal Contract Tower,12,29,59,3,103,0,0,60,7,67,12,29,119,10,170,30,0,30,200
08/05/2002,RAP,SD,AGL,WE,Federal Contract Tower,11,43,32,3,89,0,7,30,0,37,11,50,62,3,126,18,0,18,144
08/06/2002,RAP,SD,AGL,WE,Federal Contract Tower,12,46,40,3,101,0,0,78,2,80,12,46,118,5,181,30,0,30,211
08/07/2002,RAP,SD,AGL,WE,Federal Contract Tower,14,42,49,3,108,0,0,76,14,90,14,42,125,17,198,40,8,48,246
08/08/2002,RAP,SD,AGL,WE,Federal Contract Tower,12,42,45,6,105,0,0,47,15,62,12,42,92,21,167,16,24,40,207
08/09/2002,RAP,SD,AGL,WE,Federal Contract Tower,12,40,46,4,102,0,0,84,10,94,12,40,130,14,196,110,0,110,306
08/10/2002,RAP,SD,AGL,WE,Federal Contract Tower,14,41,37,0,92,0,0,70,8,78,14,41,107,8,170,32,0,32,202
08/11/2002,RAP,SD,AGL,WE,Federal Contract Tower,15,36,47,1,99,0,0,62,2,64,15,36,109,3,163,34,0,34,197
08/12/2002,RAP,SD,AGL,WE,Federal Contract Tower,13,44,23,5,85,0,2,45,0,47,13,46,68,5,132,112,0,112,244
08/13/2002,RAP,SD,AGL,WE,Federal Contract Tower,12,40,22,5,79,0,1,56,9,66,12,41,78,14,145,58,0,58,203
08/14/2002,RAP,SD,AGL,WE,Federal Contract Tower,13,43,33,2,91,2,0,60,3,65,15,43,93,5,156,74,0,74,230
08/15/2002,RAP,SD,AGL,WE,Federal Contract Tower,14,43,32,1,90,0,1,57,9,67,14,44,89,10,157,72,0,72,229
08/16/2002,RAP,SD,AGL,WE,Federal Contract Tower,11,42,24,8,85,0,3,55,5,63,11,45,79,13,148,48,6,54,202
08/17/2002,RAP,SD,AGL,WE,Federal Contract Tower,14,32,19,1,66,0,3,176,13,192,14,35,195,14,258,38,0,38,296
08/18/2002,RAP,SD,AGL,WE,Federal Contract Tower,12,34,24,0,70,0,3,101,28,132,12,37,125,28,202,36,10,46,248
08/19/2002,RAP,SD,AGL,WE,Federal Contract Tower,13,44,40,2,99,0,3,138,13,154,13,47,178,15,253,10,0,10,263
08/20/2002,RAP,SD,AGL,WE,Federal Contract Tower,13,42,32,0,87,0,3,110,4,117,13,45,142,4,204,54,2,56,260
08/21/2002,RAP,SD,AGL,WE,Federal Contract Tower,12,45,45,0,102,0,3,36,6,45,12,48,81,6,147,40,0,40,187
08/22/2002,RAP,SD,AGL,WE,Federal Contract Tower,12,44,42,3,101,0,7,67,5,79,12,51,109,8,180,60,0,60,240
08/23/2002,RAP,SD,AGL,WE,Federal Contract Tower,12,43,41,0,96,0,0,77,5,82,12,43,118,5,178,28,10,38,216
08/24/2002,RAP,SD,AGL,WE,Federal Contract Tower,12,30,19,5,66,0,0,50,16,66,12,30,69,21,132,52,40,92,224
08/25/2002,RAP,SD,AGL,WE,Federal Contract Tower,12,29,13,3,57,0,0,78,15,93,12,29,91,18,150,122,8,130,280
08/26/2002,RAP,SD,AGL,WE,Federal Contract Tower,12,32,23,3,70,0,0,67,1,68,12,32,90,4,138,72,0,72,210
08/27/2002,RAP,SD,AGL,WE,Federal Contract Tower,14,41,24,3,82,0,0,63,6,69,14,41,87,9,151,102,0,102,253
08/28/2002,RAP,SD,AGL,WE,Federal Contract Tower,12,39,20,3,74,0,1,53,2,56,12,40,73,5,130,82,16,98,228
08/29/2002,RAP,SD,AGL,WE,Federal Contract Tower,12,35,19,4,70,0,1,59,8,68,12,36,78,12,138,46,0,46,184
08/30/2002,RAP,SD,AGL,WE,Federal Contract Tower,11,44,25,1,81,0,0,65,3,68,11,44,90,4,149,64,0,64,213
08/31/2002,RAP,SD,AGL,WE,Federal Contract Tower,12,28,26,0,66,0,2,58,2,62,12,30,84,2,128,70,0,70,198
09/01/2002,RAP,SD,AGL,WE,Federal Contract Tower,10,22,18,2,52,1,10,42,3,56,11,32,60,5,108,42,0,42,150
09/02/2002,RAP,SD,AGL,WE,Federal Contract Tower,11,26,21,0,58,0,6,55,0,61,11,32,76,0,119,24,0,24,143
09/03/2002,RAP,SD,AGL,WE,Federal Contract Tower,11,40,25,4,80,0,3,58,0,61,11,43,83,4,141,34,0,34,175
09/04/2002,RAP,SD,AGL,WE,Federal Contract Tower,12,46,14,5,77,0,7,58,16,81,12,53,72,21,158,24,20,44,202
09/05/2002,RAP,SD,AGL,WE,Federal Contract Tower,14,35,43,5,97,0,0,106,12,118,14,35,149,17,215,42,16,58,273
09/06/2002,RAP,SD,AGL,WE,Federal Contract Tower,16,35,34,7,92,4,0,72,18,94,20,35,106,25,186,50,16,66,252
09/07/2002,RAP,SD,AGL,WE,Federal Contract Tower,16,24,16,0,56,0,0,51,17,68,16,24,67,17,124,96,34,130,254
09/08/2002,RAP,SD,AGL,WE,Federal Contract Tower,14,24,17,5,60,2,0,38,3,43,16,24,55,8,103,18,14,32,135
09/09/2002,RAP,SD,AGL,WE,Federal Contract Tower,14,30,31,9,84,0,0,9,9,18,14,30,40,18,102,32,18,50,152
09/10/2002,RAP,SD,AGL,WE,Federal Contract Tower,14,35,28,0,77,0,1,47,6,54,14,36,75,6,131,24,8,32,163
09/11/2002,RAP,SD,AGL,WE,Federal Contract Tower,14,40,31,6,91,0,0,61,3,64,14,40,92,9,155,26,14,40,195
09/12/2002,RAP,SD,AGL,WE,Federal Contract Tower,14,34,26,8,82,0,0,39,13,52,14,34,65,21,134,22,14,36,170
09/13/2002,RAP,SD,AGL,WE,Federal Contract Tower,14,35,44,8,101,0,1,32,8,41,14,36,76,16,142,64,16,80,222
09/14/2002,RAP,SD,AGL,WE,Federal Contract Tower,14,28,24,9,75,0,1,76,21,98,14,29,100,30,173,88,14,102,275
09/15/2002,RAP,SD,AGL,WE,Federal Contract Tower,14,27,28,5,74,0,2,80,3,85,14,29,108,8,159,102,0,102,261
09/16/2002,RAP,SD,AGL,WE,Federal Contract Tower,14,33,19,0,66,0,2,72,2,76,14,35,91,2,142,44,0,44,186
09/17/2002,RAP,SD,AGL,WE,Federal Contract Tower,12,35,46,11,104,0,2,76,7,85,12,37,122,18,189,88,18,106,295
09/18/2002,RAP,SD,AGL,WE,Federal Contract Tower,14,32,35,1,82,0,2,15,0,17,14,34,50,1,99,4,0,4,103
09/19/2002,RAP,SD,AGL,WE,Federal Contract Tower,14,35,38,1,88,0,2,76,6,84,14,37,114,7,172,76,4,80,252
09/20/2002,RAP,SD,AGL,WE,Federal Contract Tower,14,33,29,6,82,0,0,40,7,47,14,33,69,13,129,38,10,48,177
09/21/2002,RAP,SD,AGL,WE,Federal Contract Tower,14,26,30,0,70,0,0,40,1,41,14,26,70,1,111,56,0,56,167
09/22/2002,RAP,SD,AGL,WE,Federal Contract Tower,13,22,15,0,50,0,0,70,0,70,13,22,85,0,120,82,0,82,202
09/23/2002,RAP,SD,AGL,WE,Federal Contract Tower,14,32,25,0,71,0,0,54,0,54,14,32,79,0,125,90,0,90,215
09/24/2002,RAP,SD,AGL,WE,Federal Contract Tower,14,35,28,7,84,0,4,70,11,85,14,39,98,18,169,42,36,78,247
09/25/2002,RAP,SD,AGL,WE,Federal Contract Tower,14,40,33,3,90,0,1,29,5,35,14,41,62,8,125,12,8,20,145
09/26/2002,RAP,SD,AGL,WE,Federal Contract Tower,14,39,24,9,86,0,1,71,19,91,14,40,95,28,177,72,40,112,289
09/27/2002,RAP,SD,AGL,WE,Federal Contract Tower,13,33,47,2,95,0,1,81,24,106,13,34,128,26,201,118,26,144,345
09/28/2002,RAP,SD,AGL,WE,Federal Contract Tower,14,36,23,1,74,0,0,11,0,11,14,36,34,1,85,8,0,8,93
09/29/2002,RAP,SD,AGL,WE,Federal Contract Tower,16,26,20,2,64,0,1,48,1,50,16,27,68,3,114,42,0,42,156
09/30/2002,RAP,SD,AGL,WE,Federal Contract Tower,14,33,25,2,74,0,0,33,0,33,14,33,58,2,107,28,0,28,135
10/01/2002,RAP,SD,AGL,WE,Federal Contract Tower,13,34,15,0,62,0,2,27,10,39,13,36,42,10,101,32,30,62,163
10/02/2002,RAP,SD,AGL,WE,Federal Contract Tower,12,35,36,1,84,0,2,26,2,30,12,37,62,3,114,30,0,30,144
10/03/2002,RAP,SD,AGL,WE,Federal Contract Tower,12,33,38,10,93,0,2,49,8,59,12,35,87,18,152,38,12,50,202
10/04/2002,RAP,SD,AGL,WE,Federal Contract Tower,12,38,23,8,81,0,2,31,11,44,12,40,54,19,125,28,30,58,183
10/05/2002,RAP,SD,AGL,WE,Federal Contract Tower,12,23,12,5,52,0,3,39,10,52,12,26,51,15,104,42,28,70,174
10/06/2002,RAP,SD,AGL,WE,Federal Contract Tower,12,23,11,9,55,0,1,38,0,39,12,24,49,9,94,18,0,18,112
10/07/2002,RAP,SD,AGL,WE,Federal Contract Tower,12,31,25,5,73,0,1,57,0,58,12,32,82,5,131,50,0,50,181
10/08/2002,RAP,SD,AGL,WE,Federal Contract Tower,12,32,31,2,77,0,0,36,3,39,12,32,67,5,116,38,0,38,154
10/09/2002,RAP,SD,AGL,WE,Federal Contract Tower,12,33,33,1,79,0,3,90,4,97,12,36,123,5,176,62,0,62,238
10/10/2002,RAP,SD,AGL,WE,Federal Contract Tower,12,34,26,1,73,0,2,70,27,99,12,36,96,28,172,92,24,116,288
10/11/2002,RAP,SD,AGL,WE,Federal Contract Tower,12,31,28,1,72,0,3,31,2,36,12,34,59,3,108,0,0,0,108
10/12/2002,RAP,SD,AGL,WE,Federal Contract Tower,12,29,23,1,65,0,2,27,0,29,12,31,50,1,94,0,0,0,94
10/13/2002,RAP,SD,AGL,WE,Federal Contract Tower,12,20,16,0,48,0,0,52,0,52,12,20,68,0,100,24,0,24,124
10/14/2002,RAP,SD,AGL,WE,Federal Contract Tower,12,27,17,2,58,0,4,39,0,43,12,31,56,2,101,0,0,0,101
10/15/2002,RAP,SD,AGL,WE,Federal Contract Tower,16,39,22,2,79,0,5,50,0,55,16,44,72,2,134,32,0,32,166
10/16/2002,RAP,SD,AGL,WE,Federal Contract Tower,12,38,32,8,90,0,2,42,12,56,12,40,74,20,146,18,8,26,172
10/17/2002,RAP,SD,AGL,WE,Federal Contract Tower,12,31,14,6,63,0,2,50,16,68,12,33,64,22,131,58,24,82,213
10/18/2002,RAP,SD,AGL,WE,Federal Contract Tower,12,36,23,4,75,0,0,49,7,56,12,36,72,11,131,90,0,90,221
10/19/2002,RAP,SD,AGL,WE,Federal Contract Tower,12,24,22,0,58,0,2,38,0,40,12,26,60,0,98,28,0,28,126
10/20/2002,RAP,SD,AGL,WE,Federal Contract Tower,12,23,21,2,58,0,0,22,0,22,12,23,43,2,80,24,0,24,104
10/21/2002,RAP,SD,AGL,WE,Federal Contract Tower,14,40,23,0,77,0,0,32,0,32,14,40,55,0,109,30,0,30,139
10/22/2002,RAP,SD,AGL,WE,Federal Contract Tower,12,31,5,0,48,0,0,0,0,0,12,31,5,0,48,0,0,0,48
10/23/2002,RAP,SD,AGL,WE,Federal Contract Tower,16,38,39,0,93,0,0,0,0,0,16,38,39,0,93,0,0,0,93
10/24/2002,RAP,SD,AGL,WE,Federal Contract Tower,12,32,28,14,86,0,2,32,13,47,12,34,60,27,133,34,12,46,179
10/25/2002,RAP,SD,AGL,WE,Federal Contract Tower,12,26,30,0,68,0,1,39,4,44,12,27,69,4,112,46,0,46,158
10/26/2002,RAP,SD,AGL,WE,Federal Contract Tower,11,28,20,2,61,0,2,15,2,19,11,30,35,4,80,44,0,44,124
10/27/2002,RAP,SD,AGL,WE,Federal Contract Tower,11,26,12,1,50,0,0,1,0,1,11,26,13,1,51,0,0,0,51
10/28/2002,RAP,SD,AGL,WE,Federal Contract Tower,11,37,35,1,84,0,4,15,0,19,11,41,50,1,103,14,0,14,117
10/29/2002,RAP,SD,AGL,WE,Federal Contract Tower,12,30,9,1,52,0,0,0,0,0,12,30,9,1,52,0,0,0,52
10/30/2002,RAP,SD,AGL,WE,Federal Contract Tower,16,30,32,4,82,0,2,15,9,26,16,32,47,13,108,32,10,42,150
10/31/2002,RAP,SD,AGL,WE,Federal Contract Tower,14,23,33,0,70,0,2,28,8,38,14,25,61,8,108,48,8,56,164
11/01/2002,RAP,SD,AGL,WE,Federal Contract Tower,12,35,31,6,84,0,2,45,20,67,12,37,76,26,151,32,30,62,213
11/02/2002,RAP,SD,AGL,WE,Federal Contract Tower,11,22,15,1,49,0,2,41,1,44,11,24,56,2,93,26,2,28,121
11/03/2002,RAP,SD,AGL,WE,Federal Contract Tower,11,23,14,5,53,0,2,45,0,47,11,25,59,5,100,68,0,68,168
11/04/2002,RAP,SD,AGL,WE,Federal Contract Tower,12,29,29,6,76,0,0,36,1,37,12,29,65,7,113,18,0,18,131
11/05/2002,RAP,SD,AGL,WE,Federal Contract Tower,12,32,23,0,67,0,12,29,4,45,12,44,52,4,112,12,0,12,124
11/06/2002,RAP,SD,AGL,WE,Federal Contract Tower,11,30,16,9,66,0,0,55,5,60,11,30,71,14,126,44,26,70,196
11/07/2002,RAP,SD,AGL,WE,Federal Contract Tower,12,28,33,7,80,0,0,46,10,56,12,28,79,17,136,32,36,68,204
11/08/2002,RAP,SD,AGL,WE,Federal Contract Tower,12,28,25,7,72,0,0,65,18,83,12,28,90,25,155,54,16,70,225
11/09/2002,RAP,SD,AGL,WE,Federal Contract Tower,11,26,7,2,46,0,1,47,0,48,11,27,54,2,94,68,0,68,162
11/10/2002,RAP,SD,AGL,WE,Federal Contract Tower,11,26,10,0,47,0,1,10,0,11,11,27,20,0,58,0,0,0,58
11/11/2002,RAP,SD,AGL,WE,Federal Contract Tower,12,35,13,0,60,0,0,22,0,22,12,35,35,0,82,2,0,2,84
11/12/2002,RAP,SD,AGL,WE,Federal Contract Tower,12,31,28,6,77,0,2,40,0,42,12,33,68,6,119,46,0,46,165
11/13/2002,RAP,SD,AGL,WE,Federal Contract Tower,12,31,28,2,73,0,3,38,1,42,12,34,66,3,115,56,0,56,171
11/14/2002,RAP,SD,AGL,WE,Federal Contract Tower,12,34,25,6,77,0,2,30,6,38,12,36,55,12,115,40,20,60,175
11/15/2002,RAP,SD,AGL,WE,Federal Contract Tower,12,35,24,4,75,0,2,43,2,47,12,37,67,6,122,22,0,22,144
11/16/2002,RAP,SD,AGL,WE,Federal Contract Tower,13,25,9,2,49,0,2,48,24,74,13,27,57,26,123,68,46,114,237
11/17/2002,RAP,SD,AGL,WE,Federal Contract Tower,11,27,9,6,53,0,2,30,20,52,11,29,39,26,105,36,32,68,173
11/18/2002,RAP,SD,AGL,WE,Federal Contract Tower,13,30,15,3,61,0,2,28,0,30,13,32,43,3,91,48,0,48,139
11/19/2002,RAP,SD,AGL,WE,Federal Contract Tower,12,32,21,6,71,0,3,41,3,47,12,35,62,9,118,54,18,72,190
11/20/2002,RAP,SD,AGL,WE,Federal Contract Tower,11,29,26,1,67,0,1,33,6,40,11,30,59,7,107,22,0,22,129
11/21/2002,RAP,SD,AGL,WE,Federal Contract Tower,12,32,33,10,87,0,0,50,7,57,12,32,83,17,144,46,28,74,218
11/22/2002,RAP,SD,AGL,WE,Federal Contract Tower,12,30,30,2,74,0,0,44,10,54,12,30,74,12,128,18,8,26,154
11/23/2002,RAP,SD,AGL,WE,Federal Contract Tower,10,21,14,1,46,0,0,5,0,5,10,21,19,1,51,2,0,2,53
11/24/2002,RAP,SD,AGL,WE,Federal Contract Tower,13,25,6,1,45,0,0,20,0,20,13,25,26,1,65,30,0,30,95
11/25/2002,RAP,SD,AGL,WE,Federal Contract Tower,14,30,21,2,67,0,0,19,0,19,14,30,40,2,86,12,0,12,98
11/26/2002,RAP,SD,AGL,WE,Federal Contract Tower,12,33,26,0,71,2,1,24,21,48,14,34,50,21,119,10,20,30,149
11/27/2002,RAP,SD,AGL,WE,Federal Contract Tower,14,34,24,2,74,0,2,26,10,38,14,36,50,12,112,50,2,52,164
11/28/2002,RAP,SD,AGL,WE,Federal Contract Tower,10,18,5,0,33,0,0,30,0,30,10,18,35,0,63,34,0,34,97
11/29/2002,RAP,SD,AGL,WE,Federal Contract Tower,10,23,6,0,39,0,2,24,0,26,10,25,30,0,65,0,0,0,65
11/30/2002,RAP,SD,AGL,WE,Federal Contract Tower,11,22,14,0,47,0,2,52,0,54,11,24,66,0,101,52,0,52,153
12/01/2002,RAP,SD,AGL,WE,Federal Contract Tower,11,24,12,1,48,0,2,63,1,66,11,26,75,2,114,42,0,42,156
12/02/2002,RAP,SD,AGL,WE,Federal Contract Tower,10,32,16,3,61,0,2,15,0,17,10,34,31,3,78,0,0,0,78
12/03/2002,RAP,SD,AGL,WE,Federal Contract Tower,9,39,24,0,72,0,2,9,0,11,9,41,33,0,83,0,0,0,83
12/04/2002,RAP,SD,AGL,WE,Federal Contract Tower,10,35,30,0,75,0,2,4,2,8,10,37,34,2,83,0,0,0,83
12/05/2002,RAP,SD,AGL,WE,Federal Contract Tower,10,33,26,2,71,0,0,33,6,39,10,33,59,8,110,44,0,44,154
12/06/2002,RAP,SD,AGL,WE,Federal Contract Tower,10,33,25,7,75,0,0,40,11,51,10,33,65,18,126,22,30,52,178
12/07/2002,RAP,SD,AGL,WE,Federal Contract Tower,9,21,12,0,42,0,1,39,0,40,9,22,51,0,82,48,0,48,130
12/08/2002,RAP,SD,AGL,WE,Federal Contract Tower,9,21,7,0,37,0,0,23,2,25,9,21,30,2,62,56,0,56,118
12/09/2002,RAP,SD,AGL,WE,Federal Contract Tower,10,32,23,1,66,0,0,56,0,56,10,32,79,1,122,24,0,24,146
12/10/2002,RAP,SD,AGL,WE,Federal Contract Tower,10,36,38,3,87,0,2,30,12,44,10,38,68,15,131,22,10,32,163
12/11/2002,RAP,SD,AGL,WE,Federal Contract Tower,10,33,25,0,68,0,2,27,0,29,10,35,52,0,97,4,0,4,101
12/12/2002,RAP,SD,AGL,WE,Federal Contract Tower,9,30,22,3,64,0,3,43,17,63,9,33,65,20,127,8,22,30,157
12/13/2002,RAP,SD,AGL,WE,Federal Contract Tower,6,35,30,8,79,0,1,50,2,53,6,36,80,10,132,64,0,64,196
12/14/2002,RAP,SD,AGL,WE,Federal Contract Tower,5,25,13,5,48,0,0,40,2,42,5,25,53,7,90,32,10,42,132
12/15/2002,RAP,SD,AGL,WE,Federal Contract Tower,5,23,3,7,38,0,2,34,6,42,5,25,37,13,80,18,6,24,104
12/16/2002,RAP,SD,AGL,WE,Federal Contract Tower,5,40,25,1,71,0,2,34,0,36,5,42,59,1,107,14,0,14,121
12/17/2002,RAP,SD,AGL,WE,Federal Contract Tower,6,37,29,4,76,0,2,27,6,35,6,39,56,10,111,8,18,26,137
12/18/2002,RAP,SD,AGL,WE,Federal Contract Tower,10,40,23,6,79,0,2,12,3,17,10,42,35,9,96,10,2,12,108
12/19/2002,RAP,SD,AGL,WE,Federal Contract Tower,9,37,26,5,77,0,0,16,4,20,9,37,42,9,97,0,4,4,101
12/20/2002,RAP,SD,AGL,WE,Federal Contract Tower,10,37,30,8,85,0,0,31,5,36,10,37,61,13,121,0,20,20,141
12/21/2002,RAP,SD,AGL,WE,Federal Contract Tower,8,29,25,2,64,0,0,24,3,27,8,29,49,5,91,20,0,20,111
12/22/2002,RAP,SD,AGL,WE,Federal Contract Tower,8,29,8,1,46,0,0,14,0,14,8,29,22,1,60,8,0,8,68
12/23/2002,RAP,SD,AGL,WE,Federal Contract Tower,9,34,18,2,63,0,0,38,6,44,9,34,56,8,107,26,14,40,147
12/24/2002,RAP,SD,AGL,WE,Federal Contract Tower,9,36,7,0,52,0,1,19,0,20,9,37,26,0,72,12,0,12,84
12/25/2002,RAP,SD,AGL,WE,Federal Contract Tower,7,19,2,0,28,0,0,13,2,15,7,19,15,2,43,4,0,4,47
12/26/2002,RAP,SD,AGL,WE,Federal Contract Tower,10,32,16,0,58,0,1,24,2,27,10,33,40,2,85,8,0,8,93
12/27/2002,RAP,SD,AGL,WE,Federal Contract Tower,10,36,10,0,56,0,0,28,2,30,10,36,38,2,86,34,0,34,120
12/28/2002,RAP,SD,AGL,WE,Federal Contract Tower,8,27,7,0,42,0,2,49,2,53,8,29,56,2,95,82,8,90,185
12/29/2002,RAP,SD,AGL,WE,Federal Contract Tower,8,28,5,0,41,0,2,29,0,31,8,30,34,0,72,14,0,14,86
12/30/2002,RAP,SD,AGL,WE,Federal Contract Tower,12,32,9,2,55,0,2,26,0,28,12,34,35,2,83,24,0,24,107
12/31/2002,RAP,SD,AGL,WE,Federal Contract Tower,10,33,9,0,52,0,2,30,2,34,10,35,39,2,86,28,0,28,114
01/01/2003,RAP,SD,AGL,WE,Federal Contract Tower,8,27,6,0,41,0,2,18,0,20,8,29,24,0,61,0,0,0,61
01/02/2003,RAP,SD,AGL,WE,Federal Contract Tower,10,40,18,1,69,0,2,33,12,47,10,42,51,13,116,30,6,36,152
01/03/2003,RAP,SD,AGL,WE,Federal Contract Tower,10,35,18,1,64,0,0,41,8,49,10,35,59,9,113,64,10,74,187
01/04/2003,RAP,SD,AGL,WE,Federal Contract Tower,8,26,23,2,59,0,0,12,4,16,8,26,35,6,75,0,0,0,75
01/05/2003,RAP,SD,AGL,WE,Federal Contract Tower,8,23,22,2,55,0,0,11,2,13,8,23,33,4,68,10,8,18,86
01/06/2003,RAP,SD,AGL,WE,Federal Contract Tower,8,34,29,2,73,0,1,29,0,30,8,35,58,2,103,22,0,22,125
01/07/2003,RAP,SD,AGL,WE,Federal Contract Tower,6,33,21,2,62,0,1,51,3,55,6,34,72,5,117,40,0,40,157
01/08/2003,RAP,SD,AGL,WE,Federal Contract Tower,6,36,16,5,63,0,1,32,5,38,6,37,48,10,101,12,18,30,131
01/09/2003,RAP,SD,AGL,WE,Federal Contract Tower,6,34,32,3,75,0,1,18,7,26,6,35,50,10,101,0,4,4,105
01/10/2003,RAP,SD,AGL,WE,Federal Contract Tower,6,34,11,10,61,0,1,44,38,83,6,35,55,48,144,24,20,44,188
01/11/2003,RAP,SD,AGL,WE,Federal Contract Tower,4,22,17,3,46,0,2,51,13,66,4,24,68,16,112,50,10,60,172
01/12/2003,RAP,SD,AGL,WE,Federal Contract Tower,6,25,9,5,45,0,0,16,10,26,6,25,25,15,71,12,20,32,103
01/13/2003,RAP,SD,AGL,WE,Federal Contract Tower,7,33,23,0,63,0,2,28,2,32,7,35,51,2,95,18,0,18,113
01/14/2003,RAP,SD,AGL,WE,Federal Contract Tower,7,35,26,7,75,0,2,23,6,31,7,37,49,13,106,26,18,44,150
01/15/2003,RAP,SD,AGL,WE,Federal Contract Tower,6,37,19,0,62,0,1,12,0,13,6,38,31,0,75,0,0,0,75
01/16/2003,RAP,SD,AGL,WE,Federal Contract Tower,6,36,25,9,76,0,1,21,8,30,6,37,46,17,106,16,30,46,152
01/17/2003,RAP,SD,AGL,WE,Federal Contract Tower,6,34,19,3,62,0,3,26,2,31,6,37,45,5,93,8,10,18,111
01/18/2003,RAP,SD,AGL,WE,Federal Contract Tower,4,26,24,2,56,0,0,22,6,28,4,26,46,8,84,36,0,36,120
01/19/2003,RAP,SD,AGL,WE,Federal Contract Tower,6,22,11,0,39,0,0,33,0,33,6,22,44,0,72,54,0,54,126
01/20/2003,RAP,SD,AGL,WE,Federal Contract Tower,6,31,26,0,63,0,0,9,4,13,6,31,35,4,76,8,0,8,84
01/21/2003,RAP,SD,AGL,WE,Federal Contract Tower,6,33,20,3,62,0,0,2,0,2,6,33,22,3,64,0,0,0,64
01/22/2003,RAP,SD,AGL,WE,Federal Contract Tower,5,36,24,1,66,0,0,8,0,8,5,36,32,1,74,0,0,0,74
01/23/2003,RAP,SD,AGL,WE,Federal Contract Tower,6,33,31,3,73,0,1,10,9,20,6,34,41,12,93,18,20,38,131
01/24/2003,RAP,SD,AGL,WE,Federal Contract Tower,6,34,30,4,74,0,1,50,6,57,6,35,80,10,131,18,0,18,149
01/25/2003,RAP,SD,AGL,WE,Federal Contract Tower,4,30,10,0,44,0,2,7,2,11,4,32,17,2,55,4,0,4,59
01/26/2003,RAP,SD,AGL,WE,Federal Contract Tower,6,25,7,1,39,0,2,13,0,15,6,27,20,1,54,0,0,0,54
01/27/2003,RAP,SD,AGL,WE,Federal Contract Tower,8,31,28,3,70,0,1,32,7,40,8,32,60,10,110,8,0,8,118
01/28/2003,RAP,SD,AGL,WE,Federal Contract Tower,6,32,15,7,60,0,2,29,11,42,6,34,44,18,102,46,26,72,174
01/29/2003,RAP,SD,AGL,WE,Federal Contract Tower,7,38,25,3,73,0,2,16,0,18,7,40,41,3,91,18,0,18,109
01/30/2003,RAP,SD,AGL,WE,Federal Contract Tower,6,38,24,7,75,0,2,37,7,46,6,40,61,14,121,62,8,70,191
01/31/2003,RAP,SD,AGL,WE,Federal Contract Tower,6,32,14,9,61,0,2,35,10,47,6,34,49,19,108,26,24,50,158
02/01/2003,RAP,SD,AGL,WE,Federal Contract Tower,4,27,9,1,41,0,2,41,27,70,4,29,50,28,111,36,52,88,199
02/02/2003,RAP,SD,AGL,WE,Federal Contract Tower,2,17,6,2,27,0,0,1,0,1,2,17,7,2,28,0,0,0,28
02/03/2003,RAP,SD,AGL,WE,Federal Contract Tower,6,29,20,1,56,0,0,25,0,25,6,29,45,1,81,58,0,58,139
02/04/2003,RAP,SD,AGL,WE,Federal Contract Tower,6,33,30,6,75,0,0,12,7,19,6,33,42,13,94,6,14,20,114
02/05/2003,RAP,SD,AGL,WE,Federal Contract Tower,5,34,13,1,53,0,0,12,2,14,5,34,25,3,67,0,0,0,67
02/06/2003,RAP,SD,AGL,WE,Federal Contract Tower,6,32,16,2,56,0,0,12,6,18,6,32,28,8,74,12,10,22,96
02/07/2003,RAP,SD,AGL,WE,Federal Contract Tower,6,37,13,5,61,0,1,37,12,50,6,38,50,17,111,24,2,26,137
02/08/2003,RAP,SD,AGL,WE,Federal Contract Tower,4,26,12,1,43,0,0,18,1,19,4,26,30,2,62,0,0,0,62
02/09/2003,RAP,SD,AGL,WE,Federal Contract Tower,6,31,8,0,45,0,0,7,2,9,6,31,15,2,54,20,0,20,74
02/10/2003,RAP,SD,AGL,WE,Federal Contract Tower,6,35,22,2,65,0,1,16,0,17,6,36,38,2,82,30,0,30,112
02/11/2003,RAP,SD,AGL,WE,Federal Contract Tower,6,39,22,1,68,0,1,13,13,27,6,40,35,14,95,50,18,68,163
02/12/2003,RAP,SD,AGL,WE,Federal Contract Tower,6,42,30,2,80,0,2,39,4,45,6,44,69,6,125,88,2,90,215
02/13/2003,RAP,SD,AGL,WE,Federal Contract Tower,7,36,13,3,59,0,2,55,12,69,7,38,68,15,128,50,20,70,198
02/14/2003,RAP,SD,AGL,WE,Federal Contract Tower,5,22,14,0,41,3,3,2,0,8,8,25,16,0,49,0,0,0,49
02/15/2003,RAP,SD,AGL,WE,Federal Contract Tower,5,23,21,2,51,0,1,30,0,31,5,24,51,2,82,24,0,24,106
02/16/2003,RAP,SD,AGL,WE,Federal Contract Tower,7,26,4,0,37,0,2,28,0,30,7,28,32,0,67,46,0,46,113
02/17/2003,RAP,SD,AGL,WE,Federal Contract Tower,9,28,16,2,55,0,1,12,0,13,9,29,28,2,68,18,0,18,86
02/18/2003,RAP,SD,AGL,WE,Federal Contract Tower,11,31,30,3,75,0,1,43,1,45,11,32,73,4,120,76,0,76,196
02/19/2003,RAP,SD,AGL,WE,Federal Contract Tower,11,29,32,0,72,0,0,45,8,53,11,29,77,8,125,40,18,58,183
02/20/2003,RAP,SD,AGL,WE,Federal Contract Tower,7,25,38,5,75,1,0,57,17,75,8,25,95,22,150,70,42,112,262
02/21/2003,RAP,SD,AGL,WE,Federal Contract Tower,7,25,23,4,59,0,0,12,0,12,7,25,35,4,71,10,0,10,81
02/22/2003,RAP,SD,AGL,WE,Federal Contract Tower,4,25,19,2,50,0,0,3,0,3,4,25,22,2,53,0,0,0,53
02/23/2003,RAP,SD,AGL,WE,Federal Contract Tower,7,24,13,4,48,0,1,7,0,8,7,25,20,4,56,0,0,0,56
02/24/2003,RAP,SD,AGL,WE,Federal Contract Tower,8,25,14,5,52,0,1,16,3,20,8,26,30,8,72,0,0,0,72
02/25/2003,RAP,SD,AGL,WE,Federal Contract Tower,8,29,14,2,53,0,1,41,6,48,8,30,55,8,101,20,0,20,121
02/26/2003,RAP,SD,AGL,WE,Federal Contract Tower,8,33,20,2,63,0,2,52,14,68,8,35,72,16,131,34,10,44,175
02/27/2003,RAP,SD,AGL,WE,Federal Contract Tower,8,32,21,4,65,0,1,40,21,62,8,33,61,25,127,50,76,126,253
02/28/2003,RAP,SD,AGL,WE,Federal Contract Tower,8,33,35,1,77,0,2,51,9,62,8,35,86,10,139,74,2,76,215
03/01/2003,RAP,SD,AGL,WE,Federal Contract Tower,5,30,7,1,43,0,0,7,6,13,5,30,14,7,56,12,0,12,68
03/02/2003,RAP,SD,AGL,WE,Federal Contract Tower,7,27,11,1,46,0,2,38,7,47,7,29,49,8,93,36,2,38,131
03/03/2003,RAP,SD,AGL,WE,Federal Contract Tower,8,30,26,0,64,0,2,19,0,21,8,32,45,0,85,10,0,10,95
03/04/2003,RAP,SD,AGL,WE,Federal Contract Tower,8,22,27,5,62,0,7,12,17,36,8,29,39,22,98,20,24,44,142
03/05/2003,RAP,SD,AGL,WE,Federal Contract Tower,10,24,29,3,66,0,1,39,19,59,10,25,68,22,125,14,10,24,149
03/06/2003,RAP,SD,AGL,WE,Federal Contract Tower,7,24,31,5,67,0,1,15,15,31,7,25,46,20,98,0,32,32,130
03/07/2003,RAP,SD,AGL,WE,Federal Contract Tower,8,26,23,1,58,0,0,28,11,39,8,26,51,12,97,16,0,16,113
03/08/2003,RAP,SD,AGL,WE,Federal Contract Tower,2,21,16,4,43,0,0,3,14,17,2,21,19,18,60,0,12,12,72
03/09/2003,RAP,SD,AGL,WE,Federal Contract Tower,6,22,8,3,39,0,2,12,12,26,6,24,20,15,65,30,34,64,129
03/10/2003,RAP,SD,AGL,WE,Federal Contract Tower,9,28,19,2,58,1,2,36,8,47,10,30,55,10,105,12,0,12,117
03/11/2003,RAP,SD,AGL,WE,Federal Contract Tower,7,28,30,5,70,0,2,40,0,42,7,30,70,5,112,50,0,50,162
03/12/2003,RAP,SD,AGL,WE,Federal Contract Tower,10,32,39,3,84,0,2,36,1,39,10,34,75,4,123,50,18,68,191
03/13/2003,RAP,SD,AGL,WE,Federal Contract Tower,7,33,22,8,70,1,2,48,16,67,8,35,70,24,137,24,16,40,177
03/14/2003,RAP,SD,AGL,WE,Federal Contract Tower,10,34,11,1,56,0,2,87,4,93,10,36,98,5,149,146,0,146,295
03/15/2003,RAP,SD,AGL,WE,Federal Contract Tower,5,28,19,1,53,0,2,50,4,56,5,30,69,5,109,144,2,146,255
03/16/2003,RAP,SD,AGL,WE,Federal Contract Tower,7,19,16,0,42,0,2,49,4,55,7,21,65,4,97,106,0,106,203
03/17/2003,RAP,SD,AGL,WE,Federal Contract Tower,10,26,40,1,77,0,0,28,0,28,10,26,68,1,105,2,0,2,107
03/18/2003,RAP,SD,AGL,WE,Federal Contract Tower,8,20,8,2,38,0,0,1,2,3,8,20,9,4,41,0,22,22,63
03/19/2003,RAP,SD,AGL,WE,Federal Contract Tower,12,15,10,1,38,0,0,3,0,3,12,15,13,1,41,0,0,0,41
03/20/2003,RAP,SD,AGL,WE,Federal Contract Tower,8,20,26,0,54,0,0,30,8,38,8,20,56,8,92,38,4,42,134
03/21/2003,RAP,SD,AGL,WE,Federal Contract Tower,8,25,34,3,70,0,0,38,4,42,8,25,72,7,112,52,0,52,164
03/22/2003,RAP,SD,AGL,WE,Federal Contract Tower,7,19,30,0,56,0,0,55,0,55,7,19,85,0,111,90,0,90,201
03/23/2003,RAP,SD,AGL,WE,Federal Contract Tower,11,18,11,2,42,0,1,10,1,12,11,19,21,3,54,6,0,6,60
03/24/2003,RAP,SD,AGL,WE,Federal Contract Tower,8,27,27,4,66,0,1,71,6,78,8,28,98,10,144,32,8,40,184
03/25/2003,RAP,SD,AGL,WE,Federal Contract Tower,8,30,15,2,55,0,1,66,19,86,8,31,81,21,141,78,16,94,235
03/26/2003,RAP,SD,AGL,WE,Federal Contract Tower,8,30,21,8,67,0,1,39,2,42,8,31,60,10,109,30,30,60,169
03/27/2003,RAP,SD,AGL,WE,Federal Contract Tower,7,33,19,7,66,0,1,13,8,22,7,34,32,15,88,4,6,10,98
03/28/2003,RAP,SD,AGL,WE,Federal Contract Tower,7,28,19,5,59,0,2,16,1,19,7,30,35,6,78,0,0,0,78
03/29/2003,RAP,SD,AGL,WE,Federal Contract Tower,5,23,24,0,52,0,2,48,4,54,5,25,72,4,106,22,0,22,128
03/30/2003,RAP,SD,AGL,WE,Federal Contract Tower,7,18,8,3,36,0,1,31,0,32,7,19,39,3,68,0,0,0,68
03/31/2003,RAP,SD,AGL,WE,Federal Contract Tower,8,27,25,3,63,0,2,54,0,56,8,29,79,3,119,42,2,44,163
04/01/2003,RAP,SD,AGL,WE,Federal Contract Tower,10,23,10,1,44,0,1,23,9,33,10,24,33,10,77,18,22,40,117
04/02/2003,RAP,SD,AGL,WE,Federal Contract Tower,8,27,17,6,58,0,2,17,8,27,8,29,34,14,85,28,20,48,133
04/03/2003,RAP,SD,AGL,WE,Federal Contract Tower,8,28,29,9,74,0,0,14,3,17,8,28,43,12,91,50,12,62,153
04/04/2003,RAP,SD,AGL,WE,Federal Contract Tower,10,23,27,3,63,0,1,10,11,22,10,24,37,14,85,12,26,38,123
04/05/2003,RAP,SD,AGL,WE,Federal Contract Tower,5,21,15,3,44,0,1,24,24,49,5,22,39,27,93,72,34,106,199
04/06/2003,RAP,SD,AGL,WE,Federal Contract Tower,7,20,14,4,45,0,0,0,2,2,7,20,14,6,47,0,4,4,51
04/07/2003,RAP,SD,AGL,WE,Federal Contract Tower,8,22,32,3,65,0,1,13,0,14,8,23,45,3,79,4,0,4,83
04/08/2003,RAP,SD,AGL,WE,Federal Contract Tower,10,29,11,3,53,0,2,68,4,74,10,31,79,7,127,122,0,122,249
04/09/2003,RAP,SD,AGL,WE,Federal Contract Tower,8,30,17,6,61,0,2,44,14,60,8,32,61,20,121,40,0,40,161
04/10/2003,RAP,SD,AGL,WE,Federal Contract Tower,8,24,13,8,53,0,2,42,14,58,8,26,55,22,111,42,6,48,159
04/11/2003,RAP,SD,AGL,WE,Federal Contract Tower,8,27,16,5,56,0,4,99,5,108,8,31,115,10,164,48,0,48,212
04/12/2003,RAP,SD,AGL,WE,Federal Contract Tower,5,22,6,0,33,0,2,64,0,66,5,24,70,0,99,96,0,96,195
04/13/2003,RAP,SD,AGL,WE,Federal Contract Tower,7,17,14,2,40,0,1,44,0,45,7,18,58,2,85,56,0,56,141
04/14/2003,RAP,SD,AGL,WE,Federal Contract Tower,8,23,23,3,57,0,2,58,0,60,8,25,81,3,117,68,0,68,185
04/15/2003,RAP,SD,AGL,WE,Federal Contract Tower,8,27,22,2,59,0,1,39,9,49,8,28,61,11,108,56,28,84,192
04/16/2003,RAP,SD,AGL,WE,Federal Contract Tower,7,32,22,0,61,0,2,7,0,9,7,34,29,0,70,0,0,0,70
04/17/2003,RAP,SD,AGL,WE,Federal Contract Tower,8,32,40,1,81,0,1,45,2,48,8,33,85,3,129,66,0,66,195
04/18/2003,RAP,SD,AGL,WE,Federal Contract Tower,8,27,50,1,86,0,0,0,0,0,8,27,50,1,86,18,0,18,104
04/19/2003,RAP,SD,AGL,WE,Federal Contract Tower,5,19,19,0,43,0,0,14,0,14,5,19,33,0,57,10,0,10,67
04/20/2003,RAP,SD,AGL,WE,Federal Contract Tower,7,18,16,0,41,0,0,18,0,18,7,18,34,0,59,0,0,0,59
04/21/2003,RAP,SD,AGL,WE,Federal Contract Tower,8,24,32,4,68,0,2,83,8,93,8,26,115,12,161,114,0,114,275
04/22/2003,RAP,SD,AGL,WE,Federal Contract Tower,8,26,22,3,59,0,2,37,21,60,8,28,59,24,119,20,42,62,181
04/23/2003,RAP,SD,AGL,WE,Federal Contract Tower,8,32,33,7,80,0,2,20,8,30,8,34,53,15,110,4,0,4,114
04/24/2003,RAP,SD,AGL,WE,Federal Contract Tower,8,25,22,3,58,0,0,6,5,11,8,25,28,8,69,0,10,10,79
04/25/2003,RAP,SD,AGL,WE,Federal Contract Tower,8,29,23,5,65,0,1,32,10,43,8,30,55,15,108,6,0,6,114
04/26/2003,RAP,SD,AGL,WE,Federal Contract Tower,5,27,11,0,43,0,2,44,6,52,5,29,55,6,95,80,0,80,175
04/27/2003,RAP,SD,AGL,WE,Federal Contract Tower,7,21,8,1,37,0,0,29,1,30,7,21,37,2,67,0,0,0,67
04/28/2003,RAP,SD,AGL,WE,Federal Contract Tower,8,31,28,1,68,0,3,20,5,28,8,34,48,6,96,16,0,16,112
04/29/2003,RAP,SD,AGL,WE,Federal Contract Tower,8,32,25,3,68,0,1,10,7,18,8,33,35,10,86,2,2,4,90
04/30/2003,RAP,SD,AGL,WE,Federal Contract Tower,8,29,26,0,63,0,1,2,0,3,8,30,28,0,66,0,0,0,66
05/01/2003,RAP,SD,AGL,WE,Federal Contract Tower,9,31,24,0,64,1,1,14,4,20,10,32,38,4,84,2,4,6,90
05/02/2003,RAP,SD,AGL,WE,Federal Contract Tower,8,33,33,3,77,0,1,30,10,41,8,34,63,13,118,38,20,58,176
05/03/2003,RAP,SD,AGL,WE,Federal Contract Tower,8,22,12,6,48,0,0,21,12,33,8,22,33,18,81,28,14,42,123
05/04/2003,RAP,SD,AGL,WE,Federal Contract Tower,8,21,12,2,43,0,0,9,0,9,8,21,21,2,52,0,0,0,52
05/05/2003,RAP,SD,AGL,WE,Federal Contract Tower,8,25,39,6,78,0,0,38,3,41,8,25,77,9,119,20,0,20,139
05/06/2003,RAP,SD,AGL,WE,Federal Contract Tower,8,29,33,3,73,0,3,56,2,61,8,32,89,5,134,26,2,28,162
05/07/2003,RAP,SD,AGL,WE,Federal Contract Tower,8,31,42,3,84,2,0,34,3,39,10,31,76,6,123,42,4,46,169
05/08/2003,RAP,SD,AGL,WE,Federal Contract Tower,8,36,39,2,85,0,2,18,4,24,8,38,57,6,109,8,18,26,135
05/09/2003,RAP,SD,AGL,WE,Federal Contract Tower,8,33,41,5,87,0,2,36,1,39,8,35,77,6,126,10,0,10,136
05/10/2003,RAP,SD,AGL,WE,Federal Contract Tower,8,25,14,5,52,0,1,11,0,12,8,26,25,5,64,0,0,0,64
05/11/2003,RAP,SD,AGL,WE,Federal Contract Tower,8,24,7,0,39,0,0,23,0,23,8,24,30,0,62,0,0,0,62
05/12/2003,RAP,SD,AGL,WE,Federal Contract Tower,8,31,28,9,76,0,2,52,5,59,8,33,80,14,135,30,0,30,165
05/13/2003,RAP,SD,AGL,WE,Federal Contract Tower,8,39,38,0,85,0,2,50,2,54,8,41,88,2,139,48,0,48,187
05/14/2003,RAP,SD,AGL,WE,Federal Contract Tower,8,31,29,1,69,0,1,65,0,66,8,32,94,1,135,62,0,62,197
05/15/2003,RAP,SD,AGL,WE,Federal Contract Tower,8,35,39,2,84,0,2,35,14,51,8,37,74,16,135,36,18,54,189
05/16/2003,RAP,SD,AGL,WE,Federal Contract Tower,8,32,36,2,78,0,2,43,3,48,8,34,79,5,126,18,0,18,144
05/17/2003,RAP,SD,AGL,WE,Federal Contract Tower,8,23,14,3,48,0,0,39,6,45,8,23,53,9,93,52,16,68,161
05/18/2003,RAP,SD,AGL,WE,Federal Contract Tower,8,21,13,0,42,0,0,22,4,26,8,21,35,4,68,0,10,10,78
05/19/2003,RAP,SD,AGL,WE,Federal Contract Tower,7,31,46,3,87,0,0,26,1,27,7,31,72,4,114,60,0,60,174
05/20/2003,RAP,SD,AGL,WE,Federal Contract Tower,9,29,16,0,54,0,3,45,15,63,9,32,61,15,117,62,10,72,189
05/21/2003,RAP,SD,AGL,WE,Federal Contract Tower,9,29,48,3,89,0,1,79,6,86,9,30,127,9,175,98,8,106,281
05/22/2003,RAP,SD,AGL,WE,Federal Contract Tower,8,33,40,2,83,0,1,54,0,55,8,34,94,2,138,56,0,56,194
05/23/2003,RAP,SD,AGL,WE,Federal Contract Tower,8,33,35,5,81,0,2,51,19,72,8,35,86,24,153,30,20,50,203
05/24/2003,RAP,SD,AGL,WE,Federal Contract Tower,8,27,20,0,55,0,2,53,17,72,8,29,73,17,127,60,28,88,215
05/25/2003,RAP,SD,AGL,WE,Federal Contract Tower,8,23,10,2,43,0,0,36,12,48,8,23,46,14,91,10,6,16,107
05/26/2003,RAP,SD,AGL,WE,Federal Contract Tower,10,24,23,0,57,0,0,47,8,55,10,24,70,8,112,16,6,22,134
05/27/2003,RAP,SD,AGL,WE,Federal Contract Tower,8,30,17,1,56,0,2,44,1,47,8,32,61,2,103,40,22,62,165
05/28/2003,RAP,SD,AGL,WE,Federal Contract Tower,8,30,26,11,75,0,2,76,7,85,8,32,102,18,160,64,24,88,248
05/29/2003,RAP,SD,AGL,WE,Federal Contract Tower,12,30,23,4,69,0,5,48,19,72,12,35,71,23,141,62,26,88,229
05/30/2003,RAP,SD,AGL,WE,Federal Contract Tower,8,31,36,7,82,0,0,34,18,52,8,31,70,25,134,38,46,84,218
05/31/2003,RAP,SD,AGL,WE,Federal Contract Tower,8,25,18,0,51,0,0,22,0,22,8,25,40,0,73,22,0,22,95
06/01/2003,RAP,SD,AGL,WE,Federal Contract Tower,8,20,8,3,39,0,0,26,0,26,8,20,34,3,65,28,0,28,93
06/02/2003,RAP,SD,AGL,WE,Federal Contract Tower,8,24,38,3,73,0,1,41,1,43,8,25,79,4,116,48,2,50,166
06/03/2003,RAP,SD,AGL,WE,Federal Contract Tower,8,33,20,1,62,0,1,41,11,53,8,34,61,12,115,26,12,38,153
06/04/2003,RAP,SD,AGL,WE,Federal Contract Tower,8,33,34,2,77,0,1,41,2,44,8,34,75,4,121,72,0,72,193
06/05/2003,RAP,SD,AGL,WE,Federal Contract Tower,8,32,25,7,72,0,2,41,4,47,8,34,66,11,119,44,6,50,169
06/06/2003,RAP,SD,AGL,WE,Federal Contract Tower,10,29,33,3,75,0,3,47,0,50,10,32,80,3,125,12,0,12,137
06/07/2003,RAP,SD,AGL,WE,Federal Contract Tower,10,24,21,4,59,0,1,25,1,27,10,25,46,5,86,44,0,44,130
06/08/2003,RAP,SD,AGL,WE,Federal Contract Tower,10,26,19,2,57,0,1,51,2,54,10,27,70,4,111,68,0,68,179
06/09/2003,RAP,SD,AGL,WE,Federal Contract Tower,10,31,22,2,65,0,2,41,6,49,10,33,63,8,114,38,0,38,152
06/10/2003,RAP,SD,AGL,WE,Federal Contract Tower,10,30,34,1,75,0,1,39,17,57,10,31,73,18,132,16,4,20,152
06/11/2003,RAP,SD,AGL,WE,Federal Contract Tower,10,35,44,2,91,0,2,39,4,45,10,37,83,6,136,48,0,48,184
06/12/2003,RAP,SD,AGL,WE,Federal Contract Tower,10,30,27,2,69,0,12,45,13,70,10,42,72,15,139,66,0,66,205
06/13/2003,RAP,SD,AGL,WE,Federal Contract Tower,10,35,41,3,89,0,2,47,9,58,10,37,88,12,147,62,16,78,225
06/14/2003,RAP,SD,AGL,WE,Federal Contract Tower,10,29,8,4,51,0,1,56,11,68,10,30,64,15,119,38,20,58,177
06/15/2003,RAP,SD,AGL,WE,Federal Contract Tower,10,24,26,6,66,0,1,55,14,70,10,25,81,20,136,30,36,66,202
06/16/2003,RAP,SD,AGL,WE,Federal Contract Tower,10,30,33,0,73,0,1,54,20,75,10,31,87,20,148,12,8,20,168
06/17/2003,RAP,SD,AGL,WE,Federal Contract Tower,10,32,32,4,78,0,1,46,9,56,10,33,78,13,134,20,0,20,154
06/18/2003,RAP,SD,AGL,WE,Federal Contract Tower,10,33,30,4,77,0,1,53,22,76,10,34,83,26,153,52,8,60,213
06/19/2003,RAP,SD,AGL,WE,Federal Contract Tower,10,31,37,8,86,0,1,43,30,74,10,32,80,38,160,10,0,10,170
06/20/2003,RAP,SD,AGL,WE,Federal Contract Tower,10,27,32,4,73,0,2,42,22,66,10,29,74,26,139,12,6,18,157
06/21/2003,RAP,SD,AGL,WE,Federal Contract Tower,9,25,20,3,57,0,1,71,21,93,9,26,91,24,150,12,8,20,170
06/22/2003,RAP,SD,AGL,WE,Federal Contract Tower,10,24,21,3,58,0,2,49,17,68,10,26,70,20,126,28,0,28,154
06/23/2003,RAP,SD,AGL,WE,Federal Contract Tower,10,29,30,4,73,0,2,24,24,50,10,31,54,28,123,20,0,20,143
06/24/2003,RAP,SD,AGL,WE,Federal Contract Tower,9,39,26,3,77,0,2,10,2,14,9,41,36,5,91,0,0,0,91
06/25/2003,RAP,SD,AGL,WE,Federal Contract Tower,9,38,33,1,81,0,3,53,21,77,9,41,86,22,158,36,12,48,206
06/26/2003,RAP,SD,AGL,WE,Federal Contract Tower,10,30,28,3,71,0,1,79,14,94,10,31,107,17,165,28,22,50,215
06/27/2003,RAP,SD,AGL,WE,Federal Contract Tower,12,36,36,1,85,0,2,67,0,69,12,38,103,1,154,46,0,46,200
06/28/2003,RAP,SD,AGL,WE,Federal Contract Tower,9,28,39,0,76,0,1,46,4,51,9,29,85,4,127,12,0,12,139
06/29/2003,RAP,SD,AGL,WE,Federal Contract Tower,10,28,21,0,59,0,1,62,0,63,10,29,83,0,122,40,0,40,162
06/30/2003,RAP,SD,AGL,WE,Federal Contract Tower,10,34,26,3,73,0,0,60,16,76,10,34,86,19,149,46,2,48,197
07/01/2003,RAP,SD,AGL,WE,Federal Contract Tower,9,28,24,0,61,1,2,60,11,74,10,30,84,11,135,22,0,22,157
07/02/2003,RAP,SD,AGL,WE,Federal Contract Tower,9,28,33,3,73,1,5,46,11,63,10,33,79,14,136,12,12,24,160
07/03/2003,RAP,SD,AGL,WE,Federal Contract Tower,9,27,41,2,79,1,4,62,3,70,10,31,103,5,149,50,0,50,199
07/04/2003,RAP,SD,AGL,WE,Federal Contract Tower,7,17,19,0,43,1,2,42,0,45,8,19,61,0,88,38,0,38,126
07/05/2003,RAP,SD,AGL,WE,Federal Contract Tower,10,24,11,3,48,0,3,53,0,56,10,27,64,3,104,26,0,26,130
07/06/2003,RAP,SD,AGL,WE,Federal Contract Tower,16,23,17,1,57,5,1,73,2,81,21,24,90,3,138,36,0,36,174
07/07/2003,RAP,SD,AGL,WE,Federal Contract Tower,10,33,34,1,78,0,4,66,1,71,10,37,100,2,149,34,12,46,195
07/08/2003,RAP,SD,AGL,WE,Federal Contract Tower,12,30,24,3,69,0,3,47,2,52,12,33,71,5,121,12,0,12,133
07/09/2003,RAP,SD,AGL,WE,Federal Contract Tower,10,32,33,2,77,0,0,56,25,81,10,32,89,27,158,46,12,58,216
07/10/2003,RAP,SD,AGL,WE,Federal Contract Tower,9,32,36,7,84,0,2,64,16,82,9,34,100,23,166,16,20,36,202
07/11/2003,RAP,SD,AGL,WE,Federal Contract Tower,10,35,27,7,79,0,2,64,23,89,10,37,91,30,168,32,6,38,206
07/12/2003,RAP,SD,AGL,WE,Federal Contract Tower,10,29,24,2,65,0,1,84,6,91,10,30,108,8,156,52,20,72,228
07/13/2003,RAP,SD,AGL,WE,Federal Contract Tower,11,26,24,0,61,0,1,47,6,54,11,27,71,6,115,32,12,44,159
07/14/2003,RAP,SD,AGL,WE,Federal Contract Tower,10,35,22,3,70,0,2,39,2,43,10,37,61,5,113,46,0,46,159
07/15/2003,RAP,SD,AGL,WE,Federal Contract Tower,12,31,19,3,65,0,2,58,4,64,12,33,77,7,129,22,0,22,151
07/16/2003,RAP,SD,AGL,WE,Federal Contract Tower,10,34,22,4,70,0,2,54,14,70,10,36,76,18,140,90,0,90,230
07/17/2003,RAP,SD,AGL,WE,Federal Contract Tower,10,28,23,3,64,0,1,39,15,55,10,29,62,18,119,58,16,74,193
07/18/2003,RAP,SD,AGL,WE,Federal Contract Tower,10,31,32,3,76,0,0,22,3,25,10,31,54,6,101,14,2,16,117
07/19/2003,RAP,SD,AGL,WE,Federal Contract Tower,12,22,18,0,52,0,1,51,37,89,12,23,69,37,141,12,0,12,153
07/20/2003,RAP,SD,AGL,WE,Federal Contract Tower,10,20,23,2,55,0,0,38,3,41,10,20,61,5,96,8,0,8,104
07/21/2003,RAP,SD,AGL,WE,Federal Contract Tower,10,30,29,4,73,0,0,51,2,53,10,30,80,6,126,50,0,50,176
07/22/2003,RAP,SD,AGL,WE,Federal Contract Tower,10,28,31,2,71,0,0,52,17,69,10,28,83,19,140,36,26,62,202
07/23/2003,RAP,SD,AGL,WE,Federal Contract Tower,10,37,28,2,77,0,0,91,10,101,10,37,119,12,178,78,10,88,266
07/24/2003,RAP,SD,AGL,WE,Federal Contract Tower,10,30,26,4,70,0,1,62,8,71,10,31,88,12,141,40,0,40,181
07/25/2003,RAP,SD,AGL,WE,Federal Contract Tower,12,32,41,2,87,6,10,61,8,85,18,42,102,10,172,34,4,38,210
07/26/2003,RAP,SD,AGL,WE,Federal Contract Tower,10,28,16,2,56,0,1,89,0,90,10,29,105,2,146,54,0,54,200
07/27/2003,RAP,SD,AGL,WE,Federal Contract Tower,10,25,29,3,67,0,1,119,0,120,10,26,148,3,187,32,0,32,219
07/28/2003,RAP,SD,AGL,WE,Federal Contract Tower,10,35,34,4,83,16,2,93,0,111,26,37,127,4,194,46,0,46,240
07/29/2003,RAP,SD,AGL,WE,Federal Contract Tower,12,33,20,2,67,0,13,82,12,107,12,46,102,14,174,10,36,46,220
07/30/2003,RAP,SD,AGL,WE,Federal Contract Tower,14,35,37,0,86,2,6,72,6,86,16,41,109,6,172,34,6,40,212
07/31/2003,RAP,SD,AGL,WE,Federal Contract Tower,12,39,40,1,92,0,6,57,3,66,12,45,97,4,158,44,0,44,202
08/01/2003,RAP,SD,AGL,WE,Federal Contract Tower,10,36,50,3,99,0,4,75,8,87,10,40,125,11,186,38,2,40,226
08/02/2003,RAP,SD,AGL,WE,Federal Contract Tower,10,33,20,4,67,0,1,66,9,76,10,34,86,13,143,34,10,44,187
08/03/2003,RAP,SD,AGL,WE,Federal Contract Tower,13,32,33,0,78,0,0,68,12,80,13,32,101,12,158,12,0,12,170
08/04/2003,RAP,SD,AGL,WE,Federal Contract Tower,9,39,58,0,106,0,0,52,8,60,9,39,110,8,166,0,0,0,166
08/05/2003,RAP,SD,AGL,WE,Federal Contract Tower,12,42,47,2,103,1,0,72,16,89,13,42,119,18,192,18,12,30,222
08/06/2003,RAP,SD,AGL,WE,Federal Contract Tower,11,40,48,3,102,0,2,58,9,69,11,42,106,12,171,58,4,62,233
08/07/2003,RAP,SD,AGL,WE,Federal Contract Tower,11,39,42,3,95,0,3,84,17,104,11,42,126,20,199,20,0,20,219
08/08/2003,RAP,SD,AGL,WE,Federal Contract Tower,12,42,49,2,105,0,3,67,8,78,12,45,116,10,183,32,0,32,215
08/09/2003,RAP,SD,AGL,WE,Federal Contract Tower,11,42,19,1,73,0,0,61,1,62,11,42,80,2,135,64,0,64,199
08/10/2003,RAP,SD,AGL,WE,Federal Contract Tower,12,40,36,4,92,0,0,54,11,65,12,40,90,15,157,24,0,24,181
08/11/2003,RAP,SD,AGL,WE,Federal Contract Tower,10,39,24,3,76,0,6,41,0,47,10,45,65,3,123,76,0,76,199
08/12/2003,RAP,SD,AGL,WE,Federal Contract Tower,12,36,33,3,84,0,5,60,17,82,12,41,93,20,166,50,14,64,230
08/13/2003,RAP,SD,AGL,WE,Federal Contract Tower,11,46,31,6,94,0,2,59,4,65,11,48,90,10,159,34,8,42,201
08/14/2003,RAP,SD,AGL,WE,Federal Contract Tower,10,43,39,2,94,0,2,56,8,66,10,45,95,10,160,14,6,20,180
08/15/2003,RAP,SD,AGL,WE,Federal Contract Tower,10,38,39,7,94,0,2,71,17,90,10,40,110,24,184,34,20,54,238
08/16/2003,RAP,SD,AGL,WE,Federal Contract Tower,10,30,15,6,61,0,2,79,21,102,10,32,94,27,163,28,0,28,191
08/17/2003,RAP,SD,AGL,WE,Federal Contract Tower,10,29,23,1,63,0,1,46,0,47,10,30,69,1,110,20,0,20,130
08/18/2003,RAP,SD,AGL,WE,Federal Contract Tower,10,36,32,5,83,0,1,46,0,47,10,37,78,5,130,48,2,50,180
08/19/2003,RAP,SD,AGL,WE,Federal Contract Tower,10,37,19,4,70,0,0,45,1,46,10,37,64,5,116,46,2,48,164
08/20/2003,RAP,SD,AGL,WE,Federal Contract Tower,8,36,23,1,68,0,0,68,7,75,8,36,91,8,143,28,0,28,171
08/21/2003,RAP,SD,AGL,WE,Federal Contract Tower,10,45,32,6,93,0,2,63,35,100,10,47,95,41,193,34,48,82,275
08/22/2003,RAP,SD,AGL,WE,Federal Contract Tower,10,39,24,0,73,0,2,72,5,79,10,41,96,5,152,22,0,22,174
08/23/2003,RAP,SD,AGL,WE,Federal Contract Tower,9,34,15,0,58,0,1,66,20,87,9,35,81,20,145,66,0,66,211
08/24/2003,RAP,SD,AGL,WE,Federal Contract Tower,11,36,10,6,63,0,1,47,2,50,11,37,57,8,113,20,8,28,141
08/25/2003,RAP,SD,AGL,WE,Federal Contract Tower,11,32,20,7,70,1,3,46,7,57,12,35,66,14,127,10,8,18,145
08/26/2003,RAP,SD,AGL,WE,Federal Contract Tower,10,38,35,4,87,0,2,60,24,86,10,40,95,28,173,60,28,88,261
08/27/2003,RAP,SD,AGL,WE,Federal Contract Tower,10,43,29,4,86,0,2,50,6,58,10,45,79,10,144,50,10,60,204
08/28/2003,RAP,SD,AGL,WE,Federal Contract Tower,10,41,23,20,94,0,3,75,15,93,10,44,98,35,187,90,28,118,305
08/29/2003,RAP,SD,AGL,WE,Federal Contract Tower,10,39,33,9,91,0,3,46,9,58,10,42,79,18,149,14,10,24,173
08/30/2003,RAP,SD,AGL,WE,Federal Contract Tower,10,28,25,2,65,0,1,26,0,27,10,29,51,2,92,12,0,12,104
08/31/2003,RAP,SD,AGL,WE,Federal Contract Tower,8,20,22,3,53,0,1,37,0,38,8,21,59,3,91,34,0,34,125
09/01/2003,RAP,SD,AGL,WE,Federal Contract Tower,10,28,19,0,57,0,1,71,1,73,10,29,90,1,130,54,0,54,184
09/02/2003,RAP,SD,AGL,WE,Federal Contract Tower,10,37,32,9,88,0,2,44,4,50,10,39,76,13,138,68,0,68,206
09/03/2003,RAP,SD,AGL,WE,Federal Contract Tower,10,32,22,10,74,0,7,45,10,62,10,39,67,20,136,56,0,56,192
09/04/2003,RAP,SD,AGL,WE,Federal Contract Tower,12,43,30,8,93,0,2,58,27,87,12,45,88,35,180,28,16,44,224
09/05/2003,RAP,SD,AGL,WE,Federal Contract Tower,10,46,28,3,87,0,2,66,22,90,10,48,94,25,177,42,18,60,237
09/06/2003,RAP,SD,AGL,WE,Federal Contract Tower,8,29,23,0,60,0,0,47,15,62,8,29,70,15,122,20,0,20,142
09/07/2003,RAP,SD,AGL,WE,Federal Contract Tower,8,34,17,2,61,0,0,66,20,86,8,34,83,22,147,24,6,30,177
09/08/2003,RAP,SD,AGL,WE,Federal Contract Tower,9,33,22,4,68,0,2,50,3,55,9,35,72,7,123,22,18,40,163
09/09/2003,RAP,SD,AGL,WE,Federal Contract Tower,13,35,22,9,79,0,2,79,14,95,13,37,101,23,174,66,0,66,240
09/10/2003,RAP,SD,AGL,WE,Federal Contract Tower,9,44,48,0,101,0,2,9,18,29,9,46,57,18,130,10,14,24,154
09/11/2003,RAP,SD,AGL,WE,Federal Contract Tower,10,32,46,1,89,0,2,69,21,92,10,34,115,22,181,112,10,122,303
09/12/2003,RAP,SD,AGL,WE,Federal Contract Tower,9,38,45,5,97,0,6,48,19,73,9,44,93,24,170,0,8,8,178
09/13/2003,RAP,SD,AGL,WE,Federal Contract Tower,8,28,18,1,55,0,1,20,17,38,8,29,38,18,93,16,0,16,109
09/14/2003,RAP,SD,AGL,WE,Federal Contract Tower,7,26,21,0,54,1,0,71,0,72,8,26,92,0,126,60,0,60,186
09/15/2003,RAP,SD,AGL,WE,Federal Contract Tower,10,32,23,5,70,0,2,61,5,68,10,34,84,10,138,52,18,70,208
09/16/2003,RAP,SD,AGL,WE,Federal Contract Tower,10,36,21,3,70,0,2,64,6,72,10,38,85,9,142,30,4,34,176
09/17/2003,RAP,SD,AGL,WE,Federal Contract Tower,10,36,46,1,93,0,0,21,5,26,10,36,67,6,119,0,8,8,127
09/18/2003,RAP,SD,AGL,WE,Federal Contract Tower,10,36,44,2,92,0,0,50,7,57,10,36,94,9,149,42,10,52,201
09/19/2003,RAP,SD,AGL,WE,Federal Contract Tower,10,38,40,3,91,0,0,67,8,75,10,38,107,11,166,72,0,72,238
09/20/2003,RAP,SD,AGL,WE,Federal Contract Tower,8,37,17,2,64,0,1,36,3,40,8,38,53,5,104,52,0,52,156
09/21/2003,RAP,SD,AGL,WE,Federal Contract Tower,7,32,22,4,65,0,1,71,6,78,7,33,93,10,143,28,8,36,179
09/22/2003,RAP,SD,AGL,WE,Federal Contract Tower,10,34,32,2,78,0,0,49,4,53,10,34,81,6,131,26,24,50,181
09/23/2003,RAP,SD,AGL,WE,Federal Contract Tower,10,34,20,7,71,0,1,62,1,64,10,35,82,8,135,42,0,42,177
09/24/2003,RAP,SD,AGL,WE,Federal Contract Tower,9,49,28,1,87,0,1,32,3,36,9,50,60,4,123,24,4,28,151
09/25/2003,RAP,SD,AGL,WE,Federal Contract Tower,10,40,37,2,89,0,2,62,20,84,10,42,99,22,173,42,10,52,225
09/26/2003,RAP,SD,AGL,WE,Federal Contract Tower,10,43,30,5,88,0,2,34,8,44,10,45,64,13,132,18,0,18,150
09/27/2003,RAP,SD,AGL,WE,Federal Contract Tower,8,32,13,0,53,0,1,59,0,60,8,33,72,0,113,62,0,62,175
09/28/2003,RAP,SD,AGL,WE,Federal Contract Tower,8,27,18,2,55,0,0,51,0,51,8,27,69,2,106,16,0,16,122
09/29/2003,RAP,SD,AGL,WE,Federal Contract Tower,10,35,25,2,72,0,4,41,0,45,10,39,66,2,117,86,0,86,203
09/30/2003,RAP,SD,AGL,WE,Federal Contract Tower,10,40,35,2,87,0,1,60,7,68,10,41,95,9,155,52,0,52,207
10/01/2003,RAP,SD,AGL,WE,Federal Contract Tower,8,33,28,2,71,0,3,54,3,60,8,36,82,5,131,62,0,62,193
10/02/2003,RAP,SD,AGL,WE,Federal Contract Tower,8,32,31,3,74,0,0,46,8,54,8,32,77,11,128,12,2,14,142
10/03/2003,RAP,SD,AGL,WE,Federal Contract Tower,8,34,29,2,73,0,0,50,5,55,8,34,79,7,128,92,0,92,220
10/04/2003,RAP,SD,AGL,WE,Federal Contract Tower,8,26,23,2,59,0,0,83,6,89,8,26,106,8,148,102,10,112,260
10/05/2003,RAP,SD,AGL,WE,Federal Contract Tower,7,26,23,2,58,1,0,62,10,73,8,26,85,12,131,64,4,68,199
10/06/2003,RAP,SD,AGL,WE,Federal Contract Tower,7,27,23,2,59,1,5,67,1,74,8,32,90,3,133,80,0,80,213
10/07/2003,RAP,SD,AGL,WE,Federal Contract Tower,8,31,26,2,67,0,6,63,16,85,8,37,89,18,152,44,16,60,212
10/08/2003,RAP,SD,AGL,WE,Federal Contract Tower,8,36,30,2,76,0,1,68,6,75,8,37,98,8,151,40,0,40,191
10/09/2003,RAP,SD,AGL,WE,Federal Contract Tower,8,44,35,3,90,0,1,95,11,107,8,45,130,14,197,116,14,130,327
10/10/2003,RAP,SD,AGL,WE,Federal Contract Tower,8,35,29,2,74,0,2,40,6,48,8,37,69,8,122,6,2,8,130
10/11/2003,RAP,SD,AGL,WE,Federal Contract Tower,6,20,16,1,43,3,7,39,0,49,9,27,55,1,92,84,0,84,176
10/12/2003,RAP,SD,AGL,WE,Federal Contract Tower,7,26,21,1,55,1,1,49,0,51,8,27,70,1,106,26,0,26,132
10/13/2003,RAP,SD,AGL,WE,Federal Contract Tower,7,29,23,0,59,1,6,31,0,38,8,35,54,0,97,88,0,88,185
10/14/2003,RAP,SD,AGL,WE,Federal Contract Tower,8,36,31,4,79,0,0,46,1,47,8,36,77,5,126,46,0,46,172
10/15/2003,RAP,SD,AGL,WE,Federal Contract Tower,7,38,33,4,82,0,0,76,3,79,7,38,109,7,161,22,4,26,187
10/16/2003,RAP,SD,AGL,WE,Federal Contract Tower,8,33,30,3,74,0,0,44,4,48,8,33,74,7,122,28,0,28,150
10/17/2003,RAP,SD,AGL,WE,Federal Contract Tower,8,32,26,3,69,0,0,62,4,66,8,32,88,7,135,106,4,110,245
10/18/2003,RAP,SD,AGL,WE,Federal Contract Tower,6,26,20,3,55,2,0,41,1,44,8,26,61,4,99,20,0,20,119
10/19/2003,RAP,SD,AGL,WE,Federal Contract Tower,6,26,21,1,54,2,0,69,0,71,8,26,90,1,125,28,0,28,153
10/20/2003,RAP,SD,AGL,WE,Federal Contract Tower,7,29,21,3,60,1,13,37,7,58,8,42,58,10,118,68,0,68,186
10/21/2003,RAP,SD,AGL,WE,Federal Contract Tower,8,33,25,3,69,0,4,35,9,48,8,37,60,12,117,8,0,8,125
10/22/2003,RAP,SD,AGL,WE,Federal Contract Tower,8,40,31,4,83,0,3,69,10,82,8,43,100,14,165,32,0,32,197
10/23/2003,RAP,SD,AGL,WE,Federal Contract Tower,8,35,27,3,73,0,11,58,1,70,8,46,85,4,143,50,0,50,193
10/24/2003,RAP,SD,AGL,WE,Federal Contract Tower,8,35,27,3,73,0,9,38,6,53,8,44,65,9,126,22,0,22,148
10/25/2003,RAP,SD,AGL,WE,Federal Contract Tower,6,24,19,1,50,1,6,30,0,37,7,30,49,1,87,20,0,20,107
10/26/2003,RAP,SD,AGL,WE,Federal Contract Tower,5,21,15,1,42,2,5,7,0,14,7,26,22,1,56,4,0,4,60
10/27/2003,RAP,SD,AGL,WE,Federal Contract Tower,8,31,28,0,67,2,0,19,0,21,10,31,47,0,88,6,0,6,94
10/28/2003,RAP,SD,AGL,WE,Federal Contract Tower,8,33,27,2,70,0,3,31,8,42,8,36,58,10,112,24,16,40,152
10/29/2003,RAP,SD,AGL,WE,Federal Contract Tower,8,36,29,2,75,0,7,19,2,28,8,43,48,4,103,30,0,30,133
10/30/2003,RAP,SD,AGL,WE,Federal Contract Tower,7,28,22,2,59,4,0,0,5,9,11,28,22,7,68,18,2,20,88
10/31/2003,RAP,SD,AGL,WE,Federal Contract Tower,7,23,23,2,55,1,0,7,4,12,8,23,30,6,67,8,0,8,75
11/01/2003,RAP,SD,AGL,WE,Federal Contract Tower,5,19,13,1,38,1,8,0,8,17,6,27,13,9,55,10,42,52,107
11/02/2003,RAP,SD,AGL,WE,Federal Contract Tower,6,25,21,1,53,0,0,15,0,15,6,25,36,1,68,38,0,38,106
11/03/2003,RAP,SD,AGL,WE,Federal Contract Tower,7,27,19,1,54,0,0,0,1,1,7,27,19,2,55,0,0,0,55
11/04/2003,RAP,SD,AGL,WE,Federal Contract Tower,8,38,27,2,75,0,5,3,0,8,8,43,30,2,83,0,0,0,83
11/05/2003,RAP,SD,AGL,WE,Federal Contract Tower,8,30,23,2,63,0,0,37,0,37,8,30,60,2,100,30,0,30,130
11/06/2003,RAP,SD,AGL,WE,Federal Contract Tower,10,32,26,2,70,0,0,70,3,73,10,32,96,5,143,52,2,54,197
11/07/2003,RAP,SD,AGL,WE,Federal Contract Tower,8,33,23,2,66,0,1,35,13,49,8,34,58,15,115,76,8,84,199
11/08/2003,RAP,SD,AGL,WE,Federal Contract Tower,6,22,14,1,43,1,3,0,0,4,7,25,14,1,47,0,0,0,47
11/09/2003,RAP,SD,AGL,WE,Federal Contract Tower,7,24,18,0,49,2,2,44,0,48,9,26,62,0,97,52,0,52,149
11/10/2003,RAP,SD,AGL,WE,Federal Contract Tower,8,31,23,2,64,0,2,46,3,51,8,33,69,5,115,38,0,38,153
11/11/2003,RAP,SD,AGL,WE,Federal Contract Tower,7,28,21,0,56,1,7,30,0,38,8,35,51,0,94,68,0,68,162
11/12/2003,RAP,SD,AGL,WE,Federal Contract Tower,8,37,26,3,74,0,3,28,1,32,8,40,54,4,106,16,0,16,122
11/13/2003,RAP,SD,AGL,WE,Federal Contract Tower,8,37,27,3,75,0,10,66,15,91,8,47,93,18,166,56,2,58,224
11/14/2003,RAP,SD,AGL,WE,Federal Contract Tower,8,39,30,3,80,0,0,47,7,54,8,39,77,10,134,28,0,28,162
11/15/2003,RAP,SD,AGL,WE,Federal Contract Tower,6,26,20,2,54,1,3,44,17,65,7,29,64,19,119,60,18,78,197
11/16/2003,RAP,SD,AGL,WE,Federal Contract Tower,6,24,21,2,53,1,0,38,14,53,7,24,59,16,106,54,0,54,160
11/17/2003,RAP,SD,AGL,WE,Federal Contract Tower,8,34,22,3,67,0,2,16,2,20,8,36,38,5,87,12,0,12,99
11/18/2003,RAP,SD,AGL,WE,Federal Contract Tower,7,36,28,3,74,0,0,37,5,42,7,36,65,8,116,36,12,48,164
11/19/2003,RAP,SD,AGL,WE,Federal Contract Tower,7,41,29,3,80,0,1,51,0,52,7,42,80,3,132,45,0,45,177
11/20/2003,RAP,SD,AGL,WE,Federal Contract Tower,11,40,34,4,89,1,0,46,0,47,12,40,80,4,136,20,0,20,156
11/21/2003,RAP,SD,AGL,WE,Federal Contract Tower,7,31,19,2,59,0,3,0,0,3,7,34,19,2,62,0,0,0,62
11/22/2003,RAP,SD,AGL,WE,Federal Contract Tower,5,22,10,2,39,1,2,0,3,6,6,24,10,5,45,0,0,0,45
11/23/2003,RAP,SD,AGL,WE,Federal Contract Tower,5,22,14,1,42,1,4,16,0,21,6,26,30,1,63,30,0,30,93
11/24/2003,RAP,SD,AGL,WE,Federal Contract Tower,8,33,25,2,68,0,0,25,1,26,8,33,50,3,94,12,0,12,106
11/25/2003,RAP,SD,AGL,WE,Federal Contract Tower,7,33,24,2,66,1,3,24,1,29,8,36,48,3,95,14,0,14,109
11/26/2003,RAP,SD,AGL,WE,Federal Contract Tower,7,42,31,2,82,0,0,52,13,65,7,42,83,15,147,38,18,56,203
11/27/2003,RAP,SD,AGL,WE,Federal Contract Tower,4,15,11,0,30,2,6,3,2,13,6,21,14,2,43,12,0,12,55
11/28/2003,RAP,SD,AGL,WE,Federal Contract Tower,4,17,12,0,33,2,8,12,0,22,6,25,24,0,55,34,0,34,89
11/29/2003,RAP,SD,AGL,WE,Federal Contract Tower,5,24,17,0,46,2,2,42,0,46,7,26,59,0,92,64,0,64,156
11/30/2003,RAP,SD,AGL,WE,Federal Contract Tower,7,29,22,0,58,0,0,26,0,26,7,29,48,0,84,12,0,12,96
12/01/2003,RAP,SD,AGL,WE,Federal Contract Tower,8,32,25,1,66,0,0,31,1,32,8,32,56,2,98,48,0,48,146
12/02/2003,RAP,SD,AGL,WE,Federal Contract Tower,6,33,21,1,61,0,3,40,7,50,6,36,61,8,111,52,0,52,163
12/03/2003,RAP,SD,AGL,WE,Federal Contract Tower,8,39,29,1,77,0,0,48,5,53,8,39,77,6,130,54,10,64,194
12/04/2003,RAP,SD,AGL,WE,Federal Contract Tower,5,35,24,0,64,0,0,26,0,26,5,35,50,0,90,0,0,0,90
12/05/2003,RAP,SD,AGL,WE,Federal Contract Tower,6,38,28,1,73,0,0,59,14,73,6,38,87,15,146,28,0,28,174
12/06/2003,RAP,SD,AGL,WE,Federal Contract Tower,5,24,16,0,45,0,7,54,10,71,5,31,70,10,116,100,6,106,222
12/07/2003,RAP,SD,AGL,WE,Federal Contract Tower,5,21,14,0,40,0,6,20,2,28,5,27,34,2,68,32,2,34,102
12/08/2003,RAP,SD,AGL,WE,Federal Contract Tower,6,30,20,0,56,0,0,13,0,13,6,30,33,0,69,0,0,0,69
12/09/2003,RAP,SD,AGL,WE,Federal Contract Tower,5,36,24,0,65,0,7,27,0,34,5,43,51,0,99,12,0,12,111
12/10/2003,RAP,SD,AGL,WE,Federal Contract Tower,6,40,28,0,74,0,0,37,0,37,6,40,65,0,111,70,0,70,181
12/11/2003,RAP,SD,AGL,WE,Federal Contract Tower,5,32,23,2,62,0,0,17,2,19,5,32,40,4,81,22,0,22,103
12/12/2003,RAP,SD,AGL,WE,Federal Contract Tower,7,36,26,2,71,0,0,46,0,46,7,36,72,2,117,58,12,70,187
12/13/2003,RAP,SD,AGL,WE,Federal Contract Tower,5,21,14,1,41,0,2,32,1,35,5,23,46,2,76,30,0,30,106
12/14/2003,RAP,SD,AGL,WE,Federal Contract Tower,3,17,12,0,32,2,7,22,0,31,5,24,34,0,63,20,0,20,83
12/15/2003,RAP,SD,AGL,WE,Federal Contract Tower,5,33,21,0,59,0,0,10,0,10,5,33,31,0,69,0,0,0,69
12/16/2003,RAP,SD,AGL,WE,Federal Contract Tower,6,35,26,2,69,0,0,42,20,62,6,35,68,22,131,22,20,42,173
12/17/2003,RAP,SD,AGL,WE,Federal Contract Tower,7,32,21,0,60,3,5,8,0,16,10,37,29,0,76,0,0,0,76
12/18/2003,RAP,SD,AGL,WE,Federal Contract Tower,9,44,31,2,86,0,0,34,15,49,9,44,65,17,135,36,8,44,179
12/19/2003,RAP,SD,AGL,WE,Federal Contract Tower,10,42,29,2,83,0,0,52,1,53,10,42,81,3,136,36,0,36,172
12/20/2003,RAP,SD,AGL,WE,Federal Contract Tower,6,30,18,2,56,2,0,50,3,55,8,30,68,5,111,50,0,50,161
12/21/2003,RAP,SD,AGL,WE,Federal Contract Tower,6,29,18,2,55,2,3,25,0,30,8,32,43,2,85,20,0,20,105
12/22/2003,RAP,SD,AGL,WE,Federal Contract Tower,7,31,20,2,60,3,0,38,4,45,10,31,58,6,105,0,0,0,105
12/23/2003,RAP,SD,AGL,WE,Federal Contract Tower,9,40,27,2,78,1,0,55,8,64,10,40,82,10,142,14,6,20,162
12/24/2003,RAP,SD,AGL,WE,Federal Contract Tower,6,32,19,0,57,3,7,27,0,37,9,39,46,0,94,40,0,40,134
12/25/2003,RAP,SD,AGL,WE,Federal Contract Tower,3,17,10,0,30,4,7,13,0,24,7,24,23,0,54,12,0,12,66
12/26/2003,RAP,SD,AGL,WE,Federal Contract Tower,7,33,19,2,61,2,2,24,2,30,9,35,43,4,91,84,6,90,181
12/27/2003,RAP,SD,AGL,WE,Federal Contract Tower,6,32,20,0,58,2,9,6,0,17,8,41,26,0,75,26,0,26,101
12/28/2003,RAP,SD,AGL,WE,Federal Contract Tower,5,25,16,0,46,3,5,4,0,12,8,30,20,0,58,0,0,0,58
12/29/2003,RAP,SD,AGL,WE,Federal Contract Tower,7,34,23,1,65,3,0,26,5,34,10,34,49,6,99,20,16,36,135
12/30/2003,RAP,SD,AGL,WE,Federal Contract Tower,8,38,24,0,70,2,4,14,0,20,10,42,38,0,90,2,0,2,92
12/31/2003,RAP,SD,AGL,WE,Federal Contract Tower,6,29,19,1,55,4,4,42,4,54,10,33,61,5,109,48,10,58,167
01/01/2004,RAP,SD,AGL,WE,Federal Contract Tower,4,19,11,1,35,4,5,31,1,41,8,24,42,2,76,44,16,60,136
01/02/2004,RAP,SD,AGL,WE,Federal Contract Tower,6,30,19,1,56,4,0,18,1,23,10,30,37,2,79,0,20,20,99
01/03/2004,RAP,SD,AGL,WE,Federal Contract Tower,5,27,15,0,47,2,6,5,0,13,7,33,20,0,60,0,0,0,60
01/04/2004,RAP,SD,AGL,WE,Federal Contract Tower,5,26,15,1,47,2,0,9,1,12,7,26,24,2,59,16,0,16,75
01/05/2004,RAP,SD,AGL,WE,Federal Contract Tower,7,36,22,1,66,1,0,20,1,22,8,36,42,2,88,0,0,0,88
01/06/2004,RAP,SD,AGL,WE,Federal Contract Tower,5,29,17,0,51,1,3,36,0,40,6,32,53,0,91,30,0,30,121
01/07/2004,RAP,SD,AGL,WE,Federal Contract Tower,5,32,18,1,56,0,6,41,0,47,5,38,59,1,103,40,0,40,143
01/08/2004,RAP,SD,AGL,WE,Federal Contract Tower,6,43,23,0,72,0,0,27,0,27,6,43,50,0,99,8,0,8,107
01/09/2004,RAP,SD,AGL,WE,Federal Contract Tower,6,42,23,2,73,0,6,31,4,41,6,48,54,6,114,14,4,18,132
01/10/2004,RAP,SD,AGL,WE,Federal Contract Tower,4,33,19,1,57,0,1,47,7,55,4,34,66,8,112,114,0,114,226
01/11/2004,RAP,SD,AGL,WE,Federal Contract Tower,6,31,18,1,56,0,9,36,2,47,6,40,54,3,103,42,0,42,145
01/12/2004,RAP,SD,AGL,WE,Federal Contract Tower,5,34,19,1,59,0,4,42,6,52,5,38,61,7,111,66,0,66,177
01/13/2004,RAP,SD,AGL,WE,Federal Contract Tower,6,37,24,2,69,0,0,48,19,67,6,37,72,21,136,38,10,48,184
01/14/2004,RAP,SD,AGL,WE,Federal Contract Tower,6,40,26,3,75,0,0,53,5,58,6,40,79,8,133,34,0,34,167
01/15/2004,RAP,SD,AGL,WE,Federal Contract Tower,6,43,29,3,81,0,0,72,15,87,6,43,101,18,168,12,6,18,186
01/16/2004,RAP,SD,AGL,WE,Federal Contract Tower,6,47,24,3,80,0,0,33,6,39,6,47,57,9,119,92,8,100,219
01/17/2004,RAP,SD,AGL,WE,Federal Contract Tower,4,37,20,2,63,0,1,45,6,52,4,38,65,8,115,86,0,86,201
01/18/2004,RAP,SD,AGL,WE,Federal Contract Tower,4,28,14,0,46,2,3,0,0,5,6,31,14,0,51,14,0,14,65
01/19/2004,RAP,SD,AGL,WE,Federal Contract Tower,6,39,22,0,67,0,0,28,0,28,6,39,50,0,95,88,0,88,183
01/20/2004,RAP,SD,AGL,WE,Federal Contract Tower,5,43,23,0,71,0,2,29,0,31,5,45,52,0,102,16,0,16,118
01/21/2004,RAP,SD,AGL,WE,Federal Contract Tower,5,43,23,3,74,0,1,49,0,50,5,44,72,3,124,48,0,48,172
01/22/2004,RAP,SD,AGL,WE,Federal Contract Tower,5,36,25,3,69,0,0,67,27,94,5,36,92,30,163,44,26,70,233
01/23/2004,RAP,SD,AGL,WE,Federal Contract Tower,6,41,22,3,72,0,1,52,7,60,6,42,74,10,132,64,8,72,204
01/24/2004,RAP,SD,AGL,WE,Federal Contract Tower,4,28,14,1,47,0,7,27,0,34,4,35,41,1,81,34,0,34,115
01/25/2004,RAP,SD,AGL,WE,Federal Contract Tower,3,23,12,2,40,3,5,2,0,10,6,28,14,2,50,2,0,2,52
01/26/2004,RAP,SD,AGL,WE,Federal Contract Tower,4,28,14,0,46,1,11,9,0,21,5,39,23,0,67,2,0,2,69
01/27/2004,RAP,SD,AGL,WE,Federal Contract Tower,6,42,24,2,74,0,0,10,4,14,6,42,34,6,88,30,22,52,140
01/28/2004,RAP,SD,AGL,WE,Federal Contract Tower,6,42,24,2,74,0,0,25,6,31,6,42,49,8,105,18,10,28,133
01/29/2004,RAP,SD,AGL,WE,Federal Contract Tower,6,40,22,1,69,0,1,24,10,35,6,41,46,11,104,8,10,18,122
01/30/2004,RAP,SD,AGL,WE,Federal Contract Tower,6,36,20,1,63,2,2,18,3,25,8,38,38,4,88,48,0,48,136
01/31/2004,RAP,SD,AGL,WE,Federal Contract Tower,4,29,16,1,50,0,5,23,2,30,4,34,39,3,80,66,8,74,154
02/01/2004,RAP,SD,AGL,WE,Federal Contract Tower,5,26,17,0,48,0,5,15,0,20,5,31,32,0,68,22,0,22,90
02/02/2004,RAP,SD,AGL,WE,Federal Contract Tower,4,32,21,0,57,0,5,22,0,27,4,37,43,0,84,26,0,26,110
02/03/2004,RAP,SD,AGL,WE,Federal Contract Tower,5,38,27,2,72,0,0,20,3,23,5,38,47,5,95,16,0,16,111
02/04/2004,RAP,SD,AGL,WE,Federal Contract Tower,6,33,23,1,63,0,0,2,1,3,6,33,25,2,66,0,0,0,66
02/05/2004,RAP,SD,AGL,WE,Federal Contract Tower,6,36,25,1,68,0,0,12,1,13,6,36,37,2,81,0,0,0,81
02/06/2004,RAP,SD,AGL,WE,Federal Contract Tower,6,45,33,2,86,0,0,58,29,87,6,45,91,31,173,10,30,40,213
02/07/2004,RAP,SD,AGL,WE,Federal Contract Tower,4,27,18,1,50,0,4,68,1,73,4,31,86,2,123,84,0,84,207
02/08/2004,RAP,SD,AGL,WE,Federal Contract Tower,5,29,20,1,55,0,0,15,2,17,5,29,35,3,72,6,0,6,78
02/09/2004,RAP,SD,AGL,WE,Federal Contract Tower,6,34,26,2,68,0,0,33,0,33,6,34,59,2,101,36,0,36,137
02/10/2004,RAP,SD,AGL,WE,Federal Contract Tower,5,35,23,2,65,0,3,23,4,30,5,38,46,6,95,22,0,22,117
02/11/2004,RAP,SD,AGL,WE,Federal Contract Tower,6,39,27,2,74,0,0,11,0,11,6,39,38,2,85,0,0,0,85
02/12/2004,RAP,SD,AGL,WE,Federal Contract Tower,7,38,24,2,71,0,0,41,10,51,7,38,65,12,122,0,12,12,134
02/13/2004,RAP,SD,AGL,WE,Federal Contract Tower,7,40,26,3,76,1,0,65,6,72,8,40,91,9,148,112,0,112,260
02/14/2004,RAP,SD,AGL,WE,Federal Contract Tower,5,30,16,0,51,0,6,0,0,6,5,36,16,0,57,4,0,4,61
02/15/2004,RAP,SD,AGL,WE,Federal Contract Tower,4,27,16,0,47,3,0,33,0,36,7,27,49,0,83,54,0,54,137
02/16/2004,RAP,SD,AGL,WE,Federal Contract Tower,6,31,19,1,57,2,4,35,0,41,8,35,54,1,98,68,0,68,166
02/17/2004,RAP,SD,AGL,WE,Federal Contract Tower,7,41,26,3,77,1,0,47,11,59,8,41,73,14,136,14,18,32,168
02/18/2004,RAP,SD,AGL,WE,Federal Contract Tower,8,38,27,3,76,0,0,66,10,76,8,38,93,13,152,78,28,106,258
02/19/2004,RAP,SD,AGL,WE,Federal Contract Tower,7,40,25,2,74,1,0,21,18,40,8,40,46,20,114,20,18,38,152
02/20/2004,RAP,SD,AGL,WE,Federal Contract Tower,7,35,22,2,66,1,0,36,6,43,8,35,58,8,109,20,16,36,145
02/21/2004,RAP,SD,AGL,WE,Federal Contract Tower,5,30,19,1,55,0,7,82,0,89,5,37,101,1,144,182,0,182,326
02/22/2004,RAP,SD,AGL,WE,Federal Contract Tower,5,30,19,2,56,3,3,33,2,41,8,33,52,4,97,82,4,86,183
02/23/2004,RAP,SD,AGL,WE,Federal Contract Tower,6,34,21,2,63,2,2,15,9,28,8,36,36,11,91,14,8,22,113
02/24/2004,RAP,SD,AGL,WE,Federal Contract Tower,7,39,25,2,73,1,6,16,10,33,8,45,41,12,106,20,16,36,142
02/25/2004,RAP,SD,AGL,WE,Federal Contract Tower,8,40,32,2,82,0,0,64,19,83,8,40,96,21,165,48,30,78,243
02/26/2004,RAP,SD,AGL,WE,Federal Contract Tower,7,39,25,1,72,1,3,48,9,61,8,42,73,10,133,40,0,40,173
02/27/2004,RAP,SD,AGL,WE,Federal Contract Tower,6,35,23,1,65,2,2,41,13,58,8,37,64,14,123,64,32,96,219
02/28/2004,RAP,SD,AGL,WE,Federal Contract Tower,5,30,19,0,54,0,4,14,0,18,5,34,33,0,72,78,0,78,150
02/29/2004,RAP,SD,AGL,WE,Federal Contract Tower,3,19,5,0,27,2,5,0,1,8,5,24,5,1,35,0,0,0,35
03/01/2004,RAP,SD,AGL,WE,Federal Contract Tower,4,16,11,0,31,0,0,9,0,9,4,16,20,0,40,2,0,2,42
03/02/2004,RAP,SD,AGL,WE,Federal Contract Tower,7,37,29,3,76,0,0,14,0,14,7,37,43,3,90,14,0,14,104
03/03/2004,RAP,SD,AGL,WE,Federal Contract Tower,7,39,26,3,75,0,0,24,0,24,7,39,50,3,99,0,0,0,99
03/04/2004,RAP,SD,AGL,WE,Federal Contract Tower,7,38,23,2,70,0,0,36,2,38,7,38,59,4,108,40,0,40,148
03/05/2004,RAP,SD,AGL,WE,Federal Contract Tower,5,39,24,2,70,0,0,38,1,39,5,39,62,3,109,48,0,48,157
03/06/2004,RAP,SD,AGL,WE,Federal Contract Tower,5,26,15,1,47,0,11,11,12,34,5,37,26,13,81,28,12,40,121
03/07/2004,RAP,SD,AGL,WE,Federal Contract Tower,5,24,15,0,44,2,4,22,0,28,7,28,37,0,72,28,0,28,100
03/08/2004,RAP,SD,AGL,WE,Federal Contract Tower,8,32,22,3,65,0,0,26,26,52,8,32,48,29,117,58,10,68,185
03/09/2004,RAP,SD,AGL,WE,Federal Contract Tower,8,40,24,0,72,0,4,67,0,71,8,44,91,0,143,46,0,46,189
03/10/2004,RAP,SD,AGL,WE,Federal Contract Tower,6,35,21,0,62,2,6,16,0,24,8,41,37,0,86,0,0,0,86
03/11/2004,RAP,SD,AGL,WE,Federal Contract Tower,8,39,23,3,73,0,5,54,2,61,8,44,77,5,134,56,16,72,206
03/12/2004,RAP,SD,AGL,WE,Federal Contract Tower,7,37,22,3,69,3,4,33,6,46,10,41,55,9,115,64,8,72,187
03/13/2004,RAP,SD,AGL,WE,Federal Contract Tower,5,24,15,1,45,0,13,8,0,21,5,37,23,1,66,14,0,14,80
03/14/2004,RAP,SD,AGL,WE,Federal Contract Tower,6,31,18,3,58,1,5,39,3,48,7,36,57,6,106,44,10,54,160
03/15/2004,RAP,SD,AGL,WE,Federal Contract Tower,7,37,24,1,69,2,0,18,0,20,9,37,42,1,89,18,0,18,107
03/16/2004,RAP,SD,AGL,WE,Federal Contract Tower,8,46,27,4,85,0,0,22,1,23,8,46,49,5,108,20,8,28,136
03/17/2004,RAP,SD,AGL,WE,Federal Contract Tower,8,44,28,4,84,0,0,26,6,32,8,44,54,10,116,58,0,58,174
03/18/2004,RAP,SD,AGL,WE,Federal Contract Tower,8,43,25,4,80,0,0,69,19,88,8,43,94,23,168,22,0,22,190
03/19/2004,RAP,SD,AGL,WE,Federal Contract Tower,8,39,26,4,77,0,0,69,23,92,8,39,95,27,169,46,0,46,215
03/20/2004,RAP,SD,AGL,WE,Federal Contract Tower,5,34,18,3,60,0,10,34,1,45,5,44,52,4,105,32,0,32,137
03/21/2004,RAP,SD,AGL,WE,Federal Contract Tower,5,25,14,1,45,2,7,30,0,39,7,32,44,1,84,60,0,60,144
03/22/2004,RAP,SD,AGL,WE,Federal Contract Tower,7,36,22,0,65,1,0,58,0,59,8,36,80,0,124,38,0,38,162
03/23/2004,RAP,SD,AGL,WE,Federal Contract Tower,8,39,23,4,74,0,0,43,9,52,8,39,66,13,126,24,10,34,160
03/24/2004,RAP,SD,AGL,WE,Federal Contract Tower,8,42,23,4,77,0,4,38,2,44,8,46,61,6,121,44,6,50,171
03/25/2004,RAP,SD,AGL,WE,Federal Contract Tower,6,36,20,3,65,1,5,48,2,56,7,41,68,5,121,30,2,32,153
03/26/2004,RAP,SD,AGL,WE,Federal Contract Tower,8,41,23,3,75,0,1,31,5,37,8,42,54,8,112,10,0,10,122
03/27/2004,RAP,SD,AGL,WE,Federal Contract Tower,5,34,19,2,60,0,9,32,4,45,5,43,51,6,105,42,0,42,147
03/28/2004,RAP,SD,AGL,WE,Federal Contract Tower,6,34,20,1,61,1,2,23,0,26,7,36,43,1,87,12,0,12,99
03/29/2004,RAP,SD,AGL,WE,Federal Contract Tower,6,36,21,2,65,2,7,28,0,37,8,43,49,2,102,8,0,8,110
03/30/2004,RAP,SD,AGL,WE,Federal Contract Tower,6,34,19,2,61,2,7,75,0,84,8,41,94,2,145,106,0,106,251
03/31/2004,RAP,SD,AGL,WE,Federal Contract Tower,8,44,27,3,82,0,0,89,2,91,8,44,116,5,173,84,0,84,257
04/01/2004,RAP,SD,AGL,WE,Federal Contract Tower,8,38,22,2,70,0,6,53,4,63,8,44,75,6,133,98,0,98,231
04/02/2004,RAP,SD,AGL,WE,Federal Contract Tower,8,42,24,2,76,0,16,9,14,39,8,58,33,16,115,12,20,32,147
04/03/2004,RAP,SD,AGL,WE,Federal Contract Tower,5,34,20,1,60,0,4,38,11,53,5,38,58,12,113,44,14,58,171
04/04/2004,RAP,SD,AGL,WE,Federal Contract Tower,6,30,18,1,55,1,8,43,6,58,7,38,61,7,113,68,20,88,201
04/05/2004,RAP,SD,AGL,WE,Federal Contract Tower,8,39,23,2,72,0,1,41,0,42,8,40,64,2,114,60,0,60,174
04/06/2004,RAP,SD,AGL,WE,Federal Contract Tower,8,38,22,2,70,0,0,68,5,73,8,38,90,7,143,76,0,76,219
04/07/2004,RAP,SD,AGL,WE,Federal Contract Tower,9,43,25,2,79,1,1,36,1,39,10,44,61,3,118,32,2,34,152
04/08/2004,RAP,SD,AGL,WE,Federal Contract Tower,8,38,24,2,72,0,0,77,16,93,8,38,101,18,165,82,8,90,255
04/09/2004,RAP,SD,AGL,WE,Federal Contract Tower,8,37,21,2,68,0,1,19,3,23,8,38,40,5,91,46,0,46,137
04/10/2004,RAP,SD,AGL,WE,Federal Contract Tower,5,25,15,1,46,0,5,9,3,17,5,30,24,4,63,28,0,28,91
04/11/2004,RAP,SD,AGL,WE,Federal Contract Tower,6,26,15,0,47,1,5,6,0,12,7,31,21,0,59,0,0,0,59
04/12/2004,RAP,SD,AGL,WE,Federal Contract Tower,7,38,20,3,68,1,0,49,0,50,8,38,69,3,118,52,16,68,186
04/13/2004,RAP,SD,AGL,WE,Federal Contract Tower,8,41,23,3,75,0,0,70,10,80,8,41,93,13,155,38,26,64,219
04/14/2004,RAP,SD,AGL,WE,Federal Contract Tower,8,44,23,3,78,0,7,42,3,52,8,51,65,6,130,66,0,66,196
04/15/2004,RAP,SD,AGL,WE,Federal Contract Tower,8,41,25,3,77,0,0,53,7,60,8,41,78,10,137,72,0,72,209
04/16/2004,RAP,SD,AGL,WE,Federal Contract Tower,7,43,23,3,76,1,7,26,1,35,8,50,49,4,111,44,12,56,167
04/17/2004,RAP,SD,AGL,WE,Federal Contract Tower,4,25,13,2,44,1,8,42,5,56,5,33,55,7,100,86,22,108,208
04/18/2004,RAP,SD,AGL,WE,Federal Contract Tower,7,39,22,0,68,1,0,30,0,31,8,39,52,0,99,10,0,10,109
04/19/2004,RAP,SD,AGL,WE,Federal Contract Tower,6,38,20,3,67,0,0,33,0,33,6,38,53,3,100,62,22,84,184
04/20/2004,RAP,SD,AGL,WE,Federal Contract Tower,7,40,22,3,72,1,8,27,15,51,8,48,49,18,123,10,12,22,145
04/21/2004,RAP,SD,AGL,WE,Federal Contract Tower,8,45,26,3,82,0,0,26,14,40,8,45,52,17,122,22,16,38,160
04/22/2004,RAP,SD,AGL,WE,Federal Contract Tower,8,41,26,3,78,0,0,45,11,56,8,41,71,14,134,42,4,46,180
04/23/2004,RAP,SD,AGL,WE,Federal Contract Tower,8,41,25,3,77,0,0,62,1,63,8,41,87,4,140,40,0,40,180
04/24/2004,RAP,SD,AGL,WE,Federal Contract Tower,5,29,17,1,52,0,8,41,1,50,5,37,58,2,102,82,0,82,184
04/25/2004,RAP,SD,AGL,WE,Federal Contract Tower,7,31,19,1,58,0,0,28,11,39,7,31,47,12,97,6,0,6,103
04/26/2004,RAP,SD,AGL,WE,Federal Contract Tower,8,42,27,2,79,0,0,35,11,46,8,42,62,13,125,38,22,60,185
04/27/2004,RAP,SD,AGL,WE,Federal Contract Tower,8,43,24,2,77,0,2,59,6,67,8,45,83,8,144,72,6,78,222
04/28/2004,RAP,SD,AGL,WE,Federal Contract Tower,7,40,22,2,71,1,6,9,3,19,8,46,31,5,90,2,0,2,92
04/29/2004,RAP,SD,AGL,WE,Federal Contract Tower,8,43,25,2,78,0,0,20,1,21,8,43,45,3,99,18,0,18,117
04/30/2004,RAP,SD,AGL,WE,Federal Contract Tower,8,45,30,2,85,0,0,34,22,56,8,45,64,24,141,10,24,34,175
05/01/2004,RAP,SD,AGL,WE,Federal Contract Tower,7,27,18,1,53,1,7,17,15,40,8,34,35,16,93,0,8,8,101
05/02/2004,RAP,SD,AGL,WE,Federal Contract Tower,6,24,16,1,47,2,4,34,6,46,8,28,50,7,93,52,0,52,145
05/03/2004,RAP,SD,AGL,WE,Federal Contract Tower,10,45,30,3,88,0,0,52,0,52,10,45,82,3,140,2,0,2,142
05/04/2004,RAP,SD,AGL,WE,Federal Contract Tower,10,37,23,2,72,0,8,38,4,50,10,45,61,6,122,38,0,38,160
05/05/2004,RAP,SD,AGL,WE,Federal Contract Tower,10,39,24,2,75,0,2,43,0,45,10,41,67,2,120,38,0,38,158
05/06/2004,RAP,SD,AGL,WE,Federal Contract Tower,10,40,25,2,77,0,3,90,13,106,10,43,115,15,183,58,0,58,241
05/07/2004,RAP,SD,AGL,WE,Federal Contract Tower,10,44,29,2,85,0,0,51,2,53,10,44,80,4,138,62,2,64,202
05/08/2004,RAP,SD,AGL,WE,Federal Contract Tower,8,29,18,1,56,0,9,31,4,44,8,38,49,5,100,52,0,52,152
05/09/2004,RAP,SD,AGL,WE,Federal Contract Tower,7,25,16,1,49,2,6,30,0,38,9,31,46,1,87,22,0,22,109
05/10/2004,RAP,SD,AGL,WE,Federal Contract Tower,10,39,24,2,75,0,3,27,4,34,10,42,51,6,109,26,0,26,135
05/11/2004,RAP,SD,AGL,WE,Federal Contract Tower,9,38,24,2,73,0,9,35,6,50,9,47,59,8,123,22,8,30,153
05/12/2004,RAP,SD,AGL,WE,Federal Contract Tower,10,45,29,2,86,0,3,15,3,21,10,48,44,5,107,12,0,12,119
05/13/2004,RAP,SD,AGL,WE,Federal Contract Tower,10,42,28,3,83,0,0,35,2,37,10,42,63,5,120,32,10,42,162
05/14/2004,RAP,SD,AGL,WE,Federal Contract Tower,8,36,23,3,70,2,10,46,6,64,10,46,69,9,134,84,16,100,234
05/15/2004,RAP,SD,AGL,WE,Federal Contract Tower,7,28,18,2,55,1,7,41,4,53,8,35,59,6,108,38,0,38,146
05/16/2004,RAP,SD,AGL,WE,Federal Contract Tower,5,24,14,0,43,2,4,0,0,6,7,28,14,0,49,0,0,0,49
05/17/2004,RAP,SD,AGL,WE,Federal Contract Tower,9,37,31,4,81,0,0,38,5,43,9,37,69,9,124,28,0,28,152
05/18/2004,RAP,SD,AGL,WE,Federal Contract Tower,10,42,25,3,80,0,2,20,10,32,10,44,45,13,112,6,10,16,128
05/19/2004,RAP,SD,AGL,WE,Federal Contract Tower,9,45,31,4,89,0,0,36,18,54,9,45,67,22,143,62,0,62,205
05/20/2004,RAP,SD,AGL,WE,Federal Contract Tower,9,39,25,3,76,0,0,40,3,43,9,39,65,6,119,24,0,24,143
05/21/2004,RAP,SD,AGL,WE,Federal Contract Tower,9,39,24,3,75,0,0,51,10,61,9,39,75,13,136,66,12,78,214
05/22/2004,RAP,SD,AGL,WE,Federal Contract Tower,8,40,27,3,78,0,0,35,3,38,8,40,62,6,116,50,0,50,166
05/23/2004,RAP,SD,AGL,WE,Federal Contract Tower,7,31,18,2,58,1,4,19,0,24,8,35,37,2,82,10,0,10,92
05/24/2004,RAP,SD,AGL,WE,Federal Contract Tower,10,41,25,3,79,0,0,27,2,29,10,41,52,5,108,14,0,14,122
05/25/2004,RAP,SD,AGL,WE,Federal Contract Tower,9,46,32,4,91,0,0,56,16,72,9,46,88,20,163,42,8,50,213
05/26/2004,RAP,SD,AGL,WE,Federal Contract Tower,10,47,31,4,92,0,0,78,6,84,10,47,109,10,176,46,8,54,230
05/27/2004,RAP,SD,AGL,WE,Federal Contract Tower,10,43,28,3,84,0,0,66,14,80,10,43,94,17,164,58,14,72,236
05/28/2004,RAP,SD,AGL,WE,Federal Contract Tower,9,40,23,3,75,0,3,65,4,72,9,43,88,7,147,46,10,56,203
05/29/2004,RAP,SD,AGL,WE,Federal Contract Tower,7,30,18,2,57,4,7,21,0,32,11,37,39,2,89,54,8,62,151
05/30/2004,RAP,SD,AGL,WE,Federal Contract Tower,6,27,16,0,49,4,4,11,0,19,10,31,27,0,68,0,0,0,68
05/31/2004,RAP,SD,AGL,WE,Federal Contract Tower,7,32,20,2,61,3,2,15,0,20,10,34,35,2,81,0,0,0,81
06/01/2004,RAP,SD,AGL,WE,Federal Contract Tower,10,41,27,3,81,0,1,68,4,73,10,42,95,7,154,48,0,48,202
06/02/2004,RAP,SD,AGL,WE,Federal Contract Tower,10,38,24,3,75,0,4,72,18,94,10,42,96,21,169,30,0,30,199
06/03/2004,RAP,SD,AGL,WE,Federal Contract Tower,10,38,25,3,76,0,11,53,12,76,10,49,78,15,152,54,14,68,220
06/04/2004,RAP,SD,AGL,WE,Federal Contract Tower,10,38,24,3,75,0,6,60,11,77,10,44,84,14,152,32,14,46,198
06/05/2004,RAP,SD,AGL,WE,Federal Contract Tower,7,31,21,2,61,0,7,64,16,87,7,38,85,18,148,10,14,24,172
06/06/2004,RAP,SD,AGL,WE,Federal Contract Tower,7,28,19,2,56,1,5,27,2,35,8,33,46,4,91,8,4,12,103
06/07/2004,RAP,SD,AGL,WE,Federal Contract Tower,9,33,23,2,67,0,6,37,0,43,9,39,60,2,110,78,0,78,188
06/08/2004,RAP,SD,AGL,WE,Federal Contract Tower,9,42,27,3,81,0,2,42,5,49,9,44,69,8,130,32,0,32,162
06/09/2004,RAP,SD,AGL,WE,Federal Contract Tower,9,43,35,4,91,0,0,18,3,21,9,43,53,7,112,0,0,0,112
06/10/2004,RAP,SD,AGL,WE,Federal Contract Tower,9,42,28,4,83,0,10,8,5,23,9,52,36,9,106,34,0,34,140
06/11/2004,RAP,SD,AGL,WE,Federal Contract Tower,9,55,37,5,106,0,2,42,18,62,9,57,79,23,168,42,12,54,222
06/12/2004,RAP,SD,AGL,WE,Federal Contract Tower,10,42,28,4,84,2,2,49,8,61,12,44,77,12,145,18,6,24,169
06/13/2004,RAP,SD,AGL,WE,Federal Contract Tower,9,36,26,4,75,0,0,38,10,48,9,36,64,14,123,12,18,30,153
06/14/2004,RAP,SD,AGL,WE,Federal Contract Tower,9,37,26,4,76,1,0,52,13,66,10,37,78,17,142,30,8,38,180
06/15/2004,RAP,SD,AGL,WE,Federal Contract Tower,9,37,24,4,74,0,3,37,10,50,9,40,61,14,124,32,6,38,162
06/16/2004,RAP,SD,AGL,WE,Federal Contract Tower,9,40,26,4,79,0,2,35,16,53,9,42,61,20,132,52,0,52,184
06/17/2004,RAP,SD,AGL,WE,Federal Contract Tower,10,45,30,4,89,0,2,42,23,67,10,47,72,27,156,58,18,76,232
06/18/2004,RAP,SD,AGL,WE,Federal Contract Tower,9,42,26,4,81,0,8,46,11,65,9,50,72,15,146,84,18,102,248
06/19/2004,RAP,SD,AGL,WE,Federal Contract Tower,9,39,23,4,75,2,0,47,5,54,11,39,70,9,129,52,0,52,181
06/20/2004,RAP,SD,AGL,WE,Federal Contract Tower,7,31,20,3,61,3,2,47,17,69,10,33,67,20,130,68,0,68,198
06/21/2004,RAP,SD,AGL,WE,Federal Contract Tower,9,35,24,4,72,1,0,39,29,69,10,35,63,33,141,12,0,12,153
06/22/2004,RAP,SD,AGL,WE,Federal Contract Tower,10,42,27,3,82,0,1,51,15,67,10,43,78,18,149,60,6,66,215
06/23/2004,RAP,SD,AGL,WE,Federal Contract Tower,10,45,29,3,87,0,0,83,17,100,10,45,112,20,187,54,10,64,251
06/24/2004,RAP,SD,AGL,WE,Federal Contract Tower,10,47,31,3,91,0,1,45,0,46,10,48,76,3,137,36,0,36,173
06/25/2004,RAP,SD,AGL,WE,Federal Contract Tower,10,46,30,3,89,0,2,55,7,64,10,48,85,10,153,38,10,48,201
06/26/2004,RAP,SD,AGL,WE,Federal Contract Tower,9,34,24,1,68,3,0,54,0,57,12,34,78,1,125,40,0,40,165
06/27/2004,RAP,SD,AGL,WE,Federal Contract Tower,9,35,26,0,70,1,0,49,0,50,10,35,75,0,120,58,0,58,178
06/28/2004,RAP,SD,AGL,WE,Federal Contract Tower,9,39,24,3,75,1,3,50,0,54,10,42,74,3,129,6,0,6,135
06/29/2004,RAP,SD,AGL,WE,Federal Contract Tower,9,41,27,3,80,1,3,50,5,59,10,44,77,8,139,50,8,58,197
06/30/2004,RAP,SD,AGL,WE,Federal Contract Tower,9,38,24,3,74,1,6,46,0,53,10,44,70,3,127,38,0,38,165
07/01/2004,RAP,SD,AGL,WE,Federal Contract Tower,9,39,30,1,79,1,3,35,3,42,10,42,65,4,121,29,0,29,150
07/02/2004,RAP,SD,AGL,WE,Federal Contract Tower,10,41,31,1,83,0,15,76,6,97,10,56,107,7,180,60,6,66,246
07/03/2004,RAP,SD,AGL,WE,Federal Contract Tower,8,32,25,1,66,2,12,37,1,52,10,44,62,2,118,6,0,6,124
07/04/2004,RAP,SD,AGL,WE,Federal Contract Tower,6,22,18,0,46,0,14,8,0,22,6,36,26,0,68,0,0,0,68
07/05/2004,RAP,SD,AGL,WE,Federal Contract Tower,8,36,30,0,74,0,0,38,0,38,8,36,68,0,112,22,0,22,134
07/06/2004,RAP,SD,AGL,WE,Federal Contract Tower,10,43,33,1,87,0,8,37,7,52,10,51,70,8,139,22,16,38,177
07/07/2004,RAP,SD,AGL,WE,Federal Contract Tower,9,39,30,1,79,0,9,47,6,62,9,48,77,7,141,71,11,82,223
07/08/2004,RAP,SD,AGL,WE,Federal Contract Tower,10,53,44,1,108,0,0,42,5,47,10,53,86,6,155,18,0,18,173
07/09/2004,RAP,SD,AGL,WE,Federal Contract Tower,10,49,38,1,98,0,7,42,7,56,10,56,80,8,154,2,0,2,156
07/10/2004,RAP,SD,AGL,WE,Federal Contract Tower,9,37,28,1,75,1,9,44,0,54,10,46,72,1,129,14,0,14,143
07/11/2004,RAP,SD,AGL,WE,Federal Contract Tower,9,38,28,1,76,1,7,59,7,74,10,45,87,8,150,4,0,4,154
07/12/2004,RAP,SD,AGL,WE,Federal Contract Tower,9,37,28,1,75,1,0,51,0,52,10,37,79,1,127,40,0,40,167
07/13/2004,RAP,SD,AGL,WE,Federal Contract Tower,10,44,32,1,87,0,5,40,4,49,10,49,72,5,136,16,4,20,156
07/14/2004,RAP,SD,AGL,WE,Federal Contract Tower,9,40,29,1,79,0,5,80,10,95,9,45,109,11,174,50,0,50,224
07/15/2004,RAP,SD,AGL,WE,Federal Contract Tower,10,45,36,2,93,1,0,39,18,58,11,45,75,20,151,14,0,14,165
07/16/2004,RAP,SD,AGL,WE,Federal Contract Tower,9,43,31,2,85,1,0,50,7,58,10,43,81,9,143,26,16,42,185
07/17/2004,RAP,SD,AGL,WE,Federal Contract Tower,8,39,28,2,77,2,6,67,12,87,10,45,95,14,164,24,24,48,212
07/18/2004,RAP,SD,AGL,WE,Federal Contract Tower,8,37,27,2,74,2,5,47,6,60,10,42,74,8,134,0,2,2,136
07/19/2004,RAP,SD,AGL,WE,Federal Contract Tower,9,42,31,2,84,1,5,46,6,58,10,47,77,8,142,34,6,40,182
07/20/2004,RAP,SD,AGL,WE,Federal Contract Tower,9,42,31,2,84,1,2,36,2,41,10,44,67,4,125,4,0,4,129
07/21/2004,RAP,SD,AGL,WE,Federal Contract Tower,9,50,36,2,97,0,2,55,3,60,9,52,91,5,157,26,0,26,183
07/22/2004,RAP,SD,AGL,WE,Federal Contract Tower,10,39,37,2,88,0,0,55,7,62,10,39,92,9,150,36,6,42,192
07/23/2004,RAP,SD,AGL,WE,Federal Contract Tower,10,46,36,2,94,0,0,68,2,70,10,46,104,4,164,28,0,28,192
07/24/2004,RAP,SD,AGL,WE,Federal Contract Tower,10,43,33,2,88,0,0,114,4,118,10,43,147,6,206,78,0,78,284
07/25/2004,RAP,SD,AGL,WE,Federal Contract Tower,10,38,33,2,83,0,0,118,0,118,10,38,151,2,201,0,0,0,201
07/26/2004,RAP,SD,AGL,WE,Federal Contract Tower,10,51,37,2,100,0,0,97,6,103,10,51,134,8,203,104,0,104,307
07/27/2004,RAP,SD,AGL,WE,Federal Contract Tower,8,38,28,2,76,1,11,54,7,73,9,49,82,9,149,16,0,16,165
07/28/2004,RAP,SD,AGL,WE,Federal Contract Tower,10,52,39,1,102,0,0,63,6,69,10,52,102,7,171,60,0,60,231
07/29/2004,RAP,SD,AGL,WE,Federal Contract Tower,10,45,36,1,92,0,0,89,12,101,10,45,125,13,193,2,0,2,195
07/30/2004,RAP,SD,AGL,WE,Federal Contract Tower,10,49,37,1,97,0,2,116,6,124,10,51,153,7,221,54,0,54,275
07/31/2004,RAP,SD,AGL,WE,Federal Contract Tower,8,39,29,0,76,1,9,71,0,81,9,48,100,0,157,18,0,18,175
08/01/2004,RAP,SD,AGL,WE,Federal Contract Tower,10,40,36,1,87,0,0,91,3,94,10,40,127,4,181,8,0,8,189
08/02/2004,RAP,SD,AGL,WE,Federal Contract Tower,9,44,35,1,89,0,1,77,2,80,9,45,112,3,169,26,0,26,195
08/03/2004,RAP,SD,AGL,WE,Federal Contract Tower,9,42,33,1,85,0,11,7,6,24,9,53,40,7,109,2,6,8,117
08/04/2004,RAP,SD,AGL,WE,Federal Contract Tower,9,45,35,1,90,0,6,17,1,24,9,51,52,2,114,18,0,18,132
08/05/2004,RAP,SD,AGL,WE,Federal Contract Tower,10,52,39,2,103,0,4,39,16,59,10,56,78,18,162,36,20,56,218
08/06/2004,RAP,SD,AGL,WE,Federal Contract Tower,10,51,39,2,102,0,14,44,15,73,10,65,83,17,175,44,18,62,237
08/07/2004,RAP,SD,AGL,WE,Federal Contract Tower,9,36,28,1,74,0,11,76,14,101,9,47,104,15,175,92,0,92,267
08/08/2004,RAP,SD,AGL,WE,Federal Contract Tower,9,43,33,1,86,0,2,71,12,85,9,45,104,13,171,28,0,28,199
08/09/2004,RAP,SD,AGL,WE,Federal Contract Tower,10,47,40,2,99,0,0,72,5,77,10,47,112,7,176,0,0,0,176
08/10/2004,RAP,SD,AGL,WE,Federal Contract Tower,9,49,39,1,98,0,0,81,10,91,9,49,120,11,189,8,0,8,197
08/11/2004,RAP,SD,AGL,WE,Federal Contract Tower,9,55,42,3,109,0,8,52,5,65,9,63,94,8,174,32,0,32,206
08/12/2004,RAP,SD,AGL,WE,Federal Contract Tower,9,61,47,3,120,0,2,47,13,62,9,63,94,16,182,58,0,58,240
08/13/2004,RAP,SD,AGL,WE,Federal Contract Tower,10,58,48,3,119,0,0,86,4,90,10,58,134,7,209,46,2,48,257
08/14/2004,RAP,SD,AGL,WE,Federal Contract Tower,9,43,34,2,88,1,11,64,5,81,10,54,98,7,169,36,0,36,205
08/15/2004,RAP,SD,AGL,WE,Federal Contract Tower,10,47,38,0,95,0,0,46,0,46,10,47,84,0,141,10,0,10,151
08/16/2004,RAP,SD,AGL,WE,Federal Contract Tower,9,48,41,1,99,0,0,63,0,63,9,48,104,1,162,22,0,22,184
08/17/2004,RAP,SD,AGL,WE,Federal Contract Tower,8,39,30,2,79,1,4,35,2,42,9,43,65,4,121,68,2,70,191
08/18/2004,RAP,SD,AGL,WE,Federal Contract Tower,9,43,32,2,86,0,4,58,2,64,9,47,90,4,150,46,0,46,196
08/19/2004,RAP,SD,AGL,WE,Federal Contract Tower,9,44,33,2,88,1,7,54,13,75,10,51,87,15,163,28,0,28,191
08/20/2004,RAP,SD,AGL,WE,Federal Contract Tower,10,48,35,2,95,0,4,48,5,57,10,52,83,7,152,20,0,20,172
08/21/2004,RAP,SD,AGL,WE,Federal Contract Tower,7,35,26,2,70,3,3,46,8,60,10,38,72,10,130,10,12,22,152
08/22/2004,RAP,SD,AGL,WE,Federal Contract Tower,6,32,24,2,64,4,5,30,0,39,10,37,54,2,103,0,0,0,103
08/23/2004,RAP,SD,AGL,WE,Federal Contract Tower,8,40,30,2,80,1,9,24,5,39,9,49,54,7,119,29,4,33,152
08/24/2004,RAP,SD,AGL,WE,Federal Contract Tower,9,40,34,2,85,0,0,71,2,73,9,40,105,4,158,29,0,29,187
08/25/2004,RAP,SD,AGL,WE,Federal Contract Tower,10,41,37,2,90,0,0,75,14,89,10,41,112,16,179,6,0,6,185
08/26/2004,RAP,SD,AGL,WE,Federal Contract Tower,9,37,31,2,79,2,0,60,16,78,11,37,91,18,157,8,4,12,169
08/27/2004,RAP,SD,AGL,WE,Federal Contract Tower,10,39,36,2,87,0,0,32,6,38,10,39,68,8,125,0,6,6,131
08/28/2004,RAP,SD,AGL,WE,Federal Contract Tower,5,26,20,1,52,5,6,56,10,77,10,32,76,11,129,34,14,48,177
08/29/2004,RAP,SD,AGL,WE,Federal Contract Tower,6,33,25,1,65,4,5,50,2,61,10,38,75,3,126,12,0,12,138
08/30/2004,RAP,SD,AGL,WE,Federal Contract Tower,8,36,28,0,72,2,0,72,0,74,10,36,100,0,146,28,0,28,174
08/31/2004,RAP,SD,AGL,WE,Federal Contract Tower,8,39,31,1,79,2,0,78,6,86,10,39,109,7,165,34,6,40,205
09/01/2004,RAP,SD,AGL,WE,Federal Contract Tower,10,41,33,1,85,0,4,83,4,91,10,45,116,5,176,64,14,78,254
09/02/2004,RAP,SD,AGL,WE,Federal Contract Tower,10,35,29,1,75,2,4,60,20,86,12,39,89,21,161,14,22,36,197
09/03/2004,RAP,SD,AGL,WE,Federal Contract Tower,10,35,33,1,79,0,0,70,7,77,10,35,103,8,156,30,0,30,186
09/04/2004,RAP,SD,AGL,WE,Federal Contract Tower,7,25,21,0,53,1,2,9,3,15,8,27,30,3,68,0,0,0,68
09/05/2004,RAP,SD,AGL,WE,Federal Contract Tower,7,22,19,0,48,1,8,4,0,13,8,30,23,0,61,4,0,4,65
09/06/2004,RAP,SD,AGL,WE,Federal Contract Tower,8,28,23,0,59,0,0,44,0,44,8,28,67,0,103,42,0,42,145
09/07/2004,RAP,SD,AGL,WE,Federal Contract Tower,8,28,24,1,61,2,6,65,3,76,10,34,89,4,137,54,8,62,199
09/08/2004,RAP,SD,AGL,WE,Federal Contract Tower,9,31,25,1,66,1,5,75,7,88,10,36,100,8,154,54,4,58,212
09/09/2004,RAP,SD,AGL,WE,Federal Contract Tower,10,37,31,1,79,0,0,72,6,78,10,37,103,7,157,64,8,72,229
09/10/2004,RAP,SD,AGL,WE,Federal Contract Tower,9,33,27,2,71,1,9,57,6,73,10,42,84,8,144,8,0,8,152
09/11/2004,RAP,SD,AGL,WE,Federal Contract Tower,7,27,23,2,59,3,4,45,2,54,10,31,68,4,113,22,0,22,135
09/12/2004,RAP,SD,AGL,WE,Federal Contract Tower,7,24,20,1,52,1,4,38,6,49,8,28,58,7,101,14,36,50,151
09/13/2004,RAP,SD,AGL,WE,Federal Contract Tower,9,35,28,2,74,1,8,27,0,36,10,43,55,2,110,14,4,18,128
09/14/2004,RAP,SD,AGL,WE,Federal Contract Tower,9,38,29,2,78,0,10,38,0,48,9,48,67,2,126,54,0,54,180
09/15/2004,RAP,SD,AGL,WE,Federal Contract Tower,8,43,41,2,94,0,0,81,6,87,8,43,122,8,181,80,6,86,267
09/16/2004,RAP,SD,AGL,WE,Federal Contract Tower,10,35,31,2,78,0,0,70,14,84,10,35,101,16,162,16,0,16,178
09/17/2004,RAP,SD,AGL,WE,Federal Contract Tower,10,35,31,2,78,0,0,76,6,82,10,35,107,8,160,26,0,26,186
09/18/2004,RAP,SD,AGL,WE,Federal Contract Tower,7,27,21,1,56,1,6,29,1,37,8,33,50,2,93,28,0,28,121
09/19/2004,RAP,SD,AGL,WE,Federal Contract Tower,8,28,21,1,58,0,3,25,3,31,8,31,46,4,89,30,0,30,119
09/20/2004,RAP,SD,AGL,WE,Federal Contract Tower,10,33,29,2,74,0,0,38,0,38,10,33,67,2,112,12,0,12,124
09/21/2004,RAP,SD,AGL,WE,Federal Contract Tower,10,34,28,2,74,0,0,21,0,21,10,34,49,2,95,8,0,8,103
09/22/2004,RAP,SD,AGL,WE,Federal Contract Tower,10,43,34,2,89,0,0,44,1,45,10,43,78,3,134,100,0,100,234
09/23/2004,RAP,SD,AGL,WE,Federal Contract Tower,10,46,37,1,94,0,0,43,22,65,10,46,80,23,159,28,34,62,221
09/24/2004,RAP,SD,AGL,WE,Federal Contract Tower,9,33,26,1,69,1,2,69,4,76,10,35,95,5,145,84,0,84,229
09/25/2004,RAP,SD,AGL,WE,Federal Contract Tower,8,30,24,1,63,0,3,53,0,56,8,33,77,1,119,6,0,6,125
09/26/2004,RAP,SD,AGL,WE,Federal Contract Tower,7,27,22,0,56,1,7,51,0,59,8,34,73,0,115,28,0,28,143
09/27/2004,RAP,SD,AGL,WE,Federal Contract Tower,8,31,24,1,64,2,2,25,2,31,10,33,49,3,95,4,0,4,99
09/28/2004,RAP,SD,AGL,WE,Federal Contract Tower,8,30,23,1,62,2,6,68,5,81,10,36,91,6,143,14,4,18,161
09/29/2004,RAP,SD,AGL,WE,Federal Contract Tower,10,37,29,1,77,0,1,79,5,85,10,38,108,6,162,126,4,130,292
09/30/2004,RAP,SD,AGL,WE,Federal Contract Tower,10,36,29,1,76,0,3,54,6,63,10,39,83,7,139,54,12,66,205
10/01/2004,RAP,SD,AGL,WE,Federal Contract Tower,8,34,24,0,66,0,0,29,0,29,8,34,53,0,95,6,0,6,101
10/02/2004,RAP,SD,AGL,WE,Federal Contract Tower,8,34,16,2,60,0,3,51,7,61,8,37,67,9,121,66,8,74,195
10/03/2004,RAP,SD,AGL,WE,Federal Contract Tower,8,24,16,3,51,0,1,37,7,45,8,25,53,10,96,8,8,16,112
10/04/2004,RAP,SD,AGL,WE,Federal Contract Tower,8,37,24,0,69,0,0,46,2,48,8,37,70,2,117,8,0,8,125
10/05/2004,RAP,SD,AGL,WE,Federal Contract Tower,8,36,27,2,73,0,1,60,11,72,8,37,87,13,145,94,0,94,239
10/06/2004,RAP,SD,AGL,WE,Federal Contract Tower,8,37,30,2,77,0,0,56,5,61,8,37,86,7,138,32,0,32,170
10/07/2004,RAP,SD,AGL,WE,Federal Contract Tower,8,35,31,0,74,0,4,45,14,63,8,39,76,14,137,18,4,22,159
10/08/2004,RAP,SD,AGL,WE,Federal Contract Tower,8,35,28,3,74,0,2,55,8,65,8,37,83,11,139,46,0,46,185
10/09/2004,RAP,SD,AGL,WE,Federal Contract Tower,8,22,11,2,43,0,4,46,3,53,8,26,57,5,96,4,14,18,114
10/10/2004,RAP,SD,AGL,WE,Federal Contract Tower,8,26,21,2,57,0,4,42,0,46,8,30,63,2,103,18,0,18,121
10/11/2004,RAP,SD,AGL,WE,Federal Contract Tower,8,30,25,0,63,0,1,49,5,55,8,31,74,5,118,46,8,54,172
10/12/2004,RAP,SD,AGL,WE,Federal Contract Tower,8,35,27,0,70,0,2,41,3,46,8,37,68,3,116,32,0,32,148
10/13/2004,RAP,SD,AGL,WE,Federal Contract Tower,9,36,48,0,93,0,6,33,3,42,9,42,81,3,135,6,0,6,141
10/14/2004,RAP,SD,AGL,WE,Federal Contract Tower,8,32,36,2,78,0,2,48,16,66,8,34,84,18,144,4,14,18,162
10/15/2004,RAP,SD,AGL,WE,Federal Contract Tower,10,30,22,6,68,0,0,27,11,38,10,30,49,17,106,20,32,52,158
10/16/2004,RAP,SD,AGL,WE,Federal Contract Tower,8,24,8,2,42,0,4,24,3,31,8,28,32,5,73,0,0,0,73
10/17/2004,RAP,SD,AGL,WE,Federal Contract Tower,8,27,17,6,58,0,4,27,0,31,8,31,44,6,89,16,0,16,105
10/18/2004,RAP,SD,AGL,WE,Federal Contract Tower,8,32,28,0,68,0,2,36,0,38,8,34,64,0,106,30,0,30,136
10/19/2004,RAP,SD,AGL,WE,Federal Contract Tower,8,32,28,0,68,0,0,44,4,48,8,32,72,4,116,28,12,40,156
10/20/2004,RAP,SD,AGL,WE,Federal Contract Tower,8,34,37,1,80,0,3,44,12,59,8,37,81,13,139,24,2,26,165
10/21/2004,RAP,SD,AGL,WE,Federal Contract Tower,7,37,39,2,85,0,0,47,12,59,7,37,86,14,144,38,10,48,192
10/22/2004,RAP,SD,AGL,WE,Federal Contract Tower,9,28,20,2,59,0,0,3,0,3,9,28,23,2,62,0,0,0,62
10/23/2004,RAP,SD,AGL,WE,Federal Contract Tower,8,29,12,4,53,0,2,44,1,47,8,31,56,5,100,22,0,22,122
10/24/2004,RAP,SD,AGL,WE,Federal Contract Tower,8,26,21,0,55,0,0,11,1,12,8,26,32,1,67,8,0,8,75
10/25/2004,RAP,SD,AGL,WE,Federal Contract Tower,8,33,26,0,67,0,0,35,1,36,8,33,61,1,103,18,0,18,121
10/26/2004,RAP,SD,AGL,WE,Federal Contract Tower,8,32,34,0,74,0,2,60,6,68,8,34,94,6,142,62,8,70,212
10/27/2004,RAP,SD,AGL,WE,Federal Contract Tower,8,35,38,0,81,0,0,26,2,28,8,35,64,2,109,20,0,20,129
10/28/2004,RAP,SD,AGL,WE,Federal Contract Tower,10,32,42,1,85,0,3,41,3,47,10,35,83,4,132,54,0,54,186
10/29/2004,RAP,SD,AGL,WE,Federal Contract Tower,8,35,33,1,77,0,1,14,0,15,8,36,47,1,92,0,0,0,92
10/30/2004,RAP,SD,AGL,WE,Federal Contract Tower,7,25,11,0,43,0,0,32,3,35,7,25,43,3,78,26,4,30,108
10/31/2004,RAP,SD,AGL,WE,Federal Contract Tower,7,27,11,1,46,0,1,6,0,7,7,28,17,1,53,0,0,0,53
11/01/2004,RAP,SD,AGL,WE,Federal Contract Tower,8,23,19,1,51,0,1,18,3,22,8,24,37,4,73,0,0,0,73
11/02/2004,RAP,SD,AGL,WE,Federal Contract Tower,8,29,23,2,62,0,1,38,3,42,8,30,61,5,104,64,10,74,178
11/03/2004,RAP,SD,AGL,WE,Federal Contract Tower,8,29,26,0,63,0,1,44,5,50,8,30,70,5,113,38,0,38,151
11/04/2004,RAP,SD,AGL,WE,Federal Contract Tower,8,38,22,1,69,0,5,62,20,87,8,43,84,21,156,48,18,66,222
11/05/2004,RAP,SD,AGL,WE,Federal Contract Tower,8,31,23,2,64,0,0,56,10,66,8,31,79,12,130,54,6,60,190
11/06/2004,RAP,SD,AGL,WE,Federal Contract Tower,7,27,11,2,47,0,1,59,23,83,7,28,70,25,130,66,46,112,242
11/07/2004,RAP,SD,AGL,WE,Federal Contract Tower,7,24,16,4,51,0,1,48,1,50,7,25,64,5,101,44,0,44,145
11/08/2004,RAP,SD,AGL,WE,Federal Contract Tower,10,29,30,2,71,0,2,24,3,29,10,31,54,5,100,54,0,54,154
11/09/2004,RAP,SD,AGL,WE,Federal Contract Tower,9,30,20,0,59,0,3,41,7,51,9,33,61,7,110,62,4,66,176
11/10/2004,RAP,SD,AGL,WE,Federal Contract Tower,8,32,18,2,60,0,3,22,10,35,8,35,40,12,95,0,2,2,97
11/11/2004,RAP,SD,AGL,WE,Federal Contract Tower,8,34,22,0,64,0,1,42,2,45,8,35,64,2,109,80,12,92,201
11/12/2004,RAP,SD,AGL,WE,Federal Contract Tower,8,32,30,0,70,0,2,47,2,51,8,34,77,2,121,34,0,34,155
11/13/2004,RAP,SD,AGL,WE,Federal Contract Tower,7,34,10,2,53,0,1,35,1,37,7,35,45,3,90,8,0,8,98
11/14/2004,RAP,SD,AGL,WE,Federal Contract Tower,7,25,21,0,53,0,0,38,0,38,7,25,59,0,91,18,0,18,109
11/15/2004,RAP,SD,AGL,WE,Federal Contract Tower,8,35,29,0,72,0,0,36,8,44,8,35,65,8,116,34,2,36,152
11/16/2004,RAP,SD,AGL,WE,Federal Contract Tower,8,31,36,4,79,0,2,56,15,73,8,33,92,19,152,80,22,102,254
11/17/2004,RAP,SD,AGL,WE,Federal Contract Tower,6,33,36,0,75,0,1,32,6,39,6,34,68,6,114,20,2,22,136
11/18/2004,RAP,SD,AGL,WE,Federal Contract Tower,8,30,34,1,73,0,1,78,13,92,8,31,112,14,165,12,0,12,177
11/19/2004,RAP,SD,AGL,WE,Federal Contract Tower,8,33,36,1,78,0,0,12,0,12,8,33,48,1,90,0,0,0,90
11/20/2004,RAP,SD,AGL,WE,Federal Contract Tower,7,35,21,0,63,0,4,25,1,30,7,39,46,1,93,60,10,70,163
11/21/2004,RAP,SD,AGL,WE,Federal Contract Tower,7,24,15,0,46,0,0,19,0,19,7,24,34,0,65,8,0,8,73
11/22/2004,RAP,SD,AGL,WE,Federal Contract Tower,8,26,28,0,62,0,0,24,1,25,8,26,52,1,87,66,14,80,167
11/23/2004,RAP,SD,AGL,WE,Federal Contract Tower,8,28,44,0,80,0,1,3,0,4,8,29,47,0,84,24,0,24,108
11/24/2004,RAP,SD,AGL,WE,Federal Contract Tower,8,30,34,0,72,0,3,28,3,34,8,33,62,3,106,38,26,64,170
11/25/2004,RAP,SD,AGL,WE,Federal Contract Tower,4,20,2,0,26,0,0,7,0,7,4,20,9,0,33,4,0,4,37
11/26/2004,RAP,SD,AGL,WE,Federal Contract Tower,4,25,11,0,40,0,0,8,0,8,4,25,19,0,48,2,0,2,50
11/27/2004,RAP,SD,AGL,WE,Federal Contract Tower,7,27,18,1,53,0,1,71,0,72,7,28,89,1,125,34,2,36,161
11/28/2004,RAP,SD,AGL,WE,Federal Contract Tower,8,30,27,0,65,0,0,3,0,3,8,30,30,0,68,0,0,0,68
11/29/2004,RAP,SD,AGL,WE,Federal Contract Tower,8,30,27,0,65,0,2,27,0,29,8,32,54,0,94,4,0,4,98
11/30/2004,RAP,SD,AGL,WE,Federal Contract Tower,8,29,30,1,68,0,1,37,5,43,8,30,67,6,111,24,10,34,145
12/01/2004,RAP,SD,AGL,WE,Federal Contract Tower,6,34,41,0,81,0,3,24,3,30,6,37,65,3,111,38,0,38,149
12/02/2004,RAP,SD,AGL,WE,Federal Contract Tower,6,33,38,2,79,0,5,32,24,61,6,38,70,26,140,18,20,38,178
12/03/2004,RAP,SD,AGL,WE,Federal Contract Tower,6,37,23,4,70,0,3,24,11,38,6,40,47,15,108,36,10,46,154
12/04/2004,RAP,SD,AGL,WE,Federal Contract Tower,5,29,17,2,53,0,2,50,27,79,5,31,67,29,132,28,28,56,188
12/05/2004,RAP,SD,AGL,WE,Federal Contract Tower,7,27,17,6,57,0,2,24,8,34,7,29,41,14,91,32,4,36,127
12/06/2004,RAP,SD,AGL,WE,Federal Contract Tower,5,33,31,6,75,0,1,44,0,45,5,34,75,6,120,16,0,16,136
12/07/2004,RAP,SD,AGL,WE,Federal Contract Tower,6,34,32,3,75,0,1,32,1,34,6,35,64,4,109,44,0,44,153
12/08/2004,RAP,SD,AGL,WE,Federal Contract Tower,6,38,22,6,72,0,1,26,5,32,6,39,48,11,104,36,12,48,152
12/09/2004,RAP,SD,AGL,WE,Federal Contract Tower,6,35,18,5,64,0,1,10,19,30,6,36,28,24,94,0,6,6,100
12/10/2004,RAP,SD,AGL,WE,Federal Contract Tower,6,35,22,12,75,0,1,24,2,27,6,36,46,14,102,19,0,19,121
12/11/2004,RAP,SD,AGL,WE,Federal Contract Tower,5,30,10,4,49,0,0,69,1,70,5,30,79,5,119,58,0,58,177
12/12/2004,RAP,SD,AGL,WE,Federal Contract Tower,4,23,11,2,40,0,1,15,0,16,4,24,26,2,56,14,0,14,70
12/13/2004,RAP,SD,AGL,WE,Federal Contract Tower,6,27,23,3,59,0,0,41,3,44,6,27,64,6,103,28,0,28,131
12/14/2004,RAP,SD,AGL,WE,Federal Contract Tower,6,29,28,0,63,0,2,39,6,47,6,31,67,6,110,42,0,42,152
12/15/2004,RAP,SD,AGL,WE,Federal Contract Tower,10,28,27,2,67,0,1,24,4,29,10,29,51,6,96,18,0,18,114
12/16/2004,RAP,SD,AGL,WE,Federal Contract Tower,9,34,24,1,68,0,2,55,36,93,9,36,79,37,161,2,8,10,171
12/17/2004,RAP,SD,AGL,WE,Federal Contract Tower,10,30,34,0,74,0,1,19,6,26,10,31,53,6,100,8,0,8,108
12/18/2004,RAP,SD,AGL,WE,Federal Contract Tower,7,32,11,0,50,0,3,28,0,31,7,35,39,0,81,16,0,16,97
12/19/2004,RAP,SD,AGL,WE,Federal Contract Tower,7,25,6,0,38,0,0,53,0,53,7,25,59,0,91,46,0,46,137
12/20/2004,RAP,SD,AGL,WE,Federal Contract Tower,9,34,18,1,62,0,0,10,0,10,9,34,28,1,72,0,0,0,72
12/21/2004,RAP,SD,AGL,WE,Federal Contract Tower,9,38,13,2,62,0,0,14,2,16,9,38,27,4,78,0,0,0,78
12/22/2004,RAP,SD,AGL,WE,Federal Contract Tower,9,37,31,0,77,0,0,15,2,17,9,37,46,2,94,0,0,0,94
12/23/2004,RAP,SD,AGL,WE,Federal Contract Tower,10,37,14,0,61,0,0,19,1,20,10,37,33,1,81,22,0,22,103
12/24/2004,RAP,SD,AGL,WE,Federal Contract Tower,8,26,5,0,39,0,0,11,0,11,8,26,16,0,50,0,0,0,50
12/25/2004,RAP,SD,AGL,WE,Federal Contract Tower,6,22,6,0,34,0,0,10,0,10,6,22,16,0,44,10,0,10,54
12/26/2004,RAP,SD,AGL,WE,Federal Contract Tower,7,25,9,2,43,0,0,1,0,1,7,25,10,2,44,0,0,0,44
12/27/2004,RAP,SD,AGL,WE,Federal Contract Tower,10,28,23,2,63,0,0,0,0,0,10,28,23,2,63,0,0,0,63
12/28/2004,RAP,SD,AGL,WE,Federal Contract Tower,9,32,21,0,62,0,2,41,6,49,9,34,62,6,111,32,0,32,143
12/29/2004,RAP,SD,AGL,WE,Federal Contract Tower,9,41,13,0,63,0,1,47,8,56,9,42,60,8,119,22,2,24,143
12/30/2004,RAP,SD,AGL,WE,Federal Contract Tower,9,32,4,0,45,0,2,9,7,18,9,34,13,7,63,0,6,6,69
12/31/2004,RAP,SD,AGL,WE,Federal Contract Tower,7,27,9,0,43,0,1,19,2,22,7,28,28,2,65,12,0,12,77
01/01/2005,RAP,SD,AGL,WE,Federal Contract Tower,7,24,6,0,37,0,0,6,0,6,7,24,12,0,43,18,0,18,61
01/02/2005,RAP,SD,AGL,WE,Federal Contract Tower,7,26,14,2,49,0,1,44,0,45,7,27,58,2,94,44,0,44,138
01/03/2005,RAP,SD,AGL,WE,Federal Contract Tower,8,29,19,0,56,0,0,18,1,19,8,29,37,1,75,4,0,4,79
01/04/2005,RAP,SD,AGL,WE,Federal Contract Tower,2,7,11,1,21,4,13,11,1,29,6,20,22,2,50,0,0,0,50
01/05/2005,RAP,SD,AGL,WE,Federal Contract Tower,6,36,24,2,68,0,1,14,1,16,6,37,38,3,84,6,0,6,90
01/06/2005,RAP,SD,AGL,WE,Federal Contract Tower,6,34,46,1,87,0,1,32,4,37,6,35,78,5,124,44,0,44,168
01/07/2005,RAP,SD,AGL,WE,Federal Contract Tower,5,40,24,0,69,0,0,9,5,14,5,40,33,5,83,24,2,26,109
01/08/2005,RAP,SD,AGL,WE,Federal Contract Tower,4,22,12,2,40,0,0,15,10,25,4,22,27,12,65,46,14,60,125
01/09/2005,RAP,SD,AGL,WE,Federal Contract Tower,5,29,11,0,45,0,0,16,7,23,5,29,27,7,68,46,2,48,116
01/10/2005,RAP,SD,AGL,WE,Federal Contract Tower,5,32,17,0,54,0,0,22,0,22,5,32,39,0,76,20,0,20,96
01/11/2005,RAP,SD,AGL,WE,Federal Contract Tower,8,31,13,4,56,0,1,0,0,1,8,32,13,4,57,2,0,2,59
01/12/2005,RAP,SD,AGL,WE,Federal Contract Tower,5,35,19,0,59,0,3,7,2,12,5,38,26,2,71,18,0,18,89
01/13/2005,RAP,SD,AGL,WE,Federal Contract Tower,5,40,22,2,69,0,0,0,0,0,5,40,22,2,69,0,0,0,69
01/14/2005,RAP,SD,AGL,WE,Federal Contract Tower,5,31,22,4,62,0,0,3,2,5,5,31,25,6,67,0,0,0,67
01/15/2005,RAP,SD,AGL,WE,Federal Contract Tower,5,25,9,1,40,0,2,40,1,43,5,27,49,2,83,52,18,70,153
01/16/2005,RAP,SD,AGL,WE,Federal Contract Tower,6,24,18,0,48,0,1,27,0,28,6,25,45,0,76,64,0,64,140
01/17/2005,RAP,SD,AGL,WE,Federal Contract Tower,6,29,22,0,57,0,1,38,2,41,6,30,60,2,98,72,0,72,170
01/18/2005,RAP,SD,AGL,WE,Federal Contract Tower,6,30,24,2,62,0,1,25,0,26,6,31,49,2,88,4,0,4,92
01/19/2005,RAP,SD,AGL,WE,Federal Contract Tower,9,36,16,1,62,0,1,53,9,63,9,37,69,10,125,68,12,80,205
01/20/2005,RAP,SD,AGL,WE,Federal Contract Tower,7,27,30,1,65,0,3,47,7,57,7,30,77,8,122,68,32,100,222
01/21/2005,RAP,SD,AGL,WE,Federal Contract Tower,5,29,23,2,59,0,0,10,2,12,5,29,33,4,71,10,0,10,81
01/22/2005,RAP,SD,AGL,WE,Federal Contract Tower,4,33,2,1,40,0,1,26,9,36,4,34,28,10,76,30,0,30,106
01/23/2005,RAP,SD,AGL,WE,Federal Contract Tower,5,22,13,3,43,0,1,43,3,47,5,23,56,6,90,98,0,98,188
01/24/2005,RAP,SD,AGL,WE,Federal Contract Tower,5,28,20,1,54,0,0,47,0,47,5,28,67,1,101,80,0,80,181
01/25/2005,RAP,SD,AGL,WE,Federal Contract Tower,6,28,21,0,55,0,1,51,0,52,6,29,72,0,107,46,0,46,153
01/26/2005,RAP,SD,AGL,WE,Federal Contract Tower,6,34,20,5,65,0,1,65,7,73,6,35,85,12,138,146,0,146,284
01/27/2005,RAP,SD,AGL,WE,Federal Contract Tower,5,36,25,9,75,0,0,7,10,17,5,36,32,19,92,0,10,10,102
01/28/2005,RAP,SD,AGL,WE,Federal Contract Tower,6,32,23,1,62,0,2,47,10,59,6,34,70,11,121,82,4,86,207
01/29/2005,RAP,SD,AGL,WE,Federal Contract Tower,4,21,5,1,31,0,2,0,0,2,4,23,5,1,33,0,0,0,33
01/30/2005,RAP,SD,AGL,WE,Federal Contract Tower,6,20,8,0,34,0,0,12,0,12,6,20,20,0,46,40,0,40,86
01/31/2005,RAP,SD,AGL,WE,Federal Contract Tower,6,31,21,1,59,0,0,45,1,46,6,31,66,2,105,94,0,94,199
02/01/2005,RAP,SD,AGL,WE,Federal Contract Tower,6,30,20,6,62,0,0,33,7,40,6,30,53,13,102,38,0,38,140
02/02/2005,RAP,SD,AGL,WE,Federal Contract Tower,6,27,21,2,56,0,1,29,16,46,6,28,50,18,102,50,4,54,156
02/03/2005,RAP,SD,AGL,WE,Federal Contract Tower,6,25,23,0,54,0,9,52,14,75,6,34,75,14,129,100,10,110,239
02/04/2005,RAP,SD,AGL,WE,Federal Contract Tower,6,25,21,3,55,0,3,44,6,53,6,28,65,9,108,84,2,86,194
02/05/2005,RAP,SD,AGL,WE,Federal Contract Tower,3,22,17,0,42,0,1,35,5,41,3,23,52,5,83,54,0,54,137
02/06/2005,RAP,SD,AGL,WE,Federal Contract Tower,6,24,8,0,38,0,0,5,2,7,6,24,13,2,45,2,2,4,49
02/07/2005,RAP,SD,AGL,WE,Federal Contract Tower,6,33,18,0,57,0,3,2,0,5,6,36,20,0,62,0,0,0,62
02/08/2005,RAP,SD,AGL,WE,Federal Contract Tower,6,36,18,0,60,0,0,17,3,20,6,36,35,3,80,46,4,50,130
02/09/2005,RAP,SD,AGL,WE,Federal Contract Tower,6,29,20,2,57,0,5,35,9,49,6,34,55,11,106,48,12,60,166
02/10/2005,RAP,SD,AGL,WE,Federal Contract Tower,6,29,25,0,60,0,1,39,8,48,6,30,64,8,108,46,6,52,160
02/11/2005,RAP,SD,AGL,WE,Federal Contract Tower,5,27,19,4,55,0,1,63,9,73,5,28,82,13,128,92,18,110,238
02/12/2005,RAP,SD,AGL,WE,Federal Contract Tower,4,26,13,0,43,0,2,48,1,51,4,28,61,1,94,86,8,94,188
02/13/2005,RAP,SD,AGL,WE,Federal Contract Tower,5,23,18,1,47,0,0,27,0,27,5,23,45,1,74,30,0,30,104
02/14/2005,RAP,SD,AGL,WE,Federal Contract Tower,6,28,18,3,55,0,0,31,2,33,6,28,49,5,88,0,0,0,88
02/15/2005,RAP,SD,AGL,WE,Federal Contract Tower,6,27,17,2,52,0,0,22,4,26,6,27,39,6,78,40,0,40,118
02/16/2005,RAP,SD,AGL,WE,Federal Contract Tower,7,35,19,6,67,0,2,27,12,41,7,37,46,18,108,8,16,24,132
02/17/2005,RAP,SD,AGL,WE,Federal Contract Tower,8,27,16,1,52,0,2,36,21,59,8,29,52,22,111,10,26,36,147
02/18/2005,RAP,SD,AGL,WE,Federal Contract Tower,7,32,25,2,66,0,0,57,5,62,7,32,82,7,128,40,12,52,180
02/19/2005,RAP,SD,AGL,WE,Federal Contract Tower,4,25,7,1,37,0,0,36,1,37,4,25,43,2,74,40,2,42,116
02/20/2005,RAP,SD,AGL,WE,Federal Contract Tower,6,23,11,2,42,0,0,13,0,13,6,23,24,2,55,14,0,14,69
02/21/2005,RAP,SD,AGL,WE,Federal Contract Tower,8,25,20,0,53,0,0,34,3,37,8,25,54,3,90,32,20,52,142
02/22/2005,RAP,SD,AGL,WE,Federal Contract Tower,7,27,21,2,57,0,0,31,2,33,7,27,52,4,90,4,0,4,94
02/23/2005,RAP,SD,AGL,WE,Federal Contract Tower,7,27,43,4,81,0,0,50,18,68,7,27,93,22,149,18,4,22,171
02/24/2005,RAP,SD,AGL,WE,Federal Contract Tower,8,26,15,3,52,0,0,35,7,42,8,26,50,10,94,38,14,52,146
02/25/2005,RAP,SD,AGL,WE,Federal Contract Tower,8,30,20,4,62,0,2,50,3,55,8,32,70,7,117,42,4,46,163
02/26/2005,RAP,SD,AGL,WE,Federal Contract Tower,5,23,16,1,45,0,1,54,4,59,5,24,70,5,104,56,4,60,164
02/27/2005,RAP,SD,AGL,WE,Federal Contract Tower,7,23,10,4,44,0,2,21,1,24,7,25,31,5,68,10,0,10,78
02/28/2005,RAP,SD,AGL,WE,Federal Contract Tower,9,32,23,3,67,0,0,21,5,26,9,32,44,8,93,8,8,16,109
03/01/2005,RAP,SD,AGL,WE,Federal Contract Tower,8,29,15,0,52,0,3,48,3,54,8,32,63,3,106,64,0,64,170
03/02/2005,RAP,SD,AGL,WE,Federal Contract Tower,8,28,22,0,58,0,3,43,0,46,8,31,65,0,104,16,0,16,120
03/03/2005,RAP,SD,AGL,WE,Federal Contract Tower,8,31,32,0,71,0,2,73,7,82,8,33,105,7,153,66,2,68,221
03/04/2005,RAP,SD,AGL,WE,Federal Contract Tower,12,24,15,2,53,0,1,45,18,64,12,25,60,20,117,36,20,56,173
03/05/2005,RAP,SD,AGL,WE,Federal Contract Tower,5,23,8,0,36,0,1,67,12,80,5,24,75,12,116,42,0,42,158
03/06/2005,RAP,SD,AGL,WE,Federal Contract Tower,6,21,13,5,45,1,0,15,9,25,7,21,28,14,70,0,4,4,74
03/07/2005,RAP,SD,AGL,WE,Federal Contract Tower,8,25,25,1,59,0,0,19,0,19,8,25,44,1,78,0,0,0,78
03/08/2005,RAP,SD,AGL,WE,Federal Contract Tower,8,28,20,2,58,0,1,0,0,1,8,29,20,2,59,0,0,0,59
03/09/2005,RAP,SD,AGL,WE,Federal Contract Tower,7,33,28,4,72,0,0,36,6,42,7,33,64,10,114,12,6,18,132
03/10/2005,RAP,SD,AGL,WE,Federal Contract Tower,8,31,11,1,51,0,0,7,5,12,8,31,18,6,63,0,0,0,63
03/11/2005,RAP,SD,AGL,WE,Federal Contract Tower,8,27,20,0,55,0,1,19,12,32,8,28,39,12,87,10,12,22,109
03/12/2005,RAP,SD,AGL,WE,Federal Contract Tower,5,25,6,0,36,0,1,6,4,11,5,26,12,4,47,0,0,0,47
03/13/2005,RAP,SD,AGL,WE,Federal Contract Tower,7,27,12,0,46,0,0,4,1,5,7,27,16,1,51,0,0,0,51
03/14/2005,RAP,SD,AGL,WE,Federal Contract Tower,8,28,26,2,64,0,0,7,0,7,8,28,33,2,71,14,2,16,87
03/15/2005,RAP,SD,AGL,WE,Federal Contract Tower,8,30,14,1,53,0,2,25,3,30,8,32,39,4,83,26,0,26,109
03/16/2005,RAP,SD,AGL,WE,Federal Contract Tower,10,34,20,0,64,0,0,52,11,63,10,34,72,11,127,54,18,72,199
03/17/2005,RAP,SD,AGL,WE,Federal Contract Tower,8,30,14,0,52,0,0,10,8,18,8,30,24,8,70,8,0,8,78
03/18/2005,RAP,SD,AGL,WE,Federal Contract Tower,7,35,23,3,68,0,0,3,0,3,7,35,26,3,71,0,0,0,71
03/19/2005,RAP,SD,AGL,WE,Federal Contract Tower,5,21,14,1,41,0,1,30,1,32,5,22,44,2,73,48,8,56,129
03/20/2005,RAP,SD,AGL,WE,Federal Contract Tower,7,25,10,0,42,0,0,28,2,30,7,25,38,2,72,28,0,28,100
03/21/2005,RAP,SD,AGL,WE,Federal Contract Tower,8,28,17,0,53,0,2,1,0,3,8,30,18,0,56,0,0,0,56
03/22/2005,RAP,SD,AGL,WE,Federal Contract Tower,8,34,26,0,68,0,0,0,0,0,8,34,26,0,68,10,0,10,78
03/23/2005,RAP,SD,AGL,WE,Federal Contract Tower,8,36,44,0,88,0,3,30,8,41,8,39,74,8,129,96,34,130,259
03/24/2005,RAP,SD,AGL,WE,Federal Contract Tower,8,31,14,0,53,0,0,0,0,0,8,31,14,0,53,0,0,0,53
03/25/2005,RAP,SD,AGL,WE,Federal Contract Tower,8,31,22,3,64,0,0,17,3,20,8,31,39,6,84,22,6,28,112
03/26/2005,RAP,SD,AGL,WE,Federal Contract Tower,5,23,4,0,32,0,1,68,0,69,5,24,72,0,101,102,0,102,203
03/27/2005,RAP,SD,AGL,WE,Federal Contract Tower,7,21,8,2,38,0,0,40,2,42,7,21,48,4,80,6,0,6,86
03/28/2005,RAP,SD,AGL,WE,Federal Contract Tower,8,28,20,0,56,0,0,64,2,66,8,28,84,2,122,20,12,32,154
03/29/2005,RAP,SD,AGL,WE,Federal Contract Tower,8,31,26,2,67,0,0,28,4,32,8,31,54,6,99,68,8,76,175
03/30/2005,RAP,SD,AGL,WE,Federal Contract Tower,8,29,20,0,57,0,0,26,22,48,8,29,46,22,105,66,4,70,175
03/31/2005,RAP,SD,AGL,WE,Federal Contract Tower,8,37,24,4,73,0,1,34,19,54,8,38,58,23,127,0,6,6,133
04/01/2005,RAP,SD,AGL,WE,Federal Contract Tower,8,31,26,2,67,0,0,58,22,80,8,31,84,24,147,78,10,88,235
04/02/2005,RAP,SD,AGL,WE,Federal Contract Tower,5,27,3,2,37,0,1,25,22,48,5,28,28,24,85,38,14,52,137
04/03/2005,RAP,SD,AGL,WE,Federal Contract Tower,7,21,17,1,46,0,2,27,26,55,7,23,44,27,101,28,18,46,147
04/04/2005,RAP,SD,AGL,WE,Federal Contract Tower,8,33,30,2,73,0,1,44,2,47,8,34,74,4,120,88,0,88,208
04/05/2005,RAP,SD,AGL,WE,Federal Contract Tower,8,33,13,0,54,0,0,9,1,10,8,33,22,1,64,2,0,2,66
04/06/2005,RAP,SD,AGL,WE,Federal Contract Tower,11,31,29,2,73,0,0,55,15,70,11,31,84,17,143,84,24,108,251
04/07/2005,RAP,SD,AGL,WE,Federal Contract Tower,8,36,25,4,73,0,3,57,12,72,8,39,82,16,145,22,0,22,167
04/08/2005,RAP,SD,AGL,WE,Federal Contract Tower,8,32,18,2,60,0,3,57,7,67,8,35,75,9,127,22,0,22,149
04/09/2005,RAP,SD,AGL,WE,Federal Contract Tower,5,26,12,0,43,0,0,34,2,36,5,26,46,2,79,36,0,36,115
04/10/2005,RAP,SD,AGL,WE,Federal Contract Tower,8,13,17,1,39,0,1,3,2,6,8,14,20,3,45,0,0,0,45
04/11/2005,RAP,SD,AGL,WE,Federal Contract Tower,9,34,25,0,68,0,0,11,0,11,9,34,36,0,79,0,0,0,79
04/12/2005,RAP,SD,AGL,WE,Federal Contract Tower,8,33,21,2,64,0,0,24,8,32,8,33,45,10,96,58,0,58,154
04/13/2005,RAP,SD,AGL,WE,Federal Contract Tower,8,32,21,0,61,0,0,32,14,46,8,32,53,14,107,30,12,42,149
04/14/2005,RAP,SD,AGL,WE,Federal Contract Tower,8,38,25,2,73,0,1,34,27,62,8,39,59,29,135,8,0,8,143
04/15/2005,RAP,SD,AGL,WE,Federal Contract Tower,8,35,25,1,69,0,2,68,11,81,8,37,93,12,150,80,6,86,236
04/16/2005,RAP,SD,AGL,WE,Federal Contract Tower,6,24,11,0,41,0,1,46,18,65,6,25,57,18,106,54,10,64,170
04/17/2005,RAP,SD,AGL,WE,Federal Contract Tower,7,26,20,2,55,0,2,46,21,69,7,28,66,23,124,24,18,42,166
04/18/2005,RAP,SD,AGL,WE,Federal Contract Tower,8,31,18,0,57,0,3,35,4,42,8,34,53,4,99,30,0,30,129
04/19/2005,RAP,SD,AGL,WE,Federal Contract Tower,8,42,33,1,84,0,0,5,1,6,8,42,38,2,90,6,0,6,96
04/20/2005,RAP,SD,AGL,WE,Federal Contract Tower,8,35,51,2,96,0,1,7,0,8,8,36,58,2,104,8,0,8,112
04/21/2005,RAP,SD,AGL,WE,Federal Contract Tower,8,36,16,2,62,0,1,0,2,3,8,37,16,4,65,0,0,0,65
04/22/2005,RAP,SD,AGL,WE,Federal Contract Tower,8,37,45,3,93,0,1,28,11,40,8,38,73,14,133,0,10,10,143
04/23/2005,RAP,SD,AGL,WE,Federal Contract Tower,6,30,17,1,54,0,2,54,3,59,6,32,71,4,113,52,0,52,165
04/24/2005,RAP,SD,AGL,WE,Federal Contract Tower,8,36,13,0,57,0,4,43,3,50,8,40,56,3,107,38,16,54,161
04/25/2005,RAP,SD,AGL,WE,Federal Contract Tower,8,30,26,2,66,0,0,23,0,23,8,30,49,2,89,0,0,0,89
04/26/2005,RAP,SD,AGL,WE,Federal Contract Tower,8,29,27,0,64,0,0,21,3,24,8,29,48,3,88,10,0,10,98
04/27/2005,RAP,SD,AGL,WE,Federal Contract Tower,8,35,30,3,76,0,1,10,10,21,8,36,40,13,97,6,10,16,113
04/28/2005,RAP,SD,AGL,WE,Federal Contract Tower,8,31,26,9,74,0,0,19,19,38,8,31,45,28,112,2,4,6,118
04/29/2005,RAP,SD,AGL,WE,Federal Contract Tower,10,31,20,4,65,0,3,24,8,35,10,34,44,12,100,8,8,16,116
04/30/2005,RAP,SD,AGL,WE,Federal Contract Tower,6,24,10,1,41,0,1,20,1,22,6,25,30,2,63,40,0,40,103
05/01/2005,RAP,SD,AGL,WE,Federal Contract Tower,7,29,15,1,52,0,1,16,2,19,7,30,31,3,71,0,0,0,71
05/02/2005,RAP,SD,AGL,WE,Federal Contract Tower,10,29,16,0,55,0,0,29,1,30,10,29,45,1,85,0,0,0,85
05/03/2005,RAP,SD,AGL,WE,Federal Contract Tower,10,34,11,0,55,0,0,55,3,58,10,34,66,3,113,22,0,22,135
05/04/2005,RAP,SD,AGL,WE,Federal Contract Tower,10,43,34,0,87,0,1,58,10,69,10,44,92,10,156,20,10,30,186
05/05/2005,RAP,SD,AGL,WE,Federal Contract Tower,10,35,20,1,66,0,2,65,17,84,10,37,85,18,150,18,4,22,172
05/06/2005,RAP,SD,AGL,WE,Federal Contract Tower,10,43,29,3,85,0,1,21,3,25,10,44,50,6,110,16,28,44,154
05/07/2005,RAP,SD,AGL,WE,Federal Contract Tower,8,35,11,2,56,0,0,33,8,41,8,35,44,10,97,72,6,78,175
05/08/2005,RAP,SD,AGL,WE,Federal Contract Tower,7,21,19,0,47,0,0,9,0,9,7,21,28,0,56,0,0,0,56
05/09/2005,RAP,SD,AGL,WE,Federal Contract Tower,10,36,25,4,75,0,0,50,1,51,10,36,75,5,126,110,0,110,236
05/10/2005,RAP,SD,AGL,WE,Federal Contract Tower,10,29,52,0,91,0,0,13,0,13,10,29,65,0,104,0,0,0,104
05/11/2005,RAP,SD,AGL,WE,Federal Contract Tower,9,28,12,2,51,0,0,0,0,0,9,28,12,2,51,0,0,0,51
05/12/2005,RAP,SD,AGL,WE,Federal Contract Tower,10,34,25,0,69,0,0,0,15,15,10,34,25,15,84,0,8,8,92
05/13/2005,RAP,SD,AGL,WE,Federal Contract Tower,12,37,23,2,74,0,1,27,6,34,12,38,50,8,108,70,22,92,200
05/14/2005,RAP,SD,AGL,WE,Federal Contract Tower,7,25,13,1,46,0,0,58,9,67,7,25,71,10,113,64,0,64,177
05/15/2005,RAP,SD,AGL,WE,Federal Contract Tower,8,21,10,2,41,0,1,51,1,53,8,22,61,3,94,22,4,26,120
05/16/2005,RAP,SD,AGL,WE,Federal Contract Tower,10,35,23,4,72,0,0,44,0,44,10,35,67,4,116,60,0,60,176
05/17/2005,RAP,SD,AGL,WE,Federal Contract Tower,10,39,28,2,79,0,0,20,7,27,10,39,48,9,106,30,10,40,146
05/18/2005,RAP,SD,AGL,WE,Federal Contract Tower,9,31,28,4,72,0,4,46,22,72,9,35,74,26,144,10,0,10,154
05/19/2005,RAP,SD,AGL,WE,Federal Contract Tower,10,30,21,4,65,0,1,55,6,62,10,31,76,10,127,58,20,78,205
05/20/2005,RAP,SD,AGL,WE,Federal Contract Tower,10,31,18,3,62,0,1,48,14,63,10,32,66,17,125,72,46,118,243
05/21/2005,RAP,SD,AGL,WE,Federal Contract Tower,8,29,5,7,49,0,1,24,1,26,8,30,29,8,75,8,0,8,83
05/22/2005,RAP,SD,AGL,WE,Federal Contract Tower,8,24,14,2,48,0,0,42,14,56,8,24,56,16,104,48,24,72,176
05/23/2005,RAP,SD,AGL,WE,Federal Contract Tower,10,32,25,1,68,0,0,38,5,43,10,32,63,6,111,0,0,0,111
05/24/2005,RAP,SD,AGL,WE,Federal Contract Tower,10,33,32,3,78,0,0,25,5,30,10,33,57,8,108,28,4,32,140
05/25/2005,RAP,SD,AGL,WE,Federal Contract Tower,12,35,28,0,75,0,0,30,10,40,12,35,58,10,115,30,32,62,177
05/26/2005,RAP,SD,AGL,WE,Federal Contract Tower,10,36,28,2,76,0,5,46,16,67,10,41,74,18,143,30,6,36,179
05/27/2005,RAP,SD,AGL,WE,Federal Contract Tower,10,35,21,1,67,0,2,33,13,48,10,37,54,14,115,12,8,20,135
05/28/2005,RAP,SD,AGL,WE,Federal Contract Tower,10,25,27,0,62,0,0,40,0,40,10,25,67,0,102,50,0,50,152
05/29/2005,RAP,SD,AGL,WE,Federal Contract Tower,8,29,15,0,52,0,0,23,0,23,8,29,38,0,75,4,0,4,79
05/30/2005,RAP,SD,AGL,WE,Federal Contract Tower,7,30,27,3,67,0,0,24,2,26,7,30,51,5,93,0,0,0,93
05/31/2005,RAP,SD,AGL,WE,Federal Contract Tower,10,32,19,3,64,0,0,10,2,12,10,32,29,5,76,22,0,22,98
06/01/2005,RAP,SD,AGL,WE,Federal Contract Tower,12,35,27,1,75,0,0,28,2,30,12,35,55,3,105,22,0,22,127
06/02/2005,RAP,SD,AGL,WE,Federal Contract Tower,10,30,20,0,60,0,0,33,10,43,10,30,53,10,103,4,16,20,123
06/03/2005,RAP,SD,AGL,WE,Federal Contract Tower,13,34,31,2,80,0,1,43,0,44,13,35,74,2,124,102,0,102,226
06/04/2005,RAP,SD,AGL,WE,Federal Contract Tower,8,27,16,0,51,0,0,32,6,38,8,27,48,6,89,22,2,24,113
06/05/2005,RAP,SD,AGL,WE,Federal Contract Tower,8,24,29,2,63,0,0,27,0,27,8,24,56,2,90,16,0,16,106
06/06/2005,RAP,SD,AGL,WE,Federal Contract Tower,9,29,21,3,62,0,1,30,0,31,9,30,51,3,93,12,0,12,105
06/07/2005,RAP,SD,AGL,WE,Federal Contract Tower,8,37,27,1,73,0,0,32,0,32,8,37,59,1,105,34,0,34,139
06/08/2005,RAP,SD,AGL,WE,Federal Contract Tower,10,39,24,5,78,0,4,21,7,32,10,43,45,12,110,30,4,34,144
06/09/2005,RAP,SD,AGL,WE,Federal Contract Tower,11,38,27,2,78,0,1,31,11,43,11,39,58,13,121,16,16,32,153
06/10/2005,RAP,SD,AGL,WE,Federal Contract Tower,10,36,40,0,86,0,0,30,4,34,10,36,70,4,120,24,10,34,154
06/11/2005,RAP,SD,AGL,WE,Federal Contract Tower,14,36,21,3,74,0,0,147,14,161,14,36,168,17,235,78,4,82,317
06/12/2005,RAP,SD,AGL,WE,Federal Contract Tower,10,27,30,3,70,0,0,30,21,51,10,27,60,24,121,2,12,14,135
06/13/2005,RAP,SD,AGL,WE,Federal Contract Tower,10,34,24,9,77,0,0,6,7,13,10,34,30,16,90,2,6,8,98
06/14/2005,RAP,SD,AGL,WE,Federal Contract Tower,10,42,45,8,105,0,1,67,32,100,10,43,112,40,205,64,14,78,283
06/15/2005,RAP,SD,AGL,WE,Federal Contract Tower,9,41,37,6,93,0,0,56,20,76,9,41,93,26,169,8,0,8,177
06/16/2005,RAP,SD,AGL,WE,Federal Contract Tower,9,50,31,2,92,1,0,55,23,79,10,50,86,25,171,42,4,46,217
06/17/2005,RAP,SD,AGL,WE,Federal Contract Tower,11,45,34,7,97,2,3,23,20,48,13,48,57,27,145,4,4,8,153
06/18/2005,RAP,SD,AGL,WE,Federal Contract Tower,10,33,21,6,70,0,0,78,34,112,10,33,99,40,182,90,22,112,294
06/19/2005,RAP,SD,AGL,WE,Federal Contract Tower,9,30,16,2,57,0,0,44,15,59,9,30,60,17,116,28,0,28,144
06/20/2005,RAP,SD,AGL,WE,Federal Contract Tower,10,32,48,3,93,0,0,46,16,62,10,32,94,19,155,38,0,38,193
06/21/2005,RAP,SD,AGL,WE,Federal Contract Tower,10,43,33,2,88,0,3,27,11,41,10,46,60,13,129,0,0,0,129
06/22/2005,RAP,SD,AGL,WE,Federal Contract Tower,10,42,28,0,80,0,0,50,18,68,10,42,78,18,148,22,10,32,180
06/23/2005,RAP,SD,AGL,WE,Federal Contract Tower,12,43,53,1,109,0,1,60,7,68,12,44,113,8,177,74,26,100,277
06/24/2005,RAP,SD,AGL,WE,Federal Contract Tower,10,40,25,4,79,0,1,38,0,39,10,41,63,4,118,30,2,32,150
06/25/2005,RAP,SD,AGL,WE,Federal Contract Tower,14,31,23,4,72,0,0,32,4,36,14,31,55,8,108,38,0,38,146
06/26/2005,RAP,SD,AGL,WE,Federal Contract Tower,10,33,22,5,70,0,0,49,1,50,10,33,71,6,120,36,0,36,156
06/27/2005,RAP,SD,AGL,WE,Federal Contract Tower,9,39,36,0,84,0,0,58,7,65,9,39,94,7,149,62,0,62,211
06/28/2005,RAP,SD,AGL,WE,Federal Contract Tower,9,41,35,3,88,0,2,31,5,38,9,43,66,8,126,56,12,68,194
06/29/2005,RAP,SD,AGL,WE,Federal Contract Tower,9,39,34,2,84,0,2,31,5,38,9,41,65,7,122,48,14,62,184
06/30/2005,RAP,SD,AGL,WE,Federal Contract Tower,10,37,30,1,78,0,0,52,33,85,10,37,82,34,163,22,0,22,185
07/01/2005,RAP,SD,AGL,WE,Federal Contract Tower,10,39,47,4,100,0,2,75,4,81,10,41,122,8,181,44,0,44,225
07/02/2005,RAP,SD,AGL,WE,Federal Contract Tower,11,32,17,0,60,0,0,63,0,63,11,32,80,0,123,52,0,52,175
07/03/2005,RAP,SD,AGL,WE,Federal Contract Tower,8,31,11,0,50,0,1,36,6,43,8,32,47,6,93,0,0,0,93
07/04/2005,RAP,SD,AGL,WE,Federal Contract Tower,10,31,24,0,65,0,0,48,2,50,10,31,72,2,115,14,8,22,137
07/05/2005,RAP,SD,AGL,WE,Federal Contract Tower,11,39,25,2,77,0,1,33,0,34,11,40,58,2,111,48,0,48,159
07/06/2005,RAP,SD,AGL,WE,Federal Contract Tower,12,42,26,2,82,0,0,63,11,74,12,42,89,13,156,26,20,46,202
07/07/2005,RAP,SD,AGL,WE,Federal Contract Tower,10,34,33,4,81,0,1,49,12,62,10,35,82,16,143,30,0,30,173
07/08/2005,RAP,SD,AGL,WE,Federal Contract Tower,10,40,21,2,73,0,0,44,7,51,10,40,65,9,124,6,0,6,130
07/09/2005,RAP,SD,AGL,WE,Federal Contract Tower,14,34,28,3,79,0,8,78,4,90,14,42,106,7,169,14,0,14,183
07/10/2005,RAP,SD,AGL,WE,Federal Contract Tower,12,35,23,2,72,0,10,48,3,61,12,45,71,5,133,6,0,6,139
07/11/2005,RAP,SD,AGL,WE,Federal Contract Tower,10,39,24,2,75,0,2,65,8,75,10,41,89,10,150,18,0,18,168
07/12/2005,RAP,SD,AGL,WE,Federal Contract Tower,10,41,37,2,90,0,2,61,8,71,10,43,98,10,161,72,0,72,233
07/13/2005,RAP,SD,AGL,WE,Federal Contract Tower,12,44,35,3,94,0,0,59,5,64,12,44,94,8,158,24,0,24,182
07/14/2005,RAP,SD,AGL,WE,Federal Contract Tower,16,40,43,1,100,10,6,58,15,89,26,46,101,16,189,42,4,46,235
07/15/2005,RAP,SD,AGL,WE,Federal Contract Tower,11,38,27,1,77,0,1,90,13,104,11,39,117,14,181,44,2,46,227
07/16/2005,RAP,SD,AGL,WE,Federal Contract Tower,12,33,10,0,55,0,4,39,17,60,12,37,49,17,115,2,8,10,125
07/17/2005,RAP,SD,AGL,WE,Federal Contract Tower,9,32,22,5,68,0,1,36,11,48,9,33,58,16,116,10,0,10,126
07/18/2005,RAP,SD,AGL,WE,Federal Contract Tower,9,37,24,2,72,0,0,44,2,46,9,37,68,4,118,52,10,62,180
07/19/2005,RAP,SD,AGL,WE,Federal Contract Tower,12,39,27,6,84,0,0,44,2,46,12,39,71,8,130,48,0,48,178
07/20/2005,RAP,SD,AGL,WE,Federal Contract Tower,11,38,27,2,78,0,1,46,10,57,11,39,73,12,135,122,0,122,257
07/21/2005,RAP,SD,AGL,WE,Federal Contract Tower,10,41,26,5,82,0,0,74,12,86,10,41,100,17,168,62,8,70,238
07/22/2005,RAP,SD,AGL,WE,Federal Contract Tower,9,43,36,0,88,0,2,74,3,79,9,45,110,3,167,50,0,50,217
07/23/2005,RAP,SD,AGL,WE,Federal Contract Tower,13,37,33,1,84,11,1,63,4,79,24,38,96,5,163,30,0,30,193
07/24/2005,RAP,SD,AGL,WE,Federal Contract Tower,10,31,26,0,67,23,2,105,7,137,33,33,131,7,204,34,0,34,238
07/25/2005,RAP,SD,AGL,WE,Federal Contract Tower,10,32,32,2,76,0,0,15,4,19,10,32,47,6,95,0,8,8,103
07/26/2005,RAP,SD,AGL,WE,Federal Contract Tower,11,41,40,3,95,0,0,27,4,31,11,41,67,7,126,24,0,24,150
07/27/2005,RAP,SD,AGL,WE,Federal Contract Tower,12,42,33,0,87,0,2,85,6,93,12,44,118,6,180,62,10,72,252
07/28/2005,RAP,SD,AGL,WE,Federal Contract Tower,10,49,29,1,89,0,1,99,8,108,10,50,128,9,197,52,0,52,249
07/29/2005,RAP,SD,AGL,WE,Federal Contract Tower,9,41,29,1,80,0,2,73,0,75,9,43,102,1,155,0,0,0,155
07/30/2005,RAP,SD,AGL,WE,Federal Contract Tower,12,36,16,11,75,0,0,90,4,94,12,36,106,15,169,36,14,50,219
07/31/2005,RAP,SD,AGL,WE,Federal Contract Tower,9,32,37,0,78,0,3,59,3,65,9,35,96,3,143,42,0,42,185
08/01/2005,RAP,SD,AGL,WE,Federal Contract Tower,9,43,26,1,79,0,0,56,2,58,9,43,82,3,137,4,0,4,141
08/02/2005,RAP,SD,AGL,WE,Federal Contract Tower,9,49,48,4,110,0,0,44,12,56,9,49,92,16,166,34,6,40,206
08/03/2005,RAP,SD,AGL,WE,Federal Contract Tower,12,37,39,4,92,0,0,37,9,46,12,37,76,13,138,34,2,36,174
08/04/2005,RAP,SD,AGL,WE,Federal Contract Tower,10,47,34,6,97,0,3,80,14,97,10,50,114,20,194,46,0,46,240
08/05/2005,RAP,SD,AGL,WE,Federal Contract Tower,10,42,38,2,92,0,3,85,15,103,10,45,123,17,195,0,32,32,227
08/06/2005,RAP,SD,AGL,WE,Federal Contract Tower,12,36,31,3,82,0,3,43,6,52,12,39,74,9,134,16,0,16,150
08/07/2005,RAP,SD,AGL,WE,Federal Contract Tower,8,29,47,6,90,0,0,58,15,73,8,29,105,21,163,2,4,6,169
08/08/2005,RAP,SD,AGL,WE,Federal Contract Tower,9,35,27,2,73,0,1,51,9,61,9,36,78,11,134,52,12,64,198
08/09/2005,RAP,SD,AGL,WE,Federal Contract Tower,9,48,28,0,85,0,3,32,4,39,9,51,60,4,124,2,0,2,126
08/10/2005,RAP,SD,AGL,WE,Federal Contract Tower,12,47,39,0,98,0,1,52,6,59,12,48,91,6,157,0,0,0,157
08/11/2005,RAP,SD,AGL,WE,Federal Contract Tower,9,52,47,0,108,0,7,37,14,58,9,59,84,14,166,10,8,18,184
08/12/2005,RAP,SD,AGL,WE,Federal Contract Tower,10,46,42,0,98,0,4,31,19,54,10,50,73,19,152,6,0,6,158
08/13/2005,RAP,SD,AGL,WE,Federal Contract Tower,14,46,28,3,91,0,0,23,6,29,14,46,51,9,120,0,2,2,122
08/14/2005,RAP,SD,AGL,WE,Federal Contract Tower,10,44,33,0,87,0,0,61,4,65,10,44,94,4,152,32,0,32,184
08/15/2005,RAP,SD,AGL,WE,Federal Contract Tower,9,38,30,0,77,0,1,46,0,47,9,39,76,0,124,0,0,0,124
08/16/2005,RAP,SD,AGL,WE,Federal Contract Tower,10,42,25,3,80,0,0,59,7,66,10,42,84,10,146,26,4,30,176
08/17/2005,RAP,SD,AGL,WE,Federal Contract Tower,12,44,42,0,98,0,0,45,1,46,12,44,87,1,144,48,0,48,192
08/18/2005,RAP,SD,AGL,WE,Federal Contract Tower,12,43,31,1,87,0,1,43,2,46,12,44,74,3,133,14,0,14,147
08/19/2005,RAP,SD,AGL,WE,Federal Contract Tower,10,43,30,2,85,0,0,18,9,27,10,43,48,11,112,0,4,4,116
08/20/2005,RAP,SD,AGL,WE,Federal Contract Tower,14,36,15,3,68,0,1,44,4,49,14,37,59,7,117,8,28,36,153
08/21/2005,RAP,SD,AGL,WE,Federal Contract Tower,8,34,34,0,76,0,0,54,8,62,8,34,88,8,138,12,14,26,164
08/22/2005,RAP,SD,AGL,WE,Federal Contract Tower,10,35,30,2,77,0,0,40,1,41,10,35,70,3,118,30,0,30,148
08/23/2005,RAP,SD,AGL,WE,Federal Contract Tower,8,44,27,2,81,2,2,51,1,56,10,46,78,3,137,20,4,24,161
08/24/2005,RAP,SD,AGL,WE,Federal Contract Tower,12,47,31,0,90,0,0,71,6,77,12,47,102,6,167,62,6,68,235
08/25/2005,RAP,SD,AGL,WE,Federal Contract Tower,10,48,29,5,92,0,4,46,9,59,10,52,75,14,151,40,4,44,195
08/26/2005,RAP,SD,AGL,WE,Federal Contract Tower,12,46,22,3,83,0,3,6,1,10,12,49,28,4,93,46,0,46,139
08/27/2005,RAP,SD,AGL,WE,Federal Contract Tower,12,40,15,8,75,0,1,71,5,77,12,41,86,13,152,42,16,58,210
08/28/2005,RAP,SD,AGL,WE,Federal Contract Tower,8,35,30,2,75,0,2,62,2,66,8,37,92,4,141,74,8,82,223
08/29/2005,RAP,SD,AGL,WE,Federal Contract Tower,10,37,27,2,76,1,2,45,2,50,11,39,72,4,126,60,2,62,188
08/30/2005,RAP,SD,AGL,WE,Federal Contract Tower,20,42,27,0,89,5,1,32,8,46,25,43,59,8,135,48,0,48,183
08/31/2005,RAP,SD,AGL,WE,Federal Contract Tower,12,47,22,3,84,3,1,40,5,49,15,48,62,8,133,52,8,60,193
09/01/2005,RAP,SD,AGL,WE,Federal Contract Tower,10,42,25,0,77,0,0,47,11,58,10,42,72,11,135,42,0,42,177
09/02/2005,RAP,SD,AGL,WE,Federal Contract Tower,10,39,28,1,78,0,5,46,8,59,10,44,74,9,137,22,10,32,169
09/03/2005,RAP,SD,AGL,WE,Federal Contract Tower,11,30,16,0,57,0,0,51,2,53,11,30,67,2,110,74,14,88,198
09/04/2005,RAP,SD,AGL,WE,Federal Contract Tower,8,31,12,2,53,0,4,39,1,44,8,35,51,3,97,26,2,28,125
09/05/2005,RAP,SD,AGL,WE,Federal Contract Tower,7,39,12,3,61,0,0,46,2,48,7,39,58,5,109,32,2,34,143
09/06/2005,RAP,SD,AGL,WE,Federal Contract Tower,10,34,23,4,71,0,0,40,0,40,10,34,63,4,111,38,0,38,149
09/07/2005,RAP,SD,AGL,WE,Federal Contract Tower,11,35,34,0,80,0,0,35,1,36,11,35,69,1,116,72,0,72,188
09/08/2005,RAP,SD,AGL,WE,Federal Contract Tower,10,39,23,2,74,0,1,35,12,48,10,40,58,14,122,32,2,34,156
09/09/2005,RAP,SD,AGL,WE,Federal Contract Tower,9,37,19,4,69,0,1,29,12,42,9,38,48,16,111,0,6,6,117
09/10/2005,RAP,SD,AGL,WE,Federal Contract Tower,11,31,18,3,63,0,0,39,10,49,11,31,57,13,112,14,14,28,140
09/11/2005,RAP,SD,AGL,WE,Federal Contract Tower,10,29,13,3,55,0,0,24,4,28,10,29,37,7,83,18,6,24,107
09/12/2005,RAP,SD,AGL,WE,Federal Contract Tower,9,32,26,2,69,0,0,34,2,36,9,32,60,4,105,28,0,28,133
09/13/2005,RAP,SD,AGL,WE,Federal Contract Tower,9,40,28,1,78,0,0,38,13,51,9,40,66,14,129,24,0,24,153
09/14/2005,RAP,SD,AGL,WE,Federal Contract Tower,12,41,39,2,94,0,2,55,5,62,12,43,94,7,156,22,0,22,178
09/15/2005,RAP,SD,AGL,WE,Federal Contract Tower,9,39,30,1,79,0,1,25,17,43,9,40,55,18,122,42,24,66,188
09/16/2005,RAP,SD,AGL,WE,Federal Contract Tower,10,41,27,3,81,0,0,52,5,57,10,41,79,8,138,44,0,44,182
09/17/2005,RAP,SD,AGL,WE,Federal Contract Tower,12,28,13,1,54,0,0,34,3,37,12,28,47,4,91,12,2,14,105
09/18/2005,RAP,SD,AGL,WE,Federal Contract Tower,10,34,11,0,55,0,0,31,4,35,10,34,42,4,90,44,0,44,134
09/19/2005,RAP,SD,AGL,WE,Federal Contract Tower,10,36,31,0,77,0,2,46,1,49,10,38,77,1,126,82,0,82,208
09/20/2005,RAP,SD,AGL,WE,Federal Contract Tower,10,40,39,3,92,0,0,52,1,53,10,40,91,4,145,104,6,110,255
09/21/2005,RAP,SD,AGL,WE,Federal Contract Tower,11,40,40,0,91,0,1,37,5,43,11,41,77,5,134,10,0,10,144
09/22/2005,RAP,SD,AGL,WE,Federal Contract Tower,12,34,47,0,93,0,0,42,3,45,12,34,89,3,138,30,4,34,172
09/23/2005,RAP,SD,AGL,WE,Federal Contract Tower,9,41,28,5,83,0,2,40,5,47,9,43,68,10,130,22,0,22,152
09/24/2005,RAP,SD,AGL,WE,Federal Contract Tower,12,28,30,0,70,0,0,20,0,20,12,28,50,0,90,12,0,12,102
09/25/2005,RAP,SD,AGL,WE,Federal Contract Tower,9,29,24,1,63,0,0,11,2,13,9,29,35,3,76,0,0,0,76
09/26/2005,RAP,SD,AGL,WE,Federal Contract Tower,10,32,21,2,65,0,0,48,5,53,10,32,69,7,118,60,8,68,186
09/27/2005,RAP,SD,AGL,WE,Federal Contract Tower,10,40,38,0,88,0,2,49,1,52,10,42,87,1,140,14,0,14,154
09/28/2005,RAP,SD,AGL,WE,Federal Contract Tower,11,41,52,0,104,0,1,43,0,44,11,42,95,0,148,46,0,46,194
09/29/2005,RAP,SD,AGL,WE,Federal Contract Tower,10,38,25,0,73,0,0,64,2,66,10,38,89,2,139,84,4,88,227
09/30/2005,RAP,SD,AGL,WE,Federal Contract Tower,10,35,26,0,71,0,0,50,10,60,10,35,76,10,131,32,0,32,163
10/01/2005,RAP,SD,AGL,WE,Federal Contract Tower,11,35,9,1,56,0,2,49,13,64,11,37,58,14,120,32,20,52,172
10/02/2005,RAP,SD,AGL,WE,Federal Contract Tower,7,32,13,0,52,0,0,33,0,33,7,32,46,0,85,4,0,4,89
10/03/2005,RAP,SD,AGL,WE,Federal Contract Tower,8,29,21,2,60,0,0,42,0,42,8,29,63,2,102,116,4,120,222
10/04/2005,RAP,SD,AGL,WE,Federal Contract Tower,7,32,29,2,70,0,0,4,7,11,7,32,33,9,81,18,0,18,99
10/05/2005,RAP,SD,AGL,WE,Federal Contract Tower,12,36,25,1,74,0,2,3,2,7,12,38,28,3,81,0,0,0,81
10/06/2005,RAP,SD,AGL,WE,Federal Contract Tower,8,39,33,1,81,0,0,53,10,63,8,39,86,11,144,18,8,26,170
10/07/2005,RAP,SD,AGL,WE,Federal Contract Tower,8,33,40,1,82,0,0,33,7,40,8,33,73,8,122,20,0,20,142
10/08/2005,RAP,SD,AGL,WE,Federal Contract Tower,11,31,13,0,55,0,0,39,3,42,11,31,52,3,97,94,0,94,191
10/09/2005,RAP,SD,AGL,WE,Federal Contract Tower,7,27,20,0,54,0,1,4,0,5,7,28,24,0,59,0,0,0,59
10/10/2005,RAP,SD,AGL,WE,Federal Contract Tower,8,18,37,0,63,0,0,4,1,5,8,18,41,1,68,0,0,0,68
10/11/2005,RAP,SD,AGL,WE,Federal Contract Tower,8,30,35,10,83,0,0,33,5,38,8,30,68,15,121,12,8,20,141
10/12/2005,RAP,SD,AGL,WE,Federal Contract Tower,10,34,28,2,74,0,3,31,6,40,10,37,59,8,114,42,0,42,156
10/13/2005,RAP,SD,AGL,WE,Federal Contract Tower,10,35,24,2,71,0,1,75,13,89,10,36,99,15,160,64,4,68,228
10/14/2005,RAP,SD,AGL,WE,Federal Contract Tower,7,33,17,1,58,0,0,47,4,51,7,33,64,5,109,12,2,14,123
10/15/2005,RAP,SD,AGL,WE,Federal Contract Tower,9,31,4,0,44,0,2,24,1,27,9,33,28,1,71,18,0,18,89
10/16/2005,RAP,SD,AGL,WE,Federal Contract Tower,7,35,17,1,60,0,2,39,0,41,7,37,56,1,101,10,0,10,111
10/17/2005,RAP,SD,AGL,WE,Federal Contract Tower,7,32,18,2,59,0,0,32,1,33,7,32,50,3,92,48,0,48,140
10/18/2005,RAP,SD,AGL,WE,Federal Contract Tower,8,35,20,2,65,0,1,42,6,49,8,36,62,8,114,24,0,24,138
10/19/2005,RAP,SD,AGL,WE,Federal Contract Tower,10,39,12,2,63,0,1,53,8,62,10,40,65,10,125,76,0,76,201
10/20/2005,RAP,SD,AGL,WE,Federal Contract Tower,8,32,26,4,70,0,0,51,15,66,8,32,77,19,136,20,14,34,170
10/21/2005,RAP,SD,AGL,WE,Federal Contract Tower,8,31,29,4,72,0,0,25,1,26,8,31,54,5,98,48,2,50,148
10/22/2005,RAP,SD,AGL,WE,Federal Contract Tower,9,32,5,0,46,0,0,19,2,21,9,32,24,2,67,4,0,4,71
10/23/2005,RAP,SD,AGL,WE,Federal Contract Tower,7,25,20,5,57,0,3,37,3,43,7,28,57,8,100,64,0,64,164
10/24/2005,RAP,SD,AGL,WE,Federal Contract Tower,9,27,27,2,65,0,0,46,1,47,9,27,73,3,112,82,0,82,194
10/25/2005,RAP,SD,AGL,WE,Federal Contract Tower,8,33,27,3,71,0,0,44,2,46,8,33,71,5,117,48,6,54,171
10/26/2005,RAP,SD,AGL,WE,Federal Contract Tower,10,32,22,2,66,0,0,51,3,54,10,32,73,5,120,46,2,48,168
10/27/2005,RAP,SD,AGL,WE,Federal Contract Tower,8,34,23,2,67,0,1,46,15,62,8,35,69,17,129,68,14,82,211
10/28/2005,RAP,SD,AGL,WE,Federal Contract Tower,9,35,23,4,71,0,0,34,17,51,9,35,57,21,122,28,14,42,164
10/29/2005,RAP,SD,AGL,WE,Federal Contract Tower,9,33,10,2,54,0,2,42,2,46,9,35,52,4,100,18,8,26,126
10/30/2005,RAP,SD,AGL,WE,Federal Contract Tower,6,24,13,2,45,0,0,34,2,36,6,24,47,4,81,27,12,39,120
10/31/2005,RAP,SD,AGL,WE,Federal Contract Tower,6,25,13,0,44,0,0,33,3,36,6,25,46,3,80,34,20,54,134
11/01/2005,RAP,SD,AGL,WE,Federal Contract Tower,6,34,31,0,71,0,0,42,0,42,6,34,73,0,113,90,0,90,203
11/02/2005,RAP,SD,AGL,WE,Federal Contract Tower,8,33,29,0,70,0,0,41,0,41,8,33,70,0,111,64,0,64,175
11/03/2005,RAP,SD,AGL,WE,Federal Contract Tower,6,35,20,2,63,0,2,27,10,39,6,37,47,12,102,6,0,6,108
11/04/2005,RAP,SD,AGL,WE,Federal Contract Tower,6,31,20,2,59,0,0,31,10,41,6,31,51,12,100,42,2,44,144
11/05/2005,RAP,SD,AGL,WE,Federal Contract Tower,8,25,10,3,46,0,0,38,15,53,8,25,48,18,99,18,18,36,135
11/06/2005,RAP,SD,AGL,WE,Federal Contract Tower,6,20,11,1,38,0,2,35,8,45,6,22,46,9,83,24,0,24,107
11/07/2005,RAP,SD,AGL,WE,Federal Contract Tower,6,33,24,0,63,0,0,38,4,42,6,33,62,4,105,50,0,50,155
11/08/2005,RAP,SD,AGL,WE,Federal Contract Tower,6,33,20,1,60,0,5,28,0,33,6,38,48,1,93,8,0,8,101
11/09/2005,RAP,SD,AGL,WE,Federal Contract Tower,9,39,14,2,64,0,1,57,0,58,9,40,71,2,122,38,0,38,160
11/10/2005,RAP,SD,AGL,WE,Federal Contract Tower,6,37,34,4,81,0,0,62,5,67,6,37,96,9,148,80,0,80,228
11/11/2005,RAP,SD,AGL,WE,Federal Contract Tower,8,27,17,0,52,0,0,46,0,46,8,27,63,0,98,26,0,26,124
11/12/2005,RAP,SD,AGL,WE,Federal Contract Tower,8,27,7,1,43,0,0,2,3,5,8,27,9,4,48,0,0,0,48
11/13/2005,RAP,SD,AGL,WE,Federal Contract Tower,6,20,16,0,42,0,0,49,14,63,6,20,65,14,105,98,6,104,209
11/14/2005,RAP,SD,AGL,WE,Federal Contract Tower,6,33,20,2,61,0,0,17,0,17,6,33,37,2,78,64,0,64,142
11/15/2005,RAP,SD,AGL,WE,Federal Contract Tower,6,43,18,0,67,0,0,1,0,1,6,43,19,0,68,0,0,0,68
11/16/2005,RAP,SD,AGL,WE,Federal Contract Tower,8,36,24,3,71,0,0,33,3,36,8,36,57,6,107,52,0,52,159
11/17/2005,RAP,SD,AGL,WE,Federal Contract Tower,6,30,30,3,69,0,0,22,18,40,6,30,52,21,109,22,8,30,139
11/18/2005,RAP,SD,AGL,WE,Federal Contract Tower,7,35,16,0,58,0,0,43,6,49,7,35,59,6,107,44,0,44,151
11/19/2005,RAP,SD,AGL,WE,Federal Contract Tower,8,29,15,2,54,0,2,5,0,7,8,31,20,2,61,0,0,0,61
11/20/2005,RAP,SD,AGL,WE,Federal Contract Tower,6,23,11,1,41,0,0,38,2,40,6,23,49,3,81,46,14,60,141
11/21/2005,RAP,SD,AGL,WE,Federal Contract Tower,6,24,22,2,54,0,0,36,4,40,6,24,58,6,94,58,0,58,152
11/22/2005,RAP,SD,AGL,WE,Federal Contract Tower,6,30,18,0,54,0,1,32,1,34,6,31,50,1,88,22,0,22,110
11/23/2005,RAP,SD,AGL,WE,Federal Contract Tower,8,30,22,4,64,0,2,50,4,56,8,32,72,8,120,46,0,46,166
11/24/2005,RAP,SD,AGL,WE,Federal Contract Tower,6,17,13,0,36,0,0,3,0,3,6,17,16,0,39,0,0,0,39
11/25/2005,RAP,SD,AGL,WE,Federal Contract Tower,3,29,7,0,39,0,1,36,0,37,3,30,43,0,76,24,0,24,100
11/26/2005,RAP,SD,AGL,WE,Federal Contract Tower,8,29,9,0,46,0,0,18,1,19,8,29,27,1,65,8,12,20,85
11/27/2005,RAP,SD,AGL,WE,Federal Contract Tower,6,23,14,0,43,0,0,0,0,0,6,23,14,0,43,0,0,0,43
11/28/2005,RAP,SD,AGL,WE,Federal Contract Tower,6,23,9,0,38,0,0,1,0,1,6,23,10,0,39,0,0,0,39
11/29/2005,RAP,SD,AGL,WE,Federal Contract Tower,6,32,19,1,58,0,0,22,3,25,6,32,41,4,83,6,0,6,89
11/30/2005,RAP,SD,AGL,WE,Federal Contract Tower,8,35,30,2,75,0,9,2,0,11,8,44,32,2,86,0,0,0,86
12/01/2005,RAP,SD,AGL,WE,Federal Contract Tower,6,36,35,3,80,0,0,0,1,1,6,36,35,4,81,0,0,0,81
12/02/2005,RAP,SD,AGL,WE,Federal Contract Tower,6,40,22,1,69,0,0,1,2,3,6,40,23,3,72,8,4,12,84
12/03/2005,RAP,SD,AGL,WE,Federal Contract Tower,8,32,4,0,44,0,0,10,11,21,8,32,14,11,65,8,10,18,83
12/04/2005,RAP,SD,AGL,WE,Federal Contract Tower,6,24,10,0,40,0,0,8,0,8,6,24,18,0,48,0,0,0,48
12/05/2005,RAP,SD,AGL,WE,Federal Contract Tower,6,25,22,0,53,0,0,0,0,0,6,25,22,0,53,0,0,0,53
12/06/2005,RAP,SD,AGL,WE,Federal Contract Tower,5,38,35,3,81,0,0,15,4,19,5,38,50,7,100,0,20,20,120
12/07/2005,RAP,SD,AGL,WE,Federal Contract Tower,8,34,34,1,77,0,4,19,3,26,8,38,53,4,103,0,0,0,103
12/08/2005,RAP,SD,AGL,WE,Federal Contract Tower,6,34,41,2,83,0,0,28,16,44,6,34,69,18,127,6,38,44,171
12/09/2005,RAP,SD,AGL,WE,Federal Contract Tower,6,35,18,3,62,0,0,21,5,26,6,35,39,8,88,48,30,78,166
12/10/2005,RAP,SD,AGL,WE,Federal Contract Tower,8,31,12,2,53,0,2,7,0,9,8,33,19,2,62,0,0,0,62
12/11/2005,RAP,SD,AGL,WE,Federal Contract Tower,6,20,6,4,36,0,1,14,1,16,6,21,20,5,52,16,6,22,74
12/12/2005,RAP,SD,AGL,WE,Federal Contract Tower,6,30,15,0,51,0,1,42,4,47,6,31,57,4,98,44,0,44,142
12/13/2005,RAP,SD,AGL,WE,Federal Contract Tower,6,37,20,0,63,0,0,14,2,16,6,37,34,2,79,4,0,4,83
12/14/2005,RAP,SD,AGL,WE,Federal Contract Tower,8,37,11,2,58,0,0,5,3,8,8,37,16,5,66,0,4,4,70
12/15/2005,RAP,SD,AGL,WE,Federal Contract Tower,6,35,27,4,72,0,0,4,0,4,6,35,31,4,76,0,0,0,76
12/16/2005,RAP,SD,AGL,WE,Federal Contract Tower,8,38,25,2,73,0,1,7,1,9,8,39,32,3,82,0,0,0,82
12/17/2005,RAP,SD,AGL,WE,Federal Contract Tower,10,27,12,1,50,0,0,11,5,16,10,27,23,6,66,24,34,58,124
12/18/2005,RAP,SD,AGL,WE,Federal Contract Tower,7,29,12,2,50,0,0,8,1,9,7,29,20,3,59,4,2,6,65
12/19/2005,RAP,SD,AGL,WE,Federal Contract Tower,8,28,11,1,48,0,2,32,3,37,8,30,43,4,85,36,0,36,121
12/20/2005,RAP,SD,AGL,WE,Federal Contract Tower,7,36,30,0,73,0,1,41,0,42,7,37,71,0,115,32,0,32,147
12/21/2005,RAP,SD,AGL,WE,Federal Contract Tower,10,39,26,1,76,0,0,30,1,31,10,39,56,2,107,22,0,22,129
12/22/2005,RAP,SD,AGL,WE,Federal Contract Tower,8,41,11,1,61,0,1,25,9,35,8,42,36,10,96,10,10,20,116
12/23/2005,RAP,SD,AGL,WE,Federal Contract Tower,8,35,5,2,50,0,0,22,4,26,8,35,27,6,76,20,2,22,98
12/24/2005,RAP,SD,AGL,WE,Federal Contract Tower,9,24,7,0,40,0,0,23,0,23,9,24,30,0,63,56,0,56,119
12/25/2005,RAP,SD,AGL,WE,Federal Contract Tower,7,23,2,0,32,0,0,14,0,14,7,23,16,0,46,14,0,14,60
12/26/2005,RAP,SD,AGL,WE,Federal Contract Tower,7,21,11,0,39,0,0,41,0,41,7,21,52,0,80,58,0,58,138
12/27/2005,RAP,SD,AGL,WE,Federal Contract Tower,8,39,18,0,65,0,0,17,0,17,8,39,35,0,82,4,0,4,86
12/28/2005,RAP,SD,AGL,WE,Federal Contract Tower,9,41,19,1,70,0,1,82,1,84,9,42,101,2,154,6,0,6,160
12/29/2005,RAP,SD,AGL,WE,Federal Contract Tower,7,33,9,1,50,0,0,3,1,4,7,33,12,2,54,0,0,0,54
12/30/2005,RAP,SD,AGL,WE,Federal Contract Tower,8,43,11,0,62,0,1,16,2,19,8,44,27,2,81,40,0,40,121
12/31/2005,RAP,SD,AGL,WE,Federal Contract Tower,9,28,13,1,51,0,0,22,1,23,9,28,35,2,74,52,2,54,128
01/01/2006,RAP,SD,AGL,WE,Federal Contract Tower,8,20,1,0,29,0,0,0,0,0,8,20,1,0,29,0,0,0,29
01/02/2006,RAP,SD,AGL,WE,Federal Contract Tower,7,23,17,0,47,0,0,18,0,18,7,23,35,0,65,18,0,18,83
01/03/2006,RAP,SD,AGL,WE,Federal Contract Tower,6,37,16,1,60,0,3,6,4,13,6,40,22,5,73,8,0,8,81
01/04/2006,RAP,SD,AGL,WE,Federal Contract Tower,8,43,19,2,72,0,3,20,8,31,8,46,39,10,103,4,16,20,123
01/05/2006,RAP,SD,AGL,WE,Federal Contract Tower,6,36,31,2,75,0,5,34,16,55,6,41,65,18,130,32,30,62,192
01/06/2006,RAP,SD,AGL,WE,Federal Contract Tower,6,33,29,4,72,0,0,36,9,45,6,33,65,13,117,80,6,86,203
01/07/2006,RAP,SD,AGL,WE,Federal Contract Tower,6,26,13,0,45,0,2,73,0,75,6,28,86,0,120,84,0,84,204
01/08/2006,RAP,SD,AGL,WE,Federal Contract Tower,5,24,11,3,43,0,1,0,0,1,5,25,11,3,44,0,0,0,44
01/09/2006,RAP,SD,AGL,WE,Federal Contract Tower,6,30,11,1,48,0,0,17,2,19,6,30,28,3,67,0,0,0,67
01/10/2006,RAP,SD,AGL,WE,Federal Contract Tower,6,30,21,0,57,0,1,35,0,36,6,31,56,0,93,12,0,12,105
01/11/2006,RAP,SD,AGL,WE,Federal Contract Tower,8,35,11,2,56,0,0,21,11,32,8,35,32,13,88,0,14,14,102
01/12/2006,RAP,SD,AGL,WE,Federal Contract Tower,6,33,23,2,64,0,1,8,14,23,6,34,31,16,87,12,8,20,107
01/13/2006,RAP,SD,AGL,WE,Federal Contract Tower,5,37,22,2,66,0,1,25,0,26,5,38,47,2,92,8,0,8,100
01/14/2006,RAP,SD,AGL,WE,Federal Contract Tower,6,32,4,0,42,0,0,51,0,51,6,32,55,0,93,32,0,32,125
01/15/2006,RAP,SD,AGL,WE,Federal Contract Tower,5,26,12,0,43,0,0,8,0,8,5,26,20,0,51,0,0,0,51
01/16/2006,RAP,SD,AGL,WE,Federal Contract Tower,6,27,22,0,55,0,0,13,0,13,6,27,35,0,68,8,0,8,76
01/17/2006,RAP,SD,AGL,WE,Federal Contract Tower,6,31,24,0,61,0,0,27,0,27,6,31,51,0,88,16,0,16,104
01/18/2006,RAP,SD,AGL,WE,Federal Contract Tower,8,35,22,0,65,0,0,27,0,27,8,35,49,0,92,42,6,48,140
01/19/2006,RAP,SD,AGL,WE,Federal Contract Tower,6,28,30,0,64,0,3,19,15,37,6,31,49,15,101,32,44,76,177
01/20/2006,RAP,SD,AGL,WE,Federal Contract Tower,6,30,44,2,82,0,2,18,22,42,6,32,62,24,124,12,12,24,148
01/21/2006,RAP,SD,AGL,WE,Federal Contract Tower,6,27,9,2,44,0,0,38,8,46,6,27,47,10,90,50,10,60,150
01/22/2006,RAP,SD,AGL,WE,Federal Contract Tower,8,23,9,2,42,0,0,41,7,48,8,23,50,9,90,54,8,62,152
01/23/2006,RAP,SD,AGL,WE,Federal Contract Tower,6,34,20,5,65,0,0,21,2,23,6,34,41,7,88,6,0,6,94
01/24/2006,RAP,SD,AGL,WE,Federal Contract Tower,6,32,15,2,55,0,0,32,0,32,6,32,47,2,87,12,0,12,99
01/25/2006,RAP,SD,AGL,WE,Federal Contract Tower,8,29,25,4,66,0,0,29,8,37,8,29,54,12,103,4,4,8,111
01/26/2006,RAP,SD,AGL,WE,Federal Contract Tower,8,28,15,2,53,0,1,20,23,44,8,29,35,25,97,70,2,72,169
01/27/2006,RAP,SD,AGL,WE,Federal Contract Tower,6,30,15,2,53,0,0,35,3,38,6,30,50,5,91,30,0,30,121
01/28/2006,RAP,SD,AGL,WE,Federal Contract Tower,8,30,1,0,39,0,3,32,0,35,8,33,33,0,74,34,0,34,108
01/29/2006,RAP,SD,AGL,WE,Federal Contract Tower,6,22,5,0,33,0,0,6,0,6,6,22,11,0,39,8,0,8,47
01/30/2006,RAP,SD,AGL,WE,Federal Contract Tower,6,27,19,0,52,0,0,16,0,16,6,27,35,0,68,26,0,26,94
01/31/2006,RAP,SD,AGL,WE,Federal Contract Tower,6,25,22,4,57,0,0,5,2,7,6,25,27,6,64,0,0,0,64
02/01/2006,RAP,SD,AGL,WE,Federal Contract Tower,8,32,26,0,66,0,0,38,3,41,8,32,64,3,107,44,28,72,179
02/02/2006,RAP,SD,AGL,WE,Federal Contract Tower,8,29,32,3,72,0,0,23,12,35,8,29,55,15,107,0,4,4,111
02/03/2006,RAP,SD,AGL,WE,Federal Contract Tower,8,31,19,3,61,0,0,20,1,21,8,31,39,4,82,22,0,22,104
02/04/2006,RAP,SD,AGL,WE,Federal Contract Tower,6,30,10,3,49,0,1,53,0,54,6,31,63,3,103,48,0,48,151
02/05/2006,RAP,SD,AGL,WE,Federal Contract Tower,6,22,11,0,39,0,0,1,0,1,6,22,12,0,40,0,0,0,40
02/06/2006,RAP,SD,AGL,WE,Federal Contract Tower,6,26,27,2,61,0,1,16,0,17,6,27,43,2,78,14,0,14,92
02/07/2006,RAP,SD,AGL,WE,Federal Contract Tower,6,27,16,4,53,0,0,26,4,30,6,27,42,8,83,32,2,34,117
02/08/2006,RAP,SD,AGL,WE,Federal Contract Tower,8,29,16,0,53,0,0,22,10,32,8,29,38,10,85,8,8,16,101
02/09/2006,RAP,SD,AGL,WE,Federal Contract Tower,5,29,30,1,65,0,0,17,16,33,5,29,47,17,98,0,36,36,134
02/10/2006,RAP,SD,AGL,WE,Federal Contract Tower,6,33,23,2,64,0,0,3,0,3,6,33,26,2,67,0,0,0,67
02/11/2006,RAP,SD,AGL,WE,Federal Contract Tower,6,24,17,0,47,0,0,45,0,45,6,24,62,0,92,96,0,96,188
02/12/2006,RAP,SD,AGL,WE,Federal Contract Tower,6,20,16,3,45,0,0,37,0,37,6,20,53,3,82,54,0,54,136
02/13/2006,RAP,SD,AGL,WE,Federal Contract Tower,6,28,13,3,50,0,0,37,0,37,6,28,50,3,87,30,0,30,117
02/14/2006,RAP,SD,AGL,WE,Federal Contract Tower,6,31,34,2,73,0,0,4,0,4,6,31,38,2,77,0,4,4,81
02/15/2006,RAP,SD,AGL,WE,Federal Contract Tower,8,27,18,2,55,0,0,0,0,0,8,27,18,2,55,0,0,0,55
02/16/2006,RAP,SD,AGL,WE,Federal Contract Tower,6,33,17,0,56,0,0,1,0,1,6,33,18,0,57,0,0,0,57
02/17/2006,RAP,SD,AGL,WE,Federal Contract Tower,5,36,18,2,61,0,0,7,0,7,5,36,25,2,68,8,0,8,76
02/18/2006,RAP,SD,AGL,WE,Federal Contract Tower,8,32,6,0,46,0,3,19,2,24,8,35,25,2,70,10,0,10,80
02/19/2006,RAP,SD,AGL,WE,Federal Contract Tower,5,21,15,0,41,0,0,15,0,15,5,21,30,0,56,0,0,0,56
02/20/2006,RAP,SD,AGL,WE,Federal Contract Tower,6,29,31,0,66,0,0,39,0,39,6,29,70,0,105,24,0,24,129
02/21/2006,RAP,SD,AGL,WE,Federal Contract Tower,6,30,25,2,63,0,1,29,0,30,6,31,54,2,93,0,0,0,93
02/22/2006,RAP,SD,AGL,WE,Federal Contract Tower,8,27,16,1,52,0,0,33,2,35,8,27,49,3,87,18,0,18,105
02/23/2006,RAP,SD,AGL,WE,Federal Contract Tower,5,30,14,2,51,0,2,36,14,52,5,32,50,16,103,16,12,28,131
02/24/2006,RAP,SD,AGL,WE,Federal Contract Tower,5,33,14,1,53,0,1,16,0,17,5,34,30,1,70,4,0,4,74
02/25/2006,RAP,SD,AGL,WE,Federal Contract Tower,6,28,13,2,49,0,1,13,7,21,6,29,26,9,70,2,10,12,82
02/26/2006,RAP,SD,AGL,WE,Federal Contract Tower,5,23,9,9,46,0,0,36,8,44,5,23,45,17,90,34,4,38,128
02/27/2006,RAP,SD,AGL,WE,Federal Contract Tower,6,27,17,0,50,0,0,38,1,39,6,27,55,1,89,32,0,32,121
02/28/2006,RAP,SD,AGL,WE,Federal Contract Tower,6,28,27,2,63,0,0,33,4,37,6,28,60,6,100,22,0,22,122
03/01/2006,RAP,SD,AGL,WE,Federal Contract Tower,8,31,25,2,66,0,0,20,4,24,8,31,45,6,90,22,0,22,112
03/02/2006,RAP,SD,AGL,WE,Federal Contract Tower,6,31,30,4,71,0,0,49,19,68,6,31,79,23,139,58,24,82,221
03/03/2006,RAP,SD,AGL,WE,Federal Contract Tower,5,30,23,2,60,0,0,52,25,77,5,30,75,27,137,2,24,26,163
03/04/2006,RAP,SD,AGL,WE,Federal Contract Tower,6,34,6,4,50,0,0,19,11,30,6,34,25,15,80,8,0,8,88
03/05/2006,RAP,SD,AGL,WE,Federal Contract Tower,6,24,32,3,65,0,0,30,12,42,6,24,62,15,107,24,10,34,141
03/06/2006,RAP,SD,AGL,WE,Federal Contract Tower,6,28,22,2,58,0,0,21,4,25,6,28,43,6,83,26,0,26,109
03/07/2006,RAP,SD,AGL,WE,Federal Contract Tower,5,30,23,2,60,0,0,20,6,26,5,30,43,8,86,8,30,38,124
03/08/2006,RAP,SD,AGL,WE,Federal Contract Tower,8,36,28,1,73,0,3,41,12,56,8,39,69,13,129,16,30,46,175
03/09/2006,RAP,SD,AGL,WE,Federal Contract Tower,6,32,37,1,76,0,2,47,19,68,6,34,84,20,144,16,22,38,182
03/10/2006,RAP,SD,AGL,WE,Federal Contract Tower,6,31,26,1,64,0,1,12,7,20,6,32,38,8,84,36,8,44,128
03/11/2006,RAP,SD,AGL,WE,Federal Contract Tower,6,31,10,0,47,0,0,22,0,22,6,31,32,0,69,44,0,44,113
03/12/2006,RAP,SD,AGL,WE,Federal Contract Tower,3,20,3,0,26,0,0,0,0,0,3,20,3,0,26,0,0,0,26
03/13/2006,RAP,SD,AGL,WE,Federal Contract Tower,3,28,18,2,51,0,0,11,5,16,3,28,29,7,67,2,18,20,87
03/14/2006,RAP,SD,AGL,WE,Federal Contract Tower,6,32,21,0,59,0,0,32,0,32,6,32,53,0,91,12,0,12,103
03/15/2006,RAP,SD,AGL,WE,Federal Contract Tower,7,33,29,0,69,0,1,13,4,18,7,34,42,4,87,28,2,30,117
03/16/2006,RAP,SD,AGL,WE,Federal Contract Tower,6,34,32,2,74,0,0,16,25,41,6,34,48,27,115,22,38,60,175
03/17/2006,RAP,SD,AGL,WE,Federal Contract Tower,6,34,32,5,77,0,0,25,0,25,6,34,57,5,102,10,0,10,112
03/18/2006,RAP,SD,AGL,WE,Federal Contract Tower,5,30,8,0,43,0,0,9,0,9,5,30,17,0,52,2,0,2,54
03/19/2006,RAP,SD,AGL,WE,Federal Contract Tower,0,1,1,0,2,0,0,0,0,0,0,1,1,0,2,0,0,0,2
03/20/2006,RAP,SD,AGL,WE,Federal Contract Tower,2,18,12,2,34,0,0,0,0,0,2,18,12,2,34,0,0,0,34
03/21/2006,RAP,SD,AGL,WE,Federal Contract Tower,7,24,14,3,48,0,0,0,2,2,7,24,14,5,50,0,0,0,50
03/22/2006,RAP,SD,AGL,WE,Federal Contract Tower,7,32,27,2,68,0,0,23,4,27,7,32,50,6,95,12,0,12,107
03/23/2006,RAP,SD,AGL,WE,Federal Contract Tower,6,26,34,2,68,0,0,30,11,41,6,26,64,13,109,10,0,10,119
03/24/2006,RAP,SD,AGL,WE,Federal Contract Tower,6,29,30,1,66,0,0,49,6,55,6,29,79,7,121,20,26,46,167
03/25/2006,RAP,SD,AGL,WE,Federal Contract Tower,6,33,8,0,47,0,2,1,0,3,6,35,9,0,50,0,0,0,50
03/26/2006,RAP,SD,AGL,WE,Federal Contract Tower,6,20,11,4,41,0,0,1,0,1,6,20,12,4,42,0,0,0,42
03/27/2006,RAP,SD,AGL,WE,Federal Contract Tower,6,28,24,4,62,0,3,14,0,17,6,31,38,4,79,6,0,6,85
03/28/2006,RAP,SD,AGL,WE,Federal Contract Tower,6,29,17,2,54,0,0,28,1,29,6,29,45,3,83,32,0,32,115
03/29/2006,RAP,SD,AGL,WE,Federal Contract Tower,8,32,24,2,66,0,0,39,4,43,8,32,63,6,109,56,0,56,165
03/30/2006,RAP,SD,AGL,WE,Federal Contract Tower,10,33,34,4,81,0,1,34,26,61,10,34,68,30,142,30,2,32,174
03/31/2006,RAP,SD,AGL,WE,Federal Contract Tower,7,30,24,2,63,0,9,47,9,65,7,39,71,11,128,40,12,52,180
04/01/2006,RAP,SD,AGL,WE,Federal Contract Tower,6,30,15,6,57,0,2,49,15,66,6,32,64,21,123,28,30,58,181
04/02/2006,RAP,SD,AGL,WE,Federal Contract Tower,6,21,6,1,34,0,0,4,6,10,6,21,10,7,44,0,0,0,44
04/03/2006,RAP,SD,AGL,WE,Federal Contract Tower,6,26,17,0,49,0,0,22,0,22,6,26,39,0,71,0,0,0,71
04/04/2006,RAP,SD,AGL,WE,Federal Contract Tower,8,26,18,4,56,0,0,56,6,62,8,26,74,10,118,88,2,90,208
04/05/2006,RAP,SD,AGL,WE,Federal Contract Tower,10,27,25,1,63,0,0,31,11,42,10,27,56,12,105,20,0,20,125
04/06/2006,RAP,SD,AGL,WE,Federal Contract Tower,7,29,28,2,66,0,1,6,8,15,7,30,34,10,81,0,2,2,83
04/07/2006,RAP,SD,AGL,WE,Federal Contract Tower,8,27,25,1,61,0,2,15,0,17,8,29,40,1,78,0,0,0,78
04/08/2006,RAP,SD,AGL,WE,Federal Contract Tower,7,26,10,0,43,0,1,33,0,34,7,27,43,0,77,32,0,32,109
04/09/2006,RAP,SD,AGL,WE,Federal Contract Tower,8,16,8,3,35,0,0,50,3,53,8,16,58,6,88,64,0,64,152
04/10/2006,RAP,SD,AGL,WE,Federal Contract Tower,8,26,38,1,73,0,0,31,1,32,8,26,69,2,105,6,0,6,111
04/11/2006,RAP,SD,AGL,WE,Federal Contract Tower,8,27,26,0,61,0,1,24,1,26,8,28,50,1,87,14,0,14,101
04/12/2006,RAP,SD,AGL,WE,Federal Contract Tower,9,25,27,2,63,0,7,44,4,55,9,32,71,6,118,42,0,42,160
04/13/2006,RAP,SD,AGL,WE,Federal Contract Tower,8,31,23,0,62,0,1,26,11,38,8,32,49,11,100,4,0,4,104
04/14/2006,RAP,SD,AGL,WE,Federal Contract Tower,8,25,22,0,55,0,0,36,7,43,8,25,58,7,98,6,10,16,114
04/15/2006,RAP,SD,AGL,WE,Federal Contract Tower,8,28,8,4,48,0,0,25,0,25,8,28,33,4,73,26,6,32,105
04/16/2006,RAP,SD,AGL,WE,Federal Contract Tower,7,20,10,0,37,0,0,11,0,11,7,20,21,0,48,10,0,10,58
04/17/2006,RAP,SD,AGL,WE,Federal Contract Tower,6,25,24,0,55,0,0,33,4,37,6,25,57,4,92,38,16,54,146
04/18/2006,RAP,SD,AGL,WE,Federal Contract Tower,6,29,17,0,52,0,0,0,1,1,6,29,17,1,53,0,0,0,53
04/19/2006,RAP,SD,AGL,WE,Federal Contract Tower,4,26,11,2,43,0,0,0,0,0,4,26,11,2,43,0,0,0,43
04/20/2006,RAP,SD,AGL,WE,Federal Contract Tower,6,27,37,20,90,0,1,28,24,53,6,28,65,44,143,6,52,58,201
04/21/2006,RAP,SD,AGL,WE,Federal Contract Tower,7,27,40,12,86,0,5,54,15,74,7,32,94,27,160,18,42,60,220
04/22/2006,RAP,SD,AGL,WE,Federal Contract Tower,6,29,4,1,40,0,3,57,1,61,6,32,61,2,101,32,0,32,133
04/23/2006,RAP,SD,AGL,WE,Federal Contract Tower,6,22,6,2,36,0,0,7,0,7,6,22,13,2,43,0,0,0,43
04/24/2006,RAP,SD,AGL,WE,Federal Contract Tower,6,26,20,0,52,0,0,0,0,0,6,26,20,0,52,0,0,0,52
04/25/2006,RAP,SD,AGL,WE,Federal Contract Tower,6,32,37,0,75,0,1,24,7,32,6,33,61,7,107,38,4,42,149
04/26/2006,RAP,SD,AGL,WE,Federal Contract Tower,8,27,19,4,58,0,4,36,12,52,8,31,55,16,110,18,0,18,128
04/27/2006,RAP,SD,AGL,WE,Federal Contract Tower,6,39,35,3,83,0,5,44,11,60,6,44,79,14,143,30,2,32,175
04/28/2006,RAP,SD,AGL,WE,Federal Contract Tower,6,41,26,0,73,0,4,25,4,33,6,45,51,4,106,12,0,12,118
04/29/2006,RAP,SD,AGL,WE,Federal Contract Tower,5,31,14,1,51,0,0,5,0,5,5,31,19,1,56,0,0,0,56
04/30/2006,RAP,SD,AGL,WE,Federal Contract Tower,6,22,10,3,41,0,0,10,1,11,6,22,20,4,52,4,0,4,56
05/01/2006,RAP,SD,AGL,WE,Federal Contract Tower,6,32,20,4,62,0,0,25,0,25,6,32,45,4,87,0,6,6,93
05/02/2006,RAP,SD,AGL,WE,Federal Contract Tower,5,35,19,2,61,0,0,24,1,25,5,35,43,3,86,6,2,8,94
05/03/2006,RAP,SD,AGL,WE,Federal Contract Tower,8,30,26,1,65,0,1,33,4,38,8,31,59,5,103,0,0,0,103
05/04/2006,RAP,SD,AGL,WE,Federal Contract Tower,6,37,34,4,81,0,0,13,11,24,6,37,47,15,105,26,6,32,137
05/05/2006,RAP,SD,AGL,WE,Federal Contract Tower,7,32,35,5,79,0,3,20,3,26,7,35,55,8,105,18,0,18,123
05/06/2006,RAP,SD,AGL,WE,Federal Contract Tower,8,31,17,1,57,0,0,51,2,53,8,31,68,3,110,56,0,56,166
05/07/2006,RAP,SD,AGL,WE,Federal Contract Tower,6,24,24,2,56,0,0,22,3,25,6,24,46,5,81,84,0,84,165
05/08/2006,RAP,SD,AGL,WE,Federal Contract Tower,5,42,22,4,73,0,0,19,0,19,5,42,41,4,92,28,0,28,120
05/09/2006,RAP,SD,AGL,WE,Federal Contract Tower,6,37,26,2,71,0,0,14,4,18,6,37,40,6,89,0,4,4,93
05/10/2006,RAP,SD,AGL,WE,Federal Contract Tower,8,36,25,8,77,0,3,13,5,21,8,39,38,13,98,0,4,4,102
05/11/2006,RAP,SD,AGL,WE,Federal Contract Tower,6,32,25,6,69,0,3,49,14,66,6,35,74,20,135,62,0,62,197
05/12/2006,RAP,SD,AGL,WE,Federal Contract Tower,6,30,23,6,65,0,0,44,4,48,6,30,67,10,113,28,14,42,155
05/13/2006,RAP,SD,AGL,WE,Federal Contract Tower,8,28,12,0,48,0,0,28,1,29,8,28,40,1,77,40,0,40,117
05/14/2006,RAP,SD,AGL,WE,Federal Contract Tower,6,19,12,0,37,0,0,31,0,31,6,19,43,0,68,16,0,16,84
05/15/2006,RAP,SD,AGL,WE,Federal Contract Tower,6,29,34,0,69,0,0,42,3,45,6,29,76,3,114,10,6,16,130
05/16/2006,RAP,SD,AGL,WE,Federal Contract Tower,6,30,22,9,67,0,4,59,9,72,6,34,81,18,139,46,4,50,189
05/17/2006,RAP,SD,AGL,WE,Federal Contract Tower,8,30,22,1,61,0,0,36,5,41,8,30,58,6,102,72,0,72,174
05/18/2006,RAP,SD,AGL,WE,Federal Contract Tower,6,31,19,0,56,0,0,42,10,52,6,31,61,10,108,74,10,84,192
05/19/2006,RAP,SD,AGL,WE,Federal Contract Tower,6,30,18,2,56,0,2,39,14,55,6,32,57,16,111,28,2,30,141
05/20/2006,RAP,SD,AGL,WE,Federal Contract Tower,8,29,6,4,47,0,0,41,9,50,8,29,47,13,97,32,0,32,129
05/21/2006,RAP,SD,AGL,WE,Federal Contract Tower,5,22,9,3,39,1,0,28,18,47,6,22,37,21,86,2,4,6,92
05/22/2006,RAP,SD,AGL,WE,Federal Contract Tower,6,31,28,3,68,0,1,32,0,33,6,32,60,3,101,0,0,0,101
05/23/2006,RAP,SD,AGL,WE,Federal Contract Tower,6,37,19,1,63,0,3,10,6,19,6,40,29,7,82,0,0,0,82
05/24/2006,RAP,SD,AGL,WE,Federal Contract Tower,8,42,16,1,67,0,1,18,0,19,8,43,34,1,86,4,0,4,90
05/25/2006,RAP,SD,AGL,WE,Federal Contract Tower,6,39,27,2,74,0,0,54,11,65,6,39,81,13,139,52,0,52,191
05/26/2006,RAP,SD,AGL,WE,Federal Contract Tower,6,36,30,1,73,0,0,40,9,49,6,36,70,10,122,10,0,10,132
05/27/2006,RAP,SD,AGL,WE,Federal Contract Tower,8,32,20,2,62,0,1,29,0,30,8,33,49,2,92,0,0,0,92
05/28/2006,RAP,SD,AGL,WE,Federal Contract Tower,6,26,7,0,39,0,0,26,1,27,6,26,33,1,66,14,0,14,80
05/29/2006,RAP,SD,AGL,WE,Federal Contract Tower,4,28,14,0,46,0,0,53,0,53,4,28,67,0,99,44,0,44,143
05/30/2006,RAP,SD,AGL,WE,Federal Contract Tower,6,40,16,0,62,0,3,51,1,55,6,43,67,1,117,22,0,22,139
05/31/2006,RAP,SD,AGL,WE,Federal Contract Tower,7,41,17,1,66,0,2,38,4,44,7,43,55,5,110,32,10,42,152
06/01/2006,RAP,SD,AGL,WE,Federal Contract Tower,6,39,24,3,72,0,0,34,23,57,6,39,58,26,129,74,26,100,229
06/02/2006,RAP,SD,AGL,WE,Federal Contract Tower,6,40,15,2,63,0,1,54,9,64,6,41,69,11,127,44,0,44,171
06/03/2006,RAP,SD,AGL,WE,Federal Contract Tower,8,27,5,1,41,0,0,44,11,55,8,27,49,12,96,24,6,30,126
06/04/2006,RAP,SD,AGL,WE,Federal Contract Tower,6,28,25,5,64,0,2,53,12,67,6,30,78,17,131,52,0,52,183
06/05/2006,RAP,SD,AGL,WE,Federal Contract Tower,5,38,33,1,77,0,2,48,3,53,5,40,81,4,130,58,8,66,196
06/06/2006,RAP,SD,AGL,WE,Federal Contract Tower,6,39,32,3,80,0,1,55,10,66,6,40,87,13,146,88,36,124,270
06/07/2006,RAP,SD,AGL,WE,Federal Contract Tower,8,48,35,5,96,0,0,37,6,43,8,48,72,11,139,86,18,104,243
06/08/2006,RAP,SD,AGL,WE,Federal Contract Tower,7,41,25,2,75,0,0,31,14,45,7,41,56,16,120,28,6,34,154
06/09/2006,RAP,SD,AGL,WE,Federal Contract Tower,10,40,25,4,79,0,0,28,10,38,10,40,53,14,117,32,2,34,151
06/10/2006,RAP,SD,AGL,WE,Federal Contract Tower,7,40,31,6,84,0,2,4,1,7,7,42,35,7,91,0,0,0,91
06/11/2006,RAP,SD,AGL,WE,Federal Contract Tower,8,25,20,3,56,0,0,49,7,56,8,25,69,10,112,20,0,20,132
06/12/2006,RAP,SD,AGL,WE,Federal Contract Tower,8,32,28,4,72,0,4,42,24,70,8,36,70,28,142,84,0,84,226
06/13/2006,RAP,SD,AGL,WE,Federal Contract Tower,10,43,21,3,77,0,1,50,20,71,10,44,71,23,148,36,0,36,184
06/14/2006,RAP,SD,AGL,WE,Federal Contract Tower,10,37,13,10,70,0,0,36,32,68,10,37,49,42,138,38,4,42,180
06/15/2006,RAP,SD,AGL,WE,Federal Contract Tower,8,48,37,8,101,0,0,31,41,72,8,48,68,49,173,10,8,18,191
06/16/2006,RAP,SD,AGL,WE,Federal Contract Tower,7,49,29,4,89,0,0,18,21,39,7,49,47,25,128,8,0,8,136
06/17/2006,RAP,SD,AGL,WE,Federal Contract Tower,10,39,20,3,72,0,2,182,34,218,10,41,202,37,290,32,0,32,322
06/18/2006,RAP,SD,AGL,WE,Federal Contract Tower,8,27,19,1,55,0,3,41,26,70,8,30,60,27,125,18,0,18,143
06/19/2006,RAP,SD,AGL,WE,Federal Contract Tower,7,35,40,3,85,0,0,35,16,51,7,35,75,19,136,10,0,10,146
06/20/2006,RAP,SD,AGL,WE,Federal Contract Tower,8,38,25,2,73,0,1,43,18,62,8,39,68,20,135,28,10,38,173
06/21/2006,RAP,SD,AGL,WE,Federal Contract Tower,10,39,17,0,66,0,1,50,9,60,10,40,67,9,126,6,16,22,148
06/22/2006,RAP,SD,AGL,WE,Federal Contract Tower,8,44,41,5,98,0,0,45,6,51,8,44,86,11,149,16,14,30,179
06/23/2006,RAP,SD,AGL,WE,Federal Contract Tower,7,40,23,6,76,0,0,22,6,28,7,40,45,12,104,22,0,22,126
06/24/2006,RAP,SD,AGL,WE,Federal Contract Tower,10,36,26,2,74,0,0,44,2,46,10,36,70,4,120,0,0,0,120
06/25/2006,RAP,SD,AGL,WE,Federal Contract Tower,8,30,18,2,58,0,0,42,0,42,8,30,60,2,100,18,0,18,118
06/26/2006,RAP,SD,AGL,WE,Federal Contract Tower,8,40,47,4,99,0,0,54,0,54,8,40,101,4,153,84,0,84,237
06/27/2006,RAP,SD,AGL,WE,Federal Contract Tower,8,38,22,5,73,0,0,41,1,42,8,38,63,6,115,36,0,36,151
06/28/2006,RAP,SD,AGL,WE,Federal Contract Tower,10,39,32,2,83,0,0,66,3,69,10,39,98,5,152,76,0,76,228
06/29/2006,RAP,SD,AGL,WE,Federal Contract Tower,12,39,26,5,82,0,0,39,10,49,12,39,65,15,131,36,4,40,171
06/30/2006,RAP,SD,AGL,WE,Federal Contract Tower,8,37,28,2,75,0,4,52,7,63,8,41,80,9,138,60,8,68,206
07/01/2006,RAP,SD,AGL,WE,Federal Contract Tower,10,33,19,0,62,0,0,43,0,43,10,33,62,0,105,8,0,8,113
07/02/2006,RAP,SD,AGL,WE,Federal Contract Tower,9,24,12,0,45,0,2,44,2,48,9,26,56,2,93,34,0,34,127
07/03/2006,RAP,SD,AGL,WE,Federal Contract Tower,6,35,20,0,61,0,3,54,0,57,6,38,74,0,118,14,0,14,132
07/04/2006,RAP,SD,AGL,WE,Federal Contract Tower,6,30,7,0,43,0,0,34,0,34,6,30,41,0,77,4,0,4,81
07/05/2006,RAP,SD,AGL,WE,Federal Contract Tower,8,37,22,0,67,0,0,37,4,41,8,37,59,4,108,28,4,32,140
07/06/2006,RAP,SD,AGL,WE,Federal Contract Tower,6,40,26,0,72,0,0,51,15,66,6,40,77,15,138,20,2,22,160
07/07/2006,RAP,SD,AGL,WE,Federal Contract Tower,6,44,23,1,74,0,0,41,10,51,6,44,64,11,125,36,2,38,163
07/08/2006,RAP,SD,AGL,WE,Federal Contract Tower,8,37,7,0,52,0,3,28,8,39,8,40,35,8,91,48,0,48,139
07/09/2006,RAP,SD,AGL,WE,Federal Contract Tower,6,35,35,0,76,0,0,42,1,43,6,35,77,1,119,42,0,42,161
07/10/2006,RAP,SD,AGL,WE,Federal Contract Tower,6,38,22,1,67,0,0,31,1,32,6,38,53,2,99,34,0,34,133
07/11/2006,RAP,SD,AGL,WE,Federal Contract Tower,6,47,33,1,87,0,0,49,3,52,6,47,82,4,139,36,2,38,177
07/12/2006,RAP,SD,AGL,WE,Federal Contract Tower,13,43,25,3,84,0,0,50,5,55,13,43,75,8,139,48,2,50,189
07/13/2006,RAP,SD,AGL,WE,Federal Contract Tower,5,43,24,1,73,5,1,58,38,102,10,44,82,39,175,44,8,52,227
07/14/2006,RAP,SD,AGL,WE,Federal Contract Tower,6,35,33,2,76,0,0,91,27,118,6,35,124,29,194,18,26,44,238
07/15/2006,RAP,SD,AGL,WE,Federal Contract Tower,9,38,22,0,69,5,8,64,11,88,14,46,86,11,157,16,0,16,173
07/16/2006,RAP,SD,AGL,WE,Federal Contract Tower,7,39,24,1,71,4,1,56,15,76,11,40,80,16,147,2,4,6,153
07/17/2006,RAP,SD,AGL,WE,Federal Contract Tower,5,39,35,3,82,10,9,52,2,73,15,48,87,5,155,24,4,28,183
07/18/2006,RAP,SD,AGL,WE,Federal Contract Tower,5,48,26,3,82,0,7,32,2,41,5,55,58,5,123,0,2,2,125
07/19/2006,RAP,SD,AGL,WE,Federal Contract Tower,8,44,43,7,102,6,1,39,4,50,14,45,82,11,152,10,0,10,162
07/20/2006,RAP,SD,AGL,WE,Federal Contract Tower,6,51,32,2,91,0,8,54,14,76,6,59,86,16,167,30,0,30,197
07/21/2006,RAP,SD,AGL,WE,Federal Contract Tower,5,39,43,2,89,0,0,72,5,77,5,39,115,7,166,62,0,62,228
07/22/2006,RAP,SD,AGL,WE,Federal Contract Tower,8,47,21,2,78,1,1,69,0,71,9,48,90,2,149,30,0,30,179
07/23/2006,RAP,SD,AGL,WE,Federal Contract Tower,6,37,26,3,72,0,0,55,10,65,6,37,81,13,137,14,6,20,157
07/24/2006,RAP,SD,AGL,WE,Federal Contract Tower,6,42,26,2,76,0,0,22,5,27,6,42,48,7,103,0,0,0,103
07/25/2006,RAP,SD,AGL,WE,Federal Contract Tower,6,49,38,1,94,0,0,45,8,53,6,49,83,9,147,36,0,36,183
07/26/2006,RAP,SD,AGL,WE,Federal Contract Tower,8,44,36,3,91,5,0,59,20,84,13,44,95,23,175,12,0,12,187
07/27/2006,RAP,SD,AGL,WE,Federal Contract Tower,8,45,41,4,98,0,21,60,15,96,8,66,101,19,194,14,0,14,208
07/28/2006,RAP,SD,AGL,WE,Federal Contract Tower,8,46,28,1,83,25,45,63,11,144,33,91,91,12,227,26,0,26,253
07/29/2006,RAP,SD,AGL,WE,Federal Contract Tower,10,37,31,4,82,15,13,55,12,95,25,50,86,16,177,16,10,26,203
07/30/2006,RAP,SD,AGL,WE,Federal Contract Tower,8,35,16,1,60,12,5,51,18,86,20,40,67,19,146,4,18,22,168
07/31/2006,RAP,SD,AGL,WE,Federal Contract Tower,7,38,39,2,86,18,16,69,3,106,25,54,108,5,192,26,0,26,218
08/01/2006,RAP,SD,AGL,WE,Federal Contract Tower,7,39,19,0,65,0,3,42,7,52,7,42,61,7,117,8,0,8,125
08/02/2006,RAP,SD,AGL,WE,Federal Contract Tower,9,42,29,4,84,6,2,66,4,78,15,44,95,8,162,36,6,42,204
08/03/2006,RAP,SD,AGL,WE,Federal Contract Tower,8,45,28,0,81,0,5,54,8,67,8,50,82,8,148,0,0,0,148
08/04/2006,RAP,SD,AGL,WE,Federal Contract Tower,10,46,40,1,97,7,6,47,11,71,17,52,87,12,168,0,0,0,168
08/05/2006,RAP,SD,AGL,WE,Federal Contract Tower,10,43,42,2,97,14,23,71,12,120,24,66,113,14,217,20,2,22,239
08/06/2006,RAP,SD,AGL,WE,Federal Contract Tower,8,38,23,0,69,3,5,73,9,90,11,43,96,9,159,4,8,12,171
08/07/2006,RAP,SD,AGL,WE,Federal Contract Tower,8,36,31,1,76,0,1,62,5,68,8,37,93,6,144,8,0,8,152
08/08/2006,RAP,SD,AGL,WE,Federal Contract Tower,7,44,33,5,89,0,5,46,11,62,7,49,79,16,151,0,0,0,151
08/09/2006,RAP,SD,AGL,WE,Federal Contract Tower,10,46,43,4,103,0,0,73,6,79,10,46,116,10,182,6,0,6,188
08/10/2006,RAP,SD,AGL,WE,Federal Contract Tower,8,45,48,2,103,0,2,46,19,67,8,47,94,21,170,16,0,16,186
08/11/2006,RAP,SD,AGL,WE,Federal Contract Tower,8,48,43,0,99,0,1,56,10,67,8,49,99,10,166,26,0,26,192
08/12/2006,RAP,SD,AGL,WE,Federal Contract Tower,12,44,31,0,87,0,0,42,8,50,12,44,73,8,137,14,0,14,151
08/13/2006,RAP,SD,AGL,WE,Federal Contract Tower,8,33,33,1,75,0,1,33,2,36,8,34,66,3,111,36,0,36,147
08/14/2006,RAP,SD,AGL,WE,Federal Contract Tower,10,37,26,2,75,0,1,39,3,43,10,38,65,5,118,16,0,16,134
08/15/2006,RAP,SD,AGL,WE,Federal Contract Tower,9,39,33,2,83,0,5,61,7,73,9,44,94,9,156,66,0,66,222
08/16/2006,RAP,SD,AGL,WE,Federal Contract Tower,10,44,29,3,86,6,8,62,12,88,16,52,91,15,174,74,0,74,248
08/17/2006,RAP,SD,AGL,WE,Federal Contract Tower,9,44,34,3,90,5,12,29,6,52,14,56,63,9,142,62,0,62,204
08/18/2006,RAP,SD,AGL,WE,Federal Contract Tower,6,44,37,4,91,0,3,24,8,35,6,47,61,12,126,12,2,14,140
08/19/2006,RAP,SD,AGL,WE,Federal Contract Tower,10,38,20,2,70,0,2,61,15,78,10,40,81,17,148,44,4,48,196
08/20/2006,RAP,SD,AGL,WE,Federal Contract Tower,6,31,8,3,48,2,2,39,3,46,8,33,47,6,94,24,0,24,118
08/21/2006,RAP,SD,AGL,WE,Federal Contract Tower,7,31,27,3,68,2,2,35,4,43,9,33,62,7,111,42,2,44,155
08/22/2006,RAP,SD,AGL,WE,Federal Contract Tower,6,48,33,1,88,0,1,41,1,43,6,49,74,2,131,24,0,24,155
08/23/2006,RAP,SD,AGL,WE,Federal Contract Tower,6,42,34,0,82,7,7,41,4,59,13,49,75,4,141,40,0,40,181
08/24/2006,RAP,SD,AGL,WE,Federal Contract Tower,20,40,33,1,94,8,7,15,17,47,28,47,48,18,141,8,0,8,149
08/25/2006,RAP,SD,AGL,WE,Federal Contract Tower,5,50,35,3,93,3,4,31,6,44,8,54,66,9,137,34,0,34,171
08/26/2006,RAP,SD,AGL,WE,Federal Contract Tower,6,44,29,0,79,1,0,20,2,23,7,44,49,2,102,30,0,30,132
08/27/2006,RAP,SD,AGL,WE,Federal Contract Tower,4,34,34,4,76,0,0,3,0,3,4,34,37,4,79,18,0,18,97
08/28/2006,RAP,SD,AGL,WE,Federal Contract Tower,6,36,29,8,79,0,0,33,4,37,6,36,62,12,116,42,8,50,166
08/29/2006,RAP,SD,AGL,WE,Federal Contract Tower,4,46,25,1,76,0,0,33,4,37,4,46,58,5,113,16,0,16,129
08/30/2006,RAP,SD,AGL,WE,Federal Contract Tower,7,49,34,3,93,0,1,43,6,50,7,50,77,9,143,20,12,32,175
08/31/2006,RAP,SD,AGL,WE,Federal Contract Tower,4,42,20,0,66,0,0,33,6,39,4,42,53,6,105,34,2,36,141
09/01/2006,RAP,SD,AGL,WE,Federal Contract Tower,4,45,31,6,86,0,0,7,1,8,4,45,38,7,94,18,0,18,112
09/02/2006,RAP,SD,AGL,WE,Federal Contract Tower,6,42,29,0,77,0,0,41,0,41,6,42,70,0,118,48,0,48,166
09/03/2006,RAP,SD,AGL,WE,Federal Contract Tower,4,32,22,1,59,0,1,36,0,37,4,33,58,1,96,28,0,28,124
09/04/2006,RAP,SD,AGL,WE,Federal Contract Tower,4,27,25,2,58,0,0,56,6,62,4,27,81,8,120,38,14,52,172
09/05/2006,RAP,SD,AGL,WE,Federal Contract Tower,4,43,39,0,86,0,0,37,1,38,4,43,76,1,124,38,0,38,162
09/06/2006,RAP,SD,AGL,WE,Federal Contract Tower,6,39,46,4,95,0,0,36,5,41,6,39,82,9,136,64,14,78,214
09/07/2006,RAP,SD,AGL,WE,Federal Contract Tower,4,39,30,4,77,0,0,36,8,44,4,39,66,12,121,26,14,40,161
09/08/2006,RAP,SD,AGL,WE,Federal Contract Tower,4,44,28,4,80,0,0,44,7,51,4,44,72,11,131,14,12,26,157
09/09/2006,RAP,SD,AGL,WE,Federal Contract Tower,5,36,20,0,61,0,1,0,2,3,5,37,20,2,64,0,0,0,64
09/10/2006,RAP,SD,AGL,WE,Federal Contract Tower,3,34,24,7,68,0,0,34,13,47,3,34,58,20,115,24,6,30,145
09/11/2006,RAP,SD,AGL,WE,Federal Contract Tower,4,34,21,2,61,0,0,8,0,8,4,34,29,2,69,4,0,4,73
09/12/2006,RAP,SD,AGL,WE,Federal Contract Tower,4,47,23,6,80,0,2,58,2,62,4,49,81,8,142,70,0,70,212
09/13/2006,RAP,SD,AGL,WE,Federal Contract Tower,6,44,28,5,83,0,0,37,6,43,6,44,65,11,126,2,0,2,128
09/14/2006,RAP,SD,AGL,WE,Federal Contract Tower,4,48,29,5,86,0,1,41,18,60,4,49,70,23,146,2,0,2,148
09/15/2006,RAP,SD,AGL,WE,Federal Contract Tower,4,43,20,3,70,0,0,31,9,40,4,43,51,12,110,14,4,18,128
09/16/2006,RAP,SD,AGL,WE,Federal Contract Tower,6,31,11,5,53,0,1,19,19,39,6,32,30,24,92,12,8,20,112
09/17/2006,RAP,SD,AGL,WE,Federal Contract Tower,5,31,12,4,52,0,0,6,0,6,5,31,18,4,58,0,0,0,58
09/18/2006,RAP,SD,AGL,WE,Federal Contract Tower,4,38,39,0,81,0,0,20,0,20,4,38,59,0,101,0,0,0,101
09/19/2006,RAP,SD,AGL,WE,Federal Contract Tower,4,43,21,2,70,0,0,49,7,56,4,43,70,9,126,54,8,62,188
09/20/2006,RAP,SD,AGL,WE,Federal Contract Tower,6,41,28,1,76,0,1,43,4,48,6,42,71,5,124,72,0,72,196
09/21/2006,RAP,SD,AGL,WE,Federal Contract Tower,4,48,38,2,92,0,0,21,0,21,4,48,59,2,113,4,0,4,117
09/22/2006,RAP,SD,AGL,WE,Federal Contract Tower,3,46,33,5,87,0,0,4,0,4,3,46,37,5,91,0,0,0,91
09/23/2006,RAP,SD,AGL,WE,Federal Contract Tower,7,35,11,0,53,0,0,6,0,6,7,35,17,0,59,0,0,0,59
09/24/2006,RAP,SD,AGL,WE,Federal Contract Tower,4,33,18,2,57,0,0,42,6,48,4,33,60,8,105,28,6,34,139
09/25/2006,RAP,SD,AGL,WE,Federal Contract Tower,4,36,34,2,76,0,0,47,0,47,4,36,81,2,123,18,0,18,141
09/26/2006,RAP,SD,AGL,WE,Federal Contract Tower,3,40,49,2,94,0,0,33,4,37,3,40,82,6,131,30,0,30,161
09/27/2006,RAP,SD,AGL,WE,Federal Contract Tower,6,47,21,1,75,0,0,15,0,15,6,47,36,1,90,8,0,8,98
09/28/2006,RAP,SD,AGL,WE,Federal Contract Tower,4,43,30,6,83,0,0,56,3,59,4,43,86,9,142,20,2,22,164
09/29/2006,RAP,SD,AGL,WE,Federal Contract Tower,4,41,34,4,83,0,0,33,2,35,4,41,67,6,118,32,2,34,152
09/30/2006,RAP,SD,AGL,WE,Federal Contract Tower,5,32,12,0,49,0,0,134,3,137,5,32,146,3,186,34,0,34,220
10/01/2006,RAP,SD,AGL,WE,Federal Contract Tower,4,32,24,0,60,0,0,45,3,48,4,32,69,3,108,32,0,32,140
10/02/2006,RAP,SD,AGL,WE,Federal Contract Tower,4,35,27,0,66,0,0,36,5,41,4,35,63,5,107,2,2,4,111
10/03/2006,RAP,SD,AGL,WE,Federal Contract Tower,4,47,30,0,81,0,0,25,8,33,4,47,55,8,114,0,0,0,114
10/04/2006,RAP,SD,AGL,WE,Federal Contract Tower,6,42,38,5,91,0,0,12,0,12,6,42,50,5,103,20,0,20,123
10/05/2006,RAP,SD,AGL,WE,Federal Contract Tower,4,37,27,3,71,0,1,66,11,78,4,38,93,14,149,60,4,64,213
10/06/2006,RAP,SD,AGL,WE,Federal Contract Tower,4,42,23,0,69,0,0,46,4,50,4,42,69,4,119,20,0,20,139
10/07/2006,RAP,SD,AGL,WE,Federal Contract Tower,6,32,8,0,46,0,1,18,2,21,6,33,26,2,67,12,0,12,79
10/08/2006,RAP,SD,AGL,WE,Federal Contract Tower,3,30,26,0,59,0,0,29,5,34,3,30,55,5,93,28,2,30,123
10/09/2006,RAP,SD,AGL,WE,Federal Contract Tower,3,31,22,3,59,0,0,24,1,25,3,31,46,4,84,28,4,32,116
10/10/2006,RAP,SD,AGL,WE,Federal Contract Tower,3,37,28,2,70,0,0,56,2,58,3,37,84,4,128,68,0,68,196
10/11/2006,RAP,SD,AGL,WE,Federal Contract Tower,6,37,31,1,75,0,0,16,4,20,6,37,47,5,95,2,2,4,99
10/12/2006,RAP,SD,AGL,WE,Federal Contract Tower,4,34,38,3,79,0,0,35,21,56,4,34,73,24,135,20,6,26,161
10/13/2006,RAP,SD,AGL,WE,Federal Contract Tower,4,32,27,8,71,0,0,30,25,55,4,32,57,33,126,42,0,42,168
10/14/2006,RAP,SD,AGL,WE,Federal Contract Tower,6,25,24,8,63,0,1,52,31,84,6,26,76,39,147,100,4,104,251
10/15/2006,RAP,SD,AGL,WE,Federal Contract Tower,3,26,25,4,58,0,0,40,2,42,3,26,65,6,100,12,0,12,112
10/16/2006,RAP,SD,AGL,WE,Federal Contract Tower,4,38,23,1,66,0,0,20,2,22,4,38,43,3,88,4,0,4,92
10/17/2006,RAP,SD,AGL,WE,Federal Contract Tower,4,35,26,2,67,0,3,5,3,11,4,38,31,5,78,0,0,0,78
10/18/2006,RAP,SD,AGL,WE,Federal Contract Tower,6,32,25,3,66,0,0,41,1,42,6,32,66,4,108,46,4,50,158
10/19/2006,RAP,SD,AGL,WE,Federal Contract Tower,5,39,24,12,80,0,0,31,21,52,5,39,55,33,132,26,0,26,158
10/20/2006,RAP,SD,AGL,WE,Federal Contract Tower,3,39,20,3,65,0,0,9,3,12,3,39,29,6,77,4,2,6,83
10/21/2006,RAP,SD,AGL,WE,Federal Contract Tower,5,35,8,0,48,0,0,5,1,6,5,35,13,1,54,0,6,6,60
10/22/2006,RAP,SD,AGL,WE,Federal Contract Tower,8,28,19,2,57,0,0,3,0,3,8,28,22,2,60,0,0,0,60
10/23/2006,RAP,SD,AGL,WE,Federal Contract Tower,4,32,21,2,59,0,2,43,0,45,4,34,64,2,104,14,0,14,118
10/24/2006,RAP,SD,AGL,WE,Federal Contract Tower,4,37,17,1,59,0,1,47,2,50,4,38,64,3,109,34,0,34,143
10/25/2006,RAP,SD,AGL,WE,Federal Contract Tower,6,40,23,4,73,0,2,27,4,33,6,42,50,8,106,18,4,22,128
10/26/2006,RAP,SD,AGL,WE,Federal Contract Tower,6,34,36,3,79,0,0,16,11,27,6,34,52,14,106,24,2,26,132
10/27/2006,RAP,SD,AGL,WE,Federal Contract Tower,4,37,26,6,73,0,0,34,4,38,4,37,60,10,111,6,0,6,117
10/28/2006,RAP,SD,AGL,WE,Federal Contract Tower,5,31,9,0,45,0,0,35,0,35,5,31,44,0,80,24,0,24,104
10/29/2006,RAP,SD,AGL,WE,Federal Contract Tower,4,33,22,0,59,0,0,76,2,78,4,33,98,2,137,36,0,36,173
10/30/2006,RAP,SD,AGL,WE,Federal Contract Tower,4,32,21,0,57,0,0,6,2,8,4,32,27,2,65,0,0,0,65
10/31/2006,RAP,SD,AGL,WE,Federal Contract Tower,3,37,28,2,70,0,0,40,0,40,3,37,68,2,110,66,0,66,176
11/01/2006,RAP,SD,AGL,WE,Federal Contract Tower,6,41,15,0,62,0,0,26,4,30,6,41,41,4,92,14,0,14,106
11/02/2006,RAP,SD,AGL,WE,Federal Contract Tower,4,32,38,0,74,0,0,31,11,42,4,32,69,11,116,26,0,26,142
11/03/2006,RAP,SD,AGL,WE,Federal Contract Tower,4,33,27,2,66,0,0,19,11,30,4,33,46,13,96,8,0,8,104
11/04/2006,RAP,SD,AGL,WE,Federal Contract Tower,6,28,16,2,52,0,2,50,18,70,6,30,66,20,122,46,24,70,192
11/05/2006,RAP,SD,AGL,WE,Federal Contract Tower,4,23,10,1,38,0,0,42,3,45,4,23,52,4,83,22,20,42,125
11/06/2006,RAP,SD,AGL,WE,Federal Contract Tower,4,36,30,0,70,0,0,26,1,27,4,36,56,1,97,6,0,6,103
11/07/2006,RAP,SD,AGL,WE,Federal Contract Tower,4,36,23,1,64,0,2,36,0,38,4,38,59,1,102,60,0,60,162
11/08/2006,RAP,SD,AGL,WE,Federal Contract Tower,5,32,33,1,71,0,0,28,5,33,5,32,61,6,104,6,0,6,110
11/09/2006,RAP,SD,AGL,WE,Federal Contract Tower,4,33,38,2,77,0,1,7,5,13,4,34,45,7,90,0,10,10,100
11/10/2006,RAP,SD,AGL,WE,Federal Contract Tower,4,33,34,0,71,0,2,8,0,10,4,35,42,0,81,8,0,8,89
11/11/2006,RAP,SD,AGL,WE,Federal Contract Tower,6,28,21,0,55,0,0,25,3,28,6,28,46,3,83,64,0,64,147
11/12/2006,RAP,SD,AGL,WE,Federal Contract Tower,4,23,26,0,53,0,0,19,2,21,4,23,45,2,74,50,0,50,124
11/13/2006,RAP,SD,AGL,WE,Federal Contract Tower,3,37,34,3,77,0,0,27,3,30,3,37,61,6,107,16,0,16,123
11/14/2006,RAP,SD,AGL,WE,Federal Contract Tower,4,33,33,4,74,0,3,2,2,7,4,36,35,6,81,0,0,0,81
11/15/2006,RAP,SD,AGL,WE,Federal Contract Tower,6,35,30,5,76,0,0,26,7,33,6,35,56,12,109,16,32,48,157
11/16/2006,RAP,SD,AGL,WE,Federal Contract Tower,3,41,21,5,70,0,1,29,25,55,3,42,50,30,125,48,48,96,221
11/17/2006,RAP,SD,AGL,WE,Federal Contract Tower,4,36,21,1,62,0,0,20,19,39,4,36,41,20,101,0,30,30,131
11/18/2006,RAP,SD,AGL,WE,Federal Contract Tower,6,30,9,2,47,0,0,56,17,73,6,30,65,19,120,38,6,44,164
11/19/2006,RAP,SD,AGL,WE,Federal Contract Tower,4,23,14,4,45,0,0,37,8,45,4,23,51,12,90,48,12,60,150
11/20/2006,RAP,SD,AGL,WE,Federal Contract Tower,3,25,17,0,45,1,0,20,7,28,4,25,37,7,73,30,16,46,119
11/21/2006,RAP,SD,AGL,WE,Federal Contract Tower,4,43,21,1,69,0,1,42,0,43,4,44,63,1,112,90,0,90,202
11/22/2006,RAP,SD,AGL,WE,Federal Contract Tower,6,37,23,0,66,0,0,30,2,32,6,37,53,2,98,2,0,2,100
11/23/2006,RAP,SD,AGL,WE,Federal Contract Tower,4,18,6,0,28,0,0,14,0,14,4,18,20,0,42,18,0,18,60
11/24/2006,RAP,SD,AGL,WE,Federal Contract Tower,6,29,7,0,42,0,4,10,0,14,6,33,17,0,56,0,0,0,56
11/25/2006,RAP,SD,AGL,WE,Federal Contract Tower,8,31,7,0,46,0,0,29,0,29,8,31,36,0,75,30,0,30,105
11/26/2006,RAP,SD,AGL,WE,Federal Contract Tower,4,21,22,1,48,0,2,12,1,15,4,23,34,2,63,6,6,12,75
11/27/2006,RAP,SD,AGL,WE,Federal Contract Tower,6,32,21,1,60,0,0,7,0,7,6,32,28,1,67,0,0,0,67
11/28/2006,RAP,SD,AGL,WE,Federal Contract Tower,4,32,7,1,44,0,0,7,0,7,4,32,14,1,51,0,0,0,51
11/29/2006,RAP,SD,AGL,WE,Federal Contract Tower,6,33,22,6,67,0,0,13,1,14,6,33,35,7,81,0,0,0,81
11/30/2006,RAP,SD,AGL,WE,Federal Contract Tower,3,41,31,3,78,0,1,22,10,33,3,42,53,13,111,0,0,0,111
12/01/2006,RAP,SD,AGL,WE,Federal Contract Tower,6,33,24,0,63,0,0,16,17,33,6,33,40,17,96,4,2,6,102
12/02/2006,RAP,SD,AGL,WE,Federal Contract Tower,7,23,9,0,39,1,1,6,8,16,8,24,15,8,55,0,0,0,55
12/03/2006,RAP,SD,AGL,WE,Federal Contract Tower,3,19,10,0,32,0,0,29,0,29,3,19,39,0,61,30,0,30,91
12/04/2006,RAP,SD,AGL,WE,Federal Contract Tower,6,30,26,1,63,0,0,17,5,22,6,30,43,6,85,0,12,12,97
12/05/2006,RAP,SD,AGL,WE,Federal Contract Tower,4,31,25,3,63,0,1,19,7,27,4,32,44,10,90,0,6,6,96
12/06/2006,RAP,SD,AGL,WE,Federal Contract Tower,6,40,27,4,77,0,0,7,5,12,6,40,34,9,89,0,0,0,89
12/07/2006,RAP,SD,AGL,WE,Federal Contract Tower,4,34,28,0,66,0,7,36,16,59,4,41,64,16,125,32,12,44,169
12/08/2006,RAP,SD,AGL,WE,Federal Contract Tower,4,34,15,1,54,0,3,57,6,66,4,37,72,7,120,14,24,38,158
12/09/2006,RAP,SD,AGL,WE,Federal Contract Tower,6,27,2,2,37,0,0,41,3,44,6,27,43,5,81,34,0,34,115
12/10/2006,RAP,SD,AGL,WE,Federal Contract Tower,3,23,13,1,40,0,3,24,0,27,3,26,37,1,67,20,0,20,87
12/11/2006,RAP,SD,AGL,WE,Federal Contract Tower,6,35,28,3,72,0,0,24,4,28,6,35,52,7,100,12,0,12,112
12/12/2006,RAP,SD,AGL,WE,Federal Contract Tower,4,33,45,1,83,0,0,13,2,15,4,33,58,3,98,4,0,4,102
12/13/2006,RAP,SD,AGL,WE,Federal Contract Tower,6,32,28,1,67,0,0,30,4,34,6,32,58,5,101,26,0,26,127
12/14/2006,RAP,SD,AGL,WE,Federal Contract Tower,4,33,36,4,77,0,1,11,13,25,4,34,47,17,102,0,12,12,114
12/15/2006,RAP,SD,AGL,WE,Federal Contract Tower,5,33,16,3,57,0,0,18,0,18,5,33,34,3,75,0,0,0,75
12/16/2006,RAP,SD,AGL,WE,Federal Contract Tower,5,27,13,2,47,0,1,36,0,37,5,28,49,2,84,48,0,48,132
12/17/2006,RAP,SD,AGL,WE,Federal Contract Tower,4,19,8,2,33,0,1,6,0,7,4,20,14,2,40,0,0,0,40
12/18/2006,RAP,SD,AGL,WE,Federal Contract Tower,6,32,17,1,56,0,0,19,0,19,6,32,36,1,75,0,0,0,75
12/19/2006,RAP,SD,AGL,WE,Federal Contract Tower,4,30,30,1,65,0,0,31,4,35,4,30,61,5,100,14,0,14,114
12/20/2006,RAP,SD,AGL,WE,Federal Contract Tower,5,30,40,2,77,0,3,12,8,23,5,33,52,10,100,24,0,24,124
12/21/2006,RAP,SD,AGL,WE,Federal Contract Tower,5,22,18,1,46,0,1,22,14,37,5,23,40,15,83,28,6,34,117
12/22/2006,RAP,SD,AGL,WE,Federal Contract Tower,5,31,28,1,65,0,0,34,0,34,5,31,62,1,99,52,0,52,151
12/23/2006,RAP,SD,AGL,WE,Federal Contract Tower,10,31,6,0,47,0,0,51,1,52,10,31,57,1,99,44,0,44,143
12/24/2006,RAP,SD,AGL,WE,Federal Contract Tower,5,22,4,0,31,0,1,7,0,8,5,23,11,0,39,0,0,0,39
12/25/2006,RAP,SD,AGL,WE,Federal Contract Tower,4,17,4,0,25,0,0,12,0,12,4,17,16,0,37,4,0,4,41
12/26/2006,RAP,SD,AGL,WE,Federal Contract Tower,6,35,27,0,68,0,0,26,3,29,6,35,53,3,97,12,10,22,119
12/27/2006,RAP,SD,AGL,WE,Federal Contract Tower,7,43,22,0,72,0,0,40,2,42,7,43,62,2,114,46,0,46,160
12/28/2006,RAP,SD,AGL,WE,Federal Contract Tower,6,29,12,0,47,1,1,8,9,19,7,30,20,9,66,16,4,20,86
12/29/2006,RAP,SD,AGL,WE,Federal Contract Tower,5,29,6,0,40,0,0,2,0,2,5,29,8,0,42,0,0,0,42
12/30/2006,RAP,SD,AGL,WE,Federal Contract Tower,10,36,14,0,60,0,0,2,0,2,10,36,16,0,62,0,0,0,62
12/31/2006,RAP,SD,AGL,WE,Federal Contract Tower,5,15,5,0,25,0,3,11,0,14,5,18,16,0,39,16,0,16,55
01/01/2007,RAP,SD,AGL,WE,Federal Contract Tower,6,22,8,0,36,0,1,34,0,35,6,23,42,0,71,12,0,12,83
01/02/2007,RAP,SD,AGL,WE,Federal Contract Tower,5,31,25,1,62,0,0,38,3,41,5,31,63,4,103,102,0,102,205
01/03/2007,RAP,SD,AGL,WE,Federal Contract Tower,6,32,8,3,49,0,0,26,0,26,6,32,34,3,75,84,0,84,159
01/04/2007,RAP,SD,AGL,WE,Federal Contract Tower,4,34,26,1,65,0,0,19,9,28,4,34,45,10,93,42,6,48,141
01/05/2007,RAP,SD,AGL,WE,Federal Contract Tower,4,28,17,1,50,0,0,4,15,19,4,28,21,16,69,28,20,48,117
01/06/2007,RAP,SD,AGL,WE,Federal Contract Tower,4,29,13,3,49,0,0,10,10,20,4,29,23,13,69,32,6,38,107
01/07/2007,RAP,SD,AGL,WE,Federal Contract Tower,4,25,7,7,43,0,2,12,3,17,4,27,19,10,60,24,0,24,84
01/08/2007,RAP,SD,AGL,WE,Federal Contract Tower,4,31,10,0,45,0,0,2,0,2,4,31,12,0,47,0,0,0,47
01/09/2007,RAP,SD,AGL,WE,Federal Contract Tower,4,35,23,12,74,0,5,54,1,60,4,40,77,13,134,44,0,44,178
01/10/2007,RAP,SD,AGL,WE,Federal Contract Tower,6,33,16,2,57,0,0,41,6,47,6,33,57,8,104,16,0,16,120
01/11/2007,RAP,SD,AGL,WE,Federal Contract Tower,4,32,21,4,61,0,0,3,0,3,4,32,24,4,64,0,0,0,64
01/12/2007,RAP,SD,AGL,WE,Federal Contract Tower,4,31,15,3,53,0,0,11,1,12,4,31,26,4,65,18,0,18,83
01/13/2007,RAP,SD,AGL,WE,Federal Contract Tower,3,37,15,1,56,0,0,4,0,4,3,37,19,1,60,14,0,14,74
01/14/2007,RAP,SD,AGL,WE,Federal Contract Tower,5,21,3,1,30,0,3,9,0,12,5,24,12,1,42,2,0,2,44
01/15/2007,RAP,SD,AGL,WE,Federal Contract Tower,4,29,17,0,50,0,1,27,4,32,4,30,44,4,82,32,0,32,114
01/16/2007,RAP,SD,AGL,WE,Federal Contract Tower,4,35,32,3,74,0,2,34,3,39,4,37,66,6,113,68,6,74,187
01/17/2007,RAP,SD,AGL,WE,Federal Contract Tower,6,35,27,4,72,0,2,35,5,42,6,37,62,9,114,54,2,56,170
01/18/2007,RAP,SD,AGL,WE,Federal Contract Tower,4,29,20,2,55,0,0,28,16,44,4,29,48,18,99,48,0,48,147
01/19/2007,RAP,SD,AGL,WE,Federal Contract Tower,4,29,14,4,51,0,2,26,3,31,4,31,40,7,82,46,2,48,130
01/20/2007,RAP,SD,AGL,WE,Federal Contract Tower,4,24,8,0,36,0,4,41,4,49,4,28,49,4,85,102,0,102,187
01/21/2007,RAP,SD,AGL,WE,Federal Contract Tower,6,19,10,3,38,0,0,6,0,6,6,19,16,3,44,0,0,0,44
01/22/2007,RAP,SD,AGL,WE,Federal Contract Tower,4,31,20,2,57,0,0,22,3,25,4,31,42,5,82,6,0,6,88
01/23/2007,RAP,SD,AGL,WE,Federal Contract Tower,4,37,13,3,57,0,2,11,5,18,4,39,24,8,75,20,0,20,95
01/24/2007,RAP,SD,AGL,WE,Federal Contract Tower,6,29,23,3,61,0,2,67,3,72,6,31,90,6,133,74,0,74,207
01/25/2007,RAP,SD,AGL,WE,Federal Contract Tower,4,36,32,3,75,0,10,39,5,54,4,46,71,8,129,42,0,42,171
01/26/2007,RAP,SD,AGL,WE,Federal Contract Tower,4,32,22,1,59,0,0,14,2,16,4,32,36,3,75,0,0,0,75
01/27/2007,RAP,SD,AGL,WE,Federal Contract Tower,4,24,5,0,33,0,0,8,1,9,4,24,13,1,42,8,0,8,50
01/28/2007,RAP,SD,AGL,WE,Federal Contract Tower,4,24,19,1,48,0,1,15,2,18,4,25,34,3,66,2,0,2,68
01/29/2007,RAP,SD,AGL,WE,Federal Contract Tower,4,26,18,0,48,0,0,3,1,4,4,26,21,1,52,0,0,0,52
01/30/2007,RAP,SD,AGL,WE,Federal Contract Tower,4,31,12,4,51,0,3,19,6,28,4,34,31,10,79,38,4,42,121
01/31/2007,RAP,SD,AGL,WE,Federal Contract Tower,9,34,20,0,63,4,2,5,4,15,13,36,25,4,78,10,0,10,88
02/01/2007,RAP,SD,AGL,WE,Federal Contract Tower,4,35,42,1,82,0,0,0,1,1,4,35,42,2,83,0,0,0,83
02/02/2007,RAP,SD,AGL,WE,Federal Contract Tower,4,34,22,2,62,0,6,7,0,13,4,40,29,2,75,6,0,6,81
02/03/2007,RAP,SD,AGL,WE,Federal Contract Tower,4,27,5,2,38,0,0,9,4,13,4,27,14,6,51,0,8,8,59
02/04/2007,RAP,SD,AGL,WE,Federal Contract Tower,4,25,7,1,37,0,3,24,4,31,4,28,31,5,68,12,0,12,80
02/05/2007,RAP,SD,AGL,WE,Federal Contract Tower,4,31,13,1,49,0,0,15,1,16,4,31,28,2,65,10,0,10,75
02/06/2007,RAP,SD,AGL,WE,Federal Contract Tower,4,36,36,2,78,0,0,34,1,35,4,36,70,3,113,40,18,58,171
02/07/2007,RAP,SD,AGL,WE,Federal Contract Tower,4,32,19,1,56,1,2,4,0,7,5,34,23,1,63,22,0,22,85
02/08/2007,RAP,SD,AGL,WE,Federal Contract Tower,3,23,19,1,46,0,0,0,0,0,3,23,19,1,46,0,0,0,46
02/09/2007,RAP,SD,AGL,WE,Federal Contract Tower,5,35,17,7,64,0,0,9,5,14,5,35,26,12,78,10,14,24,102
02/10/2007,RAP,SD,AGL,WE,Federal Contract Tower,2,29,7,7,45,0,0,14,6,20,2,29,21,13,65,26,8,34,99
02/11/2007,RAP,SD,AGL,WE,Federal Contract Tower,1,14,2,0,17,0,0,1,3,4,1,14,3,3,21,16,0,16,37
02/12/2007,RAP,SD,AGL,WE,Federal Contract Tower,5,31,16,0,52,0,0,1,0,1,5,31,17,0,53,0,0,0,53
02/13/2007,RAP,SD,AGL,WE,Federal Contract Tower,4,31,20,1,56,0,1,11,2,14,4,32,31,3,70,24,0,24,94
02/14/2007,RAP,SD,AGL,WE,Federal Contract Tower,4,33,6,2,45,0,2,2,4,8,4,35,8,6,53,0,2,2,55
02/15/2007,RAP,SD,AGL,WE,Federal Contract Tower,4,37,31,1,73,0,3,21,7,31,4,40,52,8,104,36,0,36,140
02/16/2007,RAP,SD,AGL,WE,Federal Contract Tower,6,19,10,0,35,0,0,0,0,0,6,19,10,0,35,0,0,0,35
02/17/2007,RAP,SD,AGL,WE,Federal Contract Tower,4,33,19,4,60,0,5,25,12,42,4,38,44,16,102,12,6,18,120
02/18/2007,RAP,SD,AGL,WE,Federal Contract Tower,4,25,16,0,45,0,0,33,1,34,4,25,49,1,79,54,0,54,133
02/19/2007,RAP,SD,AGL,WE,Federal Contract Tower,6,34,31,2,73,0,2,26,3,31,6,36,57,5,104,38,4,42,146
02/20/2007,RAP,SD,AGL,WE,Federal Contract Tower,4,33,18,3,58,0,2,42,2,46,4,35,60,5,104,32,10,42,146
02/21/2007,RAP,SD,AGL,WE,Federal Contract Tower,4,35,16,3,58,0,0,47,0,47,4,35,63,3,105,32,0,32,137
02/22/2007,RAP,SD,AGL,WE,Federal Contract Tower,4,34,20,2,60,0,0,33,11,44,4,34,53,13,104,20,0,20,124
02/23/2007,RAP,SD,AGL,WE,Federal Contract Tower,5,31,21,0,57,0,3,35,2,40,5,34,56,2,97,32,0,32,129
02/24/2007,RAP,SD,AGL,WE,Federal Contract Tower,1,21,4,0,26,0,0,1,0,1,1,21,5,0,27,0,0,0,27
02/25/2007,RAP,SD,AGL,WE,Federal Contract Tower,5,25,13,0,43,0,3,18,2,23,5,28,31,2,66,12,0,12,78
02/26/2007,RAP,SD,AGL,WE,Federal Contract Tower,6,39,19,3,67,0,2,11,1,14,6,41,30,4,81,38,0,38,119
02/27/2007,RAP,SD,AGL,WE,Federal Contract Tower,4,33,20,1,58,0,0,21,0,21,4,33,41,1,79,20,0,20,99
02/28/2007,RAP,SD,AGL,WE,Federal Contract Tower,5,31,18,4,58,0,3,14,0,17,5,34,32,4,75,28,0,28,103
03/01/2007,RAP,SD,AGL,WE,Federal Contract Tower,6,40,19,2,67,0,4,8,7,19,6,44,27,9,86,0,0,0,86
03/02/2007,RAP,SD,AGL,WE,Federal Contract Tower,6,32,9,2,49,0,0,1,0,1,6,32,10,2,50,0,0,0,50
03/03/2007,RAP,SD,AGL,WE,Federal Contract Tower,4,26,21,0,51,0,1,53,5,59,4,27,74,5,110,52,0,52,162
03/04/2007,RAP,SD,AGL,WE,Federal Contract Tower,4,32,9,3,48,0,0,51,10,61,4,32,60,13,109,40,26,66,175
03/05/2007,RAP,SD,AGL,WE,Federal Contract Tower,5,31,11,0,47,0,1,25,3,29,5,32,36,3,76,50,0,50,126
03/06/2007,RAP,SD,AGL,WE,Federal Contract Tower,3,30,21,2,56,0,0,22,4,26,3,30,43,6,82,14,0,14,96
03/07/2007,RAP,SD,AGL,WE,Federal Contract Tower,6,38,28,2,74,0,7,57,2,66,6,45,85,4,140,40,0,40,180
03/08/2007,RAP,SD,AGL,WE,Federal Contract Tower,4,32,36,5,77,0,0,60,8,68,4,32,96,13,145,92,0,92,237
03/09/2007,RAP,SD,AGL,WE,Federal Contract Tower,8,34,23,1,66,0,1,43,2,46,8,35,66,3,112,76,0,76,188
03/10/2007,RAP,SD,AGL,WE,Federal Contract Tower,4,26,9,0,39,0,1,47,3,51,4,27,56,3,90,56,0,56,146
03/11/2007,RAP,SD,AGL,WE,Federal Contract Tower,3,23,17,8,51,0,2,51,3,56,3,25,68,11,107,32,0,32,139
03/12/2007,RAP,SD,AGL,WE,Federal Contract Tower,6,27,16,1,50,0,1,54,0,55,6,28,70,1,105,48,0,48,153
03/13/2007,RAP,SD,AGL,WE,Federal Contract Tower,4,34,18,0,56,0,1,33,7,41,4,35,51,7,97,26,0,26,123
03/14/2007,RAP,SD,AGL,WE,Federal Contract Tower,8,46,32,1,87,0,0,8,0,8,8,46,40,1,95,18,0,18,113
03/15/2007,RAP,SD,AGL,WE,Federal Contract Tower,4,34,43,3,84,0,3,32,10,45,4,37,75,13,129,54,2,56,185
03/16/2007,RAP,SD,AGL,WE,Federal Contract Tower,5,37,16,6,64,0,2,31,13,46,5,39,47,19,110,34,6,40,150
03/17/2007,RAP,SD,AGL,WE,Federal Contract Tower,3,28,29,1,61,0,1,38,0,39,3,29,67,1,100,42,0,42,142
03/18/2007,RAP,SD,AGL,WE,Federal Contract Tower,3,21,19,2,45,0,3,28,2,33,3,24,47,4,78,30,0,30,108
03/19/2007,RAP,SD,AGL,WE,Federal Contract Tower,6,28,34,2,70,0,4,18,2,24,6,32,52,4,94,36,24,60,154
03/20/2007,RAP,SD,AGL,WE,Federal Contract Tower,4,33,22,2,61,0,0,58,2,60,4,33,80,4,121,56,14,70,191
03/21/2007,RAP,SD,AGL,WE,Federal Contract Tower,5,36,3,1,45,0,1,0,4,5,5,37,3,5,50,8,0,8,58
03/22/2007,RAP,SD,AGL,WE,Federal Contract Tower,6,34,20,4,64,0,1,25,11,37,6,35,45,15,101,4,36,40,141
03/23/2007,RAP,SD,AGL,WE,Federal Contract Tower,6,38,24,4,72,0,0,52,13,65,6,38,76,17,137,22,0,22,159
03/24/2007,RAP,SD,AGL,WE,Federal Contract Tower,4,34,19,1,58,0,1,51,0,52,4,35,70,1,110,48,0,48,158
03/25/2007,RAP,SD,AGL,WE,Federal Contract Tower,4,22,17,2,45,0,5,26,1,32,4,27,43,3,77,70,0,70,147
03/26/2007,RAP,SD,AGL,WE,Federal Contract Tower,8,29,17,8,62,0,0,23,3,26,8,29,40,11,88,22,14,36,124
03/27/2007,RAP,SD,AGL,WE,Federal Contract Tower,4,40,17,4,65,0,1,21,0,22,4,41,38,4,87,10,0,10,97
03/28/2007,RAP,SD,AGL,WE,Federal Contract Tower,6,32,13,0,51,0,0,0,2,2,6,32,13,2,53,0,0,0,53
03/29/2007,RAP,SD,AGL,WE,Federal Contract Tower,3,25,8,2,38,0,0,0,0,0,3,25,8,2,38,0,0,0,38
03/30/2007,RAP,SD,AGL,WE,Federal Contract Tower,6,38,22,0,66,0,1,13,6,20,6,39,35,6,86,46,0,46,132
03/31/2007,RAP,SD,AGL,WE,Federal Contract Tower,6,29,17,4,56,0,2,11,0,13,6,31,28,4,69,6,0,6,75
04/01/2007,RAP,SD,AGL,WE,Federal Contract Tower,4,24,9,0,37,0,5,38,1,44,4,29,47,1,81,52,0,52,133
04/02/2007,RAP,SD,AGL,WE,Federal Contract Tower,6,34,14,2,56,0,0,3,1,4,6,34,17,3,60,2,0,2,62
04/03/2007,RAP,SD,AGL,WE,Federal Contract Tower,5,29,22,1,57,0,0,6,6,12,5,29,28,7,69,6,6,12,81
04/04/2007,RAP,SD,AGL,WE,Federal Contract Tower,3,33,18,0,54,0,0,9,2,11,3,33,27,2,65,26,0,26,91
04/05/2007,RAP,SD,AGL,WE,Federal Contract Tower,4,36,31,4,75,0,0,1,0,1,4,36,32,4,76,0,0,0,76
04/06/2007,RAP,SD,AGL,WE,Federal Contract Tower,6,42,21,1,70,0,2,17,0,19,6,44,38,1,89,20,0,20,109
04/07/2007,RAP,SD,AGL,WE,Federal Contract Tower,3,26,6,1,36,0,1,36,1,38,3,27,42,2,74,64,4,68,142
04/08/2007,RAP,SD,AGL,WE,Federal Contract Tower,3,21,8,0,32,0,1,16,0,17,3,22,24,0,49,26,0,26,75
04/09/2007,RAP,SD,AGL,WE,Federal Contract Tower,6,29,20,1,56,0,1,31,1,33,6,30,51,2,89,50,0,50,139
04/10/2007,RAP,SD,AGL,WE,Federal Contract Tower,3,34,25,0,62,0,1,14,2,17,3,35,39,2,79,18,2,20,99
04/11/2007,RAP,SD,AGL,WE,Federal Contract Tower,4,36,25,3,68,0,0,3,2,5,4,36,28,5,73,0,0,0,73
04/12/2007,RAP,SD,AGL,WE,Federal Contract Tower,4,33,43,5,85,0,1,15,16,32,4,34,58,21,117,50,20,70,187
04/13/2007,RAP,SD,AGL,WE,Federal Contract Tower,6,35,26,3,70,0,2,39,7,48,6,37,65,10,118,38,22,60,178
04/14/2007,RAP,SD,AGL,WE,Federal Contract Tower,4,29,5,2,40,0,2,25,5,32,4,31,30,7,72,58,0,58,130
04/15/2007,RAP,SD,AGL,WE,Federal Contract Tower,4,25,17,9,55,0,3,33,7,43,4,28,50,16,98,8,0,8,106
04/16/2007,RAP,SD,AGL,WE,Federal Contract Tower,6,34,19,1,60,0,0,15,1,16,6,34,34,2,76,0,0,0,76
04/17/2007,RAP,SD,AGL,WE,Federal Contract Tower,6,41,32,0,79,0,3,35,4,42,6,44,67,4,121,28,0,28,149
04/18/2007,RAP,SD,AGL,WE,Federal Contract Tower,6,36,12,1,55,0,2,17,2,21,6,38,29,3,76,26,0,26,102
04/19/2007,RAP,SD,AGL,WE,Federal Contract Tower,4,36,18,2,60,0,1,25,15,41,4,37,43,17,101,22,6,28,129
04/20/2007,RAP,SD,AGL,WE,Federal Contract Tower,6,43,32,1,82,0,2,46,5,53,6,45,78,6,135,40,0,40,175
04/21/2007,RAP,SD,AGL,WE,Federal Contract Tower,4,28,13,0,45,0,0,55,1,56,4,28,68,1,101,74,0,74,175
04/22/2007,RAP,SD,AGL,WE,Federal Contract Tower,4,31,20,0,55,0,4,49,0,53,4,35,69,0,108,10,0,10,118
04/23/2007,RAP,SD,AGL,WE,Federal Contract Tower,6,30,37,4,77,0,0,23,3,26,6,30,60,7,103,8,0,8,111
04/24/2007,RAP,SD,AGL,WE,Federal Contract Tower,4,43,35,0,82,0,4,14,3,21,4,47,49,3,103,10,0,10,113
04/25/2007,RAP,SD,AGL,WE,Federal Contract Tower,4,40,44,0,88,0,2,56,1,59,4,42,100,1,147,60,0,60,207
04/26/2007,RAP,SD,AGL,WE,Federal Contract Tower,4,33,53,3,93,0,1,0,4,5,4,34,53,7,98,30,2,32,130
04/27/2007,RAP,SD,AGL,WE,Federal Contract Tower,6,33,28,1,68,0,4,42,3,49,6,37,70,4,117,38,0,38,155
04/28/2007,RAP,SD,AGL,WE,Federal Contract Tower,4,28,5,0,37,0,1,57,7,65,4,29,62,7,102,88,12,100,202
04/29/2007,RAP,SD,AGL,WE,Federal Contract Tower,6,19,7,0,32,0,1,43,0,44,6,20,50,0,76,38,0,38,114
04/30/2007,RAP,SD,AGL,WE,Federal Contract Tower,5,39,17,0,61,0,1,24,2,27,5,40,41,2,88,0,0,0,88
05/01/2007,RAP,SD,AGL,WE,Federal Contract Tower,4,33,20,0,57,0,1,34,5,40,4,34,54,5,97,12,4,16,113
05/02/2007,RAP,SD,AGL,WE,Federal Contract Tower,8,35,19,1,63,0,2,21,2,25,8,37,40,3,88,0,0,0,88
05/03/2007,RAP,SD,AGL,WE,Federal Contract Tower,6,45,37,1,89,0,0,27,10,37,6,45,64,11,126,16,0,16,142
05/04/2007,RAP,SD,AGL,WE,Federal Contract Tower,9,32,21,0,62,0,1,31,5,37,9,33,52,5,99,26,0,26,125
05/05/2007,RAP,SD,AGL,WE,Federal Contract Tower,6,22,5,0,33,0,0,1,0,1,6,22,6,0,34,10,0,10,44
05/06/2007,RAP,SD,AGL,WE,Federal Contract Tower,8,21,15,1,45,0,1,5,0,6,8,22,20,1,51,4,0,4,55
05/07/2007,RAP,SD,AGL,WE,Federal Contract Tower,8,39,28,0,75,0,2,29,1,32,8,41,57,1,107,30,0,30,137
05/08/2007,RAP,SD,AGL,WE,Federal Contract Tower,6,38,22,2,68,0,1,49,6,56,6,39,71,8,124,30,4,34,158
05/09/2007,RAP,SD,AGL,WE,Federal Contract Tower,6,40,25,0,71,0,1,52,8,61,6,41,77,8,132,74,0,74,206
05/10/2007,RAP,SD,AGL,WE,Federal Contract Tower,6,35,28,0,69,0,3,59,6,68,6,38,87,6,137,48,2,50,187
05/11/2007,RAP,SD,AGL,WE,Federal Contract Tower,8,37,16,1,62,0,2,25,4,31,8,39,41,5,93,22,2,24,117
05/12/2007,RAP,SD,AGL,WE,Federal Contract Tower,6,28,8,0,42,0,1,46,0,47,6,29,54,0,89,52,0,52,141
05/13/2007,RAP,SD,AGL,WE,Federal Contract Tower,7,22,3,0,32,0,3,21,0,24,7,25,24,0,56,0,0,0,56
05/14/2007,RAP,SD,AGL,WE,Federal Contract Tower,8,36,21,3,68,0,0,10,0,10,8,36,31,3,78,0,0,0,78
05/15/2007,RAP,SD,AGL,WE,Federal Contract Tower,6,39,18,1,64,0,0,47,4,51,6,39,65,5,115,76,0,76,191
05/16/2007,RAP,SD,AGL,WE,Federal Contract Tower,6,36,40,5,87,0,2,55,1,58,6,38,95,6,145,28,8,36,181
05/17/2007,RAP,SD,AGL,WE,Federal Contract Tower,8,36,23,0,67,0,3,30,1,34,8,39,53,1,101,28,0,28,129
05/18/2007,RAP,SD,AGL,WE,Federal Contract Tower,8,34,28,5,75,0,0,46,4,50,8,34,74,9,125,34,0,34,159
05/19/2007,RAP,SD,AGL,WE,Federal Contract Tower,6,33,15,2,56,0,5,149,2,156,6,38,164,4,212,18,0,18,230
05/20/2007,RAP,SD,AGL,WE,Federal Contract Tower,8,18,9,2,37,0,0,26,2,28,8,18,35,4,65,8,0,8,73
05/21/2007,RAP,SD,AGL,WE,Federal Contract Tower,8,33,19,2,62,0,0,33,4,37,8,33,52,6,99,30,4,34,133
05/22/2007,RAP,SD,AGL,WE,Federal Contract Tower,5,39,27,0,71,1,0,13,3,17,6,39,40,3,88,14,0,14,102
05/23/2007,RAP,SD,AGL,WE,Federal Contract Tower,6,41,31,3,81,0,2,28,4,34,6,43,59,7,115,2,18,20,135
05/24/2007,RAP,SD,AGL,WE,Federal Contract Tower,6,37,23,0,66,0,0,38,16,54,6,37,61,16,120,38,62,100,220
05/25/2007,RAP,SD,AGL,WE,Federal Contract Tower,9,38,30,0,77,0,1,36,1,38,9,39,66,1,115,22,0,22,137
05/26/2007,RAP,SD,AGL,WE,Federal Contract Tower,6,23,13,0,42,0,0,29,1,30,6,23,42,1,72,54,0,54,126
05/27/2007,RAP,SD,AGL,WE,Federal Contract Tower,8,22,11,0,41,0,0,39,0,39,8,22,50,0,80,26,0,26,106
05/28/2007,RAP,SD,AGL,WE,Federal Contract Tower,9,26,22,0,57,0,2,21,4,27,9,28,43,4,84,24,18,42,126
05/29/2007,RAP,SD,AGL,WE,Federal Contract Tower,6,31,30,8,75,0,1,8,4,13,6,32,38,12,88,0,12,12,100
05/30/2007,RAP,SD,AGL,WE,Federal Contract Tower,5,37,21,2,65,0,1,21,5,27,5,38,42,7,92,4,0,4,96
05/31/2007,RAP,SD,AGL,WE,Federal Contract Tower,6,44,22,3,75,0,0,32,13,45,6,44,54,16,120,40,4,44,164
06/01/2007,RAP,SD,AGL,WE,Federal Contract Tower,8,48,43,0,99,0,0,5,18,23,8,48,48,18,122,18,14,32,154
06/02/2007,RAP,SD,AGL,WE,Federal Contract Tower,6,29,27,0,62,0,4,25,19,48,6,33,52,19,110,38,20,58,168
06/03/2007,RAP,SD,AGL,WE,Federal Contract Tower,8,20,16,1,45,0,0,48,14,62,8,20,64,15,107,4,6,10,117
06/04/2007,RAP,SD,AGL,WE,Federal Contract Tower,8,37,19,0,64,0,0,42,4,46,8,37,61,4,110,34,0,34,144
06/05/2007,RAP,SD,AGL,WE,Federal Contract Tower,6,31,26,0,63,0,0,35,4,39,6,31,61,4,102,28,0,28,130
06/06/2007,RAP,SD,AGL,WE,Federal Contract Tower,5,33,26,1,65,0,0,29,1,30,5,33,55,2,95,30,0,30,125
06/07/2007,RAP,SD,AGL,WE,Federal Contract Tower,4,38,15,0,57,0,0,4,1,5,4,38,19,1,62,0,0,0,62
06/08/2007,RAP,SD,AGL,WE,Federal Contract Tower,7,39,27,5,78,0,8,69,20,97,7,47,96,25,175,52,0,52,227
06/09/2007,RAP,SD,AGL,WE,Federal Contract Tower,12,43,12,2,69,0,1,133,33,167,12,44,145,35,236,76,8,84,320
06/10/2007,RAP,SD,AGL,WE,Federal Contract Tower,5,34,18,10,67,0,3,53,41,97,5,37,71,51,164,2,0,2,166
06/11/2007,RAP,SD,AGL,WE,Federal Contract Tower,8,38,17,4,67,0,0,40,35,75,8,38,57,39,142,0,16,16,158
06/12/2007,RAP,SD,AGL,WE,Federal Contract Tower,6,37,39,9,91,0,0,29,32,61,6,37,68,41,152,12,34,46,198
06/13/2007,RAP,SD,AGL,WE,Federal Contract Tower,8,42,38,10,98,0,0,37,40,77,8,42,75,50,175,26,8,34,209
06/14/2007,RAP,SD,AGL,WE,Federal Contract Tower,5,41,35,9,90,0,1,53,48,102,5,42,88,57,192,12,0,12,204
06/15/2007,RAP,SD,AGL,WE,Federal Contract Tower,7,38,25,17,87,0,1,50,36,87,7,39,75,53,174,50,12,62,236
06/16/2007,RAP,SD,AGL,WE,Federal Contract Tower,4,43,10,7,64,0,0,19,28,47,4,43,29,35,111,0,0,0,111
06/17/2007,RAP,SD,AGL,WE,Federal Contract Tower,6,30,13,3,52,0,2,28,18,48,6,32,41,21,100,0,0,0,100
06/18/2007,RAP,SD,AGL,WE,Federal Contract Tower,10,33,24,7,74,0,0,38,34,72,10,33,62,41,146,10,0,10,156
06/19/2007,RAP,SD,AGL,WE,Federal Contract Tower,5,41,19,8,73,0,1,44,17,62,5,42,63,25,135,42,4,46,181
06/20/2007,RAP,SD,AGL,WE,Federal Contract Tower,7,44,22,9,82,0,0,49,20,69,7,44,71,29,151,20,2,22,173
06/21/2007,RAP,SD,AGL,WE,Federal Contract Tower,8,40,32,1,81,0,0,21,38,59,8,40,53,39,140,6,16,22,162
06/22/2007,RAP,SD,AGL,WE,Federal Contract Tower,12,36,34,6,88,0,4,60,18,82,12,40,94,24,170,38,6,44,214
06/23/2007,RAP,SD,AGL,WE,Federal Contract Tower,5,44,21,3,73,0,2,91,12,105,5,46,112,15,178,8,0,8,186
06/24/2007,RAP,SD,AGL,WE,Federal Contract Tower,3,28,27,4,62,0,4,47,12,63,3,32,74,16,125,34,0,34,159
06/25/2007,RAP,SD,AGL,WE,Federal Contract Tower,7,39,27,0,73,0,9,67,9,85,7,48,94,9,158,24,10,34,192
06/26/2007,RAP,SD,AGL,WE,Federal Contract Tower,7,37,43,1,88,0,2,33,11,46,7,39,76,12,134,4,0,4,138
06/27/2007,RAP,SD,AGL,WE,Federal Contract Tower,5,35,35,2,77,0,1,67,9,77,5,36,102,11,154,32,0,32,186
06/28/2007,RAP,SD,AGL,WE,Federal Contract Tower,5,42,60,7,114,1,3,65,24,93,6,45,125,31,207,28,6,34,241
06/29/2007,RAP,SD,AGL,WE,Federal Contract Tower,10,42,30,5,87,0,2,83,18,103,10,44,113,23,190,84,14,98,288
06/30/2007,RAP,SD,AGL,WE,Federal Contract Tower,6,57,16,3,82,0,2,36,0,38,6,59,52,3,120,14,0,14,134
07/01/2007,RAP,SD,AGL,WE,Federal Contract Tower,5,30,20,0,55,0,1,53,3,57,5,31,73,3,112,0,0,0,112
07/02/2007,RAP,SD,AGL,WE,Federal Contract Tower,8,37,29,1,75,0,3,35,0,38,8,40,64,1,113,36,0,36,149
07/03/2007,RAP,SD,AGL,WE,Federal Contract Tower,4,31,24,1,60,0,2,22,0,24,4,33,46,1,84,14,0,14,98
07/04/2007,RAP,SD,AGL,WE,Federal Contract Tower,8,25,10,0,43,0,1,35,2,38,8,26,45,2,81,4,0,4,85
07/05/2007,RAP,SD,AGL,WE,Federal Contract Tower,4,42,28,0,74,0,5,49,10,64,4,47,77,10,138,24,0,24,162
07/06/2007,RAP,SD,AGL,WE,Federal Contract Tower,6,41,20,2,69,0,2,66,17,85,6,43,86,19,154,34,8,42,196
07/07/2007,RAP,SD,AGL,WE,Federal Contract Tower,6,36,15,6,63,0,0,64,9,73,6,36,79,15,136,0,0,0,136
07/08/2007,RAP,SD,AGL,WE,Federal Contract Tower,5,28,21,1,55,14,1,72,10,97,19,29,93,11,152,18,0,18,170
07/09/2007,RAP,SD,AGL,WE,Federal Contract Tower,7,33,27,3,70,0,1,62,13,76,7,34,89,16,146,4,0,4,150
07/10/2007,RAP,SD,AGL,WE,Federal Contract Tower,6,40,18,5,69,3,6,64,10,83,9,46,82,15,152,8,0,8,160
07/11/2007,RAP,SD,AGL,WE,Federal Contract Tower,8,42,32,2,84,0,3,44,12,59,8,45,76,14,143,42,0,42,185
07/12/2007,RAP,SD,AGL,WE,Federal Contract Tower,6,49,33,2,90,1,2,67,5,75,7,51,100,7,165,40,6,46,211
07/13/2007,RAP,SD,AGL,WE,Federal Contract Tower,8,42,36,2,88,0,0,78,13,91,8,42,114,15,179,44,0,44,223
07/14/2007,RAP,SD,AGL,WE,Federal Contract Tower,5,49,14,7,75,0,1,53,32,86,5,50,67,39,161,74,20,94,255
07/15/2007,RAP,SD,AGL,WE,Federal Contract Tower,6,31,12,2,51,0,1,35,1,37,6,32,47,3,88,4,0,4,92
07/16/2007,RAP,SD,AGL,WE,Federal Contract Tower,8,39,16,4,67,0,2,34,3,39,8,41,50,7,106,10,2,12,118
07/17/2007,RAP,SD,AGL,WE,Federal Contract Tower,6,42,31,3,82,0,2,33,17,52,6,44,64,20,134,28,0,28,162
07/18/2007,RAP,SD,AGL,WE,Federal Contract Tower,7,45,45,3,100,0,3,47,15,65,7,48,92,18,165,14,0,14,179
07/19/2007,RAP,SD,AGL,WE,Federal Contract Tower,6,34,27,3,70,0,1,49,15,65,6,35,76,18,135,29,4,33,168
07/20/2007,RAP,SD,AGL,WE,Federal Contract Tower,10,34,45,1,90,0,3,77,6,86,10,37,122,7,176,42,0,42,218
07/21/2007,RAP,SD,AGL,WE,Federal Contract Tower,6,44,16,2,68,0,2,68,4,74,6,46,84,6,142,12,0,12,154
07/22/2007,RAP,SD,AGL,WE,Federal Contract Tower,6,34,33,6,79,0,1,93,11,105,6,35,126,17,184,24,0,24,208
07/23/2007,RAP,SD,AGL,WE,Federal Contract Tower,10,36,32,1,79,0,2,46,6,54,10,38,78,7,133,2,0,2,135
07/24/2007,RAP,SD,AGL,WE,Federal Contract Tower,6,32,4,0,42,0,10,93,20,123,6,42,97,20,165,28,6,34,199
07/25/2007,RAP,SD,AGL,WE,Federal Contract Tower,8,46,43,1,98,0,1,59,7,67,8,47,102,8,165,64,0,64,229
07/26/2007,RAP,SD,AGL,WE,Federal Contract Tower,5,39,37,1,82,0,2,49,18,69,5,41,86,19,151,0,14,14,165
07/27/2007,RAP,SD,AGL,WE,Federal Contract Tower,7,39,45,4,95,0,0,64,5,69,7,39,109,9,164,12,6,18,182
07/28/2007,RAP,SD,AGL,WE,Federal Contract Tower,5,45,26,0,76,0,3,65,0,68,5,48,91,0,144,14,0,14,158
07/29/2007,RAP,SD,AGL,WE,Federal Contract Tower,6,36,39,0,81,0,2,49,0,51,6,38,88,0,132,4,0,4,136
07/30/2007,RAP,SD,AGL,WE,Federal Contract Tower,8,36,47,8,99,0,3,46,3,52,8,39,93,11,151,12,0,12,163
07/31/2007,RAP,SD,AGL,WE,Federal Contract Tower,6,39,34,3,82,0,3,49,12,64,6,42,83,15,146,20,22,42,188
08/01/2007,RAP,SD,AGL,WE,Federal Contract Tower,8,44,26,0,78,0,2,52,12,66,8,46,78,12,144,22,10,32,176
08/02/2007,RAP,SD,AGL,WE,Federal Contract Tower,7,39,40,0,86,0,4,60,20,84,7,43,100,20,170,4,0,4,174
08/03/2007,RAP,SD,AGL,WE,Federal Contract Tower,9,45,59,1,114,0,2,32,4,38,9,47,91,5,152,36,4,40,192
08/04/2007,RAP,SD,AGL,WE,Federal Contract Tower,10,47,28,2,87,0,1,46,1,48,10,48,74,3,135,6,0,6,141
08/05/2007,RAP,SD,AGL,WE,Federal Contract Tower,9,39,25,0,73,0,2,60,6,68,9,41,85,6,141,0,0,0,141
08/06/2007,RAP,SD,AGL,WE,Federal Contract Tower,8,34,39,1,82,0,7,68,5,80,8,41,107,6,162,34,0,34,196
08/07/2007,RAP,SD,AGL,WE,Federal Contract Tower,8,45,24,1,78,0,8,32,9,49,8,53,56,10,127,10,16,26,153
08/08/2007,RAP,SD,AGL,WE,Federal Contract Tower,7,43,39,4,93,0,3,49,9,61,7,46,88,13,154,22,4,26,180
08/09/2007,RAP,SD,AGL,WE,Federal Contract Tower,5,49,56,2,112,0,9,42,15,66,5,58,98,17,178,12,8,20,198
08/10/2007,RAP,SD,AGL,WE,Federal Contract Tower,12,47,38,2,99,0,6,56,4,66,12,53,94,6,165,26,4,30,195
08/11/2007,RAP,SD,AGL,WE,Federal Contract Tower,7,45,29,2,83,0,4,62,0,66,7,49,91,2,149,6,0,6,155
08/12/2007,RAP,SD,AGL,WE,Federal Contract Tower,8,28,31,4,71,0,2,59,1,62,8,30,90,5,133,12,0,12,145
08/13/2007,RAP,SD,AGL,WE,Federal Contract Tower,10,36,33,0,79,0,3,33,0,36,10,39,66,0,115,8,0,8,123
08/14/2007,RAP,SD,AGL,WE,Federal Contract Tower,6,45,38,0,89,0,0,64,6,70,6,45,102,6,159,30,0,30,189
08/15/2007,RAP,SD,AGL,WE,Federal Contract Tower,8,40,32,0,80,0,2,56,4,62,8,42,88,4,142,60,8,68,210
08/16/2007,RAP,SD,AGL,WE,Federal Contract Tower,5,42,41,1,89,0,0,40,12,52,5,42,81,13,141,32,26,58,199
08/17/2007,RAP,SD,AGL,WE,Federal Contract Tower,5,34,31,0,70,0,1,33,3,37,5,35,64,3,107,6,2,8,115
08/18/2007,RAP,SD,AGL,WE,Federal Contract Tower,4,35,18,0,57,0,0,26,5,31,4,35,44,5,88,8,4,12,100
08/19/2007,RAP,SD,AGL,WE,Federal Contract Tower,7,30,40,0,77,0,0,16,0,16,7,30,56,0,93,0,0,0,93
08/20/2007,RAP,SD,AGL,WE,Federal Contract Tower,7,38,43,11,99,0,4,15,8,27,7,42,58,19,126,14,20,34,160
08/21/2007,RAP,SD,AGL,WE,Federal Contract Tower,5,39,32,0,76,0,1,34,10,45,5,40,66,10,121,10,6,16,137
08/22/2007,RAP,SD,AGL,WE,Federal Contract Tower,5,39,25,0,69,0,3,50,4,57,5,42,75,4,126,60,12,72,198
08/23/2007,RAP,SD,AGL,WE,Federal Contract Tower,4,30,32,2,68,0,0,37,8,45,4,30,69,10,113,20,2,22,135
08/24/2007,RAP,SD,AGL,WE,Federal Contract Tower,7,44,18,1,70,0,3,4,7,14,7,47,22,8,84,10,2,12,96
08/25/2007,RAP,SD,AGL,WE,Federal Contract Tower,6,36,16,1,59,0,0,33,7,40,6,36,49,8,99,6,2,8,107
08/26/2007,RAP,SD,AGL,WE,Federal Contract Tower,5,30,24,0,59,0,5,36,0,41,5,35,60,0,100,68,0,68,168
08/27/2007,RAP,SD,AGL,WE,Federal Contract Tower,8,35,36,2,81,0,0,29,2,31,8,35,65,4,112,20,12,32,144
08/28/2007,RAP,SD,AGL,WE,Federal Contract Tower,5,43,58,6,112,0,0,2,1,3,5,43,60,7,115,0,0,0,115
08/29/2007,RAP,SD,AGL,WE,Federal Contract Tower,6,39,27,2,74,0,2,64,5,71,6,41,91,7,145,64,8,72,217
08/30/2007,RAP,SD,AGL,WE,Federal Contract Tower,6,41,16,3,66,0,3,37,15,55,6,44,53,18,121,26,12,38,159
08/31/2007,RAP,SD,AGL,WE,Federal Contract Tower,8,40,31,0,79,0,1,54,9,64,8,41,85,9,143,40,0,40,183
09/01/2007,RAP,SD,AGL,WE,Federal Contract Tower,6,32,20,0,58,0,1,40,0,41,6,33,60,0,99,18,0,18,117
09/02/2007,RAP,SD,AGL,WE,Federal Contract Tower,6,16,7,0,29,0,4,20,0,24,6,20,27,0,53,0,0,0,53
09/03/2007,RAP,SD,AGL,WE,Federal Contract Tower,8,29,25,0,62,0,2,58,0,60,8,31,83,0,122,40,0,40,162
09/04/2007,RAP,SD,AGL,WE,Federal Contract Tower,6,38,29,3,76,0,4,49,0,53,6,42,78,3,129,10,0,10,139
09/05/2007,RAP,SD,AGL,WE,Federal Contract Tower,7,38,36,0,81,0,2,50,5,57,7,40,86,5,138,18,10,28,166
09/06/2007,RAP,SD,AGL,WE,Federal Contract Tower,7,37,34,2,80,0,0,19,11,30,7,37,53,13,110,32,8,40,150
09/07/2007,RAP,SD,AGL,WE,Federal Contract Tower,10,43,23,4,80,0,2,55,6,63,10,45,78,10,143,42,0,42,185
09/08/2007,RAP,SD,AGL,WE,Federal Contract Tower,6,29,13,2,50,0,0,13,3,16,6,29,26,5,66,14,0,14,80
09/09/2007,RAP,SD,AGL,WE,Federal Contract Tower,6,29,25,5,65,0,2,19,4,25,6,31,44,9,90,32,0,32,122
09/10/2007,RAP,SD,AGL,WE,Federal Contract Tower,10,32,29,2,73,0,0,29,0,29,10,32,58,2,102,10,0,10,112
09/11/2007,RAP,SD,AGL,WE,Federal Contract Tower,8,34,35,1,78,0,0,49,6,55,8,34,84,7,133,48,4,52,185
09/12/2007,RAP,SD,AGL,WE,Federal Contract Tower,10,32,35,4,81,0,1,29,12,42,10,33,64,16,123,16,0,16,139
09/13/2007,RAP,SD,AGL,WE,Federal Contract Tower,7,41,37,5,90,0,0,27,19,46,7,41,64,24,136,6,10,16,152
09/14/2007,RAP,SD,AGL,WE,Federal Contract Tower,10,34,31,2,77,0,0,47,10,57,10,34,78,12,134,64,0,64,198
09/15/2007,RAP,SD,AGL,WE,Federal Contract Tower,8,35,19,1,63,0,5,49,2,56,8,40,68,3,119,260,0,260,379
09/16/2007,RAP,SD,AGL,WE,Federal Contract Tower,6,27,23,1,57,0,0,26,2,28,6,27,49,3,85,0,0,0,85
09/17/2007,RAP,SD,AGL,WE,Federal Contract Tower,12,34,21,0,67,0,1,37,1,39,12,35,58,1,106,40,0,40,146
09/18/2007,RAP,SD,AGL,WE,Federal Contract Tower,7,38,31,0,76,0,0,22,2,24,7,38,53,2,100,10,0,10,110
09/19/2007,RAP,SD,AGL,WE,Federal Contract Tower,7,35,28,2,72,0,4,40,11,55,7,39,68,13,127,44,0,44,171
09/20/2007,RAP,SD,AGL,WE,Federal Contract Tower,9,31,19,0,59,0,1,41,8,50,9,32,60,8,109,30,0,30,139
09/21/2007,RAP,SD,AGL,WE,Federal Contract Tower,10,33,22,0,65,0,3,45,5,53,10,36,67,5,118,12,2,14,132
09/22/2007,RAP,SD,AGL,WE,Federal Contract Tower,6,32,17,0,55,0,8,89,3,100,6,40,106,3,155,2,0,2,157
09/23/2007,RAP,SD,AGL,WE,Federal Contract Tower,6,34,25,0,65,0,2,29,4,35,6,36,54,4,100,0,8,8,108
09/24/2007,RAP,SD,AGL,WE,Federal Contract Tower,10,33,27,0,70,0,0,6,3,9,10,33,33,3,79,0,0,0,79
09/25/2007,RAP,SD,AGL,WE,Federal Contract Tower,8,39,27,0,74,0,1,53,7,61,8,40,80,7,135,26,4,30,165
09/26/2007,RAP,SD,AGL,WE,Federal Contract Tower,7,32,25,0,64,0,0,48,5,53,7,32,73,5,117,76,2,78,195
09/27/2007,RAP,SD,AGL,WE,Federal Contract Tower,8,32,26,1,67,0,2,60,2,64,8,34,86,3,131,22,0,22,153
09/28/2007,RAP,SD,AGL,WE,Federal Contract Tower,10,38,33,1,82,0,3,31,10,44,10,41,64,11,126,14,6,20,146
09/29/2007,RAP,SD,AGL,WE,Federal Contract Tower,6,31,20,0,57,0,3,18,1,22,6,34,38,1,79,12,0,12,91
09/30/2007,RAP,SD,AGL,WE,Federal Contract Tower,4,29,12,1,46,0,0,19,0,19,4,29,31,1,65,20,0,20,85
10/01/2007,RAP,SD,AGL,WE,Federal Contract Tower,7,25,26,3,61,0,1,45,0,46,7,26,71,3,107,36,0,36,143
10/02/2007,RAP,SD,AGL,WE,Federal Contract Tower,5,34,29,3,71,0,1,25,6,32,5,35,54,9,103,6,20,26,129
10/03/2007,RAP,SD,AGL,WE,Federal Contract Tower,5,35,22,0,62,0,4,44,8,56,5,39,66,8,118,2,2,4,122
10/04/2007,RAP,SD,AGL,WE,Federal Contract Tower,6,32,34,4,76,0,1,32,13,46,6,33,66,17,122,26,0,26,148
10/05/2007,RAP,SD,AGL,WE,Federal Contract Tower,12,35,28,0,75,0,1,14,1,16,12,36,42,1,91,40,0,40,131
10/06/2007,RAP,SD,AGL,WE,Federal Contract Tower,6,39,13,1,59,0,0,5,3,8,6,39,18,4,67,0,0,0,67
10/07/2007,RAP,SD,AGL,WE,Federal Contract Tower,8,29,14,3,54,0,0,15,0,15,8,29,29,3,69,4,0,4,73
10/08/2007,RAP,SD,AGL,WE,Federal Contract Tower,10,27,23,0,60,0,0,24,0,24,10,27,47,0,84,12,0,12,96
10/09/2007,RAP,SD,AGL,WE,Federal Contract Tower,9,33,23,2,67,0,0,42,5,47,9,33,65,7,114,32,0,32,146
10/10/2007,RAP,SD,AGL,WE,Federal Contract Tower,9,38,46,0,93,0,0,27,2,29,9,38,73,2,122,14,0,14,136
10/11/2007,RAP,SD,AGL,WE,Federal Contract Tower,8,28,23,4,63,0,9,30,6,45,8,37,53,10,108,12,6,18,126
10/12/2007,RAP,SD,AGL,WE,Federal Contract Tower,11,31,22,3,67,0,2,36,2,40,11,33,58,5,107,48,2,50,157
10/13/2007,RAP,SD,AGL,WE,Federal Contract Tower,5,32,21,3,61,0,0,15,0,15,5,32,36,3,76,8,0,8,84
10/14/2007,RAP,SD,AGL,WE,Federal Contract Tower,8,30,16,0,54,0,0,4,0,4,8,30,20,0,58,0,0,0,58
10/15/2007,RAP,SD,AGL,WE,Federal Contract Tower,12,29,32,1,74,0,1,26,0,27,12,30,58,1,101,42,0,42,143
10/16/2007,RAP,SD,AGL,WE,Federal Contract Tower,9,33,22,2,66,0,0,19,4,23,9,33,41,6,89,8,0,8,97
10/17/2007,RAP,SD,AGL,WE,Federal Contract Tower,8,35,46,4,93,0,0,13,0,13,8,35,59,4,106,24,0,24,130
10/18/2007,RAP,SD,AGL,WE,Federal Contract Tower,8,34,27,0,69,0,1,4,12,17,8,35,31,12,86,2,0,2,88
10/19/2007,RAP,SD,AGL,WE,Federal Contract Tower,11,36,31,1,79,0,0,41,27,68,11,36,72,28,147,58,14,72,219
10/20/2007,RAP,SD,AGL,WE,Federal Contract Tower,5,33,12,7,57,0,2,16,23,41,5,35,28,30,98,4,16,20,118
10/21/2007,RAP,SD,AGL,WE,Federal Contract Tower,9,22,16,3,50,0,0,4,1,5,9,22,20,4,55,0,0,0,55
10/22/2007,RAP,SD,AGL,WE,Federal Contract Tower,11,25,19,4,59,0,2,31,2,35,11,27,50,6,94,30,8,38,132
10/23/2007,RAP,SD,AGL,WE,Federal Contract Tower,9,36,23,1,69,0,0,25,17,42,9,36,48,18,111,18,4,22,133
10/24/2007,RAP,SD,AGL,WE,Federal Contract Tower,9,32,33,2,76,0,0,49,14,63,9,32,82,16,139,34,2,36,175
10/25/2007,RAP,SD,AGL,WE,Federal Contract Tower,9,30,31,2,72,0,0,36,17,53,9,30,67,19,125,20,12,32,157
10/26/2007,RAP,SD,AGL,WE,Federal Contract Tower,11,37,32,3,83,0,6,33,15,54,11,43,65,18,137,18,2,20,157
10/27/2007,RAP,SD,AGL,WE,Federal Contract Tower,5,31,13,0,49,0,1,43,0,44,5,32,56,0,93,38,0,38,131
10/28/2007,RAP,SD,AGL,WE,Federal Contract Tower,12,24,15,1,52,0,3,47,1,51,12,27,62,2,103,34,0,34,137
10/29/2007,RAP,SD,AGL,WE,Federal Contract Tower,12,25,21,0,58,0,2,37,3,42,12,27,58,3,100,34,0,34,134
10/30/2007,RAP,SD,AGL,WE,Federal Contract Tower,11,25,26,1,63,0,2,20,8,30,11,27,46,9,93,10,0,10,103
10/31/2007,RAP,SD,AGL,WE,Federal Contract Tower,13,30,20,4,67,0,5,30,5,40,13,35,50,9,107,56,0,56,163
11/01/2007,RAP,SD,AGL,WE,Federal Contract Tower,10,36,29,2,77,0,1,32,19,52,10,37,61,21,129,48,0,48,177
11/02/2007,RAP,SD,AGL,WE,Federal Contract Tower,12,30,22,4,68,0,3,46,12,61,12,33,68,16,129,70,6,76,205
11/03/2007,RAP,SD,AGL,WE,Federal Contract Tower,6,25,17,0,48,0,3,16,15,34,6,28,33,15,82,12,0,12,94
11/04/2007,RAP,SD,AGL,WE,Federal Contract Tower,9,20,18,0,47,0,1,17,0,18,9,21,35,0,65,12,0,12,77
11/05/2007,RAP,SD,AGL,WE,Federal Contract Tower,11,24,21,2,58,0,2,15,2,19,11,26,36,4,77,0,0,0,77
11/06/2007,RAP,SD,AGL,WE,Federal Contract Tower,10,33,27,0,70,0,1,36,4,41,10,34,63,4,111,68,0,68,179
11/07/2007,RAP,SD,AGL,WE,Federal Contract Tower,11,27,25,0,63,0,0,25,3,28,11,27,50,3,91,6,0,6,97
11/08/2007,RAP,SD,AGL,WE,Federal Contract Tower,15,28,26,0,69,0,1,47,3,51,15,29,73,3,120,28,0,28,148
11/09/2007,RAP,SD,AGL,WE,Federal Contract Tower,17,28,16,4,65,0,0,44,2,46,17,28,60,6,111,50,4,54,165
11/10/2007,RAP,SD,AGL,WE,Federal Contract Tower,8,22,12,0,42,0,4,61,1,66,8,26,73,1,108,60,0,60,168
11/11/2007,RAP,SD,AGL,WE,Federal Contract Tower,10,22,4,0,36,0,1,6,0,7,10,23,10,0,43,0,0,0,43
11/12/2007,RAP,SD,AGL,WE,Federal Contract Tower,13,22,25,0,60,0,2,25,0,27,13,24,50,0,87,8,0,8,95
11/13/2007,RAP,SD,AGL,WE,Federal Contract Tower,11,29,17,0,57,0,0,5,2,7,11,29,22,2,64,0,0,0,64
11/14/2007,RAP,SD,AGL,WE,Federal Contract Tower,13,25,20,0,58,0,3,9,0,12,13,28,29,0,70,0,0,0,70
11/15/2007,RAP,SD,AGL,WE,Federal Contract Tower,9,34,31,0,74,0,0,31,12,43,9,34,62,12,117,68,0,68,185
11/16/2007,RAP,SD,AGL,WE,Federal Contract Tower,9,37,18,3,67,0,4,44,0,48,9,41,62,3,115,60,0,60,175
11/17/2007,RAP,SD,AGL,WE,Federal Contract Tower,5,30,21,0,56,0,0,33,3,36,5,30,54,3,92,78,0,78,170
11/18/2007,RAP,SD,AGL,WE,Federal Contract Tower,7,20,14,0,41,0,3,34,0,37,7,23,48,0,78,26,0,26,104
11/19/2007,RAP,SD,AGL,WE,Federal Contract Tower,11,23,21,0,55,0,0,31,1,32,11,23,52,1,87,40,0,40,127
11/20/2007,RAP,SD,AGL,WE,Federal Contract Tower,7,34,16,0,57,0,0,1,0,1,7,34,17,0,58,0,0,0,58
11/21/2007,RAP,SD,AGL,WE,Federal Contract Tower,10,32,30,0,72,0,3,18,0,21,10,35,48,0,93,6,0,6,99
11/22/2007,RAP,SD,AGL,WE,Federal Contract Tower,8,13,3,0,24,0,0,9,0,9,8,13,12,0,33,8,0,8,41
11/23/2007,RAP,SD,AGL,WE,Federal Contract Tower,12,24,12,0,48,0,1,24,0,25,12,25,36,0,73,14,0,14,87
11/24/2007,RAP,SD,AGL,WE,Federal Contract Tower,13,26,7,0,46,0,2,39,0,41,13,28,46,0,87,40,0,40,127
11/25/2007,RAP,SD,AGL,WE,Federal Contract Tower,8,21,14,0,43,0,0,14,0,14,8,21,28,0,57,0,0,0,57
11/26/2007,RAP,SD,AGL,WE,Federal Contract Tower,9,37,31,0,77,0,0,14,0,14,9,37,45,0,91,0,4,4,95
11/27/2007,RAP,SD,AGL,WE,Federal Contract Tower,9,45,18,2,74,0,3,24,7,34,9,48,42,9,108,22,0,22,130
11/28/2007,RAP,SD,AGL,WE,Federal Contract Tower,15,29,17,2,63,0,2,10,4,16,15,31,27,6,79,0,0,0,79
11/29/2007,RAP,SD,AGL,WE,Federal Contract Tower,9,31,40,3,83,0,1,23,15,39,9,32,63,18,122,40,16,56,178
11/30/2007,RAP,SD,AGL,WE,Federal Contract Tower,13,32,19,1,65,0,2,34,10,46,13,34,53,11,111,42,2,44,155
12/01/2007,RAP,SD,AGL,WE,Federal Contract Tower,13,21,3,0,37,0,0,0,2,2,13,21,3,2,39,0,6,6,45
12/02/2007,RAP,SD,AGL,WE,Federal Contract Tower,10,17,17,0,44,0,1,4,0,5,10,18,21,0,49,0,0,0,49
12/03/2007,RAP,SD,AGL,WE,Federal Contract Tower,16,28,23,0,67,0,1,34,2,37,16,29,57,2,104,60,0,60,164
12/04/2007,RAP,SD,AGL,WE,Federal Contract Tower,11,24,25,0,60,0,2,13,0,15,11,26,38,0,75,8,0,8,83
12/05/2007,RAP,SD,AGL,WE,Federal Contract Tower,14,26,25,2,67,0,0,1,0,1,14,26,26,2,68,0,0,0,68
12/06/2007,RAP,SD,AGL,WE,Federal Contract Tower,10,22,21,0,53,0,0,0,0,0,10,22,21,0,53,0,0,0,53
12/07/2007,RAP,SD,AGL,WE,Federal Contract Tower,14,25,35,2,76,0,0,9,6,15,14,25,44,8,91,10,0,10,101
12/08/2007,RAP,SD,AGL,WE,Federal Contract Tower,10,20,3,0,33,0,0,0,0,0,10,20,3,0,33,0,0,0,33
12/09/2007,RAP,SD,AGL,WE,Federal Contract Tower,13,17,9,0,39,0,0,7,0,7,13,17,16,0,46,0,0,0,46
12/10/2007,RAP,SD,AGL,WE,Federal Contract Tower,12,22,18,5,57,0,2,18,3,23,12,24,36,8,80,50,0,50,130
12/11/2007,RAP,SD,AGL,WE,Federal Contract Tower,13,31,22,3,69,0,2,21,0,23,13,33,43,3,92,52,0,52,144
12/12/2007,RAP,SD,AGL,WE,Federal Contract Tower,18,25,28,3,74,0,2,23,2,27,18,27,51,5,101,16,0,16,117
12/13/2007,RAP,SD,AGL,WE,Federal Contract Tower,12,26,14,1,53,0,0,19,13,32,12,26,33,14,85,22,4,26,111
12/14/2007,RAP,SD,AGL,WE,Federal Contract Tower,16,28,19,0,63,0,1,10,10,21,16,29,29,10,84,2,14,16,100
12/15/2007,RAP,SD,AGL,WE,Federal Contract Tower,10,25,6,0,41,0,0,31,11,42,10,25,37,11,83,8,0,8,91
12/16/2007,RAP,SD,AGL,WE,Federal Contract Tower,10,21,10,2,43,0,1,30,14,45,10,22,40,16,88,6,0,6,94
12/17/2007,RAP,SD,AGL,WE,Federal Contract Tower,13,24,36,2,75,0,3,31,0,34,13,27,67,2,109,32,0,32,141
12/18/2007,RAP,SD,AGL,WE,Federal Contract Tower,13,26,18,1,58,0,1,34,13,48,13,27,52,14,106,52,4,56,162
12/19/2007,RAP,SD,AGL,WE,Federal Contract Tower,13,35,26,0,74,0,0,28,2,30,13,35,54,2,104,40,0,40,144
12/20/2007,RAP,SD,AGL,WE,Federal Contract Tower,10,35,20,0,65,0,0,31,20,51,10,35,51,20,116,74,0,74,190
12/21/2007,RAP,SD,AGL,WE,Federal Contract Tower,13,28,15,0,56,0,0,0,0,0,13,28,15,0,56,0,0,0,56
12/22/2007,RAP,SD,AGL,WE,Federal Contract Tower,15,30,7,0,52,0,0,18,0,18,15,30,25,0,70,28,0,28,98
12/23/2007,RAP,SD,AGL,WE,Federal Contract Tower,12,24,7,0,43,0,0,8,0,8,12,24,15,0,51,0,0,0,51
12/24/2007,RAP,SD,AGL,WE,Federal Contract Tower,14,25,6,0,45,0,0,14,0,14,14,25,20,0,59,22,0,22,81
12/25/2007,RAP,SD,AGL,WE,Federal Contract Tower,9,16,5,0,30,0,1,2,0,3,9,17,7,0,33,0,0,0,33
12/26/2007,RAP,SD,AGL,WE,Federal Contract Tower,15,30,23,0,68,0,1,22,0,23,15,31,45,0,91,46,0,46,137
12/27/2007,RAP,SD,AGL,WE,Federal Contract Tower,9,33,21,0,63,0,2,17,0,19,9,35,38,0,82,16,2,18,100
12/28/2007,RAP,SD,AGL,WE,Federal Contract Tower,13,35,13,0,61,0,2,28,0,30,13,37,41,0,91,26,0,26,117
12/29/2007,RAP,SD,AGL,WE,Federal Contract Tower,13,38,6,0,57,0,1,21,0,22,13,39,27,0,79,70,0,70,149
12/30/2007,RAP,SD,AGL,WE,Federal Contract Tower,11,28,5,0,44,0,1,13,2,16,11,29,18,2,60,10,0,10,70
12/31/2007,RAP,SD,AGL,WE,Federal Contract Tower,11,25,7,0,43,0,2,7,0,9,11,27,14,0,52,20,0,20,72
01/01/2008,RAP,SD,AGL,WE,Federal Contract Tower,12,19,10,0,41,0,0,9,0,9,12,19,19,0,50,0,0,0,50
01/02/2008,RAP,SD,AGL,WE,Federal Contract Tower,15,32,11,0,58,0,1,22,0,23,15,33,33,0,81,24,0,24,105
01/03/2008,RAP,SD,AGL,WE,Federal Contract Tower,11,27,20,8,66,0,2,44,7,53,11,29,64,15,119,104,8,112,231
01/04/2008,RAP,SD,AGL,WE,Federal Contract Tower,13,24,11,2,50,0,2,21,6,29,13,26,32,8,79,16,2,18,97
01/05/2008,RAP,SD,AGL,WE,Federal Contract Tower,12,26,14,0,52,0,1,16,3,20,12,27,30,3,72,14,12,26,98
01/06/2008,RAP,SD,AGL,WE,Federal Contract Tower,10,15,11,0,36,0,2,35,18,55,10,17,46,18,91,70,16,86,177
01/07/2008,RAP,SD,AGL,WE,Federal Contract Tower,13,23,20,0,56,0,0,5,1,6,13,23,25,1,62,2,0,2,64
01/08/2008,RAP,SD,AGL,WE,Federal Contract Tower,8,27,19,4,58,0,1,31,2,34,8,28,50,6,92,62,0,62,154
01/09/2008,RAP,SD,AGL,WE,Federal Contract Tower,11,25,20,2,58,0,1,26,4,31,11,26,46,6,89,18,32,50,139
01/10/2008,RAP,SD,AGL,WE,Federal Contract Tower,9,31,13,1,54,0,0,24,16,40,9,31,37,17,94,34,4,38,132
01/11/2008,RAP,SD,AGL,WE,Federal Contract Tower,11,28,11,2,52,0,1,24,17,42,11,29,35,19,94,28,4,32,126
01/12/2008,RAP,SD,AGL,WE,Federal Contract Tower,9,26,22,2,59,0,0,18,0,18,9,26,40,2,77,28,0,28,105
01/13/2008,RAP,SD,AGL,WE,Federal Contract Tower,9,17,33,0,59,0,2,35,3,40,9,19,68,3,99,14,6,20,119
01/14/2008,RAP,SD,AGL,WE,Federal Contract Tower,11,24,25,0,60,0,1,19,5,25,11,25,44,5,85,60,6,66,151
01/15/2008,RAP,SD,AGL,WE,Federal Contract Tower,9,30,13,0,52,0,1,12,9,22,9,31,25,9,74,12,12,24,98
01/16/2008,RAP,SD,AGL,WE,Federal Contract Tower,13,34,15,0,62,0,3,22,5,30,13,37,37,5,92,4,0,4,96
01/17/2008,RAP,SD,AGL,WE,Federal Contract Tower,11,31,30,7,79,0,0,15,7,22,11,31,45,14,101,16,26,42,143
01/18/2008,RAP,SD,AGL,WE,Federal Contract Tower,10,32,17,2,61,0,1,2,0,3,10,33,19,2,64,0,4,4,68
01/19/2008,RAP,SD,AGL,WE,Federal Contract Tower,11,26,18,1,56,0,0,18,0,18,11,26,36,1,74,28,0,28,102
01/20/2008,RAP,SD,AGL,WE,Federal Contract Tower,9,15,7,0,31,0,0,0,0,0,9,15,7,0,31,0,0,0,31
01/21/2008,RAP,SD,AGL,WE,Federal Contract Tower,11,23,23,0,57,0,3,0,0,3,11,26,23,0,60,0,0,0,60
01/22/2008,RAP,SD,AGL,WE,Federal Contract Tower,9,28,17,0,54,0,1,15,2,18,9,29,32,2,72,12,0,12,84
01/23/2008,RAP,SD,AGL,WE,Federal Contract Tower,11,30,22,0,63,0,1,14,0,15,11,31,36,0,78,4,0,4,82
01/24/2008,RAP,SD,AGL,WE,Federal Contract Tower,9,29,31,0,69,0,2,38,11,51,9,31,69,11,120,35,0,35,155
01/25/2008,RAP,SD,AGL,WE,Federal Contract Tower,10,28,21,2,61,1,1,26,4,32,11,29,47,6,93,16,4,20,113
01/26/2008,RAP,SD,AGL,WE,Federal Contract Tower,9,24,10,0,43,0,2,58,1,61,9,26,68,1,104,108,0,108,212
01/27/2008,RAP,SD,AGL,WE,Federal Contract Tower,9,23,1,0,33,0,0,15,0,15,9,23,16,0,48,12,0,12,60
01/28/2008,RAP,SD,AGL,WE,Federal Contract Tower,10,25,29,0,64,0,1,7,1,9,10,26,36,1,73,0,0,0,73
01/29/2008,RAP,SD,AGL,WE,Federal Contract Tower,9,30,19,0,58,0,2,15,0,17,9,32,34,0,75,28,0,28,103
01/30/2008,RAP,SD,AGL,WE,Federal Contract Tower,11,28,34,0,73,0,3,17,3,23,11,31,51,3,96,32,2,34,130
01/31/2008,RAP,SD,AGL,WE,Federal Contract Tower,9,34,30,3,76,0,0,34,21,55,9,34,64,24,131,36,18,54,185
02/01/2008,RAP,SD,AGL,WE,Federal Contract Tower,11,31,19,0,61,0,2,25,0,27,11,33,44,0,88,36,0,36,124
02/02/2008,RAP,SD,AGL,WE,Federal Contract Tower,8,25,17,2,52,0,0,33,0,33,8,25,50,2,85,50,0,50,135
02/03/2008,RAP,SD,AGL,WE,Federal Contract Tower,9,17,7,0,33,0,1,12,0,13,9,18,19,0,46,54,0,54,100
02/04/2008,RAP,SD,AGL,WE,Federal Contract Tower,11,30,10,1,52,0,0,0,0,0,11,30,10,1,52,0,0,0,52
02/05/2008,RAP,SD,AGL,WE,Federal Contract Tower,10,39,17,0,66,0,3,9,4,16,10,42,26,4,82,18,8,26,108
02/06/2008,RAP,SD,AGL,WE,Federal Contract Tower,11,36,16,0,63,0,3,11,7,21,11,39,27,7,84,4,0,4,88
02/07/2008,RAP,SD,AGL,WE,Federal Contract Tower,9,31,33,3,76,0,13,27,19,59,9,44,60,22,135,30,0,30,165
02/08/2008,RAP,SD,AGL,WE,Federal Contract Tower,10,34,23,5,72,0,3,29,11,43,10,37,52,16,115,28,10,38,153
02/09/2008,RAP,SD,AGL,WE,Federal Contract Tower,8,24,4,0,36,0,0,2,0,2,8,24,6,0,38,0,0,0,38
02/10/2008,RAP,SD,AGL,WE,Federal Contract Tower,9,16,5,0,30,0,1,11,8,20,9,17,16,8,50,4,4,8,58
02/11/2008,RAP,SD,AGL,WE,Federal Contract Tower,10,26,14,0,50,0,0,1,0,1,10,26,15,0,51,0,0,0,51
02/12/2008,RAP,SD,AGL,WE,Federal Contract Tower,9,30,30,0,69,0,1,17,0,18,9,31,47,0,87,14,0,14,101
02/13/2008,RAP,SD,AGL,WE,Federal Contract Tower,12,28,24,0,64,0,0,7,3,10,12,28,31,3,74,0,0,0,74
02/14/2008,RAP,SD,AGL,WE,Federal Contract Tower,11,34,24,0,69,0,1,8,4,13,11,35,32,4,82,0,0,0,82
02/15/2008,RAP,SD,AGL,WE,Federal Contract Tower,13,28,37,0,78,0,2,44,2,48,13,30,81,2,126,78,2,80,206
02/16/2008,RAP,SD,AGL,WE,Federal Contract Tower,12,27,4,0,43,0,0,27,0,27,12,27,31,0,70,30,0,30,100
02/17/2008,RAP,SD,AGL,WE,Federal Contract Tower,10,21,10,0,41,0,0,2,1,3,10,21,12,1,44,0,0,0,44
02/18/2008,RAP,SD,AGL,WE,Federal Contract Tower,14,29,11,0,54,0,0,3,0,3,14,29,14,0,57,0,0,0,57
02/19/2008,RAP,SD,AGL,WE,Federal Contract Tower,9,33,38,0,80,0,0,30,14,44,9,33,68,14,124,32,0,32,156
02/20/2008,RAP,SD,AGL,WE,Federal Contract Tower,12,25,26,4,67,0,0,1,0,1,12,25,27,4,68,0,0,0,68
02/21/2008,RAP,SD,AGL,WE,Federal Contract Tower,11,36,20,0,67,0,3,18,12,33,11,39,38,12,100,36,0,36,136
02/22/2008,RAP,SD,AGL,WE,Federal Contract Tower,13,35,38,0,86,0,0,54,17,71,13,35,92,17,157,68,4,72,229
02/23/2008,RAP,SD,AGL,WE,Federal Contract Tower,11,24,10,2,47,0,3,49,1,53,11,27,59,3,100,118,0,118,218
02/24/2008,RAP,SD,AGL,WE,Federal Contract Tower,14,16,9,0,39,0,2,28,0,30,14,18,37,0,69,32,0,32,101
02/25/2008,RAP,SD,AGL,WE,Federal Contract Tower,10,31,7,0,48,0,0,2,1,3,10,31,9,1,51,0,0,0,51
02/26/2008,RAP,SD,AGL,WE,Federal Contract Tower,11,27,15,11,64,0,0,44,8,52,11,27,59,19,116,64,0,64,180
02/27/2008,RAP,SD,AGL,WE,Federal Contract Tower,13,32,31,2,78,0,1,44,0,45,13,33,75,2,123,54,0,54,177
02/28/2008,RAP,SD,AGL,WE,Federal Contract Tower,10,32,18,1,61,0,1,29,9,39,10,33,47,10,100,46,10,56,156
02/29/2008,RAP,SD,AGL,WE,Federal Contract Tower,10,29,13,0,52,0,0,34,17,51,10,29,47,17,103,76,26,102,205
03/01/2008,RAP,SD,AGL,WE,Federal Contract Tower,10,26,2,2,40,0,0,54,13,67,10,26,56,15,107,60,8,68,175
03/02/2008,RAP,SD,AGL,WE,Federal Contract Tower,13,15,12,0,40,0,2,5,0,7,13,17,17,0,47,0,0,0,47
03/03/2008,RAP,SD,AGL,WE,Federal Contract Tower,13,28,8,0,49,0,0,47,3,50,13,28,55,3,99,72,0,72,171
03/04/2008,RAP,SD,AGL,WE,Federal Contract Tower,10,31,23,0,64,0,0,7,4,11,10,31,30,4,75,16,4,20,95
03/05/2008,RAP,SD,AGL,WE,Federal Contract Tower,15,32,11,0,58,0,2,14,5,21,15,34,25,5,79,34,0,34,113
03/06/2008,RAP,SD,AGL,WE,Federal Contract Tower,11,26,19,0,56,0,0,0,0,0,11,26,19,0,56,0,0,0,56
03/07/2008,RAP,SD,AGL,WE,Federal Contract Tower,12,31,23,0,66,0,6,26,5,37,12,37,49,5,103,66,2,68,171
03/08/2008,RAP,SD,AGL,WE,Federal Contract Tower,11,18,7,0,36,0,1,18,3,22,11,19,25,3,58,52,2,54,112
03/09/2008,RAP,SD,AGL,WE,Federal Contract Tower,11,17,15,0,43,0,3,31,0,34,11,20,46,0,77,8,0,8,85
03/10/2008,RAP,SD,AGL,WE,Federal Contract Tower,13,21,11,4,49,0,2,40,2,44,13,23,51,6,93,32,0,32,125
03/11/2008,RAP,SD,AGL,WE,Federal Contract Tower,11,31,21,1,64,0,2,30,1,33,11,33,51,2,97,52,0,52,149
03/12/2008,RAP,SD,AGL,WE,Federal Contract Tower,13,28,20,2,63,0,3,12,0,15,13,31,32,2,78,18,0,18,96
03/13/2008,RAP,SD,AGL,WE,Federal Contract Tower,10,27,22,8,67,0,4,27,0,31,10,31,49,8,98,40,16,56,154
03/14/2008,RAP,SD,AGL,WE,Federal Contract Tower,12,34,22,2,70,0,0,26,2,28,12,34,48,4,98,78,0,78,176
03/15/2008,RAP,SD,AGL,WE,Federal Contract Tower,10,25,13,2,50,0,2,23,1,26,10,27,36,3,76,22,0,22,98
03/16/2008,RAP,SD,AGL,WE,Federal Contract Tower,12,12,7,0,31,0,0,0,0,0,12,12,7,0,31,0,0,0,31
03/17/2008,RAP,SD,AGL,WE,Federal Contract Tower,12,36,23,0,71,4,2,23,4,33,16,38,46,4,104,36,2,38,142
03/18/2008,RAP,SD,AGL,WE,Federal Contract Tower,10,28,25,0,63,0,1,22,17,40,10,29,47,17,103,30,12,42,145
03/19/2008,RAP,SD,AGL,WE,Federal Contract Tower,17,33,25,0,75,0,2,13,6,21,17,35,38,6,96,42,2,44,140
03/20/2008,RAP,SD,AGL,WE,Federal Contract Tower,11,28,22,2,63,0,3,20,8,31,11,31,42,10,94,26,0,26,120
03/21/2008,RAP,SD,AGL,WE,Federal Contract Tower,12,33,23,0,68,0,0,8,5,13,12,33,31,5,81,0,0,0,81
03/22/2008,RAP,SD,AGL,WE,Federal Contract Tower,11,26,7,0,44,0,1,12,2,15,11,27,19,2,59,8,0,8,67
03/23/2008,RAP,SD,AGL,WE,Federal Contract Tower,13,15,6,0,34,0,0,21,0,21,13,15,27,0,55,34,0,34,89
03/24/2008,RAP,SD,AGL,WE,Federal Contract Tower,12,23,13,4,52,0,3,27,0,30,12,26,40,4,82,26,0,26,108
03/25/2008,RAP,SD,AGL,WE,Federal Contract Tower,12,28,26,0,66,0,1,29,2,32,12,29,55,2,98,44,0,44,142
03/26/2008,RAP,SD,AGL,WE,Federal Contract Tower,15,29,23,0,67,0,0,23,2,25,15,29,46,2,92,24,0,24,116
03/27/2008,RAP,SD,AGL,WE,Federal Contract Tower,10,23,23,0,56,0,0,1,4,5,10,23,24,4,61,0,0,0,61
03/28/2008,RAP,SD,AGL,WE,Federal Contract Tower,12,32,14,0,58,0,4,57,0,61,12,36,71,0,119,74,0,74,193
03/29/2008,RAP,SD,AGL,WE,Federal Contract Tower,10,26,13,0,49,0,4,7,3,14,10,30,20,3,63,0,0,0,63
03/30/2008,RAP,SD,AGL,WE,Federal Contract Tower,8,20,13,0,41,0,0,11,0,11,8,20,24,0,52,8,0,8,60
03/31/2008,RAP,SD,AGL,WE,Federal Contract Tower,12,27,9,2,50,0,0,0,0,0,12,27,9,2,50,0,0,0,50
04/01/2008,RAP,SD,AGL,WE,Federal Contract Tower,8,35,27,0,70,0,3,10,1,14,8,38,37,1,84,32,0,32,116
04/02/2008,RAP,SD,AGL,WE,Federal Contract Tower,13,37,16,5,71,0,4,23,1,28,13,41,39,6,99,24,22,46,145
04/03/2008,RAP,SD,AGL,WE,Federal Contract Tower,11,41,31,0,83,0,1,42,7,50,11,42,73,7,133,24,0,24,157
04/04/2008,RAP,SD,AGL,WE,Federal Contract Tower,10,34,17,0,61,0,2,60,10,72,10,36,77,10,133,42,0,42,175
04/05/2008,RAP,SD,AGL,WE,Federal Contract Tower,11,21,7,0,39,0,2,26,13,41,11,23,33,13,80,80,6,86,166
04/06/2008,RAP,SD,AGL,WE,Federal Contract Tower,9,24,7,0,40,0,2,7,2,11,9,26,14,2,51,0,0,0,51
04/07/2008,RAP,SD,AGL,WE,Federal Contract Tower,4,30,11,0,45,0,1,24,0,25,4,31,35,0,70,6,0,6,76
04/08/2008,RAP,SD,AGL,WE,Federal Contract Tower,14,30,15,2,61,0,3,3,0,6,14,33,18,2,67,10,0,10,77
04/09/2008,RAP,SD,AGL,WE,Federal Contract Tower,10,36,23,0,69,0,0,0,0,0,10,36,23,0,69,0,0,0,69
04/10/2008,RAP,SD,AGL,WE,Federal Contract Tower,8,30,8,0,46,0,0,2,0,2,8,30,10,0,48,0,0,0,48
04/11/2008,RAP,SD,AGL,WE,Federal Contract Tower,10,30,4,2,46,0,0,0,0,0,10,30,4,2,46,0,0,0,46
04/12/2008,RAP,SD,AGL,WE,Federal Contract Tower,11,22,13,2,48,0,0,13,1,14,11,22,26,3,62,0,0,0,62
04/13/2008,RAP,SD,AGL,WE,Federal Contract Tower,9,21,15,0,45,0,0,64,0,64,9,21,79,0,109,116,0,116,225
04/14/2008,RAP,SD,AGL,WE,Federal Contract Tower,11,34,15,0,60,0,4,46,0,50,11,38,61,0,110,22,0,22,132
04/15/2008,RAP,SD,AGL,WE,Federal Contract Tower,10,29,21,0,60,0,1,20,3,24,10,30,41,3,84,0,0,0,84
04/16/2008,RAP,SD,AGL,WE,Federal Contract Tower,11,36,42,2,91,0,1,14,1,16,11,37,56,3,107,0,0,0,107
04/17/2008,RAP,SD,AGL,WE,Federal Contract Tower,9,36,22,0,67,0,0,41,11,52,9,36,63,11,119,36,2,38,157
04/18/2008,RAP,SD,AGL,WE,Federal Contract Tower,11,34,16,2,63,0,0,53,5,58,11,34,69,7,121,42,0,42,163
04/19/2008,RAP,SD,AGL,WE,Federal Contract Tower,11,24,11,1,47,0,0,46,0,46,11,24,57,1,93,82,0,82,175
04/20/2008,RAP,SD,AGL,WE,Federal Contract Tower,8,21,12,0,41,0,3,21,0,24,8,24,33,0,65,24,0,24,89
04/21/2008,RAP,SD,AGL,WE,Federal Contract Tower,14,31,22,1,68,0,1,27,4,32,14,32,49,5,100,12,8,20,120
04/22/2008,RAP,SD,AGL,WE,Federal Contract Tower,9,33,39,0,81,0,2,46,8,56,9,35,85,8,137,28,0,28,165
04/23/2008,RAP,SD,AGL,WE,Federal Contract Tower,11,34,19,0,64,0,3,23,5,31,11,37,42,5,95,54,0,54,149
04/24/2008,RAP,SD,AGL,WE,Federal Contract Tower,11,39,29,0,79,0,1,9,2,12,11,40,38,2,91,0,0,0,91
04/25/2008,RAP,SD,AGL,WE,Federal Contract Tower,12,36,18,0,66,0,0,26,2,28,12,36,44,2,94,22,0,22,116
04/26/2008,RAP,SD,AGL,WE,Federal Contract Tower,11,28,5,1,45,0,1,3,0,4,11,29,8,1,49,0,4,4,53
04/27/2008,RAP,SD,AGL,WE,Federal Contract Tower,9,26,18,1,54,0,0,31,3,34,9,26,49,4,88,42,0,42,130
04/28/2008,RAP,SD,AGL,WE,Federal Contract Tower,14,26,24,2,66,0,2,54,0,56,14,28,78,2,122,54,0,54,176
04/29/2008,RAP,SD,AGL,WE,Federal Contract Tower,10,29,27,2,68,0,2,46,2,50,10,31,73,4,118,40,0,40,158
04/30/2008,RAP,SD,AGL,WE,Federal Contract Tower,13,33,20,2,68,0,0,22,2,24,13,33,42,4,92,4,0,4,96
05/01/2008,RAP,SD,AGL,WE,Federal Contract Tower,12,30,7,2,51,0,0,0,0,0,12,30,7,2,51,0,0,0,51
05/02/2008,RAP,SD,AGL,WE,Federal Contract Tower,0,0,0,0,0,0,0,0,0,0,0,0,0,0,0,0,0,0,0
05/03/2008,RAP,SD,AGL,WE,Federal Contract Tower,13,30,17,3,63,0,1,29,3,33,13,31,46,6,96,48,0,48,144
05/04/2008,RAP,SD,AGL,WE,Federal Contract Tower,8,30,16,0,54,0,2,51,8,61,8,32,67,8,115,76,0,76,191
05/05/2008,RAP,SD,AGL,WE,Federal Contract Tower,13,30,21,0,64,0,2,42,1,45,13,32,63,1,109,12,0,12,121
05/06/2008,RAP,SD,AGL,WE,Federal Contract Tower,9,32,17,2,60,0,0,27,0,27,9,32,44,2,87,16,0,16,103
05/07/2008,RAP,SD,AGL,WE,Federal Contract Tower,13,40,20,0,73,0,0,31,4,35,13,40,51,4,108,32,14,46,154
05/08/2008,RAP,SD,AGL,WE,Federal Contract Tower,10,34,24,1,69,0,0,1,1,2,10,34,25,2,71,0,18,18,89
05/09/2008,RAP,SD,AGL,WE,Federal Contract Tower,13,36,18,0,67,0,0,16,5,21,13,36,34,5,88,26,0,26,114
05/10/2008,RAP,SD,AGL,WE,Federal Contract Tower,12,27,17,0,56,0,0,0,0,0,12,27,17,0,56,0,0,0,56
05/11/2008,RAP,SD,AGL,WE,Federal Contract Tower,8,21,8,0,37,0,4,38,0,42,8,25,46,0,79,6,0,6,85
05/12/2008,RAP,SD,AGL,WE,Federal Contract Tower,13,30,22,0,65,0,1,15,0,16,13,31,37,0,81,34,0,34,115
05/13/2008,RAP,SD,AGL,WE,Federal Contract Tower,11,32,21,0,64,0,1,19,2,22,11,33,40,2,86,12,0,12,98
05/14/2008,RAP,SD,AGL,WE,Federal Contract Tower,13,33,15,0,61,0,1,23,4,28,13,34,38,4,89,18,0,18,107
05/15/2008,RAP,SD,AGL,WE,Federal Contract Tower,13,37,26,2,78,0,2,32,7,41,13,39,58,9,119,38,0,38,157
05/16/2008,RAP,SD,AGL,WE,Federal Contract Tower,13,21,29,1,64,0,11,29,9,49,13,32,58,10,113,6,0,6,119
05/17/2008,RAP,SD,AGL,WE,Federal Contract Tower,13,23,11,2,49,0,3,21,5,29,13,26,32,7,78,8,0,8,86
05/18/2008,RAP,SD,AGL,WE,Federal Contract Tower,8,26,31,0,65,0,1,43,4,48,8,27,74,4,113,24,0,24,137
05/19/2008,RAP,SD,AGL,WE,Federal Contract Tower,13,31,26,2,72,0,4,22,0,26,13,35,48,2,98,26,0,26,124
05/20/2008,RAP,SD,AGL,WE,Federal Contract Tower,9,33,24,0,66,0,0,43,1,44,9,33,67,1,110,46,0,46,156
05/21/2008,RAP,SD,AGL,WE,Federal Contract Tower,13,37,18,0,68,0,3,23,2,28,13,40,41,2,96,16,0,16,112
05/22/2008,RAP,SD,AGL,WE,Federal Contract Tower,9,38,14,2,63,0,0,2,0,2,9,38,16,2,65,0,0,0,65
05/23/2008,RAP,SD,AGL,WE,Federal Contract Tower,8,31,23,0,62,0,0,0,0,0,8,31,23,0,62,0,0,0,62
05/24/2008,RAP,SD,AGL,WE,Federal Contract Tower,15,27,10,0,52,0,1,22,2,25,15,28,32,2,77,0,0,0,77
05/25/2008,RAP,SD,AGL,WE,Federal Contract Tower,8,23,9,0,40,0,1,45,0,46,8,24,54,0,86,18,0,18,104
05/26/2008,RAP,SD,AGL,WE,Federal Contract Tower,13,26,16,0,55,0,0,4,0,4,13,26,20,0,59,0,0,0,59
05/27/2008,RAP,SD,AGL,WE,Federal Contract Tower,9,31,18,0,58,0,0,1,0,1,9,31,19,0,59,0,0,0,59
05/28/2008,RAP,SD,AGL,WE,Federal Contract Tower,18,34,40,0,92,0,0,19,6,25,18,34,59,6,117,18,0,18,135
05/29/2008,RAP,SD,AGL,WE,Federal Contract Tower,11,39,30,4,84,0,0,6,12,18,11,39,36,16,102,0,6,6,108
05/30/2008,RAP,SD,AGL,WE,Federal Contract Tower,14,36,21,4,75,0,2,31,6,39,14,38,52,10,114,24,2,26,140
05/31/2008,RAP,SD,AGL,WE,Federal Contract Tower,14,33,15,0,62,0,3,30,0,33,14,36,45,0,95,80,0,80,175
06/01/2008,RAP,SD,AGL,WE,Federal Contract Tower,11,21,7,0,39,0,2,23,1,26,11,23,30,1,65,56,0,56,121
06/02/2008,RAP,SD,AGL,WE,Federal Contract Tower,16,34,13,0,63,0,0,18,0,18,16,34,31,0,81,14,0,14,95
06/03/2008,RAP,SD,AGL,WE,Federal Contract Tower,10,38,21,3,72,0,2,30,5,37,10,40,51,8,109,26,0,26,135
06/04/2008,RAP,SD,AGL,WE,Federal Contract Tower,14,34,20,0,68,0,0,5,8,13,14,34,25,8,81,4,0,4,85
06/05/2008,RAP,SD,AGL,WE,Federal Contract Tower,15,26,11,0,52,0,0,1,1,2,15,26,12,1,54,0,0,0,54
06/06/2008,RAP,SD,AGL,WE,Federal Contract Tower,17,31,16,2,66,0,1,26,7,34,17,32,42,9,100,16,0,16,116
06/07/2008,RAP,SD,AGL,WE,Federal Contract Tower,17,37,15,4,73,0,1,29,4,34,17,38,44,8,107,36,0,36,143
06/08/2008,RAP,SD,AGL,WE,Federal Contract Tower,17,25,11,2,55,0,0,40,3,43,17,25,51,5,98,48,0,48,146
06/09/2008,RAP,SD,AGL,WE,Federal Contract Tower,16,25,28,1,70,0,2,27,12,41,16,27,55,13,111,14,0,14,125
06/10/2008,RAP,SD,AGL,WE,Federal Contract Tower,15,31,26,6,78,0,0,22,16,38,15,31,48,22,116,0,0,0,116
06/11/2008,RAP,SD,AGL,WE,Federal Contract Tower,17,36,43,3,99,0,4,16,16,36,17,40,59,19,135,30,0,30,165
06/12/2008,RAP,SD,AGL,WE,Federal Contract Tower,15,32,25,0,72,0,0,31,12,43,15,32,56,12,115,36,4,40,155
06/13/2008,RAP,SD,AGL,WE,Federal Contract Tower,18,32,18,2,70,0,2,34,12,48,18,34,52,14,118,28,4,32,150
06/14/2008,RAP,SD,AGL,WE,Federal Contract Tower,17,24,19,0,60,0,1,69,6,76,17,25,88,6,136,50,0,50,186
06/15/2008,RAP,SD,AGL,WE,Federal Contract Tower,18,16,20,0,54,0,0,35,2,37,18,16,55,2,91,32,0,32,123
06/16/2008,RAP,SD,AGL,WE,Federal Contract Tower,16,27,26,0,69,0,1,18,5,24,16,28,44,5,93,6,0,6,99
06/17/2008,RAP,SD,AGL,WE,Federal Contract Tower,14,32,20,0,66,0,3,57,9,69,14,35,77,9,135,40,10,50,185
06/18/2008,RAP,SD,AGL,WE,Federal Contract Tower,17,31,17,0,65,0,3,23,7,33,17,34,40,7,98,22,0,22,120
06/19/2008,RAP,SD,AGL,WE,Federal Contract Tower,18,35,24,3,80,0,1,20,17,38,18,36,44,20,118,6,4,10,128
06/20/2008,RAP,SD,AGL,WE,Federal Contract Tower,21,41,19,1,82,0,0,63,6,69,21,41,82,7,151,14,0,14,165
06/21/2008,RAP,SD,AGL,WE,Federal Contract Tower,17,27,15,1,60,0,5,48,0,53,17,32,63,1,113,40,0,40,153
06/22/2008,RAP,SD,AGL,WE,Federal Contract Tower,18,19,24,3,64,0,1,34,1,36,18,20,58,4,100,40,2,42,142
06/23/2008,RAP,SD,AGL,WE,Federal Contract Tower,17,30,28,1,76,0,0,23,0,23,17,30,51,1,99,10,0,10,109
06/24/2008,RAP,SD,AGL,WE,Federal Contract Tower,15,35,38,5,93,0,0,43,4,47,15,35,81,9,140,34,6,40,180
06/25/2008,RAP,SD,AGL,WE,Federal Contract Tower,17,31,22,1,71,0,4,30,5,39,17,35,52,6,110,6,0,6,116
06/26/2008,RAP,SD,AGL,WE,Federal Contract Tower,15,35,44,0,94,0,3,30,22,55,15,38,74,22,149,44,4,48,197
06/27/2008,RAP,SD,AGL,WE,Federal Contract Tower,16,32,23,1,72,0,2,37,8,47,16,34,60,9,119,20,0,20,139
06/28/2008,RAP,SD,AGL,WE,Federal Contract Tower,17,22,11,0,50,0,5,17,2,24,17,27,28,2,74,6,0,6,80
06/29/2008,RAP,SD,AGL,WE,Federal Contract Tower,18,26,15,0,59,0,0,13,0,13,18,26,28,0,72,44,0,44,116
06/30/2008,RAP,SD,AGL,WE,Federal Contract Tower,17,30,33,0,80,0,3,51,0,54,17,33,84,0,134,30,0,30,164
07/01/2008,RAP,SD,AGL,WE,Federal Contract Tower,15,29,38,0,82,0,1,58,2,61,15,30,96,2,143,42,0,42,185
07/02/2008,RAP,SD,AGL,WE,Federal Contract Tower,17,32,24,0,73,0,0,21,0,21,17,32,45,0,94,6,0,6,100
07/03/2008,RAP,SD,AGL,WE,Federal Contract Tower,14,23,19,0,56,0,1,25,6,32,14,24,44,6,88,16,0,16,104
07/04/2008,RAP,SD,AGL,WE,Federal Contract Tower,13,21,6,0,40,0,3,34,0,37,13,24,40,0,77,22,0,22,99
07/05/2008,RAP,SD,AGL,WE,Federal Contract Tower,18,26,9,0,53,0,3,25,0,28,18,29,34,0,81,16,0,16,97
07/06/2008,RAP,SD,AGL,WE,Federal Contract Tower,17,17,15,0,49,0,2,25,0,27,17,19,40,0,76,0,0,0,76
07/07/2008,RAP,SD,AGL,WE,Federal Contract Tower,18,26,14,1,59,0,2,29,0,31,18,28,43,1,90,16,0,16,106
07/08/2008,RAP,SD,AGL,WE,Federal Contract Tower,15,33,25,0,73,0,1,40,2,43,15,34,65,2,116,6,0,6,122
07/09/2008,RAP,SD,AGL,WE,Federal Contract Tower,17,34,34,0,85,0,5,45,6,56,17,39,79,6,141,20,0,20,161
07/10/2008,RAP,SD,AGL,WE,Federal Contract Tower,15,28,34,0,77,0,1,30,10,41,15,29,64,10,118,6,2,8,126
07/11/2008,RAP,SD,AGL,WE,Federal Contract Tower,17,32,34,1,84,0,0,21,1,22,17,32,55,2,106,0,0,0,106
07/12/2008,RAP,SD,AGL,WE,Federal Contract Tower,17,24,14,0,55,0,1,33,7,41,17,25,47,7,96,16,0,16,112
07/13/2008,RAP,SD,AGL,WE,Federal Contract Tower,18,19,18,0,55,0,0,51,0,51,18,19,69,0,106,10,0,10,116
07/14/2008,RAP,SD,AGL,WE,Federal Contract Tower,15,31,16,0,62,0,3,48,1,52,15,34,64,1,114,58,0,58,172
07/15/2008,RAP,SD,AGL,WE,Federal Contract Tower,14,28,40,0,82,0,4,31,2,37,14,32,71,2,119,40,0,40,159
07/16/2008,RAP,SD,AGL,WE,Federal Contract Tower,18,31,24,1,74,0,1,26,3,30,18,32,50,4,104,52,0,52,156
07/17/2008,RAP,SD,AGL,WE,Federal Contract Tower,14,35,24,0,73,0,5,24,9,38,14,40,48,9,111,10,0,10,121
07/18/2008,RAP,SD,AGL,WE,Federal Contract Tower,17,28,15,1,61,0,0,15,2,17,17,28,30,3,78,6,0,6,84
07/19/2008,RAP,SD,AGL,WE,Federal Contract Tower,19,25,13,4,61,0,1,41,0,42,19,26,54,4,103,14,0,14,117
07/20/2008,RAP,SD,AGL,WE,Federal Contract Tower,17,21,27,2,67,0,1,35,4,40,17,22,62,6,107,0,0,0,107
07/21/2008,RAP,SD,AGL,WE,Federal Contract Tower,15,30,22,0,67,0,0,27,6,33,15,30,49,6,100,0,0,0,100
07/22/2008,RAP,SD,AGL,WE,Federal Contract Tower,15,36,36,0,87,0,5,24,6,35,15,41,60,6,122,8,0,8,130
07/23/2008,RAP,SD,AGL,WE,Federal Contract Tower,16,32,22,0,70,0,0,31,8,39,16,32,53,8,109,20,6,26,135
07/24/2008,RAP,SD,AGL,WE,Federal Contract Tower,15,35,29,0,79,0,1,24,10,35,15,36,53,10,114,6,0,6,120
07/25/2008,RAP,SD,AGL,WE,Federal Contract Tower,19,28,28,0,75,0,3,41,4,48,19,31,69,4,123,52,0,52,175
07/26/2008,RAP,SD,AGL,WE,Federal Contract Tower,18,29,13,0,60,0,1,50,7,58,18,30,63,7,118,22,0,22,140
07/27/2008,RAP,SD,AGL,WE,Federal Contract Tower,18,24,15,0,57,0,6,33,4,43,18,30,48,4,100,32,0,32,132
07/28/2008,RAP,SD,AGL,WE,Federal Contract Tower,17,38,28,0,83,0,5,30,2,37,17,43,58,2,120,44,0,44,164
07/29/2008,RAP,SD,AGL,WE,Federal Contract Tower,15,34,22,2,73,0,1,41,5,47,15,35,63,7,120,10,0,10,130
07/30/2008,RAP,SD,AGL,WE,Federal Contract Tower,17,36,42,0,95,0,1,31,6,38,17,37,73,6,133,0,0,0,133
07/31/2008,RAP,SD,AGL,WE,Federal Contract Tower,15,32,39,0,86,0,1,50,2,53,15,33,89,2,139,12,0,12,151
08/01/2008,RAP,SD,AGL,WE,Federal Contract Tower,16,28,33,0,77,0,2,47,6,55,16,30,80,6,132,14,0,14,146
08/02/2008,RAP,SD,AGL,WE,Federal Contract Tower,17,30,34,0,81,0,3,60,0,63,17,33,94,0,144,12,0,12,156
08/03/2008,RAP,SD,AGL,WE,Federal Contract Tower,19,24,28,0,71,0,6,57,11,74,19,30,85,11,145,0,0,0,145
08/04/2008,RAP,SD,AGL,WE,Federal Contract Tower,18,28,44,1,91,0,4,30,8,42,18,32,74,9,133,8,0,8,141
08/05/2008,RAP,SD,AGL,WE,Federal Contract Tower,15,32,35,0,82,0,1,34,14,49,15,33,69,14,131,0,0,0,131
08/06/2008,RAP,SD,AGL,WE,Federal Contract Tower,16,26,38,3,83,0,3,34,9,46,16,29,72,12,129,36,0,36,165
08/07/2008,RAP,SD,AGL,WE,Federal Contract Tower,15,37,31,4,87,0,5,42,18,65,15,42,73,22,152,10,0,10,162
08/08/2008,RAP,SD,AGL,WE,Federal Contract Tower,19,43,18,1,81,0,0,0,0,0,19,43,18,1,81,0,0,0,81
08/09/2008,RAP,SD,AGL,WE,Federal Contract Tower,21,26,33,0,80,0,2,37,3,42,21,28,70,3,122,32,0,32,154
08/10/2008,RAP,SD,AGL,WE,Federal Contract Tower,20,21,18,2,61,0,2,34,0,36,20,23,52,2,97,0,0,0,97
08/11/2008,RAP,SD,AGL,WE,Federal Contract Tower,19,34,23,1,77,0,2,24,4,30,19,36,47,5,107,4,0,4,111
08/12/2008,RAP,SD,AGL,WE,Federal Contract Tower,15,29,25,2,71,0,6,35,10,51,15,35,60,12,122,20,0,20,142
08/13/2008,RAP,SD,AGL,WE,Federal Contract Tower,17,37,27,1,82,0,1,38,8,47,17,38,65,9,129,84,4,88,217
08/14/2008,RAP,SD,AGL,WE,Federal Contract Tower,15,33,38,0,86,0,0,15,12,27,15,33,53,12,113,8,0,8,121
08/15/2008,RAP,SD,AGL,WE,Federal Contract Tower,17,49,28,3,97,0,1,26,3,30,17,50,54,6,127,6,0,6,133
08/16/2008,RAP,SD,AGL,WE,Federal Contract Tower,19,28,18,1,66,0,5,38,0,43,19,33,56,1,109,34,0,34,143
08/17/2008,RAP,SD,AGL,WE,Federal Contract Tower,16,19,20,0,55,0,0,22,0,22,16,19,42,0,77,6,4,10,87
08/18/2008,RAP,SD,AGL,WE,Federal Contract Tower,17,34,32,3,86,0,1,42,0,43,17,35,74,3,129,68,0,68,197
08/19/2008,RAP,SD,AGL,WE,Federal Contract Tower,16,35,26,1,78,0,0,57,4,61,16,35,83,5,139,32,2,34,173
08/20/2008,RAP,SD,AGL,WE,Federal Contract Tower,18,31,26,0,75,0,5,27,2,34,18,36,53,2,109,6,0,6,115
08/21/2008,RAP,SD,AGL,WE,Federal Contract Tower,16,31,25,0,72,0,1,25,8,34,16,32,50,8,106,12,0,12,118
08/22/2008,RAP,SD,AGL,WE,Federal Contract Tower,17,27,38,2,84,0,0,32,2,34,17,27,70,4,118,10,0,10,128
08/23/2008,RAP,SD,AGL,WE,Federal Contract Tower,18,17,15,0,50,0,1,45,2,48,18,18,60,2,98,20,0,20,118
08/24/2008,RAP,SD,AGL,WE,Federal Contract Tower,16,25,17,0,58,0,0,25,8,33,16,25,42,8,91,0,0,0,91
08/25/2008,RAP,SD,AGL,WE,Federal Contract Tower,17,28,31,1,77,0,0,30,2,32,17,28,61,3,109,8,0,8,117
08/26/2008,RAP,SD,AGL,WE,Federal Contract Tower,15,25,20,0,60,0,1,20,1,22,15,26,40,1,82,24,0,24,106
08/27/2008,RAP,SD,AGL,WE,Federal Contract Tower,16,24,25,0,65,0,1,29,10,40,16,25,54,10,105,20,0,20,125
08/28/2008,RAP,SD,AGL,WE,Federal Contract Tower,15,31,18,0,64,0,1,34,10,45,15,32,52,10,109,8,0,8,117
08/29/2008,RAP,SD,AGL,WE,Federal Contract Tower,17,32,26,2,77,0,0,43,8,51,17,32,69,10,128,14,0,14,142
08/30/2008,RAP,SD,AGL,WE,Federal Contract Tower,16,20,17,0,53,0,4,25,1,30,16,24,42,1,83,8,0,8,91
08/31/2008,RAP,SD,AGL,WE,Federal Contract Tower,16,11,15,2,44,0,0,18,0,18,16,11,33,2,62,2,0,2,64
09/01/2008,RAP,SD,AGL,WE,Federal Contract Tower,13,21,23,2,59,0,1,16,0,17,13,22,39,2,76,14,0,14,90
09/02/2008,RAP,SD,AGL,WE,Federal Contract Tower,14,26,22,1,63,0,1,24,1,26,14,27,46,2,89,0,0,0,89
09/03/2008,RAP,SD,AGL,WE,Federal Contract Tower,15,30,26,0,71,0,0,18,4,22,15,30,44,4,93,10,8,18,111
09/04/2008,RAP,SD,AGL,WE,Federal Contract Tower,13,28,45,1,87,0,1,21,10,32,13,29,66,11,119,16,2,18,137
09/05/2008,RAP,SD,AGL,WE,Federal Contract Tower,16,30,25,3,74,0,1,18,8,27,16,31,43,11,101,12,0,12,113
09/06/2008,RAP,SD,AGL,WE,Federal Contract Tower,17,20,31,0,68,0,0,22,9,31,17,20,53,9,99,30,0,30,129
09/07/2008,RAP,SD,AGL,WE,Federal Contract Tower,11,23,15,0,49,0,0,12,1,13,11,23,27,1,62,28,0,28,90
09/08/2008,RAP,SD,AGL,WE,Federal Contract Tower,14,31,22,1,68,0,3,25,2,30,14,34,47,3,98,6,0,6,104
09/09/2008,RAP,SD,AGL,WE,Federal Contract Tower,13,29,26,1,69,0,0,24,2,26,13,29,50,3,95,12,0,12,107
09/10/2008,RAP,SD,AGL,WE,Federal Contract Tower,15,28,21,0,64,0,0,11,0,11,15,28,32,0,75,8,0,8,83
09/11/2008,RAP,SD,AGL,WE,Federal Contract Tower,12,33,20,6,71,0,3,21,7,31,12,36,41,13,102,14,0,14,116
09/12/2008,RAP,SD,AGL,WE,Federal Contract Tower,16,35,34,2,87,0,1,16,2,19,16,36,50,4,106,14,0,14,120
09/13/2008,RAP,SD,AGL,WE,Federal Contract Tower,18,18,16,0,52,0,0,22,4,26,18,18,38,4,78,8,0,8,86
09/14/2008,RAP,SD,AGL,WE,Federal Contract Tower,13,23,20,0,56,0,3,24,8,35,13,26,44,8,91,22,0,22,113
09/15/2008,RAP,SD,AGL,WE,Federal Contract Tower,15,33,27,2,77,0,2,32,2,36,15,35,59,4,113,20,0,20,133
09/16/2008,RAP,SD,AGL,WE,Federal Contract Tower,13,26,25,1,65,0,1,39,5,45,13,27,64,6,110,32,0,32,142
09/17/2008,RAP,SD,AGL,WE,Federal Contract Tower,16,31,15,4,66,0,2,43,2,47,16,33,58,6,113,24,2,26,139
09/18/2008,RAP,SD,AGL,WE,Federal Contract Tower,12,28,16,1,57,0,2,30,9,41,12,30,46,10,98,6,8,14,112
09/19/2008,RAP,SD,AGL,WE,Federal Contract Tower,14,33,38,1,86,0,5,35,9,49,14,38,73,10,135,10,0,10,145
09/20/2008,RAP,SD,AGL,WE,Federal Contract Tower,17,19,21,0,57,0,1,50,2,53,17,20,71,2,110,32,0,32,142
09/21/2008,RAP,SD,AGL,WE,Federal Contract Tower,10,22,24,1,57,0,0,18,1,19,10,22,42,2,76,0,0,0,76
09/22/2008,RAP,SD,AGL,WE,Federal Contract Tower,15,21,23,0,59,0,0,29,2,31,15,21,52,2,90,0,0,0,90
09/23/2008,RAP,SD,AGL,WE,Federal Contract Tower,13,26,29,0,68,0,3,20,4,27,13,29,49,4,95,8,0,8,103
09/24/2008,RAP,SD,AGL,WE,Federal Contract Tower,20,31,28,1,80,0,0,39,3,42,20,31,67,4,122,22,0,22,144
09/25/2008,RAP,SD,AGL,WE,Federal Contract Tower,15,39,29,0,83,4,39,10,0,53,19,78,39,0,136,28,0,28,164
09/26/2008,RAP,SD,AGL,WE,Federal Contract Tower,15,36,25,3,79,0,3,32,0,35,15,39,57,3,114,4,0,4,118
09/27/2008,RAP,SD,AGL,WE,Federal Contract Tower,22,23,13,0,58,0,6,26,11,43,22,29,39,11,101,0,0,0,101
09/28/2008,RAP,SD,AGL,WE,Federal Contract Tower,11,22,18,3,54,0,0,26,0,26,11,22,44,3,80,0,0,0,80
09/29/2008,RAP,SD,AGL,WE,Federal Contract Tower,13,24,16,0,53,0,1,25,0,26,13,25,41,0,79,8,0,8,87
09/30/2008,RAP,SD,AGL,WE,Federal Contract Tower,14,29,19,1,63,0,2,33,0,35,14,31,52,1,98,4,0,4,102
10/01/2008,RAP,SD,AGL,WE,Federal Contract Tower,14,31,22,1,68,0,2,20,1,23,14,33,42,2,91,12,0,12,103
10/02/2008,RAP,SD,AGL,WE,Federal Contract Tower,14,35,27,1,77,0,4,47,13,64,14,39,74,14,141,56,0,56,197
10/03/2008,RAP,SD,AGL,WE,Federal Contract Tower,16,34,26,4,80,0,1,41,0,42,16,35,67,4,122,16,0,16,138
10/04/2008,RAP,SD,AGL,WE,Federal Contract Tower,18,22,11,6,57,0,5,23,17,45,18,27,34,23,102,12,0,12,114
10/05/2008,RAP,SD,AGL,WE,Federal Contract Tower,11,19,19,3,52,0,1,11,0,12,11,20,30,3,64,0,0,0,64
10/06/2008,RAP,SD,AGL,WE,Federal Contract Tower,13,27,17,2,59,0,2,10,0,12,13,29,27,2,71,20,4,24,95
10/07/2008,RAP,SD,AGL,WE,Federal Contract Tower,15,21,32,2,70,0,1,47,1,49,15,22,79,3,119,0,14,14,133
10/08/2008,RAP,SD,AGL,WE,Federal Contract Tower,17,37,27,4,85,0,2,15,11,28,17,39,42,15,113,0,0,0,113
10/09/2008,RAP,SD,AGL,WE,Federal Contract Tower,15,30,21,4,70,0,1,9,17,27,15,31,30,21,97,6,0,6,103
10/10/2008,RAP,SD,AGL,WE,Federal Contract Tower,17,32,13,0,62,0,0,0,0,0,17,32,13,0,62,0,0,0,62
10/11/2008,RAP,SD,AGL,WE,Federal Contract Tower,19,22,4,0,45,0,0,0,0,0,19,22,4,0,45,0,0,0,45
10/12/2008,RAP,SD,AGL,WE,Federal Contract Tower,11,22,15,2,50,0,0,10,0,10,11,22,25,2,60,14,0,14,74
10/13/2008,RAP,SD,AGL,WE,Federal Contract Tower,15,34,21,0,70,0,2,17,0,19,15,36,38,0,89,14,0,14,103
10/14/2008,RAP,SD,AGL,WE,Federal Contract Tower,14,28,18,2,62,0,1,20,0,21,14,29,38,2,83,0,0,0,83
10/15/2008,RAP,SD,AGL,WE,Federal Contract Tower,17,28,35,1,81,0,0,30,3,33,17,28,65,4,114,10,0,10,124
10/16/2008,RAP,SD,AGL,WE,Federal Contract Tower,15,28,26,3,72,0,0,26,13,39,15,28,52,16,111,30,0,30,141
10/17/2008,RAP,SD,AGL,WE,Federal Contract Tower,17,29,24,2,72,0,2,36,1,39,17,31,60,3,111,30,0,30,141
10/18/2008,RAP,SD,AGL,WE,Federal Contract Tower,17,23,6,0,46,0,2,26,0,28,17,25,32,0,74,2,0,2,76
10/19/2008,RAP,SD,AGL,WE,Federal Contract Tower,14,24,12,0,50,0,0,25,0,25,14,24,37,0,75,14,0,14,89
10/20/2008,RAP,SD,AGL,WE,Federal Contract Tower,17,28,21,0,66,0,5,17,0,22,17,33,38,0,88,0,0,0,88
10/21/2008,RAP,SD,AGL,WE,Federal Contract Tower,17,30,27,0,74,0,0,8,0,8,17,30,35,0,82,0,0,0,82
10/22/2008,RAP,SD,AGL,WE,Federal Contract Tower,17,30,16,0,63,0,3,3,8,14,17,33,19,8,77,0,0,0,77
10/23/2008,RAP,SD,AGL,WE,Federal Contract Tower,15,30,45,7,97,0,0,23,8,31,15,30,68,15,128,10,6,16,144
10/24/2008,RAP,SD,AGL,WE,Federal Contract Tower,17,31,26,2,76,0,1,41,11,53,17,32,67,13,129,14,8,22,151
10/25/2008,RAP,SD,AGL,WE,Federal Contract Tower,19,22,11,2,54,0,0,14,2,16,19,22,25,4,70,22,0,22,92
10/26/2008,RAP,SD,AGL,WE,Federal Contract Tower,11,23,10,0,44,0,0,7,0,7,11,23,17,0,51,0,0,0,51
10/27/2008,RAP,SD,AGL,WE,Federal Contract Tower,14,25,11,2,52,0,0,27,1,28,14,25,38,3,80,6,0,6,86
10/28/2008,RAP,SD,AGL,WE,Federal Contract Tower,12,25,13,2,52,0,0,27,0,27,12,25,40,2,79,24,0,24,103
10/29/2008,RAP,SD,AGL,WE,Federal Contract Tower,14,29,23,1,67,0,0,33,5,38,14,29,56,6,105,18,0,18,123
10/30/2008,RAP,SD,AGL,WE,Federal Contract Tower,11,33,22,1,67,0,2,32,13,47,11,35,54,14,114,2,10,12,126
10/31/2008,RAP,SD,AGL,WE,Federal Contract Tower,17,28,11,3,59,0,2,42,9,53,17,30,53,12,112,24,0,24,136
11/01/2008,RAP,SD,AGL,WE,Federal Contract Tower,13,17,4,0,34,0,1,13,6,20,13,18,17,6,54,0,4,4,58
11/02/2008,RAP,SD,AGL,WE,Federal Contract Tower,9,18,14,2,43,0,0,22,9,31,9,18,36,11,74,20,6,26,100
11/03/2008,RAP,SD,AGL,WE,Federal Contract Tower,13,27,13,0,53,0,3,20,4,27,13,30,33,4,80,16,0,16,96
11/04/2008,RAP,SD,AGL,WE,Federal Contract Tower,10,25,19,0,54,0,4,13,0,17,10,29,32,0,71,6,0,6,77
11/05/2008,RAP,SD,AGL,WE,Federal Contract Tower,12,27,19,0,58,0,0,2,2,4,12,27,21,2,62,0,0,0,62
11/06/2008,RAP,SD,AGL,WE,Federal Contract Tower,0,0,0,0,0,0,0,0,0,0,0,0,0,0,0,0,0,0,0
11/07/2008,RAP,SD,AGL,WE,Federal Contract Tower,12,17,16,0,45,0,0,9,4,13,12,17,25,4,58,0,0,0,58
11/08/2008,RAP,SD,AGL,WE,Federal Contract Tower,13,27,10,0,50,0,0,10,1,11,13,27,20,1,61,4,0,4,65
11/09/2008,RAP,SD,AGL,WE,Federal Contract Tower,9,28,3,0,40,0,1,1,0,2,9,29,4,0,42,0,0,0,42
11/10/2008,RAP,SD,AGL,WE,Federal Contract Tower,11,36,9,2,58,0,0,3,0,3,11,36,12,2,61,0,0,0,61
11/11/2008,RAP,SD,AGL,WE,Federal Contract Tower,9,23,20,0,52,0,1,9,0,10,9,24,29,0,62,10,0,10,72
11/12/2008,RAP,SD,AGL,WE,Federal Contract Tower,11,28,18,3,60,0,2,30,2,34,11,30,48,5,94,46,0,46,140
11/13/2008,RAP,SD,AGL,WE,Federal Contract Tower,8,32,29,3,72,0,1,10,11,22,8,33,39,14,94,0,10,10,104
11/14/2008,RAP,SD,AGL,WE,Federal Contract Tower,11,32,11,5,59,0,0,2,2,4,11,32,13,7,63,0,0,0,63
11/15/2008,RAP,SD,AGL,WE,Federal Contract Tower,11,23,15,0,49,0,1,37,9,47,11,24,52,9,96,46,0,46,142
11/16/2008,RAP,SD,AGL,WE,Federal Contract Tower,9,19,14,1,43,0,1,14,0,15,9,20,28,1,58,16,0,16,74
11/17/2008,RAP,SD,AGL,WE,Federal Contract Tower,11,29,24,0,64,0,0,4,0,4,11,29,28,0,68,6,0,6,74
11/18/2008,RAP,SD,AGL,WE,Federal Contract Tower,9,24,19,0,52,0,3,29,2,34,9,27,48,2,86,34,0,34,120
11/19/2008,RAP,SD,AGL,WE,Federal Contract Tower,11,29,40,0,80,0,0,23,1,24,11,29,63,1,104,22,0,22,126
11/20/2008,RAP,SD,AGL,WE,Federal Contract Tower,11,32,35,5,83,0,1,22,9,32,11,33,57,14,115,14,0,14,129
11/21/2008,RAP,SD,AGL,WE,Federal Contract Tower,9,33,25,2,69,0,1,4,0,5,9,34,29,2,74,0,0,0,74
11/22/2008,RAP,SD,AGL,WE,Federal Contract Tower,13,20,5,1,39,0,0,30,1,31,13,20,35,2,70,4,0,4,74
11/23/2008,RAP,SD,AGL,WE,Federal Contract Tower,9,21,6,0,36,0,11,1,0,12,9,32,7,0,48,0,0,0,48
11/24/2008,RAP,SD,AGL,WE,Federal Contract Tower,11,23,12,1,47,0,1,25,1,27,11,24,37,2,74,14,0,14,88
11/25/2008,RAP,SD,AGL,WE,Federal Contract Tower,9,32,46,1,88,0,0,42,4,46,9,32,88,5,134,18,0,18,152
11/26/2008,RAP,SD,AGL,WE,Federal Contract Tower,11,36,18,0,65,0,1,44,2,47,11,37,62,2,112,48,0,48,160
11/27/2008,RAP,SD,AGL,WE,Federal Contract Tower,8,11,1,0,20,0,0,8,0,8,8,11,9,0,28,6,0,6,34
11/28/2008,RAP,SD,AGL,WE,Federal Contract Tower,10,18,4,1,33,0,1,15,0,16,10,19,19,1,49,10,0,10,59
11/29/2008,RAP,SD,AGL,WE,Federal Contract Tower,11,28,10,0,49,0,0,2,0,2,11,28,12,0,51,0,2,2,53
11/30/2008,RAP,SD,AGL,WE,Federal Contract Tower,9,20,5,0,34,0,0,2,0,2,9,20,7,0,36,0,0,0,36
12/01/2008,RAP,SD,AGL,WE,Federal Contract Tower,11,31,7,6,55,0,1,23,0,24,11,32,30,6,79,38,0,38,117
12/02/2008,RAP,SD,AGL,WE,Federal Contract Tower,11,30,35,2,78,0,0,23,5,28,11,30,58,7,106,6,8,14,120
12/03/2008,RAP,SD,AGL,WE,Federal Contract Tower,11,34,21,2,68,0,3,10,2,15,11,37,31,4,83,0,0,0,83
12/04/2008,RAP,SD,AGL,WE,Federal Contract Tower,10,29,16,1,56,0,1,14,6,21,10,30,30,7,77,18,4,22,99
12/05/2008,RAP,SD,AGL,WE,Federal Contract Tower,9,32,9,3,53,0,0,5,13,18,9,32,14,16,71,10,0,10,81
12/06/2008,RAP,SD,AGL,WE,Federal Contract Tower,8,28,4,8,48,0,0,0,7,7,8,28,4,15,55,0,0,0,55
12/07/2008,RAP,SD,AGL,WE,Federal Contract Tower,7,20,18,1,46,0,0,19,2,21,7,20,37,3,67,24,2,26,93
12/08/2008,RAP,SD,AGL,WE,Federal Contract Tower,9,23,14,0,46,0,0,0,0,0,9,23,14,0,46,0,0,0,46
12/09/2008,RAP,SD,AGL,WE,Federal Contract Tower,7,26,18,2,53,0,1,12,0,13,7,27,30,2,66,18,0,18,84
12/10/2008,RAP,SD,AGL,WE,Federal Contract Tower,9,31,18,0,58,0,1,20,4,25,9,32,38,4,83,4,0,4,87
12/11/2008,RAP,SD,AGL,WE,Federal Contract Tower,7,30,22,0,59,0,0,0,12,12,7,30,22,12,71,0,0,0,71
12/12/2008,RAP,SD,AGL,WE,Federal Contract Tower,8,31,9,1,49,0,2,25,5,32,8,33,34,6,81,16,0,16,97
12/13/2008,RAP,SD,AGL,WE,Federal Contract Tower,5,19,6,0,30,0,0,0,0,0,5,19,6,0,30,0,0,0,30
12/14/2008,RAP,SD,AGL,WE,Federal Contract Tower,7,24,7,0,38,0,0,1,0,1,7,24,8,0,39,0,0,0,39
12/15/2008,RAP,SD,AGL,WE,Federal Contract Tower,8,30,13,0,51,0,0,9,2,11,8,30,22,2,62,4,0,4,66
12/16/2008,RAP,SD,AGL,WE,Federal Contract Tower,7,28,21,2,58,0,1,7,5,13,7,29,28,7,71,10,8,18,89
12/17/2008,RAP,SD,AGL,WE,Federal Contract Tower,9,29,21,0,59,0,0,23,5,28,9,29,44,5,87,20,2,22,109
12/18/2008,RAP,SD,AGL,WE,Federal Contract Tower,7,38,22,5,72,0,0,0,7,7,7,38,22,12,79,0,2,2,81
12/19/2008,RAP,SD,AGL,WE,Federal Contract Tower,9,31,21,0,61,0,0,5,5,10,9,31,26,5,71,6,0,6,77
12/20/2008,RAP,SD,AGL,WE,Federal Contract Tower,7,29,5,0,41,0,0,2,2,4,7,29,7,2,45,0,0,0,45
12/21/2008,RAP,SD,AGL,WE,Federal Contract Tower,9,21,6,0,36,0,1,3,0,4,9,22,9,0,40,0,0,0,40
12/22/2008,RAP,SD,AGL,WE,Federal Contract Tower,11,30,4,0,45,0,0,6,0,6,11,30,10,0,51,0,0,0,51
12/23/2008,RAP,SD,AGL,WE,Federal Contract Tower,10,35,17,0,62,0,4,8,0,12,10,39,25,0,74,0,0,0,74
12/24/2008,RAP,SD,AGL,WE,Federal Contract Tower,7,29,0,0,36,0,2,15,0,17,7,31,15,0,53,38,0,38,91
12/25/2008,RAP,SD,AGL,WE,Federal Contract Tower,7,22,0,0,29,0,0,11,0,11,7,22,11,0,40,10,0,10,50
12/26/2008,RAP,SD,AGL,WE,Federal Contract Tower,9,35,8,0,52,0,1,0,0,1,9,36,8,0,53,0,0,0,53
12/27/2008,RAP,SD,AGL,WE,Federal Contract Tower,8,27,9,0,44,0,4,16,0,20,8,31,25,0,64,14,0,14,78
12/28/2008,RAP,SD,AGL,WE,Federal Contract Tower,7,24,11,2,44,0,3,29,0,32,7,27,40,2,76,16,0,16,92
12/29/2008,RAP,SD,AGL,WE,Federal Contract Tower,11,38,20,0,69,0,0,0,0,0,11,38,20,0,69,0,0,0,69
12/30/2008,RAP,SD,AGL,WE,Federal Contract Tower,9,33,21,2,65,0,0,9,6,15,9,33,30,8,80,16,0,16,96
12/31/2008,RAP,SD,AGL,WE,Federal Contract Tower,9,31,9,0,49,0,2,16,5,23,9,33,25,5,72,6,0,6,78
01/01/2009,RAP,SD,AGL,WE,Federal Contract Tower,9,21,6,0,36,0,0,10,0,10,9,21,16,0,46,20,0,20,66
01/02/2009,RAP,SD,AGL,WE,Federal Contract Tower,11,35,13,0,59,0,0,16,13,29,11,35,29,13,88,12,0,12,100
01/03/2009,RAP,SD,AGL,WE,Federal Contract Tower,9,30,3,0,42,0,4,2,0,6,9,34,5,0,48,0,0,0,48
01/04/2009,RAP,SD,AGL,WE,Federal Contract Tower,9,22,12,0,43,0,4,9,0,13,9,26,21,0,56,16,0,16,72
01/05/2009,RAP,SD,AGL,WE,Federal Contract Tower,9,27,10,1,47,0,1,15,1,17,9,28,25,2,64,12,0,12,76
01/06/2009,RAP,SD,AGL,WE,Federal Contract Tower,11,30,26,2,69,0,2,14,0,16,11,32,40,2,85,12,0,12,97
01/07/2009,RAP,SD,AGL,WE,Federal Contract Tower,9,30,16,0,55,0,0,0,1,1,9,30,16,1,56,0,0,0,56
01/08/2009,RAP,SD,AGL,WE,Federal Contract Tower,8,29,31,2,70,0,1,27,16,44,8,30,58,18,114,44,0,44,158
01/09/2009,RAP,SD,AGL,WE,Federal Contract Tower,9,29,9,0,47,0,0,1,4,5,9,29,10,4,52,0,0,0,52
01/10/2009,RAP,SD,AGL,WE,Federal Contract Tower,8,19,11,0,38,0,1,16,2,19,8,20,27,2,57,28,0,28,85
01/11/2009,RAP,SD,AGL,WE,Federal Contract Tower,8,19,4,1,32,0,1,15,4,20,8,20,19,5,52,16,0,16,68
01/12/2009,RAP,SD,AGL,WE,Federal Contract Tower,9,23,11,0,43,0,0,1,0,1,9,23,12,0,44,0,0,0,44
01/13/2009,RAP,SD,AGL,WE,Federal Contract Tower,7,31,14,2,54,0,1,18,0,19,7,32,32,2,73,0,0,0,73
01/14/2009,RAP,SD,AGL,WE,Federal Contract Tower,9,29,20,1,59,0,0,0,0,0,9,29,20,1,59,0,0,0,59
01/15/2009,RAP,SD,AGL,WE,Federal Contract Tower,6,33,20,3,62,0,1,4,0,5,6,34,24,3,67,0,0,0,67
01/16/2009,RAP,SD,AGL,WE,Federal Contract Tower,10,32,8,3,53,0,1,12,14,27,10,33,20,17,80,0,8,8,88
01/17/2009,RAP,SD,AGL,WE,Federal Contract Tower,8,23,2,0,33,0,0,8,0,8,8,23,10,0,41,2,0,2,43
01/18/2009,RAP,SD,AGL,WE,Federal Contract Tower,6,26,3,0,35,0,0,2,0,2,6,26,5,0,37,0,0,0,37
01/19/2009,RAP,SD,AGL,WE,Federal Contract Tower,11,28,16,0,55,0,4,2,0,6,11,32,18,0,61,0,0,0,61
01/20/2009,RAP,SD,AGL,WE,Federal Contract Tower,7,28,12,2,49,0,3,34,7,44,7,31,46,9,93,44,0,44,137
01/21/2009,RAP,SD,AGL,WE,Federal Contract Tower,9,26,24,1,60,0,1,50,7,58,9,27,74,8,118,28,0,28,146
01/22/2009,RAP,SD,AGL,WE,Federal Contract Tower,8,35,34,0,77,0,3,41,18,62,8,38,75,18,139,52,8,60,199
01/23/2009,RAP,SD,AGL,WE,Federal Contract Tower,9,30,19,1,59,0,0,1,2,3,9,30,20,3,62,0,0,0,62
01/24/2009,RAP,SD,AGL,WE,Federal Contract Tower,8,19,5,1,33,0,0,2,6,8,8,19,7,7,41,8,14,22,63
01/25/2009,RAP,SD,AGL,WE,Federal Contract Tower,8,16,3,1,28,0,0,0,0,0,8,16,3,1,28,0,0,0,28
01/26/2009,RAP,SD,AGL,WE,Federal Contract Tower,9,30,7,0,46,0,1,2,0,3,9,31,9,0,49,4,0,4,53
01/27/2009,RAP,SD,AGL,WE,Federal Contract Tower,7,25,10,5,47,0,2,32,5,39,7,27,42,10,86,16,0,16,102
01/28/2009,RAP,SD,AGL,WE,Federal Contract Tower,9,26,20,0,55,0,0,7,3,10,9,26,27,3,65,0,0,0,65
01/29/2009,RAP,SD,AGL,WE,Federal Contract Tower,7,28,26,1,62,0,1,5,14,20,7,29,31,15,82,6,2,8,90
01/30/2009,RAP,SD,AGL,WE,Federal Contract Tower,9,27,26,1,63,0,2,38,2,42,9,29,64,3,105,18,0,18,123
01/31/2009,RAP,SD,AGL,WE,Federal Contract Tower,7,18,5,0,30,0,0,11,0,11,7,18,16,0,41,14,0,14,55
02/01/2009,RAP,SD,AGL,WE,Federal Contract Tower,7,19,9,0,35,0,2,4,1,7,7,21,13,1,42,0,0,0,42
02/02/2009,RAP,SD,AGL,WE,Federal Contract Tower,9,25,9,0,43,0,0,15,0,15,9,25,24,0,58,24,0,24,82
02/03/2009,RAP,SD,AGL,WE,Federal Contract Tower,7,27,11,2,47,0,1,14,0,15,7,28,25,2,62,6,0,6,68
02/04/2009,RAP,SD,AGL,WE,Federal Contract Tower,9,31,34,1,75,0,1,34,2,37,9,32,68,3,112,32,0,32,144
02/05/2009,RAP,SD,AGL,WE,Federal Contract Tower,7,31,12,2,52,0,1,33,13,47,7,32,45,15,99,48,0,48,147
02/06/2009,RAP,SD,AGL,WE,Federal Contract Tower,9,24,16,3,52,0,0,16,14,30,9,24,32,17,82,8,12,20,102
02/07/2009,RAP,SD,AGL,WE,Federal Contract Tower,7,21,10,0,38,0,1,10,3,14,7,22,20,3,52,12,10,22,74
02/08/2009,RAP,SD,AGL,WE,Federal Contract Tower,8,22,9,2,41,0,0,14,7,21,8,22,23,9,62,58,8,66,128
02/09/2009,RAP,SD,AGL,WE,Federal Contract Tower,8,24,12,0,44,0,0,0,0,0,8,24,12,0,44,0,0,0,44
02/10/2009,RAP,SD,AGL,WE,Federal Contract Tower,7,30,21,3,61,0,3,16,0,19,7,33,37,3,80,42,0,42,122
02/11/2009,RAP,SD,AGL,WE,Federal Contract Tower,9,32,30,2,73,0,1,16,1,18,9,33,46,3,91,4,0,4,95
02/12/2009,RAP,SD,AGL,WE,Federal Contract Tower,7,32,20,0,59,0,2,20,14,36,7,34,40,14,95,14,0,14,109
02/13/2009,RAP,SD,AGL,WE,Federal Contract Tower,9,29,13,1,52,0,0,0,0,0,9,29,13,1,52,0,0,0,52
02/14/2009,RAP,SD,AGL,WE,Federal Contract Tower,9,20,9,0,38,0,0,0,0,0,9,20,9,0,38,0,0,0,38
02/15/2009,RAP,SD,AGL,WE,Federal Contract Tower,7,17,3,0,27,0,0,7,0,7,7,17,10,0,34,12,0,12,46
02/16/2009,RAP,SD,AGL,WE,Federal Contract Tower,11,26,7,1,45,0,2,45,3,50,11,28,52,4,95,86,4,90,185
02/17/2009,RAP,SD,AGL,WE,Federal Contract Tower,7,39,25,0,71,0,2,21,0,23,7,41,46,0,94,40,0,40,134
02/18/2009,RAP,SD,AGL,WE,Federal Contract Tower,9,30,20,14,73,0,0,10,3,13,9,30,30,17,86,0,14,14,100
02/19/2009,RAP,SD,AGL,WE,Federal Contract Tower,11,27,30,2,70,0,2,19,18,39,11,29,49,20,109,20,12,32,141
02/20/2009,RAP,SD,AGL,WE,Federal Contract Tower,9,33,6,1,49,0,1,4,0,5,9,34,10,1,54,6,0,6,60
02/21/2009,RAP,SD,AGL,WE,Federal Contract Tower,7,25,16,3,51,0,1,28,0,29,7,26,44,3,80,16,0,16,96
02/22/2009,RAP,SD,AGL,WE,Federal Contract Tower,7,21,10,0,38,0,0,30,0,30,7,21,40,0,68,38,0,38,106
02/23/2009,RAP,SD,AGL,WE,Federal Contract Tower,8,22,10,3,43,0,0,25,1,26,8,22,35,4,69,36,2,38,107
02/24/2009,RAP,SD,AGL,WE,Federal Contract Tower,7,31,28,6,72,0,6,28,8,42,7,37,56,14,114,42,2,44,158
02/25/2009,RAP,SD,AGL,WE,Federal Contract Tower,9,27,18,2,56,0,0,6,5,11,9,27,24,7,67,46,0,46,113
02/26/2009,RAP,SD,AGL,WE,Federal Contract Tower,9,27,8,2,46,0,0,0,5,5,9,27,8,7,51,0,8,8,59
02/27/2009,RAP,SD,AGL,WE,Federal Contract Tower,9,29,3,1,42,0,0,2,0,2,9,29,5,1,44,0,0,0,44
02/28/2009,RAP,SD,AGL,WE,Federal Contract Tower,11,19,4,0,34,0,2,21,2,25,11,21,25,2,59,16,0,16,75
03/01/2009,RAP,SD,AGL,WE,Federal Contract Tower,7,23,3,3,36,0,0,25,0,25,7,23,28,3,61,52,0,52,113
03/02/2009,RAP,SD,AGL,WE,Federal Contract Tower,8,33,17,2,60,0,2,19,0,21,8,35,36,2,81,38,0,38,119
03/03/2009,RAP,SD,AGL,WE,Federal Contract Tower,7,31,14,2,54,0,5,33,2,40,7,36,47,4,94,52,2,54,148
03/04/2009,RAP,SD,AGL,WE,Federal Contract Tower,9,32,24,1,66,0,4,34,5,43,9,36,58,6,109,72,0,72,181
03/05/2009,RAP,SD,AGL,WE,Federal Contract Tower,9,35,15,1,60,0,1,8,12,21,9,36,23,13,81,14,0,14,95
03/06/2009,RAP,SD,AGL,WE,Federal Contract Tower,11,28,6,2,47,0,0,4,0,4,11,28,10,2,51,0,0,0,51
03/07/2009,RAP,SD,AGL,WE,Federal Contract Tower,11,19,0,6,36,0,0,5,0,5,11,19,5,6,41,0,0,0,41
03/08/2009,RAP,SD,AGL,WE,Federal Contract Tower,6,20,2,0,28,0,2,16,2,20,6,22,18,2,48,6,0,6,54
03/09/2009,RAP,SD,AGL,WE,Federal Contract Tower,11,28,10,0,49,0,0,0,0,0,11,28,10,0,49,0,0,0,49
03/10/2009,RAP,SD,AGL,WE,Federal Contract Tower,10,35,13,2,60,0,0,0,0,0,10,35,13,2,60,0,0,0,60
03/11/2009,RAP,SD,AGL,WE,Federal Contract Tower,11,35,19,1,66,0,1,10,5,16,11,36,29,6,82,2,2,4,86
03/12/2009,RAP,SD,AGL,WE,Federal Contract Tower,9,32,29,6,76,0,4,27,10,41,9,36,56,16,117,6,0,6,123
03/13/2009,RAP,SD,AGL,WE,Federal Contract Tower,11,32,12,1,56,0,2,46,3,51,11,34,58,4,107,72,2,74,181
03/14/2009,RAP,SD,AGL,WE,Federal Contract Tower,11,19,8,2,40,0,4,37,1,42,11,23,45,3,82,12,0,12,94
03/15/2009,RAP,SD,AGL,WE,Federal Contract Tower,9,25,5,1,40,0,2,15,0,17,9,27,20,1,57,0,0,0,57
03/16/2009,RAP,SD,AGL,WE,Federal Contract Tower,11,35,7,2,55,0,10,22,0,32,11,45,29,2,87,6,0,6,93
03/17/2009,RAP,SD,AGL,WE,Federal Contract Tower,11,29,15,1,56,0,3,41,1,45,11,32,56,2,101,48,0,48,149
03/18/2009,RAP,SD,AGL,WE,Federal Contract Tower,11,31,21,0,63,0,6,23,0,29,11,37,44,0,92,20,0,20,112
03/19/2009,RAP,SD,AGL,WE,Federal Contract Tower,8,33,18,0,59,0,3,26,14,43,8,36,44,14,102,68,2,70,172
03/20/2009,RAP,SD,AGL,WE,Federal Contract Tower,12,25,9,4,50,0,2,46,4,52,12,27,55,8,102,56,0,56,158
03/21/2009,RAP,SD,AGL,WE,Federal Contract Tower,11,23,5,0,39,0,1,34,12,47,11,24,39,12,86,16,0,16,102
03/22/2009,RAP,SD,AGL,WE,Federal Contract Tower,9,21,9,1,40,0,1,17,15,33,9,22,26,16,73,26,0,26,99
03/23/2009,RAP,SD,AGL,WE,Federal Contract Tower,5,6,0,0,11,0,0,0,0,0,5,6,0,0,11,0,0,0,11
03/24/2009,RAP,SD,AGL,WE,Federal Contract Tower,3,9,2,0,14,0,0,0,0,0,3,9,2,0,14,0,0,0,14
03/25/2009,RAP,SD,AGL,WE,Federal Contract Tower,12,41,28,0,81,0,2,17,1,20,12,43,45,1,101,42,0,42,143
03/26/2009,RAP,SD,AGL,WE,Federal Contract Tower,7,21,10,0,38,0,0,12,0,12,7,21,22,0,50,0,0,0,50
03/27/2009,RAP,SD,AGL,WE,Federal Contract Tower,12,30,14,2,58,0,4,29,6,39,12,34,43,8,97,60,2,62,159
03/28/2009,RAP,SD,AGL,WE,Federal Contract Tower,11,26,12,1,50,0,5,24,5,34,11,31,36,6,84,20,6,26,110
03/29/2009,RAP,SD,AGL,WE,Federal Contract Tower,9,19,9,2,39,0,0,4,0,4,9,19,13,2,43,4,0,4,47
03/30/2009,RAP,SD,AGL,WE,Federal Contract Tower,1,1,0,0,2,0,0,0,0,0,1,1,0,0,2,0,0,0,2
03/31/2009,RAP,SD,AGL,WE,Federal Contract Tower,8,19,1,0,28,0,0,1,0,1,8,19,2,0,29,0,0,0,29
04/01/2009,RAP,SD,AGL,WE,Federal Contract Tower,12,33,14,0,59,0,2,19,3,24,12,35,33,3,83,42,0,42,125
04/02/2009,RAP,SD,AGL,WE,Federal Contract Tower,10,31,16,2,59,0,1,32,13,46,10,32,48,15,105,46,0,46,151
04/03/2009,RAP,SD,AGL,WE,Federal Contract Tower,12,26,2,0,40,0,0,2,0,2,12,26,4,0,42,16,0,16,58
04/04/2009,RAP,SD,AGL,WE,Federal Contract Tower,1,1,0,0,2,0,0,0,0,0,1,1,0,0,2,0,0,0,2
04/05/2009,RAP,SD,AGL,WE,Federal Contract Tower,2,0,0,0,2,0,0,0,0,0,2,0,0,0,2,0,0,0,2
04/06/2009,RAP,SD,AGL,WE,Federal Contract Tower,16,32,17,3,68,0,2,17,1,20,16,34,34,4,88,4,0,4,92
04/07/2009,RAP,SD,AGL,WE,Federal Contract Tower,10,29,23,1,63,0,1,29,1,31,10,30,52,2,94,24,0,24,118
04/08/2009,RAP,SD,AGL,WE,Federal Contract Tower,13,26,19,2,60,0,2,32,1,35,13,28,51,3,95,50,2,52,147
04/09/2009,RAP,SD,AGL,WE,Federal Contract Tower,12,29,10,1,52,0,0,0,0,0,12,29,10,1,52,0,0,0,52
04/10/2009,RAP,SD,AGL,WE,Federal Contract Tower,12,27,7,0,46,0,2,17,2,21,12,29,24,2,67,10,0,10,77
04/11/2009,RAP,SD,AGL,WE,Federal Contract Tower,11,17,2,0,30,0,0,13,1,14,11,17,15,1,44,12,0,12,56
04/12/2009,RAP,SD,AGL,WE,Federal Contract Tower,10,20,4,0,34,0,2,5,2,9,10,22,9,2,43,18,0,18,61
04/13/2009,RAP,SD,AGL,WE,Federal Contract Tower,12,25,20,1,58,0,3,30,2,35,12,28,50,3,93,24,0,24,117
04/14/2009,RAP,SD,AGL,WE,Federal Contract Tower,10,25,11,2,48,0,4,42,2,48,10,29,53,4,96,42,2,44,140
04/15/2009,RAP,SD,AGL,WE,Federal Contract Tower,12,32,11,3,58,0,2,8,3,13,12,34,19,6,71,0,0,0,71
04/16/2009,RAP,SD,AGL,WE,Federal Contract Tower,10,29,26,6,71,0,0,9,23,32,10,29,35,29,103,4,22,26,129
04/17/2009,RAP,SD,AGL,WE,Federal Contract Tower,11,26,20,2,59,0,0,7,13,20,11,26,27,15,79,14,6,20,99
04/18/2009,RAP,SD,AGL,WE,Federal Contract Tower,12,20,21,2,55,0,2,6,8,16,12,22,27,10,71,2,6,8,79
04/19/2009,RAP,SD,AGL,WE,Federal Contract Tower,9,28,16,5,58,0,2,22,1,25,9,30,38,6,83,12,4,16,99
04/20/2009,RAP,SD,AGL,WE,Federal Contract Tower,12,31,22,2,67,0,4,25,3,32,12,35,47,5,99,62,0,62,161
04/21/2009,RAP,SD,AGL,WE,Federal Contract Tower,10,32,26,0,68,0,3,33,2,38,10,35,59,2,106,62,0,62,168
04/22/2009,RAP,SD,AGL,WE,Federal Contract Tower,12,32,31,4,79,0,0,42,3,45,12,32,73,7,124,12,0,12,136
04/23/2009,RAP,SD,AGL,WE,Federal Contract Tower,10,36,19,1,66,0,1,40,11,52,10,37,59,12,118,24,4,28,146
04/24/2009,RAP,SD,AGL,WE,Federal Contract Tower,12,31,7,1,51,0,0,2,1,3,12,31,9,2,54,0,0,0,54
04/25/2009,RAP,SD,AGL,WE,Federal Contract Tower,12,18,8,0,38,0,1,17,3,21,12,19,25,3,59,2,0,2,61
04/26/2009,RAP,SD,AGL,WE,Federal Contract Tower,8,21,2,0,31,0,0,0,0,0,8,21,2,0,31,0,0,0,31
04/27/2009,RAP,SD,AGL,WE,Federal Contract Tower,12,30,17,3,62,0,2,20,0,22,12,32,37,3,84,20,2,22,106
04/28/2009,RAP,SD,AGL,WE,Federal Contract Tower,10,31,12,0,53,0,2,13,3,18,10,33,25,3,71,0,16,16,87
04/29/2009,RAP,SD,AGL,WE,Federal Contract Tower,12,35,27,0,74,0,1,23,15,39,12,36,50,15,113,16,12,28,141
04/30/2009,RAP,SD,AGL,WE,Federal Contract Tower,9,34,38,0,81,0,0,18,21,39,9,34,56,21,120,0,14,14,134
05/01/2009,RAP,SD,AGL,WE,Federal Contract Tower,11,30,12,0,53,0,1,25,17,43,11,31,37,17,96,10,4,14,110
05/02/2009,RAP,SD,AGL,WE,Federal Contract Tower,12,23,7,1,43,0,5,35,0,40,12,28,42,1,83,42,0,42,125
05/03/2009,RAP,SD,AGL,WE,Federal Contract Tower,10,23,16,0,49,0,4,37,2,43,10,27,53,2,92,6,0,6,98
05/04/2009,RAP,SD,AGL,WE,Federal Contract Tower,11,29,19,0,59,0,2,22,3,27,11,31,41,3,86,6,2,8,94
05/05/2009,RAP,SD,AGL,WE,Federal Contract Tower,10,28,14,0,52,0,1,27,5,33,10,29,41,5,85,34,2,36,121
05/06/2009,RAP,SD,AGL,WE,Federal Contract Tower,13,36,23,1,73,0,1,24,9,34,13,37,47,10,107,8,0,8,115
05/07/2009,RAP,SD,AGL,WE,Federal Contract Tower,10,34,17,0,61,0,5,19,14,38,10,39,36,14,99,22,0,22,121
05/08/2009,RAP,SD,AGL,WE,Federal Contract Tower,14,30,9,2,55,0,1,13,8,22,14,31,22,10,77,6,2,8,85
05/09/2009,RAP,SD,AGL,WE,Federal Contract Tower,13,31,15,0,59,0,4,35,0,39,13,35,50,0,98,34,0,34,132
05/10/2009,RAP,SD,AGL,WE,Federal Contract Tower,10,26,8,0,44,0,1,17,0,18,10,27,25,0,62,4,0,4,66
05/11/2009,RAP,SD,AGL,WE,Federal Contract Tower,12,31,15,1,59,0,4,32,1,37,12,35,47,2,96,24,0,24,120
05/12/2009,RAP,SD,AGL,WE,Federal Contract Tower,10,30,15,1,56,0,1,22,10,33,10,31,37,11,89,18,0,18,107
05/13/2009,RAP,SD,AGL,WE,Federal Contract Tower,12,33,10,2,57,0,2,10,0,12,12,35,20,2,69,0,0,0,69
05/14/2009,RAP,SD,AGL,WE,Federal Contract Tower,110,28,26,10,174,0,2,18,15,35,110,30,44,25,209,0,6,6,215
05/15/2009,RAP,SD,AGL,WE,Federal Contract Tower,13,30,13,0,56,0,1,16,18,35,13,31,29,18,91,0,0,0,91
05/16/2009,RAP,SD,AGL,WE,Federal Contract Tower,12,26,6,0,44,0,3,31,12,46,12,29,37,12,90,40,0,40,130
05/17/2009,RAP,SD,AGL,WE,Federal Contract Tower,9,28,13,6,56,0,0,25,9,34,9,28,38,15,90,26,0,26,116
05/18/2009,RAP,SD,AGL,WE,Federal Contract Tower,13,29,19,2,63,0,2,34,4,40,13,31,53,6,103,14,0,14,117
05/19/2009,RAP,SD,AGL,WE,Federal Contract Tower,11,29,31,1,72,0,1,36,11,48,11,30,67,12,120,28,0,28,148
05/20/2009,RAP,SD,AGL,WE,Federal Contract Tower,12,28,9,2,51,0,3,13,17,33,12,31,22,19,84,20,0,20,104
05/21/2009,RAP,SD,AGL,WE,Federal Contract Tower,10,39,30,4,83,0,3,18,6,27,10,42,48,10,110,0,4,4,114
05/22/2009,RAP,SD,AGL,WE,Federal Contract Tower,11,30,18,0,59,0,0,31,5,36,11,30,49,5,95,62,0,62,157
05/23/2009,RAP,SD,AGL,WE,Federal Contract Tower,17,28,13,0,58,0,1,12,0,13,17,29,25,0,71,32,0,32,103
05/24/2009,RAP,SD,AGL,WE,Federal Contract Tower,11,18,13,0,42,0,0,7,0,7,11,18,20,0,49,0,0,0,49
05/25/2009,RAP,SD,AGL,WE,Federal Contract Tower,12,25,13,0,50,0,1,11,0,12,12,26,24,0,62,4,0,4,66
05/26/2009,RAP,SD,AGL,WE,Federal Contract Tower,10,33,27,0,70,0,1,10,0,11,10,34,37,0,81,4,0,4,85
05/27/2009,RAP,SD,AGL,WE,Federal Contract Tower,13,38,22,0,73,0,1,64,6,71,13,39,86,6,144,32,0,32,176
05/28/2009,RAP,SD,AGL,WE,Federal Contract Tower,10,30,21,1,62,0,0,32,20,52,10,30,53,21,114,6,26,32,146
05/29/2009,RAP,SD,AGL,WE,Federal Contract Tower,13,29,18,0,60,0,1,47,8,56,13,30,65,8,116,12,0,12,128
05/30/2009,RAP,SD,AGL,WE,Federal Contract Tower,15,30,13,0,58,0,5,90,5,100,15,35,103,5,158,12,0,12,170
05/31/2009,RAP,SD,AGL,WE,Federal Contract Tower,10,26,20,0,56,0,0,45,1,46,10,26,65,1,102,0,0,0,102
06/01/2009,RAP,SD,AGL,WE,Federal Contract Tower,10,33,10,0,53,0,0,15,2,17,10,33,25,2,70,0,0,0,70
06/02/2009,RAP,SD,AGL,WE,Federal Contract Tower,12,30,21,1,64,0,3,25,0,28,12,33,46,1,92,2,0,2,94
06/03/2009,RAP,SD,AGL,WE,Federal Contract Tower,12,37,34,2,85,0,1,5,3,9,12,38,39,5,94,26,8,34,128
06/04/2009,RAP,SD,AGL,WE,Federal Contract Tower,15,31,19,3,68,0,0,48,2,50,15,31,67,5,118,38,2,40,158
06/05/2009,RAP,SD,AGL,WE,Federal Contract Tower,17,30,17,2,66,0,0,23,11,34,17,30,40,13,100,10,0,10,110
06/06/2009,RAP,SD,AGL,WE,Federal Contract Tower,20,32,3,0,55,0,0,0,0,0,20,32,3,0,55,0,0,0,55
06/07/2009,RAP,SD,AGL,WE,Federal Contract Tower,17,23,6,3,49,0,0,1,5,6,17,23,7,8,55,0,16,16,71
06/08/2009,RAP,SD,AGL,WE,Federal Contract Tower,18,35,13,0,66,0,0,18,3,21,18,35,31,3,87,28,0,28,115
06/09/2009,RAP,SD,AGL,WE,Federal Contract Tower,17,36,23,1,77,0,0,0,0,0,17,36,23,1,77,0,0,0,77
06/10/2009,RAP,SD,AGL,WE,Federal Contract Tower,16,34,32,2,84,0,0,0,4,4,16,34,32,6,88,0,10,10,98
06/11/2009,RAP,SD,AGL,WE,Federal Contract Tower,16,29,30,0,75,0,1,13,8,22,16,30,43,8,97,22,0,22,119
06/12/2009,RAP,SD,AGL,WE,Federal Contract Tower,17,29,37,2,85,0,2,26,10,38,17,31,63,12,123,26,0,26,149
06/13/2009,RAP,SD,AGL,WE,Federal Contract Tower,19,33,16,0,68,0,0,73,8,81,19,33,89,8,149,102,0,102,251
06/14/2009,RAP,SD,AGL,WE,Federal Contract Tower,18,24,14,1,57,0,4,24,4,32,18,28,38,5,89,12,0,12,101
06/15/2009,RAP,SD,AGL,WE,Federal Contract Tower,19,26,26,2,73,0,4,32,7,43,19,30,58,9,116,10,0,10,126
06/16/2009,RAP,SD,AGL,WE,Federal Contract Tower,17,35,27,2,81,0,2,26,9,37,17,37,53,11,118,26,0,26,144
06/17/2009,RAP,SD,AGL,WE,Federal Contract Tower,17,38,26,0,81,0,0,31,5,36,17,38,57,5,117,36,2,38,155
06/18/2009,RAP,SD,AGL,WE,Federal Contract Tower,16,29,17,1,63,0,4,26,22,52,16,33,43,23,115,36,4,40,155
06/19/2009,RAP,SD,AGL,WE,Federal Contract Tower,15,31,14,1,61,0,3,51,4,58,15,34,65,5,119,48,0,48,167
06/20/2009,RAP,SD,AGL,WE,Federal Contract Tower,19,28,9,2,58,0,1,41,3,45,19,29,50,5,103,18,0,18,121
06/21/2009,RAP,SD,AGL,WE,Federal Contract Tower,18,23,13,2,56,0,1,32,0,33,18,24,45,2,89,30,0,30,119
06/22/2009,RAP,SD,AGL,WE,Federal Contract Tower,19,26,27,1,73,0,0,32,2,34,19,26,59,3,107,0,0,0,107
06/23/2009,RAP,SD,AGL,WE,Federal Contract Tower,20,36,22,0,78,0,4,32,21,57,20,40,54,21,135,6,0,6,141
06/24/2009,RAP,SD,AGL,WE,Federal Contract Tower,17,35,26,1,79,0,4,52,5,61,17,39,78,6,140,34,0,34,174
06/25/2009,RAP,SD,AGL,WE,Federal Contract Tower,20,31,29,2,82,0,1,37,8,46,20,32,66,10,128,14,0,14,142
06/26/2009,RAP,SD,AGL,WE,Federal Contract Tower,17,32,37,1,87,0,0,24,3,27,17,32,61,4,114,48,0,48,162
06/27/2009,RAP,SD,AGL,WE,Federal Contract Tower,21,29,11,1,62,0,2,34,2,38,21,31,45,3,100,14,0,14,114
06/28/2009,RAP,SD,AGL,WE,Federal Contract Tower,16,23,20,0,59,0,0,50,0,50,16,23,70,0,109,38,0,38,147
06/29/2009,RAP,SD,AGL,WE,Federal Contract Tower,17,29,24,0,70,0,1,42,3,46,17,30,66,3,116,40,0,40,156
06/30/2009,RAP,SD,AGL,WE,Federal Contract Tower,17,30,22,0,69,0,0,28,5,33,17,30,50,5,102,24,0,24,126
07/01/2009,RAP,SD,AGL,WE,Federal Contract Tower,17,28,14,1,60,0,2,23,8,33,17,30,37,9,93,42,2,44,137
07/02/2009,RAP,SD,AGL,WE,Federal Contract Tower,17,35,21,0,73,0,1,25,4,30,17,36,46,4,103,50,2,52,155
07/03/2009,RAP,SD,AGL,WE,Federal Contract Tower,19,29,9,0,57,0,4,6,0,10,19,33,15,0,67,0,0,0,67
07/04/2009,RAP,SD,AGL,WE,Federal Contract Tower,17,15,10,0,42,0,4,23,0,27,17,19,33,0,69,6,0,6,75
07/05/2009,RAP,SD,AGL,WE,Federal Contract Tower,18,25,9,0,52,0,0,34,6,40,18,25,43,6,92,12,0,12,104
07/06/2009,RAP,SD,AGL,WE,Federal Contract Tower,17,28,21,2,68,2,3,31,7,43,19,31,52,9,111,46,4,50,161
07/07/2009,RAP,SD,AGL,WE,Federal Contract Tower,18,30,20,2,70,0,3,30,8,41,18,33,50,10,111,18,2,20,131
07/08/2009,RAP,SD,AGL,WE,Federal Contract Tower,19,47,24,2,92,0,1,19,0,20,19,48,43,2,112,0,0,0,112
07/09/2009,RAP,SD,AGL,WE,Federal Contract Tower,15,33,29,1,78,0,5,44,12,61,15,38,73,13,139,54,6,60,199
07/10/2009,RAP,SD,AGL,WE,Federal Contract Tower,16,35,23,1,75,0,0,29,7,36,16,35,52,8,111,14,4,18,129
07/11/2009,RAP,SD,AGL,WE,Federal Contract Tower,20,34,10,2,66,0,1,46,12,59,20,35,56,14,125,4,0,4,129
07/12/2009,RAP,SD,AGL,WE,Federal Contract Tower,18,23,16,3,60,0,3,38,0,41,18,26,54,3,101,24,0,24,125
07/13/2009,RAP,SD,AGL,WE,Federal Contract Tower,16,25,28,4,73,0,0,29,9,38,16,25,57,13,111,26,0,26,137
07/14/2009,RAP,SD,AGL,WE,Federal Contract Tower,16,29,15,1,61,0,4,11,7,22,16,33,26,8,83,44,10,54,137
07/15/2009,RAP,SD,AGL,WE,Federal Contract Tower,16,36,34,1,87,0,2,58,2,62,16,38,92,3,149,14,8,22,171
07/16/2009,RAP,SD,AGL,WE,Federal Contract Tower,15,32,28,1,76,0,2,38,19,59,15,34,66,20,135,24,16,40,175
07/17/2009,RAP,SD,AGL,WE,Federal Contract Tower,17,36,36,2,91,0,2,48,8,58,17,38,84,10,149,30,0,30,179
07/18/2009,RAP,SD,AGL,WE,Federal Contract Tower,17,31,10,2,60,0,1,44,17,62,17,32,54,19,122,8,0,8,130
07/19/2009,RAP,SD,AGL,WE,Federal Contract Tower,20,24,18,5,67,0,1,34,9,44,20,25,52,14,111,10,4,14,125
07/20/2009,RAP,SD,AGL,WE,Federal Contract Tower,17,31,39,2,89,0,1,46,11,58,17,32,85,13,147,2,0,2,149
07/21/2009,RAP,SD,AGL,WE,Federal Contract Tower,20,28,16,0,64,0,0,31,6,37,20,28,47,6,101,48,0,48,149
07/22/2009,RAP,SD,AGL,WE,Federal Contract Tower,17,32,26,1,76,0,1,44,2,47,17,33,70,3,123,34,0,34,157
07/23/2009,RAP,SD,AGL,WE,Federal Contract Tower,15,30,16,0,61,0,0,37,10,47,15,30,53,10,108,6,0,6,114
07/24/2009,RAP,SD,AGL,WE,Federal Contract Tower,17,35,29,0,81,0,6,50,1,57,17,41,79,1,138,36,0,36,174
07/25/2009,RAP,SD,AGL,WE,Federal Contract Tower,21,30,18,0,69,0,1,74,0,75,21,31,92,0,144,12,0,12,156
07/26/2009,RAP,SD,AGL,WE,Federal Contract Tower,17,22,17,0,56,0,13,49,3,65,17,35,66,3,121,0,0,0,121
07/27/2009,RAP,SD,AGL,WE,Federal Contract Tower,16,24,17,2,59,0,0,23,0,23,16,24,40,2,82,24,0,24,106
07/28/2009,RAP,SD,AGL,WE,Federal Contract Tower,16,32,28,0,76,0,1,36,2,39,16,33,64,2,115,24,0,24,139
07/29/2009,RAP,SD,AGL,WE,Federal Contract Tower,17,37,19,0,73,0,0,16,10,26,17,37,35,10,99,2,0,2,101
07/30/2009,RAP,SD,AGL,WE,Federal Contract Tower,17,39,32,2,90,0,2,63,13,78,17,41,95,15,168,36,4,40,208
07/31/2009,RAP,SD,AGL,WE,Federal Contract Tower,20,29,22,1,72,0,2,56,13,71,20,31,78,14,143,6,0,6,149
08/01/2009,RAP,SD,AGL,WE,Federal Contract Tower,25,24,26,0,75,0,3,77,1,81,25,27,103,1,156,12,0,12,168
08/02/2009,RAP,SD,AGL,WE,Federal Contract Tower,19,30,22,0,71,0,1,49,9,59,19,31,71,9,130,0,0,0,130
08/03/2009,RAP,SD,AGL,WE,Federal Contract Tower,19,29,19,2,69,0,0,75,6,81,19,29,94,8,150,10,0,10,160
08/04/2009,RAP,SD,AGL,WE,Federal Contract Tower,20,33,39,0,92,0,0,57,17,74,20,33,96,17,166,26,12,38,204
08/05/2009,RAP,SD,AGL,WE,Federal Contract Tower,21,27,45,1,94,0,3,48,14,65,21,30,93,15,159,44,20,64,223
08/06/2009,RAP,SD,AGL,WE,Federal Contract Tower,20,37,41,1,99,0,1,20,2,23,20,38,61,3,122,6,6,12,134
08/07/2009,RAP,SD,AGL,WE,Federal Contract Tower,24,36,29,0,89,0,0,54,7,61,24,36,83,7,150,56,0,56,206
08/08/2009,RAP,SD,AGL,WE,Federal Contract Tower,31,26,20,0,77,0,3,22,0,25,31,29,42,0,102,8,0,8,110
08/09/2009,RAP,SD,AGL,WE,Federal Contract Tower,27,17,19,0,63,0,0,25,2,27,27,17,44,2,90,14,0,14,104
08/10/2009,RAP,SD,AGL,WE,Federal Contract Tower,19,31,21,1,72,0,3,41,0,44,19,34,62,1,116,22,6,28,144
08/11/2009,RAP,SD,AGL,WE,Federal Contract Tower,18,29,33,0,80,0,0,57,17,74,18,29,90,17,154,26,0,26,180
08/12/2009,RAP,SD,AGL,WE,Federal Contract Tower,19,35,17,0,71,0,3,44,16,63,19,38,61,16,134,6,0,6,140
08/13/2009,RAP,SD,AGL,WE,Federal Contract Tower,17,35,20,1,73,0,1,35,21,57,17,36,55,22,130,6,0,6,136
08/14/2009,RAP,SD,AGL,WE,Federal Contract Tower,17,37,17,0,71,0,4,32,12,48,17,41,49,12,119,16,8,24,143
08/15/2009,RAP,SD,AGL,WE,Federal Contract Tower,20,25,5,0,50,0,0,18,17,35,20,25,23,17,85,10,8,18,103
08/16/2009,RAP,SD,AGL,WE,Federal Contract Tower,16,22,8,2,48,0,2,37,11,50,16,24,45,13,98,14,0,14,112
08/17/2009,RAP,SD,AGL,WE,Federal Contract Tower,17,28,27,0,72,0,3,31,0,34,17,31,58,0,106,20,0,20,126
08/18/2009,RAP,SD,AGL,WE,Federal Contract Tower,12,25,17,2,56,0,0,46,7,53,12,25,63,9,109,96,12,108,217
08/19/2009,RAP,SD,AGL,WE,Federal Contract Tower,15,31,9,2,57,0,2,12,6,20,15,33,21,8,77,2,8,10,87
08/20/2009,RAP,SD,AGL,WE,Federal Contract Tower,13,31,19,5,68,0,4,35,18,57,13,35,54,23,125,24,18,42,167
08/21/2009,RAP,SD,AGL,WE,Federal Contract Tower,15,30,20,4,69,0,1,51,8,60,15,31,71,12,129,30,0,30,159
08/22/2009,RAP,SD,AGL,WE,Federal Contract Tower,20,21,23,0,64,0,4,43,4,51,20,25,66,4,115,36,0,36,151
08/23/2009,RAP,SD,AGL,WE,Federal Contract Tower,14,23,16,0,53,0,3,33,2,38,14,26,49,2,91,12,0,12,103
08/24/2009,RAP,SD,AGL,WE,Federal Contract Tower,16,26,21,2,65,0,3,35,7,45,16,29,56,9,110,38,2,40,150
08/25/2009,RAP,SD,AGL,WE,Federal Contract Tower,13,32,18,3,66,0,1,31,9,41,13,33,49,12,107,30,8,38,145
08/26/2009,RAP,SD,AGL,WE,Federal Contract Tower,15,28,13,3,59,0,0,28,3,31,15,28,41,6,90,32,0,32,122
08/27/2009,RAP,SD,AGL,WE,Federal Contract Tower,14,29,26,1,70,0,1,32,17,50,14,30,58,18,120,30,6,36,156
08/28/2009,RAP,SD,AGL,WE,Federal Contract Tower,15,42,21,4,82,0,3,21,14,38,15,45,42,18,120,0,6,6,126
08/29/2009,RAP,SD,AGL,WE,Federal Contract Tower,20,23,12,1,56,0,2,50,12,64,20,25,62,13,120,44,0,44,164
08/30/2009,RAP,SD,AGL,WE,Federal Contract Tower,13,27,13,0,53,0,4,28,12,44,13,31,41,12,97,0,0,0,97
08/31/2009,RAP,SD,AGL,WE,Federal Contract Tower,15,26,15,3,59,0,0,22,3,25,15,26,37,6,84,2,0,2,86
09/01/2009,RAP,SD,AGL,WE,Federal Contract Tower,13,25,43,2,83,0,5,18,1,24,13,30,61,3,107,16,8,24,131
09/02/2009,RAP,SD,AGL,WE,Federal Contract Tower,14,32,17,3,66,0,2,33,1,36,14,34,50,4,102,10,2,12,114
09/03/2009,RAP,SD,AGL,WE,Federal Contract Tower,13,31,28,2,74,0,0,30,8,38,13,31,58,10,112,16,0,16,128
09/04/2009,RAP,SD,AGL,WE,Federal Contract Tower,17,28,28,0,73,0,4,41,2,47,17,32,69,2,120,20,0,20,140
09/05/2009,RAP,SD,AGL,WE,Federal Contract Tower,20,20,16,0,56,0,1,39,1,41,20,21,55,1,97,66,8,74,171
09/06/2009,RAP,SD,AGL,WE,Federal Contract Tower,12,16,24,1,53,0,1,22,2,25,12,17,46,3,78,20,10,30,108
09/07/2009,RAP,SD,AGL,WE,Federal Contract Tower,19,20,20,0,59,0,1,43,0,44,19,21,63,0,103,24,0,24,127
09/08/2009,RAP,SD,AGL,WE,Federal Contract Tower,12,25,22,6,65,0,1,16,8,25,12,26,38,14,90,2,4,6,96
09/09/2009,RAP,SD,AGL,WE,Federal Contract Tower,17,30,27,1,75,0,3,45,11,59,17,33,72,12,134,72,20,92,226
09/10/2009,RAP,SD,AGL,WE,Federal Contract Tower,15,29,29,0,73,0,5,32,25,62,15,34,61,25,135,38,26,64,199
09/11/2009,RAP,SD,AGL,WE,Federal Contract Tower,16,27,30,0,73,0,1,26,14,41,16,28,56,14,114,16,0,16,130
09/12/2009,RAP,SD,AGL,WE,Federal Contract Tower,17,28,22,0,67,0,0,13,4,17,17,28,35,4,84,12,0,12,96
09/13/2009,RAP,SD,AGL,WE,Federal Contract Tower,12,27,16,2,57,0,1,7,4,12,12,28,23,6,69,22,0,22,91
09/14/2009,RAP,SD,AGL,WE,Federal Contract Tower,13,24,22,0,59,0,3,25,11,39,13,27,47,11,98,8,14,22,120
09/15/2009,RAP,SD,AGL,WE,Federal Contract Tower,8,28,22,1,59,0,5,27,0,32,8,33,49,1,91,56,0,56,147
09/16/2009,RAP,SD,AGL,WE,Federal Contract Tower,17,30,23,0,70,0,5,40,8,53,17,35,63,8,123,48,2,50,173
09/17/2009,RAP,SD,AGL,WE,Federal Contract Tower,12,31,34,1,78,0,8,55,13,76,12,39,89,14,154,34,8,42,196
09/18/2009,RAP,SD,AGL,WE,Federal Contract Tower,15,27,29,4,75,0,3,43,5,51,15,30,72,9,126,38,0,38,164
09/19/2009,RAP,SD,AGL,WE,Federal Contract Tower,17,23,14,2,56,0,1,37,0,38,17,24,51,2,94,4,0,4,98
09/20/2009,RAP,SD,AGL,WE,Federal Contract Tower,11,18,17,0,46,0,2,20,4,26,11,20,37,4,72,0,2,2,74
09/21/2009,RAP,SD,AGL,WE,Federal Contract Tower,14,26,12,0,52,0,1,2,0,3,14,27,14,0,55,0,0,0,55
09/22/2009,RAP,SD,AGL,WE,Federal Contract Tower,13,34,23,2,72,0,11,33,5,49,13,45,56,7,121,0,0,0,121
09/23/2009,RAP,SD,AGL,WE,Federal Contract Tower,14,32,19,0,65,0,3,30,2,35,14,35,49,2,100,6,0,6,106
09/24/2009,RAP,SD,AGL,WE,Federal Contract Tower,13,26,24,3,66,0,1,39,13,53,13,27,63,16,119,56,6,62,181
09/25/2009,RAP,SD,AGL,WE,Federal Contract Tower,17,32,23,3,75,0,2,30,7,39,17,34,53,10,114,24,0,24,138
09/26/2009,RAP,SD,AGL,WE,Federal Contract Tower,15,29,22,1,67,0,1,58,2,61,15,30,80,3,128,32,0,32,160
09/27/2009,RAP,SD,AGL,WE,Federal Contract Tower,11,26,12,0,49,0,1,6,0,7,11,27,18,0,56,0,0,0,56
09/28/2009,RAP,SD,AGL,WE,Federal Contract Tower,17,28,20,1,66,0,0,50,2,52,17,28,70,3,118,8,0,8,126
09/29/2009,RAP,SD,AGL,WE,Federal Contract Tower,13,27,23,0,63,0,1,33,1,35,13,28,56,1,98,20,0,20,118
09/30/2009,RAP,SD,AGL,WE,Federal Contract Tower,17,29,16,1,63,0,0,25,9,34,17,29,41,10,97,16,12,28,125
10/01/2009,RAP,SD,AGL,WE,Federal Contract Tower,15,31,7,0,53,0,1,5,0,6,15,32,12,0,59,6,0,6,65
10/02/2009,RAP,SD,AGL,WE,Federal Contract Tower,17,31,12,4,64,0,2,8,13,23,17,33,20,17,87,2,0,2,89
10/03/2009,RAP,SD,AGL,WE,Federal Contract Tower,15,26,22,0,63,0,3,37,16,56,15,29,59,16,119,46,6,52,171
10/04/2009,RAP,SD,AGL,WE,Federal Contract Tower,12,23,12,2,49,0,0,5,8,13,12,23,17,10,62,6,4,10,72
10/05/2009,RAP,SD,AGL,WE,Federal Contract Tower,16,27,13,0,56,0,0,0,0,0,16,27,13,0,56,0,0,0,56
10/06/2009,RAP,SD,AGL,WE,Federal Contract Tower,13,23,25,0,61,0,1,18,0,19,13,24,43,0,80,12,0,12,92
10/07/2009,RAP,SD,AGL,WE,Federal Contract Tower,17,31,30,5,83,0,1,29,1,31,17,32,59,6,114,12,2,14,128
10/08/2009,RAP,SD,AGL,WE,Federal Contract Tower,12,34,11,3,60,0,0,11,14,25,12,34,22,17,85,12,12,24,109
10/09/2009,RAP,SD,AGL,WE,Federal Contract Tower,15,26,14,0,55,0,0,0,4,4,15,26,14,4,59,0,0,0,59
10/10/2009,RAP,SD,AGL,WE,Federal Contract Tower,15,21,12,0,48,0,0,13,3,16,15,21,25,3,64,14,0,14,78
10/11/2009,RAP,SD,AGL,WE,Federal Contract Tower,10,23,6,0,39,0,0,0,0,0,10,23,6,0,39,0,0,0,39
10/12/2009,RAP,SD,AGL,WE,Federal Contract Tower,15,23,15,1,54,0,0,15,1,16,15,23,30,2,70,16,0,16,86
10/13/2009,RAP,SD,AGL,WE,Federal Contract Tower,11,26,14,1,52,0,0,0,0,0,11,26,14,1,52,0,0,0,52
10/14/2009,RAP,SD,AGL,WE,Federal Contract Tower,16,27,12,3,58,0,0,3,16,19,16,27,15,19,77,4,6,10,87
10/15/2009,RAP,SD,AGL,WE,Federal Contract Tower,14,24,15,2,55,0,0,10,18,28,14,24,25,20,83,8,0,8,91
10/16/2009,RAP,SD,AGL,WE,Federal Contract Tower,16,28,26,1,71,0,1,25,12,38,16,29,51,13,109,16,6,22,131
10/17/2009,RAP,SD,AGL,WE,Federal Contract Tower,15,18,10,0,43,0,2,12,0,14,15,20,22,0,57,18,0,18,75
10/18/2009,RAP,SD,AGL,WE,Federal Contract Tower,12,22,9,0,43,0,2,33,2,37,12,24,42,2,80,16,0,16,96
10/19/2009,RAP,SD,AGL,WE,Federal Contract Tower,17,25,21,0,63,0,1,19,1,21,17,26,40,1,84,8,0,8,92
10/20/2009,RAP,SD,AGL,WE,Federal Contract Tower,13,23,23,2,61,0,0,0,2,2,13,23,23,4,63,0,8,8,71
10/21/2009,RAP,SD,AGL,WE,Federal Contract Tower,13,27,24,4,68,0,0,0,7,7,13,27,24,11,75,0,0,0,75
10/22/2009,RAP,SD,AGL,WE,Federal Contract Tower,13,29,22,0,64,0,1,20,12,33,13,30,42,12,97,4,28,32,129
10/23/2009,RAP,SD,AGL,WE,Federal Contract Tower,15,27,18,0,60,0,3,26,10,39,15,30,44,10,99,30,14,44,143
10/24/2009,RAP,SD,AGL,WE,Federal Contract Tower,15,22,11,0,48,0,0,11,0,11,15,22,22,0,59,6,0,6,65
10/25/2009,RAP,SD,AGL,WE,Federal Contract Tower,8,20,6,1,35,0,1,2,0,3,8,21,8,1,38,0,0,0,38
10/26/2009,RAP,SD,AGL,WE,Federal Contract Tower,13,24,22,1,60,0,5,38,0,43,13,29,60,1,103,64,0,64,167
10/27/2009,RAP,SD,AGL,WE,Federal Contract Tower,10,31,13,1,55,0,1,10,2,13,10,32,23,3,68,0,0,0,68
10/28/2009,RAP,SD,AGL,WE,Federal Contract Tower,9,17,18,0,44,0,0,0,2,2,9,17,18,2,46,0,14,14,60
10/29/2009,RAP,SD,AGL,WE,Federal Contract Tower,6,22,7,0,35,0,0,0,0,0,6,22,7,0,35,0,0,0,35
10/30/2009,RAP,SD,AGL,WE,Federal Contract Tower,11,25,16,0,52,0,8,14,8,30,11,33,30,8,82,12,0,12,94
10/31/2009,RAP,SD,AGL,WE,Federal Contract Tower,13,24,12,0,49,0,4,28,0,32,13,28,40,0,81,28,4,32,113
11/01/2009,RAP,SD,AGL,WE,Federal Contract Tower,8,17,8,4,37,0,0,13,0,13,8,17,21,4,50,12,0,12,62
11/02/2009,RAP,SD,AGL,WE,Federal Contract Tower,12,25,9,1,47,0,2,39,0,41,12,27,48,1,88,40,0,40,128
11/03/2009,RAP,SD,AGL,WE,Federal Contract Tower,9,24,11,0,44,0,2,31,10,43,9,26,42,10,87,26,4,30,117
11/04/2009,RAP,SD,AGL,WE,Federal Contract Tower,11,25,18,0,54,0,0,40,7,47,11,25,58,7,101,14,0,14,115
11/05/2009,RAP,SD,AGL,WE,Federal Contract Tower,8,29,23,0,60,0,3,33,11,47,8,32,56,11,107,50,0,50,157
11/06/2009,RAP,SD,AGL,WE,Federal Contract Tower,11,29,5,2,47,0,1,35,15,51,11,30,40,17,98,18,0,18,116
11/07/2009,RAP,SD,AGL,WE,Federal Contract Tower,11,23,4,2,40,0,8,49,23,80,11,31,53,25,120,16,0,16,136
11/08/2009,RAP,SD,AGL,WE,Federal Contract Tower,7,26,15,1,49,0,5,22,7,34,7,31,37,8,83,0,6,6,89
11/09/2009,RAP,SD,AGL,WE,Federal Contract Tower,11,28,6,0,45,0,10,28,0,38,11,38,34,0,83,52,0,52,135
11/10/2009,RAP,SD,AGL,WE,Federal Contract Tower,12,21,13,0,46,0,0,18,6,24,12,21,31,6,70,8,0,8,78
11/11/2009,RAP,SD,AGL,WE,Federal Contract Tower,11,25,21,2,59,0,0,43,1,44,11,25,64,3,103,86,0,86,189
11/12/2009,RAP,SD,AGL,WE,Federal Contract Tower,9,33,23,0,65,0,2,13,11,26,9,35,36,11,91,24,0,24,115
11/13/2009,RAP,SD,AGL,WE,Federal Contract Tower,11,31,23,0,65,0,3,8,2,13,11,34,31,2,78,6,0,6,84
11/14/2009,RAP,SD,AGL,WE,Federal Contract Tower,10,22,8,0,40,0,5,34,0,39,10,27,42,0,79,36,0,36,115
11/15/2009,RAP,SD,AGL,WE,Federal Contract Tower,8,19,10,0,37,0,2,24,1,27,8,21,34,1,64,8,0,8,72
11/16/2009,RAP,SD,AGL,WE,Federal Contract Tower,12,26,18,0,56,0,3,27,0,30,12,29,45,0,86,26,0,26,112
11/17/2009,RAP,SD,AGL,WE,Federal Contract Tower,10,24,26,0,60,0,0,35,3,38,10,24,61,3,98,38,0,38,136
11/18/2009,RAP,SD,AGL,WE,Federal Contract Tower,11,31,25,1,68,0,1,33,6,40,11,32,58,7,108,26,0,26,134
11/19/2009,RAP,SD,AGL,WE,Federal Contract Tower,10,29,20,0,59,0,0,39,9,48,10,29,59,9,107,22,8,30,137
11/20/2009,RAP,SD,AGL,WE,Federal Contract Tower,9,29,10,0,48,0,2,37,4,43,9,31,47,4,91,20,0,20,111
11/21/2009,RAP,SD,AGL,WE,Federal Contract Tower,12,25,12,0,49,0,3,40,4,47,12,28,52,4,96,46,0,46,142
11/22/2009,RAP,SD,AGL,WE,Federal Contract Tower,6,16,7,1,30,0,2,22,0,24,6,18,29,1,54,12,0,12,66
11/23/2009,RAP,SD,AGL,WE,Federal Contract Tower,11,21,7,4,43,0,2,10,0,12,11,23,17,4,55,2,0,2,57
11/24/2009,RAP,SD,AGL,WE,Federal Contract Tower,10,34,8,3,55,0,0,26,2,28,10,34,34,5,83,0,0,0,83
11/25/2009,RAP,SD,AGL,WE,Federal Contract Tower,11,30,21,2,64,0,2,34,1,37,11,32,55,3,101,16,0,16,117
11/26/2009,RAP,SD,AGL,WE,Federal Contract Tower,6,14,4,0,24,0,1,8,0,9,6,15,12,0,33,6,0,6,39
11/27/2009,RAP,SD,AGL,WE,Federal Contract Tower,11,22,8,0,41,0,3,15,0,18,11,25,23,0,59,0,0,0,59
11/28/2009,RAP,SD,AGL,WE,Federal Contract Tower,12,25,7,0,44,0,5,11,0,16,12,30,18,0,60,12,0,12,72
11/29/2009,RAP,SD,AGL,WE,Federal Contract Tower,11,18,14,0,43,0,6,15,0,21,11,24,29,0,64,22,0,22,86
11/30/2009,RAP,SD,AGL,WE,Federal Contract Tower,10,24,17,0,51,0,0,31,0,31,10,24,48,0,82,16,0,16,98
12/01/2009,RAP,SD,AGL,WE,Federal Contract Tower,10,28,21,0,59,0,3,5,0,8,10,31,26,0,67,0,0,0,67
12/02/2009,RAP,SD,AGL,WE,Federal Contract Tower,7,34,17,1,59,0,4,6,1,11,7,38,23,2,70,0,0,0,70
12/03/2009,RAP,SD,AGL,WE,Federal Contract Tower,11,32,14,1,58,0,0,3,14,17,11,32,17,15,75,0,0,0,75
12/04/2009,RAP,SD,AGL,WE,Federal Contract Tower,11,30,14,2,57,0,4,26,6,36,11,34,40,8,93,34,0,34,127
12/05/2009,RAP,SD,AGL,WE,Federal Contract Tower,11,28,8,2,49,0,2,6,18,26,11,30,14,20,75,28,0,28,103
12/06/2009,RAP,SD,AGL,WE,Federal Contract Tower,11,19,10,4,44,0,0,0,0,0,11,19,10,4,44,0,0,0,44
12/07/2009,RAP,SD,AGL,WE,Federal Contract Tower,12,35,15,0,62,0,0,0,0,0,12,35,15,0,62,0,0,0,62
12/08/2009,RAP,SD,AGL,WE,Federal Contract Tower,11,27,5,0,43,0,0,0,0,0,11,27,5,0,43,0,0,0,43
12/09/2009,RAP,SD,AGL,WE,Federal Contract Tower,9,331,9,1,350,0,0,9,0,9,9,331,18,1,359,0,0,0,359
12/10/2009,RAP,SD,AGL,WE,Federal Contract Tower,10,27,32,2,71,0,3,12,14,29,10,30,44,16,100,28,0,28,128
12/11/2009,RAP,SD,AGL,WE,Federal Contract Tower,11,28,30,0,69,0,1,23,9,33,11,29,53,9,102,4,12,16,118
12/12/2009,RAP,SD,AGL,WE,Federal Contract Tower,11,23,7,3,44,0,4,19,0,23,11,27,26,3,67,66,0,66,133
12/13/2009,RAP,SD,AGL,WE,Federal Contract Tower,10,22,2,0,34,0,0,0,0,0,10,22,2,0,34,0,0,0,34
12/14/2009,RAP,SD,AGL,WE,Federal Contract Tower,13,25,8,2,48,0,1,4,1,6,13,26,12,3,54,6,0,6,60
12/15/2009,RAP,SD,AGL,WE,Federal Contract Tower,9,26,18,3,56,0,0,19,4,23,9,26,37,7,79,30,4,34,113
12/16/2009,RAP,SD,AGL,WE,Federal Contract Tower,9,33,36,4,82,0,2,41,3,46,9,35,77,7,128,38,4,42,170
12/17/2009,RAP,SD,AGL,WE,Federal Contract Tower,9,37,22,3,71,0,3,42,26,71,9,40,64,29,142,40,30,70,212
12/18/2009,RAP,SD,AGL,WE,Federal Contract Tower,9,34,14,2,59,0,1,17,10,28,9,35,31,12,87,2,0,2,89
12/19/2009,RAP,SD,AGL,WE,Federal Contract Tower,9,28,12,0,49,0,1,30,1,32,9,29,42,1,81,46,0,46,127
12/20/2009,RAP,SD,AGL,WE,Federal Contract Tower,7,29,6,2,44,0,5,13,0,18,7,34,19,2,62,42,0,42,104
12/21/2009,RAP,SD,AGL,WE,Federal Contract Tower,8,20,5,0,33,0,0,0,0,0,8,20,5,0,33,0,0,0,33
12/22/2009,RAP,SD,AGL,WE,Federal Contract Tower,2,5,1,0,8,0,0,0,0,0,2,5,1,0,8,0,0,0,8
12/23/2009,RAP,SD,AGL,WE,Federal Contract Tower,9,21,3,0,33,0,0,0,0,0,9,21,3,0,33,0,0,0,33
12/24/2009,RAP,SD,AGL,WE,Federal Contract Tower,12,35,4,0,51,0,5,0,0,5,12,40,4,0,56,6,0,6,62
12/25/2009,RAP,SD,AGL,WE,Federal Contract Tower,1,2,0,0,3,0,0,0,0,0,1,2,0,0,3,0,0,0,3
12/26/2009,RAP,SD,AGL,WE,Federal Contract Tower,4,4,0,0,8,0,0,0,0,0,4,4,0,0,8,0,0,0,8
12/27/2009,RAP,SD,AGL,WE,Federal Contract Tower,9,25,8,0,42,0,0,1,0,1,9,25,9,0,43,0,0,0,43
12/28/2009,RAP,SD,AGL,WE,Federal Contract Tower,9,43,7,0,59,0,1,15,0,16,9,44,22,0,75,28,0,28,103
12/29/2009,RAP,SD,AGL,WE,Federal Contract Tower,11,36,13,5,65,0,0,17,21,38,11,36,30,26,103,4,0,4,107
12/30/2009,RAP,SD,AGL,WE,Federal Contract Tower,7,35,18,3,63,0,1,21,6,28,7,36,39,9,91,38,22,60,151
12/31/2009,RAP,SD,AGL,WE,Federal Contract Tower,9,32,6,0,47,0,0,0,2,2,9,32,6,2,49,14,0,14,63
01/01/2010,RAP,SD,AGL,WE,Federal Contract Tower,12,29,5,0,46,0,0,4,0,4,12,29,9,0,50,4,0,4,54
01/02/2010,RAP,SD,AGL,WE,Federal Contract Tower,13,29,2,0,44,0,3,7,0,10,13,32,9,0,54,42,0,42,96
01/03/2010,RAP,SD,AGL,WE,Federal Contract Tower,9,27,10,0,46,0,0,0,0,0,9,27,10,0,46,0,0,0,46
01/04/2010,RAP,SD,AGL,WE,Federal Contract Tower,11,14,7,0,32,0,0,0,0,0,11,14,7,0,32,0,0,0,32
01/05/2010,RAP,SD,AGL,WE,Federal Contract Tower,5,30,2,0,37,0,0,0,0,0,5,30,2,0,37,0,0,0,37
01/06/2010,RAP,SD,AGL,WE,Federal Contract Tower,2,12,5,4,23,0,0,0,0,0,2,12,5,4,23,0,0,0,23
01/07/2010,RAP,SD,AGL,WE,Federal Contract Tower,7,27,18,0,52,0,1,9,11,21,7,28,27,11,73,22,2,24,97
01/08/2010,RAP,SD,AGL,WE,Federal Contract Tower,8,29,17,6,60,0,0,15,17,32,8,29,32,23,92,6,18,24,116
01/09/2010,RAP,SD,AGL,WE,Federal Contract Tower,8,29,9,0,46,0,2,18,0,20,8,31,27,0,66,34,0,34,100
01/10/2010,RAP,SD,AGL,WE,Federal Contract Tower,8,24,2,2,36,0,0,16,4,20,8,24,18,6,56,50,2,52,108
01/11/2010,RAP,SD,AGL,WE,Federal Contract Tower,7,33,14,1,55,0,0,16,0,16,7,33,30,1,71,16,0,16,87
01/12/2010,RAP,SD,AGL,WE,Federal Contract Tower,5,31,19,3,58,0,1,25,7,33,5,32,44,10,91,14,0,14,105
01/13/2010,RAP,SD,AGL,WE,Federal Contract Tower,10,27,11,0,48,0,0,24,16,40,10,27,35,16,88,20,0,20,108
01/14/2010,RAP,SD,AGL,WE,Federal Contract Tower,8,36,19,2,65,0,3,16,26,45,8,39,35,28,110,20,12,32,142
01/15/2010,RAP,SD,AGL,WE,Federal Contract Tower,8,32,18,8,66,0,3,17,8,28,8,35,35,16,94,26,4,30,124
01/16/2010,RAP,SD,AGL,WE,Federal Contract Tower,8,22,5,1,36,0,4,36,1,41,8,26,41,2,77,70,0,70,147
01/17/2010,RAP,SD,AGL,WE,Federal Contract Tower,6,20,7,0,33,0,2,14,0,16,6,22,21,0,49,18,0,18,67
01/18/2010,RAP,SD,AGL,WE,Federal Contract Tower,7,33,15,4,59,0,0,13,0,13,7,33,28,4,72,10,0,10,82
01/19/2010,RAP,SD,AGL,WE,Federal Contract Tower,6,31,12,0,49,0,1,20,2,23,6,32,32,2,72,16,0,16,88
01/20/2010,RAP,SD,AGL,WE,Federal Contract Tower,6,18,9,0,33,0,0,3,3,6,6,18,12,3,39,2,0,2,41
01/21/2010,RAP,SD,AGL,WE,Federal Contract Tower,5,27,16,1,49,0,4,4,21,29,5,31,20,22,78,14,28,42,120
01/22/2010,RAP,SD,AGL,WE,Federal Contract Tower,7,28,4,0,39,0,0,0,0,0,7,28,4,0,39,0,0,0,39
01/23/2010,RAP,SD,AGL,WE,Federal Contract Tower,8,26,8,0,42,0,0,3,0,3,8,26,11,0,45,0,0,0,45
01/24/2010,RAP,SD,AGL,WE,Federal Contract Tower,5,21,2,0,28,0,0,0,0,0,5,21,2,0,28,0,0,0,28
01/25/2010,RAP,SD,AGL,WE,Federal Contract Tower,8,26,4,0,38,0,3,8,0,11,8,29,12,0,49,0,0,0,49
01/26/2010,RAP,SD,AGL,WE,Federal Contract Tower,6,27,18,3,54,0,1,15,6,22,6,28,33,9,76,22,0,22,98
01/27/2010,RAP,SD,AGL,WE,Federal Contract Tower,8,30,14,2,54,0,2,8,10,20,8,32,22,12,74,2,0,2,76
01/28/2010,RAP,SD,AGL,WE,Federal Contract Tower,4,32,25,2,63,0,2,38,18,58,4,34,63,20,121,44,20,64,185
01/29/2010,RAP,SD,AGL,WE,Federal Contract Tower,8,28,20,1,57,0,0,23,14,37,8,28,43,15,94,42,6,48,142
01/30/2010,RAP,SD,AGL,WE,Federal Contract Tower,8,19,11,0,38,0,3,17,0,20,8,22,28,0,58,52,0,52,110
01/31/2010,RAP,SD,AGL,WE,Federal Contract Tower,5,25,11,0,41,0,1,5,0,6,5,26,16,0,47,0,0,0,47
02/01/2010,RAP,SD,AGL,WE,Federal Contract Tower,6,30,13,0,49,0,0,1,0,1,6,30,14,0,50,0,0,0,50
02/02/2010,RAP,SD,AGL,WE,Federal Contract Tower,6,31,11,4,52,0,0,13,5,18,6,31,24,9,70,34,4,38,108
02/03/2010,RAP,SD,AGL,WE,Federal Contract Tower,10,33,17,3,63,0,2,33,12,47,10,35,50,15,110,104,2,106,216
02/04/2010,RAP,SD,AGL,WE,Federal Contract Tower,7,35,20,3,65,0,0,1,0,1,7,35,21,3,66,0,0,0,66
02/05/2010,RAP,SD,AGL,WE,Federal Contract Tower,8,32,17,1,58,0,0,3,22,25,8,32,20,23,83,0,18,18,101
02/06/2010,RAP,SD,AGL,WE,Federal Contract Tower,8,23,6,2,39,0,0,11,10,21,8,23,17,12,60,20,6,26,86
02/07/2010,RAP,SD,AGL,WE,Federal Contract Tower,4,22,7,5,38,0,0,0,11,11,4,22,7,16,49,0,2,2,51
02/08/2010,RAP,SD,AGL,WE,Federal Contract Tower,6,31,10,2,49,0,0,6,0,6,6,31,16,2,55,16,0,16,71
02/09/2010,RAP,SD,AGL,WE,Federal Contract Tower,5,29,14,3,51,0,0,14,20,34,5,29,28,23,85,10,0,10,95
02/10/2010,RAP,SD,AGL,WE,Federal Contract Tower,9,31,16,3,59,0,2,26,8,36,9,33,42,11,95,36,0,36,131
02/11/2010,RAP,SD,AGL,WE,Federal Contract Tower,12,33,9,1,55,0,1,19,16,36,12,34,28,17,91,6,12,18,109
02/12/2010,RAP,SD,AGL,WE,Federal Contract Tower,12,31,10,0,53,0,0,20,6,26,12,31,30,6,79,44,0,44,123
02/13/2010,RAP,SD,AGL,WE,Federal Contract Tower,13,17,4,0,34,0,0,0,0,0,13,17,4,0,34,0,0,0,34
02/14/2010,RAP,SD,AGL,WE,Federal Contract Tower,8,19,7,0,34,0,0,7,0,7,8,19,14,0,41,0,0,0,41
02/15/2010,RAP,SD,AGL,WE,Federal Contract Tower,11,33,10,2,56,0,3,33,2,38,11,36,43,4,94,28,0,28,122
02/16/2010,RAP,SD,AGL,WE,Federal Contract Tower,11,28,18,2,59,0,0,17,2,19,11,28,35,4,78,8,4,12,90
02/17/2010,RAP,SD,AGL,WE,Federal Contract Tower,13,28,19,1,61,0,0,4,5,9,13,28,23,6,70,18,0,18,88
02/18/2010,RAP,SD,AGL,WE,Federal Contract Tower,11,30,3,3,47,0,0,7,17,24,11,30,10,20,71,28,10,38,109
02/19/2010,RAP,SD,AGL,WE,Federal Contract Tower,11,31,16,4,62,0,1,11,12,24,11,32,27,16,86,10,10,20,106
02/20/2010,RAP,SD,AGL,WE,Federal Contract Tower,10,20,4,0,34,0,0,4,0,4,10,20,8,0,38,0,0,0,38
02/21/2010,RAP,SD,AGL,WE,Federal Contract Tower,6,24,7,6,43,0,0,4,13,17,6,24,11,19,60,0,0,0,60
02/22/2010,RAP,SD,AGL,WE,Federal Contract Tower,9,24,8,3,44,0,0,19,3,22,9,24,27,6,66,38,8,46,112
02/23/2010,RAP,SD,AGL,WE,Federal Contract Tower,9,27,19,0,55,0,0,6,4,10,9,27,25,4,65,8,0,8,73
02/24/2010,RAP,SD,AGL,WE,Federal Contract Tower,10,31,13,0,54,0,0,25,4,29,10,31,38,4,83,54,0,54,137
02/25/2010,RAP,SD,AGL,WE,Federal Contract Tower,12,26,17,2,57,0,0,6,5,11,12,26,23,7,68,8,0,8,76
02/26/2010,RAP,SD,AGL,WE,Federal Contract Tower,10,26,11,4,51,0,0,23,7,30,10,26,34,11,81,18,6,24,105
02/27/2010,RAP,SD,AGL,WE,Federal Contract Tower,8,22,4,0,34,0,1,35,10,46,8,23,39,10,80,18,6,24,104
02/28/2010,RAP,SD,AGL,WE,Federal Contract Tower,5,8,4,0,17,0,0,0,0,0,5,8,4,0,17,0,0,0,17
03/01/2010,RAP,SD,AGL,WE,Federal Contract Tower,8,32,9,1,50,0,2,9,0,11,8,34,18,1,61,22,0,22,83
03/02/2010,RAP,SD,AGL,WE,Federal Contract Tower,7,25,7,0,39,0,1,34,8,43,7,26,41,8,82,76,0,76,158
03/03/2010,RAP,SD,AGL,WE,Federal Contract Tower,4,10,12,1,27,0,0,12,0,12,4,10,24,1,39,12,0,12,51
03/04/2010,RAP,SD,AGL,WE,Federal Contract Tower,11,22,13,0,46,0,0,34,16,50,11,22,47,16,96,58,38,96,192
03/05/2010,RAP,SD,AGL,WE,Federal Contract Tower,8,26,4,0,38,0,0,0,0,0,8,26,4,0,38,0,0,0,38
03/06/2010,RAP,SD,AGL,WE,Federal Contract Tower,7,23,0,0,30,0,0,0,0,0,7,23,0,0,30,0,0,0,30
03/07/2010,RAP,SD,AGL,WE,Federal Contract Tower,4,17,6,2,29,0,0,6,2,8,4,17,12,4,37,6,0,6,43
03/08/2010,RAP,SD,AGL,WE,Federal Contract Tower,10,28,14,0,52,0,0,15,0,15,10,28,29,0,67,6,0,6,73
03/09/2010,RAP,SD,AGL,WE,Federal Contract Tower,7,29,10,0,46,0,0,4,2,6,7,29,14,2,52,0,0,0,52
03/10/2010,RAP,SD,AGL,WE,Federal Contract Tower,9,31,19,1,60,0,0,2,7,9,9,31,21,8,69,0,4,4,73
03/11/2010,RAP,SD,AGL,WE,Federal Contract Tower,12,28,13,0,53,0,1,5,25,31,12,29,18,25,84,0,2,2,86
03/12/2010,RAP,SD,AGL,WE,Federal Contract Tower,9,30,21,3,63,0,0,22,4,26,9,30,43,7,89,6,0,6,95
03/13/2010,RAP,SD,AGL,WE,Federal Contract Tower,7,25,8,0,40,0,2,31,0,33,7,27,39,0,73,32,0,32,105
03/14/2010,RAP,SD,AGL,WE,Federal Contract Tower,9,21,9,0,39,0,0,0,0,0,9,21,9,0,39,0,0,0,39
03/15/2010,RAP,SD,AGL,WE,Federal Contract Tower,11,25,26,0,62,0,2,22,0,24,11,27,48,0,86,44,0,44,130
03/16/2010,RAP,SD,AGL,WE,Federal Contract Tower,7,28,22,2,59,0,2,31,4,37,7,30,53,6,96,44,0,44,140
03/17/2010,RAP,SD,AGL,WE,Federal Contract Tower,9,30,13,0,52,0,1,64,9,74,9,31,77,9,126,66,0,66,192
03/18/2010,RAP,SD,AGL,WE,Federal Contract Tower,8,31,16,5,60,0,0,9,23,32,8,31,25,28,92,12,0,12,104
03/19/2010,RAP,SD,AGL,WE,Federal Contract Tower,8,36,12,4,60,0,0,1,3,4,8,36,13,7,64,0,0,0,64
03/20/2010,RAP,SD,AGL,WE,Federal Contract Tower,6,19,10,0,35,0,0,19,1,20,6,19,29,1,55,82,0,82,137
03/21/2010,RAP,SD,AGL,WE,Federal Contract Tower,4,19,5,0,28,0,1,26,2,29,4,20,31,2,57,18,0,18,75
03/22/2010,RAP,SD,AGL,WE,Federal Contract Tower,11,25,17,1,54,0,0,24,5,29,11,25,41,6,83,18,0,18,101
03/23/2010,RAP,SD,AGL,WE,Federal Contract Tower,6,25,11,1,43,0,0,0,0,0,6,25,11,1,43,0,0,0,43
03/24/2010,RAP,SD,AGL,WE,Federal Contract Tower,6,30,28,2,66,0,2,41,7,50,6,32,69,9,116,66,2,68,184
03/25/2010,RAP,SD,AGL,WE,Federal Contract Tower,7,29,23,3,62,0,8,36,19,63,7,37,59,22,125,16,0,16,141
03/26/2010,RAP,SD,AGL,WE,Federal Contract Tower,9,32,14,4,59,0,1,24,9,34,9,33,38,13,93,64,6,70,163
03/27/2010,RAP,SD,AGL,WE,Federal Contract Tower,7,22,8,0,37,0,1,5,0,6,7,23,13,0,43,4,0,4,47
03/28/2010,RAP,SD,AGL,WE,Federal Contract Tower,5,21,10,1,37,0,4,43,5,52,5,25,53,6,89,74,2,76,165
03/29/2010,RAP,SD,AGL,WE,Federal Contract Tower,11,27,16,1,55,0,1,30,0,31,11,28,46,1,86,32,0,32,118
03/30/2010,RAP,SD,AGL,WE,Federal Contract Tower,7,30,17,4,58,0,2,23,6,31,7,32,40,10,89,48,6,54,143
03/31/2010,RAP,SD,AGL,WE,Federal Contract Tower,11,28,18,2,59,0,0,35,15,50,11,28,53,17,109,32,12,44,153
04/01/2010,RAP,SD,AGL,WE,Federal Contract Tower,9,29,14,1,53,0,0,15,7,22,9,29,29,8,75,10,20,30,105
04/02/2010,RAP,SD,AGL,WE,Federal Contract Tower,8,29,0,2,39,0,1,2,0,3,8,30,2,2,42,0,0,0,42
04/03/2010,RAP,SD,AGL,WE,Federal Contract Tower,9,21,2,0,32,0,3,15,4,22,9,24,17,4,54,8,2,10,64
04/04/2010,RAP,SD,AGL,WE,Federal Contract Tower,7,23,11,0,41,0,0,14,0,14,7,23,25,0,55,14,0,14,69
04/05/2010,RAP,SD,AGL,WE,Federal Contract Tower,11,24,18,0,53,0,2,19,0,21,11,26,37,0,74,22,0,22,96
04/06/2010,RAP,SD,AGL,WE,Federal Contract Tower,7,44,18,2,71,0,0,8,5,13,7,44,26,7,84,8,0,8,92
04/07/2010,RAP,SD,AGL,WE,Federal Contract Tower,11,38,35,2,86,0,0,26,10,36,11,38,61,12,122,68,0,68,190
04/08/2010,RAP,SD,AGL,WE,Federal Contract Tower,8,46,25,0,79,0,2,63,31,96,8,48,88,31,175,78,48,126,301
04/09/2010,RAP,SD,AGL,WE,Federal Contract Tower,7,49,25,5,86,0,10,37,24,71,7,59,62,29,157,20,36,56,213
04/10/2010,RAP,SD,AGL,WE,Federal Contract Tower,6,35,10,1,52,0,4,29,5,38,6,39,39,6,90,52,6,58,148
04/11/2010,RAP,SD,AGL,WE,Federal Contract Tower,6,33,10,2,51,0,3,19,9,31,6,36,29,11,82,8,0,8,90
04/12/2010,RAP,SD,AGL,WE,Federal Contract Tower,7,39,17,1,64,0,1,30,0,31,7,40,47,1,95,22,0,22,117
04/13/2010,RAP,SD,AGL,WE,Federal Contract Tower,4,41,8,0,53,0,2,11,6,19,4,43,19,6,72,0,0,0,72
04/14/2010,RAP,SD,AGL,WE,Federal Contract Tower,8,42,8,0,58,0,3,22,28,53,8,45,30,28,111,6,2,8,119
04/15/2010,RAP,SD,AGL,WE,Federal Contract Tower,5,44,26,4,79,0,1,22,25,48,5,45,48,29,127,10,12,22,149
04/16/2010,RAP,SD,AGL,WE,Federal Contract Tower,8,40,20,0,68,0,2,53,10,65,8,42,73,10,133,98,2,100,233
04/17/2010,RAP,SD,AGL,WE,Federal Contract Tower,8,33,9,0,50,0,0,41,0,41,8,33,50,0,91,44,0,44,135
04/18/2010,RAP,SD,AGL,WE,Federal Contract Tower,5,33,11,0,49,0,3,26,0,29,5,36,37,0,78,20,0,20,98
04/19/2010,RAP,SD,AGL,WE,Federal Contract Tower,9,37,14,0,60,0,0,27,2,29,9,37,41,2,89,18,0,18,107
04/20/2010,RAP,SD,AGL,WE,Federal Contract Tower,7,39,19,0,65,0,5,18,4,27,7,44,37,4,92,60,0,60,152
04/21/2010,RAP,SD,AGL,WE,Federal Contract Tower,7,43,16,5,71,0,3,24,19,46,7,46,40,24,117,34,6,40,157
04/22/2010,RAP,SD,AGL,WE,Federal Contract Tower,5,41,7,0,53,0,4,5,8,17,5,45,12,8,70,0,10,10,80
04/23/2010,RAP,SD,AGL,WE,Federal Contract Tower,10,43,31,2,86,0,0,0,0,0,10,43,31,2,86,0,0,0,86
04/24/2010,RAP,SD,AGL,WE,Federal Contract Tower,7,36,10,1,54,0,1,7,0,8,7,37,17,1,62,8,0,8,70
04/25/2010,RAP,SD,AGL,WE,Federal Contract Tower,5,43,16,0,64,0,0,6,0,6,5,43,22,0,70,4,0,4,74
04/26/2010,RAP,SD,AGL,WE,Federal Contract Tower,11,37,24,0,72,0,0,9,1,10,11,37,33,1,82,0,0,0,82
04/27/2010,RAP,SD,AGL,WE,Federal Contract Tower,6,41,11,3,61,0,0,74,7,81,6,41,85,10,142,98,0,98,240
04/28/2010,RAP,SD,AGL,WE,Federal Contract Tower,7,42,15,1,65,0,0,21,18,39,7,42,36,19,104,48,0,48,152
04/29/2010,RAP,SD,AGL,WE,Federal Contract Tower,8,41,17,1,67,2,2,19,16,39,10,43,36,17,106,40,12,52,158
04/30/2010,RAP,SD,AGL,WE,Federal Contract Tower,7,44,9,0,60,0,0,2,8,10,7,44,11,8,70,0,0,0,70
05/01/2010,RAP,SD,AGL,WE,Federal Contract Tower,7,33,6,0,46,0,4,10,2,16,7,37,16,2,62,2,0,2,64
05/02/2010,RAP,SD,AGL,WE,Federal Contract Tower,4,33,10,2,49,0,1,6,5,12,4,34,16,7,61,0,0,0,61
05/03/2010,RAP,SD,AGL,WE,Federal Contract Tower,7,42,9,5,63,0,1,49,2,52,7,43,58,7,115,32,0,32,147
05/04/2010,RAP,SD,AGL,WE,Federal Contract Tower,6,41,18,2,67,0,3,6,0,9,6,44,24,2,76,2,0,2,78
05/05/2010,RAP,SD,AGL,WE,Federal Contract Tower,10,43,20,0,73,0,1,13,10,24,10,44,33,10,97,16,0,16,113
05/06/2010,RAP,SD,AGL,WE,Federal Contract Tower,5,48,11,4,68,0,1,1,7,9,5,49,12,11,77,0,0,0,77
05/07/2010,RAP,SD,AGL,WE,Federal Contract Tower,7,46,16,0,69,0,0,9,2,11,7,46,25,2,80,0,0,0,80
05/08/2010,RAP,SD,AGL,WE,Federal Contract Tower,7,33,6,2,48,0,0,35,3,38,7,33,41,5,86,10,10,20,106
05/09/2010,RAP,SD,AGL,WE,Federal Contract Tower,6,35,5,0,46,0,0,18,1,19,6,35,23,1,65,8,0,8,73
05/10/2010,RAP,SD,AGL,WE,Federal Contract Tower,8,46,13,0,67,0,0,0,0,0,8,46,13,0,67,0,0,0,67
05/11/2010,RAP,SD,AGL,WE,Federal Contract Tower,6,39,8,0,53,0,0,1,2,3,6,39,9,2,56,0,0,0,56
05/12/2010,RAP,SD,AGL,WE,Federal Contract Tower,8,46,18,2,74,0,0,0,0,0,8,46,18,2,74,0,0,0,74
05/13/2010,RAP,SD,AGL,WE,Federal Contract Tower,5,46,20,3,74,0,0,18,1,19,5,46,38,4,93,34,0,34,127
05/14/2010,RAP,SD,AGL,WE,Federal Contract Tower,7,45,21,0,73,0,1,65,13,79,7,46,86,13,152,46,0,46,198
05/15/2010,RAP,SD,AGL,WE,Federal Contract Tower,8,35,11,1,55,0,1,11,3,15,8,36,22,4,70,8,0,8,78
05/16/2010,RAP,SD,AGL,WE,Federal Contract Tower,8,36,14,2,60,0,1,37,0,38,8,37,51,2,98,2,0,2,100
05/17/2010,RAP,SD,AGL,WE,Federal Contract Tower,8,42,20,2,72,0,1,43,0,44,8,43,63,2,116,48,0,48,164
05/18/2010,RAP,SD,AGL,WE,Federal Contract Tower,6,49,11,0,66,0,1,32,2,35,6,50,43,2,101,48,0,48,149
05/19/2010,RAP,SD,AGL,WE,Federal Contract Tower,10,45,27,2,84,0,3,24,1,28,10,48,51,3,112,26,0,26,138
05/20/2010,RAP,SD,AGL,WE,Federal Contract Tower,6,39,31,1,77,0,1,33,17,51,6,40,64,18,128,40,0,40,168
05/21/2010,RAP,SD,AGL,WE,Federal Contract Tower,7,42,12,2,63,0,0,21,14,35,7,42,33,16,98,26,0,26,124
05/22/2010,RAP,SD,AGL,WE,Federal Contract Tower,7,38,9,0,54,0,0,7,20,27,7,38,16,20,81,2,10,12,93
05/23/2010,RAP,SD,AGL,WE,Federal Contract Tower,4,35,11,0,50,0,0,34,1,35,4,35,45,1,85,4,0,4,89
05/24/2010,RAP,SD,AGL,WE,Federal Contract Tower,8,42,15,4,69,0,0,1,0,1,8,42,16,4,70,0,0,0,70
05/25/2010,RAP,SD,AGL,WE,Federal Contract Tower,6,43,14,0,63,0,3,52,18,73,6,46,66,18,136,58,0,58,194
05/26/2010,RAP,SD,AGL,WE,Federal Contract Tower,9,40,23,2,74,0,3,33,22,58,9,43,56,24,132,28,0,28,160
05/27/2010,RAP,SD,AGL,WE,Federal Contract Tower,4,41,26,4,75,0,2,14,16,32,4,43,40,20,107,6,8,14,121
05/28/2010,RAP,SD,AGL,WE,Federal Contract Tower,7,40,22,1,70,0,5,39,2,46,7,45,61,3,116,48,0,48,164
05/29/2010,RAP,SD,AGL,WE,Federal Contract Tower,8,35,10,0,53,0,0,5,0,5,8,35,15,0,58,0,0,0,58
05/30/2010,RAP,SD,AGL,WE,Federal Contract Tower,6,26,7,0,39,0,2,32,0,34,6,28,39,0,73,0,54,54,127
05/31/2010,RAP,SD,AGL,WE,Federal Contract Tower,7,34,10,2,53,0,2,42,0,44,7,36,52,2,97,38,0,38,135
06/01/2010,RAP,SD,AGL,WE,Federal Contract Tower,7,40,17,0,64,0,7,24,2,33,7,47,41,2,97,2,0,2,99
06/02/2010,RAP,SD,AGL,WE,Federal Contract Tower,7,45,11,2,65,0,0,22,8,30,7,45,33,10,95,20,0,20,115
06/03/2010,RAP,SD,AGL,WE,Federal Contract Tower,5,43,27,4,79,0,4,29,8,41,5,47,56,12,120,26,10,36,156
06/04/2010,RAP,SD,AGL,WE,Federal Contract Tower,7,44,15,0,66,0,3,19,4,26,7,47,34,4,92,14,0,14,106
06/05/2010,RAP,SD,AGL,WE,Federal Contract Tower,9,32,12,0,53,0,2,27,2,31,9,34,39,2,84,16,0,16,100
06/06/2010,RAP,SD,AGL,WE,Federal Contract Tower,7,33,14,1,55,0,2,20,4,26,7,35,34,5,81,24,0,24,105
06/07/2010,RAP,SD,AGL,WE,Federal Contract Tower,9,39,29,1,78,0,1,13,9,23,9,40,42,10,101,2,0,2,103
06/08/2010,RAP,SD,AGL,WE,Federal Contract Tower,5,46,23,1,75,0,4,24,9,37,5,50,47,10,112,12,0,12,124
06/09/2010,RAP,SD,AGL,WE,Federal Contract Tower,10,44,26,3,83,0,0,48,11,59,10,44,74,14,142,28,4,32,174
06/10/2010,RAP,SD,AGL,WE,Federal Contract Tower,6,53,15,0,74,0,0,15,9,24,6,53,30,9,98,20,6,26,124
06/11/2010,RAP,SD,AGL,WE,Federal Contract Tower,9,44,24,1,78,0,3,22,10,35,9,47,46,11,113,22,12,34,147
06/12/2010,RAP,SD,AGL,WE,Federal Contract Tower,10,37,16,1,64,0,0,2,10,12,10,37,18,11,76,14,0,14,90
06/13/2010,RAP,SD,AGL,WE,Federal Contract Tower,8,40,21,4,73,0,0,5,11,16,8,40,26,15,89,0,32,32,121
06/14/2010,RAP,SD,AGL,WE,Federal Contract Tower,11,42,20,4,77,0,0,14,14,28,11,42,34,18,105,28,8,36,141
06/15/2010,RAP,SD,AGL,WE,Federal Contract Tower,7,45,18,4,74,0,2,42,11,55,7,47,60,15,129,40,0,40,169
06/16/2010,RAP,SD,AGL,WE,Federal Contract Tower,9,41,23,2,75,0,1,18,10,29,9,42,41,12,104,16,4,20,124
06/17/2010,RAP,SD,AGL,WE,Federal Contract Tower,7,48,19,5,79,0,2,11,12,25,7,50,30,17,104,0,0,0,104
06/18/2010,RAP,SD,AGL,WE,Federal Contract Tower,10,46,24,12,92,0,1,43,14,58,10,47,67,26,150,34,0,34,184
06/19/2010,RAP,SD,AGL,WE,Federal Contract Tower,8,43,13,2,66,0,1,35,13,49,8,44,48,15,115,30,2,32,147
06/20/2010,RAP,SD,AGL,WE,Federal Contract Tower,10,39,6,6,61,0,1,26,14,41,10,40,32,20,102,26,4,30,132
06/21/2010,RAP,SD,AGL,WE,Federal Contract Tower,14,38,22,8,82,0,1,27,4,32,14,39,49,12,114,16,0,16,130
06/22/2010,RAP,SD,AGL,WE,Federal Contract Tower,10,43,18,2,73,0,0,40,14,54,10,43,58,16,127,56,14,70,197
06/23/2010,RAP,SD,AGL,WE,Federal Contract Tower,12,36,34,6,88,0,0,49,12,61,12,36,83,18,149,98,0,98,247
06/24/2010,RAP,SD,AGL,WE,Federal Contract Tower,11,45,16,0,72,0,2,70,12,84,11,47,86,12,156,98,10,108,264
06/25/2010,RAP,SD,AGL,WE,Federal Contract Tower,11,40,11,0,62,0,3,49,2,54,11,43,60,2,116,84,0,84,200
06/26/2010,RAP,SD,AGL,WE,Federal Contract Tower,9,40,17,1,67,0,1,8,0,9,9,41,25,1,76,0,0,0,76
06/27/2010,RAP,SD,AGL,WE,Federal Contract Tower,11,38,21,3,73,0,4,60,1,65,11,42,81,4,138,8,0,8,146
06/28/2010,RAP,SD,AGL,WE,Federal Contract Tower,14,33,15,2,64,0,1,51,1,53,14,34,66,3,117,52,0,52,169
06/29/2010,RAP,SD,AGL,WE,Federal Contract Tower,11,42,23,0,76,0,3,47,5,55,11,45,70,5,131,48,0,48,179
06/30/2010,RAP,SD,AGL,WE,Federal Contract Tower,13,44,19,3,79,0,3,44,12,59,13,47,63,15,138,32,0,32,170
07/01/2010,RAP,SD,AGL,WE,Federal Contract Tower,10,46,17,2,75,0,1,44,15,60,10,47,61,17,135,44,10,54,189
07/02/2010,RAP,SD,AGL,WE,Federal Contract Tower,11,42,16,3,72,0,4,29,4,37,11,46,45,7,109,26,0,26,135
07/03/2010,RAP,SD,AGL,WE,Federal Contract Tower,9,40,15,2,66,0,5,18,0,23,9,45,33,2,89,6,0,6,95
07/04/2010,RAP,SD,AGL,WE,Federal Contract Tower,11,25,12,0,48,0,5,10,0,15,11,30,22,0,63,0,0,0,63
07/05/2010,RAP,SD,AGL,WE,Federal Contract Tower,11,44,14,0,69,0,2,38,0,40,11,46,52,0,109,18,0,18,127
07/06/2010,RAP,SD,AGL,WE,Federal Contract Tower,9,46,13,1,69,0,0,34,0,34,9,46,47,1,103,74,0,74,177
07/07/2010,RAP,SD,AGL,WE,Federal Contract Tower,14,47,38,0,99,0,4,40,7,51,14,51,78,7,150,58,0,58,208
07/08/2010,RAP,SD,AGL,WE,Federal Contract Tower,9,40,18,2,69,0,6,63,12,81,9,46,81,14,150,66,8,74,224
07/09/2010,RAP,SD,AGL,WE,Federal Contract Tower,12,41,20,0,73,0,4,38,4,46,12,45,58,4,119,42,0,42,161
07/10/2010,RAP,SD,AGL,WE,Federal Contract Tower,9,38,15,2,64,0,7,42,3,52,9,45,57,5,116,0,0,0,116
07/11/2010,RAP,SD,AGL,WE,Federal Contract Tower,11,33,9,1,54,0,2,25,6,33,11,35,34,7,87,16,0,16,103
07/12/2010,RAP,SD,AGL,WE,Federal Contract Tower,12,50,30,3,95,0,2,38,6,46,12,52,68,9,141,36,0,36,177
07/13/2010,RAP,SD,AGL,WE,Federal Contract Tower,9,41,19,0,69,0,1,32,9,42,9,42,51,9,111,30,0,30,141
07/14/2010,RAP,SD,AGL,WE,Federal Contract Tower,11,43,13,0,67,0,0,29,2,31,11,43,42,2,98,24,0,24,122
07/15/2010,RAP,SD,AGL,WE,Federal Contract Tower,10,44,28,1,83,0,3,64,13,80,10,47,92,14,163,0,33,33,196
07/16/2010,RAP,SD,AGL,WE,Federal Contract Tower,12,57,16,0,85,0,2,32,19,53,12,59,48,19,138,6,0,6,144
07/17/2010,RAP,SD,AGL,WE,Federal Contract Tower,8,38,13,0,59,19,0,27,16,62,27,38,40,16,121,16,0,16,137
07/18/2010,RAP,SD,AGL,WE,Federal Contract Tower,10,38,16,1,65,0,0,19,10,29,10,38,35,11,94,0,0,0,94
07/19/2010,RAP,SD,AGL,WE,Federal Contract Tower,12,40,19,2,73,0,2,23,0,25,12,42,42,2,98,8,0,8,106
07/20/2010,RAP,SD,AGL,WE,Federal Contract Tower,10,44,18,1,73,0,3,39,6,48,10,47,57,7,121,42,0,42,163
07/21/2010,RAP,SD,AGL,WE,Federal Contract Tower,11,45,33,2,91,0,1,39,12,52,11,46,72,14,143,16,28,44,187
07/22/2010,RAP,SD,AGL,WE,Federal Contract Tower,11,46,32,3,92,0,1,32,9,42,11,47,64,12,134,14,0,14,148
07/23/2010,RAP,SD,AGL,WE,Federal Contract Tower,13,40,31,3,87,0,0,40,1,41,13,40,71,4,128,0,0,0,128
07/24/2010,RAP,SD,AGL,WE,Federal Contract Tower,11,48,27,2,88,0,1,75,0,76,11,49,102,2,164,73,0,73,237
07/25/2010,RAP,SD,AGL,WE,Federal Contract Tower,9,45,31,2,87,0,2,53,2,57,9,47,84,4,144,53,0,53,197
07/26/2010,RAP,SD,AGL,WE,Federal Contract Tower,14,43,18,2,77,0,0,51,0,51,14,43,69,2,128,28,0,28,156
07/27/2010,RAP,SD,AGL,WE,Federal Contract Tower,9,48,28,0,85,0,2,54,6,62,9,50,82,6,147,58,0,58,205
07/28/2010,RAP,SD,AGL,WE,Federal Contract Tower,11,40,25,5,81,0,0,57,21,78,11,40,82,26,159,52,0,52,211
07/29/2010,RAP,SD,AGL,WE,Federal Contract Tower,9,42,25,4,80,0,1,58,10,69,9,43,83,14,149,47,0,47,196
07/30/2010,RAP,SD,AGL,WE,Federal Contract Tower,11,38,31,2,82,0,3,77,4,84,11,41,108,6,166,4,0,4,170
07/31/2010,RAP,SD,AGL,WE,Federal Contract Tower,11,40,14,4,69,0,0,73,0,73,11,40,87,4,142,32,0,32,174
08/01/2010,RAP,SD,AGL,WE,Federal Contract Tower,7,34,27,0,68,0,0,48,0,48,7,34,75,0,116,0,0,0,116
08/02/2010,RAP,SD,AGL,WE,Federal Contract Tower,12,37,22,4,75,0,3,40,1,44,12,40,62,5,119,10,0,10,129
08/03/2010,RAP,SD,AGL,WE,Federal Contract Tower,9,42,13,4,68,0,1,18,9,28,9,43,31,13,96,0,0,0,96
08/04/2010,RAP,SD,AGL,WE,Federal Contract Tower,12,41,31,3,87,0,2,47,26,75,12,43,78,29,162,40,0,40,202
08/05/2010,RAP,SD,AGL,WE,Federal Contract Tower,9,47,36,2,94,0,8,44,17,69,9,55,80,19,163,18,4,22,185
08/06/2010,RAP,SD,AGL,WE,Federal Contract Tower,14,42,29,2,87,0,4,45,12,61,14,46,74,14,148,6,10,16,164
08/07/2010,RAP,SD,AGL,WE,Federal Contract Tower,12,44,15,1,72,0,21,42,1,64,12,65,57,2,136,14,0,14,150
08/08/2010,RAP,SD,AGL,WE,Federal Contract Tower,12,35,23,2,72,0,5,32,2,39,12,40,55,4,111,8,0,8,119
08/09/2010,RAP,SD,AGL,WE,Federal Contract Tower,14,40,15,1,70,0,5,32,5,42,14,45,47,6,112,24,0,24,136
08/10/2010,RAP,SD,AGL,WE,Federal Contract Tower,11,44,35,1,91,0,11,52,9,72,11,55,87,10,163,24,2,26,189
08/11/2010,RAP,SD,AGL,WE,Federal Contract Tower,12,50,47,3,112,0,7,61,19,87,12,57,108,22,199,15,8,23,222
08/12/2010,RAP,SD,AGL,WE,Federal Contract Tower,11,41,27,4,83,0,6,42,19,67,11,47,69,23,150,4,2,6,156
08/13/2010,RAP,SD,AGL,WE,Federal Contract Tower,13,44,14,0,71,0,8,40,6,54,13,52,54,6,125,10,0,10,135
08/14/2010,RAP,SD,AGL,WE,Federal Contract Tower,28,35,19,0,82,0,1,26,2,29,28,36,45,2,111,8,0,8,119
08/15/2010,RAP,SD,AGL,WE,Federal Contract Tower,13,34,17,0,64,0,1,47,1,49,13,35,64,1,113,0,0,0,113
08/16/2010,RAP,SD,AGL,WE,Federal Contract Tower,14,37,23,0,74,0,3,41,0,44,14,40,64,0,118,26,0,26,144
08/17/2010,RAP,SD,AGL,WE,Federal Contract Tower,11,40,31,0,82,0,3,61,4,68,11,43,92,4,150,60,0,60,210
08/18/2010,RAP,SD,AGL,WE,Federal Contract Tower,12,38,31,0,81,0,1,52,8,61,12,39,83,8,142,58,0,58,200
08/19/2010,RAP,SD,AGL,WE,Federal Contract Tower,11,44,32,0,87,0,1,51,26,78,11,45,83,26,165,20,17,37,202
08/20/2010,RAP,SD,AGL,WE,Federal Contract Tower,10,42,38,0,90,0,2,68,12,82,10,44,106,12,172,55,4,59,231
08/21/2010,RAP,SD,AGL,WE,Federal Contract Tower,15,47,18,2,82,0,2,36,22,60,15,49,54,24,142,26,0,26,168
08/22/2010,RAP,SD,AGL,WE,Federal Contract Tower,15,29,11,0,55,0,0,26,0,26,15,29,37,0,81,8,0,8,89
08/23/2010,RAP,SD,AGL,WE,Federal Contract Tower,12,40,21,0,73,0,1,28,5,34,12,41,49,5,107,10,10,20,127
08/24/2010,RAP,SD,AGL,WE,Federal Contract Tower,6,47,28,4,85,0,2,40,6,48,6,49,68,10,133,66,4,70,203
08/25/2010,RAP,SD,AGL,WE,Federal Contract Tower,9,45,19,0,73,0,0,60,37,97,9,45,79,37,170,42,12,54,224
08/26/2010,RAP,SD,AGL,WE,Federal Contract Tower,8,44,17,0,69,0,1,41,11,53,8,45,58,11,122,18,0,18,140
08/27/2010,RAP,SD,AGL,WE,Federal Contract Tower,8,44,29,2,83,0,13,56,4,73,8,57,85,6,156,14,0,14,170
08/28/2010,RAP,SD,AGL,WE,Federal Contract Tower,7,38,10,0,55,0,3,20,1,24,7,41,30,1,79,12,0,12,91
08/29/2010,RAP,SD,AGL,WE,Federal Contract Tower,6,40,12,1,59,0,1,20,0,21,6,41,32,1,80,6,0,6,86
08/30/2010,RAP,SD,AGL,WE,Federal Contract Tower,6,52,26,2,86,0,3,10,0,13,6,55,36,2,99,6,4,10,109
08/31/2010,RAP,SD,AGL,WE,Federal Contract Tower,6,49,27,2,84,0,2,39,2,43,6,51,66,4,127,44,0,44,171
09/01/2010,RAP,SD,AGL,WE,Federal Contract Tower,10,43,28,0,81,0,0,27,8,35,10,43,55,8,116,16,0,16,132
09/02/2010,RAP,SD,AGL,WE,Federal Contract Tower,7,46,11,1,65,0,0,26,20,46,7,46,37,21,111,40,10,50,161
09/03/2010,RAP,SD,AGL,WE,Federal Contract Tower,7,43,28,2,80,0,2,49,4,55,7,45,77,6,135,22,8,30,165
09/04/2010,RAP,SD,AGL,WE,Federal Contract Tower,15,32,14,0,61,0,2,61,0,63,15,34,75,0,124,45,0,45,169
09/05/2010,RAP,SD,AGL,WE,Federal Contract Tower,10,32,14,0,56,0,2,22,0,24,10,34,36,0,80,4,0,4,84
09/06/2010,RAP,SD,AGL,WE,Federal Contract Tower,11,38,15,0,64,0,2,4,0,6,11,40,19,0,70,0,0,0,70
09/07/2010,RAP,SD,AGL,WE,Federal Contract Tower,4,38,10,0,52,0,1,43,0,44,4,39,53,0,96,26,0,26,122
09/08/2010,RAP,SD,AGL,WE,Federal Contract Tower,3,44,24,0,71,0,1,30,2,33,3,45,54,2,104,12,0,12,116
09/09/2010,RAP,SD,AGL,WE,Federal Contract Tower,1,45,25,0,71,0,1,50,15,66,1,46,75,15,137,51,12,63,200
09/10/2010,RAP,SD,AGL,WE,Federal Contract Tower,3,42,20,0,65,0,2,30,10,42,3,44,50,10,107,30,0,30,137
09/11/2010,RAP,SD,AGL,WE,Federal Contract Tower,6,33,16,1,56,0,1,39,17,57,6,34,55,18,113,18,0,18,131
09/12/2010,RAP,SD,AGL,WE,Federal Contract Tower,2,33,15,0,50,0,1,48,0,49,2,34,63,0,99,12,0,12,111
09/13/2010,RAP,SD,AGL,WE,Federal Contract Tower,3,42,11,0,56,0,2,39,0,41,3,44,50,0,97,14,0,14,111
09/14/2010,RAP,SD,AGL,WE,Federal Contract Tower,4,45,26,0,75,0,2,35,5,42,4,47,61,5,117,32,0,32,149
09/15/2010,RAP,SD,AGL,WE,Federal Contract Tower,3,47,22,0,72,0,5,2,13,20,3,52,24,13,92,0,0,0,92
09/16/2010,RAP,SD,AGL,WE,Federal Contract Tower,1,54,23,0,78,0,3,40,19,62,1,57,63,19,140,49,2,51,191
09/17/2010,RAP,SD,AGL,WE,Federal Contract Tower,3,39,30,1,73,0,1,17,3,21,3,40,47,4,94,0,0,0,94
09/18/2010,RAP,SD,AGL,WE,Federal Contract Tower,3,40,18,0,61,0,0,2,0,2,3,40,20,0,63,0,0,0,63
09/19/2010,RAP,SD,AGL,WE,Federal Contract Tower,2,37,21,0,60,0,1,16,0,17,2,38,37,0,77,0,0,0,77
09/20/2010,RAP,SD,AGL,WE,Federal Contract Tower,3,40,26,2,71,0,0,41,1,42,3,40,67,3,113,30,0,30,143
09/21/2010,RAP,SD,AGL,WE,Federal Contract Tower,1,45,13,0,59,0,0,16,0,16,1,45,29,0,75,25,2,27,102
09/22/2010,RAP,SD,AGL,WE,Federal Contract Tower,3,44,17,0,64,0,2,25,6,33,3,46,42,6,97,8,0,8,105
09/23/2010,RAP,SD,AGL,WE,Federal Contract Tower,2,43,25,4,74,0,3,6,16,25,2,46,31,20,99,0,8,8,107
09/24/2010,RAP,SD,AGL,WE,Federal Contract Tower,3,39,28,3,73,0,0,67,9,76,3,39,95,12,149,60,12,72,221
09/25/2010,RAP,SD,AGL,WE,Federal Contract Tower,1,37,8,1,47,0,1,27,0,28,1,38,35,1,75,44,4,48,123
09/26/2010,RAP,SD,AGL,WE,Federal Contract Tower,2,37,4,0,43,0,0,54,0,54,2,37,58,0,97,48,0,48,145
09/27/2010,RAP,SD,AGL,WE,Federal Contract Tower,4,36,27,0,67,0,3,24,6,33,4,39,51,6,100,6,10,16,116
09/28/2010,RAP,SD,AGL,WE,Federal Contract Tower,1,42,18,1,62,0,4,54,2,60,1,46,72,3,122,39,4,43,165
09/29/2010,RAP,SD,AGL,WE,Federal Contract Tower,3,45,29,1,78,0,0,26,4,30,3,45,55,5,108,6,0,6,114
09/30/2010,RAP,SD,AGL,WE,Federal Contract Tower,1,45,17,2,65,0,6,35,17,58,1,51,52,19,123,40,18,58,181
10/01/2010,RAP,SD,AGL,WE,Federal Contract Tower,5,44,20,0,69,0,4,24,14,42,5,48,44,14,111,4,10,14,125
10/02/2010,RAP,SD,AGL,WE,Federal Contract Tower,3,32,14,0,49,0,0,23,6,29,3,32,37,6,78,2,6,8,86
10/03/2010,RAP,SD,AGL,WE,Federal Contract Tower,2,36,15,2,55,0,0,23,5,28,2,36,38,7,83,6,6,12,95
10/04/2010,RAP,SD,AGL,WE,Federal Contract Tower,5,37,14,1,57,0,1,18,0,19,5,38,32,1,76,0,0,0,76
10/05/2010,RAP,SD,AGL,WE,Federal Contract Tower,1,40,31,3,75,0,0,29,19,48,1,40,60,22,123,26,0,26,149
10/06/2010,RAP,SD,AGL,WE,Federal Contract Tower,1,42,25,1,69,0,1,23,11,35,1,43,48,12,104,10,18,28,132
10/07/2010,RAP,SD,AGL,WE,Federal Contract Tower,1,51,20,2,74,0,0,28,19,47,1,51,48,21,121,32,24,56,177
10/08/2010,RAP,SD,AGL,WE,Federal Contract Tower,5,46,20,1,72,0,1,21,5,27,5,47,41,6,99,30,0,30,129
10/09/2010,RAP,SD,AGL,WE,Federal Contract Tower,2,31,25,0,58,0,1,10,0,11,2,32,35,0,69,10,0,10,79
10/10/2010,RAP,SD,AGL,WE,Federal Contract Tower,2,31,7,0,40,0,1,9,2,12,2,32,16,2,52,0,0,0,52
10/11/2010,RAP,SD,AGL,WE,Federal Contract Tower,5,43,17,0,65,0,0,20,0,20,5,43,37,0,85,2,0,2,87
10/12/2010,RAP,SD,AGL,WE,Federal Contract Tower,1,43,25,2,71,0,3,28,21,52,1,46,53,23,123,18,0,18,141
10/13/2010,RAP,SD,AGL,WE,Federal Contract Tower,4,44,19,1,68,0,5,38,28,71,4,49,57,29,139,12,0,12,151
10/14/2010,RAP,SD,AGL,WE,Federal Contract Tower,1,39,23,1,64,0,1,41,19,61,1,40,64,20,125,14,4,18,143
10/15/2010,RAP,SD,AGL,WE,Federal Contract Tower,5,43,25,0,73,0,2,35,19,56,5,45,60,19,129,10,22,32,161
10/16/2010,RAP,SD,AGL,WE,Federal Contract Tower,3,34,10,0,47,0,7,32,12,51,3,41,42,12,98,11,0,11,109
10/17/2010,RAP,SD,AGL,WE,Federal Contract Tower,2,36,15,4,57,0,3,37,6,46,2,39,52,10,103,12,0,12,115
10/18/2010,RAP,SD,AGL,WE,Federal Contract Tower,5,35,32,0,72,0,1,28,2,31,5,36,60,2,103,8,0,8,111
10/19/2010,RAP,SD,AGL,WE,Federal Contract Tower,1,39,11,3,54,0,0,26,2,28,1,39,37,5,82,32,0,32,114
10/20/2010,RAP,SD,AGL,WE,Federal Contract Tower,1,39,17,4,61,0,5,30,11,46,1,44,47,15,107,43,1,44,151
10/21/2010,RAP,SD,AGL,WE,Federal Contract Tower,1,48,32,1,82,0,1,52,14,67,1,49,84,15,149,64,12,76,225
10/22/2010,RAP,SD,AGL,WE,Federal Contract Tower,5,43,27,3,78,0,1,27,13,41,5,44,54,16,119,30,6,36,155
10/23/2010,RAP,SD,AGL,WE,Federal Contract Tower,1,32,23,2,58,0,0,1,0,1,1,32,24,2,59,0,0,0,59
10/24/2010,RAP,SD,AGL,WE,Federal Contract Tower,2,33,19,0,54,0,0,5,0,5,2,33,24,0,59,5,0,5,64
10/25/2010,RAP,SD,AGL,WE,Federal Contract Tower,5,46,33,0,84,0,0,19,1,20,5,46,52,1,104,0,2,2,106
10/26/2010,RAP,SD,AGL,WE,Federal Contract Tower,1,34,17,4,56,0,2,7,0,9,1,36,24,4,65,2,0,2,67
10/27/2010,RAP,SD,AGL,WE,Federal Contract Tower,1,40,11,0,52,0,0,12,2,14,1,40,23,2,66,4,2,6,72
10/28/2010,RAP,SD,AGL,WE,Federal Contract Tower,1,42,29,0,72,0,1,76,15,92,1,43,105,15,164,56,4,60,224
10/29/2010,RAP,SD,AGL,WE,Federal Contract Tower,5,47,21,0,73,0,1,39,2,42,5,48,60,2,115,68,0,68,183
10/30/2010,RAP,SD,AGL,WE,Federal Contract Tower,1,36,6,1,44,0,1,44,5,50,1,37,50,6,94,29,0,29,123
10/31/2010,RAP,SD,AGL,WE,Federal Contract Tower,1,36,15,0,52,0,2,13,0,15,1,38,28,0,67,0,0,0,67
11/01/2010,RAP,SD,AGL,WE,Federal Contract Tower,6,38,16,1,61,0,3,20,1,24,6,41,36,2,85,36,2,38,123
11/02/2010,RAP,SD,AGL,WE,Federal Contract Tower,1,44,14,0,59,0,6,35,4,45,1,50,49,4,104,34,6,40,144
11/03/2010,RAP,SD,AGL,WE,Federal Contract Tower,1,42,24,2,69,0,2,23,9,34,1,44,47,11,103,6,2,8,111
11/04/2010,RAP,SD,AGL,WE,Federal Contract Tower,1,35,20,0,56,0,0,70,9,79,1,35,90,9,135,136,5,141,276
11/05/2010,RAP,SD,AGL,WE,Federal Contract Tower,5,35,6,1,47,0,0,47,14,61,5,35,53,15,108,35,1,36,144
11/06/2010,RAP,SD,AGL,WE,Federal Contract Tower,1,30,2,0,33,0,2,35,11,48,1,32,37,11,81,6,0,6,87
11/07/2010,RAP,SD,AGL,WE,Federal Contract Tower,1,27,12,0,40,0,1,27,0,28,1,28,39,0,68,10,0,10,78
11/08/2010,RAP,SD,AGL,WE,Federal Contract Tower,5,33,5,4,47,0,5,25,1,31,5,38,30,5,78,25,0,25,103
11/09/2010,RAP,SD,AGL,WE,Federal Contract Tower,3,41,21,1,66,6,2,3,3,14,9,43,24,4,80,4,0,4,84
11/10/2010,RAP,SD,AGL,WE,Federal Contract Tower,1,39,28,2,70,0,0,10,16,26,1,39,38,18,96,16,8,24,120
11/11/2010,RAP,SD,AGL,WE,Federal Contract Tower,1,36,32,0,69,0,0,31,2,33,1,36,63,2,102,42,0,42,144
11/12/2010,RAP,SD,AGL,WE,Federal Contract Tower,5,42,17,0,64,0,0,32,7,39,5,42,49,7,103,20,8,28,131
11/13/2010,RAP,SD,AGL,WE,Federal Contract Tower,1,26,11,0,38,0,3,20,0,23,1,29,31,0,61,21,2,23,84
11/14/2010,RAP,SD,AGL,WE,Federal Contract Tower,1,27,17,3,48,0,2,11,0,13,1,29,28,3,61,14,0,14,75
11/15/2010,RAP,SD,AGL,WE,Federal Contract Tower,5,44,10,1,60,0,0,2,2,4,5,44,12,3,64,0,0,0,64
11/16/2010,RAP,SD,AGL,WE,Federal Contract Tower,2,45,20,2,69,0,0,10,6,16,2,45,30,8,85,4,0,4,89
11/17/2010,RAP,SD,AGL,WE,Federal Contract Tower,3,38,11,0,52,0,0,0,4,4,3,38,11,4,56,0,0,0,56
11/18/2010,RAP,SD,AGL,WE,Federal Contract Tower,1,40,7,0,48,0,2,36,7,45,1,42,43,7,93,26,8,34,127
11/19/2010,RAP,SD,AGL,WE,Federal Contract Tower,4,41,23,0,68,0,5,20,5,30,4,46,43,5,98,41,0,41,139
11/20/2010,RAP,SD,AGL,WE,Federal Contract Tower,1,36,12,0,49,0,0,2,0,2,1,36,14,0,51,6,0,6,57
11/21/2010,RAP,SD,AGL,WE,Federal Contract Tower,2,32,5,0,39,0,0,6,0,6,2,32,11,0,45,13,0,13,58
11/22/2010,RAP,SD,AGL,WE,Federal Contract Tower,5,32,14,0,51,0,3,6,2,11,5,35,20,2,62,0,0,0,62
11/23/2010,RAP,SD,AGL,WE,Federal Contract Tower,1,40,12,4,57,0,1,9,5,15,1,41,21,9,72,2,0,2,74
11/24/2010,RAP,SD,AGL,WE,Federal Contract Tower,1,41,17,1,60,0,2,8,7,17,1,43,25,8,77,0,0,0,77
11/25/2010,RAP,SD,AGL,WE,Federal Contract Tower,3,18,1,0,22,0,0,5,0,5,3,18,6,0,27,3,0,3,30
11/26/2010,RAP,SD,AGL,WE,Federal Contract Tower,4,27,5,0,36,0,0,39,3,42,4,27,44,3,78,26,8,34,112
11/27/2010,RAP,SD,AGL,WE,Federal Contract Tower,4,29,4,0,37,0,0,20,0,20,4,29,24,0,57,12,0,12,69
11/28/2010,RAP,SD,AGL,WE,Federal Contract Tower,1,32,9,0,42,0,2,8,0,10,1,34,17,0,52,8,0,8,60
11/29/2010,RAP,SD,AGL,WE,Federal Contract Tower,5,33,10,0,48,0,0,0,0,0,5,33,10,0,48,0,0,0,48
11/30/2010,RAP,SD,AGL,WE,Federal Contract Tower,1,39,14,2,56,0,1,16,0,17,1,40,30,2,73,10,2,12,85
12/01/2010,RAP,SD,AGL,WE,Federal Contract Tower,1,41,26,2,70,0,2,24,8,34,1,43,50,10,104,54,12,66,170
12/02/2010,RAP,SD,AGL,WE,Federal Contract Tower,3,41,22,1,67,0,2,27,16,45,3,43,49,17,112,60,6,66,178
12/03/2010,RAP,SD,AGL,WE,Federal Contract Tower,4,41,9,0,54,0,0,4,6,10,4,41,13,6,64,0,4,4,68
12/04/2010,RAP,SD,AGL,WE,Federal Contract Tower,3,32,9,0,44,0,0,9,9,18,3,32,18,9,62,0,0,0,62
12/05/2010,RAP,SD,AGL,WE,Federal Contract Tower,3,26,9,0,38,0,0,11,0,11,3,26,20,0,49,12,0,12,61
12/06/2010,RAP,SD,AGL,WE,Federal Contract Tower,5,28,23,2,58,0,0,25,0,25,5,28,48,2,83,38,0,38,121
12/07/2010,RAP,SD,AGL,WE,Federal Contract Tower,3,39,20,4,66,0,3,23,2,28,3,42,43,6,94,24,8,32,126
12/08/2010,RAP,SD,AGL,WE,Federal Contract Tower,1,33,21,3,58,0,1,39,10,50,1,34,60,13,108,64,0,64,172
12/09/2010,RAP,SD,AGL,WE,Federal Contract Tower,3,43,21,2,69,0,10,20,16,46,3,53,41,18,115,8,8,16,131
12/10/2010,RAP,SD,AGL,WE,Federal Contract Tower,5,32,18,2,57,0,2,12,0,14,5,34,30,2,71,6,0,6,77
12/11/2010,RAP,SD,AGL,WE,Federal Contract Tower,3,30,9,2,44,0,2,2,0,4,3,32,11,2,48,0,0,0,48
12/12/2010,RAP,SD,AGL,WE,Federal Contract Tower,4,23,5,2,34,0,3,17,0,20,4,26,22,2,54,2,0,2,56
12/13/2010,RAP,SD,AGL,WE,Federal Contract Tower,5,36,16,1,58,0,3,29,1,33,5,39,45,2,91,30,0,30,121
12/14/2010,RAP,SD,AGL,WE,Federal Contract Tower,1,39,15,1,56,0,1,21,2,24,1,40,36,3,80,10,6,16,96
12/15/2010,RAP,SD,AGL,WE,Federal Contract Tower,1,42,12,0,55,0,1,16,12,29,1,43,28,12,84,48,4,52,136
12/16/2010,RAP,SD,AGL,WE,Federal Contract Tower,3,30,20,4,57,0,3,12,17,32,3,33,32,21,89,24,20,44,133
12/17/2010,RAP,SD,AGL,WE,Federal Contract Tower,6,35,19,3,63,0,0,4,0,4,6,35,23,3,67,0,0,0,67
12/18/2010,RAP,SD,AGL,WE,Federal Contract Tower,3,30,5,2,40,0,0,2,0,2,3,30,7,2,42,0,0,0,42
12/19/2010,RAP,SD,AGL,WE,Federal Contract Tower,1,36,4,2,43,0,0,4,0,4,1,36,8,2,47,2,0,2,49
12/20/2010,RAP,SD,AGL,WE,Federal Contract Tower,6,37,9,1,53,0,3,5,0,8,6,40,14,1,61,0,0,0,61
12/21/2010,RAP,SD,AGL,WE,Federal Contract Tower,5,35,14,0,54,0,2,29,6,37,5,37,43,6,91,18,0,18,109
12/22/2010,RAP,SD,AGL,WE,Federal Contract Tower,3,41,11,4,59,0,1,14,24,39,3,42,25,28,98,58,0,58,156
12/23/2010,RAP,SD,AGL,WE,Federal Contract Tower,1,34,4,0,39,0,0,0,0,0,1,34,4,0,39,0,0,0,39
12/24/2010,RAP,SD,AGL,WE,Federal Contract Tower,5,39,0,0,44,0,0,0,0,0,5,39,0,0,44,0,0,0,44
12/25/2010,RAP,SD,AGL,WE,Federal Contract Tower,1,23,3,0,27,0,2,0,0,2,1,25,3,0,29,0,0,0,29
12/26/2010,RAP,SD,AGL,WE,Federal Contract Tower,3,31,8,0,42,0,3,16,0,19,3,34,24,0,61,38,0,38,99
12/27/2010,RAP,SD,AGL,WE,Federal Contract Tower,9,31,7,2,49,0,7,36,2,45,9,38,43,4,94,56,6,62,156
12/28/2010,RAP,SD,AGL,WE,Federal Contract Tower,4,34,9,0,47,0,2,34,0,36,4,36,43,0,83,88,0,88,171
12/29/2010,RAP,SD,AGL,WE,Federal Contract Tower,5,33,15,0,53,0,2,14,19,35,5,35,29,19,88,4,4,8,96
12/30/2010,RAP,SD,AGL,WE,Federal Contract Tower,5,24,12,0,41,0,0,0,0,0,5,24,12,0,41,0,0,0,41
12/31/2010,RAP,SD,AGL,WE,Federal Contract Tower,1,13,0,0,14,0,0,0,0,0,1,13,0,0,14,0,0,0,14
01/01/2011,RAP,SD,AGL,WE,Federal Contract Tower,5,28,1,0,34,0,1,6,0,7,5,29,7,0,41,0,0,0,41
01/02/2011,RAP,SD,AGL,WE,Federal Contract Tower,2,36,3,1,42,0,1,16,0,17,2,37,19,1,59,16,0,16,75
01/03/2011,RAP,SD,AGL,WE,Federal Contract Tower,10,28,3,3,44,0,0,12,0,12,10,28,15,3,56,4,0,4,60
01/04/2011,RAP,SD,AGL,WE,Federal Contract Tower,1,40,26,0,67,0,0,19,10,29,1,40,45,10,96,10,10,20,116
01/05/2011,RAP,SD,AGL,WE,Federal Contract Tower,1,32,26,4,63,0,1,10,2,13,1,33,36,6,76,6,0,6,82
01/06/2011,RAP,SD,AGL,WE,Federal Contract Tower,0,34,20,6,60,0,1,24,19,44,0,35,44,25,104,20,8,28,132
01/07/2011,RAP,SD,AGL,WE,Federal Contract Tower,4,34,8,2,48,0,4,11,17,32,4,38,19,19,80,2,0,2,82
01/08/2011,RAP,SD,AGL,WE,Federal Contract Tower,0,33,4,0,37,0,0,0,0,0,0,33,4,0,37,0,0,0,37
01/09/2011,RAP,SD,AGL,WE,Federal Contract Tower,0,31,3,1,35,0,0,0,0,0,0,31,3,1,35,0,0,0,35
01/10/2011,RAP,SD,AGL,WE,Federal Contract Tower,4,33,12,0,49,0,2,7,0,9,4,35,19,0,58,12,0,12,70
01/11/2011,RAP,SD,AGL,WE,Federal Contract Tower,0,35,13,2,50,0,1,11,5,17,0,36,24,7,67,0,9,9,76
01/12/2011,RAP,SD,AGL,WE,Federal Contract Tower,0,33,17,0,50,0,0,11,11,22,0,33,28,11,72,2,0,2,74
01/13/2011,RAP,SD,AGL,WE,Federal Contract Tower,0,42,24,2,68,0,0,25,13,38,0,42,49,15,106,8,16,24,130
01/14/2011,RAP,SD,AGL,WE,Federal Contract Tower,3,35,17,0,55,0,3,22,3,28,3,38,39,3,83,30,2,32,115
01/15/2011,RAP,SD,AGL,WE,Federal Contract Tower,0,31,0,0,31,0,0,0,0,0,0,31,0,0,31,0,0,0,31
01/16/2011,RAP,SD,AGL,WE,Federal Contract Tower,0,28,1,0,29,0,1,17,0,18,0,29,18,0,47,14,0,14,61
01/17/2011,RAP,SD,AGL,WE,Federal Contract Tower,4,26,15,0,45,0,0,0,0,0,4,26,15,0,45,0,0,0,45
01/18/2011,RAP,SD,AGL,WE,Federal Contract Tower,0,39,17,0,56,0,0,2,0,2,0,39,19,0,58,8,0,8,66
01/19/2011,RAP,SD,AGL,WE,Federal Contract Tower,0,36,15,6,57,0,0,7,12,19,0,36,22,18,76,0,12,12,88
01/20/2011,RAP,SD,AGL,WE,Federal Contract Tower,0,37,35,0,72,0,0,14,20,34,0,37,49,20,106,14,2,16,122
01/21/2011,RAP,SD,AGL,WE,Federal Contract Tower,4,38,18,0,60,0,2,11,10,23,4,40,29,10,83,8,6,14,97
01/22/2011,RAP,SD,AGL,WE,Federal Contract Tower,0,25,4,0,29,0,0,0,0,0,0,25,4,0,29,0,0,0,29
01/23/2011,RAP,SD,AGL,WE,Federal Contract Tower,0,26,4,1,31,0,2,9,0,11,0,28,13,1,42,28,0,28,70
01/24/2011,RAP,SD,AGL,WE,Federal Contract Tower,4,28,10,3,45,0,2,7,0,9,4,30,17,3,54,4,0,4,58
01/25/2011,RAP,SD,AGL,WE,Federal Contract Tower,2,38,13,0,53,0,0,6,2,8,2,38,19,2,61,18,2,20,81
01/26/2011,RAP,SD,AGL,WE,Federal Contract Tower,0,37,19,4,60,0,5,18,10,33,0,42,37,14,93,24,8,32,125
01/27/2011,RAP,SD,AGL,WE,Federal Contract Tower,0,37,14,4,55,0,2,19,9,30,0,39,33,13,85,28,2,30,115
01/28/2011,RAP,SD,AGL,WE,Federal Contract Tower,6,37,17,1,61,0,5,16,0,21,6,42,33,1,82,30,0,30,112
01/29/2011,RAP,SD,AGL,WE,Federal Contract Tower,0,23,6,0,29,0,0,6,0,6,0,23,12,0,35,10,0,10,45
01/30/2011,RAP,SD,AGL,WE,Federal Contract Tower,2,23,4,1,30,0,0,0,0,0,2,23,4,1,30,0,0,0,30
01/31/2011,RAP,SD,AGL,WE,Federal Contract Tower,4,37,11,1,53,0,0,4,0,4,4,37,15,1,57,4,0,4,61
02/01/2011,RAP,SD,AGL,WE,Federal Contract Tower,0,37,9,0,46,0,0,0,0,0,0,37,9,0,46,0,0,0,46
02/02/2011,RAP,SD,AGL,WE,Federal Contract Tower,2,28,11,0,41,0,1,11,14,26,2,29,22,14,67,6,4,10,77
02/03/2011,RAP,SD,AGL,WE,Federal Contract Tower,4,35,20,2,61,0,3,29,14,46,4,38,49,16,107,54,0,54,161
02/04/2011,RAP,SD,AGL,WE,Federal Contract Tower,4,36,20,2,62,0,0,18,2,20,4,36,38,4,82,26,0,26,108
02/05/2011,RAP,SD,AGL,WE,Federal Contract Tower,6,22,7,0,35,0,0,2,0,2,6,22,9,0,37,0,0,0,37
02/06/2011,RAP,SD,AGL,WE,Federal Contract Tower,0,28,2,2,32,0,0,0,0,0,0,28,2,2,32,0,0,0,32
02/07/2011,RAP,SD,AGL,WE,Federal Contract Tower,0,36,13,0,49,0,0,0,0,0,0,36,13,0,49,0,0,0,49
02/08/2011,RAP,SD,AGL,WE,Federal Contract Tower,0,37,10,2,49,0,1,6,4,11,0,38,16,6,60,0,6,6,66
02/09/2011,RAP,SD,AGL,WE,Federal Contract Tower,4,35,13,0,52,0,4,16,13,33,4,39,29,13,85,6,0,6,91
02/10/2011,RAP,SD,AGL,WE,Federal Contract Tower,0,38,27,3,68,0,3,10,22,35,0,41,37,25,103,6,10,16,119
02/11/2011,RAP,SD,AGL,WE,Federal Contract Tower,2,34,15,1,52,0,0,12,14,26,2,34,27,15,78,4,0,4,82
02/12/2011,RAP,SD,AGL,WE,Federal Contract Tower,6,26,16,1,49,0,0,20,1,21,6,26,36,2,70,14,0,14,84
02/13/2011,RAP,SD,AGL,WE,Federal Contract Tower,2,28,12,1,43,0,2,8,6,16,2,30,20,7,59,0,4,4,63
02/14/2011,RAP,SD,AGL,WE,Federal Contract Tower,5,29,14,0,48,0,2,13,0,15,5,31,27,0,63,16,0,16,79
02/15/2011,RAP,SD,AGL,WE,Federal Contract Tower,0,41,15,1,57,0,2,40,10,52,0,43,55,11,109,32,12,44,153
02/16/2011,RAP,SD,AGL,WE,Federal Contract Tower,2,37,19,0,58,0,6,30,6,42,2,43,49,6,100,28,4,32,132
02/17/2011,RAP,SD,AGL,WE,Federal Contract Tower,0,35,22,0,57,0,2,7,10,19,0,37,29,10,76,0,8,8,84
02/18/2011,RAP,SD,AGL,WE,Federal Contract Tower,2,37,8,1,48,0,2,44,0,46,2,39,52,1,94,46,0,46,140
02/19/2011,RAP,SD,AGL,WE,Federal Contract Tower,1,29,13,2,45,0,0,2,0,2,1,29,15,2,47,2,0,2,49
02/20/2011,RAP,SD,AGL,WE,Federal Contract Tower,2,20,1,0,23,0,0,0,0,0,2,20,1,0,23,0,0,0,23
02/21/2011,RAP,SD,AGL,WE,Federal Contract Tower,4,37,12,4,57,0,0,12,8,20,4,37,24,12,77,8,8,16,93
02/22/2011,RAP,SD,AGL,WE,Federal Contract Tower,0,37,36,2,75,0,4,28,3,35,0,41,64,5,110,20,8,28,138
02/23/2011,RAP,SD,AGL,WE,Federal Contract Tower,2,36,14,9,61,0,2,14,15,31,2,38,28,24,92,2,0,2,94
02/24/2011,RAP,SD,AGL,WE,Federal Contract Tower,0,34,16,2,52,0,0,0,0,0,0,34,16,2,52,0,0,0,52
02/25/2011,RAP,SD,AGL,WE,Federal Contract Tower,2,43,17,1,63,0,0,17,6,23,2,43,34,7,86,8,4,12,98
02/26/2011,RAP,SD,AGL,WE,Federal Contract Tower,2,31,8,0,41,0,4,7,0,11,2,35,15,0,52,10,14,24,76
02/27/2011,RAP,SD,AGL,WE,Federal Contract Tower,4,19,7,0,30,0,2,26,3,31,4,21,33,3,61,34,0,34,95
02/28/2011,RAP,SD,AGL,WE,Federal Contract Tower,2,34,6,0,42,0,4,15,0,19,2,38,21,0,61,8,0,8,69
03/01/2011,RAP,SD,AGL,WE,Federal Contract Tower,0,35,19,0,54,0,2,9,1,12,0,37,28,1,66,2,0,2,68
03/02/2011,RAP,SD,AGL,WE,Federal Contract Tower,2,40,18,0,60,0,2,11,6,19,2,42,29,6,79,4,0,4,83
03/03/2011,RAP,SD,AGL,WE,Federal Contract Tower,0,36,23,1,60,0,3,36,14,53,0,39,59,15,113,26,0,26,139
03/04/2011,RAP,SD,AGL,WE,Federal Contract Tower,2,41,23,0,66,0,7,12,2,21,2,48,35,2,87,8,4,12,99
03/05/2011,RAP,SD,AGL,WE,Federal Contract Tower,0,13,1,0,14,0,0,0,0,0,0,13,1,0,14,0,0,0,14
03/06/2011,RAP,SD,AGL,WE,Federal Contract Tower,4,28,5,1,38,0,0,0,0,0,4,28,5,1,38,0,0,0,38
03/07/2011,RAP,SD,AGL,WE,Federal Contract Tower,2,40,20,0,62,0,0,2,0,2,2,40,22,0,64,0,0,0,64
03/08/2011,RAP,SD,AGL,WE,Federal Contract Tower,0,37,8,1,46,0,0,0,0,0,0,37,8,1,46,0,0,0,46
03/09/2011,RAP,SD,AGL,WE,Federal Contract Tower,2,44,23,1,70,0,4,18,8,30,2,48,41,9,100,20,0,20,120
03/10/2011,RAP,SD,AGL,WE,Federal Contract Tower,0,41,17,2,60,0,34,28,4,66,0,75,45,6,126,12,2,14,140
03/11/2011,RAP,SD,AGL,WE,Federal Contract Tower,3,39,11,2,55,0,1,7,0,8,3,40,18,2,63,16,0,16,79
03/12/2011,RAP,SD,AGL,WE,Federal Contract Tower,2,28,4,0,34,0,0,14,2,16,2,28,18,2,50,0,0,0,50
03/13/2011,RAP,SD,AGL,WE,Federal Contract Tower,0,27,12,0,39,0,1,20,0,21,0,28,32,0,60,68,0,68,128
03/14/2011,RAP,SD,AGL,WE,Federal Contract Tower,4,38,22,0,64,0,3,34,0,37,4,41,56,0,101,22,0,22,123
03/15/2011,RAP,SD,AGL,WE,Federal Contract Tower,0,34,17,2,53,0,3,46,1,50,0,37,63,3,103,32,0,32,135
03/16/2011,RAP,SD,AGL,WE,Federal Contract Tower,2,39,21,0,62,0,3,19,8,30,2,42,40,8,92,24,4,28,120
03/17/2011,RAP,SD,AGL,WE,Federal Contract Tower,0,34,11,0,45,0,2,19,14,35,0,36,30,14,80,0,0,0,80
03/18/2011,RAP,SD,AGL,WE,Federal Contract Tower,2,38,21,0,61,0,2,34,0,36,2,40,55,0,97,24,0,24,121
03/19/2011,RAP,SD,AGL,WE,Federal Contract Tower,4,31,11,0,46,0,0,15,0,15,4,31,26,0,61,2,0,2,63
03/20/2011,RAP,SD,AGL,WE,Federal Contract Tower,4,25,9,4,42,0,5,22,0,27,4,30,31,4,69,12,0,12,81
03/21/2011,RAP,SD,AGL,WE,Federal Contract Tower,4,40,6,2,52,0,4,20,2,26,4,44,26,4,78,18,0,18,96
03/22/2011,RAP,SD,AGL,WE,Federal Contract Tower,0,43,10,2,55,0,0,0,1,1,0,43,10,3,56,0,0,0,56
03/23/2011,RAP,SD,AGL,WE,Federal Contract Tower,4,43,7,3,57,0,3,9,9,21,4,46,16,12,78,0,0,0,78
03/24/2011,RAP,SD,AGL,WE,Federal Contract Tower,0,36,30,0,66,0,1,21,8,30,0,37,51,8,96,10,0,10,106
03/25/2011,RAP,SD,AGL,WE,Federal Contract Tower,2,32,19,3,56,0,0,0,0,0,2,32,19,3,56,0,1,1,57
03/26/2011,RAP,SD,AGL,WE,Federal Contract Tower,0,27,1,0,28,0,0,0,0,0,0,27,1,0,28,0,0,0,28
03/27/2011,RAP,SD,AGL,WE,Federal Contract Tower,0,10,5,0,15,0,0,0,0,0,0,10,5,0,15,0,0,0,15
03/28/2011,RAP,SD,AGL,WE,Federal Contract Tower,8,31,13,1,53,0,0,0,0,0,8,31,13,1,53,0,0,0,53
03/29/2011,RAP,SD,AGL,WE,Federal Contract Tower,0,43,19,0,62,0,2,12,4,18,0,45,31,4,80,48,0,48,128
03/30/2011,RAP,SD,AGL,WE,Federal Contract Tower,2,31,19,0,52,0,1,30,19,50,2,32,49,19,102,10,20,30,132
03/31/2011,RAP,SD,AGL,WE,Federal Contract Tower,0,40,18,3,61,0,2,28,21,51,0,42,46,24,112,6,20,26,138
04/01/2011,RAP,SD,AGL,WE,Federal Contract Tower,2,32,6,2,42,0,4,23,4,31,2,36,29,6,73,34,18,52,125
04/02/2011,RAP,SD,AGL,WE,Federal Contract Tower,2,28,11,4,45,0,2,19,0,21,2,30,30,4,66,8,0,8,74
04/03/2011,RAP,SD,AGL,WE,Federal Contract Tower,0,26,7,2,35,0,0,3,4,7,0,26,10,6,42,0,0,0,42
04/04/2011,RAP,SD,AGL,WE,Federal Contract Tower,4,39,9,2,54,0,3,21,1,25,4,42,30,3,79,0,0,0,79
04/05/2011,RAP,SD,AGL,WE,Federal Contract Tower,0,43,20,5,68,0,0,20,4,24,0,43,40,9,92,22,4,26,118
04/06/2011,RAP,SD,AGL,WE,Federal Contract Tower,4,40,22,0,66,0,8,21,9,38,4,48,43,9,104,8,10,18,122
04/07/2011,RAP,SD,AGL,WE,Federal Contract Tower,3,39,17,0,59,0,0,13,18,31,3,39,30,18,90,4,2,6,96
04/08/2011,RAP,SD,AGL,WE,Federal Contract Tower,6,27,24,2,59,0,1,11,6,18,6,28,35,8,77,0,4,4,81
04/09/2011,RAP,SD,AGL,WE,Federal Contract Tower,2,34,3,1,40,0,0,0,0,0,2,34,3,1,40,0,0,0,40
04/10/2011,RAP,SD,AGL,WE,Federal Contract Tower,2,32,5,2,41,0,0,2,0,2,2,32,7,2,43,0,0,0,43
04/11/2011,RAP,SD,AGL,WE,Federal Contract Tower,6,33,15,0,54,0,3,32,0,35,6,36,47,0,89,0,0,0,89
04/12/2011,RAP,SD,AGL,WE,Federal Contract Tower,2,36,25,0,63,0,2,30,7,39,2,38,55,7,102,4,2,6,108
04/13/2011,RAP,SD,AGL,WE,Federal Contract Tower,6,39,23,9,77,0,1,18,19,38,6,40,41,28,115,6,6,12,127
04/14/2011,RAP,SD,AGL,WE,Federal Contract Tower,3,33,12,2,50,0,0,0,0,0,3,33,12,2,50,0,0,0,50
04/15/2011,RAP,SD,AGL,WE,Federal Contract Tower,8,43,8,2,61,0,0,13,6,19,8,43,21,8,80,12,2,14,94
04/16/2011,RAP,SD,AGL,WE,Federal Contract Tower,2,34,7,2,45,0,4,43,0,47,2,38,50,2,92,58,0,58,150
04/17/2011,RAP,SD,AGL,WE,Federal Contract Tower,2,29,11,0,42,0,0,10,0,10,2,29,21,0,52,38,0,38,90
04/18/2011,RAP,SD,AGL,WE,Federal Contract Tower,6,36,23,0,65,0,0,0,0,0,6,36,23,0,65,0,0,0,65
04/19/2011,RAP,SD,AGL,WE,Federal Contract Tower,2,39,35,0,76,0,0,5,0,5,2,39,40,0,81,0,0,0,81
04/20/2011,RAP,SD,AGL,WE,Federal Contract Tower,8,34,21,2,65,0,2,47,18,67,8,36,68,20,132,36,6,42,174
04/21/2011,RAP,SD,AGL,WE,Federal Contract Tower,4,41,22,2,69,0,2,39,13,54,4,43,61,15,123,18,4,22,145
04/22/2011,RAP,SD,AGL,WE,Federal Contract Tower,8,34,8,0,50,0,0,7,0,7,8,34,15,0,57,8,0,8,65
04/23/2011,RAP,SD,AGL,WE,Federal Contract Tower,4,32,9,0,45,0,5,54,2,61,4,37,63,2,106,38,0,38,144
04/24/2011,RAP,SD,AGL,WE,Federal Contract Tower,2,35,9,0,46,0,0,28,0,28,2,35,37,0,74,8,0,8,82
04/25/2011,RAP,SD,AGL,WE,Federal Contract Tower,6,33,20,2,61,0,1,40,4,45,6,34,60,6,106,50,8,58,164
04/26/2011,RAP,SD,AGL,WE,Federal Contract Tower,4,38,19,1,62,0,2,39,4,45,4,40,58,5,107,26,0,26,133
04/27/2011,RAP,SD,AGL,WE,Federal Contract Tower,6,33,9,5,53,0,2,17,16,35,6,35,26,21,88,30,12,42,130
04/28/2011,RAP,SD,AGL,WE,Federal Contract Tower,4,37,25,3,69,0,2,53,18,73,4,39,78,21,142,40,10,50,192
04/29/2011,RAP,SD,AGL,WE,Federal Contract Tower,6,37,10,0,53,0,1,7,4,12,6,38,17,4,65,0,0,0,65
04/30/2011,RAP,SD,AGL,WE,Federal Contract Tower,2,38,2,0,42,0,3,0,0,3,2,41,2,0,45,0,0,0,45
05/01/2011,RAP,SD,AGL,WE,Federal Contract Tower,2,28,4,2,36,0,0,26,0,26,2,28,30,2,62,4,0,4,66
05/02/2011,RAP,SD,AGL,WE,Federal Contract Tower,6,36,17,4,63,0,1,53,0,54,6,37,70,4,117,50,0,50,167
05/03/2011,RAP,SD,AGL,WE,Federal Contract Tower,2,39,8,3,52,0,2,27,28,57,2,41,35,31,109,38,0,38,147
05/04/2011,RAP,SD,AGL,WE,Federal Contract Tower,6,41,16,2,65,0,1,24,22,47,6,42,40,24,112,28,0,28,140
05/05/2011,RAP,SD,AGL,WE,Federal Contract Tower,4,41,21,2,68,0,5,47,28,80,4,46,68,30,148,42,4,46,194
05/06/2011,RAP,SD,AGL,WE,Federal Contract Tower,6,38,8,0,52,0,7,24,23,54,6,45,32,23,106,28,12,40,146
05/07/2011,RAP,SD,AGL,WE,Federal Contract Tower,2,33,12,0,47,0,4,44,2,50,2,37,56,2,97,38,0,38,135
05/08/2011,RAP,SD,AGL,WE,Federal Contract Tower,0,33,8,2,43,0,1,17,6,24,0,34,25,8,67,10,0,10,77
05/09/2011,RAP,SD,AGL,WE,Federal Contract Tower,6,37,22,4,69,0,0,5,6,11,6,37,27,10,80,0,0,0,80
05/10/2011,RAP,SD,AGL,WE,Federal Contract Tower,4,33,20,7,64,0,4,18,4,26,4,37,38,11,90,12,10,22,112
05/11/2011,RAP,SD,AGL,WE,Federal Contract Tower,6,37,24,2,69,0,0,5,1,6,6,37,29,3,75,0,0,0,75
05/12/2011,RAP,SD,AGL,WE,Federal Contract Tower,4,42,31,2,79,0,0,1,9,10,4,42,32,11,89,0,2,2,91
05/13/2011,RAP,SD,AGL,WE,Federal Contract Tower,6,38,34,2,80,0,1,26,4,31,6,39,60,6,111,32,2,34,145
05/14/2011,RAP,SD,AGL,WE,Federal Contract Tower,2,36,26,5,69,0,0,11,1,12,2,36,37,6,81,0,0,0,81
05/15/2011,RAP,SD,AGL,WE,Federal Contract Tower,2,34,7,0,43,0,6,22,2,30,2,40,29,2,73,18,0,18,91
05/16/2011,RAP,SD,AGL,WE,Federal Contract Tower,8,36,17,0,61,0,7,17,3,27,8,43,34,3,88,0,0,0,88
05/17/2011,RAP,SD,AGL,WE,Federal Contract Tower,2,41,27,2,72,0,0,23,6,29,2,41,50,8,101,32,2,34,135
05/18/2011,RAP,SD,AGL,WE,Federal Contract Tower,4,42,37,0,83,0,1,5,8,14,4,43,42,8,97,2,0,2,99
05/19/2011,RAP,SD,AGL,WE,Federal Contract Tower,6,40,31,0,77,0,0,0,2,2,6,40,31,2,79,0,8,8,87
05/20/2011,RAP,SD,AGL,WE,Federal Contract Tower,6,48,34,2,90,0,0,32,5,37,6,48,66,7,127,68,0,68,195
05/21/2011,RAP,SD,AGL,WE,Federal Contract Tower,0,30,16,0,46,0,2,16,0,18,0,32,32,0,64,34,0,34,98
05/22/2011,RAP,SD,AGL,WE,Federal Contract Tower,2,32,8,0,42,0,1,3,0,4,2,33,11,0,46,1,0,1,47
05/23/2011,RAP,SD,AGL,WE,Federal Contract Tower,4,35,12,5,56,0,3,28,3,34,4,38,40,8,90,45,0,45,135
05/24/2011,RAP,SD,AGL,WE,Federal Contract Tower,2,40,15,0,57,0,0,0,0,0,2,40,15,0,57,0,0,0,57
05/25/2011,RAP,SD,AGL,WE,Federal Contract Tower,2,39,22,8,71,0,3,24,17,44,2,42,46,25,115,46,4,50,165
05/26/2011,RAP,SD,AGL,WE,Federal Contract Tower,6,37,24,1,68,0,0,36,7,43,6,37,60,8,111,34,16,50,161
05/27/2011,RAP,SD,AGL,WE,Federal Contract Tower,6,34,27,5,72,0,2,64,4,70,6,36,91,9,142,74,0,74,216
05/28/2011,RAP,SD,AGL,WE,Federal Contract Tower,5,28,6,3,42,0,6,42,4,52,5,34,48,7,94,18,6,24,118
05/29/2011,RAP,SD,AGL,WE,Federal Contract Tower,3,29,5,0,37,0,0,0,0,0,3,29,5,0,37,0,0,0,37
05/30/2011,RAP,SD,AGL,WE,Federal Contract Tower,2,33,14,3,52,0,1,6,1,8,2,34,20,4,60,0,0,0,60
05/31/2011,RAP,SD,AGL,WE,Federal Contract Tower,4,36,33,4,77,0,2,31,3,36,4,38,64,7,113,22,0,22,135
06/01/2011,RAP,SD,AGL,WE,Federal Contract Tower,4,43,24,0,71,0,1,37,4,42,4,44,61,4,113,86,0,86,199
06/02/2011,RAP,SD,AGL,WE,Federal Contract Tower,6,42,16,2,66,0,10,48,11,69,6,52,64,13,135,12,0,12,147
06/03/2011,RAP,SD,AGL,WE,Federal Contract Tower,6,38,18,0,62,0,5,55,14,74,6,43,73,14,136,18,0,18,154
06/04/2011,RAP,SD,AGL,WE,Federal Contract Tower,0,39,7,2,48,0,3,65,0,68,0,42,72,2,116,0,0,0,116
06/05/2011,RAP,SD,AGL,WE,Federal Contract Tower,2,33,27,1,63,0,8,53,7,68,2,41,80,8,131,0,0,0,131
06/06/2011,RAP,SD,AGL,WE,Federal Contract Tower,6,35,25,3,69,0,4,25,2,31,6,39,50,5,100,14,0,14,114
06/07/2011,RAP,SD,AGL,WE,Federal Contract Tower,4,36,41,2,83,0,3,31,4,38,4,39,72,6,121,6,8,14,135
06/08/2011,RAP,SD,AGL,WE,Federal Contract Tower,4,33,33,4,74,0,0,28,3,31,4,33,61,7,105,24,0,24,129
06/09/2011,RAP,SD,AGL,WE,Federal Contract Tower,4,45,23,2,74,0,1,13,1,15,4,46,36,3,89,14,0,14,103
06/10/2011,RAP,SD,AGL,WE,Federal Contract Tower,5,40,20,0,65,2,2,32,4,40,7,42,52,4,105,10,0,10,115
06/11/2011,RAP,SD,AGL,WE,Federal Contract Tower,6,41,15,0,62,0,1,15,0,16,6,42,30,0,78,28,0,28,106
06/12/2011,RAP,SD,AGL,WE,Federal Contract Tower,6,36,15,0,57,0,3,24,8,35,6,39,39,8,92,14,2,16,108
06/13/2011,RAP,SD,AGL,WE,Federal Contract Tower,3,49,17,0,69,0,0,50,6,56,3,49,67,6,125,54,0,54,179
06/14/2011,RAP,SD,AGL,WE,Federal Contract Tower,5,51,12,2,70,0,3,26,2,31,5,54,38,4,101,14,0,14,115
06/15/2011,RAP,SD,AGL,WE,Federal Contract Tower,3,46,22,2,73,0,3,39,6,48,3,49,61,8,121,38,0,38,159
06/16/2011,RAP,SD,AGL,WE,Federal Contract Tower,5,48,27,2,82,0,7,24,5,36,5,55,51,7,118,56,0,56,174
06/17/2011,RAP,SD,AGL,WE,Federal Contract Tower,5,49,25,6,85,0,4,26,5,35,5,53,51,11,120,0,0,0,120
06/18/2011,RAP,SD,AGL,WE,Federal Contract Tower,4,43,13,1,61,0,1,45,6,52,4,44,58,7,113,10,0,10,123
06/19/2011,RAP,SD,AGL,WE,Federal Contract Tower,6,41,18,0,65,0,0,10,0,10,6,41,28,0,75,0,0,0,75
06/20/2011,RAP,SD,AGL,WE,Federal Contract Tower,4,51,24,1,80,0,3,2,1,6,4,54,26,2,86,0,4,4,90
06/21/2011,RAP,SD,AGL,WE,Federal Contract Tower,6,48,27,6,87,0,0,2,2,4,6,48,29,8,91,0,0,0,91
06/22/2011,RAP,SD,AGL,WE,Federal Contract Tower,3,44,26,4,77,0,3,33,4,40,3,47,59,8,117,8,18,26,143
06/23/2011,RAP,SD,AGL,WE,Federal Contract Tower,7,49,32,4,92,0,6,40,18,64,7,55,72,22,156,18,6,24,180
06/24/2011,RAP,SD,AGL,WE,Federal Contract Tower,5,48,14,0,67,0,0,29,5,34,5,48,43,5,101,32,16,48,149
06/25/2011,RAP,SD,AGL,WE,Federal Contract Tower,6,46,11,1,64,0,2,33,3,38,6,48,44,4,102,10,0,10,112
06/26/2011,RAP,SD,AGL,WE,Federal Contract Tower,9,42,7,0,58,0,0,11,0,11,9,42,18,0,69,22,0,22,91
06/27/2011,RAP,SD,AGL,WE,Federal Contract Tower,5,44,24,0,73,0,3,19,4,26,5,47,43,4,99,20,2,22,121
06/28/2011,RAP,SD,AGL,WE,Federal Contract Tower,5,50,16,0,71,0,0,32,3,35,5,50,48,3,106,52,0,52,158
06/29/2011,RAP,SD,AGL,WE,Federal Contract Tower,4,46,30,4,84,0,3,40,10,53,4,49,70,14,137,0,0,0,137
06/30/2011,RAP,SD,AGL,WE,Federal Contract Tower,8,55,33,1,97,0,0,45,10,55,8,55,78,11,152,34,0,34,186
07/01/2011,RAP,SD,AGL,WE,Federal Contract Tower,5,45,9,4,63,0,2,23,2,27,5,47,32,6,90,12,0,12,102
07/02/2011,RAP,SD,AGL,WE,Federal Contract Tower,5,38,7,0,50,0,1,15,1,17,5,39,22,1,67,2,0,2,69
07/03/2011,RAP,SD,AGL,WE,Federal Contract Tower,5,33,13,0,51,0,1,14,1,16,5,34,27,1,67,0,0,0,67
07/04/2011,RAP,SD,AGL,WE,Federal Contract Tower,6,33,12,0,51,0,1,27,0,28,6,34,39,0,79,16,0,16,95
07/05/2011,RAP,SD,AGL,WE,Federal Contract Tower,6,52,23,0,81,0,2,11,0,13,6,54,34,0,94,14,0,14,108
07/06/2011,RAP,SD,AGL,WE,Federal Contract Tower,3,50,22,6,81,0,2,23,5,30,3,52,45,11,111,6,28,34,145
07/07/2011,RAP,SD,AGL,WE,Federal Contract Tower,5,45,28,4,82,0,2,44,2,48,5,47,72,6,130,52,14,66,196
07/08/2011,RAP,SD,AGL,WE,Federal Contract Tower,3,43,10,1,57,0,3,30,4,37,3,46,40,5,94,32,0,32,126
07/09/2011,RAP,SD,AGL,WE,Federal Contract Tower,4,41,17,1,63,0,1,40,2,43,4,42,57,3,106,12,0,12,118
07/10/2011,RAP,SD,AGL,WE,Federal Contract Tower,6,42,17,1,66,0,3,31,0,34,6,45,48,1,100,6,0,6,106
07/11/2011,RAP,SD,AGL,WE,Federal Contract Tower,5,42,20,1,68,0,1,26,3,30,5,43,46,4,98,30,0,30,128
07/12/2011,RAP,SD,AGL,WE,Federal Contract Tower,5,52,22,2,81,0,0,22,2,24,5,52,44,4,105,16,6,22,127
07/13/2011,RAP,SD,AGL,WE,Federal Contract Tower,3,53,28,2,86,0,0,17,8,25,3,53,45,10,111,20,0,20,131
07/14/2011,RAP,SD,AGL,WE,Federal Contract Tower,5,41,47,3,96,0,3,45,9,57,5,44,92,12,153,36,6,42,195
07/15/2011,RAP,SD,AGL,WE,Federal Contract Tower,5,42,29,0,76,0,2,42,10,54,5,44,71,10,130,8,0,8,138
07/16/2011,RAP,SD,AGL,WE,Federal Contract Tower,4,43,18,0,65,0,1,40,12,53,4,44,58,12,118,0,0,0,118
07/17/2011,RAP,SD,AGL,WE,Federal Contract Tower,6,45,21,0,72,0,1,26,3,30,6,46,47,3,102,0,4,4,106
07/18/2011,RAP,SD,AGL,WE,Federal Contract Tower,5,42,21,0,68,0,16,41,0,57,5,58,62,0,125,8,0,8,133
07/19/2011,RAP,SD,AGL,WE,Federal Contract Tower,5,53,24,2,84,5,33,35,2,75,10,86,59,4,159,10,0,10,169
07/20/2011,RAP,SD,AGL,WE,Federal Contract Tower,3,48,19,2,72,6,16,29,2,53,9,64,48,4,125,14,0,14,139
07/21/2011,RAP,SD,AGL,WE,Federal Contract Tower,7,43,32,1,83,2,29,62,11,104,9,72,94,12,187,14,4,18,205
07/22/2011,RAP,SD,AGL,WE,Federal Contract Tower,5,50,25,4,84,26,14,61,4,105,31,64,86,8,189,22,0,22,211
07/23/2011,RAP,SD,AGL,WE,Federal Contract Tower,4,50,27,2,83,0,3,40,0,43,4,53,67,2,126,16,0,16,142
07/24/2011,RAP,SD,AGL,WE,Federal Contract Tower,8,42,23,2,75,0,8,43,4,55,8,50,66,6,130,24,2,26,156
07/25/2011,RAP,SD,AGL,WE,Federal Contract Tower,5,43,27,2,77,0,1,36,2,39,5,44,63,4,116,16,0,16,132
07/26/2011,RAP,SD,AGL,WE,Federal Contract Tower,5,55,15,2,77,0,4,35,14,53,5,59,50,16,130,42,4,46,176
07/27/2011,RAP,SD,AGL,WE,Federal Contract Tower,4,49,28,5,86,0,1,44,2,47,4,50,72,7,133,78,0,78,211
07/28/2011,RAP,SD,AGL,WE,Federal Contract Tower,5,53,36,2,96,0,6,24,5,35,5,59,60,7,131,14,6,20,151
07/29/2011,RAP,SD,AGL,WE,Federal Contract Tower,5,55,31,0,91,1,1,49,4,55,6,56,80,4,146,38,0,38,184
07/30/2011,RAP,SD,AGL,WE,Federal Contract Tower,6,43,32,3,84,0,3,56,3,62,6,46,88,6,146,22,24,46,192
07/31/2011,RAP,SD,AGL,WE,Federal Contract Tower,6,51,24,0,81,0,4,44,4,52,6,55,68,4,133,8,16,24,157
08/01/2011,RAP,SD,AGL,WE,Federal Contract Tower,5,56,30,2,93,0,5,37,1,43,5,61,67,3,136,6,0,6,142
08/02/2011,RAP,SD,AGL,WE,Federal Contract Tower,7,52,23,2,84,0,2,43,3,48,7,54,66,5,132,28,4,32,164
08/03/2011,RAP,SD,AGL,WE,Federal Contract Tower,7,59,23,0,89,0,6,25,7,38,7,65,48,7,127,0,0,0,127
08/04/2011,RAP,SD,AGL,WE,Federal Contract Tower,9,46,28,2,85,0,4,49,20,73,9,50,77,22,158,22,12,34,192
08/05/2011,RAP,SD,AGL,WE,Federal Contract Tower,9,53,46,1,109,0,1,27,4,32,9,54,73,5,141,8,2,10,151
08/06/2011,RAP,SD,AGL,WE,Federal Contract Tower,10,49,22,0,81,0,4,45,8,57,10,53,67,8,138,18,6,24,162
08/07/2011,RAP,SD,AGL,WE,Federal Contract Tower,8,48,25,0,81,0,3,20,4,27,8,51,45,4,108,0,0,0,108
08/08/2011,RAP,SD,AGL,WE,Federal Contract Tower,8,49,23,0,80,0,17,57,13,87,8,66,80,13,167,22,18,40,207
08/09/2011,RAP,SD,AGL,WE,Federal Contract Tower,5,48,29,2,84,0,4,42,7,53,5,52,71,9,137,14,0,14,151
08/10/2011,RAP,SD,AGL,WE,Federal Contract Tower,3,56,20,0,79,0,5,70,6,81,3,61,90,6,160,44,0,44,204
08/11/2011,RAP,SD,AGL,WE,Federal Contract Tower,5,53,40,0,98,0,10,34,8,52,5,63,74,8,150,0,8,8,158
08/12/2011,RAP,SD,AGL,WE,Federal Contract Tower,5,54,31,4,94,15,14,41,4,74,20,68,72,8,168,12,0,12,180
08/13/2011,RAP,SD,AGL,WE,Federal Contract Tower,10,44,21,0,75,2,8,57,14,81,12,52,78,14,156,16,14,30,186
08/14/2011,RAP,SD,AGL,WE,Federal Contract Tower,8,44,17,0,69,1,11,29,14,55,9,55,46,14,124,0,10,10,134
08/15/2011,RAP,SD,AGL,WE,Federal Contract Tower,7,44,17,0,68,0,5,37,0,42,7,49,54,0,110,10,0,10,120
08/16/2011,RAP,SD,AGL,WE,Federal Contract Tower,7,50,29,0,86,0,5,34,1,40,7,55,63,1,126,24,0,24,150
08/17/2011,RAP,SD,AGL,WE,Federal Contract Tower,4,46,25,1,76,0,5,54,12,71,4,51,79,13,147,72,8,80,227
08/18/2011,RAP,SD,AGL,WE,Federal Contract Tower,5,46,23,3,77,0,8,47,5,60,5,54,70,8,137,50,0,50,187
08/19/2011,RAP,SD,AGL,WE,Federal Contract Tower,6,42,30,0,78,0,1,41,4,46,6,43,71,4,124,50,8,58,182
08/20/2011,RAP,SD,AGL,WE,Federal Contract Tower,6,39,8,0,53,0,8,31,7,46,6,47,39,7,99,30,0,30,129
08/21/2011,RAP,SD,AGL,WE,Federal Contract Tower,7,39,22,0,68,0,6,23,1,30,7,45,45,1,98,18,0,18,116
08/22/2011,RAP,SD,AGL,WE,Federal Contract Tower,6,59,29,0,94,0,5,38,2,45,6,64,67,2,139,44,0,44,183
08/23/2011,RAP,SD,AGL,WE,Federal Contract Tower,3,51,14,5,73,6,3,29,4,42,9,54,43,9,115,38,0,38,153
08/24/2011,RAP,SD,AGL,WE,Federal Contract Tower,4,52,15,0,71,8,3,39,5,55,12,55,54,5,126,14,0,14,140
08/25/2011,RAP,SD,AGL,WE,Federal Contract Tower,6,41,29,1,77,0,3,30,16,49,6,44,59,17,126,34,0,34,160
08/26/2011,RAP,SD,AGL,WE,Federal Contract Tower,5,50,22,0,77,0,0,29,4,33,5,50,51,4,110,8,0,8,118
08/27/2011,RAP,SD,AGL,WE,Federal Contract Tower,10,34,10,2,56,0,3,27,2,32,10,37,37,4,88,4,6,10,98
08/28/2011,RAP,SD,AGL,WE,Federal Contract Tower,8,47,20,1,76,0,3,26,2,31,8,50,46,3,107,0,0,0,107
08/29/2011,RAP,SD,AGL,WE,Federal Contract Tower,4,39,36,0,79,0,0,9,0,9,4,39,45,0,88,16,0,16,104
08/30/2011,RAP,SD,AGL,WE,Federal Contract Tower,4,44,30,0,78,0,4,40,7,51,4,48,70,7,129,28,0,28,157
08/31/2011,RAP,SD,AGL,WE,Federal Contract Tower,2,43,16,2,63,2,6,46,6,60,4,49,62,8,123,46,0,46,169
09/01/2011,RAP,SD,AGL,WE,Federal Contract Tower,4,49,31,0,84,0,9,16,19,44,4,58,47,19,128,0,10,10,138
09/02/2011,RAP,SD,AGL,WE,Federal Contract Tower,4,51,31,0,86,0,1,37,8,46,4,52,68,8,132,16,10,26,158
09/03/2011,RAP,SD,AGL,WE,Federal Contract Tower,3,38,5,0,46,0,2,13,5,20,3,40,18,5,66,0,0,0,66
09/04/2011,RAP,SD,AGL,WE,Federal Contract Tower,6,28,12,0,46,0,8,34,0,42,6,36,46,0,88,6,0,6,94
09/05/2011,RAP,SD,AGL,WE,Federal Contract Tower,4,42,22,0,68,1,4,25,1,31,5,46,47,1,99,10,0,10,109
09/06/2011,RAP,SD,AGL,WE,Federal Contract Tower,2,45,15,0,62,0,0,28,0,28,2,45,43,0,90,16,0,16,106
09/07/2011,RAP,SD,AGL,WE,Federal Contract Tower,2,43,34,0,79,0,7,29,4,40,2,50,63,4,119,17,0,17,136
09/08/2011,RAP,SD,AGL,WE,Federal Contract Tower,4,45,14,0,63,0,3,24,14,41,4,48,38,14,104,8,16,24,128
09/09/2011,RAP,SD,AGL,WE,Federal Contract Tower,5,42,23,0,70,0,5,33,12,50,5,47,56,12,120,4,2,6,126
09/10/2011,RAP,SD,AGL,WE,Federal Contract Tower,4,35,12,0,51,0,2,35,8,45,4,37,47,8,96,20,6,26,122
09/11/2011,RAP,SD,AGL,WE,Federal Contract Tower,3,31,11,2,47,0,2,17,0,19,3,33,28,2,66,5,2,7,73
09/12/2011,RAP,SD,AGL,WE,Federal Contract Tower,3,37,19,4,63,0,6,26,0,32,3,43,45,4,95,36,0,36,131
09/13/2011,RAP,SD,AGL,WE,Federal Contract Tower,1,41,29,0,71,0,5,29,4,38,1,46,58,4,109,12,0,12,121
09/14/2011,RAP,SD,AGL,WE,Federal Contract Tower,3,41,41,0,85,0,0,6,2,8,3,41,47,2,93,6,0,6,99
09/15/2011,RAP,SD,AGL,WE,Federal Contract Tower,3,46,40,0,89,0,1,4,4,9,3,47,44,4,98,12,0,12,110
09/16/2011,RAP,SD,AGL,WE,Federal Contract Tower,3,39,24,1,67,0,2,31,1,34,3,41,55,2,101,12,0,12,113
09/17/2011,RAP,SD,AGL,WE,Federal Contract Tower,1,36,13,0,50,0,3,10,3,16,1,39,23,3,66,0,0,0,66
09/18/2011,RAP,SD,AGL,WE,Federal Contract Tower,3,36,15,1,55,0,8,27,0,35,3,44,42,1,90,34,0,34,124
09/19/2011,RAP,SD,AGL,WE,Federal Contract Tower,3,42,19,2,66,0,0,38,4,42,3,42,57,6,108,12,0,12,120
09/20/2011,RAP,SD,AGL,WE,Federal Contract Tower,1,41,24,0,66,0,1,3,2,6,1,42,27,2,72,0,0,0,72
09/21/2011,RAP,SD,AGL,WE,Federal Contract Tower,3,43,39,2,87,0,2,27,4,33,3,45,66,6,120,32,4,36,156
09/22/2011,RAP,SD,AGL,WE,Federal Contract Tower,3,38,24,1,66,0,6,26,4,36,3,44,50,5,102,22,4,26,128
09/23/2011,RAP,SD,AGL,WE,Federal Contract Tower,7,45,20,3,75,0,4,26,3,33,7,49,46,6,108,10,0,10,118
09/24/2011,RAP,SD,AGL,WE,Federal Contract Tower,3,32,5,1,41,0,5,27,9,41,3,37,32,10,82,6,0,6,88
09/25/2011,RAP,SD,AGL,WE,Federal Contract Tower,3,35,7,0,45,0,1,29,1,31,3,36,36,1,76,0,0,0,76
09/26/2011,RAP,SD,AGL,WE,Federal Contract Tower,5,36,17,2,60,0,4,37,2,43,5,40,54,4,103,12,0,12,115
09/27/2011,RAP,SD,AGL,WE,Federal Contract Tower,3,45,27,2,77,0,2,38,1,41,3,47,65,3,118,38,0,38,156
09/28/2011,RAP,SD,AGL,WE,Federal Contract Tower,1,34,17,0,52,0,2,34,2,38,1,36,51,2,90,20,2,22,112
09/29/2011,RAP,SD,AGL,WE,Federal Contract Tower,3,41,19,5,68,0,4,52,15,71,3,45,71,20,139,42,6,48,187
09/30/2011,RAP,SD,AGL,WE,Federal Contract Tower,5,39,39,0,83,0,6,37,9,52,5,45,76,9,135,24,10,34,169
10/01/2011,RAP,SD,AGL,WE,Federal Contract Tower,1,32,11,2,46,0,5,31,0,36,1,37,42,2,82,28,0,28,110
10/02/2011,RAP,SD,AGL,WE,Federal Contract Tower,2,36,12,2,52,0,1,26,0,27,2,37,38,2,79,0,0,0,79
10/03/2011,RAP,SD,AGL,WE,Federal Contract Tower,4,40,14,0,58,0,4,21,0,25,4,44,35,0,83,12,0,12,95
10/04/2011,RAP,SD,AGL,WE,Federal Contract Tower,1,40,21,2,64,0,7,40,0,47,1,47,61,2,111,50,0,50,161
10/05/2011,RAP,SD,AGL,WE,Federal Contract Tower,1,40,21,1,63,0,4,33,4,41,1,44,54,5,104,6,0,6,110
10/06/2011,RAP,SD,AGL,WE,Federal Contract Tower,3,47,24,1,75,0,17,26,5,48,3,64,50,6,123,34,0,34,157
10/07/2011,RAP,SD,AGL,WE,Federal Contract Tower,3,47,15,2,67,0,2,18,3,23,3,49,33,5,90,8,2,10,100
10/08/2011,RAP,SD,AGL,WE,Federal Contract Tower,1,28,21,0,50,0,0,6,0,6,1,28,27,0,56,14,0,14,70
10/09/2011,RAP,SD,AGL,WE,Federal Contract Tower,2,33,15,0,50,0,0,3,0,3,2,33,18,0,53,12,0,12,65
10/10/2011,RAP,SD,AGL,WE,Federal Contract Tower,3,35,15,0,53,0,4,24,2,30,3,39,39,2,83,20,0,20,103
10/11/2011,RAP,SD,AGL,WE,Federal Contract Tower,1,43,20,4,68,0,8,28,1,37,1,51,48,5,105,38,2,40,145
10/12/2011,RAP,SD,AGL,WE,Federal Contract Tower,1,46,20,0,67,0,3,21,11,35,1,49,41,11,102,0,6,6,108
10/13/2011,RAP,SD,AGL,WE,Federal Contract Tower,3,37,36,2,78,0,1,20,24,45,3,38,56,26,123,10,0,10,133
10/14/2011,RAP,SD,AGL,WE,Federal Contract Tower,3,37,13,0,53,0,1,29,5,35,3,38,42,5,88,6,4,10,98
10/15/2011,RAP,SD,AGL,WE,Federal Contract Tower,1,29,9,0,39,0,2,19,0,21,1,31,28,0,60,8,0,8,68
10/16/2011,RAP,SD,AGL,WE,Federal Contract Tower,2,31,13,4,50,0,8,23,0,31,2,39,36,4,81,42,0,42,123
10/17/2011,RAP,SD,AGL,WE,Federal Contract Tower,3,39,17,0,59,0,2,16,1,19,3,41,33,1,78,0,0,0,78
10/18/2011,RAP,SD,AGL,WE,Federal Contract Tower,1,38,17,0,56,0,2,36,1,39,1,40,53,1,95,6,2,8,103
10/19/2011,RAP,SD,AGL,WE,Federal Contract Tower,1,36,23,0,60,0,2,62,0,64,1,38,85,0,124,56,0,56,180
10/20/2011,RAP,SD,AGL,WE,Federal Contract Tower,3,39,33,0,75,0,10,61,6,77,3,49,94,6,152,34,2,36,188
10/21/2011,RAP,SD,AGL,WE,Federal Contract Tower,3,39,17,2,61,0,7,49,3,59,3,46,66,5,120,24,0,24,144
10/22/2011,RAP,SD,AGL,WE,Federal Contract Tower,1,28,10,0,39,0,0,30,0,30,1,28,40,0,69,10,0,10,79
10/23/2011,RAP,SD,AGL,WE,Federal Contract Tower,2,36,13,0,51,0,4,22,4,30,2,40,35,4,81,6,0,6,87
10/24/2011,RAP,SD,AGL,WE,Federal Contract Tower,3,36,19,0,58,0,2,35,0,37,3,38,54,0,95,32,0,32,127
10/25/2011,RAP,SD,AGL,WE,Federal Contract Tower,1,40,12,0,53,0,3,12,5,20,1,43,24,5,73,2,2,4,77
10/26/2011,RAP,SD,AGL,WE,Federal Contract Tower,1,39,29,0,69,0,0,12,5,17,1,39,41,5,86,2,0,2,88
10/27/2011,RAP,SD,AGL,WE,Federal Contract Tower,3,43,28,0,74,0,2,23,18,43,3,45,51,18,117,10,34,44,161
10/28/2011,RAP,SD,AGL,WE,Federal Contract Tower,3,41,22,0,66,0,2,30,3,35,3,43,52,3,101,0,0,0,101
10/29/2011,RAP,SD,AGL,WE,Federal Contract Tower,1,35,5,0,41,0,0,5,0,5,1,35,10,0,46,0,0,0,46
10/30/2011,RAP,SD,AGL,WE,Federal Contract Tower,2,26,15,0,43,0,2,31,2,35,2,28,46,2,78,22,0,22,100
10/31/2011,RAP,SD,AGL,WE,Federal Contract Tower,3,34,17,0,54,0,0,35,4,39,3,34,52,4,93,34,0,34,127
11/01/2011,RAP,SD,AGL,WE,Federal Contract Tower,1,40,16,0,57,0,0,9,0,9,1,40,25,0,66,8,0,8,74
11/02/2011,RAP,SD,AGL,WE,Federal Contract Tower,1,36,16,0,53,0,0,26,4,30,1,36,42,4,83,10,26,36,119
11/03/2011,RAP,SD,AGL,WE,Federal Contract Tower,3,37,29,0,69,0,0,12,5,17,3,37,41,5,86,0,18,18,104
11/04/2011,RAP,SD,AGL,WE,Federal Contract Tower,3,36,18,0,57,0,1,14,5,20,3,37,32,5,77,6,0,6,83
11/05/2011,RAP,SD,AGL,WE,Federal Contract Tower,1,29,5,0,35,0,1,7,0,8,1,30,12,0,43,0,0,0,43
11/06/2011,RAP,SD,AGL,WE,Federal Contract Tower,2,31,5,2,40,0,2,11,0,13,2,33,16,2,53,18,0,18,71
11/07/2011,RAP,SD,AGL,WE,Federal Contract Tower,3,34,8,0,45,0,2,12,1,15,3,36,20,1,60,30,0,30,90
11/08/2011,RAP,SD,AGL,WE,Federal Contract Tower,1,35,14,0,50,0,3,44,5,52,1,38,58,5,102,26,24,50,152
11/09/2011,RAP,SD,AGL,WE,Federal Contract Tower,3,27,23,0,53,0,3,24,14,41,3,30,47,14,94,8,0,8,102
11/10/2011,RAP,SD,AGL,WE,Federal Contract Tower,3,34,26,0,63,0,0,32,14,46,3,34,58,14,109,4,0,4,113
11/11/2011,RAP,SD,AGL,WE,Federal Contract Tower,3,32,15,0,50,0,0,23,1,24,3,32,38,1,74,20,0,20,94
11/12/2011,RAP,SD,AGL,WE,Federal Contract Tower,1,28,3,0,32,0,5,14,0,19,1,33,17,0,51,14,0,14,65
11/13/2011,RAP,SD,AGL,WE,Federal Contract Tower,3,35,11,0,49,0,1,11,0,12,3,36,22,0,61,10,0,10,71
11/14/2011,RAP,SD,AGL,WE,Federal Contract Tower,4,34,15,1,54,0,1,40,0,41,4,35,55,1,95,16,0,16,111
11/15/2011,RAP,SD,AGL,WE,Federal Contract Tower,1,34,15,1,51,0,1,22,14,37,1,35,37,15,88,8,0,8,96
11/16/2011,RAP,SD,AGL,WE,Federal Contract Tower,3,29,27,0,59,0,0,23,9,32,3,29,50,9,91,34,4,38,129
11/17/2011,RAP,SD,AGL,WE,Federal Contract Tower,1,33,23,1,58,0,0,27,13,40,1,33,50,14,98,50,14,64,162
11/18/2011,RAP,SD,AGL,WE,Federal Contract Tower,5,36,15,1,57,0,0,12,3,15,5,36,27,4,72,0,0,0,72
11/19/2011,RAP,SD,AGL,WE,Federal Contract Tower,2,21,1,0,24,0,0,0,0,0,2,21,1,0,24,0,0,0,24
11/20/2011,RAP,SD,AGL,WE,Federal Contract Tower,1,21,2,0,24,0,2,12,0,14,1,23,14,0,38,0,0,0,38
11/21/2011,RAP,SD,AGL,WE,Federal Contract Tower,5,30,12,0,47,0,1,14,0,15,5,31,26,0,62,16,0,16,78
11/22/2011,RAP,SD,AGL,WE,Federal Contract Tower,1,40,22,2,65,0,2,32,29,63,1,42,54,31,128,26,58,84,212
11/23/2011,RAP,SD,AGL,WE,Federal Contract Tower,3,46,20,1,70,0,2,54,8,64,3,48,74,9,134,16,8,24,158
11/24/2011,RAP,SD,AGL,WE,Federal Contract Tower,1,17,1,0,19,0,0,15,0,15,1,17,16,0,34,0,0,0,34
11/25/2011,RAP,SD,AGL,WE,Federal Contract Tower,2,29,8,0,39,0,0,15,0,15,2,29,23,0,54,8,0,8,62
11/26/2011,RAP,SD,AGL,WE,Federal Contract Tower,3,31,1,0,35,0,3,5,0,8,3,34,6,0,43,0,0,0,43
11/27/2011,RAP,SD,AGL,WE,Federal Contract Tower,1,33,7,1,42,0,1,26,0,27,1,34,33,1,69,18,0,18,87
11/28/2011,RAP,SD,AGL,WE,Federal Contract Tower,3,34,17,6,60,0,2,15,1,18,3,36,32,7,78,14,0,14,92
11/29/2011,RAP,SD,AGL,WE,Federal Contract Tower,3,30,26,0,59,0,2,39,0,41,3,32,65,0,100,84,0,84,184
11/30/2011,RAP,SD,AGL,WE,Federal Contract Tower,1,30,22,2,55,0,1,25,1,27,1,31,47,3,82,26,0,26,108
12/01/2011,RAP,SD,AGL,WE,Federal Contract Tower,3,34,17,3,57,0,0,20,7,27,3,34,37,10,84,28,0,28,112
12/02/2011,RAP,SD,AGL,WE,Federal Contract Tower,5,30,8,0,43,0,0,23,17,40,5,30,31,17,83,18,16,34,117
12/03/2011,RAP,SD,AGL,WE,Federal Contract Tower,1,24,3,2,30,0,0,13,2,15,1,24,16,4,45,26,10,36,81
12/04/2011,RAP,SD,AGL,WE,Federal Contract Tower,4,29,1,0,34,0,0,3,9,12,4,29,4,9,46,0,0,0,46
12/05/2011,RAP,SD,AGL,WE,Federal Contract Tower,7,30,15,0,52,0,3,34,1,38,7,33,49,1,90,14,0,14,104
12/06/2011,RAP,SD,AGL,WE,Federal Contract Tower,2,29,19,4,54,0,3,40,4,47,2,32,59,8,101,30,0,30,131
12/07/2011,RAP,SD,AGL,WE,Federal Contract Tower,3,31,16,0,50,0,1,16,7,24,3,32,32,7,74,8,2,10,84
12/08/2011,RAP,SD,AGL,WE,Federal Contract Tower,4,32,26,0,62,0,0,4,13,17,4,32,30,13,79,0,22,22,101
12/09/2011,RAP,SD,AGL,WE,Federal Contract Tower,7,31,30,1,69,0,0,12,3,15,7,31,42,4,84,0,0,0,84
12/10/2011,RAP,SD,AGL,WE,Federal Contract Tower,2,28,6,0,36,0,1,33,4,38,2,29,39,4,74,36,0,36,110
12/11/2011,RAP,SD,AGL,WE,Federal Contract Tower,6,30,11,0,47,0,4,33,3,40,6,34,44,3,87,30,12,42,129
12/12/2011,RAP,SD,AGL,WE,Federal Contract Tower,7,25,22,0,54,0,0,0,0,0,7,25,22,0,54,0,0,0,54
12/13/2011,RAP,SD,AGL,WE,Federal Contract Tower,2,32,11,0,45,0,0,3,2,5,2,32,14,2,50,10,0,10,60
12/14/2011,RAP,SD,AGL,WE,Federal Contract Tower,2,39,25,3,69,0,1,19,4,24,2,40,44,7,93,16,0,16,109
12/15/2011,RAP,SD,AGL,WE,Federal Contract Tower,1,34,21,2,58,0,1,39,20,60,1,35,60,22,118,22,2,24,142
12/16/2011,RAP,SD,AGL,WE,Federal Contract Tower,5,36,29,0,70,0,0,33,2,35,5,36,62,2,105,42,0,42,147
12/17/2011,RAP,SD,AGL,WE,Federal Contract Tower,1,32,15,1,49,0,2,35,6,43,1,34,50,7,92,46,6,52,144
12/18/2011,RAP,SD,AGL,WE,Federal Contract Tower,1,25,9,0,35,0,2,27,0,29,1,27,36,0,64,8,0,8,72
12/19/2011,RAP,SD,AGL,WE,Federal Contract Tower,5,31,28,0,64,0,4,13,0,17,5,35,41,0,81,0,0,0,81
12/20/2011,RAP,SD,AGL,WE,Federal Contract Tower,1,33,24,0,58,0,1,23,9,33,1,34,47,9,91,22,14,36,127
12/21/2011,RAP,SD,AGL,WE,Federal Contract Tower,3,35,21,0,59,0,0,0,0,0,3,35,21,0,59,0,0,0,59
12/22/2011,RAP,SD,AGL,WE,Federal Contract Tower,1,37,1,0,39,0,4,19,8,31,1,41,20,8,70,8,10,18,88
12/23/2011,RAP,SD,AGL,WE,Federal Contract Tower,5,39,12,0,56,0,3,29,2,34,5,42,41,2,90,14,0,14,104
12/24/2011,RAP,SD,AGL,WE,Federal Contract Tower,3,25,2,0,30,0,4,9,0,13,3,29,11,0,43,18,0,18,61
12/25/2011,RAP,SD,AGL,WE,Federal Contract Tower,1,20,2,0,23,0,1,10,0,11,1,21,12,0,34,24,0,24,58
12/26/2011,RAP,SD,AGL,WE,Federal Contract Tower,6,29,10,0,45,0,7,14,0,21,6,36,24,0,66,8,0,8,74
12/27/2011,RAP,SD,AGL,WE,Federal Contract Tower,1,32,6,0,39,0,2,29,0,31,1,34,35,0,70,6,0,6,76
12/28/2011,RAP,SD,AGL,WE,Federal Contract Tower,5,40,22,0,67,0,2,19,4,25,5,42,41,4,92,16,0,16,108
12/29/2011,RAP,SD,AGL,WE,Federal Contract Tower,2,36,4,0,42,0,8,14,6,28,2,44,18,6,70,0,26,26,96
12/30/2011,RAP,SD,AGL,WE,Federal Contract Tower,5,34,3,0,42,0,4,31,0,35,5,38,34,0,77,24,0,24,101
12/31/2011,RAP,SD,AGL,WE,Federal Contract Tower,2,22,3,0,27,0,0,2,0,2,2,22,5,0,29,0,0,0,29
01/01/2012,RAP,SD,AGL,WE,Federal Contract Tower,2,29,3,0,34,0,2,5,2,9,2,31,8,2,43,8,8,16,59
01/02/2012,RAP,SD,AGL,WE,Federal Contract Tower,5,33,11,0,49,0,5,20,0,25,5,38,31,0,74,10,0,10,84
01/03/2012,RAP,SD,AGL,WE,Federal Contract Tower,2,32,8,0,42,0,3,16,1,20,2,35,24,1,62,14,0,14,76
01/04/2012,RAP,SD,AGL,WE,Federal Contract Tower,2,31,19,0,52,0,1,31,2,34,2,32,50,2,86,18,0,18,104
01/05/2012,RAP,SD,AGL,WE,Federal Contract Tower,2,34,21,0,57,0,8,42,21,71,2,42,63,21,128,2,10,12,140
01/06/2012,RAP,SD,AGL,WE,Federal Contract Tower,4,34,7,2,47,0,0,31,14,45,4,34,38,16,92,4,4,8,100
01/07/2012,RAP,SD,AGL,WE,Federal Contract Tower,0,21,8,2,31,0,2,30,5,37,0,23,38,7,68,34,16,50,118
01/08/2012,RAP,SD,AGL,WE,Federal Contract Tower,2,22,6,0,30,0,1,26,0,27,2,23,32,0,57,40,0,40,97
01/09/2012,RAP,SD,AGL,WE,Federal Contract Tower,4,28,12,0,44,0,1,27,3,31,4,29,39,3,75,20,0,20,95
01/10/2012,RAP,SD,AGL,WE,Federal Contract Tower,0,27,16,4,47,0,2,36,1,39,0,29,52,5,86,20,0,20,106
01/11/2012,RAP,SD,AGL,WE,Federal Contract Tower,2,34,21,2,59,0,2,18,4,24,2,36,39,6,83,12,2,14,97
01/12/2012,RAP,SD,AGL,WE,Federal Contract Tower,0,36,18,5,59,0,11,20,9,40,0,47,38,14,99,4,10,14,113
01/13/2012,RAP,SD,AGL,WE,Federal Contract Tower,4,33,12,3,52,0,0,33,1,34,4,33,45,4,86,6,0,6,92
01/14/2012,RAP,SD,AGL,WE,Federal Contract Tower,0,20,7,0,27,0,0,0,0,0,0,20,7,0,27,124,0,124,151
01/15/2012,RAP,SD,AGL,WE,Federal Contract Tower,0,24,6,0,30,0,3,22,0,25,0,27,28,0,55,38,0,38,93
01/16/2012,RAP,SD,AGL,WE,Federal Contract Tower,4,31,15,0,50,0,0,0,0,0,4,31,15,0,50,0,0,0,50
01/17/2012,RAP,SD,AGL,WE,Federal Contract Tower,0,25,20,0,45,0,3,20,0,23,0,28,40,0,68,4,0,4,72
01/18/2012,RAP,SD,AGL,WE,Federal Contract Tower,0,32,14,0,46,0,1,1,0,2,0,33,15,0,48,0,0,0,48
01/19/2012,RAP,SD,AGL,WE,Federal Contract Tower,0,38,11,0,49,0,2,18,11,31,0,40,29,11,80,0,0,0,80
01/20/2012,RAP,SD,AGL,WE,Federal Contract Tower,4,38,20,0,62,0,1,13,9,23,4,39,33,9,85,14,8,22,107
01/21/2012,RAP,SD,AGL,WE,Federal Contract Tower,0,27,9,3,39,0,1,43,1,45,0,28,52,4,84,14,16,30,114
01/22/2012,RAP,SD,AGL,WE,Federal Contract Tower,0,23,7,0,30,0,0,1,0,1,0,23,8,0,31,0,0,0,31
01/23/2012,RAP,SD,AGL,WE,Federal Contract Tower,4,35,12,0,51,0,5,22,0,27,4,40,34,0,78,16,0,16,94
01/24/2012,RAP,SD,AGL,WE,Federal Contract Tower,0,26,11,3,40,0,4,6,2,12,0,30,17,5,52,0,0,0,52
01/25/2012,RAP,SD,AGL,WE,Federal Contract Tower,0,29,34,1,64,0,3,26,5,34,0,32,60,6,98,8,6,14,112
01/26/2012,RAP,SD,AGL,WE,Federal Contract Tower,0,31,21,2,54,0,4,30,0,34,0,35,51,2,88,4,0,4,92
01/27/2012,RAP,SD,AGL,WE,Federal Contract Tower,4,35,19,0,58,0,2,3,2,7,4,37,22,2,65,0,0,0,65
01/28/2012,RAP,SD,AGL,WE,Federal Contract Tower,0,25,9,0,34,0,0,8,1,9,0,25,17,1,43,6,0,6,49
01/29/2012,RAP,SD,AGL,WE,Federal Contract Tower,0,26,8,1,35,0,4,13,0,17,0,30,21,1,52,2,4,6,58
01/30/2012,RAP,SD,AGL,WE,Federal Contract Tower,4,33,23,0,60,0,3,16,0,19,4,36,39,0,79,10,0,10,89
01/31/2012,RAP,SD,AGL,WE,Federal Contract Tower,0,29,25,2,56,0,7,16,3,26,0,36,41,5,82,8,0,8,90
02/01/2012,RAP,SD,AGL,WE,Federal Contract Tower,0,33,9,4,46,0,4,36,10,50,0,37,45,14,96,40,4,44,140
02/02/2012,RAP,SD,AGL,WE,Federal Contract Tower,0,31,17,3,51,0,6,17,9,32,0,37,34,12,83,4,0,4,87
02/03/2012,RAP,SD,AGL,WE,Federal Contract Tower,4,28,17,2,51,0,5,11,11,27,4,33,28,13,78,16,2,18,96
02/04/2012,RAP,SD,AGL,WE,Federal Contract Tower,0,22,20,1,43,0,1,15,0,16,0,23,35,1,59,10,0,10,69
02/05/2012,RAP,SD,AGL,WE,Federal Contract Tower,0,25,12,0,37,0,3,20,0,23,0,28,32,0,60,20,0,20,80
02/06/2012,RAP,SD,AGL,WE,Federal Contract Tower,4,29,17,0,50,0,1,14,0,15,4,30,31,0,65,0,0,0,65
02/07/2012,RAP,SD,AGL,WE,Federal Contract Tower,0,29,18,3,50,0,1,2,5,8,0,30,20,8,58,0,6,6,64
02/08/2012,RAP,SD,AGL,WE,Federal Contract Tower,0,30,21,9,60,0,5,8,5,18,0,35,29,14,78,0,4,4,82
02/09/2012,RAP,SD,AGL,WE,Federal Contract Tower,0,34,14,0,48,0,5,21,15,41,0,39,35,15,89,10,14,24,113
02/10/2012,RAP,SD,AGL,WE,Federal Contract Tower,4,35,20,0,59,0,2,11,10,23,4,37,31,10,82,20,0,20,102
02/11/2012,RAP,SD,AGL,WE,Federal Contract Tower,0,21,15,2,38,0,3,11,9,23,0,24,26,11,61,26,6,32,93
02/12/2012,RAP,SD,AGL,WE,Federal Contract Tower,0,25,7,7,39,0,2,21,2,25,0,27,28,9,64,22,0,22,86
02/13/2012,RAP,SD,AGL,WE,Federal Contract Tower,4,28,21,0,53,0,3,26,4,33,4,31,47,4,86,22,2,24,110
02/14/2012,RAP,SD,AGL,WE,Federal Contract Tower,0,32,17,0,49,0,4,18,26,48,0,36,35,26,97,4,38,42,139
02/15/2012,RAP,SD,AGL,WE,Federal Contract Tower,0,32,15,2,49,0,1,20,15,36,0,33,35,17,85,0,10,10,95
02/16/2012,RAP,SD,AGL,WE,Federal Contract Tower,0,32,17,5,54,0,4,32,9,45,0,36,49,14,99,56,6,62,161
02/17/2012,RAP,SD,AGL,WE,Federal Contract Tower,4,34,16,2,56,0,5,40,13,58,4,39,56,15,114,20,28,48,162
02/18/2012,RAP,SD,AGL,WE,Federal Contract Tower,0,23,10,0,33,0,6,29,4,39,0,29,39,4,72,34,2,36,108
02/19/2012,RAP,SD,AGL,WE,Federal Contract Tower,0,25,10,0,35,0,1,21,0,22,0,26,31,0,57,14,0,14,71
02/20/2012,RAP,SD,AGL,WE,Federal Contract Tower,4,30,19,0,53,0,3,8,3,14,4,33,27,3,67,4,8,12,79
02/21/2012,RAP,SD,AGL,WE,Federal Contract Tower,0,35,29,1,65,0,3,32,4,39,0,38,61,5,104,18,0,18,122
02/22/2012,RAP,SD,AGL,WE,Federal Contract Tower,0,47,28,13,88,0,1,5,4,10,0,48,33,17,98,18,0,18,116
02/23/2012,RAP,SD,AGL,WE,Federal Contract Tower,2,38,14,1,55,0,0,0,12,12,2,38,14,13,67,0,40,40,107
02/24/2012,RAP,SD,AGL,WE,Federal Contract Tower,4,38,26,2,70,0,0,4,2,6,4,38,30,4,76,0,0,0,76
02/25/2012,RAP,SD,AGL,WE,Federal Contract Tower,0,26,8,0,34,0,4,32,0,36,0,30,40,0,70,20,0,20,90
02/26/2012,RAP,SD,AGL,WE,Federal Contract Tower,4,27,8,0,39,0,1,7,0,8,4,28,15,0,47,0,0,0,47
02/27/2012,RAP,SD,AGL,WE,Federal Contract Tower,2,34,11,0,47,0,5,17,0,22,2,39,28,0,69,26,0,26,95
02/28/2012,RAP,SD,AGL,WE,Federal Contract Tower,0,30,0,0,30,0,0,0,0,0,0,30,0,0,30,0,0,0,30
02/29/2012,RAP,SD,AGL,WE,Federal Contract Tower,0,32,9,0,41,0,1,35,6,42,0,33,44,6,83,28,2,30,113
03/01/2012,RAP,SD,AGL,WE,Federal Contract Tower,1,36,17,0,54,0,5,27,4,36,1,41,44,4,90,36,0,36,126
03/02/2012,RAP,SD,AGL,WE,Federal Contract Tower,3,36,19,1,59,0,0,6,7,13,3,36,25,8,72,0,0,0,72
03/03/2012,RAP,SD,AGL,WE,Federal Contract Tower,0,30,4,1,35,0,1,22,12,35,0,31,26,13,70,14,0,14,84
03/04/2012,RAP,SD,AGL,WE,Federal Contract Tower,4,26,5,1,36,0,0,15,4,19,4,26,20,5,55,16,0,16,71
03/05/2012,RAP,SD,AGL,WE,Federal Contract Tower,6,24,6,1,37,0,3,67,0,70,6,27,73,1,107,66,0,66,173
03/06/2012,RAP,SD,AGL,WE,Federal Contract Tower,1,34,20,1,56,0,3,17,2,22,1,37,37,3,78,6,0,6,84
03/07/2012,RAP,SD,AGL,WE,Federal Contract Tower,2,33,14,1,50,0,2,6,5,13,2,35,20,6,63,20,0,20,83
03/08/2012,RAP,SD,AGL,WE,Federal Contract Tower,2,30,23,0,55,0,1,41,30,72,2,31,64,30,127,20,18,38,165
03/09/2012,RAP,SD,AGL,WE,Federal Contract Tower,6,28,21,0,55,0,3,37,18,58,6,31,58,18,113,38,14,52,165
03/10/2012,RAP,SD,AGL,WE,Federal Contract Tower,0,27,15,0,42,0,0,34,1,35,0,27,49,1,77,16,0,16,93
03/11/2012,RAP,SD,AGL,WE,Federal Contract Tower,2,26,12,0,40,0,2,24,0,26,2,28,36,0,66,6,0,6,72
03/12/2012,RAP,SD,AGL,WE,Federal Contract Tower,4,32,9,2,47,0,8,14,1,23,4,40,23,3,70,12,0,12,82
03/13/2012,RAP,SD,AGL,WE,Federal Contract Tower,1,34,25,4,64,0,5,26,0,31,1,39,51,4,95,4,0,4,99
03/14/2012,RAP,SD,AGL,WE,Federal Contract Tower,1,33,12,1,47,0,5,22,5,32,1,38,34,6,79,0,0,0,79
03/15/2012,RAP,SD,AGL,WE,Federal Contract Tower,3,30,23,1,57,0,0,34,13,47,3,30,57,14,104,28,2,30,134
03/16/2012,RAP,SD,AGL,WE,Federal Contract Tower,3,30,19,2,54,0,5,41,10,56,3,35,60,12,110,42,0,42,152
03/17/2012,RAP,SD,AGL,WE,Federal Contract Tower,0,26,6,0,32,0,7,38,13,58,0,33,44,13,90,20,4,24,114
03/18/2012,RAP,SD,AGL,WE,Federal Contract Tower,2,30,11,0,43,0,3,19,8,30,2,33,30,8,73,14,0,14,87
03/19/2012,RAP,SD,AGL,WE,Federal Contract Tower,4,30,12,0,46,0,3,17,3,23,4,33,29,3,69,0,0,0,69
03/20/2012,RAP,SD,AGL,WE,Federal Contract Tower,1,30,22,0,53,0,2,25,10,37,1,32,47,10,90,20,0,20,110
03/21/2012,RAP,SD,AGL,WE,Federal Contract Tower,1,35,22,0,58,0,2,48,2,52,1,37,70,2,110,52,0,52,162
03/22/2012,RAP,SD,AGL,WE,Federal Contract Tower,2,41,11,0,54,0,3,33,12,48,2,44,44,12,102,16,2,18,120
03/23/2012,RAP,SD,AGL,WE,Federal Contract Tower,5,36,15,2,58,0,12,36,7,55,5,48,51,9,113,28,8,36,149
03/24/2012,RAP,SD,AGL,WE,Federal Contract Tower,0,27,6,0,33,0,6,27,0,33,0,33,33,0,66,12,2,14,80
03/25/2012,RAP,SD,AGL,WE,Federal Contract Tower,2,27,8,0,37,0,1,29,0,30,2,28,37,0,67,0,0,0,67
03/26/2012,RAP,SD,AGL,WE,Federal Contract Tower,3,29,8,0,40,0,0,2,0,2,3,29,10,0,42,16,0,16,58
03/27/2012,RAP,SD,AGL,WE,Federal Contract Tower,0,30,18,2,50,0,7,26,5,38,0,37,44,7,88,12,0,12,100
03/28/2012,RAP,SD,AGL,WE,Federal Contract Tower,2,30,23,1,56,0,13,36,11,60,2,43,59,12,116,12,0,12,128
03/29/2012,RAP,SD,AGL,WE,Federal Contract Tower,0,35,30,1,66,0,17,36,11,64,0,52,66,12,130,48,20,68,198
03/30/2012,RAP,SD,AGL,WE,Federal Contract Tower,3,34,21,0,58,0,2,28,14,44,3,36,49,14,102,54,8,62,164
03/31/2012,RAP,SD,AGL,WE,Federal Contract Tower,0,31,10,1,42,0,6,51,4,61,0,37,61,5,103,30,0,30,133
04/01/2012,RAP,SD,AGL,WE,Federal Contract Tower,1,29,5,0,35,0,6,21,4,31,1,35,26,4,66,4,0,4,70
04/02/2012,RAP,SD,AGL,WE,Federal Contract Tower,4,30,8,0,42,0,0,6,0,6,4,30,14,0,48,0,0,0,48
04/03/2012,RAP,SD,AGL,WE,Federal Contract Tower,0,28,30,5,63,0,2,38,10,50,0,30,68,15,113,50,2,52,165
04/04/2012,RAP,SD,AGL,WE,Federal Contract Tower,2,32,32,0,66,0,4,34,10,48,2,36,66,10,114,50,14,64,178
04/05/2012,RAP,SD,AGL,WE,Federal Contract Tower,2,39,26,1,68,0,3,18,13,34,2,42,44,14,102,10,28,38,140
04/06/2012,RAP,SD,AGL,WE,Federal Contract Tower,4,35,14,0,53,0,2,19,2,23,4,37,33,2,76,0,0,0,76
04/07/2012,RAP,SD,AGL,WE,Federal Contract Tower,0,27,3,2,32,0,1,24,2,27,0,28,27,4,59,18,0,18,77
04/08/2012,RAP,SD,AGL,WE,Federal Contract Tower,0,25,5,0,30,0,2,37,6,45,0,27,42,6,75,2,0,2,77
04/09/2012,RAP,SD,AGL,WE,Federal Contract Tower,3,29,28,4,64,0,6,24,0,30,3,35,52,4,94,6,0,6,100
04/10/2012,RAP,SD,AGL,WE,Federal Contract Tower,0,32,28,0,60,0,3,30,4,37,0,35,58,4,97,6,0,6,103
04/11/2012,RAP,SD,AGL,WE,Federal Contract Tower,1,31,24,1,57,0,8,19,7,34,1,39,43,8,91,2,0,2,93
04/12/2012,RAP,SD,AGL,WE,Federal Contract Tower,1,39,22,3,65,0,4,13,12,29,1,43,35,15,94,0,6,6,100
04/13/2012,RAP,SD,AGL,WE,Federal Contract Tower,5,33,22,1,61,0,6,15,7,28,5,39,37,8,89,10,14,24,113
04/14/2012,RAP,SD,AGL,WE,Federal Contract Tower,3,33,11,2,49,0,0,4,7,11,3,33,15,9,60,0,0,0,60
04/15/2012,RAP,SD,AGL,WE,Federal Contract Tower,3,29,2,1,35,0,0,3,1,4,3,29,5,2,39,0,0,0,39
04/16/2012,RAP,SD,AGL,WE,Federal Contract Tower,6,35,27,0,68,0,3,29,1,33,6,38,56,1,101,24,0,24,125
04/17/2012,RAP,SD,AGL,WE,Federal Contract Tower,3,30,16,0,49,0,2,16,2,20,3,32,32,2,69,4,6,10,79
04/18/2012,RAP,SD,AGL,WE,Federal Contract Tower,1,33,14,1,49,0,3,17,7,27,1,36,31,8,76,34,16,50,126
04/19/2012,RAP,SD,AGL,WE,Federal Contract Tower,5,35,25,2,67,0,0,21,12,33,5,35,46,14,100,52,0,52,152
04/20/2012,RAP,SD,AGL,WE,Federal Contract Tower,6,35,16,0,57,0,1,47,0,48,6,36,63,0,105,46,0,46,151
04/21/2012,RAP,SD,AGL,WE,Federal Contract Tower,1,24,8,0,33,0,4,14,2,20,1,28,22,2,53,8,0,8,61
04/22/2012,RAP,SD,AGL,WE,Federal Contract Tower,1,25,15,0,41,0,6,24,1,31,1,31,39,1,72,12,0,12,84
04/23/2012,RAP,SD,AGL,WE,Federal Contract Tower,3,38,16,3,60,0,10,51,4,65,3,48,67,7,125,69,0,69,194
04/24/2012,RAP,SD,AGL,WE,Federal Contract Tower,1,30,15,0,46,0,0,24,5,29,1,30,39,5,75,32,0,32,107
04/25/2012,RAP,SD,AGL,WE,Federal Contract Tower,1,37,24,6,68,0,3,31,11,45,1,40,55,17,113,38,8,46,159
04/26/2012,RAP,SD,AGL,WE,Federal Contract Tower,1,35,28,2,66,0,1,24,17,42,1,36,52,19,108,30,0,30,138
04/27/2012,RAP,SD,AGL,WE,Federal Contract Tower,4,32,12,0,48,0,2,1,0,3,4,34,13,0,51,0,0,0,51
04/28/2012,RAP,SD,AGL,WE,Federal Contract Tower,1,29,5,1,36,0,0,5,0,5,1,29,10,1,41,26,0,26,67
04/29/2012,RAP,SD,AGL,WE,Federal Contract Tower,1,26,7,0,34,0,3,17,0,20,1,29,24,0,54,32,0,32,86
04/30/2012,RAP,SD,AGL,WE,Federal Contract Tower,5,32,21,0,58,0,3,41,1,45,5,35,62,1,103,58,0,58,161
05/01/2012,RAP,SD,AGL,WE,Federal Contract Tower,1,33,19,6,59,0,3,29,6,38,1,36,48,12,97,18,0,18,115
05/02/2012,RAP,SD,AGL,WE,Federal Contract Tower,1,34,31,2,68,0,2,22,2,26,1,36,53,4,94,64,0,64,158
05/03/2012,RAP,SD,AGL,WE,Federal Contract Tower,1,38,24,0,63,0,4,28,2,34,1,42,52,2,97,54,0,54,151
05/04/2012,RAP,SD,AGL,WE,Federal Contract Tower,4,35,13,0,52,0,3,41,13,57,4,38,54,13,109,48,8,56,165
05/05/2012,RAP,SD,AGL,WE,Federal Contract Tower,1,26,9,1,37,0,1,4,11,16,1,27,13,12,53,0,0,0,53
05/06/2012,RAP,SD,AGL,WE,Federal Contract Tower,1,34,12,0,47,0,5,22,8,35,1,39,34,8,82,0,0,0,82
05/07/2012,RAP,SD,AGL,WE,Federal Contract Tower,6,34,13,0,53,0,2,20,2,24,6,36,33,2,77,30,0,30,107
05/08/2012,RAP,SD,AGL,WE,Federal Contract Tower,1,36,25,0,62,0,0,34,14,48,1,36,59,14,110,30,0,30,140
05/09/2012,RAP,SD,AGL,WE,Federal Contract Tower,1,38,27,1,67,0,9,48,19,76,1,47,75,20,143,74,12,86,229
05/10/2012,RAP,SD,AGL,WE,Federal Contract Tower,1,35,21,2,59,0,2,33,9,44,1,37,54,11,103,56,8,64,167
05/11/2012,RAP,SD,AGL,WE,Federal Contract Tower,5,37,14,2,58,0,5,43,12,60,5,42,57,14,118,64,22,86,204
05/12/2012,RAP,SD,AGL,WE,Federal Contract Tower,2,25,7,0,34,0,6,31,2,39,2,31,38,2,73,10,0,10,83
05/13/2012,RAP,SD,AGL,WE,Federal Contract Tower,1,29,10,0,40,0,3,28,0,31,1,32,38,0,71,16,0,16,87
05/14/2012,RAP,SD,AGL,WE,Federal Contract Tower,4,34,15,1,54,0,5,42,1,48,4,39,57,2,102,12,0,12,114
05/15/2012,RAP,SD,AGL,WE,Federal Contract Tower,1,30,24,3,58,0,3,30,7,40,1,33,54,10,98,48,20,68,166
05/16/2012,RAP,SD,AGL,WE,Federal Contract Tower,3,36,31,1,71,0,0,18,3,21,3,36,49,4,92,14,0,14,106
05/17/2012,RAP,SD,AGL,WE,Federal Contract Tower,1,40,28,0,69,0,7,21,8,36,1,47,49,8,105,24,0,24,129
05/18/2012,RAP,SD,AGL,WE,Federal Contract Tower,5,39,16,0,60,0,0,36,10,46,5,39,52,10,106,84,40,124,230
05/19/2012,RAP,SD,AGL,WE,Federal Contract Tower,3,31,8,0,42,0,0,4,0,4,3,31,12,0,46,0,0,0,46
05/20/2012,RAP,SD,AGL,WE,Federal Contract Tower,1,29,10,0,40,0,4,23,0,27,1,33,33,0,67,46,0,46,113
05/21/2012,RAP,SD,AGL,WE,Federal Contract Tower,5,40,15,0,60,0,4,23,1,28,5,44,38,1,88,18,0,18,106
05/22/2012,RAP,SD,AGL,WE,Federal Contract Tower,1,36,28,1,66,0,4,19,2,25,1,40,47,3,91,30,0,30,121
05/23/2012,RAP,SD,AGL,WE,Federal Contract Tower,1,37,30,0,68,0,3,27,1,31,1,40,57,1,99,30,0,30,129
05/24/2012,RAP,SD,AGL,WE,Federal Contract Tower,1,39,19,0,59,0,3,11,11,25,1,42,30,11,84,0,0,0,84
05/25/2012,RAP,SD,AGL,WE,Federal Contract Tower,5,51,26,0,82,0,0,24,4,28,5,51,50,4,110,46,10,56,166
05/26/2012,RAP,SD,AGL,WE,Federal Contract Tower,1,29,13,0,43,0,0,0,0,0,1,29,13,0,43,0,0,0,43
05/27/2012,RAP,SD,AGL,WE,Federal Contract Tower,0,23,9,0,32,0,3,14,0,17,0,26,23,0,49,6,0,6,55
05/28/2012,RAP,SD,AGL,WE,Federal Contract Tower,3,25,10,0,38,0,3,10,0,13,3,28,20,0,51,14,0,14,65
05/29/2012,RAP,SD,AGL,WE,Federal Contract Tower,1,36,19,0,56,0,3,58,5,66,1,39,77,5,122,82,0,82,204
05/30/2012,RAP,SD,AGL,WE,Federal Contract Tower,1,38,22,10,71,0,3,31,4,38,1,41,53,14,109,52,8,60,169
05/31/2012,RAP,SD,AGL,WE,Federal Contract Tower,3,35,12,2,52,0,1,47,16,64,3,36,59,18,116,17,0,17,133
06/01/2012,RAP,SD,AGL,WE,Federal Contract Tower,5,36,15,1,57,0,3,42,0,45,5,39,57,1,102,64,0,64,166
06/02/2012,RAP,SD,AGL,WE,Federal Contract Tower,1,22,25,0,48,0,2,36,1,39,1,24,61,1,87,12,0,12,99
06/03/2012,RAP,SD,AGL,WE,Federal Contract Tower,3,31,14,0,48,0,6,16,0,22,3,37,30,0,70,0,0,0,70
06/04/2012,RAP,SD,AGL,WE,Federal Contract Tower,5,33,14,4,56,0,2,26,0,28,5,35,40,4,84,8,0,8,92
06/05/2012,RAP,SD,AGL,WE,Federal Contract Tower,1,35,19,2,57,0,6,17,3,26,1,41,36,5,83,0,2,2,85
06/06/2012,RAP,SD,AGL,WE,Federal Contract Tower,7,33,15,2,57,0,4,25,10,39,7,37,40,12,96,34,0,34,130
06/07/2012,RAP,SD,AGL,WE,Federal Contract Tower,1,46,22,0,69,0,3,15,4,22,1,49,37,4,91,6,0,6,97
06/08/2012,RAP,SD,AGL,WE,Federal Contract Tower,6,49,23,0,78,0,2,47,28,77,6,51,70,28,155,44,4,48,203
06/09/2012,RAP,SD,AGL,WE,Federal Contract Tower,9,39,15,0,63,0,3,43,13,59,9,42,58,13,122,4,0,4,126
06/10/2012,RAP,SD,AGL,WE,Federal Contract Tower,1,43,8,3,55,0,0,21,4,25,1,43,29,7,80,0,0,0,80
06/11/2012,RAP,SD,AGL,WE,Federal Contract Tower,5,47,14,2,68,0,0,20,3,23,5,47,34,5,91,12,20,32,123
06/12/2012,RAP,SD,AGL,WE,Federal Contract Tower,3,44,26,3,76,0,2,32,14,48,3,46,58,17,124,30,2,32,156
06/13/2012,RAP,SD,AGL,WE,Federal Contract Tower,1,49,23,7,80,0,1,61,10,72,1,50,84,17,152,66,4,70,222
06/14/2012,RAP,SD,AGL,WE,Federal Contract Tower,1,54,32,0,87,0,1,35,12,48,1,55,67,12,135,40,6,46,181
06/15/2012,RAP,SD,AGL,WE,Federal Contract Tower,6,54,24,3,87,0,0,21,16,37,6,54,45,19,124,14,0,14,138
06/16/2012,RAP,SD,AGL,WE,Federal Contract Tower,1,39,16,0,56,0,2,32,1,35,1,41,48,1,91,24,0,24,115
06/17/2012,RAP,SD,AGL,WE,Federal Contract Tower,1,48,13,0,62,0,6,24,2,32,1,54,37,2,94,4,0,4,98
06/18/2012,RAP,SD,AGL,WE,Federal Contract Tower,5,46,27,2,80,0,3,24,10,37,5,49,51,12,117,28,0,28,145
06/19/2012,RAP,SD,AGL,WE,Federal Contract Tower,1,53,22,0,76,0,5,31,12,48,1,58,53,12,124,60,0,60,184
06/20/2012,RAP,SD,AGL,WE,Federal Contract Tower,1,54,20,1,76,0,3,25,15,43,1,57,45,16,119,0,8,8,127
06/21/2012,RAP,SD,AGL,WE,Federal Contract Tower,1,51,30,3,85,0,3,36,13,52,1,54,66,16,137,16,0,16,153
06/22/2012,RAP,SD,AGL,WE,Federal Contract Tower,5,56,28,0,89,0,1,39,7,47,5,57,67,7,136,22,0,22,158
06/23/2012,RAP,SD,AGL,WE,Federal Contract Tower,12,46,8,3,69,0,3,37,8,48,12,49,45,11,117,18,8,26,143
06/24/2012,RAP,SD,AGL,WE,Federal Contract Tower,1,43,23,0,67,0,4,21,7,32,1,47,44,7,99,12,0,12,111
06/25/2012,RAP,SD,AGL,WE,Federal Contract Tower,5,46,28,1,80,0,9,18,4,31,5,55,46,5,111,2,0,2,113
06/26/2012,RAP,SD,AGL,WE,Federal Contract Tower,1,46,34,0,81,0,6,16,7,29,1,52,50,7,110,0,10,10,120
06/27/2012,RAP,SD,AGL,WE,Federal Contract Tower,5,59,30,7,101,0,1,58,11,70,5,60,88,18,171,20,6,26,197
06/28/2012,RAP,SD,AGL,WE,Federal Contract Tower,1,63,34,0,98,0,4,41,3,48,1,67,75,3,146,22,0,22,168
06/29/2012,RAP,SD,AGL,WE,Federal Contract Tower,6,48,20,0,74,0,6,31,5,42,6,54,51,5,116,6,0,6,122
06/30/2012,RAP,SD,AGL,WE,Federal Contract Tower,5,51,13,0,69,0,10,39,9,58,5,61,52,9,127,12,0,12,139
07/01/2012,RAP,SD,AGL,WE,Federal Contract Tower,1,46,9,0,56,11,15,30,2,58,12,61,39,2,114,0,0,0,114
07/02/2012,RAP,SD,AGL,WE,Federal Contract Tower,5,50,18,0,73,15,15,48,8,86,20,65,66,8,159,22,0,22,181
07/03/2012,RAP,SD,AGL,WE,Federal Contract Tower,1,46,5,0,52,7,15,36,12,70,8,61,41,12,122,34,14,48,170
07/04/2012,RAP,SD,AGL,WE,Federal Contract Tower,4,36,13,0,53,0,3,15,6,24,4,39,28,6,77,6,0,6,83
07/05/2012,RAP,SD,AGL,WE,Federal Contract Tower,1,53,27,1,82,0,9,23,10,42,1,62,50,11,124,20,4,24,148
07/06/2012,RAP,SD,AGL,WE,Federal Contract Tower,5,69,11,1,86,0,7,10,5,22,5,76,21,6,108,8,0,8,116
07/07/2012,RAP,SD,AGL,WE,Federal Contract Tower,3,53,16,4,76,0,5,17,3,25,3,58,33,7,101,8,0,8,109
07/08/2012,RAP,SD,AGL,WE,Federal Contract Tower,1,47,19,0,67,0,3,33,2,38,1,50,52,2,105,6,0,6,111
07/09/2012,RAP,SD,AGL,WE,Federal Contract Tower,5,53,21,3,82,0,0,35,4,39,5,53,56,7,121,26,0,26,147
07/10/2012,RAP,SD,AGL,WE,Federal Contract Tower,1,56,19,3,79,0,2,40,4,46,1,58,59,7,125,34,2,36,161
07/11/2012,RAP,SD,AGL,WE,Federal Contract Tower,5,50,22,2,79,0,4,39,25,68,5,54,61,27,147,22,31,53,200
07/12/2012,RAP,SD,AGL,WE,Federal Contract Tower,1,55,28,2,86,0,1,30,15,46,1,56,58,17,132,20,28,48,180
07/13/2012,RAP,SD,AGL,WE,Federal Contract Tower,5,54,25,0,84,0,0,34,2,36,5,54,59,2,120,46,0,46,166
07/14/2012,RAP,SD,AGL,WE,Federal Contract Tower,5,47,3,0,55,0,0,36,0,36,5,47,39,0,91,8,0,8,99
07/15/2012,RAP,SD,AGL,WE,Federal Contract Tower,1,47,14,3,65,0,5,34,2,41,1,52,48,5,106,6,0,6,112
07/16/2012,RAP,SD,AGL,WE,Federal Contract Tower,5,52,28,2,87,0,7,20,3,30,5,59,48,5,117,22,0,22,139
07/17/2012,RAP,SD,AGL,WE,Federal Contract Tower,3,49,30,0,82,0,4,15,11,30,3,53,45,11,112,29,12,41,153
07/18/2012,RAP,SD,AGL,WE,Federal Contract Tower,3,59,18,1,81,0,3,40,20,63,3,62,58,21,144,32,6,38,182
07/19/2012,RAP,SD,AGL,WE,Federal Contract Tower,1,51,21,0,73,0,10,55,16,81,1,61,76,16,154,46,8,54,208
07/20/2012,RAP,SD,AGL,WE,Federal Contract Tower,5,53,38,0,96,0,30,48,6,84,5,83,86,6,180,10,0,10,190
07/21/2012,RAP,SD,AGL,WE,Federal Contract Tower,1,54,23,3,81,0,26,55,10,91,1,80,78,13,172,12,0,12,184
07/22/2012,RAP,SD,AGL,WE,Federal Contract Tower,1,48,17,1,67,0,21,54,22,97,1,69,71,23,164,0,20,20,184
07/23/2012,RAP,SD,AGL,WE,Federal Contract Tower,7,48,20,2,77,0,28,53,11,92,7,76,73,13,169,0,10,10,179
07/24/2012,RAP,SD,AGL,WE,Federal Contract Tower,1,48,25,0,74,0,38,55,16,109,1,86,80,16,183,24,2,26,209
07/25/2012,RAP,SD,AGL,WE,Federal Contract Tower,1,57,45,2,105,0,5,33,12,50,1,62,78,14,155,15,12,27,182
07/26/2012,RAP,SD,AGL,WE,Federal Contract Tower,1,54,27,0,82,0,16,73,25,114,1,70,100,25,196,38,38,76,272
07/27/2012,RAP,SD,AGL,WE,Federal Contract Tower,5,51,25,2,83,1,5,44,7,57,6,56,69,9,140,16,0,16,156
07/28/2012,RAP,SD,AGL,WE,Federal Contract Tower,1,51,18,2,72,0,3,67,4,74,1,54,85,6,146,20,0,20,166
07/29/2012,RAP,SD,AGL,WE,Federal Contract Tower,3,46,34,2,85,0,3,52,1,56,3,49,86,3,141,22,0,22,163
07/30/2012,RAP,SD,AGL,WE,Federal Contract Tower,5,56,30,1,92,0,4,78,5,87,5,60,108,6,179,72,0,72,251
07/31/2012,RAP,SD,AGL,WE,Federal Contract Tower,1,52,23,3,79,0,8,40,2,50,1,60,63,5,129,68,4,72,201
08/01/2012,RAP,SD,AGL,WE,Federal Contract Tower,3,61,13,0,77,0,4,46,6,56,3,65,59,6,133,56,0,56,189
08/02/2012,RAP,SD,AGL,WE,Federal Contract Tower,1,57,33,0,91,0,0,31,13,44,1,57,64,13,135,56,18,74,209
08/03/2012,RAP,SD,AGL,WE,Federal Contract Tower,5,54,42,2,103,0,3,29,9,41,5,57,71,11,144,26,0,26,170
08/04/2012,RAP,SD,AGL,WE,Federal Contract Tower,5,45,28,0,78,0,3,33,6,42,5,48,61,6,120,12,0,12,132
08/05/2012,RAP,SD,AGL,WE,Federal Contract Tower,5,40,25,0,70,0,22,39,3,64,5,62,64,3,134,0,0,0,134
08/06/2012,RAP,SD,AGL,WE,Federal Contract Tower,5,49,28,2,84,0,8,46,4,58,5,57,74,6,142,34,0,34,176
08/07/2012,RAP,SD,AGL,WE,Federal Contract Tower,1,50,23,2,76,0,3,39,4,46,1,53,62,6,122,6,0,6,128
08/08/2012,RAP,SD,AGL,WE,Federal Contract Tower,1,62,27,3,93,0,4,29,10,43,1,66,56,13,136,18,0,18,154
08/09/2012,RAP,SD,AGL,WE,Federal Contract Tower,1,50,29,0,80,0,8,50,16,74,1,58,79,16,154,22,16,38,192
08/10/2012,RAP,SD,AGL,WE,Federal Contract Tower,10,59,31,1,101,0,5,23,3,31,10,64,54,4,132,12,2,14,146
08/11/2012,RAP,SD,AGL,WE,Federal Contract Tower,8,51,11,2,72,0,2,28,1,31,8,53,39,3,103,34,0,34,137
08/12/2012,RAP,SD,AGL,WE,Federal Contract Tower,5,49,18,1,73,0,2,32,0,34,5,51,50,1,107,2,0,2,109
08/13/2012,RAP,SD,AGL,WE,Federal Contract Tower,5,58,20,0,83,0,0,46,0,46,5,58,66,0,129,54,0,54,183
08/14/2012,RAP,SD,AGL,WE,Federal Contract Tower,1,54,32,1,88,0,3,57,6,66,1,57,89,7,154,60,8,68,222
08/15/2012,RAP,SD,AGL,WE,Federal Contract Tower,1,49,21,0,71,0,0,13,1,14,1,49,34,1,85,0,0,0,85
08/16/2012,RAP,SD,AGL,WE,Federal Contract Tower,1,51,33,0,85,0,5,74,13,92,1,56,107,13,177,60,0,60,237
08/17/2012,RAP,SD,AGL,WE,Federal Contract Tower,5,49,20,1,75,0,0,39,3,42,5,49,59,4,117,16,0,16,133
08/18/2012,RAP,SD,AGL,WE,Federal Contract Tower,1,39,21,2,63,0,4,47,2,53,1,43,68,4,116,0,0,0,116
08/19/2012,RAP,SD,AGL,WE,Federal Contract Tower,1,48,27,0,76,0,5,34,0,39,1,53,61,0,115,14,0,14,129
08/20/2012,RAP,SD,AGL,WE,Federal Contract Tower,5,47,27,0,79,0,3,41,0,44,5,50,68,0,123,18,0,18,141
08/21/2012,RAP,SD,AGL,WE,Federal Contract Tower,1,50,21,2,74,0,5,34,2,41,1,55,55,4,115,46,0,46,161
08/22/2012,RAP,SD,AGL,WE,Federal Contract Tower,1,50,29,0,80,0,3,39,14,56,1,53,68,14,136,30,0,30,166
08/23/2012,RAP,SD,AGL,WE,Federal Contract Tower,1,41,12,2,56,0,3,52,18,73,1,44,64,20,129,82,24,106,235
08/24/2012,RAP,SD,AGL,WE,Federal Contract Tower,7,49,21,0,77,0,5,34,15,54,7,54,55,15,131,2,0,2,133
08/25/2012,RAP,SD,AGL,WE,Federal Contract Tower,1,33,13,0,47,0,1,49,5,55,1,34,62,5,102,20,0,20,122
08/26/2012,RAP,SD,AGL,WE,Federal Contract Tower,1,32,12,0,45,0,4,28,0,32,1,36,40,0,77,40,0,40,117
08/27/2012,RAP,SD,AGL,WE,Federal Contract Tower,7,45,14,5,71,0,3,31,0,34,7,48,45,5,105,54,0,54,159
08/28/2012,RAP,SD,AGL,WE,Federal Contract Tower,1,41,10,2,54,0,3,13,7,23,1,44,23,9,77,22,10,32,109
08/29/2012,RAP,SD,AGL,WE,Federal Contract Tower,1,45,23,4,73,0,10,33,23,66,1,55,56,27,139,32,28,60,199
08/30/2012,RAP,SD,AGL,WE,Federal Contract Tower,3,45,22,6,76,0,2,68,19,89,3,47,90,25,165,40,2,42,207
08/31/2012,RAP,SD,AGL,WE,Federal Contract Tower,9,46,29,2,86,0,5,37,18,60,9,51,66,20,146,18,12,30,176
09/01/2012,RAP,SD,AGL,WE,Federal Contract Tower,1,33,18,0,52,0,8,19,2,29,1,41,37,2,81,10,0,10,91
09/02/2012,RAP,SD,AGL,WE,Federal Contract Tower,1,25,6,0,32,7,9,18,3,37,8,34,24,3,69,8,0,8,77
09/03/2012,RAP,SD,AGL,WE,Federal Contract Tower,4,38,13,0,55,0,3,38,4,45,4,41,51,4,100,26,0,26,126
09/04/2012,RAP,SD,AGL,WE,Federal Contract Tower,7,39,24,0,70,3,13,24,2,42,10,52,48,2,112,48,0,48,160
09/05/2012,RAP,SD,AGL,WE,Federal Contract Tower,8,35,26,3,72,20,23,47,9,99,28,58,73,12,171,104,0,104,275
09/06/2012,RAP,SD,AGL,WE,Federal Contract Tower,10,32,25,2,69,0,4,35,13,52,10,36,60,15,121,48,0,48,169
09/07/2012,RAP,SD,AGL,WE,Federal Contract Tower,13,49,30,2,94,9,3,38,10,60,22,52,68,12,154,41,12,53,207
09/08/2012,RAP,SD,AGL,WE,Federal Contract Tower,7,33,12,3,55,0,6,28,7,41,7,39,40,10,96,14,0,14,110
09/09/2012,RAP,SD,AGL,WE,Federal Contract Tower,9,26,14,0,49,1,2,22,1,26,10,28,36,1,75,0,0,0,75
09/10/2012,RAP,SD,AGL,WE,Federal Contract Tower,13,35,19,0,67,0,2,31,7,40,13,37,50,7,107,32,0,32,139
09/11/2012,RAP,SD,AGL,WE,Federal Contract Tower,8,37,17,3,65,0,4,17,4,25,8,41,34,7,90,10,4,14,104
09/12/2012,RAP,SD,AGL,WE,Federal Contract Tower,7,41,23,0,71,0,1,32,22,55,7,42,55,22,126,20,8,28,154
09/13/2012,RAP,SD,AGL,WE,Federal Contract Tower,10,36,23,1,70,0,4,18,29,51,10,40,41,30,121,28,18,46,167
09/14/2012,RAP,SD,AGL,WE,Federal Contract Tower,15,37,23,0,75,0,3,50,10,63,15,40,73,10,138,62,12,74,212
09/15/2012,RAP,SD,AGL,WE,Federal Contract Tower,6,39,13,0,58,0,1,18,1,20,6,40,31,1,78,28,0,28,106
09/16/2012,RAP,SD,AGL,WE,Federal Contract Tower,10,27,6,3,46,0,1,9,1,11,10,28,15,4,57,4,0,4,61
09/17/2012,RAP,SD,AGL,WE,Federal Contract Tower,16,31,22,1,70,0,1,39,1,41,16,32,61,2,111,30,0,30,141
09/18/2012,RAP,SD,AGL,WE,Federal Contract Tower,6,34,28,0,68,0,4,34,8,46,6,38,62,8,114,26,2,28,142
09/19/2012,RAP,SD,AGL,WE,Federal Contract Tower,8,31,22,1,62,0,2,28,0,30,8,33,50,1,92,6,0,6,98
09/20/2012,RAP,SD,AGL,WE,Federal Contract Tower,10,33,23,4,70,0,3,44,6,53,10,36,67,10,123,34,0,34,157
09/21/2012,RAP,SD,AGL,WE,Federal Contract Tower,14,41,33,3,91,0,5,24,4,33,14,46,57,7,124,0,0,0,124
09/22/2012,RAP,SD,AGL,WE,Federal Contract Tower,6,33,10,0,49,0,4,55,0,59,6,37,65,0,108,6,0,6,114
09/23/2012,RAP,SD,AGL,WE,Federal Contract Tower,12,27,18,0,57,0,5,36,0,41,12,32,54,0,98,38,0,38,136
09/24/2012,RAP,SD,AGL,WE,Federal Contract Tower,14,34,32,1,81,0,7,29,1,37,14,41,61,2,118,22,0,22,140
09/25/2012,RAP,SD,AGL,WE,Federal Contract Tower,8,42,19,0,69,0,0,46,3,49,8,42,65,3,118,42,2,44,162
09/26/2012,RAP,SD,AGL,WE,Federal Contract Tower,8,36,24,1,69,0,6,31,6,43,8,42,55,7,112,50,0,50,162
09/27/2012,RAP,SD,AGL,WE,Federal Contract Tower,13,39,29,0,81,0,4,48,7,59,13,43,77,7,140,24,6,30,170
09/28/2012,RAP,SD,AGL,WE,Federal Contract Tower,12,36,17,2,67,0,2,31,10,43,12,38,48,12,110,2,4,6,116
09/29/2012,RAP,SD,AGL,WE,Federal Contract Tower,5,36,4,0,45,0,4,36,0,40,5,40,40,0,85,32,0,32,117
09/30/2012,RAP,SD,AGL,WE,Federal Contract Tower,7,25,18,0,50,0,2,13,0,15,7,27,31,0,65,8,0,8,73
10/01/2012,RAP,SD,AGL,WE,Federal Contract Tower,13,33,19,0,65,0,4,29,3,36,13,37,48,3,101,4,4,8,109
10/02/2012,RAP,SD,AGL,WE,Federal Contract Tower,9,33,18,4,64,0,0,33,2,35,9,33,51,6,99,30,0,30,129
10/03/2012,RAP,SD,AGL,WE,Federal Contract Tower,2,37,21,3,63,0,2,10,6,18,2,39,31,9,81,12,2,14,95
10/04/2012,RAP,SD,AGL,WE,Federal Contract Tower,6,36,39,3,84,0,3,18,17,38,6,39,57,20,122,4,0,4,126
10/05/2012,RAP,SD,AGL,WE,Federal Contract Tower,6,39,15,1,61,0,1,17,2,20,6,40,32,3,81,24,0,24,105
10/06/2012,RAP,SD,AGL,WE,Federal Contract Tower,2,31,9,4,46,0,3,10,2,15,2,34,19,6,61,0,2,2,63
10/07/2012,RAP,SD,AGL,WE,Federal Contract Tower,1,34,11,3,49,0,2,29,7,38,1,36,40,10,87,18,0,18,105
10/08/2012,RAP,SD,AGL,WE,Federal Contract Tower,5,33,14,0,52,0,4,12,0,16,5,37,26,0,68,0,0,0,68
10/09/2012,RAP,SD,AGL,WE,Federal Contract Tower,1,35,16,0,52,0,4,19,0,23,1,39,35,0,75,14,0,14,89
10/10/2012,RAP,SD,AGL,WE,Federal Contract Tower,1,34,19,0,54,0,2,36,17,55,1,36,55,17,109,16,14,30,139
10/11/2012,RAP,SD,AGL,WE,Federal Contract Tower,1,43,38,0,82,0,1,12,15,28,1,44,50,15,110,14,10,24,134
10/12/2012,RAP,SD,AGL,WE,Federal Contract Tower,5,39,14,1,59,0,2,12,31,45,5,41,26,32,104,2,26,28,132
10/13/2012,RAP,SD,AGL,WE,Federal Contract Tower,1,27,6,0,34,0,1,7,0,8,1,28,13,0,42,0,0,0,42
10/14/2012,RAP,SD,AGL,WE,Federal Contract Tower,1,29,9,4,43,0,3,27,3,33,1,32,36,7,76,14,0,14,90
10/15/2012,RAP,SD,AGL,WE,Federal Contract Tower,5,32,17,3,57,0,5,36,0,41,5,37,53,3,98,60,0,60,158
10/16/2012,RAP,SD,AGL,WE,Federal Contract Tower,1,37,16,0,54,0,3,24,5,32,1,40,40,5,86,24,4,28,114
10/17/2012,RAP,SD,AGL,WE,Federal Contract Tower,2,35,12,0,49,0,1,1,0,2,2,36,13,0,51,0,0,0,51
10/18/2012,RAP,SD,AGL,WE,Federal Contract Tower,1,33,14,1,49,0,1,2,13,16,1,34,16,14,65,0,40,40,105
10/19/2012,RAP,SD,AGL,WE,Federal Contract Tower,5,39,33,0,77,0,5,34,8,47,5,44,67,8,124,26,0,26,150
10/20/2012,RAP,SD,AGL,WE,Federal Contract Tower,1,29,12,0,42,0,4,53,0,57,1,33,65,0,99,6,0,6,105
10/21/2012,RAP,SD,AGL,WE,Federal Contract Tower,1,31,16,1,49,0,1,18,0,19,1,32,34,1,68,4,0,4,72
10/22/2012,RAP,SD,AGL,WE,Federal Contract Tower,5,30,12,0,47,0,1,15,0,16,5,31,27,0,63,8,0,8,71
10/23/2012,RAP,SD,AGL,WE,Federal Contract Tower,1,45,18,2,66,0,0,9,4,13,1,45,27,6,79,22,0,22,101
10/24/2012,RAP,SD,AGL,WE,Federal Contract Tower,1,38,10,1,50,0,0,1,0,1,1,38,11,1,51,0,0,0,51
10/25/2012,RAP,SD,AGL,WE,Federal Contract Tower,1,34,30,2,67,0,0,5,14,19,1,34,35,16,86,0,18,18,104
10/26/2012,RAP,SD,AGL,WE,Federal Contract Tower,6,44,24,1,75,0,8,19,3,30,6,52,43,4,105,18,4,22,127
10/27/2012,RAP,SD,AGL,WE,Federal Contract Tower,2,28,11,0,41,0,3,22,0,25,2,31,33,0,66,28,0,28,94
10/28/2012,RAP,SD,AGL,WE,Federal Contract Tower,1,30,12,2,45,0,1,28,4,33,1,31,40,6,78,24,0,24,102
10/29/2012,RAP,SD,AGL,WE,Federal Contract Tower,6,33,16,3,58,0,0,26,2,28,6,33,42,5,86,68,0,68,154
10/30/2012,RAP,SD,AGL,WE,Federal Contract Tower,1,37,13,0,51,0,4,30,17,51,1,41,43,17,102,38,0,38,140
10/31/2012,RAP,SD,AGL,WE,Federal Contract Tower,3,29,8,4,44,0,2,36,4,42,3,31,44,8,86,48,4,52,138
11/01/2012,RAP,SD,AGL,WE,Federal Contract Tower,0,18,13,1,32,0,2,2,1,5,0,20,15,2,37,0,0,0,37
11/02/2012,RAP,SD,AGL,WE,Federal Contract Tower,5,37,16,5,63,0,3,25,6,34,5,40,41,11,97,38,2,40,137
11/03/2012,RAP,SD,AGL,WE,Federal Contract Tower,4,25,7,5,41,0,2,36,17,55,4,27,43,22,96,48,12,60,156
11/04/2012,RAP,SD,AGL,WE,Federal Contract Tower,3,28,7,1,39,0,1,26,7,34,3,29,33,8,73,14,0,14,87
11/05/2012,RAP,SD,AGL,WE,Federal Contract Tower,5,35,13,0,53,0,3,24,4,31,5,38,37,4,84,44,0,44,128
11/06/2012,RAP,SD,AGL,WE,Federal Contract Tower,4,26,17,2,49,0,6,19,7,32,4,32,36,9,81,0,2,2,83
11/07/2012,RAP,SD,AGL,WE,Federal Contract Tower,1,30,24,5,60,0,4,32,16,52,1,34,56,21,112,20,0,20,132
11/08/2012,RAP,SD,AGL,WE,Federal Contract Tower,1,38,26,2,67,0,3,36,20,59,1,41,62,22,126,42,4,46,172
11/09/2012,RAP,SD,AGL,WE,Federal Contract Tower,1,19,10,0,30,0,0,0,0,0,1,19,10,0,30,0,0,0,30
11/10/2012,RAP,SD,AGL,WE,Federal Contract Tower,9,21,0,0,30,0,0,0,0,0,9,21,0,0,30,0,0,0,30
11/11/2012,RAP,SD,AGL,WE,Federal Contract Tower,3,21,11,2,37,0,2,4,1,7,3,23,15,3,44,8,0,8,52
11/12/2012,RAP,SD,AGL,WE,Federal Contract Tower,5,35,20,1,61,0,3,27,2,32,5,38,47,3,93,6,0,6,99
11/13/2012,RAP,SD,AGL,WE,Federal Contract Tower,1,35,16,1,53,0,3,29,0,32,1,38,45,1,85,10,0,10,95
11/14/2012,RAP,SD,AGL,WE,Federal Contract Tower,1,40,27,0,68,0,7,35,17,59,1,47,62,17,127,56,8,64,191
11/15/2012,RAP,SD,AGL,WE,Federal Contract Tower,1,31,24,1,57,0,1,33,27,61,1,32,57,28,118,40,16,56,174
11/16/2012,RAP,SD,AGL,WE,Federal Contract Tower,7,37,21,6,71,0,1,28,22,51,7,38,49,28,122,18,28,46,168
11/17/2012,RAP,SD,AGL,WE,Federal Contract Tower,6,30,8,0,44,0,5,46,16,67,6,35,54,16,111,30,20,50,161
11/18/2012,RAP,SD,AGL,WE,Federal Contract Tower,2,20,9,0,31,0,2,11,5,18,2,22,20,5,49,24,0,24,73
11/19/2012,RAP,SD,AGL,WE,Federal Contract Tower,5,27,17,1,50,0,4,32,2,38,5,31,49,3,88,46,0,46,134
11/20/2012,RAP,SD,AGL,WE,Federal Contract Tower,3,37,21,1,62,0,4,39,15,58,3,41,60,16,120,84,14,98,218
11/21/2012,RAP,SD,AGL,WE,Federal Contract Tower,3,37,23,4,67,0,0,24,12,36,3,37,47,16,103,40,8,48,151
11/22/2012,RAP,SD,AGL,WE,Federal Contract Tower,3,18,2,0,23,0,1,2,0,3,3,19,4,0,26,0,0,0,26
11/23/2012,RAP,SD,AGL,WE,Federal Contract Tower,3,24,5,0,32,0,0,15,0,15,3,24,20,0,47,0,0,0,47
11/24/2012,RAP,SD,AGL,WE,Federal Contract Tower,5,32,4,0,41,0,2,28,0,30,5,34,32,0,71,40,0,40,111
11/25/2012,RAP,SD,AGL,WE,Federal Contract Tower,1,25,5,0,31,0,0,0,0,0,1,25,5,0,31,0,0,0,31
11/26/2012,RAP,SD,AGL,WE,Federal Contract Tower,5,35,17,3,60,0,1,17,0,18,5,36,34,3,78,0,0,0,78
11/27/2012,RAP,SD,AGL,WE,Federal Contract Tower,2,37,14,3,56,0,1,18,12,31,2,38,32,15,87,40,2,42,129
11/28/2012,RAP,SD,AGL,WE,Federal Contract Tower,3,32,24,2,61,0,1,40,8,49,3,33,64,10,110,48,6,54,164
11/29/2012,RAP,SD,AGL,WE,Federal Contract Tower,4,33,23,2,62,0,1,32,18,51,4,34,55,20,113,50,6,56,169
11/30/2012,RAP,SD,AGL,WE,Federal Contract Tower,7,38,20,7,72,0,2,33,28,63,7,40,53,35,135,22,18,40,175
12/01/2012,RAP,SD,AGL,WE,Federal Contract Tower,9,19,5,0,33,0,0,30,2,32,9,19,35,2,65,46,0,46,111
12/02/2012,RAP,SD,AGL,WE,Federal Contract Tower,7,16,4,1,28,0,1,17,0,18,7,17,21,1,46,4,0,4,50
12/03/2012,RAP,SD,AGL,WE,Federal Contract Tower,8,24,16,2,50,0,1,10,0,11,8,25,26,2,61,4,0,4,65
12/04/2012,RAP,SD,AGL,WE,Federal Contract Tower,3,28,12,5,48,0,2,18,11,31,3,30,30,16,79,4,2,6,85
12/05/2012,RAP,SD,AGL,WE,Federal Contract Tower,5,26,29,3,63,0,4,26,7,37,5,30,55,10,100,38,2,40,140
12/06/2012,RAP,SD,AGL,WE,Federal Contract Tower,8,29,9,1,47,0,3,17,31,51,8,32,26,32,98,6,52,58,156
12/07/2012,RAP,SD,AGL,WE,Federal Contract Tower,8,28,27,1,64,0,0,3,8,11,8,28,30,9,75,0,0,0,75
12/08/2012,RAP,SD,AGL,WE,Federal Contract Tower,13,20,5,0,38,0,1,4,21,26,13,21,9,21,64,6,4,10,74
12/09/2012,RAP,SD,AGL,WE,Federal Contract Tower,9,9,9,3,30,0,3,7,0,10,9,12,16,3,40,6,0,6,46
12/10/2012,RAP,SD,AGL,WE,Federal Contract Tower,8,25,24,11,68,0,5,8,0,13,8,30,32,11,81,0,0,0,81
12/11/2012,RAP,SD,AGL,WE,Federal Contract Tower,2,27,21,5,55,0,2,17,8,27,2,29,38,13,82,16,10,26,108
12/12/2012,RAP,SD,AGL,WE,Federal Contract Tower,3,30,15,2,50,0,0,19,23,42,3,30,34,25,92,44,20,64,156
12/13/2012,RAP,SD,AGL,WE,Federal Contract Tower,6,29,20,1,56,0,2,20,35,57,6,31,40,36,113,30,58,88,201
12/14/2012,RAP,SD,AGL,WE,Federal Contract Tower,9,29,15,6,59,0,7,25,4,36,9,36,40,10,95,64,0,64,159
12/15/2012,RAP,SD,AGL,WE,Federal Contract Tower,9,24,13,0,46,0,1,24,0,25,9,25,37,0,71,18,0,18,89
12/16/2012,RAP,SD,AGL,WE,Federal Contract Tower,11,13,11,2,37,0,1,17,0,18,11,14,28,2,55,14,0,14,69
12/17/2012,RAP,SD,AGL,WE,Federal Contract Tower,8,23,26,6,63,0,2,11,10,23,8,25,37,16,86,10,12,22,108
12/18/2012,RAP,SD,AGL,WE,Federal Contract Tower,3,27,20,5,55,0,2,21,3,26,3,29,41,8,81,30,0,30,111
12/19/2012,RAP,SD,AGL,WE,Federal Contract Tower,7,31,25,4,67,0,2,12,2,16,7,33,37,6,83,38,0,38,121
12/20/2012,RAP,SD,AGL,WE,Federal Contract Tower,4,29,9,3,45,0,0,31,4,35,4,29,40,7,80,16,8,24,104
12/21/2012,RAP,SD,AGL,WE,Federal Contract Tower,11,38,17,2,68,0,4,27,4,35,11,42,44,6,103,48,0,48,151
12/22/2012,RAP,SD,AGL,WE,Federal Contract Tower,9,25,8,0,42,0,3,31,0,34,9,28,39,0,76,36,0,36,112
12/23/2012,RAP,SD,AGL,WE,Federal Contract Tower,6,21,3,2,32,0,0,7,0,7,6,21,10,2,39,0,0,0,39
12/24/2012,RAP,SD,AGL,WE,Federal Contract Tower,10,25,7,0,42,0,0,0,0,0,10,25,7,0,42,0,0,0,42
12/25/2012,RAP,SD,AGL,WE,Federal Contract Tower,6,20,2,0,28,0,1,1,0,2,6,21,3,0,30,0,0,0,30
12/26/2012,RAP,SD,AGL,WE,Federal Contract Tower,10,39,7,0,56,0,0,12,0,12,10,39,19,0,68,0,0,0,68
12/27/2012,RAP,SD,AGL,WE,Federal Contract Tower,2,31,8,0,41,0,0,0,0,0,2,31,8,0,41,0,0,0,41
12/28/2012,RAP,SD,AGL,WE,Federal Contract Tower,9,36,18,0,63,0,0,13,9,22,9,36,31,9,85,14,0,14,99
12/29/2012,RAP,SD,AGL,WE,Federal Contract Tower,9,22,13,0,44,0,0,9,0,9,9,22,22,0,53,0,0,0,53
12/30/2012,RAP,SD,AGL,WE,Federal Contract Tower,6,22,7,0,35,0,1,10,0,11,6,23,17,0,46,0,0,0,46
12/31/2012,RAP,SD,AGL,WE,Federal Contract Tower,10,32,4,0,46,0,3,7,0,10,10,35,11,0,56,4,0,4,60
01/01/2013,RAP,SD,AGL,WE,Federal Contract Tower,6,18,5,0,29,0,4,12,0,16,6,22,17,0,45,22,0,22,67
01/02/2013,RAP,SD,AGL,WE,Federal Contract Tower,6,42,13,0,61,0,2,3,0,5,6,44,16,0,66,0,0,0,66
01/03/2013,RAP,SD,AGL,WE,Federal Contract Tower,3,26,10,3,42,0,1,25,9,35,3,27,35,12,77,6,0,6,83
01/04/2013,RAP,SD,AGL,WE,Federal Contract Tower,7,32,14,2,55,0,2,21,14,37,7,34,35,16,92,0,6,6,98
01/05/2013,RAP,SD,AGL,WE,Federal Contract Tower,4,19,7,0,30,0,2,9,5,16,4,21,16,5,46,6,12,18,64
01/06/2013,RAP,SD,AGL,WE,Federal Contract Tower,5,17,10,0,32,0,3,21,4,28,5,20,31,4,60,24,0,24,84
01/07/2013,RAP,SD,AGL,WE,Federal Contract Tower,6,28,17,0,51,0,0,20,1,21,6,28,37,1,72,38,0,38,110
01/08/2013,RAP,SD,AGL,WE,Federal Contract Tower,2,23,13,2,40,0,1,8,4,13,2,24,21,6,53,4,6,10,63
01/09/2013,RAP,SD,AGL,WE,Federal Contract Tower,2,29,25,0,56,0,2,38,22,62,2,31,63,22,118,24,14,38,156
01/10/2013,RAP,SD,AGL,WE,Federal Contract Tower,3,26,16,0,45,0,5,21,17,43,3,31,37,17,88,6,0,6,94
01/11/2013,RAP,SD,AGL,WE,Federal Contract Tower,5,18,6,0,29,0,0,0,0,0,5,18,6,0,29,0,0,0,29
01/12/2013,RAP,SD,AGL,WE,Federal Contract Tower,3,21,7,0,31,0,0,0,2,2,3,21,7,2,33,0,0,0,33
01/13/2013,RAP,SD,AGL,WE,Federal Contract Tower,3,19,5,0,27,0,2,6,4,12,3,21,11,4,39,6,6,12,51
01/14/2013,RAP,SD,AGL,WE,Federal Contract Tower,7,30,12,1,50,0,2,10,0,12,7,32,22,1,62,6,0,6,68
01/15/2013,RAP,SD,AGL,WE,Federal Contract Tower,2,25,27,0,54,0,0,5,0,5,2,25,32,0,59,6,0,6,65
01/16/2013,RAP,SD,AGL,WE,Federal Contract Tower,2,29,19,5,55,0,3,15,6,24,2,32,34,11,79,0,0,0,79
01/17/2013,RAP,SD,AGL,WE,Federal Contract Tower,3,30,16,3,52,0,4,31,16,51,3,34,47,19,103,74,0,74,177
01/18/2013,RAP,SD,AGL,WE,Federal Contract Tower,4,37,17,5,63,0,6,32,2,40,4,43,49,7,103,22,0,22,125
01/19/2013,RAP,SD,AGL,WE,Federal Contract Tower,1,21,3,0,25,0,4,5,0,9,1,25,8,0,34,6,0,6,40
01/20/2013,RAP,SD,AGL,WE,Federal Contract Tower,2,22,4,0,28,0,1,4,0,5,2,23,8,0,33,0,0,0,33
01/21/2013,RAP,SD,AGL,WE,Federal Contract Tower,7,27,22,0,56,0,0,1,0,1,7,27,23,0,57,0,0,0,57
01/22/2013,RAP,SD,AGL,WE,Federal Contract Tower,1,28,11,0,40,0,5,31,2,38,1,33,42,2,78,48,0,48,126
01/23/2013,RAP,SD,AGL,WE,Federal Contract Tower,2,27,19,2,50,0,3,3,21,27,2,30,22,23,77,0,68,68,145
01/24/2013,RAP,SD,AGL,WE,Federal Contract Tower,7,26,11,4,48,0,0,9,10,19,7,26,20,14,67,10,0,10,77
01/25/2013,RAP,SD,AGL,WE,Federal Contract Tower,7,29,16,0,52,0,1,29,6,36,7,30,45,6,88,22,0,22,110
01/26/2013,RAP,SD,AGL,WE,Federal Contract Tower,2,23,12,3,40,0,3,52,0,55,2,26,64,3,95,62,0,62,157
01/27/2013,RAP,SD,AGL,WE,Federal Contract Tower,7,22,15,2,46,0,2,17,0,19,7,24,32,2,65,0,0,0,65
01/28/2013,RAP,SD,AGL,WE,Federal Contract Tower,7,25,15,0,47,0,0,0,0,0,7,25,15,0,47,0,0,0,47
01/29/2013,RAP,SD,AGL,WE,Federal Contract Tower,2,24,14,0,40,0,1,14,8,23,2,25,28,8,63,8,4,12,75
01/30/2013,RAP,SD,AGL,WE,Federal Contract Tower,2,30,26,0,58,0,0,2,0,2,2,30,28,0,60,8,10,18,78
01/31/2013,RAP,SD,AGL,WE,Federal Contract Tower,3,26,26,0,55,0,1,9,0,10,3,27,35,0,65,2,0,2,67
02/01/2013,RAP,SD,AGL,WE,Federal Contract Tower,6,35,14,0,55,0,2,18,11,31,6,37,32,11,86,14,4,18,104
02/02/2013,RAP,SD,AGL,WE,Federal Contract Tower,1,23,7,0,31,0,0,5,0,5,1,23,12,0,36,2,0,2,38
02/03/2013,RAP,SD,AGL,WE,Federal Contract Tower,5,18,5,0,28,0,2,19,0,21,5,20,24,0,49,22,0,22,71
02/04/2013,RAP,SD,AGL,WE,Federal Contract Tower,8,32,21,1,62,0,6,20,0,26,8,38,41,1,88,18,0,18,106
02/05/2013,RAP,SD,AGL,WE,Federal Contract Tower,0,29,5,0,34,0,2,33,4,39,0,31,38,4,73,34,0,34,107
02/06/2013,RAP,SD,AGL,WE,Federal Contract Tower,1,30,21,0,52,0,2,27,6,35,1,32,48,6,87,22,0,22,109
02/07/2013,RAP,SD,AGL,WE,Federal Contract Tower,2,31,23,2,58,0,3,18,15,36,2,34,41,17,94,16,0,16,110
02/08/2013,RAP,SD,AGL,WE,Federal Contract Tower,7,32,19,2,60,0,1,28,23,52,7,33,47,25,112,22,16,38,150
02/09/2013,RAP,SD,AGL,WE,Federal Contract Tower,2,22,7,0,31,0,0,5,1,6,2,22,12,1,37,22,16,38,75
02/10/2013,RAP,SD,AGL,WE,Federal Contract Tower,2,13,1,0,16,0,0,0,0,0,2,13,1,0,16,0,0,0,16
02/11/2013,RAP,SD,AGL,WE,Federal Contract Tower,7,24,18,0,49,0,2,21,2,25,7,26,39,2,74,6,6,12,86
02/12/2013,RAP,SD,AGL,WE,Federal Contract Tower,1,29,15,0,45,0,5,17,3,25,1,34,32,3,70,8,0,8,78
02/13/2013,RAP,SD,AGL,WE,Federal Contract Tower,0,30,20,2,52,0,0,0,4,4,0,30,20,6,56,24,0,24,80
02/14/2013,RAP,SD,AGL,WE,Federal Contract Tower,2,35,10,0,47,0,0,1,12,13,2,35,11,12,60,0,22,22,82
02/15/2013,RAP,SD,AGL,WE,Federal Contract Tower,6,31,21,1,59,0,1,22,6,29,6,32,43,7,88,36,6,42,130
02/16/2013,RAP,SD,AGL,WE,Federal Contract Tower,0,23,7,0,30,0,1,28,0,29,0,24,35,0,59,34,0,34,93
02/17/2013,RAP,SD,AGL,WE,Federal Contract Tower,4,19,5,1,29,0,1,11,0,12,4,20,16,1,41,20,0,20,61
02/18/2013,RAP,SD,AGL,WE,Federal Contract Tower,8,29,22,0,59,0,0,2,0,2,8,29,24,0,61,0,0,0,61
02/19/2013,RAP,SD,AGL,WE,Federal Contract Tower,4,28,32,0,64,0,0,7,0,7,4,28,39,0,71,6,0,6,77
02/20/2013,RAP,SD,AGL,WE,Federal Contract Tower,4,28,11,2,45,0,0,10,21,31,4,28,21,23,76,24,26,50,126
02/21/2013,RAP,SD,AGL,WE,Federal Contract Tower,5,31,14,0,50,0,0,0,0,0,5,31,14,0,50,0,0,0,50
02/22/2013,RAP,SD,AGL,WE,Federal Contract Tower,8,29,21,2,60,0,2,18,4,24,8,31,39,6,84,22,4,26,110
02/23/2013,RAP,SD,AGL,WE,Federal Contract Tower,1,26,9,0,36,0,5,43,0,48,1,31,52,0,84,72,0,72,156
02/24/2013,RAP,SD,AGL,WE,Federal Contract Tower,0,17,8,0,25,0,0,10,0,10,0,17,18,0,35,0,0,0,35
02/25/2013,RAP,SD,AGL,WE,Federal Contract Tower,6,30,15,1,52,0,1,23,3,27,6,31,38,4,79,8,0,8,87
02/26/2013,RAP,SD,AGL,WE,Federal Contract Tower,2,32,17,1,52,0,13,1,9,23,2,45,18,10,75,0,0,0,75
02/27/2013,RAP,SD,AGL,WE,Federal Contract Tower,3,31,24,0,58,0,0,21,1,22,3,31,45,1,80,14,0,14,94
02/28/2013,RAP,SD,AGL,WE,Federal Contract Tower,6,33,21,2,62,0,0,19,10,29,6,33,40,12,91,42,22,64,155
03/01/2013,RAP,SD,AGL,WE,Federal Contract Tower,10,33,13,2,58,0,4,27,9,40,10,37,40,11,98,16,6,22,120
03/02/2013,RAP,SD,AGL,WE,Federal Contract Tower,5,28,17,0,50,0,5,21,8,34,5,33,38,8,84,8,0,8,92
03/03/2013,RAP,SD,AGL,WE,Federal Contract Tower,8,19,5,0,32,0,1,18,0,19,8,20,23,0,51,24,0,24,75
03/04/2013,RAP,SD,AGL,WE,Federal Contract Tower,10,24,12,1,47,0,2,4,0,6,10,26,16,1,53,6,0,6,59
03/05/2013,RAP,SD,AGL,WE,Federal Contract Tower,7,23,5,1,36,0,2,21,2,25,7,25,26,3,61,14,0,14,75
03/06/2013,RAP,SD,AGL,WE,Federal Contract Tower,11,30,15,1,57,0,3,31,16,50,11,33,46,17,107,46,10,56,163
03/07/2013,RAP,SD,AGL,WE,Federal Contract Tower,5,25,15,0,45,0,2,19,17,38,5,27,34,17,83,16,8,24,107
03/08/2013,RAP,SD,AGL,WE,Federal Contract Tower,11,33,23,4,71,0,5,23,3,31,11,38,46,7,102,16,4,20,122
03/09/2013,RAP,SD,AGL,WE,Federal Contract Tower,4,21,6,1,32,0,0,0,0,0,4,21,6,1,32,0,0,0,32
03/10/2013,RAP,SD,AGL,WE,Federal Contract Tower,6,21,5,0,32,0,0,24,0,24,6,21,29,0,56,0,0,0,56
03/11/2013,RAP,SD,AGL,WE,Federal Contract Tower,11,28,9,0,48,0,1,9,9,19,11,29,18,9,67,0,0,0,67
03/12/2013,RAP,SD,AGL,WE,Federal Contract Tower,7,25,17,0,49,0,0,15,5,20,7,25,32,5,69,0,2,2,71
03/13/2013,RAP,SD,AGL,WE,Federal Contract Tower,8,28,18,3,57,0,0,49,14,63,8,28,67,17,120,60,18,78,198
03/14/2013,RAP,SD,AGL,WE,Federal Contract Tower,6,31,27,2,66,0,2,57,18,77,6,33,84,20,143,34,24,58,201
03/15/2013,RAP,SD,AGL,WE,Federal Contract Tower,12,27,26,0,65,0,0,21,16,37,12,27,47,16,102,22,8,30,132
03/16/2013,RAP,SD,AGL,WE,Federal Contract Tower,8,23,6,1,38,0,0,0,9,9,8,23,6,10,47,0,0,0,47
03/17/2013,RAP,SD,AGL,WE,Federal Contract Tower,6,21,9,1,37,0,0,2,0,2,6,21,11,1,39,0,0,0,39
03/18/2013,RAP,SD,AGL,WE,Federal Contract Tower,10,39,10,0,59,0,1,12,2,15,10,40,22,2,74,6,0,6,80
03/19/2013,RAP,SD,AGL,WE,Federal Contract Tower,9,24,19,1,53,0,0,14,7,21,9,24,33,8,74,22,2,24,98
03/20/2013,RAP,SD,AGL,WE,Federal Contract Tower,9,25,17,1,52,0,1,27,9,37,9,26,44,10,89,62,14,76,165
03/21/2013,RAP,SD,AGL,WE,Federal Contract Tower,5,27,20,2,54,0,2,10,6,18,5,29,30,8,72,6,10,16,88
03/22/2013,RAP,SD,AGL,WE,Federal Contract Tower,6,25,20,1,52,0,0,3,0,3,6,25,23,1,55,2,0,2,57
03/23/2013,RAP,SD,AGL,WE,Federal Contract Tower,2,16,9,0,27,0,3,10,4,17,2,19,19,4,44,0,0,0,44
03/24/2013,RAP,SD,AGL,WE,Federal Contract Tower,9,16,9,0,34,0,1,1,0,2,9,17,10,0,36,0,0,0,36
03/25/2013,RAP,SD,AGL,WE,Federal Contract Tower,10,23,22,0,55,0,3,16,2,21,10,26,38,2,76,18,0,18,94
03/26/2013,RAP,SD,AGL,WE,Federal Contract Tower,7,30,21,0,58,0,1,33,8,42,7,31,54,8,100,42,12,54,154
03/27/2013,RAP,SD,AGL,WE,Federal Contract Tower,9,29,20,4,62,0,1,32,24,57,9,30,52,28,119,28,8,36,155
03/28/2013,RAP,SD,AGL,WE,Federal Contract Tower,7,36,16,0,59,0,2,51,22,75,7,38,67,22,134,84,6,90,224
03/29/2013,RAP,SD,AGL,WE,Federal Contract Tower,10,25,10,1,46,0,2,60,3,65,10,27,70,4,111,78,0,78,189
03/30/2013,RAP,SD,AGL,WE,Federal Contract Tower,4,25,3,0,32,0,0,22,2,24,4,25,25,2,56,30,4,34,90
03/31/2013,RAP,SD,AGL,WE,Federal Contract Tower,7,24,3,0,34,0,0,13,0,13,7,24,16,0,47,32,0,32,79
04/01/2013,RAP,SD,AGL,WE,Federal Contract Tower,8,27,15,2,52,0,1,30,2,33,8,28,45,4,85,24,24,48,133
04/02/2013,RAP,SD,AGL,WE,Federal Contract Tower,6,31,14,0,51,0,0,18,6,24,6,31,32,6,75,28,10,38,113
04/03/2013,RAP,SD,AGL,WE,Federal Contract Tower,8,31,17,0,56,0,4,30,3,37,8,35,47,3,93,36,0,36,129
04/04/2013,RAP,SD,AGL,WE,Federal Contract Tower,6,29,14,1,50,0,1,30,19,50,6,30,44,20,100,44,4,48,148
04/05/2013,RAP,SD,AGL,WE,Federal Contract Tower,10,33,8,0,51,0,1,18,32,51,10,34,26,32,102,18,24,42,144
04/06/2013,RAP,SD,AGL,WE,Federal Contract Tower,6,22,5,0,33,0,1,28,2,31,6,23,33,2,64,10,0,10,74
04/07/2013,RAP,SD,AGL,WE,Federal Contract Tower,7,16,17,0,40,0,0,14,8,22,7,16,31,8,62,22,16,38,100
04/08/2013,RAP,SD,AGL,WE,Federal Contract Tower,11,20,10,0,41,0,0,4,0,4,11,20,14,0,45,6,0,6,51
04/09/2013,RAP,SD,AGL,WE,Federal Contract Tower,0,0,0,0,0,0,0,0,0,0,0,0,0,0,0,0,0,0,0
04/10/2013,RAP,SD,AGL,WE,Federal Contract Tower,1,0,0,0,1,0,0,0,0,0,1,0,0,0,1,0,0,0,1
04/11/2013,RAP,SD,AGL,WE,Federal Contract Tower,9,23,14,2,48,0,0,3,29,32,9,23,17,31,80,0,46,46,126
04/12/2013,RAP,SD,AGL,WE,Federal Contract Tower,16,26,14,11,67,0,0,9,5,14,16,26,23,16,81,0,0,0,81
04/13/2013,RAP,SD,AGL,WE,Federal Contract Tower,9,23,7,0,39,0,0,8,2,10,9,23,15,2,49,4,0,4,53
04/14/2013,RAP,SD,AGL,WE,Federal Contract Tower,10,26,7,0,43,0,0,1,0,1,10,26,8,0,44,0,0,0,44
04/15/2013,RAP,SD,AGL,WE,Federal Contract Tower,14,20,20,1,55,0,1,17,0,18,14,21,37,1,73,22,0,22,95
04/16/2013,RAP,SD,AGL,WE,Federal Contract Tower,7,23,14,0,44,0,0,2,0,2,7,23,16,0,46,0,0,0,46
04/17/2013,RAP,SD,AGL,WE,Federal Contract Tower,7,18,7,0,32,0,0,0,0,0,7,18,7,0,32,0,0,0,32
04/18/2013,RAP,SD,AGL,WE,Federal Contract Tower,10,24,13,0,47,0,2,9,7,18,10,26,22,7,65,6,0,6,71
04/19/2013,RAP,SD,AGL,WE,Federal Contract Tower,14,29,24,2,69,0,0,6,9,15,14,29,30,11,84,26,10,36,120
04/20/2013,RAP,SD,AGL,WE,Federal Contract Tower,11,20,9,0,40,0,1,18,0,19,11,21,27,0,59,46,0,46,105
04/21/2013,RAP,SD,AGL,WE,Federal Contract Tower,10,24,8,4,46,0,0,3,1,4,10,24,11,5,50,0,0,0,50
04/22/2013,RAP,SD,AGL,WE,Federal Contract Tower,12,16,13,4,45,0,0,0,0,0,12,16,13,4,45,0,0,0,45
04/23/2013,RAP,SD,AGL,WE,Federal Contract Tower,11,25,15,1,52,0,5,37,5,47,11,30,52,6,99,56,4,60,159
04/24/2013,RAP,SD,AGL,WE,Federal Contract Tower,13,27,30,4,74,0,2,11,26,39,13,29,41,30,113,12,14,26,139
04/25/2013,RAP,SD,AGL,WE,Federal Contract Tower,12,29,18,3,62,0,1,50,25,76,12,30,68,28,138,90,10,100,238
04/26/2013,RAP,SD,AGL,WE,Federal Contract Tower,15,30,14,0,59,0,4,69,2,75,15,34,83,2,134,58,0,58,192
04/27/2013,RAP,SD,AGL,WE,Federal Contract Tower,11,21,6,0,38,0,0,27,0,27,11,21,33,0,65,28,0,28,93
04/28/2013,RAP,SD,AGL,WE,Federal Contract Tower,10,22,7,2,41,0,3,15,0,18,10,25,22,2,59,20,0,20,79
04/29/2013,RAP,SD,AGL,WE,Federal Contract Tower,12,23,14,0,49,0,4,28,0,32,12,27,42,0,81,58,0,58,139
04/30/2013,RAP,SD,AGL,WE,Federal Contract Tower,10,27,10,1,48,0,3,14,4,21,10,30,24,5,69,42,0,42,111
05/01/2013,RAP,SD,AGL,WE,Federal Contract Tower,10,24,10,1,45,0,1,19,3,23,10,25,29,4,68,24,2,26,94
05/02/2013,RAP,SD,AGL,WE,Federal Contract Tower,9,27,17,0,53,0,4,40,13,57,9,31,57,13,110,64,14,78,188
05/03/2013,RAP,SD,AGL,WE,Federal Contract Tower,11,33,17,1,62,0,1,47,21,69,11,34,64,22,131,74,24,98,229
05/04/2013,RAP,SD,AGL,WE,Federal Contract Tower,9,21,10,9,49,0,2,27,15,44,9,23,37,24,93,36,0,36,129
05/05/2013,RAP,SD,AGL,WE,Federal Contract Tower,11,23,20,2,56,0,2,30,0,32,11,25,50,2,88,14,0,14,102
05/06/2013,RAP,SD,AGL,WE,Federal Contract Tower,15,28,17,2,62,0,5,21,2,28,15,33,38,4,90,18,0,18,108
05/07/2013,RAP,SD,AGL,WE,Federal Contract Tower,11,27,21,3,62,0,2,20,1,23,11,29,41,4,85,28,0,28,113
05/08/2013,RAP,SD,AGL,WE,Federal Contract Tower,13,27,18,2,60,0,1,23,9,33,13,28,41,11,93,12,4,16,109
05/09/2013,RAP,SD,AGL,WE,Federal Contract Tower,9,30,22,3,64,0,4,32,12,48,9,34,54,15,112,62,0,62,174
05/10/2013,RAP,SD,AGL,WE,Federal Contract Tower,14,32,15,2,63,0,0,29,0,29,14,32,44,2,92,28,0,28,120
05/11/2013,RAP,SD,AGL,WE,Federal Contract Tower,10,18,8,0,36,0,4,36,1,41,10,22,44,1,77,34,6,40,117
05/12/2013,RAP,SD,AGL,WE,Federal Contract Tower,11,19,6,2,38,0,3,24,0,27,11,22,30,2,65,4,0,4,69
05/13/2013,RAP,SD,AGL,WE,Federal Contract Tower,14,24,28,2,68,0,4,32,8,44,14,28,60,10,112,44,24,68,180
05/14/2013,RAP,SD,AGL,WE,Federal Contract Tower,15,28,33,2,78,0,0,30,0,30,15,28,63,2,108,30,0,30,138
05/15/2013,RAP,SD,AGL,WE,Federal Contract Tower,12,30,7,2,51,0,2,52,27,81,12,32,59,29,132,22,22,44,176
05/16/2013,RAP,SD,AGL,WE,Federal Contract Tower,11,29,20,0,60,0,2,38,15,55,11,31,58,15,115,42,14,56,171
05/17/2013,RAP,SD,AGL,WE,Federal Contract Tower,13,30,18,3,64,0,0,23,4,27,13,30,41,7,91,20,10,30,121
05/18/2013,RAP,SD,AGL,WE,Federal Contract Tower,8,25,5,0,38,0,0,10,0,10,8,25,15,0,48,10,0,10,58
05/19/2013,RAP,SD,AGL,WE,Federal Contract Tower,11,26,18,0,55,0,0,0,0,0,11,26,18,0,55,0,0,0,55
05/20/2013,RAP,SD,AGL,WE,Federal Contract Tower,18,24,14,2,58,0,0,0,0,0,18,24,14,2,58,0,0,0,58
05/21/2013,RAP,SD,AGL,WE,Federal Contract Tower,11,26,14,0,51,0,0,0,1,1,11,26,14,1,52,0,0,0,52
05/22/2013,RAP,SD,AGL,WE,Federal Contract Tower,14,25,24,0,63,0,0,2,4,6,14,25,26,4,69,12,0,12,81
05/23/2013,RAP,SD,AGL,WE,Federal Contract Tower,12,36,22,5,75,0,2,21,10,33,12,38,43,15,108,16,12,28,136
05/24/2013,RAP,SD,AGL,WE,Federal Contract Tower,15,28,22,2,67,0,0,35,4,39,15,28,57,6,106,20,0,20,126
05/25/2013,RAP,SD,AGL,WE,Federal Contract Tower,11,22,6,0,39,0,0,24,0,24,11,22,30,0,63,0,0,0,63
05/26/2013,RAP,SD,AGL,WE,Federal Contract Tower,4,25,8,0,37,0,0,1,0,1,4,25,9,0,38,8,0,8,46
05/27/2013,RAP,SD,AGL,WE,Federal Contract Tower,12,27,7,0,46,0,1,13,0,14,12,28,20,0,60,26,0,26,86
05/28/2013,RAP,SD,AGL,WE,Federal Contract Tower,10,23,18,0,51,0,8,45,2,55,10,31,63,2,106,32,0,32,138
05/29/2013,RAP,SD,AGL,WE,Federal Contract Tower,15,36,13,0,64,0,0,22,17,39,15,36,35,17,103,16,0,16,119
05/30/2013,RAP,SD,AGL,WE,Federal Contract Tower,9,33,26,2,70,0,0,4,12,16,9,33,30,14,86,0,14,14,100
05/31/2013,RAP,SD,AGL,WE,Federal Contract Tower,14,29,8,0,51,0,1,1,2,4,14,30,9,2,55,0,0,0,55
06/01/2013,RAP,SD,AGL,WE,Federal Contract Tower,14,27,9,0,50,0,0,26,0,26,14,27,35,0,76,10,0,10,86
06/02/2013,RAP,SD,AGL,WE,Federal Contract Tower,10,20,7,0,37,0,1,46,2,49,10,21,53,2,86,34,0,34,120
06/03/2013,RAP,SD,AGL,WE,Federal Contract Tower,14,32,24,1,71,0,2,39,0,41,14,34,63,1,112,4,0,4,116
06/04/2013,RAP,SD,AGL,WE,Federal Contract Tower,14,28,12,1,55,0,1,38,6,45,14,29,50,7,100,24,0,24,124
06/05/2013,RAP,SD,AGL,WE,Federal Contract Tower,14,28,16,1,59,0,0,53,32,85,14,28,69,33,144,32,22,54,198
06/06/2013,RAP,SD,AGL,WE,Federal Contract Tower,13,35,20,1,69,0,0,59,33,92,13,35,79,34,161,58,22,80,241
06/07/2013,RAP,SD,AGL,WE,Federal Contract Tower,12,44,24,0,80,0,1,42,4,47,12,45,66,4,127,40,4,44,171
06/08/2013,RAP,SD,AGL,WE,Federal Contract Tower,12,29,10,4,55,0,1,15,18,34,12,30,25,22,89,16,4,20,109
06/09/2013,RAP,SD,AGL,WE,Federal Contract Tower,6,32,20,0,58,0,4,32,30,66,6,36,52,30,124,20,2,22,146
06/10/2013,RAP,SD,AGL,WE,Federal Contract Tower,14,37,22,1,74,0,4,28,22,54,14,41,50,23,128,12,0,12,140
06/11/2013,RAP,SD,AGL,WE,Federal Contract Tower,8,39,28,7,82,0,0,32,27,59,8,39,60,34,141,12,2,14,155
06/12/2013,RAP,SD,AGL,WE,Federal Contract Tower,13,39,29,4,85,0,0,24,17,41,13,39,53,21,126,24,10,34,160
06/13/2013,RAP,SD,AGL,WE,Federal Contract Tower,9,43,28,5,85,0,1,21,12,34,9,44,49,17,119,0,6,6,125
06/14/2013,RAP,SD,AGL,WE,Federal Contract Tower,13,41,17,2,73,0,1,34,16,51,13,42,51,18,124,26,4,30,154
06/15/2013,RAP,SD,AGL,WE,Federal Contract Tower,11,36,13,6,66,0,14,37,11,62,11,50,50,17,128,50,8,58,186
06/16/2013,RAP,SD,AGL,WE,Federal Contract Tower,9,35,11,0,55,0,1,23,6,30,9,36,34,6,85,14,2,16,101
06/17/2013,RAP,SD,AGL,WE,Federal Contract Tower,11,34,29,3,77,0,0,38,9,47,11,34,67,12,124,40,0,40,164
06/18/2013,RAP,SD,AGL,WE,Federal Contract Tower,9,40,19,3,71,0,3,50,6,59,9,43,69,9,130,32,4,36,166
06/19/2013,RAP,SD,AGL,WE,Federal Contract Tower,9,38,13,0,60,0,0,24,6,30,9,38,37,6,90,34,2,36,126
06/20/2013,RAP,SD,AGL,WE,Federal Contract Tower,11,41,34,0,86,0,2,38,0,40,11,43,72,0,126,42,0,42,168
06/21/2013,RAP,SD,AGL,WE,Federal Contract Tower,14,39,29,1,83,0,0,9,0,9,14,39,38,1,92,12,0,12,104
06/22/2013,RAP,SD,AGL,WE,Federal Contract Tower,9,33,9,0,51,0,0,2,0,2,9,33,11,0,53,0,0,0,53
06/23/2013,RAP,SD,AGL,WE,Federal Contract Tower,7,41,14,0,62,0,2,46,0,48,7,43,60,0,110,28,0,28,138
06/24/2013,RAP,SD,AGL,WE,Federal Contract Tower,13,40,24,0,77,0,0,25,2,27,13,40,49,2,104,24,0,24,128
06/25/2013,RAP,SD,AGL,WE,Federal Contract Tower,9,39,20,0,68,0,4,26,2,32,9,43,46,2,100,6,6,12,112
06/26/2013,RAP,SD,AGL,WE,Federal Contract Tower,11,29,27,3,70,0,1,41,11,53,11,30,68,14,123,38,2,40,163
06/27/2013,RAP,SD,AGL,WE,Federal Contract Tower,12,41,23,2,78,0,3,58,13,74,12,44,81,15,152,46,6,52,204
06/28/2013,RAP,SD,AGL,WE,Federal Contract Tower,12,43,28,3,86,0,2,45,13,60,12,45,73,16,146,32,30,62,208
06/29/2013,RAP,SD,AGL,WE,Federal Contract Tower,12,44,13,2,71,0,3,30,4,37,12,47,43,6,108,42,0,42,150
06/30/2013,RAP,SD,AGL,WE,Federal Contract Tower,8,33,21,0,62,0,1,54,0,55,8,34,75,0,117,60,0,60,177
07/01/2013,RAP,SD,AGL,WE,Federal Contract Tower,12,35,16,0,63,0,1,53,2,56,12,36,69,2,119,30,0,30,149
07/02/2013,RAP,SD,AGL,WE,Federal Contract Tower,13,43,26,0,82,0,0,26,7,33,13,43,52,7,115,13,38,51,166
07/03/2013,RAP,SD,AGL,WE,Federal Contract Tower,14,44,23,2,83,0,2,39,17,58,14,46,62,19,141,0,0,0,141
07/04/2013,RAP,SD,AGL,WE,Federal Contract Tower,6,29,13,0,48,0,3,23,0,26,6,32,36,0,74,0,0,0,74
07/05/2013,RAP,SD,AGL,WE,Federal Contract Tower,11,39,11,0,61,0,3,29,4,36,11,42,40,4,97,16,0,16,113
07/06/2013,RAP,SD,AGL,WE,Federal Contract Tower,13,38,16,2,69,0,2,33,0,35,13,40,49,2,104,12,0,12,116
07/07/2013,RAP,SD,AGL,WE,Federal Contract Tower,10,32,17,2,61,0,2,27,0,29,10,34,44,2,90,10,0,10,100
07/08/2013,RAP,SD,AGL,WE,Federal Contract Tower,16,37,31,0,84,0,1,42,0,43,16,38,73,0,127,22,0,22,149
07/09/2013,RAP,SD,AGL,WE,Federal Contract Tower,11,38,24,2,75,0,2,42,5,49,11,40,66,7,124,18,0,18,142
07/10/2013,RAP,SD,AGL,WE,Federal Contract Tower,12,41,33,1,87,0,2,41,20,63,12,43,74,21,150,26,8,34,184
07/11/2013,RAP,SD,AGL,WE,Federal Contract Tower,10,44,34,0,88,0,5,29,20,54,10,49,63,20,142,0,8,8,150
07/12/2013,RAP,SD,AGL,WE,Federal Contract Tower,17,40,22,5,84,0,1,29,26,56,17,41,51,31,140,24,16,40,180
07/13/2013,RAP,SD,AGL,WE,Federal Contract Tower,13,31,11,4,59,0,4,42,12,58,13,35,53,16,117,42,14,56,173
07/14/2013,RAP,SD,AGL,WE,Federal Contract Tower,11,34,27,8,80,0,6,18,5,29,11,40,45,13,109,2,0,2,111
07/15/2013,RAP,SD,AGL,WE,Federal Contract Tower,14,52,48,0,114,0,0,17,0,17,14,52,65,0,131,12,0,12,143
07/16/2013,RAP,SD,AGL,WE,Federal Contract Tower,12,33,22,6,73,0,7,38,2,47,12,40,60,8,120,6,0,6,126
07/17/2013,RAP,SD,AGL,WE,Federal Contract Tower,13,40,27,7,87,0,3,41,7,51,13,43,68,14,138,12,0,12,150
07/18/2013,RAP,SD,AGL,WE,Federal Contract Tower,13,43,24,2,82,0,1,35,15,51,13,44,59,17,133,22,16,38,171
07/19/2013,RAP,SD,AGL,WE,Federal Contract Tower,13,42,21,0,76,0,3,31,5,39,13,45,52,5,115,34,0,34,149
07/20/2013,RAP,SD,AGL,WE,Federal Contract Tower,13,32,16,2,63,0,3,16,11,30,13,35,32,13,93,0,0,0,93
07/21/2013,RAP,SD,AGL,WE,Federal Contract Tower,11,32,20,2,65,0,0,26,3,29,11,32,46,5,94,6,0,6,100
07/22/2013,RAP,SD,AGL,WE,Federal Contract Tower,16,39,35,0,90,0,0,36,8,44,16,39,71,8,134,26,0,26,160
07/23/2013,RAP,SD,AGL,WE,Federal Contract Tower,11,33,26,3,73,0,2,57,3,62,11,35,83,6,135,18,0,18,153
07/24/2013,RAP,SD,AGL,WE,Federal Contract Tower,8,39,28,3,78,0,0,44,20,64,8,39,72,23,142,20,4,24,166
07/25/2013,RAP,SD,AGL,WE,Federal Contract Tower,11,38,32,1,82,0,6,56,13,75,11,44,88,14,157,16,0,16,173
07/26/2013,RAP,SD,AGL,WE,Federal Contract Tower,13,40,32,5,90,0,2,51,5,58,13,42,83,10,148,46,0,46,194
07/27/2013,RAP,SD,AGL,WE,Federal Contract Tower,15,36,12,2,65,0,6,107,0,113,15,42,119,2,178,28,0,28,206
07/28/2013,RAP,SD,AGL,WE,Federal Contract Tower,10,37,18,1,66,0,1,36,1,38,10,38,54,2,104,0,0,0,104
07/29/2013,RAP,SD,AGL,WE,Federal Contract Tower,14,40,27,0,81,0,0,45,0,45,14,40,72,0,126,54,0,54,180
07/30/2013,RAP,SD,AGL,WE,Federal Contract Tower,13,40,36,2,91,0,1,43,5,49,13,41,79,7,140,50,0,50,190
07/31/2013,RAP,SD,AGL,WE,Federal Contract Tower,11,41,19,6,77,0,4,44,18,66,11,45,63,24,143,44,8,52,195
08/01/2013,RAP,SD,AGL,WE,Federal Contract Tower,11,40,35,1,87,0,1,40,17,58,11,41,75,18,145,8,0,8,153
08/02/2013,RAP,SD,AGL,WE,Federal Contract Tower,17,48,36,2,103,0,4,48,0,52,17,52,84,2,155,44,0,44,199
08/03/2013,RAP,SD,AGL,WE,Federal Contract Tower,10,44,23,0,77,0,2,40,0,42,10,46,63,0,119,16,0,16,135
08/04/2013,RAP,SD,AGL,WE,Federal Contract Tower,9,43,34,0,86,0,2,38,0,40,9,45,72,0,126,36,0,36,162
08/05/2013,RAP,SD,AGL,WE,Federal Contract Tower,16,41,38,0,95,0,1,45,0,46,16,42,83,0,141,80,0,80,221
08/06/2013,RAP,SD,AGL,WE,Federal Contract Tower,12,44,27,0,83,0,6,66,12,84,12,50,93,12,167,82,8,90,257
08/07/2013,RAP,SD,AGL,WE,Federal Contract Tower,12,51,25,2,90,0,5,45,1,51,12,56,70,3,141,64,4,68,209
08/08/2013,RAP,SD,AGL,WE,Federal Contract Tower,13,45,34,0,92,0,11,42,9,62,13,56,76,9,154,52,6,58,212
08/09/2013,RAP,SD,AGL,WE,Federal Contract Tower,16,37,36,1,90,0,2,42,5,49,16,39,78,6,139,56,0,56,195
08/10/2013,RAP,SD,AGL,WE,Federal Contract Tower,15,29,27,0,71,0,2,54,0,56,15,31,81,0,127,24,0,24,151
08/11/2013,RAP,SD,AGL,WE,Federal Contract Tower,18,33,17,0,68,0,1,28,0,29,18,34,45,0,97,4,0,4,101
08/12/2013,RAP,SD,AGL,WE,Federal Contract Tower,14,42,46,1,103,0,1,14,0,15,14,43,60,1,118,28,0,28,146
08/13/2013,RAP,SD,AGL,WE,Federal Contract Tower,7,46,21,0,74,0,0,26,7,33,7,46,47,7,107,24,14,38,145
08/14/2013,RAP,SD,AGL,WE,Federal Contract Tower,8,41,26,1,76,0,3,43,17,63,8,44,69,18,139,60,4,64,203
08/15/2013,RAP,SD,AGL,WE,Federal Contract Tower,12,40,39,1,92,0,2,18,19,39,12,42,57,20,131,14,0,14,145
08/16/2013,RAP,SD,AGL,WE,Federal Contract Tower,8,45,34,0,87,0,1,39,24,64,8,46,73,24,151,28,6,34,185
08/17/2013,RAP,SD,AGL,WE,Federal Contract Tower,7,39,20,2,68,0,0,28,19,47,7,39,48,21,115,8,6,14,129
08/18/2013,RAP,SD,AGL,WE,Federal Contract Tower,11,37,14,0,62,0,0,13,2,15,11,37,27,2,77,4,0,4,81
08/19/2013,RAP,SD,AGL,WE,Federal Contract Tower,11,45,40,0,96,0,3,22,2,27,11,48,62,2,123,32,0,32,155
08/20/2013,RAP,SD,AGL,WE,Federal Contract Tower,9,43,25,1,78,0,2,39,6,47,9,45,64,7,125,20,0,20,145
08/21/2013,RAP,SD,AGL,WE,Federal Contract Tower,6,41,20,3,70,0,1,32,18,51,6,42,52,21,121,22,0,22,143
08/22/2013,RAP,SD,AGL,WE,Federal Contract Tower,11,35,25,2,73,0,0,25,31,56,11,35,50,33,129,56,0,56,185
08/23/2013,RAP,SD,AGL,WE,Federal Contract Tower,7,35,28,5,75,0,4,38,2,44,7,39,66,7,119,40,10,50,169
08/24/2013,RAP,SD,AGL,WE,Federal Contract Tower,6,36,6,0,48,0,1,29,0,30,6,37,35,0,78,10,0,10,88
08/25/2013,RAP,SD,AGL,WE,Federal Contract Tower,9,41,16,0,66,0,3,34,1,38,9,44,50,1,104,0,0,0,104
08/26/2013,RAP,SD,AGL,WE,Federal Contract Tower,7,48,20,0,75,0,1,28,0,29,7,49,48,0,104,10,0,10,114
08/27/2013,RAP,SD,AGL,WE,Federal Contract Tower,9,40,23,1,73,0,2,37,7,46,9,42,60,8,119,36,8,44,163
08/28/2013,RAP,SD,AGL,WE,Federal Contract Tower,9,43,13,3,68,0,8,42,16,66,9,51,55,19,134,16,4,20,154
08/29/2013,RAP,SD,AGL,WE,Federal Contract Tower,12,43,23,3,81,0,3,27,18,48,12,46,50,21,129,16,6,22,151
08/30/2013,RAP,SD,AGL,WE,Federal Contract Tower,7,39,19,2,67,0,3,26,5,34,7,42,45,7,101,8,12,20,121
08/31/2013,RAP,SD,AGL,WE,Federal Contract Tower,11,29,12,0,52,0,2,24,6,32,11,31,36,6,84,22,18,40,124
09/01/2013,RAP,SD,AGL,WE,Federal Contract Tower,9,27,12,0,48,0,2,22,0,24,9,29,34,0,72,10,0,10,82
09/02/2013,RAP,SD,AGL,WE,Federal Contract Tower,8,29,10,0,47,0,1,33,3,37,8,30,43,3,84,16,18,34,118
09/03/2013,RAP,SD,AGL,WE,Federal Contract Tower,7,41,13,3,64,0,5,31,7,43,7,46,44,10,107,22,18,40,147
09/04/2013,RAP,SD,AGL,WE,Federal Contract Tower,8,39,24,5,76,0,2,41,11,54,8,41,65,16,130,18,0,18,148
09/05/2013,RAP,SD,AGL,WE,Federal Contract Tower,14,37,28,1,80,0,2,32,13,47,14,39,60,14,127,38,0,38,165
09/06/2013,RAP,SD,AGL,WE,Federal Contract Tower,12,32,21,1,66,0,1,41,8,50,12,33,62,9,116,24,10,34,150
09/07/2013,RAP,SD,AGL,WE,Federal Contract Tower,8,31,13,2,54,0,2,18,22,42,8,33,31,24,96,8,4,12,108
09/08/2013,RAP,SD,AGL,WE,Federal Contract Tower,14,24,14,2,54,0,0,6,0,6,14,24,20,2,60,0,8,8,68
09/09/2013,RAP,SD,AGL,WE,Federal Contract Tower,10,28,23,0,61,0,2,37,2,41,10,30,60,2,102,62,0,62,164
09/10/2013,RAP,SD,AGL,WE,Federal Contract Tower,8,35,16,0,59,0,4,35,5,44,8,39,51,5,103,44,6,50,153
09/11/2013,RAP,SD,AGL,WE,Federal Contract Tower,8,34,24,5,71,0,5,41,14,60,8,39,65,19,131,38,28,66,197
09/12/2013,RAP,SD,AGL,WE,Federal Contract Tower,14,38,32,4,88,0,0,38,14,52,14,38,70,18,140,22,12,34,174
09/13/2013,RAP,SD,AGL,WE,Federal Contract Tower,7,35,26,1,69,0,3,25,4,32,7,38,51,5,101,40,2,42,143
09/14/2013,RAP,SD,AGL,WE,Federal Contract Tower,7,31,7,2,47,0,3,23,4,30,7,34,30,6,77,2,0,2,79
09/15/2013,RAP,SD,AGL,WE,Federal Contract Tower,15,24,16,1,56,0,0,9,0,9,15,24,25,1,65,0,0,0,65
09/16/2013,RAP,SD,AGL,WE,Federal Contract Tower,10,32,22,4,68,0,1,15,0,16,10,33,37,4,84,14,0,14,98
09/17/2013,RAP,SD,AGL,WE,Federal Contract Tower,7,37,16,0,60,0,1,26,7,34,7,38,42,7,94,8,16,24,118
09/18/2013,RAP,SD,AGL,WE,Federal Contract Tower,7,31,26,3,67,0,2,20,7,29,7,33,46,10,96,4,4,8,104
09/19/2013,RAP,SD,AGL,WE,Federal Contract Tower,13,28,20,0,61,0,2,26,15,43,13,30,46,15,104,10,6,16,120
09/20/2013,RAP,SD,AGL,WE,Federal Contract Tower,10,40,37,0,87,0,2,41,7,50,10,42,78,7,137,20,18,38,175
09/21/2013,RAP,SD,AGL,WE,Federal Contract Tower,8,31,17,0,56,0,2,34,0,36,8,33,51,0,92,12,0,12,104
09/22/2013,RAP,SD,AGL,WE,Federal Contract Tower,12,33,23,0,68,0,0,26,0,26,12,33,49,0,94,10,0,10,104
09/23/2013,RAP,SD,AGL,WE,Federal Contract Tower,9,25,24,0,58,0,0,11,0,11,9,25,35,0,69,4,0,4,73
09/24/2013,RAP,SD,AGL,WE,Federal Contract Tower,9,34,31,0,74,0,1,34,4,39,9,35,65,4,113,36,4,40,153
09/25/2013,RAP,SD,AGL,WE,Federal Contract Tower,7,27,48,2,84,0,6,43,15,64,7,33,91,17,148,32,4,36,184
09/26/2013,RAP,SD,AGL,WE,Federal Contract Tower,14,31,33,0,78,0,0,42,8,50,14,31,75,8,128,8,2,10,138
09/27/2013,RAP,SD,AGL,WE,Federal Contract Tower,10,33,29,3,75,0,0,9,2,11,10,33,38,5,86,20,0,20,106
09/28/2013,RAP,SD,AGL,WE,Federal Contract Tower,7,30,17,0,54,0,1,58,0,59,7,31,75,0,113,10,0,10,123
09/29/2013,RAP,SD,AGL,WE,Federal Contract Tower,13,23,19,2,57,0,1,35,12,48,13,24,54,14,105,2,6,8,113
09/30/2013,RAP,SD,AGL,WE,Federal Contract Tower,11,28,25,1,65,0,1,28,2,31,11,29,53,3,96,6,0,6,102
10/01/2013,RAP,SD,AGL,WE,Federal Contract Tower,8,37,21,3,69,0,0,36,0,36,8,37,57,3,105,36,0,36,141
10/02/2013,RAP,SD,AGL,WE,Federal Contract Tower,7,35,14,0,56,0,1,18,0,19,7,36,32,0,75,16,0,16,91
10/03/2013,RAP,SD,AGL,WE,Federal Contract Tower,12,28,26,1,67,0,0,6,0,6,12,28,32,1,73,8,0,8,81
10/04/2013,RAP,SD,AGL,WE,Federal Contract Tower,0,3,1,0,4,0,0,0,0,0,0,3,1,0,4,0,0,0,4
10/05/2013,RAP,SD,AGL,WE,Federal Contract Tower,0,0,0,0,0,0,0,0,0,0,0,0,0,0,0,0,0,0,0
10/06/2013,RAP,SD,AGL,WE,Federal Contract Tower,0,0,0,0,0,0,0,0,0,0,0,0,0,0,0,0,0,0,0
10/07/2013,RAP,SD,AGL,WE,Federal Contract Tower,18,42,19,0,79,0,0,27,6,33,18,42,46,6,112,0,0,0,112
10/08/2013,RAP,SD,AGL,WE,Federal Contract Tower,8,27,11,0,46,0,1,27,2,30,8,28,38,2,76,18,0,18,94
10/09/2013,RAP,SD,AGL,WE,Federal Contract Tower,8,28,12,0,48,0,1,28,2,31,8,29,40,2,79,48,0,48,127
10/10/2013,RAP,SD,AGL,WE,Federal Contract Tower,12,34,24,0,70,0,0,31,4,35,12,34,55,4,105,10,0,10,115
10/11/2013,RAP,SD,AGL,WE,Federal Contract Tower,12,32,13,0,57,0,0,2,0,2,12,32,15,0,59,0,0,0,59
10/12/2013,RAP,SD,AGL,WE,Federal Contract Tower,6,25,6,2,39,0,1,40,1,42,6,26,46,3,81,22,0,22,103
10/13/2013,RAP,SD,AGL,WE,Federal Contract Tower,10,26,8,0,44,0,0,11,0,11,10,26,19,0,55,0,0,0,55
10/14/2013,RAP,SD,AGL,WE,Federal Contract Tower,12,29,17,0,58,0,0,0,0,0,12,29,17,0,58,0,0,0,58
10/15/2013,RAP,SD,AGL,WE,Federal Contract Tower,9,33,14,0,56,0,0,6,0,6,9,33,20,0,62,14,0,14,76
10/16/2013,RAP,SD,AGL,WE,Federal Contract Tower,8,32,29,0,69,0,0,56,0,56,8,32,85,0,125,96,0,96,221
10/17/2013,RAP,SD,AGL,WE,Federal Contract Tower,14,42,25,0,81,0,1,17,0,18,14,43,42,0,99,8,0,8,107
10/18/2013,RAP,SD,AGL,WE,Federal Contract Tower,12,33,16,0,61,0,1,10,0,11,12,34,26,0,72,0,0,0,72
10/19/2013,RAP,SD,AGL,WE,Federal Contract Tower,7,26,7,0,40,0,2,49,1,52,7,28,56,1,92,34,0,34,126
10/20/2013,RAP,SD,AGL,WE,Federal Contract Tower,11,31,10,0,52,0,0,9,0,9,11,31,19,0,61,0,0,0,61
10/21/2013,RAP,SD,AGL,WE,Federal Contract Tower,10,26,19,0,55,0,0,9,0,9,10,26,28,0,64,2,0,2,66
10/22/2013,RAP,SD,AGL,WE,Federal Contract Tower,7,30,12,0,49,0,0,0,17,17,7,30,12,17,66,12,0,12,78
10/23/2013,RAP,SD,AGL,WE,Federal Contract Tower,9,40,27,1,77,0,2,12,12,26,9,42,39,13,103,0,6,6,109
10/24/2013,RAP,SD,AGL,WE,Federal Contract Tower,11,40,30,0,81,0,2,15,22,39,11,42,45,22,120,16,12,28,148
10/25/2013,RAP,SD,AGL,WE,Federal Contract Tower,13,30,24,4,71,0,2,37,0,39,13,32,61,4,110,40,2,42,152
10/26/2013,RAP,SD,AGL,WE,Federal Contract Tower,7,28,4,2,41,0,3,27,14,44,7,31,31,16,85,6,4,10,95
10/27/2013,RAP,SD,AGL,WE,Federal Contract Tower,9,24,10,3,46,0,1,21,7,29,9,25,31,10,75,2,4,6,81
10/28/2013,RAP,SD,AGL,WE,Federal Contract Tower,13,31,15,0,59,0,0,0,0,0,13,31,15,0,59,0,0,0,59
10/29/2013,RAP,SD,AGL,WE,Federal Contract Tower,8,34,18,0,60,0,0,0,0,0,8,34,18,0,60,0,0,0,60
10/30/2013,RAP,SD,AGL,WE,Federal Contract Tower,8,34,21,3,66,0,0,7,0,7,8,34,28,3,73,0,0,0,73
10/31/2013,RAP,SD,AGL,WE,Federal Contract Tower,8,25,19,2,54,0,2,38,13,53,8,27,57,15,107,24,0,24,131
11/01/2013,RAP,SD,AGL,WE,Federal Contract Tower,14,35,13,7,69,0,1,15,23,39,14,36,28,30,108,8,0,8,116
11/02/2013,RAP,SD,AGL,WE,Federal Contract Tower,9,22,2,3,36,0,1,28,11,40,9,23,30,14,76,8,0,8,84
11/03/2013,RAP,SD,AGL,WE,Federal Contract Tower,15,16,10,0,41,0,0,15,4,19,15,16,25,4,60,10,0,10,70
11/04/2013,RAP,SD,AGL,WE,Federal Contract Tower,13,32,20,0,65,0,3,19,0,22,13,35,39,0,87,28,6,34,121
11/05/2013,RAP,SD,AGL,WE,Federal Contract Tower,5,28,6,0,39,0,0,0,0,0,5,28,6,0,39,0,0,0,39
11/06/2013,RAP,SD,AGL,WE,Federal Contract Tower,9,42,17,2,70,0,2,15,24,41,9,44,32,26,111,36,30,66,177
11/07/2013,RAP,SD,AGL,WE,Federal Contract Tower,6,31,20,3,60,0,1,36,21,58,6,32,56,24,118,56,36,92,210
11/08/2013,RAP,SD,AGL,WE,Federal Contract Tower,12,34,23,1,70,0,1,7,0,8,12,35,30,1,78,0,0,0,78
11/09/2013,RAP,SD,AGL,WE,Federal Contract Tower,6,25,8,0,39,0,3,38,0,41,6,28,46,0,80,48,0,48,128
11/10/2013,RAP,SD,AGL,WE,Federal Contract Tower,7,29,20,0,56,0,1,27,1,29,7,30,47,1,85,38,0,38,123
11/11/2013,RAP,SD,AGL,WE,Federal Contract Tower,10,27,8,0,45,0,1,0,0,1,10,28,8,0,46,0,0,0,46
11/12/2013,RAP,SD,AGL,WE,Federal Contract Tower,6,29,23,0,58,0,12,33,2,47,6,41,56,2,105,16,0,16,121
11/13/2013,RAP,SD,AGL,WE,Federal Contract Tower,5,30,27,3,65,0,0,34,0,34,5,30,61,3,99,54,0,54,153
11/14/2013,RAP,SD,AGL,WE,Federal Contract Tower,5,36,21,2,64,0,2,24,20,46,5,38,45,22,110,40,26,66,176
11/15/2013,RAP,SD,AGL,WE,Federal Contract Tower,10,36,16,2,64,0,0,27,30,57,10,36,43,32,121,36,28,64,185
11/16/2013,RAP,SD,AGL,WE,Federal Contract Tower,8,27,8,0,43,0,2,9,20,31,8,29,17,20,74,14,4,18,92
11/17/2013,RAP,SD,AGL,WE,Federal Contract Tower,6,22,7,2,37,0,2,6,4,12,6,24,13,6,49,0,0,0,49
11/18/2013,RAP,SD,AGL,WE,Federal Contract Tower,11,30,27,0,68,0,0,21,0,21,11,30,48,0,89,14,0,14,103
11/19/2013,RAP,SD,AGL,WE,Federal Contract Tower,5,30,25,0,60,0,3,12,0,15,5,33,37,0,75,0,0,0,75
11/20/2013,RAP,SD,AGL,WE,Federal Contract Tower,4,34,31,0,69,0,0,2,0,2,4,34,33,0,71,8,0,8,79
11/21/2013,RAP,SD,AGL,WE,Federal Contract Tower,3,33,18,0,54,0,4,4,17,25,3,37,22,17,79,0,16,16,95
11/22/2013,RAP,SD,AGL,WE,Federal Contract Tower,7,29,28,1,65,0,0,29,7,36,7,29,57,8,101,20,18,38,139
11/23/2013,RAP,SD,AGL,WE,Federal Contract Tower,6,22,4,0,32,0,5,20,0,25,6,27,24,0,57,0,0,0,57
11/24/2013,RAP,SD,AGL,WE,Federal Contract Tower,4,18,7,1,30,0,1,23,0,24,4,19,30,1,54,20,0,20,74
11/25/2013,RAP,SD,AGL,WE,Federal Contract Tower,8,35,16,0,59,0,2,8,0,10,8,37,24,0,69,20,0,20,89
11/26/2013,RAP,SD,AGL,WE,Federal Contract Tower,5,44,25,1,75,0,0,21,5,26,5,44,46,6,101,26,10,36,137
11/27/2013,RAP,SD,AGL,WE,Federal Contract Tower,6,35,16,0,57,0,0,29,6,35,6,35,45,6,92,10,10,20,112
11/28/2013,RAP,SD,AGL,WE,Federal Contract Tower,1,16,3,0,20,0,0,0,0,0,1,16,3,0,20,0,0,0,20
11/29/2013,RAP,SD,AGL,WE,Federal Contract Tower,2,32,2,2,38,0,0,44,0,44,2,32,46,2,82,22,0,22,104
11/30/2013,RAP,SD,AGL,WE,Federal Contract Tower,6,28,7,0,41,0,1,32,4,37,6,29,39,4,78,0,0,0,78
12/01/2013,RAP,SD,AGL,WE,Federal Contract Tower,3,25,16,0,44,0,1,17,0,18,3,26,33,0,62,28,0,28,90
12/02/2013,RAP,SD,AGL,WE,Federal Contract Tower,7,38,13,0,58,0,0,19,1,20,7,38,32,1,78,14,0,14,92
12/03/2013,RAP,SD,AGL,WE,Federal Contract Tower,5,31,16,0,52,0,0,0,0,0,5,31,16,0,52,0,0,0,52
12/04/2013,RAP,SD,AGL,WE,Federal Contract Tower,5,28,17,0,50,0,2,3,0,5,5,30,20,0,55,0,0,0,55
12/05/2013,RAP,SD,AGL,WE,Federal Contract Tower,8,31,27,0,66,0,13,9,20,42,8,44,36,20,108,2,12,14,122
12/06/2013,RAP,SD,AGL,WE,Federal Contract Tower,13,30,17,6,66,0,0,8,16,24,13,30,25,22,90,0,24,24,114
12/07/2013,RAP,SD,AGL,WE,Federal Contract Tower,8,19,7,2,36,0,0,0,6,6,8,19,7,8,42,0,18,18,60
12/08/2013,RAP,SD,AGL,WE,Federal Contract Tower,9,19,11,8,47,0,0,2,0,2,9,19,13,8,49,0,0,0,49
12/09/2013,RAP,SD,AGL,WE,Federal Contract Tower,10,28,23,1,62,0,0,7,1,8,10,28,30,2,70,0,0,0,70
12/10/2013,RAP,SD,AGL,WE,Federal Contract Tower,9,28,24,2,63,0,1,9,1,11,9,29,33,3,74,0,0,0,74
12/11/2013,RAP,SD,AGL,WE,Federal Contract Tower,8,27,27,0,62,0,6,11,5,22,8,33,38,5,84,18,6,24,108
12/12/2013,RAP,SD,AGL,WE,Federal Contract Tower,13,24,10,1,48,0,0,27,25,52,13,24,37,26,100,26,14,40,140
12/13/2013,RAP,SD,AGL,WE,Federal Contract Tower,13,27,22,2,64,0,0,10,9,19,13,27,32,11,83,10,10,20,103
12/14/2013,RAP,SD,AGL,WE,Federal Contract Tower,8,13,8,2,31,0,0,25,18,43,8,13,33,20,74,28,20,48,122
12/15/2013,RAP,SD,AGL,WE,Federal Contract Tower,11,14,5,1,31,0,2,17,7,26,11,16,22,8,57,4,10,14,71
12/16/2013,RAP,SD,AGL,WE,Federal Contract Tower,12,23,10,2,47,0,0,18,0,18,12,23,28,2,65,0,0,0,65
12/17/2013,RAP,SD,AGL,WE,Federal Contract Tower,7,27,24,3,61,0,0,22,5,27,7,27,46,8,88,8,4,12,100
12/18/2013,RAP,SD,AGL,WE,Federal Contract Tower,9,23,25,0,57,0,1,33,27,61,9,24,58,27,118,28,40,68,186
12/19/2013,RAP,SD,AGL,WE,Federal Contract Tower,6,27,2,0,35,0,0,0,0,0,6,27,2,0,35,0,0,0,35
12/20/2013,RAP,SD,AGL,WE,Federal Contract Tower,10,34,17,0,61,0,1,14,4,19,10,35,31,4,80,2,0,2,82
12/21/2013,RAP,SD,AGL,WE,Federal Contract Tower,7,31,11,0,49,0,0,1,0,1,7,31,12,0,50,0,0,0,50
12/22/2013,RAP,SD,AGL,WE,Federal Contract Tower,5,20,8,0,33,0,0,2,0,2,5,20,10,0,35,0,0,0,35
12/23/2013,RAP,SD,AGL,WE,Federal Contract Tower,12,32,11,4,59,11,2,5,2,20,23,34,16,6,79,0,0,0,79
12/24/2013,RAP,SD,AGL,WE,Federal Contract Tower,6,24,0,0,30,0,1,4,0,5,6,25,4,0,35,0,0,0,35
12/25/2013,RAP,SD,AGL,WE,Federal Contract Tower,8,18,0,0,26,0,3,5,0,8,8,21,5,0,34,6,0,6,40
12/26/2013,RAP,SD,AGL,WE,Federal Contract Tower,7,36,6,0,49,0,0,24,2,26,7,36,30,2,75,42,24,66,141
12/27/2013,RAP,SD,AGL,WE,Federal Contract Tower,8,34,14,0,56,0,1,53,8,62,8,35,67,8,118,90,22,112,230
12/28/2013,RAP,SD,AGL,WE,Federal Contract Tower,10,34,3,0,47,0,0,3,0,3,10,34,6,0,50,0,0,0,50
12/29/2013,RAP,SD,AGL,WE,Federal Contract Tower,7,24,5,0,36,0,1,13,0,14,7,25,18,0,50,0,0,0,50
12/30/2013,RAP,SD,AGL,WE,Federal Contract Tower,9,33,17,0,59,0,4,13,0,17,9,37,30,0,76,8,0,8,84
12/31/2013,RAP,SD,AGL,WE,Federal Contract Tower,5,32,18,0,55,0,0,0,0,0,5,32,18,0,55,0,0,0,55
01/01/2014,RAP,SD,AGL,WE,Federal Contract Tower,4,25,6,0,35,0,2,2,0,4,4,27,8,0,39,0,0,0,39
01/02/2014,RAP,SD,AGL,WE,Federal Contract Tower,7,30,10,1,48,0,0,17,16,33,7,30,27,17,81,24,0,24,105
01/03/2014,RAP,SD,AGL,WE,Federal Contract Tower,10,32,20,1,63,0,1,22,22,45,10,33,42,23,108,30,14,44,152
01/04/2014,RAP,SD,AGL,WE,Federal Contract Tower,7,26,7,0,40,0,0,6,13,19,7,26,13,13,59,0,34,34,93
01/05/2014,RAP,SD,AGL,WE,Federal Contract Tower,4,21,6,2,33,0,0,0,0,0,4,21,6,2,33,0,0,0,33
01/06/2014,RAP,SD,AGL,WE,Federal Contract Tower,8,25,17,0,50,0,1,8,1,10,8,26,25,1,60,16,0,16,76
01/07/2014,RAP,SD,AGL,WE,Federal Contract Tower,1,26,18,0,45,0,2,13,4,19,1,28,31,4,64,0,0,0,64
01/08/2014,RAP,SD,AGL,WE,Federal Contract Tower,2,32,19,2,55,0,0,4,0,4,2,32,23,2,59,10,0,10,69
01/09/2014,RAP,SD,AGL,WE,Federal Contract Tower,4,34,19,2,59,0,0,19,18,37,4,34,38,20,96,18,0,18,114
01/10/2014,RAP,SD,AGL,WE,Federal Contract Tower,8,28,17,0,53,0,2,21,22,45,8,30,38,22,98,30,14,44,142
01/11/2014,RAP,SD,AGL,WE,Federal Contract Tower,7,25,3,1,36,0,0,42,17,59,7,25,45,18,95,76,20,96,191
01/12/2014,RAP,SD,AGL,WE,Federal Contract Tower,3,16,4,2,25,0,1,15,8,24,3,17,19,10,49,42,16,58,107
01/13/2014,RAP,SD,AGL,WE,Federal Contract Tower,8,29,16,0,53,0,0,2,0,2,8,29,18,0,55,0,0,0,55
01/14/2014,RAP,SD,AGL,WE,Federal Contract Tower,4,38,14,2,58,0,0,4,3,7,4,38,18,5,65,8,10,18,83
01/15/2014,RAP,SD,AGL,WE,Federal Contract Tower,2,32,21,3,58,0,0,11,13,24,2,32,32,16,82,28,14,42,124
01/16/2014,RAP,SD,AGL,WE,Federal Contract Tower,4,34,19,1,58,0,0,1,11,12,4,34,20,12,70,0,6,6,76
01/17/2014,RAP,SD,AGL,WE,Federal Contract Tower,8,33,16,10,67,0,0,22,7,29,8,33,38,17,96,88,30,118,214
01/18/2014,RAP,SD,AGL,WE,Federal Contract Tower,6,14,3,2,25,0,0,6,1,7,6,14,9,3,32,0,0,0,32
01/19/2014,RAP,SD,AGL,WE,Federal Contract Tower,4,22,8,0,34,0,1,13,3,17,4,23,21,3,51,32,0,32,83
01/20/2014,RAP,SD,AGL,WE,Federal Contract Tower,8,24,17,1,50,0,1,4,0,5,8,25,21,1,55,0,0,0,55
01/21/2014,RAP,SD,AGL,WE,Federal Contract Tower,2,34,26,0,62,0,0,8,0,8,2,34,34,0,70,28,0,28,98
01/22/2014,RAP,SD,AGL,WE,Federal Contract Tower,2,22,20,0,44,0,0,2,8,10,2,22,22,8,54,22,18,40,94
01/23/2014,RAP,SD,AGL,WE,Federal Contract Tower,4,31,15,0,50,0,0,27,16,43,4,31,42,16,93,66,4,70,163
01/24/2014,RAP,SD,AGL,WE,Federal Contract Tower,8,27,15,1,51,0,0,12,2,14,8,27,27,3,65,12,0,12,77
01/25/2014,RAP,SD,AGL,WE,Federal Contract Tower,7,21,8,0,36,0,2,30,0,32,7,23,38,0,68,62,0,62,130
01/26/2014,RAP,SD,AGL,WE,Federal Contract Tower,4,14,6,0,24,0,0,0,0,0,4,14,6,0,24,0,0,0,24
01/27/2014,RAP,SD,AGL,WE,Federal Contract Tower,8,30,12,0,50,0,0,20,2,22,8,30,32,2,72,62,8,70,142
01/28/2014,RAP,SD,AGL,WE,Federal Contract Tower,2,30,22,0,54,0,2,18,2,22,2,32,40,2,76,56,10,66,142
01/29/2014,RAP,SD,AGL,WE,Federal Contract Tower,2,29,21,1,53,0,1,34,17,52,2,30,55,18,105,68,30,98,203
01/30/2014,RAP,SD,AGL,WE,Federal Contract Tower,4,33,15,1,53,0,0,2,16,18,4,33,17,17,71,0,16,16,87
01/31/2014,RAP,SD,AGL,WE,Federal Contract Tower,7,28,16,0,51,0,2,31,6,39,7,30,47,6,90,40,0,40,130
02/01/2014,RAP,SD,AGL,WE,Federal Contract Tower,4,23,9,0,36,0,2,5,1,8,4,25,14,1,44,0,4,4,48
02/02/2014,RAP,SD,AGL,WE,Federal Contract Tower,2,19,7,0,28,0,0,25,1,26,2,19,32,1,54,4,6,10,64
02/03/2014,RAP,SD,AGL,WE,Federal Contract Tower,7,29,20,2,58,0,0,0,0,0,7,29,20,2,58,0,0,0,58
02/04/2014,RAP,SD,AGL,WE,Federal Contract Tower,2,35,22,2,61,0,0,0,0,0,2,35,22,2,61,0,0,0,61
02/05/2014,RAP,SD,AGL,WE,Federal Contract Tower,2,35,32,5,74,0,0,6,8,14,2,35,38,13,88,12,2,14,102
02/06/2014,RAP,SD,AGL,WE,Federal Contract Tower,6,33,30,1,70,0,3,10,10,23,6,36,40,11,93,0,4,4,97
02/07/2014,RAP,SD,AGL,WE,Federal Contract Tower,8,31,20,1,60,0,0,18,10,28,8,31,38,11,88,6,14,20,108
02/08/2014,RAP,SD,AGL,WE,Federal Contract Tower,6,25,16,0,47,0,0,2,0,2,6,25,18,0,49,0,0,0,49
02/09/2014,RAP,SD,AGL,WE,Federal Contract Tower,6,21,7,0,34,0,0,0,0,0,6,21,7,0,34,0,0,0,34
02/10/2014,RAP,SD,AGL,WE,Federal Contract Tower,8,32,12,0,52,0,1,3,0,4,8,33,15,0,56,0,0,0,56
02/11/2014,RAP,SD,AGL,WE,Federal Contract Tower,3,35,26,0,64,0,1,8,7,16,3,36,34,7,80,2,8,10,90
02/12/2014,RAP,SD,AGL,WE,Federal Contract Tower,4,25,24,0,53,0,2,11,16,29,4,27,35,16,82,6,0,6,88
02/13/2014,RAP,SD,AGL,WE,Federal Contract Tower,7,25,19,5,56,0,6,13,19,38,7,31,32,24,94,22,42,64,158
02/14/2014,RAP,SD,AGL,WE,Federal Contract Tower,7,34,20,1,62,0,1,21,0,22,7,35,41,1,84,16,0,16,100
02/15/2014,RAP,SD,AGL,WE,Federal Contract Tower,1,31,7,0,39,0,1,4,0,5,1,32,11,0,44,6,0,6,50
02/16/2014,RAP,SD,AGL,WE,Federal Contract Tower,5,15,12,0,32,0,0,8,0,8,5,15,20,0,40,8,0,8,48
02/17/2014,RAP,SD,AGL,WE,Federal Contract Tower,6,24,27,0,57,0,2,18,3,23,6,26,45,3,80,20,0,20,100
02/18/2014,RAP,SD,AGL,WE,Federal Contract Tower,4,27,20,0,51,0,1,14,0,15,4,28,34,0,66,28,0,28,94
02/19/2014,RAP,SD,AGL,WE,Federal Contract Tower,6,24,24,0,54,0,0,18,2,20,6,24,42,2,74,28,6,34,108
02/20/2014,RAP,SD,AGL,WE,Federal Contract Tower,4,33,8,4,49,0,0,8,7,15,4,33,16,11,64,0,38,38,102
02/21/2014,RAP,SD,AGL,WE,Federal Contract Tower,8,35,8,4,55,0,2,1,4,7,8,37,9,8,62,0,24,24,86
02/22/2014,RAP,SD,AGL,WE,Federal Contract Tower,2,30,8,0,40,0,2,0,0,2,2,32,8,0,42,2,0,2,44
02/23/2014,RAP,SD,AGL,WE,Federal Contract Tower,8,16,11,1,36,0,0,2,1,3,8,16,13,2,39,0,0,0,39
02/24/2014,RAP,SD,AGL,WE,Federal Contract Tower,7,26,16,2,51,0,0,0,0,0,7,26,16,2,51,0,0,0,51
02/25/2014,RAP,SD,AGL,WE,Federal Contract Tower,3,28,24,0,55,0,1,13,6,20,3,29,37,6,75,14,8,22,97
02/26/2014,RAP,SD,AGL,WE,Federal Contract Tower,5,36,24,3,68,0,5,24,9,38,5,41,48,12,106,42,2,44,150
02/27/2014,RAP,SD,AGL,WE,Federal Contract Tower,4,29,17,1,51,0,1,18,26,45,4,30,35,27,96,54,16,70,166
02/28/2014,RAP,SD,AGL,WE,Federal Contract Tower,7,30,4,1,42,0,0,0,0,0,7,30,4,1,42,0,0,0,42
03/01/2014,RAP,SD,AGL,WE,Federal Contract Tower,1,26,2,0,29,0,0,0,0,0,1,26,2,0,29,0,0,0,29
03/02/2014,RAP,SD,AGL,WE,Federal Contract Tower,5,20,6,2,33,0,2,6,12,20,5,22,12,14,53,12,14,26,79
03/03/2014,RAP,SD,AGL,WE,Federal Contract Tower,7,28,14,2,51,0,2,5,0,7,7,30,19,2,58,0,0,0,58
03/04/2014,RAP,SD,AGL,WE,Federal Contract Tower,3,25,21,0,49,0,4,0,0,4,3,29,21,0,53,0,0,0,53
03/05/2014,RAP,SD,AGL,WE,Federal Contract Tower,7,27,21,2,57,0,2,30,5,37,7,29,51,7,94,46,0,46,140
03/06/2014,RAP,SD,AGL,WE,Federal Contract Tower,8,30,21,4,63,0,3,31,17,51,8,33,52,21,114,24,10,34,148
03/07/2014,RAP,SD,AGL,WE,Federal Contract Tower,11,25,9,1,46,0,0,0,0,0,11,25,9,1,46,0,0,0,46
03/08/2014,RAP,SD,AGL,WE,Federal Contract Tower,5,25,5,3,38,0,6,44,24,74,5,31,49,27,112,38,10,48,160
03/09/2014,RAP,SD,AGL,WE,Federal Contract Tower,9,19,11,2,41,0,2,33,10,45,9,21,44,12,86,28,14,42,128
03/10/2014,RAP,SD,AGL,WE,Federal Contract Tower,12,21,14,2,49,0,0,27,1,28,12,21,41,3,77,14,0,14,91
03/11/2014,RAP,SD,AGL,WE,Federal Contract Tower,8,30,13,2,53,0,1,4,4,9,8,31,17,6,62,8,0,8,70
03/12/2014,RAP,SD,AGL,WE,Federal Contract Tower,10,23,23,4,60,0,0,12,31,43,10,23,35,35,103,6,26,32,135
03/13/2014,RAP,SD,AGL,WE,Federal Contract Tower,11,29,8,2,50,0,0,24,17,41,11,29,32,19,91,22,4,26,117
03/14/2014,RAP,SD,AGL,WE,Federal Contract Tower,15,26,27,2,70,0,0,30,0,30,15,26,57,2,100,46,0,46,146
03/15/2014,RAP,SD,AGL,WE,Federal Contract Tower,5,23,6,0,34,0,0,2,0,2,5,23,8,0,36,0,0,0,36
03/16/2014,RAP,SD,AGL,WE,Federal Contract Tower,7,12,7,0,26,0,0,13,0,13,7,12,20,0,39,18,0,18,57
03/17/2014,RAP,SD,AGL,WE,Federal Contract Tower,14,21,12,0,47,0,2,23,0,25,14,23,35,0,72,38,0,38,110
03/18/2014,RAP,SD,AGL,WE,Federal Contract Tower,8,29,18,0,55,0,1,2,3,6,8,30,20,3,61,0,0,0,61
03/19/2014,RAP,SD,AGL,WE,Federal Contract Tower,11,32,16,3,62,0,1,40,16,57,11,33,56,19,119,54,24,78,197
03/20/2014,RAP,SD,AGL,WE,Federal Contract Tower,8,26,19,0,53,0,10,27,13,50,8,36,46,13,103,14,12,26,129
03/21/2014,RAP,SD,AGL,WE,Federal Contract Tower,12,30,14,0,56,0,1,8,2,11,12,31,22,2,67,4,0,4,71
03/22/2014,RAP,SD,AGL,WE,Federal Contract Tower,6,27,6,0,39,0,0,1,0,1,6,27,7,0,40,0,0,0,40
03/23/2014,RAP,SD,AGL,WE,Federal Contract Tower,7,19,14,1,41,0,0,10,3,13,7,19,24,4,54,0,0,0,54
03/24/2014,RAP,SD,AGL,WE,Federal Contract Tower,10,21,25,1,57,0,1,5,0,6,10,22,30,1,63,0,0,0,63
03/25/2014,RAP,SD,AGL,WE,Federal Contract Tower,8,26,28,2,64,0,5,27,5,37,8,31,55,7,101,12,0,12,113
03/26/2014,RAP,SD,AGL,WE,Federal Contract Tower,12,28,15,0,55,0,4,14,23,41,12,32,29,23,96,24,4,28,124
03/27/2014,RAP,SD,AGL,WE,Federal Contract Tower,8,32,28,0,68,0,5,20,21,46,8,37,48,21,114,22,0,22,136
03/28/2014,RAP,SD,AGL,WE,Federal Contract Tower,12,25,17,1,55,0,1,17,0,18,12,26,34,1,73,10,0,10,83
03/29/2014,RAP,SD,AGL,WE,Federal Contract Tower,7,21,7,0,35,0,1,37,0,38,7,22,44,0,73,24,0,24,97
03/30/2014,RAP,SD,AGL,WE,Federal Contract Tower,6,19,7,0,32,0,0,11,0,11,6,19,18,0,43,0,0,0,43
03/31/2014,RAP,SD,AGL,WE,Federal Contract Tower,9,15,4,0,28,0,0,0,0,0,9,15,4,0,28,0,0,0,28
04/01/2014,RAP,SD,AGL,WE,Federal Contract Tower,7,30,15,1,53,0,0,2,0,2,7,30,17,1,55,2,0,2,57
04/02/2014,RAP,SD,AGL,WE,Federal Contract Tower,4,24,7,0,35,0,0,0,0,0,4,24,7,0,35,0,0,0,35
04/03/2014,RAP,SD,AGL,WE,Federal Contract Tower,6,28,11,4,49,0,0,10,18,28,6,28,21,22,77,6,6,12,89
04/04/2014,RAP,SD,AGL,WE,Federal Contract Tower,8,27,14,1,50,0,1,28,22,51,8,28,42,23,101,40,2,42,143
04/05/2014,RAP,SD,AGL,WE,Federal Contract Tower,4,24,5,0,33,0,1,20,4,25,4,25,25,4,58,4,0,4,62
04/06/2014,RAP,SD,AGL,WE,Federal Contract Tower,9,17,7,0,33,0,1,16,9,26,9,18,23,9,59,16,12,28,87
04/07/2014,RAP,SD,AGL,WE,Federal Contract Tower,10,29,14,0,53,0,2,10,1,13,10,31,24,1,66,8,0,8,74
04/08/2014,RAP,SD,AGL,WE,Federal Contract Tower,6,23,23,0,52,0,8,34,5,47,6,31,57,5,99,22,2,24,123
04/09/2014,RAP,SD,AGL,WE,Federal Contract Tower,6,25,16,2,49,0,7,28,4,39,6,32,44,6,88,50,0,50,138
04/10/2014,RAP,SD,AGL,WE,Federal Contract Tower,6,33,17,4,60,0,2,50,19,71,6,35,67,23,131,52,0,52,183
04/11/2014,RAP,SD,AGL,WE,Federal Contract Tower,10,32,13,1,56,0,0,28,10,38,10,32,41,11,94,38,2,40,134
04/12/2014,RAP,SD,AGL,WE,Federal Contract Tower,4,21,7,1,33,0,0,9,8,17,4,21,16,9,50,6,0,6,56
04/13/2014,RAP,SD,AGL,WE,Federal Contract Tower,10,16,9,2,37,15,0,0,8,23,25,16,9,10,60,0,0,0,60
04/14/2014,RAP,SD,AGL,WE,Federal Contract Tower,8,20,28,1,57,0,0,35,3,38,8,20,63,4,95,54,0,54,149
04/15/2014,RAP,SD,AGL,WE,Federal Contract Tower,8,34,21,2,65,0,2,49,10,61,8,36,70,12,126,34,36,70,196
04/16/2014,RAP,SD,AGL,WE,Federal Contract Tower,6,30,57,4,97,0,2,5,22,29,6,32,62,26,126,0,32,32,158
04/17/2014,RAP,SD,AGL,WE,Federal Contract Tower,6,37,27,1,71,0,0,18,22,40,6,37,45,23,111,6,40,46,157
04/18/2014,RAP,SD,AGL,WE,Federal Contract Tower,11,26,21,2,60,0,0,31,1,32,11,26,52,3,92,34,0,34,126
04/19/2014,RAP,SD,AGL,WE,Federal Contract Tower,5,22,10,0,37,0,9,55,3,67,5,31,65,3,104,124,10,134,238
04/20/2014,RAP,SD,AGL,WE,Federal Contract Tower,8,18,7,0,33,0,5,30,0,35,8,23,37,0,68,28,0,28,96
04/21/2014,RAP,SD,AGL,WE,Federal Contract Tower,10,25,16,0,51,0,3,32,1,36,10,28,48,1,87,44,0,44,131
04/22/2014,RAP,SD,AGL,WE,Federal Contract Tower,6,33,21,0,60,0,8,37,16,61,6,41,58,16,121,40,20,60,181
04/23/2014,RAP,SD,AGL,WE,Federal Contract Tower,8,28,17,0,53,0,3,16,15,34,8,31,33,15,87,18,10,28,115
04/24/2014,RAP,SD,AGL,WE,Federal Contract Tower,6,27,28,2,63,0,4,39,21,64,6,31,67,23,127,66,36,102,229
04/25/2014,RAP,SD,AGL,WE,Federal Contract Tower,10,34,12,4,60,0,2,47,6,55,10,36,59,10,115,90,16,106,221
04/26/2014,RAP,SD,AGL,WE,Federal Contract Tower,6,21,3,0,30,0,0,30,0,30,6,21,33,0,60,48,0,48,108
04/27/2014,RAP,SD,AGL,WE,Federal Contract Tower,6,24,7,0,37,0,0,0,0,0,6,24,7,0,37,0,0,0,37
04/28/2014,RAP,SD,AGL,WE,Federal Contract Tower,10,22,9,2,43,0,0,0,2,2,10,22,9,4,45,0,0,0,45
04/29/2014,RAP,SD,AGL,WE,Federal Contract Tower,6,22,13,2,43,0,0,0,0,0,6,22,13,2,43,0,0,0,43
04/30/2014,RAP,SD,AGL,WE,Federal Contract Tower,6,32,16,2,56,0,1,1,0,2,6,33,17,2,58,0,0,0,58
05/01/2014,RAP,SD,AGL,WE,Federal Contract Tower,5,31,13,2,51,0,1,24,22,47,5,32,37,24,98,30,10,40,138
05/02/2014,RAP,SD,AGL,WE,Federal Contract Tower,10,32,29,2,73,0,4,37,15,56,10,36,66,17,129,50,4,54,183
05/03/2014,RAP,SD,AGL,WE,Federal Contract Tower,5,28,9,2,44,0,2,29,20,51,5,30,38,22,95,32,2,34,129
05/04/2014,RAP,SD,AGL,WE,Federal Contract Tower,9,16,16,1,42,0,3,19,2,24,9,19,35,3,66,12,0,12,78
05/05/2014,RAP,SD,AGL,WE,Federal Contract Tower,11,25,16,1,53,0,0,34,1,35,11,25,50,2,88,58,0,58,146
05/06/2014,RAP,SD,AGL,WE,Federal Contract Tower,7,32,27,0,66,0,1,20,6,27,7,33,47,6,93,16,0,16,109
05/07/2014,RAP,SD,AGL,WE,Federal Contract Tower,7,46,19,3,75,0,0,1,4,5,7,46,20,7,80,0,0,0,80
05/08/2014,RAP,SD,AGL,WE,Federal Contract Tower,6,29,19,2,56,0,0,7,17,24,6,29,26,19,80,18,0,18,98
05/09/2014,RAP,SD,AGL,WE,Federal Contract Tower,13,36,28,1,78,0,0,43,4,47,13,36,71,5,125,52,0,52,177
05/10/2014,RAP,SD,AGL,WE,Federal Contract Tower,6,28,21,0,55,0,1,26,0,27,6,29,47,0,82,24,0,24,106
05/11/2014,RAP,SD,AGL,WE,Federal Contract Tower,7,21,6,0,34,0,0,3,0,3,7,21,9,0,37,0,0,0,37
05/12/2014,RAP,SD,AGL,WE,Federal Contract Tower,8,36,32,2,78,0,8,17,0,25,8,44,49,2,103,2,0,2,105
05/13/2014,RAP,SD,AGL,WE,Federal Contract Tower,10,33,20,9,72,0,5,28,3,36,10,38,48,12,108,14,0,14,122
05/14/2014,RAP,SD,AGL,WE,Federal Contract Tower,7,33,22,0,62,0,0,21,6,27,7,33,43,6,89,28,14,42,131
05/15/2014,RAP,SD,AGL,WE,Federal Contract Tower,7,29,17,2,55,0,5,44,7,56,7,34,61,9,111,72,16,88,199
05/16/2014,RAP,SD,AGL,WE,Federal Contract Tower,11,32,27,5,75,0,2,14,16,32,11,34,41,21,107,20,0,20,127
05/17/2014,RAP,SD,AGL,WE,Federal Contract Tower,6,28,11,0,45,0,0,28,17,45,6,28,39,17,90,28,26,54,144
05/18/2014,RAP,SD,AGL,WE,Federal Contract Tower,8,26,8,2,44,0,2,41,12,55,8,28,49,14,99,32,10,42,141
05/19/2014,RAP,SD,AGL,WE,Federal Contract Tower,10,32,16,6,64,0,4,26,12,42,10,36,42,18,106,30,4,34,140
05/20/2014,RAP,SD,AGL,WE,Federal Contract Tower,6,39,21,3,69,0,2,32,1,35,6,41,53,4,104,54,0,54,158
05/21/2014,RAP,SD,AGL,WE,Federal Contract Tower,9,35,22,0,66,0,1,22,20,43,9,36,44,20,109,52,0,52,161
05/22/2014,RAP,SD,AGL,WE,Federal Contract Tower,5,30,16,0,51,0,0,21,16,37,5,30,37,16,88,54,2,56,144
05/23/2014,RAP,SD,AGL,WE,Federal Contract Tower,10,34,14,0,58,0,0,50,3,53,10,34,64,3,111,82,8,90,201
05/24/2014,RAP,SD,AGL,WE,Federal Contract Tower,10,31,14,0,55,0,0,24,0,24,10,31,38,0,79,36,0,36,115
05/25/2014,RAP,SD,AGL,WE,Federal Contract Tower,8,21,21,0,50,0,2,14,2,18,8,23,35,2,68,18,0,18,86
05/26/2014,RAP,SD,AGL,WE,Federal Contract Tower,11,23,13,0,47,0,3,37,4,44,11,26,50,4,91,30,0,30,121
05/27/2014,RAP,SD,AGL,WE,Federal Contract Tower,8,35,43,0,86,0,2,26,3,31,8,37,69,3,117,32,0,32,149
05/28/2014,RAP,SD,AGL,WE,Federal Contract Tower,9,37,15,0,61,0,3,57,27,87,9,40,72,27,148,42,12,54,202
05/29/2014,RAP,SD,AGL,WE,Federal Contract Tower,7,38,17,0,62,0,1,35,9,45,7,39,52,9,107,20,4,24,131
05/30/2014,RAP,SD,AGL,WE,Federal Contract Tower,13,35,11,0,59,0,0,24,6,30,13,35,35,6,89,38,0,38,127
05/31/2014,RAP,SD,AGL,WE,Federal Contract Tower,8,31,16,0,55,0,0,7,2,9,8,31,23,2,64,30,0,30,94
06/01/2014,RAP,SD,AGL,WE,Federal Contract Tower,7,21,10,0,38,0,2,11,0,13,7,23,21,0,51,4,0,4,55
06/02/2014,RAP,SD,AGL,WE,Federal Contract Tower,14,29,11,4,58,0,6,47,17,70,14,35,58,21,128,8,0,8,136
06/03/2014,RAP,SD,AGL,WE,Federal Contract Tower,6,36,21,11,74,0,1,11,1,13,6,37,32,12,87,0,0,0,87
06/04/2014,RAP,SD,AGL,WE,Federal Contract Tower,11,35,27,4,77,0,0,17,12,29,11,35,44,16,106,10,14,24,130
06/05/2014,RAP,SD,AGL,WE,Federal Contract Tower,13,34,19,6,72,0,1,55,22,78,13,35,74,28,150,114,10,124,274
06/06/2014,RAP,SD,AGL,WE,Federal Contract Tower,16,35,27,7,85,0,0,12,0,12,16,35,39,7,97,12,0,12,109
06/07/2014,RAP,SD,AGL,WE,Federal Contract Tower,13,30,11,5,59,0,2,27,35,64,13,32,38,40,123,52,16,68,191
06/08/2014,RAP,SD,AGL,WE,Federal Contract Tower,9,27,15,6,57,0,1,4,0,5,9,28,19,6,62,2,0,2,64
06/09/2014,RAP,SD,AGL,WE,Federal Contract Tower,16,41,38,6,101,0,6,69,30,105,16,47,107,36,206,94,0,94,300
06/10/2014,RAP,SD,AGL,WE,Federal Contract Tower,7,34,34,3,78,0,1,46,20,67,7,35,80,23,145,38,5,43,188
06/11/2014,RAP,SD,AGL,WE,Federal Contract Tower,11,39,35,4,89,0,0,21,19,40,11,39,56,23,129,40,0,40,169
06/12/2014,RAP,SD,AGL,WE,Federal Contract Tower,8,34,24,5,71,0,2,46,43,91,8,36,70,48,162,18,0,18,180
06/13/2014,RAP,SD,AGL,WE,Federal Contract Tower,15,42,24,1,82,0,4,39,20,63,15,46,63,21,145,20,0,20,165
06/14/2014,RAP,SD,AGL,WE,Federal Contract Tower,10,36,14,3,63,0,0,13,12,25,10,36,27,15,88,6,0,6,94
06/15/2014,RAP,SD,AGL,WE,Federal Contract Tower,8,32,16,0,56,0,3,42,10,55,8,35,58,10,111,32,0,32,143
06/16/2014,RAP,SD,AGL,WE,Federal Contract Tower,14,43,25,4,86,0,1,36,15,52,14,44,61,19,138,58,0,58,196
06/17/2014,RAP,SD,AGL,WE,Federal Contract Tower,8,48,33,7,96,0,0,18,2,20,8,48,51,9,116,12,0,12,128
06/18/2014,RAP,SD,AGL,WE,Federal Contract Tower,11,34,35,0,80,0,1,17,8,26,11,35,52,8,106,50,8,58,164
06/19/2014,RAP,SD,AGL,WE,Federal Contract Tower,13,38,26,0,77,0,0,48,5,53,13,38,74,5,130,8,0,8,138
06/20/2014,RAP,SD,AGL,WE,Federal Contract Tower,15,38,48,2,103,0,4,56,4,64,15,42,104,6,167,14,0,14,181
06/21/2014,RAP,SD,AGL,WE,Federal Contract Tower,9,38,20,5,72,0,3,36,6,45,9,41,56,11,117,22,14,36,153
06/22/2014,RAP,SD,AGL,WE,Federal Contract Tower,8,34,14,0,56,0,0,12,0,12,8,34,26,0,68,6,0,6,74
06/23/2014,RAP,SD,AGL,WE,Federal Contract Tower,21,37,25,2,85,0,2,33,1,36,21,39,58,3,121,20,0,20,141
06/24/2014,RAP,SD,AGL,WE,Federal Contract Tower,7,40,36,1,84,0,2,54,2,58,7,42,90,3,142,100,0,100,242
06/25/2014,RAP,SD,AGL,WE,Federal Contract Tower,14,38,23,1,76,0,1,19,6,26,14,39,42,7,102,22,6,28,130
06/26/2014,RAP,SD,AGL,WE,Federal Contract Tower,9,40,25,1,75,0,1,44,9,54,9,41,69,10,129,8,4,12,141
06/27/2014,RAP,SD,AGL,WE,Federal Contract Tower,13,45,18,2,78,0,1,13,3,17,13,46,31,5,95,24,0,24,119
06/28/2014,RAP,SD,AGL,WE,Federal Contract Tower,16,39,10,0,65,0,1,24,1,26,16,40,34,1,91,6,0,6,97
06/29/2014,RAP,SD,AGL,WE,Federal Contract Tower,11,30,22,0,63,0,3,43,0,46,11,33,65,0,109,22,0,22,131
06/30/2014,RAP,SD,AGL,WE,Federal Contract Tower,15,37,36,1,89,0,2,24,0,26,15,39,60,1,115,8,0,8,123
07/01/2014,RAP,SD,AGL,WE,Federal Contract Tower,9,43,15,5,72,0,0,25,3,28,9,43,40,8,100,0,0,0,100
07/02/2014,RAP,SD,AGL,WE,Federal Contract Tower,12,53,19,0,84,0,2,62,20,84,12,55,81,20,168,86,2,88,256
07/03/2014,RAP,SD,AGL,WE,Federal Contract Tower,7,43,21,4,75,0,1,33,8,42,7,44,54,12,117,0,0,0,117
07/04/2014,RAP,SD,AGL,WE,Federal Contract Tower,13,33,8,2,56,0,1,31,2,34,13,34,39,4,90,14,4,18,108
07/05/2014,RAP,SD,AGL,WE,Federal Contract Tower,7,42,10,1,60,0,4,52,0,56,7,46,62,1,116,16,0,16,132
07/06/2014,RAP,SD,AGL,WE,Federal Contract Tower,8,39,13,2,62,0,1,28,1,30,8,40,41,3,92,8,0,8,100
07/07/2014,RAP,SD,AGL,WE,Federal Contract Tower,11,42,19,2,74,0,1,15,0,16,11,43,34,2,90,6,0,6,96
07/08/2014,RAP,SD,AGL,WE,Federal Contract Tower,8,41,22,2,73,0,0,29,10,39,8,41,51,12,112,56,18,74,186
07/09/2014,RAP,SD,AGL,WE,Federal Contract Tower,9,51,21,2,83,0,11,37,3,51,9,62,58,5,134,100,2,102,236
07/10/2014,RAP,SD,AGL,WE,Federal Contract Tower,7,38,19,6,70,0,2,31,12,45,7,40,50,18,115,16,0,16,131
07/11/2014,RAP,SD,AGL,WE,Federal Contract Tower,11,37,16,2,66,0,3,54,6,63,11,40,70,8,129,54,4,58,187
07/12/2014,RAP,SD,AGL,WE,Federal Contract Tower,12,41,13,3,69,0,2,14,6,22,12,43,27,9,91,34,0,34,125
07/13/2014,RAP,SD,AGL,WE,Federal Contract Tower,6,40,19,2,67,0,2,45,9,56,6,42,64,11,123,30,6,36,159
07/14/2014,RAP,SD,AGL,WE,Federal Contract Tower,11,40,10,0,61,0,0,12,3,15,11,40,22,3,76,0,0,0,76
07/15/2014,RAP,SD,AGL,WE,Federal Contract Tower,8,45,21,2,76,0,2,45,1,48,8,47,66,3,124,58,0,58,182
07/16/2014,RAP,SD,AGL,WE,Federal Contract Tower,10,52,32,0,94,0,4,41,6,51,10,56,73,6,145,64,0,64,209
07/17/2014,RAP,SD,AGL,WE,Federal Contract Tower,6,39,37,2,84,0,1,50,24,75,6,40,87,26,159,42,0,42,201
07/18/2014,RAP,SD,AGL,WE,Federal Contract Tower,9,46,22,2,79,0,1,45,3,49,9,47,67,5,128,44,0,44,172
07/19/2014,RAP,SD,AGL,WE,Federal Contract Tower,9,47,10,1,67,0,0,28,7,35,9,47,38,8,102,4,0,4,106
07/20/2014,RAP,SD,AGL,WE,Federal Contract Tower,9,39,21,0,69,0,0,56,6,62,9,39,77,6,131,20,0,20,151
07/21/2014,RAP,SD,AGL,WE,Federal Contract Tower,11,38,30,1,80,0,1,32,1,34,11,39,62,2,114,12,0,12,126
07/22/2014,RAP,SD,AGL,WE,Federal Contract Tower,6,48,28,0,82,0,4,28,6,38,6,52,56,6,120,0,2,2,122
07/23/2014,RAP,SD,AGL,WE,Federal Contract Tower,8,54,34,2,98,0,4,42,5,51,8,58,76,7,149,68,0,68,217
07/24/2014,RAP,SD,AGL,WE,Federal Contract Tower,8,48,18,2,76,0,1,37,12,50,8,49,55,14,126,8,4,12,138
07/25/2014,RAP,SD,AGL,WE,Federal Contract Tower,14,55,23,6,98,0,0,101,5,106,14,55,124,11,204,74,6,80,284
07/26/2014,RAP,SD,AGL,WE,Federal Contract Tower,9,48,17,3,77,1,4,95,0,100,10,52,112,3,177,36,0,36,213
07/27/2014,RAP,SD,AGL,WE,Federal Contract Tower,7,40,21,0,68,0,2,46,0,48,7,42,67,0,116,18,0,18,134
07/28/2014,RAP,SD,AGL,WE,Federal Contract Tower,8,42,34,0,84,0,3,33,1,37,8,45,67,1,121,2,0,2,123
07/29/2014,RAP,SD,AGL,WE,Federal Contract Tower,6,48,36,0,90,0,2,24,5,31,6,50,60,5,121,8,0,8,129
07/30/2014,RAP,SD,AGL,WE,Federal Contract Tower,6,45,25,1,77,0,2,48,5,55,6,47,73,6,132,30,0,30,162
07/31/2014,RAP,SD,AGL,WE,Federal Contract Tower,8,41,26,0,75,0,5,60,18,83,8,46,86,18,158,0,0,0,158
08/01/2014,RAP,SD,AGL,WE,Federal Contract Tower,14,51,31,0,96,0,4,60,1,65,14,55,91,1,161,8,0,8,169
08/02/2014,RAP,SD,AGL,WE,Federal Contract Tower,10,46,25,0,81,0,3,63,1,67,10,49,88,1,148,18,0,18,166
08/03/2014,RAP,SD,AGL,WE,Federal Contract Tower,9,47,24,0,80,0,3,43,3,49,9,50,67,3,129,6,0,6,135
08/04/2014,RAP,SD,AGL,WE,Federal Contract Tower,12,44,30,0,86,0,4,50,3,57,12,48,80,3,143,12,0,12,155
08/05/2014,RAP,SD,AGL,WE,Federal Contract Tower,5,42,35,0,82,0,2,8,4,14,5,44,43,4,96,4,0,4,100
08/06/2014,RAP,SD,AGL,WE,Federal Contract Tower,8,39,35,0,82,0,7,28,7,42,8,46,63,7,124,12,0,12,136
08/07/2014,RAP,SD,AGL,WE,Federal Contract Tower,6,45,20,2,73,0,8,61,8,77,6,53,81,10,150,44,14,58,208
08/08/2014,RAP,SD,AGL,WE,Federal Contract Tower,14,39,25,5,83,0,0,11,12,23,14,39,36,17,106,0,0,0,106
08/09/2014,RAP,SD,AGL,WE,Federal Contract Tower,12,42,17,0,71,0,4,21,10,35,12,46,38,10,106,10,0,10,116
08/10/2014,RAP,SD,AGL,WE,Federal Contract Tower,16,31,16,1,64,0,3,31,10,44,16,34,47,11,108,18,10,28,136
08/11/2014,RAP,SD,AGL,WE,Federal Contract Tower,9,43,28,2,82,0,5,37,0,42,9,48,65,2,124,68,0,68,192
08/12/2014,RAP,SD,AGL,WE,Federal Contract Tower,8,46,26,2,82,0,2,46,8,56,8,48,72,10,138,20,0,20,158
08/13/2014,RAP,SD,AGL,WE,Federal Contract Tower,8,45,20,0,73,0,1,23,14,38,8,46,43,14,111,26,18,44,155
08/14/2014,RAP,SD,AGL,WE,Federal Contract Tower,9,56,41,2,108,0,6,25,25,56,9,62,66,27,164,4,40,44,208
08/15/2014,RAP,SD,AGL,WE,Federal Contract Tower,7,61,33,2,103,0,3,47,11,61,7,64,80,13,164,44,0,44,208
08/16/2014,RAP,SD,AGL,WE,Federal Contract Tower,10,40,18,0,68,0,1,36,4,41,10,41,54,4,109,26,10,36,145
08/17/2014,RAP,SD,AGL,WE,Federal Contract Tower,7,41,25,2,75,0,2,20,2,24,7,43,45,4,99,0,10,10,109
08/18/2014,RAP,SD,AGL,WE,Federal Contract Tower,11,40,24,1,76,0,2,40,5,47,11,42,64,6,123,12,0,12,135
08/19/2014,RAP,SD,AGL,WE,Federal Contract Tower,14,34,31,0,79,0,3,33,10,46,14,37,64,10,125,64,12,76,201
08/20/2014,RAP,SD,AGL,WE,Federal Contract Tower,11,32,21,1,65,0,2,28,14,44,11,34,49,15,109,14,22,36,145
08/21/2014,RAP,SD,AGL,WE,Federal Contract Tower,16,37,30,2,85,0,1,31,20,52,16,38,61,22,137,36,10,46,183
08/22/2014,RAP,SD,AGL,WE,Federal Contract Tower,13,38,22,0,73,0,1,22,1,24,13,39,44,1,97,6,0,6,103
08/23/2014,RAP,SD,AGL,WE,Federal Contract Tower,9,33,18,2,62,0,2,20,1,23,9,35,38,3,85,12,14,26,111
08/24/2014,RAP,SD,AGL,WE,Federal Contract Tower,16,30,11,1,58,0,4,17,1,22,16,34,28,2,80,2,0,2,82
08/25/2014,RAP,SD,AGL,WE,Federal Contract Tower,13,32,24,0,69,0,0,38,4,42,13,32,62,4,111,40,0,40,151
08/26/2014,RAP,SD,AGL,WE,Federal Contract Tower,12,34,27,1,74,0,0,20,8,28,12,34,47,9,102,40,4,44,146
08/27/2014,RAP,SD,AGL,WE,Federal Contract Tower,11,38,53,3,105,0,0,18,12,30,11,38,71,15,135,8,10,18,153
08/28/2014,RAP,SD,AGL,WE,Federal Contract Tower,11,40,31,6,88,0,2,27,18,47,11,42,58,24,135,54,4,58,193
08/29/2014,RAP,SD,AGL,WE,Federal Contract Tower,12,48,19,0,79,0,2,31,1,34,12,50,50,1,113,22,0,22,135
08/30/2014,RAP,SD,AGL,WE,Federal Contract Tower,5,35,10,0,50,0,5,21,2,28,5,40,31,2,78,24,4,28,106
08/31/2014,RAP,SD,AGL,WE,Federal Contract Tower,4,32,11,0,47,0,0,4,0,4,4,32,15,0,51,0,0,0,51
09/01/2014,RAP,SD,AGL,WE,Federal Contract Tower,13,28,6,0,47,0,1,26,4,31,13,29,32,4,78,28,0,28,106
09/02/2014,RAP,SD,AGL,WE,Federal Contract Tower,11,36,24,0,71,0,2,25,0,27,11,38,49,0,98,44,0,44,142
09/03/2014,RAP,SD,AGL,WE,Federal Contract Tower,9,36,22,2,69,0,8,44,1,53,9,44,66,3,122,46,0,46,168
09/04/2014,RAP,SD,AGL,WE,Federal Contract Tower,12,35,34,1,82,0,1,22,16,39,12,36,56,17,121,22,8,30,151
09/05/2014,RAP,SD,AGL,WE,Federal Contract Tower,13,39,23,0,75,0,1,33,10,44,13,40,56,10,119,108,4,112,231
09/06/2014,RAP,SD,AGL,WE,Federal Contract Tower,9,29,11,0,49,0,2,48,7,57,9,31,59,7,106,86,0,86,192
09/07/2014,RAP,SD,AGL,WE,Federal Contract Tower,11,27,23,2,63,0,2,21,3,26,11,29,44,5,89,42,0,42,131
09/08/2014,RAP,SD,AGL,WE,Federal Contract Tower,14,31,16,0,61,0,1,36,0,37,14,32,52,0,98,76,0,76,174
09/09/2014,RAP,SD,AGL,WE,Federal Contract Tower,13,38,39,2,92,0,1,4,2,7,13,39,43,4,99,10,0,10,109
09/10/2014,RAP,SD,AGL,WE,Federal Contract Tower,12,27,32,2,73,0,0,2,1,3,12,27,34,3,76,0,0,0,76
09/11/2014,RAP,SD,AGL,WE,Federal Contract Tower,11,30,23,2,66,0,0,1,0,1,11,30,24,2,67,0,0,0,67
09/12/2014,RAP,SD,AGL,WE,Federal Contract Tower,13,34,22,3,72,0,3,28,19,50,13,37,50,22,122,22,2,24,146
09/13/2014,RAP,SD,AGL,WE,Federal Contract Tower,12,28,16,0,56,0,5,34,4,43,12,33,50,4,99,68,0,68,167
09/14/2014,RAP,SD,AGL,WE,Federal Contract Tower,11,30,7,0,48,0,0,33,3,36,11,30,40,3,84,22,10,32,116
09/15/2014,RAP,SD,AGL,WE,Federal Contract Tower,14,32,26,0,72,0,1,31,0,32,14,33,57,0,104,32,0,32,136
09/16/2014,RAP,SD,AGL,WE,Federal Contract Tower,11,31,19,0,61,0,0,40,5,45,11,31,59,5,106,39,0,39,145
09/17/2014,RAP,SD,AGL,WE,Federal Contract Tower,11,32,34,2,79,0,1,40,14,55,11,33,74,16,134,46,16,62,196
09/18/2014,RAP,SD,AGL,WE,Federal Contract Tower,13,33,25,0,71,0,2,31,31,64,13,35,56,31,135,14,6,20,155
09/19/2014,RAP,SD,AGL,WE,Federal Contract Tower,12,41,23,2,78,0,1,31,1,33,12,42,54,3,111,16,0,16,127
09/20/2014,RAP,SD,AGL,WE,Federal Contract Tower,12,24,6,2,44,0,6,27,0,33,12,30,33,2,77,20,0,20,97
09/21/2014,RAP,SD,AGL,WE,Federal Contract Tower,9,21,14,1,45,0,3,34,0,37,9,24,48,1,82,8,0,8,90
09/22/2014,RAP,SD,AGL,WE,Federal Contract Tower,18,21,21,3,63,0,2,21,0,23,18,23,42,3,86,24,0,24,110
09/23/2014,RAP,SD,AGL,WE,Federal Contract Tower,14,26,14,2,56,0,1,24,1,26,14,27,38,3,82,10,0,10,92
09/24/2014,RAP,SD,AGL,WE,Federal Contract Tower,15,20,30,2,67,0,1,31,5,37,15,21,61,7,104,50,0,50,154
09/25/2014,RAP,SD,AGL,WE,Federal Contract Tower,15,31,39,0,85,0,2,35,4,41,15,33,74,4,126,32,0,32,158
09/26/2014,RAP,SD,AGL,WE,Federal Contract Tower,16,29,35,4,84,0,4,39,3,46,16,33,74,7,130,32,0,32,162
09/27/2014,RAP,SD,AGL,WE,Federal Contract Tower,12,22,20,0,54,0,1,36,22,59,12,23,56,22,113,8,18,26,139
09/28/2014,RAP,SD,AGL,WE,Federal Contract Tower,9,25,21,3,58,0,0,3,0,3,9,25,24,3,61,0,0,0,61
09/29/2014,RAP,SD,AGL,WE,Federal Contract Tower,16,18,14,0,48,0,0,0,0,0,16,18,14,0,48,10,0,10,58
09/30/2014,RAP,SD,AGL,WE,Federal Contract Tower,13,35,41,3,92,0,0,8,3,11,13,35,49,6,103,0,0,0,103
10/01/2014,RAP,SD,AGL,WE,Federal Contract Tower,14,35,29,1,79,0,2,22,3,27,14,37,51,4,106,12,4,16,122
10/02/2014,RAP,SD,AGL,WE,Federal Contract Tower,13,26,30,1,70,0,3,26,20,49,13,29,56,21,119,10,24,34,153
10/03/2014,RAP,SD,AGL,WE,Federal Contract Tower,17,32,24,0,73,0,1,4,30,35,17,33,28,30,108,0,22,22,130
10/04/2014,RAP,SD,AGL,WE,Federal Contract Tower,10,19,6,1,36,0,3,17,16,36,10,22,23,17,72,18,0,18,90
10/05/2014,RAP,SD,AGL,WE,Federal Contract Tower,11,28,8,0,47,0,0,4,2,6,11,28,12,2,53,0,0,0,53
10/06/2014,RAP,SD,AGL,WE,Federal Contract Tower,15,21,27,0,63,0,1,21,0,22,15,22,48,0,85,0,0,0,85
10/07/2014,RAP,SD,AGL,WE,Federal Contract Tower,13,34,23,3,73,0,1,19,3,23,13,35,42,6,96,12,2,14,110
10/08/2014,RAP,SD,AGL,WE,Federal Contract Tower,11,36,28,2,77,0,3,34,16,53,11,39,62,18,130,12,10,22,152
10/09/2014,RAP,SD,AGL,WE,Federal Contract Tower,16,26,19,2,63,0,0,32,29,61,16,26,51,31,124,18,20,38,162
10/10/2014,RAP,SD,AGL,WE,Federal Contract Tower,18,26,27,4,75,0,1,25,0,26,18,27,52,4,101,20,0,20,121
10/11/2014,RAP,SD,AGL,WE,Federal Contract Tower,12,22,11,3,48,0,0,21,2,23,12,22,32,5,71,0,0,0,71
10/12/2014,RAP,SD,AGL,WE,Federal Contract Tower,12,23,7,0,42,0,0,0,0,0,12,23,7,0,42,0,0,0,42
10/13/2014,RAP,SD,AGL,WE,Federal Contract Tower,19,16,20,0,55,0,1,26,0,27,19,17,46,0,82,28,0,28,110
10/14/2014,RAP,SD,AGL,WE,Federal Contract Tower,15,30,26,3,74,0,1,29,4,34,15,31,55,7,108,24,0,24,132
10/15/2014,RAP,SD,AGL,WE,Federal Contract Tower,13,28,28,2,71,0,0,40,0,40,13,28,68,2,111,30,0,30,141
10/16/2014,RAP,SD,AGL,WE,Federal Contract Tower,16,23,22,2,63,0,1,33,17,51,16,24,55,19,114,74,0,74,188
10/17/2014,RAP,SD,AGL,WE,Federal Contract Tower,17,37,21,5,80,0,4,45,13,62,17,41,66,18,142,100,0,100,242
10/18/2014,RAP,SD,AGL,WE,Federal Contract Tower,10,22,3,0,35,0,2,38,19,59,10,24,41,19,94,64,4,68,162
10/19/2014,RAP,SD,AGL,WE,Federal Contract Tower,12,25,17,6,60,0,0,23,12,35,12,25,40,18,95,0,36,36,131
10/20/2014,RAP,SD,AGL,WE,Federal Contract Tower,15,24,26,1,66,0,3,28,1,32,15,27,54,2,98,16,0,16,114
10/21/2014,RAP,SD,AGL,WE,Federal Contract Tower,14,24,10,0,48,0,1,21,2,24,14,25,31,2,72,16,0,16,88
10/22/2014,RAP,SD,AGL,WE,Federal Contract Tower,14,26,22,2,64,0,1,20,23,44,14,27,42,25,108,16,42,58,166
10/23/2014,RAP,SD,AGL,WE,Federal Contract Tower,17,29,24,2,72,0,0,40,15,55,17,29,64,17,127,104,4,108,235
10/24/2014,RAP,SD,AGL,WE,Federal Contract Tower,16,29,29,0,74,0,2,49,3,54,16,31,78,3,128,48,2,50,178
10/25/2014,RAP,SD,AGL,WE,Federal Contract Tower,10,23,4,0,37,0,1,43,1,45,10,24,47,1,82,24,0,24,106
10/26/2014,RAP,SD,AGL,WE,Federal Contract Tower,14,18,15,0,47,0,2,20,2,24,14,20,35,2,71,6,0,6,77
10/27/2014,RAP,SD,AGL,WE,Federal Contract Tower,13,25,24,2,64,0,1,10,0,11,13,26,34,2,75,42,2,44,119
10/28/2014,RAP,SD,AGL,WE,Federal Contract Tower,12,21,14,1,48,0,5,29,2,36,12,26,43,3,84,60,4,64,148
10/29/2014,RAP,SD,AGL,WE,Federal Contract Tower,12,24,31,1,68,0,0,27,18,45,12,24,58,19,113,48,2,50,163
10/30/2014,RAP,SD,AGL,WE,Federal Contract Tower,14,21,21,1,57,0,1,17,6,24,14,22,38,7,81,24,2,26,107
10/31/2014,RAP,SD,AGL,WE,Federal Contract Tower,11,28,21,2,62,0,0,11,0,11,11,28,32,2,73,0,0,0,73
11/01/2014,RAP,SD,AGL,WE,Federal Contract Tower,7,19,5,5,36,0,1,10,8,19,7,20,15,13,55,10,16,26,81
11/02/2014,RAP,SD,AGL,WE,Federal Contract Tower,14,17,8,0,39,0,0,9,2,11,14,17,17,2,50,12,0,12,62
11/03/2014,RAP,SD,AGL,WE,Federal Contract Tower,13,22,26,0,61,0,0,5,0,5,13,22,31,0,66,0,0,0,66
11/04/2014,RAP,SD,AGL,WE,Federal Contract Tower,14,20,27,3,64,0,1,16,4,21,14,21,43,7,85,0,8,8,93
11/05/2014,RAP,SD,AGL,WE,Federal Contract Tower,12,25,19,0,56,0,0,5,10,15,12,25,24,10,71,0,8,8,79
11/06/2014,RAP,SD,AGL,WE,Federal Contract Tower,12,30,24,2,68,0,2,22,8,32,12,32,46,10,100,8,0,8,108
11/07/2014,RAP,SD,AGL,WE,Federal Contract Tower,15,38,15,0,68,0,0,9,0,9,15,38,24,0,77,12,0,12,89
11/08/2014,RAP,SD,AGL,WE,Federal Contract Tower,9,16,12,0,37,0,2,37,0,39,9,18,49,0,76,16,0,16,92
11/09/2014,RAP,SD,AGL,WE,Federal Contract Tower,13,17,15,0,45,0,0,22,0,22,13,17,37,0,67,30,0,30,97
11/10/2014,RAP,SD,AGL,WE,Federal Contract Tower,0,0,0,0,0,0,0,0,0,0,0,0,0,0,0,0,0,0,0
11/11/2014,RAP,SD,AGL,WE,Federal Contract Tower,11,28,26,0,65,0,0,0,0,0,11,28,26,0,65,0,0,0,65
11/12/2014,RAP,SD,AGL,WE,Federal Contract Tower,10,23,17,0,50,0,0,8,0,8,10,23,25,0,58,0,0,0,58
11/13/2014,RAP,SD,AGL,WE,Federal Contract Tower,12,25,28,0,65,0,10,6,4,20,12,35,34,4,85,0,0,0,85
11/14/2014,RAP,SD,AGL,WE,Federal Contract Tower,9,30,20,0,59,0,5,13,15,33,9,35,33,15,92,40,8,48,140
11/15/2014,RAP,SD,AGL,WE,Federal Contract Tower,10,19,6,0,35,0,0,0,0,0,10,19,6,0,35,0,0,0,35
11/16/2014,RAP,SD,AGL,WE,Federal Contract Tower,7,17,4,2,30,0,0,0,8,8,7,17,4,10,38,0,8,8,46
11/17/2014,RAP,SD,AGL,WE,Federal Contract Tower,15,29,23,4,71,0,0,3,0,3,15,29,26,4,74,0,0,0,74
11/18/2014,RAP,SD,AGL,WE,Federal Contract Tower,10,30,28,4,72,0,0,20,4,24,10,30,48,8,96,28,0,28,124
11/19/2014,RAP,SD,AGL,WE,Federal Contract Tower,10,26,28,4,68,0,2,17,8,27,10,28,45,12,95,10,14,24,119
11/20/2014,RAP,SD,AGL,WE,Federal Contract Tower,10,23,33,3,69,0,0,20,11,31,10,23,53,14,100,16,24,40,140
11/21/2014,RAP,SD,AGL,WE,Federal Contract Tower,18,27,15,3,63,0,0,35,3,38,18,27,50,6,101,70,0,70,171
11/22/2014,RAP,SD,AGL,WE,Federal Contract Tower,11,14,12,0,37,0,1,29,3,33,11,15,41,3,70,34,0,34,104
11/23/2014,RAP,SD,AGL,WE,Federal Contract Tower,8,17,13,0,38,0,1,5,0,6,8,18,18,0,44,0,0,0,44
11/24/2014,RAP,SD,AGL,WE,Federal Contract Tower,7,19,13,0,39,0,1,7,1,9,7,20,20,1,48,2,0,2,50
11/25/2014,RAP,SD,AGL,WE,Federal Contract Tower,12,28,18,0,58,0,0,10,0,10,12,28,28,0,68,0,0,0,68
11/26/2014,RAP,SD,AGL,WE,Federal Contract Tower,15,33,15,0,63,0,0,2,0,2,15,33,17,0,65,0,0,0,65
11/27/2014,RAP,SD,AGL,WE,Federal Contract Tower,6,9,5,0,20,0,2,3,0,5,6,11,8,0,25,0,0,0,25
11/28/2014,RAP,SD,AGL,WE,Federal Contract Tower,10,18,8,0,36,0,1,42,0,43,10,19,50,0,79,54,4,58,137
11/29/2014,RAP,SD,AGL,WE,Federal Contract Tower,12,18,5,0,35,0,0,0,0,0,12,18,5,0,35,0,0,0,35
11/30/2014,RAP,SD,AGL,WE,Federal Contract Tower,10,20,14,0,44,0,1,18,0,19,10,21,32,0,63,18,0,18,81
12/01/2014,RAP,SD,AGL,WE,Federal Contract Tower,15,25,27,0,67,0,0,5,0,5,15,25,32,0,72,0,0,0,72
12/02/2014,RAP,SD,AGL,WE,Federal Contract Tower,11,28,25,4,68,0,0,9,6,15,11,28,34,10,83,6,0,6,89
12/03/2014,RAP,SD,AGL,WE,Federal Contract Tower,6,31,23,2,62,0,1,15,8,24,6,32,38,10,86,0,0,0,86
12/04/2014,RAP,SD,AGL,WE,Federal Contract Tower,8,32,23,0,63,0,0,46,10,56,8,32,69,10,119,14,2,16,135
12/05/2014,RAP,SD,AGL,WE,Federal Contract Tower,7,28,18,0,53,0,1,22,10,33,7,29,40,10,86,10,0,10,96
12/06/2014,RAP,SD,AGL,WE,Federal Contract Tower,6,20,5,1,32,0,0,19,0,19,6,20,24,1,51,20,0,20,71
12/07/2014,RAP,SD,AGL,WE,Federal Contract Tower,9,21,10,1,41,0,1,5,0,6,9,22,15,1,47,2,0,2,49
12/08/2014,RAP,SD,AGL,WE,Federal Contract Tower,10,22,18,1,51,0,1,16,1,18,10,23,34,2,69,10,0,10,79
12/09/2014,RAP,SD,AGL,WE,Federal Contract Tower,4,27,11,0,42,0,0,32,2,34,4,27,43,2,76,50,0,50,126
12/10/2014,RAP,SD,AGL,WE,Federal Contract Tower,5,25,20,4,54,0,2,38,8,48,5,27,58,12,102,16,0,16,118
12/11/2014,RAP,SD,AGL,WE,Federal Contract Tower,10,24,32,3,69,0,1,47,11,59,10,25,79,14,128,16,22,38,166
12/12/2014,RAP,SD,AGL,WE,Federal Contract Tower,8,30,23,1,62,0,0,25,2,27,8,30,48,3,89,16,0,16,105
12/13/2014,RAP,SD,AGL,WE,Federal Contract Tower,6,19,12,2,39,0,1,30,16,47,6,20,42,18,86,46,16,62,148
12/14/2014,RAP,SD,AGL,WE,Federal Contract Tower,8,23,20,1,52,0,0,5,0,5,8,23,25,1,57,2,0,2,59
12/15/2014,RAP,SD,AGL,WE,Federal Contract Tower,11,17,46,1,75,0,0,1,0,1,11,17,47,1,76,2,0,2,78
12/16/2014,RAP,SD,AGL,WE,Federal Contract Tower,7,29,25,0,61,0,0,0,3,3,7,29,25,3,64,0,6,6,70
12/17/2014,RAP,SD,AGL,WE,Federal Contract Tower,7,28,28,1,64,0,0,0,0,0,7,28,28,1,64,0,0,0,64
12/18/2014,RAP,SD,AGL,WE,Federal Contract Tower,6,28,29,2,65,0,1,15,8,24,6,29,44,10,89,4,16,20,109
12/19/2014,RAP,SD,AGL,WE,Federal Contract Tower,8,33,23,10,74,0,0,34,19,53,8,33,57,29,127,36,24,60,187
12/20/2014,RAP,SD,AGL,WE,Federal Contract Tower,10,31,13,0,54,0,1,27,0,28,10,32,40,0,82,50,0,50,132
12/21/2014,RAP,SD,AGL,WE,Federal Contract Tower,4,31,9,0,44,0,3,30,0,33,4,34,39,0,77,40,0,40,117
12/22/2014,RAP,SD,AGL,WE,Federal Contract Tower,9,34,10,0,53,0,0,0,0,0,9,34,10,0,53,0,0,0,53
12/23/2014,RAP,SD,AGL,WE,Federal Contract Tower,5,46,9,0,60,0,2,3,0,5,5,48,12,0,65,0,0,0,65
12/24/2014,RAP,SD,AGL,WE,Federal Contract Tower,8,24,7,0,39,0,0,7,3,10,8,24,14,3,49,14,18,32,81
12/25/2014,RAP,SD,AGL,WE,Federal Contract Tower,2,11,0,0,13,0,0,0,0,0,2,11,0,0,13,0,0,0,13
12/26/2014,RAP,SD,AGL,WE,Federal Contract Tower,7,41,4,0,52,0,0,0,0,0,7,41,4,0,52,0,0,0,52
12/27/2014,RAP,SD,AGL,WE,Federal Contract Tower,5,26,8,0,39,0,1,19,1,21,5,27,27,1,60,16,0,16,76
12/29/2014,RAP,SD,AGL,WE,Federal Contract Tower,8,35,14,0,57,0,0,0,0,0,8,35,14,0,57,0,0,0,57
12/30/2014,RAP,SD,AGL,WE,Federal Contract Tower,7,33,7,0,47,0,2,6,4,12,7,35,13,4,59,0,0,0,59
01/01/2015,RAP,SD,AGL,WE,Federal Contract Tower,4,22,3,0,29,0,2,7,9,18,4,24,10,9,47,16,18,34,81
01/02/2015,RAP,SD,AGL,WE,Federal Contract Tower,9,33,12,0,54,0,0,19,4,23,9,33,31,4,77,18,0,18,95
01/03/2015,RAP,SD,AGL,WE,Federal Contract Tower,2,27,0,0,29,0,2,1,0,3,2,29,1,0,32,0,0,0,32
01/04/2015,RAP,SD,AGL,WE,Federal Contract Tower,5,30,6,0,41,0,0,1,0,1,5,30,7,0,42,0,0,0,42
01/05/2015,RAP,SD,AGL,WE,Federal Contract Tower,9,31,18,3,61,0,0,3,0,3,9,31,21,3,64,6,0,6,70
01/06/2015,RAP,SD,AGL,WE,Federal Contract Tower,10,29,19,0,58,0,0,0,0,0,10,29,19,0,58,0,0,0,58
01/07/2015,RAP,SD,AGL,WE,Federal Contract Tower,9,26,31,0,66,0,0,21,6,27,9,26,52,6,93,14,6,20,113
01/08/2015,RAP,SD,AGL,WE,Federal Contract Tower,5,23,21,0,49,0,0,1,0,1,5,23,22,0,50,0,0,0,50
01/09/2015,RAP,SD,AGL,WE,Federal Contract Tower,9,34,13,0,56,0,1,12,14,27,9,35,25,14,83,10,16,26,109
01/10/2015,RAP,SD,AGL,WE,Federal Contract Tower,6,24,9,3,42,0,4,19,19,42,6,28,28,22,84,16,14,30,114
01/11/2015,RAP,SD,AGL,WE,Federal Contract Tower,11,22,14,2,49,0,1,2,9,12,11,23,16,11,61,0,2,2,63
01/12/2015,RAP,SD,AGL,WE,Federal Contract Tower,10,21,21,2,54,0,1,1,0,2,10,22,22,2,56,0,0,0,56
01/13/2015,RAP,SD,AGL,WE,Federal Contract Tower,7,26,17,0,50,0,0,14,0,14,7,26,31,0,64,0,0,0,64
01/14/2015,RAP,SD,AGL,WE,Federal Contract Tower,9,18,25,2,54,0,1,20,8,29,9,19,45,10,83,2,2,4,87
01/15/2015,RAP,SD,AGL,WE,Federal Contract Tower,9,26,30,1,66,0,1,32,4,37,9,27,62,5,103,54,0,54,157
01/16/2015,RAP,SD,AGL,WE,Federal Contract Tower,9,27,18,1,55,0,1,26,7,34,9,28,44,8,89,42,0,42,131
01/17/2015,RAP,SD,AGL,WE,Federal Contract Tower,6,23,6,0,35,0,0,4,0,4,6,23,10,0,39,0,0,0,39
01/18/2015,RAP,SD,AGL,WE,Federal Contract Tower,9,15,8,0,32,0,3,18,0,21,9,18,26,0,53,22,0,22,75
01/19/2015,RAP,SD,AGL,WE,Federal Contract Tower,7,26,29,0,62,0,2,15,2,19,7,28,44,2,81,0,0,0,81
01/20/2015,RAP,SD,AGL,WE,Federal Contract Tower,7,23,17,2,49,0,14,14,1,29,7,37,31,3,78,36,0,36,114
01/21/2015,RAP,SD,AGL,WE,Federal Contract Tower,8,25,26,3,62,0,1,10,4,15,8,26,36,7,77,12,0,12,89
01/22/2015,RAP,SD,AGL,WE,Federal Contract Tower,7,29,25,2,63,0,1,25,5,31,7,30,50,7,94,14,0,14,108
01/23/2015,RAP,SD,AGL,WE,Federal Contract Tower,7,29,20,2,58,0,1,18,2,21,7,30,38,4,79,12,0,12,91
01/24/2015,RAP,SD,AGL,WE,Federal Contract Tower,8,17,8,0,33,0,0,4,3,7,8,17,12,3,40,0,0,0,40
01/25/2015,RAP,SD,AGL,WE,Federal Contract Tower,10,22,6,0,38,0,2,20,3,25,10,24,26,3,63,12,0,12,75
01/26/2015,RAP,SD,AGL,WE,Federal Contract Tower,7,18,25,1,51,0,1,23,1,25,7,19,48,2,76,34,0,34,110
01/27/2015,RAP,SD,AGL,WE,Federal Contract Tower,6,27,14,5,52,0,1,28,3,32,6,28,42,8,84,52,0,52,136
01/28/2015,RAP,SD,AGL,WE,Federal Contract Tower,6,26,21,1,54,0,0,5,5,10,6,26,26,6,64,0,2,2,66
01/29/2015,RAP,SD,AGL,WE,Federal Contract Tower,7,26,11,0,44,0,2,28,9,39,7,28,39,9,83,24,0,24,107
01/30/2015,RAP,SD,AGL,WE,Federal Contract Tower,7,27,21,0,55,0,0,10,4,14,7,27,31,4,69,0,0,0,69
01/31/2015,RAP,SD,AGL,WE,Federal Contract Tower,3,18,2,2,25,0,0,2,6,8,3,18,4,8,33,0,0,0,33
02/01/2015,RAP,SD,AGL,WE,Federal Contract Tower,7,28,4,0,39,0,1,10,0,11,7,29,14,0,50,0,0,0,50
02/02/2015,RAP,SD,AGL,WE,Federal Contract Tower,7,21,24,2,54,0,1,6,0,7,7,22,30,2,61,0,0,0,61
02/03/2015,RAP,SD,AGL,WE,Federal Contract Tower,8,28,20,0,56,0,1,3,2,6,8,29,23,2,62,0,6,6,68
02/04/2015,RAP,SD,AGL,WE,Federal Contract Tower,6,24,20,3,53,0,2,18,0,20,6,26,38,3,73,0,0,0,73
02/05/2015,RAP,SD,AGL,WE,Federal Contract Tower,7,29,22,0,58,0,0,11,13,24,7,29,33,13,82,14,8,22,104
02/06/2015,RAP,SD,AGL,WE,Federal Contract Tower,6,37,18,0,61,0,1,16,8,25,6,38,34,8,86,22,12,34,120
02/07/2015,RAP,SD,AGL,WE,Federal Contract Tower,5,18,17,1,41,0,0,27,12,39,5,18,44,13,80,4,0,4,84
02/08/2015,RAP,SD,AGL,WE,Federal Contract Tower,8,24,11,0,43,0,1,8,0,9,8,25,19,0,52,2,0,2,54
02/09/2015,RAP,SD,AGL,WE,Federal Contract Tower,7,31,30,8,76,0,1,13,0,14,7,32,43,8,90,44,0,44,134
02/10/2015,RAP,SD,AGL,WE,Federal Contract Tower,7,37,25,1,70,0,2,5,0,7,7,39,30,1,77,0,0,0,77
02/11/2015,RAP,SD,AGL,WE,Federal Contract Tower,8,21,28,1,58,0,0,5,8,13,8,21,33,9,71,0,12,12,83
02/12/2015,RAP,SD,AGL,WE,Federal Contract Tower,9,27,13,4,53,0,1,19,17,37,9,28,32,21,90,4,6,10,100
02/13/2015,RAP,SD,AGL,WE,Federal Contract Tower,9,33,22,0,64,0,3,35,6,44,9,36,57,6,108,14,0,14,122
02/14/2015,RAP,SD,AGL,WE,Federal Contract Tower,4,24,5,1,34,0,0,0,0,0,4,24,5,1,34,0,0,0,34
02/15/2015,RAP,SD,AGL,WE,Federal Contract Tower,8,14,15,0,37,0,2,11,2,15,8,16,26,2,52,0,0,0,52
02/16/2015,RAP,SD,AGL,WE,Federal Contract Tower,11,26,21,2,60,0,0,1,0,1,11,26,22,2,61,0,0,0,61
02/17/2015,RAP,SD,AGL,WE,Federal Contract Tower,4,30,18,0,52,0,0,5,0,5,4,30,23,0,57,0,0,0,57
02/18/2015,RAP,SD,AGL,WE,Federal Contract Tower,11,31,28,2,72,0,0,27,8,35,11,31,55,10,107,0,2,2,109
02/19/2015,RAP,SD,AGL,WE,Federal Contract Tower,6,28,25,0,59,0,0,27,10,37,6,28,52,10,96,20,0,20,116
02/20/2015,RAP,SD,AGL,WE,Federal Contract Tower,9,46,25,0,80,0,0,13,4,17,9,46,38,4,97,4,0,4,101
02/21/2015,RAP,SD,AGL,WE,Federal Contract Tower,7,15,1,0,23,0,0,0,0,0,7,15,1,0,23,0,0,0,23
02/22/2015,RAP,SD,AGL,WE,Federal Contract Tower,5,14,6,0,25,0,1,12,0,13,5,15,18,0,38,0,0,0,38
02/23/2015,RAP,SD,AGL,WE,Federal Contract Tower,9,17,26,3,55,0,0,20,0,20,9,17,46,3,75,10,0,10,85
02/24/2015,RAP,SD,AGL,WE,Federal Contract Tower,2,33,15,2,52,0,2,26,10,38,2,35,41,12,90,6,6,12,102
02/25/2015,RAP,SD,AGL,WE,Federal Contract Tower,6,31,12,0,49,0,0,0,0,0,6,31,12,0,49,0,0,0,49
02/26/2015,RAP,SD,AGL,WE,Federal Contract Tower,5,31,24,3,63,0,2,16,18,36,5,33,40,21,99,18,0,18,117
02/27/2015,RAP,SD,AGL,WE,Federal Contract Tower,8,29,12,1,50,0,3,26,13,42,8,32,38,14,92,12,8,20,112
02/28/2015,RAP,SD,AGL,WE,Federal Contract Tower,5,20,7,1,33,0,1,14,0,15,5,21,21,1,48,12,0,12,60
03/01/2015,RAP,SD,AGL,WE,Federal Contract Tower,4,21,8,0,33,0,1,10,0,11,4,22,18,0,44,18,0,18,62
03/02/2015,RAP,SD,AGL,WE,Federal Contract Tower,10,19,27,0,56,0,2,15,0,17,10,21,42,0,73,0,0,0,73
03/03/2015,RAP,SD,AGL,WE,Federal Contract Tower,2,33,13,0,48,0,0,3,0,3,2,33,16,0,51,0,0,0,51
03/04/2015,RAP,SD,AGL,WE,Federal Contract Tower,6,33,25,0,64,0,2,29,4,35,6,35,54,4,99,34,0,34,133
03/05/2015,RAP,SD,AGL,WE,Federal Contract Tower,4,22,9,0,35,0,2,29,14,45,4,24,38,14,80,34,16,50,130
03/06/2015,RAP,SD,AGL,WE,Federal Contract Tower,7,23,13,0,43,0,3,35,16,54,7,26,48,16,97,34,20,54,151
03/07/2015,RAP,SD,AGL,WE,Federal Contract Tower,5,16,6,0,27,0,0,42,8,50,5,16,48,8,77,18,6,24,101
03/08/2015,RAP,SD,AGL,WE,Federal Contract Tower,4,22,3,2,31,0,0,18,0,18,4,22,21,2,49,6,0,6,55
03/09/2015,RAP,SD,AGL,WE,Federal Contract Tower,9,25,26,1,61,0,2,13,0,15,9,27,39,1,76,0,0,0,76
03/10/2015,RAP,SD,AGL,WE,Federal Contract Tower,5,30,20,6,61,0,0,32,3,35,5,30,52,9,96,28,0,28,124
03/11/2015,RAP,SD,AGL,WE,Federal Contract Tower,6,29,22,2,59,0,6,33,10,49,6,35,55,12,108,20,12,32,140
03/12/2015,RAP,SD,AGL,WE,Federal Contract Tower,4,30,12,4,50,0,16,29,17,62,4,46,41,21,112,4,10,14,126
03/13/2015,RAP,SD,AGL,WE,Federal Contract Tower,8,26,21,1,56,0,1,37,8,46,8,27,58,9,102,34,2,36,138
03/14/2015,RAP,SD,AGL,WE,Federal Contract Tower,4,20,6,0,30,0,3,32,9,44,4,23,38,9,74,14,12,26,100
03/15/2015,RAP,SD,AGL,WE,Federal Contract Tower,4,20,7,1,32,0,2,28,0,30,4,22,35,1,62,16,0,16,78
03/16/2015,RAP,SD,AGL,WE,Federal Contract Tower,10,22,20,0,52,0,1,23,0,24,10,23,43,0,76,32,0,32,108
03/17/2015,RAP,SD,AGL,WE,Federal Contract Tower,4,34,29,0,67,0,5,9,9,23,4,39,38,9,90,0,4,4,94
03/18/2015,RAP,SD,AGL,WE,Federal Contract Tower,6,30,35,2,73,0,2,28,15,45,6,32,63,17,118,42,0,42,160
03/19/2015,RAP,SD,AGL,WE,Federal Contract Tower,4,23,18,0,45,0,1,12,16,29,4,24,30,16,74,0,8,8,82
03/20/2015,RAP,SD,AGL,WE,Federal Contract Tower,8,26,27,0,61,0,0,32,6,38,8,26,59,6,99,52,0,52,151
03/21/2015,RAP,SD,AGL,WE,Federal Contract Tower,3,17,8,0,28,0,1,28,2,31,3,18,36,2,59,78,0,78,137
03/22/2015,RAP,SD,AGL,WE,Federal Contract Tower,4,21,5,0,30,0,1,14,0,15,4,22,19,0,45,12,0,12,57
03/23/2015,RAP,SD,AGL,WE,Federal Contract Tower,10,23,20,0,53,0,2,13,0,15,10,25,33,0,68,36,0,36,104
03/24/2015,RAP,SD,AGL,WE,Federal Contract Tower,4,31,20,2,57,0,1,10,6,17,4,32,30,8,74,6,0,6,80
03/25/2015,RAP,SD,AGL,WE,Federal Contract Tower,6,30,26,0,62,0,4,6,14,24,6,34,32,14,86,0,2,2,88
03/26/2015,RAP,SD,AGL,WE,Federal Contract Tower,4,24,14,1,43,0,0,11,9,20,4,24,25,10,63,14,10,24,87
03/27/2015,RAP,SD,AGL,WE,Federal Contract Tower,8,33,29,9,79,0,1,22,15,38,8,34,51,24,117,36,22,58,175
03/28/2015,RAP,SD,AGL,WE,Federal Contract Tower,4,16,6,2,28,0,1,28,3,32,4,17,34,5,60,90,0,90,150
03/29/2015,RAP,SD,AGL,WE,Federal Contract Tower,4,28,10,1,43,0,2,12,4,18,4,30,22,5,61,2,0,2,63
03/30/2015,RAP,SD,AGL,WE,Federal Contract Tower,10,24,14,0,48,0,0,10,2,12,10,24,24,2,60,4,0,4,64
03/31/2015,RAP,SD,AGL,WE,Federal Contract Tower,4,25,20,1,50,0,3,38,14,55,4,28,58,15,105,22,4,26,131
04/01/2015,RAP,SD,AGL,WE,Federal Contract Tower,4,24,21,2,51,0,2,9,12,23,4,26,30,14,74,12,0,12,86
04/02/2015,RAP,SD,AGL,WE,Federal Contract Tower,5,29,18,1,53,0,2,22,18,42,5,31,40,19,95,0,36,36,131
04/03/2015,RAP,SD,AGL,WE,Federal Contract Tower,9,33,7,0,49,0,2,30,6,38,9,35,37,6,87,76,0,76,163
04/04/2015,RAP,SD,AGL,WE,Federal Contract Tower,4,19,9,0,32,0,1,38,0,39,4,20,47,0,71,74,0,74,145
04/05/2015,RAP,SD,AGL,WE,Federal Contract Tower,4,22,6,0,32,0,0,16,0,16,4,22,22,0,48,6,0,6,54
04/06/2015,RAP,SD,AGL,WE,Federal Contract Tower,9,26,35,2,72,0,1,14,0,15,9,27,49,2,87,6,0,6,93
04/07/2015,RAP,SD,AGL,WE,Federal Contract Tower,7,24,11,2,44,0,3,9,8,20,7,27,20,10,64,26,6,32,96
04/08/2015,RAP,SD,AGL,WE,Federal Contract Tower,7,18,12,0,37,0,0,0,0,0,7,18,12,0,37,0,0,0,37
04/09/2015,RAP,SD,AGL,WE,Federal Contract Tower,5,29,13,2,49,0,0,9,11,20,5,29,22,13,69,0,6,6,75
04/10/2015,RAP,SD,AGL,WE,Federal Contract Tower,10,32,18,2,62,0,1,37,16,54,10,33,55,18,116,76,10,86,202
04/11/2015,RAP,SD,AGL,WE,Federal Contract Tower,3,25,9,0,37,0,3,27,17,47,3,28,36,17,84,30,6,36,120
04/12/2015,RAP,SD,AGL,WE,Federal Contract Tower,5,24,19,0,48,0,0,10,4,14,5,24,29,4,62,0,0,0,62
04/13/2015,RAP,SD,AGL,WE,Federal Contract Tower,9,25,24,0,58,0,9,31,5,45,9,34,55,5,103,36,0,36,139
04/14/2015,RAP,SD,AGL,WE,Federal Contract Tower,6,31,22,1,60,0,21,21,8,50,6,52,43,9,110,46,0,46,156
04/15/2015,RAP,SD,AGL,WE,Federal Contract Tower,6,25,30,0,61,0,7,6,16,29,6,32,36,16,90,0,4,4,94
04/16/2015,RAP,SD,AGL,WE,Federal Contract Tower,6,27,26,3,62,0,1,8,18,27,6,28,34,21,89,2,12,14,103
04/17/2015,RAP,SD,AGL,WE,Federal Contract Tower,10,34,9,2,55,0,1,22,8,31,10,35,31,10,86,50,10,60,146
04/18/2015,RAP,SD,AGL,WE,Federal Contract Tower,4,23,21,0,48,0,0,4,0,4,4,23,25,0,52,4,0,4,56
04/19/2015,RAP,SD,AGL,WE,Federal Contract Tower,8,19,8,1,36,0,1,16,0,17,8,20,24,1,53,8,0,8,61
04/20/2015,RAP,SD,AGL,WE,Federal Contract Tower,10,22,28,0,60,0,0,18,0,18,10,22,46,0,78,16,0,16,94
04/21/2015,RAP,SD,AGL,WE,Federal Contract Tower,8,28,17,1,54,0,1,32,7,40,8,29,49,8,94,36,2,38,132
04/22/2015,RAP,SD,AGL,WE,Federal Contract Tower,9,28,28,6,71,0,1,49,15,65,9,29,77,21,136,116,2,118,254
04/23/2015,RAP,SD,AGL,WE,Federal Contract Tower,7,26,17,0,50,0,0,23,11,34,7,26,40,11,84,8,6,14,98
04/24/2015,RAP,SD,AGL,WE,Federal Contract Tower,11,33,18,0,62,0,0,18,15,33,11,33,36,15,95,36,10,46,141
04/25/2015,RAP,SD,AGL,WE,Federal Contract Tower,3,27,9,0,39,0,0,1,0,1,3,27,10,0,40,0,0,0,40
04/26/2015,RAP,SD,AGL,WE,Federal Contract Tower,8,24,12,1,45,0,0,1,0,1,8,24,13,1,46,0,0,0,46
04/27/2015,RAP,SD,AGL,WE,Federal Contract Tower,11,30,25,5,71,0,1,9,0,10,11,31,34,5,81,0,0,0,81
04/28/2015,RAP,SD,AGL,WE,Federal Contract Tower,7,29,25,2,63,0,3,48,12,63,7,32,73,14,126,52,0,52,178
04/29/2015,RAP,SD,AGL,WE,Federal Contract Tower,9,31,25,4,69,0,1,31,16,48,9,32,56,20,117,66,0,66,183
04/30/2015,RAP,SD,AGL,WE,Federal Contract Tower,7,32,14,0,53,0,0,10,15,25,7,32,24,15,78,0,4,4,82
05/01/2015,RAP,SD,AGL,WE,Federal Contract Tower,13,33,20,2,68,0,2,41,10,53,13,35,61,12,121,76,0,76,197
05/02/2015,RAP,SD,AGL,WE,Federal Contract Tower,4,20,10,0,34,0,2,42,11,55,4,22,52,11,89,72,0,72,161
05/03/2015,RAP,SD,AGL,WE,Federal Contract Tower,8,19,7,0,34,0,0,24,2,26,8,19,31,2,60,10,0,10,70
05/04/2015,RAP,SD,AGL,WE,Federal Contract Tower,12,25,22,2,61,0,1,20,0,21,12,26,42,2,82,26,0,26,108
05/05/2015,RAP,SD,AGL,WE,Federal Contract Tower,8,27,11,2,48,0,0,8,1,9,8,27,19,3,57,20,0,20,77
05/06/2015,RAP,SD,AGL,WE,Federal Contract Tower,8,39,24,1,72,0,0,2,2,4,8,39,26,3,76,0,0,0,76
05/07/2015,RAP,SD,AGL,WE,Federal Contract Tower,9,35,32,0,76,0,1,11,1,13,9,36,43,1,89,0,0,0,89
05/08/2015,RAP,SD,AGL,WE,Federal Contract Tower,13,37,14,0,64,0,4,23,10,37,13,41,37,10,101,42,0,42,143
05/09/2015,RAP,SD,AGL,WE,Federal Contract Tower,3,16,1,0,20,0,0,0,0,0,3,16,1,0,20,0,0,0,20
05/10/2015,RAP,SD,AGL,WE,Federal Contract Tower,4,6,0,0,10,0,0,0,0,0,4,6,0,0,10,0,0,0,10
05/11/2015,RAP,SD,AGL,WE,Federal Contract Tower,14,28,23,2,67,0,2,20,1,23,14,30,43,3,90,28,4,32,122
05/12/2015,RAP,SD,AGL,WE,Federal Contract Tower,8,29,22,1,60,0,3,23,4,30,8,32,45,5,90,18,6,24,114
05/13/2015,RAP,SD,AGL,WE,Federal Contract Tower,6,31,31,0,68,0,2,16,2,20,6,33,47,2,88,44,4,48,136
05/14/2015,RAP,SD,AGL,WE,Federal Contract Tower,9,35,31,0,75,0,0,6,20,26,9,35,37,20,101,6,32,38,139
05/15/2015,RAP,SD,AGL,WE,Federal Contract Tower,10,27,22,6,65,0,0,0,0,0,10,27,22,6,65,0,0,0,65
05/16/2015,RAP,SD,AGL,WE,Federal Contract Tower,6,26,10,0,42,0,0,9,14,23,6,26,19,14,65,0,0,0,65
05/17/2015,RAP,SD,AGL,WE,Federal Contract Tower,6,25,14,0,45,0,0,1,0,1,6,25,15,0,46,0,0,0,46
05/18/2015,RAP,SD,AGL,WE,Federal Contract Tower,13,27,45,0,85,0,1,19,3,23,13,28,64,3,108,22,0,22,130
05/19/2015,RAP,SD,AGL,WE,Federal Contract Tower,8,27,18,0,53,0,1,8,4,13,8,28,26,4,66,0,0,0,66
05/20/2015,RAP,SD,AGL,WE,Federal Contract Tower,11,30,24,0,65,0,1,21,16,38,11,31,45,16,103,0,0,0,103
05/21/2015,RAP,SD,AGL,WE,Federal Contract Tower,9,37,27,1,74,0,2,60,20,82,9,39,87,21,156,54,10,64,220
05/22/2015,RAP,SD,AGL,WE,Federal Contract Tower,12,31,27,2,72,0,4,24,11,39,12,35,51,13,111,10,0,10,121
05/23/2015,RAP,SD,AGL,WE,Federal Contract Tower,2,39,21,0,62,0,3,17,7,27,2,42,38,7,89,0,0,0,89
05/24/2015,RAP,SD,AGL,WE,Federal Contract Tower,5,21,2,3,31,0,0,0,0,0,5,21,2,3,31,0,0,0,31
05/25/2015,RAP,SD,AGL,WE,Federal Contract Tower,10,23,20,1,54,0,1,8,0,9,10,24,28,1,63,2,0,2,65
05/26/2015,RAP,SD,AGL,WE,Federal Contract Tower,8,27,28,0,63,0,1,14,3,18,8,28,42,3,81,8,0,8,89
05/27/2015,RAP,SD,AGL,WE,Federal Contract Tower,11,27,35,0,73,0,1,17,6,24,11,28,52,6,97,0,0,0,97
05/28/2015,RAP,SD,AGL,WE,Federal Contract Tower,8,29,17,0,54,0,2,20,27,49,8,31,37,27,103,0,4,4,107
05/29/2015,RAP,SD,AGL,WE,Federal Contract Tower,13,36,33,0,82,0,0,3,0,3,13,36,36,0,85,0,0,0,85
05/30/2015,RAP,SD,AGL,WE,Federal Contract Tower,5,27,16,0,48,0,2,37,4,43,5,29,53,4,91,24,10,34,125
05/31/2015,RAP,SD,AGL,WE,Federal Contract Tower,5,25,15,4,49,0,3,38,2,43,5,28,53,6,92,28,4,32,124
06/01/2015,RAP,SD,AGL,WE,Federal Contract Tower,13,35,18,0,66,0,0,40,1,41,13,35,58,1,107,56,0,56,163
06/02/2015,RAP,SD,AGL,WE,Federal Contract Tower,8,34,18,4,64,0,2,34,6,42,8,36,52,10,106,8,2,10,116
06/03/2015,RAP,SD,AGL,WE,Federal Contract Tower,9,35,37,3,84,0,0,29,11,40,9,35,66,14,124,44,22,66,190
06/04/2015,RAP,SD,AGL,WE,Federal Contract Tower,6,41,36,4,87,0,3,14,19,36,6,44,50,23,123,8,14,22,145
06/05/2015,RAP,SD,AGL,WE,Federal Contract Tower,11,42,28,0,81,0,0,21,21,42,11,42,49,21,123,0,24,24,147
06/06/2015,RAP,SD,AGL,WE,Federal Contract Tower,11,54,18,1,84,0,4,25,5,34,11,58,43,6,118,0,0,0,118
06/07/2015,RAP,SD,AGL,WE,Federal Contract Tower,4,38,10,2,54,0,1,21,10,32,4,39,31,12,86,0,2,2,88
06/08/2015,RAP,SD,AGL,WE,Federal Contract Tower,11,38,31,4,84,0,1,33,6,40,11,39,64,10,124,36,2,38,162
06/09/2015,RAP,SD,AGL,WE,Federal Contract Tower,6,49,27,4,86,0,1,33,12,46,6,50,60,16,132,22,2,24,156
06/10/2015,RAP,SD,AGL,WE,Federal Contract Tower,8,35,23,1,67,0,1,17,19,37,8,36,40,20,104,36,8,44,148
06/11/2015,RAP,SD,AGL,WE,Federal Contract Tower,9,51,24,7,91,0,0,0,6,6,9,51,24,13,97,0,0,0,97
06/12/2015,RAP,SD,AGL,WE,Federal Contract Tower,9,42,27,1,79,0,4,40,23,67,9,46,67,24,146,22,8,30,176
06/13/2015,RAP,SD,AGL,WE,Federal Contract Tower,9,35,7,1,52,0,1,36,0,37,9,36,43,1,89,22,0,22,111
06/14/2015,RAP,SD,AGL,WE,Federal Contract Tower,6,36,12,2,56,0,0,9,0,9,6,36,21,2,65,10,0,10,75
06/15/2015,RAP,SD,AGL,WE,Federal Contract Tower,11,33,39,0,83,0,3,21,2,26,11,36,60,2,109,16,0,16,125
06/16/2015,RAP,SD,AGL,WE,Federal Contract Tower,5,35,27,0,67,0,3,21,2,26,5,38,48,2,93,6,0,6,99
06/17/2015,RAP,SD,AGL,WE,Federal Contract Tower,7,40,39,1,87,0,3,26,22,51,7,43,65,23,138,18,24,42,180
06/18/2015,RAP,SD,AGL,WE,Federal Contract Tower,4,38,32,6,80,0,0,39,9,48,4,38,71,15,128,18,20,38,166
06/19/2015,RAP,SD,AGL,WE,Federal Contract Tower,12,41,28,0,81,0,0,60,11,71,12,41,88,11,152,62,4,66,218
06/20/2015,RAP,SD,AGL,WE,Federal Contract Tower,10,39,6,0,55,0,1,84,4,89,10,40,90,4,144,12,0,12,156
06/21/2015,RAP,SD,AGL,WE,Federal Contract Tower,5,38,16,0,59,0,0,22,11,33,5,38,38,11,92,0,0,0,92
06/22/2015,RAP,SD,AGL,WE,Federal Contract Tower,10,32,18,3,63,0,3,23,2,28,10,35,41,5,91,12,0,12,103
06/23/2015,RAP,SD,AGL,WE,Federal Contract Tower,6,41,18,3,68,0,2,44,5,51,6,43,62,8,119,32,2,34,153
06/24/2015,RAP,SD,AGL,WE,Federal Contract Tower,8,45,35,0,88,0,4,54,10,68,8,49,89,10,156,32,0,32,188
06/25/2015,RAP,SD,AGL,WE,Federal Contract Tower,7,44,33,1,85,0,1,23,8,32,7,45,56,9,117,6,0,6,123
06/26/2015,RAP,SD,AGL,WE,Federal Contract Tower,12,43,42,2,99,0,8,86,5,99,12,51,128,7,198,82,0,82,280
06/27/2015,RAP,SD,AGL,WE,Federal Contract Tower,11,52,12,2,77,0,1,61,13,75,11,53,73,15,152,102,2,104,256
06/28/2015,RAP,SD,AGL,WE,Federal Contract Tower,7,37,15,1,60,0,2,36,8,46,7,39,51,9,106,2,4,6,112
06/29/2015,RAP,SD,AGL,WE,Federal Contract Tower,12,38,33,0,83,0,2,50,0,52,12,40,83,0,135,30,0,30,165
06/30/2015,RAP,SD,AGL,WE,Federal Contract Tower,9,36,22,5,72,0,11,44,16,71,9,47,66,21,143,90,14,104,247
07/01/2015,RAP,SD,AGL,WE,Federal Contract Tower,8,50,29,0,87,0,0,43,19,62,8,50,72,19,149,18,16,34,183
07/02/2015,RAP,SD,AGL,WE,Federal Contract Tower,3,48,24,0,75,0,2,54,12,68,3,50,78,12,143,18,0,18,161
07/03/2015,RAP,SD,AGL,WE,Federal Contract Tower,9,30,25,0,64,0,2,41,0,43,9,32,66,0,107,48,0,48,155
07/04/2015,RAP,SD,AGL,WE,Federal Contract Tower,11,23,5,0,39,0,2,23,0,25,11,25,28,0,64,8,0,8,72
07/05/2015,RAP,SD,AGL,WE,Federal Contract Tower,8,43,22,3,76,0,0,16,0,16,8,43,38,3,92,0,0,0,92
07/06/2015,RAP,SD,AGL,WE,Federal Contract Tower,10,40,41,2,93,0,1,36,0,37,10,41,77,2,130,28,0,28,158
07/07/2015,RAP,SD,AGL,WE,Federal Contract Tower,10,39,24,3,76,0,0,35,8,43,10,39,59,11,119,36,16,52,171
07/08/2015,RAP,SD,AGL,WE,Federal Contract Tower,9,43,26,1,79,0,3,27,19,49,9,46,53,20,128,34,6,40,168
07/09/2015,RAP,SD,AGL,WE,Federal Contract Tower,6,45,37,5,93,0,3,43,17,63,6,48,80,22,156,38,6,44,200
07/10/2015,RAP,SD,AGL,WE,Federal Contract Tower,8,54,32,0,94,0,0,56,9,65,8,54,88,9,159,40,0,40,199
07/11/2015,RAP,SD,AGL,WE,Federal Contract Tower,10,42,16,0,68,0,2,31,5,38,10,44,47,5,106,28,4,32,138
07/12/2015,RAP,SD,AGL,WE,Federal Contract Tower,12,36,26,0,74,0,1,32,1,34,12,37,58,1,108,0,0,0,108
07/13/2015,RAP,SD,AGL,WE,Federal Contract Tower,9,45,29,0,83,0,2,33,6,41,9,47,62,6,124,26,4,30,154
07/14/2015,RAP,SD,AGL,WE,Federal Contract Tower,9,41,26,1,77,0,0,26,6,32,9,41,52,7,109,48,0,48,157
07/15/2015,RAP,SD,AGL,WE,Federal Contract Tower,9,46,29,5,89,0,1,26,9,36,9,47,55,14,125,10,0,10,135
07/16/2015,RAP,SD,AGL,WE,Federal Contract Tower,5,56,45,5,111,0,1,57,12,70,5,57,102,17,181,34,4,38,219
07/17/2015,RAP,SD,AGL,WE,Federal Contract Tower,8,49,31,0,88,0,0,51,13,64,8,49,82,13,152,24,4,28,180
07/18/2015,RAP,SD,AGL,WE,Federal Contract Tower,12,40,12,5,69,0,2,67,21,90,12,42,79,26,159,2,6,8,167
07/19/2015,RAP,SD,AGL,WE,Federal Contract Tower,12,32,26,3,73,0,2,33,5,40,12,34,59,8,113,0,0,0,113
07/20/2015,RAP,SD,AGL,WE,Federal Contract Tower,6,43,35,3,87,0,0,39,8,47,6,43,74,11,134,74,10,84,218
07/21/2015,RAP,SD,AGL,WE,Federal Contract Tower,8,47,23,6,84,0,2,33,14,49,8,49,56,20,133,50,0,50,183
07/22/2015,RAP,SD,AGL,WE,Federal Contract Tower,8,54,41,0,103,0,2,39,18,59,8,56,80,18,162,8,2,10,172
07/23/2015,RAP,SD,AGL,WE,Federal Contract Tower,5,49,28,2,84,0,1,46,9,56,5,50,74,11,140,8,0,8,148
07/24/2015,RAP,SD,AGL,WE,Federal Contract Tower,8,49,36,3,96,0,6,57,2,65,8,55,93,5,161,14,0,14,175
07/25/2015,RAP,SD,AGL,WE,Federal Contract Tower,10,42,21,3,76,0,3,31,1,35,10,45,52,4,111,0,0,0,111
07/26/2015,RAP,SD,AGL,WE,Federal Contract Tower,11,33,35,0,79,0,2,44,0,46,11,35,79,0,125,4,0,4,129
07/27/2015,RAP,SD,AGL,WE,Federal Contract Tower,5,43,34,0,82,0,10,23,4,37,5,53,57,4,119,10,0,10,129
07/28/2015,RAP,SD,AGL,WE,Federal Contract Tower,12,44,20,0,76,0,14,48,7,69,12,58,68,7,145,18,0,18,163
07/29/2015,RAP,SD,AGL,WE,Federal Contract Tower,8,46,36,9,99,0,5,56,14,75,8,51,92,23,174,26,0,26,200
07/30/2015,RAP,SD,AGL,WE,Federal Contract Tower,4,55,32,7,98,0,7,62,5,74,4,62,94,12,172,48,6,54,226
07/31/2015,RAP,SD,AGL,WE,Federal Contract Tower,14,36,33,0,83,0,7,47,6,60,14,43,80,6,143,20,0,20,163
08/01/2015,RAP,SD,AGL,WE,Federal Contract Tower,14,46,22,0,82,0,6,32,4,42,14,52,54,4,124,28,0,28,152
08/02/2015,RAP,SD,AGL,WE,Federal Contract Tower,10,46,31,0,87,0,6,37,9,52,10,52,68,9,139,40,0,40,179
08/03/2015,RAP,SD,AGL,WE,Federal Contract Tower,8,50,31,4,93,0,13,43,15,71,8,63,74,19,164,34,12,46,210
08/04/2015,RAP,SD,AGL,WE,Federal Contract Tower,11,47,27,2,87,0,4,20,7,31,11,51,47,9,118,40,0,40,158
08/05/2015,RAP,SD,AGL,WE,Federal Contract Tower,9,45,42,2,98,0,1,50,16,67,9,46,92,18,165,24,4,28,193
08/06/2015,RAP,SD,AGL,WE,Federal Contract Tower,6,51,37,1,95,0,4,26,16,46,6,55,63,17,141,24,0,24,165
08/07/2015,RAP,SD,AGL,WE,Federal Contract Tower,12,53,41,1,107,0,2,48,5,55,12,55,89,6,162,40,0,40,202
08/08/2015,RAP,SD,AGL,WE,Federal Contract Tower,24,35,18,0,77,0,6,38,9,53,24,41,56,9,130,16,12,28,158
08/09/2015,RAP,SD,AGL,WE,Federal Contract Tower,32,30,34,5,101,0,4,31,0,35,32,34,65,5,136,10,0,10,146
08/10/2015,RAP,SD,AGL,WE,Federal Contract Tower,12,52,37,2,103,0,2,49,0,51,12,54,86,2,154,24,0,24,178
08/11/2015,RAP,SD,AGL,WE,Federal Contract Tower,11,36,36,4,87,0,0,18,0,18,11,36,54,4,105,14,0,14,119
08/12/2015,RAP,SD,AGL,WE,Federal Contract Tower,10,46,39,4,99,0,3,35,15,53,10,49,74,19,152,0,0,0,152
08/13/2015,RAP,SD,AGL,WE,Federal Contract Tower,7,51,24,1,83,0,4,32,18,54,7,55,56,19,137,24,6,30,167
08/14/2015,RAP,SD,AGL,WE,Federal Contract Tower,13,45,28,3,89,0,1,34,6,41,13,46,62,9,130,6,4,10,140
08/15/2015,RAP,SD,AGL,WE,Federal Contract Tower,17,32,23,2,74,0,1,21,0,22,17,33,44,2,96,4,0,4,100
08/16/2015,RAP,SD,AGL,WE,Federal Contract Tower,17,43,15,0,75,0,2,35,5,42,17,45,50,5,117,0,8,8,125
08/17/2015,RAP,SD,AGL,WE,Federal Contract Tower,12,40,31,0,83,0,0,16,1,17,12,40,47,1,100,14,0,14,114
08/18/2015,RAP,SD,AGL,WE,Federal Contract Tower,8,45,23,0,76,0,1,15,0,16,8,46,38,0,92,12,0,12,104
08/19/2015,RAP,SD,AGL,WE,Federal Contract Tower,11,31,37,4,83,0,2,31,14,47,11,33,68,18,130,12,10,22,152
08/20/2015,RAP,SD,AGL,WE,Federal Contract Tower,10,35,27,0,72,0,4,44,10,58,10,39,71,10,130,34,8,42,172
08/21/2015,RAP,SD,AGL,WE,Federal Contract Tower,14,42,19,0,75,0,2,25,3,30,14,44,44,3,105,52,0,52,157
08/22/2015,RAP,SD,AGL,WE,Federal Contract Tower,11,25,4,0,40,0,3,4,0,7,11,28,8,0,47,0,0,0,47
08/23/2015,RAP,SD,AGL,WE,Federal Contract Tower,12,26,14,0,52,0,2,39,4,45,12,28,53,4,97,90,0,90,187
08/24/2015,RAP,SD,AGL,WE,Federal Contract Tower,14,35,28,2,79,0,5,35,2,42,14,40,63,4,121,152,0,152,273
08/25/2015,RAP,SD,AGL,WE,Federal Contract Tower,13,32,15,2,62,0,1,32,9,42,13,33,47,11,104,50,0,50,154
08/26/2015,RAP,SD,AGL,WE,Federal Contract Tower,11,45,34,1,91,0,2,30,10,42,11,47,64,11,133,78,20,98,231
08/27/2015,RAP,SD,AGL,WE,Federal Contract Tower,10,37,25,2,74,0,2,18,16,36,10,39,43,18,110,66,6,72,182
08/28/2015,RAP,SD,AGL,WE,Federal Contract Tower,14,41,39,9,103,0,5,22,8,35,14,46,61,17,138,42,0,42,180
08/29/2015,RAP,SD,AGL,WE,Federal Contract Tower,10,25,12,0,47,0,3,17,18,38,10,28,29,18,85,26,8,34,119
08/30/2015,RAP,SD,AGL,WE,Federal Contract Tower,12,23,13,3,51,0,2,27,2,31,12,25,40,5,82,0,0,0,82
08/31/2015,RAP,SD,AGL,WE,Federal Contract Tower,15,40,24,0,79,0,0,24,3,27,15,40,48,3,106,36,0,36,142
09/01/2015,RAP,SD,AGL,WE,Federal Contract Tower,11,31,16,1,59,0,3,44,4,51,11,34,60,5,110,32,0,32,142
09/02/2015,RAP,SD,AGL,WE,Federal Contract Tower,13,33,28,4,78,0,2,38,21,61,13,35,66,25,139,46,16,62,201
09/03/2015,RAP,SD,AGL,WE,Federal Contract Tower,12,37,29,3,81,0,7,37,23,67,12,44,66,26,148,38,30,68,216
09/04/2015,RAP,SD,AGL,WE,Federal Contract Tower,16,34,21,3,74,0,2,53,8,63,16,36,74,11,137,72,8,80,217
09/05/2015,RAP,SD,AGL,WE,Federal Contract Tower,11,20,5,0,36,0,0,37,0,37,11,20,42,0,73,28,0,28,101
09/06/2015,RAP,SD,AGL,WE,Federal Contract Tower,11,18,9,0,38,0,3,26,0,29,11,21,35,0,67,20,0,20,87
09/07/2015,RAP,SD,AGL,WE,Federal Contract Tower,16,21,9,0,46,0,2,38,2,42,16,23,47,2,88,6,0,6,94
09/08/2015,RAP,SD,AGL,WE,Federal Contract Tower,11,27,26,0,64,0,2,27,0,29,11,29,53,0,93,16,0,16,109
09/09/2015,RAP,SD,AGL,WE,Federal Contract Tower,13,33,34,2,82,0,3,45,6,54,13,36,79,8,136,42,0,42,178
09/10/2015,RAP,SD,AGL,WE,Federal Contract Tower,13,26,18,0,57,0,1,50,24,75,13,27,68,24,132,60,0,60,192
09/11/2015,RAP,SD,AGL,WE,Federal Contract Tower,16,28,40,2,86,0,3,58,9,70,16,31,98,11,156,56,2,58,214
09/12/2015,RAP,SD,AGL,WE,Federal Contract Tower,12,19,3,2,36,0,2,43,7,52,12,21,46,9,88,0,0,0,88
09/13/2015,RAP,SD,AGL,WE,Federal Contract Tower,12,27,25,2,66,0,2,44,4,50,12,29,69,6,116,22,0,22,138
09/14/2015,RAP,SD,AGL,WE,Federal Contract Tower,16,32,35,0,83,0,1,38,3,42,16,33,73,3,125,80,0,80,205
09/15/2015,RAP,SD,AGL,WE,Federal Contract Tower,11,33,32,0,76,0,0,29,8,37,11,33,61,8,113,6,0,6,119
09/16/2015,RAP,SD,AGL,WE,Federal Contract Tower,13,34,29,1,77,0,3,40,9,52,13,37,69,10,129,42,4,46,175
09/17/2015,RAP,SD,AGL,WE,Federal Contract Tower,12,34,26,0,72,0,0,65,13,78,12,34,91,13,150,56,4,60,210
09/18/2015,RAP,SD,AGL,WE,Federal Contract Tower,14,32,21,0,67,0,1,20,23,44,14,33,41,23,111,16,22,38,149
09/19/2015,RAP,SD,AGL,WE,Federal Contract Tower,13,24,10,1,48,0,4,42,17,63,13,28,52,18,111,32,12,44,155
09/20/2015,RAP,SD,AGL,WE,Federal Contract Tower,13,18,17,0,48,0,2,40,15,57,13,20,57,15,105,30,34,64,169
09/21/2015,RAP,SD,AGL,WE,Federal Contract Tower,13,32,34,0,79,0,1,23,0,24,13,33,57,0,103,0,0,0,103
09/22/2015,RAP,SD,AGL,WE,Federal Contract Tower,11,24,29,0,64,0,0,32,0,32,11,24,61,0,96,46,0,46,142
09/23/2015,RAP,SD,AGL,WE,Federal Contract Tower,13,30,37,2,82,0,0,30,11,41,13,30,67,13,123,16,4,20,143
09/24/2015,RAP,SD,AGL,WE,Federal Contract Tower,16,28,24,0,68,0,0,47,23,70,16,28,71,23,138,52,12,64,202
09/25/2015,RAP,SD,AGL,WE,Federal Contract Tower,18,27,35,0,80,0,0,24,4,28,18,27,59,4,108,32,0,32,140
09/26/2015,RAP,SD,AGL,WE,Federal Contract Tower,14,18,10,0,42,0,3,23,13,39,14,21,33,13,81,12,2,14,95
09/27/2015,RAP,SD,AGL,WE,Federal Contract Tower,14,18,24,1,57,0,1,16,1,18,14,19,40,2,75,12,0,12,87
09/28/2015,RAP,SD,AGL,WE,Federal Contract Tower,19,22,30,4,75,0,0,10,0,10,19,22,40,4,85,4,0,4,89
09/29/2015,RAP,SD,AGL,WE,Federal Contract Tower,18,25,33,3,79,0,2,12,1,15,18,27,45,4,94,10,0,10,104
09/30/2015,RAP,SD,AGL,WE,Federal Contract Tower,16,18,22,1,57,0,9,53,3,65,16,27,75,4,122,28,0,28,150
10/01/2015,RAP,SD,AGL,WE,Federal Contract Tower,15,25,21,2,63,0,1,8,13,22,15,26,29,15,85,42,12,54,139
10/02/2015,RAP,SD,AGL,WE,Federal Contract Tower,18,23,19,0,60,0,0,4,0,4,18,23,23,0,64,0,0,0,64
10/03/2015,RAP,SD,AGL,WE,Federal Contract Tower,15,19,13,4,51,0,0,0,0,0,15,19,13,4,51,0,0,0,51
10/04/2015,RAP,SD,AGL,WE,Federal Contract Tower,14,32,19,0,65,0,0,2,0,2,14,32,21,0,67,10,0,10,77
10/05/2015,RAP,SD,AGL,WE,Federal Contract Tower,14,25,13,0,52,0,0,16,0,16,14,25,29,0,68,8,0,8,76
10/06/2015,RAP,SD,AGL,WE,Federal Contract Tower,11,28,29,2,70,0,2,19,2,23,11,30,48,4,93,10,2,12,105
10/07/2015,RAP,SD,AGL,WE,Federal Contract Tower,11,30,26,8,75,0,0,31,16,47,11,30,57,24,122,30,4,34,156
10/08/2015,RAP,SD,AGL,WE,Federal Contract Tower,11,31,34,2,78,0,12,23,12,47,11,43,57,14,125,44,14,58,183
10/09/2015,RAP,SD,AGL,WE,Federal Contract Tower,11,28,23,2,64,0,1,43,5,49,11,29,66,7,113,52,3,55,168
10/10/2015,RAP,SD,AGL,WE,Federal Contract Tower,9,24,9,0,42,0,2,72,0,74,9,26,81,0,116,28,0,28,144
10/11/2015,RAP,SD,AGL,WE,Federal Contract Tower,11,20,11,2,44,0,0,20,5,25,11,20,31,7,69,4,4,8,77
10/12/2015,RAP,SD,AGL,WE,Federal Contract Tower,15,19,22,0,56,0,0,20,3,23,15,19,42,3,79,28,6,34,113
10/13/2015,RAP,SD,AGL,WE,Federal Contract Tower,12,26,20,2,60,0,8,26,4,38,12,34,46,6,98,18,0,18,116
10/14/2015,RAP,SD,AGL,WE,Federal Contract Tower,12,26,25,2,65,0,2,32,15,49,12,28,57,17,114,46,18,64,178
10/15/2015,RAP,SD,AGL,WE,Federal Contract Tower,11,30,31,3,75,0,1,25,4,30,11,31,56,7,105,26,4,30,135
10/16/2015,RAP,SD,AGL,WE,Federal Contract Tower,15,32,18,0,65,0,2,43,4,49,15,34,61,4,114,22,0,22,136
10/17/2015,RAP,SD,AGL,WE,Federal Contract Tower,10,27,10,0,47,0,2,39,0,41,10,29,49,0,88,22,0,22,110
10/18/2015,RAP,SD,AGL,WE,Federal Contract Tower,12,21,10,2,45,0,1,31,0,32,12,22,41,2,77,2,0,2,79
10/19/2015,RAP,SD,AGL,WE,Federal Contract Tower,15,31,31,0,77,0,2,21,0,23,15,33,52,0,100,14,0,14,114
10/20/2015,RAP,SD,AGL,WE,Federal Contract Tower,12,31,23,1,67,0,1,21,0,22,12,32,44,1,89,10,0,10,99
10/21/2015,RAP,SD,AGL,WE,Federal Contract Tower,12,27,33,8,80,0,2,40,18,60,12,29,73,26,140,26,24,50,190
10/22/2015,RAP,SD,AGL,WE,Federal Contract Tower,10,37,27,2,76,0,0,27,3,30,10,37,54,5,106,6,0,6,112
10/23/2015,RAP,SD,AGL,WE,Federal Contract Tower,15,29,33,3,80,0,2,2,0,4,15,31,35,3,84,0,0,0,84
10/24/2015,RAP,SD,AGL,WE,Federal Contract Tower,8,20,5,0,33,0,3,36,1,40,8,23,41,1,73,56,0,56,129
10/25/2015,RAP,SD,AGL,WE,Federal Contract Tower,6,25,18,0,49,0,0,19,0,19,6,25,37,0,68,0,0,0,68
10/26/2015,RAP,SD,AGL,WE,Federal Contract Tower,15,20,24,3,62,0,0,0,9,9,15,20,24,12,71,0,0,0,71
10/27/2015,RAP,SD,AGL,WE,Federal Contract Tower,7,23,15,0,45,0,0,5,0,5,7,23,20,0,50,22,0,22,72
10/28/2015,RAP,SD,AGL,WE,Federal Contract Tower,8,23,25,5,61,0,10,20,10,40,8,33,45,15,101,10,0,10,111
10/29/2015,RAP,SD,AGL,WE,Federal Contract Tower,8,27,13,4,52,0,35,38,17,90,8,62,51,21,142,20,8,28,170
10/30/2015,RAP,SD,AGL,WE,Federal Contract Tower,16,26,15,1,58,0,4,31,8,43,16,30,46,9,101,38,4,42,143
10/31/2015,RAP,SD,AGL,WE,Federal Contract Tower,8,23,5,0,36,0,4,22,2,28,8,27,27,2,64,24,0,24,88
11/01/2015,RAP,SD,AGL,WE,Federal Contract Tower,3,24,12,0,39,0,1,20,0,21,3,25,32,0,60,40,0,40,100
11/02/2015,RAP,SD,AGL,WE,Federal Contract Tower,15,23,10,0,48,0,0,20,0,20,15,23,30,0,68,6,0,6,74
11/03/2015,RAP,SD,AGL,WE,Federal Contract Tower,5,33,26,3,67,0,1,15,7,23,5,34,41,10,90,0,16,16,106
11/04/2015,RAP,SD,AGL,WE,Federal Contract Tower,7,40,25,0,72,0,22,3,2,27,7,62,28,2,99,0,0,0,99
11/05/2015,RAP,SD,AGL,WE,Federal Contract Tower,7,31,23,5,66,0,0,16,22,38,7,31,39,27,104,6,20,26,130
11/06/2015,RAP,SD,AGL,WE,Federal Contract Tower,12,25,20,0,57,0,2,18,21,41,12,27,38,21,98,24,24,48,146
11/07/2015,RAP,SD,AGL,WE,Federal Contract Tower,8,24,10,7,49,0,2,42,24,68,8,26,52,31,117,74,24,98,215
11/08/2015,RAP,SD,AGL,WE,Federal Contract Tower,5,22,15,2,44,0,1,37,10,48,5,23,52,12,92,36,6,42,134
11/09/2015,RAP,SD,AGL,WE,Federal Contract Tower,11,21,24,0,56,0,0,39,2,41,11,21,63,2,97,100,0,100,197
11/10/2015,RAP,SD,AGL,WE,Federal Contract Tower,5,30,24,2,61,0,2,14,0,16,5,32,38,2,77,8,0,8,85
11/11/2015,RAP,SD,AGL,WE,Federal Contract Tower,5,22,14,0,41,0,0,2,2,4,5,22,16,2,45,0,0,0,45
11/12/2015,RAP,SD,AGL,WE,Federal Contract Tower,8,22,29,2,61,0,1,8,17,26,8,23,37,19,87,2,10,12,99
11/13/2015,RAP,SD,AGL,WE,Federal Contract Tower,11,32,17,2,62,0,1,26,4,31,11,33,43,6,93,32,18,50,143
11/14/2015,RAP,SD,AGL,WE,Federal Contract Tower,8,24,6,0,38,0,2,35,5,42,8,26,41,5,80,24,0,24,104
11/15/2015,RAP,SD,AGL,WE,Federal Contract Tower,4,23,18,0,45,0,0,33,0,33,4,23,51,0,78,20,0,20,98
11/16/2015,RAP,SD,AGL,WE,Federal Contract Tower,9,29,23,2,63,0,0,13,1,14,9,29,36,3,77,32,0,32,109
11/17/2015,RAP,SD,AGL,WE,Federal Contract Tower,3,33,12,2,50,0,0,28,0,28,3,33,40,2,78,70,0,70,148
11/18/2015,RAP,SD,AGL,WE,Federal Contract Tower,7,26,28,0,61,0,0,2,8,10,7,26,30,8,71,0,16,16,87
11/19/2015,RAP,SD,AGL,WE,Federal Contract Tower,8,33,29,8,78,0,0,28,16,44,8,33,57,24,122,66,20,86,208
11/20/2015,RAP,SD,AGL,WE,Federal Contract Tower,11,37,15,0,63,0,0,6,0,6,11,37,21,0,69,16,0,16,85
11/21/2015,RAP,SD,AGL,WE,Federal Contract Tower,7,18,16,0,41,0,3,20,2,25,7,21,36,2,66,24,0,24,90
11/22/2015,RAP,SD,AGL,WE,Federal Contract Tower,4,25,16,0,45,0,2,34,0,36,4,27,50,0,81,72,0,72,153
11/23/2015,RAP,SD,AGL,WE,Federal Contract Tower,11,18,15,0,44,0,2,32,0,34,11,20,47,0,78,72,0,72,150
11/24/2015,RAP,SD,AGL,WE,Federal Contract Tower,9,25,23,0,57,0,3,66,2,71,9,28,89,2,128,58,0,58,186
11/25/2015,RAP,SD,AGL,WE,Federal Contract Tower,9,29,6,0,44,0,0,0,2,2,9,29,6,2,46,0,8,8,54
11/26/2015,RAP,SD,AGL,WE,Federal Contract Tower,6,11,1,0,18,0,0,0,0,0,6,11,1,0,18,0,0,0,18
11/27/2015,RAP,SD,AGL,WE,Federal Contract Tower,8,20,2,0,30,0,1,22,0,23,8,21,24,0,53,34,0,34,87
11/28/2015,RAP,SD,AGL,WE,Federal Contract Tower,10,26,4,0,40,0,0,0,0,0,10,26,4,0,40,0,0,0,40
11/29/2015,RAP,SD,AGL,WE,Federal Contract Tower,4,24,8,0,36,0,0,7,0,7,4,24,15,0,43,0,0,0,43
11/30/2015,RAP,SD,AGL,WE,Federal Contract Tower,16,32,13,0,61,0,0,0,3,3,16,32,13,3,64,14,0,14,78
12/01/2015,RAP,SD,AGL,WE,Federal Contract Tower,8,27,12,0,47,0,0,1,0,1,8,27,13,0,48,0,0,0,48
12/02/2015,RAP,SD,AGL,WE,Federal Contract Tower,11,26,28,0,65,0,0,19,5,24,11,26,47,5,89,12,12,24,113
12/03/2015,RAP,SD,AGL,WE,Federal Contract Tower,8,26,16,0,50,0,1,23,29,53,8,27,39,29,103,10,8,18,121
12/04/2015,RAP,SD,AGL,WE,Federal Contract Tower,8,24,23,1,56,0,0,22,17,39,8,24,45,18,95,22,8,30,125
12/05/2015,RAP,SD,AGL,WE,Federal Contract Tower,7,19,9,0,35,0,3,18,40,61,7,22,27,40,96,74,40,114,210
12/06/2015,RAP,SD,AGL,WE,Federal Contract Tower,11,15,13,7,46,0,1,29,12,42,11,16,42,19,88,54,0,54,142
12/07/2015,RAP,SD,AGL,WE,Federal Contract Tower,13,21,20,4,58,0,0,29,0,29,13,21,49,4,87,62,0,62,149
12/08/2015,RAP,SD,AGL,WE,Federal Contract Tower,9,26,22,0,57,0,4,4,0,8,9,30,26,0,65,6,0,6,71
12/09/2015,RAP,SD,AGL,WE,Federal Contract Tower,11,24,18,4,57,0,1,19,12,32,11,25,37,16,89,8,14,22,111
12/10/2015,RAP,SD,AGL,WE,Federal Contract Tower,11,30,18,4,63,0,0,21,16,37,11,30,39,20,100,20,0,20,120
12/11/2015,RAP,SD,AGL,WE,Federal Contract Tower,13,36,19,2,70,0,1,2,0,3,13,37,21,2,73,0,0,0,73
12/12/2015,RAP,SD,AGL,WE,Federal Contract Tower,7,17,8,0,32,0,1,14,0,15,7,18,22,0,47,50,0,50,97
12/13/2015,RAP,SD,AGL,WE,Federal Contract Tower,8,14,2,0,24,0,1,17,0,18,8,15,19,0,42,32,0,32,74
12/14/2015,RAP,SD,AGL,WE,Federal Contract Tower,18,19,21,0,58,0,0,0,0,0,18,19,21,0,58,0,0,0,58
12/15/2015,RAP,SD,AGL,WE,Federal Contract Tower,6,12,2,0,20,0,0,0,0,0,6,12,2,0,20,0,0,0,20
12/16/2015,RAP,SD,AGL,WE,Federal Contract Tower,10,25,23,0,58,0,2,8,8,18,10,27,31,8,76,0,6,6,82
12/17/2015,RAP,SD,AGL,WE,Federal Contract Tower,8,30,26,1,65,0,2,18,10,30,8,32,44,11,95,26,4,30,125
12/18/2015,RAP,SD,AGL,WE,Federal Contract Tower,13,34,33,0,80,0,2,16,2,20,13,36,49,2,100,14,2,16,116
12/19/2015,RAP,SD,AGL,WE,Federal Contract Tower,12,22,13,0,47,0,0,17,2,19,12,22,30,2,66,20,4,24,90
12/20/2015,RAP,SD,AGL,WE,Federal Contract Tower,10,17,10,0,37,0,0,3,0,3,10,17,13,0,40,0,0,0,40
12/21/2015,RAP,SD,AGL,WE,Federal Contract Tower,14,29,11,4,58,0,0,16,2,18,14,29,27,6,76,20,0,20,96
12/22/2015,RAP,SD,AGL,WE,Federal Contract Tower,7,42,22,2,73,0,9,20,2,31,7,51,42,4,104,4,2,6,110
12/23/2015,RAP,SD,AGL,WE,Federal Contract Tower,7,37,15,0,59,0,0,21,21,42,7,37,36,21,101,26,10,36,137
12/24/2015,RAP,SD,AGL,WE,Federal Contract Tower,8,33,6,0,47,0,1,12,0,13,8,34,18,0,60,6,0,6,66
12/25/2015,RAP,SD,AGL,WE,Federal Contract Tower,5,15,0,0,20,0,1,3,0,4,5,16,3,0,24,0,0,0,24
12/26/2015,RAP,SD,AGL,WE,Federal Contract Tower,6,19,7,0,32,0,1,4,0,5,6,20,11,0,37,0,0,0,37
12/27/2015,RAP,SD,AGL,WE,Federal Contract Tower,10,20,6,0,36,0,1,19,1,21,10,21,25,1,57,22,0,22,79
12/28/2015,RAP,SD,AGL,WE,Federal Contract Tower,14,31,15,0,60,0,1,10,0,11,14,32,25,0,71,18,0,18,89
12/29/2015,RAP,SD,AGL,WE,Federal Contract Tower,6,26,6,2,40,0,0,1,0,1,6,26,7,2,41,0,0,0,41
12/30/2015,RAP,SD,AGL,WE,Federal Contract Tower,9,33,14,2,58,0,0,16,7,23,9,33,30,9,81,32,4,36,117
12/31/2015,RAP,SD,AGL,WE,Federal Contract Tower,10,31,11,0,52,0,2,4,0,6,10,33,15,0,58,0,0,0,58
01/01/2016,RAP,SD,AGL,WE,Federal Contract Tower,4,25,3,0,32,0,1,19,0,20,4,26,22,0,52,50,0,50,102
01/02/2016,RAP,SD,AGL,WE,Federal Contract Tower,3,30,5,0,38,0,0,30,0,30,3,30,35,0,68,48,0,48,116
01/03/2016,RAP,SD,AGL,WE,Federal Contract Tower,13,17,8,0,38,0,2,34,7,43,13,19,42,7,81,46,4,50,131
01/04/2016,RAP,SD,AGL,WE,Federal Contract Tower,8,25,14,0,47,0,1,13,0,14,8,26,27,0,61,8,0,8,69
01/05/2016,RAP,SD,AGL,WE,Federal Contract Tower,3,25,15,2,45,0,2,32,2,36,3,27,47,4,81,58,6,64,145
01/06/2016,RAP,SD,AGL,WE,Federal Contract Tower,4,25,13,0,42,0,0,26,2,28,4,25,39,2,70,48,4,52,122
01/07/2016,RAP,SD,AGL,WE,Federal Contract Tower,1,24,4,0,29,0,0,0,0,0,1,24,4,0,29,0,0,0,29
01/08/2016,RAP,SD,AGL,WE,Federal Contract Tower,7,25,17,2,51,0,0,7,25,32,7,25,24,27,83,0,36,36,119
01/09/2016,RAP,SD,AGL,WE,Federal Contract Tower,1,21,4,0,26,0,0,5,29,34,1,21,9,29,60,0,54,54,114
01/10/2016,RAP,SD,AGL,WE,Federal Contract Tower,0,17,13,0,30,0,0,0,0,0,0,17,13,0,30,0,28,28,58
01/11/2016,RAP,SD,AGL,WE,Federal Contract Tower,7,24,15,0,46,0,2,4,0,6,7,26,19,0,52,0,0,0,52
01/12/2016,RAP,SD,AGL,WE,Federal Contract Tower,1,30,17,1,49,0,1,8,1,10,1,31,25,2,59,4,0,4,63
01/13/2016,RAP,SD,AGL,WE,Federal Contract Tower,4,27,9,0,40,0,0,20,14,34,4,27,29,14,74,30,6,36,110
01/14/2016,RAP,SD,AGL,WE,Federal Contract Tower,3,29,22,0,54,0,4,13,16,33,3,33,35,16,87,2,18,20,107
01/15/2016,RAP,SD,AGL,WE,Federal Contract Tower,8,23,25,0,56,0,0,4,0,4,8,23,29,0,60,0,0,0,60
01/16/2016,RAP,SD,AGL,WE,Federal Contract Tower,1,23,4,0,28,0,1,1,0,2,1,24,5,0,30,0,0,0,30
01/17/2016,RAP,SD,AGL,WE,Federal Contract Tower,1,14,5,0,20,0,1,11,0,12,1,15,16,0,32,24,0,24,56
01/18/2016,RAP,SD,AGL,WE,Federal Contract Tower,5,26,14,1,46,0,0,18,0,18,5,26,32,1,64,14,0,14,78
01/19/2016,RAP,SD,AGL,WE,Federal Contract Tower,2,25,10,0,37,0,0,10,2,12,2,25,20,2,49,16,0,16,65
01/20/2016,RAP,SD,AGL,WE,Federal Contract Tower,4,26,18,3,51,0,1,36,40,77,4,27,54,43,128,24,58,82,210
01/21/2016,RAP,SD,AGL,WE,Federal Contract Tower,2,27,23,0,52,0,0,22,6,28,2,27,45,6,80,14,8,22,102
01/22/2016,RAP,SD,AGL,WE,Federal Contract Tower,7,31,14,0,52,0,0,3,3,6,7,31,17,3,58,0,4,4,62
01/23/2016,RAP,SD,AGL,WE,Federal Contract Tower,1,19,10,0,30,0,0,31,11,42,1,19,41,11,72,16,0,16,88
01/24/2016,RAP,SD,AGL,WE,Federal Contract Tower,0,18,6,0,24,0,1,2,0,3,0,19,8,0,27,0,0,0,27
01/25/2016,RAP,SD,AGL,WE,Federal Contract Tower,5,25,22,0,52,0,0,3,0,3,5,25,25,0,55,0,0,0,55
01/26/2016,RAP,SD,AGL,WE,Federal Contract Tower,2,31,20,1,54,0,0,26,4,30,2,31,46,5,84,32,0,32,116
01/27/2016,RAP,SD,AGL,WE,Federal Contract Tower,2,30,20,0,52,0,0,6,19,25,2,30,26,19,77,0,6,6,83
01/28/2016,RAP,SD,AGL,WE,Federal Contract Tower,2,28,16,0,46,0,0,50,11,61,2,28,66,11,107,32,0,32,139
01/29/2016,RAP,SD,AGL,WE,Federal Contract Tower,6,31,19,1,57,0,0,7,4,11,6,31,26,5,68,0,0,0,68
01/30/2016,RAP,SD,AGL,WE,Federal Contract Tower,0,21,3,0,24,0,8,23,0,31,0,29,26,0,55,16,0,16,71
01/31/2016,RAP,SD,AGL,WE,Federal Contract Tower,0,18,11,2,31,0,1,12,0,13,0,19,23,2,44,18,2,20,64
02/01/2016,RAP,SD,AGL,WE,Federal Contract Tower,5,22,24,0,51,0,0,7,1,8,5,22,31,1,59,0,0,0,59
02/02/2016,RAP,SD,AGL,WE,Federal Contract Tower,1,38,16,0,55,0,0,0,0,0,1,38,16,0,55,0,0,0,55
02/03/2016,RAP,SD,AGL,WE,Federal Contract Tower,4,25,39,0,68,0,6,21,32,59,4,31,60,32,127,12,30,42,169
02/04/2016,RAP,SD,AGL,WE,Federal Contract Tower,2,26,16,0,44,0,1,33,17,51,2,27,49,17,95,50,22,72,167
02/05/2016,RAP,SD,AGL,WE,Federal Contract Tower,6,29,23,0,58,0,2,24,6,32,6,31,47,6,90,0,22,22,112
02/06/2016,RAP,SD,AGL,WE,Federal Contract Tower,1,22,10,0,33,0,1,51,14,66,1,23,61,14,99,86,0,86,185
02/07/2016,RAP,SD,AGL,WE,Federal Contract Tower,0,14,4,0,18,0,0,0,0,0,0,14,4,0,18,0,0,0,18
02/08/2016,RAP,SD,AGL,WE,Federal Contract Tower,7,30,24,0,61,0,1,8,2,11,7,31,32,2,72,0,0,0,72
02/09/2016,RAP,SD,AGL,WE,Federal Contract Tower,4,24,26,0,54,0,0,10,0,10,4,24,36,0,64,14,0,14,78
02/10/2016,RAP,SD,AGL,WE,Federal Contract Tower,6,29,21,0,56,0,1,5,14,20,6,30,26,14,76,2,4,6,82
02/11/2016,RAP,SD,AGL,WE,Federal Contract Tower,4,30,19,0,53,0,1,1,10,12,4,31,20,10,65,0,0,0,65
02/12/2016,RAP,SD,AGL,WE,Federal Contract Tower,8,21,9,1,39,0,0,0,0,0,8,21,9,1,39,0,0,0,39
02/13/2016,RAP,SD,AGL,WE,Federal Contract Tower,2,20,7,0,29,0,2,12,0,14,2,22,19,0,43,24,0,24,67
02/14/2016,RAP,SD,AGL,WE,Federal Contract Tower,2,17,7,0,26,0,1,2,0,3,2,18,9,0,29,0,0,0,29
02/15/2016,RAP,SD,AGL,WE,Federal Contract Tower,7,18,21,0,46,0,1,10,2,13,7,19,31,2,59,0,0,0,59
02/16/2016,RAP,SD,AGL,WE,Federal Contract Tower,4,33,33,4,74,0,15,28,5,48,4,48,61,9,122,30,6,36,158
02/17/2016,RAP,SD,AGL,WE,Federal Contract Tower,3,26,36,0,65,0,1,17,14,32,3,27,53,14,97,0,11,11,108
02/18/2016,RAP,SD,AGL,WE,Federal Contract Tower,5,25,30,5,65,0,1,18,15,34,5,26,48,20,99,6,12,18,117
02/19/2016,RAP,SD,AGL,WE,Federal Contract Tower,7,31,22,2,62,0,1,6,0,7,7,32,28,2,69,12,0,12,81
02/20/2016,RAP,SD,AGL,WE,Federal Contract Tower,4,22,14,0,40,0,3,22,0,25,4,25,36,0,65,26,0,26,91
02/21/2016,RAP,SD,AGL,WE,Federal Contract Tower,5,22,20,0,47,0,0,25,0,25,5,22,45,0,72,36,0,36,108
02/22/2016,RAP,SD,AGL,WE,Federal Contract Tower,6,20,21,0,47,0,4,29,2,35,6,24,50,2,82,24,0,24,106
02/23/2016,RAP,SD,AGL,WE,Federal Contract Tower,4,28,24,4,60,0,3,24,0,27,4,31,48,4,87,0,0,0,87
02/24/2016,RAP,SD,AGL,WE,Federal Contract Tower,4,27,49,0,80,0,2,11,17,30,4,29,60,17,110,0,8,8,118
02/25/2016,RAP,SD,AGL,WE,Federal Contract Tower,6,24,19,4,53,0,1,36,12,49,6,25,55,16,102,38,4,42,144
02/26/2016,RAP,SD,AGL,WE,Federal Contract Tower,6,21,26,3,56,0,0,41,14,55,6,21,67,17,111,54,16,70,181
02/27/2016,RAP,SD,AGL,WE,Federal Contract Tower,3,20,11,1,35,0,0,45,1,46,3,20,56,2,81,88,0,88,169
02/28/2016,RAP,SD,AGL,WE,Federal Contract Tower,4,16,10,0,30,0,1,14,0,15,4,17,24,0,45,12,0,12,57
02/29/2016,RAP,SD,AGL,WE,Federal Contract Tower,6,23,8,0,37,0,0,1,0,1,6,23,9,0,38,0,0,0,38
03/01/2016,RAP,SD,AGL,WE,Federal Contract Tower,4,28,14,0,46,0,4,18,8,30,4,32,32,8,76,8,24,32,108
03/02/2016,RAP,SD,AGL,WE,Federal Contract Tower,2,36,26,5,69,0,8,11,5,24,2,44,37,10,93,4,12,16,109
03/03/2016,RAP,SD,AGL,WE,Federal Contract Tower,6,27,31,0,64,0,1,19,19,39,6,28,50,19,103,14,20,34,137
03/04/2016,RAP,SD,AGL,WE,Federal Contract Tower,6,30,28,0,64,0,1,8,21,30,6,31,36,21,94,0,2,2,96
03/05/2016,RAP,SD,AGL,WE,Federal Contract Tower,4,17,6,0,27,0,1,27,11,39,4,18,33,11,66,12,6,18,84
03/06/2016,RAP,SD,AGL,WE,Federal Contract Tower,5,22,5,2,34,0,0,49,16,65,5,22,54,18,99,56,12,68,167
03/07/2016,RAP,SD,AGL,WE,Federal Contract Tower,6,24,14,2,46,0,0,3,0,3,6,24,17,2,49,0,0,0,49
03/08/2016,RAP,SD,AGL,WE,Federal Contract Tower,4,30,21,2,57,0,1,16,0,17,4,31,37,2,74,14,0,14,88
03/09/2016,RAP,SD,AGL,WE,Federal Contract Tower,4,23,26,3,56,0,3,41,12,56,4,26,67,15,112,6,6,12,124
03/10/2016,RAP,SD,AGL,WE,Federal Contract Tower,6,27,23,2,58,0,3,39,15,57,6,30,62,17,115,36,20,56,171
03/11/2016,RAP,SD,AGL,WE,Federal Contract Tower,7,34,22,7,70,0,7,36,2,45,7,41,58,9,115,20,0,20,135
03/12/2016,RAP,SD,AGL,WE,Federal Contract Tower,6,23,8,2,39,0,1,25,1,27,6,24,33,3,66,26,0,26,92
03/13/2016,RAP,SD,AGL,WE,Federal Contract Tower,6,17,5,2,30,0,1,18,0,19,6,18,23,2,49,20,2,22,71
03/14/2016,RAP,SD,AGL,WE,Federal Contract Tower,6,20,10,10,46,0,2,12,2,16,6,22,22,12,62,2,0,2,64
03/15/2016,RAP,SD,AGL,WE,Federal Contract Tower,4,29,18,13,64,0,2,11,6,19,4,31,29,19,83,0,0,0,83
03/16/2016,RAP,SD,AGL,WE,Federal Contract Tower,7,29,30,1,67,0,0,19,25,44,7,29,49,26,111,4,24,28,139
03/17/2016,RAP,SD,AGL,WE,Federal Contract Tower,6,28,26,3,63,0,1,22,6,29,6,29,48,9,92,22,12,34,126
03/18/2016,RAP,SD,AGL,WE,Federal Contract Tower,8,26,20,0,54,0,1,11,2,14,8,27,31,2,68,18,0,18,86
03/19/2016,RAP,SD,AGL,WE,Federal Contract Tower,6,22,6,1,35,0,0,9,0,9,6,22,15,1,44,6,0,6,50
03/20/2016,RAP,SD,AGL,WE,Federal Contract Tower,7,29,20,1,57,0,5,46,0,51,7,34,66,1,108,40,0,40,148
03/21/2016,RAP,SD,AGL,WE,Federal Contract Tower,9,19,17,1,46,0,2,39,1,42,9,21,56,2,88,52,0,52,140
03/22/2016,RAP,SD,AGL,WE,Federal Contract Tower,2,28,21,1,52,0,4,27,2,33,2,32,48,3,85,2,0,2,87
03/23/2016,RAP,SD,AGL,WE,Federal Contract Tower,1,19,6,0,26,0,0,0,0,0,1,19,6,0,26,0,0,0,26
03/24/2016,RAP,SD,AGL,WE,Federal Contract Tower,6,28,27,4,65,0,1,30,23,54,6,29,57,27,119,6,16,22,141
03/25/2016,RAP,SD,AGL,WE,Federal Contract Tower,4,33,11,0,48,0,0,6,3,9,4,33,17,3,57,0,14,14,71
03/26/2016,RAP,SD,AGL,WE,Federal Contract Tower,8,25,5,0,38,0,4,63,4,71,8,29,68,4,109,64,0,64,173
03/27/2016,RAP,SD,AGL,WE,Federal Contract Tower,6,19,5,0,30,0,2,26,7,35,6,21,31,7,65,24,0,24,89
03/28/2016,RAP,SD,AGL,WE,Federal Contract Tower,6,23,24,3,56,0,0,33,4,37,6,23,57,7,93,46,0,46,139
03/29/2016,RAP,SD,AGL,WE,Federal Contract Tower,1,31,19,5,56,0,0,26,1,27,1,31,45,6,83,16,0,16,99
03/30/2016,RAP,SD,AGL,WE,Federal Contract Tower,6,27,26,0,59,0,1,2,11,14,6,28,28,11,73,0,4,4,77
03/31/2016,RAP,SD,AGL,WE,Federal Contract Tower,4,23,17,0,44,0,0,0,0,0,4,23,17,0,44,0,0,0,44
04/01/2016,RAP,SD,AGL,WE,Federal Contract Tower,6,35,34,6,81,0,3,20,3,26,6,38,54,9,107,4,6,10,117
04/02/2016,RAP,SD,AGL,WE,Federal Contract Tower,6,17,16,2,41,0,1,59,1,61,6,18,75,3,102,68,0,68,170
04/03/2016,RAP,SD,AGL,WE,Federal Contract Tower,4,22,14,0,40,0,5,21,4,30,4,27,35,4,70,0,0,0,70
04/04/2016,RAP,SD,AGL,WE,Federal Contract Tower,3,25,22,1,51,0,1,22,0,23,3,26,44,1,74,14,0,14,88
04/05/2016,RAP,SD,AGL,WE,Federal Contract Tower,4,32,20,0,56,0,3,7,0,10,4,35,27,0,66,0,0,0,66
04/06/2016,RAP,SD,AGL,WE,Federal Contract Tower,6,32,16,2,56,0,0,6,4,10,6,32,22,6,66,4,0,4,70
04/07/2016,RAP,SD,AGL,WE,Federal Contract Tower,3,35,25,9,72,0,1,7,16,24,3,36,32,25,96,0,20,20,116
04/08/2016,RAP,SD,AGL,WE,Federal Contract Tower,7,34,22,1,64,0,2,29,13,44,7,36,51,14,108,56,2,58,166
04/09/2016,RAP,SD,AGL,WE,Federal Contract Tower,6,26,10,0,42,0,3,31,9,43,6,29,41,9,85,48,0,48,133
04/10/2016,RAP,SD,AGL,WE,Federal Contract Tower,3,26,16,0,45,0,0,15,4,19,3,26,31,4,64,0,0,0,64
04/11/2016,RAP,SD,AGL,WE,Federal Contract Tower,6,25,17,0,48,0,0,26,2,28,6,25,43,2,76,34,2,36,112
04/12/2016,RAP,SD,AGL,WE,Federal Contract Tower,5,37,22,0,64,0,0,40,8,48,5,37,62,8,112,66,6,72,184
04/13/2016,RAP,SD,AGL,WE,Federal Contract Tower,7,24,14,3,48,0,0,27,26,53,7,24,41,29,101,14,4,18,119
04/14/2016,RAP,SD,AGL,WE,Federal Contract Tower,5,37,31,2,75,0,0,26,12,38,5,37,57,14,113,4,12,16,129
04/15/2016,RAP,SD,AGL,WE,Federal Contract Tower,6,27,28,2,63,0,0,10,10,20,6,27,38,12,83,8,0,8,91
04/16/2016,RAP,SD,AGL,WE,Federal Contract Tower,3,24,12,0,39,0,0,0,0,0,3,24,12,0,39,0,0,0,39
04/17/2016,RAP,SD,AGL,WE,Federal Contract Tower,2,19,3,2,26,0,0,0,1,1,2,19,3,3,27,0,0,0,27
04/18/2016,RAP,SD,AGL,WE,Federal Contract Tower,7,25,17,0,49,0,0,0,0,0,7,25,17,0,49,0,0,0,49
04/19/2016,RAP,SD,AGL,WE,Federal Contract Tower,6,28,18,4,56,0,1,29,4,34,6,29,47,8,90,52,0,52,142
04/20/2016,RAP,SD,AGL,WE,Federal Contract Tower,8,30,23,2,63,0,0,26,12,38,8,30,49,14,101,16,2,18,119
04/21/2016,RAP,SD,AGL,WE,Federal Contract Tower,7,22,25,4,58,0,0,0,13,13,7,22,25,17,71,44,4,48,119
04/22/2016,RAP,SD,AGL,WE,Federal Contract Tower,7,29,21,3,60,0,5,19,5,29,7,34,40,8,89,28,8,36,125
04/23/2016,RAP,SD,AGL,WE,Federal Contract Tower,9,21,17,1,48,0,2,60,0,62,9,23,77,1,110,54,6,60,170
04/24/2016,RAP,SD,AGL,WE,Federal Contract Tower,3,24,16,0,43,0,0,0,0,0,3,24,16,0,43,0,0,0,43
04/25/2016,RAP,SD,AGL,WE,Federal Contract Tower,6,27,34,1,68,0,0,16,0,16,6,27,50,1,84,20,0,20,104
04/26/2016,RAP,SD,AGL,WE,Federal Contract Tower,4,29,14,1,48,0,0,0,0,0,4,29,14,1,48,0,0,0,48
04/27/2016,RAP,SD,AGL,WE,Federal Contract Tower,8,27,17,0,52,0,0,0,0,0,8,27,17,0,52,0,0,0,52
04/28/2016,RAP,SD,AGL,WE,Federal Contract Tower,7,27,11,0,45,0,0,2,0,2,7,27,13,0,47,0,0,0,47
04/29/2016,RAP,SD,AGL,WE,Federal Contract Tower,7,26,15,3,51,0,0,2,2,4,7,26,17,5,55,0,6,6,61
04/30/2016,RAP,SD,AGL,WE,Federal Contract Tower,11,22,3,0,36,0,2,6,0,8,11,24,9,0,44,0,0,0,44
05/01/2016,RAP,SD,AGL,WE,Federal Contract Tower,2,24,11,0,37,0,6,26,4,36,2,30,37,4,73,4,0,4,77
05/02/2016,RAP,SD,AGL,WE,Federal Contract Tower,6,26,11,0,43,0,3,27,0,30,6,29,38,0,73,8,0,8,81
05/03/2016,RAP,SD,AGL,WE,Federal Contract Tower,4,34,21,2,61,0,1,27,3,31,4,35,48,5,92,0,2,2,94
05/04/2016,RAP,SD,AGL,WE,Federal Contract Tower,6,34,19,1,60,0,3,42,11,56,6,37,61,12,116,34,2,36,152
05/05/2016,RAP,SD,AGL,WE,Federal Contract Tower,5,30,26,0,61,0,1,59,6,66,5,31,85,6,127,44,0,44,171
05/06/2016,RAP,SD,AGL,WE,Federal Contract Tower,7,37,16,1,61,0,1,22,7,30,7,38,38,8,91,12,0,12,103
05/07/2016,RAP,SD,AGL,WE,Federal Contract Tower,5,32,10,0,47,0,1,17,2,20,5,33,27,2,67,0,0,0,67
05/08/2016,RAP,SD,AGL,WE,Federal Contract Tower,9,18,12,0,39,0,1,13,0,14,9,19,25,0,53,6,0,6,59
05/09/2016,RAP,SD,AGL,WE,Federal Contract Tower,8,32,13,2,55,0,1,9,0,10,8,33,22,2,65,16,0,16,81
05/10/2016,RAP,SD,AGL,WE,Federal Contract Tower,5,36,25,0,66,0,1,19,0,20,5,37,44,0,86,34,0,34,120
05/11/2016,RAP,SD,AGL,WE,Federal Contract Tower,8,30,18,0,56,0,0,25,2,27,8,30,43,2,83,24,0,24,107
05/12/2016,RAP,SD,AGL,WE,Federal Contract Tower,4,34,35,0,73,0,3,74,22,99,4,37,109,22,172,62,20,82,254
05/13/2016,RAP,SD,AGL,WE,Federal Contract Tower,8,35,25,2,70,0,1,21,16,38,8,36,46,18,108,12,8,20,128
05/14/2016,RAP,SD,AGL,WE,Federal Contract Tower,7,22,12,0,41,0,0,40,0,40,7,22,52,0,81,24,0,24,105
05/15/2016,RAP,SD,AGL,WE,Federal Contract Tower,7,18,22,0,47,0,1,20,2,23,7,19,42,2,70,16,0,16,86
05/16/2016,RAP,SD,AGL,WE,Federal Contract Tower,7,34,22,1,64,0,0,20,0,20,7,34,42,1,84,14,0,14,98
05/17/2016,RAP,SD,AGL,WE,Federal Contract Tower,6,37,25,1,69,0,2,67,9,78,6,39,92,10,147,8,14,22,169
05/18/2016,RAP,SD,AGL,WE,Federal Contract Tower,10,33,34,2,79,0,3,47,22,72,10,36,81,24,151,10,34,44,195
05/19/2016,RAP,SD,AGL,WE,Federal Contract Tower,6,30,33,2,71,0,1,47,4,52,6,31,80,6,123,28,0,28,151
05/20/2016,RAP,SD,AGL,WE,Federal Contract Tower,11,33,27,4,75,0,1,29,10,40,11,34,56,14,115,6,0,6,121
05/21/2016,RAP,SD,AGL,WE,Federal Contract Tower,5,21,8,0,34,0,0,2,0,2,5,21,10,0,36,0,0,0,36
05/22/2016,RAP,SD,AGL,WE,Federal Contract Tower,7,28,19,0,54,0,2,24,0,26,7,30,43,0,80,34,0,34,114
05/23/2016,RAP,SD,AGL,WE,Federal Contract Tower,10,33,31,2,76,0,1,30,0,31,10,34,61,2,107,6,0,6,113
05/24/2016,RAP,SD,AGL,WE,Federal Contract Tower,6,29,25,0,60,0,2,14,2,18,6,31,39,2,78,10,0,10,88
05/25/2016,RAP,SD,AGL,WE,Federal Contract Tower,9,38,35,2,84,0,1,42,20,63,9,39,77,22,147,82,0,82,229
05/26/2016,RAP,SD,AGL,WE,Federal Contract Tower,4,24,20,4,52,0,0,34,13,47,4,24,54,17,99,20,18,38,137
05/27/2016,RAP,SD,AGL,WE,Federal Contract Tower,10,34,18,1,63,0,3,18,2,23,10,37,36,3,86,74,0,74,160
05/28/2016,RAP,SD,AGL,WE,Federal Contract Tower,5,24,9,0,38,0,1,30,1,32,5,25,39,1,70,26,0,26,96
05/29/2016,RAP,SD,AGL,WE,Federal Contract Tower,8,24,13,0,45,0,2,23,0,25,8,26,36,0,70,0,0,0,70
05/30/2016,RAP,SD,AGL,WE,Federal Contract Tower,13,24,13,14,64,0,1,26,4,31,13,25,39,18,95,56,0,56,151
05/31/2016,RAP,SD,AGL,WE,Federal Contract Tower,6,28,22,0,56,0,10,11,0,21,6,38,33,0,77,12,0,12,89
06/01/2016,RAP,SD,AGL,WE,Federal Contract Tower,7,40,17,0,64,0,3,29,2,34,7,43,46,2,98,54,0,54,152
06/02/2016,RAP,SD,AGL,WE,Federal Contract Tower,7,34,21,0,62,0,0,44,11,55,7,34,65,11,117,36,2,38,155
06/03/2016,RAP,SD,AGL,WE,Federal Contract Tower,10,32,16,0,58,0,2,22,4,28,10,34,38,4,86,0,0,0,86
06/04/2016,RAP,SD,AGL,WE,Federal Contract Tower,10,26,8,0,44,0,0,25,0,25,10,26,33,0,69,10,0,10,79
06/05/2016,RAP,SD,AGL,WE,Federal Contract Tower,9,24,13,1,47,0,1,32,0,33,9,25,45,1,80,0,0,0,80
06/06/2016,RAP,SD,AGL,WE,Federal Contract Tower,13,30,32,0,75,0,1,28,8,37,13,31,60,8,112,8,0,8,120
06/07/2016,RAP,SD,AGL,WE,Federal Contract Tower,6,29,10,3,48,0,0,25,7,32,6,29,35,10,80,64,2,66,146
06/08/2016,RAP,SD,AGL,WE,Federal Contract Tower,8,29,21,0,58,0,1,27,8,36,8,30,48,8,94,60,2,62,156
06/09/2016,RAP,SD,AGL,WE,Federal Contract Tower,9,36,21,2,68,0,1,37,1,39,9,37,58,3,107,78,0,78,185
06/10/2016,RAP,SD,AGL,WE,Federal Contract Tower,12,35,29,2,78,0,0,59,6,65,12,35,88,8,143,140,0,140,283
06/11/2016,RAP,SD,AGL,WE,Federal Contract Tower,11,35,16,2,64,0,4,26,2,32,11,39,42,4,96,10,0,10,106
06/12/2016,RAP,SD,AGL,WE,Federal Contract Tower,11,31,30,1,73,0,3,19,4,26,11,34,49,5,99,0,0,0,99
06/13/2016,RAP,SD,AGL,WE,Federal Contract Tower,11,39,26,0,76,0,2,22,13,37,11,41,48,13,113,10,8,18,131
06/14/2016,RAP,SD,AGL,WE,Federal Contract Tower,5,51,17,3,76,0,0,38,26,64,5,51,55,29,140,30,26,56,196
06/15/2016,RAP,SD,AGL,WE,Federal Contract Tower,10,35,28,2,75,0,0,38,6,44,10,35,66,8,119,36,0,36,155
06/16/2016,RAP,SD,AGL,WE,Federal Contract Tower,8,37,35,11,91,0,1,38,10,49,8,38,73,21,140,14,0,14,154
06/17/2016,RAP,SD,AGL,WE,Federal Contract Tower,12,45,27,4,88,0,1,32,18,51,12,46,59,22,139,10,0,10,149
06/18/2016,RAP,SD,AGL,WE,Federal Contract Tower,12,45,22,0,79,0,1,33,9,43,12,46,55,9,122,34,0,34,156
06/19/2016,RAP,SD,AGL,WE,Federal Contract Tower,10,33,22,1,66,0,1,37,7,45,10,34,59,8,111,6,0,6,117
06/20/2016,RAP,SD,AGL,WE,Federal Contract Tower,10,37,30,5,82,0,4,48,6,58,10,41,78,11,140,58,0,58,198
06/21/2016,RAP,SD,AGL,WE,Federal Contract Tower,6,49,37,2,94,0,1,54,15,70,6,50,91,17,164,68,0,68,232
06/22/2016,RAP,SD,AGL,WE,Federal Contract Tower,10,41,33,4,88,0,1,31,4,36,10,42,64,8,124,34,2,36,160
06/23/2016,RAP,SD,AGL,WE,Federal Contract Tower,12,40,21,3,76,0,0,41,19,60,12,40,62,22,136,24,8,32,168
06/24/2016,RAP,SD,AGL,WE,Federal Contract Tower,12,37,25,0,74,2,19,39,5,65,14,56,64,5,139,8,0,8,147
06/25/2016,RAP,SD,AGL,WE,Federal Contract Tower,12,33,20,0,65,14,33,37,4,88,26,66,57,4,153,0,0,0,153
06/26/2016,RAP,SD,AGL,WE,Federal Contract Tower,11,25,14,0,50,10,27,51,2,90,21,52,65,2,140,4,0,4,144
06/27/2016,RAP,SD,AGL,WE,Federal Contract Tower,11,32,28,1,72,5,28,45,0,78,16,60,73,1,150,26,0,26,176
06/28/2016,RAP,SD,AGL,WE,Federal Contract Tower,10,44,27,0,81,1,9,45,2,57,11,53,72,2,138,20,0,20,158
06/29/2016,RAP,SD,AGL,WE,Federal Contract Tower,10,38,27,2,77,0,3,51,12,66,10,41,78,14,143,24,0,24,167
06/30/2016,RAP,SD,AGL,WE,Federal Contract Tower,8,36,21,3,68,0,8,65,5,78,8,44,86,8,146,68,0,68,214
07/01/2016,RAP,SD,AGL,WE,Federal Contract Tower,13,45,31,2,91,0,2,18,3,23,13,47,49,5,114,6,0,6,120
07/02/2016,RAP,SD,AGL,WE,Federal Contract Tower,18,55,24,1,98,0,2,31,1,34,18,57,55,2,132,24,0,24,156
07/03/2016,RAP,SD,AGL,WE,Federal Contract Tower,16,24,3,0,43,0,1,32,0,33,16,25,35,0,76,26,0,26,102
07/04/2016,RAP,SD,AGL,WE,Federal Contract Tower,15,22,11,0,48,0,2,39,0,41,15,24,50,0,89,38,0,38,127
07/05/2016,RAP,SD,AGL,WE,Federal Contract Tower,8,42,39,0,89,0,3,35,4,42,8,45,74,4,131,16,0,16,147
07/06/2016,RAP,SD,AGL,WE,Federal Contract Tower,11,52,26,0,89,0,1,18,0,19,11,53,44,0,108,22,0,22,130
07/07/2016,RAP,SD,AGL,WE,Federal Contract Tower,10,51,27,0,88,0,4,45,19,68,10,55,72,19,156,40,0,40,196
07/08/2016,RAP,SD,AGL,WE,Federal Contract Tower,19,40,35,2,96,0,5,50,2,57,19,45,85,4,153,118,0,118,271
07/09/2016,RAP,SD,AGL,WE,Federal Contract Tower,12,38,22,1,73,0,11,26,2,39,12,49,48,3,112,18,0,18,130
07/10/2016,RAP,SD,AGL,WE,Federal Contract Tower,13,38,10,0,61,0,3,32,0,35,13,41,42,0,96,18,0,18,114
07/11/2016,RAP,SD,AGL,WE,Federal Contract Tower,11,37,28,2,78,0,9,24,0,33,11,46,52,2,111,14,0,14,125
07/12/2016,RAP,SD,AGL,WE,Federal Contract Tower,9,43,38,2,92,0,2,55,2,59,9,45,93,4,151,60,0,60,211
07/13/2016,RAP,SD,AGL,WE,Federal Contract Tower,13,41,27,4,85,0,1,53,20,74,13,42,80,24,159,38,0,38,197
07/14/2016,RAP,SD,AGL,WE,Federal Contract Tower,7,41,39,6,93,0,1,34,3,38,7,42,73,9,131,26,0,26,157
07/15/2016,RAP,SD,AGL,WE,Federal Contract Tower,16,41,21,0,78,0,2,31,2,35,16,43,52,2,113,18,0,18,131
07/16/2016,RAP,SD,AGL,WE,Federal Contract Tower,12,42,17,0,71,0,1,32,0,33,12,43,49,0,104,52,0,52,156
07/17/2016,RAP,SD,AGL,WE,Federal Contract Tower,10,37,18,0,65,16,15,34,13,78,26,52,52,13,143,8,0,8,151
07/18/2016,RAP,SD,AGL,WE,Federal Contract Tower,16,33,26,3,78,2,6,44,8,60,18,39,70,11,138,22,0,22,160
07/19/2016,RAP,SD,AGL,WE,Federal Contract Tower,8,55,28,0,91,0,1,50,2,53,8,56,78,2,144,110,0,110,254
07/20/2016,RAP,SD,AGL,WE,Federal Contract Tower,11,52,21,7,91,0,2,47,11,60,11,54,68,18,151,22,12,34,185
07/21/2016,RAP,SD,AGL,WE,Federal Contract Tower,9,55,34,0,98,0,1,55,0,56,9,56,89,0,154,94,0,94,248
07/22/2016,RAP,SD,AGL,WE,Federal Contract Tower,13,44,33,1,91,0,1,35,0,36,13,45,68,1,127,30,0,30,157
07/23/2016,RAP,SD,AGL,WE,Federal Contract Tower,14,34,12,0,60,0,6,37,2,45,14,40,49,2,105,8,0,8,113
07/24/2016,RAP,SD,AGL,WE,Federal Contract Tower,15,34,25,0,74,2,4,59,13,78,17,38,84,13,152,20,0,20,172
07/25/2016,RAP,SD,AGL,WE,Federal Contract Tower,10,42,26,0,78,0,2,34,8,44,10,44,60,8,122,24,0,24,146
07/26/2016,RAP,SD,AGL,WE,Federal Contract Tower,10,50,30,2,92,0,3,16,3,22,10,53,46,5,114,16,0,16,130
07/27/2016,RAP,SD,AGL,WE,Federal Contract Tower,11,46,22,0,79,0,0,28,5,33,11,46,50,5,112,16,0,16,128
07/28/2016,RAP,SD,AGL,WE,Federal Contract Tower,10,42,34,3,89,0,0,44,15,59,10,42,78,18,148,100,8,108,256
07/29/2016,RAP,SD,AGL,WE,Federal Contract Tower,12,42,35,1,90,0,3,56,6,65,12,45,91,7,155,86,16,102,257
07/30/2016,RAP,SD,AGL,WE,Federal Contract Tower,12,37,13,4,66,0,6,40,2,48,12,43,53,6,114,10,0,10,124
07/31/2016,RAP,SD,AGL,WE,Federal Contract Tower,11,36,25,3,75,0,0,50,1,51,11,36,75,4,126,26,0,26,152
08/01/2016,RAP,SD,AGL,WE,Federal Contract Tower,14,44,28,4,90,0,0,32,2,34,14,44,60,6,124,20,0,20,144
08/02/2016,RAP,SD,AGL,WE,Federal Contract Tower,8,41,24,3,76,0,0,37,4,41,8,41,61,7,117,80,2,82,199
08/03/2016,RAP,SD,AGL,WE,Federal Contract Tower,9,50,31,1,91,0,1,34,23,58,9,51,65,24,149,50,0,50,199
08/04/2016,RAP,SD,AGL,WE,Federal Contract Tower,9,49,47,3,108,0,1,29,4,34,9,50,76,7,142,0,0,0,142
08/05/2016,RAP,SD,AGL,WE,Federal Contract Tower,12,46,37,0,95,0,0,29,2,31,12,46,66,2,126,2,0,2,128
08/06/2016,RAP,SD,AGL,WE,Federal Contract Tower,12,52,20,0,84,0,0,36,18,54,12,52,56,18,138,36,22,58,196
08/07/2016,RAP,SD,AGL,WE,Federal Contract Tower,11,36,28,1,76,0,3,25,10,38,11,39,53,11,114,0,12,12,126
08/08/2016,RAP,SD,AGL,WE,Federal Contract Tower,10,40,30,0,80,0,5,50,0,55,10,45,80,0,135,38,0,38,173
08/09/2016,RAP,SD,AGL,WE,Federal Contract Tower,9,43,20,0,72,0,0,32,0,32,9,43,52,0,104,42,0,42,146
08/10/2016,RAP,SD,AGL,WE,Federal Contract Tower,8,46,31,2,87,0,1,38,0,39,8,47,69,2,126,26,0,26,152
08/11/2016,RAP,SD,AGL,WE,Federal Contract Tower,10,48,34,0,92,0,2,25,11,38,10,50,59,11,130,10,2,12,142
08/12/2016,RAP,SD,AGL,WE,Federal Contract Tower,12,47,23,0,82,0,1,23,9,33,12,48,46,9,115,16,0,16,131
08/13/2016,RAP,SD,AGL,WE,Federal Contract Tower,12,39,19,0,70,0,1,51,1,53,12,40,70,1,123,52,0,52,175
08/14/2016,RAP,SD,AGL,WE,Federal Contract Tower,17,28,14,0,59,0,2,35,0,37,17,30,49,0,96,16,0,16,112
08/15/2016,RAP,SD,AGL,WE,Federal Contract Tower,14,35,21,0,70,0,0,25,0,25,14,35,46,0,95,30,0,30,125
08/16/2016,RAP,SD,AGL,WE,Federal Contract Tower,13,45,34,1,93,0,8,23,9,40,13,53,57,10,133,28,0,28,161
08/17/2016,RAP,SD,AGL,WE,Federal Contract Tower,13,45,33,3,94,0,2,48,11,61,13,47,81,14,155,50,0,50,205
08/18/2016,RAP,SD,AGL,WE,Federal Contract Tower,15,37,46,2,100,3,2,24,3,32,18,39,70,5,132,22,0,22,154
08/19/2016,RAP,SD,AGL,WE,Federal Contract Tower,17,35,15,6,73,0,1,11,2,14,17,36,26,8,87,18,0,18,105
08/20/2016,RAP,SD,AGL,WE,Federal Contract Tower,14,40,16,0,70,0,2,111,7,120,14,42,127,7,190,36,0,36,226
08/21/2016,RAP,SD,AGL,WE,Federal Contract Tower,14,26,22,2,64,0,0,89,0,89,14,26,111,2,153,26,0,26,179
08/22/2016,RAP,SD,AGL,WE,Federal Contract Tower,16,33,38,0,87,0,0,46,1,47,16,33,84,1,134,24,0,24,158
08/23/2016,RAP,SD,AGL,WE,Federal Contract Tower,13,37,21,2,73,0,1,5,3,9,13,38,26,5,82,2,0,2,84
08/24/2016,RAP,SD,AGL,WE,Federal Contract Tower,13,36,21,3,73,0,5,41,18,64,13,41,62,21,137,20,10,30,167
08/25/2016,RAP,SD,AGL,WE,Federal Contract Tower,13,35,22,5,75,0,2,30,16,48,13,37,52,21,123,18,10,28,151
08/26/2016,RAP,SD,AGL,WE,Federal Contract Tower,16,43,28,5,92,0,0,13,9,22,16,43,41,14,114,24,24,48,162
08/27/2016,RAP,SD,AGL,WE,Federal Contract Tower,11,30,18,2,61,0,1,33,5,39,11,31,51,7,100,44,0,44,144
08/28/2016,RAP,SD,AGL,WE,Federal Contract Tower,13,26,22,1,62,0,3,24,0,27,13,29,46,1,89,10,0,10,99
08/29/2016,RAP,SD,AGL,WE,Federal Contract Tower,16,32,22,0,70,0,0,26,1,27,16,32,48,1,97,26,0,26,123
08/30/2016,RAP,SD,AGL,WE,Federal Contract Tower,14,31,23,1,69,0,0,16,2,18,14,31,39,3,87,42,2,44,131
08/31/2016,RAP,SD,AGL,WE,Federal Contract Tower,12,41,29,5,87,0,1,27,14,42,12,42,56,19,129,16,12,28,157
09/01/2016,RAP,SD,AGL,WE,Federal Contract Tower,11,44,22,8,85,0,1,30,11,42,11,45,52,19,127,8,0,8,135
09/02/2016,RAP,SD,AGL,WE,Federal Contract Tower,16,42,33,0,91,0,1,26,11,38,16,43,59,11,129,12,0,12,141
09/03/2016,RAP,SD,AGL,WE,Federal Contract Tower,12,22,13,0,47,0,0,26,0,26,12,22,39,0,73,6,0,6,79
09/04/2016,RAP,SD,AGL,WE,Federal Contract Tower,10,24,11,0,45,0,0,7,0,7,10,24,18,0,52,0,0,0,52
09/05/2016,RAP,SD,AGL,WE,Federal Contract Tower,17,34,15,2,68,0,1,23,0,24,17,35,38,2,92,16,0,16,108
09/06/2016,RAP,SD,AGL,WE,Federal Contract Tower,11,35,20,0,66,0,1,21,0,22,11,36,41,0,88,40,0,40,128
09/07/2016,RAP,SD,AGL,WE,Federal Contract Tower,9,43,28,0,80,0,2,33,11,46,9,45,61,11,126,42,0,42,168
09/08/2016,RAP,SD,AGL,WE,Federal Contract Tower,7,42,35,0,84,0,1,43,18,62,7,43,78,18,146,32,10,42,188
09/09/2016,RAP,SD,AGL,WE,Federal Contract Tower,12,33,16,3,64,0,1,9,17,27,12,34,25,20,91,0,0,0,91
09/10/2016,RAP,SD,AGL,WE,Federal Contract Tower,8,23,3,2,36,0,2,36,26,64,8,25,39,28,100,12,0,12,112
09/11/2016,RAP,SD,AGL,WE,Federal Contract Tower,10,32,12,0,54,0,1,39,0,40,10,33,51,0,94,0,0,0,94
09/12/2016,RAP,SD,AGL,WE,Federal Contract Tower,14,39,17,0,70,0,0,9,1,10,14,39,26,1,80,2,0,2,82
09/13/2016,RAP,SD,AGL,WE,Federal Contract Tower,8,42,29,4,83,0,1,22,2,25,8,43,51,6,108,10,0,10,118
09/14/2016,RAP,SD,AGL,WE,Federal Contract Tower,9,35,15,2,61,0,3,25,18,46,9,38,40,20,107,12,8,20,127
09/15/2016,RAP,SD,AGL,WE,Federal Contract Tower,9,40,40,1,90,0,0,31,28,59,9,40,71,29,149,6,0,6,155
09/16/2016,RAP,SD,AGL,WE,Federal Contract Tower,14,37,14,1,66,0,2,60,5,67,14,39,74,6,133,28,0,28,161
09/17/2016,RAP,SD,AGL,WE,Federal Contract Tower,9,38,18,0,65,0,0,52,0,52,9,38,70,0,117,24,0,24,141
09/18/2016,RAP,SD,AGL,WE,Federal Contract Tower,10,27,21,2,60,0,0,35,0,35,10,27,56,2,95,38,0,38,133
09/19/2016,RAP,SD,AGL,WE,Federal Contract Tower,14,31,28,1,74,0,0,33,1,34,14,31,61,2,108,36,0,36,144
09/20/2016,RAP,SD,AGL,WE,Federal Contract Tower,8,37,32,0,77,0,3,51,8,62,8,40,83,8,139,22,2,24,163
09/21/2016,RAP,SD,AGL,WE,Federal Contract Tower,7,41,51,0,99,0,1,27,22,50,7,42,78,22,149,20,14,34,183
09/22/2016,RAP,SD,AGL,WE,Federal Contract Tower,9,31,29,1,70,0,1,7,10,18,9,32,36,11,88,20,0,20,108
09/23/2016,RAP,SD,AGL,WE,Federal Contract Tower,14,36,24,2,76,0,0,11,0,11,14,36,35,2,87,6,0,6,93
09/24/2016,RAP,SD,AGL,WE,Federal Contract Tower,7,30,7,1,45,0,1,13,1,15,7,31,20,2,60,26,0,26,86
09/25/2016,RAP,SD,AGL,WE,Federal Contract Tower,10,28,17,0,55,0,0,10,3,13,10,28,27,3,68,0,0,0,68
09/26/2016,RAP,SD,AGL,WE,Federal Contract Tower,14,29,26,0,69,0,2,34,1,37,14,31,60,1,106,20,0,20,126
09/27/2016,RAP,SD,AGL,WE,Federal Contract Tower,8,35,25,0,68,0,0,49,2,51,8,35,74,2,119,42,0,42,161
09/28/2016,RAP,SD,AGL,WE,Federal Contract Tower,9,36,30,0,75,0,0,54,7,61,9,36,84,7,136,36,2,38,174
09/29/2016,RAP,SD,AGL,WE,Federal Contract Tower,9,37,28,4,78,0,2,35,7,44,9,39,63,11,122,16,16,32,154
09/30/2016,RAP,SD,AGL,WE,Federal Contract Tower,14,36,35,0,85,0,4,28,1,33,14,40,63,1,118,44,0,44,162
10/01/2016,RAP,SD,AGL,WE,Federal Contract Tower,9,39,24,2,74,0,9,37,22,68,9,48,61,24,142,44,2,46,188
10/02/2016,RAP,SD,AGL,WE,Federal Contract Tower,11,26,23,3,63,0,1,28,0,29,11,27,51,3,92,0,0,0,92
10/03/2016,RAP,SD,AGL,WE,Federal Contract Tower,16,35,17,0,68,0,0,10,0,10,16,35,27,0,78,18,0,18,96
10/04/2016,RAP,SD,AGL,WE,Federal Contract Tower,8,38,22,1,69,0,1,10,2,13,8,39,32,3,82,14,0,14,96
10/05/2016,RAP,SD,AGL,WE,Federal Contract Tower,12,37,12,4,65,0,1,49,34,84,12,38,61,38,149,16,14,30,179
10/06/2016,RAP,SD,AGL,WE,Federal Contract Tower,14,34,22,0,70,0,0,20,13,33,14,34,42,13,103,30,46,76,179
10/07/2016,RAP,SD,AGL,WE,Federal Contract Tower,24,33,29,0,86,0,2,38,2,42,24,35,67,2,128,14,0,14,142
10/09/2016,RAP,SD,AGL,WE,Federal Contract Tower,13,14,10,0,37,0,5,10,0,15,13,19,20,0,52,12,0,12,64
10/10/2016,RAP,SD,AGL,WE,Federal Contract Tower,18,18,20,0,56,0,0,26,5,31,18,18,46,5,87,22,0,22,109
10/11/2016,RAP,SD,AGL,WE,Federal Contract Tower,13,34,34,0,81,0,0,2,0,2,13,34,36,0,83,2,0,2,85
10/12/2016,RAP,SD,AGL,WE,Federal Contract Tower,15,24,25,3,67,0,0,48,11,59,15,24,73,14,126,0,0,0,126
10/13/2016,RAP,SD,AGL,WE,Federal Contract Tower,14,28,22,2,66,0,1,34,13,48,14,29,56,15,114,14,0,14,128
10/14/2016,RAP,SD,AGL,WE,Federal Contract Tower,18,29,23,5,75,0,1,21,3,25,18,30,44,8,100,8,0,8,108
10/15/2016,RAP,SD,AGL,WE,Federal Contract Tower,16,26,23,2,67,0,2,23,16,41,16,28,46,18,108,30,4,34,142
10/16/2016,RAP,SD,AGL,WE,Federal Contract Tower,13,18,23,0,54,0,2,18,2,22,13,20,41,2,76,0,0,0,76
10/17/2016,RAP,SD,AGL,WE,Federal Contract Tower,18,22,10,0,50,0,0,9,0,9,18,22,19,0,59,0,0,0,59
10/18/2016,RAP,SD,AGL,WE,Federal Contract Tower,14,26,22,2,64,0,0,39,9,48,14,26,61,11,112,16,8,24,136
10/19/2016,RAP,SD,AGL,WE,Federal Contract Tower,13,28,23,2,66,0,0,23,14,37,13,28,46,16,103,22,0,22,125
10/20/2016,RAP,SD,AGL,WE,Federal Contract Tower,14,27,25,5,71,0,1,46,10,57,14,28,71,15,128,76,2,78,206
10/21/2016,RAP,SD,AGL,WE,Federal Contract Tower,18,23,24,2,67,0,1,45,0,46,18,24,69,2,113,28,0,28,141
10/22/2016,RAP,SD,AGL,WE,Federal Contract Tower,15,23,14,2,54,0,1,34,0,35,15,24,48,2,89,40,0,40,129
10/23/2016,RAP,SD,AGL,WE,Federal Contract Tower,12,18,23,0,53,0,0,39,1,40,12,18,62,1,93,16,0,16,109
10/24/2016,RAP,SD,AGL,WE,Federal Contract Tower,16,21,27,0,64,0,0,21,0,21,16,21,48,0,85,32,0,32,117
10/25/2016,RAP,SD,AGL,WE,Federal Contract Tower,14,23,26,0,63,0,7,52,6,65,14,30,78,6,128,26,0,26,154
10/26/2016,RAP,SD,AGL,WE,Federal Contract Tower,13,32,34,1,80,0,1,37,20,58,13,33,71,21,138,36,2,38,176
10/27/2016,RAP,SD,AGL,WE,Federal Contract Tower,14,27,17,2,60,0,2,26,13,41,14,29,43,15,101,46,12,58,159
10/28/2016,RAP,SD,AGL,WE,Federal Contract Tower,18,31,21,0,70,0,1,44,2,47,18,32,65,2,117,16,2,18,135
10/29/2016,RAP,SD,AGL,WE,Federal Contract Tower,15,22,11,0,48,0,0,0,0,0,15,22,11,0,48,0,0,0,48
10/30/2016,RAP,SD,AGL,WE,Federal Contract Tower,10,22,18,0,50,0,7,23,2,32,10,29,41,2,82,22,0,22,104
10/31/2016,RAP,SD,AGL,WE,Federal Contract Tower,14,20,15,0,49,0,3,9,1,13,14,23,24,1,62,0,0,0,62
11/01/2016,RAP,SD,AGL,WE,Federal Contract Tower,9,31,26,0,66,0,0,27,5,32,9,31,53,5,98,12,10,22,120
11/02/2016,RAP,SD,AGL,WE,Federal Contract Tower,9,29,20,1,59,0,2,31,0,33,9,31,51,1,92,54,0,54,146
11/03/2016,RAP,SD,AGL,WE,Federal Contract Tower,9,25,22,2,58,0,0,37,17,54,9,25,59,19,112,34,12,46,158
11/04/2016,RAP,SD,AGL,WE,Federal Contract Tower,14,36,21,0,71,0,0,24,17,41,14,36,45,17,112,18,2,20,132
11/05/2016,RAP,SD,AGL,WE,Federal Contract Tower,5,24,12,2,43,0,0,33,22,55,5,24,45,24,98,42,16,58,156
11/06/2016,RAP,SD,AGL,WE,Federal Contract Tower,12,13,12,0,37,0,0,25,15,40,12,13,37,15,77,10,12,22,99
11/07/2016,RAP,SD,AGL,WE,Federal Contract Tower,13,19,19,0,51,0,0,34,0,34,13,19,53,0,85,36,0,36,121
11/08/2016,RAP,SD,AGL,WE,Federal Contract Tower,10,26,24,0,60,0,0,21,0,21,10,26,45,0,81,4,0,4,85
11/09/2016,RAP,SD,AGL,WE,Federal Contract Tower,6,26,23,2,57,0,0,39,16,55,6,26,62,18,112,94,6,100,212
11/10/2016,RAP,SD,AGL,WE,Federal Contract Tower,9,25,22,5,61,0,1,22,11,34,9,26,44,16,95,46,2,48,143
11/11/2016,RAP,SD,AGL,WE,Federal Contract Tower,13,26,20,0,59,0,0,21,4,25,13,26,41,4,84,12,0,12,96
11/12/2016,RAP,SD,AGL,WE,Federal Contract Tower,6,21,9,0,36,0,1,27,2,30,6,22,36,2,66,18,4,22,88
11/13/2016,RAP,SD,AGL,WE,Federal Contract Tower,8,20,15,0,43,0,0,18,0,18,8,20,33,0,61,8,0,8,69
11/14/2016,RAP,SD,AGL,WE,Federal Contract Tower,13,25,13,0,51,0,1,18,0,19,13,26,31,0,70,4,0,4,74
11/15/2016,RAP,SD,AGL,WE,Federal Contract Tower,11,22,7,3,43,0,2,45,4,51,11,24,52,7,94,20,0,20,114
11/16/2016,RAP,SD,AGL,WE,Federal Contract Tower,7,26,23,2,58,0,1,22,25,48,7,27,45,27,106,6,2,8,114
11/17/2016,RAP,SD,AGL,WE,Federal Contract Tower,8,21,11,1,41,0,0,0,0,0,8,21,11,1,41,0,0,0,41
11/18/2016,RAP,SD,AGL,WE,Federal Contract Tower,12,30,14,0,56,0,0,11,6,17,12,30,25,6,73,8,0,8,81
11/19/2016,RAP,SD,AGL,WE,Federal Contract Tower,6,30,11,2,49,0,1,25,3,29,6,31,36,5,78,18,4,22,100
11/20/2016,RAP,SD,AGL,WE,Federal Contract Tower,9,17,12,0,38,0,1,18,2,21,9,18,30,2,59,22,0,22,81
11/21/2016,RAP,SD,AGL,WE,Federal Contract Tower,15,24,25,1,65,0,2,16,0,18,15,26,41,1,83,0,0,0,83
11/22/2016,RAP,SD,AGL,WE,Federal Contract Tower,7,30,22,2,61,0,0,4,7,11,7,30,26,9,72,6,12,18,90
11/23/2016,RAP,SD,AGL,WE,Federal Contract Tower,9,27,13,0,49,0,2,20,7,29,9,29,33,7,78,38,0,38,116
11/24/2016,RAP,SD,AGL,WE,Federal Contract Tower,4,11,2,0,17,0,0,0,0,0,4,11,2,0,17,0,0,0,17
11/25/2016,RAP,SD,AGL,WE,Federal Contract Tower,13,16,9,7,45,0,4,32,0,36,13,20,41,7,81,24,4,28,109
11/26/2016,RAP,SD,AGL,WE,Federal Contract Tower,12,19,7,0,38,0,0,22,0,22,12,19,29,0,60,0,0,0,60
11/27/2016,RAP,SD,AGL,WE,Federal Contract Tower,11,17,19,0,47,0,3,9,1,13,11,20,28,1,60,0,0,0,60
11/28/2016,RAP,SD,AGL,WE,Federal Contract Tower,13,27,23,2,65,0,0,2,0,2,13,27,25,2,67,0,0,0,67
11/29/2016,RAP,SD,AGL,WE,Federal Contract Tower,9,26,8,0,43,0,0,0,0,0,9,26,8,0,43,0,0,0,43
11/30/2016,RAP,SD,AGL,WE,Federal Contract Tower,11,28,11,4,54,0,0,4,5,9,11,28,15,9,63,0,0,0,63
12/01/2016,RAP,SD,AGL,WE,Federal Contract Tower,9,23,34,0,66,0,0,24,22,46,9,23,58,22,112,8,24,32,144
12/02/2016,RAP,SD,AGL,WE,Federal Contract Tower,11,27,19,2,59,0,0,27,23,50,11,27,46,25,109,0,0,0,109
12/03/2016,RAP,SD,AGL,WE,Federal Contract Tower,7,16,4,2,29,0,1,23,22,46,7,17,27,24,75,60,8,68,143
12/04/2016,RAP,SD,AGL,WE,Federal Contract Tower,9,19,13,2,43,0,0,29,6,35,9,19,42,8,78,24,0,24,102
12/05/2016,RAP,SD,AGL,WE,Federal Contract Tower,10,23,20,1,54,0,0,0,0,0,10,23,20,1,54,0,0,0,54
12/06/2016,RAP,SD,AGL,WE,Federal Contract Tower,6,28,18,3,55,0,0,5,8,13,6,28,23,11,68,0,0,0,68
12/07/2016,RAP,SD,AGL,WE,Federal Contract Tower,7,37,18,3,65,0,4,3,0,7,7,41,21,3,72,0,0,0,72
12/08/2016,RAP,SD,AGL,WE,Federal Contract Tower,7,25,23,2,57,0,1,24,25,50,7,26,47,27,107,0,8,8,115
12/09/2016,RAP,SD,AGL,WE,Federal Contract Tower,10,24,29,4,67,0,0,9,2,11,10,24,38,6,78,0,14,14,92
12/10/2016,RAP,SD,AGL,WE,Federal Contract Tower,7,18,11,0,36,0,0,1,0,1,7,18,12,0,37,0,0,0,37
12/11/2016,RAP,SD,AGL,WE,Federal Contract Tower,13,18,10,2,43,0,1,12,1,14,13,19,22,3,57,2,0,2,59
12/12/2016,RAP,SD,AGL,WE,Federal Contract Tower,10,26,19,1,56,0,0,1,0,1,10,26,20,1,57,0,0,0,57
12/13/2016,RAP,SD,AGL,WE,Federal Contract Tower,7,22,23,1,53,0,5,18,4,27,7,27,41,5,80,10,0,10,90
12/14/2016,RAP,SD,AGL,WE,Federal Contract Tower,8,30,34,2,74,0,0,17,16,33,8,30,51,18,107,54,0,54,161
12/15/2016,RAP,SD,AGL,WE,Federal Contract Tower,9,29,20,0,58,0,0,3,15,18,9,29,23,15,76,0,8,8,84
12/16/2016,RAP,SD,AGL,WE,Federal Contract Tower,5,27,2,0,34,0,0,0,0,0,5,27,2,0,34,0,0,0,34
12/17/2016,RAP,SD,AGL,WE,Federal Contract Tower,2,28,7,0,37,0,2,8,1,11,2,30,15,1,48,4,0,4,52
12/18/2016,RAP,SD,AGL,WE,Federal Contract Tower,1,23,11,0,35,0,0,11,0,11,1,23,22,0,46,26,0,26,72
12/19/2016,RAP,SD,AGL,WE,Federal Contract Tower,7,31,13,0,51,0,0,19,3,22,7,31,32,3,73,24,0,24,97
12/20/2016,RAP,SD,AGL,WE,Federal Contract Tower,3,44,28,2,77,0,1,22,5,28,3,45,50,7,105,28,0,28,133
12/21/2016,RAP,SD,AGL,WE,Federal Contract Tower,6,36,19,4,65,0,0,5,23,28,6,36,24,27,93,0,4,4,97
12/22/2016,RAP,SD,AGL,WE,Federal Contract Tower,4,39,11,0,54,0,1,38,9,48,4,40,49,9,102,72,2,74,176
12/23/2016,RAP,SD,AGL,WE,Federal Contract Tower,8,37,11,0,56,0,2,42,3,47,8,39,53,3,103,116,0,116,219
12/24/2016,RAP,SD,AGL,WE,Federal Contract Tower,8,27,5,0,40,0,0,15,0,15,8,27,20,0,55,76,0,76,131
12/25/2016,RAP,SD,AGL,WE,Federal Contract Tower,1,4,0,0,5,0,0,0,0,0,1,4,0,0,5,0,0,0,5
12/26/2016,RAP,SD,AGL,WE,Federal Contract Tower,6,33,14,0,53,0,6,11,0,17,6,39,25,0,70,0,0,0,70
12/27/2016,RAP,SD,AGL,WE,Federal Contract Tower,6,51,22,0,79,0,2,23,0,25,6,53,45,0,104,4,0,4,108
12/28/2016,RAP,SD,AGL,WE,Federal Contract Tower,6,43,10,1,60,0,3,17,7,27,6,46,27,8,87,0,0,0,87
12/29/2016,RAP,SD,AGL,WE,Federal Contract Tower,4,38,9,8,59,0,0,28,4,32,4,38,37,12,91,44,0,44,135
12/30/2016,RAP,SD,AGL,WE,Federal Contract Tower,7,35,12,0,54,0,2,19,6,27,7,37,31,6,81,4,0,4,85
12/31/2016,RAP,SD,AGL,WE,Federal Contract Tower,7,29,10,0,46,0,0,29,0,29,7,29,39,0,75,52,0,52,127
01/01/2017,RAP,SD,AGL,WE,Federal Contract Tower,3,28,6,0,37,0,2,7,0,9,3,30,13,0,46,4,0,4,50
01/02/2017,RAP,SD,AGL,WE,Federal Contract Tower,8,32,3,0,43,0,1,0,0,1,8,33,3,0,44,0,0,0,44
01/03/2017,RAP,SD,AGL,WE,Federal Contract Tower,4,31,6,0,41,0,1,3,0,4,4,32,9,0,45,0,0,0,45
01/04/2017,RAP,SD,AGL,WE,Federal Contract Tower,5,33,14,2,54,0,0,2,0,2,5,33,16,2,56,0,0,0,56
01/05/2017,RAP,SD,AGL,WE,Federal Contract Tower,5,30,26,2,63,0,3,4,7,14,5,33,30,9,77,2,0,2,79
01/06/2017,RAP,SD,AGL,WE,Federal Contract Tower,7,27,19,7,60,0,0,24,24,48,7,27,43,31,108,16,4,20,128
01/07/2017,RAP,SD,AGL,WE,Federal Contract Tower,4,22,9,0,35,0,0,11,20,31,4,22,20,20,66,8,0,8,74
01/08/2017,RAP,SD,AGL,WE,Federal Contract Tower,5,23,12,0,40,0,3,29,10,42,5,26,41,10,82,20,0,20,102
01/09/2017,RAP,SD,AGL,WE,Federal Contract Tower,12,22,8,0,42,0,0,23,0,23,12,22,31,0,65,20,0,20,85
01/10/2017,RAP,SD,AGL,WE,Federal Contract Tower,8,28,20,1,57,0,0,6,2,8,8,28,26,3,65,6,0,6,71
01/11/2017,RAP,SD,AGL,WE,Federal Contract Tower,8,25,19,4,56,0,0,0,0,0,8,25,19,4,56,0,0,0,56
01/12/2017,RAP,SD,AGL,WE,Federal Contract Tower,8,27,19,1,55,0,0,16,17,33,8,27,35,18,88,22,0,22,110
01/13/2017,RAP,SD,AGL,WE,Federal Contract Tower,11,24,17,0,52,0,0,21,4,25,11,24,38,4,77,76,0,76,153
01/14/2017,RAP,SD,AGL,WE,Federal Contract Tower,8,19,3,2,32,0,3,22,0,25,8,22,25,2,57,44,0,44,101
01/15/2017,RAP,SD,AGL,WE,Federal Contract Tower,7,12,12,0,31,0,0,27,0,27,7,12,39,0,58,34,0,34,92
01/16/2017,RAP,SD,AGL,WE,Federal Contract Tower,12,19,16,0,47,0,0,16,0,16,12,19,32,0,63,26,0,26,89
01/17/2017,RAP,SD,AGL,WE,Federal Contract Tower,8,30,16,0,54,0,0,22,2,24,8,30,38,2,78,28,2,30,108
01/18/2017,RAP,SD,AGL,WE,Federal Contract Tower,10,24,15,0,49,0,3,48,22,73,10,27,63,22,122,64,2,66,188
01/19/2017,RAP,SD,AGL,WE,Federal Contract Tower,8,23,34,1,66,0,4,27,17,48,8,27,61,18,114,32,14,46,160
01/20/2017,RAP,SD,AGL,WE,Federal Contract Tower,11,26,9,0,46,0,1,16,6,23,11,27,25,6,69,0,0,0,69
01/21/2017,RAP,SD,AGL,WE,Federal Contract Tower,6,20,9,1,36,0,0,39,0,39,6,20,48,1,75,86,0,86,161
01/22/2017,RAP,SD,AGL,WE,Federal Contract Tower,11,17,8,3,39,0,0,23,1,24,11,17,31,4,63,18,16,34,97
01/23/2017,RAP,SD,AGL,WE,Federal Contract Tower,14,25,8,0,47,0,1,3,0,4,14,26,11,0,51,0,0,0,51
01/24/2017,RAP,SD,AGL,WE,Federal Contract Tower,8,19,3,0,30,0,0,0,0,0,8,19,3,0,30,0,0,0,30
01/25/2017,RAP,SD,AGL,WE,Federal Contract Tower,10,37,14,2,63,0,1,6,12,19,10,38,20,14,82,2,0,2,84
01/26/2017,RAP,SD,AGL,WE,Federal Contract Tower,8,25,16,4,53,0,1,10,5,16,8,26,26,9,69,6,4,10,79
01/27/2017,RAP,SD,AGL,WE,Federal Contract Tower,15,22,22,1,60,0,0,14,5,19,15,22,36,6,79,0,0,0,79
01/28/2017,RAP,SD,AGL,WE,Federal Contract Tower,12,15,8,1,36,7,0,4,3,14,19,15,12,4,50,0,0,0,50
01/29/2017,RAP,SD,AGL,WE,Federal Contract Tower,9,19,10,0,38,0,0,8,3,11,9,19,18,3,49,2,0,2,51
01/30/2017,RAP,SD,AGL,WE,Federal Contract Tower,12,18,7,0,37,0,1,8,0,9,12,19,15,0,46,0,0,0,46
01/31/2017,RAP,SD,AGL,WE,Federal Contract Tower,8,36,20,2,66,0,0,0,0,0,8,36,20,2,66,0,0,0,66
02/01/2017,RAP,SD,AGL,WE,Federal Contract Tower,11,26,19,0,56,0,0,16,16,32,11,26,35,16,88,18,12,30,118
02/02/2017,RAP,SD,AGL,WE,Federal Contract Tower,6,27,19,0,52,0,0,2,0,2,6,27,21,0,54,12,0,12,66
02/03/2017,RAP,SD,AGL,WE,Federal Contract Tower,12,29,21,1,63,0,1,15,4,20,12,30,36,5,83,34,0,34,117
02/04/2017,RAP,SD,AGL,WE,Federal Contract Tower,6,13,13,0,32,0,0,30,0,30,6,13,43,0,62,0,0,0,62
02/05/2017,RAP,SD,AGL,WE,Federal Contract Tower,8,23,9,2,42,0,0,15,0,15,8,23,24,2,57,26,0,26,83
02/06/2017,RAP,SD,AGL,WE,Federal Contract Tower,12,25,19,0,56,0,0,6,0,6,12,25,25,0,62,2,0,2,64
02/07/2017,RAP,SD,AGL,WE,Federal Contract Tower,8,35,17,0,60,0,0,1,3,4,8,35,18,3,64,0,6,6,70
02/08/2017,RAP,SD,AGL,WE,Federal Contract Tower,8,24,18,0,50,0,1,16,17,34,8,25,34,17,84,14,6,20,104
02/09/2017,RAP,SD,AGL,WE,Federal Contract Tower,10,23,14,2,49,0,1,24,26,51,10,24,38,28,100,36,18,54,154
02/10/2017,RAP,SD,AGL,WE,Federal Contract Tower,12,26,24,1,63,0,2,29,21,52,12,28,53,22,115,30,10,40,155
02/11/2017,RAP,SD,AGL,WE,Federal Contract Tower,6,12,5,0,23,0,0,16,2,18,6,12,21,2,41,12,0,12,53
02/12/2017,RAP,SD,AGL,WE,Federal Contract Tower,8,13,10,1,32,0,1,22,3,26,8,14,32,4,58,2,0,2,60
02/13/2017,RAP,SD,AGL,WE,Federal Contract Tower,12,25,12,3,52,0,2,17,1,20,12,27,29,4,72,10,0,10,82
02/14/2017,RAP,SD,AGL,WE,Federal Contract Tower,9,26,22,2,59,0,1,36,1,38,9,27,58,3,97,8,0,8,105
02/15/2017,RAP,SD,AGL,WE,Federal Contract Tower,9,32,22,2,65,0,5,51,18,74,9,37,73,20,139,78,22,100,239
02/16/2017,RAP,SD,AGL,WE,Federal Contract Tower,9,25,22,6,62,0,1,46,22,69,9,26,68,28,131,48,22,70,201
02/17/2017,RAP,SD,AGL,WE,Federal Contract Tower,10,27,12,6,55,0,2,34,11,47,10,29,46,17,102,48,12,60,162
02/18/2017,RAP,SD,AGL,WE,Federal Contract Tower,6,17,8,1,32,0,1,28,9,38,6,18,36,10,70,18,12,30,100
02/19/2017,RAP,SD,AGL,WE,Federal Contract Tower,10,14,2,0,26,0,0,22,1,23,10,14,24,1,49,38,0,38,87
02/20/2017,RAP,SD,AGL,WE,Federal Contract Tower,12,23,18,2,55,0,1,17,0,18,12,24,35,2,73,0,0,0,73
02/21/2017,RAP,SD,AGL,WE,Federal Contract Tower,8,26,13,0,47,0,14,6,0,20,8,40,19,0,67,2,0,2,69
02/22/2017,RAP,SD,AGL,WE,Federal Contract Tower,9,34,21,5,69,0,1,16,18,35,9,35,37,23,104,0,36,36,140
02/23/2017,RAP,SD,AGL,WE,Federal Contract Tower,9,20,11,0,40,0,0,0,0,0,9,20,11,0,40,0,0,0,40
02/24/2017,RAP,SD,AGL,WE,Federal Contract Tower,9,37,21,3,70,0,0,9,3,12,9,37,30,6,82,14,0,14,96
02/25/2017,RAP,SD,AGL,WE,Federal Contract Tower,6,16,11,0,33,0,0,23,1,24,6,16,34,1,57,44,0,44,101
02/26/2017,RAP,SD,AGL,WE,Federal Contract Tower,10,14,10,1,35,0,2,34,3,39,10,16,44,4,74,56,0,56,130
02/27/2017,RAP,SD,AGL,WE,Federal Contract Tower,10,21,7,9,47,0,1,36,0,37,10,22,43,9,84,76,0,76,160
02/28/2017,RAP,SD,AGL,WE,Federal Contract Tower,8,29,12,0,49,0,0,5,2,7,8,29,17,2,56,2,0,2,58
03/01/2017,RAP,SD,AGL,WE,Federal Contract Tower,9,29,9,0,47,0,2,34,9,45,9,31,43,9,92,22,0,22,114
03/02/2017,RAP,SD,AGL,WE,Federal Contract Tower,9,28,27,1,65,0,1,31,29,61,9,29,58,30,126,46,40,86,212
03/03/2017,RAP,SD,AGL,WE,Federal Contract Tower,9,29,19,1,58,0,3,45,18,66,9,32,64,19,124,52,6,58,182
03/04/2017,RAP,SD,AGL,WE,Federal Contract Tower,7,11,4,0,22,0,0,15,20,35,7,11,19,20,57,6,4,10,67
03/05/2017,RAP,SD,AGL,WE,Federal Contract Tower,9,23,11,1,44,0,3,9,0,12,9,26,20,1,56,0,0,0,56
03/06/2017,RAP,SD,AGL,WE,Federal Contract Tower,12,21,11,0,44,0,0,1,1,2,12,21,12,1,46,0,8,8,54
03/07/2017,RAP,SD,AGL,WE,Federal Contract Tower,8,28,18,0,54,0,0,4,0,4,8,28,22,0,58,0,0,0,58
03/08/2017,RAP,SD,AGL,WE,Federal Contract Tower,9,31,23,2,65,0,2,32,12,46,9,33,55,14,111,58,18,76,187
03/09/2017,RAP,SD,AGL,WE,Federal Contract Tower,8,25,26,0,59,0,2,9,0,11,8,27,35,0,70,30,0,30,100
03/10/2017,RAP,SD,AGL,WE,Federal Contract Tower,7,37,12,2,58,0,0,1,0,1,7,37,13,2,59,0,0,0,59
03/11/2017,RAP,SD,AGL,WE,Federal Contract Tower,3,25,15,3,46,0,2,2,8,12,3,27,17,11,58,0,10,10,68
03/12/2017,RAP,SD,AGL,WE,Federal Contract Tower,6,24,10,0,40,0,0,0,1,1,6,24,10,1,41,0,0,0,41
03/13/2017,RAP,SD,AGL,WE,Federal Contract Tower,5,28,13,0,46,0,0,5,2,7,5,28,18,2,53,0,0,0,53
03/14/2017,RAP,SD,AGL,WE,Federal Contract Tower,7,27,16,0,50,0,0,10,5,15,7,27,26,5,65,6,2,8,73
03/15/2017,RAP,SD,AGL,WE,Federal Contract Tower,9,26,27,0,62,0,4,35,28,67,9,30,62,28,129,48,6,54,183
03/16/2017,RAP,SD,AGL,WE,Federal Contract Tower,7,28,18,1,54,0,2,18,16,36,7,30,36,17,90,8,6,14,104
03/17/2017,RAP,SD,AGL,WE,Federal Contract Tower,6,33,23,2,64,0,0,12,2,14,6,33,35,4,78,8,0,8,86
03/18/2017,RAP,SD,AGL,WE,Federal Contract Tower,3,22,11,1,37,0,0,72,2,74,3,22,83,3,111,100,0,100,211
03/19/2017,RAP,SD,AGL,WE,Federal Contract Tower,7,20,15,0,42,0,0,34,2,36,7,20,49,2,78,34,0,34,112
03/20/2017,RAP,SD,AGL,WE,Federal Contract Tower,6,29,23,2,60,0,1,26,0,27,6,30,49,2,87,32,0,32,119
03/21/2017,RAP,SD,AGL,WE,Federal Contract Tower,3,20,16,0,39,0,0,0,0,0,3,20,16,0,39,0,0,0,39
03/22/2017,RAP,SD,AGL,WE,Federal Contract Tower,12,25,35,4,76,0,2,14,19,35,12,27,49,23,111,26,14,40,151
03/23/2017,RAP,SD,AGL,WE,Federal Contract Tower,6,39,23,0,68,0,0,6,21,27,6,39,29,21,95,0,4,4,99
03/24/2017,RAP,SD,AGL,WE,Federal Contract Tower,5,29,19,3,56,0,0,45,12,57,5,29,64,15,113,60,0,60,173
03/25/2017,RAP,SD,AGL,WE,Federal Contract Tower,5,20,8,0,33,0,5,35,1,41,5,25,43,1,74,86,10,96,170
03/26/2017,RAP,SD,AGL,WE,Federal Contract Tower,6,17,22,2,47,0,0,3,5,8,6,17,25,7,55,0,0,0,55
03/27/2017,RAP,SD,AGL,WE,Federal Contract Tower,11,22,25,0,58,0,0,18,1,19,11,22,43,1,77,16,0,16,93
03/28/2017,RAP,SD,AGL,WE,Federal Contract Tower,7,29,31,3,70,0,0,1,0,1,7,29,32,3,71,2,0,2,73
03/29/2017,RAP,SD,AGL,WE,Federal Contract Tower,8,32,14,0,54,0,0,16,16,32,8,32,30,16,86,30,6,36,122
03/30/2017,RAP,SD,AGL,WE,Federal Contract Tower,6,36,26,3,71,0,3,23,22,48,6,39,49,25,119,48,2,50,169
03/31/2017,RAP,SD,AGL,WE,Federal Contract Tower,7,35,26,2,70,0,1,8,8,17,7,36,34,10,87,28,2,30,117
04/01/2017,RAP,SD,AGL,WE,Federal Contract Tower,3,22,5,2,32,0,0,27,4,31,3,22,32,6,63,26,0,26,89
04/02/2017,RAP,SD,AGL,WE,Federal Contract Tower,6,27,16,0,49,0,1,25,7,33,6,28,41,7,82,42,0,42,124
04/03/2017,RAP,SD,AGL,WE,Federal Contract Tower,5,28,20,0,53,0,1,11,0,12,5,29,31,0,65,16,0,16,81
04/04/2017,RAP,SD,AGL,WE,Federal Contract Tower,5,29,28,0,62,0,0,17,4,21,5,29,45,4,83,38,0,38,121
04/05/2017,RAP,SD,AGL,WE,Federal Contract Tower,7,35,19,0,61,0,0,51,33,84,7,35,70,33,145,84,0,84,229
04/06/2017,RAP,SD,AGL,WE,Federal Contract Tower,7,27,20,4,58,0,2,23,20,45,7,29,43,24,103,0,0,0,103
04/07/2017,RAP,SD,AGL,WE,Federal Contract Tower,6,39,14,2,61,0,4,19,10,33,6,43,33,12,94,16,0,16,110
04/08/2017,RAP,SD,AGL,WE,Federal Contract Tower,5,22,7,1,35,0,3,19,11,33,5,25,26,12,68,2,0,2,70
04/09/2017,RAP,SD,AGL,WE,Federal Contract Tower,8,20,10,4,42,0,0,3,0,3,8,20,13,4,45,0,0,0,45
04/10/2017,RAP,SD,AGL,WE,Federal Contract Tower,7,26,12,0,45,0,0,7,1,8,7,26,19,1,53,38,0,38,91
04/11/2017,RAP,SD,AGL,WE,Federal Contract Tower,5,30,20,4,59,0,3,30,9,42,5,33,50,13,101,14,12,26,127
04/12/2017,RAP,SD,AGL,WE,Federal Contract Tower,7,44,18,0,69,0,0,0,0,0,7,44,18,0,69,42,2,44,113
04/13/2017,RAP,SD,AGL,WE,Federal Contract Tower,7,31,29,7,74,0,1,7,25,33,7,32,36,32,107,2,0,2,109
04/14/2017,RAP,SD,AGL,WE,Federal Contract Tower,7,27,24,0,58,0,7,8,4,19,7,34,32,4,77,0,0,0,77
04/15/2017,RAP,SD,AGL,WE,Federal Contract Tower,6,23,12,0,41,0,1,20,0,21,6,24,32,0,62,0,0,0,62
04/16/2017,RAP,SD,AGL,WE,Federal Contract Tower,9,18,15,0,42,0,0,23,0,23,9,18,38,0,65,0,0,0,65
04/17/2017,RAP,SD,AGL,WE,Federal Contract Tower,6,21,5,0,32,0,0,12,3,15,6,21,17,3,47,42,10,52,99
04/18/2017,RAP,SD,AGL,WE,Federal Contract Tower,6,27,30,2,65,0,0,21,4,25,6,27,51,6,90,32,0,32,122
04/19/2017,RAP,SD,AGL,WE,Federal Contract Tower,6,39,23,2,70,0,0,1,19,20,6,39,24,21,90,0,4,4,94
04/20/2017,RAP,SD,AGL,WE,Federal Contract Tower,7,27,20,4,58,0,1,67,15,83,7,28,87,19,141,26,12,38,179
04/21/2017,RAP,SD,AGL,WE,Federal Contract Tower,7,28,18,1,54,0,1,23,3,27,7,29,41,4,81,38,0,38,119
04/22/2017,RAP,SD,AGL,WE,Federal Contract Tower,7,22,10,0,39,0,2,48,3,53,7,24,58,3,92,94,0,94,186
04/23/2017,RAP,SD,AGL,WE,Federal Contract Tower,6,27,13,0,46,0,0,38,2,40,6,27,51,2,86,64,0,64,150
04/24/2017,RAP,SD,AGL,WE,Federal Contract Tower,5,25,19,6,55,0,0,6,4,10,5,25,25,10,65,14,0,14,79
04/25/2017,RAP,SD,AGL,WE,Federal Contract Tower,5,36,12,0,53,0,0,0,0,0,5,36,12,0,53,0,0,0,53
04/26/2017,RAP,SD,AGL,WE,Federal Contract Tower,9,37,18,2,66,0,0,0,10,10,9,37,18,12,76,56,16,72,148
04/27/2017,RAP,SD,AGL,WE,Federal Contract Tower,7,35,22,4,68,0,1,26,27,54,7,36,48,31,122,4,6,10,132
04/28/2017,RAP,SD,AGL,WE,Federal Contract Tower,7,36,12,0,55,0,0,11,4,15,7,36,23,4,70,12,0,12,82
04/29/2017,RAP,SD,AGL,WE,Federal Contract Tower,4,22,17,5,48,0,2,32,0,34,4,24,49,5,82,50,0,50,132
04/30/2017,RAP,SD,AGL,WE,Federal Contract Tower,6,22,14,0,42,0,1,38,7,46,6,23,52,7,88,28,0,28,116
05/01/2017,RAP,SD,AGL,WE,Federal Contract Tower,6,28,11,0,45,0,0,4,0,4,6,28,15,0,49,0,0,0,49
05/02/2017,RAP,SD,AGL,WE,Federal Contract Tower,4,28,12,0,44,0,0,30,1,31,4,28,42,1,75,30,4,34,109
05/03/2017,RAP,SD,AGL,WE,Federal Contract Tower,6,31,40,0,77,0,1,19,18,38,6,32,59,18,115,4,10,14,129
05/04/2017,RAP,SD,AGL,WE,Federal Contract Tower,7,28,21,1,57,0,0,92,2,94,7,28,113,3,151,64,0,64,215
05/05/2017,RAP,SD,AGL,WE,Federal Contract Tower,13,32,29,4,78,0,6,76,17,99,13,38,105,21,177,130,20,150,327
05/06/2017,RAP,SD,AGL,WE,Federal Contract Tower,13,18,4,2,37,0,0,43,1,44,13,18,47,3,81,44,0,44,125
05/07/2017,RAP,SD,AGL,WE,Federal Contract Tower,14,19,12,4,49,0,1,27,6,34,14,20,39,10,83,12,0,12,95
05/08/2017,RAP,SD,AGL,WE,Federal Contract Tower,13,26,14,1,54,0,0,10,7,17,13,26,24,8,71,0,0,0,71
05/09/2017,RAP,SD,AGL,WE,Federal Contract Tower,11,43,27,0,81,0,1,11,16,28,11,44,38,16,109,16,8,24,133
05/10/2017,RAP,SD,AGL,WE,Federal Contract Tower,13,24,29,1,67,0,0,13,20,33,13,24,42,21,100,14,0,14,114
05/11/2017,RAP,SD,AGL,WE,Federal Contract Tower,11,39,25,3,78,0,2,55,17,74,11,41,80,20,152,26,0,26,178
05/12/2017,RAP,SD,AGL,WE,Federal Contract Tower,14,27,18,2,61,0,0,36,8,44,14,27,54,10,105,38,0,38,143
05/13/2017,RAP,SD,AGL,WE,Federal Contract Tower,13,26,13,0,52,0,1,25,2,28,13,27,38,2,80,30,0,30,110
05/14/2017,RAP,SD,AGL,WE,Federal Contract Tower,13,25,10,3,51,0,1,18,4,23,13,26,28,7,74,6,0,6,80
05/15/2017,RAP,SD,AGL,WE,Federal Contract Tower,12,27,24,2,65,0,3,25,7,35,12,30,49,9,100,24,6,30,130
05/16/2017,RAP,SD,AGL,WE,Federal Contract Tower,11,31,22,0,64,0,3,6,12,21,11,34,28,12,85,0,12,12,97
05/17/2017,RAP,SD,AGL,WE,Federal Contract Tower,12,43,28,2,85,0,0,1,3,4,12,43,29,5,89,12,2,14,103
05/18/2017,RAP,SD,AGL,WE,Federal Contract Tower,10,24,30,5,69,0,0,11,15,26,10,24,41,20,95,0,10,10,105
05/19/2017,RAP,SD,AGL,WE,Federal Contract Tower,13,43,26,0,82,0,0,16,21,37,13,43,42,21,119,30,2,32,151
05/20/2017,RAP,SD,AGL,WE,Federal Contract Tower,19,20,10,0,49,0,0,13,30,43,19,20,23,30,92,6,26,32,124
05/21/2017,RAP,SD,AGL,WE,Federal Contract Tower,12,20,20,2,54,0,0,17,0,17,12,20,37,2,71,22,2,24,95
05/22/2017,RAP,SD,AGL,WE,Federal Contract Tower,15,23,10,1,49,0,0,12,0,12,15,23,22,1,61,0,0,0,61
05/23/2017,RAP,SD,AGL,WE,Federal Contract Tower,11,27,20,1,59,0,2,20,9,31,11,29,40,10,90,10,6,16,106
05/24/2017,RAP,SD,AGL,WE,Federal Contract Tower,12,35,18,2,67,0,0,44,21,65,12,35,62,23,132,16,14,30,162
05/25/2017,RAP,SD,AGL,WE,Federal Contract Tower,13,33,25,3,74,0,4,42,26,72,13,37,67,29,146,106,0,106,252
05/26/2017,RAP,SD,AGL,WE,Federal Contract Tower,14,29,16,4,63,0,0,38,0,38,14,29,54,4,101,74,0,74,175
05/27/2017,RAP,SD,AGL,WE,Federal Contract Tower,15,22,12,2,51,0,1,33,4,38,15,23,45,6,89,36,0,36,125
05/28/2017,RAP,SD,AGL,WE,Federal Contract Tower,11,24,17,2,54,0,3,16,0,19,11,27,33,2,73,4,0,4,77
05/29/2017,RAP,SD,AGL,WE,Federal Contract Tower,15,19,7,3,44,0,0,24,14,38,15,19,31,17,82,24,0,24,106
05/30/2017,RAP,SD,AGL,WE,Federal Contract Tower,11,31,8,0,50,0,1,35,8,44,11,32,43,8,94,14,8,22,116
05/31/2017,RAP,SD,AGL,WE,Federal Contract Tower,13,27,27,2,69,0,3,43,19,65,13,30,70,21,134,74,16,90,224
06/01/2017,RAP,SD,AGL,WE,Federal Contract Tower,11,26,27,1,65,0,0,31,17,48,11,26,58,18,113,4,6,10,123
06/02/2017,RAP,SD,AGL,WE,Federal Contract Tower,16,30,22,2,70,0,1,32,8,41,16,31,54,10,111,58,0,58,169
06/03/2017,RAP,SD,AGL,WE,Federal Contract Tower,18,17,13,5,53,0,1,30,3,34,18,18,43,8,87,64,0,64,151
06/04/2017,RAP,SD,AGL,WE,Federal Contract Tower,15,15,17,4,51,0,3,40,3,46,15,18,57,7,97,42,0,42,139
06/05/2017,RAP,SD,AGL,WE,Federal Contract Tower,16,29,21,0,66,0,1,30,0,31,16,30,51,0,97,34,0,34,131
06/06/2017,RAP,SD,AGL,WE,Federal Contract Tower,13,29,24,4,70,0,1,27,13,41,13,30,51,17,111,24,10,34,145
06/07/2017,RAP,SD,AGL,WE,Federal Contract Tower,15,30,16,3,64,0,0,33,14,47,15,30,49,17,111,40,4,44,155
06/08/2017,RAP,SD,AGL,WE,Federal Contract Tower,14,36,35,1,86,0,2,36,19,57,14,38,71,20,143,48,6,54,197
06/09/2017,RAP,SD,AGL,WE,Federal Contract Tower,14,35,29,1,79,0,2,36,9,47,14,37,65,10,126,38,0,38,164
06/10/2017,RAP,SD,AGL,WE,Federal Contract Tower,19,30,15,6,70,0,6,26,2,34,19,36,41,8,104,26,0,26,130
06/11/2017,RAP,SD,AGL,WE,Federal Contract Tower,14,23,26,2,65,0,1,26,9,36,14,24,52,11,101,34,0,34,135
06/12/2017,RAP,SD,AGL,WE,Federal Contract Tower,16,33,27,1,77,0,0,11,2,13,16,33,38,3,90,0,0,0,90
06/13/2017,RAP,SD,AGL,WE,Federal Contract Tower,15,51,31,1,98,0,0,17,7,24,15,51,48,8,122,14,0,14,136
06/14/2017,RAP,SD,AGL,WE,Federal Contract Tower,16,45,24,2,87,0,2,41,19,62,16,47,65,21,149,8,18,26,175
06/15/2017,RAP,SD,AGL,WE,Federal Contract Tower,12,36,27,4,79,0,5,48,25,78,12,41,75,29,157,48,10,58,215
06/16/2017,RAP,SD,AGL,WE,Federal Contract Tower,17,38,23,2,80,1,1,26,14,42,18,39,49,16,122,18,0,18,140
06/17/2017,RAP,SD,AGL,WE,Federal Contract Tower,23,19,13,1,56,0,0,9,3,12,23,19,22,4,68,0,0,0,68
06/18/2017,RAP,SD,AGL,WE,Federal Contract Tower,15,22,20,5,62,0,3,40,2,45,15,25,60,7,107,50,0,50,157
06/19/2017,RAP,SD,AGL,WE,Federal Contract Tower,13,36,15,0,64,0,1,26,6,33,13,37,41,6,97,52,0,52,149
06/20/2017,RAP,SD,AGL,WE,Federal Contract Tower,12,43,30,0,85,0,2,49,2,53,12,45,79,2,138,94,6,100,238
06/21/2017,RAP,SD,AGL,WE,Federal Contract Tower,14,41,25,0,80,0,2,39,15,56,14,43,64,15,136,26,2,28,164
06/22/2017,RAP,SD,AGL,WE,Federal Contract Tower,12,40,30,2,84,0,0,26,14,40,12,40,56,16,124,8,2,10,134
06/23/2017,RAP,SD,AGL,WE,Federal Contract Tower,15,40,43,0,98,0,1,14,6,21,15,41,57,6,119,6,0,6,125
06/24/2017,RAP,SD,AGL,WE,Federal Contract Tower,22,30,15,0,67,0,0,21,0,21,22,30,36,0,88,18,0,18,106
06/25/2017,RAP,SD,AGL,WE,Federal Contract Tower,13,25,31,1,70,0,1,47,0,48,13,26,78,1,118,10,0,10,128
06/26/2017,RAP,SD,AGL,WE,Federal Contract Tower,14,38,19,2,73,0,5,42,1,48,14,43,61,3,121,26,0,26,147
06/27/2017,RAP,SD,AGL,WE,Federal Contract Tower,14,41,16,2,73,0,0,19,8,27,14,41,35,10,100,26,0,26,126
06/28/2017,RAP,SD,AGL,WE,Federal Contract Tower,13,46,17,2,78,0,1,30,5,36,13,47,47,7,114,0,6,6,120
06/29/2017,RAP,SD,AGL,WE,Federal Contract Tower,12,41,32,1,86,0,0,21,17,38,12,41,53,18,124,26,0,26,150
06/30/2017,RAP,SD,AGL,WE,Federal Contract Tower,16,38,28,2,84,0,1,37,4,42,16,39,65,6,126,36,2,38,164
07/01/2017,RAP,SD,AGL,WE,Federal Contract Tower,22,33,18,1,74,0,1,53,7,61,22,34,71,8,135,38,2,40,175
07/02/2017,RAP,SD,AGL,WE,Federal Contract Tower,22,18,17,0,57,0,0,26,1,27,22,18,43,1,84,12,0,12,96
07/03/2017,RAP,SD,AGL,WE,Federal Contract Tower,24,21,29,0,74,0,2,33,0,35,24,23,62,0,109,36,0,36,145
07/04/2017,RAP,SD,AGL,WE,Federal Contract Tower,16,14,19,4,53,0,0,24,4,28,16,14,43,8,81,32,0,32,113
07/05/2017,RAP,SD,AGL,WE,Federal Contract Tower,20,38,30,0,88,0,0,35,4,39,20,38,65,4,127,18,0,18,145
07/06/2017,RAP,SD,AGL,WE,Federal Contract Tower,19,35,23,0,77,0,1,40,16,57,19,36,63,16,134,8,10,18,152
07/07/2017,RAP,SD,AGL,WE,Federal Contract Tower,24,45,27,6,102,0,5,26,24,55,24,50,53,30,157,80,2,82,239
07/08/2017,RAP,SD,AGL,WE,Federal Contract Tower,26,31,16,2,75,0,1,48,24,73,26,32,64,26,148,36,0,36,184
07/09/2017,RAP,SD,AGL,WE,Federal Contract Tower,15,35,17,2,69,0,2,31,2,35,15,37,48,4,104,6,0,6,110
07/10/2017,RAP,SD,AGL,WE,Federal Contract Tower,20,41,22,0,83,0,2,33,0,35,20,43,55,0,118,22,0,22,140
07/11/2017,RAP,SD,AGL,WE,Federal Contract Tower,17,41,24,2,84,0,3,40,7,50,17,44,64,9,134,16,0,16,150
07/12/2017,RAP,SD,AGL,WE,Federal Contract Tower,14,34,33,1,82,0,2,35,12,49,14,36,68,13,131,16,6,22,153
07/13/2017,RAP,SD,AGL,WE,Federal Contract Tower,17,39,37,4,97,0,0,37,13,50,17,39,74,17,147,46,2,48,195
07/14/2017,RAP,SD,AGL,WE,Federal Contract Tower,19,36,23,2,80,1,1,26,2,30,20,37,49,4,110,42,0,42,152
07/15/2017,RAP,SD,AGL,WE,Federal Contract Tower,24,34,19,3,80,0,2,30,1,33,24,36,49,4,113,6,0,6,119
07/16/2017,RAP,SD,AGL,WE,Federal Contract Tower,15,34,27,2,78,0,2,37,4,43,15,36,64,6,121,0,0,0,121
07/17/2017,RAP,SD,AGL,WE,Federal Contract Tower,19,38,35,0,92,4,3,48,0,55,23,41,83,0,147,60,0,60,207
07/18/2017,RAP,SD,AGL,WE,Federal Contract Tower,17,34,38,4,93,1,0,45,6,52,18,34,83,10,145,30,8,38,183
07/19/2017,RAP,SD,AGL,WE,Federal Contract Tower,17,39,27,0,83,0,0,28,15,43,17,39,55,15,126,50,0,50,176
07/20/2017,RAP,SD,AGL,WE,Federal Contract Tower,17,42,36,2,97,0,1,46,14,61,17,43,82,16,158,36,8,44,202
07/21/2017,RAP,SD,AGL,WE,Federal Contract Tower,22,35,20,1,78,0,2,28,7,37,22,37,48,8,115,24,0,24,139
07/22/2017,RAP,SD,AGL,WE,Federal Contract Tower,21,32,19,3,75,0,0,53,3,56,21,32,72,6,131,54,0,54,185
07/23/2017,RAP,SD,AGL,WE,Federal Contract Tower,12,40,18,4,74,0,4,53,8,65,12,44,71,12,139,38,2,40,179
07/24/2017,RAP,SD,AGL,WE,Federal Contract Tower,21,31,39,1,92,0,1,28,22,51,21,32,67,23,143,0,0,0,143
07/25/2017,RAP,SD,AGL,WE,Federal Contract Tower,17,41,14,2,74,0,0,19,16,35,17,41,33,18,109,0,4,4,113
07/26/2017,RAP,SD,AGL,WE,Federal Contract Tower,20,40,21,0,81,0,4,26,31,61,20,44,47,31,142,8,6,14,156
07/27/2017,RAP,SD,AGL,WE,Federal Contract Tower,17,43,28,1,89,0,3,25,12,40,17,46,53,13,129,4,0,4,133
07/28/2017,RAP,SD,AGL,WE,Federal Contract Tower,23,39,29,1,92,0,3,42,8,53,23,42,71,9,145,18,0,18,163
07/29/2017,RAP,SD,AGL,WE,Federal Contract Tower,24,27,25,0,76,0,3,51,5,59,24,30,76,5,135,24,0,24,159
07/30/2017,RAP,SD,AGL,WE,Federal Contract Tower,17,36,39,0,92,0,2,49,0,51,17,38,88,0,143,0,0,0,143
07/31/2017,RAP,SD,AGL,WE,Federal Contract Tower,22,28,39,0,89,0,0,37,2,39,22,28,76,2,128,38,6,44,172
08/01/2017,RAP,SD,AGL,WE,Federal Contract Tower,22,44,24,4,94,0,0,23,10,33,22,44,47,14,127,26,6,32,159
08/02/2017,RAP,SD,AGL,WE,Federal Contract Tower,15,38,38,3,94,0,4,23,18,45,15,42,61,21,139,4,0,4,143
08/03/2017,RAP,SD,AGL,WE,Federal Contract Tower,19,41,32,4,96,0,5,42,3,50,19,46,74,7,146,4,10,14,160
08/04/2017,RAP,SD,AGL,WE,Federal Contract Tower,20,43,30,6,99,0,0,55,14,69,20,43,85,20,168,40,2,42,210
08/05/2017,RAP,SD,AGL,WE,Federal Contract Tower,22,31,26,7,86,0,0,20,5,25,22,31,46,12,111,0,0,0,111
08/06/2017,RAP,SD,AGL,WE,Federal Contract Tower,14,40,29,0,83,0,0,36,17,53,14,40,65,17,136,30,0,30,166
08/07/2017,RAP,SD,AGL,WE,Federal Contract Tower,23,39,40,1,103,0,0,45,1,46,23,39,85,2,149,64,0,64,213
08/08/2017,RAP,SD,AGL,WE,Federal Contract Tower,15,42,23,0,80,0,0,29,8,37,15,42,52,8,117,10,2,12,129
08/09/2017,RAP,SD,AGL,WE,Federal Contract Tower,17,41,31,2,91,0,1,43,13,57,17,42,74,15,148,38,10,48,196
08/10/2017,RAP,SD,AGL,WE,Federal Contract Tower,17,35,28,4,84,0,2,42,6,50,17,37,70,10,134,36,0,36,170
08/11/2017,RAP,SD,AGL,WE,Federal Contract Tower,20,49,24,0,93,0,2,49,4,55,20,51,73,4,148,28,0,28,176
08/12/2017,RAP,SD,AGL,WE,Federal Contract Tower,27,38,18,1,84,0,1,44,1,46,27,39,62,2,130,84,0,84,214
08/13/2017,RAP,SD,AGL,WE,Federal Contract Tower,22,30,18,1,71,0,0,24,0,24,22,30,42,1,95,16,0,16,111
08/14/2017,RAP,SD,AGL,WE,Federal Contract Tower,21,36,29,0,86,0,1,20,1,22,21,37,49,1,108,0,0,0,108
08/15/2017,RAP,SD,AGL,WE,Federal Contract Tower,19,39,33,0,91,0,0,8,7,15,19,39,41,7,106,16,4,20,126
08/16/2017,RAP,SD,AGL,WE,Federal Contract Tower,19,39,29,1,88,0,7,28,19,54,19,46,57,20,142,76,0,76,218
08/17/2017,RAP,SD,AGL,WE,Federal Contract Tower,25,39,28,0,92,0,0,32,14,46,25,39,60,14,138,0,20,20,158
08/18/2017,RAP,SD,AGL,WE,Federal Contract Tower,22,41,25,3,91,0,1,53,4,58,22,42,78,7,149,28,0,28,177
08/19/2017,RAP,SD,AGL,WE,Federal Contract Tower,24,24,12,0,60,0,0,48,0,48,24,24,60,0,108,112,0,112,220
08/20/2017,RAP,SD,AGL,WE,Federal Contract Tower,19,30,27,0,76,0,1,35,0,36,19,31,62,0,112,8,0,8,120
08/21/2017,RAP,SD,AGL,WE,Federal Contract Tower,18,35,35,0,88,0,1,41,0,42,18,36,76,0,130,0,0,0,130
08/22/2017,RAP,SD,AGL,WE,Federal Contract Tower,19,34,21,0,74,0,1,39,4,44,19,35,60,4,118,74,0,74,192
08/23/2017,RAP,SD,AGL,WE,Federal Contract Tower,19,40,26,0,85,0,1,37,6,44,19,41,63,6,129,42,0,42,171
08/24/2017,RAP,SD,AGL,WE,Federal Contract Tower,20,39,24,0,83,0,0,44,28,72,20,39,68,28,155,22,6,28,183
08/25/2017,RAP,SD,AGL,WE,Federal Contract Tower,20,43,28,3,94,0,0,13,0,13,20,43,41,3,107,14,0,14,121
08/26/2017,RAP,SD,AGL,WE,Federal Contract Tower,19,22,18,1,60,0,1,34,0,35,19,23,52,1,95,0,0,0,95
08/27/2017,RAP,SD,AGL,WE,Federal Contract Tower,19,27,22,0,68,0,1,33,1,35,19,28,55,1,103,28,0,28,131
08/28/2017,RAP,SD,AGL,WE,Federal Contract Tower,18,21,22,0,61,0,2,37,0,39,18,23,59,0,100,28,0,28,128
08/29/2017,RAP,SD,AGL,WE,Federal Contract Tower,17,38,13,1,69,0,0,23,7,30,17,38,36,8,99,50,0,50,149
08/30/2017,RAP,SD,AGL,WE,Federal Contract Tower,17,37,18,1,73,0,2,58,21,81,17,39,76,22,154,36,2,38,192
08/31/2017,RAP,SD,AGL,WE,Federal Contract Tower,20,35,22,2,79,0,2,25,18,45,20,37,47,20,124,0,8,8,132
09/01/2017,RAP,SD,AGL,WE,Federal Contract Tower,20,46,27,1,94,0,1,25,5,31,20,47,52,6,125,10,0,10,135
09/02/2017,RAP,SD,AGL,WE,Federal Contract Tower,20,28,9,0,57,0,3,29,0,32,20,31,38,0,89,50,0,50,139
09/03/2017,RAP,SD,AGL,WE,Federal Contract Tower,19,18,28,0,65,0,0,28,0,28,19,18,56,0,93,10,0,10,103
09/04/2017,RAP,SD,AGL,WE,Federal Contract Tower,23,36,22,0,81,0,3,27,0,30,23,39,49,0,111,0,0,0,111
09/05/2017,RAP,SD,AGL,WE,Federal Contract Tower,18,34,28,0,80,0,0,38,3,41,18,34,66,3,121,42,0,42,163
09/06/2017,RAP,SD,AGL,WE,Federal Contract Tower,15,32,19,2,68,0,2,40,20,62,15,34,59,22,130,22,0,22,152
09/07/2017,RAP,SD,AGL,WE,Federal Contract Tower,14,41,23,5,83,0,0,35,3,38,14,41,58,8,121,10,10,20,141
09/08/2017,RAP,SD,AGL,WE,Federal Contract Tower,16,36,18,0,70,0,0,36,1,37,16,36,54,1,107,0,0,0,107
09/09/2017,RAP,SD,AGL,WE,Federal Contract Tower,16,21,15,2,54,0,1,21,0,22,16,22,36,2,76,0,0,0,76
09/10/2017,RAP,SD,AGL,WE,Federal Contract Tower,17,27,36,2,82,0,2,44,0,46,17,29,80,2,128,24,0,24,152
09/11/2017,RAP,SD,AGL,WE,Federal Contract Tower,16,38,21,3,78,0,1,46,5,52,16,39,67,8,130,58,0,58,188
09/12/2017,RAP,SD,AGL,WE,Federal Contract Tower,17,29,24,0,70,10,2,28,2,42,27,31,52,2,112,26,0,26,138
09/13/2017,RAP,SD,AGL,WE,Federal Contract Tower,15,31,24,0,70,43,1,32,6,82,58,32,56,6,152,14,4,18,170
09/14/2017,RAP,SD,AGL,WE,Federal Contract Tower,17,33,36,1,87,0,0,26,3,29,17,33,62,4,116,0,0,0,116
09/15/2017,RAP,SD,AGL,WE,Federal Contract Tower,18,41,25,3,87,0,0,0,0,0,18,41,25,3,87,0,0,0,87
09/16/2017,RAP,SD,AGL,WE,Federal Contract Tower,16,35,13,10,74,0,1,20,6,27,16,36,33,16,101,34,4,38,139
09/17/2017,RAP,SD,AGL,WE,Federal Contract Tower,18,22,19,1,60,0,1,21,0,22,18,23,40,1,82,4,0,4,86
09/18/2017,RAP,SD,AGL,WE,Federal Contract Tower,16,26,19,0,61,2,1,40,1,44,18,27,59,1,105,28,0,28,133
09/19/2017,RAP,SD,AGL,WE,Federal Contract Tower,16,29,23,7,75,0,1,29,10,40,16,30,52,17,115,34,0,34,149
09/20/2017,RAP,SD,AGL,WE,Federal Contract Tower,13,30,17,6,66,0,1,28,17,46,13,31,45,23,112,32,10,42,154
09/21/2017,RAP,SD,AGL,WE,Federal Contract Tower,15,33,35,0,83,0,0,41,11,52,15,33,76,11,135,60,2,62,197
09/22/2017,RAP,SD,AGL,WE,Federal Contract Tower,18,33,35,15,101,0,1,6,13,20,18,34,41,28,121,0,0,0,121
09/23/2017,RAP,SD,AGL,WE,Federal Contract Tower,16,32,19,6,73,0,0,0,0,0,16,32,19,6,73,0,0,0,73
09/24/2017,RAP,SD,AGL,WE,Federal Contract Tower,17,27,12,4,60,0,0,1,23,24,17,27,13,27,84,0,58,58,142
09/25/2017,RAP,SD,AGL,WE,Federal Contract Tower,16,34,35,0,85,0,3,17,0,20,16,37,52,0,105,10,0,10,115
09/26/2017,RAP,SD,AGL,WE,Federal Contract Tower,16,36,39,4,95,0,0,37,4,41,16,36,76,8,136,20,2,22,158
09/27/2017,RAP,SD,AGL,WE,Federal Contract Tower,13,37,30,4,84,0,3,60,0,63,13,40,90,4,147,44,0,44,191
09/28/2017,RAP,SD,AGL,WE,Federal Contract Tower,14,38,30,3,85,0,2,46,8,56,14,40,76,11,141,24,0,24,165
09/29/2017,RAP,SD,AGL,WE,Federal Contract Tower,16,33,39,3,91,0,5,28,1,34,16,38,67,4,125,18,6,24,149
09/30/2017,RAP,SD,AGL,WE,Federal Contract Tower,16,25,13,4,58,0,0,19,0,19,16,25,32,4,77,8,0,8,85
10/01/2017,RAP,SD,AGL,WE,Federal Contract Tower,17,37,22,3,79,0,1,30,0,31,17,38,52,3,110,20,0,20,130
10/02/2017,RAP,SD,AGL,WE,Federal Contract Tower,18,32,21,2,73,0,1,17,0,18,18,33,38,2,91,26,0,26,117
10/03/2017,RAP,SD,AGL,WE,Federal Contract Tower,16,40,22,2,80,0,1,41,12,54,16,41,63,14,134,58,8,66,200
10/04/2017,RAP,SD,AGL,WE,Federal Contract Tower,12,34,22,2,70,0,1,32,2,35,12,35,54,4,105,122,0,122,227
10/05/2017,RAP,SD,AGL,WE,Federal Contract Tower,14,34,17,3,68,0,0,28,11,39,14,34,45,14,107,40,20,60,167
10/06/2017,RAP,SD,AGL,WE,Federal Contract Tower,15,41,16,0,72,0,0,28,2,30,15,41,44,2,102,60,0,60,162
10/07/2017,RAP,SD,AGL,WE,Federal Contract Tower,18,32,14,0,64,0,0,40,2,42,18,32,54,2,106,12,0,12,118
10/08/2017,RAP,SD,AGL,WE,Federal Contract Tower,14,27,21,0,62,0,0,11,0,11,14,27,32,0,73,8,0,8,81
10/09/2017,RAP,SD,AGL,WE,Federal Contract Tower,15,30,13,0,58,0,2,39,5,46,15,32,52,5,104,96,12,108,212
10/10/2017,RAP,SD,AGL,WE,Federal Contract Tower,12,29,26,0,67,0,2,44,2,48,12,31,70,2,115,78,0,78,193
10/11/2017,RAP,SD,AGL,WE,Federal Contract Tower,13,29,25,2,69,0,0,52,6,58,13,29,77,8,127,100,18,118,245
10/12/2017,RAP,SD,AGL,WE,Federal Contract Tower,15,39,23,6,83,0,0,11,4,15,15,39,34,10,98,0,0,0,98
10/13/2017,RAP,SD,AGL,WE,Federal Contract Tower,15,27,14,0,56,0,0,19,0,19,15,27,33,0,75,28,0,28,103
10/14/2017,RAP,SD,AGL,WE,Federal Contract Tower,14,28,13,2,57,0,0,7,0,7,14,28,20,2,64,8,0,8,72
10/15/2017,RAP,SD,AGL,WE,Federal Contract Tower,14,25,10,1,50,0,1,33,2,36,14,26,43,3,86,36,0,36,122
10/16/2017,RAP,SD,AGL,WE,Federal Contract Tower,15,28,17,0,60,1,0,33,2,36,16,28,50,2,96,20,0,20,116
10/17/2017,RAP,SD,AGL,WE,Federal Contract Tower,13,36,24,1,74,0,0,41,6,47,13,36,65,7,121,22,14,36,157
10/18/2017,RAP,SD,AGL,WE,Federal Contract Tower,12,42,18,3,75,0,0,33,8,41,12,42,51,11,116,36,4,40,156
10/19/2017,RAP,SD,AGL,WE,Federal Contract Tower,15,39,34,0,88,0,2,35,2,39,15,41,69,2,127,46,6,52,179
10/20/2017,RAP,SD,AGL,WE,Federal Contract Tower,15,30,28,0,73,0,2,26,0,28,15,32,54,0,101,8,0,8,109
10/21/2017,RAP,SD,AGL,WE,Federal Contract Tower,15,33,17,0,65,0,0,19,1,20,15,33,36,1,85,20,0,20,105
10/22/2017,RAP,SD,AGL,WE,Federal Contract Tower,15,25,16,0,56,0,0,46,0,46,15,25,62,0,102,40,0,40,142
10/23/2017,RAP,SD,AGL,WE,Federal Contract Tower,17,33,26,2,78,0,1,10,0,11,17,34,36,2,89,4,0,4,93
10/24/2017,RAP,SD,AGL,WE,Federal Contract Tower,13,36,31,0,80,0,6,22,1,29,13,42,53,1,109,0,0,0,109
10/25/2017,RAP,SD,AGL,WE,Federal Contract Tower,14,40,21,1,76,0,1,45,2,48,14,41,66,3,124,46,0,46,170
10/26/2017,RAP,SD,AGL,WE,Federal Contract Tower,15,33,14,0,62,0,0,1,4,5,15,33,15,4,67,0,0,0,67
10/27/2017,RAP,SD,AGL,WE,Federal Contract Tower,15,31,14,3,63,0,3,52,0,55,15,34,66,3,118,18,0,18,136
10/28/2017,RAP,SD,AGL,WE,Federal Contract Tower,16,30,12,0,58,0,3,38,0,41,16,33,50,0,99,6,0,6,105
10/29/2017,RAP,SD,AGL,WE,Federal Contract Tower,11,25,18,0,54,0,0,7,0,7,11,25,25,0,61,0,0,0,61
10/30/2017,RAP,SD,AGL,WE,Federal Contract Tower,14,22,12,1,49,0,0,3,0,3,14,22,15,1,52,0,0,0,52
10/31/2017,RAP,SD,AGL,WE,Federal Contract Tower,12,26,21,1,60,0,0,45,5,50,12,26,66,6,110,38,8,46,156
11/01/2017,RAP,SD,AGL,WE,Federal Contract Tower,11,39,24,4,78,0,1,20,2,23,11,40,44,6,101,36,0,36,137
11/02/2017,RAP,SD,AGL,WE,Federal Contract Tower,12,39,20,2,73,0,0,11,0,11,12,39,31,2,84,6,0,6,90
11/03/2017,RAP,SD,AGL,WE,Federal Contract Tower,14,36,17,2,69,0,0,0,0,0,14,36,17,2,69,0,0,0,69
11/04/2017,RAP,SD,AGL,WE,Federal Contract Tower,12,31,16,0,59,0,0,4,0,4,12,31,20,0,63,10,0,10,73
11/05/2017,RAP,SD,AGL,WE,Federal Contract Tower,13,18,6,1,38,0,0,8,0,8,13,18,14,1,46,10,0,10,56
11/06/2017,RAP,SD,AGL,WE,Federal Contract Tower,12,31,13,2,58,0,0,1,0,1,12,31,14,2,59,0,0,0,59
11/07/2017,RAP,SD,AGL,WE,Federal Contract Tower,10,23,31,3,67,0,1,40,0,41,10,24,71,3,108,68,0,68,176
11/08/2017,RAP,SD,AGL,WE,Federal Contract Tower,11,32,27,5,75,0,1,45,2,48,11,33,72,7,123,62,2,64,187
11/09/2017,RAP,SD,AGL,WE,Federal Contract Tower,14,29,26,1,70,0,0,8,0,8,14,29,34,1,78,6,0,6,84
11/10/2017,RAP,SD,AGL,WE,Federal Contract Tower,14,27,22,0,63,0,2,48,0,50,14,29,70,0,113,50,0,50,163
11/11/2017,RAP,SD,AGL,WE,Federal Contract Tower,8,22,6,0,36,0,0,51,2,53,8,22,57,2,89,60,0,60,149
11/12/2017,RAP,SD,AGL,WE,Federal Contract Tower,14,14,8,2,38,0,1,59,1,61,14,15,67,3,99,52,0,52,151
11/13/2017,RAP,SD,AGL,WE,Federal Contract Tower,12,27,32,0,71,0,2,56,2,60,12,29,88,2,131,56,0,56,187
11/14/2017,RAP,SD,AGL,WE,Federal Contract Tower,8,28,23,4,63,0,2,48,3,53,8,30,71,7,116,102,0,102,218
11/15/2017,RAP,SD,AGL,WE,Federal Contract Tower,11,27,21,2,61,0,0,35,12,47,11,27,56,14,108,144,0,144,252
11/16/2017,RAP,SD,AGL,WE,Federal Contract Tower,14,30,28,2,74,0,0,29,0,29,14,30,57,2,103,12,0,12,115
11/17/2017,RAP,SD,AGL,WE,Federal Contract Tower,13,31,33,4,81,0,0,21,0,21,13,31,54,4,102,34,0,34,136
11/18/2017,RAP,SD,AGL,WE,Federal Contract Tower,12,27,8,0,47,0,1,42,0,43,12,28,50,0,90,12,0,12,102
11/19/2017,RAP,SD,AGL,WE,Federal Contract Tower,12,17,11,0,40,0,0,52,1,53,12,17,63,1,93,120,0,120,213
11/20/2017,RAP,SD,AGL,WE,Federal Contract Tower,14,24,16,2,56,0,0,16,1,17,14,24,32,3,73,20,4,24,97
11/21/2017,RAP,SD,AGL,WE,Federal Contract Tower,9,29,29,1,68,0,2,36,3,41,9,31,65,4,109,28,0,28,137
11/22/2017,RAP,SD,AGL,WE,Federal Contract Tower,13,30,35,2,80,0,1,41,6,48,13,31,76,8,128,72,4,76,204
11/23/2017,RAP,SD,AGL,WE,Federal Contract Tower,6,11,2,0,19,0,0,27,0,27,6,11,29,0,46,10,0,10,56
11/24/2017,RAP,SD,AGL,WE,Federal Contract Tower,7,23,4,0,34,0,2,7,0,9,7,25,11,0,43,0,0,0,43
11/25/2017,RAP,SD,AGL,WE,Federal Contract Tower,10,29,14,0,53,0,0,66,4,70,10,29,80,4,123,84,20,104,227
11/26/2017,RAP,SD,AGL,WE,Federal Contract Tower,12,21,12,2,47,0,2,45,0,47,12,23,57,2,94,84,0,84,178
11/27/2017,RAP,SD,AGL,WE,Federal Contract Tower,12,31,15,0,58,0,1,7,0,8,12,32,22,0,66,0,0,0,66
11/28/2017,RAP,SD,AGL,WE,Federal Contract Tower,11,34,22,0,67,0,1,41,0,42,11,35,63,0,109,50,0,50,159
11/29/2017,RAP,SD,AGL,WE,Federal Contract Tower,13,24,21,2,60,0,4,13,8,25,13,28,34,10,85,26,0,26,111
11/30/2017,RAP,SD,AGL,WE,Federal Contract Tower,16,27,17,2,62,0,3,49,2,54,16,30,66,4,116,94,0,94,210
12/01/2017,RAP,SD,AGL,WE,Federal Contract Tower,16,30,29,2,77,0,2,31,2,35,16,32,60,4,112,12,0,12,124
12/02/2017,RAP,SD,AGL,WE,Federal Contract Tower,16,17,14,0,47,0,0,37,4,41,16,17,51,4,88,0,20,20,108
12/03/2017,RAP,SD,AGL,WE,Federal Contract Tower,16,15,9,2,42,0,0,36,1,37,16,15,45,3,79,46,0,46,125
12/04/2017,RAP,SD,AGL,WE,Federal Contract Tower,17,23,12,0,52,0,1,1,0,2,17,24,13,0,54,0,0,0,54
12/05/2017,RAP,SD,AGL,WE,Federal Contract Tower,14,24,21,4,63,0,3,8,0,11,14,27,29,4,74,0,0,0,74
12/06/2017,RAP,SD,AGL,WE,Federal Contract Tower,16,23,11,0,50,0,0,1,0,1,16,23,12,0,51,0,0,0,51
12/07/2017,RAP,SD,AGL,WE,Federal Contract Tower,15,22,28,0,65,0,6,15,3,24,15,28,43,3,89,6,0,6,95
12/08/2017,RAP,SD,AGL,WE,Federal Contract Tower,18,31,13,0,62,7,0,3,2,12,25,31,16,2,74,0,0,0,74
12/09/2017,RAP,SD,AGL,WE,Federal Contract Tower,15,16,11,0,42,0,1,24,0,25,15,17,35,0,67,18,0,18,85
12/10/2017,RAP,SD,AGL,WE,Federal Contract Tower,16,11,5,0,32,0,1,35,0,36,16,12,40,0,68,52,0,52,120
12/11/2017,RAP,SD,AGL,WE,Federal Contract Tower,19,24,19,0,62,0,2,11,0,13,19,26,30,0,75,0,0,0,75
12/12/2017,RAP,SD,AGL,WE,Federal Contract Tower,14,26,22,0,62,0,6,46,14,66,14,32,68,14,128,104,0,104,232
12/13/2017,RAP,SD,AGL,WE,Federal Contract Tower,17,24,21,2,64,18,3,18,12,51,35,27,39,14,115,2,2,4,119
12/14/2017,RAP,SD,AGL,WE,Federal Contract Tower,18,35,25,0,78,2,0,5,0,7,20,35,30,0,85,0,0,0,85
12/15/2017,RAP,SD,AGL,WE,Federal Contract Tower,14,25,29,3,71,0,6,71,4,81,14,31,100,7,152,90,4,94,246
12/16/2017,RAP,SD,AGL,WE,Federal Contract Tower,13,16,2,0,31,0,0,1,0,1,13,16,3,0,32,0,0,0,32
12/17/2017,RAP,SD,AGL,WE,Federal Contract Tower,13,21,8,0,42,0,0,18,0,18,13,21,26,0,60,64,0,64,124
12/18/2017,RAP,SD,AGL,WE,Federal Contract Tower,16,29,21,0,66,0,3,27,6,36,16,32,48,6,102,28,0,28,130
12/19/2017,RAP,SD,AGL,WE,Federal Contract Tower,9,32,18,0,59,0,2,31,6,39,9,34,49,6,98,78,0,78,176
12/20/2017,RAP,SD,AGL,WE,Federal Contract Tower,10,37,28,3,78,0,0,34,3,37,10,37,62,6,115,38,0,38,153
12/21/2017,RAP,SD,AGL,WE,Federal Contract Tower,10,38,13,1,62,0,1,2,0,3,10,39,15,1,65,0,0,0,65
12/22/2017,RAP,SD,AGL,WE,Federal Contract Tower,9,41,10,0,60,0,1,18,0,19,9,42,28,0,79,58,0,58,137
12/23/2017,RAP,SD,AGL,WE,Federal Contract Tower,9,24,4,0,37,0,0,23,0,23,9,24,27,0,60,32,0,32,92
12/24/2017,RAP,SD,AGL,WE,Federal Contract Tower,9,17,8,0,34,0,2,10,0,12,9,19,18,0,46,0,0,0,46
12/25/2017,RAP,SD,AGL,WE,Federal Contract Tower,12,19,3,0,34,0,0,0,0,0,12,19,3,0,34,0,0,0,34
12/26/2017,RAP,SD,AGL,WE,Federal Contract Tower,6,37,20,0,63,0,0,3,0,3,6,37,23,0,66,0,0,0,66
12/27/2017,RAP,SD,AGL,WE,Federal Contract Tower,8,39,9,0,56,0,0,21,0,21,8,39,30,0,77,50,0,50,127
12/28/2017,RAP,SD,AGL,WE,Federal Contract Tower,10,45,12,2,69,0,0,11,0,11,10,45,23,2,80,48,0,48,128
12/29/2017,RAP,SD,AGL,WE,Federal Contract Tower,10,28,12,0,50,0,0,0,0,0,10,28,12,0,50,0,0,0,50
12/30/2017,RAP,SD,AGL,WE,Federal Contract Tower,9,30,4,0,43,0,0,0,0,0,9,30,4,0,43,0,0,0,43
12/31/2017,RAP,SD,AGL,WE,Federal Contract Tower,7,19,6,0,32,0,1,2,0,3,7,20,8,0,35,0,0,0,35
01/01/2018,RAP,SD,AGL,WE,Federal Contract Tower,16,17,10,0,43,0,0,7,0,7,16,17,17,0,50,16,0,16,66
01/02/2018,RAP,SD,AGL,WE,Federal Contract Tower,8,40,12,0,60,0,4,19,2,25,8,44,31,2,85,2,6,8,93
01/03/2018,RAP,SD,AGL,WE,Federal Contract Tower,10,32,16,0,58,0,1,35,8,44,10,33,51,8,102,76,6,82,184
01/04/2018,RAP,SD,AGL,WE,Federal Contract Tower,10,25,11,4,50,0,0,35,2,37,10,25,46,6,87,82,0,82,169
01/05/2018,RAP,SD,AGL,WE,Federal Contract Tower,3,8,2,0,13,0,0,0,0,0,3,8,2,0,13,0,0,0,13
01/06/2018,RAP,SD,AGL,WE,Federal Contract Tower,8,28,15,0,51,0,0,43,8,51,8,28,58,8,102,26,0,26,128
01/07/2018,RAP,SD,AGL,WE,Federal Contract Tower,7,24,21,2,54,0,0,22,4,26,7,24,43,6,80,34,0,34,114
01/08/2018,RAP,SD,AGL,WE,Federal Contract Tower,10,22,15,0,47,0,0,0,2,2,10,22,15,2,49,30,6,36,85
01/09/2018,RAP,SD,AGL,WE,Federal Contract Tower,2,25,18,3,48,0,2,42,2,46,2,27,60,5,94,42,0,42,136
01/10/2018,RAP,SD,AGL,WE,Federal Contract Tower,4,24,9,0,37,0,0,9,0,9,4,24,18,0,46,36,0,36,82
01/11/2018,RAP,SD,AGL,WE,Federal Contract Tower,7,29,18,0,54,0,2,18,5,25,7,31,36,5,79,34,20,54,133
01/12/2018,RAP,SD,AGL,WE,Federal Contract Tower,8,21,12,2,43,0,0,0,0,0,8,21,12,2,43,0,0,0,43
01/13/2018,RAP,SD,AGL,WE,Federal Contract Tower,4,26,12,1,43,0,0,8,0,8,4,26,20,1,51,14,0,14,65
01/14/2018,RAP,SD,AGL,WE,Federal Contract Tower,9,12,10,1,32,0,0,10,0,10,9,12,20,1,42,16,0,16,58
01/15/2018,RAP,SD,AGL,WE,Federal Contract Tower,8,24,14,4,50,0,0,6,1,7,8,24,20,5,57,18,16,34,91
01/16/2018,RAP,SD,AGL,WE,Federal Contract Tower,2,29,19,2,52,0,0,24,0,24,2,29,43,2,76,56,0,56,132
01/17/2018,RAP,SD,AGL,WE,Federal Contract Tower,4,22,23,3,52,0,1,34,6,41,4,23,57,9,93,64,8,72,165
01/18/2018,RAP,SD,AGL,WE,Federal Contract Tower,8,21,30,3,62,0,0,26,2,28,8,21,56,5,90,24,4,28,118
01/19/2018,RAP,SD,AGL,WE,Federal Contract Tower,8,33,16,3,60,0,3,15,1,19,8,36,31,4,79,8,0,8,87
01/20/2018,RAP,SD,AGL,WE,Federal Contract Tower,4,20,6,0,30,0,0,4,0,4,4,20,10,0,34,0,0,0,34
01/21/2018,RAP,SD,AGL,WE,Federal Contract Tower,8,21,10,0,39,0,1,17,0,18,8,22,27,0,57,50,0,50,107
01/22/2018,RAP,SD,AGL,WE,Federal Contract Tower,9,21,9,4,43,0,1,19,0,20,9,22,28,4,63,0,0,0,63
01/23/2018,RAP,SD,AGL,WE,Federal Contract Tower,3,27,21,0,51,0,0,29,3,32,3,27,50,3,83,32,0,32,115
01/24/2018,RAP,SD,AGL,WE,Federal Contract Tower,4,30,26,8,68,0,3,62,5,70,4,33,88,13,138,159,2,161,299
01/25/2018,RAP,SD,AGL,WE,Federal Contract Tower,10,25,21,9,65,0,1,28,0,29,10,26,49,9,94,28,0,28,122
01/26/2018,RAP,SD,AGL,WE,Federal Contract Tower,10,29,31,2,72,0,1,32,0,33,10,30,63,2,105,44,0,44,149
01/27/2018,RAP,SD,AGL,WE,Federal Contract Tower,5,20,15,0,40,0,1,21,1,23,5,21,36,1,63,8,0,8,71
01/28/2018,RAP,SD,AGL,WE,Federal Contract Tower,9,18,12,0,39,0,2,5,0,7,9,20,17,0,46,22,0,22,68
01/29/2018,RAP,SD,AGL,WE,Federal Contract Tower,9,27,11,3,50,0,1,24,0,25,9,28,35,3,75,32,0,32,107
01/30/2018,RAP,SD,AGL,WE,Federal Contract Tower,3,35,18,7,63,0,0,25,3,28,3,35,43,10,91,30,20,50,141
01/31/2018,RAP,SD,AGL,WE,Federal Contract Tower,5,30,18,0,53,0,2,5,6,13,5,32,23,6,66,0,0,0,66
02/01/2018,RAP,SD,AGL,WE,Federal Contract Tower,9,25,16,1,51,0,1,27,6,34,9,26,43,7,85,44,16,60,145
02/02/2018,RAP,SD,AGL,WE,Federal Contract Tower,9,24,14,2,49,0,3,41,1,45,9,27,55,3,94,62,1,63,157
02/03/2018,RAP,SD,AGL,WE,Federal Contract Tower,5,20,7,1,33,0,1,17,1,19,5,21,24,2,52,20,0,20,72
02/04/2018,RAP,SD,AGL,WE,Federal Contract Tower,7,13,9,1,30,0,2,20,0,22,7,15,29,1,52,34,0,34,86
02/05/2018,RAP,SD,AGL,WE,Federal Contract Tower,9,26,26,1,62,0,1,8,0,9,9,27,34,1,71,0,0,0,71
02/06/2018,RAP,SD,AGL,WE,Federal Contract Tower,2,33,27,0,62,0,2,7,1,10,2,35,34,1,72,2,0,2,74
02/07/2018,RAP,SD,AGL,WE,Federal Contract Tower,6,23,20,1,50,0,0,37,4,41,6,23,57,5,91,72,0,72,163
02/08/2018,RAP,SD,AGL,WE,Federal Contract Tower,9,28,14,0,51,0,0,0,0,0,9,28,14,0,51,0,0,0,51
02/09/2018,RAP,SD,AGL,WE,Federal Contract Tower,7,23,13,1,44,0,0,0,0,0,7,23,13,1,44,0,0,0,44
02/10/2018,RAP,SD,AGL,WE,Federal Contract Tower,7,18,13,2,40,0,0,16,1,17,7,18,29,3,57,14,0,14,71
02/11/2018,RAP,SD,AGL,WE,Federal Contract Tower,8,17,9,4,38,0,1,26,5,32,8,18,35,9,70,24,0,24,94
02/12/2018,RAP,SD,AGL,WE,Federal Contract Tower,9,18,10,0,37,0,0,0,0,0,9,18,10,0,37,0,0,0,37
02/13/2018,RAP,SD,AGL,WE,Federal Contract Tower,3,23,19,0,45,0,1,26,4,31,3,24,45,4,76,48,0,48,124
02/14/2018,RAP,SD,AGL,WE,Federal Contract Tower,5,29,10,1,45,0,1,41,6,48,5,30,51,7,93,70,2,72,165
02/15/2018,RAP,SD,AGL,WE,Federal Contract Tower,8,24,10,0,42,0,0,0,0,0,8,24,10,0,42,0,0,0,42
02/16/2018,RAP,SD,AGL,WE,Federal Contract Tower,12,22,18,7,59,0,2,35,2,39,12,24,53,9,98,26,18,44,142
02/17/2018,RAP,SD,AGL,WE,Federal Contract Tower,10,26,7,0,43,0,0,30,0,30,10,26,37,0,73,52,0,52,125
02/18/2018,RAP,SD,AGL,WE,Federal Contract Tower,10,19,7,0,36,0,0,0,0,0,10,19,7,0,36,0,0,0,36
02/19/2018,RAP,SD,AGL,WE,Federal Contract Tower,11,14,9,0,34,0,0,0,0,0,11,14,9,0,34,0,0,0,34
02/20/2018,RAP,SD,AGL,WE,Federal Contract Tower,9,24,21,0,54,0,7,15,0,22,9,31,36,0,76,28,0,28,104
02/21/2018,RAP,SD,AGL,WE,Federal Contract Tower,11,24,21,4,60,0,2,22,13,37,11,26,43,17,97,44,4,48,145
02/22/2018,RAP,SD,AGL,WE,Federal Contract Tower,12,30,16,2,60,0,1,29,4,34,12,31,45,6,94,82,0,82,176
02/23/2018,RAP,SD,AGL,WE,Federal Contract Tower,14,24,14,1,53,0,2,25,0,27,14,26,39,1,80,24,0,24,104
02/24/2018,RAP,SD,AGL,WE,Federal Contract Tower,9,18,16,0,43,0,2,24,9,35,9,20,40,9,78,52,10,62,140
02/25/2018,RAP,SD,AGL,WE,Federal Contract Tower,11,25,14,0,50,0,3,39,0,42,11,28,53,0,92,52,0,52,144
02/26/2018,RAP,SD,AGL,WE,Federal Contract Tower,12,19,13,3,47,0,1,20,2,23,12,20,33,5,70,14,0,14,84
02/27/2018,RAP,SD,AGL,WE,Federal Contract Tower,10,32,22,3,67,0,0,27,0,27,10,32,49,3,94,42,0,42,136
02/28/2018,RAP,SD,AGL,WE,Federal Contract Tower,13,27,14,5,59,0,0,32,4,36,13,27,46,9,95,90,0,90,185
03/01/2018,RAP,SD,AGL,WE,Federal Contract Tower,10,26,21,2,59,0,0,27,3,30,10,26,48,5,89,72,0,72,161
03/02/2018,RAP,SD,AGL,WE,Federal Contract Tower,16,22,25,4,67,0,1,29,1,31,16,23,54,5,98,28,0,28,126
03/03/2018,RAP,SD,AGL,WE,Federal Contract Tower,11,20,10,0,41,0,2,22,2,26,11,22,32,2,67,22,0,22,89
03/04/2018,RAP,SD,AGL,WE,Federal Contract Tower,12,14,7,0,33,0,0,0,0,0,12,14,7,0,33,0,0,0,33
03/05/2018,RAP,SD,AGL,WE,Federal Contract Tower,15,20,7,0,42,0,0,0,0,0,15,20,7,0,42,0,0,0,42
03/06/2018,RAP,SD,AGL,WE,Federal Contract Tower,11,24,11,6,52,0,0,3,0,3,11,24,14,6,55,18,0,18,73
03/07/2018,RAP,SD,AGL,WE,Federal Contract Tower,13,23,24,2,62,0,0,16,16,32,13,23,40,18,94,60,4,64,158
03/08/2018,RAP,SD,AGL,WE,Federal Contract Tower,13,30,25,1,69,0,1,42,5,48,13,31,67,6,117,70,0,70,187
03/09/2018,RAP,SD,AGL,WE,Federal Contract Tower,10,33,16,2,61,0,1,50,2,53,10,34,66,4,114,66,0,66,180
03/10/2018,RAP,SD,AGL,WE,Federal Contract Tower,5,29,3,4,41,0,0,6,1,7,5,29,9,5,48,0,0,0,48
03/11/2018,RAP,SD,AGL,WE,Federal Contract Tower,7,24,19,1,51,0,0,48,0,48,7,24,67,1,99,76,0,76,175
03/12/2018,RAP,SD,AGL,WE,Federal Contract Tower,7,27,14,0,48,0,1,40,4,45,7,28,54,4,93,18,6,24,117
03/13/2018,RAP,SD,AGL,WE,Federal Contract Tower,5,31,16,0,52,0,0,28,2,30,5,31,44,2,82,24,0,24,106
03/14/2018,RAP,SD,AGL,WE,Federal Contract Tower,7,29,18,7,61,0,0,54,8,62,7,29,72,15,123,118,10,128,251
03/15/2018,RAP,SD,AGL,WE,Federal Contract Tower,6,24,26,2,58,0,0,29,0,29,6,24,55,2,87,38,0,38,125
03/16/2018,RAP,SD,AGL,WE,Federal Contract Tower,6,16,11,0,33,0,0,0,0,0,6,16,11,0,33,0,0,0,33
03/17/2018,RAP,SD,AGL,WE,Federal Contract Tower,4,31,13,0,48,0,0,37,4,41,4,31,50,4,89,56,8,64,153
03/18/2018,RAP,SD,AGL,WE,Federal Contract Tower,7,17,7,0,31,0,0,0,0,0,7,17,7,0,31,0,0,0,31
03/19/2018,RAP,SD,AGL,WE,Federal Contract Tower,5,27,26,0,58,0,0,20,0,20,5,27,46,0,78,8,0,8,86
03/20/2018,RAP,SD,AGL,WE,Federal Contract Tower,5,31,23,0,59,0,1,42,2,45,5,32,65,2,104,106,6,112,216
03/21/2018,RAP,SD,AGL,WE,Federal Contract Tower,6,32,14,3,55,0,1,26,7,34,6,33,40,10,89,30,18,48,137
03/22/2018,RAP,SD,AGL,WE,Federal Contract Tower,7,28,16,1,52,0,1,49,3,53,7,29,65,4,105,120,0,120,225
03/23/2018,RAP,SD,AGL,WE,Federal Contract Tower,7,27,20,3,57,0,1,23,3,27,7,28,43,6,84,14,0,14,98
03/24/2018,RAP,SD,AGL,WE,Federal Contract Tower,5,22,9,2,38,0,0,4,0,4,5,22,13,2,42,0,0,0,42
03/25/2018,RAP,SD,AGL,WE,Federal Contract Tower,7,22,10,0,39,0,0,23,0,23,7,22,33,0,62,46,0,46,108
03/26/2018,RAP,SD,AGL,WE,Federal Contract Tower,6,25,13,0,44,0,0,0,2,2,6,25,13,2,46,0,4,4,50
03/27/2018,RAP,SD,AGL,WE,Federal Contract Tower,5,29,21,6,61,0,1,37,8,46,5,30,58,14,107,36,14,50,157
03/28/2018,RAP,SD,AGL,WE,Federal Contract Tower,6,30,11,0,47,0,0,9,17,26,6,30,20,17,73,0,14,14,87
03/29/2018,RAP,SD,AGL,WE,Federal Contract Tower,9,27,30,0,66,0,0,2,0,2,9,27,32,0,68,0,0,0,68
03/30/2018,RAP,SD,AGL,WE,Federal Contract Tower,7,36,16,2,61,0,1,45,4,50,7,37,61,6,111,64,0,64,175
03/31/2018,RAP,SD,AGL,WE,Federal Contract Tower,5,24,10,0,39,0,0,7,0,7,5,24,17,0,46,4,0,4,50
04/01/2018,RAP,SD,AGL,WE,Federal Contract Tower,7,21,9,0,37,0,0,13,0,13,7,21,22,0,50,0,0,0,50
04/02/2018,RAP,SD,AGL,WE,Federal Contract Tower,6,29,19,0,54,0,1,4,2,7,6,30,23,2,61,0,0,0,61
04/03/2018,RAP,SD,AGL,WE,Federal Contract Tower,6,32,21,2,61,0,1,5,0,6,6,33,26,2,67,14,0,14,81
04/04/2018,RAP,SD,AGL,WE,Federal Contract Tower,11,27,28,0,66,0,1,33,14,48,11,28,61,14,114,18,10,28,142
04/05/2018,RAP,SD,AGL,WE,Federal Contract Tower,9,34,24,3,70,0,0,0,0,0,9,34,24,3,70,0,0,0,70
04/06/2018,RAP,SD,AGL,WE,Federal Contract Tower,8,34,7,1,50,0,0,0,1,1,8,34,7,2,51,32,0,32,83
04/07/2018,RAP,SD,AGL,WE,Federal Contract Tower,7,26,12,1,46,0,0,28,1,29,7,26,40,2,75,76,0,76,151
04/08/2018,RAP,SD,AGL,WE,Federal Contract Tower,10,25,11,1,47,0,0,3,0,3,10,25,14,1,50,0,0,0,50
04/09/2018,RAP,SD,AGL,WE,Federal Contract Tower,9,34,14,12,69,0,0,26,0,26,9,34,40,12,95,52,0,52,147
04/10/2018,RAP,SD,AGL,WE,Federal Contract Tower,7,29,27,0,63,0,1,40,7,48,7,30,67,7,111,50,0,50,161
04/11/2018,RAP,SD,AGL,WE,Federal Contract Tower,9,33,20,2,64,0,1,14,16,31,9,34,34,18,95,20,8,28,123
04/12/2018,RAP,SD,AGL,WE,Federal Contract Tower,9,33,24,4,70,0,0,13,15,28,9,33,37,19,98,48,28,76,174
04/13/2018,RAP,SD,AGL,WE,Federal Contract Tower,5,14,1,0,20,0,0,0,0,0,5,14,1,0,20,0,0,0,20
04/14/2018,RAP,SD,AGL,WE,Federal Contract Tower,6,14,9,2,31,0,3,19,1,23,6,17,28,3,54,12,0,12,66
04/15/2018,RAP,SD,AGL,WE,Federal Contract Tower,10,18,6,2,36,0,1,40,0,41,10,19,46,2,77,126,0,126,203
04/16/2018,RAP,SD,AGL,WE,Federal Contract Tower,9,22,14,0,45,0,1,18,3,22,9,23,32,3,67,28,4,32,99
04/17/2018,RAP,SD,AGL,WE,Federal Contract Tower,7,34,19,0,60,0,0,10,0,10,7,34,29,0,70,30,0,30,100
04/18/2018,RAP,SD,AGL,WE,Federal Contract Tower,9,31,16,1,57,0,1,17,16,34,9,32,33,17,91,2,0,2,93
04/19/2018,RAP,SD,AGL,WE,Federal Contract Tower,9,25,19,1,54,0,1,30,8,39,9,26,49,9,93,12,0,12,105
04/20/2018,RAP,SD,AGL,WE,Federal Contract Tower,11,28,9,4,52,0,0,3,6,9,11,28,12,10,61,8,0,8,69
04/21/2018,RAP,SD,AGL,WE,Federal Contract Tower,8,21,12,0,41,0,0,12,0,12,8,21,24,0,53,16,0,16,69
04/22/2018,RAP,SD,AGL,WE,Federal Contract Tower,19,25,12,0,56,0,4,48,0,52,19,29,60,0,108,78,0,78,186
04/23/2018,RAP,SD,AGL,WE,Federal Contract Tower,9,27,15,0,51,0,3,38,0,41,9,30,53,0,92,24,0,24,116
04/24/2018,RAP,SD,AGL,WE,Federal Contract Tower,7,31,21,3,62,0,0,9,6,15,7,31,30,9,77,0,2,2,79
04/25/2018,RAP,SD,AGL,WE,Federal Contract Tower,8,34,21,3,66,0,0,53,23,76,8,34,74,26,142,84,6,90,232
04/26/2018,RAP,SD,AGL,WE,Federal Contract Tower,9,28,26,4,67,0,0,45,19,64,9,28,71,23,131,78,6,84,215
04/27/2018,RAP,SD,AGL,WE,Federal Contract Tower,9,35,21,2,67,0,0,58,6,64,9,35,79,8,131,90,2,92,223
04/28/2018,RAP,SD,AGL,WE,Federal Contract Tower,8,24,14,0,46,0,0,21,0,21,8,24,35,0,67,32,0,32,99
04/29/2018,RAP,SD,AGL,WE,Federal Contract Tower,10,20,13,1,44,0,0,8,1,9,10,20,21,2,53,0,0,0,53
04/30/2018,RAP,SD,AGL,WE,Federal Contract Tower,11,25,21,0,57,0,0,10,0,10,11,25,31,0,67,6,0,6,73
05/01/2018,RAP,SD,AGL,WE,Federal Contract Tower,7,31,37,0,75,0,1,10,6,17,7,32,47,6,92,22,8,30,122
05/02/2018,RAP,SD,AGL,WE,Federal Contract Tower,8,30,33,0,71,0,1,32,7,40,8,31,65,7,111,48,0,48,159
05/03/2018,RAP,SD,AGL,WE,Federal Contract Tower,8,31,23,1,63,0,1,26,2,29,8,32,49,3,92,0,0,0,92
05/04/2018,RAP,SD,AGL,WE,Federal Contract Tower,9,36,26,3,74,0,2,37,6,45,9,38,63,9,119,22,0,22,141
05/05/2018,RAP,SD,AGL,WE,Federal Contract Tower,11,23,10,0,44,0,2,26,4,32,11,25,36,4,76,44,0,44,120
05/06/2018,RAP,SD,AGL,WE,Federal Contract Tower,13,23,11,3,50,0,3,43,2,48,13,26,54,5,98,92,0,92,190
05/07/2018,RAP,SD,AGL,WE,Federal Contract Tower,7,42,18,1,68,0,0,6,0,6,7,42,24,1,74,0,0,0,74
05/08/2018,RAP,SD,AGL,WE,Federal Contract Tower,7,32,20,0,59,0,0,10,1,11,7,32,30,1,70,44,12,56,126
05/09/2018,RAP,SD,AGL,WE,Federal Contract Tower,9,34,23,2,68,0,0,47,8,55,9,34,70,10,123,18,0,18,141
05/10/2018,RAP,SD,AGL,WE,Federal Contract Tower,11,30,40,14,95,0,0,2,2,4,11,30,42,16,99,0,0,0,99
05/11/2018,RAP,SD,AGL,WE,Federal Contract Tower,9,32,18,2,61,0,0,0,0,0,9,32,18,2,61,0,0,0,61
05/12/2018,RAP,SD,AGL,WE,Federal Contract Tower,15,27,9,0,51,0,0,0,0,0,15,27,9,0,51,0,0,0,51
05/13/2018,RAP,SD,AGL,WE,Federal Contract Tower,12,24,12,0,48,0,0,6,0,6,12,24,18,0,54,0,0,0,54
05/14/2018,RAP,SD,AGL,WE,Federal Contract Tower,9,37,15,4,65,0,3,35,0,38,9,40,50,4,103,24,0,24,127
05/15/2018,RAP,SD,AGL,WE,Federal Contract Tower,7,34,22,4,67,0,3,50,19,72,7,37,72,23,139,76,14,90,229
05/16/2018,RAP,SD,AGL,WE,Federal Contract Tower,8,41,19,4,72,0,1,50,7,58,8,42,69,11,130,102,0,102,232
05/17/2018,RAP,SD,AGL,WE,Federal Contract Tower,8,31,17,4,60,0,2,29,12,43,8,33,46,16,103,18,8,26,129
05/18/2018,RAP,SD,AGL,WE,Federal Contract Tower,9,34,19,2,64,0,1,21,9,31,9,35,40,11,95,38,0,38,133
05/19/2018,RAP,SD,AGL,WE,Federal Contract Tower,12,24,7,5,48,0,3,6,16,25,12,27,13,21,73,6,2,8,81
05/20/2018,RAP,SD,AGL,WE,Federal Contract Tower,10,23,23,2,58,0,1,58,4,63,10,24,81,6,121,108,0,108,229
05/21/2018,RAP,SD,AGL,WE,Federal Contract Tower,9,25,13,3,50,0,3,49,2,54,9,28,62,5,104,58,0,58,162
05/22/2018,RAP,SD,AGL,WE,Federal Contract Tower,7,35,23,2,67,0,0,36,20,56,7,35,59,22,123,16,0,16,139
05/23/2018,RAP,SD,AGL,WE,Federal Contract Tower,11,27,7,2,47,0,0,31,0,31,11,27,38,2,78,54,0,54,132
05/24/2018,RAP,SD,AGL,WE,Federal Contract Tower,12,30,28,5,75,0,0,62,6,68,12,30,90,11,143,68,8,76,219
05/25/2018,RAP,SD,AGL,WE,Federal Contract Tower,11,27,16,2,56,0,0,65,2,67,11,27,81,4,123,88,0,88,211
05/26/2018,RAP,SD,AGL,WE,Federal Contract Tower,15,29,12,0,56,0,0,49,0,49,15,29,61,0,105,34,0,34,139
05/27/2018,RAP,SD,AGL,WE,Federal Contract Tower,12,18,13,0,43,0,2,18,0,20,12,20,31,0,63,0,0,0,63
05/28/2018,RAP,SD,AGL,WE,Federal Contract Tower,25,22,16,0,63,0,1,27,4,32,25,23,43,4,95,0,0,0,95
05/29/2018,RAP,SD,AGL,WE,Federal Contract Tower,8,26,25,1,60,0,0,7,0,7,8,26,32,1,67,8,0,8,75
05/30/2018,RAP,SD,AGL,WE,Federal Contract Tower,11,26,14,3,54,0,1,66,12,79,11,27,80,15,133,54,0,54,187
05/31/2018,RAP,SD,AGL,WE,Federal Contract Tower,10,28,21,1,60,0,1,30,8,39,10,29,51,9,99,32,0,32,131
06/01/2018,RAP,SD,AGL,WE,Federal Contract Tower,11,27,23,4,65,0,1,25,7,33,11,28,48,11,98,50,2,52,150
06/02/2018,RAP,SD,AGL,WE,Federal Contract Tower,16,24,15,4,59,0,1,31,4,36,16,25,46,8,95,2,0,2,97
06/03/2018,RAP,SD,AGL,WE,Federal Contract Tower,12,22,18,1,53,0,2,40,0,42,12,24,58,1,95,22,0,22,117
06/04/2018,RAP,SD,AGL,WE,Federal Contract Tower,10,32,27,3,72,0,1,49,0,50,10,33,76,3,122,52,0,52,174
06/05/2018,RAP,SD,AGL,WE,Federal Contract Tower,6,33,21,2,62,0,1,33,3,37,6,34,54,5,99,10,0,10,109
06/06/2018,RAP,SD,AGL,WE,Federal Contract Tower,11,29,18,2,60,0,2,36,8,46,11,31,54,10,106,48,28,76,182
06/07/2018,RAP,SD,AGL,WE,Federal Contract Tower,9,37,25,4,75,0,4,28,7,39,9,41,53,11,114,24,2,26,140
06/08/2018,RAP,SD,AGL,WE,Federal Contract Tower,9,46,27,3,85,0,0,27,4,31,9,46,54,7,116,14,0,14,130
06/09/2018,RAP,SD,AGL,WE,Federal Contract Tower,14,43,19,4,80,0,0,35,4,39,14,43,54,8,119,48,0,48,167
06/10/2018,RAP,SD,AGL,WE,Federal Contract Tower,12,35,15,0,62,0,0,17,1,18,12,35,32,1,80,50,0,50,130
06/11/2018,RAP,SD,AGL,WE,Federal Contract Tower,9,44,19,1,73,0,1,23,5,29,9,45,42,6,102,20,0,20,122
06/12/2018,RAP,SD,AGL,WE,Federal Contract Tower,7,44,22,2,75,0,0,38,7,45,7,44,60,9,120,58,6,64,184
06/13/2018,RAP,SD,AGL,WE,Federal Contract Tower,9,43,35,2,89,0,6,45,0,51,9,49,80,2,140,36,0,36,176
06/14/2018,RAP,SD,AGL,WE,Federal Contract Tower,9,48,23,6,86,0,4,41,19,64,9,52,64,25,150,24,0,24,174
06/15/2018,RAP,SD,AGL,WE,Federal Contract Tower,11,48,35,2,96,0,2,51,6,59,11,50,86,8,155,58,0,58,213
06/16/2018,RAP,SD,AGL,WE,Federal Contract Tower,16,41,11,0,68,0,1,28,10,39,16,42,39,10,107,14,0,14,121
06/17/2018,RAP,SD,AGL,WE,Federal Contract Tower,10,34,15,0,59,0,0,0,0,0,10,34,15,0,59,0,0,0,59
06/18/2018,RAP,SD,AGL,WE,Federal Contract Tower,9,42,23,7,81,0,0,2,2,4,9,42,25,9,85,0,0,0,85
06/19/2018,RAP,SD,AGL,WE,Federal Contract Tower,7,44,23,0,74,0,0,14,0,14,7,44,37,0,88,38,0,38,126
06/20/2018,RAP,SD,AGL,WE,Federal Contract Tower,9,48,32,2,91,0,2,10,4,16,9,50,42,6,107,20,0,20,127
06/21/2018,RAP,SD,AGL,WE,Federal Contract Tower,10,48,36,4,98,0,2,74,5,81,10,50,110,9,179,80,0,80,259
06/22/2018,RAP,SD,AGL,WE,Federal Contract Tower,8,45,16,2,71,0,2,36,6,44,8,47,52,8,115,42,10,52,167
06/23/2018,RAP,SD,AGL,WE,Federal Contract Tower,17,48,15,5,85,0,0,72,2,74,17,48,87,7,159,30,14,44,203
06/24/2018,RAP,SD,AGL,WE,Federal Contract Tower,11,34,20,0,65,0,0,17,0,17,11,34,37,0,82,18,0,18,100
06/25/2018,RAP,SD,AGL,WE,Federal Contract Tower,9,45,28,0,82,0,0,37,0,37,9,45,65,0,119,36,0,36,155
06/26/2018,RAP,SD,AGL,WE,Federal Contract Tower,7,48,31,3,89,0,0,40,2,42,7,48,71,5,131,32,0,32,163
06/27/2018,RAP,SD,AGL,WE,Federal Contract Tower,9,39,46,5,99,0,2,36,3,41,9,41,82,8,140,30,0,30,170
06/28/2018,RAP,SD,AGL,WE,Federal Contract Tower,7,40,25,2,74,0,0,51,8,59,7,40,76,10,133,54,0,54,187
06/29/2018,RAP,SD,AGL,WE,Federal Contract Tower,11,53,35,3,102,0,0,31,0,31,11,53,66,3,133,32,0,32,165
06/30/2018,RAP,SD,AGL,WE,Federal Contract Tower,18,48,18,0,84,0,1,33,0,34,18,49,51,0,118,46,0,46,164
07/01/2018,RAP,SD,AGL,WE,Federal Contract Tower,13,33,22,0,68,0,2,49,0,51,13,35,71,0,119,54,0,54,173
07/02/2018,RAP,SD,AGL,WE,Federal Contract Tower,12,42,24,0,78,0,0,25,1,26,12,42,49,1,104,28,0,28,132
07/03/2018,RAP,SD,AGL,WE,Federal Contract Tower,12,39,20,1,72,0,1,39,5,45,12,40,59,6,117,34,0,34,151
07/04/2018,RAP,SD,AGL,WE,Federal Contract Tower,10,29,7,0,46,0,3,32,1,36,10,32,39,1,82,16,0,16,98
07/05/2018,RAP,SD,AGL,WE,Federal Contract Tower,12,42,21,0,75,0,3,34,2,39,12,45,55,2,114,42,0,42,156
07/06/2018,RAP,SD,AGL,WE,Federal Contract Tower,11,43,21,0,75,0,1,38,5,44,11,44,59,5,119,6,0,6,125
07/07/2018,RAP,SD,AGL,WE,Federal Contract Tower,18,48,11,0,77,0,1,42,1,44,18,49,53,1,121,22,0,22,143
07/08/2018,RAP,SD,AGL,WE,Federal Contract Tower,11,38,15,0,64,0,2,44,4,50,11,40,59,4,114,20,0,20,134
07/09/2018,RAP,SD,AGL,WE,Federal Contract Tower,9,43,26,1,79,0,0,20,0,20,9,43,46,1,99,18,0,18,117
07/10/2018,RAP,SD,AGL,WE,Federal Contract Tower,8,50,23,1,82,0,1,38,1,40,8,51,61,2,122,30,0,30,152
07/11/2018,RAP,SD,AGL,WE,Federal Contract Tower,10,48,23,2,83,0,2,30,5,37,10,50,53,7,120,24,0,24,144
07/12/2018,RAP,SD,AGL,WE,Federal Contract Tower,8,42,13,2,65,0,1,29,4,34,8,43,42,6,99,54,0,54,153
07/13/2018,RAP,SD,AGL,WE,Federal Contract Tower,9,51,21,4,85,0,0,40,2,42,9,51,61,6,127,16,0,16,143
07/14/2018,RAP,SD,AGL,WE,Federal Contract Tower,17,50,16,1,84,0,2,41,4,47,17,52,57,5,131,12,0,12,143
07/15/2018,RAP,SD,AGL,WE,Federal Contract Tower,11,36,23,0,70,0,0,14,0,14,11,36,37,0,84,32,0,32,116
07/16/2018,RAP,SD,AGL,WE,Federal Contract Tower,8,44,16,4,72,0,1,19,2,22,8,45,35,6,94,14,0,14,108
07/17/2018,RAP,SD,AGL,WE,Federal Contract Tower,7,47,26,2,82,0,0,26,1,27,7,47,52,3,109,30,0,30,139
07/18/2018,RAP,SD,AGL,WE,Federal Contract Tower,9,47,27,5,88,0,1,49,4,54,9,48,76,9,142,22,0,22,164
07/19/2018,RAP,SD,AGL,WE,Federal Contract Tower,10,53,22,5,90,0,1,61,10,72,10,54,83,15,162,18,0,18,180
07/20/2018,RAP,SD,AGL,WE,Federal Contract Tower,9,52,28,4,93,0,0,82,6,88,9,52,110,10,181,72,0,72,253
07/21/2018,RAP,SD,AGL,WE,Federal Contract Tower,15,42,23,0,80,0,1,55,7,63,15,43,78,7,143,42,0,42,185
07/22/2018,RAP,SD,AGL,WE,Federal Contract Tower,9,46,27,0,82,0,0,35,12,47,9,46,62,12,129,2,0,2,131
07/23/2018,RAP,SD,AGL,WE,Federal Contract Tower,11,41,25,1,78,0,3,20,13,36,11,44,45,14,114,36,0,36,150
07/24/2018,RAP,SD,AGL,WE,Federal Contract Tower,8,42,21,0,71,0,0,39,22,61,8,42,60,22,132,38,0,38,170
07/25/2018,RAP,SD,AGL,WE,Federal Contract Tower,9,50,34,0,93,0,2,32,13,47,9,52,66,13,140,30,0,30,170
07/26/2018,RAP,SD,AGL,WE,Federal Contract Tower,9,46,38,2,95,0,0,53,6,59,9,46,91,8,154,42,0,42,196
07/27/2018,RAP,SD,AGL,WE,Federal Contract Tower,8,48,17,4,77,0,0,37,0,37,8,48,54,4,114,28,0,28,142
07/28/2018,RAP,SD,AGL,WE,Federal Contract Tower,19,55,29,2,105,0,1,28,2,31,19,56,57,4,136,0,0,0,136
07/29/2018,RAP,SD,AGL,WE,Federal Contract Tower,12,34,15,2,63,0,0,39,0,39,12,34,54,2,102,34,0,34,136
07/30/2018,RAP,SD,AGL,WE,Federal Contract Tower,8,45,34,2,89,0,0,54,2,56,8,45,88,4,145,28,0,28,173
07/31/2018,RAP,SD,AGL,WE,Federal Contract Tower,7,58,29,2,96,0,1,35,3,39,7,59,64,5,135,30,0,30,165
08/01/2018,RAP,SD,AGL,WE,Federal Contract Tower,9,49,25,1,84,0,0,23,6,29,9,49,48,7,113,50,0,50,163
08/02/2018,RAP,SD,AGL,WE,Federal Contract Tower,15,30,40,3,88,0,1,36,4,41,15,31,76,7,129,50,0,50,179
08/03/2018,RAP,SD,AGL,WE,Federal Contract Tower,9,48,22,0,79,0,0,51,1,52,9,48,73,1,131,38,0,38,169
08/04/2018,RAP,SD,AGL,WE,Federal Contract Tower,17,56,14,0,87,0,2,31,0,33,17,58,45,0,120,6,0,6,126
08/05/2018,RAP,SD,AGL,WE,Federal Contract Tower,12,41,29,0,82,0,1,40,0,41,12,42,69,0,123,30,0,30,153
08/06/2018,RAP,SD,AGL,WE,Federal Contract Tower,10,39,27,0,76,0,4,18,0,22,10,43,45,0,98,6,0,6,104
08/07/2018,RAP,SD,AGL,WE,Federal Contract Tower,8,47,34,0,89,0,1,48,2,51,8,48,82,2,140,46,0,46,186
08/08/2018,RAP,SD,AGL,WE,Federal Contract Tower,8,47,27,0,82,0,0,39,9,48,8,47,66,9,130,12,6,18,148
08/09/2018,RAP,SD,AGL,WE,Federal Contract Tower,9,47,16,2,74,0,1,46,3,50,9,48,62,5,124,70,2,72,196
08/10/2018,RAP,SD,AGL,WE,Federal Contract Tower,11,47,27,0,85,0,2,54,0,56,11,49,81,0,141,44,0,44,185
08/11/2018,RAP,SD,AGL,WE,Federal Contract Tower,21,39,40,4,104,0,5,28,0,33,21,44,68,4,137,12,0,12,149
08/12/2018,RAP,SD,AGL,WE,Federal Contract Tower,20,32,18,0,70,19,5,29,2,55,39,37,47,2,125,20,0,20,145
08/13/2018,RAP,SD,AGL,WE,Federal Contract Tower,8,38,27,6,79,0,0,13,4,17,8,38,40,10,96,8,0,8,104
08/14/2018,RAP,SD,AGL,WE,Federal Contract Tower,11,45,29,0,85,0,1,18,4,23,11,46,47,4,108,6,2,8,116
08/15/2018,RAP,SD,AGL,WE,Federal Contract Tower,9,43,30,2,84,0,0,22,14,36,9,43,52,16,120,4,6,10,130
08/16/2018,RAP,SD,AGL,WE,Federal Contract Tower,10,41,39,2,92,0,0,40,5,45,10,41,79,7,137,60,6,66,203
08/17/2018,RAP,SD,AGL,WE,Federal Contract Tower,7,52,27,1,87,0,1,54,4,59,7,53,81,5,146,30,0,30,176
08/18/2018,RAP,SD,AGL,WE,Federal Contract Tower,14,45,17,2,78,0,0,45,1,46,14,45,62,3,124,14,0,14,138
08/19/2018,RAP,SD,AGL,WE,Federal Contract Tower,9,32,29,3,73,0,0,4,0,4,9,32,33,3,77,0,0,0,77
08/20/2018,RAP,SD,AGL,WE,Federal Contract Tower,9,41,30,0,80,0,0,44,0,44,9,41,74,0,124,42,0,42,166
08/21/2018,RAP,SD,AGL,WE,Federal Contract Tower,12,39,27,4,82,0,0,23,1,24,12,39,50,5,106,8,0,8,114
08/22/2018,RAP,SD,AGL,WE,Federal Contract Tower,13,39,28,4,84,0,0,38,2,40,13,39,66,6,124,4,0,4,128
08/23/2018,RAP,SD,AGL,WE,Federal Contract Tower,12,37,21,6,76,0,0,37,1,38,12,37,58,7,114,23,0,23,137
08/24/2018,RAP,SD,AGL,WE,Federal Contract Tower,13,45,28,0,86,0,0,61,3,64,13,45,89,3,150,73,4,77,227
08/25/2018,RAP,SD,AGL,WE,Federal Contract Tower,19,35,19,0,73,0,0,47,0,47,19,35,66,0,120,30,0,30,150
08/26/2018,RAP,SD,AGL,WE,Federal Contract Tower,15,34,16,6,71,0,0,32,0,32,15,34,48,6,103,6,0,6,109
08/27/2018,RAP,SD,AGL,WE,Federal Contract Tower,12,35,25,0,72,0,0,28,6,34,12,35,53,6,106,22,0,22,128
08/28/2018,RAP,SD,AGL,WE,Federal Contract Tower,9,37,40,2,88,0,0,32,0,32,9,37,72,2,120,30,0,30,150
08/29/2018,RAP,SD,AGL,WE,Federal Contract Tower,13,38,25,2,78,0,0,43,12,55,13,38,68,14,133,46,0,46,179
08/30/2018,RAP,SD,AGL,WE,Federal Contract Tower,12,38,20,7,77,0,0,37,7,44,12,38,57,14,121,56,0,56,177
08/31/2018,RAP,SD,AGL,WE,Federal Contract Tower,13,35,27,4,79,0,0,21,0,21,13,35,48,4,100,22,0,22,122
09/01/2018,RAP,SD,AGL,WE,Federal Contract Tower,20,30,16,1,67,0,0,31,0,31,20,30,47,1,98,32,0,32,130
09/02/2018,RAP,SD,AGL,WE,Federal Contract Tower,18,22,12,0,52,0,0,34,0,34,18,22,46,0,86,14,0,14,100
09/03/2018,RAP,SD,AGL,WE,Federal Contract Tower,12,27,33,0,72,0,3,33,0,36,12,30,66,0,108,24,0,24,132
09/04/2018,RAP,SD,AGL,WE,Federal Contract Tower,14,32,20,0,66,0,0,13,0,13,14,32,33,0,79,0,0,0,79
09/05/2018,RAP,SD,AGL,WE,Federal Contract Tower,11,34,36,3,84,0,1,52,15,68,11,35,88,18,152,38,6,44,196
09/06/2018,RAP,SD,AGL,WE,Federal Contract Tower,13,38,17,2,70,0,0,27,1,28,13,38,44,3,98,20,0,20,118
09/07/2018,RAP,SD,AGL,WE,Federal Contract Tower,13,37,30,2,82,0,35,5,0,40,13,72,35,2,122,40,0,40,162
09/08/2018,RAP,SD,AGL,WE,Federal Contract Tower,18,29,20,0,67,0,5,36,10,51,18,34,56,10,118,32,0,32,150
09/09/2018,RAP,SD,AGL,WE,Federal Contract Tower,15,25,17,2,59,0,0,33,4,37,15,25,50,6,96,18,0,18,114
09/10/2018,RAP,SD,AGL,WE,Federal Contract Tower,13,34,34,1,82,0,0,15,0,15,13,34,49,1,97,28,0,28,125
09/11/2018,RAP,SD,AGL,WE,Federal Contract Tower,11,38,23,2,74,0,0,54,4,58,11,38,77,6,132,52,0,52,184
09/12/2018,RAP,SD,AGL,WE,Federal Contract Tower,11,41,27,0,79,0,0,23,10,33,11,41,50,10,112,8,0,8,120
09/13/2018,RAP,SD,AGL,WE,Federal Contract Tower,12,34,43,0,89,0,0,55,4,59,12,34,98,4,148,56,2,58,206
09/14/2018,RAP,SD,AGL,WE,Federal Contract Tower,11,38,17,0,66,0,1,19,0,20,11,39,36,0,86,36,0,36,122
09/15/2018,RAP,SD,AGL,WE,Federal Contract Tower,15,28,10,0,53,0,0,26,1,27,15,28,36,1,80,0,0,0,80
09/16/2018,RAP,SD,AGL,WE,Federal Contract Tower,12,35,25,6,78,0,1,24,4,29,12,36,49,10,107,24,2,26,133
09/17/2018,RAP,SD,AGL,WE,Federal Contract Tower,13,28,23,3,67,0,0,19,1,20,13,28,42,4,87,4,0,4,91
09/18/2018,RAP,SD,AGL,WE,Federal Contract Tower,10,43,20,0,73,0,0,27,2,29,10,43,47,2,102,36,0,36,138
09/19/2018,RAP,SD,AGL,WE,Federal Contract Tower,11,41,27,1,80,0,0,0,0,0,11,41,27,1,80,0,0,0,80
09/20/2018,RAP,SD,AGL,WE,Federal Contract Tower,12,40,25,3,80,0,0,6,0,6,12,40,31,3,86,8,0,8,94
09/21/2018,RAP,SD,AGL,WE,Federal Contract Tower,11,45,49,0,105,0,1,52,4,57,11,46,101,4,162,42,0,42,204
09/22/2018,RAP,SD,AGL,WE,Federal Contract Tower,15,29,8,2,54,0,0,32,3,35,15,29,40,5,89,62,0,62,151
09/23/2018,RAP,SD,AGL,WE,Federal Contract Tower,14,28,30,0,72,0,0,16,6,22,14,28,46,6,94,2,0,2,96
09/24/2018,RAP,SD,AGL,WE,Federal Contract Tower,16,34,17,3,70,0,0,37,2,39,16,34,54,5,109,68,0,68,177
09/25/2018,RAP,SD,AGL,WE,Federal Contract Tower,11,41,27,1,80,0,1,15,3,19,11,42,42,4,99,0,0,0,99
09/26/2018,RAP,SD,AGL,WE,Federal Contract Tower,8,40,29,0,77,0,0,39,13,52,8,40,68,13,129,48,10,58,187
09/27/2018,RAP,SD,AGL,WE,Federal Contract Tower,13,42,24,2,81,0,0,13,5,18,13,42,37,7,99,24,4,28,127
09/28/2018,RAP,SD,AGL,WE,Federal Contract Tower,13,38,20,1,72,0,0,11,6,17,13,38,31,7,89,42,0,42,131
09/29/2018,RAP,SD,AGL,WE,Federal Contract Tower,14,35,15,1,65,0,0,23,0,23,14,35,38,1,88,32,0,32,120
09/30/2018,RAP,SD,AGL,WE,Federal Contract Tower,17,24,12,1,54,0,0,0,0,0,17,24,12,1,54,0,0,0,54
10/01/2018,RAP,SD,AGL,WE,Federal Contract Tower,13,38,20,0,71,0,0,26,0,26,13,38,46,0,97,18,0,18,115
10/02/2018,RAP,SD,AGL,WE,Federal Contract Tower,11,40,36,0,87,0,0,44,4,48,11,40,80,4,135,86,0,86,221
10/03/2018,RAP,SD,AGL,WE,Federal Contract Tower,12,38,10,0,60,0,0,3,0,3,12,38,13,0,63,0,0,0,63
10/04/2018,RAP,SD,AGL,WE,Federal Contract Tower,11,35,28,0,74,0,0,1,2,3,11,35,29,2,77,0,0,0,77
10/05/2018,RAP,SD,AGL,WE,Federal Contract Tower,8,42,5,2,57,0,0,31,0,31,8,42,36,2,88,34,0,34,122
10/06/2018,RAP,SD,AGL,WE,Federal Contract Tower,14,27,7,1,49,0,0,25,10,35,14,27,32,11,84,24,0,24,108
10/07/2018,RAP,SD,AGL,WE,Federal Contract Tower,10,26,8,0,44,0,0,0,0,0,10,26,8,0,44,0,0,0,44
10/08/2018,RAP,SD,AGL,WE,Federal Contract Tower,15,31,18,0,64,0,0,0,0,0,15,31,18,0,64,0,0,0,64
10/09/2018,RAP,SD,AGL,WE,Federal Contract Tower,5,43,10,0,58,0,0,0,0,0,5,43,10,0,58,0,0,0,58
10/10/2018,RAP,SD,AGL,WE,Federal Contract Tower,8,34,28,0,70,0,0,15,0,15,8,34,43,0,85,22,0,22,107
10/11/2018,RAP,SD,AGL,WE,Federal Contract Tower,12,41,16,11,80,0,0,18,3,21,12,41,34,14,101,32,16,48,149
10/12/2018,RAP,SD,AGL,WE,Federal Contract Tower,9,36,14,1,60,0,0,34,8,42,9,36,48,9,102,58,6,64,166
10/13/2018,RAP,SD,AGL,WE,Federal Contract Tower,13,22,6,0,41,0,0,1,2,3,13,22,7,2,44,0,0,0,44
10/14/2018,RAP,SD,AGL,WE,Federal Contract Tower,12,33,24,0,69,0,0,10,0,10,12,33,34,0,79,16,0,16,95
10/15/2018,RAP,SD,AGL,WE,Federal Contract Tower,9,40,23,1,73,0,2,32,0,34,9,42,55,1,107,42,0,42,149
10/16/2018,RAP,SD,AGL,WE,Federal Contract Tower,4,41,26,3,74,0,0,36,2,38,4,41,62,5,112,20,4,24,136
10/17/2018,RAP,SD,AGL,WE,Federal Contract Tower,7,36,19,0,62,0,2,48,2,52,7,38,67,2,114,44,0,44,158
10/18/2018,RAP,SD,AGL,WE,Federal Contract Tower,9,43,32,1,85,0,0,29,14,43,9,43,61,15,128,18,2,20,148
10/19/2018,RAP,SD,AGL,WE,Federal Contract Tower,10,37,21,1,69,0,0,32,1,33,10,37,53,2,102,54,0,54,156
10/20/2018,RAP,SD,AGL,WE,Federal Contract Tower,14,23,14,8,59,0,0,84,6,90,14,23,98,14,149,40,0,40,189
10/21/2018,RAP,SD,AGL,WE,Federal Contract Tower,11,27,19,0,57,0,0,40,0,40,11,27,59,0,97,22,0,22,119
10/22/2018,RAP,SD,AGL,WE,Federal Contract Tower,9,28,24,0,61,0,0,31,0,31,9,28,55,0,92,20,0,20,112
10/23/2018,RAP,SD,AGL,WE,Federal Contract Tower,6,42,19,0,67,0,0,22,0,22,6,42,41,0,89,30,0,30,119
10/24/2018,RAP,SD,AGL,WE,Federal Contract Tower,9,45,14,2,70,0,0,22,4,26,9,45,36,6,96,56,4,60,156
10/25/2018,RAP,SD,AGL,WE,Federal Contract Tower,9,38,22,1,70,0,0,34,3,37,9,38,56,4,107,28,0,28,135
10/26/2018,RAP,SD,AGL,WE,Federal Contract Tower,9,37,9,0,55,0,5,40,10,55,9,42,49,10,110,22,12,34,144
10/27/2018,RAP,SD,AGL,WE,Federal Contract Tower,16,24,11,0,51,0,0,24,0,24,16,24,35,0,75,60,0,60,135
10/28/2018,RAP,SD,AGL,WE,Federal Contract Tower,15,15,19,0,49,0,0,65,0,65,15,15,84,0,114,80,0,80,194
10/29/2018,RAP,SD,AGL,WE,Federal Contract Tower,13,31,7,6,57,0,1,24,1,26,13,32,31,7,83,34,0,34,117
10/30/2018,RAP,SD,AGL,WE,Federal Contract Tower,11,30,18,2,61,0,0,41,2,43,11,30,59,4,104,54,0,54,158
10/31/2018,RAP,SD,AGL,WE,Federal Contract Tower,14,22,25,0,61,0,4,45,1,50,14,26,70,1,111,54,0,54,165
11/01/2018,RAP,SD,AGL,WE,Federal Contract Tower,14,20,18,0,52,0,0,18,7,25,14,20,36,7,77,14,12,26,103
11/02/2018,RAP,SD,AGL,WE,Federal Contract Tower,13,22,18,4,57,0,0,28,8,36,13,22,46,12,93,60,8,68,161
11/03/2018,RAP,SD,AGL,WE,Federal Contract Tower,15,29,11,2,57,0,0,0,2,2,15,29,11,4,59,0,4,4,63
11/04/2018,RAP,SD,AGL,WE,Federal Contract Tower,13,17,10,1,41,0,0,20,0,20,13,17,30,1,61,6,0,6,67
11/05/2018,RAP,SD,AGL,WE,Federal Contract Tower,13,26,15,5,59,0,0,0,0,0,13,26,15,5,59,0,0,0,59
11/06/2018,RAP,SD,AGL,WE,Federal Contract Tower,9,29,14,3,55,0,0,17,1,18,9,29,31,4,73,32,0,32,105
11/07/2018,RAP,SD,AGL,WE,Federal Contract Tower,10,30,23,5,68,0,1,28,8,37,10,31,51,13,105,36,6,42,147
11/08/2018,RAP,SD,AGL,WE,Federal Contract Tower,11,26,20,5,62,0,0,8,11,19,11,26,28,16,81,20,0,20,101
11/09/2018,RAP,SD,AGL,WE,Federal Contract Tower,10,32,15,2,59,0,0,20,12,32,10,32,35,14,91,50,0,50,141
11/10/2018,RAP,SD,AGL,WE,Federal Contract Tower,10,21,7,3,41,0,1,14,0,15,10,22,21,3,56,14,0,14,70
11/11/2018,RAP,SD,AGL,WE,Federal Contract Tower,11,17,23,0,51,0,0,4,1,5,11,17,27,1,56,0,4,4,60
11/12/2018,RAP,SD,AGL,WE,Federal Contract Tower,9,29,14,0,52,0,0,20,0,20,9,29,34,0,72,44,0,44,116
11/13/2018,RAP,SD,AGL,WE,Federal Contract Tower,9,28,24,0,61,0,0,50,4,54,9,28,74,4,115,26,8,34,149
11/14/2018,RAP,SD,AGL,WE,Federal Contract Tower,11,32,13,4,60,0,1,59,11,71,11,33,72,15,131,98,6,104,235
11/15/2018,RAP,SD,AGL,WE,Federal Contract Tower,10,28,18,4,60,0,0,25,13,38,10,28,43,17,98,8,2,10,108
11/16/2018,RAP,SD,AGL,WE,Federal Contract Tower,12,29,6,2,49,0,0,8,5,13,12,29,14,7,62,14,14,28,90
11/17/2018,RAP,SD,AGL,WE,Federal Contract Tower,10,18,11,0,39,0,0,0,0,0,10,18,11,0,39,0,0,0,39
11/18/2018,RAP,SD,AGL,WE,Federal Contract Tower,11,12,7,0,30,0,0,27,2,29,11,12,34,2,59,22,0,22,81
11/19/2018,RAP,SD,AGL,WE,Federal Contract Tower,11,25,20,1,57,0,10,12,3,25,11,35,32,4,82,14,8,22,104
11/20/2018,RAP,SD,AGL,WE,Federal Contract Tower,11,23,20,2,56,0,0,47,10,57,11,23,67,12,113,58,4,62,175
11/21/2018,RAP,SD,AGL,WE,Federal Contract Tower,11,32,19,2,64,0,1,50,10,61,11,33,69,12,125,86,4,90,215
11/22/2018,RAP,SD,AGL,WE,Federal Contract Tower,9,9,2,0,20,0,0,18,0,18,9,9,20,0,38,42,0,42,80
11/23/2018,RAP,SD,AGL,WE,Federal Contract Tower,11,24,6,0,41,0,0,11,0,11,11,24,17,0,52,6,0,6,58
11/24/2018,RAP,SD,AGL,WE,Federal Contract Tower,12,24,3,0,39,0,0,0,0,0,12,24,3,0,39,0,0,0,39
11/25/2018,RAP,SD,AGL,WE,Federal Contract Tower,10,22,20,0,52,0,0,11,0,11,10,22,31,0,63,24,0,24,87
11/26/2018,RAP,SD,AGL,WE,Federal Contract Tower,10,26,24,4,64,0,0,3,0,3,10,26,27,4,67,2,0,2,69
11/27/2018,RAP,SD,AGL,WE,Federal Contract Tower,9,26,21,0,56,0,0,37,4,41,9,26,58,4,97,8,0,8,105
11/28/2018,RAP,SD,AGL,WE,Federal Contract Tower,9,35,10,2,56,0,0,31,9,40,9,35,41,11,96,26,8,34,130
11/29/2018,RAP,SD,AGL,WE,Federal Contract Tower,9,29,13,0,51,0,0,30,24,54,9,29,43,24,105,36,12,48,153
11/30/2018,RAP,SD,AGL,WE,Federal Contract Tower,8,33,14,6,61,0,0,6,10,16,8,33,20,16,77,20,52,72,149
12/01/2018,RAP,SD,AGL,WE,Federal Contract Tower,5,21,0,0,26,0,0,0,0,0,5,21,0,0,26,0,0,0,26
12/02/2018,RAP,SD,AGL,WE,Federal Contract Tower,10,23,3,0,36,0,0,0,0,0,10,23,3,0,36,0,0,0,36
12/03/2018,RAP,SD,AGL,WE,Federal Contract Tower,8,26,9,2,45,0,0,0,0,0,8,26,9,2,45,0,0,0,45
12/04/2018,RAP,SD,AGL,WE,Federal Contract Tower,6,33,32,2,73,0,1,34,4,39,6,34,66,6,112,30,0,30,142
12/05/2018,RAP,SD,AGL,WE,Federal Contract Tower,9,43,16,2,70,0,0,32,1,33,9,43,48,3,103,14,0,14,117
12/06/2018,RAP,SD,AGL,WE,Federal Contract Tower,8,30,21,2,61,0,0,25,14,39,8,30,46,16,100,32,6,38,138
12/07/2018,RAP,SD,AGL,WE,Federal Contract Tower,9,31,23,0,63,0,0,24,0,24,9,31,47,0,87,28,0,28,115
12/08/2018,RAP,SD,AGL,WE,Federal Contract Tower,6,23,11,0,40,0,1,29,0,30,6,24,40,0,70,58,0,58,128
12/09/2018,RAP,SD,AGL,WE,Federal Contract Tower,8,21,8,0,37,0,0,10,0,10,8,21,18,0,47,18,0,18,65
12/10/2018,RAP,SD,AGL,WE,Federal Contract Tower,10,28,18,0,56,0,0,27,6,33,10,28,45,6,89,38,0,38,127
12/11/2018,RAP,SD,AGL,WE,Federal Contract Tower,6,39,19,1,65,0,0,23,4,27,6,39,42,5,92,6,0,6,98
12/12/2018,RAP,SD,AGL,WE,Federal Contract Tower,10,34,16,0,60,0,0,9,11,20,10,34,25,11,80,0,0,0,80
12/13/2018,RAP,SD,AGL,WE,Federal Contract Tower,8,34,22,4,68,0,0,13,13,26,8,34,35,17,94,4,10,14,108
12/14/2018,RAP,SD,AGL,WE,Federal Contract Tower,10,33,22,2,67,0,0,45,10,55,10,33,67,12,122,70,0,70,192
12/15/2018,RAP,SD,AGL,WE,Federal Contract Tower,8,20,10,2,40,0,2,18,0,20,8,22,28,2,60,38,0,38,98
12/16/2018,RAP,SD,AGL,WE,Federal Contract Tower,8,25,8,2,43,0,0,29,0,29,8,25,37,2,72,34,0,34,106
12/17/2018,RAP,SD,AGL,WE,Federal Contract Tower,10,29,17,0,56,0,0,21,0,21,10,29,38,0,77,18,0,18,95
12/18/2018,RAP,SD,AGL,WE,Federal Contract Tower,6,33,11,0,50,0,0,37,4,41,6,33,48,4,91,50,0,50,141
12/19/2018,RAP,SD,AGL,WE,Federal Contract Tower,7,34,24,0,65,0,0,6,10,16,7,34,30,10,81,0,0,0,81
12/20/2018,RAP,SD,AGL,WE,Federal Contract Tower,8,35,32,3,78,0,2,28,1,31,8,37,60,4,109,28,0,28,137
12/21/2018,RAP,SD,AGL,WE,Federal Contract Tower,7,45,12,8,72,0,1,23,0,24,7,46,35,8,96,4,0,4,100
12/22/2018,RAP,SD,AGL,WE,Federal Contract Tower,4,27,9,0,40,0,0,20,0,20,4,27,29,0,60,40,0,40,100
12/23/2018,RAP,SD,AGL,WE,Federal Contract Tower,7,27,6,1,41,0,0,31,2,33,7,27,37,3,74,0,2,2,76
12/24/2018,RAP,SD,AGL,WE,Federal Contract Tower,7,23,5,0,35,0,0,36,0,36,7,23,41,0,71,8,0,8,79
12/25/2018,RAP,SD,AGL,WE,Federal Contract Tower,5,20,2,0,27,0,0,1,0,1,5,20,3,0,28,0,0,0,28
12/26/2018,RAP,SD,AGL,WE,Federal Contract Tower,5,41,5,0,51,0,0,0,0,0,5,41,5,0,51,0,0,0,51
12/27/2018,RAP,SD,AGL,WE,Federal Contract Tower,4,22,2,0,28,0,0,0,0,0,4,22,2,0,28,0,0,0,28
12/28/2018,RAP,SD,AGL,WE,Federal Contract Tower,6,36,18,0,60,0,0,19,7,26,6,36,37,7,86,26,0,26,112
12/29/2018,RAP,SD,AGL,WE,Federal Contract Tower,4,32,9,0,45,0,0,30,0,30,4,32,39,0,75,28,0,28,103
12/30/2018,RAP,SD,AGL,WE,Federal Contract Tower,5,25,8,0,38,0,0,3,0,3,5,25,11,0,41,0,0,0,41
12/31/2018,RAP,SD,AGL,WE,Federal Contract Tower,0,0,0,0,0,0,0,0,0,0,0,0,0,0,0,0,0,0,0
01/01/2019,RAP,SD,AGL,WE,Federal Contract Tower,9,20,8,0,37,0,1,5,0,6,9,21,13,0,43,0,0,0,43
01/02/2019,RAP,SD,AGL,WE,Federal Contract Tower,8,37,14,0,59,0,0,10,0,10,8,37,24,0,69,8,0,8,77
01/03/2019,RAP,SD,AGL,WE,Federal Contract Tower,6,30,15,3,54,0,0,24,21,45,6,30,39,24,99,34,10,44,143
01/04/2019,RAP,SD,AGL,WE,Federal Contract Tower,6,31,7,2,46,0,0,41,18,59,6,31,48,20,105,24,14,38,143
01/05/2019,RAP,SD,AGL,WE,Federal Contract Tower,8,21,6,2,37,0,0,24,8,32,8,21,30,10,69,0,6,6,75
01/06/2019,RAP,SD,AGL,WE,Federal Contract Tower,8,20,3,2,33,0,0,8,6,14,8,20,11,8,47,6,8,14,61
01/07/2019,RAP,SD,AGL,WE,Federal Contract Tower,8,29,11,0,48,0,0,5,0,5,8,29,16,0,53,0,0,0,53
01/08/2019,RAP,SD,AGL,WE,Federal Contract Tower,6,25,12,0,43,0,0,6,3,9,6,25,18,3,52,6,2,8,60
01/09/2019,RAP,SD,AGL,WE,Federal Contract Tower,8,26,19,2,55,0,0,13,14,27,8,26,32,16,82,20,18,38,120
01/10/2019,RAP,SD,AGL,WE,Federal Contract Tower,8,27,14,0,49,0,0,27,14,41,8,27,41,14,90,44,14,58,148
01/11/2019,RAP,SD,AGL,WE,Federal Contract Tower,8,24,17,1,50,0,0,27,1,28,8,24,44,2,78,30,0,30,108
01/12/2019,RAP,SD,AGL,WE,Federal Contract Tower,10,9,8,0,27,0,0,0,0,0,10,9,8,0,27,0,0,0,27
01/13/2019,RAP,SD,AGL,WE,Federal Contract Tower,10,17,3,0,30,0,0,33,0,33,10,17,36,0,63,32,0,32,95
01/14/2019,RAP,SD,AGL,WE,Federal Contract Tower,9,23,14,0,46,0,0,22,6,28,9,23,36,6,74,46,0,46,120
01/15/2019,RAP,SD,AGL,WE,Federal Contract Tower,6,26,13,1,46,0,0,29,6,35,6,26,42,7,81,18,2,20,101
01/16/2019,RAP,SD,AGL,WE,Federal Contract Tower,8,22,8,0,38,0,0,0,0,0,8,22,8,0,38,0,0,0,38
01/17/2019,RAP,SD,AGL,WE,Federal Contract Tower,8,11,9,3,31,0,0,0,0,0,8,11,9,3,31,0,0,0,31
01/18/2019,RAP,SD,AGL,WE,Federal Contract Tower,8,33,6,0,47,0,0,0,0,0,8,33,6,0,47,0,0,0,47
01/19/2019,RAP,SD,AGL,WE,Federal Contract Tower,10,20,6,0,36,0,1,31,4,36,10,21,37,4,72,68,0,68,140
01/20/2019,RAP,SD,AGL,WE,Federal Contract Tower,7,18,6,0,31,0,0,16,0,16,7,18,22,0,47,26,0,26,73
01/21/2019,RAP,SD,AGL,WE,Federal Contract Tower,10,21,6,0,37,0,0,0,0,0,10,21,6,0,37,0,0,0,37
01/22/2019,RAP,SD,AGL,WE,Federal Contract Tower,6,26,12,0,44,0,0,13,0,13,6,26,25,0,57,8,0,8,65
01/23/2019,RAP,SD,AGL,WE,Federal Contract Tower,8,25,18,3,54,0,0,20,10,30,8,25,38,13,84,24,24,48,132
01/24/2019,RAP,SD,AGL,WE,Federal Contract Tower,8,22,12,2,44,0,0,32,15,47,8,22,44,17,91,34,10,44,135
01/25/2019,RAP,SD,AGL,WE,Federal Contract Tower,8,31,23,1,63,0,0,7,0,7,8,31,30,1,70,12,0,12,82
01/26/2019,RAP,SD,AGL,WE,Federal Contract Tower,11,17,6,0,34,0,0,2,0,2,11,17,8,0,36,0,0,0,36
01/27/2019,RAP,SD,AGL,WE,Federal Contract Tower,9,18,10,0,37,0,0,20,0,20,9,18,30,0,57,20,0,20,77
01/28/2019,RAP,SD,AGL,WE,Federal Contract Tower,7,24,12,0,43,0,0,0,3,3,7,24,12,3,46,0,0,0,46
01/29/2019,RAP,SD,AGL,WE,Federal Contract Tower,5,33,11,0,49,0,0,0,0,0,5,33,11,0,49,0,0,0,49
01/30/2019,RAP,SD,AGL,WE,Federal Contract Tower,8,23,14,1,46,0,1,18,9,28,8,24,32,10,74,54,36,90,164
01/31/2019,RAP,SD,AGL,WE,Federal Contract Tower,9,22,16,1,48,0,0,33,18,51,9,22,49,19,99,52,12,64,163
02/01/2019,RAP,SD,AGL,WE,Federal Contract Tower,8,31,7,6,52,0,0,38,5,43,8,31,45,11,95,34,6,40,135
02/02/2019,RAP,SD,AGL,WE,Federal Contract Tower,10,17,3,0,30,0,0,43,0,43,10,17,46,0,73,32,0,32,105
02/03/2019,RAP,SD,AGL,WE,Federal Contract Tower,10,16,6,0,32,0,0,0,0,0,10,16,6,0,32,0,0,0,32
02/04/2019,RAP,SD,AGL,WE,Federal Contract Tower,8,31,15,0,54,0,0,0,1,1,8,31,15,1,55,0,0,0,55
02/05/2019,RAP,SD,AGL,WE,Federal Contract Tower,5,28,15,1,49,0,0,0,0,0,5,28,15,1,49,0,0,0,49
02/06/2019,RAP,SD,AGL,WE,Federal Contract Tower,7,25,4,0,36,0,0,0,0,0,7,25,4,0,36,0,0,0,36
02/07/2019,RAP,SD,AGL,WE,Federal Contract Tower,6,23,5,1,35,0,0,2,0,2,6,23,7,1,37,0,0,0,37
02/08/2019,RAP,SD,AGL,WE,Federal Contract Tower,7,26,11,0,44,0,1,20,12,33,7,27,31,12,77,20,4,24,101
02/09/2019,RAP,SD,AGL,WE,Federal Contract Tower,10,21,7,0,38,0,0,0,2,2,10,21,7,2,40,0,0,0,40
02/10/2019,RAP,SD,AGL,WE,Federal Contract Tower,8,15,6,0,29,0,0,1,0,1,8,15,7,0,30,0,0,0,30
02/11/2019,RAP,SD,AGL,WE,Federal Contract Tower,7,28,13,0,48,0,0,8,0,8,7,28,21,0,56,24,0,24,80
02/12/2019,RAP,SD,AGL,WE,Federal Contract Tower,4,25,16,2,47,0,0,32,2,34,4,25,48,4,81,40,0,40,121
02/13/2019,RAP,SD,AGL,WE,Federal Contract Tower,8,29,22,0,59,0,0,39,16,55,8,29,61,16,114,40,20,60,174
02/14/2019,RAP,SD,AGL,WE,Federal Contract Tower,12,30,12,1,55,0,0,9,7,16,12,30,21,8,71,14,0,14,85
02/15/2019,RAP,SD,AGL,WE,Federal Contract Tower,13,20,6,0,39,0,0,0,0,0,13,20,6,0,39,0,0,0,39
02/16/2019,RAP,SD,AGL,WE,Federal Contract Tower,12,15,1,0,28,0,0,1,0,1,12,15,2,0,29,0,0,0,29
02/17/2019,RAP,SD,AGL,WE,Federal Contract Tower,10,11,6,0,27,0,0,0,0,0,10,11,6,0,27,0,0,0,27
02/18/2019,RAP,SD,AGL,WE,Federal Contract Tower,11,19,14,0,44,0,0,14,0,14,11,19,28,0,58,66,0,66,124
02/19/2019,RAP,SD,AGL,WE,Federal Contract Tower,12,26,15,6,59,0,0,6,0,6,12,26,21,6,65,16,0,16,81
02/20/2019,RAP,SD,AGL,WE,Federal Contract Tower,11,28,12,1,52,0,0,29,8,37,11,28,41,9,89,48,18,66,155
02/21/2019,RAP,SD,AGL,WE,Federal Contract Tower,9,23,20,4,56,0,0,21,17,38,9,23,41,21,94,48,38,86,180
02/22/2019,RAP,SD,AGL,WE,Federal Contract Tower,10,25,8,0,43,0,1,1,0,2,10,26,9,0,45,0,0,0,45
02/23/2019,RAP,SD,AGL,WE,Federal Contract Tower,13,14,6,2,35,0,1,43,3,47,13,15,49,5,82,40,0,40,122
02/24/2019,RAP,SD,AGL,WE,Federal Contract Tower,12,17,9,0,38,0,0,10,4,14,12,17,19,4,52,0,0,0,52
02/25/2019,RAP,SD,AGL,WE,Federal Contract Tower,12,15,10,0,37,0,0,2,0,2,12,15,12,0,39,6,0,6,45
02/26/2019,RAP,SD,AGL,WE,Federal Contract Tower,12,23,13,0,48,0,0,9,0,9,12,23,22,0,57,8,0,8,65
02/27/2019,RAP,SD,AGL,WE,Federal Contract Tower,12,31,13,0,56,0,0,22,13,35,12,31,35,13,91,22,42,64,155
02/28/2019,RAP,SD,AGL,WE,Federal Contract Tower,14,28,20,0,62,0,0,33,1,34,14,28,53,1,96,24,0,24,120
03/01/2019,RAP,SD,AGL,WE,Federal Contract Tower,11,26,13,0,50,0,0,11,1,12,11,26,24,1,62,0,0,0,62
03/02/2019,RAP,SD,AGL,WE,Federal Contract Tower,11,16,5,0,32,0,0,0,0,0,11,16,5,0,32,0,0,0,32
03/03/2019,RAP,SD,AGL,WE,Federal Contract Tower,12,23,8,2,45,0,0,15,0,15,12,23,23,2,60,28,16,44,104
03/04/2019,RAP,SD,AGL,WE,Federal Contract Tower,10,29,12,0,51,0,1,12,1,14,10,30,24,1,65,12,0,12,77
03/05/2019,RAP,SD,AGL,WE,Federal Contract Tower,11,30,16,0,57,0,0,41,3,44,11,30,57,3,101,28,0,28,129
03/06/2019,RAP,SD,AGL,WE,Federal Contract Tower,10,30,14,0,54,0,1,19,4,24,10,31,33,4,78,30,0,30,108
03/07/2019,RAP,SD,AGL,WE,Federal Contract Tower,10,31,13,0,54,0,0,5,22,27,10,31,18,22,81,20,64,84,165
03/08/2019,RAP,SD,AGL,WE,Federal Contract Tower,10,25,24,0,59,0,0,17,8,25,10,25,41,8,84,14,8,22,106
03/09/2019,RAP,SD,AGL,WE,Federal Contract Tower,11,18,0,0,29,0,0,0,0,0,11,18,0,0,29,0,0,0,29
03/10/2019,RAP,SD,AGL,WE,Federal Contract Tower,8,20,10,2,40,0,0,25,15,40,8,20,35,17,80,64,4,68,148
03/11/2019,RAP,SD,AGL,WE,Federal Contract Tower,12,27,14,0,53,0,1,27,0,28,12,28,41,0,81,14,0,14,95
03/12/2019,RAP,SD,AGL,WE,Federal Contract Tower,9,31,22,1,63,0,1,47,9,57,9,32,69,10,120,74,6,80,200
03/13/2019,RAP,SD,AGL,WE,Federal Contract Tower,2,2,3,0,7,0,0,0,0,0,2,2,3,0,7,0,0,0,7
03/14/2019,RAP,SD,AGL,WE,Federal Contract Tower,1,8,2,0,11,0,0,1,0,1,1,8,3,0,12,0,0,0,12
03/15/2019,RAP,SD,AGL,WE,Federal Contract Tower,14,33,10,0,57,0,0,17,4,21,14,33,27,4,78,6,0,6,84
03/16/2019,RAP,SD,AGL,WE,Federal Contract Tower,11,17,10,0,38,0,0,24,0,24,11,17,34,0,62,30,0,30,92
03/17/2019,RAP,SD,AGL,WE,Federal Contract Tower,9,23,8,0,40,0,0,28,0,28,9,23,36,0,68,24,0,24,92
03/18/2019,RAP,SD,AGL,WE,Federal Contract Tower,13,29,9,0,51,0,0,34,0,34,13,29,43,0,85,28,0,28,113
03/19/2019,RAP,SD,AGL,WE,Federal Contract Tower,9,26,15,3,53,0,0,24,1,25,9,26,39,4,78,16,0,16,94
03/20/2019,RAP,SD,AGL,WE,Federal Contract Tower,11,28,25,1,65,0,0,28,4,32,11,28,53,5,97,28,0,28,125
03/21/2019,RAP,SD,AGL,WE,Federal Contract Tower,11,18,34,3,66,0,0,46,10,56,11,18,80,13,122,68,0,68,190
03/22/2019,RAP,SD,AGL,WE,Federal Contract Tower,11,29,25,1,66,0,1,28,2,31,11,30,53,3,97,18,0,18,115
03/23/2019,RAP,SD,AGL,WE,Federal Contract Tower,10,19,5,0,34,0,2,0,0,2,10,21,5,0,36,0,0,0,36
03/24/2019,RAP,SD,AGL,WE,Federal Contract Tower,8,21,17,0,46,0,0,0,0,0,8,21,17,0,46,0,0,0,46
03/25/2019,RAP,SD,AGL,WE,Federal Contract Tower,11,18,4,0,33,0,0,0,0,0,11,18,4,0,33,0,0,0,33
03/26/2019,RAP,SD,AGL,WE,Federal Contract Tower,12,15,23,4,54,0,1,47,12,60,12,16,70,16,114,34,0,34,148
03/27/2019,RAP,SD,AGL,WE,Federal Contract Tower,13,28,24,2,67,0,0,28,29,57,13,28,52,31,124,18,0,18,142
03/28/2019,RAP,SD,AGL,WE,Federal Contract Tower,8,25,23,0,56,0,0,5,5,10,8,25,28,5,66,14,0,14,80
03/29/2019,RAP,SD,AGL,WE,Federal Contract Tower,9,25,12,0,46,0,0,0,0,0,9,25,12,0,46,0,0,0,46
03/30/2019,RAP,SD,AGL,WE,Federal Contract Tower,11,18,10,0,39,0,0,29,0,29,11,18,39,0,68,54,0,54,122
03/31/2019,RAP,SD,AGL,WE,Federal Contract Tower,11,20,14,0,45,0,0,40,0,40,11,20,54,0,85,60,0,60,145
04/01/2019,RAP,SD,AGL,WE,Federal Contract Tower,13,20,13,0,46,0,0,14,0,14,13,20,27,0,60,18,0,18,78
04/02/2019,RAP,SD,AGL,WE,Federal Contract Tower,15,24,26,3,68,0,0,26,14,40,15,24,52,17,108,12,16,28,136
04/03/2019,RAP,SD,AGL,WE,Federal Contract Tower,16,29,8,0,53,0,0,0,0,0,16,29,8,0,53,0,0,0,53
04/04/2019,RAP,SD,AGL,WE,Federal Contract Tower,14,18,17,0,49,0,0,20,14,34,14,18,37,14,83,16,6,22,105
04/05/2019,RAP,SD,AGL,WE,Federal Contract Tower,14,28,27,3,72,0,0,36,15,51,14,28,63,18,123,62,2,64,187
04/06/2019,RAP,SD,AGL,WE,Federal Contract Tower,14,22,6,0,42,0,0,15,5,20,14,22,21,5,62,10,0,10,72
04/07/2019,RAP,SD,AGL,WE,Federal Contract Tower,10,16,15,0,41,0,0,42,8,50,10,16,57,8,91,24,6,30,121
04/08/2019,RAP,SD,AGL,WE,Federal Contract Tower,16,21,20,0,57,0,0,17,2,19,16,21,37,2,76,15,0,15,91
04/09/2019,RAP,SD,AGL,WE,Federal Contract Tower,11,28,12,0,51,0,0,5,0,5,11,28,17,0,56,0,0,0,56
04/10/2019,RAP,SD,AGL,WE,Federal Contract Tower,2,4,0,0,6,0,0,0,0,0,2,4,0,0,6,0,0,0,6
04/11/2019,RAP,SD,AGL,WE,Federal Contract Tower,0,0,0,0,0,0,0,0,0,0,0,0,0,0,0,0,0,0,0
04/12/2019,RAP,SD,AGL,WE,Federal Contract Tower,12,22,17,1,52,0,0,2,2,4,12,22,19,3,56,0,10,10,66
04/13/2019,RAP,SD,AGL,WE,Federal Contract Tower,16,16,15,0,47,0,0,25,2,27,16,16,40,2,74,32,0,32,106
04/14/2019,RAP,SD,AGL,WE,Federal Contract Tower,14,22,12,2,50,0,1,25,0,26,14,23,37,2,76,44,0,44,120
04/15/2019,RAP,SD,AGL,WE,Federal Contract Tower,14,21,11,6,52,0,0,13,1,14,14,21,24,7,66,10,0,10,76
04/16/2019,RAP,SD,AGL,WE,Federal Contract Tower,13,26,13,0,52,0,0,9,8,17,13,26,22,8,69,0,0,0,69
04/17/2019,RAP,SD,AGL,WE,Federal Contract Tower,15,23,20,5,63,0,0,14,13,27,15,23,34,18,90,0,10,10,100
04/18/2019,RAP,SD,AGL,WE,Federal Contract Tower,12,24,27,1,64,0,0,10,15,25,12,24,37,16,89,4,2,6,95
04/19/2019,RAP,SD,AGL,WE,Federal Contract Tower,15,25,17,1,58,0,0,43,2,45,15,25,60,3,103,56,2,58,161
04/20/2019,RAP,SD,AGL,WE,Federal Contract Tower,13,22,2,0,37,0,5,26,0,31,13,27,28,0,68,20,0,20,88
04/21/2019,RAP,SD,AGL,WE,Federal Contract Tower,12,12,9,0,33,0,0,1,0,1,12,12,10,0,34,0,0,0,34
04/22/2019,RAP,SD,AGL,WE,Federal Contract Tower,14,27,12,3,56,0,0,22,0,22,14,27,34,3,78,22,0,22,100
04/23/2019,RAP,SD,AGL,WE,Federal Contract Tower,12,24,25,3,64,0,0,58,2,60,12,24,83,5,124,82,0,82,206
04/24/2019,RAP,SD,AGL,WE,Federal Contract Tower,15,25,14,0,54,0,0,23,24,47,15,25,37,24,101,22,0,22,123
04/25/2019,RAP,SD,AGL,WE,Federal Contract Tower,14,31,23,0,68,0,3,25,20,48,14,34,48,20,116,2,18,20,136
04/26/2019,RAP,SD,AGL,WE,Federal Contract Tower,14,28,15,0,57,0,0,24,5,29,14,28,39,5,86,8,0,8,94
04/27/2019,RAP,SD,AGL,WE,Federal Contract Tower,14,19,19,0,52,0,0,14,0,14,14,19,33,0,66,54,0,54,120
04/28/2019,RAP,SD,AGL,WE,Federal Contract Tower,13,14,13,0,40,0,0,19,0,19,13,14,32,0,59,22,0,22,81
04/29/2019,RAP,SD,AGL,WE,Federal Contract Tower,13,24,12,1,50,0,0,4,0,4,13,24,16,1,54,2,0,2,56
04/30/2019,RAP,SD,AGL,WE,Federal Contract Tower,19,25,11,0,55,0,0,0,0,0,19,25,11,0,55,0,0,0,55
05/01/2019,RAP,SD,AGL,WE,Federal Contract Tower,22,21,6,0,49,0,0,0,0,0,22,21,6,0,49,0,0,0,49
05/02/2019,RAP,SD,AGL,WE,Federal Contract Tower,20,21,31,0,72,0,4,22,12,38,20,25,53,12,110,4,8,12,122
05/03/2019,RAP,SD,AGL,WE,Federal Contract Tower,23,24,23,1,71,0,0,51,7,58,23,24,74,8,129,48,6,54,183
05/04/2019,RAP,SD,AGL,WE,Federal Contract Tower,20,19,19,2,60,0,0,48,0,48,20,19,67,2,108,50,0,50,158
05/05/2019,RAP,SD,AGL,WE,Federal Contract Tower,23,22,23,1,69,0,0,21,1,22,23,22,44,2,91,16,0,16,107
05/06/2019,RAP,SD,AGL,WE,Federal Contract Tower,21,19,20,0,60,0,0,0,0,0,21,19,20,0,60,0,0,0,60
05/07/2019,RAP,SD,AGL,WE,Federal Contract Tower,20,10,11,2,43,0,0,0,0,0,20,10,11,2,43,0,0,0,43
05/08/2019,RAP,SD,AGL,WE,Federal Contract Tower,24,28,16,0,68,0,0,0,0,0,24,28,16,0,68,0,0,0,68
05/09/2019,RAP,SD,AGL,WE,Federal Contract Tower,22,29,22,1,74,0,2,42,13,57,22,31,64,14,131,48,0,48,179
05/10/2019,RAP,SD,AGL,WE,Federal Contract Tower,20,35,10,3,68,0,0,47,2,49,20,35,57,5,117,38,0,38,155
05/11/2019,RAP,SD,AGL,WE,Federal Contract Tower,14,25,10,0,49,0,0,10,0,10,14,25,20,0,59,0,0,0,59
05/12/2019,RAP,SD,AGL,WE,Federal Contract Tower,24,15,12,0,51,0,0,48,1,49,24,15,60,1,100,30,0,30,130
05/13/2019,RAP,SD,AGL,WE,Federal Contract Tower,20,21,11,0,52,0,2,28,1,31,20,23,39,1,83,38,0,38,121
05/14/2019,RAP,SD,AGL,WE,Federal Contract Tower,20,17,14,1,52,0,1,35,2,38,20,18,49,3,90,56,0,56,146
05/15/2019,RAP,SD,AGL,WE,Federal Contract Tower,25,27,33,2,87,0,1,49,13,63,25,28,82,15,150,26,4,30,180
05/16/2019,RAP,SD,AGL,WE,Federal Contract Tower,20,23,19,0,62,0,0,45,5,50,20,23,64,5,112,54,12,66,178
05/17/2019,RAP,SD,AGL,WE,Federal Contract Tower,20,23,16,0,59,0,0,3,0,3,20,23,19,0,62,0,0,0,62
05/18/2019,RAP,SD,AGL,WE,Federal Contract Tower,16,21,12,1,50,0,0,4,0,4,16,21,16,1,54,6,0,6,60
05/19/2019,RAP,SD,AGL,WE,Federal Contract Tower,23,14,11,2,50,0,0,3,0,3,23,14,14,2,53,10,0,10,63
05/20/2019,RAP,SD,AGL,WE,Federal Contract Tower,27,14,6,2,49,0,0,0,0,0,27,14,6,2,49,0,0,0,49
05/21/2019,RAP,SD,AGL,WE,Federal Contract Tower,21,19,7,0,47,0,0,0,0,0,21,19,7,0,47,0,0,0,47
05/22/2019,RAP,SD,AGL,WE,Federal Contract Tower,24,25,15,0,64,0,0,4,3,7,24,25,19,3,71,0,8,8,79
05/24/2019,RAP,SD,AGL,WE,Federal Contract Tower,23,25,20,1,69,0,0,40,6,46,23,25,60,7,115,24,2,26,141
05/25/2019,RAP,SD,AGL,WE,Federal Contract Tower,18,19,11,0,48,0,0,55,2,57,18,19,66,2,105,14,0,14,119
05/26/2019,RAP,SD,AGL,WE,Federal Contract Tower,17,12,4,0,33,0,0,27,1,28,17,12,31,1,61,0,0,0,61
05/27/2019,RAP,SD,AGL,WE,Federal Contract Tower,26,15,7,0,48,0,0,0,0,0,26,15,7,0,48,0,0,0,48
05/28/2019,RAP,SD,AGL,WE,Federal Contract Tower,22,23,22,0,67,0,0,1,0,1,22,23,23,0,68,0,0,0,68
05/29/2019,RAP,SD,AGL,WE,Federal Contract Tower,18,26,23,0,67,0,4,38,14,56,18,30,61,14,123,28,6,34,157
05/30/2019,RAP,SD,AGL,WE,Federal Contract Tower,22,22,19,3,66,0,0,33,14,47,22,22,52,17,113,8,8,16,129
05/31/2019,RAP,SD,AGL,WE,Federal Contract Tower,20,18,18,0,56,0,2,17,1,20,20,20,35,1,76,12,0,12,88
06/01/2019,RAP,SD,AGL,WE,Federal Contract Tower,17,21,3,0,41,0,3,51,2,56,17,24,54,2,97,16,0,16,113
06/02/2019,RAP,SD,AGL,WE,Federal Contract Tower,26,6,13,0,45,0,0,25,2,27,26,6,38,2,72,2,0,2,74
06/03/2019,RAP,SD,AGL,WE,Federal Contract Tower,21,21,24,0,66,0,0,34,0,34,21,21,58,0,100,18,0,18,118
06/04/2019,RAP,SD,AGL,WE,Federal Contract Tower,21,18,23,2,64,0,0,27,2,29,21,18,50,4,93,28,0,28,121
06/05/2019,RAP,SD,AGL,WE,Federal Contract Tower,23,29,17,2,71,0,0,16,2,18,23,29,33,4,89,12,0,12,101
06/06/2019,RAP,SD,AGL,WE,Federal Contract Tower,24,33,16,2,75,0,0,48,0,48,24,33,64,2,123,4,0,4,127
06/07/2019,RAP,SD,AGL,WE,Federal Contract Tower,21,33,20,3,77,0,0,25,1,26,21,33,45,4,103,6,0,6,109
06/08/2019,RAP,SD,AGL,WE,Federal Contract Tower,26,34,12,1,73,0,0,5,0,5,26,34,17,1,78,0,0,0,78
06/09/2019,RAP,SD,AGL,WE,Federal Contract Tower,14,33,28,0,75,0,0,36,0,36,14,33,64,0,111,40,0,40,151
06/10/2019,RAP,SD,AGL,WE,Federal Contract Tower,18,43,25,1,87,0,1,40,10,51,18,44,65,11,138,8,0,8,146
06/11/2019,RAP,SD,AGL,WE,Federal Contract Tower,18,55,17,0,90,0,2,9,16,27,18,57,26,16,117,2,0,2,119
06/12/2019,RAP,SD,AGL,WE,Federal Contract Tower,20,39,34,0,93,0,1,43,12,56,20,40,77,12,149,16,0,16,165
06/13/2019,RAP,SD,AGL,WE,Federal Contract Tower,21,41,30,1,93,0,3,49,20,72,21,44,79,21,165,52,2,54,219
06/14/2019,RAP,SD,AGL,WE,Federal Contract Tower,20,37,18,0,75,0,0,21,12,33,20,37,39,12,108,0,2,2,110
06/15/2019,RAP,SD,AGL,WE,Federal Contract Tower,31,37,21,0,89,0,0,29,30,59,31,37,50,30,148,46,8,54,202
06/17/2019,RAP,SD,AGL,WE,Federal Contract Tower,19,43,14,4,80,0,0,6,23,29,19,43,20,27,109,0,4,4,113
06/18/2019,RAP,SD,AGL,WE,Federal Contract Tower,20,47,23,1,91,0,0,15,2,17,20,47,38,3,108,10,0,10,118
06/19/2019,RAP,SD,AGL,WE,Federal Contract Tower,23,48,27,2,100,0,0,31,2,33,23,48,58,4,133,24,0,24,157
06/20/2019,RAP,SD,AGL,WE,Federal Contract Tower,23,50,18,1,92,0,0,48,13,61,23,50,66,14,153,30,0,30,183
06/21/2019,RAP,SD,AGL,WE,Federal Contract Tower,17,32,30,2,81,0,0,31,3,34,17,32,61,5,115,24,0,24,139
06/22/2019,RAP,SD,AGL,WE,Federal Contract Tower,34,35,17,0,86,0,11,34,1,46,34,46,51,1,132,56,0,56,188
06/23/2019,RAP,SD,AGL,WE,Federal Contract Tower,22,34,15,0,71,0,0,30,0,30,22,34,45,0,101,26,0,26,127
06/24/2019,RAP,SD,AGL,WE,Federal Contract Tower,20,32,17,2,71,0,0,24,5,29,20,32,41,7,100,22,0,22,122
06/25/2019,RAP,SD,AGL,WE,Federal Contract Tower,19,44,31,0,94,0,0,43,9,52,19,44,74,9,146,36,2,38,184
06/26/2019,RAP,SD,AGL,WE,Federal Contract Tower,19,48,31,3,101,0,1,53,15,69,19,49,84,18,170,70,6,76,246
06/27/2019,RAP,SD,AGL,WE,Federal Contract Tower,17,49,33,0,99,0,1,53,12,66,17,50,86,12,165,44,0,44,209
06/28/2019,RAP,SD,AGL,WE,Federal Contract Tower,17,50,30,1,98,0,0,40,14,54,17,50,70,15,152,28,0,28,180
06/29/2019,RAP,SD,AGL,WE,Federal Contract Tower,30,34,16,0,80,0,0,29,1,30,30,34,45,1,110,34,0,34,144
06/30/2019,RAP,SD,AGL,WE,Federal Contract Tower,29,29,19,0,77,0,0,20,2,22,29,29,39,2,99,20,0,20,119
07/01/2019,RAP,SD,AGL,WE,Federal Contract Tower,17,35,12,0,64,0,2,14,0,16,17,37,26,0,80,4,0,4,84
07/02/2019,RAP,SD,AGL,WE,Federal Contract Tower,18,40,23,7,88,0,0,28,3,31,18,40,51,10,119,26,0,26,145
07/03/2019,RAP,SD,AGL,WE,Federal Contract Tower,25,36,17,2,80,0,0,26,8,34,25,36,43,10,114,28,0,28,142
07/04/2019,RAP,SD,AGL,WE,Federal Contract Tower,12,25,5,0,42,0,0,5,0,5,12,25,10,0,47,0,0,0,47
07/05/2019,RAP,SD,AGL,WE,Federal Contract Tower,17,35,18,2,72,0,0,22,0,22,17,35,40,2,94,18,0,18,112
07/06/2019,RAP,SD,AGL,WE,Federal Contract Tower,34,31,8,1,74,0,0,12,0,12,34,31,20,1,86,6,0,6,92
07/07/2019,RAP,SD,AGL,WE,Federal Contract Tower,20,37,25,2,84,0,2,29,2,33,20,39,54,4,117,2,0,2,119
07/08/2019,RAP,SD,AGL,WE,Federal Contract Tower,19,41,21,1,82,0,0,16,0,16,19,41,37,1,98,10,0,10,108
07/09/2019,RAP,SD,AGL,WE,Federal Contract Tower,19,39,18,2,78,0,0,29,6,35,19,39,47,8,113,46,0,46,159
07/10/2019,RAP,SD,AGL,WE,Federal Contract Tower,19,48,19,0,86,0,0,66,14,80,19,48,85,14,166,78,0,78,244
07/11/2019,RAP,SD,AGL,WE,Federal Contract Tower,18,43,35,1,97,0,0,71,17,88,18,43,106,18,185,68,8,76,261
07/12/2019,RAP,SD,AGL,WE,Federal Contract Tower,19,46,11,1,77,0,0,76,15,91,19,46,87,16,168,70,8,78,246
07/13/2019,RAP,SD,AGL,WE,Federal Contract Tower,31,34,16,0,81,0,0,52,0,52,31,34,68,0,133,38,0,38,171
07/14/2019,RAP,SD,AGL,WE,Federal Contract Tower,24,33,16,1,74,0,0,19,8,27,24,33,35,9,101,12,4,16,117
07/15/2019,RAP,SD,AGL,WE,Federal Contract Tower,22,38,19,2,81,0,0,21,1,22,22,38,40,3,103,16,0,16,119
07/16/2019,RAP,SD,AGL,WE,Federal Contract Tower,19,42,20,0,81,0,0,36,5,41,19,42,56,5,122,40,0,40,162
07/18/2019,RAP,SD,AGL,WE,Federal Contract Tower,13,39,33,0,85,0,0,60,14,74,13,39,93,14,159,66,0,66,225
07/19/2019,RAP,SD,AGL,WE,Federal Contract Tower,21,55,31,0,107,0,0,69,10,79,21,55,100,10,186,24,0,24,210
07/20/2019,RAP,SD,AGL,WE,Federal Contract Tower,30,28,24,6,88,0,0,28,4,32,30,28,52,10,120,6,0,6,126
07/21/2019,RAP,SD,AGL,WE,Federal Contract Tower,23,28,27,1,79,0,0,28,10,38,23,28,55,11,117,8,0,8,125
07/22/2019,RAP,SD,AGL,WE,Federal Contract Tower,17,41,24,4,86,0,0,39,13,52,17,41,63,17,138,22,0,22,160
07/23/2019,RAP,SD,AGL,WE,Federal Contract Tower,19,41,28,0,88,0,0,47,19,66,19,41,75,19,154,54,2,56,210
07/25/2019,RAP,SD,AGL,WE,Federal Contract Tower,18,42,41,1,102,0,2,73,26,101,18,44,114,27,203,30,4,34,237
07/26/2019,RAP,SD,AGL,WE,Federal Contract Tower,20,47,32,4,103,0,3,70,7,80,20,50,102,11,183,22,0,22,205
07/27/2019,RAP,SD,AGL,WE,Federal Contract Tower,33,32,24,6,95,0,1,39,6,46,33,33,63,12,141,4,0,4,145
07/28/2019,RAP,SD,AGL,WE,Federal Contract Tower,24,34,22,2,82,0,0,53,3,56,24,34,75,5,138,0,0,0,138
07/29/2019,RAP,SD,AGL,WE,Federal Contract Tower,17,39,27,1,84,0,1,46,5,52,17,40,73,6,136,82,0,82,218
07/30/2019,RAP,SD,AGL,WE,Federal Contract Tower,20,44,29,1,94,0,0,59,4,63,20,44,88,5,157,60,0,60,217
07/31/2019,RAP,SD,AGL,WE,Federal Contract Tower,19,51,26,1,97,0,0,47,17,64,19,51,73,18,161,72,18,90,251
08/01/2019,RAP,SD,AGL,WE,Federal Contract Tower,18,38,22,2,80,0,0,22,29,51,18,38,44,31,131,56,16,72,203
08/02/2019,RAP,SD,AGL,WE,Federal Contract Tower,17,47,37,2,103,0,1,23,2,26,17,48,60,4,129,52,0,52,181
08/03/2019,RAP,SD,AGL,WE,Federal Contract Tower,34,31,23,0,88,0,0,34,0,34,34,31,57,0,122,24,0,24,146
08/04/2019,RAP,SD,AGL,WE,Federal Contract Tower,24,35,27,0,86,0,0,38,0,38,24,35,65,0,124,10,0,10,134
08/05/2019,RAP,SD,AGL,WE,Federal Contract Tower,18,37,27,0,82,0,0,48,1,49,18,37,75,1,131,2,0,2,133
08/06/2019,RAP,SD,AGL,WE,Federal Contract Tower,21,45,22,0,88,0,1,46,9,56,21,46,68,9,144,22,2,24,168
08/07/2019,RAP,SD,AGL,WE,Federal Contract Tower,19,42,32,0,93,0,1,53,14,68,19,43,85,14,161,52,6,58,219
08/08/2019,RAP,SD,AGL,WE,Federal Contract Tower,21,35,25,0,81,0,2,38,15,55,21,37,63,15,136,28,4,32,168
08/09/2019,RAP,SD,AGL,WE,Federal Contract Tower,20,40,15,10,85,0,1,58,4,63,20,41,73,14,148,50,6,56,204
08/10/2019,RAP,SD,AGL,WE,Federal Contract Tower,37,26,12,5,80,3,0,22,0,25,40,26,34,5,105,64,2,66,171
08/11/2019,RAP,SD,AGL,WE,Federal Contract Tower,31,19,14,3,67,0,0,12,0,12,31,19,26,3,79,0,0,0,79
08/12/2019,RAP,SD,AGL,WE,Federal Contract Tower,21,37,30,0,88,0,1,46,0,47,21,38,76,0,135,38,0,38,173
08/13/2019,RAP,SD,AGL,WE,Federal Contract Tower,22,38,18,0,78,0,0,46,4,50,22,38,64,4,128,22,6,28,156
08/14/2019,RAP,SD,AGL,WE,Federal Contract Tower,17,34,19,4,74,0,0,36,18,54,17,34,55,22,128,72,10,82,210
08/15/2019,RAP,SD,AGL,WE,Federal Contract Tower,19,39,28,0,86,0,0,37,12,49,19,39,65,12,135,22,8,30,165
08/16/2019,RAP,SD,AGL,WE,Federal Contract Tower,17,38,18,4,77,0,0,43,0,43,17,38,61,4,120,26,2,28,148
08/17/2019,RAP,SD,AGL,WE,Federal Contract Tower,31,34,20,2,87,0,0,24,0,24,31,34,44,2,111,16,0,16,127
08/18/2019,RAP,SD,AGL,WE,Federal Contract Tower,17,29,17,2,65,0,0,38,0,38,17,29,55,2,103,10,0,10,113
08/19/2019,RAP,SD,AGL,WE,Federal Contract Tower,23,29,20,0,72,0,0,43,0,43,23,29,63,0,115,0,0,0,115
08/20/2019,RAP,SD,AGL,WE,Federal Contract Tower,16,33,12,2,63,0,2,34,10,46,16,35,46,12,109,54,4,58,167
08/21/2019,RAP,SD,AGL,WE,Federal Contract Tower,19,32,29,1,81,0,0,29,17,46,19,32,58,18,127,28,2,30,157
08/22/2019,RAP,SD,AGL,WE,Federal Contract Tower,23,32,30,1,86,0,0,38,15,53,23,32,68,16,139,26,0,26,165
08/23/2019,RAP,SD,AGL,WE,Federal Contract Tower,21,35,32,2,90,0,0,26,2,28,21,35,58,4,118,24,0,24,142
08/24/2019,RAP,SD,AGL,WE,Federal Contract Tower,31,21,12,0,64,0,1,41,1,43,31,22,53,1,107,42,0,42,149
08/25/2019,RAP,SD,AGL,WE,Federal Contract Tower,26,22,17,0,65,0,6,22,0,28,26,28,39,0,93,0,0,0,93
08/26/2019,RAP,SD,AGL,WE,Federal Contract Tower,20,26,8,0,54,0,0,26,1,27,20,26,34,1,81,48,0,48,129
08/27/2019,RAP,SD,AGL,WE,Federal Contract Tower,20,36,22,3,81,4,1,24,8,37,24,37,46,11,118,56,4,60,178
08/28/2019,RAP,SD,AGL,WE,Federal Contract Tower,19,38,21,2,80,1,3,69,11,84,20,41,90,13,164,62,0,62,226
08/29/2019,RAP,SD,AGL,WE,Federal Contract Tower,21,34,23,4,82,0,0,42,14,56,21,34,65,18,138,54,0,54,192
08/30/2019,RAP,SD,AGL,WE,Federal Contract Tower,18,37,27,0,82,0,0,44,1,45,18,37,71,1,127,42,0,42,169
08/31/2019,RAP,SD,AGL,WE,Federal Contract Tower,25,26,20,3,74,0,3,65,0,68,25,29,85,3,142,6,0,6,148
09/01/2019,RAP,SD,AGL,WE,Federal Contract Tower,27,26,14,2,69,0,0,51,0,51,27,26,65,2,120,0,0,0,120
09/02/2019,RAP,SD,AGL,WE,Federal Contract Tower,19,30,26,0,75,0,2,15,0,17,19,32,41,0,92,0,0,0,92
09/03/2019,RAP,SD,AGL,WE,Federal Contract Tower,18,29,19,11,77,0,0,34,1,35,18,29,53,12,112,6,0,6,118
09/04/2019,RAP,SD,AGL,WE,Federal Contract Tower,18,31,21,0,70,0,1,36,9,46,18,32,57,9,116,32,0,32,148
09/05/2019,RAP,SD,AGL,WE,Federal Contract Tower,14,36,22,3,75,0,0,37,20,57,14,36,59,23,132,18,0,18,150
09/06/2019,RAP,SD,AGL,WE,Federal Contract Tower,13,39,22,2,76,0,0,23,22,45,13,39,45,24,121,48,16,64,185
09/07/2019,RAP,SD,AGL,WE,Federal Contract Tower,21,25,15,3,64,0,1,35,0,36,21,26,50,3,100,58,0,58,158
09/08/2019,RAP,SD,AGL,WE,Federal Contract Tower,20,31,10,6,67,0,1,8,0,9,20,32,18,6,76,22,0,22,98
09/09/2019,RAP,SD,AGL,WE,Federal Contract Tower,18,32,22,3,75,0,0,21,6,27,18,32,43,9,102,54,0,54,156
09/10/2019,RAP,SD,AGL,WE,Federal Contract Tower,14,38,32,3,87,0,0,28,12,40,14,38,60,15,127,18,2,20,147
09/11/2019,RAP,SD,AGL,WE,Federal Contract Tower,17,40,16,0,73,0,0,0,0,0,17,40,16,0,73,0,0,0,73
09/12/2019,RAP,SD,AGL,WE,Federal Contract Tower,15,41,37,0,93,0,2,19,3,24,15,43,56,3,117,22,0,22,139
09/13/2019,RAP,SD,AGL,WE,Federal Contract Tower,16,43,20,2,81,0,0,51,9,60,16,43,71,11,141,60,6,66,207
09/14/2019,RAP,SD,AGL,WE,Federal Contract Tower,24,26,6,0,56,0,4,40,0,44,24,30,46,0,100,10,0,10,110
09/15/2019,RAP,SD,AGL,WE,Federal Contract Tower,19,34,23,0,76,0,0,42,4,46,19,34,65,4,122,0,0,0,122
09/16/2019,RAP,SD,AGL,WE,Federal Contract Tower,21,29,21,3,74,0,3,33,0,36,21,32,54,3,110,26,0,26,136
09/17/2019,RAP,SD,AGL,WE,Federal Contract Tower,14,40,14,3,71,0,2,39,11,52,14,42,53,14,123,38,0,38,161
09/18/2019,RAP,SD,AGL,WE,Federal Contract Tower,15,41,41,0,97,0,7,44,22,73,15,48,85,22,170,46,0,46,216
09/19/2019,RAP,SD,AGL,WE,Federal Contract Tower,16,41,22,3,82,0,2,47,28,77,16,43,69,31,159,66,12,78,237
09/20/2019,RAP,SD,AGL,WE,Federal Contract Tower,13,37,17,2,69,0,1,23,8,32,13,38,40,10,101,18,8,26,127
09/21/2019,RAP,SD,AGL,WE,Federal Contract Tower,24,24,7,0,55,0,0,45,22,67,24,24,52,22,122,20,8,28,150
09/22/2019,RAP,SD,AGL,WE,Federal Contract Tower,21,23,20,0,64,0,2,28,2,32,21,25,48,2,96,14,4,18,114
09/23/2019,RAP,SD,AGL,WE,Federal Contract Tower,17,34,31,1,83,0,1,33,3,37,17,35,64,4,120,62,0,62,182
09/24/2019,RAP,SD,AGL,WE,Federal Contract Tower,15,43,26,3,87,0,1,48,5,54,15,44,74,8,141,36,2,38,179
09/25/2019,RAP,SD,AGL,WE,Federal Contract Tower,17,37,25,0,79,0,1,39,30,70,17,38,64,30,149,62,42,104,253
09/27/2019,RAP,SD,AGL,WE,Federal Contract Tower,16,47,27,9,99,0,2,23,3,28,16,49,50,12,127,20,0,20,147
09/28/2019,RAP,SD,AGL,WE,Federal Contract Tower,29,18,10,0,57,0,1,2,0,3,29,19,12,0,60,0,0,0,60
09/29/2019,RAP,SD,AGL,WE,Federal Contract Tower,16,37,15,1,69,0,0,13,0,13,16,37,28,1,82,16,0,16,98
09/30/2019,RAP,SD,AGL,WE,Federal Contract Tower,18,30,19,1,68,0,0,4,0,4,18,30,23,1,72,0,0,0,72
10/01/2019,RAP,SD,AGL,WE,Federal Contract Tower,13,44,17,0,74,0,2,6,2,10,13,46,23,2,84,6,0,6,90
10/02/2019,RAP,SD,AGL,WE,Federal Contract Tower,19,40,20,1,80,0,0,1,0,1,19,40,21,1,81,0,0,0,81
10/03/2019,RAP,SD,AGL,WE,Federal Contract Tower,15,46,30,0,91,0,2,64,19,85,15,48,94,19,176,36,16,52,228
10/04/2019,RAP,SD,AGL,WE,Federal Contract Tower,19,37,15,1,72,0,5,12,19,36,19,42,27,20,108,0,4,4,112
10/05/2019,RAP,SD,AGL,WE,Federal Contract Tower,18,25,10,0,53,0,0,12,4,16,18,25,22,4,69,0,0,0,69
10/06/2019,RAP,SD,AGL,WE,Federal Contract Tower,13,29,16,0,58,0,0,25,22,47,13,29,41,22,105,8,18,26,131
10/07/2019,RAP,SD,AGL,WE,Federal Contract Tower,10,35,14,0,59,0,1,48,6,55,10,36,62,6,114,40,0,40,154
10/08/2019,RAP,SD,AGL,WE,Federal Contract Tower,8,47,24,0,79,0,1,62,3,66,8,48,86,3,145,50,0,50,195
10/09/2019,RAP,SD,AGL,WE,Federal Contract Tower,11,40,12,0,63,0,0,7,4,11,11,40,19,4,74,0,0,0,74
10/10/2019,RAP,SD,AGL,WE,Federal Contract Tower,4,30,1,0,35,0,0,0,0,0,4,30,1,0,35,0,0,0,35
10/12/2019,RAP,SD,AGL,WE,Federal Contract Tower,15,38,9,3,65,0,0,21,0,21,15,38,30,3,86,32,0,32,118
10/13/2019,RAP,SD,AGL,WE,Federal Contract Tower,15,28,22,0,65,0,0,16,0,16,15,28,38,0,81,30,0,30,111
10/14/2019,RAP,SD,AGL,WE,Federal Contract Tower,9,38,16,0,63,0,2,33,3,38,9,40,49,3,101,30,0,30,131
10/15/2019,RAP,SD,AGL,WE,Federal Contract Tower,7,47,24,4,82,0,0,22,1,23,7,47,46,5,105,14,0,14,119
10/16/2019,RAP,SD,AGL,WE,Federal Contract Tower,16,45,27,1,89,0,1,55,23,79,16,46,82,24,168,170,12,182,350
10/17/2019,RAP,SD,AGL,WE,Federal Contract Tower,10,36,17,0,63,0,5,59,15,79,10,41,76,15,142,48,4,52,194
10/18/2019,RAP,SD,AGL,WE,Federal Contract Tower,12,40,23,0,75,0,0,18,5,23,12,40,41,5,98,0,0,0,98
10/19/2019,RAP,SD,AGL,WE,Federal Contract Tower,15,29,4,0,48,0,1,38,1,40,15,30,42,1,88,28,0,28,116
10/20/2019,RAP,SD,AGL,WE,Federal Contract Tower,13,23,0,0,36,0,0,0,0,0,13,23,0,0,36,0,0,0,36
10/21/2019,RAP,SD,AGL,WE,Federal Contract Tower,9,41,23,4,77,0,0,11,2,13,9,41,34,6,90,6,4,10,100
10/22/2019,RAP,SD,AGL,WE,Federal Contract Tower,8,41,17,3,69,0,0,39,13,52,8,41,56,16,121,36,0,36,157
10/23/2019,RAP,SD,AGL,WE,Federal Contract Tower,12,44,15,1,72,0,1,9,8,18,12,45,24,9,90,0,2,2,92
10/24/2019,RAP,SD,AGL,WE,Federal Contract Tower,8,39,17,0,64,0,0,53,14,67,8,39,70,14,131,110,0,110,241
10/25/2019,RAP,SD,AGL,WE,Federal Contract Tower,11,49,15,2,77,0,1,51,2,54,11,50,66,4,131,20,6,26,157
10/26/2019,RAP,SD,AGL,WE,Federal Contract Tower,18,22,8,0,48,0,0,4,0,4,18,22,12,0,52,0,0,0,52
10/27/2019,RAP,SD,AGL,WE,Federal Contract Tower,15,22,7,1,45,0,2,3,0,5,15,24,10,1,50,0,0,0,50
10/28/2019,RAP,SD,AGL,WE,Federal Contract Tower,9,32,17,0,58,0,4,25,0,29,9,36,42,0,87,26,0,26,113
10/29/2019,RAP,SD,AGL,WE,Federal Contract Tower,10,33,16,0,59,0,0,23,4,27,10,33,39,4,86,26,2,28,114
10/30/2019,RAP,SD,AGL,WE,Federal Contract Tower,12,35,23,0,70,0,0,33,13,46,12,35,56,13,116,94,10,104,220
10/31/2019,RAP,SD,AGL,WE,Federal Contract Tower,12,35,18,1,66,0,1,57,7,65,12,36,75,8,131,64,4,68,199
11/01/2019,RAP,SD,AGL,WE,Federal Contract Tower,13,33,17,4,67,0,0,6,6,12,13,33,23,10,79,4,0,4,83
11/02/2019,RAP,SD,AGL,WE,Federal Contract Tower,16,23,5,0,44,0,4,27,39,70,16,27,32,39,114,34,4,38,152
11/03/2019,RAP,SD,AGL,WE,Federal Contract Tower,14,18,11,0,43,0,1,20,10,31,14,19,31,10,74,14,6,20,94
11/04/2019,RAP,SD,AGL,WE,Federal Contract Tower,12,27,19,0,58,0,1,9,0,10,12,28,28,0,68,0,0,0,68
11/05/2019,RAP,SD,AGL,WE,Federal Contract Tower,11,33,22,2,68,0,0,24,12,36,11,33,46,14,104,40,4,44,148
11/06/2019,RAP,SD,AGL,WE,Federal Contract Tower,10,38,16,0,64,0,0,0,6,6,10,38,16,6,70,0,34,34,104
11/07/2019,RAP,SD,AGL,WE,Federal Contract Tower,11,30,19,4,64,0,1,35,17,53,11,31,54,21,117,46,26,72,189
11/08/2019,RAP,SD,AGL,WE,Federal Contract Tower,11,30,13,0,54,0,0,34,4,38,11,30,47,4,92,48,0,48,140
11/09/2019,RAP,SD,AGL,WE,Federal Contract Tower,11,28,14,0,53,0,0,40,8,48,11,28,54,8,101,44,0,44,145
11/10/2019,RAP,SD,AGL,WE,Federal Contract Tower,14,18,11,0,43,0,0,0,0,0,14,18,11,0,43,0,0,0,43
11/11/2019,RAP,SD,AGL,WE,Federal Contract Tower,12,31,13,0,56,0,0,10,2,12,12,31,23,2,68,0,0,0,68
11/12/2019,RAP,SD,AGL,WE,Federal Contract Tower,9,38,18,0,65,0,1,37,0,38,9,39,55,0,103,80,0,80,183
11/13/2019,RAP,SD,AGL,WE,Federal Contract Tower,13,32,22,0,67,0,0,20,15,35,13,32,42,15,102,40,0,40,142
11/14/2019,RAP,SD,AGL,WE,Federal Contract Tower,12,24,30,2,68,0,1,47,19,67,12,25,77,21,135,90,4,94,229
11/15/2019,RAP,SD,AGL,WE,Federal Contract Tower,12,30,22,1,65,0,1,50,3,54,12,31,72,4,119,26,0,26,145
11/16/2019,RAP,SD,AGL,WE,Federal Contract Tower,11,27,12,0,50,0,1,14,0,15,11,28,26,0,65,12,0,12,77
11/17/2019,RAP,SD,AGL,WE,Federal Contract Tower,15,24,5,0,44,0,0,26,0,26,15,24,31,0,70,6,0,6,76
11/19/2019,RAP,SD,AGL,WE,Federal Contract Tower,11,35,22,2,70,0,1,28,6,35,11,36,50,8,105,28,0,28,133
11/20/2019,RAP,SD,AGL,WE,Federal Contract Tower,10,31,12,0,53,0,1,1,0,2,10,32,13,0,55,0,0,0,55
11/21/2019,RAP,SD,AGL,WE,Federal Contract Tower,12,32,19,3,66,0,2,17,19,38,12,34,36,22,104,22,6,28,132
11/22/2019,RAP,SD,AGL,WE,Federal Contract Tower,11,31,19,0,61,0,1,39,6,46,11,32,58,6,107,74,0,74,181
11/23/2019,RAP,SD,AGL,WE,Federal Contract Tower,11,21,9,0,41,0,2,20,0,22,11,23,29,0,63,16,0,16,79
11/24/2019,RAP,SD,AGL,WE,Federal Contract Tower,13,19,4,0,36,0,1,36,0,37,13,20,40,0,73,18,0,18,91
11/25/2019,RAP,SD,AGL,WE,Federal Contract Tower,12,22,18,0,52,0,0,17,6,23,12,22,35,6,75,6,4,10,85
11/26/2019,RAP,SD,AGL,WE,Federal Contract Tower,12,28,24,0,64,0,0,0,6,6,12,28,24,6,70,0,4,4,74
11/27/2019,RAP,SD,AGL,WE,Federal Contract Tower,11,43,18,1,73,0,1,10,2,13,11,44,28,3,86,22,0,22,108
11/28/2019,RAP,SD,AGL,WE,Federal Contract Tower,8,11,4,0,23,0,0,0,0,0,8,11,4,0,23,0,0,0,23
11/29/2019,RAP,SD,AGL,WE,Federal Contract Tower,9,14,3,0,26,0,0,0,0,0,9,14,3,0,26,0,0,0,26
11/30/2019,RAP,SD,AGL,WE,Federal Contract Tower,1,1,0,0,2,0,0,0,0,0,1,1,0,0,2,0,0,0,2
12/01/2019,RAP,SD,AGL,WE,Federal Contract Tower,8,27,15,0,50,0,1,8,0,9,8,28,23,0,59,0,0,0,59
12/02/2019,RAP,SD,AGL,WE,Federal Contract Tower,13,28,14,0,55,0,0,19,2,21,13,28,33,2,76,2,0,2,78
12/03/2019,RAP,SD,AGL,WE,Federal Contract Tower,10,34,22,2,68,0,1,22,8,31,10,35,44,10,99,26,2,28,127
12/04/2019,RAP,SD,AGL,WE,Federal Contract Tower,15,36,27,3,81,0,1,33,15,49,15,37,60,18,130,60,12,72,202
12/05/2019,RAP,SD,AGL,WE,Federal Contract Tower,16,41,22,2,81,0,0,21,13,34,16,41,43,15,115,18,32,50,165
12/06/2019,RAP,SD,AGL,WE,Federal Contract Tower,13,35,19,0,67,0,0,30,12,42,13,35,49,12,109,20,10,30,139
12/07/2019,RAP,SD,AGL,WE,Federal Contract Tower,12,22,19,0,53,0,0,51,5,56,12,22,70,5,109,78,20,98,207
12/08/2019,RAP,SD,AGL,WE,Federal Contract Tower,9,19,1,0,29,0,0,7,0,7,9,19,8,0,36,24,0,24,60
12/09/2019,RAP,SD,AGL,WE,Federal Contract Tower,13,28,23,0,64,0,0,12,0,12,13,28,35,0,76,8,0,8,84
12/10/2019,RAP,SD,AGL,WE,Federal Contract Tower,10,40,22,0,72,0,0,11,3,14,10,40,33,3,86,18,0,18,104
12/11/2019,RAP,SD,AGL,WE,Federal Contract Tower,16,21,17,3,57,0,2,6,1,9,16,23,23,4,66,10,0,10,76
12/12/2019,RAP,SD,AGL,WE,Federal Contract Tower,11,31,19,2,63,0,3,33,13,49,11,34,52,15,112,32,2,34,146
12/13/2019,RAP,SD,AGL,WE,Federal Contract Tower,13,31,15,22,81,0,0,9,1,10,13,31,24,23,91,12,0,12,103
12/14/2019,RAP,SD,AGL,WE,Federal Contract Tower,12,23,5,0,40,0,0,0,0,0,12,23,5,0,40,0,0,0,40
12/16/2019,RAP,SD,AGL,WE,Federal Contract Tower,15,25,14,2,56,0,1,27,1,29,15,26,41,3,85,54,0,54,139
12/17/2019,RAP,SD,AGL,WE,Federal Contract Tower,9,36,18,9,72,0,1,23,3,27,9,37,41,12,99,34,0,34,133
12/18/2019,RAP,SD,AGL,WE,Federal Contract Tower,11,43,16,4,74,0,0,28,13,41,11,43,44,17,115,52,8,60,175
12/19/2019,RAP,SD,AGL,WE,Federal Contract Tower,14,38,14,0,66,0,0,31,5,36,14,38,45,5,102,26,0,26,128
12/20/2019,RAP,SD,AGL,WE,Federal Contract Tower,10,47,17,3,77,0,0,26,1,27,10,47,43,4,104,56,4,60,164
12/21/2019,RAP,SD,AGL,WE,Federal Contract Tower,5,26,7,0,38,0,1,30,0,31,5,27,37,0,69,62,0,62,131
12/22/2019,RAP,SD,AGL,WE,Federal Contract Tower,8,30,5,0,43,0,0,24,0,24,8,30,29,0,67,22,0,22,89
12/23/2019,RAP,SD,AGL,WE,Federal Contract Tower,4,31,18,0,53,0,0,19,0,19,4,31,37,0,72,46,0,46,118
12/24/2019,RAP,SD,AGL,WE,Federal Contract Tower,10,31,3,0,44,0,0,11,0,11,10,31,14,0,55,22,0,22,77
12/25/2019,RAP,SD,AGL,WE,Federal Contract Tower,12,18,4,0,34,0,0,0,0,0,12,18,4,0,34,0,0,0,34
12/26/2019,RAP,SD,AGL,WE,Federal Contract Tower,11,38,12,0,61,0,2,17,0,19,11,40,29,0,80,24,0,24,104
12/27/2019,RAP,SD,AGL,WE,Federal Contract Tower,9,35,9,2,55,0,0,46,1,47,9,35,55,3,102,34,0,34,136
12/28/2019,RAP,SD,AGL,WE,Federal Contract Tower,3,25,3,0,31,0,0,0,0,0,3,25,3,0,31,0,0,0,31
12/29/2019,RAP,SD,AGL,WE,Federal Contract Tower,11,28,2,0,41,0,1,1,0,2,11,29,3,0,43,0,0,0,43
12/30/2019,RAP,SD,AGL,WE,Federal Contract Tower,9,44,6,0,59,0,3,25,0,28,9,47,31,0,87,2,0,2,89
12/31/2019,RAP,SD,AGL,WE,Federal Contract Tower,12,30,7,0,49,0,1,28,2,31,12,31,35,2,80,48,0,48,128
01/01/2020,RAP,SD,AGL,WE,Federal Contract Tower,10,25,7,0,42,0,2,15,0,17,10,27,22,0,59,2,0,2,61
01/02/2020,RAP,SD,AGL,WE,Federal Contract Tower,12,33,7,0,52,0,0,8,11,19,12,33,15,11,71,10,0,10,81
01/03/2020,RAP,SD,AGL,WE,Federal Contract Tower,8,32,11,0,51,0,1,17,9,27,8,33,28,9,78,62,0,62,140
01/04/2020,RAP,SD,AGL,WE,Federal Contract Tower,4,36,11,0,51,0,1,40,2,43,4,37,51,2,94,72,0,72,166
01/06/2020,RAP,SD,AGL,WE,Federal Contract Tower,12,20,11,0,43,0,0,5,0,5,12,20,16,0,48,2,0,2,50
01/07/2020,RAP,SD,AGL,WE,Federal Contract Tower,9,29,14,0,52,0,1,13,6,20,9,30,27,6,72,22,6,28,100
01/08/2020,RAP,SD,AGL,WE,Federal Contract Tower,12,29,12,0,53,0,0,16,20,36,12,29,28,20,89,38,24,62,151
01/09/2020,RAP,SD,AGL,WE,Federal Contract Tower,10,34,10,4,58,0,1,15,6,22,10,35,25,10,80,16,0,16,96
01/10/2020,RAP,SD,AGL,WE,Federal Contract Tower,11,33,13,3,60,0,0,3,12,15,11,33,16,15,75,0,0,0,75
01/11/2020,RAP,SD,AGL,WE,Federal Contract Tower,6,24,16,0,46,0,2,11,3,16,6,26,27,3,62,36,12,48,110
01/12/2020,RAP,SD,AGL,WE,Federal Contract Tower,9,23,12,1,45,0,2,26,0,28,9,25,38,1,73,26,0,26,99
01/13/2020,RAP,SD,AGL,WE,Federal Contract Tower,9,23,16,1,49,0,0,15,1,16,9,23,31,2,65,14,0,14,79
01/14/2020,RAP,SD,AGL,WE,Federal Contract Tower,9,32,17,0,58,0,0,3,0,3,9,32,20,0,61,8,0,8,69
01/15/2020,RAP,SD,AGL,WE,Federal Contract Tower,11,28,12,2,53,0,1,7,27,35,11,29,19,29,88,8,8,16,104
01/16/2020,RAP,SD,AGL,WE,Federal Contract Tower,10,30,19,0,59,0,2,15,18,35,10,32,34,18,94,8,8,16,110
01/18/2020,RAP,SD,AGL,WE,Federal Contract Tower,6,26,14,0,46,0,2,27,0,29,6,28,41,0,75,26,0,26,101
01/19/2020,RAP,SD,AGL,WE,Federal Contract Tower,8,20,12,0,40,0,2,16,0,18,8,22,28,0,58,48,0,48,106
01/20/2020,RAP,SD,AGL,WE,Federal Contract Tower,10,29,18,0,57,0,1,33,0,34,10,30,51,0,91,20,0,20,111
01/21/2020,RAP,SD,AGL,WE,Federal Contract Tower,9,27,18,0,54,0,0,37,0,37,9,27,55,0,91,60,0,60,151
01/22/2020,RAP,SD,AGL,WE,Federal Contract Tower,11,26,13,0,50,0,1,6,12,19,11,27,19,12,69,0,8,8,77
01/23/2020,RAP,SD,AGL,WE,Federal Contract Tower,10,37,22,0,69,0,0,31,24,55,10,37,53,24,124,52,22,74,198
01/24/2020,RAP,SD,AGL,WE,Federal Contract Tower,12,29,12,2,55,0,1,23,0,24,12,30,35,2,79,16,1,17,96
01/25/2020,RAP,SD,AGL,WE,Federal Contract Tower,6,27,8,0,41,0,1,27,0,28,6,28,35,0,69,82,0,82,151
01/26/2020,RAP,SD,AGL,WE,Federal Contract Tower,10,21,9,0,40,0,0,19,0,19,10,21,28,0,59,0,0,0,59
01/27/2020,RAP,SD,AGL,WE,Federal Contract Tower,12,22,13,0,47,0,1,2,0,3,12,23,15,0,50,0,0,0,50
01/28/2020,RAP,SD,AGL,WE,Federal Contract Tower,10,37,19,2,68,0,0,29,0,29,10,37,48,2,97,36,0,36,133
01/29/2020,RAP,SD,AGL,WE,Federal Contract Tower,14,35,16,1,66,0,10,37,18,65,14,45,53,19,131,90,8,98,229
01/30/2020,RAP,SD,AGL,WE,Federal Contract Tower,10,25,10,3,48,0,1,8,6,15,10,26,18,9,63,24,32,56,119
01/31/2020,RAP,SD,AGL,WE,Federal Contract Tower,10,25,16,1,52,0,0,40,12,52,10,25,56,13,104,60,22,82,186
02/01/2020,RAP,SD,AGL,WE,Federal Contract Tower,8,28,7,0,43,0,2,31,2,35,8,30,38,2,78,96,0,96,174
02/02/2020,RAP,SD,AGL,WE,Federal Contract Tower,10,18,12,0,40,0,0,18,0,18,10,18,30,0,58,36,0,36,94
02/03/2020,RAP,SD,AGL,WE,Federal Contract Tower,10,23,6,4,43,0,0,0,0,0,10,23,6,4,43,0,0,0,43
02/04/2020,RAP,SD,AGL,WE,Federal Contract Tower,9,30,16,4,59,0,0,24,6,30,9,30,40,10,89,40,8,48,137
02/05/2020,RAP,SD,AGL,WE,Federal Contract Tower,10,32,12,4,58,0,1,37,19,57,10,33,49,23,115,46,0,46,161
02/06/2020,RAP,SD,AGL,WE,Federal Contract Tower,9,28,10,0,47,0,0,4,2,6,9,28,14,2,53,8,24,32,85
02/07/2020,RAP,SD,AGL,WE,Federal Contract Tower,10,24,12,3,49,0,3,17,20,40,10,27,29,23,89,24,12,36,125
02/08/2020,RAP,SD,AGL,WE,Federal Contract Tower,7,23,11,6,47,0,1,22,10,33,7,24,33,16,80,44,16,60,140
02/09/2020,RAP,SD,AGL,WE,Federal Contract Tower,10,20,10,1,41,0,0,8,9,17,10,20,18,10,58,20,0,20,78
02/10/2020,RAP,SD,AGL,WE,Federal Contract Tower,10,23,16,0,49,0,1,22,0,23,10,24,38,0,72,20,0,20,92
02/11/2020,RAP,SD,AGL,WE,Federal Contract Tower,9,26,25,0,60,0,0,39,5,44,9,26,64,5,104,48,8,56,160
02/12/2020,RAP,SD,AGL,WE,Federal Contract Tower,11,30,10,0,51,0,0,0,0,0,11,30,10,0,51,0,0,0,51
02/13/2020,RAP,SD,AGL,WE,Federal Contract Tower,9,27,12,3,51,0,1,19,13,33,9,28,31,16,84,6,2,8,92
02/14/2020,RAP,SD,AGL,WE,Federal Contract Tower,10,29,13,0,52,0,0,34,6,40,10,29,47,6,92,78,0,78,170
02/15/2020,RAP,SD,AGL,WE,Federal Contract Tower,10,19,18,9,56,0,1,55,2,58,10,20,73,11,114,106,24,130,244
02/16/2020,RAP,SD,AGL,WE,Federal Contract Tower,8,16,21,0,45,0,0,25,0,25,8,16,46,0,70,98,0,98,168
02/17/2020,RAP,SD,AGL,WE,Federal Contract Tower,9,24,13,0,46,0,0,3,0,3,9,24,16,0,49,4,0,4,53
02/18/2020,RAP,SD,AGL,WE,Federal Contract Tower,10,31,18,4,63,0,0,4,0,4,10,31,22,4,67,0,0,0,67
02/19/2020,RAP,SD,AGL,WE,Federal Contract Tower,12,32,23,1,68,0,0,12,22,34,12,32,35,23,102,20,34,54,156
02/20/2020,RAP,SD,AGL,WE,Federal Contract Tower,9,36,23,2,70,0,2,51,13,66,9,38,74,15,136,98,4,102,238
02/21/2020,RAP,SD,AGL,WE,Federal Contract Tower,12,26,11,3,52,0,1,43,5,49,12,27,54,8,101,66,8,74,175
02/22/2020,RAP,SD,AGL,WE,Federal Contract Tower,11,21,14,0,46,0,2,49,7,58,11,23,63,7,104,68,4,72,176
02/24/2020,RAP,SD,AGL,WE,Federal Contract Tower,9,20,11,0,40,0,0,0,0,0,9,20,11,0,40,0,0,0,40
02/25/2020,RAP,SD,AGL,WE,Federal Contract Tower,9,29,8,0,46,0,0,5,8,13,9,29,13,8,59,0,17,17,76
02/26/2020,RAP,SD,AGL,WE,Federal Contract Tower,15,28,15,1,59,0,2,18,12,32,15,30,33,13,91,34,20,54,145
02/27/2020,RAP,SD,AGL,WE,Federal Contract Tower,12,33,18,0,63,0,0,12,13,25,12,33,30,13,88,18,6,24,112
02/28/2020,RAP,SD,AGL,WE,Federal Contract Tower,10,27,20,1,58,0,0,16,5,21,10,27,36,6,79,52,20,72,151
02/29/2020,RAP,SD,AGL,WE,Federal Contract Tower,13,18,5,0,36,0,1,42,8,51,13,19,47,8,87,74,0,74,161
03/01/2020,RAP,SD,AGL,WE,Federal Contract Tower,11,22,13,0,46,0,1,11,1,13,11,23,24,1,59,8,0,8,67
03/02/2020,RAP,SD,AGL,WE,Federal Contract Tower,7,23,22,1,53,0,1,14,0,15,7,24,36,1,68,14,0,14,82
03/03/2020,RAP,SD,AGL,WE,Federal Contract Tower,12,40,21,0,73,0,0,20,2,22,12,40,41,2,95,16,2,18,113
03/04/2020,RAP,SD,AGL,WE,Federal Contract Tower,10,29,18,3,60,0,4,37,12,53,10,33,55,15,113,28,20,48,161
03/05/2020,RAP,SD,AGL,WE,Federal Contract Tower,10,22,12,1,45,0,0,18,11,29,10,22,30,12,74,26,2,28,102
03/06/2020,RAP,SD,AGL,WE,Federal Contract Tower,10,26,20,0,56,0,4,53,0,57,10,30,73,0,113,54,0,54,167
03/07/2020,RAP,SD,AGL,WE,Federal Contract Tower,10,31,10,2,53,0,0,45,7,52,10,31,55,9,105,62,2,64,169
03/08/2020,RAP,SD,AGL,WE,Federal Contract Tower,10,17,8,1,36,0,0,13,0,13,10,17,21,1,49,0,0,0,49
03/09/2020,RAP,SD,AGL,WE,Federal Contract Tower,9,31,18,2,60,0,2,31,1,34,9,33,49,3,94,31,0,31,125
03/10/2020,RAP,SD,AGL,WE,Federal Contract Tower,8,35,24,0,67,0,4,21,0,25,8,39,45,0,92,16,0,16,108
03/11/2020,RAP,SD,AGL,WE,Federal Contract Tower,9,30,15,2,56,0,1,30,15,46,9,31,45,17,102,46,12,58,160
03/12/2020,RAP,SD,AGL,WE,Federal Contract Tower,7,30,18,0,55,0,1,15,8,24,7,31,33,8,79,0,6,6,85
03/13/2020,RAP,SD,AGL,WE,Federal Contract Tower,6,28,17,2,53,0,0,25,2,27,6,28,42,4,80,27,0,27,107
03/14/2020,RAP,SD,AGL,WE,Federal Contract Tower,8,11,3,0,22,0,0,0,0,0,8,11,3,0,22,0,0,0,22
03/15/2020,RAP,SD,AGL,WE,Federal Contract Tower,14,14,5,0,33,0,0,9,8,17,14,14,14,8,50,4,2,6,56
03/16/2020,RAP,SD,AGL,WE,Federal Contract Tower,9,25,11,0,45,0,0,0,0,0,9,25,11,0,45,0,0,0,45
03/17/2020,RAP,SD,AGL,WE,Federal Contract Tower,12,19,17,1,49,0,1,17,2,20,12,20,34,3,69,10,0,10,79
03/18/2020,RAP,SD,AGL,WE,Federal Contract Tower,16,25,12,0,53,0,0,10,17,27,16,25,22,17,80,0,14,14,94
03/19/2020,RAP,SD,AGL,WE,Federal Contract Tower,8,28,7,0,43,0,1,0,6,7,8,29,7,6,50,0,16,16,66
03/20/2020,RAP,SD,AGL,WE,Federal Contract Tower,6,28,8,0,42,0,1,20,0,21,6,29,28,0,63,40,0,40,103
03/21/2020,RAP,SD,AGL,WE,Federal Contract Tower,8,17,6,0,31,0,0,48,0,48,8,17,54,0,79,78,0,78,157
03/22/2020,RAP,SD,AGL,WE,Federal Contract Tower,4,20,7,0,31,0,0,22,0,22,4,20,29,0,53,54,0,54,107
03/23/2020,RAP,SD,AGL,WE,Federal Contract Tower,4,14,7,0,25,0,1,21,1,23,4,15,28,1,48,30,0,30,78
03/24/2020,RAP,SD,AGL,WE,Federal Contract Tower,6,23,19,0,48,0,0,34,10,44,6,23,53,10,92,54,8,62,154
03/25/2020,RAP,SD,AGL,WE,Federal Contract Tower,5,19,2,0,26,0,0,0,0,0,5,19,2,0,26,0,0,0,26
03/26/2020,RAP,SD,AGL,WE,Federal Contract Tower,3,16,3,0,22,0,0,0,0,0,3,16,3,0,22,0,0,0,22
03/27/2020,RAP,SD,AGL,WE,Federal Contract Tower,4,9,12,0,25,0,0,18,2,20,4,9,30,2,45,48,0,48,93
03/28/2020,RAP,SD,AGL,WE,Federal Contract Tower,4,17,3,0,24,0,0,12,0,12,4,17,15,0,36,16,0,16,52
03/29/2020,RAP,SD,AGL,WE,Federal Contract Tower,6,10,5,0,21,0,1,33,0,34,6,11,38,0,55,62,0,62,117
03/30/2020,RAP,SD,AGL,WE,Federal Contract Tower,5,15,12,0,32,0,2,26,11,39,5,17,38,11,71,42,4,46,117
03/31/2020,RAP,SD,AGL,WE,Federal Contract Tower,2,15,5,3,25,0,1,24,16,41,2,16,29,19,66,47,18,65,131
04/01/2020,RAP,SD,AGL,WE,Federal Contract Tower,5,16,7,1,29,0,0,0,0,0,5,16,7,1,29,0,0,0,29
04/02/2020,RAP,SD,AGL,WE,Federal Contract Tower,3,13,1,0,17,0,0,0,0,0,3,13,1,0,17,0,0,0,17
04/03/2020,RAP,SD,AGL,WE,Federal Contract Tower,6,13,9,0,28,0,0,23,6,29,6,13,32,6,57,40,4,44,101
04/05/2020,RAP,SD,AGL,WE,Federal Contract Tower,7,9,4,1,21,0,2,20,0,22,7,11,24,1,43,34,0,34,77
04/06/2020,RAP,SD,AGL,WE,Federal Contract Tower,10,13,4,0,27,0,0,19,1,20,10,13,23,1,47,62,0,62,109
04/07/2020,RAP,SD,AGL,WE,Federal Contract Tower,6,14,6,0,26,0,0,24,12,36,6,14,30,12,62,16,10,26,88
04/08/2020,RAP,SD,AGL,WE,Federal Contract Tower,1,16,4,0,21,0,0,0,8,8,1,16,4,8,29,0,0,0,29
04/09/2020,RAP,SD,AGL,WE,Federal Contract Tower,5,14,9,2,30,0,1,22,11,34,5,15,31,13,64,10,4,14,78
04/10/2020,RAP,SD,AGL,WE,Federal Contract Tower,3,20,14,0,37,0,0,59,3,62,3,20,73,3,99,142,0,142,241
04/11/2020,RAP,SD,AGL,WE,Federal Contract Tower,3,14,1,0,18,0,0,2,0,2,3,14,3,0,20,30,0,30,50
04/12/2020,RAP,SD,AGL,WE,Federal Contract Tower,2,4,0,0,6,0,1,3,0,4,2,5,3,0,10,0,0,0,10
04/13/2020,RAP,SD,AGL,WE,Federal Contract Tower,4,14,6,0,24,0,0,2,9,11,4,14,8,9,35,0,0,0,35
04/14/2020,RAP,SD,AGL,WE,Federal Contract Tower,3,21,13,3,40,0,0,5,6,11,3,21,18,9,51,0,16,16,67
04/15/2020,RAP,SD,AGL,WE,Federal Contract Tower,2,18,3,0,23,0,0,3,10,13,2,18,6,10,36,10,28,38,74
04/16/2020,RAP,SD,AGL,WE,Federal Contract Tower,5,23,11,4,43,0,1,18,6,25,5,24,29,10,68,28,8,36,104
04/17/2020,RAP,SD,AGL,WE,Federal Contract Tower,4,16,4,0,24,0,0,45,5,50,4,16,49,5,74,66,0,66,140
04/18/2020,RAP,SD,AGL,WE,Federal Contract Tower,2,17,5,0,24,0,1,21,0,22,2,18,26,0,46,80,0,80,126
04/19/2020,RAP,SD,AGL,WE,Federal Contract Tower,4,9,6,0,19,0,0,3,0,3,4,9,9,0,22,0,0,0,22
04/20/2020,RAP,SD,AGL,WE,Federal Contract Tower,3,13,7,0,23,0,0,17,2,19,3,13,24,2,42,18,0,18,60
04/21/2020,RAP,SD,AGL,WE,Federal Contract Tower,3,18,8,3,32,0,2,61,6,69,3,20,69,9,101,98,3,101,202
04/22/2020,RAP,SD,AGL,WE,Federal Contract Tower,3,18,10,9,40,0,2,26,10,38,3,20,36,19,78,32,0,32,110
04/23/2020,RAP,SD,AGL,WE,Federal Contract Tower,3,14,3,0,20,0,0,8,8,16,3,14,11,8,36,20,0,20,56
04/24/2020,RAP,SD,AGL,WE,Federal Contract Tower,4,9,11,0,24,0,1,9,3,13,4,10,20,3,37,42,0,42,79
04/25/2020,RAP,SD,AGL,WE,Federal Contract Tower,2,6,11,2,21,0,0,59,0,59,2,6,70,2,80,62,0,62,142
04/26/2020,RAP,SD,AGL,WE,Federal Contract Tower,4,7,9,2,22,0,0,31,0,31,4,7,40,2,53,40,20,60,113
04/27/2020,RAP,SD,AGL,WE,Federal Contract Tower,3,11,2,1,17,0,0,30,2,32,3,11,32,3,49,42,0,42,91
04/28/2020,RAP,SD,AGL,WE,Federal Contract Tower,2,19,6,2,29,0,2,2,0,4,2,21,8,2,33,0,0,0,33
04/29/2020,RAP,SD,AGL,WE,Federal Contract Tower,5,23,13,6,47,0,0,41,11,52,5,23,54,17,99,102,2,104,203
04/30/2020,RAP,SD,AGL,WE,Federal Contract Tower,5,16,17,2,40,0,2,26,4,32,5,18,43,6,72,18,0,18,90
05/01/2020,RAP,SD,AGL,WE,Federal Contract Tower,4,16,11,0,31,0,0,21,6,27,4,16,32,6,58,10,0,10,68
05/02/2020,RAP,SD,AGL,WE,Federal Contract Tower,7,6,2,0,15,0,1,27,0,28,7,7,29,0,43,22,0,22,65
05/03/2020,RAP,SD,AGL,WE,Federal Contract Tower,8,3,10,0,21,0,2,24,0,26,8,5,34,0,47,8,0,8,55
05/04/2020,RAP,SD,AGL,WE,Federal Contract Tower,8,7,10,0,25,0,0,4,0,4,8,7,14,0,29,0,0,0,29
05/05/2020,RAP,SD,AGL,WE,Federal Contract Tower,9,12,11,4,36,0,5,30,6,41,9,17,41,10,77,34,0,34,111
05/06/2020,RAP,SD,AGL,WE,Federal Contract Tower,7,17,13,0,37,0,0,57,6,63,7,17,70,6,100,44,0,44,144
05/07/2020,RAP,SD,AGL,WE,Federal Contract Tower,14,15,7,0,36,0,0,15,4,19,14,15,22,4,55,36,12,48,103
05/08/2020,RAP,SD,AGL,WE,Federal Contract Tower,14,10,16,0,40,0,0,84,14,98,14,10,100,14,138,48,0,48,186
05/09/2020,RAP,SD,AGL,WE,Federal Contract Tower,9,9,5,0,23,0,0,1,0,1,9,9,6,0,24,0,0,0,24
05/10/2020,RAP,SD,AGL,WE,Federal Contract Tower,14,7,5,0,26,0,1,17,0,18,14,8,22,0,44,6,0,6,50
05/11/2020,RAP,SD,AGL,WE,Federal Contract Tower,17,9,7,2,35,0,0,3,3,6,17,9,10,5,41,0,6,6,47
05/12/2020,RAP,SD,AGL,WE,Federal Contract Tower,15,12,8,0,35,0,0,0,0,0,15,12,8,0,35,0,0,0,35
05/13/2020,RAP,SD,AGL,WE,Federal Contract Tower,14,13,8,0,35,0,1,15,8,24,14,14,23,8,59,0,10,10,69
05/14/2020,RAP,SD,AGL,WE,Federal Contract Tower,16,7,6,0,29,0,0,24,13,37,16,7,30,13,66,0,6,6,72
05/15/2020,RAP,SD,AGL,WE,Federal Contract Tower,16,18,4,0,38,0,0,6,3,9,16,18,10,3,47,22,0,22,69
05/16/2020,RAP,SD,AGL,WE,Federal Contract Tower,12,13,6,0,31,0,0,2,0,2,12,13,8,0,33,0,0,0,33
05/17/2020,RAP,SD,AGL,WE,Federal Contract Tower,16,6,9,0,31,0,0,51,0,51,16,6,60,0,82,50,0,50,132
05/18/2020,RAP,SD,AGL,WE,Federal Contract Tower,18,8,15,0,41,0,0,16,0,16,18,8,31,0,57,4,0,4,61
05/19/2020,RAP,SD,AGL,WE,Federal Contract Tower,12,16,13,0,41,0,1,36,8,45,12,17,49,8,86,44,2,46,132
05/20/2020,RAP,SD,AGL,WE,Federal Contract Tower,16,20,9,5,50,0,0,21,4,25,16,20,30,9,75,12,12,24,99
05/21/2020,RAP,SD,AGL,WE,Federal Contract Tower,16,8,19,0,43,0,1,42,6,49,16,9,61,6,92,18,0,18,110
05/22/2020,RAP,SD,AGL,WE,Federal Contract Tower,18,10,12,0,40,0,1,32,5,38,18,11,44,5,78,38,0,38,116
05/23/2020,RAP,SD,AGL,WE,Federal Contract Tower,12,13,9,2,36,0,0,22,0,22,12,13,31,2,58,54,0,54,112
05/24/2020,RAP,SD,AGL,WE,Federal Contract Tower,18,6,16,0,40,0,2,18,0,20,18,8,34,0,60,20,0,20,80
05/25/2020,RAP,SD,AGL,WE,Federal Contract Tower,18,5,14,0,37,0,1,33,0,34,18,6,47,0,71,78,0,78,149
05/26/2020,RAP,SD,AGL,WE,Federal Contract Tower,16,12,27,0,55,0,2,34,2,38,16,14,61,2,93,28,0,28,121
05/27/2020,RAP,SD,AGL,WE,Federal Contract Tower,16,17,13,0,46,0,4,27,16,47,16,21,40,16,93,62,8,70,163
05/28/2020,RAP,SD,AGL,WE,Federal Contract Tower,18,14,8,4,44,0,0,9,8,17,18,14,17,12,61,13,6,19,80
05/29/2020,RAP,SD,AGL,WE,Federal Contract Tower,13,18,20,0,51,0,2,39,7,48,13,20,59,7,99,48,12,60,159
05/30/2020,RAP,SD,AGL,WE,Federal Contract Tower,15,13,13,0,41,0,0,9,0,9,15,13,22,0,50,10,0,10,60
05/31/2020,RAP,SD,AGL,WE,Federal Contract Tower,18,6,12,0,36,0,2,31,2,35,18,8,43,2,71,50,0,50,121
06/01/2020,RAP,SD,AGL,WE,Federal Contract Tower,17,9,13,0,39,0,3,31,0,34,17,12,44,0,73,20,0,20,93
06/02/2020,RAP,SD,AGL,WE,Federal Contract Tower,13,10,21,0,44,0,1,43,1,45,13,11,64,1,89,96,2,98,187
06/03/2020,RAP,SD,AGL,WE,Federal Contract Tower,15,23,21,0,59,0,0,30,9,39,15,23,51,9,98,28,0,28,126
06/04/2020,RAP,SD,AGL,WE,Federal Contract Tower,18,14,19,0,51,0,0,49,6,55,18,14,68,6,106,90,0,90,196
06/05/2020,RAP,SD,AGL,WE,Federal Contract Tower,17,16,26,0,59,0,1,59,9,69,17,17,85,9,128,96,0,96,224
06/06/2020,RAP,SD,AGL,WE,Federal Contract Tower,13,12,6,0,31,0,6,28,12,46,13,18,34,12,77,30,8,38,115
06/07/2020,RAP,SD,AGL,WE,Federal Contract Tower,18,9,17,0,44,0,8,49,10,67,18,17,66,10,111,78,36,114,225
06/08/2020,RAP,SD,AGL,WE,Federal Contract Tower,18,12,24,0,54,0,1,25,0,26,18,13,49,0,80,42,0,42,122
06/09/2020,RAP,SD,AGL,WE,Federal Contract Tower,16,18,17,2,53,0,1,10,5,16,16,19,27,7,69,0,12,12,81
06/10/2020,RAP,SD,AGL,WE,Federal Contract Tower,16,18,13,11,58,0,2,29,12,43,16,20,42,23,101,67,0,67,168
06/11/2020,RAP,SD,AGL,WE,Federal Contract Tower,17,19,20,1,57,0,4,69,14,87,17,23,89,15,144,82,2,84,228
06/12/2020,RAP,SD,AGL,WE,Federal Contract Tower,19,12,17,0,48,0,3,65,3,71,19,15,82,3,119,116,0,116,235
06/13/2020,RAP,SD,AGL,WE,Federal Contract Tower,13,16,12,0,41,0,0,27,5,32,13,16,39,5,73,18,6,24,97
06/14/2020,RAP,SD,AGL,WE,Federal Contract Tower,16,3,23,0,42,0,0,28,0,28,16,3,51,0,70,62,0,62,132
06/15/2020,RAP,SD,AGL,WE,Federal Contract Tower,17,16,24,4,61,0,2,30,4,36,17,18,54,8,97,12,24,36,133
06/16/2020,RAP,SD,AGL,WE,Federal Contract Tower,17,16,27,0,60,0,0,24,8,32,17,16,51,8,92,26,22,48,140
06/17/2020,RAP,SD,AGL,WE,Federal Contract Tower,14,13,25,0,52,0,11,55,9,75,14,24,80,9,127,74,26,100,227
06/18/2020,RAP,SD,AGL,WE,Federal Contract Tower,19,12,27,2,60,0,0,38,20,58,19,12,65,22,118,54,10,64,182
06/19/2020,RAP,SD,AGL,WE,Federal Contract Tower,20,16,31,2,69,0,0,33,13,46,20,16,64,15,115,30,8,38,153
06/20/2020,RAP,SD,AGL,WE,Federal Contract Tower,16,5,9,0,30,0,0,40,0,40,16,5,49,0,70,52,0,52,122
06/21/2020,RAP,SD,AGL,WE,Federal Contract Tower,16,3,18,0,37,0,1,29,0,30,16,4,47,0,67,22,0,22,89
06/22/2020,RAP,SD,AGL,WE,Federal Contract Tower,17,13,33,1,64,0,3,28,1,32,17,16,61,2,96,28,2,30,126
06/23/2020,RAP,SD,AGL,WE,Federal Contract Tower,19,11,23,2,55,0,2,44,8,54,19,13,67,10,109,66,20,86,195
06/24/2020,RAP,SD,AGL,WE,Federal Contract Tower,14,24,15,3,56,0,6,77,7,90,14,30,92,10,146,39,0,39,185
06/25/2020,RAP,SD,AGL,WE,Federal Contract Tower,18,9,18,3,48,0,0,30,4,34,18,9,48,7,82,36,6,42,124
06/26/2020,RAP,SD,AGL,WE,Federal Contract Tower,14,23,30,0,67,0,1,66,1,68,14,24,96,1,135,64,4,68,203
06/27/2020,RAP,SD,AGL,WE,Federal Contract Tower,17,9,20,2,48,0,7,37,2,46,17,16,57,4,94,32,0,32,126
06/28/2020,RAP,SD,AGL,WE,Federal Contract Tower,17,2,10,0,29,0,0,26,0,26,17,2,36,0,55,18,0,18,73
06/29/2020,RAP,SD,AGL,WE,Federal Contract Tower,18,11,22,4,55,0,2,24,3,29,18,13,46,7,84,2,0,2,86
06/30/2020,RAP,SD,AGL,WE,Federal Contract Tower,17,13,13,1,44,0,3,21,12,36,17,16,34,13,80,34,0,34,114
07/01/2020,RAP,SD,AGL,WE,Federal Contract Tower,17,18,25,3,63,0,6,58,14,78,17,24,83,17,141,40,4,44,185
07/02/2020,RAP,SD,AGL,WE,Federal Contract Tower,23,17,25,1,66,1,1,25,6,33,24,18,50,7,99,6,10,16,115
07/03/2020,RAP,SD,AGL,WE,Federal Contract Tower,20,17,29,2,68,0,3,31,11,45,20,20,60,13,113,2,0,2,115
07/04/2020,RAP,SD,AGL,WE,Federal Contract Tower,16,8,6,3,33,0,2,20,0,22,16,10,26,3,55,20,0,20,75
07/05/2020,RAP,SD,AGL,WE,Federal Contract Tower,18,8,20,0,46,0,1,28,0,29,18,9,48,0,75,12,0,12,87
07/06/2020,RAP,SD,AGL,WE,Federal Contract Tower,21,12,23,0,56,0,1,40,0,41,21,13,63,0,97,52,2,54,151
07/07/2020,RAP,SD,AGL,WE,Federal Contract Tower,26,27,33,0,86,0,1,39,7,47,26,28,72,7,133,54,0,54,187
07/08/2020,RAP,SD,AGL,WE,Federal Contract Tower,26,26,29,4,85,2,2,53,15,72,28,28,82,19,157,100,2,102,259
07/09/2020,RAP,SD,AGL,WE,Federal Contract Tower,29,27,22,5,83,2,0,48,14,64,31,27,70,19,147,36,14,50,197
07/10/2020,RAP,SD,AGL,WE,Federal Contract Tower,27,17,27,0,71,2,0,26,14,42,29,17,53,14,113,10,6,16,129
07/11/2020,RAP,SD,AGL,WE,Federal Contract Tower,24,13,24,1,62,4,1,59,15,79,28,14,83,16,141,84,6,90,231
07/12/2020,RAP,SD,AGL,WE,Federal Contract Tower,26,6,23,0,55,0,1,40,12,53,26,7,63,12,108,40,0,40,148
07/13/2020,RAP,SD,AGL,WE,Federal Contract Tower,22,12,23,0,57,2,1,23,10,36,24,13,46,10,93,0,0,0,93
07/14/2020,RAP,SD,AGL,WE,Federal Contract Tower,18,13,20,0,51,0,1,38,14,53,18,14,58,14,104,68,0,68,172
07/15/2020,RAP,SD,AGL,WE,Federal Contract Tower,20,20,25,0,65,3,5,28,28,64,23,25,53,28,129,4,10,14,143
07/16/2020,RAP,SD,AGL,WE,Federal Contract Tower,26,12,34,1,73,6,3,45,5,59,32,15,79,6,132,28,0,28,160
07/17/2020,RAP,SD,AGL,WE,Federal Contract Tower,25,25,30,2,82,0,6,72,1,79,25,31,102,3,161,92,4,96,257
07/18/2020,RAP,SD,AGL,WE,Federal Contract Tower,23,7,13,0,43,0,2,25,15,42,23,9,38,15,85,14,0,14,99
07/19/2020,RAP,SD,AGL,WE,Federal Contract Tower,26,7,23,0,56,0,2,35,4,41,26,9,58,4,97,36,0,36,133
07/20/2020,RAP,SD,AGL,WE,Federal Contract Tower,27,11,25,0,63,0,1,31,6,38,27,12,56,6,101,4,0,4,105
07/21/2020,RAP,SD,AGL,WE,Federal Contract Tower,20,18,26,4,68,0,0,87,9,96,20,18,113,13,164,172,0,172,336
07/22/2020,RAP,SD,AGL,WE,Federal Contract Tower,23,24,29,1,77,2,2,84,5,93,25,26,113,6,170,140,2,142,312
07/23/2020,RAP,SD,AGL,WE,Federal Contract Tower,26,16,20,4,66,8,4,30,12,54,34,20,50,16,120,80,4,84,204
07/24/2020,RAP,SD,AGL,WE,Federal Contract Tower,25,17,18,1,61,0,0,48,4,52,25,17,66,5,113,48,0,48,161
07/25/2020,RAP,SD,AGL,WE,Federal Contract Tower,27,10,20,2,59,0,7,21,5,33,27,17,41,7,92,42,0,42,134
07/26/2020,RAP,SD,AGL,WE,Federal Contract Tower,33,2,22,0,57,0,1,43,0,44,33,3,65,0,101,34,0,34,135
07/27/2020,RAP,SD,AGL,WE,Federal Contract Tower,26,8,31,1,66,0,1,35,1,37,26,9,66,2,103,44,0,44,147
07/28/2020,RAP,SD,AGL,WE,Federal Contract Tower,20,27,30,0,77,0,1,31,12,44,20,28,61,12,121,50,10,60,181
07/29/2020,RAP,SD,AGL,WE,Federal Contract Tower,22,16,28,0,66,0,3,14,9,26,22,19,42,9,92,0,0,0,92
07/30/2020,RAP,SD,AGL,WE,Federal Contract Tower,26,26,37,0,89,1,1,33,27,62,27,27,70,27,151,68,8,76,227
07/31/2020,RAP,SD,AGL,WE,Federal Contract Tower,26,15,34,0,75,0,3,39,6,48,26,18,73,6,123,44,4,48,171
08/01/2020,RAP,SD,AGL,WE,Federal Contract Tower,30,15,17,0,62,0,1,45,0,46,30,16,62,0,108,52,0,52,160
08/02/2020,RAP,SD,AGL,WE,Federal Contract Tower,30,5,18,0,53,0,3,49,0,52,30,8,67,0,105,12,0,12,117
08/03/2020,RAP,SD,AGL,WE,Federal Contract Tower,30,19,31,0,80,0,0,36,2,38,30,19,67,2,118,54,0,54,172
08/04/2020,RAP,SD,AGL,WE,Federal Contract Tower,24,19,38,0,81,0,1,28,24,53,24,20,66,24,134,10,2,12,146
08/05/2020,RAP,SD,AGL,WE,Federal Contract Tower,28,22,27,3,80,0,14,28,20,62,28,36,55,23,142,52,12,64,206
08/06/2020,RAP,SD,AGL,WE,Federal Contract Tower,29,23,30,3,85,2,5,32,6,45,31,28,62,9,130,18,0,18,148
08/07/2020,RAP,SD,AGL,WE,Federal Contract Tower,28,20,39,1,88,0,1,34,16,51,28,21,73,17,139,50,24,74,213
08/08/2020,RAP,SD,AGL,WE,Federal Contract Tower,39,7,18,0,64,0,3,48,0,51,39,10,66,0,115,56,0,56,171
08/09/2020,RAP,SD,AGL,WE,Federal Contract Tower,33,5,34,0,72,0,3,42,6,51,33,8,76,6,123,10,0,10,133
08/10/2020,RAP,SD,AGL,WE,Federal Contract Tower,32,10,36,0,78,0,6,28,7,41,32,16,64,7,119,22,0,22,141
08/11/2020,RAP,SD,AGL,WE,Federal Contract Tower,26,19,30,0,75,0,2,43,17,62,26,21,73,17,137,8,6,14,151
08/12/2020,RAP,SD,AGL,WE,Federal Contract Tower,28,16,20,1,65,0,7,39,20,66,28,23,59,21,131,46,8,54,185
08/13/2020,RAP,SD,AGL,WE,Federal Contract Tower,30,12,31,0,73,0,3,53,11,67,30,15,84,11,140,48,8,56,196
08/14/2020,RAP,SD,AGL,WE,Federal Contract Tower,29,13,16,0,58,0,4,24,14,42,29,17,40,14,100,6,0,6,106
08/15/2020,RAP,SD,AGL,WE,Federal Contract Tower,43,8,29,0,80,0,4,51,2,57,43,12,80,2,137,48,0,48,185
08/16/2020,RAP,SD,AGL,WE,Federal Contract Tower,34,19,33,0,86,0,1,57,0,58,34,20,90,0,144,100,0,100,244
08/17/2020,RAP,SD,AGL,WE,Federal Contract Tower,31,14,33,1,79,0,2,50,1,53,31,16,83,2,132,58,0,58,190
08/18/2020,RAP,SD,AGL,WE,Federal Contract Tower,26,18,21,4,69,0,2,33,4,39,26,20,54,8,108,50,0,50,158
08/19/2020,RAP,SD,AGL,WE,Federal Contract Tower,23,19,20,4,66,0,3,38,4,45,23,22,58,8,111,46,0,46,157
08/20/2020,RAP,SD,AGL,WE,Federal Contract Tower,28,18,24,2,72,0,0,25,7,32,28,18,49,9,104,48,6,54,158
08/21/2020,RAP,SD,AGL,WE,Federal Contract Tower,28,18,21,5,72,0,1,29,8,38,28,19,50,13,110,28,0,28,138
08/22/2020,RAP,SD,AGL,WE,Federal Contract Tower,27,10,21,0,58,0,3,47,1,51,27,13,68,1,109,74,1,75,184
08/23/2020,RAP,SD,AGL,WE,Federal Contract Tower,33,11,32,0,76,0,1,45,0,46,33,12,77,0,122,72,0,72,194
08/24/2020,RAP,SD,AGL,WE,Federal Contract Tower,28,11,31,2,72,0,1,23,0,24,28,12,54,2,96,32,2,34,130
08/25/2020,RAP,SD,AGL,WE,Federal Contract Tower,22,19,26,2,69,0,0,21,12,33,22,19,47,14,102,32,0,32,134
08/26/2020,RAP,SD,AGL,WE,Federal Contract Tower,22,18,19,7,66,0,1,68,11,80,22,19,87,18,146,28,0,28,174
08/27/2020,RAP,SD,AGL,WE,Federal Contract Tower,33,17,24,2,76,0,8,33,7,48,33,25,57,9,124,26,18,44,168
08/28/2020,RAP,SD,AGL,WE,Federal Contract Tower,29,19,34,3,85,0,31,49,2,82,29,50,83,5,167,0,0,0,167
08/29/2020,RAP,SD,AGL,WE,Federal Contract Tower,29,16,23,0,68,0,3,42,0,45,29,19,65,0,113,22,0,22,135
08/30/2020,RAP,SD,AGL,WE,Federal Contract Tower,32,8,21,0,61,1,2,29,0,32,33,10,50,0,93,40,0,40,133
08/31/2020,RAP,SD,AGL,WE,Federal Contract Tower,29,15,28,1,73,0,1,38,2,41,29,16,66,3,114,16,0,16,130
09/01/2020,RAP,SD,AGL,WE,Federal Contract Tower,19,23,23,6,71,0,1,26,12,39,19,24,49,18,110,36,8,44,154
09/02/2020,RAP,SD,AGL,WE,Federal Contract Tower,21,28,16,1,66,0,2,29,19,50,21,30,45,20,116,26,2,28,144
09/03/2020,RAP,SD,AGL,WE,Federal Contract Tower,28,18,26,0,72,0,1,59,14,74,28,19,85,14,146,82,0,82,228
09/04/2020,RAP,SD,AGL,WE,Federal Contract Tower,32,25,30,0,87,0,2,69,1,72,32,27,99,1,159,112,4,116,275
09/05/2020,RAP,SD,AGL,WE,Federal Contract Tower,30,12,15,0,57,0,3,35,0,38,30,15,50,0,95,16,0,16,111
09/06/2020,RAP,SD,AGL,WE,Federal Contract Tower,25,6,19,1,51,0,2,33,0,35,25,8,52,1,86,38,0,38,124
09/07/2020,RAP,SD,AGL,WE,Federal Contract Tower,27,10,18,0,55,0,0,16,0,16,27,10,34,0,71,54,0,54,125
09/08/2020,RAP,SD,AGL,WE,Federal Contract Tower,19,17,24,0,60,0,0,4,0,4,19,17,28,0,64,2,0,2,66
09/09/2020,RAP,SD,AGL,WE,Federal Contract Tower,26,16,24,2,68,0,0,45,15,60,26,16,69,17,128,48,0,48,176
09/10/2020,RAP,SD,AGL,WE,Federal Contract Tower,23,17,25,3,68,0,3,52,8,63,23,20,77,11,131,12,8,20,151
09/11/2020,RAP,SD,AGL,WE,Federal Contract Tower,28,16,32,0,76,0,0,12,5,17,28,16,44,5,93,10,0,10,103
09/12/2020,RAP,SD,AGL,WE,Federal Contract Tower,33,14,15,0,62,0,1,51,2,54,33,15,66,2,116,20,0,20,136
09/13/2020,RAP,SD,AGL,WE,Federal Contract Tower,31,4,19,0,54,0,4,53,10,67,31,8,72,10,121,38,0,38,159
09/14/2020,RAP,SD,AGL,WE,Federal Contract Tower,27,11,25,1,64,0,5,32,0,37,27,16,57,1,101,2,0,2,103
09/15/2020,RAP,SD,AGL,WE,Federal Contract Tower,24,21,21,2,68,0,2,51,3,56,24,23,72,5,124,90,0,90,214
09/16/2020,RAP,SD,AGL,WE,Federal Contract Tower,29,13,20,6,68,0,0,35,4,39,29,13,55,10,107,52,1,53,160
09/17/2020,RAP,SD,AGL,WE,Federal Contract Tower,36,17,29,2,84,0,0,32,13,45,36,17,61,15,129,47,0,47,176
09/18/2020,RAP,SD,AGL,WE,Federal Contract Tower,31,15,34,19,99,0,1,41,0,42,31,16,75,19,141,88,0,88,229
09/19/2020,RAP,SD,AGL,WE,Federal Contract Tower,35,11,11,0,57,0,2,40,0,42,35,13,51,0,99,76,0,76,175
09/20/2020,RAP,SD,AGL,WE,Federal Contract Tower,28,9,18,0,55,0,2,36,0,38,28,11,54,0,93,32,0,32,125
09/21/2020,RAP,SD,AGL,WE,Federal Contract Tower,27,12,21,2,62,0,2,22,0,24,27,14,43,2,86,18,0,18,104
09/22/2020,RAP,SD,AGL,WE,Federal Contract Tower,26,22,18,0,66,0,2,24,0,26,26,24,42,0,92,20,0,20,112
09/23/2020,RAP,SD,AGL,WE,Federal Contract Tower,25,25,26,0,76,0,4,34,7,45,25,29,60,7,121,54,0,54,175
09/24/2020,RAP,SD,AGL,WE,Federal Contract Tower,31,14,34,3,82,0,2,23,5,30,31,16,57,8,112,49,20,69,181
09/25/2020,RAP,SD,AGL,WE,Federal Contract Tower,33,14,45,0,92,0,1,46,2,49,33,15,91,2,141,54,0,54,195
09/26/2020,RAP,SD,AGL,WE,Federal Contract Tower,28,15,13,0,56,0,0,17,1,18,28,15,30,1,74,10,0,10,84
09/27/2020,RAP,SD,AGL,WE,Federal Contract Tower,28,13,22,1,64,0,0,11,0,11,28,13,33,1,75,10,0,10,85
09/28/2020,RAP,SD,AGL,WE,Federal Contract Tower,24,19,16,1,60,0,1,18,0,19,24,20,34,1,79,14,0,14,93
09/29/2020,RAP,SD,AGL,WE,Federal Contract Tower,26,16,22,0,64,0,6,12,9,27,26,22,34,9,91,12,0,12,103
09/30/2020,RAP,SD,AGL,WE,Federal Contract Tower,26,16,19,5,66,0,2,16,9,27,26,18,35,14,93,8,2,10,103
10/01/2020,RAP,SD,AGL,WE,Federal Contract Tower,30,15,23,1,69,0,0,45,12,57,30,15,68,13,126,68,8,76,202
10/02/2020,RAP,SD,AGL,WE,Federal Contract Tower,33,12,33,4,82,1,0,43,8,52,34,12,76,12,134,30,12,42,176
10/03/2020,RAP,SD,AGL,WE,Federal Contract Tower,28,13,13,1,55,0,2,47,17,66,28,15,60,18,121,80,4,84,205
10/04/2020,RAP,SD,AGL,WE,Federal Contract Tower,30,16,16,0,62,0,0,58,8,66,30,16,74,8,128,60,2,62,190
10/05/2020,RAP,SD,AGL,WE,Federal Contract Tower,29,8,22,0,59,0,2,10,0,12,29,10,32,0,71,8,0,8,79
10/06/2020,RAP,SD,AGL,WE,Federal Contract Tower,26,16,26,4,72,0,0,33,9,42,26,16,59,13,114,62,6,68,182
10/07/2020,RAP,SD,AGL,WE,Federal Contract Tower,33,15,28,1,77,0,0,44,18,62,33,15,72,19,139,128,38,166,305
10/08/2020,RAP,SD,AGL,WE,Federal Contract Tower,26,10,13,1,50,0,1,43,6,50,26,11,56,7,100,82,2,84,184
10/09/2020,RAP,SD,AGL,WE,Federal Contract Tower,29,12,24,0,65,0,2,36,0,38,29,14,60,0,103,40,0,40,143
10/10/2020,RAP,SD,AGL,WE,Federal Contract Tower,30,14,26,0,70,0,2,12,2,16,30,16,38,2,86,18,0,18,104
10/11/2020,RAP,SD,AGL,WE,Federal Contract Tower,28,11,16,0,55,0,0,0,0,0,28,11,16,0,55,0,0,0,55
10/12/2020,RAP,SD,AGL,WE,Federal Contract Tower,28,11,17,0,56,0,0,28,0,28,28,11,45,0,84,26,0,26,110
10/13/2020,RAP,SD,AGL,WE,Federal Contract Tower,23,17,21,0,61,0,1,25,0,26,23,18,46,0,87,22,0,22,109
10/14/2020,RAP,SD,AGL,WE,Federal Contract Tower,25,18,11,0,54,0,0,4,0,4,25,18,15,0,58,0,0,0,58
10/15/2020,RAP,SD,AGL,WE,Federal Contract Tower,30,22,21,2,75,0,0,11,8,19,30,22,32,10,94,18,8,26,120
10/16/2020,RAP,SD,AGL,WE,Federal Contract Tower,34,19,27,0,80,0,1,35,6,42,34,20,62,6,122,44,16,60,182
10/17/2020,RAP,SD,AGL,WE,Federal Contract Tower,26,17,7,0,50,0,0,1,0,1,26,17,8,0,51,0,0,0,51
10/18/2020,RAP,SD,AGL,WE,Federal Contract Tower,30,18,11,2,61,0,0,0,0,0,30,18,11,2,61,0,0,0,61
10/19/2020,RAP,SD,AGL,WE,Federal Contract Tower,26,19,19,0,64,0,0,1,0,1,26,19,20,0,65,6,0,6,71
10/20/2020,RAP,SD,AGL,WE,Federal Contract Tower,28,19,17,2,66,0,2,15,13,30,28,21,32,15,96,0,16,16,112
10/21/2020,RAP,SD,AGL,WE,Federal Contract Tower,30,18,8,0,56,0,0,0,0,0,30,18,8,0,56,0,0,0,56
10/22/2020,RAP,SD,AGL,WE,Federal Contract Tower,27,20,7,0,54,0,0,0,0,0,27,20,7,0,54,0,0,0,54
10/23/2020,RAP,SD,AGL,WE,Federal Contract Tower,28,23,8,0,59,0,0,3,5,8,28,23,11,5,67,4,0,4,71
10/24/2020,RAP,SD,AGL,WE,Federal Contract Tower,26,7,3,0,36,0,0,0,0,0,26,7,3,0,36,0,0,0,36
10/25/2020,RAP,SD,AGL,WE,Federal Contract Tower,25,8,9,2,44,0,1,2,0,3,25,9,11,2,47,0,0,0,47
10/26/2020,RAP,SD,AGL,WE,Federal Contract Tower,23,13,25,0,61,0,0,16,3,19,23,13,41,3,80,14,6,20,100
10/27/2020,RAP,SD,AGL,WE,Federal Contract Tower,20,16,18,3,57,0,2,26,9,37,20,18,44,12,94,28,2,30,124
10/28/2020,RAP,SD,AGL,WE,Federal Contract Tower,23,25,31,3,82,0,0,35,12,47,23,25,66,15,129,42,4,46,175
10/29/2020,RAP,SD,AGL,WE,Federal Contract Tower,24,21,29,2,76,0,1,22,8,31,24,22,51,10,107,46,0,46,153
10/30/2020,RAP,SD,AGL,WE,Federal Contract Tower,26,14,21,0,61,0,2,22,4,28,26,16,43,4,89,16,0,16,105
10/31/2020,RAP,SD,AGL,WE,Federal Contract Tower,20,7,7,0,34,0,1,5,0,6,20,8,12,0,40,0,0,0,40
11/01/2020,RAP,SD,AGL,WE,Federal Contract Tower,23,4,10,0,37,0,2,42,0,44,23,6,52,0,81,49,0,49,130
11/02/2020,RAP,SD,AGL,WE,Federal Contract Tower,26,10,12,0,48,0,5,32,0,37,26,15,44,0,85,58,0,58,143
11/04/2020,RAP,SD,AGL,WE,Federal Contract Tower,17,18,12,8,55,0,1,28,2,31,17,19,40,10,86,40,4,44,130
11/05/2020,RAP,SD,AGL,WE,Federal Contract Tower,20,9,22,1,52,0,0,23,15,38,20,9,45,16,90,38,0,38,128
11/06/2020,RAP,SD,AGL,WE,Federal Contract Tower,24,17,20,0,61,0,1,44,18,63,24,18,64,18,124,60,4,64,188
11/07/2020,RAP,SD,AGL,WE,Federal Contract Tower,27,13,21,0,61,0,1,41,17,59,27,14,62,17,120,70,10,80,200
11/08/2020,RAP,SD,AGL,WE,Federal Contract Tower,26,3,7,0,36,0,0,6,0,6,26,3,13,0,42,0,0,0,42
11/09/2020,RAP,SD,AGL,WE,Federal Contract Tower,24,13,16,0,53,0,1,13,0,14,24,14,29,0,67,50,0,50,117
11/10/2020,RAP,SD,AGL,WE,Federal Contract Tower,16,13,35,3,67,0,4,29,8,41,16,17,64,11,108,100,0,100,208
11/11/2020,RAP,SD,AGL,WE,Federal Contract Tower,22,14,24,0,60,0,1,35,0,36,22,15,59,0,96,56,0,56,152
11/12/2020,RAP,SD,AGL,WE,Federal Contract Tower,23,13,24,13,73,0,2,24,13,39,23,15,48,26,112,50,8,58,170
11/13/2020,RAP,SD,AGL,WE,Federal Contract Tower,28,16,23,0,67,0,3,31,4,38,28,19,54,4,105,62,0,62,167
11/14/2020,RAP,SD,AGL,WE,Federal Contract Tower,24,21,5,0,50,0,1,1,0,2,24,22,6,0,52,0,0,0,52
11/16/2020,RAP,SD,AGL,WE,Federal Contract Tower,26,7,10,1,44,0,0,41,0,41,26,7,51,1,85,54,0,54,139
11/17/2020,RAP,SD,AGL,WE,Federal Contract Tower,21,20,12,1,54,0,5,35,9,49,21,25,47,10,103,32,2,34,137
11/18/2020,RAP,SD,AGL,WE,Federal Contract Tower,20,18,18,0,56,0,2,22,16,40,20,20,40,16,96,20,10,30,126
11/19/2020,RAP,SD,AGL,WE,Federal Contract Tower,25,17,18,0,60,0,3,16,6,25,25,20,34,6,85,10,0,10,95
11/20/2020,RAP,SD,AGL,WE,Federal Contract Tower,26,10,22,0,58,0,0,40,5,45,26,10,62,5,103,50,0,50,153
11/21/2020,RAP,SD,AGL,WE,Federal Contract Tower,22,19,14,0,55,0,0,26,1,27,22,19,40,1,82,70,0,70,152
11/22/2020,RAP,SD,AGL,WE,Federal Contract Tower,28,0,16,0,44,0,2,26,0,28,28,2,42,0,72,42,0,42,114
11/23/2020,RAP,SD,AGL,WE,Federal Contract Tower,21,12,7,0,40,0,0,26,5,31,21,12,33,5,71,14,0,14,85
11/24/2020,RAP,SD,AGL,WE,Federal Contract Tower,23,16,19,14,72,0,1,17,15,33,23,17,36,29,105,14,12,26,131
11/25/2020,RAP,SD,AGL,WE,Federal Contract Tower,25,23,9,0,57,0,1,22,4,27,25,24,31,4,84,38,0,38,122
11/26/2020,RAP,SD,AGL,WE,Federal Contract Tower,11,3,3,0,17,0,2,12,0,14,11,5,15,0,31,20,0,20,51
11/27/2020,RAP,SD,AGL,WE,Federal Contract Tower,18,9,6,0,33,0,2,39,0,41,18,11,45,0,74,52,0,52,126
11/28/2020,RAP,SD,AGL,WE,Federal Contract Tower,26,11,16,0,53,0,0,51,0,51,26,11,67,0,104,112,0,112,216
11/29/2020,RAP,SD,AGL,WE,Federal Contract Tower,29,5,9,0,43,0,0,18,0,18,29,5,27,0,61,0,0,0,61
11/30/2020,RAP,SD,AGL,WE,Federal Contract Tower,32,6,11,2,51,0,3,29,0,32,32,9,40,2,83,12,0,12,95
12/01/2020,RAP,SD,AGL,WE,Federal Contract Tower,18,14,23,2,57,0,2,8,0,10,18,16,31,2,67,0,0,0,67
12/02/2020,RAP,SD,AGL,WE,Federal Contract Tower,16,15,5,5,41,0,0,10,12,22,16,15,15,17,63,2,6,8,71
12/03/2020,RAP,SD,AGL,WE,Federal Contract Tower,24,9,23,4,60,0,0,37,11,48,24,9,60,15,108,48,0,48,156
12/04/2020,RAP,SD,AGL,WE,Federal Contract Tower,22,11,21,0,54,0,0,37,7,44,22,11,58,7,98,56,0,56,154
12/05/2020,RAP,SD,AGL,WE,Federal Contract Tower,15,12,11,0,38,0,0,39,2,41,15,12,50,2,79,78,0,78,157
12/06/2020,RAP,SD,AGL,WE,Federal Contract Tower,20,11,11,0,42,0,1,57,0,58,20,12,68,0,100,86,0,86,186
12/07/2020,RAP,SD,AGL,WE,Federal Contract Tower,28,18,11,1,58,0,6,27,0,33,28,24,38,1,91,56,0,56,147
12/08/2020,RAP,SD,AGL,WE,Federal Contract Tower,14,20,15,4,53,0,4,22,11,37,14,24,37,15,90,74,8,82,172
12/09/2020,RAP,SD,AGL,WE,Federal Contract Tower,15,15,17,2,49,0,3,33,12,48,15,18,50,14,97,22,0,22,119
12/10/2020,RAP,SD,AGL,WE,Federal Contract Tower,22,17,10,3,52,0,1,2,18,21,22,18,12,21,73,4,10,14,87
12/11/2020,RAP,SD,AGL,WE,Federal Contract Tower,20,22,15,0,57,0,0,10,7,17,20,22,25,7,74,52,28,80,154
12/12/2020,RAP,SD,AGL,WE,Federal Contract Tower,16,14,16,0,46,0,0,14,0,14,16,14,30,0,60,26,0,26,86
12/13/2020,RAP,SD,AGL,WE,Federal Contract Tower,23,5,4,0,32,0,3,28,1,32,23,8,32,1,64,18,0,18,82
12/14/2020,RAP,SD,AGL,WE,Federal Contract Tower,21,14,12,2,49,0,2,0,0,2,21,16,12,2,51,0,0,0,51
12/15/2020,RAP,SD,AGL,WE,Federal Contract Tower,16,21,27,4,68,0,4,11,24,39,16,25,38,28,107,22,6,28,135
12/16/2020,RAP,SD,AGL,WE,Federal Contract Tower,17,10,20,1,48,0,0,29,9,38,17,10,49,10,86,42,0,42,128
12/17/2020,RAP,SD,AGL,WE,Federal Contract Tower,24,16,18,2,60,0,0,24,13,37,24,16,42,15,97,24,6,30,127
12/18/2020,RAP,SD,AGL,WE,Federal Contract Tower,13,30,22,0,65,0,0,23,0,23,13,30,45,0,88,6,0,6,94
12/19/2020,RAP,SD,AGL,WE,Federal Contract Tower,23,20,13,0,56,0,2,28,0,30,23,22,41,0,86,54,0,54,140
12/20/2020,RAP,SD,AGL,WE,Federal Contract Tower,23,7,6,0,36,0,4,12,0,16,23,11,18,0,52,6,0,6,58
12/21/2020,RAP,SD,AGL,WE,Federal Contract Tower,16,18,25,0,59,0,1,27,0,28,16,19,52,0,87,4,0,4,91
12/22/2020,RAP,SD,AGL,WE,Federal Contract Tower,12,34,15,2,63,0,2,19,6,27,12,36,34,8,90,16,0,16,106
12/23/2020,RAP,SD,AGL,WE,Federal Contract Tower,16,17,2,0,35,0,0,3,0,3,16,17,5,0,38,0,0,0,38
12/24/2020,RAP,SD,AGL,WE,Federal Contract Tower,15,17,15,0,47,0,1,6,0,7,15,18,21,0,54,0,0,0,54
12/25/2020,RAP,SD,AGL,WE,Federal Contract Tower,13,10,10,0,33,0,1,8,0,9,13,11,18,0,42,0,0,0,42
12/26/2020,RAP,SD,AGL,WE,Federal Contract Tower,22,13,6,0,41,0,0,38,0,38,22,13,44,0,79,24,0,24,103
12/27/2020,RAP,SD,AGL,WE,Federal Contract Tower,26,11,19,0,56,0,0,2,0,2,26,11,21,0,58,0,0,0,58
12/28/2020,RAP,SD,AGL,WE,Federal Contract Tower,13,22,12,0,47,0,1,11,0,12,13,23,23,0,59,12,0,12,71
12/29/2020,RAP,SD,AGL,WE,Federal Contract Tower,16,23,17,0,56,0,1,1,0,2,16,24,18,0,58,2,0,2,60
12/30/2020,RAP,SD,AGL,WE,Federal Contract Tower,24,20,14,0,58,0,0,36,2,38,24,20,50,2,96,38,0,38,134
12/31/2020,RAP,SD,AGL,WE,Federal Contract Tower,12,16,13,0,41,0,0,28,0,28,12,16,41,0,69,78,0,78,147
01/01/2021,RAP,SD,AGL,WE,Federal Contract Tower,18,10,7,0,35,0,2,27,0,29,18,12,34,0,64,64,0,64,128
01/02/2021,RAP,SD,AGL,WE,Federal Contract Tower,26,21,15,0,62,0,1,38,0,39,26,22,53,0,101,24,0,24,125
01/03/2021,RAP,SD,AGL,WE,Federal Contract Tower,25,4,4,0,33,0,3,31,0,34,25,7,35,0,67,14,0,14,81
01/04/2021,RAP,SD,AGL,WE,Federal Contract Tower,14,28,15,0,57,0,2,30,0,32,14,30,45,0,89,16,0,16,105
01/05/2021,RAP,SD,AGL,WE,Federal Contract Tower,14,17,10,0,41,0,1,7,0,8,14,18,17,0,49,2,0,2,51
01/06/2021,RAP,SD,AGL,WE,Federal Contract Tower,15,20,11,4,50,0,3,33,18,54,15,23,44,22,104,62,2,64,168
01/08/2021,RAP,SD,AGL,WE,Federal Contract Tower,15,21,17,2,55,0,0,0,0,0,15,21,17,2,55,0,0,0,55
01/09/2021,RAP,SD,AGL,WE,Federal Contract Tower,13,16,8,0,37,0,2,1,0,3,13,18,9,0,40,0,0,0,40
01/10/2021,RAP,SD,AGL,WE,Federal Contract Tower,15,13,14,0,42,0,0,22,0,22,15,13,36,0,64,52,0,52,116
01/11/2021,RAP,SD,AGL,WE,Federal Contract Tower,17,10,20,0,47,0,2,16,0,18,17,12,36,0,65,8,0,8,73
01/12/2021,RAP,SD,AGL,WE,Federal Contract Tower,10,18,19,1,48,0,4,26,14,44,10,22,45,15,92,50,14,64,156
01/13/2021,RAP,SD,AGL,WE,Federal Contract Tower,17,15,18,0,50,0,1,16,1,18,17,16,34,1,68,18,1,19,87
01/14/2021,RAP,SD,AGL,WE,Federal Contract Tower,9,22,5,0,36,0,0,0,0,0,9,22,5,0,36,0,0,0,36
01/15/2021,RAP,SD,AGL,WE,Federal Contract Tower,19,17,12,1,49,0,4,3,0,7,19,21,15,1,56,8,0,8,64
01/16/2021,RAP,SD,AGL,WE,Federal Contract Tower,15,15,3,1,34,0,0,5,0,5,15,15,8,1,39,0,0,0,39
01/17/2021,RAP,SD,AGL,WE,Federal Contract Tower,15,14,8,0,37,0,1,23,0,24,15,15,31,0,61,18,0,18,79
01/18/2021,RAP,SD,AGL,WE,Federal Contract Tower,18,22,8,1,49,0,2,4,2,8,18,24,12,3,57,0,0,0,57
01/19/2021,RAP,SD,AGL,WE,Federal Contract Tower,11,23,2,0,36,0,1,14,0,15,11,24,16,0,51,26,0,26,77
01/20/2021,RAP,SD,AGL,WE,Federal Contract Tower,12,26,10,1,49,0,0,32,16,48,12,26,42,17,97,26,8,34,131
01/21/2021,RAP,SD,AGL,WE,Federal Contract Tower,21,19,15,2,57,0,5,36,15,56,21,24,51,17,113,38,14,52,165
01/22/2021,RAP,SD,AGL,WE,Federal Contract Tower,20,20,9,0,49,0,1,18,7,26,20,21,27,7,75,40,0,40,115
01/23/2021,RAP,SD,AGL,WE,Federal Contract Tower,12,16,6,0,34,0,0,4,0,4,12,16,10,0,38,22,0,22,60
01/24/2021,RAP,SD,AGL,WE,Federal Contract Tower,16,12,8,0,36,0,0,4,0,4,16,12,12,0,40,10,0,10,50
01/25/2021,RAP,SD,AGL,WE,Federal Contract Tower,16,9,5,2,32,0,0,0,0,0,16,9,5,2,32,0,0,0,32
01/26/2021,RAP,SD,AGL,WE,Federal Contract Tower,10,22,18,2,52,0,0,0,0,0,10,22,18,2,52,0,0,0,52
01/27/2021,RAP,SD,AGL,WE,Federal Contract Tower,10,24,17,1,52,0,0,46,20,66,10,24,63,21,118,66,8,74,192
01/28/2021,RAP,SD,AGL,WE,Federal Contract Tower,18,14,15,3,50,0,0,31,17,48,18,14,46,20,98,22,10,32,130
01/29/2021,RAP,SD,AGL,WE,Federal Contract Tower,21,21,19,0,61,0,3,23,7,33,21,24,42,7,94,18,4,22,116
01/30/2021,RAP,SD,AGL,WE,Federal Contract Tower,9,25,7,0,41,0,0,3,0,3,9,25,10,0,44,0,0,0,44
01/31/2021,RAP,SD,AGL,WE,Federal Contract Tower,15,13,19,0,47,0,1,50,0,51,15,14,69,0,98,42,0,42,140
02/01/2021,RAP,SD,AGL,WE,Federal Contract Tower,18,12,8,0,38,0,3,25,0,28,18,15,33,0,66,16,0,16,82
02/02/2021,RAP,SD,AGL,WE,Federal Contract Tower,10,20,7,1,38,0,2,35,18,55,10,22,42,19,93,12,8,20,113
02/03/2021,RAP,SD,AGL,WE,Federal Contract Tower,15,24,9,0,48,0,2,9,1,12,15,26,18,1,60,2,0,2,62
02/04/2021,RAP,SD,AGL,WE,Federal Contract Tower,15,20,13,3,51,0,1,22,14,37,15,21,35,17,88,20,22,42,130
02/05/2021,RAP,SD,AGL,WE,Federal Contract Tower,24,22,21,6,73,0,0,9,3,12,24,22,30,9,85,16,0,16,101
02/06/2021,RAP,SD,AGL,WE,Federal Contract Tower,13,22,9,1,45,0,1,1,8,10,13,23,10,9,55,0,44,44,99
02/07/2021,RAP,SD,AGL,WE,Federal Contract Tower,17,9,8,0,34,0,0,0,0,0,17,9,8,0,34,0,0,0,34
02/08/2021,RAP,SD,AGL,WE,Federal Contract Tower,12,13,3,0,28,0,0,4,1,5,12,13,7,1,33,0,6,6,39
02/09/2021,RAP,SD,AGL,WE,Federal Contract Tower,11,21,10,2,44,0,1,3,2,6,11,22,13,4,50,0,4,4,54
02/10/2021,RAP,SD,AGL,WE,Federal Contract Tower,19,28,5,2,54,0,1,2,0,3,19,29,7,2,57,0,0,0,57
02/11/2021,RAP,SD,AGL,WE,Federal Contract Tower,16,15,8,0,39,0,0,0,0,0,16,15,8,0,39,6,0,6,45
02/12/2021,RAP,SD,AGL,WE,Federal Contract Tower,18,30,17,0,65,0,0,0,0,0,18,30,17,0,65,0,0,0,65
02/13/2021,RAP,SD,AGL,WE,Federal Contract Tower,16,11,9,0,36,0,1,5,0,6,16,12,14,0,42,30,0,30,72
02/14/2021,RAP,SD,AGL,WE,Federal Contract Tower,14,8,8,0,30,0,0,2,0,2,14,8,10,0,32,0,0,0,32
02/15/2021,RAP,SD,AGL,WE,Federal Contract Tower,12,17,11,0,40,0,1,11,0,12,12,18,22,0,52,14,0,14,66
02/16/2021,RAP,SD,AGL,WE,Federal Contract Tower,12,18,11,0,41,0,1,6,0,7,12,19,17,0,48,6,0,6,54
02/17/2021,RAP,SD,AGL,WE,Federal Contract Tower,15,25,25,0,65,0,1,6,9,16,15,26,31,9,81,4,28,32,113
02/18/2021,RAP,SD,AGL,WE,Federal Contract Tower,13,20,21,4,58,0,0,22,12,34,13,20,43,16,92,42,4,46,138
02/19/2021,RAP,SD,AGL,WE,Federal Contract Tower,13,29,13,2,57,0,1,29,2,32,13,30,42,4,89,52,2,54,143
02/20/2021,RAP,SD,AGL,WE,Federal Contract Tower,16,15,12,0,43,0,1,36,0,37,16,16,48,0,80,92,0,92,172
02/21/2021,RAP,SD,AGL,WE,Federal Contract Tower,20,11,11,0,42,0,1,36,0,37,20,12,47,0,79,76,0,76,155
02/22/2021,RAP,SD,AGL,WE,Federal Contract Tower,14,20,5,1,40,0,1,11,1,13,14,21,16,2,53,2,0,2,55
02/23/2021,RAP,SD,AGL,WE,Federal Contract Tower,13,20,13,2,48,0,0,7,17,24,13,20,20,19,72,2,8,10,82
02/24/2021,RAP,SD,AGL,WE,Federal Contract Tower,19,16,18,1,54,0,0,38,16,54,19,16,56,17,108,46,12,58,166
02/25/2021,RAP,SD,AGL,WE,Federal Contract Tower,11,25,24,2,62,0,1,40,14,55,11,26,64,16,117,32,4,36,153
02/26/2021,RAP,SD,AGL,WE,Federal Contract Tower,16,26,17,4,63,0,3,30,4,37,16,29,47,8,100,26,2,28,128
02/27/2021,RAP,SD,AGL,WE,Federal Contract Tower,12,21,10,0,43,0,0,17,4,21,12,21,27,4,64,30,0,30,94
02/28/2021,RAP,SD,AGL,WE,Federal Contract Tower,18,13,10,0,41,0,2,20,2,24,18,15,30,2,65,10,0,10,75
03/01/2021,RAP,SD,AGL,WE,Federal Contract Tower,16,15,12,1,44,0,2,27,1,30,16,17,39,2,74,12,0,12,86
03/03/2021,RAP,SD,AGL,WE,Federal Contract Tower,17,21,16,4,58,0,0,38,0,38,17,21,54,4,96,124,0,124,220
03/04/2021,RAP,SD,AGL,WE,Federal Contract Tower,15,24,16,1,56,0,0,41,5,46,15,24,57,6,102,84,0,84,186
03/05/2021,RAP,SD,AGL,WE,Federal Contract Tower,13,23,23,0,59,0,1,35,2,38,13,24,58,2,97,62,0,62,159
03/06/2021,RAP,SD,AGL,WE,Federal Contract Tower,19,11,16,2,48,0,0,22,0,22,19,11,38,2,70,4,0,4,74
03/07/2021,RAP,SD,AGL,WE,Federal Contract Tower,14,15,9,0,38,0,4,37,5,46,14,19,46,5,84,60,1,61,145
03/08/2021,RAP,SD,AGL,WE,Federal Contract Tower,10,25,18,0,53,0,0,29,0,29,10,25,47,0,82,70,0,70,152
03/09/2021,RAP,SD,AGL,WE,Federal Contract Tower,13,22,15,1,51,0,0,10,1,11,13,22,25,2,62,6,0,6,68
03/10/2021,RAP,SD,AGL,WE,Federal Contract Tower,14,25,11,4,54,0,0,0,0,0,14,25,11,4,54,0,0,0,54
03/11/2021,RAP,SD,AGL,WE,Federal Contract Tower,22,19,13,2,56,0,1,44,11,56,22,20,57,13,112,76,0,76,188
03/12/2021,RAP,SD,AGL,WE,Federal Contract Tower,21,19,23,6,69,0,0,21,0,21,21,19,44,6,90,52,0,52,142
03/13/2021,RAP,SD,AGL,WE,Federal Contract Tower,13,20,16,2,51,0,0,26,9,35,13,20,42,11,86,22,6,28,114
03/14/2021,RAP,SD,AGL,WE,Federal Contract Tower,11,6,4,0,21,0,0,1,0,1,11,6,5,0,22,0,0,0,22
03/15/2021,RAP,SD,AGL,WE,Federal Contract Tower,11,13,7,0,31,0,0,0,0,0,11,13,7,0,31,0,0,0,31
03/16/2021,RAP,SD,AGL,WE,Federal Contract Tower,11,35,11,2,59,0,2,10,6,18,11,37,21,8,77,38,2,40,117
03/17/2021,RAP,SD,AGL,WE,Federal Contract Tower,15,29,16,2,62,0,1,16,24,41,15,30,32,26,103,80,14,94,197
03/18/2021,RAP,SD,AGL,WE,Federal Contract Tower,21,21,20,0,62,0,0,26,17,43,21,21,46,17,105,32,4,36,141
03/19/2021,RAP,SD,AGL,WE,Federal Contract Tower,23,22,21,4,70,0,0,20,7,27,23,22,41,11,97,12,4,16,113
03/20/2021,RAP,SD,AGL,WE,Federal Contract Tower,13,23,11,0,47,0,1,37,0,38,13,24,48,0,85,80,0,80,165
03/21/2021,RAP,SD,AGL,WE,Federal Contract Tower,13,14,19,2,48,0,2,24,0,26,13,16,43,2,74,18,0,18,92
03/22/2021,RAP,SD,AGL,WE,Federal Contract Tower,12,21,12,0,45,0,1,24,1,26,12,22,36,1,71,52,0,52,123
03/23/2021,RAP,SD,AGL,WE,Federal Contract Tower,11,29,22,3,65,0,2,3,13,18,11,31,25,16,83,0,38,38,121
03/24/2021,RAP,SD,AGL,WE,Federal Contract Tower,15,27,25,0,67,0,0,29,23,52,15,27,54,23,119,72,10,82,201
03/25/2021,RAP,SD,AGL,WE,Federal Contract Tower,20,15,14,1,50,0,0,0,13,13,20,15,14,14,63,24,0,24,87
03/26/2021,RAP,SD,AGL,WE,Federal Contract Tower,16,23,29,0,68,0,1,14,4,19,16,24,43,4,87,0,0,0,87
03/27/2021,RAP,SD,AGL,WE,Federal Contract Tower,15,24,19,0,58,0,1,16,0,17,15,25,35,0,75,0,0,0,75
03/28/2021,RAP,SD,AGL,WE,Federal Contract Tower,12,19,16,0,47,0,3,31,0,34,12,22,47,0,81,14,0,14,95
03/29/2021,RAP,SD,AGL,WE,Federal Contract Tower,12,13,7,0,32,0,3,5,4,12,12,16,12,4,44,0,0,0,44
03/30/2021,RAP,SD,AGL,WE,Federal Contract Tower,13,27,25,0,65,9,2,24,4,39,22,29,49,4,104,10,0,10,114
03/31/2021,RAP,SD,AGL,WE,Federal Contract Tower,15,31,9,0,55,1,2,39,12,54,16,33,48,12,109,66,0,66,175
04/01/2021,RAP,SD,AGL,WE,Federal Contract Tower,22,17,22,0,61,0,0,23,20,43,22,17,45,20,104,16,4,20,124
04/02/2021,RAP,SD,AGL,WE,Federal Contract Tower,13,31,13,0,57,0,1,15,2,18,13,32,28,2,75,6,0,6,81
04/03/2021,RAP,SD,AGL,WE,Federal Contract Tower,13,23,9,0,45,2,2,40,2,46,15,25,49,2,91,108,0,108,199
04/04/2021,RAP,SD,AGL,WE,Federal Contract Tower,20,9,2,0,31,11,5,38,0,54,31,14,40,0,85,38,0,38,123
04/05/2021,RAP,SD,AGL,WE,Federal Contract Tower,14,19,22,0,55,8,2,13,0,23,22,21,35,0,78,0,0,0,78
04/06/2021,RAP,SD,AGL,WE,Federal Contract Tower,11,28,14,0,53,0,0,1,6,7,11,28,15,6,60,0,26,26,86
04/07/2021,RAP,SD,AGL,WE,Federal Contract Tower,11,31,27,1,70,0,2,30,24,56,11,33,57,25,126,52,12,64,190
04/08/2021,RAP,SD,AGL,WE,Federal Contract Tower,13,29,10,0,52,0,0,52,20,72,13,29,62,20,124,66,57,123,247
04/09/2021,RAP,SD,AGL,WE,Federal Contract Tower,12,32,10,0,54,0,1,6,1,8,12,33,16,1,62,4,0,4,66
04/10/2021,RAP,SD,AGL,WE,Federal Contract Tower,9,25,8,2,44,0,4,44,2,50,9,29,52,4,94,102,8,110,204
04/11/2021,RAP,SD,AGL,WE,Federal Contract Tower,15,21,5,0,41,2,1,9,8,20,17,22,14,8,61,2,0,2,63
04/12/2021,RAP,SD,AGL,WE,Federal Contract Tower,11,28,16,1,56,0,2,6,2,10,11,30,22,3,66,0,0,0,66
04/13/2021,RAP,SD,AGL,WE,Federal Contract Tower,10,27,18,2,57,0,0,2,4,6,10,27,20,6,63,0,0,0,63
04/14/2021,RAP,SD,AGL,WE,Federal Contract Tower,18,23,17,4,62,0,0,22,12,34,18,23,39,16,96,72,2,74,170
04/15/2021,RAP,SD,AGL,WE,Federal Contract Tower,14,28,9,0,51,0,0,0,0,0,14,28,9,0,51,0,0,0,51
04/16/2021,RAP,SD,AGL,WE,Federal Contract Tower,11,26,13,0,50,0,0,0,0,0,11,26,13,0,50,0,0,0,50
04/17/2021,RAP,SD,AGL,WE,Federal Contract Tower,12,19,20,2,53,0,0,31,2,33,12,19,51,4,86,38,0,38,124
04/18/2021,RAP,SD,AGL,WE,Federal Contract Tower,10,25,10,0,45,0,2,20,0,22,10,27,30,0,67,62,0,62,129
04/19/2021,RAP,SD,AGL,WE,Federal Contract Tower,11,23,17,2,53,0,0,0,0,0,11,23,17,2,53,0,0,0,53
04/20/2021,RAP,SD,AGL,WE,Federal Contract Tower,14,33,17,0,64,0,0,3,0,3,14,33,20,0,67,16,0,16,83
04/21/2021,RAP,SD,AGL,WE,Federal Contract Tower,17,27,27,1,72,0,0,47,14,61,17,27,74,15,133,74,15,89,222
04/22/2021,RAP,SD,AGL,WE,Federal Contract Tower,11,33,26,3,73,0,1,35,9,45,11,34,61,12,118,44,20,64,182
04/23/2021,RAP,SD,AGL,WE,Federal Contract Tower,14,29,25,0,68,0,0,6,0,6,14,29,31,0,74,0,0,0,74
04/24/2021,RAP,SD,AGL,WE,Federal Contract Tower,8,29,11,1,49,0,0,15,2,17,8,29,26,3,66,26,0,26,92
04/25/2021,RAP,SD,AGL,WE,Federal Contract Tower,9,27,17,1,54,0,2,25,0,27,9,29,42,1,81,84,0,84,165
04/26/2021,RAP,SD,AGL,WE,Federal Contract Tower,16,20,19,0,55,0,0,31,1,32,16,20,50,1,87,50,0,50,137
04/27/2021,RAP,SD,AGL,WE,Federal Contract Tower,12,32,14,0,58,0,0,3,2,5,12,32,17,2,63,0,0,0,63
04/29/2021,RAP,SD,AGL,WE,Federal Contract Tower,10,26,26,2,64,0,3,56,16,75,10,29,82,18,139,40,0,40,179
04/30/2021,RAP,SD,AGL,WE,Federal Contract Tower,18,25,21,2,66,0,1,43,13,57,18,26,64,15,123,94,0,94,217
05/01/2021,RAP,SD,AGL,WE,Federal Contract Tower,10,23,12,0,45,6,1,32,23,62,16,24,44,23,107,50,4,54,161
05/02/2021,RAP,SD,AGL,WE,Federal Contract Tower,10,20,11,0,41,0,0,13,4,17,10,20,24,4,58,0,0,0,58
05/03/2021,RAP,SD,AGL,WE,Federal Contract Tower,9,24,20,0,53,0,1,18,2,21,9,25,38,2,74,74,0,74,148
05/04/2021,RAP,SD,AGL,WE,Federal Contract Tower,8,35,24,3,70,0,0,23,4,27,8,35,47,7,97,36,0,36,133
05/05/2021,RAP,SD,AGL,WE,Federal Contract Tower,11,33,22,3,69,0,0,15,8,23,11,33,37,11,92,16,8,24,116
05/06/2021,RAP,SD,AGL,WE,Federal Contract Tower,22,25,25,1,73,7,1,42,9,59,29,26,67,10,132,90,6,96,228
05/07/2021,RAP,SD,AGL,WE,Federal Contract Tower,27,24,25,1,77,0,2,32,2,36,27,26,57,3,113,26,4,30,143
05/08/2021,RAP,SD,AGL,WE,Federal Contract Tower,28,16,9,1,54,0,0,5,3,8,28,16,14,4,62,16,0,16,78
05/09/2021,RAP,SD,AGL,WE,Federal Contract Tower,25,18,12,2,57,0,0,3,2,5,25,18,15,4,62,12,2,14,76
05/10/2021,RAP,SD,AGL,WE,Federal Contract Tower,28,20,14,0,62,0,0,13,0,13,28,20,27,0,75,30,0,30,105
05/11/2021,RAP,SD,AGL,WE,Federal Contract Tower,24,21,26,0,71,0,2,25,0,27,24,23,51,0,98,60,0,60,158
05/12/2021,RAP,SD,AGL,WE,Federal Contract Tower,24,20,16,0,60,0,0,19,13,32,24,20,35,13,92,18,2,20,112
05/13/2021,RAP,SD,AGL,WE,Federal Contract Tower,34,15,21,0,70,0,0,38,5,43,34,15,59,5,113,50,2,52,165
05/14/2021,RAP,SD,AGL,WE,Federal Contract Tower,24,25,25,3,77,0,1,37,9,47,24,26,62,12,124,76,0,76,200
05/15/2021,RAP,SD,AGL,WE,Federal Contract Tower,29,12,17,1,59,0,1,31,26,58,29,13,48,27,117,12,0,12,129
05/16/2021,RAP,SD,AGL,WE,Federal Contract Tower,24,15,18,0,57,0,2,12,0,14,24,17,30,0,71,46,0,46,117
05/17/2021,RAP,SD,AGL,WE,Federal Contract Tower,26,20,21,0,67,0,2,6,2,10,26,22,27,2,77,16,0,16,93
05/18/2021,RAP,SD,AGL,WE,Federal Contract Tower,24,25,25,1,75,0,3,24,0,27,24,28,49,1,102,32,0,32,134
05/19/2021,RAP,SD,AGL,WE,Federal Contract Tower,26,25,26,0,77,0,2,32,19,53,26,27,58,19,130,74,6,80,210
05/20/2021,RAP,SD,AGL,WE,Federal Contract Tower,26,19,21,5,71,0,3,27,19,49,26,22,48,24,120,54,12,66,186
05/21/2021,RAP,SD,AGL,WE,Federal Contract Tower,26,36,33,2,97,0,0,8,4,12,26,36,41,6,109,0,0,0,109
05/22/2021,RAP,SD,AGL,WE,Federal Contract Tower,30,21,19,0,70,0,0,9,1,10,30,21,28,1,80,34,0,34,114
05/23/2021,RAP,SD,AGL,WE,Federal Contract Tower,29,10,7,1,47,0,0,1,0,1,29,10,8,1,48,0,0,0,48
05/24/2021,RAP,SD,AGL,WE,Federal Contract Tower,25,18,13,0,56,0,3,26,4,33,25,21,39,4,89,24,0,24,113
05/25/2021,RAP,SD,AGL,WE,Federal Contract Tower,23,25,28,0,76,0,1,37,4,42,23,26,65,4,118,46,0,46,164
05/26/2021,RAP,SD,AGL,WE,Federal Contract Tower,27,28,18,2,75,0,1,9,25,35,27,29,27,27,110,0,18,18,128
05/27/2021,RAP,SD,AGL,WE,Federal Contract Tower,25,35,38,0,98,0,0,0,10,10,25,35,38,10,108,0,28,28,136
05/28/2021,RAP,SD,AGL,WE,Federal Contract Tower,30,34,17,0,81,0,2,16,1,19,30,36,33,1,100,10,0,10,110
05/29/2021,RAP,SD,AGL,WE,Federal Contract Tower,34,15,11,0,60,0,0,21,0,21,34,15,32,0,81,4,0,4,85
05/30/2021,RAP,SD,AGL,WE,Federal Contract Tower,32,13,20,0,65,0,2,40,0,42,32,15,60,0,107,100,0,100,207
05/31/2021,RAP,SD,AGL,WE,Federal Contract Tower,29,10,19,0,58,0,2,32,0,34,29,12,51,0,92,30,0,30,122
06/01/2021,RAP,SD,AGL,WE,Federal Contract Tower,24,18,24,1,67,0,1,43,2,46,24,19,67,3,113,40,0,40,153
06/02/2021,RAP,SD,AGL,WE,Federal Contract Tower,25,24,25,2,76,0,7,34,9,50,25,31,59,11,126,84,2,86,212
06/03/2021,RAP,SD,AGL,WE,Federal Contract Tower,33,19,28,5,85,0,1,43,28,72,33,20,71,33,157,56,0,56,213
06/04/2021,RAP,SD,AGL,WE,Federal Contract Tower,35,27,25,0,87,0,2,53,0,55,35,29,78,0,142,30,0,30,172
06/05/2021,RAP,SD,AGL,WE,Federal Contract Tower,40,23,19,0,82,0,0,24,4,28,40,23,43,4,110,24,0,24,134
06/06/2021,RAP,SD,AGL,WE,Federal Contract Tower,37,13,21,0,71,0,0,46,0,46,37,13,67,0,117,30,0,30,147
06/07/2021,RAP,SD,AGL,WE,Federal Contract Tower,37,22,26,3,88,0,0,23,0,23,37,22,49,3,111,46,0,46,157
06/08/2021,RAP,SD,AGL,WE,Federal Contract Tower,32,25,30,0,87,0,2,41,0,43,32,27,71,0,130,20,0,20,150
06/09/2021,RAP,SD,AGL,WE,Federal Contract Tower,38,27,31,0,96,0,5,60,15,80,38,32,91,15,176,60,2,62,238
06/10/2021,RAP,SD,AGL,WE,Federal Contract Tower,37,24,22,0,83,1,0,48,8,57,38,24,70,8,140,56,0,56,196
06/11/2021,RAP,SD,AGL,WE,Federal Contract Tower,35,23,28,0,86,0,2,43,0,45,35,25,71,0,131,42,2,44,175
06/12/2021,RAP,SD,AGL,WE,Federal Contract Tower,48,21,15,0,84,0,1,42,0,43,48,22,57,0,127,98,2,100,227
06/13/2021,RAP,SD,AGL,WE,Federal Contract Tower,41,11,22,2,76,0,1,27,6,34,41,12,49,8,110,36,0,36,146
06/14/2021,RAP,SD,AGL,WE,Federal Contract Tower,37,19,27,0,83,0,1,51,6,58,37,20,78,6,141,50,0,50,191
06/15/2021,RAP,SD,AGL,WE,Federal Contract Tower,36,25,21,1,83,1,3,44,8,56,37,28,65,9,139,10,0,10,149
06/16/2021,RAP,SD,AGL,WE,Federal Contract Tower,36,31,27,2,96,0,10,12,5,27,36,41,39,7,123,0,0,0,123
06/17/2021,RAP,SD,AGL,WE,Federal Contract Tower,36,29,28,0,93,1,0,42,13,56,37,29,70,13,149,56,2,58,207
06/18/2021,RAP,SD,AGL,WE,Federal Contract Tower,39,26,35,0,100,0,1,58,6,65,39,27,93,6,165,48,0,48,213
06/19/2021,RAP,SD,AGL,WE,Federal Contract Tower,41,17,21,0,79,0,0,27,3,30,41,17,48,3,109,6,0,6,115
06/20/2021,RAP,SD,AGL,WE,Federal Contract Tower,36,26,23,0,85,0,3,9,2,14,36,29,32,2,99,0,0,0,99
06/21/2021,RAP,SD,AGL,WE,Federal Contract Tower,37,23,26,1,87,0,1,42,9,52,37,24,68,10,139,30,1,31,170
06/22/2021,RAP,SD,AGL,WE,Federal Contract Tower,35,30,31,0,96,0,2,82,2,86,35,32,113,2,182,60,1,61,243
06/23/2021,RAP,SD,AGL,WE,Federal Contract Tower,35,27,21,2,85,0,7,33,0,40,35,34,54,2,125,64,0,64,189
06/24/2021,RAP,SD,AGL,WE,Federal Contract Tower,36,22,25,0,83,0,0,21,1,22,36,22,46,1,105,12,0,12,117
06/25/2021,RAP,SD,AGL,WE,Federal Contract Tower,38,26,21,2,87,0,0,11,3,14,38,26,32,5,101,20,0,20,121
06/26/2021,RAP,SD,AGL,WE,Federal Contract Tower,46,26,19,0,91,0,0,27,3,30,46,26,46,3,121,36,0,36,157
06/27/2021,RAP,SD,AGL,WE,Federal Contract Tower,41,7,16,0,64,0,1,23,0,24,41,8,39,0,88,2,0,2,90
06/28/2021,RAP,SD,AGL,WE,Federal Contract Tower,35,23,32,4,94,0,1,52,0,53,35,24,84,4,147,52,0,52,199
06/29/2021,RAP,SD,AGL,WE,Federal Contract Tower,33,24,17,1,75,0,4,50,4,58,33,28,67,5,133,50,0,50,183
06/30/2021,RAP,SD,AGL,WE,Federal Contract Tower,34,18,32,5,89,0,2,44,16,62,34,20,76,21,151,96,8,104,255
07/01/2021,RAP,SD,AGL,WE,Federal Contract Tower,39,23,25,4,91,0,3,42,14,59,39,26,67,18,150,60,0,60,210
07/02/2021,RAP,SD,AGL,WE,Federal Contract Tower,36,31,23,0,90,0,4,23,2,29,36,35,46,2,119,4,0,4,123
07/03/2021,RAP,SD,AGL,WE,Federal Contract Tower,40,34,19,0,93,5,6,38,0,49,45,40,57,0,142,12,0,12,154
07/04/2021,RAP,SD,AGL,WE,Federal Contract Tower,39,23,13,1,76,0,1,20,3,24,39,24,33,4,100,0,0,0,100
07/05/2021,RAP,SD,AGL,WE,Federal Contract Tower,42,22,23,0,87,0,1,25,0,26,42,23,48,0,113,4,0,4,117
07/06/2021,RAP,SD,AGL,WE,Federal Contract Tower,35,33,25,0,93,0,3,33,0,36,35,36,58,0,129,50,0,50,179
07/07/2021,RAP,SD,AGL,WE,Federal Contract Tower,38,28,36,3,105,0,3,28,12,43,38,31,64,15,148,40,12,52,200
07/08/2021,RAP,SD,AGL,WE,Federal Contract Tower,36,26,33,4,99,0,7,22,19,48,36,33,55,23,147,28,0,28,175
07/09/2021,RAP,SD,AGL,WE,Federal Contract Tower,37,34,35,1,107,0,1,52,1,54,37,35,87,2,161,62,0,62,223
07/10/2021,RAP,SD,AGL,WE,Federal Contract Tower,50,24,14,0,88,0,2,66,0,68,50,26,80,0,156,44,0,44,200
07/12/2021,RAP,SD,AGL,WE,Federal Contract Tower,37,23,21,3,84,0,1,32,1,34,37,24,53,4,118,46,0,46,164
07/13/2021,RAP,SD,AGL,WE,Federal Contract Tower,35,24,24,8,91,0,3,56,9,68,35,27,80,17,159,144,2,146,305
07/14/2021,RAP,SD,AGL,WE,Federal Contract Tower,37,25,17,7,86,0,2,25,12,39,37,27,42,19,125,60,12,72,197
07/15/2021,RAP,SD,AGL,WE,Federal Contract Tower,37,24,29,11,101,0,3,34,6,43,37,27,63,17,144,66,4,70,214
07/16/2021,RAP,SD,AGL,WE,Federal Contract Tower,42,17,25,2,86,0,1,25,0,26,42,18,50,2,112,54,0,54,166
07/17/2021,RAP,SD,AGL,WE,Federal Contract Tower,55,23,20,1,99,4,2,40,4,50,59,25,60,5,149,78,0,78,227
07/18/2021,RAP,SD,AGL,WE,Federal Contract Tower,39,27,26,1,93,0,6,41,0,47,39,33,67,1,140,48,0,48,188
07/19/2021,RAP,SD,AGL,WE,Federal Contract Tower,38,31,23,0,92,2,5,40,0,47,40,36,63,0,139,99,0,99,238
07/20/2021,RAP,SD,AGL,WE,Federal Contract Tower,39,28,37,0,104,0,1,36,3,40,39,29,73,3,144,68,0,68,212
07/21/2021,RAP,SD,AGL,WE,Federal Contract Tower,40,23,21,1,85,0,2,37,18,57,40,25,58,19,142,42,4,46,188
07/22/2021,RAP,SD,AGL,WE,Federal Contract Tower,43,34,20,2,99,0,0,53,9,62,43,34,73,11,161,40,0,40,201
07/23/2021,RAP,SD,AGL,WE,Federal Contract Tower,39,35,32,0,106,0,5,36,2,43,39,40,68,2,149,36,0,36,185
07/24/2021,RAP,SD,AGL,WE,Federal Contract Tower,51,25,29,0,105,0,15,45,2,62,51,40,74,2,167,104,2,106,273
07/25/2021,RAP,SD,AGL,WE,Federal Contract Tower,39,26,30,0,95,0,10,36,1,47,39,36,66,1,142,58,0,58,200
07/26/2021,RAP,SD,AGL,WE,Federal Contract Tower,38,21,28,0,87,0,2,35,2,39,38,23,63,2,126,78,0,78,204
07/27/2021,RAP,SD,AGL,WE,Federal Contract Tower,35,31,17,4,87,3,6,34,0,43,38,37,51,4,130,60,4,64,194
07/28/2021,RAP,SD,AGL,WE,Federal Contract Tower,39,24,30,2,95,0,2,45,12,59,39,26,75,14,154,24,0,24,178
07/29/2021,RAP,SD,AGL,WE,Federal Contract Tower,38,31,24,2,95,0,0,42,12,54,38,31,66,14,149,56,10,66,215
07/30/2021,RAP,SD,AGL,WE,Federal Contract Tower,39,40,42,0,121,0,0,0,0,0,39,40,42,0,121,0,0,0,121
07/31/2021,RAP,SD,AGL,WE,Federal Contract Tower,49,41,53,4,147,3,12,14,0,29,52,53,67,4,176,4,0,4,180
08/01/2021,RAP,SD,AGL,WE,Federal Contract Tower,39,19,31,4,93,0,21,53,2,76,39,40,84,6,169,112,0,112,281
08/02/2021,RAP,SD,AGL,WE,Federal Contract Tower,40,30,43,3,116,0,5,54,1,60,40,35,97,4,176,70,8,78,254
08/03/2021,RAP,SD,AGL,WE,Federal Contract Tower,37,25,24,0,86,0,2,41,8,51,37,27,65,8,137,78,6,84,221
08/04/2021,RAP,SD,AGL,WE,Federal Contract Tower,51,31,30,1,113,0,1,41,19,61,51,32,71,20,174,47,0,47,221
08/05/2021,RAP,SD,AGL,WE,Federal Contract Tower,41,31,31,4,107,0,1,39,14,54,41,32,70,18,161,56,0,56,217
08/06/2021,RAP,SD,AGL,WE,Federal Contract Tower,48,24,32,2,106,0,4,39,2,45,48,28,71,4,151,10,0,10,161
08/07/2021,RAP,SD,AGL,WE,Federal Contract Tower,56,22,37,3,118,0,12,45,3,60,56,34,82,6,178,42,10,52,230
08/08/2021,RAP,SD,AGL,WE,Federal Contract Tower,42,18,29,0,89,0,3,48,2,53,42,21,77,2,142,104,0,104,246
08/09/2021,RAP,SD,AGL,WE,Federal Contract Tower,39,23,25,0,87,0,1,31,0,32,39,24,56,0,119,14,2,16,135
08/10/2021,RAP,SD,AGL,WE,Federal Contract Tower,35,23,28,1,87,0,1,44,2,47,35,24,72,3,134,40,0,40,174
08/11/2021,RAP,SD,AGL,WE,Federal Contract Tower,50,28,29,1,108,0,3,54,13,70,50,31,83,14,178,96,0,96,274
08/12/2021,RAP,SD,AGL,WE,Federal Contract Tower,44,23,29,3,99,0,2,33,16,51,44,25,62,19,150,24,11,35,185
08/13/2021,RAP,SD,AGL,WE,Federal Contract Tower,41,33,36,1,111,0,2,83,2,87,41,35,119,3,198,117,0,117,315
08/14/2021,RAP,SD,AGL,WE,Federal Contract Tower,60,18,22,0,100,0,3,42,0,45,60,21,64,0,145,58,0,58,203
08/15/2021,RAP,SD,AGL,WE,Federal Contract Tower,40,31,19,7,97,0,4,49,0,53,40,35,68,7,150,52,28,80,230
08/16/2021,RAP,SD,AGL,WE,Federal Contract Tower,39,26,34,1,100,0,1,24,0,25,39,27,58,1,125,44,6,50,175
08/17/2021,RAP,SD,AGL,WE,Federal Contract Tower,33,28,31,0,92,0,1,25,1,27,33,29,56,1,119,10,0,10,129
08/18/2021,RAP,SD,AGL,WE,Federal Contract Tower,36,32,35,2,105,0,12,47,12,71,36,44,82,14,176,76,20,96,272
08/19/2021,RAP,SD,AGL,WE,Federal Contract Tower,45,21,25,3,94,0,0,12,4,16,45,21,37,7,110,32,0,32,142
08/20/2021,RAP,SD,AGL,WE,Federal Contract Tower,45,23,38,0,106,0,3,23,1,27,45,26,61,1,133,30,0,30,163
08/21/2021,RAP,SD,AGL,WE,Federal Contract Tower,45,25,25,0,95,0,5,49,2,56,45,30,74,2,151,132,0,132,283
08/22/2021,RAP,SD,AGL,WE,Federal Contract Tower,40,17,28,0,85,0,14,15,0,29,40,31,43,0,114,26,0,26,140
08/23/2021,RAP,SD,AGL,WE,Federal Contract Tower,38,14,31,0,83,0,2,31,0,33,38,16,62,0,116,46,0,46,162
08/24/2021,RAP,SD,AGL,WE,Federal Contract Tower,31,27,28,1,87,0,1,29,2,32,31,28,57,3,119,22,2,24,143
08/25/2021,RAP,SD,AGL,WE,Federal Contract Tower,35,28,28,0,91,0,2,44,0,46,35,30,72,0,137,98,1,99,236
08/26/2021,RAP,SD,AGL,WE,Federal Contract Tower,43,22,23,2,90,0,1,35,2,38,43,23,58,4,128,80,4,84,212
08/27/2021,RAP,SD,AGL,WE,Federal Contract Tower,38,26,26,2,92,0,2,33,0,35,38,28,59,2,127,20,0,20,147
08/28/2021,RAP,SD,AGL,WE,Federal Contract Tower,42,20,14,1,77,0,0,21,1,22,42,20,35,2,99,32,0,32,131
08/29/2021,RAP,SD,AGL,WE,Federal Contract Tower,41,18,28,0,87,0,1,37,0,38,41,19,65,0,125,44,0,44,169
08/30/2021,RAP,SD,AGL,WE,Federal Contract Tower,37,16,29,0,82,0,0,19,0,19,37,16,48,0,101,4,0,4,105
08/31/2021,RAP,SD,AGL,WE,Federal Contract Tower,35,28,20,0,83,0,1,29,0,30,35,29,49,0,113,22,0,22,135
09/01/2021,RAP,SD,AGL,WE,Federal Contract Tower,37,31,25,2,95,0,1,25,6,32,37,32,50,8,127,28,0,28,155
09/02/2021,RAP,SD,AGL,WE,Federal Contract Tower,42,23,28,6,99,0,2,30,9,41,42,25,58,15,140,30,14,44,184
09/03/2021,RAP,SD,AGL,WE,Federal Contract Tower,36,24,32,0,92,0,1,13,0,14,36,25,45,0,106,18,0,18,124
09/04/2021,RAP,SD,AGL,WE,Federal Contract Tower,40,15,19,0,74,0,1,41,0,42,40,16,60,0,116,30,0,30,146
09/05/2021,RAP,SD,AGL,WE,Federal Contract Tower,38,15,9,0,62,0,2,25,1,28,38,17,34,1,90,4,0,4,94
09/06/2021,RAP,SD,AGL,WE,Federal Contract Tower,38,12,17,0,67,0,7,30,0,37,38,19,47,0,104,30,0,30,134
09/07/2021,RAP,SD,AGL,WE,Federal Contract Tower,33,27,17,0,77,0,0,59,0,59,33,27,76,0,136,20,0,20,156
09/08/2021,RAP,SD,AGL,WE,Federal Contract Tower,26,30,20,3,79,0,2,39,16,57,26,32,59,19,136,68,4,72,208
09/09/2021,RAP,SD,AGL,WE,Federal Contract Tower,34,26,20,2,82,0,1,32,17,50,34,27,52,19,132,58,32,90,222
09/10/2021,RAP,SD,AGL,WE,Federal Contract Tower,34,27,24,4,89,0,2,25,19,46,34,29,49,23,135,6,18,24,159
09/11/2021,RAP,SD,AGL,WE,Federal Contract Tower,32,19,16,1,68,0,1,23,6,30,32,20,39,7,98,6,6,12,110
09/12/2021,RAP,SD,AGL,WE,Federal Contract Tower,34,9,24,0,67,0,1,18,0,19,34,10,42,0,86,6,0,6,92
09/13/2021,RAP,SD,AGL,WE,Federal Contract Tower,35,22,22,0,79,0,2,27,0,29,35,24,49,0,108,20,0,20,128
09/14/2021,RAP,SD,AGL,WE,Federal Contract Tower,33,23,30,12,98,0,1,39,0,40,33,24,69,12,138,84,0,84,222
09/15/2021,RAP,SD,AGL,WE,Federal Contract Tower,33,29,24,2,88,0,2,44,19,65,33,31,68,21,153,30,16,46,199
09/16/2021,RAP,SD,AGL,WE,Federal Contract Tower,39,22,13,1,75,7,7,30,14,58,46,29,43,15,133,10,22,32,165
09/17/2021,RAP,SD,AGL,WE,Federal Contract Tower,35,26,37,0,98,5,4,46,1,56,40,30,83,1,154,10,0,10,164
09/18/2021,RAP,SD,AGL,WE,Federal Contract Tower,32,23,21,0,76,0,2,26,1,29,32,25,47,1,105,12,0,12,117
09/19/2021,RAP,SD,AGL,WE,Federal Contract Tower,34,11,20,0,65,0,0,27,0,27,34,11,47,0,92,34,0,34,126
09/20/2021,RAP,SD,AGL,WE,Federal Contract Tower,45,17,41,0,103,0,2,2,4,8,45,19,43,4,111,4,0,4,115
09/21/2021,RAP,SD,AGL,WE,Federal Contract Tower,33,24,22,0,79,0,3,46,2,51,33,27,68,2,130,54,0,54,184
09/22/2021,RAP,SD,AGL,WE,Federal Contract Tower,33,19,34,1,87,0,6,50,19,75,33,25,84,20,162,42,23,65,227
09/23/2021,RAP,SD,AGL,WE,Federal Contract Tower,37,26,24,2,89,0,4,23,15,42,37,30,47,17,131,14,12,26,157
09/24/2021,RAP,SD,AGL,WE,Federal Contract Tower,34,33,48,0,115,0,1,42,0,43,34,34,90,0,158,32,0,32,190
09/25/2021,RAP,SD,AGL,WE,Federal Contract Tower,31,17,14,0,62,0,0,44,0,44,31,17,58,0,106,12,0,12,118
09/26/2021,RAP,SD,AGL,WE,Federal Contract Tower,35,14,27,0,76,0,1,29,0,30,35,15,56,0,106,22,0,22,128
09/27/2021,RAP,SD,AGL,WE,Federal Contract Tower,34,17,10,4,65,0,3,39,0,42,34,20,49,4,107,34,0,34,141
09/28/2021,RAP,SD,AGL,WE,Federal Contract Tower,34,21,22,0,77,0,21,28,0,49,34,42,50,0,126,22,0,22,148
09/29/2021,RAP,SD,AGL,WE,Federal Contract Tower,34,27,10,3,74,0,1,8,15,24,34,28,18,18,98,0,50,50,148
09/30/2021,RAP,SD,AGL,WE,Federal Contract Tower,37,23,21,3,84,0,0,24,24,48,37,23,45,27,132,18,34,52,184
10/01/2021,RAP,SD,AGL,WE,Federal Contract Tower,35,26,36,1,98,0,2,35,10,47,35,28,71,11,145,12,4,16,161
10/02/2021,RAP,SD,AGL,WE,Federal Contract Tower,31,21,21,1,74,0,1,31,14,46,31,22,52,15,120,50,0,50,170
10/03/2021,RAP,SD,AGL,WE,Federal Contract Tower,34,14,16,1,65,0,3,25,7,35,34,17,41,8,100,46,2,48,148
10/04/2021,RAP,SD,AGL,WE,Federal Contract Tower,37,18,27,0,82,0,2,36,0,38,37,20,63,0,120,0,0,0,120
10/05/2021,RAP,SD,AGL,WE,Federal Contract Tower,30,18,37,1,86,23,1,27,3,54,53,19,64,4,140,6,6,12,152
10/06/2021,RAP,SD,AGL,WE,Federal Contract Tower,29,16,26,0,71,7,3,15,11,36,36,19,41,11,107,32,12,44,151
10/07/2021,RAP,SD,AGL,WE,Federal Contract Tower,24,17,32,0,73,0,1,34,17,52,24,18,66,17,125,72,6,78,203
10/08/2021,RAP,SD,AGL,WE,Federal Contract Tower,23,13,27,0,63,0,1,39,3,43,23,14,66,3,106,46,0,46,152
10/09/2021,RAP,SD,AGL,WE,Federal Contract Tower,19,15,10,0,44,0,0,4,0,4,19,15,14,0,48,16,0,16,64
10/10/2021,RAP,SD,AGL,WE,Federal Contract Tower,24,11,27,0,62,0,2,28,0,30,24,13,55,0,92,18,0,18,110
10/11/2021,RAP,SD,AGL,WE,Federal Contract Tower,22,19,29,1,71,0,1,42,0,43,22,20,71,1,114,66,0,66,180
10/12/2021,RAP,SD,AGL,WE,Federal Contract Tower,23,17,16,0,56,0,0,0,0,0,23,17,16,0,56,0,0,0,56
10/13/2021,RAP,SD,AGL,WE,Federal Contract Tower,20,18,5,0,43,0,1,0,0,1,20,19,5,0,44,0,0,0,44
10/14/2021,RAP,SD,AGL,WE,Federal Contract Tower,22,17,31,3,73,0,3,33,17,53,22,20,64,20,126,60,22,82,208
10/15/2021,RAP,SD,AGL,WE,Federal Contract Tower,23,24,32,0,79,0,3,22,3,28,23,27,54,3,107,62,4,66,173
10/16/2021,RAP,SD,AGL,WE,Federal Contract Tower,18,19,22,0,59,0,1,39,9,49,18,20,61,9,108,66,4,70,178
10/17/2021,RAP,SD,AGL,WE,Federal Contract Tower,21,18,12,1,52,0,0,22,3,25,21,18,34,4,77,36,0,36,113
10/18/2021,RAP,SD,AGL,WE,Federal Contract Tower,23,17,30,0,70,0,0,44,2,46,23,17,74,2,116,70,0,70,186
10/19/2021,RAP,SD,AGL,WE,Federal Contract Tower,24,15,34,0,73,0,0,0,0,0,24,15,34,0,73,0,0,0,73
10/20/2021,RAP,SD,AGL,WE,Federal Contract Tower,21,30,19,0,70,0,0,13,16,29,21,30,32,16,99,16,22,38,137
10/22/2021,RAP,SD,AGL,WE,Federal Contract Tower,14,19,25,0,58,0,3,43,0,46,14,22,68,0,104,118,8,126,230
10/23/2021,RAP,SD,AGL,WE,Federal Contract Tower,20,20,14,1,55,0,0,7,1,8,20,20,21,2,63,6,0,6,69
10/24/2021,RAP,SD,AGL,WE,Federal Contract Tower,21,16,23,0,60,0,0,16,0,16,21,16,39,0,76,14,0,14,90
10/25/2021,RAP,SD,AGL,WE,Federal Contract Tower,21,15,28,0,64,0,1,12,0,13,21,16,40,0,77,10,0,10,87
10/26/2021,RAP,SD,AGL,WE,Federal Contract Tower,20,22,24,0,66,0,1,13,0,14,20,23,37,0,80,28,0,28,108
10/27/2021,RAP,SD,AGL,WE,Federal Contract Tower,22,20,26,5,73,0,1,23,4,28,22,21,49,9,101,28,16,44,145
10/28/2021,RAP,SD,AGL,WE,Federal Contract Tower,21,24,13,0,58,0,0,29,16,45,21,24,42,16,103,22,0,22,125
10/29/2021,RAP,SD,AGL,WE,Federal Contract Tower,19,20,22,1,62,0,0,44,0,44,19,20,66,1,106,76,0,76,182
10/30/2021,RAP,SD,AGL,WE,Federal Contract Tower,15,14,19,0,48,0,0,6,0,6,15,14,25,0,54,0,0,0,54
11/01/2021,RAP,SD,AGL,WE,Federal Contract Tower,20,21,22,0,63,0,0,42,1,43,20,21,64,1,106,98,0,98,204
11/02/2021,RAP,SD,AGL,WE,Federal Contract Tower,16,25,16,0,57,0,0,41,0,41,16,25,57,0,98,118,0,118,216
11/03/2021,RAP,SD,AGL,WE,Federal Contract Tower,16,21,22,0,59,0,1,53,5,59,16,22,75,5,118,90,2,92,210
11/04/2021,RAP,SD,AGL,WE,Federal Contract Tower,17,32,34,1,84,0,1,40,13,54,17,33,74,14,138,70,4,74,212
11/05/2021,RAP,SD,AGL,WE,Federal Contract Tower,16,20,18,0,54,0,0,34,0,34,16,20,52,0,88,84,0,84,172
11/06/2021,RAP,SD,AGL,WE,Federal Contract Tower,15,13,4,0,32,0,1,75,35,111,15,14,79,35,143,115,8,123,266
11/07/2021,RAP,SD,AGL,WE,Federal Contract Tower,19,8,11,5,43,0,1,28,33,62,19,9,39,38,105,36,32,68,173
11/08/2021,RAP,SD,AGL,WE,Federal Contract Tower,17,21,28,0,66,0,0,10,0,10,17,21,38,0,76,0,0,0,76
11/09/2021,RAP,SD,AGL,WE,Federal Contract Tower,17,16,18,0,51,0,0,38,0,38,17,16,56,0,89,36,0,36,125
11/10/2021,RAP,SD,AGL,WE,Federal Contract Tower,17,23,22,2,64,0,0,17,14,31,17,23,39,16,95,10,0,10,105
11/11/2021,RAP,SD,AGL,WE,Federal Contract Tower,19,13,12,0,44,0,0,1,0,1,19,13,13,0,45,0,0,0,45
11/12/2021,RAP,SD,AGL,WE,Federal Contract Tower,18,22,17,0,57,0,1,12,0,13,18,23,29,0,70,22,0,22,92
11/13/2021,RAP,SD,AGL,WE,Federal Contract Tower,21,13,15,0,49,0,0,9,3,12,21,13,24,3,61,24,0,24,85
11/14/2021,RAP,SD,AGL,WE,Federal Contract Tower,20,11,11,0,42,0,2,31,0,33,20,13,42,0,75,64,0,64,139
11/15/2021,RAP,SD,AGL,WE,Federal Contract Tower,18,12,23,0,53,0,2,43,0,45,18,14,66,0,98,90,0,90,188
11/16/2021,RAP,SD,AGL,WE,Federal Contract Tower,16,22,17,0,55,0,1,9,9,19,16,23,26,9,74,0,0,0,74
11/17/2021,RAP,SD,AGL,WE,Federal Contract Tower,15,23,39,0,77,0,1,2,15,18,15,24,41,15,95,0,36,36,131
11/18/2021,RAP,SD,AGL,WE,Federal Contract Tower,18,18,24,0,60,0,0,16,20,36,18,18,40,20,96,24,0,24,120
11/19/2021,RAP,SD,AGL,WE,Federal Contract Tower,16,15,26,0,57,0,0,42,0,42,16,15,68,0,99,62,0,62,161
11/20/2021,RAP,SD,AGL,WE,Federal Contract Tower,16,19,15,1,51,0,4,26,0,30,16,23,41,1,81,102,0,102,183
11/21/2021,RAP,SD,AGL,WE,Federal Contract Tower,18,11,16,0,45,0,1,44,0,45,18,12,60,0,90,70,0,70,160
11/22/2021,RAP,SD,AGL,WE,Federal Contract Tower,18,14,29,6,67,0,0,31,2,33,18,14,60,8,100,56,0,56,156
11/23/2021,RAP,SD,AGL,WE,Federal Contract Tower,18,26,19,1,64,0,1,46,1,48,18,27,65,2,112,68,0,68,180
11/24/2021,RAP,SD,AGL,WE,Federal Contract Tower,18,24,14,2,58,0,1,3,19,23,18,25,17,21,81,2,10,12,93
11/25/2021,RAP,SD,AGL,WE,Federal Contract Tower,11,6,8,0,25,0,1,1,0,2,11,7,9,0,27,0,0,0,27
11/26/2021,RAP,SD,AGL,WE,Federal Contract Tower,13,15,12,0,40,0,1,41,0,42,13,16,53,0,82,44,0,44,126
11/27/2021,RAP,SD,AGL,WE,Federal Contract Tower,18,18,15,0,51,0,0,16,0,16,18,18,31,0,67,12,0,12,79
11/28/2021,RAP,SD,AGL,WE,Federal Contract Tower,18,10,12,0,40,0,1,31,1,33,18,11,43,1,73,32,0,32,105
11/29/2021,RAP,SD,AGL,WE,Federal Contract Tower,23,20,15,8,66,0,2,17,0,19,23,22,32,8,85,6,0,6,91
11/30/2021,RAP,SD,AGL,WE,Federal Contract Tower,16,17,20,1,54,0,0,19,8,27,16,17,39,9,81,30,0,30,111
12/01/2021,RAP,SD,AGL,WE,Federal Contract Tower,15,20,18,11,64,0,0,25,21,46,15,20,43,32,110,92,8,100,210
12/02/2021,RAP,SD,AGL,WE,Federal Contract Tower,19,26,17,3,65,0,0,30,18,48,19,26,47,21,113,36,6,42,155
12/03/2021,RAP,SD,AGL,WE,Federal Contract Tower,21,22,21,0,64,0,0,20,2,22,21,22,41,2,86,10,0,10,96
12/04/2021,RAP,SD,AGL,WE,Federal Contract Tower,17,12,16,0,45,0,0,0,0,0,17,12,16,0,45,0,0,0,45
12/05/2021,RAP,SD,AGL,WE,Federal Contract Tower,20,12,7,0,39,0,1,0,0,1,20,13,7,0,40,0,0,0,40
12/06/2021,RAP,SD,AGL,WE,Federal Contract Tower,22,16,21,0,59,0,0,18,0,18,22,16,39,0,77,36,0,36,113
12/07/2021,RAP,SD,AGL,WE,Federal Contract Tower,14,17,16,0,47,0,4,16,5,25,14,21,32,5,72,48,0,48,120
12/08/2021,RAP,SD,AGL,WE,Federal Contract Tower,16,18,16,2,52,0,0,36,18,54,16,18,52,20,106,38,16,54,160
12/09/2021,RAP,SD,AGL,WE,Federal Contract Tower,20,20,28,1,69,0,0,6,11,17,20,20,34,12,86,0,64,64,150
12/10/2021,RAP,SD,AGL,WE,Federal Contract Tower,19,18,6,0,43,0,0,1,0,1,19,18,7,0,44,0,0,0,44
12/11/2021,RAP,SD,AGL,WE,Federal Contract Tower,15,19,14,0,48,0,2,25,4,31,15,21,39,4,79,68,0,68,147
12/12/2021,RAP,SD,AGL,WE,Federal Contract Tower,19,7,12,0,38,0,0,14,0,14,19,7,26,0,52,4,0,4,56
12/13/2021,RAP,SD,AGL,WE,Federal Contract Tower,20,19,22,0,61,0,2,29,0,31,20,21,51,0,92,28,0,28,120
12/14/2021,RAP,SD,AGL,WE,Federal Contract Tower,15,18,19,3,55,0,0,16,1,17,15,18,35,4,72,8,0,8,80
12/15/2021,RAP,SD,AGL,WE,Federal Contract Tower,17,21,10,0,48,6,1,5,0,12,23,22,15,0,60,0,0,0,60
12/16/2021,RAP,SD,AGL,WE,Federal Contract Tower,13,25,21,5,64,0,1,14,13,28,13,26,35,18,92,12,8,20,112
12/18/2021,RAP,SD,AGL,WE,Federal Contract Tower,14,23,15,0,52,0,2,21,0,23,14,25,36,0,75,40,0,40,115
12/19/2021,RAP,SD,AGL,WE,Federal Contract Tower,12,12,10,0,34,0,1,23,0,24,12,13,33,0,58,30,0,30,88
12/20/2021,RAP,SD,AGL,WE,Federal Contract Tower,17,19,19,0,55,0,2,10,2,14,17,21,29,2,69,2,0,2,71
12/21/2021,RAP,SD,AGL,WE,Federal Contract Tower,12,23,17,2,54,0,1,18,20,39,12,24,35,22,93,34,12,46,139
12/22/2021,RAP,SD,AGL,WE,Federal Contract Tower,17,26,25,0,68,0,7,31,2,40,17,33,56,2,108,10,0,10,118
12/23/2021,RAP,SD,AGL,WE,Federal Contract Tower,17,20,3,0,40,0,0,13,0,13,17,20,16,0,53,18,0,18,71
12/24/2021,RAP,SD,AGL,WE,Federal Contract Tower,13,12,4,0,29,0,1,16,0,17,13,13,20,0,46,42,0,42,88
12/25/2021,RAP,SD,AGL,WE,Federal Contract Tower,12,8,2,0,22,0,0,5,0,5,12,8,7,0,27,12,0,12,39
12/26/2021,RAP,SD,AGL,WE,Federal Contract Tower,14,16,18,0,48,0,0,4,0,4,14,16,22,0,52,0,0,0,52
12/27/2021,RAP,SD,AGL,WE,Federal Contract Tower,16,24,17,0,57,0,1,23,0,24,16,25,40,0,81,22,0,22,103
12/28/2021,RAP,SD,AGL,WE,Federal Contract Tower,13,19,15,0,47,0,1,11,1,13,13,20,26,1,60,16,0,16,76
12/29/2021,RAP,SD,AGL,WE,Federal Contract Tower,15,22,22,0,59,0,0,0,0,0,15,22,22,0,59,0,0,0,59
12/30/2021,RAP,SD,AGL,WE,Federal Contract Tower,17,26,15,0,58,0,0,42,0,42,17,26,57,0,100,16,0,16,116
12/31/2021,RAP,SD,AGL,WE,Federal Contract Tower,10,18,4,0,32,0,0,0,0,0,10,18,4,0,32,0,0,0,32
01/01/2022,RAP,SD,AGL,WE,Federal Contract Tower,9,8,5,0,22,0,1,4,0,5,9,9,9,0,27,0,0,0,27
01/02/2022,RAP,SD,AGL,WE,Federal Contract Tower,14,16,20,0,50,0,0,16,0,16,14,16,36,0,66,12,0,12,78
01/03/2022,RAP,SD,AGL,WE,Federal Contract Tower,15,9,18,0,42,0,0,23,3,26,15,9,41,3,68,34,0,34,102
01/04/2022,RAP,SD,AGL,WE,Federal Contract Tower,14,27,8,0,49,0,0,0,0,0,14,27,8,0,49,0,0,0,49
01/05/2022,RAP,SD,AGL,WE,Federal Contract Tower,6,16,17,0,39,0,1,0,0,1,6,17,17,0,40,0,0,0,40
01/06/2022,RAP,SD,AGL,WE,Federal Contract Tower,9,11,7,0,27,0,0,3,2,5,9,11,10,2,32,0,0,0,32
01/07/2022,RAP,SD,AGL,WE,Federal Contract Tower,13,15,15,0,43,0,1,28,0,29,13,16,43,0,72,44,0,44,116
01/08/2022,RAP,SD,AGL,WE,Federal Contract Tower,9,19,9,0,37,0,0,11,0,11,9,19,20,0,48,10,0,10,58
01/09/2022,RAP,SD,AGL,WE,Federal Contract Tower,5,12,7,0,24,0,1,34,0,35,5,13,41,0,59,66,0,66,125
01/10/2022,RAP,SD,AGL,WE,Federal Contract Tower,9,15,17,0,41,0,0,30,0,30,9,15,47,0,71,96,0,96,167
01/11/2022,RAP,SD,AGL,WE,Federal Contract Tower,9,13,18,1,41,0,0,32,6,38,9,13,50,7,79,23,6,29,108
01/12/2022,RAP,SD,AGL,WE,Federal Contract Tower,9,14,20,0,43,0,0,37,18,55,9,14,57,18,98,88,6,94,192
01/13/2022,RAP,SD,AGL,WE,Federal Contract Tower,8,15,26,0,49,0,1,18,16,35,8,16,44,16,84,18,4,22,106
01/14/2022,RAP,SD,AGL,WE,Federal Contract Tower,12,17,4,0,33,0,0,0,0,0,12,17,4,0,33,0,0,0,33
01/15/2022,RAP,SD,AGL,WE,Federal Contract Tower,8,17,13,0,38,0,1,36,0,37,8,18,49,0,75,68,0,68,143
01/16/2022,RAP,SD,AGL,WE,Federal Contract Tower,9,14,16,0,39,0,0,5,0,5,9,14,21,0,44,4,0,4,48
01/17/2022,RAP,SD,AGL,WE,Federal Contract Tower,12,16,8,1,37,0,1,28,0,29,12,17,36,1,66,56,4,60,126
01/18/2022,RAP,SD,AGL,WE,Federal Contract Tower,9,19,13,0,41,0,0,7,1,8,9,19,20,1,49,0,0,0,49
01/19/2022,RAP,SD,AGL,WE,Federal Contract Tower,11,27,16,4,58,0,0,9,15,24,11,27,25,19,82,28,16,44,126
01/20/2022,RAP,SD,AGL,WE,Federal Contract Tower,7,19,28,0,54,0,1,16,13,30,7,20,44,13,84,24,44,68,152
01/21/2022,RAP,SD,AGL,WE,Federal Contract Tower,13,16,19,0,48,0,1,9,0,10,13,17,28,0,58,6,0,6,64
01/22/2022,RAP,SD,AGL,WE,Federal Contract Tower,8,17,17,0,42,0,0,0,0,0,8,17,17,0,42,12,0,12,54
01/23/2022,RAP,SD,AGL,WE,Federal Contract Tower,9,9,12,0,30,0,0,15,5,20,9,9,27,5,50,32,0,32,82
01/24/2022,RAP,SD,AGL,WE,Federal Contract Tower,14,24,19,0,57,0,0,1,0,1,14,24,20,0,58,0,0,0,58
01/25/2022,RAP,SD,AGL,WE,Federal Contract Tower,9,25,14,0,48,0,0,6,7,13,9,25,20,7,61,0,20,20,81
01/26/2022,RAP,SD,AGL,WE,Federal Contract Tower,11,29,16,1,57,0,0,38,25,63,11,29,54,26,120,18,4,22,142
01/27/2022,RAP,SD,AGL,WE,Federal Contract Tower,8,20,14,2,44,0,0,6,15,21,8,20,20,17,65,8,8,16,81
01/28/2022,RAP,SD,AGL,WE,Federal Contract Tower,12,21,25,0,58,0,1,18,2,21,12,22,43,2,79,14,0,14,93
01/29/2022,RAP,SD,AGL,WE,Federal Contract Tower,8,11,11,0,30,0,2,16,0,18,8,13,27,0,48,30,0,30,78
01/30/2022,RAP,SD,AGL,WE,Federal Contract Tower,11,11,10,0,32,0,0,22,3,25,11,11,32,3,57,26,0,26,83
01/31/2022,RAP,SD,AGL,WE,Federal Contract Tower,14,15,10,1,40,0,0,11,2,13,14,15,21,3,53,8,8,16,69
02/01/2022,RAP,SD,AGL,WE,Federal Contract Tower,11,19,26,1,57,0,0,4,3,7,11,19,30,4,64,0,0,0,64
02/02/2022,RAP,SD,AGL,WE,Federal Contract Tower,12,28,8,1,49,0,1,2,3,6,12,29,10,4,55,0,0,0,55
02/03/2022,RAP,SD,AGL,WE,Federal Contract Tower,8,12,17,2,39,0,0,7,16,23,8,12,24,18,62,2,10,12,74
02/04/2022,RAP,SD,AGL,WE,Federal Contract Tower,16,25,18,0,59,0,0,20,12,32,16,25,38,12,91,54,0,54,145
02/05/2022,RAP,SD,AGL,WE,Federal Contract Tower,11,15,14,1,41,0,0,16,11,27,11,15,30,12,68,10,4,14,82
02/06/2022,RAP,SD,AGL,WE,Federal Contract Tower,12,11,16,2,41,0,2,22,9,33,12,13,38,11,74,20,0,20,94
02/07/2022,RAP,SD,AGL,WE,Federal Contract Tower,17,12,22,0,51,0,0,41,0,41,17,12,63,0,92,92,0,92,184
02/08/2022,RAP,SD,AGL,WE,Federal Contract Tower,13,19,17,0,49,0,1,3,0,4,13,20,20,0,53,0,0,0,53
02/09/2022,RAP,SD,AGL,WE,Federal Contract Tower,13,28,30,0,71,0,0,8,0,8,13,28,38,0,79,0,0,0,79
02/10/2022,RAP,SD,AGL,WE,Federal Contract Tower,11,15,18,1,45,0,0,8,16,24,11,15,26,17,69,0,12,12,81
02/11/2022,RAP,SD,AGL,WE,Federal Contract Tower,14,15,14,0,43,0,0,3,0,3,14,15,17,0,46,0,0,0,46
02/12/2022,RAP,SD,AGL,WE,Federal Contract Tower,11,20,10,2,43,0,0,31,0,31,11,20,41,2,74,62,0,62,136
02/13/2022,RAP,SD,AGL,WE,Federal Contract Tower,10,4,6,0,20,0,0,26,0,26,10,4,32,0,46,56,0,56,102
02/14/2022,RAP,SD,AGL,WE,Federal Contract Tower,10,22,13,0,45,0,0,18,0,18,10,22,31,0,63,26,0,26,89
02/15/2022,RAP,SD,AGL,WE,Federal Contract Tower,12,23,14,0,49,0,0,31,2,33,12,23,45,2,82,0,0,0,82
02/16/2022,RAP,SD,AGL,WE,Federal Contract Tower,11,27,14,0,52,0,1,1,9,11,11,28,15,9,63,6,0,6,69
02/17/2022,RAP,SD,AGL,WE,Federal Contract Tower,10,14,20,0,44,0,1,20,12,33,10,15,40,12,77,18,20,38,115
02/18/2022,RAP,SD,AGL,WE,Federal Contract Tower,13,18,12,0,43,0,0,2,2,4,13,18,14,2,47,0,0,0,47
02/19/2022,RAP,SD,AGL,WE,Federal Contract Tower,8,13,11,0,32,0,2,59,6,67,8,15,70,6,99,96,0,96,195
02/20/2022,RAP,SD,AGL,WE,Federal Contract Tower,8,10,24,0,42,0,0,18,0,18,8,10,42,0,60,46,0,46,106
02/21/2022,RAP,SD,AGL,WE,Federal Contract Tower,13,14,5,0,32,0,0,0,0,0,13,14,5,0,32,0,0,0,32
02/22/2022,RAP,SD,AGL,WE,Federal Contract Tower,5,24,10,0,39,0,0,0,0,0,5,24,10,0,39,0,0,0,39
02/23/2022,RAP,SD,AGL,WE,Federal Contract Tower,9,20,24,0,53,0,0,1,0,1,9,20,25,0,54,0,0,0,54
02/24/2022,RAP,SD,AGL,WE,Federal Contract Tower,6,31,17,0,54,0,3,7,16,26,6,34,24,16,80,8,0,8,88
02/25/2022,RAP,SD,AGL,WE,Federal Contract Tower,11,17,26,0,54,0,0,29,0,29,11,17,55,0,83,56,0,56,139
02/26/2022,RAP,SD,AGL,WE,Federal Contract Tower,9,19,9,0,37,0,0,30,0,30,9,19,39,0,67,22,0,22,89
02/27/2022,RAP,SD,AGL,WE,Federal Contract Tower,10,10,11,0,31,0,1,31,0,32,10,11,42,0,63,82,6,88,151
02/28/2022,RAP,SD,AGL,WE,Federal Contract Tower,12,25,14,0,51,0,1,40,0,41,12,26,54,0,92,56,0,56,148
03/01/2022,RAP,SD,AGL,WE,Federal Contract Tower,10,21,17,1,49,0,2,22,0,24,10,23,39,1,73,26,0,26,99
03/02/2022,RAP,SD,AGL,WE,Federal Contract Tower,12,30,17,2,61,0,1,19,8,28,12,31,36,10,89,46,0,46,135
03/03/2022,RAP,SD,AGL,WE,Federal Contract Tower,2,2,0,0,4,0,0,0,0,0,2,2,0,0,4,0,0,0,4
03/04/2022,RAP,SD,AGL,WE,Federal Contract Tower,15,23,14,0,52,0,0,0,0,0,15,23,14,0,52,0,0,0,52
03/05/2022,RAP,SD,AGL,WE,Federal Contract Tower,7,6,4,0,17,0,0,0,0,0,7,6,4,0,17,0,0,0,17
03/06/2022,RAP,SD,AGL,WE,Federal Contract Tower,15,11,8,0,34,0,0,5,6,11,15,11,13,6,45,0,6,6,51
03/07/2022,RAP,SD,AGL,WE,Federal Contract Tower,13,19,23,0,55,0,2,26,0,28,13,21,49,0,83,80,0,80,163
03/08/2022,RAP,SD,AGL,WE,Federal Contract Tower,8,24,4,0,36,0,0,0,0,0,8,24,4,0,36,0,0,0,36
03/09/2022,RAP,SD,AGL,WE,Federal Contract Tower,10,20,17,0,47,0,0,6,7,13,10,20,23,7,60,0,30,30,90
03/10/2022,RAP,SD,AGL,WE,Federal Contract Tower,11,21,18,0,50,0,2,17,11,30,11,23,35,11,80,34,8,42,122
03/11/2022,RAP,SD,AGL,WE,Federal Contract Tower,11,25,15,0,51,0,0,21,0,21,11,25,36,0,72,5,0,5,77
03/12/2022,RAP,SD,AGL,WE,Federal Contract Tower,8,17,12,0,37,0,0,17,0,17,8,17,29,0,54,6,0,6,60
03/13/2022,RAP,SD,AGL,WE,Federal Contract Tower,9,8,12,2,31,0,1,44,0,45,9,9,56,2,76,66,0,66,142
03/14/2022,RAP,SD,AGL,WE,Federal Contract Tower,12,19,31,4,66,0,0,22,6,28,12,19,53,10,94,22,0,22,116
03/15/2022,RAP,SD,AGL,WE,Federal Contract Tower,8,29,20,1,58,0,1,42,0,43,8,30,62,1,101,38,0,38,139
03/16/2022,RAP,SD,AGL,WE,Federal Contract Tower,9,29,16,0,54,0,0,19,12,31,9,29,35,12,85,0,8,8,93
03/17/2022,RAP,SD,AGL,WE,Federal Contract Tower,8,24,31,2,65,0,0,32,11,43,8,24,63,13,108,2,12,14,122
03/18/2022,RAP,SD,AGL,WE,Federal Contract Tower,12,24,10,4,50,0,0,17,17,34,12,24,27,21,84,0,2,2,86
03/19/2022,RAP,SD,AGL,WE,Federal Contract Tower,6,17,11,1,35,0,0,59,0,59,6,17,70,1,94,46,0,46,140
03/20/2022,RAP,SD,AGL,WE,Federal Contract Tower,8,22,13,0,43,0,3,22,0,25,8,25,35,0,68,28,0,28,96
03/21/2022,RAP,SD,AGL,WE,Federal Contract Tower,11,23,15,4,53,0,0,5,2,7,11,23,20,6,60,0,0,0,60
03/22/2022,RAP,SD,AGL,WE,Federal Contract Tower,5,18,17,2,42,0,3,7,0,10,5,21,24,2,52,4,0,4,56
03/23/2022,RAP,SD,AGL,WE,Federal Contract Tower,7,26,16,3,52,0,0,12,15,27,7,26,28,18,79,4,6,10,89
03/24/2022,RAP,SD,AGL,WE,Federal Contract Tower,8,22,13,0,43,0,0,23,19,42,8,22,36,19,85,16,14,30,115
03/25/2022,RAP,SD,AGL,WE,Federal Contract Tower,11,18,15,0,44,0,3,59,3,65,11,21,74,3,109,110,0,110,219
03/26/2022,RAP,SD,AGL,WE,Federal Contract Tower,6,19,9,0,34,0,1,37,0,38,6,20,46,0,72,14,0,14,86
03/27/2022,RAP,SD,AGL,WE,Federal Contract Tower,10,13,18,0,41,0,2,23,0,25,10,15,41,0,66,16,0,16,82
03/28/2022,RAP,SD,AGL,WE,Federal Contract Tower,14,11,29,0,54,0,3,48,6,57,14,14,77,6,111,40,0,40,151
03/29/2022,RAP,SD,AGL,WE,Federal Contract Tower,11,16,6,0,33,0,0,2,0,2,11,16,8,0,35,0,0,0,35
03/30/2022,RAP,SD,AGL,WE,Federal Contract Tower,15,25,14,2,56,0,0,7,10,17,15,25,21,12,73,12,0,12,85
03/31/2022,RAP,SD,AGL,WE,Federal Contract Tower,12,24,17,1,54,0,0,41,20,61,12,24,58,21,115,5,0,5,120
04/01/2022,RAP,SD,AGL,WE,Federal Contract Tower,14,25,12,0,51,0,1,11,1,13,14,26,23,1,64,0,0,0,64
04/02/2022,RAP,SD,AGL,WE,Federal Contract Tower,11,13,5,0,29,0,1,67,2,70,11,14,72,2,99,102,12,114,213
04/03/2022,RAP,SD,AGL,WE,Federal Contract Tower,14,5,11,0,30,0,0,7,0,7,14,5,18,0,37,6,0,6,43
04/04/2022,RAP,SD,AGL,WE,Federal Contract Tower,15,14,19,0,48,0,0,17,1,18,15,14,36,1,66,78,0,78,144
04/05/2022,RAP,SD,AGL,WE,Federal Contract Tower,12,27,7,0,46,0,0,3,0,3,12,27,10,0,49,0,0,0,49
04/06/2022,RAP,SD,AGL,WE,Federal Contract Tower,16,25,7,0,48,0,0,0,0,0,16,25,7,0,48,0,0,0,48
04/07/2022,RAP,SD,AGL,WE,Federal Contract Tower,14,14,11,0,39,0,0,6,3,9,14,14,17,3,48,0,4,4,52
04/08/2022,RAP,SD,AGL,WE,Federal Contract Tower,19,23,17,0,59,0,0,50,4,54,19,23,67,4,113,76,0,76,189
04/09/2022,RAP,SD,AGL,WE,Federal Contract Tower,15,11,5,0,31,0,0,6,1,7,15,11,11,1,38,0,0,0,38
04/10/2022,RAP,SD,AGL,WE,Federal Contract Tower,15,14,8,5,42,0,0,7,0,7,15,14,15,5,49,18,0,18,67
04/11/2022,RAP,SD,AGL,WE,Federal Contract Tower,19,14,12,1,46,0,1,31,4,36,19,15,43,5,82,24,0,24,106
04/12/2022,RAP,SD,AGL,WE,Federal Contract Tower,15,15,5,2,37,0,0,0,0,0,15,15,5,2,37,0,0,0,37
04/13/2022,RAP,SD,AGL,WE,Federal Contract Tower,17,22,13,0,52,0,0,7,11,18,17,22,20,11,70,0,6,6,76
04/14/2022,RAP,SD,AGL,WE,Federal Contract Tower,15,16,13,0,44,0,0,7,13,20,15,16,20,13,64,8,0,8,72
04/15/2022,RAP,SD,AGL,WE,Federal Contract Tower,25,24,16,4,69,0,0,27,1,28,25,24,43,5,97,71,0,71,168
04/16/2022,RAP,SD,AGL,WE,Federal Contract Tower,14,10,14,0,38,0,0,32,1,33,14,10,46,1,71,34,0,34,105
04/17/2022,RAP,SD,AGL,WE,Federal Contract Tower,13,7,6,0,26,0,1,2,1,4,13,8,8,1,30,4,0,4,34
04/18/2022,RAP,SD,AGL,WE,Federal Contract Tower,19,18,23,0,60,0,2,45,0,47,19,20,68,0,107,38,0,38,145
04/19/2022,RAP,SD,AGL,WE,Federal Contract Tower,16,20,13,1,50,0,0,34,0,34,16,20,47,1,84,50,0,50,134
04/20/2022,RAP,SD,AGL,WE,Federal Contract Tower,19,16,20,0,55,0,0,16,16,32,19,16,36,16,87,14,4,18,105
04/21/2022,RAP,SD,AGL,WE,Federal Contract Tower,15,23,32,2,72,0,0,23,11,34,15,23,55,13,106,18,10,28,134
04/22/2022,RAP,SD,AGL,WE,Federal Contract Tower,20,15,14,0,49,0,0,8,0,8,20,15,22,0,57,8,0,8,65
04/23/2022,RAP,SD,AGL,WE,Federal Contract Tower,3,4,1,0,8,0,0,0,0,0,3,4,1,0,8,0,0,0,8
04/24/2022,RAP,SD,AGL,WE,Federal Contract Tower,11,8,8,0,27,0,0,1,0,1,11,8,9,0,28,0,0,0,28
04/25/2022,RAP,SD,AGL,WE,Federal Contract Tower,19,12,28,0,59,0,1,35,1,37,19,13,63,1,96,76,0,76,172
04/26/2022,RAP,SD,AGL,WE,Federal Contract Tower,17,20,33,2,72,0,0,32,15,47,17,20,65,17,119,38,0,38,157
04/27/2022,RAP,SD,AGL,WE,Federal Contract Tower,18,23,12,3,56,0,0,39,22,61,18,23,51,25,117,41,2,43,160
04/28/2022,RAP,SD,AGL,WE,Federal Contract Tower,20,14,30,2,66,0,0,20,16,36,20,14,50,18,102,0,0,0,102
04/29/2022,RAP,SD,AGL,WE,Federal Contract Tower,20,14,10,0,44,0,0,5,2,7,20,14,15,2,51,6,0,6,57
04/30/2022,RAP,SD,AGL,WE,Federal Contract Tower,14,19,9,0,42,0,0,4,2,6,14,19,13,2,48,0,0,0,48
05/01/2022,RAP,SD,AGL,WE,Federal Contract Tower,15,5,13,0,33,0,1,36,0,37,15,6,49,0,70,52,0,52,122
05/02/2022,RAP,SD,AGL,WE,Federal Contract Tower,18,17,20,0,55,0,1,19,0,20,18,18,39,0,75,72,0,72,147
05/03/2022,RAP,SD,AGL,WE,Federal Contract Tower,18,30,23,0,71,0,0,19,5,24,18,30,42,5,95,2,0,2,97
05/04/2022,RAP,SD,AGL,WE,Federal Contract Tower,14,23,19,2,58,0,0,8,11,19,14,23,27,13,77,0,12,12,89
05/05/2022,RAP,SD,AGL,WE,Federal Contract Tower,13,11,17,8,49,0,0,25,19,44,13,11,42,27,93,50,12,62,155
05/06/2022,RAP,SD,AGL,WE,Federal Contract Tower,18,13,32,0,63,0,1,36,0,37,18,14,68,0,100,34,0,34,134
05/07/2022,RAP,SD,AGL,WE,Federal Contract Tower,12,11,14,0,37,0,1,21,0,22,12,12,35,0,59,13,0,13,72
05/08/2022,RAP,SD,AGL,WE,Federal Contract Tower,13,11,13,0,37,0,1,11,0,12,13,12,24,0,49,16,0,16,65
05/09/2022,RAP,SD,AGL,WE,Federal Contract Tower,19,14,28,0,61,0,2,16,0,18,19,16,44,0,79,6,0,6,85
05/10/2022,RAP,SD,AGL,WE,Federal Contract Tower,17,15,22,0,54,0,1,52,1,54,17,16,74,1,108,94,0,94,202
05/11/2022,RAP,SD,AGL,WE,Federal Contract Tower,14,20,19,2,55,0,0,14,15,29,14,20,33,17,84,2,12,14,98
05/12/2022,RAP,SD,AGL,WE,Federal Contract Tower,14,16,22,0,52,0,0,0,19,19,14,16,22,19,71,0,20,20,91
05/13/2022,RAP,SD,AGL,WE,Federal Contract Tower,20,21,26,2,69,0,1,29,17,47,20,22,55,19,116,0,2,2,118
05/14/2022,RAP,SD,AGL,WE,Federal Contract Tower,13,21,8,1,43,0,3,55,16,74,13,24,63,17,117,0,0,0,117
05/15/2022,RAP,SD,AGL,WE,Federal Contract Tower,14,4,18,1,37,0,1,58,7,66,14,5,76,8,103,2,0,2,105
05/16/2022,RAP,SD,AGL,WE,Federal Contract Tower,18,15,13,0,46,0,2,72,0,74,18,17,85,0,120,24,0,24,144
05/17/2022,RAP,SD,AGL,WE,Federal Contract Tower,13,25,13,1,52,0,2,21,4,27,13,27,34,5,79,36,0,36,115
05/18/2022,RAP,SD,AGL,WE,Federal Contract Tower,15,24,30,0,69,0,0,36,12,48,15,24,66,12,117,16,6,22,139
05/19/2022,RAP,SD,AGL,WE,Federal Contract Tower,18,22,22,0,62,0,1,10,0,11,18,23,32,0,73,0,0,0,73
05/20/2022,RAP,SD,AGL,WE,Federal Contract Tower,13,29,23,0,65,0,2,7,8,17,13,31,30,8,82,0,6,6,88
05/21/2022,RAP,SD,AGL,WE,Federal Contract Tower,15,13,12,0,40,0,0,12,0,12,15,13,24,0,52,28,0,28,80
05/22/2022,RAP,SD,AGL,WE,Federal Contract Tower,34,9,11,0,54,0,1,43,0,44,34,10,54,0,98,36,0,36,134
05/23/2022,RAP,SD,AGL,WE,Federal Contract Tower,19,12,20,0,51,0,1,11,1,13,19,13,31,1,64,16,0,16,80
05/24/2022,RAP,SD,AGL,WE,Federal Contract Tower,16,20,26,0,62,0,3,32,11,46,16,23,58,11,108,108,0,108,216
05/25/2022,RAP,SD,AGL,WE,Federal Contract Tower,17,24,18,4,63,0,0,48,15,63,17,24,66,19,126,54,2,56,182
05/26/2022,RAP,SD,AGL,WE,Federal Contract Tower,20,12,15,0,47,0,3,74,15,92,20,15,89,15,139,34,6,40,179
05/27/2022,RAP,SD,AGL,WE,Federal Contract Tower,15,24,18,0,57,0,1,35,2,38,15,25,53,2,95,38,0,38,133
05/28/2022,RAP,SD,AGL,WE,Federal Contract Tower,14,16,12,0,42,0,2,39,0,41,14,18,51,0,83,8,0,8,91
05/29/2022,RAP,SD,AGL,WE,Federal Contract Tower,15,7,7,2,31,0,2,21,0,23,15,9,28,2,54,52,0,52,106
05/30/2022,RAP,SD,AGL,WE,Federal Contract Tower,17,14,8,0,39,0,1,0,0,1,17,15,8,0,40,0,0,0,40
05/31/2022,RAP,SD,AGL,WE,Federal Contract Tower,15,14,14,0,43,0,0,4,0,4,15,14,18,0,47,0,0,0,47
06/01/2022,RAP,SD,AGL,WE,Federal Contract Tower,13,19,15,0,47,0,0,33,3,36,13,19,48,3,83,30,0,30,113
06/02/2022,RAP,SD,AGL,WE,Federal Contract Tower,14,11,27,1,53,0,1,45,5,51,14,12,72,6,104,26,0,26,130
06/03/2022,RAP,SD,AGL,WE,Federal Contract Tower,31,26,22,2,81,0,4,29,0,33,31,30,51,2,114,18,0,18,132
06/04/2022,RAP,SD,AGL,WE,Federal Contract Tower,32,14,9,14,69,0,4,31,6,41,32,18,40,20,110,64,6,70,180
06/05/2022,RAP,SD,AGL,WE,Federal Contract Tower,31,8,18,6,63,0,0,20,1,21,31,8,38,7,84,36,0,36,120
06/06/2022,RAP,SD,AGL,WE,Federal Contract Tower,31,14,28,3,76,0,0,14,2,16,31,14,42,5,92,32,0,32,124
06/07/2022,RAP,SD,AGL,WE,Federal Contract Tower,32,18,18,0,68,0,0,11,0,11,32,18,29,0,79,10,0,10,89
06/08/2022,RAP,SD,AGL,WE,Federal Contract Tower,35,16,23,2,76,0,0,47,6,53,35,16,70,8,129,10,0,10,139
06/09/2022,RAP,SD,AGL,WE,Federal Contract Tower,33,19,22,5,79,0,2,36,4,42,33,21,58,9,121,14,0,14,135
06/10/2022,RAP,SD,AGL,WE,Federal Contract Tower,34,11,22,2,69,0,0,64,0,64,34,11,86,2,133,110,0,110,243
06/11/2022,RAP,SD,AGL,WE,Federal Contract Tower,44,12,14,0,70,0,4,44,2,50,44,16,58,2,120,54,0,54,174
06/12/2022,RAP,SD,AGL,WE,Federal Contract Tower,25,17,17,0,59,0,0,36,4,40,25,17,53,4,99,52,0,52,151
06/13/2022,RAP,SD,AGL,WE,Federal Contract Tower,28,21,21,0,70,2,1,30,2,35,30,22,51,2,105,28,0,28,133
06/14/2022,RAP,SD,AGL,WE,Federal Contract Tower,33,10,27,0,70,0,1,35,10,46,33,11,62,10,116,12,6,18,134
06/15/2022,RAP,SD,AGL,WE,Federal Contract Tower,32,27,31,2,92,0,1,29,9,39,32,28,60,11,131,36,0,36,167
06/16/2022,RAP,SD,AGL,WE,Federal Contract Tower,33,18,25,4,80,0,0,57,4,61,33,18,82,8,141,46,0,46,187
06/17/2022,RAP,SD,AGL,WE,Federal Contract Tower,32,11,27,2,72,0,3,23,0,26,32,14,50,2,98,18,0,18,116
06/18/2022,RAP,SD,AGL,WE,Federal Contract Tower,39,13,21,2,75,0,1,33,1,35,39,14,54,3,110,24,0,24,134
06/19/2022,RAP,SD,AGL,WE,Federal Contract Tower,32,14,20,2,68,7,17,53,0,77,39,31,73,2,145,42,4,46,191
06/20/2022,RAP,SD,AGL,WE,Federal Contract Tower,31,9,31,0,71,9,0,32,0,41,40,9,63,0,112,72,0,72,184
06/21/2022,RAP,SD,AGL,WE,Federal Contract Tower,32,15,25,0,72,0,1,26,0,27,32,16,51,0,99,24,0,24,123
06/22/2022,RAP,SD,AGL,WE,Federal Contract Tower,33,15,22,2,72,0,0,35,10,45,33,15,57,12,117,18,12,30,147
06/23/2022,RAP,SD,AGL,WE,Federal Contract Tower,32,21,31,7,91,0,2,82,9,93,32,23,113,16,184,68,12,80,264
06/24/2022,RAP,SD,AGL,WE,Federal Contract Tower,33,17,20,3,73,0,0,27,1,28,33,17,47,4,101,40,0,40,141
06/25/2022,RAP,SD,AGL,WE,Federal Contract Tower,34,14,10,0,58,0,2,15,0,17,34,16,25,0,75,14,0,14,89
06/26/2022,RAP,SD,AGL,WE,Federal Contract Tower,32,8,18,0,58,0,0,25,0,25,32,8,43,0,83,32,0,32,115
06/27/2022,RAP,SD,AGL,WE,Federal Contract Tower,35,13,29,0,77,1,0,24,0,25,36,13,53,0,102,16,0,16,118
06/28/2022,RAP,SD,AGL,WE,Federal Contract Tower,28,15,18,0,61,0,2,48,2,52,28,17,66,2,113,20,0,20,133
06/29/2022,RAP,SD,AGL,WE,Federal Contract Tower,30,14,20,0,64,0,0,24,8,32,30,14,44,8,96,6,10,16,112
06/30/2022,RAP,SD,AGL,WE,Federal Contract Tower,32,21,19,7,79,0,1,57,12,70,32,22,76,19,149,76,4,80,229
07/01/2022,RAP,SD,AGL,WE,Federal Contract Tower,34,23,24,2,83,0,1,46,1,48,34,24,70,3,131,56,0,56,187
07/02/2022,RAP,SD,AGL,WE,Federal Contract Tower,37,12,7,0,56,0,9,58,0,67,37,21,65,0,123,66,0,66,189
07/03/2022,RAP,SD,AGL,WE,Federal Contract Tower,33,6,10,0,49,0,0,25,0,25,33,6,35,0,74,36,0,36,110
07/04/2022,RAP,SD,AGL,WE,Federal Contract Tower,37,6,16,0,59,0,4,25,2,31,37,10,41,2,90,16,0,16,106
07/05/2022,RAP,SD,AGL,WE,Federal Contract Tower,37,18,46,2,103,0,1,13,0,14,37,19,59,2,117,38,0,38,155
07/06/2022,RAP,SD,AGL,WE,Federal Contract Tower,33,13,18,0,64,0,1,20,8,29,33,14,38,8,93,38,8,46,139
07/07/2022,RAP,SD,AGL,WE,Federal Contract Tower,37,7,14,1,59,0,3,17,9,29,37,10,31,10,88,22,2,24,112
07/08/2022,RAP,SD,AGL,WE,Federal Contract Tower,38,9,20,2,69,0,0,35,5,40,38,9,55,7,109,48,0,48,157
07/09/2022,RAP,SD,AGL,WE,Federal Contract Tower,40,14,18,0,72,0,3,52,0,55,40,17,70,0,127,38,0,38,165
07/10/2022,RAP,SD,AGL,WE,Federal Contract Tower,30,6,19,0,55,2,5,32,0,39,32,11,51,0,94,26,0,26,120
07/11/2022,RAP,SD,AGL,WE,Federal Contract Tower,30,26,17,0,73,0,2,37,1,40,30,28,54,1,113,36,0,36,149
07/12/2022,RAP,SD,AGL,WE,Federal Contract Tower,30,12,17,0,59,0,1,51,5,57,30,13,68,5,116,40,0,40,156
07/13/2022,RAP,SD,AGL,WE,Federal Contract Tower,31,29,19,1,80,0,0,52,11,63,31,29,71,12,143,50,0,50,193
07/14/2022,RAP,SD,AGL,WE,Federal Contract Tower,29,22,25,2,78,0,2,57,18,77,29,24,82,20,155,60,12,72,227
07/15/2022,RAP,SD,AGL,WE,Federal Contract Tower,31,21,26,0,78,0,1,53,8,62,31,22,79,8,140,84,0,84,224
07/16/2022,RAP,SD,AGL,WE,Federal Contract Tower,39,8,22,0,69,1,3,31,0,35,40,11,53,0,104,80,0,80,184
07/17/2022,RAP,SD,AGL,WE,Federal Contract Tower,33,13,33,1,80,0,2,43,0,45,33,15,76,1,125,52,6,58,183
07/18/2022,RAP,SD,AGL,WE,Federal Contract Tower,35,12,32,1,80,0,1,27,3,31,35,13,59,4,111,4,0,4,115
07/19/2022,RAP,SD,AGL,WE,Federal Contract Tower,34,11,31,6,82,0,17,18,4,39,34,28,49,10,121,48,8,56,177
07/20/2022,RAP,SD,AGL,WE,Federal Contract Tower,36,19,19,1,75,7,51,52,8,118,43,70,71,9,193,34,4,38,231
07/21/2022,RAP,SD,AGL,WE,Federal Contract Tower,32,9,27,0,68,2,5,61,5,73,34,14,88,5,141,121,20,141,282
07/22/2022,RAP,SD,AGL,WE,Federal Contract Tower,33,8,22,0,63,0,4,72,4,80,33,12,94,4,143,72,0,72,215
07/23/2022,RAP,SD,AGL,WE,Federal Contract Tower,40,15,22,0,77,0,3,30,0,33,40,18,52,0,110,16,0,16,126
07/24/2022,RAP,SD,AGL,WE,Federal Contract Tower,35,8,25,0,68,0,5,39,0,44,35,13,64,0,112,32,0,32,144
07/25/2022,RAP,SD,AGL,WE,Federal Contract Tower,33,10,14,4,61,0,2,29,0,31,33,12,43,4,92,77,0,77,169
07/26/2022,RAP,SD,AGL,WE,Federal Contract Tower,31,18,17,0,66,0,0,34,7,41,31,18,51,7,107,28,16,44,151
07/27/2022,RAP,SD,AGL,WE,Federal Contract Tower,34,16,23,1,74,0,0,51,14,65,34,16,74,15,139,6,14,20,159
07/28/2022,RAP,SD,AGL,WE,Federal Contract Tower,33,17,23,2,75,0,15,80,10,105,33,32,103,12,180,100,6,106,286
07/29/2022,RAP,SD,AGL,WE,Federal Contract Tower,30,19,33,3,85,0,1,72,4,77,30,20,105,7,162,54,2,56,218
07/30/2022,RAP,SD,AGL,WE,Federal Contract Tower,45,15,22,0,82,0,4,59,0,63,45,19,81,0,145,26,0,26,171
07/31/2022,RAP,SD,AGL,WE,Federal Contract Tower,32,13,25,4,74,25,24,31,0,80,57,37,56,4,154,14,0,14,168
08/01/2022,RAP,SD,AGL,WE,Federal Contract Tower,32,19,23,0,74,0,2,67,5,74,32,21,90,5,148,32,0,32,180
08/02/2022,RAP,SD,AGL,WE,Federal Contract Tower,31,16,18,7,72,4,1,29,2,36,35,17,47,9,108,28,0,28,136
08/03/2022,RAP,SD,AGL,WE,Federal Contract Tower,34,19,24,0,77,0,6,48,10,64,34,25,72,10,141,22,18,40,181
08/04/2022,RAP,SD,AGL,WE,Federal Contract Tower,32,26,37,1,96,1,1,36,22,60,33,27,73,23,156,30,10,40,196
08/05/2022,RAP,SD,AGL,WE,Federal Contract Tower,37,27,39,4,107,1,1,49,4,55,38,28,88,8,162,72,0,72,234
08/06/2022,RAP,SD,AGL,WE,Federal Contract Tower,43,16,20,0,79,0,2,41,1,44,43,18,61,1,123,68,0,68,191
08/07/2022,RAP,SD,AGL,WE,Federal Contract Tower,33,17,37,0,87,0,2,23,0,25,33,19,60,0,112,14,0,14,126
08/08/2022,RAP,SD,AGL,WE,Federal Contract Tower,33,15,40,2,90,0,0,33,0,33,33,15,73,2,123,38,0,38,161
08/09/2022,RAP,SD,AGL,WE,Federal Contract Tower,29,18,22,0,69,0,2,45,0,47,29,20,67,0,116,44,0,44,160
08/10/2022,RAP,SD,AGL,WE,Federal Contract Tower,37,17,19,0,73,0,9,35,12,56,37,26,54,12,129,4,5,9,138
08/11/2022,RAP,SD,AGL,WE,Federal Contract Tower,35,23,30,2,90,0,2,50,13,65,35,25,80,15,155,38,4,42,197
08/12/2022,RAP,SD,AGL,WE,Federal Contract Tower,35,23,25,0,83,0,2,34,6,42,35,25,59,6,125,24,0,24,149
08/13/2022,RAP,SD,AGL,WE,Federal Contract Tower,42,17,25,2,86,0,5,38,7,50,42,22,63,9,136,22,0,22,158
08/14/2022,RAP,SD,AGL,WE,Federal Contract Tower,38,5,24,0,67,0,6,37,0,43,38,11,61,0,110,44,0,44,154
08/15/2022,RAP,SD,AGL,WE,Federal Contract Tower,40,19,22,0,81,0,2,26,6,34,40,21,48,6,115,34,0,34,149
08/16/2022,RAP,SD,AGL,WE,Federal Contract Tower,28,17,29,0,74,0,2,28,0,30,28,19,57,0,104,36,0,36,140
08/17/2022,RAP,SD,AGL,WE,Federal Contract Tower,27,25,18,0,70,0,2,40,18,60,27,27,58,18,130,22,0,22,152
08/18/2022,RAP,SD,AGL,WE,Federal Contract Tower,30,25,22,2,79,0,3,34,20,57,30,28,56,22,136,28,0,28,164
08/19/2022,RAP,SD,AGL,WE,Federal Contract Tower,31,27,25,2,85,0,3,38,9,50,31,30,63,11,135,30,0,30,165
08/20/2022,RAP,SD,AGL,WE,Federal Contract Tower,38,16,21,1,76,0,0,39,22,61,38,16,60,23,137,84,0,84,221
08/21/2022,RAP,SD,AGL,WE,Federal Contract Tower,32,11,14,0,57,0,4,35,0,39,32,15,49,0,96,24,0,24,120
08/22/2022,RAP,SD,AGL,WE,Federal Contract Tower,31,22,24,1,78,0,0,38,0,38,31,22,62,1,116,53,0,53,169
08/23/2022,RAP,SD,AGL,WE,Federal Contract Tower,28,15,30,0,73,0,2,30,0,32,28,17,60,0,105,60,0,60,165
08/24/2022,RAP,SD,AGL,WE,Federal Contract Tower,31,18,29,0,78,0,3,32,17,52,31,21,61,17,130,44,0,44,174
08/25/2022,RAP,SD,AGL,WE,Federal Contract Tower,32,12,33,0,77,0,0,5,12,17,32,12,38,12,94,0,0,0,94
08/26/2022,RAP,SD,AGL,WE,Federal Contract Tower,33,8,28,1,70,0,1,33,4,38,33,9,61,5,108,66,2,68,176
08/27/2022,RAP,SD,AGL,WE,Federal Contract Tower,37,15,10,0,62,0,0,60,0,60,37,15,70,0,122,68,0,68,190
08/28/2022,RAP,SD,AGL,WE,Federal Contract Tower,32,8,19,0,59,0,3,26,0,29,32,11,45,0,88,4,0,4,92
08/29/2022,RAP,SD,AGL,WE,Federal Contract Tower,32,6,22,0,60,0,1,33,2,36,32,7,55,2,96,18,0,18,114
08/30/2022,RAP,SD,AGL,WE,Federal Contract Tower,25,15,27,0,67,0,2,40,7,49,25,17,67,7,116,62,0,62,178
08/31/2022,RAP,SD,AGL,WE,Federal Contract Tower,28,16,31,0,75,0,2,42,27,71,28,18,73,27,146,58,2,60,206
09/01/2022,RAP,SD,AGL,WE,Federal Contract Tower,30,20,25,1,76,0,3,49,21,73,30,23,74,22,149,78,0,78,227
09/02/2022,RAP,SD,AGL,WE,Federal Contract Tower,31,14,32,2,79,0,1,45,0,46,31,15,77,2,125,44,0,44,169
09/03/2022,RAP,SD,AGL,WE,Federal Contract Tower,36,16,13,0,65,0,1,41,1,43,36,17,54,1,108,48,0,48,156
09/04/2022,RAP,SD,AGL,WE,Federal Contract Tower,32,6,13,0,51,0,1,40,0,41,32,7,53,0,92,28,0,28,120
09/05/2022,RAP,SD,AGL,WE,Federal Contract Tower,31,3,15,0,49,0,3,44,0,47,31,6,59,0,96,86,0,86,182
09/06/2022,RAP,SD,AGL,WE,Federal Contract Tower,34,12,24,2,72,0,3,34,0,37,34,15,58,2,109,52,0,52,161
09/07/2022,RAP,SD,AGL,WE,Federal Contract Tower,28,24,21,3,76,0,5,31,17,53,28,29,52,20,129,24,6,30,159
09/08/2022,RAP,SD,AGL,WE,Federal Contract Tower,35,16,23,2,76,0,3,28,25,56,35,19,51,27,132,22,30,52,184
09/09/2022,RAP,SD,AGL,WE,Federal Contract Tower,35,14,33,5,87,0,3,15,5,23,35,17,48,10,110,28,12,40,150
09/10/2022,RAP,SD,AGL,WE,Federal Contract Tower,33,7,17,1,58,0,2,47,0,49,33,9,64,1,107,58,0,58,165
09/11/2022,RAP,SD,AGL,WE,Federal Contract Tower,32,11,8,0,51,0,1,47,2,50,32,12,55,2,101,110,0,110,211
09/12/2022,RAP,SD,AGL,WE,Federal Contract Tower,37,18,33,2,90,0,1,45,0,46,37,19,78,2,136,48,0,48,184
09/13/2022,RAP,SD,AGL,WE,Federal Contract Tower,32,19,16,2,69,0,6,34,8,48,32,25,50,10,117,32,19,51,168
09/14/2022,RAP,SD,AGL,WE,Federal Contract Tower,32,30,23,1,86,0,1,33,6,40,32,31,56,7,126,16,0,16,142
09/15/2022,RAP,SD,AGL,WE,Federal Contract Tower,33,19,29,2,83,0,5,34,7,46,33,24,63,9,129,36,0,36,165
09/16/2022,RAP,SD,AGL,WE,Federal Contract Tower,34,21,35,0,90,0,1,13,0,14,34,22,48,0,104,46,22,68,172
09/17/2022,RAP,SD,AGL,WE,Federal Contract Tower,32,16,29,0,77,0,27,72,0,99,32,43,101,0,176,120,0,120,296
09/18/2022,RAP,SD,AGL,WE,Federal Contract Tower,33,12,26,0,71,0,13,51,1,65,33,25,77,1,136,58,14,72,208
09/19/2022,RAP,SD,AGL,WE,Federal Contract Tower,37,11,39,1,88,0,2,51,0,53,37,13,90,1,141,18,0,18,159
09/20/2022,RAP,SD,AGL,WE,Federal Contract Tower,32,20,21,2,75,0,1,51,2,54,32,21,72,4,129,42,20,62,191
09/21/2022,RAP,SD,AGL,WE,Federal Contract Tower,31,19,23,4,77,0,1,46,17,64,31,20,69,21,141,38,8,46,187
09/22/2022,RAP,SD,AGL,WE,Federal Contract Tower,33,20,29,3,85,0,1,20,20,41,33,21,49,23,126,4,4,8,134
09/23/2022,RAP,SD,AGL,WE,Federal Contract Tower,36,20,22,5,83,0,0,39,0,39,36,20,61,5,122,34,0,34,156
09/24/2022,RAP,SD,AGL,WE,Federal Contract Tower,31,18,10,0,59,0,4,44,7,55,31,22,54,7,114,48,0,48,162
09/25/2022,RAP,SD,AGL,WE,Federal Contract Tower,34,19,16,0,69,0,1,41,0,42,34,20,57,0,111,66,0,66,177
09/26/2022,RAP,SD,AGL,WE,Federal Contract Tower,32,16,33,0,81,0,2,54,0,56,32,18,87,0,137,96,0,96,233
09/27/2022,RAP,SD,AGL,WE,Federal Contract Tower,31,21,11,2,65,0,6,41,4,51,31,27,52,6,116,40,0,40,156
09/28/2022,RAP,SD,AGL,WE,Federal Contract Tower,31,27,26,0,84,0,1,21,10,32,31,28,47,10,116,2,2,4,120
09/29/2022,RAP,SD,AGL,WE,Federal Contract Tower,33,19,31,0,83,0,3,48,1,52,33,22,79,1,135,24,0,24,159
09/30/2022,RAP,SD,AGL,WE,Federal Contract Tower,32,20,34,2,88,2,21,38,3,64,34,41,72,5,152,22,0,22,174
10/01/2022,RAP,SD,AGL,WE,Federal Contract Tower,30,16,18,2,66,0,4,34,27,65,30,20,52,29,131,30,4,34,165
10/02/2022,RAP,SD,AGL,WE,Federal Contract Tower,32,9,18,0,59,5,2,38,9,54,37,11,56,9,113,62,0,62,175
10/03/2022,RAP,SD,AGL,WE,Federal Contract Tower,30,14,28,0,72,0,1,21,4,26,30,15,49,4,98,14,0,14,112
10/04/2022,RAP,SD,AGL,WE,Federal Contract Tower,28,18,19,0,65,0,0,17,13,30,28,18,36,13,95,4,6,10,105
10/05/2022,RAP,SD,AGL,WE,Federal Contract Tower,32,23,23,2,80,0,1,53,16,70,32,24,76,18,150,44,20,64,214
10/06/2022,RAP,SD,AGL,WE,Federal Contract Tower,22,16,15,0,53,0,0,0,1,1,22,16,15,1,54,0,0,0,54
10/07/2022,RAP,SD,AGL,WE,Federal Contract Tower,21,23,34,2,80,0,0,38,0,38,21,23,72,2,118,88,0,88,206
10/08/2022,RAP,SD,AGL,WE,Federal Contract Tower,22,8,20,1,51,0,4,48,0,52,22,12,68,1,103,16,0,16,119
10/09/2022,RAP,SD,AGL,WE,Federal Contract Tower,23,8,18,0,49,0,0,51,0,51,23,8,69,0,100,68,0,68,168
10/10/2022,RAP,SD,AGL,WE,Federal Contract Tower,25,9,19,2,55,0,1,48,0,49,25,10,67,2,104,38,0,38,142
10/11/2022,RAP,SD,AGL,WE,Federal Contract Tower,21,20,11,0,52,0,1,17,1,19,21,21,28,1,71,18,0,18,89
10/12/2022,RAP,SD,AGL,WE,Federal Contract Tower,26,16,14,0,56,0,2,4,6,12,26,18,18,6,68,8,0,8,76
10/13/2022,RAP,SD,AGL,WE,Federal Contract Tower,24,20,17,0,61,0,3,12,6,21,24,23,29,6,82,0,0,0,82
10/14/2022,RAP,SD,AGL,WE,Federal Contract Tower,24,17,16,0,57,0,0,1,2,3,24,17,17,2,60,0,0,0,60
10/15/2022,RAP,SD,AGL,WE,Federal Contract Tower,20,8,3,0,31,0,2,5,0,7,20,10,8,0,38,0,0,0,38
10/16/2022,RAP,SD,AGL,WE,Federal Contract Tower,28,6,27,0,61,0,0,21,0,21,28,6,48,0,82,6,0,6,88
10/17/2022,RAP,SD,AGL,WE,Federal Contract Tower,26,13,7,0,46,0,0,29,0,29,26,13,36,0,75,52,0,52,127
10/18/2022,RAP,SD,AGL,WE,Federal Contract Tower,22,13,24,7,66,0,0,39,4,43,22,13,63,11,109,50,0,50,159
10/19/2022,RAP,SD,AGL,WE,Federal Contract Tower,21,15,28,3,67,0,2,23,14,39,21,17,51,17,106,10,8,18,124
10/20/2022,RAP,SD,AGL,WE,Federal Contract Tower,26,19,27,3,75,0,3,48,12,63,26,22,75,15,138,24,4,28,166
10/21/2022,RAP,SD,AGL,WE,Federal Contract Tower,23,27,25,1,76,0,1,66,2,69,23,28,91,3,145,76,0,76,221
10/22/2022,RAP,SD,AGL,WE,Federal Contract Tower,26,16,14,0,56,0,1,40,0,41,26,17,54,0,97,96,0,96,193
10/23/2022,RAP,SD,AGL,WE,Federal Contract Tower,25,5,9,0,39,0,2,14,0,16,25,7,23,0,55,12,0,12,67
10/24/2022,RAP,SD,AGL,WE,Federal Contract Tower,24,7,21,0,52,0,0,1,0,1,24,7,22,0,53,0,0,0,53
10/25/2022,RAP,SD,AGL,WE,Federal Contract Tower,22,20,10,2,54,0,0,32,2,34,22,20,42,4,88,38,0,38,126
10/26/2022,RAP,SD,AGL,WE,Federal Contract Tower,22,16,11,0,49,0,1,21,17,39,22,17,32,17,88,10,26,36,124
10/27/2022,RAP,SD,AGL,WE,Federal Contract Tower,24,22,26,4,76,0,4,47,4,55,24,26,73,8,131,30,6,36,167
10/28/2022,RAP,SD,AGL,WE,Federal Contract Tower,23,10,28,4,65,0,0,17,18,35,23,10,45,22,100,6,8,14,114
10/29/2022,RAP,SD,AGL,WE,Federal Contract Tower,24,10,9,3,46,0,2,37,0,39,24,12,46,3,85,34,0,34,119
10/30/2022,RAP,SD,AGL,WE,Federal Contract Tower,24,7,19,0,50,0,9,34,4,47,24,16,53,4,97,6,0,6,103
10/31/2022,RAP,SD,AGL,WE,Federal Contract Tower,24,9,14,0,47,0,6,31,2,39,24,15,45,2,86,30,0,30,116
11/01/2022,RAP,SD,AGL,WE,Federal Contract Tower,18,21,24,0,63,0,3,15,0,18,18,24,39,0,81,8,0,8,89
11/02/2022,RAP,SD,AGL,WE,Federal Contract Tower,19,30,17,0,66,0,0,37,15,52,19,30,54,15,118,30,8,38,156
11/03/2022,RAP,SD,AGL,WE,Federal Contract Tower,19,24,28,0,71,0,2,8,7,17,19,26,36,7,88,4,2,6,94
11/04/2022,RAP,SD,AGL,WE,Federal Contract Tower,17,17,39,0,73,0,2,36,4,42,17,19,75,4,115,62,2,64,179
11/05/2022,RAP,SD,AGL,WE,Federal Contract Tower,15,15,23,0,53,0,1,33,13,47,15,16,56,13,100,28,0,28,128
11/06/2022,RAP,SD,AGL,WE,Federal Contract Tower,17,11,13,0,41,0,1,19,4,24,17,12,32,4,65,16,0,16,81
11/07/2022,RAP,SD,AGL,WE,Federal Contract Tower,19,20,21,1,61,0,3,8,2,13,19,23,29,3,74,6,0,6,80
11/08/2022,RAP,SD,AGL,WE,Federal Contract Tower,18,23,18,0,59,0,2,22,4,28,18,25,40,4,87,38,0,38,125
11/09/2022,RAP,SD,AGL,WE,Federal Contract Tower,16,23,13,2,54,0,0,0,0,0,16,23,13,2,54,0,0,0,54
11/10/2022,RAP,SD,AGL,WE,Federal Contract Tower,15,21,16,0,52,0,0,0,0,0,15,21,16,0,52,0,0,0,52
11/11/2022,RAP,SD,AGL,WE,Federal Contract Tower,19,12,25,1,57,0,1,38,2,41,19,13,63,3,98,40,0,40,138
11/12/2022,RAP,SD,AGL,WE,Federal Contract Tower,17,15,11,0,43,0,0,49,0,49,17,15,60,0,92,80,0,80,172
11/13/2022,RAP,SD,AGL,WE,Federal Contract Tower,19,14,22,0,55,0,1,3,0,4,19,15,25,0,59,0,0,0,59
11/14/2022,RAP,SD,AGL,WE,Federal Contract Tower,18,17,31,0,66,0,1,11,0,12,18,18,42,0,78,0,0,0,78
11/15/2022,RAP,SD,AGL,WE,Federal Contract Tower,16,18,16,2,52,0,0,0,0,0,16,18,16,2,52,0,0,0,52
11/16/2022,RAP,SD,AGL,WE,Federal Contract Tower,18,25,25,1,69,0,2,15,11,28,18,27,40,12,97,8,15,23,120
11/17/2022,RAP,SD,AGL,WE,Federal Contract Tower,15,21,28,0,64,0,0,0,0,0,15,21,28,0,64,0,0,0,64
11/18/2022,RAP,SD,AGL,WE,Federal Contract Tower,18,13,12,5,48,0,1,26,4,31,18,14,38,9,79,32,32,64,143
11/19/2022,RAP,SD,AGL,WE,Federal Contract Tower,16,13,9,0,38,0,0,37,0,37,16,13,46,0,75,72,0,72,147
11/20/2022,RAP,SD,AGL,WE,Federal Contract Tower,17,11,23,0,51,0,2,45,0,47,17,13,68,0,98,90,0,90,188
11/21/2022,RAP,SD,AGL,WE,Federal Contract Tower,20,15,18,5,58,0,2,36,0,38,20,17,54,5,96,50,12,62,158
11/22/2022,RAP,SD,AGL,WE,Federal Contract Tower,18,24,21,2,65,0,4,38,12,54,18,28,59,14,119,32,8,40,159
11/23/2022,RAP,SD,AGL,WE,Federal Contract Tower,20,23,16,2,61,0,4,6,0,10,20,27,22,2,71,0,0,0,71
11/24/2022,RAP,SD,AGL,WE,Federal Contract Tower,10,8,5,0,23,0,5,8,0,13,10,13,13,0,36,8,0,8,44
11/25/2022,RAP,SD,AGL,WE,Federal Contract Tower,12,21,15,0,48,0,5,28,0,33,12,26,43,0,81,22,0,22,103
11/26/2022,RAP,SD,AGL,WE,Federal Contract Tower,18,15,10,0,43,0,0,11,0,11,18,15,21,0,54,12,0,12,66
11/27/2022,RAP,SD,AGL,WE,Federal Contract Tower,19,4,32,0,55,0,1,42,0,43,19,5,74,0,98,71,0,71,169
11/28/2022,RAP,SD,AGL,WE,Federal Contract Tower,22,6,16,0,44,0,0,17,0,17,22,6,33,0,61,22,0,22,83
11/29/2022,RAP,SD,AGL,WE,Federal Contract Tower,14,19,21,4,58,0,3,16,2,21,14,22,37,6,79,18,0,18,97
11/30/2022,RAP,SD,AGL,WE,Federal Contract Tower,25,14,19,4,62,0,1,18,18,37,25,15,37,22,99,22,0,22,121
12/01/2022,RAP,SD,AGL,WE,Federal Contract Tower,19,14,9,3,45,0,1,36,15,52,19,15,45,18,97,48,12,60,157
12/02/2022,RAP,SD,AGL,WE,Federal Contract Tower,20,21,15,0,56,0,2,7,7,16,20,23,22,7,72,0,0,0,72
12/03/2022,RAP,SD,AGL,WE,Federal Contract Tower,14,16,12,1,43,0,4,32,19,55,14,20,44,20,98,56,0,56,154
12/04/2022,RAP,SD,AGL,WE,Federal Contract Tower,16,7,13,2,38,0,1,24,0,25,16,8,37,2,63,36,0,36,99
12/05/2022,RAP,SD,AGL,WE,Federal Contract Tower,26,8,15,1,50,0,4,17,0,21,26,12,32,1,71,30,0,30,101
12/06/2022,RAP,SD,AGL,WE,Federal Contract Tower,20,13,12,1,46,0,0,31,2,33,20,13,43,3,79,16,0,16,95
12/07/2022,RAP,SD,AGL,WE,Federal Contract Tower,18,17,22,3,60,0,2,31,9,42,18,19,53,12,102,28,2,30,132
12/08/2022,RAP,SD,AGL,WE,Federal Contract Tower,21,16,22,3,62,0,1,29,9,39,21,17,51,12,101,56,4,60,161
12/09/2022,RAP,SD,AGL,WE,Federal Contract Tower,21,12,20,1,54,0,1,40,3,44,21,13,60,4,98,90,0,90,188
12/10/2022,RAP,SD,AGL,WE,Federal Contract Tower,19,9,11,0,39,0,2,31,1,34,19,11,42,1,73,46,0,46,119
12/11/2022,RAP,SD,AGL,WE,Federal Contract Tower,17,7,17,2,43,0,2,40,0,42,17,9,57,2,85,62,0,62,147
12/12/2022,RAP,SD,AGL,WE,Federal Contract Tower,20,3,14,1,38,0,0,8,0,8,20,3,22,1,46,10,0,10,56
12/13/2022,RAP,SD,AGL,WE,Federal Contract Tower,0,4,0,0,4,0,0,0,0,0,0,4,0,0,4,0,0,0,4
12/14/2022,RAP,SD,AGL,WE,Federal Contract Tower,21,9,11,0,41,0,0,0,0,0,21,9,11,0,41,0,0,0,41
12/15/2022,RAP,SD,AGL,WE,Federal Contract Tower,9,4,3,0,16,0,0,0,0,0,9,4,3,0,16,0,0,0,16
12/16/2022,RAP,SD,AGL,WE,Federal Contract Tower,6,11,9,0,26,0,4,3,0,7,6,15,12,0,33,0,0,0,33
12/17/2022,RAP,SD,AGL,WE,Federal Contract Tower,19,24,13,0,56,0,6,12,0,18,19,30,25,0,74,18,0,18,92
12/18/2022,RAP,SD,AGL,WE,Federal Contract Tower,21,12,7,0,40,0,0,2,0,2,21,12,9,0,42,0,0,0,42
12/19/2022,RAP,SD,AGL,WE,Federal Contract Tower,15,17,12,0,44,0,0,6,1,7,15,17,18,1,51,38,0,38,89
12/20/2022,RAP,SD,AGL,WE,Federal Contract Tower,17,23,21,2,63,0,0,0,2,2,17,23,21,4,65,2,0,2,67
12/21/2022,RAP,SD,AGL,WE,Federal Contract Tower,4,10,7,0,21,0,0,0,0,0,4,10,7,0,21,0,0,0,21
12/22/2022,RAP,SD,AGL,WE,Federal Contract Tower,15,15,17,0,47,0,0,2,0,2,15,15,19,0,49,0,0,0,49
12/23/2022,RAP,SD,AGL,WE,Federal Contract Tower,10,13,21,0,44,0,1,11,0,12,10,14,32,0,56,0,0,0,56
12/24/2022,RAP,SD,AGL,WE,Federal Contract Tower,15,13,10,0,38,0,0,8,0,8,15,13,18,0,46,0,0,0,46
12/25/2022,RAP,SD,AGL,WE,Federal Contract Tower,13,3,3,0,19,0,1,3,0,4,13,4,6,0,23,0,0,0,23
12/26/2022,RAP,SD,AGL,WE,Federal Contract Tower,15,12,13,0,40,0,1,16,0,17,15,13,29,0,57,18,0,18,75
12/27/2022,RAP,SD,AGL,WE,Federal Contract Tower,17,18,17,0,52,0,3,14,0,17,17,21,31,0,69,0,0,0,69
12/28/2022,RAP,SD,AGL,WE,Federal Contract Tower,12,27,10,0,49,0,0,22,0,22,12,27,32,0,71,42,0,42,113
12/29/2022,RAP,SD,AGL,WE,Federal Contract Tower,20,18,11,2,51,0,0,33,7,40,20,18,44,9,91,48,6,54,145
12/30/2022,RAP,SD,AGL,WE,Federal Contract Tower,12,14,17,0,43,0,0,41,0,41,12,14,58,0,84,96,16,112,196
12/31/2022,RAP,SD,AGL,WE,Federal Contract Tower,17,10,8,0,35,0,3,20,0,23,17,13,28,0,58,32,0,32,90
01/01/2023,RAP,SD,AGL,WE,Federal Contract Tower,11,10,8,0,29,0,0,9,0,9,11,10,17,0,38,0,0,0,38
01/02/2023,RAP,SD,AGL,WE,Federal Contract Tower,15,9,3,0,27,0,0,0,0,0,15,9,3,0,27,0,0,0,27
01/03/2023,RAP,SD,AGL,WE,Federal Contract Tower,15,7,6,0,28,0,2,3,0,5,15,9,9,0,33,6,0,6,39
01/04/2023,RAP,SD,AGL,WE,Federal Contract Tower,13,22,11,0,46,0,2,8,3,13,13,24,19,3,59,16,0,16,75
01/05/2023,RAP,SD,AGL,WE,Federal Contract Tower,16,22,12,2,52,0,5,43,15,63,16,27,55,17,115,54,0,54,169
01/06/2023,RAP,SD,AGL,WE,Federal Contract Tower,16,22,17,2,57,0,2,27,0,29,16,24,44,2,86,18,0,18,104
01/07/2023,RAP,SD,AGL,WE,Federal Contract Tower,19,12,10,0,41,0,1,37,0,38,19,13,47,0,79,24,0,24,103
01/08/2023,RAP,SD,AGL,WE,Federal Contract Tower,17,7,13,0,37,0,2,31,0,33,17,9,44,0,70,92,0,92,162
01/09/2023,RAP,SD,AGL,WE,Federal Contract Tower,17,11,11,0,39,0,1,24,0,25,17,12,35,0,64,18,0,18,82
01/10/2023,RAP,SD,AGL,WE,Federal Contract Tower,15,13,8,2,38,0,0,15,2,17,15,13,23,4,55,22,0,22,77
01/11/2023,RAP,SD,AGL,WE,Federal Contract Tower,18,18,14,0,50,0,1,36,14,51,18,19,50,14,101,68,0,68,169
01/12/2023,RAP,SD,AGL,WE,Federal Contract Tower,15,18,10,1,44,0,0,34,9,43,15,18,44,10,87,4,0,4,91
01/13/2023,RAP,SD,AGL,WE,Federal Contract Tower,18,9,21,4,52,0,0,28,6,34,18,9,49,10,86,66,0,66,152
01/14/2023,RAP,SD,AGL,WE,Federal Contract Tower,13,13,15,0,41,0,2,35,0,37,13,15,50,0,78,24,0,24,102
01/15/2023,RAP,SD,AGL,WE,Federal Contract Tower,16,6,4,0,26,0,1,29,0,30,16,7,33,0,56,66,0,66,122
01/16/2023,RAP,SD,AGL,WE,Federal Contract Tower,19,3,16,0,38,0,0,0,0,0,19,3,16,0,38,0,0,0,38
01/17/2023,RAP,SD,AGL,WE,Federal Contract Tower,16,13,10,0,39,0,0,0,0,0,16,13,10,0,39,0,0,0,39
01/18/2023,RAP,SD,AGL,WE,Federal Contract Tower,9,12,10,2,33,0,0,0,0,0,9,12,10,2,33,0,0,0,33
01/19/2023,RAP,SD,AGL,WE,Federal Contract Tower,19,11,24,5,59,0,1,32,24,57,19,12,56,29,116,40,6,46,162
01/20/2023,RAP,SD,AGL,WE,Federal Contract Tower,20,16,20,2,58,0,0,24,4,28,20,16,44,6,86,40,8,48,134
01/21/2023,RAP,SD,AGL,WE,Federal Contract Tower,14,13,4,0,31,0,0,8,0,8,14,13,12,0,39,40,0,40,79
01/22/2023,RAP,SD,AGL,WE,Federal Contract Tower,17,7,9,0,33,0,0,25,0,25,17,7,34,0,58,72,0,72,130
01/23/2023,RAP,SD,AGL,WE,Federal Contract Tower,18,20,31,2,71,0,0,19,1,20,18,20,50,3,91,2,0,2,93
01/24/2023,RAP,SD,AGL,WE,Federal Contract Tower,15,13,16,1,45,0,1,20,1,22,15,14,36,2,67,4,0,4,71
01/25/2023,RAP,SD,AGL,WE,Federal Contract Tower,18,22,14,4,58,0,0,0,4,4,18,22,14,8,62,0,0,0,62
01/26/2023,RAP,SD,AGL,WE,Federal Contract Tower,17,14,11,6,48,0,1,9,18,28,17,15,20,24,76,4,6,10,86
01/27/2023,RAP,SD,AGL,WE,Federal Contract Tower,18,12,19,3,52,0,0,10,1,11,18,12,29,4,63,24,0,24,87
01/28/2023,RAP,SD,AGL,WE,Federal Contract Tower,12,17,5,0,34,0,0,0,0,0,12,17,5,0,34,0,0,0,34
01/29/2023,RAP,SD,AGL,WE,Federal Contract Tower,17,9,8,0,34,0,0,0,0,0,17,9,8,0,34,0,0,0,34
01/30/2023,RAP,SD,AGL,WE,Federal Contract Tower,15,7,18,4,44,0,0,12,2,14,15,7,30,6,58,34,6,40,98
01/31/2023,RAP,SD,AGL,WE,Federal Contract Tower,13,15,16,10,54,0,2,36,1,39,13,17,52,11,93,52,0,52,145
02/01/2023,RAP,SD,AGL,WE,Federal Contract Tower,13,29,13,5,60,0,2,23,6,31,13,31,36,11,91,22,14,36,127
02/02/2023,RAP,SD,AGL,WE,Federal Contract Tower,14,25,17,2,58,0,0,1,0,1,14,25,18,2,59,0,0,0,59
02/03/2023,RAP,SD,AGL,WE,Federal Contract Tower,22,12,14,2,50,0,0,46,4,50,22,12,60,6,100,24,0,24,124
02/04/2023,RAP,SD,AGL,WE,Federal Contract Tower,12,11,11,3,37,0,0,31,21,52,12,11,42,24,89,16,0,16,105
02/05/2023,RAP,SD,AGL,WE,Federal Contract Tower,15,11,17,0,43,0,0,28,8,36,15,11,45,8,79,48,0,48,127
02/06/2023,RAP,SD,AGL,WE,Federal Contract Tower,18,10,16,2,46,0,2,1,0,3,18,12,17,2,49,0,0,0,49
02/07/2023,RAP,SD,AGL,WE,Federal Contract Tower,17,12,17,2,48,0,1,30,2,33,17,13,47,4,81,14,0,14,95
02/08/2023,RAP,SD,AGL,WE,Federal Contract Tower,17,11,22,5,55,0,1,13,13,27,17,12,35,18,82,30,12,42,124
02/09/2023,RAP,SD,AGL,WE,Federal Contract Tower,15,15,18,2,50,0,3,14,18,35,15,18,32,20,85,10,4,14,99
02/10/2023,RAP,SD,AGL,WE,Federal Contract Tower,15,16,17,0,48,0,3,41,1,45,15,19,58,1,93,88,0,88,181
02/11/2023,RAP,SD,AGL,WE,Federal Contract Tower,11,17,16,0,44,0,1,41,0,42,11,18,57,0,86,48,0,48,134
02/12/2023,RAP,SD,AGL,WE,Federal Contract Tower,12,7,3,2,24,0,1,46,0,47,12,8,49,2,71,114,0,114,185
02/13/2023,RAP,SD,AGL,WE,Federal Contract Tower,13,16,16,0,45,0,2,28,0,30,13,18,44,0,75,24,0,24,99
02/14/2023,RAP,SD,AGL,WE,Federal Contract Tower,11,15,10,0,36,0,0,0,2,2,11,15,10,2,38,0,0,0,38
02/15/2023,RAP,SD,AGL,WE,Federal Contract Tower,12,19,21,0,52,0,1,15,17,33,12,20,36,17,85,22,20,42,127
02/16/2023,RAP,SD,AGL,WE,Federal Contract Tower,12,21,15,2,50,0,1,14,10,25,12,22,29,12,75,16,4,20,95
02/17/2023,RAP,SD,AGL,WE,Federal Contract Tower,17,16,15,3,51,0,0,47,4,51,17,16,62,7,102,66,0,66,168
02/18/2023,RAP,SD,AGL,WE,Federal Contract Tower,13,18,15,0,46,0,0,57,1,58,13,18,72,1,104,86,0,86,190
02/19/2023,RAP,SD,AGL,WE,Federal Contract Tower,11,7,17,0,35,0,0,15,0,15,11,7,32,0,50,70,0,70,120
02/20/2023,RAP,SD,AGL,WE,Federal Contract Tower,16,15,11,1,43,0,1,19,0,20,16,16,30,1,63,46,0,46,109
02/21/2023,RAP,SD,AGL,WE,Federal Contract Tower,11,16,9,1,37,0,0,2,0,2,11,16,11,1,39,0,0,0,39
02/22/2023,RAP,SD,AGL,WE,Federal Contract Tower,6,10,1,0,17,0,0,0,0,0,6,10,1,0,17,0,0,0,17
02/23/2023,RAP,SD,AGL,WE,Federal Contract Tower,11,16,13,0,40,0,1,4,0,5,11,17,17,0,45,0,0,0,45
02/24/2023,RAP,SD,AGL,WE,Federal Contract Tower,14,21,16,2,53,0,2,18,2,22,14,23,34,4,75,10,0,10,85
02/25/2023,RAP,SD,AGL,WE,Federal Contract Tower,14,10,16,0,40,0,1,37,0,38,14,11,53,0,78,46,0,46,124
02/26/2023,RAP,SD,AGL,WE,Federal Contract Tower,14,10,10,2,36,0,0,20,0,20,14,10,30,2,56,20,0,20,76
02/27/2023,RAP,SD,AGL,WE,Federal Contract Tower,15,19,12,2,48,0,0,20,0,20,15,19,32,2,68,8,0,8,76
02/28/2023,RAP,SD,AGL,WE,Federal Contract Tower,12,24,19,0,55,0,3,17,4,24,12,27,36,4,79,38,12,50,129
03/01/2023,RAP,SD,AGL,WE,Federal Contract Tower,13,22,18,2,55,0,0,5,17,22,13,22,23,19,77,24,28,52,129
03/02/2023,RAP,SD,AGL,WE,Federal Contract Tower,11,17,24,1,53,0,1,19,17,37,11,18,43,18,90,30,2,32,122
03/03/2023,RAP,SD,AGL,WE,Federal Contract Tower,19,18,18,2,57,0,2,8,4,14,19,20,26,6,71,24,0,24,95
03/04/2023,RAP,SD,AGL,WE,Federal Contract Tower,13,21,16,0,50,0,0,0,0,0,13,21,16,0,50,48,6,54,104
03/05/2023,RAP,SD,AGL,WE,Federal Contract Tower,14,12,3,2,31,0,0,8,11,19,14,12,11,13,50,0,4,4,54
03/06/2023,RAP,SD,AGL,WE,Federal Contract Tower,18,12,10,0,40,0,0,0,0,0,18,12,10,0,40,0,0,0,40
03/07/2023,RAP,SD,AGL,WE,Federal Contract Tower,14,17,15,0,46,0,0,0,6,6,14,17,15,6,52,0,42,42,94
03/08/2023,RAP,SD,AGL,WE,Federal Contract Tower,11,27,15,4,57,0,0,0,0,0,11,27,15,4,57,0,0,0,57
03/09/2023,RAP,SD,AGL,WE,Federal Contract Tower,13,19,12,0,44,0,0,3,12,15,13,19,15,12,59,4,4,8,67
03/10/2023,RAP,SD,AGL,WE,Federal Contract Tower,15,18,22,0,55,0,2,11,0,13,15,20,33,0,68,0,24,24,92
03/11/2023,RAP,SD,AGL,WE,Federal Contract Tower,12,10,5,0,27,0,1,18,11,30,12,11,23,11,57,54,0,54,111
03/12/2023,RAP,SD,AGL,WE,Federal Contract Tower,12,10,13,2,37,0,1,36,14,51,12,11,49,16,88,78,0,78,166
03/13/2023,RAP,SD,AGL,WE,Federal Contract Tower,15,18,15,3,51,0,1,20,19,40,15,19,35,22,91,20,6,26,117
03/14/2023,RAP,SD,AGL,WE,Federal Contract Tower,11,26,14,1,52,0,2,27,18,47,11,28,41,19,99,50,1,51,150
03/15/2023,RAP,SD,AGL,WE,Federal Contract Tower,12,20,23,0,55,0,2,33,17,52,12,22,56,17,107,8,4,12,119
03/16/2023,RAP,SD,AGL,WE,Federal Contract Tower,11,20,23,0,54,0,1,6,12,19,11,21,29,12,73,24,0,24,97
03/17/2023,RAP,SD,AGL,WE,Federal Contract Tower,14,14,12,0,40,0,0,2,0,2,14,14,14,0,42,0,0,0,42
03/18/2023,RAP,SD,AGL,WE,Federal Contract Tower,14,16,8,1,39,0,1,34,3,38,14,17,42,4,77,26,6,32,109
03/19/2023,RAP,SD,AGL,WE,Federal Contract Tower,13,9,8,0,30,0,2,49,0,51,13,11,57,0,81,90,0,90,171
03/20/2023,RAP,SD,AGL,WE,Federal Contract Tower,15,22,11,0,48,0,1,7,0,8,15,23,18,0,56,6,0,6,62
03/21/2023,RAP,SD,AGL,WE,Federal Contract Tower,9,17,15,0,41,0,0,0,3,3,9,17,15,3,44,0,0,0,44
03/22/2023,RAP,SD,AGL,WE,Federal Contract Tower,14,30,28,1,73,0,0,20,14,34,14,30,48,15,107,22,40,62,169
03/23/2023,RAP,SD,AGL,WE,Federal Contract Tower,11,14,21,4,50,0,0,11,4,15,11,14,32,8,65,8,0,8,73
03/24/2023,RAP,SD,AGL,WE,Federal Contract Tower,13,19,42,0,74,0,0,34,6,40,13,19,76,6,114,38,0,38,152
03/25/2023,RAP,SD,AGL,WE,Federal Contract Tower,14,13,15,6,48,0,0,0,2,2,14,13,15,8,50,0,0,0,50
03/26/2023,RAP,SD,AGL,WE,Federal Contract Tower,13,13,12,1,39,0,0,5,0,5,13,13,17,1,44,18,0,18,62
03/27/2023,RAP,SD,AGL,WE,Federal Contract Tower,14,19,13,0,46,0,0,3,0,3,14,19,16,0,49,0,0,0,49
03/28/2023,RAP,SD,AGL,WE,Federal Contract Tower,14,19,23,0,56,0,0,23,6,29,14,19,46,6,85,12,0,12,97
03/29/2023,RAP,SD,AGL,WE,Federal Contract Tower,13,16,15,0,44,0,2,15,18,35,13,18,30,18,79,10,12,22,101
03/30/2023,RAP,SD,AGL,WE,Federal Contract Tower,11,24,17,11,63,0,2,35,21,58,11,26,52,32,121,30,4,34,155
03/31/2023,RAP,SD,AGL,WE,Federal Contract Tower,9,5,0,0,14,0,0,0,0,0,9,5,0,0,14,0,0,0,14
04/01/2023,RAP,SD,AGL,WE,Federal Contract Tower,12,14,19,0,45,0,2,30,0,32,12,16,49,0,77,22,0,22,99
04/02/2023,RAP,SD,AGL,WE,Federal Contract Tower,12,14,12,0,38,0,1,21,1,23,12,15,33,1,61,32,0,32,93
04/03/2023,RAP,SD,AGL,WE,Federal Contract Tower,16,13,10,0,39,0,0,14,0,14,16,13,24,0,53,42,0,42,95
04/04/2023,RAP,SD,AGL,WE,Federal Contract Tower,0,0,0,0,0,0,0,0,0,0,0,0,0,0,0,0,0,0,0
04/05/2023,RAP,SD,AGL,WE,Federal Contract Tower,6,21,4,1,32,0,1,2,11,14,6,22,6,12,46,4,0,4,50
04/06/2023,RAP,SD,AGL,WE,Federal Contract Tower,16,21,18,0,55,0,3,44,6,53,16,24,62,6,108,46,0,46,154
04/07/2023,RAP,SD,AGL,WE,Federal Contract Tower,19,12,20,0,51,0,1,25,6,32,19,13,45,6,83,58,6,64,147
04/08/2023,RAP,SD,AGL,WE,Federal Contract Tower,14,19,9,0,42,0,7,38,0,45,14,26,47,0,87,44,0,44,131
04/09/2023,RAP,SD,AGL,WE,Federal Contract Tower,13,11,9,0,33,0,2,21,0,23,13,13,30,0,56,46,0,46,102
04/10/2023,RAP,SD,AGL,WE,Federal Contract Tower,15,25,24,0,64,0,2,37,0,39,15,27,61,0,103,66,0,66,169
04/11/2023,RAP,SD,AGL,WE,Federal Contract Tower,16,18,23,0,57,0,4,35,4,43,16,22,58,4,100,4,0,4,104
04/12/2023,RAP,SD,AGL,WE,Federal Contract Tower,15,15,15,0,45,0,2,35,7,44,15,17,50,7,89,58,4,62,151
04/13/2023,RAP,SD,AGL,WE,Federal Contract Tower,16,19,15,0,50,0,0,26,8,34,16,19,41,8,84,66,0,66,150
04/14/2023,RAP,SD,AGL,WE,Federal Contract Tower,19,27,18,2,66,0,0,3,8,11,19,27,21,10,77,8,0,8,85
04/15/2023,RAP,SD,AGL,WE,Federal Contract Tower,11,24,6,0,41,0,2,19,2,23,11,26,25,2,64,22,0,22,86
04/16/2023,RAP,SD,AGL,WE,Federal Contract Tower,13,11,6,0,30,0,2,35,0,37,13,13,41,0,67,72,0,72,139
04/17/2023,RAP,SD,AGL,WE,Federal Contract Tower,29,20,13,0,62,0,2,51,1,54,29,22,64,1,116,80,0,80,196
04/18/2023,RAP,SD,AGL,WE,Federal Contract Tower,15,22,26,0,63,0,2,23,10,35,15,24,49,10,98,8,8,16,114
04/19/2023,RAP,SD,AGL,WE,Federal Contract Tower,15,22,14,2,53,0,1,28,16,45,15,23,42,18,98,8,8,16,114
04/20/2023,RAP,SD,AGL,WE,Federal Contract Tower,13,24,19,2,58,0,0,11,15,26,13,24,30,17,84,12,8,20,104
04/21/2023,RAP,SD,AGL,WE,Federal Contract Tower,19,18,18,2,57,0,0,14,4,18,19,18,32,6,75,0,0,0,75
04/22/2023,RAP,SD,AGL,WE,Federal Contract Tower,10,19,13,0,42,0,0,13,0,13,10,19,26,0,55,26,0,26,81
04/23/2023,RAP,SD,AGL,WE,Federal Contract Tower,15,12,11,0,38,0,1,61,0,62,15,13,72,0,100,62,0,62,162
04/24/2023,RAP,SD,AGL,WE,Federal Contract Tower,18,20,14,0,52,0,1,36,0,37,18,21,50,0,89,38,0,38,127
04/25/2023,RAP,SD,AGL,WE,Federal Contract Tower,12,24,13,2,51,0,0,12,4,16,12,24,25,6,67,6,0,6,73
04/26/2023,RAP,SD,AGL,WE,Federal Contract Tower,12,28,28,2,70,0,1,19,11,31,12,29,47,13,101,14,0,14,115
04/27/2023,RAP,SD,AGL,WE,Federal Contract Tower,14,19,14,0,47,0,0,17,8,25,14,19,31,8,72,24,6,30,102
04/28/2023,RAP,SD,AGL,WE,Federal Contract Tower,17,19,18,0,54,0,1,18,8,27,17,20,36,8,81,6,0,6,87
04/29/2023,RAP,SD,AGL,WE,Federal Contract Tower,12,20,8,0,40,0,3,4,0,7,12,23,12,0,47,8,0,8,55
04/30/2023,RAP,SD,AGL,WE,Federal Contract Tower,14,18,14,0,46,0,10,30,0,40,14,28,44,0,86,44,0,44,130
05/01/2023,RAP,SD,AGL,WE,Federal Contract Tower,18,17,18,0,53,0,1,45,2,48,18,18,63,2,101,82,0,82,183
05/02/2023,RAP,SD,AGL,WE,Federal Contract Tower,16,18,22,0,56,0,0,36,0,36,16,18,58,0,92,48,0,48,140
05/03/2023,RAP,SD,AGL,WE,Federal Contract Tower,14,19,20,0,53,0,3,29,0,32,14,22,49,0,85,20,0,20,105
05/04/2023,RAP,SD,AGL,WE,Federal Contract Tower,16,21,19,2,58,0,1,28,2,31,16,22,47,4,89,22,0,22,111
05/05/2023,RAP,SD,AGL,WE,Federal Contract Tower,21,17,16,4,58,0,0,26,2,28,21,17,42,6,86,28,0,28,114
05/06/2023,RAP,SD,AGL,WE,Federal Contract Tower,18,13,12,6,49,0,2,31,0,33,18,15,43,6,82,32,0,32,114
05/07/2023,RAP,SD,AGL,WE,Federal Contract Tower,19,7,18,0,44,0,0,31,0,31,19,7,49,0,75,34,0,34,109
05/08/2023,RAP,SD,AGL,WE,Federal Contract Tower,22,12,24,1,59,0,0,30,1,31,22,12,54,2,90,26,0,26,116
05/09/2023,RAP,SD,AGL,WE,Federal Contract Tower,19,12,25,2,58,0,2,32,6,40,19,14,57,8,98,10,4,14,112
05/10/2023,RAP,SD,AGL,WE,Federal Contract Tower,17,15,24,2,58,0,4,27,16,47,17,19,51,18,105,20,0,20,125
05/11/2023,RAP,SD,AGL,WE,Federal Contract Tower,18,12,28,0,58,0,0,3,7,10,18,12,31,7,68,0,6,6,74
05/12/2023,RAP,SD,AGL,WE,Federal Contract Tower,20,10,13,0,43,0,0,4,0,4,20,10,17,0,47,4,0,4,51
05/13/2023,RAP,SD,AGL,WE,Federal Contract Tower,13,18,9,0,40,0,0,0,0,0,13,18,9,0,40,0,0,0,40
05/14/2023,RAP,SD,AGL,WE,Federal Contract Tower,18,9,14,0,41,0,0,11,0,11,18,9,25,0,52,0,0,0,52
05/15/2023,RAP,SD,AGL,WE,Federal Contract Tower,22,21,28,0,71,0,3,44,12,59,22,24,72,12,130,76,0,76,206
05/16/2023,RAP,SD,AGL,WE,Federal Contract Tower,18,25,22,2,67,0,1,49,5,55,18,26,71,7,122,36,0,36,158
05/17/2023,RAP,SD,AGL,WE,Federal Contract Tower,16,19,11,2,48,0,0,8,3,11,16,19,19,5,59,28,0,28,87
05/18/2023,RAP,SD,AGL,WE,Federal Contract Tower,21,16,37,3,77,0,1,1,0,2,21,17,38,3,79,0,0,0,79
05/19/2023,RAP,SD,AGL,WE,Federal Contract Tower,20,17,38,0,75,0,3,40,4,47,20,20,78,4,122,58,0,58,180
05/20/2023,RAP,SD,AGL,WE,Federal Contract Tower,17,12,13,1,43,0,0,50,2,52,17,12,63,3,95,62,4,66,161
05/21/2023,RAP,SD,AGL,WE,Federal Contract Tower,17,11,20,0,48,0,2,45,2,49,17,13,65,2,97,104,0,104,201
05/22/2023,RAP,SD,AGL,WE,Federal Contract Tower,20,15,28,6,69,0,2,30,0,32,20,17,58,6,101,80,0,80,181
05/23/2023,RAP,SD,AGL,WE,Federal Contract Tower,18,20,24,0,62,0,0,36,2,38,18,20,60,2,100,76,0,76,176
05/24/2023,RAP,SD,AGL,WE,Federal Contract Tower,19,22,14,1,56,0,6,22,21,49,19,28,36,22,105,8,10,18,123
05/25/2023,RAP,SD,AGL,WE,Federal Contract Tower,17,20,31,5,73,0,3,12,0,15,17,23,43,5,88,20,0,20,108
05/26/2023,RAP,SD,AGL,WE,Federal Contract Tower,22,21,25,5,73,0,5,24,8,37,22,26,49,13,110,40,0,40,150
05/27/2023,RAP,SD,AGL,WE,Federal Contract Tower,15,12,13,0,40,0,0,13,2,15,15,12,26,2,55,0,12,12,67
05/28/2023,RAP,SD,AGL,WE,Federal Contract Tower,17,8,5,0,30,0,0,38,0,38,17,8,43,0,68,110,0,110,178
05/29/2023,RAP,SD,AGL,WE,Federal Contract Tower,20,13,19,0,52,0,0,28,0,28,20,13,47,0,80,22,0,22,102
05/30/2023,RAP,SD,AGL,WE,Federal Contract Tower,14,24,21,0,59,0,2,20,0,22,14,26,41,0,81,0,0,0,81
05/31/2023,RAP,SD,AGL,WE,Federal Contract Tower,19,25,18,1,63,0,3,48,11,62,19,28,66,12,125,60,14,74,199
06/01/2023,RAP,SD,AGL,WE,Federal Contract Tower,23,23,14,5,65,0,1,34,9,44,23,24,48,14,109,104,10,114,223
06/02/2023,RAP,SD,AGL,WE,Federal Contract Tower,25,19,27,0,71,0,2,18,0,20,25,21,45,0,91,0,0,0,91
06/03/2023,RAP,SD,AGL,WE,Federal Contract Tower,30,9,21,1,61,0,4,38,0,42,30,13,59,1,103,62,0,62,165
06/04/2023,RAP,SD,AGL,WE,Federal Contract Tower,28,9,16,1,54,0,1,42,0,43,28,10,58,1,97,86,0,86,183
06/05/2023,RAP,SD,AGL,WE,Federal Contract Tower,27,12,22,1,62,0,3,24,0,27,27,15,46,1,89,12,0,12,101
06/06/2023,RAP,SD,AGL,WE,Federal Contract Tower,24,17,24,2,67,0,8,25,8,41,24,25,49,10,108,4,0,4,112
06/07/2023,RAP,SD,AGL,WE,Federal Contract Tower,24,24,13,1,62,0,1,31,18,50,24,25,44,19,112,26,6,32,144
06/08/2023,RAP,SD,AGL,WE,Federal Contract Tower,23,21,11,3,58,0,2,46,8,56,23,23,57,11,114,56,0,56,170
06/09/2023,RAP,SD,AGL,WE,Federal Contract Tower,31,19,31,2,83,0,2,36,1,39,31,21,67,3,122,50,0,50,172
06/10/2023,RAP,SD,AGL,WE,Federal Contract Tower,27,17,10,0,54,0,0,0,2,2,27,17,10,2,56,0,0,0,56
06/11/2023,RAP,SD,AGL,WE,Federal Contract Tower,25,14,20,0,59,0,0,15,8,23,25,14,35,8,82,58,0,58,140
06/12/2023,RAP,SD,AGL,WE,Federal Contract Tower,27,13,19,0,59,0,3,23,0,26,27,16,42,0,85,24,0,24,109
06/13/2023,RAP,SD,AGL,WE,Federal Contract Tower,29,15,21,0,65,0,2,39,1,42,29,17,60,1,107,102,0,102,209
06/14/2023,RAP,SD,AGL,WE,Federal Contract Tower,30,14,28,2,74,0,0,53,20,73,30,14,81,22,147,44,0,44,191
06/15/2023,RAP,SD,AGL,WE,Federal Contract Tower,31,15,25,1,72,0,0,13,10,23,31,15,38,11,95,24,0,24,119
06/16/2023,RAP,SD,AGL,WE,Federal Contract Tower,26,16,35,1,78,0,2,23,3,28,26,18,58,4,106,8,0,8,114
06/17/2023,RAP,SD,AGL,WE,Federal Contract Tower,25,15,18,0,58,0,4,41,4,49,25,19,59,4,107,32,0,32,139
06/18/2023,RAP,SD,AGL,WE,Federal Contract Tower,26,6,13,0,45,0,1,39,1,41,26,7,52,1,86,40,0,40,126
06/19/2023,RAP,SD,AGL,WE,Federal Contract Tower,31,12,30,4,77,0,1,22,2,25,31,13,52,6,102,40,6,46,148
06/20/2023,RAP,SD,AGL,WE,Federal Contract Tower,28,9,14,2,53,0,1,29,2,32,28,10,43,4,85,54,16,70,155
06/21/2023,RAP,SD,AGL,WE,Federal Contract Tower,28,15,32,3,78,0,2,7,6,15,28,17,39,9,93,20,4,24,117
06/22/2023,RAP,SD,AGL,WE,Federal Contract Tower,29,17,28,4,78,0,0,18,16,34,29,17,46,20,112,34,0,34,146
06/23/2023,RAP,SD,AGL,WE,Federal Contract Tower,26,16,25,0,67,0,0,7,0,7,26,16,32,0,74,0,0,0,74
06/24/2023,RAP,SD,AGL,WE,Federal Contract Tower,27,21,11,0,59,0,0,8,0,8,27,21,19,0,67,0,0,0,67
06/25/2023,RAP,SD,AGL,WE,Federal Contract Tower,29,19,30,0,78,0,0,125,2,127,29,19,155,2,205,26,0,26,231
06/26/2023,RAP,SD,AGL,WE,Federal Contract Tower,30,11,17,7,65,0,3,37,0,40,30,14,54,7,105,40,0,40,145
06/27/2023,RAP,SD,AGL,WE,Federal Contract Tower,22,17,23,0,62,0,5,34,2,41,22,22,57,2,103,66,0,66,169
06/28/2023,RAP,SD,AGL,WE,Federal Contract Tower,23,17,25,0,65,0,1,20,4,25,23,18,45,4,90,12,4,16,106
06/29/2023,RAP,SD,AGL,WE,Federal Contract Tower,25,16,19,1,61,0,1,36,12,49,25,17,55,13,110,28,24,52,162
06/30/2023,RAP,SD,AGL,WE,Federal Contract Tower,27,17,37,1,82,0,1,28,1,30,27,18,65,2,112,38,0,38,150
07/01/2023,RAP,SD,AGL,WE,Federal Contract Tower,29,9,19,0,57,0,4,66,2,72,29,13,85,2,129,52,0,52,181
07/02/2023,RAP,SD,AGL,WE,Federal Contract Tower,27,4,14,0,45,0,5,43,0,48,27,9,57,0,93,74,0,74,167
07/03/2023,RAP,SD,AGL,WE,Federal Contract Tower,28,11,16,0,55,0,1,20,0,21,28,12,36,0,76,38,0,38,114
07/04/2023,RAP,SD,AGL,WE,Federal Contract Tower,26,12,9,0,47,0,1,4,0,5,26,13,13,0,52,12,0,12,64
07/05/2023,RAP,SD,AGL,WE,Federal Contract Tower,27,25,24,1,77,0,0,78,11,89,27,25,102,12,166,70,0,70,236
07/06/2023,RAP,SD,AGL,WE,Federal Contract Tower,26,21,29,0,76,0,3,43,8,54,26,24,72,8,130,38,4,42,172
07/07/2023,RAP,SD,AGL,WE,Federal Contract Tower,27,11,20,0,58,0,1,30,2,33,27,12,50,2,91,26,4,30,121
07/08/2023,RAP,SD,AGL,WE,Federal Contract Tower,28,11,15,0,54,0,0,50,0,50,28,11,65,0,104,84,0,84,188
07/09/2023,RAP,SD,AGL,WE,Federal Contract Tower,26,6,17,0,49,0,1,45,0,46,26,7,62,0,95,58,0,58,153
07/10/2023,RAP,SD,AGL,WE,Federal Contract Tower,30,10,13,0,53,0,6,26,0,32,30,16,39,0,85,48,0,48,133
07/11/2023,RAP,SD,AGL,WE,Federal Contract Tower,29,14,27,0,70,0,0,16,2,18,29,14,43,2,88,0,0,0,88
07/12/2023,RAP,SD,AGL,WE,Federal Contract Tower,27,20,26,0,73,0,1,52,15,68,27,21,78,15,141,48,16,64,205
07/13/2023,RAP,SD,AGL,WE,Federal Contract Tower,28,14,29,1,72,0,1,40,16,57,28,15,69,17,129,20,14,34,163
07/14/2023,RAP,SD,AGL,WE,Federal Contract Tower,30,16,25,2,73,0,0,36,0,36,30,16,61,2,109,42,4,46,155
07/15/2023,RAP,SD,AGL,WE,Federal Contract Tower,23,15,15,0,53,0,2,29,0,31,23,17,44,0,84,18,0,18,102
07/16/2023,RAP,SD,AGL,WE,Federal Contract Tower,29,9,13,4,55,0,0,24,0,24,29,9,37,4,79,18,0,18,97
07/17/2023,RAP,SD,AGL,WE,Federal Contract Tower,30,18,33,2,83,0,0,20,1,21,30,18,53,3,104,0,0,0,104
07/18/2023,RAP,SD,AGL,WE,Federal Contract Tower,24,22,30,0,76,0,0,18,1,19,24,22,48,1,95,36,12,48,143
07/19/2023,RAP,SD,AGL,WE,Federal Contract Tower,27,23,30,3,83,0,0,41,7,48,27,23,71,10,131,84,14,98,229
07/20/2023,RAP,SD,AGL,WE,Federal Contract Tower,29,14,30,6,79,0,1,49,17,67,29,15,79,23,146,60,0,60,206
07/21/2023,RAP,SD,AGL,WE,Federal Contract Tower,28,17,33,6,84,0,0,84,4,88,28,17,117,10,172,48,0,48,220
07/22/2023,RAP,SD,AGL,WE,Federal Contract Tower,29,16,23,0,68,0,1,53,1,55,29,17,76,1,123,26,0,26,149
07/23/2023,RAP,SD,AGL,WE,Federal Contract Tower,35,5,20,0,60,0,0,42,6,48,35,5,62,6,108,28,0,28,136
07/24/2023,RAP,SD,AGL,WE,Federal Contract Tower,28,10,28,0,66,0,2,31,6,39,28,12,59,6,105,4,0,4,109
07/25/2023,RAP,SD,AGL,WE,Federal Contract Tower,33,16,26,2,77,0,2,58,4,64,33,18,84,6,141,20,0,20,161
07/26/2023,RAP,SD,AGL,WE,Federal Contract Tower,33,11,38,0,82,4,2,33,18,57,37,13,71,18,139,34,4,38,177
07/27/2023,RAP,SD,AGL,WE,Federal Contract Tower,25,10,40,1,76,0,3,45,16,64,25,13,85,17,140,24,6,30,170
07/28/2023,RAP,SD,AGL,WE,Federal Contract Tower,31,9,41,0,81,0,1,53,5,59,31,10,94,5,140,24,0,24,164
07/29/2023,RAP,SD,AGL,WE,Federal Contract Tower,29,18,13,0,60,0,2,35,11,48,29,20,48,11,108,36,0,36,144
07/30/2023,RAP,SD,AGL,WE,Federal Contract Tower,26,12,29,0,67,0,1,45,19,65,26,13,74,19,132,30,0,30,162
07/31/2023,RAP,SD,AGL,WE,Federal Contract Tower,29,5,17,0,51,0,0,49,9,58,29,5,66,9,109,24,0,24,133
08/01/2023,RAP,SD,AGL,WE,Federal Contract Tower,24,20,16,0,60,0,1,59,13,73,24,21,75,13,133,78,74,152,285
08/02/2023,RAP,SD,AGL,WE,Federal Contract Tower,23,25,29,0,77,0,2,49,24,75,23,27,78,24,152,68,52,120,272
08/03/2023,RAP,SD,AGL,WE,Federal Contract Tower,25,11,15,0,51,0,1,29,20,50,25,12,44,20,101,22,32,54,155
08/04/2023,RAP,SD,AGL,WE,Federal Contract Tower,29,18,32,0,79,0,0,9,1,10,29,18,41,1,89,0,6,6,95
08/05/2023,RAP,SD,AGL,WE,Federal Contract Tower,26,16,15,5,62,0,3,1,0,4,26,19,16,5,66,0,0,0,66
08/06/2023,RAP,SD,AGL,WE,Federal Contract Tower,25,15,34,0,74,0,1,51,3,55,25,16,85,3,129,10,0,10,139
08/07/2023,RAP,SD,AGL,WE,Federal Contract Tower,29,12,38,0,79,0,5,32,2,39,29,17,70,2,118,60,0,60,178
08/08/2023,RAP,SD,AGL,WE,Federal Contract Tower,23,20,26,0,69,0,2,56,6,64,23,22,82,6,133,82,0,82,215
08/09/2023,RAP,SD,AGL,WE,Federal Contract Tower,25,18,21,0,64,0,0,55,8,63,25,18,76,8,127,82,2,84,211
08/10/2023,RAP,SD,AGL,WE,Federal Contract Tower,24,21,31,0,76,0,6,40,31,77,24,27,71,31,153,26,8,34,187
08/11/2023,RAP,SD,AGL,WE,Federal Contract Tower,30,13,30,2,75,0,2,51,4,57,30,15,81,6,132,40,30,70,202
08/12/2023,RAP,SD,AGL,WE,Federal Contract Tower,27,14,17,2,60,0,0,43,2,45,27,14,60,4,105,20,0,20,125
08/13/2023,RAP,SD,AGL,WE,Federal Contract Tower,28,10,21,3,62,0,0,12,4,16,28,10,33,7,78,10,0,10,88
08/14/2023,RAP,SD,AGL,WE,Federal Contract Tower,28,17,34,0,79,0,0,38,0,38,28,17,72,0,117,6,0,6,123
08/15/2023,RAP,SD,AGL,WE,Federal Contract Tower,24,24,25,4,77,0,1,39,3,43,24,25,64,7,120,12,16,28,148
08/16/2023,RAP,SD,AGL,WE,Federal Contract Tower,23,18,13,1,55,0,6,36,10,52,23,24,49,11,107,9,0,9,116
08/17/2023,RAP,SD,AGL,WE,Federal Contract Tower,32,13,29,0,74,0,2,59,13,74,32,15,88,13,148,12,2,14,162
08/18/2023,RAP,SD,AGL,WE,Federal Contract Tower,32,19,27,0,78,0,5,32,0,37,32,24,59,0,115,0,0,0,115
08/19/2023,RAP,SD,AGL,WE,Federal Contract Tower,24,10,10,0,44,0,1,13,0,14,24,11,23,0,58,6,0,6,64
08/20/2023,RAP,SD,AGL,WE,Federal Contract Tower,27,16,32,2,77,0,1,33,0,34,27,17,65,2,111,68,0,68,179
08/21/2023,RAP,SD,AGL,WE,Federal Contract Tower,34,16,31,2,83,0,2,34,0,36,34,18,65,2,119,56,0,56,175
08/22/2023,RAP,SD,AGL,WE,Federal Contract Tower,28,14,17,0,59,0,3,25,2,30,28,17,42,2,89,32,0,32,121
08/23/2023,RAP,SD,AGL,WE,Federal Contract Tower,28,12,25,0,65,0,1,36,18,55,28,13,61,18,120,38,10,48,168
08/24/2023,RAP,SD,AGL,WE,Federal Contract Tower,25,13,29,1,68,0,8,44,12,64,25,21,73,13,132,58,0,58,190
08/25/2023,RAP,SD,AGL,WE,Federal Contract Tower,26,13,36,1,76,0,3,36,0,39,26,16,72,1,115,45,0,45,160
08/26/2023,RAP,SD,AGL,WE,Federal Contract Tower,24,13,27,1,65,0,6,53,0,59,24,19,80,1,124,38,0,38,162
08/27/2023,RAP,SD,AGL,WE,Federal Contract Tower,25,3,20,1,49,0,2,37,0,39,25,5,57,1,88,50,0,50,138
08/28/2023,RAP,SD,AGL,WE,Federal Contract Tower,26,11,25,5,67,0,0,54,1,55,26,11,79,6,122,30,0,30,152
08/29/2023,RAP,SD,AGL,WE,Federal Contract Tower,24,18,24,2,68,0,2,40,0,42,24,20,64,2,110,32,0,32,142
08/30/2023,RAP,SD,AGL,WE,Federal Contract Tower,23,18,25,3,69,0,4,34,7,45,23,22,59,10,114,14,0,14,128
08/31/2023,RAP,SD,AGL,WE,Federal Contract Tower,26,18,32,2,78,0,3,32,19,54,26,21,64,21,132,42,14,56,188
