01/01/2000,RDG,PA,AEA,EN,Towers with Radar,0,15,17,0,32,0,1,18,0,19,0,16,35,0,51,32,0,32,83
01/02/2000,RDG,PA,AEA,EN,Towers with Radar,0,23,51,0,74,0,0,34,0,34,0,23,85,0,108,106,0,106,214
01/03/2000,RDG,PA,AEA,EN,Towers with Radar,0,29,39,2,70,0,2,26,0,28,0,31,65,2,98,102,0,102,200
01/04/2000,RDG,PA,AEA,EN,Towers with Radar,0,32,25,0,57,0,1,23,0,24,0,33,48,0,81,8,0,8,89
01/05/2000,RDG,PA,AEA,EN,Towers with Radar,0,39,57,0,96,0,2,95,0,97,0,41,152,0,193,172,0,172,365
01/06/2000,RDG,PA,AEA,EN,Towers with Radar,0,30,62,0,92,0,6,164,0,170,0,36,226,0,262,212,4,216,478
01/07/2000,RDG,PA,AEA,EN,Towers with Radar,0,21,48,0,69,0,0,154,0,154,0,21,202,0,223,250,10,260,483
01/08/2000,RDG,PA,AEA,EN,Towers with Radar,0,27,21,0,48,0,11,209,0,220,0,38,230,0,268,222,0,222,490
01/09/2000,RDG,PA,AEA,EN,Towers with Radar,0,29,35,1,65,0,6,108,1,115,0,35,143,2,180,86,26,112,292
01/10/2000,RDG,PA,AEA,EN,Towers with Radar,0,20,16,0,36,0,5,0,0,5,0,25,16,0,41,0,0,0,41
01/11/2000,RDG,PA,AEA,EN,Towers with Radar,0,22,39,0,61,0,9,77,0,86,0,31,116,0,147,114,0,114,261
01/12/2000,RDG,PA,AEA,EN,Towers with Radar,0,31,47,6,84,0,14,166,12,192,0,45,213,18,276,178,24,202,478
01/13/2000,RDG,PA,AEA,EN,Towers with Radar,0,14,37,0,51,0,0,93,0,93,0,14,130,0,144,94,4,98,242
01/14/2000,RDG,PA,AEA,EN,Towers with Radar,0,31,42,0,73,0,5,79,4,88,0,36,121,4,161,74,8,82,243
01/15/2000,RDG,PA,AEA,EN,Towers with Radar,0,28,55,0,83,0,6,251,0,257,0,34,306,0,340,264,0,264,604
01/16/2000,RDG,PA,AEA,EN,Towers with Radar,0,31,31,0,62,0,2,155,0,157,0,33,186,0,219,218,0,218,437
01/17/2000,RDG,PA,AEA,EN,Towers with Radar,0,25,33,0,58,0,26,72,0,98,0,51,105,0,156,80,0,80,236
01/18/2000,RDG,PA,AEA,EN,Towers with Radar,0,34,42,3,79,0,6,153,4,163,0,40,195,7,242,162,14,176,418
01/19/2000,RDG,PA,AEA,EN,Towers with Radar,0,29,49,0,78,0,8,107,2,117,0,37,156,2,195,104,2,106,301
01/20/2000,RDG,PA,AEA,EN,Towers with Radar,0,28,36,0,64,0,10,5,0,15,0,38,41,0,79,22,0,22,101
01/21/2000,RDG,PA,AEA,EN,Towers with Radar,0,32,20,0,52,0,6,49,0,55,0,38,69,0,107,102,0,102,209
01/22/2000,RDG,PA,AEA,EN,Towers with Radar,0,22,29,0,51,2,9,109,1,121,2,31,138,1,172,96,0,96,268
01/23/2000,RDG,PA,AEA,EN,Towers with Radar,0,19,15,2,36,0,9,11,0,20,0,28,26,2,56,58,4,62,118
01/24/2000,RDG,PA,AEA,EN,Towers with Radar,0,34,43,2,79,0,7,126,6,139,0,41,169,8,218,196,4,200,418
01/25/2000,RDG,PA,AEA,EN,Towers with Radar,0,12,16,0,28,0,3,0,0,3,0,15,16,0,31,0,0,0,31
01/26/2000,RDG,PA,AEA,EN,Towers with Radar,0,18,23,0,41,0,6,58,0,64,0,24,81,0,105,78,0,78,183
01/27/2000,RDG,PA,AEA,EN,Towers with Radar,0,29,41,6,76,0,17,93,6,116,0,46,134,12,192,138,4,142,334
01/28/2000,RDG,PA,AEA,EN,Towers with Radar,0,31,22,0,53,0,14,111,0,125,0,45,133,0,178,80,0,80,258
01/29/2000,RDG,PA,AEA,EN,Towers with Radar,0,23,49,0,72,0,16,199,0,215,0,39,248,0,287,260,0,260,547
01/30/2000,RDG,PA,AEA,EN,Towers with Radar,2,14,20,0,36,0,4,67,0,71,2,18,87,0,107,96,0,96,203
01/31/2000,RDG,PA,AEA,EN,Towers with Radar,0,31,16,0,47,0,1,18,0,19,0,32,34,0,66,2,0,2,68
02/01/2000,RDG,PA,AEA,EN,Towers with Radar,1,30,50,3,84,0,1,118,1,120,1,31,168,4,204,106,0,106,310
02/02/2000,RDG,PA,AEA,EN,Towers with Radar,0,24,22,2,48,0,7,114,0,121,0,31,136,2,169,122,2,124,293
02/03/2000,RDG,PA,AEA,EN,Towers with Radar,0,26,43,0,69,0,5,66,0,71,0,31,109,0,140,68,0,68,208
02/04/2000,RDG,PA,AEA,EN,Towers with Radar,0,33,47,6,86,0,1,0,0,1,0,34,47,6,87,0,0,0,87
02/05/2000,RDG,PA,AEA,EN,Towers with Radar,0,28,24,1,53,0,38,156,1,195,0,66,180,2,248,228,2,230,478
02/06/2000,RDG,PA,AEA,EN,Towers with Radar,0,21,50,6,77,0,4,166,0,170,0,25,216,6,247,254,16,270,517
02/07/2000,RDG,PA,AEA,EN,Towers with Radar,0,27,39,0,66,0,4,107,0,111,0,31,146,0,177,160,0,160,337
02/08/2000,RDG,PA,AEA,EN,Towers with Radar,0,29,38,0,67,0,13,154,0,167,0,42,192,0,234,148,12,160,394
02/09/2000,RDG,PA,AEA,EN,Towers with Radar,0,24,45,0,69,0,5,165,0,170,0,29,210,0,239,174,0,174,413
02/10/2000,RDG,PA,AEA,EN,Towers with Radar,0,30,73,0,103,0,3,99,0,102,0,33,172,0,205,98,0,98,303
02/11/2000,RDG,PA,AEA,EN,Towers with Radar,0,21,61,0,82,0,0,3,0,3,0,21,64,0,85,30,0,30,115
02/12/2000,RDG,PA,AEA,EN,Towers with Radar,2,15,47,0,64,0,16,217,0,233,2,31,264,0,297,294,0,294,591
02/13/2000,RDG,PA,AEA,EN,Towers with Radar,0,23,60,0,83,0,0,89,0,89,0,23,149,0,172,190,0,190,362
02/14/2000,RDG,PA,AEA,EN,Towers with Radar,0,21,21,0,42,0,1,0,0,1,0,22,21,0,43,0,0,0,43
02/15/2000,RDG,PA,AEA,EN,Towers with Radar,0,23,47,0,70,0,14,175,0,189,0,37,222,0,259,226,0,226,485
02/16/2000,RDG,PA,AEA,EN,Towers with Radar,0,25,28,0,53,0,9,111,0,120,0,34,139,0,173,182,0,182,355
02/17/2000,RDG,PA,AEA,EN,Towers with Radar,0,28,48,2,78,0,4,166,0,170,0,32,214,2,248,218,4,222,470
02/18/2000,RDG,PA,AEA,EN,Towers with Radar,0,15,6,0,21,0,5,2,0,7,0,20,8,0,28,4,0,4,32
02/19/2000,RDG,PA,AEA,EN,Towers with Radar,0,30,23,0,53,0,1,9,0,10,0,31,32,0,63,4,0,4,67
02/20/2000,RDG,PA,AEA,EN,Towers with Radar,2,24,63,0,89,0,6,107,0,113,2,30,170,0,202,198,0,198,400
02/21/2000,RDG,PA,AEA,EN,Towers with Radar,0,29,55,0,84,0,5,157,0,162,0,34,212,0,246,276,0,276,522
02/22/2000,RDG,PA,AEA,EN,Towers with Radar,0,29,55,1,85,0,9,127,9,145,0,38,182,10,230,330,20,350,580
02/23/2000,RDG,PA,AEA,EN,Towers with Radar,0,40,79,0,119,0,0,136,0,136,0,40,215,0,255,228,0,228,483
02/24/2000,RDG,PA,AEA,EN,Towers with Radar,0,36,73,1,110,0,0,161,1,162,0,36,234,2,272,272,0,272,544
02/25/2000,RDG,PA,AEA,EN,Towers with Radar,0,39,82,2,123,0,0,131,2,133,0,39,213,4,256,176,16,192,448
02/26/2000,RDG,PA,AEA,EN,Towers with Radar,2,28,100,0,130,0,0,16,0,16,2,28,116,0,146,66,0,66,212
02/27/2000,RDG,PA,AEA,EN,Towers with Radar,0,26,53,0,79,0,0,5,0,5,0,26,58,0,84,26,0,26,110
02/28/2000,RDG,PA,AEA,EN,Towers with Radar,0,30,48,0,78,0,10,118,1,129,0,40,166,1,207,146,0,146,353
02/29/2000,RDG,PA,AEA,EN,Towers with Radar,0,29,73,0,102,0,6,206,2,214,0,35,279,2,316,282,6,288,604
03/01/2000,RDG,PA,AEA,EN,Towers with Radar,0,28,49,0,77,0,8,70,1,79,0,36,119,1,156,104,14,118,274
03/02/2000,RDG,PA,AEA,EN,Towers with Radar,0,37,64,1,102,0,7,118,5,130,0,44,182,6,232,182,0,182,414
03/03/2000,RDG,PA,AEA,EN,Towers with Radar,0,35,67,1,103,0,0,119,2,121,0,35,186,3,224,214,4,218,442
03/04/2000,RDG,PA,AEA,EN,Towers with Radar,0,20,35,0,55,0,9,112,0,121,0,29,147,0,176,142,0,142,318
03/05/2000,RDG,PA,AEA,EN,Towers with Radar,1,28,50,0,79,1,2,123,0,126,2,30,173,0,205,254,8,262,467
03/06/2000,RDG,PA,AEA,EN,Towers with Radar,0,43,74,1,118,0,11,248,6,265,0,54,322,7,383,352,6,358,741
03/07/2000,RDG,PA,AEA,EN,Towers with Radar,0,32,55,0,87,0,3,217,0,220,0,35,272,0,307,288,2,290,597
03/08/2000,RDG,PA,AEA,EN,Towers with Radar,0,43,76,1,120,0,0,74,2,76,0,43,150,3,196,138,2,140,336
03/09/2000,RDG,PA,AEA,EN,Towers with Radar,0,32,56,0,88,0,3,15,0,18,0,35,71,0,106,6,0,6,112
03/10/2000,RDG,PA,AEA,EN,Towers with Radar,0,34,59,2,95,0,1,114,0,115,0,35,173,2,210,202,0,202,412
03/11/2000,RDG,PA,AEA,EN,Towers with Radar,0,25,43,1,69,2,1,155,7,165,2,26,198,8,234,272,2,274,508
03/12/2000,RDG,PA,AEA,EN,Towers with Radar,0,20,36,1,57,0,6,221,2,229,0,26,257,3,286,256,2,258,544
03/13/2000,RDG,PA,AEA,EN,Towers with Radar,0,21,37,1,59,0,10,20,3,33,0,31,57,4,92,50,0,50,142
03/14/2000,RDG,PA,AEA,EN,Towers with Radar,0,30,53,2,85,0,18,157,10,185,0,48,210,12,270,204,36,240,510
03/15/2000,RDG,PA,AEA,EN,Towers with Radar,0,27,47,1,75,0,5,156,1,162,0,32,203,2,237,188,10,198,435
03/16/2000,RDG,PA,AEA,EN,Towers with Radar,0,30,50,1,81,0,1,154,2,157,0,31,204,3,238,232,4,236,474
03/17/2000,RDG,PA,AEA,EN,Towers with Radar,0,25,41,1,67,0,16,208,9,233,0,41,249,10,300,260,12,272,572
03/18/2000,RDG,PA,AEA,EN,Towers with Radar,0,19,32,1,52,0,7,61,1,69,0,26,93,2,121,164,20,184,305
03/19/2000,RDG,PA,AEA,EN,Towers with Radar,0,22,33,0,55,2,8,0,0,10,2,30,33,0,65,20,0,20,85
03/20/2000,RDG,PA,AEA,EN,Towers with Radar,0,32,54,0,86,0,1,154,0,155,0,33,208,0,241,326,0,326,567
03/21/2000,RDG,PA,AEA,EN,Towers with Radar,0,27,45,1,73,0,3,74,1,78,0,30,119,2,151,164,0,164,315
03/22/2000,RDG,PA,AEA,EN,Towers with Radar,0,31,52,0,83,0,11,120,0,131,0,42,172,0,214,208,0,208,422
03/23/2000,RDG,PA,AEA,EN,Towers with Radar,0,34,66,2,102,0,0,232,4,236,0,34,298,6,338,298,0,298,636
03/24/2000,RDG,PA,AEA,EN,Towers with Radar,0,30,50,0,80,0,7,169,0,176,0,37,219,0,256,228,0,228,484
03/25/2000,RDG,PA,AEA,EN,Towers with Radar,0,23,41,1,65,2,0,192,0,194,2,23,233,1,259,234,0,234,493
03/26/2000,RDG,PA,AEA,EN,Towers with Radar,0,28,51,2,81,0,0,173,0,173,0,28,224,2,254,256,12,268,522
03/27/2000,RDG,PA,AEA,EN,Towers with Radar,0,23,38,0,61,0,9,127,6,142,0,32,165,6,203,148,4,152,355
03/28/2000,RDG,PA,AEA,EN,Towers with Radar,0,30,49,0,79,0,5,90,0,95,0,35,139,0,174,86,0,86,260
03/29/2000,RDG,PA,AEA,EN,Towers with Radar,0,27,45,0,72,0,16,145,0,161,0,43,190,0,233,144,0,144,377
03/30/2000,RDG,PA,AEA,EN,Towers with Radar,0,26,43,0,69,0,13,188,14,215,0,39,231,14,284,238,18,256,540
03/31/2000,RDG,PA,AEA,EN,Towers with Radar,0,28,47,0,75,0,2,231,0,233,0,30,278,0,308,266,0,266,574
04/01/2000,RDG,PA,AEA,EN,Towers with Radar,0,32,46,0,78,0,6,260,0,266,0,38,306,0,344,346,0,346,690
04/02/2000,RDG,PA,AEA,EN,Towers with Radar,1,28,57,1,87,0,0,133,1,134,1,28,190,2,221,278,0,278,499
04/03/2000,RDG,PA,AEA,EN,Towers with Radar,0,49,69,0,118,0,2,46,0,48,0,51,115,0,166,52,0,52,218
04/04/2000,RDG,PA,AEA,EN,Towers with Radar,0,33,40,1,74,0,11,76,1,88,0,44,116,2,162,64,16,80,242
04/05/2000,RDG,PA,AEA,EN,Towers with Radar,0,27,55,0,82,0,13,112,0,125,0,40,167,0,207,172,2,174,381
04/06/2000,RDG,PA,AEA,EN,Towers with Radar,0,26,35,2,63,0,11,166,4,181,0,37,201,6,244,172,8,180,424
04/07/2000,RDG,PA,AEA,EN,Towers with Radar,0,28,51,0,79,0,14,240,0,254,0,42,291,0,333,304,0,304,637
04/08/2000,RDG,PA,AEA,EN,Towers with Radar,0,22,62,0,84,0,3,35,0,38,0,25,97,0,122,124,0,124,246
04/09/2000,RDG,PA,AEA,EN,Towers with Radar,0,27,17,0,44,0,0,24,0,24,0,27,41,0,68,10,0,10,78
04/10/2000,RDG,PA,AEA,EN,Towers with Radar,0,39,43,0,82,0,2,143,0,145,0,41,186,0,227,224,8,232,459
04/11/2000,RDG,PA,AEA,EN,Towers with Radar,0,22,53,1,76,0,2,83,1,86,0,24,136,2,162,152,6,158,320
04/12/2000,RDG,PA,AEA,EN,Towers with Radar,0,24,58,6,88,0,14,120,7,141,0,38,178,13,229,180,20,200,429
04/13/2000,RDG,PA,AEA,EN,Towers with Radar,0,29,56,1,86,0,7,168,0,175,0,36,224,1,261,248,0,248,509
04/14/2000,RDG,PA,AEA,EN,Towers with Radar,0,25,53,1,79,0,10,214,9,233,0,35,267,10,312,218,6,224,536
04/15/2000,RDG,PA,AEA,EN,Towers with Radar,2,26,59,0,87,0,0,20,0,20,2,26,79,0,107,26,0,26,133
04/16/2000,RDG,PA,AEA,EN,Towers with Radar,0,28,81,9,118,0,0,122,5,127,0,28,203,14,245,252,0,252,497
04/17/2000,RDG,PA,AEA,EN,Towers with Radar,0,35,45,0,80,0,0,31,0,31,0,35,76,0,111,54,0,54,165
04/18/2000,RDG,PA,AEA,EN,Towers with Radar,0,35,67,0,102,0,0,38,0,38,0,35,105,0,140,58,0,58,198
04/19/2000,RDG,PA,AEA,EN,Towers with Radar,0,37,71,1,109,0,4,147,9,160,0,41,218,10,269,314,20,334,603
04/20/2000,RDG,PA,AEA,EN,Towers with Radar,0,32,60,1,93,0,4,142,3,149,0,36,202,4,242,236,10,246,488
04/21/2000,RDG,PA,AEA,EN,Towers with Radar,0,28,19,0,47,0,3,1,0,4,0,31,20,0,51,2,0,2,53
04/22/2000,RDG,PA,AEA,EN,Towers with Radar,0,26,78,0,104,0,0,85,0,85,0,26,163,0,189,230,0,230,419
04/23/2000,RDG,PA,AEA,EN,Towers with Radar,1,25,35,0,61,0,4,46,0,50,1,29,81,0,111,44,0,44,155
04/24/2000,RDG,PA,AEA,EN,Towers with Radar,0,27,64,2,93,0,8,216,0,224,0,35,280,2,317,280,4,284,601
04/25/2000,RDG,PA,AEA,EN,Towers with Radar,0,29,67,5,101,0,10,186,4,200,0,39,253,9,301,360,22,382,683
04/26/2000,RDG,PA,AEA,EN,Towers with Radar,0,24,75,0,99,0,5,170,0,175,0,29,245,0,274,304,0,304,578
04/27/2000,RDG,PA,AEA,EN,Towers with Radar,0,31,83,0,114,0,3,88,0,91,0,34,171,0,205,194,0,194,399
04/28/2000,RDG,PA,AEA,EN,Towers with Radar,0,34,66,0,100,0,3,129,8,140,0,37,195,8,240,166,8,174,414
04/29/2000,RDG,PA,AEA,EN,Towers with Radar,2,21,66,0,89,0,6,171,0,177,2,27,237,0,266,310,0,310,576
04/30/2000,RDG,PA,AEA,EN,Towers with Radar,0,33,63,0,96,0,3,142,0,145,0,36,205,0,241,252,0,252,493
05/01/2000,RDG,PA,AEA,EN,Towers with Radar,0,30,51,0,81,0,6,172,0,178,0,36,223,0,259,308,0,308,567
05/02/2000,RDG,PA,AEA,EN,Towers with Radar,0,30,54,0,84,0,2,126,2,130,0,32,180,2,214,240,4,244,458
05/03/2000,RDG,PA,AEA,EN,Towers with Radar,0,25,55,0,80,0,11,168,7,186,0,36,223,7,266,218,0,218,484
05/04/2000,RDG,PA,AEA,EN,Towers with Radar,0,34,44,0,78,0,18,237,2,257,0,52,281,2,335,402,4,406,741
05/05/2000,RDG,PA,AEA,EN,Towers with Radar,0,34,62,0,96,0,6,145,0,151,0,40,207,0,247,156,0,156,403
05/06/2000,RDG,PA,AEA,EN,Towers with Radar,0,28,67,0,95,0,4,164,4,172,0,32,231,4,267,212,8,220,487
05/07/2000,RDG,PA,AEA,EN,Towers with Radar,2,24,50,0,76,0,3,167,0,170,2,27,217,0,246,326,0,326,572
05/08/2000,RDG,PA,AEA,EN,Towers with Radar,3,21,36,0,60,0,1,114,7,122,3,22,150,7,182,202,2,204,386
05/09/2000,RDG,PA,AEA,EN,Towers with Radar,1,26,55,0,82,0,10,139,0,149,1,36,194,0,231,202,0,202,433
05/10/2000,RDG,PA,AEA,EN,Towers with Radar,0,23,45,1,69,0,3,58,0,61,0,26,103,1,130,76,0,76,206
05/11/2000,RDG,PA,AEA,EN,Towers with Radar,0,32,57,1,90,0,7,188,5,200,0,39,245,6,290,372,0,372,662
05/12/2000,RDG,PA,AEA,EN,Towers with Radar,0,28,51,0,79,0,10,110,0,120,0,38,161,0,199,176,0,176,375
05/13/2000,RDG,PA,AEA,EN,Towers with Radar,2,23,50,0,75,0,1,81,0,82,2,24,131,0,157,146,0,146,303
05/14/2000,RDG,PA,AEA,EN,Towers with Radar,0,17,45,0,62,0,1,155,1,157,0,18,200,1,219,168,0,168,387
05/15/2000,RDG,PA,AEA,EN,Towers with Radar,0,24,47,0,71,0,8,178,0,186,0,32,225,0,257,362,0,362,619
05/16/2000,RDG,PA,AEA,EN,Towers with Radar,0,28,60,0,88,0,0,193,4,197,0,28,253,4,285,208,8,216,501
05/17/2000,RDG,PA,AEA,EN,Towers with Radar,0,32,90,4,126,0,4,188,9,201,0,36,278,13,327,316,8,324,651
05/18/2000,RDG,PA,AEA,EN,Towers with Radar,0,30,70,0,100,0,2,78,0,80,0,32,148,0,180,120,0,120,300
05/19/2000,RDG,PA,AEA,EN,Towers with Radar,0,30,59,0,89,0,0,0,0,0,0,30,59,0,89,8,0,8,97
05/20/2000,RDG,PA,AEA,EN,Towers with Radar,0,33,57,0,90,0,8,0,0,8,0,41,57,0,98,2,0,2,100
05/21/2000,RDG,PA,AEA,EN,Towers with Radar,2,26,93,0,121,0,0,20,3,23,2,26,113,3,144,72,0,72,216
05/22/2000,RDG,PA,AEA,EN,Towers with Radar,0,34,45,0,79,0,2,0,0,2,0,36,45,0,81,0,0,0,81
05/23/2000,RDG,PA,AEA,EN,Towers with Radar,0,37,76,2,115,0,0,15,1,16,0,37,91,3,131,20,0,20,151
05/24/2000,RDG,PA,AEA,EN,Towers with Radar,0,31,46,0,77,0,4,157,0,161,0,35,203,0,238,186,0,186,424
05/25/2000,RDG,PA,AEA,EN,Towers with Radar,0,33,58,0,91,0,5,137,0,142,0,38,195,0,233,266,8,274,507
05/26/2000,RDG,PA,AEA,EN,Towers with Radar,0,30,100,0,130,0,2,216,0,218,0,32,316,0,348,332,0,332,680
05/27/2000,RDG,PA,AEA,EN,Towers with Radar,0,22,58,0,80,0,4,138,0,142,0,26,196,0,222,254,0,254,476
05/28/2000,RDG,PA,AEA,EN,Towers with Radar,0,26,51,1,78,0,8,115,1,124,0,34,166,2,202,264,0,264,466
05/29/2000,RDG,PA,AEA,EN,Towers with Radar,0,28,36,0,64,0,11,161,3,175,0,39,197,3,239,228,0,228,467
05/30/2000,RDG,PA,AEA,EN,Towers with Radar,0,24,62,0,86,0,10,174,0,184,0,34,236,0,270,258,8,266,536
05/31/2000,RDG,PA,AEA,EN,Towers with Radar,0,30,61,5,96,0,8,117,0,125,0,38,178,5,221,196,0,196,417
06/01/2000,RDG,PA,AEA,EN,Towers with Radar,0,33,73,6,112,0,4,178,2,184,0,37,251,8,296,336,0,336,632
06/02/2000,RDG,PA,AEA,EN,Towers with Radar,0,29,88,10,127,0,4,143,11,158,0,33,231,21,285,184,40,224,509
06/03/2000,RDG,PA,AEA,EN,Towers with Radar,2,25,56,1,84,0,7,505,5,517,2,32,561,6,601,346,0,346,947
06/04/2000,RDG,PA,AEA,EN,Towers with Radar,0,21,22,4,47,0,4,534,54,592,0,25,556,58,639,342,4,346,985
06/05/2000,RDG,PA,AEA,EN,Towers with Radar,0,34,55,6,95,0,7,161,0,168,0,41,216,6,263,198,2,200,463
06/06/2000,RDG,PA,AEA,EN,Towers with Radar,0,38,70,4,112,0,2,34,2,38,0,40,104,6,150,52,8,60,210
06/07/2000,RDG,PA,AEA,EN,Towers with Radar,0,28,52,1,81,0,4,181,1,186,0,32,233,2,267,228,2,230,497
06/08/2000,RDG,PA,AEA,EN,Towers with Radar,0,26,37,3,66,0,4,143,8,155,0,30,180,11,221,258,14,272,493
06/09/2000,RDG,PA,AEA,EN,Towers with Radar,0,23,50,0,73,0,13,213,0,226,0,36,263,0,299,198,4,202,501
06/10/2000,RDG,PA,AEA,EN,Towers with Radar,0,18,34,2,54,0,6,166,4,176,0,24,200,6,230,234,6,240,470
06/11/2000,RDG,PA,AEA,EN,Towers with Radar,2,23,18,0,43,0,0,125,0,125,2,23,143,0,168,166,44,210,378
06/12/2000,RDG,PA,AEA,EN,Towers with Radar,2,27,53,5,87,0,3,63,4,70,2,30,116,9,157,92,18,110,267
06/13/2000,RDG,PA,AEA,EN,Towers with Radar,0,23,67,0,90,0,0,7,0,7,0,23,74,0,97,6,0,6,103
06/14/2000,RDG,PA,AEA,EN,Towers with Radar,0,39,73,0,112,0,4,0,0,4,0,43,73,0,116,0,0,0,116
06/15/2000,RDG,PA,AEA,EN,Towers with Radar,0,36,58,3,97,0,0,4,0,4,0,36,62,3,101,0,0,0,101
06/16/2000,RDG,PA,AEA,EN,Towers with Radar,0,30,87,4,121,0,3,127,11,141,0,33,214,15,262,212,16,228,490
06/17/2000,RDG,PA,AEA,EN,Towers with Radar,2,29,33,0,64,0,0,169,0,169,2,29,202,0,233,254,0,254,487
06/18/2000,RDG,PA,AEA,EN,Towers with Radar,0,19,40,3,62,0,0,54,1,55,0,19,94,4,117,112,0,112,229
06/19/2000,RDG,PA,AEA,EN,Towers with Radar,0,26,55,0,81,0,0,122,0,122,0,26,177,0,203,216,0,216,419
06/20/2000,RDG,PA,AEA,EN,Towers with Radar,0,22,64,6,92,0,11,211,2,224,0,33,275,8,316,440,14,454,770
06/21/2000,RDG,PA,AEA,EN,Towers with Radar,0,20,54,0,74,0,7,120,0,127,0,27,174,0,201,166,0,166,367
06/22/2000,RDG,PA,AEA,EN,Towers with Radar,0,35,45,9,89,0,5,143,3,151,0,40,188,12,240,174,10,184,424
06/23/2000,RDG,PA,AEA,EN,Towers with Radar,0,28,48,6,82,0,13,190,1,204,0,41,238,7,286,318,10,328,614
06/24/2000,RDG,PA,AEA,EN,Towers with Radar,0,24,52,1,77,0,3,196,3,202,0,27,248,4,279,224,4,228,507
06/25/2000,RDG,PA,AEA,EN,Towers with Radar,2,19,49,0,70,0,2,93,0,95,2,21,142,0,165,206,0,206,371
06/26/2000,RDG,PA,AEA,EN,Towers with Radar,0,25,49,0,74,0,6,158,0,164,0,31,207,0,238,206,0,206,444
06/27/2000,RDG,PA,AEA,EN,Towers with Radar,0,27,43,2,72,0,9,108,2,119,0,36,151,4,191,178,4,182,373
06/28/2000,RDG,PA,AEA,EN,Towers with Radar,0,31,71,12,114,0,14,168,0,182,0,45,239,12,296,226,18,244,540
06/29/2000,RDG,PA,AEA,EN,Towers with Radar,0,25,55,0,80,0,8,98,0,106,0,33,153,0,186,198,32,230,416
06/30/2000,RDG,PA,AEA,EN,Towers with Radar,0,25,51,0,76,0,5,220,0,225,0,30,271,0,301,324,0,324,625
07/01/2000,RDG,PA,AEA,EN,Towers with Radar,2,22,32,0,56,0,1,178,0,179,2,23,210,0,235,274,0,274,509
07/02/2000,RDG,PA,AEA,EN,Towers with Radar,0,15,38,0,53,0,7,178,0,185,0,22,216,0,238,240,0,240,478
07/03/2000,RDG,PA,AEA,EN,Towers with Radar,0,21,34,0,55,0,5,122,0,127,0,26,156,0,182,152,0,152,334
07/04/2000,RDG,PA,AEA,EN,Towers with Radar,0,22,24,0,46,0,4,92,0,96,0,26,116,0,142,104,0,104,246
07/05/2000,RDG,PA,AEA,EN,Towers with Radar,0,23,60,0,83,0,6,185,0,191,0,29,245,0,274,234,0,234,508
07/06/2000,RDG,PA,AEA,EN,Towers with Radar,0,30,64,8,102,0,16,258,2,276,0,46,322,10,378,346,16,362,740
07/07/2000,RDG,PA,AEA,EN,Towers with Radar,0,29,48,4,81,0,15,223,0,238,0,44,271,4,319,242,2,244,563
07/08/2000,RDG,PA,AEA,EN,Towers with Radar,2,19,17,0,38,0,5,273,17,295,2,24,290,17,333,322,16,338,671
07/09/2000,RDG,PA,AEA,EN,Towers with Radar,0,20,43,1,64,2,6,221,5,234,2,26,264,6,298,282,10,292,590
07/10/2000,RDG,PA,AEA,EN,Towers with Radar,0,32,55,0,87,0,0,84,0,84,0,32,139,0,171,252,0,252,423
07/11/2000,RDG,PA,AEA,EN,Towers with Radar,0,26,56,0,82,0,6,186,0,192,0,32,242,0,274,282,0,282,556
07/12/2000,RDG,PA,AEA,EN,Towers with Radar,0,29,59,0,88,0,6,177,0,183,0,35,236,0,271,288,2,290,561
07/13/2000,RDG,PA,AEA,EN,Towers with Radar,0,32,50,0,82,0,13,213,0,226,0,45,263,0,308,364,6,370,678
07/14/2000,RDG,PA,AEA,EN,Towers with Radar,0,26,79,4,109,0,8,84,0,92,0,34,163,4,201,265,2,267,468
07/15/2000,RDG,PA,AEA,EN,Towers with Radar,0,24,61,0,85,0,0,61,0,61,0,24,122,0,146,128,0,128,274
07/16/2000,RDG,PA,AEA,EN,Towers with Radar,2,17,40,3,62,0,8,116,6,130,2,25,156,9,192,182,0,182,374
07/17/2000,RDG,PA,AEA,EN,Towers with Radar,0,29,83,0,112,0,12,128,6,146,0,41,211,6,258,178,0,178,436
07/18/2000,RDG,PA,AEA,EN,Towers with Radar,0,30,80,5,115,0,5,177,2,184,0,35,257,7,299,256,4,260,559
07/19/2000,RDG,PA,AEA,EN,Towers with Radar,0,28,74,1,103,0,5,103,1,109,0,33,177,2,212,100,2,102,314
07/20/2000,RDG,PA,AEA,EN,Towers with Radar,0,27,58,0,85,0,10,207,0,217,0,37,265,0,302,282,16,298,600
07/21/2000,RDG,PA,AEA,EN,Towers with Radar,0,28,47,0,75,0,5,185,0,190,0,33,232,0,265,240,0,240,505
07/22/2000,RDG,PA,AEA,EN,Towers with Radar,0,26,59,0,85,0,2,114,2,118,0,28,173,2,203,212,4,216,419
07/23/2000,RDG,PA,AEA,EN,Towers with Radar,0,21,43,0,64,0,2,200,0,202,0,23,243,0,266,312,0,312,578
07/24/2000,RDG,PA,AEA,EN,Towers with Radar,0,32,76,2,110,0,3,159,0,162,0,35,235,2,272,262,2,264,536
07/25/2000,RDG,PA,AEA,EN,Towers with Radar,0,28,55,7,90,0,6,133,7,146,0,34,188,14,236,184,14,198,434
07/26/2000,RDG,PA,AEA,EN,Towers with Radar,0,26,76,5,107,0,0,22,0,22,0,26,98,5,129,44,0,44,173
07/27/2000,RDG,PA,AEA,EN,Towers with Radar,0,37,79,2,118,0,2,93,0,95,0,39,172,2,213,134,4,138,351
07/28/2000,RDG,PA,AEA,EN,Towers with Radar,0,32,70,2,104,0,0,111,5,116,0,32,181,7,220,184,16,200,420
07/29/2000,RDG,PA,AEA,EN,Towers with Radar,0,28,72,0,100,0,1,58,0,59,0,29,130,0,159,150,0,150,309
07/30/2000,RDG,PA,AEA,EN,Towers with Radar,0,15,74,0,89,0,1,84,0,85,0,16,158,0,174,154,0,154,328
07/31/2000,RDG,PA,AEA,EN,Towers with Radar,0,26,49,11,86,0,2,45,0,47,0,28,94,11,133,160,10,170,303
08/01/2000,RDG,PA,AEA,EN,Towers with Radar,0,16,52,0,68,0,0,101,0,101,0,16,153,0,169,148,0,148,317
08/02/2000,RDG,PA,AEA,EN,Towers with Radar,0,28,60,0,88,0,0,201,0,201,0,28,261,0,289,379,0,379,668
08/03/2000,RDG,PA,AEA,EN,Towers with Radar,0,33,72,0,105,0,0,184,2,186,0,33,256,2,291,278,0,278,569
08/04/2000,RDG,PA,AEA,EN,Towers with Radar,0,30,64,0,94,0,2,103,0,105,0,32,167,0,199,142,0,142,341
08/05/2000,RDG,PA,AEA,EN,Towers with Radar,0,37,80,0,117,0,0,92,0,92,0,37,172,0,209,258,0,258,467
08/06/2000,RDG,PA,AEA,EN,Towers with Radar,0,25,55,1,81,0,9,55,1,65,0,34,110,2,146,168,0,168,314
08/07/2000,RDG,PA,AEA,EN,Towers with Radar,0,29,56,0,85,0,2,80,0,82,0,31,136,0,167,114,0,114,281
08/08/2000,RDG,PA,AEA,EN,Towers with Radar,0,28,64,0,92,0,5,150,0,155,0,33,214,0,247,210,6,216,463
08/09/2000,RDG,PA,AEA,EN,Towers with Radar,0,39,42,2,83,0,15,133,0,148,0,54,175,2,231,202,0,202,433
08/10/2000,RDG,PA,AEA,EN,Towers with Radar,0,30,72,6,108,0,15,151,0,166,0,45,223,6,274,220,10,230,504
08/11/2000,RDG,PA,AEA,EN,Towers with Radar,0,26,54,0,80,0,8,190,0,198,0,34,244,0,278,226,2,228,506
08/12/2000,RDG,PA,AEA,EN,Towers with Radar,0,27,65,0,92,0,12,148,12,172,0,39,213,12,264,268,0,268,532
08/13/2000,RDG,PA,AEA,EN,Towers with Radar,0,23,50,0,73,0,8,123,0,131,0,31,173,0,204,188,14,202,406
08/14/2000,RDG,PA,AEA,EN,Towers with Radar,0,33,50,5,88,0,4,80,4,88,0,37,130,9,176,162,22,184,360
08/15/2000,RDG,PA,AEA,EN,Towers with Radar,0,34,69,0,103,0,20,249,0,269,0,54,318,0,372,404,0,404,776
08/16/2000,RDG,PA,AEA,EN,Towers with Radar,0,27,46,12,85,0,9,162,1,172,0,36,208,13,257,198,26,224,481
08/17/2000,RDG,PA,AEA,EN,Towers with Radar,0,28,51,0,79,0,4,171,0,175,0,32,222,0,254,310,0,310,564
08/18/2000,RDG,PA,AEA,EN,Towers with Radar,0,34,47,3,84,0,8,36,1,45,0,42,83,4,129,46,0,46,175
08/19/2000,RDG,PA,AEA,EN,Towers with Radar,0,26,45,0,71,0,3,136,0,139,0,29,181,0,210,294,0,294,504
08/20/2000,RDG,PA,AEA,EN,Towers with Radar,0,21,55,0,76,0,5,210,0,215,0,26,265,0,291,228,0,228,519
08/21/2000,RDG,PA,AEA,EN,Towers with Radar,0,23,68,2,93,0,12,205,0,217,0,35,273,2,310,270,6,276,586
08/22/2000,RDG,PA,AEA,EN,Towers with Radar,0,24,55,0,79,0,6,201,0,207,0,30,256,0,286,254,2,256,542
08/23/2000,RDG,PA,AEA,EN,Towers with Radar,0,22,63,0,85,0,6,72,0,78,0,28,135,0,163,102,0,102,265
08/24/2000,RDG,PA,AEA,EN,Towers with Radar,0,30,95,0,125,0,9,144,1,154,0,39,239,1,279,202,0,202,481
08/25/2000,RDG,PA,AEA,EN,Towers with Radar,0,29,63,0,92,0,13,209,0,222,0,42,272,0,314,348,0,348,662
08/26/2000,RDG,PA,AEA,EN,Towers with Radar,0,28,40,0,68,0,11,280,0,291,0,39,320,0,359,316,0,316,675
08/27/2000,RDG,PA,AEA,EN,Towers with Radar,0,22,58,0,80,0,2,116,0,118,0,24,174,0,198,150,0,150,348
08/28/2000,RDG,PA,AEA,EN,Towers with Radar,0,37,67,0,104,0,3,47,0,50,0,40,114,0,154,146,4,150,304
08/29/2000,RDG,PA,AEA,EN,Towers with Radar,0,28,77,0,105,0,3,104,0,107,0,31,181,0,212,204,0,204,416
08/30/2000,RDG,PA,AEA,EN,Towers with Radar,0,36,64,3,103,0,3,99,3,105,0,39,163,6,208,108,10,118,326
08/31/2000,RDG,PA,AEA,EN,Towers with Radar,0,31,80,0,111,0,12,96,3,111,0,43,176,3,222,226,6,232,454
09/01/2000,RDG,PA,AEA,EN,Towers with Radar,0,23,43,0,66,0,0,217,0,217,0,23,260,0,283,240,0,240,523
09/02/2000,RDG,PA,AEA,EN,Towers with Radar,0,25,44,1,70,0,20,215,10,245,0,45,259,11,315,186,24,210,525
09/03/2000,RDG,PA,AEA,EN,Towers with Radar,0,21,27,0,48,0,40,222,0,262,0,61,249,0,310,200,10,210,520
09/04/2000,RDG,PA,AEA,EN,Towers with Radar,0,17,22,0,39,0,20,229,0,249,0,37,251,0,288,358,4,362,650
09/05/2000,RDG,PA,AEA,EN,Towers with Radar,0,28,77,0,105,0,5,42,4,51,0,33,119,4,156,96,2,98,254
09/06/2000,RDG,PA,AEA,EN,Towers with Radar,0,27,54,0,81,0,6,92,6,104,0,33,146,6,185,96,0,96,281
09/07/2000,RDG,PA,AEA,EN,Towers with Radar,0,27,55,0,82,0,0,60,0,60,0,27,115,0,142,98,0,98,240
09/08/2000,RDG,PA,AEA,EN,Towers with Radar,0,24,53,0,77,2,0,6,0,8,2,24,59,0,85,26,0,26,111
09/09/2000,RDG,PA,AEA,EN,Towers with Radar,0,25,34,1,60,0,9,203,10,222,0,34,237,11,282,182,14,196,478
09/10/2000,RDG,PA,AEA,EN,Towers with Radar,0,25,52,1,78,0,23,156,0,179,0,48,208,1,257,160,0,160,417
09/11/2000,RDG,PA,AEA,EN,Towers with Radar,0,27,74,0,101,0,13,104,6,123,0,40,178,6,224,210,0,210,434
09/12/2000,RDG,PA,AEA,EN,Towers with Radar,0,28,53,0,81,0,3,24,0,27,0,31,77,0,108,20,0,20,128
09/13/2000,RDG,PA,AEA,EN,Towers with Radar,0,23,53,5,81,0,3,137,3,143,0,26,190,8,224,146,6,152,376
09/14/2000,RDG,PA,AEA,EN,Towers with Radar,0,23,57,2,82,2,0,246,0,248,2,23,303,2,330,198,0,198,528
09/15/2000,RDG,PA,AEA,EN,Towers with Radar,0,25,63,0,88,0,13,185,8,206,0,38,248,8,294,192,0,192,486
09/16/2000,RDG,PA,AEA,EN,Towers with Radar,0,30,35,0,65,0,3,155,0,158,0,33,190,0,223,116,0,116,339
09/17/2000,RDG,PA,AEA,EN,Towers with Radar,0,22,40,0,62,0,16,225,0,241,0,38,265,0,303,346,14,360,663
09/18/2000,RDG,PA,AEA,EN,Towers with Radar,0,21,47,0,68,0,18,181,0,199,0,39,228,0,267,226,0,226,493
09/19/2000,RDG,PA,AEA,EN,Towers with Radar,0,31,62,0,93,0,1,73,0,74,0,32,135,0,167,154,0,154,321
09/20/2000,RDG,PA,AEA,EN,Towers with Radar,0,31,57,0,88,0,2,114,0,116,0,33,171,0,204,134,0,134,338
09/21/2000,RDG,PA,AEA,EN,Towers with Radar,0,27,54,0,81,0,0,120,8,128,0,27,174,8,209,144,16,160,369
09/22/2000,RDG,PA,AEA,EN,Towers with Radar,0,27,38,2,67,2,5,187,0,194,2,32,225,2,261,284,2,286,547
09/23/2000,RDG,PA,AEA,EN,Towers with Radar,0,21,43,0,64,0,14,172,1,187,0,35,215,1,251,276,6,282,533
09/24/2000,RDG,PA,AEA,EN,Towers with Radar,0,27,40,0,67,0,5,214,0,219,0,32,254,0,286,328,0,328,614
09/25/2000,RDG,PA,AEA,EN,Towers with Radar,0,24,39,0,63,0,15,232,0,247,0,39,271,0,310,248,2,250,560
09/26/2000,RDG,PA,AEA,EN,Towers with Radar,0,28,54,0,82,0,0,183,0,183,0,28,237,0,265,306,0,306,571
09/27/2000,RDG,PA,AEA,EN,Towers with Radar,0,17,53,1,71,0,0,15,1,16,0,17,68,2,87,140,0,140,227
09/28/2000,RDG,PA,AEA,EN,Towers with Radar,0,22,60,0,82,0,0,0,0,0,0,22,60,0,82,84,0,84,166
09/29/2000,RDG,PA,AEA,EN,Towers with Radar,0,25,29,0,54,0,8,66,0,74,0,33,95,0,128,112,0,112,240
09/30/2000,RDG,PA,AEA,EN,Towers with Radar,0,20,31,0,51,0,16,55,2,73,0,36,86,2,124,162,4,166,290
10/01/2000,RDG,PA,AEA,EN,Towers with Radar,2,23,55,0,80,0,5,76,0,81,2,28,131,0,161,180,0,180,341
10/02/2000,RDG,PA,AEA,EN,Towers with Radar,0,33,45,0,78,0,8,121,0,129,0,41,166,0,207,214,0,214,421
10/03/2000,RDG,PA,AEA,EN,Towers with Radar,0,24,57,7,88,0,16,172,7,195,0,40,229,14,283,222,26,248,531
10/04/2000,RDG,PA,AEA,EN,Towers with Radar,0,23,54,10,87,0,13,149,20,182,0,36,203,30,269,156,40,196,465
10/05/2000,RDG,PA,AEA,EN,Towers with Radar,0,35,70,0,105,0,1,44,7,52,0,36,114,7,157,122,0,122,279
10/06/2000,RDG,PA,AEA,EN,Towers with Radar,0,29,73,0,102,0,0,36,1,37,0,29,109,1,139,62,0,62,201
10/07/2000,RDG,PA,AEA,EN,Towers with Radar,0,3,23,0,26,2,23,181,0,206,2,26,204,0,232,224,0,224,456
10/08/2000,RDG,PA,AEA,EN,Towers with Radar,0,22,43,0,65,0,1,131,0,132,0,23,174,0,197,220,0,220,417
10/09/2000,RDG,PA,AEA,EN,Towers with Radar,0,29,56,0,85,0,11,126,2,139,0,40,182,2,224,250,0,250,474
10/10/2000,RDG,PA,AEA,EN,Towers with Radar,0,35,77,0,112,0,11,160,5,176,0,46,237,5,288,206,16,222,510
10/11/2000,RDG,PA,AEA,EN,Towers with Radar,0,30,61,9,100,0,10,206,3,219,0,40,267,12,319,246,8,254,573
10/12/2000,RDG,PA,AEA,EN,Towers with Radar,0,25,48,0,73,0,11,209,2,222,0,36,257,2,295,222,6,228,523
10/13/2000,RDG,PA,AEA,EN,Towers with Radar,0,26,30,0,56,0,7,175,0,182,0,33,205,0,238,148,0,148,386
10/14/2000,RDG,PA,AEA,EN,Towers with Radar,0,22,41,0,63,0,12,223,4,239,0,34,264,4,302,300,12,312,614
10/15/2000,RDG,PA,AEA,EN,Towers with Radar,2,18,36,0,56,0,5,202,2,209,2,23,238,2,265,272,4,276,541
10/16/2000,RDG,PA,AEA,EN,Towers with Radar,0,28,58,0,86,0,1,46,0,47,0,29,104,0,133,38,0,38,171
10/17/2000,RDG,PA,AEA,EN,Towers with Radar,0,34,84,0,118,0,0,0,0,0,0,34,84,0,118,22,0,22,140
10/18/2000,RDG,PA,AEA,EN,Towers with Radar,0,38,67,0,105,0,3,65,0,68,0,41,132,0,173,112,0,112,285
10/19/2000,RDG,PA,AEA,EN,Towers with Radar,0,30,30,4,64,0,5,188,8,201,0,35,218,12,265,184,0,184,449
10/20/2000,RDG,PA,AEA,EN,Towers with Radar,0,22,48,0,70,0,11,160,0,171,0,33,208,0,241,256,14,270,511
10/21/2000,RDG,PA,AEA,EN,Towers with Radar,2,26,65,0,93,0,1,140,2,143,2,27,205,2,236,172,0,172,408
10/22/2000,RDG,PA,AEA,EN,Towers with Radar,0,17,37,0,54,0,5,228,0,233,0,22,265,0,287,230,0,230,517
10/23/2000,RDG,PA,AEA,EN,Towers with Radar,0,27,55,0,82,0,13,180,0,193,0,40,235,0,275,182,0,182,457
10/24/2000,RDG,PA,AEA,EN,Towers with Radar,0,28,69,1,98,0,2,135,1,138,0,30,204,2,236,266,0,266,502
10/25/2000,RDG,PA,AEA,EN,Towers with Radar,0,32,56,2,90,0,3,187,6,196,0,35,243,8,286,212,6,218,504
10/26/2000,RDG,PA,AEA,EN,Towers with Radar,0,38,61,1,100,0,6,104,10,120,0,44,165,11,220,134,2,136,356
10/27/2000,RDG,PA,AEA,EN,Towers with Radar,0,31,40,1,72,0,7,137,0,144,0,38,177,1,216,212,16,228,444
10/28/2000,RDG,PA,AEA,EN,Towers with Radar,0,26,26,0,52,0,1,74,0,75,0,27,100,0,127,130,0,130,257
10/29/2000,RDG,PA,AEA,EN,Towers with Radar,2,22,24,0,48,0,3,101,0,104,2,25,125,0,152,226,0,226,378
10/30/2000,RDG,PA,AEA,EN,Towers with Radar,0,25,37,0,62,0,7,141,2,150,0,32,178,2,212,206,0,206,418
10/31/2000,RDG,PA,AEA,EN,Towers with Radar,0,32,63,1,96,0,0,153,9,162,0,32,216,10,258,248,24,272,530
11/01/2000,RDG,PA,AEA,EN,Towers with Radar,0,29,62,0,91,0,105,160,0,265,0,134,222,0,356,280,0,280,636
11/02/2000,RDG,PA,AEA,EN,Towers with Radar,0,24,53,19,96,0,18,240,15,273,0,42,293,34,369,324,40,364,733
11/03/2000,RDG,PA,AEA,EN,Towers with Radar,0,27,59,14,100,0,10,228,0,238,0,37,287,14,338,260,32,292,630
11/04/2000,RDG,PA,AEA,EN,Towers with Radar,2,17,42,0,61,0,17,214,2,233,2,34,256,2,294,157,8,165,459
11/05/2000,RDG,PA,AEA,EN,Towers with Radar,0,19,27,1,47,0,0,115,1,116,0,19,142,2,163,198,2,200,363
11/06/2000,RDG,PA,AEA,EN,Towers with Radar,0,28,34,0,62,0,8,147,0,155,0,36,181,0,217,244,0,244,461
11/07/2000,RDG,PA,AEA,EN,Towers with Radar,0,28,61,6,95,0,21,148,8,177,0,49,209,14,272,238,6,244,516
11/08/2000,RDG,PA,AEA,EN,Towers with Radar,0,26,53,0,79,0,6,114,0,120,0,32,167,0,199,314,0,314,513
11/09/2000,RDG,PA,AEA,EN,Towers with Radar,0,37,67,0,104,0,6,65,0,71,0,43,132,0,175,58,0,58,233
11/10/2000,RDG,PA,AEA,EN,Towers with Radar,0,37,64,0,101,0,5,117,0,122,0,42,181,0,223,146,0,146,369
11/11/2000,RDG,PA,AEA,EN,Towers with Radar,0,27,42,0,69,0,0,77,0,77,0,27,119,0,146,162,0,162,308
11/12/2000,RDG,PA,AEA,EN,Towers with Radar,2,25,80,0,107,0,3,160,0,163,2,28,240,0,270,312,0,312,582
11/13/2000,RDG,PA,AEA,EN,Towers with Radar,0,35,54,0,89,0,2,101,0,103,0,37,155,0,192,100,0,100,292
11/14/2000,RDG,PA,AEA,EN,Towers with Radar,0,34,67,2,103,0,5,36,6,47,0,39,103,8,150,66,0,66,216
11/15/2000,RDG,PA,AEA,EN,Towers with Radar,0,28,60,0,88,0,7,155,0,162,0,35,215,0,250,274,0,274,524
11/16/2000,RDG,PA,AEA,EN,Towers with Radar,0,28,75,2,105,0,14,154,1,169,0,42,229,3,274,242,12,254,528
11/17/2000,RDG,PA,AEA,EN,Towers with Radar,0,31,49,5,85,0,7,102,1,110,0,38,151,6,195,162,2,164,359
11/18/2000,RDG,PA,AEA,EN,Towers with Radar,0,26,49,0,75,0,10,196,0,206,0,36,245,0,281,294,0,294,575
11/19/2000,RDG,PA,AEA,EN,Towers with Radar,0,21,45,0,66,0,7,179,0,186,0,28,224,0,252,200,0,200,452
11/20/2000,RDG,PA,AEA,EN,Towers with Radar,0,25,52,0,77,0,5,104,0,109,0,30,156,0,186,184,0,184,370
11/21/2000,RDG,PA,AEA,EN,Towers with Radar,0,39,42,2,83,0,9,96,0,105,0,48,138,2,188,206,2,208,396
11/22/2000,RDG,PA,AEA,EN,Towers with Radar,0,24,55,2,81,0,7,121,0,128,0,31,176,2,209,164,4,168,377
11/23/2000,RDG,PA,AEA,EN,Towers with Radar,0,29,7,0,36,0,3,67,0,70,0,32,74,0,106,64,0,64,170
11/24/2000,RDG,PA,AEA,EN,Towers with Radar,0,13,35,0,48,0,10,173,0,183,0,23,208,0,231,272,0,272,503
11/25/2000,RDG,PA,AEA,EN,Towers with Radar,2,19,45,0,66,0,3,103,0,106,2,22,148,0,172,198,0,198,370
11/26/2000,RDG,PA,AEA,EN,Towers with Radar,0,24,30,0,54,0,1,3,0,4,0,25,33,0,58,0,0,0,58
11/27/2000,RDG,PA,AEA,EN,Towers with Radar,0,32,31,0,63,0,12,122,0,134,0,44,153,0,197,168,0,168,365
11/28/2000,RDG,PA,AEA,EN,Towers with Radar,0,27,60,6,93,0,14,132,0,146,0,41,192,6,239,234,10,244,483
11/29/2000,RDG,PA,AEA,EN,Towers with Radar,0,25,76,4,105,0,6,9,2,17,0,31,85,6,122,230,0,230,352
11/30/2000,RDG,PA,AEA,EN,Towers with Radar,0,32,47,0,79,0,3,71,0,74,0,35,118,0,153,200,0,200,353
12/01/2000,RDG,PA,AEA,EN,Towers with Radar,0,24,64,4,92,0,4,163,0,167,0,28,227,4,259,310,0,310,569
12/02/2000,RDG,PA,AEA,EN,Towers with Radar,2,25,64,0,91,0,2,174,2,178,2,27,238,2,269,358,0,358,627
12/03/2000,RDG,PA,AEA,EN,Towers with Radar,2,22,42,0,66,0,2,141,0,143,2,24,183,0,209,108,0,108,317
12/04/2000,RDG,PA,AEA,EN,Towers with Radar,0,32,31,0,63,0,0,160,0,160,0,32,191,0,223,176,0,176,399
12/05/2000,RDG,PA,AEA,EN,Towers with Radar,0,30,53,0,83,0,12,132,0,144,0,42,185,0,227,176,0,176,403
12/06/2000,RDG,PA,AEA,EN,Towers with Radar,0,27,47,4,78,0,11,139,9,159,0,38,186,13,237,206,4,210,447
12/07/2000,RDG,PA,AEA,EN,Towers with Radar,0,34,61,2,97,0,10,117,0,127,0,44,178,2,224,274,0,274,498
12/08/2000,RDG,PA,AEA,EN,Towers with Radar,0,34,39,12,85,0,8,122,0,130,0,42,161,12,215,188,0,188,403
12/09/2000,RDG,PA,AEA,EN,Towers with Radar,3,25,48,0,76,0,13,211,0,224,3,38,259,0,300,280,0,280,580
12/10/2000,RDG,PA,AEA,EN,Towers with Radar,1,20,31,0,52,0,3,77,0,80,1,23,108,0,132,136,0,136,268
12/11/2000,RDG,PA,AEA,EN,Towers with Radar,0,26,52,1,79,0,3,80,3,86,0,29,132,4,165,132,24,156,321
12/12/2000,RDG,PA,AEA,EN,Towers with Radar,0,27,36,1,64,0,9,0,3,12,0,36,36,4,76,24,10,34,110
12/13/2000,RDG,PA,AEA,EN,Towers with Radar,0,26,67,0,93,0,11,127,0,138,0,37,194,0,231,218,0,218,449
12/14/2000,RDG,PA,AEA,EN,Towers with Radar,0,30,35,2,67,0,4,31,6,41,0,34,66,8,108,38,14,52,160
12/15/2000,RDG,PA,AEA,EN,Towers with Radar,0,28,52,0,80,0,34,213,4,251,0,62,265,4,331,222,20,242,573
12/16/2000,RDG,PA,AEA,EN,Towers with Radar,0,27,30,0,57,0,1,17,0,18,0,28,47,0,75,44,0,44,119
12/17/2000,RDG,PA,AEA,EN,Towers with Radar,2,17,11,0,30,0,1,6,0,7,2,18,17,0,37,4,0,4,41
12/18/2000,RDG,PA,AEA,EN,Towers with Radar,0,28,62,0,90,0,19,169,0,188,0,47,231,0,278,268,0,268,546
12/19/2000,RDG,PA,AEA,EN,Towers with Radar,0,33,29,0,62,0,2,81,0,83,0,35,110,0,145,120,0,120,265
12/20/2000,RDG,PA,AEA,EN,Towers with Radar,0,31,37,1,69,0,10,74,3,87,0,41,111,4,156,76,6,82,238
12/21/2000,RDG,PA,AEA,EN,Towers with Radar,0,30,46,8,84,0,13,187,10,210,0,43,233,18,294,216,46,262,556
12/22/2000,RDG,PA,AEA,EN,Towers with Radar,0,34,23,1,58,0,3,43,0,46,0,37,66,1,104,64,0,64,168
12/23/2000,RDG,PA,AEA,EN,Towers with Radar,0,27,32,2,61,0,5,63,0,68,0,32,95,2,129,310,0,310,439
12/24/2000,RDG,PA,AEA,EN,Towers with Radar,0,15,13,0,28,0,4,84,0,88,0,19,97,0,116,212,0,212,328
12/25/2000,RDG,PA,AEA,EN,Towers with Radar,0,23,4,0,27,0,4,21,0,25,0,27,25,0,52,44,0,44,96
12/26/2000,RDG,PA,AEA,EN,Towers with Radar,0,29,44,0,73,0,4,173,0,177,0,33,217,0,250,254,0,254,504
12/27/2000,RDG,PA,AEA,EN,Towers with Radar,0,31,40,1,72,0,6,156,2,164,0,37,196,3,236,200,12,212,448
12/28/2000,RDG,PA,AEA,EN,Towers with Radar,0,27,32,2,61,0,12,167,1,180,0,39,199,3,241,202,0,202,443
12/29/2000,RDG,PA,AEA,EN,Towers with Radar,0,33,37,0,70,0,4,198,3,205,0,37,235,3,275,244,4,248,523
12/30/2000,RDG,PA,AEA,EN,Towers with Radar,0,23,21,0,44,0,0,15,0,15,0,23,36,0,59,26,0,26,85
12/31/2000,RDG,PA,AEA,EN,Towers with Radar,0,26,9,0,35,0,1,30,0,31,0,27,39,0,66,14,0,14,80
01/01/2001,RDG,PA,AEA,EN,Towers with Radar,0,14,13,0,27,0,6,89,0,95,0,20,102,0,122,110,0,110,232
01/02/2001,RDG,PA,AEA,EN,Towers with Radar,0,30,35,6,71,0,4,116,4,124,0,34,151,10,195,206,48,254,449
01/03/2001,RDG,PA,AEA,EN,Towers with Radar,0,30,29,0,59,0,9,145,0,154,0,39,174,0,213,206,0,206,419
01/04/2001,RDG,PA,AEA,EN,Towers with Radar,0,23,46,6,75,0,18,127,4,149,0,41,173,10,224,252,16,268,492
01/05/2001,RDG,PA,AEA,EN,Towers with Radar,0,24,45,0,69,0,3,37,0,40,0,27,82,0,109,38,0,38,147
01/06/2001,RDG,PA,AEA,EN,Towers with Radar,0,20,28,5,53,0,7,99,5,111,0,27,127,10,164,186,4,190,354
01/07/2001,RDG,PA,AEA,EN,Towers with Radar,0,30,88,0,118,0,0,144,0,144,0,30,232,0,262,262,0,262,524
01/08/2001,RDG,PA,AEA,EN,Towers with Radar,0,29,35,0,64,0,3,52,0,55,0,32,87,0,119,66,0,66,185
01/09/2001,RDG,PA,AEA,EN,Towers with Radar,0,26,44,0,70,0,3,112,0,115,0,29,156,0,185,146,0,146,331
01/10/2001,RDG,PA,AEA,EN,Towers with Radar,0,31,68,0,99,0,4,156,0,160,0,35,224,0,259,256,0,256,515
01/11/2001,RDG,PA,AEA,EN,Towers with Radar,0,28,63,2,93,0,6,145,8,159,0,34,208,10,252,248,6,254,506
01/12/2001,RDG,PA,AEA,EN,Towers with Radar,0,28,48,1,77,0,9,149,1,159,0,37,197,2,236,260,2,262,498
01/13/2001,RDG,PA,AEA,EN,Towers with Radar,0,23,52,0,75,0,9,253,0,262,0,32,305,0,337,378,0,378,715
01/14/2001,RDG,PA,AEA,EN,Towers with Radar,0,18,77,0,95,0,2,89,0,91,0,20,166,0,186,148,0,148,334
01/15/2001,RDG,PA,AEA,EN,Towers with Radar,0,26,52,0,78,0,1,2,0,3,0,27,54,0,81,12,0,12,93
01/16/2001,RDG,PA,AEA,EN,Towers with Radar,0,18,62,0,80,0,14,117,0,131,0,32,179,0,211,256,0,256,467
01/17/2001,RDG,PA,AEA,EN,Towers with Radar,0,24,56,0,80,0,9,165,0,174,0,33,221,0,254,254,0,254,508
01/18/2001,RDG,PA,AEA,EN,Towers with Radar,0,30,51,0,81,0,6,26,0,32,0,36,77,0,113,32,0,32,145
01/19/2001,RDG,PA,AEA,EN,Towers with Radar,0,30,33,0,63,0,1,2,0,3,0,31,35,0,66,0,0,0,66
01/20/2001,RDG,PA,AEA,EN,Towers with Radar,0,25,19,0,44,0,1,2,0,3,0,26,21,0,47,0,0,0,47
01/21/2001,RDG,PA,AEA,EN,Towers with Radar,0,23,31,0,54,0,3,35,2,40,0,26,66,2,94,80,0,80,174
01/22/2001,RDG,PA,AEA,EN,Towers with Radar,0,29,51,2,82,0,15,139,0,154,0,44,190,2,236,204,4,208,444
01/23/2001,RDG,PA,AEA,EN,Towers with Radar,0,26,60,6,92,0,12,108,6,126,0,38,168,12,218,206,26,232,450
01/24/2001,RDG,PA,AEA,EN,Towers with Radar,0,30,45,9,84,0,6,94,9,109,0,36,139,18,193,238,4,242,435
01/25/2001,RDG,PA,AEA,EN,Towers with Radar,0,31,53,0,84,0,5,129,0,134,0,36,182,0,218,182,0,182,400
01/26/2001,RDG,PA,AEA,EN,Towers with Radar,0,28,48,8,84,0,22,209,0,231,0,50,257,8,315,212,10,222,537
01/27/2001,RDG,PA,AEA,EN,Towers with Radar,2,28,44,2,76,0,1,50,4,55,2,29,94,6,131,162,4,166,297
01/28/2001,RDG,PA,AEA,EN,Towers with Radar,0,19,44,1,64,0,5,201,1,207,0,24,245,2,271,316,6,322,593
01/29/2001,RDG,PA,AEA,EN,Towers with Radar,0,30,63,0,93,0,4,165,0,169,0,34,228,0,262,274,0,274,536
01/30/2001,RDG,PA,AEA,EN,Towers with Radar,0,55,37,0,92,0,0,11,0,11,0,55,48,0,103,0,0,0,103
01/31/2001,RDG,PA,AEA,EN,Towers with Radar,0,19,35,1,55,0,0,65,5,70,0,19,100,6,125,50,0,50,175
02/01/2001,RDG,PA,AEA,EN,Towers with Radar,0,30,63,2,95,0,0,107,6,113,0,30,170,8,208,284,8,292,500
02/02/2001,RDG,PA,AEA,EN,Towers with Radar,0,29,48,5,82,0,4,91,4,99,0,33,139,9,181,102,6,108,289
02/03/2001,RDG,PA,AEA,EN,Towers with Radar,0,26,61,0,87,0,8,168,2,178,0,34,229,2,265,356,4,360,625
02/04/2001,RDG,PA,AEA,EN,Towers with Radar,2,23,50,0,75,0,2,141,0,143,2,25,191,0,218,252,0,252,470
02/05/2001,RDG,PA,AEA,EN,Towers with Radar,0,28,22,0,50,0,1,5,0,6,0,29,27,0,56,2,0,2,58
02/06/2001,RDG,PA,AEA,EN,Towers with Radar,0,27,57,1,85,0,6,107,6,119,0,33,164,7,204,136,0,136,340
02/07/2001,RDG,PA,AEA,EN,Towers with Radar,0,26,39,0,65,0,9,139,0,148,0,35,178,0,213,172,2,174,387
02/08/2001,RDG,PA,AEA,EN,Towers with Radar,0,29,51,1,81,0,4,151,0,155,0,33,202,1,236,244,18,262,498
02/09/2001,RDG,PA,AEA,EN,Towers with Radar,0,30,55,5,90,0,9,157,3,169,0,39,212,8,259,190,16,206,465
02/10/2001,RDG,PA,AEA,EN,Towers with Radar,2,20,13,0,35,0,6,38,0,44,2,26,51,0,79,44,0,44,123
02/11/2001,RDG,PA,AEA,EN,Towers with Radar,0,19,66,0,85,0,5,169,0,174,0,24,235,0,259,308,0,308,567
02/12/2001,RDG,PA,AEA,EN,Towers with Radar,0,26,50,0,76,0,38,170,0,208,0,64,220,0,284,214,2,216,500
02/13/2001,RDG,PA,AEA,EN,Towers with Radar,0,29,38,5,72,0,2,126,3,131,0,31,164,8,203,180,16,196,399
02/14/2001,RDG,PA,AEA,EN,Towers with Radar,0,28,54,2,84,0,2,24,0,26,0,30,78,2,110,42,0,42,152
02/15/2001,RDG,PA,AEA,EN,Towers with Radar,0,28,36,2,66,0,8,125,9,142,0,36,161,11,208,170,8,178,386
02/16/2001,RDG,PA,AEA,EN,Towers with Radar,0,34,36,2,72,0,4,15,0,19,0,38,51,2,91,22,2,24,115
02/17/2001,RDG,PA,AEA,EN,Towers with Radar,2,29,44,0,75,0,3,86,0,89,2,32,130,0,164,158,0,158,322
02/18/2001,RDG,PA,AEA,EN,Towers with Radar,0,26,49,0,75,0,9,224,0,233,0,35,273,0,308,344,0,344,652
02/19/2001,RDG,PA,AEA,EN,Towers with Radar,0,30,52,0,82,0,6,149,0,155,0,36,201,0,237,220,0,220,457
02/20/2001,RDG,PA,AEA,EN,Towers with Radar,0,26,52,0,78,0,4,147,0,151,0,30,199,0,229,174,0,174,403
02/21/2001,RDG,PA,AEA,EN,Towers with Radar,0,31,38,0,69,0,8,124,0,132,0,39,162,0,201,178,0,178,379
02/22/2001,RDG,PA,AEA,EN,Towers with Radar,0,28,56,2,86,0,7,77,2,86,0,35,133,4,172,108,8,116,288
02/23/2001,RDG,PA,AEA,EN,Towers with Radar,0,24,42,1,67,0,11,55,6,72,0,35,97,7,139,180,8,188,327
02/24/2001,RDG,PA,AEA,EN,Towers with Radar,2,21,63,0,86,0,10,160,0,170,2,31,223,0,256,310,0,310,566
02/25/2001,RDG,PA,AEA,EN,Towers with Radar,0,28,48,0,76,0,9,7,0,16,0,37,55,0,92,6,0,6,98
02/26/2001,RDG,PA,AEA,EN,Towers with Radar,0,25,42,0,67,0,6,132,0,138,0,31,174,0,205,146,0,146,351
02/27/2001,RDG,PA,AEA,EN,Towers with Radar,0,26,56,9,91,0,7,140,0,147,0,33,196,9,238,150,6,156,394
02/28/2001,RDG,PA,AEA,EN,Towers with Radar,0,28,45,0,73,0,11,112,1,124,0,39,157,1,197,156,0,156,353
03/01/2001,RDG,PA,AEA,EN,Towers with Radar,0,23,43,1,67,0,2,128,4,134,0,25,171,5,201,204,0,204,405
03/02/2001,RDG,PA,AEA,EN,Towers with Radar,0,23,63,1,87,0,6,110,2,118,0,29,173,3,205,246,2,248,453
03/03/2001,RDG,PA,AEA,EN,Towers with Radar,2,27,57,1,87,0,7,201,14,222,2,34,258,15,309,232,2,234,543
03/04/2001,RDG,PA,AEA,EN,Towers with Radar,0,6,3,0,9,0,5,0,0,5,0,11,3,0,14,0,0,0,14
03/05/2001,RDG,PA,AEA,EN,Towers with Radar,0,10,11,0,21,0,9,0,0,9,0,19,11,0,30,0,0,0,30
03/06/2001,RDG,PA,AEA,EN,Towers with Radar,0,19,27,0,46,0,1,40,0,41,0,20,67,0,87,48,0,48,135
03/07/2001,RDG,PA,AEA,EN,Towers with Radar,0,27,66,0,93,0,11,121,0,132,0,38,187,0,225,176,8,184,409
03/08/2001,RDG,PA,AEA,EN,Towers with Radar,0,29,55,1,85,0,8,164,1,173,0,37,219,2,258,234,4,238,496
03/09/2001,RDG,PA,AEA,EN,Towers with Radar,0,25,45,2,72,0,0,35,2,37,0,25,80,4,109,46,6,52,161
03/10/2001,RDG,PA,AEA,EN,Towers with Radar,2,21,20,0,43,0,4,203,0,207,2,25,223,0,250,208,0,208,458
03/11/2001,RDG,PA,AEA,EN,Towers with Radar,0,20,38,0,58,0,1,134,0,135,0,21,172,0,193,228,0,228,421
03/12/2001,RDG,PA,AEA,EN,Towers with Radar,0,26,50,4,80,0,8,122,6,136,0,34,172,10,216,176,0,176,392
03/13/2001,RDG,PA,AEA,EN,Towers with Radar,0,27,47,0,74,0,2,24,0,26,0,29,71,0,100,46,0,46,146
03/14/2001,RDG,PA,AEA,EN,Towers with Radar,0,32,53,0,85,0,4,93,0,97,0,36,146,0,182,150,0,150,332
03/15/2001,RDG,PA,AEA,EN,Towers with Radar,0,29,63,7,99,0,17,132,0,149,0,46,195,7,248,210,8,218,466
03/16/2001,RDG,PA,AEA,EN,Towers with Radar,0,29,47,1,77,0,6,109,0,115,0,35,156,1,192,90,14,104,296
03/17/2001,RDG,PA,AEA,EN,Towers with Radar,2,26,28,0,56,0,0,1,0,1,2,26,29,0,57,12,0,12,69
03/18/2001,RDG,PA,AEA,EN,Towers with Radar,0,18,32,2,52,0,0,66,0,66,0,18,98,2,118,120,0,120,238
03/19/2001,RDG,PA,AEA,EN,Towers with Radar,0,24,48,0,72,0,6,146,0,152,0,30,194,0,224,256,0,256,480
03/20/2001,RDG,PA,AEA,EN,Towers with Radar,0,26,79,4,109,0,5,164,4,173,0,31,243,8,282,306,18,324,606
03/21/2001,RDG,PA,AEA,EN,Towers with Radar,0,24,38,0,62,0,2,28,0,30,0,26,66,0,92,30,0,30,122
03/22/2001,RDG,PA,AEA,EN,Towers with Radar,0,30,51,27,108,0,3,114,14,131,0,33,165,41,239,178,30,208,447
03/23/2001,RDG,PA,AEA,EN,Towers with Radar,0,29,35,10,74,0,4,97,7,108,0,33,132,17,182,60,16,76,258
03/24/2001,RDG,PA,AEA,EN,Towers with Radar,0,21,35,0,56,0,2,62,0,64,0,23,97,0,120,50,0,50,170
03/25/2001,RDG,PA,AEA,EN,Towers with Radar,0,21,53,0,74,0,2,180,0,182,0,23,233,0,256,208,0,208,464
03/26/2001,RDG,PA,AEA,EN,Towers with Radar,0,32,47,3,82,0,5,104,11,120,0,37,151,14,202,114,16,130,332
03/27/2001,RDG,PA,AEA,EN,Towers with Radar,0,27,59,0,86,0,9,150,0,159,0,36,209,0,245,174,0,174,419
03/28/2001,RDG,PA,AEA,EN,Towers with Radar,0,34,60,4,98,0,6,200,5,211,0,40,260,9,309,320,0,320,629
03/29/2001,RDG,PA,AEA,EN,Towers with Radar,0,31,47,3,81,0,4,105,0,109,0,35,152,3,190,102,6,108,298
03/30/2001,RDG,PA,AEA,EN,Towers with Radar,0,26,45,3,74,0,3,0,0,3,0,29,45,3,77,0,0,0,77
03/31/2001,RDG,PA,AEA,EN,Towers with Radar,1,21,54,0,76,0,6,104,0,110,1,27,158,0,186,362,0,362,548
04/01/2001,RDG,PA,AEA,EN,Towers with Radar,0,19,61,0,80,0,10,107,0,117,0,29,168,0,197,296,0,296,493
04/02/2001,RDG,PA,AEA,EN,Towers with Radar,0,22,32,0,54,0,2,76,0,78,0,24,108,0,132,132,0,132,264
04/03/2001,RDG,PA,AEA,EN,Towers with Radar,2,29,59,0,90,0,2,145,2,149,2,31,204,2,239,226,4,230,469
04/04/2001,RDG,PA,AEA,EN,Towers with Radar,0,28,62,2,92,0,11,215,3,229,0,39,277,5,321,204,2,206,527
04/05/2001,RDG,PA,AEA,EN,Towers with Radar,0,26,45,5,76,0,11,185,3,199,0,37,230,8,275,166,30,196,471
04/06/2001,RDG,PA,AEA,EN,Towers with Radar,0,32,82,0,114,0,2,18,0,20,0,34,100,0,134,66,0,66,200
04/07/2001,RDG,PA,AEA,EN,Towers with Radar,2,27,72,1,102,0,0,34,1,35,2,27,106,2,137,64,0,64,201
04/08/2001,RDG,PA,AEA,EN,Towers with Radar,0,25,40,0,65,0,1,3,0,4,0,26,43,0,69,0,0,0,69
04/09/2001,RDG,PA,AEA,EN,Towers with Radar,0,23,43,0,66,0,3,78,0,81,0,26,121,0,147,174,0,174,321
04/10/2001,RDG,PA,AEA,EN,Towers with Radar,0,24,61,21,106,0,6,112,0,118,0,30,173,21,224,142,34,176,400
04/11/2001,RDG,PA,AEA,EN,Towers with Radar,0,24,49,0,73,0,0,14,0,14,0,24,63,0,87,4,0,4,91
04/12/2001,RDG,PA,AEA,EN,Towers with Radar,0,34,49,5,88,0,1,10,9,20,0,35,59,14,108,12,4,16,124
04/13/2001,RDG,PA,AEA,EN,Towers with Radar,0,27,31,7,65,0,6,170,2,178,0,33,201,9,243,216,28,244,487
04/14/2001,RDG,PA,AEA,EN,Towers with Radar,0,28,48,0,76,0,0,191,0,191,0,28,239,0,267,374,0,374,641
04/15/2001,RDG,PA,AEA,EN,Towers with Radar,0,19,31,1,51,0,1,114,0,115,0,20,145,1,166,212,0,212,378
04/16/2001,RDG,PA,AEA,EN,Towers with Radar,0,35,60,0,95,0,8,168,0,176,0,43,228,0,271,232,0,232,503
04/17/2001,RDG,PA,AEA,EN,Towers with Radar,0,26,38,3,67,0,6,95,5,106,0,32,133,8,173,162,14,176,349
04/18/2001,RDG,PA,AEA,EN,Towers with Radar,0,20,48,0,68,0,3,97,0,100,0,23,145,0,168,164,0,164,332
04/19/2001,RDG,PA,AEA,EN,Towers with Radar,0,29,44,4,77,0,13,69,3,85,0,42,113,7,162,180,12,192,354
04/20/2001,RDG,PA,AEA,EN,Towers with Radar,0,28,35,0,63,0,4,133,0,137,0,32,168,0,200,258,2,260,460
04/21/2001,RDG,PA,AEA,EN,Towers with Radar,2,27,52,0,81,0,5,21,0,26,2,32,73,0,107,236,0,236,343
04/22/2001,RDG,PA,AEA,EN,Towers with Radar,0,23,59,0,82,0,0,143,0,143,0,23,202,0,225,226,0,226,451
04/23/2001,RDG,PA,AEA,EN,Towers with Radar,0,21,63,2,86,0,13,171,6,190,0,34,234,8,276,284,14,298,574
04/24/2001,RDG,PA,AEA,EN,Towers with Radar,0,24,63,4,91,0,15,134,4,153,0,39,197,8,244,180,14,194,438
04/25/2001,RDG,PA,AEA,EN,Towers with Radar,0,30,76,12,118,0,6,193,5,204,0,36,269,17,322,230,18,248,570
04/26/2001,RDG,PA,AEA,EN,Towers with Radar,0,26,67,2,95,0,6,195,0,201,0,32,262,2,296,264,0,264,560
04/27/2001,RDG,PA,AEA,EN,Towers with Radar,0,26,37,3,66,0,3,143,2,148,0,29,180,5,214,266,0,266,480
04/28/2001,RDG,PA,AEA,EN,Towers with Radar,3,25,43,0,71,0,7,166,0,173,3,32,209,0,244,328,2,330,574
04/29/2001,RDG,PA,AEA,EN,Towers with Radar,0,26,38,0,64,0,6,222,0,228,0,32,260,0,292,330,0,330,622
04/30/2001,RDG,PA,AEA,EN,Towers with Radar,0,21,74,0,95,0,11,186,0,197,0,32,260,0,292,308,2,310,602
05/01/2001,RDG,PA,AEA,EN,Towers with Radar,0,27,42,5,74,0,12,221,0,233,0,39,263,5,307,268,2,270,577
05/02/2001,RDG,PA,AEA,EN,Towers with Radar,0,28,55,0,83,0,9,187,0,196,0,37,242,0,279,262,0,262,541
05/03/2001,RDG,PA,AEA,EN,Towers with Radar,0,34,46,1,81,0,5,121,0,126,0,39,167,1,207,258,0,258,465
05/04/2001,RDG,PA,AEA,EN,Towers with Radar,0,32,45,0,77,0,9,190,0,199,0,41,235,0,276,298,0,298,574
05/05/2001,RDG,PA,AEA,EN,Towers with Radar,2,23,40,0,65,0,6,124,0,130,2,29,164,0,195,314,0,314,509
05/06/2001,RDG,PA,AEA,EN,Towers with Radar,0,26,46,0,72,0,4,242,0,246,0,30,288,0,318,436,0,436,754
05/07/2001,RDG,PA,AEA,EN,Towers with Radar,0,29,55,2,86,0,4,186,1,191,0,33,241,3,277,284,4,288,565
05/08/2001,RDG,PA,AEA,EN,Towers with Radar,0,34,62,1,97,0,14,145,7,166,0,48,207,8,263,276,16,292,555
05/09/2001,RDG,PA,AEA,EN,Towers with Radar,0,32,74,8,114,0,9,161,8,178,0,41,235,16,292,312,32,344,636
05/10/2001,RDG,PA,AEA,EN,Towers with Radar,0,20,52,1,73,0,10,166,0,176,0,30,218,1,249,312,0,312,561
05/11/2001,RDG,PA,AEA,EN,Towers with Radar,0,27,56,1,84,0,9,125,1,135,0,36,181,2,219,294,4,298,517
05/12/2001,RDG,PA,AEA,EN,Towers with Radar,0,26,54,0,80,0,7,128,0,135,0,33,182,0,215,192,0,192,407
05/13/2001,RDG,PA,AEA,EN,Towers with Radar,1,26,34,1,62,0,10,169,0,179,1,36,203,1,241,258,0,258,499
05/14/2001,RDG,PA,AEA,EN,Towers with Radar,0,30,57,1,88,0,7,170,0,177,0,37,227,1,265,198,6,204,469
05/15/2001,RDG,PA,AEA,EN,Towers with Radar,0,27,58,0,85,0,12,164,0,176,0,39,222,0,261,352,0,352,613
05/16/2001,RDG,PA,AEA,EN,Towers with Radar,0,35,46,0,81,0,8,182,0,190,0,43,228,0,271,326,12,338,609
05/17/2001,RDG,PA,AEA,EN,Towers with Radar,0,32,70,2,104,0,5,130,0,135,0,37,200,2,239,250,0,250,489
05/18/2001,RDG,PA,AEA,EN,Towers with Radar,0,30,80,0,110,0,1,5,0,6,0,31,85,0,116,8,0,8,124
05/19/2001,RDG,PA,AEA,EN,Towers with Radar,2,24,71,0,97,0,5,122,0,127,2,29,193,0,224,242,0,242,466
05/20/2001,RDG,PA,AEA,EN,Towers with Radar,0,24,49,0,73,0,0,48,0,48,0,24,97,0,121,128,0,128,249
05/21/2001,RDG,PA,AEA,EN,Towers with Radar,0,30,47,0,77,0,0,14,0,14,0,30,61,0,91,10,0,10,101
05/22/2001,RDG,PA,AEA,EN,Towers with Radar,0,35,99,0,134,0,0,44,0,44,0,35,143,0,178,122,0,122,300
05/23/2001,RDG,PA,AEA,EN,Towers with Radar,0,31,71,4,106,0,3,150,4,157,0,34,221,8,263,284,16,300,563
05/24/2001,RDG,PA,AEA,EN,Towers with Radar,0,27,84,0,111,0,6,144,0,150,0,33,228,0,261,330,0,330,591
05/25/2001,RDG,PA,AEA,EN,Towers with Radar,0,29,77,0,106,0,1,68,0,69,0,30,145,0,175,146,0,146,321
05/26/2001,RDG,PA,AEA,EN,Towers with Radar,0,33,52,0,85,0,2,6,0,8,0,35,58,0,93,30,0,30,123
05/27/2001,RDG,PA,AEA,EN,Towers with Radar,0,15,28,0,43,2,0,43,0,45,2,15,71,0,88,100,0,100,188
05/28/2001,RDG,PA,AEA,EN,Towers with Radar,0,22,32,0,54,0,1,113,4,118,0,23,145,4,172,154,10,164,336
05/29/2001,RDG,PA,AEA,EN,Towers with Radar,0,33,35,0,68,0,4,103,0,107,0,37,138,0,175,184,0,184,359
05/30/2001,RDG,PA,AEA,EN,Towers with Radar,0,40,42,0,82,0,13,157,0,170,0,53,199,0,252,194,0,194,446
05/31/2001,RDG,PA,AEA,EN,Towers with Radar,0,32,51,3,86,0,4,186,0,190,0,36,237,3,276,350,12,362,638
06/01/2001,RDG,PA,AEA,EN,Towers with Radar,0,27,49,0,76,0,8,107,1,116,0,35,156,1,192,170,0,170,362
06/02/2001,RDG,PA,AEA,EN,Towers with Radar,2,27,21,0,50,0,0,88,0,88,2,27,109,0,138,124,0,124,262
06/03/2001,RDG,PA,AEA,EN,Towers with Radar,0,20,34,1,55,0,1,118,1,120,0,21,152,2,175,146,10,156,331
06/04/2001,RDG,PA,AEA,EN,Towers with Radar,0,26,45,1,72,0,8,197,5,210,0,34,242,6,282,296,12,308,590
06/05/2001,RDG,PA,AEA,EN,Towers with Radar,0,28,56,7,91,0,6,195,7,208,0,34,251,14,299,346,34,380,679
06/06/2001,RDG,PA,AEA,EN,Towers with Radar,0,28,56,6,90,0,17,172,4,193,0,45,228,10,283,222,28,250,533
06/07/2001,RDG,PA,AEA,EN,Towers with Radar,0,27,45,25,97,0,23,256,21,300,0,50,301,46,397,230,76,306,703
06/08/2001,RDG,PA,AEA,EN,Towers with Radar,0,29,39,9,77,0,14,429,46,489,0,43,468,55,566,326,98,424,990
06/09/2001,RDG,PA,AEA,EN,Towers with Radar,0,23,20,0,43,0,8,727,60,795,0,31,747,60,838,338,0,338,1176
06/10/2001,RDG,PA,AEA,EN,Towers with Radar,2,24,27,3,56,0,6,462,38,506,2,30,489,41,562,280,74,354,916
06/11/2001,RDG,PA,AEA,EN,Towers with Radar,0,32,61,0,93,0,5,108,0,113,0,37,169,0,206,198,0,198,404
06/12/2001,RDG,PA,AEA,EN,Towers with Radar,0,28,74,2,104,0,11,106,14,131,0,39,180,16,235,188,30,218,453
06/13/2001,RDG,PA,AEA,EN,Towers with Radar,0,32,70,2,104,0,8,146,0,154,0,40,216,2,258,192,20,212,470
06/14/2001,RDG,PA,AEA,EN,Towers with Radar,0,46,112,0,158,0,5,61,0,66,0,51,173,0,224,142,14,156,380
06/15/2001,RDG,PA,AEA,EN,Towers with Radar,0,33,70,0,103,0,0,86,0,86,0,33,156,0,189,88,0,88,277
06/16/2001,RDG,PA,AEA,EN,Towers with Radar,0,26,31,0,57,0,0,8,0,8,0,26,39,0,65,40,0,40,105
06/17/2001,RDG,PA,AEA,EN,Towers with Radar,0,25,41,4,70,0,3,203,4,210,0,28,244,8,280,212,10,222,502
06/18/2001,RDG,PA,AEA,EN,Towers with Radar,0,30,53,4,87,0,9,202,0,211,0,39,255,4,298,260,0,260,558
06/19/2001,RDG,PA,AEA,EN,Towers with Radar,2,27,56,8,93,0,14,200,14,228,2,41,256,22,321,212,18,230,551
06/20/2001,RDG,PA,AEA,EN,Towers with Radar,0,31,48,0,79,0,11,155,0,166,0,42,203,0,245,222,0,222,467
06/21/2001,RDG,PA,AEA,EN,Towers with Radar,2,38,56,2,98,0,9,87,3,99,2,47,143,5,197,134,2,136,333
06/22/2001,RDG,PA,AEA,EN,Towers with Radar,0,31,48,1,80,0,1,9,3,13,0,32,57,4,93,50,20,70,163
06/23/2001,RDG,PA,AEA,EN,Towers with Radar,2,24,45,2,73,0,6,64,0,70,2,30,109,2,143,86,0,86,229
06/24/2001,RDG,PA,AEA,EN,Towers with Radar,0,24,42,3,69,0,3,201,8,212,0,27,243,11,281,346,6,352,633
06/25/2001,RDG,PA,AEA,EN,Towers with Radar,0,24,56,0,80,0,8,173,5,186,0,32,229,5,266,388,10,398,664
06/26/2001,RDG,PA,AEA,EN,Towers with Radar,0,37,59,0,96,0,13,204,5,222,0,50,263,5,318,368,26,394,712
06/27/2001,RDG,PA,AEA,EN,Towers with Radar,0,22,41,4,67,0,9,212,6,227,0,31,253,10,294,220,12,232,526
06/28/2001,RDG,PA,AEA,EN,Towers with Radar,0,28,48,2,78,0,7,166,0,173,0,35,214,2,251,316,18,334,585
06/29/2001,RDG,PA,AEA,EN,Towers with Radar,0,24,70,0,94,0,5,88,0,93,0,29,158,0,187,298,8,306,493
06/30/2001,RDG,PA,AEA,EN,Towers with Radar,0,35,40,1,76,0,6,106,0,112,0,41,146,1,188,302,0,302,490
07/01/2001,RDG,PA,AEA,EN,Towers with Radar,2,14,37,0,53,0,1,69,0,70,2,15,106,0,123,174,0,174,297
07/02/2001,RDG,PA,AEA,EN,Towers with Radar,0,23,42,0,65,0,15,136,0,151,0,38,178,0,216,204,0,204,420
07/03/2001,RDG,PA,AEA,EN,Towers with Radar,0,24,37,0,61,0,3,193,0,196,0,27,230,0,257,302,0,302,559
07/04/2001,RDG,PA,AEA,EN,Towers with Radar,0,24,45,0,69,0,0,32,0,32,0,24,77,0,101,116,0,116,217
07/05/2001,RDG,PA,AEA,EN,Towers with Radar,0,27,57,0,84,0,2,80,0,82,0,29,137,0,166,178,0,178,344
07/06/2001,RDG,PA,AEA,EN,Towers with Radar,0,24,31,0,55,0,4,182,0,186,0,28,213,0,241,232,0,232,473
07/07/2001,RDG,PA,AEA,EN,Towers with Radar,0,27,68,0,95,0,0,100,0,100,0,27,168,0,195,292,0,292,487
07/08/2001,RDG,PA,AEA,EN,Towers with Radar,0,24,44,0,68,2,5,211,0,218,2,29,255,0,286,416,0,416,702
07/09/2001,RDG,PA,AEA,EN,Towers with Radar,0,31,68,0,99,0,5,156,0,161,0,36,224,0,260,322,0,322,582
07/10/2001,RDG,PA,AEA,EN,Towers with Radar,0,25,70,0,95,0,8,173,2,183,0,33,243,2,278,324,0,324,602
07/11/2001,RDG,PA,AEA,EN,Towers with Radar,0,32,41,0,73,0,2,117,0,119,0,34,158,0,192,232,0,232,424
07/12/2001,RDG,PA,AEA,EN,Towers with Radar,0,24,63,6,93,0,8,188,9,205,0,32,251,15,298,310,10,320,618
07/13/2001,RDG,PA,AEA,EN,Towers with Radar,0,27,63,0,90,0,9,207,0,216,0,36,270,0,306,248,0,248,554
07/14/2001,RDG,PA,AEA,EN,Towers with Radar,2,24,64,2,92,0,5,232,7,244,2,29,296,9,336,366,2,368,704
07/15/2001,RDG,PA,AEA,EN,Towers with Radar,2,20,40,5,67,0,4,222,4,230,2,24,262,9,297,316,2,318,615
07/16/2001,RDG,PA,AEA,EN,Towers with Radar,0,25,41,5,71,0,9,160,1,170,0,34,201,6,241,216,34,250,491
07/17/2001,RDG,PA,AEA,EN,Towers with Radar,0,27,37,1,65,0,6,137,3,146,0,33,174,4,211,250,2,252,463
07/18/2001,RDG,PA,AEA,EN,Towers with Radar,0,36,61,6,103,0,4,70,4,78,0,40,131,10,181,66,0,66,247
07/19/2001,RDG,PA,AEA,EN,Towers with Radar,0,27,55,4,86,0,8,121,0,129,0,35,176,4,215,144,4,148,363
07/20/2001,RDG,PA,AEA,EN,Towers with Radar,0,20,38,0,58,2,7,238,0,247,2,27,276,0,305,314,0,314,619
07/21/2001,RDG,PA,AEA,EN,Towers with Radar,0,28,54,2,84,0,6,217,6,229,0,34,271,8,313,350,10,360,673
07/22/2001,RDG,PA,AEA,EN,Towers with Radar,0,22,42,0,64,0,8,181,0,189,0,30,223,0,253,318,0,318,571
07/23/2001,RDG,PA,AEA,EN,Towers with Radar,0,30,54,0,84,0,10,141,0,151,0,40,195,0,235,240,0,240,475
07/24/2001,RDG,PA,AEA,EN,Towers with Radar,0,30,64,0,94,0,9,123,0,132,0,39,187,0,226,174,0,174,400
07/25/2001,RDG,PA,AEA,EN,Towers with Radar,0,28,31,4,63,0,9,85,0,94,0,37,116,4,157,106,0,106,263
07/26/2001,RDG,PA,AEA,EN,Towers with Radar,0,27,72,13,112,0,8,98,7,113,0,35,170,20,225,124,18,142,367
07/27/2001,RDG,PA,AEA,EN,Towers with Radar,0,23,37,0,60,0,7,236,4,247,0,30,273,4,307,294,6,300,607
07/28/2001,RDG,PA,AEA,EN,Towers with Radar,0,21,30,0,51,0,2,142,0,144,0,23,172,0,195,172,0,172,367
07/29/2001,RDG,PA,AEA,EN,Towers with Radar,0,21,47,0,68,0,5,134,0,139,0,26,181,0,207,244,0,244,451
07/30/2001,RDG,PA,AEA,EN,Towers with Radar,0,26,42,0,68,0,6,137,0,143,0,32,179,0,211,252,0,252,463
07/31/2001,RDG,PA,AEA,EN,Towers with Radar,0,24,41,0,65,0,3,162,0,165,0,27,203,0,230,286,2,288,518
08/01/2001,RDG,PA,AEA,EN,Towers with Radar,0,23,57,4,84,0,11,182,4,197,0,34,239,8,281,326,0,326,607
08/02/2001,RDG,PA,AEA,EN,Towers with Radar,0,29,31,10,70,0,8,207,5,220,0,37,238,15,290,256,0,256,546
08/03/2001,RDG,PA,AEA,EN,Towers with Radar,0,29,49,3,81,0,12,117,3,132,0,41,166,6,213,240,6,246,459
08/04/2001,RDG,PA,AEA,EN,Towers with Radar,0,22,53,0,75,0,3,42,0,45,0,25,95,0,120,98,0,98,218
08/05/2001,RDG,PA,AEA,EN,Towers with Radar,0,31,62,0,93,0,5,97,0,102,0,36,159,0,195,242,0,242,437
08/06/2001,RDG,PA,AEA,EN,Towers with Radar,0,23,49,0,72,0,3,106,0,109,0,26,155,0,181,228,0,228,409
08/07/2001,RDG,PA,AEA,EN,Towers with Radar,0,35,55,1,91,0,6,108,3,117,0,41,163,4,208,252,4,256,464
08/08/2001,RDG,PA,AEA,EN,Towers with Radar,0,24,42,1,67,0,11,145,0,156,0,35,187,1,223,192,6,198,421
08/09/2001,RDG,PA,AEA,EN,Towers with Radar,0,27,34,4,65,0,9,66,1,76,0,36,100,5,141,254,10,264,405
08/10/2001,RDG,PA,AEA,EN,Towers with Radar,0,32,47,0,79,0,1,33,0,34,0,33,80,0,113,94,0,94,207
08/11/2001,RDG,PA,AEA,EN,Towers with Radar,0,25,38,11,74,0,2,20,0,22,0,27,58,11,96,98,18,116,212
08/12/2001,RDG,PA,AEA,EN,Towers with Radar,0,27,50,0,77,0,0,15,0,15,0,27,65,0,92,72,0,72,164
08/13/2001,RDG,PA,AEA,EN,Towers with Radar,0,31,74,2,107,0,1,60,1,62,0,32,134,3,169,134,6,140,309
08/14/2001,RDG,PA,AEA,EN,Towers with Radar,0,29,46,0,75,0,10,130,2,142,0,39,176,2,217,174,0,174,391
08/15/2001,RDG,PA,AEA,EN,Towers with Radar,0,26,66,0,92,0,9,239,0,248,0,35,305,0,340,260,0,260,600
08/16/2001,RDG,PA,AEA,EN,Towers with Radar,0,24,54,6,84,0,8,218,4,230,0,32,272,10,314,300,14,314,628
08/17/2001,RDG,PA,AEA,EN,Towers with Radar,0,28,57,1,86,0,1,99,1,101,0,29,156,2,187,284,8,292,479
08/18/2001,RDG,PA,AEA,EN,Towers with Radar,0,25,47,0,72,0,8,240,0,248,0,33,287,0,320,358,0,358,678
08/19/2001,RDG,PA,AEA,EN,Towers with Radar,0,23,36,0,59,0,5,145,0,150,0,28,181,0,209,250,0,250,459
08/20/2001,RDG,PA,AEA,EN,Towers with Radar,0,25,59,0,84,0,2,113,0,115,0,27,172,0,199,126,0,126,325
08/21/2001,RDG,PA,AEA,EN,Towers with Radar,0,27,40,0,67,0,9,173,0,182,0,36,213,0,249,196,0,196,445
08/22/2001,RDG,PA,AEA,EN,Towers with Radar,0,29,57,1,87,0,9,220,0,229,0,38,277,1,316,274,0,274,590
08/23/2001,RDG,PA,AEA,EN,Towers with Radar,0,33,53,0,86,0,5,61,3,69,0,38,114,3,155,96,0,96,251
08/24/2001,RDG,PA,AEA,EN,Towers with Radar,0,25,60,2,87,0,5,173,4,182,0,30,233,6,269,232,4,236,505
08/25/2001,RDG,PA,AEA,EN,Towers with Radar,0,24,34,0,58,0,1,183,2,186,0,25,217,2,244,334,10,344,588
08/26/2001,RDG,PA,AEA,EN,Towers with Radar,0,19,30,1,50,0,4,187,1,192,0,23,217,2,242,248,6,254,496
08/27/2001,RDG,PA,AEA,EN,Towers with Radar,0,28,33,0,61,0,4,84,0,88,0,32,117,0,149,112,0,112,261
08/28/2001,RDG,PA,AEA,EN,Towers with Radar,0,25,44,0,69,0,4,130,0,134,0,29,174,0,203,204,0,204,407
08/29/2001,RDG,PA,AEA,EN,Towers with Radar,0,31,51,12,94,0,9,138,0,147,0,40,189,12,241,258,22,280,521
08/30/2001,RDG,PA,AEA,EN,Towers with Radar,0,28,75,0,103,0,5,122,0,127,0,33,197,0,230,208,0,208,438
08/31/2001,RDG,PA,AEA,EN,Towers with Radar,0,27,57,1,85,0,2,86,0,88,0,29,143,1,173,134,0,134,307
09/01/2001,RDG,PA,AEA,EN,Towers with Radar,0,23,38,0,61,0,4,134,0,138,0,27,172,0,199,210,0,210,409
09/02/2001,RDG,PA,AEA,EN,Towers with Radar,0,17,35,0,52,0,0,162,0,162,0,17,197,0,214,314,0,314,528
09/03/2001,RDG,PA,AEA,EN,Towers with Radar,0,18,21,0,39,0,1,192,0,193,0,19,213,0,232,236,0,236,468
09/04/2001,RDG,PA,AEA,EN,Towers with Radar,0,27,48,0,75,0,1,65,0,66,0,28,113,0,141,70,2,72,213
09/05/2001,RDG,PA,AEA,EN,Towers with Radar,0,29,33,0,62,0,5,128,0,133,0,34,161,0,195,14,0,14,209
09/06/2001,RDG,PA,AEA,EN,Towers with Radar,0,40,53,8,101,0,6,192,18,216,0,46,245,26,317,302,32,334,651
09/07/2001,RDG,PA,AEA,EN,Towers with Radar,0,29,55,4,88,0,12,209,5,226,0,41,264,9,314,268,10,278,592
09/08/2001,RDG,PA,AEA,EN,Towers with Radar,0,25,26,0,51,0,3,172,0,175,0,28,198,0,226,303,0,303,529
09/09/2001,RDG,PA,AEA,EN,Towers with Radar,0,21,59,0,80,0,3,140,0,143,0,24,199,0,223,216,0,216,439
09/10/2001,RDG,PA,AEA,EN,Towers with Radar,0,24,34,1,59,0,1,61,2,64,0,25,95,3,123,40,0,40,163
09/11/2001,RDG,PA,AEA,EN,Towers with Radar,0,11,14,0,25,0,2,17,0,19,0,13,31,0,44,2,0,2,46
09/12/2001,RDG,PA,AEA,EN,Towers with Radar,0,5,0,0,5,0,5,4,0,9,0,10,4,0,14,0,0,0,14
09/13/2001,RDG,PA,AEA,EN,Towers with Radar,0,15,0,0,15,0,0,4,0,4,0,15,4,0,19,0,0,0,19
09/14/2001,RDG,PA,AEA,EN,Towers with Radar,0,22,12,4,38,0,0,0,2,2,0,22,12,6,40,0,0,0,40
09/15/2001,RDG,PA,AEA,EN,Towers with Radar,0,22,28,0,50,0,1,0,0,1,0,23,28,0,51,0,0,0,51
09/16/2001,RDG,PA,AEA,EN,Towers with Radar,0,19,31,0,50,0,0,0,2,2,0,19,31,2,52,0,0,0,52
09/17/2001,RDG,PA,AEA,EN,Towers with Radar,0,34,42,0,76,0,1,3,0,4,0,35,45,0,80,0,0,0,80
09/18/2001,RDG,PA,AEA,EN,Towers with Radar,0,28,59,5,92,0,0,16,5,21,0,28,75,10,113,4,0,4,117
09/19/2001,RDG,PA,AEA,EN,Towers with Radar,0,26,45,7,78,0,1,15,5,21,0,27,60,12,99,0,20,20,119
09/20/2001,RDG,PA,AEA,EN,Towers with Radar,0,24,44,0,68,0,0,0,0,0,0,24,44,0,68,0,0,0,68
09/21/2001,RDG,PA,AEA,EN,Towers with Radar,0,28,91,0,119,0,4,94,0,98,0,32,185,0,217,86,0,86,303
09/22/2001,RDG,PA,AEA,EN,Towers with Radar,0,19,89,0,108,0,7,120,0,127,0,26,209,0,235,256,0,256,491
09/23/2001,RDG,PA,AEA,EN,Towers with Radar,0,15,60,0,75,0,4,155,0,159,0,19,215,0,234,288,0,288,522
09/24/2001,RDG,PA,AEA,EN,Towers with Radar,0,37,37,0,74,0,3,12,0,15,0,40,49,0,89,18,0,18,107
09/25/2001,RDG,PA,AEA,EN,Towers with Radar,0,19,49,4,72,0,4,56,0,60,0,23,105,4,132,108,2,110,242
09/26/2001,RDG,PA,AEA,EN,Towers with Radar,0,17,80,4,101,0,7,138,2,147,0,24,218,6,248,218,6,224,472
09/27/2001,RDG,PA,AEA,EN,Towers with Radar,0,25,72,0,97,0,12,138,0,150,0,37,210,0,247,217,0,217,464
09/28/2001,RDG,PA,AEA,EN,Towers with Radar,0,18,63,6,87,0,7,131,0,138,0,25,194,6,225,230,14,244,469
09/29/2001,RDG,PA,AEA,EN,Towers with Radar,0,10,46,1,57,0,0,100,2,102,0,10,146,3,159,178,4,182,341
09/30/2001,RDG,PA,AEA,EN,Towers with Radar,0,7,34,0,41,0,3,106,0,109,0,10,140,0,150,226,0,226,376
10/01/2001,RDG,PA,AEA,EN,Towers with Radar,0,22,56,1,79,0,3,118,0,121,0,25,174,1,200,182,4,186,386
10/02/2001,RDG,PA,AEA,EN,Towers with Radar,1,20,53,0,74,1,36,122,0,159,2,56,175,0,233,186,0,186,419
10/03/2001,RDG,PA,AEA,EN,Towers with Radar,0,20,52,3,75,0,15,142,1,158,0,35,194,4,233,196,16,212,445
10/04/2001,RDG,PA,AEA,EN,Towers with Radar,1,8,35,0,44,1,0,117,0,118,2,8,152,0,162,172,0,172,334
10/05/2001,RDG,PA,AEA,EN,Towers with Radar,0,12,36,2,50,0,0,93,6,99,0,12,129,8,149,232,12,244,393
10/06/2001,RDG,PA,AEA,EN,Towers with Radar,0,15,39,2,56,0,10,78,7,95,0,25,117,9,151,78,0,78,229
10/07/2001,RDG,PA,AEA,EN,Towers with Radar,0,16,41,2,59,0,9,103,12,124,0,25,144,14,183,40,30,70,253
10/08/2001,RDG,PA,AEA,EN,Towers with Radar,1,23,59,3,86,1,8,93,20,122,2,31,152,23,208,196,28,224,432
10/09/2001,RDG,PA,AEA,EN,Towers with Radar,0,24,62,1,87,0,6,112,0,118,0,30,174,1,205,192,2,194,399
10/10/2001,RDG,PA,AEA,EN,Towers with Radar,0,20,53,0,73,0,15,85,0,100,0,35,138,0,173,164,14,178,351
10/11/2001,RDG,PA,AEA,EN,Towers with Radar,0,18,55,4,77,0,0,207,2,209,0,18,262,6,286,260,8,268,554
10/12/2001,RDG,PA,AEA,EN,Towers with Radar,1,20,48,2,71,1,4,207,3,215,2,24,255,5,286,302,10,312,598
10/13/2001,RDG,PA,AEA,EN,Towers with Radar,0,24,64,5,93,0,0,156,5,161,0,24,220,10,254,214,8,222,476
10/14/2001,RDG,PA,AEA,EN,Towers with Radar,0,24,59,5,88,0,5,172,12,189,0,29,231,17,277,242,4,246,523
10/15/2001,RDG,PA,AEA,EN,Towers with Radar,0,17,46,4,67,0,0,78,3,81,0,17,124,7,148,42,10,52,200
10/16/2001,RDG,PA,AEA,EN,Towers with Radar,0,16,55,2,73,0,8,113,3,124,0,24,168,5,197,142,4,146,343
10/17/2001,RDG,PA,AEA,EN,Towers with Radar,0,22,54,0,76,0,10,125,0,135,0,32,179,0,211,186,0,186,397
10/18/2001,RDG,PA,AEA,EN,Towers with Radar,0,13,31,0,44,2,1,113,0,116,2,14,144,0,160,150,0,150,310
10/19/2001,RDG,PA,AEA,EN,Towers with Radar,0,19,46,2,67,0,2,173,2,177,0,21,219,4,244,234,4,238,482
10/20/2001,RDG,PA,AEA,EN,Towers with Radar,0,27,66,4,97,0,0,178,0,178,0,27,244,4,275,260,28,288,563
10/21/2001,RDG,PA,AEA,EN,Towers with Radar,0,34,84,5,123,0,6,168,7,181,0,40,252,12,304,184,8,192,496
10/22/2001,RDG,PA,AEA,EN,Towers with Radar,0,24,58,0,82,0,13,132,0,145,0,37,190,0,227,204,4,208,435
10/23/2001,RDG,PA,AEA,EN,Towers with Radar,0,22,55,0,77,0,0,180,0,180,0,22,235,0,257,232,0,232,489
10/24/2001,RDG,PA,AEA,EN,Towers with Radar,0,16,40,0,56,0,8,118,0,126,0,24,158,0,182,200,0,200,382
10/25/2001,RDG,PA,AEA,EN,Towers with Radar,0,22,57,0,79,0,0,157,0,157,0,22,214,0,236,310,0,310,546
10/26/2001,RDG,PA,AEA,EN,Towers with Radar,0,13,31,0,44,2,1,28,0,31,2,14,59,0,75,78,0,78,153
10/27/2001,RDG,PA,AEA,EN,Towers with Radar,0,29,71,4,104,0,11,169,2,182,0,40,240,6,286,194,16,210,496
10/28/2001,RDG,PA,AEA,EN,Towers with Radar,0,31,79,5,115,0,34,171,1,206,0,65,250,6,321,310,12,322,643
10/29/2001,RDG,PA,AEA,EN,Towers with Radar,0,25,62,4,91,0,6,134,1,141,0,31,196,5,232,300,8,308,540
10/30/2001,RDG,PA,AEA,EN,Towers with Radar,0,21,51,3,75,0,5,143,7,155,0,26,194,10,230,260,0,260,490
10/31/2001,RDG,PA,AEA,EN,Towers with Radar,0,26,66,4,96,0,11,121,3,135,0,37,187,7,231,226,10,236,467
11/01/2001,RDG,PA,AEA,EN,Towers with Radar,0,25,77,6,108,0,8,157,6,171,0,33,234,12,279,216,0,216,495
11/02/2001,RDG,PA,AEA,EN,Towers with Radar,0,29,72,4,105,0,5,166,6,177,0,34,238,10,282,312,10,322,604
11/03/2001,RDG,PA,AEA,EN,Towers with Radar,2,23,53,3,81,0,14,175,3,192,2,37,228,6,273,344,10,354,627
11/04/2001,RDG,PA,AEA,EN,Towers with Radar,0,24,59,3,86,0,0,179,2,181,0,24,238,5,267,352,12,364,631
11/05/2001,RDG,PA,AEA,EN,Towers with Radar,0,25,25,0,50,0,9,71,0,80,0,34,96,0,130,86,0,86,216
11/06/2001,RDG,PA,AEA,EN,Towers with Radar,0,25,38,0,63,0,7,103,0,110,0,32,141,0,173,142,0,142,315
11/07/2001,RDG,PA,AEA,EN,Towers with Radar,0,24,48,3,75,0,6,113,0,119,0,30,161,3,194,186,0,186,380
11/08/2001,RDG,PA,AEA,EN,Towers with Radar,0,26,54,5,85,0,8,174,4,186,0,34,228,9,271,256,2,258,529
11/09/2001,RDG,PA,AEA,EN,Towers with Radar,0,22,42,5,69,0,5,101,0,106,0,27,143,5,175,170,18,188,363
11/10/2001,RDG,PA,AEA,EN,Towers with Radar,2,18,37,0,57,0,3,168,0,171,2,21,205,0,228,210,0,210,438
11/11/2001,RDG,PA,AEA,EN,Towers with Radar,0,20,56,0,76,0,1,105,0,106,0,21,161,0,182,204,0,204,386
11/12/2001,RDG,PA,AEA,EN,Towers with Radar,0,23,33,0,56,0,3,110,0,113,0,26,143,0,169,154,0,154,323
11/13/2001,RDG,PA,AEA,EN,Towers with Radar,0,23,65,1,89,0,12,178,1,191,0,35,243,2,280,228,4,232,512
11/14/2001,RDG,PA,AEA,EN,Towers with Radar,0,18,65,4,87,0,12,158,8,178,0,30,223,12,265,238,4,242,507
11/15/2001,RDG,PA,AEA,EN,Towers with Radar,0,25,53,1,79,0,7,150,1,158,0,32,203,2,237,238,4,242,479
11/16/2001,RDG,PA,AEA,EN,Towers with Radar,0,20,45,1,66,0,0,191,3,194,0,20,236,4,260,266,2,268,528
11/17/2001,RDG,PA,AEA,EN,Towers with Radar,0,28,57,2,87,0,5,138,12,155,0,33,195,14,242,214,0,214,456
11/18/2001,RDG,PA,AEA,EN,Towers with Radar,0,9,44,0,53,0,1,51,0,52,0,10,95,0,105,56,0,56,161
11/19/2001,RDG,PA,AEA,EN,Towers with Radar,0,27,47,9,83,0,5,88,0,93,0,32,135,9,176,118,8,126,302
11/20/2001,RDG,PA,AEA,EN,Towers with Radar,0,33,44,0,77,0,7,108,0,115,0,40,152,0,192,180,0,180,372
11/21/2001,RDG,PA,AEA,EN,Towers with Radar,0,17,35,1,53,0,2,28,0,30,0,19,63,1,83,28,0,28,111
11/22/2001,RDG,PA,AEA,EN,Towers with Radar,0,29,62,2,93,0,0,188,7,195,0,29,250,9,288,312,10,322,610
11/23/2001,RDG,PA,AEA,EN,Towers with Radar,0,17,35,0,52,0,9,110,0,119,0,26,145,0,171,124,0,124,295
11/24/2001,RDG,PA,AEA,EN,Towers with Radar,0,19,50,0,69,0,0,210,0,210,0,19,260,0,279,356,0,356,635
11/25/2001,RDG,PA,AEA,EN,Towers with Radar,0,26,53,0,79,2,5,43,0,50,2,31,96,0,129,50,0,50,179
11/26/2001,RDG,PA,AEA,EN,Towers with Radar,0,24,49,2,75,0,0,69,0,69,0,24,118,2,144,168,0,168,312
11/27/2001,RDG,PA,AEA,EN,Towers with Radar,0,32,63,0,95,0,10,22,0,32,0,42,85,0,127,58,0,58,185
11/28/2001,RDG,PA,AEA,EN,Towers with Radar,0,30,51,0,81,0,4,30,0,34,0,34,81,0,115,75,0,75,190
11/29/2001,RDG,PA,AEA,EN,Towers with Radar,0,32,61,0,93,0,4,6,0,10,0,36,67,0,103,0,0,0,103
11/30/2001,RDG,PA,AEA,EN,Towers with Radar,0,39,65,4,108,0,1,29,0,30,0,40,94,4,138,14,0,14,152
12/01/2001,RDG,PA,AEA,EN,Towers with Radar,3,16,58,2,79,0,4,137,10,151,3,20,195,12,230,247,0,247,477
12/02/2001,RDG,PA,AEA,EN,Towers with Radar,1,16,68,0,85,0,1,183,0,184,1,17,251,0,269,296,0,296,565
12/03/2001,RDG,PA,AEA,EN,Towers with Radar,0,27,47,0,74,0,7,90,0,97,0,34,137,0,171,192,0,192,363
12/04/2001,RDG,PA,AEA,EN,Towers with Radar,0,33,63,4,100,0,10,180,2,192,0,43,243,6,292,270,2,272,564
12/05/2001,RDG,PA,AEA,EN,Towers with Radar,0,35,46,4,85,0,10,182,0,192,0,45,228,4,277,250,8,258,535
12/06/2001,RDG,PA,AEA,EN,Towers with Radar,0,33,45,6,84,0,12,124,3,139,0,45,169,9,223,132,2,134,357
12/07/2001,RDG,PA,AEA,EN,Towers with Radar,0,25,32,0,57,0,7,110,0,117,0,32,142,0,174,94,0,94,268
12/08/2001,RDG,PA,AEA,EN,Towers with Radar,1,14,27,0,42,0,1,60,0,61,1,15,87,0,103,120,0,120,223
12/09/2001,RDG,PA,AEA,EN,Towers with Radar,1,13,39,0,53,0,4,123,0,127,1,17,162,0,180,220,0,220,400
12/10/2001,RDG,PA,AEA,EN,Towers with Radar,0,29,24,0,53,0,6,78,0,84,0,35,102,0,137,116,0,116,253
12/11/2001,RDG,PA,AEA,EN,Towers with Radar,0,28,50,5,83,0,10,141,3,154,0,38,191,8,237,202,15,217,454
12/12/2001,RDG,PA,AEA,EN,Towers with Radar,0,29,61,3,93,0,4,101,2,107,0,33,162,5,200,122,0,122,322
12/13/2001,RDG,PA,AEA,EN,Towers with Radar,0,38,60,0,98,0,0,4,0,4,0,38,64,0,102,0,0,0,102
12/14/2001,RDG,PA,AEA,EN,Towers with Radar,0,32,34,0,66,0,0,0,0,0,0,32,34,0,66,0,0,0,66
12/15/2001,RDG,PA,AEA,EN,Towers with Radar,0,20,29,6,55,0,7,113,13,133,0,27,142,19,188,142,20,162,350
12/16/2001,RDG,PA,AEA,EN,Towers with Radar,0,20,74,0,94,0,9,191,0,200,0,29,265,0,294,330,0,330,624
12/17/2001,RDG,PA,AEA,EN,Towers with Radar,0,26,39,0,65,0,11,93,0,104,0,37,132,0,169,90,0,90,259
12/18/2001,RDG,PA,AEA,EN,Towers with Radar,0,29,41,0,70,0,6,60,0,66,0,35,101,0,136,60,0,60,196
12/19/2001,RDG,PA,AEA,EN,Towers with Radar,0,22,32,0,54,0,3,166,2,171,0,25,198,2,225,198,0,198,423
12/20/2001,RDG,PA,AEA,EN,Towers with Radar,0,26,30,0,56,0,5,72,0,77,0,31,102,0,133,62,0,62,195
12/21/2001,RDG,PA,AEA,EN,Towers with Radar,0,29,26,0,55,0,8,59,0,67,0,37,85,0,122,38,0,38,160
12/22/2001,RDG,PA,AEA,EN,Towers with Radar,0,19,43,0,62,0,10,183,0,193,0,29,226,0,255,292,0,292,547
12/23/2001,RDG,PA,AEA,EN,Towers with Radar,0,17,35,0,52,0,3,110,0,113,0,20,145,0,165,138,0,138,303
12/24/2001,RDG,PA,AEA,EN,Towers with Radar,0,24,17,0,41,0,0,92,0,92,0,24,109,0,133,72,0,72,205
12/25/2001,RDG,PA,AEA,EN,Towers with Radar,0,8,6,0,14,0,2,33,0,35,0,10,39,0,49,20,0,20,69
12/26/2001,RDG,PA,AEA,EN,Towers with Radar,0,22,54,0,76,0,2,122,0,124,0,24,176,0,200,142,0,142,342
12/27/2001,RDG,PA,AEA,EN,Towers with Radar,0,24,53,4,81,0,0,124,4,128,0,24,177,8,209,216,10,226,435
12/28/2001,RDG,PA,AEA,EN,Towers with Radar,0,22,17,0,39,0,2,111,4,117,0,24,128,4,156,122,4,126,282
12/29/2001,RDG,PA,AEA,EN,Towers with Radar,0,14,49,0,63,0,0,92,0,92,0,14,141,0,155,152,0,152,307
12/30/2001,RDG,PA,AEA,EN,Towers with Radar,0,14,15,0,29,0,1,102,0,103,0,15,117,0,132,134,0,134,266
12/31/2001,RDG,PA,AEA,EN,Towers with Radar,0,21,23,0,44,0,1,76,0,77,0,22,99,0,121,82,0,82,203
01/01/2002,RDG,PA,AEA,EN,Towers with Radar,0,16,32,0,48,0,1,51,0,52,0,17,83,0,100,64,0,64,164
01/02/2002,RDG,PA,AEA,EN,Towers with Radar,0,28,28,0,56,0,3,105,0,108,0,31,133,0,164,150,0,150,314
01/03/2002,RDG,PA,AEA,EN,Towers with Radar,0,22,35,4,61,0,3,125,0,128,0,25,160,4,189,258,0,258,447
01/04/2002,RDG,PA,AEA,EN,Towers with Radar,0,24,49,0,73,0,10,148,0,158,0,34,197,0,231,228,0,228,459
01/05/2002,RDG,PA,AEA,EN,Towers with Radar,0,17,47,0,64,0,7,228,0,235,0,24,275,0,299,282,6,288,587
01/06/2002,RDG,PA,AEA,EN,Towers with Radar,0,14,27,0,41,0,1,53,0,54,0,15,80,0,95,128,0,128,223
01/07/2002,RDG,PA,AEA,EN,Towers with Radar,0,24,24,0,48,0,0,30,0,30,0,24,54,0,78,0,0,0,78
01/08/2002,RDG,PA,AEA,EN,Towers with Radar,0,23,26,2,51,0,3,79,6,88,0,26,105,8,139,132,0,132,271
01/09/2002,RDG,PA,AEA,EN,Towers with Radar,0,23,27,0,50,0,5,59,0,64,0,28,86,0,114,52,0,52,166
01/10/2002,RDG,PA,AEA,EN,Towers with Radar,0,30,63,1,94,0,6,132,0,138,0,36,195,1,232,228,4,232,464
01/11/2002,RDG,PA,AEA,EN,Towers with Radar,0,27,48,2,77,0,0,48,1,49,0,27,96,3,126,150,4,154,280
01/12/2002,RDG,PA,AEA,EN,Towers with Radar,0,17,38,3,58,0,5,175,3,183,0,22,213,6,241,258,6,264,505
01/13/2002,RDG,PA,AEA,EN,Towers with Radar,0,20,23,9,52,0,1,35,0,36,0,21,58,9,88,80,4,84,172
01/14/2002,RDG,PA,AEA,EN,Towers with Radar,0,34,40,0,74,0,5,136,0,141,0,39,176,0,215,210,0,210,425
01/15/2002,RDG,PA,AEA,EN,Towers with Radar,0,25,23,0,48,0,5,87,0,92,0,30,110,0,140,88,0,88,228
01/16/2002,RDG,PA,AEA,EN,Towers with Radar,0,19,33,3,55,0,9,80,11,100,0,28,113,14,155,134,0,134,289
01/17/2002,RDG,PA,AEA,EN,Towers with Radar,0,30,48,10,88,0,10,114,2,126,0,40,162,12,214,88,6,94,308
01/18/2002,RDG,PA,AEA,EN,Towers with Radar,0,23,37,2,62,0,9,163,4,176,0,32,200,6,238,162,6,168,406
01/19/2002,RDG,PA,AEA,EN,Towers with Radar,0,15,11,0,26,0,1,22,0,23,0,16,33,0,49,36,0,36,85
01/20/2002,RDG,PA,AEA,EN,Towers with Radar,0,15,38,0,53,0,0,81,0,81,0,15,119,0,134,152,0,152,286
01/21/2002,RDG,PA,AEA,EN,Towers with Radar,0,26,20,0,46,0,5,9,0,14,0,31,29,0,60,0,0,0,60
01/22/2002,RDG,PA,AEA,EN,Towers with Radar,0,22,46,2,70,0,7,140,0,147,0,29,186,2,217,180,8,188,405
01/23/2002,RDG,PA,AEA,EN,Towers with Radar,0,31,52,0,83,0,1,71,0,72,0,32,123,0,155,192,0,192,347
01/24/2002,RDG,PA,AEA,EN,Towers with Radar,0,30,47,1,78,0,0,0,0,0,0,30,47,1,78,0,0,0,78
01/25/2002,RDG,PA,AEA,EN,Towers with Radar,0,25,44,0,69,0,5,152,0,157,0,30,196,0,226,142,0,142,368
01/26/2002,RDG,PA,AEA,EN,Towers with Radar,0,19,63,0,82,0,6,257,0,263,0,25,320,0,345,318,0,318,663
01/27/2002,RDG,PA,AEA,EN,Towers with Radar,0,13,34,0,47,0,0,216,0,216,0,13,250,0,263,308,0,308,571
01/28/2002,RDG,PA,AEA,EN,Towers with Radar,1,20,39,0,60,0,10,122,0,132,1,30,161,0,192,208,0,208,400
01/29/2002,RDG,PA,AEA,EN,Towers with Radar,0,16,49,5,70,0,7,134,0,141,0,23,183,5,211,220,6,226,437
01/30/2002,RDG,PA,AEA,EN,Towers with Radar,0,23,42,2,67,0,2,28,0,30,0,25,70,2,97,60,0,60,157
01/31/2002,RDG,PA,AEA,EN,Towers with Radar,0,31,41,0,72,0,0,0,0,0,0,31,41,0,72,0,0,0,72
02/01/2002,RDG,PA,AEA,EN,Towers with Radar,0,32,17,0,49,0,0,13,0,13,0,32,30,0,62,0,0,0,62
02/02/2002,RDG,PA,AEA,EN,Towers with Radar,0,19,51,0,70,0,0,129,0,129,0,19,180,0,199,326,4,330,529
02/03/2002,RDG,PA,AEA,EN,Towers with Radar,0,17,49,1,67,0,2,112,2,116,0,19,161,3,183,174,0,174,357
02/04/2002,RDG,PA,AEA,EN,Towers with Radar,0,30,61,0,91,0,4,43,0,47,0,34,104,0,138,102,0,102,240
02/05/2002,RDG,PA,AEA,EN,Towers with Radar,0,21,49,0,70,0,16,95,0,111,0,37,144,0,181,164,0,164,345
02/06/2002,RDG,PA,AEA,EN,Towers with Radar,0,26,43,4,73,0,18,142,19,179,0,44,185,23,252,202,54,256,508
02/07/2002,RDG,PA,AEA,EN,Towers with Radar,0,25,38,0,63,0,4,64,0,68,0,29,102,0,131,70,0,70,201
02/08/2002,RDG,PA,AEA,EN,Towers with Radar,0,21,43,8,72,0,8,199,4,211,0,29,242,12,283,290,20,310,593
02/09/2002,RDG,PA,AEA,EN,Towers with Radar,0,11,48,1,60,0,6,197,0,203,0,17,245,1,263,248,2,250,513
02/10/2002,RDG,PA,AEA,EN,Towers with Radar,1,15,28,0,44,0,1,35,0,36,1,16,63,0,80,74,0,74,154
02/11/2002,RDG,PA,AEA,EN,Towers with Radar,1,29,24,4,58,0,3,33,0,36,1,32,57,4,94,18,4,22,116
02/12/2002,RDG,PA,AEA,EN,Towers with Radar,0,28,33,5,66,0,7,117,3,127,0,35,150,8,193,134,10,144,337
02/13/2002,RDG,PA,AEA,EN,Towers with Radar,0,20,30,4,54,0,12,119,3,134,0,32,149,7,188,116,6,122,310
02/14/2002,RDG,PA,AEA,EN,Towers with Radar,7,25,52,0,84,0,7,138,0,145,7,32,190,0,229,184,22,206,435
02/15/2002,RDG,PA,AEA,EN,Towers with Radar,0,24,66,0,90,0,9,106,4,119,0,33,172,4,209,212,2,214,423
02/16/2002,RDG,PA,AEA,EN,Towers with Radar,2,16,46,3,67,0,3,148,0,151,2,19,194,3,218,248,0,248,466
02/17/2002,RDG,PA,AEA,EN,Towers with Radar,0,15,15,0,30,0,0,58,0,58,0,15,73,0,88,64,0,64,152
02/18/2002,RDG,PA,AEA,EN,Towers with Radar,4,25,46,0,75,0,13,163,0,176,4,38,209,0,251,232,0,232,483
02/19/2002,RDG,PA,AEA,EN,Towers with Radar,0,25,75,2,102,0,18,174,2,194,0,43,249,4,296,260,0,260,556
02/20/2002,RDG,PA,AEA,EN,Towers with Radar,0,27,49,6,82,0,19,118,4,141,0,46,167,10,223,194,2,196,419
02/21/2002,RDG,PA,AEA,EN,Towers with Radar,0,26,65,4,95,0,2,104,0,106,0,28,169,4,201,190,8,198,399
02/22/2002,RDG,PA,AEA,EN,Towers with Radar,0,30,59,3,92,0,1,116,6,123,0,31,175,9,215,238,2,240,455
02/23/2002,RDG,PA,AEA,EN,Towers with Radar,0,18,77,0,95,0,8,194,0,202,0,26,271,0,297,316,0,316,613
02/24/2002,RDG,PA,AEA,EN,Towers with Radar,3,13,44,0,60,0,2,186,0,188,3,15,230,0,248,244,0,244,492
02/25/2002,RDG,PA,AEA,EN,Towers with Radar,0,19,37,2,58,3,8,154,2,167,3,27,191,4,225,240,4,244,469
02/26/2002,RDG,PA,AEA,EN,Towers with Radar,0,23,46,3,72,0,8,124,3,135,0,31,170,6,207,180,4,184,391
02/27/2002,RDG,PA,AEA,EN,Towers with Radar,0,33,27,0,60,0,5,82,0,87,0,38,109,0,147,130,0,130,277
02/28/2002,RDG,PA,AEA,EN,Towers with Radar,0,29,57,12,98,0,6,137,7,150,0,35,194,19,248,222,4,226,474
03/01/2002,RDG,PA,AEA,EN,Towers with Radar,0,26,34,9,69,0,23,189,16,228,0,49,223,25,297,308,16,324,621
03/02/2002,RDG,PA,AEA,EN,Towers with Radar,0,15,33,5,53,0,14,80,1,95,0,29,113,6,148,136,2,138,286
03/03/2002,RDG,PA,AEA,EN,Towers with Radar,0,19,35,0,54,0,3,28,0,31,0,22,63,0,85,140,0,140,225
03/04/2002,RDG,PA,AEA,EN,Towers with Radar,2,24,41,0,67,0,9,86,0,95,2,33,127,0,162,134,0,134,296
03/05/2002,RDG,PA,AEA,EN,Towers with Radar,0,31,36,6,73,0,12,117,8,137,0,43,153,14,210,172,32,204,414
03/06/2002,RDG,PA,AEA,EN,Towers with Radar,0,15,35,2,52,0,14,112,0,126,0,29,147,2,178,164,0,164,342
03/07/2002,RDG,PA,AEA,EN,Towers with Radar,1,26,54,3,84,0,4,139,2,145,1,30,193,5,229,260,20,280,509
03/08/2002,RDG,PA,AEA,EN,Towers with Radar,1,17,49,13,80,0,8,155,7,170,1,25,204,20,250,246,18,264,514
03/09/2002,RDG,PA,AEA,EN,Towers with Radar,2,13,57,5,77,0,5,45,3,53,2,18,102,8,130,98,10,108,238
03/10/2002,RDG,PA,AEA,EN,Towers with Radar,0,12,14,0,26,0,1,35,0,36,0,13,49,0,62,8,0,8,70
03/11/2002,RDG,PA,AEA,EN,Towers with Radar,1,22,39,0,62,0,12,153,2,167,1,34,192,2,229,244,0,244,473
03/12/2002,RDG,PA,AEA,EN,Towers with Radar,0,28,64,2,94,0,7,110,2,119,0,35,174,4,213,198,0,198,411
03/13/2002,RDG,PA,AEA,EN,Towers with Radar,2,27,46,0,75,0,2,4,0,6,2,29,50,0,81,6,0,6,87
03/14/2002,RDG,PA,AEA,EN,Towers with Radar,3,25,80,7,115,0,5,183,2,190,3,30,263,9,305,250,24,274,579
03/15/2002,RDG,PA,AEA,EN,Towers with Radar,1,20,59,3,83,0,32,104,0,136,1,52,163,3,219,188,2,190,409
03/16/2002,RDG,PA,AEA,EN,Towers with Radar,1,9,39,0,49,0,1,79,0,80,1,10,118,0,129,226,0,226,355
03/17/2002,RDG,PA,AEA,EN,Towers with Radar,1,11,31,0,43,0,2,102,0,104,1,13,133,0,147,202,0,202,349
03/18/2002,RDG,PA,AEA,EN,Towers with Radar,0,25,36,0,61,0,0,10,0,10,0,25,46,0,71,0,0,0,71
03/19/2002,RDG,PA,AEA,EN,Towers with Radar,0,26,49,0,75,0,8,105,0,113,0,34,154,0,188,164,0,164,352
03/20/2002,RDG,PA,AEA,EN,Towers with Radar,0,33,38,0,71,0,0,4,0,4,0,33,42,0,75,0,0,0,75
03/21/2002,RDG,PA,AEA,EN,Towers with Radar,2,17,50,8,77,0,10,168,14,192,2,27,218,22,269,192,18,210,479
03/22/2002,RDG,PA,AEA,EN,Towers with Radar,0,22,40,0,62,0,1,69,0,70,0,23,109,0,132,124,8,132,264
03/23/2002,RDG,PA,AEA,EN,Towers with Radar,2,12,35,0,49,0,7,115,0,122,2,19,150,0,171,132,0,132,303
03/24/2002,RDG,PA,AEA,EN,Towers with Radar,0,15,35,0,50,0,6,183,0,189,0,21,218,0,239,284,0,284,523
03/25/2002,RDG,PA,AEA,EN,Towers with Radar,3,27,30,5,65,0,3,76,1,80,3,30,106,6,145,212,6,218,363
03/26/2002,RDG,PA,AEA,EN,Towers with Radar,1,24,36,0,61,0,2,4,0,6,1,26,40,0,67,12,0,12,79
03/27/2002,RDG,PA,AEA,EN,Towers with Radar,0,27,49,11,87,0,8,151,13,172,0,35,200,24,259,188,26,214,473
03/28/2002,RDG,PA,AEA,EN,Towers with Radar,2,22,59,2,85,0,8,190,2,200,2,30,249,4,285,326,8,334,619
03/29/2002,RDG,PA,AEA,EN,Towers with Radar,0,21,43,0,64,0,5,173,0,178,0,26,216,0,242,288,0,288,530
03/30/2002,RDG,PA,AEA,EN,Towers with Radar,0,13,62,0,75,0,10,142,0,152,0,23,204,0,227,354,10,364,591
03/31/2002,RDG,PA,AEA,EN,Towers with Radar,2,19,33,0,54,0,2,100,0,102,2,21,133,0,156,200,0,200,356
04/01/2002,RDG,PA,AEA,EN,Towers with Radar,0,25,58,3,86,0,4,71,3,78,0,29,129,6,164,144,6,150,314
04/02/2002,RDG,PA,AEA,EN,Towers with Radar,1,20,51,3,75,1,0,101,1,103,2,20,152,4,178,144,0,144,322
04/03/2002,RDG,PA,AEA,EN,Towers with Radar,0,19,46,2,67,0,20,187,3,210,0,39,233,5,277,236,6,242,519
04/04/2002,RDG,PA,AEA,EN,Towers with Radar,0,15,29,0,44,0,4,0,0,4,0,19,29,0,48,20,0,20,68
04/05/2002,RDG,PA,AEA,EN,Towers with Radar,0,19,48,0,67,0,0,222,0,222,0,19,270,0,289,220,0,220,509
04/06/2002,RDG,PA,AEA,EN,Towers with Radar,1,26,62,2,91,1,4,54,0,59,2,30,116,2,150,104,4,108,258
04/07/2002,RDG,PA,AEA,EN,Towers with Radar,0,21,50,0,71,0,9,200,0,209,0,30,250,0,280,358,0,358,638
04/08/2002,RDG,PA,AEA,EN,Towers with Radar,0,24,58,2,84,0,21,173,2,196,0,45,231,4,280,260,0,260,540
04/09/2002,RDG,PA,AEA,EN,Towers with Radar,1,21,50,0,72,3,6,29,0,38,4,27,79,0,110,56,0,56,166
04/10/2002,RDG,PA,AEA,EN,Towers with Radar,1,14,38,1,54,1,0,78,1,80,2,14,116,2,134,116,0,116,250
04/11/2002,RDG,PA,AEA,EN,Towers with Radar,0,15,36,1,52,0,0,132,17,149,0,15,168,18,201,172,4,176,377
04/12/2002,RDG,PA,AEA,EN,Towers with Radar,0,17,40,1,58,0,11,31,9,51,0,28,71,10,109,136,4,140,249
04/13/2002,RDG,PA,AEA,EN,Towers with Radar,1,19,48,2,70,1,18,168,0,187,2,37,216,2,257,232,0,232,489
04/14/2002,RDG,PA,AEA,EN,Towers with Radar,0,19,48,1,68,0,6,175,0,181,0,25,223,1,249,246,2,248,497
04/15/2002,RDG,PA,AEA,EN,Towers with Radar,0,21,51,2,74,0,14,133,4,151,0,35,184,6,225,190,4,194,419
04/16/2002,RDG,PA,AEA,EN,Towers with Radar,1,22,49,2,74,1,10,115,3,129,2,32,164,5,203,202,2,204,407
04/17/2002,RDG,PA,AEA,EN,Towers with Radar,0,10,41,0,51,0,0,65,0,65,0,10,106,0,116,140,0,140,256
04/18/2002,RDG,PA,AEA,EN,Towers with Radar,1,14,58,0,73,1,0,32,0,33,2,14,90,0,106,34,0,34,140
04/19/2002,RDG,PA,AEA,EN,Towers with Radar,0,26,60,2,88,0,10,16,5,31,0,36,76,7,119,34,24,58,177
04/20/2002,RDG,PA,AEA,EN,Towers with Radar,1,23,51,2,77,1,15,150,9,175,2,38,201,11,252,302,14,316,568
04/21/2002,RDG,PA,AEA,EN,Towers with Radar,0,15,33,2,50,0,20,133,2,155,0,35,166,4,205,336,6,342,547
04/22/2002,RDG,PA,AEA,EN,Towers with Radar,0,19,43,0,62,0,5,87,0,92,0,24,130,0,154,106,0,106,260
04/23/2002,RDG,PA,AEA,EN,Towers with Radar,0,20,44,2,66,0,13,126,2,141,0,33,170,4,207,204,4,208,415
04/24/2002,RDG,PA,AEA,EN,Towers with Radar,0,19,45,2,66,0,0,237,1,238,0,19,282,3,304,302,4,306,610
04/25/2002,RDG,PA,AEA,EN,Towers with Radar,0,12,35,0,47,0,0,123,0,123,0,12,158,0,170,214,0,214,384
04/26/2002,RDG,PA,AEA,EN,Towers with Radar,0,25,55,3,83,0,3,178,6,187,0,28,233,9,270,262,18,280,550
04/27/2002,RDG,PA,AEA,EN,Towers with Radar,0,25,55,3,83,2,7,130,12,151,2,32,185,15,234,246,10,256,490
04/28/2002,RDG,PA,AEA,EN,Towers with Radar,0,27,62,0,89,0,12,99,0,111,0,39,161,0,200,186,0,186,386
04/29/2002,RDG,PA,AEA,EN,Towers with Radar,0,20,44,2,66,0,11,172,2,185,0,31,216,4,251,224,4,228,479
04/30/2002,RDG,PA,AEA,EN,Towers with Radar,0,24,53,0,77,1,21,127,0,149,1,45,180,0,226,114,0,114,340
05/01/2002,RDG,PA,AEA,EN,Towers with Radar,0,26,61,2,89,0,9,106,0,115,0,35,167,2,204,162,4,166,370
05/02/2002,RDG,PA,AEA,EN,Towers with Radar,0,31,73,0,104,0,2,27,0,29,0,33,100,0,133,22,0,22,155
05/03/2002,RDG,PA,AEA,EN,Towers with Radar,0,25,36,0,61,0,3,84,0,87,0,28,120,0,148,106,0,106,254
05/04/2002,RDG,PA,AEA,EN,Towers with Radar,0,14,35,1,50,2,0,249,0,251,2,14,284,1,301,420,0,420,721
05/05/2002,RDG,PA,AEA,EN,Towers with Radar,0,17,40,4,61,0,0,187,8,195,0,17,227,12,256,308,8,316,572
05/06/2002,RDG,PA,AEA,EN,Towers with Radar,2,19,47,0,68,0,7,98,0,105,2,26,145,0,173,125,4,129,302
05/07/2002,RDG,PA,AEA,EN,Towers with Radar,0,24,63,3,90,0,8,161,1,170,0,32,224,4,260,233,0,233,493
05/08/2002,RDG,PA,AEA,EN,Towers with Radar,0,26,67,8,101,0,6,174,12,192,0,32,241,20,293,300,24,324,617
05/09/2002,RDG,PA,AEA,EN,Towers with Radar,2,26,34,2,64,0,3,7,0,10,2,29,41,2,74,4,0,4,78
05/10/2002,RDG,PA,AEA,EN,Towers with Radar,0,25,48,1,74,0,11,192,3,206,0,36,240,4,280,248,6,254,534
05/11/2002,RDG,PA,AEA,EN,Towers with Radar,0,16,67,0,83,0,6,209,0,215,0,22,276,0,298,420,0,420,718
05/12/2002,RDG,PA,AEA,EN,Towers with Radar,2,18,23,0,43,0,1,42,0,43,2,19,65,0,86,38,0,38,124
05/13/2002,RDG,PA,AEA,EN,Towers with Radar,4,30,41,0,75,0,1,0,0,1,4,31,41,0,76,0,0,0,76
05/14/2002,RDG,PA,AEA,EN,Towers with Radar,0,24,46,0,70,0,4,85,0,89,0,28,131,0,159,148,0,148,307
05/15/2002,RDG,PA,AEA,EN,Towers with Radar,0,24,41,3,68,0,7,107,8,122,0,31,148,11,190,182,26,208,398
05/16/2002,RDG,PA,AEA,EN,Towers with Radar,2,20,62,4,88,0,3,189,3,195,2,23,251,7,283,336,32,368,651
05/17/2002,RDG,PA,AEA,EN,Towers with Radar,0,22,52,0,74,0,3,111,0,114,0,25,163,0,188,205,0,205,393
05/18/2002,RDG,PA,AEA,EN,Towers with Radar,0,10,23,0,33,0,3,43,1,47,0,13,66,1,80,58,0,58,138
05/19/2002,RDG,PA,AEA,EN,Towers with Radar,0,12,57,0,69,0,10,193,2,205,0,22,250,2,274,332,4,336,610
05/20/2002,RDG,PA,AEA,EN,Towers with Radar,4,28,48,11,91,0,5,155,13,173,4,33,203,24,264,200,16,216,480
05/21/2002,RDG,PA,AEA,EN,Towers with Radar,0,24,85,0,109,0,8,149,2,159,0,32,234,2,268,236,2,238,506
05/22/2002,RDG,PA,AEA,EN,Towers with Radar,0,23,67,5,95,0,16,227,3,246,0,39,294,8,341,342,0,342,683
05/23/2002,RDG,PA,AEA,EN,Towers with Radar,2,14,51,4,71,0,12,244,0,256,2,26,295,4,327,300,12,312,639
05/24/2002,RDG,PA,AEA,EN,Towers with Radar,0,20,41,1,62,0,6,159,0,165,0,26,200,1,227,250,14,264,491
05/25/2002,RDG,PA,AEA,EN,Towers with Radar,2,10,33,0,45,0,6,173,1,180,2,16,206,1,225,208,0,208,433
05/26/2002,RDG,PA,AEA,EN,Towers with Radar,0,11,56,0,67,0,0,26,0,26,0,11,82,0,93,94,0,94,187
05/27/2002,RDG,PA,AEA,EN,Towers with Radar,0,16,41,0,57,0,0,52,0,52,0,16,93,0,109,58,0,58,167
05/28/2002,RDG,PA,AEA,EN,Towers with Radar,2,18,43,0,63,0,5,87,0,92,2,23,130,0,155,186,0,186,341
05/29/2002,RDG,PA,AEA,EN,Towers with Radar,0,25,66,0,91,0,0,68,0,68,0,25,134,0,159,194,0,194,353
05/30/2002,RDG,PA,AEA,EN,Towers with Radar,2,21,70,0,93,0,5,117,4,126,2,26,187,4,219,236,0,236,455
05/31/2002,RDG,PA,AEA,EN,Towers with Radar,0,24,33,0,57,0,10,98,0,108,0,34,131,0,165,186,0,186,351
06/01/2002,RDG,PA,AEA,EN,Towers with Radar,0,14,28,0,42,0,4,314,0,318,0,18,342,0,360,242,0,242,602
06/02/2002,RDG,PA,AEA,EN,Towers with Radar,2,15,35,0,52,0,4,183,0,187,2,19,218,0,239,258,0,258,497
06/03/2002,RDG,PA,AEA,EN,Towers with Radar,2,15,50,0,67,0,13,155,0,168,2,28,205,0,235,200,0,200,435
06/04/2002,RDG,PA,AEA,EN,Towers with Radar,0,22,54,5,81,0,7,152,0,159,0,29,206,5,240,308,16,324,564
06/05/2002,RDG,PA,AEA,EN,Towers with Radar,0,29,45,2,76,0,3,86,6,95,0,32,131,8,171,260,8,268,439
06/06/2002,RDG,PA,AEA,EN,Towers with Radar,2,20,76,0,98,0,1,49,4,54,2,21,125,4,152,126,8,134,286
06/07/2002,RDG,PA,AEA,EN,Towers with Radar,0,19,59,13,91,0,208,250,12,470,0,227,309,25,561,286,85,371,932
06/08/2002,RDG,PA,AEA,EN,Towers with Radar,0,11,26,2,39,0,2,714,211,927,0,13,740,213,966,40,154,194,1160
06/09/2002,RDG,PA,AEA,EN,Towers with Radar,0,21,43,11,75,0,110,430,288,828,0,131,473,299,903,464,110,574,1477
06/10/2002,RDG,PA,AEA,EN,Towers with Radar,2,24,61,2,89,0,6,161,0,167,2,30,222,2,256,308,4,312,568
06/11/2002,RDG,PA,AEA,EN,Towers with Radar,0,23,55,10,88,0,15,132,8,155,0,38,187,18,243,196,36,232,475
06/12/2002,RDG,PA,AEA,EN,Towers with Radar,0,23,70,0,93,0,4,6,0,10,0,27,76,0,103,200,0,200,303
06/13/2002,RDG,PA,AEA,EN,Towers with Radar,2,31,92,0,125,0,16,21,0,37,2,47,113,0,162,84,0,84,246
06/14/2002,RDG,PA,AEA,EN,Towers with Radar,0,27,65,2,94,0,0,0,0,0,0,27,65,2,94,0,0,0,94
06/15/2002,RDG,PA,AEA,EN,Towers with Radar,2,15,91,0,108,0,1,36,2,39,2,16,127,2,147,28,0,28,175
06/16/2002,RDG,PA,AEA,EN,Towers with Radar,0,11,27,0,38,0,0,136,0,136,0,11,163,0,174,202,0,202,376
06/17/2002,RDG,PA,AEA,EN,Towers with Radar,4,18,83,0,105,0,3,120,0,123,4,21,203,0,228,222,0,222,450
06/18/2002,RDG,PA,AEA,EN,Towers with Radar,0,20,67,4,91,0,12,185,6,203,0,32,252,10,294,286,12,298,592
06/19/2002,RDG,PA,AEA,EN,Towers with Radar,0,23,98,20,141,0,8,132,10,150,0,31,230,30,291,338,8,346,637
06/20/2002,RDG,PA,AEA,EN,Towers with Radar,2,20,66,18,106,0,8,139,9,156,2,28,205,27,262,196,14,210,472
06/21/2002,RDG,PA,AEA,EN,Towers with Radar,0,23,58,2,83,0,19,234,2,255,0,42,292,4,338,242,2,244,582
06/22/2002,RDG,PA,AEA,EN,Towers with Radar,0,17,48,0,65,0,8,188,8,204,0,25,236,8,269,402,0,402,671
06/23/2002,RDG,PA,AEA,EN,Towers with Radar,2,12,55,0,69,0,3,150,0,153,2,15,205,0,222,332,5,337,559
06/24/2002,RDG,PA,AEA,EN,Towers with Radar,2,25,44,0,71,0,1,81,0,82,2,26,125,0,153,262,0,262,415
06/25/2002,RDG,PA,AEA,EN,Towers with Radar,0,25,72,6,103,0,5,137,3,145,0,30,209,9,248,194,10,204,452
06/26/2002,RDG,PA,AEA,EN,Towers with Radar,0,23,56,3,82,0,5,81,1,87,0,28,137,4,169,98,0,98,267
06/27/2002,RDG,PA,AEA,EN,Towers with Radar,3,22,44,0,69,0,9,238,1,248,3,31,282,1,317,150,0,150,467
06/28/2002,RDG,PA,AEA,EN,Towers with Radar,1,22,73,3,99,0,9,185,2,196,1,31,258,5,295,264,2,266,561
06/29/2002,RDG,PA,AEA,EN,Towers with Radar,0,11,74,0,85,0,4,215,0,219,0,15,289,0,304,384,0,384,688
06/30/2002,RDG,PA,AEA,EN,Towers with Radar,0,9,63,0,72,0,7,216,5,228,0,16,279,5,300,340,8,348,648
07/01/2002,RDG,PA,AEA,EN,Towers with Radar,0,18,42,0,60,0,11,173,0,184,0,29,215,0,244,228,4,232,476
07/02/2002,RDG,PA,AEA,EN,Towers with Radar,0,19,53,0,72,2,11,82,0,95,2,30,135,0,167,136,10,146,313
07/03/2002,RDG,PA,AEA,EN,Towers with Radar,0,25,45,3,73,0,2,94,1,97,0,27,139,4,170,124,12,136,306
07/04/2002,RDG,PA,AEA,EN,Towers with Radar,0,14,23,0,37,0,9,125,0,134,0,23,148,0,171,110,0,110,281
07/05/2002,RDG,PA,AEA,EN,Towers with Radar,0,18,49,2,69,0,5,207,10,222,0,23,256,12,291,316,0,316,607
07/06/2002,RDG,PA,AEA,EN,Towers with Radar,2,11,57,0,70,0,4,144,0,148,2,15,201,0,218,262,0,262,480
07/07/2002,RDG,PA,AEA,EN,Towers with Radar,0,15,85,0,100,0,1,30,0,31,0,16,115,0,131,78,0,78,209
07/08/2002,RDG,PA,AEA,EN,Towers with Radar,2,23,52,0,77,0,3,62,0,65,2,26,114,0,142,90,0,90,232
07/09/2002,RDG,PA,AEA,EN,Towers with Radar,0,18,53,3,74,0,8,72,0,80,0,26,125,3,154,142,14,156,310
07/10/2002,RDG,PA,AEA,EN,Towers with Radar,0,22,46,0,68,0,11,177,0,188,0,33,223,0,256,220,0,220,476
07/11/2002,RDG,PA,AEA,EN,Towers with Radar,2,21,59,7,89,0,14,190,8,212,2,35,249,15,301,326,36,362,663
07/12/2002,RDG,PA,AEA,EN,Towers with Radar,0,16,52,2,70,0,15,256,0,271,0,31,308,2,341,376,8,384,725
07/13/2002,RDG,PA,AEA,EN,Towers with Radar,1,11,51,2,65,1,5,202,2,210,2,16,253,4,275,266,0,266,541
07/14/2002,RDG,PA,AEA,EN,Towers with Radar,1,18,65,0,84,1,0,101,0,102,2,18,166,0,186,188,0,188,374
07/15/2002,RDG,PA,AEA,EN,Towers with Radar,4,18,55,0,77,0,4,91,0,95,4,22,146,0,172,182,0,182,354
07/16/2002,RDG,PA,AEA,EN,Towers with Radar,0,21,49,1,71,0,6,151,5,162,0,27,200,6,233,248,6,254,487
07/17/2002,RDG,PA,AEA,EN,Towers with Radar,0,23,46,10,79,0,5,152,4,161,0,28,198,14,240,236,46,282,522
07/18/2002,RDG,PA,AEA,EN,Towers with Radar,2,25,58,12,97,0,3,109,5,117,2,28,167,17,214,164,2,166,380
07/19/2002,RDG,PA,AEA,EN,Towers with Radar,0,23,50,8,81,0,0,76,1,77,0,23,126,9,158,92,14,106,264
07/20/2002,RDG,PA,AEA,EN,Towers with Radar,0,10,29,0,39,0,7,115,0,122,0,17,144,0,161,126,0,126,287
07/21/2002,RDG,PA,AEA,EN,Towers with Radar,2,13,51,0,66,0,0,50,0,50,2,13,101,0,116,148,0,148,264
07/22/2002,RDG,PA,AEA,EN,Towers with Radar,2,17,41,0,60,0,7,77,2,86,2,24,118,2,146,136,6,142,288
07/23/2002,RDG,PA,AEA,EN,Towers with Radar,0,24,51,2,77,0,3,74,0,77,0,27,125,2,154,120,0,120,274
07/24/2002,RDG,PA,AEA,EN,Towers with Radar,0,28,74,8,110,0,8,158,5,171,0,36,232,13,281,416,24,440,721
07/25/2002,RDG,PA,AEA,EN,Towers with Radar,2,22,52,0,76,0,7,176,0,183,2,29,228,0,259,362,0,362,621
07/26/2002,RDG,PA,AEA,EN,Towers with Radar,0,25,60,0,85,0,4,155,0,159,0,29,215,0,244,338,0,338,582
07/27/2002,RDG,PA,AEA,EN,Towers with Radar,0,14,57,2,73,0,1,29,0,30,0,15,86,2,103,64,0,64,167
07/28/2002,RDG,PA,AEA,EN,Towers with Radar,1,13,62,2,78,0,4,121,5,130,1,17,183,7,208,162,2,164,372
07/29/2002,RDG,PA,AEA,EN,Towers with Radar,4,19,42,0,65,0,7,91,0,98,4,26,133,0,163,174,0,174,337
07/30/2002,RDG,PA,AEA,EN,Towers with Radar,0,23,47,0,70,0,14,139,0,153,0,37,186,0,223,228,2,230,453
07/31/2002,RDG,PA,AEA,EN,Towers with Radar,0,25,59,10,94,0,7,144,2,153,0,32,203,12,247,292,14,306,553
08/01/2002,RDG,PA,AEA,EN,Towers with Radar,0,30,65,9,104,0,2,216,4,222,0,32,281,13,326,340,12,352,678
08/02/2002,RDG,PA,AEA,EN,Towers with Radar,0,30,63,0,93,0,22,189,0,211,0,52,252,0,304,226,8,234,538
08/03/2002,RDG,PA,AEA,EN,Towers with Radar,0,19,46,0,65,0,0,91,0,91,0,19,137,0,156,314,0,314,470
08/04/2002,RDG,PA,AEA,EN,Towers with Radar,0,21,56,0,77,0,0,87,0,87,0,21,143,0,164,158,0,158,322
08/05/2002,RDG,PA,AEA,EN,Towers with Radar,2,30,40,0,72,0,7,116,0,123,2,37,156,0,195,168,0,168,363
08/06/2002,RDG,PA,AEA,EN,Towers with Radar,0,22,62,5,89,0,9,129,4,142,0,31,191,9,231,214,6,220,451
08/07/2002,RDG,PA,AEA,EN,Towers with Radar,0,24,53,3,80,0,12,274,21,307,0,36,327,24,387,296,32,328,715
08/08/2002,RDG,PA,AEA,EN,Towers with Radar,2,25,48,0,75,0,21,199,1,221,2,46,247,1,296,242,4,246,542
08/09/2002,RDG,PA,AEA,EN,Towers with Radar,0,26,85,0,111,0,5,169,0,174,0,31,254,0,285,380,0,380,665
08/10/2002,RDG,PA,AEA,EN,Towers with Radar,0,15,58,0,73,0,3,172,0,175,0,18,230,0,248,330,2,332,580
08/11/2002,RDG,PA,AEA,EN,Towers with Radar,0,16,34,0,50,0,5,192,2,199,0,21,226,2,249,326,0,326,575
08/12/2002,RDG,PA,AEA,EN,Towers with Radar,2,29,39,0,70,0,11,133,0,144,2,40,172,0,214,260,0,260,474
08/13/2002,RDG,PA,AEA,EN,Towers with Radar,0,25,51,3,79,0,7,173,1,181,0,32,224,4,260,192,6,198,458
08/14/2002,RDG,PA,AEA,EN,Towers with Radar,0,31,77,0,108,0,2,157,0,159,0,33,234,0,267,416,0,416,683
08/15/2002,RDG,PA,AEA,EN,Towers with Radar,2,40,61,2,105,0,24,191,4,219,2,64,252,6,324,308,0,308,632
08/16/2002,RDG,PA,AEA,EN,Towers with Radar,0,28,55,5,88,0,5,118,6,129,0,33,173,11,217,206,4,210,427
08/17/2002,RDG,PA,AEA,EN,Towers with Radar,0,18,33,0,51,0,0,183,0,183,0,18,216,0,234,222,0,222,456
08/18/2002,RDG,PA,AEA,EN,Towers with Radar,0,19,48,0,67,0,4,24,0,28,0,23,72,0,95,248,0,248,343
08/19/2002,RDG,PA,AEA,EN,Towers with Radar,2,27,32,5,66,0,8,164,9,181,2,35,196,14,247,226,12,238,485
08/20/2002,RDG,PA,AEA,EN,Towers with Radar,0,29,43,2,74,0,3,163,0,166,0,32,206,2,240,242,0,242,482
08/21/2002,RDG,PA,AEA,EN,Towers with Radar,0,26,57,0,83,0,10,254,0,264,0,36,311,0,347,340,0,340,687
08/22/2002,RDG,PA,AEA,EN,Towers with Radar,2,23,84,4,113,0,9,204,4,217,2,32,288,8,330,342,0,342,672
08/23/2002,RDG,PA,AEA,EN,Towers with Radar,0,22,50,5,77,0,6,155,11,172,0,28,205,16,249,270,22,292,541
08/24/2002,RDG,PA,AEA,EN,Towers with Radar,0,14,49,0,63,0,1,6,0,7,0,15,55,0,70,20,0,20,90
08/25/2002,RDG,PA,AEA,EN,Towers with Radar,0,18,32,2,52,0,3,184,2,189,0,21,216,4,241,336,6,342,583
08/26/2002,RDG,PA,AEA,EN,Towers with Radar,4,23,58,0,85,0,8,195,0,203,4,31,253,0,288,356,0,356,644
08/27/2002,RDG,PA,AEA,EN,Towers with Radar,0,28,60,1,89,0,2,186,2,190,0,30,246,3,279,350,6,356,635
08/28/2002,RDG,PA,AEA,EN,Towers with Radar,0,21,52,0,73,0,4,80,0,84,0,25,132,0,157,168,0,168,325
08/29/2002,RDG,PA,AEA,EN,Towers with Radar,1,31,71,0,103,0,1,53,0,54,1,32,124,0,157,110,0,110,267
08/30/2002,RDG,PA,AEA,EN,Towers with Radar,0,21,79,2,102,0,4,115,0,119,0,25,194,2,221,180,10,190,411
08/31/2002,RDG,PA,AEA,EN,Towers with Radar,0,18,43,0,61,0,0,144,0,144,0,18,187,0,205,266,0,266,471
09/01/2002,RDG,PA,AEA,EN,Towers with Radar,0,16,65,0,81,0,0,0,0,0,0,16,65,0,81,12,0,12,93
09/02/2002,RDG,PA,AEA,EN,Towers with Radar,0,14,73,0,87,0,3,116,0,119,0,17,189,0,206,242,0,242,448
09/03/2002,RDG,PA,AEA,EN,Towers with Radar,1,29,54,3,87,1,9,147,0,157,2,38,201,3,244,260,0,260,504
09/04/2002,RDG,PA,AEA,EN,Towers with Radar,0,26,83,0,109,0,5,172,2,179,0,31,255,2,288,438,2,440,728
09/05/2002,RDG,PA,AEA,EN,Towers with Radar,1,31,61,0,93,0,12,179,0,191,1,43,240,0,284,410,0,410,694
09/06/2002,RDG,PA,AEA,EN,Towers with Radar,0,23,59,2,84,0,9,179,0,188,0,32,238,2,272,324,12,336,608
09/07/2002,RDG,PA,AEA,EN,Towers with Radar,0,12,43,0,55,0,6,228,6,240,0,18,271,6,295,336,4,340,635
09/08/2002,RDG,PA,AEA,EN,Towers with Radar,0,13,47,0,60,0,1,284,4,289,0,14,331,4,349,388,0,388,737
09/09/2002,RDG,PA,AEA,EN,Towers with Radar,7,22,62,11,102,0,7,166,0,173,7,29,228,11,275,342,18,360,635
09/10/2002,RDG,PA,AEA,EN,Towers with Radar,0,31,55,0,86,0,10,183,1,194,0,41,238,1,280,370,0,370,650
09/11/2002,RDG,PA,AEA,EN,Towers with Radar,0,30,48,1,79,0,6,89,0,95,0,36,137,1,174,168,0,168,342
09/12/2002,RDG,PA,AEA,EN,Towers with Radar,1,29,68,8,106,0,18,165,4,187,1,47,233,12,293,246,6,252,545
09/13/2002,RDG,PA,AEA,EN,Towers with Radar,0,35,55,3,93,0,14,216,6,236,0,49,271,9,329,308,12,320,649
09/14/2002,RDG,PA,AEA,EN,Towers with Radar,0,18,55,0,73,0,2,140,0,142,0,20,195,0,215,284,0,284,499
09/15/2002,RDG,PA,AEA,EN,Towers with Radar,0,20,57,1,78,0,0,5,0,5,0,20,62,1,83,22,0,22,105
09/16/2002,RDG,PA,AEA,EN,Towers with Radar,2,37,75,0,114,0,3,91,0,94,2,40,166,0,208,240,0,240,448
09/17/2002,RDG,PA,AEA,EN,Towers with Radar,0,26,55,0,81,0,4,116,0,120,0,30,171,0,201,230,0,230,431
09/18/2002,RDG,PA,AEA,EN,Towers with Radar,0,19,69,0,88,0,6,120,0,126,0,25,189,0,214,150,0,150,364
09/19/2002,RDG,PA,AEA,EN,Towers with Radar,1,24,71,7,103,0,4,100,1,105,1,28,171,8,208,140,0,140,348
09/20/2002,RDG,PA,AEA,EN,Towers with Radar,0,29,64,0,93,0,4,129,0,133,0,33,193,0,226,242,6,248,474
09/21/2002,RDG,PA,AEA,EN,Towers with Radar,2,13,90,0,105,0,6,239,0,245,2,19,329,0,350,270,0,270,620
09/22/2002,RDG,PA,AEA,EN,Towers with Radar,0,15,57,0,72,0,0,136,0,136,0,15,193,0,208,296,4,300,508
09/23/2002,RDG,PA,AEA,EN,Towers with Radar,2,20,48,0,70,0,7,135,0,142,2,27,183,0,212,330,2,332,544
09/24/2002,RDG,PA,AEA,EN,Towers with Radar,0,26,66,0,92,0,8,209,0,217,0,34,275,0,309,386,0,386,695
09/25/2002,RDG,PA,AEA,EN,Towers with Radar,0,22,49,0,71,0,8,185,0,193,0,30,234,0,264,288,2,290,554
09/26/2002,RDG,PA,AEA,EN,Towers with Radar,2,34,59,3,98,0,4,78,3,85,2,38,137,6,183,148,10,158,341
09/27/2002,RDG,PA,AEA,EN,Towers with Radar,0,26,46,0,72,0,0,0,0,0,0,26,46,0,72,0,0,0,72
09/28/2002,RDG,PA,AEA,EN,Towers with Radar,2,17,43,0,62,0,4,134,0,138,2,21,177,0,200,214,0,214,414
09/29/2002,RDG,PA,AEA,EN,Towers with Radar,0,12,65,0,77,0,16,241,3,260,0,28,306,3,337,532,2,534,871
09/30/2002,RDG,PA,AEA,EN,Towers with Radar,6,26,52,26,110,0,11,85,12,108,6,37,137,38,218,230,22,252,470
10/01/2002,RDG,PA,AEA,EN,Towers with Radar,0,25,48,6,79,0,9,174,6,189,0,34,222,12,268,202,16,218,486
10/02/2002,RDG,PA,AEA,EN,Towers with Radar,0,35,64,5,104,0,12,95,0,107,0,47,159,5,211,190,0,190,401
10/03/2002,RDG,PA,AEA,EN,Towers with Radar,2,35,82,7,126,0,26,100,11,137,2,61,182,18,263,224,24,248,511
10/04/2002,RDG,PA,AEA,EN,Towers with Radar,0,28,78,0,106,0,2,4,0,6,0,30,82,0,112,0,0,0,112
10/05/2002,RDG,PA,AEA,EN,Towers with Radar,0,17,61,0,78,0,1,155,0,156,0,18,216,0,234,426,0,426,660
10/06/2002,RDG,PA,AEA,EN,Towers with Radar,0,19,60,0,79,0,0,176,0,176,0,19,236,0,255,330,16,346,601
10/07/2002,RDG,PA,AEA,EN,Towers with Radar,2,28,30,2,62,0,5,106,0,111,2,33,136,2,173,130,16,146,319
10/08/2002,RDG,PA,AEA,EN,Towers with Radar,0,25,47,0,72,0,15,182,0,197,0,40,229,0,269,290,0,290,559
10/09/2002,RDG,PA,AEA,EN,Towers with Radar,0,27,41,0,68,0,6,155,0,161,0,33,196,0,229,262,0,262,491
10/10/2002,RDG,PA,AEA,EN,Towers with Radar,0,40,47,0,87,0,0,9,0,9,0,40,56,0,96,0,0,0,96
10/11/2002,RDG,PA,AEA,EN,Towers with Radar,0,42,47,0,89,0,0,1,0,1,0,42,48,0,90,0,0,0,90
10/12/2002,RDG,PA,AEA,EN,Towers with Radar,0,23,83,0,106,0,0,77,0,77,0,23,160,0,183,180,0,180,363
10/13/2002,RDG,PA,AEA,EN,Towers with Radar,0,18,93,0,111,0,0,1,0,1,0,18,94,0,112,6,0,6,118
10/14/2002,RDG,PA,AEA,EN,Towers with Radar,0,21,41,0,62,4,18,150,0,172,4,39,191,0,234,256,0,256,490
10/15/2002,RDG,PA,AEA,EN,Towers with Radar,0,40,76,0,116,0,9,177,3,189,0,49,253,3,305,276,0,276,581
10/16/2002,RDG,PA,AEA,EN,Towers with Radar,0,27,31,0,58,0,3,3,0,6,0,30,34,0,64,0,0,0,64
10/17/2002,RDG,PA,AEA,EN,Towers with Radar,2,30,54,8,94,0,9,158,12,179,2,39,212,20,273,196,32,228,501
10/18/2002,RDG,PA,AEA,EN,Towers with Radar,0,29,49,9,87,0,12,165,0,177,0,41,214,9,264,238,24,262,526
10/19/2002,RDG,PA,AEA,EN,Towers with Radar,0,22,46,0,68,0,4,113,0,117,0,26,159,0,185,264,2,266,451
10/20/2002,RDG,PA,AEA,EN,Towers with Radar,0,10,40,2,52,0,1,167,0,168,0,11,207,2,220,264,8,272,492
10/21/2002,RDG,PA,AEA,EN,Towers with Radar,4,18,30,0,52,0,8,155,0,163,4,26,185,0,215,260,0,260,475
10/22/2002,RDG,PA,AEA,EN,Towers with Radar,0,28,6,0,34,43,191,0,0,234,43,219,6,0,268,338,8,346,614
10/23/2002,RDG,PA,AEA,EN,Towers with Radar,0,28,53,3,84,0,7,140,0,147,0,35,193,3,231,306,12,318,549
10/24/2002,RDG,PA,AEA,EN,Towers with Radar,2,29,76,3,110,0,11,150,3,164,2,40,226,6,274,256,10,266,540
10/25/2002,RDG,PA,AEA,EN,Towers with Radar,0,35,69,0,104,0,1,24,0,25,0,36,93,0,129,0,0,0,129
10/26/2002,RDG,PA,AEA,EN,Towers with Radar,0,16,39,0,55,0,1,22,0,23,0,17,61,0,78,38,0,38,116
10/27/2002,RDG,PA,AEA,EN,Towers with Radar,0,15,43,0,58,0,4,149,0,153,0,19,192,0,211,264,0,264,475
10/28/2002,RDG,PA,AEA,EN,Towers with Radar,2,28,57,0,87,0,10,195,0,205,2,38,252,0,292,248,0,248,540
10/29/2002,RDG,PA,AEA,EN,Towers with Radar,0,25,39,0,64,0,5,84,2,91,0,30,123,2,155,144,0,144,299
10/30/2002,RDG,PA,AEA,EN,Towers with Radar,0,32,22,0,54,0,1,2,0,3,0,33,24,0,57,0,0,0,57
10/31/2002,RDG,PA,AEA,EN,Towers with Radar,2,23,54,6,85,0,16,176,0,192,2,39,230,6,277,300,30,330,607
11/01/2002,RDG,PA,AEA,EN,Towers with Radar,0,19,29,2,50,0,4,118,4,126,0,23,147,6,176,126,6,132,308
11/02/2002,RDG,PA,AEA,EN,Towers with Radar,0,12,38,0,50,0,3,151,0,154,0,15,189,0,204,246,0,246,450
11/03/2002,RDG,PA,AEA,EN,Towers with Radar,0,14,63,0,77,0,5,168,0,173,0,19,231,0,250,262,0,262,512
11/04/2002,RDG,PA,AEA,EN,Towers with Radar,1,25,38,0,64,0,6,74,0,80,1,31,112,0,144,108,0,108,252
11/05/2002,RDG,PA,AEA,EN,Towers with Radar,0,32,49,6,87,0,7,117,0,124,0,39,166,6,211,166,6,172,383
11/06/2002,RDG,PA,AEA,EN,Towers with Radar,0,31,43,0,74,0,15,36,0,51,0,46,79,0,125,88,0,88,213
11/07/2002,RDG,PA,AEA,EN,Towers with Radar,2,22,44,4,72,0,12,162,3,177,2,34,206,7,249,206,4,210,459
11/08/2002,RDG,PA,AEA,EN,Towers with Radar,0,23,66,2,91,0,16,182,2,200,0,39,248,4,291,312,0,312,603
11/09/2002,RDG,PA,AEA,EN,Towers with Radar,0,9,60,0,69,0,6,214,1,221,0,15,274,1,290,580,0,580,870
11/10/2002,RDG,PA,AEA,EN,Towers with Radar,0,21,27,0,48,0,1,83,0,84,0,22,110,0,132,228,0,228,360
11/11/2002,RDG,PA,AEA,EN,Towers with Radar,3,24,34,0,61,0,5,45,0,50,3,29,79,0,111,36,0,36,147
11/12/2002,RDG,PA,AEA,EN,Towers with Radar,0,31,34,0,65,0,1,15,0,16,0,32,49,0,81,0,0,0,81
11/13/2002,RDG,PA,AEA,EN,Towers with Radar,0,25,53,0,78,0,9,123,0,132,0,34,176,0,210,234,2,236,446
11/14/2002,RDG,PA,AEA,EN,Towers with Radar,2,35,49,2,88,0,16,181,0,197,2,51,230,2,285,296,4,300,585
11/15/2002,RDG,PA,AEA,EN,Towers with Radar,0,25,51,1,77,0,5,145,0,150,0,30,196,1,227,192,16,208,435
11/16/2002,RDG,PA,AEA,EN,Towers with Radar,0,22,20,0,42,0,5,2,0,7,0,27,22,0,49,0,0,0,49
11/17/2002,RDG,PA,AEA,EN,Towers with Radar,0,16,15,0,31,0,0,0,0,0,0,16,15,0,31,0,0,0,31
11/18/2002,RDG,PA,AEA,EN,Towers with Radar,2,22,26,2,52,0,3,88,2,93,2,25,114,4,145,90,10,100,245
11/19/2002,RDG,PA,AEA,EN,Towers with Radar,0,25,50,1,76,0,0,108,5,113,0,25,158,6,189,112,14,126,315
11/20/2002,RDG,PA,AEA,EN,Towers with Radar,0,24,65,4,93,0,16,216,0,232,0,40,281,4,325,398,2,400,725
11/21/2002,RDG,PA,AEA,EN,Towers with Radar,4,29,48,0,81,0,2,14,0,16,4,31,62,0,97,60,0,60,157
11/22/2002,RDG,PA,AEA,EN,Towers with Radar,0,35,40,7,82,0,3,15,2,20,0,38,55,9,102,6,14,20,122
11/23/2002,RDG,PA,AEA,EN,Towers with Radar,0,21,34,0,55,0,2,71,0,73,0,23,105,0,128,138,0,138,266
11/24/2002,RDG,PA,AEA,EN,Towers with Radar,0,10,69,0,79,0,1,152,0,153,0,11,221,0,232,344,0,344,576
11/25/2002,RDG,PA,AEA,EN,Towers with Radar,1,23,68,0,92,0,4,135,0,139,1,27,203,0,231,218,4,222,453
11/26/2002,RDG,PA,AEA,EN,Towers with Radar,0,26,62,1,89,0,6,172,5,183,0,32,234,6,272,212,6,218,490
11/27/2002,RDG,PA,AEA,EN,Towers with Radar,2,25,33,0,60,0,5,81,0,86,2,30,114,0,146,106,0,106,252
11/28/2002,RDG,PA,AEA,EN,Towers with Radar,0,15,19,0,34,0,6,91,0,97,0,21,110,0,131,86,0,86,217
11/29/2002,RDG,PA,AEA,EN,Towers with Radar,0,15,31,0,46,0,6,97,0,103,0,21,128,0,149,156,0,156,305
11/30/2002,RDG,PA,AEA,EN,Towers with Radar,0,13,38,0,51,0,5,120,0,125,0,18,158,0,176,186,0,186,362
12/01/2002,RDG,PA,AEA,EN,Towers with Radar,0,13,22,0,35,0,0,29,0,29,0,13,51,0,64,96,0,96,160
12/02/2002,RDG,PA,AEA,EN,Towers with Radar,2,34,48,0,84,0,5,95,2,102,2,39,143,2,186,214,2,216,402
12/03/2002,RDG,PA,AEA,EN,Towers with Radar,1,24,44,0,69,0,5,73,0,78,1,29,117,0,147,154,0,154,301
12/04/2002,RDG,PA,AEA,EN,Towers with Radar,0,22,22,0,44,0,7,110,0,117,0,29,132,0,161,172,0,172,333
12/05/2002,RDG,PA,AEA,EN,Towers with Radar,1,26,19,0,46,0,2,6,0,8,1,28,25,0,54,2,0,2,56
12/06/2002,RDG,PA,AEA,EN,Towers with Radar,0,25,18,2,45,0,4,85,9,98,0,29,103,11,143,106,14,120,263
12/07/2002,RDG,PA,AEA,EN,Towers with Radar,0,13,30,0,43,0,2,377,0,379,0,15,407,0,422,226,0,226,648
12/08/2002,RDG,PA,AEA,EN,Towers with Radar,0,13,40,0,53,0,3,131,0,134,0,16,171,0,187,288,0,288,475
12/09/2002,RDG,PA,AEA,EN,Towers with Radar,4,22,40,0,66,0,4,133,0,137,4,26,173,0,203,176,2,178,381
12/10/2002,RDG,PA,AEA,EN,Towers with Radar,0,23,30,7,60,0,5,104,0,109,0,28,134,7,169,172,18,190,359
12/11/2002,RDG,PA,AEA,EN,Towers with Radar,0,24,14,5,43,0,4,7,0,11,0,28,21,5,54,0,0,0,54
12/12/2002,RDG,PA,AEA,EN,Towers with Radar,0,30,64,0,94,0,9,90,1,100,0,39,154,1,194,178,0,178,372
12/13/2002,RDG,PA,AEA,EN,Towers with Radar,0,29,50,5,84,0,1,32,0,33,0,30,82,5,117,118,0,118,235
12/14/2002,RDG,PA,AEA,EN,Towers with Radar,0,22,17,0,39,0,0,8,0,8,0,22,25,0,47,52,0,52,99
12/15/2002,RDG,PA,AEA,EN,Towers with Radar,0,24,78,0,102,0,1,131,0,132,0,25,209,0,234,340,4,344,578
12/16/2002,RDG,PA,AEA,EN,Towers with Radar,4,23,54,0,81,0,6,64,2,72,4,29,118,2,153,116,0,116,269
12/17/2002,RDG,PA,AEA,EN,Towers with Radar,0,24,44,0,68,0,7,135,0,142,0,31,179,0,210,208,4,212,422
12/18/2002,RDG,PA,AEA,EN,Towers with Radar,0,23,43,5,71,0,14,118,1,133,0,37,161,6,204,204,4,208,412
12/19/2002,RDG,PA,AEA,EN,Towers with Radar,2,27,33,0,62,0,9,73,0,82,2,36,106,0,144,134,2,136,280
12/20/2002,RDG,PA,AEA,EN,Towers with Radar,0,25,36,0,61,0,3,42,0,45,0,28,78,0,106,70,2,72,178
12/21/2002,RDG,PA,AEA,EN,Towers with Radar,0,14,55,0,69,0,1,74,0,75,0,15,129,0,144,194,0,194,338
12/22/2002,RDG,PA,AEA,EN,Towers with Radar,0,16,32,0,48,0,1,122,0,123,0,17,154,0,171,240,0,240,411
12/23/2002,RDG,PA,AEA,EN,Towers with Radar,0,18,20,1,39,0,3,88,0,91,0,21,108,1,130,118,4,122,252
12/24/2002,RDG,PA,AEA,EN,Towers with Radar,0,23,20,0,43,0,24,73,0,97,0,47,93,0,140,110,0,110,250
12/25/2002,RDG,PA,AEA,EN,Towers with Radar,0,10,5,0,15,0,1,0,0,1,0,11,5,0,16,0,0,0,16
12/26/2002,RDG,PA,AEA,EN,Towers with Radar,0,23,34,0,57,0,0,35,0,35,0,23,69,0,92,74,0,74,166
12/27/2002,RDG,PA,AEA,EN,Towers with Radar,0,24,32,0,56,0,6,71,0,77,0,30,103,0,133,172,0,172,305
12/28/2002,RDG,PA,AEA,EN,Towers with Radar,0,19,59,0,78,0,3,173,0,176,0,22,232,0,254,312,0,312,566
12/29/2002,RDG,PA,AEA,EN,Towers with Radar,0,27,47,0,74,0,3,142,0,145,0,30,189,0,219,348,2,350,569
12/30/2002,RDG,PA,AEA,EN,Towers with Radar,0,21,33,2,56,0,7,153,0,160,0,28,186,2,216,264,4,268,484
12/31/2002,RDG,PA,AEA,EN,Towers with Radar,0,27,23,0,50,0,11,14,0,25,0,38,37,0,75,14,0,14,89
01/01/2003,RDG,PA,AEA,EN,Towers with Radar,0,15,11,0,26,0,1,0,0,1,0,16,11,0,27,0,0,0,27
01/02/2003,RDG,PA,AEA,EN,Towers with Radar,0,29,20,0,49,0,0,51,0,51,0,29,71,0,100,134,0,134,234
01/03/2003,RDG,PA,AEA,EN,Towers with Radar,0,27,17,0,44,0,0,0,0,0,0,27,17,0,44,0,0,0,44
01/04/2003,RDG,PA,AEA,EN,Towers with Radar,0,22,13,0,35,0,0,7,0,7,0,22,20,0,42,50,0,50,92
01/05/2003,RDG,PA,AEA,EN,Towers with Radar,0,16,29,0,45,0,0,33,0,33,0,16,62,0,78,78,0,78,156
01/06/2003,RDG,PA,AEA,EN,Towers with Radar,3,24,20,0,47,0,0,0,0,0,3,24,20,0,47,0,0,0,47
01/07/2003,RDG,PA,AEA,EN,Towers with Radar,0,28,24,11,63,0,7,131,3,141,0,35,155,14,204,172,10,182,386
01/08/2003,RDG,PA,AEA,EN,Towers with Radar,0,23,28,0,51,0,4,91,0,95,0,27,119,0,146,142,0,142,288
01/09/2003,RDG,PA,AEA,EN,Towers with Radar,2,28,49,0,79,0,2,86,0,88,2,30,135,0,167,290,8,298,465
01/10/2003,RDG,PA,AEA,EN,Towers with Radar,0,23,46,1,70,0,2,79,3,84,0,25,125,4,154,158,4,162,316
01/11/2003,RDG,PA,AEA,EN,Towers with Radar,0,14,23,0,37,0,5,104,1,110,0,19,127,1,147,170,0,170,317
01/12/2003,RDG,PA,AEA,EN,Towers with Radar,0,12,41,0,53,0,7,158,0,165,0,19,199,0,218,266,0,266,484
01/13/2003,RDG,PA,AEA,EN,Towers with Radar,2,17,17,1,37,0,2,88,1,91,2,19,105,2,128,180,6,186,314
01/14/2003,RDG,PA,AEA,EN,Towers with Radar,0,18,26,9,53,0,9,93,2,104,0,27,119,11,157,176,30,206,363
01/15/2003,RDG,PA,AEA,EN,Towers with Radar,0,19,38,1,58,0,5,142,0,147,0,24,180,1,205,178,2,180,385
01/16/2003,RDG,PA,AEA,EN,Towers with Radar,2,21,47,1,71,0,11,122,2,135,2,32,169,3,206,244,10,254,460
01/17/2003,RDG,PA,AEA,EN,Towers with Radar,0,25,62,2,89,0,3,101,2,106,0,28,163,4,195,132,3,135,330
01/18/2003,RDG,PA,AEA,EN,Towers with Radar,0,17,32,0,49,0,2,182,0,184,0,19,214,0,233,242,0,242,475
01/19/2003,RDG,PA,AEA,EN,Towers with Radar,0,9,18,0,27,0,0,46,0,46,0,9,64,0,73,142,0,142,215
01/20/2003,RDG,PA,AEA,EN,Towers with Radar,3,27,14,0,44,0,3,69,0,72,3,30,83,0,116,92,0,92,208
01/21/2003,RDG,PA,AEA,EN,Towers with Radar,0,29,39,0,68,0,4,133,0,137,0,33,172,0,205,190,0,190,395
01/22/2003,RDG,PA,AEA,EN,Towers with Radar,0,24,40,6,70,0,6,124,1,131,0,30,164,7,201,254,62,316,517
01/23/2003,RDG,PA,AEA,EN,Towers with Radar,2,25,41,7,75,0,4,103,0,107,2,29,144,7,182,186,26,212,394
01/24/2003,RDG,PA,AEA,EN,Towers with Radar,0,27,35,3,65,0,5,128,0,133,0,32,163,3,198,152,2,154,352
01/25/2003,RDG,PA,AEA,EN,Towers with Radar,0,13,66,0,79,0,7,160,3,170,0,20,226,3,249,266,4,270,519
01/26/2003,RDG,PA,AEA,EN,Towers with Radar,0,13,45,0,58,0,0,34,0,34,0,13,79,0,92,92,0,92,184
01/27/2003,RDG,PA,AEA,EN,Towers with Radar,0,24,28,0,52,0,3,58,0,61,0,27,86,0,113,72,0,72,185
01/28/2003,RDG,PA,AEA,EN,Towers with Radar,0,31,46,2,79,0,9,114,0,123,0,40,160,2,202,182,2,184,386
01/29/2003,RDG,PA,AEA,EN,Towers with Radar,0,28,21,0,49,0,2,15,0,17,0,30,36,0,66,0,0,0,66
01/30/2003,RDG,PA,AEA,EN,Towers with Radar,2,31,52,0,85,0,8,168,0,176,2,39,220,0,261,306,14,320,581
01/31/2003,RDG,PA,AEA,EN,Towers with Radar,0,31,37,0,68,0,3,8,0,11,0,34,45,0,79,50,0,50,129
02/01/2003,RDG,PA,AEA,EN,Towers with Radar,0,15,6,0,21,0,0,1,0,1,0,15,7,0,22,0,0,0,22
02/02/2003,RDG,PA,AEA,EN,Towers with Radar,0,14,38,0,52,0,0,97,0,97,0,14,135,0,149,210,0,210,359
02/03/2003,RDG,PA,AEA,EN,Towers with Radar,3,33,48,0,84,0,2,147,0,149,3,35,195,0,233,226,0,226,459
02/04/2003,RDG,PA,AEA,EN,Towers with Radar,0,27,22,0,49,0,0,11,0,11,0,27,33,0,60,0,0,0,60
02/05/2003,RDG,PA,AEA,EN,Towers with Radar,0,38,58,0,96,0,13,138,0,151,0,51,196,0,247,182,0,182,429
02/06/2003,RDG,PA,AEA,EN,Towers with Radar,4,23,62,1,90,0,4,192,0,196,4,27,254,1,286,380,0,380,666
02/07/2003,RDG,PA,AEA,EN,Towers with Radar,0,20,31,1,52,0,5,14,5,24,0,25,45,6,76,42,14,56,132
02/08/2003,RDG,PA,AEA,EN,Towers with Radar,0,24,68,0,92,0,6,91,0,97,0,30,159,0,189,272,0,272,461
02/09/2003,RDG,PA,AEA,EN,Towers with Radar,0,14,44,2,60,0,3,142,2,147,0,17,186,4,207,246,26,272,479
02/10/2003,RDG,PA,AEA,EN,Towers with Radar,1,23,25,5,54,0,0,18,1,19,1,23,43,6,73,24,8,32,105
02/11/2003,RDG,PA,AEA,EN,Towers with Radar,0,31,44,8,83,0,12,174,2,188,0,43,218,10,271,210,22,232,503
02/12/2003,RDG,PA,AEA,EN,Towers with Radar,0,28,37,0,65,0,7,59,0,66,0,35,96,0,131,68,0,68,199
02/13/2003,RDG,PA,AEA,EN,Towers with Radar,1,27,30,3,61,0,8,92,1,101,1,35,122,4,162,160,18,178,340
02/14/2003,RDG,PA,AEA,EN,Towers with Radar,0,23,41,0,64,0,1,58,0,59,0,24,99,0,123,124,0,124,247
02/15/2003,RDG,PA,AEA,EN,Towers with Radar,0,15,27,0,42,0,4,25,0,29,0,19,52,0,71,76,0,76,147
02/16/2003,RDG,PA,AEA,EN,Towers with Radar,0,3,11,0,14,0,0,1,0,1,0,3,12,0,15,0,0,0,15
02/17/2003,RDG,PA,AEA,EN,Towers with Radar,0,4,4,0,8,0,0,0,0,0,0,4,4,0,8,0,0,0,8
02/18/2003,RDG,PA,AEA,EN,Towers with Radar,0,29,17,0,46,0,2,19,0,21,0,31,36,0,67,34,0,34,101
02/19/2003,RDG,PA,AEA,EN,Towers with Radar,0,32,57,0,89,0,5,93,2,100,0,37,150,2,189,252,8,260,449
02/20/2003,RDG,PA,AEA,EN,Towers with Radar,0,21,58,7,86,0,6,157,4,167,0,27,215,11,253,198,12,210,463
02/21/2003,RDG,PA,AEA,EN,Towers with Radar,0,27,58,0,85,0,6,104,0,110,0,33,162,0,195,264,0,264,459
02/22/2003,RDG,PA,AEA,EN,Towers with Radar,0,20,24,0,44,0,0,0,0,0,0,20,24,0,44,0,0,0,44
02/23/2003,RDG,PA,AEA,EN,Towers with Radar,0,22,26,0,48,0,0,7,0,7,0,22,33,0,55,6,0,6,61
02/24/2003,RDG,PA,AEA,EN,Towers with Radar,2,27,48,0,77,0,1,69,0,70,2,28,117,0,147,146,0,146,293
02/25/2003,RDG,PA,AEA,EN,Towers with Radar,0,27,58,0,85,0,10,167,0,177,0,37,225,0,262,206,0,206,468
02/26/2003,RDG,PA,AEA,EN,Towers with Radar,0,30,42,8,80,0,3,69,10,82,0,33,111,18,162,116,20,136,298
02/27/2003,RDG,PA,AEA,EN,Towers with Radar,0,25,38,0,63,0,5,82,0,87,0,30,120,0,150,136,4,140,290
02/28/2003,RDG,PA,AEA,EN,Towers with Radar,0,19,29,2,50,0,2,44,0,46,0,21,73,2,96,72,2,74,170
03/01/2003,RDG,PA,AEA,EN,Towers with Radar,0,16,29,0,45,0,4,0,0,4,0,20,29,0,49,18,0,18,67
03/02/2003,RDG,PA,AEA,EN,Towers with Radar,1,20,42,0,63,0,0,16,0,16,1,20,58,0,79,60,0,60,139
03/03/2003,RDG,PA,AEA,EN,Towers with Radar,3,23,30,0,56,1,7,110,0,118,4,30,140,0,174,166,2,168,342
03/04/2003,RDG,PA,AEA,EN,Towers with Radar,0,29,53,4,86,0,15,216,2,233,0,44,269,6,319,174,8,182,501
03/05/2003,RDG,PA,AEA,EN,Towers with Radar,0,32,32,5,69,0,2,54,1,57,0,34,86,6,126,68,8,76,202
03/06/2003,RDG,PA,AEA,EN,Towers with Radar,2,28,30,0,60,0,3,6,2,11,2,31,36,2,71,0,0,0,71
03/07/2003,RDG,PA,AEA,EN,Towers with Radar,0,26,47,3,76,0,14,190,7,211,0,40,237,10,287,298,14,312,599
03/08/2003,RDG,PA,AEA,EN,Towers with Radar,0,20,59,1,80,0,10,267,0,277,0,30,326,1,357,344,4,348,705
03/09/2003,RDG,PA,AEA,EN,Towers with Radar,2,12,48,0,62,0,2,103,0,105,2,14,151,0,167,172,0,172,339
03/10/2003,RDG,PA,AEA,EN,Towers with Radar,2,25,31,5,63,0,2,152,1,155,2,27,183,6,218,204,0,204,422
03/11/2003,RDG,PA,AEA,EN,Towers with Radar,0,24,38,1,63,0,10,122,2,134,0,34,160,3,197,274,6,280,477
03/12/2003,RDG,PA,AEA,EN,Towers with Radar,0,43,74,13,130,0,6,18,0,24,0,49,92,13,154,72,20,92,246
03/13/2003,RDG,PA,AEA,EN,Towers with Radar,2,29,58,12,101,0,6,55,0,61,2,35,113,12,162,86,30,116,278
03/14/2003,RDG,PA,AEA,EN,Towers with Radar,0,34,34,3,71,0,11,189,4,204,0,45,223,7,275,258,16,274,549
03/15/2003,RDG,PA,AEA,EN,Towers with Radar,0,16,94,0,110,0,5,280,2,287,0,21,374,2,397,486,6,492,889
03/16/2003,RDG,PA,AEA,EN,Towers with Radar,2,13,96,0,111,0,9,225,0,234,2,22,321,0,345,560,0,560,905
03/17/2003,RDG,PA,AEA,EN,Towers with Radar,4,17,68,2,91,0,5,62,0,67,4,22,130,2,158,124,4,128,286
03/18/2003,RDG,PA,AEA,EN,Towers with Radar,0,27,54,2,83,0,12,149,0,161,0,39,203,2,244,234,12,246,490
03/19/2003,RDG,PA,AEA,EN,Towers with Radar,0,30,64,0,94,0,5,135,2,142,0,35,199,2,236,314,0,314,550
03/20/2003,RDG,PA,AEA,EN,Towers with Radar,0,27,58,1,86,0,1,4,0,5,0,28,62,1,91,0,0,0,91
03/21/2003,RDG,PA,AEA,EN,Towers with Radar,0,29,51,0,80,0,0,43,0,43,0,29,94,0,123,78,0,78,201
03/22/2003,RDG,PA,AEA,EN,Towers with Radar,0,17,50,0,67,0,4,248,0,252,0,21,298,0,319,412,0,412,731
03/23/2003,RDG,PA,AEA,EN,Towers with Radar,0,15,81,0,96,0,6,208,0,214,0,21,289,0,310,314,0,314,624
03/24/2003,RDG,PA,AEA,EN,Towers with Radar,2,26,40,0,68,0,15,125,0,140,2,41,165,0,208,224,4,228,436
03/25/2003,RDG,PA,AEA,EN,Towers with Radar,0,24,70,21,115,0,8,163,15,186,0,32,233,36,301,240,58,298,599
03/26/2003,RDG,PA,AEA,EN,Towers with Radar,0,38,43,11,92,0,5,74,5,84,0,43,117,16,176,124,4,128,304
03/27/2003,RDG,PA,AEA,EN,Towers with Radar,1,36,96,0,133,0,6,157,0,163,1,42,253,0,296,254,0,254,550
03/28/2003,RDG,PA,AEA,EN,Towers with Radar,1,43,52,2,98,0,0,130,6,136,1,43,182,8,234,304,44,348,582
03/29/2003,RDG,PA,AEA,EN,Towers with Radar,0,17,22,2,41,0,0,11,0,11,0,17,33,2,52,16,0,16,68
03/30/2003,RDG,PA,AEA,EN,Towers with Radar,1,17,13,0,31,0,0,2,0,2,1,17,15,0,33,4,0,4,37
03/31/2003,RDG,PA,AEA,EN,Towers with Radar,4,19,49,5,77,0,3,79,4,86,4,22,128,9,163,156,2,158,321
04/01/2003,RDG,PA,AEA,EN,Towers with Radar,0,29,35,23,87,0,2,73,0,75,0,31,108,23,162,178,42,220,382
04/02/2003,RDG,PA,AEA,EN,Towers with Radar,0,30,70,2,102,0,7,157,0,164,0,37,227,2,266,360,4,364,630
04/03/2003,RDG,PA,AEA,EN,Towers with Radar,4,25,92,0,121,0,7,153,0,160,4,32,245,0,281,366,0,366,647
04/04/2003,RDG,PA,AEA,EN,Towers with Radar,0,29,32,0,61,0,1,16,0,17,0,30,48,0,78,0,0,0,78
04/05/2003,RDG,PA,AEA,EN,Towers with Radar,0,20,50,0,70,0,0,0,0,0,0,20,50,0,70,2,0,2,72
04/06/2003,RDG,PA,AEA,EN,Towers with Radar,1,14,51,0,66,0,5,165,0,170,1,19,216,0,236,238,0,238,474
04/07/2003,RDG,PA,AEA,EN,Towers with Radar,0,27,22,0,49,0,0,10,0,10,0,27,32,0,59,34,0,34,93
04/08/2003,RDG,PA,AEA,EN,Towers with Radar,0,33,32,0,65,0,0,8,0,8,0,33,40,0,73,0,0,0,73
04/09/2003,RDG,PA,AEA,EN,Towers with Radar,0,37,25,0,62,0,0,5,0,5,0,37,30,0,67,4,0,4,71
04/10/2003,RDG,PA,AEA,EN,Towers with Radar,1,30,88,3,122,1,17,162,1,181,2,47,250,4,303,296,0,296,599
04/11/2003,RDG,PA,AEA,EN,Towers with Radar,0,34,36,0,70,0,0,11,0,11,0,34,47,0,81,18,0,18,99
04/12/2003,RDG,PA,AEA,EN,Towers with Radar,0,19,66,0,85,0,7,83,0,90,0,26,149,0,175,196,4,200,375
04/13/2003,RDG,PA,AEA,EN,Towers with Radar,2,19,51,1,73,0,12,256,28,296,2,31,307,29,369,388,6,394,763
04/14/2003,RDG,PA,AEA,EN,Towers with Radar,2,27,62,2,93,0,4,183,6,193,2,31,245,8,286,354,4,358,644
04/15/2003,RDG,PA,AEA,EN,Towers with Radar,0,31,73,2,106,0,10,252,7,269,0,41,325,9,375,356,20,376,751
04/16/2003,RDG,PA,AEA,EN,Towers with Radar,0,23,63,3,89,0,3,202,0,205,0,26,265,3,294,308,4,312,606
04/17/2003,RDG,PA,AEA,EN,Towers with Radar,2,27,57,3,89,0,8,99,0,107,2,35,156,3,196,206,8,214,410
04/18/2003,RDG,PA,AEA,EN,Towers with Radar,0,22,47,0,69,0,1,8,0,9,0,23,55,0,78,18,0,18,96
04/19/2003,RDG,PA,AEA,EN,Towers with Radar,0,17,90,0,107,0,6,90,0,96,0,23,180,0,203,214,0,214,417
04/20/2003,RDG,PA,AEA,EN,Towers with Radar,0,17,37,0,54,0,2,163,0,165,0,19,200,0,219,222,0,222,441
04/21/2003,RDG,PA,AEA,EN,Towers with Radar,0,26,72,0,98,0,1,107,0,108,0,27,179,0,206,218,0,218,424
04/22/2003,RDG,PA,AEA,EN,Towers with Radar,0,26,85,5,116,0,3,65,1,69,0,29,150,6,185,84,8,92,277
04/23/2003,RDG,PA,AEA,EN,Towers with Radar,0,27,42,9,78,0,3,119,3,125,0,30,161,12,203,152,4,156,359
04/24/2003,RDG,PA,AEA,EN,Towers with Radar,1,24,63,18,106,0,6,160,6,172,1,30,223,24,278,242,24,266,544
04/25/2003,RDG,PA,AEA,EN,Towers with Radar,0,26,65,2,93,0,1,162,0,163,0,27,227,2,256,206,6,212,468
04/26/2003,RDG,PA,AEA,EN,Towers with Radar,0,23,48,3,74,0,2,2,0,4,0,25,50,3,78,28,0,28,106
04/27/2003,RDG,PA,AEA,EN,Towers with Radar,0,23,53,0,76,0,1,218,0,219,0,24,271,0,295,354,0,354,649
04/28/2003,RDG,PA,AEA,EN,Towers with Radar,0,34,70,0,104,0,5,146,0,151,0,39,216,0,255,250,0,250,505
04/29/2003,RDG,PA,AEA,EN,Towers with Radar,0,40,71,4,115,0,6,147,10,163,0,46,218,14,278,322,12,334,612
04/30/2003,RDG,PA,AEA,EN,Towers with Radar,0,33,85,2,120,0,12,184,4,200,0,45,269,6,320,370,4,374,694
05/01/2003,RDG,PA,AEA,EN,Towers with Radar,2,26,44,0,72,0,8,60,2,70,2,34,104,2,142,94,0,94,236
05/02/2003,RDG,PA,AEA,EN,Towers with Radar,0,28,42,6,76,0,0,77,0,77,0,28,119,6,153,144,0,144,297
05/03/2003,RDG,PA,AEA,EN,Towers with Radar,0,15,61,1,77,0,5,158,0,163,0,20,219,1,240,356,0,356,596
05/04/2003,RDG,PA,AEA,EN,Towers with Radar,2,15,56,0,73,0,4,203,0,207,2,19,259,0,280,296,0,296,576
05/05/2003,RDG,PA,AEA,EN,Towers with Radar,2,27,51,4,84,0,1,56,0,57,2,28,107,4,141,84,8,92,233
05/06/2003,RDG,PA,AEA,EN,Towers with Radar,0,31,86,4,121,0,2,51,2,55,0,33,137,6,176,84,0,84,260
05/07/2003,RDG,PA,AEA,EN,Towers with Radar,0,28,49,0,77,0,5,116,0,121,0,33,165,0,198,146,0,146,344
05/08/2003,RDG,PA,AEA,EN,Towers with Radar,2,24,55,0,81,0,2,31,0,33,2,26,86,0,114,54,0,54,168
05/09/2003,RDG,PA,AEA,EN,Towers with Radar,0,29,25,0,54,0,0,19,0,19,0,29,44,0,73,26,0,26,99
05/10/2003,RDG,PA,AEA,EN,Towers with Radar,0,15,54,0,69,0,1,20,0,21,0,16,74,0,90,48,0,48,138
05/11/2003,RDG,PA,AEA,EN,Towers with Radar,2,25,30,0,57,0,0,2,0,2,2,25,32,0,59,2,0,2,61
05/12/2003,RDG,PA,AEA,EN,Towers with Radar,1,28,26,0,55,0,0,61,0,61,1,28,87,0,116,86,0,86,202
05/13/2003,RDG,PA,AEA,EN,Towers with Radar,0,30,48,0,78,0,6,90,4,100,0,36,138,4,178,126,4,130,308
05/14/2003,RDG,PA,AEA,EN,Towers with Radar,0,25,112,6,143,0,14,119,0,133,0,39,231,6,276,226,12,238,514
05/15/2003,RDG,PA,AEA,EN,Towers with Radar,2,26,59,0,87,0,13,154,0,167,2,39,213,0,254,262,2,264,518
05/16/2003,RDG,PA,AEA,EN,Towers with Radar,0,35,34,0,69,0,0,33,0,33,0,35,67,0,102,34,0,34,136
05/17/2003,RDG,PA,AEA,EN,Towers with Radar,0,18,70,1,89,0,1,94,0,95,0,19,164,1,184,182,0,182,366
05/18/2003,RDG,PA,AEA,EN,Towers with Radar,0,13,61,0,74,0,2,109,0,111,0,15,170,0,185,280,0,280,465
05/19/2003,RDG,PA,AEA,EN,Towers with Radar,4,20,52,3,79,0,2,164,1,167,4,22,216,4,246,256,4,260,506
05/20/2003,RDG,PA,AEA,EN,Towers with Radar,0,21,54,0,75,0,6,216,2,224,0,27,270,2,299,304,0,304,603
05/21/2003,RDG,PA,AEA,EN,Towers with Radar,0,28,41,0,69,0,4,96,2,102,0,32,137,2,171,128,0,128,299
05/22/2003,RDG,PA,AEA,EN,Towers with Radar,2,28,65,1,96,0,3,96,1,100,2,31,161,2,196,108,0,108,304
05/23/2003,RDG,PA,AEA,EN,Towers with Radar,0,27,56,0,83,0,0,18,0,18,0,27,74,0,101,58,0,58,159
05/24/2003,RDG,PA,AEA,EN,Towers with Radar,0,16,33,0,49,0,0,3,0,3,0,16,36,0,52,0,0,0,52
05/25/2003,RDG,PA,AEA,EN,Towers with Radar,2,14,27,0,43,0,0,0,0,0,2,14,27,0,43,4,0,4,47
05/26/2003,RDG,PA,AEA,EN,Towers with Radar,0,17,50,0,67,0,0,4,0,4,0,17,54,0,71,50,0,50,121
05/27/2003,RDG,PA,AEA,EN,Towers with Radar,2,21,59,2,84,0,6,58,0,64,2,27,117,2,148,176,0,176,324
05/28/2003,RDG,PA,AEA,EN,Towers with Radar,0,23,55,0,78,0,3,52,0,55,0,26,107,0,133,56,0,56,189
05/29/2003,RDG,PA,AEA,EN,Towers with Radar,0,25,37,5,67,0,7,229,1,237,0,32,266,6,304,294,4,298,602
05/30/2003,RDG,PA,AEA,EN,Towers with Radar,0,32,73,0,105,0,10,174,0,184,0,42,247,0,289,306,0,306,595
05/31/2003,RDG,PA,AEA,EN,Towers with Radar,0,23,71,0,94,0,2,84,0,86,0,25,155,0,180,190,0,190,370
06/01/2003,RDG,PA,AEA,EN,Towers with Radar,1,15,36,0,52,0,0,21,0,21,1,15,57,0,73,74,0,74,147
06/02/2003,RDG,PA,AEA,EN,Towers with Radar,0,22,59,0,81,0,3,171,0,174,0,25,230,0,255,262,2,264,519
06/03/2003,RDG,PA,AEA,EN,Towers with Radar,0,27,70,11,108,0,2,73,0,75,0,29,143,11,183,162,26,188,371
06/04/2003,RDG,PA,AEA,EN,Towers with Radar,0,25,37,6,68,0,0,8,0,8,0,25,45,6,76,64,4,68,144
06/05/2003,RDG,PA,AEA,EN,Towers with Radar,0,26,90,6,122,0,0,147,15,162,0,26,237,21,284,338,10,348,632
06/06/2003,RDG,PA,AEA,EN,Towers with Radar,2,28,48,5,83,0,6,400,45,451,2,34,448,50,534,417,40,457,991
06/07/2003,RDG,PA,AEA,EN,Towers with Radar,1,16,44,0,61,0,5,16,0,21,1,21,60,0,82,4,0,4,86
06/08/2003,RDG,PA,AEA,EN,Towers with Radar,2,17,58,2,79,0,0,437,44,481,2,17,495,46,560,132,0,132,692
06/09/2003,RDG,PA,AEA,EN,Towers with Radar,0,20,53,0,73,0,5,199,3,207,0,25,252,3,280,276,0,276,556
06/10/2003,RDG,PA,AEA,EN,Towers with Radar,0,28,45,1,74,0,11,192,5,208,0,39,237,6,282,266,4,270,552
06/11/2003,RDG,PA,AEA,EN,Towers with Radar,0,33,44,0,77,0,2,76,0,78,0,35,120,0,155,96,0,96,251
06/12/2003,RDG,PA,AEA,EN,Towers with Radar,0,22,67,1,90,0,4,94,0,98,0,26,161,1,188,188,6,194,382
06/13/2003,RDG,PA,AEA,EN,Towers with Radar,2,28,51,0,81,0,0,65,0,65,2,28,116,0,146,82,0,82,228
06/14/2003,RDG,PA,AEA,EN,Towers with Radar,0,20,63,1,84,0,1,113,0,114,0,21,176,1,198,250,0,250,448
06/15/2003,RDG,PA,AEA,EN,Towers with Radar,0,15,60,1,76,0,3,219,4,226,0,18,279,5,302,290,0,290,592
06/16/2003,RDG,PA,AEA,EN,Towers with Radar,2,18,68,0,88,0,5,152,1,158,2,23,220,1,246,298,0,298,544
06/17/2003,RDG,PA,AEA,EN,Towers with Radar,0,25,66,0,91,0,4,170,0,174,0,29,236,0,265,356,0,356,621
06/18/2003,RDG,PA,AEA,EN,Towers with Radar,0,21,52,10,83,0,3,30,0,33,0,24,82,10,116,12,8,20,136
06/19/2003,RDG,PA,AEA,EN,Towers with Radar,0,28,67,0,95,0,1,22,0,23,0,29,89,0,118,92,0,92,210
06/20/2003,RDG,PA,AEA,EN,Towers with Radar,2,29,62,0,93,0,0,14,0,14,2,29,76,0,107,20,0,20,127
06/21/2003,RDG,PA,AEA,EN,Towers with Radar,0,24,60,0,84,0,0,4,0,4,0,24,64,0,88,0,0,0,88
06/22/2003,RDG,PA,AEA,EN,Towers with Radar,0,21,102,0,123,0,3,69,0,72,0,24,171,0,195,154,0,154,349
06/23/2003,RDG,PA,AEA,EN,Towers with Radar,2,28,65,0,95,0,13,128,0,141,2,41,193,0,236,196,0,196,432
06/24/2003,RDG,PA,AEA,EN,Towers with Radar,0,32,53,0,85,0,13,183,0,196,0,45,236,0,281,288,0,288,569
06/25/2003,RDG,PA,AEA,EN,Towers with Radar,2,21,62,0,85,0,13,190,2,205,2,34,252,2,290,270,0,270,560
06/26/2003,RDG,PA,AEA,EN,Towers with Radar,2,29,71,4,106,0,10,191,2,203,2,39,262,6,309,222,2,224,533
06/27/2003,RDG,PA,AEA,EN,Towers with Radar,0,34,53,1,88,0,5,104,1,110,0,39,157,2,198,170,0,170,368
06/28/2003,RDG,PA,AEA,EN,Towers with Radar,0,16,48,0,64,0,0,129,0,129,0,16,177,0,193,246,0,246,439
06/29/2003,RDG,PA,AEA,EN,Towers with Radar,2,18,81,0,101,0,1,142,0,143,2,19,223,0,244,302,6,308,552
06/30/2003,RDG,PA,AEA,EN,Towers with Radar,2,22,51,0,75,0,1,109,0,110,2,23,160,0,185,222,0,222,407
07/01/2003,RDG,PA,AEA,EN,Towers with Radar,0,22,102,0,124,0,20,182,0,202,0,42,284,0,326,374,0,374,700
07/02/2003,RDG,PA,AEA,EN,Towers with Radar,0,29,40,2,71,0,8,177,2,187,0,37,217,4,258,316,6,322,580
07/03/2003,RDG,PA,AEA,EN,Towers with Radar,0,30,96,0,126,0,3,145,0,148,0,33,241,0,274,342,0,342,616
07/04/2003,RDG,PA,AEA,EN,Towers with Radar,0,12,41,0,53,0,0,97,0,97,0,12,138,0,150,164,0,164,314
07/05/2003,RDG,PA,AEA,EN,Towers with Radar,0,18,71,0,89,0,0,113,0,113,0,18,184,0,202,246,0,246,448
07/06/2003,RDG,PA,AEA,EN,Towers with Radar,2,13,43,0,58,0,1,134,0,135,2,14,177,0,193,224,0,224,417
07/07/2003,RDG,PA,AEA,EN,Towers with Radar,3,22,34,0,59,0,1,88,2,91,3,23,122,2,150,206,0,206,356
07/08/2003,RDG,PA,AEA,EN,Towers with Radar,0,25,47,4,76,0,6,125,2,133,0,31,172,6,209,258,6,264,473
07/09/2003,RDG,PA,AEA,EN,Towers with Radar,0,18,36,7,61,0,2,99,5,106,0,20,135,12,167,166,28,194,361
07/10/2003,RDG,PA,AEA,EN,Towers with Radar,2,23,81,0,106,0,3,43,0,46,2,26,124,0,152,62,0,62,214
07/11/2003,RDG,PA,AEA,EN,Towers with Radar,0,29,46,0,75,0,2,107,0,109,0,31,153,0,184,138,0,138,322
07/12/2003,RDG,PA,AEA,EN,Towers with Radar,2,12,21,0,35,0,3,136,0,139,2,15,157,0,174,168,0,168,342
07/13/2003,RDG,PA,AEA,EN,Towers with Radar,2,11,37,0,50,0,0,166,0,166,2,11,203,0,216,254,2,256,472
07/14/2003,RDG,PA,AEA,EN,Towers with Radar,0,19,49,4,72,0,7,141,2,150,0,26,190,6,222,192,8,200,422
07/15/2003,RDG,PA,AEA,EN,Towers with Radar,0,24,55,13,92,0,4,158,11,173,0,28,213,24,265,232,8,240,505
07/16/2003,RDG,PA,AEA,EN,Towers with Radar,0,19,48,3,70,0,2,56,0,58,0,21,104,3,128,136,2,138,266
07/17/2003,RDG,PA,AEA,EN,Towers with Radar,0,24,67,12,103,0,5,192,4,201,0,29,259,16,304,288,30,318,622
07/18/2003,RDG,PA,AEA,EN,Towers with Radar,0,22,46,0,68,0,2,112,4,118,0,24,158,4,186,202,6,208,394
07/19/2003,RDG,PA,AEA,EN,Towers with Radar,0,14,45,0,59,0,4,166,1,171,0,18,211,1,230,148,18,166,396
07/20/2003,RDG,PA,AEA,EN,Towers with Radar,0,11,47,3,61,0,6,182,0,188,0,17,229,3,249,368,0,368,617
07/21/2003,RDG,PA,AEA,EN,Towers with Radar,0,19,59,5,83,0,4,77,0,81,0,23,136,5,164,192,0,192,356
07/22/2003,RDG,PA,AEA,EN,Towers with Radar,0,24,48,0,72,0,0,10,0,10,0,24,58,0,82,0,0,0,82
07/23/2003,RDG,PA,AEA,EN,Towers with Radar,0,23,26,0,49,0,3,62,0,65,0,26,88,0,114,204,0,204,318
07/24/2003,RDG,PA,AEA,EN,Towers with Radar,0,27,67,2,96,0,6,138,0,144,0,33,205,2,240,258,6,264,504
07/25/2003,RDG,PA,AEA,EN,Towers with Radar,0,21,41,1,63,0,7,184,0,191,0,28,225,1,254,302,0,302,556
07/26/2003,RDG,PA,AEA,EN,Towers with Radar,0,11,43,1,55,0,6,140,0,146,0,17,183,1,201,254,0,254,455
07/27/2003,RDG,PA,AEA,EN,Towers with Radar,0,11,56,0,67,0,4,74,0,78,0,15,130,0,145,186,0,186,331
07/28/2003,RDG,PA,AEA,EN,Towers with Radar,0,17,45,0,62,0,8,125,0,133,0,25,170,0,195,136,12,148,343
07/29/2003,RDG,PA,AEA,EN,Towers with Radar,0,19,84,3,106,0,8,173,0,181,0,27,257,3,287,324,10,334,621
07/30/2003,RDG,PA,AEA,EN,Towers with Radar,0,26,61,7,94,0,13,160,3,176,0,39,221,10,270,262,10,272,542
07/31/2003,RDG,PA,AEA,EN,Towers with Radar,0,25,61,8,94,0,3,115,0,118,0,28,176,8,212,180,6,186,398
08/01/2003,RDG,PA,AEA,EN,Towers with Radar,0,24,47,0,71,0,1,13,0,14,0,25,60,0,85,6,0,6,91
08/02/2003,RDG,PA,AEA,EN,Towers with Radar,0,13,36,0,49,0,3,31,0,34,0,16,67,0,83,128,0,128,211
08/03/2003,RDG,PA,AEA,EN,Towers with Radar,0,16,52,0,68,0,1,63,0,64,0,17,115,0,132,42,0,42,174
08/04/2003,RDG,PA,AEA,EN,Towers with Radar,0,17,30,0,47,0,3,55,0,58,0,20,85,0,105,146,0,146,251
08/05/2003,RDG,PA,AEA,EN,Towers with Radar,2,22,43,2,69,0,4,30,0,34,2,26,73,2,103,100,2,102,205
08/06/2003,RDG,PA,AEA,EN,Towers with Radar,0,22,41,5,68,0,0,119,3,122,0,22,160,8,190,204,18,222,412
08/07/2003,RDG,PA,AEA,EN,Towers with Radar,2,30,62,0,94,0,1,33,0,34,2,31,95,0,128,88,0,88,216
08/08/2003,RDG,PA,AEA,EN,Towers with Radar,0,17,49,0,66,0,6,75,0,81,0,23,124,0,147,158,0,158,305
08/09/2003,RDG,PA,AEA,EN,Towers with Radar,0,17,39,0,56,0,2,17,0,19,0,19,56,0,75,42,0,42,117
08/10/2003,RDG,PA,AEA,EN,Towers with Radar,0,23,43,0,66,0,0,91,0,91,0,23,134,0,157,198,0,198,355
08/11/2003,RDG,PA,AEA,EN,Towers with Radar,0,20,28,0,48,0,0,39,0,39,0,20,67,0,87,86,0,86,173
08/12/2003,RDG,PA,AEA,EN,Towers with Radar,0,26,65,1,92,0,0,65,1,66,0,26,130,2,158,194,0,194,352
08/13/2003,RDG,PA,AEA,EN,Towers with Radar,0,35,67,4,106,0,0,105,0,105,0,35,172,4,211,148,10,158,369
08/14/2003,RDG,PA,AEA,EN,Towers with Radar,0,19,71,6,96,0,6,109,0,115,0,25,180,6,211,262,4,266,477
08/15/2003,RDG,PA,AEA,EN,Towers with Radar,0,21,57,1,79,0,12,190,3,205,0,33,247,4,284,288,4,292,576
08/16/2003,RDG,PA,AEA,EN,Towers with Radar,0,14,27,0,41,0,4,42,0,46,0,18,69,0,87,86,0,86,173
08/17/2003,RDG,PA,AEA,EN,Towers with Radar,0,15,55,0,70,0,1,142,0,143,0,16,197,0,213,356,0,356,569
08/18/2003,RDG,PA,AEA,EN,Towers with Radar,0,17,65,0,82,0,0,126,0,126,0,17,191,0,208,314,0,314,522
08/19/2003,RDG,PA,AEA,EN,Towers with Radar,0,29,49,4,82,0,7,117,0,124,0,36,166,4,206,228,0,228,434
08/20/2003,RDG,PA,AEA,EN,Towers with Radar,0,21,55,3,79,0,4,127,0,131,0,25,182,3,210,130,0,130,340
08/21/2003,RDG,PA,AEA,EN,Towers with Radar,0,16,57,5,78,0,9,69,0,78,0,25,126,5,156,168,6,174,330
08/22/2003,RDG,PA,AEA,EN,Towers with Radar,0,23,34,8,65,0,10,50,0,60,0,33,84,8,125,92,6,98,223
08/23/2003,RDG,PA,AEA,EN,Towers with Radar,0,17,52,0,69,0,3,132,0,135,0,20,184,0,204,250,0,250,454
08/24/2003,RDG,PA,AEA,EN,Towers with Radar,0,18,69,3,90,0,2,180,1,183,0,20,249,4,273,292,8,300,573
08/25/2003,RDG,PA,AEA,EN,Towers with Radar,0,21,54,2,77,0,11,146,0,157,0,32,200,2,234,220,6,226,460
08/26/2003,RDG,PA,AEA,EN,Towers with Radar,0,19,38,3,60,0,14,47,0,61,0,33,85,3,121,116,0,116,237
08/27/2003,RDG,PA,AEA,EN,Towers with Radar,0,20,50,11,81,0,6,119,0,125,0,26,169,11,206,154,32,186,392
08/28/2003,RDG,PA,AEA,EN,Towers with Radar,0,23,75,4,102,0,15,191,6,212,0,38,266,10,314,390,30,420,734
08/29/2003,RDG,PA,AEA,EN,Towers with Radar,0,17,35,0,52,0,1,21,0,22,0,18,56,0,74,42,0,42,116
08/30/2003,RDG,PA,AEA,EN,Towers with Radar,0,12,36,0,48,0,2,38,0,40,0,14,74,0,88,58,0,58,146
08/31/2003,RDG,PA,AEA,EN,Towers with Radar,0,10,51,0,61,0,2,192,0,194,0,12,243,0,255,300,0,300,555
09/01/2003,RDG,PA,AEA,EN,Towers with Radar,0,13,27,0,40,0,0,1,0,1,0,13,28,0,41,2,0,2,43
09/02/2003,RDG,PA,AEA,EN,Towers with Radar,0,23,22,0,45,0,0,2,0,2,0,23,24,0,47,0,0,0,47
09/03/2003,RDG,PA,AEA,EN,Towers with Radar,0,23,40,0,63,0,0,0,0,0,0,23,40,0,63,0,0,0,63
09/04/2003,RDG,PA,AEA,EN,Towers with Radar,0,30,47,5,82,0,7,63,6,76,0,37,110,11,158,126,24,150,308
09/05/2003,RDG,PA,AEA,EN,Towers with Radar,0,27,70,5,102,0,10,180,2,192,0,37,250,7,294,286,20,306,600
09/06/2003,RDG,PA,AEA,EN,Towers with Radar,0,14,56,0,70,0,1,216,0,217,0,15,272,0,287,304,0,304,591
09/07/2003,RDG,PA,AEA,EN,Towers with Radar,0,10,54,2,66,0,6,198,0,204,0,16,252,2,270,320,12,332,602
09/08/2003,RDG,PA,AEA,EN,Towers with Radar,0,15,67,5,87,0,6,96,2,104,0,21,163,7,191,202,14,216,407
09/09/2003,RDG,PA,AEA,EN,Towers with Radar,0,24,50,12,86,0,9,133,26,168,0,33,183,38,254,140,38,178,432
09/10/2003,RDG,PA,AEA,EN,Towers with Radar,0,23,52,14,89,0,13,135,21,169,0,36,187,35,258,230,32,262,520
09/11/2003,RDG,PA,AEA,EN,Towers with Radar,0,23,67,1,91,0,5,85,3,93,0,28,152,4,184,268,11,279,463
09/12/2003,RDG,PA,AEA,EN,Towers with Radar,0,18,67,0,85,0,10,80,5,95,0,28,147,5,180,156,5,161,341
09/13/2003,RDG,PA,AEA,EN,Towers with Radar,2,16,50,0,68,0,3,8,0,11,2,19,58,0,79,34,0,34,113
09/14/2003,RDG,PA,AEA,EN,Towers with Radar,0,20,85,0,105,0,0,59,1,60,0,20,144,1,165,128,0,128,293
09/15/2003,RDG,PA,AEA,EN,Towers with Radar,0,25,22,0,47,0,1,0,0,1,0,26,22,0,48,1,0,1,49
09/16/2003,RDG,PA,AEA,EN,Towers with Radar,0,26,41,0,67,0,0,118,0,118,0,26,159,0,185,234,2,236,421
09/17/2003,RDG,PA,AEA,EN,Towers with Radar,0,16,68,0,84,0,8,177,0,185,0,24,245,0,269,314,0,314,583
09/18/2003,RDG,PA,AEA,EN,Towers with Radar,0,21,29,0,50,0,0,53,0,53,0,21,82,0,103,70,0,70,173
09/19/2003,RDG,PA,AEA,EN,Towers with Radar,0,30,7,0,37,0,0,6,0,6,0,30,13,0,43,12,1,13,56
09/20/2003,RDG,PA,AEA,EN,Towers with Radar,0,14,83,0,97,0,5,143,0,148,0,19,226,0,245,254,0,254,499
09/21/2003,RDG,PA,AEA,EN,Towers with Radar,0,11,69,0,80,0,3,178,0,181,0,14,247,0,261,282,0,282,543
09/22/2003,RDG,PA,AEA,EN,Towers with Radar,0,14,36,2,52,0,9,54,0,63,0,23,90,2,115,134,16,150,265
09/23/2003,RDG,PA,AEA,EN,Towers with Radar,0,20,33,0,53,0,2,94,0,96,0,22,127,0,149,140,0,140,289
09/24/2003,RDG,PA,AEA,EN,Towers with Radar,0,18,49,0,67,0,9,98,0,107,0,27,147,0,174,230,0,230,404
09/25/2003,RDG,PA,AEA,EN,Towers with Radar,0,27,73,0,100,0,6,99,0,105,0,33,172,0,205,186,0,186,391
09/26/2003,RDG,PA,AEA,EN,Towers with Radar,0,29,123,0,152,0,5,126,0,131,0,34,249,0,283,207,0,207,490
09/27/2003,RDG,PA,AEA,EN,Towers with Radar,0,17,84,0,101,0,5,103,0,108,0,22,187,0,209,228,0,228,437
09/28/2003,RDG,PA,AEA,EN,Towers with Radar,0,12,101,0,113,0,2,93,0,95,0,14,194,0,208,238,0,238,446
09/29/2003,RDG,PA,AEA,EN,Towers with Radar,0,17,47,1,65,0,1,68,1,70,0,18,115,2,135,208,12,220,355
09/30/2003,RDG,PA,AEA,EN,Towers with Radar,0,18,47,2,67,0,3,154,0,157,0,21,201,2,224,244,0,244,468
10/01/2003,RDG,PA,AEA,EN,Towers with Radar,0,21,75,2,98,0,7,82,0,89,0,28,157,2,187,216,0,216,403
10/02/2003,RDG,PA,AEA,EN,Towers with Radar,0,20,60,3,83,0,4,123,4,131,0,24,183,7,214,200,10,210,424
10/03/2003,RDG,PA,AEA,EN,Towers with Radar,0,14,47,0,61,0,8,118,0,126,0,22,165,0,187,244,6,250,437
10/04/2003,RDG,PA,AEA,EN,Towers with Radar,0,14,54,0,68,0,2,60,0,62,0,16,114,0,130,126,0,126,256
10/05/2003,RDG,PA,AEA,EN,Towers with Radar,2,11,63,3,79,0,1,114,0,115,2,12,177,3,194,198,6,204,398
10/06/2003,RDG,PA,AEA,EN,Towers with Radar,0,14,34,2,50,0,2,125,0,127,0,16,159,2,177,214,4,218,395
10/07/2003,RDG,PA,AEA,EN,Towers with Radar,0,16,50,1,67,0,4,125,0,129,0,20,175,1,196,296,0,296,492
10/08/2003,RDG,PA,AEA,EN,Towers with Radar,0,18,50,0,68,0,5,65,0,70,0,23,115,0,138,140,0,140,278
10/09/2003,RDG,PA,AEA,EN,Towers with Radar,0,21,63,2,86,0,5,71,0,76,0,26,134,2,162,208,0,208,370
10/10/2003,RDG,PA,AEA,EN,Towers with Radar,0,21,41,8,70,0,6,23,0,29,0,27,64,8,99,84,20,104,203
10/11/2003,RDG,PA,AEA,EN,Towers with Radar,0,6,63,0,69,0,9,53,0,62,0,15,116,0,131,232,0,232,363
10/12/2003,RDG,PA,AEA,EN,Towers with Radar,2,11,58,0,71,0,2,139,1,142,2,13,197,1,213,354,0,354,567
10/13/2003,RDG,PA,AEA,EN,Towers with Radar,0,19,61,0,80,0,10,178,0,188,0,29,239,0,268,324,0,324,592
10/14/2003,RDG,PA,AEA,EN,Towers with Radar,0,18,54,2,74,0,2,59,0,61,0,20,113,2,135,166,8,174,309
10/15/2003,RDG,PA,AEA,EN,Towers with Radar,0,20,28,1,49,0,3,24,0,27,0,23,52,1,76,20,0,20,96
10/16/2003,RDG,PA,AEA,EN,Towers with Radar,0,15,50,2,67,0,3,107,0,110,0,18,157,2,177,216,10,226,403
10/17/2003,RDG,PA,AEA,EN,Towers with Radar,0,22,70,3,95,0,6,44,9,59,0,28,114,12,154,134,28,162,316
10/18/2003,RDG,PA,AEA,EN,Towers with Radar,0,13,27,1,41,0,6,86,2,94,0,19,113,3,135,302,0,302,437
10/19/2003,RDG,PA,AEA,EN,Towers with Radar,2,13,54,0,69,0,2,125,0,127,2,15,179,0,196,322,0,322,518
10/20/2003,RDG,PA,AEA,EN,Towers with Radar,0,18,40,2,60,0,12,119,1,132,0,30,159,3,192,260,4,264,456
10/21/2003,RDG,PA,AEA,EN,Towers with Radar,0,22,59,4,85,0,6,134,0,140,0,28,193,4,225,254,4,258,483
10/22/2003,RDG,PA,AEA,EN,Towers with Radar,0,23,36,1,60,0,4,80,1,85,0,27,116,2,145,118,24,142,287
10/23/2003,RDG,PA,AEA,EN,Towers with Radar,0,15,52,0,67,0,8,104,2,114,0,23,156,2,181,212,0,212,393
10/24/2003,RDG,PA,AEA,EN,Towers with Radar,0,15,41,0,56,0,7,95,2,104,0,22,136,2,160,242,2,244,404
10/25/2003,RDG,PA,AEA,EN,Towers with Radar,0,11,73,0,84,0,5,146,0,151,0,16,219,0,235,281,0,281,516
10/26/2003,RDG,PA,AEA,EN,Towers with Radar,0,5,43,0,48,0,0,23,0,23,0,5,66,0,71,76,0,76,147
10/27/2003,RDG,PA,AEA,EN,Towers with Radar,0,17,24,0,41,0,1,6,0,7,0,18,30,0,48,56,0,56,104
10/28/2003,RDG,PA,AEA,EN,Towers with Radar,0,23,52,6,81,0,8,87,15,110,0,31,139,21,191,436,8,444,635
10/29/2003,RDG,PA,AEA,EN,Towers with Radar,0,19,39,3,61,0,0,60,0,60,0,19,99,3,121,104,46,150,271
10/30/2003,RDG,PA,AEA,EN,Towers with Radar,0,19,43,7,69,0,1,150,0,151,0,20,193,7,220,308,68,376,596
10/31/2003,RDG,PA,AEA,EN,Towers with Radar,0,15,46,0,61,0,4,77,0,81,0,19,123,0,142,268,0,268,410
11/01/2003,RDG,PA,AEA,EN,Towers with Radar,0,13,45,0,58,0,12,125,0,137,0,25,170,0,195,276,0,276,471
11/02/2003,RDG,PA,AEA,EN,Towers with Radar,2,13,55,0,70,0,2,67,0,69,2,15,122,0,139,268,0,268,407
11/03/2003,RDG,PA,AEA,EN,Towers with Radar,0,16,59,9,84,0,7,102,3,112,0,23,161,12,196,222,44,266,462
11/04/2003,RDG,PA,AEA,EN,Towers with Radar,2,20,40,5,67,0,6,90,0,96,2,26,130,5,163,124,22,146,309
11/05/2003,RDG,PA,AEA,EN,Towers with Radar,2,28,33,0,63,0,0,0,0,0,2,28,33,0,63,0,0,0,63
11/06/2003,RDG,PA,AEA,EN,Towers with Radar,0,20,60,2,82,0,1,6,0,7,0,21,66,2,89,50,0,50,139
11/07/2003,RDG,PA,AEA,EN,Towers with Radar,0,21,27,0,48,0,3,94,7,104,0,24,121,7,152,204,32,236,388
11/08/2003,RDG,PA,AEA,EN,Towers with Radar,0,13,27,0,40,0,0,144,0,144,0,13,171,0,184,262,0,262,446
11/09/2003,RDG,PA,AEA,EN,Towers with Radar,2,10,53,0,65,0,0,188,3,191,2,10,241,3,256,256,6,262,518
11/10/2003,RDG,PA,AEA,EN,Towers with Radar,0,15,65,0,80,0,2,120,0,122,0,17,185,0,202,294,0,294,496
11/11/2003,RDG,PA,AEA,EN,Towers with Radar,0,21,37,0,58,0,2,27,0,29,0,23,64,0,87,52,16,68,155
11/12/2003,RDG,PA,AEA,EN,Towers with Radar,0,24,43,0,67,0,2,0,0,2,0,26,43,0,69,0,0,0,69
11/13/2003,RDG,PA,AEA,EN,Towers with Radar,0,28,18,0,46,0,0,20,0,20,0,28,38,0,66,4,0,4,70
11/14/2003,RDG,PA,AEA,EN,Towers with Radar,0,19,32,0,51,0,3,23,0,26,0,22,55,0,77,52,20,72,149
11/15/2003,RDG,PA,AEA,EN,Towers with Radar,0,14,55,2,71,0,8,173,2,183,0,22,228,4,254,264,6,270,524
11/16/2003,RDG,PA,AEA,EN,Towers with Radar,2,4,87,6,99,0,5,88,2,95,2,9,175,8,194,284,6,290,484
11/17/2003,RDG,PA,AEA,EN,Towers with Radar,0,19,63,1,83,0,0,106,5,111,0,19,169,6,194,226,10,236,430
11/18/2003,RDG,PA,AEA,EN,Towers with Radar,0,17,41,0,58,0,1,11,0,12,0,18,52,0,70,8,0,8,78
11/19/2003,RDG,PA,AEA,EN,Towers with Radar,0,20,20,0,40,0,1,0,0,1,0,21,20,0,41,0,0,0,41
11/20/2003,RDG,PA,AEA,EN,Towers with Radar,0,26,49,5,80,0,6,113,7,126,0,32,162,12,206,120,36,156,362
11/21/2003,RDG,PA,AEA,EN,Towers with Radar,0,18,48,1,67,0,20,160,1,181,0,38,208,2,248,292,0,292,540
11/22/2003,RDG,PA,AEA,EN,Towers with Radar,0,8,57,0,65,0,7,158,1,166,0,15,215,1,231,328,2,330,561
11/23/2003,RDG,PA,AEA,EN,Towers with Radar,0,9,43,0,52,0,0,165,0,165,0,9,208,0,217,278,0,278,495
11/24/2003,RDG,PA,AEA,EN,Towers with Radar,0,20,34,3,57,0,0,95,0,95,0,20,129,3,152,76,14,90,242
11/25/2003,RDG,PA,AEA,EN,Towers with Radar,0,20,30,4,54,0,7,130,0,137,0,27,160,4,191,280,6,286,477
11/26/2003,RDG,PA,AEA,EN,Towers with Radar,0,17,42,5,64,0,6,132,0,138,0,23,174,5,202,294,0,294,496
11/27/2003,RDG,PA,AEA,EN,Towers with Radar,0,9,22,0,31,0,3,65,0,68,0,12,87,0,99,140,0,140,239
11/28/2003,RDG,PA,AEA,EN,Towers with Radar,0,15,21,0,36,0,1,0,0,1,0,16,21,0,37,0,0,0,37
11/29/2003,RDG,PA,AEA,EN,Towers with Radar,0,10,16,0,26,0,2,19,0,21,0,12,35,0,47,14,0,14,61
11/30/2003,RDG,PA,AEA,EN,Towers with Radar,0,6,58,0,64,0,0,118,0,118,0,6,176,0,182,244,0,244,426
12/01/2003,RDG,PA,AEA,EN,Towers with Radar,0,17,22,0,39,0,3,42,0,45,0,20,64,0,84,54,0,54,138
12/02/2003,RDG,PA,AEA,EN,Towers with Radar,0,13,21,1,35,0,9,30,4,43,0,22,51,5,78,54,30,84,162
12/03/2003,RDG,PA,AEA,EN,Towers with Radar,0,19,45,0,64,0,5,152,0,157,0,24,197,0,221,316,2,318,539
12/04/2003,RDG,PA,AEA,EN,Towers with Radar,0,23,36,0,59,0,19,143,0,162,0,42,179,0,221,274,0,274,495
12/05/2003,RDG,PA,AEA,EN,Towers with Radar,0,21,18,0,39,0,0,0,0,0,0,21,18,0,39,15,7,22,61
12/06/2003,RDG,PA,AEA,EN,Towers with Radar,0,18,3,0,21,0,0,1,0,1,0,18,4,0,22,2,0,2,24
12/07/2003,RDG,PA,AEA,EN,Towers with Radar,0,5,18,0,23,0,0,29,0,29,0,5,47,0,52,46,0,46,98
12/08/2003,RDG,PA,AEA,EN,Towers with Radar,0,17,55,2,74,0,1,77,0,78,0,18,132,2,152,124,4,128,280
12/09/2003,RDG,PA,AEA,EN,Towers with Radar,0,23,46,1,70,0,10,118,0,128,0,33,164,1,198,236,0,236,434
12/10/2003,RDG,PA,AEA,EN,Towers with Radar,0,19,41,12,72,0,6,62,0,68,0,25,103,12,140,54,30,84,224
12/11/2003,RDG,PA,AEA,EN,Towers with Radar,0,17,26,0,43,0,1,24,2,27,0,18,50,2,70,18,4,22,92
12/12/2003,RDG,PA,AEA,EN,Towers with Radar,0,17,66,3,86,0,2,110,0,112,0,19,176,3,198,234,0,234,432
12/13/2003,RDG,PA,AEA,EN,Towers with Radar,0,14,36,0,50,0,2,590,0,592,0,16,626,0,642,122,12,134,776
12/14/2003,RDG,PA,AEA,EN,Towers with Radar,0,9,5,0,14,0,0,2,0,2,0,9,7,0,16,0,0,0,16
12/15/2003,RDG,PA,AEA,EN,Towers with Radar,0,18,25,0,43,0,1,34,0,35,0,19,59,0,78,72,0,72,150
12/16/2003,RDG,PA,AEA,EN,Towers with Radar,0,17,41,6,64,0,7,125,5,137,0,24,166,11,201,264,16,280,481
12/17/2003,RDG,PA,AEA,EN,Towers with Radar,0,26,23,0,49,0,5,21,0,26,0,31,44,0,75,6,0,6,81
12/18/2003,RDG,PA,AEA,EN,Towers with Radar,0,25,56,0,81,0,8,73,0,81,0,33,129,0,162,140,0,140,302
12/19/2003,RDG,PA,AEA,EN,Towers with Radar,0,26,45,2,73,0,15,161,0,176,0,41,206,2,249,228,0,228,477
12/20/2003,RDG,PA,AEA,EN,Towers with Radar,0,14,51,0,65,0,8,87,0,95,0,22,138,0,160,178,0,178,338
12/21/2003,RDG,PA,AEA,EN,Towers with Radar,0,11,67,0,78,0,2,145,0,147,0,13,212,0,225,236,0,236,461
12/22/2003,RDG,PA,AEA,EN,Towers with Radar,0,14,46,3,63,0,6,141,2,149,0,20,187,5,212,236,20,256,468
12/23/2003,RDG,PA,AEA,EN,Towers with Radar,0,20,46,17,83,0,13,147,7,167,0,33,193,24,250,200,48,248,498
12/24/2003,RDG,PA,AEA,EN,Towers with Radar,0,19,17,0,36,0,1,13,0,14,0,20,30,0,50,1,0,1,51
12/25/2003,RDG,PA,AEA,EN,Towers with Radar,0,14,12,0,26,0,0,28,0,28,0,14,40,0,54,0,0,0,54
12/26/2003,RDG,PA,AEA,EN,Towers with Radar,0,17,47,0,64,0,4,124,2,130,0,21,171,2,194,272,2,274,468
12/27/2003,RDG,PA,AEA,EN,Towers with Radar,0,15,46,0,61,0,0,97,0,97,0,15,143,0,158,192,0,192,350
12/28/2003,RDG,PA,AEA,EN,Towers with Radar,0,8,30,0,38,0,1,158,0,159,0,9,188,0,197,379,0,379,576
12/29/2003,RDG,PA,AEA,EN,Towers with Radar,0,19,31,0,50,0,5,146,4,155,0,24,177,4,205,332,8,340,545
12/30/2003,RDG,PA,AEA,EN,Towers with Radar,0,18,22,3,43,0,14,71,0,85,0,32,93,3,128,74,0,74,202
12/31/2003,RDG,PA,AEA,EN,Towers with Radar,0,17,47,0,64,0,18,154,0,172,0,35,201,0,236,214,6,220,456
01/01/2004,RDG,PA,AEA,EN,Towers with Radar,0,6,24,0,30,0,4,97,0,101,0,10,121,0,131,96,0,96,227
01/02/2004,RDG,PA,AEA,EN,Towers with Radar,0,16,48,0,64,0,1,91,0,92,0,17,139,0,156,176,0,176,332
01/03/2004,RDG,PA,AEA,EN,Towers with Radar,0,15,60,0,75,0,1,51,0,52,0,16,111,0,127,124,0,124,251
01/04/2004,RDG,PA,AEA,EN,Towers with Radar,0,8,64,0,72,0,4,23,1,28,0,12,87,1,100,0,0,0,100
01/05/2004,RDG,PA,AEA,EN,Towers with Radar,0,14,19,0,33,0,0,0,0,0,0,14,19,0,33,2,0,2,35
01/06/2004,RDG,PA,AEA,EN,Towers with Radar,0,17,17,0,34,0,4,88,0,92,0,21,105,0,126,114,0,114,240
01/07/2004,RDG,PA,AEA,EN,Towers with Radar,0,17,40,1,58,0,3,104,0,107,0,20,144,1,165,112,0,112,277
01/08/2004,RDG,PA,AEA,EN,Towers with Radar,0,1,35,5,41,0,0,0,125,125,0,1,35,130,166,152,0,152,318
01/09/2004,RDG,PA,AEA,EN,Towers with Radar,0,18,21,20,59,0,3,78,28,109,0,21,99,48,168,142,4,146,314
01/10/2004,RDG,PA,AEA,EN,Towers with Radar,0,8,43,2,53,0,5,79,0,84,0,13,122,2,137,130,0,130,267
01/11/2004,RDG,PA,AEA,EN,Towers with Radar,0,11,45,0,56,0,3,139,0,142,0,14,184,0,198,196,0,196,394
01/12/2004,RDG,PA,AEA,EN,Towers with Radar,1,19,32,7,59,0,0,94,5,99,1,19,126,12,158,130,12,142,300
01/13/2004,RDG,PA,AEA,EN,Towers with Radar,0,21,39,4,64,0,10,74,3,87,0,31,113,7,151,114,14,128,279
01/14/2004,RDG,PA,AEA,EN,Towers with Radar,0,23,35,11,69,0,13,97,7,117,0,36,132,18,186,117,30,147,333
01/15/2004,RDG,PA,AEA,EN,Towers with Radar,0,20,21,2,43,0,2,70,0,72,0,22,91,2,115,104,24,128,243
01/16/2004,RDG,PA,AEA,EN,Towers with Radar,0,18,20,0,38,0,5,35,0,40,0,23,55,0,78,30,0,30,108
01/17/2004,RDG,PA,AEA,EN,Towers with Radar,0,11,46,0,57,0,6,106,0,112,0,17,152,0,169,180,0,180,349
01/18/2004,RDG,PA,AEA,EN,Towers with Radar,0,4,5,0,9,0,0,0,0,0,0,4,5,0,9,0,0,0,9
01/19/2004,RDG,PA,AEA,EN,Towers with Radar,0,15,26,0,41,0,2,55,0,57,0,17,81,0,98,34,0,34,132
01/20/2004,RDG,PA,AEA,EN,Towers with Radar,0,18,16,2,36,0,3,79,0,82,0,21,95,2,118,104,0,104,222
01/21/2004,RDG,PA,AEA,EN,Towers with Radar,0,14,36,3,53,0,14,161,2,177,0,28,197,5,230,188,2,190,420
01/22/2004,RDG,PA,AEA,EN,Towers with Radar,0,18,34,0,52,0,5,58,0,63,0,23,92,0,115,132,0,132,247
01/23/2004,RDG,PA,AEA,EN,Towers with Radar,0,14,26,0,40,0,13,44,0,57,0,27,70,0,97,128,0,128,225
01/24/2004,RDG,PA,AEA,EN,Towers with Radar,0,10,22,0,32,0,7,22,0,29,0,17,44,0,61,50,0,50,111
01/25/2004,RDG,PA,AEA,EN,Towers with Radar,0,6,30,0,36,0,3,100,0,103,0,9,130,0,139,184,0,184,323
01/26/2004,RDG,PA,AEA,EN,Towers with Radar,0,12,14,0,26,0,0,4,0,4,0,12,18,0,30,0,0,0,30
01/27/2004,RDG,PA,AEA,EN,Towers with Radar,0,17,15,0,32,0,0,1,0,1,0,17,16,0,33,0,0,0,33
01/28/2004,RDG,PA,AEA,EN,Towers with Radar,0,17,16,0,33,0,7,7,2,16,0,24,23,2,49,0,2,2,51
01/29/2004,RDG,PA,AEA,EN,Towers with Radar,0,20,15,0,35,0,9,73,0,82,0,29,88,0,117,30,0,30,147
01/30/2004,RDG,PA,AEA,EN,Towers with Radar,0,20,38,0,58,0,3,80,0,83,0,23,118,0,141,188,0,188,329
01/31/2004,RDG,PA,AEA,EN,Towers with Radar,0,13,22,0,35,0,5,125,0,130,0,18,147,0,165,264,0,264,429
02/01/2004,RDG,PA,AEA,EN,Towers with Radar,0,14,56,0,70,0,5,153,0,158,0,19,209,0,228,286,0,286,514
02/02/2004,RDG,PA,AEA,EN,Towers with Radar,0,13,50,1,64,0,5,151,3,159,0,18,201,4,223,246,8,254,477
02/03/2004,RDG,PA,AEA,EN,Towers with Radar,0,21,18,0,39,0,3,1,0,4,0,24,19,0,43,0,0,0,43
02/04/2004,RDG,PA,AEA,EN,Towers with Radar,0,20,44,8,72,0,7,118,0,125,0,27,162,8,197,128,0,128,325
02/05/2004,RDG,PA,AEA,EN,Towers with Radar,0,18,56,6,80,0,15,138,0,153,0,33,194,6,233,244,22,266,499
02/06/2004,RDG,PA,AEA,EN,Towers with Radar,0,17,13,0,30,0,3,1,0,4,0,20,14,0,34,0,0,0,34
02/07/2004,RDG,PA,AEA,EN,Towers with Radar,0,18,23,0,41,0,5,130,0,135,0,23,153,0,176,254,6,260,436
02/08/2004,RDG,PA,AEA,EN,Towers with Radar,0,13,26,0,39,0,3,162,0,165,0,16,188,0,204,296,8,304,508
02/09/2004,RDG,PA,AEA,EN,Towers with Radar,2,13,42,0,57,0,2,103,0,105,2,15,145,0,162,116,0,116,278
02/10/2004,RDG,PA,AEA,EN,Towers with Radar,0,15,25,0,40,0,11,127,0,138,0,26,152,0,178,202,0,202,380
02/11/2004,RDG,PA,AEA,EN,Towers with Radar,0,18,45,10,73,0,6,115,1,122,0,24,160,11,195,208,42,250,445
02/12/2004,RDG,PA,AEA,EN,Towers with Radar,0,23,47,1,71,0,7,107,9,123,0,30,154,10,194,224,0,224,418
02/13/2004,RDG,PA,AEA,EN,Towers with Radar,0,20,40,1,61,0,9,103,0,112,0,29,143,1,173,224,0,224,397
02/14/2004,RDG,PA,AEA,EN,Towers with Radar,0,9,30,0,39,0,0,158,0,158,0,9,188,0,197,268,0,268,465
02/15/2004,RDG,PA,AEA,EN,Towers with Radar,0,9,25,0,34,0,1,110,0,111,0,10,135,0,145,170,0,170,315
02/16/2004,RDG,PA,AEA,EN,Towers with Radar,0,18,60,0,78,0,10,116,0,126,0,28,176,0,204,238,0,238,442
02/17/2004,RDG,PA,AEA,EN,Towers with Radar,0,23,29,2,54,0,8,125,0,133,0,31,154,2,187,186,0,186,373
02/18/2004,RDG,PA,AEA,EN,Towers with Radar,0,16,34,4,54,0,5,97,5,107,0,21,131,9,161,194,4,198,359
02/19/2004,RDG,PA,AEA,EN,Towers with Radar,0,16,39,8,63,0,6,91,2,99,0,22,130,10,162,160,0,160,322
02/20/2004,RDG,PA,AEA,EN,Towers with Radar,0,16,50,2,68,0,16,135,2,153,0,32,185,4,221,224,14,238,459
02/21/2004,RDG,PA,AEA,EN,Towers with Radar,0,11,29,0,40,0,3,71,0,74,0,14,100,0,114,122,0,122,236
02/22/2004,RDG,PA,AEA,EN,Towers with Radar,0,6,35,0,41,0,0,87,0,87,0,6,122,0,128,188,0,188,316
02/23/2004,RDG,PA,AEA,EN,Towers with Radar,0,15,41,11,67,0,3,131,0,134,0,18,172,11,201,186,24,210,411
02/24/2004,RDG,PA,AEA,EN,Towers with Radar,0,21,25,0,46,0,1,1,0,2,0,22,26,0,48,0,0,0,48
02/25/2004,RDG,PA,AEA,EN,Towers with Radar,2,18,57,14,91,0,10,148,13,171,2,28,205,27,262,262,40,302,564
02/26/2004,RDG,PA,AEA,EN,Towers with Radar,0,21,47,17,85,0,12,169,14,195,0,33,216,31,280,222,32,254,534
02/27/2004,RDG,PA,AEA,EN,Towers with Radar,0,17,50,1,68,0,11,180,3,194,0,28,230,4,262,282,2,284,546
02/28/2004,RDG,PA,AEA,EN,Towers with Radar,0,11,77,0,88,0,3,240,0,243,0,14,317,0,331,424,0,424,755
02/29/2004,RDG,PA,AEA,EN,Towers with Radar,0,9,39,0,48,0,3,312,0,315,0,12,351,0,363,354,0,354,717
03/01/2004,RDG,PA,AEA,EN,Towers with Radar,0,16,46,19,81,0,7,156,15,178,0,23,202,34,259,236,0,236,495
03/02/2004,RDG,PA,AEA,EN,Towers with Radar,2,23,33,0,58,0,3,68,0,71,2,26,101,0,129,118,0,118,247
03/03/2004,RDG,PA,AEA,EN,Towers with Radar,0,19,55,6,80,0,10,146,0,156,0,29,201,6,236,328,12,340,576
03/04/2004,RDG,PA,AEA,EN,Towers with Radar,0,16,57,25,98,0,4,32,0,36,0,20,89,25,134,64,12,76,210
03/05/2004,RDG,PA,AEA,EN,Towers with Radar,0,15,66,0,81,0,3,13,0,16,0,18,79,0,97,36,0,36,133
03/06/2004,RDG,PA,AEA,EN,Towers with Radar,0,20,32,4,56,0,2,45,2,49,0,22,77,6,105,82,0,82,187
03/07/2004,RDG,PA,AEA,EN,Towers with Radar,0,9,65,0,74,0,1,187,0,188,0,10,252,0,262,272,0,272,534
03/08/2004,RDG,PA,AEA,EN,Towers with Radar,0,17,32,1,50,0,5,61,0,66,0,22,93,1,116,164,0,164,280
03/09/2004,RDG,PA,AEA,EN,Towers with Radar,0,18,46,3,67,0,5,105,0,110,0,23,151,3,177,184,4,188,365
03/10/2004,RDG,PA,AEA,EN,Towers with Radar,0,24,29,13,66,0,5,113,0,118,0,29,142,13,184,158,26,184,368
03/11/2004,RDG,PA,AEA,EN,Towers with Radar,0,14,36,1,51,0,7,140,3,150,0,21,176,4,201,294,0,294,495
03/12/2004,RDG,PA,AEA,EN,Towers with Radar,0,16,18,4,38,0,3,72,0,75,0,19,90,4,113,52,4,56,169
03/13/2004,RDG,PA,AEA,EN,Towers with Radar,0,11,35,0,46,0,6,91,0,97,0,17,126,0,143,162,0,162,305
03/14/2004,RDG,PA,AEA,EN,Towers with Radar,0,8,68,0,76,0,12,210,0,222,0,20,278,0,298,330,0,330,628
03/15/2004,RDG,PA,AEA,EN,Towers with Radar,0,12,49,2,63,0,4,121,2,127,0,16,170,4,190,174,4,178,368
03/16/2004,RDG,PA,AEA,EN,Towers with Radar,0,14,7,0,21,0,1,1,0,2,0,15,8,0,23,0,0,0,23
03/17/2004,RDG,PA,AEA,EN,Towers with Radar,0,17,23,0,40,0,4,47,0,51,0,21,70,0,91,48,0,48,139
03/18/2004,RDG,PA,AEA,EN,Towers with Radar,0,22,46,0,68,0,7,117,0,124,0,29,163,0,192,188,2,190,382
03/19/2004,RDG,PA,AEA,EN,Towers with Radar,0,17,27,0,44,0,4,68,0,72,0,21,95,0,116,128,0,128,244
03/20/2004,RDG,PA,AEA,EN,Towers with Radar,0,12,20,0,32,0,10,104,0,114,0,22,124,0,146,228,0,228,374
03/21/2004,RDG,PA,AEA,EN,Towers with Radar,0,10,31,0,41,0,2,67,0,69,0,12,98,0,110,84,0,84,194
03/22/2004,RDG,PA,AEA,EN,Towers with Radar,0,12,37,0,49,0,5,110,0,115,0,17,147,0,164,128,0,128,292
03/23/2004,RDG,PA,AEA,EN,Towers with Radar,0,26,36,0,62,0,7,152,4,163,0,33,188,4,225,250,0,250,475
03/24/2004,RDG,PA,AEA,EN,Towers with Radar,0,19,60,7,86,0,14,177,5,196,0,33,237,12,282,216,18,234,516
03/25/2004,RDG,PA,AEA,EN,Towers with Radar,0,16,54,2,72,0,6,113,0,119,0,22,167,2,191,142,6,148,339
03/26/2004,RDG,PA,AEA,EN,Towers with Radar,0,19,28,2,49,0,1,119,0,120,0,20,147,2,169,152,0,152,321
03/27/2004,RDG,PA,AEA,EN,Towers with Radar,0,10,58,0,68,0,1,100,0,101,0,11,158,0,169,168,0,168,337
03/28/2004,RDG,PA,AEA,EN,Towers with Radar,2,8,64,8,82,0,6,254,6,266,2,14,318,14,348,350,10,360,708
03/29/2004,RDG,PA,AEA,EN,Towers with Radar,0,13,45,0,58,0,5,121,0,126,0,18,166,0,184,288,0,288,472
03/30/2004,RDG,PA,AEA,EN,Towers with Radar,0,18,56,5,79,0,0,29,1,30,0,18,85,6,109,104,0,104,213
03/31/2004,RDG,PA,AEA,EN,Towers with Radar,0,17,38,0,55,0,0,10,0,10,0,17,48,0,65,4,0,4,69
04/01/2004,RDG,PA,AEA,EN,Towers with Radar,0,25,35,1,61,0,2,11,0,13,0,27,46,1,74,18,0,18,92
04/02/2004,RDG,PA,AEA,EN,Towers with Radar,0,25,34,4,63,0,0,0,0,0,0,25,34,4,63,14,16,30,93
04/03/2004,RDG,PA,AEA,EN,Towers with Radar,0,11,59,0,70,0,1,28,0,29,0,12,87,0,99,42,0,42,141
04/04/2004,RDG,PA,AEA,EN,Towers with Radar,0,8,13,1,22,0,2,10,0,12,0,10,23,1,34,0,0,0,34
04/05/2004,RDG,PA,AEA,EN,Towers with Radar,0,17,23,1,41,0,4,28,0,32,0,21,51,1,73,22,0,22,95
04/06/2004,RDG,PA,AEA,EN,Towers with Radar,0,13,29,0,42,0,6,109,2,117,0,19,138,2,159,140,0,140,299
04/07/2004,RDG,PA,AEA,EN,Towers with Radar,0,14,48,8,70,0,6,134,3,143,0,20,182,11,213,342,16,358,571
04/08/2004,RDG,PA,AEA,EN,Towers with Radar,0,19,55,1,75,0,4,93,0,97,0,23,148,1,172,126,8,134,306
04/09/2004,RDG,PA,AEA,EN,Towers with Radar,0,13,41,3,57,0,2,114,0,116,0,15,155,3,173,210,0,210,383
04/10/2004,RDG,PA,AEA,EN,Towers with Radar,0,14,35,0,49,0,4,149,0,153,0,18,184,0,202,322,0,322,524
04/11/2004,RDG,PA,AEA,EN,Towers with Radar,0,5,22,0,27,0,0,33,0,33,0,5,55,0,60,62,0,62,122
04/12/2004,RDG,PA,AEA,EN,Towers with Radar,0,13,43,0,56,0,2,46,0,48,0,15,89,0,104,66,0,66,170
04/13/2004,RDG,PA,AEA,EN,Towers with Radar,0,24,36,0,60,0,0,0,0,0,0,24,36,0,60,0,0,0,60
04/14/2004,RDG,PA,AEA,EN,Towers with Radar,0,22,42,5,69,0,0,31,1,32,0,22,73,6,101,94,0,94,195
04/15/2004,RDG,PA,AEA,EN,Towers with Radar,0,18,33,5,56,0,8,108,4,120,0,26,141,9,176,218,8,226,402
04/16/2004,RDG,PA,AEA,EN,Towers with Radar,0,18,34,3,55,0,6,207,1,214,0,24,241,4,269,364,2,366,635
04/17/2004,RDG,PA,AEA,EN,Towers with Radar,0,10,23,0,33,0,0,153,0,153,0,10,176,0,186,358,0,358,544
04/18/2004,RDG,PA,AEA,EN,Towers with Radar,0,9,40,0,49,0,3,173,0,176,0,12,213,0,225,306,0,306,531
04/19/2004,RDG,PA,AEA,EN,Towers with Radar,0,13,24,1,38,0,1,100,0,101,0,14,124,1,139,84,2,86,225
04/20/2004,RDG,PA,AEA,EN,Towers with Radar,0,22,55,9,86,0,13,204,10,227,0,35,259,19,313,368,24,392,705
04/21/2004,RDG,PA,AEA,EN,Towers with Radar,0,20,58,24,102,0,12,137,16,165,0,32,195,40,267,212,0,212,479
04/22/2004,RDG,PA,AEA,EN,Towers with Radar,0,21,33,1,55,0,3,62,0,65,0,24,95,1,120,122,4,126,246
04/23/2004,RDG,PA,AEA,EN,Towers with Radar,0,26,51,0,77,0,2,80,0,82,0,28,131,0,159,68,4,72,231
04/24/2004,RDG,PA,AEA,EN,Towers with Radar,0,15,38,0,53,0,3,122,0,125,0,18,160,0,178,212,0,212,390
04/25/2004,RDG,PA,AEA,EN,Towers with Radar,2,7,54,1,64,0,3,85,0,88,2,10,139,1,152,166,0,166,318
04/26/2004,RDG,PA,AEA,EN,Towers with Radar,0,19,29,0,48,0,0,0,0,0,0,19,29,0,48,0,0,0,48
04/27/2004,RDG,PA,AEA,EN,Towers with Radar,1,18,46,16,81,0,7,139,4,150,1,25,185,20,231,168,16,184,415
04/28/2004,RDG,PA,AEA,EN,Towers with Radar,4,22,42,1,69,0,5,142,2,149,4,27,184,3,218,238,28,266,484
04/29/2004,RDG,PA,AEA,EN,Towers with Radar,0,20,33,7,60,0,8,167,0,175,0,28,200,7,235,236,48,284,519
04/30/2004,RDG,PA,AEA,EN,Towers with Radar,2,26,42,9,79,0,9,127,0,136,2,35,169,9,215,232,28,260,475
05/01/2004,RDG,PA,AEA,EN,Towers with Radar,0,12,40,2,54,0,6,129,1,136,0,18,169,3,190,268,2,270,460
05/02/2004,RDG,PA,AEA,EN,Towers with Radar,2,8,41,0,51,0,3,38,0,41,2,11,79,0,92,64,0,64,156
05/03/2004,RDG,PA,AEA,EN,Towers with Radar,0,17,43,5,65,0,5,71,4,80,0,22,114,9,145,52,18,70,215
05/04/2004,RDG,PA,AEA,EN,Towers with Radar,0,24,39,4,67,0,9,127,3,139,0,33,166,7,206,168,34,202,408
05/05/2004,RDG,PA,AEA,EN,Towers with Radar,0,24,47,8,79,0,25,141,0,166,0,49,188,8,245,192,20,212,457
05/06/2004,RDG,PA,AEA,EN,Towers with Radar,0,22,32,1,55,0,3,207,0,210,0,25,239,1,265,230,34,264,529
05/07/2004,RDG,PA,AEA,EN,Towers with Radar,0,22,45,1,68,0,4,81,0,85,0,26,126,1,153,260,0,260,413
05/08/2004,RDG,PA,AEA,EN,Towers with Radar,0,10,23,0,33,0,7,150,0,157,0,17,173,0,190,206,2,208,398
05/09/2004,RDG,PA,AEA,EN,Towers with Radar,2,9,71,0,82,0,4,109,0,113,2,13,180,0,195,190,0,190,385
05/10/2004,RDG,PA,AEA,EN,Towers with Radar,0,21,41,0,62,0,3,130,0,133,0,24,171,0,195,184,0,184,379
05/11/2004,RDG,PA,AEA,EN,Towers with Radar,0,15,28,18,61,0,7,116,7,130,0,22,144,25,191,184,22,206,397
05/12/2004,RDG,PA,AEA,EN,Towers with Radar,0,20,46,7,73,0,5,133,0,138,0,25,179,7,211,158,12,170,381
05/13/2004,RDG,PA,AEA,EN,Towers with Radar,0,19,46,15,80,0,12,113,11,136,0,31,159,26,216,196,46,242,458
05/14/2004,RDG,PA,AEA,EN,Towers with Radar,0,27,33,5,65,0,2,33,0,35,0,29,66,5,100,94,0,94,194
05/15/2004,RDG,PA,AEA,EN,Towers with Radar,0,14,40,0,54,0,0,65,0,65,0,14,105,0,119,182,0,182,301
05/16/2004,RDG,PA,AEA,EN,Towers with Radar,0,10,36,0,46,0,1,143,0,144,0,11,179,0,190,302,0,302,492
05/17/2004,RDG,PA,AEA,EN,Towers with Radar,0,18,30,0,48,0,5,110,0,115,0,23,140,0,163,200,0,200,363
05/18/2004,RDG,PA,AEA,EN,Towers with Radar,0,22,32,0,54,0,3,85,0,88,0,25,117,0,142,188,0,188,330
05/19/2004,RDG,PA,AEA,EN,Towers with Radar,0,18,70,2,90,0,2,16,0,18,0,20,86,2,108,68,0,68,176
05/20/2004,RDG,PA,AEA,EN,Towers with Radar,0,23,59,5,87,0,2,75,0,77,0,25,134,5,164,172,4,176,340
05/21/2004,RDG,PA,AEA,EN,Towers with Radar,0,15,42,3,60,0,6,44,0,50,0,21,86,3,110,116,2,118,228
05/22/2004,RDG,PA,AEA,EN,Towers with Radar,0,11,55,1,67,0,1,135,0,136,0,12,190,1,203,236,0,236,439
05/23/2004,RDG,PA,AEA,EN,Towers with Radar,0,8,57,1,66,0,1,142,1,144,0,9,199,2,210,242,0,242,452
05/24/2004,RDG,PA,AEA,EN,Towers with Radar,0,16,30,0,46,0,0,56,0,56,0,16,86,0,102,94,0,94,196
05/25/2004,RDG,PA,AEA,EN,Towers with Radar,0,20,46,0,66,0,8,135,0,143,0,28,181,0,209,230,20,250,459
05/26/2004,RDG,PA,AEA,EN,Towers with Radar,0,24,59,0,83,0,0,28,0,28,0,24,87,0,111,46,0,46,157
05/27/2004,RDG,PA,AEA,EN,Towers with Radar,0,19,49,3,71,0,2,114,0,116,0,21,163,3,187,166,18,184,371
05/28/2004,RDG,PA,AEA,EN,Towers with Radar,0,22,52,0,74,0,5,130,0,135,0,27,182,0,209,216,0,216,425
05/29/2004,RDG,PA,AEA,EN,Towers with Radar,0,9,67,0,76,0,1,155,2,158,0,10,222,2,234,234,2,236,470
05/30/2004,RDG,PA,AEA,EN,Towers with Radar,0,5,25,0,30,0,2,96,0,98,0,7,121,0,128,162,0,162,290
05/31/2004,RDG,PA,AEA,EN,Towers with Radar,0,19,31,1,51,0,0,11,0,11,0,19,42,1,62,66,0,66,128
06/01/2004,RDG,PA,AEA,EN,Towers with Radar,0,15,35,0,50,0,3,93,0,96,0,18,128,0,146,148,0,148,294
06/02/2004,RDG,PA,AEA,EN,Towers with Radar,0,20,40,5,65,0,3,128,4,135,0,23,168,9,200,164,28,192,392
06/03/2004,RDG,PA,AEA,EN,Towers with Radar,0,20,48,4,72,0,0,164,9,173,0,20,212,13,245,302,36,338,583
06/04/2004,RDG,PA,AEA,EN,Towers with Radar,0,16,41,0,57,0,5,547,101,653,0,21,588,101,710,260,34,294,1004
06/05/2004,RDG,PA,AEA,EN,Towers with Radar,0,6,32,6,44,0,0,34,0,34,0,6,66,6,78,28,0,28,106
06/06/2004,RDG,PA,AEA,EN,Towers with Radar,2,6,49,0,57,0,26,94,0,120,2,32,143,0,177,26,0,26,203
06/07/2004,RDG,PA,AEA,EN,Towers with Radar,0,14,49,1,64,0,4,102,2,108,0,18,151,3,172,240,0,240,412
06/08/2004,RDG,PA,AEA,EN,Towers with Radar,0,21,51,6,78,0,6,119,2,127,0,27,170,8,205,218,4,222,427
06/09/2004,RDG,PA,AEA,EN,Towers with Radar,0,19,55,10,84,0,4,115,7,126,0,23,170,17,210,212,28,240,450
06/10/2004,RDG,PA,AEA,EN,Towers with Radar,0,26,62,0,88,0,0,64,0,64,0,26,126,0,152,104,0,104,256
06/11/2004,RDG,PA,AEA,EN,Towers with Radar,0,30,48,0,78,0,0,23,0,23,0,30,71,0,101,36,0,36,137
06/12/2004,RDG,PA,AEA,EN,Towers with Radar,0,11,68,0,79,0,5,163,0,168,0,16,231,0,247,322,0,322,569
06/13/2004,RDG,PA,AEA,EN,Towers with Radar,2,10,64,4,80,0,0,182,6,188,2,10,246,10,268,198,0,198,466
06/14/2004,RDG,PA,AEA,EN,Towers with Radar,0,13,37,2,52,0,3,46,0,49,0,16,83,2,101,124,10,134,235
06/15/2004,RDG,PA,AEA,EN,Towers with Radar,0,25,54,0,79,0,0,27,0,27,0,25,81,0,106,70,0,70,176
06/16/2004,RDG,PA,AEA,EN,Towers with Radar,0,16,50,4,70,0,5,74,0,79,0,21,124,4,149,122,6,128,277
06/17/2004,RDG,PA,AEA,EN,Towers with Radar,0,15,31,4,50,0,0,77,2,79,0,15,108,6,129,28,8,36,165
06/18/2004,RDG,PA,AEA,EN,Towers with Radar,0,26,52,2,80,0,15,92,4,111,0,41,144,6,191,198,2,200,391
06/19/2004,RDG,PA,AEA,EN,Towers with Radar,0,10,38,0,48,0,4,115,0,119,0,14,153,0,167,266,0,266,433
06/20/2004,RDG,PA,AEA,EN,Towers with Radar,0,9,45,0,54,0,5,137,0,142,0,14,182,0,196,240,0,240,436
06/21/2004,RDG,PA,AEA,EN,Towers with Radar,0,12,33,0,45,0,5,181,0,186,0,17,214,0,231,282,2,284,515
06/22/2004,RDG,PA,AEA,EN,Towers with Radar,0,21,35,3,59,0,4,73,0,77,0,25,108,3,136,154,6,160,296
06/23/2004,RDG,PA,AEA,EN,Towers with Radar,0,24,65,3,92,0,12,133,6,151,0,36,198,9,243,288,26,314,557
06/24/2004,RDG,PA,AEA,EN,Towers with Radar,0,28,59,7,94,0,7,153,4,164,0,35,212,11,258,284,4,288,546
06/25/2004,RDG,PA,AEA,EN,Towers with Radar,0,21,32,3,56,0,6,84,1,91,0,27,116,4,147,128,10,138,285
06/26/2004,RDG,PA,AEA,EN,Towers with Radar,0,23,46,1,70,0,27,123,9,159,0,50,169,10,229,196,0,196,425
06/27/2004,RDG,PA,AEA,EN,Towers with Radar,0,11,43,0,54,0,2,173,0,175,0,13,216,0,229,268,14,282,511
06/28/2004,RDG,PA,AEA,EN,Towers with Radar,0,17,47,0,64,0,1,129,0,130,0,18,176,0,194,184,0,184,378
06/29/2004,RDG,PA,AEA,EN,Towers with Radar,0,22,66,2,90,0,6,164,5,175,0,28,230,7,265,4,206,210,475
06/30/2004,RDG,PA,AEA,EN,Towers with Radar,0,17,43,1,61,0,8,230,0,238,0,25,273,1,299,288,4,292,591
07/01/2004,RDG,PA,AEA,EN,Towers with Radar,0,19,48,2,69,0,3,103,2,108,0,22,151,4,177,158,0,158,335
07/02/2004,RDG,PA,AEA,EN,Towers with Radar,0,23,63,2,88,0,7,119,1,127,0,30,182,3,215,210,2,212,427
07/03/2004,RDG,PA,AEA,EN,Towers with Radar,0,16,30,0,46,0,1,94,0,95,0,17,124,0,141,152,0,152,293
07/04/2004,RDG,PA,AEA,EN,Towers with Radar,1,5,20,0,26,0,0,100,0,100,1,5,120,0,126,168,0,168,294
07/05/2004,RDG,PA,AEA,EN,Towers with Radar,0,6,34,0,40,0,0,73,0,73,0,6,107,0,113,98,0,98,211
07/06/2004,RDG,PA,AEA,EN,Towers with Radar,0,13,43,2,58,0,1,151,4,156,0,14,194,6,214,282,18,300,514
07/07/2004,RDG,PA,AEA,EN,Towers with Radar,0,25,31,1,57,0,3,116,1,120,0,28,147,2,177,182,8,190,367
07/08/2004,RDG,PA,AEA,EN,Towers with Radar,0,21,74,10,105,0,6,112,0,118,0,27,186,10,223,170,22,192,415
07/09/2004,RDG,PA,AEA,EN,Towers with Radar,3,21,39,6,69,0,2,42,2,46,3,23,81,8,115,82,0,82,197
07/10/2004,RDG,PA,AEA,EN,Towers with Radar,2,10,44,2,58,0,1,206,1,208,2,11,250,3,266,352,0,352,618
07/11/2004,RDG,PA,AEA,EN,Towers with Radar,2,7,42,0,51,0,1,100,0,101,2,8,142,0,152,242,0,242,394
07/12/2004,RDG,PA,AEA,EN,Towers with Radar,0,18,24,0,42,0,0,2,0,2,0,18,26,0,44,0,0,0,44
07/13/2004,RDG,PA,AEA,EN,Towers with Radar,0,21,58,5,84,0,0,95,2,97,0,21,153,7,181,212,10,222,403
07/14/2004,RDG,PA,AEA,EN,Towers with Radar,0,21,28,0,49,0,0,1,0,1,0,21,29,0,50,0,0,0,50
07/15/2004,RDG,PA,AEA,EN,Towers with Radar,1,26,41,4,72,0,3,113,0,116,1,29,154,4,188,226,12,238,426
07/16/2004,RDG,PA,AEA,EN,Towers with Radar,1,21,24,3,49,0,1,128,2,131,1,22,152,5,180,192,0,192,372
07/17/2004,RDG,PA,AEA,EN,Towers with Radar,0,13,23,0,36,0,1,145,0,146,0,14,168,0,182,234,0,234,416
07/18/2004,RDG,PA,AEA,EN,Towers with Radar,2,17,17,0,36,0,0,0,0,0,2,17,17,0,36,0,0,0,36
07/19/2004,RDG,PA,AEA,EN,Towers with Radar,0,19,38,1,58,0,4,49,4,57,0,23,87,5,115,76,4,80,195
07/20/2004,RDG,PA,AEA,EN,Towers with Radar,0,19,47,1,67,1,8,179,1,189,1,27,226,2,256,322,2,324,580
07/21/2004,RDG,PA,AEA,EN,Towers with Radar,0,23,29,0,52,0,2,129,3,134,0,25,158,3,186,190,0,190,376
07/22/2004,RDG,PA,AEA,EN,Towers with Radar,0,19,59,0,78,0,5,68,0,73,0,24,127,0,151,130,0,130,281
07/23/2004,RDG,PA,AEA,EN,Towers with Radar,0,19,30,0,49,0,1,0,0,1,0,20,30,0,50,0,0,0,50
07/24/2004,RDG,PA,AEA,EN,Towers with Radar,0,15,29,0,44,0,6,116,5,127,0,21,145,5,171,150,8,158,329
07/25/2004,RDG,PA,AEA,EN,Towers with Radar,0,10,38,0,48,0,0,89,0,89,0,10,127,0,137,158,0,158,295
07/26/2004,RDG,PA,AEA,EN,Towers with Radar,0,19,32,0,51,0,0,95,0,95,0,19,127,0,146,194,0,194,340
07/27/2004,RDG,PA,AEA,EN,Towers with Radar,0,18,29,0,47,0,0,2,0,2,0,18,31,0,49,12,0,12,61
07/28/2004,RDG,PA,AEA,EN,Towers with Radar,0,27,53,2,82,0,7,41,0,48,0,34,94,2,130,74,0,74,204
07/29/2004,RDG,PA,AEA,EN,Towers with Radar,0,24,55,2,81,0,8,104,0,112,0,32,159,2,193,232,0,232,425
07/30/2004,RDG,PA,AEA,EN,Towers with Radar,0,22,35,0,57,0,2,36,0,38,0,24,71,0,95,78,0,78,173
07/31/2004,RDG,PA,AEA,EN,Towers with Radar,0,15,27,0,42,0,0,66,1,67,0,15,93,1,109,208,0,208,317
08/01/2004,RDG,PA,AEA,EN,Towers with Radar,0,5,26,0,31,0,0,34,0,34,0,5,60,0,65,126,0,126,191
08/02/2004,RDG,PA,AEA,EN,Towers with Radar,0,18,23,1,42,0,1,94,0,95,0,19,117,1,137,152,0,152,289
08/03/2004,RDG,PA,AEA,EN,Towers with Radar,0,20,45,2,67,0,5,104,1,110,0,25,149,3,177,208,8,216,393
08/04/2004,RDG,PA,AEA,EN,Towers with Radar,0,26,70,2,98,0,5,98,1,104,0,31,168,3,202,138,0,138,340
08/05/2004,RDG,PA,AEA,EN,Towers with Radar,0,37,49,0,86,0,14,57,0,71,0,51,106,0,157,146,0,146,303
08/06/2004,RDG,PA,AEA,EN,Towers with Radar,0,24,32,1,57,0,2,167,1,170,0,26,199,2,227,186,2,188,415
08/07/2004,RDG,PA,AEA,EN,Towers with Radar,0,9,51,9,69,0,4,191,1,196,0,13,242,10,265,290,0,290,555
08/08/2004,RDG,PA,AEA,EN,Towers with Radar,0,10,59,7,76,0,6,192,5,203,0,16,251,12,279,234,16,250,529
08/09/2004,RDG,PA,AEA,EN,Towers with Radar,0,25,69,0,94,0,3,176,0,179,0,28,245,0,273,204,0,204,477
08/10/2004,RDG,PA,AEA,EN,Towers with Radar,0,20,32,5,57,0,4,158,1,163,0,24,190,6,220,174,0,174,394
08/11/2004,RDG,PA,AEA,EN,Towers with Radar,0,23,45,0,68,0,4,53,0,57,0,27,98,0,125,122,0,122,247
08/12/2004,RDG,PA,AEA,EN,Towers with Radar,0,18,29,0,47,0,2,15,0,17,0,20,44,0,64,36,0,36,100
08/13/2004,RDG,PA,AEA,EN,Towers with Radar,0,20,56,9,85,0,0,53,0,53,0,20,109,9,138,174,6,180,318
08/14/2004,RDG,PA,AEA,EN,Towers with Radar,0,13,23,0,36,0,3,121,0,124,0,16,144,0,160,232,0,232,392
08/15/2004,RDG,PA,AEA,EN,Towers with Radar,0,11,49,0,60,0,1,74,0,75,0,12,123,0,135,148,0,148,283
08/16/2004,RDG,PA,AEA,EN,Towers with Radar,0,25,43,1,69,0,2,66,1,69,0,27,109,2,138,216,0,216,354
08/17/2004,RDG,PA,AEA,EN,Towers with Radar,0,21,48,3,72,0,10,223,3,236,0,31,271,6,308,292,16,308,616
08/18/2004,RDG,PA,AEA,EN,Towers with Radar,0,18,39,5,62,0,5,83,1,89,0,23,122,6,151,166,4,170,321
08/19/2004,RDG,PA,AEA,EN,Towers with Radar,0,26,44,0,70,0,5,40,0,45,0,31,84,0,115,96,0,96,211
08/20/2004,RDG,PA,AEA,EN,Towers with Radar,0,25,60,0,85,0,3,126,0,129,0,28,186,0,214,210,0,210,424
08/21/2004,RDG,PA,AEA,EN,Towers with Radar,0,15,29,0,44,0,4,7,0,11,0,19,36,0,55,8,0,8,63
08/22/2004,RDG,PA,AEA,EN,Towers with Radar,0,7,89,1,97,0,4,202,0,206,0,11,291,1,303,326,2,328,631
08/23/2004,RDG,PA,AEA,EN,Towers with Radar,0,21,30,0,51,0,6,157,0,163,0,27,187,0,214,240,0,240,454
08/24/2004,RDG,PA,AEA,EN,Towers with Radar,0,24,32,0,56,0,0,82,0,82,0,24,114,0,138,176,0,176,314
08/25/2004,RDG,PA,AEA,EN,Towers with Radar,0,28,40,0,68,0,2,109,0,111,0,30,149,0,179,278,0,278,457
08/26/2004,RDG,PA,AEA,EN,Towers with Radar,0,17,60,0,77,0,2,102,0,104,0,19,162,0,181,162,0,162,343
08/27/2004,RDG,PA,AEA,EN,Towers with Radar,0,17,55,6,78,0,2,111,2,115,0,19,166,8,193,158,10,168,361
08/28/2004,RDG,PA,AEA,EN,Towers with Radar,0,9,55,24,88,0,9,106,2,117,0,18,161,26,205,220,22,242,447
08/29/2004,RDG,PA,AEA,EN,Towers with Radar,0,14,43,0,57,0,10,134,0,144,0,24,177,0,201,264,0,264,465
08/30/2004,RDG,PA,AEA,EN,Towers with Radar,0,12,49,0,61,0,5,53,0,58,0,17,102,0,119,134,0,134,253
08/31/2004,RDG,PA,AEA,EN,Towers with Radar,0,18,37,19,74,0,3,50,7,60,0,21,87,26,134,206,22,228,362
09/01/2004,RDG,PA,AEA,EN,Towers with Radar,0,17,69,10,96,0,18,151,2,171,0,35,220,12,267,278,0,278,545
09/02/2004,RDG,PA,AEA,EN,Towers with Radar,0,18,58,2,78,0,3,140,1,144,0,21,198,3,222,300,14,314,536
09/03/2004,RDG,PA,AEA,EN,Towers with Radar,0,20,44,2,66,0,8,191,0,199,0,28,235,2,265,188,12,200,465
09/04/2004,RDG,PA,AEA,EN,Towers with Radar,0,8,31,4,43,0,1,117,0,118,0,9,148,4,161,152,0,152,313
09/05/2004,RDG,PA,AEA,EN,Towers with Radar,0,4,36,0,40,0,0,22,0,22,0,4,58,0,62,32,0,32,94
09/06/2004,RDG,PA,AEA,EN,Towers with Radar,0,3,21,1,25,0,1,65,0,66,0,4,86,1,91,176,0,176,267
09/07/2004,RDG,PA,AEA,EN,Towers with Radar,0,8,65,0,73,0,1,50,0,51,0,9,115,0,124,152,0,152,276
09/08/2004,RDG,PA,AEA,EN,Towers with Radar,0,20,32,3,55,0,1,6,0,7,0,21,38,3,62,4,0,4,66
09/09/2004,RDG,PA,AEA,EN,Towers with Radar,0,14,24,3,41,0,0,18,0,18,0,14,42,3,59,26,16,42,101
09/10/2004,RDG,PA,AEA,EN,Towers with Radar,0,23,53,5,81,0,24,136,0,160,0,47,189,5,241,168,10,178,419
09/11/2004,RDG,PA,AEA,EN,Towers with Radar,0,14,59,4,77,0,3,158,2,163,0,17,217,6,240,262,0,262,502
09/12/2004,RDG,PA,AEA,EN,Towers with Radar,0,5,38,0,43,0,2,176,0,178,0,7,214,0,221,230,0,230,451
09/13/2004,RDG,PA,AEA,EN,Towers with Radar,0,12,48,7,67,0,3,98,0,101,0,15,146,7,168,128,0,128,296
09/14/2004,RDG,PA,AEA,EN,Towers with Radar,0,19,47,7,73,0,0,108,7,115,0,19,155,14,188,166,10,176,364
09/15/2004,RDG,PA,AEA,EN,Towers with Radar,2,19,69,4,94,0,2,48,0,50,2,21,117,4,144,84,10,94,238
09/16/2004,RDG,PA,AEA,EN,Towers with Radar,0,20,51,2,73,0,0,39,0,39,0,20,90,2,112,60,0,60,172
09/17/2004,RDG,PA,AEA,EN,Towers with Radar,0,11,29,0,40,0,6,15,0,21,0,17,44,0,61,18,0,18,79
09/18/2004,RDG,PA,AEA,EN,Towers with Radar,0,7,30,0,37,0,4,5,2,11,0,11,35,2,48,6,0,6,54
09/19/2004,RDG,PA,AEA,EN,Towers with Radar,0,9,38,0,47,0,0,66,0,66,0,9,104,0,113,130,0,130,243
09/20/2004,RDG,PA,AEA,EN,Towers with Radar,0,18,36,0,54,0,3,178,2,183,0,21,214,2,237,204,22,226,463
09/21/2004,RDG,PA,AEA,EN,Towers with Radar,2,15,42,0,59,0,4,173,0,177,2,19,215,0,236,282,0,282,518
09/22/2004,RDG,PA,AEA,EN,Towers with Radar,0,13,56,0,69,0,5,150,0,155,0,18,206,0,224,256,2,258,482
09/23/2004,RDG,PA,AEA,EN,Towers with Radar,0,15,41,12,68,0,8,198,0,206,0,23,239,12,274,226,62,288,562
09/24/2004,RDG,PA,AEA,EN,Towers with Radar,0,22,59,0,81,0,5,102,0,107,0,27,161,0,188,150,0,150,338
09/25/2004,RDG,PA,AEA,EN,Towers with Radar,2,9,25,0,36,0,5,80,0,85,2,14,105,0,121,0,0,0,121
09/26/2004,RDG,PA,AEA,EN,Towers with Radar,0,6,53,0,59,0,0,143,6,149,0,6,196,6,208,268,0,268,476
09/27/2004,RDG,PA,AEA,EN,Towers with Radar,0,16,32,0,48,0,3,107,0,110,0,19,139,0,158,152,2,154,312
09/28/2004,RDG,PA,AEA,EN,Towers with Radar,0,15,16,1,32,0,1,0,1,2,0,16,16,2,34,10,10,20,54
09/29/2004,RDG,PA,AEA,EN,Towers with Radar,0,26,43,8,77,0,2,93,6,101,0,28,136,14,178,202,24,226,404
09/30/2004,RDG,PA,AEA,EN,Towers with Radar,0,19,43,13,75,0,6,122,1,129,0,25,165,14,204,146,12,158,362
10/01/2004,RDG,PA,AEA,EN,Towers with Radar,0,20,35,0,55,0,0,108,0,108,0,20,143,0,163,168,0,168,331
10/02/2004,RDG,PA,AEA,EN,Towers with Radar,0,8,51,0,59,0,0,40,0,40,0,8,91,0,99,104,0,104,203
10/03/2004,RDG,PA,AEA,EN,Towers with Radar,1,2,33,0,36,0,1,183,1,185,1,3,216,1,221,328,0,328,549
10/04/2004,RDG,PA,AEA,EN,Towers with Radar,0,9,26,8,43,0,0,110,0,110,0,9,136,8,153,214,14,228,381
10/05/2004,RDG,PA,AEA,EN,Towers with Radar,0,10,32,1,43,0,7,137,0,144,0,17,169,1,187,264,18,282,469
10/06/2004,RDG,PA,AEA,EN,Towers with Radar,0,14,41,0,55,0,5,139,2,146,0,19,180,2,201,260,6,266,467
10/07/2004,RDG,PA,AEA,EN,Towers with Radar,0,19,62,10,91,0,18,184,0,202,0,37,246,10,293,268,8,276,569
10/08/2004,RDG,PA,AEA,EN,Towers with Radar,0,17,62,1,80,0,11,144,1,156,0,28,206,2,236,186,0,186,422
10/09/2004,RDG,PA,AEA,EN,Towers with Radar,0,4,35,1,40,0,0,77,1,78,0,4,112,2,118,162,2,164,282
10/10/2004,RDG,PA,AEA,EN,Towers with Radar,1,7,55,2,65,0,1,133,2,136,1,8,188,4,201,188,4,192,393
10/11/2004,RDG,PA,AEA,EN,Towers with Radar,0,7,34,0,41,0,5,126,0,131,0,12,160,0,172,254,0,254,426
10/12/2004,RDG,PA,AEA,EN,Towers with Radar,0,21,68,21,110,0,2,110,1,113,0,23,178,22,223,194,23,217,440
10/13/2004,RDG,PA,AEA,EN,Towers with Radar,0,19,46,1,66,0,0,130,0,130,0,19,176,1,196,202,0,202,398
10/14/2004,RDG,PA,AEA,EN,Towers with Radar,0,15,44,3,62,0,0,7,0,7,0,15,51,3,69,12,0,12,81
10/15/2004,RDG,PA,AEA,EN,Towers with Radar,0,21,40,0,61,0,0,16,0,16,0,21,56,0,77,2,0,2,79
10/16/2004,RDG,PA,AEA,EN,Towers with Radar,0,7,36,0,43,0,3,50,0,53,0,10,86,0,96,90,0,90,186
10/17/2004,RDG,PA,AEA,EN,Towers with Radar,0,1,35,0,36,0,0,115,0,115,0,1,150,0,151,222,0,222,373
10/18/2004,RDG,PA,AEA,EN,Towers with Radar,0,10,65,2,77,0,21,107,0,128,0,31,172,2,205,230,8,238,443
10/19/2004,RDG,PA,AEA,EN,Towers with Radar,0,18,12,0,30,0,1,3,3,7,0,19,15,3,37,0,2,2,39
10/20/2004,RDG,PA,AEA,EN,Towers with Radar,0,17,32,3,52,0,4,25,1,30,0,21,57,4,82,54,0,54,136
10/21/2004,RDG,PA,AEA,EN,Towers with Radar,0,12,41,0,53,0,12,24,0,36,0,24,65,0,89,44,0,44,133
10/22/2004,RDG,PA,AEA,EN,Towers with Radar,0,12,50,0,62,0,1,74,0,75,0,13,124,0,137,146,0,146,283
10/23/2004,RDG,PA,AEA,EN,Towers with Radar,0,9,65,0,74,0,8,188,0,196,0,17,253,0,270,258,0,258,528
10/24/2004,RDG,PA,AEA,EN,Towers with Radar,2,5,39,0,46,0,2,85,0,87,2,7,124,0,133,140,0,140,273
10/25/2004,RDG,PA,AEA,EN,Towers with Radar,0,9,37,0,46,0,0,93,0,93,0,9,130,0,139,230,0,230,369
10/26/2004,RDG,PA,AEA,EN,Towers with Radar,1,21,60,4,86,0,4,77,0,81,1,25,137,4,167,118,4,122,289
10/27/2004,RDG,PA,AEA,EN,Towers with Radar,0,10,49,0,59,0,2,88,0,90,0,12,137,0,149,156,0,156,305
10/28/2004,RDG,PA,AEA,EN,Towers with Radar,0,10,51,1,62,0,0,151,0,151,0,10,202,1,213,238,0,238,451
10/29/2004,RDG,PA,AEA,EN,Towers with Radar,0,10,47,0,57,0,2,13,0,15,0,12,60,0,72,48,0,48,120
10/30/2004,RDG,PA,AEA,EN,Towers with Radar,0,9,52,0,61,0,0,0,0,0,0,9,52,0,61,12,0,12,73
10/31/2004,RDG,PA,AEA,EN,Towers with Radar,2,2,18,0,22,0,1,97,0,98,2,3,115,0,120,170,0,170,290
11/01/2004,RDG,PA,AEA,EN,Combined TRACON& Tower with Radar,0,8,31,5,44,0,7,102,1,110,0,15,133,6,154,226,24,250,404
11/02/2004,RDG,PA,AEA,EN,Combined TRACON& Tower with Radar,0,18,31,10,59,0,2,81,0,83,0,20,112,10,142,196,6,202,344
11/03/2004,RDG,PA,AEA,EN,Combined TRACON& Tower with Radar,0,17,43,10,70,0,3,106,0,109,0,20,149,10,179,174,8,182,361
11/04/2004,RDG,PA,AEA,EN,Combined TRACON& Tower with Radar,0,19,52,0,71,0,0,27,0,27,0,19,79,0,98,8,0,8,106
11/05/2004,RDG,PA,AEA,EN,Combined TRACON& Tower with Radar,0,15,24,1,40,0,8,52,0,60,0,23,76,1,100,56,0,56,156
11/06/2004,RDG,PA,AEA,EN,Combined TRACON& Tower with Radar,0,3,26,0,29,0,1,144,0,145,0,4,170,0,174,238,0,238,412
11/07/2004,RDG,PA,AEA,EN,Combined TRACON& Tower with Radar,1,4,39,1,45,0,3,155,0,158,1,7,194,1,203,224,0,224,427
11/08/2004,RDG,PA,AEA,EN,Combined TRACON& Tower with Radar,0,7,42,6,55,0,1,59,0,60,0,8,101,6,115,148,8,156,271
11/09/2004,RDG,PA,AEA,EN,Combined TRACON& Tower with Radar,0,13,63,7,83,0,5,62,0,67,0,18,125,7,150,186,8,194,344
11/10/2004,RDG,PA,AEA,EN,Combined TRACON& Tower with Radar,0,12,52,4,68,0,5,125,0,130,0,17,177,4,198,242,30,272,470
11/11/2004,RDG,PA,AEA,EN,Combined TRACON& Tower with Radar,0,15,55,0,70,0,1,114,0,115,0,16,169,0,185,218,0,218,403
11/12/2004,RDG,PA,AEA,EN,Combined TRACON& Tower with Radar,0,18,28,0,46,0,1,6,0,7,0,19,34,0,53,0,0,0,53
11/13/2004,RDG,PA,AEA,EN,Combined TRACON& Tower with Radar,0,5,27,0,32,0,1,83,2,86,0,6,110,2,118,176,0,176,294
11/14/2004,RDG,PA,AEA,EN,Combined TRACON& Tower with Radar,2,3,57,0,62,0,2,107,2,111,2,5,164,2,173,288,0,288,461
11/15/2004,RDG,PA,AEA,EN,Combined TRACON& Tower with Radar,0,11,36,4,51,0,1,104,0,105,0,12,140,4,156,172,6,178,334
11/16/2004,RDG,PA,AEA,EN,Combined TRACON& Tower with Radar,0,8,43,0,51,0,4,123,0,127,0,12,166,0,178,190,8,198,376
11/17/2004,RDG,PA,AEA,EN,Combined TRACON& Tower with Radar,0,16,72,4,92,0,4,157,1,162,0,20,229,5,254,334,18,352,606
11/18/2004,RDG,PA,AEA,EN,Combined TRACON& Tower with Radar,0,22,35,2,59,0,7,91,0,98,0,29,126,2,157,156,4,160,317
11/19/2004,RDG,PA,AEA,EN,Combined TRACON& Tower with Radar,0,14,25,3,42,0,5,84,2,91,0,19,109,5,133,138,6,144,277
11/20/2004,RDG,PA,AEA,EN,Combined TRACON& Tower with Radar,0,6,69,0,75,0,1,21,0,22,0,7,90,0,97,134,0,134,231
11/21/2004,RDG,PA,AEA,EN,Combined TRACON& Tower with Radar,0,2,27,0,29,0,0,7,0,7,0,2,34,0,36,14,0,14,50
11/22/2004,RDG,PA,AEA,EN,Combined TRACON& Tower with Radar,0,10,23,0,33,0,3,71,0,74,0,13,94,0,107,170,0,170,277
11/23/2004,RDG,PA,AEA,EN,Combined TRACON& Tower with Radar,0,23,53,0,76,0,1,26,0,27,0,24,79,0,103,120,0,120,223
11/24/2004,RDG,PA,AEA,EN,Combined TRACON& Tower with Radar,0,7,44,0,51,0,0,0,0,0,0,7,44,0,51,0,0,0,51
11/25/2004,RDG,PA,AEA,EN,Combined TRACON& Tower with Radar,0,8,5,0,13,0,2,65,0,67,0,10,70,0,80,0,0,0,80
11/26/2004,RDG,PA,AEA,EN,Combined TRACON& Tower with Radar,0,6,32,0,38,0,4,120,0,124,0,10,152,0,162,206,0,206,368
11/27/2004,RDG,PA,AEA,EN,Combined TRACON& Tower with Radar,0,5,41,0,46,0,1,107,0,108,0,6,148,0,154,190,0,190,344
11/28/2004,RDG,PA,AEA,EN,Combined TRACON& Tower with Radar,1,1,44,0,46,0,0,18,0,18,1,1,62,0,64,72,0,72,136
11/29/2004,RDG,PA,AEA,EN,Combined TRACON& Tower with Radar,0,18,54,2,74,0,3,98,0,101,0,21,152,2,175,230,18,248,423
11/30/2004,RDG,PA,AEA,EN,Combined TRACON& Tower with Radar,0,7,55,4,66,0,4,124,3,131,0,11,179,7,197,198,32,230,427
12/01/2004,RDG,PA,AEA,EN,Combined TRACON& Tower with Radar,0,15,22,0,37,0,1,19,0,20,0,16,41,0,57,0,0,0,57
12/02/2004,RDG,PA,AEA,EN,Combined TRACON& Tower with Radar,0,14,41,1,56,0,4,108,0,112,0,18,149,1,168,230,0,230,398
12/03/2004,RDG,PA,AEA,EN,Combined TRACON& Tower with Radar,0,12,54,0,66,0,6,114,0,120,0,18,168,0,186,146,0,146,332
12/04/2004,RDG,PA,AEA,EN,Combined TRACON& Tower with Radar,0,13,65,0,78,0,4,130,3,137,0,17,195,3,215,220,0,220,435
12/05/2004,RDG,PA,AEA,EN,Combined TRACON& Tower with Radar,2,4,206,0,212,0,9,57,0,66,2,13,263,0,278,396,0,396,674
12/06/2004,RDG,PA,AEA,EN,Combined TRACON& Tower with Radar,0,13,15,1,29,0,0,15,1,16,0,13,30,2,45,4,0,4,49
12/07/2004,RDG,PA,AEA,EN,Combined TRACON& Tower with Radar,0,15,18,0,33,0,0,1,0,1,0,15,19,0,34,0,0,0,34
12/08/2004,RDG,PA,AEA,EN,Combined TRACON& Tower with Radar,0,12,33,1,46,0,0,85,6,91,0,12,118,7,137,168,20,188,325
12/09/2004,RDG,PA,AEA,EN,Combined TRACON& Tower with Radar,0,5,63,0,68,0,12,80,0,92,0,17,143,0,160,152,4,156,316
12/10/2004,RDG,PA,AEA,EN,Combined TRACON& Tower with Radar,0,18,40,0,58,0,1,0,0,1,0,19,40,0,59,0,0,0,59
12/11/2004,RDG,PA,AEA,EN,Combined TRACON& Tower with Radar,0,7,39,0,46,0,1,9,0,10,0,8,48,0,56,44,0,44,100
12/12/2004,RDG,PA,AEA,EN,Combined TRACON& Tower with Radar,2,1,48,0,51,0,0,239,0,239,2,1,287,0,290,244,0,244,534
12/13/2004,RDG,PA,AEA,EN,Combined TRACON& Tower with Radar,0,8,21,0,29,0,1,58,0,59,0,9,79,0,88,140,0,140,228
12/14/2004,RDG,PA,AEA,EN,Combined TRACON& Tower with Radar,0,12,35,1,48,0,6,85,1,92,0,18,120,2,140,168,10,178,318
12/15/2004,RDG,PA,AEA,EN,Combined TRACON& Tower with Radar,0,11,64,0,75,0,1,108,2,111,0,12,172,2,186,198,2,200,386
12/16/2004,RDG,PA,AEA,EN,Combined TRACON& Tower with Radar,0,0,66,0,66,10,0,120,0,130,10,0,186,0,196,260,0,260,456
12/17/2004,RDG,PA,AEA,EN,Combined TRACON& Tower with Radar,0,13,51,0,64,0,2,95,0,97,0,15,146,0,161,188,0,188,349
12/18/2004,RDG,PA,AEA,EN,Combined TRACON& Tower with Radar,0,17,60,0,77,0,1,135,0,136,0,18,195,0,213,250,0,250,463
12/19/2004,RDG,PA,AEA,EN,Combined TRACON& Tower with Radar,0,0,7,0,7,0,0,0,0,0,0,0,7,0,7,0,0,0,7
12/20/2004,RDG,PA,AEA,EN,Combined TRACON& Tower with Radar,0,16,20,0,36,0,3,18,0,21,0,19,38,0,57,12,0,12,69
12/21/2004,RDG,PA,AEA,EN,Combined TRACON& Tower with Radar,0,12,44,0,56,0,9,114,2,125,0,21,158,2,181,190,20,210,391
12/22/2004,RDG,PA,AEA,EN,Combined TRACON& Tower with Radar,0,10,35,3,48,0,2,135,6,143,0,12,170,9,191,200,0,200,391
12/23/2004,RDG,PA,AEA,EN,Combined TRACON& Tower with Radar,0,9,9,0,18,0,0,8,0,8,0,9,17,0,26,0,0,0,26
12/24/2004,RDG,PA,AEA,EN,Combined TRACON& Tower with Radar,0,5,29,0,34,0,9,80,0,89,0,14,109,0,123,112,0,112,235
12/25/2004,RDG,PA,AEA,EN,Combined TRACON& Tower with Radar,0,0,1,0,1,0,0,8,0,8,0,0,9,0,9,0,0,0,9
12/26/2004,RDG,PA,AEA,EN,Combined TRACON& Tower with Radar,0,0,22,0,22,0,0,45,0,45,0,0,67,0,67,110,0,110,177
12/27/2004,RDG,PA,AEA,EN,Combined TRACON& Tower with Radar,0,5,24,0,29,0,0,51,0,51,0,5,75,0,80,86,0,86,166
12/28/2004,RDG,PA,AEA,EN,Combined TRACON& Tower with Radar,0,16,37,2,55,0,4,118,0,122,0,20,155,2,177,190,0,190,367
12/29/2004,RDG,PA,AEA,EN,Combined TRACON& Tower with Radar,0,11,46,0,57,0,3,129,0,132,0,14,175,0,189,206,0,206,395
12/30/2004,RDG,PA,AEA,EN,Combined TRACON& Tower with Radar,0,14,21,3,38,0,0,111,1,112,0,14,132,4,150,86,22,108,258
12/31/2004,RDG,PA,AEA,EN,Combined TRACON& Tower with Radar,0,14,24,0,38,0,1,56,0,57,0,15,80,0,95,134,0,134,229
01/01/2005,RDG,PA,AEA,EN,Combined TRACON& Tower with Radar,0,3,19,0,22,0,0,53,1,54,0,3,72,1,76,112,0,112,188
01/02/2005,RDG,PA,AEA,EN,Combined TRACON& Tower with Radar,0,5,29,0,34,0,0,58,0,58,0,5,87,0,92,141,0,141,233
01/03/2005,RDG,PA,AEA,EN,Combined TRACON& Tower with Radar,0,10,19,0,29,0,0,8,0,8,0,10,27,0,37,12,0,12,49
01/04/2005,RDG,PA,AEA,EN,Combined TRACON& Tower with Radar,0,18,21,0,39,0,4,47,0,51,0,22,68,0,90,74,16,90,180
01/05/2005,RDG,PA,AEA,EN,Combined TRACON& Tower with Radar,0,19,20,0,39,0,1,4,0,5,0,20,24,0,44,6,0,6,50
01/06/2005,RDG,PA,AEA,EN,Combined TRACON& Tower with Radar,0,20,9,0,29,0,0,0,0,0,0,20,9,0,29,0,0,0,29
01/07/2005,RDG,PA,AEA,EN,Combined TRACON& Tower with Radar,0,14,24,6,44,0,3,96,0,99,0,17,120,6,143,130,8,138,281
01/08/2005,RDG,PA,AEA,EN,Combined TRACON& Tower with Radar,0,9,2,0,11,0,2,4,0,6,0,11,6,0,17,0,0,0,17
01/09/2005,RDG,PA,AEA,EN,Combined TRACON& Tower with Radar,0,1,28,0,29,0,0,76,0,76,0,1,104,0,105,148,0,148,253
01/10/2005,RDG,PA,AEA,EN,Combined TRACON& Tower with Radar,0,9,19,3,31,0,1,42,2,45,0,10,61,5,76,64,0,64,140
01/11/2005,RDG,PA,AEA,EN,Combined TRACON& Tower with Radar,0,18,19,0,37,0,1,40,1,42,0,19,59,1,79,74,6,80,159
01/12/2005,RDG,PA,AEA,EN,Combined TRACON& Tower with Radar,0,27,33,0,60,0,0,0,0,0,0,27,33,0,60,8,0,8,68
01/13/2005,RDG,PA,AEA,EN,Combined TRACON& Tower with Radar,0,23,14,0,37,0,1,0,0,1,0,24,14,0,38,0,0,0,38
01/14/2005,RDG,PA,AEA,EN,Combined TRACON& Tower with Radar,0,22,23,0,45,0,6,43,0,49,0,28,66,0,94,110,0,110,204
01/15/2005,RDG,PA,AEA,EN,Combined TRACON& Tower with Radar,0,7,46,0,53,0,3,143,0,146,0,10,189,0,199,224,0,224,423
01/16/2005,RDG,PA,AEA,EN,Combined TRACON& Tower with Radar,0,2,25,0,27,0,2,263,0,265,0,4,288,0,292,228,0,228,520
01/17/2005,RDG,PA,AEA,EN,Combined TRACON& Tower with Radar,0,9,30,0,39,0,3,62,0,65,0,12,92,0,104,128,0,128,232
01/18/2005,RDG,PA,AEA,EN,Combined TRACON& Tower with Radar,0,16,31,3,50,0,10,99,0,109,0,26,130,3,159,92,18,110,269
01/19/2005,RDG,PA,AEA,EN,Combined TRACON& Tower with Radar,0,18,29,0,47,0,1,5,0,6,0,19,34,0,53,18,0,18,71
01/20/2005,RDG,PA,AEA,EN,Combined TRACON& Tower with Radar,0,9,31,1,41,0,1,70,2,73,0,10,101,3,114,156,68,224,338
01/21/2005,RDG,PA,AEA,EN,Combined TRACON& Tower with Radar,0,13,16,0,29,0,10,117,0,127,0,23,133,0,156,116,0,116,272
01/22/2005,RDG,PA,AEA,EN,Combined TRACON& Tower with Radar,0,4,3,0,7,0,3,8,0,11,0,7,11,0,18,12,12,24,42
01/23/2005,RDG,PA,AEA,EN,Combined TRACON& Tower with Radar,0,2,6,0,8,0,3,2,0,5,0,5,8,0,13,0,0,0,13
01/24/2005,RDG,PA,AEA,EN,Combined TRACON& Tower with Radar,0,11,24,0,35,0,1,24,0,25,0,12,48,0,60,22,0,22,82
01/25/2005,RDG,PA,AEA,EN,Combined TRACON& Tower with Radar,0,20,41,8,69,0,1,69,2,72,0,21,110,10,141,72,18,90,231
01/26/2005,RDG,PA,AEA,EN,Combined TRACON& Tower with Radar,0,20,38,9,67,0,0,65,0,65,0,20,103,9,132,132,34,166,298
01/27/2005,RDG,PA,AEA,EN,Combined TRACON& Tower with Radar,0,14,45,8,67,0,2,81,10,93,0,16,126,18,160,192,0,192,352
01/28/2005,RDG,PA,AEA,EN,Combined TRACON& Tower with Radar,0,17,30,0,47,0,1,110,0,111,0,18,140,0,158,150,24,174,332
01/29/2005,RDG,PA,AEA,EN,Combined TRACON& Tower with Radar,0,5,61,0,66,0,9,120,0,129,0,14,181,0,195,178,0,178,373
01/30/2005,RDG,PA,AEA,EN,Combined TRACON& Tower with Radar,0,2,19,1,22,0,0,51,0,51,0,2,70,1,73,60,0,60,133
01/31/2005,RDG,PA,AEA,EN,Combined TRACON& Tower with Radar,0,7,25,4,36,0,4,101,0,105,0,11,126,4,141,162,0,162,303
02/01/2005,RDG,PA,AEA,EN,Combined TRACON& Tower with Radar,0,21,33,3,57,0,7,100,0,107,0,28,133,3,164,240,22,262,426
02/02/2005,RDG,PA,AEA,EN,Combined TRACON& Tower with Radar,0,23,45,5,73,0,3,134,5,142,0,26,179,10,215,218,0,218,433
02/03/2005,RDG,PA,AEA,EN,Combined TRACON& Tower with Radar,0,20,46,0,66,0,8,126,0,134,0,28,172,0,200,164,20,184,384
02/04/2005,RDG,PA,AEA,EN,Combined TRACON& Tower with Radar,0,17,73,0,90,0,15,121,0,136,0,32,194,0,226,249,0,249,475
02/05/2005,RDG,PA,AEA,EN,Combined TRACON& Tower with Radar,0,5,75,0,80,0,6,165,0,171,0,11,240,0,251,308,0,308,559
02/06/2005,RDG,PA,AEA,EN,Combined TRACON& Tower with Radar,0,2,25,0,27,0,3,135,0,138,0,5,160,0,165,184,0,184,349
02/07/2005,RDG,PA,AEA,EN,Combined TRACON& Tower with Radar,0,8,29,4,41,0,0,66,0,66,0,8,95,4,107,114,18,132,239
02/08/2005,RDG,PA,AEA,EN,Combined TRACON& Tower with Radar,0,25,26,3,54,0,5,102,3,110,0,30,128,6,164,124,0,124,288
02/09/2005,RDG,PA,AEA,EN,Combined TRACON& Tower with Radar,0,17,19,0,36,0,3,53,0,56,0,20,72,0,92,76,0,76,168
02/10/2005,RDG,PA,AEA,EN,Combined TRACON& Tower with Radar,0,15,20,0,35,0,2,31,0,33,0,17,51,0,68,88,0,88,156
02/11/2005,RDG,PA,AEA,EN,Combined TRACON& Tower with Radar,0,15,13,1,29,0,4,85,0,89,0,19,98,1,118,165,0,165,283
02/12/2005,RDG,PA,AEA,EN,Combined TRACON& Tower with Radar,0,7,22,0,29,0,5,77,2,84,0,12,99,2,113,176,0,176,289
02/13/2005,RDG,PA,AEA,EN,Combined TRACON& Tower with Radar,0,11,77,0,88,0,2,97,0,99,0,13,174,0,187,296,0,296,483
02/14/2005,RDG,PA,AEA,EN,Combined TRACON& Tower with Radar,0,7,13,0,20,0,0,3,0,3,0,7,16,0,23,0,0,0,23
02/15/2005,RDG,PA,AEA,EN,Combined TRACON& Tower with Radar,0,15,66,0,81,0,2,122,0,124,0,17,188,0,205,210,0,210,415
02/16/2005,RDG,PA,AEA,EN,Combined TRACON& Tower with Radar,0,15,27,8,50,0,8,26,0,34,0,23,53,8,84,36,0,36,120
02/17/2005,RDG,PA,AEA,EN,Combined TRACON& Tower with Radar,0,21,35,5,61,0,2,129,1,132,0,23,164,6,193,204,12,216,409
02/18/2005,RDG,PA,AEA,EN,Combined TRACON& Tower with Radar,0,21,45,0,66,0,4,106,0,110,0,25,151,0,176,128,16,144,320
02/19/2005,RDG,PA,AEA,EN,Combined TRACON& Tower with Radar,0,5,48,0,53,0,1,98,0,99,0,6,146,0,152,230,0,230,382
02/20/2005,RDG,PA,AEA,EN,Combined TRACON& Tower with Radar,0,3,96,0,99,0,3,71,0,74,0,6,167,0,173,228,0,228,401
02/21/2005,RDG,PA,AEA,EN,Combined TRACON& Tower with Radar,0,13,15,0,28,0,0,0,0,0,0,13,15,0,28,0,0,0,28
02/22/2005,RDG,PA,AEA,EN,Combined TRACON& Tower with Radar,0,16,37,0,53,0,1,78,0,79,0,17,115,0,132,158,0,158,290
02/23/2005,RDG,PA,AEA,EN,Combined TRACON& Tower with Radar,0,17,53,0,70,0,5,111,0,116,0,22,164,0,186,232,0,232,418
02/24/2005,RDG,PA,AEA,EN,Combined TRACON& Tower with Radar,0,13,24,0,37,0,2,13,0,15,0,15,37,0,52,34,0,34,86
02/25/2005,RDG,PA,AEA,EN,Combined TRACON& Tower with Radar,0,7,36,0,43,0,3,72,0,75,0,10,108,0,118,118,0,118,236
02/26/2005,RDG,PA,AEA,EN,Combined TRACON& Tower with Radar,0,8,30,0,38,0,0,74,0,74,0,8,104,0,112,164,0,164,276
02/27/2005,RDG,PA,AEA,EN,Combined TRACON& Tower with Radar,2,4,47,1,54,0,1,163,0,164,2,5,210,1,218,306,0,306,524
02/28/2005,RDG,PA,AEA,EN,Combined TRACON& Tower with Radar,0,9,7,0,16,0,0,2,0,2,0,9,9,0,18,0,0,0,18
03/01/2005,RDG,PA,AEA,EN,Combined TRACON& Tower with Radar,0,19,13,0,32,0,0,4,0,4,0,19,17,0,36,0,0,0,36
03/02/2005,RDG,PA,AEA,EN,Combined TRACON& Tower with Radar,0,18,16,2,36,0,3,33,0,36,0,21,49,2,72,66,8,74,146
03/03/2005,RDG,PA,AEA,EN,Combined TRACON& Tower with Radar,0,15,20,3,38,0,3,71,0,74,0,18,91,3,112,110,30,140,252
03/04/2005,RDG,PA,AEA,EN,Combined TRACON& Tower with Radar,0,9,38,4,51,0,9,81,0,90,0,18,119,4,141,128,10,138,279
03/05/2005,RDG,PA,AEA,EN,Combined TRACON& Tower with Radar,0,3,34,4,41,0,5,107,4,116,0,8,141,8,157,270,0,270,427
03/06/2005,RDG,PA,AEA,EN,Combined TRACON& Tower with Radar,2,2,42,0,46,0,2,87,1,90,2,4,129,1,136,194,0,194,330
03/07/2005,RDG,PA,AEA,EN,Combined TRACON& Tower with Radar,0,7,38,0,45,0,1,93,0,94,0,8,131,0,139,138,0,138,277
03/08/2005,RDG,PA,AEA,EN,Combined TRACON& Tower with Radar,0,14,13,0,27,0,0,0,0,0,0,14,13,0,27,0,0,0,27
03/09/2005,RDG,PA,AEA,EN,Combined TRACON& Tower with Radar,0,14,32,0,46,0,3,44,0,47,0,17,76,0,93,74,2,76,169
03/10/2005,RDG,PA,AEA,EN,Combined TRACON& Tower with Radar,0,17,49,4,70,0,2,84,0,86,0,19,133,4,156,194,14,208,364
03/11/2005,RDG,PA,AEA,EN,Combined TRACON& Tower with Radar,0,18,30,0,48,0,2,26,0,28,0,20,56,0,76,72,0,72,148
03/12/2005,RDG,PA,AEA,EN,Combined TRACON& Tower with Radar,0,8,59,0,67,0,1,81,0,82,0,9,140,0,149,206,0,206,355
03/13/2005,RDG,PA,AEA,EN,Combined TRACON& Tower with Radar,2,6,50,0,58,0,2,130,3,135,2,8,180,3,193,246,6,252,445
03/14/2005,RDG,PA,AEA,EN,Combined TRACON& Tower with Radar,0,10,34,2,46,0,2,100,2,104,0,12,134,4,150,172,0,172,322
03/15/2005,RDG,PA,AEA,EN,Combined TRACON& Tower with Radar,0,16,40,5,61,0,11,130,2,143,0,27,170,7,204,212,0,212,416
03/16/2005,RDG,PA,AEA,EN,Combined TRACON& Tower with Radar,0,14,44,1,59,0,4,91,0,95,0,18,135,1,154,180,2,182,336
03/17/2005,RDG,PA,AEA,EN,Combined TRACON& Tower with Radar,0,20,67,6,93,0,1,113,5,119,0,21,180,11,212,192,42,234,446
03/18/2005,RDG,PA,AEA,EN,Combined TRACON& Tower with Radar,0,14,69,18,101,0,16,118,5,139,0,30,187,23,240,236,16,252,492
03/19/2005,RDG,PA,AEA,EN,Combined TRACON& Tower with Radar,0,4,44,0,48,0,2,134,0,136,0,6,178,0,184,192,0,192,376
03/20/2005,RDG,PA,AEA,EN,Combined TRACON& Tower with Radar,0,0,16,0,16,0,0,2,0,2,0,0,18,0,18,0,0,0,18
03/21/2005,RDG,PA,AEA,EN,Combined TRACON& Tower with Radar,0,12,30,1,43,0,2,61,0,63,0,14,91,1,106,84,0,84,190
03/22/2005,RDG,PA,AEA,EN,Combined TRACON& Tower with Radar,0,7,28,3,38,0,0,143,0,143,0,7,171,3,181,196,14,210,391
03/23/2005,RDG,PA,AEA,EN,Combined TRACON& Tower with Radar,1,18,22,0,41,0,2,6,0,8,1,20,28,0,49,12,0,12,61
03/24/2005,RDG,PA,AEA,EN,Combined TRACON& Tower with Radar,0,19,39,0,58,0,3,93,2,98,0,22,132,2,156,126,4,130,286
03/25/2005,RDG,PA,AEA,EN,Combined TRACON& Tower with Radar,0,21,43,2,66,0,2,57,2,61,0,23,100,4,127,84,0,84,211
03/26/2005,RDG,PA,AEA,EN,Combined TRACON& Tower with Radar,0,4,46,0,50,0,1,135,0,136,0,5,181,0,186,222,0,222,408
03/27/2005,RDG,PA,AEA,EN,Combined TRACON& Tower with Radar,0,0,74,0,74,0,0,23,0,23,0,0,97,0,97,92,0,92,189
03/28/2005,RDG,PA,AEA,EN,Combined TRACON& Tower with Radar,0,13,22,0,35,0,0,0,0,0,0,13,22,0,35,0,0,0,35
03/29/2005,RDG,PA,AEA,EN,Combined TRACON& Tower with Radar,0,14,43,2,59,0,0,36,0,36,0,14,79,2,95,126,2,128,223
03/30/2005,RDG,PA,AEA,EN,Combined TRACON& Tower with Radar,0,24,52,4,80,0,2,141,0,143,0,26,193,4,223,266,2,268,491
03/31/2005,RDG,PA,AEA,EN,Combined TRACON& Tower with Radar,0,25,37,3,65,0,3,112,1,116,0,28,149,4,181,182,2,184,365
04/01/2005,RDG,PA,AEA,EN,Combined TRACON& Tower with Radar,0,20,38,3,61,0,4,125,3,132,0,24,163,6,193,138,4,142,335
04/02/2005,RDG,PA,AEA,EN,Combined TRACON& Tower with Radar,0,9,12,0,21,0,0,0,0,0,0,9,12,0,21,3,3,6,27
04/03/2005,RDG,PA,AEA,EN,Combined TRACON& Tower with Radar,1,3,24,0,28,0,1,36,0,37,1,4,60,0,65,44,0,44,109
04/04/2005,RDG,PA,AEA,EN,Combined TRACON& Tower with Radar,0,1,29,4,34,0,0,0,0,0,0,1,29,4,34,21,28,49,83
04/05/2005,RDG,PA,AEA,EN,Combined TRACON& Tower with Radar,0,9,52,4,65,0,9,123,0,132,0,18,175,4,197,264,44,308,505
04/06/2005,RDG,PA,AEA,EN,Combined TRACON& Tower with Radar,0,13,46,3,62,0,4,119,2,125,0,17,165,5,187,168,10,178,365
04/07/2005,RDG,PA,AEA,EN,Combined TRACON& Tower with Radar,0,17,33,2,52,0,4,63,2,69,0,21,96,4,121,108,4,112,233
04/08/2005,RDG,PA,AEA,EN,Combined TRACON& Tower with Radar,0,20,32,0,52,0,0,91,0,91,0,20,123,0,143,138,0,138,281
04/09/2005,RDG,PA,AEA,EN,Combined TRACON& Tower with Radar,0,4,35,0,39,0,2,171,0,173,0,6,206,0,212,228,0,228,440
04/10/2005,RDG,PA,AEA,EN,Combined TRACON& Tower with Radar,2,4,55,0,61,0,3,146,0,149,2,7,201,0,210,199,0,199,409
04/11/2005,RDG,PA,AEA,EN,Combined TRACON& Tower with Radar,0,8,36,1,45,0,1,73,2,76,0,9,109,3,121,164,14,178,299
04/12/2005,RDG,PA,AEA,EN,Combined TRACON& Tower with Radar,0,22,46,0,68,0,5,111,0,116,0,27,157,0,184,186,0,186,370
04/13/2005,RDG,PA,AEA,EN,Combined TRACON& Tower with Radar,0,18,44,4,66,0,9,172,2,183,0,27,216,6,249,188,6,194,443
04/14/2005,RDG,PA,AEA,EN,Combined TRACON& Tower with Radar,0,16,73,8,97,0,6,119,0,125,0,22,192,8,222,277,20,297,519
04/15/2005,RDG,PA,AEA,EN,Combined TRACON& Tower with Radar,0,16,19,2,37,0,5,71,0,76,0,21,90,2,113,88,2,90,203
04/16/2005,RDG,PA,AEA,EN,Combined TRACON& Tower with Radar,0,3,39,1,43,1,4,132,5,142,1,7,171,6,185,148,0,148,333
04/17/2005,RDG,PA,AEA,EN,Combined TRACON& Tower with Radar,2,1,41,0,44,0,12,155,0,167,2,13,196,0,211,238,0,238,449
04/18/2005,RDG,PA,AEA,EN,Combined TRACON& Tower with Radar,0,12,50,0,62,0,7,109,0,116,0,19,159,0,178,148,0,148,326
04/19/2005,RDG,PA,AEA,EN,Combined TRACON& Tower with Radar,1,21,53,0,75,0,2,94,0,96,1,23,147,0,171,166,0,166,337
04/20/2005,RDG,PA,AEA,EN,Combined TRACON& Tower with Radar,0,11,73,13,97,0,0,93,2,95,0,11,166,15,192,210,10,220,412
04/21/2005,RDG,PA,AEA,EN,Combined TRACON& Tower with Radar,0,16,60,6,82,0,7,111,0,118,0,23,171,6,200,192,56,248,448
04/22/2005,RDG,PA,AEA,EN,Combined TRACON& Tower with Radar,0,15,2,0,17,0,64,0,0,64,0,79,2,0,81,70,0,70,151
04/23/2005,RDG,PA,AEA,EN,Combined TRACON& Tower with Radar,0,10,13,0,23,0,2,6,0,8,0,12,19,0,31,0,0,0,31
04/24/2005,RDG,PA,AEA,EN,Combined TRACON& Tower with Radar,2,0,39,0,41,0,0,27,0,27,2,0,66,0,68,42,0,42,110
04/25/2005,RDG,PA,AEA,EN,Combined TRACON& Tower with Radar,0,11,39,1,51,0,2,101,0,103,0,13,140,1,154,200,12,212,366
04/26/2005,RDG,PA,AEA,EN,Combined TRACON& Tower with Radar,0,15,41,13,69,0,3,92,4,99,0,18,133,17,168,174,14,188,356
04/27/2005,RDG,PA,AEA,EN,Combined TRACON& Tower with Radar,0,19,22,10,51,0,3,47,6,56,0,22,69,16,107,102,2,104,211
04/28/2005,RDG,PA,AEA,EN,Combined TRACON& Tower with Radar,0,15,40,1,56,0,7,93,0,100,0,22,133,1,156,106,8,114,270
04/29/2005,RDG,PA,AEA,EN,Combined TRACON& Tower with Radar,0,13,37,0,50,0,4,90,0,94,0,17,127,0,144,172,0,172,316
04/30/2005,RDG,PA,AEA,EN,Combined TRACON& Tower with Radar,0,7,0,0,7,0,0,24,0,24,0,7,24,0,31,0,0,0,31
05/01/2005,RDG,PA,AEA,EN,Combined TRACON& Tower with Radar,2,1,45,0,48,0,1,74,0,75,2,2,119,0,123,178,0,178,301
05/02/2005,RDG,PA,AEA,EN,Combined TRACON& Tower with Radar,0,10,33,7,50,0,1,79,6,86,0,11,112,13,136,124,30,154,290
05/03/2005,RDG,PA,AEA,EN,Combined TRACON& Tower with Radar,0,20,84,8,112,0,4,107,10,121,0,24,191,18,233,254,8,262,495
05/04/2005,RDG,PA,AEA,EN,Combined TRACON& Tower with Radar,0,11,39,11,61,0,5,108,27,140,0,16,147,38,201,238,48,286,487
05/05/2005,RDG,PA,AEA,EN,Combined TRACON& Tower with Radar,0,9,37,0,46,0,7,108,0,115,0,16,145,0,161,208,0,208,369
05/06/2005,RDG,PA,AEA,EN,Combined TRACON& Tower with Radar,0,9,28,2,39,0,6,109,0,115,0,15,137,2,154,152,6,158,312
05/07/2005,RDG,PA,AEA,EN,Combined TRACON& Tower with Radar,0,8,33,0,41,0,0,105,0,105,0,8,138,0,146,164,0,164,310
05/08/2005,RDG,PA,AEA,EN,Combined TRACON& Tower with Radar,0,1,19,0,20,0,0,85,0,85,0,1,104,0,105,82,0,82,187
05/09/2005,RDG,PA,AEA,EN,Combined TRACON& Tower with Radar,0,13,66,1,80,0,6,175,0,181,0,19,241,1,261,228,2,230,491
05/10/2005,RDG,PA,AEA,EN,Combined TRACON& Tower with Radar,0,27,27,0,54,0,7,147,0,154,0,34,174,0,208,302,0,302,510
05/11/2005,RDG,PA,AEA,EN,Combined TRACON& Tower with Radar,0,17,61,0,78,0,9,120,0,129,0,26,181,0,207,210,0,210,417
05/12/2005,RDG,PA,AEA,EN,Combined TRACON& Tower with Radar,0,10,23,5,38,0,6,94,2,102,0,16,117,7,140,154,18,172,312
05/13/2005,RDG,PA,AEA,EN,Combined TRACON& Tower with Radar,0,13,48,0,61,0,6,140,1,147,0,19,188,1,208,206,0,206,414
05/14/2005,RDG,PA,AEA,EN,Combined TRACON& Tower with Radar,0,9,72,0,81,0,1,87,0,88,0,10,159,0,169,205,0,205,374
05/15/2005,RDG,PA,AEA,EN,Combined TRACON& Tower with Radar,0,7,49,0,56,0,3,85,2,90,0,10,134,2,146,136,0,136,282
05/16/2005,RDG,PA,AEA,EN,Combined TRACON& Tower with Radar,0,13,56,13,82,0,5,130,9,144,0,18,186,22,226,200,78,278,504
05/17/2005,RDG,PA,AEA,EN,Combined TRACON& Tower with Radar,0,9,41,18,68,0,6,112,0,118,0,15,153,18,186,178,28,206,392
05/18/2005,RDG,PA,AEA,EN,Combined TRACON& Tower with Radar,0,13,41,0,54,0,3,114,2,119,0,16,155,2,173,220,0,220,393
05/19/2005,RDG,PA,AEA,EN,Combined TRACON& Tower with Radar,0,12,34,1,47,0,9,133,4,146,0,21,167,5,193,262,0,262,455
05/20/2005,RDG,PA,AEA,EN,Combined TRACON& Tower with Radar,0,10,46,0,56,0,7,13,0,20,0,17,59,0,76,32,0,32,108
05/21/2005,RDG,PA,AEA,EN,Combined TRACON& Tower with Radar,0,6,46,0,52,0,2,116,0,118,0,8,162,0,170,246,0,246,416
05/22/2005,RDG,PA,AEA,EN,Combined TRACON& Tower with Radar,0,4,44,0,48,0,0,121,0,121,0,4,165,0,169,250,0,250,419
05/23/2005,RDG,PA,AEA,EN,Combined TRACON& Tower with Radar,0,14,37,3,54,0,6,101,5,112,0,20,138,8,166,182,52,234,400
05/24/2005,RDG,PA,AEA,EN,Combined TRACON& Tower with Radar,0,21,37,1,59,0,3,69,1,73,0,24,106,2,132,60,0,60,192
05/25/2005,RDG,PA,AEA,EN,Combined TRACON& Tower with Radar,0,18,33,0,51,0,1,29,0,30,0,19,62,0,81,54,0,54,135
05/26/2005,RDG,PA,AEA,EN,Combined TRACON& Tower with Radar,0,19,114,0,133,0,3,65,0,68,0,22,179,0,201,200,14,214,415
05/27/2005,RDG,PA,AEA,EN,Combined TRACON& Tower with Radar,0,16,59,0,75,0,3,127,1,131,0,19,186,1,206,292,0,292,498
05/28/2005,RDG,PA,AEA,EN,Combined TRACON& Tower with Radar,0,14,47,0,61,0,0,83,0,83,0,14,130,0,144,138,0,138,282
05/29/2005,RDG,PA,AEA,EN,Combined TRACON& Tower with Radar,1,0,35,0,36,0,3,99,0,102,1,3,134,0,138,156,0,156,294
05/30/2005,RDG,PA,AEA,EN,Combined TRACON& Tower with Radar,0,1,55,0,56,0,2,157,0,159,0,3,212,0,215,196,0,196,411
05/31/2005,RDG,PA,AEA,EN,Combined TRACON& Tower with Radar,0,6,34,8,48,0,6,127,2,135,0,12,161,10,183,190,8,198,381
06/01/2005,RDG,PA,AEA,EN,Combined TRACON& Tower with Radar,0,18,42,4,64,0,4,100,0,104,0,22,142,4,168,20,210,230,398
06/02/2005,RDG,PA,AEA,EN,Combined TRACON& Tower with Radar,0,14,42,2,58,0,1,118,15,134,0,15,160,17,192,262,36,298,490
06/03/2005,RDG,PA,AEA,EN,Combined TRACON& Tower with Radar,0,13,36,1,50,0,3,6,0,9,0,16,42,1,59,14,0,14,73
06/04/2005,RDG,PA,AEA,EN,Combined TRACON& Tower with Radar,0,8,41,2,51,0,0,96,31,127,0,8,137,33,178,278,4,282,460
06/05/2005,RDG,PA,AEA,EN,Combined TRACON& Tower with Radar,2,5,26,0,33,0,0,552,36,588,2,5,578,36,621,36,148,184,805
06/06/2005,RDG,PA,AEA,EN,Combined TRACON& Tower with Radar,0,9,36,3,48,0,1,26,0,27,0,10,62,3,75,34,2,36,111
06/07/2005,RDG,PA,AEA,EN,Combined TRACON& Tower with Radar,0,8,53,2,63,0,0,113,0,113,0,8,166,2,176,220,0,220,396
06/08/2005,RDG,PA,AEA,EN,Combined TRACON& Tower with Radar,0,10,60,3,73,0,6,135,2,143,0,16,195,5,216,316,28,344,560
06/09/2005,RDG,PA,AEA,EN,Combined TRACON& Tower with Radar,0,24,54,0,78,0,7,109,0,116,0,31,163,0,194,198,4,202,396
06/10/2005,RDG,PA,AEA,EN,Combined TRACON& Tower with Radar,0,13,64,2,79,0,0,198,1,199,0,13,262,3,278,144,0,144,422
06/11/2005,RDG,PA,AEA,EN,Combined TRACON& Tower with Radar,0,9,45,2,56,0,2,53,6,61,0,11,98,8,117,52,6,58,175
06/12/2005,RDG,PA,AEA,EN,Combined TRACON& Tower with Radar,2,0,52,0,54,0,6,131,2,139,2,6,183,2,193,230,10,240,433
06/13/2005,RDG,PA,AEA,EN,Combined TRACON& Tower with Radar,0,11,33,3,47,0,2,59,1,62,0,13,92,4,109,112,0,112,221
06/14/2005,RDG,PA,AEA,EN,Combined TRACON& Tower with Radar,0,16,25,4,45,0,11,112,2,125,0,27,137,6,170,166,0,166,336
06/15/2005,RDG,PA,AEA,EN,Combined TRACON& Tower with Radar,0,15,67,8,90,0,7,126,2,135,0,22,193,10,225,214,22,236,461
06/16/2005,RDG,PA,AEA,EN,Combined TRACON& Tower with Radar,0,19,47,5,71,0,9,89,0,98,0,28,136,5,169,184,2,186,355
06/17/2005,RDG,PA,AEA,EN,Combined TRACON& Tower with Radar,0,22,49,16,87,0,1,120,2,123,0,23,169,18,210,262,44,306,516
06/18/2005,RDG,PA,AEA,EN,Combined TRACON& Tower with Radar,0,9,31,1,41,0,0,122,2,124,0,9,153,3,165,162,0,162,327
06/19/2005,RDG,PA,AEA,EN,Combined TRACON& Tower with Radar,0,1,38,0,39,0,2,76,0,78,0,3,114,0,117,128,0,128,245
06/20/2005,RDG,PA,AEA,EN,Combined TRACON& Tower with Radar,0,12,37,0,49,0,3,119,0,122,0,15,156,0,171,216,0,216,387
06/21/2005,RDG,PA,AEA,EN,Combined TRACON& Tower with Radar,0,17,44,0,61,0,6,109,0,115,0,23,153,0,176,224,0,224,400
06/22/2005,RDG,PA,AEA,EN,Combined TRACON& Tower with Radar,0,9,42,0,51,0,9,86,0,95,0,18,128,0,146,172,0,172,318
06/23/2005,RDG,PA,AEA,EN,Combined TRACON& Tower with Radar,0,20,63,6,89,0,14,151,0,165,0,34,214,6,254,306,12,318,572
06/24/2005,RDG,PA,AEA,EN,Combined TRACON& Tower with Radar,0,10,56,20,86,0,6,131,3,140,0,16,187,23,226,210,26,236,462
06/25/2005,RDG,PA,AEA,EN,Combined TRACON& Tower with Radar,0,5,52,0,57,0,2,149,0,151,0,7,201,0,208,244,0,244,452
06/26/2005,RDG,PA,AEA,EN,Combined TRACON& Tower with Radar,0,4,48,0,52,0,0,130,0,130,0,4,178,0,182,264,0,264,446
06/27/2005,RDG,PA,AEA,EN,Combined TRACON& Tower with Radar,0,10,32,17,59,0,1,25,9,35,0,11,57,26,94,50,62,112,206
06/28/2005,RDG,PA,AEA,EN,Combined TRACON& Tower with Radar,0,21,46,0,67,0,1,97,0,98,0,22,143,0,165,142,0,142,307
06/29/2005,RDG,PA,AEA,EN,Combined TRACON& Tower with Radar,0,19,33,0,52,0,2,53,0,55,0,21,86,0,107,52,0,52,159
06/30/2005,RDG,PA,AEA,EN,Combined TRACON& Tower with Radar,0,13,45,3,61,0,1,73,0,74,0,14,118,3,135,150,6,156,291
07/01/2005,RDG,PA,AEA,EN,Combined TRACON& Tower with Radar,0,14,32,0,46,0,3,52,5,60,0,17,84,5,106,36,14,50,156
07/02/2005,RDG,PA,AEA,EN,Combined TRACON& Tower with Radar,0,4,46,0,50,0,3,97,0,100,0,7,143,0,150,182,0,182,332
07/03/2005,RDG,PA,AEA,EN,Combined TRACON& Tower with Radar,0,0,17,0,17,0,1,126,0,127,0,1,143,0,144,216,0,216,360
07/04/2005,RDG,PA,AEA,EN,Combined TRACON& Tower with Radar,0,1,57,0,58,0,2,104,0,106,0,3,161,0,164,174,0,174,338
07/05/2005,RDG,PA,AEA,EN,Combined TRACON& Tower with Radar,0,16,33,0,49,0,2,52,0,54,0,18,85,0,103,76,0,76,179
07/06/2005,RDG,PA,AEA,EN,Combined TRACON& Tower with Radar,0,19,37,0,56,0,4,102,0,106,0,23,139,0,162,198,0,198,360
07/07/2005,RDG,PA,AEA,EN,Combined TRACON& Tower with Radar,2,21,35,0,58,0,4,41,0,45,2,25,76,0,103,80,0,80,183
07/08/2005,RDG,PA,AEA,EN,Combined TRACON& Tower with Radar,0,21,26,0,47,0,2,31,0,33,0,23,57,0,80,82,0,82,162
07/09/2005,RDG,PA,AEA,EN,Combined TRACON& Tower with Radar,0,10,38,0,48,0,1,109,1,111,0,11,147,1,159,284,2,286,445
07/10/2005,RDG,PA,AEA,EN,Combined TRACON& Tower with Radar,2,1,66,0,69,0,1,173,0,174,2,2,239,0,243,324,0,324,567
07/11/2005,RDG,PA,AEA,EN,Combined TRACON& Tower with Radar,0,6,57,0,63,0,4,134,0,138,0,10,191,0,201,270,0,270,471
07/12/2005,RDG,PA,AEA,EN,Combined TRACON& Tower with Radar,0,21,39,3,63,0,4,114,0,118,0,25,153,3,181,240,10,250,431
07/13/2005,RDG,PA,AEA,EN,Combined TRACON& Tower with Radar,0,22,51,0,73,0,2,83,0,85,0,24,134,0,158,122,0,122,280
07/14/2005,RDG,PA,AEA,EN,Combined TRACON& Tower with Radar,0,25,41,4,70,0,2,30,0,32,0,27,71,4,102,74,0,74,176
07/15/2005,RDG,PA,AEA,EN,Combined TRACON& Tower with Radar,0,17,37,0,54,0,2,48,0,50,0,19,85,0,104,52,0,52,156
07/16/2005,RDG,PA,AEA,EN,Combined TRACON& Tower with Radar,0,11,21,0,32,0,0,0,0,0,0,11,21,0,32,0,0,0,32
07/17/2005,RDG,PA,AEA,EN,Combined TRACON& Tower with Radar,1,9,28,0,38,0,0,5,0,5,1,9,33,0,43,0,0,0,43
07/18/2005,RDG,PA,AEA,EN,Combined TRACON& Tower with Radar,0,9,74,2,85,0,0,35,2,37,0,9,109,4,122,152,4,156,278
07/19/2005,RDG,PA,AEA,EN,Combined TRACON& Tower with Radar,0,12,42,3,57,0,2,73,0,75,0,14,115,3,132,134,6,140,272
07/20/2005,RDG,PA,AEA,EN,Combined TRACON& Tower with Radar,0,13,53,0,66,0,3,127,0,130,0,16,180,0,196,212,0,212,408
07/21/2005,RDG,PA,AEA,EN,Combined TRACON& Tower with Radar,0,10,49,0,59,0,10,126,2,138,0,20,175,2,197,156,0,156,353
07/22/2005,RDG,PA,AEA,EN,Combined TRACON& Tower with Radar,0,13,38,2,53,0,4,119,0,123,0,17,157,2,176,212,14,226,402
07/23/2005,RDG,PA,AEA,EN,Combined TRACON& Tower with Radar,0,3,49,0,52,0,4,132,0,136,0,7,181,0,188,320,0,320,508
07/24/2005,RDG,PA,AEA,EN,Combined TRACON& Tower with Radar,2,3,44,0,49,0,1,207,0,208,2,4,251,0,257,254,0,254,511
07/25/2005,RDG,PA,AEA,EN,Combined TRACON& Tower with Radar,0,7,46,0,53,0,4,109,0,113,0,11,155,0,166,142,0,142,308
07/26/2005,RDG,PA,AEA,EN,Combined TRACON& Tower with Radar,0,15,38,11,64,0,5,126,7,138,0,20,164,18,202,218,34,252,454
07/27/2005,RDG,PA,AEA,EN,Combined TRACON& Tower with Radar,0,19,39,3,61,0,6,70,0,76,0,25,109,3,137,126,6,132,269
07/28/2005,RDG,PA,AEA,EN,Combined TRACON& Tower with Radar,0,18,69,0,87,0,3,126,0,129,0,21,195,0,216,298,0,298,514
07/29/2005,RDG,PA,AEA,EN,Combined TRACON& Tower with Radar,0,21,38,0,59,0,7,116,0,123,0,28,154,0,182,270,0,270,452
07/30/2005,RDG,PA,AEA,EN,Combined TRACON& Tower with Radar,0,18,56,0,74,0,2,116,0,118,0,20,172,0,192,250,0,250,442
07/31/2005,RDG,PA,AEA,EN,Combined TRACON& Tower with Radar,0,4,58,0,62,0,0,119,0,119,0,4,177,0,181,224,0,224,405
08/01/2005,RDG,PA,AEA,EN,Combined TRACON& Tower with Radar,0,9,44,0,53,0,3,95,0,98,0,12,139,0,151,172,0,172,323
08/02/2005,RDG,PA,AEA,EN,Combined TRACON& Tower with Radar,0,9,39,1,49,0,8,96,1,105,0,17,135,2,154,186,2,188,342
08/03/2005,RDG,PA,AEA,EN,Combined TRACON& Tower with Radar,0,13,47,14,74,0,6,136,0,142,0,19,183,14,216,224,14,238,454
08/04/2005,RDG,PA,AEA,EN,Combined TRACON& Tower with Radar,0,14,49,4,67,0,5,148,2,155,0,19,197,6,222,264,12,276,498
08/05/2005,RDG,PA,AEA,EN,Combined TRACON& Tower with Radar,0,19,42,0,61,0,3,83,0,86,0,22,125,0,147,2,156,158,305
08/06/2005,RDG,PA,AEA,EN,Combined TRACON& Tower with Radar,0,6,21,0,27,0,12,167,3,182,0,18,188,3,209,232,0,232,441
08/07/2005,RDG,PA,AEA,EN,Combined TRACON& Tower with Radar,0,5,58,1,64,0,1,50,0,51,0,6,108,1,115,106,0,106,221
08/08/2005,RDG,PA,AEA,EN,Combined TRACON& Tower with Radar,0,8,21,2,31,0,0,35,1,36,0,8,56,3,67,28,8,36,103
08/09/2005,RDG,PA,AEA,EN,Combined TRACON& Tower with Radar,0,16,32,5,53,0,5,53,11,69,0,21,85,16,122,124,12,136,258
08/10/2005,RDG,PA,AEA,EN,Combined TRACON& Tower with Radar,0,15,39,0,54,0,6,81,0,87,0,21,120,0,141,254,0,254,395
08/11/2005,RDG,PA,AEA,EN,Combined TRACON& Tower with Radar,0,11,44,4,59,0,16,99,1,116,0,27,143,5,175,248,0,248,423
08/12/2005,RDG,PA,AEA,EN,Combined TRACON& Tower with Radar,0,26,44,0,70,0,0,101,0,101,0,26,145,0,171,154,0,154,325
08/13/2005,RDG,PA,AEA,EN,Combined TRACON& Tower with Radar,0,8,47,0,55,0,2,72,0,74,0,10,119,0,129,110,0,110,239
08/14/2005,RDG,PA,AEA,EN,Combined TRACON& Tower with Radar,0,0,36,0,36,0,1,59,0,60,0,1,95,0,96,118,0,118,214
08/15/2005,RDG,PA,AEA,EN,Combined TRACON& Tower with Radar,0,10,31,2,43,0,4,113,0,117,0,14,144,2,160,204,0,204,364
08/16/2005,RDG,PA,AEA,EN,Combined TRACON& Tower with Radar,0,18,49,0,67,0,2,10,0,12,0,20,59,0,79,96,0,96,175
08/17/2005,RDG,PA,AEA,EN,Combined TRACON& Tower with Radar,0,26,39,2,67,0,5,150,8,163,0,31,189,10,230,246,4,250,480
08/18/2005,RDG,PA,AEA,EN,Combined TRACON& Tower with Radar,0,17,39,5,61,0,11,162,0,173,0,28,201,5,234,272,16,288,522
08/19/2005,RDG,PA,AEA,EN,Combined TRACON& Tower with Radar,0,12,37,1,50,0,8,55,0,63,0,20,92,1,113,92,0,92,205
08/20/2005,RDG,PA,AEA,EN,Combined TRACON& Tower with Radar,0,4,58,0,62,0,0,43,0,43,0,4,101,0,105,98,0,98,203
08/21/2005,RDG,PA,AEA,EN,Combined TRACON& Tower with Radar,0,1,64,0,65,0,1,105,0,106,0,2,169,0,171,200,0,200,371
08/22/2005,RDG,PA,AEA,EN,Combined TRACON& Tower with Radar,0,9,53,0,62,0,10,139,0,149,0,19,192,0,211,264,0,264,475
08/23/2005,RDG,PA,AEA,EN,Combined TRACON& Tower with Radar,0,15,50,4,69,0,0,156,0,156,0,15,206,4,225,326,10,336,561
08/24/2005,RDG,PA,AEA,EN,Combined TRACON& Tower with Radar,0,13,55,8,76,0,11,176,11,198,0,24,231,19,274,324,28,352,626
08/25/2005,RDG,PA,AEA,EN,Combined TRACON& Tower with Radar,0,12,75,24,111,0,15,164,8,187,0,27,239,32,298,302,42,344,642
08/26/2005,RDG,PA,AEA,EN,Combined TRACON& Tower with Radar,0,13,60,2,75,0,5,115,0,120,0,18,175,2,195,182,10,192,387
08/27/2005,RDG,PA,AEA,EN,Combined TRACON& Tower with Radar,0,8,39,0,47,0,1,79,0,80,0,9,118,0,127,166,0,166,293
08/28/2005,RDG,PA,AEA,EN,Combined TRACON& Tower with Radar,0,4,57,0,61,0,0,26,0,26,0,4,83,0,87,72,0,72,159
08/29/2005,RDG,PA,AEA,EN,Combined TRACON& Tower with Radar,0,7,41,2,50,0,6,24,4,34,0,13,65,6,84,80,26,106,190
08/30/2005,RDG,PA,AEA,EN,Combined TRACON& Tower with Radar,0,16,37,0,53,0,0,33,0,33,0,16,70,0,86,92,0,92,178
08/31/2005,RDG,PA,AEA,EN,Combined TRACON& Tower with Radar,0,14,18,1,33,0,3,21,0,24,0,17,39,1,57,12,0,12,69
09/01/2005,RDG,PA,AEA,EN,Combined TRACON& Tower with Radar,0,14,51,2,67,0,6,139,2,147,0,20,190,4,214,318,8,326,540
09/02/2005,RDG,PA,AEA,EN,Combined TRACON& Tower with Radar,0,8,42,0,50,0,8,107,0,115,0,16,149,0,165,244,0,244,409
09/03/2005,RDG,PA,AEA,EN,Combined TRACON& Tower with Radar,0,3,57,0,60,0,3,121,0,124,0,6,178,0,184,230,0,230,414
09/04/2005,RDG,PA,AEA,EN,Combined TRACON& Tower with Radar,0,0,2,0,2,0,181,0,0,181,0,181,2,0,183,208,0,208,391
09/05/2005,RDG,PA,AEA,EN,Combined TRACON& Tower with Radar,0,3,37,0,40,0,1,125,0,126,0,4,162,0,166,260,0,260,426
09/06/2005,RDG,PA,AEA,EN,Combined TRACON& Tower with Radar,0,12,56,4,72,0,7,150,2,159,0,19,206,6,231,280,20,300,531
09/07/2005,RDG,PA,AEA,EN,Combined TRACON& Tower with Radar,0,18,62,0,80,0,9,127,0,136,0,27,189,0,216,306,0,306,522
09/08/2005,RDG,PA,AEA,EN,Combined TRACON& Tower with Radar,0,12,67,0,79,0,16,150,0,166,0,28,217,0,245,288,0,288,533
09/09/2005,RDG,PA,AEA,EN,Combined TRACON& Tower with Radar,0,15,55,0,70,0,7,101,1,109,0,22,156,1,179,190,0,190,369
09/10/2005,RDG,PA,AEA,EN,Combined TRACON& Tower with Radar,0,6,40,0,46,0,4,110,0,114,0,10,150,0,160,236,0,236,396
09/11/2005,RDG,PA,AEA,EN,Combined TRACON& Tower with Radar,0,4,49,0,53,0,3,111,0,114,0,7,160,0,167,242,0,242,409
09/12/2005,RDG,PA,AEA,EN,Combined TRACON& Tower with Radar,0,18,33,0,51,0,2,111,2,115,0,20,144,2,166,194,6,200,366
09/13/2005,RDG,PA,AEA,EN,Combined TRACON& Tower with Radar,0,13,53,0,66,0,10,115,0,125,0,23,168,0,191,246,0,246,437
09/14/2005,RDG,PA,AEA,EN,Combined TRACON& Tower with Radar,0,19,115,5,139,0,6,0,2,8,0,25,115,7,147,96,0,96,243
09/15/2005,RDG,PA,AEA,EN,Combined TRACON& Tower with Radar,0,22,60,5,87,0,5,67,5,77,0,27,127,10,164,140,24,164,328
09/16/2005,RDG,PA,AEA,EN,Combined TRACON& Tower with Radar,0,21,71,2,94,0,9,85,1,95,0,30,156,3,189,232,6,238,427
09/17/2005,RDG,PA,AEA,EN,Combined TRACON& Tower with Radar,0,8,44,0,52,0,0,54,0,54,0,8,98,0,106,84,0,84,190
09/18/2005,RDG,PA,AEA,EN,Combined TRACON& Tower with Radar,0,12,54,0,66,0,3,127,2,132,0,15,181,2,198,358,0,358,556
09/19/2005,RDG,PA,AEA,EN,Combined TRACON& Tower with Radar,0,11,70,2,83,0,5,120,4,129,0,16,190,6,212,272,2,274,486
09/20/2005,RDG,PA,AEA,EN,Combined TRACON& Tower with Radar,0,11,57,0,68,0,1,70,0,71,0,12,127,0,139,148,0,148,287
09/21/2005,RDG,PA,AEA,EN,Combined TRACON& Tower with Radar,0,18,37,1,56,0,5,124,0,129,0,23,161,1,185,210,0,210,395
09/22/2005,RDG,PA,AEA,EN,Combined TRACON& Tower with Radar,0,17,51,0,68,0,0,124,0,124,0,17,175,0,192,184,0,184,376
09/23/2005,RDG,PA,AEA,EN,Combined TRACON& Tower with Radar,0,23,61,8,92,0,3,114,1,118,0,26,175,9,210,254,38,292,502
09/24/2005,RDG,PA,AEA,EN,Combined TRACON& Tower with Radar,2,7,33,0,42,0,0,98,0,98,2,7,131,0,140,200,0,200,340
09/25/2005,RDG,PA,AEA,EN,Combined TRACON& Tower with Radar,0,7,53,0,60,0,2,122,0,124,0,9,175,0,184,246,0,246,430
09/26/2005,RDG,PA,AEA,EN,Combined TRACON& Tower with Radar,0,13,31,0,44,0,0,37,0,37,0,13,68,0,81,70,0,70,151
09/27/2005,RDG,PA,AEA,EN,Combined TRACON& Tower with Radar,0,17,48,0,65,0,3,127,0,130,0,20,175,0,195,250,0,250,445
09/28/2005,RDG,PA,AEA,EN,Combined TRACON& Tower with Radar,0,15,54,7,76,0,7,140,4,151,0,22,194,11,227,324,16,340,567
09/29/2005,RDG,PA,AEA,EN,Combined TRACON& Tower with Radar,0,16,13,8,37,0,0,42,1,43,0,16,55,9,80,42,12,54,134
09/30/2005,RDG,PA,AEA,EN,Combined TRACON& Tower with Radar,0,16,35,1,52,0,6,140,0,146,0,22,175,1,198,242,26,268,466
10/01/2005,RDG,PA,AEA,EN,Combined TRACON& Tower with Radar,2,9,52,3,66,0,5,143,5,153,2,14,195,8,219,276,14,290,509
10/02/2005,RDG,PA,AEA,EN,Combined TRACON& Tower with Radar,1,4,60,0,65,0,1,162,0,163,1,5,222,0,228,318,0,318,546
10/03/2005,RDG,PA,AEA,EN,Combined TRACON& Tower with Radar,0,9,29,2,40,0,0,130,2,132,0,9,159,4,172,184,0,184,356
10/04/2005,RDG,PA,AEA,EN,Combined TRACON& Tower with Radar,0,8,48,0,56,0,5,70,0,75,0,13,118,0,131,168,6,174,305
10/05/2005,RDG,PA,AEA,EN,Combined TRACON& Tower with Radar,0,12,58,4,74,0,7,91,0,98,0,19,149,4,172,146,0,146,318
10/06/2005,RDG,PA,AEA,EN,Combined TRACON& Tower with Radar,0,24,52,0,76,0,1,48,0,49,0,25,100,0,125,96,0,96,221
10/07/2005,RDG,PA,AEA,EN,Combined TRACON& Tower with Radar,0,18,41,0,59,0,3,3,0,6,0,21,44,0,65,0,0,0,65
10/08/2005,RDG,PA,AEA,EN,Combined TRACON& Tower with Radar,0,15,19,0,34,0,1,0,0,1,0,16,19,0,35,0,0,0,35
10/09/2005,RDG,PA,AEA,EN,Combined TRACON& Tower with Radar,2,5,37,0,44,0,21,0,0,21,2,26,37,0,65,26,0,26,91
10/10/2005,RDG,PA,AEA,EN,Combined TRACON& Tower with Radar,0,8,39,0,47,0,2,16,0,18,0,10,55,0,65,92,0,92,157
10/11/2005,RDG,PA,AEA,EN,Combined TRACON& Tower with Radar,0,13,36,0,49,0,1,30,0,31,0,14,66,0,80,90,0,90,170
10/12/2005,RDG,PA,AEA,EN,Combined TRACON& Tower with Radar,0,17,65,1,83,0,0,8,1,9,0,17,73,2,92,18,0,18,110
10/13/2005,RDG,PA,AEA,EN,Combined TRACON& Tower with Radar,0,31,45,2,78,0,0,5,0,5,0,31,50,2,83,0,0,0,83
10/14/2005,RDG,PA,AEA,EN,Combined TRACON& Tower with Radar,0,23,40,5,68,0,2,16,0,18,0,25,56,5,86,56,4,60,146
10/15/2005,RDG,PA,AEA,EN,Combined TRACON& Tower with Radar,0,9,41,1,51,0,7,115,0,122,0,16,156,1,173,204,0,204,377
10/16/2005,RDG,PA,AEA,EN,Combined TRACON& Tower with Radar,0,2,19,0,21,0,2,47,0,49,0,4,66,0,70,40,0,40,110
10/17/2005,RDG,PA,AEA,EN,Combined TRACON& Tower with Radar,0,10,51,0,61,0,5,194,0,199,0,15,245,0,260,204,0,204,464
10/18/2005,RDG,PA,AEA,EN,Combined TRACON& Tower with Radar,0,21,34,0,55,0,2,131,4,137,0,23,165,4,192,190,0,190,382
10/19/2005,RDG,PA,AEA,EN,Combined TRACON& Tower with Radar,0,16,38,0,54,0,3,140,0,143,0,19,178,0,197,272,2,274,471
10/20/2005,RDG,PA,AEA,EN,Combined TRACON& Tower with Radar,0,21,50,8,79,0,7,119,6,132,0,28,169,14,211,208,48,256,467
10/21/2005,RDG,PA,AEA,EN,Combined TRACON& Tower with Radar,0,23,42,10,75,0,4,29,0,33,0,27,71,10,108,56,0,56,164
10/22/2005,RDG,PA,AEA,EN,Combined TRACON& Tower with Radar,0,15,33,0,48,0,2,3,0,5,0,17,36,0,53,6,0,6,59
10/23/2005,RDG,PA,AEA,EN,Combined TRACON& Tower with Radar,0,2,37,0,39,0,0,72,0,72,0,2,109,0,111,128,0,128,239
10/24/2005,RDG,PA,AEA,EN,Combined TRACON& Tower with Radar,0,8,20,7,35,0,2,57,0,59,0,10,77,7,94,82,18,100,194
10/25/2005,RDG,PA,AEA,EN,Combined TRACON& Tower with Radar,0,26,22,0,48,0,0,6,0,6,0,26,28,0,54,0,0,0,54
10/26/2005,RDG,PA,AEA,EN,Combined TRACON& Tower with Radar,0,22,39,2,63,0,0,54,1,55,0,22,93,3,118,0,112,112,230
10/27/2005,RDG,PA,AEA,EN,Combined TRACON& Tower with Radar,0,31,73,2,106,0,6,136,5,147,0,37,209,7,253,178,22,200,453
10/28/2005,RDG,PA,AEA,EN,Combined TRACON& Tower with Radar,0,24,52,4,80,0,3,150,4,157,0,27,202,8,237,208,16,224,461
10/29/2005,RDG,PA,AEA,EN,Combined TRACON& Tower with Radar,0,8,33,0,41,0,1,119,0,120,0,9,152,0,161,196,2,198,359
10/30/2005,RDG,PA,AEA,EN,Combined TRACON& Tower with Radar,1,1,37,0,39,0,1,137,0,138,1,2,174,0,177,238,0,238,415
10/31/2005,RDG,PA,AEA,EN,Combined TRACON& Tower with Radar,0,16,56,9,81,0,5,97,4,106,0,21,153,13,187,192,0,192,379
11/01/2005,RDG,PA,AEA,EN,Combined TRACON& Tower with Radar,0,24,46,2,72,0,1,101,0,102,0,25,147,2,174,220,4,224,398
11/02/2005,RDG,PA,AEA,EN,Combined TRACON& Tower with Radar,0,31,56,0,87,0,7,96,0,103,0,38,152,0,190,230,0,230,420
11/03/2005,RDG,PA,AEA,EN,Combined TRACON& Tower with Radar,0,15,45,1,61,0,12,100,0,112,0,27,145,1,173,190,0,190,363
11/04/2005,RDG,PA,AEA,EN,Combined TRACON& Tower with Radar,0,12,36,2,50,0,5,132,0,137,0,17,168,2,187,200,0,200,387
11/05/2005,RDG,PA,AEA,EN,Combined TRACON& Tower with Radar,0,4,37,0,41,0,3,152,1,156,0,7,189,1,197,294,0,294,491
11/06/2005,RDG,PA,AEA,EN,Combined TRACON& Tower with Radar,1,4,29,0,34,0,1,85,0,86,1,5,114,0,120,144,0,144,264
11/07/2005,RDG,PA,AEA,EN,Combined TRACON& Tower with Radar,0,7,37,2,46,0,0,83,2,85,0,7,120,4,131,168,0,168,299
11/08/2005,RDG,PA,AEA,EN,Combined TRACON& Tower with Radar,0,16,53,0,69,0,4,115,0,119,0,20,168,0,188,322,0,322,510
11/09/2005,RDG,PA,AEA,EN,Combined TRACON& Tower with Radar,0,21,25,6,52,0,6,38,0,44,0,27,63,6,96,82,4,86,182
11/10/2005,RDG,PA,AEA,EN,Combined TRACON& Tower with Radar,0,19,23,2,44,0,3,39,1,43,0,22,62,3,87,60,0,60,147
11/11/2005,RDG,PA,AEA,EN,Combined TRACON& Tower with Radar,0,22,38,2,62,0,4,120,0,124,0,26,158,2,186,212,0,212,398
11/12/2005,RDG,PA,AEA,EN,Combined TRACON& Tower with Radar,0,8,50,0,58,0,1,168,0,169,0,9,218,0,227,268,0,268,495
11/13/2005,RDG,PA,AEA,EN,Combined TRACON& Tower with Radar,2,2,25,0,29,0,0,179,1,180,2,2,204,1,209,274,0,274,483
11/14/2005,RDG,PA,AEA,EN,Combined TRACON& Tower with Radar,0,17,43,1,61,0,2,98,0,100,0,19,141,1,161,136,0,136,297
11/15/2005,RDG,PA,AEA,EN,Combined TRACON& Tower with Radar,0,18,32,0,50,0,0,29,0,29,0,18,61,0,79,72,0,72,151
11/16/2005,RDG,PA,AEA,EN,Combined TRACON& Tower with Radar,0,19,22,0,41,0,4,25,0,29,0,23,47,0,70,26,0,26,96
11/17/2005,RDG,PA,AEA,EN,Combined TRACON& Tower with Radar,0,19,39,2,60,0,2,106,4,112,0,21,145,6,172,114,8,122,294
11/18/2005,RDG,PA,AEA,EN,Combined TRACON& Tower with Radar,0,18,56,3,77,0,3,162,1,166,0,21,218,4,243,244,16,260,503
11/19/2005,RDG,PA,AEA,EN,Combined TRACON& Tower with Radar,0,12,54,0,66,0,4,150,0,154,0,16,204,0,220,296,0,296,516
11/20/2005,RDG,PA,AEA,EN,Combined TRACON& Tower with Radar,0,3,91,0,94,0,1,90,0,91,0,4,181,0,185,276,0,276,461
11/21/2005,RDG,PA,AEA,EN,Combined TRACON& Tower with Radar,0,14,44,2,60,0,3,68,2,73,0,17,112,4,133,112,4,116,249
11/22/2005,RDG,PA,AEA,EN,Combined TRACON& Tower with Radar,0,18,25,0,43,0,1,28,0,29,0,19,53,0,72,0,0,0,72
11/23/2005,RDG,PA,AEA,EN,Combined TRACON& Tower with Radar,0,15,38,0,53,0,0,113,0,113,0,15,151,0,166,212,0,212,378
11/24/2005,RDG,PA,AEA,EN,Combined TRACON& Tower with Radar,0,5,2,0,7,0,1,14,0,15,0,6,16,0,22,0,0,0,22
11/25/2005,RDG,PA,AEA,EN,Combined TRACON& Tower with Radar,0,10,0,0,10,0,102,0,0,102,0,112,0,0,112,174,0,174,286
11/26/2005,RDG,PA,AEA,EN,Combined TRACON& Tower with Radar,0,3,51,0,54,0,1,102,0,103,0,4,153,0,157,240,0,240,397
11/27/2005,RDG,PA,AEA,EN,Combined TRACON& Tower with Radar,2,0,81,0,83,0,6,105,0,111,2,6,186,0,194,260,0,260,454
11/28/2005,RDG,PA,AEA,EN,Combined TRACON& Tower with Radar,0,12,60,3,75,0,2,51,0,53,0,14,111,3,128,98,6,104,232
11/29/2005,RDG,PA,AEA,EN,Combined TRACON& Tower with Radar,0,20,19,0,39,0,0,15,0,15,0,20,34,0,54,2,0,2,56
11/30/2005,RDG,PA,AEA,EN,Combined TRACON& Tower with Radar,0,17,44,2,63,0,5,105,4,114,0,22,149,6,177,144,0,144,321
12/01/2005,RDG,PA,AEA,EN,Combined TRACON& Tower with Radar,0,18,35,0,53,0,4,116,0,120,0,22,151,0,173,190,0,190,363
12/02/2005,RDG,PA,AEA,EN,Combined TRACON& Tower with Radar,0,10,39,0,49,0,9,29,0,38,0,19,68,0,87,92,0,92,179
12/03/2005,RDG,PA,AEA,EN,Combined TRACON& Tower with Radar,0,8,49,0,57,0,2,106,0,108,0,10,155,0,165,252,0,252,417
12/04/2005,RDG,PA,AEA,EN,Combined TRACON& Tower with Radar,2,2,7,0,11,0,0,0,0,0,2,2,7,0,11,0,0,0,11
12/05/2005,RDG,PA,AEA,EN,Combined TRACON& Tower with Radar,0,14,30,0,44,0,1,64,0,65,0,15,94,0,109,170,0,170,279
12/06/2005,RDG,PA,AEA,EN,Combined TRACON& Tower with Radar,0,16,36,0,52,0,1,93,0,94,0,17,129,0,146,180,0,180,326
12/07/2005,RDG,PA,AEA,EN,Combined TRACON& Tower with Radar,0,14,33,7,54,0,13,142,0,155,0,27,175,7,209,200,18,218,427
12/08/2005,RDG,PA,AEA,EN,Combined TRACON& Tower with Radar,0,11,56,0,67,0,5,120,0,125,0,16,176,0,192,236,8,244,436
12/09/2005,RDG,PA,AEA,EN,Combined TRACON& Tower with Radar,0,16,11,0,27,0,0,16,0,16,0,16,27,0,43,0,0,0,43
12/10/2005,RDG,PA,AEA,EN,Combined TRACON& Tower with Radar,0,10,35,0,45,0,2,680,0,682,0,12,715,0,727,142,0,142,869
12/11/2005,RDG,PA,AEA,EN,Combined TRACON& Tower with Radar,0,0,0,0,0,0,74,0,0,74,0,74,0,0,74,106,0,106,180
12/12/2005,RDG,PA,AEA,EN,Combined TRACON& Tower with Radar,0,13,36,0,49,0,3,84,0,87,0,16,120,0,136,168,0,168,304
12/13/2005,RDG,PA,AEA,EN,Combined TRACON& Tower with Radar,0,12,30,0,42,0,2,101,0,103,0,14,131,0,145,228,0,228,373
12/14/2005,RDG,PA,AEA,EN,Combined TRACON& Tower with Radar,0,23,41,0,64,0,0,124,0,124,0,23,165,0,188,220,0,220,408
12/15/2005,RDG,PA,AEA,EN,Combined TRACON& Tower with Radar,0,27,40,0,67,0,1,25,0,26,0,28,65,0,93,48,10,58,151
12/16/2005,RDG,PA,AEA,EN,Combined TRACON& Tower with Radar,0,22,52,0,74,0,3,81,4,88,0,25,133,4,162,262,10,272,434
12/17/2005,RDG,PA,AEA,EN,Combined TRACON& Tower with Radar,0,9,47,0,56,0,2,104,1,107,0,11,151,1,163,234,0,234,397
12/18/2005,RDG,PA,AEA,EN,Combined TRACON& Tower with Radar,0,10,58,0,68,0,1,77,0,78,0,11,135,0,146,230,0,230,376
12/19/2005,RDG,PA,AEA,EN,Combined TRACON& Tower with Radar,0,18,28,0,46,0,3,104,0,107,0,21,132,0,153,168,0,168,321
12/20/2005,RDG,PA,AEA,EN,Combined TRACON& Tower with Radar,0,19,34,4,57,0,4,98,0,102,0,23,132,4,159,120,6,126,285
12/21/2005,RDG,PA,AEA,EN,Combined TRACON& Tower with Radar,0,20,36,2,58,0,0,107,0,107,0,20,143,2,165,254,14,268,433
12/22/2005,RDG,PA,AEA,EN,Combined TRACON& Tower with Radar,0,21,25,0,46,0,1,95,0,96,0,22,120,0,142,162,0,162,304
12/23/2005,RDG,PA,AEA,EN,Combined TRACON& Tower with Radar,0,21,60,0,81,0,4,118,0,122,0,25,178,0,203,266,0,266,469
12/24/2005,RDG,PA,AEA,EN,Combined TRACON& Tower with Radar,0,8,39,0,47,0,1,79,0,80,0,9,118,0,127,218,0,218,345
12/25/2005,RDG,PA,AEA,EN,Combined TRACON& Tower with Radar,0,0,6,0,6,0,2,2,0,4,0,2,8,0,10,4,0,4,14
12/26/2005,RDG,PA,AEA,EN,Combined TRACON& Tower with Radar,0,9,41,0,50,0,0,0,0,0,0,9,41,0,50,34,0,34,84
12/27/2005,RDG,PA,AEA,EN,Combined TRACON& Tower with Radar,0,12,41,0,53,0,1,99,0,100,0,13,140,0,153,148,0,148,301
12/28/2005,RDG,PA,AEA,EN,Combined TRACON& Tower with Radar,0,20,49,0,69,0,7,98,0,105,0,27,147,0,174,230,0,230,404
12/29/2005,RDG,PA,AEA,EN,Combined TRACON& Tower with Radar,0,21,19,0,40,0,1,6,0,7,0,22,25,0,47,6,0,6,53
12/30/2005,RDG,PA,AEA,EN,Combined TRACON& Tower with Radar,0,17,55,0,72,0,6,96,0,102,0,23,151,0,174,212,20,232,406
12/31/2005,RDG,PA,AEA,EN,Combined TRACON& Tower with Radar,0,6,23,0,29,0,1,28,0,29,0,7,51,0,58,176,0,176,234
01/01/2006,RDG,PA,AEA,EN,Combined TRACON& Tower with Radar,0,6,23,0,29,0,1,46,0,47,0,7,69,0,76,102,0,102,178
01/02/2006,RDG,PA,AEA,EN,Combined TRACON& Tower with Radar,0,4,37,0,41,0,1,28,0,29,0,5,65,0,70,42,0,42,112
01/03/2006,RDG,PA,AEA,EN,Combined TRACON& Tower with Radar,0,4,19,2,25,0,3,0,0,3,0,7,19,2,28,0,2,2,30
01/04/2006,RDG,PA,AEA,EN,Combined TRACON& Tower with Radar,0,21,86,0,107,0,1,59,0,60,0,22,145,0,167,134,0,134,301
01/05/2006,RDG,PA,AEA,EN,Combined TRACON& Tower with Radar,0,19,39,1,59,0,1,35,1,37,0,20,74,2,96,96,2,98,194
01/06/2006,RDG,PA,AEA,EN,Combined TRACON& Tower with Radar,0,20,39,4,63,0,3,103,0,106,0,23,142,4,169,220,12,232,401
01/07/2006,RDG,PA,AEA,EN,Combined TRACON& Tower with Radar,0,11,39,0,50,0,0,151,0,151,0,11,190,0,201,254,4,258,459
01/08/2006,RDG,PA,AEA,EN,Combined TRACON& Tower with Radar,0,1,37,0,38,0,1,106,0,107,0,2,143,0,145,168,0,168,313
01/09/2006,RDG,PA,AEA,EN,Combined TRACON& Tower with Radar,1,6,35,2,44,0,1,93,0,94,1,7,128,2,138,134,0,134,272
01/10/2006,RDG,PA,AEA,EN,Combined TRACON& Tower with Radar,0,14,77,0,91,0,22,74,0,96,0,36,151,0,187,226,0,226,413
01/11/2006,RDG,PA,AEA,EN,Combined TRACON& Tower with Radar,0,20,34,0,54,0,1,8,0,9,0,21,42,0,63,0,0,0,63
01/12/2006,RDG,PA,AEA,EN,Combined TRACON& Tower with Radar,0,18,65,1,84,0,6,145,0,151,0,24,210,1,235,194,0,194,429
01/13/2006,RDG,PA,AEA,EN,Combined TRACON& Tower with Radar,0,13,26,0,39,0,3,26,0,29,0,16,52,0,68,52,0,52,120
01/14/2006,RDG,PA,AEA,EN,Combined TRACON& Tower with Radar,0,9,13,0,22,0,20,7,0,27,0,29,20,0,49,20,0,20,69
01/15/2006,RDG,PA,AEA,EN,Combined TRACON& Tower with Radar,0,3,6,0,9,0,0,0,0,0,0,3,6,0,9,0,0,0,9
01/16/2006,RDG,PA,AEA,EN,Combined TRACON& Tower with Radar,0,11,53,0,64,0,2,86,0,88,0,13,139,0,152,170,0,170,322
01/17/2006,RDG,PA,AEA,EN,Combined TRACON& Tower with Radar,0,25,38,0,63,0,3,55,0,58,0,28,93,0,121,64,0,64,185
01/18/2006,RDG,PA,AEA,EN,Combined TRACON& Tower with Radar,0,17,26,6,49,0,1,49,4,54,0,18,75,10,103,68,10,78,181
01/19/2006,RDG,PA,AEA,EN,Combined TRACON& Tower with Radar,0,22,41,13,76,0,14,165,14,193,0,36,206,27,269,296,24,320,589
01/20/2006,RDG,PA,AEA,EN,Combined TRACON& Tower with Radar,0,20,47,4,71,0,5,152,0,157,0,25,199,4,228,248,4,252,480
01/21/2006,RDG,PA,AEA,EN,Combined TRACON& Tower with Radar,0,14,24,0,38,0,3,81,0,84,0,17,105,0,122,160,0,160,282
01/22/2006,RDG,PA,AEA,EN,Combined TRACON& Tower with Radar,0,2,64,0,66,0,3,154,0,157,0,5,218,0,223,232,0,232,455
01/23/2006,RDG,PA,AEA,EN,Combined TRACON& Tower with Radar,0,16,21,0,37,0,0,0,0,0,0,16,21,0,37,0,0,0,37
01/24/2006,RDG,PA,AEA,EN,Combined TRACON& Tower with Radar,0,35,61,0,96,0,6,126,0,132,0,41,187,0,228,302,0,302,530
01/25/2006,RDG,PA,AEA,EN,Combined TRACON& Tower with Radar,0,16,23,1,40,0,1,95,0,96,0,17,118,1,136,84,0,84,220
01/26/2006,RDG,PA,AEA,EN,Combined TRACON& Tower with Radar,0,14,41,6,61,0,8,91,0,99,0,22,132,6,160,136,0,136,296
01/27/2006,RDG,PA,AEA,EN,Combined TRACON& Tower with Radar,0,15,19,3,37,0,3,119,2,124,0,18,138,5,161,132,0,132,293
01/28/2006,RDG,PA,AEA,EN,Combined TRACON& Tower with Radar,0,5,45,0,50,0,7,169,0,176,0,12,214,0,226,360,0,360,586
01/29/2006,RDG,PA,AEA,EN,Combined TRACON& Tower with Radar,0,1,34,0,35,0,0,40,0,40,0,1,74,0,75,76,0,76,151
01/30/2006,RDG,PA,AEA,EN,Combined TRACON& Tower with Radar,0,19,44,8,71,0,0,34,1,35,0,19,78,9,106,42,12,54,160
01/31/2006,RDG,PA,AEA,EN,Combined TRACON& Tower with Radar,0,25,24,12,61,0,0,29,2,31,0,25,53,14,92,6,0,6,98
02/01/2006,RDG,PA,AEA,EN,Combined TRACON& Tower with Radar,0,15,58,2,75,0,0,122,2,124,0,15,180,4,199,214,2,216,415
02/02/2006,RDG,PA,AEA,EN,Combined TRACON& Tower with Radar,0,18,60,2,80,0,6,124,2,132,0,24,184,4,212,218,46,264,476
02/03/2006,RDG,PA,AEA,EN,Combined TRACON& Tower with Radar,0,22,5,0,27,0,3,84,0,87,0,25,89,0,114,62,0,62,176
02/04/2006,RDG,PA,AEA,EN,Combined TRACON& Tower with Radar,0,12,26,0,38,0,2,38,0,40,0,14,64,0,78,50,0,50,128
02/05/2006,RDG,PA,AEA,EN,Combined TRACON& Tower with Radar,0,6,44,0,50,0,3,61,0,64,0,9,105,0,114,56,0,56,170
02/06/2006,RDG,PA,AEA,EN,Combined TRACON& Tower with Radar,0,11,40,4,55,0,5,76,0,81,0,16,116,4,136,128,6,134,270
02/07/2006,RDG,PA,AEA,EN,Combined TRACON& Tower with Radar,0,27,28,10,65,0,0,93,4,97,0,27,121,14,162,146,0,146,308
02/08/2006,RDG,PA,AEA,EN,Combined TRACON& Tower with Radar,0,21,39,2,62,0,0,184,2,186,0,21,223,4,248,218,0,218,466
02/09/2006,RDG,PA,AEA,EN,Combined TRACON& Tower with Radar,0,14,32,3,49,0,2,79,18,99,0,16,111,21,148,168,44,212,360
02/10/2006,RDG,PA,AEA,EN,Combined TRACON& Tower with Radar,0,17,34,0,51,0,8,69,11,88,0,25,103,11,139,106,0,106,245
02/11/2006,RDG,PA,AEA,EN,Combined TRACON& Tower with Radar,0,9,41,4,54,0,1,61,0,62,0,10,102,4,116,114,10,124,240
02/12/2006,RDG,PA,AEA,EN,Combined TRACON& Tower with Radar,0,2,7,0,9,0,0,2,0,2,0,2,9,0,11,0,0,0,11
02/13/2006,RDG,PA,AEA,EN,Combined TRACON& Tower with Radar,0,10,30,1,41,0,1,60,1,62,0,11,90,2,103,28,2,30,133
02/14/2006,RDG,PA,AEA,EN,Combined TRACON& Tower with Radar,0,11,32,0,43,0,5,88,0,93,0,16,120,0,136,158,0,158,294
02/15/2006,RDG,PA,AEA,EN,Combined TRACON& Tower with Radar,0,19,54,6,79,0,2,110,2,114,0,21,164,8,193,208,40,248,441
02/16/2006,RDG,PA,AEA,EN,Combined TRACON& Tower with Radar,0,24,54,7,85,0,5,144,2,151,0,29,198,9,236,240,26,266,502
02/17/2006,RDG,PA,AEA,EN,Combined TRACON& Tower with Radar,0,14,21,0,35,0,7,20,0,27,0,21,41,0,62,10,0,10,72
02/18/2006,RDG,PA,AEA,EN,Combined TRACON& Tower with Radar,0,10,59,0,69,0,0,56,0,56,0,10,115,0,125,58,0,58,183
02/19/2006,RDG,PA,AEA,EN,Combined TRACON& Tower with Radar,0,6,38,0,44,0,0,132,0,132,0,6,170,0,176,218,0,218,394
02/20/2006,RDG,PA,AEA,EN,Combined TRACON& Tower with Radar,0,17,49,0,66,0,1,138,0,139,0,18,187,0,205,206,0,206,411
02/21/2006,RDG,PA,AEA,EN,Combined TRACON& Tower with Radar,0,19,37,5,61,0,2,144,0,146,0,21,181,5,207,242,2,244,451
02/22/2006,RDG,PA,AEA,EN,Combined TRACON& Tower with Radar,0,21,49,0,70,0,6,75,0,81,0,27,124,0,151,94,12,106,257
02/23/2006,RDG,PA,AEA,EN,Combined TRACON& Tower with Radar,0,23,40,0,63,0,0,39,0,39,0,23,79,0,102,74,0,74,176
02/24/2006,RDG,PA,AEA,EN,Combined TRACON& Tower with Radar,0,17,48,11,76,0,8,76,0,84,0,25,124,11,160,166,4,170,330
02/25/2006,RDG,PA,AEA,EN,Combined TRACON& Tower with Radar,0,13,52,0,65,0,1,90,0,91,0,14,142,0,156,154,0,154,310
02/26/2006,RDG,PA,AEA,EN,Combined TRACON& Tower with Radar,2,4,27,0,33,0,0,78,0,78,2,4,105,0,111,112,0,112,223
02/27/2006,RDG,PA,AEA,EN,Combined TRACON& Tower with Radar,0,7,32,1,40,0,21,103,0,124,0,28,135,1,164,120,0,120,284
02/28/2006,RDG,PA,AEA,EN,Combined TRACON& Tower with Radar,0,17,35,11,63,0,7,101,19,127,0,24,136,30,190,170,56,226,416
03/01/2006,RDG,PA,AEA,EN,Combined TRACON& Tower with Radar,0,11,45,1,57,0,4,167,0,171,0,15,212,1,228,200,0,200,428
03/02/2006,RDG,PA,AEA,EN,Combined TRACON& Tower with Radar,0,16,15,0,31,0,2,1,0,3,0,18,16,0,34,0,0,0,34
03/03/2006,RDG,PA,AEA,EN,Combined TRACON& Tower with Radar,0,28,33,0,61,0,4,74,0,78,0,32,107,0,139,88,0,88,227
03/04/2006,RDG,PA,AEA,EN,Combined TRACON& Tower with Radar,0,10,25,0,35,0,3,59,0,62,0,13,84,0,97,128,0,128,225
03/05/2006,RDG,PA,AEA,EN,Combined TRACON& Tower with Radar,2,5,47,0,54,0,1,121,0,122,2,6,168,0,176,178,0,178,354
03/06/2006,RDG,PA,AEA,EN,Combined TRACON& Tower with Radar,0,10,40,9,59,0,6,130,25,161,0,16,170,34,220,166,32,198,418
03/07/2006,RDG,PA,AEA,EN,Combined TRACON& Tower with Radar,0,15,33,3,51,0,6,142,1,149,0,21,175,4,200,262,0,262,462
03/08/2006,RDG,PA,AEA,EN,Combined TRACON& Tower with Radar,0,20,43,8,71,0,6,119,6,131,0,26,162,14,202,224,14,238,440
03/09/2006,RDG,PA,AEA,EN,Combined TRACON& Tower with Radar,0,23,61,0,84,0,4,99,2,105,0,27,160,2,189,264,0,264,453
03/10/2006,RDG,PA,AEA,EN,Combined TRACON& Tower with Radar,0,19,20,0,39,0,5,57,2,64,0,24,77,2,103,50,0,50,153
03/11/2006,RDG,PA,AEA,EN,Combined TRACON& Tower with Radar,0,17,166,0,183,0,7,173,4,184,0,24,339,4,367,478,4,482,849
03/12/2006,RDG,PA,AEA,EN,Combined TRACON& Tower with Radar,0,2,24,0,26,0,0,5,0,5,0,2,29,0,31,0,0,0,31
03/13/2006,RDG,PA,AEA,EN,Combined TRACON& Tower with Radar,0,11,34,2,47,0,2,74,3,79,0,13,108,5,126,50,16,66,192
03/14/2006,RDG,PA,AEA,EN,Combined TRACON& Tower with Radar,0,23,26,0,49,0,1,50,0,51,0,24,76,0,100,48,0,48,148
03/15/2006,RDG,PA,AEA,EN,Combined TRACON& Tower with Radar,0,23,23,0,46,0,2,33,0,35,0,25,56,0,81,6,0,6,87
03/16/2006,RDG,PA,AEA,EN,Combined TRACON& Tower with Radar,0,19,70,0,89,0,13,129,0,142,0,32,199,0,231,226,0,226,457
03/17/2006,RDG,PA,AEA,EN,Combined TRACON& Tower with Radar,0,34,85,6,125,0,2,149,0,151,0,36,234,6,276,246,12,258,534
03/18/2006,RDG,PA,AEA,EN,Combined TRACON& Tower with Radar,0,8,38,0,46,0,4,100,0,104,0,12,138,0,150,204,0,204,354
03/19/2006,RDG,PA,AEA,EN,Combined TRACON& Tower with Radar,0,1,45,0,46,0,0,69,0,69,0,1,114,0,115,164,0,164,279
03/20/2006,RDG,PA,AEA,EN,Combined TRACON& Tower with Radar,0,9,36,4,49,0,2,80,0,82,0,11,116,4,131,178,24,202,333
03/21/2006,RDG,PA,AEA,EN,Combined TRACON& Tower with Radar,0,19,40,3,62,0,9,110,0,119,0,28,150,3,181,142,42,184,365
03/22/2006,RDG,PA,AEA,EN,Combined TRACON& Tower with Radar,0,19,55,7,81,0,3,114,1,118,0,22,169,8,199,180,6,186,385
03/23/2006,RDG,PA,AEA,EN,Combined TRACON& Tower with Radar,0,24,51,0,75,0,1,124,0,125,0,25,175,0,200,192,0,192,392
03/24/2006,RDG,PA,AEA,EN,Combined TRACON& Tower with Radar,0,10,61,2,73,0,0,115,0,115,0,10,176,2,188,128,0,128,316
03/25/2006,RDG,PA,AEA,EN,Combined TRACON& Tower with Radar,0,9,33,0,42,0,4,51,0,55,0,13,84,0,97,138,0,138,235
03/26/2006,RDG,PA,AEA,EN,Combined TRACON& Tower with Radar,1,4,33,0,38,0,0,96,0,96,1,4,129,0,134,202,0,202,336
03/27/2006,RDG,PA,AEA,EN,Combined TRACON& Tower with Radar,0,8,49,0,57,0,7,102,0,109,0,15,151,0,166,192,0,192,358
03/28/2006,RDG,PA,AEA,EN,Combined TRACON& Tower with Radar,0,13,55,8,76,0,10,112,0,122,0,23,167,8,198,254,8,262,460
03/29/2006,RDG,PA,AEA,EN,Combined TRACON& Tower with Radar,0,14,69,8,91,0,11,133,13,157,0,25,202,21,248,316,10,326,574
03/30/2006,RDG,PA,AEA,EN,Combined TRACON& Tower with Radar,0,24,73,6,103,0,4,222,0,226,0,28,295,6,329,370,2,372,701
03/31/2006,RDG,PA,AEA,EN,Combined TRACON& Tower with Radar,0,16,50,4,70,0,4,129,0,133,0,20,179,4,203,158,0,158,361
04/01/2006,RDG,PA,AEA,EN,Combined TRACON& Tower with Radar,0,5,29,0,34,0,4,51,0,55,0,9,80,0,89,72,0,72,161
04/02/2006,RDG,PA,AEA,EN,Combined TRACON& Tower with Radar,2,0,60,1,63,0,2,183,0,185,2,2,243,1,248,400,0,400,648
04/03/2006,RDG,PA,AEA,EN,Combined TRACON& Tower with Radar,0,11,49,3,63,0,0,33,0,33,0,11,82,3,96,48,0,48,144
04/04/2006,RDG,PA,AEA,EN,Combined TRACON& Tower with Radar,0,20,56,7,83,0,7,93,5,105,0,27,149,12,188,124,20,144,332
04/05/2006,RDG,PA,AEA,EN,Combined TRACON& Tower with Radar,0,16,40,0,56,0,1,70,1,72,0,17,110,1,128,48,0,48,176
04/06/2006,RDG,PA,AEA,EN,Combined TRACON& Tower with Radar,0,21,74,9,104,0,2,118,0,120,0,23,192,9,224,212,0,212,436
04/07/2006,RDG,PA,AEA,EN,Combined TRACON& Tower with Radar,0,18,34,0,52,0,2,34,0,36,0,20,68,0,88,40,0,40,128
04/08/2006,RDG,PA,AEA,EN,Combined TRACON& Tower with Radar,0,6,23,0,29,0,0,8,0,8,0,6,31,0,37,2,0,2,39
04/09/2006,RDG,PA,AEA,EN,Combined TRACON& Tower with Radar,2,2,29,1,34,0,2,147,1,150,2,4,176,2,184,336,2,338,522
04/10/2006,RDG,PA,AEA,EN,Combined TRACON& Tower with Radar,0,11,62,0,73,0,0,101,0,101,0,11,163,0,174,196,0,196,370
04/11/2006,RDG,PA,AEA,EN,Combined TRACON& Tower with Radar,0,14,45,3,62,0,8,126,1,135,0,22,171,4,197,234,0,234,431
04/12/2006,RDG,PA,AEA,EN,Combined TRACON& Tower with Radar,0,19,41,4,64,0,1,72,6,79,0,20,113,10,143,186,0,186,329
04/13/2006,RDG,PA,AEA,EN,Combined TRACON& Tower with Radar,0,16,57,1,74,0,14,111,1,126,0,30,168,2,200,284,0,284,484
04/14/2006,RDG,PA,AEA,EN,Combined TRACON& Tower with Radar,0,23,25,10,58,0,8,69,12,89,0,31,94,22,147,144,20,164,311
04/15/2006,RDG,PA,AEA,EN,Combined TRACON& Tower with Radar,0,8,26,0,34,0,4,109,0,113,0,12,135,0,147,188,0,188,335
04/16/2006,RDG,PA,AEA,EN,Combined TRACON& Tower with Radar,0,2,27,0,29,0,0,89,0,89,0,2,116,0,118,180,0,180,298
04/17/2006,RDG,PA,AEA,EN,Combined TRACON& Tower with Radar,0,12,52,1,65,0,2,123,1,126,0,14,175,2,191,286,0,286,477
04/18/2006,RDG,PA,AEA,EN,Combined TRACON& Tower with Radar,0,15,37,6,58,0,2,186,3,191,0,17,223,9,249,370,2,372,621
04/19/2006,RDG,PA,AEA,EN,Combined TRACON& Tower with Radar,0,13,43,18,74,0,6,141,28,175,0,19,184,46,249,226,32,258,507
04/20/2006,RDG,PA,AEA,EN,Combined TRACON& Tower with Radar,0,22,63,0,85,0,5,136,0,141,0,27,199,0,226,290,0,290,516
04/21/2006,RDG,PA,AEA,EN,Combined TRACON& Tower with Radar,0,17,63,3,83,0,5,111,5,121,0,22,174,8,204,206,2,208,412
04/22/2006,RDG,PA,AEA,EN,Combined TRACON& Tower with Radar,0,12,25,0,37,0,1,0,0,1,0,13,25,0,38,0,0,0,38
04/23/2006,RDG,PA,AEA,EN,Combined TRACON& Tower with Radar,0,1,44,0,45,0,1,31,0,32,0,2,75,0,77,88,0,88,165
04/24/2006,RDG,PA,AEA,EN,Combined TRACON& Tower with Radar,0,13,41,1,55,0,0,91,1,92,0,13,132,2,147,210,0,210,357
04/25/2006,RDG,PA,AEA,EN,Combined TRACON& Tower with Radar,0,18,32,5,55,0,6,162,4,172,0,24,194,9,227,282,24,306,533
04/26/2006,RDG,PA,AEA,EN,Combined TRACON& Tower with Radar,0,18,28,1,47,0,4,143,7,154,0,22,171,8,201,296,0,296,497
04/27/2006,RDG,PA,AEA,EN,Combined TRACON& Tower with Radar,0,18,58,5,81,0,3,145,5,153,0,21,203,10,234,300,0,300,534
04/28/2006,RDG,PA,AEA,EN,Combined TRACON& Tower with Radar,0,41,40,0,81,0,13,208,0,221,0,54,248,0,302,336,0,336,638
04/29/2006,RDG,PA,AEA,EN,Combined TRACON& Tower with Radar,0,8,46,0,54,0,2,152,0,154,0,10,198,0,208,258,0,258,466
04/30/2006,RDG,PA,AEA,EN,Combined TRACON& Tower with Radar,1,6,51,0,58,0,2,150,0,152,1,8,201,0,210,272,0,272,482
05/01/2006,RDG,PA,AEA,EN,Combined TRACON& Tower with Radar,0,8,27,4,39,0,3,100,0,103,0,11,127,4,142,242,12,254,396
05/02/2006,RDG,PA,AEA,EN,Combined TRACON& Tower with Radar,0,11,35,5,51,0,6,148,0,154,0,17,183,5,205,250,2,252,457
05/03/2006,RDG,PA,AEA,EN,Combined TRACON& Tower with Radar,0,13,34,18,65,0,6,112,14,132,0,19,146,32,197,1860,18,1878,2075
05/04/2006,RDG,PA,AEA,EN,Combined TRACON& Tower with Radar,0,18,42,2,62,0,5,169,1,175,0,23,211,3,237,354,2,356,593
05/05/2006,RDG,PA,AEA,EN,Combined TRACON& Tower with Radar,0,17,41,2,60,0,2,124,0,126,0,19,165,2,186,300,0,300,486
05/06/2006,RDG,PA,AEA,EN,Combined TRACON& Tower with Radar,0,9,23,0,32,0,0,118,0,118,0,9,141,0,150,194,0,194,344
05/07/2006,RDG,PA,AEA,EN,Combined TRACON& Tower with Radar,2,4,47,0,53,0,0,173,0,173,2,4,220,0,226,326,0,326,552
05/08/2006,RDG,PA,AEA,EN,Combined TRACON& Tower with Radar,0,7,32,0,39,0,4,102,0,106,0,11,134,0,145,170,0,170,315
05/09/2006,RDG,PA,AEA,EN,Combined TRACON& Tower with Radar,0,19,29,0,48,0,3,93,2,98,0,22,122,2,146,170,2,172,318
05/10/2006,RDG,PA,AEA,EN,Combined TRACON& Tower with Radar,0,21,35,6,62,0,6,125,0,131,0,27,160,6,193,278,32,310,503
05/11/2006,RDG,PA,AEA,EN,Combined TRACON& Tower with Radar,0,25,38,0,63,0,2,23,2,27,0,27,61,2,90,6,0,6,96
05/12/2006,RDG,PA,AEA,EN,Combined TRACON& Tower with Radar,0,19,36,5,60,0,5,103,3,111,0,24,139,8,171,266,10,276,447
05/13/2006,RDG,PA,AEA,EN,Combined TRACON& Tower with Radar,0,24,32,0,56,0,4,66,0,70,0,28,98,0,126,0,1080,1080,1206
05/14/2006,RDG,PA,AEA,EN,Combined TRACON& Tower with Radar,2,5,29,0,36,0,0,55,0,55,2,5,84,0,91,56,0,56,147
05/15/2006,RDG,PA,AEA,EN,Combined TRACON& Tower with Radar,0,11,31,0,42,0,1,34,0,35,0,12,65,0,77,0,0,0,77
05/16/2006,RDG,PA,AEA,EN,Combined TRACON& Tower with Radar,0,20,34,9,63,0,1,77,5,83,0,21,111,14,146,180,18,198,344
05/17/2006,RDG,PA,AEA,EN,Combined TRACON& Tower with Radar,0,23,60,9,92,0,11,91,4,106,0,34,151,13,198,196,2,198,396
05/18/2006,RDG,PA,AEA,EN,Combined TRACON& Tower with Radar,0,22,36,0,58,0,2,77,0,79,0,24,113,0,137,270,0,270,407
05/19/2006,RDG,PA,AEA,EN,Combined TRACON& Tower with Radar,0,20,55,7,82,0,9,106,9,124,0,29,161,16,206,262,28,290,496
05/20/2006,RDG,PA,AEA,EN,Combined TRACON& Tower with Radar,0,9,41,0,50,0,7,128,0,135,0,16,169,0,185,172,0,172,357
05/21/2006,RDG,PA,AEA,EN,Combined TRACON& Tower with Radar,1,5,33,0,39,0,1,115,0,116,1,6,148,0,155,228,0,228,383
05/22/2006,RDG,PA,AEA,EN,Combined TRACON& Tower with Radar,0,9,54,0,63,0,0,82,0,82,0,9,136,0,145,158,30,188,333
05/23/2006,RDG,PA,AEA,EN,Combined TRACON& Tower with Radar,0,28,61,0,89,0,4,133,0,137,0,32,194,0,226,322,16,338,564
05/24/2006,RDG,PA,AEA,EN,Combined TRACON& Tower with Radar,0,22,51,2,75,0,5,123,1,129,0,27,174,3,204,218,8,226,430
05/25/2006,RDG,PA,AEA,EN,Combined TRACON& Tower with Radar,0,14,57,7,78,0,11,168,2,181,0,25,225,9,259,254,4,258,517
05/26/2006,RDG,PA,AEA,EN,Combined TRACON& Tower with Radar,0,17,29,2,48,0,5,22,0,27,0,22,51,2,75,100,0,100,175
05/27/2006,RDG,PA,AEA,EN,Combined TRACON& Tower with Radar,0,9,29,0,38,0,4,159,0,163,0,13,188,0,201,302,0,302,503
05/28/2006,RDG,PA,AEA,EN,Combined TRACON& Tower with Radar,2,4,31,0,37,0,3,166,4,173,2,7,197,4,210,292,0,292,502
05/29/2006,RDG,PA,AEA,EN,Combined TRACON& Tower with Radar,0,11,43,0,54,0,1,129,0,130,0,12,172,0,184,236,0,236,420
05/30/2006,RDG,PA,AEA,EN,Combined TRACON& Tower with Radar,0,12,52,2,66,0,3,108,0,111,0,15,160,2,177,210,0,210,387
05/31/2006,RDG,PA,AEA,EN,Combined TRACON& Tower with Radar,0,21,69,0,90,0,9,144,2,155,0,30,213,2,245,360,0,360,605
06/01/2006,RDG,PA,AEA,EN,Combined TRACON& Tower with Radar,0,20,56,6,82,0,4,147,1,152,0,24,203,7,234,322,30,352,586
06/02/2006,RDG,PA,AEA,EN,Combined TRACON& Tower with Radar,0,24,39,0,63,0,0,195,0,195,0,24,234,0,258,230,46,276,534
06/03/2006,RDG,PA,AEA,EN,Combined TRACON& Tower with Radar,0,8,10,0,18,0,1,52,66,119,0,9,62,66,137,284,174,458,595
06/04/2006,RDG,PA,AEA,EN,Combined TRACON& Tower with Radar,2,2,33,0,37,0,6,186,152,344,2,8,219,152,381,176,292,468,849
06/05/2006,RDG,PA,AEA,EN,Combined TRACON& Tower with Radar,0,10,65,6,81,0,0,120,5,125,0,10,185,11,206,288,10,298,504
06/06/2006,RDG,PA,AEA,EN,Combined TRACON& Tower with Radar,0,17,60,7,84,0,13,153,1,167,0,30,213,8,251,326,4,330,581
06/07/2006,RDG,PA,AEA,EN,Combined TRACON& Tower with Radar,0,21,40,6,67,0,6,98,0,104,0,27,138,6,171,144,28,172,343
06/08/2006,RDG,PA,AEA,EN,Combined TRACON& Tower with Radar,0,24,46,2,72,0,2,132,0,134,0,26,178,2,206,268,24,292,498
06/09/2006,RDG,PA,AEA,EN,Combined TRACON& Tower with Radar,0,25,40,0,65,0,5,194,0,199,0,30,234,0,264,262,2,264,528
06/10/2006,RDG,PA,AEA,EN,Combined TRACON& Tower with Radar,0,12,106,4,122,0,3,0,0,3,0,15,106,4,125,168,6,174,299
06/11/2006,RDG,PA,AEA,EN,Combined TRACON& Tower with Radar,0,2,8,0,10,2,7,183,0,192,2,9,191,0,202,270,0,270,472
06/12/2006,RDG,PA,AEA,EN,Combined TRACON& Tower with Radar,0,8,38,7,53,0,5,130,0,135,0,13,168,7,188,224,10,234,422
06/13/2006,RDG,PA,AEA,EN,Combined TRACON& Tower with Radar,0,22,56,6,84,0,19,142,4,165,0,41,198,10,249,346,6,352,601
06/14/2006,RDG,PA,AEA,EN,Combined TRACON& Tower with Radar,0,16,42,2,60,0,6,124,6,136,0,22,166,8,196,262,36,298,494
06/15/2006,RDG,PA,AEA,EN,Combined TRACON& Tower with Radar,0,19,61,6,86,0,10,178,1,189,0,29,239,7,275,278,0,278,553
06/16/2006,RDG,PA,AEA,EN,Combined TRACON& Tower with Radar,0,13,62,0,75,0,13,154,1,168,0,26,216,1,243,252,0,252,495
06/17/2006,RDG,PA,AEA,EN,Combined TRACON& Tower with Radar,0,6,39,0,45,0,11,121,0,132,0,17,160,0,177,186,0,186,363
06/18/2006,RDG,PA,AEA,EN,Combined TRACON& Tower with Radar,1,8,23,0,32,0,2,123,0,125,1,10,146,0,157,214,0,214,371
06/19/2006,RDG,PA,AEA,EN,Combined TRACON& Tower with Radar,0,16,43,0,59,0,9,88,0,97,0,25,131,0,156,0,0,0,156
06/20/2006,RDG,PA,AEA,EN,Combined TRACON& Tower with Radar,0,21,55,0,76,0,6,139,4,149,0,27,194,4,225,208,0,208,433
06/21/2006,RDG,PA,AEA,EN,Combined TRACON& Tower with Radar,0,10,56,2,68,0,12,200,0,212,0,22,256,2,280,366,10,376,656
06/22/2006,RDG,PA,AEA,EN,Combined TRACON& Tower with Radar,0,13,46,0,59,0,3,117,0,120,0,16,163,0,179,162,14,176,355
06/23/2006,RDG,PA,AEA,EN,Combined TRACON& Tower with Radar,0,16,46,1,63,0,0,74,2,76,0,16,120,3,139,170,4,174,313
06/24/2006,RDG,PA,AEA,EN,Combined TRACON& Tower with Radar,0,7,18,0,25,0,1,14,0,15,0,8,32,0,40,54,0,54,94
06/25/2006,RDG,PA,AEA,EN,Combined TRACON& Tower with Radar,1,0,33,0,34,0,0,2,0,2,1,0,35,0,36,0,0,0,36
06/26/2006,RDG,PA,AEA,EN,Combined TRACON& Tower with Radar,0,9,30,0,39,0,5,13,0,18,0,14,43,0,57,6,0,6,63
06/27/2006,RDG,PA,AEA,EN,Combined TRACON& Tower with Radar,0,20,19,0,39,0,3,5,0,8,0,23,24,0,47,0,0,0,47
06/28/2006,RDG,PA,AEA,EN,Combined TRACON& Tower with Radar,0,23,55,0,78,0,7,176,0,183,0,30,231,0,261,336,8,344,605
06/29/2006,RDG,PA,AEA,EN,Combined TRACON& Tower with Radar,0,22,41,0,63,0,11,143,2,156,0,33,184,2,219,256,0,256,475
06/30/2006,RDG,PA,AEA,EN,Combined TRACON& Tower with Radar,0,26,52,0,78,0,5,171,0,176,0,31,223,0,254,294,4,298,552
07/01/2006,RDG,PA,AEA,EN,Combined TRACON& Tower with Radar,0,7,32,0,39,0,7,124,2,133,0,14,156,2,172,228,0,228,400
07/02/2006,RDG,PA,AEA,EN,Combined TRACON& Tower with Radar,2,3,32,0,37,0,1,69,0,70,2,4,101,0,107,196,0,196,303
07/03/2006,RDG,PA,AEA,EN,Combined TRACON& Tower with Radar,0,10,37,2,49,0,1,111,5,117,0,11,148,7,166,230,38,268,434
07/04/2006,RDG,PA,AEA,EN,Combined TRACON& Tower with Radar,0,8,40,0,48,0,6,78,0,84,0,14,118,0,132,126,0,126,258
07/05/2006,RDG,PA,AEA,EN,Combined TRACON& Tower with Radar,0,8,22,4,34,0,0,35,0,35,0,8,57,4,69,46,4,50,119
07/06/2006,RDG,PA,AEA,EN,Combined TRACON& Tower with Radar,0,29,49,6,84,0,8,161,0,169,0,37,210,6,253,262,18,280,533
07/07/2006,RDG,PA,AEA,EN,Combined TRACON& Tower with Radar,0,14,35,2,51,0,3,127,2,132,0,17,162,4,183,306,6,312,495
07/08/2006,RDG,PA,AEA,EN,Combined TRACON& Tower with Radar,0,6,36,0,42,0,5,195,0,200,0,11,231,0,242,290,6,296,538
07/09/2006,RDG,PA,AEA,EN,Combined TRACON& Tower with Radar,2,2,34,0,38,0,8,170,0,178,2,10,204,0,216,256,0,256,472
07/10/2006,RDG,PA,AEA,EN,Combined TRACON& Tower with Radar,0,11,42,6,59,0,6,152,0,158,0,17,194,6,217,168,22,190,407
07/11/2006,RDG,PA,AEA,EN,Combined TRACON& Tower with Radar,0,14,43,1,58,0,10,103,17,130,0,24,146,18,188,250,42,292,480
07/12/2006,RDG,PA,AEA,EN,Combined TRACON& Tower with Radar,0,25,43,0,68,0,5,93,0,98,0,30,136,0,166,140,16,156,322
07/13/2006,RDG,PA,AEA,EN,Combined TRACON& Tower with Radar,0,19,45,1,65,0,4,59,0,63,0,23,104,1,128,144,4,148,276
07/14/2006,RDG,PA,AEA,EN,Combined TRACON& Tower with Radar,0,24,35,11,70,0,3,177,18,198,0,27,212,29,268,298,36,334,602
07/15/2006,RDG,PA,AEA,EN,Combined TRACON& Tower with Radar,0,8,69,0,77,0,3,21,0,24,0,11,90,0,101,24,0,24,125
07/16/2006,RDG,PA,AEA,EN,Combined TRACON& Tower with Radar,2,9,88,0,99,0,3,155,0,158,2,12,243,0,257,282,0,282,539
07/17/2006,RDG,PA,AEA,EN,Combined TRACON& Tower with Radar,0,9,29,2,40,0,1,167,3,171,0,10,196,5,211,270,10,280,491
07/18/2006,RDG,PA,AEA,EN,Combined TRACON& Tower with Radar,0,15,38,5,58,0,5,115,5,125,0,20,153,10,183,168,10,178,361
07/19/2006,RDG,PA,AEA,EN,Combined TRACON& Tower with Radar,0,19,53,2,74,0,9,110,2,121,0,28,163,4,195,180,0,180,375
07/20/2006,RDG,PA,AEA,EN,Combined TRACON& Tower with Radar,0,19,55,0,74,0,5,105,0,110,0,24,160,0,184,202,0,202,386
07/21/2006,RDG,PA,AEA,EN,Combined TRACON& Tower with Radar,0,16,38,2,56,0,1,49,0,50,0,17,87,2,106,152,0,152,258
07/22/2006,RDG,PA,AEA,EN,Combined TRACON& Tower with Radar,0,10,26,0,36,0,0,28,0,28,0,10,54,0,64,48,0,48,112
07/23/2006,RDG,PA,AEA,EN,Combined TRACON& Tower with Radar,2,5,39,0,46,0,1,133,0,134,2,6,172,0,180,222,0,222,402
07/24/2006,RDG,PA,AEA,EN,Combined TRACON& Tower with Radar,0,11,34,6,51,0,3,195,8,206,0,14,229,14,257,298,50,348,605
07/25/2006,RDG,PA,AEA,EN,Combined TRACON& Tower with Radar,0,16,40,0,56,0,5,127,0,132,0,21,167,0,188,246,0,246,434
07/26/2006,RDG,PA,AEA,EN,Combined TRACON& Tower with Radar,0,20,45,9,74,0,3,110,3,116,0,23,155,12,190,222,4,226,416
07/27/2006,RDG,PA,AEA,EN,Combined TRACON& Tower with Radar,0,13,59,4,76,0,5,89,2,96,0,18,148,6,172,122,0,122,294
07/28/2006,RDG,PA,AEA,EN,Combined TRACON& Tower with Radar,0,26,35,2,63,0,3,116,0,119,0,29,151,2,182,126,0,126,308
07/29/2006,RDG,PA,AEA,EN,Combined TRACON& Tower with Radar,0,4,22,0,26,0,4,148,0,152,0,8,170,0,178,244,0,244,422
07/30/2006,RDG,PA,AEA,EN,Combined TRACON& Tower with Radar,0,3,68,0,71,0,0,134,0,134,0,3,202,0,205,292,0,292,497
07/31/2006,RDG,PA,AEA,EN,Combined TRACON& Tower with Radar,0,15,40,0,55,0,2,108,0,110,0,17,148,0,165,180,0,180,345
08/01/2006,RDG,PA,AEA,EN,Combined TRACON& Tower with Radar,0,16,33,0,49,0,2,90,0,92,0,18,123,0,141,198,0,198,339
08/02/2006,RDG,PA,AEA,EN,Combined TRACON& Tower with Radar,0,19,48,2,69,0,8,91,0,99,0,27,139,2,168,178,2,180,348
08/03/2006,RDG,PA,AEA,EN,Combined TRACON& Tower with Radar,0,20,31,8,59,0,4,79,2,85,0,24,110,10,144,162,6,168,312
08/04/2006,RDG,PA,AEA,EN,Combined TRACON& Tower with Radar,0,13,43,0,56,0,10,122,2,134,0,23,165,2,190,210,2,212,402
08/05/2006,RDG,PA,AEA,EN,Combined TRACON& Tower with Radar,0,4,44,0,48,0,11,143,0,154,0,15,187,0,202,250,0,250,452
08/06/2006,RDG,PA,AEA,EN,Combined TRACON& Tower with Radar,0,3,55,2,60,0,3,136,3,142,0,6,191,5,202,278,0,278,480
08/07/2006,RDG,PA,AEA,EN,Combined TRACON& Tower with Radar,0,13,50,2,65,0,5,67,3,75,0,18,117,5,140,122,8,130,270
08/08/2006,RDG,PA,AEA,EN,Combined TRACON& Tower with Radar,0,19,54,4,77,0,4,149,5,158,0,23,203,9,235,334,28,362,597
08/09/2006,RDG,PA,AEA,EN,Combined TRACON& Tower with Radar,0,13,54,2,69,0,3,165,0,168,0,16,219,2,237,302,14,316,553
08/10/2006,RDG,PA,AEA,EN,Combined TRACON& Tower with Radar,0,15,39,3,57,0,2,115,1,118,0,17,154,4,175,172,2,174,349
08/11/2006,RDG,PA,AEA,EN,Combined TRACON& Tower with Radar,0,16,29,0,45,0,3,176,0,179,0,19,205,0,224,318,0,318,542
08/12/2006,RDG,PA,AEA,EN,Combined TRACON& Tower with Radar,0,3,43,0,46,0,5,160,0,165,0,8,203,0,211,306,0,306,517
08/13/2006,RDG,PA,AEA,EN,Combined TRACON& Tower with Radar,0,0,38,0,38,0,3,159,4,166,0,3,197,4,204,226,10,236,440
08/14/2006,RDG,PA,AEA,EN,Combined TRACON& Tower with Radar,0,9,46,0,55,0,7,127,0,134,0,16,173,0,189,254,0,254,443
08/15/2006,RDG,PA,AEA,EN,Combined TRACON& Tower with Radar,0,16,59,0,75,0,5,98,0,103,0,21,157,0,178,212,0,212,390
08/16/2006,RDG,PA,AEA,EN,Combined TRACON& Tower with Radar,0,13,41,1,55,0,8,104,0,112,0,21,145,1,167,136,0,136,303
08/17/2006,RDG,PA,AEA,EN,Combined TRACON& Tower with Radar,0,17,34,0,51,0,4,188,0,192,0,21,222,0,243,272,0,272,515
08/18/2006,RDG,PA,AEA,EN,Combined TRACON& Tower with Radar,0,16,36,6,58,0,9,159,8,176,0,25,195,14,234,250,10,260,494
08/19/2006,RDG,PA,AEA,EN,Combined TRACON& Tower with Radar,0,8,33,0,41,0,2,83,0,85,0,10,116,0,126,92,0,92,218
08/20/2006,RDG,PA,AEA,EN,Combined TRACON& Tower with Radar,0,2,10,0,12,0,0,43,0,43,0,2,53,0,55,115,0,115,170
08/21/2006,RDG,PA,AEA,EN,Combined TRACON& Tower with Radar,0,7,33,4,44,0,4,141,1,146,0,11,174,5,190,272,2,274,464
08/22/2006,RDG,PA,AEA,EN,Combined TRACON& Tower with Radar,0,14,25,7,46,0,7,127,1,135,0,21,152,8,181,238,12,250,431
08/23/2006,RDG,PA,AEA,EN,Combined TRACON& Tower with Radar,0,16,64,3,83,0,7,162,1,170,0,23,226,4,253,294,2,296,549
08/24/2006,RDG,PA,AEA,EN,Combined TRACON& Tower with Radar,0,8,40,3,51,0,13,128,13,154,0,21,168,16,205,226,22,248,453
08/25/2006,RDG,PA,AEA,EN,Combined TRACON& Tower with Radar,0,20,19,6,45,0,6,135,2,143,0,26,154,8,188,262,22,284,472
08/26/2006,RDG,PA,AEA,EN,Combined TRACON& Tower with Radar,0,5,37,0,42,0,2,3,0,5,0,7,40,0,47,0,0,0,47
08/27/2006,RDG,PA,AEA,EN,Combined TRACON& Tower with Radar,0,5,36,0,41,0,0,84,0,84,0,5,120,0,125,0,0,0,125
08/28/2006,RDG,PA,AEA,EN,Combined TRACON& Tower with Radar,0,17,37,5,59,0,10,46,1,57,0,27,83,6,116,90,12,102,218
08/29/2006,RDG,PA,AEA,EN,Combined TRACON& Tower with Radar,0,22,34,0,56,0,0,2,0,2,0,22,36,0,58,0,0,0,58
08/30/2006,RDG,PA,AEA,EN,Combined TRACON& Tower with Radar,0,39,87,2,128,0,0,113,0,113,0,39,200,2,241,210,0,210,451
08/31/2006,RDG,PA,AEA,EN,Combined TRACON& Tower with Radar,0,10,62,0,72,0,4,156,0,160,0,14,218,0,232,386,0,386,618
09/01/2006,RDG,PA,AEA,EN,Combined TRACON& Tower with Radar,0,13,11,0,24,0,4,28,0,32,0,17,39,0,56,48,0,48,104
09/02/2006,RDG,PA,AEA,EN,Combined TRACON& Tower with Radar,0,11,12,0,23,0,0,1,0,1,0,11,13,0,24,0,0,0,24
09/03/2006,RDG,PA,AEA,EN,Combined TRACON& Tower with Radar,0,5,38,0,43,0,2,93,0,95,0,7,131,0,138,240,0,240,378
09/04/2006,RDG,PA,AEA,EN,Combined TRACON& Tower with Radar,0,3,52,0,55,0,0,124,0,124,0,3,176,0,179,298,0,298,477
09/05/2006,RDG,PA,AEA,EN,Combined TRACON& Tower with Radar,0,9,41,4,54,0,0,16,4,20,0,9,57,8,74,34,30,64,138
09/06/2006,RDG,PA,AEA,EN,Combined TRACON& Tower with Radar,0,17,39,0,56,0,11,94,0,105,0,28,133,0,161,162,22,184,345
09/07/2006,RDG,PA,AEA,EN,Combined TRACON& Tower with Radar,0,20,32,0,52,0,15,193,0,208,0,35,225,0,260,304,6,310,570
09/08/2006,RDG,PA,AEA,EN,Combined TRACON& Tower with Radar,0,13,22,11,46,0,6,146,11,163,0,19,168,22,209,138,18,156,365
09/09/2006,RDG,PA,AEA,EN,Combined TRACON& Tower with Radar,0,9,30,1,40,0,3,76,1,80,0,12,106,2,120,148,0,148,268
09/10/2006,RDG,PA,AEA,EN,Combined TRACON& Tower with Radar,0,11,39,5,55,0,1,108,4,113,0,12,147,9,168,248,2,250,418
09/11/2006,RDG,PA,AEA,EN,Combined TRACON& Tower with Radar,0,15,28,1,44,0,0,110,0,110,0,15,138,1,154,230,0,230,384
09/12/2006,RDG,PA,AEA,EN,Combined TRACON& Tower with Radar,0,30,63,4,97,0,5,156,0,161,0,35,219,4,258,282,16,298,556
09/13/2006,RDG,PA,AEA,EN,Combined TRACON& Tower with Radar,0,21,28,3,52,0,8,72,0,80,0,29,100,3,132,68,8,76,208
09/14/2006,RDG,PA,AEA,EN,Combined TRACON& Tower with Radar,0,19,40,0,59,0,0,0,0,0,0,19,40,0,59,4,0,4,63
09/15/2006,RDG,PA,AEA,EN,Combined TRACON& Tower with Radar,2,17,33,0,52,0,1,11,0,12,2,18,44,0,64,48,0,48,112
09/16/2006,RDG,PA,AEA,EN,Combined TRACON& Tower with Radar,0,12,38,0,50,0,1,40,0,41,0,13,78,0,91,46,0,46,137
09/17/2006,RDG,PA,AEA,EN,Combined TRACON& Tower with Radar,0,6,59,0,65,0,1,175,0,176,0,7,234,0,241,240,0,240,481
09/18/2006,RDG,PA,AEA,EN,Combined TRACON& Tower with Radar,0,16,41,10,67,0,8,137,2,147,0,24,178,12,214,246,22,268,482
09/19/2006,RDG,PA,AEA,EN,Combined TRACON& Tower with Radar,0,26,58,2,86,0,2,42,0,44,0,28,100,2,130,24,0,24,154
09/20/2006,RDG,PA,AEA,EN,Combined TRACON& Tower with Radar,0,19,28,3,50,0,2,100,1,103,0,21,128,4,153,128,4,132,285
09/21/2006,RDG,PA,AEA,EN,Combined TRACON& Tower with Radar,0,22,49,4,75,0,7,188,7,202,0,29,237,11,277,232,4,236,513
09/22/2006,RDG,PA,AEA,EN,Combined TRACON& Tower with Radar,0,25,39,3,67,0,13,127,2,142,0,38,166,5,209,138,34,172,381
09/23/2006,RDG,PA,AEA,EN,Combined TRACON& Tower with Radar,0,6,46,5,57,0,1,36,3,40,0,7,82,8,97,58,62,120,217
09/24/2006,RDG,PA,AEA,EN,Combined TRACON& Tower with Radar,0,8,32,0,40,0,0,103,0,103,0,8,135,0,143,128,0,128,271
09/25/2006,RDG,PA,AEA,EN,Combined TRACON& Tower with Radar,0,11,22,1,34,0,0,115,0,115,0,11,137,1,149,96,36,132,281
09/26/2006,RDG,PA,AEA,EN,Combined TRACON& Tower with Radar,0,12,59,8,79,0,9,117,12,138,0,21,176,20,217,270,4,274,491
09/27/2006,RDG,PA,AEA,EN,Combined TRACON& Tower with Radar,0,19,40,3,62,0,11,138,2,151,0,30,178,5,213,176,2,178,391
09/28/2006,RDG,PA,AEA,EN,Combined TRACON& Tower with Radar,0,17,35,0,52,0,8,45,0,53,0,25,80,0,105,110,0,110,215
09/29/2006,RDG,PA,AEA,EN,Combined TRACON& Tower with Radar,0,27,53,0,80,0,4,90,0,94,0,31,143,0,174,192,0,192,366
09/30/2006,RDG,PA,AEA,EN,Combined TRACON& Tower with Radar,0,12,39,4,55,0,6,157,2,165,0,18,196,6,220,290,10,300,520
10/01/2006,RDG,PA,AEA,EN,Combined TRACON& Tower with Radar,1,4,41,1,47,0,1,101,0,102,1,5,142,1,149,136,4,140,289
10/02/2006,RDG,PA,AEA,EN,Combined TRACON& Tower with Radar,0,17,44,0,61,0,6,102,0,108,0,23,146,0,169,252,0,252,421
10/03/2006,RDG,PA,AEA,EN,Combined TRACON& Tower with Radar,0,13,37,2,52,0,0,87,2,89,0,13,124,4,141,180,0,180,321
10/04/2006,RDG,PA,AEA,EN,Combined TRACON& Tower with Radar,0,14,36,0,50,0,0,111,0,111,0,14,147,0,161,256,0,256,417
10/05/2006,RDG,PA,AEA,EN,Combined TRACON& Tower with Radar,0,19,43,8,70,0,4,125,0,129,0,23,168,8,199,230,16,246,445
10/06/2006,RDG,PA,AEA,EN,Combined TRACON& Tower with Radar,1,14,43,2,60,0,10,100,0,110,1,24,143,2,170,132,0,132,302
10/07/2006,RDG,PA,AEA,EN,Combined TRACON& Tower with Radar,0,7,14,0,21,0,5,74,0,79,0,12,88,0,100,98,0,98,198
10/08/2006,RDG,PA,AEA,EN,Combined TRACON& Tower with Radar,1,11,32,0,44,0,3,205,0,208,1,14,237,0,252,314,0,314,566
10/09/2006,RDG,PA,AEA,EN,Combined TRACON& Tower with Radar,0,7,32,0,39,0,2,115,0,117,0,9,147,0,156,180,0,180,336
10/10/2006,RDG,PA,AEA,EN,Combined TRACON& Tower with Radar,0,16,50,2,68,0,8,79,0,87,0,24,129,2,155,188,0,188,343
10/11/2006,RDG,PA,AEA,EN,Combined TRACON& Tower with Radar,0,26,64,0,90,0,8,34,0,42,0,34,98,0,132,98,0,98,230
10/12/2006,RDG,PA,AEA,EN,Combined TRACON& Tower with Radar,0,21,52,4,77,0,5,84,1,90,0,26,136,5,167,164,6,170,337
10/13/2006,RDG,PA,AEA,EN,Combined TRACON& Tower with Radar,0,19,35,0,54,0,9,158,0,167,0,28,193,0,221,222,0,222,443
10/14/2006,RDG,PA,AEA,EN,Combined TRACON& Tower with Radar,0,10,36,0,46,0,2,86,4,92,0,12,122,4,138,162,0,162,300
10/15/2006,RDG,PA,AEA,EN,Combined TRACON& Tower with Radar,2,1,33,0,36,0,4,115,0,119,2,5,148,0,155,206,0,206,361
10/16/2006,RDG,PA,AEA,EN,Combined TRACON& Tower with Radar,0,3,39,0,42,0,0,98,0,98,0,3,137,0,140,204,0,204,344
10/17/2006,RDG,PA,AEA,EN,Combined TRACON& Tower with Radar,0,15,51,0,66,0,0,20,0,20,0,15,71,0,86,22,0,22,108
10/18/2006,RDG,PA,AEA,EN,Combined TRACON& Tower with Radar,0,20,55,1,76,0,4,53,0,57,0,24,108,1,133,172,0,172,305
10/19/2006,RDG,PA,AEA,EN,Combined TRACON& Tower with Radar,0,15,38,2,55,0,2,67,0,69,0,17,105,2,124,134,0,134,258
10/20/2006,RDG,PA,AEA,EN,Combined TRACON& Tower with Radar,0,21,17,1,39,0,1,22,2,25,0,22,39,3,64,40,4,44,108
10/21/2006,RDG,PA,AEA,EN,Combined TRACON& Tower with Radar,0,15,48,0,63,0,6,133,0,139,0,21,181,0,202,206,0,206,408
10/22/2006,RDG,PA,AEA,EN,Combined TRACON& Tower with Radar,0,5,26,0,31,0,1,53,0,54,0,6,79,0,85,188,0,188,273
10/23/2006,RDG,PA,AEA,EN,Combined TRACON& Tower with Radar,0,14,26,1,41,0,0,54,0,54,0,14,80,1,95,62,2,64,159
10/24/2006,RDG,PA,AEA,EN,Combined TRACON& Tower with Radar,0,15,39,3,57,0,8,62,2,72,0,23,101,5,129,74,2,76,205
10/25/2006,RDG,PA,AEA,EN,Combined TRACON& Tower with Radar,0,20,34,0,54,0,4,70,0,74,0,24,104,0,128,126,0,126,254
10/26/2006,RDG,PA,AEA,EN,Combined TRACON& Tower with Radar,0,20,58,8,86,0,0,106,3,109,0,20,164,11,195,178,24,202,397
10/27/2006,RDG,PA,AEA,EN,Combined TRACON& Tower with Radar,0,19,34,0,53,0,7,59,2,68,0,26,93,2,121,130,14,144,265
10/28/2006,RDG,PA,AEA,EN,Combined TRACON& Tower with Radar,0,9,8,0,17,0,0,2,0,2,0,9,10,0,19,0,0,0,19
10/29/2006,RDG,PA,AEA,EN,Combined TRACON& Tower with Radar,1,5,16,0,22,0,1,5,0,6,1,6,21,0,28,0,0,0,28
10/30/2006,RDG,PA,AEA,EN,Combined TRACON& Tower with Radar,0,14,57,0,71,0,3,96,0,99,0,17,153,0,170,186,0,186,356
10/31/2006,RDG,PA,AEA,EN,Combined TRACON& Tower with Radar,0,21,56,4,81,0,7,106,0,113,0,28,162,4,194,200,8,208,402
11/01/2006,RDG,PA,AEA,EN,Combined TRACON& Tower with Radar,0,23,39,0,62,0,4,128,0,132,0,27,167,0,194,218,0,218,412
11/02/2006,RDG,PA,AEA,EN,Combined TRACON& Tower with Radar,0,15,34,8,57,0,5,105,0,110,0,20,139,8,167,232,8,240,407
11/03/2006,RDG,PA,AEA,EN,Combined TRACON& Tower with Radar,0,15,35,0,50,0,7,82,2,91,0,22,117,2,141,172,14,186,327
11/04/2006,RDG,PA,AEA,EN,Combined TRACON& Tower with Radar,0,8,37,0,45,0,3,131,0,134,0,11,168,0,179,260,0,260,439
11/05/2006,RDG,PA,AEA,EN,Combined TRACON& Tower with Radar,1,1,25,0,27,0,4,107,0,111,1,5,132,0,138,226,0,226,364
11/06/2006,RDG,PA,AEA,EN,Combined TRACON& Tower with Radar,0,6,22,1,29,0,3,57,1,61,0,9,79,2,90,116,0,116,206
11/07/2006,RDG,PA,AEA,EN,Combined TRACON& Tower with Radar,0,18,36,2,56,0,4,84,1,89,0,22,120,3,145,102,0,102,247
11/08/2006,RDG,PA,AEA,EN,Combined TRACON& Tower with Radar,0,20,48,0,68,0,2,0,0,2,0,22,48,0,70,0,0,0,70
11/09/2006,RDG,PA,AEA,EN,Combined TRACON& Tower with Radar,0,23,44,5,72,0,5,115,0,120,0,28,159,5,192,188,20,208,400
11/10/2006,RDG,PA,AEA,EN,Combined TRACON& Tower with Radar,0,21,52,0,73,0,4,144,0,148,0,25,196,0,221,278,0,278,499
11/11/2006,RDG,PA,AEA,EN,Combined TRACON& Tower with Radar,0,6,95,0,101,0,6,82,0,88,0,12,177,0,189,238,0,238,427
11/12/2006,RDG,PA,AEA,EN,Combined TRACON& Tower with Radar,0,3,41,0,44,0,0,4,0,4,0,3,45,0,48,8,0,8,56
11/13/2006,RDG,PA,AEA,EN,Combined TRACON& Tower with Radar,0,14,46,0,60,0,0,0,0,0,0,14,46,0,60,2,0,2,62
11/14/2006,RDG,PA,AEA,EN,Combined TRACON& Tower with Radar,0,24,52,0,76,0,0,36,0,36,0,24,88,0,112,10,0,10,122
11/15/2006,RDG,PA,AEA,EN,Combined TRACON& Tower with Radar,0,29,55,1,85,0,6,78,3,87,0,35,133,4,172,222,0,222,394
11/16/2006,RDG,PA,AEA,EN,Combined TRACON& Tower with Radar,0,15,10,0,25,0,4,10,0,14,0,19,20,0,39,14,0,14,53
11/17/2006,RDG,PA,AEA,EN,Combined TRACON& Tower with Radar,0,20,31,1,52,0,4,73,0,77,0,24,104,1,129,74,2,76,205
11/18/2006,RDG,PA,AEA,EN,Combined TRACON& Tower with Radar,0,6,31,0,37,0,1,106,0,107,0,7,137,0,144,186,0,186,330
11/19/2006,RDG,PA,AEA,EN,Combined TRACON& Tower with Radar,0,8,68,5,81,0,3,123,1,127,0,11,191,6,208,362,0,362,570
11/20/2006,RDG,PA,AEA,EN,Combined TRACON& Tower with Radar,0,24,15,0,39,0,1,64,0,65,0,25,79,0,104,58,0,58,162
11/21/2006,RDG,PA,AEA,EN,Combined TRACON& Tower with Radar,0,15,40,1,56,0,1,75,0,76,0,16,115,1,132,250,0,250,382
11/22/2006,RDG,PA,AEA,EN,Combined TRACON& Tower with Radar,0,22,35,1,58,0,4,79,1,84,0,26,114,2,142,112,2,114,256
11/23/2006,RDG,PA,AEA,EN,Combined TRACON& Tower with Radar,0,5,4,0,9,0,2,2,0,4,0,7,6,0,13,0,0,0,13
11/24/2006,RDG,PA,AEA,EN,Combined TRACON& Tower with Radar,0,8,26,0,34,0,3,85,0,88,0,11,111,0,122,206,0,206,328
11/25/2006,RDG,PA,AEA,EN,Combined TRACON& Tower with Radar,0,4,40,0,44,0,8,325,0,333,0,12,365,0,377,248,0,248,625
11/26/2006,RDG,PA,AEA,EN,Combined TRACON& Tower with Radar,2,0,73,0,75,0,5,118,0,123,2,5,191,0,198,280,0,280,478
11/27/2006,RDG,PA,AEA,EN,Combined TRACON& Tower with Radar,0,10,34,0,44,0,3,84,0,87,0,13,118,0,131,154,0,154,285
11/28/2006,RDG,PA,AEA,EN,Combined TRACON& Tower with Radar,0,17,62,1,80,0,1,73,0,74,0,18,135,1,154,192,0,192,346
11/29/2006,RDG,PA,AEA,EN,Combined TRACON& Tower with Radar,0,17,28,0,45,0,0,2,0,2,0,17,30,0,47,0,0,0,47
11/30/2006,RDG,PA,AEA,EN,Combined TRACON& Tower with Radar,0,25,43,0,68,0,1,42,0,43,0,26,85,0,111,86,0,86,197
12/01/2006,RDG,PA,AEA,EN,Combined TRACON& Tower with Radar,0,18,19,0,37,0,5,6,0,11,0,23,25,0,48,4,0,4,52
12/02/2006,RDG,PA,AEA,EN,Combined TRACON& Tower with Radar,0,12,38,9,59,0,3,85,0,88,0,15,123,9,147,194,18,212,359
12/03/2006,RDG,PA,AEA,EN,Combined TRACON& Tower with Radar,2,5,52,0,59,0,4,124,0,128,2,9,176,0,187,216,0,216,403
12/04/2006,RDG,PA,AEA,EN,Combined TRACON& Tower with Radar,0,8,46,0,54,0,3,64,0,67,0,11,110,0,121,118,0,118,239
12/05/2006,RDG,PA,AEA,EN,Combined TRACON& Tower with Radar,0,21,22,1,44,0,3,75,1,79,0,24,97,2,123,92,0,92,215
12/06/2006,RDG,PA,AEA,EN,Combined TRACON& Tower with Radar,0,20,32,1,53,0,5,99,0,104,0,25,131,1,157,170,4,174,331
12/07/2006,RDG,PA,AEA,EN,Combined TRACON& Tower with Radar,0,20,43,0,63,0,6,65,0,71,0,26,108,0,134,110,0,110,244
12/08/2006,RDG,PA,AEA,EN,Combined TRACON& Tower with Radar,0,18,36,2,56,0,6,54,2,62,0,24,90,4,118,64,0,64,182
12/09/2006,RDG,PA,AEA,EN,Combined TRACON& Tower with Radar,0,3,9,0,12,0,4,380,0,384,0,7,389,0,396,684,0,684,1080
12/10/2006,RDG,PA,AEA,EN,Combined TRACON& Tower with Radar,0,3,46,1,50,0,0,151,0,151,0,3,197,1,201,240,0,240,441
12/11/2006,RDG,PA,AEA,EN,Combined TRACON& Tower with Radar,0,9,71,0,80,0,3,127,0,130,0,12,198,0,210,174,0,174,384
12/12/2006,RDG,PA,AEA,EN,Combined TRACON& Tower with Radar,0,23,26,0,49,0,2,77,0,79,0,25,103,0,128,116,0,116,244
12/13/2006,RDG,PA,AEA,EN,Combined TRACON& Tower with Radar,0,22,25,0,47,0,0,5,0,5,0,22,30,0,52,4,0,4,56
12/14/2006,RDG,PA,AEA,EN,Combined TRACON& Tower with Radar,0,25,61,1,87,0,3,50,1,54,0,28,111,2,141,196,0,196,337
12/15/2006,RDG,PA,AEA,EN,Combined TRACON& Tower with Radar,1,26,50,3,80,0,4,38,0,42,1,30,88,3,122,52,0,52,174
12/16/2006,RDG,PA,AEA,EN,Combined TRACON& Tower with Radar,0,6,39,9,54,0,7,129,4,140,0,13,168,13,194,228,10,238,432
12/17/2006,RDG,PA,AEA,EN,Combined TRACON& Tower with Radar,0,0,63,0,63,0,1,103,0,104,0,1,166,0,167,188,2,190,357
12/18/2006,RDG,PA,AEA,EN,Combined TRACON& Tower with Radar,0,16,38,0,54,0,3,67,0,70,0,19,105,0,124,110,0,110,234
12/19/2006,RDG,PA,AEA,EN,Combined TRACON& Tower with Radar,0,14,36,4,54,0,4,95,4,103,0,18,131,8,157,144,0,144,301
12/20/2006,RDG,PA,AEA,EN,Combined TRACON& Tower with Radar,0,16,44,0,60,0,18,93,2,113,0,34,137,2,173,142,4,146,319
12/21/2006,RDG,PA,AEA,EN,Combined TRACON& Tower with Radar,0,13,58,7,78,0,8,102,2,112,0,21,160,9,190,124,0,124,314
12/22/2006,RDG,PA,AEA,EN,Combined TRACON& Tower with Radar,0,15,18,0,33,0,0,10,0,10,0,15,28,0,43,6,0,6,49
12/23/2006,RDG,PA,AEA,EN,Combined TRACON& Tower with Radar,0,5,20,0,25,0,2,29,0,31,0,7,49,0,56,28,0,28,84
12/24/2006,RDG,PA,AEA,EN,Combined TRACON& Tower with Radar,0,4,10,0,14,0,2,39,0,41,0,6,49,0,55,46,0,46,101
12/25/2006,RDG,PA,AEA,EN,Combined TRACON& Tower with Radar,0,0,0,0,0,0,4,0,0,4,0,4,0,0,4,0,0,0,4
12/26/2006,RDG,PA,AEA,EN,Combined TRACON& Tower with Radar,0,13,10,0,23,0,1,10,0,11,0,14,20,0,34,18,0,18,52
12/27/2006,RDG,PA,AEA,EN,Combined TRACON& Tower with Radar,0,16,24,0,40,0,8,94,0,102,0,24,118,0,142,136,0,136,278
12/28/2006,RDG,PA,AEA,EN,Combined TRACON& Tower with Radar,0,16,60,0,76,0,5,103,5,113,0,21,163,5,189,240,0,240,429
12/29/2006,RDG,PA,AEA,EN,Combined TRACON& Tower with Radar,0,12,40,0,52,0,8,118,0,126,0,20,158,0,178,194,0,194,372
12/30/2006,RDG,PA,AEA,EN,Combined TRACON& Tower with Radar,0,9,12,0,21,0,0,71,0,71,0,9,83,0,92,180,0,180,272
12/31/2006,RDG,PA,AEA,EN,Combined TRACON& Tower with Radar,0,4,20,0,24,0,1,137,1,139,0,5,157,1,163,124,0,124,287
01/01/2007,RDG,PA,AEA,EN,Combined TRACON& Tower with Radar,0,1,10,0,11,0,0,0,0,0,0,1,10,0,11,0,0,0,11
01/02/2007,RDG,PA,AEA,EN,Combined TRACON& Tower with Radar,0,9,68,0,77,0,2,70,0,72,0,11,138,0,149,88,0,88,237
01/03/2007,RDG,PA,AEA,EN,Combined TRACON& Tower with Radar,0,9,49,0,58,0,14,111,0,125,0,23,160,0,183,168,0,168,351
01/04/2007,RDG,PA,AEA,EN,Combined TRACON& Tower with Radar,0,10,31,4,45,0,11,133,0,144,0,21,164,4,189,192,0,192,381
01/05/2007,RDG,PA,AEA,EN,Combined TRACON& Tower with Radar,0,19,13,1,33,0,0,0,0,0,0,19,13,1,33,0,0,0,33
01/06/2007,RDG,PA,AEA,EN,Combined TRACON& Tower with Radar,0,15,12,3,30,0,1,59,0,60,0,16,71,3,90,54,16,70,160
01/07/2007,RDG,PA,AEA,EN,Combined TRACON& Tower with Radar,0,2,49,2,53,0,3,100,1,104,0,5,149,3,157,220,0,220,377
01/08/2007,RDG,PA,AEA,EN,Combined TRACON& Tower with Radar,0,7,12,7,26,0,2,17,6,25,0,9,29,13,51,6,10,16,67
01/09/2007,RDG,PA,AEA,EN,Combined TRACON& Tower with Radar,0,8,29,2,39,0,6,51,0,57,0,14,80,2,96,84,20,104,200
01/10/2007,RDG,PA,AEA,EN,Combined TRACON& Tower with Radar,0,13,22,8,43,0,8,60,9,77,0,21,82,17,120,62,10,72,192
01/11/2007,RDG,PA,AEA,EN,Combined TRACON& Tower with Radar,0,21,39,0,60,0,7,90,0,97,0,28,129,0,157,198,0,198,355
01/12/2007,RDG,PA,AEA,EN,Combined TRACON& Tower with Radar,0,15,39,0,54,0,12,61,0,73,0,27,100,0,127,106,0,106,233
01/13/2007,RDG,PA,AEA,EN,Combined TRACON& Tower with Radar,0,13,39,0,52,0,4,34,0,38,0,17,73,0,90,108,0,108,198
01/14/2007,RDG,PA,AEA,EN,Combined TRACON& Tower with Radar,0,4,13,0,17,0,0,0,0,0,0,4,13,0,17,0,0,0,17
01/15/2007,RDG,PA,AEA,EN,Combined TRACON& Tower with Radar,0,9,18,0,27,0,0,0,0,0,0,9,18,0,27,0,0,0,27
01/16/2007,RDG,PA,AEA,EN,Combined TRACON& Tower with Radar,0,14,26,6,46,0,1,66,1,68,0,15,92,7,114,122,4,126,240
01/17/2007,RDG,PA,AEA,EN,Combined TRACON& Tower with Radar,0,24,59,5,88,0,17,108,5,130,0,41,167,10,218,200,4,204,422
01/18/2007,RDG,PA,AEA,EN,Combined TRACON& Tower with Radar,0,21,59,4,84,0,8,76,0,84,0,29,135,4,168,120,8,128,296
01/19/2007,RDG,PA,AEA,EN,Combined TRACON& Tower with Radar,0,19,15,2,36,0,2,46,6,54,0,21,61,8,90,94,14,108,198
01/20/2007,RDG,PA,AEA,EN,Combined TRACON& Tower with Radar,0,8,14,0,22,0,2,26,0,28,0,10,40,0,50,0,0,0,50
01/21/2007,RDG,PA,AEA,EN,Combined TRACON& Tower with Radar,0,1,40,2,43,0,0,91,0,91,0,1,131,2,134,174,2,176,310
01/22/2007,RDG,PA,AEA,EN,Combined TRACON& Tower with Radar,0,7,14,0,21,0,0,1,0,1,0,7,15,0,22,0,0,0,22
01/23/2007,RDG,PA,AEA,EN,Combined TRACON& Tower with Radar,0,19,43,0,62,0,5,63,4,72,0,24,106,4,134,110,18,128,262
01/24/2007,RDG,PA,AEA,EN,Combined TRACON& Tower with Radar,0,17,34,6,57,0,5,94,0,99,0,22,128,6,156,140,10,150,306
01/25/2007,RDG,PA,AEA,EN,Combined TRACON& Tower with Radar,0,11,38,2,51,0,8,70,0,78,0,19,108,2,129,122,20,142,271
01/26/2007,RDG,PA,AEA,EN,Combined TRACON& Tower with Radar,0,14,25,2,41,0,5,46,0,51,0,19,71,2,92,62,10,72,164
01/27/2007,RDG,PA,AEA,EN,Combined TRACON& Tower with Radar,0,8,55,0,63,0,5,59,1,65,0,13,114,1,128,144,0,144,272
01/28/2007,RDG,PA,AEA,EN,Combined TRACON& Tower with Radar,0,3,31,0,34,0,0,63,0,63,0,3,94,0,97,188,0,188,285
01/29/2007,RDG,PA,AEA,EN,Combined TRACON& Tower with Radar,0,13,26,0,39,0,2,46,0,48,0,15,72,0,87,72,0,72,159
01/30/2007,RDG,PA,AEA,EN,Combined TRACON& Tower with Radar,0,21,27,0,48,0,5,61,0,66,0,26,88,0,114,74,0,74,188
01/31/2007,RDG,PA,AEA,EN,Combined TRACON& Tower with Radar,0,24,45,0,69,0,2,69,0,71,0,26,114,0,140,104,0,104,244
02/01/2007,RDG,PA,AEA,EN,Combined TRACON& Tower with Radar,0,17,43,2,62,0,5,80,0,85,0,22,123,2,147,126,2,128,275
02/02/2007,RDG,PA,AEA,EN,Combined TRACON& Tower with Radar,0,17,18,0,35,0,3,35,0,38,0,20,53,0,73,56,0,56,129
02/03/2007,RDG,PA,AEA,EN,Combined TRACON& Tower with Radar,0,7,27,0,34,0,0,49,0,49,0,7,76,0,83,80,0,80,163
02/04/2007,RDG,PA,AEA,EN,Combined TRACON& Tower with Radar,0,1,11,0,12,0,1,58,0,59,0,2,69,0,71,118,0,118,189
02/05/2007,RDG,PA,AEA,EN,Combined TRACON& Tower with Radar,0,9,14,0,23,0,5,37,0,42,0,14,51,0,65,54,2,56,121
02/06/2007,RDG,PA,AEA,EN,Combined TRACON& Tower with Radar,0,13,20,2,35,0,6,48,0,54,0,19,68,2,89,46,2,48,137
02/07/2007,RDG,PA,AEA,EN,Combined TRACON& Tower with Radar,0,18,46,4,68,0,9,84,3,96,0,27,130,7,164,138,2,140,304
02/08/2007,RDG,PA,AEA,EN,Combined TRACON& Tower with Radar,0,12,31,10,53,0,8,70,0,78,0,20,101,10,131,92,10,102,233
02/09/2007,RDG,PA,AEA,EN,Combined TRACON& Tower with Radar,0,14,19,0,33,0,5,80,0,85,0,19,99,0,118,72,0,72,190
02/10/2007,RDG,PA,AEA,EN,Combined TRACON& Tower with Radar,0,8,27,0,35,0,5,103,4,112,0,13,130,4,147,148,14,162,309
02/11/2007,RDG,PA,AEA,EN,Combined TRACON& Tower with Radar,0,7,48,0,55,0,1,139,0,140,0,8,187,0,195,298,0,298,493
02/12/2007,RDG,PA,AEA,EN,Combined TRACON& Tower with Radar,0,12,50,0,62,0,5,54,0,59,0,17,104,0,121,106,0,106,227
02/13/2007,RDG,PA,AEA,EN,Combined TRACON& Tower with Radar,0,11,8,0,19,0,1,1,0,2,0,12,9,0,21,0,0,0,21
02/14/2007,RDG,PA,AEA,EN,Combined TRACON& Tower with Radar,0,16,1,0,17,0,0,0,0,0,0,16,1,0,17,0,0,0,17
02/15/2007,RDG,PA,AEA,EN,Combined TRACON& Tower with Radar,0,16,32,1,49,0,3,43,1,47,0,19,75,2,96,36,2,38,134
02/16/2007,RDG,PA,AEA,EN,Combined TRACON& Tower with Radar,0,17,22,0,39,0,6,47,0,53,0,23,69,0,92,18,0,18,110
02/17/2007,RDG,PA,AEA,EN,Combined TRACON& Tower with Radar,0,7,37,0,44,0,2,89,0,91,0,9,126,0,135,188,0,188,323
02/18/2007,RDG,PA,AEA,EN,Combined TRACON& Tower with Radar,2,6,2,0,10,0,0,49,0,49,2,6,51,0,59,88,0,88,147
02/19/2007,RDG,PA,AEA,EN,Combined TRACON& Tower with Radar,0,10,42,0,52,0,4,55,0,59,0,14,97,0,111,140,0,140,251
02/20/2007,RDG,PA,AEA,EN,Combined TRACON& Tower with Radar,0,15,35,0,50,0,5,56,0,61,0,20,91,0,111,98,0,98,209
02/21/2007,RDG,PA,AEA,EN,Combined TRACON& Tower with Radar,0,16,49,0,65,0,6,100,0,106,0,22,149,0,171,124,0,124,295
02/22/2007,RDG,PA,AEA,EN,Combined TRACON& Tower with Radar,0,15,37,0,52,0,1,52,0,53,0,16,89,0,105,82,0,82,187
02/23/2007,RDG,PA,AEA,EN,Combined TRACON& Tower with Radar,0,13,22,0,35,0,1,36,0,37,0,14,58,0,72,58,4,62,134
02/24/2007,RDG,PA,AEA,EN,Combined TRACON& Tower with Radar,0,5,43,1,49,0,3,81,0,84,0,8,124,1,133,156,0,156,289
02/25/2007,RDG,PA,AEA,EN,Combined TRACON& Tower with Radar,2,3,18,0,23,0,1,26,0,27,2,4,44,0,50,30,0,30,80
02/26/2007,RDG,PA,AEA,EN,Combined TRACON& Tower with Radar,0,17,19,0,36,0,2,5,0,7,0,19,24,0,43,0,0,0,43
02/27/2007,RDG,PA,AEA,EN,Combined TRACON& Tower with Radar,0,20,28,1,49,0,0,60,0,60,0,20,88,1,109,124,0,124,233
02/28/2007,RDG,PA,AEA,EN,Combined TRACON& Tower with Radar,0,19,75,11,105,0,3,126,0,129,0,22,201,11,234,210,34,244,478
03/01/2007,RDG,PA,AEA,EN,Combined TRACON& Tower with Radar,0,20,27,4,51,0,7,44,0,51,0,27,71,4,102,108,0,108,210
03/02/2007,RDG,PA,AEA,EN,Combined TRACON& Tower with Radar,0,19,21,0,40,0,2,44,0,46,0,21,65,0,86,48,0,48,134
03/03/2007,RDG,PA,AEA,EN,Combined TRACON& Tower with Radar,0,18,45,1,64,0,6,69,0,75,0,24,114,1,139,148,0,148,287
03/04/2007,RDG,PA,AEA,EN,Combined TRACON& Tower with Radar,0,2,20,0,22,0,0,28,0,28,0,2,48,0,50,26,0,26,76
03/05/2007,RDG,PA,AEA,EN,Combined TRACON& Tower with Radar,0,9,17,1,27,0,0,36,0,36,0,9,53,1,63,20,0,20,83
03/06/2007,RDG,PA,AEA,EN,Combined TRACON& Tower with Radar,0,16,19,0,35,0,4,34,0,38,0,20,53,0,73,14,0,14,87
03/07/2007,RDG,PA,AEA,EN,Combined TRACON& Tower with Radar,0,18,35,0,53,0,1,11,0,12,0,19,46,0,65,20,0,20,85
03/08/2007,RDG,PA,AEA,EN,Combined TRACON& Tower with Radar,0,16,38,4,58,0,2,68,0,70,0,18,106,4,128,114,0,114,242
03/09/2007,RDG,PA,AEA,EN,Combined TRACON& Tower with Radar,0,20,63,2,85,0,12,112,0,124,0,32,175,2,209,226,2,228,437
03/10/2007,RDG,PA,AEA,EN,Combined TRACON& Tower with Radar,0,15,25,0,40,0,2,29,0,31,0,17,54,0,71,98,0,98,169
03/11/2007,RDG,PA,AEA,EN,Combined TRACON& Tower with Radar,0,5,31,0,36,0,0,99,0,99,0,5,130,0,135,230,0,230,365
03/12/2007,RDG,PA,AEA,EN,Combined TRACON& Tower with Radar,0,10,37,0,47,0,20,107,0,127,0,30,144,0,174,180,0,180,354
03/13/2007,RDG,PA,AEA,EN,Combined TRACON& Tower with Radar,0,14,42,2,58,0,17,141,0,158,0,31,183,2,216,282,6,288,504
03/14/2007,RDG,PA,AEA,EN,Combined TRACON& Tower with Radar,0,18,28,5,51,0,2,79,4,85,0,20,107,9,136,140,10,150,286
03/15/2007,RDG,PA,AEA,EN,Combined TRACON& Tower with Radar,0,21,51,2,74,0,5,38,0,43,0,26,89,2,117,128,4,132,249
03/16/2007,RDG,PA,AEA,EN,Combined TRACON& Tower with Radar,0,15,14,0,29,0,1,0,0,1,0,16,14,0,30,0,0,0,30
03/17/2007,RDG,PA,AEA,EN,Combined TRACON& Tower with Radar,0,10,7,0,17,0,0,5,0,5,0,10,12,0,22,2,0,2,24
03/18/2007,RDG,PA,AEA,EN,Combined TRACON& Tower with Radar,0,4,11,0,15,0,2,38,0,40,0,6,49,0,55,68,0,68,123
03/19/2007,RDG,PA,AEA,EN,Combined TRACON& Tower with Radar,0,27,27,0,54,0,0,81,0,81,0,27,108,0,135,154,0,154,289
03/20/2007,RDG,PA,AEA,EN,Combined TRACON& Tower with Radar,0,19,25,6,50,0,6,103,5,114,0,25,128,11,164,128,2,130,294
03/21/2007,RDG,PA,AEA,EN,Combined TRACON& Tower with Radar,0,11,64,3,78,0,20,109,4,133,0,31,173,7,211,170,48,218,429
03/22/2007,RDG,PA,AEA,EN,Combined TRACON& Tower with Radar,0,19,41,6,66,0,5,69,2,76,0,24,110,8,142,154,16,170,312
03/23/2007,RDG,PA,AEA,EN,Combined TRACON& Tower with Radar,0,39,62,1,102,0,4,0,0,4,0,43,62,1,106,0,0,0,106
03/24/2007,RDG,PA,AEA,EN,Combined TRACON& Tower with Radar,0,10,23,0,33,0,1,41,0,42,0,11,64,0,75,86,0,86,161
03/25/2007,RDG,PA,AEA,EN,Combined TRACON& Tower with Radar,2,6,59,0,67,0,1,117,1,119,2,7,176,1,186,290,0,290,476
03/26/2007,RDG,PA,AEA,EN,Combined TRACON& Tower with Radar,0,10,37,0,47,0,2,83,0,85,0,12,120,0,132,150,0,150,282
03/27/2007,RDG,PA,AEA,EN,Combined TRACON& Tower with Radar,0,13,29,1,43,0,6,96,1,103,0,19,125,2,146,146,6,152,298
03/28/2007,RDG,PA,AEA,EN,Combined TRACON& Tower with Radar,0,13,44,1,58,0,3,131,8,142,0,16,175,9,200,225,10,235,435
03/29/2007,RDG,PA,AEA,EN,Combined TRACON& Tower with Radar,0,18,37,8,63,0,4,134,4,142,0,22,171,12,205,196,2,198,403
03/30/2007,RDG,PA,AEA,EN,Combined TRACON& Tower with Radar,0,15,39,1,55,0,4,132,0,136,0,19,171,1,191,318,0,318,509
03/31/2007,RDG,PA,AEA,EN,Combined TRACON& Tower with Radar,0,11,135,0,146,0,3,88,0,91,0,14,223,0,237,282,0,282,519
04/01/2007,RDG,PA,AEA,EN,Combined TRACON& Tower with Radar,0,3,27,0,30,0,1,36,0,37,0,4,63,0,67,130,0,130,197
04/02/2007,RDG,PA,AEA,EN,Combined TRACON& Tower with Radar,0,15,38,4,57,0,2,63,0,65,0,17,101,4,122,102,8,110,232
04/03/2007,RDG,PA,AEA,EN,Combined TRACON& Tower with Radar,0,14,30,6,50,0,15,64,0,79,0,29,94,6,129,138,0,138,267
04/04/2007,RDG,PA,AEA,EN,Combined TRACON& Tower with Radar,0,26,18,0,44,0,0,3,0,3,0,26,21,0,47,40,0,40,87
04/05/2007,RDG,PA,AEA,EN,Combined TRACON& Tower with Radar,0,18,23,0,41,0,2,48,1,51,0,20,71,1,92,130,0,130,222
04/06/2007,RDG,PA,AEA,EN,Combined TRACON& Tower with Radar,0,17,21,2,40,0,1,59,0,60,0,18,80,2,100,100,4,104,204
04/07/2007,RDG,PA,AEA,EN,Combined TRACON& Tower with Radar,0,7,34,0,41,0,4,47,0,51,0,11,81,0,92,74,0,74,166
04/08/2007,RDG,PA,AEA,EN,Combined TRACON& Tower with Radar,2,3,17,0,22,0,2,29,0,31,2,5,46,0,53,12,0,12,65
04/09/2007,RDG,PA,AEA,EN,Combined TRACON& Tower with Radar,0,9,33,8,50,0,2,60,1,63,0,11,93,9,113,104,50,154,267
04/10/2007,RDG,PA,AEA,EN,Combined TRACON& Tower with Radar,0,28,72,0,100,0,8,103,0,111,0,36,175,0,211,202,24,226,437
04/11/2007,RDG,PA,AEA,EN,Combined TRACON& Tower with Radar,0,15,28,7,50,0,10,58,3,71,0,25,86,10,121,116,0,116,237
04/12/2007,RDG,PA,AEA,EN,Combined TRACON& Tower with Radar,0,22,24,1,47,0,3,15,0,18,0,25,39,1,65,4,0,4,69
04/13/2007,RDG,PA,AEA,EN,Combined TRACON& Tower with Radar,0,18,24,0,42,0,5,49,0,54,0,23,73,0,96,52,0,52,148
04/14/2007,RDG,PA,AEA,EN,Combined TRACON& Tower with Radar,0,7,34,0,41,0,4,121,0,125,0,11,155,0,166,162,0,162,328
04/15/2007,RDG,PA,AEA,EN,Combined TRACON& Tower with Radar,0,6,9,0,15,0,0,0,0,0,0,6,9,0,15,0,0,0,15
04/16/2007,RDG,PA,AEA,EN,Combined TRACON& Tower with Radar,0,11,7,0,18,0,3,0,0,3,0,14,7,0,21,0,0,0,21
04/17/2007,RDG,PA,AEA,EN,Combined TRACON& Tower with Radar,0,24,21,0,45,0,3,24,0,27,0,27,45,0,72,30,0,30,102
04/18/2007,RDG,PA,AEA,EN,Combined TRACON& Tower with Radar,0,16,49,4,69,0,10,73,29,112,0,26,122,33,181,152,28,180,361
04/19/2007,RDG,PA,AEA,EN,Combined TRACON& Tower with Radar,0,20,38,0,58,0,4,77,1,82,0,24,115,1,140,148,0,148,288
04/20/2007,RDG,PA,AEA,EN,Combined TRACON& Tower with Radar,0,12,35,3,50,0,3,109,0,112,0,15,144,3,162,304,0,304,466
04/21/2007,RDG,PA,AEA,EN,Combined TRACON& Tower with Radar,0,7,42,0,49,0,6,146,0,152,0,13,188,0,201,250,0,250,451
04/22/2007,RDG,PA,AEA,EN,Combined TRACON& Tower with Radar,0,6,37,1,44,0,1,131,1,133,0,7,168,2,177,284,2,286,463
04/23/2007,RDG,PA,AEA,EN,Combined TRACON& Tower with Radar,0,10,22,0,32,0,7,99,0,106,0,17,121,0,138,186,0,186,324
04/24/2007,RDG,PA,AEA,EN,Combined TRACON& Tower with Radar,0,18,30,2,50,0,7,82,3,92,0,25,112,5,142,192,4,196,338
04/25/2007,RDG,PA,AEA,EN,Combined TRACON& Tower with Radar,0,24,46,0,70,0,6,61,0,67,0,30,107,0,137,96,0,96,233
04/26/2007,RDG,PA,AEA,EN,Combined TRACON& Tower with Radar,0,21,30,6,57,0,2,66,2,70,0,23,96,8,127,134,14,148,275
04/27/2007,RDG,PA,AEA,EN,Combined TRACON& Tower with Radar,0,16,45,2,63,0,3,2,0,5,0,19,47,2,68,0,0,0,68
04/28/2007,RDG,PA,AEA,EN,Combined TRACON& Tower with Radar,0,19,28,1,48,0,13,72,1,86,0,32,100,2,134,128,0,128,262
04/29/2007,RDG,PA,AEA,EN,Combined TRACON& Tower with Radar,1,5,45,0,51,0,0,84,2,86,1,5,129,2,137,178,0,178,315
04/30/2007,RDG,PA,AEA,EN,Combined TRACON& Tower with Radar,0,9,28,3,40,0,2,48,5,55,0,11,76,8,95,84,0,84,179
05/01/2007,RDG,PA,AEA,EN,Combined TRACON& Tower with Radar,0,21,53,0,74,0,7,102,0,109,0,28,155,0,183,236,0,236,419
05/02/2007,RDG,PA,AEA,EN,Combined TRACON& Tower with Radar,0,22,42,2,66,0,3,88,0,91,0,25,130,2,157,206,30,236,393
05/03/2007,RDG,PA,AEA,EN,Combined TRACON& Tower with Radar,0,10,29,7,46,0,23,190,3,216,0,33,219,10,262,238,8,246,508
05/04/2007,RDG,PA,AEA,EN,Combined TRACON& Tower with Radar,0,13,26,2,41,0,3,131,4,138,0,16,157,6,179,254,8,262,441
05/05/2007,RDG,PA,AEA,EN,Combined TRACON& Tower with Radar,0,7,23,0,30,0,4,145,0,149,0,11,168,0,179,192,0,192,371
05/06/2007,RDG,PA,AEA,EN,Combined TRACON& Tower with Radar,2,3,39,0,44,0,5,91,0,96,2,8,130,0,140,100,0,100,240
05/07/2007,RDG,PA,AEA,EN,Combined TRACON& Tower with Radar,0,6,20,0,26,0,4,91,0,95,0,10,111,0,121,108,0,108,229
05/08/2007,RDG,PA,AEA,EN,Combined TRACON& Tower with Radar,0,18,31,0,49,0,5,93,0,98,0,23,124,0,147,156,0,156,303
05/09/2007,RDG,PA,AEA,EN,Combined TRACON& Tower with Radar,0,15,51,3,69,0,8,139,0,147,0,23,190,3,216,326,8,334,550
05/10/2007,RDG,PA,AEA,EN,Combined TRACON& Tower with Radar,0,24,41,7,72,0,2,54,16,72,0,26,95,23,144,152,10,162,306
05/11/2007,RDG,PA,AEA,EN,Combined TRACON& Tower with Radar,0,19,29,2,50,0,1,92,2,95,0,20,121,4,145,146,4,150,295
05/12/2007,RDG,PA,AEA,EN,Combined TRACON& Tower with Radar,0,5,25,0,30,0,1,97,0,98,0,6,122,0,128,126,0,126,254
05/13/2007,RDG,PA,AEA,EN,Combined TRACON& Tower with Radar,2,4,42,0,48,0,0,84,0,84,2,4,126,0,132,204,0,204,336
05/14/2007,RDG,PA,AEA,EN,Combined TRACON& Tower with Radar,0,9,56,0,65,0,5,106,0,111,0,14,162,0,176,0,0,0,176
05/15/2007,RDG,PA,AEA,EN,Combined TRACON& Tower with Radar,0,18,35,14,67,0,5,104,9,118,0,23,139,23,185,160,80,240,425
05/16/2007,RDG,PA,AEA,EN,Combined TRACON& Tower with Radar,0,28,19,2,49,0,2,37,0,39,0,30,56,2,88,46,6,52,140
05/17/2007,RDG,PA,AEA,EN,Combined TRACON& Tower with Radar,0,23,29,7,59,0,2,131,0,133,0,25,160,7,192,242,24,266,458
05/18/2007,RDG,PA,AEA,EN,Combined TRACON& Tower with Radar,0,20,37,3,60,0,1,96,3,100,0,21,133,6,160,138,10,148,308
05/19/2007,RDG,PA,AEA,EN,Combined TRACON& Tower with Radar,0,16,24,6,46,0,12,112,0,124,0,28,136,6,170,156,28,184,354
05/20/2007,RDG,PA,AEA,EN,Combined TRACON& Tower with Radar,0,2,39,2,43,0,3,115,2,120,0,5,154,4,163,178,8,186,349
05/21/2007,RDG,PA,AEA,EN,Combined TRACON& Tower with Radar,0,13,61,0,74,0,4,92,0,96,0,17,153,0,170,216,0,216,386
05/22/2007,RDG,PA,AEA,EN,Combined TRACON& Tower with Radar,0,19,31,4,54,0,7,157,2,166,0,26,188,6,220,226,12,238,458
05/23/2007,RDG,PA,AEA,EN,Combined TRACON& Tower with Radar,0,13,68,5,86,0,8,122,2,132,0,21,190,7,218,232,10,242,460
05/24/2007,RDG,PA,AEA,EN,Combined TRACON& Tower with Radar,0,19,43,9,71,0,0,0,0,0,0,19,43,9,71,13,31,44,115
05/25/2007,RDG,PA,AEA,EN,Combined TRACON& Tower with Radar,0,15,29,0,44,0,4,126,0,130,0,19,155,0,174,132,0,132,306
05/26/2007,RDG,PA,AEA,EN,Combined TRACON& Tower with Radar,0,11,23,2,36,0,1,93,0,94,0,12,116,2,130,228,4,232,362
05/27/2007,RDG,PA,AEA,EN,Combined TRACON& Tower with Radar,1,4,16,0,21,0,0,52,0,52,1,4,68,0,73,64,0,64,137
05/28/2007,RDG,PA,AEA,EN,Combined TRACON& Tower with Radar,2,3,32,0,37,0,0,50,0,50,2,3,82,0,87,112,0,112,199
05/29/2007,RDG,PA,AEA,EN,Combined TRACON& Tower with Radar,0,14,11,0,25,0,7,151,1,159,0,21,162,1,184,218,10,228,412
05/30/2007,RDG,PA,AEA,EN,Combined TRACON& Tower with Radar,0,16,41,9,66,0,10,104,4,118,0,26,145,13,184,202,10,212,396
05/31/2007,RDG,PA,AEA,EN,Combined TRACON& Tower with Radar,0,13,41,0,54,0,12,99,2,113,0,25,140,2,167,138,0,138,305
06/01/2007,RDG,PA,AEA,EN,Combined TRACON& Tower with Radar,0,26,36,4,66,0,58,190,19,267,0,84,226,23,333,214,8,222,555
06/02/2007,RDG,PA,AEA,EN,Combined TRACON& Tower with Radar,0,11,50,0,61,0,7,222,72,301,0,18,272,72,362,356,0,356,718
06/03/2007,RDG,PA,AEA,EN,Combined TRACON& Tower with Radar,1,6,20,1,28,0,5,193,12,210,1,11,213,13,238,370,0,370,608
06/04/2007,RDG,PA,AEA,EN,Combined TRACON& Tower with Radar,0,15,30,2,47,0,0,23,0,23,0,15,53,2,70,26,0,26,96
06/05/2007,RDG,PA,AEA,EN,Combined TRACON& Tower with Radar,0,20,28,7,55,0,4,96,4,104,0,24,124,11,159,176,0,176,335
06/06/2007,RDG,PA,AEA,EN,Combined TRACON& Tower with Radar,0,13,29,1,43,0,1,136,0,137,0,14,165,1,180,154,8,162,342
06/07/2007,RDG,PA,AEA,EN,Combined TRACON& Tower with Radar,0,15,25,3,43,0,5,151,3,159,0,20,176,6,202,210,16,226,428
06/08/2007,RDG,PA,AEA,EN,Combined TRACON& Tower with Radar,0,14,71,3,88,0,7,84,7,98,0,21,155,10,186,142,0,142,328
06/09/2007,RDG,PA,AEA,EN,Combined TRACON& Tower with Radar,0,5,34,0,39,0,5,117,0,122,0,10,151,0,161,250,0,250,411
06/10/2007,RDG,PA,AEA,EN,Combined TRACON& Tower with Radar,2,1,41,0,44,0,3,67,0,70,2,4,108,0,114,262,2,264,378
06/11/2007,RDG,PA,AEA,EN,Combined TRACON& Tower with Radar,0,9,32,4,45,0,0,76,0,76,0,9,108,4,121,116,24,140,261
06/12/2007,RDG,PA,AEA,EN,Combined TRACON& Tower with Radar,0,20,35,0,55,0,4,50,0,54,0,24,85,0,109,92,0,92,201
06/13/2007,RDG,PA,AEA,EN,Combined TRACON& Tower with Radar,0,21,33,1,55,0,2,42,0,44,0,23,75,1,99,112,0,112,211
06/14/2007,RDG,PA,AEA,EN,Combined TRACON& Tower with Radar,0,26,52,8,86,0,0,91,7,98,0,26,143,15,184,168,4,172,356
06/15/2007,RDG,PA,AEA,EN,Combined TRACON& Tower with Radar,0,15,30,0,45,0,4,102,2,108,0,19,132,2,153,248,4,252,405
06/16/2007,RDG,PA,AEA,EN,Combined TRACON& Tower with Radar,0,5,43,1,49,0,0,150,2,152,0,5,193,3,201,196,0,196,397
06/17/2007,RDG,PA,AEA,EN,Combined TRACON& Tower with Radar,0,3,21,0,24,0,1,181,3,185,0,4,202,3,209,194,0,194,403
06/18/2007,RDG,PA,AEA,EN,Combined TRACON& Tower with Radar,0,14,31,0,45,0,1,74,0,75,0,15,105,0,120,74,0,74,194
06/19/2007,RDG,PA,AEA,EN,Combined TRACON& Tower with Radar,0,12,41,1,54,0,2,65,1,68,0,14,106,2,122,86,4,90,212
06/20/2007,RDG,PA,AEA,EN,Combined TRACON& Tower with Radar,0,13,41,1,55,0,3,72,0,75,0,16,113,1,130,184,0,184,314
06/21/2007,RDG,PA,AEA,EN,Combined TRACON& Tower with Radar,0,22,35,2,59,0,4,97,2,103,0,26,132,4,162,226,0,226,388
06/22/2007,RDG,PA,AEA,EN,Combined TRACON& Tower with Radar,0,19,36,6,61,0,3,105,4,112,0,22,141,10,173,158,8,166,339
06/23/2007,RDG,PA,AEA,EN,Combined TRACON& Tower with Radar,0,11,36,0,47,0,0,102,0,102,0,11,138,0,149,176,0,176,325
06/24/2007,RDG,PA,AEA,EN,Combined TRACON& Tower with Radar,2,5,32,0,39,0,8,123,0,131,2,13,155,0,170,230,0,230,400
06/25/2007,RDG,PA,AEA,EN,Combined TRACON& Tower with Radar,0,10,25,2,37,0,3,48,0,51,0,13,73,2,88,36,0,36,124
06/26/2007,RDG,PA,AEA,EN,Combined TRACON& Tower with Radar,0,19,35,3,57,0,5,67,1,73,0,24,102,4,130,124,2,126,256
06/27/2007,RDG,PA,AEA,EN,Combined TRACON& Tower with Radar,0,24,37,7,68,0,1,67,4,72,0,25,104,11,140,176,44,220,360
06/28/2007,RDG,PA,AEA,EN,Combined TRACON& Tower with Radar,0,25,42,0,67,0,0,63,0,63,0,25,105,0,130,90,2,92,222
06/29/2007,RDG,PA,AEA,EN,Combined TRACON& Tower with Radar,0,18,31,1,50,0,11,120,3,134,0,29,151,4,184,166,0,166,350
06/30/2007,RDG,PA,AEA,EN,Combined TRACON& Tower with Radar,0,11,25,0,36,0,3,138,0,141,0,14,163,0,177,248,0,248,425
07/01/2007,RDG,PA,AEA,EN,Combined TRACON& Tower with Radar,2,0,30,1,33,0,2,153,3,158,2,2,183,4,191,292,0,292,483
07/02/2007,RDG,PA,AEA,EN,Combined TRACON& Tower with Radar,0,7,16,0,23,0,3,67,0,70,0,10,83,0,93,107,0,107,200
07/03/2007,RDG,PA,AEA,EN,Combined TRACON& Tower with Radar,0,22,22,0,44,0,7,97,0,104,0,29,119,0,148,186,4,190,338
07/04/2007,RDG,PA,AEA,EN,Combined TRACON& Tower with Radar,0,7,16,0,23,0,2,36,0,38,0,9,52,0,61,146,0,146,207
07/05/2007,RDG,PA,AEA,EN,Combined TRACON& Tower with Radar,0,11,20,2,33,0,3,31,0,34,0,14,51,2,67,80,0,80,147
07/06/2007,RDG,PA,AEA,EN,Combined TRACON& Tower with Radar,0,16,33,1,50,0,0,86,0,86,0,16,119,1,136,180,0,180,316
07/07/2007,RDG,PA,AEA,EN,Combined TRACON& Tower with Radar,0,11,18,0,29,0,3,148,2,153,0,14,166,2,182,232,4,236,418
07/08/2007,RDG,PA,AEA,EN,Combined TRACON& Tower with Radar,1,3,23,0,27,0,0,100,2,102,1,3,123,2,129,100,0,100,229
07/09/2007,RDG,PA,AEA,EN,Combined TRACON& Tower with Radar,0,13,21,0,34,0,7,112,2,121,0,20,133,2,155,148,0,148,303
07/10/2007,RDG,PA,AEA,EN,Combined TRACON& Tower with Radar,0,14,34,7,55,0,7,64,2,73,0,21,98,9,128,62,18,80,208
07/11/2007,RDG,PA,AEA,EN,Combined TRACON& Tower with Radar,0,23,41,0,64,0,9,45,0,54,0,32,86,0,118,140,0,140,258
07/12/2007,RDG,PA,AEA,EN,Combined TRACON& Tower with Radar,0,17,43,6,66,0,11,155,2,168,0,28,198,8,234,314,6,320,554
07/13/2007,RDG,PA,AEA,EN,Combined TRACON& Tower with Radar,0,16,24,2,42,0,4,130,2,136,0,20,154,4,178,162,2,164,342
07/14/2007,RDG,PA,AEA,EN,Combined TRACON& Tower with Radar,0,6,44,1,51,0,10,152,3,165,0,16,196,4,216,252,0,252,468
07/15/2007,RDG,PA,AEA,EN,Combined TRACON& Tower with Radar,2,4,27,0,33,0,2,90,0,92,2,6,117,0,125,186,0,186,311
07/16/2007,RDG,PA,AEA,EN,Combined TRACON& Tower with Radar,0,8,34,1,43,0,4,77,0,81,0,12,111,1,124,236,0,236,360
07/17/2007,RDG,PA,AEA,EN,Combined TRACON& Tower with Radar,0,13,29,0,42,0,4,90,0,94,0,17,119,0,136,250,4,254,390
07/18/2007,RDG,PA,AEA,EN,Combined TRACON& Tower with Radar,0,19,21,9,49,0,2,29,0,31,0,21,50,9,80,64,0,64,144
07/19/2007,RDG,PA,AEA,EN,Combined TRACON& Tower with Radar,0,22,25,2,49,0,1,45,0,46,0,23,70,2,95,108,2,110,205
07/20/2007,RDG,PA,AEA,EN,Combined TRACON& Tower with Radar,0,20,47,1,68,0,1,81,1,83,0,21,128,2,151,124,4,128,279
07/21/2007,RDG,PA,AEA,EN,Combined TRACON& Tower with Radar,0,7,49,0,56,0,4,106,2,112,0,11,155,2,168,292,28,320,488
07/22/2007,RDG,PA,AEA,EN,Combined TRACON& Tower with Radar,0,0,47,1,48,0,5,95,0,100,0,5,142,1,148,216,0,216,364
07/23/2007,RDG,PA,AEA,EN,Combined TRACON& Tower with Radar,0,7,33,4,44,0,3,71,2,76,0,10,104,6,120,136,16,152,272
07/24/2007,RDG,PA,AEA,EN,Combined TRACON& Tower with Radar,0,18,44,3,65,0,2,140,2,144,0,20,184,5,209,246,4,250,459
07/25/2007,RDG,PA,AEA,EN,Combined TRACON& Tower with Radar,0,19,37,2,58,0,6,119,2,127,0,25,156,4,185,216,10,226,411
07/26/2007,RDG,PA,AEA,EN,Combined TRACON& Tower with Radar,0,18,41,7,66,0,6,101,7,114,0,24,142,14,180,244,6,250,430
07/27/2007,RDG,PA,AEA,EN,Combined TRACON& Tower with Radar,0,15,24,3,42,0,7,74,1,82,0,22,98,4,124,126,24,150,274
07/28/2007,RDG,PA,AEA,EN,Combined TRACON& Tower with Radar,0,4,25,0,29,0,4,44,0,48,0,8,69,0,77,100,0,100,177
07/29/2007,RDG,PA,AEA,EN,Combined TRACON& Tower with Radar,0,3,21,0,24,0,4,44,0,48,0,7,65,0,72,106,0,106,178
07/30/2007,RDG,PA,AEA,EN,Combined TRACON& Tower with Radar,0,17,26,0,43,0,0,47,1,48,0,17,73,1,91,120,14,134,225
07/31/2007,RDG,PA,AEA,EN,Combined TRACON& Tower with Radar,0,23,62,0,85,0,3,130,2,135,0,26,192,2,220,348,0,348,568
08/01/2007,RDG,PA,AEA,EN,Combined TRACON& Tower with Radar,0,16,30,0,46,0,1,151,0,152,0,17,181,0,198,174,4,178,376
08/02/2007,RDG,PA,AEA,EN,Combined TRACON& Tower with Radar,0,19,44,7,70,0,5,181,4,190,0,24,225,11,260,322,14,336,596
08/03/2007,RDG,PA,AEA,EN,Combined TRACON& Tower with Radar,0,23,21,4,48,0,6,120,1,127,0,29,141,5,175,186,6,192,367
08/04/2007,RDG,PA,AEA,EN,Combined TRACON& Tower with Radar,0,7,29,2,38,0,9,162,2,173,0,16,191,4,211,350,0,350,561
08/05/2007,RDG,PA,AEA,EN,Combined TRACON& Tower with Radar,0,3,30,2,35,0,3,135,1,139,0,6,165,3,174,134,4,138,312
08/06/2007,RDG,PA,AEA,EN,Combined TRACON& Tower with Radar,0,8,58,0,66,0,5,41,0,46,0,13,99,0,112,48,0,48,160
08/07/2007,RDG,PA,AEA,EN,Combined TRACON& Tower with Radar,0,20,33,5,58,0,5,119,1,125,0,25,152,6,183,208,8,216,399
08/08/2007,RDG,PA,AEA,EN,Combined TRACON& Tower with Radar,0,18,34,6,58,0,5,67,0,72,0,23,101,6,130,150,0,150,280
08/09/2007,RDG,PA,AEA,EN,Combined TRACON& Tower with Radar,0,16,41,0,57,0,10,89,2,101,0,26,130,2,158,152,0,152,310
08/10/2007,RDG,PA,AEA,EN,Combined TRACON& Tower with Radar,0,15,36,0,51,0,4,75,0,79,0,19,111,0,130,132,0,132,262
08/11/2007,RDG,PA,AEA,EN,Combined TRACON& Tower with Radar,0,10,11,0,21,0,0,103,0,103,0,10,114,0,124,254,0,254,378
08/12/2007,RDG,PA,AEA,EN,Combined TRACON& Tower with Radar,0,3,21,0,24,0,0,145,0,145,0,3,166,0,169,228,2,230,399
08/13/2007,RDG,PA,AEA,EN,Combined TRACON& Tower with Radar,0,8,30,4,42,0,9,152,0,161,0,17,182,4,203,192,6,198,401
08/14/2007,RDG,PA,AEA,EN,Combined TRACON& Tower with Radar,0,12,41,5,58,0,14,181,0,195,0,26,222,5,253,290,32,322,575
08/15/2007,RDG,PA,AEA,EN,Combined TRACON& Tower with Radar,0,13,39,4,56,0,11,136,4,151,0,24,175,8,207,262,8,270,477
08/16/2007,RDG,PA,AEA,EN,Combined TRACON& Tower with Radar,0,19,43,2,64,0,6,67,2,75,0,25,110,4,139,72,10,82,221
08/17/2007,RDG,PA,AEA,EN,Combined TRACON& Tower with Radar,0,18,30,0,48,0,7,115,2,124,0,25,145,2,172,118,0,118,290
08/18/2007,RDG,PA,AEA,EN,Combined TRACON& Tower with Radar,0,12,31,0,43,0,5,108,0,113,0,17,139,0,156,242,0,242,398
08/19/2007,RDG,PA,AEA,EN,Combined TRACON& Tower with Radar,0,12,30,0,42,0,4,75,0,79,0,16,105,0,121,108,0,108,229
08/20/2007,RDG,PA,AEA,EN,Combined TRACON& Tower with Radar,0,18,32,2,52,0,0,19,0,19,0,18,51,2,71,16,0,16,87
08/21/2007,RDG,PA,AEA,EN,Combined TRACON& Tower with Radar,0,17,27,0,44,0,1,0,0,1,0,18,27,0,45,2,0,2,47
08/22/2007,RDG,PA,AEA,EN,Combined TRACON& Tower with Radar,0,23,24,9,56,0,1,1,12,14,0,24,25,21,70,54,0,54,124
08/23/2007,RDG,PA,AEA,EN,Combined TRACON& Tower with Radar,0,16,43,2,61,0,0,29,0,29,0,16,72,2,90,76,0,76,166
08/24/2007,RDG,PA,AEA,EN,Combined TRACON& Tower with Radar,0,18,42,4,64,0,0,2,0,2,0,18,44,4,66,0,0,0,66
08/25/2007,RDG,PA,AEA,EN,Combined TRACON& Tower with Radar,0,11,25,3,39,0,3,45,1,49,0,14,70,4,88,96,0,96,184
08/26/2007,RDG,PA,AEA,EN,Combined TRACON& Tower with Radar,0,3,18,0,21,0,2,46,0,48,0,5,64,0,69,126,4,130,199
08/27/2007,RDG,PA,AEA,EN,Combined TRACON& Tower with Radar,0,9,43,0,52,0,2,150,2,154,0,11,193,2,206,280,12,292,498
08/28/2007,RDG,PA,AEA,EN,Combined TRACON& Tower with Radar,0,13,37,0,50,0,12,142,2,156,0,25,179,2,206,192,0,192,398
08/29/2007,RDG,PA,AEA,EN,Combined TRACON& Tower with Radar,0,14,33,2,49,0,9,112,0,121,0,23,145,2,170,248,0,248,418
08/30/2007,RDG,PA,AEA,EN,Combined TRACON& Tower with Radar,0,16,48,5,69,0,10,96,1,107,0,26,144,6,176,214,0,214,390
08/31/2007,RDG,PA,AEA,EN,Combined TRACON& Tower with Radar,0,17,53,6,76,0,4,62,2,68,0,21,115,8,144,178,20,198,342
09/01/2007,RDG,PA,AEA,EN,Combined TRACON& Tower with Radar,0,8,44,5,57,0,5,119,1,125,0,13,163,6,182,162,14,176,358
09/02/2007,RDG,PA,AEA,EN,Combined TRACON& Tower with Radar,0,2,16,0,18,0,3,170,0,173,0,5,186,0,191,212,0,212,403
09/03/2007,RDG,PA,AEA,EN,Combined TRACON& Tower with Radar,0,0,28,0,28,0,0,120,0,120,0,0,148,0,148,186,0,186,334
09/04/2007,RDG,PA,AEA,EN,Combined TRACON& Tower with Radar,0,10,39,6,55,0,3,105,0,108,0,13,144,6,163,186,30,216,379
09/05/2007,RDG,PA,AEA,EN,Combined TRACON& Tower with Radar,0,19,68,2,89,0,2,101,4,107,0,21,169,6,196,292,14,306,502
09/06/2007,RDG,PA,AEA,EN,Combined TRACON& Tower with Radar,0,21,55,0,76,0,1,44,0,45,0,22,99,0,121,86,0,86,207
09/07/2007,RDG,PA,AEA,EN,Combined TRACON& Tower with Radar,0,17,41,5,63,0,2,107,0,109,0,19,148,5,172,202,0,202,374
09/08/2007,RDG,PA,AEA,EN,Combined TRACON& Tower with Radar,0,12,25,0,37,0,2,140,0,142,0,14,165,0,179,286,0,286,465
09/09/2007,RDG,PA,AEA,EN,Combined TRACON& Tower with Radar,0,6,61,6,73,0,2,127,0,129,0,8,188,6,202,286,10,296,498
09/10/2007,RDG,PA,AEA,EN,Combined TRACON& Tower with Radar,0,7,31,0,38,0,4,67,0,71,0,11,98,0,109,94,0,94,203
09/11/2007,RDG,PA,AEA,EN,Combined TRACON& Tower with Radar,0,20,36,0,56,0,0,7,0,7,0,20,43,0,63,36,0,36,99
09/12/2007,RDG,PA,AEA,EN,Combined TRACON& Tower with Radar,0,22,24,2,48,0,3,89,0,92,0,25,113,2,140,186,0,186,326
09/13/2007,RDG,PA,AEA,EN,Combined TRACON& Tower with Radar,0,14,46,19,79,0,3,88,8,99,0,17,134,27,178,214,68,282,460
09/14/2007,RDG,PA,AEA,EN,Combined TRACON& Tower with Radar,0,19,24,4,47,0,3,65,3,71,0,22,89,7,118,100,12,112,230
09/15/2007,RDG,PA,AEA,EN,Combined TRACON& Tower with Radar,0,8,30,0,38,0,3,42,0,45,0,11,72,0,83,60,0,60,143
09/16/2007,RDG,PA,AEA,EN,Combined TRACON& Tower with Radar,0,2,43,0,45,0,2,158,3,163,0,4,201,3,208,218,0,218,426
09/17/2007,RDG,PA,AEA,EN,Combined TRACON& Tower with Radar,0,14,40,8,62,0,8,121,0,129,0,22,161,8,191,166,8,174,365
09/18/2007,RDG,PA,AEA,EN,Combined TRACON& Tower with Radar,0,23,51,6,80,0,7,127,9,143,0,30,178,15,223,182,34,216,439
09/19/2007,RDG,PA,AEA,EN,Combined TRACON& Tower with Radar,0,30,45,7,82,0,0,88,5,93,0,30,133,12,175,184,30,214,389
09/20/2007,RDG,PA,AEA,EN,Combined TRACON& Tower with Radar,0,19,44,6,69,0,8,74,0,82,0,27,118,6,151,188,10,198,349
09/21/2007,RDG,PA,AEA,EN,Combined TRACON& Tower with Radar,0,25,65,2,92,0,30,120,4,154,0,55,185,6,246,158,8,166,412
09/22/2007,RDG,PA,AEA,EN,Combined TRACON& Tower with Radar,0,8,64,0,72,0,2,61,0,63,0,10,125,0,135,64,0,64,199
09/23/2007,RDG,PA,AEA,EN,Combined TRACON& Tower with Radar,0,7,39,0,46,0,2,84,0,86,0,9,123,0,132,174,0,174,306
09/24/2007,RDG,PA,AEA,EN,Combined TRACON& Tower with Radar,0,14,46,7,67,0,7,84,2,93,0,21,130,9,160,164,18,182,342
09/25/2007,RDG,PA,AEA,EN,Combined TRACON& Tower with Radar,0,18,53,12,83,0,7,109,13,129,0,25,162,25,212,258,32,290,502
09/26/2007,RDG,PA,AEA,EN,Combined TRACON& Tower with Radar,0,16,26,3,45,0,3,90,2,95,0,19,116,5,140,208,4,212,352
09/27/2007,RDG,PA,AEA,EN,Combined TRACON& Tower with Radar,0,26,28,8,62,0,3,38,6,47,0,29,66,14,109,64,0,64,173
09/28/2007,RDG,PA,AEA,EN,Combined TRACON& Tower with Radar,0,21,26,0,47,0,3,102,0,105,0,24,128,0,152,113,0,113,265
09/29/2007,RDG,PA,AEA,EN,Combined TRACON& Tower with Radar,0,5,27,4,36,0,4,101,1,106,0,9,128,5,142,170,8,178,320
09/30/2007,RDG,PA,AEA,EN,Combined TRACON& Tower with Radar,0,4,28,0,32,0,1,146,0,147,0,5,174,0,179,146,0,146,325
10/01/2007,RDG,PA,AEA,EN,Combined TRACON& Tower with Radar,0,16,27,0,43,0,3,76,0,79,0,19,103,0,122,94,0,94,216
10/02/2007,RDG,PA,AEA,EN,Combined TRACON& Tower with Radar,0,16,31,2,49,0,5,75,0,80,0,21,106,2,129,174,0,174,303
10/03/2007,RDG,PA,AEA,EN,Combined TRACON& Tower with Radar,0,21,21,0,42,0,2,23,0,25,0,23,44,0,67,62,0,62,129
10/04/2007,RDG,PA,AEA,EN,Combined TRACON& Tower with Radar,0,25,25,9,59,0,4,56,1,61,0,29,81,10,120,108,6,114,234
10/05/2007,RDG,PA,AEA,EN,Combined TRACON& Tower with Radar,0,19,31,4,54,0,4,93,1,98,0,23,124,5,152,50,18,68,220
10/06/2007,RDG,PA,AEA,EN,Combined TRACON& Tower with Radar,0,16,24,0,40,0,1,47,0,48,0,17,71,0,88,58,0,58,146
10/07/2007,RDG,PA,AEA,EN,Combined TRACON& Tower with Radar,2,2,25,0,29,0,7,56,0,63,2,9,81,0,92,76,0,76,168
10/08/2007,RDG,PA,AEA,EN,Combined TRACON& Tower with Radar,0,9,54,0,63,0,5,53,0,58,0,14,107,0,121,122,0,122,243
10/09/2007,RDG,PA,AEA,EN,Combined TRACON& Tower with Radar,0,23,26,2,51,0,4,50,0,54,0,27,76,2,105,122,0,122,227
10/10/2007,RDG,PA,AEA,EN,Combined TRACON& Tower with Radar,0,21,29,3,53,0,1,67,1,69,0,22,96,4,122,136,0,136,258
10/11/2007,RDG,PA,AEA,EN,Combined TRACON& Tower with Radar,0,26,34,2,62,0,0,25,1,26,0,26,59,3,88,28,0,28,116
10/12/2007,RDG,PA,AEA,EN,Combined TRACON& Tower with Radar,0,20,26,7,53,0,4,80,1,85,0,24,106,8,138,120,0,120,258
10/13/2007,RDG,PA,AEA,EN,Combined TRACON& Tower with Radar,0,10,29,2,41,0,6,143,4,153,0,16,172,6,194,214,0,214,408
10/14/2007,RDG,PA,AEA,EN,Combined TRACON& Tower with Radar,2,8,39,0,49,0,0,143,0,143,2,8,182,0,192,234,0,234,426
10/15/2007,RDG,PA,AEA,EN,Combined TRACON& Tower with Radar,0,8,34,0,42,0,3,86,0,89,0,11,120,0,131,126,0,126,257
10/16/2007,RDG,PA,AEA,EN,Combined TRACON& Tower with Radar,0,16,25,1,42,0,7,102,0,109,0,23,127,1,151,246,6,252,403
10/17/2007,RDG,PA,AEA,EN,Combined TRACON& Tower with Radar,0,25,57,2,84,0,4,94,2,100,0,29,151,4,184,90,12,102,286
10/18/2007,RDG,PA,AEA,EN,Combined TRACON& Tower with Radar,0,23,39,14,76,0,5,86,0,91,0,28,125,14,167,124,36,160,327
10/19/2007,RDG,PA,AEA,EN,Combined TRACON& Tower with Radar,0,23,38,11,72,0,1,10,0,11,0,24,48,11,83,6,34,40,123
10/20/2007,RDG,PA,AEA,EN,Combined TRACON& Tower with Radar,0,10,35,0,45,0,0,124,0,124,0,10,159,0,169,202,0,202,371
10/21/2007,RDG,PA,AEA,EN,Combined TRACON& Tower with Radar,0,1,4,0,5,1,5,164,0,170,1,6,168,0,175,204,0,204,379
10/22/2007,RDG,PA,AEA,EN,Combined TRACON& Tower with Radar,0,15,43,3,61,0,6,118,2,126,0,21,161,5,187,246,18,264,451
10/23/2007,RDG,PA,AEA,EN,Combined TRACON& Tower with Radar,0,16,33,15,64,0,12,52,10,74,0,28,85,25,138,86,44,130,268
10/24/2007,RDG,PA,AEA,EN,Combined TRACON& Tower with Radar,0,25,36,0,61,0,0,2,0,2,0,25,38,0,63,0,0,0,63
10/25/2007,RDG,PA,AEA,EN,Combined TRACON& Tower with Radar,0,22,38,2,62,0,8,40,1,49,0,30,78,3,111,80,0,80,191
10/26/2007,RDG,PA,AEA,EN,Combined TRACON& Tower with Radar,0,17,49,9,75,0,0,10,0,10,0,17,59,9,85,0,6,6,91
10/27/2007,RDG,PA,AEA,EN,Combined TRACON& Tower with Radar,0,7,25,0,32,0,0,23,0,23,0,7,48,0,55,22,0,22,77
10/28/2007,RDG,PA,AEA,EN,Combined TRACON& Tower with Radar,1,1,31,0,33,0,2,74,0,76,1,3,105,0,109,156,0,156,265
10/29/2007,RDG,PA,AEA,EN,Combined TRACON& Tower with Radar,0,7,33,0,40,0,5,101,0,106,0,12,134,0,146,148,0,148,294
10/30/2007,RDG,PA,AEA,EN,Combined TRACON& Tower with Radar,0,15,42,11,68,0,5,106,2,113,0,20,148,13,181,206,48,254,435
10/31/2007,RDG,PA,AEA,EN,Combined TRACON& Tower with Radar,0,17,44,7,68,0,1,107,0,108,0,18,151,7,176,182,40,222,398
11/01/2007,RDG,PA,AEA,EN,Combined TRACON& Tower with Radar,0,15,63,12,90,0,12,110,4,126,0,27,173,16,216,204,62,266,482
11/02/2007,RDG,PA,AEA,EN,Combined TRACON& Tower with Radar,0,18,49,7,74,0,10,99,0,109,0,28,148,7,183,192,4,196,379
11/03/2007,RDG,PA,AEA,EN,Combined TRACON& Tower with Radar,0,8,36,0,44,0,2,91,0,93,0,10,127,0,137,132,0,132,269
11/04/2007,RDG,PA,AEA,EN,Combined TRACON& Tower with Radar,2,1,37,0,40,0,6,100,0,106,2,7,137,0,146,186,0,186,332
11/05/2007,RDG,PA,AEA,EN,Combined TRACON& Tower with Radar,0,15,27,18,60,0,3,110,8,121,0,18,137,26,181,96,60,156,337
11/06/2007,RDG,PA,AEA,EN,Combined TRACON& Tower with Radar,0,19,25,13,57,0,4,62,8,74,0,23,87,21,131,68,48,116,247
11/07/2007,RDG,PA,AEA,EN,Combined TRACON& Tower with Radar,0,14,38,5,57,0,8,65,6,79,0,22,103,11,136,154,40,194,330
11/08/2007,RDG,PA,AEA,EN,Combined TRACON& Tower with Radar,0,41,42,4,87,0,11,92,6,109,0,52,134,10,196,152,10,162,358
11/09/2007,RDG,PA,AEA,EN,Combined TRACON& Tower with Radar,0,17,41,7,65,0,6,82,13,101,0,23,123,20,166,120,4,124,290
11/10/2007,RDG,PA,AEA,EN,Combined TRACON& Tower with Radar,0,9,14,0,23,0,1,7,0,8,0,10,21,0,31,54,0,54,85
11/11/2007,RDG,PA,AEA,EN,Combined TRACON& Tower with Radar,1,5,51,0,57,0,0,156,0,156,1,5,207,0,213,300,0,300,513
11/12/2007,RDG,PA,AEA,EN,Combined TRACON& Tower with Radar,0,7,33,0,40,0,4,12,0,16,0,11,45,0,56,0,0,0,56
11/13/2007,RDG,PA,AEA,EN,Combined TRACON& Tower with Radar,0,26,32,3,61,0,2,61,1,64,0,28,93,4,125,108,0,108,233
11/14/2007,RDG,PA,AEA,EN,Combined TRACON& Tower with Radar,0,17,34,11,62,0,5,4,0,9,0,22,38,11,71,0,0,0,71
11/15/2007,RDG,PA,AEA,EN,Combined TRACON& Tower with Radar,0,27,30,0,57,0,5,22,0,27,0,32,52,0,84,28,0,28,112
11/16/2007,RDG,PA,AEA,EN,Combined TRACON& Tower with Radar,0,20,33,12,65,0,1,57,0,58,0,21,90,12,123,92,24,116,239
11/17/2007,RDG,PA,AEA,EN,Combined TRACON& Tower with Radar,0,9,23,0,32,0,4,108,0,112,0,13,131,0,144,246,0,246,390
11/18/2007,RDG,PA,AEA,EN,Combined TRACON& Tower with Radar,2,2,7,0,11,0,0,0,0,0,2,2,7,0,11,0,0,0,11
11/19/2007,RDG,PA,AEA,EN,Combined TRACON& Tower with Radar,0,14,14,0,28,0,0,1,0,1,0,14,15,0,29,0,0,0,29
11/20/2007,RDG,PA,AEA,EN,Combined TRACON& Tower with Radar,0,21,43,0,64,0,0,0,0,0,0,21,43,0,64,0,0,0,64
11/21/2007,RDG,PA,AEA,EN,Combined TRACON& Tower with Radar,0,18,50,3,71,0,1,33,2,36,0,19,83,5,107,64,50,114,221
11/22/2007,RDG,PA,AEA,EN,Combined TRACON& Tower with Radar,0,10,12,0,22,0,2,11,0,13,0,12,23,0,35,10,0,10,45
11/23/2007,RDG,PA,AEA,EN,Combined TRACON& Tower with Radar,0,10,15,1,26,0,2,42,0,44,0,12,57,1,70,106,0,106,176
11/24/2007,RDG,PA,AEA,EN,Combined TRACON& Tower with Radar,0,8,38,0,46,0,2,88,0,90,0,10,126,0,136,194,0,194,330
11/25/2007,RDG,PA,AEA,EN,Combined TRACON& Tower with Radar,2,7,36,0,45,0,3,171,0,174,2,10,207,0,219,220,0,220,439
11/26/2007,RDG,PA,AEA,EN,Combined TRACON& Tower with Radar,0,10,40,0,50,0,2,2,0,4,0,12,42,0,54,6,0,6,60
11/27/2007,RDG,PA,AEA,EN,Combined TRACON& Tower with Radar,0,21,43,5,69,0,33,88,7,128,0,54,131,12,197,160,8,168,365
11/28/2007,RDG,PA,AEA,EN,Combined TRACON& Tower with Radar,0,19,44,24,87,0,7,86,9,102,0,26,130,33,189,262,92,354,543
11/29/2007,RDG,PA,AEA,EN,Combined TRACON& Tower with Radar,0,15,52,6,73,0,8,78,14,100,0,23,130,20,173,210,18,228,401
11/30/2007,RDG,PA,AEA,EN,Combined TRACON& Tower with Radar,0,19,150,6,175,0,0,0,0,0,0,19,150,6,175,152,16,168,343
12/01/2007,RDG,PA,AEA,EN,Combined TRACON& Tower with Radar,0,11,24,3,38,0,7,82,1,90,0,18,106,4,128,84,2,86,214
12/02/2007,RDG,PA,AEA,EN,Combined TRACON& Tower with Radar,1,0,5,0,6,0,0,0,0,0,1,0,5,0,6,0,0,0,6
12/03/2007,RDG,PA,AEA,EN,Combined TRACON& Tower with Radar,0,12,19,0,31,0,0,3,0,3,0,12,22,0,34,0,0,0,34
12/04/2007,RDG,PA,AEA,EN,Combined TRACON& Tower with Radar,0,16,15,3,34,0,0,11,0,11,0,16,26,3,45,10,2,12,57
12/05/2007,RDG,PA,AEA,EN,Combined TRACON& Tower with Radar,0,23,22,0,45,0,0,13,0,13,0,23,35,0,58,30,0,30,88
12/06/2007,RDG,PA,AEA,EN,Combined TRACON& Tower with Radar,0,23,39,3,65,0,8,86,4,98,0,31,125,7,163,70,14,84,247
12/07/2007,RDG,PA,AEA,EN,Combined TRACON& Tower with Radar,0,17,21,2,40,0,2,24,0,26,0,19,45,2,66,4,4,8,74
12/08/2007,RDG,PA,AEA,EN,Combined TRACON& Tower with Radar,0,8,27,0,35,0,0,347,0,347,0,8,374,0,382,148,0,148,530
12/09/2007,RDG,PA,AEA,EN,Combined TRACON& Tower with Radar,2,0,21,0,23,0,1,6,0,7,2,1,27,0,30,40,0,40,70
12/10/2007,RDG,PA,AEA,EN,Combined TRACON& Tower with Radar,0,7,25,0,32,0,0,0,0,0,0,7,25,0,32,0,0,0,32
12/11/2007,RDG,PA,AEA,EN,Combined TRACON& Tower with Radar,0,22,13,0,35,0,1,1,0,2,0,23,14,0,37,0,0,0,37
12/12/2007,RDG,PA,AEA,EN,Combined TRACON& Tower with Radar,0,34,33,2,69,0,0,42,0,42,0,34,75,2,111,112,2,114,225
12/13/2007,RDG,PA,AEA,EN,Combined TRACON& Tower with Radar,0,20,17,0,37,0,1,4,0,5,0,21,21,0,42,0,0,0,42
12/14/2007,RDG,PA,AEA,EN,Combined TRACON& Tower with Radar,0,23,52,0,75,0,1,56,0,57,0,24,108,0,132,82,0,82,214
12/15/2007,RDG,PA,AEA,EN,Combined TRACON& Tower with Radar,0,7,35,0,42,0,3,72,0,75,0,10,107,0,117,144,0,144,261
12/16/2007,RDG,PA,AEA,EN,Combined TRACON& Tower with Radar,0,1,2,0,3,0,0,0,0,0,0,1,2,0,3,0,0,0,3
12/17/2007,RDG,PA,AEA,EN,Combined TRACON& Tower with Radar,0,10,23,0,33,0,0,36,0,36,0,10,59,0,69,22,0,22,91
12/18/2007,RDG,PA,AEA,EN,Combined TRACON& Tower with Radar,0,19,62,12,93,0,8,114,2,124,0,27,176,14,217,262,22,284,501
12/19/2007,RDG,PA,AEA,EN,Combined TRACON& Tower with Radar,0,28,67,0,95,0,11,85,0,96,0,39,152,0,191,234,16,250,441
12/20/2007,RDG,PA,AEA,EN,Combined TRACON& Tower with Radar,0,20,56,5,81,0,15,123,0,138,0,35,179,5,219,278,8,286,505
12/21/2007,RDG,PA,AEA,EN,Combined TRACON& Tower with Radar,0,19,37,0,56,0,1,21,0,22,0,20,58,0,78,20,0,20,98
12/22/2007,RDG,PA,AEA,EN,Combined TRACON& Tower with Radar,0,11,30,0,41,0,0,6,0,6,0,11,36,0,47,22,0,22,69
12/23/2007,RDG,PA,AEA,EN,Combined TRACON& Tower with Radar,0,2,12,0,14,0,0,1,0,1,0,2,13,0,15,0,0,0,15
12/24/2007,RDG,PA,AEA,EN,Combined TRACON& Tower with Radar,0,19,12,0,31,0,9,38,0,47,0,28,50,0,78,94,0,94,172
12/25/2007,RDG,PA,AEA,EN,Combined TRACON& Tower with Radar,0,5,1,0,6,0,5,14,0,19,0,10,15,0,25,10,0,10,35
12/26/2007,RDG,PA,AEA,EN,Combined TRACON& Tower with Radar,0,10,30,4,44,0,3,53,4,60,0,13,83,8,104,122,0,122,226
12/27/2007,RDG,PA,AEA,EN,Combined TRACON& Tower with Radar,0,23,30,0,53,0,0,10,0,10,0,23,40,0,63,4,0,4,67
12/28/2007,RDG,PA,AEA,EN,Combined TRACON& Tower with Radar,0,18,31,0,49,0,2,113,0,115,0,20,144,0,164,228,0,228,392
12/29/2007,RDG,PA,AEA,EN,Combined TRACON& Tower with Radar,0,12,34,0,46,0,2,77,0,79,0,14,111,0,125,138,0,138,263
12/30/2007,RDG,PA,AEA,EN,Combined TRACON& Tower with Radar,0,8,26,0,34,0,4,97,0,101,0,12,123,0,135,158,0,158,293
12/31/2007,RDG,PA,AEA,EN,Combined TRACON& Tower with Radar,0,10,7,0,17,0,1,34,0,35,0,11,41,0,52,126,0,126,178
01/01/2008,RDG,PA,AEA,EN,Combined TRACON& Tower with Radar,0,7,9,0,16,0,0,6,0,6,0,7,15,0,22,22,0,22,44
01/02/2008,RDG,PA,AEA,EN,Combined TRACON& Tower with Radar,0,22,16,2,40,0,0,27,2,29,0,22,43,4,69,20,0,20,89
01/03/2008,RDG,PA,AEA,EN,Combined TRACON& Tower with Radar,0,20,24,1,45,0,6,74,4,84,0,26,98,5,129,162,28,190,319
01/04/2008,RDG,PA,AEA,EN,Combined TRACON& Tower with Radar,0,15,42,0,57,0,18,104,2,124,0,33,146,2,181,154,0,154,335
01/05/2008,RDG,PA,AEA,EN,Combined TRACON& Tower with Radar,0,9,31,0,40,0,5,122,0,127,0,14,153,0,167,178,0,178,345
01/06/2008,RDG,PA,AEA,EN,Combined TRACON& Tower with Radar,0,0,35,5,40,0,5,76,0,81,0,5,111,5,121,168,28,196,317
01/07/2008,RDG,PA,AEA,EN,Combined TRACON& Tower with Radar,0,11,13,0,24,0,0,57,0,57,0,11,70,0,81,172,0,172,253
01/08/2008,RDG,PA,AEA,EN,Combined TRACON& Tower with Radar,0,17,49,4,70,0,4,114,3,121,0,21,163,7,191,260,0,260,451
01/09/2008,RDG,PA,AEA,EN,Combined TRACON& Tower with Radar,0,18,27,5,50,0,10,49,0,59,0,28,76,5,109,46,18,64,173
01/10/2008,RDG,PA,AEA,EN,Combined TRACON& Tower with Radar,0,20,56,13,89,0,10,99,5,114,0,30,155,18,203,194,8,202,405
01/11/2008,RDG,PA,AEA,EN,Combined TRACON& Tower with Radar,0,22,16,1,39,0,8,12,1,21,0,30,28,2,60,38,6,44,104
01/12/2008,RDG,PA,AEA,EN,Combined TRACON& Tower with Radar,0,8,32,0,40,0,8,107,4,119,0,16,139,4,159,228,0,228,387
01/13/2008,RDG,PA,AEA,EN,Combined TRACON& Tower with Radar,0,0,27,0,27,0,10,73,0,83,0,10,100,0,110,222,0,222,332
01/14/2008,RDG,PA,AEA,EN,Combined TRACON& Tower with Radar,0,16,19,0,35,0,1,6,0,7,0,17,25,0,42,0,0,0,42
01/15/2008,RDG,PA,AEA,EN,Combined TRACON& Tower with Radar,0,24,36,4,64,0,3,70,0,73,0,27,106,4,137,106,10,116,253
01/16/2008,RDG,PA,AEA,EN,Combined TRACON& Tower with Radar,0,17,39,5,61,0,12,102,5,119,0,29,141,10,180,128,10,138,318
01/17/2008,RDG,PA,AEA,EN,Combined TRACON& Tower with Radar,0,28,28,0,56,0,0,21,0,21,0,28,49,0,77,14,4,18,95
01/18/2008,RDG,PA,AEA,EN,Combined TRACON& Tower with Radar,0,26,24,0,50,0,3,41,4,48,0,29,65,4,98,92,18,110,208
01/19/2008,RDG,PA,AEA,EN,Combined TRACON& Tower with Radar,0,7,44,2,53,0,5,70,2,77,0,12,114,4,130,224,0,224,354
01/20/2008,RDG,PA,AEA,EN,Combined TRACON& Tower with Radar,0,1,22,0,23,0,0,42,0,42,0,1,64,0,65,94,0,94,159
01/21/2008,RDG,PA,AEA,EN,Combined TRACON& Tower with Radar,0,12,41,0,53,0,1,79,0,80,0,13,120,0,133,84,0,84,217
01/22/2008,RDG,PA,AEA,EN,Combined TRACON& Tower with Radar,0,17,16,7,40,0,9,56,3,68,0,26,72,10,108,52,6,58,166
01/23/2008,RDG,PA,AEA,EN,Combined TRACON& Tower with Radar,0,16,50,6,72,0,7,112,6,125,0,23,162,12,197,108,22,130,327
01/24/2008,RDG,PA,AEA,EN,Combined TRACON& Tower with Radar,0,29,29,2,60,0,9,70,33,112,0,38,99,35,172,152,34,186,358
01/25/2008,RDG,PA,AEA,EN,Combined TRACON& Tower with Radar,0,17,43,2,62,0,7,82,1,90,0,24,125,3,152,124,8,132,284
01/26/2008,RDG,PA,AEA,EN,Combined TRACON& Tower with Radar,0,13,39,0,52,0,9,95,0,104,0,22,134,0,156,236,16,252,408
01/27/2008,RDG,PA,AEA,EN,Combined TRACON& Tower with Radar,0,1,26,0,27,0,3,91,0,94,0,4,117,0,121,286,0,286,407
01/28/2008,RDG,PA,AEA,EN,Combined TRACON& Tower with Radar,0,12,79,0,91,0,7,107,0,114,0,19,186,0,205,160,0,160,365
01/29/2008,RDG,PA,AEA,EN,Combined TRACON& Tower with Radar,0,19,28,2,49,0,3,5,0,8,0,22,33,2,57,0,0,0,57
01/30/2008,RDG,PA,AEA,EN,Combined TRACON& Tower with Radar,0,18,15,4,37,0,6,16,13,35,0,24,31,17,72,20,6,26,98
01/31/2008,RDG,PA,AEA,EN,Combined TRACON& Tower with Radar,0,19,62,10,91,0,23,102,25,150,0,42,164,35,241,252,28,280,521
02/01/2008,RDG,PA,AEA,EN,Combined TRACON& Tower with Radar,0,19,10,0,29,0,3,3,0,6,0,22,13,0,35,4,0,4,39
02/02/2008,RDG,PA,AEA,EN,Combined TRACON& Tower with Radar,0,14,20,0,34,0,5,79,0,84,0,19,99,0,118,160,0,160,278
02/03/2008,RDG,PA,AEA,EN,Combined TRACON& Tower with Radar,0,1,26,0,27,0,1,102,0,103,0,2,128,0,130,190,0,190,320
02/04/2008,RDG,PA,AEA,EN,Combined TRACON& Tower with Radar,0,30,13,0,43,0,1,21,0,22,0,31,34,0,65,400,0,400,465
02/05/2008,RDG,PA,AEA,EN,Combined TRACON& Tower with Radar,0,35,21,0,56,0,0,0,0,0,0,35,21,0,56,10,0,10,66
02/06/2008,RDG,PA,AEA,EN,Combined TRACON& Tower with Radar,0,36,22,2,60,0,4,20,0,24,0,40,42,2,84,48,0,48,132
02/07/2008,RDG,PA,AEA,EN,Combined TRACON& Tower with Radar,0,45,13,11,69,0,23,61,4,88,0,68,74,15,157,118,14,132,289
02/08/2008,RDG,PA,AEA,EN,Combined TRACON& Tower with Radar,0,34,51,20,105,0,26,102,1,129,0,60,153,21,234,256,52,308,542
02/09/2008,RDG,PA,AEA,EN,Combined TRACON& Tower with Radar,0,8,20,0,28,0,2,27,2,31,0,10,47,2,59,40,0,40,99
02/10/2008,RDG,PA,AEA,EN,Combined TRACON& Tower with Radar,0,0,7,3,10,0,0,18,0,18,0,0,25,3,28,36,4,40,68
02/11/2008,RDG,PA,AEA,EN,Combined TRACON& Tower with Radar,0,7,21,0,28,0,5,50,2,57,0,12,71,2,85,62,0,62,147
02/12/2008,RDG,PA,AEA,EN,Combined TRACON& Tower with Radar,0,18,10,0,28,0,5,16,0,21,0,23,26,0,49,0,0,0,49
02/13/2008,RDG,PA,AEA,EN,Combined TRACON& Tower with Radar,0,22,18,0,40,0,0,0,0,0,0,22,18,0,40,0,0,0,40
02/14/2008,RDG,PA,AEA,EN,Combined TRACON& Tower with Radar,0,23,39,11,73,0,32,60,6,98,0,55,99,17,171,186,8,194,365
02/15/2008,RDG,PA,AEA,EN,Combined TRACON& Tower with Radar,0,19,33,0,52,0,1,56,2,59,0,20,89,2,111,138,0,138,249
02/16/2008,RDG,PA,AEA,EN,Combined TRACON& Tower with Radar,0,10,47,0,57,0,0,101,2,103,0,10,148,2,160,180,0,180,340
02/17/2008,RDG,PA,AEA,EN,Combined TRACON& Tower with Radar,1,6,30,0,37,0,2,72,0,74,1,8,102,0,111,118,0,118,229
02/18/2008,RDG,PA,AEA,EN,Combined TRACON& Tower with Radar,0,11,27,2,40,0,0,12,0,12,0,11,39,2,52,18,0,18,70
02/19/2008,RDG,PA,AEA,EN,Combined TRACON& Tower with Radar,0,14,13,20,47,0,9,40,2,51,0,23,53,22,98,64,24,88,186
02/20/2008,RDG,PA,AEA,EN,Combined TRACON& Tower with Radar,0,16,14,0,30,0,2,45,0,47,0,18,59,0,77,94,0,94,171
02/21/2008,RDG,PA,AEA,EN,Combined TRACON& Tower with Radar,0,16,41,12,69,0,9,55,0,64,0,25,96,12,133,164,26,190,323
02/22/2008,RDG,PA,AEA,EN,Combined TRACON& Tower with Radar,0,17,8,0,25,0,1,6,0,7,0,18,14,0,32,16,0,16,48
02/23/2008,RDG,PA,AEA,EN,Combined TRACON& Tower with Radar,0,7,9,0,16,0,1,10,0,11,0,8,19,0,27,54,0,54,81
02/24/2008,RDG,PA,AEA,EN,Combined TRACON& Tower with Radar,2,1,89,0,92,0,2,128,0,130,2,3,217,0,222,266,0,266,488
02/25/2008,RDG,PA,AEA,EN,Combined TRACON& Tower with Radar,0,15,73,17,105,0,6,60,1,67,0,21,133,18,172,187,44,231,403
02/26/2008,RDG,PA,AEA,EN,Combined TRACON& Tower with Radar,0,20,33,0,53,0,0,4,0,4,0,20,37,0,57,0,0,0,57
02/27/2008,RDG,PA,AEA,EN,Combined TRACON& Tower with Radar,0,18,29,0,47,0,3,30,12,45,0,21,59,12,92,16,14,30,122
02/28/2008,RDG,PA,AEA,EN,Combined TRACON& Tower with Radar,0,18,41,2,61,0,9,62,0,71,0,27,103,2,132,96,0,96,228
02/29/2008,RDG,PA,AEA,EN,Combined TRACON& Tower with Radar,0,12,22,6,40,0,11,45,3,59,0,23,67,9,99,102,6,108,207
03/01/2008,RDG,PA,AEA,EN,Combined TRACON& Tower with Radar,0,11,18,0,29,0,0,26,2,28,0,11,44,2,57,52,0,52,109
03/02/2008,RDG,PA,AEA,EN,Combined TRACON& Tower with Radar,2,3,41,0,46,0,1,121,0,122,2,4,162,0,168,166,0,166,334
03/03/2008,RDG,PA,AEA,EN,Combined TRACON& Tower with Radar,0,22,20,0,42,0,6,67,0,73,0,28,87,0,115,164,0,164,279
03/04/2008,RDG,PA,AEA,EN,Combined TRACON& Tower with Radar,0,31,22,0,53,0,6,7,0,13,0,37,29,0,66,40,0,40,106
03/05/2008,RDG,PA,AEA,EN,Combined TRACON& Tower with Radar,0,19,19,0,38,0,6,28,0,34,0,25,47,0,72,6,6,12,84
03/06/2008,RDG,PA,AEA,EN,Combined TRACON& Tower with Radar,0,15,25,6,46,0,6,107,4,117,0,21,132,10,163,238,22,260,423
03/07/2008,RDG,PA,AEA,EN,Combined TRACON& Tower with Radar,0,15,27,6,48,0,6,8,0,14,0,21,35,6,62,16,0,16,78
03/08/2008,RDG,PA,AEA,EN,Combined TRACON& Tower with Radar,0,8,5,0,13,0,0,0,0,0,0,8,5,0,13,0,0,0,13
03/09/2008,RDG,PA,AEA,EN,Combined TRACON& Tower with Radar,1,4,10,0,15,0,4,16,0,20,1,8,26,0,35,0,0,0,35
03/10/2008,RDG,PA,AEA,EN,Combined TRACON& Tower with Radar,0,12,39,2,53,0,9,87,12,108,0,21,126,14,161,199,12,211,372
03/11/2008,RDG,PA,AEA,EN,Combined TRACON& Tower with Radar,0,15,37,5,57,0,11,63,6,80,0,26,100,11,137,174,8,182,319
03/12/2008,RDG,PA,AEA,EN,Combined TRACON& Tower with Radar,0,18,32,0,50,0,5,50,0,55,0,23,82,0,105,134,0,134,239
03/13/2008,RDG,PA,AEA,EN,Combined TRACON& Tower with Radar,0,19,36,0,55,0,8,101,5,114,0,27,137,5,169,168,14,182,351
03/14/2008,RDG,PA,AEA,EN,Combined TRACON& Tower with Radar,0,15,67,10,92,0,7,76,8,91,0,22,143,18,183,132,72,204,387
03/15/2008,RDG,PA,AEA,EN,Combined TRACON& Tower with Radar,0,9,48,2,59,0,8,73,0,81,0,17,121,2,140,170,0,170,310
03/16/2008,RDG,PA,AEA,EN,Combined TRACON& Tower with Radar,2,1,26,3,32,0,10,58,0,68,2,11,84,3,100,120,0,120,220
03/17/2008,RDG,PA,AEA,EN,Combined TRACON& Tower with Radar,0,11,46,0,57,0,7,87,2,96,0,18,133,2,153,166,0,166,319
03/18/2008,RDG,PA,AEA,EN,Combined TRACON& Tower with Radar,0,19,17,11,47,0,7,46,2,55,0,26,63,13,102,80,24,104,206
03/19/2008,RDG,PA,AEA,EN,Combined TRACON& Tower with Radar,0,20,33,0,53,0,1,2,0,3,0,21,35,0,56,0,0,0,56
03/20/2008,RDG,PA,AEA,EN,Combined TRACON& Tower with Radar,0,20,47,12,79,0,10,49,1,60,0,30,96,13,139,40,44,84,223
03/21/2008,RDG,PA,AEA,EN,Combined TRACON& Tower with Radar,0,17,19,6,42,0,5,50,4,59,0,22,69,10,101,74,66,140,241
03/22/2008,RDG,PA,AEA,EN,Combined TRACON& Tower with Radar,0,7,36,0,43,0,2,55,0,57,0,9,91,0,100,154,0,154,254
03/23/2008,RDG,PA,AEA,EN,Combined TRACON& Tower with Radar,0,0,26,0,26,0,2,93,1,96,0,2,119,1,122,148,0,148,270
03/24/2008,RDG,PA,AEA,EN,Combined TRACON& Tower with Radar,0,19,30,3,52,0,26,111,0,137,0,45,141,3,189,254,6,260,449
03/25/2008,RDG,PA,AEA,EN,Combined TRACON& Tower with Radar,0,22,50,13,85,0,10,116,3,129,0,32,166,16,214,188,34,222,436
03/26/2008,RDG,PA,AEA,EN,Combined TRACON& Tower with Radar,0,15,35,7,57,0,1,72,5,78,0,16,107,12,135,150,6,156,291
03/27/2008,RDG,PA,AEA,EN,Combined TRACON& Tower with Radar,0,20,31,13,64,0,8,35,0,43,0,28,66,13,107,78,24,102,209
03/28/2008,RDG,PA,AEA,EN,Combined TRACON& Tower with Radar,0,19,56,3,78,0,6,27,15,48,0,25,83,18,126,68,2,70,196
03/29/2008,RDG,PA,AEA,EN,Combined TRACON& Tower with Radar,0,20,33,0,53,0,12,93,1,106,0,32,126,1,159,130,0,130,289
03/30/2008,RDG,PA,AEA,EN,Combined TRACON& Tower with Radar,2,5,96,3,106,0,5,146,0,151,2,10,242,3,257,338,0,338,595
03/31/2008,RDG,PA,AEA,EN,Combined TRACON& Tower with Radar,0,20,20,1,41,0,4,8,0,12,0,24,28,1,53,12,0,12,65
04/01/2008,RDG,PA,AEA,EN,Combined TRACON& Tower with Radar,0,22,40,4,66,0,5,38,0,43,0,27,78,4,109,102,4,106,215
04/02/2008,RDG,PA,AEA,EN,Combined TRACON& Tower with Radar,0,18,35,10,63,0,11,75,0,86,0,29,110,10,149,86,10,96,245
04/03/2008,RDG,PA,AEA,EN,Combined TRACON& Tower with Radar,0,14,49,10,73,0,18,75,15,108,0,32,124,25,181,142,76,218,399
04/04/2008,RDG,PA,AEA,EN,Combined TRACON& Tower with Radar,0,20,12,0,32,0,2,1,0,3,0,22,13,0,35,0,0,0,35
04/05/2008,RDG,PA,AEA,EN,Combined TRACON& Tower with Radar,0,11,51,0,62,0,15,37,0,52,0,26,88,0,114,94,0,94,208
04/06/2008,RDG,PA,AEA,EN,Combined TRACON& Tower with Radar,2,4,37,1,44,0,9,52,0,61,2,13,89,1,105,110,0,110,215
04/07/2008,RDG,PA,AEA,EN,Combined TRACON& Tower with Radar,0,10,35,4,49,0,15,49,2,66,0,25,84,6,115,118,2,120,235
04/08/2008,RDG,PA,AEA,EN,Combined TRACON& Tower with Radar,0,21,36,4,61,0,15,63,4,82,0,36,99,8,143,160,12,172,315
04/09/2008,RDG,PA,AEA,EN,Combined TRACON& Tower with Radar,1,26,39,6,72,0,21,82,1,104,1,47,121,7,176,198,6,204,380
04/10/2008,RDG,PA,AEA,EN,Combined TRACON& Tower with Radar,0,21,31,3,55,0,12,73,4,89,0,33,104,7,144,98,28,126,270
04/11/2008,RDG,PA,AEA,EN,Combined TRACON& Tower with Radar,0,20,36,3,59,0,5,37,3,45,0,25,73,6,104,54,0,54,158
04/12/2008,RDG,PA,AEA,EN,Combined TRACON& Tower with Radar,0,11,15,0,26,0,3,17,4,24,0,14,32,4,50,34,0,34,84
04/13/2008,RDG,PA,AEA,EN,Combined TRACON& Tower with Radar,2,2,44,0,48,0,4,50,0,54,2,6,94,0,102,98,0,98,200
04/14/2008,RDG,PA,AEA,EN,Combined TRACON& Tower with Radar,0,7,24,0,31,0,6,58,2,66,0,13,82,2,97,174,0,174,271
04/15/2008,RDG,PA,AEA,EN,Combined TRACON& Tower with Radar,0,18,24,1,43,0,8,102,2,112,0,26,126,3,155,122,0,122,277
04/16/2008,RDG,PA,AEA,EN,Combined TRACON& Tower with Radar,0,18,48,10,76,0,15,109,22,146,0,33,157,32,222,198,32,230,452
04/17/2008,RDG,PA,AEA,EN,Combined TRACON& Tower with Radar,0,16,48,0,64,0,24,165,0,189,0,40,213,0,253,288,0,288,541
04/18/2008,RDG,PA,AEA,EN,Combined TRACON& Tower with Radar,0,19,26,15,60,0,6,87,5,98,0,25,113,20,158,140,12,152,310
04/19/2008,RDG,PA,AEA,EN,Combined TRACON& Tower with Radar,0,4,26,1,31,0,0,1,0,1,0,4,27,1,32,118,0,118,150
04/20/2008,RDG,PA,AEA,EN,Combined TRACON& Tower with Radar,1,0,31,0,32,0,1,1,2,4,1,1,32,2,36,18,0,18,54
04/21/2008,RDG,PA,AEA,EN,Combined TRACON& Tower with Radar,0,13,24,2,39,0,5,32,3,40,0,18,56,5,79,42,0,42,121
04/22/2008,RDG,PA,AEA,EN,Combined TRACON& Tower with Radar,0,17,38,0,55,0,18,83,1,102,0,35,121,1,157,142,2,144,301
04/23/2008,RDG,PA,AEA,EN,Combined TRACON& Tower with Radar,0,16,37,4,57,0,20,90,3,113,0,36,127,7,170,136,22,158,328
04/24/2008,RDG,PA,AEA,EN,Combined TRACON& Tower with Radar,0,20,41,2,63,0,19,83,5,107,0,39,124,7,170,108,2,110,280
04/25/2008,RDG,PA,AEA,EN,Combined TRACON& Tower with Radar,0,13,48,0,61,0,9,86,2,97,0,22,134,2,158,144,0,144,302
04/26/2008,RDG,PA,AEA,EN,Combined TRACON& Tower with Radar,0,6,21,0,27,0,9,42,0,51,0,15,63,0,78,84,0,84,162
04/27/2008,RDG,PA,AEA,EN,Combined TRACON& Tower with Radar,2,1,38,0,41,0,5,31,0,36,2,6,69,0,77,102,0,102,179
04/28/2008,RDG,PA,AEA,EN,Combined TRACON& Tower with Radar,0,16,29,0,45,0,1,6,0,7,0,17,35,0,52,14,0,14,66
04/29/2008,RDG,PA,AEA,EN,Combined TRACON& Tower with Radar,0,21,34,2,57,0,5,55,5,65,0,26,89,7,122,54,0,54,176
04/30/2008,RDG,PA,AEA,EN,Combined TRACON& Tower with Radar,0,17,39,4,60,0,6,65,7,78,0,23,104,11,138,108,0,108,246
05/01/2008,RDG,PA,AEA,EN,Combined TRACON& Tower with Radar,0,18,35,2,55,0,4,98,5,107,0,22,133,7,162,138,0,138,300
05/02/2008,RDG,PA,AEA,EN,Combined TRACON& Tower with Radar,0,25,51,3,79,0,6,42,8,56,0,31,93,11,135,50,6,56,191
05/03/2008,RDG,PA,AEA,EN,Combined TRACON& Tower with Radar,0,10,14,2,26,0,0,0,0,0,0,10,14,2,26,0,0,0,26
05/04/2008,RDG,PA,AEA,EN,Combined TRACON& Tower with Radar,2,2,27,0,31,0,8,73,4,85,2,10,100,4,116,124,0,124,240
05/05/2008,RDG,PA,AEA,EN,Combined TRACON& Tower with Radar,0,12,66,0,78,0,8,85,0,93,0,20,151,0,171,170,0,170,341
05/06/2008,RDG,PA,AEA,EN,Combined TRACON& Tower with Radar,0,17,77,1,95,0,10,95,1,106,0,27,172,2,201,184,0,184,385
05/07/2008,RDG,PA,AEA,EN,Combined TRACON& Tower with Radar,0,17,62,8,87,0,13,69,2,84,0,30,131,10,171,124,8,132,303
05/08/2008,RDG,PA,AEA,EN,Combined TRACON& Tower with Radar,0,18,45,2,65,0,18,66,8,92,0,36,111,10,157,154,4,158,315
05/09/2008,RDG,PA,AEA,EN,Combined TRACON& Tower with Radar,0,22,33,0,55,0,13,8,0,21,0,35,41,0,76,30,0,30,106
05/10/2008,RDG,PA,AEA,EN,Combined TRACON& Tower with Radar,0,9,51,0,60,0,10,89,3,102,0,19,140,3,162,174,0,174,336
05/11/2008,RDG,PA,AEA,EN,Combined TRACON& Tower with Radar,2,4,14,0,20,0,0,55,0,55,2,4,69,0,75,138,0,138,213
05/12/2008,RDG,PA,AEA,EN,Combined TRACON& Tower with Radar,0,12,10,0,22,0,1,5,0,6,0,13,15,0,28,0,0,0,28
05/13/2008,RDG,PA,AEA,EN,Combined TRACON& Tower with Radar,0,18,49,5,72,0,22,61,0,83,0,40,110,5,155,100,22,122,277
05/14/2008,RDG,PA,AEA,EN,Combined TRACON& Tower with Radar,0,21,49,3,73,0,0,0,0,0,0,21,49,3,73,108,0,108,181
05/15/2008,RDG,PA,AEA,EN,Combined TRACON& Tower with Radar,0,23,37,5,65,0,0,0,0,0,0,23,37,5,65,164,14,178,243
05/16/2008,RDG,PA,AEA,EN,Combined TRACON& Tower with Radar,0,17,16,0,33,0,0,0,0,0,0,17,16,0,33,10,0,10,43
05/17/2008,RDG,PA,AEA,EN,Combined TRACON& Tower with Radar,0,11,38,2,51,0,7,58,8,73,0,18,96,10,124,96,20,116,240
05/18/2008,RDG,PA,AEA,EN,Combined TRACON& Tower with Radar,2,2,17,0,21,0,4,15,0,19,2,6,32,0,40,56,0,56,96
05/19/2008,RDG,PA,AEA,EN,Combined TRACON& Tower with Radar,0,14,19,4,37,0,33,26,2,61,0,47,45,6,98,47,0,47,145
05/20/2008,RDG,PA,AEA,EN,Combined TRACON& Tower with Radar,0,20,28,0,48,0,46,27,0,73,0,66,55,0,121,44,0,44,165
05/21/2008,RDG,PA,AEA,EN,Combined TRACON& Tower with Radar,0,15,45,4,64,0,26,76,0,102,0,41,121,4,166,142,8,150,316
05/22/2008,RDG,PA,AEA,EN,Combined TRACON& Tower with Radar,0,20,27,2,49,0,3,31,0,34,0,23,58,2,83,40,0,40,123
05/23/2008,RDG,PA,AEA,EN,Combined TRACON& Tower with Radar,0,17,50,0,67,0,12,141,0,153,0,29,191,0,220,226,0,226,446
05/24/2008,RDG,PA,AEA,EN,Combined TRACON& Tower with Radar,0,17,28,0,45,0,17,85,0,102,0,34,113,0,147,112,0,112,259
05/25/2008,RDG,PA,AEA,EN,Combined TRACON& Tower with Radar,0,1,14,0,15,0,1,129,3,133,0,2,143,3,148,130,0,130,278
05/26/2008,RDG,PA,AEA,EN,Combined TRACON& Tower with Radar,0,0,45,0,45,0,45,19,0,64,0,45,64,0,109,80,0,80,189
05/27/2008,RDG,PA,AEA,EN,Combined TRACON& Tower with Radar,0,9,30,0,39,0,0,0,0,0,0,9,30,0,39,98,0,98,137
05/28/2008,RDG,PA,AEA,EN,Combined TRACON& Tower with Radar,0,13,12,0,25,0,0,0,0,0,0,13,12,0,25,146,0,146,171
05/29/2008,RDG,PA,AEA,EN,Combined TRACON& Tower with Radar,0,12,29,0,41,0,1,61,0,62,0,13,90,0,103,236,0,236,339
05/30/2008,RDG,PA,AEA,EN,Combined TRACON& Tower with Radar,0,13,45,1,59,0,15,106,6,127,0,28,151,7,186,170,28,198,384
05/31/2008,RDG,PA,AEA,EN,Combined TRACON& Tower with Radar,0,12,4,0,16,0,12,17,1,30,0,24,21,1,46,30,54,84,130
06/01/2008,RDG,PA,AEA,EN,Combined TRACON& Tower with Radar,0,4,23,0,27,0,4,88,0,92,0,8,111,0,119,122,0,122,241
06/02/2008,RDG,PA,AEA,EN,Combined TRACON& Tower with Radar,0,10,25,0,35,0,22,89,0,111,0,32,114,0,146,158,0,158,304
06/03/2008,RDG,PA,AEA,EN,Combined TRACON& Tower with Radar,0,16,52,3,71,0,27,101,4,132,0,43,153,7,203,172,0,172,375
06/04/2008,RDG,PA,AEA,EN,Combined TRACON& Tower with Radar,0,14,35,0,49,0,1,12,0,13,0,15,47,0,62,28,0,28,90
06/05/2008,RDG,PA,AEA,EN,Combined TRACON& Tower with Radar,0,22,41,6,69,0,17,31,1,49,0,39,72,7,118,82,14,96,214
06/06/2008,RDG,PA,AEA,EN,Combined TRACON& Tower with Radar,0,20,41,2,63,0,142,130,12,284,0,162,171,14,347,156,0,156,503
06/07/2008,RDG,PA,AEA,EN,Combined TRACON& Tower with Radar,0,7,21,1,29,0,442,112,2,556,0,449,133,3,585,242,0,242,827
06/08/2008,RDG,PA,AEA,EN,Combined TRACON& Tower with Radar,1,3,16,0,20,0,351,85,3,439,1,354,101,3,459,344,2,346,805
06/09/2008,RDG,PA,AEA,EN,Combined TRACON& Tower with Radar,0,10,32,8,50,1,12,106,6,125,1,22,138,14,175,226,10,236,411
06/10/2008,RDG,PA,AEA,EN,Combined TRACON& Tower with Radar,0,17,34,1,52,0,19,72,5,96,0,36,106,6,148,198,4,202,350
06/11/2008,RDG,PA,AEA,EN,Combined TRACON& Tower with Radar,0,15,21,4,40,0,21,78,1,100,0,36,99,5,140,220,0,220,360
06/12/2008,RDG,PA,AEA,EN,Combined TRACON& Tower with Radar,0,17,34,6,57,0,11,119,6,136,0,28,153,12,193,150,2,152,345
06/13/2008,RDG,PA,AEA,EN,Combined TRACON& Tower with Radar,0,14,35,9,58,0,27,86,6,119,0,41,121,15,177,184,26,210,387
06/14/2008,RDG,PA,AEA,EN,Combined TRACON& Tower with Radar,0,10,47,0,57,0,8,73,0,81,0,18,120,0,138,92,0,92,230
06/15/2008,RDG,PA,AEA,EN,Combined TRACON& Tower with Radar,2,4,11,0,17,0,10,41,0,51,2,14,52,0,68,104,2,106,174
06/16/2008,RDG,PA,AEA,EN,Combined TRACON& Tower with Radar,0,11,32,0,43,0,11,30,0,41,0,22,62,0,84,30,0,30,114
06/17/2008,RDG,PA,AEA,EN,Combined TRACON& Tower with Radar,0,18,24,0,42,0,18,58,2,78,0,36,82,2,120,152,0,152,272
06/18/2008,RDG,PA,AEA,EN,Combined TRACON& Tower with Radar,0,15,44,5,64,0,17,57,5,79,0,32,101,10,143,126,20,146,289
06/19/2008,RDG,PA,AEA,EN,Combined TRACON& Tower with Radar,0,12,52,3,67,0,17,80,2,99,0,29,132,5,166,166,8,174,340
06/20/2008,RDG,PA,AEA,EN,Combined TRACON& Tower with Radar,0,20,23,11,54,0,12,60,13,85,0,32,83,24,139,136,18,154,293
06/21/2008,RDG,PA,AEA,EN,Combined TRACON& Tower with Radar,0,7,27,0,34,0,11,85,0,96,0,18,112,0,130,146,0,146,276
06/22/2008,RDG,PA,AEA,EN,Combined TRACON& Tower with Radar,2,2,15,0,19,0,3,54,0,57,2,5,69,0,76,102,0,102,178
06/23/2008,RDG,PA,AEA,EN,Combined TRACON& Tower with Radar,0,10,26,0,36,0,0,0,0,0,0,10,26,0,36,106,0,106,142
06/24/2008,RDG,PA,AEA,EN,Combined TRACON& Tower with Radar,0,13,27,2,42,0,0,25,0,25,0,13,52,2,67,172,4,176,243
06/25/2008,RDG,PA,AEA,EN,Combined TRACON& Tower with Radar,0,18,55,7,80,0,10,88,6,104,0,28,143,13,184,67,117,184,368
06/26/2008,RDG,PA,AEA,EN,Combined TRACON& Tower with Radar,0,21,26,16,63,0,5,59,11,75,0,26,85,27,138,106,30,136,274
06/27/2008,RDG,PA,AEA,EN,Combined TRACON& Tower with Radar,0,18,27,1,46,0,19,61,9,89,0,37,88,10,135,152,16,168,303
06/28/2008,RDG,PA,AEA,EN,Combined TRACON& Tower with Radar,0,4,11,0,15,0,5,61,1,67,0,9,72,1,82,71,0,71,153
06/29/2008,RDG,PA,AEA,EN,Combined TRACON& Tower with Radar,2,4,30,0,36,0,12,52,0,64,2,16,82,0,100,134,0,134,234
06/30/2008,RDG,PA,AEA,EN,Combined TRACON& Tower with Radar,0,14,39,4,57,0,2,69,7,78,0,16,108,11,135,142,30,172,307
07/01/2008,RDG,PA,AEA,EN,Combined TRACON& Tower with Radar,0,15,36,2,53,0,11,66,0,77,0,26,102,2,130,186,2,188,318
07/02/2008,RDG,PA,AEA,EN,Combined TRACON& Tower with Radar,0,14,42,4,60,0,18,121,7,146,0,32,163,11,206,182,8,190,396
07/03/2008,RDG,PA,AEA,EN,Combined TRACON& Tower with Radar,0,17,41,9,67,0,24,74,8,106,0,41,115,17,173,99,24,123,296
07/04/2008,RDG,PA,AEA,EN,Combined TRACON& Tower with Radar,0,6,19,0,25,0,4,9,0,13,0,10,28,0,38,6,0,6,44
07/05/2008,RDG,PA,AEA,EN,Combined TRACON& Tower with Radar,0,2,12,0,14,0,10,9,0,19,0,12,21,0,33,38,0,38,71
07/06/2008,RDG,PA,AEA,EN,Combined TRACON& Tower with Radar,2,1,28,0,31,0,1,14,0,15,2,2,42,0,46,58,0,58,104
07/07/2008,RDG,PA,AEA,EN,Combined TRACON& Tower with Radar,0,3,0,0,3,0,2,3,0,5,0,5,3,0,8,16,0,16,24
07/08/2008,RDG,PA,AEA,EN,Combined TRACON& Tower with Radar,0,24,17,14,55,0,25,63,8,96,0,49,80,22,151,144,16,160,311
07/09/2008,RDG,PA,AEA,EN,Combined TRACON& Tower with Radar,0,13,31,8,52,0,16,72,10,98,0,29,103,18,150,94,6,100,250
07/10/2008,RDG,PA,AEA,EN,Combined TRACON& Tower with Radar,0,17,32,0,49,0,74,88,4,166,0,91,120,4,215,164,0,164,379
07/11/2008,RDG,PA,AEA,EN,Combined TRACON& Tower with Radar,0,18,21,4,43,0,21,125,10,156,0,39,146,14,199,240,6,246,445
07/12/2008,RDG,PA,AEA,EN,Combined TRACON& Tower with Radar,0,6,52,0,58,0,3,102,3,108,0,9,154,3,166,224,0,224,390
07/13/2008,RDG,PA,AEA,EN,Combined TRACON& Tower with Radar,0,5,22,1,28,0,1,81,4,86,0,6,103,5,114,100,0,100,214
07/14/2008,RDG,PA,AEA,EN,Combined TRACON& Tower with Radar,0,6,29,0,35,0,7,56,0,63,0,13,85,0,98,104,0,104,202
07/15/2008,RDG,PA,AEA,EN,Combined TRACON& Tower with Radar,0,13,37,3,53,0,21,117,7,145,0,34,154,10,198,218,6,224,422
07/16/2008,RDG,PA,AEA,EN,Combined TRACON& Tower with Radar,0,14,44,0,58,0,11,100,1,112,0,25,144,1,170,174,0,174,344
07/17/2008,RDG,PA,AEA,EN,Combined TRACON& Tower with Radar,0,13,21,1,35,0,27,88,4,119,0,40,109,5,154,166,2,168,322
07/18/2008,RDG,PA,AEA,EN,Combined TRACON& Tower with Radar,0,14,33,0,47,0,10,72,4,86,0,24,105,4,133,144,6,150,283
07/19/2008,RDG,PA,AEA,EN,Combined TRACON& Tower with Radar,0,7,15,2,24,0,94,52,3,149,0,101,67,5,173,146,2,148,321
07/20/2008,RDG,PA,AEA,EN,Combined TRACON& Tower with Radar,0,3,22,0,25,0,2,57,0,59,0,5,79,0,84,124,0,124,208
07/21/2008,RDG,PA,AEA,EN,Combined TRACON& Tower with Radar,0,9,10,0,19,0,5,28,2,35,0,14,38,2,54,106,0,106,160
07/22/2008,RDG,PA,AEA,EN,Combined TRACON& Tower with Radar,0,14,17,0,31,0,9,43,12,64,0,23,60,12,95,130,0,130,225
07/23/2008,RDG,PA,AEA,EN,Combined TRACON& Tower with Radar,0,28,17,0,45,0,2,5,0,7,0,30,22,0,52,46,0,46,98
07/24/2008,RDG,PA,AEA,EN,Combined TRACON& Tower with Radar,0,30,32,0,62,0,17,44,0,61,0,47,76,0,123,92,0,92,215
07/25/2008,RDG,PA,AEA,EN,Combined TRACON& Tower with Radar,0,16,62,0,78,0,35,146,4,185,0,51,208,4,263,236,4,240,503
07/26/2008,RDG,PA,AEA,EN,Combined TRACON& Tower with Radar,0,6,21,0,27,0,7,70,4,81,0,13,91,4,108,206,2,208,316
07/27/2008,RDG,PA,AEA,EN,Combined TRACON& Tower with Radar,0,4,17,0,21,0,0,35,0,35,0,4,52,0,56,104,0,104,160
07/28/2008,RDG,PA,AEA,EN,Combined TRACON& Tower with Radar,0,9,31,0,40,0,11,64,0,75,0,20,95,0,115,126,0,126,241
07/29/2008,RDG,PA,AEA,EN,Combined TRACON& Tower with Radar,0,21,32,8,61,0,6,34,1,41,0,27,66,9,102,78,6,84,186
07/30/2008,RDG,PA,AEA,EN,Combined TRACON& Tower with Radar,0,18,34,4,56,0,10,28,2,40,0,28,62,6,96,46,0,46,142
07/31/2008,RDG,PA,AEA,EN,Combined TRACON& Tower with Radar,0,17,47,8,72,0,10,25,0,35,0,27,72,8,107,200,8,208,315
08/01/2008,RDG,PA,AEA,EN,Combined TRACON& Tower with Radar,0,14,20,4,38,0,7,81,7,95,0,21,101,11,133,136,0,136,269
08/02/2008,RDG,PA,AEA,EN,Combined TRACON& Tower with Radar,0,10,13,0,23,0,1,20,0,21,0,11,33,0,44,150,0,150,194
08/03/2008,RDG,PA,AEA,EN,Combined TRACON& Tower with Radar,0,2,63,0,65,0,4,86,1,91,0,6,149,1,156,226,0,226,382
08/04/2008,RDG,PA,AEA,EN,Combined TRACON& Tower with Radar,0,17,20,0,37,0,4,61,0,65,0,21,81,0,102,68,0,68,170
08/05/2008,RDG,PA,AEA,EN,Combined TRACON& Tower with Radar,0,22,16,4,42,0,5,83,2,90,0,27,99,6,132,164,0,164,296
08/06/2008,RDG,PA,AEA,EN,Combined TRACON& Tower with Radar,0,19,47,4,70,0,9,42,8,59,0,28,89,12,129,86,26,112,241
08/07/2008,RDG,PA,AEA,EN,Combined TRACON& Tower with Radar,0,20,36,0,56,1,5,22,0,28,1,25,58,0,84,138,0,138,222
08/08/2008,RDG,PA,AEA,EN,Combined TRACON& Tower with Radar,0,20,29,0,49,0,8,50,3,61,0,28,79,3,110,146,0,146,256
08/09/2008,RDG,PA,AEA,EN,Combined TRACON& Tower with Radar,0,5,32,1,38,6,6,110,2,124,6,11,142,3,162,152,0,152,314
08/10/2008,RDG,PA,AEA,EN,Combined TRACON& Tower with Radar,0,2,16,0,18,0,6,57,0,63,0,8,73,0,81,92,0,92,173
08/11/2008,RDG,PA,AEA,EN,Combined TRACON& Tower with Radar,0,12,14,1,27,0,3,24,1,28,0,15,38,2,55,20,0,20,75
08/12/2008,RDG,PA,AEA,EN,Combined TRACON& Tower with Radar,0,18,36,1,55,0,10,81,0,91,0,28,117,1,146,98,0,98,244
08/13/2008,RDG,PA,AEA,EN,Combined TRACON& Tower with Radar,0,20,40,5,65,0,7,84,9,100,0,27,124,14,165,160,24,184,349
08/14/2008,RDG,PA,AEA,EN,Combined TRACON& Tower with Radar,0,21,43,1,65,2,20,56,6,84,2,41,99,7,149,176,10,186,335
08/15/2008,RDG,PA,AEA,EN,Combined TRACON& Tower with Radar,0,22,41,3,66,0,7,27,5,39,0,29,68,8,105,72,0,72,177
08/16/2008,RDG,PA,AEA,EN,Combined TRACON& Tower with Radar,0,9,24,2,35,0,4,51,3,58,0,13,75,5,93,98,0,98,191
08/17/2008,RDG,PA,AEA,EN,Combined TRACON& Tower with Radar,0,8,27,2,37,0,0,49,2,51,0,8,76,4,88,128,0,128,216
08/18/2008,RDG,PA,AEA,EN,Combined TRACON& Tower with Radar,0,15,40,2,57,0,6,83,14,103,0,21,123,16,160,152,12,164,324
08/19/2008,RDG,PA,AEA,EN,Combined TRACON& Tower with Radar,0,21,35,1,57,0,7,87,2,96,0,28,122,3,153,156,2,158,311
08/20/2008,RDG,PA,AEA,EN,Combined TRACON& Tower with Radar,0,17,32,5,54,0,13,71,3,87,0,30,103,8,141,168,6,174,315
08/21/2008,RDG,PA,AEA,EN,Combined TRACON& Tower with Radar,0,16,42,8,66,1,9,113,5,128,1,25,155,13,194,208,28,236,430
08/22/2008,RDG,PA,AEA,EN,Combined TRACON& Tower with Radar,0,26,59,3,88,0,5,63,8,76,0,31,122,11,164,224,0,224,388
08/23/2008,RDG,PA,AEA,EN,Combined TRACON& Tower with Radar,0,10,27,0,37,4,2,61,3,70,4,12,88,3,107,120,0,120,227
08/24/2008,RDG,PA,AEA,EN,Combined TRACON& Tower with Radar,0,10,46,0,56,0,0,39,0,39,0,10,85,0,95,136,0,136,231
08/25/2008,RDG,PA,AEA,EN,Combined TRACON& Tower with Radar,0,12,31,0,43,0,7,57,2,66,0,19,88,2,109,118,0,118,227
08/26/2008,RDG,PA,AEA,EN,Combined TRACON& Tower with Radar,0,13,36,2,51,0,7,76,2,85,0,20,112,4,136,144,0,144,280
08/27/2008,RDG,PA,AEA,EN,Combined TRACON& Tower with Radar,0,15,38,6,59,0,25,56,4,85,0,40,94,10,144,78,30,108,252
08/28/2008,RDG,PA,AEA,EN,Combined TRACON& Tower with Radar,0,15,20,1,36,0,7,61,0,68,0,22,81,1,104,122,0,122,226
08/29/2008,RDG,PA,AEA,EN,Combined TRACON& Tower with Radar,0,20,28,0,48,0,1,8,0,9,0,21,36,0,57,0,0,0,57
08/30/2008,RDG,PA,AEA,EN,Combined TRACON& Tower with Radar,0,6,17,0,23,0,2,9,0,11,0,8,26,0,34,2,0,2,36
08/31/2008,RDG,PA,AEA,EN,Combined TRACON& Tower with Radar,0,3,16,0,19,0,1,69,0,70,0,4,85,0,89,98,0,98,187
09/01/2008,RDG,PA,AEA,EN,Combined TRACON& Tower with Radar,0,3,22,0,25,0,3,78,0,81,0,6,100,0,106,184,0,184,290
09/02/2008,RDG,PA,AEA,EN,Combined TRACON& Tower with Radar,0,7,47,4,58,0,6,78,0,84,0,13,125,4,142,132,0,132,274
09/03/2008,RDG,PA,AEA,EN,Combined TRACON& Tower with Radar,0,15,45,1,61,0,10,63,7,80,0,25,108,8,141,188,8,196,337
09/04/2008,RDG,PA,AEA,EN,Combined TRACON& Tower with Radar,0,22,55,0,77,0,8,47,1,56,0,30,102,1,133,142,0,142,275
09/05/2008,RDG,PA,AEA,EN,Combined TRACON& Tower with Radar,0,19,38,2,59,0,4,50,9,63,0,23,88,11,122,104,32,136,258
09/06/2008,RDG,PA,AEA,EN,Combined TRACON& Tower with Radar,0,6,8,0,14,0,0,0,0,0,0,6,8,0,14,0,0,0,14
09/07/2008,RDG,PA,AEA,EN,Combined TRACON& Tower with Radar,0,5,25,2,32,0,2,87,6,95,0,7,112,8,127,178,2,180,307
09/08/2008,RDG,PA,AEA,EN,Combined TRACON& Tower with Radar,0,13,38,9,60,0,10,48,10,68,0,23,86,19,128,84,96,180,308
09/09/2008,RDG,PA,AEA,EN,Combined TRACON& Tower with Radar,0,22,22,9,53,0,9,67,1,77,0,31,89,10,130,148,8,156,286
09/10/2008,RDG,PA,AEA,EN,Combined TRACON& Tower with Radar,0,19,30,4,53,0,20,67,14,101,0,39,97,18,154,114,12,126,280
09/11/2008,RDG,PA,AEA,EN,Combined TRACON& Tower with Radar,0,50,83,5,138,0,18,145,16,179,0,68,228,21,317,128,42,170,487
09/12/2008,RDG,PA,AEA,EN,Combined TRACON& Tower with Radar,0,48,67,4,119,0,3,74,6,83,0,51,141,10,202,140,0,140,342
09/13/2008,RDG,PA,AEA,EN,Combined TRACON& Tower with Radar,0,22,32,1,55,2,17,31,1,51,2,39,63,2,106,236,8,244,350
09/14/2008,RDG,PA,AEA,EN,Combined TRACON& Tower with Radar,0,13,33,2,48,0,17,100,2,119,0,30,133,4,167,172,18,190,357
09/15/2008,RDG,PA,AEA,EN,Combined TRACON& Tower with Radar,1,22,38,1,62,0,29,49,0,78,1,51,87,1,140,100,12,112,252
09/16/2008,RDG,PA,AEA,EN,Combined TRACON& Tower with Radar,0,17,37,8,62,0,34,81,6,121,0,51,118,14,183,152,36,188,371
09/17/2008,RDG,PA,AEA,EN,Combined TRACON& Tower with Radar,0,20,42,1,63,0,26,188,2,216,0,46,230,3,279,284,4,288,567
09/18/2008,RDG,PA,AEA,EN,Combined TRACON& Tower with Radar,0,32,56,11,99,0,34,126,8,168,0,66,182,19,267,162,18,180,447
09/19/2008,RDG,PA,AEA,EN,Combined TRACON& Tower with Radar,0,30,70,9,109,1,32,117,3,153,1,62,187,12,262,172,14,186,448
09/20/2008,RDG,PA,AEA,EN,Combined TRACON& Tower with Radar,0,26,60,2,88,0,23,152,3,178,0,49,212,5,266,204,12,216,482
09/21/2008,RDG,PA,AEA,EN,Combined TRACON& Tower with Radar,0,5,59,0,64,0,12,203,3,218,0,17,262,3,282,234,0,234,516
09/22/2008,RDG,PA,AEA,EN,Combined TRACON& Tower with Radar,0,15,43,0,58,0,5,24,2,31,0,20,67,2,89,183,0,183,272
09/23/2008,RDG,PA,AEA,EN,Combined TRACON& Tower with Radar,0,19,41,7,67,0,3,67,6,76,0,22,108,13,143,140,6,146,289
09/24/2008,RDG,PA,AEA,EN,Combined TRACON& Tower with Radar,0,17,39,0,56,0,4,36,0,40,0,21,75,0,96,0,0,0,96
09/25/2008,RDG,PA,AEA,EN,Combined TRACON& Tower with Radar,0,19,47,0,66,0,14,24,9,47,0,33,71,9,113,64,66,130,243
09/26/2008,RDG,PA,AEA,EN,Combined TRACON& Tower with Radar,0,23,27,0,50,0,0,0,0,0,0,23,27,0,50,0,0,0,50
09/27/2008,RDG,PA,AEA,EN,Combined TRACON& Tower with Radar,1,6,104,0,111,0,0,0,0,0,1,6,104,0,111,84,0,84,195
09/28/2008,RDG,PA,AEA,EN,Combined TRACON& Tower with Radar,0,5,11,0,16,0,5,10,0,15,0,10,21,0,31,36,0,36,67
09/29/2008,RDG,PA,AEA,EN,Combined TRACON& Tower with Radar,0,12,56,2,70,0,6,43,9,58,0,18,99,11,128,136,34,170,298
09/30/2008,RDG,PA,AEA,EN,Combined TRACON& Tower with Radar,0,15,28,1,44,0,4,18,2,24,0,19,46,3,68,58,40,98,166
10/01/2008,RDG,PA,AEA,EN,Combined TRACON& Tower with Radar,0,24,26,4,54,0,3,12,4,19,0,27,38,8,73,58,0,58,131
10/02/2008,RDG,PA,AEA,EN,Combined TRACON& Tower with Radar,0,16,22,0,38,0,15,19,2,36,0,31,41,2,74,100,2,102,176
10/03/2008,RDG,PA,AEA,EN,Combined TRACON& Tower with Radar,0,21,29,1,51,0,10,46,3,59,0,31,75,4,110,73,0,73,183
10/04/2008,RDG,PA,AEA,EN,Combined TRACON& Tower with Radar,2,9,27,0,38,0,6,95,4,105,2,15,122,4,143,100,0,100,243
10/05/2008,RDG,PA,AEA,EN,Combined TRACON& Tower with Radar,0,5,10,1,16,0,2,64,1,67,0,7,74,2,83,202,0,202,285
10/06/2008,RDG,PA,AEA,EN,Combined TRACON& Tower with Radar,0,12,18,0,30,0,4,21,0,25,0,16,39,0,55,0,0,0,55
10/07/2008,RDG,PA,AEA,EN,Combined TRACON& Tower with Radar,0,34,48,0,82,0,15,42,8,65,0,49,90,8,147,156,0,156,303
10/08/2008,RDG,PA,AEA,EN,Combined TRACON& Tower with Radar,0,20,25,10,55,0,3,52,6,61,0,23,77,16,116,156,14,170,286
10/09/2008,RDG,PA,AEA,EN,Combined TRACON& Tower with Radar,0,16,22,3,41,0,2,45,17,64,0,18,67,20,105,134,0,134,239
10/10/2008,RDG,PA,AEA,EN,Combined TRACON& Tower with Radar,0,13,27,0,40,0,4,48,0,52,0,17,75,0,92,152,0,152,244
10/11/2008,RDG,PA,AEA,EN,Combined TRACON& Tower with Radar,0,28,28,0,56,0,4,83,0,87,0,32,111,0,143,310,0,310,453
10/12/2008,RDG,PA,AEA,EN,Combined TRACON& Tower with Radar,0,5,37,0,42,0,0,77,0,77,0,5,114,0,119,184,0,184,303
10/13/2008,RDG,PA,AEA,EN,Combined TRACON& Tower with Radar,0,10,32,1,43,0,4,57,1,62,0,14,89,2,105,114,0,114,219
10/14/2008,RDG,PA,AEA,EN,Combined TRACON& Tower with Radar,0,16,50,0,66,0,6,50,2,58,0,22,100,2,124,80,0,80,204
10/15/2008,RDG,PA,AEA,EN,Combined TRACON& Tower with Radar,0,14,30,0,44,0,10,52,0,62,0,24,82,0,106,82,0,82,188
10/16/2008,RDG,PA,AEA,EN,Combined TRACON& Tower with Radar,0,21,29,1,51,0,2,20,2,24,0,23,49,3,75,58,12,70,145
10/17/2008,RDG,PA,AEA,EN,Combined TRACON& Tower with Radar,0,14,43,4,61,0,9,72,0,81,0,23,115,4,142,164,0,164,306
10/18/2008,RDG,PA,AEA,EN,Combined TRACON& Tower with Radar,0,16,35,0,51,0,3,41,2,46,0,19,76,2,97,74,0,74,171
10/19/2008,RDG,PA,AEA,EN,Combined TRACON& Tower with Radar,0,13,29,2,44,0,0,63,0,63,0,13,92,2,107,152,2,154,261
10/20/2008,RDG,PA,AEA,EN,Combined TRACON& Tower with Radar,0,10,36,0,46,0,7,26,0,33,0,17,62,0,79,80,2,82,161
10/21/2008,RDG,PA,AEA,EN,Combined TRACON& Tower with Radar,0,27,26,3,56,0,1,30,1,32,0,28,56,4,88,28,22,50,138
10/22/2008,RDG,PA,AEA,EN,Combined TRACON& Tower with Radar,0,23,26,2,51,0,5,15,0,20,0,28,41,2,71,58,64,122,193
10/23/2008,RDG,PA,AEA,EN,Combined TRACON& Tower with Radar,0,15,31,6,52,2,8,76,6,92,2,23,107,12,144,186,12,198,342
10/24/2008,RDG,PA,AEA,EN,Combined TRACON& Tower with Radar,0,13,43,2,58,0,8,58,5,71,0,21,101,7,129,136,2,138,267
10/25/2008,RDG,PA,AEA,EN,Combined TRACON& Tower with Radar,1,16,5,0,22,0,0,0,0,0,1,16,5,0,22,0,0,0,22
10/26/2008,RDG,PA,AEA,EN,Combined TRACON& Tower with Radar,0,2,35,0,37,0,9,56,0,65,0,11,91,0,102,124,0,124,226
10/27/2008,RDG,PA,AEA,EN,Combined TRACON& Tower with Radar,0,12,18,0,30,0,1,16,0,17,0,13,34,0,47,42,0,42,89
10/28/2008,RDG,PA,AEA,EN,Combined TRACON& Tower with Radar,0,25,12,0,37,0,0,0,0,0,0,25,12,0,37,0,0,0,37
10/29/2008,RDG,PA,AEA,EN,Combined TRACON& Tower with Radar,0,17,19,4,40,0,7,6,2,15,0,24,25,6,55,22,0,22,77
10/30/2008,RDG,PA,AEA,EN,Combined TRACON& Tower with Radar,0,15,40,7,62,0,14,53,5,72,0,29,93,12,134,108,4,112,246
10/31/2008,RDG,PA,AEA,EN,Combined TRACON& Tower with Radar,0,22,36,3,61,0,3,53,4,60,0,25,89,7,121,162,10,172,293
11/01/2008,RDG,PA,AEA,EN,Combined TRACON& Tower with Radar,1,17,27,1,46,0,8,93,1,102,1,25,120,2,148,200,4,204,352
11/02/2008,RDG,PA,AEA,EN,Combined TRACON& Tower with Radar,1,7,25,4,37,0,1,54,4,59,1,8,79,8,96,90,4,94,190
11/03/2008,RDG,PA,AEA,EN,Combined TRACON& Tower with Radar,0,14,19,0,33,0,3,15,7,25,0,17,34,7,58,118,12,130,188
11/04/2008,RDG,PA,AEA,EN,Combined TRACON& Tower with Radar,0,15,23,0,38,0,2,19,0,21,0,17,42,0,59,54,0,54,113
11/05/2008,RDG,PA,AEA,EN,Combined TRACON& Tower with Radar,0,13,34,6,53,0,6,40,2,48,0,19,74,8,101,140,0,140,241
11/06/2008,RDG,PA,AEA,EN,Combined TRACON& Tower with Radar,0,18,25,2,45,0,4,6,13,23,0,22,31,15,68,68,10,78,146
11/07/2008,RDG,PA,AEA,EN,Combined TRACON& Tower with Radar,0,22,41,0,63,0,0,33,1,34,0,22,74,1,97,170,0,170,267
11/08/2008,RDG,PA,AEA,EN,Combined TRACON& Tower with Radar,2,7,25,0,34,0,0,18,1,19,2,7,43,1,53,64,0,64,117
11/09/2008,RDG,PA,AEA,EN,Combined TRACON& Tower with Radar,0,6,18,0,24,0,3,71,0,74,0,9,89,0,98,152,0,152,250
11/10/2008,RDG,PA,AEA,EN,Combined TRACON& Tower with Radar,0,23,27,0,50,0,1,28,0,29,0,24,55,0,79,180,0,180,259
11/11/2008,RDG,PA,AEA,EN,Combined TRACON& Tower with Radar,0,23,32,0,55,0,7,79,1,87,0,30,111,1,142,166,0,166,308
11/12/2008,RDG,PA,AEA,EN,Combined TRACON& Tower with Radar,0,13,27,0,40,0,7,57,2,66,0,20,84,2,106,136,4,140,246
11/13/2008,RDG,PA,AEA,EN,Combined TRACON& Tower with Radar,0,19,28,2,49,0,0,1,0,1,0,19,29,2,50,0,0,0,50
11/14/2008,RDG,PA,AEA,EN,Combined TRACON& Tower with Radar,0,17,14,0,31,0,0,0,0,0,0,17,14,0,31,0,0,0,31
11/15/2008,RDG,PA,AEA,EN,Combined TRACON& Tower with Radar,1,17,7,0,25,0,0,0,0,0,1,17,7,0,25,0,0,0,25
11/16/2008,RDG,PA,AEA,EN,Combined TRACON& Tower with Radar,1,15,20,0,36,0,1,17,0,18,1,16,37,0,54,22,0,22,76
11/17/2008,RDG,PA,AEA,EN,Combined TRACON& Tower with Radar,0,15,14,0,29,0,9,46,2,57,0,24,60,2,86,134,0,134,220
11/18/2008,RDG,PA,AEA,EN,Combined TRACON& Tower with Radar,0,22,12,3,37,1,5,22,5,33,1,27,34,8,70,122,30,152,222
11/19/2008,RDG,PA,AEA,EN,Combined TRACON& Tower with Radar,0,25,36,2,63,0,7,62,1,70,0,32,98,3,133,128,8,136,269
11/20/2008,RDG,PA,AEA,EN,Combined TRACON& Tower with Radar,0,22,21,5,48,0,2,3,0,5,0,24,24,5,53,74,6,80,133
11/21/2008,RDG,PA,AEA,EN,Combined TRACON& Tower with Radar,0,19,23,4,46,0,17,9,1,27,0,36,32,5,73,179,51,230,303
11/22/2008,RDG,PA,AEA,EN,Combined TRACON& Tower with Radar,2,20,16,5,43,0,4,39,8,51,2,24,55,13,94,112,24,136,230
11/23/2008,RDG,PA,AEA,EN,Combined TRACON& Tower with Radar,0,8,52,1,61,0,12,106,1,119,0,20,158,2,180,286,4,290,470
11/24/2008,RDG,PA,AEA,EN,Combined TRACON& Tower with Radar,0,18,26,5,49,0,3,38,2,43,0,21,64,7,92,226,0,226,318
11/25/2008,RDG,PA,AEA,EN,Combined TRACON& Tower with Radar,0,14,28,14,56,0,4,24,4,32,0,18,52,18,88,132,48,180,268
11/26/2008,RDG,PA,AEA,EN,Combined TRACON& Tower with Radar,0,18,20,8,46,0,2,26,0,28,0,20,46,8,74,120,18,138,212
11/27/2008,RDG,PA,AEA,EN,Combined TRACON& Tower with Radar,0,2,4,0,6,0,0,15,0,15,0,2,19,0,21,0,0,0,21
11/28/2008,RDG,PA,AEA,EN,Combined TRACON& Tower with Radar,0,15,21,1,37,0,4,40,0,44,0,19,61,1,81,118,0,118,199
11/29/2008,RDG,PA,AEA,EN,Combined TRACON& Tower with Radar,0,6,39,4,49,0,2,77,0,79,0,8,116,4,128,262,0,262,390
11/30/2008,RDG,PA,AEA,EN,Combined TRACON& Tower with Radar,0,3,23,0,26,0,0,0,0,0,0,3,23,0,26,0,0,0,26
12/01/2008,RDG,PA,AEA,EN,Combined TRACON& Tower with Radar,0,12,11,0,23,0,3,2,0,5,0,15,13,0,28,74,4,78,106
12/02/2008,RDG,PA,AEA,EN,Combined TRACON& Tower with Radar,0,13,25,5,43,0,8,36,3,47,0,21,61,8,90,112,18,130,220
12/03/2008,RDG,PA,AEA,EN,Combined TRACON& Tower with Radar,0,14,29,0,43,0,7,50,2,59,0,21,79,2,102,178,4,182,284
12/04/2008,RDG,PA,AEA,EN,Combined TRACON& Tower with Radar,0,20,16,0,36,0,11,21,4,36,0,31,37,4,72,154,12,166,238
12/05/2008,RDG,PA,AEA,EN,Combined TRACON& Tower with Radar,0,23,34,0,57,0,4,42,0,46,0,27,76,0,103,110,2,112,215
12/06/2008,RDG,PA,AEA,EN,Combined TRACON& Tower with Radar,0,9,34,0,43,0,7,48,2,57,0,16,82,2,100,236,0,236,336
12/07/2008,RDG,PA,AEA,EN,Combined TRACON& Tower with Radar,0,11,5,0,16,0,0,2,0,2,0,11,7,0,18,4,0,4,22
12/08/2008,RDG,PA,AEA,EN,Combined TRACON& Tower with Radar,0,17,23,0,40,0,3,36,4,43,0,20,59,4,83,94,30,124,207
12/09/2008,RDG,PA,AEA,EN,Combined TRACON& Tower with Radar,0,17,33,1,51,0,9,29,3,41,0,26,62,4,92,114,32,146,238
12/10/2008,RDG,PA,AEA,EN,Combined TRACON& Tower with Radar,0,20,12,0,32,0,2,1,2,5,0,22,13,2,37,30,0,30,67
12/11/2008,RDG,PA,AEA,EN,Combined TRACON& Tower with Radar,0,14,10,0,24,0,0,0,0,0,0,14,10,0,24,22,0,22,46
12/12/2008,RDG,PA,AEA,EN,Combined TRACON& Tower with Radar,0,36,20,2,58,0,4,19,2,25,0,40,39,4,83,140,26,166,249
12/13/2008,RDG,PA,AEA,EN,Combined TRACON& Tower with Radar,0,7,30,1,38,0,256,64,6,326,0,263,94,7,364,76,18,94,458
12/14/2008,RDG,PA,AEA,EN,Combined TRACON& Tower with Radar,0,2,32,0,34,0,0,84,7,91,0,2,116,7,125,220,0,220,345
12/15/2008,RDG,PA,AEA,EN,Combined TRACON& Tower with Radar,0,18,37,2,57,0,1,25,0,26,0,19,62,2,83,208,0,208,291
12/16/2008,RDG,PA,AEA,EN,Combined TRACON& Tower with Radar,0,21,49,0,70,1,1,7,0,9,1,22,56,0,79,98,0,98,177
12/17/2008,RDG,PA,AEA,EN,Combined TRACON& Tower with Radar,0,20,18,0,38,0,9,7,4,20,0,29,25,4,58,132,6,138,196
12/18/2008,RDG,PA,AEA,EN,Combined TRACON& Tower with Radar,0,13,19,2,34,0,14,44,3,61,0,27,63,5,95,194,0,194,289
12/19/2008,RDG,PA,AEA,EN,Combined TRACON& Tower with Radar,0,15,10,0,25,0,0,0,0,0,0,15,10,0,25,0,0,0,25
12/20/2008,RDG,PA,AEA,EN,Combined TRACON& Tower with Radar,0,14,15,1,30,0,8,5,1,14,0,22,20,2,44,42,2,44,88
12/21/2008,RDG,PA,AEA,EN,Combined TRACON& Tower with Radar,0,6,7,0,13,0,1,5,0,6,0,7,12,0,19,0,0,0,19
12/22/2008,RDG,PA,AEA,EN,Combined TRACON& Tower with Radar,0,14,22,1,37,0,1,34,4,39,0,15,56,5,76,96,6,102,178
12/23/2008,RDG,PA,AEA,EN,Combined TRACON& Tower with Radar,0,18,47,4,69,0,3,67,0,70,0,21,114,4,139,274,0,274,413
12/24/2008,RDG,PA,AEA,EN,Combined TRACON& Tower with Radar,0,19,3,0,22,0,0,0,0,0,0,19,3,0,22,0,0,0,22
12/25/2008,RDG,PA,AEA,EN,Combined TRACON& Tower with Radar,0,6,3,0,9,0,0,4,0,4,0,6,7,0,13,24,0,24,37
12/26/2008,RDG,PA,AEA,EN,Combined TRACON& Tower with Radar,0,15,16,0,31,0,1,53,0,54,0,16,69,0,85,240,0,240,325
12/27/2008,RDG,PA,AEA,EN,Combined TRACON& Tower with Radar,0,5,15,0,20,0,0,0,0,0,0,5,15,0,20,0,0,0,20
12/28/2008,RDG,PA,AEA,EN,Combined TRACON& Tower with Radar,0,12,23,0,35,0,0,9,0,9,0,12,32,0,44,16,0,16,60
12/29/2008,RDG,PA,AEA,EN,Combined TRACON& Tower with Radar,0,9,25,0,34,0,7,45,2,54,0,16,70,2,88,176,0,176,264
12/30/2008,RDG,PA,AEA,EN,Combined TRACON& Tower with Radar,0,21,20,0,41,2,13,18,0,33,2,34,38,0,74,94,0,94,168
12/31/2008,RDG,PA,AEA,EN,Combined TRACON& Tower with Radar,0,20,20,0,40,0,2,0,0,2,0,22,20,0,42,0,0,0,42
01/01/2009,RDG,PA,AEA,EN,Combined TRACON& Tower with Radar,0,7,12,0,19,0,4,19,2,25,0,11,31,2,44,10,0,10,54
01/02/2009,RDG,PA,AEA,EN,Combined TRACON& Tower with Radar,0,15,10,0,25,0,5,12,0,17,0,20,22,0,42,144,0,144,186
01/03/2009,RDG,PA,AEA,EN,Combined TRACON& Tower with Radar,0,13,31,0,44,0,3,82,0,85,0,16,113,0,129,164,0,164,293
01/04/2009,RDG,PA,AEA,EN,Combined TRACON& Tower with Radar,0,5,30,0,35,0,0,77,0,77,0,5,107,0,112,200,0,200,312
01/05/2009,RDG,PA,AEA,EN,Combined TRACON& Tower with Radar,0,11,31,0,42,0,2,30,0,32,0,13,61,0,74,306,0,306,380
01/06/2009,RDG,PA,AEA,EN,Combined TRACON& Tower with Radar,0,21,11,2,34,0,3,9,2,14,0,24,20,4,48,80,0,80,128
01/07/2009,RDG,PA,AEA,EN,Combined TRACON& Tower with Radar,0,35,6,0,41,0,1,0,0,1,0,36,6,0,42,12,0,12,54
01/08/2009,RDG,PA,AEA,EN,Combined TRACON& Tower with Radar,0,18,22,0,40,0,3,6,2,11,0,21,28,2,51,0,0,0,51
01/09/2009,RDG,PA,AEA,EN,Combined TRACON& Tower with Radar,0,19,26,2,47,0,5,41,13,59,0,24,67,15,106,128,46,174,280
01/10/2009,RDG,PA,AEA,EN,Combined TRACON& Tower with Radar,0,6,5,2,13,0,0,2,0,2,0,6,7,2,15,0,0,0,15
01/11/2009,RDG,PA,AEA,EN,Combined TRACON& Tower with Radar,0,4,8,0,12,0,1,4,5,10,0,5,12,5,22,84,0,84,106
01/12/2009,RDG,PA,AEA,EN,Combined TRACON& Tower with Radar,0,13,33,1,47,0,6,68,3,77,0,19,101,4,124,190,6,196,320
01/13/2009,RDG,PA,AEA,EN,Combined TRACON& Tower with Radar,0,14,31,2,47,0,5,29,0,34,0,19,60,2,81,86,0,86,167
01/14/2009,RDG,PA,AEA,EN,Combined TRACON& Tower with Radar,0,17,14,3,34,1,3,51,2,57,1,20,65,5,91,86,0,86,177
01/15/2009,RDG,PA,AEA,EN,Combined TRACON& Tower with Radar,0,19,27,5,51,0,4,38,9,51,0,23,65,14,102,26,0,26,128
01/16/2009,RDG,PA,AEA,EN,Combined TRACON& Tower with Radar,0,15,31,8,54,0,12,50,5,67,0,27,81,13,121,116,52,168,289
01/17/2009,RDG,PA,AEA,EN,Combined TRACON& Tower with Radar,0,10,15,1,26,0,0,54,0,54,0,10,69,1,80,158,0,158,238
01/18/2009,RDG,PA,AEA,EN,Combined TRACON& Tower with Radar,0,4,18,0,22,0,0,21,0,21,0,4,39,0,43,70,0,70,113
01/19/2009,RDG,PA,AEA,EN,Combined TRACON& Tower with Radar,0,13,10,0,23,0,0,0,0,0,0,13,10,0,23,0,0,0,23
01/20/2009,RDG,PA,AEA,EN,Combined TRACON& Tower with Radar,0,17,16,1,34,0,11,21,3,35,0,28,37,4,69,136,0,136,205
01/21/2009,RDG,PA,AEA,EN,Combined TRACON& Tower with Radar,0,19,28,0,47,0,5,27,3,35,0,24,55,3,82,66,0,66,148
01/22/2009,RDG,PA,AEA,EN,Combined TRACON& Tower with Radar,0,11,34,4,49,0,5,33,0,38,0,16,67,4,87,106,0,106,193
01/23/2009,RDG,PA,AEA,EN,Combined TRACON& Tower with Radar,0,17,37,3,57,0,8,53,4,65,0,25,90,7,122,166,2,168,290
01/24/2009,RDG,PA,AEA,EN,Combined TRACON& Tower with Radar,0,5,19,0,24,0,4,33,0,37,0,9,52,0,61,230,2,232,293
01/25/2009,RDG,PA,AEA,EN,Combined TRACON& Tower with Radar,0,7,35,0,42,0,0,77,0,77,0,7,112,0,119,96,0,96,215
01/26/2009,RDG,PA,AEA,EN,Combined TRACON& Tower with Radar,0,11,20,0,31,0,24,48,4,76,0,35,68,4,107,149,0,149,256
01/27/2009,RDG,PA,AEA,EN,Combined TRACON& Tower with Radar,0,18,26,0,44,0,9,25,9,43,0,27,51,9,87,98,0,98,185
01/28/2009,RDG,PA,AEA,EN,Combined TRACON& Tower with Radar,0,18,8,0,26,0,10,3,0,13,0,28,11,0,39,0,0,0,39
01/29/2009,RDG,PA,AEA,EN,Combined TRACON& Tower with Radar,0,22,39,1,62,0,14,28,3,45,0,36,67,4,107,28,0,28,135
01/30/2009,RDG,PA,AEA,EN,Combined TRACON& Tower with Radar,0,22,9,0,31,0,9,14,2,25,0,31,23,2,56,94,0,94,150
01/31/2009,RDG,PA,AEA,EN,Combined TRACON& Tower with Radar,0,6,12,0,18,0,0,35,4,39,0,6,47,4,57,156,0,156,213
02/01/2009,RDG,PA,AEA,EN,Combined TRACON& Tower with Radar,0,1,24,0,25,0,2,65,0,67,0,3,89,0,92,258,0,258,350
02/02/2009,RDG,PA,AEA,EN,Combined TRACON& Tower with Radar,0,14,18,4,36,0,5,25,5,35,0,19,43,9,71,148,36,184,255
02/03/2009,RDG,PA,AEA,EN,Combined TRACON& Tower with Radar,0,18,9,0,27,0,0,1,0,1,0,18,10,0,28,42,2,44,72
02/04/2009,RDG,PA,AEA,EN,Combined TRACON& Tower with Radar,0,19,25,5,49,0,15,15,0,30,0,34,40,5,79,122,38,160,239
02/05/2009,RDG,PA,AEA,EN,Combined TRACON& Tower with Radar,0,20,20,2,42,0,8,34,13,55,0,28,54,15,97,168,10,178,275
02/06/2009,RDG,PA,AEA,EN,Combined TRACON& Tower with Radar,0,19,21,16,56,0,10,39,11,60,0,29,60,27,116,106,32,138,254
02/07/2009,RDG,PA,AEA,EN,Combined TRACON& Tower with Radar,0,11,29,0,40,0,2,79,0,81,0,13,108,0,121,172,0,172,293
02/08/2009,RDG,PA,AEA,EN,Combined TRACON& Tower with Radar,0,2,23,0,25,0,0,33,0,33,0,2,56,0,58,122,0,122,180
02/09/2009,RDG,PA,AEA,EN,Combined TRACON& Tower with Radar,0,14,35,3,52,0,11,85,3,99,0,25,120,6,151,176,24,200,351
02/10/2009,RDG,PA,AEA,EN,Combined TRACON& Tower with Radar,0,22,31,5,58,0,3,22,6,31,0,25,53,11,89,104,70,174,263
02/11/2009,RDG,PA,AEA,EN,Combined TRACON& Tower with Radar,0,16,39,2,57,0,8,38,4,50,0,24,77,6,107,90,76,166,273
02/12/2009,RDG,PA,AEA,EN,Combined TRACON& Tower with Radar,0,20,7,0,27,0,5,1,0,6,0,25,8,0,33,12,0,12,45
02/13/2009,RDG,PA,AEA,EN,Combined TRACON& Tower with Radar,0,22,24,0,46,0,5,22,6,33,0,27,46,6,79,24,16,40,119
02/14/2009,RDG,PA,AEA,EN,Combined TRACON& Tower with Radar,1,5,13,0,19,0,1,63,2,66,1,6,76,2,85,204,6,210,295
02/15/2009,RDG,PA,AEA,EN,Combined TRACON& Tower with Radar,0,5,32,0,37,0,2,98,0,100,0,7,130,0,137,288,0,288,425
02/16/2009,RDG,PA,AEA,EN,Combined TRACON& Tower with Radar,0,8,22,0,30,0,6,43,0,49,0,14,65,0,79,62,0,62,141
02/17/2009,RDG,PA,AEA,EN,Combined TRACON& Tower with Radar,0,12,35,0,47,0,6,28,0,34,0,18,63,0,81,66,0,66,147
02/18/2009,RDG,PA,AEA,EN,Combined TRACON& Tower with Radar,0,23,17,0,40,0,1,0,0,1,0,24,17,0,41,36,0,36,77
02/19/2009,RDG,PA,AEA,EN,Combined TRACON& Tower with Radar,0,17,18,1,36,0,8,6,7,21,0,25,24,8,57,40,2,42,99
02/20/2009,RDG,PA,AEA,EN,Combined TRACON& Tower with Radar,0,13,17,0,30,0,11,7,0,18,0,24,24,0,48,16,0,16,64
02/21/2009,RDG,PA,AEA,EN,Combined TRACON& Tower with Radar,2,8,35,0,45,0,7,97,0,104,2,15,132,0,149,188,0,188,337
02/22/2009,RDG,PA,AEA,EN,Combined TRACON& Tower with Radar,0,4,2,0,6,0,9,2,0,11,0,13,4,0,17,18,0,18,35
02/23/2009,RDG,PA,AEA,EN,Combined TRACON& Tower with Radar,0,16,10,10,36,0,4,17,8,29,0,20,27,18,65,8,50,58,123
02/24/2009,RDG,PA,AEA,EN,Combined TRACON& Tower with Radar,0,11,23,3,37,0,10,69,7,86,0,21,92,10,123,118,0,118,241
02/25/2009,RDG,PA,AEA,EN,Combined TRACON& Tower with Radar,0,15,48,2,65,0,15,91,4,110,0,30,139,6,175,194,4,198,373
02/26/2009,RDG,PA,AEA,EN,Combined TRACON& Tower with Radar,0,27,30,4,61,0,7,47,23,77,0,34,77,27,138,124,38,162,300
02/27/2009,RDG,PA,AEA,EN,Combined TRACON& Tower with Radar,0,20,24,0,44,0,5,3,0,8,0,25,27,0,52,72,0,72,124
02/28/2009,RDG,PA,AEA,EN,Combined TRACON& Tower with Radar,0,11,36,1,48,0,5,65,1,71,0,16,101,2,119,218,0,218,337
03/01/2009,RDG,PA,AEA,EN,Combined TRACON& Tower with Radar,0,0,15,0,15,0,0,23,0,23,0,0,38,0,38,146,0,146,184
03/02/2009,RDG,PA,AEA,EN,Combined TRACON& Tower with Radar,0,15,7,0,22,0,1,1,0,2,0,16,8,0,24,0,0,0,24
03/03/2009,RDG,PA,AEA,EN,Combined TRACON& Tower with Radar,0,15,14,0,29,0,26,21,11,58,0,41,35,11,87,40,0,40,127
03/04/2009,RDG,PA,AEA,EN,Combined TRACON& Tower with Radar,0,11,39,5,55,0,6,44,2,52,0,17,83,7,107,122,0,122,229
03/05/2009,RDG,PA,AEA,EN,Combined TRACON& Tower with Radar,0,13,32,4,49,0,27,70,2,99,0,40,102,6,148,250,12,262,410
03/06/2009,RDG,PA,AEA,EN,Combined TRACON& Tower with Radar,0,16,20,6,42,0,5,52,2,59,0,21,72,8,101,108,20,128,229
03/07/2009,RDG,PA,AEA,EN,Combined TRACON& Tower with Radar,0,8,29,2,39,0,5,81,5,91,0,13,110,7,130,282,0,282,412
03/08/2009,RDG,PA,AEA,EN,Combined TRACON& Tower with Radar,0,0,28,0,28,0,1,27,0,28,0,1,55,0,56,118,0,118,174
03/09/2009,RDG,PA,AEA,EN,Combined TRACON& Tower with Radar,0,16,21,1,38,0,3,19,2,24,0,19,40,3,62,86,4,90,152
03/10/2009,RDG,PA,AEA,EN,Combined TRACON& Tower with Radar,0,26,37,4,67,0,1,24,0,25,0,27,61,4,92,108,0,108,200
03/11/2009,RDG,PA,AEA,EN,Combined TRACON& Tower with Radar,0,19,11,0,30,0,1,4,0,5,0,20,15,0,35,124,0,124,159
03/12/2009,RDG,PA,AEA,EN,Combined TRACON& Tower with Radar,0,23,42,0,65,0,6,50,5,61,0,29,92,5,126,108,0,108,234
03/13/2009,RDG,PA,AEA,EN,Combined TRACON& Tower with Radar,0,25,22,1,48,0,16,88,8,112,0,41,110,9,160,178,24,202,362
03/14/2009,RDG,PA,AEA,EN,Combined TRACON& Tower with Radar,1,11,29,0,41,0,6,60,3,69,1,17,89,3,110,246,0,246,356
03/15/2009,RDG,PA,AEA,EN,Combined TRACON& Tower with Radar,0,0,24,0,24,0,2,4,0,6,0,2,28,0,30,26,0,26,56
03/16/2009,RDG,PA,AEA,EN,Combined TRACON& Tower with Radar,3,27,33,6,69,0,7,31,3,41,3,34,64,9,110,48,8,56,166
03/17/2009,RDG,PA,AEA,EN,Combined TRACON& Tower with Radar,0,17,35,5,57,0,1,54,10,65,0,18,89,15,122,198,18,216,338
03/18/2009,RDG,PA,AEA,EN,Combined TRACON& Tower with Radar,1,20,31,8,60,0,18,27,6,51,1,38,58,14,111,180,30,210,321
03/19/2009,RDG,PA,AEA,EN,Combined TRACON& Tower with Radar,0,18,24,2,44,2,7,7,2,18,2,25,31,4,62,24,4,28,90
03/20/2009,RDG,PA,AEA,EN,Combined TRACON& Tower with Radar,0,18,27,0,45,0,4,58,0,62,0,22,85,0,107,86,0,86,193
03/21/2009,RDG,PA,AEA,EN,Combined TRACON& Tower with Radar,0,12,38,0,50,0,5,125,0,130,0,17,163,0,180,168,0,168,348
03/22/2009,RDG,PA,AEA,EN,Combined TRACON& Tower with Radar,0,5,36,1,42,0,8,82,2,92,0,13,118,3,134,280,0,280,414
03/23/2009,RDG,PA,AEA,EN,Combined TRACON& Tower with Radar,0,20,22,0,42,0,7,20,2,29,0,27,42,2,71,120,12,132,203
03/24/2009,RDG,PA,AEA,EN,Combined TRACON& Tower with Radar,0,19,22,1,42,6,14,50,2,72,6,33,72,3,114,172,20,192,306
03/25/2009,RDG,PA,AEA,EN,Combined TRACON& Tower with Radar,0,17,29,8,54,0,5,72,1,78,0,22,101,9,132,206,14,220,352
03/26/2009,RDG,PA,AEA,EN,Combined TRACON& Tower with Radar,0,21,33,0,54,0,1,10,0,11,0,22,43,0,65,96,0,96,161
03/27/2009,RDG,PA,AEA,EN,Combined TRACON& Tower with Radar,0,28,29,0,57,0,10,39,5,54,0,38,68,5,111,156,22,178,289
03/28/2009,RDG,PA,AEA,EN,Combined TRACON& Tower with Radar,0,6,22,0,28,5,12,4,0,21,5,18,26,0,49,120,0,120,169
03/29/2009,RDG,PA,AEA,EN,Combined TRACON& Tower with Radar,1,9,6,0,16,0,26,6,0,32,1,35,12,0,48,32,0,32,80
03/30/2009,RDG,PA,AEA,EN,Combined TRACON& Tower with Radar,0,15,28,1,44,0,5,8,14,27,0,20,36,15,71,8,36,44,115
03/31/2009,RDG,PA,AEA,EN,Combined TRACON& Tower with Radar,0,26,72,0,98,4,21,127,0,152,4,47,199,0,250,222,0,222,472
04/01/2009,RDG,PA,AEA,EN,Combined TRACON& Tower with Radar,0,19,23,0,42,0,0,2,0,2,0,19,25,0,44,0,0,0,44
04/02/2009,RDG,PA,AEA,EN,Combined TRACON& Tower with Radar,0,19,44,0,63,0,4,37,0,41,0,23,81,0,104,140,0,140,244
04/03/2009,RDG,PA,AEA,EN,Combined TRACON& Tower with Radar,0,21,17,6,44,0,1,1,0,2,0,22,18,6,46,0,0,0,46
04/04/2009,RDG,PA,AEA,EN,Combined TRACON& Tower with Radar,2,8,12,0,22,0,0,5,0,5,2,8,17,0,27,0,0,0,27
04/05/2009,RDG,PA,AEA,EN,Combined TRACON& Tower with Radar,0,4,25,1,30,1,3,73,1,78,1,7,98,2,108,96,0,96,204
04/06/2009,RDG,PA,AEA,EN,Combined TRACON& Tower with Radar,0,17,12,0,29,0,3,13,0,16,0,20,25,0,45,138,0,138,183
04/07/2009,RDG,PA,AEA,EN,Combined TRACON& Tower with Radar,0,15,16,3,34,0,10,25,2,37,0,25,41,5,71,60,0,60,131
04/08/2009,RDG,PA,AEA,EN,Combined TRACON& Tower with Radar,0,16,27,2,45,0,6,24,0,30,0,22,51,2,75,100,6,106,181
04/09/2009,RDG,PA,AEA,EN,Combined TRACON& Tower with Radar,0,15,36,0,51,0,21,73,0,94,0,36,109,0,145,198,0,198,343
04/10/2009,RDG,PA,AEA,EN,Combined TRACON& Tower with Radar,0,22,36,0,58,0,17,47,0,64,0,39,83,0,122,166,0,166,288
04/11/2009,RDG,PA,AEA,EN,Combined TRACON& Tower with Radar,0,6,8,0,14,0,1,2,0,3,0,7,10,0,17,48,0,48,65
04/12/2009,RDG,PA,AEA,EN,Combined TRACON& Tower with Radar,0,5,6,0,11,0,13,15,0,28,0,18,21,0,39,62,0,62,101
04/13/2009,RDG,PA,AEA,EN,Combined TRACON& Tower with Radar,0,11,25,2,38,0,12,59,2,73,0,23,84,4,111,142,4,146,257
04/14/2009,RDG,PA,AEA,EN,Combined TRACON& Tower with Radar,0,22,40,0,62,0,0,0,0,0,0,22,40,0,62,18,0,18,80
04/15/2009,RDG,PA,AEA,EN,Combined TRACON& Tower with Radar,0,18,33,0,51,0,4,5,0,9,0,22,38,0,60,0,0,0,60
04/16/2009,RDG,PA,AEA,EN,Combined TRACON& Tower with Radar,0,16,50,0,66,2,4,84,4,94,2,20,134,4,160,242,0,242,402
04/17/2009,RDG,PA,AEA,EN,Combined TRACON& Tower with Radar,0,13,39,0,52,0,12,82,0,94,0,25,121,0,146,212,0,212,358
04/18/2009,RDG,PA,AEA,EN,Combined TRACON& Tower with Radar,1,15,15,5,36,0,2,88,5,95,1,17,103,10,131,354,2,356,487
04/19/2009,RDG,PA,AEA,EN,Combined TRACON& Tower with Radar,1,2,16,0,19,0,2,55,0,57,1,4,71,0,76,150,0,150,226
04/20/2009,RDG,PA,AEA,EN,Combined TRACON& Tower with Radar,0,13,19,0,32,0,0,0,0,0,0,13,19,0,32,0,0,0,32
04/21/2009,RDG,PA,AEA,EN,Combined TRACON& Tower with Radar,0,28,40,0,68,0,19,21,5,45,0,47,61,5,113,170,62,232,345
04/22/2009,RDG,PA,AEA,EN,Combined TRACON& Tower with Radar,0,19,14,2,35,0,16,55,12,83,0,35,69,14,118,142,6,148,266
04/23/2009,RDG,PA,AEA,EN,Combined TRACON& Tower with Radar,0,20,28,19,67,0,12,22,5,39,0,32,50,24,106,88,182,270,376
04/24/2009,RDG,PA,AEA,EN,Combined TRACON& Tower with Radar,0,11,37,0,48,0,8,58,5,71,0,19,95,5,119,204,0,204,323
04/25/2009,RDG,PA,AEA,EN,Combined TRACON& Tower with Radar,2,6,17,0,25,0,18,68,0,86,2,24,85,0,111,144,0,144,255
04/26/2009,RDG,PA,AEA,EN,Combined TRACON& Tower with Radar,0,1,26,0,27,0,1,77,3,81,0,2,103,3,108,174,0,174,282
04/27/2009,RDG,PA,AEA,EN,Combined TRACON& Tower with Radar,0,11,31,18,60,0,20,37,7,64,0,31,68,25,124,168,52,220,344
04/28/2009,RDG,PA,AEA,EN,Combined TRACON& Tower with Radar,0,14,35,0,49,0,5,60,2,67,0,19,95,2,116,130,4,134,250
04/29/2009,RDG,PA,AEA,EN,Combined TRACON& Tower with Radar,4,23,36,4,67,0,3,53,0,56,4,26,89,4,123,112,16,128,251
04/30/2009,RDG,PA,AEA,EN,Combined TRACON& Tower with Radar,0,28,51,7,86,0,4,30,8,42,0,32,81,15,128,228,18,246,374
05/01/2009,RDG,PA,AEA,EN,Combined TRACON& Tower with Radar,0,20,27,8,55,0,0,4,1,5,0,20,31,9,60,96,10,106,166
05/02/2009,RDG,PA,AEA,EN,Combined TRACON& Tower with Radar,0,9,30,4,43,0,9,56,2,67,0,18,86,6,110,250,8,258,368
05/03/2009,RDG,PA,AEA,EN,Combined TRACON& Tower with Radar,0,6,24,4,34,0,0,21,0,21,0,6,45,4,55,112,0,112,167
05/04/2009,RDG,PA,AEA,EN,Combined TRACON& Tower with Radar,0,12,6,2,20,0,0,0,0,0,0,12,6,2,20,0,0,0,20
05/05/2009,RDG,PA,AEA,EN,Combined TRACON& Tower with Radar,0,18,25,2,45,0,8,3,0,11,0,26,28,2,56,82,0,82,138
05/06/2009,RDG,PA,AEA,EN,Combined TRACON& Tower with Radar,0,21,27,5,53,0,1,8,0,9,0,22,35,5,62,38,18,56,118
05/07/2009,RDG,PA,AEA,EN,Combined TRACON& Tower with Radar,0,18,33,2,53,0,7,23,0,30,0,25,56,2,83,228,0,228,311
05/08/2009,RDG,PA,AEA,EN,Combined TRACON& Tower with Radar,0,18,44,4,66,0,11,36,1,48,0,29,80,5,114,144,2,146,260
05/09/2009,RDG,PA,AEA,EN,Combined TRACON& Tower with Radar,1,11,13,0,25,0,3,35,3,41,1,14,48,3,66,286,6,292,358
05/10/2009,RDG,PA,AEA,EN,Combined TRACON& Tower with Radar,0,1,16,1,18,0,5,27,0,32,0,6,43,1,50,82,0,82,132
05/11/2009,RDG,PA,AEA,EN,Combined TRACON& Tower with Radar,0,19,22,7,48,0,7,45,3,55,0,26,67,10,103,146,48,194,297
05/12/2009,RDG,PA,AEA,EN,Combined TRACON& Tower with Radar,0,12,45,7,64,0,11,87,15,113,0,23,132,22,177,114,98,212,389
05/13/2009,RDG,PA,AEA,EN,Combined TRACON& Tower with Radar,0,20,54,3,77,0,25,107,12,144,0,45,161,15,221,118,108,226,447
05/14/2009,RDG,PA,AEA,EN,Combined TRACON& Tower with Radar,0,24,20,0,44,0,2,5,0,7,0,26,25,0,51,94,0,94,145
05/15/2009,RDG,PA,AEA,EN,Combined TRACON& Tower with Radar,0,19,32,1,52,0,9,35,1,45,0,28,67,2,97,112,0,112,209
05/16/2009,RDG,PA,AEA,EN,Combined TRACON& Tower with Radar,2,10,6,8,26,0,2,1,0,3,2,12,7,8,29,12,6,18,47
05/17/2009,RDG,PA,AEA,EN,Combined TRACON& Tower with Radar,0,0,10,0,10,0,1,23,0,24,0,1,33,0,34,148,0,148,182
05/18/2009,RDG,PA,AEA,EN,Combined TRACON& Tower with Radar,0,18,30,1,49,0,26,81,11,118,0,44,111,12,167,172,70,242,409
05/19/2009,RDG,PA,AEA,EN,Combined TRACON& Tower with Radar,0,15,56,0,71,0,9,168,0,177,0,24,224,0,248,380,0,380,628
05/20/2009,RDG,PA,AEA,EN,Combined TRACON& Tower with Radar,0,17,44,4,65,0,10,75,0,85,0,27,119,4,150,240,20,260,410
05/21/2009,RDG,PA,AEA,EN,Combined TRACON& Tower with Radar,0,15,41,10,66,0,20,73,3,96,0,35,114,13,162,174,38,212,374
05/22/2009,RDG,PA,AEA,EN,Combined TRACON& Tower with Radar,0,10,22,0,32,0,8,59,0,67,0,18,81,0,99,273,0,273,372
05/23/2009,RDG,PA,AEA,EN,Combined TRACON& Tower with Radar,1,4,15,0,20,0,2,47,0,49,1,6,62,0,69,126,0,126,195
05/24/2009,RDG,PA,AEA,EN,Combined TRACON& Tower with Radar,0,5,14,0,19,0,5,43,3,51,0,10,57,3,70,76,0,76,146
05/25/2009,RDG,PA,AEA,EN,Combined TRACON& Tower with Radar,0,2,19,0,21,0,2,41,6,49,0,4,60,6,70,78,10,88,158
05/26/2009,RDG,PA,AEA,EN,Combined TRACON& Tower with Radar,0,15,19,1,35,0,0,6,0,6,0,15,25,1,41,0,0,0,41
05/27/2009,RDG,PA,AEA,EN,Combined TRACON& Tower with Radar,0,20,14,0,34,0,3,5,0,8,0,23,19,0,42,84,0,84,126
05/28/2009,RDG,PA,AEA,EN,Combined TRACON& Tower with Radar,0,17,35,0,52,0,3,17,0,20,0,20,52,0,72,98,0,98,170
05/29/2009,RDG,PA,AEA,EN,Combined TRACON& Tower with Radar,0,18,16,1,35,0,1,7,0,8,0,19,23,1,43,30,0,30,73
05/30/2009,RDG,PA,AEA,EN,Combined TRACON& Tower with Radar,1,10,28,0,39,0,20,101,5,126,1,30,129,5,165,168,0,168,333
05/31/2009,RDG,PA,AEA,EN,Combined TRACON& Tower with Radar,0,5,32,0,37,0,6,84,3,93,0,11,116,3,130,198,0,198,328
06/01/2009,RDG,PA,AEA,EN,Combined TRACON& Tower with Radar,0,6,43,0,49,0,17,72,0,89,0,23,115,0,138,148,0,148,286
06/02/2009,RDG,PA,AEA,EN,Combined TRACON& Tower with Radar,0,14,38,0,52,0,10,59,4,73,0,24,97,4,125,148,24,172,297
06/03/2009,RDG,PA,AEA,EN,Combined TRACON& Tower with Radar,0,25,22,0,47,0,10,55,2,67,0,35,77,2,114,216,0,216,330
06/04/2009,RDG,PA,AEA,EN,Combined TRACON& Tower with Radar,0,13,25,0,38,0,16,57,0,73,0,29,82,0,111,188,0,188,299
06/05/2009,RDG,PA,AEA,EN,Combined TRACON& Tower with Radar,0,24,43,0,67,0,3,11,0,14,0,27,54,0,81,20,0,20,101
06/06/2009,RDG,PA,AEA,EN,Combined TRACON& Tower with Radar,2,9,48,0,59,0,264,172,11,447,2,273,220,11,506,752,0,752,1258
06/07/2009,RDG,PA,AEA,EN,Combined TRACON& Tower with Radar,0,4,47,0,51,0,95,163,0,258,0,99,210,0,309,526,30,556,865
06/08/2009,RDG,PA,AEA,EN,Combined TRACON& Tower with Radar,0,15,30,0,45,1,7,57,0,65,1,22,87,0,110,158,0,158,268
06/09/2009,RDG,PA,AEA,EN,Combined TRACON& Tower with Radar,0,18,21,0,39,0,1,13,0,14,0,19,34,0,53,118,0,118,171
06/10/2009,RDG,PA,AEA,EN,Combined TRACON& Tower with Radar,0,25,29,0,54,0,9,52,0,61,0,34,81,0,115,192,0,192,307
06/11/2009,RDG,PA,AEA,EN,Combined TRACON& Tower with Radar,0,39,56,14,109,0,6,26,0,32,0,45,82,14,141,210,12,222,363
06/12/2009,RDG,PA,AEA,EN,Combined TRACON& Tower with Radar,0,17,44,0,61,0,10,41,2,53,0,27,85,2,114,114,0,114,228
06/13/2009,RDG,PA,AEA,EN,Combined TRACON& Tower with Radar,0,10,18,0,28,0,9,51,4,64,0,19,69,4,92,218,4,222,314
06/14/2009,RDG,PA,AEA,EN,Combined TRACON& Tower with Radar,0,12,32,0,44,0,13,85,4,102,0,25,117,4,146,184,0,184,330
06/15/2009,RDG,PA,AEA,EN,Combined TRACON& Tower with Radar,0,14,22,2,38,0,4,34,4,42,0,18,56,6,80,144,10,154,234
06/16/2009,RDG,PA,AEA,EN,Combined TRACON& Tower with Radar,0,19,38,5,62,0,5,12,0,17,0,24,50,5,79,182,20,202,281
06/17/2009,RDG,PA,AEA,EN,Combined TRACON& Tower with Radar,0,15,39,4,58,0,5,38,6,49,0,20,77,10,107,84,8,92,199
06/18/2009,RDG,PA,AEA,EN,Combined TRACON& Tower with Radar,0,20,25,3,48,0,6,8,2,16,0,26,33,5,64,26,8,34,98
06/19/2009,RDG,PA,AEA,EN,Combined TRACON& Tower with Radar,0,18,37,0,55,0,21,56,1,78,0,39,93,1,133,202,0,202,335
06/20/2009,RDG,PA,AEA,EN,Combined TRACON& Tower with Radar,1,7,5,0,13,0,0,0,0,0,1,7,5,0,13,54,0,54,67
06/21/2009,RDG,PA,AEA,EN,Combined TRACON& Tower with Radar,0,9,12,0,21,0,1,36,0,37,0,10,48,0,58,100,0,100,158
06/22/2009,RDG,PA,AEA,EN,Combined TRACON& Tower with Radar,0,16,31,0,47,0,15,42,1,58,0,31,73,1,105,168,0,168,273
06/23/2009,RDG,PA,AEA,EN,Combined TRACON& Tower with Radar,0,19,43,2,64,0,18,130,1,149,0,37,173,3,213,234,4,238,451
06/24/2009,RDG,PA,AEA,EN,Combined TRACON& Tower with Radar,0,15,43,7,65,0,5,65,11,81,0,20,108,18,146,284,16,300,446
06/25/2009,RDG,PA,AEA,EN,Combined TRACON& Tower with Radar,0,18,49,1,68,0,14,85,2,101,0,32,134,3,169,204,26,230,399
06/26/2009,RDG,PA,AEA,EN,Combined TRACON& Tower with Radar,0,15,25,2,42,0,29,36,6,71,0,44,61,8,113,222,10,232,345
06/27/2009,RDG,PA,AEA,EN,Combined TRACON& Tower with Radar,1,14,58,0,73,0,37,107,0,144,1,51,165,0,217,270,0,270,487
06/28/2009,RDG,PA,AEA,EN,Combined TRACON& Tower with Radar,0,8,34,0,42,0,6,96,2,104,0,14,130,2,146,162,0,162,308
06/29/2009,RDG,PA,AEA,EN,Combined TRACON& Tower with Radar,0,12,36,5,53,0,20,68,3,91,0,32,104,8,144,172,8,180,324
06/30/2009,RDG,PA,AEA,EN,Combined TRACON& Tower with Radar,0,18,33,0,51,0,13,72,1,86,0,31,105,1,137,248,4,252,389
07/01/2009,RDG,PA,AEA,EN,Combined TRACON& Tower with Radar,0,18,37,2,57,0,17,64,2,83,0,35,101,4,140,216,2,218,358
07/02/2009,RDG,PA,AEA,EN,Combined TRACON& Tower with Radar,0,16,35,6,57,0,13,54,2,69,0,29,89,8,126,244,0,244,370
07/03/2009,RDG,PA,AEA,EN,Combined TRACON& Tower with Radar,0,34,28,0,62,0,11,81,13,105,0,45,109,13,167,158,44,202,369
07/04/2009,RDG,PA,AEA,EN,Combined TRACON& Tower with Radar,1,6,20,0,27,0,5,53,1,59,1,11,73,1,86,194,0,194,280
07/05/2009,RDG,PA,AEA,EN,Combined TRACON& Tower with Radar,0,7,60,0,67,0,6,137,4,147,0,13,197,4,214,286,6,292,506
07/06/2009,RDG,PA,AEA,EN,Combined TRACON& Tower with Radar,0,8,25,2,35,0,14,90,1,105,0,22,115,3,140,250,12,262,402
07/07/2009,RDG,PA,AEA,EN,Combined TRACON& Tower with Radar,0,14,33,2,49,0,6,84,12,102,0,20,117,14,151,244,18,262,413
07/08/2009,RDG,PA,AEA,EN,Combined TRACON& Tower with Radar,0,11,36,3,50,0,7,75,4,86,0,18,111,7,136,188,10,198,334
07/09/2009,RDG,PA,AEA,EN,Combined TRACON& Tower with Radar,0,20,45,0,65,0,10,93,6,109,0,30,138,6,174,134,12,146,320
07/10/2009,RDG,PA,AEA,EN,Combined TRACON& Tower with Radar,0,16,45,4,65,0,11,70,4,85,0,27,115,8,150,242,0,242,392
07/11/2009,RDG,PA,AEA,EN,Combined TRACON& Tower with Radar,2,13,28,0,43,0,1,41,2,44,2,14,69,2,87,182,8,190,277
07/12/2009,RDG,PA,AEA,EN,Combined TRACON& Tower with Radar,0,9,33,0,42,0,12,64,2,78,0,21,97,2,120,360,0,360,480
07/13/2009,RDG,PA,AEA,EN,Combined TRACON& Tower with Radar,0,13,40,0,53,0,10,74,0,84,0,23,114,0,137,252,0,252,389
07/14/2009,RDG,PA,AEA,EN,Combined TRACON& Tower with Radar,0,7,30,0,37,0,4,90,0,94,0,11,120,0,131,272,0,272,403
07/15/2009,RDG,PA,AEA,EN,Combined TRACON& Tower with Radar,0,16,39,0,55,0,9,110,2,121,0,25,149,2,176,180,0,180,356
07/16/2009,RDG,PA,AEA,EN,Combined TRACON& Tower with Radar,0,13,39,2,54,0,8,35,0,43,0,21,74,2,97,214,2,216,313
07/17/2009,RDG,PA,AEA,EN,Combined TRACON& Tower with Radar,0,14,32,0,46,0,7,50,0,57,0,21,82,0,103,216,0,216,319
07/18/2009,RDG,PA,AEA,EN,Combined TRACON& Tower with Radar,0,5,30,1,36,0,4,78,2,84,0,9,108,3,120,270,0,270,390
07/19/2009,RDG,PA,AEA,EN,Combined TRACON& Tower with Radar,0,7,34,4,45,0,3,96,0,99,0,10,130,4,144,282,0,282,426
07/20/2009,RDG,PA,AEA,EN,Combined TRACON& Tower with Radar,0,10,17,7,34,0,8,49,14,71,0,18,66,21,105,114,52,166,271
07/21/2009,RDG,PA,AEA,EN,Combined TRACON& Tower with Radar,0,22,19,0,41,0,1,35,2,38,0,23,54,2,79,166,4,170,249
07/22/2009,RDG,PA,AEA,EN,Combined TRACON& Tower with Radar,0,23,38,2,63,0,6,26,0,32,0,29,64,2,95,92,0,92,187
07/23/2009,RDG,PA,AEA,EN,Combined TRACON& Tower with Radar,0,21,28,0,49,0,15,2,0,17,0,36,30,0,66,70,0,70,136
07/24/2009,RDG,PA,AEA,EN,Combined TRACON& Tower with Radar,0,15,42,0,57,0,49,42,0,91,0,64,84,0,148,194,0,194,342
07/25/2009,RDG,PA,AEA,EN,Combined TRACON& Tower with Radar,0,9,37,0,46,0,122,89,0,211,0,131,126,0,257,277,0,277,534
07/26/2009,RDG,PA,AEA,EN,Combined TRACON& Tower with Radar,0,11,18,0,29,0,7,30,0,37,0,18,48,0,66,212,0,212,278
07/27/2009,RDG,PA,AEA,EN,Combined TRACON& Tower with Radar,0,15,17,0,32,0,4,35,1,40,0,19,52,1,72,102,0,102,174
07/28/2009,RDG,PA,AEA,EN,Combined TRACON& Tower with Radar,0,15,35,10,60,0,24,50,8,82,0,39,85,18,142,242,38,280,422
07/29/2009,RDG,PA,AEA,EN,Combined TRACON& Tower with Radar,0,20,22,0,42,0,5,24,0,29,0,25,46,0,71,128,0,128,199
07/30/2009,RDG,PA,AEA,EN,Combined TRACON& Tower with Radar,0,18,34,2,54,0,6,52,18,76,0,24,86,20,130,248,54,302,432
07/31/2009,RDG,PA,AEA,EN,Combined TRACON& Tower with Radar,0,20,19,0,39,0,13,38,0,51,0,33,57,0,90,300,2,302,392
08/01/2009,RDG,PA,AEA,EN,Combined TRACON& Tower with Radar,0,10,22,0,32,0,26,82,4,112,0,36,104,4,144,288,16,304,448
08/02/2009,RDG,PA,AEA,EN,Combined TRACON& Tower with Radar,0,1,10,0,11,0,0,12,0,12,0,1,22,0,23,124,0,124,147
08/03/2009,RDG,PA,AEA,EN,Combined TRACON& Tower with Radar,0,12,28,2,42,0,17,87,2,106,0,29,115,4,148,204,0,204,352
08/04/2009,RDG,PA,AEA,EN,Combined TRACON& Tower with Radar,0,17,23,1,41,0,11,25,4,40,0,28,48,5,81,176,0,176,257
08/05/2009,RDG,PA,AEA,EN,Combined TRACON& Tower with Radar,0,18,37,1,56,0,14,34,2,50,0,32,71,3,106,292,0,292,398
08/06/2009,RDG,PA,AEA,EN,Combined TRACON& Tower with Radar,0,18,41,2,61,0,10,44,4,58,0,28,85,6,119,172,0,172,291
08/07/2009,RDG,PA,AEA,EN,Combined TRACON& Tower with Radar,0,13,49,1,63,0,11,74,8,93,0,24,123,9,156,172,10,182,338
08/08/2009,RDG,PA,AEA,EN,Combined TRACON& Tower with Radar,0,7,28,4,39,0,0,42,0,42,0,7,70,4,81,198,2,200,281
08/09/2009,RDG,PA,AEA,EN,Combined TRACON& Tower with Radar,0,0,16,0,16,0,0,1,0,1,0,0,17,0,17,78,4,82,99
08/10/2009,RDG,PA,AEA,EN,Combined TRACON& Tower with Radar,0,15,26,2,43,0,15,57,8,80,0,30,83,10,123,134,30,164,287
08/11/2009,RDG,PA,AEA,EN,Combined TRACON& Tower with Radar,0,13,45,3,61,0,23,34,10,67,0,36,79,13,128,212,24,236,364
08/12/2009,RDG,PA,AEA,EN,Combined TRACON& Tower with Radar,0,16,58,2,76,0,12,73,0,85,0,28,131,2,161,216,26,242,403
08/13/2009,RDG,PA,AEA,EN,Combined TRACON& Tower with Radar,0,18,53,3,74,0,12,36,22,70,0,30,89,25,144,188,38,226,370
08/14/2009,RDG,PA,AEA,EN,Combined TRACON& Tower with Radar,0,17,30,0,47,0,3,22,0,25,0,20,52,0,72,16,0,16,88
08/15/2009,RDG,PA,AEA,EN,Combined TRACON& Tower with Radar,0,5,24,0,29,0,0,56,0,56,0,5,80,0,85,226,0,226,311
08/16/2009,RDG,PA,AEA,EN,Combined TRACON& Tower with Radar,0,9,42,0,51,0,0,79,2,81,0,9,121,2,132,174,0,174,306
08/17/2009,RDG,PA,AEA,EN,Combined TRACON& Tower with Radar,0,15,40,0,55,0,9,62,2,73,0,24,102,2,128,216,0,216,344
08/18/2009,RDG,PA,AEA,EN,Combined TRACON& Tower with Radar,0,15,23,0,38,0,8,25,0,33,0,23,48,0,71,204,0,204,275
08/19/2009,RDG,PA,AEA,EN,Combined TRACON& Tower with Radar,0,22,23,2,47,0,10,24,0,34,0,32,47,2,81,166,0,166,247
08/20/2009,RDG,PA,AEA,EN,Combined TRACON& Tower with Radar,0,23,23,0,46,0,14,30,2,46,0,37,53,2,92,184,0,184,276
08/21/2009,RDG,PA,AEA,EN,Combined TRACON& Tower with Radar,0,33,19,0,52,0,9,24,0,33,0,42,43,0,85,220,0,220,305
08/22/2009,RDG,PA,AEA,EN,Combined TRACON& Tower with Radar,0,6,15,0,21,0,12,3,0,15,0,18,18,0,36,86,0,86,122
08/23/2009,RDG,PA,AEA,EN,Combined TRACON& Tower with Radar,0,9,45,2,56,0,0,71,0,71,0,9,116,2,127,300,0,300,427
08/24/2009,RDG,PA,AEA,EN,Combined TRACON& Tower with Radar,0,21,51,1,73,0,9,78,0,87,0,30,129,1,160,318,0,318,478
08/25/2009,RDG,PA,AEA,EN,Combined TRACON& Tower with Radar,0,9,23,1,33,0,14,102,0,116,0,23,125,1,149,368,4,372,521
08/26/2009,RDG,PA,AEA,EN,Combined TRACON& Tower with Radar,0,17,49,1,67,0,12,73,1,86,0,29,122,2,153,268,2,270,423
08/27/2009,RDG,PA,AEA,EN,Combined TRACON& Tower with Radar,0,18,39,7,64,0,11,41,5,57,0,29,80,12,121,156,30,186,307
08/28/2009,RDG,PA,AEA,EN,Combined TRACON& Tower with Radar,0,20,7,0,27,0,0,0,0,0,0,20,7,0,27,0,0,0,27
08/29/2009,RDG,PA,AEA,EN,Combined TRACON& Tower with Radar,0,7,23,0,30,0,1,27,0,28,0,8,50,0,58,178,4,182,240
08/30/2009,RDG,PA,AEA,EN,Combined TRACON& Tower with Radar,0,3,38,0,41,0,3,100,1,104,0,6,138,1,145,248,0,248,393
08/31/2009,RDG,PA,AEA,EN,Combined TRACON& Tower with Radar,0,13,27,0,40,0,17,53,0,70,0,30,80,0,110,178,0,178,288
09/01/2009,RDG,PA,AEA,EN,Combined TRACON& Tower with Radar,0,16,36,5,57,0,18,102,8,128,0,34,138,13,185,364,18,382,567
09/02/2009,RDG,PA,AEA,EN,Combined TRACON& Tower with Radar,0,13,38,10,61,0,25,107,12,144,0,38,145,22,205,442,72,514,719
09/03/2009,RDG,PA,AEA,EN,Combined TRACON& Tower with Radar,0,13,47,0,60,0,7,90,8,105,0,20,137,8,165,354,8,362,527
09/04/2009,RDG,PA,AEA,EN,Combined TRACON& Tower with Radar,0,21,34,3,58,0,6,66,4,76,0,27,100,7,134,228,2,230,364
09/05/2009,RDG,PA,AEA,EN,Combined TRACON& Tower with Radar,0,15,14,0,29,0,44,91,2,137,0,59,105,2,166,280,0,280,446
09/06/2009,RDG,PA,AEA,EN,Combined TRACON& Tower with Radar,0,5,19,1,25,0,15,95,8,118,0,20,114,9,143,260,0,260,403
09/07/2009,RDG,PA,AEA,EN,Combined TRACON& Tower with Radar,0,7,20,0,27,0,5,49,0,54,0,12,69,0,81,228,0,228,309
09/08/2009,RDG,PA,AEA,EN,Combined TRACON& Tower with Radar,0,12,33,0,45,0,5,44,0,49,0,17,77,0,94,186,0,186,280
09/09/2009,RDG,PA,AEA,EN,Combined TRACON& Tower with Radar,0,17,20,6,43,0,2,20,0,22,0,19,40,6,65,220,2,222,287
09/10/2009,RDG,PA,AEA,EN,Combined TRACON& Tower with Radar,0,21,21,1,43,0,7,25,3,35,0,28,46,4,78,28,0,28,106
09/11/2009,RDG,PA,AEA,EN,Combined TRACON& Tower with Radar,0,21,8,0,29,0,0,0,0,0,0,21,8,0,29,0,0,0,29
09/12/2009,RDG,PA,AEA,EN,Combined TRACON& Tower with Radar,0,9,29,2,40,0,0,0,0,0,0,9,29,2,40,0,0,0,40
09/13/2009,RDG,PA,AEA,EN,Combined TRACON& Tower with Radar,0,8,25,0,33,0,12,87,3,102,0,20,112,3,135,322,0,322,457
09/14/2009,RDG,PA,AEA,EN,Combined TRACON& Tower with Radar,0,15,47,0,62,0,15,79,0,94,0,30,126,0,156,214,0,214,370
09/15/2009,RDG,PA,AEA,EN,Combined TRACON& Tower with Radar,0,22,38,5,65,0,23,106,7,136,0,45,144,12,201,256,64,320,521
09/16/2009,RDG,PA,AEA,EN,Combined TRACON& Tower with Radar,0,14,18,8,40,0,14,47,3,64,0,28,65,11,104,182,24,206,310
09/17/2009,RDG,PA,AEA,EN,Combined TRACON& Tower with Radar,0,27,26,2,55,0,11,11,3,25,0,38,37,5,80,74,0,74,154
09/18/2009,RDG,PA,AEA,EN,Combined TRACON& Tower with Radar,0,32,24,2,58,0,16,64,0,80,0,48,88,2,138,250,0,250,388
09/19/2009,RDG,PA,AEA,EN,Combined TRACON& Tower with Radar,0,15,24,0,39,0,11,82,0,93,0,26,106,0,132,372,0,372,504
09/20/2009,RDG,PA,AEA,EN,Combined TRACON& Tower with Radar,0,10,28,1,39,0,6,58,0,64,0,16,86,1,103,252,0,252,355
09/21/2009,RDG,PA,AEA,EN,Combined TRACON& Tower with Radar,0,10,24,0,34,0,9,58,4,71,0,19,82,4,105,264,0,264,369
09/22/2009,RDG,PA,AEA,EN,Combined TRACON& Tower with Radar,0,17,36,0,53,0,2,9,0,11,0,19,45,0,64,190,2,192,256
09/23/2009,RDG,PA,AEA,EN,Combined TRACON& Tower with Radar,0,18,29,0,47,0,7,47,3,57,0,25,76,3,104,238,6,244,348
09/24/2009,RDG,PA,AEA,EN,Combined TRACON& Tower with Radar,0,24,18,2,44,0,4,47,12,63,0,28,65,14,107,174,36,210,317
09/25/2009,RDG,PA,AEA,EN,Combined TRACON& Tower with Radar,0,32,25,0,57,0,11,79,0,90,0,43,104,0,147,276,34,310,457
09/26/2009,RDG,PA,AEA,EN,Combined TRACON& Tower with Radar,0,12,17,0,29,0,9,62,0,71,0,21,79,0,100,210,0,210,310
09/27/2009,RDG,PA,AEA,EN,Combined TRACON& Tower with Radar,0,4,9,0,13,0,0,2,0,2,0,4,11,0,15,22,0,22,37
09/28/2009,RDG,PA,AEA,EN,Combined TRACON& Tower with Radar,0,12,31,0,43,0,7,20,0,27,0,19,51,0,70,80,0,80,150
09/29/2009,RDG,PA,AEA,EN,Combined TRACON& Tower with Radar,0,21,18,3,42,0,4,17,0,21,0,25,35,3,63,148,4,152,215
09/30/2009,RDG,PA,AEA,EN,Combined TRACON& Tower with Radar,0,28,42,1,71,0,2,21,0,23,0,30,63,1,94,184,4,188,282
10/01/2009,RDG,PA,AEA,EN,Combined TRACON& Tower with Radar,0,15,22,5,42,0,20,103,20,143,0,35,125,25,185,246,50,296,481
10/02/2009,RDG,PA,AEA,EN,Combined TRACON& Tower with Radar,0,16,38,8,62,0,2,50,5,57,0,18,88,13,119,276,16,292,411
10/03/2009,RDG,PA,AEA,EN,Combined TRACON& Tower with Radar,2,8,24,1,35,0,1,55,1,57,2,9,79,2,92,310,0,310,402
10/04/2009,RDG,PA,AEA,EN,Combined TRACON& Tower with Radar,0,6,30,0,36,0,10,85,1,96,0,16,115,1,132,318,0,318,450
10/05/2009,RDG,PA,AEA,EN,Combined TRACON& Tower with Radar,0,24,35,0,59,0,7,41,5,53,0,31,76,5,112,98,26,124,236
10/06/2009,RDG,PA,AEA,EN,Combined TRACON& Tower with Radar,0,16,35,3,54,0,6,68,0,74,0,22,103,3,128,208,0,208,336
10/07/2009,RDG,PA,AEA,EN,Combined TRACON& Tower with Radar,0,18,12,0,30,0,4,5,2,11,0,22,17,2,41,158,10,168,209
10/08/2009,RDG,PA,AEA,EN,Combined TRACON& Tower with Radar,0,36,37,4,77,0,13,67,1,81,0,49,104,5,158,208,0,208,366
10/09/2009,RDG,PA,AEA,EN,Combined TRACON& Tower with Radar,0,25,21,0,46,0,9,28,0,37,0,34,49,0,83,120,2,122,205
10/10/2009,RDG,PA,AEA,EN,Combined TRACON& Tower with Radar,0,17,35,2,54,0,33,26,1,60,0,50,61,3,114,174,0,174,288
10/11/2009,RDG,PA,AEA,EN,Combined TRACON& Tower with Radar,0,6,25,0,31,0,0,50,0,50,0,6,75,0,81,114,0,114,195
10/12/2009,RDG,PA,AEA,EN,Combined TRACON& Tower with Radar,0,12,12,0,24,0,6,35,0,41,0,18,47,0,65,232,4,236,301
10/13/2009,RDG,PA,AEA,EN,Combined TRACON& Tower with Radar,0,22,20,6,48,0,3,31,6,40,0,25,51,12,88,168,26,194,282
10/14/2009,RDG,PA,AEA,EN,Combined TRACON& Tower with Radar,0,17,50,7,74,0,17,99,4,120,0,34,149,11,194,268,12,280,474
10/15/2009,RDG,PA,AEA,EN,Combined TRACON& Tower with Radar,0,21,19,0,40,0,2,9,0,11,0,23,28,0,51,170,0,170,221
10/16/2009,RDG,PA,AEA,EN,Combined TRACON& Tower with Radar,0,21,19,0,40,0,0,0,0,0,0,21,19,0,40,0,0,0,40
10/17/2009,RDG,PA,AEA,EN,Combined TRACON& Tower with Radar,0,11,7,0,18,0,0,0,0,0,0,11,7,0,18,0,0,0,18
10/18/2009,RDG,PA,AEA,EN,Combined TRACON& Tower with Radar,0,9,5,0,14,0,0,6,0,6,0,9,11,0,20,0,0,0,20
10/19/2009,RDG,PA,AEA,EN,Combined TRACON& Tower with Radar,0,10,31,2,43,0,10,48,13,71,0,20,79,15,114,160,26,186,300
10/20/2009,RDG,PA,AEA,EN,Combined TRACON& Tower with Radar,0,19,41,2,62,0,14,118,5,137,0,33,159,7,199,244,42,286,485
10/21/2009,RDG,PA,AEA,EN,Combined TRACON& Tower with Radar,0,15,30,5,50,0,8,88,4,100,0,23,118,9,150,242,20,262,412
10/22/2009,RDG,PA,AEA,EN,Combined TRACON& Tower with Radar,0,21,22,0,43,0,7,113,0,120,0,28,135,0,163,286,0,286,449
10/23/2009,RDG,PA,AEA,EN,Combined TRACON& Tower with Radar,0,28,15,2,45,0,12,66,3,81,0,40,81,5,126,216,12,228,354
10/24/2009,RDG,PA,AEA,EN,Combined TRACON& Tower with Radar,1,10,11,0,22,0,0,0,0,0,1,10,11,0,22,0,0,0,22
10/25/2009,RDG,PA,AEA,EN,Combined TRACON& Tower with Radar,1,8,36,0,45,0,23,132,0,155,1,31,168,0,200,288,0,288,488
10/26/2009,RDG,PA,AEA,EN,Combined TRACON& Tower with Radar,0,17,34,0,51,0,12,96,3,111,0,29,130,3,162,268,0,268,430
10/27/2009,RDG,PA,AEA,EN,Combined TRACON& Tower with Radar,0,18,31,0,49,0,0,0,0,0,0,18,31,0,49,0,0,0,49
10/28/2009,RDG,PA,AEA,EN,Combined TRACON& Tower with Radar,0,20,24,0,44,0,1,3,0,4,0,21,27,0,48,16,0,16,64
10/29/2009,RDG,PA,AEA,EN,Combined TRACON& Tower with Radar,0,23,48,0,71,0,4,46,2,52,0,27,94,2,123,228,2,230,353
10/30/2009,RDG,PA,AEA,EN,Combined TRACON& Tower with Radar,0,20,27,4,51,0,7,18,0,25,0,27,45,4,76,157,6,163,239
10/31/2009,RDG,PA,AEA,EN,Combined TRACON& Tower with Radar,1,9,17,0,27,0,0,0,0,0,1,9,17,0,27,0,0,0,27
11/01/2009,RDG,PA,AEA,EN,Combined TRACON& Tower with Radar,0,4,15,0,19,0,1,60,0,61,0,5,75,0,80,228,0,228,308
11/02/2009,RDG,PA,AEA,EN,Combined TRACON& Tower with Radar,0,12,34,0,46,0,16,76,0,92,0,28,110,0,138,302,0,302,440
11/03/2009,RDG,PA,AEA,EN,Combined TRACON& Tower with Radar,0,23,37,0,60,0,8,90,0,98,0,31,127,0,158,248,0,248,406
11/04/2009,RDG,PA,AEA,EN,Combined TRACON& Tower with Radar,0,14,28,2,44,0,6,72,4,82,0,20,100,6,126,292,0,292,418
11/05/2009,RDG,PA,AEA,EN,Combined TRACON& Tower with Radar,0,24,33,0,57,1,8,46,3,58,1,32,79,3,115,164,0,164,279
11/06/2009,RDG,PA,AEA,EN,Combined TRACON& Tower with Radar,0,20,19,0,39,0,5,35,0,40,0,25,54,0,79,84,12,96,175
11/07/2009,RDG,PA,AEA,EN,Combined TRACON& Tower with Radar,2,9,26,0,37,0,5,71,3,79,2,14,97,3,116,214,6,220,336
11/08/2009,RDG,PA,AEA,EN,Combined TRACON& Tower with Radar,0,2,27,0,29,0,3,140,3,146,0,5,167,3,175,396,2,398,573
11/09/2009,RDG,PA,AEA,EN,Combined TRACON& Tower with Radar,0,9,13,4,26,0,5,56,6,67,0,14,69,10,93,256,0,256,349
11/10/2009,RDG,PA,AEA,EN,Combined TRACON& Tower with Radar,0,17,36,0,53,0,3,30,5,38,0,20,66,5,91,176,0,176,267
11/11/2009,RDG,PA,AEA,EN,Combined TRACON& Tower with Radar,0,18,33,0,51,0,4,56,1,61,0,22,89,1,112,230,0,230,342
11/12/2009,RDG,PA,AEA,EN,Combined TRACON& Tower with Radar,0,17,12,0,29,0,7,21,4,32,0,24,33,4,61,166,10,176,237
11/13/2009,RDG,PA,AEA,EN,Combined TRACON& Tower with Radar,0,33,14,0,47,0,1,25,3,29,0,34,39,3,76,28,0,28,104
11/14/2009,RDG,PA,AEA,EN,Combined TRACON& Tower with Radar,1,6,26,0,33,0,0,0,0,0,1,6,26,0,33,0,0,0,33
11/15/2009,RDG,PA,AEA,EN,Combined TRACON& Tower with Radar,1,10,26,0,37,0,2,157,2,161,1,12,183,2,198,340,0,340,538
11/16/2009,RDG,PA,AEA,EN,Combined TRACON& Tower with Radar,0,18,23,0,41,0,9,61,0,70,0,27,84,0,111,328,0,328,439
11/17/2009,RDG,PA,AEA,EN,Combined TRACON& Tower with Radar,0,16,32,0,48,0,9,94,1,104,0,25,126,1,152,310,0,310,462
11/18/2009,RDG,PA,AEA,EN,Combined TRACON& Tower with Radar,0,18,48,4,70,0,6,89,4,99,0,24,137,8,169,290,12,302,471
11/19/2009,RDG,PA,AEA,EN,Combined TRACON& Tower with Radar,0,26,20,0,46,0,0,0,0,0,0,26,20,0,46,0,0,0,46
11/20/2009,RDG,PA,AEA,EN,Combined TRACON& Tower with Radar,0,16,27,2,45,0,3,75,5,83,0,19,102,7,128,182,22,204,332
11/21/2009,RDG,PA,AEA,EN,Combined TRACON& Tower with Radar,2,11,21,1,35,0,34,84,2,120,2,45,105,3,155,468,0,468,623
11/22/2009,RDG,PA,AEA,EN,Combined TRACON& Tower with Radar,0,8,34,0,42,0,8,131,2,141,0,16,165,2,183,374,0,374,557
11/23/2009,RDG,PA,AEA,EN,Combined TRACON& Tower with Radar,0,18,60,2,80,0,10,27,1,38,0,28,87,3,118,184,2,186,304
11/24/2009,RDG,PA,AEA,EN,Combined TRACON& Tower with Radar,0,15,23,0,38,0,0,1,0,1,0,15,24,0,39,0,0,0,39
11/25/2009,RDG,PA,AEA,EN,Combined TRACON& Tower with Radar,0,17,18,0,35,0,0,0,0,0,0,17,18,0,35,0,0,0,35
11/26/2009,RDG,PA,AEA,EN,Combined TRACON& Tower with Radar,0,8,11,0,19,0,0,3,0,3,0,8,14,0,22,0,0,0,22
11/27/2009,RDG,PA,AEA,EN,Combined TRACON& Tower with Radar,0,18,12,0,30,0,2,11,0,13,0,20,23,0,43,48,0,48,91
11/28/2009,RDG,PA,AEA,EN,Combined TRACON& Tower with Radar,0,15,11,0,26,0,0,10,0,10,0,15,21,0,36,104,0,104,140
11/29/2009,RDG,PA,AEA,EN,Combined TRACON& Tower with Radar,0,3,55,0,58,0,8,116,2,126,0,11,171,2,184,358,0,358,542
11/30/2009,RDG,PA,AEA,EN,Combined TRACON& Tower with Radar,0,21,13,10,44,0,13,18,3,34,0,34,31,13,78,178,52,230,308
12/01/2009,RDG,PA,AEA,EN,Combined TRACON& Tower with Radar,0,23,21,1,45,0,9,66,2,77,0,32,87,3,122,192,0,192,314
12/02/2009,RDG,PA,AEA,EN,Combined TRACON& Tower with Radar,0,22,18,0,40,0,5,42,2,49,0,27,60,2,89,80,0,80,169
12/03/2009,RDG,PA,AEA,EN,Combined TRACON& Tower with Radar,0,34,27,0,61,0,13,16,6,35,0,47,43,6,96,176,0,176,272
12/04/2009,RDG,PA,AEA,EN,Combined TRACON& Tower with Radar,0,13,24,0,37,0,7,17,0,24,0,20,41,0,61,122,0,122,183
12/05/2009,RDG,PA,AEA,EN,Combined TRACON& Tower with Radar,0,9,4,0,13,0,0,19,0,19,0,9,23,0,32,108,0,108,140
12/06/2009,RDG,PA,AEA,EN,Combined TRACON& Tower with Radar,0,3,23,0,26,0,3,57,2,62,0,6,80,2,88,210,0,210,298
12/07/2009,RDG,PA,AEA,EN,Combined TRACON& Tower with Radar,0,11,27,0,38,0,7,58,5,70,0,18,85,5,108,278,0,278,386
12/08/2009,RDG,PA,AEA,EN,Combined TRACON& Tower with Radar,0,12,17,1,30,0,7,46,6,59,0,19,63,7,89,280,8,288,377
12/09/2009,RDG,PA,AEA,EN,Combined TRACON& Tower with Radar,0,16,12,0,28,0,0,1,0,1,0,16,13,0,29,0,0,0,29
12/10/2009,RDG,PA,AEA,EN,Combined TRACON& Tower with Radar,0,27,11,0,38,0,1,1,2,4,0,28,12,2,42,80,0,80,122
12/11/2009,RDG,PA,AEA,EN,Combined TRACON& Tower with Radar,0,32,12,0,44,0,4,6,1,11,0,36,18,1,55,0,0,0,55
12/12/2009,RDG,PA,AEA,EN,Combined TRACON& Tower with Radar,0,5,22,0,27,0,18,334,0,352,0,23,356,0,379,260,0,260,639
12/13/2009,RDG,PA,AEA,EN,Combined TRACON& Tower with Radar,0,1,4,0,5,0,0,0,0,0,0,1,4,0,5,0,0,0,5
12/14/2009,RDG,PA,AEA,EN,Combined TRACON& Tower with Radar,0,16,31,0,47,0,4,51,8,63,0,20,82,8,110,156,0,156,266
12/15/2009,RDG,PA,AEA,EN,Combined TRACON& Tower with Radar,0,12,21,1,34,0,2,7,0,9,0,14,28,1,43,118,0,118,161
12/16/2009,RDG,PA,AEA,EN,Combined TRACON& Tower with Radar,0,18,27,0,45,0,4,51,2,57,0,22,78,2,102,234,6,240,342
12/17/2009,RDG,PA,AEA,EN,Combined TRACON& Tower with Radar,0,24,22,0,46,0,10,62,4,76,0,34,84,4,122,272,6,278,400
12/18/2009,RDG,PA,AEA,EN,Combined TRACON& Tower with Radar,0,14,27,2,43,0,9,32,0,41,0,23,59,2,84,96,0,96,180
12/19/2009,RDG,PA,AEA,EN,Combined TRACON& Tower with Radar,0,7,1,0,8,0,0,0,0,0,0,7,1,0,8,0,0,0,8
12/20/2009,RDG,PA,AEA,EN,Combined TRACON& Tower with Radar,0,17,13,0,30,0,0,3,0,3,0,17,16,0,33,0,0,0,33
12/21/2009,RDG,PA,AEA,EN,Combined TRACON& Tower with Radar,0,13,9,0,22,0,12,34,1,47,0,25,43,1,69,142,2,144,213
12/22/2009,RDG,PA,AEA,EN,Combined TRACON& Tower with Radar,0,14,21,0,35,0,7,41,2,50,0,21,62,2,85,98,16,114,199
12/23/2009,RDG,PA,AEA,EN,Combined TRACON& Tower with Radar,0,22,27,0,49,0,6,28,0,34,0,28,55,0,83,124,0,124,207
12/24/2009,RDG,PA,AEA,EN,Combined TRACON& Tower with Radar,0,15,22,0,37,0,10,54,7,71,0,25,76,7,108,286,0,286,394
12/25/2009,RDG,PA,AEA,EN,Combined TRACON& Tower with Radar,0,3,0,0,3,0,0,0,0,0,0,3,0,0,3,0,0,0,3
12/26/2009,RDG,PA,AEA,EN,Combined TRACON& Tower with Radar,0,4,15,0,19,0,0,0,0,0,0,4,15,0,19,0,0,0,19
12/27/2009,RDG,PA,AEA,EN,Combined TRACON& Tower with Radar,0,8,20,0,28,0,7,77,0,84,0,15,97,0,112,362,0,362,474
12/28/2009,RDG,PA,AEA,EN,Combined TRACON& Tower with Radar,0,15,10,0,25,0,1,21,0,22,0,16,31,0,47,0,0,0,47
12/29/2009,RDG,PA,AEA,EN,Combined TRACON& Tower with Radar,0,23,16,0,39,0,10,19,0,29,0,33,35,0,68,76,0,76,144
12/30/2009,RDG,PA,AEA,EN,Combined TRACON& Tower with Radar,0,15,28,2,45,0,8,84,0,92,0,23,112,2,137,316,0,316,453
12/31/2009,RDG,PA,AEA,EN,Combined TRACON& Tower with Radar,0,14,12,0,26,0,0,0,0,0,0,14,12,0,26,0,0,0,26
01/01/2010,RDG,PA,AEA,EN,Combined TRACON& Tower with Radar,0,4,2,0,6,0,0,4,0,4,0,4,6,0,10,42,0,42,52
01/02/2010,RDG,PA,AEA,EN,Combined TRACON& Tower with Radar,0,4,12,0,16,0,0,6,0,6,0,4,18,0,22,0,0,0,22
01/03/2010,RDG,PA,AEA,EN,Combined TRACON& Tower with Radar,0,4,15,0,19,0,2,32,0,34,0,6,47,0,53,148,0,148,201
01/04/2010,RDG,PA,AEA,EN,Combined TRACON& Tower with Radar,0,11,17,0,28,0,2,10,0,12,0,13,27,0,40,102,0,102,142
01/05/2010,RDG,PA,AEA,EN,Combined TRACON& Tower with Radar,0,21,13,0,34,0,11,19,3,33,0,32,32,3,67,76,0,76,143
01/06/2010,RDG,PA,AEA,EN,Combined TRACON& Tower with Radar,0,35,10,0,45,0,10,6,2,18,0,45,16,2,63,112,26,138,201
01/07/2010,RDG,PA,AEA,EN,Combined TRACON& Tower with Radar,0,24,29,2,55,0,7,56,0,63,0,31,85,2,118,190,4,194,312
01/08/2010,RDG,PA,AEA,EN,Combined TRACON& Tower with Radar,0,15,9,0,24,0,2,2,0,4,0,17,11,0,28,40,0,40,68
01/09/2010,RDG,PA,AEA,EN,Combined TRACON& Tower with Radar,0,17,16,0,33,0,10,48,0,58,0,27,64,0,91,190,0,190,281
01/10/2010,RDG,PA,AEA,EN,Combined TRACON& Tower with Radar,0,13,39,0,52,0,0,89,0,89,0,13,128,0,141,252,0,252,393
01/11/2010,RDG,PA,AEA,EN,Combined TRACON& Tower with Radar,0,13,15,1,29,0,7,49,3,59,0,20,64,4,88,200,0,200,288
01/12/2010,RDG,PA,AEA,EN,Combined TRACON& Tower with Radar,0,22,38,4,64,0,6,39,2,47,0,28,77,6,111,170,4,174,285
01/13/2010,RDG,PA,AEA,EN,Combined TRACON& Tower with Radar,0,13,33,2,48,0,10,72,5,87,0,23,105,7,135,222,6,228,363
01/14/2010,RDG,PA,AEA,EN,Combined TRACON& Tower with Radar,0,20,27,3,50,0,5,64,9,78,0,25,91,12,128,172,0,172,300
01/15/2010,RDG,PA,AEA,EN,Combined TRACON& Tower with Radar,0,17,30,0,47,0,11,66,2,79,0,28,96,2,126,242,12,254,380
01/16/2010,RDG,PA,AEA,EN,Combined TRACON& Tower with Radar,0,5,48,1,54,0,5,128,5,138,0,10,176,6,192,224,0,224,416
01/17/2010,RDG,PA,AEA,EN,Combined TRACON& Tower with Radar,0,1,5,0,6,0,0,0,0,0,0,1,5,0,6,0,0,0,6
01/18/2010,RDG,PA,AEA,EN,Combined TRACON& Tower with Radar,0,23,20,0,43,0,4,28,0,32,0,27,48,0,75,136,8,144,219
01/19/2010,RDG,PA,AEA,EN,Combined TRACON& Tower with Radar,0,17,28,3,48,0,8,31,3,42,0,25,59,6,90,180,12,192,282
01/20/2010,RDG,PA,AEA,EN,Combined TRACON& Tower with Radar,0,19,31,5,55,0,14,45,3,62,0,33,76,8,117,306,4,310,427
01/21/2010,RDG,PA,AEA,EN,Combined TRACON& Tower with Radar,0,9,42,0,51,0,12,68,0,80,0,21,110,0,131,196,0,196,327
01/22/2010,RDG,PA,AEA,EN,Combined TRACON& Tower with Radar,0,23,38,10,71,0,9,65,7,81,0,32,103,17,152,180,34,214,366
01/23/2010,RDG,PA,AEA,EN,Combined TRACON& Tower with Radar,0,3,48,0,51,0,5,346,2,353,0,8,394,2,404,400,0,400,804
01/24/2010,RDG,PA,AEA,EN,Combined TRACON& Tower with Radar,0,4,21,0,25,0,0,0,0,0,0,4,21,0,25,0,0,0,25
01/25/2010,RDG,PA,AEA,EN,Combined TRACON& Tower with Radar,0,15,15,0,30,0,1,4,0,5,0,16,19,0,35,0,0,0,35
01/26/2010,RDG,PA,AEA,EN,Combined TRACON& Tower with Radar,0,20,37,6,63,0,8,33,2,43,0,28,70,8,106,168,0,168,274
01/27/2010,RDG,PA,AEA,EN,Combined TRACON& Tower with Radar,0,18,64,0,82,0,11,31,0,42,0,29,95,0,124,108,8,116,240
01/28/2010,RDG,PA,AEA,EN,Combined TRACON& Tower with Radar,0,20,12,0,32,0,10,5,10,25,0,30,17,10,57,0,0,0,57
01/29/2010,RDG,PA,AEA,EN,Combined TRACON& Tower with Radar,0,15,23,3,41,0,4,14,3,21,0,19,37,6,62,118,8,126,188
01/30/2010,RDG,PA,AEA,EN,Combined TRACON& Tower with Radar,0,3,32,1,36,0,1,69,2,72,0,4,101,3,108,246,4,250,358
01/31/2010,RDG,PA,AEA,EN,Combined TRACON& Tower with Radar,0,2,36,0,38,0,1,50,0,51,0,3,86,0,89,218,4,222,311
02/01/2010,RDG,PA,AEA,EN,Combined TRACON& Tower with Radar,0,9,29,0,38,0,4,52,0,56,0,13,81,0,94,130,4,134,228
02/02/2010,RDG,PA,AEA,EN,Combined TRACON& Tower with Radar,0,13,22,10,45,0,3,20,0,23,0,16,42,10,68,152,0,152,220
02/03/2010,RDG,PA,AEA,EN,Combined TRACON& Tower with Radar,0,21,12,9,42,0,3,14,2,19,0,24,26,11,61,118,0,118,179
02/04/2010,RDG,PA,AEA,EN,Combined TRACON& Tower with Radar,0,20,48,2,70,0,12,41,1,54,0,32,89,3,124,218,14,232,356
02/05/2010,RDG,PA,AEA,EN,Combined TRACON& Tower with Radar,0,18,23,3,44,0,2,17,5,24,0,20,40,8,68,0,0,0,68
02/06/2010,RDG,PA,AEA,EN,Combined TRACON& Tower with Radar,0,5,2,0,7,0,2,0,0,2,0,7,2,0,9,0,0,0,9
02/07/2010,RDG,PA,AEA,EN,Combined TRACON& Tower with Radar,0,4,16,0,20,0,1,13,0,14,0,5,29,0,34,0,0,0,34
02/08/2010,RDG,PA,AEA,EN,Combined TRACON& Tower with Radar,0,18,33,0,51,0,6,53,3,62,0,24,86,3,113,166,0,166,279
02/09/2010,RDG,PA,AEA,EN,Combined TRACON& Tower with Radar,0,19,15,0,34,0,5,13,0,18,0,24,28,0,52,26,2,28,80
02/10/2010,RDG,PA,AEA,EN,Combined TRACON& Tower with Radar,0,4,0,0,4,0,0,0,0,0,0,4,0,0,4,0,0,0,4
02/11/2010,RDG,PA,AEA,EN,Combined TRACON& Tower with Radar,0,19,9,1,29,0,4,2,5,11,0,23,11,6,40,0,30,30,70
02/12/2010,RDG,PA,AEA,EN,Combined TRACON& Tower with Radar,0,15,22,2,39,0,3,12,0,15,0,18,34,2,54,0,0,0,54
02/13/2010,RDG,PA,AEA,EN,Combined TRACON& Tower with Radar,0,6,25,0,31,0,1,45,0,46,0,7,70,0,77,170,0,170,247
02/14/2010,RDG,PA,AEA,EN,Combined TRACON& Tower with Radar,0,0,9,0,9,0,0,10,0,10,0,0,19,0,19,68,0,68,87
02/15/2010,RDG,PA,AEA,EN,Combined TRACON& Tower with Radar,0,13,10,0,23,0,1,19,0,20,0,14,29,0,43,0,0,0,43
02/16/2010,RDG,PA,AEA,EN,Combined TRACON& Tower with Radar,0,16,11,2,29,0,1,5,0,6,0,17,16,2,35,126,6,132,167
02/17/2010,RDG,PA,AEA,EN,Combined TRACON& Tower with Radar,0,15,23,0,38,0,7,19,2,28,0,22,42,2,66,58,0,58,124
02/18/2010,RDG,PA,AEA,EN,Combined TRACON& Tower with Radar,0,16,30,11,57,0,14,73,24,111,0,30,103,35,168,182,64,246,414
02/19/2010,RDG,PA,AEA,EN,Combined TRACON& Tower with Radar,0,23,23,1,47,0,8,56,6,70,0,31,79,7,117,128,18,146,263
02/20/2010,RDG,PA,AEA,EN,Combined TRACON& Tower with Radar,0,4,28,4,36,0,5,75,2,82,0,9,103,6,118,190,10,200,318
02/21/2010,RDG,PA,AEA,EN,Combined TRACON& Tower with Radar,0,8,53,0,61,0,6,76,1,83,0,14,129,1,144,228,0,228,372
02/22/2010,RDG,PA,AEA,EN,Combined TRACON& Tower with Radar,0,18,13,0,31,0,3,22,0,25,0,21,35,0,56,96,6,102,158
02/23/2010,RDG,PA,AEA,EN,Combined TRACON& Tower with Radar,0,19,8,0,27,0,3,2,0,5,0,22,10,0,32,50,0,50,82
02/24/2010,RDG,PA,AEA,EN,Combined TRACON& Tower with Radar,0,17,26,0,43,0,4,20,0,24,0,21,46,0,67,102,0,102,169
02/25/2010,RDG,PA,AEA,EN,Combined TRACON& Tower with Radar,0,10,7,0,17,0,0,0,0,0,0,10,7,0,17,0,0,0,17
02/26/2010,RDG,PA,AEA,EN,Combined TRACON& Tower with Radar,0,19,8,0,27,0,0,2,0,2,0,19,10,0,29,0,0,0,29
02/27/2010,RDG,PA,AEA,EN,Combined TRACON& Tower with Radar,0,5,3,1,9,0,2,26,0,28,0,7,29,1,37,46,0,46,83
02/28/2010,RDG,PA,AEA,EN,Combined TRACON& Tower with Radar,0,3,19,0,22,0,2,15,0,17,0,5,34,0,39,154,0,154,193
03/01/2010,RDG,PA,AEA,EN,Combined TRACON& Tower with Radar,0,10,12,0,22,0,2,30,8,40,0,12,42,8,62,160,50,210,272
03/02/2010,RDG,PA,AEA,EN,Combined TRACON& Tower with Radar,0,19,25,4,48,0,7,70,17,94,0,26,95,21,142,178,74,252,394
03/03/2010,RDG,PA,AEA,EN,Combined TRACON& Tower with Radar,0,19,26,4,49,0,1,13,18,32,0,20,39,22,81,72,72,144,225
03/04/2010,RDG,PA,AEA,EN,Combined TRACON& Tower with Radar,0,18,21,10,49,0,2,47,24,73,0,20,68,34,122,138,104,242,364
03/05/2010,RDG,PA,AEA,EN,Combined TRACON& Tower with Radar,0,18,34,0,52,0,7,33,14,54,0,25,67,14,106,226,8,234,340
03/06/2010,RDG,PA,AEA,EN,Combined TRACON& Tower with Radar,0,10,36,0,46,0,16,151,1,168,0,26,187,1,214,456,0,456,670
03/07/2010,RDG,PA,AEA,EN,Combined TRACON& Tower with Radar,0,5,40,0,45,0,6,90,2,98,0,11,130,2,143,406,0,406,549
03/08/2010,RDG,PA,AEA,EN,Combined TRACON& Tower with Radar,0,8,12,5,25,0,12,49,6,67,0,20,61,11,92,92,0,92,184
03/09/2010,RDG,PA,AEA,EN,Combined TRACON& Tower with Radar,0,14,42,5,61,0,12,97,9,118,0,26,139,14,179,230,52,282,461
03/10/2010,RDG,PA,AEA,EN,Combined TRACON& Tower with Radar,0,21,29,5,55,0,9,75,25,109,0,30,104,30,164,244,50,294,458
03/11/2010,RDG,PA,AEA,EN,Combined TRACON& Tower with Radar,0,22,29,0,51,0,2,31,8,41,0,24,60,8,92,142,0,142,234
03/12/2010,RDG,PA,AEA,EN,Combined TRACON& Tower with Radar,0,19,12,0,31,0,0,0,0,0,0,19,12,0,31,0,0,0,31
03/13/2010,RDG,PA,AEA,EN,Combined TRACON& Tower with Radar,2,9,8,0,19,0,0,0,0,0,2,9,8,0,19,0,0,0,19
03/14/2010,RDG,PA,AEA,EN,Combined TRACON& Tower with Radar,0,1,32,0,33,0,0,0,0,0,0,1,32,0,33,0,0,0,33
03/15/2010,RDG,PA,AEA,EN,Combined TRACON& Tower with Radar,0,12,14,6,32,2,2,10,2,16,2,14,24,8,48,106,0,106,154
03/16/2010,RDG,PA,AEA,EN,Combined TRACON& Tower with Radar,0,17,41,10,68,0,14,72,5,91,0,31,113,15,159,120,14,134,293
03/17/2010,RDG,PA,AEA,EN,Combined TRACON& Tower with Radar,0,20,33,6,59,0,12,65,12,89,0,32,98,18,148,226,14,240,388
03/18/2010,RDG,PA,AEA,EN,Combined TRACON& Tower with Radar,0,12,60,3,75,0,11,42,2,55,0,23,102,5,130,232,0,232,362
03/19/2010,RDG,PA,AEA,EN,Combined TRACON& Tower with Radar,0,14,21,1,36,0,14,74,1,89,0,28,95,2,125,184,6,190,315
03/20/2010,RDG,PA,AEA,EN,Combined TRACON& Tower with Radar,1,3,39,0,43,0,1,106,5,112,1,4,145,5,155,328,0,328,483
03/21/2010,RDG,PA,AEA,EN,Combined TRACON& Tower with Radar,1,7,38,0,46,0,5,108,0,113,1,12,146,0,159,320,0,320,479
03/22/2010,RDG,PA,AEA,EN,Combined TRACON& Tower with Radar,0,12,14,0,26,0,1,1,0,2,0,13,15,0,28,72,0,72,100
03/23/2010,RDG,PA,AEA,EN,Combined TRACON& Tower with Radar,0,23,35,3,61,0,5,18,1,24,0,28,53,4,85,20,0,20,105
03/24/2010,RDG,PA,AEA,EN,Combined TRACON& Tower with Radar,0,12,18,4,34,1,14,25,0,40,1,26,43,4,74,116,22,138,212
03/25/2010,RDG,PA,AEA,EN,Combined TRACON& Tower with Radar,0,14,59,1,74,0,7,104,4,115,0,21,163,5,189,282,26,308,497
03/26/2010,RDG,PA,AEA,EN,Combined TRACON& Tower with Radar,0,16,15,0,31,0,4,16,0,20,0,20,31,0,51,0,0,0,51
03/27/2010,RDG,PA,AEA,EN,Combined TRACON& Tower with Radar,1,8,38,0,47,0,8,120,0,128,1,16,158,0,175,373,0,373,548
03/28/2010,RDG,PA,AEA,EN,Combined TRACON& Tower with Radar,1,1,15,0,17,0,0,10,0,10,1,1,25,0,27,0,0,0,27
03/29/2010,RDG,PA,AEA,EN,Combined TRACON& Tower with Radar,0,17,18,0,35,0,1,23,0,24,0,18,41,0,59,164,0,164,223
03/30/2010,RDG,PA,AEA,EN,Combined TRACON& Tower with Radar,0,17,20,1,38,0,0,2,1,3,0,17,22,2,41,0,0,0,41
03/31/2010,RDG,PA,AEA,EN,Combined TRACON& Tower with Radar,0,22,48,8,78,0,22,30,2,54,0,44,78,10,132,164,12,176,308
04/01/2010,RDG,PA,AEA,EN,Combined TRACON& Tower with Radar,0,17,48,0,65,0,17,79,6,102,0,34,127,6,167,248,30,278,445
04/02/2010,RDG,PA,AEA,EN,Combined TRACON& Tower with Radar,0,19,28,0,47,0,6,71,0,77,0,25,99,0,124,150,4,154,278
04/03/2010,RDG,PA,AEA,EN,Combined TRACON& Tower with Radar,2,9,43,0,54,0,5,81,2,88,2,14,124,2,142,278,0,278,420
04/04/2010,RDG,PA,AEA,EN,Combined TRACON& Tower with Radar,0,4,22,0,26,0,1,32,2,35,0,5,54,2,61,0,0,0,61
04/05/2010,RDG,PA,AEA,EN,Combined TRACON& Tower with Radar,0,17,30,1,48,0,10,53,0,63,0,27,83,1,111,220,4,224,335
04/06/2010,RDG,PA,AEA,EN,Combined TRACON& Tower with Radar,0,18,26,2,46,0,7,49,2,58,0,25,75,4,104,146,2,148,252
04/07/2010,RDG,PA,AEA,EN,Combined TRACON& Tower with Radar,0,16,17,4,37,0,11,78,2,91,0,27,95,6,128,216,10,226,354
04/08/2010,RDG,PA,AEA,EN,Combined TRACON& Tower with Radar,0,14,25,3,42,0,11,37,2,50,0,25,62,5,92,194,0,194,286
04/09/2010,RDG,PA,AEA,EN,Combined TRACON& Tower with Radar,0,25,33,5,63,0,7,43,0,50,0,32,76,5,113,134,0,134,247
04/10/2010,RDG,PA,AEA,EN,Combined TRACON& Tower with Radar,1,12,24,1,38,0,10,63,1,74,1,22,87,2,112,317,0,317,429
04/11/2010,RDG,PA,AEA,EN,Combined TRACON& Tower with Radar,0,6,34,0,40,0,4,89,0,93,0,10,123,0,133,312,0,312,445
04/12/2010,RDG,PA,AEA,EN,Combined TRACON& Tower with Radar,0,11,20,1,32,4,7,45,1,57,4,18,65,2,89,222,0,222,311
04/13/2010,RDG,PA,AEA,EN,Combined TRACON& Tower with Radar,0,17,31,0,48,0,11,18,4,33,0,28,49,4,81,40,0,40,121
04/14/2010,RDG,PA,AEA,EN,Combined TRACON& Tower with Radar,0,17,32,1,50,0,7,58,2,67,0,24,90,3,117,288,0,288,405
04/15/2010,RDG,PA,AEA,EN,Combined TRACON& Tower with Radar,0,13,41,0,54,0,6,65,5,76,0,19,106,5,130,220,0,220,350
04/16/2010,RDG,PA,AEA,EN,Combined TRACON& Tower with Radar,0,20,17,4,41,0,3,16,1,20,0,23,33,5,61,10,0,10,71
04/17/2010,RDG,PA,AEA,EN,Combined TRACON& Tower with Radar,2,9,16,0,27,0,5,34,0,39,2,14,50,0,66,140,0,140,206
04/18/2010,RDG,PA,AEA,EN,Combined TRACON& Tower with Radar,0,6,19,0,25,0,0,57,1,58,0,6,76,1,83,200,0,200,283
04/19/2010,RDG,PA,AEA,EN,Combined TRACON& Tower with Radar,0,10,37,7,54,0,4,67,4,75,0,14,104,11,129,282,14,296,425
04/20/2010,RDG,PA,AEA,EN,Combined TRACON& Tower with Radar,0,16,51,5,72,0,16,56,7,79,0,32,107,12,151,200,20,220,371
04/21/2010,RDG,PA,AEA,EN,Combined TRACON& Tower with Radar,0,18,32,3,53,0,5,40,24,69,0,23,72,27,122,166,58,224,346
04/22/2010,RDG,PA,AEA,EN,Combined TRACON& Tower with Radar,0,17,45,3,65,0,1,17,3,21,0,18,62,6,86,106,2,108,194
04/23/2010,RDG,PA,AEA,EN,Combined TRACON& Tower with Radar,0,14,31,5,50,0,13,76,4,93,0,27,107,9,143,286,12,298,441
04/24/2010,RDG,PA,AEA,EN,Combined TRACON& Tower with Radar,1,7,42,0,50,0,2,88,1,91,1,9,130,1,141,308,0,308,449
04/25/2010,RDG,PA,AEA,EN,Combined TRACON& Tower with Radar,0,3,27,0,30,0,0,0,0,0,0,3,27,0,30,0,0,0,30
04/26/2010,RDG,PA,AEA,EN,Combined TRACON& Tower with Radar,0,10,21,0,31,0,0,0,0,0,0,10,21,0,31,0,0,0,31
04/27/2010,RDG,PA,AEA,EN,Combined TRACON& Tower with Radar,0,16,18,2,36,0,3,11,3,17,0,19,29,5,53,24,4,28,81
04/28/2010,RDG,PA,AEA,EN,Combined TRACON& Tower with Radar,0,15,13,6,34,0,2,17,8,27,0,17,30,14,61,136,10,146,207
04/29/2010,RDG,PA,AEA,EN,Combined TRACON& Tower with Radar,0,15,26,4,45,0,8,34,7,49,0,23,60,11,94,134,12,146,240
04/30/2010,RDG,PA,AEA,EN,Combined TRACON& Tower with Radar,0,17,46,3,66,0,19,90,18,127,0,36,136,21,193,288,20,308,501
05/01/2010,RDG,PA,AEA,EN,Combined TRACON& Tower with Radar,2,16,40,0,58,0,10,85,5,100,2,26,125,5,158,398,0,398,556
05/02/2010,RDG,PA,AEA,EN,Combined TRACON& Tower with Radar,0,4,14,0,18,0,8,37,0,45,0,12,51,0,63,222,0,222,285
05/03/2010,RDG,PA,AEA,EN,Combined TRACON& Tower with Radar,0,7,11,0,18,0,2,24,8,34,0,9,35,8,52,74,8,82,134
05/04/2010,RDG,PA,AEA,EN,Combined TRACON& Tower with Radar,0,19,19,5,43,0,6,40,11,57,0,25,59,16,100,258,14,272,372
05/05/2010,RDG,PA,AEA,EN,Combined TRACON& Tower with Radar,0,17,32,2,51,0,14,75,5,94,0,31,107,7,145,296,0,296,441
05/06/2010,RDG,PA,AEA,EN,Combined TRACON& Tower with Radar,0,17,24,2,43,0,8,23,12,43,0,25,47,14,86,126,34,160,246
05/07/2010,RDG,PA,AEA,EN,Combined TRACON& Tower with Radar,0,13,53,16,82,0,13,75,19,107,0,26,128,35,189,252,68,320,509
05/08/2010,RDG,PA,AEA,EN,Combined TRACON& Tower with Radar,1,12,3,0,16,0,0,2,0,2,1,12,5,0,18,0,0,0,18
05/09/2010,RDG,PA,AEA,EN,Combined TRACON& Tower with Radar,0,6,10,0,16,0,0,4,0,4,0,6,14,0,20,54,2,56,76
05/10/2010,RDG,PA,AEA,EN,Combined TRACON& Tower with Radar,0,4,17,5,26,0,8,56,2,66,0,12,73,7,92,138,2,140,232
05/11/2010,RDG,PA,AEA,EN,Combined TRACON& Tower with Radar,0,14,29,5,48,0,3,20,5,28,0,17,49,10,76,130,28,158,234
05/12/2010,RDG,PA,AEA,EN,Combined TRACON& Tower with Radar,0,15,38,0,53,0,0,0,0,0,0,15,38,0,53,0,0,0,53
05/13/2010,RDG,PA,AEA,EN,Combined TRACON& Tower with Radar,0,19,51,5,75,0,21,84,11,116,0,40,135,16,191,384,58,442,633
05/14/2010,RDG,PA,AEA,EN,Combined TRACON& Tower with Radar,0,19,10,0,29,0,1,1,0,2,0,20,11,0,31,0,0,0,31
05/15/2010,RDG,PA,AEA,EN,Combined TRACON& Tower with Radar,2,6,29,2,39,0,7,51,17,75,2,13,80,19,114,228,4,232,346
05/16/2010,RDG,PA,AEA,EN,Combined TRACON& Tower with Radar,0,12,45,2,59,0,4,94,6,104,0,16,139,8,163,316,8,324,487
05/17/2010,RDG,PA,AEA,EN,Combined TRACON& Tower with Radar,0,11,27,0,38,0,7,46,0,53,0,18,73,0,91,138,0,138,229
05/18/2010,RDG,PA,AEA,EN,Combined TRACON& Tower with Radar,0,20,23,0,43,0,0,0,0,0,0,20,23,0,43,0,0,0,43
05/19/2010,RDG,PA,AEA,EN,Combined TRACON& Tower with Radar,0,16,47,0,63,0,4,47,0,51,0,20,94,0,114,302,0,302,416
05/20/2010,RDG,PA,AEA,EN,Combined TRACON& Tower with Radar,0,18,45,2,65,0,12,75,2,89,0,30,120,4,154,402,0,402,556
05/21/2010,RDG,PA,AEA,EN,Combined TRACON& Tower with Radar,0,18,56,0,74,0,6,61,3,70,0,24,117,3,144,248,0,248,392
05/22/2010,RDG,PA,AEA,EN,Combined TRACON& Tower with Radar,1,13,24,0,38,0,4,32,0,36,1,17,56,0,74,116,0,116,190
05/23/2010,RDG,PA,AEA,EN,Combined TRACON& Tower with Radar,0,0,21,0,21,0,3,16,0,19,0,3,37,0,40,234,0,234,274
05/24/2010,RDG,PA,AEA,EN,Combined TRACON& Tower with Radar,0,10,38,0,48,0,3,42,0,45,0,13,80,0,93,276,10,286,379
05/25/2010,RDG,PA,AEA,EN,Combined TRACON& Tower with Radar,0,18,27,4,49,0,8,78,0,86,0,26,105,4,135,206,2,208,343
05/26/2010,RDG,PA,AEA,EN,Combined TRACON& Tower with Radar,0,16,33,1,50,0,6,48,5,59,0,22,81,6,109,238,32,270,379
05/27/2010,RDG,PA,AEA,EN,Combined TRACON& Tower with Radar,0,18,36,2,56,0,7,40,2,49,0,25,76,4,105,172,8,180,285
05/28/2010,RDG,PA,AEA,EN,Combined TRACON& Tower with Radar,0,13,31,0,44,0,4,17,0,21,0,17,48,0,65,186,0,186,251
05/29/2010,RDG,PA,AEA,EN,Combined TRACON& Tower with Radar,1,6,27,0,34,0,3,22,1,26,1,9,49,1,60,196,0,196,256
05/30/2010,RDG,PA,AEA,EN,Combined TRACON& Tower with Radar,0,6,36,0,42,0,0,64,0,64,0,6,100,0,106,320,0,320,426
05/31/2010,RDG,PA,AEA,EN,Combined TRACON& Tower with Radar,0,3,19,0,22,0,4,42,0,46,0,7,61,0,68,204,0,204,272
06/01/2010,RDG,PA,AEA,EN,Combined TRACON& Tower with Radar,0,11,17,1,29,0,12,18,0,30,0,23,35,1,59,164,0,164,223
06/02/2010,RDG,PA,AEA,EN,Combined TRACON& Tower with Radar,0,24,52,5,81,0,12,77,4,93,0,36,129,9,174,248,50,298,472
06/03/2010,RDG,PA,AEA,EN,Combined TRACON& Tower with Radar,0,16,35,0,51,1,17,37,8,63,1,33,72,8,114,106,10,116,230
06/04/2010,RDG,PA,AEA,EN,Combined TRACON& Tower with Radar,0,29,56,1,86,0,133,234,5,372,0,162,290,6,458,1036,0,1036,1494
06/05/2010,RDG,PA,AEA,EN,Combined TRACON& Tower with Radar,2,11,31,0,44,0,119,203,6,328,2,130,234,6,372,744,26,770,1142
06/06/2010,RDG,PA,AEA,EN,Combined TRACON& Tower with Radar,0,6,15,0,21,0,308,75,0,383,0,314,90,0,404,1118,0,1118,1522
06/07/2010,RDG,PA,AEA,EN,Combined TRACON& Tower with Radar,0,12,27,2,41,0,24,54,13,91,0,36,81,15,132,182,72,254,386
06/08/2010,RDG,PA,AEA,EN,Combined TRACON& Tower with Radar,0,13,40,9,62,0,7,75,12,94,0,20,115,21,156,144,24,168,324
06/09/2010,RDG,PA,AEA,EN,Combined TRACON& Tower with Radar,0,20,35,4,59,0,1,0,0,1,0,21,35,4,60,0,0,0,60
06/10/2010,RDG,PA,AEA,EN,Combined TRACON& Tower with Radar,0,15,40,0,55,0,5,47,4,56,0,20,87,4,111,284,0,284,395
06/11/2010,RDG,PA,AEA,EN,Combined TRACON& Tower with Radar,0,18,44,7,69,0,21,85,15,121,0,39,129,22,190,182,52,234,424
06/12/2010,RDG,PA,AEA,EN,Combined TRACON& Tower with Radar,0,10,26,1,37,0,2,57,0,59,0,12,83,1,96,186,0,186,282
06/13/2010,RDG,PA,AEA,EN,Combined TRACON& Tower with Radar,0,4,9,0,13,0,2,24,8,34,0,6,33,8,47,196,22,218,265
06/14/2010,RDG,PA,AEA,EN,Combined TRACON& Tower with Radar,0,14,40,15,69,0,4,27,0,31,0,18,67,15,100,102,52,154,254
06/15/2010,RDG,PA,AEA,EN,Combined TRACON& Tower with Radar,0,18,42,1,61,0,8,51,2,61,0,26,93,3,122,176,6,182,304
06/16/2010,RDG,PA,AEA,EN,Combined TRACON& Tower with Radar,0,20,21,5,46,0,2,0,0,2,0,22,21,5,48,0,0,0,48
06/17/2010,RDG,PA,AEA,EN,Combined TRACON& Tower with Radar,0,16,27,3,46,0,7,40,3,50,0,23,67,6,96,68,18,86,182
06/18/2010,RDG,PA,AEA,EN,Combined TRACON& Tower with Radar,0,12,37,0,49,0,6,71,4,81,0,18,108,4,130,72,10,82,212
06/19/2010,RDG,PA,AEA,EN,Combined TRACON& Tower with Radar,0,9,31,0,40,0,2,76,2,80,0,11,107,2,120,268,0,268,388
06/20/2010,RDG,PA,AEA,EN,Combined TRACON& Tower with Radar,0,5,16,0,21,0,4,36,0,40,0,9,52,0,61,98,0,98,159
06/21/2010,RDG,PA,AEA,EN,Combined TRACON& Tower with Radar,0,14,26,2,42,0,18,44,2,64,0,32,70,4,106,112,8,120,226
06/22/2010,RDG,PA,AEA,EN,Combined TRACON& Tower with Radar,0,20,14,3,37,0,6,42,4,52,0,26,56,7,89,134,0,134,223
06/23/2010,RDG,PA,AEA,EN,Combined TRACON& Tower with Radar,0,12,30,5,47,0,6,56,0,62,0,18,86,5,109,202,12,214,323
06/24/2010,RDG,PA,AEA,EN,Combined TRACON& Tower with Radar,0,18,32,5,55,0,9,55,11,75,0,27,87,16,130,110,46,156,286
06/25/2010,RDG,PA,AEA,EN,Combined TRACON& Tower with Radar,0,15,31,5,51,0,5,93,5,103,0,20,124,10,154,202,12,214,368
06/26/2010,RDG,PA,AEA,EN,Combined TRACON& Tower with Radar,1,4,27,0,32,0,0,85,0,85,1,4,112,0,117,270,0,270,387
06/27/2010,RDG,PA,AEA,EN,Combined TRACON& Tower with Radar,0,3,27,0,30,0,0,110,0,110,0,3,137,0,140,182,0,182,322
06/28/2010,RDG,PA,AEA,EN,Combined TRACON& Tower with Radar,0,9,18,0,27,0,6,21,0,27,0,15,39,0,54,0,0,0,54
06/29/2010,RDG,PA,AEA,EN,Combined TRACON& Tower with Radar,0,22,34,4,60,0,8,49,12,69,0,30,83,16,129,182,0,182,311
06/30/2010,RDG,PA,AEA,EN,Combined TRACON& Tower with Radar,0,21,37,2,60,0,16,55,4,75,0,37,92,6,135,184,42,226,361
07/01/2010,RDG,PA,AEA,EN,Combined TRACON& Tower with Radar,0,12,27,3,42,0,8,58,9,75,0,20,85,12,117,88,0,88,205
07/02/2010,RDG,PA,AEA,EN,Combined TRACON& Tower with Radar,0,17,19,1,37,0,5,46,2,53,0,22,65,3,90,168,0,168,258
07/03/2010,RDG,PA,AEA,EN,Combined TRACON& Tower with Radar,2,13,24,1,40,0,7,90,0,97,2,20,114,1,137,228,0,228,365
07/04/2010,RDG,PA,AEA,EN,Combined TRACON& Tower with Radar,0,6,12,0,18,0,0,36,0,36,0,6,48,0,54,32,0,32,86
07/05/2010,RDG,PA,AEA,EN,Combined TRACON& Tower with Radar,0,4,24,1,29,0,1,54,0,55,0,5,78,1,84,216,0,216,300
07/06/2010,RDG,PA,AEA,EN,Combined TRACON& Tower with Radar,0,8,21,2,31,0,6,35,3,44,0,14,56,5,75,144,0,144,219
07/07/2010,RDG,PA,AEA,EN,Combined TRACON& Tower with Radar,0,18,19,2,39,0,4,42,1,47,0,22,61,3,86,136,6,142,228
07/08/2010,RDG,PA,AEA,EN,Combined TRACON& Tower with Radar,0,11,23,0,34,0,5,45,1,51,0,16,68,1,85,198,0,198,283
07/09/2010,RDG,PA,AEA,EN,Combined TRACON& Tower with Radar,0,22,6,1,29,0,1,20,5,26,0,23,26,6,55,164,0,164,219
07/10/2010,RDG,PA,AEA,EN,Combined TRACON& Tower with Radar,2,6,11,0,19,0,0,34,0,34,2,6,45,0,53,210,0,210,263
07/11/2010,RDG,PA,AEA,EN,Combined TRACON& Tower with Radar,0,8,49,0,57,0,2,85,0,87,0,10,134,0,144,186,0,186,330
07/12/2010,RDG,PA,AEA,EN,Combined TRACON& Tower with Radar,2,8,16,0,26,0,1,36,15,52,2,9,52,15,78,142,20,162,240
07/13/2010,RDG,PA,AEA,EN,Combined TRACON& Tower with Radar,0,22,31,4,57,0,1,14,0,15,0,23,45,4,72,0,0,0,72
07/14/2010,RDG,PA,AEA,EN,Combined TRACON& Tower with Radar,0,13,27,0,40,0,0,8,0,8,0,13,35,0,48,84,0,84,132
07/15/2010,RDG,PA,AEA,EN,Combined TRACON& Tower with Radar,0,17,34,6,57,0,2,47,2,51,0,19,81,8,108,0,0,0,108
07/16/2010,RDG,PA,AEA,EN,Combined TRACON& Tower with Radar,0,18,20,1,39,0,8,58,1,67,0,26,78,2,106,132,0,132,238
07/17/2010,RDG,PA,AEA,EN,Combined TRACON& Tower with Radar,0,8,31,0,39,0,0,57,0,57,0,8,88,0,96,52,6,58,154
07/18/2010,RDG,PA,AEA,EN,Combined TRACON& Tower with Radar,0,2,44,0,46,0,0,70,1,71,0,2,114,1,117,214,0,214,331
07/19/2010,RDG,PA,AEA,EN,Combined TRACON& Tower with Radar,0,7,25,2,34,0,9,36,3,48,0,16,61,5,82,136,4,140,222
07/20/2010,RDG,PA,AEA,EN,Combined TRACON& Tower with Radar,0,17,21,2,40,0,4,30,6,40,0,21,51,8,80,158,8,166,246
07/21/2010,RDG,PA,AEA,EN,Combined TRACON& Tower with Radar,0,20,27,2,49,0,12,43,5,60,0,32,70,7,109,128,18,146,255
07/22/2010,RDG,PA,AEA,EN,Combined TRACON& Tower with Radar,0,12,46,3,61,0,8,69,2,79,0,20,115,5,140,148,0,148,288
07/23/2010,RDG,PA,AEA,EN,Combined TRACON& Tower with Radar,0,14,19,1,34,0,5,24,2,31,0,19,43,3,65,40,6,46,111
07/24/2010,RDG,PA,AEA,EN,Combined TRACON& Tower with Radar,0,11,39,0,50,0,33,65,0,98,0,44,104,0,148,250,0,250,398
07/25/2010,RDG,PA,AEA,EN,Combined TRACON& Tower with Radar,0,2,29,0,31,0,1,36,0,37,0,3,65,0,68,156,0,156,224
07/26/2010,RDG,PA,AEA,EN,Combined TRACON& Tower with Radar,0,11,33,0,44,0,13,56,0,69,0,24,89,0,113,232,0,232,345
07/27/2010,RDG,PA,AEA,EN,Combined TRACON& Tower with Radar,0,18,29,0,47,0,6,53,2,61,0,24,82,2,108,184,4,188,296
07/28/2010,RDG,PA,AEA,EN,Combined TRACON& Tower with Radar,0,21,36,4,61,0,8,43,19,70,0,29,79,23,131,80,38,118,249
07/29/2010,RDG,PA,AEA,EN,Combined TRACON& Tower with Radar,0,15,36,0,51,0,8,31,2,41,0,23,67,2,92,100,0,100,192
07/30/2010,RDG,PA,AEA,EN,Combined TRACON& Tower with Radar,0,22,32,1,55,0,9,70,7,86,0,31,102,8,141,204,10,214,355
07/31/2010,RDG,PA,AEA,EN,Combined TRACON& Tower with Radar,0,5,40,0,45,0,8,87,0,95,0,13,127,0,140,290,0,290,430
08/01/2010,RDG,PA,AEA,EN,Combined TRACON& Tower with Radar,0,1,14,0,15,0,0,3,0,3,0,1,17,0,18,0,0,0,18
08/02/2010,RDG,PA,AEA,EN,Combined TRACON& Tower with Radar,0,14,32,0,46,0,7,34,1,42,0,21,66,1,88,146,0,146,234
08/03/2010,RDG,PA,AEA,EN,Combined TRACON& Tower with Radar,0,21,24,0,45,0,3,22,5,30,0,24,46,5,75,102,0,102,177
08/04/2010,RDG,PA,AEA,EN,Combined TRACON& Tower with Radar,0,14,38,2,54,0,4,26,0,30,0,18,64,2,84,175,4,179,263
08/05/2010,RDG,PA,AEA,EN,Combined TRACON& Tower with Radar,0,18,20,0,38,0,11,32,0,43,0,29,52,0,81,48,0,48,129
08/06/2010,RDG,PA,AEA,EN,Combined TRACON& Tower with Radar,0,15,40,5,60,0,5,36,4,45,0,20,76,9,105,96,44,140,245
08/07/2010,RDG,PA,AEA,EN,Combined TRACON& Tower with Radar,0,11,33,0,44,0,2,98,0,100,0,13,131,0,144,182,0,182,326
08/08/2010,RDG,PA,AEA,EN,Combined TRACON& Tower with Radar,0,6,20,0,26,0,1,56,0,57,0,7,76,0,83,138,6,144,227
08/09/2010,RDG,PA,AEA,EN,Combined TRACON& Tower with Radar,0,14,18,3,35,0,4,48,5,57,0,18,66,8,92,84,20,104,196
08/10/2010,RDG,PA,AEA,EN,Combined TRACON& Tower with Radar,0,18,14,3,35,0,6,27,7,40,0,24,41,10,75,92,2,94,169
08/11/2010,RDG,PA,AEA,EN,Combined TRACON& Tower with Radar,0,11,34,1,46,0,6,50,0,56,0,17,84,1,102,148,0,148,250
08/12/2010,RDG,PA,AEA,EN,Combined TRACON& Tower with Radar,0,19,25,0,44,0,12,2,0,14,0,31,27,0,58,32,0,32,90
08/13/2010,RDG,PA,AEA,EN,Combined TRACON& Tower with Radar,0,29,23,0,52,0,12,25,0,37,0,41,48,0,89,136,0,136,225
08/14/2010,RDG,PA,AEA,EN,Combined TRACON& Tower with Radar,0,10,39,2,51,0,4,80,6,90,0,14,119,8,141,134,0,134,275
08/15/2010,RDG,PA,AEA,EN,Combined TRACON& Tower with Radar,0,2,30,0,32,0,0,2,0,2,0,2,32,0,34,0,0,0,34
08/16/2010,RDG,PA,AEA,EN,Combined TRACON& Tower with Radar,0,10,24,0,34,0,3,2,0,5,0,13,26,0,39,0,0,0,39
08/17/2010,RDG,PA,AEA,EN,Combined TRACON& Tower with Radar,0,13,47,1,61,0,8,78,2,88,0,21,125,3,149,286,40,326,475
08/18/2010,RDG,PA,AEA,EN,Combined TRACON& Tower with Radar,0,14,36,1,51,0,9,12,0,21,0,23,48,1,72,90,0,90,162
08/19/2010,RDG,PA,AEA,EN,Combined TRACON& Tower with Radar,0,16,36,5,57,0,9,53,9,71,0,25,89,14,128,124,70,194,322
08/20/2010,RDG,PA,AEA,EN,Combined TRACON& Tower with Radar,0,12,37,7,56,0,9,61,7,77,0,21,98,14,133,106,56,162,295
08/21/2010,RDG,PA,AEA,EN,Combined TRACON& Tower with Radar,0,5,28,0,33,0,3,71,0,74,0,8,99,0,107,170,0,170,277
08/22/2010,RDG,PA,AEA,EN,Combined TRACON& Tower with Radar,0,2,19,0,21,0,0,5,0,5,0,2,24,0,26,0,0,0,26
08/23/2010,RDG,PA,AEA,EN,Combined TRACON& Tower with Radar,0,11,21,1,33,0,6,12,0,18,0,17,33,1,51,54,40,94,145
08/24/2010,RDG,PA,AEA,EN,Combined TRACON& Tower with Radar,1,21,31,2,55,0,1,35,1,37,1,22,66,3,92,30,46,76,168
08/25/2010,RDG,PA,AEA,EN,Combined TRACON& Tower with Radar,0,17,36,4,57,0,4,54,3,61,0,21,90,7,118,162,20,182,300
08/26/2010,RDG,PA,AEA,EN,Combined TRACON& Tower with Radar,0,20,39,2,61,0,16,88,6,110,0,36,127,8,171,216,42,258,429
08/27/2010,RDG,PA,AEA,EN,Combined TRACON& Tower with Radar,0,11,22,2,35,0,8,80,42,130,0,19,102,44,165,206,118,324,489
08/28/2010,RDG,PA,AEA,EN,Combined TRACON& Tower with Radar,0,7,43,0,50,0,5,107,1,113,0,12,150,1,163,254,0,254,417
08/29/2010,RDG,PA,AEA,EN,Combined TRACON& Tower with Radar,0,9,9,0,18,0,7,60,0,67,0,16,69,0,85,240,0,240,325
08/30/2010,RDG,PA,AEA,EN,Combined TRACON& Tower with Radar,0,2,12,2,16,0,7,40,4,51,0,9,52,6,67,160,70,230,297
08/31/2010,RDG,PA,AEA,EN,Combined TRACON& Tower with Radar,0,18,42,0,60,0,9,50,2,61,0,27,92,2,121,84,34,118,239
09/01/2010,RDG,PA,AEA,EN,Combined TRACON& Tower with Radar,0,3,4,2,9,0,27,27,4,58,0,30,31,6,67,134,38,172,239
09/02/2010,RDG,PA,AEA,EN,Combined TRACON& Tower with Radar,0,16,57,0,73,0,8,65,0,73,0,24,122,0,146,168,0,168,314
09/03/2010,RDG,PA,AEA,EN,Combined TRACON& Tower with Radar,0,18,13,2,33,0,3,28,0,31,0,21,41,2,64,178,0,178,242
09/04/2010,RDG,PA,AEA,EN,Combined TRACON& Tower with Radar,0,5,17,0,22,0,1,15,0,16,0,6,32,0,38,0,0,0,38
09/05/2010,RDG,PA,AEA,EN,Combined TRACON& Tower with Radar,0,7,19,0,26,0,0,54,0,54,0,7,73,0,80,100,0,100,180
09/06/2010,RDG,PA,AEA,EN,Combined TRACON& Tower with Radar,0,2,29,0,31,0,2,55,0,57,0,4,84,0,88,194,0,194,282
09/07/2010,RDG,PA,AEA,EN,Combined TRACON& Tower with Radar,0,8,19,3,30,0,6,45,0,51,0,14,64,3,81,22,0,22,103
09/08/2010,RDG,PA,AEA,EN,Combined TRACON& Tower with Radar,0,14,10,4,28,0,14,29,3,46,0,28,39,7,74,110,80,190,264
09/09/2010,RDG,PA,AEA,EN,Combined TRACON& Tower with Radar,0,13,38,6,57,0,6,36,2,44,0,19,74,8,101,148,48,196,297
09/10/2010,RDG,PA,AEA,EN,Combined TRACON& Tower with Radar,0,21,31,6,58,0,26,32,1,59,0,47,63,7,117,160,24,184,301
09/11/2010,RDG,PA,AEA,EN,Combined TRACON& Tower with Radar,0,10,42,1,53,0,17,134,12,163,0,27,176,13,216,322,32,354,570
09/12/2010,RDG,PA,AEA,EN,Combined TRACON& Tower with Radar,0,5,15,0,20,0,0,1,0,1,0,5,16,0,21,0,0,0,21
09/13/2010,RDG,PA,AEA,EN,Combined TRACON& Tower with Radar,0,13,23,2,38,0,3,34,5,42,0,16,57,7,80,14,76,90,170
09/14/2010,RDG,PA,AEA,EN,Combined TRACON& Tower with Radar,0,22,26,6,54,0,7,35,6,48,0,29,61,12,102,96,98,194,296
09/15/2010,RDG,PA,AEA,EN,Combined TRACON& Tower with Radar,0,21,29,2,52,0,15,70,5,90,0,36,99,7,142,238,36,274,416
09/16/2010,RDG,PA,AEA,EN,Combined TRACON& Tower with Radar,0,17,33,0,50,0,2,23,2,27,0,19,56,2,77,188,0,188,265
09/17/2010,RDG,PA,AEA,EN,Combined TRACON& Tower with Radar,0,15,26,4,45,0,6,28,3,37,0,21,54,7,82,106,202,308,390
09/18/2010,RDG,PA,AEA,EN,Combined TRACON& Tower with Radar,0,9,33,0,42,0,4,61,0,65,0,13,94,0,107,126,0,126,233
09/19/2010,RDG,PA,AEA,EN,Combined TRACON& Tower with Radar,0,1,27,0,28,0,1,41,0,42,0,2,68,0,70,158,0,158,228
09/20/2010,RDG,PA,AEA,EN,Combined TRACON& Tower with Radar,0,12,19,7,38,0,6,38,19,63,0,18,57,26,101,114,49,163,264
09/21/2010,RDG,PA,AEA,EN,Combined TRACON& Tower with Radar,0,18,32,2,52,0,4,56,4,64,0,22,88,6,116,102,46,148,264
09/22/2010,RDG,PA,AEA,EN,Combined TRACON& Tower with Radar,0,13,26,1,40,0,2,40,4,46,0,15,66,5,86,63,2,65,151
09/23/2010,RDG,PA,AEA,EN,Combined TRACON& Tower with Radar,0,15,30,5,50,0,8,34,10,52,0,23,64,15,102,240,36,276,378
09/24/2010,RDG,PA,AEA,EN,Combined TRACON& Tower with Radar,0,15,32,1,48,0,3,21,1,25,0,18,53,2,73,14,0,14,87
09/25/2010,RDG,PA,AEA,EN,Combined TRACON& Tower with Radar,1,12,16,0,29,0,3,64,1,68,1,15,80,1,97,88,0,88,185
09/26/2010,RDG,PA,AEA,EN,Combined TRACON& Tower with Radar,1,9,40,0,50,0,0,50,0,50,1,9,90,0,100,228,0,228,328
09/27/2010,RDG,PA,AEA,EN,Combined TRACON& Tower with Radar,0,13,21,0,34,0,0,0,0,0,0,13,21,0,34,0,0,0,34
09/28/2010,RDG,PA,AEA,EN,Combined TRACON& Tower with Radar,0,14,16,4,34,0,2,7,0,9,0,16,23,4,43,0,0,0,43
09/29/2010,RDG,PA,AEA,EN,Combined TRACON& Tower with Radar,0,13,31,4,48,0,10,58,3,71,0,23,89,7,119,150,34,184,303
09/30/2010,RDG,PA,AEA,EN,Combined TRACON& Tower with Radar,0,18,10,0,28,0,0,0,0,0,0,18,10,0,28,0,0,0,28
10/01/2010,RDG,PA,AEA,EN,Combined TRACON& Tower with Radar,0,30,27,1,58,2,7,12,1,22,2,37,39,2,80,140,0,140,220
10/02/2010,RDG,PA,AEA,EN,Combined TRACON& Tower with Radar,1,10,39,1,51,0,7,77,1,85,1,17,116,2,136,180,0,180,316
10/03/2010,RDG,PA,AEA,EN,Combined TRACON& Tower with Radar,1,7,37,0,45,0,0,62,0,62,1,7,99,0,107,54,0,54,161
10/04/2010,RDG,PA,AEA,EN,Combined TRACON& Tower with Radar,0,16,12,0,28,0,0,0,0,0,0,16,12,0,28,0,0,0,28
10/05/2010,RDG,PA,AEA,EN,Combined TRACON& Tower with Radar,0,19,23,0,42,0,1,4,6,11,0,20,27,6,53,24,10,34,87
10/06/2010,RDG,PA,AEA,EN,Combined TRACON& Tower with Radar,0,19,33,0,52,0,1,18,0,19,0,20,51,0,71,0,0,0,71
10/07/2010,RDG,PA,AEA,EN,Combined TRACON& Tower with Radar,0,14,35,0,49,0,7,38,3,48,0,21,73,3,97,222,0,222,319
10/08/2010,RDG,PA,AEA,EN,Combined TRACON& Tower with Radar,0,23,36,0,59,0,9,78,8,95,0,32,114,8,154,304,8,312,466
10/09/2010,RDG,PA,AEA,EN,Combined TRACON& Tower with Radar,1,16,25,1,43,0,2,95,1,98,1,18,120,2,141,244,0,244,385
10/10/2010,RDG,PA,AEA,EN,Combined TRACON& Tower with Radar,0,5,38,0,43,0,2,81,0,83,0,7,119,0,126,186,0,186,312
10/11/2010,RDG,PA,AEA,EN,Combined TRACON& Tower with Radar,0,14,47,0,61,0,9,65,0,74,0,23,112,0,135,192,0,192,327
10/12/2010,RDG,PA,AEA,EN,Combined TRACON& Tower with Radar,0,20,30,4,54,0,8,32,8,48,0,28,62,12,102,24,30,54,156
10/13/2010,RDG,PA,AEA,EN,Combined TRACON& Tower with Radar,0,13,46,3,62,0,18,84,10,112,0,31,130,13,174,194,44,238,412
10/14/2010,RDG,PA,AEA,EN,Combined TRACON& Tower with Radar,0,17,46,0,63,0,2,3,0,5,0,19,49,0,68,0,0,0,68
10/15/2010,RDG,PA,AEA,EN,Combined TRACON& Tower with Radar,0,26,19,1,46,0,1,8,2,11,0,27,27,3,57,36,0,36,93
10/16/2010,RDG,PA,AEA,EN,Combined TRACON& Tower with Radar,0,27,16,0,43,0,0,15,0,15,0,27,31,0,58,0,0,0,58
10/17/2010,RDG,PA,AEA,EN,Combined TRACON& Tower with Radar,0,5,34,0,39,0,0,38,0,38,0,5,72,0,77,158,0,158,235
10/18/2010,RDG,PA,AEA,EN,Combined TRACON& Tower with Radar,0,13,40,0,53,0,3,48,0,51,0,16,88,0,104,62,0,62,166
10/19/2010,RDG,PA,AEA,EN,Combined TRACON& Tower with Radar,0,14,39,2,55,0,4,24,13,41,0,18,63,15,96,102,16,118,214
10/20/2010,RDG,PA,AEA,EN,Combined TRACON& Tower with Radar,0,13,28,1,42,0,4,46,12,62,0,17,74,13,104,174,102,276,380
10/21/2010,RDG,PA,AEA,EN,Combined TRACON& Tower with Radar,0,17,26,3,46,0,4,22,14,40,0,21,48,17,86,154,94,248,334
10/22/2010,RDG,PA,AEA,EN,Combined TRACON& Tower with Radar,0,23,31,3,57,0,2,24,7,33,0,25,55,10,90,202,26,228,318
10/23/2010,RDG,PA,AEA,EN,Combined TRACON& Tower with Radar,1,8,32,3,44,0,12,97,12,121,1,20,129,15,165,168,36,204,369
10/24/2010,RDG,PA,AEA,EN,Combined TRACON& Tower with Radar,1,5,43,0,49,0,4,71,0,75,1,9,114,0,124,364,0,364,488
10/25/2010,RDG,PA,AEA,EN,Combined TRACON& Tower with Radar,0,10,18,0,28,0,2,23,0,25,0,12,41,0,53,182,0,182,235
10/26/2010,RDG,PA,AEA,EN,Combined TRACON& Tower with Radar,0,25,19,1,45,0,9,6,0,15,0,34,25,1,60,48,0,48,108
10/27/2010,RDG,PA,AEA,EN,Combined TRACON& Tower with Radar,0,21,21,11,53,0,15,1,1,17,0,36,22,12,70,18,0,18,88
10/28/2010,RDG,PA,AEA,EN,Combined TRACON& Tower with Radar,0,26,40,2,68,0,16,50,8,74,0,42,90,10,142,134,18,152,294
10/29/2010,RDG,PA,AEA,EN,Combined TRACON& Tower with Radar,0,18,24,1,43,0,4,20,2,26,0,22,44,3,69,94,90,184,253
10/30/2010,RDG,PA,AEA,EN,Combined TRACON& Tower with Radar,1,10,23,0,34,0,0,49,0,49,1,10,72,0,83,78,0,78,161
10/31/2010,RDG,PA,AEA,EN,Combined TRACON& Tower with Radar,2,18,11,0,31,0,16,28,0,44,2,34,39,0,75,128,0,128,203
11/01/2010,RDG,PA,AEA,EN,Combined TRACON& Tower with Radar,0,10,15,2,27,0,4,38,2,44,0,14,53,4,71,100,0,100,171
11/02/2010,RDG,PA,AEA,EN,Combined TRACON& Tower with Radar,0,19,36,6,61,0,9,61,18,88,0,28,97,24,149,252,76,328,477
11/03/2010,RDG,PA,AEA,EN,Combined TRACON& Tower with Radar,0,18,38,4,60,0,19,62,8,89,0,37,100,12,149,256,104,360,509
11/04/2010,RDG,PA,AEA,EN,Combined TRACON& Tower with Radar,0,23,22,0,45,0,1,0,0,1,0,24,22,0,46,0,0,0,46
11/05/2010,RDG,PA,AEA,EN,Combined TRACON& Tower with Radar,0,21,27,0,48,0,5,31,1,37,0,26,58,1,85,142,16,158,243
11/06/2010,RDG,PA,AEA,EN,Combined TRACON& Tower with Radar,2,15,44,0,61,0,4,81,2,87,2,19,125,2,148,238,0,238,386
11/07/2010,RDG,PA,AEA,EN,Combined TRACON& Tower with Radar,0,3,30,0,33,0,8,43,2,53,0,11,73,2,86,166,2,168,254
11/08/2010,RDG,PA,AEA,EN,Combined TRACON& Tower with Radar,0,16,18,1,35,0,4,15,3,22,0,20,33,4,57,50,0,50,107
11/09/2010,RDG,PA,AEA,EN,Combined TRACON& Tower with Radar,0,34,35,5,74,0,8,51,17,76,0,42,86,22,150,78,20,98,248
11/10/2010,RDG,PA,AEA,EN,Combined TRACON& Tower with Radar,0,13,42,0,55,2,9,49,10,70,2,22,91,10,125,158,54,212,337
11/11/2010,RDG,PA,AEA,EN,Combined TRACON& Tower with Radar,0,16,33,0,49,0,5,59,0,64,0,21,92,0,113,38,0,38,151
11/12/2010,RDG,PA,AEA,EN,Combined TRACON& Tower with Radar,0,14,39,1,54,0,8,55,3,66,0,22,94,4,120,0,0,0,120
11/13/2010,RDG,PA,AEA,EN,Combined TRACON& Tower with Radar,1,4,33,3,41,0,10,122,2,134,1,14,155,5,175,358,0,358,533
11/14/2010,RDG,PA,AEA,EN,Combined TRACON& Tower with Radar,1,5,43,2,51,0,5,67,2,74,1,10,110,4,125,286,4,290,415
11/15/2010,RDG,PA,AEA,EN,Combined TRACON& Tower with Radar,0,10,18,0,28,0,1,15,1,17,0,11,33,1,45,88,32,120,165
11/16/2010,RDG,PA,AEA,EN,Combined TRACON& Tower with Radar,0,13,14,0,27,0,0,0,0,0,0,13,14,0,27,0,0,0,27
11/17/2010,RDG,PA,AEA,EN,Combined TRACON& Tower with Radar,0,19,4,4,27,0,6,1,4,11,0,25,5,8,38,8,48,56,94
11/18/2010,RDG,PA,AEA,EN,Combined TRACON& Tower with Radar,0,18,44,5,67,0,7,45,2,54,0,25,89,7,121,120,6,126,247
11/19/2010,RDG,PA,AEA,EN,Combined TRACON& Tower with Radar,0,12,35,2,49,0,10,69,4,83,0,22,104,6,132,114,22,136,268
11/20/2010,RDG,PA,AEA,EN,Combined TRACON& Tower with Radar,2,7,19,0,28,0,3,40,0,43,2,10,59,0,71,0,0,0,71
11/21/2010,RDG,PA,AEA,EN,Combined TRACON& Tower with Radar,0,4,34,0,38,0,5,119,0,124,0,9,153,0,162,314,0,314,476
11/22/2010,RDG,PA,AEA,EN,Combined TRACON& Tower with Radar,0,7,31,2,40,0,3,25,0,28,0,10,56,2,68,0,0,0,68
11/23/2010,RDG,PA,AEA,EN,Combined TRACON& Tower with Radar,0,21,24,1,46,0,8,23,4,35,0,29,47,5,81,118,14,132,213
11/24/2010,RDG,PA,AEA,EN,Combined TRACON& Tower with Radar,0,16,26,3,45,0,3,41,5,49,0,19,67,8,94,30,12,42,136
11/25/2010,RDG,PA,AEA,EN,Combined TRACON& Tower with Radar,0,7,4,0,11,0,1,0,0,1,0,8,4,0,12,0,0,0,12
11/26/2010,RDG,PA,AEA,EN,Combined TRACON& Tower with Radar,0,7,8,0,15,0,3,4,0,7,0,10,12,0,22,0,0,0,22
11/27/2010,RDG,PA,AEA,EN,Combined TRACON& Tower with Radar,0,18,12,1,31,0,2,7,0,9,0,20,19,1,40,54,0,54,94
11/28/2010,RDG,PA,AEA,EN,Combined TRACON& Tower with Radar,0,15,38,2,55,0,5,77,0,82,0,20,115,2,137,220,0,220,357
11/29/2010,RDG,PA,AEA,EN,Combined TRACON& Tower with Radar,0,12,31,2,45,0,3,56,4,63,0,15,87,6,108,138,18,156,264
11/30/2010,RDG,PA,AEA,EN,Combined TRACON& Tower with Radar,0,14,18,0,32,0,0,6,3,9,0,14,24,3,41,0,6,6,47
12/01/2010,RDG,PA,AEA,EN,Combined TRACON& Tower with Radar,0,14,17,0,31,0,2,0,0,2,0,16,17,0,33,0,0,0,33
12/02/2010,RDG,PA,AEA,EN,Combined TRACON& Tower with Radar,0,7,26,2,35,0,9,23,5,37,0,16,49,7,72,144,38,182,254
12/03/2010,RDG,PA,AEA,EN,Combined TRACON& Tower with Radar,0,16,22,1,39,0,7,23,4,34,0,23,45,5,73,92,0,92,165
12/04/2010,RDG,PA,AEA,EN,Combined TRACON& Tower with Radar,0,11,31,0,42,0,1,57,0,58,0,12,88,0,100,162,0,162,262
12/05/2010,RDG,PA,AEA,EN,Combined TRACON& Tower with Radar,0,2,9,0,11,0,0,11,0,11,0,2,20,0,22,54,0,54,76
12/06/2010,RDG,PA,AEA,EN,Combined TRACON& Tower with Radar,0,19,15,8,42,0,1,8,0,9,0,20,23,8,51,20,12,32,83
12/07/2010,RDG,PA,AEA,EN,Combined TRACON& Tower with Radar,0,18,25,2,45,0,4,5,4,13,0,22,30,6,58,4,28,32,90
12/08/2010,RDG,PA,AEA,EN,Combined TRACON& Tower with Radar,0,14,22,6,42,0,5,13,2,20,0,19,35,8,62,74,0,74,136
12/09/2010,RDG,PA,AEA,EN,Combined TRACON& Tower with Radar,0,15,39,5,59,0,2,37,3,42,0,17,76,8,101,154,20,174,275
12/10/2010,RDG,PA,AEA,EN,Combined TRACON& Tower with Radar,0,18,12,0,30,0,4,17,1,22,0,22,29,1,52,18,0,18,70
12/11/2010,RDG,PA,AEA,EN,Combined TRACON& Tower with Radar,0,9,21,0,30,4,550,92,0,646,4,559,113,0,676,478,0,478,1154
12/12/2010,RDG,PA,AEA,EN,Combined TRACON& Tower with Radar,0,3,6,0,9,0,0,0,0,0,0,3,6,0,9,0,0,0,9
12/13/2010,RDG,PA,AEA,EN,Combined TRACON& Tower with Radar,0,21,12,1,34,0,1,12,2,15,0,22,24,3,49,0,0,0,49
12/14/2010,RDG,PA,AEA,EN,Combined TRACON& Tower with Radar,0,17,12,25,54,0,3,10,3,16,0,20,22,28,70,18,76,94,164
12/15/2010,RDG,PA,AEA,EN,Combined TRACON& Tower with Radar,0,16,9,6,31,0,13,12,13,38,0,29,21,19,69,106,80,186,255
12/16/2010,RDG,PA,AEA,EN,Combined TRACON& Tower with Radar,0,10,46,1,57,0,5,21,2,28,0,15,67,3,85,152,52,204,289
12/17/2010,RDG,PA,AEA,EN,Combined TRACON& Tower with Radar,0,17,36,0,53,0,4,35,2,41,0,21,71,2,94,180,0,180,274
12/18/2010,RDG,PA,AEA,EN,Combined TRACON& Tower with Radar,0,14,37,0,51,0,2,82,0,84,0,16,119,0,135,278,0,278,413
12/19/2010,RDG,PA,AEA,EN,Combined TRACON& Tower with Radar,0,5,13,0,18,0,10,29,0,39,0,15,42,0,57,162,0,162,219
12/20/2010,RDG,PA,AEA,EN,Combined TRACON& Tower with Radar,0,15,13,2,30,0,4,16,0,20,0,19,29,2,50,170,2,172,222
12/21/2010,RDG,PA,AEA,EN,Combined TRACON& Tower with Radar,0,18,21,5,44,0,4,39,2,45,0,22,60,7,89,32,20,52,141
12/22/2010,RDG,PA,AEA,EN,Combined TRACON& Tower with Radar,0,19,25,4,48,0,13,73,0,86,0,32,98,4,134,242,0,242,376
12/23/2010,RDG,PA,AEA,EN,Combined TRACON& Tower with Radar,0,22,4,2,28,0,2,19,2,23,0,24,23,4,51,0,0,0,51
12/24/2010,RDG,PA,AEA,EN,Combined TRACON& Tower with Radar,0,10,6,0,16,0,1,16,0,17,0,11,22,0,33,40,0,40,73
12/25/2010,RDG,PA,AEA,EN,Combined TRACON& Tower with Radar,0,3,2,0,5,0,0,5,0,5,0,3,7,0,10,18,16,34,44
12/26/2010,RDG,PA,AEA,EN,Combined TRACON& Tower with Radar,0,18,4,0,22,0,0,7,0,7,0,18,11,0,29,0,0,0,29
12/27/2010,RDG,PA,AEA,EN,Combined TRACON& Tower with Radar,0,14,8,0,22,0,1,1,0,2,0,15,9,0,24,0,0,0,24
12/28/2010,RDG,PA,AEA,EN,Combined TRACON& Tower with Radar,0,17,13,1,31,0,4,14,2,20,0,21,27,3,51,14,0,14,65
12/29/2010,RDG,PA,AEA,EN,Combined TRACON& Tower with Radar,0,22,26,0,48,0,6,57,0,63,0,28,83,0,111,62,0,62,173
12/30/2010,RDG,PA,AEA,EN,Combined TRACON& Tower with Radar,0,15,18,4,37,0,6,46,2,54,0,21,64,6,91,186,10,196,287
12/31/2010,RDG,PA,AEA,EN,Combined TRACON& Tower with Radar,0,10,20,0,30,0,1,49,0,50,0,11,69,0,80,98,0,98,178
01/01/2011,RDG,PA,AEA,EN,Combined TRACON& Tower with Radar,0,2,13,1,16,0,1,19,3,23,0,3,32,4,39,90,0,90,129
01/02/2011,RDG,PA,AEA,EN,Combined TRACON& Tower with Radar,0,5,17,0,22,0,0,27,0,27,0,5,44,0,49,52,0,52,101
01/03/2011,RDG,PA,AEA,EN,Combined TRACON& Tower with Radar,0,10,11,0,21,0,4,22,0,26,0,14,33,0,47,138,0,138,185
01/04/2011,RDG,PA,AEA,EN,Combined TRACON& Tower with Radar,0,15,9,0,24,0,5,20,3,28,0,20,29,3,52,72,10,82,134
01/05/2011,RDG,PA,AEA,EN,Combined TRACON& Tower with Radar,0,16,28,0,44,0,10,47,3,60,0,26,75,3,104,122,0,122,226
01/06/2011,RDG,PA,AEA,EN,Combined TRACON& Tower with Radar,0,21,23,1,45,0,9,40,2,51,0,30,63,3,96,114,0,114,210
01/07/2011,RDG,PA,AEA,EN,Combined TRACON& Tower with Radar,0,20,12,0,32,0,3,0,2,5,0,23,12,2,37,0,0,0,37
01/08/2011,RDG,PA,AEA,EN,Combined TRACON& Tower with Radar,0,9,1,0,10,0,0,2,0,2,0,9,3,0,12,0,0,0,12
01/09/2011,RDG,PA,AEA,EN,Combined TRACON& Tower with Radar,0,19,12,0,31,0,0,2,0,2,0,19,14,0,33,14,0,14,47
01/10/2011,RDG,PA,AEA,EN,Combined TRACON& Tower with Radar,0,13,13,3,29,0,3,22,2,27,0,16,35,5,56,4,0,4,60
01/11/2011,RDG,PA,AEA,EN,Combined TRACON& Tower with Radar,0,15,12,2,29,0,1,9,0,10,0,16,21,2,39,0,0,0,39
01/12/2011,RDG,PA,AEA,EN,Combined TRACON& Tower with Radar,0,33,8,1,42,0,1,2,0,3,0,34,10,1,45,0,0,0,45
01/13/2011,RDG,PA,AEA,EN,Combined TRACON& Tower with Radar,0,18,28,5,51,0,6,17,14,37,0,24,45,19,88,50,82,132,220
01/14/2011,RDG,PA,AEA,EN,Combined TRACON& Tower with Radar,0,12,18,5,35,0,9,21,4,34,0,21,39,9,69,106,54,160,229
01/15/2011,RDG,PA,AEA,EN,Combined TRACON& Tower with Radar,0,3,23,0,26,0,0,20,0,20,0,3,43,0,46,0,0,0,46
01/16/2011,RDG,PA,AEA,EN,Combined TRACON& Tower with Radar,0,2,12,0,14,0,0,35,0,35,0,2,47,0,49,194,0,194,243
01/17/2011,RDG,PA,AEA,EN,Combined TRACON& Tower with Radar,0,11,25,0,36,0,0,45,1,46,0,11,70,1,82,96,0,96,178
01/18/2011,RDG,PA,AEA,EN,Combined TRACON& Tower with Radar,0,16,5,0,21,0,0,0,2,2,0,16,5,2,23,0,0,0,23
01/19/2011,RDG,PA,AEA,EN,Combined TRACON& Tower with Radar,0,21,19,0,40,0,1,23,5,29,0,22,42,5,69,182,0,182,251
01/20/2011,RDG,PA,AEA,EN,Combined TRACON& Tower with Radar,0,14,26,6,46,0,4,37,8,49,0,18,63,14,95,164,22,186,281
01/21/2011,RDG,PA,AEA,EN,Combined TRACON& Tower with Radar,0,25,7,2,34,0,4,11,0,15,0,29,18,2,49,30,0,30,79
01/22/2011,RDG,PA,AEA,EN,Combined TRACON& Tower with Radar,0,7,26,1,34,0,2,46,1,49,0,9,72,2,83,176,0,176,259
01/23/2011,RDG,PA,AEA,EN,Combined TRACON& Tower with Radar,0,9,15,2,26,0,0,35,1,36,0,9,50,3,62,104,0,104,166
01/24/2011,RDG,PA,AEA,EN,Combined TRACON& Tower with Radar,0,13,15,1,29,0,8,28,1,37,0,21,43,2,66,84,0,84,150
01/25/2011,RDG,PA,AEA,EN,Combined TRACON& Tower with Radar,0,25,18,3,46,0,5,20,11,36,0,30,38,14,82,74,60,134,216
01/26/2011,RDG,PA,AEA,EN,Combined TRACON& Tower with Radar,0,14,5,0,19,0,0,0,0,0,0,14,5,0,19,0,0,0,19
01/27/2011,RDG,PA,AEA,EN,Combined TRACON& Tower with Radar,0,20,14,7,41,0,2,0,1,3,0,22,14,8,44,10,38,48,92
01/28/2011,RDG,PA,AEA,EN,Combined TRACON& Tower with Radar,0,15,20,1,36,0,0,0,0,0,0,15,20,1,36,0,0,0,36
01/29/2011,RDG,PA,AEA,EN,Combined TRACON& Tower with Radar,0,7,5,2,14,0,0,2,2,4,0,7,7,4,18,0,0,0,18
01/30/2011,RDG,PA,AEA,EN,Combined TRACON& Tower with Radar,0,9,24,1,34,0,2,42,6,50,0,11,66,7,84,134,2,136,220
01/31/2011,RDG,PA,AEA,EN,Combined TRACON& Tower with Radar,0,17,15,6,38,0,3,49,2,54,0,20,64,8,92,122,74,196,288
02/01/2011,RDG,PA,AEA,EN,Combined TRACON& Tower with Radar,0,15,9,0,24,0,0,0,0,0,0,15,9,0,24,0,0,0,24
02/02/2011,RDG,PA,AEA,EN,Combined TRACON& Tower with Radar,0,18,6,0,24,0,2,2,2,6,0,20,8,2,30,0,0,0,30
02/03/2011,RDG,PA,AEA,EN,Combined TRACON& Tower with Radar,0,24,15,2,41,0,10,23,4,37,0,34,38,6,78,66,20,86,164
02/04/2011,RDG,PA,AEA,EN,Combined TRACON& Tower with Radar,0,19,19,0,38,0,9,30,1,40,0,28,49,1,78,118,60,178,256
02/05/2011,RDG,PA,AEA,EN,Combined TRACON& Tower with Radar,0,7,1,0,8,0,0,0,0,0,0,7,1,0,8,0,0,0,8
02/06/2011,RDG,PA,AEA,EN,Combined TRACON& Tower with Radar,0,0,22,0,22,0,0,27,0,27,0,0,49,0,49,142,0,142,191
02/07/2011,RDG,PA,AEA,EN,Combined TRACON& Tower with Radar,0,15,19,0,34,0,2,31,7,40,0,17,50,7,74,122,96,218,292
02/08/2011,RDG,PA,AEA,EN,Combined TRACON& Tower with Radar,0,16,14,1,31,0,5,3,3,11,0,21,17,4,42,0,0,0,42
02/09/2011,RDG,PA,AEA,EN,Combined TRACON& Tower with Radar,0,20,27,9,56,0,11,19,12,42,0,31,46,21,98,122,156,278,376
02/10/2011,RDG,PA,AEA,EN,Combined TRACON& Tower with Radar,0,19,21,14,54,0,27,17,6,50,0,46,38,20,104,242,20,262,366
02/11/2011,RDG,PA,AEA,EN,Combined TRACON& Tower with Radar,0,19,15,4,38,0,10,35,4,49,0,29,50,8,87,140,0,140,227
02/12/2011,RDG,PA,AEA,EN,Combined TRACON& Tower with Radar,0,6,7,0,13,0,0,11,0,11,0,6,18,0,24,212,2,214,238
02/13/2011,RDG,PA,AEA,EN,Combined TRACON& Tower with Radar,1,5,14,1,21,0,0,20,1,21,1,5,34,2,42,120,0,120,162
02/14/2011,RDG,PA,AEA,EN,Combined TRACON& Tower with Radar,0,16,13,0,29,0,0,3,4,7,0,16,16,4,36,0,0,0,36
02/15/2011,RDG,PA,AEA,EN,Combined TRACON& Tower with Radar,0,9,11,5,25,0,5,19,8,32,0,14,30,13,57,150,52,202,259
02/16/2011,RDG,PA,AEA,EN,Combined TRACON& Tower with Radar,0,15,31,2,48,0,7,52,2,61,0,22,83,4,109,152,6,158,267
02/17/2011,RDG,PA,AEA,EN,Combined TRACON& Tower with Radar,0,14,52,2,68,0,7,51,2,60,0,21,103,4,128,212,10,222,350
02/18/2011,RDG,PA,AEA,EN,Combined TRACON& Tower with Radar,0,16,20,5,41,0,8,36,12,56,0,24,56,17,97,170,0,170,267
02/19/2011,RDG,PA,AEA,EN,Combined TRACON& Tower with Radar,2,6,0,0,8,0,0,0,0,0,2,6,0,0,8,0,0,0,8
02/20/2011,RDG,PA,AEA,EN,Combined TRACON& Tower with Radar,0,2,25,0,27,0,1,54,0,55,0,3,79,0,82,220,0,220,302
02/21/2011,RDG,PA,AEA,EN,Combined TRACON& Tower with Radar,0,13,13,0,26,0,1,5,0,6,0,14,18,0,32,0,0,0,32
02/22/2011,RDG,PA,AEA,EN,Combined TRACON& Tower with Radar,0,15,17,4,36,0,6,29,9,44,0,21,46,13,80,116,6,122,202
02/23/2011,RDG,PA,AEA,EN,Combined TRACON& Tower with Radar,0,17,46,4,67,0,7,60,8,75,0,24,106,12,142,268,36,304,446
02/24/2011,RDG,PA,AEA,EN,Combined TRACON& Tower with Radar,0,15,28,1,44,0,6,31,7,44,0,21,59,8,88,114,14,128,216
02/25/2011,RDG,PA,AEA,EN,Combined TRACON& Tower with Radar,0,19,8,1,28,0,1,1,2,4,0,20,9,3,32,0,0,0,32
02/26/2011,RDG,PA,AEA,EN,Combined TRACON& Tower with Radar,0,8,24,0,32,0,0,32,0,32,0,8,56,0,64,152,0,152,216
02/27/2011,RDG,PA,AEA,EN,Combined TRACON& Tower with Radar,0,8,32,1,41,0,4,57,1,62,0,12,89,2,103,136,2,138,241
02/28/2011,RDG,PA,AEA,EN,Combined TRACON& Tower with Radar,0,11,6,0,17,0,1,0,0,1,0,12,6,0,18,0,0,0,18
03/01/2011,RDG,PA,AEA,EN,Combined TRACON& Tower with Radar,0,20,21,3,44,0,7,28,1,36,0,27,49,4,80,84,20,104,184
03/02/2011,RDG,PA,AEA,EN,Combined TRACON& Tower with Radar,0,15,14,5,34,0,7,21,6,34,0,22,35,11,68,16,92,108,176
03/03/2011,RDG,PA,AEA,EN,Combined TRACON& Tower with Radar,0,13,44,2,59,0,10,52,3,65,0,23,96,5,124,150,52,202,326
03/04/2011,RDG,PA,AEA,EN,Combined TRACON& Tower with Radar,0,14,32,1,47,0,6,56,2,64,0,20,88,3,111,170,8,178,289
03/05/2011,RDG,PA,AEA,EN,Combined TRACON& Tower with Radar,1,7,16,1,25,0,1,18,1,20,1,8,34,2,45,90,8,98,143
03/06/2011,RDG,PA,AEA,EN,Combined TRACON& Tower with Radar,1,2,12,0,15,0,0,0,0,0,1,2,12,0,15,0,0,0,15
03/07/2011,RDG,PA,AEA,EN,Combined TRACON& Tower with Radar,0,10,11,5,26,0,5,6,4,15,0,15,17,9,41,46,8,54,95
03/08/2011,RDG,PA,AEA,EN,Combined TRACON& Tower with Radar,0,13,28,4,45,0,5,74,4,83,0,18,102,8,128,150,46,196,324
03/09/2011,RDG,PA,AEA,EN,Combined TRACON& Tower with Radar,0,11,18,4,33,0,2,28,3,33,0,13,46,7,66,82,12,94,160
03/10/2011,RDG,PA,AEA,EN,Combined TRACON& Tower with Radar,0,12,16,0,28,0,0,0,0,0,0,12,16,0,28,0,0,0,28
03/11/2011,RDG,PA,AEA,EN,Combined TRACON& Tower with Radar,0,12,26,2,40,0,8,33,2,43,0,20,59,4,83,98,6,104,187
03/12/2011,RDG,PA,AEA,EN,Combined TRACON& Tower with Radar,2,11,25,0,38,0,5,51,0,56,2,16,76,0,94,242,0,242,336
03/13/2011,RDG,PA,AEA,EN,Combined TRACON& Tower with Radar,0,6,22,0,28,0,2,12,0,14,0,8,34,0,42,52,0,52,94
03/14/2011,RDG,PA,AEA,EN,Combined TRACON& Tower with Radar,0,18,28,0,46,0,2,39,1,42,0,20,67,1,88,80,0,80,168
03/15/2011,RDG,PA,AEA,EN,Combined TRACON& Tower with Radar,0,19,43,4,66,0,4,44,5,53,0,23,87,9,119,152,28,180,299
03/16/2011,RDG,PA,AEA,EN,Combined TRACON& Tower with Radar,0,16,17,1,34,0,4,10,1,15,0,20,27,2,49,144,22,166,215
03/17/2011,RDG,PA,AEA,EN,Combined TRACON& Tower with Radar,0,15,47,2,64,0,5,55,0,60,0,20,102,2,124,184,4,188,312
03/18/2011,RDG,PA,AEA,EN,Combined TRACON& Tower with Radar,0,22,43,1,66,0,12,46,2,60,0,34,89,3,126,182,12,194,320
03/19/2011,RDG,PA,AEA,EN,Combined TRACON& Tower with Radar,0,7,29,0,36,0,0,46,0,46,0,7,75,0,82,180,0,180,262
03/20/2011,RDG,PA,AEA,EN,Combined TRACON& Tower with Radar,2,5,42,0,49,0,1,113,0,114,2,6,155,0,163,232,0,232,395
03/21/2011,RDG,PA,AEA,EN,Combined TRACON& Tower with Radar,0,12,15,0,27,0,0,0,0,0,0,12,15,0,27,10,0,10,37
03/22/2011,RDG,PA,AEA,EN,Combined TRACON& Tower with Radar,0,13,28,2,43,0,3,38,4,45,0,16,66,6,88,108,24,132,220
03/23/2011,RDG,PA,AEA,EN,Combined TRACON& Tower with Radar,0,17,8,0,25,0,0,0,0,0,0,17,8,0,25,0,0,0,25
03/24/2011,RDG,PA,AEA,EN,Combined TRACON& Tower with Radar,0,18,23,6,47,0,3,5,8,16,0,21,28,14,63,38,0,38,101
03/25/2011,RDG,PA,AEA,EN,Combined TRACON& Tower with Radar,0,17,24,0,41,1,8,59,7,75,1,25,83,7,116,74,0,74,190
03/26/2011,RDG,PA,AEA,EN,Combined TRACON& Tower with Radar,1,6,29,0,36,0,1,60,0,61,1,7,89,0,97,212,0,212,309
03/27/2011,RDG,PA,AEA,EN,Combined TRACON& Tower with Radar,1,11,38,0,50,0,0,55,0,55,1,11,93,0,105,114,4,118,223
03/28/2011,RDG,PA,AEA,EN,Combined TRACON& Tower with Radar,0,12,36,6,54,0,4,30,1,35,0,16,66,7,89,76,0,76,165
03/29/2011,RDG,PA,AEA,EN,Combined TRACON& Tower with Radar,0,18,28,3,49,0,12,51,2,65,0,30,79,5,114,192,4,196,310
03/30/2011,RDG,PA,AEA,EN,Combined TRACON& Tower with Radar,0,16,36,4,56,0,4,42,3,49,0,20,78,7,105,270,0,270,375
03/31/2011,RDG,PA,AEA,EN,Combined TRACON& Tower with Radar,0,13,19,0,32,0,0,0,0,0,0,13,19,0,32,0,0,0,32
04/01/2011,RDG,PA,AEA,EN,Combined TRACON& Tower with Radar,0,16,11,0,27,0,1,2,0,3,0,17,13,0,30,0,0,0,30
04/02/2011,RDG,PA,AEA,EN,Combined TRACON& Tower with Radar,1,7,31,0,39,0,2,50,0,52,1,9,81,0,91,136,0,136,227
04/03/2011,RDG,PA,AEA,EN,Combined TRACON& Tower with Radar,0,4,27,0,31,0,2,42,0,44,0,6,69,0,75,148,0,148,223
04/04/2011,RDG,PA,AEA,EN,Combined TRACON& Tower with Radar,0,13,10,0,23,0,12,27,0,39,0,25,37,0,62,230,0,230,292
04/05/2011,RDG,PA,AEA,EN,Combined TRACON& Tower with Radar,0,17,26,1,44,0,2,3,1,6,0,19,29,2,50,0,0,0,50
04/06/2011,RDG,PA,AEA,EN,Combined TRACON& Tower with Radar,0,15,27,2,44,0,7,29,3,39,0,22,56,5,83,44,0,44,127
04/07/2011,RDG,PA,AEA,EN,Combined TRACON& Tower with Radar,0,18,34,0,52,0,3,35,2,40,0,21,69,2,92,164,0,164,256
04/08/2011,RDG,PA,AEA,EN,Combined TRACON& Tower with Radar,0,14,29,2,45,0,1,3,0,4,0,15,32,2,49,100,0,100,149
04/09/2011,RDG,PA,AEA,EN,Combined TRACON& Tower with Radar,2,7,27,0,36,0,2,38,2,42,2,9,65,2,78,194,0,194,272
04/10/2011,RDG,PA,AEA,EN,Combined TRACON& Tower with Radar,0,10,28,0,38,0,0,3,0,3,0,10,31,0,41,176,0,176,217
04/11/2011,RDG,PA,AEA,EN,Combined TRACON& Tower with Radar,0,16,7,0,23,0,3,12,0,15,0,19,19,0,38,18,0,18,56
04/12/2011,RDG,PA,AEA,EN,Combined TRACON& Tower with Radar,0,13,19,0,32,0,1,2,0,3,0,14,21,0,35,14,0,14,49
04/13/2011,RDG,PA,AEA,EN,Combined TRACON& Tower with Radar,0,15,19,0,34,0,0,0,5,5,0,15,19,5,39,0,0,0,39
04/14/2011,RDG,PA,AEA,EN,Combined TRACON& Tower with Radar,0,12,52,1,65,0,14,109,3,126,0,26,161,4,191,332,0,332,523
04/15/2011,RDG,PA,AEA,EN,Combined TRACON& Tower with Radar,0,18,36,0,54,0,12,48,11,71,0,30,84,11,125,204,4,208,333
04/16/2011,RDG,PA,AEA,EN,Combined TRACON& Tower with Radar,0,5,5,0,10,0,1,0,1,2,0,6,5,1,12,0,0,0,12
04/17/2011,RDG,PA,AEA,EN,Combined TRACON& Tower with Radar,0,4,7,0,11,0,0,4,2,6,0,4,11,2,17,0,0,0,17
04/18/2011,RDG,PA,AEA,EN,Combined TRACON& Tower with Radar,0,7,33,6,46,0,3,38,1,42,0,10,71,7,88,172,30,202,290
04/19/2011,RDG,PA,AEA,EN,Combined TRACON& Tower with Radar,0,12,31,2,45,0,1,1,0,2,0,13,32,2,47,36,0,36,83
04/20/2011,RDG,PA,AEA,EN,Combined TRACON& Tower with Radar,0,23,21,1,45,0,3,14,0,17,0,26,35,1,62,118,10,128,190
04/21/2011,RDG,PA,AEA,EN,Combined TRACON& Tower with Radar,0,14,35,6,55,0,6,36,6,48,0,20,71,12,103,58,30,88,191
04/22/2011,RDG,PA,AEA,EN,Combined TRACON& Tower with Radar,0,14,18,2,34,0,4,37,0,41,0,18,55,2,75,124,0,124,199
04/23/2011,RDG,PA,AEA,EN,Combined TRACON& Tower with Radar,1,5,11,0,17,0,0,0,0,0,1,5,11,0,17,12,0,12,29
04/24/2011,RDG,PA,AEA,EN,Combined TRACON& Tower with Radar,1,1,14,0,16,0,2,20,0,22,1,3,34,0,38,118,0,118,156
04/25/2011,RDG,PA,AEA,EN,Combined TRACON& Tower with Radar,0,13,18,0,31,0,2,16,2,20,0,15,34,2,51,60,0,60,111
04/26/2011,RDG,PA,AEA,EN,Combined TRACON& Tower with Radar,0,33,37,4,74,0,2,26,4,32,0,35,63,8,106,140,0,140,246
04/27/2011,RDG,PA,AEA,EN,Combined TRACON& Tower with Radar,0,20,30,2,52,0,2,11,4,17,0,22,41,6,69,76,20,96,165
04/28/2011,RDG,PA,AEA,EN,Combined TRACON& Tower with Radar,0,12,20,2,34,0,5,26,2,33,0,17,46,4,67,50,10,60,127
04/29/2011,RDG,PA,AEA,EN,Combined TRACON& Tower with Radar,0,12,22,7,41,0,5,35,7,47,0,17,57,14,88,130,16,146,234
04/30/2011,RDG,PA,AEA,EN,Combined TRACON& Tower with Radar,1,6,53,1,61,0,7,95,0,102,1,13,148,1,163,246,0,246,409
05/01/2011,RDG,PA,AEA,EN,Combined TRACON& Tower with Radar,0,6,19,0,25,0,9,68,0,77,0,15,87,0,102,366,0,366,468
05/02/2011,RDG,PA,AEA,EN,Combined TRACON& Tower with Radar,0,17,20,3,40,0,4,31,2,37,0,21,51,5,77,154,0,154,231
05/03/2011,RDG,PA,AEA,EN,Combined TRACON& Tower with Radar,0,9,46,2,57,0,1,12,2,15,0,10,58,4,72,50,16,66,138
05/04/2011,RDG,PA,AEA,EN,Combined TRACON& Tower with Radar,0,17,29,4,50,0,2,15,2,19,0,19,44,6,69,28,0,28,97
05/05/2011,RDG,PA,AEA,EN,Combined TRACON& Tower with Radar,0,15,34,3,52,0,3,58,5,66,0,18,92,8,118,148,16,164,282
05/06/2011,RDG,PA,AEA,EN,Combined TRACON& Tower with Radar,0,15,42,5,62,0,2,50,7,59,0,17,92,12,121,238,8,246,367
05/07/2011,RDG,PA,AEA,EN,Combined TRACON& Tower with Radar,2,5,30,0,37,0,1,56,0,57,2,6,86,0,94,198,0,198,292
05/08/2011,RDG,PA,AEA,EN,Combined TRACON& Tower with Radar,0,2,46,0,48,0,0,78,0,78,0,2,124,0,126,344,0,344,470
05/09/2011,RDG,PA,AEA,EN,Combined TRACON& Tower with Radar,0,10,27,2,39,0,5,42,5,52,0,15,69,7,91,34,18,52,143
05/10/2011,RDG,PA,AEA,EN,Combined TRACON& Tower with Radar,0,16,41,8,65,0,18,72,12,102,0,34,113,20,167,260,14,274,441
05/11/2011,RDG,PA,AEA,EN,Combined TRACON& Tower with Radar,0,16,48,13,77,0,5,80,17,102,0,21,128,30,179,212,48,260,439
05/12/2011,RDG,PA,AEA,EN,Combined TRACON& Tower with Radar,0,13,46,3,62,0,5,89,2,96,0,18,135,5,158,244,26,270,428
05/13/2011,RDG,PA,AEA,EN,Combined TRACON& Tower with Radar,0,14,32,4,50,0,1,30,6,37,0,15,62,10,87,194,0,194,281
05/14/2011,RDG,PA,AEA,EN,Combined TRACON& Tower with Radar,0,4,16,0,20,0,0,2,0,2,0,4,18,0,22,0,0,0,22
05/15/2011,RDG,PA,AEA,EN,Combined TRACON& Tower with Radar,0,1,8,0,9,0,0,1,0,1,0,1,9,0,10,0,0,0,10
05/16/2011,RDG,PA,AEA,EN,Combined TRACON& Tower with Radar,0,13,26,0,39,0,0,2,2,4,0,13,28,2,43,0,0,0,43
05/17/2011,RDG,PA,AEA,EN,Combined TRACON& Tower with Radar,0,14,16,0,30,0,0,0,0,0,0,14,16,0,30,0,0,0,30
05/18/2011,RDG,PA,AEA,EN,Combined TRACON& Tower with Radar,0,12,36,2,50,0,2,7,2,11,0,14,43,4,61,4,24,28,89
05/19/2011,RDG,PA,AEA,EN,Combined TRACON& Tower with Radar,0,9,37,1,47,0,1,0,0,1,0,10,37,1,48,0,0,0,48
05/20/2011,RDG,PA,AEA,EN,Combined TRACON& Tower with Radar,0,9,22,0,31,0,3,6,0,9,0,12,28,0,40,54,0,54,94
05/21/2011,RDG,PA,AEA,EN,Combined TRACON& Tower with Radar,1,4,35,0,40,0,3,99,6,108,1,7,134,6,148,260,8,268,416
05/22/2011,RDG,PA,AEA,EN,Combined TRACON& Tower with Radar,1,6,33,0,40,0,0,2,0,2,1,6,35,0,42,14,0,14,56
05/23/2011,RDG,PA,AEA,EN,Combined TRACON& Tower with Radar,0,9,39,0,48,0,0,4,1,5,0,9,43,1,53,0,0,0,53
05/24/2011,RDG,PA,AEA,EN,Combined TRACON& Tower with Radar,0,10,28,3,41,0,6,28,3,37,0,16,56,6,78,214,8,222,300
05/25/2011,RDG,PA,AEA,EN,Combined TRACON& Tower with Radar,0,11,54,5,70,0,6,91,1,98,0,17,145,6,168,266,8,274,442
05/26/2011,RDG,PA,AEA,EN,Combined TRACON& Tower with Radar,0,9,34,4,47,0,3,59,1,63,0,12,93,5,110,306,44,350,460
05/27/2011,RDG,PA,AEA,EN,Combined TRACON& Tower with Radar,0,18,41,1,60,0,12,41,3,56,0,30,82,4,116,174,2,176,292
05/28/2011,RDG,PA,AEA,EN,Combined TRACON& Tower with Radar,1,2,27,0,30,0,3,36,0,39,1,5,63,0,69,172,0,172,241
05/29/2011,RDG,PA,AEA,EN,Combined TRACON& Tower with Radar,1,4,31,0,36,0,2,43,0,45,1,6,74,0,81,186,0,186,267
05/30/2011,RDG,PA,AEA,EN,Combined TRACON& Tower with Radar,0,0,13,0,13,0,1,48,0,49,0,1,61,0,62,88,0,88,150
05/31/2011,RDG,PA,AEA,EN,Combined TRACON& Tower with Radar,0,8,26,5,39,0,3,61,6,70,0,11,87,11,109,230,24,254,363
06/01/2011,RDG,PA,AEA,EN,Combined TRACON& Tower with Radar,0,13,48,0,61,0,8,35,0,43,0,21,83,0,104,260,12,272,376
06/02/2011,RDG,PA,AEA,EN,Combined TRACON& Tower with Radar,0,9,36,3,48,0,55,27,15,97,0,64,63,18,145,246,94,340,485
06/03/2011,RDG,PA,AEA,EN,Combined TRACON& Tower with Radar,3,11,43,1,58,0,115,91,28,234,3,126,134,29,292,444,0,444,736
06/04/2011,RDG,PA,AEA,EN,Combined TRACON& Tower with Radar,2,8,36,0,46,0,115,109,19,243,2,123,145,19,289,748,0,748,1037
06/05/2011,RDG,PA,AEA,EN,Combined TRACON& Tower with Radar,0,4,34,0,38,0,85,137,15,237,0,89,171,15,275,362,0,362,637
06/06/2011,RDG,PA,AEA,EN,Combined TRACON& Tower with Radar,0,9,31,2,42,0,8,53,4,65,0,17,84,6,107,254,44,298,405
06/07/2011,RDG,PA,AEA,EN,Combined TRACON& Tower with Radar,0,11,27,0,38,0,5,48,0,53,0,16,75,0,91,184,6,190,281
06/08/2011,RDG,PA,AEA,EN,Combined TRACON& Tower with Radar,0,7,21,7,35,0,4,60,2,66,0,11,81,9,101,182,48,230,331
06/09/2011,RDG,PA,AEA,EN,Combined TRACON& Tower with Radar,0,9,35,2,46,0,13,51,4,68,0,22,86,6,114,184,42,226,340
06/10/2011,RDG,PA,AEA,EN,Combined TRACON& Tower with Radar,0,9,33,7,49,0,9,34,1,44,0,18,67,8,93,174,0,174,267
06/11/2011,RDG,PA,AEA,EN,Combined TRACON& Tower with Radar,0,5,22,1,28,0,0,7,0,7,0,5,29,1,35,0,0,0,35
06/12/2011,RDG,PA,AEA,EN,Combined TRACON& Tower with Radar,0,0,21,1,22,0,0,10,0,10,0,0,31,1,32,0,0,0,32
06/13/2011,RDG,PA,AEA,EN,Combined TRACON& Tower with Radar,0,12,22,7,41,0,7,56,2,65,0,19,78,9,106,158,28,186,292
06/14/2011,RDG,PA,AEA,EN,Combined TRACON& Tower with Radar,0,14,35,0,49,1,3,54,1,59,1,17,89,1,108,140,6,146,254
06/15/2011,RDG,PA,AEA,EN,Combined TRACON& Tower with Radar,0,10,35,14,59,0,8,101,4,113,0,18,136,18,172,246,48,294,466
06/16/2011,RDG,PA,AEA,EN,Combined TRACON& Tower with Radar,0,16,40,0,56,0,1,41,5,47,0,17,81,5,103,114,120,234,337
06/17/2011,RDG,PA,AEA,EN,Combined TRACON& Tower with Radar,0,9,40,1,50,0,3,26,1,30,0,12,66,2,80,158,0,158,238
06/18/2011,RDG,PA,AEA,EN,Combined TRACON& Tower with Radar,0,7,34,0,41,0,4,72,0,76,0,11,106,0,117,200,0,200,317
06/19/2011,RDG,PA,AEA,EN,Combined TRACON& Tower with Radar,0,1,23,0,24,0,2,50,0,52,0,3,73,0,76,36,0,36,112
06/20/2011,RDG,PA,AEA,EN,Combined TRACON& Tower with Radar,0,7,16,2,25,3,6,31,2,42,3,13,47,4,67,252,40,292,359
06/21/2011,RDG,PA,AEA,EN,Combined TRACON& Tower with Radar,0,14,34,3,51,0,5,25,2,32,0,19,59,5,83,246,0,246,329
06/22/2011,RDG,PA,AEA,EN,Combined TRACON& Tower with Radar,0,11,18,5,34,0,3,35,1,39,0,14,53,6,73,214,84,298,371
06/23/2011,RDG,PA,AEA,EN,Combined TRACON& Tower with Radar,0,18,31,1,50,0,0,19,2,21,0,18,50,3,71,58,0,58,129
06/24/2011,RDG,PA,AEA,EN,Combined TRACON& Tower with Radar,0,13,27,1,41,0,1,31,0,32,0,14,58,1,73,100,2,102,175
06/25/2011,RDG,PA,AEA,EN,Combined TRACON& Tower with Radar,0,7,46,0,53,0,1,54,0,55,0,8,100,0,108,144,12,156,264
06/26/2011,RDG,PA,AEA,EN,Combined TRACON& Tower with Radar,0,4,45,0,49,0,3,66,0,69,0,7,111,0,118,237,0,237,355
06/27/2011,RDG,PA,AEA,EN,Combined TRACON& Tower with Radar,0,9,37,9,55,0,2,48,3,53,0,11,85,12,108,220,24,244,352
06/28/2011,RDG,PA,AEA,EN,Combined TRACON& Tower with Radar,0,10,17,1,28,0,2,19,7,28,0,12,36,8,56,282,10,292,348
06/29/2011,RDG,PA,AEA,EN,Combined TRACON& Tower with Radar,0,12,28,11,51,0,6,75,12,93,0,18,103,23,144,166,62,228,372
06/30/2011,RDG,PA,AEA,EN,Combined TRACON& Tower with Radar,0,14,25,5,44,0,3,40,2,45,0,17,65,7,89,196,32,228,317
07/01/2011,RDG,PA,AEA,EN,Combined TRACON& Tower with Radar,0,9,32,5,46,0,6,74,2,82,0,15,106,7,128,316,54,370,498
07/02/2011,RDG,PA,AEA,EN,Combined TRACON& Tower with Radar,1,8,24,0,33,0,3,80,0,83,1,11,104,0,116,242,0,242,358
07/03/2011,RDG,PA,AEA,EN,Combined TRACON& Tower with Radar,1,3,21,1,26,0,1,15,0,16,1,4,36,1,42,178,0,178,220
07/04/2011,RDG,PA,AEA,EN,Combined TRACON& Tower with Radar,0,4,11,0,15,0,0,30,0,30,0,4,41,0,45,114,0,114,159
07/05/2011,RDG,PA,AEA,EN,Combined TRACON& Tower with Radar,0,8,26,0,34,0,9,49,0,58,0,17,75,0,92,98,0,98,190
07/06/2011,RDG,PA,AEA,EN,Combined TRACON& Tower with Radar,0,13,34,9,56,0,10,49,6,65,0,23,83,15,121,156,4,160,281
07/07/2011,RDG,PA,AEA,EN,Combined TRACON& Tower with Radar,0,11,30,2,43,0,2,25,1,28,0,13,55,3,71,152,16,168,239
07/08/2011,RDG,PA,AEA,EN,Combined TRACON& Tower with Radar,0,10,12,0,22,0,1,7,2,10,0,11,19,2,32,74,10,84,116
07/09/2011,RDG,PA,AEA,EN,Combined TRACON& Tower with Radar,2,10,48,0,60,0,2,82,0,84,2,12,130,0,144,126,0,126,270
07/10/2011,RDG,PA,AEA,EN,Combined TRACON& Tower with Radar,0,2,40,0,42,0,0,65,0,65,0,2,105,0,107,226,0,226,333
07/11/2011,RDG,PA,AEA,EN,Combined TRACON& Tower with Radar,0,6,26,1,33,0,3,55,2,60,0,9,81,3,93,288,4,292,385
07/12/2011,RDG,PA,AEA,EN,Combined TRACON& Tower with Radar,0,12,41,2,55,0,3,43,3,49,0,15,84,5,104,218,2,220,324
07/13/2011,RDG,PA,AEA,EN,Combined TRACON& Tower with Radar,0,18,32,2,52,0,7,64,3,74,0,25,96,5,126,160,16,176,302
07/14/2011,RDG,PA,AEA,EN,Combined TRACON& Tower with Radar,0,16,40,1,57,0,5,50,1,56,0,21,90,2,113,106,0,106,219
07/15/2011,RDG,PA,AEA,EN,Combined TRACON& Tower with Radar,0,7,26,2,35,0,20,83,0,103,0,27,109,2,138,178,0,178,316
07/16/2011,RDG,PA,AEA,EN,Combined TRACON& Tower with Radar,0,2,16,2,20,0,3,50,2,55,0,5,66,4,75,98,0,98,173
07/17/2011,RDG,PA,AEA,EN,Combined TRACON& Tower with Radar,0,2,46,0,48,0,4,87,0,91,0,6,133,0,139,250,0,250,389
07/18/2011,RDG,PA,AEA,EN,Combined TRACON& Tower with Radar,0,12,19,1,32,0,3,53,0,56,0,15,72,1,88,160,0,160,248
07/19/2011,RDG,PA,AEA,EN,Combined TRACON& Tower with Radar,0,14,44,1,59,0,5,33,1,39,0,19,77,2,98,88,0,88,186
07/20/2011,RDG,PA,AEA,EN,Combined TRACON& Tower with Radar,0,13,21,0,34,0,3,45,0,48,0,16,66,0,82,226,0,226,308
07/21/2011,RDG,PA,AEA,EN,Combined TRACON& Tower with Radar,0,14,23,5,42,0,5,20,6,31,0,19,43,11,73,224,20,244,317
07/22/2011,RDG,PA,AEA,EN,Combined TRACON& Tower with Radar,0,7,29,1,37,1,3,40,1,45,1,10,69,2,82,118,0,118,200
07/23/2011,RDG,PA,AEA,EN,Combined TRACON& Tower with Radar,0,2,17,0,19,0,6,46,0,52,0,8,63,0,71,240,8,248,319
07/24/2011,RDG,PA,AEA,EN,Combined TRACON& Tower with Radar,0,4,24,0,28,0,9,54,0,63,0,13,78,0,91,272,0,272,363
07/25/2011,RDG,PA,AEA,EN,Combined TRACON& Tower with Radar,0,11,26,0,37,0,2,25,2,29,0,13,51,2,66,64,0,64,130
07/26/2011,RDG,PA,AEA,EN,Combined TRACON& Tower with Radar,0,14,38,5,57,0,11,51,4,66,0,25,89,9,123,194,42,236,359
07/27/2011,RDG,PA,AEA,EN,Combined TRACON& Tower with Radar,0,9,37,4,50,0,10,83,5,98,0,19,120,9,148,324,16,340,488
07/28/2011,RDG,PA,AEA,EN,Combined TRACON& Tower with Radar,0,14,40,5,59,0,9,40,3,52,0,23,80,8,111,162,36,198,309
07/29/2011,RDG,PA,AEA,EN,Combined TRACON& Tower with Radar,0,20,20,2,42,0,7,18,1,26,0,27,38,3,68,164,12,176,244
07/30/2011,RDG,PA,AEA,EN,Combined TRACON& Tower with Radar,0,2,16,2,20,0,4,50,4,58,0,6,66,6,78,264,8,272,350
07/31/2011,RDG,PA,AEA,EN,Combined TRACON& Tower with Radar,0,2,46,0,48,0,2,90,0,92,0,4,136,0,140,220,0,220,360
08/01/2011,RDG,PA,AEA,EN,Combined TRACON& Tower with Radar,0,11,26,0,37,0,2,24,2,28,0,13,50,2,65,54,0,54,119
08/02/2011,RDG,PA,AEA,EN,Combined TRACON& Tower with Radar,0,10,42,0,52,0,6,49,0,55,0,16,91,0,107,114,0,114,221
08/03/2011,RDG,PA,AEA,EN,Combined TRACON& Tower with Radar,0,13,20,10,43,0,3,36,6,45,0,16,56,16,88,90,38,128,216
08/04/2011,RDG,PA,AEA,EN,Combined TRACON& Tower with Radar,0,14,44,5,63,0,7,30,0,37,0,21,74,5,100,214,38,252,352
08/05/2011,RDG,PA,AEA,EN,Combined TRACON& Tower with Radar,0,12,27,2,41,0,2,34,2,38,0,14,61,4,79,188,56,244,323
08/06/2011,RDG,PA,AEA,EN,Combined TRACON& Tower with Radar,0,4,21,0,25,0,0,15,2,17,0,4,36,2,42,184,0,184,226
08/07/2011,RDG,PA,AEA,EN,Combined TRACON& Tower with Radar,0,1,28,0,29,0,0,2,0,2,0,1,30,0,31,0,0,0,31
08/08/2011,RDG,PA,AEA,EN,Combined TRACON& Tower with Radar,0,7,39,1,47,0,4,37,1,42,0,11,76,2,89,126,0,126,215
08/09/2011,RDG,PA,AEA,EN,Combined TRACON& Tower with Radar,0,13,20,0,33,0,1,23,0,24,0,14,43,0,57,62,0,62,119
08/10/2011,RDG,PA,AEA,EN,Combined TRACON& Tower with Radar,0,9,39,9,57,0,6,58,3,67,0,15,97,12,124,194,12,206,330
08/11/2011,RDG,PA,AEA,EN,Combined TRACON& Tower with Radar,0,5,47,8,60,0,12,63,1,76,0,17,110,9,136,362,36,398,534
08/12/2011,RDG,PA,AEA,EN,Combined TRACON& Tower with Radar,0,14,40,5,59,0,1,30,1,32,0,15,70,6,91,290,6,296,387
08/13/2011,RDG,PA,AEA,EN,Combined TRACON& Tower with Radar,0,20,20,2,42,0,8,23,1,32,0,28,43,3,74,108,0,108,182
08/14/2011,RDG,PA,AEA,EN,Combined TRACON& Tower with Radar,0,2,16,2,20,0,1,44,2,47,0,3,60,4,67,0,0,0,67
08/15/2011,RDG,PA,AEA,EN,Combined TRACON& Tower with Radar,0,2,46,0,48,0,0,61,0,61,0,2,107,0,109,42,0,42,151
08/16/2011,RDG,PA,AEA,EN,Combined TRACON& Tower with Radar,0,11,26,0,37,0,2,26,2,30,0,13,52,2,67,100,0,100,167
08/17/2011,RDG,PA,AEA,EN,Combined TRACON& Tower with Radar,0,10,41,0,51,0,6,60,0,66,0,16,101,0,117,346,10,356,473
08/18/2011,RDG,PA,AEA,EN,Combined TRACON& Tower with Radar,0,13,20,10,43,0,8,45,9,62,0,21,65,19,105,142,40,182,287
08/19/2011,RDG,PA,AEA,EN,Combined TRACON& Tower with Radar,0,14,44,5,63,0,6,33,0,39,0,20,77,5,102,124,0,124,226
08/20/2011,RDG,PA,AEA,EN,Combined TRACON& Tower with Radar,0,12,28,2,42,0,2,39,1,42,0,14,67,3,84,202,0,202,286
08/21/2011,RDG,PA,AEA,EN,Combined TRACON& Tower with Radar,0,4,21,0,25,0,1,16,2,19,0,5,37,2,44,0,0,0,44
08/22/2011,RDG,PA,AEA,EN,Combined TRACON& Tower with Radar,0,4,31,0,35,0,2,7,0,9,0,6,38,0,44,210,22,232,276
08/23/2011,RDG,PA,AEA,EN,Combined TRACON& Tower with Radar,0,20,46,0,66,0,2,47,2,51,0,22,93,2,117,332,0,332,449
08/24/2011,RDG,PA,AEA,EN,Combined TRACON& Tower with Radar,0,10,41,0,51,0,6,50,0,56,0,16,91,0,107,56,0,56,163
08/25/2011,RDG,PA,AEA,EN,Combined TRACON& Tower with Radar,0,13,20,10,43,0,3,36,7,46,0,16,56,17,89,60,0,60,149
08/26/2011,RDG,PA,AEA,EN,Combined TRACON& Tower with Radar,0,14,44,5,63,0,5,30,0,35,0,19,74,5,98,166,44,210,308
08/27/2011,RDG,PA,AEA,EN,Combined TRACON& Tower with Radar,0,12,28,2,42,0,2,32,1,35,0,14,60,3,77,0,0,0,77
08/28/2011,RDG,PA,AEA,EN,Combined TRACON& Tower with Radar,0,4,21,0,25,0,0,15,2,17,0,4,36,2,42,0,0,0,42
08/29/2011,RDG,PA,AEA,EN,Combined TRACON& Tower with Radar,0,1,28,0,29,0,0,4,0,4,0,1,32,0,33,254,20,274,307
08/30/2011,RDG,PA,AEA,EN,Combined TRACON& Tower with Radar,0,7,39,1,47,0,4,40,1,45,0,11,79,2,92,276,10,286,378
08/31/2011,RDG,PA,AEA,EN,Combined TRACON& Tower with Radar,0,13,20,0,33,0,2,30,0,32,0,15,50,0,65,284,8,292,357
09/01/2011,RDG,PA,AEA,EN,Combined TRACON& Tower with Radar,0,5,13,28,46,0,15,73,24,112,0,20,86,52,158,248,63,311,469
09/02/2011,RDG,PA,AEA,EN,Combined TRACON& Tower with Radar,0,0,0,0,0,0,12,55,4,71,0,12,55,4,71,128,12,140,211
09/03/2011,RDG,PA,AEA,EN,Combined TRACON& Tower with Radar,0,0,0,0,0,0,4,47,0,51,0,4,47,0,51,135,0,135,186
09/04/2011,RDG,PA,AEA,EN,Combined TRACON& Tower with Radar,0,5,20,0,25,0,3,29,0,32,0,8,49,0,57,154,0,154,211
09/05/2011,RDG,PA,AEA,EN,Combined TRACON& Tower with Radar,0,7,15,0,22,0,0,1,0,1,0,7,16,0,23,0,0,0,23
09/06/2011,RDG,PA,AEA,EN,Combined TRACON& Tower with Radar,0,2,12,0,14,0,9,15,6,30,0,11,27,6,44,0,0,0,44
09/07/2011,RDG,PA,AEA,EN,Combined TRACON& Tower with Radar,0,11,11,0,22,0,0,0,0,0,0,11,11,0,22,0,0,0,22
09/08/2011,RDG,PA,AEA,EN,Combined TRACON& Tower with Radar,0,8,5,0,13,0,6,1,0,7,0,14,6,0,20,0,0,0,20
09/09/2011,RDG,PA,AEA,EN,Combined TRACON& Tower with Radar,0,12,32,0,44,0,29,38,1,68,0,41,70,1,112,110,0,110,222
09/10/2011,RDG,PA,AEA,EN,Combined TRACON& Tower with Radar,0,6,81,0,87,0,3,59,2,64,0,9,140,2,151,176,2,178,329
09/11/2011,RDG,PA,AEA,EN,Combined TRACON& Tower with Radar,0,6,45,0,51,0,2,13,0,15,0,8,58,0,66,10,0,10,76
09/12/2011,RDG,PA,AEA,EN,Combined TRACON& Tower with Radar,0,10,46,12,68,0,6,34,2,42,0,16,80,14,110,110,6,116,226
09/13/2011,RDG,PA,AEA,EN,Combined TRACON& Tower with Radar,0,18,62,24,104,0,9,89,11,109,0,27,151,35,213,156,56,212,425
09/14/2011,RDG,PA,AEA,EN,Combined TRACON& Tower with Radar,0,9,23,3,35,0,0,31,5,36,0,9,54,8,71,112,28,140,211
09/15/2011,RDG,PA,AEA,EN,Combined TRACON& Tower with Radar,0,9,10,4,23,0,1,0,0,1,0,10,10,4,24,84,0,84,108
09/16/2011,RDG,PA,AEA,EN,Combined TRACON& Tower with Radar,0,12,38,10,60,0,7,58,13,78,0,19,96,23,138,202,32,234,372
09/17/2011,RDG,PA,AEA,EN,Combined TRACON& Tower with Radar,0,9,36,1,46,0,5,70,3,78,0,14,106,4,124,158,28,186,310
09/18/2011,RDG,PA,AEA,EN,Combined TRACON& Tower with Radar,0,2,37,0,39,0,0,51,0,51,0,2,88,0,90,172,0,172,262
09/19/2011,RDG,PA,AEA,EN,Combined TRACON& Tower with Radar,0,10,22,8,40,0,2,23,5,30,0,12,45,13,70,186,32,218,288
09/20/2011,RDG,PA,AEA,EN,Combined TRACON& Tower with Radar,0,13,37,4,54,0,2,6,3,11,0,15,43,7,65,92,8,100,165
09/21/2011,RDG,PA,AEA,EN,Combined TRACON& Tower with Radar,0,9,21,2,32,0,0,2,0,2,0,9,23,2,34,98,0,98,132
09/22/2011,RDG,PA,AEA,EN,Combined TRACON& Tower with Radar,0,12,23,1,36,0,3,18,7,28,0,15,41,8,64,94,22,116,180
09/23/2011,RDG,PA,AEA,EN,Combined TRACON& Tower with Radar,1,17,14,0,32,0,0,0,0,0,1,17,14,0,32,0,0,0,32
09/24/2011,RDG,PA,AEA,EN,Combined TRACON& Tower with Radar,1,5,16,0,22,0,0,13,0,13,1,5,29,0,35,0,0,0,35
09/25/2011,RDG,PA,AEA,EN,Combined TRACON& Tower with Radar,1,1,17,1,20,0,1,16,0,17,1,2,33,1,37,150,0,150,187
09/26/2011,RDG,PA,AEA,EN,Combined TRACON& Tower with Radar,0,12,17,0,29,0,5,27,0,32,0,17,44,0,61,206,0,206,267
09/27/2011,RDG,PA,AEA,EN,Combined TRACON& Tower with Radar,0,19,10,0,29,0,6,3,0,9,0,25,13,0,38,112,0,112,150
09/28/2011,RDG,PA,AEA,EN,Combined TRACON& Tower with Radar,0,18,27,0,45,1,2,0,0,3,1,20,27,0,48,150,0,150,198
09/29/2011,RDG,PA,AEA,EN,Combined TRACON& Tower with Radar,0,15,21,4,40,0,1,13,8,22,0,16,34,12,62,118,26,144,206
09/30/2011,RDG,PA,AEA,EN,Combined TRACON& Tower with Radar,0,14,34,1,49,1,6,38,1,46,1,20,72,2,95,162,30,192,287
10/01/2011,RDG,PA,AEA,EN,Combined TRACON& Tower with Radar,1,7,30,0,38,0,9,14,0,23,1,16,44,0,61,48,0,48,109
10/02/2011,RDG,PA,AEA,EN,Combined TRACON& Tower with Radar,1,0,1,0,2,0,0,0,0,0,1,0,1,0,2,0,0,0,2
10/03/2011,RDG,PA,AEA,EN,Combined TRACON& Tower with Radar,0,23,18,4,45,0,2,7,4,13,0,25,25,8,58,0,0,0,58
10/04/2011,RDG,PA,AEA,EN,Combined TRACON& Tower with Radar,0,12,27,1,40,0,3,32,2,37,0,15,59,3,77,162,0,162,239
10/05/2011,RDG,PA,AEA,EN,Combined TRACON& Tower with Radar,0,14,28,5,47,0,11,41,0,52,0,25,69,5,99,84,74,158,257
10/06/2011,RDG,PA,AEA,EN,Combined TRACON& Tower with Radar,0,17,56,2,75,0,8,157,3,168,0,25,213,5,243,134,4,138,381
10/07/2011,RDG,PA,AEA,EN,Combined TRACON& Tower with Radar,0,21,49,2,72,0,8,83,6,97,0,29,132,8,169,36,4,40,209
10/08/2011,RDG,PA,AEA,EN,Combined TRACON& Tower with Radar,4,25,34,0,63,0,9,180,0,189,4,34,214,0,252,234,0,234,486
10/09/2011,RDG,PA,AEA,EN,Combined TRACON& Tower with Radar,0,9,13,0,22,0,2,21,0,23,0,11,34,0,45,212,14,226,271
10/10/2011,RDG,PA,AEA,EN,Combined TRACON& Tower with Radar,0,10,8,0,18,0,7,38,0,45,0,17,46,0,63,120,6,126,189
10/11/2011,RDG,PA,AEA,EN,Combined TRACON& Tower with Radar,0,13,14,1,28,0,5,48,0,53,0,18,62,1,81,148,38,186,267
10/12/2011,RDG,PA,AEA,EN,Combined TRACON& Tower with Radar,0,11,11,2,24,0,5,1,0,6,0,16,12,2,30,0,0,0,30
10/13/2011,RDG,PA,AEA,EN,Combined TRACON& Tower with Radar,0,18,17,0,35,0,0,0,0,0,0,18,17,0,35,0,0,0,35
10/14/2011,RDG,PA,AEA,EN,Combined TRACON& Tower with Radar,0,14,20,0,34,0,1,22,0,23,0,15,42,0,57,22,2,24,81
10/15/2011,RDG,PA,AEA,EN,Combined TRACON& Tower with Radar,0,5,4,0,9,0,1,10,0,11,0,6,14,0,20,3,22,25,45
10/16/2011,RDG,PA,AEA,EN,Combined TRACON& Tower with Radar,0,2,9,0,11,0,1,30,6,37,0,3,39,6,48,24,2,26,74
10/17/2011,RDG,PA,AEA,EN,Combined TRACON& Tower with Radar,0,15,20,4,39,0,11,45,0,56,0,26,65,4,95,85,0,85,180
10/18/2011,RDG,PA,AEA,EN,Combined TRACON& Tower with Radar,0,14,51,5,70,0,6,92,2,100,0,20,143,7,170,158,10,168,338
10/19/2011,RDG,PA,AEA,EN,Combined TRACON& Tower with Radar,0,10,4,1,15,0,0,0,0,0,0,10,4,1,15,0,0,0,15
10/20/2011,RDG,PA,AEA,EN,Combined TRACON& Tower with Radar,0,10,22,1,33,0,2,13,3,18,0,12,35,4,51,0,0,0,51
10/21/2011,RDG,PA,AEA,EN,Combined TRACON& Tower with Radar,0,11,16,1,28,0,5,18,1,24,0,16,34,2,52,102,28,130,182
10/22/2011,RDG,PA,AEA,EN,Combined TRACON& Tower with Radar,1,13,22,0,36,0,0,62,0,62,1,13,84,0,98,262,0,262,360
10/23/2011,RDG,PA,AEA,EN,Combined TRACON& Tower with Radar,2,12,48,0,62,0,2,125,0,127,2,14,173,0,189,194,0,194,383
10/24/2011,RDG,PA,AEA,EN,Combined TRACON& Tower with Radar,0,12,41,2,55,0,5,26,2,33,0,17,67,4,88,100,0,100,188
10/25/2011,RDG,PA,AEA,EN,Combined TRACON& Tower with Radar,0,18,59,3,80,0,10,73,4,87,0,28,132,7,167,89,0,89,256
10/26/2011,RDG,PA,AEA,EN,Combined TRACON& Tower with Radar,0,24,42,14,80,0,7,58,13,78,0,31,100,27,158,102,20,122,280
10/27/2011,RDG,PA,AEA,EN,Combined TRACON& Tower with Radar,0,44,22,4,70,0,1,0,0,1,0,45,22,4,71,0,0,0,71
10/28/2011,RDG,PA,AEA,EN,Combined TRACON& Tower with Radar,0,30,59,8,97,0,3,134,4,141,0,33,193,12,238,292,0,292,530
10/29/2011,RDG,PA,AEA,EN,Combined TRACON& Tower with Radar,0,5,0,0,5,0,0,0,0,0,0,5,0,0,5,0,0,0,5
10/30/2011,RDG,PA,AEA,EN,Combined TRACON& Tower with Radar,0,11,19,0,30,0,0,75,0,75,0,11,94,0,105,66,0,66,171
10/31/2011,RDG,PA,AEA,EN,Combined TRACON& Tower with Radar,0,18,18,0,36,0,5,27,0,32,0,23,45,0,68,14,0,14,82
11/01/2011,RDG,PA,AEA,EN,Combined TRACON& Tower with Radar,0,18,32,1,51,0,10,50,0,60,0,28,82,1,111,80,0,80,191
11/02/2011,RDG,PA,AEA,EN,Combined TRACON& Tower with Radar,0,25,26,8,59,0,7,82,2,91,0,32,108,10,150,126,8,134,284
11/03/2011,RDG,PA,AEA,EN,Combined TRACON& Tower with Radar,0,16,39,9,64,0,16,68,6,90,0,32,107,15,154,198,0,198,352
11/04/2011,RDG,PA,AEA,EN,Combined TRACON& Tower with Radar,0,23,24,13,60,0,9,42,14,65,0,32,66,27,125,74,26,100,225
11/05/2011,RDG,PA,AEA,EN,Combined TRACON& Tower with Radar,2,14,90,0,106,0,0,179,1,180,2,14,269,1,286,236,0,236,522
11/06/2011,RDG,PA,AEA,EN,Combined TRACON& Tower with Radar,0,9,55,0,64,0,2,103,0,105,0,11,158,0,169,54,0,54,223
11/07/2011,RDG,PA,AEA,EN,Combined TRACON& Tower with Radar,0,25,39,13,77,0,5,45,8,58,0,30,84,21,135,38,4,42,177
11/08/2011,RDG,PA,AEA,EN,Combined TRACON& Tower with Radar,0,36,77,2,115,0,7,70,2,79,0,43,147,4,194,104,16,120,314
11/09/2011,RDG,PA,AEA,EN,Combined TRACON& Tower with Radar,0,37,74,0,111,0,13,89,1,103,0,50,163,1,214,232,0,232,446
11/10/2011,RDG,PA,AEA,EN,Combined TRACON& Tower with Radar,0,40,39,5,84,0,1,0,0,1,0,41,39,5,85,0,0,0,85
11/11/2011,RDG,PA,AEA,EN,Combined TRACON& Tower with Radar,0,9,22,0,31,0,5,20,0,25,0,14,42,0,56,6,0,6,62
11/12/2011,RDG,PA,AEA,EN,Combined TRACON& Tower with Radar,1,3,2,0,6,0,0,0,0,0,1,3,2,0,6,90,0,90,96
11/13/2011,RDG,PA,AEA,EN,Combined TRACON& Tower with Radar,1,2,24,0,27,0,0,0,0,0,1,2,24,0,27,154,0,154,181
11/14/2011,RDG,PA,AEA,EN,Combined TRACON& Tower with Radar,0,9,27,5,41,0,3,36,2,41,0,12,63,7,82,92,0,92,174
11/15/2011,RDG,PA,AEA,EN,Combined TRACON& Tower with Radar,0,5,0,0,5,0,4,13,0,17,0,9,13,0,22,234,0,234,256
11/16/2011,RDG,PA,AEA,EN,Combined TRACON& Tower with Radar,0,24,15,0,39,0,0,1,0,1,0,24,16,0,40,0,0,0,40
11/17/2011,RDG,PA,AEA,EN,Combined TRACON& Tower with Radar,0,16,48,3,67,0,28,38,2,68,0,44,86,5,135,150,0,150,285
11/18/2011,RDG,PA,AEA,EN,Combined TRACON& Tower with Radar,0,18,45,3,66,0,18,84,7,109,0,36,129,10,175,154,2,156,331
11/19/2011,RDG,PA,AEA,EN,Combined TRACON& Tower with Radar,4,10,32,0,46,0,3,92,2,97,4,13,124,2,143,52,0,52,195
11/20/2011,RDG,PA,AEA,EN,Combined TRACON& Tower with Radar,0,0,43,0,43,0,0,93,0,93,0,0,136,0,136,122,0,122,258
11/21/2011,RDG,PA,AEA,EN,Combined TRACON& Tower with Radar,0,23,49,0,72,0,3,19,0,22,0,26,68,0,94,26,0,26,120
11/22/2011,RDG,PA,AEA,EN,Combined TRACON& Tower with Radar,0,38,54,0,92,0,0,0,0,0,0,38,54,0,92,0,0,0,92
11/23/2011,RDG,PA,AEA,EN,Combined TRACON& Tower with Radar,0,25,43,0,68,0,6,15,0,21,0,31,58,0,89,0,0,0,89
11/24/2011,RDG,PA,AEA,EN,Combined TRACON& Tower with Radar,0,4,17,0,21,0,2,43,0,45,0,6,60,0,66,16,0,16,82
11/25/2011,RDG,PA,AEA,EN,Combined TRACON& Tower with Radar,0,12,37,0,49,0,16,113,4,133,0,28,150,4,182,234,0,234,416
11/26/2011,RDG,PA,AEA,EN,Combined TRACON& Tower with Radar,0,11,60,0,71,0,2,110,0,112,0,13,170,0,183,104,0,104,287
11/27/2011,RDG,PA,AEA,EN,Combined TRACON& Tower with Radar,0,5,50,0,55,0,1,99,0,100,0,6,149,0,155,156,0,156,311
11/28/2011,RDG,PA,AEA,EN,Combined TRACON& Tower with Radar,0,17,35,2,54,0,17,64,7,88,0,34,99,9,142,187,0,187,329
11/29/2011,RDG,PA,AEA,EN,Combined TRACON& Tower with Radar,0,31,29,0,60,0,0,2,0,2,0,31,31,0,62,0,0,0,62
11/30/2011,RDG,PA,AEA,EN,Combined TRACON& Tower with Radar,0,35,44,2,81,0,17,36,1,54,0,52,80,3,135,44,0,44,179
12/01/2011,RDG,PA,AEA,EN,Combined TRACON& Tower with Radar,0,13,64,0,77,0,10,122,4,136,0,23,186,4,213,218,32,250,463
12/02/2011,RDG,PA,AEA,EN,Combined TRACON& Tower with Radar,0,33,41,0,74,0,11,76,3,90,0,44,117,3,164,120,6,126,290
12/03/2011,RDG,PA,AEA,EN,Combined TRACON& Tower with Radar,0,8,57,0,65,0,4,161,0,165,0,12,218,0,230,173,2,175,405
12/04/2011,RDG,PA,AEA,EN,Combined TRACON& Tower with Radar,0,6,61,0,67,0,0,108,0,108,0,6,169,0,175,172,0,172,347
12/05/2011,RDG,PA,AEA,EN,Combined TRACON& Tower with Radar,0,21,40,0,61,0,4,31,4,39,0,25,71,4,100,209,0,209,309
12/06/2011,RDG,PA,AEA,EN,Combined TRACON& Tower with Radar,0,23,33,0,56,0,0,0,0,0,0,23,33,0,56,0,0,0,56
12/07/2011,RDG,PA,AEA,EN,Combined TRACON& Tower with Radar,0,30,33,0,63,0,0,0,0,0,0,30,33,0,63,0,0,0,63
12/08/2011,RDG,PA,AEA,EN,Combined TRACON& Tower with Radar,0,21,48,0,69,0,10,46,1,57,0,31,94,1,126,52,0,52,178
12/09/2011,RDG,PA,AEA,EN,Combined TRACON& Tower with Radar,0,19,28,9,56,0,10,45,2,57,0,29,73,11,113,96,0,96,209
12/10/2011,RDG,PA,AEA,EN,Combined TRACON& Tower with Radar,0,4,20,0,24,0,51,404,0,455,0,55,424,0,479,92,0,92,571
12/11/2011,RDG,PA,AEA,EN,Combined TRACON& Tower with Radar,0,0,28,0,28,0,0,64,0,64,0,0,92,0,92,130,0,130,222
12/12/2011,RDG,PA,AEA,EN,Combined TRACON& Tower with Radar,0,15,35,1,51,0,6,41,0,47,0,21,76,1,98,155,0,155,253
12/13/2011,RDG,PA,AEA,EN,Combined TRACON& Tower with Radar,0,35,41,11,87,0,3,46,8,57,0,38,87,19,144,187,0,187,331
12/14/2011,RDG,PA,AEA,EN,Combined TRACON& Tower with Radar,0,23,53,0,76,0,7,66,0,73,0,30,119,0,149,76,0,76,225
12/15/2011,RDG,PA,AEA,EN,Combined TRACON& Tower with Radar,0,25,51,3,79,0,0,27,4,31,0,25,78,7,110,42,2,44,154
12/16/2011,RDG,PA,AEA,EN,Combined TRACON& Tower with Radar,0,38,81,0,119,0,14,57,4,75,0,52,138,4,194,141,0,141,335
12/17/2011,RDG,PA,AEA,EN,Combined TRACON& Tower with Radar,0,12,47,0,59,0,0,89,0,89,0,12,136,0,148,148,0,148,296
12/18/2011,RDG,PA,AEA,EN,Combined TRACON& Tower with Radar,0,8,24,0,32,0,0,82,0,82,0,8,106,0,114,259,0,259,373
12/19/2011,RDG,PA,AEA,EN,Combined TRACON& Tower with Radar,0,18,43,0,61,0,12,69,1,82,0,30,112,1,143,86,0,86,229
12/20/2011,RDG,PA,AEA,EN,Combined TRACON& Tower with Radar,0,31,52,2,85,0,2,48,5,55,0,33,100,7,140,166,4,170,310
12/21/2011,RDG,PA,AEA,EN,Combined TRACON& Tower with Radar,0,30,24,0,54,0,0,0,0,0,0,30,24,0,54,0,0,0,54
12/22/2011,RDG,PA,AEA,EN,Combined TRACON& Tower with Radar,0,45,45,6,96,0,13,105,8,126,0,58,150,14,222,194,6,200,422
12/23/2011,RDG,PA,AEA,EN,Combined TRACON& Tower with Radar,0,20,18,0,38,0,6,58,0,64,0,26,76,0,102,84,0,84,186
12/24/2011,RDG,PA,AEA,EN,Combined TRACON& Tower with Radar,0,2,10,0,12,0,4,28,1,33,0,6,38,1,45,12,0,12,57
12/25/2011,RDG,PA,AEA,EN,Combined TRACON& Tower with Radar,0,1,0,0,1,0,0,15,0,15,0,1,15,0,16,0,0,0,16
12/26/2011,RDG,PA,AEA,EN,Combined TRACON& Tower with Radar,0,9,26,0,35,0,2,42,0,44,0,11,68,0,79,79,0,79,158
12/27/2011,RDG,PA,AEA,EN,Combined TRACON& Tower with Radar,0,25,38,0,63,0,0,10,0,10,0,25,48,0,73,38,0,38,111
12/28/2011,RDG,PA,AEA,EN,Combined TRACON& Tower with Radar,0,26,8,0,34,0,3,9,2,14,0,29,17,2,48,0,0,0,48
12/29/2011,RDG,PA,AEA,EN,Combined TRACON& Tower with Radar,0,14,27,0,41,0,10,82,0,92,0,24,109,0,133,258,0,258,391
12/30/2011,RDG,PA,AEA,EN,Combined TRACON& Tower with Radar,0,31,33,0,64,0,10,94,0,104,0,41,127,0,168,136,0,136,304
12/31/2011,RDG,PA,AEA,EN,Combined TRACON& Tower with Radar,0,11,82,0,93,0,0,75,0,75,0,11,157,0,168,140,0,140,308
01/01/2012,RDG,PA,AEA,EN,Combined TRACON& Tower with Radar,0,4,18,0,22,0,0,33,0,33,0,4,51,0,55,54,0,54,109
01/02/2012,RDG,PA,AEA,EN,Combined TRACON& Tower with Radar,0,18,16,0,34,0,0,14,0,14,0,18,30,0,48,6,0,6,54
01/03/2012,RDG,PA,AEA,EN,Combined TRACON& Tower with Radar,0,15,31,2,48,0,9,14,1,24,0,24,45,3,72,80,20,100,172
01/04/2012,RDG,PA,AEA,EN,Combined TRACON& Tower with Radar,0,11,51,0,62,0,6,33,0,39,0,17,84,0,101,114,0,114,215
01/05/2012,RDG,PA,AEA,EN,Combined TRACON& Tower with Radar,0,21,73,7,101,0,5,74,5,84,0,26,147,12,185,120,0,120,305
01/06/2012,RDG,PA,AEA,EN,Combined TRACON& Tower with Radar,0,22,33,1,56,0,16,68,1,85,0,38,101,2,141,58,0,58,199
01/07/2012,RDG,PA,AEA,EN,Combined TRACON& Tower with Radar,0,11,51,1,63,0,4,152,3,159,0,15,203,4,222,226,0,226,448
01/08/2012,RDG,PA,AEA,EN,Combined TRACON& Tower with Radar,0,2,34,0,36,0,0,98,0,98,0,2,132,0,134,106,0,106,240
01/09/2012,RDG,PA,AEA,EN,Combined TRACON& Tower with Radar,0,27,40,0,67,0,11,99,0,110,0,38,139,0,177,158,0,158,335
01/10/2012,RDG,PA,AEA,EN,Combined TRACON& Tower with Radar,0,21,52,1,74,0,3,46,1,50,0,24,98,2,124,68,24,92,216
01/11/2012,RDG,PA,AEA,EN,Combined TRACON& Tower with Radar,0,8,15,3,26,0,4,50,7,61,0,12,65,10,87,130,16,146,233
01/12/2012,RDG,PA,AEA,EN,Combined TRACON& Tower with Radar,0,21,29,0,50,0,0,1,0,1,0,21,30,0,51,0,0,0,51
01/13/2012,RDG,PA,AEA,EN,Combined TRACON& Tower with Radar,0,20,37,2,59,0,5,9,0,14,0,25,46,2,73,64,0,64,137
01/14/2012,RDG,PA,AEA,EN,Combined TRACON& Tower with Radar,0,18,23,0,41,0,1,53,0,54,0,19,76,0,95,180,0,180,275
01/15/2012,RDG,PA,AEA,EN,Combined TRACON& Tower with Radar,0,2,21,0,23,0,1,66,4,71,0,3,87,4,94,96,0,96,190
01/16/2012,RDG,PA,AEA,EN,Combined TRACON& Tower with Radar,0,13,45,0,58,0,12,83,0,95,0,25,128,0,153,150,0,150,303
01/17/2012,RDG,PA,AEA,EN,Combined TRACON& Tower with Radar,0,15,25,0,40,0,1,12,0,13,0,16,37,0,53,14,0,14,67
01/18/2012,RDG,PA,AEA,EN,Combined TRACON& Tower with Radar,0,21,15,12,48,0,5,26,9,40,0,26,41,21,88,124,38,162,250
01/19/2012,RDG,PA,AEA,EN,Combined TRACON& Tower with Radar,0,34,51,30,115,0,1,82,12,95,0,35,133,42,210,238,96,334,544
01/20/2012,RDG,PA,AEA,EN,Combined TRACON& Tower with Radar,0,25,39,6,70,0,14,110,3,127,0,39,149,9,197,248,6,254,451
01/21/2012,RDG,PA,AEA,EN,Combined TRACON& Tower with Radar,0,22,6,0,28,0,0,0,0,0,0,22,6,0,28,0,0,0,28
01/22/2012,RDG,PA,AEA,EN,Combined TRACON& Tower with Radar,0,10,29,0,39,0,0,16,0,16,0,10,45,0,55,96,0,96,151
01/23/2012,RDG,PA,AEA,EN,Combined TRACON& Tower with Radar,0,20,15,0,35,0,0,0,0,0,0,20,15,0,35,0,0,0,35
01/24/2012,RDG,PA,AEA,EN,Combined TRACON& Tower with Radar,0,26,27,4,57,0,8,44,1,53,0,34,71,5,110,16,14,30,140
01/25/2012,RDG,PA,AEA,EN,Combined TRACON& Tower with Radar,0,31,54,8,93,0,18,60,9,87,0,49,114,17,180,140,0,140,320
01/26/2012,RDG,PA,AEA,EN,Combined TRACON& Tower with Radar,0,22,30,2,54,0,2,0,0,2,0,24,30,2,56,2,0,2,58
01/27/2012,RDG,PA,AEA,EN,Combined TRACON& Tower with Radar,0,26,27,4,57,0,6,11,5,22,0,32,38,9,79,4,0,4,83
01/28/2012,RDG,PA,AEA,EN,Combined TRACON& Tower with Radar,0,11,155,4,170,0,2,93,3,98,0,13,248,7,268,162,0,162,430
01/29/2012,RDG,PA,AEA,EN,Combined TRACON& Tower with Radar,0,9,58,0,67,0,1,66,0,67,0,10,124,0,134,48,0,48,182
01/30/2012,RDG,PA,AEA,EN,Combined TRACON& Tower with Radar,0,23,38,12,73,0,7,67,10,84,0,30,105,22,157,210,28,238,395
01/31/2012,RDG,PA,AEA,EN,Combined TRACON& Tower with Radar,0,15,41,3,59,0,1,67,8,76,0,16,108,11,135,174,0,174,309
02/01/2012,RDG,PA,AEA,EN,Combined TRACON& Tower with Radar,0,23,14,1,38,0,15,43,2,60,0,38,57,3,98,102,2,104,202
02/02/2012,RDG,PA,AEA,EN,Combined TRACON& Tower with Radar,0,27,44,5,76,0,7,68,6,81,0,34,112,11,157,106,2,108,265
02/03/2012,RDG,PA,AEA,EN,Combined TRACON& Tower with Radar,0,19,36,8,63,0,11,64,3,78,0,30,100,11,141,88,40,128,269
02/04/2012,RDG,PA,AEA,EN,Combined TRACON& Tower with Radar,0,0,46,0,46,0,4,80,0,84,0,4,126,0,130,128,0,128,258
02/05/2012,RDG,PA,AEA,EN,Combined TRACON& Tower with Radar,0,2,43,0,45,0,1,60,0,61,0,3,103,0,106,180,0,180,286
02/06/2012,RDG,PA,AEA,EN,Combined TRACON& Tower with Radar,0,22,34,10,66,0,10,30,5,45,0,32,64,15,111,74,50,124,235
02/07/2012,RDG,PA,AEA,EN,Combined TRACON& Tower with Radar,0,27,61,25,113,0,12,97,19,128,0,39,158,44,241,110,34,144,385
02/08/2012,RDG,PA,AEA,EN,Combined TRACON& Tower with Radar,0,22,12,0,34,0,4,11,0,15,0,26,23,0,49,36,0,36,85
02/09/2012,RDG,PA,AEA,EN,Combined TRACON& Tower with Radar,0,21,62,4,87,0,9,77,4,90,0,30,139,8,177,30,0,30,207
02/10/2012,RDG,PA,AEA,EN,Combined TRACON& Tower with Radar,0,23,47,0,70,0,7,57,11,75,0,30,104,11,145,88,0,88,233
02/11/2012,RDG,PA,AEA,EN,Combined TRACON& Tower with Radar,0,5,2,0,7,0,0,2,0,2,0,5,4,0,9,0,0,0,9
02/12/2012,RDG,PA,AEA,EN,Combined TRACON& Tower with Radar,3,6,5,2,16,0,4,5,0,9,3,10,10,2,25,0,2,2,27
02/13/2012,RDG,PA,AEA,EN,Combined TRACON& Tower with Radar,0,19,23,0,42,0,18,24,1,43,0,37,47,1,85,18,0,18,103
02/14/2012,RDG,PA,AEA,EN,Combined TRACON& Tower with Radar,0,27,34,5,66,0,12,54,7,73,0,39,88,12,139,120,10,130,269
02/15/2012,RDG,PA,AEA,EN,Combined TRACON& Tower with Radar,0,21,54,17,92,0,13,72,13,98,0,34,126,30,190,80,30,110,300
02/16/2012,RDG,PA,AEA,EN,Combined TRACON& Tower with Radar,0,35,56,0,91,0,0,2,0,2,0,35,58,0,93,0,0,0,93
02/17/2012,RDG,PA,AEA,EN,Combined TRACON& Tower with Radar,0,21,43,6,70,0,8,65,6,79,0,29,108,12,149,60,6,66,215
02/18/2012,RDG,PA,AEA,EN,Combined TRACON& Tower with Radar,3,12,71,0,86,0,5,146,2,153,3,17,217,2,239,244,0,244,483
02/19/2012,RDG,PA,AEA,EN,Combined TRACON& Tower with Radar,0,12,40,0,52,0,1,102,0,103,0,13,142,0,155,134,0,134,289
02/20/2012,RDG,PA,AEA,EN,Combined TRACON& Tower with Radar,0,9,65,0,74,0,11,48,0,59,0,20,113,0,133,166,0,166,299
02/21/2012,RDG,PA,AEA,EN,Combined TRACON& Tower with Radar,0,27,33,5,65,0,10,41,6,57,0,37,74,11,122,82,0,82,204
02/22/2012,RDG,PA,AEA,EN,Combined TRACON& Tower with Radar,0,24,43,5,72,0,25,47,19,91,0,49,90,24,163,88,10,98,261
02/23/2012,RDG,PA,AEA,EN,Combined TRACON& Tower with Radar,0,21,62,5,88,0,12,46,12,70,0,33,108,17,158,82,20,102,260
02/24/2012,RDG,PA,AEA,EN,Combined TRACON& Tower with Radar,0,28,32,0,60,0,3,2,0,5,0,31,34,0,65,0,0,0,65
02/25/2012,RDG,PA,AEA,EN,Combined TRACON& Tower with Radar,2,10,6,0,18,0,3,7,0,10,2,13,13,0,28,0,0,0,28
02/26/2012,RDG,PA,AEA,EN,Combined TRACON& Tower with Radar,2,4,45,0,51,0,0,97,0,97,2,4,142,0,148,156,0,156,304
02/27/2012,RDG,PA,AEA,EN,Combined TRACON& Tower with Radar,0,15,31,19,65,0,11,85,12,108,0,26,116,31,173,116,10,126,299
02/28/2012,RDG,PA,AEA,EN,Combined TRACON& Tower with Radar,0,31,79,10,120,0,24,106,2,132,0,55,185,12,252,256,0,256,508
02/29/2012,RDG,PA,AEA,EN,Combined TRACON& Tower with Radar,0,24,32,0,56,0,0,7,0,7,0,24,39,0,63,0,0,0,63
03/01/2012,RDG,PA,AEA,EN,Combined TRACON& Tower with Radar,0,18,30,0,48,0,6,27,3,36,0,24,57,3,84,104,0,104,188
03/02/2012,RDG,PA,AEA,EN,Combined TRACON& Tower with Radar,0,41,36,13,90,0,5,16,2,23,0,46,52,15,113,50,0,50,163
03/03/2012,RDG,PA,AEA,EN,Combined TRACON& Tower with Radar,3,11,40,2,56,0,4,48,2,54,3,15,88,4,110,0,0,0,110
03/04/2012,RDG,PA,AEA,EN,Combined TRACON& Tower with Radar,1,2,52,0,55,0,4,91,0,95,1,6,143,0,150,68,0,68,218
03/05/2012,RDG,PA,AEA,EN,Combined TRACON& Tower with Radar,0,10,42,10,62,0,9,91,6,106,0,19,133,16,168,22,8,30,198
03/06/2012,RDG,PA,AEA,EN,Combined TRACON& Tower with Radar,0,26,65,15,106,0,12,131,0,143,0,38,196,15,249,146,8,154,403
03/07/2012,RDG,PA,AEA,EN,Combined TRACON& Tower with Radar,0,9,45,19,73,0,17,113,19,149,0,26,158,38,222,48,8,56,278
03/08/2012,RDG,PA,AEA,EN,Combined TRACON& Tower with Radar,0,15,39,19,73,0,16,42,8,66,0,31,81,27,139,78,16,94,233
03/09/2012,RDG,PA,AEA,EN,Combined TRACON& Tower with Radar,0,19,70,3,92,0,14,52,4,70,0,33,122,7,162,110,8,118,280
03/10/2012,RDG,PA,AEA,EN,Combined TRACON& Tower with Radar,2,2,52,0,56,0,12,74,0,86,2,14,126,0,142,196,0,196,338
03/11/2012,RDG,PA,AEA,EN,Combined TRACON& Tower with Radar,1,11,74,0,86,0,0,142,0,142,1,11,216,0,228,150,0,150,378
03/12/2012,RDG,PA,AEA,EN,Combined TRACON& Tower with Radar,0,16,41,0,57,0,12,82,1,95,0,28,123,1,152,68,14,82,234
03/13/2012,RDG,PA,AEA,EN,Combined TRACON& Tower with Radar,0,22,40,7,69,0,10,46,4,60,0,32,86,11,129,62,18,80,209
03/14/2012,RDG,PA,AEA,EN,Combined TRACON& Tower with Radar,0,21,45,3,69,0,20,104,2,126,0,41,149,5,195,158,0,158,353
03/15/2012,RDG,PA,AEA,EN,Combined TRACON& Tower with Radar,0,43,106,2,151,0,15,111,4,130,0,58,217,6,281,194,66,260,541
03/16/2012,RDG,PA,AEA,EN,Combined TRACON& Tower with Radar,0,23,48,2,73,0,3,28,5,36,0,26,76,7,109,200,16,216,325
03/17/2012,RDG,PA,AEA,EN,Combined TRACON& Tower with Radar,2,11,46,0,59,0,5,90,0,95,2,16,136,0,154,108,6,114,268
03/18/2012,RDG,PA,AEA,EN,Combined TRACON& Tower with Radar,1,3,57,0,61,0,0,96,0,96,1,3,153,0,157,60,0,60,217
03/19/2012,RDG,PA,AEA,EN,Combined TRACON& Tower with Radar,0,23,38,0,61,0,10,63,0,73,0,33,101,0,134,98,0,98,232
03/20/2012,RDG,PA,AEA,EN,Combined TRACON& Tower with Radar,0,26,58,2,86,0,6,36,4,46,0,32,94,6,132,44,0,44,176
03/21/2012,RDG,PA,AEA,EN,Combined TRACON& Tower with Radar,0,23,76,7,106,0,38,52,4,94,0,61,128,11,200,76,14,90,290
03/22/2012,RDG,PA,AEA,EN,Combined TRACON& Tower with Radar,0,30,72,4,106,0,9,28,6,43,0,39,100,10,149,180,12,192,341
03/23/2012,RDG,PA,AEA,EN,Combined TRACON& Tower with Radar,0,22,75,6,103,0,20,107,1,128,0,42,182,7,231,80,6,86,317
03/24/2012,RDG,PA,AEA,EN,Combined TRACON& Tower with Radar,4,6,25,0,35,0,2,34,0,36,4,8,59,0,71,32,0,32,103
03/25/2012,RDG,PA,AEA,EN,Combined TRACON& Tower with Radar,0,4,36,0,40,0,6,15,0,21,0,10,51,0,61,0,0,0,61
03/26/2012,RDG,PA,AEA,EN,Combined TRACON& Tower with Radar,0,12,16,0,28,0,12,13,0,25,0,24,29,0,53,0,0,0,53
03/27/2012,RDG,PA,AEA,EN,Combined TRACON& Tower with Radar,0,23,58,0,81,0,16,114,11,141,0,39,172,11,222,98,86,184,406
03/28/2012,RDG,PA,AEA,EN,Combined TRACON& Tower with Radar,0,24,47,3,74,0,7,58,1,66,0,31,105,4,140,112,0,112,252
03/29/2012,RDG,PA,AEA,EN,Combined TRACON& Tower with Radar,0,27,55,4,86,0,9,43,4,56,0,36,98,8,142,44,0,44,186
03/30/2012,RDG,PA,AEA,EN,Combined TRACON& Tower with Radar,0,18,108,0,126,0,10,126,0,136,0,28,234,0,262,178,2,180,442
03/31/2012,RDG,PA,AEA,EN,Combined TRACON& Tower with Radar,0,8,43,0,51,0,0,0,0,0,0,8,43,0,51,0,0,0,51
04/01/2012,RDG,PA,AEA,EN,Combined TRACON& Tower with Radar,0,5,45,0,50,0,1,19,1,21,0,6,64,1,71,6,0,6,77
04/02/2012,RDG,PA,AEA,EN,Combined TRACON& Tower with Radar,0,18,26,0,44,0,10,41,0,51,0,28,67,0,95,44,0,44,139
04/03/2012,RDG,PA,AEA,EN,Combined TRACON& Tower with Radar,0,23,68,18,109,0,12,104,7,123,0,35,172,25,232,180,16,196,428
04/04/2012,RDG,PA,AEA,EN,Combined TRACON& Tower with Radar,0,20,48,1,69,0,29,58,1,88,0,49,106,2,157,76,0,76,233
04/05/2012,RDG,PA,AEA,EN,Combined TRACON& Tower with Radar,0,19,74,8,101,0,28,108,2,138,0,47,182,10,239,134,0,134,373
04/06/2012,RDG,PA,AEA,EN,Combined TRACON& Tower with Radar,0,17,52,0,69,0,9,94,0,103,0,26,146,0,172,226,0,226,398
04/07/2012,RDG,PA,AEA,EN,Combined TRACON& Tower with Radar,0,4,6,0,10,0,3,54,0,57,0,7,60,0,67,14,0,14,81
04/08/2012,RDG,PA,AEA,EN,Combined TRACON& Tower with Radar,0,4,15,0,19,0,2,31,0,33,0,6,46,0,52,28,0,28,80
04/09/2012,RDG,PA,AEA,EN,Combined TRACON& Tower with Radar,0,23,29,0,52,0,8,10,0,18,0,31,39,0,70,16,0,16,86
04/10/2012,RDG,PA,AEA,EN,Combined TRACON& Tower with Radar,0,23,23,18,64,0,105,47,43,195,0,128,70,61,259,102,10,112,371
04/11/2012,RDG,PA,AEA,EN,Combined TRACON& Tower with Radar,0,24,24,12,60,0,35,14,12,61,0,59,38,24,121,166,0,166,287
04/12/2012,RDG,PA,AEA,EN,Combined TRACON& Tower with Radar,1,21,54,13,89,0,11,67,10,88,1,32,121,23,177,160,66,226,403
04/13/2012,RDG,PA,AEA,EN,Combined TRACON& Tower with Radar,0,23,60,0,83,0,15,144,3,162,0,38,204,3,245,200,0,200,445
04/14/2012,RDG,PA,AEA,EN,Combined TRACON& Tower with Radar,0,5,64,0,69,0,9,157,4,170,0,14,221,4,239,106,2,108,347
04/15/2012,RDG,PA,AEA,EN,Combined TRACON& Tower with Radar,0,4,40,4,48,0,0,70,0,70,0,4,110,4,118,90,0,90,208
04/16/2012,RDG,PA,AEA,EN,Combined TRACON& Tower with Radar,0,22,24,9,55,0,14,66,10,90,0,36,90,19,145,166,48,214,359
04/17/2012,RDG,PA,AEA,EN,Combined TRACON& Tower with Radar,0,13,56,14,83,0,18,67,26,111,0,31,123,40,194,80,2,82,276
04/18/2012,RDG,PA,AEA,EN,Combined TRACON& Tower with Radar,0,22,66,9,97,0,22,61,7,90,0,44,127,16,187,104,18,122,309
04/19/2012,RDG,PA,AEA,EN,Combined TRACON& Tower with Radar,0,14,50,2,66,0,11,43,2,56,0,25,93,4,122,132,14,146,268
04/20/2012,RDG,PA,AEA,EN,Combined TRACON& Tower with Radar,0,21,45,3,69,0,7,78,3,88,0,28,123,6,157,136,0,136,293
04/21/2012,RDG,PA,AEA,EN,Combined TRACON& Tower with Radar,0,5,45,0,50,0,0,48,0,48,0,5,93,0,98,58,0,58,156
04/22/2012,RDG,PA,AEA,EN,Combined TRACON& Tower with Radar,0,6,14,0,20,0,3,4,0,7,0,9,18,0,27,40,0,40,67
04/23/2012,RDG,PA,AEA,EN,Combined TRACON& Tower with Radar,0,19,38,4,61,0,4,3,0,7,0,23,41,4,68,0,0,0,68
04/24/2012,RDG,PA,AEA,EN,Combined TRACON& Tower with Radar,0,21,46,3,70,0,11,12,3,26,0,32,58,6,96,24,0,24,120
04/25/2012,RDG,PA,AEA,EN,Combined TRACON& Tower with Radar,0,26,50,6,82,0,24,97,3,124,0,50,147,9,206,176,0,176,382
04/26/2012,RDG,PA,AEA,EN,Combined TRACON& Tower with Radar,0,34,48,3,85,0,0,13,0,13,0,34,61,3,98,52,2,54,152
04/27/2012,RDG,PA,AEA,EN,Combined TRACON& Tower with Radar,0,19,31,2,52,0,15,26,7,48,0,34,57,9,100,38,8,46,146
04/28/2012,RDG,PA,AEA,EN,Combined TRACON& Tower with Radar,2,7,61,0,70,0,4,139,0,143,2,11,200,0,213,104,0,104,317
04/29/2012,RDG,PA,AEA,EN,Combined TRACON& Tower with Radar,2,5,41,1,49,0,3,120,0,123,2,8,161,1,172,148,0,148,320
04/30/2012,RDG,PA,AEA,EN,Combined TRACON& Tower with Radar,0,13,57,7,77,0,10,95,1,106,0,23,152,8,183,232,8,240,423
05/01/2012,RDG,PA,AEA,EN,Combined TRACON& Tower with Radar,0,22,66,7,95,0,4,36,2,42,0,26,102,9,137,122,10,132,269
05/02/2012,RDG,PA,AEA,EN,Combined TRACON& Tower with Radar,0,23,64,0,87,0,1,1,0,2,0,24,65,0,89,2,0,2,91
05/03/2012,RDG,PA,AEA,EN,Combined TRACON& Tower with Radar,0,26,92,0,118,0,1,35,0,36,0,27,127,0,154,84,0,84,238
05/04/2012,RDG,PA,AEA,EN,Combined TRACON& Tower with Radar,0,20,56,2,78,0,6,28,2,36,0,26,84,4,114,70,2,72,186
05/05/2012,RDG,PA,AEA,EN,Combined TRACON& Tower with Radar,4,21,59,7,91,0,18,49,0,67,4,39,108,7,158,88,4,92,250
05/06/2012,RDG,PA,AEA,EN,Combined TRACON& Tower with Radar,0,2,101,0,103,0,0,35,0,35,0,2,136,0,138,34,0,34,172
05/07/2012,RDG,PA,AEA,EN,Combined TRACON& Tower with Radar,0,20,32,2,54,0,12,34,0,46,0,32,66,2,100,18,0,18,118
05/08/2012,RDG,PA,AEA,EN,Combined TRACON& Tower with Radar,0,33,39,6,78,0,0,2,0,2,0,33,41,6,80,4,0,4,84
05/09/2012,RDG,PA,AEA,EN,Combined TRACON& Tower with Radar,0,18,28,11,57,0,5,18,14,37,0,23,46,25,94,132,24,156,250
05/10/2012,RDG,PA,AEA,EN,Combined TRACON& Tower with Radar,0,16,63,5,84,0,15,53,7,75,0,31,116,12,159,92,4,96,255
05/11/2012,RDG,PA,AEA,EN,Combined TRACON& Tower with Radar,0,23,69,5,97,0,13,71,2,86,0,36,140,7,183,60,2,62,245
05/12/2012,RDG,PA,AEA,EN,Combined TRACON& Tower with Radar,2,11,61,0,74,0,9,180,1,190,2,20,241,1,264,170,0,170,434
05/13/2012,RDG,PA,AEA,EN,Combined TRACON& Tower with Radar,1,8,60,0,69,0,1,128,0,129,1,9,188,0,198,38,0,38,236
05/14/2012,RDG,PA,AEA,EN,Combined TRACON& Tower with Radar,0,30,43,3,76,0,2,9,0,11,0,32,52,3,87,4,0,4,91
05/15/2012,RDG,PA,AEA,EN,Combined TRACON& Tower with Radar,0,25,21,0,46,0,3,3,5,11,0,28,24,5,57,122,20,142,199
05/16/2012,RDG,PA,AEA,EN,Combined TRACON& Tower with Radar,0,27,70,7,104,1,10,74,0,85,1,37,144,7,189,260,8,268,457
05/17/2012,RDG,PA,AEA,EN,Combined TRACON& Tower with Radar,0,20,127,13,160,0,13,113,7,133,0,33,240,20,293,184,0,184,477
05/18/2012,RDG,PA,AEA,EN,Combined TRACON& Tower with Radar,0,22,60,1,83,0,22,117,2,141,0,44,177,3,224,158,2,160,384
05/19/2012,RDG,PA,AEA,EN,Combined TRACON& Tower with Radar,4,5,44,3,56,0,15,189,8,212,4,20,233,11,268,216,8,224,492
05/20/2012,RDG,PA,AEA,EN,Combined TRACON& Tower with Radar,0,4,55,0,59,0,4,103,0,107,0,8,158,0,166,94,0,94,260
05/21/2012,RDG,PA,AEA,EN,Combined TRACON& Tower with Radar,0,21,34,5,60,0,0,1,0,1,0,21,35,5,61,0,0,0,61
05/22/2012,RDG,PA,AEA,EN,Combined TRACON& Tower with Radar,0,33,49,11,93,0,3,31,4,38,0,36,80,15,131,268,2,270,401
05/23/2012,RDG,PA,AEA,EN,Combined TRACON& Tower with Radar,0,29,58,0,87,0,6,20,0,26,0,35,78,0,113,98,0,98,211
05/24/2012,RDG,PA,AEA,EN,Combined TRACON& Tower with Radar,0,33,95,0,128,0,8,41,0,49,0,41,136,0,177,48,0,48,225
05/25/2012,RDG,PA,AEA,EN,Combined TRACON& Tower with Radar,0,23,89,0,112,0,2,40,4,46,0,25,129,4,158,32,10,42,200
05/26/2012,RDG,PA,AEA,EN,Combined TRACON& Tower with Radar,2,6,34,0,42,0,2,50,0,52,2,8,84,0,94,72,0,72,166
05/27/2012,RDG,PA,AEA,EN,Combined TRACON& Tower with Radar,1,4,37,0,42,0,3,35,0,38,1,7,72,0,80,8,0,8,88
05/28/2012,RDG,PA,AEA,EN,Combined TRACON& Tower with Radar,0,2,24,0,26,0,2,61,0,63,0,4,85,0,89,115,0,115,204
05/29/2012,RDG,PA,AEA,EN,Combined TRACON& Tower with Radar,0,11,53,3,67,0,7,45,0,52,0,18,98,3,119,28,0,28,147
05/30/2012,RDG,PA,AEA,EN,Combined TRACON& Tower with Radar,0,23,51,2,76,0,10,109,9,128,0,33,160,11,204,130,0,130,334
05/31/2012,RDG,PA,AEA,EN,Combined TRACON& Tower with Radar,0,14,131,0,145,0,50,196,3,249,0,64,327,3,394,336,34,370,764
06/01/2012,RDG,PA,AEA,EN,Combined TRACON& Tower with Radar,0,13,49,2,64,0,140,102,2,244,0,153,151,4,308,0,417,417,725
06/02/2012,RDG,PA,AEA,EN,Combined TRACON& Tower with Radar,2,8,44,1,55,0,291,305,77,673,2,299,349,78,728,1264,174,1438,2166
06/03/2012,RDG,PA,AEA,EN,Combined TRACON& Tower with Radar,2,11,39,2,54,0,226,130,93,449,2,237,169,95,503,2,1112,1114,1617
06/04/2012,RDG,PA,AEA,EN,Combined TRACON& Tower with Radar,0,16,29,3,48,0,8,41,2,51,0,24,70,5,99,46,0,46,145
06/05/2012,RDG,PA,AEA,EN,Combined TRACON& Tower with Radar,0,16,65,1,82,0,4,85,8,97,0,20,150,9,179,138,0,138,317
06/06/2012,RDG,PA,AEA,EN,Combined TRACON& Tower with Radar,0,34,83,10,127,0,10,93,3,106,0,44,176,13,233,148,10,158,391
06/07/2012,RDG,PA,AEA,EN,Combined TRACON& Tower with Radar,0,24,72,13,109,0,11,101,25,137,0,35,173,38,246,232,52,284,530
06/08/2012,RDG,PA,AEA,EN,Combined TRACON& Tower with Radar,0,18,83,0,101,0,10,102,2,114,0,28,185,2,215,160,2,162,377
06/09/2012,RDG,PA,AEA,EN,Combined TRACON& Tower with Radar,2,8,81,3,94,0,7,123,8,138,2,15,204,11,232,68,2,70,302
06/10/2012,RDG,PA,AEA,EN,Combined TRACON& Tower with Radar,2,2,48,0,52,0,1,77,0,78,2,3,125,0,130,100,0,100,230
06/11/2012,RDG,PA,AEA,EN,Combined TRACON& Tower with Radar,0,17,58,3,78,0,7,52,1,60,0,24,110,4,138,136,0,136,274
06/12/2012,RDG,PA,AEA,EN,Combined TRACON& Tower with Radar,0,17,27,9,53,0,0,0,0,0,0,17,27,9,53,0,0,0,53
06/13/2012,RDG,PA,AEA,EN,Combined TRACON& Tower with Radar,0,20,70,6,96,0,13,91,10,114,0,33,161,16,210,108,36,144,354
06/14/2012,RDG,PA,AEA,EN,Combined TRACON& Tower with Radar,0,24,62,6,92,0,20,128,5,153,0,44,190,11,245,180,8,188,433
06/15/2012,RDG,PA,AEA,EN,Combined TRACON& Tower with Radar,0,6,43,4,53,0,10,66,8,84,0,16,109,12,137,74,18,92,229
06/16/2012,RDG,PA,AEA,EN,Combined TRACON& Tower with Radar,3,1,35,0,39,0,3,42,1,46,3,4,77,1,85,104,0,104,189
06/17/2012,RDG,PA,AEA,EN,Combined TRACON& Tower with Radar,0,1,34,0,35,0,1,59,1,61,0,2,93,1,96,94,0,94,190
06/18/2012,RDG,PA,AEA,EN,Combined TRACON& Tower with Radar,0,5,24,0,29,0,0,17,0,17,0,5,41,0,46,174,0,174,220
06/19/2012,RDG,PA,AEA,EN,Combined TRACON& Tower with Radar,0,18,26,0,44,0,1,8,1,10,0,19,34,1,54,98,0,98,152
06/20/2012,RDG,PA,AEA,EN,Combined TRACON& Tower with Radar,0,14,29,0,43,0,7,45,0,52,0,21,74,0,95,54,2,56,151
06/21/2012,RDG,PA,AEA,EN,Combined TRACON& Tower with Radar,0,8,31,10,49,0,9,38,4,51,0,17,69,14,100,98,22,120,220
06/22/2012,RDG,PA,AEA,EN,Combined TRACON& Tower with Radar,0,8,25,0,33,0,2,26,0,28,0,10,51,0,61,40,0,40,101
06/23/2012,RDG,PA,AEA,EN,Combined TRACON& Tower with Radar,0,3,25,0,28,0,4,68,0,72,0,7,93,0,100,118,0,118,218
06/24/2012,RDG,PA,AEA,EN,Combined TRACON& Tower with Radar,0,2,26,0,28,0,1,35,0,36,0,3,61,0,64,210,0,210,274
06/25/2012,RDG,PA,AEA,EN,Combined TRACON& Tower with Radar,0,8,26,1,35,0,3,5,0,8,0,11,31,1,43,66,10,76,119
06/26/2012,RDG,PA,AEA,EN,Combined TRACON& Tower with Radar,0,5,26,6,37,0,4,26,9,39,0,9,52,15,76,126,8,134,210
06/27/2012,RDG,PA,AEA,EN,Combined TRACON& Tower with Radar,0,8,24,2,34,0,10,38,3,51,0,18,62,5,85,22,24,46,131
06/28/2012,RDG,PA,AEA,EN,Combined TRACON& Tower with Radar,0,12,35,9,56,0,10,66,6,82,0,22,101,15,138,158,18,176,314
06/29/2012,RDG,PA,AEA,EN,Combined TRACON& Tower with Radar,0,12,33,4,49,0,5,42,2,49,0,17,75,6,98,58,8,66,164
06/30/2012,RDG,PA,AEA,EN,Combined TRACON& Tower with Radar,0,1,11,0,12,0,8,57,1,66,0,9,68,1,78,80,0,80,158
07/01/2012,RDG,PA,AEA,EN,Combined TRACON& Tower with Radar,0,2,10,0,12,0,8,60,1,69,0,10,70,1,81,108,24,132,213
07/02/2012,RDG,PA,AEA,EN,Combined TRACON& Tower with Radar,0,4,11,0,15,0,8,54,0,62,0,12,65,0,77,162,0,162,239
07/03/2012,RDG,PA,AEA,EN,Combined TRACON& Tower with Radar,0,8,13,0,21,0,7,49,2,58,0,15,62,2,79,108,4,112,191
07/04/2012,RDG,PA,AEA,EN,Combined TRACON& Tower with Radar,0,4,3,0,7,0,0,12,0,12,0,4,15,0,19,28,0,28,47
07/05/2012,RDG,PA,AEA,EN,Combined TRACON& Tower with Radar,0,4,15,2,21,0,6,37,0,43,0,10,52,2,64,42,0,42,106
07/06/2012,RDG,PA,AEA,EN,Combined TRACON& Tower with Radar,0,7,13,7,27,0,7,55,1,63,0,14,68,8,90,146,2,148,238
07/07/2012,RDG,PA,AEA,EN,Combined TRACON& Tower with Radar,0,2,10,0,12,0,4,47,0,51,0,6,57,0,63,64,0,64,127
07/08/2012,RDG,PA,AEA,EN,Combined TRACON& Tower with Radar,0,2,22,0,24,0,2,55,0,57,0,4,77,0,81,236,0,236,317
07/09/2012,RDG,PA,AEA,EN,Combined TRACON& Tower with Radar,0,10,30,0,40,0,5,57,1,63,0,15,87,1,103,190,0,190,293
07/10/2012,RDG,PA,AEA,EN,Combined TRACON& Tower with Radar,0,11,30,0,41,0,13,58,6,77,0,24,88,6,118,334,22,356,474
07/11/2012,RDG,PA,AEA,EN,Combined TRACON& Tower with Radar,0,15,29,1,45,0,7,45,3,55,0,22,74,4,100,110,8,118,218
07/12/2012,RDG,PA,AEA,EN,Combined TRACON& Tower with Radar,0,14,34,1,49,0,26,53,2,81,0,40,87,3,130,152,2,154,284
07/13/2012,RDG,PA,AEA,EN,Combined TRACON& Tower with Radar,0,7,14,0,21,0,8,53,3,64,0,15,67,3,85,208,16,224,309
07/14/2012,RDG,PA,AEA,EN,Combined TRACON& Tower with Radar,0,3,19,0,22,0,34,52,0,86,0,37,71,0,108,202,0,202,310
07/15/2012,RDG,PA,AEA,EN,Combined TRACON& Tower with Radar,0,0,18,1,19,0,6,12,1,19,0,6,30,2,38,34,0,34,72
07/16/2012,RDG,PA,AEA,EN,Combined TRACON& Tower with Radar,0,8,18,0,26,0,6,33,12,51,0,14,51,12,77,50,0,50,127
07/17/2012,RDG,PA,AEA,EN,Combined TRACON& Tower with Radar,0,7,15,3,25,0,22,33,6,61,0,29,48,9,86,106,8,114,200
07/18/2012,RDG,PA,AEA,EN,Combined TRACON& Tower with Radar,0,11,17,3,31,0,3,12,1,16,0,14,29,4,47,24,2,26,73
07/19/2012,RDG,PA,AEA,EN,Combined TRACON& Tower with Radar,0,9,17,1,27,0,4,31,2,37,0,13,48,3,64,108,0,108,172
07/20/2012,RDG,PA,AEA,EN,Combined TRACON& Tower with Radar,0,6,28,0,34,0,1,0,0,1,0,7,28,0,35,14,0,14,49
07/21/2012,RDG,PA,AEA,EN,Combined TRACON& Tower with Radar,0,2,19,0,21,0,2,42,0,44,0,4,61,0,65,128,0,128,193
07/22/2012,RDG,PA,AEA,EN,Combined TRACON& Tower with Radar,0,1,30,0,31,0,3,41,0,44,0,4,71,0,75,168,0,168,243
07/23/2012,RDG,PA,AEA,EN,Combined TRACON& Tower with Radar,0,10,27,2,39,0,12,30,0,42,0,22,57,2,81,64,2,66,147
07/24/2012,RDG,PA,AEA,EN,Combined TRACON& Tower with Radar,0,11,36,2,49,0,8,30,2,40,0,19,66,4,89,84,2,86,175
07/25/2012,RDG,PA,AEA,EN,Combined TRACON& Tower with Radar,0,9,33,3,45,0,8,91,0,99,0,17,124,3,144,206,0,206,350
07/26/2012,RDG,PA,AEA,EN,Combined TRACON& Tower with Radar,0,14,24,0,38,0,19,29,1,49,0,33,53,1,87,150,0,150,237
07/27/2012,RDG,PA,AEA,EN,Combined TRACON& Tower with Radar,0,13,27,2,42,0,5,25,2,32,0,18,52,4,74,168,0,168,242
07/28/2012,RDG,PA,AEA,EN,Combined TRACON& Tower with Radar,0,4,18,0,22,0,2,28,2,32,0,6,46,2,54,216,0,216,270
07/29/2012,RDG,PA,AEA,EN,Combined TRACON& Tower with Radar,0,1,15,0,16,0,7,20,0,27,0,8,35,0,43,72,0,72,115
07/30/2012,RDG,PA,AEA,EN,Combined TRACON& Tower with Radar,0,7,47,0,54,0,4,16,0,20,0,11,63,0,74,210,0,210,284
07/31/2012,RDG,PA,AEA,EN,Combined TRACON& Tower with Radar,0,11,26,0,37,0,9,10,0,19,0,20,36,0,56,194,0,194,250
08/01/2012,RDG,PA,AEA,EN,Combined TRACON& Tower with Radar,0,16,31,0,47,0,8,24,0,32,0,24,55,0,79,82,0,82,161
08/02/2012,RDG,PA,AEA,EN,Combined TRACON& Tower with Radar,0,13,37,2,52,0,8,35,0,43,0,21,72,2,95,196,10,206,301
08/03/2012,RDG,PA,AEA,EN,Combined TRACON& Tower with Radar,0,9,24,0,33,0,4,45,0,49,0,13,69,0,82,182,0,182,264
08/04/2012,RDG,PA,AEA,EN,Combined TRACON& Tower with Radar,0,2,20,0,22,0,6,19,0,25,0,8,39,0,47,184,0,184,231
08/05/2012,RDG,PA,AEA,EN,Combined TRACON& Tower with Radar,0,1,16,2,19,0,4,25,0,29,0,5,41,2,48,36,0,36,84
08/06/2012,RDG,PA,AEA,EN,Combined TRACON& Tower with Radar,0,5,34,0,39,0,10,32,2,44,0,15,66,2,83,126,6,132,215
08/07/2012,RDG,PA,AEA,EN,Combined TRACON& Tower with Radar,0,8,31,0,39,0,12,60,0,72,0,20,91,0,111,188,0,188,299
08/08/2012,RDG,PA,AEA,EN,Combined TRACON& Tower with Radar,0,7,25,0,32,0,8,42,5,55,0,15,67,5,87,224,2,226,313
08/09/2012,RDG,PA,AEA,EN,Combined TRACON& Tower with Radar,0,8,22,0,30,0,12,29,1,42,0,20,51,1,72,162,0,162,234
08/10/2012,RDG,PA,AEA,EN,Combined TRACON& Tower with Radar,0,14,28,2,44,0,1,1,0,2,0,15,29,2,46,2,0,2,48
08/11/2012,RDG,PA,AEA,EN,Combined TRACON& Tower with Radar,0,3,14,0,17,0,39,36,0,75,0,42,50,0,92,80,0,80,172
08/12/2012,RDG,PA,AEA,EN,Combined TRACON& Tower with Radar,0,1,0,0,1,0,0,0,0,0,0,1,0,0,1,0,0,0,1
08/13/2012,RDG,PA,AEA,EN,Combined TRACON& Tower with Radar,0,9,29,6,44,0,1,59,0,60,0,10,88,6,104,120,12,132,236
08/14/2012,RDG,PA,AEA,EN,Combined TRACON& Tower with Radar,0,10,33,0,43,0,1,9,1,11,0,11,42,1,54,64,0,64,118
08/15/2012,RDG,PA,AEA,EN,Combined TRACON& Tower with Radar,1,13,29,8,51,0,12,28,5,45,1,25,57,13,96,206,0,206,302
08/16/2012,RDG,PA,AEA,EN,Combined TRACON& Tower with Radar,0,8,29,4,41,0,19,74,6,99,0,27,103,10,140,234,46,280,420
08/17/2012,RDG,PA,AEA,EN,Combined TRACON& Tower with Radar,0,19,36,8,63,0,4,49,5,58,0,23,85,13,121,110,40,150,271
08/18/2012,RDG,PA,AEA,EN,Combined TRACON& Tower with Radar,2,7,13,0,22,0,0,45,0,45,2,7,58,0,67,116,0,116,183
08/19/2012,RDG,PA,AEA,EN,Combined TRACON& Tower with Radar,0,5,17,0,22,0,2,70,0,72,0,7,87,0,94,105,0,105,199
08/20/2012,RDG,PA,AEA,EN,Combined TRACON& Tower with Radar,0,9,29,0,38,0,7,19,5,31,0,16,48,5,69,112,0,112,181
08/21/2012,RDG,PA,AEA,EN,Combined TRACON& Tower with Radar,0,7,31,4,42,0,8,56,2,66,0,15,87,6,108,118,58,176,284
08/22/2012,RDG,PA,AEA,EN,Combined TRACON& Tower with Radar,0,8,49,2,59,0,3,77,13,93,0,11,126,15,152,186,24,210,362
08/23/2012,RDG,PA,AEA,EN,Combined TRACON& Tower with Radar,0,8,24,1,33,0,9,76,10,95,0,17,100,11,128,153,0,153,281
08/24/2012,RDG,PA,AEA,EN,Combined TRACON& Tower with Radar,0,6,30,3,39,0,9,53,4,66,0,15,83,7,105,70,0,70,175
08/25/2012,RDG,PA,AEA,EN,Combined TRACON& Tower with Radar,0,4,33,0,37,0,1,46,0,47,0,5,79,0,84,86,0,86,170
08/26/2012,RDG,PA,AEA,EN,Combined TRACON& Tower with Radar,0,0,18,0,18,0,9,37,0,46,0,9,55,0,64,58,0,58,122
08/27/2012,RDG,PA,AEA,EN,Combined TRACON& Tower with Radar,0,5,32,0,37,0,5,32,0,37,0,10,64,0,74,26,0,26,100
08/28/2012,RDG,PA,AEA,EN,Combined TRACON& Tower with Radar,0,9,30,0,39,0,12,32,0,44,0,21,62,0,83,54,0,54,137
08/29/2012,RDG,PA,AEA,EN,Combined TRACON& Tower with Radar,0,9,23,0,32,0,3,69,0,72,0,12,92,0,104,260,0,260,364
08/30/2012,RDG,PA,AEA,EN,Combined TRACON& Tower with Radar,0,16,24,3,43,0,14,93,6,113,0,30,117,9,156,274,8,282,438
08/31/2012,RDG,PA,AEA,EN,Combined TRACON& Tower with Radar,0,14,24,0,38,0,8,58,0,66,0,22,82,0,104,126,14,140,244
09/01/2012,RDG,PA,AEA,EN,Combined TRACON& Tower with Radar,0,4,28,0,32,0,6,67,0,73,0,10,95,0,105,70,10,80,185
09/02/2012,RDG,PA,AEA,EN,Combined TRACON& Tower with Radar,0,3,18,0,21,0,0,6,0,6,0,3,24,0,27,10,0,10,37
09/03/2012,RDG,PA,AEA,EN,Combined TRACON& Tower with Radar,0,0,16,0,16,0,0,6,0,6,0,0,22,0,22,6,0,6,28
09/04/2012,RDG,PA,AEA,EN,Combined TRACON& Tower with Radar,0,11,20,0,31,0,2,2,0,4,0,13,22,0,35,0,0,0,35
09/05/2012,RDG,PA,AEA,EN,Combined TRACON& Tower with Radar,0,10,21,6,37,0,7,19,1,27,0,17,40,7,64,114,4,118,182
09/06/2012,RDG,PA,AEA,EN,Combined TRACON& Tower with Radar,0,9,33,0,42,0,5,41,0,46,0,14,74,0,88,196,0,196,284
09/07/2012,RDG,PA,AEA,EN,Combined TRACON& Tower with Radar,0,10,19,5,34,0,3,25,1,29,0,13,44,6,63,124,24,148,211
09/08/2012,RDG,PA,AEA,EN,Combined TRACON& Tower with Radar,0,5,4,1,10,0,0,7,0,7,0,5,11,1,17,6,0,6,23
09/09/2012,RDG,PA,AEA,EN,Combined TRACON& Tower with Radar,0,2,19,0,21,0,1,58,0,59,0,3,77,0,80,128,0,128,208
09/10/2012,RDG,PA,AEA,EN,Combined TRACON& Tower with Radar,0,9,9,1,19,0,7,32,1,40,0,16,41,2,59,26,0,26,85
09/11/2012,RDG,PA,AEA,EN,Combined TRACON& Tower with Radar,0,8,25,1,34,0,7,58,2,67,0,15,83,3,101,70,2,72,173
09/12/2012,RDG,PA,AEA,EN,Combined TRACON& Tower with Radar,0,8,11,0,19,0,8,61,0,69,0,16,72,0,88,108,0,108,196
09/13/2012,RDG,PA,AEA,EN,Combined TRACON& Tower with Radar,0,13,55,0,68,0,9,79,0,88,0,22,134,0,156,174,8,182,338
09/14/2012,RDG,PA,AEA,EN,Combined TRACON& Tower with Radar,0,7,16,4,27,0,9,32,2,43,0,16,48,6,70,116,2,118,188
09/15/2012,RDG,PA,AEA,EN,Combined TRACON& Tower with Radar,0,4,20,0,24,0,5,46,1,52,0,9,66,1,76,106,0,106,182
09/16/2012,RDG,PA,AEA,EN,Combined TRACON& Tower with Radar,0,4,13,0,17,0,4,71,0,75,0,8,84,0,92,80,0,80,172
09/17/2012,RDG,PA,AEA,EN,Combined TRACON& Tower with Radar,0,11,26,1,38,0,5,53,1,59,0,16,79,2,97,142,0,142,239
09/18/2012,RDG,PA,AEA,EN,Combined TRACON& Tower with Radar,0,15,10,0,25,0,2,0,0,2,0,17,10,0,27,0,0,0,27
09/19/2012,RDG,PA,AEA,EN,Combined TRACON& Tower with Radar,0,16,35,0,51,0,27,59,14,100,0,43,94,14,151,156,28,184,335
09/20/2012,RDG,PA,AEA,EN,Combined TRACON& Tower with Radar,0,13,34,0,47,0,4,42,3,49,0,17,76,3,96,190,36,226,322
09/21/2012,RDG,PA,AEA,EN,Combined TRACON& Tower with Radar,0,10,42,0,52,0,2,47,1,50,0,12,89,1,102,114,0,114,216
09/22/2012,RDG,PA,AEA,EN,Combined TRACON& Tower with Radar,1,3,16,0,20,0,5,40,0,45,1,8,56,0,65,30,0,30,95
09/23/2012,RDG,PA,AEA,EN,Combined TRACON& Tower with Radar,1,2,22,0,25,0,1,50,0,51,1,3,72,0,76,109,0,109,185
09/24/2012,RDG,PA,AEA,EN,Combined TRACON& Tower with Radar,0,3,23,0,26,0,12,51,0,63,0,15,74,0,89,142,0,142,231
09/25/2012,RDG,PA,AEA,EN,Combined TRACON& Tower with Radar,0,13,31,0,44,0,4,45,1,50,0,17,76,1,94,186,0,186,280
09/26/2012,RDG,PA,AEA,EN,Combined TRACON& Tower with Radar,0,8,21,3,32,0,3,20,0,23,0,11,41,3,55,88,8,96,151
09/27/2012,RDG,PA,AEA,EN,Combined TRACON& Tower with Radar,0,5,43,3,51,0,3,10,1,14,0,8,53,4,65,99,40,139,204
09/28/2012,RDG,PA,AEA,EN,Combined TRACON& Tower with Radar,0,8,26,2,36,0,2,14,1,17,0,10,40,3,53,93,0,93,146
09/29/2012,RDG,PA,AEA,EN,Combined TRACON& Tower with Radar,1,2,16,0,19,0,8,20,0,28,1,10,36,0,47,66,0,66,113
09/30/2012,RDG,PA,AEA,EN,Combined TRACON& Tower with Radar,1,3,21,0,25,0,0,61,0,61,1,3,82,0,86,206,0,206,292
10/01/2012,RDG,PA,AEA,EN,Combined TRACON& Tower with Radar,0,6,33,0,39,0,4,59,0,63,0,10,92,0,102,166,14,180,282
10/02/2012,RDG,PA,AEA,EN,Combined TRACON& Tower with Radar,0,12,19,0,31,0,0,0,0,0,0,12,19,0,31,0,0,0,31
10/03/2012,RDG,PA,AEA,EN,Combined TRACON& Tower with Radar,0,13,25,0,38,0,0,0,0,0,0,13,25,0,38,0,0,0,38
10/04/2012,RDG,PA,AEA,EN,Combined TRACON& Tower with Radar,0,15,41,1,57,0,3,7,0,10,0,18,48,1,67,68,0,68,135
10/05/2012,RDG,PA,AEA,EN,Combined TRACON& Tower with Radar,0,9,38,0,47,0,4,81,0,85,0,13,119,0,132,162,2,164,296
10/06/2012,RDG,PA,AEA,EN,Combined TRACON& Tower with Radar,2,8,15,4,29,0,10,31,0,41,2,18,46,4,70,102,0,102,172
10/07/2012,RDG,PA,AEA,EN,Combined TRACON& Tower with Radar,0,3,39,0,42,0,2,25,0,27,0,5,64,0,69,54,0,54,123
10/08/2012,RDG,PA,AEA,EN,Combined TRACON& Tower with Radar,0,10,45,0,55,0,5,32,0,37,0,15,77,0,92,172,0,172,264
10/09/2012,RDG,PA,AEA,EN,Combined TRACON& Tower with Radar,0,11,20,1,32,0,0,10,0,10,0,11,30,1,42,70,0,70,112
10/10/2012,RDG,PA,AEA,EN,Combined TRACON& Tower with Radar,0,11,10,3,24,0,1,19,0,20,0,12,29,3,44,16,2,18,62
10/11/2012,RDG,PA,AEA,EN,Combined TRACON& Tower with Radar,0,11,16,3,30,0,3,38,0,41,0,14,54,3,71,102,0,102,173
10/12/2012,RDG,PA,AEA,EN,Combined TRACON& Tower with Radar,0,5,24,6,35,0,6,30,0,36,0,11,54,6,71,26,34,60,131
10/13/2012,RDG,PA,AEA,EN,Combined TRACON& Tower with Radar,0,4,24,0,28,0,6,81,1,88,0,10,105,1,116,166,0,166,282
10/14/2012,RDG,PA,AEA,EN,Combined TRACON& Tower with Radar,0,2,8,0,10,0,0,16,0,16,0,2,24,0,26,56,0,56,82
10/15/2012,RDG,PA,AEA,EN,Combined TRACON& Tower with Radar,0,9,23,2,34,0,2,6,0,8,0,11,29,2,42,24,0,24,66
10/16/2012,RDG,PA,AEA,EN,Combined TRACON& Tower with Radar,0,11,27,2,40,0,0,29,1,30,0,11,56,3,70,110,2,112,182
10/17/2012,RDG,PA,AEA,EN,Combined TRACON& Tower with Radar,0,9,27,3,39,0,6,47,4,57,0,15,74,7,96,180,4,184,280
10/18/2012,RDG,PA,AEA,EN,Combined TRACON& Tower with Radar,0,13,27,5,45,0,9,30,2,41,0,22,57,7,86,142,16,158,244
10/19/2012,RDG,PA,AEA,EN,Combined TRACON& Tower with Radar,0,12,25,0,37,0,4,5,0,9,0,16,30,0,46,12,0,12,58
10/20/2012,RDG,PA,AEA,EN,Combined TRACON& Tower with Radar,1,7,25,0,33,0,7,50,0,57,1,14,75,0,90,30,0,30,120
10/21/2012,RDG,PA,AEA,EN,Combined TRACON& Tower with Radar,0,3,24,0,27,0,5,55,0,60,0,8,79,0,87,200,0,200,287
10/22/2012,RDG,PA,AEA,EN,Combined TRACON& Tower with Radar,0,6,19,0,25,0,5,57,1,63,0,11,76,1,88,306,0,306,394
10/23/2012,RDG,PA,AEA,EN,Combined TRACON& Tower with Radar,0,8,37,0,45,0,7,48,0,55,0,15,85,0,100,188,6,194,294
10/24/2012,RDG,PA,AEA,EN,Combined TRACON& Tower with Radar,0,10,23,0,33,0,8,44,7,59,0,18,67,7,92,253,10,263,355
10/25/2012,RDG,PA,AEA,EN,Combined TRACON& Tower with Radar,0,13,30,1,44,0,0,0,0,0,0,13,30,1,44,0,2,2,46
10/26/2012,RDG,PA,AEA,EN,Combined TRACON& Tower with Radar,0,8,24,0,32,0,5,23,0,28,0,13,47,0,60,128,4,132,192
10/27/2012,RDG,PA,AEA,EN,Combined TRACON& Tower with Radar,0,9,27,2,38,0,3,15,1,19,0,12,42,3,57,98,2,100,157
10/28/2012,RDG,PA,AEA,EN,Combined TRACON& Tower with Radar,1,7,11,0,19,0,3,5,0,8,1,10,16,0,27,14,0,14,41
10/29/2012,RDG,PA,AEA,EN,Combined TRACON& Tower with Radar,0,2,0,0,2,0,0,0,0,0,0,2,0,0,2,0,0,0,2
10/30/2012,RDG,PA,AEA,EN,Combined TRACON& Tower with Radar,0,6,3,0,9,0,0,1,0,1,0,6,4,0,10,0,0,0,10
10/31/2012,RDG,PA,AEA,EN,Combined TRACON& Tower with Radar,0,7,7,1,15,0,17,36,0,53,0,24,43,1,68,0,0,0,68
11/01/2012,RDG,PA,AEA,EN,Combined TRACON& Tower with Radar,0,17,23,0,40,0,8,14,1,23,0,25,37,1,63,28,0,28,91
11/02/2012,RDG,PA,AEA,EN,Combined TRACON& Tower with Radar,0,17,13,0,30,0,1,17,0,18,0,18,30,0,48,18,0,18,66
11/03/2012,RDG,PA,AEA,EN,Combined TRACON& Tower with Radar,0,4,5,0,9,0,2,28,2,32,0,6,33,2,41,98,2,100,141
11/04/2012,RDG,PA,AEA,EN,Combined TRACON& Tower with Radar,0,7,33,0,40,0,5,41,3,49,0,12,74,3,89,212,0,212,301
11/05/2012,RDG,PA,AEA,EN,Combined TRACON& Tower with Radar,0,10,16,0,26,0,9,73,4,86,0,19,89,4,112,210,34,244,356
11/06/2012,RDG,PA,AEA,EN,Combined TRACON& Tower with Radar,0,11,26,6,43,0,3,41,3,47,0,14,67,9,90,120,0,120,210
11/07/2012,RDG,PA,AEA,EN,Combined TRACON& Tower with Radar,0,9,9,3,21,0,4,12,1,17,0,13,21,4,38,34,0,34,72
11/08/2012,RDG,PA,AEA,EN,Combined TRACON& Tower with Radar,0,13,31,1,45,0,7,14,0,21,0,20,45,1,66,26,0,26,92
11/09/2012,RDG,PA,AEA,EN,Combined TRACON& Tower with Radar,0,9,37,0,46,0,2,33,0,35,0,11,70,0,81,128,0,128,209
11/10/2012,RDG,PA,AEA,EN,Combined TRACON& Tower with Radar,1,8,28,0,37,0,4,96,0,100,1,12,124,0,137,98,0,98,235
11/11/2012,RDG,PA,AEA,EN,Combined TRACON& Tower with Radar,1,1,60,0,62,0,0,90,2,92,1,1,150,2,154,230,0,230,384
11/12/2012,RDG,PA,AEA,EN,Combined TRACON& Tower with Radar,0,7,33,0,40,0,5,27,0,32,0,12,60,0,72,150,0,150,222
11/13/2012,RDG,PA,AEA,EN,Combined TRACON& Tower with Radar,0,10,18,2,30,0,14,30,4,48,0,24,48,6,78,82,0,82,160
11/14/2012,RDG,PA,AEA,EN,Combined TRACON& Tower with Radar,0,7,31,4,42,0,3,55,0,58,0,10,86,4,100,114,0,114,214
11/15/2012,RDG,PA,AEA,EN,Combined TRACON& Tower with Radar,0,8,33,0,41,0,8,60,0,68,0,16,93,0,109,104,2,106,215
11/16/2012,RDG,PA,AEA,EN,Combined TRACON& Tower with Radar,0,6,23,2,31,0,9,57,4,70,0,15,80,6,101,96,0,96,197
11/17/2012,RDG,PA,AEA,EN,Combined TRACON& Tower with Radar,2,2,29,0,33,0,5,62,1,68,2,7,91,1,101,68,0,68,169
11/18/2012,RDG,PA,AEA,EN,Combined TRACON& Tower with Radar,0,3,23,0,26,0,3,61,0,64,0,6,84,0,90,141,0,141,231
11/19/2012,RDG,PA,AEA,EN,Combined TRACON& Tower with Radar,0,7,29,2,38,0,3,35,0,38,0,10,64,2,76,124,0,124,200
11/20/2012,RDG,PA,AEA,EN,Combined TRACON& Tower with Radar,0,8,40,7,55,0,4,42,2,48,0,12,82,9,103,174,0,174,277
11/21/2012,RDG,PA,AEA,EN,Combined TRACON& Tower with Radar,0,7,41,8,56,0,5,50,1,56,0,12,91,9,112,78,6,84,196
11/22/2012,RDG,PA,AEA,EN,Combined TRACON& Tower with Radar,0,0,8,0,8,0,14,22,0,36,0,14,30,0,44,0,0,0,44
11/23/2012,RDG,PA,AEA,EN,Combined TRACON& Tower with Radar,1,8,13,0,22,0,3,52,0,55,1,11,65,0,77,98,0,98,175
11/24/2012,RDG,PA,AEA,EN,Combined TRACON& Tower with Radar,0,8,6,0,14,0,3,9,0,12,0,11,15,0,26,0,0,0,26
11/25/2012,RDG,PA,AEA,EN,Combined TRACON& Tower with Radar,0,0,13,0,13,0,0,24,0,24,0,0,37,0,37,90,0,90,127
11/26/2012,RDG,PA,AEA,EN,Combined TRACON& Tower with Radar,0,5,28,0,33,0,7,36,1,44,0,12,64,1,77,88,8,96,173
11/27/2012,RDG,PA,AEA,EN,Combined TRACON& Tower with Radar,2,10,14,0,26,0,0,0,3,3,2,10,14,3,29,0,0,0,29
11/28/2012,RDG,PA,AEA,EN,Combined TRACON& Tower with Radar,0,5,22,11,38,0,4,30,2,36,0,9,52,13,74,42,2,44,118
11/29/2012,RDG,PA,AEA,EN,Combined TRACON& Tower with Radar,0,4,32,0,36,0,5,48,0,53,0,9,80,0,89,106,0,106,195
11/30/2012,RDG,PA,AEA,EN,Combined TRACON& Tower with Radar,0,10,22,3,35,0,10,30,2,42,0,20,52,5,77,98,10,108,185
12/01/2012,RDG,PA,AEA,EN,Combined TRACON& Tower with Radar,0,4,18,0,22,0,0,0,0,0,0,4,18,0,22,2,0,2,24
12/02/2012,RDG,PA,AEA,EN,Combined TRACON& Tower with Radar,0,0,16,0,16,0,0,5,0,5,0,0,21,0,21,38,0,38,59
12/03/2012,RDG,PA,AEA,EN,Combined TRACON& Tower with Radar,0,10,17,0,27,0,3,12,0,15,0,13,29,0,42,50,0,50,92
12/04/2012,RDG,PA,AEA,EN,Combined TRACON& Tower with Radar,0,10,29,0,39,0,5,37,0,42,0,15,66,0,81,120,0,120,201
12/05/2012,RDG,PA,AEA,EN,Combined TRACON& Tower with Radar,0,6,15,2,23,0,12,20,0,32,0,18,35,2,55,0,0,0,55
12/06/2012,RDG,PA,AEA,EN,Combined TRACON& Tower with Radar,0,9,28,0,37,0,10,51,0,61,0,19,79,0,98,72,0,72,170
12/07/2012,RDG,PA,AEA,EN,Combined TRACON& Tower with Radar,0,12,3,4,19,0,0,0,0,0,0,12,3,4,19,0,0,0,19
12/08/2012,RDG,PA,AEA,EN,Combined TRACON& Tower with Radar,0,4,8,0,12,0,0,0,0,0,0,4,8,0,12,0,0,0,12
12/09/2012,RDG,PA,AEA,EN,Combined TRACON& Tower with Radar,0,0,16,2,18,0,0,0,0,0,0,0,16,2,18,0,0,0,18
12/10/2012,RDG,PA,AEA,EN,Combined TRACON& Tower with Radar,0,5,3,0,8,0,0,0,0,0,0,5,3,0,8,0,0,0,8
12/11/2012,RDG,PA,AEA,EN,Combined TRACON& Tower with Radar,0,14,28,6,48,0,5,20,4,29,0,19,48,10,77,70,20,90,167
12/12/2012,RDG,PA,AEA,EN,Combined TRACON& Tower with Radar,0,9,19,4,32,0,3,41,1,45,0,12,60,5,77,122,8,130,207
12/13/2012,RDG,PA,AEA,EN,Combined TRACON& Tower with Radar,0,6,30,3,39,0,5,54,5,64,0,11,84,8,103,136,0,136,239
12/14/2012,RDG,PA,AEA,EN,Combined TRACON& Tower with Radar,0,7,21,0,28,0,23,60,0,83,0,30,81,0,111,82,0,82,193
12/15/2012,RDG,PA,AEA,EN,Combined TRACON& Tower with Radar,0,6,47,0,53,0,3,115,0,118,0,9,162,0,171,100,0,100,271
12/16/2012,RDG,PA,AEA,EN,Combined TRACON& Tower with Radar,0,4,10,0,14,0,1,4,0,5,0,5,14,0,19,18,0,18,37
12/17/2012,RDG,PA,AEA,EN,Combined TRACON& Tower with Radar,0,17,27,0,44,0,0,0,0,0,0,17,27,0,44,0,0,0,44
12/18/2012,RDG,PA,AEA,EN,Combined TRACON& Tower with Radar,0,18,24,3,45,0,9,1,2,12,0,27,25,5,57,10,0,10,67
12/19/2012,RDG,PA,AEA,EN,Combined TRACON& Tower with Radar,0,10,31,0,41,0,8,26,0,34,0,18,57,0,75,44,0,44,119
12/20/2012,RDG,PA,AEA,EN,Combined TRACON& Tower with Radar,0,10,28,3,41,0,4,42,2,48,0,14,70,5,89,108,0,108,197
12/21/2012,RDG,PA,AEA,EN,Combined TRACON& Tower with Radar,0,8,9,0,17,0,3,7,4,14,0,11,16,4,31,14,0,14,45
12/22/2012,RDG,PA,AEA,EN,Combined TRACON& Tower with Radar,0,3,4,0,7,0,0,2,0,2,0,3,6,0,9,0,0,0,9
12/23/2012,RDG,PA,AEA,EN,Combined TRACON& Tower with Radar,0,0,21,0,21,0,3,51,0,54,0,3,72,0,75,90,0,90,165
12/24/2012,RDG,PA,AEA,EN,Combined TRACON& Tower with Radar,0,6,13,0,19,0,1,28,0,29,0,7,41,0,48,76,0,76,124
12/25/2012,RDG,PA,AEA,EN,Combined TRACON& Tower with Radar,0,1,0,0,1,0,3,1,0,4,0,4,1,0,5,0,0,0,5
12/26/2012,RDG,PA,AEA,EN,Combined TRACON& Tower with Radar,0,9,16,0,25,0,4,8,0,12,0,13,24,0,37,0,0,0,37
12/27/2012,RDG,PA,AEA,EN,Combined TRACON& Tower with Radar,0,7,11,0,18,0,4,0,0,4,0,11,11,0,22,0,0,0,22
12/28/2012,RDG,PA,AEA,EN,Combined TRACON& Tower with Radar,0,7,7,0,14,0,3,18,0,21,0,10,25,0,35,156,0,156,191
12/29/2012,RDG,PA,AEA,EN,Combined TRACON& Tower with Radar,0,4,1,0,5,0,0,0,0,0,0,4,1,0,5,0,0,0,5
12/30/2012,RDG,PA,AEA,EN,Combined TRACON& Tower with Radar,0,4,3,0,7,0,2,2,0,4,0,6,5,0,11,0,0,0,11
12/31/2012,RDG,PA,AEA,EN,Combined TRACON& Tower with Radar,0,4,6,0,10,0,3,22,0,25,0,7,28,0,35,82,0,82,117
01/01/2013,RDG,PA,AEA,EN,Combined TRACON& Tower with Radar,0,3,12,0,15,0,1,10,0,11,0,4,22,0,26,14,0,14,40
01/02/2013,RDG,PA,AEA,EN,Combined TRACON& Tower with Radar,0,7,23,0,30,0,3,36,0,39,0,10,59,0,69,34,0,34,103
01/03/2013,RDG,PA,AEA,EN,Combined TRACON& Tower with Radar,0,12,30,0,42,0,9,40,0,49,0,21,70,0,91,70,2,72,163
01/04/2013,RDG,PA,AEA,EN,Combined TRACON& Tower with Radar,0,8,13,0,21,0,5,20,0,25,0,13,33,0,46,46,0,46,92
01/05/2013,RDG,PA,AEA,EN,Combined TRACON& Tower with Radar,0,4,21,0,25,0,0,24,0,24,0,4,45,0,49,42,0,42,91
01/06/2013,RDG,PA,AEA,EN,Combined TRACON& Tower with Radar,0,1,16,0,17,0,1,35,0,36,0,2,51,0,53,98,0,98,151
01/07/2013,RDG,PA,AEA,EN,Combined TRACON& Tower with Radar,0,6,19,1,26,0,12,30,1,43,0,18,49,2,69,126,0,126,195
01/08/2013,RDG,PA,AEA,EN,Combined TRACON& Tower with Radar,0,7,35,0,42,0,4,37,3,44,0,11,72,3,86,64,0,64,150
01/09/2013,RDG,PA,AEA,EN,Combined TRACON& Tower with Radar,0,8,19,1,28,0,2,28,1,31,0,10,47,2,59,20,0,20,79
01/10/2013,RDG,PA,AEA,EN,Combined TRACON& Tower with Radar,0,7,26,0,33,0,6,61,1,68,0,13,87,1,101,122,0,122,223
01/11/2013,RDG,PA,AEA,EN,Combined TRACON& Tower with Radar,0,12,23,4,39,0,0,11,0,11,0,12,34,4,50,18,4,22,72
01/12/2013,RDG,PA,AEA,EN,Combined TRACON& Tower with Radar,0,7,9,0,16,0,0,0,0,0,0,7,9,0,16,0,0,0,16
01/13/2013,RDG,PA,AEA,EN,Combined TRACON& Tower with Radar,0,6,11,0,17,0,0,0,0,0,0,6,11,0,17,0,0,0,17
01/14/2013,RDG,PA,AEA,EN,Combined TRACON& Tower with Radar,0,9,25,4,38,0,0,10,0,10,0,9,35,4,48,90,10,100,148
01/15/2013,RDG,PA,AEA,EN,Combined TRACON& Tower with Radar,0,8,13,0,21,0,10,11,0,21,0,18,24,0,42,20,0,20,62
01/16/2013,RDG,PA,AEA,EN,Combined TRACON& Tower with Radar,0,6,8,0,14,0,2,0,0,2,0,8,8,0,16,0,0,0,16
01/17/2013,RDG,PA,AEA,EN,Combined TRACON& Tower with Radar,0,7,29,2,38,0,5,22,0,27,0,12,51,2,65,150,4,154,219
01/18/2013,RDG,PA,AEA,EN,Combined TRACON& Tower with Radar,0,9,16,0,25,0,8,49,0,57,0,17,65,0,82,134,0,134,216
01/19/2013,RDG,PA,AEA,EN,Combined TRACON& Tower with Radar,0,7,12,1,20,0,1,60,2,63,0,8,72,3,83,54,0,54,137
01/20/2013,RDG,PA,AEA,EN,Combined TRACON& Tower with Radar,0,1,11,1,13,0,0,8,1,9,0,1,19,2,22,14,0,14,36
01/21/2013,RDG,PA,AEA,EN,Combined TRACON& Tower with Radar,0,6,20,0,26,0,1,16,0,17,0,7,36,0,43,18,0,18,61
01/22/2013,RDG,PA,AEA,EN,Combined TRACON& Tower with Radar,0,8,19,6,33,0,4,16,0,20,0,12,35,6,53,40,0,40,93
01/23/2013,RDG,PA,AEA,EN,Combined TRACON& Tower with Radar,0,8,13,3,24,0,4,20,5,29,0,12,33,8,53,66,14,80,133
01/24/2013,RDG,PA,AEA,EN,Combined TRACON& Tower with Radar,0,10,22,7,39,0,3,22,3,28,0,13,44,10,67,150,10,160,227
01/25/2013,RDG,PA,AEA,EN,Combined TRACON& Tower with Radar,0,5,18,0,23,0,3,12,2,17,0,8,30,2,40,18,0,18,58
01/26/2013,RDG,PA,AEA,EN,Combined TRACON& Tower with Radar,0,3,5,0,8,0,3,18,0,21,0,6,23,0,29,70,0,70,99
01/27/2013,RDG,PA,AEA,EN,Combined TRACON& Tower with Radar,0,2,21,0,23,0,1,58,0,59,0,3,79,0,82,174,0,174,256
01/28/2013,RDG,PA,AEA,EN,Combined TRACON& Tower with Radar,0,10,9,0,19,0,0,0,0,0,0,10,9,0,19,0,0,0,19
01/29/2013,RDG,PA,AEA,EN,Combined TRACON& Tower with Radar,0,18,25,5,48,0,2,2,0,4,0,20,27,5,52,0,0,0,52
01/30/2013,RDG,PA,AEA,EN,Combined TRACON& Tower with Radar,0,10,8,0,18,0,0,0,0,0,0,10,8,0,18,0,0,0,18
01/31/2013,RDG,PA,AEA,EN,Combined TRACON& Tower with Radar,0,9,10,0,19,0,0,14,2,16,0,9,24,2,35,0,6,6,41
02/01/2013,RDG,PA,AEA,EN,Combined TRACON& Tower with Radar,0,0,0,0,0,0,0,0,0,0,0,0,0,0,0,0,0,0,0
02/02/2013,RDG,PA,AEA,EN,Combined TRACON& Tower with Radar,0,0,0,0,0,0,0,0,0,0,0,0,0,0,0,0,0,0,0
02/03/2013,RDG,PA,AEA,EN,Combined TRACON& Tower with Radar,0,1,12,0,13,0,1,10,0,11,0,2,22,0,24,0,0,0,24
02/04/2013,RDG,PA,AEA,EN,Combined TRACON& Tower with Radar,0,6,18,1,25,0,3,31,1,35,0,9,49,2,60,86,12,98,158
02/05/2013,RDG,PA,AEA,EN,Combined TRACON& Tower with Radar,0,8,24,0,32,0,2,13,2,17,0,10,37,2,49,52,4,56,105
02/06/2013,RDG,PA,AEA,EN,Combined TRACON& Tower with Radar,0,8,22,7,37,0,2,22,6,30,0,10,44,13,67,194,52,246,313
02/07/2013,RDG,PA,AEA,EN,Combined TRACON& Tower with Radar,0,7,28,7,42,0,3,53,1,57,0,10,81,8,99,100,2,102,201
02/08/2013,RDG,PA,AEA,EN,Combined TRACON& Tower with Radar,0,6,5,0,11,0,2,0,0,2,0,8,5,0,13,0,0,0,13
02/09/2013,RDG,PA,AEA,EN,Combined TRACON& Tower with Radar,0,6,4,0,10,0,2,4,0,6,0,8,8,0,16,6,0,6,22
02/10/2013,RDG,PA,AEA,EN,Combined TRACON& Tower with Radar,0,2,39,0,41,0,0,84,0,84,0,2,123,0,125,172,0,172,297
02/11/2013,RDG,PA,AEA,EN,Combined TRACON& Tower with Radar,0,5,13,0,18,0,0,0,0,0,0,5,13,0,18,0,0,0,18
02/12/2013,RDG,PA,AEA,EN,Combined TRACON& Tower with Radar,0,8,24,3,35,0,13,17,2,32,0,21,41,5,67,240,0,240,307
02/13/2013,RDG,PA,AEA,EN,Combined TRACON& Tower with Radar,0,17,9,9,35,0,1,35,7,43,0,18,44,16,78,58,28,86,164
02/14/2013,RDG,PA,AEA,EN,Combined TRACON& Tower with Radar,0,10,26,0,36,0,4,40,0,44,0,14,66,0,80,65,2,67,147
02/15/2013,RDG,PA,AEA,EN,Combined TRACON& Tower with Radar,0,13,27,0,40,0,7,36,0,43,0,20,63,0,83,148,0,148,231
02/16/2013,RDG,PA,AEA,EN,Combined TRACON& Tower with Radar,0,4,12,1,17,0,6,25,0,31,0,10,37,1,48,114,0,114,162
02/17/2013,RDG,PA,AEA,EN,Combined TRACON& Tower with Radar,0,3,1,0,4,0,4,0,0,4,0,7,1,0,8,0,0,0,8
02/18/2013,RDG,PA,AEA,EN,Combined TRACON& Tower with Radar,0,9,16,0,25,0,6,39,0,45,0,15,55,0,70,44,0,44,114
02/19/2013,RDG,PA,AEA,EN,Combined TRACON& Tower with Radar,0,11,9,0,20,0,0,2,0,2,0,11,11,0,22,0,0,0,22
02/20/2013,RDG,PA,AEA,EN,Combined TRACON& Tower with Radar,0,7,7,2,16,0,7,12,1,20,0,14,19,3,36,22,2,24,60
02/21/2013,RDG,PA,AEA,EN,Combined TRACON& Tower with Radar,0,15,21,6,42,0,11,14,2,27,0,26,35,8,69,78,10,88,157
02/22/2013,RDG,PA,AEA,EN,Combined TRACON& Tower with Radar,0,8,18,3,29,0,3,29,2,34,0,11,47,5,63,52,16,68,131
02/23/2013,RDG,PA,AEA,EN,Combined TRACON& Tower with Radar,0,6,3,0,9,0,0,0,0,0,0,6,3,0,9,0,0,0,9
02/24/2013,RDG,PA,AEA,EN,Combined TRACON& Tower with Radar,0,13,14,0,27,0,7,30,0,37,0,20,44,0,64,104,0,104,168
02/25/2013,RDG,PA,AEA,EN,Combined TRACON& Tower with Radar,0,4,61,17,82,0,12,75,9,96,0,16,136,26,178,164,20,184,362
02/26/2013,RDG,PA,AEA,EN,Combined TRACON& Tower with Radar,0,14,25,6,45,0,3,10,2,15,0,17,35,8,60,148,10,158,218
02/27/2013,RDG,PA,AEA,EN,Combined TRACON& Tower with Radar,0,9,3,3,15,0,2,6,3,11,0,11,9,6,26,10,2,12,38
02/28/2013,RDG,PA,AEA,EN,Combined TRACON& Tower with Radar,0,6,24,2,32,0,4,14,4,22,0,10,38,6,54,10,4,14,68
03/01/2013,RDG,PA,AEA,EN,Combined TRACON& Tower with Radar,0,19,23,1,43,0,4,40,2,46,0,23,63,3,89,126,0,126,215
03/02/2013,RDG,PA,AEA,EN,Combined TRACON& Tower with Radar,0,9,27,0,36,0,2,33,0,35,0,11,60,0,71,80,0,80,151
03/03/2013,RDG,PA,AEA,EN,Combined TRACON& Tower with Radar,0,6,14,0,20,0,1,25,0,26,0,7,39,0,46,30,0,30,76
03/04/2013,RDG,PA,AEA,EN,Combined TRACON& Tower with Radar,0,9,21,4,34,0,5,33,4,42,0,14,54,8,76,162,30,192,268
03/05/2013,RDG,PA,AEA,EN,Combined TRACON& Tower with Radar,0,18,43,8,69,0,19,78,4,101,0,37,121,12,170,270,82,352,522
03/06/2013,RDG,PA,AEA,EN,Combined TRACON& Tower with Radar,0,10,3,0,13,0,0,0,0,0,0,10,3,0,13,0,0,0,13
03/07/2013,RDG,PA,AEA,EN,Combined TRACON& Tower with Radar,0,13,18,3,34,0,3,18,7,28,0,16,36,10,62,64,0,64,126
03/08/2013,RDG,PA,AEA,EN,Combined TRACON& Tower with Radar,0,11,20,0,31,0,2,15,0,17,0,13,35,0,48,42,0,42,90
03/09/2013,RDG,PA,AEA,EN,Combined TRACON& Tower with Radar,0,8,35,1,44,0,3,90,9,102,0,11,125,10,146,184,2,186,332
03/10/2013,RDG,PA,AEA,EN,Combined TRACON& Tower with Radar,0,5,32,0,37,0,5,59,1,65,0,10,91,1,102,144,0,144,246
03/11/2013,RDG,PA,AEA,EN,Combined TRACON& Tower with Radar,0,5,15,4,24,0,2,21,9,32,0,7,36,13,56,100,28,128,184
03/12/2013,RDG,PA,AEA,EN,Combined TRACON& Tower with Radar,0,8,19,0,27,0,0,1,0,1,0,8,20,0,28,0,0,0,28
03/13/2013,RDG,PA,AEA,EN,Combined TRACON& Tower with Radar,0,10,25,5,40,0,10,18,2,30,0,20,43,7,70,82,0,82,152
03/14/2013,RDG,PA,AEA,EN,Combined TRACON& Tower with Radar,0,9,11,3,23,0,6,10,1,17,0,15,21,4,40,36,0,36,76
03/15/2013,RDG,PA,AEA,EN,Combined TRACON& Tower with Radar,0,11,31,5,47,0,4,33,3,40,0,15,64,8,87,48,6,54,141
03/16/2013,RDG,PA,AEA,EN,Combined TRACON& Tower with Radar,1,5,5,0,11,0,0,1,0,1,1,5,6,0,12,10,0,10,22
03/17/2013,RDG,PA,AEA,EN,Combined TRACON& Tower with Radar,1,6,30,0,37,0,1,58,0,59,1,7,88,0,96,284,0,284,380
03/18/2013,RDG,PA,AEA,EN,Combined TRACON& Tower with Radar,0,5,7,1,13,0,0,9,1,10,0,5,16,2,23,2,0,2,25
03/19/2013,RDG,PA,AEA,EN,Combined TRACON& Tower with Radar,0,10,10,4,24,0,1,17,2,20,0,11,27,6,44,0,0,0,44
03/20/2013,RDG,PA,AEA,EN,Combined TRACON& Tower with Radar,0,5,28,2,35,0,0,15,0,15,0,5,43,2,50,46,0,46,96
03/21/2013,RDG,PA,AEA,EN,Combined TRACON& Tower with Radar,0,5,28,8,41,0,5,51,11,67,0,10,79,19,108,88,36,124,232
03/22/2013,RDG,PA,AEA,EN,Combined TRACON& Tower with Radar,0,16,14,4,34,0,6,20,2,28,0,22,34,6,62,28,0,28,90
03/23/2013,RDG,PA,AEA,EN,Combined TRACON& Tower with Radar,2,3,23,3,31,0,9,33,1,43,2,12,56,4,74,80,0,80,154
03/24/2013,RDG,PA,AEA,EN,Combined TRACON& Tower with Radar,0,3,39,0,42,0,0,66,0,66,0,3,105,0,108,78,0,78,186
03/25/2013,RDG,PA,AEA,EN,Combined TRACON& Tower with Radar,0,5,7,0,12,0,0,0,0,0,0,5,7,0,12,0,0,0,12
03/26/2013,RDG,PA,AEA,EN,Combined TRACON& Tower with Radar,0,14,34,2,50,0,3,49,0,52,0,17,83,2,102,114,0,114,216
03/27/2013,RDG,PA,AEA,EN,Combined TRACON& Tower with Radar,0,13,38,1,52,0,1,14,0,15,0,14,52,1,67,34,2,36,103
03/28/2013,RDG,PA,AEA,EN,Combined TRACON& Tower with Radar,0,16,26,4,46,0,3,34,4,41,0,19,60,8,87,64,2,66,153
03/29/2013,RDG,PA,AEA,EN,Combined TRACON& Tower with Radar,0,10,29,1,40,0,4,59,8,71,0,14,88,9,111,178,0,178,289
03/30/2013,RDG,PA,AEA,EN,Combined TRACON& Tower with Radar,0,5,45,0,50,0,3,74,0,77,0,8,119,0,127,122,0,122,249
03/31/2013,RDG,PA,AEA,EN,Combined TRACON& Tower with Radar,0,1,4,0,5,0,0,3,0,3,0,1,7,0,8,0,0,0,8
04/01/2013,RDG,PA,AEA,EN,Combined TRACON& Tower with Radar,0,10,19,1,30,0,3,14,0,17,0,13,33,1,47,72,0,72,119
04/02/2013,RDG,PA,AEA,EN,Combined TRACON& Tower with Radar,0,28,18,1,47,0,3,22,1,26,0,31,40,2,73,26,0,26,99
04/03/2013,RDG,PA,AEA,EN,Combined TRACON& Tower with Radar,0,14,13,3,30,0,10,13,1,24,0,24,26,4,54,24,0,24,78
04/04/2013,RDG,PA,AEA,EN,Combined TRACON& Tower with Radar,0,9,14,0,23,0,5,43,0,48,0,14,57,0,71,130,0,130,201
04/05/2013,RDG,PA,AEA,EN,Combined TRACON& Tower with Radar,0,9,12,0,21,0,9,25,1,35,0,18,37,1,56,134,0,134,190
04/06/2013,RDG,PA,AEA,EN,Combined TRACON& Tower with Radar,0,5,45,0,50,0,2,60,0,62,0,7,105,0,112,148,0,148,260
04/07/2013,RDG,PA,AEA,EN,Combined TRACON& Tower with Radar,0,7,24,0,31,0,6,38,0,44,0,13,62,0,75,142,0,142,217
04/08/2013,RDG,PA,AEA,EN,Combined TRACON& Tower with Radar,0,6,15,4,25,0,2,37,0,39,0,8,52,4,64,120,0,120,184
04/09/2013,RDG,PA,AEA,EN,Combined TRACON& Tower with Radar,0,12,29,2,43,0,6,20,3,29,0,18,49,5,72,116,0,116,188
04/10/2013,RDG,PA,AEA,EN,Combined TRACON& Tower with Radar,0,9,25,3,37,0,3,18,2,23,0,12,43,5,60,146,28,174,234
04/11/2013,RDG,PA,AEA,EN,Combined TRACON& Tower with Radar,0,2,31,0,33,0,2,2,0,4,0,4,33,0,37,6,0,6,43
04/12/2013,RDG,PA,AEA,EN,Combined TRACON& Tower with Radar,0,8,9,2,19,0,0,0,0,0,0,8,9,2,19,0,2,2,21
04/13/2013,RDG,PA,AEA,EN,Combined TRACON& Tower with Radar,0,3,27,0,30,0,3,37,1,41,0,6,64,1,71,100,0,100,171
04/14/2013,RDG,PA,AEA,EN,Combined TRACON& Tower with Radar,0,3,27,0,30,0,3,84,0,87,0,6,111,0,117,288,0,288,405
04/15/2013,RDG,PA,AEA,EN,Combined TRACON& Tower with Radar,0,8,14,3,25,0,5,38,6,49,0,13,52,9,74,24,2,26,100
04/16/2013,RDG,PA,AEA,EN,Combined TRACON& Tower with Radar,0,7,21,0,28,0,1,14,0,15,0,8,35,0,43,52,0,52,95
04/17/2013,RDG,PA,AEA,EN,Combined TRACON& Tower with Radar,0,14,15,0,29,0,11,44,0,55,0,25,59,0,84,56,0,56,140
04/18/2013,RDG,PA,AEA,EN,Combined TRACON& Tower with Radar,0,7,30,2,39,0,0,8,0,8,0,7,38,2,47,2,0,2,49
04/19/2013,RDG,PA,AEA,EN,Combined TRACON& Tower with Radar,0,19,10,6,35,0,2,1,0,3,0,21,11,6,38,2,6,8,46
04/20/2013,RDG,PA,AEA,EN,Combined TRACON& Tower with Radar,0,3,27,0,30,0,5,32,1,38,0,8,59,1,68,26,0,26,94
04/21/2013,RDG,PA,AEA,EN,Combined TRACON& Tower with Radar,0,3,27,0,30,0,5,82,0,87,0,8,109,0,117,200,14,214,331
04/22/2013,RDG,PA,AEA,EN,Combined TRACON& Tower with Radar,0,10,16,4,30,0,7,38,1,46,0,17,54,5,76,96,0,96,172
04/23/2013,RDG,PA,AEA,EN,Combined TRACON& Tower with Radar,0,3,18,3,24,0,3,30,1,34,0,6,48,4,58,212,10,222,280
04/24/2013,RDG,PA,AEA,EN,Combined TRACON& Tower with Radar,0,6,8,0,14,0,2,25,4,31,0,8,33,4,45,40,12,52,97
04/25/2013,RDG,PA,AEA,EN,Combined TRACON& Tower with Radar,0,26,44,5,75,0,2,83,4,89,0,28,127,9,164,198,0,198,362
04/26/2013,RDG,PA,AEA,EN,Combined TRACON& Tower with Radar,0,10,46,1,57,0,4,147,1,152,0,14,193,2,209,180,0,180,389
04/27/2013,RDG,PA,AEA,EN,Combined TRACON& Tower with Radar,2,3,38,0,43,0,1,60,0,61,2,4,98,0,104,180,0,180,284
04/28/2013,RDG,PA,AEA,EN,Combined TRACON& Tower with Radar,0,1,12,9,22,0,6,46,0,52,0,7,58,9,74,110,0,110,184
04/29/2013,RDG,PA,AEA,EN,Combined TRACON& Tower with Radar,0,35,29,0,64,0,0,0,0,0,0,35,29,0,64,14,0,14,78
04/30/2013,RDG,PA,AEA,EN,Combined TRACON& Tower with Radar,0,20,61,1,82,0,7,24,0,31,0,27,85,1,113,36,0,36,149
05/01/2013,RDG,PA,AEA,EN,Combined TRACON& Tower with Radar,0,20,55,4,79,0,10,105,1,116,0,30,160,5,195,92,12,104,299
05/02/2013,RDG,PA,AEA,EN,Combined TRACON& Tower with Radar,0,16,76,2,94,0,15,91,5,111,0,31,167,7,205,162,30,192,397
05/03/2013,RDG,PA,AEA,EN,Combined TRACON& Tower with Radar,0,6,22,1,29,0,8,40,1,49,0,14,62,2,78,228,2,230,308
05/04/2013,RDG,PA,AEA,EN,Combined TRACON& Tower with Radar,0,6,24,0,30,0,6,58,0,64,0,12,82,0,94,88,0,88,182
05/05/2013,RDG,PA,AEA,EN,Combined TRACON& Tower with Radar,0,0,13,0,13,0,7,80,1,88,0,7,93,1,101,118,0,118,219
05/06/2013,RDG,PA,AEA,EN,Combined TRACON& Tower with Radar,0,8,21,1,30,0,4,18,0,22,0,12,39,1,52,42,2,44,96
05/07/2013,RDG,PA,AEA,EN,Combined TRACON& Tower with Radar,0,18,35,1,54,0,4,12,0,16,0,22,47,1,70,18,0,18,88
05/08/2013,RDG,PA,AEA,EN,Combined TRACON& Tower with Radar,0,21,30,1,52,0,5,20,9,34,0,26,50,10,86,0,10,10,96
05/09/2013,RDG,PA,AEA,EN,Combined TRACON& Tower with Radar,0,20,57,5,82,0,2,33,1,36,0,22,90,6,118,34,0,34,152
05/10/2013,RDG,PA,AEA,EN,Combined TRACON& Tower with Radar,0,20,47,7,74,0,12,52,1,65,0,32,99,8,139,100,0,100,239
05/11/2013,RDG,PA,AEA,EN,Combined TRACON& Tower with Radar,1,16,19,0,36,0,0,5,0,5,1,16,24,0,41,12,0,12,53
05/12/2013,RDG,PA,AEA,EN,Combined TRACON& Tower with Radar,2,6,27,0,35,0,6,38,0,44,2,12,65,0,79,8,0,8,87
05/13/2013,RDG,PA,AEA,EN,Combined TRACON& Tower with Radar,0,14,48,2,64,0,6,29,0,35,0,20,77,2,99,10,2,12,111
05/14/2013,RDG,PA,AEA,EN,Combined TRACON& Tower with Radar,0,17,88,5,110,0,6,92,2,100,0,23,180,7,210,172,2,174,384
05/15/2013,RDG,PA,AEA,EN,Combined TRACON& Tower with Radar,0,26,50,0,76,0,9,58,0,67,0,35,108,0,143,36,0,36,179
05/16/2013,RDG,PA,AEA,EN,Combined TRACON& Tower with Radar,0,15,47,1,63,0,15,55,3,73,0,30,102,4,136,30,4,34,170
05/17/2013,RDG,PA,AEA,EN,Combined TRACON& Tower with Radar,0,14,68,5,87,0,9,105,2,116,0,23,173,7,203,68,6,74,277
05/18/2013,RDG,PA,AEA,EN,Combined TRACON& Tower with Radar,4,6,49,1,60,0,7,131,2,140,4,13,180,3,200,126,0,126,326
05/19/2013,RDG,PA,AEA,EN,Combined TRACON& Tower with Radar,0,2,58,0,60,0,0,0,0,0,0,2,58,0,60,0,0,0,60
05/20/2013,RDG,PA,AEA,EN,Combined TRACON& Tower with Radar,0,15,41,0,56,0,12,36,0,48,0,27,77,0,104,66,0,66,170
05/21/2013,RDG,PA,AEA,EN,Combined TRACON& Tower with Radar,0,32,33,0,65,0,12,32,0,44,0,44,65,0,109,96,0,96,205
05/22/2013,RDG,PA,AEA,EN,Combined TRACON& Tower with Radar,0,20,58,0,78,0,2,51,0,53,0,22,109,0,131,124,2,126,257
05/23/2013,RDG,PA,AEA,EN,Combined TRACON& Tower with Radar,0,22,23,2,47,0,3,7,3,13,0,25,30,5,60,68,0,68,128
05/24/2013,RDG,PA,AEA,EN,Combined TRACON& Tower with Radar,0,17,30,0,47,0,3,4,3,10,0,20,34,3,57,2,2,4,61
05/25/2013,RDG,PA,AEA,EN,Combined TRACON& Tower with Radar,2,9,20,0,31,0,0,8,0,8,2,9,28,0,39,6,0,6,45
05/26/2013,RDG,PA,AEA,EN,Combined TRACON& Tower with Radar,2,3,24,0,29,0,4,51,0,55,2,7,75,0,84,104,0,104,188
05/27/2013,RDG,PA,AEA,EN,Combined TRACON& Tower with Radar,0,0,27,0,27,0,11,79,0,90,0,11,106,0,117,74,0,74,191
05/28/2013,RDG,PA,AEA,EN,Combined TRACON& Tower with Radar,0,38,51,0,89,0,0,9,0,9,0,38,60,0,98,6,0,6,104
05/29/2013,RDG,PA,AEA,EN,Combined TRACON& Tower with Radar,0,24,52,13,89,0,4,62,12,78,0,28,114,25,167,96,46,142,309
05/30/2013,RDG,PA,AEA,EN,Combined TRACON& Tower with Radar,0,38,79,8,125,0,9,131,7,147,0,47,210,15,272,154,10,164,436
05/31/2013,RDG,PA,AEA,EN,Combined TRACON& Tower with Radar,0,21,48,9,78,0,10,110,0,120,0,31,158,9,198,86,0,86,284
06/01/2013,RDG,PA,AEA,EN,Combined TRACON& Tower with Radar,4,7,42,0,53,0,5,80,0,85,4,12,122,0,138,78,0,78,216
06/02/2013,RDG,PA,AEA,EN,Combined TRACON& Tower with Radar,0,3,13,0,16,0,0,23,0,23,0,3,36,0,39,64,0,64,103
06/03/2013,RDG,PA,AEA,EN,Combined TRACON& Tower with Radar,0,28,27,1,56,0,13,45,4,62,0,41,72,5,118,74,0,74,192
06/04/2013,RDG,PA,AEA,EN,Combined TRACON& Tower with Radar,0,19,65,9,93,0,15,119,3,137,0,34,184,12,230,82,4,86,316
06/05/2013,RDG,PA,AEA,EN,Combined TRACON& Tower with Radar,0,15,70,2,87,0,8,120,1,129,0,23,190,3,216,144,0,144,360
06/06/2013,RDG,PA,AEA,EN,Combined TRACON& Tower with Radar,0,25,69,9,103,0,21,100,5,126,0,46,169,14,229,136,46,182,411
06/07/2013,RDG,PA,AEA,EN,Combined TRACON& Tower with Radar,0,18,14,0,32,0,1,0,0,1,0,19,14,0,33,0,0,0,33
06/08/2013,RDG,PA,AEA,EN,Combined TRACON& Tower with Radar,0,13,47,1,61,0,286,185,41,512,0,299,232,42,573,6,759,765,1338
06/09/2013,RDG,PA,AEA,EN,Combined TRACON& Tower with Radar,0,8,51,0,59,0,213,310,19,542,0,221,361,19,601,1162,0,1162,1763
06/10/2013,RDG,PA,AEA,EN,Combined TRACON& Tower with Radar,0,10,4,0,14,0,0,0,0,0,0,10,4,0,14,0,0,0,14
06/11/2013,RDG,PA,AEA,EN,Combined TRACON& Tower with Radar,0,8,36,0,44,0,7,20,0,27,0,15,56,0,71,130,0,130,201
06/12/2013,RDG,PA,AEA,EN,Combined TRACON& Tower with Radar,0,14,65,7,86,0,6,102,1,109,0,20,167,8,195,206,0,206,401
06/13/2013,RDG,PA,AEA,EN,Combined TRACON& Tower with Radar,0,21,25,0,46,0,0,9,0,9,0,21,34,0,55,30,0,30,85
06/14/2013,RDG,PA,AEA,EN,Combined TRACON& Tower with Radar,0,22,55,3,80,0,15,56,3,74,0,37,111,6,154,96,0,96,250
06/15/2013,RDG,PA,AEA,EN,Combined TRACON& Tower with Radar,0,10,43,0,53,0,4,207,0,211,0,14,250,0,264,158,0,158,422
06/16/2013,RDG,PA,AEA,EN,Combined TRACON& Tower with Radar,0,4,46,0,50,0,11,44,3,58,0,15,90,3,108,40,12,52,160
06/17/2013,RDG,PA,AEA,EN,Combined TRACON& Tower with Radar,0,16,44,5,65,0,6,84,1,91,0,22,128,6,156,156,2,158,314
06/18/2013,RDG,PA,AEA,EN,Combined TRACON& Tower with Radar,0,14,53,0,67,0,3,30,0,33,0,17,83,0,100,64,0,64,164
06/19/2013,RDG,PA,AEA,EN,Combined TRACON& Tower with Radar,0,13,115,4,132,0,6,133,7,146,0,19,248,11,278,194,26,220,498
06/20/2013,RDG,PA,AEA,EN,Combined TRACON& Tower with Radar,0,23,69,7,99,0,9,127,7,143,0,32,196,14,242,70,8,78,320
06/21/2013,RDG,PA,AEA,EN,Combined TRACON& Tower with Radar,0,21,55,1,77,0,19,133,1,153,0,40,188,2,230,166,0,166,396
06/22/2013,RDG,PA,AEA,EN,Combined TRACON& Tower with Radar,0,7,35,1,43,0,2,85,0,87,0,9,120,1,130,110,0,110,240
06/23/2013,RDG,PA,AEA,EN,Combined TRACON& Tower with Radar,0,3,42,0,45,0,0,73,0,73,0,3,115,0,118,88,0,88,206
06/24/2013,RDG,PA,AEA,EN,Combined TRACON& Tower with Radar,0,14,30,0,44,0,4,42,0,46,0,18,72,0,90,112,0,112,202
06/25/2013,RDG,PA,AEA,EN,Combined TRACON& Tower with Radar,0,24,45,0,69,0,0,43,0,43,0,24,88,0,112,220,0,220,332
06/26/2013,RDG,PA,AEA,EN,Combined TRACON& Tower with Radar,0,17,45,6,68,0,4,35,1,40,0,21,80,7,108,62,29,91,199
06/27/2013,RDG,PA,AEA,EN,Combined TRACON& Tower with Radar,0,20,61,0,81,0,1,29,0,30,0,21,90,0,111,88,0,88,199
06/28/2013,RDG,PA,AEA,EN,Combined TRACON& Tower with Radar,0,26,47,0,73,0,7,43,7,57,0,33,90,7,130,20,0,20,150
06/29/2013,RDG,PA,AEA,EN,Combined TRACON& Tower with Radar,1,6,50,0,57,0,6,97,0,103,1,12,147,0,160,132,3,135,295
06/30/2013,RDG,PA,AEA,EN,Combined TRACON& Tower with Radar,1,7,38,0,46,0,2,20,0,22,1,9,58,0,68,66,0,66,134
07/01/2013,RDG,PA,AEA,EN,Combined TRACON& Tower with Radar,0,14,34,8,56,0,5,2,0,7,0,19,36,8,63,18,0,18,81
07/02/2013,RDG,PA,AEA,EN,Combined TRACON& Tower with Radar,0,22,49,14,85,0,4,9,2,15,0,26,58,16,100,64,4,68,168
07/03/2013,RDG,PA,AEA,EN,Combined TRACON& Tower with Radar,0,19,42,4,65,0,13,31,1,45,0,32,73,5,110,204,0,204,314
07/04/2013,RDG,PA,AEA,EN,Combined TRACON& Tower with Radar,0,3,43,0,46,0,6,24,0,30,0,9,67,0,76,12,0,12,88
07/05/2013,RDG,PA,AEA,EN,Combined TRACON& Tower with Radar,0,6,38,0,44,0,7,80,0,87,0,13,118,0,131,186,0,186,317
07/06/2013,RDG,PA,AEA,EN,Combined TRACON& Tower with Radar,4,9,35,0,48,0,9,101,1,111,4,18,136,1,159,144,0,144,303
07/07/2013,RDG,PA,AEA,EN,Combined TRACON& Tower with Radar,0,9,34,0,43,0,14,67,0,81,0,23,101,0,124,42,0,42,166
07/08/2013,RDG,PA,AEA,EN,Combined TRACON& Tower with Radar,0,10,18,10,38,0,9,44,2,55,0,19,62,12,93,48,6,54,147
07/09/2013,RDG,PA,AEA,EN,Combined TRACON& Tower with Radar,0,18,64,4,86,5,18,45,1,69,5,36,109,5,155,226,6,232,387
07/10/2013,RDG,PA,AEA,EN,Combined TRACON& Tower with Radar,0,31,39,8,78,2,3,31,0,36,2,34,70,8,114,78,4,82,196
07/11/2013,RDG,PA,AEA,EN,Combined TRACON& Tower with Radar,0,6,54,2,62,0,4,24,2,30,0,10,78,4,92,56,0,56,148
07/12/2013,RDG,PA,AEA,EN,Combined TRACON& Tower with Radar,0,23,31,14,68,0,1,35,6,42,0,24,66,20,110,16,18,34,144
07/13/2013,RDG,PA,AEA,EN,Combined TRACON& Tower with Radar,0,11,54,0,65,0,5,120,0,125,0,16,174,0,190,194,0,194,384
07/14/2013,RDG,PA,AEA,EN,Combined TRACON& Tower with Radar,0,2,36,1,39,0,6,91,0,97,0,8,127,1,136,246,0,246,382
07/15/2013,RDG,PA,AEA,EN,Combined TRACON& Tower with Radar,0,13,41,6,60,0,11,86,15,112,0,24,127,21,172,170,54,224,396
07/16/2013,RDG,PA,AEA,EN,Combined TRACON& Tower with Radar,0,14,63,3,80,0,15,104,11,130,0,29,167,14,210,68,2,70,280
07/17/2013,RDG,PA,AEA,EN,Combined TRACON& Tower with Radar,0,26,60,13,99,0,16,133,5,154,0,42,193,18,253,114,8,122,375
07/18/2013,RDG,PA,AEA,EN,Combined TRACON& Tower with Radar,0,23,66,12,101,0,13,88,7,108,0,36,154,19,209,62,0,62,271
07/19/2013,RDG,PA,AEA,EN,Combined TRACON& Tower with Radar,0,17,60,4,81,0,4,65,1,70,0,21,125,5,151,56,0,56,207
07/20/2013,RDG,PA,AEA,EN,Combined TRACON& Tower with Radar,0,15,23,0,38,0,9,48,0,57,0,24,71,0,95,46,0,46,141
07/21/2013,RDG,PA,AEA,EN,Combined TRACON& Tower with Radar,0,4,49,0,53,0,7,70,0,77,0,11,119,0,130,100,0,100,230
07/22/2013,RDG,PA,AEA,EN,Combined TRACON& Tower with Radar,0,16,42,0,58,0,1,31,0,32,0,17,73,0,90,46,0,46,136
07/23/2013,RDG,PA,AEA,EN,Combined TRACON& Tower with Radar,0,12,46,4,62,0,9,22,5,36,0,21,68,9,98,28,0,28,126
07/24/2013,RDG,PA,AEA,EN,Combined TRACON& Tower with Radar,0,11,86,32,129,0,9,97,11,117,0,20,183,43,246,196,10,206,452
07/25/2013,RDG,PA,AEA,EN,Combined TRACON& Tower with Radar,0,20,59,12,91,0,4,92,6,102,0,24,151,18,193,58,16,74,267
07/26/2013,RDG,PA,AEA,EN,Combined TRACON& Tower with Radar,0,17,18,4,39,0,8,97,0,105,0,25,115,4,144,26,0,26,170
07/27/2013,RDG,PA,AEA,EN,Combined TRACON& Tower with Radar,0,11,35,0,46,0,318,124,1,443,0,329,159,1,489,268,0,268,757
07/28/2013,RDG,PA,AEA,EN,Combined TRACON& Tower with Radar,0,6,45,0,51,0,3,19,0,22,0,9,64,0,73,6,0,6,79
07/29/2013,RDG,PA,AEA,EN,Combined TRACON& Tower with Radar,0,18,38,14,70,0,11,71,8,90,0,29,109,22,160,102,40,142,302
07/30/2013,RDG,PA,AEA,EN,Combined TRACON& Tower with Radar,0,20,58,17,95,0,11,146,8,165,0,31,204,25,260,126,32,158,418
07/31/2013,RDG,PA,AEA,EN,Combined TRACON& Tower with Radar,1,15,44,12,72,0,10,126,11,147,1,25,170,23,219,60,24,84,303
08/01/2013,RDG,PA,AEA,EN,Combined TRACON& Tower with Radar,0,16,37,7,60,0,4,12,1,17,0,20,49,8,77,0,0,0,77
08/02/2013,RDG,PA,AEA,EN,Combined TRACON& Tower with Radar,0,22,35,3,60,0,12,96,5,113,0,34,131,8,173,158,32,190,363
08/03/2013,RDG,PA,AEA,EN,Combined TRACON& Tower with Radar,0,10,85,0,95,0,0,44,0,44,0,10,129,0,139,52,0,52,191
08/04/2013,RDG,PA,AEA,EN,Combined TRACON& Tower with Radar,0,2,55,0,57,0,3,254,0,257,0,5,309,0,314,190,0,190,504
08/05/2013,RDG,PA,AEA,EN,Combined TRACON& Tower with Radar,0,4,19,0,23,0,9,204,0,213,0,13,223,0,236,90,0,90,326
08/06/2013,RDG,PA,AEA,EN,Combined TRACON& Tower with Radar,0,33,40,6,79,0,9,197,6,212,0,42,237,12,291,56,8,64,355
08/07/2013,RDG,PA,AEA,EN,Combined TRACON& Tower with Radar,0,29,63,4,96,0,7,68,0,75,0,36,131,4,171,18,6,24,195
08/08/2013,RDG,PA,AEA,EN,Combined TRACON& Tower with Radar,0,21,36,2,59,0,6,61,3,70,0,27,97,5,129,16,0,16,145
08/09/2013,RDG,PA,AEA,EN,Combined TRACON& Tower with Radar,0,16,39,0,55,0,62,34,0,96,0,78,73,0,151,0,0,0,151
08/10/2013,RDG,PA,AEA,EN,Combined TRACON& Tower with Radar,0,6,46,3,55,0,428,230,3,661,0,434,276,6,716,174,2,176,892
08/11/2013,RDG,PA,AEA,EN,Combined TRACON& Tower with Radar,0,5,93,3,101,0,3,122,0,125,0,8,215,3,226,244,0,244,470
08/12/2013,RDG,PA,AEA,EN,Combined TRACON& Tower with Radar,0,9,21,8,38,0,11,54,3,68,0,20,75,11,106,68,0,68,174
08/13/2013,RDG,PA,AEA,EN,Combined TRACON& Tower with Radar,0,17,37,3,57,0,2,12,0,14,0,19,49,3,71,22,2,24,95
08/14/2013,RDG,PA,AEA,EN,Combined TRACON& Tower with Radar,0,23,56,4,83,0,11,87,7,105,0,34,143,11,188,150,10,160,348
08/15/2013,RDG,PA,AEA,EN,Combined TRACON& Tower with Radar,0,29,66,0,95,0,20,116,2,138,0,49,182,2,233,120,0,120,353
08/16/2013,RDG,PA,AEA,EN,Combined TRACON& Tower with Radar,0,24,29,12,65,0,28,111,7,146,0,52,140,19,211,80,20,100,311
08/17/2013,RDG,PA,AEA,EN,Combined TRACON& Tower with Radar,0,4,61,0,65,0,5,120,0,125,0,9,181,0,190,212,0,212,402
08/18/2013,RDG,PA,AEA,EN,Combined TRACON& Tower with Radar,0,6,31,0,37,0,3,35,0,38,0,9,66,0,75,150,0,150,225
08/19/2013,RDG,PA,AEA,EN,Combined TRACON& Tower with Radar,0,7,35,16,58,0,8,56,14,78,0,15,91,30,136,18,50,68,204
08/20/2013,RDG,PA,AEA,EN,Combined TRACON& Tower with Radar,0,13,69,2,84,0,10,71,2,83,0,23,140,4,167,106,0,106,273
08/21/2013,RDG,PA,AEA,EN,Combined TRACON& Tower with Radar,0,24,51,14,89,0,4,125,7,136,0,28,176,21,225,133,26,159,384
08/22/2013,RDG,PA,AEA,EN,Combined TRACON& Tower with Radar,0,22,50,6,78,0,6,33,2,41,0,28,83,8,119,54,12,66,185
08/23/2013,RDG,PA,AEA,EN,Combined TRACON& Tower with Radar,0,22,60,2,84,0,20,82,1,103,0,42,142,3,187,158,0,158,345
08/24/2013,RDG,PA,AEA,EN,Combined TRACON& Tower with Radar,0,7,40,0,47,0,12,122,0,134,0,19,162,0,181,128,0,128,309
08/25/2013,RDG,PA,AEA,EN,Combined TRACON& Tower with Radar,0,5,33,0,38,0,11,128,0,139,0,16,161,0,177,142,0,142,319
08/26/2013,RDG,PA,AEA,EN,Combined TRACON& Tower with Radar,0,18,32,7,57,0,12,64,3,79,0,30,96,10,136,88,0,88,224
08/27/2013,RDG,PA,AEA,EN,Combined TRACON& Tower with Radar,0,33,43,4,80,0,6,76,2,84,0,39,119,6,164,96,0,96,260
08/28/2013,RDG,PA,AEA,EN,Combined TRACON& Tower with Radar,0,36,31,8,75,0,8,3,0,11,0,44,34,8,86,40,0,40,126
08/29/2013,RDG,PA,AEA,EN,Combined TRACON& Tower with Radar,0,24,59,0,83,0,3,40,6,49,0,27,99,6,132,10,0,10,142
08/30/2013,RDG,PA,AEA,EN,Combined TRACON& Tower with Radar,0,16,54,4,74,0,0,63,0,63,0,16,117,4,137,220,2,222,359
08/31/2013,RDG,PA,AEA,EN,Combined TRACON& Tower with Radar,0,6,20,0,26,0,1,53,0,54,0,7,73,0,80,30,0,30,110
09/01/2013,RDG,PA,AEA,EN,Combined TRACON& Tower with Radar,0,9,37,0,46,0,4,26,0,30,0,13,63,0,76,22,0,22,98
09/02/2013,RDG,PA,AEA,EN,Combined TRACON& Tower with Radar,0,8,24,0,32,0,2,21,0,23,0,10,45,0,55,18,0,18,73
09/03/2013,RDG,PA,AEA,EN,Combined TRACON& Tower with Radar,0,13,70,8,91,0,15,64,5,84,0,28,134,13,175,26,14,40,215
09/04/2013,RDG,PA,AEA,EN,Combined TRACON& Tower with Radar,0,19,70,4,93,0,16,134,2,152,0,35,204,6,245,90,8,98,343
09/05/2013,RDG,PA,AEA,EN,Combined TRACON& Tower with Radar,0,16,63,9,88,0,3,79,3,85,0,19,142,12,173,80,6,86,259
09/06/2013,RDG,PA,AEA,EN,Combined TRACON& Tower with Radar,0,11,51,13,75,0,23,126,12,161,0,34,177,25,236,114,36,150,386
09/07/2013,RDG,PA,AEA,EN,Combined TRACON& Tower with Radar,0,8,24,0,32,0,9,128,0,137,0,17,152,0,169,88,0,88,257
09/08/2013,RDG,PA,AEA,EN,Combined TRACON& Tower with Radar,0,1,35,0,36,0,8,78,0,86,0,9,113,0,122,82,0,82,204
09/09/2013,RDG,PA,AEA,EN,Combined TRACON& Tower with Radar,0,10,47,0,57,0,3,93,0,96,0,13,140,0,153,46,0,46,199
09/10/2013,RDG,PA,AEA,EN,Combined TRACON& Tower with Radar,0,18,33,7,58,0,7,37,4,48,0,25,70,11,106,80,62,142,248
09/11/2013,RDG,PA,AEA,EN,Combined TRACON& Tower with Radar,0,20,39,19,78,0,6,51,14,71,0,26,90,33,149,34,20,54,203
09/12/2013,RDG,PA,AEA,EN,Combined TRACON& Tower with Radar,0,26,36,7,69,0,2,4,0,6,0,28,40,7,75,0,2,2,77
09/13/2013,RDG,PA,AEA,EN,Combined TRACON& Tower with Radar,0,23,47,6,76,0,5,52,3,60,0,28,99,9,136,50,2,52,188
09/14/2013,RDG,PA,AEA,EN,Combined TRACON& Tower with Radar,0,16,33,2,51,0,12,99,3,114,0,28,132,5,165,68,2,70,235
09/15/2013,RDG,PA,AEA,EN,Combined TRACON& Tower with Radar,0,9,38,3,50,0,26,129,7,162,0,35,167,10,212,74,2,76,288
09/16/2013,RDG,PA,AEA,EN,Combined TRACON& Tower with Radar,0,16,23,5,44,0,12,44,2,58,0,28,67,7,102,66,0,66,168
09/17/2013,RDG,PA,AEA,EN,Combined TRACON& Tower with Radar,0,22,37,4,63,0,9,79,17,105,0,31,116,21,168,116,22,138,306
09/18/2013,RDG,PA,AEA,EN,Combined TRACON& Tower with Radar,0,15,59,0,74,0,14,117,0,131,0,29,176,0,205,138,0,138,343
09/19/2013,RDG,PA,AEA,EN,Combined TRACON& Tower with Radar,1,32,67,0,100,0,12,161,0,173,1,44,228,0,273,118,6,124,397
09/20/2013,RDG,PA,AEA,EN,Combined TRACON& Tower with Radar,0,12,58,7,77,0,6,103,6,115,0,18,161,13,192,132,0,132,324
09/21/2013,RDG,PA,AEA,EN,Combined TRACON& Tower with Radar,2,11,40,0,53,0,2,21,0,23,2,13,61,0,76,52,0,52,128
09/22/2013,RDG,PA,AEA,EN,Combined TRACON& Tower with Radar,2,5,36,0,43,0,12,48,0,60,2,17,84,0,103,86,0,86,189
09/23/2013,RDG,PA,AEA,EN,Combined TRACON& Tower with Radar,0,14,38,0,52,0,6,54,0,60,0,20,92,0,112,80,14,94,206
09/24/2013,RDG,PA,AEA,EN,Combined TRACON& Tower with Radar,0,14,40,3,57,0,9,92,0,101,0,23,132,3,158,30,0,30,188
09/25/2013,RDG,PA,AEA,EN,Combined TRACON& Tower with Radar,0,22,37,2,61,0,3,94,1,98,0,25,131,3,159,72,0,72,231
09/26/2013,RDG,PA,AEA,EN,Combined TRACON& Tower with Radar,0,16,39,3,58,0,10,85,5,100,0,26,124,8,158,190,0,190,348
09/27/2013,RDG,PA,AEA,EN,Combined TRACON& Tower with Radar,0,17,75,0,92,0,4,108,0,112,0,21,183,0,204,50,0,50,254
09/28/2013,RDG,PA,AEA,EN,Combined TRACON& Tower with Radar,1,16,33,1,51,0,8,163,0,171,1,24,196,1,222,124,0,124,346
09/29/2013,RDG,PA,AEA,EN,Combined TRACON& Tower with Radar,1,13,46,0,60,0,0,134,0,134,1,13,180,0,194,148,0,148,342
09/30/2013,RDG,PA,AEA,EN,Combined TRACON& Tower with Radar,0,12,49,0,61,0,12,95,0,107,0,24,144,0,168,28,4,32,200
10/01/2013,RDG,PA,AEA,EN,Combined TRACON& Tower with Radar,0,43,33,0,76,0,13,58,0,71,0,56,91,0,147,28,0,28,175
10/02/2013,RDG,PA,AEA,EN,Combined TRACON& Tower with Radar,0,16,23,0,39,0,16,114,0,130,0,32,137,0,169,172,0,172,341
10/03/2013,RDG,PA,AEA,EN,Combined TRACON& Tower with Radar,0,12,61,0,73,0,9,155,3,167,0,21,216,3,240,82,0,82,322
10/04/2013,RDG,PA,AEA,EN,Combined TRACON& Tower with Radar,0,18,70,0,88,0,11,65,0,76,0,29,135,0,164,28,0,28,192
10/05/2013,RDG,PA,AEA,EN,Combined TRACON& Tower with Radar,4,8,32,0,44,0,5,102,0,107,4,13,134,0,151,126,0,126,277
10/06/2013,RDG,PA,AEA,EN,Combined TRACON& Tower with Radar,0,7,57,0,64,0,7,26,0,33,0,14,83,0,97,40,0,40,137
10/07/2013,RDG,PA,AEA,EN,Combined TRACON& Tower with Radar,0,18,13,0,31,0,2,3,0,5,0,20,16,0,36,0,0,0,36
10/08/2013,RDG,PA,AEA,EN,Combined TRACON& Tower with Radar,0,34,67,0,101,0,8,113,0,121,0,42,180,0,222,72,0,72,294
10/09/2013,RDG,PA,AEA,EN,Combined TRACON& Tower with Radar,0,11,34,0,45,0,12,54,0,66,0,23,88,0,111,22,0,22,133
10/10/2013,RDG,PA,AEA,EN,Combined TRACON& Tower with Radar,0,35,31,0,66,0,0,8,0,8,0,35,39,0,74,0,0,0,74
10/11/2013,RDG,PA,AEA,EN,Combined TRACON& Tower with Radar,0,17,46,0,63,0,4,2,0,6,0,21,48,0,69,16,0,16,85
10/12/2013,RDG,PA,AEA,EN,Combined TRACON& Tower with Radar,0,6,35,0,41,0,3,71,0,74,0,9,106,0,115,48,0,48,163
10/13/2013,RDG,PA,AEA,EN,Combined TRACON& Tower with Radar,0,6,27,0,33,0,3,62,0,65,0,9,89,0,98,90,0,90,188
10/14/2013,RDG,PA,AEA,EN,Combined TRACON& Tower with Radar,0,17,30,0,47,0,21,67,0,88,0,38,97,0,135,64,0,64,199
10/15/2013,RDG,PA,AEA,EN,Combined TRACON& Tower with Radar,0,13,35,0,48,0,22,72,4,98,0,35,107,4,146,82,6,88,234
10/16/2013,RDG,PA,AEA,EN,Combined TRACON& Tower with Radar,0,23,36,0,59,0,5,24,0,29,0,28,60,0,88,70,0,70,158
10/17/2013,RDG,PA,AEA,EN,Combined TRACON& Tower with Radar,0,28,52,0,80,0,3,10,0,13,0,31,62,0,93,20,0,20,113
10/18/2013,RDG,PA,AEA,EN,Combined TRACON& Tower with Radar,0,21,37,0,58,0,16,54,0,70,0,37,91,0,128,20,0,20,148
10/19/2013,RDG,PA,AEA,EN,Combined TRACON& Tower with Radar,2,14,54,0,70,0,0,139,0,139,2,14,193,0,209,110,0,110,319
10/20/2013,RDG,PA,AEA,EN,Combined TRACON& Tower with Radar,2,13,30,0,45,0,0,83,0,83,2,13,113,0,128,128,0,128,256
10/21/2013,RDG,PA,AEA,EN,Combined TRACON& Tower with Radar,0,8,21,0,29,0,5,38,0,43,0,13,59,0,72,36,0,36,108
10/22/2013,RDG,PA,AEA,EN,Combined TRACON& Tower with Radar,0,12,45,0,57,0,8,37,0,45,0,20,82,0,102,6,0,6,108
10/23/2013,RDG,PA,AEA,EN,Combined TRACON& Tower with Radar,0,20,60,2,82,0,10,89,1,100,0,30,149,3,182,46,0,46,228
10/24/2013,RDG,PA,AEA,EN,Combined TRACON& Tower with Radar,0,14,31,6,51,0,7,68,2,77,0,21,99,8,128,82,0,82,210
10/25/2013,RDG,PA,AEA,EN,Combined TRACON& Tower with Radar,0,22,34,3,59,0,8,61,3,72,0,30,95,6,131,56,0,56,187
10/26/2013,RDG,PA,AEA,EN,Combined TRACON& Tower with Radar,2,4,24,0,30,0,8,79,0,87,2,12,103,0,117,82,0,82,199
10/27/2013,RDG,PA,AEA,EN,Combined TRACON& Tower with Radar,1,0,20,0,21,0,0,65,0,65,1,0,85,0,86,64,0,64,150
10/28/2013,RDG,PA,AEA,EN,Combined TRACON& Tower with Radar,0,18,51,0,69,0,7,74,0,81,0,25,125,0,150,102,0,102,252
10/29/2013,RDG,PA,AEA,EN,Combined TRACON& Tower with Radar,0,21,110,2,133,0,6,159,5,170,0,27,269,7,303,184,0,184,487
10/30/2013,RDG,PA,AEA,EN,Combined TRACON& Tower with Radar,0,14,63,3,80,0,1,38,7,46,0,15,101,10,126,42,0,42,168
10/31/2013,RDG,PA,AEA,EN,Combined TRACON& Tower with Radar,0,34,37,0,71,0,5,7,0,12,0,39,44,0,83,18,0,18,101
11/01/2013,RDG,PA,AEA,EN,Combined TRACON& Tower with Radar,0,25,23,0,48,0,16,14,0,30,0,41,37,0,78,34,0,34,112
11/02/2013,RDG,PA,AEA,EN,Combined TRACON& Tower with Radar,4,10,54,0,68,0,3,130,3,136,4,13,184,3,204,152,0,152,356
11/03/2013,RDG,PA,AEA,EN,Combined TRACON& Tower with Radar,0,5,29,0,34,0,3,52,0,55,0,8,81,0,89,48,0,48,137
11/04/2013,RDG,PA,AEA,EN,Combined TRACON& Tower with Radar,0,11,35,6,52,0,12,90,4,106,0,23,125,10,158,96,2,98,256
11/05/2013,RDG,PA,AEA,EN,Combined TRACON& Tower with Radar,0,14,30,5,49,0,11,54,4,69,0,25,84,9,118,194,12,206,324
11/06/2013,RDG,PA,AEA,EN,Combined TRACON& Tower with Radar,0,14,56,3,73,0,10,65,3,78,0,24,121,6,151,144,8,152,303
11/07/2013,RDG,PA,AEA,EN,Combined TRACON& Tower with Radar,0,20,48,0,68,0,7,14,2,23,0,27,62,2,91,64,0,64,155
11/08/2013,RDG,PA,AEA,EN,Combined TRACON& Tower with Radar,0,18,58,5,81,0,11,75,0,86,0,29,133,5,167,144,12,156,323
11/09/2013,RDG,PA,AEA,EN,Combined TRACON& Tower with Radar,2,14,60,0,76,0,6,116,0,122,2,20,176,0,198,32,0,32,230
11/10/2013,RDG,PA,AEA,EN,Combined TRACON& Tower with Radar,2,3,47,0,52,0,7,40,0,47,2,10,87,0,99,24,0,24,123
11/11/2013,RDG,PA,AEA,EN,Combined TRACON& Tower with Radar,0,18,37,0,55,0,25,73,0,98,0,43,110,0,153,26,0,26,179
11/12/2013,RDG,PA,AEA,EN,Combined TRACON& Tower with Radar,0,17,30,6,53,0,8,26,0,34,0,25,56,6,87,16,0,16,103
11/13/2013,RDG,PA,AEA,EN,Combined TRACON& Tower with Radar,0,21,46,14,81,0,12,43,0,55,0,33,89,14,136,128,18,146,282
11/14/2013,RDG,PA,AEA,EN,Combined TRACON& Tower with Radar,0,16,58,6,80,0,32,80,4,116,0,48,138,10,196,58,20,78,274
11/15/2013,RDG,PA,AEA,EN,Combined TRACON& Tower with Radar,0,23,37,0,60,0,11,82,1,94,0,34,119,1,154,90,0,90,244
11/16/2013,RDG,PA,AEA,EN,Combined TRACON& Tower with Radar,4,7,93,0,104,0,3,196,1,200,4,10,289,1,304,130,0,130,434
11/17/2013,RDG,PA,AEA,EN,Combined TRACON& Tower with Radar,0,0,54,0,54,0,4,4,0,8,0,4,58,0,62,2,0,2,64
11/18/2013,RDG,PA,AEA,EN,Combined TRACON& Tower with Radar,0,18,36,9,63,0,14,21,4,39,0,32,57,13,102,84,24,108,210
11/19/2013,RDG,PA,AEA,EN,Combined TRACON& Tower with Radar,0,16,28,2,46,0,10,49,2,61,0,26,77,4,107,40,10,50,157
11/20/2013,RDG,PA,AEA,EN,Combined TRACON& Tower with Radar,0,25,72,17,114,0,13,114,7,134,0,38,186,24,248,132,10,142,390
11/21/2013,RDG,PA,AEA,EN,Combined TRACON& Tower with Radar,0,18,37,8,63,0,26,83,7,116,0,44,120,15,179,56,22,78,257
11/22/2013,RDG,PA,AEA,EN,Combined TRACON& Tower with Radar,0,33,65,0,98,0,6,151,0,157,0,39,216,0,255,108,0,108,363
11/23/2013,RDG,PA,AEA,EN,Combined TRACON& Tower with Radar,0,8,42,0,50,0,3,63,0,66,0,11,105,0,116,66,0,66,182
11/24/2013,RDG,PA,AEA,EN,Combined TRACON& Tower with Radar,0,6,9,0,15,0,6,11,0,17,0,12,20,0,32,12,0,12,44
11/25/2013,RDG,PA,AEA,EN,Combined TRACON& Tower with Radar,0,20,31,6,57,0,16,49,0,65,0,36,80,6,122,48,12,60,182
11/26/2013,RDG,PA,AEA,EN,Combined TRACON& Tower with Radar,0,29,14,0,43,0,4,4,0,8,0,33,18,0,51,20,0,20,71
11/27/2013,RDG,PA,AEA,EN,Combined TRACON& Tower with Radar,0,17,18,6,41,0,2,0,16,18,0,19,18,22,59,0,38,38,97
11/28/2013,RDG,PA,AEA,EN,Combined TRACON& Tower with Radar,0,4,8,0,12,0,3,3,0,6,0,7,11,0,18,0,0,0,18
11/29/2013,RDG,PA,AEA,EN,Combined TRACON& Tower with Radar,0,14,63,0,77,0,9,131,2,142,0,23,194,2,219,140,0,140,359
11/30/2013,RDG,PA,AEA,EN,Combined TRACON& Tower with Radar,0,8,31,0,39,0,2,121,0,123,0,10,152,0,162,112,0,112,274
12/01/2013,RDG,PA,AEA,EN,Combined TRACON& Tower with Radar,0,4,76,0,80,0,0,124,0,124,0,4,200,0,204,46,0,46,250
12/02/2013,RDG,PA,AEA,EN,Combined TRACON& Tower with Radar,0,23,43,5,71,0,3,46,6,55,0,26,89,11,126,162,10,172,298
12/03/2013,RDG,PA,AEA,EN,Combined TRACON& Tower with Radar,0,38,68,0,106,0,14,40,1,55,0,52,108,1,161,72,0,72,233
12/04/2013,RDG,PA,AEA,EN,Combined TRACON& Tower with Radar,0,31,39,0,70,0,8,44,0,52,0,39,83,0,122,50,0,50,172
12/05/2013,RDG,PA,AEA,EN,Combined TRACON& Tower with Radar,0,28,55,0,83,0,0,0,0,0,0,28,55,0,83,12,0,12,95
12/06/2013,RDG,PA,AEA,EN,Combined TRACON& Tower with Radar,0,23,24,0,47,0,0,1,2,3,0,23,25,2,50,0,0,0,50
12/07/2013,RDG,PA,AEA,EN,Combined TRACON& Tower with Radar,1,12,41,2,56,0,181,836,0,1017,1,193,877,2,1073,112,0,112,1185
12/08/2013,RDG,PA,AEA,EN,Combined TRACON& Tower with Radar,0,13,13,0,26,0,0,21,0,21,0,13,34,0,47,0,0,0,47
12/09/2013,RDG,PA,AEA,EN,Combined TRACON& Tower with Radar,0,23,24,0,47,0,0,0,0,0,0,23,24,0,47,0,0,0,47
12/10/2013,RDG,PA,AEA,EN,Combined TRACON& Tower with Radar,0,22,23,19,64,0,4,1,12,17,0,26,24,31,81,2,50,52,133
12/11/2013,RDG,PA,AEA,EN,Combined TRACON& Tower with Radar,0,33,29,6,68,0,30,78,3,111,0,63,107,9,179,122,10,132,311
12/12/2013,RDG,PA,AEA,EN,Combined TRACON& Tower with Radar,0,37,65,8,110,0,45,144,2,191,0,82,209,10,301,129,8,137,438
12/13/2013,RDG,PA,AEA,EN,Combined TRACON& Tower with Radar,0,27,28,2,57,0,5,61,1,67,0,32,89,3,124,56,0,56,180
12/14/2013,RDG,PA,AEA,EN,Combined TRACON& Tower with Radar,0,9,0,0,9,0,0,5,0,5,0,9,5,0,14,8,0,8,22
12/15/2013,RDG,PA,AEA,EN,Combined TRACON& Tower with Radar,0,5,12,0,17,0,0,15,0,15,0,5,27,0,32,10,0,10,42
12/16/2013,RDG,PA,AEA,EN,Combined TRACON& Tower with Radar,0,17,80,6,103,0,13,70,2,85,0,30,150,8,188,56,0,56,244
12/17/2013,RDG,PA,AEA,EN,Combined TRACON& Tower with Radar,0,20,27,3,50,0,5,4,7,16,0,25,31,10,66,52,0,52,118
12/18/2013,RDG,PA,AEA,EN,Combined TRACON& Tower with Radar,0,21,20,3,44,0,13,37,8,58,0,34,57,11,102,32,20,52,154
12/19/2013,RDG,PA,AEA,EN,Combined TRACON& Tower with Radar,0,14,64,4,82,0,4,48,0,52,0,18,112,4,134,38,2,40,174
12/20/2013,RDG,PA,AEA,EN,Combined TRACON& Tower with Radar,0,19,43,0,62,0,8,56,0,64,0,27,99,0,126,36,0,36,162
12/21/2013,RDG,PA,AEA,EN,Combined TRACON& Tower with Radar,0,14,68,0,82,0,1,97,0,98,0,15,165,0,180,94,0,94,274
12/22/2013,RDG,PA,AEA,EN,Combined TRACON& Tower with Radar,0,7,32,0,39,0,13,17,0,30,0,20,49,0,69,28,0,28,97
12/23/2013,RDG,PA,AEA,EN,Combined TRACON& Tower with Radar,0,8,6,0,14,0,2,0,0,2,0,10,6,0,16,0,0,0,16
12/24/2013,RDG,PA,AEA,EN,Combined TRACON& Tower with Radar,0,20,22,0,42,0,6,37,0,43,0,26,59,0,85,34,0,34,119
12/25/2013,RDG,PA,AEA,EN,Combined TRACON& Tower with Radar,0,10,3,0,13,0,1,5,0,6,0,11,8,0,19,5,0,5,24
12/26/2013,RDG,PA,AEA,EN,Combined TRACON& Tower with Radar,0,30,31,0,61,0,24,40,5,69,0,54,71,5,130,30,4,34,164
12/27/2013,RDG,PA,AEA,EN,Combined TRACON& Tower with Radar,0,16,40,0,56,0,3,72,4,79,0,19,112,4,135,82,0,82,217
12/28/2013,RDG,PA,AEA,EN,Combined TRACON& Tower with Radar,0,16,52,0,68,0,4,103,0,107,0,20,155,0,175,80,4,84,259
12/29/2013,RDG,PA,AEA,EN,Combined TRACON& Tower with Radar,0,8,16,0,24,0,0,1,0,1,0,8,17,0,25,14,0,14,39
12/30/2013,RDG,PA,AEA,EN,Combined TRACON& Tower with Radar,0,17,39,0,56,0,13,41,0,54,0,30,80,0,110,26,0,26,136
12/31/2013,RDG,PA,AEA,EN,Combined TRACON& Tower with Radar,0,9,10,0,19,0,7,32,0,39,0,16,42,0,58,26,0,26,84
01/01/2014,RDG,PA,AEA,EN,Combined TRACON& Tower with Radar,0,5,19,0,24,0,2,34,0,36,0,7,53,0,60,22,0,22,82
01/02/2014,RDG,PA,AEA,EN,Combined TRACON& Tower with Radar,0,13,5,0,18,0,0,6,0,6,0,13,11,0,24,6,0,6,30
01/03/2014,RDG,PA,AEA,EN,Combined TRACON& Tower with Radar,0,14,4,0,18,0,10,5,4,19,0,24,9,4,37,0,2,2,39
01/04/2014,RDG,PA,AEA,EN,Combined TRACON& Tower with Radar,0,18,24,0,42,0,9,52,0,61,0,27,76,0,103,54,2,56,159
01/05/2014,RDG,PA,AEA,EN,Combined TRACON& Tower with Radar,0,3,6,0,9,0,1,2,0,3,0,4,8,0,12,32,0,32,44
01/06/2014,RDG,PA,AEA,EN,Combined TRACON& Tower with Radar,0,13,6,0,19,0,9,4,0,13,0,22,10,0,32,2,0,2,34
01/07/2014,RDG,PA,AEA,EN,Combined TRACON& Tower with Radar,0,19,14,0,33,0,2,7,5,14,0,21,21,5,47,0,0,0,47
01/08/2014,RDG,PA,AEA,EN,Combined TRACON& Tower with Radar,0,34,28,6,68,0,8,52,0,60,0,42,80,6,128,36,8,44,172
01/09/2014,RDG,PA,AEA,EN,Combined TRACON& Tower with Radar,0,14,14,3,31,1,7,56,2,66,1,21,70,5,97,180,8,188,285
01/10/2014,RDG,PA,AEA,EN,Combined TRACON& Tower with Radar,0,14,14,0,28,0,0,2,0,2,0,14,16,0,30,0,0,0,30
01/11/2014,RDG,PA,AEA,EN,Combined TRACON& Tower with Radar,0,10,5,0,15,0,0,0,0,0,0,10,5,0,15,0,0,0,15
01/12/2014,RDG,PA,AEA,EN,Combined TRACON& Tower with Radar,0,5,39,0,44,0,6,55,2,63,0,11,94,2,107,140,0,140,247
01/13/2014,RDG,PA,AEA,EN,Combined TRACON& Tower with Radar,0,22,38,3,63,0,10,88,2,100,0,32,126,5,163,60,0,60,223
01/14/2014,RDG,PA,AEA,EN,Combined TRACON& Tower with Radar,0,24,48,3,75,0,2,4,0,6,0,26,52,3,81,2,0,2,83
01/15/2014,RDG,PA,AEA,EN,Combined TRACON& Tower with Radar,0,24,17,0,41,0,0,0,0,0,0,24,17,0,41,0,0,0,41
01/16/2014,RDG,PA,AEA,EN,Combined TRACON& Tower with Radar,0,44,83,3,130,0,8,91,8,107,0,52,174,11,237,116,2,118,355
01/17/2014,RDG,PA,AEA,EN,Combined TRACON& Tower with Radar,0,29,59,1,89,0,33,109,3,145,0,62,168,4,234,254,0,254,488
01/18/2014,RDG,PA,AEA,EN,Combined TRACON& Tower with Radar,0,22,20,0,42,0,7,44,0,51,0,29,64,0,93,124,0,124,217
01/19/2014,RDG,PA,AEA,EN,Combined TRACON& Tower with Radar,0,2,32,0,34,0,2,40,0,42,0,4,72,0,76,90,2,92,168
01/20/2014,RDG,PA,AEA,EN,Combined TRACON& Tower with Radar,0,11,38,0,49,0,9,65,0,74,0,20,103,0,123,114,0,114,237
01/21/2014,RDG,PA,AEA,EN,Combined TRACON& Tower with Radar,0,16,4,0,20,0,0,0,0,0,0,16,4,0,20,0,0,0,20
01/22/2014,RDG,PA,AEA,EN,Combined TRACON& Tower with Radar,0,22,11,2,35,0,15,11,4,30,0,37,22,6,65,4,4,8,73
01/23/2014,RDG,PA,AEA,EN,Combined TRACON& Tower with Radar,0,21,19,12,52,0,24,34,18,76,0,45,53,30,128,54,34,88,216
01/24/2014,RDG,PA,AEA,EN,Combined TRACON& Tower with Radar,0,19,36,12,67,0,10,64,6,80,0,29,100,18,147,130,12,142,289
01/25/2014,RDG,PA,AEA,EN,Combined TRACON& Tower with Radar,0,13,2,0,15,0,0,16,0,16,0,13,18,0,31,12,0,12,43
01/26/2014,RDG,PA,AEA,EN,Combined TRACON& Tower with Radar,0,4,36,0,40,0,9,58,0,67,0,13,94,0,107,68,0,68,175
01/27/2014,RDG,PA,AEA,EN,Combined TRACON& Tower with Radar,0,17,44,7,68,0,9,25,2,36,0,26,69,9,104,36,2,38,142
01/28/2014,RDG,PA,AEA,EN,Combined TRACON& Tower with Radar,0,24,50,14,88,0,20,41,5,66,0,44,91,19,154,32,24,56,210
01/29/2014,RDG,PA,AEA,EN,Combined TRACON& Tower with Radar,0,23,29,16,68,0,18,43,12,73,0,41,72,28,141,26,28,54,195
01/30/2014,RDG,PA,AEA,EN,Combined TRACON& Tower with Radar,0,19,38,10,67,0,25,97,13,135,0,44,135,23,202,94,12,106,308
01/31/2014,RDG,PA,AEA,EN,Combined TRACON& Tower with Radar,0,25,41,1,67,0,6,85,3,94,0,31,126,4,161,80,2,82,243
02/01/2014,RDG,PA,AEA,EN,Combined TRACON& Tower with Radar,0,12,57,0,69,0,2,93,0,95,0,14,150,0,164,148,0,148,312
02/02/2014,RDG,PA,AEA,EN,Combined TRACON& Tower with Radar,0,3,26,2,31,0,9,38,0,47,0,12,64,2,78,84,0,84,162
02/03/2014,RDG,PA,AEA,EN,Combined TRACON& Tower with Radar,0,12,4,0,16,0,0,0,0,0,0,12,4,0,16,0,0,0,16
02/04/2014,RDG,PA,AEA,EN,Combined TRACON& Tower with Radar,0,27,34,9,70,0,5,34,4,43,0,32,68,13,113,6,2,8,121
02/05/2014,RDG,PA,AEA,EN,Combined TRACON& Tower with Radar,0,11,0,0,11,0,0,0,0,0,0,11,0,0,11,0,0,0,11
02/06/2014,RDG,PA,AEA,EN,Combined TRACON& Tower with Radar,0,18,38,3,59,0,7,40,3,50,0,25,78,6,109,78,24,102,211
02/07/2014,RDG,PA,AEA,EN,Combined TRACON& Tower with Radar,0,23,52,3,78,0,6,77,11,94,0,29,129,14,172,76,2,78,250
02/08/2014,RDG,PA,AEA,EN,Combined TRACON& Tower with Radar,0,11,44,0,55,0,17,124,0,141,0,28,168,0,196,170,0,170,366
02/09/2014,RDG,PA,AEA,EN,Combined TRACON& Tower with Radar,0,1,35,0,36,0,5,33,0,38,0,6,68,0,74,22,0,22,96
02/10/2014,RDG,PA,AEA,EN,Combined TRACON& Tower with Radar,0,18,19,12,49,0,16,75,8,99,0,34,94,20,148,44,22,66,214
02/11/2014,RDG,PA,AEA,EN,Combined TRACON& Tower with Radar,0,16,27,7,50,0,6,38,3,47,0,22,65,10,97,70,0,70,167
02/12/2014,RDG,PA,AEA,EN,Combined TRACON& Tower with Radar,0,23,33,26,82,0,8,55,5,68,0,31,88,31,150,50,12,62,212
02/13/2014,RDG,PA,AEA,EN,Combined TRACON& Tower with Radar,0,4,0,0,4,0,0,0,0,0,0,4,0,0,4,0,0,0,4
02/14/2014,RDG,PA,AEA,EN,Combined TRACON& Tower with Radar,0,13,20,0,33,0,21,18,0,39,0,34,38,0,72,4,12,16,88
02/15/2014,RDG,PA,AEA,EN,Combined TRACON& Tower with Radar,0,11,4,0,15,0,2,0,0,2,0,13,4,0,17,0,0,0,17
02/16/2014,RDG,PA,AEA,EN,Combined TRACON& Tower with Radar,0,3,30,0,33,0,6,30,0,36,0,9,60,0,69,16,0,16,85
02/17/2014,RDG,PA,AEA,EN,Combined TRACON& Tower with Radar,0,18,42,0,60,0,7,62,1,70,0,25,104,1,130,24,0,24,154
02/18/2014,RDG,PA,AEA,EN,Combined TRACON& Tower with Radar,0,18,15,9,42,0,8,6,2,16,0,26,21,11,58,16,4,20,78
02/19/2014,RDG,PA,AEA,EN,Combined TRACON& Tower with Radar,0,20,6,12,38,0,0,2,5,7,0,20,8,17,45,12,26,38,83
02/20/2014,RDG,PA,AEA,EN,Combined TRACON& Tower with Radar,0,23,49,13,85,1,2,76,6,85,1,25,125,19,170,40,12,52,222
02/21/2014,RDG,PA,AEA,EN,Combined TRACON& Tower with Radar,0,14,28,2,44,0,2,6,4,12,0,16,34,6,56,8,14,22,78
02/22/2014,RDG,PA,AEA,EN,Combined TRACON& Tower with Radar,0,11,52,5,68,0,13,61,2,76,0,24,113,7,144,80,0,80,224
02/23/2014,RDG,PA,AEA,EN,Combined TRACON& Tower with Radar,4,2,43,0,49,0,3,86,0,89,4,5,129,0,138,62,0,62,200
02/24/2014,RDG,PA,AEA,EN,Combined TRACON& Tower with Radar,0,29,21,8,58,0,18,32,9,59,0,47,53,17,117,144,68,212,329
02/25/2014,RDG,PA,AEA,EN,Combined TRACON& Tower with Radar,0,26,34,14,74,0,8,7,7,22,0,34,41,21,96,64,54,118,214
02/26/2014,RDG,PA,AEA,EN,Combined TRACON& Tower with Radar,0,35,48,10,93,0,23,22,1,46,0,58,70,11,139,56,20,76,215
02/27/2014,RDG,PA,AEA,EN,Combined TRACON& Tower with Radar,0,26,50,5,81,0,24,34,5,63,0,50,84,10,144,4,2,6,150
02/28/2014,RDG,PA,AEA,EN,Combined TRACON& Tower with Radar,0,33,54,5,92,0,26,79,5,110,0,59,133,10,202,46,2,48,250
03/01/2014,RDG,PA,AEA,EN,Combined TRACON& Tower with Radar,4,24,34,0,62,0,9,130,0,139,4,33,164,0,201,120,0,120,321
03/02/2014,RDG,PA,AEA,EN,Combined TRACON& Tower with Radar,0,14,24,0,38,0,2,24,0,26,0,16,48,0,64,56,0,56,120
03/03/2014,RDG,PA,AEA,EN,Combined TRACON& Tower with Radar,0,14,13,8,35,0,8,8,5,21,0,22,21,13,56,4,34,38,94
03/04/2014,RDG,PA,AEA,EN,Combined TRACON& Tower with Radar,0,16,23,11,50,0,15,47,6,68,0,31,70,17,118,178,18,196,314
03/05/2014,RDG,PA,AEA,EN,Combined TRACON& Tower with Radar,0,30,29,0,59,0,15,68,0,83,0,45,97,0,142,84,0,84,226
03/06/2014,RDG,PA,AEA,EN,Combined TRACON& Tower with Radar,0,29,54,9,92,0,10,61,7,78,0,39,115,16,170,90,46,136,306
03/07/2014,RDG,PA,AEA,EN,Combined TRACON& Tower with Radar,0,16,31,2,49,0,13,43,2,58,0,29,74,4,107,40,4,44,151
03/08/2014,RDG,PA,AEA,EN,Combined TRACON& Tower with Radar,0,6,55,0,61,0,4,170,0,174,0,10,225,0,235,186,0,186,421
03/09/2014,RDG,PA,AEA,EN,Combined TRACON& Tower with Radar,0,6,62,3,71,0,10,62,2,74,0,16,124,5,145,186,6,192,337
03/10/2014,RDG,PA,AEA,EN,Combined TRACON& Tower with Radar,0,26,21,6,53,0,13,49,5,67,0,39,70,11,120,122,6,128,248
03/11/2014,RDG,PA,AEA,EN,Combined TRACON& Tower with Radar,0,13,36,7,56,0,6,52,4,62,0,19,88,11,118,110,0,110,228
03/12/2014,RDG,PA,AEA,EN,Combined TRACON& Tower with Radar,0,21,26,4,51,0,3,9,2,14,0,24,35,6,65,0,12,12,77
03/13/2014,RDG,PA,AEA,EN,Combined TRACON& Tower with Radar,0,14,32,5,51,0,5,14,8,27,0,19,46,13,78,0,8,8,86
03/14/2014,RDG,PA,AEA,EN,Combined TRACON& Tower with Radar,0,21,22,3,46,0,9,65,1,75,0,30,87,4,121,32,0,32,153
03/15/2014,RDG,PA,AEA,EN,Combined TRACON& Tower with Radar,2,8,9,0,19,0,3,49,0,52,2,11,58,0,71,2,0,2,73
03/16/2014,RDG,PA,AEA,EN,Combined TRACON& Tower with Radar,2,7,35,3,47,0,5,123,3,131,2,12,158,6,178,322,6,328,506
03/17/2014,RDG,PA,AEA,EN,Combined TRACON& Tower with Radar,0,14,24,0,38,0,16,42,0,58,0,30,66,0,96,62,0,62,158
03/18/2014,RDG,PA,AEA,EN,Combined TRACON& Tower with Radar,0,18,61,2,81,0,2,80,1,83,0,20,141,3,164,86,4,90,254
03/19/2014,RDG,PA,AEA,EN,Combined TRACON& Tower with Radar,0,29,26,0,55,0,1,5,0,6,0,30,31,0,61,26,0,26,87
03/20/2014,RDG,PA,AEA,EN,Combined TRACON& Tower with Radar,0,30,31,18,79,0,7,57,8,72,0,37,88,26,151,12,10,22,173
03/21/2014,RDG,PA,AEA,EN,Combined TRACON& Tower with Radar,0,18,62,5,85,0,43,100,5,148,0,61,162,10,233,68,6,74,307
03/22/2014,RDG,PA,AEA,EN,Combined TRACON& Tower with Radar,4,7,26,0,37,0,5,100,0,105,4,12,126,0,142,124,0,124,266
03/23/2014,RDG,PA,AEA,EN,Combined TRACON& Tower with Radar,0,4,19,0,23,0,6,69,0,75,0,10,88,0,98,86,0,86,184
03/24/2014,RDG,PA,AEA,EN,Combined TRACON& Tower with Radar,0,23,29,3,55,0,22,82,5,109,0,45,111,8,164,40,26,66,230
03/25/2014,RDG,PA,AEA,EN,Combined TRACON& Tower with Radar,0,37,47,0,84,0,1,10,0,11,0,38,57,0,95,32,0,32,127
03/26/2014,RDG,PA,AEA,EN,Combined TRACON& Tower with Radar,0,26,22,1,49,0,23,21,1,45,0,49,43,2,94,12,0,12,106
03/27/2014,RDG,PA,AEA,EN,Combined TRACON& Tower with Radar,0,37,66,2,105,0,22,109,2,133,0,59,175,4,238,92,0,92,330
03/28/2014,RDG,PA,AEA,EN,Combined TRACON& Tower with Radar,0,12,47,0,59,0,0,28,0,28,0,12,75,0,87,104,8,112,199
03/29/2014,RDG,PA,AEA,EN,Combined TRACON& Tower with Radar,0,8,23,0,31,0,0,1,0,1,0,8,24,0,32,14,0,14,46
03/30/2014,RDG,PA,AEA,EN,Combined TRACON& Tower with Radar,0,6,10,0,16,0,8,6,0,14,0,14,16,0,30,0,0,0,30
03/31/2014,RDG,PA,AEA,EN,Combined TRACON& Tower with Radar,0,33,38,0,71,0,6,64,2,72,0,39,102,2,143,74,0,74,217
04/01/2014,RDG,PA,AEA,EN,Combined TRACON& Tower with Radar,0,14,65,2,81,0,7,114,2,123,0,21,179,4,204,136,0,136,340
04/02/2014,RDG,PA,AEA,EN,Combined TRACON& Tower with Radar,0,20,60,3,83,0,12,75,13,100,0,32,135,16,183,140,16,156,339
04/03/2014,RDG,PA,AEA,EN,Combined TRACON& Tower with Radar,0,28,77,17,122,0,20,63,10,93,0,48,140,27,215,122,14,136,351
04/04/2014,RDG,PA,AEA,EN,Combined TRACON& Tower with Radar,0,30,12,0,42,0,0,0,0,0,0,30,12,0,42,0,0,0,42
04/05/2014,RDG,PA,AEA,EN,Combined TRACON& Tower with Radar,1,11,16,8,36,0,5,17,3,25,1,16,33,11,61,58,6,64,125
04/06/2014,RDG,PA,AEA,EN,Combined TRACON& Tower with Radar,2,0,54,0,56,0,1,156,0,157,2,1,210,0,213,266,0,266,479
04/07/2014,RDG,PA,AEA,EN,Combined TRACON& Tower with Radar,0,24,18,0,42,0,1,9,0,10,0,25,27,0,52,4,0,4,56
04/08/2014,RDG,PA,AEA,EN,Combined TRACON& Tower with Radar,0,20,29,4,53,0,8,22,5,35,0,28,51,9,88,18,0,18,106
04/09/2014,RDG,PA,AEA,EN,Combined TRACON& Tower with Radar,0,28,41,12,81,0,14,72,9,95,0,42,113,21,176,110,14,124,300
04/10/2014,RDG,PA,AEA,EN,Combined TRACON& Tower with Radar,0,26,84,2,112,0,44,124,8,176,0,70,208,10,288,74,4,78,366
04/11/2014,RDG,PA,AEA,EN,Combined TRACON& Tower with Radar,0,39,28,6,73,0,15,50,3,68,0,54,78,9,141,210,2,212,353
04/12/2014,RDG,PA,AEA,EN,Combined TRACON& Tower with Radar,4,17,49,0,70,0,6,156,0,162,4,23,205,0,232,296,0,296,528
04/13/2014,RDG,PA,AEA,EN,Combined TRACON& Tower with Radar,0,0,42,0,42,0,4,69,0,73,0,4,111,0,115,46,0,46,161
04/14/2014,RDG,PA,AEA,EN,Combined TRACON& Tower with Radar,1,19,32,10,62,0,2,29,6,37,1,21,61,16,99,22,2,24,123
04/15/2014,RDG,PA,AEA,EN,Combined TRACON& Tower with Radar,0,12,40,0,52,0,0,0,0,0,0,12,40,0,52,0,0,0,52
04/16/2014,RDG,PA,AEA,EN,Combined TRACON& Tower with Radar,0,18,31,6,55,0,4,68,7,79,0,22,99,13,134,140,8,148,282
04/17/2014,RDG,PA,AEA,EN,Combined TRACON& Tower with Radar,0,20,59,3,82,0,8,86,2,96,0,28,145,5,178,40,0,40,218
04/18/2014,RDG,PA,AEA,EN,Combined TRACON& Tower with Radar,0,15,88,0,103,0,7,94,7,108,0,22,182,7,211,230,10,240,451
04/19/2014,RDG,PA,AEA,EN,Combined TRACON& Tower with Radar,0,5,66,0,71,0,4,186,0,190,0,9,252,0,261,68,0,68,329
04/20/2014,RDG,PA,AEA,EN,Combined TRACON& Tower with Radar,0,4,12,0,16,0,7,33,0,40,0,11,45,0,56,28,0,28,84
04/21/2014,RDG,PA,AEA,EN,Combined TRACON& Tower with Radar,0,14,46,24,84,0,17,142,13,172,0,31,188,37,256,116,50,166,422
04/22/2014,RDG,PA,AEA,EN,Combined TRACON& Tower with Radar,0,37,39,14,90,0,17,56,7,80,0,54,95,21,170,32,28,60,230
04/23/2014,RDG,PA,AEA,EN,Combined TRACON& Tower with Radar,0,15,39,9,63,0,5,16,0,21,0,20,55,9,84,0,0,0,84
04/24/2014,RDG,PA,AEA,EN,Combined TRACON& Tower with Radar,0,21,46,4,71,0,16,85,3,104,0,37,131,7,175,200,4,204,379
04/25/2014,RDG,PA,AEA,EN,Combined TRACON& Tower with Radar,0,12,40,0,52,0,6,82,0,88,0,18,122,0,140,86,0,86,226
04/26/2014,RDG,PA,AEA,EN,Combined TRACON& Tower with Radar,0,9,22,0,31,0,6,58,0,64,0,15,80,0,95,70,0,70,165
04/27/2014,RDG,PA,AEA,EN,Combined TRACON& Tower with Radar,0,1,33,0,34,0,5,80,0,85,0,6,113,0,119,100,0,100,219
04/28/2014,RDG,PA,AEA,EN,Combined TRACON& Tower with Radar,0,19,71,13,103,0,16,74,8,98,0,35,145,21,201,156,38,194,395
04/29/2014,RDG,PA,AEA,EN,Combined TRACON& Tower with Radar,0,17,60,8,85,0,1,0,0,1,0,18,60,8,86,12,0,12,98
04/30/2014,RDG,PA,AEA,EN,Combined TRACON& Tower with Radar,1,20,24,0,45,0,0,0,0,0,1,20,24,0,45,0,0,0,45
05/01/2014,RDG,PA,AEA,EN,Combined TRACON& Tower with Radar,0,22,62,6,90,0,10,30,1,41,0,32,92,7,131,54,38,92,223
05/02/2014,RDG,PA,AEA,EN,Combined TRACON& Tower with Radar,0,15,37,6,58,0,18,56,7,81,0,33,93,13,139,42,58,100,239
05/03/2014,RDG,PA,AEA,EN,Combined TRACON& Tower with Radar,2,9,56,0,67,0,8,83,1,92,2,17,139,1,159,102,0,102,261
05/04/2014,RDG,PA,AEA,EN,Combined TRACON& Tower with Radar,2,6,28,0,36,0,2,24,0,26,2,8,52,0,62,66,0,66,128
05/05/2014,RDG,PA,AEA,EN,Combined TRACON& Tower with Radar,0,15,31,3,49,0,13,88,2,103,0,28,119,5,152,54,18,72,224
05/06/2014,RDG,PA,AEA,EN,Combined TRACON& Tower with Radar,0,15,61,3,79,0,9,111,7,127,0,24,172,10,206,98,8,106,312
05/07/2014,RDG,PA,AEA,EN,Combined TRACON& Tower with Radar,0,19,49,15,83,0,7,89,7,103,0,26,138,22,186,62,42,104,290
05/08/2014,RDG,PA,AEA,EN,Combined TRACON& Tower with Radar,0,29,88,0,117,0,26,56,2,84,0,55,144,2,201,56,0,56,257
05/09/2014,RDG,PA,AEA,EN,Combined TRACON& Tower with Radar,0,19,31,0,50,0,2,7,0,9,0,21,38,0,59,8,0,8,67
05/10/2014,RDG,PA,AEA,EN,Combined TRACON& Tower with Radar,4,6,24,0,34,0,4,34,0,38,4,10,58,0,72,86,0,86,158
05/11/2014,RDG,PA,AEA,EN,Combined TRACON& Tower with Radar,0,0,39,0,39,0,3,63,0,66,0,3,102,0,105,56,0,56,161
05/12/2014,RDG,PA,AEA,EN,Combined TRACON& Tower with Radar,0,6,40,7,53,0,20,112,5,137,0,26,152,12,190,88,0,88,278
05/13/2014,RDG,PA,AEA,EN,Combined TRACON& Tower with Radar,0,20,55,4,79,0,20,51,5,76,0,40,106,9,155,24,2,26,181
05/14/2014,RDG,PA,AEA,EN,Combined TRACON& Tower with Radar,0,36,40,0,76,0,13,9,0,22,0,49,49,0,98,28,0,28,126
05/15/2014,RDG,PA,AEA,EN,Combined TRACON& Tower with Radar,0,40,39,1,80,0,0,28,0,28,0,40,67,1,108,62,0,62,170
05/16/2014,RDG,PA,AEA,EN,Combined TRACON& Tower with Radar,0,31,32,0,63,0,0,13,0,13,0,31,45,0,76,30,0,30,106
05/17/2014,RDG,PA,AEA,EN,Combined TRACON& Tower with Radar,0,10,23,2,35,0,0,142,3,145,0,10,165,5,180,212,4,216,396
05/18/2014,RDG,PA,AEA,EN,Combined TRACON& Tower with Radar,0,7,40,0,47,0,16,134,0,150,0,23,174,0,197,162,0,162,359
05/19/2014,RDG,PA,AEA,EN,Combined TRACON& Tower with Radar,0,17,55,0,72,0,5,89,0,94,0,22,144,0,166,34,0,34,200
05/20/2014,RDG,PA,AEA,EN,Combined TRACON& Tower with Radar,0,29,62,15,106,0,6,110,7,123,0,35,172,22,229,154,6,160,389
05/21/2014,RDG,PA,AEA,EN,Combined TRACON& Tower with Radar,0,31,45,3,79,0,1,5,0,6,0,32,50,3,85,10,2,12,97
05/22/2014,RDG,PA,AEA,EN,Combined TRACON& Tower with Radar,0,45,54,8,107,0,1,17,7,25,0,46,71,15,132,12,6,18,150
05/23/2014,RDG,PA,AEA,EN,Combined TRACON& Tower with Radar,0,24,40,0,64,0,5,56,0,61,0,29,96,0,125,42,0,42,167
05/24/2014,RDG,PA,AEA,EN,Combined TRACON& Tower with Radar,2,5,26,0,33,0,6,77,0,83,2,11,103,0,116,132,0,132,248
05/25/2014,RDG,PA,AEA,EN,Combined TRACON& Tower with Radar,2,3,23,0,28,0,23,115,0,138,2,26,138,0,166,96,0,96,262
05/26/2014,RDG,PA,AEA,EN,Combined TRACON& Tower with Radar,0,8,47,0,55,0,1,148,0,149,0,9,195,0,204,182,0,182,386
05/27/2014,RDG,PA,AEA,EN,Combined TRACON& Tower with Radar,0,15,40,0,55,0,5,77,0,82,0,20,117,0,137,92,0,92,229
05/28/2014,RDG,PA,AEA,EN,Combined TRACON& Tower with Radar,0,20,45,2,67,0,2,20,5,27,0,22,65,7,94,20,11,31,125
05/29/2014,RDG,PA,AEA,EN,Combined TRACON& Tower with Radar,0,23,76,7,106,0,5,31,0,36,0,28,107,7,142,112,0,112,254
05/30/2014,RDG,PA,AEA,EN,Combined TRACON& Tower with Radar,0,28,78,2,108,0,14,71,1,86,0,42,149,3,194,50,0,50,244
05/31/2014,RDG,PA,AEA,EN,Combined TRACON& Tower with Radar,2,15,33,0,50,0,6,117,0,123,2,21,150,0,173,156,0,156,329
06/01/2014,RDG,PA,AEA,EN,Combined TRACON& Tower with Radar,2,0,46,3,51,0,0,120,1,121,2,0,166,4,172,88,0,88,260
06/02/2014,RDG,PA,AEA,EN,Combined TRACON& Tower with Radar,0,7,63,2,72,0,8,106,0,114,0,15,169,2,186,176,0,176,362
06/03/2014,RDG,PA,AEA,EN,Combined TRACON& Tower with Radar,0,23,57,4,84,0,13,61,6,80,0,36,118,10,164,140,8,148,312
06/04/2014,RDG,PA,AEA,EN,Combined TRACON& Tower with Radar,0,17,82,19,118,0,15,91,8,114,0,32,173,27,232,148,46,194,426
06/05/2014,RDG,PA,AEA,EN,Combined TRACON& Tower with Radar,0,25,44,4,73,0,54,93,9,156,0,79,137,13,229,236,14,250,479
06/06/2014,RDG,PA,AEA,EN,Combined TRACON& Tower with Radar,0,16,77,0,93,0,368,220,9,597,0,384,297,9,690,204,2,206,896
06/07/2014,RDG,PA,AEA,EN,Combined TRACON& Tower with Radar,4,5,46,3,58,0,383,183,6,572,4,388,229,9,630,476,2,478,1108
06/08/2014,RDG,PA,AEA,EN,Combined TRACON& Tower with Radar,0,8,42,0,50,0,199,163,69,431,0,207,205,69,481,204,354,558,1039
06/09/2014,RDG,PA,AEA,EN,Combined TRACON& Tower with Radar,0,17,76,0,93,0,3,10,2,15,0,20,86,2,108,20,12,32,140
06/10/2014,RDG,PA,AEA,EN,Combined TRACON& Tower with Radar,0,20,52,2,74,0,7,24,12,43,0,27,76,14,117,98,9,107,224
06/11/2014,RDG,PA,AEA,EN,Combined TRACON& Tower with Radar,0,24,38,3,65,0,0,0,1,1,0,24,38,4,66,0,0,0,66
06/12/2014,RDG,PA,AEA,EN,Combined TRACON& Tower with Radar,0,30,23,0,53,0,0,1,0,1,0,30,24,0,54,0,0,0,54
06/13/2014,RDG,PA,AEA,EN,Combined TRACON& Tower with Radar,0,15,31,1,47,0,12,6,4,22,0,27,37,5,69,0,10,10,79
06/14/2014,RDG,PA,AEA,EN,Combined TRACON& Tower with Radar,3,12,41,7,63,0,3,84,5,92,3,15,125,12,155,222,0,222,377
06/15/2014,RDG,PA,AEA,EN,Combined TRACON& Tower with Radar,2,1,40,6,49,0,3,122,5,130,2,4,162,11,179,138,2,140,319
06/16/2014,RDG,PA,AEA,EN,Combined TRACON& Tower with Radar,0,26,45,11,82,0,10,97,10,117,0,36,142,21,199,112,54,166,365
06/17/2014,RDG,PA,AEA,EN,Combined TRACON& Tower with Radar,0,22,92,5,119,0,18,120,12,150,0,40,212,17,269,202,22,224,493
06/18/2014,RDG,PA,AEA,EN,Combined TRACON& Tower with Radar,0,12,34,7,53,0,9,86,9,104,0,21,120,16,157,90,16,106,263
06/19/2014,RDG,PA,AEA,EN,Combined TRACON& Tower with Radar,0,13,55,4,72,0,15,63,2,80,0,28,118,6,152,192,0,192,344
06/20/2014,RDG,PA,AEA,EN,Combined TRACON& Tower with Radar,0,17,55,4,76,0,23,144,8,175,0,40,199,12,251,164,8,172,423
06/21/2014,RDG,PA,AEA,EN,Combined TRACON& Tower with Radar,4,11,58,2,75,0,16,132,0,148,4,27,190,2,223,172,0,172,395
06/22/2014,RDG,PA,AEA,EN,Combined TRACON& Tower with Radar,0,9,39,0,48,0,17,115,0,132,0,26,154,0,180,74,0,74,254
06/23/2014,RDG,PA,AEA,EN,Combined TRACON& Tower with Radar,0,17,42,0,59,0,17,107,0,124,0,34,149,0,183,108,0,108,291
06/24/2014,RDG,PA,AEA,EN,Combined TRACON& Tower with Radar,0,13,44,2,59,0,13,93,1,107,0,26,137,3,166,126,0,126,292
06/25/2014,RDG,PA,AEA,EN,Combined TRACON& Tower with Radar,0,14,33,2,49,0,0,13,0,13,0,14,46,2,62,0,4,4,66
06/26/2014,RDG,PA,AEA,EN,Combined TRACON& Tower with Radar,0,25,60,25,110,0,20,109,10,139,0,45,169,35,249,170,66,236,485
06/27/2014,RDG,PA,AEA,EN,Combined TRACON& Tower with Radar,0,24,49,1,74,0,21,70,4,95,0,45,119,5,169,102,4,106,275
06/28/2014,RDG,PA,AEA,EN,Combined TRACON& Tower with Radar,0,9,30,0,39,0,4,68,0,72,0,13,98,0,111,146,0,146,257
06/29/2014,RDG,PA,AEA,EN,Combined TRACON& Tower with Radar,0,6,16,0,22,0,2,124,1,127,0,8,140,1,149,164,0,164,313
06/30/2014,RDG,PA,AEA,EN,Combined TRACON& Tower with Radar,0,20,14,10,44,0,8,73,0,81,0,28,87,10,125,144,0,144,269
07/01/2014,RDG,PA,AEA,EN,Combined TRACON& Tower with Radar,0,19,37,4,60,0,14,88,3,105,0,33,125,7,165,132,16,148,313
07/02/2014,RDG,PA,AEA,EN,Combined TRACON& Tower with Radar,0,19,23,7,49,0,7,47,4,58,0,26,70,11,107,34,0,34,141
07/03/2014,RDG,PA,AEA,EN,Combined TRACON& Tower with Radar,0,23,25,9,57,0,1,19,4,24,0,24,44,13,81,66,28,94,175
07/04/2014,RDG,PA,AEA,EN,Combined TRACON& Tower with Radar,0,8,19,0,27,0,7,10,0,17,0,15,29,0,44,10,0,10,54
07/05/2014,RDG,PA,AEA,EN,Combined TRACON& Tower with Radar,0,5,49,0,54,0,9,117,0,126,0,14,166,0,180,146,0,146,326
07/06/2014,RDG,PA,AEA,EN,Combined TRACON& Tower with Radar,0,5,34,0,39,0,13,82,0,95,0,18,116,0,134,106,0,106,240
07/07/2014,RDG,PA,AEA,EN,Combined TRACON& Tower with Radar,0,4,44,0,48,0,14,70,0,84,0,18,114,0,132,80,0,80,212
07/08/2014,RDG,PA,AEA,EN,Combined TRACON& Tower with Radar,0,13,55,3,71,0,19,63,1,83,0,32,118,4,154,46,0,46,200
07/09/2014,RDG,PA,AEA,EN,Combined TRACON& Tower with Radar,0,24,45,8,77,0,13,78,9,100,0,37,123,17,177,210,84,294,471
07/10/2014,RDG,PA,AEA,EN,Combined TRACON& Tower with Radar,0,25,59,10,94,0,36,135,26,197,0,61,194,36,291,234,40,274,565
07/11/2014,RDG,PA,AEA,EN,Combined TRACON& Tower with Radar,0,26,37,7,70,0,15,107,4,126,0,41,144,11,196,108,20,128,324
07/12/2014,RDG,PA,AEA,EN,Combined TRACON& Tower with Radar,0,4,58,0,62,0,2,140,6,148,0,6,198,6,210,114,0,114,324
07/13/2014,RDG,PA,AEA,EN,Combined TRACON& Tower with Radar,0,13,20,0,33,0,5,36,2,43,0,18,56,2,76,48,4,52,128
07/14/2014,RDG,PA,AEA,EN,Combined TRACON& Tower with Radar,0,11,38,0,49,0,6,35,0,41,0,17,73,0,90,74,0,74,164
07/15/2014,RDG,PA,AEA,EN,Combined TRACON& Tower with Radar,0,35,46,10,91,0,0,5,0,5,0,35,51,10,96,0,0,0,96
07/16/2014,RDG,PA,AEA,EN,Combined TRACON& Tower with Radar,0,29,55,15,99,0,5,118,8,131,0,34,173,23,230,148,50,198,428
07/17/2014,RDG,PA,AEA,EN,Combined TRACON& Tower with Radar,0,25,101,6,132,0,18,179,22,219,0,43,280,28,351,156,66,222,573
07/18/2014,RDG,PA,AEA,EN,Combined TRACON& Tower with Radar,0,30,67,2,99,0,30,108,2,140,0,60,175,4,239,264,0,264,503
07/19/2014,RDG,PA,AEA,EN,Combined TRACON& Tower with Radar,0,12,43,0,55,0,22,222,5,249,0,34,265,5,304,338,0,338,642
07/20/2014,RDG,PA,AEA,EN,Combined TRACON& Tower with Radar,0,8,34,0,42,0,22,65,1,88,0,30,99,1,130,136,0,136,266
07/21/2014,RDG,PA,AEA,EN,Combined TRACON& Tower with Radar,0,12,51,21,84,0,11,96,3,110,0,23,147,24,194,86,12,98,292
07/22/2014,RDG,PA,AEA,EN,Combined TRACON& Tower with Radar,0,21,68,0,89,0,11,66,0,77,0,32,134,0,166,36,0,36,202
07/23/2014,RDG,PA,AEA,EN,Combined TRACON& Tower with Radar,0,22,30,13,65,0,13,85,27,125,0,35,115,40,190,74,82,156,346
07/24/2014,RDG,PA,AEA,EN,Combined TRACON& Tower with Radar,0,28,72,13,113,0,21,146,9,176,0,49,218,22,289,216,12,228,517
07/25/2014,RDG,PA,AEA,EN,Combined TRACON& Tower with Radar,0,15,46,0,61,0,15,72,0,87,0,30,118,0,148,24,0,24,172
07/26/2014,RDG,PA,AEA,EN,Combined TRACON& Tower with Radar,0,7,18,1,26,0,37,69,4,110,0,44,87,5,136,200,0,200,336
07/27/2014,RDG,PA,AEA,EN,Combined TRACON& Tower with Radar,0,2,27,0,29,0,12,39,5,56,0,14,66,5,85,232,0,232,317
07/28/2014,RDG,PA,AEA,EN,Combined TRACON& Tower with Radar,0,25,58,5,88,0,11,25,5,41,0,36,83,10,129,46,0,46,175
07/29/2014,RDG,PA,AEA,EN,Combined TRACON& Tower with Radar,0,14,48,18,80,0,7,96,16,119,0,21,144,34,199,190,36,226,425
07/30/2014,RDG,PA,AEA,EN,Combined TRACON& Tower with Radar,0,16,50,6,72,0,5,94,3,102,0,21,144,9,174,92,0,92,266
07/31/2014,RDG,PA,AEA,EN,Combined TRACON& Tower with Radar,0,16,51,7,74,0,6,85,2,93,0,22,136,9,167,86,38,124,291
08/01/2014,RDG,PA,AEA,EN,Combined TRACON& Tower with Radar,0,22,42,2,66,0,8,23,2,33,0,30,65,4,99,252,0,252,351
08/02/2014,RDG,PA,AEA,EN,Combined TRACON& Tower with Radar,0,11,33,0,44,0,6,42,0,48,0,17,75,0,92,160,8,168,260
08/03/2014,RDG,PA,AEA,EN,Combined TRACON& Tower with Radar,0,0,53,0,53,0,0,28,0,28,0,0,81,0,81,18,0,18,99
08/04/2014,RDG,PA,AEA,EN,Combined TRACON& Tower with Radar,0,29,52,11,92,0,9,58,5,72,0,38,110,16,164,102,24,126,290
08/05/2014,RDG,PA,AEA,EN,Combined TRACON& Tower with Radar,0,20,40,5,65,0,8,86,8,102,0,28,126,13,167,134,14,148,315
08/06/2014,RDG,PA,AEA,EN,Combined TRACON& Tower with Radar,0,16,54,0,70,0,49,83,5,137,0,65,137,5,207,78,34,112,319
08/07/2014,RDG,PA,AEA,EN,Combined TRACON& Tower with Radar,0,28,76,2,106,0,34,209,0,243,0,62,285,2,349,100,4,104,453
08/08/2014,RDG,PA,AEA,EN,Combined TRACON& Tower with Radar,0,28,46,0,74,0,18,107,0,125,0,46,153,0,199,82,0,82,281
08/09/2014,RDG,PA,AEA,EN,Combined TRACON& Tower with Radar,0,12,43,0,55,0,7,160,0,167,0,19,203,0,222,284,0,284,506
08/10/2014,RDG,PA,AEA,EN,Combined TRACON& Tower with Radar,0,9,33,0,42,0,2,131,0,133,0,11,164,0,175,132,0,132,307
08/11/2014,RDG,PA,AEA,EN,Combined TRACON& Tower with Radar,0,24,50,6,80,0,11,93,21,125,0,35,143,27,205,124,12,136,341
08/12/2014,RDG,PA,AEA,EN,Combined TRACON& Tower with Radar,0,27,35,0,62,0,0,2,0,2,0,27,37,0,64,0,0,0,64
08/13/2014,RDG,PA,AEA,EN,Combined TRACON& Tower with Radar,0,19,81,5,105,0,19,44,5,68,0,38,125,10,173,42,4,46,219
08/14/2014,RDG,PA,AEA,EN,Combined TRACON& Tower with Radar,0,25,64,12,101,0,18,86,6,110,0,43,150,18,211,124,14,138,349
08/15/2014,RDG,PA,AEA,EN,Combined TRACON& Tower with Radar,0,29,49,7,85,0,11,89,9,109,0,40,138,16,194,92,42,134,328
08/16/2014,RDG,PA,AEA,EN,Combined TRACON& Tower with Radar,0,8,38,0,46,0,3,117,2,122,0,11,155,2,168,138,0,138,306
08/17/2014,RDG,PA,AEA,EN,Combined TRACON& Tower with Radar,0,4,38,0,42,0,1,70,4,75,0,5,108,4,117,132,0,132,249
08/18/2014,RDG,PA,AEA,EN,Combined TRACON& Tower with Radar,0,10,28,3,41,0,2,57,5,64,0,12,85,8,105,42,0,42,147
08/19/2014,RDG,PA,AEA,EN,Combined TRACON& Tower with Radar,0,20,43,3,66,0,14,82,5,101,0,34,125,8,167,152,10,162,329
08/20/2014,RDG,PA,AEA,EN,Combined TRACON& Tower with Radar,0,25,41,3,69,0,5,45,1,51,0,30,86,4,120,46,0,46,166
08/21/2014,RDG,PA,AEA,EN,Combined TRACON& Tower with Radar,0,32,61,0,93,0,13,102,0,115,0,45,163,0,208,88,0,88,296
08/22/2014,RDG,PA,AEA,EN,Combined TRACON& Tower with Radar,0,25,59,2,86,0,9,7,3,19,0,34,66,5,105,18,2,20,125
08/23/2014,RDG,PA,AEA,EN,Combined TRACON& Tower with Radar,0,12,35,0,47,0,0,1,0,1,0,12,36,0,48,10,0,10,58
08/24/2014,RDG,PA,AEA,EN,Combined TRACON& Tower with Radar,0,18,25,0,43,0,8,131,0,139,0,26,156,0,182,66,0,66,248
08/25/2014,RDG,PA,AEA,EN,Combined TRACON& Tower with Radar,0,21,38,5,64,0,17,115,7,139,0,38,153,12,203,76,38,114,317
08/26/2014,RDG,PA,AEA,EN,Combined TRACON& Tower with Radar,0,13,52,33,98,0,12,167,11,190,0,25,219,44,288,156,40,196,484
08/27/2014,RDG,PA,AEA,EN,Combined TRACON& Tower with Radar,0,15,50,34,99,0,8,73,12,93,0,23,123,46,192,106,40,146,338
08/28/2014,RDG,PA,AEA,EN,Combined TRACON& Tower with Radar,0,12,35,6,53,0,12,104,1,117,0,24,139,7,170,138,4,142,312
08/29/2014,RDG,PA,AEA,EN,Combined TRACON& Tower with Radar,0,23,63,4,90,0,27,136,1,164,0,50,199,5,254,168,4,172,426
08/30/2014,RDG,PA,AEA,EN,Combined TRACON& Tower with Radar,0,11,40,0,51,0,8,91,0,99,0,19,131,0,150,144,0,144,294
08/31/2014,RDG,PA,AEA,EN,Combined TRACON& Tower with Radar,0,2,8,0,10,0,0,8,0,8,0,2,16,0,18,0,0,0,18
09/01/2014,RDG,PA,AEA,EN,Combined TRACON& Tower with Radar,0,3,20,0,23,0,6,17,0,23,0,9,37,0,46,26,0,26,72
09/02/2014,RDG,PA,AEA,EN,Combined TRACON& Tower with Radar,0,20,19,2,41,0,12,65,3,80,0,32,84,5,121,42,0,42,163
09/03/2014,RDG,PA,AEA,EN,Combined TRACON& Tower with Radar,0,23,28,10,61,0,12,89,7,108,0,35,117,17,169,68,14,82,251
09/04/2014,RDG,PA,AEA,EN,Combined TRACON& Tower with Radar,0,19,54,3,76,0,21,110,1,132,0,40,164,4,208,168,4,172,380
09/05/2014,RDG,PA,AEA,EN,Combined TRACON& Tower with Radar,0,29,37,0,66,0,2,23,0,25,0,31,60,0,91,48,0,48,139
09/06/2014,RDG,PA,AEA,EN,Combined TRACON& Tower with Radar,0,8,16,0,24,0,3,24,0,27,0,11,40,0,51,46,0,46,97
09/07/2014,RDG,PA,AEA,EN,Combined TRACON& Tower with Radar,0,10,36,0,46,0,10,132,0,142,0,20,168,0,188,144,0,144,332
09/08/2014,RDG,PA,AEA,EN,Combined TRACON& Tower with Radar,0,7,38,8,53,0,18,70,8,96,0,25,108,16,149,59,0,59,208
09/09/2014,RDG,PA,AEA,EN,Combined TRACON& Tower with Radar,0,24,38,20,82,0,5,62,1,68,0,29,100,21,150,206,0,206,356
09/10/2014,RDG,PA,AEA,EN,Combined TRACON& Tower with Radar,0,24,70,4,98,0,12,71,4,87,0,36,141,8,185,188,0,188,373
09/11/2014,RDG,PA,AEA,EN,Combined TRACON& Tower with Radar,0,17,66,4,87,0,13,22,3,38,0,30,88,7,125,44,6,50,175
09/12/2014,RDG,PA,AEA,EN,Combined TRACON& Tower with Radar,0,23,46,2,71,0,11,107,2,120,0,34,153,4,191,76,0,76,267
09/13/2014,RDG,PA,AEA,EN,Combined TRACON& Tower with Radar,0,7,38,1,46,0,2,5,0,7,0,9,43,1,53,0,0,0,53
09/14/2014,RDG,PA,AEA,EN,Combined TRACON& Tower with Radar,0,6,33,0,39,0,1,88,0,89,0,7,121,0,128,146,0,146,274
09/15/2014,RDG,PA,AEA,EN,Combined TRACON& Tower with Radar,0,16,34,2,52,0,13,60,2,75,0,29,94,4,127,60,2,62,189
09/16/2014,RDG,PA,AEA,EN,Combined TRACON& Tower with Radar,0,15,61,5,81,0,7,57,8,72,0,22,118,13,153,88,4,92,245
09/17/2014,RDG,PA,AEA,EN,Combined TRACON& Tower with Radar,0,30,85,5,120,0,6,154,3,163,0,36,239,8,283,80,12,92,375
09/18/2014,RDG,PA,AEA,EN,Combined TRACON& Tower with Radar,0,19,49,2,70,0,8,137,5,150,0,27,186,7,220,150,0,150,370
09/19/2014,RDG,PA,AEA,EN,Combined TRACON& Tower with Radar,0,20,61,7,88,0,16,112,13,141,0,36,173,20,229,66,12,78,307
09/20/2014,RDG,PA,AEA,EN,Combined TRACON& Tower with Radar,2,8,31,0,41,0,16,114,0,130,2,24,145,0,171,64,0,64,235
09/21/2014,RDG,PA,AEA,EN,Combined TRACON& Tower with Radar,2,0,39,2,43,0,0,97,2,99,2,0,136,4,142,46,0,46,188
09/22/2014,RDG,PA,AEA,EN,Combined TRACON& Tower with Radar,0,12,37,0,49,0,4,51,0,55,0,16,88,0,104,150,0,150,254
09/23/2014,RDG,PA,AEA,EN,Combined TRACON& Tower with Radar,0,22,41,5,68,0,3,132,3,138,0,25,173,8,206,162,24,186,392
09/24/2014,RDG,PA,AEA,EN,Combined TRACON& Tower with Radar,0,29,51,11,91,0,17,86,4,107,0,46,137,15,198,120,4,124,322
09/25/2014,RDG,PA,AEA,EN,Combined TRACON& Tower with Radar,0,39,33,3,75,0,2,18,1,21,0,41,51,4,96,16,0,16,112
09/26/2014,RDG,PA,AEA,EN,Combined TRACON& Tower with Radar,0,19,34,3,56,0,9,111,5,125,0,28,145,8,181,145,4,149,330
09/27/2014,RDG,PA,AEA,EN,Combined TRACON& Tower with Radar,1,7,43,0,51,0,15,147,0,162,1,22,190,0,213,130,0,130,343
09/28/2014,RDG,PA,AEA,EN,Combined TRACON& Tower with Radar,2,3,48,1,54,0,10,131,3,144,2,13,179,4,198,66,2,68,266
09/29/2014,RDG,PA,AEA,EN,Combined TRACON& Tower with Radar,0,18,36,11,65,0,8,67,4,79,0,26,103,15,144,96,6,102,246
09/30/2014,RDG,PA,AEA,EN,Combined TRACON& Tower with Radar,0,13,59,0,72,0,10,52,8,70,0,23,111,8,142,76,0,76,218
10/01/2014,RDG,PA,AEA,EN,Combined TRACON& Tower with Radar,0,31,67,1,99,0,11,60,5,76,0,42,127,6,175,116,16,132,307
10/02/2014,RDG,PA,AEA,EN,Combined TRACON& Tower with Radar,0,24,40,11,75,0,13,52,4,69,0,37,92,15,144,122,0,122,266
10/03/2014,RDG,PA,AEA,EN,Combined TRACON& Tower with Radar,0,30,76,0,106,0,10,31,0,41,0,40,107,0,147,8,0,8,155
10/04/2014,RDG,PA,AEA,EN,Combined TRACON& Tower with Radar,3,13,9,0,25,0,0,29,0,29,3,13,38,0,54,76,0,76,130
10/05/2014,RDG,PA,AEA,EN,Combined TRACON& Tower with Radar,0,12,73,1,86,0,4,120,0,124,0,16,193,1,210,90,0,90,300
10/06/2014,RDG,PA,AEA,EN,Combined TRACON& Tower with Radar,0,24,35,11,70,0,7,59,5,71,0,31,94,16,141,174,0,174,315
10/07/2014,RDG,PA,AEA,EN,Combined TRACON& Tower with Radar,0,17,34,3,54,0,4,49,1,54,0,21,83,4,108,24,10,34,142
10/08/2014,RDG,PA,AEA,EN,Combined TRACON& Tower with Radar,0,19,38,7,64,0,11,52,8,71,0,30,90,15,135,20,48,68,203
10/09/2014,RDG,PA,AEA,EN,Combined TRACON& Tower with Radar,0,18,55,4,77,0,13,87,2,102,0,31,142,6,179,138,36,174,353
10/10/2014,RDG,PA,AEA,EN,Combined TRACON& Tower with Radar,0,30,59,0,89,0,10,68,0,78,0,40,127,0,167,114,0,114,281
10/11/2014,RDG,PA,AEA,EN,Combined TRACON& Tower with Radar,0,8,37,0,45,0,5,5,0,10,0,13,42,0,55,26,18,44,99
10/12/2014,RDG,PA,AEA,EN,Combined TRACON& Tower with Radar,0,9,40,0,49,0,1,171,0,172,0,10,211,0,221,112,0,112,333
10/13/2014,RDG,PA,AEA,EN,Combined TRACON& Tower with Radar,0,21,52,0,73,0,10,9,0,19,0,31,61,0,92,6,0,6,98
10/14/2014,RDG,PA,AEA,EN,Combined TRACON& Tower with Radar,0,23,37,1,61,0,11,13,2,26,0,34,50,3,87,6,0,6,93
10/15/2014,RDG,PA,AEA,EN,Combined TRACON& Tower with Radar,0,26,20,0,46,0,0,0,0,0,0,26,20,0,46,28,0,28,74
10/16/2014,RDG,PA,AEA,EN,Combined TRACON& Tower with Radar,0,20,34,7,61,0,9,20,14,43,0,29,54,21,104,68,48,116,220
10/17/2014,RDG,PA,AEA,EN,Combined TRACON& Tower with Radar,0,22,50,3,75,0,20,121,6,147,0,42,171,9,222,160,10,170,392
10/18/2014,RDG,PA,AEA,EN,Combined TRACON& Tower with Radar,1,13,34,0,48,0,11,91,1,103,1,24,125,1,151,66,0,66,217
10/19/2014,RDG,PA,AEA,EN,Combined TRACON& Tower with Radar,2,3,29,0,34,0,3,27,0,30,2,6,56,0,64,22,0,22,86
10/20/2014,RDG,PA,AEA,EN,Combined TRACON& Tower with Radar,0,14,62,15,91,0,7,105,12,124,0,21,167,27,215,132,24,156,371
10/21/2014,RDG,PA,AEA,EN,Combined TRACON& Tower with Radar,0,27,45,30,102,0,1,55,10,66,0,28,100,40,168,100,84,184,352
10/22/2014,RDG,PA,AEA,EN,Combined TRACON& Tower with Radar,0,11,37,3,51,0,6,6,0,12,0,17,43,3,63,0,0,0,63
10/23/2014,RDG,PA,AEA,EN,Combined TRACON& Tower with Radar,0,19,34,2,55,0,2,36,10,48,0,21,70,12,103,38,24,62,165
10/24/2014,RDG,PA,AEA,EN,Combined TRACON& Tower with Radar,0,25,61,5,91,0,14,47,2,63,0,39,108,7,154,12,14,26,180
10/25/2014,RDG,PA,AEA,EN,Combined TRACON& Tower with Radar,4,7,74,0,85,0,16,160,2,178,4,23,234,2,263,92,0,92,355
10/26/2014,RDG,PA,AEA,EN,Combined TRACON& Tower with Radar,0,3,6,0,9,0,0,11,0,11,0,3,17,0,20,0,0,0,20
10/27/2014,RDG,PA,AEA,EN,Combined TRACON& Tower with Radar,0,10,45,4,59,0,12,95,5,112,0,22,140,9,171,96,32,128,299
10/28/2014,RDG,PA,AEA,EN,Combined TRACON& Tower with Radar,0,14,68,8,90,0,12,80,4,96,0,26,148,12,186,94,6,100,286
10/29/2014,RDG,PA,AEA,EN,Combined TRACON& Tower with Radar,0,15,50,0,65,0,3,32,1,36,0,18,82,1,101,6,0,6,107
10/30/2014,RDG,PA,AEA,EN,Combined TRACON& Tower with Radar,0,26,90,0,116,0,36,96,0,132,0,62,186,0,248,118,0,118,366
10/31/2014,RDG,PA,AEA,EN,Combined TRACON& Tower with Radar,0,18,50,0,68,0,16,86,5,107,0,34,136,5,175,56,4,60,235
11/01/2014,RDG,PA,AEA,EN,Combined TRACON& Tower with Radar,0,10,18,0,28,0,0,36,0,36,0,10,54,0,64,4,0,4,68
11/02/2014,RDG,PA,AEA,EN,Combined TRACON& Tower with Radar,0,7,15,0,22,0,3,10,0,13,0,10,25,0,35,0,0,0,35
11/03/2014,RDG,PA,AEA,EN,Combined TRACON& Tower with Radar,0,18,48,3,69,0,16,75,5,96,0,34,123,8,165,56,46,102,267
11/04/2014,RDG,PA,AEA,EN,Combined TRACON& Tower with Radar,0,23,62,1,86,0,9,125,19,153,0,32,187,20,239,112,36,148,387
11/05/2014,RDG,PA,AEA,EN,Combined TRACON& Tower with Radar,0,13,56,19,88,0,18,90,1,109,0,31,146,20,197,56,46,102,299
11/06/2014,RDG,PA,AEA,EN,Combined TRACON& Tower with Radar,0,14,64,0,78,0,0,2,0,2,0,14,66,0,80,12,0,12,92
11/07/2014,RDG,PA,AEA,EN,Combined TRACON& Tower with Radar,1,19,40,2,62,0,15,40,12,67,1,34,80,14,129,108,52,160,289
11/08/2014,RDG,PA,AEA,EN,Combined TRACON& Tower with Radar,2,13,56,0,71,0,9,174,0,183,2,22,230,0,254,30,0,30,284
11/09/2014,RDG,PA,AEA,EN,Combined TRACON& Tower with Radar,2,2,48,0,52,0,1,111,0,112,2,3,159,0,164,98,0,98,262
11/10/2014,RDG,PA,AEA,EN,Combined TRACON& Tower with Radar,0,17,60,1,78,0,14,89,2,105,0,31,149,3,183,106,8,114,297
11/11/2014,RDG,PA,AEA,EN,Combined TRACON& Tower with Radar,0,20,44,0,64,0,3,1,0,4,0,23,45,0,68,2,0,2,70
11/12/2014,RDG,PA,AEA,EN,Combined TRACON& Tower with Radar,0,28,58,1,87,0,10,55,1,66,0,38,113,2,153,28,0,28,181
11/13/2014,RDG,PA,AEA,EN,Combined TRACON& Tower with Radar,0,38,58,0,96,0,4,59,0,63,0,42,117,0,159,40,0,40,199
11/14/2014,RDG,PA,AEA,EN,Combined TRACON& Tower with Radar,0,26,41,0,67,0,11,36,3,50,0,37,77,3,117,14,2,16,133
11/15/2014,RDG,PA,AEA,EN,Combined TRACON& Tower with Radar,3,8,44,0,55,0,2,110,0,112,3,10,154,0,167,118,0,118,285
11/16/2014,RDG,PA,AEA,EN,Combined TRACON& Tower with Radar,0,8,21,0,29,0,4,80,0,84,0,12,101,0,113,68,0,68,181
11/17/2014,RDG,PA,AEA,EN,Combined TRACON& Tower with Radar,0,14,17,0,31,0,6,7,0,13,0,20,24,0,44,0,0,0,44
11/18/2014,RDG,PA,AEA,EN,Combined TRACON& Tower with Radar,0,41,33,0,74,0,5,9,1,15,0,46,42,1,89,4,0,4,93
11/19/2014,RDG,PA,AEA,EN,Combined TRACON& Tower with Radar,0,15,59,0,74,0,20,65,5,90,0,35,124,5,164,38,2,40,204
11/20/2014,RDG,PA,AEA,EN,Combined TRACON& Tower with Radar,0,28,47,10,85,0,10,44,22,76,0,38,91,32,161,6,46,52,213
11/21/2014,RDG,PA,AEA,EN,Combined TRACON& Tower with Radar,0,22,27,13,62,0,13,21,11,45,0,35,48,24,107,0,42,42,149
11/22/2014,RDG,PA,AEA,EN,Combined TRACON& Tower with Radar,0,5,18,0,23,0,2,72,0,74,0,7,90,0,97,70,0,70,167
11/23/2014,RDG,PA,AEA,EN,Combined TRACON& Tower with Radar,0,8,51,0,59,0,4,107,0,111,0,12,158,0,170,66,0,66,236
11/24/2014,RDG,PA,AEA,EN,Combined TRACON& Tower with Radar,0,17,31,3,51,0,3,11,2,16,0,20,42,5,67,0,10,10,77
11/25/2014,RDG,PA,AEA,EN,Combined TRACON& Tower with Radar,0,24,54,3,81,0,12,59,8,79,0,36,113,11,160,31,12,43,203
11/26/2014,RDG,PA,AEA,EN,Combined TRACON& Tower with Radar,0,12,8,0,20,0,0,0,0,0,0,12,8,0,20,0,0,0,20
11/27/2014,RDG,PA,AEA,EN,Combined TRACON& Tower with Radar,0,4,0,0,4,0,0,6,0,6,0,4,6,0,10,0,0,0,10
11/28/2014,RDG,PA,AEA,EN,Combined TRACON& Tower with Radar,0,8,29,0,37,0,4,33,2,39,0,12,62,2,76,16,2,18,94
11/29/2014,RDG,PA,AEA,EN,Combined TRACON& Tower with Radar,0,12,30,0,42,0,1,30,0,31,0,13,60,0,73,62,0,62,135
11/30/2014,RDG,PA,AEA,EN,Combined TRACON& Tower with Radar,0,2,47,0,49,0,3,75,0,78,0,5,122,0,127,44,0,44,171
12/01/2014,RDG,PA,AEA,EN,Combined TRACON& Tower with Radar,0,32,29,4,65,0,6,45,3,54,0,38,74,7,119,66,10,76,195
12/02/2014,RDG,PA,AEA,EN,Combined TRACON& Tower with Radar,0,24,30,0,54,0,5,11,0,16,0,29,41,0,70,0,0,0,70
12/03/2014,RDG,PA,AEA,EN,Combined TRACON& Tower with Radar,0,33,13,2,48,0,8,2,1,11,0,41,15,3,59,34,0,34,93
12/04/2014,RDG,PA,AEA,EN,Combined TRACON& Tower with Radar,0,15,70,5,90,0,11,102,10,123,0,26,172,15,213,112,10,122,335
12/05/2014,RDG,PA,AEA,EN,Combined TRACON& Tower with Radar,0,17,34,11,62,0,9,14,2,25,0,26,48,13,87,4,0,4,91
12/06/2014,RDG,PA,AEA,EN,Combined TRACON& Tower with Radar,0,8,23,0,31,0,0,0,0,0,0,8,23,0,31,0,0,0,31
12/07/2014,RDG,PA,AEA,EN,Combined TRACON& Tower with Radar,0,0,40,0,40,0,5,62,1,68,0,5,102,1,108,86,0,86,194
12/08/2014,RDG,PA,AEA,EN,Combined TRACON& Tower with Radar,0,21,19,1,41,0,5,15,5,25,0,26,34,6,66,74,46,120,186
12/09/2014,RDG,PA,AEA,EN,Combined TRACON& Tower with Radar,0,19,25,0,44,0,4,0,4,8,0,23,25,4,52,0,20,20,72
12/10/2014,RDG,PA,AEA,EN,Combined TRACON& Tower with Radar,0,30,24,3,57,0,2,1,7,10,0,32,25,10,67,0,6,6,73
12/11/2014,RDG,PA,AEA,EN,Combined TRACON& Tower with Radar,0,18,53,0,71,0,1,3,0,4,0,19,56,0,75,0,0,0,75
12/12/2014,RDG,PA,AEA,EN,Combined TRACON& Tower with Radar,0,20,46,0,66,0,10,62,0,72,0,30,108,0,138,124,0,124,262
12/13/2014,RDG,PA,AEA,EN,Combined TRACON& Tower with Radar,0,10,35,0,45,0,1,59,1,61,0,11,94,1,106,20,0,20,126
12/14/2014,RDG,PA,AEA,EN,Combined TRACON& Tower with Radar,0,2,34,0,36,0,1,66,0,67,0,3,100,0,103,81,0,81,184
12/15/2014,RDG,PA,AEA,EN,Combined TRACON& Tower with Radar,0,27,67,6,100,0,31,57,2,90,0,58,124,8,190,102,2,104,294
12/16/2014,RDG,PA,AEA,EN,Combined TRACON& Tower with Radar,0,16,40,0,56,0,0,1,0,1,0,16,41,0,57,0,0,0,57
12/17/2014,RDG,PA,AEA,EN,Combined TRACON& Tower with Radar,0,33,55,3,91,0,8,26,2,36,0,41,81,5,127,4,0,4,131
12/18/2014,RDG,PA,AEA,EN,Combined TRACON& Tower with Radar,0,25,55,3,83,0,18,53,3,74,0,43,108,6,157,74,6,80,237
12/19/2014,RDG,PA,AEA,EN,Combined TRACON& Tower with Radar,0,25,29,0,54,0,3,62,0,65,0,28,91,0,119,126,0,126,245
12/20/2014,RDG,PA,AEA,EN,Combined TRACON& Tower with Radar,0,23,54,0,77,0,13,100,0,113,0,36,154,0,190,62,0,62,252
12/21/2014,RDG,PA,AEA,EN,Combined TRACON& Tower with Radar,0,0,45,0,45,0,7,92,0,99,0,7,137,0,144,46,8,54,198
12/22/2014,RDG,PA,AEA,EN,Combined TRACON& Tower with Radar,0,10,20,8,38,0,7,27,5,39,0,17,47,13,77,46,2,48,125
12/23/2014,RDG,PA,AEA,EN,Combined TRACON& Tower with Radar,0,16,17,0,33,0,0,0,0,0,0,16,17,0,33,0,0,0,33
12/24/2014,RDG,PA,AEA,EN,Combined TRACON& Tower with Radar,0,9,8,0,17,0,0,0,0,0,0,9,8,0,17,0,0,0,17
12/25/2014,RDG,PA,AEA,EN,Combined TRACON& Tower with Radar,0,2,3,0,5,0,0,0,0,0,0,2,3,0,5,0,0,0,5
12/26/2014,RDG,PA,AEA,EN,Combined TRACON& Tower with Radar,0,12,42,0,54,0,14,89,0,103,0,26,131,0,157,88,0,88,245
12/27/2014,RDG,PA,AEA,EN,Combined TRACON& Tower with Radar,0,8,38,1,47,0,9,91,0,100,0,17,129,1,147,206,0,206,353
12/28/2014,RDG,PA,AEA,EN,Combined TRACON& Tower with Radar,0,7,33,0,40,0,1,35,0,36,0,8,68,0,76,74,0,74,150
12/29/2014,RDG,PA,AEA,EN,Combined TRACON& Tower with Radar,0,33,53,6,92,0,28,119,0,147,0,61,172,6,239,84,2,86,325
12/30/2014,RDG,PA,AEA,EN,Combined TRACON& Tower with Radar,0,26,80,5,111,0,55,81,8,144,0,81,161,13,255,88,2,90,345
12/31/2014,RDG,PA,AEA,EN,Combined TRACON& Tower with Radar,0,12,13,0,25,0,4,42,0,46,0,16,55,0,71,4,0,4,75
01/01/2015,RDG,PA,AEA,EN,Combined TRACON& Tower with Radar,0,7,11,0,18,0,2,25,0,27,0,9,36,0,45,4,0,4,49
01/02/2015,RDG,PA,AEA,EN,Combined TRACON& Tower with Radar,0,12,24,2,38,0,13,74,7,94,0,25,98,9,132,20,8,28,160
01/03/2015,RDG,PA,AEA,EN,Combined TRACON& Tower with Radar,0,10,2,0,12,0,0,0,0,0,0,10,2,0,12,0,0,0,12
01/04/2015,RDG,PA,AEA,EN,Combined TRACON& Tower with Radar,0,4,18,0,22,0,0,0,0,0,0,4,18,0,22,4,0,4,26
01/05/2015,RDG,PA,AEA,EN,Combined TRACON& Tower with Radar,0,5,9,0,14,0,0,4,0,4,0,5,13,0,18,0,0,0,18
01/06/2015,RDG,PA,AEA,EN,Combined TRACON& Tower with Radar,0,17,13,0,30,0,7,3,0,10,0,24,16,0,40,0,0,0,40
01/07/2015,RDG,PA,AEA,EN,Combined TRACON& Tower with Radar,0,22,16,4,42,0,6,8,0,14,0,28,24,4,56,0,0,0,56
01/08/2015,RDG,PA,AEA,EN,Combined TRACON& Tower with Radar,0,22,36,2,60,0,21,44,2,67,0,43,80,4,127,22,4,26,153
01/09/2015,RDG,PA,AEA,EN,Combined TRACON& Tower with Radar,0,9,22,5,36,0,10,30,5,45,0,19,52,10,81,12,6,18,99
01/10/2015,RDG,PA,AEA,EN,Combined TRACON& Tower with Radar,0,6,39,0,45,0,17,79,0,96,0,23,118,0,141,82,4,86,227
01/11/2015,RDG,PA,AEA,EN,Combined TRACON& Tower with Radar,0,1,74,4,79,0,6,87,1,94,0,7,161,5,173,68,4,72,245
01/12/2015,RDG,PA,AEA,EN,Combined TRACON& Tower with Radar,0,16,17,0,33,0,2,0,0,2,0,18,17,0,35,0,0,0,35
01/13/2015,RDG,PA,AEA,EN,Combined TRACON& Tower with Radar,0,22,41,3,66,0,6,62,0,68,0,28,103,3,134,24,0,24,158
01/14/2015,RDG,PA,AEA,EN,Combined TRACON& Tower with Radar,0,22,38,1,61,0,18,22,15,55,0,40,60,16,116,18,4,22,138
01/15/2015,RDG,PA,AEA,EN,Combined TRACON& Tower with Radar,0,25,48,3,76,0,18,40,3,61,0,43,88,6,137,54,0,54,191
01/16/2015,RDG,PA,AEA,EN,Combined TRACON& Tower with Radar,0,16,26,3,45,0,8,13,1,22,0,24,39,4,67,0,2,2,69
01/17/2015,RDG,PA,AEA,EN,Combined TRACON& Tower with Radar,0,8,71,0,79,0,19,114,0,133,0,27,185,0,212,106,0,106,318
01/18/2015,RDG,PA,AEA,EN,Combined TRACON& Tower with Radar,0,0,7,0,7,0,0,0,0,0,0,0,7,0,7,0,0,0,7
01/19/2015,RDG,PA,AEA,EN,Combined TRACON& Tower with Radar,0,17,30,0,47,0,20,15,0,35,0,37,45,0,82,4,0,4,86
01/20/2015,RDG,PA,AEA,EN,Combined TRACON& Tower with Radar,0,16,33,4,53,0,6,27,4,37,0,22,60,8,90,16,0,16,106
01/21/2015,RDG,PA,AEA,EN,Combined TRACON& Tower with Radar,0,19,14,0,33,0,3,2,1,6,0,22,16,1,39,0,0,0,39
01/22/2015,RDG,PA,AEA,EN,Combined TRACON& Tower with Radar,0,17,41,3,61,0,1,2,3,6,0,18,43,6,67,2,6,8,75
01/23/2015,RDG,PA,AEA,EN,Combined TRACON& Tower with Radar,0,16,51,5,72,0,22,59,2,83,0,38,110,7,155,64,12,76,231
01/24/2015,RDG,PA,AEA,EN,Combined TRACON& Tower with Radar,0,11,0,4,15,0,10,2,6,18,0,21,2,10,33,0,12,12,45
01/25/2015,RDG,PA,AEA,EN,Combined TRACON& Tower with Radar,0,1,32,0,33,0,4,30,1,35,0,5,62,1,68,28,16,44,112
01/26/2015,RDG,PA,AEA,EN,Combined TRACON& Tower with Radar,0,14,4,0,18,0,0,0,0,0,0,14,4,0,18,0,0,0,18
01/27/2015,RDG,PA,AEA,EN,Combined TRACON& Tower with Radar,0,21,30,0,51,0,6,8,0,14,0,27,38,0,65,2,0,2,67
01/28/2015,RDG,PA,AEA,EN,Combined TRACON& Tower with Radar,0,22,48,14,84,0,21,29,16,66,0,43,77,30,150,18,28,46,196
01/29/2015,RDG,PA,AEA,EN,Combined TRACON& Tower with Radar,0,17,67,1,85,0,20,39,3,62,0,37,106,4,147,24,0,24,171
01/30/2015,RDG,PA,AEA,EN,Combined TRACON& Tower with Radar,0,18,31,12,61,0,6,3,1,10,0,24,34,13,71,2,8,10,81
01/31/2015,RDG,PA,AEA,EN,Combined TRACON& Tower with Radar,0,16,12,0,28,0,4,20,0,24,0,20,32,0,52,0,0,0,52
02/01/2015,RDG,PA,AEA,EN,Combined TRACON& Tower with Radar,0,5,21,0,26,0,1,48,0,49,0,6,69,0,75,42,0,42,117
02/02/2015,RDG,PA,AEA,EN,Combined TRACON& Tower with Radar,0,10,8,1,19,0,3,0,0,3,0,13,8,1,22,0,0,0,22
02/03/2015,RDG,PA,AEA,EN,Combined TRACON& Tower with Radar,0,20,51,9,80,0,14,62,11,87,0,34,113,20,167,60,14,74,241
02/04/2015,RDG,PA,AEA,EN,Combined TRACON& Tower with Radar,0,17,53,5,75,0,9,85,3,97,0,26,138,8,172,94,12,106,278
02/05/2015,RDG,PA,AEA,EN,Combined TRACON& Tower with Radar,0,20,25,7,52,0,7,15,1,23,0,27,40,8,75,0,0,0,75
02/06/2015,RDG,PA,AEA,EN,Combined TRACON& Tower with Radar,0,19,40,23,82,0,17,69,16,102,0,36,109,39,184,16,38,54,238
02/07/2015,RDG,PA,AEA,EN,Combined TRACON& Tower with Radar,0,7,67,9,83,0,5,102,7,114,0,12,169,16,197,86,2,88,285
02/08/2015,RDG,PA,AEA,EN,Combined TRACON& Tower with Radar,1,1,60,4,66,0,5,50,1,56,1,6,110,5,122,144,0,144,266
02/09/2015,RDG,PA,AEA,EN,Combined TRACON& Tower with Radar,0,12,4,0,16,0,0,0,0,0,0,12,4,0,16,0,0,0,16
02/10/2015,RDG,PA,AEA,EN,Combined TRACON& Tower with Radar,0,21,18,16,55,0,1,17,16,34,0,22,35,32,89,12,22,34,123
02/11/2015,RDG,PA,AEA,EN,Combined TRACON& Tower with Radar,0,20,33,15,68,0,18,87,3,108,0,38,120,18,176,42,38,80,256
02/12/2015,RDG,PA,AEA,EN,Combined TRACON& Tower with Radar,0,15,36,0,51,0,9,19,6,34,0,24,55,6,85,6,24,30,115
02/13/2015,RDG,PA,AEA,EN,Combined TRACON& Tower with Radar,0,16,27,3,46,0,9,19,0,28,0,25,46,3,74,0,0,0,74
02/14/2015,RDG,PA,AEA,EN,Combined TRACON& Tower with Radar,0,16,2,0,18,0,0,4,0,4,0,16,6,0,22,14,0,14,36
02/15/2015,RDG,PA,AEA,EN,Combined TRACON& Tower with Radar,0,3,3,0,6,0,0,0,0,0,0,3,3,0,6,0,0,0,6
02/16/2015,RDG,PA,AEA,EN,Combined TRACON& Tower with Radar,0,26,33,0,59,0,4,11,0,15,0,30,44,0,74,8,0,8,82
02/17/2015,RDG,PA,AEA,EN,Combined TRACON& Tower with Radar,0,23,22,5,50,0,20,23,6,49,0,43,45,11,99,6,30,36,135
02/18/2015,RDG,PA,AEA,EN,Combined TRACON& Tower with Radar,0,35,50,31,116,0,9,36,6,51,0,44,86,37,167,12,16,28,195
02/19/2015,RDG,PA,AEA,EN,Combined TRACON& Tower with Radar,0,42,27,4,73,0,14,19,12,45,0,56,46,16,118,20,24,44,162
02/20/2015,RDG,PA,AEA,EN,Combined TRACON& Tower with Radar,0,23,22,0,45,0,0,22,2,24,0,23,44,2,69,4,0,4,73
02/21/2015,RDG,PA,AEA,EN,Combined TRACON& Tower with Radar,0,7,27,0,34,0,8,8,0,16,0,15,35,0,50,24,0,24,74
02/22/2015,RDG,PA,AEA,EN,Combined TRACON& Tower with Radar,4,4,25,0,33,0,4,18,0,22,4,8,43,0,55,16,0,16,71
02/23/2015,RDG,PA,AEA,EN,Combined TRACON& Tower with Radar,0,8,12,13,33,0,16,24,8,48,0,24,36,21,81,6,10,16,97
02/24/2015,RDG,PA,AEA,EN,Combined TRACON& Tower with Radar,0,31,46,29,106,0,15,68,23,106,0,46,114,52,212,60,84,144,356
02/25/2015,RDG,PA,AEA,EN,Combined TRACON& Tower with Radar,0,20,60,8,88,0,7,53,4,64,0,27,113,12,152,16,0,16,168
02/26/2015,RDG,PA,AEA,EN,Combined TRACON& Tower with Radar,0,30,18,7,55,0,2,10,4,16,0,32,28,11,71,10,0,10,81
02/27/2015,RDG,PA,AEA,EN,Combined TRACON& Tower with Radar,0,21,43,12,76,0,14,84,11,109,0,35,127,23,185,76,34,110,295
02/28/2015,RDG,PA,AEA,EN,Combined TRACON& Tower with Radar,4,28,68,0,100,0,3,157,0,160,4,31,225,0,260,199,4,203,463
03/01/2015,RDG,PA,AEA,EN,Combined TRACON& Tower with Radar,0,2,13,0,15,0,2,0,0,2,0,4,13,0,17,0,0,0,17
03/02/2015,RDG,PA,AEA,EN,Combined TRACON& Tower with Radar,0,31,24,6,61,0,10,13,2,25,0,41,37,8,86,16,30,46,132
03/03/2015,RDG,PA,AEA,EN,Combined TRACON& Tower with Radar,0,14,17,0,31,0,4,7,1,12,0,18,24,1,43,40,0,40,83
03/04/2015,RDG,PA,AEA,EN,Combined TRACON& Tower with Radar,0,19,26,0,45,0,0,0,0,0,0,19,26,0,45,0,0,0,45
03/05/2015,RDG,PA,AEA,EN,Combined TRACON& Tower with Radar,0,12,8,0,20,0,0,0,0,0,0,12,8,0,20,0,0,0,20
03/06/2015,RDG,PA,AEA,EN,Combined TRACON& Tower with Radar,0,23,45,7,75,0,15,59,1,75,0,38,104,8,150,18,2,20,170
03/07/2015,RDG,PA,AEA,EN,Combined TRACON& Tower with Radar,0,8,39,10,57,0,2,95,12,109,0,10,134,22,166,128,24,152,318
03/08/2015,RDG,PA,AEA,EN,Combined TRACON& Tower with Radar,0,5,51,0,56,0,3,61,4,68,0,8,112,4,124,86,8,94,218
03/09/2015,RDG,PA,AEA,EN,Combined TRACON& Tower with Radar,0,13,29,8,50,0,14,58,4,76,0,27,87,12,126,50,6,56,182
03/10/2015,RDG,PA,AEA,EN,Combined TRACON& Tower with Radar,0,19,45,6,70,0,1,16,1,18,0,20,61,7,88,14,0,14,102
03/11/2015,RDG,PA,AEA,EN,Combined TRACON& Tower with Radar,0,20,48,8,76,0,9,55,16,80,0,29,103,24,156,80,14,94,250
03/12/2015,RDG,PA,AEA,EN,Combined TRACON& Tower with Radar,0,10,52,14,76,0,19,71,13,103,0,29,123,27,179,36,10,46,225
03/13/2015,RDG,PA,AEA,EN,Combined TRACON& Tower with Radar,0,19,34,8,61,0,23,67,19,109,0,42,101,27,170,146,48,194,364
03/14/2015,RDG,PA,AEA,EN,Combined TRACON& Tower with Radar,0,9,5,0,14,0,0,0,0,0,0,9,5,0,14,0,0,0,14
03/15/2015,RDG,PA,AEA,EN,Combined TRACON& Tower with Radar,4,1,39,0,44,0,4,17,0,21,4,5,56,0,65,4,0,4,69
03/16/2015,RDG,PA,AEA,EN,Combined TRACON& Tower with Radar,0,19,31,5,55,0,11,105,4,120,0,30,136,9,175,84,8,92,267
03/17/2015,RDG,PA,AEA,EN,Combined TRACON& Tower with Radar,0,19,39,8,66,0,3,19,12,34,0,22,58,20,100,18,30,48,148
03/18/2015,RDG,PA,AEA,EN,Combined TRACON& Tower with Radar,0,13,22,8,43,0,13,34,4,51,0,26,56,12,94,6,2,8,102
03/19/2015,RDG,PA,AEA,EN,Combined TRACON& Tower with Radar,0,28,78,12,118,0,14,132,12,158,0,42,210,24,276,134,22,156,432
03/20/2015,RDG,PA,AEA,EN,Combined TRACON& Tower with Radar,0,14,13,0,27,0,2,0,0,2,0,16,13,0,29,0,0,0,29
03/21/2015,RDG,PA,AEA,EN,Combined TRACON& Tower with Radar,2,8,25,0,35,0,1,25,0,26,2,9,50,0,61,30,0,30,91
03/22/2015,RDG,PA,AEA,EN,Combined TRACON& Tower with Radar,2,5,39,0,46,0,11,101,0,112,2,16,140,0,158,42,0,42,200
03/23/2015,RDG,PA,AEA,EN,Combined TRACON& Tower with Radar,0,9,40,14,63,0,7,80,5,92,0,16,120,19,155,50,61,111,266
03/24/2015,RDG,PA,AEA,EN,Combined TRACON& Tower with Radar,0,15,78,9,102,0,18,84,16,118,0,33,162,25,220,102,50,152,372
03/25/2015,RDG,PA,AEA,EN,Combined TRACON& Tower with Radar,0,13,22,6,41,0,8,32,5,45,0,21,54,11,86,2,18,20,106
03/26/2015,RDG,PA,AEA,EN,Combined TRACON& Tower with Radar,0,20,30,0,50,0,0,1,0,1,0,20,31,0,51,0,0,0,51
03/27/2015,RDG,PA,AEA,EN,Combined TRACON& Tower with Radar,0,15,43,4,62,0,0,67,3,70,0,15,110,7,132,58,4,62,194
03/28/2015,RDG,PA,AEA,EN,Combined TRACON& Tower with Radar,4,7,10,0,21,0,4,33,0,37,4,11,43,0,58,20,0,20,78
03/29/2015,RDG,PA,AEA,EN,Combined TRACON& Tower with Radar,0,5,61,0,66,0,20,124,2,146,0,25,185,2,212,70,0,70,282
03/30/2015,RDG,PA,AEA,EN,Combined TRACON& Tower with Radar,0,22,28,6,56,0,2,27,0,29,0,24,55,6,85,0,30,30,115
03/31/2015,RDG,PA,AEA,EN,Combined TRACON& Tower with Radar,0,22,23,5,50,0,3,21,0,24,0,25,44,5,74,66,0,66,140
04/01/2015,RDG,PA,AEA,EN,Combined TRACON& Tower with Radar,0,12,50,7,69,0,30,134,6,170,0,42,184,13,239,76,18,94,333
04/02/2015,RDG,PA,AEA,EN,Combined TRACON& Tower with Radar,0,17,42,5,64,0,3,54,7,64,0,20,96,12,128,36,20,56,184
04/03/2015,RDG,PA,AEA,EN,Combined TRACON& Tower with Radar,0,21,34,0,55,0,4,1,0,5,0,25,35,0,60,26,0,26,86
04/04/2015,RDG,PA,AEA,EN,Combined TRACON& Tower with Radar,0,13,8,0,21,0,6,4,0,10,0,19,12,0,31,0,0,0,31
04/05/2015,RDG,PA,AEA,EN,Combined TRACON& Tower with Radar,0,0,14,1,15,0,4,8,0,12,0,4,22,1,27,0,0,0,27
04/06/2015,RDG,PA,AEA,EN,Combined TRACON& Tower with Radar,0,11,58,0,69,0,8,72,0,80,0,19,130,0,149,124,0,124,273
04/07/2015,RDG,PA,AEA,EN,Combined TRACON& Tower with Radar,0,19,17,0,36,0,10,9,0,19,0,29,26,0,55,0,0,0,55
04/08/2015,RDG,PA,AEA,EN,Combined TRACON& Tower with Radar,0,18,20,1,39,0,4,2,0,6,0,22,22,1,45,0,0,0,45
04/09/2015,RDG,PA,AEA,EN,Combined TRACON& Tower with Radar,0,31,34,0,65,0,0,0,0,0,0,31,34,0,65,0,0,0,65
04/10/2015,RDG,PA,AEA,EN,Combined TRACON& Tower with Radar,0,19,16,0,35,0,0,0,0,0,0,19,16,0,35,0,0,0,35
04/11/2015,RDG,PA,AEA,EN,Combined TRACON& Tower with Radar,2,22,41,0,65,0,4,49,12,65,2,26,90,12,130,20,10,30,160
04/12/2015,RDG,PA,AEA,EN,Combined TRACON& Tower with Radar,2,4,49,0,55,0,13,187,0,200,2,17,236,0,255,126,0,126,381
04/13/2015,RDG,PA,AEA,EN,Combined TRACON& Tower with Radar,0,23,73,12,108,0,9,82,6,97,0,32,155,18,205,60,26,86,291
04/14/2015,RDG,PA,AEA,EN,Combined TRACON& Tower with Radar,0,31,44,2,77,0,18,31,3,52,0,49,75,5,129,60,10,70,199
04/15/2015,RDG,PA,AEA,EN,Combined TRACON& Tower with Radar,0,24,92,5,121,0,18,110,9,137,0,42,202,14,258,86,10,96,354
04/16/2015,RDG,PA,AEA,EN,Combined TRACON& Tower with Radar,0,19,49,8,76,0,22,91,17,130,0,41,140,25,206,42,28,70,276
04/17/2015,RDG,PA,AEA,EN,Combined TRACON& Tower with Radar,0,19,55,3,77,0,2,29,1,32,0,21,84,4,109,26,4,30,139
04/18/2015,RDG,PA,AEA,EN,Combined TRACON& Tower with Radar,4,6,56,0,66,0,15,113,0,128,4,21,169,0,194,84,0,84,278
04/19/2015,RDG,PA,AEA,EN,Combined TRACON& Tower with Radar,0,1,49,2,52,0,5,77,1,83,0,6,126,3,135,92,8,100,235
04/20/2015,RDG,PA,AEA,EN,Combined TRACON& Tower with Radar,0,20,24,0,44,0,14,4,0,18,0,34,28,0,62,0,0,0,62
04/21/2015,RDG,PA,AEA,EN,Combined TRACON& Tower with Radar,0,28,29,8,65,0,17,25,13,55,0,45,54,21,120,20,32,52,172
04/22/2015,RDG,PA,AEA,EN,Combined TRACON& Tower with Radar,0,27,55,2,84,0,5,23,8,36,0,32,78,10,120,8,10,18,138
04/23/2015,RDG,PA,AEA,EN,Combined TRACON& Tower with Radar,0,14,61,6,81,0,6,28,12,46,0,20,89,18,127,4,22,26,153
04/24/2015,RDG,PA,AEA,EN,Combined TRACON& Tower with Radar,0,14,12,4,30,0,7,26,4,37,0,21,38,8,67,4,10,14,81
04/25/2015,RDG,PA,AEA,EN,Combined TRACON& Tower with Radar,0,14,53,2,69,0,20,80,0,100,0,34,133,2,169,104,0,104,273
04/26/2015,RDG,PA,AEA,EN,Combined TRACON& Tower with Radar,0,8,71,1,80,0,6,127,3,136,0,14,198,4,216,108,0,108,324
04/27/2015,RDG,PA,AEA,EN,Combined TRACON& Tower with Radar,0,14,57,0,71,0,21,79,0,100,0,35,136,0,171,62,0,62,233
04/28/2015,RDG,PA,AEA,EN,Combined TRACON& Tower with Radar,0,14,37,11,62,0,9,47,8,64,0,23,84,19,126,20,26,46,172
04/29/2015,RDG,PA,AEA,EN,Combined TRACON& Tower with Radar,0,27,49,2,78,0,23,109,10,142,0,50,158,12,220,90,8,98,318
04/30/2015,RDG,PA,AEA,EN,Combined TRACON& Tower with Radar,0,18,47,14,79,0,16,69,6,91,0,34,116,20,170,54,36,90,260
05/01/2015,RDG,PA,AEA,EN,Combined TRACON& Tower with Radar,0,17,43,0,60,1,22,29,4,56,1,39,72,4,116,36,0,36,152
05/02/2015,RDG,PA,AEA,EN,Combined TRACON& Tower with Radar,0,12,15,0,27,0,14,97,6,117,0,26,112,6,144,64,10,74,218
05/03/2015,RDG,PA,AEA,EN,Combined TRACON& Tower with Radar,0,2,74,0,76,0,11,76,3,90,0,13,150,3,166,90,4,94,260
05/04/2015,RDG,PA,AEA,EN,Combined TRACON& Tower with Radar,0,11,45,0,56,0,15,64,8,87,0,26,109,8,143,22,0,22,165
05/05/2015,RDG,PA,AEA,EN,Combined TRACON& Tower with Radar,0,12,45,6,63,0,30,33,10,73,0,42,78,16,136,54,12,66,202
05/06/2015,RDG,PA,AEA,EN,Combined TRACON& Tower with Radar,0,21,45,3,69,0,7,51,0,58,0,28,96,3,127,12,2,14,141
05/07/2015,RDG,PA,AEA,EN,Combined TRACON& Tower with Radar,0,19,51,0,70,0,23,70,0,93,0,42,121,0,163,76,0,76,239
05/08/2015,RDG,PA,AEA,EN,Combined TRACON& Tower with Radar,0,17,58,17,92,0,18,94,1,113,0,35,152,18,205,62,10,72,277
05/09/2015,RDG,PA,AEA,EN,Combined TRACON& Tower with Radar,2,6,35,0,43,0,2,7,0,9,2,8,42,0,52,2,0,2,54
05/10/2015,RDG,PA,AEA,EN,Combined TRACON& Tower with Radar,2,5,35,0,42,0,4,50,1,55,2,9,85,1,97,6,0,6,103
05/11/2015,RDG,PA,AEA,EN,Combined TRACON& Tower with Radar,0,18,73,11,102,0,5,43,6,54,0,23,116,17,156,56,0,56,212
05/12/2015,RDG,PA,AEA,EN,Combined TRACON& Tower with Radar,0,24,70,11,105,0,16,33,1,50,0,40,103,12,155,46,24,70,225
05/13/2015,RDG,PA,AEA,EN,Combined TRACON& Tower with Radar,0,24,58,3,85,0,5,52,10,67,0,29,110,13,152,48,10,58,210
05/14/2015,RDG,PA,AEA,EN,Combined TRACON& Tower with Radar,0,27,52,2,81,0,17,133,4,154,0,44,185,6,235,90,22,112,347
05/15/2015,RDG,PA,AEA,EN,Combined TRACON& Tower with Radar,0,21,28,3,52,0,7,64,5,76,0,28,92,8,128,56,2,58,186
05/16/2015,RDG,PA,AEA,EN,Combined TRACON& Tower with Radar,2,15,17,0,34,0,8,40,4,52,2,23,57,4,86,54,0,54,140
05/17/2015,RDG,PA,AEA,EN,Combined TRACON& Tower with Radar,2,14,54,0,70,0,4,39,2,45,2,18,93,2,115,10,28,38,153
05/18/2015,RDG,PA,AEA,EN,Combined TRACON& Tower with Radar,0,22,49,8,79,0,13,21,6,40,0,35,70,14,119,12,10,22,141
05/19/2015,RDG,PA,AEA,EN,Combined TRACON& Tower with Radar,0,26,42,0,68,0,4,14,11,29,0,30,56,11,97,184,0,184,281
05/20/2015,RDG,PA,AEA,EN,Combined TRACON& Tower with Radar,0,36,61,14,111,0,17,115,14,146,0,53,176,28,257,40,28,68,325
05/21/2015,RDG,PA,AEA,EN,Combined TRACON& Tower with Radar,0,20,80,0,100,0,14,38,6,58,0,34,118,6,158,66,18,84,242
05/22/2015,RDG,PA,AEA,EN,Combined TRACON& Tower with Radar,0,25,29,0,54,0,9,61,0,70,0,34,90,0,124,10,0,10,134
05/23/2015,RDG,PA,AEA,EN,Combined TRACON& Tower with Radar,4,8,36,0,48,0,5,104,0,109,4,13,140,0,157,64,0,64,221
05/24/2015,RDG,PA,AEA,EN,Combined TRACON& Tower with Radar,0,0,20,0,20,0,2,96,1,99,0,2,116,1,119,72,0,72,191
05/25/2015,RDG,PA,AEA,EN,Combined TRACON& Tower with Radar,0,4,9,0,13,0,7,38,0,45,0,11,47,0,58,54,0,54,112
05/26/2015,RDG,PA,AEA,EN,Combined TRACON& Tower with Radar,0,18,49,2,69,0,14,97,5,116,0,32,146,7,185,144,2,146,331
05/27/2015,RDG,PA,AEA,EN,Combined TRACON& Tower with Radar,0,15,44,0,59,0,12,45,3,60,0,27,89,3,119,32,8,40,159
05/28/2015,RDG,PA,AEA,EN,Combined TRACON& Tower with Radar,0,11,72,5,88,0,26,48,6,80,0,37,120,11,168,102,8,110,278
05/29/2015,RDG,PA,AEA,EN,Combined TRACON& Tower with Radar,0,22,36,3,61,0,17,85,4,106,0,39,121,7,167,46,30,76,243
05/30/2015,RDG,PA,AEA,EN,Combined TRACON& Tower with Radar,2,11,58,0,71,0,9,62,0,71,2,20,120,0,142,6,0,6,148
05/31/2015,RDG,PA,AEA,EN,Combined TRACON& Tower with Radar,2,0,33,0,35,0,2,30,0,32,2,2,63,0,67,62,0,62,129
06/01/2015,RDG,PA,AEA,EN,Combined TRACON& Tower with Radar,0,12,16,0,28,0,0,0,0,0,0,12,16,0,28,0,0,0,28
06/02/2015,RDG,PA,AEA,EN,Combined TRACON& Tower with Radar,0,23,63,4,90,0,0,2,0,2,0,23,65,4,92,0,0,0,92
06/03/2015,RDG,PA,AEA,EN,Combined TRACON& Tower with Radar,0,24,64,17,105,0,12,40,0,52,0,36,104,17,157,8,32,40,197
06/04/2015,RDG,PA,AEA,EN,Combined TRACON& Tower with Radar,0,27,87,6,120,0,18,65,6,89,0,45,152,12,209,46,4,50,259
06/05/2015,RDG,PA,AEA,EN,Combined TRACON& Tower with Radar,0,25,64,3,92,0,432,158,22,612,0,457,222,25,704,440,10,450,1154
06/06/2015,RDG,PA,AEA,EN,Combined TRACON& Tower with Radar,2,26,37,0,65,0,278,233,30,541,2,304,270,30,606,398,0,398,1004
06/07/2015,RDG,PA,AEA,EN,Combined TRACON& Tower with Radar,2,4,41,0,47,0,234,241,14,489,2,238,282,14,536,394,0,394,930
06/08/2015,RDG,PA,AEA,EN,Combined TRACON& Tower with Radar,0,16,27,7,50,0,4,51,4,59,0,20,78,11,109,42,52,94,203
06/09/2015,RDG,PA,AEA,EN,Combined TRACON& Tower with Radar,0,20,43,18,81,0,9,81,14,104,0,29,124,32,185,46,26,72,257
06/10/2015,RDG,PA,AEA,EN,Combined TRACON& Tower with Radar,0,18,76,10,104,0,21,138,16,175,0,39,214,26,279,86,42,128,407
06/11/2015,RDG,PA,AEA,EN,Combined TRACON& Tower with Radar,0,21,65,10,96,0,18,78,1,97,0,39,143,11,193,87,4,91,284
06/12/2015,RDG,PA,AEA,EN,Combined TRACON& Tower with Radar,0,29,30,3,62,0,14,42,1,57,0,43,72,4,119,150,2,152,271
06/13/2015,RDG,PA,AEA,EN,Combined TRACON& Tower with Radar,4,15,47,0,66,0,9,62,3,74,4,24,109,3,140,40,0,40,180
06/14/2015,RDG,PA,AEA,EN,Combined TRACON& Tower with Radar,0,8,41,0,49,0,4,84,1,89,0,12,125,1,138,116,0,116,254
06/15/2015,RDG,PA,AEA,EN,Combined TRACON& Tower with Radar,0,14,25,0,39,2,6,26,1,35,2,20,51,1,74,30,0,30,104
06/16/2015,RDG,PA,AEA,EN,Combined TRACON& Tower with Radar,0,24,41,5,70,0,9,29,9,47,0,33,70,14,117,42,46,88,205
06/17/2015,RDG,PA,AEA,EN,Combined TRACON& Tower with Radar,0,11,65,2,78,0,12,119,6,137,0,23,184,8,215,80,24,104,319
06/18/2015,RDG,PA,AEA,EN,Combined TRACON& Tower with Radar,0,16,33,0,49,0,0,0,0,0,0,16,33,0,49,0,0,0,49
06/19/2015,RDG,PA,AEA,EN,Combined TRACON& Tower with Radar,0,29,50,3,82,0,35,80,5,120,0,64,130,8,202,130,14,144,346
06/20/2015,RDG,PA,AEA,EN,Combined TRACON& Tower with Radar,0,14,37,0,51,0,0,8,0,8,0,14,45,0,59,32,0,32,91
06/21/2015,RDG,PA,AEA,EN,Combined TRACON& Tower with Radar,0,1,32,0,33,0,1,34,0,35,0,2,66,0,68,8,0,8,76
06/22/2015,RDG,PA,AEA,EN,Combined TRACON& Tower with Radar,0,20,84,4,108,0,26,74,3,103,0,46,158,7,211,72,4,76,287
06/23/2015,RDG,PA,AEA,EN,Combined TRACON& Tower with Radar,0,18,67,5,90,0,18,34,2,54,0,36,101,7,144,18,0,18,162
06/24/2015,RDG,PA,AEA,EN,Combined TRACON& Tower with Radar,0,16,50,6,72,0,27,95,9,131,0,43,145,15,203,58,30,88,291
06/25/2015,RDG,PA,AEA,EN,Combined TRACON& Tower with Radar,0,28,56,2,86,0,30,75,3,108,0,58,131,5,194,104,24,128,322
06/26/2015,RDG,PA,AEA,EN,Combined TRACON& Tower with Radar,0,24,45,6,75,0,17,61,1,79,0,41,106,7,154,38,2,40,194
06/27/2015,RDG,PA,AEA,EN,Combined TRACON& Tower with Radar,0,11,26,0,37,0,1,5,0,6,0,12,31,0,43,6,0,6,49
06/28/2015,RDG,PA,AEA,EN,Combined TRACON& Tower with Radar,0,2,24,0,26,0,3,18,0,21,0,5,42,0,47,16,0,16,63
06/29/2015,RDG,PA,AEA,EN,Combined TRACON& Tower with Radar,0,12,51,0,63,0,21,128,0,149,0,33,179,0,212,48,0,48,260
06/30/2015,RDG,PA,AEA,EN,Combined TRACON& Tower with Radar,0,24,28,0,52,0,18,10,4,32,0,42,38,4,84,0,8,8,92
07/01/2015,RDG,PA,AEA,EN,Combined TRACON& Tower with Radar,0,16,28,6,50,0,20,56,7,83,0,36,84,13,133,48,6,54,187
07/02/2015,RDG,PA,AEA,EN,Combined TRACON& Tower with Radar,2,16,55,3,76,0,25,94,6,125,2,41,149,9,201,146,6,152,353
07/03/2015,RDG,PA,AEA,EN,Combined TRACON& Tower with Radar,0,14,38,0,52,0,7,78,0,85,0,21,116,0,137,40,0,40,177
07/04/2015,RDG,PA,AEA,EN,Combined TRACON& Tower with Radar,0,4,14,0,18,0,0,2,0,2,0,4,16,0,20,0,0,0,20
07/05/2015,RDG,PA,AEA,EN,Combined TRACON& Tower with Radar,0,5,38,0,43,0,3,53,0,56,0,8,91,0,99,38,0,38,137
07/06/2015,RDG,PA,AEA,EN,Combined TRACON& Tower with Radar,0,24,36,5,65,0,21,39,0,60,0,45,75,5,125,32,0,32,157
07/07/2015,RDG,PA,AEA,EN,Combined TRACON& Tower with Radar,0,24,64,13,101,0,11,56,10,77,0,35,120,23,178,44,4,48,226
07/08/2015,RDG,PA,AEA,EN,Combined TRACON& Tower with Radar,0,16,25,11,52,0,18,20,1,39,0,34,45,12,91,16,2,18,109
07/09/2015,RDG,PA,AEA,EN,Combined TRACON& Tower with Radar,0,30,48,0,78,0,24,35,11,70,0,54,83,11,148,2,0,2,150
07/10/2015,RDG,PA,AEA,EN,Combined TRACON& Tower with Radar,0,19,68,2,89,0,30,132,3,165,0,49,200,5,254,54,2,56,310
07/11/2015,RDG,PA,AEA,EN,Combined TRACON& Tower with Radar,0,10,36,3,49,0,11,127,7,145,0,21,163,10,194,112,2,114,308
07/12/2015,RDG,PA,AEA,EN,Combined TRACON& Tower with Radar,0,14,53,2,69,0,6,99,7,112,0,20,152,9,181,60,0,60,241
07/13/2015,RDG,PA,AEA,EN,Combined TRACON& Tower with Radar,0,19,32,10,61,1,24,69,1,95,1,43,101,11,156,26,6,32,188
07/14/2015,RDG,PA,AEA,EN,Combined TRACON& Tower with Radar,0,23,25,4,52,0,10,23,1,34,0,33,48,5,86,6,6,12,98
07/15/2015,RDG,PA,AEA,EN,Combined TRACON& Tower with Radar,0,20,27,13,60,0,20,34,11,65,0,40,61,24,125,52,42,94,219
07/16/2015,RDG,PA,AEA,EN,Combined TRACON& Tower with Radar,0,13,68,11,92,0,17,112,9,138,0,30,180,20,230,108,32,140,370
07/17/2015,RDG,PA,AEA,EN,Combined TRACON& Tower with Radar,0,14,47,12,73,0,6,55,4,65,0,20,102,16,138,38,8,46,184
07/18/2015,RDG,PA,AEA,EN,Combined TRACON& Tower with Radar,0,4,34,0,38,0,4,25,0,29,0,8,59,0,67,20,0,20,87
07/19/2015,RDG,PA,AEA,EN,Combined TRACON& Tower with Radar,0,1,37,0,38,0,1,63,0,64,0,2,100,0,102,88,0,88,190
07/20/2015,RDG,PA,AEA,EN,Combined TRACON& Tower with Radar,0,10,33,1,44,0,19,61,2,82,0,29,94,3,126,42,2,44,170
07/21/2015,RDG,PA,AEA,EN,Combined TRACON& Tower with Radar,0,21,45,8,74,0,20,61,7,88,0,41,106,15,162,46,4,50,212
07/22/2015,RDG,PA,AEA,EN,Combined TRACON& Tower with Radar,0,22,49,7,78,0,14,88,10,112,0,36,137,17,190,32,8,40,230
07/23/2015,RDG,PA,AEA,EN,Combined TRACON& Tower with Radar,0,19,49,12,80,0,33,143,9,185,0,52,192,21,265,64,14,78,343
07/24/2015,RDG,PA,AEA,EN,Combined TRACON& Tower with Radar,0,16,21,9,46,0,17,108,7,132,0,33,129,16,178,28,8,36,214
07/25/2015,RDG,PA,AEA,EN,Combined TRACON& Tower with Radar,0,11,28,0,39,0,122,175,22,319,0,133,203,22,358,66,0,66,424
07/26/2015,RDG,PA,AEA,EN,Combined TRACON& Tower with Radar,0,0,22,0,22,0,1,71,0,72,0,1,93,0,94,34,0,34,128
07/27/2015,RDG,PA,AEA,EN,Combined TRACON& Tower with Radar,0,7,42,14,63,0,5,24,2,31,0,12,66,16,94,52,4,56,150
07/28/2015,RDG,PA,AEA,EN,Combined TRACON& Tower with Radar,0,14,61,2,77,0,26,98,6,130,0,40,159,8,207,80,8,88,295
07/29/2015,RDG,PA,AEA,EN,Combined TRACON& Tower with Radar,0,25,47,15,87,0,29,90,8,127,0,54,137,23,214,50,30,80,294
07/30/2015,RDG,PA,AEA,EN,Combined TRACON& Tower with Radar,0,27,60,4,91,0,13,34,1,48,0,40,94,5,139,46,2,48,187
07/31/2015,RDG,PA,AEA,EN,Combined TRACON& Tower with Radar,0,13,21,8,42,0,17,82,4,103,0,30,103,12,145,58,34,92,237
08/01/2015,RDG,PA,AEA,EN,Combined TRACON& Tower with Radar,0,14,17,0,31,0,6,92,0,98,0,20,109,0,129,48,0,48,177
08/02/2015,RDG,PA,AEA,EN,Combined TRACON& Tower with Radar,0,8,42,0,50,0,13,128,0,141,0,21,170,0,191,80,0,80,271
08/03/2015,RDG,PA,AEA,EN,Combined TRACON& Tower with Radar,0,14,30,4,48,0,22,83,4,109,0,36,113,8,157,108,24,132,289
08/04/2015,RDG,PA,AEA,EN,Combined TRACON& Tower with Radar,0,30,38,6,74,0,9,68,3,80,0,39,106,9,154,44,2,46,200
08/05/2015,RDG,PA,AEA,EN,Combined TRACON& Tower with Radar,0,24,34,7,65,0,26,100,12,138,0,50,134,19,203,76,4,80,283
08/06/2015,RDG,PA,AEA,EN,Combined TRACON& Tower with Radar,0,24,53,6,83,0,8,118,10,136,0,32,171,16,219,82,0,82,301
08/07/2015,RDG,PA,AEA,EN,Combined TRACON& Tower with Radar,0,14,15,2,31,0,19,102,4,125,0,33,117,6,156,76,0,76,232
08/08/2015,RDG,PA,AEA,EN,Combined TRACON& Tower with Radar,0,4,60,0,64,0,27,228,2,257,0,31,288,2,321,94,0,94,415
08/09/2015,RDG,PA,AEA,EN,Combined TRACON& Tower with Radar,0,13,46,0,59,0,10,104,3,117,0,23,150,3,176,108,2,110,286
08/10/2015,RDG,PA,AEA,EN,Combined TRACON& Tower with Radar,0,23,48,5,76,0,9,10,3,22,0,32,58,8,98,32,4,36,134
08/11/2015,RDG,PA,AEA,EN,Combined TRACON& Tower with Radar,0,27,39,0,66,0,4,13,6,23,0,31,52,6,89,18,0,18,107
08/12/2015,RDG,PA,AEA,EN,Combined TRACON& Tower with Radar,0,12,48,13,73,0,11,106,5,122,0,23,154,18,195,34,42,76,271
08/13/2015,RDG,PA,AEA,EN,Combined TRACON& Tower with Radar,0,18,60,4,82,0,13,160,0,173,0,31,220,4,255,106,0,106,361
08/14/2015,RDG,PA,AEA,EN,Combined TRACON& Tower with Radar,0,20,61,7,88,0,27,107,3,137,0,47,168,10,225,106,12,118,343
08/15/2015,RDG,PA,AEA,EN,Combined TRACON& Tower with Radar,0,13,38,3,54,0,10,108,1,119,0,23,146,4,173,28,2,30,203
08/16/2015,RDG,PA,AEA,EN,Combined TRACON& Tower with Radar,0,2,25,0,27,0,5,146,0,151,0,7,171,0,178,52,0,52,230
08/17/2015,RDG,PA,AEA,EN,Combined TRACON& Tower with Radar,0,14,45,9,68,0,16,70,15,101,0,30,115,24,169,180,2,182,351
08/18/2015,RDG,PA,AEA,EN,Combined TRACON& Tower with Radar,0,16,37,2,55,0,13,88,3,104,0,29,125,5,159,28,10,38,197
08/19/2015,RDG,PA,AEA,EN,Combined TRACON& Tower with Radar,0,25,15,5,45,0,8,27,2,37,0,33,42,7,82,10,32,42,124
08/20/2015,RDG,PA,AEA,EN,Combined TRACON& Tower with Radar,0,23,55,0,78,0,1,8,0,9,0,24,63,0,87,0,0,0,87
08/21/2015,RDG,PA,AEA,EN,Combined TRACON& Tower with Radar,0,22,38,5,65,0,12,90,14,116,0,34,128,19,181,16,28,44,225
08/22/2015,RDG,PA,AEA,EN,Combined TRACON& Tower with Radar,0,7,84,0,91,0,16,149,6,171,0,23,233,6,262,84,12,96,358
08/23/2015,RDG,PA,AEA,EN,Combined TRACON& Tower with Radar,0,1,44,0,45,0,1,137,0,138,0,2,181,0,183,50,0,50,233
08/24/2015,RDG,PA,AEA,EN,Combined TRACON& Tower with Radar,0,11,45,3,59,0,10,96,5,111,0,21,141,8,170,38,34,72,242
08/25/2015,RDG,PA,AEA,EN,Combined TRACON& Tower with Radar,0,23,35,8,66,0,18,104,12,134,0,41,139,20,200,48,46,94,294
08/26/2015,RDG,PA,AEA,EN,Combined TRACON& Tower with Radar,0,23,46,11,80,0,8,109,7,124,0,31,155,18,204,38,64,102,306
08/27/2015,RDG,PA,AEA,EN,Combined TRACON& Tower with Radar,0,13,63,0,76,0,8,79,0,87,0,21,142,0,163,16,0,16,179
08/28/2015,RDG,PA,AEA,EN,Combined TRACON& Tower with Radar,0,21,40,3,64,0,11,116,1,128,0,32,156,4,192,74,0,74,266
08/29/2015,RDG,PA,AEA,EN,Combined TRACON& Tower with Radar,0,9,31,0,40,0,4,76,0,80,0,13,107,0,120,78,0,78,198
08/30/2015,RDG,PA,AEA,EN,Combined TRACON& Tower with Radar,0,7,30,0,37,0,5,110,0,115,0,12,140,0,152,30,0,30,182
08/31/2015,RDG,PA,AEA,EN,Combined TRACON& Tower with Radar,0,13,36,8,57,0,5,55,2,62,0,18,91,10,119,48,6,54,173
09/01/2015,RDG,PA,AEA,EN,Combined TRACON& Tower with Radar,0,22,59,11,92,0,17,76,15,108,0,39,135,26,200,38,18,56,256
09/02/2015,RDG,PA,AEA,EN,Combined TRACON& Tower with Radar,0,28,50,7,85,0,13,68,0,81,0,41,118,7,166,88,4,92,258
09/03/2015,RDG,PA,AEA,EN,Combined TRACON& Tower with Radar,0,18,30,6,54,0,7,45,1,53,0,25,75,7,107,72,0,72,179
09/04/2015,RDG,PA,AEA,EN,Combined TRACON& Tower with Radar,0,22,46,1,69,0,14,42,0,56,0,36,88,1,125,20,6,26,151
09/05/2015,RDG,PA,AEA,EN,Combined TRACON& Tower with Radar,0,14,42,0,56,0,7,84,0,91,0,21,126,0,147,128,0,128,275
09/06/2015,RDG,PA,AEA,EN,Combined TRACON& Tower with Radar,0,3,19,0,22,0,6,71,0,77,0,9,90,0,99,76,0,76,175
09/07/2015,RDG,PA,AEA,EN,Combined TRACON& Tower with Radar,0,6,19,0,25,0,6,49,0,55,0,12,68,0,80,54,0,54,134
09/08/2015,RDG,PA,AEA,EN,Combined TRACON& Tower with Radar,0,16,66,15,97,0,8,76,8,92,0,24,142,23,189,32,32,64,253
09/09/2015,RDG,PA,AEA,EN,Combined TRACON& Tower with Radar,0,29,73,0,102,0,11,75,0,86,0,40,148,0,188,18,0,18,206
09/10/2015,RDG,PA,AEA,EN,Combined TRACON& Tower with Radar,0,18,45,0,63,0,2,13,0,15,0,20,58,0,78,0,0,0,78
09/11/2015,RDG,PA,AEA,EN,Combined TRACON& Tower with Radar,0,21,30,0,51,0,22,168,0,190,0,43,198,0,241,480,0,480,721
09/12/2015,RDG,PA,AEA,EN,Combined TRACON& Tower with Radar,0,9,28,0,37,0,1,14,0,15,0,10,42,0,52,2,0,2,54
09/13/2015,RDG,PA,AEA,EN,Combined TRACON& Tower with Radar,0,11,36,0,47,0,4,38,0,42,0,15,74,0,89,16,0,16,105
09/14/2015,RDG,PA,AEA,EN,Combined TRACON& Tower with Radar,0,18,39,5,62,0,15,81,2,98,0,33,120,7,160,10,4,14,174
09/15/2015,RDG,PA,AEA,EN,Combined TRACON& Tower with Radar,0,23,69,10,102,0,33,99,15,147,0,56,168,25,249,82,28,110,359
09/16/2015,RDG,PA,AEA,EN,Combined TRACON& Tower with Radar,0,12,35,2,49,0,16,86,0,102,0,28,121,2,151,62,0,62,213
09/17/2015,RDG,PA,AEA,EN,Combined TRACON& Tower with Radar,0,26,73,3,102,0,18,78,12,108,0,44,151,15,210,74,14,88,298
09/18/2015,RDG,PA,AEA,EN,Combined TRACON& Tower with Radar,0,25,36,5,66,0,17,70,9,96,0,42,106,14,162,62,4,66,228
09/19/2015,RDG,PA,AEA,EN,Combined TRACON& Tower with Radar,2,9,46,0,57,0,9,96,0,105,2,18,142,0,162,78,0,78,240
09/20/2015,RDG,PA,AEA,EN,Combined TRACON& Tower with Radar,2,11,45,0,58,0,21,72,4,97,2,32,117,4,155,76,0,76,231
09/21/2015,RDG,PA,AEA,EN,Combined TRACON& Tower with Radar,0,20,23,3,46,0,3,35,1,39,0,23,58,4,85,26,2,28,113
09/22/2015,RDG,PA,AEA,EN,Combined TRACON& Tower with Radar,0,14,54,0,68,0,15,85,1,101,0,29,139,1,169,34,0,34,203
09/23/2015,RDG,PA,AEA,EN,Combined TRACON& Tower with Radar,0,20,50,15,85,0,13,93,15,121,0,33,143,30,206,44,32,76,282
09/24/2015,RDG,PA,AEA,EN,Combined TRACON& Tower with Radar,0,15,80,0,95,0,13,99,5,117,0,28,179,5,212,102,6,108,320
09/25/2015,RDG,PA,AEA,EN,Combined TRACON& Tower with Radar,0,28,38,4,70,0,11,45,0,56,0,39,83,4,126,14,0,14,140
09/26/2015,RDG,PA,AEA,EN,Combined TRACON& Tower with Radar,2,3,34,0,39,0,19,66,0,85,2,22,100,0,124,52,0,52,176
09/27/2015,RDG,PA,AEA,EN,Combined TRACON& Tower with Radar,2,1,38,0,41,0,10,42,0,52,2,11,80,0,93,44,0,44,137
09/28/2015,RDG,PA,AEA,EN,Combined TRACON& Tower with Radar,0,17,35,3,55,0,16,16,0,32,0,33,51,3,87,14,2,16,103
09/29/2015,RDG,PA,AEA,EN,Combined TRACON& Tower with Radar,0,22,23,0,45,0,0,1,0,1,0,22,24,0,46,0,0,0,46
09/30/2015,RDG,PA,AEA,EN,Combined TRACON& Tower with Radar,0,15,48,0,63,0,3,8,4,15,0,18,56,4,78,14,0,14,92
10/01/2015,RDG,PA,AEA,EN,Combined TRACON& Tower with Radar,0,26,72,2,100,0,4,22,2,28,0,30,94,4,128,30,6,36,164
10/02/2015,RDG,PA,AEA,EN,Combined TRACON& Tower with Radar,0,18,25,0,43,0,0,1,0,1,0,18,26,0,44,0,0,0,44
10/03/2015,RDG,PA,AEA,EN,Combined TRACON& Tower with Radar,4,12,13,0,29,0,1,0,0,1,4,13,13,0,30,0,0,0,30
10/04/2015,RDG,PA,AEA,EN,Combined TRACON& Tower with Radar,0,13,44,0,57,0,1,21,0,22,0,14,65,0,79,6,0,6,85
10/05/2015,RDG,PA,AEA,EN,Combined TRACON& Tower with Radar,0,13,36,18,67,0,14,54,5,73,0,27,90,23,140,64,4,68,208
10/06/2015,RDG,PA,AEA,EN,Combined TRACON& Tower with Radar,0,32,71,3,106,0,5,90,1,96,0,37,161,4,202,44,0,44,246
10/07/2015,RDG,PA,AEA,EN,Combined TRACON& Tower with Radar,0,15,59,3,77,0,4,101,7,112,0,19,160,10,189,76,20,96,285
10/08/2015,RDG,PA,AEA,EN,Combined TRACON& Tower with Radar,0,19,40,2,61,0,17,73,9,99,0,36,113,11,160,140,6,146,306
10/09/2015,RDG,PA,AEA,EN,Combined TRACON& Tower with Radar,0,18,36,0,54,0,8,15,0,23,0,26,51,0,77,8,0,8,85
10/10/2015,RDG,PA,AEA,EN,Combined TRACON& Tower with Radar,0,10,67,0,77,0,20,145,8,173,0,30,212,8,250,36,0,36,286
10/11/2015,RDG,PA,AEA,EN,Combined TRACON& Tower with Radar,0,11,31,0,42,0,11,85,0,96,0,22,116,0,138,68,0,68,206
10/12/2015,RDG,PA,AEA,EN,Combined TRACON& Tower with Radar,0,7,63,0,70,0,9,146,0,155,0,16,209,0,225,94,0,94,319
10/13/2015,RDG,PA,AEA,EN,Combined TRACON& Tower with Radar,0,25,67,6,98,0,19,56,11,86,0,44,123,17,184,58,6,64,248
10/14/2015,RDG,PA,AEA,EN,Combined TRACON& Tower with Radar,0,24,61,8,93,0,7,74,7,88,0,31,135,15,181,40,2,42,223
10/15/2015,RDG,PA,AEA,EN,Combined TRACON& Tower with Radar,0,16,63,2,81,0,18,89,2,109,0,34,152,4,190,32,0,32,222
10/16/2015,RDG,PA,AEA,EN,Combined TRACON& Tower with Radar,0,13,82,0,95,0,3,83,0,86,0,16,165,0,181,20,0,20,201
10/17/2015,RDG,PA,AEA,EN,Combined TRACON& Tower with Radar,1,23,32,0,56,0,18,76,2,96,1,41,108,2,152,52,0,52,204
10/18/2015,RDG,PA,AEA,EN,Combined TRACON& Tower with Radar,1,10,16,0,27,0,5,45,0,50,1,15,61,0,77,56,0,56,133
10/19/2015,RDG,PA,AEA,EN,Combined TRACON& Tower with Radar,0,12,12,2,26,0,23,83,0,106,0,35,95,2,132,82,2,84,216
10/20/2015,RDG,PA,AEA,EN,Combined TRACON& Tower with Radar,0,22,70,0,92,0,15,96,0,111,0,37,166,0,203,34,4,38,241
10/21/2015,RDG,PA,AEA,EN,Combined TRACON& Tower with Radar,0,10,48,4,62,0,18,102,4,124,0,28,150,8,186,118,2,120,306
10/22/2015,RDG,PA,AEA,EN,Combined TRACON& Tower with Radar,0,13,49,0,62,0,13,100,1,114,0,26,149,1,176,178,0,178,354
10/23/2015,RDG,PA,AEA,EN,Combined TRACON& Tower with Radar,0,22,59,5,86,0,20,126,4,150,0,42,185,9,236,72,4,76,312
10/24/2015,RDG,PA,AEA,EN,Combined TRACON& Tower with Radar,2,6,53,6,67,0,1,171,4,176,2,7,224,10,243,132,14,146,389
10/25/2015,RDG,PA,AEA,EN,Combined TRACON& Tower with Radar,2,0,27,0,29,0,0,40,0,40,2,0,67,0,69,20,0,20,89
10/26/2015,RDG,PA,AEA,EN,Combined TRACON& Tower with Radar,0,8,42,7,57,0,21,78,3,102,0,29,120,10,159,92,18,110,269
10/27/2015,RDG,PA,AEA,EN,Combined TRACON& Tower with Radar,0,22,33,4,59,0,20,77,3,100,0,42,110,7,159,114,14,128,287
10/28/2015,RDG,PA,AEA,EN,Combined TRACON& Tower with Radar,0,18,27,0,45,0,0,0,0,0,0,18,27,0,45,0,0,0,45
10/29/2015,RDG,PA,AEA,EN,Combined TRACON& Tower with Radar,0,21,53,2,76,1,11,24,2,38,1,32,77,4,114,2,8,10,124
10/30/2015,RDG,PA,AEA,EN,Combined TRACON& Tower with Radar,0,10,44,12,66,0,16,77,7,100,0,26,121,19,166,85,0,85,251
10/31/2015,RDG,PA,AEA,EN,Combined TRACON& Tower with Radar,4,8,58,0,70,0,3,133,0,136,4,11,191,0,206,98,0,98,304
11/01/2015,RDG,PA,AEA,EN,Combined TRACON& Tower with Radar,0,5,35,0,40,0,6,45,0,51,0,11,80,0,91,14,0,14,105
11/02/2015,RDG,PA,AEA,EN,Combined TRACON& Tower with Radar,0,23,30,3,56,0,18,68,4,90,0,41,98,7,146,22,0,22,168
11/03/2015,RDG,PA,AEA,EN,Combined TRACON& Tower with Radar,0,17,39,3,59,0,7,65,1,73,0,24,104,4,132,44,10,54,186
11/04/2015,RDG,PA,AEA,EN,Combined TRACON& Tower with Radar,0,19,40,0,59,0,5,136,5,146,0,24,176,5,205,138,0,138,343
11/05/2015,RDG,PA,AEA,EN,Combined TRACON& Tower with Radar,0,24,51,20,95,0,4,4,0,8,0,28,55,20,103,6,0,6,109
11/06/2015,RDG,PA,AEA,EN,Combined TRACON& Tower with Radar,0,29,59,0,88,0,19,18,0,37,0,48,77,0,125,22,0,22,147
11/07/2015,RDG,PA,AEA,EN,Combined TRACON& Tower with Radar,2,21,42,7,72,0,5,54,0,59,2,26,96,7,131,96,6,102,233
11/08/2015,RDG,PA,AEA,EN,Combined TRACON& Tower with Radar,2,6,28,0,36,0,3,131,0,134,2,9,159,0,170,132,0,132,302
11/09/2015,RDG,PA,AEA,EN,Combined TRACON& Tower with Radar,0,20,78,3,101,0,19,93,1,113,0,39,171,4,214,128,0,128,342
11/10/2015,RDG,PA,AEA,EN,Combined TRACON& Tower with Radar,0,21,47,1,69,0,1,0,0,1,0,22,47,1,70,4,0,4,74
11/11/2015,RDG,PA,AEA,EN,Combined TRACON& Tower with Radar,0,17,49,0,66,0,3,41,0,44,0,20,90,0,110,38,0,38,148
11/12/2015,RDG,PA,AEA,EN,Combined TRACON& Tower with Radar,0,20,44,7,71,0,4,7,13,24,0,24,51,20,95,6,30,36,131
11/13/2015,RDG,PA,AEA,EN,Combined TRACON& Tower with Radar,0,29,16,10,55,0,4,9,6,19,0,33,25,16,74,0,30,30,104
11/14/2015,RDG,PA,AEA,EN,Combined TRACON& Tower with Radar,4,4,11,0,19,0,0,18,2,20,4,4,29,2,39,26,30,56,95
11/15/2015,RDG,PA,AEA,EN,Combined TRACON& Tower with Radar,0,8,32,0,40,0,48,101,46,195,0,56,133,46,235,70,0,70,305
11/16/2015,RDG,PA,AEA,EN,Combined TRACON& Tower with Radar,0,9,61,0,70,0,9,118,1,128,0,18,179,1,198,72,0,72,270
11/17/2015,RDG,PA,AEA,EN,Combined TRACON& Tower with Radar,0,17,54,10,81,0,12,103,11,126,0,29,157,21,207,92,30,122,329
11/18/2015,RDG,PA,AEA,EN,Combined TRACON& Tower with Radar,0,22,28,4,54,0,3,24,7,34,0,25,52,11,88,28,12,40,128
11/19/2015,RDG,PA,AEA,EN,Combined TRACON& Tower with Radar,0,24,31,0,55,0,0,0,0,0,0,24,31,0,55,0,0,0,55
11/20/2015,RDG,PA,AEA,EN,Combined TRACON& Tower with Radar,0,22,41,15,78,0,6,69,4,79,0,28,110,19,157,20,8,28,185
11/21/2015,RDG,PA,AEA,EN,Combined TRACON& Tower with Radar,0,12,36,0,48,0,9,91,0,100,0,21,127,0,148,80,0,80,228
11/22/2015,RDG,PA,AEA,EN,Combined TRACON& Tower with Radar,0,8,24,1,33,0,4,66,0,70,0,12,90,1,103,28,0,28,131
11/23/2015,RDG,PA,AEA,EN,Combined TRACON& Tower with Radar,0,15,52,7,74,0,16,53,5,74,0,31,105,12,148,32,4,36,184
11/24/2015,RDG,PA,AEA,EN,Combined TRACON& Tower with Radar,0,24,37,8,69,0,23,68,11,102,0,47,105,19,171,34,30,64,235
11/25/2015,RDG,PA,AEA,EN,Combined TRACON& Tower with Radar,0,15,44,3,62,0,8,101,3,112,0,23,145,6,174,56,4,60,234
11/26/2015,RDG,PA,AEA,EN,Combined TRACON& Tower with Radar,0,6,4,0,10,0,0,13,0,13,0,6,17,0,23,2,0,2,25
11/27/2015,RDG,PA,AEA,EN,Combined TRACON& Tower with Radar,0,10,32,0,42,0,6,86,0,92,0,16,118,0,134,86,0,86,220
11/28/2015,RDG,PA,AEA,EN,Combined TRACON& Tower with Radar,2,12,24,3,41,0,3,13,0,16,2,15,37,3,57,22,0,22,79
11/29/2015,RDG,PA,AEA,EN,Combined TRACON& Tower with Radar,2,3,53,0,58,0,4,48,0,52,2,7,101,0,110,26,0,26,136
11/30/2015,RDG,PA,AEA,EN,Combined TRACON& Tower with Radar,0,15,31,1,47,0,4,48,7,59,0,19,79,8,106,62,19,81,187
12/01/2015,RDG,PA,AEA,EN,Combined TRACON& Tower with Radar,0,26,36,0,62,0,0,0,0,0,0,26,36,0,62,0,0,0,62
12/02/2015,RDG,PA,AEA,EN,Combined TRACON& Tower with Radar,0,22,31,3,56,0,2,2,1,5,0,24,33,4,61,0,2,2,63
12/03/2015,RDG,PA,AEA,EN,Combined TRACON& Tower with Radar,0,16,48,11,75,0,7,37,10,54,0,23,85,21,129,6,4,10,139
12/04/2015,RDG,PA,AEA,EN,Combined TRACON& Tower with Radar,0,21,48,10,79,0,17,88,1,106,0,38,136,11,185,50,8,58,243
12/05/2015,RDG,PA,AEA,EN,Combined TRACON& Tower with Radar,4,8,65,0,77,0,6,106,0,112,4,14,171,0,189,116,0,116,305
12/06/2015,RDG,PA,AEA,EN,Combined TRACON& Tower with Radar,0,0,38,0,38,0,0,70,0,70,0,0,108,0,108,57,0,57,165
12/07/2015,RDG,PA,AEA,EN,Combined TRACON& Tower with Radar,0,18,31,8,57,0,9,36,0,45,0,27,67,8,102,51,0,51,153
12/08/2015,RDG,PA,AEA,EN,Combined TRACON& Tower with Radar,0,19,82,9,110,0,5,51,5,61,0,24,133,14,171,88,16,104,275
12/09/2015,RDG,PA,AEA,EN,Combined TRACON& Tower with Radar,0,23,66,4,93,0,12,11,0,23,0,35,77,4,116,18,0,18,134
12/10/2015,RDG,PA,AEA,EN,Combined TRACON& Tower with Radar,0,25,46,0,71,0,5,32,2,39,0,30,78,2,110,6,6,12,122
12/11/2015,RDG,PA,AEA,EN,Combined TRACON& Tower with Radar,0,11,48,0,59,0,2,33,0,35,0,13,81,0,94,58,0,58,152
12/12/2015,RDG,PA,AEA,EN,Combined TRACON& Tower with Radar,0,6,42,0,48,0,11,66,0,77,0,17,108,0,125,154,0,154,279
12/13/2015,RDG,PA,AEA,EN,Combined TRACON& Tower with Radar,0,3,24,0,27,0,9,49,0,58,0,12,73,0,85,48,0,48,133
12/14/2015,RDG,PA,AEA,EN,Combined TRACON& Tower with Radar,0,17,18,3,38,0,4,0,0,4,0,21,18,3,42,2,2,4,46
12/15/2015,RDG,PA,AEA,EN,Combined TRACON& Tower with Radar,0,24,44,5,73,0,6,20,1,27,0,30,64,6,100,8,0,8,108
12/16/2015,RDG,PA,AEA,EN,Combined TRACON& Tower with Radar,0,31,62,9,102,0,8,74,11,93,0,39,136,20,195,30,14,44,239
12/17/2015,RDG,PA,AEA,EN,Combined TRACON& Tower with Radar,0,40,25,1,66,0,7,1,0,8,0,47,26,1,74,4,0,4,78
12/18/2015,RDG,PA,AEA,EN,Combined TRACON& Tower with Radar,0,17,40,0,57,0,11,47,1,59,0,28,87,1,116,52,2,54,170
12/19/2015,RDG,PA,AEA,EN,Combined TRACON& Tower with Radar,0,5,20,0,25,0,2,28,0,30,0,7,48,0,55,20,0,20,75
12/20/2015,RDG,PA,AEA,EN,Combined TRACON& Tower with Radar,0,1,61,0,62,0,12,108,0,120,0,13,169,0,182,112,0,112,294
12/21/2015,RDG,PA,AEA,EN,Combined TRACON& Tower with Radar,0,17,25,4,46,0,4,53,0,57,0,21,78,4,103,88,2,90,193
12/22/2015,RDG,PA,AEA,EN,Combined TRACON& Tower with Radar,0,25,27,0,52,0,0,1,0,1,0,25,28,0,53,4,0,4,57
12/23/2015,RDG,PA,AEA,EN,Combined TRACON& Tower with Radar,0,35,10,0,45,0,0,0,0,0,0,35,10,0,45,0,0,0,45
12/24/2015,RDG,PA,AEA,EN,Combined TRACON& Tower with Radar,0,12,13,0,25,0,0,4,0,4,0,12,17,0,29,0,0,0,29
12/25/2015,RDG,PA,AEA,EN,Combined TRACON& Tower with Radar,0,4,11,0,15,0,0,0,0,0,0,4,11,0,15,0,0,0,15
12/26/2015,RDG,PA,AEA,EN,Combined TRACON& Tower with Radar,0,15,29,0,44,0,13,31,0,44,0,28,60,0,88,12,0,12,100
12/27/2015,RDG,PA,AEA,EN,Combined TRACON& Tower with Radar,0,0,7,0,7,0,5,7,0,12,0,5,14,0,19,0,0,0,19
12/28/2015,RDG,PA,AEA,EN,Combined TRACON& Tower with Radar,0,18,24,0,42,0,2,56,0,58,0,20,80,0,100,54,0,54,154
12/29/2015,RDG,PA,AEA,EN,Combined TRACON& Tower with Radar,0,18,16,0,34,0,0,0,0,0,0,18,16,0,34,0,0,0,34
12/30/2015,RDG,PA,AEA,EN,Combined TRACON& Tower with Radar,0,35,21,0,56,0,0,1,0,1,0,35,22,0,57,0,0,0,57
12/31/2015,RDG,PA,AEA,EN,Combined TRACON& Tower with Radar,0,13,26,0,39,0,8,31,0,39,0,21,57,0,78,40,0,40,118
01/01/2016,RDG,PA,AEA,EN,Combined TRACON& Tower with Radar,0,8,17,0,25,0,2,8,0,10,0,10,25,0,35,2,0,2,37
01/02/2016,RDG,PA,AEA,EN,Combined TRACON& Tower with Radar,0,5,46,0,51,0,3,47,0,50,0,8,93,0,101,74,0,74,175
01/03/2016,RDG,PA,AEA,EN,Combined TRACON& Tower with Radar,0,6,38,0,44,0,0,44,0,44,0,6,82,0,88,6,0,6,94
01/04/2016,RDG,PA,AEA,EN,Combined TRACON& Tower with Radar,0,13,29,7,49,0,4,31,2,37,0,17,60,9,86,14,0,14,100
01/05/2016,RDG,PA,AEA,EN,Combined TRACON& Tower with Radar,0,26,40,4,70,0,15,67,13,95,0,41,107,17,165,28,28,56,221
01/06/2016,RDG,PA,AEA,EN,Combined TRACON& Tower with Radar,0,20,57,4,81,0,11,93,0,104,0,31,150,4,185,90,0,90,275
01/07/2016,RDG,PA,AEA,EN,Combined TRACON& Tower with Radar,0,16,48,9,73,0,5,20,0,25,0,21,68,9,98,104,0,104,202
01/08/2016,RDG,PA,AEA,EN,Combined TRACON& Tower with Radar,0,19,27,4,50,0,1,9,0,10,0,20,36,4,60,4,0,4,64
01/09/2016,RDG,PA,AEA,EN,Combined TRACON& Tower with Radar,0,7,10,0,17,0,0,0,0,0,0,7,10,0,17,0,0,0,17
01/10/2016,RDG,PA,AEA,EN,Combined TRACON& Tower with Radar,0,5,14,0,19,0,4,3,1,8,0,9,17,1,27,14,0,14,41
01/11/2016,RDG,PA,AEA,EN,Combined TRACON& Tower with Radar,0,21,25,0,46,0,9,26,2,37,0,30,51,2,83,6,0,6,89
01/12/2016,RDG,PA,AEA,EN,Combined TRACON& Tower with Radar,0,22,48,0,70,0,8,13,0,21,0,30,61,0,91,0,0,0,91
01/13/2016,RDG,PA,AEA,EN,Combined TRACON& Tower with Radar,0,29,39,12,80,0,12,31,6,49,0,41,70,18,129,20,0,20,149
01/14/2016,RDG,PA,AEA,EN,Combined TRACON& Tower with Radar,0,38,61,4,103,0,11,69,8,88,0,49,130,12,191,108,6,114,305
01/15/2016,RDG,PA,AEA,EN,Combined TRACON& Tower with Radar,0,21,62,1,84,0,16,63,1,80,0,37,125,2,164,62,14,76,240
01/16/2016,RDG,PA,AEA,EN,Combined TRACON& Tower with Radar,0,8,15,0,23,0,5,27,0,32,0,13,42,0,55,18,0,18,73
01/17/2016,RDG,PA,AEA,EN,Combined TRACON& Tower with Radar,0,1,50,0,51,0,3,32,0,35,0,4,82,0,86,47,0,47,133
01/18/2016,RDG,PA,AEA,EN,Combined TRACON& Tower with Radar,0,22,31,0,53,0,5,15,0,20,0,27,46,0,73,2,0,2,75
01/19/2016,RDG,PA,AEA,EN,Combined TRACON& Tower with Radar,0,22,20,5,47,0,15,27,3,45,0,37,47,8,92,8,26,34,126
01/20/2016,RDG,PA,AEA,EN,Combined TRACON& Tower with Radar,0,18,26,34,78,0,20,33,12,65,0,38,59,46,143,34,40,74,217
01/21/2016,RDG,PA,AEA,EN,Combined TRACON& Tower with Radar,0,18,51,2,71,0,8,93,5,106,0,26,144,7,177,70,0,70,247
01/22/2016,RDG,PA,AEA,EN,Combined TRACON& Tower with Radar,0,16,30,6,52,0,8,30,3,41,0,24,60,9,93,20,14,34,127
01/23/2016,RDG,PA,AEA,EN,Combined TRACON& Tower with Radar,0,1,0,0,1,0,0,0,0,0,0,1,0,0,1,0,0,0,1
01/24/2016,RDG,PA,AEA,EN,Combined TRACON& Tower with Radar,0,6,2,0,8,0,3,1,0,4,0,9,3,0,12,0,0,0,12
01/25/2016,RDG,PA,AEA,EN,Combined TRACON& Tower with Radar,0,21,12,0,33,0,5,3,0,8,0,26,15,0,41,0,0,0,41
01/26/2016,RDG,PA,AEA,EN,Combined TRACON& Tower with Radar,0,31,24,0,55,0,10,15,2,27,0,41,39,2,82,4,0,4,86
01/27/2016,RDG,PA,AEA,EN,Combined TRACON& Tower with Radar,0,20,21,9,50,0,16,43,5,64,0,36,64,14,114,48,14,62,176
01/28/2016,RDG,PA,AEA,EN,Combined TRACON& Tower with Radar,0,25,53,8,86,0,7,50,8,65,0,32,103,16,151,62,10,72,223
01/29/2016,RDG,PA,AEA,EN,Combined TRACON& Tower with Radar,0,29,25,11,65,0,10,8,3,21,0,39,33,14,86,2,2,4,90
01/30/2016,RDG,PA,AEA,EN,Combined TRACON& Tower with Radar,0,10,35,0,45,0,6,83,1,90,0,16,118,1,135,60,0,60,195
01/31/2016,RDG,PA,AEA,EN,Combined TRACON& Tower with Radar,0,3,44,0,47,0,1,87,0,88,0,4,131,0,135,42,0,42,177
02/01/2016,RDG,PA,AEA,EN,Combined TRACON& Tower with Radar,0,10,26,17,53,0,16,13,2,31,0,26,39,19,84,13,2,15,99
02/02/2016,RDG,PA,AEA,EN,Combined TRACON& Tower with Radar,0,23,56,23,102,0,13,81,3,97,0,36,137,26,199,40,10,50,249
02/03/2016,RDG,PA,AEA,EN,Combined TRACON& Tower with Radar,0,20,14,0,34,0,0,0,0,0,0,20,14,0,34,0,0,0,34
02/04/2016,RDG,PA,AEA,EN,Combined TRACON& Tower with Radar,0,20,79,8,107,0,10,78,3,91,0,30,157,11,198,104,2,106,304
02/05/2016,RDG,PA,AEA,EN,Combined TRACON& Tower with Radar,0,23,47,4,74,0,15,27,1,43,0,38,74,5,117,40,2,42,159
02/06/2016,RDG,PA,AEA,EN,Combined TRACON& Tower with Radar,0,11,33,0,44,0,4,79,0,83,0,15,112,0,127,82,0,82,209
02/07/2016,RDG,PA,AEA,EN,Combined TRACON& Tower with Radar,0,7,36,0,43,0,3,82,0,85,0,10,118,0,128,50,0,50,178
02/08/2016,RDG,PA,AEA,EN,Combined TRACON& Tower with Radar,0,16,21,10,47,0,8,12,2,22,0,24,33,12,69,44,2,46,115
02/09/2016,RDG,PA,AEA,EN,Combined TRACON& Tower with Radar,0,18,13,0,31,0,0,0,0,0,0,18,13,0,31,0,0,0,31
02/10/2016,RDG,PA,AEA,EN,Combined TRACON& Tower with Radar,0,24,42,10,76,0,10,37,10,57,0,34,79,20,133,42,24,66,199
02/11/2016,RDG,PA,AEA,EN,Combined TRACON& Tower with Radar,0,26,47,2,75,0,8,13,3,24,0,34,60,5,99,12,22,34,133
02/12/2016,RDG,PA,AEA,EN,Combined TRACON& Tower with Radar,0,27,55,0,82,0,5,94,0,99,0,32,149,0,181,76,0,76,257
02/13/2016,RDG,PA,AEA,EN,Combined TRACON& Tower with Radar,0,6,6,0,12,0,3,4,0,7,0,9,10,0,19,0,0,0,19
02/14/2016,RDG,PA,AEA,EN,Combined TRACON& Tower with Radar,0,4,28,0,32,0,0,29,0,29,0,4,57,0,61,20,0,20,81
02/15/2016,RDG,PA,AEA,EN,Combined TRACON& Tower with Radar,0,13,21,0,34,0,3,15,0,18,0,16,36,0,52,6,0,6,58
02/16/2016,RDG,PA,AEA,EN,Combined TRACON& Tower with Radar,0,22,19,3,44,0,3,5,2,10,0,25,24,5,54,4,0,4,58
02/17/2016,RDG,PA,AEA,EN,Combined TRACON& Tower with Radar,0,24,47,14,85,0,19,50,13,82,0,43,97,27,167,64,8,72,239
02/18/2016,RDG,PA,AEA,EN,Combined TRACON& Tower with Radar,0,20,65,11,96,0,5,90,3,98,0,25,155,14,194,94,2,96,290
02/19/2016,RDG,PA,AEA,EN,Combined TRACON& Tower with Radar,0,23,50,18,91,0,9,52,6,67,0,32,102,24,158,69,14,83,241
02/20/2016,RDG,PA,AEA,EN,Combined TRACON& Tower with Radar,0,8,48,1,57,0,8,77,8,93,0,16,125,9,150,44,2,46,196
02/21/2016,RDG,PA,AEA,EN,Combined TRACON& Tower with Radar,4,4,43,0,51,0,1,77,1,79,4,5,120,1,130,56,0,56,186
02/22/2016,RDG,PA,AEA,EN,Combined TRACON& Tower with Radar,0,19,39,4,62,0,10,94,0,104,0,29,133,4,166,119,0,119,285
02/23/2016,RDG,PA,AEA,EN,Combined TRACON& Tower with Radar,0,16,21,0,37,0,4,5,0,9,0,20,26,0,46,0,0,0,46
02/24/2016,RDG,PA,AEA,EN,Combined TRACON& Tower with Radar,0,14,13,0,27,0,2,0,0,2,0,16,13,0,29,0,0,0,29
02/25/2016,RDG,PA,AEA,EN,Combined TRACON& Tower with Radar,0,15,18,0,33,0,6,5,0,11,0,21,23,0,44,8,0,8,52
02/26/2016,RDG,PA,AEA,EN,Combined TRACON& Tower with Radar,0,32,29,2,63,0,9,12,1,22,0,41,41,3,85,28,8,36,121
02/27/2016,RDG,PA,AEA,EN,Combined TRACON& Tower with Radar,4,7,51,0,62,0,12,91,4,107,4,19,142,4,169,76,0,76,245
02/28/2016,RDG,PA,AEA,EN,Combined TRACON& Tower with Radar,0,4,30,0,34,0,6,88,0,94,0,10,118,0,128,36,0,36,164
02/29/2016,RDG,PA,AEA,EN,Combined TRACON& Tower with Radar,0,16,18,11,45,0,19,27,4,50,0,35,45,15,95,24,6,30,125
03/01/2016,RDG,PA,AEA,EN,Combined TRACON& Tower with Radar,0,18,77,13,108,0,6,83,10,99,0,24,160,23,207,53,18,71,278
03/02/2016,RDG,PA,AEA,EN,Combined TRACON& Tower with Radar,0,24,20,27,71,0,6,7,7,20,0,30,27,34,91,8,26,34,125
03/03/2016,RDG,PA,AEA,EN,Combined TRACON& Tower with Radar,0,24,42,3,69,0,12,113,5,130,0,36,155,8,199,46,4,50,249
03/04/2016,RDG,PA,AEA,EN,Combined TRACON& Tower with Radar,0,15,28,0,43,0,15,25,7,47,0,30,53,7,90,0,14,14,104
03/05/2016,RDG,PA,AEA,EN,Combined TRACON& Tower with Radar,0,6,45,1,52,0,6,82,1,89,0,12,127,2,141,67,0,67,208
03/06/2016,RDG,PA,AEA,EN,Combined TRACON& Tower with Radar,0,3,24,0,27,0,5,49,0,54,0,8,73,0,81,62,0,62,143
03/07/2016,RDG,PA,AEA,EN,Combined TRACON& Tower with Radar,0,8,40,11,59,0,12,75,3,90,0,20,115,14,149,70,4,74,223
03/08/2016,RDG,PA,AEA,EN,Combined TRACON& Tower with Radar,0,25,43,8,76,0,22,106,8,136,0,47,149,16,212,70,26,96,308
03/09/2016,RDG,PA,AEA,EN,Combined TRACON& Tower with Radar,0,22,73,4,99,0,18,83,19,120,0,40,156,23,219,62,44,106,325
03/10/2016,RDG,PA,AEA,EN,Combined TRACON& Tower with Radar,0,21,47,3,71,0,12,66,3,81,0,33,113,6,152,64,8,72,224
03/11/2016,RDG,PA,AEA,EN,Combined TRACON& Tower with Radar,0,16,39,4,59,0,16,46,1,63,0,32,85,5,122,36,0,36,158
03/12/2016,RDG,PA,AEA,EN,Combined TRACON& Tower with Radar,2,11,62,3,78,0,10,127,1,138,2,21,189,4,216,90,0,90,306
03/13/2016,RDG,PA,AEA,EN,Combined TRACON& Tower with Radar,1,2,37,3,43,0,0,23,0,23,1,2,60,3,66,8,0,8,74
03/14/2016,RDG,PA,AEA,EN,Combined TRACON& Tower with Radar,0,10,22,5,37,0,7,0,0,7,0,17,22,5,44,0,0,0,44
03/15/2016,RDG,PA,AEA,EN,Combined TRACON& Tower with Radar,0,33,28,11,72,0,0,4,0,4,0,33,32,11,76,4,4,8,84
03/16/2016,RDG,PA,AEA,EN,Combined TRACON& Tower with Radar,0,22,38,1,61,0,9,38,6,53,0,31,76,7,114,36,2,38,152
03/17/2016,RDG,PA,AEA,EN,Combined TRACON& Tower with Radar,0,19,26,1,46,0,10,16,1,27,0,29,42,2,73,4,0,4,77
03/18/2016,RDG,PA,AEA,EN,Combined TRACON& Tower with Radar,0,35,30,1,66,0,15,22,0,37,0,50,52,1,103,20,0,20,123
03/19/2016,RDG,PA,AEA,EN,Combined TRACON& Tower with Radar,4,17,62,0,83,0,12,84,0,96,4,29,146,0,179,100,0,100,279
03/20/2016,RDG,PA,AEA,EN,Combined TRACON& Tower with Radar,0,5,18,2,25,0,2,38,2,42,0,7,56,4,67,40,0,40,107
03/21/2016,RDG,PA,AEA,EN,Combined TRACON& Tower with Radar,0,24,31,6,61,0,12,25,3,40,0,36,56,9,101,8,2,10,111
03/22/2016,RDG,PA,AEA,EN,Combined TRACON& Tower with Radar,0,22,48,6,76,0,11,73,3,87,0,33,121,9,163,66,2,68,231
03/23/2016,RDG,PA,AEA,EN,Combined TRACON& Tower with Radar,0,28,51,6,85,0,16,90,14,120,0,44,141,20,205,71,40,111,316
03/24/2016,RDG,PA,AEA,EN,Combined TRACON& Tower with Radar,0,18,74,7,99,0,14,68,4,86,0,32,142,11,185,58,0,58,243
03/25/2016,RDG,PA,AEA,EN,Combined TRACON& Tower with Radar,0,18,31,2,51,0,10,15,1,26,0,28,46,3,77,10,2,12,89
03/26/2016,RDG,PA,AEA,EN,Combined TRACON& Tower with Radar,0,6,48,0,54,0,0,94,0,94,0,6,142,0,148,98,0,98,246
03/27/2016,RDG,PA,AEA,EN,Combined TRACON& Tower with Radar,0,2,25,0,27,0,2,2,0,4,0,4,27,0,31,10,0,10,41
03/28/2016,RDG,PA,AEA,EN,Combined TRACON& Tower with Radar,0,19,23,0,42,0,2,0,0,2,0,21,23,0,44,21,0,21,65
03/29/2016,RDG,PA,AEA,EN,Combined TRACON& Tower with Radar,0,28,29,13,70,0,14,22,2,38,0,42,51,15,108,10,22,32,140
03/30/2016,RDG,PA,AEA,EN,Combined TRACON& Tower with Radar,0,19,54,1,74,0,24,116,4,144,0,43,170,5,218,50,2,52,270
03/31/2016,RDG,PA,AEA,EN,Combined TRACON& Tower with Radar,0,34,38,13,85,0,13,22,11,46,0,47,60,24,131,22,74,96,227
04/01/2016,RDG,PA,AEA,EN,Combined TRACON& Tower with Radar,0,20,27,0,47,0,4,16,0,20,0,24,43,0,67,8,0,8,75
04/02/2016,RDG,PA,AEA,EN,Combined TRACON& Tower with Radar,2,8,20,0,30,0,0,15,0,15,2,8,35,0,45,8,0,8,53
04/03/2016,RDG,PA,AEA,EN,Combined TRACON& Tower with Radar,2,5,6,0,13,0,4,9,0,13,2,9,15,0,26,0,0,0,26
04/04/2016,RDG,PA,AEA,EN,Combined TRACON& Tower with Radar,0,12,37,0,49,0,1,6,0,7,0,13,43,0,56,38,0,38,94
04/05/2016,RDG,PA,AEA,EN,Combined TRACON& Tower with Radar,0,18,49,12,79,0,17,49,9,75,0,35,98,21,154,16,6,22,176
04/06/2016,RDG,PA,AEA,EN,Combined TRACON& Tower with Radar,0,26,53,2,81,0,22,79,6,107,0,48,132,8,188,90,50,140,328
04/07/2016,RDG,PA,AEA,EN,Combined TRACON& Tower with Radar,0,27,36,0,63,0,0,16,0,16,0,27,52,0,79,0,0,0,79
04/08/2016,RDG,PA,AEA,EN,Combined TRACON& Tower with Radar,0,26,20,0,46,0,6,38,0,44,0,32,58,0,90,18,0,18,108
04/09/2016,RDG,PA,AEA,EN,Combined TRACON& Tower with Radar,2,4,0,0,6,0,0,4,0,4,2,4,4,0,10,0,0,0,10
04/10/2016,RDG,PA,AEA,EN,Combined TRACON& Tower with Radar,2,2,43,0,47,0,4,113,0,117,2,6,156,0,164,56,0,56,220
04/11/2016,RDG,PA,AEA,EN,Combined TRACON& Tower with Radar,0,13,18,0,31,0,14,22,0,36,0,27,40,0,67,2,0,2,69
04/12/2016,RDG,PA,AEA,EN,Combined TRACON& Tower with Radar,0,20,38,4,62,0,5,20,6,31,0,25,58,10,93,30,2,32,125
04/13/2016,RDG,PA,AEA,EN,Combined TRACON& Tower with Radar,0,31,65,2,98,0,32,80,1,113,0,63,145,3,211,73,0,73,284
04/14/2016,RDG,PA,AEA,EN,Combined TRACON& Tower with Radar,0,27,55,0,82,0,8,118,0,126,0,35,173,0,208,150,0,150,358
04/15/2016,RDG,PA,AEA,EN,Combined TRACON& Tower with Radar,0,13,56,0,69,0,17,123,0,140,0,30,179,0,209,36,0,36,245
04/16/2016,RDG,PA,AEA,EN,Combined TRACON& Tower with Radar,4,9,51,0,64,0,16,171,0,187,4,25,222,0,251,101,0,101,352
04/17/2016,RDG,PA,AEA,EN,Combined TRACON& Tower with Radar,0,2,53,0,55,0,5,132,0,137,0,7,185,0,192,111,0,111,303
04/18/2016,RDG,PA,AEA,EN,Combined TRACON& Tower with Radar,0,14,33,1,48,0,16,76,0,92,0,30,109,1,140,16,0,16,156
04/19/2016,RDG,PA,AEA,EN,Combined TRACON& Tower with Radar,0,22,38,0,60,0,18,65,4,87,0,40,103,4,147,73,0,73,220
04/20/2016,RDG,PA,AEA,EN,Combined TRACON& Tower with Radar,0,19,52,3,74,0,19,95,10,124,0,38,147,13,198,104,0,104,302
04/21/2016,RDG,PA,AEA,EN,Combined TRACON& Tower with Radar,0,21,60,3,84,0,17,48,5,70,0,38,108,8,154,28,0,28,182
04/22/2016,RDG,PA,AEA,EN,Combined TRACON& Tower with Radar,0,14,59,6,79,0,15,42,0,57,0,29,101,6,136,49,0,49,185
04/23/2016,RDG,PA,AEA,EN,Combined TRACON& Tower with Radar,0,12,50,0,62,0,3,53,0,56,0,15,103,0,118,14,0,14,132
04/24/2016,RDG,PA,AEA,EN,Combined TRACON& Tower with Radar,0,12,43,0,55,0,0,118,1,119,0,12,161,1,174,90,0,90,264
04/25/2016,RDG,PA,AEA,EN,Combined TRACON& Tower with Radar,0,12,43,6,61,0,9,96,2,107,0,21,139,8,168,128,16,144,312
04/26/2016,RDG,PA,AEA,EN,Combined TRACON& Tower with Radar,0,14,41,4,59,0,3,10,7,20,0,17,51,11,79,4,0,4,83
04/27/2016,RDG,PA,AEA,EN,Combined TRACON& Tower with Radar,0,21,52,0,73,0,1,21,2,24,0,22,73,2,97,0,0,0,97
04/28/2016,RDG,PA,AEA,EN,Combined TRACON& Tower with Radar,0,19,37,5,61,0,6,22,0,28,0,25,59,5,89,18,4,22,111
04/29/2016,RDG,PA,AEA,EN,Combined TRACON& Tower with Radar,0,22,21,4,47,0,7,29,7,43,0,29,50,11,90,42,10,52,142
04/30/2016,RDG,PA,AEA,EN,Combined TRACON& Tower with Radar,0,10,40,1,51,0,7,61,0,68,0,17,101,1,119,72,0,72,191
05/01/2016,RDG,PA,AEA,EN,Combined TRACON& Tower with Radar,0,7,37,0,44,0,0,0,0,0,0,7,37,0,44,2,0,2,46
05/02/2016,RDG,PA,AEA,EN,Combined TRACON& Tower with Radar,0,14,25,0,39,0,0,3,0,3,0,14,28,0,42,0,0,0,42
05/03/2016,RDG,PA,AEA,EN,Combined TRACON& Tower with Radar,0,18,41,0,59,0,11,14,0,25,0,29,55,0,84,10,0,10,94
05/04/2016,RDG,PA,AEA,EN,Combined TRACON& Tower with Radar,0,18,51,4,73,0,0,5,0,5,0,18,56,4,78,2,0,2,80
05/05/2016,RDG,PA,AEA,EN,Combined TRACON& Tower with Radar,0,18,70,6,94,0,6,46,5,57,0,24,116,11,151,58,8,66,217
05/06/2016,RDG,PA,AEA,EN,Combined TRACON& Tower with Radar,0,15,19,0,34,0,0,2,0,2,0,15,21,0,36,14,0,14,50
05/07/2016,RDG,PA,AEA,EN,Combined TRACON& Tower with Radar,2,9,48,0,59,0,2,24,1,27,2,11,72,1,86,12,0,12,98
05/08/2016,RDG,PA,AEA,EN,Combined TRACON& Tower with Radar,2,0,6,0,8,0,3,7,0,10,2,3,13,0,18,14,0,14,32
05/09/2016,RDG,PA,AEA,EN,Combined TRACON& Tower with Radar,0,17,54,8,79,0,10,105,8,123,0,27,159,16,202,52,12,64,266
05/10/2016,RDG,PA,AEA,EN,Combined TRACON& Tower with Radar,0,24,85,9,118,0,11,72,3,86,0,35,157,12,204,52,2,54,258
05/11/2016,RDG,PA,AEA,EN,Combined TRACON& Tower with Radar,0,21,76,8,105,0,5,57,6,68,0,26,133,14,173,124,12,136,309
05/12/2016,RDG,PA,AEA,EN,Combined TRACON& Tower with Radar,0,30,50,11,91,0,14,68,17,99,0,44,118,28,190,92,22,114,304
05/13/2016,RDG,PA,AEA,EN,Combined TRACON& Tower with Radar,0,24,46,5,75,0,11,22,0,33,0,35,68,5,108,16,0,16,124
05/14/2016,RDG,PA,AEA,EN,Combined TRACON& Tower with Radar,4,6,26,0,36,0,0,38,0,38,4,6,64,0,74,28,0,28,102
05/15/2016,RDG,PA,AEA,EN,Combined TRACON& Tower with Radar,0,3,16,0,19,0,9,20,4,33,0,12,36,4,52,22,0,22,74
05/16/2016,RDG,PA,AEA,EN,Combined TRACON& Tower with Radar,0,20,38,3,61,0,8,45,0,53,0,28,83,3,114,6,0,6,120
05/17/2016,RDG,PA,AEA,EN,Combined TRACON& Tower with Radar,0,22,38,17,77,0,19,64,9,92,0,41,102,26,169,112,24,136,305
05/18/2016,RDG,PA,AEA,EN,Combined TRACON& Tower with Radar,0,21,58,6,85,0,12,133,4,149,0,33,191,10,234,138,24,162,396
05/19/2016,RDG,PA,AEA,EN,Combined TRACON& Tower with Radar,0,29,62,11,102,0,12,120,3,135,0,41,182,14,237,86,0,86,323
05/20/2016,RDG,PA,AEA,EN,Combined TRACON& Tower with Radar,0,26,49,7,82,0,9,155,1,165,0,35,204,8,247,152,0,152,399
05/21/2016,RDG,PA,AEA,EN,Combined TRACON& Tower with Radar,0,15,21,0,36,0,12,13,0,25,0,27,34,0,61,44,0,44,105
05/22/2016,RDG,PA,AEA,EN,Combined TRACON& Tower with Radar,0,11,28,0,39,0,1,34,0,35,0,12,62,0,74,38,0,38,112
05/23/2016,RDG,PA,AEA,EN,Combined TRACON& Tower with Radar,0,27,47,4,78,0,12,45,0,57,0,39,92,4,135,46,8,54,189
05/24/2016,RDG,PA,AEA,EN,Combined TRACON& Tower with Radar,0,15,58,1,74,0,8,68,4,80,0,23,126,5,154,32,18,50,204
05/25/2016,RDG,PA,AEA,EN,Combined TRACON& Tower with Radar,0,19,61,22,102,0,20,80,7,107,0,39,141,29,209,58,24,82,291
05/26/2016,RDG,PA,AEA,EN,Combined TRACON& Tower with Radar,0,44,67,5,116,0,17,99,1,117,0,61,166,6,233,98,0,98,331
05/27/2016,RDG,PA,AEA,EN,Combined TRACON& Tower with Radar,0,14,38,0,52,0,12,83,0,95,0,26,121,0,147,134,0,134,281
05/28/2016,RDG,PA,AEA,EN,Combined TRACON& Tower with Radar,0,11,38,0,49,0,0,72,0,72,0,11,110,0,121,72,0,72,193
05/29/2016,RDG,PA,AEA,EN,Combined TRACON& Tower with Radar,0,0,34,0,34,0,0,55,0,55,0,0,89,0,89,34,0,34,123
05/30/2016,RDG,PA,AEA,EN,Combined TRACON& Tower with Radar,0,2,21,0,23,0,0,27,0,27,0,2,48,0,50,10,0,10,60
05/31/2016,RDG,PA,AEA,EN,Combined TRACON& Tower with Radar,0,16,68,5,89,0,16,88,5,109,0,32,156,10,198,64,4,68,266
06/01/2016,RDG,PA,AEA,EN,Combined TRACON& Tower with Radar,0,20,50,6,76,0,8,100,1,109,0,28,150,7,185,62,8,70,255
06/02/2016,RDG,PA,AEA,EN,Combined TRACON& Tower with Radar,0,31,63,3,97,0,56,119,5,180,0,87,182,8,277,88,16,104,381
06/03/2016,RDG,PA,AEA,EN,Combined TRACON& Tower with Radar,0,33,42,0,75,0,79,15,8,102,0,112,57,8,177,46,0,46,223
06/04/2016,RDG,PA,AEA,EN,Combined TRACON& Tower with Radar,2,30,37,2,71,0,339,96,21,456,2,369,133,23,527,80,8,88,615
06/05/2016,RDG,PA,AEA,EN,Combined TRACON& Tower with Radar,2,1,21,0,24,0,17,8,0,25,2,18,29,0,49,12,0,12,61
06/06/2016,RDG,PA,AEA,EN,Combined TRACON& Tower with Radar,0,13,69,0,82,1,14,146,16,177,1,27,215,16,259,56,0,56,315
06/07/2016,RDG,PA,AEA,EN,Combined TRACON& Tower with Radar,0,18,45,6,69,0,7,71,3,81,0,25,116,9,150,28,12,40,190
06/08/2016,RDG,PA,AEA,EN,Combined TRACON& Tower with Radar,0,20,21,6,47,0,17,32,3,52,0,37,53,9,99,2,10,12,111
06/09/2016,RDG,PA,AEA,EN,Combined TRACON& Tower with Radar,0,23,43,8,74,0,17,55,3,75,0,40,98,11,149,14,2,16,165
06/10/2016,RDG,PA,AEA,EN,Combined TRACON& Tower with Radar,0,10,62,0,72,0,9,104,1,114,0,19,166,1,186,90,0,90,276
06/11/2016,RDG,PA,AEA,EN,Combined TRACON& Tower with Radar,2,12,20,0,34,0,13,42,0,55,2,25,62,0,89,46,0,46,135
06/12/2016,RDG,PA,AEA,EN,Combined TRACON& Tower with Radar,3,9,21,0,33,0,5,21,0,26,3,14,42,0,59,4,0,4,63
06/13/2016,RDG,PA,AEA,EN,Combined TRACON& Tower with Radar,0,13,36,0,49,0,5,81,0,86,0,18,117,0,135,38,0,38,173
06/14/2016,RDG,PA,AEA,EN,Combined TRACON& Tower with Radar,0,17,71,16,104,0,17,119,3,139,0,34,190,19,243,84,6,90,333
06/15/2016,RDG,PA,AEA,EN,Combined TRACON& Tower with Radar,0,30,64,16,110,0,18,111,7,136,0,48,175,23,246,36,36,72,318
06/16/2016,RDG,PA,AEA,EN,Combined TRACON& Tower with Radar,0,21,36,5,62,0,1,0,0,1,0,22,36,5,63,16,0,16,79
06/17/2016,RDG,PA,AEA,EN,Combined TRACON& Tower with Radar,0,18,44,13,75,0,15,68,12,95,0,33,112,25,170,44,58,102,272
06/18/2016,RDG,PA,AEA,EN,Combined TRACON& Tower with Radar,4,10,43,0,57,0,13,93,1,107,4,23,136,1,164,102,0,102,266
06/19/2016,RDG,PA,AEA,EN,Combined TRACON& Tower with Radar,0,5,19,1,25,0,2,87,3,92,0,7,106,4,117,10,0,10,127
06/20/2016,RDG,PA,AEA,EN,Combined TRACON& Tower with Radar,0,11,51,9,71,0,26,67,6,99,0,37,118,15,170,84,4,88,258
06/21/2016,RDG,PA,AEA,EN,Combined TRACON& Tower with Radar,0,22,61,4,87,0,12,85,6,103,0,34,146,10,190,84,8,92,282
06/22/2016,RDG,PA,AEA,EN,Combined TRACON& Tower with Radar,0,23,42,11,76,0,15,71,6,92,0,38,113,17,168,82,6,88,256
06/23/2016,RDG,PA,AEA,EN,Combined TRACON& Tower with Radar,0,19,54,9,82,0,5,26,15,46,0,24,80,24,128,58,16,74,202
06/24/2016,RDG,PA,AEA,EN,Combined TRACON& Tower with Radar,0,29,58,8,95,0,10,94,8,112,0,39,152,16,207,90,8,98,305
06/25/2016,RDG,PA,AEA,EN,Combined TRACON& Tower with Radar,0,7,41,0,48,0,14,76,0,90,0,21,117,0,138,90,0,90,228
06/26/2016,RDG,PA,AEA,EN,Combined TRACON& Tower with Radar,0,10,44,5,59,0,2,81,3,86,0,12,125,8,145,64,0,64,209
06/27/2016,RDG,PA,AEA,EN,Combined TRACON& Tower with Radar,0,13,31,3,47,0,8,59,2,69,0,21,90,5,116,30,4,34,150
06/28/2016,RDG,PA,AEA,EN,Combined TRACON& Tower with Radar,0,25,70,10,105,0,3,9,0,12,0,28,79,10,117,6,0,6,123
06/29/2016,RDG,PA,AEA,EN,Combined TRACON& Tower with Radar,0,33,66,7,106,0,24,127,8,159,0,57,193,15,265,90,26,116,381
06/30/2016,RDG,PA,AEA,EN,Combined TRACON& Tower with Radar,0,20,45,10,75,0,15,139,6,160,0,35,184,16,235,128,6,134,369
07/01/2016,RDG,PA,AEA,EN,Combined TRACON& Tower with Radar,0,38,38,0,76,0,18,46,1,65,0,56,84,1,141,20,0,20,161
07/02/2016,RDG,PA,AEA,EN,Combined TRACON& Tower with Radar,0,14,19,1,34,0,1,75,0,76,0,15,94,1,110,82,0,82,192
07/03/2016,RDG,PA,AEA,EN,Combined TRACON& Tower with Radar,0,4,22,0,26,0,0,113,0,113,0,4,135,0,139,112,0,112,251
07/04/2016,RDG,PA,AEA,EN,Combined TRACON& Tower with Radar,0,6,23,0,29,0,5,15,0,20,0,11,38,0,49,24,0,24,73
07/05/2016,RDG,PA,AEA,EN,Combined TRACON& Tower with Radar,0,15,48,26,89,0,15,88,3,106,0,30,136,29,195,112,10,122,317
07/06/2016,RDG,PA,AEA,EN,Combined TRACON& Tower with Radar,0,25,31,3,59,0,21,79,8,108,0,46,110,11,167,71,8,79,246
07/07/2016,RDG,PA,AEA,EN,Combined TRACON& Tower with Radar,0,17,33,9,59,0,16,52,8,76,0,33,85,17,135,20,28,48,183
07/08/2016,RDG,PA,AEA,EN,Combined TRACON& Tower with Radar,0,23,39,1,63,0,3,72,7,82,0,26,111,8,145,82,0,82,227
07/09/2016,RDG,PA,AEA,EN,Combined TRACON& Tower with Radar,0,10,36,0,46,0,4,5,0,9,0,14,41,0,55,8,0,8,63
07/10/2016,RDG,PA,AEA,EN,Combined TRACON& Tower with Radar,0,4,47,0,51,0,3,87,0,90,0,7,134,0,141,64,0,64,205
07/11/2016,RDG,PA,AEA,EN,Combined TRACON& Tower with Radar,0,16,37,3,56,0,17,102,2,121,0,33,139,5,177,66,0,66,243
07/12/2016,RDG,PA,AEA,EN,Combined TRACON& Tower with Radar,0,31,55,7,93,0,11,93,7,111,0,42,148,14,204,100,24,124,328
07/13/2016,RDG,PA,AEA,EN,Combined TRACON& Tower with Radar,0,26,31,4,61,0,0,3,6,9,0,26,34,10,70,8,8,16,86
07/14/2016,RDG,PA,AEA,EN,Combined TRACON& Tower with Radar,0,23,73,0,96,0,7,25,0,32,0,30,98,0,128,8,0,8,136
07/15/2016,RDG,PA,AEA,EN,Combined TRACON& Tower with Radar,0,15,41,5,61,0,14,31,2,47,0,29,72,7,108,22,0,22,130
07/16/2016,RDG,PA,AEA,EN,Combined TRACON& Tower with Radar,0,7,29,0,36,0,18,94,0,112,0,25,123,0,148,56,0,56,204
07/17/2016,RDG,PA,AEA,EN,Combined TRACON& Tower with Radar,0,3,53,2,58,0,4,54,0,58,0,7,107,2,116,98,0,98,214
07/18/2016,RDG,PA,AEA,EN,Combined TRACON& Tower with Radar,0,15,46,17,78,0,5,72,7,84,0,20,118,24,162,42,16,58,220
07/19/2016,RDG,PA,AEA,EN,Combined TRACON& Tower with Radar,0,22,52,8,82,0,24,109,5,138,0,46,161,13,220,72,10,82,302
07/20/2016,RDG,PA,AEA,EN,Combined TRACON& Tower with Radar,0,22,46,6,74,0,9,110,1,120,0,31,156,7,194,102,0,102,296
07/21/2016,RDG,PA,AEA,EN,Combined TRACON& Tower with Radar,0,20,78,3,101,0,14,92,5,111,0,34,170,8,212,100,4,104,316
07/22/2016,RDG,PA,AEA,EN,Combined TRACON& Tower with Radar,0,11,33,2,46,0,14,61,1,76,0,25,94,3,122,10,0,10,132
07/23/2016,RDG,PA,AEA,EN,Combined TRACON& Tower with Radar,0,11,26,8,45,0,33,95,16,144,0,44,121,24,189,62,10,72,261
07/24/2016,RDG,PA,AEA,EN,Combined TRACON& Tower with Radar,0,1,17,0,18,0,21,69,4,94,0,22,86,4,112,48,0,48,160
07/25/2016,RDG,PA,AEA,EN,Combined TRACON& Tower with Radar,0,13,34,0,47,0,7,13,0,20,0,20,47,0,67,28,0,28,95
07/26/2016,RDG,PA,AEA,EN,Combined TRACON& Tower with Radar,0,20,65,14,99,0,14,79,12,105,0,34,144,26,204,120,40,160,364
07/27/2016,RDG,PA,AEA,EN,Combined TRACON& Tower with Radar,0,29,51,8,88,0,34,106,2,142,0,63,157,10,230,100,2,102,332
07/28/2016,RDG,PA,AEA,EN,Combined TRACON& Tower with Radar,0,18,40,4,62,0,12,50,0,62,0,30,90,4,124,68,2,70,194
07/29/2016,RDG,PA,AEA,EN,Combined TRACON& Tower with Radar,0,19,67,9,95,0,22,68,4,94,0,41,135,13,189,24,0,24,213
07/30/2016,RDG,PA,AEA,EN,Combined TRACON& Tower with Radar,0,13,39,0,52,0,0,26,0,26,0,13,65,0,78,40,0,40,118
07/31/2016,RDG,PA,AEA,EN,Combined TRACON& Tower with Radar,0,2,22,0,24,0,0,23,0,23,0,2,45,0,47,8,0,8,55
08/01/2016,RDG,PA,AEA,EN,Combined TRACON& Tower with Radar,0,11,25,0,36,0,2,6,0,8,0,13,31,0,44,0,0,0,44
08/02/2016,RDG,PA,AEA,EN,Combined TRACON& Tower with Radar,0,27,58,12,97,0,6,41,8,55,0,33,99,20,152,44,8,52,204
08/03/2016,RDG,PA,AEA,EN,Combined TRACON& Tower with Radar,0,21,67,12,100,0,28,102,11,141,0,49,169,23,241,100,6,106,347
08/04/2016,RDG,PA,AEA,EN,Combined TRACON& Tower with Radar,0,15,80,6,101,0,14,137,15,166,0,29,217,21,267,78,22,100,367
08/05/2016,RDG,PA,AEA,EN,Combined TRACON& Tower with Radar,0,22,69,8,99,0,8,61,3,72,0,30,130,11,171,6,10,16,187
08/06/2016,RDG,PA,AEA,EN,Combined TRACON& Tower with Radar,0,11,20,0,31,0,2,42,0,44,0,13,62,0,75,16,0,16,91
08/07/2016,RDG,PA,AEA,EN,Combined TRACON& Tower with Radar,0,4,53,0,57,0,4,206,2,212,0,8,259,2,269,58,0,58,327
08/08/2016,RDG,PA,AEA,EN,Combined TRACON& Tower with Radar,0,16,25,0,41,0,9,129,0,138,0,25,154,0,179,48,0,48,227
08/09/2016,RDG,PA,AEA,EN,Combined TRACON& Tower with Radar,0,31,64,2,97,0,21,118,4,143,0,52,182,6,240,110,16,126,366
08/10/2016,RDG,PA,AEA,EN,Combined TRACON& Tower with Radar,0,24,32,10,66,0,5,35,1,41,0,29,67,11,107,8,24,32,139
08/11/2016,RDG,PA,AEA,EN,Combined TRACON& Tower with Radar,0,23,71,6,100,0,9,78,3,90,0,32,149,9,190,90,20,110,300
08/12/2016,RDG,PA,AEA,EN,Combined TRACON& Tower with Radar,0,25,34,0,59,0,21,84,0,105,0,46,118,0,164,6,0,6,170
08/13/2016,RDG,PA,AEA,EN,Combined TRACON& Tower with Radar,0,7,21,0,28,0,9,114,0,123,0,16,135,0,151,64,0,64,215
08/14/2016,RDG,PA,AEA,EN,Combined TRACON& Tower with Radar,0,5,17,0,22,0,4,58,0,62,0,9,75,0,84,52,0,52,136
08/15/2016,RDG,PA,AEA,EN,Combined TRACON& Tower with Radar,0,22,28,6,56,0,7,77,4,88,0,29,105,10,144,98,8,106,250
08/16/2016,RDG,PA,AEA,EN,Combined TRACON& Tower with Radar,0,21,27,6,54,0,12,34,8,54,0,33,61,14,108,12,16,28,136
08/17/2016,RDG,PA,AEA,EN,Combined TRACON& Tower with Radar,0,25,64,14,103,0,32,85,1,118,0,57,149,15,221,30,13,43,264
08/18/2016,RDG,PA,AEA,EN,Combined TRACON& Tower with Radar,0,22,51,0,73,0,19,59,0,78,0,41,110,0,151,68,0,68,219
08/19/2016,RDG,PA,AEA,EN,Combined TRACON& Tower with Radar,0,21,77,6,104,0,24,101,7,132,0,45,178,13,236,52,24,76,312
08/20/2016,RDG,PA,AEA,EN,Combined TRACON& Tower with Radar,0,5,36,0,41,0,7,77,1,85,0,12,113,1,126,40,0,40,166
08/21/2016,RDG,PA,AEA,EN,Combined TRACON& Tower with Radar,0,8,36,10,54,0,2,14,1,17,0,10,50,11,71,2,0,2,73
08/22/2016,RDG,PA,AEA,EN,Combined TRACON& Tower with Radar,0,20,44,4,68,0,24,77,0,101,0,44,121,4,169,18,2,20,189
08/23/2016,RDG,PA,AEA,EN,Combined TRACON& Tower with Radar,0,24,41,2,67,0,14,95,6,115,0,38,136,8,182,78,0,78,260
08/24/2016,RDG,PA,AEA,EN,Combined TRACON& Tower with Radar,0,23,39,23,85,0,16,66,5,87,0,39,105,28,172,24,14,38,210
08/25/2016,RDG,PA,AEA,EN,Combined TRACON& Tower with Radar,0,16,74,1,91,0,14,92,0,106,0,30,166,1,197,56,2,58,255
08/26/2016,RDG,PA,AEA,EN,Combined TRACON& Tower with Radar,0,19,44,9,72,0,3,3,0,6,0,22,47,9,78,16,4,20,98
08/27/2016,RDG,PA,AEA,EN,Combined TRACON& Tower with Radar,0,8,45,0,53,0,5,112,0,117,0,13,157,0,170,62,0,62,232
08/28/2016,RDG,PA,AEA,EN,Combined TRACON& Tower with Radar,0,0,38,0,38,0,2,110,0,112,0,2,148,0,150,34,0,34,184
08/29/2016,RDG,PA,AEA,EN,Combined TRACON& Tower with Radar,0,17,35,2,54,0,20,83,2,105,0,37,118,4,159,58,16,74,233
08/30/2016,RDG,PA,AEA,EN,Combined TRACON& Tower with Radar,0,25,69,6,100,0,18,87,10,115,0,43,156,16,215,36,10,46,261
08/31/2016,RDG,PA,AEA,EN,Combined TRACON& Tower with Radar,0,29,58,2,89,0,15,44,0,59,0,44,102,2,148,18,0,18,166
09/01/2016,RDG,PA,AEA,EN,Combined TRACON& Tower with Radar,0,18,60,9,87,0,10,33,3,46,0,28,93,12,133,20,0,20,153
09/02/2016,RDG,PA,AEA,EN,Combined TRACON& Tower with Radar,0,18,29,1,48,0,19,90,4,113,0,37,119,5,161,88,0,88,249
09/03/2016,RDG,PA,AEA,EN,Combined TRACON& Tower with Radar,0,14,53,0,67,0,6,59,0,65,0,20,112,0,132,38,0,38,170
09/04/2016,RDG,PA,AEA,EN,Combined TRACON& Tower with Radar,0,7,21,0,28,0,4,47,0,51,0,11,68,0,79,14,0,14,93
09/05/2016,RDG,PA,AEA,EN,Combined TRACON& Tower with Radar,0,5,34,0,39,0,7,37,0,44,0,12,71,0,83,20,0,20,103
09/06/2016,RDG,PA,AEA,EN,Combined TRACON& Tower with Radar,0,20,61,6,87,0,14,58,3,75,0,34,119,9,162,16,6,22,184
09/07/2016,RDG,PA,AEA,EN,Combined TRACON& Tower with Radar,0,32,57,6,95,0,11,115,12,138,0,43,172,18,233,58,18,76,309
09/08/2016,RDG,PA,AEA,EN,Combined TRACON& Tower with Radar,0,25,75,2,102,0,12,106,2,120,0,37,181,4,222,86,0,86,308
09/09/2016,RDG,PA,AEA,EN,Combined TRACON& Tower with Radar,0,23,17,7,47,0,17,67,2,86,0,40,84,9,133,216,4,220,353
09/10/2016,RDG,PA,AEA,EN,Combined TRACON& Tower with Radar,0,14,12,0,26,0,7,81,0,88,0,21,93,0,114,188,0,188,302
09/11/2016,RDG,PA,AEA,EN,Combined TRACON& Tower with Radar,0,12,28,2,42,0,19,74,2,95,0,31,102,4,137,36,10,46,183
09/12/2016,RDG,PA,AEA,EN,Combined TRACON& Tower with Radar,0,17,79,4,100,0,14,92,3,109,0,31,171,7,209,54,4,58,267
09/13/2016,RDG,PA,AEA,EN,Combined TRACON& Tower with Radar,0,22,56,3,81,0,12,76,2,90,0,34,132,5,171,46,0,46,217
09/14/2016,RDG,PA,AEA,EN,Combined TRACON& Tower with Radar,0,15,56,7,78,0,15,76,9,100,0,30,132,16,178,76,24,100,278
09/15/2016,RDG,PA,AEA,EN,Combined TRACON& Tower with Radar,0,40,52,6,98,0,26,95,4,125,0,66,147,10,223,108,8,116,339
09/16/2016,RDG,PA,AEA,EN,Combined TRACON& Tower with Radar,0,20,52,15,87,0,15,97,14,126,0,35,149,29,213,32,8,40,253
09/17/2016,RDG,PA,AEA,EN,Combined TRACON& Tower with Radar,0,9,35,0,44,0,14,73,0,87,0,23,108,0,131,50,0,50,181
09/18/2016,RDG,PA,AEA,EN,Combined TRACON& Tower with Radar,0,9,23,0,32,0,4,4,0,8,0,13,27,0,40,2,0,2,42
09/19/2016,RDG,PA,AEA,EN,Combined TRACON& Tower with Radar,0,9,32,2,43,0,8,6,0,14,0,17,38,2,57,2,2,4,61
09/20/2016,RDG,PA,AEA,EN,Combined TRACON& Tower with Radar,0,16,56,2,74,0,7,36,1,44,0,23,92,3,118,0,0,0,118
09/21/2016,RDG,PA,AEA,EN,Combined TRACON& Tower with Radar,0,32,53,11,96,0,22,99,6,127,0,54,152,17,223,74,2,76,299
09/22/2016,RDG,PA,AEA,EN,Combined TRACON& Tower with Radar,0,24,69,30,123,0,24,116,20,160,0,48,185,50,283,90,58,148,431
09/23/2016,RDG,PA,AEA,EN,Combined TRACON& Tower with Radar,0,22,41,10,73,0,6,60,5,71,0,28,101,15,144,68,2,70,214
09/24/2016,RDG,PA,AEA,EN,Combined TRACON& Tower with Radar,2,9,66,0,77,0,3,81,0,84,2,12,147,0,161,32,0,32,193
09/25/2016,RDG,PA,AEA,EN,Combined TRACON& Tower with Radar,1,6,55,0,62,0,8,87,0,95,1,14,142,0,157,28,0,28,185
09/26/2016,RDG,PA,AEA,EN,Combined TRACON& Tower with Radar,0,9,31,5,45,0,5,37,0,42,0,14,68,5,87,32,0,32,119
09/27/2016,RDG,PA,AEA,EN,Combined TRACON& Tower with Radar,0,19,60,2,81,0,12,71,9,92,0,31,131,11,173,46,6,52,225
09/28/2016,RDG,PA,AEA,EN,Combined TRACON& Tower with Radar,0,17,49,2,68,0,11,21,9,41,0,28,70,11,109,22,0,22,131
09/29/2016,RDG,PA,AEA,EN,Combined TRACON& Tower with Radar,0,30,60,0,90,0,0,5,0,5,0,30,65,0,95,0,0,0,95
09/30/2016,RDG,PA,AEA,EN,Combined TRACON& Tower with Radar,0,15,41,4,60,0,2,2,0,4,0,17,43,4,64,0,10,10,74
10/01/2016,RDG,PA,AEA,EN,Combined TRACON& Tower with Radar,2,9,51,0,62,0,0,0,0,0,2,9,51,0,62,4,0,4,66
10/02/2016,RDG,PA,AEA,EN,Combined TRACON& Tower with Radar,2,7,85,0,94,0,0,0,0,0,2,7,85,0,94,14,0,14,108
10/03/2016,RDG,PA,AEA,EN,Combined TRACON& Tower with Radar,0,11,54,0,65,0,4,71,0,75,0,15,125,0,140,38,0,38,178
10/04/2016,RDG,PA,AEA,EN,Combined TRACON& Tower with Radar,0,14,62,18,94,0,7,31,14,52,0,21,93,32,146,36,0,36,182
10/05/2016,RDG,PA,AEA,EN,Combined TRACON& Tower with Radar,0,23,66,4,93,0,16,74,0,90,0,39,140,4,183,30,0,30,213
10/06/2016,RDG,PA,AEA,EN,Combined TRACON& Tower with Radar,0,23,43,2,68,0,15,68,7,90,0,38,111,9,158,74,2,76,234
10/07/2016,RDG,PA,AEA,EN,Combined TRACON& Tower with Radar,0,14,39,0,53,0,9,75,0,84,0,23,114,0,137,96,0,96,233
10/08/2016,RDG,PA,AEA,EN,Combined TRACON& Tower with Radar,4,11,7,0,22,0,2,0,0,2,4,13,7,0,24,0,0,0,24
10/09/2016,RDG,PA,AEA,EN,Combined TRACON& Tower with Radar,0,6,17,0,23,0,2,7,0,9,0,8,24,0,32,2,0,2,34
10/10/2016,RDG,PA,AEA,EN,Combined TRACON& Tower with Radar,0,18,31,0,49,0,12,36,0,48,0,30,67,0,97,18,0,18,115
10/11/2016,RDG,PA,AEA,EN,Combined TRACON& Tower with Radar,0,10,47,4,61,0,10,75,0,85,0,20,122,4,146,90,0,90,236
10/12/2016,RDG,PA,AEA,EN,Combined TRACON& Tower with Radar,0,20,53,9,82,0,10,93,7,110,0,30,146,16,192,38,0,38,230
10/13/2016,RDG,PA,AEA,EN,Combined TRACON& Tower with Radar,0,31,21,1,53,0,4,28,0,32,0,35,49,1,85,2,0,2,87
10/14/2016,RDG,PA,AEA,EN,Combined TRACON& Tower with Radar,0,21,45,2,68,0,14,92,6,112,0,35,137,8,180,58,8,66,246
10/15/2016,RDG,PA,AEA,EN,Combined TRACON& Tower with Radar,0,10,30,4,44,0,5,90,0,95,0,15,120,4,139,66,2,68,207
10/16/2016,RDG,PA,AEA,EN,Combined TRACON& Tower with Radar,0,11,29,0,40,0,6,56,0,62,0,17,85,0,102,80,0,80,182
10/17/2016,RDG,PA,AEA,EN,Combined TRACON& Tower with Radar,0,11,18,4,33,0,9,47,4,60,0,20,65,8,93,30,0,30,123
10/18/2016,RDG,PA,AEA,EN,Combined TRACON& Tower with Radar,0,19,40,6,65,0,10,71,5,86,0,29,111,11,151,38,4,42,193
10/19/2016,RDG,PA,AEA,EN,Combined TRACON& Tower with Radar,0,13,54,3,70,0,27,80,6,113,0,40,134,9,183,74,2,76,259
10/20/2016,RDG,PA,AEA,EN,Combined TRACON& Tower with Radar,0,17,45,6,68,0,5,17,7,29,0,22,62,13,97,28,4,32,129
10/21/2016,RDG,PA,AEA,EN,Combined TRACON& Tower with Radar,0,22,34,4,60,0,5,16,0,21,0,27,50,4,81,12,0,12,93
10/22/2016,RDG,PA,AEA,EN,Combined TRACON& Tower with Radar,1,10,19,0,30,0,11,12,2,25,1,21,31,2,55,0,0,0,55
10/23/2016,RDG,PA,AEA,EN,Combined TRACON& Tower with Radar,2,3,21,0,26,0,5,30,0,35,2,8,51,0,61,8,0,8,69
10/24/2016,RDG,PA,AEA,EN,Combined TRACON& Tower with Radar,0,24,27,2,53,0,20,35,6,61,0,44,62,8,114,26,20,46,160
10/25/2016,RDG,PA,AEA,EN,Combined TRACON& Tower with Radar,0,19,42,14,75,0,10,57,14,81,0,29,99,28,156,30,20,50,206
10/26/2016,RDG,PA,AEA,EN,Combined TRACON& Tower with Radar,0,27,85,10,122,0,27,86,7,120,0,54,171,17,242,78,20,98,340
10/27/2016,RDG,PA,AEA,EN,Combined TRACON& Tower with Radar,0,22,35,4,61,0,0,0,0,0,0,22,35,4,61,0,0,0,61
10/28/2016,RDG,PA,AEA,EN,Combined TRACON& Tower with Radar,0,16,14,6,36,0,17,33,13,63,0,33,47,19,99,2,10,12,111
10/29/2016,RDG,PA,AEA,EN,Combined TRACON& Tower with Radar,2,11,46,0,59,0,8,70,6,84,2,19,116,6,143,100,4,104,247
10/30/2016,RDG,PA,AEA,EN,Combined TRACON& Tower with Radar,2,9,44,4,59,0,9,68,0,77,2,18,112,4,136,26,2,28,164
10/31/2016,RDG,PA,AEA,EN,Combined TRACON& Tower with Radar,0,13,67,12,92,0,16,53,5,74,0,29,120,17,166,28,22,50,216
11/01/2016,RDG,PA,AEA,EN,Combined TRACON& Tower with Radar,0,11,67,0,78,0,7,62,0,69,0,18,129,0,147,124,0,124,271
11/02/2016,RDG,PA,AEA,EN,Combined TRACON& Tower with Radar,0,15,70,10,95,0,5,100,3,108,0,20,170,13,203,44,2,46,249
11/03/2016,RDG,PA,AEA,EN,Combined TRACON& Tower with Radar,0,18,54,8,80,0,13,20,3,36,0,31,74,11,116,6,24,30,146
11/04/2016,RDG,PA,AEA,EN,Combined TRACON& Tower with Radar,0,15,21,8,44,0,16,64,2,82,0,31,85,10,126,22,4,26,152
11/05/2016,RDG,PA,AEA,EN,Combined TRACON& Tower with Radar,4,8,43,0,55,0,13,139,0,152,4,21,182,0,207,20,0,20,227
11/06/2016,RDG,PA,AEA,EN,Combined TRACON& Tower with Radar,0,8,25,0,33,0,7,35,0,42,0,15,60,0,75,48,0,48,123
11/07/2016,RDG,PA,AEA,EN,Combined TRACON& Tower with Radar,0,11,42,8,61,0,21,97,5,123,0,32,139,13,184,38,4,42,226
11/08/2016,RDG,PA,AEA,EN,Combined TRACON& Tower with Radar,0,35,63,5,103,0,7,93,9,109,0,42,156,14,212,58,6,64,276
11/09/2016,RDG,PA,AEA,EN,Combined TRACON& Tower with Radar,0,20,27,7,54,0,2,5,1,8,0,22,32,8,62,0,0,0,62
11/10/2016,RDG,PA,AEA,EN,Combined TRACON& Tower with Radar,0,19,52,6,77,0,16,88,2,106,0,35,140,8,183,50,4,54,237
11/11/2016,RDG,PA,AEA,EN,Combined TRACON& Tower with Radar,0,13,33,0,46,0,10,24,0,34,0,23,57,0,80,0,0,0,80
11/12/2016,RDG,PA,AEA,EN,Combined TRACON& Tower with Radar,0,9,29,0,38,0,4,110,0,114,0,13,139,0,152,62,0,62,214
11/13/2016,RDG,PA,AEA,EN,Combined TRACON& Tower with Radar,0,0,41,0,41,0,5,104,0,109,0,5,145,0,150,98,0,98,248
11/14/2016,RDG,PA,AEA,EN,Combined TRACON& Tower with Radar,0,14,66,11,91,0,18,61,2,81,0,32,127,13,172,96,2,98,270
11/15/2016,RDG,PA,AEA,EN,Combined TRACON& Tower with Radar,0,18,38,4,60,0,16,56,3,75,0,34,94,7,135,48,6,54,189
11/16/2016,RDG,PA,AEA,EN,Combined TRACON& Tower with Radar,0,15,54,10,79,0,19,66,18,103,0,34,120,28,182,34,42,76,258
11/17/2016,RDG,PA,AEA,EN,Combined TRACON& Tower with Radar,0,12,66,7,85,0,17,115,9,141,0,29,181,16,226,74,4,78,304
11/18/2016,RDG,PA,AEA,EN,Combined TRACON& Tower with Radar,0,21,33,2,56,0,16,106,21,143,0,37,139,23,199,56,32,88,287
11/19/2016,RDG,PA,AEA,EN,Combined TRACON& Tower with Radar,0,8,31,2,41,0,5,55,14,74,0,13,86,16,115,60,4,64,179
11/20/2016,RDG,PA,AEA,EN,Combined TRACON& Tower with Radar,0,2,3,4,9,0,0,5,1,6,0,2,8,5,15,0,8,8,23
11/21/2016,RDG,PA,AEA,EN,Combined TRACON& Tower with Radar,0,21,23,13,57,0,9,8,15,32,0,30,31,28,89,4,48,52,141
11/22/2016,RDG,PA,AEA,EN,Combined TRACON& Tower with Radar,0,21,45,15,81,0,12,35,7,54,0,33,80,22,135,8,10,18,153
11/23/2016,RDG,PA,AEA,EN,Combined TRACON& Tower with Radar,0,20,69,0,89,0,12,96,2,110,0,32,165,2,199,66,0,66,265
11/24/2016,RDG,PA,AEA,EN,Combined TRACON& Tower with Radar,0,2,2,0,4,0,4,4,0,8,0,6,6,0,12,0,0,0,12
11/25/2016,RDG,PA,AEA,EN,Combined TRACON& Tower with Radar,0,10,26,1,37,0,1,15,2,18,0,11,41,3,55,16,0,16,71
11/26/2016,RDG,PA,AEA,EN,Combined TRACON& Tower with Radar,2,7,16,0,25,0,2,25,1,28,2,9,41,1,53,6,0,6,59
11/27/2016,RDG,PA,AEA,EN,Combined TRACON& Tower with Radar,2,4,44,0,50,0,1,45,0,46,2,5,89,0,96,8,0,8,104
11/28/2016,RDG,PA,AEA,EN,Combined TRACON& Tower with Radar,0,27,59,4,90,0,15,86,2,103,0,42,145,6,193,54,0,54,247
11/29/2016,RDG,PA,AEA,EN,Combined TRACON& Tower with Radar,0,15,17,1,33,0,0,0,0,0,0,15,17,1,33,0,0,0,33
11/30/2016,RDG,PA,AEA,EN,Combined TRACON& Tower with Radar,0,20,25,0,45,0,0,0,0,0,0,20,25,0,45,0,0,0,45
12/01/2016,RDG,PA,AEA,EN,Combined TRACON& Tower with Radar,0,18,45,0,63,0,9,46,0,55,0,27,91,0,118,50,0,50,168
12/02/2016,RDG,PA,AEA,EN,Combined TRACON& Tower with Radar,0,27,32,4,63,0,8,51,3,62,0,35,83,7,125,24,2,26,151
12/03/2016,RDG,PA,AEA,EN,Combined TRACON& Tower with Radar,2,9,30,0,41,0,8,36,0,44,2,17,66,0,85,8,0,8,93
12/04/2016,RDG,PA,AEA,EN,Combined TRACON& Tower with Radar,0,4,54,0,58,0,0,166,0,166,0,4,220,0,224,136,0,136,360
12/05/2016,RDG,PA,AEA,EN,Combined TRACON& Tower with Radar,0,18,39,11,68,0,8,18,7,33,0,26,57,18,101,20,22,42,143
12/06/2016,RDG,PA,AEA,EN,Combined TRACON& Tower with Radar,0,33,31,7,71,0,3,17,2,22,0,36,48,9,93,14,2,16,109
12/07/2016,RDG,PA,AEA,EN,Combined TRACON& Tower with Radar,0,32,23,9,64,0,11,11,7,29,0,43,34,16,93,16,12,28,121
12/08/2016,RDG,PA,AEA,EN,Combined TRACON& Tower with Radar,0,27,68,7,102,0,28,54,10,92,0,55,122,17,194,42,26,68,262
12/09/2016,RDG,PA,AEA,EN,Combined TRACON& Tower with Radar,0,31,31,6,68,0,8,13,1,22,0,39,44,7,90,10,4,14,104
12/10/2016,RDG,PA,AEA,EN,Combined TRACON& Tower with Radar,0,7,32,0,39,0,1,79,0,80,0,8,111,0,119,46,0,46,165
12/11/2016,RDG,PA,AEA,EN,Combined TRACON& Tower with Radar,0,3,4,0,7,0,6,14,0,20,0,9,18,0,27,6,0,6,33
12/12/2016,RDG,PA,AEA,EN,Combined TRACON& Tower with Radar,0,11,22,0,33,0,8,8,0,16,0,19,30,0,49,2,0,2,51
12/13/2016,RDG,PA,AEA,EN,Combined TRACON& Tower with Radar,0,17,71,7,95,0,18,81,8,107,0,35,152,15,202,57,0,57,259
12/14/2016,RDG,PA,AEA,EN,Combined TRACON& Tower with Radar,0,10,44,10,64,0,23,67,13,103,0,33,111,23,167,30,10,40,207
12/15/2016,RDG,PA,AEA,EN,Combined TRACON& Tower with Radar,0,15,37,0,52,0,5,2,0,7,0,20,39,0,59,0,0,0,59
12/16/2016,RDG,PA,AEA,EN,Combined TRACON& Tower with Radar,0,21,27,0,48,0,29,53,0,82,0,50,80,0,130,4,0,4,134
12/17/2016,RDG,PA,AEA,EN,Combined TRACON& Tower with Radar,0,14,4,0,18,0,0,0,0,0,0,14,4,0,18,0,0,0,18
12/18/2016,RDG,PA,AEA,EN,Combined TRACON& Tower with Radar,0,6,18,0,24,0,2,6,0,8,0,8,24,0,32,0,0,0,32
12/19/2016,RDG,PA,AEA,EN,Combined TRACON& Tower with Radar,0,11,33,4,48,0,13,72,0,85,0,24,105,4,133,26,2,28,161
12/20/2016,RDG,PA,AEA,EN,Combined TRACON& Tower with Radar,0,15,45,3,63,0,15,104,3,122,0,30,149,6,185,64,10,74,259
12/21/2016,RDG,PA,AEA,EN,Combined TRACON& Tower with Radar,0,22,53,0,75,0,14,113,5,132,0,36,166,5,207,54,2,56,263
12/22/2016,RDG,PA,AEA,EN,Combined TRACON& Tower with Radar,0,20,24,8,52,0,16,48,4,68,0,36,72,12,120,40,10,50,170
12/23/2016,RDG,PA,AEA,EN,Combined TRACON& Tower with Radar,0,18,66,1,85,0,15,119,0,134,0,33,185,1,219,74,0,74,293
12/24/2016,RDG,PA,AEA,EN,Combined TRACON& Tower with Radar,0,6,12,0,18,0,1,0,0,1,0,7,12,0,19,4,0,4,23
12/25/2016,RDG,PA,AEA,EN,Combined TRACON& Tower with Radar,0,6,3,0,9,0,12,16,0,28,0,18,19,0,37,0,0,0,37
12/26/2016,RDG,PA,AEA,EN,Combined TRACON& Tower with Radar,0,12,16,0,28,0,0,5,0,5,0,12,21,0,33,0,0,0,33
12/27/2016,RDG,PA,AEA,EN,Combined TRACON& Tower with Radar,0,10,28,0,38,0,12,28,0,40,0,22,56,0,78,22,0,22,100
12/28/2016,RDG,PA,AEA,EN,Combined TRACON& Tower with Radar,0,19,46,0,65,0,18,111,0,129,0,37,157,0,194,74,0,74,268
12/29/2016,RDG,PA,AEA,EN,Combined TRACON& Tower with Radar,0,15,8,0,23,0,3,1,0,4,0,18,9,0,27,0,0,0,27
12/30/2016,RDG,PA,AEA,EN,Combined TRACON& Tower with Radar,0,13,15,2,30,0,9,8,2,19,0,22,23,4,49,0,0,0,49
12/31/2016,RDG,PA,AEA,EN,Combined TRACON& Tower with Radar,0,4,33,0,37,0,11,53,0,64,0,15,86,0,101,16,0,16,117
01/01/2017,RDG,PA,AEA,EN,Combined TRACON& Tower with Radar,0,2,14,0,16,0,2,72,0,74,0,4,86,0,90,26,0,26,116
01/02/2017,RDG,PA,AEA,EN,Combined TRACON& Tower with Radar,0,2,5,0,7,0,0,0,0,0,0,2,5,0,7,0,0,0,7
01/03/2017,RDG,PA,AEA,EN,Combined TRACON& Tower with Radar,0,19,23,0,42,0,0,0,0,0,0,19,23,0,42,0,0,0,42
01/04/2017,RDG,PA,AEA,EN,Combined TRACON& Tower with Radar,0,25,43,0,68,0,6,43,5,54,0,31,86,5,122,50,0,50,172
01/05/2017,RDG,PA,AEA,EN,Combined TRACON& Tower with Radar,0,26,32,11,69,0,11,84,5,100,0,37,116,16,169,108,2,110,279
01/06/2017,RDG,PA,AEA,EN,Combined TRACON& Tower with Radar,0,13,24,2,39,0,12,74,5,91,0,25,98,7,130,76,2,78,208
01/07/2017,RDG,PA,AEA,EN,Combined TRACON& Tower with Radar,0,6,6,0,12,0,5,2,0,7,0,11,8,0,19,0,0,0,19
01/08/2017,RDG,PA,AEA,EN,Combined TRACON& Tower with Radar,0,10,11,4,25,0,3,10,6,19,0,13,21,10,44,0,0,0,44
01/09/2017,RDG,PA,AEA,EN,Combined TRACON& Tower with Radar,0,12,43,6,61,0,8,25,4,37,0,20,68,10,98,78,0,78,176
01/10/2017,RDG,PA,AEA,EN,Combined TRACON& Tower with Radar,0,13,40,7,60,0,4,30,1,35,0,17,70,8,95,16,0,16,111
01/11/2017,RDG,PA,AEA,EN,Combined TRACON& Tower with Radar,0,18,25,8,51,0,9,51,1,61,0,27,76,9,112,60,2,62,174
01/12/2017,RDG,PA,AEA,EN,Combined TRACON& Tower with Radar,0,12,19,3,34,0,3,22,1,26,0,15,41,4,60,16,2,18,78
01/13/2017,RDG,PA,AEA,EN,Combined TRACON& Tower with Radar,0,15,22,0,37,0,8,33,1,42,0,23,55,1,79,62,0,62,141
01/14/2017,RDG,PA,AEA,EN,Combined TRACON& Tower with Radar,0,6,16,0,22,0,0,26,0,26,0,6,42,0,48,31,0,31,79
01/15/2017,RDG,PA,AEA,EN,Combined TRACON& Tower with Radar,0,1,44,0,45,0,5,100,0,105,0,6,144,0,150,86,0,86,236
01/16/2017,RDG,PA,AEA,EN,Combined TRACON& Tower with Radar,0,17,49,0,66,0,8,70,0,78,0,25,119,0,144,90,0,90,234
01/17/2017,RDG,PA,AEA,EN,Combined TRACON& Tower with Radar,0,29,24,0,53,0,0,0,0,0,0,29,24,0,53,0,0,0,53
01/18/2017,RDG,PA,AEA,EN,Combined TRACON& Tower with Radar,0,27,35,4,66,0,5,36,0,41,0,32,71,4,107,62,0,62,169
01/19/2017,RDG,PA,AEA,EN,Combined TRACON& Tower with Radar,0,18,35,8,61,0,17,87,8,112,0,35,122,16,173,120,0,120,293
01/20/2017,RDG,PA,AEA,EN,Combined TRACON& Tower with Radar,0,12,16,0,28,0,0,3,0,3,0,12,19,0,31,0,0,0,31
01/21/2017,RDG,PA,AEA,EN,Combined TRACON& Tower with Radar,0,5,4,0,9,0,0,0,0,0,0,5,4,0,9,0,0,0,9
01/22/2017,RDG,PA,AEA,EN,Combined TRACON& Tower with Radar,0,2,14,0,16,0,0,0,0,0,0,2,14,0,16,0,0,0,16
01/23/2017,RDG,PA,AEA,EN,Combined TRACON& Tower with Radar,0,7,12,0,19,0,0,0,0,0,0,7,12,0,19,0,0,0,19
01/24/2017,RDG,PA,AEA,EN,Combined TRACON& Tower with Radar,0,31,25,2,58,0,7,15,2,24,0,38,40,4,82,20,6,26,108
01/25/2017,RDG,PA,AEA,EN,Combined TRACON& Tower with Radar,0,38,44,11,93,0,21,74,3,98,0,59,118,14,191,43,4,47,238
01/26/2017,RDG,PA,AEA,EN,Combined TRACON& Tower with Radar,0,21,40,9,70,0,7,32,5,44,0,28,72,14,114,18,0,18,132
01/27/2017,RDG,PA,AEA,EN,Combined TRACON& Tower with Radar,0,16,34,3,53,0,10,29,1,40,0,26,63,4,93,2,26,28,121
01/28/2017,RDG,PA,AEA,EN,Combined TRACON& Tower with Radar,0,9,26,0,35,0,5,21,0,26,0,14,47,0,61,42,0,42,103
01/29/2017,RDG,PA,AEA,EN,Combined TRACON& Tower with Radar,0,4,51,0,55,0,6,113,0,119,0,10,164,0,174,96,0,96,270
01/30/2017,RDG,PA,AEA,EN,Combined TRACON& Tower with Radar,0,17,34,7,58,0,7,22,2,31,0,24,56,9,89,22,0,22,111
01/31/2017,RDG,PA,AEA,EN,Combined TRACON& Tower with Radar,0,18,25,1,44,0,6,17,4,27,0,24,42,5,71,16,4,20,91
02/01/2017,RDG,PA,AEA,EN,Combined TRACON& Tower with Radar,0,24,42,6,72,0,5,41,8,54,0,29,83,14,126,14,14,28,154
02/02/2017,RDG,PA,AEA,EN,Combined TRACON& Tower with Radar,0,34,35,0,69,0,16,29,1,46,0,50,64,1,115,22,0,22,137
02/03/2017,RDG,PA,AEA,EN,Combined TRACON& Tower with Radar,0,24,27,3,54,0,7,58,0,65,0,31,85,3,119,36,0,36,155
02/04/2017,RDG,PA,AEA,EN,Combined TRACON& Tower with Radar,0,7,39,0,46,0,6,107,0,113,0,13,146,0,159,40,0,40,199
02/05/2017,RDG,PA,AEA,EN,Combined TRACON& Tower with Radar,0,1,45,0,46,0,1,45,0,46,0,2,90,0,92,62,0,62,154
02/06/2017,RDG,PA,AEA,EN,Combined TRACON& Tower with Radar,0,12,71,3,86,0,9,121,1,131,0,21,192,4,217,94,2,96,313
02/07/2017,RDG,PA,AEA,EN,Combined TRACON& Tower with Radar,0,13,23,0,36,0,0,0,0,0,0,13,23,0,36,0,0,0,36
02/08/2017,RDG,PA,AEA,EN,Combined TRACON& Tower with Radar,0,21,59,26,106,0,13,80,7,100,0,34,139,33,206,44,16,60,266
02/09/2017,RDG,PA,AEA,EN,Combined TRACON& Tower with Radar,0,15,16,4,35,0,4,14,12,30,0,19,30,16,65,4,12,16,81
02/10/2017,RDG,PA,AEA,EN,Combined TRACON& Tower with Radar,0,18,38,10,66,0,9,39,11,59,0,27,77,21,125,16,10,26,151
02/11/2017,RDG,PA,AEA,EN,Combined TRACON& Tower with Radar,0,7,60,6,73,0,2,74,1,77,0,9,134,7,150,62,2,64,214
02/12/2017,RDG,PA,AEA,EN,Combined TRACON& Tower with Radar,0,4,8,0,12,0,0,0,0,0,0,4,8,0,12,0,0,0,12
02/13/2017,RDG,PA,AEA,EN,Combined TRACON& Tower with Radar,0,21,14,0,35,0,1,3,0,4,0,22,17,0,39,0,0,0,39
02/14/2017,RDG,PA,AEA,EN,Combined TRACON& Tower with Radar,0,16,30,10,56,0,8,54,6,68,0,24,84,16,124,20,16,36,160
02/15/2017,RDG,PA,AEA,EN,Combined TRACON& Tower with Radar,0,15,15,11,41,0,24,40,9,73,0,39,55,20,114,22,26,48,162
02/16/2017,RDG,PA,AEA,EN,Combined TRACON& Tower with Radar,0,13,23,4,40,0,5,23,0,28,0,18,46,4,68,10,0,10,78
02/17/2017,RDG,PA,AEA,EN,Combined TRACON& Tower with Radar,0,14,60,2,76,0,14,110,0,124,0,28,170,2,200,74,2,76,276
02/18/2017,RDG,PA,AEA,EN,Combined TRACON& Tower with Radar,0,6,53,0,59,0,9,161,1,171,0,15,214,1,230,56,0,56,286
02/19/2017,RDG,PA,AEA,EN,Combined TRACON& Tower with Radar,0,6,29,0,35,0,4,115,0,119,0,10,144,0,154,28,0,28,182
02/20/2017,RDG,PA,AEA,EN,Combined TRACON& Tower with Radar,0,8,23,0,31,0,11,118,0,129,0,19,141,0,160,40,0,40,200
02/21/2017,RDG,PA,AEA,EN,Combined TRACON& Tower with Radar,0,13,19,2,34,0,9,80,4,93,0,22,99,6,127,102,4,106,233
02/22/2017,RDG,PA,AEA,EN,Combined TRACON& Tower with Radar,0,13,40,31,84,0,11,79,3,93,0,24,119,34,177,76,48,124,301
02/23/2017,RDG,PA,AEA,EN,Combined TRACON& Tower with Radar,0,15,36,10,61,0,1,46,4,51,0,16,82,14,112,68,4,72,184
02/24/2017,RDG,PA,AEA,EN,Combined TRACON& Tower with Radar,0,16,18,0,34,0,10,82,0,92,0,26,100,0,126,68,0,68,194
02/25/2017,RDG,PA,AEA,EN,Combined TRACON& Tower with Radar,0,9,24,0,33,0,3,6,0,9,0,12,30,0,42,8,0,8,50
02/26/2017,RDG,PA,AEA,EN,Combined TRACON& Tower with Radar,0,8,23,0,31,0,2,36,0,38,0,10,59,0,69,8,0,8,77
02/27/2017,RDG,PA,AEA,EN,Combined TRACON& Tower with Radar,0,20,32,1,53,0,11,91,0,102,0,31,123,1,155,78,0,78,233
02/28/2017,RDG,PA,AEA,EN,Combined TRACON& Tower with Radar,0,17,47,10,74,0,12,54,4,70,0,29,101,14,144,62,18,80,224
03/01/2017,RDG,PA,AEA,EN,Combined TRACON& Tower with Radar,0,16,24,5,45,0,6,6,0,12,0,22,30,5,57,0,2,2,59
03/02/2017,RDG,PA,AEA,EN,Combined TRACON& Tower with Radar,0,13,23,8,44,0,11,18,6,35,0,24,41,14,79,6,24,30,109
03/03/2017,RDG,PA,AEA,EN,Combined TRACON& Tower with Radar,0,21,19,6,46,0,9,19,6,34,0,30,38,12,80,0,20,20,100
03/04/2017,RDG,PA,AEA,EN,Combined TRACON& Tower with Radar,0,11,10,11,32,0,11,55,3,69,0,22,65,14,101,24,2,26,127
03/05/2017,RDG,PA,AEA,EN,Combined TRACON& Tower with Radar,0,4,54,2,60,0,0,229,1,230,0,4,283,3,290,114,2,116,406
03/06/2017,RDG,PA,AEA,EN,Combined TRACON& Tower with Radar,0,18,20,2,40,0,13,107,4,124,0,31,127,6,164,56,0,56,220
03/07/2017,RDG,PA,AEA,EN,Combined TRACON& Tower with Radar,0,14,26,0,40,0,0,0,0,0,0,14,26,0,40,0,0,0,40
03/08/2017,RDG,PA,AEA,EN,Combined TRACON& Tower with Radar,0,25,20,8,53,0,7,18,4,29,0,32,38,12,82,0,32,32,114
03/09/2017,RDG,PA,AEA,EN,Combined TRACON& Tower with Radar,0,18,30,15,63,0,10,26,9,45,0,28,56,24,108,4,10,14,122
03/10/2017,RDG,PA,AEA,EN,Combined TRACON& Tower with Radar,0,20,10,0,30,0,2,8,0,10,0,22,18,0,40,6,0,6,46
03/11/2017,RDG,PA,AEA,EN,Combined TRACON& Tower with Radar,0,9,19,0,28,0,1,12,10,23,0,10,31,10,51,6,0,6,57
03/12/2017,RDG,PA,AEA,EN,Combined TRACON& Tower with Radar,0,6,21,1,28,0,13,64,3,80,0,19,85,4,108,60,2,62,170
03/13/2017,RDG,PA,AEA,EN,Combined TRACON& Tower with Radar,0,14,24,2,40,0,14,66,2,82,0,28,90,4,122,146,10,156,278
03/14/2017,RDG,PA,AEA,EN,Combined TRACON& Tower with Radar,0,6,0,0,6,0,4,0,0,4,0,10,0,0,10,0,0,0,10
03/15/2017,RDG,PA,AEA,EN,Combined TRACON& Tower with Radar,0,15,1,0,16,0,2,0,0,2,0,17,1,0,18,0,0,0,18
03/16/2017,RDG,PA,AEA,EN,Combined TRACON& Tower with Radar,0,18,29,19,66,0,28,30,8,66,0,46,59,27,132,14,26,40,172
03/17/2017,RDG,PA,AEA,EN,Combined TRACON& Tower with Radar,0,16,32,9,57,0,11,71,9,91,0,27,103,18,148,128,12,140,288
03/18/2017,RDG,PA,AEA,EN,Combined TRACON& Tower with Radar,0,5,6,0,11,0,0,0,0,0,0,5,6,0,11,0,0,0,11
03/19/2017,RDG,PA,AEA,EN,Combined TRACON& Tower with Radar,0,9,28,0,37,0,7,90,0,97,0,16,118,0,134,84,0,84,218
03/20/2017,RDG,PA,AEA,EN,Combined TRACON& Tower with Radar,0,13,44,4,61,0,14,73,6,93,0,27,117,10,154,90,12,102,256
03/21/2017,RDG,PA,AEA,EN,Combined TRACON& Tower with Radar,0,21,69,6,96,0,11,93,3,107,0,32,162,9,203,130,0,130,333
03/22/2017,RDG,PA,AEA,EN,Combined TRACON& Tower with Radar,0,11,12,6,29,0,18,11,5,34,0,29,23,11,63,20,6,26,89
03/23/2017,RDG,PA,AEA,EN,Combined TRACON& Tower with Radar,0,11,41,6,58,0,11,102,12,125,0,22,143,18,183,100,34,134,317
03/24/2017,RDG,PA,AEA,EN,Combined TRACON& Tower with Radar,0,11,21,3,35,0,3,42,0,45,0,14,63,3,80,104,2,106,186
03/25/2017,RDG,PA,AEA,EN,Combined TRACON& Tower with Radar,1,4,23,0,28,0,3,53,0,56,1,7,76,0,84,114,0,114,198
03/26/2017,RDG,PA,AEA,EN,Combined TRACON& Tower with Radar,1,4,6,0,11,0,2,2,0,4,1,6,8,0,15,30,0,30,45
03/27/2017,RDG,PA,AEA,EN,Combined TRACON& Tower with Radar,0,15,23,0,38,0,2,8,0,10,0,17,31,0,48,0,0,0,48
03/28/2017,RDG,PA,AEA,EN,Combined TRACON& Tower with Radar,0,12,22,2,36,0,0,0,0,0,0,12,22,2,36,0,0,0,36
03/29/2017,RDG,PA,AEA,EN,Combined TRACON& Tower with Radar,0,11,35,5,51,0,13,37,3,53,0,24,72,8,104,94,10,104,208
03/30/2017,RDG,PA,AEA,EN,Combined TRACON& Tower with Radar,0,9,48,2,59,0,5,100,2,107,0,14,148,4,166,130,0,130,296
03/31/2017,RDG,PA,AEA,EN,Combined TRACON& Tower with Radar,0,11,4,0,15,0,0,0,0,0,0,11,4,0,15,0,0,0,15
04/01/2017,RDG,PA,AEA,EN,Combined TRACON& Tower with Radar,1,4,7,0,12,0,2,19,0,21,1,6,26,0,33,48,0,48,81
04/02/2017,RDG,PA,AEA,EN,Combined TRACON& Tower with Radar,1,4,11,0,16,0,3,99,0,102,1,7,110,0,118,128,0,128,246
04/03/2017,RDG,PA,AEA,EN,Combined TRACON& Tower with Radar,0,7,14,3,24,0,4,54,3,61,0,11,68,6,85,36,0,36,121
04/04/2017,RDG,PA,AEA,EN,Combined TRACON& Tower with Radar,0,10,8,6,24,0,5,8,4,17,0,15,16,10,41,10,8,18,59
04/05/2017,RDG,PA,AEA,EN,Combined TRACON& Tower with Radar,0,14,27,4,45,0,12,88,5,105,0,26,115,9,150,88,14,102,252
04/06/2017,RDG,PA,AEA,EN,Combined TRACON& Tower with Radar,0,7,12,0,19,0,3,0,0,3,0,10,12,0,22,0,0,0,22
04/07/2017,RDG,PA,AEA,EN,Combined TRACON& Tower with Radar,0,9,5,0,14,0,2,7,1,10,0,11,12,1,24,0,0,0,24
04/08/2017,RDG,PA,AEA,EN,Combined TRACON& Tower with Radar,2,2,8,0,12,0,1,48,0,49,2,3,56,0,61,30,0,30,91
04/09/2017,RDG,PA,AEA,EN,Combined TRACON& Tower with Radar,0,0,15,0,15,0,3,101,0,104,0,3,116,0,119,63,0,63,182
04/10/2017,RDG,PA,AEA,EN,Combined TRACON& Tower with Radar,0,5,25,2,32,0,8,50,2,60,0,13,75,4,92,68,2,70,162
04/11/2017,RDG,PA,AEA,EN,Combined TRACON& Tower with Radar,0,9,34,4,47,0,5,80,2,87,0,14,114,6,134,76,10,86,220
04/12/2017,RDG,PA,AEA,EN,Combined TRACON& Tower with Radar,0,7,7,0,14,0,2,39,6,47,0,9,46,6,61,32,2,34,95
04/13/2017,RDG,PA,AEA,EN,Combined TRACON& Tower with Radar,0,5,33,2,40,0,5,64,5,74,0,10,97,7,114,67,2,69,183
04/14/2017,RDG,PA,AEA,EN,Combined TRACON& Tower with Radar,0,6,21,3,30,0,6,60,5,71,0,12,81,8,101,92,28,120,221
04/15/2017,RDG,PA,AEA,EN,Combined TRACON& Tower with Radar,0,3,20,0,23,0,3,38,0,41,0,6,58,0,64,60,2,62,126
04/16/2017,RDG,PA,AEA,EN,Combined TRACON& Tower with Radar,0,1,5,0,6,0,0,11,1,12,0,1,16,1,18,0,0,0,18
04/17/2017,RDG,PA,AEA,EN,Combined TRACON& Tower with Radar,0,11,28,3,42,0,3,46,3,52,0,14,74,6,94,20,0,20,114
04/18/2017,RDG,PA,AEA,EN,Combined TRACON& Tower with Radar,0,12,24,6,42,0,4,70,5,79,0,16,94,11,121,36,14,50,171
04/19/2017,RDG,PA,AEA,EN,Combined TRACON& Tower with Radar,0,8,32,3,43,0,2,28,1,31,0,10,60,4,74,38,0,38,112
04/20/2017,RDG,PA,AEA,EN,Combined TRACON& Tower with Radar,0,12,34,4,50,0,9,28,1,38,0,21,62,5,88,36,6,42,130
04/21/2017,RDG,PA,AEA,EN,Combined TRACON& Tower with Radar,0,15,17,8,40,0,9,7,2,18,0,24,24,10,58,12,14,26,84
04/22/2017,RDG,PA,AEA,EN,Combined TRACON& Tower with Radar,0,3,53,0,56,0,0,18,0,18,0,3,71,0,74,32,0,32,106
04/23/2017,RDG,PA,AEA,EN,Combined TRACON& Tower with Radar,0,2,28,0,30,0,6,88,0,94,0,8,116,0,124,94,0,94,218
04/24/2017,RDG,PA,AEA,EN,Combined TRACON& Tower with Radar,0,7,16,0,23,0,3,25,2,30,0,10,41,2,53,24,4,28,81
04/25/2017,RDG,PA,AEA,EN,Combined TRACON& Tower with Radar,0,15,20,0,35,0,0,0,0,0,0,15,20,0,35,0,0,0,35
04/26/2017,RDG,PA,AEA,EN,Combined TRACON& Tower with Radar,0,11,22,2,35,0,5,18,0,23,0,16,40,2,58,16,0,16,74
04/27/2017,RDG,PA,AEA,EN,Combined TRACON& Tower with Radar,0,10,39,2,51,0,1,25,2,28,0,11,64,4,79,46,6,52,131
04/28/2017,RDG,PA,AEA,EN,Combined TRACON& Tower with Radar,0,8,15,3,26,0,2,64,1,67,0,10,79,4,93,108,18,126,219
04/29/2017,RDG,PA,AEA,EN,Combined TRACON& Tower with Radar,1,3,8,0,12,0,0,23,0,23,1,3,31,0,35,18,0,18,53
04/30/2017,RDG,PA,AEA,EN,Combined TRACON& Tower with Radar,1,1,19,0,21,0,4,43,1,48,1,5,62,1,69,84,0,84,153
05/01/2017,RDG,PA,AEA,EN,Combined TRACON& Tower with Radar,0,13,18,0,31,0,2,4,1,7,0,15,22,1,38,0,0,0,38
05/02/2017,RDG,PA,AEA,EN,Combined TRACON& Tower with Radar,0,8,14,2,24,0,6,22,0,28,0,14,36,2,52,12,14,26,78
05/03/2017,RDG,PA,AEA,EN,Combined TRACON& Tower with Radar,0,5,11,3,19,0,7,24,3,34,0,12,35,6,53,6,14,20,73
05/04/2017,RDG,PA,AEA,EN,Combined TRACON& Tower with Radar,0,13,15,6,34,0,5,60,3,68,0,18,75,9,102,74,19,93,195
05/05/2017,RDG,PA,AEA,EN,Combined TRACON& Tower with Radar,0,7,4,0,11,0,0,2,0,2,0,7,6,0,13,0,0,0,13
05/06/2017,RDG,PA,AEA,EN,Combined TRACON& Tower with Radar,1,3,22,0,26,0,10,6,0,16,1,13,28,0,42,4,0,4,46
05/07/2017,RDG,PA,AEA,EN,Combined TRACON& Tower with Radar,1,2,4,0,7,0,3,18,0,21,1,5,22,0,28,44,0,44,72
05/08/2017,RDG,PA,AEA,EN,Combined TRACON& Tower with Radar,0,10,13,8,31,0,7,32,4,43,0,17,45,12,74,92,4,96,170
05/09/2017,RDG,PA,AEA,EN,Combined TRACON& Tower with Radar,0,9,25,1,35,0,1,66,1,68,0,10,91,2,103,84,0,84,187
05/10/2017,RDG,PA,AEA,EN,Combined TRACON& Tower with Radar,0,15,32,1,48,0,11,99,5,115,0,26,131,6,163,70,0,70,233
05/11/2017,RDG,PA,AEA,EN,Combined TRACON& Tower with Radar,0,9,25,0,34,0,4,42,2,48,0,13,67,2,82,56,14,70,152
05/12/2017,RDG,PA,AEA,EN,Combined TRACON& Tower with Radar,0,15,15,0,30,0,6,46,0,52,0,21,61,0,82,72,0,72,154
05/13/2017,RDG,PA,AEA,EN,Combined TRACON& Tower with Radar,1,6,5,0,12,0,0,0,0,0,1,6,5,0,12,0,0,0,12
05/14/2017,RDG,PA,AEA,EN,Combined TRACON& Tower with Radar,0,4,9,0,13,0,1,20,0,21,0,5,29,0,34,44,0,44,78
05/15/2017,RDG,PA,AEA,EN,Combined TRACON& Tower with Radar,0,8,10,2,20,0,3,22,2,27,0,11,32,4,47,2,0,2,49
05/16/2017,RDG,PA,AEA,EN,Combined TRACON& Tower with Radar,0,5,11,1,17,0,9,109,1,119,0,14,120,2,136,50,0,50,186
05/17/2017,RDG,PA,AEA,EN,Combined TRACON& Tower with Radar,0,11,20,4,35,0,10,66,8,84,0,21,86,12,119,108,22,130,249
05/18/2017,RDG,PA,AEA,EN,Combined TRACON& Tower with Radar,0,14,25,3,42,0,6,46,4,56,0,20,71,7,98,74,20,94,192
05/19/2017,RDG,PA,AEA,EN,Combined TRACON& Tower with Radar,0,6,24,0,30,0,2,33,2,37,0,8,57,2,67,32,0,32,99
05/20/2017,RDG,PA,AEA,EN,Combined TRACON& Tower with Radar,0,5,13,1,19,0,0,41,5,46,0,5,54,6,65,56,4,60,125
05/21/2017,RDG,PA,AEA,EN,Combined TRACON& Tower with Radar,0,4,12,0,16,0,5,41,0,46,0,9,53,0,62,74,0,74,136
05/22/2017,RDG,PA,AEA,EN,Combined TRACON& Tower with Radar,0,8,6,4,18,0,0,1,0,1,0,8,7,4,19,0,0,0,19
05/23/2017,RDG,PA,AEA,EN,Combined TRACON& Tower with Radar,0,16,29,4,49,0,6,41,12,59,0,22,70,16,108,56,40,96,204
05/24/2017,RDG,PA,AEA,EN,Combined TRACON& Tower with Radar,0,13,35,0,48,0,9,62,0,71,0,22,97,0,119,152,0,152,271
05/25/2017,RDG,PA,AEA,EN,Combined TRACON& Tower with Radar,0,16,8,0,24,0,0,0,0,0,0,16,8,0,24,0,0,0,24
05/26/2017,RDG,PA,AEA,EN,Combined TRACON& Tower with Radar,0,14,18,0,32,0,0,16,0,16,0,14,34,0,48,4,0,4,52
05/27/2017,RDG,PA,AEA,EN,Combined TRACON& Tower with Radar,0,4,22,0,26,0,3,49,0,52,0,7,71,0,78,100,0,100,178
05/28/2017,RDG,PA,AEA,EN,Combined TRACON& Tower with Radar,0,1,9,0,10,0,2,25,0,27,0,3,34,0,37,32,0,32,69
05/29/2017,RDG,PA,AEA,EN,Combined TRACON& Tower with Radar,0,0,7,0,7,0,0,0,0,0,0,0,7,0,7,0,0,0,7
05/30/2017,RDG,PA,AEA,EN,Combined TRACON& Tower with Radar,0,8,20,0,28,0,0,0,0,0,0,8,20,0,28,0,0,0,28
05/31/2017,RDG,PA,AEA,EN,Combined TRACON& Tower with Radar,0,6,19,3,28,0,19,40,2,61,0,25,59,5,89,68,0,68,157
06/01/2017,RDG,PA,AEA,EN,Combined TRACON& Tower with Radar,0,9,43,7,59,0,15,82,5,102,0,24,125,12,161,80,0,80,241
06/02/2017,RDG,PA,AEA,EN,Combined TRACON& Tower with Radar,0,11,17,2,30,0,124,77,27,228,0,135,94,29,258,656,12,668,926
06/03/2017,RDG,PA,AEA,EN,Combined TRACON& Tower with Radar,1,7,15,0,23,0,510,63,16,589,1,517,78,16,612,508,96,604,1216
06/04/2017,RDG,PA,AEA,EN,Combined TRACON& Tower with Radar,1,4,17,0,22,0,79,84,10,173,1,83,101,10,195,504,0,504,699
06/05/2017,RDG,PA,AEA,EN,Combined TRACON& Tower with Radar,0,7,14,0,21,0,3,16,0,19,0,10,30,0,40,42,0,42,82
06/06/2017,RDG,PA,AEA,EN,Combined TRACON& Tower with Radar,0,13,16,0,29,0,2,8,0,10,0,15,24,0,39,28,0,28,67
06/07/2017,RDG,PA,AEA,EN,Combined TRACON& Tower with Radar,0,12,21,5,38,0,2,26,3,31,0,14,47,8,69,44,0,44,113
06/08/2017,RDG,PA,AEA,EN,Combined TRACON& Tower with Radar,0,7,16,1,24,0,1,58,3,62,0,8,74,4,86,66,0,66,152
06/09/2017,RDG,PA,AEA,EN,Combined TRACON& Tower with Radar,0,9,15,0,24,0,1,36,0,37,0,10,51,0,61,54,0,54,115
06/10/2017,RDG,PA,AEA,EN,Combined TRACON& Tower with Radar,1,6,24,0,31,0,4,57,0,61,1,10,81,0,92,32,0,32,124
06/11/2017,RDG,PA,AEA,EN,Combined TRACON& Tower with Radar,1,1,11,0,13,0,2,59,1,62,1,3,70,1,75,14,0,14,89
06/12/2017,RDG,PA,AEA,EN,Combined TRACON& Tower with Radar,0,10,19,2,31,0,7,62,1,70,0,17,81,3,101,20,2,22,123
06/13/2017,RDG,PA,AEA,EN,Combined TRACON& Tower with Radar,0,9,28,3,40,0,2,68,1,71,0,11,96,4,111,78,0,78,189
06/14/2017,RDG,PA,AEA,EN,Combined TRACON& Tower with Radar,0,6,32,0,38,0,5,39,0,44,0,11,71,0,82,70,0,70,152
06/15/2017,RDG,PA,AEA,EN,Combined TRACON& Tower with Radar,0,6,40,0,46,0,2,60,0,62,0,8,100,0,108,54,0,54,162
06/16/2017,RDG,PA,AEA,EN,Combined TRACON& Tower with Radar,0,17,24,2,43,0,2,9,0,11,0,19,33,2,54,4,2,6,60
06/17/2017,RDG,PA,AEA,EN,Combined TRACON& Tower with Radar,4,3,10,0,17,0,0,0,0,0,4,3,10,0,17,0,0,0,17
06/18/2017,RDG,PA,AEA,EN,Combined TRACON& Tower with Radar,0,1,17,0,18,0,0,14,0,14,0,1,31,0,32,2,0,2,34
06/19/2017,RDG,PA,AEA,EN,Combined TRACON& Tower with Radar,0,7,14,0,21,0,1,12,3,16,0,8,26,3,37,0,0,0,37
06/20/2017,RDG,PA,AEA,EN,Combined TRACON& Tower with Radar,0,7,16,2,25,0,9,55,2,66,0,16,71,4,91,40,0,40,131
06/21/2017,RDG,PA,AEA,EN,Combined TRACON& Tower with Radar,0,8,34,0,42,0,5,68,0,73,0,13,102,0,115,44,0,44,159
06/22/2017,RDG,PA,AEA,EN,Combined TRACON& Tower with Radar,0,8,29,0,37,0,4,56,0,60,0,12,85,0,97,76,0,76,173
06/23/2017,RDG,PA,AEA,EN,Combined TRACON& Tower with Radar,0,9,10,0,19,0,0,2,0,2,0,9,12,0,21,0,0,0,21
06/24/2017,RDG,PA,AEA,EN,Combined TRACON& Tower with Radar,0,3,12,0,15,0,2,31,0,33,0,5,43,0,48,34,0,34,82
06/25/2017,RDG,PA,AEA,EN,Combined TRACON& Tower with Radar,0,0,24,0,24,0,4,39,0,43,0,4,63,0,67,40,0,40,107
06/26/2017,RDG,PA,AEA,EN,Combined TRACON& Tower with Radar,0,9,20,2,31,0,12,75,0,87,0,21,95,2,118,58,0,58,176
06/27/2017,RDG,PA,AEA,EN,Combined TRACON& Tower with Radar,0,8,26,3,37,0,3,37,1,41,0,11,63,4,78,42,0,42,120
06/28/2017,RDG,PA,AEA,EN,Combined TRACON& Tower with Radar,0,12,22,0,34,0,24,69,0,93,0,36,91,0,127,34,0,34,161
06/29/2017,RDG,PA,AEA,EN,Combined TRACON& Tower with Radar,0,14,22,1,37,0,7,39,1,47,0,21,61,2,84,30,0,30,114
06/30/2017,RDG,PA,AEA,EN,Combined TRACON& Tower with Radar,0,9,19,0,28,0,0,36,1,37,0,9,55,1,65,32,0,32,97
07/01/2017,RDG,PA,AEA,EN,Combined TRACON& Tower with Radar,0,4,11,0,15,0,0,12,0,12,0,4,23,0,27,24,0,24,51
07/02/2017,RDG,PA,AEA,EN,Combined TRACON& Tower with Radar,0,1,21,0,22,0,4,57,0,61,0,5,78,0,83,32,0,32,115
07/03/2017,RDG,PA,AEA,EN,Combined TRACON& Tower with Radar,0,5,7,0,12,0,4,47,0,51,0,9,54,0,63,18,0,18,81
07/04/2017,RDG,PA,AEA,EN,Combined TRACON& Tower with Radar,0,1,15,0,16,0,3,46,0,49,0,4,61,0,65,36,0,36,101
07/05/2017,RDG,PA,AEA,EN,Combined TRACON& Tower with Radar,0,14,19,6,39,0,6,63,6,75,0,20,82,12,114,48,8,56,170
07/06/2017,RDG,PA,AEA,EN,Combined TRACON& Tower with Radar,0,14,14,0,28,0,0,5,0,5,0,14,19,0,33,0,0,0,33
07/07/2017,RDG,PA,AEA,EN,Combined TRACON& Tower with Radar,0,7,9,0,16,0,3,19,1,23,0,10,28,1,39,26,0,26,65
07/08/2017,RDG,PA,AEA,EN,Combined TRACON& Tower with Radar,0,7,19,0,26,0,11,35,10,56,0,18,54,10,82,40,0,40,122
07/09/2017,RDG,PA,AEA,EN,Combined TRACON& Tower with Radar,0,3,16,0,19,0,3,70,0,73,0,6,86,0,92,78,0,78,170
07/10/2017,RDG,PA,AEA,EN,Combined TRACON& Tower with Radar,0,8,30,0,38,0,8,52,0,60,0,16,82,0,98,52,0,52,150
07/11/2017,RDG,PA,AEA,EN,Combined TRACON& Tower with Radar,0,8,21,8,37,0,6,27,5,38,0,14,48,13,75,66,10,76,151
07/12/2017,RDG,PA,AEA,EN,Combined TRACON& Tower with Radar,0,13,10,1,24,0,13,50,3,66,0,26,60,4,90,14,0,14,104
07/13/2017,RDG,PA,AEA,EN,Combined TRACON& Tower with Radar,0,19,36,2,57,0,9,73,0,82,0,28,109,2,139,56,4,60,199
07/14/2017,RDG,PA,AEA,EN,Combined TRACON& Tower with Radar,0,12,29,0,41,0,1,8,0,9,0,13,37,0,50,0,0,0,50
07/15/2017,RDG,PA,AEA,EN,Combined TRACON& Tower with Radar,0,6,24,0,30,0,3,64,0,67,0,9,88,0,97,48,0,48,145
07/16/2017,RDG,PA,AEA,EN,Combined TRACON& Tower with Radar,0,0,18,0,18,0,10,62,4,76,0,10,80,4,94,106,0,106,200
07/17/2017,RDG,PA,AEA,EN,Combined TRACON& Tower with Radar,0,13,10,0,23,0,1,31,1,33,0,14,41,1,56,2,0,2,58
07/18/2017,RDG,PA,AEA,EN,Combined TRACON& Tower with Radar,0,11,22,4,37,0,3,10,0,13,0,14,32,4,50,8,0,8,58
07/19/2017,RDG,PA,AEA,EN,Combined TRACON& Tower with Radar,0,13,21,4,38,0,2,39,6,47,0,15,60,10,85,70,10,80,165
07/20/2017,RDG,PA,AEA,EN,Combined TRACON& Tower with Radar,0,14,23,2,39,0,17,69,4,90,0,31,92,6,129,102,4,106,235
07/21/2017,RDG,PA,AEA,EN,Combined TRACON& Tower with Radar,0,5,18,3,26,0,6,45,3,54,0,11,63,6,80,54,10,64,144
07/22/2017,RDG,PA,AEA,EN,Combined TRACON& Tower with Radar,0,9,12,0,21,0,22,38,12,72,0,31,50,12,93,6,0,6,99
07/23/2017,RDG,PA,AEA,EN,Combined TRACON& Tower with Radar,0,1,13,0,14,0,0,13,0,13,0,1,26,0,27,10,0,10,37
07/24/2017,RDG,PA,AEA,EN,Combined TRACON& Tower with Radar,0,11,16,3,30,0,3,18,0,21,0,14,34,3,51,20,4,24,75
07/25/2017,RDG,PA,AEA,EN,Combined TRACON& Tower with Radar,0,17,31,4,52,0,12,37,8,57,0,29,68,12,109,76,10,86,195
07/26/2017,RDG,PA,AEA,EN,Combined TRACON& Tower with Radar,0,19,37,9,65,0,9,49,3,61,0,28,86,12,126,56,4,60,186
07/27/2017,RDG,PA,AEA,EN,Combined TRACON& Tower with Radar,0,23,40,2,65,0,1,13,2,16,0,24,53,4,81,16,2,18,99
07/28/2017,RDG,PA,AEA,EN,Combined TRACON& Tower with Radar,0,16,9,0,25,0,0,16,0,16,0,16,25,0,41,28,0,28,69
07/29/2017,RDG,PA,AEA,EN,Combined TRACON& Tower with Radar,0,7,5,0,12,0,5,26,0,31,0,12,31,0,43,18,0,18,61
07/30/2017,RDG,PA,AEA,EN,Combined TRACON& Tower with Radar,0,1,33,0,34,0,8,62,0,70,0,9,95,0,104,43,0,43,147
07/31/2017,RDG,PA,AEA,EN,Combined TRACON& Tower with Radar,0,13,19,5,37,0,8,96,1,105,0,21,115,6,142,56,2,58,200
08/01/2017,RDG,PA,AEA,EN,Combined TRACON& Tower with Radar,0,5,30,3,38,0,12,93,3,108,0,17,123,6,146,182,2,184,330
08/02/2017,RDG,PA,AEA,EN,Combined TRACON& Tower with Radar,0,20,8,0,28,0,4,33,3,40,0,24,41,3,68,44,0,44,112
08/03/2017,RDG,PA,AEA,EN,Combined TRACON& Tower with Radar,0,11,26,3,40,0,5,12,3,20,0,16,38,6,60,40,6,46,106
08/04/2017,RDG,PA,AEA,EN,Combined TRACON& Tower with Radar,0,7,12,3,22,0,4,29,5,38,0,11,41,8,60,34,2,36,96
08/05/2017,RDG,PA,AEA,EN,Combined TRACON& Tower with Radar,0,14,27,0,41,0,7,46,8,61,0,21,73,8,102,62,0,62,164
08/06/2017,RDG,PA,AEA,EN,Combined TRACON& Tower with Radar,0,0,21,2,23,0,19,146,1,166,0,19,167,3,189,98,2,100,289
08/07/2017,RDG,PA,AEA,EN,Combined TRACON& Tower with Radar,0,10,4,0,14,0,0,0,1,1,0,10,4,1,15,0,0,0,15
08/08/2017,RDG,PA,AEA,EN,Combined TRACON& Tower with Radar,0,6,35,7,48,0,5,89,4,98,0,11,124,11,146,122,10,132,278
08/09/2017,RDG,PA,AEA,EN,Combined TRACON& Tower with Radar,0,13,41,3,57,0,19,144,1,164,0,32,185,4,221,88,2,90,311
08/10/2017,RDG,PA,AEA,EN,Combined TRACON& Tower with Radar,0,8,40,4,52,0,36,108,2,146,0,44,148,6,198,94,4,98,296
08/11/2017,RDG,PA,AEA,EN,Combined TRACON& Tower with Radar,0,7,15,3,25,0,16,36,1,53,0,23,51,4,78,8,0,8,86
08/12/2017,RDG,PA,AEA,EN,Combined TRACON& Tower with Radar,0,3,22,1,26,0,30,12,1,43,0,33,34,2,69,22,8,30,99
08/13/2017,RDG,PA,AEA,EN,Combined TRACON& Tower with Radar,0,0,23,0,23,0,0,72,3,75,0,0,95,3,98,70,10,80,178
08/14/2017,RDG,PA,AEA,EN,Combined TRACON& Tower with Radar,0,11,23,1,35,0,7,48,7,62,0,18,71,8,97,24,4,28,125
08/15/2017,RDG,PA,AEA,EN,Combined TRACON& Tower with Radar,0,10,20,3,33,0,2,8,0,10,0,12,28,3,43,18,2,20,63
08/16/2017,RDG,PA,AEA,EN,Combined TRACON& Tower with Radar,0,12,40,4,56,0,5,49,8,62,0,17,89,12,118,96,32,128,246
08/17/2017,RDG,PA,AEA,EN,Combined TRACON& Tower with Radar,0,17,27,6,50,0,13,82,10,105,0,30,109,16,155,64,33,97,252
08/18/2017,RDG,PA,AEA,EN,Combined TRACON& Tower with Radar,0,13,14,0,27,0,0,13,0,13,0,13,27,0,40,12,0,12,52
08/19/2017,RDG,PA,AEA,EN,Combined TRACON& Tower with Radar,0,4,22,1,27,0,5,50,0,55,0,9,72,1,82,26,0,26,108
08/20/2017,RDG,PA,AEA,EN,Combined TRACON& Tower with Radar,0,1,18,0,19,0,2,74,2,78,0,3,92,2,97,58,0,58,155
08/21/2017,RDG,PA,AEA,EN,Combined TRACON& Tower with Radar,0,6,14,0,20,0,3,36,0,39,0,9,50,0,59,32,0,32,91
08/22/2017,RDG,PA,AEA,EN,Combined TRACON& Tower with Radar,0,7,23,2,32,0,1,38,3,42,0,8,61,5,74,6,12,18,92
08/23/2017,RDG,PA,AEA,EN,Combined TRACON& Tower with Radar,0,9,25,5,39,0,13,47,2,62,0,22,72,7,101,57,8,65,166
08/24/2017,RDG,PA,AEA,EN,Combined TRACON& Tower with Radar,0,15,32,4,51,0,5,71,3,79,0,20,103,7,130,86,24,110,240
08/25/2017,RDG,PA,AEA,EN,Combined TRACON& Tower with Radar,0,10,22,0,32,0,6,57,2,65,0,16,79,2,97,90,0,90,187
08/26/2017,RDG,PA,AEA,EN,Combined TRACON& Tower with Radar,0,3,17,0,20,0,5,83,0,88,0,8,100,0,108,80,0,80,188
08/27/2017,RDG,PA,AEA,EN,Combined TRACON& Tower with Radar,0,2,12,0,14,0,3,73,0,76,0,5,85,0,90,44,0,44,134
08/28/2017,RDG,PA,AEA,EN,Combined TRACON& Tower with Radar,0,7,10,4,21,0,11,74,5,90,0,18,84,9,111,80,22,102,213
08/29/2017,RDG,PA,AEA,EN,Combined TRACON& Tower with Radar,0,11,27,5,43,0,0,2,0,2,0,11,29,5,45,0,0,0,45
08/30/2017,RDG,PA,AEA,EN,Combined TRACON& Tower with Radar,0,20,28,1,49,0,20,64,2,86,0,40,92,3,135,56,2,58,193
08/31/2017,RDG,PA,AEA,EN,Combined TRACON& Tower with Radar,0,11,19,1,31,0,9,33,3,45,0,20,52,4,76,86,0,86,162
09/01/2017,RDG,PA,AEA,EN,Combined TRACON& Tower with Radar,0,6,9,0,15,0,13,57,0,70,0,19,66,0,85,42,0,42,127
09/02/2017,RDG,PA,AEA,EN,Combined TRACON& Tower with Radar,0,4,22,0,26,0,0,15,0,15,0,4,37,0,41,4,0,4,45
09/03/2017,RDG,PA,AEA,EN,Combined TRACON& Tower with Radar,0,1,19,0,20,0,20,7,0,27,0,21,26,0,47,0,0,0,47
09/04/2017,RDG,PA,AEA,EN,Combined TRACON& Tower with Radar,0,1,12,0,13,0,4,47,0,51,0,5,59,0,64,14,0,14,78
09/05/2017,RDG,PA,AEA,EN,Combined TRACON& Tower with Radar,0,5,16,0,21,0,7,28,0,35,0,12,44,0,56,20,0,20,76
09/06/2017,RDG,PA,AEA,EN,Combined TRACON& Tower with Radar,0,13,10,4,27,0,0,0,0,0,0,13,10,4,27,20,0,20,47
09/07/2017,RDG,PA,AEA,EN,Combined TRACON& Tower with Radar,0,11,30,1,42,0,5,42,3,50,0,16,72,4,92,24,0,24,116
09/08/2017,RDG,PA,AEA,EN,Combined TRACON& Tower with Radar,0,12,14,0,26,0,7,52,0,59,0,19,66,0,85,34,0,34,119
09/09/2017,RDG,PA,AEA,EN,Combined TRACON& Tower with Radar,0,3,14,0,17,0,14,73,2,89,0,17,87,2,106,50,0,50,156
09/10/2017,RDG,PA,AEA,EN,Combined TRACON& Tower with Radar,0,4,21,0,25,0,0,57,0,57,0,4,78,0,82,26,0,26,108
09/11/2017,RDG,PA,AEA,EN,Combined TRACON& Tower with Radar,0,6,17,2,25,0,12,51,2,65,0,18,68,4,90,58,32,90,180
09/12/2017,RDG,PA,AEA,EN,Combined TRACON& Tower with Radar,0,12,28,3,43,0,11,59,3,73,0,23,87,6,116,82,32,114,230
09/13/2017,RDG,PA,AEA,EN,Combined TRACON& Tower with Radar,0,23,15,4,42,0,2,11,0,13,0,25,26,4,55,12,4,16,71
09/14/2017,RDG,PA,AEA,EN,Combined TRACON& Tower with Radar,0,16,15,4,35,0,2,11,0,13,0,18,26,4,48,2,0,2,50
09/15/2017,RDG,PA,AEA,EN,Combined TRACON& Tower with Radar,0,13,25,4,42,0,5,42,5,52,0,18,67,9,94,26,10,36,130
09/16/2017,RDG,PA,AEA,EN,Combined TRACON& Tower with Radar,0,2,14,0,16,0,12,40,0,52,0,14,54,0,68,64,0,64,132
09/17/2017,RDG,PA,AEA,EN,Combined TRACON& Tower with Radar,0,3,15,0,18,0,6,7,0,13,0,9,22,0,31,2,0,2,33
09/18/2017,RDG,PA,AEA,EN,Combined TRACON& Tower with Radar,0,17,29,0,46,0,3,19,0,22,0,20,48,0,68,32,0,32,100
09/19/2017,RDG,PA,AEA,EN,Combined TRACON& Tower with Radar,0,11,20,4,35,0,7,47,5,59,0,18,67,9,94,40,26,66,160
09/20/2017,RDG,PA,AEA,EN,Combined TRACON& Tower with Radar,0,14,21,2,37,0,11,68,2,81,0,25,89,4,118,98,0,98,216
09/21/2017,RDG,PA,AEA,EN,Combined TRACON& Tower with Radar,0,9,18,1,28,0,1,69,1,71,0,10,87,2,99,36,0,36,135
09/22/2017,RDG,PA,AEA,EN,Combined TRACON& Tower with Radar,0,10,29,0,39,0,11,60,0,71,0,21,89,0,110,28,0,28,138
09/23/2017,RDG,PA,AEA,EN,Combined TRACON& Tower with Radar,1,7,27,0,35,0,0,55,0,55,1,7,82,0,90,58,0,58,148
09/24/2017,RDG,PA,AEA,EN,Combined TRACON& Tower with Radar,1,5,46,0,52,0,0,75,0,75,1,5,121,0,127,16,0,16,143
09/25/2017,RDG,PA,AEA,EN,Combined TRACON& Tower with Radar,0,6,13,1,20,0,6,53,0,59,0,12,66,1,79,56,0,56,135
09/26/2017,RDG,PA,AEA,EN,Combined TRACON& Tower with Radar,0,11,22,2,35,0,7,62,0,69,0,18,84,2,104,82,0,82,186
09/27/2017,RDG,PA,AEA,EN,Combined TRACON& Tower with Radar,0,10,29,0,39,0,4,51,0,55,0,14,80,0,94,20,0,20,114
09/28/2017,RDG,PA,AEA,EN,Combined TRACON& Tower with Radar,0,29,17,1,47,0,14,46,1,61,0,43,63,2,108,28,6,34,142
09/29/2017,RDG,PA,AEA,EN,Combined TRACON& Tower with Radar,0,8,17,0,25,0,6,53,2,61,0,14,70,2,86,34,0,34,120
09/30/2017,RDG,PA,AEA,EN,Combined TRACON& Tower with Radar,1,4,11,0,16,0,7,22,0,29,1,11,33,0,45,14,0,14,59
10/01/2017,RDG,PA,AEA,EN,Combined TRACON& Tower with Radar,1,2,18,0,21,0,6,57,0,63,1,8,75,0,84,64,0,64,148
10/02/2017,RDG,PA,AEA,EN,Combined TRACON& Tower with Radar,0,9,14,0,23,0,23,65,0,88,0,32,79,0,111,50,0,50,161
10/03/2017,RDG,PA,AEA,EN,Combined TRACON& Tower with Radar,0,9,17,1,27,0,12,57,6,75,0,21,74,7,102,158,6,164,266
10/04/2017,RDG,PA,AEA,EN,Combined TRACON& Tower with Radar,0,11,36,5,52,0,7,37,3,47,0,18,73,8,99,36,0,36,135
10/05/2017,RDG,PA,AEA,EN,Combined TRACON& Tower with Radar,0,6,17,2,25,0,9,57,4,70,0,15,74,6,95,38,2,40,135
10/06/2017,RDG,PA,AEA,EN,Combined TRACON& Tower with Radar,0,9,31,0,40,0,6,36,0,42,0,15,67,0,82,26,0,26,108
10/07/2017,RDG,PA,AEA,EN,Combined TRACON& Tower with Radar,2,2,13,0,17,0,6,72,0,78,2,8,85,0,95,48,0,48,143
10/08/2017,RDG,PA,AEA,EN,Combined TRACON& Tower with Radar,0,1,13,0,14,0,3,3,0,6,0,4,16,0,20,0,0,0,20
10/09/2017,RDG,PA,AEA,EN,Combined TRACON& Tower with Radar,0,7,8,0,15,0,4,2,0,6,0,11,10,0,21,0,0,0,21
10/10/2017,RDG,PA,AEA,EN,Combined TRACON& Tower with Radar,0,11,23,0,34,0,9,50,0,59,0,20,73,0,93,52,0,52,145
10/11/2017,RDG,PA,AEA,EN,Combined TRACON& Tower with Radar,0,19,9,0,28,0,4,17,0,21,0,23,26,0,49,0,0,0,49
10/12/2017,RDG,PA,AEA,EN,Combined TRACON& Tower with Radar,0,11,27,6,44,0,1,0,1,2,0,12,27,7,46,4,4,8,54
10/13/2017,RDG,PA,AEA,EN,Combined TRACON& Tower with Radar,0,12,26,0,38,0,0,7,0,7,0,12,33,0,45,16,0,16,61
10/14/2017,RDG,PA,AEA,EN,Combined TRACON& Tower with Radar,0,3,48,0,51,0,0,2,2,4,0,3,50,2,55,12,24,36,91
10/15/2017,RDG,PA,AEA,EN,Combined TRACON& Tower with Radar,0,5,28,0,33,0,0,10,0,10,0,5,38,0,43,12,0,12,55
10/16/2017,RDG,PA,AEA,EN,Combined TRACON& Tower with Radar,0,8,18,5,31,0,4,34,3,41,0,12,52,8,72,8,0,8,80
10/17/2017,RDG,PA,AEA,EN,Combined TRACON& Tower with Radar,0,9,25,5,39,0,8,93,7,108,0,17,118,12,147,84,12,96,243
10/18/2017,RDG,PA,AEA,EN,Combined TRACON& Tower with Radar,0,9,17,4,30,0,1,66,4,71,0,10,83,8,101,54,18,72,173
10/19/2017,RDG,PA,AEA,EN,Combined TRACON& Tower with Radar,0,12,14,2,28,0,2,45,2,49,0,14,59,4,77,92,4,96,173
10/20/2017,RDG,PA,AEA,EN,Combined TRACON& Tower with Radar,0,20,14,0,34,0,4,58,0,62,0,24,72,0,96,54,0,54,150
10/21/2017,RDG,PA,AEA,EN,Combined TRACON& Tower with Radar,1,5,14,0,20,0,7,61,2,70,1,12,75,2,90,30,0,30,120
10/22/2017,RDG,PA,AEA,EN,Combined TRACON& Tower with Radar,1,2,20,0,23,0,0,77,0,77,1,2,97,0,100,42,0,42,142
10/23/2017,RDG,PA,AEA,EN,Combined TRACON& Tower with Radar,0,7,18,4,29,0,0,8,0,8,0,7,26,4,37,26,0,26,63
10/24/2017,RDG,PA,AEA,EN,Combined TRACON& Tower with Radar,0,9,16,2,27,0,1,20,0,21,0,10,36,2,48,36,0,36,84
10/25/2017,RDG,PA,AEA,EN,Combined TRACON& Tower with Radar,0,9,14,7,30,0,15,70,6,91,0,24,84,13,121,67,24,91,212
10/26/2017,RDG,PA,AEA,EN,Combined TRACON& Tower with Radar,1,16,21,7,45,0,7,51,9,67,1,23,72,16,112,30,16,46,158
10/27/2017,RDG,PA,AEA,EN,Combined TRACON& Tower with Radar,0,14,19,0,33,0,7,64,0,71,0,21,83,0,104,92,0,92,196
10/28/2017,RDG,PA,AEA,EN,Combined TRACON& Tower with Radar,1,6,12,0,19,0,5,40,0,45,1,11,52,0,64,66,0,66,130
10/29/2017,RDG,PA,AEA,EN,Combined TRACON& Tower with Radar,1,6,9,0,16,0,0,0,0,0,1,6,9,0,16,0,0,0,16
10/30/2017,RDG,PA,AEA,EN,Combined TRACON& Tower with Radar,0,11,4,2,17,0,3,12,0,15,0,14,16,2,32,0,0,0,32
10/31/2017,RDG,PA,AEA,EN,Combined TRACON& Tower with Radar,0,9,18,0,27,0,11,50,0,61,0,20,68,0,88,54,0,54,142
11/01/2017,RDG,PA,AEA,EN,Combined TRACON& Tower with Radar,0,21,27,0,48,0,7,27,4,38,0,28,54,4,86,34,12,46,132
11/02/2017,RDG,PA,AEA,EN,Combined TRACON& Tower with Radar,0,10,19,4,33,0,9,37,6,52,0,19,56,10,85,50,6,56,141
11/03/2017,RDG,PA,AEA,EN,Combined TRACON& Tower with Radar,0,8,21,4,33,0,5,46,12,63,0,13,67,16,96,54,48,102,198
11/04/2017,RDG,PA,AEA,EN,Combined TRACON& Tower with Radar,2,5,24,0,31,0,4,126,2,132,2,9,150,2,163,40,2,42,205
11/05/2017,RDG,PA,AEA,EN,Combined TRACON& Tower with Radar,0,0,12,0,12,0,0,0,0,0,0,0,12,0,12,0,0,0,12
11/06/2017,RDG,PA,AEA,EN,Combined TRACON& Tower with Radar,0,7,10,0,17,0,4,0,0,4,0,11,10,0,21,46,0,46,67
11/07/2017,RDG,PA,AEA,EN,Combined TRACON& Tower with Radar,0,12,15,2,29,0,3,12,0,15,0,15,27,2,44,8,8,16,60
11/08/2017,RDG,PA,AEA,EN,Combined TRACON& Tower with Radar,0,18,24,3,45,0,11,66,8,85,0,29,90,11,130,121,14,135,265
11/09/2017,RDG,PA,AEA,EN,Combined TRACON& Tower with Radar,0,12,22,0,34,0,1,14,2,17,0,13,36,2,51,10,2,12,63
11/10/2017,RDG,PA,AEA,EN,Combined TRACON& Tower with Radar,0,10,15,0,25,0,4,20,0,24,0,14,35,0,49,38,0,38,87
11/11/2017,RDG,PA,AEA,EN,Combined TRACON& Tower with Radar,0,6,22,0,28,0,4,67,0,71,0,10,89,0,99,48,0,48,147
11/12/2017,RDG,PA,AEA,EN,Combined TRACON& Tower with Radar,0,0,15,0,15,0,0,62,0,62,0,0,77,0,77,22,0,22,99
11/13/2017,RDG,PA,AEA,EN,Combined TRACON& Tower with Radar,0,9,9,1,19,0,7,13,1,21,0,16,22,2,40,12,0,12,52
11/14/2017,RDG,PA,AEA,EN,Combined TRACON& Tower with Radar,0,8,20,0,28,0,3,69,0,72,0,11,89,0,100,134,0,134,234
11/15/2017,RDG,PA,AEA,EN,Combined TRACON& Tower with Radar,0,14,26,1,41,0,5,99,3,107,0,19,125,4,148,72,4,76,224
11/16/2017,RDG,PA,AEA,EN,Combined TRACON& Tower with Radar,0,15,22,1,38,0,12,31,1,44,0,27,53,2,82,38,0,38,120
11/17/2017,RDG,PA,AEA,EN,Combined TRACON& Tower with Radar,0,9,16,0,25,0,11,54,1,66,0,20,70,1,91,80,0,80,171
11/18/2017,RDG,PA,AEA,EN,Combined TRACON& Tower with Radar,0,3,1,0,4,0,2,6,0,8,0,5,7,0,12,0,0,0,12
11/19/2017,RDG,PA,AEA,EN,Combined TRACON& Tower with Radar,0,0,2,0,2,0,2,3,0,5,0,2,5,0,7,0,0,0,7
11/20/2017,RDG,PA,AEA,EN,Combined TRACON& Tower with Radar,0,17,19,0,36,0,6,25,0,31,0,23,44,0,67,8,0,8,75
11/21/2017,RDG,PA,AEA,EN,Combined TRACON& Tower with Radar,0,11,29,4,44,0,7,98,7,112,0,18,127,11,156,88,0,88,244
11/22/2017,RDG,PA,AEA,EN,Combined TRACON& Tower with Radar,0,12,11,0,23,0,10,38,0,48,0,22,49,0,71,46,0,46,117
11/23/2017,RDG,PA,AEA,EN,Combined TRACON& Tower with Radar,0,0,0,0,0,0,1,7,0,8,0,1,7,0,8,0,0,0,8
11/24/2017,RDG,PA,AEA,EN,Combined TRACON& Tower with Radar,0,7,22,0,29,0,11,106,0,117,0,18,128,0,146,48,0,48,194
11/25/2017,RDG,PA,AEA,EN,Combined TRACON& Tower with Radar,1,5,10,0,16,0,0,46,0,46,1,5,56,0,62,42,0,42,104
11/26/2017,RDG,PA,AEA,EN,Combined TRACON& Tower with Radar,1,1,12,0,14,0,5,47,0,52,1,6,59,0,66,16,0,16,82
11/27/2017,RDG,PA,AEA,EN,Combined TRACON& Tower with Radar,0,8,8,2,18,0,8,32,1,41,0,16,40,3,59,2,4,6,65
11/28/2017,RDG,PA,AEA,EN,Combined TRACON& Tower with Radar,0,11,37,7,55,0,7,95,7,109,0,18,132,14,164,94,16,110,274
11/29/2017,RDG,PA,AEA,EN,Combined TRACON& Tower with Radar,0,11,16,2,29,0,4,53,6,63,0,15,69,8,92,84,2,86,178
11/30/2017,RDG,PA,AEA,EN,Combined TRACON& Tower with Radar,0,10,20,8,38,0,9,78,0,87,0,19,98,8,125,34,28,62,187
12/01/2017,RDG,PA,AEA,EN,Combined TRACON& Tower with Radar,0,7,20,1,28,0,16,51,1,68,0,23,71,2,96,74,0,74,170
12/02/2017,RDG,PA,AEA,EN,Combined TRACON& Tower with Radar,2,6,33,0,41,0,1,73,0,74,2,7,106,0,115,82,0,82,197
12/03/2017,RDG,PA,AEA,EN,Combined TRACON& Tower with Radar,0,4,24,0,28,0,4,50,0,54,0,8,74,0,82,32,0,32,114
12/04/2017,RDG,PA,AEA,EN,Combined TRACON& Tower with Radar,0,15,10,5,30,0,10,37,13,60,0,25,47,18,90,42,16,58,148
12/05/2017,RDG,PA,AEA,EN,Combined TRACON& Tower with Radar,0,16,19,7,42,0,2,2,0,4,0,18,21,7,46,0,0,0,46
12/06/2017,RDG,PA,AEA,EN,Combined TRACON& Tower with Radar,0,14,15,1,30,0,6,41,2,49,0,20,56,3,79,32,4,36,115
12/07/2017,RDG,PA,AEA,EN,Combined TRACON& Tower with Radar,0,9,21,4,34,0,10,58,0,68,0,19,79,4,102,78,0,78,180
12/08/2017,RDG,PA,AEA,EN,Combined TRACON& Tower with Radar,0,7,15,0,22,0,2,54,0,56,0,9,69,0,78,42,0,42,120
12/09/2017,RDG,PA,AEA,EN,Combined TRACON& Tower with Radar,0,3,2,0,5,0,1,2,0,3,0,4,4,0,8,6,0,6,14
12/10/2017,RDG,PA,AEA,EN,Combined TRACON& Tower with Radar,0,0,9,0,9,0,0,37,0,37,0,0,46,0,46,26,0,26,72
12/11/2017,RDG,PA,AEA,EN,Combined TRACON& Tower with Radar,0,7,26,0,33,0,4,45,0,49,0,11,71,0,82,70,0,70,152
12/12/2017,RDG,PA,AEA,EN,Combined TRACON& Tower with Radar,0,13,21,2,36,0,1,17,2,20,0,14,38,4,56,22,4,26,82
12/13/2017,RDG,PA,AEA,EN,Combined TRACON& Tower with Radar,0,12,11,3,26,0,2,39,3,44,0,14,50,6,70,64,2,66,136
12/14/2017,RDG,PA,AEA,EN,Combined TRACON& Tower with Radar,0,8,23,2,33,0,1,46,2,49,0,9,69,4,82,42,0,42,124
12/15/2017,RDG,PA,AEA,EN,Combined TRACON& Tower with Radar,0,16,6,0,22,0,3,11,0,14,0,19,17,0,36,26,0,26,62
12/16/2017,RDG,PA,AEA,EN,Combined TRACON& Tower with Radar,0,3,7,0,10,0,3,16,0,19,0,6,23,0,29,42,0,42,71
12/17/2017,RDG,PA,AEA,EN,Combined TRACON& Tower with Radar,0,1,18,0,19,0,0,48,0,48,0,1,66,0,67,24,0,24,91
12/18/2017,RDG,PA,AEA,EN,Combined TRACON& Tower with Radar,0,7,21,2,30,0,3,12,2,17,0,10,33,4,47,20,4,24,71
12/19/2017,RDG,PA,AEA,EN,Combined TRACON& Tower with Radar,0,10,24,0,34,0,2,45,0,47,0,12,69,0,81,72,4,76,157
12/20/2017,RDG,PA,AEA,EN,Combined TRACON& Tower with Radar,0,9,16,1,26,0,4,48,1,53,0,13,64,2,79,86,0,86,165
12/21/2017,RDG,PA,AEA,EN,Combined TRACON& Tower with Radar,0,11,16,0,27,0,6,82,0,88,0,17,98,0,115,18,0,18,133
12/22/2017,RDG,PA,AEA,EN,Combined TRACON& Tower with Radar,0,13,20,0,33,0,10,66,0,76,0,23,86,0,109,86,0,86,195
12/23/2017,RDG,PA,AEA,EN,Combined TRACON& Tower with Radar,0,4,3,0,7,0,1,0,0,1,0,5,3,0,8,0,0,0,8
12/24/2017,RDG,PA,AEA,EN,Combined TRACON& Tower with Radar,0,0,3,0,3,0,0,22,0,22,0,0,25,0,25,10,0,10,35
12/25/2017,RDG,PA,AEA,EN,Combined TRACON& Tower with Radar,0,0,0,0,0,0,0,0,0,0,0,0,0,0,0,0,0,0,0
12/26/2017,RDG,PA,AEA,EN,Combined TRACON& Tower with Radar,0,9,6,0,15,0,2,10,2,14,0,11,16,2,29,8,2,10,39
12/27/2017,RDG,PA,AEA,EN,Combined TRACON& Tower with Radar,0,9,21,2,32,0,1,44,0,45,0,10,65,2,77,0,0,0,77
12/28/2017,RDG,PA,AEA,EN,Combined TRACON& Tower with Radar,0,8,4,0,12,0,2,25,0,27,0,10,29,0,39,18,0,18,57
12/29/2017,RDG,PA,AEA,EN,Combined TRACON& Tower with Radar,0,7,21,0,28,0,0,23,0,23,0,7,44,0,51,6,0,6,57
12/30/2017,RDG,PA,AEA,EN,Combined TRACON& Tower with Radar,0,9,8,0,17,0,2,0,0,2,0,11,8,0,19,0,0,0,19
12/31/2017,RDG,PA,AEA,EN,Combined TRACON& Tower with Radar,0,0,4,0,4,0,2,5,0,7,0,2,9,0,11,0,0,0,11
01/01/2018,RDG,PA,AEA,EN,Combined TRACON& Tower with Radar,0,1,5,0,6,0,0,8,0,8,0,1,13,0,14,0,0,0,14
01/02/2018,RDG,PA,AEA,EN,Combined TRACON& Tower with Radar,0,10,8,4,22,0,4,34,0,38,0,14,42,4,60,54,0,54,114
01/03/2018,RDG,PA,AEA,EN,Combined TRACON& Tower with Radar,0,10,15,1,26,0,4,21,1,26,0,14,36,2,52,40,0,40,92
01/04/2018,RDG,PA,AEA,EN,Combined TRACON& Tower with Radar,0,8,4,0,12,0,0,1,0,1,0,8,5,0,13,0,0,0,13
01/05/2018,RDG,PA,AEA,EN,Combined TRACON& Tower with Radar,0,7,6,1,14,0,3,7,3,13,0,10,13,4,27,0,6,6,33
01/06/2018,RDG,PA,AEA,EN,Combined TRACON& Tower with Radar,0,3,1,0,4,0,0,3,0,3,0,3,4,0,7,0,0,0,7
01/07/2018,RDG,PA,AEA,EN,Combined TRACON& Tower with Radar,0,2,7,0,9,0,0,27,0,27,0,2,34,0,36,38,0,38,74
01/08/2018,RDG,PA,AEA,EN,Combined TRACON& Tower with Radar,0,5,3,0,8,0,2,9,0,11,0,7,12,0,19,0,0,0,19
01/09/2018,RDG,PA,AEA,EN,Combined TRACON& Tower with Radar,0,6,22,2,30,0,11,52,0,63,0,17,74,2,93,48,0,48,141
01/10/2018,RDG,PA,AEA,EN,Combined TRACON& Tower with Radar,0,10,17,1,28,0,12,82,2,96,0,22,99,3,124,54,0,54,178
01/11/2018,RDG,PA,AEA,EN,Combined TRACON& Tower with Radar,0,12,18,0,30,0,2,9,0,11,0,14,27,0,41,0,0,0,41
01/12/2018,RDG,PA,AEA,EN,Combined TRACON& Tower with Radar,0,10,17,2,29,0,0,0,0,0,0,10,17,2,29,0,0,0,29
01/13/2018,RDG,PA,AEA,EN,Combined TRACON& Tower with Radar,0,7,2,0,9,0,0,11,0,11,0,7,13,0,20,8,0,8,28
01/14/2018,RDG,PA,AEA,EN,Combined TRACON& Tower with Radar,0,0,19,0,19,0,0,57,0,57,0,0,76,0,76,58,0,58,134
01/15/2018,RDG,PA,AEA,EN,Combined TRACON& Tower with Radar,0,10,10,0,20,0,3,23,1,27,0,13,33,1,47,26,0,26,73
01/16/2018,RDG,PA,AEA,EN,Combined TRACON& Tower with Radar,0,8,2,0,10,0,0,0,0,0,0,8,2,0,10,0,0,0,10
01/17/2018,RDG,PA,AEA,EN,Combined TRACON& Tower with Radar,0,7,8,1,16,0,2,23,10,35,0,9,31,11,51,8,16,24,75
01/18/2018,RDG,PA,AEA,EN,Combined TRACON& Tower with Radar,0,9,19,2,30,0,5,46,3,54,0,14,65,5,84,44,2,46,130
01/19/2018,RDG,PA,AEA,EN,Combined TRACON& Tower with Radar,0,6,14,0,20,0,4,58,0,62,0,10,72,0,82,36,0,36,118
01/20/2018,RDG,PA,AEA,EN,Combined TRACON& Tower with Radar,0,4,22,0,26,0,0,60,0,60,0,4,82,0,86,58,0,58,144
01/21/2018,RDG,PA,AEA,EN,Combined TRACON& Tower with Radar,0,1,7,0,8,0,0,42,0,42,0,1,49,0,50,50,0,50,100
01/22/2018,RDG,PA,AEA,EN,Combined TRACON& Tower with Radar,0,6,12,0,18,0,0,21,0,21,0,6,33,0,39,36,0,36,75
01/23/2018,RDG,PA,AEA,EN,Combined TRACON& Tower with Radar,0,12,17,5,34,0,0,4,3,7,0,12,21,8,41,38,2,40,81
01/24/2018,RDG,PA,AEA,EN,Combined TRACON& Tower with Radar,0,8,13,2,23,0,6,29,2,37,0,14,42,4,60,22,4,26,86
01/25/2018,RDG,PA,AEA,EN,Combined TRACON& Tower with Radar,0,16,23,4,43,0,6,70,2,78,0,22,93,6,121,92,0,92,213
01/26/2018,RDG,PA,AEA,EN,Combined TRACON& Tower with Radar,0,15,10,2,27,0,5,77,3,85,0,20,87,5,112,56,0,56,168
01/27/2018,RDG,PA,AEA,EN,Combined TRACON& Tower with Radar,0,15,25,0,40,0,2,69,0,71,0,17,94,0,111,76,0,76,187
01/28/2018,RDG,PA,AEA,EN,Combined TRACON& Tower with Radar,0,3,24,0,27,0,1,4,0,5,0,4,28,0,32,10,0,10,42
01/29/2018,RDG,PA,AEA,EN,Combined TRACON& Tower with Radar,0,7,16,3,26,0,2,30,3,35,0,9,46,6,61,28,2,30,91
01/30/2018,RDG,PA,AEA,EN,Combined TRACON& Tower with Radar,0,13,5,8,26,0,4,5,4,13,0,17,10,12,39,10,16,26,65
01/31/2018,RDG,PA,AEA,EN,Combined TRACON& Tower with Radar,0,15,26,1,42,0,6,59,6,71,0,21,85,7,113,26,26,52,165
02/01/2018,RDG,PA,AEA,EN,Combined TRACON& Tower with Radar,0,9,18,6,33,0,6,34,4,44,0,15,52,10,77,30,0,30,107
02/02/2018,RDG,PA,AEA,EN,Combined TRACON& Tower with Radar,0,7,1,6,14,0,1,9,4,14,0,8,10,10,28,8,12,20,48
02/03/2018,RDG,PA,AEA,EN,Combined TRACON& Tower with Radar,0,4,18,0,22,0,1,70,0,71,0,5,88,0,93,48,0,48,141
02/04/2018,RDG,PA,AEA,EN,Combined TRACON& Tower with Radar,0,1,1,0,2,0,0,0,0,0,0,1,1,0,2,0,0,0,2
02/05/2018,RDG,PA,AEA,EN,Combined TRACON& Tower with Radar,0,10,10,3,23,0,5,14,5,24,0,15,24,8,47,30,22,52,99
02/06/2018,RDG,PA,AEA,EN,Combined TRACON& Tower with Radar,0,9,22,2,33,0,1,23,1,25,0,10,45,3,58,78,22,100,158
02/07/2018,RDG,PA,AEA,EN,Combined TRACON& Tower with Radar,0,7,4,0,11,0,0,0,0,0,0,7,4,0,11,0,0,0,11
02/08/2018,RDG,PA,AEA,EN,Combined TRACON& Tower with Radar,0,9,13,1,23,0,7,23,4,34,0,16,36,5,57,36,0,36,93
02/09/2018,RDG,PA,AEA,EN,Combined TRACON& Tower with Radar,0,19,14,0,33,0,4,36,0,40,0,23,50,0,73,68,0,68,141
02/10/2018,RDG,PA,AEA,EN,Combined TRACON& Tower with Radar,0,5,12,0,17,0,0,4,0,4,0,5,16,0,21,16,0,16,37
02/11/2018,RDG,PA,AEA,EN,Combined TRACON& Tower with Radar,0,2,1,0,3,0,0,0,0,0,0,2,1,0,3,0,0,0,3
02/12/2018,RDG,PA,AEA,EN,Combined TRACON& Tower with Radar,0,10,12,0,22,0,7,26,1,34,0,17,38,1,56,46,0,46,102
02/13/2018,RDG,PA,AEA,EN,Combined TRACON& Tower with Radar,0,13,22,1,36,0,8,84,5,97,0,21,106,6,133,56,2,58,191
02/14/2018,RDG,PA,AEA,EN,Combined TRACON& Tower with Radar,0,12,17,1,30,0,6,74,7,87,0,18,91,8,117,106,10,116,233
02/15/2018,RDG,PA,AEA,EN,Combined TRACON& Tower with Radar,0,8,34,0,42,0,0,19,0,19,0,8,53,0,61,10,0,10,71
02/16/2018,RDG,PA,AEA,EN,Combined TRACON& Tower with Radar,0,6,8,0,14,0,3,22,0,25,0,9,30,0,39,0,0,0,39
02/17/2018,RDG,PA,AEA,EN,Combined TRACON& Tower with Radar,0,5,11,0,16,0,0,67,0,67,0,5,78,0,83,72,0,72,155
02/18/2018,RDG,PA,AEA,EN,Combined TRACON& Tower with Radar,0,1,18,0,19,0,2,56,0,58,0,3,74,0,77,48,0,48,125
02/19/2018,RDG,PA,AEA,EN,Combined TRACON& Tower with Radar,0,6,13,0,19,0,1,20,1,22,0,7,33,1,41,18,0,18,59
02/20/2018,RDG,PA,AEA,EN,Combined TRACON& Tower with Radar,0,11,13,2,26,0,0,19,2,21,0,11,32,4,47,40,0,40,87
02/21/2018,RDG,PA,AEA,EN,Combined TRACON& Tower with Radar,0,16,20,13,49,0,23,46,3,72,0,39,66,16,121,58,22,80,201
02/22/2018,RDG,PA,AEA,EN,Combined TRACON& Tower with Radar,0,12,10,0,22,0,0,0,0,0,0,12,10,0,22,2,0,2,24
02/23/2018,RDG,PA,AEA,EN,Combined TRACON& Tower with Radar,0,14,9,0,23,0,0,0,0,0,0,14,9,0,23,0,0,0,23
02/24/2018,RDG,PA,AEA,EN,Combined TRACON& Tower with Radar,0,3,30,0,33,0,0,0,0,0,0,3,30,0,33,4,0,4,37
02/25/2018,RDG,PA,AEA,EN,Combined TRACON& Tower with Radar,0,5,14,0,19,0,0,0,0,0,0,5,14,0,19,10,0,10,29
02/26/2018,RDG,PA,AEA,EN,Combined TRACON& Tower with Radar,0,7,23,0,30,0,4,52,0,56,0,11,75,0,86,32,0,32,118
02/27/2018,RDG,PA,AEA,EN,Combined TRACON& Tower with Radar,0,11,24,4,39,0,23,93,5,121,0,34,117,9,160,106,4,110,270
02/28/2018,RDG,PA,AEA,EN,Combined TRACON& Tower with Radar,0,10,20,0,30,0,9,77,11,97,0,19,97,11,127,54,0,54,181
03/01/2018,RDG,PA,AEA,EN,Combined TRACON& Tower with Radar,0,16,15,2,33,0,0,33,2,35,0,16,48,4,68,56,0,56,124
03/02/2018,RDG,PA,AEA,EN,Combined TRACON& Tower with Radar,0,8,3,0,11,0,0,0,0,0,0,8,3,0,11,0,0,0,11
03/03/2018,RDG,PA,AEA,EN,Combined TRACON& Tower with Radar,0,3,5,0,8,0,1,7,0,8,0,4,12,0,16,0,0,0,16
03/04/2018,RDG,PA,AEA,EN,Combined TRACON& Tower with Radar,0,3,9,0,12,0,0,6,0,6,0,3,15,0,18,0,0,0,18
03/05/2018,RDG,PA,AEA,EN,Combined TRACON& Tower with Radar,0,8,26,0,34,0,4,57,2,63,0,12,83,2,97,72,0,72,169
03/06/2018,RDG,PA,AEA,EN,Combined TRACON& Tower with Radar,0,16,23,2,41,0,4,73,0,77,0,20,96,2,118,64,0,64,182
03/07/2018,RDG,PA,AEA,EN,Combined TRACON& Tower with Radar,0,5,3,1,9,0,2,0,1,3,0,7,3,2,12,0,0,0,12
03/08/2018,RDG,PA,AEA,EN,Combined TRACON& Tower with Radar,0,10,7,5,22,0,3,29,3,35,0,13,36,8,57,52,2,54,111
03/09/2018,RDG,PA,AEA,EN,Combined TRACON& Tower with Radar,0,24,12,1,37,0,4,29,1,34,0,28,41,2,71,8,0,8,79
03/10/2018,RDG,PA,AEA,EN,Combined TRACON& Tower with Radar,0,6,35,0,41,0,2,96,0,98,0,8,131,0,139,78,0,78,217
03/11/2018,RDG,PA,AEA,EN,Combined TRACON& Tower with Radar,0,3,15,0,18,0,0,77,0,77,0,3,92,0,95,114,0,114,209
03/12/2018,RDG,PA,AEA,EN,Combined TRACON& Tower with Radar,0,11,7,0,18,0,2,24,0,26,0,13,31,0,44,16,0,16,60
03/13/2018,RDG,PA,AEA,EN,Combined TRACON& Tower with Radar,0,11,16,5,32,0,1,30,6,37,0,12,46,11,69,56,6,62,131
03/14/2018,RDG,PA,AEA,EN,Combined TRACON& Tower with Radar,0,19,13,1,33,0,11,11,12,34,0,30,24,13,67,22,26,48,115
03/15/2018,RDG,PA,AEA,EN,Combined TRACON& Tower with Radar,0,10,32,2,44,0,2,40,0,42,0,12,72,2,86,22,0,22,108
03/16/2018,RDG,PA,AEA,EN,Combined TRACON& Tower with Radar,0,15,8,0,23,0,2,23,2,27,0,17,31,2,50,22,0,22,72
03/17/2018,RDG,PA,AEA,EN,Combined TRACON& Tower with Radar,1,3,37,0,41,0,2,79,0,81,1,5,116,0,122,80,0,80,202
03/18/2018,RDG,PA,AEA,EN,Combined TRACON& Tower with Radar,1,12,25,0,38,0,5,96,0,101,1,17,121,0,139,130,0,130,269
03/19/2018,RDG,PA,AEA,EN,Combined TRACON& Tower with Radar,0,6,29,3,38,0,6,103,3,112,0,12,132,6,150,56,8,64,214
03/20/2018,RDG,PA,AEA,EN,Combined TRACON& Tower with Radar,0,7,16,3,26,0,2,16,3,21,0,9,32,6,47,52,0,52,99
03/21/2018,RDG,PA,AEA,EN,Combined TRACON& Tower with Radar,0,6,1,0,7,0,0,0,0,0,0,6,1,0,7,0,0,0,7
03/22/2018,RDG,PA,AEA,EN,Combined TRACON& Tower with Radar,0,14,17,4,35,0,4,37,10,51,0,18,54,14,86,42,10,52,138
03/23/2018,RDG,PA,AEA,EN,Combined TRACON& Tower with Radar,0,7,11,4,22,0,3,52,3,58,0,10,63,7,80,32,12,44,124
03/24/2018,RDG,PA,AEA,EN,Combined TRACON& Tower with Radar,2,5,16,0,23,0,0,90,0,90,2,5,106,0,113,56,0,56,169
03/25/2018,RDG,PA,AEA,EN,Combined TRACON& Tower with Radar,0,0,19,0,19,0,0,31,0,31,0,0,50,0,50,94,0,94,144
03/26/2018,RDG,PA,AEA,EN,Combined TRACON& Tower with Radar,0,10,16,3,29,0,1,71,1,73,0,11,87,4,102,134,14,148,250
03/27/2018,RDG,PA,AEA,EN,Combined TRACON& Tower with Radar,0,9,18,0,27,0,3,68,3,74,0,12,86,3,101,98,0,98,199
03/28/2018,RDG,PA,AEA,EN,Combined TRACON& Tower with Radar,0,21,20,2,43,0,0,0,0,0,0,21,20,2,43,6,0,6,49
03/29/2018,RDG,PA,AEA,EN,Combined TRACON& Tower with Radar,0,8,17,1,26,0,0,13,2,15,0,8,30,3,41,6,0,6,47
03/30/2018,RDG,PA,AEA,EN,Combined TRACON& Tower with Radar,0,5,19,2,26,0,2,9,1,12,0,7,28,3,38,36,0,36,74
03/31/2018,RDG,PA,AEA,EN,Combined TRACON& Tower with Radar,0,4,22,0,26,0,3,126,0,129,0,7,148,0,155,208,0,208,363
04/01/2018,RDG,PA,AEA,EN,Combined TRACON& Tower with Radar,0,1,4,0,5,0,0,30,0,30,0,1,34,0,35,56,0,56,91
04/02/2018,RDG,PA,AEA,EN,Combined TRACON& Tower with Radar,0,8,14,1,23,0,0,14,0,14,0,8,28,1,37,48,6,54,91
04/03/2018,RDG,PA,AEA,EN,Combined TRACON& Tower with Radar,0,15,8,0,23,0,0,0,0,0,0,15,8,0,23,0,0,0,23
04/04/2018,RDG,PA,AEA,EN,Combined TRACON& Tower with Radar,0,8,9,0,17,0,3,9,0,12,0,11,18,0,29,2,0,2,31
04/05/2018,RDG,PA,AEA,EN,Combined TRACON& Tower with Radar,0,14,20,2,36,0,8,70,2,80,0,22,90,4,116,36,16,52,168
04/06/2018,RDG,PA,AEA,EN,Combined TRACON& Tower with Radar,0,6,14,3,23,0,0,24,4,28,0,6,38,7,51,20,2,22,73
04/07/2018,RDG,PA,AEA,EN,Combined TRACON& Tower with Radar,1,4,13,1,19,0,0,64,1,65,1,4,77,2,84,50,0,50,134
04/08/2018,RDG,PA,AEA,EN,Combined TRACON& Tower with Radar,1,0,23,0,24,0,1,93,0,94,1,1,116,0,118,58,0,58,176
04/09/2018,RDG,PA,AEA,EN,Combined TRACON& Tower with Radar,0,7,14,2,23,0,0,42,2,44,0,7,56,4,67,30,0,30,97
04/10/2018,RDG,PA,AEA,EN,Combined TRACON& Tower with Radar,0,14,41,6,61,0,9,65,7,81,0,23,106,13,142,152,6,158,300
04/11/2018,RDG,PA,AEA,EN,Combined TRACON& Tower with Radar,0,10,16,2,28,0,10,95,10,115,0,20,111,12,143,42,0,42,185
04/12/2018,RDG,PA,AEA,EN,Combined TRACON& Tower with Radar,0,16,11,10,37,0,2,74,4,80,0,18,85,14,117,30,94,124,241
04/13/2018,RDG,PA,AEA,EN,Combined TRACON& Tower with Radar,0,11,15,1,27,0,3,68,1,72,0,14,83,2,99,86,2,88,187
04/14/2018,RDG,PA,AEA,EN,Combined TRACON& Tower with Radar,1,5,27,0,33,0,0,93,0,93,1,5,120,0,126,106,0,106,232
04/15/2018,RDG,PA,AEA,EN,Combined TRACON& Tower with Radar,1,0,6,0,7,0,0,0,0,0,1,0,6,0,7,0,0,0,7
04/16/2018,RDG,PA,AEA,EN,Combined TRACON& Tower with Radar,0,19,12,0,31,0,0,0,0,0,0,19,12,0,31,0,0,0,31
04/17/2018,RDG,PA,AEA,EN,Combined TRACON& Tower with Radar,0,13,20,1,34,0,19,23,3,45,0,32,43,4,79,20,2,22,101
04/18/2018,RDG,PA,AEA,EN,Combined TRACON& Tower with Radar,0,16,20,3,39,0,18,74,1,93,0,34,94,4,132,120,0,120,252
04/19/2018,RDG,PA,AEA,EN,Combined TRACON& Tower with Radar,0,14,11,0,25,0,6,4,1,11,0,20,15,1,36,2,4,6,42
04/20/2018,RDG,PA,AEA,EN,Combined TRACON& Tower with Radar,0,16,29,1,46,0,10,47,4,61,0,26,76,5,107,56,2,58,165
04/21/2018,RDG,PA,AEA,EN,Combined TRACON& Tower with Radar,2,3,23,0,28,0,1,80,3,84,2,4,103,3,112,158,0,158,270
04/22/2018,RDG,PA,AEA,EN,Combined TRACON& Tower with Radar,0,3,19,0,22,0,14,77,0,91,0,17,96,0,113,156,0,156,269
04/23/2018,RDG,PA,AEA,EN,Combined TRACON& Tower with Radar,0,8,18,0,26,0,3,88,0,91,0,11,106,0,117,86,0,86,203
04/24/2018,RDG,PA,AEA,EN,Combined TRACON& Tower with Radar,0,18,35,1,54,0,3,67,5,75,0,21,102,6,129,64,2,66,195
04/25/2018,RDG,PA,AEA,EN,Combined TRACON& Tower with Radar,0,15,20,0,35,0,0,0,0,0,0,15,20,0,35,0,0,0,35
04/26/2018,RDG,PA,AEA,EN,Combined TRACON& Tower with Radar,0,16,26,2,44,0,3,57,2,62,0,19,83,4,106,90,4,94,200
04/27/2018,RDG,PA,AEA,EN,Combined TRACON& Tower with Radar,0,12,21,0,33,0,8,0,0,8,0,20,21,0,41,0,0,0,41
04/28/2018,RDG,PA,AEA,EN,Combined TRACON& Tower with Radar,1,8,22,0,31,0,4,28,0,32,1,12,50,0,63,44,0,44,107
04/29/2018,RDG,PA,AEA,EN,Combined TRACON& Tower with Radar,1,6,6,0,13,0,0,17,0,17,1,6,23,0,30,44,0,44,74
04/30/2018,RDG,PA,AEA,EN,Combined TRACON& Tower with Radar,0,7,10,2,19,0,0,33,2,35,0,7,43,4,54,52,2,54,108
05/01/2018,RDG,PA,AEA,EN,Combined TRACON& Tower with Radar,0,11,40,0,51,0,6,62,0,68,0,17,102,0,119,78,0,78,197
05/02/2018,RDG,PA,AEA,EN,Combined TRACON& Tower with Radar,0,9,35,11,55,0,1,69,9,79,0,10,104,20,134,112,30,142,276
05/03/2018,RDG,PA,AEA,EN,Combined TRACON& Tower with Radar,0,5,22,1,28,0,4,31,1,36,0,9,53,2,64,18,0,18,82
05/04/2018,RDG,PA,AEA,EN,Combined TRACON& Tower with Radar,0,9,19,16,44,0,1,29,6,36,0,10,48,22,80,80,36,116,196
05/05/2018,RDG,PA,AEA,EN,Combined TRACON& Tower with Radar,2,10,20,0,32,0,0,62,3,65,2,10,82,3,97,139,14,153,250
05/06/2018,RDG,PA,AEA,EN,Combined TRACON& Tower with Radar,0,2,26,2,30,0,0,7,2,9,0,2,33,4,39,6,4,10,49
05/07/2018,RDG,PA,AEA,EN,Combined TRACON& Tower with Radar,0,5,17,6,28,0,1,45,4,50,0,6,62,10,78,0,0,0,78
05/08/2018,RDG,PA,AEA,EN,Combined TRACON& Tower with Radar,0,13,25,2,40,0,2,87,1,90,0,15,112,3,130,136,2,138,268
05/09/2018,RDG,PA,AEA,EN,Combined TRACON& Tower with Radar,0,10,23,3,36,0,2,89,7,98,0,12,112,10,134,76,16,92,226
05/10/2018,RDG,PA,AEA,EN,Combined TRACON& Tower with Radar,0,10,15,4,29,0,14,45,8,67,0,24,60,12,96,26,6,32,128
05/11/2018,RDG,PA,AEA,EN,Combined TRACON& Tower with Radar,0,12,29,4,45,0,8,88,7,103,0,20,117,11,148,156,24,180,328
05/12/2018,RDG,PA,AEA,EN,Combined TRACON& Tower with Radar,1,5,31,0,37,0,0,3,0,3,1,5,34,0,40,18,0,18,58
05/13/2018,RDG,PA,AEA,EN,Combined TRACON& Tower with Radar,1,1,17,0,19,0,0,0,0,0,1,1,17,0,19,0,0,0,19
05/14/2018,RDG,PA,AEA,EN,Combined TRACON& Tower with Radar,0,5,20,0,25,0,3,20,0,23,0,8,40,0,48,22,0,22,70
05/15/2018,RDG,PA,AEA,EN,Combined TRACON& Tower with Radar,0,7,19,2,28,0,3,56,0,59,0,10,75,2,87,50,0,50,137
05/16/2018,RDG,PA,AEA,EN,Combined TRACON& Tower with Radar,0,10,19,0,29,0,0,4,0,4,0,10,23,0,33,12,0,12,45
05/17/2018,RDG,PA,AEA,EN,Combined TRACON& Tower with Radar,0,16,28,0,44,0,0,11,0,11,0,16,39,0,55,12,0,12,67
05/18/2018,RDG,PA,AEA,EN,Combined TRACON& Tower with Radar,0,15,14,0,29,0,7,17,0,24,0,22,31,0,53,28,0,28,81
05/19/2018,RDG,PA,AEA,EN,Combined TRACON& Tower with Radar,2,3,5,0,10,0,0,0,0,0,2,3,5,0,10,0,0,0,10
05/20/2018,RDG,PA,AEA,EN,Combined TRACON& Tower with Radar,0,4,19,0,23,0,3,33,0,36,0,7,52,0,59,40,0,40,99
05/21/2018,RDG,PA,AEA,EN,Combined TRACON& Tower with Radar,0,9,28,2,39,0,3,76,2,81,0,12,104,4,120,152,10,162,282
05/22/2018,RDG,PA,AEA,EN,Combined TRACON& Tower with Radar,0,15,23,0,38,0,0,1,1,2,0,15,24,1,40,0,0,0,40
05/23/2018,RDG,PA,AEA,EN,Combined TRACON& Tower with Radar,0,24,25,0,49,0,4,63,0,67,0,28,88,0,116,102,0,102,218
05/24/2018,RDG,PA,AEA,EN,Combined TRACON& Tower with Radar,0,13,47,0,60,0,2,100,0,102,0,15,147,0,162,99,0,99,261
05/25/2018,RDG,PA,AEA,EN,Combined TRACON& Tower with Radar,0,10,21,0,31,0,2,76,0,78,0,12,97,0,109,60,0,60,169
05/26/2018,RDG,PA,AEA,EN,Combined TRACON& Tower with Radar,0,5,15,0,20,0,2,71,0,73,0,7,86,0,93,52,0,52,145
05/27/2018,RDG,PA,AEA,EN,Combined TRACON& Tower with Radar,0,6,6,0,12,0,0,0,0,0,0,6,6,0,12,0,0,0,12
05/28/2018,RDG,PA,AEA,EN,Combined TRACON& Tower with Radar,0,4,26,0,30,0,0,17,0,17,0,4,43,0,47,10,0,10,57
05/29/2018,RDG,PA,AEA,EN,Combined TRACON& Tower with Radar,0,9,29,3,41,0,1,87,2,90,0,10,116,5,131,114,4,118,249
05/30/2018,RDG,PA,AEA,EN,Combined TRACON& Tower with Radar,0,28,51,1,80,0,7,35,5,47,0,35,86,6,127,48,0,48,175
05/31/2018,RDG,PA,AEA,EN,Combined TRACON& Tower with Radar,0,15,28,0,43,0,0,1,0,1,0,15,29,0,44,0,0,0,44
06/01/2018,RDG,PA,AEA,EN,Combined TRACON& Tower with Radar,0,17,17,0,34,0,73,75,15,163,0,90,92,15,197,172,0,172,369
06/02/2018,RDG,PA,AEA,EN,Combined TRACON& Tower with Radar,1,7,10,0,18,0,56,43,9,108,1,63,53,9,126,410,22,432,558
06/03/2018,RDG,PA,AEA,EN,Combined TRACON& Tower with Radar,1,2,9,0,12,0,98,29,1,128,1,100,38,1,140,340,0,340,480
06/04/2018,RDG,PA,AEA,EN,Combined TRACON& Tower with Radar,0,8,31,3,42,0,2,37,6,45,0,10,68,9,87,38,6,44,131
06/05/2018,RDG,PA,AEA,EN,Combined TRACON& Tower with Radar,0,9,20,4,33,0,2,43,0,45,0,11,63,4,78,34,2,36,114
06/06/2018,RDG,PA,AEA,EN,Combined TRACON& Tower with Radar,0,12,26,5,43,0,4,74,2,80,0,16,100,7,123,46,2,48,171
06/07/2018,RDG,PA,AEA,EN,Combined TRACON& Tower with Radar,0,11,25,2,38,0,14,75,4,93,0,25,100,6,131,78,0,78,209
06/08/2018,RDG,PA,AEA,EN,Combined TRACON& Tower with Radar,0,9,19,2,30,0,4,64,0,68,0,13,83,2,98,140,2,142,240
06/09/2018,RDG,PA,AEA,EN,Combined TRACON& Tower with Radar,1,5,23,0,29,0,3,76,0,79,1,8,99,0,108,74,0,74,182
06/10/2018,RDG,PA,AEA,EN,Combined TRACON& Tower with Radar,1,0,14,0,15,0,0,3,0,3,1,0,17,0,18,26,0,26,44
06/11/2018,RDG,PA,AEA,EN,Combined TRACON& Tower with Radar,0,5,19,0,24,0,3,64,2,69,0,8,83,2,93,42,0,42,135
06/12/2018,RDG,PA,AEA,EN,Combined TRACON& Tower with Radar,0,6,26,4,36,0,8,100,11,119,0,14,126,15,155,114,8,122,277
06/13/2018,RDG,PA,AEA,EN,Combined TRACON& Tower with Radar,0,12,33,2,47,0,3,25,0,28,0,15,58,2,75,40,2,42,117
06/14/2018,RDG,PA,AEA,EN,Combined TRACON& Tower with Radar,0,6,15,5,26,0,6,53,7,66,0,12,68,12,92,56,6,62,154
06/15/2018,RDG,PA,AEA,EN,Combined TRACON& Tower with Radar,0,9,15,2,26,0,0,44,7,51,0,9,59,9,77,50,2,52,129
06/16/2018,RDG,PA,AEA,EN,Combined TRACON& Tower with Radar,2,3,21,0,26,0,4,80,0,84,2,7,101,0,110,108,0,108,218
06/17/2018,RDG,PA,AEA,EN,Combined TRACON& Tower with Radar,0,0,10,0,10,0,0,49,0,49,0,0,59,0,59,90,0,90,149
06/18/2018,RDG,PA,AEA,EN,Combined TRACON& Tower with Radar,0,5,15,2,22,0,0,40,1,41,0,5,55,3,63,14,4,18,81
06/19/2018,RDG,PA,AEA,EN,Combined TRACON& Tower with Radar,0,11,25,2,38,0,4,66,5,75,0,15,91,7,113,36,8,44,157
06/20/2018,RDG,PA,AEA,EN,Combined TRACON& Tower with Radar,0,9,30,4,43,0,4,48,4,56,0,13,78,8,99,18,4,22,121
06/21/2018,RDG,PA,AEA,EN,Combined TRACON& Tower with Radar,0,11,20,4,35,0,5,42,3,50,0,16,62,7,85,22,8,30,115
06/22/2018,RDG,PA,AEA,EN,Combined TRACON& Tower with Radar,0,14,18,2,34,0,0,45,2,47,0,14,63,4,81,42,2,44,125
06/23/2018,RDG,PA,AEA,EN,Combined TRACON& Tower with Radar,0,3,15,0,18,0,0,0,0,0,0,3,15,0,18,0,0,0,18
06/24/2018,RDG,PA,AEA,EN,Combined TRACON& Tower with Radar,0,3,8,0,11,0,0,17,0,17,0,3,25,0,28,28,0,28,56
06/25/2018,RDG,PA,AEA,EN,Combined TRACON& Tower with Radar,0,6,17,4,27,0,2,59,0,61,0,8,76,4,88,84,0,84,172
06/26/2018,RDG,PA,AEA,EN,Combined TRACON& Tower with Radar,0,11,20,6,37,0,10,126,4,140,0,21,146,10,177,114,0,114,291
06/27/2018,RDG,PA,AEA,EN,Combined TRACON& Tower with Radar,0,16,18,1,35,0,4,21,2,27,0,20,39,3,62,14,2,16,78
06/28/2018,RDG,PA,AEA,EN,Combined TRACON& Tower with Radar,0,12,25,0,37,0,10,35,0,45,0,22,60,0,82,112,0,112,194
06/29/2018,RDG,PA,AEA,EN,Combined TRACON& Tower with Radar,0,9,30,2,41,0,3,70,3,76,0,12,100,5,117,124,2,126,243
06/30/2018,RDG,PA,AEA,EN,Combined TRACON& Tower with Radar,0,3,35,0,38,0,3,78,0,81,0,6,113,0,119,100,0,100,219
07/01/2018,RDG,PA,AEA,EN,Combined TRACON& Tower with Radar,0,1,14,0,15,0,1,46,0,47,0,2,60,0,62,74,0,74,136
07/02/2018,RDG,PA,AEA,EN,Combined TRACON& Tower with Radar,0,6,12,1,19,0,1,72,3,76,0,7,84,4,95,62,0,62,157
07/03/2018,RDG,PA,AEA,EN,Combined TRACON& Tower with Radar,0,10,32,1,43,0,1,48,1,50,0,11,80,2,93,108,0,108,201
07/04/2018,RDG,PA,AEA,EN,Combined TRACON& Tower with Radar,0,3,13,0,16,0,3,41,0,44,0,6,54,0,60,46,0,46,106
07/05/2018,RDG,PA,AEA,EN,Combined TRACON& Tower with Radar,0,7,13,2,22,0,7,18,6,31,0,14,31,8,53,36,4,40,93
07/06/2018,RDG,PA,AEA,EN,Combined TRACON& Tower with Radar,0,5,15,0,20,0,2,20,0,22,0,7,35,0,42,30,0,30,72
07/07/2018,RDG,PA,AEA,EN,Combined TRACON& Tower with Radar,0,7,30,0,37,0,5,171,6,182,0,12,201,6,219,102,0,102,321
07/08/2018,RDG,PA,AEA,EN,Combined TRACON& Tower with Radar,0,3,23,0,26,0,1,81,0,82,0,4,104,0,108,64,0,64,172
07/09/2018,RDG,PA,AEA,EN,Combined TRACON& Tower with Radar,0,4,37,4,45,0,6,89,0,95,0,10,126,4,140,88,2,90,230
07/10/2018,RDG,PA,AEA,EN,Combined TRACON& Tower with Radar,0,8,27,1,36,0,26,98,1,125,0,34,125,2,161,166,0,166,327
07/11/2018,RDG,PA,AEA,EN,Combined TRACON& Tower with Radar,0,15,20,20,55,0,14,71,5,90,0,29,91,25,145,80,24,104,249
07/12/2018,RDG,PA,AEA,EN,Combined TRACON& Tower with Radar,0,10,30,16,56,0,2,74,7,83,0,12,104,23,139,130,18,148,287
07/13/2018,RDG,PA,AEA,EN,Combined TRACON& Tower with Radar,0,12,30,2,44,0,1,84,0,85,0,13,114,2,129,74,0,74,203
07/14/2018,RDG,PA,AEA,EN,Combined TRACON& Tower with Radar,0,3,13,0,16,0,2,55,0,57,0,5,68,0,73,66,0,66,139
07/15/2018,RDG,PA,AEA,EN,Combined TRACON& Tower with Radar,0,3,4,0,7,0,0,15,1,16,0,3,19,1,23,22,0,22,45
07/16/2018,RDG,PA,AEA,EN,Combined TRACON& Tower with Radar,0,21,30,1,52,0,6,53,2,61,0,27,83,3,113,74,2,76,189
07/17/2018,RDG,PA,AEA,EN,Combined TRACON& Tower with Radar,0,8,25,0,33,0,1,24,0,25,0,9,49,0,58,6,0,6,64
07/18/2018,RDG,PA,AEA,EN,Combined TRACON& Tower with Radar,0,10,44,1,55,0,10,106,1,117,0,20,150,2,172,122,7,129,301
07/19/2018,RDG,PA,AEA,EN,Combined TRACON& Tower with Radar,0,13,50,2,65,0,15,102,4,121,0,28,152,6,186,120,10,130,316
07/20/2018,RDG,PA,AEA,EN,Combined TRACON& Tower with Radar,0,6,41,3,50,0,11,102,3,116,0,17,143,6,166,140,10,150,316
07/21/2018,RDG,PA,AEA,EN,Combined TRACON& Tower with Radar,0,3,22,0,25,0,0,23,0,23,0,3,45,0,48,20,0,20,68
07/22/2018,RDG,PA,AEA,EN,Combined TRACON& Tower with Radar,0,0,17,2,19,0,0,1,0,1,0,0,18,2,20,6,2,8,28
07/23/2018,RDG,PA,AEA,EN,Combined TRACON& Tower with Radar,0,8,18,2,28,0,0,0,0,0,0,8,18,2,28,0,0,0,28
07/24/2018,RDG,PA,AEA,EN,Combined TRACON& Tower with Radar,0,20,16,0,36,0,0,5,0,5,0,20,21,0,41,0,0,0,41
07/25/2018,RDG,PA,AEA,EN,Combined TRACON& Tower with Radar,0,8,10,0,18,0,5,22,0,27,0,13,32,0,45,2,0,2,47
07/26/2018,RDG,PA,AEA,EN,Combined TRACON& Tower with Radar,0,8,27,0,35,0,4,44,0,48,0,12,71,0,83,80,0,80,163
07/27/2018,RDG,PA,AEA,EN,Combined TRACON& Tower with Radar,0,10,25,0,35,0,7,29,3,39,0,17,54,3,74,90,12,102,176
07/28/2018,RDG,PA,AEA,EN,Combined TRACON& Tower with Radar,0,2,20,0,22,0,7,42,13,62,0,9,62,13,84,32,0,32,116
07/29/2018,RDG,PA,AEA,EN,Combined TRACON& Tower with Radar,0,0,22,0,22,0,2,76,0,78,0,2,98,0,100,58,0,58,158
07/30/2018,RDG,PA,AEA,EN,Combined TRACON& Tower with Radar,0,13,15,2,30,0,2,42,2,46,0,15,57,4,76,50,6,56,132
07/31/2018,RDG,PA,AEA,EN,Combined TRACON& Tower with Radar,0,10,24,13,47,0,1,41,9,51,0,11,65,22,98,40,52,92,190
08/01/2018,RDG,PA,AEA,EN,Combined TRACON& Tower with Radar,0,10,17,0,27,0,1,15,1,17,0,11,32,1,44,24,0,24,68
08/02/2018,RDG,PA,AEA,EN,Combined TRACON& Tower with Radar,0,12,22,0,34,0,0,6,0,6,0,12,28,0,40,10,0,10,50
08/03/2018,RDG,PA,AEA,EN,Combined TRACON& Tower with Radar,0,17,12,0,29,0,0,9,2,11,0,17,21,2,40,12,6,18,58
08/04/2018,RDG,PA,AEA,EN,Combined TRACON& Tower with Radar,0,7,29,0,36,0,3,30,0,33,0,10,59,0,69,28,0,28,97
08/05/2018,RDG,PA,AEA,EN,Combined TRACON& Tower with Radar,0,0,37,0,37,0,15,190,0,205,0,15,227,0,242,174,0,174,416
08/06/2018,RDG,PA,AEA,EN,Combined TRACON& Tower with Radar,0,5,40,3,48,0,4,74,5,83,0,9,114,8,131,130,14,144,275
08/07/2018,RDG,PA,AEA,EN,Combined TRACON& Tower with Radar,0,9,25,5,39,0,0,24,1,25,0,9,49,6,64,0,0,0,64
08/08/2018,RDG,PA,AEA,EN,Combined TRACON& Tower with Radar,0,13,31,0,44,0,4,20,1,25,0,17,51,1,69,8,0,8,77
08/09/2018,RDG,PA,AEA,EN,Combined TRACON& Tower with Radar,0,7,37,4,48,0,20,94,8,122,0,27,131,12,170,134,14,148,318
08/10/2018,RDG,PA,AEA,EN,Combined TRACON& Tower with Radar,0,7,25,0,32,0,3,48,1,52,0,10,73,1,84,72,0,72,156
08/11/2018,RDG,PA,AEA,EN,Combined TRACON& Tower with Radar,0,4,17,0,21,0,12,57,0,69,0,16,74,0,90,28,0,28,118
08/12/2018,RDG,PA,AEA,EN,Combined TRACON& Tower with Radar,0,2,11,0,13,0,0,13,0,13,0,2,24,0,26,28,0,28,54
08/13/2018,RDG,PA,AEA,EN,Combined TRACON& Tower with Radar,0,10,11,0,21,0,0,3,0,3,0,10,14,0,24,0,0,0,24
08/14/2018,RDG,PA,AEA,EN,Combined TRACON& Tower with Radar,0,8,27,2,37,0,6,23,0,29,0,14,50,2,66,92,0,92,158
08/15/2018,RDG,PA,AEA,EN,Combined TRACON& Tower with Radar,0,9,34,0,43,0,9,74,2,85,0,18,108,2,128,144,0,144,272
08/16/2018,RDG,PA,AEA,EN,Combined TRACON& Tower with Radar,0,11,21,3,35,0,2,68,3,73,0,13,89,6,108,98,0,98,206
08/17/2018,RDG,PA,AEA,EN,Combined TRACON& Tower with Radar,0,15,12,0,27,0,3,30,0,33,0,18,42,0,60,62,0,62,122
08/18/2018,RDG,PA,AEA,EN,Combined TRACON& Tower with Radar,0,3,22,0,25,0,0,28,0,28,0,3,50,0,53,38,0,38,91
08/19/2018,RDG,PA,AEA,EN,Combined TRACON& Tower with Radar,0,4,20,0,24,0,0,2,0,2,0,4,22,0,26,4,0,4,30
08/20/2018,RDG,PA,AEA,EN,Combined TRACON& Tower with Radar,0,5,34,0,39,0,2,33,0,35,0,7,67,0,74,54,0,54,128
08/21/2018,RDG,PA,AEA,EN,Combined TRACON& Tower with Radar,0,9,29,0,38,0,5,3,0,8,0,14,32,0,46,0,0,0,46
08/22/2018,RDG,PA,AEA,EN,Combined TRACON& Tower with Radar,0,8,12,1,21,0,2,35,7,44,0,10,47,8,65,18,4,22,87
08/23/2018,RDG,PA,AEA,EN,Combined TRACON& Tower with Radar,0,6,37,0,43,0,7,98,2,107,0,13,135,2,150,98,0,98,248
08/24/2018,RDG,PA,AEA,EN,Combined TRACON& Tower with Radar,0,4,16,4,24,0,10,112,2,124,0,14,128,6,148,94,0,94,242
08/25/2018,RDG,PA,AEA,EN,Combined TRACON& Tower with Radar,0,3,36,0,39,0,0,71,0,71,0,3,107,0,110,46,0,46,156
08/26/2018,RDG,PA,AEA,EN,Combined TRACON& Tower with Radar,0,0,24,2,26,0,2,81,0,83,0,2,105,2,109,62,2,64,173
08/27/2018,RDG,PA,AEA,EN,Combined TRACON& Tower with Radar,0,4,23,0,27,0,6,38,0,44,0,10,61,0,71,34,0,34,105
08/28/2018,RDG,PA,AEA,EN,Combined TRACON& Tower with Radar,0,10,35,3,48,0,13,50,1,64,0,23,85,4,112,100,2,102,214
08/29/2018,RDG,PA,AEA,EN,Combined TRACON& Tower with Radar,0,11,24,3,38,0,13,59,5,77,0,24,83,8,115,46,4,50,165
08/30/2018,RDG,PA,AEA,EN,Combined TRACON& Tower with Radar,0,12,27,0,39,0,0,65,0,65,0,12,92,0,104,44,0,44,148
08/31/2018,RDG,PA,AEA,EN,Combined TRACON& Tower with Radar,0,8,8,0,16,0,2,2,1,5,0,10,10,1,21,2,0,2,23
09/01/2018,RDG,PA,AEA,EN,Combined TRACON& Tower with Radar,0,4,35,0,39,0,0,5,0,5,0,4,40,0,44,30,0,30,74
09/02/2018,RDG,PA,AEA,EN,Combined TRACON& Tower with Radar,0,2,16,0,18,0,0,15,0,15,0,2,31,0,33,4,0,4,37
09/03/2018,RDG,PA,AEA,EN,Combined TRACON& Tower with Radar,0,3,7,0,10,0,0,18,0,18,0,3,25,0,28,8,0,8,36
09/04/2018,RDG,PA,AEA,EN,Combined TRACON& Tower with Radar,0,5,20,2,27,0,2,58,4,64,0,7,78,6,91,110,12,122,213
09/05/2018,RDG,PA,AEA,EN,Combined TRACON& Tower with Radar,0,12,13,3,28,0,9,82,6,97,0,21,95,9,125,54,0,54,179
09/06/2018,RDG,PA,AEA,EN,Combined TRACON& Tower with Radar,0,5,22,2,29,0,4,41,0,45,0,9,63,2,74,84,0,84,158
09/07/2018,RDG,PA,AEA,EN,Combined TRACON& Tower with Radar,1,12,22,0,35,0,2,4,0,6,1,14,26,0,41,12,0,12,53
09/08/2018,RDG,PA,AEA,EN,Combined TRACON& Tower with Radar,2,4,13,0,19,0,8,17,4,29,2,12,30,4,48,28,0,28,76
09/09/2018,RDG,PA,AEA,EN,Combined TRACON& Tower with Radar,0,5,10,0,15,0,0,0,0,0,0,5,10,0,15,0,0,0,15
09/10/2018,RDG,PA,AEA,EN,Combined TRACON& Tower with Radar,0,12,12,0,24,0,0,0,0,0,0,12,12,0,24,0,0,0,24
09/11/2018,RDG,PA,AEA,EN,Combined TRACON& Tower with Radar,0,10,14,2,26,0,0,4,0,4,0,10,18,2,30,0,0,0,30
09/12/2018,RDG,PA,AEA,EN,Combined TRACON& Tower with Radar,0,17,19,1,37,0,0,0,0,0,0,17,19,1,37,0,0,0,37
09/13/2018,RDG,PA,AEA,EN,Combined TRACON& Tower with Radar,0,10,48,1,59,0,0,3,0,3,0,10,51,1,62,48,0,48,110
09/14/2018,RDG,PA,AEA,EN,Combined TRACON& Tower with Radar,0,12,19,5,36,0,2,2,0,4,0,14,21,5,40,8,0,8,48
09/15/2018,RDG,PA,AEA,EN,Combined TRACON& Tower with Radar,0,3,44,0,47,0,0,44,0,44,0,3,88,0,91,98,0,98,189
09/16/2018,RDG,PA,AEA,EN,Combined TRACON& Tower with Radar,0,5,23,0,28,0,7,53,0,60,0,12,76,0,88,66,0,66,154
09/17/2018,RDG,PA,AEA,EN,Combined TRACON& Tower with Radar,0,17,28,0,45,0,0,3,0,3,0,17,31,0,48,0,0,0,48
09/18/2018,RDG,PA,AEA,EN,Combined TRACON& Tower with Radar,0,16,13,2,31,0,4,29,0,33,0,20,42,2,64,46,0,46,110
09/19/2018,RDG,PA,AEA,EN,Combined TRACON& Tower with Radar,0,13,24,3,40,0,11,93,5,109,0,24,117,8,149,120,4,124,273
09/20/2018,RDG,PA,AEA,EN,Combined TRACON& Tower with Radar,0,10,37,3,50,0,0,19,1,20,0,10,56,4,70,56,6,62,132
09/21/2018,RDG,PA,AEA,EN,Combined TRACON& Tower with Radar,0,10,30,1,41,0,1,15,0,16,0,11,45,1,57,91,2,93,150
09/22/2018,RDG,PA,AEA,EN,Combined TRACON& Tower with Radar,0,3,27,0,30,0,0,68,0,68,0,3,95,0,98,60,0,60,158
09/23/2018,RDG,PA,AEA,EN,Combined TRACON& Tower with Radar,0,8,15,0,23,0,0,6,0,6,0,8,21,0,29,0,0,0,29
09/24/2018,RDG,PA,AEA,EN,Combined TRACON& Tower with Radar,0,5,19,0,24,0,0,16,0,16,0,5,35,0,40,12,0,12,52
09/25/2018,RDG,PA,AEA,EN,Combined TRACON& Tower with Radar,0,10,17,3,30,0,0,0,0,0,0,10,17,3,30,0,0,0,30
09/26/2018,RDG,PA,AEA,EN,Combined TRACON& Tower with Radar,0,6,19,0,25,0,0,8,0,8,0,6,27,0,33,18,0,18,51
09/27/2018,RDG,PA,AEA,EN,Combined TRACON& Tower with Radar,0,9,26,3,38,0,5,67,9,81,0,14,93,12,119,97,16,113,232
09/28/2018,RDG,PA,AEA,EN,Combined TRACON& Tower with Radar,0,8,20,0,28,0,0,17,0,17,0,8,37,0,45,8,0,8,53
09/29/2018,RDG,PA,AEA,EN,Combined TRACON& Tower with Radar,1,4,29,0,34,0,0,68,0,68,1,4,97,0,102,84,0,84,186
09/30/2018,RDG,PA,AEA,EN,Combined TRACON& Tower with Radar,1,2,21,0,24,0,1,76,0,77,1,3,97,0,101,50,0,50,151
10/01/2018,RDG,PA,AEA,EN,Combined TRACON& Tower with Radar,0,6,18,3,27,0,0,43,1,44,0,6,61,4,71,88,0,88,159
10/02/2018,RDG,PA,AEA,EN,Combined TRACON& Tower with Radar,0,12,20,0,32,0,1,21,0,22,0,13,41,0,54,62,0,62,116
10/03/2018,RDG,PA,AEA,EN,Combined TRACON& Tower with Radar,0,13,22,1,36,0,10,98,7,115,0,23,120,8,151,128,6,134,285
10/04/2018,RDG,PA,AEA,EN,Combined TRACON& Tower with Radar,0,12,33,3,48,0,4,9,0,13,0,16,42,3,61,0,0,0,61
10/05/2018,RDG,PA,AEA,EN,Combined TRACON& Tower with Radar,0,9,28,1,38,0,82,103,1,186,0,91,131,2,224,88,2,90,314
10/06/2018,RDG,PA,AEA,EN,Combined TRACON& Tower with Radar,1,8,18,0,27,0,2,3,0,5,1,10,21,0,32,0,0,0,32
10/07/2018,RDG,PA,AEA,EN,Combined TRACON& Tower with Radar,1,7,31,0,39,0,0,14,0,14,1,7,45,0,53,40,0,40,93
10/08/2018,RDG,PA,AEA,EN,Combined TRACON& Tower with Radar,0,5,19,0,24,0,0,0,0,0,0,5,19,0,24,0,0,0,24
10/09/2018,RDG,PA,AEA,EN,Combined TRACON& Tower with Radar,0,6,30,0,36,0,2,40,0,42,0,8,70,0,78,92,0,92,170
10/10/2018,RDG,PA,AEA,EN,Combined TRACON& Tower with Radar,0,8,34,1,43,0,1,53,5,59,0,9,87,6,102,66,0,66,168
10/11/2018,RDG,PA,AEA,EN,Combined TRACON& Tower with Radar,0,17,16,0,33,0,0,0,0,0,0,17,16,0,33,0,0,0,33
10/12/2018,RDG,PA,AEA,EN,Combined TRACON& Tower with Radar,0,17,15,2,34,0,5,21,8,34,0,22,36,10,68,16,4,20,88
10/13/2018,RDG,PA,AEA,EN,Combined TRACON& Tower with Radar,2,6,9,0,17,0,4,37,0,41,2,10,46,0,58,42,0,42,100
10/14/2018,RDG,PA,AEA,EN,Combined TRACON& Tower with Radar,0,5,22,2,29,0,3,58,0,61,0,8,80,2,90,20,0,20,110
10/15/2018,RDG,PA,AEA,EN,Combined TRACON& Tower with Radar,0,11,14,2,27,0,0,1,0,1,0,11,15,2,28,4,0,4,32
10/16/2018,RDG,PA,AEA,EN,Combined TRACON& Tower with Radar,0,12,23,1,36,0,2,68,3,73,0,14,91,4,109,38,0,38,147
10/17/2018,RDG,PA,AEA,EN,Combined TRACON& Tower with Radar,0,11,12,1,24,0,9,21,4,34,0,20,33,5,58,60,22,82,140
10/18/2018,RDG,PA,AEA,EN,Combined TRACON& Tower with Radar,0,7,23,1,31,0,6,54,1,61,0,13,77,2,92,50,2,52,144
10/19/2018,RDG,PA,AEA,EN,Combined TRACON& Tower with Radar,0,7,14,1,22,0,2,63,3,68,0,9,77,4,90,74,14,88,178
10/20/2018,RDG,PA,AEA,EN,Combined TRACON& Tower with Radar,1,5,21,0,27,0,1,37,0,38,1,6,58,0,65,112,0,112,177
10/21/2018,RDG,PA,AEA,EN,Combined TRACON& Tower with Radar,1,0,13,2,16,0,3,12,2,17,1,3,25,4,33,0,2,2,35
10/22/2018,RDG,PA,AEA,EN,Combined TRACON& Tower with Radar,0,6,14,1,21,0,4,53,1,58,0,10,67,2,79,44,0,44,123
10/23/2018,RDG,PA,AEA,EN,Combined TRACON& Tower with Radar,0,14,18,3,35,0,3,49,4,56,0,17,67,7,91,62,0,62,153
10/24/2018,RDG,PA,AEA,EN,Combined TRACON& Tower with Radar,0,15,15,10,40,0,2,33,8,43,0,17,48,18,83,24,0,24,107
10/25/2018,RDG,PA,AEA,EN,Combined TRACON& Tower with Radar,0,11,16,5,32,0,2,56,2,60,0,13,72,7,92,76,4,80,172
10/26/2018,RDG,PA,AEA,EN,Combined TRACON& Tower with Radar,0,6,18,1,25,0,1,47,1,49,0,7,65,2,74,52,0,52,126
10/27/2018,RDG,PA,AEA,EN,Combined TRACON& Tower with Radar,1,3,0,0,4,0,0,0,0,0,1,3,0,0,4,0,0,0,4
10/28/2018,RDG,PA,AEA,EN,Combined TRACON& Tower with Radar,1,0,18,0,19,0,0,10,0,10,1,0,28,0,29,18,0,18,47
10/29/2018,RDG,PA,AEA,EN,Combined TRACON& Tower with Radar,0,7,14,5,26,0,0,22,6,28,0,7,36,11,54,20,40,60,114
10/30/2018,RDG,PA,AEA,EN,Combined TRACON& Tower with Radar,0,14,29,2,45,0,3,55,2,60,0,17,84,4,105,86,0,86,191
10/31/2018,RDG,PA,AEA,EN,Combined TRACON& Tower with Radar,0,11,27,0,38,0,2,79,1,82,0,13,106,1,120,88,0,88,208
11/01/2018,RDG,PA,AEA,EN,Combined TRACON& Tower with Radar,0,8,31,2,41,0,6,68,0,74,0,14,99,2,115,118,2,120,235
11/02/2018,RDG,PA,AEA,EN,Combined TRACON& Tower with Radar,0,9,9,0,18,0,0,10,7,17,0,9,19,7,35,58,6,64,99
11/03/2018,RDG,PA,AEA,EN,Combined TRACON& Tower with Radar,2,3,5,0,10,0,0,16,3,19,2,3,21,3,29,4,0,4,33
11/04/2018,RDG,PA,AEA,EN,Combined TRACON& Tower with Radar,0,0,25,0,25,0,2,113,0,115,0,2,138,0,140,46,0,46,186
11/05/2018,RDG,PA,AEA,EN,Combined TRACON& Tower with Radar,0,8,18,0,26,0,0,2,0,2,0,8,20,0,28,0,0,0,28
11/06/2018,RDG,PA,AEA,EN,Combined TRACON& Tower with Radar,0,6,18,0,24,0,0,3,0,3,0,6,21,0,27,0,0,0,27
11/07/2018,RDG,PA,AEA,EN,Combined TRACON& Tower with Radar,0,12,16,0,28,0,4,53,4,61,0,16,69,4,89,78,16,94,183
11/08/2018,RDG,PA,AEA,EN,Combined TRACON& Tower with Radar,0,16,41,0,57,0,11,94,1,106,0,27,135,1,163,98,0,98,261
11/09/2018,RDG,PA,AEA,EN,Combined TRACON& Tower with Radar,0,10,20,12,42,0,0,18,0,18,0,10,38,12,60,22,10,32,92
11/10/2018,RDG,PA,AEA,EN,Combined TRACON& Tower with Radar,0,5,8,0,13,0,0,7,0,7,0,5,15,0,20,0,0,0,20
11/11/2018,RDG,PA,AEA,EN,Combined TRACON& Tower with Radar,0,2,11,0,13,0,8,89,0,97,0,10,100,0,110,110,0,110,220
11/12/2018,RDG,PA,AEA,EN,Combined TRACON& Tower with Radar,0,5,21,0,26,0,2,55,1,58,0,7,76,1,84,112,0,112,196
11/13/2018,RDG,PA,AEA,EN,Combined TRACON& Tower with Radar,0,6,19,2,27,0,1,10,0,11,0,7,29,2,38,4,0,4,42
11/14/2018,RDG,PA,AEA,EN,Combined TRACON& Tower with Radar,0,7,30,3,40,0,14,75,1,90,0,21,105,4,130,43,0,43,173
11/15/2018,RDG,PA,AEA,EN,Combined TRACON& Tower with Radar,0,7,8,0,15,0,1,2,0,3,0,8,10,0,18,0,0,0,18
11/16/2018,RDG,PA,AEA,EN,Combined TRACON& Tower with Radar,0,11,10,1,22,0,2,10,1,13,0,13,20,2,35,4,0,4,39
11/17/2018,RDG,PA,AEA,EN,Combined TRACON& Tower with Radar,0,5,12,0,17,0,5,75,17,97,0,10,87,17,114,74,0,74,188
11/18/2018,RDG,PA,AEA,EN,Combined TRACON& Tower with Radar,0,0,6,0,6,0,1,39,4,44,0,1,45,4,50,32,4,36,86
11/19/2018,RDG,PA,AEA,EN,Combined TRACON& Tower with Radar,0,7,30,0,37,0,1,11,0,12,0,8,41,0,49,58,0,58,107
11/20/2018,RDG,PA,AEA,EN,Combined TRACON& Tower with Radar,0,9,21,4,34,0,11,37,8,56,0,20,58,12,90,16,6,22,112
11/21/2018,RDG,PA,AEA,EN,Combined TRACON& Tower with Radar,0,13,6,0,19,0,6,39,0,45,0,19,45,0,64,40,0,40,104
11/22/2018,RDG,PA,AEA,EN,Combined TRACON& Tower with Radar,0,3,8,0,11,0,0,13,0,13,0,3,21,0,24,24,0,24,48
11/23/2018,RDG,PA,AEA,EN,Combined TRACON& Tower with Radar,0,7,31,0,38,0,4,50,0,54,0,11,81,0,92,76,0,76,168
11/24/2018,RDG,PA,AEA,EN,Combined TRACON& Tower with Radar,0,5,0,0,5,0,0,0,0,0,0,5,0,0,5,0,0,0,5
11/25/2018,RDG,PA,AEA,EN,Combined TRACON& Tower with Radar,2,4,35,0,41,0,4,60,0,64,2,8,95,0,105,82,0,82,187
11/26/2018,RDG,PA,AEA,EN,Combined TRACON& Tower with Radar,0,10,16,0,26,0,0,2,0,2,0,10,18,0,28,0,0,0,28
11/27/2018,RDG,PA,AEA,EN,Combined TRACON& Tower with Radar,0,8,24,11,43,0,7,2,9,18,0,15,26,20,61,18,14,32,93
11/28/2018,RDG,PA,AEA,EN,Combined TRACON& Tower with Radar,0,9,8,2,19,0,1,4,0,5,0,10,12,2,24,2,0,2,26
11/29/2018,RDG,PA,AEA,EN,Combined TRACON& Tower with Radar,0,9,19,0,28,0,5,53,0,58,0,14,72,0,86,40,0,40,126
11/30/2018,RDG,PA,AEA,EN,Combined TRACON& Tower with Radar,0,14,15,0,29,0,3,25,0,28,0,17,40,0,57,39,0,39,96
12/01/2018,RDG,PA,AEA,EN,Combined TRACON& Tower with Radar,2,5,11,0,18,0,3,18,0,21,2,8,29,0,39,108,0,108,147
12/02/2018,RDG,PA,AEA,EN,Combined TRACON& Tower with Radar,0,0,4,0,4,0,0,0,0,0,0,0,4,0,4,0,0,0,4
12/03/2018,RDG,PA,AEA,EN,Combined TRACON& Tower with Radar,0,7,10,0,17,0,1,11,0,12,0,8,21,0,29,2,0,2,31
12/04/2018,RDG,PA,AEA,EN,Combined TRACON& Tower with Radar,0,9,38,4,51,0,7,67,4,78,0,16,105,8,129,50,6,56,185
12/05/2018,RDG,PA,AEA,EN,Combined TRACON& Tower with Radar,0,10,25,2,37,0,3,66,2,71,0,13,91,4,108,40,0,40,148
12/06/2018,RDG,PA,AEA,EN,Combined TRACON& Tower with Radar,0,11,30,4,45,0,4,36,7,47,0,15,66,11,92,52,6,58,150
12/07/2018,RDG,PA,AEA,EN,Combined TRACON& Tower with Radar,0,10,29,0,39,0,3,39,0,42,0,13,68,0,81,26,0,26,107
12/08/2018,RDG,PA,AEA,EN,Combined TRACON& Tower with Radar,0,4,16,0,20,0,2,47,104,153,0,6,63,104,173,4,0,4,177
12/09/2018,RDG,PA,AEA,EN,Combined TRACON& Tower with Radar,0,2,13,0,15,0,2,79,0,81,0,4,92,0,96,64,0,64,160
12/10/2018,RDG,PA,AEA,EN,Combined TRACON& Tower with Radar,0,5,31,0,36,0,1,23,2,26,0,6,54,2,62,14,0,14,76
12/11/2018,RDG,PA,AEA,EN,Combined TRACON& Tower with Radar,0,15,25,7,47,0,9,45,10,64,0,24,70,17,111,20,26,46,157
12/12/2018,RDG,PA,AEA,EN,Combined TRACON& Tower with Radar,0,11,34,11,56,0,4,59,1,64,0,15,93,12,120,54,18,72,192
12/13/2018,RDG,PA,AEA,EN,Combined TRACON& Tower with Radar,0,12,14,5,31,0,1,19,4,24,0,13,33,9,55,31,0,31,86
12/14/2018,RDG,PA,AEA,EN,Combined TRACON& Tower with Radar,0,22,21,0,43,0,0,0,0,0,0,22,21,0,43,6,0,6,49
12/15/2018,RDG,PA,AEA,EN,Combined TRACON& Tower with Radar,2,14,15,0,31,0,0,1,0,1,2,14,16,0,32,0,0,0,32
12/16/2018,RDG,PA,AEA,EN,Combined TRACON& Tower with Radar,0,4,4,0,8,0,0,0,0,0,0,4,4,0,8,0,0,0,8
12/17/2018,RDG,PA,AEA,EN,Combined TRACON& Tower with Radar,0,13,15,3,31,0,2,16,4,22,0,15,31,7,53,24,12,36,89
12/18/2018,RDG,PA,AEA,EN,Combined TRACON& Tower with Radar,0,14,22,1,37,0,6,30,1,37,0,20,52,2,74,26,2,28,102
12/19/2018,RDG,PA,AEA,EN,Combined TRACON& Tower with Radar,0,13,30,0,43,0,3,97,1,101,0,16,127,1,144,110,0,110,254
12/20/2018,RDG,PA,AEA,EN,Combined TRACON& Tower with Radar,0,7,22,0,29,0,0,21,0,21,0,7,43,0,50,60,0,60,110
12/21/2018,RDG,PA,AEA,EN,Combined TRACON& Tower with Radar,0,9,21,0,30,0,3,4,0,7,0,12,25,0,37,17,0,17,54
12/22/2018,RDG,PA,AEA,EN,Combined TRACON& Tower with Radar,0,7,8,0,15,0,2,9,0,11,0,9,17,0,26,4,0,4,30
12/23/2018,RDG,PA,AEA,EN,Combined TRACON& Tower with Radar,0,2,17,0,19,0,0,54,0,54,0,2,71,0,73,93,0,93,166
12/24/2018,RDG,PA,AEA,EN,Combined TRACON& Tower with Radar,0,5,2,0,7,0,0,24,0,24,0,5,26,0,31,22,0,22,53
12/25/2018,RDG,PA,AEA,EN,Combined TRACON& Tower with Radar,0,0,3,0,3,0,1,10,0,11,0,1,13,0,14,0,0,0,14
12/26/2018,RDG,PA,AEA,EN,Combined TRACON& Tower with Radar,0,5,16,0,21,0,3,76,1,80,0,8,92,1,101,142,0,142,243
12/27/2018,RDG,PA,AEA,EN,Combined TRACON& Tower with Radar,0,8,23,2,33,0,1,48,0,49,0,9,71,2,82,68,0,68,150
12/28/2018,RDG,PA,AEA,EN,Combined TRACON& Tower with Radar,0,8,5,0,13,0,0,0,0,0,0,8,5,0,13,0,0,0,13
12/29/2018,RDG,PA,AEA,EN,Combined TRACON& Tower with Radar,0,4,16,0,20,0,0,22,0,22,0,4,38,0,42,27,0,27,69
12/30/2018,RDG,PA,AEA,EN,Combined TRACON& Tower with Radar,0,0,21,0,21,0,0,74,0,74,0,0,95,0,95,100,0,100,195
12/31/2018,RDG,PA,AEA,EN,Combined TRACON& Tower with Radar,0,5,5,0,10,0,0,2,0,2,0,5,7,0,12,2,0,2,14
01/01/2019,RDG,PA,AEA,EN,Combined TRACON& Tower with Radar,0,9,4,0,13,0,3,3,0,6,0,12,7,0,19,0,0,0,19
01/02/2019,RDG,PA,AEA,EN,Combined TRACON& Tower with Radar,0,10,15,1,26,0,3,71,1,75,0,13,86,2,101,54,2,56,157
01/03/2019,RDG,PA,AEA,EN,Combined TRACON& Tower with Radar,0,15,13,2,30,0,3,39,2,44,0,18,52,4,74,70,0,70,144
01/04/2019,RDG,PA,AEA,EN,Combined TRACON& Tower with Radar,0,15,18,2,35,0,7,41,2,50,0,22,59,4,85,56,4,60,145
01/05/2019,RDG,PA,AEA,EN,Combined TRACON& Tower with Radar,0,3,14,0,17,0,0,2,1,3,0,3,16,1,20,4,0,4,24
01/06/2019,RDG,PA,AEA,EN,Combined TRACON& Tower with Radar,0,2,12,0,14,0,0,17,0,17,0,2,29,0,31,8,0,8,39
01/07/2019,RDG,PA,AEA,EN,Combined TRACON& Tower with Radar,0,6,11,0,17,0,0,27,2,29,0,6,38,2,46,27,2,29,75
01/08/2019,RDG,PA,AEA,EN,Combined TRACON& Tower with Radar,0,10,13,0,23,0,0,0,0,0,0,10,13,0,23,0,0,0,23
01/09/2019,RDG,PA,AEA,EN,Combined TRACON& Tower with Radar,0,8,14,1,23,0,2,11,1,14,0,10,25,2,37,2,0,2,39
01/10/2019,RDG,PA,AEA,EN,Combined TRACON& Tower with Radar,0,10,10,3,23,0,0,1,9,10,0,10,11,12,33,18,4,22,55
01/11/2019,RDG,PA,AEA,EN,Combined TRACON& Tower with Radar,0,5,11,0,16,0,5,36,0,41,0,10,47,0,57,56,0,56,113
01/12/2019,RDG,PA,AEA,EN,Combined TRACON& Tower with Radar,0,3,18,0,21,0,0,74,0,74,0,3,92,0,95,106,0,106,201
01/13/2019,RDG,PA,AEA,EN,Combined TRACON& Tower with Radar,0,1,8,0,9,0,1,13,0,14,0,2,21,0,23,8,0,8,31
01/14/2019,RDG,PA,AEA,EN,Combined TRACON& Tower with Radar,0,5,13,1,19,0,4,34,1,39,0,9,47,2,58,28,0,28,86
01/15/2019,RDG,PA,AEA,EN,Combined TRACON& Tower with Radar,0,12,21,3,36,0,8,59,3,70,0,20,80,6,106,18,2,20,126
01/16/2019,RDG,PA,AEA,EN,Combined TRACON& Tower with Radar,0,12,11,3,26,0,1,42,1,44,0,13,53,4,70,68,2,70,140
01/17/2019,RDG,PA,AEA,EN,Combined TRACON& Tower with Radar,0,8,25,2,35,0,5,54,8,67,0,13,79,10,102,56,14,70,172
01/18/2019,RDG,PA,AEA,EN,Combined TRACON& Tower with Radar,0,6,4,0,10,0,0,2,0,2,0,6,6,0,12,0,0,0,12
01/19/2019,RDG,PA,AEA,EN,Combined TRACON& Tower with Radar,0,3,6,0,9,0,0,19,0,19,0,3,25,0,28,56,0,56,84
01/20/2019,RDG,PA,AEA,EN,Combined TRACON& Tower with Radar,0,1,7,0,8,0,2,0,0,2,0,3,7,0,10,0,0,0,10
01/21/2019,RDG,PA,AEA,EN,Combined TRACON& Tower with Radar,0,7,3,0,10,0,0,2,0,2,0,7,5,0,12,0,0,0,12
01/22/2019,RDG,PA,AEA,EN,Combined TRACON& Tower with Radar,0,7,33,0,40,0,6,82,1,89,0,13,115,1,129,132,0,132,261
01/23/2019,RDG,PA,AEA,EN,Combined TRACON& Tower with Radar,0,9,5,1,15,0,1,11,1,13,0,10,16,2,28,32,4,36,64
01/24/2019,RDG,PA,AEA,EN,Combined TRACON& Tower with Radar,0,13,10,0,23,0,0,1,0,1,0,13,11,0,24,0,0,0,24
01/25/2019,RDG,PA,AEA,EN,Combined TRACON& Tower with Radar,0,6,17,2,25,0,4,30,1,35,0,10,47,3,60,30,0,30,90
01/26/2019,RDG,PA,AEA,EN,Combined TRACON& Tower with Radar,0,6,16,0,22,0,2,78,0,80,0,8,94,0,102,104,0,104,206
01/27/2019,RDG,PA,AEA,EN,Combined TRACON& Tower with Radar,0,1,5,0,6,0,2,26,0,28,0,3,31,0,34,28,0,28,62
01/28/2019,RDG,PA,AEA,EN,Combined TRACON& Tower with Radar,0,7,16,3,26,0,5,57,3,65,0,12,73,6,91,60,4,64,155
01/29/2019,RDG,PA,AEA,EN,Combined TRACON& Tower with Radar,0,6,8,0,14,0,0,0,0,0,0,6,8,0,14,0,0,0,14
01/30/2019,RDG,PA,AEA,EN,Combined TRACON& Tower with Radar,0,12,11,0,23,0,3,3,0,6,0,15,14,0,29,0,0,0,29
01/31/2019,RDG,PA,AEA,EN,Combined TRACON& Tower with Radar,0,12,20,0,32,0,1,15,2,18,0,13,35,2,50,4,0,4,54
02/01/2019,RDG,PA,AEA,EN,Combined TRACON& Tower with Radar,0,5,11,0,16,0,1,0,0,1,0,6,11,0,17,0,0,0,17
02/02/2019,RDG,PA,AEA,EN,Combined TRACON& Tower with Radar,0,3,13,0,16,0,0,47,2,49,0,3,60,2,65,72,2,74,139
02/03/2019,RDG,PA,AEA,EN,Combined TRACON& Tower with Radar,0,2,20,0,22,0,1,58,0,59,0,3,78,0,81,112,0,112,193
02/04/2019,RDG,PA,AEA,EN,Combined TRACON& Tower with Radar,0,9,24,5,38,0,0,61,12,73,0,9,85,17,111,82,14,96,207
02/05/2019,RDG,PA,AEA,EN,Combined TRACON& Tower with Radar,0,11,21,3,35,0,2,90,10,102,0,13,111,13,137,118,6,124,261
02/06/2019,RDG,PA,AEA,EN,Combined TRACON& Tower with Radar,0,13,22,4,39,0,4,19,0,23,0,17,41,4,62,28,2,30,92
02/07/2019,RDG,PA,AEA,EN,Combined TRACON& Tower with Radar,0,17,28,0,45,0,0,8,0,8,0,17,36,0,53,8,0,8,61
02/08/2019,RDG,PA,AEA,EN,Combined TRACON& Tower with Radar,0,6,13,0,19,0,1,13,0,14,0,7,26,0,33,2,0,2,35
02/09/2019,RDG,PA,AEA,EN,Combined TRACON& Tower with Radar,0,5,7,0,12,0,1,31,0,32,0,6,38,0,44,16,0,16,60
02/10/2019,RDG,PA,AEA,EN,Combined TRACON& Tower with Radar,0,3,28,0,31,0,1,118,0,119,0,4,146,0,150,84,0,84,234
02/11/2019,RDG,PA,AEA,EN,Combined TRACON& Tower with Radar,0,6,13,0,19,0,0,0,0,0,0,6,13,0,19,12,0,12,31
02/12/2019,RDG,PA,AEA,EN,Combined TRACON& Tower with Radar,0,6,3,0,9,0,0,0,0,0,0,6,3,0,9,0,0,0,9
02/13/2019,RDG,PA,AEA,EN,Combined TRACON& Tower with Radar,0,15,9,0,24,0,0,6,1,7,0,15,15,1,31,0,0,0,31
02/14/2019,RDG,PA,AEA,EN,Combined TRACON& Tower with Radar,0,10,20,1,31,0,5,48,2,55,0,15,68,3,86,68,0,68,154
02/15/2019,RDG,PA,AEA,EN,Combined TRACON& Tower with Radar,0,10,9,0,19,0,0,60,0,60,0,10,69,0,79,106,0,106,185
02/16/2019,RDG,PA,AEA,EN,Combined TRACON& Tower with Radar,0,4,19,0,23,0,2,70,0,72,0,6,89,0,95,72,0,72,167
02/17/2019,RDG,PA,AEA,EN,Combined TRACON& Tower with Radar,0,0,18,0,18,0,0,63,0,63,0,0,81,0,81,102,0,102,183
02/18/2019,RDG,PA,AEA,EN,Combined TRACON& Tower with Radar,0,7,8,0,15,0,1,2,0,3,0,8,10,0,18,0,0,0,18
02/19/2019,RDG,PA,AEA,EN,Combined TRACON& Tower with Radar,0,10,19,3,32,0,4,53,8,65,0,14,72,11,97,44,8,52,149
02/20/2019,RDG,PA,AEA,EN,Combined TRACON& Tower with Radar,0,6,0,0,6,0,0,0,0,0,0,6,0,0,6,0,0,0,6
02/21/2019,RDG,PA,AEA,EN,Combined TRACON& Tower with Radar,0,12,18,1,31,0,1,20,1,22,0,13,38,2,53,32,2,34,87
02/22/2019,RDG,PA,AEA,EN,Combined TRACON& Tower with Radar,0,9,20,1,30,0,15,91,5,111,0,24,111,6,141,144,0,144,285
02/23/2019,RDG,PA,AEA,EN,Combined TRACON& Tower with Radar,0,3,12,0,15,0,2,51,0,53,0,5,63,0,68,58,0,58,126
02/24/2019,RDG,PA,AEA,EN,Combined TRACON& Tower with Radar,0,1,5,0,6,0,0,0,0,0,0,1,5,0,6,0,0,0,6
02/25/2019,RDG,PA,AEA,EN,Combined TRACON& Tower with Radar,0,4,3,0,7,0,0,0,0,0,0,4,3,0,7,0,0,0,7
02/26/2019,RDG,PA,AEA,EN,Combined TRACON& Tower with Radar,0,8,21,0,29,0,4,46,0,50,0,12,67,0,79,106,6,112,191
02/27/2019,RDG,PA,AEA,EN,Combined TRACON& Tower with Radar,2,12,14,4,32,0,3,68,2,73,2,15,82,6,105,60,22,82,187
02/28/2019,RDG,PA,AEA,EN,Combined TRACON& Tower with Radar,0,12,13,6,31,0,3,37,8,48,0,15,50,14,79,32,12,44,123
03/01/2019,RDG,PA,AEA,EN,Combined TRACON& Tower with Radar,0,10,5,0,15,0,0,0,0,0,0,10,5,0,15,18,0,18,33
03/02/2019,RDG,PA,AEA,EN,Combined TRACON& Tower with Radar,1,3,4,0,8,0,0,2,0,2,1,3,6,0,10,2,0,2,12
03/03/2019,RDG,PA,AEA,EN,Combined TRACON& Tower with Radar,1,4,13,0,18,0,0,18,0,18,1,4,31,0,36,78,0,78,114
03/04/2019,RDG,PA,AEA,EN,Combined TRACON& Tower with Radar,0,10,9,0,19,0,2,30,0,32,0,12,39,0,51,0,0,0,51
03/05/2019,RDG,PA,AEA,EN,Combined TRACON& Tower with Radar,0,11,18,0,29,0,0,49,0,49,0,11,67,0,78,102,0,102,180
03/06/2019,RDG,PA,AEA,EN,Combined TRACON& Tower with Radar,0,11,15,3,29,0,1,16,3,20,0,12,31,6,49,10,4,14,63
03/07/2019,RDG,PA,AEA,EN,Combined TRACON& Tower with Radar,0,10,22,2,34,0,4,37,2,43,0,14,59,4,77,46,8,54,131
03/08/2019,RDG,PA,AEA,EN,Combined TRACON& Tower with Radar,0,10,11,1,22,0,0,40,0,40,0,10,51,1,62,138,0,138,200
03/09/2019,RDG,PA,AEA,EN,Combined TRACON& Tower with Radar,2,5,23,0,30,0,0,120,8,128,2,5,143,8,158,214,4,218,376
03/10/2019,RDG,PA,AEA,EN,Combined TRACON& Tower with Radar,0,1,6,0,7,0,0,0,0,0,0,1,6,0,7,0,0,0,7
03/11/2019,RDG,PA,AEA,EN,Combined TRACON& Tower with Radar,0,12,16,0,28,0,0,38,1,39,0,12,54,1,67,44,2,46,113
03/12/2019,RDG,PA,AEA,EN,Combined TRACON& Tower with Radar,0,13,17,0,30,0,0,39,4,43,0,13,56,4,73,66,0,66,139
03/13/2019,RDG,PA,AEA,EN,Combined TRACON& Tower with Radar,0,10,13,1,24,0,3,86,10,99,0,13,99,11,123,126,16,142,265
03/14/2019,RDG,PA,AEA,EN,Combined TRACON& Tower with Radar,0,10,28,1,39,0,4,58,1,63,0,14,86,2,102,122,2,124,226
03/15/2019,RDG,PA,AEA,EN,Combined TRACON& Tower with Radar,0,7,6,1,14,0,0,12,1,13,0,7,18,2,27,48,0,48,75
03/16/2019,RDG,PA,AEA,EN,Combined TRACON& Tower with Radar,0,6,12,0,18,0,2,7,0,9,0,8,19,0,27,4,0,4,31
03/17/2019,RDG,PA,AEA,EN,Combined TRACON& Tower with Radar,0,2,19,0,21,0,1,59,0,60,0,3,78,0,81,74,0,74,155
03/18/2019,RDG,PA,AEA,EN,Combined TRACON& Tower with Radar,0,5,24,7,36,0,0,52,1,53,0,5,76,8,89,82,10,92,181
03/19/2019,RDG,PA,AEA,EN,Combined TRACON& Tower with Radar,0,11,35,1,47,0,9,83,0,92,0,20,118,1,139,128,0,128,267
03/20/2019,RDG,PA,AEA,EN,Combined TRACON& Tower with Radar,0,7,29,6,42,0,5,71,6,82,0,12,100,12,124,124,2,126,250
03/21/2019,RDG,PA,AEA,EN,Combined TRACON& Tower with Radar,0,10,14,0,24,0,0,0,0,0,0,10,14,0,24,0,0,0,24
03/22/2019,RDG,PA,AEA,EN,Combined TRACON& Tower with Radar,0,10,6,1,17,0,0,4,6,10,0,10,10,7,27,0,16,16,43
03/23/2019,RDG,PA,AEA,EN,Combined TRACON& Tower with Radar,0,5,4,0,9,0,1,5,0,6,0,6,9,0,15,0,0,0,15
03/24/2019,RDG,PA,AEA,EN,Combined TRACON& Tower with Radar,0,2,13,0,15,0,1,77,0,78,0,3,90,0,93,100,0,100,193
03/25/2019,RDG,PA,AEA,EN,Combined TRACON& Tower with Radar,0,5,7,0,12,0,0,21,0,21,0,5,28,0,33,14,0,14,47
03/26/2019,RDG,PA,AEA,EN,Combined TRACON& Tower with Radar,0,7,31,3,41,0,3,49,2,54,0,10,80,5,95,98,2,100,195
03/27/2019,RDG,PA,AEA,EN,Combined TRACON& Tower with Radar,0,10,30,1,41,0,6,62,1,69,0,16,92,2,110,96,2,98,208
03/28/2019,RDG,PA,AEA,EN,Combined TRACON& Tower with Radar,0,8,20,0,28,0,3,48,2,53,0,11,68,2,81,60,2,62,143
03/29/2019,RDG,PA,AEA,EN,Combined TRACON& Tower with Radar,0,9,17,0,26,0,1,30,0,31,0,10,47,0,57,42,0,42,99
03/30/2019,RDG,PA,AEA,EN,Combined TRACON& Tower with Radar,1,8,15,0,24,0,3,64,0,67,1,11,79,0,91,88,0,88,179
03/31/2019,RDG,PA,AEA,EN,Combined TRACON& Tower with Radar,1,1,4,0,6,0,0,7,0,7,1,1,11,0,13,20,0,20,33
04/01/2019,RDG,PA,AEA,EN,Combined TRACON& Tower with Radar,0,8,10,0,18,0,4,18,0,22,0,12,28,0,40,40,0,40,80
04/02/2019,RDG,PA,AEA,EN,Combined TRACON& Tower with Radar,0,10,22,0,32,0,7,60,1,68,0,17,82,1,100,114,0,114,214
04/03/2019,RDG,PA,AEA,EN,Combined TRACON& Tower with Radar,0,14,8,3,25,0,4,22,2,28,0,18,30,5,53,34,0,34,87
04/04/2019,RDG,PA,AEA,EN,Combined TRACON& Tower with Radar,0,11,27,0,38,0,5,53,3,61,0,16,80,3,99,86,2,88,187
04/05/2019,RDG,PA,AEA,EN,Combined TRACON& Tower with Radar,0,9,8,2,19,0,0,6,1,7,0,9,14,3,26,34,0,34,60
04/06/2019,RDG,PA,AEA,EN,Combined TRACON& Tower with Radar,1,3,21,0,25,0,7,50,0,57,1,10,71,0,82,68,0,68,150
04/07/2019,RDG,PA,AEA,EN,Combined TRACON& Tower with Radar,1,0,18,0,19,0,2,70,2,74,1,2,88,2,93,174,14,188,281
04/08/2019,RDG,PA,AEA,EN,Combined TRACON& Tower with Radar,0,9,10,3,22,0,3,21,1,25,0,12,31,4,47,26,2,28,75
04/09/2019,RDG,PA,AEA,EN,Combined TRACON& Tower with Radar,0,10,13,3,26,0,5,19,3,27,0,15,32,6,53,88,0,88,141
04/10/2019,RDG,PA,AEA,EN,Combined TRACON& Tower with Radar,0,20,23,0,43,0,8,55,2,65,0,28,78,2,108,52,0,52,160
04/11/2019,RDG,PA,AEA,EN,Combined TRACON& Tower with Radar,0,11,35,4,50,0,9,62,5,76,0,20,97,9,126,116,0,116,242
04/12/2019,RDG,PA,AEA,EN,Combined TRACON& Tower with Radar,0,14,13,4,31,0,0,6,0,6,0,14,19,4,37,64,6,70,107
04/13/2019,RDG,PA,AEA,EN,Combined TRACON& Tower with Radar,2,8,37,0,47,0,0,52,0,52,2,8,89,0,99,62,0,62,161
04/14/2019,RDG,PA,AEA,EN,Combined TRACON& Tower with Radar,0,2,12,0,14,0,2,2,0,4,0,4,14,0,18,2,0,2,20
04/15/2019,RDG,PA,AEA,EN,Combined TRACON& Tower with Radar,0,11,4,0,15,0,3,1,0,4,0,14,5,0,19,4,0,4,23
04/16/2019,RDG,PA,AEA,EN,Combined TRACON& Tower with Radar,0,21,14,6,41,0,16,63,1,80,0,37,77,7,121,130,0,130,251
04/17/2019,RDG,PA,AEA,EN,Combined TRACON& Tower with Radar,0,7,19,4,30,0,11,54,4,69,0,18,73,8,99,104,24,128,227
04/18/2019,RDG,PA,AEA,EN,Combined TRACON& Tower with Radar,0,9,34,0,43,0,1,17,10,28,0,10,51,10,71,96,0,96,167
04/19/2019,RDG,PA,AEA,EN,Combined TRACON& Tower with Radar,0,8,14,0,22,0,2,5,0,7,0,10,19,0,29,4,0,4,33
04/20/2019,RDG,PA,AEA,EN,Combined TRACON& Tower with Radar,0,3,18,0,21,0,0,13,0,13,0,3,31,0,34,34,0,34,68
04/21/2019,RDG,PA,AEA,EN,Combined TRACON& Tower with Radar,0,1,9,0,10,0,0,19,0,19,0,1,28,0,29,42,0,42,71
04/22/2019,RDG,PA,AEA,EN,Combined TRACON& Tower with Radar,0,9,23,0,32,0,2,42,0,44,0,11,65,0,76,42,0,42,118
04/23/2019,RDG,PA,AEA,EN,Combined TRACON& Tower with Radar,0,11,32,8,51,0,1,71,0,72,0,12,103,8,123,112,0,112,235
04/24/2019,RDG,PA,AEA,EN,Combined TRACON& Tower with Radar,0,8,19,3,30,0,5,40,1,46,0,13,59,4,76,22,2,24,100
04/25/2019,RDG,PA,AEA,EN,Combined TRACON& Tower with Radar,0,9,40,3,52,0,6,33,3,42,0,15,73,6,94,56,2,58,152
04/26/2019,RDG,PA,AEA,EN,Combined TRACON& Tower with Radar,0,8,12,6,26,0,0,1,2,3,0,8,13,8,29,0,6,6,35
04/27/2019,RDG,PA,AEA,EN,Combined TRACON& Tower with Radar,0,3,2,0,5,0,4,6,0,10,0,7,8,0,15,0,0,0,15
04/28/2019,RDG,PA,AEA,EN,Combined TRACON& Tower with Radar,0,0,24,0,24,0,0,32,0,32,0,0,56,0,56,56,0,56,112
04/29/2019,RDG,PA,AEA,EN,Combined TRACON& Tower with Radar,0,6,24,2,32,0,2,61,1,64,0,8,85,3,96,106,0,106,202
04/30/2019,RDG,PA,AEA,EN,Combined TRACON& Tower with Radar,0,8,23,0,31,0,4,40,2,46,0,12,63,2,77,192,10,202,279
05/01/2019,RDG,PA,AEA,EN,Combined TRACON& Tower with Radar,0,12,35,2,49,0,2,16,0,18,0,14,51,2,67,34,0,34,101
05/02/2019,RDG,PA,AEA,EN,Combined TRACON& Tower with Radar,0,7,17,2,26,0,0,18,5,23,0,7,35,7,49,66,8,74,123
05/03/2019,RDG,PA,AEA,EN,Combined TRACON& Tower with Radar,0,10,10,0,20,0,0,0,0,0,0,10,10,0,20,0,0,0,20
05/04/2019,RDG,PA,AEA,EN,Combined TRACON& Tower with Radar,1,3,32,0,36,0,0,7,0,7,1,3,39,0,43,28,0,28,71
05/05/2019,RDG,PA,AEA,EN,Combined TRACON& Tower with Radar,1,4,14,0,19,0,0,0,0,0,1,4,14,0,19,2,0,2,21
05/06/2019,RDG,PA,AEA,EN,Combined TRACON& Tower with Radar,0,10,28,2,40,0,1,57,2,60,0,11,85,4,100,54,6,60,160
05/07/2019,RDG,PA,AEA,EN,Combined TRACON& Tower with Radar,0,12,29,0,41,0,4,40,0,44,0,16,69,0,85,0,0,0,85
05/08/2019,RDG,PA,AEA,EN,Combined TRACON& Tower with Radar,0,12,32,2,46,0,5,60,1,66,0,17,92,3,112,116,0,116,228
05/09/2019,RDG,PA,AEA,EN,Combined TRACON& Tower with Radar,0,10,30,2,42,0,0,4,0,4,0,10,34,2,46,0,0,0,46
05/10/2019,RDG,PA,AEA,EN,Combined TRACON& Tower with Radar,0,11,13,8,32,0,0,8,0,8,0,11,21,8,40,2,8,10,50
05/11/2019,RDG,PA,AEA,EN,Combined TRACON& Tower with Radar,1,4,18,0,23,0,3,91,0,94,1,7,109,0,117,132,0,132,249
05/12/2019,RDG,PA,AEA,EN,Combined TRACON& Tower with Radar,1,2,4,0,7,0,0,0,0,0,1,2,4,0,7,0,0,0,7
05/13/2019,RDG,PA,AEA,EN,Combined TRACON& Tower with Radar,0,14,9,0,23,0,0,0,0,0,0,14,9,0,23,4,0,4,27
05/14/2019,RDG,PA,AEA,EN,Combined TRACON& Tower with Radar,0,11,24,3,38,0,0,23,1,24,0,11,47,4,62,36,2,38,100
05/15/2019,RDG,PA,AEA,EN,Combined TRACON& Tower with Radar,0,10,17,2,29,0,2,58,0,60,0,12,75,2,89,78,0,78,167
05/16/2019,RDG,PA,AEA,EN,Combined TRACON& Tower with Radar,0,10,36,3,49,0,4,78,7,89,0,14,114,10,138,140,0,140,278
05/17/2019,RDG,PA,AEA,EN,Combined TRACON& Tower with Radar,0,7,21,1,29,0,1,49,1,51,0,8,70,2,80,138,0,138,218
05/18/2019,RDG,PA,AEA,EN,Combined TRACON& Tower with Radar,2,5,39,0,46,0,2,108,2,112,2,7,147,2,158,154,0,154,312
05/19/2019,RDG,PA,AEA,EN,Combined TRACON& Tower with Radar,0,2,14,0,16,0,0,63,2,65,0,2,77,2,81,46,0,46,127
05/20/2019,RDG,PA,AEA,EN,Combined TRACON& Tower with Radar,0,17,13,2,32,0,6,39,3,48,0,23,52,5,80,64,2,66,146
05/21/2019,RDG,PA,AEA,EN,Combined TRACON& Tower with Radar,0,11,24,5,40,0,2,53,4,59,0,13,77,9,99,38,24,62,161
05/22/2019,RDG,PA,AEA,EN,Combined TRACON& Tower with Radar,0,16,37,10,63,0,6,100,4,110,0,22,137,14,173,174,4,178,351
05/23/2019,RDG,PA,AEA,EN,Combined TRACON& Tower with Radar,0,12,21,1,34,0,3,21,0,24,0,15,42,1,58,24,0,24,82
05/24/2019,RDG,PA,AEA,EN,Combined TRACON& Tower with Radar,0,10,7,0,17,0,6,35,0,41,0,16,42,0,58,24,0,24,82
05/25/2019,RDG,PA,AEA,EN,Combined TRACON& Tower with Radar,0,2,20,0,22,0,0,68,0,68,0,2,88,0,90,82,0,82,172
05/26/2019,RDG,PA,AEA,EN,Combined TRACON& Tower with Radar,0,3,7,0,10,0,0,21,0,21,0,3,28,0,31,37,0,37,68
05/27/2019,RDG,PA,AEA,EN,Combined TRACON& Tower with Radar,0,0,21,0,21,0,0,50,0,50,0,0,71,0,71,30,0,30,101
05/28/2019,RDG,PA,AEA,EN,Combined TRACON& Tower with Radar,0,11,13,0,24,0,1,6,0,7,0,12,19,0,31,0,0,0,31
05/29/2019,RDG,PA,AEA,EN,Combined TRACON& Tower with Radar,0,16,23,2,41,0,2,29,2,33,0,18,52,4,74,90,16,106,180
05/30/2019,RDG,PA,AEA,EN,Combined TRACON& Tower with Radar,0,9,17,0,26,0,1,22,0,23,0,10,39,0,49,98,0,98,147
05/31/2019,RDG,PA,AEA,EN,Combined TRACON& Tower with Radar,0,8,23,0,31,0,5,75,5,85,0,13,98,5,116,150,6,156,272
06/01/2019,RDG,PA,AEA,EN,Combined TRACON& Tower with Radar,1,4,24,0,29,0,0,80,0,80,1,4,104,0,109,132,0,132,241
06/02/2019,RDG,PA,AEA,EN,Combined TRACON& Tower with Radar,1,1,10,0,12,0,2,17,0,19,1,3,27,0,31,32,0,32,63
06/03/2019,RDG,PA,AEA,EN,Combined TRACON& Tower with Radar,0,5,13,3,21,0,3,52,1,56,0,8,65,4,77,76,0,76,153
06/04/2019,RDG,PA,AEA,EN,Combined TRACON& Tower with Radar,0,8,33,2,43,0,6,98,8,112,0,14,131,10,155,213,8,221,376
06/05/2019,RDG,PA,AEA,EN,Combined TRACON& Tower with Radar,0,8,22,2,32,0,2,51,2,55,0,10,73,4,87,20,2,22,109
06/06/2019,RDG,PA,AEA,EN,Combined TRACON& Tower with Radar,0,9,28,3,40,0,8,78,1,87,0,17,106,4,127,108,6,114,241
06/07/2019,RDG,PA,AEA,EN,Combined TRACON& Tower with Radar,0,36,18,0,54,0,221,149,22,392,0,257,167,22,446,248,0,248,694
06/08/2019,RDG,PA,AEA,EN,Combined TRACON& Tower with Radar,1,32,11,0,44,0,227,193,0,420,1,259,204,0,464,138,0,138,602
06/09/2019,RDG,PA,AEA,EN,Combined TRACON& Tower with Radar,1,20,19,0,40,0,103,51,0,154,1,123,70,0,194,84,0,84,278
06/10/2019,RDG,PA,AEA,EN,Combined TRACON& Tower with Radar,0,12,13,0,25,0,0,0,0,0,0,12,13,0,25,0,0,0,25
06/11/2019,RDG,PA,AEA,EN,Combined TRACON& Tower with Radar,0,14,24,1,39,0,1,49,1,51,0,15,73,2,90,46,8,54,144
06/12/2019,RDG,PA,AEA,EN,Combined TRACON& Tower with Radar,0,13,29,2,44,0,8,78,2,88,0,21,107,4,132,68,16,84,216
06/13/2019,RDG,PA,AEA,EN,Combined TRACON& Tower with Radar,0,19,16,0,35,0,0,1,0,1,0,19,17,0,36,24,0,24,60
06/14/2019,RDG,PA,AEA,EN,Combined TRACON& Tower with Radar,0,9,20,4,33,0,4,31,5,40,0,13,51,9,73,48,0,48,121
06/15/2019,RDG,PA,AEA,EN,Combined TRACON& Tower with Radar,2,3,19,0,24,0,0,81,0,81,2,3,100,0,105,76,0,76,181
06/16/2019,RDG,PA,AEA,EN,Combined TRACON& Tower with Radar,0,2,11,0,13,0,0,18,0,18,0,2,29,0,31,50,0,50,81
06/17/2019,RDG,PA,AEA,EN,Combined TRACON& Tower with Radar,0,6,24,0,30,0,1,23,0,24,0,7,47,0,54,14,0,14,68
06/18/2019,RDG,PA,AEA,EN,Combined TRACON& Tower with Radar,0,17,11,0,28,0,2,6,0,8,0,19,17,0,36,8,0,8,44
06/19/2019,RDG,PA,AEA,EN,Combined TRACON& Tower with Radar,0,12,21,0,33,0,2,9,0,11,0,14,30,0,44,24,0,24,68
06/20/2019,RDG,PA,AEA,EN,Combined TRACON& Tower with Radar,0,14,14,0,28,0,0,21,2,23,0,14,35,2,51,26,0,26,77
06/21/2019,RDG,PA,AEA,EN,Combined TRACON& Tower with Radar,0,12,20,2,34,0,2,40,1,43,0,14,60,3,77,46,6,52,129
06/22/2019,RDG,PA,AEA,EN,Combined TRACON& Tower with Radar,0,5,23,0,28,0,0,68,1,69,0,5,91,1,97,74,0,74,171
06/23/2019,RDG,PA,AEA,EN,Combined TRACON& Tower with Radar,0,4,20,0,24,0,2,82,0,84,0,6,102,0,108,56,0,56,164
06/24/2019,RDG,PA,AEA,EN,Combined TRACON& Tower with Radar,0,7,14,2,23,0,3,41,4,48,0,10,55,6,71,132,0,132,203
06/25/2019,RDG,PA,AEA,EN,Combined TRACON& Tower with Radar,0,12,23,11,46,0,5,66,4,75,0,17,89,15,121,188,10,198,319
06/26/2019,RDG,PA,AEA,EN,Combined TRACON& Tower with Radar,0,9,23,2,34,0,6,87,2,95,0,15,110,4,129,132,0,132,261
06/27/2019,RDG,PA,AEA,EN,Combined TRACON& Tower with Radar,0,12,33,0,45,0,2,49,0,51,0,14,82,0,96,90,0,90,186
06/28/2019,RDG,PA,AEA,EN,Combined TRACON& Tower with Radar,0,8,7,1,16,0,7,70,2,79,0,15,77,3,95,48,2,50,145
06/29/2019,RDG,PA,AEA,EN,Combined TRACON& Tower with Radar,0,3,17,0,20,0,0,50,0,50,0,3,67,0,70,50,0,50,120
06/30/2019,RDG,PA,AEA,EN,Combined TRACON& Tower with Radar,0,6,12,0,18,0,2,19,0,21,0,8,31,0,39,36,0,36,75
07/01/2019,RDG,PA,AEA,EN,Combined TRACON& Tower with Radar,0,4,8,1,13,0,1,70,1,72,0,5,78,2,85,20,2,22,107
07/02/2019,RDG,PA,AEA,EN,Combined TRACON& Tower with Radar,0,7,24,4,35,0,1,57,0,58,0,8,81,4,93,124,0,124,217
07/03/2019,RDG,PA,AEA,EN,Combined TRACON& Tower with Radar,0,9,14,0,23,0,2,41,0,43,0,11,55,0,66,38,0,38,104
07/04/2019,RDG,PA,AEA,EN,Combined TRACON& Tower with Radar,0,1,7,0,8,0,2,15,0,17,0,3,22,0,25,0,0,0,25
07/05/2019,RDG,PA,AEA,EN,Combined TRACON& Tower with Radar,0,6,20,0,26,0,0,1,0,1,0,6,21,0,27,40,0,40,67
07/06/2019,RDG,PA,AEA,EN,Combined TRACON& Tower with Radar,0,3,11,0,14,0,2,15,0,17,0,5,26,0,31,22,0,22,53
07/07/2019,RDG,PA,AEA,EN,Combined TRACON& Tower with Radar,0,0,30,0,30,0,4,46,0,50,0,4,76,0,80,160,0,160,240
07/08/2019,RDG,PA,AEA,EN,Combined TRACON& Tower with Radar,0,8,36,3,47,0,1,24,0,25,0,9,60,3,72,20,0,20,92
07/09/2019,RDG,PA,AEA,EN,Combined TRACON& Tower with Radar,0,6,31,6,43,0,3,58,2,63,0,9,89,8,106,104,0,104,210
07/10/2019,RDG,PA,AEA,EN,Combined TRACON& Tower with Radar,0,7,18,2,27,0,0,43,0,43,0,7,61,2,70,52,2,54,124
07/11/2019,RDG,PA,AEA,EN,Combined TRACON& Tower with Radar,0,10,27,0,37,0,0,4,0,4,0,10,31,0,41,0,0,0,41
07/12/2019,RDG,PA,AEA,EN,Combined TRACON& Tower with Radar,0,10,31,3,44,0,3,70,0,73,0,13,101,3,117,142,4,146,263
07/13/2019,RDG,PA,AEA,EN,Combined TRACON& Tower with Radar,0,5,12,0,17,0,8,89,0,97,0,13,101,0,114,78,0,78,192
07/14/2019,RDG,PA,AEA,EN,Combined TRACON& Tower with Radar,0,1,6,0,7,0,0,60,0,60,0,1,66,0,67,86,0,86,153
07/15/2019,RDG,PA,AEA,EN,Combined TRACON& Tower with Radar,0,7,30,0,37,0,4,89,0,93,0,11,119,0,130,78,0,78,208
07/16/2019,RDG,PA,AEA,EN,Combined TRACON& Tower with Radar,0,14,14,0,28,0,7,60,2,69,0,21,74,2,97,94,0,94,191
07/17/2019,RDG,PA,AEA,EN,Combined TRACON& Tower with Radar,0,13,9,0,22,0,0,53,2,55,0,13,62,2,77,52,6,58,135
07/18/2019,RDG,PA,AEA,EN,Combined TRACON& Tower with Radar,0,14,26,3,43,0,0,6,1,7,0,14,32,4,50,18,0,18,68
07/19/2019,RDG,PA,AEA,EN,Combined TRACON& Tower with Radar,0,9,23,0,32,0,5,45,0,50,0,14,68,0,82,50,0,50,132
07/20/2019,RDG,PA,AEA,EN,Combined TRACON& Tower with Radar,0,5,28,0,33,0,4,65,0,69,0,9,93,0,102,86,0,86,188
07/21/2019,RDG,PA,AEA,EN,Combined TRACON& Tower with Radar,0,4,24,0,28,0,0,46,1,47,0,4,70,1,75,60,0,60,135
07/22/2019,RDG,PA,AEA,EN,Combined TRACON& Tower with Radar,0,7,9,2,18,0,4,14,0,18,0,11,23,2,36,10,0,10,46
07/23/2019,RDG,PA,AEA,EN,Combined TRACON& Tower with Radar,0,12,20,3,35,0,1,18,1,20,0,13,38,4,55,20,0,20,75
07/24/2019,RDG,PA,AEA,EN,Combined TRACON& Tower with Radar,0,8,21,0,29,0,0,88,0,88,0,8,109,0,117,110,0,110,227
07/25/2019,RDG,PA,AEA,EN,Combined TRACON& Tower with Radar,0,8,31,4,43,0,1,69,1,71,0,9,100,5,114,64,2,66,180
07/26/2019,RDG,PA,AEA,EN,Combined TRACON& Tower with Radar,0,8,30,0,38,0,3,90,2,95,0,11,120,2,133,122,0,122,255
07/27/2019,RDG,PA,AEA,EN,Combined TRACON& Tower with Radar,0,3,8,0,11,0,0,57,0,57,0,3,65,0,68,18,0,18,86
07/28/2019,RDG,PA,AEA,EN,Combined TRACON& Tower with Radar,0,3,20,0,23,0,2,54,0,56,0,5,74,0,79,24,0,24,103
07/29/2019,RDG,PA,AEA,EN,Combined TRACON& Tower with Radar,0,11,15,1,27,0,6,55,4,65,0,17,70,5,92,46,0,46,138
07/30/2019,RDG,PA,AEA,EN,Combined TRACON& Tower with Radar,0,22,20,2,44,0,9,65,4,78,0,31,85,6,122,74,22,96,218
07/31/2019,RDG,PA,AEA,EN,Combined TRACON& Tower with Radar,0,18,10,3,31,0,2,42,0,44,0,20,52,3,75,46,4,50,125
08/01/2019,RDG,PA,AEA,EN,Combined TRACON& Tower with Radar,0,11,30,1,42,0,3,47,5,55,0,14,77,6,97,64,0,64,161
08/02/2019,RDG,PA,AEA,EN,Combined TRACON& Tower with Radar,0,9,15,2,26,0,5,35,0,40,0,14,50,2,66,58,0,58,124
08/03/2019,RDG,PA,AEA,EN,Combined TRACON& Tower with Radar,0,7,12,0,19,0,0,28,0,28,0,7,40,0,47,65,0,65,112
08/04/2019,RDG,PA,AEA,EN,Combined TRACON& Tower with Radar,0,3,20,0,23,0,1,69,0,70,0,4,89,0,93,60,0,60,153
08/05/2019,RDG,PA,AEA,EN,Combined TRACON& Tower with Radar,0,11,19,1,31,0,2,66,2,70,0,13,85,3,101,48,0,48,149
08/06/2019,RDG,PA,AEA,EN,Combined TRACON& Tower with Radar,0,7,23,3,33,0,3,27,5,35,0,10,50,8,68,40,8,48,116
08/07/2019,RDG,PA,AEA,EN,Combined TRACON& Tower with Radar,0,8,20,0,28,0,2,17,3,22,0,10,37,3,50,62,0,62,112
08/08/2019,RDG,PA,AEA,EN,Combined TRACON& Tower with Radar,0,7,24,3,34,0,3,35,0,38,0,10,59,3,72,46,0,46,118
08/09/2019,RDG,PA,AEA,EN,Combined TRACON& Tower with Radar,0,9,30,1,40,0,4,78,1,83,0,13,108,2,123,100,0,100,223
08/10/2019,RDG,PA,AEA,EN,Combined TRACON& Tower with Radar,0,5,20,0,25,0,7,74,0,81,0,12,94,0,106,88,0,88,194
08/11/2019,RDG,PA,AEA,EN,Combined TRACON& Tower with Radar,0,0,31,0,31,0,0,93,0,93,0,0,124,0,124,64,0,64,188
08/12/2019,RDG,PA,AEA,EN,Combined TRACON& Tower with Radar,0,7,31,0,38,0,1,54,0,55,0,8,85,0,93,58,0,58,151
08/13/2019,RDG,PA,AEA,EN,Combined TRACON& Tower with Radar,0,10,14,2,26,0,2,21,2,25,0,12,35,4,51,74,0,74,125
08/14/2019,RDG,PA,AEA,EN,Combined TRACON& Tower with Radar,0,15,30,0,45,0,1,16,2,19,0,16,46,2,64,14,0,14,78
08/15/2019,RDG,PA,AEA,EN,Combined TRACON& Tower with Radar,0,15,41,2,58,0,0,16,0,16,0,15,57,2,74,50,0,50,124
08/16/2019,RDG,PA,AEA,EN,Combined TRACON& Tower with Radar,0,10,22,0,32,0,0,17,0,17,0,10,39,0,49,24,0,24,73
08/17/2019,RDG,PA,AEA,EN,Combined TRACON& Tower with Radar,0,3,15,0,18,0,3,23,0,26,0,6,38,0,44,12,0,12,56
08/18/2019,RDG,PA,AEA,EN,Combined TRACON& Tower with Radar,0,1,25,0,26,0,0,36,0,36,0,1,61,0,62,44,0,44,106
08/19/2019,RDG,PA,AEA,EN,Combined TRACON& Tower with Radar,0,8,11,0,19,0,1,34,0,35,0,9,45,0,54,62,0,62,116
08/20/2019,RDG,PA,AEA,EN,Combined TRACON& Tower with Radar,0,13,24,4,41,0,0,58,0,58,0,13,82,4,99,62,4,66,165
08/21/2019,RDG,PA,AEA,EN,Combined TRACON& Tower with Radar,0,12,20,0,32,0,1,25,0,26,0,13,45,0,58,32,0,32,90
08/22/2019,RDG,PA,AEA,EN,Combined TRACON& Tower with Radar,0,8,28,1,37,0,0,37,1,38,0,8,65,2,75,56,0,56,131
08/23/2019,RDG,PA,AEA,EN,Combined TRACON& Tower with Radar,0,11,40,0,51,0,2,36,0,38,0,13,76,0,89,84,0,84,173
08/24/2019,RDG,PA,AEA,EN,Combined TRACON& Tower with Radar,0,4,17,0,21,0,0,75,1,76,0,4,92,1,97,60,0,60,157
08/25/2019,RDG,PA,AEA,EN,Combined TRACON& Tower with Radar,0,5,25,0,30,0,2,58,0,60,0,7,83,0,90,54,0,54,144
08/26/2019,RDG,PA,AEA,EN,Combined TRACON& Tower with Radar,0,7,11,4,22,0,1,48,0,49,0,8,59,4,71,86,0,86,157
08/27/2019,RDG,PA,AEA,EN,Combined TRACON& Tower with Radar,0,17,14,0,31,0,4,27,0,31,0,21,41,0,62,38,0,38,100
08/28/2019,RDG,PA,AEA,EN,Combined TRACON& Tower with Radar,0,12,22,0,34,0,0,7,0,7,0,12,29,0,41,4,0,4,45
08/29/2019,RDG,PA,AEA,EN,Combined TRACON& Tower with Radar,0,9,20,0,29,0,0,65,0,65,0,9,85,0,94,62,0,62,156
08/30/2019,RDG,PA,AEA,EN,Combined TRACON& Tower with Radar,0,5,21,0,26,0,6,58,0,64,0,11,79,0,90,82,0,82,172
08/31/2019,RDG,PA,AEA,EN,Combined TRACON& Tower with Radar,0,3,16,0,19,0,0,41,0,41,0,3,57,0,60,40,0,40,100
09/01/2019,RDG,PA,AEA,EN,Combined TRACON& Tower with Radar,0,4,13,0,17,0,3,33,0,36,0,7,46,0,53,26,0,26,79
09/02/2019,RDG,PA,AEA,EN,Combined TRACON& Tower with Radar,0,4,15,0,19,0,0,1,0,1,0,4,16,0,20,0,0,0,20
09/03/2019,RDG,PA,AEA,EN,Combined TRACON& Tower with Radar,0,16,23,2,41,0,2,76,4,82,0,18,99,6,123,146,10,156,279
09/04/2019,RDG,PA,AEA,EN,Combined TRACON& Tower with Radar,0,11,15,0,26,0,1,30,0,31,0,12,45,0,57,66,0,66,123
09/05/2019,RDG,PA,AEA,EN,Combined TRACON& Tower with Radar,0,9,32,2,43,0,3,52,0,55,0,12,84,2,98,64,0,64,162
09/06/2019,RDG,PA,AEA,EN,Combined TRACON& Tower with Radar,0,11,19,0,30,0,2,14,2,18,0,13,33,2,48,42,2,44,92
09/07/2019,RDG,PA,AEA,EN,Combined TRACON& Tower with Radar,0,9,23,0,32,0,0,68,0,68,0,9,91,0,100,58,0,58,158
09/08/2019,RDG,PA,AEA,EN,Combined TRACON& Tower with Radar,0,2,14,2,18,0,3,61,0,64,0,5,75,2,82,92,0,92,174
09/09/2019,RDG,PA,AEA,EN,Combined TRACON& Tower with Radar,0,6,11,0,17,0,1,32,0,33,0,7,43,0,50,28,0,28,78
09/10/2019,RDG,PA,AEA,EN,Combined TRACON& Tower with Radar,0,11,27,2,40,0,0,50,2,52,0,11,77,4,92,112,10,122,214
09/11/2019,RDG,PA,AEA,EN,Combined TRACON& Tower with Radar,0,12,10,4,26,0,0,28,1,29,0,12,38,5,55,36,38,74,129
09/12/2019,RDG,PA,AEA,EN,Combined TRACON& Tower with Radar,0,10,39,3,52,0,6,19,1,26,0,16,58,4,78,46,2,48,126
09/13/2019,RDG,PA,AEA,EN,Combined TRACON& Tower with Radar,0,13,29,3,45,0,3,22,3,28,0,16,51,6,73,56,0,56,129
09/14/2019,RDG,PA,AEA,EN,Combined TRACON& Tower with Radar,0,4,13,0,17,0,0,16,0,16,0,4,29,0,33,62,0,62,95
09/15/2019,RDG,PA,AEA,EN,Combined TRACON& Tower with Radar,0,5,38,0,43,0,5,56,0,61,0,10,94,0,104,38,0,38,142
09/16/2019,RDG,PA,AEA,EN,Combined TRACON& Tower with Radar,0,9,13,2,24,0,1,34,3,38,0,10,47,5,62,56,12,68,130
09/17/2019,RDG,PA,AEA,EN,Combined TRACON& Tower with Radar,0,10,25,2,37,0,6,73,7,86,0,16,98,9,123,94,26,120,243
09/18/2019,RDG,PA,AEA,EN,Combined TRACON& Tower with Radar,0,10,19,1,30,0,3,59,1,63,0,13,78,2,93,88,0,88,181
09/19/2019,RDG,PA,AEA,EN,Combined TRACON& Tower with Radar,0,10,22,2,34,0,1,66,6,73,0,11,88,8,107,56,4,60,167
09/20/2019,RDG,PA,AEA,EN,Combined TRACON& Tower with Radar,0,13,13,0,26,0,1,54,3,58,0,14,67,3,84,68,0,68,152
09/21/2019,RDG,PA,AEA,EN,Combined TRACON& Tower with Radar,0,5,13,0,18,0,6,46,0,52,0,11,59,0,70,24,0,24,94
09/22/2019,RDG,PA,AEA,EN,Combined TRACON& Tower with Radar,0,8,14,0,22,0,0,54,0,54,0,8,68,0,76,38,0,38,114
09/23/2019,RDG,PA,AEA,EN,Combined TRACON& Tower with Radar,0,11,11,0,22,0,7,17,0,24,0,18,28,0,46,4,0,4,50
09/24/2019,RDG,PA,AEA,EN,Combined TRACON& Tower with Radar,0,11,22,2,35,0,0,47,0,47,0,11,69,2,82,38,0,38,120
09/25/2019,RDG,PA,AEA,EN,Combined TRACON& Tower with Radar,0,14,25,2,41,0,4,59,0,63,0,18,84,2,104,84,0,84,188
09/26/2019,RDG,PA,AEA,EN,Combined TRACON& Tower with Radar,0,16,29,2,47,0,1,47,1,49,0,17,76,3,96,54,0,54,150
09/27/2019,RDG,PA,AEA,EN,Combined TRACON& Tower with Radar,0,9,10,0,19,0,8,66,0,74,0,17,76,0,93,44,0,44,137
09/28/2019,RDG,PA,AEA,EN,Combined TRACON& Tower with Radar,1,3,8,0,12,0,0,15,0,15,1,3,23,0,27,20,0,20,47
09/29/2019,RDG,PA,AEA,EN,Combined TRACON& Tower with Radar,1,1,14,0,16,0,1,44,0,45,1,2,58,0,61,52,0,52,113
09/30/2019,RDG,PA,AEA,EN,Combined TRACON& Tower with Radar,0,9,35,2,46,0,1,9,0,10,0,10,44,2,56,32,2,34,90
10/01/2019,RDG,PA,AEA,EN,Combined TRACON& Tower with Radar,0,12,18,0,30,0,4,41,0,45,0,16,59,0,75,8,0,8,83
10/02/2019,RDG,PA,AEA,EN,Combined TRACON& Tower with Radar,0,10,10,0,20,0,2,36,4,42,0,12,46,4,62,70,4,74,136
10/03/2019,RDG,PA,AEA,EN,Combined TRACON& Tower with Radar,0,9,11,0,20,0,0,0,0,0,0,9,11,0,20,0,0,0,20
10/04/2019,RDG,PA,AEA,EN,Combined TRACON& Tower with Radar,0,9,9,0,18,0,4,18,0,22,0,13,27,0,40,36,0,36,76
10/05/2019,RDG,PA,AEA,EN,Combined TRACON& Tower with Radar,2,2,15,0,19,0,1,94,0,95,2,3,109,0,114,128,0,128,242
10/06/2019,RDG,PA,AEA,EN,Combined TRACON& Tower with Radar,0,1,13,0,14,0,0,3,0,3,0,1,16,0,17,12,0,12,29
10/07/2019,RDG,PA,AEA,EN,Combined TRACON& Tower with Radar,0,7,8,0,15,0,0,5,0,5,0,7,13,0,20,20,0,20,40
10/08/2019,RDG,PA,AEA,EN,Combined TRACON& Tower with Radar,0,13,21,0,34,0,5,69,0,74,0,18,90,0,108,160,0,160,268
10/09/2019,RDG,PA,AEA,EN,Combined TRACON& Tower with Radar,0,13,18,1,32,0,1,26,2,29,0,14,44,3,61,40,8,48,109
10/10/2019,RDG,PA,AEA,EN,Combined TRACON& Tower with Radar,0,15,26,2,43,0,1,51,1,53,0,16,77,3,96,102,2,104,200
10/11/2019,RDG,PA,AEA,EN,Combined TRACON& Tower with Radar,0,17,15,0,32,0,1,39,0,40,0,18,54,0,72,52,0,52,124
10/12/2019,RDG,PA,AEA,EN,Combined TRACON& Tower with Radar,0,7,21,0,28,0,10,68,10,88,0,17,89,10,116,58,0,58,174
10/13/2019,RDG,PA,AEA,EN,Combined TRACON& Tower with Radar,0,6,23,0,29,0,0,68,0,68,0,6,91,0,97,112,0,112,209
10/14/2019,RDG,PA,AEA,EN,Combined TRACON& Tower with Radar,0,4,25,0,29,0,2,51,0,53,0,6,76,0,82,124,0,124,206
10/15/2019,RDG,PA,AEA,EN,Combined TRACON& Tower with Radar,0,11,33,2,46,0,8,79,3,90,0,19,112,5,136,90,0,90,226
10/16/2019,RDG,PA,AEA,EN,Combined TRACON& Tower with Radar,0,8,15,0,23,0,0,0,0,0,0,8,15,0,23,0,0,0,23
10/17/2019,RDG,PA,AEA,EN,Combined TRACON& Tower with Radar,0,12,10,0,22,0,2,0,0,2,0,14,10,0,24,0,0,0,24
10/18/2019,RDG,PA,AEA,EN,Combined TRACON& Tower with Radar,0,14,17,0,31,0,6,39,0,45,0,20,56,0,76,12,0,12,88
10/19/2019,RDG,PA,AEA,EN,Combined TRACON& Tower with Radar,1,4,21,0,26,0,1,90,0,91,1,5,111,0,117,64,0,64,181
10/20/2019,RDG,PA,AEA,EN,Combined TRACON& Tower with Radar,1,4,26,0,31,0,0,6,0,6,1,4,32,0,37,6,0,6,43
10/21/2019,RDG,PA,AEA,EN,Combined TRACON& Tower with Radar,0,6,22,1,29,0,3,59,1,63,0,9,81,2,92,88,0,88,180
10/22/2019,RDG,PA,AEA,EN,Combined TRACON& Tower with Radar,0,7,16,0,23,0,0,1,0,1,0,7,17,0,24,0,0,0,24
10/23/2019,RDG,PA,AEA,EN,Combined TRACON& Tower with Radar,0,8,19,4,31,0,2,30,7,39,0,10,49,11,70,68,8,76,146
10/24/2019,RDG,PA,AEA,EN,Combined TRACON& Tower with Radar,0,16,27,4,47,0,10,71,7,88,0,26,98,11,135,142,14,156,291
10/25/2019,RDG,PA,AEA,EN,Combined TRACON& Tower with Radar,0,8,26,1,35,0,5,57,7,69,0,13,83,8,104,72,22,94,198
10/26/2019,RDG,PA,AEA,EN,Combined TRACON& Tower with Radar,1,4,16,0,21,0,0,42,0,42,1,4,58,0,63,90,0,90,153
10/27/2019,RDG,PA,AEA,EN,Combined TRACON& Tower with Radar,1,1,10,0,12,0,1,5,0,6,1,2,15,0,18,10,0,10,28
10/28/2019,RDG,PA,AEA,EN,Combined TRACON& Tower with Radar,0,5,28,2,35,0,0,58,2,60,0,5,86,4,95,68,6,74,169
10/29/2019,RDG,PA,AEA,EN,Combined TRACON& Tower with Radar,0,8,27,8,43,0,0,18,2,20,0,8,45,10,63,26,0,26,89
10/30/2019,RDG,PA,AEA,EN,Combined TRACON& Tower with Radar,0,15,29,0,44,0,4,13,0,17,0,19,42,0,61,168,0,168,229
10/31/2019,RDG,PA,AEA,EN,Combined TRACON& Tower with Radar,0,6,9,0,15,0,0,2,0,2,0,6,11,0,17,2,0,2,19
11/01/2019,RDG,PA,AEA,EN,Combined TRACON& Tower with Radar,0,10,12,6,28,0,8,12,4,24,0,18,24,10,52,52,2,54,106
11/02/2019,RDG,PA,AEA,EN,Combined TRACON& Tower with Radar,2,2,24,0,28,0,1,97,0,98,2,3,121,0,126,96,0,96,222
11/03/2019,RDG,PA,AEA,EN,Combined TRACON& Tower with Radar,0,2,16,0,18,0,0,29,0,29,0,2,45,0,47,96,0,96,143
11/04/2019,RDG,PA,AEA,EN,Combined TRACON& Tower with Radar,0,6,18,1,25,0,5,56,1,62,0,11,74,2,87,14,0,14,101
11/05/2019,RDG,PA,AEA,EN,Combined TRACON& Tower with Radar,0,13,16,5,34,0,1,34,1,36,0,14,50,6,70,102,14,116,186
11/06/2019,RDG,PA,AEA,EN,Combined TRACON& Tower with Radar,0,9,41,0,50,0,4,84,1,89,0,13,125,1,139,90,0,90,229
11/07/2019,RDG,PA,AEA,EN,Combined TRACON& Tower with Radar,0,8,22,2,32,0,3,15,2,20,0,11,37,4,52,50,0,50,102
11/08/2019,RDG,PA,AEA,EN,Combined TRACON& Tower with Radar,0,8,12,0,20,0,2,17,0,19,0,10,29,0,39,30,0,30,69
11/09/2019,RDG,PA,AEA,EN,Combined TRACON& Tower with Radar,1,4,24,0,29,0,0,102,0,102,1,4,126,0,131,118,0,118,249
11/10/2019,RDG,PA,AEA,EN,Combined TRACON& Tower with Radar,1,0,16,0,17,0,0,44,0,44,1,0,60,0,61,62,0,62,123
11/11/2019,RDG,PA,AEA,EN,Combined TRACON& Tower with Radar,0,7,25,0,32,0,2,60,0,62,0,9,85,0,94,100,0,100,194
11/12/2019,RDG,PA,AEA,EN,Combined TRACON& Tower with Radar,0,6,9,3,18,0,3,9,1,13,0,9,18,4,31,2,2,4,35
11/13/2019,RDG,PA,AEA,EN,Combined TRACON& Tower with Radar,0,7,20,3,30,0,4,59,4,67,0,11,79,7,97,94,14,108,205
11/14/2019,RDG,PA,AEA,EN,Combined TRACON& Tower with Radar,0,10,34,4,48,0,1,60,0,61,0,11,94,4,109,32,2,34,143
11/15/2019,RDG,PA,AEA,EN,Combined TRACON& Tower with Radar,0,10,31,0,41,0,5,56,0,61,0,15,87,0,102,96,0,96,198
11/16/2019,RDG,PA,AEA,EN,Combined TRACON& Tower with Radar,2,3,21,0,26,0,3,41,0,44,2,6,62,0,70,34,0,34,104
11/17/2019,RDG,PA,AEA,EN,Combined TRACON& Tower with Radar,0,3,17,0,20,0,0,31,1,32,0,3,48,1,52,50,0,50,102
11/18/2019,RDG,PA,AEA,EN,Combined TRACON& Tower with Radar,0,6,11,0,17,0,2,8,2,12,0,8,19,2,29,0,0,0,29
11/19/2019,RDG,PA,AEA,EN,Combined TRACON& Tower with Radar,0,12,23,1,36,0,1,29,1,31,0,13,52,2,67,10,2,12,79
11/20/2019,RDG,PA,AEA,EN,Combined TRACON& Tower with Radar,0,8,19,1,28,0,6,30,1,37,0,14,49,2,65,44,0,44,109
11/21/2019,RDG,PA,AEA,EN,Combined TRACON& Tower with Radar,0,11,32,1,44,0,4,45,1,50,0,15,77,2,94,58,0,58,152
11/22/2019,RDG,PA,AEA,EN,Combined TRACON& Tower with Radar,0,13,14,0,27,0,3,21,2,26,0,16,35,2,53,2,0,2,55
11/23/2019,RDG,PA,AEA,EN,Combined TRACON& Tower with Radar,0,3,17,0,20,0,5,74,0,79,0,8,91,0,99,88,0,88,187
11/24/2019,RDG,PA,AEA,EN,Combined TRACON& Tower with Radar,0,3,3,1,7,0,0,0,0,0,0,3,3,1,7,0,0,0,7
11/25/2019,RDG,PA,AEA,EN,Combined TRACON& Tower with Radar,0,8,13,0,21,0,7,62,0,69,0,15,75,0,90,62,0,62,152
11/26/2019,RDG,PA,AEA,EN,Combined TRACON& Tower with Radar,0,12,35,5,52,0,2,74,1,77,0,14,109,6,129,148,2,150,279
11/27/2019,RDG,PA,AEA,EN,Combined TRACON& Tower with Radar,0,7,5,0,12,0,0,10,0,10,0,7,15,0,22,28,0,28,50
11/28/2019,RDG,PA,AEA,EN,Combined TRACON& Tower with Radar,0,2,0,0,2,0,0,0,0,0,0,2,0,0,2,0,0,0,2
11/29/2019,RDG,PA,AEA,EN,Combined TRACON& Tower with Radar,0,6,8,0,14,0,0,45,0,45,0,6,53,0,59,56,0,56,115
11/30/2019,RDG,PA,AEA,EN,Combined TRACON& Tower with Radar,0,3,14,0,17,0,0,62,0,62,0,3,76,0,79,68,0,68,147
12/01/2019,RDG,PA,AEA,EN,Combined TRACON& Tower with Radar,2,2,6,0,10,0,0,0,0,0,2,2,6,0,10,0,0,0,10
12/02/2019,RDG,PA,AEA,EN,Combined TRACON& Tower with Radar,0,7,3,0,10,0,0,0,0,0,0,7,3,0,10,0,0,0,10
12/03/2019,RDG,PA,AEA,EN,Combined TRACON& Tower with Radar,0,18,21,1,40,0,3,39,5,47,0,21,60,6,87,44,6,50,137
12/04/2019,RDG,PA,AEA,EN,Combined TRACON& Tower with Radar,0,12,8,3,23,0,0,11,0,11,0,12,19,3,34,38,0,38,72
12/05/2019,RDG,PA,AEA,EN,Combined TRACON& Tower with Radar,0,10,21,1,32,0,3,12,1,16,0,13,33,2,48,2,0,2,50
12/06/2019,RDG,PA,AEA,EN,Combined TRACON& Tower with Radar,0,7,4,3,14,0,5,31,5,41,0,12,35,8,55,32,10,42,97
12/07/2019,RDG,PA,AEA,EN,Combined TRACON& Tower with Radar,2,6,30,0,38,0,0,53,0,53,2,6,83,0,91,62,0,62,153
12/08/2019,RDG,PA,AEA,EN,Combined TRACON& Tower with Radar,0,1,21,0,22,0,0,68,0,68,0,1,89,0,90,82,0,82,172
12/09/2019,RDG,PA,AEA,EN,Combined TRACON& Tower with Radar,0,7,4,0,11,0,0,0,0,0,0,7,4,0,11,0,0,0,11
12/10/2019,RDG,PA,AEA,EN,Combined TRACON& Tower with Radar,0,12,13,0,25,0,0,6,6,12,0,12,19,6,37,0,28,28,65
12/11/2019,RDG,PA,AEA,EN,Combined TRACON& Tower with Radar,0,6,26,4,36,0,1,38,2,41,0,7,64,6,77,64,0,64,141
12/12/2019,RDG,PA,AEA,EN,Combined TRACON& Tower with Radar,0,6,43,0,49,0,4,76,0,80,0,10,119,0,129,82,0,82,211
12/13/2019,RDG,PA,AEA,EN,Combined TRACON& Tower with Radar,0,9,18,0,27,0,0,9,0,9,0,9,27,0,36,18,0,18,54
12/14/2019,RDG,PA,AEA,EN,Combined TRACON& Tower with Radar,0,7,4,0,11,0,0,0,0,0,0,7,4,0,11,0,0,0,11
12/15/2019,RDG,PA,AEA,EN,Combined TRACON& Tower with Radar,0,0,12,0,12,0,2,24,0,26,0,2,36,0,38,6,0,6,44
12/16/2019,RDG,PA,AEA,EN,Combined TRACON& Tower with Radar,0,9,17,0,26,0,0,3,0,3,0,9,20,0,29,4,0,4,33
12/17/2019,RDG,PA,AEA,EN,Combined TRACON& Tower with Radar,0,17,13,0,30,0,0,0,0,0,0,17,13,0,30,0,0,0,30
12/18/2019,RDG,PA,AEA,EN,Combined TRACON& Tower with Radar,0,14,17,1,32,0,0,20,1,21,0,14,37,2,53,2,0,2,55
12/19/2019,RDG,PA,AEA,EN,Combined TRACON& Tower with Radar,0,8,29,2,39,0,1,48,2,51,0,9,77,4,90,34,0,34,124
12/20/2019,RDG,PA,AEA,EN,Combined TRACON& Tower with Radar,0,9,18,0,27,0,7,67,2,76,0,16,85,2,103,62,0,62,165
12/21/2019,RDG,PA,AEA,EN,Combined TRACON& Tower with Radar,0,4,28,0,32,0,2,73,0,75,0,6,101,0,107,78,0,78,185
12/22/2019,RDG,PA,AEA,EN,Combined TRACON& Tower with Radar,0,0,9,0,9,2,2,57,0,61,2,2,66,0,70,14,0,14,84
12/23/2019,RDG,PA,AEA,EN,Combined TRACON& Tower with Radar,0,10,13,0,23,0,3,61,2,66,0,13,74,2,89,50,0,50,139
12/24/2019,RDG,PA,AEA,EN,Combined TRACON& Tower with Radar,0,6,6,0,12,0,4,30,0,34,0,10,36,0,46,0,0,0,46
12/25/2019,RDG,PA,AEA,EN,Combined TRACON& Tower with Radar,0,2,0,0,2,0,2,11,0,13,0,4,11,0,15,0,0,0,15
12/26/2019,RDG,PA,AEA,EN,Combined TRACON& Tower with Radar,0,5,28,0,33,0,4,51,0,55,0,9,79,0,88,76,0,76,164
12/27/2019,RDG,PA,AEA,EN,Combined TRACON& Tower with Radar,0,7,25,0,32,0,1,4,0,5,0,8,29,0,37,56,0,56,93
12/28/2019,RDG,PA,AEA,EN,Combined TRACON& Tower with Radar,0,5,25,0,30,0,1,72,0,73,0,6,97,0,103,88,0,88,191
12/29/2019,RDG,PA,AEA,EN,Combined TRACON& Tower with Radar,0,2,15,0,17,0,0,6,0,6,0,2,21,0,23,12,0,12,35
12/30/2019,RDG,PA,AEA,EN,Combined TRACON& Tower with Radar,0,14,2,0,16,0,0,0,0,0,0,14,2,0,16,0,0,0,16
12/31/2019,RDG,PA,AEA,EN,Combined TRACON& Tower with Radar,0,7,13,0,20,0,2,11,0,13,0,9,24,0,33,0,0,0,33
01/01/2020,RDG,PA,AEA,EN,Combined TRACON& Tower with Radar,0,2,3,0,5,0,0,10,0,10,0,2,13,0,15,18,0,18,33
01/02/2020,RDG,PA,AEA,EN,Combined TRACON& Tower with Radar,0,9,11,0,20,0,6,71,2,79,0,15,82,2,99,112,0,112,211
01/03/2020,RDG,PA,AEA,EN,Combined TRACON& Tower with Radar,0,9,10,0,19,0,0,0,0,0,0,9,10,0,19,0,0,0,19
01/04/2020,RDG,PA,AEA,EN,Combined TRACON& Tower with Radar,0,4,3,0,7,0,0,3,0,3,0,4,6,0,10,30,0,30,40
01/05/2020,RDG,PA,AEA,EN,Combined TRACON& Tower with Radar,0,0,7,0,7,0,2,26,1,29,0,2,33,1,36,66,0,66,102
01/06/2020,RDG,PA,AEA,EN,Combined TRACON& Tower with Radar,0,11,11,0,22,0,3,30,2,35,0,14,41,2,57,26,0,26,83
01/07/2020,RDG,PA,AEA,EN,Combined TRACON& Tower with Radar,0,9,23,0,32,0,1,34,0,35,0,10,57,0,67,30,0,30,97
01/08/2020,RDG,PA,AEA,EN,Combined TRACON& Tower with Radar,0,16,11,0,27,0,1,4,0,5,0,17,15,0,32,0,0,0,32
01/09/2020,RDG,PA,AEA,EN,Combined TRACON& Tower with Radar,0,9,32,0,41,0,7,77,0,84,0,16,109,0,125,76,0,76,201
01/10/2020,RDG,PA,AEA,EN,Combined TRACON& Tower with Radar,0,13,18,0,31,0,1,16,1,18,0,14,34,1,49,64,0,64,113
01/11/2020,RDG,PA,AEA,EN,Combined TRACON& Tower with Radar,0,3,6,0,9,0,0,8,0,8,0,3,14,0,17,4,0,4,21
01/12/2020,RDG,PA,AEA,EN,Combined TRACON& Tower with Radar,0,2,2,0,4,0,1,19,2,22,0,3,21,2,26,56,0,56,82
01/13/2020,RDG,PA,AEA,EN,Combined TRACON& Tower with Radar,0,10,31,0,41,0,0,34,0,34,0,10,65,0,75,64,0,64,139
01/14/2020,RDG,PA,AEA,EN,Combined TRACON& Tower with Radar,0,10,19,0,29,0,0,2,0,2,0,10,21,0,31,6,0,6,37
01/15/2020,RDG,PA,AEA,EN,Combined TRACON& Tower with Radar,0,12,51,0,63,0,3,96,2,101,0,15,147,2,164,74,0,74,238
01/16/2020,RDG,PA,AEA,EN,Combined TRACON& Tower with Radar,0,10,15,0,25,0,0,2,0,2,0,10,17,0,27,0,0,0,27
01/17/2020,RDG,PA,AEA,EN,Combined TRACON& Tower with Radar,0,8,14,0,22,0,2,32,0,34,0,10,46,0,56,46,0,46,102
01/18/2020,RDG,PA,AEA,EN,Combined TRACON& Tower with Radar,0,3,2,0,5,0,0,0,0,0,0,3,2,0,5,0,0,0,5
01/19/2020,RDG,PA,AEA,EN,Combined TRACON& Tower with Radar,0,4,9,0,13,0,0,8,0,8,0,4,17,0,21,6,0,6,27
01/20/2020,RDG,PA,AEA,EN,Combined TRACON& Tower with Radar,0,4,17,0,21,0,1,45,0,46,0,5,62,0,67,32,0,32,99
01/21/2020,RDG,PA,AEA,EN,Combined TRACON& Tower with Radar,0,6,26,0,32,0,7,61,1,69,0,13,87,1,101,36,0,36,137
01/22/2020,RDG,PA,AEA,EN,Combined TRACON& Tower with Radar,0,8,19,6,33,0,4,89,5,98,0,12,108,11,131,80,6,86,217
01/23/2020,RDG,PA,AEA,EN,Combined TRACON& Tower with Radar,0,11,33,1,45,0,5,58,4,67,0,16,91,5,112,62,0,62,174
01/24/2020,RDG,PA,AEA,EN,Combined TRACON& Tower with Radar,0,9,19,0,28,0,0,49,4,53,0,9,68,4,81,110,0,110,191
01/25/2020,RDG,PA,AEA,EN,Combined TRACON& Tower with Radar,0,4,8,0,12,0,0,0,0,0,0,4,8,0,12,0,0,0,12
01/26/2020,RDG,PA,AEA,EN,Combined TRACON& Tower with Radar,0,0,28,0,28,0,0,51,0,51,0,0,79,0,79,48,0,48,127
01/27/2020,RDG,PA,AEA,EN,Combined TRACON& Tower with Radar,0,21,16,0,37,0,6,39,0,45,0,27,55,0,82,52,0,52,134
01/28/2020,RDG,PA,AEA,EN,Combined TRACON& Tower with Radar,0,13,36,3,52,0,3,46,3,52,0,16,82,6,104,52,4,56,160
01/29/2020,RDG,PA,AEA,EN,Combined TRACON& Tower with Radar,0,14,27,5,46,0,2,69,10,81,0,16,96,15,127,96,42,138,265
01/30/2020,RDG,PA,AEA,EN,Combined TRACON& Tower with Radar,0,13,23,5,41,0,7,57,1,65,0,20,80,6,106,70,2,72,178
01/31/2020,RDG,PA,AEA,EN,Combined TRACON& Tower with Radar,0,11,21,0,32,0,2,68,0,70,0,13,89,0,102,142,0,142,244
02/01/2020,RDG,PA,AEA,EN,Combined TRACON& Tower with Radar,0,8,6,0,14,0,0,0,0,0,0,8,6,0,14,0,0,0,14
02/02/2020,RDG,PA,AEA,EN,Combined TRACON& Tower with Radar,0,0,6,0,6,0,0,11,0,11,0,0,17,0,17,16,0,16,33
02/03/2020,RDG,PA,AEA,EN,Combined TRACON& Tower with Radar,0,7,22,1,30,0,2,81,2,85,0,9,103,3,115,82,12,94,209
02/04/2020,RDG,PA,AEA,EN,Combined TRACON& Tower with Radar,0,10,19,6,35,0,0,16,1,17,0,10,35,7,52,30,10,40,92
02/05/2020,RDG,PA,AEA,EN,Combined TRACON& Tower with Radar,0,13,25,6,44,0,2,57,6,65,0,15,82,12,109,140,8,148,257
02/06/2020,RDG,PA,AEA,EN,Combined TRACON& Tower with Radar,0,10,12,0,22,0,0,0,0,0,0,10,12,0,22,0,0,0,22
02/07/2020,RDG,PA,AEA,EN,Combined TRACON& Tower with Radar,0,8,4,0,12,0,1,0,0,1,0,9,4,0,13,0,0,0,13
02/08/2020,RDG,PA,AEA,EN,Combined TRACON& Tower with Radar,0,10,12,0,22,0,2,45,4,51,0,12,57,4,73,56,0,56,129
02/09/2020,RDG,PA,AEA,EN,Combined TRACON& Tower with Radar,0,3,18,0,21,0,3,65,0,68,0,6,83,0,89,66,0,66,155
02/10/2020,RDG,PA,AEA,EN,Combined TRACON& Tower with Radar,0,8,20,0,28,0,0,6,0,6,0,8,26,0,34,26,0,26,60
02/11/2020,RDG,PA,AEA,EN,Combined TRACON& Tower with Radar,0,12,8,2,22,0,0,2,0,2,0,12,10,2,24,0,0,0,24
02/12/2020,RDG,PA,AEA,EN,Combined TRACON& Tower with Radar,0,10,15,3,28,0,8,72,3,83,0,18,87,6,111,72,14,86,197
02/13/2020,RDG,PA,AEA,EN,Combined TRACON& Tower with Radar,0,9,12,2,23,0,1,1,2,4,0,10,13,4,27,0,0,0,27
02/14/2020,RDG,PA,AEA,EN,Combined TRACON& Tower with Radar,0,9,12,0,21,0,1,28,1,30,0,10,40,1,51,8,0,8,59
02/15/2020,RDG,PA,AEA,EN,Combined TRACON& Tower with Radar,0,3,26,0,29,0,2,81,0,83,0,5,107,0,112,46,0,46,158
02/16/2020,RDG,PA,AEA,EN,Combined TRACON& Tower with Radar,0,4,20,0,24,0,0,49,0,49,0,4,69,0,73,92,0,92,165
02/17/2020,RDG,PA,AEA,EN,Combined TRACON& Tower with Radar,0,5,24,0,29,0,0,62,0,62,0,5,86,0,91,64,0,64,155
02/18/2020,RDG,PA,AEA,EN,Combined TRACON& Tower with Radar,0,10,17,0,27,0,0,11,0,11,0,10,28,0,38,10,0,10,48
02/19/2020,RDG,PA,AEA,EN,Combined TRACON& Tower with Radar,0,10,14,4,28,0,11,43,4,58,0,21,57,8,86,30,2,32,118
02/20/2020,RDG,PA,AEA,EN,Combined TRACON& Tower with Radar,0,12,34,5,51,0,2,58,1,61,0,14,92,6,112,62,2,64,176
02/21/2020,RDG,PA,AEA,EN,Combined TRACON& Tower with Radar,0,10,24,0,34,0,3,97,2,102,0,13,121,2,136,134,0,134,270
02/22/2020,RDG,PA,AEA,EN,Combined TRACON& Tower with Radar,0,2,31,0,33,0,1,67,0,68,0,3,98,0,101,46,0,46,147
02/23/2020,RDG,PA,AEA,EN,Combined TRACON& Tower with Radar,0,4,12,0,16,0,0,62,0,62,0,4,74,0,78,44,0,44,122
02/24/2020,RDG,PA,AEA,EN,Combined TRACON& Tower with Radar,0,7,23,0,30,0,1,49,0,50,0,8,72,0,80,59,1,60,140
02/25/2020,RDG,PA,AEA,EN,Combined TRACON& Tower with Radar,0,11,29,0,40,0,0,3,0,3,0,11,32,0,43,0,0,0,43
02/26/2020,RDG,PA,AEA,EN,Combined TRACON& Tower with Radar,0,10,20,0,30,0,0,0,0,0,0,10,20,0,30,8,0,8,38
02/27/2020,RDG,PA,AEA,EN,Combined TRACON& Tower with Radar,0,6,15,5,26,0,0,0,7,7,0,6,15,12,33,0,4,4,37
02/28/2020,RDG,PA,AEA,EN,Combined TRACON& Tower with Radar,0,11,11,4,26,0,1,19,3,23,0,12,30,7,49,8,6,14,63
02/29/2020,RDG,PA,AEA,EN,Combined TRACON& Tower with Radar,0,3,20,0,23,0,4,26,0,30,0,7,46,0,53,20,0,20,73
03/01/2020,RDG,PA,AEA,EN,Combined TRACON& Tower with Radar,2,2,23,0,27,0,1,72,0,73,2,3,95,0,100,128,0,128,228
03/02/2020,RDG,PA,AEA,EN,Combined TRACON& Tower with Radar,0,6,31,1,38,0,2,65,0,67,0,8,96,1,105,50,0,50,155
03/03/2020,RDG,PA,AEA,EN,Combined TRACON& Tower with Radar,0,9,22,0,31,0,0,8,0,8,0,9,30,0,39,24,0,24,63
03/04/2020,RDG,PA,AEA,EN,Combined TRACON& Tower with Radar,0,8,25,0,33,0,1,35,0,36,0,9,60,0,69,56,0,56,125
03/05/2020,RDG,PA,AEA,EN,Combined TRACON& Tower with Radar,0,9,36,2,47,0,2,81,2,85,0,11,117,4,132,38,0,38,170
03/06/2020,RDG,PA,AEA,EN,Combined TRACON& Tower with Radar,0,10,7,0,17,0,1,7,0,8,0,11,14,0,25,8,0,8,33
03/07/2020,RDG,PA,AEA,EN,Combined TRACON& Tower with Radar,2,4,16,0,22,0,1,12,0,13,2,5,28,0,35,32,0,32,67
03/08/2020,RDG,PA,AEA,EN,Combined TRACON& Tower with Radar,0,9,16,0,25,0,4,73,0,77,0,13,89,0,102,66,0,66,168
03/09/2020,RDG,PA,AEA,EN,Combined TRACON& Tower with Radar,0,6,18,2,26,0,1,54,0,55,0,7,72,2,81,38,0,38,119
03/10/2020,RDG,PA,AEA,EN,Combined TRACON& Tower with Radar,0,10,33,0,43,0,2,22,0,24,0,12,55,0,67,20,0,20,87
03/11/2020,RDG,PA,AEA,EN,Combined TRACON& Tower with Radar,0,9,23,1,33,0,1,62,11,74,0,10,85,12,107,50,2,52,159
03/12/2020,RDG,PA,AEA,EN,Combined TRACON& Tower with Radar,0,6,34,0,40,0,1,43,0,44,0,7,77,0,84,100,2,102,186
03/13/2020,RDG,PA,AEA,EN,Combined TRACON& Tower with Radar,0,7,14,2,23,0,1,10,0,11,0,8,24,2,34,32,6,38,72
03/14/2020,RDG,PA,AEA,EN,Combined TRACON& Tower with Radar,0,3,21,0,24,0,0,127,0,127,0,3,148,0,151,100,0,100,251
03/15/2020,RDG,PA,AEA,EN,Combined TRACON& Tower with Radar,0,3,38,0,41,0,0,72,0,72,0,3,110,0,113,87,0,87,200
03/16/2020,RDG,PA,AEA,EN,Combined TRACON& Tower with Radar,0,6,17,0,23,0,0,51,0,51,0,6,68,0,74,30,0,30,104
03/17/2020,RDG,PA,AEA,EN,Combined TRACON& Tower with Radar,0,10,7,2,19,0,1,13,0,14,0,11,20,2,33,30,0,30,63
03/18/2020,RDG,PA,AEA,EN,Combined TRACON& Tower with Radar,0,9,11,0,20,0,0,64,2,66,0,9,75,2,86,52,0,52,138
03/19/2020,RDG,PA,AEA,EN,Combined TRACON& Tower with Radar,0,8,14,2,24,0,0,0,0,0,0,8,14,2,24,0,0,0,24
03/20/2020,RDG,PA,AEA,EN,Combined TRACON& Tower with Radar,0,7,6,0,13,0,0,3,0,3,0,7,9,0,16,0,0,0,16
03/21/2020,RDG,PA,AEA,EN,Combined TRACON& Tower with Radar,0,3,12,0,15,0,2,19,0,21,0,5,31,0,36,20,0,20,56
03/22/2020,RDG,PA,AEA,EN,Combined TRACON& Tower with Radar,0,3,17,0,20,0,0,39,0,39,0,3,56,0,59,16,0,16,75
03/23/2020,RDG,PA,AEA,EN,Combined TRACON& Tower with Radar,0,22,2,0,24,0,0,0,0,0,0,22,2,0,24,0,0,0,24
03/24/2020,RDG,PA,AEA,EN,Combined TRACON& Tower with Radar,0,5,6,1,12,0,3,25,1,29,0,8,31,2,41,0,0,0,41
03/25/2020,RDG,PA,AEA,EN,Combined TRACON& Tower with Radar,0,6,1,6,13,0,2,7,0,9,0,8,8,6,22,10,10,20,42
03/26/2020,RDG,PA,AEA,EN,Combined TRACON& Tower with Radar,0,9,13,0,22,0,1,26,0,27,0,10,39,0,49,0,0,0,49
03/27/2020,RDG,PA,AEA,EN,Combined TRACON& Tower with Radar,0,6,5,0,11,0,3,18,0,21,0,9,23,0,32,0,0,0,32
03/28/2020,RDG,PA,AEA,EN,Combined TRACON& Tower with Radar,0,4,4,0,8,0,0,0,0,0,0,4,4,0,8,0,0,0,8
03/29/2020,RDG,PA,AEA,EN,Combined TRACON& Tower with Radar,0,0,0,0,0,0,0,0,0,0,0,0,0,0,0,0,0,0,0
03/30/2020,RDG,PA,AEA,EN,Combined TRACON& Tower with Radar,0,5,4,0,9,0,0,6,0,6,0,5,10,0,15,0,0,0,15
03/31/2020,RDG,PA,AEA,EN,Combined TRACON& Tower with Radar,0,6,4,2,12,0,0,0,0,0,0,6,4,2,12,0,0,0,12
04/01/2020,RDG,PA,AEA,EN,Combined TRACON& Tower with Radar,0,5,4,2,11,0,1,13,0,14,0,6,17,2,25,0,0,0,25
04/02/2020,RDG,PA,AEA,EN,Combined TRACON& Tower with Radar,0,5,4,1,10,0,1,4,1,6,0,6,8,2,16,0,0,0,16
04/03/2020,RDG,PA,AEA,EN,Combined TRACON& Tower with Radar,0,11,2,0,13,0,3,8,2,13,0,14,10,2,26,0,0,0,26
04/04/2020,RDG,PA,AEA,EN,Combined TRACON& Tower with Radar,0,3,23,0,26,0,0,7,0,7,0,3,30,0,33,0,0,0,33
04/05/2020,RDG,PA,AEA,EN,Combined TRACON& Tower with Radar,0,0,12,0,12,0,0,22,0,22,0,0,34,0,34,0,0,0,34
04/06/2020,RDG,PA,AEA,EN,Combined TRACON& Tower with Radar,0,5,11,0,16,0,2,25,0,27,0,7,36,0,43,0,0,0,43
04/07/2020,RDG,PA,AEA,EN,Combined TRACON& Tower with Radar,0,7,11,0,18,0,5,22,0,27,0,12,33,0,45,0,0,0,45
04/08/2020,RDG,PA,AEA,EN,Combined TRACON& Tower with Radar,0,5,1,1,7,0,1,9,0,10,0,6,10,1,17,0,0,0,17
04/09/2020,RDG,PA,AEA,EN,Combined TRACON& Tower with Radar,0,8,2,0,10,0,2,0,0,2,0,10,2,0,12,0,0,0,12
04/10/2020,RDG,PA,AEA,EN,Combined TRACON& Tower with Radar,0,9,2,0,11,0,0,0,0,0,0,9,2,0,11,0,0,0,11
04/11/2020,RDG,PA,AEA,EN,Combined TRACON& Tower with Radar,0,5,7,0,12,0,2,17,1,20,0,7,24,1,32,0,0,0,32
04/12/2020,RDG,PA,AEA,EN,Combined TRACON& Tower with Radar,0,0,9,0,9,0,0,14,0,14,0,0,23,0,23,0,0,0,23
04/13/2020,RDG,PA,AEA,EN,Combined TRACON& Tower with Radar,0,6,2,0,8,0,0,0,0,0,0,6,2,0,8,0,0,0,8
04/14/2020,RDG,PA,AEA,EN,Combined TRACON& Tower with Radar,0,6,15,4,25,0,3,28,2,33,0,9,43,6,58,0,0,0,58
04/15/2020,RDG,PA,AEA,EN,Combined TRACON& Tower with Radar,0,5,7,1,13,0,1,23,2,26,0,6,30,3,39,0,0,0,39
04/16/2020,RDG,PA,AEA,EN,Combined TRACON& Tower with Radar,0,7,6,2,15,0,1,11,4,16,0,8,17,6,31,0,0,0,31
04/17/2020,RDG,PA,AEA,EN,Combined TRACON& Tower with Radar,0,6,4,2,12,0,2,6,0,8,0,8,10,2,20,0,0,0,20
04/18/2020,RDG,PA,AEA,EN,Combined TRACON& Tower with Radar,0,3,8,0,11,0,0,5,0,5,0,3,13,0,16,0,0,0,16
04/19/2020,RDG,PA,AEA,EN,Combined TRACON& Tower with Radar,0,1,11,0,12,0,0,19,0,19,0,1,30,0,31,0,0,0,31
04/20/2020,RDG,PA,AEA,EN,Combined TRACON& Tower with Radar,0,10,7,0,17,0,7,38,0,45,0,17,45,0,62,0,0,0,62
04/21/2020,RDG,PA,AEA,EN,Combined TRACON& Tower with Radar,0,8,0,0,8,0,0,2,0,2,0,8,2,0,10,0,0,0,10
04/22/2020,RDG,PA,AEA,EN,Combined TRACON& Tower with Radar,0,6,16,1,23,0,1,20,1,22,0,7,36,2,45,0,0,0,45
04/23/2020,RDG,PA,AEA,EN,Combined TRACON& Tower with Radar,0,6,13,3,22,0,1,18,1,20,0,7,31,4,42,0,0,0,42
04/24/2020,RDG,PA,AEA,EN,Combined TRACON& Tower with Radar,0,6,2,0,8,0,0,0,0,0,0,6,2,0,8,0,0,0,8
04/25/2020,RDG,PA,AEA,EN,Combined TRACON& Tower with Radar,0,4,16,0,20,0,1,29,0,30,0,5,45,0,50,0,0,0,50
04/26/2020,RDG,PA,AEA,EN,Combined TRACON& Tower with Radar,0,0,8,0,8,0,0,0,0,0,0,0,8,0,8,0,0,0,8
04/27/2020,RDG,PA,AEA,EN,Combined TRACON& Tower with Radar,0,7,0,0,7,0,0,12,0,12,0,7,12,0,19,0,0,0,19
04/28/2020,RDG,PA,AEA,EN,Combined TRACON& Tower with Radar,0,10,25,1,36,0,3,58,1,62,0,13,83,2,98,48,0,48,146
04/29/2020,RDG,PA,AEA,EN,Combined TRACON& Tower with Radar,0,8,5,2,15,0,0,6,2,8,0,8,11,4,23,0,0,0,23
04/30/2020,RDG,PA,AEA,EN,Combined TRACON& Tower with Radar,0,6,1,0,7,0,0,0,0,0,0,6,1,0,7,0,0,0,7
05/01/2020,RDG,PA,AEA,EN,Combined TRACON& Tower with Radar,0,1,2,3,6,0,0,1,0,1,0,1,3,3,7,0,0,0,7
05/02/2020,RDG,PA,AEA,EN,Combined TRACON& Tower with Radar,0,1,14,0,15,0,0,20,0,20,0,1,34,0,35,0,0,0,35
05/03/2020,RDG,PA,AEA,EN,Combined TRACON& Tower with Radar,0,0,6,0,6,0,0,25,0,25,0,0,31,0,31,0,0,0,31
05/04/2020,RDG,PA,AEA,EN,Combined TRACON& Tower with Radar,0,4,7,0,11,0,0,9,0,9,0,4,16,0,20,0,0,0,20
05/05/2020,RDG,PA,AEA,EN,Combined TRACON& Tower with Radar,0,1,22,2,25,0,0,29,0,29,0,1,51,2,54,0,0,0,54
05/06/2020,RDG,PA,AEA,EN,Combined TRACON& Tower with Radar,0,6,4,5,15,0,0,2,1,3,0,6,6,6,18,0,0,0,18
05/07/2020,RDG,PA,AEA,EN,Combined TRACON& Tower with Radar,0,3,2,2,7,0,3,16,2,21,0,6,18,4,28,0,0,0,28
05/08/2020,RDG,PA,AEA,EN,Combined TRACON& Tower with Radar,0,3,5,2,10,0,0,10,0,10,0,3,15,2,20,0,12,12,32
05/09/2020,RDG,PA,AEA,EN,Combined TRACON& Tower with Radar,0,2,5,0,7,0,0,4,0,4,0,2,9,0,11,0,0,0,11
05/10/2020,RDG,PA,AEA,EN,Combined TRACON& Tower with Radar,0,0,8,0,8,0,0,19,0,19,0,0,27,0,27,0,0,0,27
05/11/2020,RDG,PA,AEA,EN,Combined TRACON& Tower with Radar,0,0,0,0,0,0,0,7,0,7,0,0,7,0,7,0,0,0,7
05/12/2020,RDG,PA,AEA,EN,Combined TRACON& Tower with Radar,0,5,6,0,11,0,4,13,0,17,0,9,19,0,28,0,0,0,28
05/13/2020,RDG,PA,AEA,EN,Combined TRACON& Tower with Radar,0,8,8,0,16,0,3,30,0,33,0,11,38,0,49,0,0,0,49
05/14/2020,RDG,PA,AEA,EN,Combined TRACON& Tower with Radar,0,7,10,0,17,0,3,11,0,14,0,10,21,0,31,0,0,0,31
05/15/2020,RDG,PA,AEA,EN,Combined TRACON& Tower with Radar,0,3,10,0,13,0,2,10,0,12,0,5,20,0,25,0,0,0,25
05/16/2020,RDG,PA,AEA,EN,Combined TRACON& Tower with Radar,0,2,16,1,19,0,0,29,1,30,0,2,45,2,49,0,0,0,49
05/17/2020,RDG,PA,AEA,EN,Combined TRACON& Tower with Radar,0,0,6,0,6,0,0,9,0,9,0,0,15,0,15,0,0,0,15
05/18/2020,RDG,PA,AEA,EN,Combined TRACON& Tower with Radar,0,3,3,3,9,0,0,15,1,16,0,3,18,4,25,0,0,0,25
05/19/2020,RDG,PA,AEA,EN,Combined TRACON& Tower with Radar,0,2,4,5,11,0,0,3,3,6,0,2,7,8,17,0,0,0,17
05/20/2020,RDG,PA,AEA,EN,Combined TRACON& Tower with Radar,0,4,4,0,8,0,0,10,0,10,0,4,14,0,18,0,0,0,18
05/21/2020,RDG,PA,AEA,EN,Combined TRACON& Tower with Radar,0,3,11,1,15,0,1,42,5,48,0,4,53,6,63,0,0,0,63
05/22/2020,RDG,PA,AEA,EN,Combined TRACON& Tower with Radar,0,1,9,0,10,0,0,0,0,0,0,1,9,0,10,0,0,0,10
05/23/2020,RDG,PA,AEA,EN,Combined TRACON& Tower with Radar,0,1,4,0,5,0,2,0,0,2,0,3,4,0,7,0,0,0,7
05/24/2020,RDG,PA,AEA,EN,Combined TRACON& Tower with Radar,0,0,10,0,10,0,2,8,0,10,0,2,18,0,20,10,0,10,30
05/25/2020,RDG,PA,AEA,EN,Combined TRACON& Tower with Radar,0,0,16,0,16,0,0,10,0,10,0,0,26,0,26,10,0,10,36
05/26/2020,RDG,PA,AEA,EN,Combined TRACON& Tower with Radar,0,0,17,1,18,0,0,31,1,32,0,0,48,2,50,44,0,44,94
05/27/2020,RDG,PA,AEA,EN,Combined TRACON& Tower with Radar,0,9,12,1,22,0,3,7,1,11,0,12,19,2,33,14,0,14,47
05/28/2020,RDG,PA,AEA,EN,Combined TRACON& Tower with Radar,0,1,8,0,9,0,0,0,0,0,0,1,8,0,9,0,0,0,9
05/29/2020,RDG,PA,AEA,EN,Combined TRACON& Tower with Radar,0,4,2,0,6,0,1,3,0,4,0,5,5,0,10,20,0,20,30
05/30/2020,RDG,PA,AEA,EN,Combined TRACON& Tower with Radar,0,1,13,0,14,0,0,29,0,29,0,1,42,0,43,12,0,12,55
05/31/2020,RDG,PA,AEA,EN,Combined TRACON& Tower with Radar,0,2,7,0,9,0,0,42,0,42,0,2,49,0,51,84,0,84,135
06/01/2020,RDG,PA,AEA,EN,Combined TRACON& Tower with Radar,0,4,17,0,21,0,2,22,0,24,0,6,39,0,45,0,0,0,45
06/02/2020,RDG,PA,AEA,EN,Combined TRACON& Tower with Radar,0,4,11,0,15,0,2,31,0,33,0,6,42,0,48,0,0,0,48
06/03/2020,RDG,PA,AEA,EN,Combined TRACON& Tower with Radar,0,7,3,0,10,0,0,13,1,14,0,7,16,1,24,0,0,0,24
06/04/2020,RDG,PA,AEA,EN,Combined TRACON& Tower with Radar,0,4,8,0,12,0,0,35,0,35,0,4,43,0,47,0,0,0,47
06/05/2020,RDG,PA,AEA,EN,Combined TRACON& Tower with Radar,0,3,4,0,7,0,0,4,0,4,0,3,8,0,11,0,0,0,11
06/06/2020,RDG,PA,AEA,EN,Combined TRACON& Tower with Radar,0,1,7,0,8,0,0,8,0,8,0,1,15,0,16,0,0,0,16
06/07/2020,RDG,PA,AEA,EN,Combined TRACON& Tower with Radar,0,1,8,0,9,0,0,37,0,37,0,1,45,0,46,94,0,94,140
06/08/2020,RDG,PA,AEA,EN,Combined TRACON& Tower with Radar,0,2,11,0,13,0,0,36,0,36,0,2,47,0,49,38,0,38,87
06/09/2020,RDG,PA,AEA,EN,Combined TRACON& Tower with Radar,0,5,14,0,19,0,7,53,0,60,0,12,67,0,79,48,0,48,127
06/10/2020,RDG,PA,AEA,EN,Combined TRACON& Tower with Radar,0,9,9,0,18,0,0,21,0,21,0,9,30,0,39,26,0,26,65
06/11/2020,RDG,PA,AEA,EN,Combined TRACON& Tower with Radar,0,3,8,0,11,0,0,11,0,11,0,3,19,0,22,30,0,30,52
06/12/2020,RDG,PA,AEA,EN,Combined TRACON& Tower with Radar,0,7,22,0,29,0,1,37,0,38,0,8,59,0,67,44,0,44,111
06/13/2020,RDG,PA,AEA,EN,Combined TRACON& Tower with Radar,0,1,26,0,27,0,0,53,0,53,0,1,79,0,80,62,0,62,142
06/14/2020,RDG,PA,AEA,EN,Combined TRACON& Tower with Radar,0,1,18,0,19,0,0,42,0,42,0,1,60,0,61,42,0,42,103
06/15/2020,RDG,PA,AEA,EN,Combined TRACON& Tower with Radar,0,1,18,0,19,0,0,31,0,31,0,1,49,0,50,24,0,24,74
06/16/2020,RDG,PA,AEA,EN,Combined TRACON& Tower with Radar,0,3,22,0,25,0,0,42,0,42,0,3,64,0,67,0,0,0,67
06/17/2020,RDG,PA,AEA,EN,Combined TRACON& Tower with Radar,0,1,4,0,5,0,0,33,0,33,0,1,37,0,38,0,0,0,38
06/18/2020,RDG,PA,AEA,EN,Combined TRACON& Tower with Radar,0,5,7,6,18,0,0,7,0,7,0,5,14,6,25,0,0,0,25
06/19/2020,RDG,PA,AEA,EN,Combined TRACON& Tower with Radar,0,1,11,0,12,0,0,9,0,9,0,1,20,0,21,0,0,0,21
06/20/2020,RDG,PA,AEA,EN,Combined TRACON& Tower with Radar,0,2,13,0,15,0,0,19,0,19,0,2,32,0,34,0,0,0,34
06/21/2020,RDG,PA,AEA,EN,Combined TRACON& Tower with Radar,0,0,13,0,13,0,0,10,0,10,0,0,23,0,23,0,0,0,23
06/22/2020,RDG,PA,AEA,EN,Combined TRACON& Tower with Radar,0,7,10,4,21,0,8,22,4,34,0,15,32,8,55,8,10,18,73
06/23/2020,RDG,PA,AEA,EN,Combined TRACON& Tower with Radar,0,4,11,0,15,0,1,23,0,24,0,5,34,0,39,0,0,0,39
06/24/2020,RDG,PA,AEA,EN,Combined TRACON& Tower with Radar,0,3,8,1,12,0,0,25,1,26,0,3,33,2,38,32,0,32,70
06/25/2020,RDG,PA,AEA,EN,Combined TRACON& Tower with Radar,0,2,30,2,34,0,0,36,0,36,0,2,66,2,70,0,0,0,70
06/26/2020,RDG,PA,AEA,EN,Combined TRACON& Tower with Radar,0,3,13,3,19,0,0,37,3,40,0,3,50,6,59,50,10,60,119
06/27/2020,RDG,PA,AEA,EN,Combined TRACON& Tower with Radar,0,2,2,0,4,0,0,8,0,8,0,2,10,0,12,6,0,6,18
06/28/2020,RDG,PA,AEA,EN,Combined TRACON& Tower with Radar,0,0,15,0,15,0,1,30,0,31,0,1,45,0,46,26,0,26,72
06/29/2020,RDG,PA,AEA,EN,Combined TRACON& Tower with Radar,0,0,22,2,24,0,0,44,2,46,0,0,66,4,70,50,2,52,122
06/30/2020,RDG,PA,AEA,EN,Combined TRACON& Tower with Radar,0,3,8,0,11,0,3,36,0,39,0,6,44,0,50,44,0,44,94
07/01/2020,RDG,PA,AEA,EN,Combined TRACON& Tower with Radar,0,3,21,0,24,0,5,23,1,29,0,8,44,1,53,4,0,4,57
07/02/2020,RDG,PA,AEA,EN,Combined TRACON& Tower with Radar,0,3,11,2,16,0,2,50,0,52,0,5,61,2,68,0,0,0,68
07/03/2020,RDG,PA,AEA,EN,Combined TRACON& Tower with Radar,0,1,16,0,17,0,0,56,0,56,0,1,72,0,73,0,0,0,73
07/04/2020,RDG,PA,AEA,EN,Combined TRACON& Tower with Radar,0,2,8,0,10,0,0,13,0,13,0,2,21,0,23,0,0,0,23
07/05/2020,RDG,PA,AEA,EN,Combined TRACON& Tower with Radar,0,1,11,0,12,0,1,39,0,40,0,2,50,0,52,0,0,0,52
07/06/2020,RDG,PA,AEA,EN,Combined TRACON& Tower with Radar,0,3,5,0,8,0,5,28,0,33,0,8,33,0,41,0,0,0,41
07/07/2020,RDG,PA,AEA,EN,Combined TRACON& Tower with Radar,0,6,10,2,18,0,0,19,0,19,0,6,29,2,37,0,0,0,37
07/08/2020,RDG,PA,AEA,EN,Combined TRACON& Tower with Radar,0,4,8,0,12,0,1,6,1,8,0,5,14,1,20,0,0,0,20
07/09/2020,RDG,PA,AEA,EN,Combined TRACON& Tower with Radar,0,3,17,0,20,0,0,16,0,16,0,3,33,0,36,28,0,28,64
07/10/2020,RDG,PA,AEA,EN,Combined TRACON& Tower with Radar,0,1,2,0,3,0,0,2,0,2,0,1,4,0,5,8,0,8,13
07/11/2020,RDG,PA,AEA,EN,Combined TRACON& Tower with Radar,0,2,26,0,28,0,0,5,0,5,0,2,31,0,33,60,0,60,93
07/12/2020,RDG,PA,AEA,EN,Combined TRACON& Tower with Radar,0,0,12,0,12,0,0,46,0,46,0,0,58,0,58,34,0,34,92
07/13/2020,RDG,PA,AEA,EN,Combined TRACON& Tower with Radar,0,1,15,3,19,0,1,27,1,29,0,2,42,4,48,24,0,24,72
07/14/2020,RDG,PA,AEA,EN,Combined TRACON& Tower with Radar,0,3,19,0,22,0,1,40,0,41,0,4,59,0,63,72,0,72,135
07/15/2020,RDG,PA,AEA,EN,Combined TRACON& Tower with Radar,0,5,27,0,32,0,0,39,0,39,0,5,66,0,71,142,0,142,213
07/16/2020,RDG,PA,AEA,EN,Combined TRACON& Tower with Radar,0,3,15,0,18,0,2,11,0,13,0,5,26,0,31,36,0,36,67
07/17/2020,RDG,PA,AEA,EN,Combined TRACON& Tower with Radar,0,4,29,0,33,0,2,4,0,6,0,6,33,0,39,0,0,0,39
07/18/2020,RDG,PA,AEA,EN,Combined TRACON& Tower with Radar,0,5,5,0,10,0,0,49,0,49,0,5,54,0,59,0,0,0,59
07/19/2020,RDG,PA,AEA,EN,Combined TRACON& Tower with Radar,0,1,6,0,7,0,0,34,0,34,0,1,40,0,41,0,0,0,41
07/20/2020,RDG,PA,AEA,EN,Combined TRACON& Tower with Radar,0,5,9,0,14,0,3,28,0,31,0,8,37,0,45,0,0,0,45
07/21/2020,RDG,PA,AEA,EN,Combined TRACON& Tower with Radar,0,7,19,0,26,0,4,25,0,29,0,11,44,0,55,0,0,0,55
07/22/2020,RDG,PA,AEA,EN,Combined TRACON& Tower with Radar,0,8,8,0,16,0,2,31,0,33,0,10,39,0,49,48,0,48,97
07/23/2020,RDG,PA,AEA,EN,Combined TRACON& Tower with Radar,0,8,9,0,17,0,0,2,0,2,0,8,11,0,19,6,0,6,25
07/24/2020,RDG,PA,AEA,EN,Combined TRACON& Tower with Radar,0,2,22,0,24,0,1,11,0,12,0,3,33,0,36,30,0,30,66
07/25/2020,RDG,PA,AEA,EN,Combined TRACON& Tower with Radar,0,4,21,0,25,0,0,31,0,31,0,4,52,0,56,34,0,34,90
07/26/2020,RDG,PA,AEA,EN,Combined TRACON& Tower with Radar,0,1,16,0,17,0,0,52,0,52,0,1,68,0,69,112,0,112,181
07/27/2020,RDG,PA,AEA,EN,Combined TRACON& Tower with Radar,0,0,6,2,8,0,0,29,2,31,0,0,35,4,39,24,0,24,63
07/28/2020,RDG,PA,AEA,EN,Combined TRACON& Tower with Radar,0,3,14,0,17,0,0,19,0,19,0,3,33,0,36,18,0,18,54
07/29/2020,RDG,PA,AEA,EN,Combined TRACON& Tower with Radar,0,5,12,4,21,0,3,34,3,40,0,8,46,7,61,42,0,42,103
07/30/2020,RDG,PA,AEA,EN,Combined TRACON& Tower with Radar,0,1,14,0,15,0,0,39,0,39,0,1,53,0,54,14,0,14,68
07/31/2020,RDG,PA,AEA,EN,Combined TRACON& Tower with Radar,0,3,17,0,20,0,0,2,1,3,0,3,19,1,23,0,0,0,23
08/01/2020,RDG,PA,AEA,EN,Combined TRACON& Tower with Radar,0,2,28,0,30,0,0,42,0,42,0,2,70,0,72,0,0,0,72
08/02/2020,RDG,PA,AEA,EN,Combined TRACON& Tower with Radar,0,3,10,0,13,0,0,10,0,10,0,3,20,0,23,0,0,0,23
08/03/2020,RDG,PA,AEA,EN,Combined TRACON& Tower with Radar,0,4,14,2,20,0,3,28,1,32,0,7,42,3,52,0,0,0,52
08/04/2020,RDG,PA,AEA,EN,Combined TRACON& Tower with Radar,0,2,1,0,3,0,0,1,1,2,0,2,2,1,5,0,0,0,5
08/05/2020,RDG,PA,AEA,EN,Combined TRACON& Tower with Radar,0,4,11,0,15,0,4,51,0,55,0,8,62,0,70,0,0,0,70
08/06/2020,RDG,PA,AEA,EN,Combined TRACON& Tower with Radar,0,8,20,0,28,0,3,20,0,23,0,11,40,0,51,20,0,20,71
08/07/2020,RDG,PA,AEA,EN,Combined TRACON& Tower with Radar,0,2,11,0,13,0,0,0,0,0,0,2,11,0,13,0,0,0,13
08/08/2020,RDG,PA,AEA,EN,Combined TRACON& Tower with Radar,0,4,31,0,35,0,0,21,0,21,0,4,52,0,56,60,0,60,116
08/09/2020,RDG,PA,AEA,EN,Combined TRACON& Tower with Radar,0,3,18,0,21,0,1,67,0,68,0,4,85,0,89,72,0,72,161
08/10/2020,RDG,PA,AEA,EN,Combined TRACON& Tower with Radar,0,2,10,0,12,0,0,45,0,45,0,2,55,0,57,46,0,46,103
08/11/2020,RDG,PA,AEA,EN,Combined TRACON& Tower with Radar,0,3,15,0,18,0,0,24,0,24,0,3,39,0,42,40,0,40,82
08/12/2020,RDG,PA,AEA,EN,Combined TRACON& Tower with Radar,0,2,7,1,10,0,0,31,4,35,0,2,38,5,45,36,2,38,83
08/13/2020,RDG,PA,AEA,EN,Combined TRACON& Tower with Radar,0,1,21,0,22,0,0,24,2,26,0,1,45,2,48,32,0,32,80
08/14/2020,RDG,PA,AEA,EN,Combined TRACON& Tower with Radar,0,5,16,3,24,0,0,33,3,36,0,5,49,6,60,48,6,54,114
08/15/2020,RDG,PA,AEA,EN,Combined TRACON& Tower with Radar,0,1,20,0,21,0,0,59,0,59,0,1,79,0,80,32,0,32,112
08/16/2020,RDG,PA,AEA,EN,Combined TRACON& Tower with Radar,0,2,10,0,12,0,0,0,0,0,0,2,10,0,12,0,0,0,12
08/17/2020,RDG,PA,AEA,EN,Combined TRACON& Tower with Radar,0,1,19,2,22,0,0,24,2,26,0,1,43,4,48,0,0,0,48
08/18/2020,RDG,PA,AEA,EN,Combined TRACON& Tower with Radar,0,3,11,0,14,0,1,47,0,48,0,4,58,0,62,0,0,0,62
08/19/2020,RDG,PA,AEA,EN,Combined TRACON& Tower with Radar,0,5,13,0,18,0,1,14,0,15,0,6,27,0,33,0,0,0,33
08/20/2020,RDG,PA,AEA,EN,Combined TRACON& Tower with Radar,0,3,21,0,24,0,3,69,0,72,0,6,90,0,96,0,0,0,96
08/21/2020,RDG,PA,AEA,EN,Combined TRACON& Tower with Radar,0,3,14,0,17,0,2,35,0,37,0,5,49,0,54,34,0,34,88
08/22/2020,RDG,PA,AEA,EN,Combined TRACON& Tower with Radar,0,9,11,0,20,0,0,41,0,41,0,9,52,0,61,72,0,72,133
08/23/2020,RDG,PA,AEA,EN,Combined TRACON& Tower with Radar,0,2,3,0,5,0,0,7,0,7,0,2,10,0,12,30,0,30,42
08/24/2020,RDG,PA,AEA,EN,Combined TRACON& Tower with Radar,0,0,9,0,9,0,2,13,0,15,0,2,22,0,24,72,0,72,96
08/25/2020,RDG,PA,AEA,EN,Combined TRACON& Tower with Radar,0,3,13,0,16,0,5,21,0,26,0,8,34,0,42,22,0,22,64
08/26/2020,RDG,PA,AEA,EN,Combined TRACON& Tower with Radar,0,3,9,0,12,0,5,36,0,41,0,8,45,0,53,42,0,42,95
08/27/2020,RDG,PA,AEA,EN,Combined TRACON& Tower with Radar,0,3,2,0,5,0,3,17,0,20,0,6,19,0,25,18,0,18,43
08/28/2020,RDG,PA,AEA,EN,Combined TRACON& Tower with Radar,0,5,9,0,14,0,2,20,0,22,0,7,29,0,36,92,0,92,128
08/29/2020,RDG,PA,AEA,EN,Combined TRACON& Tower with Radar,0,2,18,0,20,0,0,0,0,0,0,2,18,0,20,4,0,4,24
08/30/2020,RDG,PA,AEA,EN,Combined TRACON& Tower with Radar,0,0,9,0,9,0,0,58,0,58,0,0,67,0,67,50,0,50,117
08/31/2020,RDG,PA,AEA,EN,Combined TRACON& Tower with Radar,0,1,7,0,8,0,1,25,0,26,0,2,32,0,34,0,0,0,34
09/01/2020,RDG,PA,AEA,EN,Combined TRACON& Tower with Radar,0,3,11,0,14,0,2,2,0,4,0,5,13,0,18,0,0,0,18
09/02/2020,RDG,PA,AEA,EN,Combined TRACON& Tower with Radar,0,7,15,0,22,0,0,0,0,0,0,7,15,0,22,0,0,0,22
09/03/2020,RDG,PA,AEA,EN,Combined TRACON& Tower with Radar,0,1,10,0,11,0,3,26,0,29,0,4,36,0,40,0,0,0,40
09/04/2020,RDG,PA,AEA,EN,Combined TRACON& Tower with Radar,0,2,22,0,24,0,2,44,0,46,0,4,66,0,70,0,0,0,70
09/05/2020,RDG,PA,AEA,EN,Combined TRACON& Tower with Radar,0,2,8,0,10,0,0,42,0,42,0,2,50,0,52,50,0,50,102
09/06/2020,RDG,PA,AEA,EN,Combined TRACON& Tower with Radar,0,1,6,0,7,0,0,33,0,33,0,1,39,0,40,22,0,22,62
09/07/2020,RDG,PA,AEA,EN,Combined TRACON& Tower with Radar,0,0,15,0,15,0,2,33,0,35,0,2,48,0,50,42,0,42,92
09/08/2020,RDG,PA,AEA,EN,Combined TRACON& Tower with Radar,0,10,11,0,21,0,9,22,0,31,0,19,33,0,52,32,0,32,84
09/09/2020,RDG,PA,AEA,EN,Combined TRACON& Tower with Radar,0,4,16,2,22,0,0,11,0,11,0,4,27,2,33,22,0,22,55
09/10/2020,RDG,PA,AEA,EN,Combined TRACON& Tower with Radar,0,7,13,0,20,0,0,0,0,0,0,7,13,0,20,0,0,0,20
09/11/2020,RDG,PA,AEA,EN,Combined TRACON& Tower with Radar,0,3,20,2,25,0,2,34,1,37,0,5,54,3,62,0,0,0,62
09/12/2020,RDG,PA,AEA,EN,Combined TRACON& Tower with Radar,0,3,25,0,28,0,0,26,0,26,0,3,51,0,54,0,0,0,54
09/13/2020,RDG,PA,AEA,EN,Combined TRACON& Tower with Radar,0,3,19,0,22,0,1,23,0,24,0,4,42,0,46,86,0,86,132
09/14/2020,RDG,PA,AEA,EN,Combined TRACON& Tower with Radar,0,3,15,3,21,0,0,34,3,37,0,3,49,6,58,0,0,0,58
09/15/2020,RDG,PA,AEA,EN,Combined TRACON& Tower with Radar,0,5,17,3,25,0,2,31,1,34,0,7,48,4,59,10,0,10,69
09/16/2020,RDG,PA,AEA,EN,Combined TRACON& Tower with Radar,0,6,19,0,25,0,0,35,0,35,0,6,54,0,60,8,0,8,68
09/17/2020,RDG,PA,AEA,EN,Combined TRACON& Tower with Radar,0,4,14,2,20,0,2,38,0,40,0,6,52,2,60,38,0,38,98
09/18/2020,RDG,PA,AEA,EN,Combined TRACON& Tower with Radar,0,2,10,0,12,0,2,14,0,16,0,4,24,0,28,8,0,8,36
09/19/2020,RDG,PA,AEA,EN,Combined TRACON& Tower with Radar,0,2,15,0,17,0,1,45,0,46,0,3,60,0,63,0,0,0,63
09/20/2020,RDG,PA,AEA,EN,Combined TRACON& Tower with Radar,0,0,13,0,13,0,0,41,0,41,0,0,54,0,54,66,0,66,120
09/21/2020,RDG,PA,AEA,EN,Combined TRACON& Tower with Radar,0,0,7,0,7,0,3,28,0,31,0,3,35,0,38,30,0,30,68
09/22/2020,RDG,PA,AEA,EN,Combined TRACON& Tower with Radar,0,5,13,0,18,0,1,48,0,49,0,6,61,0,67,34,0,34,101
09/23/2020,RDG,PA,AEA,EN,Combined TRACON& Tower with Radar,0,5,8,0,13,0,2,36,0,38,0,7,44,0,51,22,0,22,73
09/24/2020,RDG,PA,AEA,EN,Combined TRACON& Tower with Radar,0,8,12,1,21,0,2,40,1,43,0,10,52,2,64,58,0,58,122
09/25/2020,RDG,PA,AEA,EN,Combined TRACON& Tower with Radar,0,2,28,0,30,0,2,28,0,30,0,4,56,0,60,24,0,24,84
09/26/2020,RDG,PA,AEA,EN,Combined TRACON& Tower with Radar,0,6,25,0,31,0,0,0,0,0,0,6,25,0,31,0,0,0,31
09/27/2020,RDG,PA,AEA,EN,Combined TRACON& Tower with Radar,0,0,15,0,15,0,0,3,0,3,0,0,18,0,18,0,0,0,18
09/28/2020,RDG,PA,AEA,EN,Combined TRACON& Tower with Radar,0,17,7,0,24,0,4,10,0,14,0,21,17,0,38,0,0,0,38
09/29/2020,RDG,PA,AEA,EN,Combined TRACON& Tower with Radar,0,0,14,0,14,0,3,2,2,7,0,3,16,2,21,6,0,6,27
09/30/2020,RDG,PA,AEA,EN,Combined TRACON& Tower with Radar,0,5,10,0,15,0,2,14,0,16,0,7,24,0,31,0,0,0,31
10/01/2020,RDG,PA,AEA,EN,Combined TRACON& Tower with Radar,0,3,17,0,20,0,2,75,0,77,0,5,92,0,97,56,0,56,153
10/02/2020,RDG,PA,AEA,EN,Combined TRACON& Tower with Radar,0,1,15,0,16,0,8,27,0,35,0,9,42,0,51,26,0,26,77
10/03/2020,RDG,PA,AEA,EN,Combined TRACON& Tower with Radar,0,4,9,0,13,0,0,53,0,53,0,4,62,0,66,112,0,112,178
10/04/2020,RDG,PA,AEA,EN,Combined TRACON& Tower with Radar,0,1,12,0,13,0,3,44,0,47,0,4,56,0,60,42,0,42,102
10/05/2020,RDG,PA,AEA,EN,Combined TRACON& Tower with Radar,0,3,11,0,14,0,0,15,1,16,0,3,26,1,30,22,0,22,52
10/06/2020,RDG,PA,AEA,EN,Combined TRACON& Tower with Radar,0,5,14,0,19,0,0,37,0,37,0,5,51,0,56,0,0,0,56
10/07/2020,RDG,PA,AEA,EN,Combined TRACON& Tower with Radar,0,2,12,0,14,0,31,23,0,54,0,33,35,0,68,38,0,38,106
10/08/2020,RDG,PA,AEA,EN,Combined TRACON& Tower with Radar,0,3,12,1,16,0,2,27,2,31,0,5,39,3,47,22,2,24,71
10/09/2020,RDG,PA,AEA,EN,Combined TRACON& Tower with Radar,0,2,11,0,13,0,2,63,0,65,0,4,74,0,78,60,0,60,138
10/10/2020,RDG,PA,AEA,EN,Combined TRACON& Tower with Radar,0,4,29,0,33,0,1,50,0,51,0,5,79,0,84,42,0,42,126
10/11/2020,RDG,PA,AEA,EN,Combined TRACON& Tower with Radar,0,1,19,0,20,0,0,3,0,3,0,1,22,0,23,0,0,0,23
10/12/2020,RDG,PA,AEA,EN,Combined TRACON& Tower with Radar,0,3,8,0,11,0,0,0,0,0,0,3,8,0,11,0,0,0,11
10/13/2020,RDG,PA,AEA,EN,Combined TRACON& Tower with Radar,0,7,25,0,32,0,0,1,0,1,0,7,26,0,33,0,0,0,33
10/14/2020,RDG,PA,AEA,EN,Combined TRACON& Tower with Radar,0,5,15,0,20,0,3,54,0,57,0,8,69,0,77,92,0,92,169
10/15/2020,RDG,PA,AEA,EN,Combined TRACON& Tower with Radar,0,1,11,0,12,0,2,28,0,30,0,3,39,0,42,12,0,12,54
10/16/2020,RDG,PA,AEA,EN,Combined TRACON& Tower with Radar,0,3,14,1,18,0,2,5,4,11,0,5,19,5,29,4,0,4,33
10/17/2020,RDG,PA,AEA,EN,Combined TRACON& Tower with Radar,0,1,4,2,7,0,0,29,1,30,0,1,33,3,37,52,0,52,89
10/18/2020,RDG,PA,AEA,EN,Combined TRACON& Tower with Radar,0,0,21,1,22,0,0,58,0,58,0,0,79,1,80,44,0,44,124
10/19/2020,RDG,PA,AEA,EN,Combined TRACON& Tower with Radar,0,4,11,0,15,0,3,18,0,21,0,7,29,0,36,2,0,2,38
10/20/2020,RDG,PA,AEA,EN,Combined TRACON& Tower with Radar,0,7,11,6,24,0,0,14,0,14,0,7,25,6,38,0,0,0,38
10/21/2020,RDG,PA,AEA,EN,Combined TRACON& Tower with Radar,0,12,7,0,19,0,1,0,0,1,0,13,7,0,20,0,0,0,20
10/22/2020,RDG,PA,AEA,EN,Combined TRACON& Tower with Radar,0,10,14,0,24,0,1,1,0,2,0,11,15,0,26,16,0,16,42
10/23/2020,RDG,PA,AEA,EN,Combined TRACON& Tower with Radar,0,12,3,0,15,0,13,4,2,19,0,25,7,2,34,38,6,44,78
10/24/2020,RDG,PA,AEA,EN,Combined TRACON& Tower with Radar,0,1,14,0,15,0,0,23,0,23,0,1,37,0,38,42,0,42,80
10/25/2020,RDG,PA,AEA,EN,Combined TRACON& Tower with Radar,0,1,11,1,13,0,0,37,1,38,0,1,48,2,51,38,0,38,89
10/26/2020,RDG,PA,AEA,EN,Combined TRACON& Tower with Radar,0,1,10,0,11,0,0,0,0,0,0,1,10,0,11,0,0,0,11
10/27/2020,RDG,PA,AEA,EN,Combined TRACON& Tower with Radar,0,2,13,0,15,0,2,28,0,30,0,4,41,0,45,14,0,14,59
10/28/2020,RDG,PA,AEA,EN,Combined TRACON& Tower with Radar,0,3,11,2,16,0,0,0,0,0,0,3,11,2,16,10,32,42,58
10/29/2020,RDG,PA,AEA,EN,Combined TRACON& Tower with Radar,0,5,4,0,9,0,0,0,0,0,0,5,4,0,9,0,0,0,9
10/30/2020,RDG,PA,AEA,EN,Combined TRACON& Tower with Radar,0,3,4,7,14,0,0,2,1,3,0,3,6,8,17,20,6,26,43
10/31/2020,RDG,PA,AEA,EN,Combined TRACON& Tower with Radar,0,1,8,3,12,0,0,33,0,33,0,1,41,3,45,34,0,34,79
11/01/2020,RDG,PA,AEA,EN,Combined TRACON& Tower with Radar,0,1,3,3,7,0,0,1,0,1,0,1,4,3,8,41,0,41,49
11/02/2020,RDG,PA,AEA,EN,Combined TRACON& Tower with Radar,0,1,4,0,5,0,0,0,0,0,0,1,4,0,5,0,0,0,5
11/03/2020,RDG,PA,AEA,EN,Combined TRACON& Tower with Radar,0,5,4,2,11,0,0,30,1,31,0,5,34,3,42,46,12,58,100
11/04/2020,RDG,PA,AEA,EN,Combined TRACON& Tower with Radar,0,5,14,0,19,0,2,64,0,66,0,7,78,0,85,92,0,92,177
11/05/2020,RDG,PA,AEA,EN,Combined TRACON& Tower with Radar,0,6,19,0,25,0,2,41,0,43,0,8,60,0,68,40,0,40,108
11/06/2020,RDG,PA,AEA,EN,Combined TRACON& Tower with Radar,0,4,16,0,20,0,3,53,0,56,0,7,69,0,76,74,0,74,150
11/07/2020,RDG,PA,AEA,EN,Combined TRACON& Tower with Radar,0,1,21,0,22,0,0,75,0,75,0,1,96,0,97,99,0,99,196
11/08/2020,RDG,PA,AEA,EN,Combined TRACON& Tower with Radar,0,1,29,0,30,0,0,71,0,71,0,1,100,0,101,100,0,100,201
11/09/2020,RDG,PA,AEA,EN,Combined TRACON& Tower with Radar,0,3,16,0,19,0,8,44,0,52,0,11,60,0,71,88,0,88,159
11/10/2020,RDG,PA,AEA,EN,Combined TRACON& Tower with Radar,0,2,19,0,21,0,2,27,0,29,0,4,46,0,50,38,0,38,88
11/11/2020,RDG,PA,AEA,EN,Combined TRACON& Tower with Radar,0,1,5,0,6,0,0,0,0,0,0,1,5,0,6,0,0,0,6
11/12/2020,RDG,PA,AEA,EN,Combined TRACON& Tower with Radar,0,8,10,0,18,0,0,2,0,2,0,8,12,0,20,26,0,26,46
11/13/2020,RDG,PA,AEA,EN,Combined TRACON& Tower with Radar,0,4,13,0,17,0,1,14,0,15,0,5,27,0,32,30,0,30,62
11/14/2020,RDG,PA,AEA,EN,Combined TRACON& Tower with Radar,0,1,12,0,13,0,0,52,0,52,0,1,64,0,65,52,0,52,117
11/15/2020,RDG,PA,AEA,EN,Combined TRACON& Tower with Radar,0,1,1,0,2,0,0,5,0,5,0,1,6,0,7,16,0,16,23
11/16/2020,RDG,PA,AEA,EN,Combined TRACON& Tower with Radar,0,4,5,0,9,0,1,15,0,16,0,5,20,0,25,8,0,8,33
11/17/2020,RDG,PA,AEA,EN,Combined TRACON& Tower with Radar,0,3,7,0,10,0,0,16,0,16,0,3,23,0,26,0,0,0,26
11/18/2020,RDG,PA,AEA,EN,Combined TRACON& Tower with Radar,0,5,4,1,10,0,2,20,1,23,0,7,24,2,33,24,0,24,57
11/19/2020,RDG,PA,AEA,EN,Combined TRACON& Tower with Radar,0,8,19,0,27,0,3,37,0,40,0,11,56,0,67,56,0,56,123
11/20/2020,RDG,PA,AEA,EN,Combined TRACON& Tower with Radar,0,3,9,0,12,0,1,47,2,50,0,4,56,2,62,42,0,42,104
11/21/2020,RDG,PA,AEA,EN,Combined TRACON& Tower with Radar,0,4,16,0,20,0,0,58,0,58,0,4,74,0,78,28,0,28,106
11/22/2020,RDG,PA,AEA,EN,Combined TRACON& Tower with Radar,0,0,31,0,31,0,0,12,0,12,0,0,43,0,43,14,0,14,57
11/23/2020,RDG,PA,AEA,EN,Combined TRACON& Tower with Radar,0,1,4,0,5,0,0,4,0,4,0,1,8,0,9,10,0,10,19
11/24/2020,RDG,PA,AEA,EN,Combined TRACON& Tower with Radar,0,1,17,0,18,0,0,59,0,59,0,1,76,0,77,42,0,42,119
11/25/2020,RDG,PA,AEA,EN,Combined TRACON& Tower with Radar,0,2,15,0,17,0,0,33,0,33,0,2,48,0,50,80,0,80,130
11/26/2020,RDG,PA,AEA,EN,Combined TRACON& Tower with Radar,0,1,0,0,1,0,0,2,0,2,0,1,2,0,3,0,0,0,3
11/27/2020,RDG,PA,AEA,EN,Combined TRACON& Tower with Radar,0,0,6,0,6,0,0,42,0,42,0,0,48,0,48,44,0,44,92
11/28/2020,RDG,PA,AEA,EN,Combined TRACON& Tower with Radar,0,1,20,0,21,0,0,33,0,33,0,1,53,0,54,66,0,66,120
11/29/2020,RDG,PA,AEA,EN,Combined TRACON& Tower with Radar,0,1,26,0,27,0,0,63,0,63,0,1,89,0,90,70,0,70,160
11/30/2020,RDG,PA,AEA,EN,Combined TRACON& Tower with Radar,0,0,4,0,4,0,0,0,0,0,0,0,4,0,4,0,0,0,4
12/01/2020,RDG,PA,AEA,EN,Combined TRACON& Tower with Radar,0,8,8,0,16,0,4,3,0,7,0,12,11,0,23,0,0,0,23
12/02/2020,RDG,PA,AEA,EN,Combined TRACON& Tower with Radar,0,4,9,2,15,0,4,11,2,17,0,8,20,4,32,5,12,17,49
12/03/2020,RDG,PA,AEA,EN,Combined TRACON& Tower with Radar,0,10,22,4,36,0,2,49,2,53,0,12,71,6,89,98,0,98,187
12/04/2020,RDG,PA,AEA,EN,Combined TRACON& Tower with Radar,0,9,8,2,19,0,0,29,0,29,0,9,37,2,48,0,0,0,48
12/05/2020,RDG,PA,AEA,EN,Combined TRACON& Tower with Radar,0,2,12,0,14,0,0,6,0,6,0,2,18,0,20,24,0,24,44
12/06/2020,RDG,PA,AEA,EN,Combined TRACON& Tower with Radar,0,0,11,0,11,0,0,30,0,30,0,0,41,0,41,36,0,36,77
12/07/2020,RDG,PA,AEA,EN,Combined TRACON& Tower with Radar,0,1,19,5,25,0,0,38,1,39,0,1,57,6,64,0,0,0,64
12/08/2020,RDG,PA,AEA,EN,Combined TRACON& Tower with Radar,0,1,10,0,11,0,0,58,0,58,0,1,68,0,69,0,0,0,69
12/09/2020,RDG,PA,AEA,EN,Combined TRACON& Tower with Radar,0,1,1,0,2,0,0,8,0,8,0,1,9,0,10,0,0,0,10
12/10/2020,RDG,PA,AEA,EN,Combined TRACON& Tower with Radar,0,1,17,2,20,0,0,29,0,29,0,1,46,2,49,192,0,192,241
12/11/2020,RDG,PA,AEA,EN,Combined TRACON& Tower with Radar,0,2,12,0,14,0,0,40,0,40,0,2,52,0,54,46,0,46,100
12/12/2020,RDG,PA,AEA,EN,Combined TRACON& Tower with Radar,0,1,12,0,13,0,0,0,4,4,0,1,12,4,17,6,16,22,39
12/13/2020,RDG,PA,AEA,EN,Combined TRACON& Tower with Radar,0,1,10,0,11,0,0,21,0,21,0,1,31,0,32,56,0,56,88
12/14/2020,RDG,PA,AEA,EN,Combined TRACON& Tower with Radar,0,0,3,0,3,0,0,0,0,0,0,0,3,0,3,0,0,0,3
12/15/2020,RDG,PA,AEA,EN,Combined TRACON& Tower with Radar,0,6,13,0,19,0,2,51,0,53,0,8,64,0,72,93,0,93,165
12/16/2020,RDG,PA,AEA,EN,Combined TRACON& Tower with Radar,0,2,2,0,4,0,0,1,0,1,0,2,3,0,5,0,0,0,5
12/17/2020,RDG,PA,AEA,EN,Combined TRACON& Tower with Radar,0,3,0,0,3,0,1,0,0,1,0,4,0,0,4,8,0,8,12
12/18/2020,RDG,PA,AEA,EN,Combined TRACON& Tower with Radar,0,3,16,1,20,0,1,11,1,13,0,4,27,2,33,0,0,0,33
12/19/2020,RDG,PA,AEA,EN,Combined TRACON& Tower with Radar,0,3,17,0,20,0,0,37,0,37,0,3,54,0,57,20,0,20,77
12/20/2020,RDG,PA,AEA,EN,Combined TRACON& Tower with Radar,0,2,5,0,7,0,0,2,0,2,0,2,7,0,9,14,0,14,23
12/21/2020,RDG,PA,AEA,EN,Combined TRACON& Tower with Radar,0,1,2,0,3,0,0,0,0,0,0,1,2,0,3,0,0,0,3
12/22/2020,RDG,PA,AEA,EN,Combined TRACON& Tower with Radar,0,7,16,0,23,0,4,18,0,22,0,11,34,0,45,18,0,18,63
12/23/2020,RDG,PA,AEA,EN,Combined TRACON& Tower with Radar,0,2,5,2,9,0,2,49,0,51,0,4,54,2,60,28,0,28,88
12/24/2020,RDG,PA,AEA,EN,Combined TRACON& Tower with Radar,0,6,0,0,6,0,0,2,0,2,0,6,2,0,8,0,0,0,8
12/25/2020,RDG,PA,AEA,EN,Combined TRACON& Tower with Radar,0,3,0,0,3,0,0,0,0,0,0,3,0,0,3,0,0,0,3
12/26/2020,RDG,PA,AEA,EN,Combined TRACON& Tower with Radar,0,0,9,0,9,0,0,19,0,19,0,0,28,0,28,24,0,24,52
12/27/2020,RDG,PA,AEA,EN,Combined TRACON& Tower with Radar,0,0,10,0,10,0,0,45,0,45,0,0,55,0,55,44,0,44,99
12/28/2020,RDG,PA,AEA,EN,Combined TRACON& Tower with Radar,0,4,13,0,17,0,0,29,0,29,0,4,42,0,46,14,0,14,60
12/29/2020,RDG,PA,AEA,EN,Combined TRACON& Tower with Radar,0,2,0,0,2,0,0,11,0,11,0,2,11,0,13,12,0,12,25
12/30/2020,RDG,PA,AEA,EN,Combined TRACON& Tower with Radar,0,3,12,0,15,0,0,32,0,32,0,3,44,0,47,6,0,6,53
12/31/2020,RDG,PA,AEA,EN,Combined TRACON& Tower with Radar,0,1,3,0,4,0,0,5,0,5,0,1,8,0,9,32,0,32,41
01/01/2021,RDG,PA,AEA,EN,Combined TRACON& Tower with Radar,0,2,0,0,2,0,0,4,0,4,0,2,4,0,6,2,0,2,8
01/02/2021,RDG,PA,AEA,EN,Combined TRACON& Tower with Radar,0,1,7,0,8,0,0,4,0,4,0,1,11,0,12,32,0,32,44
01/03/2021,RDG,PA,AEA,EN,Combined TRACON& Tower with Radar,0,1,0,0,1,0,0,0,0,0,0,1,0,0,1,0,0,0,1
01/04/2021,RDG,PA,AEA,EN,Combined TRACON& Tower with Radar,0,3,21,0,24,0,2,12,0,14,0,5,33,0,38,16,2,18,56
01/05/2021,RDG,PA,AEA,EN,Combined TRACON& Tower with Radar,0,7,4,0,11,0,0,6,0,6,0,7,10,0,17,14,0,14,31
01/06/2021,RDG,PA,AEA,EN,Combined TRACON& Tower with Radar,0,4,12,0,16,0,0,23,0,23,0,4,35,0,39,76,0,76,115
01/07/2021,RDG,PA,AEA,EN,Combined TRACON& Tower with Radar,0,5,13,3,21,0,0,39,1,40,0,5,52,4,61,104,0,104,165
01/08/2021,RDG,PA,AEA,EN,Combined TRACON& Tower with Radar,0,0,11,0,11,0,1,43,0,44,0,1,54,0,55,81,0,81,136
01/09/2021,RDG,PA,AEA,EN,Combined TRACON& Tower with Radar,0,1,19,0,20,0,0,28,0,28,0,1,47,0,48,30,0,30,78
01/10/2021,RDG,PA,AEA,EN,Combined TRACON& Tower with Radar,0,0,19,0,19,0,0,60,0,60,0,0,79,0,79,78,0,78,157
01/11/2021,RDG,PA,AEA,EN,Combined TRACON& Tower with Radar,0,4,8,0,12,0,2,30,0,32,0,6,38,0,44,70,0,70,114
01/12/2021,RDG,PA,AEA,EN,Combined TRACON& Tower with Radar,0,4,16,0,20,0,0,41,0,41,0,4,57,0,61,42,0,42,103
01/13/2021,RDG,PA,AEA,EN,Combined TRACON& Tower with Radar,0,5,4,2,11,0,3,23,2,28,0,8,27,4,39,60,0,60,99
01/14/2021,RDG,PA,AEA,EN,Combined TRACON& Tower with Radar,0,5,20,1,26,0,3,45,0,48,0,8,65,1,74,68,0,68,142
01/15/2021,RDG,PA,AEA,EN,Combined TRACON& Tower with Radar,0,2,6,0,8,0,0,1,0,1,0,2,7,0,9,0,0,0,9
01/16/2021,RDG,PA,AEA,EN,Combined TRACON& Tower with Radar,0,2,12,0,14,0,0,21,0,21,0,2,33,0,35,66,0,66,101
01/17/2021,RDG,PA,AEA,EN,Combined TRACON& Tower with Radar,0,0,7,0,7,0,0,24,0,24,0,0,31,0,31,26,0,26,57
01/18/2021,RDG,PA,AEA,EN,Combined TRACON& Tower with Radar,0,0,14,0,14,0,0,24,0,24,0,0,38,0,38,0,0,0,38
01/19/2021,RDG,PA,AEA,EN,Combined TRACON& Tower with Radar,0,2,19,2,23,0,0,24,1,25,0,2,43,3,48,0,0,0,48
01/20/2021,RDG,PA,AEA,EN,Combined TRACON& Tower with Radar,0,6,5,0,11,0,1,7,0,8,0,7,12,0,19,24,0,24,43
01/21/2021,RDG,PA,AEA,EN,Combined TRACON& Tower with Radar,0,4,15,1,20,0,0,42,1,43,0,4,57,2,63,72,0,72,135
01/22/2021,RDG,PA,AEA,EN,Combined TRACON& Tower with Radar,0,2,13,0,15,0,2,34,0,36,0,4,47,0,51,40,0,40,91
01/23/2021,RDG,PA,AEA,EN,Combined TRACON& Tower with Radar,0,4,9,0,13,0,0,6,0,6,0,4,15,0,19,0,0,0,19
01/24/2021,RDG,PA,AEA,EN,Combined TRACON& Tower with Radar,0,0,8,0,8,0,0,53,0,53,0,0,61,0,61,83,0,83,144
01/25/2021,RDG,PA,AEA,EN,Combined TRACON& Tower with Radar,0,0,8,3,11,0,0,38,4,42,0,0,46,7,53,92,0,92,145
01/26/2021,RDG,PA,AEA,EN,Combined TRACON& Tower with Radar,0,1,3,0,4,0,0,0,0,0,0,1,3,0,4,0,0,0,4
01/27/2021,RDG,PA,AEA,EN,Combined TRACON& Tower with Radar,0,4,7,2,13,0,0,14,1,15,0,4,21,3,28,56,0,56,84
01/28/2021,RDG,PA,AEA,EN,Combined TRACON& Tower with Radar,0,6,10,2,18,0,5,9,0,14,0,11,19,2,32,0,0,0,32
01/29/2021,RDG,PA,AEA,EN,Combined TRACON& Tower with Radar,0,2,6,0,8,0,0,2,0,2,0,2,8,0,10,12,0,12,22
01/30/2021,RDG,PA,AEA,EN,Combined TRACON& Tower with Radar,0,5,30,0,35,0,2,44,0,46,0,7,74,0,81,53,0,53,134
01/31/2021,RDG,PA,AEA,EN,Combined TRACON& Tower with Radar,0,1,10,0,11,0,0,6,0,6,0,1,16,0,17,0,0,0,17
02/01/2021,RDG,PA,AEA,EN,Combined TRACON& Tower with Radar,0,0,0,0,0,0,0,0,0,0,0,0,0,0,0,0,0,0,0
02/02/2021,RDG,PA,AEA,EN,Combined TRACON& Tower with Radar,0,2,0,0,2,0,0,0,0,0,0,2,0,0,2,0,0,0,2
02/03/2021,RDG,PA,AEA,EN,Combined TRACON& Tower with Radar,0,1,6,1,8,0,0,1,1,2,0,1,7,2,10,0,0,0,10
02/04/2021,RDG,PA,AEA,EN,Combined TRACON& Tower with Radar,0,0,7,0,7,0,1,27,0,28,0,1,34,0,35,0,0,0,35
02/05/2021,RDG,PA,AEA,EN,Combined TRACON& Tower with Radar,0,4,8,1,13,0,0,11,0,11,0,4,19,1,24,0,0,0,24
02/06/2021,RDG,PA,AEA,EN,Combined TRACON& Tower with Radar,0,1,4,0,5,0,0,21,1,22,0,1,25,1,27,14,0,14,41
02/07/2021,RDG,PA,AEA,EN,Combined TRACON& Tower with Radar,0,1,0,0,1,0,0,0,0,0,0,1,0,0,1,0,0,0,1
02/08/2021,RDG,PA,AEA,EN,Combined TRACON& Tower with Radar,0,7,8,2,17,0,1,34,0,35,0,8,42,2,52,24,0,24,76
02/09/2021,RDG,PA,AEA,EN,Combined TRACON& Tower with Radar,0,3,2,0,5,0,0,0,0,0,0,3,2,0,5,0,0,0,5
02/10/2021,RDG,PA,AEA,EN,Combined TRACON& Tower with Radar,0,9,14,2,25,0,3,29,1,33,0,12,43,3,58,26,4,30,88
02/11/2021,RDG,PA,AEA,EN,Combined TRACON& Tower with Radar,0,1,1,0,2,0,1,0,0,1,0,2,1,0,3,0,0,0,3
02/12/2021,RDG,PA,AEA,EN,Combined TRACON& Tower with Radar,0,1,5,1,7,0,4,36,0,40,0,5,41,1,47,52,0,52,99
02/13/2021,RDG,PA,AEA,EN,Combined TRACON& Tower with Radar,0,1,3,0,4,0,0,9,0,9,0,1,12,0,13,22,0,22,35
02/14/2021,RDG,PA,AEA,EN,Combined TRACON& Tower with Radar,0,1,5,0,6,0,0,11,0,11,0,1,16,0,17,6,0,6,23
02/15/2021,RDG,PA,AEA,EN,Combined TRACON& Tower with Radar,0,2,1,0,3,0,0,0,0,0,0,2,1,0,3,0,0,0,3
02/16/2021,RDG,PA,AEA,EN,Combined TRACON& Tower with Radar,0,1,6,0,7,0,2,2,0,4,0,3,8,0,11,0,4,4,15
02/17/2021,RDG,PA,AEA,EN,Combined TRACON& Tower with Radar,0,7,8,0,15,0,3,47,0,50,0,10,55,0,65,146,0,146,211
02/18/2021,RDG,PA,AEA,EN,Combined TRACON& Tower with Radar,0,4,0,0,4,0,0,0,0,0,0,4,0,0,4,8,0,8,12
02/19/2021,RDG,PA,AEA,EN,Combined TRACON& Tower with Radar,0,1,5,0,6,0,0,0,0,0,0,1,5,0,6,0,0,0,6
02/20/2021,RDG,PA,AEA,EN,Combined TRACON& Tower with Radar,0,1,7,0,8,0,0,19,0,19,0,1,26,0,27,0,0,0,27
02/21/2021,RDG,PA,AEA,EN,Combined TRACON& Tower with Radar,0,4,17,0,21,0,0,72,0,72,0,4,89,0,93,35,0,35,128
02/22/2021,RDG,PA,AEA,EN,Combined TRACON& Tower with Radar,0,1,1,0,2,0,0,7,0,7,0,1,8,0,9,0,0,0,9
02/23/2021,RDG,PA,AEA,EN,Combined TRACON& Tower with Radar,0,4,7,7,18,0,0,14,0,14,0,4,21,7,32,10,0,10,42
02/24/2021,RDG,PA,AEA,EN,Combined TRACON& Tower with Radar,0,2,14,0,16,0,3,47,0,50,0,5,61,0,66,40,0,40,106
02/25/2021,RDG,PA,AEA,EN,Combined TRACON& Tower with Radar,0,12,7,0,19,0,3,33,1,37,0,15,40,1,56,74,0,74,130
02/26/2021,RDG,PA,AEA,EN,Combined TRACON& Tower with Radar,0,5,13,0,18,0,3,61,0,64,0,8,74,0,82,44,0,44,126
02/27/2021,RDG,PA,AEA,EN,Combined TRACON& Tower with Radar,0,2,3,0,5,0,0,0,0,0,0,2,3,0,5,20,0,20,25
02/28/2021,RDG,PA,AEA,EN,Combined TRACON& Tower with Radar,0,1,3,0,4,0,0,0,0,0,0,1,3,0,4,0,0,0,4
03/01/2021,RDG,PA,AEA,EN,Combined TRACON& Tower with Radar,0,1,2,0,3,0,0,4,0,4,0,1,6,0,7,22,0,22,29
03/02/2021,RDG,PA,AEA,EN,Combined TRACON& Tower with Radar,0,1,6,3,10,0,0,12,0,12,0,1,18,3,22,64,0,64,86
03/03/2021,RDG,PA,AEA,EN,Combined TRACON& Tower with Radar,0,3,12,0,15,0,2,72,0,74,0,5,84,0,89,54,4,58,147
03/04/2021,RDG,PA,AEA,EN,Combined TRACON& Tower with Radar,0,3,11,0,14,0,0,24,2,26,0,3,35,2,40,34,0,34,74
03/05/2021,RDG,PA,AEA,EN,Combined TRACON& Tower with Radar,0,4,2,0,6,0,3,5,0,8,0,7,7,0,14,0,0,0,14
03/06/2021,RDG,PA,AEA,EN,Combined TRACON& Tower with Radar,0,3,6,1,10,0,0,14,1,15,0,3,20,2,25,40,0,40,65
03/07/2021,RDG,PA,AEA,EN,Combined TRACON& Tower with Radar,0,2,11,2,15,0,0,64,2,66,0,2,75,4,81,60,0,60,141
03/08/2021,RDG,PA,AEA,EN,Combined TRACON& Tower with Radar,0,2,13,0,15,0,0,35,0,35,0,2,48,0,50,50,0,50,100
03/09/2021,RDG,PA,AEA,EN,Combined TRACON& Tower with Radar,0,1,19,1,21,0,0,35,1,36,0,1,54,2,57,42,0,42,99
03/10/2021,RDG,PA,AEA,EN,Combined TRACON& Tower with Radar,0,4,19,2,25,0,1,38,2,41,0,5,57,4,66,120,0,120,186
03/11/2021,RDG,PA,AEA,EN,Combined TRACON& Tower with Radar,0,6,14,2,22,0,2,28,0,30,0,8,42,2,52,88,0,88,140
03/12/2021,RDG,PA,AEA,EN,Combined TRACON& Tower with Radar,0,1,8,0,9,0,0,15,0,15,0,1,23,0,24,36,0,36,60
03/13/2021,RDG,PA,AEA,EN,Combined TRACON& Tower with Radar,0,1,21,0,22,0,1,48,0,49,0,2,69,0,71,74,0,74,145
03/14/2021,RDG,PA,AEA,EN,Combined TRACON& Tower with Radar,0,0,5,0,5,0,0,7,0,7,0,0,12,0,12,22,0,22,34
03/15/2021,RDG,PA,AEA,EN,Combined TRACON& Tower with Radar,0,5,11,5,21,0,0,26,3,29,0,5,37,8,50,30,16,46,96
03/16/2021,RDG,PA,AEA,EN,Combined TRACON& Tower with Radar,0,2,9,0,11,0,2,17,0,19,0,4,26,0,30,26,0,26,56
03/17/2021,RDG,PA,AEA,EN,Combined TRACON& Tower with Radar,0,6,10,0,16,0,0,0,0,0,0,6,10,0,16,48,0,48,64
03/18/2021,RDG,PA,AEA,EN,Combined TRACON& Tower with Radar,0,3,3,0,6,0,0,0,0,0,0,3,3,0,6,0,0,0,6
03/19/2021,RDG,PA,AEA,EN,Combined TRACON& Tower with Radar,0,3,2,2,7,0,2,1,0,3,0,5,3,2,10,0,0,0,10
03/20/2021,RDG,PA,AEA,EN,Combined TRACON& Tower with Radar,0,2,16,0,18,0,1,66,0,67,0,3,82,0,85,82,0,82,167
03/21/2021,RDG,PA,AEA,EN,Combined TRACON& Tower with Radar,0,0,19,0,19,0,0,58,0,58,0,0,77,0,77,122,0,122,199
03/22/2021,RDG,PA,AEA,EN,Combined TRACON& Tower with Radar,1,5,15,6,27,0,4,52,1,57,1,9,67,7,84,57,0,57,141
03/23/2021,RDG,PA,AEA,EN,Combined TRACON& Tower with Radar,0,1,17,2,20,0,0,36,4,40,0,1,53,6,60,50,0,50,110
03/24/2021,RDG,PA,AEA,EN,Combined TRACON& Tower with Radar,0,4,2,0,6,0,0,0,0,0,0,4,2,0,6,0,0,0,6
03/25/2021,RDG,PA,AEA,EN,Combined TRACON& Tower with Radar,0,7,9,0,16,0,0,1,0,1,0,7,10,0,17,12,0,12,29
03/26/2021,RDG,PA,AEA,EN,Combined TRACON& Tower with Radar,0,1,4,0,5,0,0,1,0,1,0,1,5,0,6,0,0,0,6
03/27/2021,RDG,PA,AEA,EN,Combined TRACON& Tower with Radar,0,1,21,0,22,0,0,61,0,61,0,1,82,0,83,88,0,88,171
03/28/2021,RDG,PA,AEA,EN,Combined TRACON& Tower with Radar,0,6,7,0,13,0,0,0,0,0,0,6,7,0,13,0,0,0,13
03/29/2021,RDG,PA,AEA,EN,Combined TRACON& Tower with Radar,0,7,6,1,14,0,2,6,2,10,0,9,12,3,24,4,0,4,28
03/30/2021,RDG,PA,AEA,EN,Combined TRACON& Tower with Radar,0,7,23,1,31,0,0,133,0,133,0,7,156,1,164,0,0,0,164
03/31/2021,RDG,PA,AEA,EN,Combined TRACON& Tower with Radar,0,6,20,0,26,0,0,3,0,3,0,6,23,0,29,0,0,0,29
04/01/2021,RDG,PA,AEA,EN,Combined TRACON& Tower with Radar,0,3,3,2,8,0,3,6,2,11,0,6,9,4,19,34,16,50,69
04/02/2021,RDG,PA,AEA,EN,Combined TRACON& Tower with Radar,0,1,11,0,12,0,3,6,0,9,0,4,17,0,21,0,0,0,21
04/03/2021,RDG,PA,AEA,EN,Combined TRACON& Tower with Radar,0,1,25,0,26,0,0,79,0,79,0,1,104,0,105,56,1,57,162
04/04/2021,RDG,PA,AEA,EN,Combined TRACON& Tower with Radar,0,2,3,0,5,0,1,22,0,23,0,3,25,0,28,36,0,36,64
04/05/2021,RDG,PA,AEA,EN,Combined TRACON& Tower with Radar,0,3,10,4,17,0,1,21,0,22,0,4,31,4,39,0,0,0,39
04/06/2021,RDG,PA,AEA,EN,Combined TRACON& Tower with Radar,0,5,18,0,23,0,4,48,0,52,0,9,66,0,75,0,0,0,75
04/07/2021,RDG,PA,AEA,EN,Combined TRACON& Tower with Radar,0,1,11,0,12,0,2,20,0,22,0,3,31,0,34,14,0,14,48
04/08/2021,RDG,PA,AEA,EN,Combined TRACON& Tower with Radar,0,8,8,3,19,0,1,38,1,40,0,9,46,4,59,0,0,0,59
04/09/2021,RDG,PA,AEA,EN,Combined TRACON& Tower with Radar,0,1,11,0,12,0,0,12,0,12,0,1,23,0,24,22,0,22,46
04/10/2021,RDG,PA,AEA,EN,Combined TRACON& Tower with Radar,0,1,50,0,51,0,0,2,0,2,0,1,52,0,53,2,0,2,55
04/11/2021,RDG,PA,AEA,EN,Combined TRACON& Tower with Radar,0,4,14,0,18,0,0,0,0,0,0,4,14,0,18,0,0,0,18
04/12/2021,RDG,PA,AEA,EN,Combined TRACON& Tower with Radar,0,4,20,0,24,0,0,2,0,2,0,4,22,0,26,0,0,0,26
04/13/2021,RDG,PA,AEA,EN,Combined TRACON& Tower with Radar,0,4,13,1,18,0,1,25,1,27,0,5,38,2,45,79,2,81,126
04/14/2021,RDG,PA,AEA,EN,Combined TRACON& Tower with Radar,0,6,3,0,9,0,0,23,0,23,0,6,26,0,32,14,0,14,46
04/15/2021,RDG,PA,AEA,EN,Combined TRACON& Tower with Radar,0,2,12,3,17,0,6,5,1,12,0,8,17,4,29,14,0,14,43
04/16/2021,RDG,PA,AEA,EN,Combined TRACON& Tower with Radar,0,2,5,0,7,0,0,7,4,11,0,2,12,4,18,0,0,0,18
04/17/2021,RDG,PA,AEA,EN,Combined TRACON& Tower with Radar,0,1,26,0,27,0,0,28,0,28,0,1,54,0,55,46,0,46,101
04/18/2021,RDG,PA,AEA,EN,Combined TRACON& Tower with Radar,0,0,26,0,26,0,0,54,0,54,0,0,80,0,80,48,0,48,128
04/19/2021,RDG,PA,AEA,EN,Combined TRACON& Tower with Radar,0,1,5,3,9,0,0,28,2,30,0,1,33,5,39,14,10,24,63
04/20/2021,RDG,PA,AEA,EN,Combined TRACON& Tower with Radar,0,8,8,1,17,0,5,26,1,32,0,13,34,2,49,24,0,24,73
04/21/2021,RDG,PA,AEA,EN,Combined TRACON& Tower with Radar,0,7,6,0,13,0,3,6,0,9,0,10,12,0,22,0,0,0,22
04/22/2021,RDG,PA,AEA,EN,Combined TRACON& Tower with Radar,0,2,6,1,9,0,0,2,3,5,0,2,8,4,14,0,0,0,14
04/23/2021,RDG,PA,AEA,EN,Combined TRACON& Tower with Radar,0,1,8,2,11,0,3,33,3,39,0,4,41,5,50,17,0,17,67
04/24/2021,RDG,PA,AEA,EN,Combined TRACON& Tower with Radar,0,4,21,0,25,0,0,58,0,58,0,4,79,0,83,60,0,60,143
04/25/2021,RDG,PA,AEA,EN,Combined TRACON& Tower with Radar,0,0,21,0,21,0,0,10,0,10,0,0,31,0,31,4,0,4,35
04/26/2021,RDG,PA,AEA,EN,Combined TRACON& Tower with Radar,0,2,10,0,12,0,0,26,0,26,0,2,36,0,38,18,0,18,56
04/27/2021,RDG,PA,AEA,EN,Combined TRACON& Tower with Radar,0,4,22,3,29,0,1,50,2,53,0,5,72,5,82,36,0,36,118
04/28/2021,RDG,PA,AEA,EN,Combined TRACON& Tower with Radar,0,1,2,1,4,0,1,21,3,25,0,2,23,4,29,16,0,16,45
04/29/2021,RDG,PA,AEA,EN,Combined TRACON& Tower with Radar,0,4,8,4,16,0,0,3,0,3,0,4,11,4,19,0,0,0,19
04/30/2021,RDG,PA,AEA,EN,Combined TRACON& Tower with Radar,0,1,4,0,5,0,1,4,0,5,0,2,8,0,10,0,0,0,10
05/01/2021,RDG,PA,AEA,EN,Combined TRACON& Tower with Radar,0,3,18,0,21,0,0,26,0,26,0,3,44,0,47,0,0,0,47
05/02/2021,RDG,PA,AEA,EN,Combined TRACON& Tower with Radar,0,1,10,0,11,0,1,31,0,32,0,2,41,0,43,84,0,84,127
05/03/2021,RDG,PA,AEA,EN,Combined TRACON& Tower with Radar,0,0,14,0,14,0,1,22,0,23,0,1,36,0,37,32,0,32,69
05/04/2021,RDG,PA,AEA,EN,Combined TRACON& Tower with Radar,0,7,19,0,26,0,0,16,0,16,0,7,35,0,42,12,0,12,54
05/05/2021,RDG,PA,AEA,EN,Combined TRACON& Tower with Radar,0,4,11,0,15,0,0,2,0,2,0,4,13,0,17,14,0,14,31
05/06/2021,RDG,PA,AEA,EN,Combined TRACON& Tower with Radar,0,5,16,2,23,0,0,44,2,46,0,5,60,4,69,85,2,87,156
05/07/2021,RDG,PA,AEA,EN,Combined TRACON& Tower with Radar,0,3,15,2,20,0,0,32,2,34,0,3,47,4,54,32,4,36,90
05/08/2021,RDG,PA,AEA,EN,Combined TRACON& Tower with Radar,0,3,9,0,12,0,0,12,0,12,0,3,21,0,24,60,0,60,84
05/09/2021,RDG,PA,AEA,EN,Combined TRACON& Tower with Radar,0,0,1,0,1,0,2,23,0,25,0,2,24,0,26,36,0,36,62
05/10/2021,RDG,PA,AEA,EN,Combined TRACON& Tower with Radar,0,5,14,2,21,0,3,14,2,19,0,8,28,4,40,36,0,36,76
05/11/2021,RDG,PA,AEA,EN,Combined TRACON& Tower with Radar,0,3,9,1,13,0,2,34,1,37,0,5,43,2,50,0,0,0,50
05/12/2021,RDG,PA,AEA,EN,Combined TRACON& Tower with Radar,0,4,19,4,27,0,2,28,2,32,0,6,47,6,59,42,10,52,111
05/13/2021,RDG,PA,AEA,EN,Combined TRACON& Tower with Radar,0,3,16,0,19,0,2,38,9,49,0,5,54,9,68,22,0,22,90
05/14/2021,RDG,PA,AEA,EN,Combined TRACON& Tower with Radar,0,3,14,2,19,0,1,43,0,44,0,4,57,2,63,8,0,8,71
05/15/2021,RDG,PA,AEA,EN,Combined TRACON& Tower with Radar,0,1,27,0,28,0,0,57,0,57,0,1,84,0,85,92,0,92,177
05/16/2021,RDG,PA,AEA,EN,Combined TRACON& Tower with Radar,0,3,13,0,16,0,1,34,0,35,0,4,47,0,51,114,0,114,165
05/17/2021,RDG,PA,AEA,EN,Combined TRACON& Tower with Radar,0,1,13,1,15,0,0,32,1,33,0,1,45,2,48,14,0,14,62
05/18/2021,RDG,PA,AEA,EN,Combined TRACON& Tower with Radar,0,3,10,2,15,0,0,33,0,33,0,3,43,2,48,0,0,0,48
05/19/2021,RDG,PA,AEA,EN,Combined TRACON& Tower with Radar,0,4,14,6,24,0,1,41,2,44,0,5,55,8,68,26,6,32,100
05/20/2021,RDG,PA,AEA,EN,Combined TRACON& Tower with Radar,0,6,17,0,23,0,1,47,0,48,0,7,64,0,71,56,0,56,127
05/21/2021,RDG,PA,AEA,EN,Combined TRACON& Tower with Radar,0,3,21,4,28,0,0,32,1,33,0,3,53,5,61,18,0,18,79
05/22/2021,RDG,PA,AEA,EN,Combined TRACON& Tower with Radar,0,2,12,0,14,0,0,31,0,31,0,2,43,0,45,64,0,64,109
05/23/2021,RDG,PA,AEA,EN,Combined TRACON& Tower with Radar,0,3,9,0,12,0,0,38,0,38,0,3,47,0,50,46,0,46,96
05/24/2021,RDG,PA,AEA,EN,Combined TRACON& Tower with Radar,0,9,13,0,22,0,1,20,1,22,0,10,33,1,44,46,0,46,90
05/25/2021,RDG,PA,AEA,EN,Combined TRACON& Tower with Radar,0,10,21,4,35,0,0,20,9,29,0,10,41,13,64,74,22,96,160
05/26/2021,RDG,PA,AEA,EN,Combined TRACON& Tower with Radar,0,5,8,0,13,0,0,14,1,15,0,5,22,1,28,22,0,22,50
05/27/2021,RDG,PA,AEA,EN,Combined TRACON& Tower with Radar,0,9,11,3,23,0,2,34,2,38,0,11,45,5,61,16,0,16,77
05/28/2021,RDG,PA,AEA,EN,Combined TRACON& Tower with Radar,0,2,6,1,9,0,0,25,1,26,0,2,31,2,35,30,0,30,65
05/29/2021,RDG,PA,AEA,EN,Combined TRACON& Tower with Radar,0,2,15,0,17,0,0,0,0,0,0,2,15,0,17,0,0,0,17
05/30/2021,RDG,PA,AEA,EN,Combined TRACON& Tower with Radar,0,2,5,0,7,0,0,0,0,0,0,2,5,0,7,0,0,0,7
05/31/2021,RDG,PA,AEA,EN,Combined TRACON& Tower with Radar,0,0,12,0,12,0,0,22,0,22,0,0,34,0,34,0,0,0,34
06/01/2021,RDG,PA,AEA,EN,Combined TRACON& Tower with Radar,0,11,17,1,29,0,1,62,1,64,0,12,79,2,93,60,0,60,153
06/02/2021,RDG,PA,AEA,EN,Combined TRACON& Tower with Radar,0,13,22,2,37,0,7,50,1,58,0,20,72,3,95,134,2,136,231
06/03/2021,RDG,PA,AEA,EN,Combined TRACON& Tower with Radar,0,8,12,0,20,0,4,5,0,9,0,12,17,0,29,0,0,0,29
06/04/2021,RDG,PA,AEA,EN,Combined TRACON& Tower with Radar,0,33,23,0,56,0,60,22,4,86,0,93,45,4,142,0,0,0,142
06/05/2021,RDG,PA,AEA,EN,Combined TRACON& Tower with Radar,0,22,11,0,33,0,52,77,10,139,0,74,88,10,172,0,0,0,172
06/06/2021,RDG,PA,AEA,EN,Combined TRACON& Tower with Radar,0,19,13,0,32,0,38,60,8,106,0,57,73,8,138,0,0,0,138
06/07/2021,RDG,PA,AEA,EN,Combined TRACON& Tower with Radar,0,7,18,1,26,0,0,53,1,54,0,7,71,2,80,24,0,24,104
06/08/2021,RDG,PA,AEA,EN,Combined TRACON& Tower with Radar,0,8,10,3,21,0,2,32,3,37,0,10,42,6,58,2,0,2,60
06/09/2021,RDG,PA,AEA,EN,Combined TRACON& Tower with Radar,0,7,17,1,25,0,0,34,1,35,0,7,51,2,60,56,0,56,116
06/10/2021,RDG,PA,AEA,EN,Combined TRACON& Tower with Radar,0,8,13,0,21,0,0,57,0,57,0,8,70,0,78,70,0,70,148
06/11/2021,RDG,PA,AEA,EN,Combined TRACON& Tower with Radar,0,12,43,3,58,0,0,1,0,1,0,12,44,3,59,0,0,0,59
06/12/2021,RDG,PA,AEA,EN,Combined TRACON& Tower with Radar,0,3,20,2,25,0,0,56,0,56,0,3,76,2,81,69,4,73,154
06/13/2021,RDG,PA,AEA,EN,Combined TRACON& Tower with Radar,0,9,23,0,32,0,0,21,0,21,0,9,44,0,53,16,0,16,69
06/14/2021,RDG,PA,AEA,EN,Combined TRACON& Tower with Radar,0,13,23,0,36,0,0,17,0,17,0,13,40,0,53,0,0,0,53
06/15/2021,RDG,PA,AEA,EN,Combined TRACON& Tower with Radar,0,13,24,5,42,0,2,47,0,49,0,15,71,5,91,52,0,52,143
06/16/2021,RDG,PA,AEA,EN,Combined TRACON& Tower with Radar,0,14,31,0,45,0,7,84,1,92,0,21,115,1,137,98,0,98,235
06/17/2021,RDG,PA,AEA,EN,Combined TRACON& Tower with Radar,0,20,31,1,52,0,5,78,1,84,0,25,109,2,136,72,0,72,208
06/18/2021,RDG,PA,AEA,EN,Combined TRACON& Tower with Radar,0,13,20,0,33,0,0,63,2,65,0,13,83,2,98,36,2,38,136
06/19/2021,RDG,PA,AEA,EN,Combined TRACON& Tower with Radar,0,4,25,0,29,0,0,41,0,41,0,4,66,0,70,22,0,22,92
06/20/2021,RDG,PA,AEA,EN,Combined TRACON& Tower with Radar,0,7,19,0,26,0,0,34,0,34,0,7,53,0,60,30,0,30,90
06/21/2021,RDG,PA,AEA,EN,Combined TRACON& Tower with Radar,0,7,25,0,32,0,0,10,0,10,0,7,35,0,42,0,0,0,42
06/22/2021,RDG,PA,AEA,EN,Combined TRACON& Tower with Radar,0,11,18,0,29,0,1,6,0,7,0,12,24,0,36,0,4,4,40
06/23/2021,RDG,PA,AEA,EN,Combined TRACON& Tower with Radar,0,9,32,1,42,0,5,100,0,105,0,14,132,1,147,46,0,46,193
06/24/2021,RDG,PA,AEA,EN,Combined TRACON& Tower with Radar,0,12,25,2,39,0,3,87,2,92,0,15,112,4,131,81,0,81,212
06/25/2021,RDG,PA,AEA,EN,Combined TRACON& Tower with Radar,0,7,19,0,26,0,1,90,0,91,0,8,109,0,117,60,0,60,177
06/26/2021,RDG,PA,AEA,EN,Combined TRACON& Tower with Radar,0,4,23,0,27,0,1,19,0,20,0,5,42,0,47,0,0,0,47
06/27/2021,RDG,PA,AEA,EN,Combined TRACON& Tower with Radar,0,8,21,0,29,0,0,22,0,22,0,8,43,0,51,10,0,10,61
06/28/2021,RDG,PA,AEA,EN,Combined TRACON& Tower with Radar,0,10,24,3,37,0,7,46,3,56,0,17,70,6,93,24,0,24,117
06/29/2021,RDG,PA,AEA,EN,Combined TRACON& Tower with Radar,0,16,21,4,41,0,1,62,10,73,0,17,83,14,114,98,30,128,242
06/30/2021,RDG,PA,AEA,EN,Combined TRACON& Tower with Radar,0,19,14,2,35,0,3,47,2,52,0,22,61,4,87,98,0,98,185
07/01/2021,RDG,PA,AEA,EN,Combined TRACON& Tower with Radar,0,12,18,0,30,0,0,11,0,11,0,12,29,0,41,2,0,2,43
07/02/2021,RDG,PA,AEA,EN,Combined TRACON& Tower with Radar,0,7,27,0,34,0,1,25,0,26,0,8,52,0,60,62,0,62,122
07/03/2021,RDG,PA,AEA,EN,Combined TRACON& Tower with Radar,0,3,11,0,14,0,0,0,0,0,0,3,11,0,14,0,0,0,14
07/04/2021,RDG,PA,AEA,EN,Combined TRACON& Tower with Radar,0,0,22,0,22,0,0,46,0,46,0,0,68,0,68,32,0,32,100
07/05/2021,RDG,PA,AEA,EN,Combined TRACON& Tower with Radar,0,8,26,0,34,0,3,80,0,83,0,11,106,0,117,34,0,34,151
07/06/2021,RDG,PA,AEA,EN,Combined TRACON& Tower with Radar,0,8,26,1,35,0,1,45,2,48,0,9,71,3,83,0,0,0,83
07/07/2021,RDG,PA,AEA,EN,Combined TRACON& Tower with Radar,0,16,18,4,38,0,0,57,6,63,0,16,75,10,101,44,0,44,145
07/08/2021,RDG,PA,AEA,EN,Combined TRACON& Tower with Radar,0,11,31,0,42,0,0,10,2,12,0,11,41,2,54,8,6,14,68
07/09/2021,RDG,PA,AEA,EN,Combined TRACON& Tower with Radar,0,7,19,1,27,0,4,15,1,20,0,11,34,2,47,40,0,40,87
07/10/2021,RDG,PA,AEA,EN,Combined TRACON& Tower with Radar,0,10,24,0,34,0,1,58,0,59,0,11,82,0,93,68,0,68,161
07/11/2021,RDG,PA,AEA,EN,Combined TRACON& Tower with Radar,0,6,19,0,25,0,0,19,0,19,0,6,38,0,44,24,0,24,68
07/12/2021,RDG,PA,AEA,EN,Combined TRACON& Tower with Radar,0,12,29,1,42,0,0,18,1,19,0,12,47,2,61,0,0,0,61
07/13/2021,RDG,PA,AEA,EN,Combined TRACON& Tower with Radar,0,5,25,0,30,0,1,2,2,5,0,6,27,2,35,0,0,0,35
07/14/2021,RDG,PA,AEA,EN,Combined TRACON& Tower with Radar,0,12,45,0,57,0,3,56,0,59,0,15,101,0,116,26,0,26,142
07/15/2021,RDG,PA,AEA,EN,Combined TRACON& Tower with Radar,0,11,54,2,67,0,5,85,1,91,0,16,139,3,158,128,0,128,286
07/16/2021,RDG,PA,AEA,EN,Combined TRACON& Tower with Radar,0,8,28,0,36,0,0,52,0,52,0,8,80,0,88,20,0,20,108
07/17/2021,RDG,PA,AEA,EN,Combined TRACON& Tower with Radar,0,3,7,0,10,0,0,30,0,30,0,3,37,0,40,40,0,40,80
07/18/2021,RDG,PA,AEA,EN,Combined TRACON& Tower with Radar,0,5,18,0,23,0,2,12,0,14,0,7,30,0,37,46,0,46,83
07/19/2021,RDG,PA,AEA,EN,Combined TRACON& Tower with Radar,0,8,13,0,21,0,10,31,2,43,0,18,44,2,64,48,0,48,112
07/20/2021,RDG,PA,AEA,EN,Combined TRACON& Tower with Radar,0,15,16,1,32,0,0,26,1,27,0,15,42,2,59,60,0,60,119
07/21/2021,RDG,PA,AEA,EN,Combined TRACON& Tower with Radar,0,10,18,1,29,0,0,10,1,11,0,10,28,2,40,0,0,0,40
07/22/2021,RDG,PA,AEA,EN,Combined TRACON& Tower with Radar,0,17,24,0,41,0,2,76,2,80,0,19,100,2,121,16,0,16,137
07/23/2021,RDG,PA,AEA,EN,Combined TRACON& Tower with Radar,0,7,33,0,40,0,4,74,0,78,0,11,107,0,118,64,0,64,182
07/24/2021,RDG,PA,AEA,EN,Combined TRACON& Tower with Radar,0,3,20,0,23,0,0,84,0,84,0,3,104,0,107,90,0,90,197
07/25/2021,RDG,PA,AEA,EN,Combined TRACON& Tower with Radar,0,3,23,0,26,1,1,11,0,13,1,4,34,0,39,112,0,112,151
07/26/2021,RDG,PA,AEA,EN,Combined TRACON& Tower with Radar,0,15,22,2,39,0,5,43,1,49,0,20,65,3,88,106,0,106,194
07/27/2021,RDG,PA,AEA,EN,Combined TRACON& Tower with Radar,0,18,39,0,57,0,7,107,0,114,0,25,146,0,171,70,0,70,241
07/28/2021,RDG,PA,AEA,EN,Combined TRACON& Tower with Radar,0,12,16,2,30,0,3,39,0,42,0,15,55,2,72,18,0,18,90
07/29/2021,RDG,PA,AEA,EN,Combined TRACON& Tower with Radar,0,10,38,0,48,0,0,3,0,3,0,10,41,0,51,70,0,70,121
07/30/2021,RDG,PA,AEA,EN,Combined TRACON& Tower with Radar,0,9,15,0,24,0,6,52,0,58,0,15,67,0,82,54,0,54,136
07/31/2021,RDG,PA,AEA,EN,Combined TRACON& Tower with Radar,0,5,18,0,23,0,0,96,0,96,0,5,114,0,119,48,0,48,167
08/01/2021,RDG,PA,AEA,EN,Combined TRACON& Tower with Radar,0,4,10,0,14,0,0,15,0,15,0,4,25,0,29,16,0,16,45
08/02/2021,RDG,PA,AEA,EN,Combined TRACON& Tower with Radar,0,10,16,2,28,0,3,33,4,40,0,13,49,6,68,34,16,50,118
08/03/2021,RDG,PA,AEA,EN,Combined TRACON& Tower with Radar,0,12,15,1,28,0,4,81,2,87,0,16,96,3,115,72,0,72,187
08/04/2021,RDG,PA,AEA,EN,Combined TRACON& Tower with Radar,0,8,16,1,25,0,0,62,1,63,0,8,78,2,88,80,0,80,168
08/05/2021,RDG,PA,AEA,EN,Combined TRACON& Tower with Radar,0,10,21,0,31,0,1,67,0,68,0,11,88,0,99,94,0,94,193
08/06/2021,RDG,PA,AEA,EN,Combined TRACON& Tower with Radar,0,5,27,0,32,0,3,69,0,72,0,8,96,0,104,82,0,82,186
08/07/2021,RDG,PA,AEA,EN,Combined TRACON& Tower with Radar,0,7,20,0,27,0,8,43,0,51,0,15,63,0,78,8,0,8,86
08/08/2021,RDG,PA,AEA,EN,Combined TRACON& Tower with Radar,0,5,19,0,24,0,1,63,0,64,0,6,82,0,88,110,0,110,198
08/09/2021,RDG,PA,AEA,EN,Combined TRACON& Tower with Radar,0,11,11,2,24,3,4,75,2,84,3,15,86,4,108,96,0,96,204
08/10/2021,RDG,PA,AEA,EN,Combined TRACON& Tower with Radar,0,22,28,0,50,0,1,10,0,11,0,23,38,0,61,10,0,10,71
08/11/2021,RDG,PA,AEA,EN,Combined TRACON& Tower with Radar,0,14,13,1,28,0,4,36,1,41,0,18,49,2,69,82,4,86,155
08/12/2021,RDG,PA,AEA,EN,Combined TRACON& Tower with Radar,0,10,20,2,32,0,2,72,0,74,0,12,92,2,106,82,0,82,188
08/13/2021,RDG,PA,AEA,EN,Combined TRACON& Tower with Radar,0,8,19,0,27,0,4,46,0,50,0,12,65,0,77,26,0,26,103
08/14/2021,RDG,PA,AEA,EN,Combined TRACON& Tower with Radar,0,5,5,0,10,0,0,21,0,21,0,5,26,0,31,6,0,6,37
08/15/2021,RDG,PA,AEA,EN,Combined TRACON& Tower with Radar,0,2,12,0,14,0,0,61,0,61,0,2,73,0,75,90,0,90,165
08/16/2021,RDG,PA,AEA,EN,Combined TRACON& Tower with Radar,0,6,23,0,29,0,1,37,0,38,0,7,60,0,67,24,0,24,91
08/17/2021,RDG,PA,AEA,EN,Combined TRACON& Tower with Radar,0,10,19,2,31,0,0,9,0,9,0,10,28,2,40,26,0,26,66
08/18/2021,RDG,PA,AEA,EN,Combined TRACON& Tower with Radar,0,11,17,0,28,0,0,3,0,3,0,11,20,0,31,0,0,0,31
08/19/2021,RDG,PA,AEA,EN,Combined TRACON& Tower with Radar,0,16,24,2,42,0,5,26,2,33,0,21,50,4,75,42,4,46,121
08/20/2021,RDG,PA,AEA,EN,Combined TRACON& Tower with Radar,0,10,23,2,35,0,0,48,2,50,0,10,71,4,85,82,0,82,167
08/21/2021,RDG,PA,AEA,EN,Combined TRACON& Tower with Radar,0,5,19,0,24,0,0,39,0,39,0,5,58,0,63,22,0,22,85
08/22/2021,RDG,PA,AEA,EN,Combined TRACON& Tower with Radar,0,3,18,0,21,0,0,5,0,5,0,3,23,0,26,0,0,0,26
08/23/2021,RDG,PA,AEA,EN,Combined TRACON& Tower with Radar,0,14,9,3,26,0,0,24,1,25,0,14,33,4,51,20,0,20,71
08/24/2021,RDG,PA,AEA,EN,Combined TRACON& Tower with Radar,0,9,23,0,32,0,3,96,1,100,0,12,119,1,132,40,0,40,172
08/25/2021,RDG,PA,AEA,EN,Combined TRACON& Tower with Radar,0,13,21,0,34,0,1,67,1,69,0,14,88,1,103,56,0,56,159
08/26/2021,RDG,PA,AEA,EN,Combined TRACON& Tower with Radar,0,12,23,2,37,0,0,52,4,56,0,12,75,6,93,32,0,32,125
08/27/2021,RDG,PA,AEA,EN,Combined TRACON& Tower with Radar,0,6,17,2,25,0,2,21,0,23,0,8,38,2,48,79,0,79,127
08/28/2021,RDG,PA,AEA,EN,Combined TRACON& Tower with Radar,0,5,34,0,39,0,0,2,0,2,0,5,36,0,41,0,0,0,41
08/29/2021,RDG,PA,AEA,EN,Combined TRACON& Tower with Radar,0,4,42,0,46,0,2,26,0,28,0,6,68,0,74,10,0,10,84
08/30/2021,RDG,PA,AEA,EN,Combined TRACON& Tower with Radar,0,21,19,0,40,0,2,22,2,26,0,23,41,2,66,44,2,46,112
08/31/2021,RDG,PA,AEA,EN,Combined TRACON& Tower with Radar,0,16,28,2,46,0,2,80,1,83,0,18,108,3,129,76,0,76,205
09/01/2021,RDG,PA,AEA,EN,Combined TRACON& Tower with Radar,0,7,5,0,12,0,0,0,0,0,0,7,5,0,12,0,0,0,12
09/02/2021,RDG,PA,AEA,EN,Combined TRACON& Tower with Radar,0,9,23,2,34,0,7,43,2,52,0,16,66,4,86,50,0,50,136
09/03/2021,RDG,PA,AEA,EN,Combined TRACON& Tower with Radar,0,11,30,0,41,0,4,77,0,81,0,15,107,0,122,32,0,32,154
09/04/2021,RDG,PA,AEA,EN,Combined TRACON& Tower with Radar,0,5,10,0,15,0,0,78,0,78,0,5,88,0,93,32,0,32,125
09/05/2021,RDG,PA,AEA,EN,Combined TRACON& Tower with Radar,0,6,19,0,25,0,0,8,0,8,0,6,27,0,33,0,0,0,33
09/06/2021,RDG,PA,AEA,EN,Combined TRACON& Tower with Radar,0,0,17,0,17,0,0,41,0,41,0,0,58,0,58,30,0,30,88
09/07/2021,RDG,PA,AEA,EN,Combined TRACON& Tower with Radar,0,12,17,2,31,0,2,61,1,64,0,14,78,3,95,64,0,64,159
09/08/2021,RDG,PA,AEA,EN,Combined TRACON& Tower with Radar,0,12,18,6,36,0,4,18,4,26,0,16,36,10,62,14,20,34,96
09/09/2021,RDG,PA,AEA,EN,Combined TRACON& Tower with Radar,0,9,25,0,34,0,3,14,0,17,0,12,39,0,51,22,0,22,73
09/10/2021,RDG,PA,AEA,EN,Combined TRACON& Tower with Radar,0,12,25,0,37,0,2,43,0,45,0,14,68,0,82,22,0,22,104
09/11/2021,RDG,PA,AEA,EN,Combined TRACON& Tower with Radar,0,2,17,0,19,0,1,119,0,120,0,3,136,0,139,56,0,56,195
09/12/2021,RDG,PA,AEA,EN,Combined TRACON& Tower with Radar,0,8,29,0,37,0,1,58,0,59,0,9,87,0,96,22,0,22,118
09/13/2021,RDG,PA,AEA,EN,Combined TRACON& Tower with Radar,0,7,23,0,30,0,5,48,0,53,0,12,71,0,83,72,0,72,155
09/14/2021,RDG,PA,AEA,EN,Combined TRACON& Tower with Radar,0,14,15,6,35,0,3,44,2,49,0,17,59,8,84,42,0,42,126
09/15/2021,RDG,PA,AEA,EN,Combined TRACON& Tower with Radar,0,17,13,2,32,0,8,22,4,34,0,25,35,6,66,38,16,54,120
09/16/2021,RDG,PA,AEA,EN,Combined TRACON& Tower with Radar,0,18,29,2,49,0,1,21,1,23,0,19,50,3,72,30,2,32,104
09/17/2021,RDG,PA,AEA,EN,Combined TRACON& Tower with Radar,0,23,64,0,87,0,0,13,0,13,0,23,77,0,100,4,0,4,104
09/18/2021,RDG,PA,AEA,EN,Combined TRACON& Tower with Radar,0,10,36,0,46,0,1,62,0,63,0,11,98,0,109,36,0,36,145
09/19/2021,RDG,PA,AEA,EN,Combined TRACON& Tower with Radar,0,8,38,0,46,0,2,87,0,89,0,10,125,0,135,60,0,60,195
09/20/2021,RDG,PA,AEA,EN,Combined TRACON& Tower with Radar,0,7,20,5,32,0,3,65,2,70,0,10,85,7,102,38,0,38,140
09/21/2021,RDG,PA,AEA,EN,Combined TRACON& Tower with Radar,0,12,45,0,57,0,2,37,0,39,0,14,82,0,96,70,0,70,166
09/22/2021,RDG,PA,AEA,EN,Combined TRACON& Tower with Radar,0,13,14,3,30,0,0,0,0,0,0,13,14,3,30,0,0,0,30
09/23/2021,RDG,PA,AEA,EN,Combined TRACON& Tower with Radar,0,7,15,0,22,0,2,13,0,15,0,9,28,0,37,14,0,14,51
09/24/2021,RDG,PA,AEA,EN,Combined TRACON& Tower with Radar,0,8,29,1,38,0,2,68,1,71,0,10,97,2,109,30,0,30,139
09/25/2021,RDG,PA,AEA,EN,Combined TRACON& Tower with Radar,1,3,14,0,18,0,1,65,0,66,1,4,79,0,84,36,0,36,120
09/26/2021,RDG,PA,AEA,EN,Combined TRACON& Tower with Radar,1,2,28,0,31,0,1,72,0,73,1,3,100,0,104,64,0,64,168
09/27/2021,RDG,PA,AEA,EN,Combined TRACON& Tower with Radar,0,14,26,3,43,0,3,55,5,63,0,17,81,8,106,26,0,26,132
09/28/2021,RDG,PA,AEA,EN,Combined TRACON& Tower with Radar,0,24,20,0,44,0,4,14,0,18,0,28,34,0,62,0,0,0,62
09/29/2021,RDG,PA,AEA,EN,Combined TRACON& Tower with Radar,0,17,40,4,61,0,0,73,3,76,0,17,113,7,137,30,0,30,167
09/30/2021,RDG,PA,AEA,EN,Combined TRACON& Tower with Radar,0,15,36,1,52,0,7,61,3,71,0,22,97,4,123,50,0,50,173
10/01/2021,RDG,PA,AEA,EN,Combined TRACON& Tower with Radar,0,8,17,0,25,0,1,76,0,77,0,9,93,0,102,52,0,52,154
10/02/2021,RDG,PA,AEA,EN,Combined TRACON& Tower with Radar,1,3,19,0,23,0,0,88,0,88,1,3,107,0,111,44,0,44,155
10/03/2021,RDG,PA,AEA,EN,Combined TRACON& Tower with Radar,1,4,21,0,26,0,0,53,0,53,1,4,74,0,79,52,0,52,131
10/04/2021,RDG,PA,AEA,EN,Combined TRACON& Tower with Radar,0,7,13,0,20,0,0,10,0,10,0,7,23,0,30,32,0,32,62
10/05/2021,RDG,PA,AEA,EN,Combined TRACON& Tower with Radar,0,12,20,0,32,0,1,0,0,1,0,13,20,0,33,0,0,0,33
10/06/2021,RDG,PA,AEA,EN,Combined TRACON& Tower with Radar,0,15,31,0,46,0,3,10,0,13,0,18,41,0,59,14,0,14,73
10/07/2021,RDG,PA,AEA,EN,Combined TRACON& Tower with Radar,0,8,16,1,25,0,2,30,1,33,0,10,46,2,58,76,0,76,134
10/08/2021,RDG,PA,AEA,EN,Combined TRACON& Tower with Radar,0,12,18,0,30,0,4,48,0,52,0,16,66,0,82,68,0,68,150
10/09/2021,RDG,PA,AEA,EN,Combined TRACON& Tower with Radar,1,4,39,0,44,0,0,15,0,15,1,4,54,0,59,38,0,38,97
10/10/2021,RDG,PA,AEA,EN,Combined TRACON& Tower with Radar,1,3,25,0,29,0,0,0,0,0,1,3,25,0,29,0,0,0,29
10/11/2021,RDG,PA,AEA,EN,Combined TRACON& Tower with Radar,0,20,20,0,40,0,0,12,0,12,0,20,32,0,52,38,0,38,90
10/12/2021,RDG,PA,AEA,EN,Combined TRACON& Tower with Radar,0,29,36,2,67,0,1,3,0,4,0,30,39,2,71,36,0,36,107
10/13/2021,RDG,PA,AEA,EN,Combined TRACON& Tower with Radar,0,8,52,0,60,0,0,4,0,4,0,8,56,0,64,58,0,58,122
10/14/2021,RDG,PA,AEA,EN,Combined TRACON& Tower with Radar,0,8,23,6,37,0,10,46,4,60,0,18,69,10,97,52,0,52,149
10/15/2021,RDG,PA,AEA,EN,Combined TRACON& Tower with Radar,0,13,26,4,43,0,11,61,6,78,0,24,87,10,121,10,4,14,135
10/16/2021,RDG,PA,AEA,EN,Combined TRACON& Tower with Radar,0,5,13,2,20,0,0,5,0,5,0,5,18,2,25,0,0,0,25
10/17/2021,RDG,PA,AEA,EN,Combined TRACON& Tower with Radar,0,1,25,0,26,0,1,44,0,45,0,2,69,0,71,20,0,20,91
10/18/2021,RDG,PA,AEA,EN,Combined TRACON& Tower with Radar,0,22,16,0,38,0,7,23,0,30,0,29,39,0,68,4,0,4,72
10/19/2021,RDG,PA,AEA,EN,Combined TRACON& Tower with Radar,0,16,22,2,40,0,5,48,4,57,0,21,70,6,97,16,0,16,113
10/20/2021,RDG,PA,AEA,EN,Combined TRACON& Tower with Radar,0,7,20,4,31,0,1,56,2,59,0,8,76,6,90,28,0,28,118
10/21/2021,RDG,PA,AEA,EN,Combined TRACON& Tower with Radar,0,7,26,3,36,0,3,82,1,86,0,10,108,4,122,42,0,42,164
10/22/2021,RDG,PA,AEA,EN,Combined TRACON& Tower with Radar,0,9,34,0,43,0,3,61,2,66,0,12,95,2,109,38,0,38,147
10/23/2021,RDG,PA,AEA,EN,Combined TRACON& Tower with Radar,1,3,19,0,23,0,0,45,0,45,1,3,64,0,68,50,0,50,118
10/24/2021,RDG,PA,AEA,EN,Combined TRACON& Tower with Radar,1,2,30,0,33,0,1,82,0,83,1,3,112,0,116,152,0,152,268
10/25/2021,RDG,PA,AEA,EN,Combined TRACON& Tower with Radar,0,11,21,0,32,2,0,29,0,31,2,11,50,0,63,40,0,40,103
10/26/2021,RDG,PA,AEA,EN,Combined TRACON& Tower with Radar,0,14,17,0,31,0,1,2,0,3,0,15,19,0,34,40,0,40,74
10/27/2021,RDG,PA,AEA,EN,Combined TRACON& Tower with Radar,0,6,27,4,37,0,0,20,3,23,0,6,47,7,60,26,0,26,86
10/28/2021,RDG,PA,AEA,EN,Combined TRACON& Tower with Radar,0,10,24,1,35,0,1,60,1,62,0,11,84,2,97,56,0,56,153
10/29/2021,RDG,PA,AEA,EN,Combined TRACON& Tower with Radar,0,14,12,8,34,0,2,0,0,2,0,16,12,8,36,4,0,4,40
10/30/2021,RDG,PA,AEA,EN,Combined TRACON& Tower with Radar,1,9,26,0,36,0,0,10,0,10,1,9,36,0,46,4,0,4,50
10/31/2021,RDG,PA,AEA,EN,Combined TRACON& Tower with Radar,1,6,16,0,23,0,0,10,0,10,1,6,26,0,33,0,0,0,33
11/01/2021,RDG,PA,AEA,EN,Combined TRACON& Tower with Radar,0,10,29,4,43,0,1,35,2,38,0,11,64,6,81,72,6,78,159
11/02/2021,RDG,PA,AEA,EN,Combined TRACON& Tower with Radar,0,11,7,7,25,0,0,29,3,32,0,11,36,10,57,52,0,52,109
11/03/2021,RDG,PA,AEA,EN,Combined TRACON& Tower with Radar,0,8,16,0,24,0,4,58,0,62,0,12,74,0,86,28,0,28,114
11/04/2021,RDG,PA,AEA,EN,Combined TRACON& Tower with Radar,0,7,27,5,39,0,2,72,6,80,0,9,99,11,119,58,12,70,189
11/05/2021,RDG,PA,AEA,EN,Combined TRACON& Tower with Radar,0,5,21,0,26,0,3,88,4,95,0,8,109,4,121,58,0,58,179
11/06/2021,RDG,PA,AEA,EN,Combined TRACON& Tower with Radar,2,2,25,0,29,0,3,138,1,142,2,5,163,1,171,30,0,30,201
11/07/2021,RDG,PA,AEA,EN,Combined TRACON& Tower with Radar,0,3,18,0,21,0,4,75,0,79,0,7,93,0,100,8,0,8,108
11/08/2021,RDG,PA,AEA,EN,Combined TRACON& Tower with Radar,0,8,18,3,29,0,0,62,1,63,0,8,80,4,92,50,0,50,142
11/09/2021,RDG,PA,AEA,EN,Combined TRACON& Tower with Radar,0,6,21,3,30,0,2,61,2,65,0,8,82,5,95,30,0,30,125
11/10/2021,RDG,PA,AEA,EN,Combined TRACON& Tower with Radar,0,10,22,0,32,0,0,45,0,45,0,10,67,0,77,40,0,40,117
11/11/2021,RDG,PA,AEA,EN,Combined TRACON& Tower with Radar,0,9,34,0,43,0,1,70,0,71,0,10,104,0,114,44,0,44,158
11/12/2021,RDG,PA,AEA,EN,Combined TRACON& Tower with Radar,0,10,14,2,26,0,1,16,0,17,0,11,30,2,43,0,0,0,43
11/13/2021,RDG,PA,AEA,EN,Combined TRACON& Tower with Radar,0,4,14,0,18,0,3,15,1,19,0,7,29,1,37,10,0,10,47
11/14/2021,RDG,PA,AEA,EN,Combined TRACON& Tower with Radar,0,4,18,0,22,0,1,50,0,51,0,5,68,0,73,0,0,0,73
11/15/2021,RDG,PA,AEA,EN,Combined TRACON& Tower with Radar,0,12,17,2,31,0,2,11,0,13,0,14,28,2,44,4,10,14,58
11/16/2021,RDG,PA,AEA,EN,Combined TRACON& Tower with Radar,0,12,28,7,47,0,4,70,4,78,0,16,98,11,125,16,2,18,143
11/17/2021,RDG,PA,AEA,EN,Combined TRACON& Tower with Radar,0,7,24,0,31,0,1,81,1,83,0,8,105,1,114,96,0,96,210
11/18/2021,RDG,PA,AEA,EN,Combined TRACON& Tower with Radar,0,9,18,3,30,0,3,39,2,44,0,12,57,5,74,54,0,54,128
11/19/2021,RDG,PA,AEA,EN,Combined TRACON& Tower with Radar,0,14,11,5,30,0,12,18,4,34,0,26,29,9,64,11,0,11,75
11/20/2021,RDG,PA,AEA,EN,Combined TRACON& Tower with Radar,0,8,20,0,28,0,0,85,0,85,0,8,105,0,113,62,0,62,175
11/21/2021,RDG,PA,AEA,EN,Combined TRACON& Tower with Radar,0,6,19,0,25,0,0,59,0,59,0,6,78,0,84,80,0,80,164
11/22/2021,RDG,PA,AEA,EN,Combined TRACON& Tower with Radar,0,9,20,9,38,0,6,40,1,47,0,15,60,10,85,0,0,0,85
11/23/2021,RDG,PA,AEA,EN,Combined TRACON& Tower with Radar,0,10,31,2,43,0,0,23,7,30,0,10,54,9,73,0,2,2,75
11/24/2021,RDG,PA,AEA,EN,Combined TRACON& Tower with Radar,0,12,23,2,37,0,5,76,2,83,0,17,99,4,120,54,0,54,174
11/25/2021,RDG,PA,AEA,EN,Combined TRACON& Tower with Radar,0,1,3,0,4,0,0,23,0,23,0,1,26,0,27,0,0,0,27
11/26/2021,RDG,PA,AEA,EN,Combined TRACON& Tower with Radar,0,7,3,0,10,0,2,8,0,10,0,9,11,0,20,0,0,0,20
11/27/2021,RDG,PA,AEA,EN,Combined TRACON& Tower with Radar,1,5,5,0,11,0,0,17,0,17,1,5,22,0,28,2,0,2,30
11/28/2021,RDG,PA,AEA,EN,Combined TRACON& Tower with Radar,1,11,21,0,33,0,0,45,0,45,1,11,66,0,78,16,0,16,94
11/29/2021,RDG,PA,AEA,EN,Combined TRACON& Tower with Radar,0,10,25,0,35,0,5,30,2,37,0,15,55,2,72,0,0,0,72
11/30/2021,RDG,PA,AEA,EN,Combined TRACON& Tower with Radar,0,16,5,1,22,0,6,9,1,16,0,22,14,2,38,10,0,10,48
12/01/2021,RDG,PA,AEA,EN,Combined TRACON& Tower with Radar,0,8,25,2,35,0,0,74,1,75,0,8,99,3,110,0,0,0,110
12/02/2021,RDG,PA,AEA,EN,Combined TRACON& Tower with Radar,0,12,18,1,31,0,2,22,1,25,0,14,40,2,56,0,0,0,56
12/03/2021,RDG,PA,AEA,EN,Combined TRACON& Tower with Radar,0,5,14,10,29,0,1,39,2,42,0,6,53,12,71,0,0,0,71
12/04/2021,RDG,PA,AEA,EN,Combined TRACON& Tower with Radar,2,4,29,0,35,0,1,77,0,78,2,5,106,0,113,0,0,0,113
12/05/2021,RDG,PA,AEA,EN,Combined TRACON& Tower with Radar,0,5,20,0,25,0,0,77,0,77,0,5,97,0,102,0,0,0,102
12/06/2021,RDG,PA,AEA,EN,Combined TRACON& Tower with Radar,0,7,13,2,22,0,0,0,0,0,0,7,13,2,22,0,0,0,22
12/07/2021,RDG,PA,AEA,EN,Combined TRACON& Tower with Radar,0,16,21,2,39,0,4,44,2,50,0,20,65,4,89,0,0,0,89
12/08/2021,RDG,PA,AEA,EN,Combined TRACON& Tower with Radar,0,8,7,0,15,0,2,8,2,12,0,10,15,2,27,0,0,0,27
12/09/2021,RDG,PA,AEA,EN,Combined TRACON& Tower with Radar,0,19,26,0,45,0,7,60,0,67,0,26,86,0,112,0,0,0,112
12/10/2021,RDG,PA,AEA,EN,Combined TRACON& Tower with Radar,0,9,26,1,36,0,2,51,1,54,0,11,77,2,90,0,0,0,90
12/11/2021,RDG,PA,AEA,EN,Combined TRACON& Tower with Radar,0,4,0,0,4,0,0,0,0,0,0,4,0,0,4,0,0,0,4
12/12/2021,RDG,PA,AEA,EN,Combined TRACON& Tower with Radar,0,3,11,0,14,0,0,32,0,32,0,3,43,0,46,0,0,0,46
12/13/2021,RDG,PA,AEA,EN,Combined TRACON& Tower with Radar,0,13,28,6,47,0,2,34,2,38,0,15,62,8,85,0,0,0,85
12/14/2021,RDG,PA,AEA,EN,Combined TRACON& Tower with Radar,1,9,27,6,43,0,3,65,1,69,1,12,92,7,112,0,0,0,112
12/15/2021,RDG,PA,AEA,EN,Combined TRACON& Tower with Radar,0,17,12,2,31,0,6,30,0,36,0,23,42,2,67,0,0,0,67
12/16/2021,RDG,PA,AEA,EN,Combined TRACON& Tower with Radar,0,16,20,1,37,0,7,27,3,37,0,23,47,4,74,8,0,8,82
12/17/2021,RDG,PA,AEA,EN,Combined TRACON& Tower with Radar,0,20,21,0,41,0,5,52,0,57,0,25,73,0,98,32,0,32,130
12/18/2021,RDG,PA,AEA,EN,Combined TRACON& Tower with Radar,0,5,15,0,20,0,0,0,0,0,0,5,15,0,20,0,0,0,20
12/19/2021,RDG,PA,AEA,EN,Combined TRACON& Tower with Radar,0,3,14,0,17,0,0,33,0,33,0,3,47,0,50,16,0,16,66
12/20/2021,RDG,PA,AEA,EN,Combined TRACON& Tower with Radar,0,12,17,2,31,0,0,50,0,50,0,12,67,2,81,72,0,72,153
12/21/2021,RDG,PA,AEA,EN,Combined TRACON& Tower with Radar,0,12,21,0,33,0,0,65,3,68,0,12,86,3,101,96,6,102,203
12/22/2021,RDG,PA,AEA,EN,Combined TRACON& Tower with Radar,0,8,3,0,11,0,0,26,0,26,0,8,29,0,37,0,0,0,37
12/23/2021,RDG,PA,AEA,EN,Combined TRACON& Tower with Radar,0,6,14,0,20,0,4,48,0,52,0,10,62,0,72,36,0,36,108
12/24/2021,RDG,PA,AEA,EN,Combined TRACON& Tower with Radar,0,6,9,0,15,0,0,37,0,37,0,6,46,0,52,16,0,16,68
12/25/2021,RDG,PA,AEA,EN,Combined TRACON& Tower with Radar,0,1,0,0,1,0,1,3,0,4,0,2,3,0,5,0,0,0,5
12/26/2021,RDG,PA,AEA,EN,Combined TRACON& Tower with Radar,0,2,18,0,20,0,2,37,0,39,0,4,55,0,59,54,0,54,113
12/27/2021,RDG,PA,AEA,EN,Combined TRACON& Tower with Radar,0,9,12,0,21,0,0,7,0,7,0,9,19,0,28,20,0,20,48
12/28/2021,RDG,PA,AEA,EN,Combined TRACON& Tower with Radar,0,7,24,4,35,0,0,43,2,45,0,7,67,6,80,44,0,44,124
12/29/2021,RDG,PA,AEA,EN,Combined TRACON& Tower with Radar,0,7,9,0,16,0,0,8,0,8,0,7,17,0,24,0,0,0,24
12/30/2021,RDG,PA,AEA,EN,Combined TRACON& Tower with Radar,0,13,14,0,27,0,0,0,0,0,0,13,14,0,27,0,0,0,27
12/31/2021,RDG,PA,AEA,EN,Combined TRACON& Tower with Radar,0,8,28,0,36,0,0,0,0,0,0,8,28,0,36,0,0,0,36
01/01/2022,RDG,PA,AEA,EN,Combined TRACON& Tower with Radar,0,2,0,0,2,0,0,0,0,0,0,2,0,0,2,0,0,0,2
01/02/2022,RDG,PA,AEA,EN,Combined TRACON& Tower with Radar,0,4,6,0,10,0,0,10,0,10,0,4,16,0,20,34,0,34,54
01/03/2022,RDG,PA,AEA,EN,Combined TRACON& Tower with Radar,0,7,13,0,20,0,3,7,2,12,0,10,20,2,32,0,0,0,32
01/04/2022,RDG,PA,AEA,EN,Combined TRACON& Tower with Radar,0,7,20,0,27,0,0,61,0,61,0,7,81,0,88,0,0,0,88
01/05/2022,RDG,PA,AEA,EN,Combined TRACON& Tower with Radar,0,9,7,0,16,0,2,21,0,23,0,11,28,0,39,8,0,8,47
01/06/2022,RDG,PA,AEA,EN,Combined TRACON& Tower with Radar,0,6,23,2,31,0,0,44,1,45,0,6,67,3,76,42,0,42,118
01/07/2022,RDG,PA,AEA,EN,Combined TRACON& Tower with Radar,0,7,4,0,11,0,0,6,2,8,0,7,10,2,19,0,0,0,19
01/08/2022,RDG,PA,AEA,EN,Combined TRACON& Tower with Radar,0,7,20,0,27,0,1,77,0,78,0,8,97,0,105,38,0,38,143
01/09/2022,RDG,PA,AEA,EN,Combined TRACON& Tower with Radar,0,4,6,0,10,0,0,1,0,1,0,4,7,0,11,0,0,0,11
01/10/2022,RDG,PA,AEA,EN,Combined TRACON& Tower with Radar,0,8,10,0,18,0,0,17,0,17,0,8,27,0,35,4,0,4,39
01/11/2022,RDG,PA,AEA,EN,Combined TRACON& Tower with Radar,0,13,15,4,32,0,0,43,2,45,0,13,58,6,77,18,0,18,95
01/12/2022,RDG,PA,AEA,EN,Combined TRACON& Tower with Radar,0,10,15,0,25,0,2,63,1,66,0,12,78,1,91,80,0,80,171
01/13/2022,RDG,PA,AEA,EN,Combined TRACON& Tower with Radar,0,8,16,1,25,0,2,65,1,68,0,10,81,2,93,180,0,180,273
01/14/2022,RDG,PA,AEA,EN,Combined TRACON& Tower with Radar,0,12,20,7,39,0,2,15,1,18,0,14,35,8,57,0,0,0,57
01/15/2022,RDG,PA,AEA,EN,Combined TRACON& Tower with Radar,0,2,19,0,21,0,1,34,0,35,0,3,53,0,56,20,0,20,76
01/16/2022,RDG,PA,AEA,EN,Combined TRACON& Tower with Radar,0,5,7,0,12,0,0,21,0,21,0,5,28,0,33,28,0,28,61
01/17/2022,RDG,PA,AEA,EN,Combined TRACON& Tower with Radar,0,15,2,0,17,0,0,0,0,0,0,15,2,0,17,0,0,0,17
01/18/2022,RDG,PA,AEA,EN,Combined TRACON& Tower with Radar,0,11,14,5,30,0,3,27,3,33,0,14,41,8,63,0,0,0,63
01/19/2022,RDG,PA,AEA,EN,Combined TRACON& Tower with Radar,0,11,19,0,30,0,0,48,0,48,0,11,67,0,78,68,0,68,146
01/20/2022,RDG,PA,AEA,EN,Combined TRACON& Tower with Radar,0,11,14,0,25,0,0,13,0,13,0,11,27,0,38,22,0,22,60
01/21/2022,RDG,PA,AEA,EN,Combined TRACON& Tower with Radar,0,6,10,0,16,0,0,22,0,22,0,6,32,0,38,0,0,0,38
01/22/2022,RDG,PA,AEA,EN,Combined TRACON& Tower with Radar,0,6,7,0,13,0,2,52,0,54,0,8,59,0,67,84,0,84,151
01/23/2022,RDG,PA,AEA,EN,Combined TRACON& Tower with Radar,0,4,16,1,21,0,0,34,1,35,0,4,50,2,56,74,2,76,132
01/24/2022,RDG,PA,AEA,EN,Combined TRACON& Tower with Radar,0,9,18,2,29,0,2,39,0,41,0,11,57,2,70,0,0,0,70
01/25/2022,RDG,PA,AEA,EN,Combined TRACON& Tower with Radar,0,13,16,5,34,0,3,29,3,35,0,16,45,8,69,24,4,28,97
01/26/2022,RDG,PA,AEA,EN,Combined TRACON& Tower with Radar,0,10,18,0,28,0,5,58,2,65,0,15,76,2,93,56,0,56,149
01/27/2022,RDG,PA,AEA,EN,Combined TRACON& Tower with Radar,0,8,19,3,30,0,2,52,5,59,0,10,71,8,89,38,0,38,127
01/28/2022,RDG,PA,AEA,EN,Combined TRACON& Tower with Radar,0,10,7,0,17,0,0,0,0,0,0,10,7,0,17,4,0,4,21
01/29/2022,RDG,PA,AEA,EN,Combined TRACON& Tower with Radar,0,2,3,0,5,0,1,5,0,6,0,3,8,0,11,0,0,0,11
01/30/2022,RDG,PA,AEA,EN,Combined TRACON& Tower with Radar,0,1,18,0,19,0,1,38,0,39,0,2,56,0,58,42,0,42,100
01/31/2022,RDG,PA,AEA,EN,Combined TRACON& Tower with Radar,0,14,22,2,38,0,5,61,2,68,0,19,83,4,106,62,2,64,170
02/01/2022,RDG,PA,AEA,EN,Combined TRACON& Tower with Radar,0,11,25,4,40,0,2,60,4,66,0,13,85,8,106,44,0,44,150
02/02/2022,RDG,PA,AEA,EN,Combined TRACON& Tower with Radar,0,15,15,0,30,0,1,11,0,12,0,16,26,0,42,52,0,52,94
02/03/2022,RDG,PA,AEA,EN,Combined TRACON& Tower with Radar,0,14,2,0,16,0,0,0,0,0,0,14,2,0,16,0,0,0,16
02/04/2022,RDG,PA,AEA,EN,Combined TRACON& Tower with Radar,0,11,2,0,13,0,0,0,0,0,0,11,2,0,13,0,0,0,13
02/05/2022,RDG,PA,AEA,EN,Combined TRACON& Tower with Radar,0,4,7,0,11,0,2,15,0,17,0,6,22,0,28,22,0,22,50
02/06/2022,RDG,PA,AEA,EN,Combined TRACON& Tower with Radar,0,1,31,0,32,0,5,102,0,107,0,6,133,0,139,82,0,82,221
02/07/2022,RDG,PA,AEA,EN,Combined TRACON& Tower with Radar,0,7,5,0,12,0,0,0,0,0,0,7,5,0,12,0,0,0,12
02/08/2022,RDG,PA,AEA,EN,Combined TRACON& Tower with Radar,0,9,15,0,24,0,2,38,2,42,0,11,53,2,66,20,0,20,86
02/09/2022,RDG,PA,AEA,EN,Combined TRACON& Tower with Radar,0,12,27,6,45,0,3,81,7,91,0,15,108,13,136,74,10,84,220
02/10/2022,RDG,PA,AEA,EN,Combined TRACON& Tower with Radar,0,11,20,6,37,0,0,37,4,41,0,11,57,10,78,42,0,42,120
02/11/2022,RDG,PA,AEA,EN,Combined TRACON& Tower with Radar,0,10,22,1,33,0,0,38,1,39,0,10,60,2,72,68,0,68,140
02/12/2022,RDG,PA,AEA,EN,Combined TRACON& Tower with Radar,0,3,18,0,21,0,0,47,0,47,0,3,65,0,68,28,0,28,96
02/13/2022,RDG,PA,AEA,EN,Combined TRACON& Tower with Radar,0,2,4,0,6,0,0,3,0,3,0,2,7,0,9,0,0,0,9
02/14/2022,RDG,PA,AEA,EN,Combined TRACON& Tower with Radar,0,6,23,1,30,0,1,19,1,21,0,7,42,2,51,0,0,0,51
02/15/2022,RDG,PA,AEA,EN,Combined TRACON& Tower with Radar,0,14,29,6,49,0,4,56,0,60,0,18,85,6,109,92,0,92,201
02/16/2022,RDG,PA,AEA,EN,Combined TRACON& Tower with Radar,0,11,20,0,31,0,3,36,1,40,0,14,56,1,71,54,0,54,125
02/17/2022,RDG,PA,AEA,EN,Combined TRACON& Tower with Radar,0,15,10,2,27,0,4,4,0,8,0,19,14,2,35,0,0,0,35
02/18/2022,RDG,PA,AEA,EN,Combined TRACON& Tower with Radar,0,11,3,0,14,0,5,9,0,14,0,16,12,0,28,0,0,0,28
02/19/2022,RDG,PA,AEA,EN,Combined TRACON& Tower with Radar,0,3,4,0,7,0,0,4,0,4,0,3,8,0,11,0,0,0,11
02/20/2022,RDG,PA,AEA,EN,Combined TRACON& Tower with Radar,0,4,13,0,17,0,1,92,0,93,0,5,105,0,110,106,0,106,216
02/21/2022,RDG,PA,AEA,EN,Combined TRACON& Tower with Radar,0,6,31,0,37,0,0,73,0,73,0,6,104,0,110,44,0,44,154
02/22/2022,RDG,PA,AEA,EN,Combined TRACON& Tower with Radar,0,8,11,2,21,0,0,0,0,0,0,8,11,2,21,0,0,0,21
02/23/2022,RDG,PA,AEA,EN,Combined TRACON& Tower with Radar,0,14,14,14,42,0,3,20,4,27,0,17,34,18,69,6,0,6,75
02/24/2022,RDG,PA,AEA,EN,Combined TRACON& Tower with Radar,0,19,11,5,35,0,9,26,1,36,0,28,37,6,71,56,0,56,127
02/25/2022,RDG,PA,AEA,EN,Combined TRACON& Tower with Radar,0,16,8,0,24,0,0,0,0,0,0,16,8,0,24,0,0,0,24
02/26/2022,RDG,PA,AEA,EN,Combined TRACON& Tower with Radar,0,6,25,0,31,0,0,92,0,92,0,6,117,0,123,106,0,106,229
02/27/2022,RDG,PA,AEA,EN,Combined TRACON& Tower with Radar,0,3,12,0,15,0,1,13,0,14,0,4,25,0,29,6,0,6,35
02/28/2022,RDG,PA,AEA,EN,Combined TRACON& Tower with Radar,0,6,19,2,27,0,0,60,0,60,0,6,79,2,87,36,0,36,123
03/01/2022,RDG,PA,AEA,EN,Combined TRACON& Tower with Radar,0,14,17,0,31,0,1,27,0,28,0,15,44,0,59,20,0,20,79
03/02/2022,RDG,PA,AEA,EN,Combined TRACON& Tower with Radar,0,16,24,1,41,0,3,64,0,67,0,19,88,1,108,108,0,108,216
03/03/2022,RDG,PA,AEA,EN,Combined TRACON& Tower with Radar,0,15,20,3,38,0,3,27,3,33,0,18,47,6,71,0,0,0,71
03/04/2022,RDG,PA,AEA,EN,Combined TRACON& Tower with Radar,0,11,22,0,33,0,4,57,0,61,0,15,79,0,94,28,0,28,122
03/05/2022,RDG,PA,AEA,EN,Combined TRACON& Tower with Radar,0,3,22,0,25,0,2,66,2,70,0,5,88,2,95,89,0,89,184
03/06/2022,RDG,PA,AEA,EN,Combined TRACON& Tower with Radar,0,6,10,0,16,0,1,2,0,3,0,7,12,0,19,0,0,0,19
03/07/2022,RDG,PA,AEA,EN,Combined TRACON& Tower with Radar,0,6,9,0,15,0,0,5,0,5,0,6,14,0,20,8,0,8,28
03/08/2022,RDG,PA,AEA,EN,Combined TRACON& Tower with Radar,0,14,20,3,37,0,7,22,6,35,0,21,42,9,72,16,4,20,92
03/09/2022,RDG,PA,AEA,EN,Combined TRACON& Tower with Radar,0,11,7,0,18,0,0,0,0,0,0,11,7,0,18,0,0,0,18
03/10/2022,RDG,PA,AEA,EN,Combined TRACON& Tower with Radar,0,11,29,4,44,0,3,65,2,70,0,14,94,6,114,0,0,0,114
03/11/2022,RDG,PA,AEA,EN,Combined TRACON& Tower with Radar,0,6,23,1,30,0,4,75,3,82,0,10,98,4,112,56,0,56,168
03/12/2022,RDG,PA,AEA,EN,Combined TRACON& Tower with Radar,0,4,0,0,4,0,0,0,0,0,0,4,0,0,4,0,0,0,4
03/13/2022,RDG,PA,AEA,EN,Combined TRACON& Tower with Radar,0,5,11,0,16,0,12,16,0,28,0,17,27,0,44,6,0,6,50
03/14/2022,RDG,PA,AEA,EN,Combined TRACON& Tower with Radar,0,11,18,8,37,0,6,43,2,51,0,17,61,10,88,28,0,28,116
03/15/2022,RDG,PA,AEA,EN,Combined TRACON& Tower with Radar,0,11,28,0,39,0,0,49,2,51,0,11,77,2,90,70,0,70,160
03/16/2022,RDG,PA,AEA,EN,Combined TRACON& Tower with Radar,0,9,26,4,39,0,1,96,3,100,0,10,122,7,139,44,0,44,183
03/17/2022,RDG,PA,AEA,EN,Combined TRACON& Tower with Radar,0,13,24,0,37,0,0,1,0,1,0,13,25,0,38,0,0,0,38
03/18/2022,RDG,PA,AEA,EN,Combined TRACON& Tower with Radar,0,12,26,0,38,0,0,60,2,62,0,12,86,2,100,68,0,68,168
03/19/2022,RDG,PA,AEA,EN,Combined TRACON& Tower with Radar,0,2,21,0,23,0,0,14,0,14,0,2,35,0,37,20,0,20,57
03/20/2022,RDG,PA,AEA,EN,Combined TRACON& Tower with Radar,2,3,18,0,23,0,0,26,0,26,2,3,44,0,49,12,0,12,61
03/21/2022,RDG,PA,AEA,EN,Combined TRACON& Tower with Radar,0,7,24,1,32,0,1,53,1,55,0,8,77,2,87,38,0,38,125
03/22/2022,RDG,PA,AEA,EN,Combined TRACON& Tower with Radar,0,15,31,0,46,0,4,89,0,93,0,19,120,0,139,50,0,50,189
03/23/2022,RDG,PA,AEA,EN,Combined TRACON& Tower with Radar,0,12,17,2,31,0,4,24,0,28,0,16,41,2,59,38,0,38,97
03/24/2022,RDG,PA,AEA,EN,Combined TRACON& Tower with Radar,0,13,22,0,35,0,0,0,0,0,0,13,22,0,35,0,0,0,35
03/25/2022,RDG,PA,AEA,EN,Combined TRACON& Tower with Radar,0,13,19,0,32,0,4,37,0,41,0,17,56,0,73,64,0,64,137
03/26/2022,RDG,PA,AEA,EN,Combined TRACON& Tower with Radar,2,4,9,0,15,0,0,17,0,17,2,4,26,0,32,4,0,4,36
03/27/2022,RDG,PA,AEA,EN,Combined TRACON& Tower with Radar,2,2,5,0,9,0,2,6,0,8,2,4,11,0,17,0,0,0,17
03/28/2022,RDG,PA,AEA,EN,Combined TRACON& Tower with Radar,0,10,7,0,17,0,0,4,0,4,0,10,11,0,21,0,0,0,21
03/29/2022,RDG,PA,AEA,EN,Combined TRACON& Tower with Radar,0,10,19,1,30,0,2,25,1,28,0,12,44,2,58,14,0,14,72
03/30/2022,RDG,PA,AEA,EN,Combined TRACON& Tower with Radar,0,18,14,4,36,0,1,40,2,43,0,19,54,6,79,24,0,24,103
03/31/2022,RDG,PA,AEA,EN,Combined TRACON& Tower with Radar,0,11,10,2,23,0,0,0,0,0,0,11,10,2,23,0,0,0,23
04/01/2022,RDG,PA,AEA,EN,Combined TRACON& Tower with Radar,0,8,10,1,19,0,0,12,1,13,0,8,22,2,32,16,0,16,48
04/02/2022,RDG,PA,AEA,EN,Combined TRACON& Tower with Radar,2,8,34,0,44,0,1,99,2,102,2,9,133,2,146,62,0,62,208
04/03/2022,RDG,PA,AEA,EN,Combined TRACON& Tower with Radar,0,4,11,0,15,0,4,3,0,7,0,8,14,0,22,0,0,0,22
04/04/2022,RDG,PA,AEA,EN,Combined TRACON& Tower with Radar,0,9,26,1,36,0,0,52,3,55,0,9,78,4,91,42,0,42,133
04/05/2022,RDG,PA,AEA,EN,Combined TRACON& Tower with Radar,0,6,18,4,28,0,2,48,8,58,0,8,66,12,86,114,0,114,200
04/06/2022,RDG,PA,AEA,EN,Combined TRACON& Tower with Radar,0,8,12,2,22,0,0,1,0,1,0,8,13,2,23,0,0,0,23
04/07/2022,RDG,PA,AEA,EN,Combined TRACON& Tower with Radar,0,8,9,0,17,0,0,0,0,0,0,8,9,0,17,0,0,0,17
04/08/2022,RDG,PA,AEA,EN,Combined TRACON& Tower with Radar,0,8,32,0,40,0,0,50,0,50,0,8,82,0,90,38,0,38,128
04/09/2022,RDG,PA,AEA,EN,Combined TRACON& Tower with Radar,0,6,8,0,14,0,1,13,0,14,0,7,21,0,28,16,0,16,44
04/10/2022,RDG,PA,AEA,EN,Combined TRACON& Tower with Radar,0,2,21,0,23,0,0,27,0,27,0,2,48,0,50,24,0,24,74
04/11/2022,RDG,PA,AEA,EN,Combined TRACON& Tower with Radar,0,7,35,3,45,0,0,81,1,82,0,7,116,4,127,150,0,150,277
04/12/2022,RDG,PA,AEA,EN,Combined TRACON& Tower with Radar,0,19,30,1,50,0,2,61,3,66,0,21,91,4,116,56,2,58,174
04/13/2022,RDG,PA,AEA,EN,Combined TRACON& Tower with Radar,0,16,18,3,37,0,6,54,1,61,0,22,72,4,98,70,0,70,168
04/14/2022,RDG,PA,AEA,EN,Combined TRACON& Tower with Radar,0,12,7,0,19,0,0,32,0,32,0,12,39,0,51,38,0,38,89
04/15/2022,RDG,PA,AEA,EN,Combined TRACON& Tower with Radar,0,7,10,0,17,0,1,69,0,70,0,8,79,0,87,40,0,40,127
04/16/2022,RDG,PA,AEA,EN,Combined TRACON& Tower with Radar,0,2,17,0,19,0,1,30,0,31,0,3,47,0,50,34,0,34,84
04/17/2022,RDG,PA,AEA,EN,Combined TRACON& Tower with Radar,0,3,3,0,6,0,0,11,0,11,0,3,14,0,17,2,0,2,19
04/18/2022,RDG,PA,AEA,EN,Combined TRACON& Tower with Radar,0,8,16,6,30,0,0,14,0,14,0,8,30,6,44,4,0,4,48
04/19/2022,RDG,PA,AEA,EN,Combined TRACON& Tower with Radar,0,7,9,1,17,0,3,5,1,9,0,10,14,2,26,0,0,0,26
04/20/2022,RDG,PA,AEA,EN,Combined TRACON& Tower with Radar,0,15,18,1,34,0,3,80,1,84,0,18,98,2,118,126,0,126,244
04/21/2022,RDG,PA,AEA,EN,Combined TRACON& Tower with Radar,0,10,26,4,40,0,9,43,2,54,0,19,69,6,94,54,14,68,162
04/22/2022,RDG,PA,AEA,EN,Combined TRACON& Tower with Radar,0,13,29,0,42,0,5,60,1,66,0,18,89,1,108,40,8,48,156
04/23/2022,RDG,PA,AEA,EN,Combined TRACON& Tower with Radar,0,4,30,0,34,0,0,75,0,75,0,4,105,0,109,114,0,114,223
04/24/2022,RDG,PA,AEA,EN,Combined TRACON& Tower with Radar,2,1,25,0,28,0,2,78,1,81,2,3,103,1,109,154,0,154,263
04/25/2022,RDG,PA,AEA,EN,Combined TRACON& Tower with Radar,0,6,30,0,36,0,1,19,0,20,0,7,49,0,56,22,0,22,78
04/26/2022,RDG,PA,AEA,EN,Combined TRACON& Tower with Radar,0,11,35,1,47,0,0,5,1,6,0,11,40,2,53,0,0,0,53
04/27/2022,RDG,PA,AEA,EN,Combined TRACON& Tower with Radar,0,11,6,4,21,0,2,5,0,7,0,13,11,4,28,0,0,0,28
04/28/2022,RDG,PA,AEA,EN,Combined TRACON& Tower with Radar,0,8,13,0,21,0,2,19,0,21,0,10,32,0,42,10,0,10,52
04/29/2022,RDG,PA,AEA,EN,Combined TRACON& Tower with Radar,0,7,22,0,29,0,1,45,0,46,0,8,67,0,75,28,0,28,103
04/30/2022,RDG,PA,AEA,EN,Combined TRACON& Tower with Radar,2,2,21,0,25,0,1,75,0,76,2,3,96,0,101,70,0,70,171
05/01/2022,RDG,PA,AEA,EN,Combined TRACON& Tower with Radar,2,3,23,0,28,0,0,51,0,51,2,3,74,0,79,38,0,38,117
05/02/2022,RDG,PA,AEA,EN,Combined TRACON& Tower with Radar,0,15,22,0,37,0,2,5,0,7,0,17,27,0,44,0,0,0,44
05/03/2022,RDG,PA,AEA,EN,Combined TRACON& Tower with Radar,0,18,45,3,66,0,3,58,1,62,0,21,103,4,128,26,0,26,154
05/04/2022,RDG,PA,AEA,EN,Combined TRACON& Tower with Radar,0,20,20,2,42,0,0,6,0,6,0,20,26,2,48,0,0,0,48
05/05/2022,RDG,PA,AEA,EN,Combined TRACON& Tower with Radar,0,17,32,2,51,0,4,106,2,112,0,21,138,4,163,106,0,106,269
05/06/2022,RDG,PA,AEA,EN,Combined TRACON& Tower with Radar,0,8,9,0,17,0,0,0,0,0,0,8,9,0,17,0,0,0,17
05/07/2022,RDG,PA,AEA,EN,Combined TRACON& Tower with Radar,1,4,7,0,12,0,0,0,0,0,1,4,7,0,12,0,0,0,12
05/08/2022,RDG,PA,AEA,EN,Combined TRACON& Tower with Radar,1,1,16,0,18,0,1,25,0,26,1,2,41,0,44,18,0,18,62
05/09/2022,RDG,PA,AEA,EN,Combined TRACON& Tower with Radar,0,6,16,3,25,0,3,34,2,39,0,9,50,5,64,36,0,36,100
05/10/2022,RDG,PA,AEA,EN,Combined TRACON& Tower with Radar,0,8,24,0,32,0,0,54,0,54,0,8,78,0,86,88,0,88,174
05/11/2022,RDG,PA,AEA,EN,Combined TRACON& Tower with Radar,0,18,21,6,45,0,10,68,0,78,0,28,89,6,123,40,0,40,163
05/12/2022,RDG,PA,AEA,EN,Combined TRACON& Tower with Radar,1,12,15,1,29,0,2,44,1,47,1,14,59,2,76,80,0,80,156
05/13/2022,RDG,PA,AEA,EN,Combined TRACON& Tower with Radar,3,23,22,0,48,0,0,0,0,0,3,23,22,0,48,0,0,0,48
05/14/2022,RDG,PA,AEA,EN,Combined TRACON& Tower with Radar,0,4,5,0,9,0,0,0,0,0,0,4,5,0,9,0,0,0,9
05/15/2022,RDG,PA,AEA,EN,Combined TRACON& Tower with Radar,0,4,24,0,28,0,2,23,0,25,0,6,47,0,53,54,0,54,107
05/16/2022,RDG,PA,AEA,EN,Combined TRACON& Tower with Radar,0,11,14,0,25,0,3,11,0,14,0,14,25,0,39,14,0,14,53
05/17/2022,RDG,PA,AEA,EN,Combined TRACON& Tower with Radar,0,11,14,5,30,0,5,27,4,36,0,16,41,9,66,26,0,26,92
05/18/2022,RDG,PA,AEA,EN,Combined TRACON& Tower with Radar,0,10,28,1,39,0,0,95,3,98,0,10,123,4,137,42,6,48,185
05/19/2022,RDG,PA,AEA,EN,Combined TRACON& Tower with Radar,0,9,21,7,37,0,0,20,1,21,0,9,41,8,58,20,0,20,78
05/20/2022,RDG,PA,AEA,EN,Combined TRACON& Tower with Radar,0,14,35,0,49,0,4,41,0,45,0,18,76,0,94,4,0,4,98
05/21/2022,RDG,PA,AEA,EN,Combined TRACON& Tower with Radar,0,3,16,0,19,0,1,29,0,30,0,4,45,0,49,0,0,0,49
05/22/2022,RDG,PA,AEA,EN,Combined TRACON& Tower with Radar,0,1,9,0,10,0,1,33,0,34,0,2,42,0,44,68,0,68,112
05/23/2022,RDG,PA,AEA,EN,Combined TRACON& Tower with Radar,0,18,25,3,46,0,5,42,1,48,0,23,67,4,94,0,0,0,94
05/24/2022,RDG,PA,AEA,EN,Combined TRACON& Tower with Radar,0,21,25,3,49,0,10,48,1,59,0,31,73,4,108,40,0,40,148
05/25/2022,RDG,PA,AEA,EN,Combined TRACON& Tower with Radar,0,21,28,0,49,0,9,96,4,109,0,30,124,4,158,70,0,70,228
05/26/2022,RDG,PA,AEA,EN,Combined TRACON& Tower with Radar,0,21,30,0,51,0,3,5,0,8,0,24,35,0,59,22,0,22,81
05/27/2022,RDG,PA,AEA,EN,Combined TRACON& Tower with Radar,0,6,17,0,23,0,0,0,0,0,0,6,17,0,23,0,0,0,23
05/28/2022,RDG,PA,AEA,EN,Combined TRACON& Tower with Radar,0,3,11,0,14,0,0,20,0,20,0,3,31,0,34,20,0,20,54
05/29/2022,RDG,PA,AEA,EN,Combined TRACON& Tower with Radar,2,3,17,0,22,0,3,63,0,66,2,6,80,0,88,52,0,52,140
05/30/2022,RDG,PA,AEA,EN,Combined TRACON& Tower with Radar,0,0,8,0,8,0,3,72,0,75,0,3,80,0,83,34,0,34,117
05/31/2022,RDG,PA,AEA,EN,Combined TRACON& Tower with Radar,0,15,23,1,39,0,6,67,2,75,0,21,90,3,114,56,0,56,170
06/01/2022,RDG,PA,AEA,EN,Combined TRACON& Tower with Radar,0,18,19,2,39,0,8,42,0,50,0,26,61,2,89,46,0,46,135
06/02/2022,RDG,PA,AEA,EN,Combined TRACON& Tower with Radar,0,8,22,3,33,0,7,12,5,24,0,15,34,8,57,18,0,18,75
06/03/2022,RDG,PA,AEA,EN,Combined TRACON& Tower with Radar,0,9,28,0,37,0,113,65,32,210,0,122,93,32,247,18,0,18,265
06/04/2022,RDG,PA,AEA,EN,Combined TRACON& Tower with Radar,2,8,18,0,28,0,84,110,28,222,2,92,128,28,250,162,0,162,412
06/05/2022,RDG,PA,AEA,EN,Combined TRACON& Tower with Radar,2,11,10,0,23,0,82,69,14,165,2,93,79,14,188,12,0,12,200
06/06/2022,RDG,PA,AEA,EN,Combined TRACON& Tower with Radar,0,6,40,0,46,0,1,65,0,66,0,7,105,0,112,20,0,20,132
06/07/2022,RDG,PA,AEA,EN,Combined TRACON& Tower with Radar,0,12,14,0,26,0,0,23,0,23,0,12,37,0,49,20,0,20,69
06/08/2022,RDG,PA,AEA,EN,Combined TRACON& Tower with Radar,0,13,20,2,35,0,1,72,0,73,0,14,92,2,108,16,0,16,124
06/09/2022,RDG,PA,AEA,EN,Combined TRACON& Tower with Radar,0,8,8,1,17,0,1,25,2,28,0,9,33,3,45,26,0,26,71
06/10/2022,RDG,PA,AEA,EN,Combined TRACON& Tower with Radar,0,14,22,2,38,0,0,76,4,80,0,14,98,6,118,78,4,82,200
06/11/2022,RDG,PA,AEA,EN,Combined TRACON& Tower with Radar,2,5,26,0,33,0,1,54,0,55,2,6,80,0,88,16,0,16,104
06/12/2022,RDG,PA,AEA,EN,Combined TRACON& Tower with Radar,2,5,11,0,18,0,0,3,0,3,2,5,14,0,21,0,0,0,21
06/13/2022,RDG,PA,AEA,EN,Combined TRACON& Tower with Radar,0,9,29,0,38,0,1,34,0,35,0,10,63,0,73,26,0,26,99
06/14/2022,RDG,PA,AEA,EN,Combined TRACON& Tower with Radar,0,7,25,9,41,0,1,47,5,53,0,8,72,14,94,0,4,4,98
06/15/2022,RDG,PA,AEA,EN,Combined TRACON& Tower with Radar,0,6,28,3,37,0,0,93,1,94,0,6,121,4,131,34,6,40,171
06/16/2022,RDG,PA,AEA,EN,Combined TRACON& Tower with Radar,0,9,26,2,37,0,1,4,0,5,0,10,30,2,42,12,0,12,54
06/17/2022,RDG,PA,AEA,EN,Combined TRACON& Tower with Radar,0,9,19,0,28,0,0,33,0,33,0,9,52,0,61,8,0,8,69
06/18/2022,RDG,PA,AEA,EN,Combined TRACON& Tower with Radar,2,5,8,0,15,0,0,20,0,20,2,5,28,0,35,2,0,2,37
06/19/2022,RDG,PA,AEA,EN,Combined TRACON& Tower with Radar,0,4,11,0,15,0,3,35,0,38,0,7,46,0,53,12,0,12,65
06/20/2022,RDG,PA,AEA,EN,Combined TRACON& Tower with Radar,0,6,27,0,33,0,2,66,2,70,0,8,93,2,103,18,10,28,131
06/21/2022,RDG,PA,AEA,EN,Combined TRACON& Tower with Radar,0,8,29,0,37,0,1,83,0,84,0,9,112,0,121,42,0,42,163
06/22/2022,RDG,PA,AEA,EN,Combined TRACON& Tower with Radar,0,15,24,0,39,0,0,21,0,21,0,15,45,0,60,14,0,14,74
06/23/2022,RDG,PA,AEA,EN,Combined TRACON& Tower with Radar,0,13,19,0,32,0,0,6,0,6,0,13,25,0,38,0,0,0,38
06/24/2022,RDG,PA,AEA,EN,Combined TRACON& Tower with Radar,0,7,34,4,45,0,1,64,1,66,0,8,98,5,111,76,0,76,187
06/25/2022,RDG,PA,AEA,EN,Combined TRACON& Tower with Radar,0,2,21,0,23,0,1,66,0,67,0,3,87,0,90,56,0,56,146
06/26/2022,RDG,PA,AEA,EN,Combined TRACON& Tower with Radar,0,5,23,0,28,0,0,65,0,65,0,5,88,0,93,32,0,32,125
06/27/2022,RDG,PA,AEA,EN,Combined TRACON& Tower with Radar,0,9,13,2,24,0,0,23,1,24,0,9,36,3,48,26,48,74,122
06/28/2022,RDG,PA,AEA,EN,Combined TRACON& Tower with Radar,0,14,37,2,53,0,1,83,2,86,0,15,120,4,139,42,0,42,181
06/29/2022,RDG,PA,AEA,EN,Combined TRACON& Tower with Radar,0,16,37,0,53,0,6,89,0,95,0,22,126,0,148,8,0,8,156
06/30/2022,RDG,PA,AEA,EN,Combined TRACON& Tower with Radar,0,7,18,7,32,0,3,67,0,70,0,10,85,7,102,0,0,0,102
07/01/2022,RDG,PA,AEA,EN,Combined TRACON& Tower with Radar,0,6,15,0,21,0,0,36,0,36,0,6,51,0,57,0,0,0,57
07/02/2022,RDG,PA,AEA,EN,Combined TRACON& Tower with Radar,0,4,16,0,20,0,0,26,0,26,0,4,42,0,46,0,0,0,46
07/03/2022,RDG,PA,AEA,EN,Combined TRACON& Tower with Radar,0,2,9,0,11,0,0,30,0,30,0,2,39,0,41,16,0,16,57
07/04/2022,RDG,PA,AEA,EN,Combined TRACON& Tower with Radar,0,0,15,0,15,0,0,55,0,55,0,0,70,0,70,14,0,14,84
07/05/2022,RDG,PA,AEA,EN,Combined TRACON& Tower with Radar,0,5,22,0,27,0,0,32,2,34,0,5,54,2,61,8,0,8,69
07/06/2022,RDG,PA,AEA,EN,Combined TRACON& Tower with Radar,0,6,23,4,33,0,1,73,5,79,0,7,96,9,112,104,12,116,228
07/07/2022,RDG,PA,AEA,EN,Combined TRACON& Tower with Radar,0,11,30,2,43,0,3,58,5,66,0,14,88,7,109,100,0,100,209
07/08/2022,RDG,PA,AEA,EN,Combined TRACON& Tower with Radar,0,13,27,3,43,0,0,21,1,22,0,13,48,4,65,26,0,26,91
07/09/2022,RDG,PA,AEA,EN,Combined TRACON& Tower with Radar,0,3,33,0,36,0,5,45,14,64,0,8,78,14,100,40,0,40,140
07/10/2022,RDG,PA,AEA,EN,Combined TRACON& Tower with Radar,0,1,24,0,25,0,1,73,0,74,0,2,97,0,99,60,0,60,159
07/11/2022,RDG,PA,AEA,EN,Combined TRACON& Tower with Radar,0,8,20,1,29,0,3,57,0,60,0,11,77,1,89,6,0,6,95
07/12/2022,RDG,PA,AEA,EN,Combined TRACON& Tower with Radar,0,8,25,0,33,0,0,27,0,27,0,8,52,0,60,0,0,0,60
07/13/2022,RDG,PA,AEA,EN,Combined TRACON& Tower with Radar,0,11,35,0,46,0,2,82,1,85,0,13,117,1,131,33,0,33,164
07/14/2022,RDG,PA,AEA,EN,Combined TRACON& Tower with Radar,0,10,43,4,57,0,1,76,2,79,0,11,119,6,136,52,2,54,190
07/15/2022,RDG,PA,AEA,EN,Combined TRACON& Tower with Radar,0,12,30,0,42,0,0,74,1,75,0,12,104,1,117,60,0,60,177
07/16/2022,RDG,PA,AEA,EN,Combined TRACON& Tower with Radar,0,2,33,0,35,0,11,24,3,38,0,13,57,3,73,2,0,2,75
07/17/2022,RDG,PA,AEA,EN,Combined TRACON& Tower with Radar,0,3,25,0,28,0,0,9,0,9,0,3,34,0,37,26,0,26,63
07/18/2022,RDG,PA,AEA,EN,Combined TRACON& Tower with Radar,0,9,13,0,22,0,0,1,4,5,0,9,14,4,27,2,0,2,29
07/19/2022,RDG,PA,AEA,EN,Combined TRACON& Tower with Radar,0,8,27,2,37,0,4,71,0,75,0,12,98,2,112,42,4,46,158
07/20/2022,RDG,PA,AEA,EN,Combined TRACON& Tower with Radar,0,17,24,0,41,0,5,72,0,77,0,22,96,0,118,30,0,30,148
07/21/2022,RDG,PA,AEA,EN,Combined TRACON& Tower with Radar,0,18,29,6,53,0,4,64,0,68,0,22,93,6,121,84,0,84,205
07/22/2022,RDG,PA,AEA,EN,Combined TRACON& Tower with Radar,0,11,14,2,27,0,1,76,2,79,0,12,90,4,106,30,0,30,136
07/23/2022,RDG,PA,AEA,EN,Combined TRACON& Tower with Radar,0,9,21,1,31,0,2,55,2,59,0,11,76,3,90,40,2,42,132
07/24/2022,RDG,PA,AEA,EN,Combined TRACON& Tower with Radar,0,4,14,0,18,0,0,46,0,46,0,4,60,0,64,18,0,18,82
07/25/2022,RDG,PA,AEA,EN,Combined TRACON& Tower with Radar,0,7,10,0,17,0,0,23,0,23,0,7,33,0,40,0,0,0,40
07/26/2022,RDG,PA,AEA,EN,Combined TRACON& Tower with Radar,0,9,25,0,34,0,0,67,2,69,0,9,92,2,103,36,0,36,139
07/27/2022,RDG,PA,AEA,EN,Combined TRACON& Tower with Radar,0,6,23,3,32,0,2,56,2,60,0,8,79,5,92,10,0,10,102
07/28/2022,RDG,PA,AEA,EN,Combined TRACON& Tower with Radar,0,8,15,0,23,0,2,17,0,19,0,10,32,0,42,12,0,12,54
07/29/2022,RDG,PA,AEA,EN,Combined TRACON& Tower with Radar,0,19,30,1,50,0,5,50,1,56,0,24,80,2,106,26,0,26,132
07/30/2022,RDG,PA,AEA,EN,Combined TRACON& Tower with Radar,0,9,18,0,27,0,3,54,0,57,0,12,72,0,84,46,0,46,130
07/31/2022,RDG,PA,AEA,EN,Combined TRACON& Tower with Radar,0,5,27,0,32,0,1,61,0,62,0,6,88,0,94,38,0,38,132
08/01/2022,RDG,PA,AEA,EN,Combined TRACON& Tower with Radar,0,6,23,2,31,0,2,30,0,32,0,8,53,2,63,10,0,10,73
08/02/2022,RDG,PA,AEA,EN,Combined TRACON& Tower with Radar,0,8,10,2,20,0,4,50,4,58,0,12,60,6,78,18,0,18,96
08/03/2022,RDG,PA,AEA,EN,Combined TRACON& Tower with Radar,0,12,29,0,41,0,2,80,1,83,0,14,109,1,124,58,0,58,182
08/04/2022,RDG,PA,AEA,EN,Combined TRACON& Tower with Radar,0,9,19,3,31,0,0,56,1,57,0,9,75,4,88,62,0,62,150
08/05/2022,RDG,PA,AEA,EN,Combined TRACON& Tower with Radar,0,9,13,0,22,0,3,40,1,44,0,12,53,1,66,12,0,12,78
08/06/2022,RDG,PA,AEA,EN,Combined TRACON& Tower with Radar,0,4,22,0,26,0,1,12,0,13,0,5,34,0,39,0,0,0,39
08/07/2022,RDG,PA,AEA,EN,Combined TRACON& Tower with Radar,0,1,19,0,20,0,1,39,0,40,0,2,58,0,60,8,0,8,68
08/08/2022,RDG,PA,AEA,EN,Combined TRACON& Tower with Radar,0,10,24,0,34,0,0,27,0,27,0,10,51,0,61,14,0,14,75
08/09/2022,RDG,PA,AEA,EN,Combined TRACON& Tower with Radar,0,11,15,0,26,0,2,34,0,36,0,13,49,0,62,0,0,0,62
08/10/2022,RDG,PA,AEA,EN,Combined TRACON& Tower with Radar,0,19,14,1,34,2,1,55,1,59,2,20,69,2,93,64,0,64,157
08/11/2022,RDG,PA,AEA,EN,Combined TRACON& Tower with Radar,0,11,20,4,35,0,2,40,2,44,0,13,60,6,79,20,0,20,99
08/12/2022,RDG,PA,AEA,EN,Combined TRACON& Tower with Radar,0,8,23,2,33,0,2,72,4,78,0,10,95,6,111,28,0,28,139
08/13/2022,RDG,PA,AEA,EN,Combined TRACON& Tower with Radar,0,5,22,0,27,0,2,61,2,65,0,7,83,2,92,16,0,16,108
08/14/2022,RDG,PA,AEA,EN,Combined TRACON& Tower with Radar,0,5,18,0,23,0,0,60,0,60,0,5,78,0,83,20,0,20,103
08/15/2022,RDG,PA,AEA,EN,Combined TRACON& Tower with Radar,0,14,27,0,41,0,3,45,0,48,0,17,72,0,89,28,0,28,117
08/16/2022,RDG,PA,AEA,EN,Combined TRACON& Tower with Radar,0,14,28,2,44,0,4,79,2,85,0,18,107,4,129,97,0,97,226
08/17/2022,RDG,PA,AEA,EN,Combined TRACON& Tower with Radar,0,11,13,0,24,0,0,54,0,54,0,11,67,0,78,66,0,66,144
08/18/2022,RDG,PA,AEA,EN,Combined TRACON& Tower with Radar,0,13,25,6,44,0,5,87,2,94,0,18,112,8,138,62,0,62,200
08/19/2022,RDG,PA,AEA,EN,Combined TRACON& Tower with Radar,0,12,21,1,34,0,4,92,2,98,0,16,113,3,132,56,0,56,188
08/20/2022,RDG,PA,AEA,EN,Combined TRACON& Tower with Radar,0,3,20,0,23,0,0,64,0,64,0,3,84,0,87,56,0,56,143
08/21/2022,RDG,PA,AEA,EN,Combined TRACON& Tower with Radar,0,1,13,0,14,0,1,13,0,14,0,2,26,0,28,26,0,26,54
08/22/2022,RDG,PA,AEA,EN,Combined TRACON& Tower with Radar,0,5,14,0,19,0,0,7,0,7,0,5,21,0,26,0,0,0,26
08/23/2022,RDG,PA,AEA,EN,Combined TRACON& Tower with Radar,0,15,22,0,37,0,0,25,2,27,0,15,47,2,64,36,0,36,100
08/24/2022,RDG,PA,AEA,EN,Combined TRACON& Tower with Radar,0,17,26,0,43,0,5,56,4,65,0,22,82,4,108,32,0,32,140
08/25/2022,RDG,PA,AEA,EN,Combined TRACON& Tower with Radar,0,14,20,3,37,0,1,56,1,58,0,15,76,4,95,26,0,26,121
08/26/2022,RDG,PA,AEA,EN,Combined TRACON& Tower with Radar,0,8,24,1,33,0,0,35,1,36,0,8,59,2,69,20,2,22,91
08/27/2022,RDG,PA,AEA,EN,Combined TRACON& Tower with Radar,0,6,20,0,26,0,0,69,0,69,0,6,89,0,95,90,0,90,185
08/28/2022,RDG,PA,AEA,EN,Combined TRACON& Tower with Radar,0,5,33,0,38,0,1,28,0,29,0,6,61,0,67,52,0,52,119
08/29/2022,RDG,PA,AEA,EN,Combined TRACON& Tower with Radar,0,13,20,3,36,0,6,21,4,31,0,19,41,7,67,6,4,10,77
08/30/2022,RDG,PA,AEA,EN,Combined TRACON& Tower with Radar,0,9,29,0,38,0,0,26,0,26,0,9,55,0,64,0,0,0,64
08/31/2022,RDG,PA,AEA,EN,Combined TRACON& Tower with Radar,0,14,22,0,36,0,3,56,0,59,0,17,78,0,95,50,0,50,145
09/01/2022,RDG,PA,AEA,EN,Combined TRACON& Tower with Radar,0,12,23,2,37,0,0,60,2,62,0,12,83,4,99,24,2,26,125
09/02/2022,RDG,PA,AEA,EN,Combined TRACON& Tower with Radar,0,7,19,1,27,0,0,66,3,69,0,7,85,4,96,24,0,24,120
09/03/2022,RDG,PA,AEA,EN,Combined TRACON& Tower with Radar,0,3,12,0,15,0,0,50,1,51,0,3,62,1,66,70,0,70,136
09/04/2022,RDG,PA,AEA,EN,Combined TRACON& Tower with Radar,0,3,12,0,15,0,0,32,0,32,0,3,44,0,47,66,0,66,113
09/05/2022,RDG,PA,AEA,EN,Combined TRACON& Tower with Radar,0,1,7,0,8,0,0,10,0,10,0,1,17,0,18,0,0,0,18
09/06/2022,RDG,PA,AEA,EN,Combined TRACON& Tower with Radar,0,17,19,0,36,0,0,0,0,0,0,17,19,0,36,0,0,0,36
09/07/2022,RDG,PA,AEA,EN,Combined TRACON& Tower with Radar,0,17,21,0,38,0,1,2,0,3,0,18,23,0,41,0,0,0,41
09/08/2022,RDG,PA,AEA,EN,Combined TRACON& Tower with Radar,0,12,40,3,55,0,4,64,1,69,0,16,104,4,124,24,0,24,148
09/09/2022,RDG,PA,AEA,EN,Combined TRACON& Tower with Radar,0,8,21,4,33,0,2,61,4,67,0,10,82,8,100,10,0,10,110
09/10/2022,RDG,PA,AEA,EN,Combined TRACON& Tower with Radar,0,2,26,0,28,0,3,69,7,79,0,5,95,7,107,84,0,84,191
09/11/2022,RDG,PA,AEA,EN,Combined TRACON& Tower with Radar,0,2,21,0,23,0,0,0,0,0,0,2,21,0,23,0,0,0,23
09/12/2022,RDG,PA,AEA,EN,Combined TRACON& Tower with Radar,0,11,12,0,23,0,0,0,0,0,0,11,12,0,23,0,0,0,23
09/13/2022,RDG,PA,AEA,EN,Combined TRACON& Tower with Radar,0,6,26,1,33,0,0,43,1,44,0,6,69,2,77,18,0,18,95
09/14/2022,RDG,PA,AEA,EN,Combined TRACON& Tower with Radar,0,18,18,5,41,0,4,69,3,76,0,22,87,8,117,46,0,46,163
09/15/2022,RDG,PA,AEA,EN,Combined TRACON& Tower with Radar,0,8,39,5,52,0,0,69,2,71,0,8,108,7,123,24,10,34,157
09/16/2022,RDG,PA,AEA,EN,Combined TRACON& Tower with Radar,0,12,24,11,47,0,4,62,5,71,0,16,86,16,118,36,0,36,154
09/17/2022,RDG,PA,AEA,EN,Combined TRACON& Tower with Radar,0,3,13,0,16,0,0,64,0,64,0,3,77,0,80,32,0,32,112
09/18/2022,RDG,PA,AEA,EN,Combined TRACON& Tower with Radar,0,8,36,0,44,0,1,74,0,75,0,9,110,0,119,60,0,60,179
09/19/2022,RDG,PA,AEA,EN,Combined TRACON& Tower with Radar,0,7,18,2,27,0,3,28,1,32,0,10,46,3,59,20,0,20,79
09/20/2022,RDG,PA,AEA,EN,Combined TRACON& Tower with Radar,0,14,23,3,40,0,0,74,4,78,0,14,97,7,118,0,0,0,118
09/21/2022,RDG,PA,AEA,EN,Combined TRACON& Tower with Radar,0,16,20,1,37,0,2,63,1,66,0,18,83,2,103,46,0,46,149
09/22/2022,RDG,PA,AEA,EN,Combined TRACON& Tower with Radar,0,9,20,0,29,0,0,11,0,11,0,9,31,0,40,10,0,10,50
09/23/2022,RDG,PA,AEA,EN,Combined TRACON& Tower with Radar,0,6,12,0,18,0,1,24,0,25,0,7,36,0,43,20,0,20,63
09/24/2022,RDG,PA,AEA,EN,Combined TRACON& Tower with Radar,0,5,23,0,28,0,0,95,0,95,0,5,118,0,123,34,0,34,157
09/25/2022,RDG,PA,AEA,EN,Combined TRACON& Tower with Radar,2,8,5,0,15,0,2,18,0,20,2,10,23,0,35,0,0,0,35
09/26/2022,RDG,PA,AEA,EN,Combined TRACON& Tower with Radar,0,8,21,2,31,0,0,31,0,31,0,8,52,2,62,0,0,0,62
09/27/2022,RDG,PA,AEA,EN,Combined TRACON& Tower with Radar,0,8,17,0,25,0,0,34,0,34,0,8,51,0,59,6,0,6,65
09/28/2022,RDG,PA,AEA,EN,Combined TRACON& Tower with Radar,0,8,22,0,30,0,1,54,2,57,0,9,76,2,87,82,0,82,169
09/29/2022,RDG,PA,AEA,EN,Combined TRACON& Tower with Radar,0,19,27,1,47,0,3,61,5,69,0,22,88,6,116,0,0,0,116
09/30/2022,RDG,PA,AEA,EN,Combined TRACON& Tower with Radar,0,16,20,0,36,0,4,55,0,59,0,20,75,0,95,96,0,96,191
10/01/2022,RDG,PA,AEA,EN,Combined TRACON& Tower with Radar,2,7,1,0,10,0,0,0,0,0,2,7,1,0,10,0,0,0,10
10/02/2022,RDG,PA,AEA,EN,Combined TRACON& Tower with Radar,2,6,4,0,12,0,0,1,0,1,2,6,5,0,13,0,0,0,13
10/03/2022,RDG,PA,AEA,EN,Combined TRACON& Tower with Radar,0,7,26,0,33,0,0,6,0,6,0,7,32,0,39,0,0,0,39
10/04/2022,RDG,PA,AEA,EN,Combined TRACON& Tower with Radar,0,12,7,0,19,0,0,0,0,0,0,12,7,0,19,0,0,0,19
10/05/2022,RDG,PA,AEA,EN,Combined TRACON& Tower with Radar,0,9,36,0,45,0,1,8,0,9,0,10,44,0,54,0,0,0,54
10/06/2022,RDG,PA,AEA,EN,Combined TRACON& Tower with Radar,0,9,21,0,30,0,2,81,1,84,0,11,102,1,114,32,0,32,146
10/07/2022,RDG,PA,AEA,EN,Combined TRACON& Tower with Radar,0,6,21,0,27,0,0,80,0,80,0,6,101,0,107,74,0,74,181
10/08/2022,RDG,PA,AEA,EN,Combined TRACON& Tower with Radar,2,4,23,0,29,0,1,52,0,53,2,5,75,0,82,40,0,40,122
10/09/2022,RDG,PA,AEA,EN,Combined TRACON& Tower with Radar,0,4,22,0,26,0,1,53,0,54,0,5,75,0,80,26,0,26,106
10/10/2022,RDG,PA,AEA,EN,Combined TRACON& Tower with Radar,0,7,13,0,20,0,3,53,0,56,0,10,66,0,76,71,0,71,147
10/11/2022,RDG,PA,AEA,EN,Combined TRACON& Tower with Radar,0,13,25,2,40,0,7,120,0,127,0,20,145,2,167,0,0,0,167
10/12/2022,RDG,PA,AEA,EN,Combined TRACON& Tower with Radar,0,10,22,1,33,0,3,56,1,60,0,13,78,2,93,38,0,38,131
10/13/2022,RDG,PA,AEA,EN,Combined TRACON& Tower with Radar,0,9,10,0,19,0,0,2,0,2,0,9,12,0,21,0,0,0,21
10/14/2022,RDG,PA,AEA,EN,Combined TRACON& Tower with Radar,0,10,16,1,27,0,2,75,1,78,0,12,91,2,105,54,12,66,171
10/15/2022,RDG,PA,AEA,EN,Combined TRACON& Tower with Radar,0,3,13,0,16,0,1,49,0,50,0,4,62,0,66,36,0,36,102
10/16/2022,RDG,PA,AEA,EN,Combined TRACON& Tower with Radar,0,4,18,0,22,0,0,47,0,47,0,4,65,0,69,0,0,0,69
10/17/2022,RDG,PA,AEA,EN,Combined TRACON& Tower with Radar,0,10,31,4,45,0,3,9,0,12,0,13,40,4,57,0,0,0,57
10/18/2022,RDG,PA,AEA,EN,Combined TRACON& Tower with Radar,0,10,31,9,50,0,5,44,1,50,0,15,75,10,100,42,0,42,142
10/19/2022,RDG,PA,AEA,EN,Combined TRACON& Tower with Radar,0,19,24,6,49,0,2,40,4,46,0,21,64,10,95,66,0,66,161
10/20/2022,RDG,PA,AEA,EN,Combined TRACON& Tower with Radar,0,19,36,4,59,0,6,40,6,52,0,25,76,10,111,36,0,36,147
10/21/2022,RDG,PA,AEA,EN,Combined TRACON& Tower with Radar,0,17,28,0,45,0,6,95,1,102,0,23,123,1,147,90,0,90,237
10/22/2022,RDG,PA,AEA,EN,Combined TRACON& Tower with Radar,0,4,32,1,37,0,2,89,1,92,0,6,121,2,129,46,0,46,175
10/23/2022,RDG,PA,AEA,EN,Combined TRACON& Tower with Radar,2,8,45,0,55,0,0,47,0,47,2,8,92,0,102,42,0,42,144
10/24/2022,RDG,PA,AEA,EN,Combined TRACON& Tower with Radar,0,11,20,12,43,0,0,0,0,0,0,11,20,12,43,0,0,0,43
10/25/2022,RDG,PA,AEA,EN,Combined TRACON& Tower with Radar,0,24,23,0,47,0,0,4,0,4,0,24,27,0,51,0,0,0,51
10/26/2022,RDG,PA,AEA,EN,Combined TRACON& Tower with Radar,0,27,14,2,43,0,1,6,2,9,0,28,20,4,52,6,4,10,62
10/27/2022,RDG,PA,AEA,EN,Combined TRACON& Tower with Radar,0,19,31,2,52,0,9,49,2,60,0,28,80,4,112,16,0,16,128
10/28/2022,RDG,PA,AEA,EN,Combined TRACON& Tower with Radar,0,15,43,0,58,0,9,71,0,80,0,24,114,0,138,68,0,68,206
10/29/2022,RDG,PA,AEA,EN,Combined TRACON& Tower with Radar,2,8,29,1,40,0,0,84,1,85,2,8,113,2,125,26,0,26,151
10/30/2022,RDG,PA,AEA,EN,Combined TRACON& Tower with Radar,2,2,18,0,22,0,0,69,0,69,2,2,87,0,91,50,0,50,141
10/31/2022,RDG,PA,AEA,EN,Combined TRACON& Tower with Radar,0,6,18,0,24,0,0,3,4,7,0,6,21,4,31,0,0,0,31
11/01/2022,RDG,PA,AEA,EN,Combined TRACON& Tower with Radar,0,15,27,4,46,0,2,27,3,32,0,17,54,7,78,0,0,0,78
11/02/2022,RDG,PA,AEA,EN,Combined TRACON& Tower with Radar,0,14,24,7,45,0,2,48,5,55,0,16,72,12,100,24,36,60,160
11/03/2022,RDG,PA,AEA,EN,Combined TRACON& Tower with Radar,0,16,25,4,45,0,3,68,2,73,0,19,93,6,118,66,1,67,185
11/04/2022,RDG,PA,AEA,EN,Combined TRACON& Tower with Radar,0,11,26,6,43,0,3,53,1,57,0,14,79,7,100,22,0,22,122
11/05/2022,RDG,PA,AEA,EN,Combined TRACON& Tower with Radar,2,7,20,0,29,0,0,22,0,22,2,7,42,0,51,28,0,28,79
11/06/2022,RDG,PA,AEA,EN,Combined TRACON& Tower with Radar,0,5,11,4,20,0,0,1,0,1,0,5,12,4,21,0,0,0,21
11/07/2022,RDG,PA,AEA,EN,Combined TRACON& Tower with Radar,0,11,20,0,31,0,3,74,0,77,0,14,94,0,108,0,0,0,108
11/08/2022,RDG,PA,AEA,EN,Combined TRACON& Tower with Radar,0,8,21,3,32,0,1,104,1,106,0,9,125,4,138,0,0,0,138
11/09/2022,RDG,PA,AEA,EN,Combined TRACON& Tower with Radar,0,12,32,4,48,0,1,66,0,67,0,13,98,4,115,68,0,68,183
11/10/2022,RDG,PA,AEA,EN,Combined TRACON& Tower with Radar,0,15,37,0,52,0,4,62,0,66,0,19,99,0,118,18,0,18,136
11/11/2022,RDG,PA,AEA,EN,Combined TRACON& Tower with Radar,0,7,4,0,11,0,0,0,0,0,0,7,4,0,11,2,0,2,13
11/12/2022,RDG,PA,AEA,EN,Combined TRACON& Tower with Radar,0,8,15,0,23,0,1,92,0,93,0,9,107,0,116,62,0,62,178
11/13/2022,RDG,PA,AEA,EN,Combined TRACON& Tower with Radar,0,3,4,0,7,0,2,15,0,17,0,5,19,0,24,0,0,0,24
11/14/2022,RDG,PA,AEA,EN,Combined TRACON& Tower with Radar,0,14,31,0,45,0,2,46,0,48,0,16,77,0,93,0,0,0,93
11/15/2022,RDG,PA,AEA,EN,Combined TRACON& Tower with Radar,0,19,10,6,35,0,4,23,0,27,0,23,33,6,62,0,0,0,62
11/16/2022,RDG,PA,AEA,EN,Combined TRACON& Tower with Radar,0,25,23,0,48,0,2,10,0,12,0,27,33,0,60,0,0,0,60
11/17/2022,RDG,PA,AEA,EN,Combined TRACON& Tower with Radar,0,25,12,0,37,0,5,16,0,21,0,30,28,0,58,0,0,0,58
11/18/2022,RDG,PA,AEA,EN,Combined TRACON& Tower with Radar,0,7,18,1,26,0,0,28,3,31,0,7,46,4,57,2,0,2,59
11/19/2022,RDG,PA,AEA,EN,Combined TRACON& Tower with Radar,0,8,4,1,13,0,0,30,1,31,0,8,34,2,44,18,0,18,62
11/20/2022,RDG,PA,AEA,EN,Combined TRACON& Tower with Radar,0,3,7,0,10,0,2,6,0,8,0,5,13,0,18,0,0,0,18
11/21/2022,RDG,PA,AEA,EN,Combined TRACON& Tower with Radar,0,14,10,0,24,0,5,42,0,47,0,19,52,0,71,46,0,46,117
11/22/2022,RDG,PA,AEA,EN,Combined TRACON& Tower with Radar,0,16,28,4,48,0,10,75,2,87,0,26,103,6,135,98,0,98,233
11/23/2022,RDG,PA,AEA,EN,Combined TRACON& Tower with Radar,0,11,25,0,36,0,3,76,0,79,0,14,101,0,115,58,0,58,173
11/24/2022,RDG,PA,AEA,EN,Combined TRACON& Tower with Radar,0,4,3,0,7,0,0,14,0,14,0,4,17,0,21,0,0,0,21
11/25/2022,RDG,PA,AEA,EN,Combined TRACON& Tower with Radar,0,10,4,0,14,0,3,3,0,6,0,13,7,0,20,0,0,0,20
11/26/2022,RDG,PA,AEA,EN,Combined TRACON& Tower with Radar,0,3,10,0,13,0,0,69,0,69,0,3,79,0,82,40,0,40,122
11/27/2022,RDG,PA,AEA,EN,Combined TRACON& Tower with Radar,2,7,12,0,21,0,0,4,0,4,2,7,16,0,25,0,0,0,25
11/28/2022,RDG,PA,AEA,EN,Combined TRACON& Tower with Radar,0,8,13,0,21,0,0,17,0,17,0,8,30,0,38,38,0,38,76
11/29/2022,RDG,PA,AEA,EN,Combined TRACON& Tower with Radar,0,14,17,5,36,0,1,65,3,69,0,15,82,8,105,16,0,16,121
11/30/2022,RDG,PA,AEA,EN,Combined TRACON& Tower with Radar,0,12,8,1,21,0,0,0,1,1,0,12,8,2,22,0,0,0,22
12/01/2022,RDG,PA,AEA,EN,Combined TRACON& Tower with Radar,0,8,23,0,31,0,1,21,2,24,0,9,44,2,55,0,0,0,55
12/02/2022,RDG,PA,AEA,EN,Combined TRACON& Tower with Radar,0,7,25,3,35,0,0,93,5,98,0,7,118,8,133,80,4,84,217
12/03/2022,RDG,PA,AEA,EN,Combined TRACON& Tower with Radar,2,7,6,0,15,0,0,0,0,0,2,7,6,0,15,0,0,0,15
12/04/2022,RDG,PA,AEA,EN,Combined TRACON& Tower with Radar,0,4,29,0,33,0,2,65,0,67,0,6,94,0,100,42,0,42,142
12/05/2022,RDG,PA,AEA,EN,Combined TRACON& Tower with Radar,0,12,26,0,38,0,0,43,3,46,0,12,69,3,84,0,0,0,84
12/06/2022,RDG,PA,AEA,EN,Combined TRACON& Tower with Radar,0,12,5,0,17,0,0,0,0,0,0,12,5,0,17,0,0,0,17
12/07/2022,RDG,PA,AEA,EN,Combined TRACON& Tower with Radar,0,18,8,0,26,0,0,0,0,0,0,18,8,0,26,0,0,0,26
12/08/2022,RDG,PA,AEA,EN,Combined TRACON& Tower with Radar,0,10,30,1,41,0,3,36,1,40,0,13,66,2,81,40,0,40,121
12/09/2022,RDG,PA,AEA,EN,Combined TRACON& Tower with Radar,0,9,22,1,32,0,1,60,1,62,0,10,82,2,94,60,0,60,154
12/10/2022,RDG,PA,AEA,EN,Combined TRACON& Tower with Radar,0,4,21,0,25,14,182,66,0,262,14,186,87,0,287,320,0,320,607
12/11/2022,RDG,PA,AEA,EN,Combined TRACON& Tower with Radar,0,5,9,0,14,0,0,0,0,0,0,5,9,0,14,0,0,0,14
12/12/2022,RDG,PA,AEA,EN,Combined TRACON& Tower with Radar,0,14,14,2,30,0,0,10,2,12,0,14,24,4,42,6,1,7,49
12/13/2022,RDG,PA,AEA,EN,Combined TRACON& Tower with Radar,0,11,25,3,39,0,6,57,1,64,0,17,82,4,103,4,0,4,107
12/14/2022,RDG,PA,AEA,EN,Combined TRACON& Tower with Radar,0,13,26,5,44,0,8,70,2,80,0,21,96,7,124,72,0,72,196
12/15/2022,RDG,PA,AEA,EN,Combined TRACON& Tower with Radar,0,15,7,0,22,0,0,0,0,0,0,15,7,0,22,0,0,0,22
12/16/2022,RDG,PA,AEA,EN,Combined TRACON& Tower with Radar,0,10,8,0,18,0,0,2,2,4,0,10,10,2,22,0,0,0,22
12/17/2022,RDG,PA,AEA,EN,Combined TRACON& Tower with Radar,0,6,11,0,17,0,1,34,0,35,0,7,45,0,52,32,0,32,84
12/18/2022,RDG,PA,AEA,EN,Combined TRACON& Tower with Radar,0,6,12,0,18,0,0,22,0,22,0,6,34,0,40,48,0,48,88
12/19/2022,RDG,PA,AEA,EN,Combined TRACON& Tower with Radar,0,18,17,0,35,0,0,44,1,45,0,18,61,1,80,0,0,0,80
12/20/2022,RDG,PA,AEA,EN,Combined TRACON& Tower with Radar,0,10,12,6,28,0,1,40,2,43,0,11,52,8,71,66,6,72,143
12/21/2022,RDG,PA,AEA,EN,Combined TRACON& Tower with Radar,0,12,21,5,38,0,1,70,4,75,0,13,91,9,113,76,0,76,189
12/22/2022,RDG,PA,AEA,EN,Combined TRACON& Tower with Radar,0,9,0,0,9,0,0,1,0,1,0,9,1,0,10,0,0,0,10
12/23/2022,RDG,PA,AEA,EN,Combined TRACON& Tower with Radar,0,10,0,0,10,0,0,0,0,0,0,10,0,0,10,0,0,0,10
12/24/2022,RDG,PA,AEA,EN,Combined TRACON& Tower with Radar,0,3,3,0,6,0,0,1,0,1,0,3,4,0,7,0,0,0,7
12/25/2022,RDG,PA,AEA,EN,Combined TRACON& Tower with Radar,0,0,0,0,0,0,0,0,0,0,0,0,0,0,0,0,0,0,0
12/26/2022,RDG,PA,AEA,EN,Combined TRACON& Tower with Radar,0,7,16,0,23,0,0,39,0,39,0,7,55,0,62,0,0,0,62
12/27/2022,RDG,PA,AEA,EN,Combined TRACON& Tower with Radar,0,9,16,0,25,0,1,51,0,52,0,10,67,0,77,64,0,64,141
12/28/2022,RDG,PA,AEA,EN,Combined TRACON& Tower with Radar,0,11,18,0,29,0,1,70,0,71,0,12,88,0,100,36,0,36,136
12/29/2022,RDG,PA,AEA,EN,Combined TRACON& Tower with Radar,0,11,16,0,27,0,3,51,0,54,0,14,67,0,81,49,0,49,130
12/30/2022,RDG,PA,AEA,EN,Combined TRACON& Tower with Radar,0,6,20,0,26,0,2,67,0,69,0,8,87,0,95,24,0,24,119
12/31/2022,RDG,PA,AEA,EN,Combined TRACON& Tower with Radar,0,4,4,0,8,0,0,0,0,0,0,4,4,0,8,0,0,0,8
01/01/2023,RDG,PA,AEA,EN,Combined TRACON& Tower with Radar,0,3,5,0,8,0,0,12,0,12,0,3,17,0,20,6,0,6,26
01/02/2023,RDG,PA,AEA,EN,Combined TRACON& Tower with Radar,0,7,21,0,28,0,0,21,0,21,0,7,42,0,49,50,0,50,99
01/03/2023,RDG,PA,AEA,EN,Combined TRACON& Tower with Radar,0,6,11,0,17,0,0,0,0,0,0,6,11,0,17,0,0,0,17
01/04/2023,RDG,PA,AEA,EN,Combined TRACON& Tower with Radar,0,24,29,0,53,0,4,0,0,4,0,28,29,0,57,18,0,18,75
01/05/2023,RDG,PA,AEA,EN,Combined TRACON& Tower with Radar,0,8,36,2,46,0,0,58,0,58,0,8,94,2,104,48,0,48,152
01/06/2023,RDG,PA,AEA,EN,Combined TRACON& Tower with Radar,0,11,18,1,30,0,0,17,1,18,0,11,35,2,48,8,0,8,56
01/07/2023,RDG,PA,AEA,EN,Combined TRACON& Tower with Radar,0,4,12,0,16,0,0,52,0,52,0,4,64,0,68,46,0,46,114
01/08/2023,RDG,PA,AEA,EN,Combined TRACON& Tower with Radar,0,3,12,0,15,0,0,47,0,47,0,3,59,0,62,8,0,8,70
01/09/2023,RDG,PA,AEA,EN,Combined TRACON& Tower with Radar,0,5,19,2,26,0,2,36,1,39,0,7,55,3,65,0,0,0,65
01/10/2023,RDG,PA,AEA,EN,Combined TRACON& Tower with Radar,0,8,15,2,25,0,0,77,2,79,0,8,92,4,104,0,0,0,104
01/11/2023,RDG,PA,AEA,EN,Combined TRACON& Tower with Radar,0,10,15,3,28,0,4,56,2,62,0,14,71,5,90,76,0,76,166
01/12/2023,RDG,PA,AEA,EN,Combined TRACON& Tower with Radar,0,14,10,0,24,0,0,0,0,0,0,14,10,0,24,0,0,0,24
01/13/2023,RDG,PA,AEA,EN,Combined TRACON& Tower with Radar,0,12,12,0,24,0,1,6,2,9,0,13,18,2,33,34,0,34,67
01/14/2023,RDG,PA,AEA,EN,Combined TRACON& Tower with Radar,0,7,12,0,19,0,1,9,0,10,0,8,21,0,29,0,0,0,29
01/15/2023,RDG,PA,AEA,EN,Combined TRACON& Tower with Radar,0,4,13,0,17,0,1,31,0,32,0,5,44,0,49,32,0,32,81
01/16/2023,RDG,PA,AEA,EN,Combined TRACON& Tower with Radar,0,8,33,0,41,0,0,70,0,70,0,8,103,0,111,0,0,0,111
01/17/2023,RDG,PA,AEA,EN,Combined TRACON& Tower with Radar,0,11,20,0,31,0,0,36,2,38,0,11,56,2,69,52,0,52,121
01/18/2023,RDG,PA,AEA,EN,Combined TRACON& Tower with Radar,0,9,16,5,30,0,0,23,1,24,0,9,39,6,54,0,0,0,54
01/19/2023,RDG,PA,AEA,EN,Combined TRACON& Tower with Radar,0,10,12,0,22,0,0,0,0,0,0,10,12,0,22,0,0,0,22
01/20/2023,RDG,PA,AEA,EN,Combined TRACON& Tower with Radar,0,10,10,1,21,0,0,16,9,25,0,10,26,10,46,14,0,14,60
01/21/2023,RDG,PA,AEA,EN,Combined TRACON& Tower with Radar,0,3,21,0,24,0,0,64,0,64,0,3,85,0,88,62,0,62,150
01/22/2023,RDG,PA,AEA,EN,Combined TRACON& Tower with Radar,0,4,8,0,12,0,0,18,0,18,0,4,26,0,30,0,0,0,30
01/23/2023,RDG,PA,AEA,EN,Combined TRACON& Tower with Radar,0,6,3,0,9,0,0,3,0,3,0,6,6,0,12,0,0,0,12
01/24/2023,RDG,PA,AEA,EN,Combined TRACON& Tower with Radar,0,15,27,3,45,0,5,47,1,53,0,20,74,4,98,80,12,92,190
01/25/2023,RDG,PA,AEA,EN,Combined TRACON& Tower with Radar,0,10,7,0,17,0,0,4,0,4,0,10,11,0,21,0,0,0,21
01/26/2023,RDG,PA,AEA,EN,Combined TRACON& Tower with Radar,0,19,22,0,41,0,7,11,2,20,0,26,33,2,61,16,0,16,77
01/27/2023,RDG,PA,AEA,EN,Combined TRACON& Tower with Radar,0,12,28,1,41,0,4,78,1,83,0,16,106,2,124,32,0,32,156
01/28/2023,RDG,PA,AEA,EN,Combined TRACON& Tower with Radar,0,7,32,2,41,0,2,89,0,91,0,9,121,2,132,60,0,60,192
01/29/2023,RDG,PA,AEA,EN,Combined TRACON& Tower with Radar,0,5,10,0,15,0,0,33,0,33,0,5,43,0,48,32,0,32,80
01/30/2023,RDG,PA,AEA,EN,Combined TRACON& Tower with Radar,0,5,8,7,20,0,0,38,6,44,0,5,46,13,64,0,0,0,64
01/31/2023,RDG,PA,AEA,EN,Combined TRACON& Tower with Radar,0,11,13,0,24,0,0,24,2,26,0,11,37,2,50,0,0,0,50
02/01/2023,RDG,PA,AEA,EN,Combined TRACON& Tower with Radar,0,17,22,2,41,0,3,38,0,41,0,20,60,2,82,33,0,33,115
02/02/2023,RDG,PA,AEA,EN,Combined TRACON& Tower with Radar,0,11,17,1,29,0,3,67,4,74,0,14,84,5,103,98,14,112,215
02/03/2023,RDG,PA,AEA,EN,Combined TRACON& Tower with Radar,0,9,2,0,11,0,1,1,0,2,0,10,3,0,13,0,0,0,13
02/04/2023,RDG,PA,AEA,EN,Combined TRACON& Tower with Radar,0,5,23,0,28,0,1,59,0,60,0,6,82,0,88,64,0,64,152
02/05/2023,RDG,PA,AEA,EN,Combined TRACON& Tower with Radar,0,4,12,0,16,0,1,46,0,47,0,5,58,0,63,20,0,20,83
02/06/2023,RDG,PA,AEA,EN,Combined TRACON& Tower with Radar,0,6,6,0,12,0,0,26,2,28,0,6,32,2,40,0,0,0,40
02/07/2023,RDG,PA,AEA,EN,Combined TRACON& Tower with Radar,0,11,15,2,28,0,2,39,2,43,0,13,54,4,71,2,0,2,73
02/08/2023,RDG,PA,AEA,EN,Combined TRACON& Tower with Radar,0,12,23,5,40,0,2,64,0,66,0,14,87,5,106,38,0,38,144
02/09/2023,RDG,PA,AEA,EN,Combined TRACON& Tower with Radar,0,12,18,0,30,0,2,17,4,23,0,14,35,4,53,40,18,58,111
02/10/2023,RDG,PA,AEA,EN,Combined TRACON& Tower with Radar,0,10,9,0,19,0,0,17,2,19,0,10,26,2,38,16,0,16,54
02/11/2023,RDG,PA,AEA,EN,Combined TRACON& Tower with Radar,0,2,14,0,16,0,0,81,0,81,0,2,95,0,97,66,0,66,163
02/12/2023,RDG,PA,AEA,EN,Combined TRACON& Tower with Radar,0,5,10,0,15,0,0,53,0,53,0,5,63,0,68,48,0,48,116
02/13/2023,RDG,PA,AEA,EN,Combined TRACON& Tower with Radar,0,10,20,0,30,0,0,41,3,44,0,10,61,3,74,26,4,30,104
02/14/2023,RDG,PA,AEA,EN,Combined TRACON& Tower with Radar,0,14,23,3,40,0,2,63,1,66,0,16,86,4,106,62,0,62,168
02/15/2023,RDG,PA,AEA,EN,Combined TRACON& Tower with Radar,0,11,20,1,32,0,4,39,1,44,0,15,59,2,76,26,0,26,102
02/16/2023,RDG,PA,AEA,EN,Combined TRACON& Tower with Radar,0,21,14,1,36,0,3,13,1,17,0,24,27,2,53,12,0,12,65
02/17/2023,RDG,PA,AEA,EN,Combined TRACON& Tower with Radar,0,10,4,0,14,0,0,0,0,0,0,10,4,0,14,0,0,0,14
02/18/2023,RDG,PA,AEA,EN,Combined TRACON& Tower with Radar,0,7,44,0,51,0,2,95,0,97,0,9,139,0,148,96,0,96,244
02/19/2023,RDG,PA,AEA,EN,Combined TRACON& Tower with Radar,0,3,17,0,20,0,2,59,0,61,0,5,76,0,81,44,0,44,125
02/20/2023,RDG,PA,AEA,EN,Combined TRACON& Tower with Radar,0,8,17,0,25,0,1,45,0,46,0,9,62,0,71,0,0,0,71
02/21/2023,RDG,PA,AEA,EN,Combined TRACON& Tower with Radar,0,13,4,2,19,0,1,0,0,1,0,14,4,2,20,0,0,0,20
02/22/2023,RDG,PA,AEA,EN,Combined TRACON& Tower with Radar,0,13,1,0,14,0,0,8,0,8,0,13,9,0,22,0,0,0,22
02/23/2023,RDG,PA,AEA,EN,Combined TRACON& Tower with Radar,0,23,15,1,39,0,5,39,1,45,0,28,54,2,84,6,0,6,90
02/24/2023,RDG,PA,AEA,EN,Combined TRACON& Tower with Radar,0,11,18,3,32,0,1,12,4,17,0,12,30,7,49,14,6,20,69
02/25/2023,RDG,PA,AEA,EN,Combined TRACON& Tower with Radar,0,7,20,0,27,0,1,53,0,54,0,8,73,0,81,60,0,60,141
02/26/2023,RDG,PA,AEA,EN,Combined TRACON& Tower with Radar,0,2,17,0,19,0,0,22,0,22,0,2,39,0,41,6,0,6,47
02/27/2023,RDG,PA,AEA,EN,Combined TRACON& Tower with Radar,0,7,14,0,21,0,0,43,0,43,0,7,57,0,64,10,0,10,74
02/28/2023,RDG,PA,AEA,EN,Combined TRACON& Tower with Radar,0,9,15,0,24,0,0,7,0,7,0,9,22,0,31,0,0,0,31
03/01/2023,RDG,PA,AEA,EN,Combined TRACON& Tower with Radar,0,7,30,9,46,0,4,53,11,68,0,11,83,20,114,24,22,46,160
03/02/2023,RDG,PA,AEA,EN,Combined TRACON& Tower with Radar,0,8,20,3,31,0,0,25,1,26,0,8,45,4,57,14,16,30,87
03/03/2023,RDG,PA,AEA,EN,Combined TRACON& Tower with Radar,0,10,12,0,22,0,0,20,0,20,0,10,32,0,42,14,0,14,56
03/04/2023,RDG,PA,AEA,EN,Combined TRACON& Tower with Radar,0,3,4,1,8,0,0,7,0,7,0,3,11,1,15,0,0,0,15
03/05/2023,RDG,PA,AEA,EN,Combined TRACON& Tower with Radar,0,3,32,0,35,0,2,57,0,59,0,5,89,0,94,56,0,56,150
03/06/2023,RDG,PA,AEA,EN,Combined TRACON& Tower with Radar,0,13,39,2,54,0,1,63,2,66,0,14,102,4,120,46,0,46,166
03/07/2023,RDG,PA,AEA,EN,Combined TRACON& Tower with Radar,0,9,7,3,19,0,0,11,4,15,0,9,18,7,34,0,0,0,34
03/08/2023,RDG,PA,AEA,EN,Combined TRACON& Tower with Radar,0,9,21,4,34,0,1,30,1,32,0,10,51,5,66,96,0,96,162
03/09/2023,RDG,PA,AEA,EN,Combined TRACON& Tower with Radar,0,7,21,7,35,0,4,73,1,78,0,11,94,8,113,16,0,16,129
03/10/2023,RDG,PA,AEA,EN,Combined TRACON& Tower with Radar,0,13,12,0,25,0,0,18,0,18,0,13,30,0,43,10,0,10,53
03/11/2023,RDG,PA,AEA,EN,Combined TRACON& Tower with Radar,0,4,10,0,14,0,1,3,0,4,0,5,13,0,18,0,6,6,24
03/12/2023,RDG,PA,AEA,EN,Combined TRACON& Tower with Radar,0,2,30,1,33,0,5,75,0,80,0,7,105,1,113,24,0,24,137
03/13/2023,RDG,PA,AEA,EN,Combined TRACON& Tower with Radar,0,9,7,2,18,0,0,3,0,3,0,9,10,2,21,0,0,0,21
03/14/2023,RDG,PA,AEA,EN,Combined TRACON& Tower with Radar,0,13,5,0,18,0,0,0,0,0,0,13,5,0,18,0,0,0,18
03/15/2023,RDG,PA,AEA,EN,Combined TRACON& Tower with Radar,0,15,12,0,27,0,5,9,0,14,0,20,21,0,41,18,0,18,59
03/16/2023,RDG,PA,AEA,EN,Combined TRACON& Tower with Radar,0,8,24,2,34,0,2,66,2,70,0,10,90,4,104,84,2,86,190
03/17/2023,RDG,PA,AEA,EN,Combined TRACON& Tower with Radar,0,10,10,3,23,0,9,35,1,45,0,19,45,4,68,32,0,32,100
03/18/2023,RDG,PA,AEA,EN,Combined TRACON& Tower with Radar,0,4,18,0,22,0,0,59,0,59,0,4,77,0,81,0,0,0,81
03/19/2023,RDG,PA,AEA,EN,Combined TRACON& Tower with Radar,2,4,3,0,9,0,0,9,0,9,2,4,12,0,18,0,0,0,18
03/20/2023,RDG,PA,AEA,EN,Combined TRACON& Tower with Radar,0,12,24,0,36,0,5,62,0,67,0,17,86,0,103,50,0,50,153
03/21/2023,RDG,PA,AEA,EN,Combined TRACON& Tower with Radar,0,16,29,3,48,0,15,105,7,127,0,31,134,10,175,92,0,92,267
03/22/2023,RDG,PA,AEA,EN,Combined TRACON& Tower with Radar,0,16,24,5,45,0,10,75,2,87,0,26,99,7,132,52,0,52,184
03/23/2023,RDG,PA,AEA,EN,Combined TRACON& Tower with Radar,0,9,14,3,26,0,2,2,0,4,0,11,16,3,30,18,0,18,48
03/24/2023,RDG,PA,AEA,EN,Combined TRACON& Tower with Radar,0,12,20,4,36,0,1,35,4,40,0,13,55,8,76,46,4,50,126
03/25/2023,RDG,PA,AEA,EN,Combined TRACON& Tower with Radar,2,8,3,0,13,0,1,0,0,1,2,9,3,0,14,0,0,0,14
03/26/2023,RDG,PA,AEA,EN,Combined TRACON& Tower with Radar,2,0,27,0,29,0,4,62,0,66,2,4,89,0,95,28,0,28,123
03/27/2023,RDG,PA,AEA,EN,Combined TRACON& Tower with Radar,0,15,15,0,30,0,3,27,0,30,0,18,42,0,60,60,0,60,120
03/28/2023,RDG,PA,AEA,EN,Combined TRACON& Tower with Radar,0,12,21,4,37,0,2,42,1,45,0,14,63,5,82,60,0,60,142
03/29/2023,RDG,PA,AEA,EN,Combined TRACON& Tower with Radar,0,7,16,1,24,0,5,67,2,74,0,12,83,3,98,16,2,18,116
03/30/2023,RDG,PA,AEA,EN,Combined TRACON& Tower with Radar,0,8,26,0,34,0,4,63,4,71,0,12,89,4,105,48,4,52,157
03/31/2023,RDG,PA,AEA,EN,Combined TRACON& Tower with Radar,0,13,27,1,41,0,2,16,1,19,0,15,43,2,60,25,0,25,85
04/01/2023,RDG,PA,AEA,EN,Combined TRACON& Tower with Radar,2,6,5,0,13,0,0,0,0,0,2,6,5,0,13,0,0,0,13
04/02/2023,RDG,PA,AEA,EN,Combined TRACON& Tower with Radar,0,6,17,1,24,0,1,34,3,38,0,7,51,4,62,6,0,6,68
04/03/2023,RDG,PA,AEA,EN,Combined TRACON& Tower with Radar,0,8,10,0,18,0,6,21,0,27,0,14,31,0,45,44,0,44,89
04/04/2023,RDG,PA,AEA,EN,Combined TRACON& Tower with Radar,0,11,31,1,43,0,6,68,1,75,0,17,99,2,118,10,8,18,136
04/05/2023,RDG,PA,AEA,EN,Combined TRACON& Tower with Radar,0,9,20,0,29,0,3,8,1,12,0,12,28,1,41,0,0,0,41
04/06/2023,RDG,PA,AEA,EN,Combined TRACON& Tower with Radar,0,10,16,3,29,0,6,13,2,21,0,16,29,5,50,12,0,12,62
04/07/2023,RDG,PA,AEA,EN,Combined TRACON& Tower with Radar,0,6,17,2,25,0,6,49,1,56,0,12,66,3,81,56,6,62,143
04/08/2023,RDG,PA,AEA,EN,Combined TRACON& Tower with Radar,0,6,23,0,29,0,5,64,0,69,0,11,87,0,98,32,0,32,130
04/09/2023,RDG,PA,AEA,EN,Combined TRACON& Tower with Radar,0,6,7,0,13,0,2,40,0,42,0,8,47,0,55,26,0,26,81
04/10/2023,RDG,PA,AEA,EN,Combined TRACON& Tower with Radar,0,8,29,1,38,0,2,63,1,66,0,10,92,2,104,34,0,34,138
04/11/2023,RDG,PA,AEA,EN,Combined TRACON& Tower with Radar,0,16,24,4,44,0,5,74,3,82,0,21,98,7,126,48,18,66,192
04/12/2023,RDG,PA,AEA,EN,Combined TRACON& Tower with Radar,0,13,18,0,31,0,7,40,0,47,0,20,58,0,78,16,0,16,94
04/13/2023,RDG,PA,AEA,EN,Combined TRACON& Tower with Radar,0,20,36,0,56,0,4,56,0,60,0,24,92,0,116,60,0,60,176
04/14/2023,RDG,PA,AEA,EN,Combined TRACON& Tower with Radar,0,14,39,0,53,0,4,93,0,97,0,18,132,0,150,34,0,34,184
04/15/2023,RDG,PA,AEA,EN,Combined TRACON& Tower with Radar,0,4,8,0,12,0,0,0,0,0,0,4,8,0,12,6,0,6,18
04/16/2023,RDG,PA,AEA,EN,Combined TRACON& Tower with Radar,0,5,23,0,28,0,0,10,0,10,0,5,33,0,38,32,0,32,70
04/17/2023,RDG,PA,AEA,EN,Combined TRACON& Tower with Radar,0,7,25,0,32,0,1,22,0,23,0,8,47,0,55,6,0,6,61
04/18/2023,RDG,PA,AEA,EN,Combined TRACON& Tower with Radar,0,15,20,1,36,0,4,42,1,47,0,19,62,2,83,0,0,0,83
04/19/2023,RDG,PA,AEA,EN,Combined TRACON& Tower with Radar,0,15,25,3,43,0,6,83,2,91,0,21,108,5,134,26,0,26,160
04/20/2023,RDG,PA,AEA,EN,Combined TRACON& Tower with Radar,0,10,36,3,49,0,4,87,0,91,0,14,123,3,140,46,0,46,186
04/21/2023,RDG,PA,AEA,EN,Combined TRACON& Tower with Radar,0,9,38,5,52,0,5,85,6,96,0,14,123,11,148,52,0,52,200
04/22/2023,RDG,PA,AEA,EN,Combined TRACON& Tower with Radar,0,7,10,0,17,0,2,15,0,17,0,9,25,0,34,22,0,22,56
04/23/2023,RDG,PA,AEA,EN,Combined TRACON& Tower with Radar,2,4,33,0,39,0,2,56,0,58,2,6,89,0,97,36,0,36,133
04/24/2023,RDG,PA,AEA,EN,Combined TRACON& Tower with Radar,0,11,26,0,37,0,4,73,0,77,0,15,99,0,114,48,0,48,162
04/25/2023,RDG,PA,AEA,EN,Combined TRACON& Tower with Radar,0,15,27,3,45,0,5,63,1,69,0,20,90,4,114,68,0,68,182
04/26/2023,RDG,PA,AEA,EN,Combined TRACON& Tower with Radar,0,12,8,2,22,0,1,29,0,30,0,13,37,2,52,22,0,22,74
04/27/2023,RDG,PA,AEA,EN,Combined TRACON& Tower with Radar,0,8,50,2,60,0,0,57,0,57,0,8,107,2,117,74,0,74,191
04/28/2023,RDG,PA,AEA,EN,Combined TRACON& Tower with Radar,0,11,10,0,21,0,0,3,0,3,0,11,13,0,24,0,0,0,24
04/29/2023,RDG,PA,AEA,EN,Combined TRACON& Tower with Radar,2,5,11,0,18,0,0,0,0,0,2,5,11,0,18,0,0,0,18
04/30/2023,RDG,PA,AEA,EN,Combined TRACON& Tower with Radar,0,2,5,0,7,0,0,0,0,0,0,2,5,0,7,0,0,0,7
05/01/2023,RDG,PA,AEA,EN,Combined TRACON& Tower with Radar,0,11,15,0,26,0,0,21,0,21,0,11,36,0,47,0,0,0,47
05/02/2023,RDG,PA,AEA,EN,Combined TRACON& Tower with Radar,0,12,32,0,44,0,0,17,0,17,0,12,49,0,61,0,0,0,61
05/03/2023,RDG,PA,AEA,EN,Combined TRACON& Tower with Radar,0,6,33,0,39,0,0,18,0,18,0,6,51,0,57,0,0,0,57
05/04/2023,RDG,PA,AEA,EN,Combined TRACON& Tower with Radar,0,13,37,2,52,0,2,49,2,53,0,15,86,4,105,24,0,24,129
05/05/2023,RDG,PA,AEA,EN,Combined TRACON& Tower with Radar,0,14,32,3,49,0,8,75,3,86,0,22,107,6,135,48,0,48,183
05/06/2023,RDG,PA,AEA,EN,Combined TRACON& Tower with Radar,0,7,18,0,25,0,6,87,0,93,0,13,105,0,118,46,0,46,164
05/07/2023,RDG,PA,AEA,EN,Combined TRACON& Tower with Radar,0,6,29,0,35,0,3,57,0,60,0,9,86,0,95,48,0,48,143
05/08/2023,RDG,PA,AEA,EN,Combined TRACON& Tower with Radar,0,9,23,9,41,0,6,48,2,56,0,15,71,11,97,18,4,22,119
05/09/2023,RDG,PA,AEA,EN,Combined TRACON& Tower with Radar,0,14,43,3,60,0,1,131,1,133,0,15,174,4,193,0,0,0,193
05/10/2023,RDG,PA,AEA,EN,Combined TRACON& Tower with Radar,0,18,39,0,57,0,14,89,0,103,0,32,128,0,160,52,0,52,212
05/11/2023,RDG,PA,AEA,EN,Combined TRACON& Tower with Radar,0,18,30,7,55,0,9,60,2,71,0,27,90,9,126,12,0,12,138
05/12/2023,RDG,PA,AEA,EN,Combined TRACON& Tower with Radar,0,10,28,4,42,0,2,88,0,90,0,12,116,4,132,94,0,94,226
05/13/2023,RDG,PA,AEA,EN,Combined TRACON& Tower with Radar,0,8,13,0,21,0,0,41,0,41,0,8,54,0,62,20,0,20,82
05/14/2023,RDG,PA,AEA,EN,Combined TRACON& Tower with Radar,0,17,17,0,34,0,5,47,0,52,0,22,64,0,86,48,0,48,134
05/15/2023,RDG,PA,AEA,EN,Combined TRACON& Tower with Radar,0,10,23,0,33,0,4,45,0,49,0,14,68,0,82,26,0,26,108
05/16/2023,RDG,PA,AEA,EN,Combined TRACON& Tower with Radar,0,9,39,4,52,0,3,60,3,66,0,12,99,7,118,24,12,36,154
05/17/2023,RDG,PA,AEA,EN,Combined TRACON& Tower with Radar,0,12,29,2,43,0,6,32,2,40,0,18,61,4,83,28,10,38,121
05/18/2023,RDG,PA,AEA,EN,Combined TRACON& Tower with Radar,0,17,30,1,48,0,12,86,0,98,0,29,116,1,146,60,0,60,206
05/19/2023,RDG,PA,AEA,EN,Combined TRACON& Tower with Radar,0,15,23,0,38,0,1,45,0,46,0,16,68,0,84,68,0,68,152
05/20/2023,RDG,PA,AEA,EN,Combined TRACON& Tower with Radar,0,3,26,4,33,0,0,2,1,3,0,3,28,5,36,36,0,36,72
05/21/2023,RDG,PA,AEA,EN,Combined TRACON& Tower with Radar,0,1,13,0,14,0,3,38,0,41,0,4,51,0,55,56,0,56,111
05/22/2023,RDG,PA,AEA,EN,Combined TRACON& Tower with Radar,0,17,35,0,52,0,17,65,0,82,0,34,100,0,134,80,0,80,214
05/23/2023,RDG,PA,AEA,EN,Combined TRACON& Tower with Radar,0,17,28,3,48,0,9,124,7,140,0,26,152,10,188,0,0,0,188
05/24/2023,RDG,PA,AEA,EN,Combined TRACON& Tower with Radar,0,16,23,1,40,0,6,62,0,68,0,22,85,1,108,59,0,59,167
05/25/2023,RDG,PA,AEA,EN,Combined TRACON& Tower with Radar,0,14,39,4,57,0,1,81,1,83,0,15,120,5,140,0,0,0,140
05/26/2023,RDG,PA,AEA,EN,Combined TRACON& Tower with Radar,0,6,24,0,30,0,2,95,0,97,0,8,119,0,127,96,0,96,223
05/27/2023,RDG,PA,AEA,EN,Combined TRACON& Tower with Radar,0,8,19,0,27,0,5,99,0,104,0,13,118,0,131,0,0,0,131
05/28/2023,RDG,PA,AEA,EN,Combined TRACON& Tower with Radar,0,2,15,0,17,0,2,44,0,46,0,4,59,0,63,18,0,18,81
05/29/2023,RDG,PA,AEA,EN,Combined TRACON& Tower with Radar,0,3,20,0,23,0,0,41,0,41,0,3,61,0,64,36,0,36,100
05/30/2023,RDG,PA,AEA,EN,Combined TRACON& Tower with Radar,0,15,33,0,48,0,5,78,0,83,0,20,111,0,131,30,0,30,161
05/31/2023,RDG,PA,AEA,EN,Combined TRACON& Tower with Radar,0,9,47,1,57,0,10,100,3,113,0,19,147,4,170,78,0,78,248
06/01/2023,RDG,PA,AEA,EN,Combined TRACON& Tower with Radar,0,9,33,0,42,0,27,86,0,113,0,36,119,0,155,88,0,88,243
06/02/2023,RDG,PA,AEA,EN,Combined TRACON& Tower with Radar,0,9,8,0,17,0,105,122,97,324,0,114,130,97,341,84,0,84,425
06/03/2023,RDG,PA,AEA,EN,Combined TRACON& Tower with Radar,0,6,18,0,24,0,74,122,18,214,0,80,140,18,238,210,2,212,450
06/04/2023,RDG,PA,AEA,EN,Combined TRACON& Tower with Radar,0,15,16,0,31,0,63,75,10,148,0,78,91,10,179,0,0,0,179
06/05/2023,RDG,PA,AEA,EN,Combined TRACON& Tower with Radar,0,8,29,1,38,0,7,54,3,64,0,15,83,4,102,16,8,24,126
06/06/2023,RDG,PA,AEA,EN,Combined TRACON& Tower with Radar,0,7,20,2,29,0,0,25,2,27,0,7,45,4,56,0,0,0,56
06/07/2023,RDG,PA,AEA,EN,Combined TRACON& Tower with Radar,0,6,27,0,33,0,0,10,0,10,0,6,37,0,43,0,0,0,43
06/08/2023,RDG,PA,AEA,EN,Combined TRACON& Tower with Radar,0,15,32,0,47,0,2,14,0,16,0,17,46,0,63,4,0,4,67
06/09/2023,RDG,PA,AEA,EN,Combined TRACON& Tower with Radar,0,11,12,1,24,0,3,78,3,84,0,14,90,4,108,0,0,0,108
06/10/2023,RDG,PA,AEA,EN,Combined TRACON& Tower with Radar,0,5,23,1,29,0,4,47,1,52,0,9,70,2,81,34,0,34,115
06/11/2023,RDG,PA,AEA,EN,Combined TRACON& Tower with Radar,0,11,22,0,33,0,1,41,0,42,0,12,63,0,75,38,0,38,113
06/12/2023,RDG,PA,AEA,EN,Combined TRACON& Tower with Radar,0,5,13,0,18,0,1,5,0,6,0,6,18,0,24,54,0,54,78
06/13/2023,RDG,PA,AEA,EN,Combined TRACON& Tower with Radar,0,9,40,1,50,0,7,80,0,87,0,16,120,1,137,18,0,18,155
06/14/2023,RDG,PA,AEA,EN,Combined TRACON& Tower with Radar,0,10,11,1,22,0,0,9,1,10,0,10,20,2,32,0,0,0,32
06/15/2023,RDG,PA,AEA,EN,Combined TRACON& Tower with Radar,0,10,42,1,53,0,2,95,4,101,0,12,137,5,154,70,2,72,226
06/16/2023,RDG,PA,AEA,EN,Combined TRACON& Tower with Radar,0,8,28,0,36,0,2,22,0,24,0,10,50,0,60,16,0,16,76
06/17/2023,RDG,PA,AEA,EN,Combined TRACON& Tower with Radar,0,5,28,0,33,0,0,59,0,59,0,5,87,0,92,66,0,66,158
06/18/2023,RDG,PA,AEA,EN,Combined TRACON& Tower with Radar,0,4,22,1,27,0,6,59,0,65,0,10,81,1,92,22,0,22,114
06/19/2023,RDG,PA,AEA,EN,Combined TRACON& Tower with Radar,0,11,34,0,45,0,7,65,0,72,0,18,99,0,117,36,0,36,153
06/20/2023,RDG,PA,AEA,EN,Combined TRACON& Tower with Radar,0,10,47,3,60,0,5,51,1,57,0,15,98,4,117,0,0,0,117
06/21/2023,RDG,PA,AEA,EN,Combined TRACON& Tower with Radar,0,7,31,1,39,0,4,50,1,55,0,11,81,2,94,54,0,54,148
06/22/2023,RDG,PA,AEA,EN,Combined TRACON& Tower with Radar,0,10,28,0,38,0,0,1,2,3,0,10,29,2,41,0,0,0,41
06/23/2023,RDG,PA,AEA,EN,Combined TRACON& Tower with Radar,0,12,4,0,16,0,0,0,0,0,0,12,4,0,16,0,0,0,16
06/24/2023,RDG,PA,AEA,EN,Combined TRACON& Tower with Radar,0,5,11,0,16,0,0,6,0,6,0,5,17,0,22,0,0,0,22
06/25/2023,RDG,PA,AEA,EN,Combined TRACON& Tower with Radar,0,4,22,0,26,0,2,26,0,28,0,6,48,0,54,30,0,30,84
06/26/2023,RDG,PA,AEA,EN,Combined TRACON& Tower with Radar,0,6,11,0,17,0,0,1,0,1,0,6,12,0,18,0,0,0,18
06/27/2023,RDG,PA,AEA,EN,Combined TRACON& Tower with Radar,0,8,21,3,32,0,2,4,0,6,0,10,25,3,38,0,0,0,38
06/28/2023,RDG,PA,AEA,EN,Combined TRACON& Tower with Radar,0,10,65,0,75,0,0,23,0,23,0,10,88,0,98,8,0,8,106
06/29/2023,RDG,PA,AEA,EN,Combined TRACON& Tower with Radar,0,15,70,2,87,0,0,1,0,1,0,15,71,2,88,0,0,0,88
06/30/2023,RDG,PA,AEA,EN,Combined TRACON& Tower with Radar,0,8,25,0,33,0,0,7,0,7,0,8,32,0,40,0,0,0,40
07/01/2023,RDG,PA,AEA,EN,Combined TRACON& Tower with Radar,0,4,18,0,22,0,0,18,0,18,0,4,36,0,40,24,0,24,64
07/02/2023,RDG,PA,AEA,EN,Combined TRACON& Tower with Radar,0,3,12,0,15,0,0,1,0,1,0,3,13,0,16,16,0,16,32
07/03/2023,RDG,PA,AEA,EN,Combined TRACON& Tower with Radar,0,7,8,0,15,0,0,41,0,41,0,7,49,0,56,66,0,66,122
07/04/2023,RDG,PA,AEA,EN,Combined TRACON& Tower with Radar,0,5,19,0,24,0,0,11,0,11,0,5,30,0,35,44,0,44,79
07/05/2023,RDG,PA,AEA,EN,Combined TRACON& Tower with Radar,0,9,37,1,47,0,4,90,3,97,0,13,127,4,144,38,2,40,184
07/06/2023,RDG,PA,AEA,EN,Combined TRACON& Tower with Radar,0,15,13,2,30,0,5,45,2,52,0,20,58,4,82,60,4,64,146
07/07/2023,RDG,PA,AEA,EN,Combined TRACON& Tower with Radar,0,12,15,1,28,0,0,7,1,8,0,12,22,2,36,18,2,20,56
07/08/2023,RDG,PA,AEA,EN,Combined TRACON& Tower with Radar,0,7,26,0,33,0,0,57,8,65,0,7,83,8,98,64,0,64,162
07/09/2023,RDG,PA,AEA,EN,Combined TRACON& Tower with Radar,0,5,20,0,25,0,0,0,1,1,0,5,20,1,26,0,0,0,26
07/10/2023,RDG,PA,AEA,EN,Combined TRACON& Tower with Radar,0,10,20,3,33,0,5,30,3,38,0,15,50,6,71,56,0,56,127
07/11/2023,RDG,PA,AEA,EN,Combined TRACON& Tower with Radar,0,6,38,5,49,0,2,82,3,87,0,8,120,8,136,78,8,86,222
07/12/2023,RDG,PA,AEA,EN,Combined TRACON& Tower with Radar,0,16,25,1,42,0,4,110,3,117,0,20,135,4,159,88,14,102,261
07/13/2023,RDG,PA,AEA,EN,Combined TRACON& Tower with Radar,0,9,32,5,46,0,2,66,6,74,0,11,98,11,120,56,4,60,180
07/14/2023,RDG,PA,AEA,EN,Combined TRACON& Tower with Radar,0,13,21,2,36,0,1,38,2,41,0,14,59,4,77,66,4,70,147
07/15/2023,RDG,PA,AEA,EN,Combined TRACON& Tower with Radar,0,4,14,0,18,0,8,43,8,59,0,12,57,8,77,78,0,78,155
07/16/2023,RDG,PA,AEA,EN,Combined TRACON& Tower with Radar,0,4,10,0,14,0,1,3,0,4,0,5,13,0,18,0,0,0,18
07/17/2023,RDG,PA,AEA,EN,Combined TRACON& Tower with Radar,0,17,44,3,64,0,9,52,5,66,0,26,96,8,130,66,18,84,214
07/18/2023,RDG,PA,AEA,EN,Combined TRACON& Tower with Radar,0,14,22,3,39,0,2,55,1,58,0,16,77,4,97,66,0,66,163
07/19/2023,RDG,PA,AEA,EN,Combined TRACON& Tower with Radar,0,12,35,0,47,0,1,84,2,87,0,13,119,2,134,0,0,0,134
07/20/2023,RDG,PA,AEA,EN,Combined TRACON& Tower with Radar,0,9,23,2,34,0,2,67,7,76,0,11,90,9,110,112,0,112,222
07/21/2023,RDG,PA,AEA,EN,Combined TRACON& Tower with Radar,0,9,12,0,21,0,2,34,2,38,0,11,46,2,59,42,0,42,101
07/22/2023,RDG,PA,AEA,EN,Combined TRACON& Tower with Radar,0,3,12,0,15,0,4,84,0,88,0,7,96,0,103,56,0,56,159
07/23/2023,RDG,PA,AEA,EN,Combined TRACON& Tower with Radar,0,5,15,0,20,0,0,62,0,62,0,5,77,0,82,6,0,6,88
07/24/2023,RDG,PA,AEA,EN,Combined TRACON& Tower with Radar,0,7,18,0,25,0,2,47,0,49,0,9,65,0,74,0,0,0,74
07/25/2023,RDG,PA,AEA,EN,Combined TRACON& Tower with Radar,0,14,20,2,36,0,3,72,2,77,0,17,92,4,113,0,0,0,113
07/26/2023,RDG,PA,AEA,EN,Combined TRACON& Tower with Radar,0,12,29,2,43,0,16,94,3,113,0,28,123,5,156,118,2,120,276
07/27/2023,RDG,PA,AEA,EN,Combined TRACON& Tower with Radar,0,10,13,0,23,0,4,18,0,22,0,14,31,0,45,48,0,48,93
07/28/2023,RDG,PA,AEA,EN,Combined TRACON& Tower with Radar,0,11,35,0,46,0,3,113,0,116,0,14,148,0,162,0,0,0,162
07/29/2023,RDG,PA,AEA,EN,Combined TRACON& Tower with Radar,0,6,16,0,22,0,0,23,0,23,0,6,39,0,45,30,0,30,75
07/30/2023,RDG,PA,AEA,EN,Combined TRACON& Tower with Radar,0,8,15,0,23,0,4,59,0,63,0,12,74,0,86,40,0,40,126
07/31/2023,RDG,PA,AEA,EN,Combined TRACON& Tower with Radar,0,7,34,0,41,0,5,92,0,97,0,12,126,0,138,36,0,36,174
08/01/2023,RDG,PA,AEA,EN,Combined TRACON& Tower with Radar,0,7,32,2,41,0,9,219,5,233,0,16,251,7,274,0,0,0,274
08/02/2023,RDG,PA,AEA,EN,Combined TRACON& Tower with Radar,0,12,38,0,50,1,2,213,2,218,1,14,251,2,268,0,0,0,268
08/03/2023,RDG,PA,AEA,EN,Combined TRACON& Tower with Radar,0,10,35,1,46,0,4,76,1,81,0,14,111,2,127,56,2,58,185
08/04/2023,RDG,PA,AEA,EN,Combined TRACON& Tower with Radar,0,7,29,0,36,0,0,7,0,7,0,7,36,0,43,12,0,12,55
08/05/2023,RDG,PA,AEA,EN,Combined TRACON& Tower with Radar,0,2,38,0,40,0,3,57,0,60,0,5,95,0,100,48,0,48,148
08/06/2023,RDG,PA,AEA,EN,Combined TRACON& Tower with Radar,0,2,22,0,24,0,5,88,0,93,0,7,110,0,117,74,0,74,191
08/07/2023,RDG,PA,AEA,EN,Combined TRACON& Tower with Radar,0,7,24,0,31,0,0,1,0,1,0,7,25,0,32,0,0,0,32
08/08/2023,RDG,PA,AEA,EN,Combined TRACON& Tower with Radar,0,12,14,3,29,0,0,30,6,36,0,12,44,9,65,48,6,54,119
08/09/2023,RDG,PA,AEA,EN,Combined TRACON& Tower with Radar,0,6,16,1,23,0,4,63,1,68,0,10,79,2,91,69,0,69,160
08/10/2023,RDG,PA,AEA,EN,Combined TRACON& Tower with Radar,0,6,17,0,23,0,0,5,2,7,0,6,22,2,30,0,0,0,30
08/11/2023,RDG,PA,AEA,EN,Combined TRACON& Tower with Radar,0,9,26,2,37,0,3,83,1,87,0,12,109,3,124,76,0,76,200
08/12/2023,RDG,PA,AEA,EN,Combined TRACON& Tower with Radar,0,4,19,0,23,0,4,58,6,68,0,8,77,6,91,48,0,48,139
08/13/2023,RDG,PA,AEA,EN,Combined TRACON& Tower with Radar,0,6,25,0,31,0,4,58,2,64,0,10,83,2,95,48,0,48,143
08/14/2023,RDG,PA,AEA,EN,Combined TRACON& Tower with Radar,0,10,34,0,44,0,6,67,2,75,0,16,101,2,119,52,0,52,171
08/15/2023,RDG,PA,AEA,EN,Combined TRACON& Tower with Radar,0,12,24,0,36,0,3,11,0,14,0,15,35,0,50,0,0,0,50
08/16/2023,RDG,PA,AEA,EN,Combined TRACON& Tower with Radar,0,12,45,2,59,0,1,86,2,89,0,13,131,4,148,92,0,92,240
08/17/2023,RDG,PA,AEA,EN,Combined TRACON& Tower with Radar,0,14,21,1,36,0,3,55,1,59,0,17,76,2,95,38,0,38,133
08/18/2023,RDG,PA,AEA,EN,Combined TRACON& Tower with Radar,0,10,13,4,27,0,6,51,0,57,0,16,64,4,84,46,10,56,140
08/19/2023,RDG,PA,AEA,EN,Combined TRACON& Tower with Radar,0,2,18,0,20,0,3,65,0,68,0,5,83,0,88,22,0,22,110
08/20/2023,RDG,PA,AEA,EN,Combined TRACON& Tower with Radar,0,6,17,0,23,0,7,55,0,62,0,13,72,0,85,0,0,0,85
08/21/2023,RDG,PA,AEA,EN,Combined TRACON& Tower with Radar,0,7,17,4,28,0,7,53,2,62,0,14,70,6,90,68,14,82,172
08/22/2023,RDG,PA,AEA,EN,Combined TRACON& Tower with Radar,0,13,24,3,40,0,2,82,2,86,0,15,106,5,126,0,0,0,126
08/23/2023,RDG,PA,AEA,EN,Combined TRACON& Tower with Radar,0,15,26,9,50,0,14,106,6,126,0,29,132,15,176,70,8,78,254
08/24/2023,RDG,PA,AEA,EN,Combined TRACON& Tower with Radar,0,18,23,2,43,0,0,14,1,15,0,18,37,3,58,0,0,0,58
08/25/2023,RDG,PA,AEA,EN,Combined TRACON& Tower with Radar,0,12,17,0,29,0,2,7,0,9,0,14,24,0,38,0,0,0,38
08/26/2023,RDG,PA,AEA,EN,Combined TRACON& Tower with Radar,0,7,29,0,36,0,7,70,0,77,0,14,99,0,113,0,0,0,113
08/27/2023,RDG,PA,AEA,EN,Combined TRACON& Tower with Radar,0,9,22,0,31,0,6,50,0,56,0,15,72,0,87,0,0,0,87
08/28/2023,RDG,PA,AEA,EN,Combined TRACON& Tower with Radar,0,23,40,0,63,0,4,23,0,27,0,27,63,0,90,0,0,0,90
08/29/2023,RDG,PA,AEA,EN,Combined TRACON& Tower with Radar,0,7,33,7,47,0,0,9,3,12,0,7,42,10,59,0,0,0,59
08/30/2023,RDG,PA,AEA,EN,Combined TRACON& Tower with Radar,0,16,31,3,50,0,5,65,4,74,0,21,96,7,124,0,0,0,124
08/31/2023,RDG,PA,AEA,EN,Combined TRACON& Tower with Radar,0,10,30,1,41,0,4,68,1,73,0,14,98,2,114,58,0,58,172
