01/01/2000,RDU,NC,ASO,EN,Towers with Radar,274,69,31,0,374,0,0,50,0,50,274,69,81,0,424,0,0,0,424
01/02/2000,RDU,NC,ASO,EN,Towers with Radar,367,130,63,0,560,0,0,64,0,64,367,130,127,0,624,8,0,8,632
01/03/2000,RDU,NC,ASO,EN,Towers with Radar,410,217,54,0,681,0,5,65,2,72,410,222,119,2,753,0,0,0,753
01/04/2000,RDU,NC,ASO,EN,Towers with Radar,425,242,73,1,741,0,6,24,0,30,425,248,97,1,771,0,1,1,772
01/05/2000,RDU,NC,ASO,EN,Towers with Radar,424,244,87,5,760,0,17,107,18,142,424,261,194,23,902,0,0,0,902
01/06/2000,RDU,NC,ASO,EN,Towers with Radar,411,221,113,4,749,0,19,97,6,122,411,240,210,10,871,0,10,10,881
01/07/2000,RDU,NC,ASO,EN,Towers with Radar,416,237,104,4,761,0,13,82,16,111,416,250,186,20,872,0,0,0,872
01/08/2000,RDU,NC,ASO,EN,Towers with Radar,355,133,54,6,548,0,6,102,5,113,355,139,156,11,661,0,4,4,665
01/09/2000,RDU,NC,ASO,EN,Towers with Radar,366,138,72,2,578,0,0,16,0,16,366,138,88,2,594,0,0,0,594
01/10/2000,RDU,NC,ASO,EN,Towers with Radar,404,204,65,2,675,0,6,16,2,24,404,210,81,4,699,0,1,1,700
01/11/2000,RDU,NC,ASO,EN,Towers with Radar,428,242,92,2,764,0,14,68,11,93,428,256,160,13,857,0,0,0,857
01/12/2000,RDU,NC,ASO,EN,Towers with Radar,419,245,128,4,796,0,26,125,13,164,419,271,253,17,960,20,3,23,983
01/13/2000,RDU,NC,ASO,EN,Towers with Radar,416,236,85,6,743,0,27,59,3,89,416,263,144,9,832,0,3,3,835
01/14/2000,RDU,NC,ASO,EN,Towers with Radar,431,243,87,0,761,0,19,102,2,123,431,262,189,2,884,4,2,6,890
01/15/2000,RDU,NC,ASO,EN,Towers with Radar,355,129,56,2,542,0,9,120,0,129,355,138,176,2,671,5,0,5,676
01/16/2000,RDU,NC,ASO,EN,Towers with Radar,372,138,40,0,550,0,0,74,0,74,372,138,114,0,624,0,0,0,624
01/17/2000,RDU,NC,ASO,EN,Towers with Radar,395,182,102,0,679,0,11,92,2,105,395,193,194,2,784,12,0,12,796
01/18/2000,RDU,NC,ASO,EN,Towers with Radar,375,140,43,2,560,0,1,5,0,6,375,141,48,2,566,0,0,0,566
01/19/2000,RDU,NC,ASO,EN,Towers with Radar,402,240,118,4,764,0,8,46,2,56,402,248,164,6,820,0,8,8,828
01/20/2000,RDU,NC,ASO,EN,Towers with Radar,350,214,84,0,648,0,5,27,2,34,350,219,111,2,682,3,0,3,685
01/21/2000,RDU,NC,ASO,EN,Towers with Radar,412,235,66,1,714,0,14,118,14,146,412,249,184,15,860,0,15,15,875
01/22/2000,RDU,NC,ASO,EN,Towers with Radar,360,124,47,4,535,0,10,71,8,89,360,134,118,12,624,2,1,3,627
01/23/2000,RDU,NC,ASO,EN,Towers with Radar,310,48,15,0,373,0,0,2,0,2,310,48,17,0,375,0,0,0,375
01/24/2000,RDU,NC,ASO,EN,Towers with Radar,387,194,99,4,684,0,0,4,0,4,387,194,103,4,688,0,0,0,688
01/25/2000,RDU,NC,ASO,EN,Towers with Radar,27,8,0,0,35,0,0,4,1,5,27,8,4,1,40,0,0,0,40
01/26/2000,RDU,NC,ASO,EN,Towers with Radar,0,1,0,0,1,0,2,28,7,37,0,3,28,7,38,0,0,0,38
01/27/2000,RDU,NC,ASO,EN,Towers with Radar,24,7,13,0,44,0,2,10,3,15,24,9,23,3,59,0,0,0,59
01/28/2000,RDU,NC,ASO,EN,Towers with Radar,281,156,49,0,486,0,11,35,5,51,281,167,84,5,537,5,0,5,542
01/29/2000,RDU,NC,ASO,EN,Towers with Radar,274,123,50,0,447,63,0,0,0,63,337,123,50,0,510,0,0,0,510
01/30/2000,RDU,NC,ASO,EN,Towers with Radar,202,27,7,0,236,0,0,0,0,0,202,27,7,0,236,0,0,0,236
01/31/2000,RDU,NC,ASO,EN,Towers with Radar,285,174,70,0,529,0,120,29,8,157,285,294,99,8,686,0,0,0,686
02/01/2000,RDU,NC,ASO,EN,Towers with Radar,443,225,101,1,770,1,9,76,15,101,444,234,177,16,871,0,3,3,874
02/02/2000,RDU,NC,ASO,EN,Towers with Radar,411,246,109,1,767,1,17,116,12,146,412,263,225,13,913,6,2,8,921
02/03/2000,RDU,NC,ASO,EN,Towers with Radar,406,236,119,6,767,1,7,97,4,109,407,243,216,10,876,6,2,8,884
02/04/2000,RDU,NC,ASO,EN,Towers with Radar,420,238,113,5,776,1,20,96,13,130,421,258,209,18,906,1,0,1,907
02/05/2000,RDU,NC,ASO,EN,Towers with Radar,365,140,44,2,551,1,7,72,13,93,366,147,116,15,644,10,11,21,665
02/06/2000,RDU,NC,ASO,EN,Towers with Radar,375,133,47,5,560,1,2,134,1,138,376,135,181,6,698,0,0,0,698
02/07/2000,RDU,NC,ASO,EN,Towers with Radar,396,225,55,8,684,1,11,92,8,112,397,236,147,16,796,0,4,4,800
02/08/2000,RDU,NC,ASO,EN,Towers with Radar,423,237,102,2,764,1,10,115,8,134,424,247,217,10,898,5,4,9,907
02/09/2000,RDU,NC,ASO,EN,Towers with Radar,415,241,150,2,808,1,14,111,18,144,416,255,261,20,952,0,12,12,964
02/10/2000,RDU,NC,ASO,EN,Towers with Radar,435,235,149,1,820,1,8,152,7,168,436,243,301,8,988,6,7,13,1001
02/11/2000,RDU,NC,ASO,EN,Towers with Radar,421,228,120,1,770,1,13,105,13,132,422,241,225,14,902,6,0,6,908
02/12/2000,RDU,NC,ASO,EN,Towers with Radar,361,120,31,0,512,1,2,0,0,3,362,122,31,0,515,0,0,0,515
02/13/2000,RDU,NC,ASO,EN,Towers with Radar,351,109,69,1,530,1,0,0,0,1,352,109,69,1,531,0,0,0,531
02/14/2000,RDU,NC,ASO,EN,Towers with Radar,399,193,83,4,679,2,3,22,2,29,401,196,105,6,708,0,0,0,708
02/15/2000,RDU,NC,ASO,EN,Towers with Radar,449,218,129,8,804,0,16,152,4,172,449,234,281,12,976,2,6,8,984
02/16/2000,RDU,NC,ASO,EN,Towers with Radar,428,219,105,3,755,0,19,116,14,149,428,238,221,17,904,2,0,2,906
02/17/2000,RDU,NC,ASO,EN,Towers with Radar,439,229,120,3,791,3,0,0,0,3,442,229,120,3,794,0,37,37,831
02/18/2000,RDU,NC,ASO,EN,Towers with Radar,389,223,109,5,726,1,0,0,0,1,390,223,109,5,727,0,0,0,727
02/19/2000,RDU,NC,ASO,EN,Towers with Radar,376,126,97,1,600,0,1,17,0,18,376,127,114,1,618,6,1,7,625
02/20/2000,RDU,NC,ASO,EN,Towers with Radar,395,129,72,0,596,0,0,122,0,122,395,129,194,0,718,5,0,5,723
02/21/2000,RDU,NC,ASO,EN,Towers with Radar,433,186,75,4,698,1,7,120,1,129,434,193,195,5,827,14,0,14,841
02/22/2000,RDU,NC,ASO,EN,Towers with Radar,439,209,86,6,740,1,15,116,18,150,440,224,202,24,890,2,2,4,894
02/23/2000,RDU,NC,ASO,EN,Towers with Radar,438,224,87,4,753,1,7,97,13,118,439,231,184,17,871,6,6,12,883
02/24/2000,RDU,NC,ASO,EN,Towers with Radar,441,234,158,5,838,1,9,127,16,153,442,243,285,21,991,2,8,10,1001
02/25/2000,RDU,NC,ASO,EN,Towers with Radar,428,236,107,9,780,1,17,117,13,148,429,253,224,22,928,34,32,66,994
02/26/2000,RDU,NC,ASO,EN,Towers with Radar,395,139,51,2,587,1,6,138,8,153,396,145,189,10,740,0,0,0,740
02/27/2000,RDU,NC,ASO,EN,Towers with Radar,382,130,80,3,595,1,0,13,1,15,383,130,93,4,610,8,0,8,618
02/28/2000,RDU,NC,ASO,EN,Towers with Radar,436,207,99,2,744,0,8,91,2,101,436,215,190,4,845,4,0,4,849
02/29/2000,RDU,NC,ASO,EN,Towers with Radar,435,225,93,4,757,0,13,129,8,150,435,238,222,12,907,2,4,6,913
03/01/2000,RDU,NC,ASO,EN,Towers with Radar,445,223,115,1,784,0,21,108,7,136,445,244,223,8,920,0,0,0,920
03/02/2000,RDU,NC,ASO,EN,Towers with Radar,439,233,98,1,771,0,16,121,12,149,439,249,219,13,920,1,2,3,923
03/03/2000,RDU,NC,ASO,EN,Towers with Radar,449,235,119,5,808,0,19,108,18,145,449,254,227,23,953,3,5,8,961
03/04/2000,RDU,NC,ASO,EN,Towers with Radar,388,132,106,1,627,0,5,44,18,67,388,137,150,19,694,2,7,9,703
03/05/2000,RDU,NC,ASO,EN,Towers with Radar,391,130,59,2,582,0,4,136,4,144,391,134,195,6,726,2,0,2,728
03/06/2000,RDU,NC,ASO,EN,Towers with Radar,414,198,73,3,688,0,12,93,10,115,414,210,166,13,803,2,2,4,807
03/07/2000,RDU,NC,ASO,EN,Towers with Radar,439,231,102,4,776,0,8,119,4,131,439,239,221,8,907,4,0,4,911
03/08/2000,RDU,NC,ASO,EN,Towers with Radar,442,219,102,0,763,0,24,136,10,170,442,243,238,10,933,10,21,31,964
03/09/2000,RDU,NC,ASO,EN,Towers with Radar,446,225,123,2,796,0,6,102,4,112,446,231,225,6,908,7,6,13,921
03/10/2000,RDU,NC,ASO,EN,Towers with Radar,459,230,111,2,802,1,10,113,14,138,460,240,224,16,940,2,1,3,943
03/11/2000,RDU,NC,ASO,EN,Towers with Radar,384,116,36,2,538,0,4,29,0,33,384,120,65,2,571,2,0,2,573
03/12/2000,RDU,NC,ASO,EN,Towers with Radar,395,133,65,4,597,0,0,32,0,32,395,133,97,4,629,0,0,0,629
03/13/2000,RDU,NC,ASO,EN,Towers with Radar,424,222,80,2,728,0,9,116,12,137,424,231,196,14,865,0,0,0,865
03/14/2000,RDU,NC,ASO,EN,Towers with Radar,451,224,107,3,785,0,13,135,8,156,451,237,242,11,941,6,0,6,947
03/15/2000,RDU,NC,ASO,EN,Towers with Radar,434,231,144,2,811,0,17,128,38,183,434,248,272,40,994,4,30,34,1028
03/16/2000,RDU,NC,ASO,EN,Towers with Radar,446,226,116,1,789,0,6,31,4,41,446,232,147,5,830,4,0,4,834
03/17/2000,RDU,NC,ASO,EN,Towers with Radar,451,219,113,5,788,0,7,46,10,63,451,226,159,15,851,0,5,5,856
03/18/2000,RDU,NC,ASO,EN,Towers with Radar,399,121,51,1,572,0,3,92,8,103,399,124,143,9,675,10,0,10,685
03/19/2000,RDU,NC,ASO,EN,Towers with Radar,388,130,83,1,602,0,1,57,0,58,388,131,140,1,660,4,0,4,664
03/20/2000,RDU,NC,ASO,EN,Towers with Radar,427,215,133,3,778,0,0,6,0,6,427,215,139,3,784,0,0,0,784
03/21/2000,RDU,NC,ASO,EN,Towers with Radar,435,237,152,2,826,0,0,19,11,30,435,237,171,13,856,0,0,0,856
03/22/2000,RDU,NC,ASO,EN,Towers with Radar,443,235,132,3,813,0,4,37,1,42,443,239,169,4,855,0,0,0,855
03/23/2000,RDU,NC,ASO,EN,Towers with Radar,450,243,140,6,839,0,8,136,13,157,450,251,276,19,996,0,1,1,997
03/24/2000,RDU,NC,ASO,EN,Towers with Radar,448,219,106,5,778,0,20,154,15,189,448,239,260,20,967,11,2,13,980
03/25/2000,RDU,NC,ASO,EN,Towers with Radar,388,130,61,3,582,0,6,108,7,121,388,136,169,10,703,0,0,0,703
03/26/2000,RDU,NC,ASO,EN,Towers with Radar,408,125,82,4,619,0,0,124,1,125,408,125,206,5,744,8,0,8,752
03/27/2000,RDU,NC,ASO,EN,Towers with Radar,420,219,117,3,759,0,1,35,1,37,420,220,152,4,796,6,0,6,802
03/28/2000,RDU,NC,ASO,EN,Towers with Radar,446,226,122,2,796,0,6,96,12,114,446,232,218,14,910,0,2,2,912
03/29/2000,RDU,NC,ASO,EN,Towers with Radar,457,216,123,4,800,0,12,126,13,151,457,228,249,17,951,5,5,10,961
03/30/2000,RDU,NC,ASO,EN,Towers with Radar,445,224,123,3,795,0,4,63,14,81,445,228,186,17,876,0,4,4,880
03/31/2000,RDU,NC,ASO,EN,Towers with Radar,465,234,119,1,819,0,3,171,11,185,465,237,290,12,1004,2,0,2,1006
04/01/2000,RDU,NC,ASO,EN,Towers with Radar,387,131,52,1,571,1,4,170,10,185,388,135,222,11,756,0,4,4,760
04/02/2000,RDU,NC,ASO,EN,Towers with Radar,394,127,85,2,608,1,2,51,2,56,395,129,136,4,664,11,0,11,675
04/03/2000,RDU,NC,ASO,EN,Towers with Radar,411,192,86,4,693,1,5,40,0,46,412,197,126,4,739,0,0,0,739
04/04/2000,RDU,NC,ASO,EN,Towers with Radar,440,222,112,1,775,1,1,23,2,27,441,223,135,3,802,0,2,2,804
04/05/2000,RDU,NC,ASO,EN,Towers with Radar,448,222,103,3,776,1,10,134,11,156,449,232,237,14,932,0,9,9,941
04/06/2000,RDU,NC,ASO,EN,Towers with Radar,425,216,126,6,773,1,8,155,3,167,426,224,281,9,940,2,0,2,942
04/07/2000,RDU,NC,ASO,EN,Towers with Radar,450,214,153,2,819,0,10,147,5,162,450,224,300,7,981,1,3,4,985
04/08/2000,RDU,NC,ASO,EN,Towers with Radar,389,125,69,0,583,0,2,44,2,48,389,127,113,2,631,0,0,0,631
04/09/2000,RDU,NC,ASO,EN,Towers with Radar,382,121,69,4,576,0,0,92,1,93,382,121,161,5,669,0,0,0,669
04/10/2000,RDU,NC,ASO,EN,Towers with Radar,435,193,80,2,710,0,10,162,6,178,435,203,242,8,888,5,0,5,893
04/11/2000,RDU,NC,ASO,EN,Towers with Radar,334,202,122,3,661,0,135,137,13,285,334,337,259,16,946,5,1,6,952
04/12/2000,RDU,NC,ASO,EN,Towers with Radar,449,227,148,2,826,0,12,84,16,112,449,239,232,18,938,0,0,0,938
04/13/2000,RDU,NC,ASO,EN,Towers with Radar,443,230,123,9,805,0,0,14,2,16,443,230,137,11,821,0,0,0,821
04/14/2000,RDU,NC,ASO,EN,Towers with Radar,450,233,151,9,843,0,0,2,1,3,450,233,153,10,846,0,0,0,846
04/15/2000,RDU,NC,ASO,EN,Towers with Radar,398,132,80,0,610,0,0,0,0,0,398,132,80,0,610,0,0,0,610
04/16/2000,RDU,NC,ASO,EN,Towers with Radar,388,141,90,3,622,0,0,42,0,42,388,141,132,3,664,2,2,4,668
04/17/2000,RDU,NC,ASO,EN,Towers with Radar,421,202,109,4,736,0,3,53,0,56,421,205,162,4,792,0,0,0,792
04/18/2000,RDU,NC,ASO,EN,Towers with Radar,451,217,129,4,801,0,1,7,0,8,451,218,136,4,809,0,0,0,809
04/19/2000,RDU,NC,ASO,EN,Towers with Radar,446,223,148,5,822,0,4,98,4,106,446,227,246,9,928,12,4,16,944
04/20/2000,RDU,NC,ASO,EN,Towers with Radar,425,235,136,4,800,0,11,147,3,161,425,246,283,7,961,4,14,18,979
04/21/2000,RDU,NC,ASO,EN,Towers with Radar,433,197,86,4,720,0,8,49,1,58,433,205,135,5,778,0,0,0,778
04/22/2000,RDU,NC,ASO,EN,Towers with Radar,392,118,71,0,581,0,6,78,2,86,392,124,149,2,667,4,0,4,671
04/23/2000,RDU,NC,ASO,EN,Towers with Radar,382,132,65,0,579,0,2,91,2,95,382,134,156,2,674,8,0,8,682
04/24/2000,RDU,NC,ASO,EN,Towers with Radar,421,208,144,2,775,0,4,77,3,84,421,212,221,5,859,0,2,2,861
04/25/2000,RDU,NC,ASO,EN,Towers with Radar,459,230,151,0,840,0,0,0,0,0,459,230,151,0,840,0,0,0,840
04/26/2000,RDU,NC,ASO,EN,Towers with Radar,440,223,185,0,848,0,10,60,15,85,440,233,245,15,933,15,21,36,969
04/27/2000,RDU,NC,ASO,EN,Towers with Radar,454,217,200,13,884,0,4,55,10,69,454,221,255,23,953,8,10,18,971
04/28/2000,RDU,NC,ASO,EN,Towers with Radar,442,231,126,8,807,0,0,3,0,3,442,231,129,8,810,0,0,0,810
04/29/2000,RDU,NC,ASO,EN,Towers with Radar,389,126,72,3,590,0,2,57,2,61,389,128,129,5,651,2,2,4,655
04/30/2000,RDU,NC,ASO,EN,Towers with Radar,396,135,87,7,625,0,1,114,0,115,396,136,201,7,740,7,0,7,747
05/01/2000,RDU,NC,ASO,EN,Towers with Radar,423,190,91,5,709,0,9,107,9,125,423,199,198,14,834,2,1,3,837
05/02/2000,RDU,NC,ASO,EN,Towers with Radar,450,210,113,12,785,0,6,57,21,84,450,216,170,33,869,3,19,22,891
05/03/2000,RDU,NC,ASO,EN,Towers with Radar,470,214,132,9,825,0,14,118,10,142,470,228,250,19,967,0,0,0,967
05/04/2000,RDU,NC,ASO,EN,Towers with Radar,454,213,104,4,775,0,8,123,21,152,454,221,227,25,927,18,35,53,980
05/05/2000,RDU,NC,ASO,EN,Towers with Radar,449,231,117,3,800,1,8,132,10,151,450,239,249,13,951,8,10,18,969
05/06/2000,RDU,NC,ASO,EN,Towers with Radar,386,119,54,5,564,0,1,110,11,122,386,120,164,16,686,0,3,3,689
05/07/2000,RDU,NC,ASO,EN,Towers with Radar,389,131,89,4,613,0,0,92,4,96,389,131,181,8,709,3,0,3,712
05/08/2000,RDU,NC,ASO,EN,Towers with Radar,428,194,88,8,718,1,5,112,3,121,429,199,200,11,839,12,9,21,860
05/09/2000,RDU,NC,ASO,EN,Towers with Radar,440,217,143,2,802,0,13,105,4,122,440,230,248,6,924,5,1,6,930
05/10/2000,RDU,NC,ASO,EN,Towers with Radar,399,206,107,2,714,0,9,82,4,95,399,215,189,6,809,0,1,1,810
05/11/2000,RDU,NC,ASO,EN,Towers with Radar,468,223,154,5,850,0,9,125,7,141,468,232,279,12,991,0,1,1,992
05/12/2000,RDU,NC,ASO,EN,Towers with Radar,443,219,134,11,807,0,10,119,14,143,443,229,253,25,950,0,2,2,952
05/13/2000,RDU,NC,ASO,EN,Towers with Radar,375,117,83,0,575,0,4,96,7,107,375,121,179,7,682,10,1,11,693
05/14/2000,RDU,NC,ASO,EN,Towers with Radar,391,137,78,4,610,0,0,102,0,102,391,137,180,4,712,0,0,0,712
05/15/2000,RDU,NC,ASO,EN,Towers with Radar,425,196,83,4,708,0,19,112,5,136,425,215,195,9,844,4,4,8,852
05/16/2000,RDU,NC,ASO,EN,Towers with Radar,450,221,127,7,805,0,20,136,15,171,450,241,263,22,976,5,14,19,995
05/17/2000,RDU,NC,ASO,EN,Towers with Radar,449,219,154,6,828,0,18,82,15,115,449,237,236,21,943,7,14,21,964
05/18/2000,RDU,NC,ASO,EN,Towers with Radar,420,210,130,17,777,0,13,90,18,121,420,223,220,35,898,0,5,5,903
05/19/2000,RDU,NC,ASO,EN,Towers with Radar,453,204,123,4,784,0,14,101,13,128,453,218,224,17,912,1,6,7,919
05/20/2000,RDU,NC,ASO,EN,Towers with Radar,388,129,81,2,600,0,1,68,1,70,388,130,149,3,670,0,0,0,670
05/21/2000,RDU,NC,ASO,EN,Towers with Radar,376,129,119,0,624,0,0,7,1,8,376,129,126,1,632,0,0,0,632
05/22/2000,RDU,NC,ASO,EN,Towers with Radar,428,195,109,9,741,0,6,43,10,59,428,201,152,19,800,0,4,4,804
05/23/2000,RDU,NC,ASO,EN,Towers with Radar,463,216,128,7,814,0,13,71,19,103,463,229,199,26,917,0,0,0,917
05/24/2000,RDU,NC,ASO,EN,Towers with Radar,441,212,108,7,768,0,16,52,8,76,441,228,160,15,844,0,1,1,845
05/25/2000,RDU,NC,ASO,EN,Towers with Radar,452,218,120,3,793,1,7,65,11,84,453,225,185,14,877,0,21,21,898
05/26/2000,RDU,NC,ASO,EN,Towers with Radar,467,227,119,0,813,0,13,139,15,167,467,240,258,15,980,0,2,2,982
05/27/2000,RDU,NC,ASO,EN,Towers with Radar,357,112,60,0,529,0,6,46,3,55,357,118,106,3,584,8,0,8,592
05/28/2000,RDU,NC,ASO,EN,Towers with Radar,336,95,35,0,466,0,0,4,0,4,336,95,39,0,470,0,0,0,470
05/29/2000,RDU,NC,ASO,EN,Towers with Radar,418,131,81,0,630,0,0,11,3,14,418,131,92,3,644,0,2,2,646
05/30/2000,RDU,NC,ASO,EN,Towers with Radar,428,208,150,1,787,0,8,55,12,75,428,216,205,13,862,0,6,6,868
05/31/2000,RDU,NC,ASO,EN,Towers with Radar,461,212,152,2,827,0,7,94,8,109,461,219,246,10,936,0,0,0,936
06/01/2000,RDU,NC,ASO,EN,Towers with Radar,451,221,124,4,800,2,9,117,7,135,453,230,241,11,935,22,0,22,957
06/02/2000,RDU,NC,ASO,EN,Towers with Radar,432,204,114,6,756,2,17,87,11,117,434,221,201,17,873,2,13,15,888
06/03/2000,RDU,NC,ASO,EN,Towers with Radar,387,114,63,2,566,2,11,58,12,83,389,125,121,14,649,2,6,8,657
06/04/2000,RDU,NC,ASO,EN,Towers with Radar,399,133,81,2,615,2,0,14,1,17,401,133,95,3,632,0,2,2,634
06/05/2000,RDU,NC,ASO,EN,Towers with Radar,419,212,110,5,746,2,1,1,0,4,421,213,111,5,750,0,0,0,750
06/06/2000,RDU,NC,ASO,EN,Towers with Radar,436,222,142,6,806,2,8,59,1,70,438,230,201,7,876,0,0,0,876
06/07/2000,RDU,NC,ASO,EN,Towers with Radar,456,201,110,1,768,2,18,140,16,176,458,219,250,17,944,11,18,29,973
06/08/2000,RDU,NC,ASO,EN,Towers with Radar,455,208,148,1,812,2,16,145,2,165,457,224,293,3,977,28,16,44,1021
06/09/2000,RDU,NC,ASO,EN,Towers with Radar,462,212,118,3,795,2,13,127,5,147,464,225,245,8,942,0,0,0,942
06/10/2000,RDU,NC,ASO,EN,Towers with Radar,395,111,58,1,565,2,2,115,1,120,397,113,173,2,685,18,5,23,708
06/11/2000,RDU,NC,ASO,EN,Towers with Radar,381,127,75,4,587,2,0,106,1,109,383,127,181,5,696,0,0,0,696
06/12/2000,RDU,NC,ASO,EN,Towers with Radar,424,187,101,11,723,2,13,88,11,114,426,200,189,22,837,0,11,11,848
06/13/2000,RDU,NC,ASO,EN,Towers with Radar,435,219,135,5,794,3,10,108,18,139,438,229,243,23,933,6,11,17,950
06/14/2000,RDU,NC,ASO,EN,Towers with Radar,406,188,104,2,700,2,6,52,9,69,408,194,156,11,769,12,10,22,791
06/15/2000,RDU,NC,ASO,EN,Towers with Radar,426,205,127,5,763,0,10,96,23,129,426,215,223,28,892,0,0,0,892
06/16/2000,RDU,NC,ASO,EN,Towers with Radar,456,211,139,18,824,0,7,43,21,71,456,218,182,39,895,4,2,6,901
06/17/2000,RDU,NC,ASO,EN,Towers with Radar,396,110,69,14,589,2,2,77,19,100,398,112,146,33,689,32,0,32,721
06/18/2000,RDU,NC,ASO,EN,Towers with Radar,392,120,69,2,583,2,0,29,0,31,394,120,98,2,614,0,0,0,614
06/19/2000,RDU,NC,ASO,EN,Towers with Radar,412,182,123,6,723,2,10,54,11,77,414,192,177,17,800,2,8,10,810
06/20/2000,RDU,NC,ASO,EN,Towers with Radar,446,199,152,5,802,2,1,0,0,3,448,200,152,5,805,0,0,0,805
06/21/2000,RDU,NC,ASO,EN,Towers with Radar,454,213,160,2,829,2,4,42,11,59,456,217,202,13,888,4,11,15,903
06/22/2000,RDU,NC,ASO,EN,Towers with Radar,414,218,149,2,783,0,4,58,13,75,414,222,207,15,858,12,19,31,889
06/23/2000,RDU,NC,ASO,EN,Towers with Radar,466,215,127,9,817,1,14,113,7,135,467,229,240,16,952,5,8,13,965
06/24/2000,RDU,NC,ASO,EN,Towers with Radar,400,118,90,2,610,1,3,85,10,99,401,121,175,12,709,10,20,30,739
06/25/2000,RDU,NC,ASO,EN,Towers with Radar,398,119,68,2,587,1,0,65,1,67,399,119,133,3,654,11,0,11,665
06/26/2000,RDU,NC,ASO,EN,Towers with Radar,417,177,124,6,724,1,5,57,18,81,418,182,181,24,805,0,4,4,809
06/27/2000,RDU,NC,ASO,EN,Towers with Radar,422,203,137,8,770,1,18,86,26,131,423,221,223,34,901,0,22,22,923
06/28/2000,RDU,NC,ASO,EN,Towers with Radar,444,228,156,8,836,1,5,20,7,33,445,233,176,15,869,8,5,13,882
06/29/2000,RDU,NC,ASO,EN,Towers with Radar,454,224,105,2,785,1,2,20,19,42,455,226,125,21,827,0,8,8,835
06/30/2000,RDU,NC,ASO,EN,Towers with Radar,456,202,119,3,780,1,14,136,7,158,457,216,255,10,938,0,0,0,938
07/01/2000,RDU,NC,ASO,EN,Towers with Radar,0,0,0,0,0,396,126,182,4,708,396,126,182,4,708,0,0,0,708
07/02/2000,RDU,NC,ASO,EN,Towers with Radar,0,0,0,0,0,379,107,117,1,604,379,107,117,1,604,0,0,0,604
07/03/2000,RDU,NC,ASO,EN,Towers with Radar,0,0,0,0,0,355,152,130,3,640,355,152,130,3,640,0,1,1,641
07/04/2000,RDU,NC,ASO,EN,Towers with Radar,0,0,0,0,0,382,140,95,5,622,382,140,95,5,622,8,0,8,630
07/05/2000,RDU,NC,ASO,EN,Towers with Radar,0,0,81,0,81,406,202,68,7,683,406,202,149,7,764,1,2,3,767
07/06/2000,RDU,NC,ASO,EN,Towers with Radar,0,21,97,13,131,460,209,94,3,766,460,230,191,16,897,1,2,3,900
07/07/2000,RDU,NC,ASO,EN,Towers with Radar,0,0,97,13,110,448,224,80,2,754,448,224,177,15,864,0,2,2,866
07/08/2000,RDU,NC,ASO,EN,Towers with Radar,0,0,14,0,14,415,130,154,7,706,415,130,168,7,720,0,0,0,720
07/09/2000,RDU,NC,ASO,EN,Towers with Radar,0,0,32,0,32,399,126,121,5,651,399,126,153,5,683,0,2,2,685
07/10/2000,RDU,NC,ASO,EN,Towers with Radar,0,0,97,10,107,418,200,113,0,731,418,200,210,10,838,0,2,2,840
07/11/2000,RDU,NC,ASO,EN,Towers with Radar,0,0,97,13,110,464,240,81,0,785,464,240,178,13,895,0,0,0,895
07/12/2000,RDU,NC,ASO,EN,Towers with Radar,0,8,97,13,118,463,219,121,2,805,463,227,218,15,923,0,4,4,927
07/13/2000,RDU,NC,ASO,EN,Towers with Radar,1,32,97,13,143,469,190,77,9,745,470,222,174,22,888,2,9,11,899
07/14/2000,RDU,NC,ASO,EN,Towers with Radar,0,0,97,9,106,405,221,110,0,736,405,221,207,9,842,0,0,0,842
07/15/2000,RDU,NC,ASO,EN,Towers with Radar,0,0,24,0,24,434,125,125,1,685,434,125,149,1,709,10,10,20,729
07/16/2000,RDU,NC,ASO,EN,Towers with Radar,0,0,0,0,0,387,129,148,5,669,387,129,148,5,669,0,0,0,669
07/17/2000,RDU,NC,ASO,EN,Towers with Radar,0,0,97,13,110,441,206,156,2,805,441,206,253,15,915,4,4,8,923
07/18/2000,RDU,NC,ASO,EN,Towers with Radar,0,0,97,13,110,458,235,121,12,826,458,235,218,25,936,2,6,8,944
07/19/2000,RDU,NC,ASO,EN,Towers with Radar,0,0,97,13,110,450,238,76,28,792,450,238,173,41,902,0,4,4,906
07/20/2000,RDU,NC,ASO,EN,Towers with Radar,0,22,97,12,131,455,211,130,2,798,455,233,227,14,929,0,6,6,935
07/21/2000,RDU,NC,ASO,EN,Towers with Radar,0,30,97,12,139,459,186,100,27,772,459,216,197,39,911,4,7,11,922
07/22/2000,RDU,NC,ASO,EN,Towers with Radar,0,0,21,0,21,420,127,93,11,651,420,127,114,11,672,4,0,4,676
07/23/2000,RDU,NC,ASO,EN,Towers with Radar,0,0,0,0,0,399,128,83,0,610,399,128,83,0,610,0,0,0,610
07/24/2000,RDU,NC,ASO,EN,Towers with Radar,0,0,97,5,102,441,197,32,0,670,441,197,129,5,772,0,2,2,774
07/25/2000,RDU,NC,ASO,EN,Towers with Radar,0,0,97,1,98,455,241,14,0,710,455,241,111,1,808,0,0,0,808
07/26/2000,RDU,NC,ASO,EN,Towers with Radar,0,0,97,9,106,432,212,41,0,685,432,212,138,9,791,3,0,3,794
07/27/2000,RDU,NC,ASO,EN,Towers with Radar,0,24,97,12,133,466,202,147,14,829,466,226,244,26,962,0,1,1,963
07/28/2000,RDU,NC,ASO,EN,Towers with Radar,0,0,96,13,109,432,206,102,0,740,432,206,198,13,849,0,1,1,850
07/29/2000,RDU,NC,ASO,EN,Towers with Radar,0,0,0,0,0,414,121,111,5,651,414,121,111,5,651,6,0,6,657
07/30/2000,RDU,NC,ASO,EN,Towers with Radar,0,0,0,0,0,392,122,108,1,623,392,122,108,1,623,0,0,0,623
07/31/2000,RDU,NC,ASO,EN,Towers with Radar,0,0,96,3,99,413,194,31,0,638,413,194,127,3,737,0,0,0,737
08/01/2000,RDU,NC,ASO,EN,Towers with Radar,308,189,116,3,616,0,133,60,12,205,308,322,176,15,821,0,0,0,821
08/02/2000,RDU,NC,ASO,EN,Towers with Radar,458,226,153,6,843,1,3,34,15,53,459,229,187,21,896,2,8,10,906
08/03/2000,RDU,NC,ASO,EN,Towers with Radar,428,201,145,3,777,1,4,51,13,69,429,205,196,16,846,0,17,17,863
08/04/2000,RDU,NC,ASO,EN,Towers with Radar,433,207,115,5,760,1,1,31,10,43,434,208,146,15,803,4,11,15,818
08/05/2000,RDU,NC,ASO,EN,Towers with Radar,422,133,100,6,661,1,0,23,11,35,423,133,123,17,696,4,7,11,707
08/06/2000,RDU,NC,ASO,EN,Towers with Radar,378,127,78,2,585,1,0,69,6,76,379,127,147,8,661,7,5,12,673
08/07/2000,RDU,NC,ASO,EN,Towers with Radar,424,201,95,0,720,1,10,66,9,86,425,211,161,9,806,0,0,0,806
08/08/2000,RDU,NC,ASO,EN,Towers with Radar,475,217,117,8,817,1,11,101,8,121,476,228,218,16,938,1,7,8,946
08/09/2000,RDU,NC,ASO,EN,Towers with Radar,444,210,141,4,799,1,6,100,13,120,445,216,241,17,919,14,19,33,952
08/10/2000,RDU,NC,ASO,EN,Towers with Radar,454,219,124,4,801,1,3,99,7,110,455,222,223,11,911,0,4,4,915
08/11/2000,RDU,NC,ASO,EN,Towers with Radar,432,224,100,0,756,1,4,75,5,85,433,228,175,5,841,0,0,0,841
08/12/2000,RDU,NC,ASO,EN,Towers with Radar,407,124,69,0,600,1,5,79,7,92,408,129,148,7,692,0,1,1,693
08/13/2000,RDU,NC,ASO,EN,Towers with Radar,399,129,61,2,591,1,0,48,3,52,400,129,109,5,643,0,0,0,643
08/14/2000,RDU,NC,ASO,EN,Towers with Radar,412,199,104,3,718,1,9,105,6,121,413,208,209,9,839,10,0,10,849
08/15/2000,RDU,NC,ASO,EN,Towers with Radar,460,208,140,0,808,1,12,110,5,128,461,220,250,5,936,8,2,10,946
08/16/2000,RDU,NC,ASO,EN,Towers with Radar,444,211,120,0,775,0,14,120,9,143,444,225,240,9,918,4,0,4,922
08/17/2000,RDU,NC,ASO,EN,Towers with Radar,431,202,148,6,787,0,10,97,11,118,431,212,245,17,905,21,1,22,927
08/18/2000,RDU,NC,ASO,EN,Towers with Radar,461,203,126,6,796,0,5,21,3,29,461,208,147,9,825,0,0,0,825
08/19/2000,RDU,NC,ASO,EN,Towers with Radar,407,128,74,1,610,0,7,79,4,90,407,135,153,5,700,10,4,14,714
08/20/2000,RDU,NC,ASO,EN,Towers with Radar,399,137,61,6,603,0,2,67,3,72,399,139,128,9,675,0,1,1,676
08/21/2000,RDU,NC,ASO,EN,Towers with Radar,431,211,115,4,761,0,3,83,17,103,431,214,198,21,864,2,1,3,867
08/22/2000,RDU,NC,ASO,EN,Towers with Radar,471,224,166,4,865,0,12,104,0,116,471,236,270,4,981,1,0,1,982
08/23/2000,RDU,NC,ASO,EN,Towers with Radar,461,212,139,11,823,0,6,92,27,125,461,218,231,38,948,4,12,16,964
08/24/2000,RDU,NC,ASO,EN,Towers with Radar,451,226,153,4,834,0,1,61,25,87,451,227,214,29,921,0,12,12,933
08/25/2000,RDU,NC,ASO,EN,Towers with Radar,454,224,137,3,818,0,3,43,9,55,454,227,180,12,873,0,11,11,884
08/26/2000,RDU,NC,ASO,EN,Towers with Radar,392,128,95,3,618,0,1,71,1,73,392,129,166,4,691,4,0,4,695
08/27/2000,RDU,NC,ASO,EN,Towers with Radar,388,126,86,0,600,0,0,9,0,9,388,126,95,0,609,0,0,0,609
08/28/2000,RDU,NC,ASO,EN,Towers with Radar,451,206,117,4,778,0,5,26,6,37,451,211,143,10,815,2,4,6,821
08/29/2000,RDU,NC,ASO,EN,Towers with Radar,446,221,154,1,822,0,4,27,10,41,446,225,181,11,863,0,19,19,882
08/30/2000,RDU,NC,ASO,EN,Towers with Radar,453,226,158,6,843,0,1,10,1,12,453,227,168,7,855,4,13,17,872
08/31/2000,RDU,NC,ASO,EN,Towers with Radar,462,219,146,9,836,0,1,16,5,22,462,220,162,14,858,0,5,5,863
09/01/2000,RDU,NC,ASO,EN,Towers with Radar,475,221,116,2,814,0,2,41,3,46,475,223,157,5,860,16,0,16,876
09/02/2000,RDU,NC,ASO,EN,Towers with Radar,360,117,61,0,538,0,2,4,0,6,360,119,65,0,544,0,0,0,544
09/03/2000,RDU,NC,ASO,EN,Towers with Radar,321,91,65,0,477,0,0,7,0,7,321,91,72,0,484,0,0,0,484
09/04/2000,RDU,NC,ASO,EN,Towers with Radar,361,129,81,0,571,0,0,0,0,0,361,129,81,0,571,0,0,0,571
09/05/2000,RDU,NC,ASO,EN,Towers with Radar,441,209,116,0,766,0,0,3,1,4,441,209,119,1,770,0,1,1,771
09/06/2000,RDU,NC,ASO,EN,Towers with Radar,448,233,143,4,828,0,1,21,12,34,448,234,164,16,862,2,1,3,865
09/07/2000,RDU,NC,ASO,EN,Towers with Radar,447,211,160,4,822,0,7,76,10,93,447,218,236,14,915,1,0,1,916
09/08/2000,RDU,NC,ASO,EN,Towers with Radar,455,218,168,3,844,0,4,123,6,133,455,222,291,9,977,16,0,16,993
09/09/2000,RDU,NC,ASO,EN,Towers with Radar,401,119,60,9,589,0,7,118,11,136,401,126,178,20,725,4,0,4,729
09/10/2000,RDU,NC,ASO,EN,Towers with Radar,393,139,104,2,638,0,1,129,10,140,393,140,233,12,778,21,2,23,801
09/11/2000,RDU,NC,ASO,EN,Towers with Radar,416,204,130,13,763,0,7,83,9,99,416,211,213,22,862,0,5,5,867
09/12/2000,RDU,NC,ASO,EN,Towers with Radar,430,210,168,11,819,0,16,108,23,147,430,226,276,34,966,4,4,8,974
09/13/2000,RDU,NC,ASO,EN,Towers with Radar,461,226,104,4,795,0,10,100,23,133,461,236,204,27,928,12,4,16,944
09/14/2000,RDU,NC,ASO,EN,Towers with Radar,446,216,151,0,813,0,10,48,5,63,446,226,199,5,876,0,1,1,877
09/15/2000,RDU,NC,ASO,EN,Towers with Radar,459,224,166,5,854,0,8,101,5,114,459,232,267,10,968,5,0,5,973
09/16/2000,RDU,NC,ASO,EN,Towers with Radar,402,122,79,1,604,0,9,108,2,119,402,131,187,3,723,0,0,0,723
09/17/2000,RDU,NC,ASO,EN,Towers with Radar,400,135,102,2,639,0,2,127,3,132,400,137,229,5,771,0,0,0,771
09/18/2000,RDU,NC,ASO,EN,Towers with Radar,424,201,119,4,748,0,2,16,0,18,424,203,135,4,766,4,0,4,770
09/19/2000,RDU,NC,ASO,EN,Towers with Radar,439,211,157,0,807,0,3,82,14,99,439,214,239,14,906,4,6,10,916
09/20/2000,RDU,NC,ASO,EN,Towers with Radar,446,212,119,5,782,0,8,98,22,128,446,220,217,27,910,0,1,1,911
09/21/2000,RDU,NC,ASO,EN,Towers with Radar,462,216,121,4,803,0,6,45,11,62,462,222,166,15,865,0,15,15,880
09/22/2000,RDU,NC,ASO,EN,Towers with Radar,444,232,173,0,849,0,4,32,0,36,444,236,205,0,885,0,1,1,886
09/23/2000,RDU,NC,ASO,EN,Towers with Radar,398,134,67,3,602,0,0,0,0,0,398,134,67,3,602,0,0,0,602
09/24/2000,RDU,NC,ASO,EN,Towers with Radar,398,131,93,1,623,0,2,51,3,56,398,133,144,4,679,4,0,4,683
09/25/2000,RDU,NC,ASO,EN,Towers with Radar,400,188,93,3,684,0,0,8,5,13,400,188,101,8,697,0,1,1,698
09/26/2000,RDU,NC,ASO,EN,Towers with Radar,460,212,162,1,835,0,1,42,18,61,460,213,204,19,896,8,4,12,908
09/27/2000,RDU,NC,ASO,EN,Towers with Radar,443,215,133,3,794,1,16,121,11,149,444,231,254,14,943,0,1,1,944
09/28/2000,RDU,NC,ASO,EN,Towers with Radar,439,223,135,3,800,0,17,141,7,165,439,240,276,10,965,6,2,8,973
09/29/2000,RDU,NC,ASO,EN,Towers with Radar,455,227,147,7,836,0,9,88,8,105,455,236,235,15,941,16,0,16,957
09/30/2000,RDU,NC,ASO,EN,Towers with Radar,397,122,89,1,609,0,4,67,5,76,397,126,156,6,685,2,0,2,687
10/01/2000,RDU,NC,ASO,EN,Towers with Radar,397,132,103,2,634,1,0,35,2,38,398,132,138,4,672,0,0,0,672
10/02/2000,RDU,NC,ASO,EN,Towers with Radar,419,210,115,1,745,1,15,108,5,129,420,225,223,6,874,0,0,0,874
10/03/2000,RDU,NC,ASO,EN,Towers with Radar,439,224,138,2,803,1,13,145,16,175,440,237,283,18,978,0,5,5,983
10/04/2000,RDU,NC,ASO,EN,Towers with Radar,428,231,155,3,817,0,8,94,7,109,428,239,249,10,926,2,6,8,934
10/05/2000,RDU,NC,ASO,EN,Towers with Radar,439,224,152,1,816,0,8,104,13,125,439,232,256,14,941,2,4,6,947
10/06/2000,RDU,NC,ASO,EN,Towers with Radar,455,232,147,4,838,0,14,108,13,135,455,246,255,17,973,0,1,1,974
10/07/2000,RDU,NC,ASO,EN,Towers with Radar,407,132,82,7,628,0,2,102,2,106,407,134,184,9,734,6,0,6,740
10/08/2000,RDU,NC,ASO,EN,Towers with Radar,393,138,77,0,608,0,0,90,0,90,393,138,167,0,698,0,0,0,698
10/09/2000,RDU,NC,ASO,EN,Towers with Radar,432,178,101,10,721,0,8,78,0,86,432,186,179,10,807,0,0,0,807
10/10/2000,RDU,NC,ASO,EN,Towers with Radar,446,220,145,9,820,0,8,120,9,137,446,228,265,18,957,4,0,4,961
10/11/2000,RDU,NC,ASO,EN,Towers with Radar,447,233,145,3,828,0,13,148,11,172,447,246,293,14,1000,6,0,6,1006
10/12/2000,RDU,NC,ASO,EN,Towers with Radar,472,231,120,3,826,0,10,175,9,194,472,241,295,12,1020,2,1,3,1023
10/13/2000,RDU,NC,ASO,EN,Towers with Radar,454,238,150,10,852,0,15,140,1,156,454,253,290,11,1008,4,2,6,1014
10/14/2000,RDU,NC,ASO,EN,Towers with Radar,402,128,69,6,605,0,4,134,5,143,402,132,203,11,748,0,0,0,748
10/15/2000,RDU,NC,ASO,EN,Towers with Radar,402,138,71,2,613,0,1,114,4,119,402,139,185,6,732,0,1,1,733
10/16/2000,RDU,NC,ASO,EN,Towers with Radar,421,217,116,4,758,0,21,110,8,139,421,238,226,12,897,0,0,0,897
10/17/2000,RDU,NC,ASO,EN,Towers with Radar,457,227,184,6,874,0,11,84,5,100,457,238,268,11,974,0,14,14,988
10/18/2000,RDU,NC,ASO,EN,Towers with Radar,439,205,160,3,807,0,3,50,5,58,439,208,210,8,865,23,10,33,898
10/19/2000,RDU,NC,ASO,EN,Towers with Radar,456,224,155,4,839,0,12,133,16,161,456,236,288,20,1000,3,4,7,1007
10/20/2000,RDU,NC,ASO,EN,Towers with Radar,454,240,131,10,835,0,10,125,19,154,454,250,256,29,989,4,6,10,999
10/21/2000,RDU,NC,ASO,EN,Towers with Radar,400,126,65,2,593,0,6,101,0,107,400,132,166,2,700,2,0,2,702
10/22/2000,RDU,NC,ASO,EN,Towers with Radar,394,141,100,1,636,0,0,98,0,98,394,141,198,1,734,4,0,4,738
10/23/2000,RDU,NC,ASO,EN,Towers with Radar,439,208,110,6,763,0,10,108,7,125,439,218,218,13,888,6,7,13,901
10/24/2000,RDU,NC,ASO,EN,Towers with Radar,455,226,120,2,803,0,11,119,11,141,455,237,239,13,944,0,1,1,945
10/25/2000,RDU,NC,ASO,EN,Towers with Radar,456,223,113,11,803,0,11,88,15,114,456,234,201,26,917,0,0,0,917
10/26/2000,RDU,NC,ASO,EN,Towers with Radar,461,221,160,6,848,0,7,136,13,156,461,228,296,19,1004,0,1,1,1005
10/27/2000,RDU,NC,ASO,EN,Towers with Radar,462,236,140,10,848,0,17,106,6,129,462,253,246,16,977,0,2,2,979
10/28/2000,RDU,NC,ASO,EN,Towers with Radar,396,142,70,3,611,0,6,124,11,141,396,148,194,14,752,0,0,0,752
10/29/2000,RDU,NC,ASO,EN,Towers with Radar,399,152,83,3,637,0,2,119,4,125,399,154,202,7,762,4,0,4,766
10/30/2000,RDU,NC,ASO,EN,Towers with Radar,431,211,108,3,753,0,16,87,4,107,431,227,195,7,860,0,0,0,860
10/31/2000,RDU,NC,ASO,EN,Towers with Radar,313,196,119,4,632,0,156,123,11,290,313,352,242,15,922,4,3,7,929
11/01/2000,RDU,NC,ASO,EN,Towers with Radar,442,227,137,4,810,1,19,124,5,149,443,246,261,9,959,0,4,4,963
11/02/2000,RDU,NC,ASO,EN,Towers with Radar,469,235,139,5,848,0,10,139,14,163,469,245,278,19,1011,13,11,24,1035
11/03/2000,RDU,NC,ASO,EN,Towers with Radar,457,242,136,3,838,0,10,108,26,144,457,252,244,29,982,6,9,15,997
11/04/2000,RDU,NC,ASO,EN,Towers with Radar,381,136,74,3,594,0,4,62,1,67,381,140,136,4,661,0,0,0,661
11/05/2000,RDU,NC,ASO,EN,Towers with Radar,389,139,65,6,599,0,0,91,4,95,389,139,156,10,694,4,0,4,698
11/06/2000,RDU,NC,ASO,EN,Towers with Radar,430,222,115,8,775,0,8,95,2,105,430,230,210,10,880,31,4,35,915
11/07/2000,RDU,NC,ASO,EN,Towers with Radar,440,262,124,8,834,0,5,27,8,40,440,267,151,16,874,16,10,26,900
11/08/2000,RDU,NC,ASO,EN,Towers with Radar,448,256,145,9,858,0,0,20,7,27,448,256,165,16,885,1,2,3,888
11/09/2000,RDU,NC,ASO,EN,Towers with Radar,449,241,154,5,849,0,4,7,2,13,449,245,161,7,862,0,0,0,862
11/10/2000,RDU,NC,ASO,EN,Towers with Radar,460,235,129,1,825,0,18,111,1,130,460,253,240,2,955,2,0,2,957
11/11/2000,RDU,NC,ASO,EN,Towers with Radar,389,134,74,2,599,0,9,107,2,118,389,143,181,4,717,4,0,4,721
11/12/2000,RDU,NC,ASO,EN,Towers with Radar,383,147,94,1,625,0,2,126,1,129,383,149,220,2,754,1,0,1,755
11/13/2000,RDU,NC,ASO,EN,Towers with Radar,432,228,153,2,815,0,7,76,7,90,432,235,229,9,905,0,0,0,905
11/14/2000,RDU,NC,ASO,EN,Towers with Radar,447,240,130,7,824,0,7,66,6,79,447,247,196,13,903,1,12,13,916
11/15/2000,RDU,NC,ASO,EN,Towers with Radar,450,237,145,4,836,0,15,119,17,151,450,252,264,21,987,0,4,4,991
11/16/2000,RDU,NC,ASO,EN,Towers with Radar,454,232,142,6,834,0,8,78,18,104,454,240,220,24,938,2,1,3,941
11/17/2000,RDU,NC,ASO,EN,Towers with Radar,463,254,184,13,914,0,6,34,10,50,463,260,218,23,964,0,2,2,966
11/18/2000,RDU,NC,ASO,EN,Towers with Radar,404,132,98,12,646,0,3,97,12,112,404,135,195,24,758,2,0,2,760
11/19/2000,RDU,NC,ASO,EN,Towers with Radar,360,126,53,8,547,0,1,3,0,4,360,127,56,8,551,0,0,0,551
11/20/2000,RDU,NC,ASO,EN,Towers with Radar,450,218,132,0,800,0,5,24,2,31,450,223,156,2,831,0,0,0,831
11/21/2000,RDU,NC,ASO,EN,Towers with Radar,443,231,132,13,819,0,13,110,10,133,443,244,242,23,952,2,6,8,960
11/22/2000,RDU,NC,ASO,EN,Towers with Radar,465,227,110,0,802,0,9,101,3,113,465,236,211,3,915,0,2,2,917
11/23/2000,RDU,NC,ASO,EN,Towers with Radar,387,128,40,0,555,0,2,50,0,52,387,130,90,0,607,13,10,23,630
11/24/2000,RDU,NC,ASO,EN,Towers with Radar,298,158,70,0,526,0,4,94,2,100,298,162,164,2,626,2,0,2,628
11/25/2000,RDU,NC,ASO,EN,Towers with Radar,378,110,67,0,555,0,1,0,0,1,378,111,67,0,556,0,0,0,556
11/26/2000,RDU,NC,ASO,EN,Towers with Radar,400,156,152,1,709,0,0,11,0,11,400,156,163,1,720,0,0,0,720
11/27/2000,RDU,NC,ASO,EN,Towers with Radar,454,218,129,5,806,0,10,81,1,92,454,228,210,6,898,0,0,0,898
11/28/2000,RDU,NC,ASO,EN,Towers with Radar,458,226,139,7,830,1,21,141,7,170,459,247,280,14,1000,0,3,3,1003
11/29/2000,RDU,NC,ASO,EN,Towers with Radar,435,226,108,3,772,0,18,108,9,135,435,244,216,12,907,3,8,11,918
11/30/2000,RDU,NC,ASO,EN,Towers with Radar,451,241,129,10,831,0,11,100,11,122,451,252,229,21,953,0,0,0,953
12/01/2000,RDU,NC,ASO,EN,Towers with Radar,444,235,140,7,826,0,17,144,10,171,444,252,284,17,997,2,0,2,999
12/02/2000,RDU,NC,ASO,EN,Towers with Radar,359,133,83,0,575,0,6,47,7,60,359,139,130,7,635,0,0,0,635
12/03/2000,RDU,NC,ASO,EN,Towers with Radar,352,129,40,2,523,0,0,12,0,12,352,129,52,2,535,0,0,0,535
12/04/2000,RDU,NC,ASO,EN,Towers with Radar,418,227,92,1,738,0,12,112,7,131,418,239,204,8,869,0,0,0,869
12/05/2000,RDU,NC,ASO,EN,Towers with Radar,448,242,121,5,816,0,14,127,12,153,448,256,248,17,969,8,6,14,983
12/06/2000,RDU,NC,ASO,EN,Towers with Radar,446,239,120,7,812,0,18,86,3,107,446,257,206,10,919,0,10,10,929
12/07/2000,RDU,NC,ASO,EN,Towers with Radar,443,242,139,12,836,0,10,101,6,117,443,252,240,18,953,6,0,6,959
12/08/2000,RDU,NC,ASO,EN,Towers with Radar,455,242,112,7,816,0,13,127,4,144,455,255,239,11,960,7,0,7,967
12/09/2000,RDU,NC,ASO,EN,Towers with Radar,372,133,78,1,584,0,5,105,3,113,372,138,183,4,697,0,0,0,697
12/10/2000,RDU,NC,ASO,EN,Towers with Radar,394,146,70,1,611,0,0,5,3,8,394,146,75,4,619,0,0,0,619
12/11/2000,RDU,NC,ASO,EN,Towers with Radar,387,229,142,7,765,0,0,4,2,6,387,229,146,9,771,2,7,9,780
12/12/2000,RDU,NC,ASO,EN,Towers with Radar,418,239,129,2,788,0,15,56,3,74,418,254,185,5,862,0,7,7,869
12/13/2000,RDU,NC,ASO,EN,Towers with Radar,418,233,126,5,782,0,8,64,8,80,418,241,190,13,862,0,2,2,864
12/14/2000,RDU,NC,ASO,EN,Towers with Radar,430,217,122,1,770,0,0,2,2,4,430,217,124,3,774,4,4,8,782
12/15/2000,RDU,NC,ASO,EN,Towers with Radar,457,242,144,3,846,0,8,66,5,79,457,250,210,8,925,0,0,0,925
12/16/2000,RDU,NC,ASO,EN,Towers with Radar,367,110,39,1,517,0,0,2,0,2,367,110,41,1,519,0,0,0,519
12/17/2000,RDU,NC,ASO,EN,Towers with Radar,357,95,56,3,511,0,2,8,0,10,357,97,64,3,521,0,0,0,521
12/18/2000,RDU,NC,ASO,EN,Towers with Radar,435,216,115,4,770,0,15,145,3,163,435,231,260,7,933,1,0,1,934
12/19/2000,RDU,NC,ASO,EN,Towers with Radar,433,218,98,0,749,0,8,12,0,20,433,226,110,0,769,0,0,0,769
12/20/2000,RDU,NC,ASO,EN,Towers with Radar,462,217,125,3,807,0,25,119,1,145,462,242,244,4,952,8,0,8,960
12/21/2000,RDU,NC,ASO,EN,Towers with Radar,459,231,108,3,801,0,14,104,6,124,459,245,212,9,925,0,0,0,925
12/22/2000,RDU,NC,ASO,EN,Towers with Radar,480,242,73,0,795,0,13,83,2,98,480,255,156,2,893,1,0,1,894
12/23/2000,RDU,NC,ASO,EN,Towers with Radar,414,133,51,0,598,0,12,83,1,96,414,145,134,1,694,0,0,0,694
12/24/2000,RDU,NC,ASO,EN,Towers with Radar,303,108,18,0,429,0,1,35,3,39,303,109,53,3,468,0,0,0,468
12/25/2000,RDU,NC,ASO,EN,Towers with Radar,327,117,19,0,463,0,1,28,2,31,327,118,47,2,494,0,0,0,494
12/26/2000,RDU,NC,ASO,EN,Towers with Radar,415,202,82,0,699,0,17,79,2,98,415,219,161,2,797,0,0,0,797
12/27/2000,RDU,NC,ASO,EN,Towers with Radar,461,222,76,3,762,0,8,52,0,60,461,230,128,3,822,0,0,0,822
12/28/2000,RDU,NC,ASO,EN,Towers with Radar,452,212,55,3,722,3,13,49,4,69,455,225,104,7,791,11,4,15,806
12/29/2000,RDU,NC,ASO,EN,Towers with Radar,466,212,50,1,729,0,7,69,1,77,466,219,119,2,806,0,0,0,806
12/30/2000,RDU,NC,ASO,EN,Towers with Radar,343,100,50,0,493,0,3,29,0,32,343,103,79,0,525,0,0,0,525
12/31/2000,RDU,NC,ASO,EN,Towers with Radar,321,92,35,0,448,0,4,66,0,70,321,96,101,0,518,0,0,0,518
01/01/2001,RDU,NC,ASO,EN,Towers with Radar,360,123,42,0,525,0,3,43,3,49,360,126,85,3,574,0,0,0,574
01/02/2001,RDU,NC,ASO,EN,Towers with Radar,418,199,85,2,704,0,12,71,4,87,418,211,156,6,791,4,0,4,795
01/03/2001,RDU,NC,ASO,EN,Towers with Radar,454,225,68,5,752,0,17,96,2,115,454,242,164,7,867,0,0,0,867
01/04/2001,RDU,NC,ASO,EN,Towers with Radar,455,223,100,8,786,0,11,99,11,121,455,234,199,19,907,36,3,39,946
01/05/2001,RDU,NC,ASO,EN,Towers with Radar,427,204,107,4,742,0,16,83,4,103,427,220,190,8,845,6,0,6,851
01/06/2001,RDU,NC,ASO,EN,Towers with Radar,381,128,45,2,556,0,4,100,0,104,381,132,145,2,660,35,14,49,709
01/07/2001,RDU,NC,ASO,EN,Towers with Radar,398,141,82,4,625,0,5,93,1,99,398,146,175,5,724,0,0,0,724
01/08/2001,RDU,NC,ASO,EN,Towers with Radar,418,227,65,0,710,0,2,0,0,2,418,229,65,0,712,0,0,0,712
01/09/2001,RDU,NC,ASO,EN,Towers with Radar,439,234,92,4,769,0,18,69,17,104,439,252,161,21,873,1,1,2,875
01/10/2001,RDU,NC,ASO,EN,Towers with Radar,438,230,103,7,778,0,15,99,12,126,438,245,202,19,904,2,2,4,908
01/11/2001,RDU,NC,ASO,EN,Towers with Radar,439,245,133,4,821,0,12,110,7,129,439,257,243,11,950,0,17,17,967
01/12/2001,RDU,NC,ASO,EN,Towers with Radar,447,234,99,1,781,0,17,48,5,70,447,251,147,6,851,0,0,0,851
01/13/2001,RDU,NC,ASO,EN,Towers with Radar,369,128,51,5,553,0,8,77,2,87,369,136,128,7,640,0,0,0,640
01/14/2001,RDU,NC,ASO,EN,Towers with Radar,380,143,70,0,593,0,4,7,0,11,380,147,77,0,604,4,0,4,608
01/15/2001,RDU,NC,ASO,EN,Towers with Radar,409,177,95,0,681,0,9,54,0,63,409,186,149,0,744,0,0,0,744
01/16/2001,RDU,NC,ASO,EN,Towers with Radar,455,241,142,6,844,0,17,98,2,117,455,258,240,8,961,2,0,2,963
01/17/2001,RDU,NC,ASO,EN,Towers with Radar,453,248,130,3,834,0,15,68,4,87,453,263,198,7,921,4,8,12,933
01/18/2001,RDU,NC,ASO,EN,Towers with Radar,445,247,139,0,831,0,3,13,4,20,445,250,152,4,851,21,0,21,872
01/19/2001,RDU,NC,ASO,EN,Towers with Radar,414,207,102,7,730,0,3,8,2,13,414,210,110,9,743,0,0,0,743
01/20/2001,RDU,NC,ASO,EN,Towers with Radar,367,130,33,3,533,0,0,0,1,1,367,130,33,4,534,0,0,0,534
01/21/2001,RDU,NC,ASO,EN,Towers with Radar,367,126,70,4,567,0,0,98,2,100,367,126,168,6,667,0,0,0,667
01/22/2001,RDU,NC,ASO,EN,Towers with Radar,418,204,96,3,721,0,21,75,1,97,418,225,171,4,818,4,0,4,822
01/23/2001,RDU,NC,ASO,EN,Towers with Radar,439,232,131,1,803,0,17,117,11,145,439,249,248,12,948,0,2,2,950
01/24/2001,RDU,NC,ASO,EN,Towers with Radar,443,230,133,3,809,0,13,119,9,141,443,243,252,12,950,2,0,2,952
01/25/2001,RDU,NC,ASO,EN,Towers with Radar,448,231,99,5,783,0,9,95,4,108,448,240,194,9,891,0,0,0,891
01/26/2001,RDU,NC,ASO,EN,Towers with Radar,447,222,102,6,777,0,18,140,11,169,447,240,242,17,946,2,10,12,958
01/27/2001,RDU,NC,ASO,EN,Towers with Radar,364,139,63,4,570,0,4,71,1,76,364,143,134,5,646,2,8,10,656
01/28/2001,RDU,NC,ASO,EN,Towers with Radar,365,148,81,2,596,28,0,114,2,144,393,148,195,4,740,0,0,0,740
01/29/2001,RDU,NC,ASO,EN,Towers with Radar,408,226,121,2,757,0,11,84,5,100,408,237,205,7,857,0,4,4,861
01/30/2001,RDU,NC,ASO,EN,Towers with Radar,437,234,91,2,764,0,5,29,0,34,437,239,120,2,798,0,0,0,798
01/31/2001,RDU,NC,ASO,EN,Towers with Radar,451,230,97,3,781,0,10,104,8,122,451,240,201,11,903,6,0,6,909
02/01/2001,RDU,NC,ASO,EN,Towers with Radar,445,265,137,10,857,0,13,78,4,95,445,278,215,14,952,0,0,0,952
02/02/2001,RDU,NC,ASO,EN,Towers with Radar,444,262,102,7,815,0,22,86,3,111,444,284,188,10,926,0,0,0,926
02/03/2001,RDU,NC,ASO,EN,Towers with Radar,349,145,48,4,546,0,2,125,15,142,349,147,173,19,688,3,18,21,709
02/04/2001,RDU,NC,ASO,EN,Towers with Radar,383,158,86,6,633,0,1,52,4,57,383,159,138,10,690,0,0,0,690
02/05/2001,RDU,NC,ASO,EN,Towers with Radar,387,232,109,8,736,0,9,63,1,73,387,241,172,9,809,0,0,0,809
02/06/2001,RDU,NC,ASO,EN,Towers with Radar,431,253,97,4,785,0,11,125,7,143,431,264,222,11,928,0,0,0,928
02/07/2001,RDU,NC,ASO,EN,Towers with Radar,437,251,121,8,817,0,14,107,12,133,437,265,228,20,950,0,0,0,950
02/08/2001,RDU,NC,ASO,EN,Towers with Radar,427,243,96,6,772,0,12,133,13,158,427,255,229,19,930,0,0,0,930
02/09/2001,RDU,NC,ASO,EN,Towers with Radar,439,263,105,5,812,0,4,94,16,114,439,267,199,21,926,0,2,2,928
02/10/2001,RDU,NC,ASO,EN,Towers with Radar,360,144,68,3,575,0,6,44,10,60,360,150,112,13,635,0,10,10,645
02/11/2001,RDU,NC,ASO,EN,Towers with Radar,376,164,83,6,629,0,2,101,6,109,376,166,184,12,738,0,0,0,738
02/12/2001,RDU,NC,ASO,EN,Towers with Radar,384,213,60,0,657,0,1,0,0,1,384,214,60,0,658,0,0,0,658
02/13/2001,RDU,NC,ASO,EN,Towers with Radar,417,253,154,2,826,0,4,37,15,56,417,257,191,17,882,0,12,12,894
02/14/2001,RDU,NC,ASO,EN,Towers with Radar,436,254,132,0,822,0,3,1,0,4,436,257,133,0,826,0,0,0,826
02/15/2001,RDU,NC,ASO,EN,Towers with Radar,456,254,171,1,882,0,5,27,5,37,456,259,198,6,919,0,6,6,925
02/16/2001,RDU,NC,ASO,EN,Towers with Radar,447,241,147,11,846,0,6,31,16,53,447,247,178,27,899,0,0,0,899
02/17/2001,RDU,NC,ASO,EN,Towers with Radar,403,144,54,0,601,0,3,56,6,65,403,147,110,6,666,7,3,10,676
02/18/2001,RDU,NC,ASO,EN,Towers with Radar,341,159,87,2,589,49,0,101,4,154,390,159,188,6,743,2,0,2,745
02/19/2001,RDU,NC,ASO,EN,Towers with Radar,399,195,102,3,699,22,0,122,0,144,421,195,224,3,843,2,0,2,845
02/20/2001,RDU,NC,ASO,EN,Towers with Radar,448,240,123,1,812,0,12,85,8,105,448,252,208,9,917,2,2,4,921
02/21/2001,RDU,NC,ASO,EN,Towers with Radar,440,240,136,2,818,0,8,55,6,69,440,248,191,8,887,0,2,2,889
02/22/2001,RDU,NC,ASO,EN,Towers with Radar,407,186,86,1,680,0,2,10,2,14,407,188,96,3,694,0,0,0,694
02/23/2001,RDU,NC,ASO,EN,Towers with Radar,473,250,135,6,864,0,11,85,9,105,473,261,220,15,969,0,0,0,969
02/24/2001,RDU,NC,ASO,EN,Towers with Radar,385,155,69,4,613,0,2,87,6,95,385,157,156,10,708,10,0,10,718
02/25/2001,RDU,NC,ASO,EN,Towers with Radar,370,140,67,2,579,0,1,4,2,7,370,141,71,4,586,0,0,0,586
02/26/2001,RDU,NC,ASO,EN,Towers with Radar,441,222,132,21,816,0,8,110,5,123,441,230,242,26,939,0,0,0,939
02/27/2001,RDU,NC,ASO,EN,Towers with Radar,438,240,119,4,801,0,13,146,0,159,438,253,265,4,960,0,7,7,967
02/28/2001,RDU,NC,ASO,EN,Towers with Radar,441,249,146,3,839,0,10,61,10,81,441,259,207,13,920,4,0,4,924
03/01/2001,RDU,NC,ASO,EN,Towers with Radar,282,407,109,6,804,2,0,112,20,134,284,407,221,26,938,0,1,1,939
03/02/2001,RDU,NC,ASO,EN,Towers with Radar,287,408,107,16,818,2,9,82,6,99,289,417,189,22,917,0,0,0,917
03/03/2001,RDU,NC,ASO,EN,Towers with Radar,219,307,59,8,593,1,4,16,20,41,220,311,75,28,634,4,0,4,638
03/04/2001,RDU,NC,ASO,EN,Towers with Radar,230,312,67,3,612,1,0,0,0,1,231,312,67,3,613,0,0,0,613
03/05/2001,RDU,NC,ASO,EN,Towers with Radar,238,360,96,1,695,1,4,31,1,37,239,364,127,2,732,0,0,0,732
03/06/2001,RDU,NC,ASO,EN,Towers with Radar,260,355,95,3,713,1,12,17,1,31,261,367,112,4,744,0,0,0,744
03/07/2001,RDU,NC,ASO,EN,Towers with Radar,279,409,125,7,820,1,8,92,6,107,280,417,217,13,927,0,0,0,927
03/08/2001,RDU,NC,ASO,EN,Towers with Radar,275,419,132,11,837,1,12,139,8,160,276,431,271,19,997,2,0,2,999
03/09/2001,RDU,NC,ASO,EN,Towers with Radar,281,416,85,3,785,0,10,78,6,94,281,426,163,9,879,2,0,2,881
03/10/2001,RDU,NC,ASO,EN,Towers with Radar,228,302,81,4,615,0,8,97,1,106,228,310,178,5,721,10,0,10,731
03/11/2001,RDU,NC,ASO,EN,Towers with Radar,228,306,70,3,607,0,4,86,0,90,228,310,156,3,697,0,0,0,697
03/12/2001,RDU,NC,ASO,EN,Towers with Radar,250,400,85,3,738,0,6,37,3,46,250,406,122,6,784,0,0,0,784
03/13/2001,RDU,NC,ASO,EN,Towers with Radar,277,402,96,1,776,0,2,48,8,58,277,404,144,9,834,0,0,0,834
03/14/2001,RDU,NC,ASO,EN,Towers with Radar,274,430,128,2,834,0,6,104,10,120,274,436,232,12,954,14,0,14,968
03/15/2001,RDU,NC,ASO,EN,Towers with Radar,278,426,113,0,817,0,2,3,0,5,278,428,116,0,822,0,0,0,822
03/16/2001,RDU,NC,ASO,EN,Towers with Radar,281,439,136,2,858,0,0,1,0,1,281,439,137,2,859,0,0,0,859
03/17/2001,RDU,NC,ASO,EN,Towers with Radar,223,273,57,1,554,0,2,95,0,97,223,275,152,1,651,0,0,0,651
03/18/2001,RDU,NC,ASO,EN,Towers with Radar,224,318,63,1,606,0,5,106,0,111,224,323,169,1,717,6,0,6,723
03/19/2001,RDU,NC,ASO,EN,Towers with Radar,252,420,121,6,799,0,7,102,10,119,252,427,223,16,918,0,1,1,919
03/20/2001,RDU,NC,ASO,EN,Towers with Radar,269,388,101,5,763,0,5,10,3,18,269,393,111,8,781,0,6,6,787
03/21/2001,RDU,NC,ASO,EN,Towers with Radar,280,390,125,1,796,0,0,1,0,1,280,390,126,1,797,0,0,0,797
03/22/2001,RDU,NC,ASO,EN,Towers with Radar,273,431,119,2,825,0,15,80,0,95,273,446,199,2,920,0,22,22,942
03/23/2001,RDU,NC,ASO,EN,Towers with Radar,281,417,109,4,811,0,13,103,5,121,281,430,212,9,932,7,4,11,943
03/24/2001,RDU,NC,ASO,EN,Towers with Radar,227,300,57,5,589,0,10,96,1,107,227,310,153,6,696,0,0,0,696
03/25/2001,RDU,NC,ASO,EN,Towers with Radar,235,308,66,2,611,0,0,96,1,97,235,308,162,3,708,2,0,2,710
03/26/2001,RDU,NC,ASO,EN,Towers with Radar,259,376,99,4,738,0,7,84,12,103,259,383,183,16,841,0,2,2,843
03/27/2001,RDU,NC,ASO,EN,Towers with Radar,275,398,119,3,795,0,13,117,16,146,275,411,236,19,941,0,0,0,941
03/28/2001,RDU,NC,ASO,EN,Towers with Radar,271,399,146,12,828,0,10,134,31,175,271,409,280,43,1003,3,2,5,1008
03/29/2001,RDU,NC,ASO,EN,Towers with Radar,268,364,131,4,767,0,2,3,0,5,268,366,134,4,772,0,0,0,772
03/30/2001,RDU,NC,ASO,EN,Towers with Radar,277,402,94,4,777,0,8,53,6,67,277,410,147,10,844,0,6,6,850
03/31/2001,RDU,NC,ASO,EN,Towers with Radar,228,288,57,7,580,0,3,55,1,59,228,291,112,8,639,0,0,0,639
04/01/2001,RDU,NC,ASO,EN,Towers with Radar,216,287,45,1,549,2,0,0,2,4,218,287,45,3,553,0,0,0,553
04/02/2001,RDU,NC,ASO,EN,Towers with Radar,247,362,111,4,724,10,38,103,8,159,257,400,214,12,883,0,0,0,883
04/03/2001,RDU,NC,ASO,EN,Towers with Radar,272,407,114,6,799,2,1,20,5,28,274,408,134,11,827,4,6,10,837
04/04/2001,RDU,NC,ASO,EN,Towers with Radar,270,410,150,6,836,1,4,34,20,59,271,414,184,26,895,0,0,0,895
04/05/2001,RDU,NC,ASO,EN,Towers with Radar,264,428,130,6,828,0,11,149,14,174,264,439,279,20,1002,0,0,0,1002
04/06/2001,RDU,NC,ASO,EN,Towers with Radar,267,412,141,14,834,1,9,104,8,122,268,421,245,22,956,0,0,0,956
04/07/2001,RDU,NC,ASO,EN,Towers with Radar,231,308,96,10,645,1,8,114,5,128,232,316,210,15,773,2,1,3,776
04/08/2001,RDU,NC,ASO,EN,Towers with Radar,227,309,88,6,630,1,0,104,6,111,228,309,192,12,741,0,0,0,741
04/09/2001,RDU,NC,ASO,EN,Towers with Radar,254,379,101,8,742,2,4,94,0,100,256,383,195,8,842,0,0,0,842
04/10/2001,RDU,NC,ASO,EN,Towers with Radar,288,415,114,5,822,1,10,131,19,161,289,425,245,24,983,0,16,16,999
04/11/2001,RDU,NC,ASO,EN,Towers with Radar,265,414,181,12,872,1,6,34,4,45,266,420,215,16,917,0,0,0,917
04/12/2001,RDU,NC,ASO,EN,Towers with Radar,273,402,176,5,856,1,5,76,13,95,274,407,252,18,951,0,0,0,951
04/13/2001,RDU,NC,ASO,EN,Towers with Radar,284,420,92,5,801,1,3,57,2,63,285,423,149,7,864,0,0,0,864
04/14/2001,RDU,NC,ASO,EN,Towers with Radar,226,295,54,5,580,1,9,119,0,129,227,304,173,5,709,6,0,6,715
04/15/2001,RDU,NC,ASO,EN,Towers with Radar,200,293,88,0,581,31,9,4,0,44,231,302,92,0,625,0,0,0,625
04/16/2001,RDU,NC,ASO,EN,Towers with Radar,258,397,123,8,786,0,3,82,5,90,258,400,205,13,876,1,4,5,881
04/17/2001,RDU,NC,ASO,EN,Towers with Radar,280,401,133,5,819,0,5,34,1,40,280,406,167,6,859,0,0,0,859
04/18/2001,RDU,NC,ASO,EN,Towers with Radar,268,408,127,3,806,0,7,87,12,106,268,415,214,15,912,0,10,10,922
04/19/2001,RDU,NC,ASO,EN,Towers with Radar,274,422,139,14,849,0,11,128,8,147,274,433,267,22,996,0,0,0,996
04/20/2001,RDU,NC,ASO,EN,Towers with Radar,276,411,125,6,818,0,16,135,14,165,276,427,260,20,983,1,2,3,986
04/21/2001,RDU,NC,ASO,EN,Towers with Radar,240,299,88,7,634,0,7,95,13,115,240,306,183,20,749,0,36,36,785
04/22/2001,RDU,NC,ASO,EN,Towers with Radar,233,324,84,0,641,0,0,84,1,85,233,324,168,1,726,0,0,0,726
04/23/2001,RDU,NC,ASO,EN,Towers with Radar,271,393,121,5,790,3,15,104,3,125,274,408,225,8,915,0,0,0,915
04/24/2001,RDU,NC,ASO,EN,Towers with Radar,276,380,140,6,802,0,8,86,15,109,276,388,226,21,911,0,0,0,911
04/25/2001,RDU,NC,ASO,EN,Towers with Radar,274,419,131,5,829,0,0,44,11,55,274,419,175,16,884,0,0,0,884
04/26/2001,RDU,NC,ASO,EN,Towers with Radar,272,401,162,9,844,0,7,137,9,153,272,408,299,18,997,11,0,11,1008
04/27/2001,RDU,NC,ASO,EN,Towers with Radar,282,405,117,5,809,0,10,148,11,169,282,415,265,16,978,2,0,2,980
04/28/2001,RDU,NC,ASO,EN,Towers with Radar,226,291,80,6,603,0,5,124,6,135,226,296,204,12,738,0,0,0,738
04/29/2001,RDU,NC,ASO,EN,Towers with Radar,227,323,84,0,634,0,2,79,2,83,227,325,163,2,717,0,0,0,717
04/30/2001,RDU,NC,ASO,EN,Towers with Radar,256,416,114,0,786,0,9,102,4,115,256,425,216,4,901,0,0,0,901
05/01/2001,RDU,NC,ASO,EN,Towers with Radar,265,417,144,10,836,3,17,126,10,156,268,434,270,20,992,6,1,7,999
05/02/2001,RDU,NC,ASO,EN,Towers with Radar,273,406,128,6,813,0,18,139,6,163,273,424,267,12,976,0,0,0,976
05/03/2001,RDU,NC,ASO,EN,Towers with Radar,274,406,142,12,834,3,13,121,9,146,277,419,263,21,980,2,0,2,982
05/04/2001,RDU,NC,ASO,EN,Towers with Radar,272,398,122,12,804,2,4,117,17,140,274,402,239,29,944,0,0,0,944
05/05/2001,RDU,NC,ASO,EN,Towers with Radar,228,273,66,2,569,2,3,93,12,110,230,276,159,14,679,0,1,1,680
05/06/2001,RDU,NC,ASO,EN,Towers with Radar,226,305,87,5,623,2,0,36,4,42,228,305,123,9,665,0,0,0,665
05/07/2001,RDU,NC,ASO,EN,Towers with Radar,250,387,115,11,763,2,8,99,5,114,252,395,214,16,877,0,0,0,877
05/08/2001,RDU,NC,ASO,EN,Towers with Radar,281,394,148,3,826,3,11,91,11,116,284,405,239,14,942,0,0,0,942
05/09/2001,RDU,NC,ASO,EN,Towers with Radar,272,393,145,5,815,4,12,96,6,118,276,405,241,11,933,2,4,6,939
05/10/2001,RDU,NC,ASO,EN,Towers with Radar,272,395,133,3,803,2,6,127,9,144,274,401,260,12,947,6,0,6,953
05/11/2001,RDU,NC,ASO,EN,Towers with Radar,275,415,127,7,824,6,12,119,13,150,281,427,246,20,974,0,0,0,974
05/12/2001,RDU,NC,ASO,EN,Towers with Radar,228,291,70,1,590,3,1,91,13,108,231,292,161,14,698,0,0,0,698
05/13/2001,RDU,NC,ASO,EN,Towers with Radar,226,303,67,2,598,5,1,118,2,126,231,304,185,4,724,1,0,1,725
05/14/2001,RDU,NC,ASO,EN,Towers with Radar,252,361,116,5,734,0,39,107,1,147,252,400,223,6,881,0,0,0,881
05/15/2001,RDU,NC,ASO,EN,Towers with Radar,255,396,103,5,759,2,9,81,4,96,257,405,184,9,855,0,0,0,855
05/16/2001,RDU,NC,ASO,EN,Towers with Radar,280,419,169,6,874,3,1,21,14,39,283,420,190,20,913,1,12,13,926
05/17/2001,RDU,NC,ASO,EN,Towers with Radar,266,409,188,5,868,2,0,0,0,2,268,409,188,5,870,0,0,0,870
05/18/2001,RDU,NC,ASO,EN,Towers with Radar,280,406,134,5,825,0,0,46,14,60,280,406,180,19,885,0,0,0,885
05/19/2001,RDU,NC,ASO,EN,Towers with Radar,224,283,86,4,597,2,4,96,9,111,226,287,182,13,708,4,0,4,712
05/20/2001,RDU,NC,ASO,EN,Towers with Radar,226,320,82,3,631,2,0,9,0,11,228,320,91,3,642,0,0,0,642
05/21/2001,RDU,NC,ASO,EN,Towers with Radar,248,382,148,1,779,3,1,4,0,8,251,383,152,1,787,0,8,8,795
05/22/2001,RDU,NC,ASO,EN,Towers with Radar,264,373,111,6,754,2,8,31,4,45,266,381,142,10,799,0,0,0,799
05/23/2001,RDU,NC,ASO,EN,Towers with Radar,274,389,142,7,812,2,9,122,12,145,276,398,264,19,957,12,0,12,969
05/24/2001,RDU,NC,ASO,EN,Towers with Radar,271,401,108,3,783,2,2,95,11,110,273,403,203,14,893,0,0,0,893
05/25/2001,RDU,NC,ASO,EN,Towers with Radar,272,406,123,11,812,2,3,58,5,68,274,409,181,16,880,0,0,0,880
05/26/2001,RDU,NC,ASO,EN,Towers with Radar,221,243,59,0,523,2,0,14,0,16,223,243,73,0,539,0,0,0,539
05/27/2001,RDU,NC,ASO,EN,Towers with Radar,220,236,49,1,506,2,0,59,0,61,222,236,108,1,567,0,0,0,567
05/28/2001,RDU,NC,ASO,EN,Towers with Radar,233,280,71,1,585,2,1,11,0,14,235,281,82,1,599,0,0,0,599
05/29/2001,RDU,NC,ASO,EN,Towers with Radar,249,385,123,5,762,0,13,50,2,65,249,398,173,7,827,2,0,2,829
05/30/2001,RDU,NC,ASO,EN,Towers with Radar,282,403,129,5,819,0,8,135,9,152,282,411,264,14,971,0,0,0,971
05/31/2001,RDU,NC,ASO,EN,Towers with Radar,283,402,150,10,845,1,7,101,6,115,284,409,251,16,960,28,3,31,991
06/01/2001,RDU,NC,ASO,EN,Towers with Radar,262,314,142,1,719,0,0,4,0,4,262,314,146,1,723,0,0,0,723
06/02/2001,RDU,NC,ASO,EN,Towers with Radar,244,334,82,5,665,0,0,22,4,26,244,334,104,9,691,0,0,0,691
06/03/2001,RDU,NC,ASO,EN,Towers with Radar,231,299,92,3,625,20,11,72,3,106,251,310,164,6,731,0,0,0,731
06/04/2001,RDU,NC,ASO,EN,Towers with Radar,269,359,111,4,743,0,40,68,10,118,269,399,179,14,861,0,0,0,861
06/05/2001,RDU,NC,ASO,EN,Towers with Radar,279,409,97,2,787,0,9,105,5,119,279,418,202,7,906,0,0,0,906
06/06/2001,RDU,NC,ASO,EN,Towers with Radar,282,397,132,5,816,0,12,83,4,99,282,409,215,9,915,0,0,0,915
06/07/2001,RDU,NC,ASO,EN,Towers with Radar,291,401,106,4,802,0,10,72,4,86,291,411,178,8,888,0,0,0,888
06/08/2001,RDU,NC,ASO,EN,Towers with Radar,287,395,132,8,822,4,5,59,1,69,291,400,191,9,891,0,0,0,891
06/09/2001,RDU,NC,ASO,EN,Towers with Radar,248,280,74,6,608,0,2,60,4,66,248,282,134,10,674,12,0,12,686
06/10/2001,RDU,NC,ASO,EN,Towers with Radar,253,289,90,5,637,0,0,65,0,65,253,289,155,5,702,6,0,6,708
06/11/2001,RDU,NC,ASO,EN,Towers with Radar,268,370,131,5,774,0,3,46,3,52,268,373,177,8,826,0,0,0,826
06/12/2001,RDU,NC,ASO,EN,Towers with Radar,289,375,123,6,793,1,5,72,11,89,290,380,195,17,882,0,0,0,882
06/13/2001,RDU,NC,ASO,EN,Towers with Radar,279,353,116,0,748,0,6,31,1,38,279,359,147,1,786,0,0,0,786
06/14/2001,RDU,NC,ASO,EN,Towers with Radar,288,401,136,3,828,0,0,3,0,3,288,401,139,3,831,0,0,0,831
06/15/2001,RDU,NC,ASO,EN,Towers with Radar,271,374,139,2,786,0,1,11,2,14,271,375,150,4,800,0,0,0,800
06/16/2001,RDU,NC,ASO,EN,Towers with Radar,262,268,63,3,596,0,7,48,3,58,262,275,111,6,654,0,0,0,654
06/17/2001,RDU,NC,ASO,EN,Towers with Radar,260,285,88,5,638,0,0,71,2,73,260,285,159,7,711,0,0,0,711
06/18/2001,RDU,NC,ASO,EN,Towers with Radar,276,374,122,3,775,1,11,94,3,109,277,385,216,6,884,0,0,0,884
06/19/2001,RDU,NC,ASO,EN,Towers with Radar,289,409,115,6,819,1,12,108,3,124,290,421,223,9,943,0,0,0,943
06/20/2001,RDU,NC,ASO,EN,Towers with Radar,287,390,122,3,802,0,7,98,4,109,287,397,220,7,911,0,0,0,911
06/21/2001,RDU,NC,ASO,EN,Towers with Radar,283,403,127,8,821,0,4,81,7,92,283,407,208,15,913,0,0,0,913
06/22/2001,RDU,NC,ASO,EN,Towers with Radar,275,338,125,5,743,0,3,60,4,67,275,341,185,9,810,0,0,0,810
06/23/2001,RDU,NC,ASO,EN,Towers with Radar,285,292,77,0,654,1,2,24,1,28,286,294,101,1,682,0,0,0,682
06/24/2001,RDU,NC,ASO,EN,Towers with Radar,265,307,70,4,646,0,0,55,0,55,265,307,125,4,701,0,0,0,701
06/25/2001,RDU,NC,ASO,EN,Towers with Radar,274,366,97,4,741,0,4,64,1,69,274,370,161,5,810,0,0,0,810
06/26/2001,RDU,NC,ASO,EN,Towers with Radar,287,408,157,4,856,0,12,69,16,97,287,420,226,20,953,0,6,6,959
06/27/2001,RDU,NC,ASO,EN,Towers with Radar,286,400,165,7,858,0,5,82,5,92,286,405,247,12,950,0,0,0,950
06/28/2001,RDU,NC,ASO,EN,Towers with Radar,287,383,140,2,812,0,9,87,9,105,287,392,227,11,917,0,0,0,917
06/29/2001,RDU,NC,ASO,EN,Towers with Radar,292,380,120,6,798,1,14,110,10,135,293,394,230,16,933,2,0,2,935
06/30/2001,RDU,NC,ASO,EN,Towers with Radar,253,262,57,2,574,0,0,74,1,75,253,262,131,3,649,8,0,8,657
07/01/2001,RDU,NC,ASO,EN,Towers with Radar,239,264,57,0,560,6,1,57,0,64,245,265,114,0,624,0,0,0,624
07/02/2001,RDU,NC,ASO,EN,Towers with Radar,269,397,104,5,775,4,12,60,3,79,273,409,164,8,854,3,0,3,857
07/03/2001,RDU,NC,ASO,EN,Towers with Radar,263,392,135,7,797,4,2,44,7,57,267,394,179,14,854,0,0,0,854
07/04/2001,RDU,NC,ASO,EN,Towers with Radar,237,290,43,0,570,5,0,9,1,15,242,290,52,1,585,0,0,0,585
07/05/2001,RDU,NC,ASO,EN,Towers with Radar,254,354,104,2,714,4,5,55,2,66,258,359,159,4,780,10,0,10,790
07/06/2001,RDU,NC,ASO,EN,Towers with Radar,281,400,113,14,808,4,4,90,6,104,285,404,203,20,912,0,0,0,912
07/07/2001,RDU,NC,ASO,EN,Towers with Radar,253,273,50,1,577,5,2,93,0,100,258,275,143,1,677,0,0,0,677
07/08/2001,RDU,NC,ASO,EN,Towers with Radar,246,297,88,0,631,5,1,24,0,30,251,298,112,0,661,0,0,0,661
07/09/2001,RDU,NC,ASO,EN,Towers with Radar,271,384,113,3,771,0,21,93,0,114,271,405,206,3,885,0,0,0,885
07/10/2001,RDU,NC,ASO,EN,Towers with Radar,282,392,116,2,792,3,5,91,5,104,285,397,207,7,896,0,0,0,896
07/11/2001,RDU,NC,ASO,EN,Towers with Radar,290,411,149,4,854,3,6,77,6,92,293,417,226,10,946,0,4,4,950
07/12/2001,RDU,NC,ASO,EN,Towers with Radar,285,409,120,3,817,0,27,102,16,145,285,436,222,19,962,0,0,0,962
07/13/2001,RDU,NC,ASO,EN,Towers with Radar,283,416,127,7,833,3,8,89,6,106,286,424,216,13,939,0,0,0,939
07/14/2001,RDU,NC,ASO,EN,Towers with Radar,241,276,48,4,569,3,2,102,2,109,244,278,150,6,678,0,0,0,678
07/15/2001,RDU,NC,ASO,EN,Towers with Radar,256,311,80,3,650,3,2,90,5,100,259,313,170,8,750,0,0,0,750
07/16/2001,RDU,NC,ASO,EN,Towers with Radar,268,390,101,6,765,2,8,108,4,122,270,398,209,10,887,0,0,0,887
07/17/2001,RDU,NC,ASO,EN,Towers with Radar,282,409,132,3,826,4,10,77,7,98,286,419,209,10,924,0,0,0,924
07/18/2001,RDU,NC,ASO,EN,Towers with Radar,291,399,134,3,827,2,4,75,8,89,293,403,209,11,916,0,0,0,916
07/19/2001,RDU,NC,ASO,EN,Towers with Radar,285,444,141,7,877,2,0,14,9,25,287,444,155,16,902,0,8,8,910
07/20/2001,RDU,NC,ASO,EN,Towers with Radar,290,414,124,4,832,0,0,105,8,113,290,414,229,12,945,0,0,0,945
07/21/2001,RDU,NC,ASO,EN,Towers with Radar,252,276,61,1,590,2,8,87,1,98,254,284,148,2,688,0,0,0,688
07/22/2001,RDU,NC,ASO,EN,Towers with Radar,229,313,92,3,637,27,0,45,5,77,256,313,137,8,714,0,0,0,714
07/23/2001,RDU,NC,ASO,EN,Towers with Radar,275,401,118,4,798,0,23,47,5,75,275,424,165,9,873,0,0,0,873
07/24/2001,RDU,NC,ASO,EN,Towers with Radar,289,423,136,5,853,2,0,25,4,31,291,423,161,9,884,0,0,0,884
07/25/2001,RDU,NC,ASO,EN,Towers with Radar,287,420,140,3,850,2,0,40,8,50,289,420,180,11,900,2,0,2,902
07/26/2001,RDU,NC,ASO,EN,Towers with Radar,289,394,152,7,842,2,5,29,8,44,291,399,181,15,886,12,0,12,898
07/27/2001,RDU,NC,ASO,EN,Towers with Radar,301,430,130,8,869,2,2,16,2,22,303,432,146,10,891,0,0,0,891
07/28/2001,RDU,NC,ASO,EN,Towers with Radar,254,291,66,7,618,2,0,40,1,43,256,291,106,8,661,1,1,2,663
07/29/2001,RDU,NC,ASO,EN,Towers with Radar,251,300,81,2,634,2,0,1,0,3,253,300,82,2,637,0,0,0,637
07/30/2001,RDU,NC,ASO,EN,Towers with Radar,275,420,122,4,821,0,7,49,8,64,275,427,171,12,885,0,0,0,885
07/31/2001,RDU,NC,ASO,EN,Towers with Radar,290,428,148,7,873,3,15,80,6,104,293,443,228,13,977,0,0,0,977
08/01/2001,RDU,NC,ASO,EN,Towers with Radar,292,412,148,4,856,0,13,104,13,130,292,425,252,17,986,0,8,8,994
08/02/2001,RDU,NC,ASO,EN,Towers with Radar,283,407,124,5,819,0,9,73,12,94,283,416,197,17,913,0,0,0,913
08/03/2001,RDU,NC,ASO,EN,Towers with Radar,277,394,104,7,782,0,9,96,8,113,277,403,200,15,895,0,0,0,895
08/04/2001,RDU,NC,ASO,EN,Towers with Radar,262,291,57,7,617,0,3,87,7,97,262,294,144,14,714,0,6,6,720
08/05/2001,RDU,NC,ASO,EN,Towers with Radar,264,312,87,0,663,0,1,66,3,70,264,313,153,3,733,18,0,18,751
08/06/2001,RDU,NC,ASO,EN,Towers with Radar,279,348,121,5,753,0,67,53,2,122,279,415,174,7,875,0,0,0,875
08/07/2001,RDU,NC,ASO,EN,Towers with Radar,290,423,110,7,830,0,15,90,10,115,290,438,200,17,945,0,0,0,945
08/08/2001,RDU,NC,ASO,EN,Towers with Radar,292,384,134,5,815,0,52,67,1,120,292,436,201,6,935,0,0,0,935
08/09/2001,RDU,NC,ASO,EN,Towers with Radar,289,415,119,4,827,0,8,51,11,70,289,423,170,15,897,0,0,0,897
08/10/2001,RDU,NC,ASO,EN,Towers with Radar,288,398,126,6,818,0,10,58,4,72,288,408,184,10,890,0,4,4,894
08/11/2001,RDU,NC,ASO,EN,Towers with Radar,259,282,54,1,596,0,4,37,8,49,259,286,91,9,645,0,0,0,645
08/12/2001,RDU,NC,ASO,EN,Towers with Radar,266,299,77,5,647,0,0,28,0,28,266,299,105,5,675,0,0,0,675
08/13/2001,RDU,NC,ASO,EN,Towers with Radar,264,381,110,3,758,0,0,20,2,22,264,381,130,5,780,0,0,0,780
08/14/2001,RDU,NC,ASO,EN,Towers with Radar,305,339,158,10,812,0,3,60,2,65,305,342,218,12,877,0,8,8,885
08/15/2001,RDU,NC,ASO,EN,Towers with Radar,310,329,166,7,812,0,6,90,5,101,310,335,256,12,913,0,0,0,913
08/16/2001,RDU,NC,ASO,EN,Towers with Radar,306,342,149,8,805,0,9,79,10,98,306,351,228,18,903,2,3,5,908
08/17/2001,RDU,NC,ASO,EN,Towers with Radar,292,328,128,10,758,0,8,54,7,69,292,336,182,17,827,2,0,2,829
08/18/2001,RDU,NC,ASO,EN,Towers with Radar,259,215,34,2,510,0,0,9,0,9,259,215,43,2,519,0,0,0,519
08/19/2001,RDU,NC,ASO,EN,Towers with Radar,263,231,73,0,567,0,0,21,1,22,263,231,94,1,589,0,0,0,589
08/20/2001,RDU,NC,ASO,EN,Towers with Radar,294,334,159,3,790,0,2,34,5,41,294,336,193,8,831,2,0,2,833
08/21/2001,RDU,NC,ASO,EN,Towers with Radar,304,334,124,10,772,0,11,104,18,133,304,345,228,28,905,0,6,6,911
08/22/2001,RDU,NC,ASO,EN,Towers with Radar,291,341,139,3,774,0,8,105,5,118,291,349,244,8,892,4,0,4,896
08/23/2001,RDU,NC,ASO,EN,Towers with Radar,291,343,134,6,774,0,10,112,14,136,291,353,246,20,910,0,0,0,910
08/24/2001,RDU,NC,ASO,EN,Towers with Radar,309,347,145,14,815,0,6,53,4,63,309,353,198,18,878,0,0,0,878
08/25/2001,RDU,NC,ASO,EN,Towers with Radar,202,211,82,3,498,59,0,57,0,116,261,211,139,3,614,0,0,0,614
08/26/2001,RDU,NC,ASO,EN,Towers with Radar,240,238,98,3,579,43,0,77,0,120,283,238,175,3,699,4,0,4,703
08/27/2001,RDU,NC,ASO,EN,Towers with Radar,265,313,115,1,694,0,9,67,2,78,265,322,182,3,772,0,4,4,776
08/28/2001,RDU,NC,ASO,EN,Towers with Radar,312,343,121,7,783,0,6,53,9,68,312,349,174,16,851,0,6,6,857
08/29/2001,RDU,NC,ASO,EN,Towers with Radar,305,328,145,1,779,0,8,47,11,66,305,336,192,12,845,7,0,7,852
08/30/2001,RDU,NC,ASO,EN,Towers with Radar,289,315,171,4,779,0,4,20,8,32,289,319,191,12,811,0,0,0,811
08/31/2001,RDU,NC,ASO,EN,Towers with Radar,299,346,138,6,789,0,0,33,4,37,299,346,171,10,826,0,0,0,826
09/01/2001,RDU,NC,ASO,EN,Towers with Radar,191,192,63,3,449,53,15,0,1,69,244,207,63,4,518,0,0,0,518
09/02/2001,RDU,NC,ASO,EN,Towers with Radar,226,200,43,0,469,0,0,36,2,38,226,200,79,2,507,0,0,0,507
09/03/2001,RDU,NC,ASO,EN,Towers with Radar,253,250,80,1,584,0,0,40,1,41,253,250,120,2,625,0,0,0,625
09/04/2001,RDU,NC,ASO,EN,Towers with Radar,269,322,140,14,745,0,1,30,3,34,269,323,170,17,779,0,0,0,779
09/05/2001,RDU,NC,ASO,EN,Towers with Radar,311,352,127,7,797,0,4,69,10,83,311,356,196,17,880,0,0,0,880
09/06/2001,RDU,NC,ASO,EN,Towers with Radar,290,337,169,8,804,0,14,106,6,126,290,351,275,14,930,0,0,0,930
09/07/2001,RDU,NC,ASO,EN,Towers with Radar,298,346,130,8,782,0,9,113,6,128,298,355,243,14,910,0,0,0,910
09/08/2001,RDU,NC,ASO,EN,Towers with Radar,243,221,44,13,521,0,5,99,5,109,243,226,143,18,630,0,6,6,636
09/09/2001,RDU,NC,ASO,EN,Towers with Radar,220,221,95,3,539,39,26,0,0,65,259,247,95,3,604,0,0,0,604
09/10/2001,RDU,NC,ASO,EN,Towers with Radar,267,325,143,2,737,0,0,52,10,62,267,325,195,12,799,0,0,0,799
09/11/2001,RDU,NC,ASO,EN,Towers with Radar,95,93,45,0,233,22,4,0,0,26,117,97,45,0,259,0,0,0,259
09/12/2001,RDU,NC,ASO,EN,Towers with Radar,0,1,0,0,1,0,0,1,0,1,0,1,1,0,2,0,0,0,2
09/13/2001,RDU,NC,ASO,EN,Towers with Radar,27,28,13,3,71,0,0,4,0,4,27,28,17,3,75,0,0,0,75
09/14/2001,RDU,NC,ASO,EN,Towers with Radar,110,114,51,4,279,0,1,8,13,22,110,115,59,17,301,0,24,24,325
09/15/2001,RDU,NC,ASO,EN,Towers with Radar,149,98,64,5,316,0,0,4,0,4,149,98,68,5,320,0,0,0,320
09/16/2001,RDU,NC,ASO,EN,Towers with Radar,147,141,66,3,357,6,0,0,0,6,153,141,66,3,363,0,0,0,363
09/17/2001,RDU,NC,ASO,EN,Towers with Radar,176,220,114,1,511,0,1,32,0,33,176,221,146,1,544,0,0,0,544
09/18/2001,RDU,NC,ASO,EN,Towers with Radar,196,229,194,5,624,0,2,9,0,11,196,231,203,5,635,0,0,0,635
09/19/2001,RDU,NC,ASO,EN,Towers with Radar,196,223,184,17,620,0,0,14,12,26,196,223,198,29,646,0,0,0,646
09/20/2001,RDU,NC,ASO,EN,Towers with Radar,195,208,146,2,551,0,1,7,6,14,195,209,153,8,565,0,0,0,565
09/21/2001,RDU,NC,ASO,EN,Towers with Radar,207,228,170,5,610,0,1,31,16,48,207,229,201,21,658,0,0,0,658
09/22/2001,RDU,NC,ASO,EN,Towers with Radar,168,154,88,0,410,0,0,25,0,25,168,154,113,0,435,0,0,0,435
09/23/2001,RDU,NC,ASO,EN,Towers with Radar,166,156,102,0,424,0,2,37,2,41,166,158,139,2,465,0,0,0,465
09/24/2001,RDU,NC,ASO,EN,Towers with Radar,186,205,106,0,497,0,0,4,0,4,186,205,110,0,501,0,0,0,501
09/25/2001,RDU,NC,ASO,EN,Towers with Radar,200,215,150,2,567,0,4,47,9,60,200,219,197,11,627,0,0,0,627
09/26/2001,RDU,NC,ASO,EN,Towers with Radar,200,200,153,6,559,0,5,78,7,90,200,205,231,13,649,4,4,8,657
09/27/2001,RDU,NC,ASO,EN,Towers with Radar,197,205,161,2,565,0,7,58,4,69,197,212,219,6,634,2,9,11,645
09/28/2001,RDU,NC,ASO,EN,Towers with Radar,204,196,166,0,566,0,9,52,2,63,204,205,218,2,629,0,0,0,629
09/29/2001,RDU,NC,ASO,EN,Towers with Radar,180,143,72,2,397,0,4,36,6,46,180,147,108,8,443,0,0,0,443
09/30/2001,RDU,NC,ASO,EN,Towers with Radar,168,135,75,3,381,0,0,36,6,42,168,135,111,9,423,0,0,0,423
10/01/2001,RDU,NC,ASO,EN,Towers with Radar,179,218,124,2,523,2,6,45,5,58,181,224,169,7,581,12,0,12,593
10/02/2001,RDU,NC,ASO,EN,Towers with Radar,192,228,142,7,569,5,6,93,9,113,197,234,235,16,682,0,0,0,682
10/03/2001,RDU,NC,ASO,EN,Towers with Radar,199,242,151,8,600,0,1,98,8,107,199,243,249,16,707,0,0,0,707
10/04/2001,RDU,NC,ASO,EN,Towers with Radar,198,233,176,9,616,1,10,83,11,105,199,243,259,20,721,0,0,0,721
10/05/2001,RDU,NC,ASO,EN,Towers with Radar,198,223,147,6,574,0,0,76,12,88,198,223,223,18,662,0,0,0,662
10/06/2001,RDU,NC,ASO,EN,Towers with Radar,179,164,72,0,415,1,2,7,1,11,180,166,79,1,426,1,0,1,427
10/07/2001,RDU,NC,ASO,EN,Towers with Radar,164,156,83,3,406,1,3,50,1,55,165,159,133,4,461,2,0,2,463
10/08/2001,RDU,NC,ASO,EN,Towers with Radar,163,193,120,5,481,11,7,45,2,65,174,200,165,7,546,0,0,0,546
10/09/2001,RDU,NC,ASO,EN,Towers with Radar,190,236,147,6,579,0,0,62,17,79,190,236,209,23,658,0,0,0,658
10/10/2001,RDU,NC,ASO,EN,Towers with Radar,193,241,164,11,609,1,5,73,16,95,194,246,237,27,704,10,0,10,714
10/11/2001,RDU,NC,ASO,EN,Towers with Radar,198,262,181,8,649,1,13,79,15,108,199,275,260,23,757,0,0,0,757
10/12/2001,RDU,NC,ASO,EN,Towers with Radar,190,258,160,7,615,0,5,59,2,66,190,263,219,9,681,0,0,0,681
10/13/2001,RDU,NC,ASO,EN,Towers with Radar,175,172,67,7,421,1,9,68,8,86,176,181,135,15,507,0,0,0,507
10/14/2001,RDU,NC,ASO,EN,Towers with Radar,166,168,80,4,418,1,0,8,1,10,167,168,88,5,428,0,0,0,428
10/15/2001,RDU,NC,ASO,EN,Towers with Radar,170,230,158,10,568,1,5,83,4,93,171,235,241,14,661,0,0,0,661
10/16/2001,RDU,NC,ASO,EN,Towers with Radar,195,228,168,7,598,1,12,65,11,89,196,240,233,18,687,0,0,0,687
10/17/2001,RDU,NC,ASO,EN,Towers with Radar,188,235,154,7,584,1,7,71,6,85,189,242,225,13,669,0,0,0,669
10/18/2001,RDU,NC,ASO,EN,Towers with Radar,191,242,177,6,616,1,5,98,21,125,192,247,275,27,741,10,10,20,761
10/19/2001,RDU,NC,ASO,EN,Towers with Radar,200,235,159,5,599,1,6,81,15,103,201,241,240,20,702,10,0,10,712
10/20/2001,RDU,NC,ASO,EN,Towers with Radar,147,164,108,5,424,25,0,47,11,83,172,164,155,16,507,0,0,0,507
10/21/2001,RDU,NC,ASO,EN,Towers with Radar,165,167,104,1,437,1,2,73,3,79,166,169,177,4,516,6,0,6,522
10/22/2001,RDU,NC,ASO,EN,Towers with Radar,173,236,124,3,536,0,3,64,5,72,173,239,188,8,608,0,0,0,608
10/23/2001,RDU,NC,ASO,EN,Towers with Radar,193,240,145,5,583,0,7,82,5,94,193,247,227,10,677,0,0,0,677
10/24/2001,RDU,NC,ASO,EN,Towers with Radar,192,238,137,8,575,0,6,58,5,69,192,244,195,13,644,0,0,0,644
10/25/2001,RDU,NC,ASO,EN,Towers with Radar,193,225,166,6,590,0,11,29,10,50,193,236,195,16,640,0,5,5,645
10/26/2001,RDU,NC,ASO,EN,Towers with Radar,196,251,156,9,612,0,6,38,12,56,196,257,194,21,668,0,0,0,668
10/27/2001,RDU,NC,ASO,EN,Towers with Radar,174,175,89,6,444,0,4,31,7,42,174,179,120,13,486,4,2,6,492
10/28/2001,RDU,NC,ASO,EN,Towers with Radar,160,184,109,11,464,0,3,58,4,65,160,187,167,15,529,0,11,11,540
10/29/2001,RDU,NC,ASO,EN,Towers with Radar,167,206,127,7,507,0,43,54,8,105,167,249,181,15,612,0,0,0,612
10/30/2001,RDU,NC,ASO,EN,Towers with Radar,188,230,142,7,567,0,15,90,16,121,188,245,232,23,688,0,10,10,698
10/31/2001,RDU,NC,ASO,EN,Towers with Radar,184,237,109,10,540,0,10,91,9,110,184,247,200,19,650,0,0,0,650
11/01/2001,RDU,NC,ASO,EN,Towers with Radar,183,270,166,12,631,0,12,59,16,87,183,282,225,28,718,0,0,0,718
11/02/2001,RDU,NC,ASO,EN,Towers with Radar,175,294,174,22,665,0,11,81,11,103,175,305,255,33,768,0,0,0,768
11/03/2001,RDU,NC,ASO,EN,Towers with Radar,163,194,96,13,466,0,6,78,16,100,163,200,174,29,566,12,0,12,578
11/04/2001,RDU,NC,ASO,EN,Towers with Radar,152,201,86,12,451,0,4,67,5,76,152,205,153,17,527,0,0,0,527
11/05/2001,RDU,NC,ASO,EN,Towers with Radar,167,231,126,5,529,0,37,39,2,78,167,268,165,7,607,2,0,2,609
11/06/2001,RDU,NC,ASO,EN,Towers with Radar,189,283,138,11,621,0,9,58,16,83,189,292,196,27,704,0,2,2,706
11/07/2001,RDU,NC,ASO,EN,Towers with Radar,190,285,156,7,638,0,0,69,11,80,190,285,225,18,718,0,0,0,718
11/08/2001,RDU,NC,ASO,EN,Towers with Radar,186,285,154,6,631,0,9,93,16,118,186,294,247,22,749,0,0,0,749
11/09/2001,RDU,NC,ASO,EN,Towers with Radar,183,285,169,5,642,0,11,62,3,76,183,296,231,8,718,0,0,0,718
11/10/2001,RDU,NC,ASO,EN,Towers with Radar,169,186,79,2,436,0,9,62,9,80,169,195,141,11,516,0,0,0,516
11/11/2001,RDU,NC,ASO,EN,Towers with Radar,161,200,84,1,446,0,12,72,2,86,161,212,156,3,532,0,0,0,532
11/12/2001,RDU,NC,ASO,EN,Towers with Radar,164,222,121,5,512,0,8,62,3,73,164,230,183,8,585,0,0,0,585
11/13/2001,RDU,NC,ASO,EN,Towers with Radar,189,283,152,11,635,0,8,67,15,90,189,291,219,26,725,4,0,4,729
11/14/2001,RDU,NC,ASO,EN,Towers with Radar,192,278,182,5,657,0,8,83,5,96,192,286,265,10,753,0,0,0,753
11/15/2001,RDU,NC,ASO,EN,Towers with Radar,191,288,143,10,632,0,8,75,5,88,191,296,218,15,720,0,0,0,720
11/16/2001,RDU,NC,ASO,EN,Towers with Radar,185,272,150,2,609,0,13,88,8,109,185,285,238,10,718,0,0,0,718
11/17/2001,RDU,NC,ASO,EN,Towers with Radar,176,192,87,4,459,0,4,81,1,86,176,196,168,5,545,14,0,14,559
11/18/2001,RDU,NC,ASO,EN,Towers with Radar,158,196,109,2,465,0,4,69,0,73,158,200,178,2,538,16,0,16,554
11/19/2001,RDU,NC,ASO,EN,Towers with Radar,170,234,128,3,535,7,33,62,0,102,177,267,190,3,637,0,0,0,637
11/20/2001,RDU,NC,ASO,EN,Towers with Radar,186,272,148,6,612,0,22,34,19,75,186,294,182,25,687,0,0,0,687
11/21/2001,RDU,NC,ASO,EN,Towers with Radar,195,289,174,4,662,0,8,83,1,92,195,297,257,5,754,0,0,0,754
11/22/2001,RDU,NC,ASO,EN,Towers with Radar,141,171,50,0,362,0,3,23,0,26,141,174,73,0,388,0,0,0,388
11/23/2001,RDU,NC,ASO,EN,Towers with Radar,135,182,75,0,392,0,3,64,2,69,135,185,139,2,461,0,0,0,461
11/24/2001,RDU,NC,ASO,EN,Towers with Radar,155,205,75,0,435,0,1,3,0,4,155,206,78,0,439,0,0,0,439
11/25/2001,RDU,NC,ASO,EN,Towers with Radar,152,201,152,0,505,0,1,3,0,4,152,202,155,0,509,0,0,0,509
11/26/2001,RDU,NC,ASO,EN,Towers with Radar,174,270,146,6,596,0,14,25,9,48,174,284,171,15,644,0,0,0,644
11/27/2001,RDU,NC,ASO,EN,Towers with Radar,195,285,180,7,667,0,7,27,12,46,195,292,207,19,713,0,0,0,713
11/28/2001,RDU,NC,ASO,EN,Towers with Radar,185,266,173,6,630,0,5,78,13,96,185,271,251,19,726,16,0,16,742
11/29/2001,RDU,NC,ASO,EN,Towers with Radar,189,268,145,6,608,0,0,69,6,75,189,268,214,12,683,0,0,0,683
11/30/2001,RDU,NC,ASO,EN,Towers with Radar,198,288,162,2,650,0,5,20,3,28,198,293,182,5,678,0,0,0,678
12/01/2001,RDU,NC,ASO,EN,Towers with Radar,171,189,102,2,464,0,12,65,10,87,171,201,167,12,551,0,0,0,551
12/02/2001,RDU,NC,ASO,EN,Towers with Radar,168,185,91,1,445,0,0,67,1,68,168,185,158,2,513,7,0,7,520
12/03/2001,RDU,NC,ASO,EN,Towers with Radar,182,263,155,2,602,0,12,59,5,76,182,275,214,7,678,7,0,7,685
12/04/2001,RDU,NC,ASO,EN,Towers with Radar,202,259,148,2,611,0,13,67,8,88,202,272,215,10,699,0,0,0,699
12/05/2001,RDU,NC,ASO,EN,Towers with Radar,202,281,166,4,653,0,14,91,9,114,202,295,257,13,767,0,0,0,767
12/06/2001,RDU,NC,ASO,EN,Towers with Radar,202,274,150,5,631,0,15,78,12,105,202,289,228,17,736,0,0,0,736
12/07/2001,RDU,NC,ASO,EN,Towers with Radar,205,262,125,8,600,0,15,73,3,91,205,277,198,11,691,0,0,0,691
12/08/2001,RDU,NC,ASO,EN,Towers with Radar,168,171,82,1,422,13,11,47,2,73,181,182,129,3,495,0,0,0,495
12/09/2001,RDU,NC,ASO,EN,Towers with Radar,172,178,85,1,436,0,2,29,1,32,172,180,114,2,468,0,0,0,468
12/10/2001,RDU,NC,ASO,EN,Towers with Radar,177,257,129,3,566,0,6,22,2,30,177,263,151,5,596,8,0,8,604
12/11/2001,RDU,NC,ASO,EN,Towers with Radar,202,276,147,2,627,0,5,5,0,10,202,281,152,2,637,0,0,0,637
12/12/2001,RDU,NC,ASO,EN,Towers with Radar,200,255,151,1,607,0,5,3,0,8,200,260,154,1,615,0,0,0,615
12/13/2001,RDU,NC,ASO,EN,Towers with Radar,195,210,89,3,497,0,5,3,0,8,195,215,92,3,505,0,0,0,505
12/14/2001,RDU,NC,ASO,EN,Towers with Radar,203,277,159,9,648,0,7,19,0,26,203,284,178,9,674,0,0,0,674
12/15/2001,RDU,NC,ASO,EN,Towers with Radar,183,175,73,4,435,0,10,65,3,78,183,185,138,7,513,0,0,0,513
12/16/2001,RDU,NC,ASO,EN,Towers with Radar,164,173,87,0,424,0,7,86,0,93,164,180,173,0,517,6,0,6,523
12/17/2001,RDU,NC,ASO,EN,Towers with Radar,181,238,114,2,535,0,23,82,14,119,181,261,196,16,654,6,0,6,660
12/18/2001,RDU,NC,ASO,EN,Towers with Radar,212,269,138,5,624,0,12,54,9,75,212,281,192,14,699,0,0,0,699
12/19/2001,RDU,NC,ASO,EN,Towers with Radar,227,263,137,5,632,0,13,86,11,110,227,276,223,16,742,0,0,0,742
12/20/2001,RDU,NC,ASO,EN,Towers with Radar,232,255,121,1,609,0,12,69,2,83,232,267,190,3,692,0,0,0,692
12/21/2001,RDU,NC,ASO,EN,Towers with Radar,231,265,116,0,612,0,11,100,2,113,231,276,216,2,725,0,0,0,725
12/22/2001,RDU,NC,ASO,EN,Towers with Radar,176,161,86,0,423,10,0,48,0,58,186,161,134,0,481,4,0,4,485
12/23/2001,RDU,NC,ASO,EN,Towers with Radar,177,140,39,0,356,0,5,31,0,36,177,145,70,0,392,8,0,8,400
12/24/2001,RDU,NC,ASO,EN,Towers with Radar,173,159,40,0,372,0,18,37,0,55,173,177,77,0,427,0,0,0,427
12/25/2001,RDU,NC,ASO,EN,Towers with Radar,157,126,30,0,313,0,7,21,0,28,157,133,51,0,341,0,0,0,341
12/26/2001,RDU,NC,ASO,EN,Towers with Radar,203,216,101,0,520,0,7,71,0,78,203,223,172,0,598,0,0,0,598
12/27/2001,RDU,NC,ASO,EN,Towers with Radar,213,227,113,2,555,0,0,32,0,32,213,227,145,2,587,0,0,0,587
12/28/2001,RDU,NC,ASO,EN,Towers with Radar,202,208,101,1,512,0,11,15,0,26,202,219,116,1,538,0,0,0,538
12/29/2001,RDU,NC,ASO,EN,Towers with Radar,167,164,83,0,414,25,0,22,0,47,192,164,105,0,461,8,0,8,469
12/30/2001,RDU,NC,ASO,EN,Towers with Radar,183,158,53,1,395,0,5,48,0,53,183,163,101,1,448,0,0,0,448
12/31/2001,RDU,NC,ASO,EN,Towers with Radar,184,183,30,0,397,0,7,60,0,67,184,190,90,0,464,0,0,0,464
01/01/2002,RDU,NC,ASO,EN,Towers with Radar,167,161,53,0,381,7,5,32,0,44,174,166,85,0,425,0,0,0,425
01/02/2002,RDU,NC,ASO,EN,Towers with Radar,193,227,84,6,510,7,7,32,0,46,200,234,116,6,556,0,22,22,578
01/03/2002,RDU,NC,ASO,EN,Towers with Radar,137,97,19,4,257,7,2,0,0,9,144,99,19,4,266,0,0,0,266
01/04/2002,RDU,NC,ASO,EN,Towers with Radar,210,217,57,6,490,7,12,34,0,53,217,229,91,6,543,0,0,0,543
01/05/2002,RDU,NC,ASO,EN,Towers with Radar,180,161,59,1,401,7,14,30,1,52,187,175,89,2,453,0,0,0,453
01/06/2002,RDU,NC,ASO,EN,Towers with Radar,172,153,49,1,375,7,3,0,0,10,179,156,49,1,385,0,0,0,385
01/07/2002,RDU,NC,ASO,EN,Towers with Radar,209,259,72,0,540,7,5,24,0,36,216,264,96,0,576,0,0,0,576
01/08/2002,RDU,NC,ASO,EN,Towers with Radar,224,262,124,7,617,7,11,62,9,89,231,273,186,16,706,0,0,0,706
01/09/2002,RDU,NC,ASO,EN,Towers with Radar,217,258,132,14,621,7,9,50,10,76,224,267,182,24,697,0,0,0,697
01/10/2002,RDU,NC,ASO,EN,Towers with Radar,228,258,118,8,612,7,7,85,16,115,235,265,203,24,727,0,0,0,727
01/11/2002,RDU,NC,ASO,EN,Towers with Radar,226,253,116,6,601,1,35,19,20,75,227,288,135,26,676,0,0,0,676
01/12/2002,RDU,NC,ASO,EN,Towers with Radar,181,165,44,6,396,7,20,76,4,107,188,185,120,10,503,0,0,0,503
01/13/2002,RDU,NC,ASO,EN,Towers with Radar,174,170,59,3,406,7,7,54,2,70,181,177,113,5,476,9,0,9,485
01/14/2002,RDU,NC,ASO,EN,Towers with Radar,197,256,121,9,583,7,10,42,3,62,204,266,163,12,645,0,8,8,653
01/15/2002,RDU,NC,ASO,EN,Towers with Radar,229,258,118,6,611,0,18,82,15,115,229,276,200,21,726,0,6,6,732
01/16/2002,RDU,NC,ASO,EN,Towers with Radar,224,280,141,5,650,6,12,78,11,107,230,292,219,16,757,0,0,0,757
01/17/2002,RDU,NC,ASO,EN,Towers with Radar,229,281,164,10,684,6,18,92,10,126,235,299,256,20,810,0,0,0,810
01/18/2002,RDU,NC,ASO,EN,Towers with Radar,231,280,128,7,646,0,24,77,4,105,231,304,205,11,751,0,0,0,751
01/19/2002,RDU,NC,ASO,EN,Towers with Radar,174,161,39,2,376,6,7,0,0,13,180,168,39,2,389,0,0,0,389
01/20/2002,RDU,NC,ASO,EN,Towers with Radar,179,186,85,0,450,6,3,24,0,33,185,189,109,0,483,0,0,0,483
01/21/2002,RDU,NC,ASO,EN,Towers with Radar,205,225,89,0,519,6,3,3,0,12,211,228,92,0,531,0,0,0,531
01/22/2002,RDU,NC,ASO,EN,Towers with Radar,222,265,124,6,617,0,0,122,11,133,222,265,246,17,750,0,0,0,750
01/23/2002,RDU,NC,ASO,EN,Towers with Radar,227,265,124,5,621,0,0,26,0,26,227,265,150,5,647,0,0,0,647
01/24/2002,RDU,NC,ASO,EN,Towers with Radar,227,269,140,2,638,6,3,5,0,14,233,272,145,2,652,0,0,0,652
01/25/2002,RDU,NC,ASO,EN,Towers with Radar,228,273,125,6,632,0,9,50,5,64,228,282,175,11,696,0,0,0,696
01/26/2002,RDU,NC,ASO,EN,Towers with Radar,183,170,67,10,430,6,13,96,1,116,189,183,163,11,546,0,0,0,546
01/27/2002,RDU,NC,ASO,EN,Towers with Radar,161,166,94,2,423,0,0,62,0,62,161,166,156,2,485,0,0,0,485
01/28/2002,RDU,NC,ASO,EN,Towers with Radar,211,247,120,6,584,0,0,116,11,127,211,247,236,17,711,0,0,0,711
01/29/2002,RDU,NC,ASO,EN,Towers with Radar,228,264,121,6,619,0,24,68,19,111,228,288,189,25,730,0,0,0,730
01/30/2002,RDU,NC,ASO,EN,Towers with Radar,215,266,155,5,641,6,16,55,14,91,221,282,210,19,732,26,5,31,763
01/31/2002,RDU,NC,ASO,EN,Towers with Radar,223,262,129,7,621,0,0,65,6,71,223,262,194,13,692,8,0,8,700
02/01/2002,RDU,NC,ASO,EN,Towers with Radar,228,260,127,3,618,0,13,15,1,29,228,273,142,4,647,0,0,0,647
02/02/2002,RDU,NC,ASO,EN,Towers with Radar,168,182,84,3,437,29,0,64,9,102,197,182,148,12,539,11,0,11,550
02/03/2002,RDU,NC,ASO,EN,Towers with Radar,188,203,77,3,471,0,4,57,5,66,188,207,134,8,537,0,0,0,537
02/04/2002,RDU,NC,ASO,EN,Towers with Radar,211,263,122,10,606,0,9,30,2,41,211,272,152,12,647,6,1,7,654
02/05/2002,RDU,NC,ASO,EN,Towers with Radar,228,271,121,5,625,0,14,53,8,75,228,285,174,13,700,0,0,0,700
02/06/2002,RDU,NC,ASO,EN,Towers with Radar,221,269,125,1,616,0,5,44,7,56,221,274,169,8,672,0,0,0,672
02/07/2002,RDU,NC,ASO,EN,Towers with Radar,238,294,160,3,695,0,1,6,0,7,238,295,166,3,702,0,0,0,702
02/08/2002,RDU,NC,ASO,EN,Towers with Radar,239,290,129,5,663,0,17,83,12,112,239,307,212,17,775,0,0,0,775
02/09/2002,RDU,NC,ASO,EN,Towers with Radar,171,194,86,1,452,18,9,87,0,114,189,203,173,1,566,0,0,0,566
02/10/2002,RDU,NC,ASO,EN,Towers with Radar,186,190,88,5,469,0,1,14,0,15,186,191,102,5,484,0,0,0,484
02/11/2002,RDU,NC,ASO,EN,Towers with Radar,227,258,99,6,590,0,9,54,2,65,227,267,153,8,655,2,6,8,663
02/12/2002,RDU,NC,ASO,EN,Towers with Radar,232,289,136,8,665,0,11,85,15,111,232,300,221,23,776,2,0,2,778
02/13/2002,RDU,NC,ASO,EN,Towers with Radar,232,276,120,8,636,0,20,82,3,105,232,296,202,11,741,5,0,5,746
02/14/2002,RDU,NC,ASO,EN,Towers with Radar,238,271,121,5,635,2,15,70,10,97,240,286,191,15,732,11,3,14,746
02/15/2002,RDU,NC,ASO,EN,Towers with Radar,235,280,113,11,639,0,10,98,5,113,235,290,211,16,752,0,0,0,752
02/16/2002,RDU,NC,ASO,EN,Towers with Radar,187,191,86,1,465,0,4,96,2,102,187,195,182,3,567,0,0,0,567
02/17/2002,RDU,NC,ASO,EN,Towers with Radar,191,193,67,0,451,0,1,27,0,28,191,194,94,0,479,0,0,0,479
02/18/2002,RDU,NC,ASO,EN,Towers with Radar,219,237,113,3,572,0,4,62,4,70,219,241,175,7,642,0,6,6,648
02/19/2002,RDU,NC,ASO,EN,Towers with Radar,235,273,122,6,636,0,19,90,7,116,235,292,212,13,752,0,0,0,752
02/20/2002,RDU,NC,ASO,EN,Towers with Radar,240,271,147,3,661,0,13,22,7,42,240,284,169,10,703,0,0,0,703
02/21/2002,RDU,NC,ASO,EN,Towers with Radar,245,290,130,7,672,0,7,71,15,93,245,297,201,22,765,11,8,19,784
02/22/2002,RDU,NC,ASO,EN,Towers with Radar,242,273,146,10,671,0,16,85,3,104,242,289,231,13,775,0,0,0,775
02/23/2002,RDU,NC,ASO,EN,Towers with Radar,185,206,94,5,490,9,0,32,1,42,194,206,126,6,532,0,0,0,532
02/24/2002,RDU,NC,ASO,EN,Towers with Radar,194,220,106,0,520,0,2,86,0,88,194,222,192,0,608,2,0,2,610
02/25/2002,RDU,NC,ASO,EN,Towers with Radar,223,273,126,5,627,0,9,75,4,88,223,282,201,9,715,0,0,0,715
02/26/2002,RDU,NC,ASO,EN,Towers with Radar,232,273,123,6,634,0,13,64,1,78,232,286,187,7,712,0,0,0,712
02/27/2002,RDU,NC,ASO,EN,Towers with Radar,241,298,125,8,672,0,3,48,11,62,241,301,173,19,734,0,0,0,734
02/28/2002,RDU,NC,ASO,EN,Towers with Radar,243,281,122,10,656,0,11,82,13,106,243,292,204,23,762,0,0,0,762
03/01/2002,RDU,NC,ASO,EN,Towers with Radar,240,287,132,5,664,0,0,101,20,121,240,287,233,25,785,0,0,0,785
03/02/2002,RDU,NC,ASO,EN,Towers with Radar,155,176,61,3,395,33,18,0,8,59,188,194,61,11,454,0,0,0,454
03/03/2002,RDU,NC,ASO,EN,Towers with Radar,197,222,122,1,542,0,1,6,0,7,197,223,128,1,549,0,0,0,549
03/04/2002,RDU,NC,ASO,EN,Towers with Radar,224,283,117,1,625,0,8,60,3,71,224,291,177,4,696,0,0,0,696
03/05/2002,RDU,NC,ASO,EN,Towers with Radar,240,278,107,8,633,0,15,73,14,102,240,293,180,22,735,2,0,2,737
03/06/2002,RDU,NC,ASO,EN,Towers with Radar,240,285,127,1,653,0,14,64,4,82,240,299,191,5,735,6,0,6,741
03/07/2002,RDU,NC,ASO,EN,Towers with Radar,237,284,134,5,660,0,0,98,8,106,237,284,232,13,766,2,2,4,770
03/08/2002,RDU,NC,ASO,EN,Towers with Radar,243,288,132,5,668,0,3,114,9,126,243,291,246,14,794,0,0,0,794
03/09/2002,RDU,NC,ASO,EN,Towers with Radar,179,194,93,3,469,25,0,9,1,35,204,194,102,4,504,0,0,0,504
03/10/2002,RDU,NC,ASO,EN,Towers with Radar,202,201,64,3,470,0,1,71,0,72,202,202,135,3,542,0,0,0,542
03/11/2002,RDU,NC,ASO,EN,Towers with Radar,221,267,122,5,615,0,20,84,0,104,221,287,206,5,719,0,0,0,719
03/12/2002,RDU,NC,ASO,EN,Towers with Radar,241,293,130,0,664,0,5,2,0,7,241,298,132,0,671,0,0,0,671
03/13/2002,RDU,NC,ASO,EN,Towers with Radar,254,293,132,0,679,0,1,0,0,1,254,294,132,0,680,0,0,0,680
03/14/2002,RDU,NC,ASO,EN,Towers with Radar,246,301,167,7,721,0,2,51,5,58,246,303,218,12,779,11,0,11,790
03/15/2002,RDU,NC,ASO,EN,Towers with Radar,246,291,166,13,716,0,6,57,6,69,246,297,223,19,785,10,0,10,795
03/16/2002,RDU,NC,ASO,EN,Towers with Radar,206,197,77,9,489,0,2,80,2,84,206,199,157,11,573,0,0,0,573
03/17/2002,RDU,NC,ASO,EN,Towers with Radar,196,203,121,1,521,0,1,0,0,1,196,204,121,1,522,0,0,0,522
03/18/2002,RDU,NC,ASO,EN,Towers with Radar,223,272,137,2,634,0,1,10,0,11,223,273,147,2,645,0,0,0,645
03/19/2002,RDU,NC,ASO,EN,Towers with Radar,245,297,158,9,709,0,3,15,2,20,245,300,173,11,729,0,0,0,729
03/20/2002,RDU,NC,ASO,EN,Towers with Radar,245,285,130,6,666,0,11,27,3,41,245,296,157,9,707,4,4,8,715
03/21/2002,RDU,NC,ASO,EN,Towers with Radar,250,327,163,7,747,0,4,30,6,40,250,331,193,13,787,6,0,6,793
03/22/2002,RDU,NC,ASO,EN,Towers with Radar,239,300,161,10,710,0,3,87,2,92,239,303,248,12,802,0,0,0,802
03/23/2002,RDU,NC,ASO,EN,Towers with Radar,202,203,68,5,478,0,2,97,3,102,202,205,165,8,580,0,0,0,580
03/24/2002,RDU,NC,ASO,EN,Towers with Radar,178,202,93,1,474,20,0,84,0,104,198,202,177,1,578,0,0,0,578
03/25/2002,RDU,NC,ASO,EN,Towers with Radar,226,288,107,3,624,0,4,68,0,72,226,292,175,3,696,0,0,0,696
03/26/2002,RDU,NC,ASO,EN,Towers with Radar,238,289,132,7,666,0,5,22,7,34,238,294,154,14,700,0,0,0,700
03/27/2002,RDU,NC,ASO,EN,Towers with Radar,244,317,162,5,728,0,1,105,13,119,244,318,267,18,847,16,33,49,896
03/28/2002,RDU,NC,ASO,EN,Towers with Radar,241,305,166,7,719,0,10,115,11,136,241,315,281,18,855,0,12,12,867
03/29/2002,RDU,NC,ASO,EN,Towers with Radar,242,301,89,9,641,0,15,71,6,92,242,316,160,15,733,0,0,0,733
03/30/2002,RDU,NC,ASO,EN,Towers with Radar,202,196,57,0,455,0,7,33,0,40,202,203,90,0,495,0,0,0,495
03/31/2002,RDU,NC,ASO,EN,Towers with Radar,194,182,50,0,426,0,0,1,0,1,194,182,51,0,427,0,0,0,427
04/01/2002,RDU,NC,ASO,EN,Towers with Radar,221,262,133,5,621,0,27,86,2,115,221,289,219,7,736,0,0,0,736
04/02/2002,RDU,NC,ASO,EN,Towers with Radar,241,281,115,6,643,2,11,106,27,146,243,292,221,33,789,11,13,24,813
04/03/2002,RDU,NC,ASO,EN,Towers with Radar,241,286,112,5,644,2,10,35,13,60,243,296,147,18,704,2,0,2,706
04/04/2002,RDU,NC,ASO,EN,Towers with Radar,244,289,130,6,669,2,6,89,19,116,246,295,219,25,785,19,20,39,824
04/05/2002,RDU,NC,ASO,EN,Towers with Radar,236,311,114,14,675,2,6,97,10,115,238,317,211,24,790,0,0,0,790
04/06/2002,RDU,NC,ASO,EN,Towers with Radar,187,203,105,4,499,19,0,38,9,66,206,203,143,13,565,0,0,0,565
04/07/2002,RDU,NC,ASO,EN,Towers with Radar,181,185,102,4,472,22,0,49,1,72,203,185,151,5,544,2,0,2,546
04/08/2002,RDU,NC,ASO,EN,Towers with Radar,225,254,103,3,585,2,2,48,1,53,227,256,151,4,638,0,0,0,638
04/09/2002,RDU,NC,ASO,EN,Towers with Radar,243,278,149,9,679,2,9,30,7,48,245,287,179,16,727,0,0,0,727
04/10/2002,RDU,NC,ASO,EN,Towers with Radar,238,294,159,8,699,2,2,18,7,29,240,296,177,15,728,10,4,14,742
04/11/2002,RDU,NC,ASO,EN,Towers with Radar,253,288,152,6,699,0,0,100,29,129,253,288,252,35,828,6,8,14,842
04/12/2002,RDU,NC,ASO,EN,Towers with Radar,240,278,185,9,712,1,2,14,2,19,241,280,199,11,731,0,0,0,731
04/13/2002,RDU,NC,ASO,EN,Towers with Radar,214,190,65,5,474,1,2,49,6,58,215,192,114,11,532,0,0,0,532
04/14/2002,RDU,NC,ASO,EN,Towers with Radar,194,183,109,3,489,16,0,52,0,68,210,183,161,3,557,4,0,4,561
04/15/2002,RDU,NC,ASO,EN,Towers with Radar,230,261,132,4,627,0,26,68,9,103,230,287,200,13,730,0,0,0,730
04/16/2002,RDU,NC,ASO,EN,Towers with Radar,246,276,181,3,706,1,2,88,10,101,247,278,269,13,807,14,0,14,821
04/17/2002,RDU,NC,ASO,EN,Towers with Radar,236,279,143,5,663,0,0,120,7,127,236,279,263,12,790,0,0,0,790
04/18/2002,RDU,NC,ASO,EN,Towers with Radar,262,263,169,6,700,19,10,87,14,130,281,273,256,20,830,25,2,27,857
04/19/2002,RDU,NC,ASO,EN,Towers with Radar,243,274,144,6,667,0,0,68,6,74,243,274,212,12,741,0,0,0,741
04/20/2002,RDU,NC,ASO,EN,Towers with Radar,227,209,84,4,524,1,8,74,8,91,228,217,158,12,615,0,0,0,615
04/21/2002,RDU,NC,ASO,EN,Towers with Radar,183,200,101,4,488,17,1,41,4,63,200,201,142,8,551,10,0,10,561
04/22/2002,RDU,NC,ASO,EN,Towers with Radar,221,241,122,5,589,7,20,50,1,78,228,261,172,6,667,0,0,0,667
04/23/2002,RDU,NC,ASO,EN,Towers with Radar,245,282,164,4,695,0,16,99,6,121,245,298,263,10,816,70,0,70,886
04/24/2002,RDU,NC,ASO,EN,Towers with Radar,241,280,141,5,667,0,2,101,20,123,241,282,242,25,790,9,4,13,803
04/25/2002,RDU,NC,ASO,EN,Towers with Radar,249,296,161,4,710,0,7,32,6,45,249,303,193,10,755,0,0,0,755
04/26/2002,RDU,NC,ASO,EN,Towers with Radar,251,291,146,6,694,0,10,93,7,110,251,301,239,13,804,0,0,0,804
04/27/2002,RDU,NC,ASO,EN,Towers with Radar,211,194,79,6,490,0,5,66,3,74,211,199,145,9,564,0,0,0,564
04/28/2002,RDU,NC,ASO,EN,Towers with Radar,208,156,69,2,435,0,1,18,4,23,208,157,87,6,458,0,0,0,458
04/29/2002,RDU,NC,ASO,EN,Towers with Radar,231,252,127,5,615,6,31,80,0,117,237,283,207,5,732,0,0,0,732
04/30/2002,RDU,NC,ASO,EN,Towers with Radar,245,272,153,7,677,0,9,85,11,105,245,281,238,18,782,18,4,22,804
05/01/2002,RDU,NC,ASO,EN,Towers with Radar,247,279,148,4,678,1,3,63,6,73,248,282,211,10,751,22,16,38,789
05/02/2002,RDU,NC,ASO,EN,Towers with Radar,233,235,152,8,628,1,0,36,2,39,234,235,188,10,667,0,0,0,667
05/03/2002,RDU,NC,ASO,EN,Towers with Radar,252,289,150,8,699,1,6,65,9,81,253,295,215,17,780,0,0,0,780
05/04/2002,RDU,NC,ASO,EN,Towers with Radar,227,190,65,1,483,1,1,7,0,9,228,191,72,1,492,0,0,0,492
05/05/2002,RDU,NC,ASO,EN,Towers with Radar,209,199,116,5,529,2,0,44,8,54,211,199,160,13,583,0,0,0,583
05/06/2002,RDU,NC,ASO,EN,Towers with Radar,228,265,122,10,625,1,3,79,4,87,229,268,201,14,712,0,0,0,712
05/07/2002,RDU,NC,ASO,EN,Towers with Radar,246,279,174,11,710,1,1,84,8,94,247,280,258,19,804,0,0,0,804
05/08/2002,RDU,NC,ASO,EN,Towers with Radar,248,293,156,8,705,1,4,91,5,101,249,297,247,13,806,0,0,0,806
05/09/2002,RDU,NC,ASO,EN,Towers with Radar,244,291,134,8,677,1,5,63,17,86,245,296,197,25,763,0,11,11,774
05/10/2002,RDU,NC,ASO,EN,Towers with Radar,254,295,152,6,707,0,0,83,3,86,254,295,235,9,793,0,0,0,793
05/11/2002,RDU,NC,ASO,EN,Towers with Radar,194,198,106,2,500,16,0,36,0,52,210,198,142,2,552,0,0,0,552
05/12/2002,RDU,NC,ASO,EN,Towers with Radar,210,194,103,5,512,0,0,56,0,56,210,194,159,5,568,4,0,4,572
05/13/2002,RDU,NC,ASO,EN,Towers with Radar,218,234,120,5,577,16,8,33,0,57,234,242,153,5,634,0,0,0,634
05/14/2002,RDU,NC,ASO,EN,Towers with Radar,259,287,157,5,708,0,5,71,9,85,259,292,228,14,793,0,0,0,793
05/15/2002,RDU,NC,ASO,EN,Towers with Radar,251,285,147,5,688,0,7,127,11,145,251,292,274,16,833,10,0,10,843
05/16/2002,RDU,NC,ASO,EN,Towers with Radar,251,286,192,7,736,0,13,132,23,168,251,299,324,30,904,0,1,1,905
05/17/2002,RDU,NC,ASO,EN,Towers with Radar,249,272,144,8,673,0,8,57,4,69,249,280,201,12,742,0,0,0,742
05/18/2002,RDU,NC,ASO,EN,Towers with Radar,167,177,57,3,404,52,0,0,1,53,219,177,57,4,457,0,0,0,457
05/19/2002,RDU,NC,ASO,EN,Towers with Radar,211,211,95,3,520,0,0,67,2,69,211,211,162,5,589,0,0,0,589
05/20/2002,RDU,NC,ASO,EN,Towers with Radar,225,254,130,5,614,0,15,72,14,101,225,269,202,19,715,0,6,6,721
05/21/2002,RDU,NC,ASO,EN,Towers with Radar,243,268,138,6,655,0,8,89,7,104,243,276,227,13,759,12,0,12,771
05/22/2002,RDU,NC,ASO,EN,Towers with Radar,245,269,139,6,659,0,26,98,11,135,245,295,237,17,794,0,16,16,810
05/23/2002,RDU,NC,ASO,EN,Towers with Radar,252,288,148,7,695,0,6,105,18,129,252,294,253,25,824,0,0,0,824
05/24/2002,RDU,NC,ASO,EN,Towers with Radar,247,276,142,7,672,0,5,113,8,126,247,281,255,15,798,0,0,0,798
05/25/2002,RDU,NC,ASO,EN,Towers with Radar,200,185,84,3,472,0,2,85,0,87,200,187,169,3,559,0,0,0,559
05/26/2002,RDU,NC,ASO,EN,Towers with Radar,185,162,72,1,420,0,2,77,0,79,185,164,149,1,499,0,0,0,499
05/27/2002,RDU,NC,ASO,EN,Towers with Radar,216,183,55,0,454,0,0,92,0,92,216,183,147,0,546,0,0,0,546
05/28/2002,RDU,NC,ASO,EN,Towers with Radar,216,244,126,6,592,0,28,54,12,94,216,272,180,18,686,0,0,0,686
05/29/2002,RDU,NC,ASO,EN,Towers with Radar,255,287,148,7,697,0,0,92,3,95,255,287,240,10,792,0,0,0,792
05/30/2002,RDU,NC,ASO,EN,Towers with Radar,252,283,162,6,703,0,5,24,4,33,252,288,186,10,736,2,0,2,738
05/31/2002,RDU,NC,ASO,EN,Towers with Radar,240,280,157,3,680,0,7,78,4,89,240,287,235,7,769,0,0,0,769
06/01/2002,RDU,NC,ASO,EN,Towers with Radar,229,201,61,6,497,0,7,75,2,84,229,208,136,8,581,6,0,6,587
06/02/2002,RDU,NC,ASO,EN,Towers with Radar,201,184,98,3,486,24,0,44,0,68,225,184,142,3,554,0,0,0,554
06/03/2002,RDU,NC,ASO,EN,Towers with Radar,241,243,120,5,609,0,39,84,2,125,241,282,204,7,734,10,0,10,744
06/04/2002,RDU,NC,ASO,EN,Towers with Radar,238,258,128,3,627,0,13,83,1,97,238,271,211,4,724,6,0,6,730
06/05/2002,RDU,NC,ASO,EN,Towers with Radar,246,262,125,2,635,0,6,85,2,93,246,268,210,4,728,0,0,0,728
06/06/2002,RDU,NC,ASO,EN,Towers with Radar,269,248,137,5,659,0,7,62,1,70,269,255,199,6,729,0,0,0,729
06/07/2002,RDU,NC,ASO,EN,Towers with Radar,269,270,140,5,684,0,0,45,12,57,269,270,185,17,741,0,0,0,741
06/08/2002,RDU,NC,ASO,EN,Towers with Radar,222,181,103,1,507,0,6,73,2,81,222,187,176,3,588,0,0,0,588
06/09/2002,RDU,NC,ASO,EN,Towers with Radar,201,182,98,3,484,22,0,81,5,108,223,182,179,8,592,10,2,12,604
06/10/2002,RDU,NC,ASO,EN,Towers with Radar,237,270,124,5,636,0,5,97,1,103,237,275,221,6,739,0,0,0,739
06/11/2002,RDU,NC,ASO,EN,Towers with Radar,256,269,171,3,699,0,8,95,6,109,256,277,266,9,808,0,0,0,808
06/12/2002,RDU,NC,ASO,EN,Towers with Radar,257,263,130,5,655,0,15,78,6,99,257,278,208,11,754,0,0,0,754
06/13/2002,RDU,NC,ASO,EN,Towers with Radar,262,289,159,8,718,0,7,63,4,74,262,296,222,12,792,2,7,9,801
06/14/2002,RDU,NC,ASO,EN,Towers with Radar,260,281,141,8,690,0,10,68,7,85,260,291,209,15,775,0,0,0,775
06/15/2002,RDU,NC,ASO,EN,Towers with Radar,221,181,64,2,468,0,8,77,2,87,221,189,141,4,555,0,0,0,555
06/16/2002,RDU,NC,ASO,EN,Towers with Radar,224,189,84,1,498,0,3,82,0,85,224,192,166,1,583,0,0,0,583
06/17/2002,RDU,NC,ASO,EN,Towers with Radar,237,263,138,6,644,0,5,71,4,80,237,268,209,10,724,0,0,0,724
06/18/2002,RDU,NC,ASO,EN,Towers with Radar,250,278,133,1,662,0,10,59,8,77,250,288,192,9,739,1,0,1,740
06/19/2002,RDU,NC,ASO,EN,Towers with Radar,247,268,137,5,657,0,0,106,12,118,247,268,243,17,775,0,5,5,780
06/20/2002,RDU,NC,ASO,EN,Towers with Radar,259,284,141,5,689,0,0,54,12,66,259,284,195,17,755,19,2,21,776
06/21/2002,RDU,NC,ASO,EN,Towers with Radar,257,259,120,5,641,0,7,77,6,90,257,266,197,11,731,0,0,0,731
06/22/2002,RDU,NC,ASO,EN,Towers with Radar,192,178,95,4,469,39,0,19,2,60,231,178,114,6,529,0,0,0,529
06/23/2002,RDU,NC,ASO,EN,Towers with Radar,225,182,91,0,498,0,3,58,0,61,225,185,149,0,559,18,0,18,577
06/24/2002,RDU,NC,ASO,EN,Towers with Radar,231,254,107,5,597,0,4,81,3,88,231,258,188,8,685,16,0,16,701
06/25/2002,RDU,NC,ASO,EN,Towers with Radar,246,268,131,6,651,0,19,84,3,106,246,287,215,9,757,6,0,6,763
06/26/2002,RDU,NC,ASO,EN,Towers with Radar,248,282,139,6,675,0,2,33,11,46,248,284,172,17,721,0,6,6,727
06/27/2002,RDU,NC,ASO,EN,Towers with Radar,247,254,146,14,661,0,1,25,3,29,247,255,171,17,690,0,0,0,690
06/28/2002,RDU,NC,ASO,EN,Towers with Radar,261,282,128,10,681,0,7,61,1,69,261,289,189,11,750,0,0,0,750
06/29/2002,RDU,NC,ASO,EN,Towers with Radar,197,177,96,4,474,32,0,41,0,73,229,177,137,4,547,0,0,0,547
06/30/2002,RDU,NC,ASO,EN,Towers with Radar,188,186,91,0,465,34,0,56,0,90,222,186,147,0,555,0,0,0,555
07/01/2002,RDU,NC,ASO,EN,Towers with Radar,233,263,122,5,623,3,0,65,2,70,236,263,187,7,693,0,0,0,693
07/02/2002,RDU,NC,ASO,EN,Towers with Radar,246,267,132,6,651,0,9,89,2,100,246,276,221,8,751,22,0,22,773
07/03/2002,RDU,NC,ASO,EN,Towers with Radar,254,272,150,9,685,3,7,46,5,61,257,279,196,14,746,0,0,0,746
07/04/2002,RDU,NC,ASO,EN,Towers with Radar,164,176,85,1,426,54,15,1,0,70,218,191,86,1,496,0,0,0,496
07/05/2002,RDU,NC,ASO,EN,Towers with Radar,200,206,57,3,466,2,0,67,0,69,202,206,124,3,535,0,0,0,535
07/06/2002,RDU,NC,ASO,EN,Towers with Radar,223,174,52,0,449,2,2,61,0,65,225,176,113,0,514,0,0,0,514
07/07/2002,RDU,NC,ASO,EN,Towers with Radar,225,185,84,1,495,2,0,72,1,75,227,185,156,2,570,0,0,0,570
07/08/2002,RDU,NC,ASO,EN,Towers with Radar,235,252,124,6,617,0,14,72,4,90,235,266,196,10,707,0,0,0,707
07/09/2002,RDU,NC,ASO,EN,Towers with Radar,247,249,172,8,676,2,3,67,8,80,249,252,239,16,756,12,1,13,769
07/10/2002,RDU,NC,ASO,EN,Towers with Radar,257,279,180,9,725,2,1,56,0,59,259,280,236,9,784,0,0,0,784
07/11/2002,RDU,NC,ASO,EN,Towers with Radar,262,271,164,7,704,1,0,28,3,32,263,271,192,10,736,6,4,10,746
07/12/2002,RDU,NC,ASO,EN,Towers with Radar,251,272,135,6,664,0,5,107,16,128,251,277,242,22,792,0,0,0,792
07/13/2002,RDU,NC,ASO,EN,Towers with Radar,191,182,100,5,478,40,0,29,6,75,231,182,129,11,553,0,0,0,553
07/14/2002,RDU,NC,ASO,EN,Towers with Radar,222,196,59,6,483,1,0,10,0,11,223,196,69,6,494,0,0,0,494
07/15/2002,RDU,NC,ASO,EN,Towers with Radar,236,258,138,7,639,0,0,51,16,67,236,258,189,23,706,0,0,0,706
07/16/2002,RDU,NC,ASO,EN,Towers with Radar,256,273,144,10,683,1,4,71,15,91,257,277,215,25,774,0,0,0,774
07/17/2002,RDU,NC,ASO,EN,Towers with Radar,247,277,176,10,710,1,0,87,16,104,248,277,263,26,814,0,0,0,814
07/18/2002,RDU,NC,ASO,EN,Towers with Radar,232,274,160,8,674,1,0,53,10,64,233,274,213,18,738,6,2,8,746
07/19/2002,RDU,NC,ASO,EN,Towers with Radar,228,246,127,9,610,1,1,64,6,72,229,247,191,15,682,0,0,0,682
07/20/2002,RDU,NC,ASO,EN,Towers with Radar,217,187,76,2,482,1,1,59,0,61,218,188,135,2,543,0,0,0,543
07/21/2002,RDU,NC,ASO,EN,Towers with Radar,202,191,106,5,504,0,0,53,2,55,202,191,159,7,559,0,0,0,559
07/22/2002,RDU,NC,ASO,EN,Towers with Radar,202,242,119,6,569,0,10,64,4,78,202,252,183,10,647,0,0,0,647
07/23/2002,RDU,NC,ASO,EN,Towers with Radar,220,239,121,6,586,0,0,48,1,49,220,239,169,7,635,0,0,0,635
07/24/2002,RDU,NC,ASO,EN,Towers with Radar,233,270,134,6,643,0,14,19,7,40,233,284,153,13,683,0,6,6,689
07/25/2002,RDU,NC,ASO,EN,Towers with Radar,227,266,132,6,631,0,12,27,0,39,227,278,159,6,670,0,4,4,674
07/26/2002,RDU,NC,ASO,EN,Towers with Radar,228,281,131,12,652,1,0,21,4,26,229,281,152,16,678,0,0,0,678
07/27/2002,RDU,NC,ASO,EN,Towers with Radar,174,183,91,4,452,35,0,23,0,58,209,183,114,4,510,0,0,0,510
07/28/2002,RDU,NC,ASO,EN,Towers with Radar,170,181,89,4,444,23,4,64,4,95,193,185,153,8,539,0,0,0,539
07/29/2002,RDU,NC,ASO,EN,Towers with Radar,201,228,112,5,546,0,26,103,18,147,201,254,215,23,693,0,0,0,693
07/30/2002,RDU,NC,ASO,EN,Towers with Radar,230,256,127,6,619,0,18,129,13,160,230,274,256,19,779,6,0,6,785
07/31/2002,RDU,NC,ASO,EN,Towers with Radar,219,250,124,6,599,0,31,105,18,154,219,281,229,24,753,0,0,0,753
08/01/2002,RDU,NC,ASO,EN,Towers with Radar,230,281,129,5,645,0,4,116,12,132,230,285,245,17,777,8,4,12,789
08/02/2002,RDU,NC,ASO,EN,Towers with Radar,234,264,121,5,624,0,0,53,6,59,234,264,174,11,683,16,0,16,699
08/03/2002,RDU,NC,ASO,EN,Towers with Radar,167,183,86,4,440,60,0,47,8,115,227,183,133,12,555,0,0,0,555
08/04/2002,RDU,NC,ASO,EN,Towers with Radar,173,188,89,2,452,36,0,63,0,99,209,188,152,2,551,0,0,0,551
08/05/2002,RDU,NC,ASO,EN,Towers with Radar,208,249,112,5,574,2,5,98,4,109,210,254,210,9,683,0,0,0,683
08/06/2002,RDU,NC,ASO,EN,Towers with Radar,226,259,119,5,609,0,11,86,7,104,226,270,205,12,713,0,0,0,713
08/07/2002,RDU,NC,ASO,EN,Towers with Radar,232,273,125,4,634,0,0,105,13,118,232,273,230,17,752,20,2,22,774
08/08/2002,RDU,NC,ASO,EN,Towers with Radar,235,270,124,4,633,0,15,112,7,134,235,285,236,11,767,20,2,22,789
08/09/2002,RDU,NC,ASO,EN,Towers with Radar,234,268,123,4,629,0,10,101,13,124,234,278,224,17,753,0,0,0,753
08/10/2002,RDU,NC,ASO,EN,Towers with Radar,206,182,61,6,455,2,5,117,6,130,208,187,178,12,585,0,0,0,585
08/11/2002,RDU,NC,ASO,EN,Towers with Radar,178,191,91,3,463,29,0,76,3,108,207,191,167,6,571,0,0,0,571
08/12/2002,RDU,NC,ASO,EN,Towers with Radar,209,232,106,3,550,0,28,65,11,104,209,260,171,14,654,4,0,4,658
08/13/2002,RDU,NC,ASO,EN,Towers with Radar,228,256,117,4,605,0,28,93,19,140,228,284,210,23,745,0,0,0,745
08/14/2002,RDU,NC,ASO,EN,Towers with Radar,230,276,128,4,638,0,0,105,14,119,230,276,233,18,757,35,2,37,794
08/15/2002,RDU,NC,ASO,EN,Towers with Radar,232,279,139,1,651,2,1,26,13,42,234,280,165,14,693,4,0,4,697
08/16/2002,RDU,NC,ASO,EN,Towers with Radar,233,274,127,4,638,0,0,57,6,63,233,274,184,10,701,0,0,0,701
08/17/2002,RDU,NC,ASO,EN,Towers with Radar,174,181,89,1,445,39,0,36,0,75,213,181,125,1,520,0,0,0,520
08/18/2002,RDU,NC,ASO,EN,Towers with Radar,165,183,84,2,434,34,0,38,2,74,199,183,122,4,508,0,0,0,508
08/19/2002,RDU,NC,ASO,EN,Towers with Radar,221,247,113,4,585,0,14,62,1,77,221,261,175,5,662,0,0,0,662
08/20/2002,RDU,NC,ASO,EN,Towers with Radar,226,267,122,4,619,0,35,85,4,124,226,302,207,8,743,0,0,0,743
08/21/2002,RDU,NC,ASO,EN,Towers with Radar,231,276,127,4,638,0,5,96,5,106,231,281,223,9,744,13,8,21,765
08/22/2002,RDU,NC,ASO,EN,Towers with Radar,227,298,137,4,666,0,0,125,13,138,227,298,262,17,804,0,0,0,804
08/23/2002,RDU,NC,ASO,EN,Towers with Radar,236,275,125,0,636,0,2,75,0,77,236,277,200,0,713,0,0,0,713
08/24/2002,RDU,NC,ASO,EN,Towers with Radar,160,176,81,3,420,41,9,46,1,97,201,185,127,4,517,0,0,0,517
08/25/2002,RDU,NC,ASO,EN,Towers with Radar,182,200,92,0,474,24,0,52,0,76,206,200,144,0,550,0,0,0,550
08/26/2002,RDU,NC,ASO,EN,Towers with Radar,212,262,119,5,598,0,3,20,6,29,212,265,139,11,627,0,0,0,627
08/27/2002,RDU,NC,ASO,EN,Towers with Radar,226,260,119,5,610,0,11,13,3,27,226,271,132,8,637,0,0,0,637
08/28/2002,RDU,NC,ASO,EN,Towers with Radar,228,254,116,1,599,0,13,1,0,14,228,267,117,1,613,0,0,0,613
08/29/2002,RDU,NC,ASO,EN,Towers with Radar,230,286,131,5,652,0,5,5,2,12,230,291,136,7,664,0,0,0,664
08/30/2002,RDU,NC,ASO,EN,Towers with Radar,231,266,119,1,617,0,14,0,0,14,231,280,119,1,631,0,0,0,631
08/31/2002,RDU,NC,ASO,EN,Towers with Radar,201,182,59,0,442,1,1,0,0,2,202,183,59,0,444,0,0,0,444
09/01/2002,RDU,NC,ASO,EN,Towers with Radar,168,156,29,0,353,0,0,0,0,0,168,156,29,0,353,0,0,0,353
09/02/2002,RDU,NC,ASO,EN,Towers with Radar,190,185,78,0,453,0,0,14,0,14,190,185,92,0,467,0,0,0,467
09/03/2002,RDU,NC,ASO,EN,Towers with Radar,202,253,119,3,577,0,11,102,7,120,202,264,221,10,697,0,1,1,698
09/04/2002,RDU,NC,ASO,EN,Towers with Radar,227,265,131,6,629,0,5,86,6,97,227,270,217,12,726,6,22,28,754
09/05/2002,RDU,NC,ASO,EN,Towers with Radar,231,269,140,7,647,0,8,102,5,115,231,277,242,12,762,0,0,0,762
09/06/2002,RDU,NC,ASO,EN,Towers with Radar,234,267,113,6,620,0,7,118,12,137,234,274,231,18,757,0,0,0,757
09/07/2002,RDU,NC,ASO,EN,Towers with Radar,204,180,72,3,459,0,8,102,13,123,204,188,174,16,582,0,2,2,584
09/08/2002,RDU,NC,ASO,EN,Towers with Radar,201,194,63,1,459,0,6,68,12,86,201,200,131,13,545,10,0,10,555
09/09/2002,RDU,NC,ASO,EN,Towers with Radar,207,269,120,1,597,0,0,72,9,81,207,269,192,10,678,0,0,0,678
09/10/2002,RDU,NC,ASO,EN,Towers with Radar,215,236,147,5,603,0,7,40,4,51,215,243,187,9,654,0,0,0,654
09/11/2002,RDU,NC,ASO,EN,Towers with Radar,197,236,100,6,539,1,11,84,11,107,198,247,184,17,646,3,0,3,649
09/12/2002,RDU,NC,ASO,EN,Towers with Radar,224,296,122,8,650,0,8,107,16,131,224,304,229,24,781,0,0,0,781
09/13/2002,RDU,NC,ASO,EN,Towers with Radar,229,288,123,7,647,0,6,97,8,111,229,294,220,15,758,0,0,0,758
09/14/2002,RDU,NC,ASO,EN,Towers with Radar,201,184,55,5,445,0,2,3,1,6,201,186,58,6,451,0,0,0,451
09/15/2002,RDU,NC,ASO,EN,Towers with Radar,196,192,98,8,494,0,0,4,0,4,196,192,102,8,498,0,0,0,498
09/16/2002,RDU,NC,ASO,EN,Towers with Radar,210,261,130,2,603,0,0,24,2,26,210,261,154,4,629,0,0,0,629
09/17/2002,RDU,NC,ASO,EN,Towers with Radar,228,293,118,6,645,0,7,80,7,94,228,300,198,13,739,0,0,0,739
09/18/2002,RDU,NC,ASO,EN,Towers with Radar,227,298,157,6,688,0,1,25,3,29,227,299,182,9,717,0,2,2,719
09/19/2002,RDU,NC,ASO,EN,Towers with Radar,224,292,132,2,650,0,5,66,9,80,224,297,198,11,730,0,0,0,730
09/20/2002,RDU,NC,ASO,EN,Towers with Radar,233,267,140,4,644,0,12,75,5,92,233,279,215,9,736,12,0,12,748
09/21/2002,RDU,NC,ASO,EN,Towers with Radar,199,181,50,1,431,0,5,105,2,112,199,186,155,3,543,0,0,0,543
09/22/2002,RDU,NC,ASO,EN,Towers with Radar,194,214,82,3,493,0,0,93,1,94,194,214,175,4,587,0,0,0,587
09/23/2002,RDU,NC,ASO,EN,Towers with Radar,208,269,129,6,612,0,2,34,7,43,208,271,163,13,655,0,0,0,655
09/24/2002,RDU,NC,ASO,EN,Towers with Radar,224,290,127,7,648,0,4,75,6,85,224,294,202,13,733,0,0,0,733
09/25/2002,RDU,NC,ASO,EN,Towers with Radar,223,293,150,5,671,0,3,52,6,61,223,296,202,11,732,4,2,6,738
09/26/2002,RDU,NC,ASO,EN,Towers with Radar,229,295,172,2,698,0,1,0,0,1,229,296,172,2,699,0,0,0,699
09/27/2002,RDU,NC,ASO,EN,Towers with Radar,234,303,130,2,669,0,2,19,10,31,234,305,149,12,700,2,0,2,702
09/28/2002,RDU,NC,ASO,EN,Towers with Radar,201,177,80,2,460,0,1,56,1,58,201,178,136,3,518,38,0,38,556
09/29/2002,RDU,NC,ASO,EN,Towers with Radar,190,188,92,1,471,0,2,100,0,102,190,190,192,1,573,0,0,0,573
09/30/2002,RDU,NC,ASO,EN,Towers with Radar,207,270,118,2,597,0,2,51,8,61,207,272,169,10,658,0,0,0,658
10/01/2002,RDU,NC,ASO,EN,Towers with Radar,221,273,157,5,656,3,6,95,10,114,224,279,252,15,770,0,0,0,770
10/02/2002,RDU,NC,ASO,EN,Towers with Radar,225,278,129,2,634,3,4,94,9,110,228,282,223,11,744,0,0,0,744
10/03/2002,RDU,NC,ASO,EN,Towers with Radar,226,270,134,2,632,3,6,88,9,106,229,276,222,11,738,25,6,31,769
10/04/2002,RDU,NC,ASO,EN,Towers with Radar,218,272,115,6,611,3,10,71,9,93,221,282,186,15,704,0,0,0,704
10/05/2002,RDU,NC,ASO,EN,Towers with Radar,198,206,72,0,476,3,6,87,7,103,201,212,159,7,579,0,0,0,579
10/06/2002,RDU,NC,ASO,EN,Towers with Radar,171,184,103,2,460,23,0,61,4,88,194,184,164,6,548,0,0,0,548
10/07/2002,RDU,NC,ASO,EN,Towers with Radar,201,261,127,2,591,3,3,55,7,68,204,264,182,9,659,0,0,0,659
10/08/2002,RDU,NC,ASO,EN,Towers with Radar,223,265,156,5,649,3,9,69,7,88,226,274,225,12,737,10,0,10,747
10/09/2002,RDU,NC,ASO,EN,Towers with Radar,221,273,137,3,634,0,18,65,14,97,221,291,202,17,731,0,0,0,731
10/10/2002,RDU,NC,ASO,EN,Towers with Radar,223,290,157,3,673,0,0,66,8,74,223,290,223,11,747,0,0,0,747
10/11/2002,RDU,NC,ASO,EN,Towers with Radar,223,291,129,2,645,3,1,0,0,4,226,292,129,2,649,0,0,0,649
10/12/2002,RDU,NC,ASO,EN,Towers with Radar,199,196,92,6,493,3,1,35,2,41,202,197,127,8,534,0,0,0,534
10/13/2002,RDU,NC,ASO,EN,Towers with Radar,194,184,116,4,498,3,1,2,1,7,197,185,118,5,505,0,0,0,505
10/14/2002,RDU,NC,ASO,EN,Towers with Radar,202,247,117,2,568,3,5,53,2,63,205,252,170,4,631,0,0,0,631
10/15/2002,RDU,NC,ASO,EN,Towers with Radar,219,262,132,2,615,0,13,5,4,22,219,275,137,6,637,0,0,0,637
10/16/2002,RDU,NC,ASO,EN,Towers with Radar,226,274,142,3,645,0,0,22,4,26,226,274,164,7,671,0,0,0,671
10/17/2002,RDU,NC,ASO,EN,Towers with Radar,224,265,148,2,639,3,12,81,23,119,227,277,229,25,758,8,6,14,772
10/18/2002,RDU,NC,ASO,EN,Towers with Radar,220,262,91,3,576,3,14,109,16,142,223,276,200,19,718,0,0,0,718
10/19/2002,RDU,NC,ASO,EN,Towers with Radar,206,167,60,7,440,3,14,122,4,143,209,181,182,11,583,0,0,0,583
10/20/2002,RDU,NC,ASO,EN,Towers with Radar,169,171,102,2,444,24,0,52,0,76,193,171,154,2,520,0,0,0,520
10/21/2002,RDU,NC,ASO,EN,Towers with Radar,201,264,139,3,607,3,1,3,1,8,204,265,142,4,615,0,0,0,615
10/22/2002,RDU,NC,ASO,EN,Towers with Radar,219,282,145,2,648,3,4,11,8,26,222,286,156,10,674,0,0,0,674
10/23/2002,RDU,NC,ASO,EN,Towers with Radar,223,267,138,2,630,2,6,85,21,114,225,273,223,23,744,3,0,3,747
10/24/2002,RDU,NC,ASO,EN,Towers with Radar,225,289,153,3,670,0,0,40,3,43,225,289,193,6,713,2,2,4,717
10/25/2002,RDU,NC,ASO,EN,Towers with Radar,232,289,176,3,700,2,2,1,0,5,234,291,177,3,705,0,0,0,705
10/26/2002,RDU,NC,ASO,EN,Towers with Radar,203,182,78,0,463,2,5,78,6,91,205,187,156,6,554,11,0,11,565
10/27/2002,RDU,NC,ASO,EN,Towers with Radar,187,209,121,2,519,2,2,69,0,73,189,211,190,2,592,0,0,0,592
10/28/2002,RDU,NC,ASO,EN,Towers with Radar,200,269,116,0,585,2,3,0,0,5,202,272,116,0,590,0,0,0,590
10/29/2002,RDU,NC,ASO,EN,Towers with Radar,220,259,118,2,599,6,51,0,0,57,226,310,118,2,656,0,0,0,656
10/30/2002,RDU,NC,ASO,EN,Towers with Radar,225,279,151,4,659,2,1,1,1,5,227,280,152,5,664,0,0,0,664
10/31/2002,RDU,NC,ASO,EN,Towers with Radar,229,287,144,3,663,0,20,49,9,78,229,307,193,12,741,0,0,0,741
11/01/2002,RDU,NC,ASO,EN,Towers with Radar,224,279,130,8,641,2,14,117,6,139,226,293,247,14,780,0,0,0,780
11/02/2002,RDU,NC,ASO,EN,Towers with Radar,162,184,86,4,436,46,3,80,12,141,208,187,166,16,577,11,2,13,590
11/03/2002,RDU,NC,ASO,EN,Towers with Radar,179,187,95,4,465,0,0,100,3,103,179,187,195,7,568,0,0,0,568
11/04/2002,RDU,NC,ASO,EN,Towers with Radar,206,256,139,4,605,2,7,44,10,63,208,263,183,14,668,0,0,0,668
11/05/2002,RDU,NC,ASO,EN,Towers with Radar,218,264,121,3,606,0,8,19,0,27,218,272,140,3,633,0,0,0,633
11/06/2002,RDU,NC,ASO,EN,Towers with Radar,229,283,139,4,655,2,6,24,11,43,231,289,163,15,698,0,0,0,698
11/07/2002,RDU,NC,ASO,EN,Towers with Radar,219,283,129,11,642,2,13,119,23,157,221,296,248,34,799,0,0,0,799
11/08/2002,RDU,NC,ASO,EN,Towers with Radar,227,273,125,5,630,0,10,115,11,136,227,283,240,16,766,2,1,3,769
11/09/2002,RDU,NC,ASO,EN,Towers with Radar,161,166,85,4,416,28,0,60,5,93,189,166,145,9,509,0,0,0,509
11/10/2002,RDU,NC,ASO,EN,Towers with Radar,175,170,92,4,441,2,0,66,7,75,177,170,158,11,516,0,0,0,516
11/11/2002,RDU,NC,ASO,EN,Towers with Radar,210,204,64,0,478,2,4,0,0,6,212,208,64,0,484,0,0,0,484
11/12/2002,RDU,NC,ASO,EN,Towers with Radar,217,270,107,1,595,2,4,0,0,6,219,274,107,1,601,0,0,0,601
11/13/2002,RDU,NC,ASO,EN,Towers with Radar,224,275,126,5,630,0,12,38,19,69,224,287,164,24,699,0,0,0,699
11/14/2002,RDU,NC,ASO,EN,Towers with Radar,227,292,156,15,690,2,9,119,13,143,229,301,275,28,833,6,10,16,849
11/15/2002,RDU,NC,ASO,EN,Towers with Radar,229,274,126,5,634,0,20,93,14,127,229,294,219,19,761,0,0,0,761
11/16/2002,RDU,NC,ASO,EN,Towers with Radar,196,177,33,0,406,2,5,0,0,7,198,182,33,0,413,0,0,0,413
11/17/2002,RDU,NC,ASO,EN,Towers with Radar,186,182,61,6,435,2,4,0,0,6,188,186,61,6,441,0,0,0,441
11/18/2002,RDU,NC,ASO,EN,Towers with Radar,206,265,116,2,589,2,14,83,13,112,208,279,199,15,701,0,0,0,701
11/19/2002,RDU,NC,ASO,EN,Towers with Radar,218,281,128,4,631,0,21,82,19,122,218,302,210,23,753,0,0,0,753
11/20/2002,RDU,NC,ASO,EN,Towers with Radar,223,274,127,4,628,0,0,137,9,146,223,274,264,13,774,0,0,0,774
11/21/2002,RDU,NC,ASO,EN,Towers with Radar,226,278,127,4,635,0,0,41,24,65,226,278,168,28,700,5,5,10,710
11/22/2002,RDU,NC,ASO,EN,Towers with Radar,223,279,128,4,634,0,14,59,8,81,223,293,187,12,715,0,0,0,715
11/23/2002,RDU,NC,ASO,EN,Towers with Radar,161,182,85,2,430,35,0,70,0,105,196,182,155,2,535,0,0,0,535
11/24/2002,RDU,NC,ASO,EN,Towers with Radar,169,185,89,2,445,12,0,136,0,148,181,185,225,2,593,0,0,0,593
11/25/2002,RDU,NC,ASO,EN,Towers with Radar,206,250,115,4,575,0,25,86,19,130,206,275,201,23,705,0,0,0,705
11/26/2002,RDU,NC,ASO,EN,Towers with Radar,217,270,154,3,644,2,10,85,9,106,219,280,239,12,750,1,13,14,764
11/27/2002,RDU,NC,ASO,EN,Towers with Radar,219,266,117,1,603,2,18,58,9,87,221,284,175,10,690,0,0,0,690
11/28/2002,RDU,NC,ASO,EN,Towers with Radar,165,151,49,0,365,2,5,30,0,37,167,156,79,0,402,0,0,0,402
11/29/2002,RDU,NC,ASO,EN,Towers with Radar,147,164,52,1,364,2,7,55,0,64,149,171,107,1,428,0,0,0,428
11/30/2002,RDU,NC,ASO,EN,Towers with Radar,175,177,49,0,401,2,5,55,0,62,177,182,104,0,463,0,0,0,463
12/01/2002,RDU,NC,ASO,EN,Towers with Radar,179,198,133,4,514,0,3,63,0,66,179,201,196,4,580,0,0,0,580
12/02/2002,RDU,NC,ASO,EN,Towers with Radar,202,266,131,3,602,0,3,67,8,78,202,269,198,11,680,0,0,0,680
12/03/2002,RDU,NC,ASO,EN,Towers with Radar,233,283,101,6,623,0,6,77,18,101,233,289,178,24,724,8,0,8,732
12/04/2002,RDU,NC,ASO,EN,Towers with Radar,184,211,93,0,488,0,7,30,2,39,184,218,123,2,527,6,16,22,549
12/05/2002,RDU,NC,ASO,EN,Towers with Radar,139,155,44,5,343,0,0,4,0,4,139,155,48,5,347,0,0,0,347
12/06/2002,RDU,NC,ASO,EN,Towers with Radar,217,283,117,5,622,0,6,61,6,73,217,289,178,11,695,0,0,0,695
12/07/2002,RDU,NC,ASO,EN,Towers with Radar,188,194,65,0,447,0,1,81,2,84,188,195,146,2,531,0,0,0,531
12/08/2002,RDU,NC,ASO,EN,Towers with Radar,199,177,73,1,450,0,1,59,3,63,199,178,132,4,513,0,0,0,513
12/09/2002,RDU,NC,ASO,EN,Towers with Radar,199,269,87,0,555,0,2,60,14,76,199,271,147,14,631,8,0,8,639
12/10/2002,RDU,NC,ASO,EN,Towers with Radar,220,286,128,1,635,0,6,11,2,19,220,292,139,3,654,20,0,20,674
12/11/2002,RDU,NC,ASO,EN,Towers with Radar,228,260,113,4,605,0,0,4,5,9,228,260,117,9,614,0,0,0,614
12/12/2002,RDU,NC,ASO,EN,Towers with Radar,229,289,145,4,667,0,5,78,16,99,229,294,223,20,766,0,0,0,766
12/13/2002,RDU,NC,ASO,EN,Towers with Radar,227,283,82,0,592,0,2,5,1,8,227,285,87,1,600,0,0,0,600
12/14/2002,RDU,NC,ASO,EN,Towers with Radar,163,182,67,2,414,28,1,19,0,48,191,183,86,2,462,0,0,0,462
12/15/2002,RDU,NC,ASO,EN,Towers with Radar,178,177,61,0,416,0,2,96,0,98,178,179,157,0,514,0,0,0,514
12/16/2002,RDU,NC,ASO,EN,Towers with Radar,202,261,118,8,589,0,1,84,12,97,202,262,202,20,686,6,0,6,692
12/17/2002,RDU,NC,ASO,EN,Towers with Radar,225,280,132,6,643,0,13,95,14,122,225,293,227,20,765,0,0,0,765
12/18/2002,RDU,NC,ASO,EN,Towers with Radar,236,291,161,5,693,0,3,81,11,95,236,294,242,16,788,0,0,0,788
12/19/2002,RDU,NC,ASO,EN,Towers with Radar,236,275,181,10,702,0,3,13,4,20,236,278,194,14,722,0,0,0,722
12/20/2002,RDU,NC,ASO,EN,Towers with Radar,238,274,99,3,614,0,15,0,7,22,238,289,99,10,636,0,0,0,636
12/21/2002,RDU,NC,ASO,EN,Towers with Radar,191,187,54,0,432,0,4,82,0,86,191,191,136,0,518,0,0,0,518
12/22/2002,RDU,NC,ASO,EN,Towers with Radar,183,179,49,0,411,0,5,62,0,67,183,184,111,0,478,0,0,0,478
12/23/2002,RDU,NC,ASO,EN,Towers with Radar,195,237,58,6,496,0,6,109,10,125,195,243,167,16,621,0,0,0,621
12/24/2002,RDU,NC,ASO,EN,Towers with Radar,199,232,39,0,470,0,4,6,0,10,199,236,45,0,480,0,0,0,480
12/25/2002,RDU,NC,ASO,EN,Towers with Radar,167,145,7,0,319,0,0,10,0,10,167,145,17,0,329,0,0,0,329
12/26/2002,RDU,NC,ASO,EN,Towers with Radar,209,194,61,0,464,0,2,63,0,65,209,196,124,0,529,0,0,0,529
12/27/2002,RDU,NC,ASO,EN,Towers with Radar,208,234,87,2,531,4,11,89,0,104,212,245,176,2,635,0,0,0,635
12/28/2002,RDU,NC,ASO,EN,Towers with Radar,157,177,65,0,399,25,2,50,0,77,182,179,115,0,476,0,0,0,476
12/29/2002,RDU,NC,ASO,EN,Towers with Radar,184,178,36,0,398,0,3,100,0,103,184,181,136,0,501,0,0,0,501
12/30/2002,RDU,NC,ASO,EN,Towers with Radar,193,216,56,5,470,0,0,69,6,75,193,216,125,11,545,0,0,0,545
12/31/2002,RDU,NC,ASO,EN,Towers with Radar,199,204,64,0,467,0,1,42,2,45,199,205,106,2,512,2,0,2,514
01/01/2003,RDU,NC,ASO,EN,Towers with Radar,168,166,49,0,383,0,0,6,0,6,168,166,55,0,389,0,0,0,389
01/02/2003,RDU,NC,ASO,EN,Towers with Radar,195,220,94,3,512,0,0,0,0,0,195,220,94,3,512,0,0,0,512
01/03/2003,RDU,NC,ASO,EN,Towers with Radar,215,249,64,0,528,0,0,8,0,8,215,249,72,0,536,0,0,0,536
01/04/2003,RDU,NC,ASO,EN,Towers with Radar,187,155,51,2,395,0,2,99,2,103,187,157,150,4,498,2,2,4,502
01/05/2003,RDU,NC,ASO,EN,Towers with Radar,172,160,60,4,396,0,2,70,0,72,172,162,130,4,468,16,0,16,484
01/06/2003,RDU,NC,ASO,EN,Towers with Radar,200,242,84,1,527,0,1,60,5,66,200,243,144,6,593,12,0,12,605
01/07/2003,RDU,NC,ASO,EN,Towers with Radar,204,285,106,3,598,0,6,58,15,79,204,291,164,18,677,0,0,0,677
01/08/2003,RDU,NC,ASO,EN,Towers with Radar,205,278,92,5,580,0,14,55,11,80,205,292,147,16,660,0,10,10,670
01/09/2003,RDU,NC,ASO,EN,Towers with Radar,210,270,90,4,574,0,18,80,9,107,210,288,170,13,681,16,7,23,704
01/10/2003,RDU,NC,ASO,EN,Towers with Radar,208,272,73,0,553,0,3,101,9,113,208,275,174,9,666,0,0,0,666
01/11/2003,RDU,NC,ASO,EN,Towers with Radar,172,155,66,3,396,0,4,83,16,103,172,159,149,19,499,0,0,0,499
01/12/2003,RDU,NC,ASO,EN,Towers with Radar,163,176,56,1,396,0,2,70,21,93,163,178,126,22,489,6,2,8,497
01/13/2003,RDU,NC,ASO,EN,Towers with Radar,190,269,106,5,570,0,4,62,8,74,190,273,168,13,644,0,20,20,664
01/14/2003,RDU,NC,ASO,EN,Towers with Radar,205,245,111,3,564,0,3,75,28,106,205,248,186,31,670,0,8,8,678
01/15/2003,RDU,NC,ASO,EN,Towers with Radar,209,293,84,5,591,0,4,68,9,81,209,297,152,14,672,0,2,2,674
01/16/2003,RDU,NC,ASO,EN,Towers with Radar,203,283,184,2,672,0,7,62,14,83,203,290,246,16,755,0,0,0,755
01/17/2003,RDU,NC,ASO,EN,Towers with Radar,213,287,74,2,576,0,7,40,5,52,213,294,114,7,628,10,2,12,640
01/18/2003,RDU,NC,ASO,EN,Towers with Radar,171,145,41,0,357,0,11,69,7,87,171,156,110,7,444,0,0,0,444
01/19/2003,RDU,NC,ASO,EN,Towers with Radar,164,176,36,2,378,0,3,57,2,62,164,179,93,4,440,0,0,0,440
01/20/2003,RDU,NC,ASO,EN,Towers with Radar,190,225,75,0,490,0,5,45,1,51,190,230,120,1,541,0,0,0,541
01/21/2003,RDU,NC,ASO,EN,Towers with Radar,201,254,96,3,554,0,1,13,3,17,201,255,109,6,571,0,18,18,589
01/22/2003,RDU,NC,ASO,EN,Towers with Radar,202,271,128,2,603,0,4,73,14,91,202,275,201,16,694,0,0,0,694
01/23/2003,RDU,NC,ASO,EN,Towers with Radar,198,264,61,1,524,0,1,11,4,16,198,265,72,5,540,0,0,0,540
01/24/2003,RDU,NC,ASO,EN,Towers with Radar,213,287,75,4,579,0,10,51,3,64,213,297,126,7,643,0,0,0,643
01/25/2003,RDU,NC,ASO,EN,Towers with Radar,165,169,51,0,385,0,3,74,2,79,165,172,125,2,464,0,0,0,464
01/26/2003,RDU,NC,ASO,EN,Towers with Radar,163,175,44,2,384,0,6,53,2,61,163,181,97,4,445,6,0,6,451
01/27/2003,RDU,NC,ASO,EN,Towers with Radar,185,260,69,0,514,0,1,44,0,45,185,261,113,0,559,0,0,0,559
01/28/2003,RDU,NC,ASO,EN,Towers with Radar,195,272,114,9,590,0,9,55,5,69,195,281,169,14,659,2,0,2,661
01/29/2003,RDU,NC,ASO,EN,Towers with Radar,197,261,117,1,576,0,7,21,12,40,197,268,138,13,616,2,13,15,631
01/30/2003,RDU,NC,ASO,EN,Towers with Radar,209,272,114,2,597,0,0,0,0,0,209,272,114,2,597,0,0,0,597
01/31/2003,RDU,NC,ASO,EN,Towers with Radar,210,266,117,2,595,0,0,0,0,0,210,266,117,2,595,0,0,0,595
02/01/2003,RDU,NC,ASO,EN,Towers with Radar,164,158,71,3,396,1,0,38,3,42,165,158,109,6,438,14,8,22,460
02/02/2003,RDU,NC,ASO,EN,Towers with Radar,160,163,70,8,401,1,0,113,1,115,161,163,183,9,516,0,0,0,516
02/03/2003,RDU,NC,ASO,EN,Towers with Radar,189,235,94,2,520,0,33,55,8,96,189,268,149,10,616,4,12,16,632
02/04/2003,RDU,NC,ASO,EN,Towers with Radar,204,272,74,1,551,1,6,20,2,29,205,278,94,3,580,0,0,0,580
02/05/2003,RDU,NC,ASO,EN,Towers with Radar,207,278,89,5,579,1,7,95,8,111,208,285,184,13,690,0,0,0,690
02/06/2003,RDU,NC,ASO,EN,Towers with Radar,203,262,126,1,592,1,6,24,3,34,204,268,150,4,626,0,0,0,626
02/07/2003,RDU,NC,ASO,EN,Towers with Radar,205,242,135,8,590,1,2,18,3,24,206,244,153,11,614,0,0,0,614
02/08/2003,RDU,NC,ASO,EN,Towers with Radar,162,159,59,0,380,1,4,98,0,103,163,163,157,0,483,0,0,0,483
02/09/2003,RDU,NC,ASO,EN,Towers with Radar,161,185,66,3,415,1,1,62,0,64,162,186,128,3,479,8,0,8,487
02/10/2003,RDU,NC,ASO,EN,Towers with Radar,194,254,79,2,529,0,1,7,0,8,194,255,86,2,537,0,0,0,537
02/11/2003,RDU,NC,ASO,EN,Towers with Radar,210,283,111,4,608,0,6,78,11,95,210,289,189,15,703,0,5,5,708
02/12/2003,RDU,NC,ASO,EN,Towers with Radar,213,288,91,7,599,0,8,58,4,70,213,296,149,11,669,0,0,0,669
02/13/2003,RDU,NC,ASO,EN,Towers with Radar,218,284,130,2,634,0,6,115,3,124,218,290,245,5,758,4,13,17,775
02/14/2003,RDU,NC,ASO,EN,Towers with Radar,220,259,116,0,595,0,3,55,0,58,220,262,171,0,653,0,0,0,653
02/15/2003,RDU,NC,ASO,EN,Towers with Radar,168,150,61,1,380,0,0,10,0,10,168,150,71,1,390,0,0,0,390
02/16/2003,RDU,NC,ASO,EN,Towers with Radar,87,63,9,0,159,0,0,1,0,1,87,63,10,0,160,0,0,0,160
02/17/2003,RDU,NC,ASO,EN,Towers with Radar,138,86,51,0,275,0,0,1,0,1,138,86,52,0,276,0,0,0,276
02/18/2003,RDU,NC,ASO,EN,Towers with Radar,191,214,116,0,521,0,5,33,0,38,191,219,149,0,559,0,0,0,559
02/19/2003,RDU,NC,ASO,EN,Towers with Radar,219,295,155,1,670,0,7,70,12,89,219,302,225,13,759,0,0,0,759
02/20/2003,RDU,NC,ASO,EN,Towers with Radar,214,283,142,3,642,0,5,67,1,73,214,288,209,4,715,0,0,0,715
02/21/2003,RDU,NC,ASO,EN,Towers with Radar,217,260,110,2,589,0,3,32,1,36,217,263,142,3,625,0,0,0,625
02/22/2003,RDU,NC,ASO,EN,Towers with Radar,183,141,36,1,361,0,0,0,0,0,183,141,36,1,361,0,0,0,361
02/23/2003,RDU,NC,ASO,EN,Towers with Radar,176,161,58,1,396,0,0,14,1,15,176,161,72,2,411,0,0,0,411
02/24/2003,RDU,NC,ASO,EN,Towers with Radar,191,269,70,0,530,0,5,64,0,69,191,274,134,0,599,0,0,0,599
02/25/2003,RDU,NC,ASO,EN,Towers with Radar,212,272,126,0,610,0,16,81,1,98,212,288,207,1,708,0,0,0,708
02/26/2003,RDU,NC,ASO,EN,Towers with Radar,199,248,78,0,525,0,5,8,1,14,199,253,86,1,539,12,8,20,559
02/27/2003,RDU,NC,ASO,EN,Towers with Radar,209,238,90,0,537,0,0,0,0,0,209,238,90,0,537,0,0,0,537
02/28/2003,RDU,NC,ASO,EN,Towers with Radar,222,295,128,0,645,0,0,3,4,7,222,295,131,4,652,0,20,20,672
03/01/2003,RDU,NC,ASO,EN,Towers with Radar,172,170,75,0,417,1,0,5,0,6,173,170,80,0,423,0,0,0,423
03/02/2003,RDU,NC,ASO,EN,Towers with Radar,164,177,80,0,421,0,1,57,0,58,164,178,137,0,479,0,0,0,479
03/03/2003,RDU,NC,ASO,EN,Towers with Radar,191,271,78,0,540,0,4,100,4,108,191,275,178,4,648,6,4,10,658
03/04/2003,RDU,NC,ASO,EN,Towers with Radar,198,283,114,2,597,0,11,104,4,119,198,294,218,6,716,2,0,2,718
03/05/2003,RDU,NC,ASO,EN,Towers with Radar,206,293,136,0,635,0,3,33,1,37,206,296,169,1,672,9,6,15,687
03/06/2003,RDU,NC,ASO,EN,Towers with Radar,198,246,121,2,567,0,4,24,5,33,198,250,145,7,600,0,0,0,600
03/07/2003,RDU,NC,ASO,EN,Towers with Radar,219,294,138,6,657,0,3,40,3,46,219,297,178,9,703,0,0,0,703
03/08/2003,RDU,NC,ASO,EN,Towers with Radar,176,169,55,6,406,0,4,133,3,140,176,173,188,9,546,0,0,0,546
03/09/2003,RDU,NC,ASO,EN,Towers with Radar,161,181,79,3,424,0,3,108,0,111,161,184,187,3,535,18,0,18,553
03/10/2003,RDU,NC,ASO,EN,Towers with Radar,189,282,116,1,588,0,5,86,7,98,189,287,202,8,686,0,0,0,686
03/11/2003,RDU,NC,ASO,EN,Towers with Radar,200,303,118,3,624,0,3,44,7,54,200,306,162,10,678,0,4,4,682
03/12/2003,RDU,NC,ASO,EN,Towers with Radar,207,286,135,0,628,0,4,87,4,95,207,290,222,4,723,6,0,6,729
03/13/2003,RDU,NC,ASO,EN,Towers with Radar,207,289,117,14,627,0,3,46,8,57,207,292,163,22,684,3,4,7,691
03/14/2003,RDU,NC,ASO,EN,Towers with Radar,215,280,117,1,613,0,3,79,1,83,215,283,196,2,696,0,0,0,696
03/15/2003,RDU,NC,ASO,EN,Towers with Radar,178,169,49,0,396,0,3,12,3,18,178,172,61,3,414,10,0,10,424
03/16/2003,RDU,NC,ASO,EN,Towers with Radar,159,179,68,1,407,0,0,4,0,4,159,179,72,1,411,0,0,0,411
03/17/2003,RDU,NC,ASO,EN,Towers with Radar,192,283,112,2,589,0,10,7,4,21,192,293,119,6,610,0,0,0,610
03/18/2003,RDU,NC,ASO,EN,Towers with Radar,210,295,109,0,614,0,1,12,0,13,210,296,121,0,627,2,0,2,629
03/19/2003,RDU,NC,ASO,EN,Towers with Radar,205,294,136,3,638,0,3,4,0,7,205,297,140,3,645,0,0,0,645
03/20/2003,RDU,NC,ASO,EN,Towers with Radar,211,271,88,3,573,0,0,1,0,1,211,271,89,3,574,0,0,0,574
03/21/2003,RDU,NC,ASO,EN,Towers with Radar,221,278,97,7,603,0,3,24,4,31,221,281,121,11,634,0,0,0,634
03/22/2003,RDU,NC,ASO,EN,Towers with Radar,150,180,77,2,409,23,0,111,1,135,173,180,188,3,544,6,0,6,550
03/23/2003,RDU,NC,ASO,EN,Towers with Radar,166,192,95,3,456,0,1,96,0,97,166,193,191,3,553,6,0,6,559
03/24/2003,RDU,NC,ASO,EN,Towers with Radar,191,288,107,0,586,0,2,79,4,85,191,290,186,4,671,0,0,0,671
03/25/2003,RDU,NC,ASO,EN,Towers with Radar,210,304,136,4,654,0,19,100,10,129,210,323,236,14,783,0,6,6,789
03/26/2003,RDU,NC,ASO,EN,Towers with Radar,210,303,104,2,619,0,9,55,0,64,210,312,159,2,683,0,0,0,683
03/27/2003,RDU,NC,ASO,EN,Towers with Radar,208,296,130,1,635,0,6,64,4,74,208,302,194,5,709,0,0,0,709
03/28/2003,RDU,NC,ASO,EN,Towers with Radar,215,290,107,10,622,0,8,28,7,43,215,298,135,17,665,10,0,10,675
03/29/2003,RDU,NC,ASO,EN,Towers with Radar,175,184,77,3,439,0,1,12,0,13,175,185,89,3,452,0,0,0,452
03/30/2003,RDU,NC,ASO,EN,Towers with Radar,166,184,38,0,388,0,0,3,0,3,166,184,41,0,391,0,0,0,391
03/31/2003,RDU,NC,ASO,EN,Towers with Radar,185,283,98,4,570,0,7,28,0,35,185,290,126,4,605,0,0,0,605
04/01/2003,RDU,NC,ASO,EN,Towers with Radar,203,289,114,2,608,0,5,67,3,75,203,294,181,5,683,0,0,0,683
04/02/2003,RDU,NC,ASO,EN,Towers with Radar,207,284,101,2,594,0,5,102,8,115,207,289,203,10,709,0,0,0,709
04/03/2003,RDU,NC,ASO,EN,Towers with Radar,205,289,127,1,622,0,5,85,5,95,205,294,212,6,717,0,0,0,717
04/04/2003,RDU,NC,ASO,EN,Towers with Radar,202,270,124,7,603,0,7,82,4,93,202,277,206,11,696,0,0,0,696
04/05/2003,RDU,NC,ASO,EN,Towers with Radar,174,160,57,2,393,0,6,12,5,23,174,166,69,7,416,0,0,0,416
04/06/2003,RDU,NC,ASO,EN,Towers with Radar,163,161,98,7,429,0,1,76,4,81,163,162,174,11,510,0,0,0,510
04/07/2003,RDU,NC,ASO,EN,Towers with Radar,187,239,87,2,515,0,0,3,0,3,187,239,90,2,518,0,0,0,518
04/08/2003,RDU,NC,ASO,EN,Towers with Radar,211,278,125,2,616,0,0,6,0,6,211,278,131,2,622,0,0,0,622
04/09/2003,RDU,NC,ASO,EN,Towers with Radar,205,281,117,2,605,0,0,0,0,0,205,281,117,2,605,0,0,0,605
04/10/2003,RDU,NC,ASO,EN,Towers with Radar,216,266,96,1,579,0,0,0,0,0,216,266,96,1,579,0,0,0,579
04/11/2003,RDU,NC,ASO,EN,Towers with Radar,216,284,138,4,642,0,1,10,3,14,216,285,148,7,656,0,0,0,656
04/12/2003,RDU,NC,ASO,EN,Towers with Radar,175,178,60,2,415,0,5,131,4,140,175,183,191,6,555,0,0,0,555
04/13/2003,RDU,NC,ASO,EN,Towers with Radar,167,188,65,3,423,0,9,88,1,98,167,197,153,4,521,4,0,4,525
04/14/2003,RDU,NC,ASO,EN,Towers with Radar,195,268,102,8,573,0,7,114,4,125,195,275,216,12,698,0,0,0,698
04/15/2003,RDU,NC,ASO,EN,Towers with Radar,207,270,113,4,594,0,10,88,13,111,207,280,201,17,705,8,0,8,713
04/16/2003,RDU,NC,ASO,EN,Towers with Radar,211,270,123,4,608,0,9,93,4,106,211,279,216,8,714,0,0,0,714
04/17/2003,RDU,NC,ASO,EN,Towers with Radar,219,283,135,3,640,0,4,61,2,67,219,287,196,5,707,0,0,0,707
04/18/2003,RDU,NC,ASO,EN,Towers with Radar,216,276,99,3,594,0,1,0,0,1,216,277,99,3,595,0,0,0,595
04/19/2003,RDU,NC,ASO,EN,Towers with Radar,173,172,60,0,405,0,0,3,0,3,173,172,63,0,408,4,0,4,412
04/20/2003,RDU,NC,ASO,EN,Towers with Radar,166,180,78,3,427,0,5,51,0,56,166,185,129,3,483,0,0,0,483
04/21/2003,RDU,NC,ASO,EN,Towers with Radar,195,266,101,5,567,0,0,13,0,13,195,266,114,5,580,0,0,0,580
04/22/2003,RDU,NC,ASO,EN,Towers with Radar,212,273,120,0,605,0,4,76,13,93,212,277,196,13,698,0,14,14,712
04/23/2003,RDU,NC,ASO,EN,Towers with Radar,212,270,145,11,638,0,7,112,3,122,212,277,257,14,760,0,0,0,760
04/24/2003,RDU,NC,ASO,EN,Towers with Radar,216,275,124,0,615,0,11,98,11,120,216,286,222,11,735,6,0,6,741
04/25/2003,RDU,NC,ASO,EN,Towers with Radar,221,269,108,4,602,0,3,2,0,5,221,272,110,4,607,0,0,0,607
04/26/2003,RDU,NC,ASO,EN,Towers with Radar,174,173,52,1,400,0,0,2,0,2,174,173,54,1,402,0,0,0,402
04/27/2003,RDU,NC,ASO,EN,Towers with Radar,170,178,75,2,425,0,1,90,0,91,170,179,165,2,516,0,0,0,516
04/28/2003,RDU,NC,ASO,EN,Towers with Radar,196,256,124,1,577,0,4,83,7,94,196,260,207,8,671,0,10,10,681
04/29/2003,RDU,NC,ASO,EN,Towers with Radar,210,269,153,5,637,0,7,108,7,122,210,276,261,12,759,0,0,0,759
04/30/2003,RDU,NC,ASO,EN,Towers with Radar,209,281,159,8,657,0,9,68,12,89,209,290,227,20,746,0,0,0,746
05/01/2003,RDU,NC,ASO,EN,Towers with Radar,217,281,142,5,645,0,7,59,14,80,217,288,201,19,725,0,0,0,725
05/02/2003,RDU,NC,ASO,EN,Towers with Radar,219,279,115,11,624,0,8,79,4,91,219,287,194,15,715,0,0,0,715
05/03/2003,RDU,NC,ASO,EN,Towers with Radar,182,154,81,2,419,0,0,25,6,31,182,154,106,8,450,0,0,0,450
05/04/2003,RDU,NC,ASO,EN,Towers with Radar,170,166,109,4,449,0,0,25,2,27,170,166,134,6,476,0,0,0,476
05/05/2003,RDU,NC,ASO,EN,Towers with Radar,197,270,83,0,550,0,2,14,0,16,197,272,97,0,566,0,0,0,566
05/06/2003,RDU,NC,ASO,EN,Towers with Radar,216,278,108,9,611,0,2,15,2,19,216,280,123,11,630,0,0,0,630
05/07/2003,RDU,NC,ASO,EN,Towers with Radar,215,305,119,2,641,0,6,32,8,46,215,311,151,10,687,0,0,0,687
05/08/2003,RDU,NC,ASO,EN,Towers with Radar,228,286,128,2,644,0,6,79,4,89,228,292,207,6,733,0,9,9,742
05/09/2003,RDU,NC,ASO,EN,Towers with Radar,229,296,152,6,683,0,7,58,2,67,229,303,210,8,750,3,2,5,755
05/10/2003,RDU,NC,ASO,EN,Towers with Radar,178,170,75,2,425,0,8,71,5,84,178,178,146,7,509,0,0,0,509
05/11/2003,RDU,NC,ASO,EN,Towers with Radar,176,169,92,2,439,0,5,34,1,40,176,174,126,3,479,2,0,2,481
05/12/2003,RDU,NC,ASO,EN,Towers with Radar,207,282,114,7,610,0,7,40,9,56,207,289,154,16,666,0,0,0,666
05/13/2003,RDU,NC,ASO,EN,Towers with Radar,219,266,96,0,581,0,11,68,8,87,219,277,164,8,668,4,2,6,674
05/14/2003,RDU,NC,ASO,EN,Towers with Radar,216,282,142,2,642,0,5,119,11,135,216,287,261,13,777,0,12,12,789
05/15/2003,RDU,NC,ASO,EN,Towers with Radar,223,276,116,2,617,0,9,30,3,42,223,285,146,5,659,0,0,0,659
05/16/2003,RDU,NC,ASO,EN,Towers with Radar,232,284,134,8,658,0,5,38,9,52,232,289,172,17,710,0,8,8,718
05/17/2003,RDU,NC,ASO,EN,Towers with Radar,185,158,87,0,430,0,1,3,0,4,185,159,90,0,434,0,0,0,434
05/18/2003,RDU,NC,ASO,EN,Towers with Radar,172,165,90,0,427,0,0,0,0,0,172,165,90,0,427,0,0,0,427
05/19/2003,RDU,NC,ASO,EN,Towers with Radar,203,273,98,4,578,0,10,12,8,30,203,283,110,12,608,0,6,6,614
05/20/2003,RDU,NC,ASO,EN,Towers with Radar,221,271,119,3,614,0,8,86,8,102,221,279,205,11,716,0,0,0,716
05/21/2003,RDU,NC,ASO,EN,Towers with Radar,220,277,129,3,629,0,10,26,13,49,220,287,155,16,678,0,2,2,680
05/22/2003,RDU,NC,ASO,EN,Towers with Radar,224,279,140,2,645,0,0,0,0,0,224,279,140,2,645,4,0,4,649
05/23/2003,RDU,NC,ASO,EN,Towers with Radar,228,274,142,2,646,0,0,3,0,3,228,274,145,2,649,0,0,0,649
05/24/2003,RDU,NC,ASO,EN,Towers with Radar,180,155,72,1,408,0,0,25,0,25,180,155,97,1,433,6,0,6,439
05/25/2003,RDU,NC,ASO,EN,Towers with Radar,169,123,75,0,367,0,0,6,2,8,169,123,81,2,375,0,0,0,375
05/26/2003,RDU,NC,ASO,EN,Towers with Radar,197,168,75,1,441,0,3,41,2,46,197,171,116,3,487,0,0,0,487
05/27/2003,RDU,NC,ASO,EN,Towers with Radar,198,266,155,4,623,0,3,5,5,13,198,269,160,9,636,3,30,33,669
05/28/2003,RDU,NC,ASO,EN,Towers with Radar,215,278,124,8,625,0,3,81,8,92,215,281,205,16,717,6,8,14,731
05/29/2003,RDU,NC,ASO,EN,Towers with Radar,232,275,120,4,631,0,12,55,8,75,232,287,175,12,706,10,0,10,716
05/30/2003,RDU,NC,ASO,EN,Towers with Radar,223,289,121,1,634,0,24,109,9,142,223,313,230,10,776,0,0,0,776
05/31/2003,RDU,NC,ASO,EN,Towers with Radar,192,148,40,1,381,0,1,14,0,15,192,149,54,1,396,0,0,0,396
06/01/2003,RDU,NC,ASO,EN,Towers with Radar,191,151,70,1,413,1,2,64,3,70,192,153,134,4,483,0,0,0,483
06/02/2003,RDU,NC,ASO,EN,Towers with Radar,197,261,82,8,548,0,3,98,1,102,197,264,180,9,650,0,0,0,650
06/03/2003,RDU,NC,ASO,EN,Towers with Radar,222,279,94,0,595,0,8,29,7,44,222,287,123,7,639,0,0,0,639
06/04/2003,RDU,NC,ASO,EN,Towers with Radar,218,287,118,2,625,0,1,14,10,25,218,288,132,12,650,0,0,0,650
06/05/2003,RDU,NC,ASO,EN,Towers with Radar,227,277,136,6,646,0,7,80,5,92,227,284,216,11,738,4,0,4,742
06/06/2003,RDU,NC,ASO,EN,Towers with Radar,221,272,127,5,625,0,6,100,2,108,221,278,227,7,733,0,0,0,733
06/07/2003,RDU,NC,ASO,EN,Towers with Radar,192,168,33,0,393,0,0,1,3,4,192,168,34,3,397,0,0,0,397
06/08/2003,RDU,NC,ASO,EN,Towers with Radar,184,163,90,2,439,0,1,7,0,8,184,164,97,2,447,0,0,0,447
06/09/2003,RDU,NC,ASO,EN,Towers with Radar,206,275,115,2,598,0,4,100,6,110,206,279,215,8,708,0,0,0,708
06/10/2003,RDU,NC,ASO,EN,Towers with Radar,216,285,118,0,619,0,4,87,4,95,216,289,205,4,714,0,0,0,714
06/11/2003,RDU,NC,ASO,EN,Towers with Radar,220,280,137,0,637,0,5,55,9,69,220,285,192,9,706,0,0,0,706
06/12/2003,RDU,NC,ASO,EN,Towers with Radar,213,282,137,5,637,0,3,13,4,20,213,285,150,9,657,0,0,0,657
06/13/2003,RDU,NC,ASO,EN,Towers with Radar,224,280,113,9,626,0,1,49,10,60,224,281,162,19,686,0,0,0,686
06/14/2003,RDU,NC,ASO,EN,Towers with Radar,198,172,61,2,433,0,6,53,2,61,198,178,114,4,494,4,0,4,498
06/15/2003,RDU,NC,ASO,EN,Towers with Radar,189,168,59,0,416,0,0,17,2,19,189,168,76,2,435,0,0,0,435
06/16/2003,RDU,NC,ASO,EN,Towers with Radar,206,269,96,1,572,0,0,4,2,6,206,269,100,3,578,0,0,0,578
06/17/2003,RDU,NC,ASO,EN,Towers with Radar,220,289,138,4,651,0,2,3,2,7,220,291,141,6,658,0,0,0,658
06/18/2003,RDU,NC,ASO,EN,Towers with Radar,220,283,120,6,629,0,2,5,5,12,220,285,125,11,641,0,0,0,641
06/19/2003,RDU,NC,ASO,EN,Towers with Radar,220,309,127,3,659,0,1,14,5,20,220,310,141,8,679,0,0,0,679
06/20/2003,RDU,NC,ASO,EN,Towers with Radar,237,298,136,2,673,0,2,30,2,34,237,300,166,4,707,14,10,24,731
06/21/2003,RDU,NC,ASO,EN,Towers with Radar,202,159,55,0,416,0,6,109,5,120,202,165,164,5,536,16,0,16,552
06/22/2003,RDU,NC,ASO,EN,Towers with Radar,186,176,92,3,457,0,2,107,5,114,186,178,199,8,571,0,0,0,571
06/23/2003,RDU,NC,ASO,EN,Towers with Radar,201,277,106,2,586,0,8,92,5,105,201,285,198,7,691,0,0,0,691
06/24/2003,RDU,NC,ASO,EN,Towers with Radar,220,271,110,3,604,0,12,94,10,116,220,283,204,13,720,6,0,6,726
06/25/2003,RDU,NC,ASO,EN,Towers with Radar,218,290,88,3,599,0,1,87,9,97,218,291,175,12,696,0,0,0,696
06/26/2003,RDU,NC,ASO,EN,Towers with Radar,224,282,115,4,625,0,8,98,8,114,224,290,213,12,739,0,0,0,739
06/27/2003,RDU,NC,ASO,EN,Towers with Radar,224,277,134,4,639,0,14,39,3,56,224,291,173,7,695,0,0,0,695
06/28/2003,RDU,NC,ASO,EN,Towers with Radar,192,165,61,1,419,0,5,29,0,34,192,170,90,1,453,0,0,0,453
06/29/2003,RDU,NC,ASO,EN,Towers with Radar,190,163,81,1,435,0,0,50,0,50,190,163,131,1,485,0,0,0,485
06/30/2003,RDU,NC,ASO,EN,Towers with Radar,202,254,100,0,556,0,3,48,0,51,202,257,148,0,607,2,0,2,609
07/01/2003,RDU,NC,ASO,EN,Towers with Radar,217,276,106,0,599,1,7,44,5,57,218,283,150,5,656,4,0,4,660
07/02/2003,RDU,NC,ASO,EN,Towers with Radar,218,287,85,1,591,0,3,2,2,7,218,290,87,3,598,0,0,0,598
07/03/2003,RDU,NC,ASO,EN,Towers with Radar,220,286,100,1,607,0,4,35,4,43,220,290,135,5,650,4,0,4,654
07/04/2003,RDU,NC,ASO,EN,Towers with Radar,169,142,32,0,343,0,2,57,3,62,169,144,89,3,405,0,0,0,405
07/05/2003,RDU,NC,ASO,EN,Towers with Radar,169,137,45,0,351,0,2,46,0,48,169,139,91,0,399,0,0,0,399
07/06/2003,RDU,NC,ASO,EN,Towers with Radar,179,166,81,2,428,0,0,71,1,72,179,166,152,3,500,10,6,16,516
07/07/2003,RDU,NC,ASO,EN,Towers with Radar,200,278,70,3,551,0,2,66,3,71,200,280,136,6,622,0,0,0,622
07/08/2003,RDU,NC,ASO,EN,Towers with Radar,211,293,114,1,619,0,7,81,8,96,211,300,195,9,715,0,0,0,715
07/09/2003,RDU,NC,ASO,EN,Towers with Radar,223,277,123,1,624,0,4,56,9,69,223,281,179,10,693,0,0,0,693
07/10/2003,RDU,NC,ASO,EN,Towers with Radar,210,283,142,2,637,0,4,59,4,67,210,287,201,6,704,0,0,0,704
07/11/2003,RDU,NC,ASO,EN,Towers with Radar,226,274,115,2,617,0,4,53,4,61,226,278,168,6,678,2,0,2,680
07/12/2003,RDU,NC,ASO,EN,Towers with Radar,199,175,40,2,416,0,4,58,4,66,199,179,98,6,482,0,0,0,482
07/13/2003,RDU,NC,ASO,EN,Towers with Radar,185,188,73,0,446,0,0,40,1,41,185,188,113,1,487,0,0,0,487
07/14/2003,RDU,NC,ASO,EN,Towers with Radar,199,257,130,2,588,0,3,12,2,17,199,260,142,4,605,0,0,0,605
07/15/2003,RDU,NC,ASO,EN,Towers with Radar,227,282,100,3,612,0,5,43,8,56,227,287,143,11,668,0,0,0,668
07/16/2003,RDU,NC,ASO,EN,Towers with Radar,222,278,135,2,637,0,6,63,3,72,222,284,198,5,709,0,0,0,709
07/17/2003,RDU,NC,ASO,EN,Towers with Radar,226,309,151,7,693,0,6,74,4,84,226,315,225,11,777,0,0,0,777
07/18/2003,RDU,NC,ASO,EN,Towers with Radar,218,276,134,5,633,0,7,59,8,74,218,283,193,13,707,0,0,0,707
07/19/2003,RDU,NC,ASO,EN,Towers with Radar,205,169,54,2,430,0,4,16,1,21,205,173,70,3,451,0,0,0,451
07/20/2003,RDU,NC,ASO,EN,Towers with Radar,185,177,71,0,433,0,3,75,0,78,185,180,146,0,511,0,0,0,511
07/21/2003,RDU,NC,ASO,EN,Towers with Radar,199,252,115,6,572,0,2,35,6,43,199,254,150,12,615,0,0,0,615
07/22/2003,RDU,NC,ASO,EN,Towers with Radar,199,234,114,0,547,0,5,37,9,51,199,239,151,9,598,0,0,0,598
07/23/2003,RDU,NC,ASO,EN,Towers with Radar,238,303,125,4,670,0,0,7,0,7,238,303,132,4,677,0,0,0,677
07/24/2003,RDU,NC,ASO,EN,Towers with Radar,224,286,129,3,642,0,2,65,6,73,224,288,194,9,715,0,0,0,715
07/25/2003,RDU,NC,ASO,EN,Towers with Radar,224,282,115,1,622,0,12,90,10,112,224,294,205,11,734,0,0,0,734
07/26/2003,RDU,NC,ASO,EN,Towers with Radar,194,170,74,1,439,0,6,37,1,44,194,176,111,2,483,6,0,6,489
07/27/2003,RDU,NC,ASO,EN,Towers with Radar,186,176,84,4,450,0,3,75,0,78,186,179,159,4,528,2,0,2,530
07/28/2003,RDU,NC,ASO,EN,Towers with Radar,208,285,109,4,606,0,5,62,11,78,208,290,171,15,684,0,0,0,684
07/29/2003,RDU,NC,ASO,EN,Towers with Radar,222,308,126,7,663,0,4,15,17,36,222,312,141,24,699,0,0,0,699
07/30/2003,RDU,NC,ASO,EN,Towers with Radar,223,282,135,2,642,0,1,7,0,8,223,283,142,2,650,0,0,0,650
07/31/2003,RDU,NC,ASO,EN,Towers with Radar,223,299,132,5,659,0,0,7,0,7,223,299,139,5,666,0,0,0,666
08/01/2003,RDU,NC,ASO,EN,Towers with Radar,216,279,95,4,594,0,2,18,1,21,216,281,113,5,615,0,0,0,615
08/02/2003,RDU,NC,ASO,EN,Towers with Radar,204,183,65,1,453,0,0,4,0,4,204,183,69,1,457,0,0,0,457
08/03/2003,RDU,NC,ASO,EN,Towers with Radar,180,172,76,2,430,0,0,16,3,19,180,172,92,5,449,6,0,6,455
08/04/2003,RDU,NC,ASO,EN,Towers with Radar,199,257,93,9,558,0,6,23,3,32,199,263,116,12,590,0,3,3,593
08/05/2003,RDU,NC,ASO,EN,Towers with Radar,224,263,127,2,616,0,5,26,3,34,224,268,153,5,650,0,0,0,650
08/06/2003,RDU,NC,ASO,EN,Towers with Radar,230,288,161,2,681,0,9,38,4,51,230,297,199,6,732,0,0,0,732
08/07/2003,RDU,NC,ASO,EN,Towers with Radar,220,273,102,4,599,0,5,15,4,24,220,278,117,8,623,0,0,0,623
08/08/2003,RDU,NC,ASO,EN,Towers with Radar,225,287,90,7,609,0,6,35,2,43,225,293,125,9,652,0,10,10,662
08/09/2003,RDU,NC,ASO,EN,Towers with Radar,204,170,58,2,434,0,1,18,2,21,204,171,76,4,455,0,0,0,455
08/10/2003,RDU,NC,ASO,EN,Towers with Radar,196,173,86,6,461,0,0,9,0,9,196,173,95,6,470,0,0,0,470
08/11/2003,RDU,NC,ASO,EN,Towers with Radar,205,269,113,2,589,0,4,32,2,38,205,273,145,4,627,9,0,9,636
08/12/2003,RDU,NC,ASO,EN,Towers with Radar,223,285,124,1,633,0,6,41,4,51,223,291,165,5,684,0,0,0,684
08/13/2003,RDU,NC,ASO,EN,Towers with Radar,226,284,144,0,654,0,4,32,5,41,226,288,176,5,695,0,10,10,705
08/14/2003,RDU,NC,ASO,EN,Towers with Radar,226,272,136,1,635,0,5,51,12,68,226,277,187,13,703,0,0,0,703
08/15/2003,RDU,NC,ASO,EN,Towers with Radar,219,217,125,6,567,0,10,71,4,85,219,227,196,10,652,0,0,0,652
08/16/2003,RDU,NC,ASO,EN,Towers with Radar,192,156,60,1,409,0,2,23,2,27,192,158,83,3,436,8,10,18,454
08/17/2003,RDU,NC,ASO,EN,Towers with Radar,198,173,80,0,451,0,0,32,0,32,198,173,112,0,483,0,0,0,483
08/18/2003,RDU,NC,ASO,EN,Towers with Radar,201,280,124,1,606,0,4,36,4,44,201,284,160,5,650,0,0,0,650
08/19/2003,RDU,NC,ASO,EN,Towers with Radar,222,286,143,1,652,0,3,37,8,48,222,289,180,9,700,6,0,6,706
08/20/2003,RDU,NC,ASO,EN,Towers with Radar,224,285,141,4,654,0,4,70,7,81,224,289,211,11,735,0,0,0,735
08/21/2003,RDU,NC,ASO,EN,Towers with Radar,225,287,134,0,646,0,6,90,5,101,225,293,224,5,747,0,0,0,747
08/22/2003,RDU,NC,ASO,EN,Towers with Radar,223,278,109,6,616,0,6,46,9,61,223,284,155,15,677,0,0,0,677
08/23/2003,RDU,NC,ASO,EN,Towers with Radar,197,174,50,2,423,0,3,68,0,71,197,177,118,2,494,10,0,10,504
08/24/2003,RDU,NC,ASO,EN,Towers with Radar,188,172,82,2,444,0,3,91,0,94,188,175,173,2,538,0,0,0,538
08/25/2003,RDU,NC,ASO,EN,Towers with Radar,199,280,102,3,584,0,1,89,2,92,199,281,191,5,676,0,0,0,676
08/26/2003,RDU,NC,ASO,EN,Towers with Radar,220,264,138,3,625,0,6,73,0,79,220,270,211,3,704,0,0,0,704
08/27/2003,RDU,NC,ASO,EN,Towers with Radar,223,277,136,0,636,0,5,93,2,100,223,282,229,2,736,0,0,0,736
08/28/2003,RDU,NC,ASO,EN,Towers with Radar,218,292,128,3,641,0,4,58,4,66,218,296,186,7,707,0,0,0,707
08/29/2003,RDU,NC,ASO,EN,Towers with Radar,224,276,123,5,628,0,5,69,8,82,224,281,192,13,710,8,0,8,718
08/30/2003,RDU,NC,ASO,EN,Towers with Radar,192,152,58,3,405,0,3,77,2,82,192,155,135,5,487,4,0,4,491
08/31/2003,RDU,NC,ASO,EN,Towers with Radar,168,124,72,1,365,0,0,7,0,7,168,124,79,1,372,0,0,0,372
09/01/2003,RDU,NC,ASO,EN,Towers with Radar,181,172,87,0,440,0,1,32,1,34,181,173,119,1,474,4,0,4,478
09/02/2003,RDU,NC,ASO,EN,Towers with Radar,198,272,86,2,558,0,4,57,5,66,198,276,143,7,624,0,0,0,624
09/03/2003,RDU,NC,ASO,EN,Towers with Radar,211,268,93,1,573,0,6,48,7,61,211,274,141,8,634,0,0,0,634
09/04/2003,RDU,NC,ASO,EN,Towers with Radar,210,295,113,1,619,0,1,11,4,16,210,296,124,5,635,0,0,0,635
09/05/2003,RDU,NC,ASO,EN,Towers with Radar,218,302,123,2,645,0,9,76,5,90,218,311,199,7,735,10,0,10,745
09/06/2003,RDU,NC,ASO,EN,Towers with Radar,188,164,59,0,411,0,2,68,4,74,188,166,127,4,485,4,0,4,489
09/07/2003,RDU,NC,ASO,EN,Towers with Radar,179,170,69,2,420,0,1,78,4,83,179,171,147,6,503,0,0,0,503
09/08/2003,RDU,NC,ASO,EN,Towers with Radar,190,279,105,7,581,0,1,28,4,33,190,280,133,11,614,0,0,0,614
09/09/2003,RDU,NC,ASO,EN,Towers with Radar,213,279,162,8,662,0,6,24,10,40,213,285,186,18,702,0,14,14,716
09/10/2003,RDU,NC,ASO,EN,Towers with Radar,206,282,152,0,640,0,6,27,9,42,206,288,179,9,682,0,0,0,682
09/11/2003,RDU,NC,ASO,EN,Towers with Radar,205,238,115,6,564,0,3,108,2,113,205,241,223,8,677,0,0,0,677
09/12/2003,RDU,NC,ASO,EN,Towers with Radar,217,283,154,6,660,0,2,23,4,29,217,285,177,10,689,17,0,17,706
09/13/2003,RDU,NC,ASO,EN,Towers with Radar,161,181,88,2,432,15,0,8,1,24,176,181,96,3,456,0,1,1,457
09/14/2003,RDU,NC,ASO,EN,Towers with Radar,179,177,93,4,453,0,4,47,1,52,179,181,140,5,505,0,0,0,505
09/15/2003,RDU,NC,ASO,EN,Towers with Radar,191,265,133,2,591,0,1,38,4,43,191,266,171,6,634,0,0,0,634
09/16/2003,RDU,NC,ASO,EN,Towers with Radar,213,292,137,3,645,0,7,72,6,85,213,299,209,9,730,0,0,0,730
09/17/2003,RDU,NC,ASO,EN,Towers with Radar,210,289,119,4,622,0,7,55,8,70,210,296,174,12,692,6,0,6,698
09/18/2003,RDU,NC,ASO,EN,Towers with Radar,86,87,14,0,187,0,3,1,0,4,86,90,15,0,191,0,0,0,191
09/19/2003,RDU,NC,ASO,EN,Towers with Radar,167,237,92,2,498,0,21,106,24,151,167,258,198,26,649,0,0,0,649
09/20/2003,RDU,NC,ASO,EN,Towers with Radar,180,172,65,1,418,0,17,90,11,118,180,189,155,12,536,0,0,0,536
09/21/2003,RDU,NC,ASO,EN,Towers with Radar,170,181,95,3,449,0,1,87,8,96,170,182,182,11,545,18,0,18,563
09/22/2003,RDU,NC,ASO,EN,Towers with Radar,192,274,114,4,584,0,0,8,2,10,192,274,122,6,594,0,0,0,594
09/23/2003,RDU,NC,ASO,EN,Towers with Radar,218,280,136,7,641,0,1,64,7,72,218,281,200,14,713,0,0,0,713
09/24/2003,RDU,NC,ASO,EN,Towers with Radar,214,287,129,2,632,0,6,109,12,127,214,293,238,14,759,0,0,0,759
09/25/2003,RDU,NC,ASO,EN,Towers with Radar,213,297,135,6,651,0,6,82,12,100,213,303,217,18,751,0,0,0,751
09/26/2003,RDU,NC,ASO,EN,Towers with Radar,214,294,147,3,658,0,3,100,3,106,214,297,247,6,764,0,0,0,764
09/27/2003,RDU,NC,ASO,EN,Towers with Radar,176,172,62,2,412,0,1,54,3,58,176,173,116,5,470,10,0,10,480
09/28/2003,RDU,NC,ASO,EN,Towers with Radar,175,179,96,2,452,0,1,57,1,59,175,180,153,3,511,0,0,0,511
09/29/2003,RDU,NC,ASO,EN,Towers with Radar,195,278,105,2,580,0,4,62,4,70,195,282,167,6,650,0,8,8,658
09/30/2003,RDU,NC,ASO,EN,Towers with Radar,213,285,95,4,597,0,5,74,1,80,213,290,169,5,677,0,0,0,677
10/01/2003,RDU,NC,ASO,EN,Towers with Radar,215,285,128,4,632,0,21,64,3,88,215,306,192,7,720,0,0,0,720
10/02/2003,RDU,NC,ASO,EN,Towers with Radar,217,291,129,4,641,0,14,82,1,97,217,305,211,5,738,0,0,0,738
10/03/2003,RDU,NC,ASO,EN,Towers with Radar,222,303,134,4,663,0,14,134,11,159,222,317,268,15,822,6,0,6,828
10/04/2003,RDU,NC,ASO,EN,Towers with Radar,144,187,83,3,417,40,5,76,4,125,184,192,159,7,542,0,0,0,542
10/05/2003,RDU,NC,ASO,EN,Towers with Radar,162,190,93,3,448,20,0,75,2,97,182,190,168,5,545,0,0,0,545
10/06/2003,RDU,NC,ASO,EN,Towers with Radar,190,246,109,4,549,5,34,68,1,108,195,280,177,5,657,0,0,0,657
10/07/2003,RDU,NC,ASO,EN,Towers with Radar,213,287,127,4,631,0,11,52,8,71,213,298,179,12,702,16,0,16,718
10/08/2003,RDU,NC,ASO,EN,Towers with Radar,227,286,134,2,649,0,0,2,0,2,227,286,136,2,651,0,0,0,651
10/09/2003,RDU,NC,ASO,EN,Towers with Radar,221,296,132,3,652,0,0,16,0,16,221,296,148,3,668,0,0,0,668
10/10/2003,RDU,NC,ASO,EN,Towers with Radar,230,307,144,5,686,0,0,8,0,8,230,307,152,5,694,8,0,8,702
10/11/2003,RDU,NC,ASO,EN,Towers with Radar,156,174,78,3,411,28,0,0,2,30,184,174,78,5,441,0,0,0,441
10/12/2003,RDU,NC,ASO,EN,Towers with Radar,164,181,94,3,442,18,0,44,6,68,182,181,138,9,510,8,0,8,518
10/13/2003,RDU,NC,ASO,EN,Towers with Radar,189,242,108,3,542,10,0,90,0,100,199,242,198,3,642,0,0,0,642
10/14/2003,RDU,NC,ASO,EN,Towers with Radar,212,294,130,4,640,0,15,4,0,19,212,309,134,4,659,0,0,0,659
10/15/2003,RDU,NC,ASO,EN,Towers with Radar,214,277,123,4,618,6,26,70,4,106,220,303,193,8,724,0,0,0,724
10/16/2003,RDU,NC,ASO,EN,Towers with Radar,217,299,132,4,652,0,12,149,9,170,217,311,281,13,822,0,0,0,822
10/17/2003,RDU,NC,ASO,EN,Towers with Radar,222,299,133,4,658,0,1,73,11,85,222,300,206,15,743,0,0,0,743
10/18/2003,RDU,NC,ASO,EN,Towers with Radar,172,190,99,3,464,11,0,52,5,68,183,190,151,8,532,0,0,0,532
10/19/2003,RDU,NC,ASO,EN,Towers with Radar,171,190,98,2,461,7,0,90,4,101,178,190,188,6,562,0,0,0,562
10/20/2003,RDU,NC,ASO,EN,Towers with Radar,193,266,119,3,581,0,27,101,8,136,193,293,220,11,717,0,0,0,717
10/21/2003,RDU,NC,ASO,EN,Towers with Radar,218,279,125,3,625,0,29,38,4,71,218,308,163,7,696,0,0,0,696
10/22/2003,RDU,NC,ASO,EN,Towers with Radar,217,278,124,3,622,0,29,63,0,92,217,307,187,3,714,0,16,16,730
10/23/2003,RDU,NC,ASO,EN,Towers with Radar,217,295,132,3,647,0,18,93,9,120,217,313,225,12,767,0,0,0,767
10/24/2003,RDU,NC,ASO,EN,Towers with Radar,221,292,131,3,647,0,27,87,8,122,221,319,218,11,769,0,0,0,769
10/25/2003,RDU,NC,ASO,EN,Towers with Radar,164,187,94,2,447,14,0,14,7,35,178,187,108,9,482,0,0,0,482
10/26/2003,RDU,NC,ASO,EN,Towers with Radar,179,198,106,3,486,0,0,26,1,27,179,198,132,4,513,0,0,0,513
10/27/2003,RDU,NC,ASO,EN,Towers with Radar,193,250,112,3,558,0,24,4,4,32,193,274,116,7,590,0,0,0,590
10/28/2003,RDU,NC,ASO,EN,Towers with Radar,216,296,132,3,647,0,6,6,1,13,216,302,138,4,660,0,0,0,660
10/29/2003,RDU,NC,ASO,EN,Towers with Radar,225,294,131,2,652,0,11,70,0,81,225,305,201,2,733,0,0,0,733
10/30/2003,RDU,NC,ASO,EN,Towers with Radar,212,281,126,3,622,0,3,115,10,128,212,284,241,13,750,0,0,0,750
10/31/2003,RDU,NC,ASO,EN,Towers with Radar,200,256,115,3,574,23,28,61,4,116,223,284,176,7,690,12,0,12,702
11/01/2003,RDU,NC,ASO,EN,Towers with Radar,149,181,78,1,409,26,0,73,0,99,175,181,151,1,508,28,0,28,536
11/02/2003,RDU,NC,ASO,EN,Towers with Radar,170,183,89,2,444,8,0,133,0,141,178,183,222,2,585,6,0,6,591
11/03/2003,RDU,NC,ASO,EN,Towers with Radar,191,250,99,3,543,2,43,66,0,111,193,293,165,3,654,0,0,0,654
11/04/2003,RDU,NC,ASO,EN,Towers with Radar,206,305,121,4,636,0,2,42,9,53,206,307,163,13,689,0,2,2,691
11/05/2003,RDU,NC,ASO,EN,Towers with Radar,216,280,117,4,617,0,0,41,4,45,216,280,158,8,662,0,0,0,662
11/06/2003,RDU,NC,ASO,EN,Towers with Radar,221,306,122,4,653,0,1,25,12,38,221,307,147,16,691,0,0,0,691
11/07/2003,RDU,NC,ASO,EN,Towers with Radar,222,325,141,4,692,0,0,72,7,79,222,325,213,11,771,0,0,0,771
11/08/2003,RDU,NC,ASO,EN,Towers with Radar,166,203,86,3,458,4,0,28,0,32,170,203,114,3,490,0,0,0,490
11/09/2003,RDU,NC,ASO,EN,Towers with Radar,166,212,86,3,467,7,0,42,1,50,173,212,128,4,517,4,0,4,521
11/10/2003,RDU,NC,ASO,EN,Towers with Radar,194,260,103,3,560,0,43,53,9,105,194,303,156,12,665,0,0,0,665
11/11/2003,RDU,NC,ASO,EN,Towers with Radar,217,283,112,2,614,1,3,65,0,69,218,286,177,2,683,0,0,0,683
11/12/2003,RDU,NC,ASO,EN,Towers with Radar,214,282,112,4,612,0,24,65,3,92,214,306,177,7,704,0,0,0,704
11/13/2003,RDU,NC,ASO,EN,Towers with Radar,206,269,107,3,585,11,21,22,8,62,217,290,129,11,647,0,0,0,647
11/14/2003,RDU,NC,ASO,EN,Towers with Radar,223,291,116,3,633,2,3,71,7,83,225,294,187,10,716,6,0,6,722
11/15/2003,RDU,NC,ASO,EN,Towers with Radar,146,189,76,2,413,28,0,50,3,81,174,189,126,5,494,4,0,4,498
11/16/2003,RDU,NC,ASO,EN,Towers with Radar,149,193,77,2,421,23,0,53,0,76,172,193,130,2,497,0,0,0,497
11/17/2003,RDU,NC,ASO,EN,Towers with Radar,188,270,108,2,568,0,29,42,8,79,188,299,150,10,647,0,0,0,647
11/18/2003,RDU,NC,ASO,EN,Towers with Radar,212,299,119,1,631,0,24,30,0,54,212,323,149,1,685,0,0,0,685
11/19/2003,RDU,NC,ASO,EN,Towers with Radar,201,260,80,1,542,14,43,0,0,57,215,303,80,1,599,0,0,0,599
11/20/2003,RDU,NC,ASO,EN,Towers with Radar,219,313,126,3,661,0,9,122,5,136,219,322,248,8,797,0,0,0,797
11/21/2003,RDU,NC,ASO,EN,Towers with Radar,225,317,127,3,672,0,6,85,9,100,225,323,212,12,772,2,0,2,774
11/22/2003,RDU,NC,ASO,EN,Towers with Radar,151,194,79,1,425,25,0,84,0,109,176,194,163,1,534,0,0,0,534
11/23/2003,RDU,NC,ASO,EN,Towers with Radar,160,201,83,2,446,8,0,120,12,140,168,201,203,14,586,0,0,0,586
11/24/2003,RDU,NC,ASO,EN,Towers with Radar,193,275,110,3,581,0,23,46,2,71,193,298,156,5,652,0,0,0,652
11/25/2003,RDU,NC,ASO,EN,Towers with Radar,218,306,123,3,650,0,17,80,4,101,218,323,203,7,751,0,0,0,751
11/26/2003,RDU,NC,ASO,EN,Towers with Radar,222,311,128,3,664,0,0,54,4,58,222,311,182,7,722,0,16,16,738
11/27/2003,RDU,NC,ASO,EN,Towers with Radar,132,171,55,0,358,39,0,0,0,39,171,171,55,0,397,0,0,0,397
11/28/2003,RDU,NC,ASO,EN,Towers with Radar,135,175,59,0,369,26,15,0,0,41,161,190,59,0,410,0,0,0,410
11/29/2003,RDU,NC,ASO,EN,Towers with Radar,141,181,74,0,396,35,0,2,0,37,176,181,76,0,433,0,0,0,433
11/30/2003,RDU,NC,ASO,EN,Towers with Radar,189,194,104,0,487,0,0,106,0,106,189,194,210,0,593,0,0,0,593
12/01/2003,RDU,NC,ASO,EN,Towers with Radar,202,268,100,2,572,0,25,57,1,83,202,293,157,3,655,0,0,0,655
12/02/2003,RDU,NC,ASO,EN,Towers with Radar,216,297,111,2,626,0,24,61,10,95,216,321,172,12,721,0,0,0,721
12/03/2003,RDU,NC,ASO,EN,Towers with Radar,230,304,113,2,649,0,4,56,5,65,230,308,169,7,714,0,0,0,714
12/04/2003,RDU,NC,ASO,EN,Towers with Radar,218,276,102,0,596,0,37,6,0,43,218,313,108,0,639,0,0,0,639
12/05/2003,RDU,NC,ASO,EN,Towers with Radar,214,268,99,1,582,0,8,12,0,20,214,276,111,1,602,0,0,0,602
12/06/2003,RDU,NC,ASO,EN,Towers with Radar,144,146,65,0,355,47,0,20,0,67,191,146,85,0,422,0,0,0,422
12/07/2003,RDU,NC,ASO,EN,Towers with Radar,150,146,67,2,365,29,0,68,3,100,179,146,135,5,465,0,0,0,465
12/08/2003,RDU,NC,ASO,EN,Towers with Radar,198,246,90,2,536,0,6,84,9,99,198,252,174,11,635,0,0,0,635
12/09/2003,RDU,NC,ASO,EN,Towers with Radar,218,297,109,2,626,0,14,87,6,107,218,311,196,8,733,0,0,0,733
12/10/2003,RDU,NC,ASO,EN,Towers with Radar,212,305,112,2,631,0,10,63,1,74,212,315,175,3,705,0,0,0,705
12/11/2003,RDU,NC,ASO,EN,Towers with Radar,221,296,109,2,628,0,16,34,5,55,221,312,143,7,683,0,0,0,683
12/12/2003,RDU,NC,ASO,EN,Towers with Radar,222,301,111,2,636,0,21,78,4,103,222,322,189,6,739,0,0,0,739
12/13/2003,RDU,NC,ASO,EN,Towers with Radar,158,194,71,2,425,15,0,29,6,50,173,194,100,8,475,14,8,22,497
12/14/2003,RDU,NC,ASO,EN,Towers with Radar,126,155,50,1,332,42,0,0,1,43,168,155,50,2,375,0,0,0,375
12/15/2003,RDU,NC,ASO,EN,Towers with Radar,197,281,103,2,583,0,10,90,1,101,197,291,193,3,684,0,0,0,684
12/16/2003,RDU,NC,ASO,EN,Towers with Radar,228,315,127,3,673,0,0,124,14,138,228,315,251,17,811,0,0,0,811
12/17/2003,RDU,NC,ASO,EN,Towers with Radar,233,301,117,1,652,0,0,53,0,53,233,301,170,1,705,0,0,0,705
12/18/2003,RDU,NC,ASO,EN,Towers with Radar,234,311,122,1,668,0,0,113,5,118,234,311,235,6,786,0,0,0,786
12/19/2003,RDU,NC,ASO,EN,Towers with Radar,227,295,110,1,633,0,6,28,3,37,227,301,138,4,670,0,0,0,670
12/20/2003,RDU,NC,ASO,EN,Towers with Radar,167,202,76,1,446,29,0,45,1,75,196,202,121,2,521,0,0,0,521
12/21/2003,RDU,NC,ASO,EN,Towers with Radar,168,182,76,0,426,21,0,54,0,75,189,182,130,0,501,0,0,0,501
12/22/2003,RDU,NC,ASO,EN,Towers with Radar,200,253,94,1,548,0,32,53,6,91,200,285,147,7,639,0,6,6,645
12/23/2003,RDU,NC,ASO,EN,Towers with Radar,237,289,108,1,635,0,24,42,0,66,237,313,150,1,701,10,0,10,711
12/24/2003,RDU,NC,ASO,EN,Towers with Radar,181,220,67,0,468,38,17,0,0,55,219,237,67,0,523,0,0,0,523
12/25/2003,RDU,NC,ASO,EN,Towers with Radar,124,150,54,0,328,32,17,0,0,49,156,167,54,0,377,0,0,0,377
12/26/2003,RDU,NC,ASO,EN,Towers with Radar,185,225,84,0,494,20,0,43,0,63,205,225,127,0,557,0,0,0,557
12/27/2003,RDU,NC,ASO,EN,Towers with Radar,172,184,78,0,434,17,0,69,0,86,189,184,147,0,520,12,0,12,532
12/28/2003,RDU,NC,ASO,EN,Towers with Radar,162,185,73,1,421,24,0,46,0,70,186,185,119,1,491,0,0,0,491
12/29/2003,RDU,NC,ASO,EN,Towers with Radar,189,230,86,1,506,8,32,10,2,52,197,262,96,3,558,0,0,0,558
12/30/2003,RDU,NC,ASO,EN,Towers with Radar,197,239,89,1,526,24,18,6,3,51,221,257,95,4,577,0,0,0,577
12/31/2003,RDU,NC,ASO,EN,Towers with Radar,187,227,85,1,500,17,2,36,1,56,204,229,121,2,556,0,0,0,556
01/01/2004,RDU,NC,ASO,EN,Towers with Radar,130,156,55,0,341,44,0,30,0,74,174,156,85,0,415,0,0,0,415
01/02/2004,RDU,NC,ASO,EN,Towers with Radar,178,229,75,0,482,14,4,23,0,41,192,233,98,0,523,0,0,0,523
01/03/2004,RDU,NC,ASO,EN,Towers with Radar,164,185,70,2,421,22,0,58,0,80,186,185,128,2,501,0,0,0,501
01/04/2004,RDU,NC,ASO,EN,Towers with Radar,163,183,69,0,415,23,0,37,0,60,186,183,106,0,475,0,0,0,475
01/05/2004,RDU,NC,ASO,EN,Towers with Radar,195,251,69,2,517,6,16,0,0,22,201,267,69,2,539,0,0,0,539
01/06/2004,RDU,NC,ASO,EN,Towers with Radar,221,312,102,3,638,0,6,55,0,61,221,318,157,3,699,0,0,0,699
01/07/2004,RDU,NC,ASO,EN,Towers with Radar,217,303,98,3,621,0,20,50,6,76,217,323,148,9,697,0,0,0,697
01/08/2004,RDU,NC,ASO,EN,Towers with Radar,217,299,97,3,616,0,24,45,4,73,217,323,142,7,689,5,6,11,700
01/09/2004,RDU,NC,ASO,EN,Towers with Radar,200,258,75,3,536,11,40,0,1,52,211,298,75,4,588,0,0,0,588
01/10/2004,RDU,NC,ASO,EN,Towers with Radar,151,196,63,2,412,22,0,11,7,40,173,196,74,9,452,0,0,0,452
01/11/2004,RDU,NC,ASO,EN,Towers with Radar,161,196,67,2,426,23,0,33,6,62,184,196,100,8,488,0,0,0,488
01/12/2004,RDU,NC,ASO,EN,Towers with Radar,200,281,91,3,575,0,12,44,2,58,200,293,135,5,633,0,12,12,645
01/13/2004,RDU,NC,ASO,EN,Towers with Radar,217,303,98,3,621,0,4,77,4,85,217,307,175,7,706,2,0,2,708
01/14/2004,RDU,NC,ASO,EN,Towers with Radar,215,311,101,3,630,0,0,81,9,90,215,311,182,12,720,0,10,10,730
01/15/2004,RDU,NC,ASO,EN,Towers with Radar,215,296,96,3,610,0,1,49,0,50,215,297,145,3,660,0,0,0,660
01/16/2004,RDU,NC,ASO,EN,Towers with Radar,221,323,105,3,652,0,5,79,15,99,221,328,184,18,751,0,0,0,751
01/17/2004,RDU,NC,ASO,EN,Towers with Radar,170,216,75,1,462,0,0,85,0,85,170,216,160,1,547,0,0,0,547
01/18/2004,RDU,NC,ASO,EN,Towers with Radar,153,174,63,1,391,12,0,6,0,18,165,174,69,1,409,0,0,0,409
01/19/2004,RDU,NC,ASO,EN,Towers with Radar,196,251,81,1,529,4,10,62,0,76,200,261,143,1,605,0,0,0,605
01/20/2004,RDU,NC,ASO,EN,Towers with Radar,215,282,92,2,591,0,21,46,9,76,215,303,138,11,667,0,0,0,667
01/21/2004,RDU,NC,ASO,EN,Towers with Radar,218,300,100,2,620,0,0,76,6,82,218,300,176,8,702,0,0,0,702
01/22/2004,RDU,NC,ASO,EN,Towers with Radar,225,297,97,2,621,0,6,68,9,83,225,303,165,11,704,6,0,6,710
01/23/2004,RDU,NC,ASO,EN,Towers with Radar,210,307,101,2,620,0,13,54,7,74,210,320,155,9,694,0,0,0,694
01/24/2004,RDU,NC,ASO,EN,Towers with Radar,166,204,70,0,440,10,0,50,0,60,176,204,120,0,500,17,0,17,517
01/25/2004,RDU,NC,ASO,EN,Towers with Radar,88,111,23,0,222,41,0,0,0,41,129,111,23,0,263,0,0,0,263
01/26/2004,RDU,NC,ASO,EN,Towers with Radar,98,125,35,0,258,22,23,0,0,45,120,148,35,0,303,0,0,0,303
01/27/2004,RDU,NC,ASO,EN,Towers with Radar,148,189,51,0,388,28,39,0,0,67,176,228,51,0,455,0,0,0,455
01/28/2004,RDU,NC,ASO,EN,Towers with Radar,200,267,88,2,557,0,17,61,1,79,200,284,149,3,636,0,0,0,636
01/29/2004,RDU,NC,ASO,EN,Towers with Radar,212,306,100,3,621,0,15,87,2,104,212,321,187,5,725,0,0,0,725
01/30/2004,RDU,NC,ASO,EN,Towers with Radar,215,314,103,2,634,0,1,65,6,72,215,315,168,8,706,0,6,6,712
01/31/2004,RDU,NC,ASO,EN,Towers with Radar,162,198,68,1,429,12,0,68,0,80,174,198,136,1,509,6,0,6,515
02/01/2004,RDU,NC,ASO,EN,Towers with Radar,148,193,70,2,413,25,0,39,2,66,173,193,109,4,479,6,0,6,485
02/02/2004,RDU,NC,ASO,EN,Towers with Radar,177,262,87,3,529,0,34,32,7,73,177,296,119,10,602,0,0,0,602
02/03/2004,RDU,NC,ASO,EN,Towers with Radar,214,302,101,3,620,4,4,23,8,39,218,306,124,11,659,0,0,0,659
02/04/2004,RDU,NC,ASO,EN,Towers with Radar,216,316,106,3,641,0,5,86,14,105,216,321,192,17,746,6,26,32,778
02/05/2004,RDU,NC,ASO,EN,Towers with Radar,206,325,110,3,644,0,0,68,6,74,206,325,178,9,718,0,0,0,718
02/06/2004,RDU,NC,ASO,EN,Towers with Radar,195,275,69,3,542,13,18,0,5,36,208,293,69,8,578,28,0,28,606
02/07/2004,RDU,NC,ASO,EN,Towers with Radar,158,219,74,2,453,26,0,42,4,72,184,219,116,6,525,0,0,0,525
02/08/2004,RDU,NC,ASO,EN,Towers with Radar,162,217,76,2,457,15,0,49,8,72,177,217,125,10,529,10,0,10,539
02/09/2004,RDU,NC,ASO,EN,Towers with Radar,190,284,95,3,572,0,17,25,0,42,190,301,120,3,614,0,0,0,614
02/10/2004,RDU,NC,ASO,EN,Towers with Radar,213,311,104,3,631,0,17,37,5,59,213,328,141,8,690,0,0,0,690
02/11/2004,RDU,NC,ASO,EN,Towers with Radar,223,336,112,3,674,0,2,90,0,92,223,338,202,3,766,0,0,0,766
02/12/2004,RDU,NC,ASO,EN,Towers with Radar,208,294,98,1,601,4,18,7,0,29,212,312,105,1,630,0,0,0,630
02/13/2004,RDU,NC,ASO,EN,Towers with Radar,218,323,111,3,655,0,0,122,1,123,218,323,233,4,778,0,0,0,778
02/14/2004,RDU,NC,ASO,EN,Towers with Radar,153,201,72,2,428,12,0,37,1,50,165,201,109,3,478,6,0,6,484
02/15/2004,RDU,NC,ASO,EN,Towers with Radar,151,191,72,0,414,21,0,11,0,32,172,191,83,0,446,0,0,0,446
02/16/2004,RDU,NC,ASO,EN,Towers with Radar,173,242,82,2,499,22,17,31,0,70,195,259,113,2,569,0,0,0,569
02/17/2004,RDU,NC,ASO,EN,Towers with Radar,198,276,87,2,563,15,43,0,0,58,213,319,87,2,621,0,0,0,621
02/18/2004,RDU,NC,ASO,EN,Towers with Radar,221,316,107,3,647,0,6,42,9,57,221,322,149,12,704,0,0,0,704
02/19/2004,RDU,NC,ASO,EN,Towers with Radar,215,336,113,3,667,0,0,92,4,96,215,336,205,7,763,0,0,0,763
02/20/2004,RDU,NC,ASO,EN,Towers with Radar,211,307,112,2,632,0,0,74,6,80,211,307,186,8,712,1,0,1,713
02/21/2004,RDU,NC,ASO,EN,Towers with Radar,147,205,70,1,423,22,9,0,1,32,169,214,70,2,455,12,0,12,467
02/22/2004,RDU,NC,ASO,EN,Towers with Radar,180,225,89,0,494,0,0,117,0,117,180,225,206,0,611,16,0,16,627
02/23/2004,RDU,NC,ASO,EN,Towers with Radar,192,303,103,2,600,0,0,58,10,68,192,303,161,12,668,0,0,0,668
02/24/2004,RDU,NC,ASO,EN,Towers with Radar,210,314,106,2,632,0,10,19,1,30,210,324,125,3,662,0,0,0,662
02/25/2004,RDU,NC,ASO,EN,Towers with Radar,218,312,106,2,638,0,4,27,6,37,218,316,133,8,675,0,0,0,675
02/26/2004,RDU,NC,ASO,EN,Towers with Radar,187,261,88,2,538,4,22,28,4,58,191,283,116,6,596,0,0,0,596
02/27/2004,RDU,NC,ASO,EN,Towers with Radar,192,268,86,2,548,4,39,0,1,44,196,307,86,3,592,9,0,9,601
02/28/2004,RDU,NC,ASO,EN,Towers with Radar,158,213,74,1,446,16,0,60,7,83,174,213,134,8,529,28,6,34,563
02/29/2004,RDU,NC,ASO,EN,Towers with Radar,168,209,78,1,456,6,0,98,0,104,174,209,176,1,560,40,0,40,600
03/01/2004,RDU,NC,ASO,EN,Towers with Radar,186,265,99,5,555,0,37,33,5,75,186,302,132,10,630,2,0,2,632
03/02/2004,RDU,NC,ASO,EN,Towers with Radar,214,309,117,5,645,0,17,18,2,37,214,326,135,7,682,0,0,0,682
03/03/2004,RDU,NC,ASO,EN,Towers with Radar,217,333,126,6,682,0,18,66,9,93,217,351,192,15,775,7,0,7,782
03/04/2004,RDU,NC,ASO,EN,Towers with Radar,212,306,116,5,639,0,28,76,10,114,212,334,192,15,753,6,0,6,759
03/05/2004,RDU,NC,ASO,EN,Towers with Radar,211,298,113,5,627,0,25,20,6,51,211,323,133,11,678,0,0,0,678
03/06/2004,RDU,NC,ASO,EN,Towers with Radar,151,212,80,2,445,36,1,7,0,44,187,213,87,2,489,4,2,6,495
03/07/2004,RDU,NC,ASO,EN,Towers with Radar,158,212,84,4,458,18,0,95,1,114,176,212,179,5,572,6,0,6,578
03/08/2004,RDU,NC,ASO,EN,Towers with Radar,187,263,99,3,552,8,50,32,0,90,195,313,131,3,642,0,0,0,642
03/09/2004,RDU,NC,ASO,EN,Towers with Radar,205,289,109,5,608,9,26,24,2,61,214,315,133,7,669,0,0,0,669
03/10/2004,RDU,NC,ASO,EN,Towers with Radar,212,299,113,5,629,3,24,22,2,51,215,323,135,7,680,0,0,0,680
03/11/2004,RDU,NC,ASO,EN,Towers with Radar,215,305,115,5,640,0,19,58,6,83,215,324,173,11,723,0,0,0,723
03/12/2004,RDU,NC,ASO,EN,Towers with Radar,221,309,118,5,653,0,0,48,5,53,221,309,166,10,706,0,0,0,706
03/13/2004,RDU,NC,ASO,EN,Towers with Radar,153,216,81,0,450,19,1,29,0,49,172,217,110,0,499,0,0,0,499
03/14/2004,RDU,NC,ASO,EN,Towers with Radar,166,214,88,4,472,16,0,50,1,67,182,214,138,5,539,2,0,2,541
03/15/2004,RDU,NC,ASO,EN,Towers with Radar,195,292,110,3,600,0,25,27,0,52,195,317,137,3,652,0,10,10,662
03/16/2004,RDU,NC,ASO,EN,Towers with Radar,217,279,116,0,612,2,0,22,0,24,219,279,138,0,636,0,0,0,636
03/17/2004,RDU,NC,ASO,EN,Towers with Radar,216,314,128,6,664,0,0,29,1,30,216,314,157,7,694,4,6,10,704
03/18/2004,RDU,NC,ASO,EN,Towers with Radar,215,334,130,5,684,0,0,49,0,49,215,334,179,5,733,18,0,18,751
03/19/2004,RDU,NC,ASO,EN,Towers with Radar,218,312,119,4,653,0,0,77,6,83,218,312,196,10,736,8,0,8,744
03/20/2004,RDU,NC,ASO,EN,Towers with Radar,160,214,85,2,461,9,0,68,0,77,169,214,153,2,538,0,0,0,538
03/21/2004,RDU,NC,ASO,EN,Towers with Radar,155,207,83,3,448,27,0,13,3,43,182,207,96,6,491,0,0,0,491
03/22/2004,RDU,NC,ASO,EN,Towers with Radar,202,281,108,3,594,3,27,24,0,54,205,308,132,3,648,0,8,8,656
03/23/2004,RDU,NC,ASO,EN,Towers with Radar,219,311,119,4,653,0,0,89,15,104,219,311,208,19,757,0,0,0,757
03/24/2004,RDU,NC,ASO,EN,Towers with Radar,222,312,119,4,657,0,17,67,10,94,222,329,186,14,751,0,0,0,751
03/25/2004,RDU,NC,ASO,EN,Towers with Radar,214,318,122,4,658,0,1,70,23,94,214,319,192,27,752,0,0,0,752
03/26/2004,RDU,NC,ASO,EN,Towers with Radar,218,304,116,4,642,3,12,45,19,79,221,316,161,23,721,0,0,0,721
03/27/2004,RDU,NC,ASO,EN,Towers with Radar,151,199,81,3,434,17,0,38,0,55,168,199,119,3,489,0,0,0,489
03/28/2004,RDU,NC,ASO,EN,Towers with Radar,177,198,95,3,473,0,0,55,4,59,177,198,150,7,532,0,0,0,532
03/29/2004,RDU,NC,ASO,EN,Towers with Radar,197,287,110,3,597,0,48,30,0,78,197,335,140,3,675,6,0,6,681
03/30/2004,RDU,NC,ASO,EN,Towers with Radar,215,307,120,4,646,0,0,27,9,36,215,307,147,13,682,0,0,0,682
03/31/2004,RDU,NC,ASO,EN,Towers with Radar,214,320,124,5,663,0,0,27,7,34,214,320,151,12,697,0,0,0,697
04/01/2004,RDU,NC,ASO,EN,Towers with Radar,222,320,126,4,672,0,5,39,7,51,222,325,165,11,723,0,0,0,723
04/02/2004,RDU,NC,ASO,EN,Towers with Radar,218,309,122,4,653,13,15,35,11,74,231,324,157,15,727,10,6,16,743
04/03/2004,RDU,NC,ASO,EN,Towers with Radar,157,211,88,3,459,16,0,49,5,70,173,211,137,8,529,18,0,18,547
04/04/2004,RDU,NC,ASO,EN,Towers with Radar,150,212,83,3,448,24,0,11,3,38,174,212,94,6,486,0,0,0,486
04/05/2004,RDU,NC,ASO,EN,Towers with Radar,198,282,110,4,594,4,16,52,4,76,202,298,162,8,670,0,4,4,674
04/06/2004,RDU,NC,ASO,EN,Towers with Radar,223,317,124,2,666,4,17,104,0,125,227,334,228,2,791,5,6,11,802
04/07/2004,RDU,NC,ASO,EN,Towers with Radar,221,322,126,4,673,0,11,93,8,112,221,333,219,12,785,2,0,2,787
04/08/2004,RDU,NC,ASO,EN,Towers with Radar,223,318,124,4,669,0,11,61,2,74,223,329,185,6,743,0,0,0,743
04/09/2004,RDU,NC,ASO,EN,Towers with Radar,215,306,119,4,644,6,14,108,2,130,221,320,227,6,774,0,0,0,774
04/10/2004,RDU,NC,ASO,EN,Towers with Radar,155,205,86,1,447,14,0,21,0,35,169,205,107,1,482,34,0,34,516
04/11/2004,RDU,NC,ASO,EN,Towers with Radar,159,209,77,0,445,18,0,0,0,18,177,209,77,0,463,0,0,0,463
04/12/2004,RDU,NC,ASO,EN,Towers with Radar,195,277,104,0,576,0,38,0,0,38,195,315,104,0,614,0,0,0,614
04/13/2004,RDU,NC,ASO,EN,Towers with Radar,195,277,100,4,576,23,38,0,0,61,218,315,100,4,637,0,0,0,637
04/14/2004,RDU,NC,ASO,EN,Towers with Radar,223,344,138,4,709,0,0,51,2,53,223,344,189,6,762,0,0,0,762
04/15/2004,RDU,NC,ASO,EN,Towers with Radar,220,346,139,4,709,0,0,86,11,97,220,346,225,15,806,0,0,0,806
04/16/2004,RDU,NC,ASO,EN,Towers with Radar,220,338,132,3,693,0,3,120,13,136,220,341,252,16,829,21,0,21,850
04/17/2004,RDU,NC,ASO,EN,Towers with Radar,156,219,86,2,463,13,0,89,2,104,169,219,175,4,567,0,0,0,567
04/18/2004,RDU,NC,ASO,EN,Towers with Radar,175,219,97,2,493,9,0,91,1,101,184,219,188,3,594,0,0,0,594
04/19/2004,RDU,NC,ASO,EN,Towers with Radar,201,296,117,3,617,0,15,85,15,115,201,311,202,18,732,0,0,0,732
04/20/2004,RDU,NC,ASO,EN,Towers with Radar,216,307,121,3,647,0,22,105,32,159,216,329,226,35,806,10,0,10,816
04/21/2004,RDU,NC,ASO,EN,Towers with Radar,217,313,123,3,656,0,12,86,14,112,217,325,209,17,768,0,0,0,768
04/22/2004,RDU,NC,ASO,EN,Towers with Radar,223,330,130,3,686,0,4,114,16,134,223,334,244,19,820,0,0,0,820
04/23/2004,RDU,NC,ASO,EN,Towers with Radar,213,310,122,3,648,0,17,111,19,147,213,327,233,22,795,0,0,0,795
04/24/2004,RDU,NC,ASO,EN,Towers with Radar,147,207,82,2,438,25,11,97,1,134,172,218,179,3,572,0,0,0,572
04/25/2004,RDU,NC,ASO,EN,Towers with Radar,178,215,99,2,494,1,0,39,3,43,179,215,138,5,537,0,0,0,537
04/26/2004,RDU,NC,ASO,EN,Towers with Radar,192,270,107,2,571,6,39,5,2,52,198,309,112,4,623,0,0,0,623
04/27/2004,RDU,NC,ASO,EN,Towers with Radar,215,308,122,3,648,0,12,57,21,90,215,320,179,24,738,0,0,0,738
04/28/2004,RDU,NC,ASO,EN,Towers with Radar,219,317,125,3,664,0,4,141,16,161,219,321,266,19,825,0,0,0,825
04/29/2004,RDU,NC,ASO,EN,Towers with Radar,219,321,129,3,672,0,0,146,5,151,219,321,275,8,823,0,0,0,823
04/30/2004,RDU,NC,ASO,EN,Towers with Radar,219,319,126,3,667,0,34,56,10,100,219,353,182,13,767,10,0,10,777
05/01/2004,RDU,NC,ASO,EN,Towers with Radar,152,205,73,4,434,17,0,0,0,17,169,205,73,4,451,0,0,0,451
05/02/2004,RDU,NC,ASO,EN,Towers with Radar,155,206,82,2,445,28,0,1,0,29,183,206,83,2,474,0,0,0,474
05/03/2004,RDU,NC,ASO,EN,Towers with Radar,214,300,114,2,630,0,4,0,0,4,214,304,114,2,634,0,0,0,634
05/04/2004,RDU,NC,ASO,EN,Towers with Radar,209,288,110,6,613,10,41,108,11,170,219,329,218,17,783,0,0,0,783
05/05/2004,RDU,NC,ASO,EN,Towers with Radar,218,306,117,6,647,0,41,106,32,179,218,347,223,38,826,0,6,6,832
05/06/2004,RDU,NC,ASO,EN,Towers with Radar,218,309,118,6,651,0,34,141,30,205,218,343,259,36,856,0,8,8,864
05/07/2004,RDU,NC,ASO,EN,Towers with Radar,217,334,128,6,685,0,0,149,16,165,217,334,277,22,850,0,0,0,850
05/08/2004,RDU,NC,ASO,EN,Towers with Radar,163,224,86,4,477,17,0,99,2,118,180,224,185,6,595,0,0,0,595
05/09/2004,RDU,NC,ASO,EN,Towers with Radar,177,227,93,2,499,0,0,98,0,98,177,227,191,2,597,0,0,0,597
05/10/2004,RDU,NC,ASO,EN,Towers with Radar,201,289,110,6,606,0,40,70,12,122,201,329,180,18,728,0,0,0,728
05/11/2004,RDU,NC,ASO,EN,Towers with Radar,218,301,115,6,640,7,25,98,15,145,225,326,213,21,785,0,0,0,785
05/12/2004,RDU,NC,ASO,EN,Towers with Radar,216,309,118,6,649,0,0,80,19,99,216,309,198,25,748,0,0,0,748
05/13/2004,RDU,NC,ASO,EN,Towers with Radar,211,340,131,6,688,0,0,97,15,112,211,340,228,21,800,10,0,10,810
05/14/2004,RDU,NC,ASO,EN,Towers with Radar,218,311,118,5,652,0,25,48,17,90,218,336,166,22,742,16,0,16,758
05/15/2004,RDU,NC,ASO,EN,Towers with Radar,154,203,82,3,442,22,0,35,9,66,176,203,117,12,508,0,0,0,508
05/16/2004,RDU,NC,ASO,EN,Towers with Radar,168,213,89,2,472,10,0,34,0,44,178,213,123,2,516,0,0,0,516
05/17/2004,RDU,NC,ASO,EN,Towers with Radar,194,301,116,5,616,0,21,99,40,160,194,322,215,45,776,0,0,0,776
05/18/2004,RDU,NC,ASO,EN,Towers with Radar,208,288,111,5,612,0,45,68,11,124,208,333,179,16,736,8,0,8,744
05/19/2004,RDU,NC,ASO,EN,Towers with Radar,223,305,118,5,651,2,46,35,13,96,225,351,153,18,747,0,0,0,747
05/20/2004,RDU,NC,ASO,EN,Towers with Radar,218,349,135,6,708,0,11,65,17,93,218,360,200,23,801,0,0,0,801
05/21/2004,RDU,NC,ASO,EN,Towers with Radar,213,309,119,5,646,0,12,112,4,128,213,321,231,9,774,0,0,0,774
05/22/2004,RDU,NC,ASO,EN,Towers with Radar,154,210,81,0,445,25,6,69,0,100,179,216,150,0,545,0,0,0,545
05/23/2004,RDU,NC,ASO,EN,Towers with Radar,167,211,88,3,469,17,0,26,3,46,184,211,114,6,515,0,0,0,515
05/24/2004,RDU,NC,ASO,EN,Towers with Radar,200,297,115,5,617,0,18,58,19,95,200,315,173,24,712,0,12,12,724
05/25/2004,RDU,NC,ASO,EN,Towers with Radar,217,296,114,5,632,8,45,68,9,130,225,341,182,14,762,10,0,10,772
05/26/2004,RDU,NC,ASO,EN,Towers with Radar,213,314,121,5,653,0,27,51,9,87,213,341,172,14,740,6,6,12,752
05/27/2004,RDU,NC,ASO,EN,Towers with Radar,222,336,129,5,692,0,0,102,9,111,222,336,231,14,803,2,0,2,805
05/28/2004,RDU,NC,ASO,EN,Towers with Radar,224,317,122,5,668,0,14,70,7,91,224,331,192,12,759,0,0,0,759
05/29/2004,RDU,NC,ASO,EN,Towers with Radar,147,201,78,0,426,27,0,50,0,77,174,201,128,0,503,0,0,0,503
05/30/2004,RDU,NC,ASO,EN,Towers with Radar,135,173,58,0,366,28,0,0,0,28,163,173,58,0,394,0,0,0,394
05/31/2004,RDU,NC,ASO,EN,Towers with Radar,152,201,76,2,431,37,0,0,0,37,189,201,76,2,468,12,0,12,480
06/01/2004,RDU,NC,ASO,EN,Towers with Radar,193,295,112,5,605,0,25,71,3,99,193,320,183,8,704,8,0,8,712
06/02/2004,RDU,NC,ASO,EN,Towers with Radar,215,312,119,5,651,7,8,106,8,129,222,320,225,13,780,4,0,4,784
06/03/2004,RDU,NC,ASO,EN,Towers with Radar,215,324,123,5,667,0,14,115,12,141,215,338,238,17,808,18,0,18,826
06/04/2004,RDU,NC,ASO,EN,Towers with Radar,208,301,114,4,627,9,25,7,0,41,217,326,121,4,668,0,0,0,668
06/05/2004,RDU,NC,ASO,EN,Towers with Radar,153,214,84,4,455,24,0,10,2,36,177,214,94,6,491,0,0,0,491
06/06/2004,RDU,NC,ASO,EN,Towers with Radar,164,209,90,4,467,17,0,17,7,41,181,209,107,11,508,0,0,0,508
06/07/2004,RDU,NC,ASO,EN,Towers with Radar,198,298,113,5,614,0,30,8,13,51,198,328,121,18,665,0,0,0,665
06/08/2004,RDU,NC,ASO,EN,Towers with Radar,223,323,123,5,674,1,13,9,3,26,224,336,132,8,700,0,0,0,700
06/09/2004,RDU,NC,ASO,EN,Towers with Radar,215,311,118,5,649,2,24,56,3,85,217,335,174,8,734,0,0,0,734
06/10/2004,RDU,NC,ASO,EN,Towers with Radar,207,312,119,5,643,0,2,84,12,98,207,314,203,17,741,0,0,0,741
06/11/2004,RDU,NC,ASO,EN,Towers with Radar,221,321,122,5,669,0,25,107,2,134,221,346,229,7,803,0,0,0,803
06/12/2004,RDU,NC,ASO,EN,Towers with Radar,169,228,93,0,490,15,0,0,0,15,184,228,93,0,505,34,0,34,539
06/13/2004,RDU,NC,ASO,EN,Towers with Radar,169,222,93,4,488,18,0,45,3,66,187,222,138,7,554,0,0,0,554
06/14/2004,RDU,NC,ASO,EN,Towers with Radar,195,301,114,5,615,0,22,44,7,73,195,323,158,12,688,0,0,0,688
06/15/2004,RDU,NC,ASO,EN,Towers with Radar,216,311,118,2,647,4,8,20,0,32,220,319,138,2,679,0,0,0,679
06/16/2004,RDU,NC,ASO,EN,Towers with Radar,219,314,117,5,655,2,0,0,21,23,221,314,117,26,678,0,0,0,678
06/17/2004,RDU,NC,ASO,EN,Towers with Radar,224,329,132,6,691,0,0,28,5,33,224,329,160,11,724,2,0,2,726
06/18/2004,RDU,NC,ASO,EN,Towers with Radar,229,330,127,4,690,4,17,56,13,90,233,347,183,17,780,0,0,0,780
06/19/2004,RDU,NC,ASO,EN,Towers with Radar,158,227,87,3,475,20,8,36,13,77,178,235,123,16,552,0,0,0,552
06/20/2004,RDU,NC,ASO,EN,Towers with Radar,172,229,95,3,499,20,0,107,1,128,192,229,202,4,627,20,0,20,647
06/21/2004,RDU,NC,ASO,EN,Towers with Radar,179,284,109,4,576,0,33,54,9,96,179,317,163,13,672,0,0,0,672
06/22/2004,RDU,NC,ASO,EN,Towers with Radar,219,319,122,4,664,0,10,31,7,48,219,329,153,11,712,0,0,0,712
06/23/2004,RDU,NC,ASO,EN,Towers with Radar,227,327,126,4,684,0,18,22,11,51,227,345,148,15,735,0,0,0,735
06/24/2004,RDU,NC,ASO,EN,Towers with Radar,229,349,141,5,724,0,0,48,8,56,229,349,189,13,780,0,0,0,780
06/25/2004,RDU,NC,ASO,EN,Towers with Radar,212,323,124,4,663,0,0,44,12,56,212,323,168,16,719,0,0,0,719
06/26/2004,RDU,NC,ASO,EN,Towers with Radar,173,249,90,2,514,6,7,0,0,13,179,256,90,2,527,0,0,0,527
06/27/2004,RDU,NC,ASO,EN,Towers with Radar,182,240,101,2,525,3,0,53,0,56,185,240,154,2,581,0,0,0,581
06/28/2004,RDU,NC,ASO,EN,Towers with Radar,203,318,122,3,646,0,2,25,0,27,203,320,147,3,673,0,0,0,673
06/29/2004,RDU,NC,ASO,EN,Towers with Radar,224,322,124,4,674,3,23,94,24,144,227,345,218,28,818,0,0,0,818
06/30/2004,RDU,NC,ASO,EN,Towers with Radar,230,349,134,5,718,0,1,14,14,29,230,350,148,19,747,0,0,0,747
07/01/2004,RDU,NC,ASO,EN,Towers with Radar,223,342,114,6,685,0,0,82,12,94,223,342,196,18,779,0,0,0,779
07/02/2004,RDU,NC,ASO,EN,Towers with Radar,226,337,106,5,674,0,9,47,3,59,226,346,153,8,733,2,0,2,735
07/03/2004,RDU,NC,ASO,EN,Towers with Radar,162,228,70,4,464,11,10,8,6,35,173,238,78,10,499,34,0,34,533
07/04/2004,RDU,NC,ASO,EN,Towers with Radar,131,173,51,3,358,47,0,0,1,48,178,173,51,4,406,0,0,0,406
07/05/2004,RDU,NC,ASO,EN,Towers with Radar,173,243,75,4,495,16,2,67,2,87,189,245,142,6,582,0,0,0,582
07/06/2004,RDU,NC,ASO,EN,Towers with Radar,211,300,93,5,609,0,34,83,23,140,211,334,176,28,749,0,0,0,749
07/07/2004,RDU,NC,ASO,EN,Towers with Radar,223,313,97,5,638,11,0,15,23,49,234,313,112,28,687,0,0,0,687
07/08/2004,RDU,NC,ASO,EN,Towers with Radar,235,331,102,5,673,6,11,72,20,109,241,342,174,25,782,0,0,0,782
07/09/2004,RDU,NC,ASO,EN,Towers with Radar,229,339,105,5,678,0,21,82,17,120,229,360,187,22,798,0,4,4,802
07/10/2004,RDU,NC,ASO,EN,Towers with Radar,174,238,76,4,492,21,0,91,0,112,195,238,167,4,604,0,0,0,604
07/11/2004,RDU,NC,ASO,EN,Towers with Radar,184,244,80,1,509,11,0,47,0,58,195,244,127,1,567,0,0,0,567
07/12/2004,RDU,NC,ASO,EN,Towers with Radar,200,290,93,5,588,0,0,66,5,71,200,290,159,10,659,0,0,0,659
07/13/2004,RDU,NC,ASO,EN,Towers with Radar,247,349,108,5,709,0,20,74,18,112,247,369,182,23,821,14,0,14,835
07/14/2004,RDU,NC,ASO,EN,Towers with Radar,220,296,96,5,617,6,0,86,18,110,226,296,182,23,727,0,0,0,727
07/15/2004,RDU,NC,ASO,EN,Towers with Radar,234,330,102,5,671,9,21,115,11,156,243,351,217,16,827,0,0,0,827
07/16/2004,RDU,NC,ASO,EN,Towers with Radar,229,333,103,5,670,0,21,91,6,118,229,354,194,11,788,0,0,0,788
07/17/2004,RDU,NC,ASO,EN,Towers with Radar,164,231,71,0,466,26,15,49,0,90,190,246,120,0,556,14,0,14,570
07/18/2004,RDU,NC,ASO,EN,Towers with Radar,185,248,62,2,497,14,0,0,0,14,199,248,62,2,511,0,0,0,511
07/19/2004,RDU,NC,ASO,EN,Towers with Radar,213,316,99,4,632,0,42,56,4,102,213,358,155,8,734,0,2,2,736
07/20/2004,RDU,NC,ASO,EN,Towers with Radar,229,348,109,4,690,0,33,94,17,144,229,381,203,21,834,0,0,0,834
07/21/2004,RDU,NC,ASO,EN,Towers with Radar,227,348,109,4,688,0,23,78,12,113,227,371,187,16,801,4,0,4,805
07/22/2004,RDU,NC,ASO,EN,Towers with Radar,220,340,106,4,670,0,11,64,18,93,220,351,170,22,763,0,12,12,775
07/23/2004,RDU,NC,ASO,EN,Towers with Radar,246,324,108,4,682,1,0,31,11,43,247,324,139,15,725,0,0,0,725
07/24/2004,RDU,NC,ASO,EN,Towers with Radar,179,250,76,0,505,13,10,0,0,23,192,260,76,0,528,0,0,0,528
07/25/2004,RDU,NC,ASO,EN,Towers with Radar,190,245,78,3,516,7,0,0,3,10,197,245,78,6,526,0,0,0,526
07/26/2004,RDU,NC,ASO,EN,Towers with Radar,213,301,94,4,612,0,41,20,12,73,213,342,114,16,685,0,0,0,685
07/27/2004,RDU,NC,ASO,EN,Towers with Radar,226,316,99,3,644,10,15,29,0,54,236,331,128,3,698,0,0,0,698
07/28/2004,RDU,NC,ASO,EN,Towers with Radar,240,358,112,4,714,0,9,37,31,77,240,367,149,35,791,0,0,0,791
07/29/2004,RDU,NC,ASO,EN,Towers with Radar,225,350,110,4,689,0,11,29,11,51,225,361,139,15,740,0,0,0,740
07/30/2004,RDU,NC,ASO,EN,Towers with Radar,231,360,113,4,708,0,14,42,18,74,231,374,155,22,782,4,8,12,794
07/31/2004,RDU,NC,ASO,EN,Towers with Radar,165,231,72,2,470,23,20,12,0,55,188,251,84,2,525,40,0,40,565
08/01/2004,RDU,NC,ASO,EN,Towers with Radar,164,225,76,1,466,14,0,18,0,32,178,225,94,1,498,10,0,10,508
08/02/2004,RDU,NC,ASO,EN,Towers with Radar,206,302,92,4,604,5,21,0,4,30,211,323,92,8,634,0,0,0,634
08/03/2004,RDU,NC,ASO,EN,Towers with Radar,234,350,110,4,698,0,9,26,31,66,234,359,136,35,764,0,0,0,764
08/04/2004,RDU,NC,ASO,EN,Towers with Radar,234,344,107,4,689,10,15,80,30,135,244,359,187,34,824,0,0,0,824
08/05/2004,RDU,NC,ASO,EN,Towers with Radar,230,359,112,5,706,0,0,51,29,80,230,359,163,34,786,10,10,20,806
08/06/2004,RDU,NC,ASO,EN,Towers with Radar,238,360,114,5,717,0,0,57,19,76,238,360,171,24,793,0,0,0,793
08/07/2004,RDU,NC,ASO,EN,Towers with Radar,167,246,77,3,493,21,4,95,7,127,188,250,172,10,620,0,0,0,620
08/08/2004,RDU,NC,ASO,EN,Towers with Radar,172,240,79,2,493,27,0,98,0,125,199,240,177,2,618,0,0,0,618
08/09/2004,RDU,NC,ASO,EN,Towers with Radar,213,318,99,4,634,0,24,97,6,127,213,342,196,10,761,2,5,7,768
08/10/2004,RDU,NC,ASO,EN,Towers with Radar,231,340,106,4,681,0,15,64,27,106,231,355,170,31,787,0,0,0,787
08/11/2004,RDU,NC,ASO,EN,Towers with Radar,228,319,105,4,656,0,0,79,29,108,228,319,184,33,764,0,0,0,764
08/12/2004,RDU,NC,ASO,EN,Towers with Radar,230,323,106,4,663,0,0,12,4,16,230,323,118,8,679,0,0,0,679
08/13/2004,RDU,NC,ASO,EN,Towers with Radar,208,306,78,4,596,22,17,0,6,45,230,323,78,10,641,0,0,0,641
08/14/2004,RDU,NC,ASO,EN,Towers with Radar,126,185,15,0,326,65,39,0,0,104,191,224,15,0,430,0,0,0,430
08/15/2004,RDU,NC,ASO,EN,Towers with Radar,167,227,57,0,451,33,0,0,0,33,200,227,57,0,484,0,2,2,486
08/16/2004,RDU,NC,ASO,EN,Towers with Radar,213,337,105,4,659,0,18,60,14,92,213,355,165,18,751,0,0,0,751
08/17/2004,RDU,NC,ASO,EN,Towers with Radar,232,357,113,5,707,0,40,58,29,127,232,397,171,34,834,0,0,0,834
08/18/2004,RDU,NC,ASO,EN,Towers with Radar,230,389,123,4,746,0,9,58,11,78,230,398,181,15,824,0,0,0,824
08/19/2004,RDU,NC,ASO,EN,Towers with Radar,230,365,115,4,714,0,52,93,22,167,230,417,208,26,881,0,0,0,881
08/20/2004,RDU,NC,ASO,EN,Towers with Radar,229,370,117,4,720,0,33,93,13,139,229,403,210,17,859,0,0,0,859
08/21/2004,RDU,NC,ASO,EN,Towers with Radar,162,236,75,2,475,31,11,17,3,62,193,247,92,5,537,0,0,0,537
08/22/2004,RDU,NC,ASO,EN,Towers with Radar,181,249,83,2,515,19,0,42,5,66,200,249,125,7,581,4,0,4,585
08/23/2004,RDU,NC,ASO,EN,Towers with Radar,213,341,108,3,665,0,28,66,14,108,213,369,174,17,773,0,0,0,773
08/24/2004,RDU,NC,ASO,EN,Towers with Radar,226,348,110,3,687,0,30,106,22,158,226,378,216,25,845,0,0,0,845
08/25/2004,RDU,NC,ASO,EN,Towers with Radar,227,370,116,4,717,0,16,69,11,96,227,386,185,15,813,0,0,0,813
08/26/2004,RDU,NC,ASO,EN,Towers with Radar,238,394,127,4,763,0,0,82,35,117,238,394,209,39,880,0,0,0,880
08/27/2004,RDU,NC,ASO,EN,Towers with Radar,231,374,118,4,727,0,13,63,17,93,231,387,181,21,820,0,2,2,822
08/28/2004,RDU,NC,ASO,EN,Towers with Radar,166,241,76,2,485,20,20,52,10,102,186,261,128,12,587,0,0,0,587
08/29/2004,RDU,NC,ASO,EN,Towers with Radar,168,236,77,2,483,26,0,11,1,38,194,236,88,3,521,0,0,0,521
08/30/2004,RDU,NC,ASO,EN,Towers with Radar,201,294,93,0,588,7,23,0,0,30,208,317,93,0,618,0,0,0,618
08/31/2004,RDU,NC,ASO,EN,Towers with Radar,234,388,122,4,748,0,6,67,34,107,234,394,189,38,855,0,0,0,855
09/01/2004,RDU,NC,ASO,EN,Towers with Radar,238,375,121,5,739,0,0,45,11,56,238,375,166,16,795,6,0,6,801
09/02/2004,RDU,NC,ASO,EN,Towers with Radar,228,364,109,4,705,0,11,79,13,103,228,375,188,17,808,0,0,0,808
09/03/2004,RDU,NC,ASO,EN,Towers with Radar,228,359,114,4,705,0,0,47,11,58,228,359,161,15,763,16,0,16,779
09/04/2004,RDU,NC,ASO,EN,Towers with Radar,150,226,69,0,445,24,0,24,0,48,174,226,93,0,493,14,0,14,507
09/05/2004,RDU,NC,ASO,EN,Towers with Radar,118,169,55,0,342,36,0,18,0,54,154,169,73,0,396,0,0,0,396
09/06/2004,RDU,NC,ASO,EN,Towers with Radar,176,257,74,0,507,24,0,0,0,24,200,257,74,0,531,0,0,0,531
09/07/2004,RDU,NC,ASO,EN,Towers with Radar,203,313,79,2,597,3,32,0,0,35,206,345,79,2,632,0,0,0,632
09/08/2004,RDU,NC,ASO,EN,Towers with Radar,197,303,75,3,578,27,46,0,0,73,224,349,75,3,651,0,0,0,651
09/09/2004,RDU,NC,ASO,EN,Towers with Radar,243,371,113,4,731,0,0,45,18,63,243,371,158,22,794,0,0,0,794
09/10/2004,RDU,NC,ASO,EN,Towers with Radar,228,382,119,5,734,0,0,111,16,127,228,382,230,21,861,0,0,0,861
09/11/2004,RDU,NC,ASO,EN,Towers with Radar,165,255,76,3,499,17,11,80,10,118,182,266,156,13,617,6,0,6,623
09/12/2004,RDU,NC,ASO,EN,Towers with Radar,173,246,80,3,502,23,0,56,5,84,196,246,136,8,586,0,10,10,596
09/13/2004,RDU,NC,ASO,EN,Towers with Radar,210,347,104,4,665,0,6,61,2,69,210,353,165,6,734,0,0,0,734
09/14/2004,RDU,NC,ASO,EN,Towers with Radar,226,370,111,4,711,0,20,34,3,57,226,390,145,7,768,0,0,0,768
09/15/2004,RDU,NC,ASO,EN,Towers with Radar,226,388,117,4,735,0,4,31,9,44,226,392,148,13,779,0,0,0,779
09/16/2004,RDU,NC,ASO,EN,Towers with Radar,225,358,98,4,685,0,25,0,1,26,225,383,98,5,711,0,0,0,711
09/17/2004,RDU,NC,ASO,EN,Towers with Radar,185,283,68,3,539,36,17,0,3,56,221,300,68,6,595,6,0,6,601
09/18/2004,RDU,NC,ASO,EN,Towers with Radar,169,258,72,3,502,18,36,0,2,56,187,294,72,5,558,0,0,0,558
09/19/2004,RDU,NC,ASO,EN,Towers with Radar,169,259,79,1,508,31,8,36,0,75,200,267,115,1,583,0,0,0,583
09/20/2004,RDU,NC,ASO,EN,Towers with Radar,216,349,106,3,674,0,21,54,10,85,216,370,160,13,759,0,0,0,759
09/21/2004,RDU,NC,ASO,EN,Towers with Radar,233,387,117,3,740,0,11,109,13,133,233,398,226,16,873,0,0,0,873
09/22/2004,RDU,NC,ASO,EN,Towers with Radar,228,374,113,3,718,0,1,111,17,129,228,375,224,20,847,0,0,0,847
09/23/2004,RDU,NC,ASO,EN,Towers with Radar,245,400,121,4,770,0,16,109,12,137,245,416,230,16,907,0,0,0,907
09/24/2004,RDU,NC,ASO,EN,Towers with Radar,242,401,124,4,771,0,0,82,11,93,242,401,206,15,864,0,0,0,864
09/25/2004,RDU,NC,ASO,EN,Towers with Radar,176,272,84,2,534,0,0,61,11,72,176,272,145,13,606,0,0,0,606
09/26/2004,RDU,NC,ASO,EN,Towers with Radar,182,255,85,1,523,6,0,73,0,79,188,255,158,1,602,0,0,0,602
09/27/2004,RDU,NC,ASO,EN,Towers with Radar,203,311,76,2,592,11,45,0,0,56,214,356,76,2,648,0,0,0,648
09/28/2004,RDU,NC,ASO,EN,Towers with Radar,221,338,94,2,655,28,21,0,0,49,249,359,94,2,704,0,0,0,704
09/29/2004,RDU,NC,ASO,EN,Towers with Radar,247,384,124,4,759,0,0,117,20,137,247,384,241,24,896,0,0,0,896
09/30/2004,RDU,NC,ASO,EN,Towers with Radar,228,364,117,3,712,0,0,44,19,63,228,364,161,22,775,7,0,7,782
10/01/2004,RDU,NC,ASO,EN,Towers with Radar,235,373,150,2,760,0,1,29,5,35,235,374,179,7,795,0,0,0,795
10/02/2004,RDU,NC,ASO,EN,Towers with Radar,179,266,57,4,506,0,0,16,0,16,179,266,73,4,522,8,0,8,530
10/03/2004,RDU,NC,ASO,EN,Towers with Radar,205,234,89,0,528,0,1,59,0,60,205,235,148,0,588,0,0,0,588
10/04/2004,RDU,NC,ASO,EN,Towers with Radar,220,337,98,1,656,0,0,42,1,43,220,337,140,2,699,0,0,0,699
10/05/2004,RDU,NC,ASO,EN,Towers with Radar,234,351,111,4,700,0,5,71,18,94,234,356,182,22,794,0,0,0,794
10/06/2004,RDU,NC,ASO,EN,Towers with Radar,242,337,122,4,705,0,8,88,7,103,242,345,210,11,808,0,0,0,808
10/07/2004,RDU,NC,ASO,EN,Towers with Radar,248,368,110,4,730,0,7,96,8,111,248,375,206,12,841,2,10,12,853
10/08/2004,RDU,NC,ASO,EN,Towers with Radar,250,367,117,4,738,0,5,99,3,107,250,372,216,7,845,0,0,0,845
10/09/2004,RDU,NC,ASO,EN,Towers with Radar,192,243,57,2,494,0,2,50,3,55,192,245,107,5,549,0,0,0,549
10/10/2004,RDU,NC,ASO,EN,Towers with Radar,214,250,84,0,548,0,0,85,0,85,214,250,169,0,633,0,0,0,633
10/11/2004,RDU,NC,ASO,EN,Towers with Radar,218,317,109,0,644,0,0,76,5,81,218,317,185,5,725,0,0,0,725
10/12/2004,RDU,NC,ASO,EN,Towers with Radar,241,358,128,5,732,0,4,72,10,86,241,362,200,15,818,0,0,0,818
10/13/2004,RDU,NC,ASO,EN,Towers with Radar,237,366,128,1,732,0,3,13,3,19,237,369,141,4,751,0,0,0,751
10/14/2004,RDU,NC,ASO,EN,Towers with Radar,284,422,188,2,896,0,5,46,10,61,284,427,234,12,957,0,0,0,957
10/15/2004,RDU,NC,ASO,EN,Towers with Radar,247,369,99,4,719,0,4,29,17,50,247,373,128,21,769,0,0,0,769
10/16/2004,RDU,NC,ASO,EN,Towers with Radar,199,243,58,0,500,0,2,41,7,50,199,245,99,7,550,0,0,0,550
10/17/2004,RDU,NC,ASO,EN,Towers with Radar,207,258,80,2,547,0,1,63,4,68,207,259,143,6,615,0,0,0,615
10/18/2004,RDU,NC,ASO,EN,Towers with Radar,222,334,91,8,655,0,4,53,6,63,222,338,144,14,718,0,0,0,718
10/19/2004,RDU,NC,ASO,EN,Towers with Radar,238,357,110,12,717,0,0,18,7,25,238,357,128,19,742,0,0,0,742
10/20/2004,RDU,NC,ASO,EN,Towers with Radar,237,350,116,8,711,0,0,5,0,5,237,350,121,8,716,0,0,0,716
10/21/2004,RDU,NC,ASO,EN,Towers with Radar,237,370,139,4,750,0,0,2,0,2,237,370,141,4,752,0,0,0,752
10/22/2004,RDU,NC,ASO,EN,Towers with Radar,255,380,134,6,775,0,0,32,7,39,255,380,166,13,814,0,0,0,814
10/23/2004,RDU,NC,ASO,EN,Towers with Radar,191,251,79,1,522,0,2,63,2,67,191,253,142,3,589,0,0,0,589
10/24/2004,RDU,NC,ASO,EN,Towers with Radar,211,263,146,3,623,0,0,4,2,6,211,263,150,5,629,0,0,0,629
10/25/2004,RDU,NC,ASO,EN,Towers with Radar,226,349,127,3,705,0,0,20,1,21,226,349,147,4,726,0,0,0,726
10/26/2004,RDU,NC,ASO,EN,Towers with Radar,236,373,145,1,755,0,2,65,15,82,236,375,210,16,837,0,0,0,837
10/27/2004,RDU,NC,ASO,EN,Towers with Radar,235,362,122,10,729,0,1,28,10,39,235,363,150,20,768,0,0,0,768
10/28/2004,RDU,NC,ASO,EN,Towers with Radar,241,361,137,4,743,0,1,35,6,42,241,362,172,10,785,0,0,0,785
10/29/2004,RDU,NC,ASO,EN,Towers with Radar,254,366,142,7,769,0,1,4,8,13,254,367,146,15,782,0,8,8,790
10/30/2004,RDU,NC,ASO,EN,Towers with Radar,198,239,64,0,501,0,0,10,2,12,198,239,74,2,513,0,0,0,513
10/31/2004,RDU,NC,ASO,EN,Towers with Radar,205,235,71,5,516,0,0,66,0,66,205,235,137,5,582,6,0,6,588
11/01/2004,RDU,NC,ASO,EN,Combined TRACON& Tower with Radar,218,336,85,2,641,0,2,95,4,101,218,338,180,6,742,0,0,0,742
11/02/2004,RDU,NC,ASO,EN,Combined TRACON& Tower with Radar,239,362,111,5,717,0,3,51,6,60,239,365,162,11,777,10,0,10,787
11/03/2004,RDU,NC,ASO,EN,Combined TRACON& Tower with Radar,252,366,119,4,741,0,8,36,10,54,252,374,155,14,795,0,0,0,795
11/04/2004,RDU,NC,ASO,EN,Combined TRACON& Tower with Radar,244,359,126,1,730,0,0,7,0,7,244,359,133,1,737,0,0,0,737
11/05/2004,RDU,NC,ASO,EN,Combined TRACON& Tower with Radar,263,367,132,2,764,1,12,93,4,110,264,379,225,6,874,0,6,6,880
11/06/2004,RDU,NC,ASO,EN,Combined TRACON& Tower with Radar,192,236,77,1,506,0,4,102,9,115,192,240,179,10,621,12,6,18,639
11/07/2004,RDU,NC,ASO,EN,Combined TRACON& Tower with Radar,199,244,87,10,540,0,0,103,9,112,199,244,190,19,652,3,0,3,655
11/08/2004,RDU,NC,ASO,EN,Combined TRACON& Tower with Radar,220,344,91,1,656,0,3,77,3,83,220,347,168,4,739,6,0,6,745
11/09/2004,RDU,NC,ASO,EN,Combined TRACON& Tower with Radar,239,373,128,9,749,0,2,91,12,105,239,375,219,21,854,6,0,6,860
11/10/2004,RDU,NC,ASO,EN,Combined TRACON& Tower with Radar,240,369,122,5,736,0,0,89,15,104,240,369,211,20,840,0,0,0,840
11/11/2004,RDU,NC,ASO,EN,Combined TRACON& Tower with Radar,242,334,130,4,710,0,1,79,3,83,242,335,209,7,793,0,0,0,793
11/12/2004,RDU,NC,ASO,EN,Combined TRACON& Tower with Radar,236,353,115,4,708,0,1,4,2,7,236,354,119,6,715,0,0,0,715
11/13/2004,RDU,NC,ASO,EN,Combined TRACON& Tower with Radar,190,248,49,1,488,0,3,22,1,26,190,251,71,2,514,0,0,0,514
11/14/2004,RDU,NC,ASO,EN,Combined TRACON& Tower with Radar,195,235,75,2,507,0,2,98,1,101,195,237,173,3,608,0,0,0,608
11/15/2004,RDU,NC,ASO,EN,Combined TRACON& Tower with Radar,216,343,69,6,634,0,1,86,2,89,216,344,155,8,723,0,0,0,723
11/16/2004,RDU,NC,ASO,EN,Combined TRACON& Tower with Radar,237,376,112,5,730,0,3,61,7,71,237,379,173,12,801,2,0,2,803
11/17/2004,RDU,NC,ASO,EN,Combined TRACON& Tower with Radar,238,339,119,6,702,0,4,94,15,113,238,343,213,21,815,0,0,0,815
11/18/2004,RDU,NC,ASO,EN,Combined TRACON& Tower with Radar,237,378,141,5,761,0,3,53,9,65,237,381,194,14,826,2,4,6,832
11/19/2004,RDU,NC,ASO,EN,Combined TRACON& Tower with Radar,242,367,127,11,747,0,8,73,10,91,242,375,200,21,838,0,0,0,838
11/20/2004,RDU,NC,ASO,EN,Combined TRACON& Tower with Radar,189,245,74,0,508,0,4,34,0,38,189,249,108,0,546,6,0,6,552
11/21/2004,RDU,NC,ASO,EN,Combined TRACON& Tower with Radar,203,243,76,6,528,0,1,57,0,58,203,244,133,6,586,4,0,4,590
11/22/2004,RDU,NC,ASO,EN,Combined TRACON& Tower with Radar,216,358,129,2,705,0,1,18,5,24,216,359,147,7,729,0,12,12,741
11/23/2004,RDU,NC,ASO,EN,Combined TRACON& Tower with Radar,250,381,113,0,744,0,0,0,0,0,250,381,113,0,744,0,0,0,744
11/24/2004,RDU,NC,ASO,EN,Combined TRACON& Tower with Radar,236,370,84,0,690,0,1,3,0,4,236,371,87,0,694,0,0,0,694
11/25/2004,RDU,NC,ASO,EN,Combined TRACON& Tower with Radar,197,246,33,0,476,0,0,7,0,7,197,246,40,0,483,0,0,0,483
11/26/2004,RDU,NC,ASO,EN,Combined TRACON& Tower with Radar,176,266,40,0,482,0,6,85,1,92,176,272,125,1,574,0,0,0,574
11/27/2004,RDU,NC,ASO,EN,Combined TRACON& Tower with Radar,184,241,58,0,483,0,3,56,0,59,184,244,114,0,542,0,0,0,542
11/28/2004,RDU,NC,ASO,EN,Combined TRACON& Tower with Radar,206,261,120,0,587,0,1,30,0,31,206,262,150,0,618,0,0,0,618
11/29/2004,RDU,NC,ASO,EN,Combined TRACON& Tower with Radar,222,354,105,4,685,0,2,65,5,72,222,356,170,9,757,0,0,0,757
11/30/2004,RDU,NC,ASO,EN,Combined TRACON& Tower with Radar,238,358,154,1,751,0,8,68,7,83,238,366,222,8,834,0,0,0,834
12/01/2004,RDU,NC,ASO,EN,Combined TRACON& Tower with Radar,229,364,97,4,694,0,5,25,7,37,229,369,122,11,731,0,0,0,731
12/02/2004,RDU,NC,ASO,EN,Combined TRACON& Tower with Radar,260,376,129,3,768,2,10,92,3,107,262,386,221,6,875,0,0,0,875
12/03/2004,RDU,NC,ASO,EN,Combined TRACON& Tower with Radar,271,405,105,6,787,3,14,104,3,124,274,419,209,9,911,0,0,0,911
12/04/2004,RDU,NC,ASO,EN,Combined TRACON& Tower with Radar,190,257,68,1,516,0,4,74,0,78,190,261,142,1,594,0,0,0,594
12/05/2004,RDU,NC,ASO,EN,Combined TRACON& Tower with Radar,203,246,59,7,515,0,0,79,0,79,203,246,138,7,594,0,0,0,594
12/06/2004,RDU,NC,ASO,EN,Combined TRACON& Tower with Radar,223,350,120,3,696,0,0,26,1,27,223,350,146,4,723,0,0,0,723
12/07/2004,RDU,NC,ASO,EN,Combined TRACON& Tower with Radar,230,362,126,0,718,0,0,16,0,16,230,362,142,0,734,0,0,0,734
12/08/2004,RDU,NC,ASO,EN,Combined TRACON& Tower with Radar,250,366,137,11,764,0,7,90,22,119,250,373,227,33,883,0,0,0,883
12/09/2004,RDU,NC,ASO,EN,Combined TRACON& Tower with Radar,232,343,119,4,698,0,4,4,2,10,232,347,123,6,708,0,0,0,708
12/10/2004,RDU,NC,ASO,EN,Combined TRACON& Tower with Radar,261,384,140,6,791,1,2,23,8,34,262,386,163,14,825,0,0,0,825
12/11/2004,RDU,NC,ASO,EN,Combined TRACON& Tower with Radar,188,257,51,0,496,0,3,17,10,30,188,260,68,10,526,0,0,0,526
12/12/2004,RDU,NC,ASO,EN,Combined TRACON& Tower with Radar,205,250,48,2,505,0,1,60,3,64,205,251,108,5,569,0,0,0,569
12/13/2004,RDU,NC,ASO,EN,Combined TRACON& Tower with Radar,227,364,113,6,710,0,2,51,11,64,227,366,164,17,774,0,17,17,791
12/14/2004,RDU,NC,ASO,EN,Combined TRACON& Tower with Radar,263,379,134,3,779,0,9,66,11,86,263,388,200,14,865,10,0,10,875
12/15/2004,RDU,NC,ASO,EN,Combined TRACON& Tower with Radar,241,358,130,6,735,0,10,73,12,95,241,368,203,18,830,0,0,0,830
12/16/2004,RDU,NC,ASO,EN,Combined TRACON& Tower with Radar,242,365,120,2,729,0,13,87,12,112,242,378,207,14,841,0,0,0,841
12/17/2004,RDU,NC,ASO,EN,Combined TRACON& Tower with Radar,242,352,113,3,710,0,9,99,4,112,242,361,212,7,822,0,0,0,822
12/18/2004,RDU,NC,ASO,EN,Combined TRACON& Tower with Radar,189,241,59,2,491,0,2,93,2,97,189,243,152,4,588,0,0,0,588
12/19/2004,RDU,NC,ASO,EN,Combined TRACON& Tower with Radar,201,233,56,3,493,0,1,21,0,22,201,234,77,3,515,0,0,0,515
12/20/2004,RDU,NC,ASO,EN,Combined TRACON& Tower with Radar,219,327,74,0,620,0,2,28,10,40,219,329,102,10,660,0,6,6,666
12/21/2004,RDU,NC,ASO,EN,Combined TRACON& Tower with Radar,255,372,95,3,725,0,9,59,10,78,255,381,154,13,803,0,0,0,803
12/22/2004,RDU,NC,ASO,EN,Combined TRACON& Tower with Radar,237,333,83,6,659,0,11,70,6,87,237,344,153,12,746,0,0,0,746
12/23/2004,RDU,NC,ASO,EN,Combined TRACON& Tower with Radar,220,285,69,0,574,0,0,14,1,15,220,285,83,1,589,0,0,0,589
12/24/2004,RDU,NC,ASO,EN,Combined TRACON& Tower with Radar,219,255,37,0,511,0,3,36,0,39,219,258,73,0,550,0,0,0,550
12/25/2004,RDU,NC,ASO,EN,Combined TRACON& Tower with Radar,165,181,11,0,357,0,0,20,0,20,165,181,31,0,377,6,0,6,383
12/26/2004,RDU,NC,ASO,EN,Combined TRACON& Tower with Radar,207,187,58,0,452,0,3,18,0,21,207,190,76,0,473,0,0,0,473
12/27/2004,RDU,NC,ASO,EN,Combined TRACON& Tower with Radar,224,273,67,0,564,0,4,87,0,91,224,277,154,0,655,0,0,0,655
12/28/2004,RDU,NC,ASO,EN,Combined TRACON& Tower with Radar,246,308,50,7,611,0,11,69,7,87,246,319,119,14,698,0,0,0,698
12/29/2004,RDU,NC,ASO,EN,Combined TRACON& Tower with Radar,252,343,70,4,669,1,10,90,3,104,253,353,160,7,773,0,0,0,773
12/30/2004,RDU,NC,ASO,EN,Combined TRACON& Tower with Radar,255,324,107,0,686,0,6,77,1,84,255,330,184,1,770,4,0,4,774
12/31/2004,RDU,NC,ASO,EN,Combined TRACON& Tower with Radar,232,256,33,0,521,0,6,73,0,79,232,262,106,0,600,0,0,0,600
01/01/2005,RDU,NC,ASO,EN,Combined TRACON& Tower with Radar,165,216,38,0,419,0,2,53,0,55,165,218,91,0,474,0,0,0,474
01/02/2005,RDU,NC,ASO,EN,Combined TRACON& Tower with Radar,212,239,85,1,537,0,1,51,0,52,212,240,136,1,589,0,0,0,589
01/03/2005,RDU,NC,ASO,EN,Combined TRACON& Tower with Radar,214,332,74,0,620,0,0,50,2,52,214,332,124,2,672,0,0,0,672
01/04/2005,RDU,NC,ASO,EN,Combined TRACON& Tower with Radar,236,351,102,6,695,0,2,80,15,97,236,353,182,21,792,0,0,0,792
01/05/2005,RDU,NC,ASO,EN,Combined TRACON& Tower with Radar,207,363,93,4,667,0,5,57,19,81,207,368,150,23,748,0,100,100,848
01/06/2005,RDU,NC,ASO,EN,Combined TRACON& Tower with Radar,210,337,123,4,674,0,4,32,11,47,210,341,155,15,721,0,6,6,727
01/07/2005,RDU,NC,ASO,EN,Combined TRACON& Tower with Radar,221,353,88,4,666,0,7,58,8,73,221,360,146,12,739,0,0,0,739
01/08/2005,RDU,NC,ASO,EN,Combined TRACON& Tower with Radar,160,263,70,7,500,0,0,9,19,28,160,263,79,26,528,0,50,50,578
01/09/2005,RDU,NC,ASO,EN,Combined TRACON& Tower with Radar,179,252,81,3,515,0,0,64,4,68,179,252,145,7,583,0,0,0,583
01/10/2005,RDU,NC,ASO,EN,Combined TRACON& Tower with Radar,195,314,88,4,601,0,2,40,0,42,195,316,128,4,643,2,0,2,645
01/11/2005,RDU,NC,ASO,EN,Combined TRACON& Tower with Radar,218,345,105,8,676,0,9,35,12,56,218,354,140,20,732,0,0,0,732
01/12/2005,RDU,NC,ASO,EN,Combined TRACON& Tower with Radar,211,340,127,8,686,0,8,45,17,70,211,348,172,25,756,0,8,8,764
01/13/2005,RDU,NC,ASO,EN,Combined TRACON& Tower with Radar,208,308,124,4,644,0,3,7,1,11,208,311,131,5,655,0,0,0,655
01/14/2005,RDU,NC,ASO,EN,Combined TRACON& Tower with Radar,225,338,84,0,647,0,5,11,1,17,225,343,95,1,664,0,0,0,664
01/15/2005,RDU,NC,ASO,EN,Combined TRACON& Tower with Radar,154,236,64,8,462,0,1,71,3,75,154,237,135,11,537,0,0,0,537
01/16/2005,RDU,NC,ASO,EN,Combined TRACON& Tower with Radar,176,245,60,0,481,0,0,42,4,46,176,245,102,4,527,0,0,0,527
01/17/2005,RDU,NC,ASO,EN,Combined TRACON& Tower with Radar,200,297,94,0,591,0,0,62,1,63,200,297,156,1,654,0,0,0,654
01/18/2005,RDU,NC,ASO,EN,Combined TRACON& Tower with Radar,219,348,76,8,651,0,3,55,5,63,219,351,131,13,714,0,0,0,714
01/19/2005,RDU,NC,ASO,EN,Combined TRACON& Tower with Radar,213,305,83,4,605,0,7,30,5,42,213,312,113,9,647,0,0,0,647
01/20/2005,RDU,NC,ASO,EN,Combined TRACON& Tower with Radar,206,381,104,1,692,0,2,42,9,53,206,383,146,10,745,0,8,8,753
01/21/2005,RDU,NC,ASO,EN,Combined TRACON& Tower with Radar,215,332,78,4,629,0,0,4,3,7,215,332,82,7,636,0,8,8,644
01/22/2005,RDU,NC,ASO,EN,Combined TRACON& Tower with Radar,142,204,29,0,375,0,0,2,0,2,142,204,31,0,377,0,0,0,377
01/23/2005,RDU,NC,ASO,EN,Combined TRACON& Tower with Radar,174,169,28,3,374,0,1,13,0,14,174,170,41,3,388,0,0,0,388
01/24/2005,RDU,NC,ASO,EN,Combined TRACON& Tower with Radar,190,312,89,2,593,0,5,68,3,76,190,317,157,5,669,0,0,0,669
01/25/2005,RDU,NC,ASO,EN,Combined TRACON& Tower with Radar,221,376,116,4,717,0,11,77,8,96,221,387,193,12,813,2,0,2,815
01/26/2005,RDU,NC,ASO,EN,Combined TRACON& Tower with Radar,217,323,109,2,651,0,11,61,13,85,217,334,170,15,736,0,0,0,736
01/27/2005,RDU,NC,ASO,EN,Combined TRACON& Tower with Radar,221,354,127,2,704,0,11,45,4,60,221,365,172,6,764,0,0,0,764
01/28/2005,RDU,NC,ASO,EN,Combined TRACON& Tower with Radar,219,345,78,2,644,0,6,88,5,99,219,351,166,7,743,0,10,10,753
01/29/2005,RDU,NC,ASO,EN,Combined TRACON& Tower with Radar,128,224,14,1,367,0,4,33,1,38,128,228,47,2,405,6,0,6,411
01/30/2005,RDU,NC,ASO,EN,Combined TRACON& Tower with Radar,150,225,47,2,424,0,0,0,0,0,150,225,47,2,424,0,0,0,424
01/31/2005,RDU,NC,ASO,EN,Combined TRACON& Tower with Radar,199,340,77,8,624,0,1,63,4,68,199,341,140,12,692,0,0,0,692
02/01/2005,RDU,NC,ASO,EN,Combined TRACON& Tower with Radar,221,343,97,2,663,0,4,64,4,72,221,347,161,6,735,2,0,2,737
02/02/2005,RDU,NC,ASO,EN,Combined TRACON& Tower with Radar,213,351,91,2,657,1,9,63,23,96,214,360,154,25,753,2,0,2,755
02/03/2005,RDU,NC,ASO,EN,Combined TRACON& Tower with Radar,218,342,67,2,629,0,3,6,0,9,218,345,73,2,638,0,0,0,638
02/04/2005,RDU,NC,ASO,EN,Combined TRACON& Tower with Radar,225,349,97,8,679,0,0,47,14,61,225,349,144,22,740,0,0,0,740
02/05/2005,RDU,NC,ASO,EN,Combined TRACON& Tower with Radar,167,274,74,2,517,0,4,86,9,99,167,278,160,11,616,0,6,6,622
02/06/2005,RDU,NC,ASO,EN,Combined TRACON& Tower with Radar,185,267,61,0,513,0,1,100,0,101,185,268,161,0,614,10,0,10,624
02/07/2005,RDU,NC,ASO,EN,Combined TRACON& Tower with Radar,213,336,136,2,687,0,4,75,13,92,213,340,211,15,779,4,4,8,787
02/08/2005,RDU,NC,ASO,EN,Combined TRACON& Tower with Radar,230,340,109,2,681,0,3,86,6,95,230,343,195,8,776,0,0,0,776
02/09/2005,RDU,NC,ASO,EN,Combined TRACON& Tower with Radar,233,350,151,10,744,0,0,43,2,45,233,350,194,12,789,4,0,4,793
02/10/2005,RDU,NC,ASO,EN,Combined TRACON& Tower with Radar,234,347,126,13,720,0,4,40,11,55,234,351,166,24,775,0,0,0,775
02/11/2005,RDU,NC,ASO,EN,Combined TRACON& Tower with Radar,229,348,95,6,678,0,7,68,5,80,229,355,163,11,758,0,0,0,758
02/12/2005,RDU,NC,ASO,EN,Combined TRACON& Tower with Radar,168,243,35,1,447,0,5,69,7,81,168,248,104,8,528,0,0,0,528
02/13/2005,RDU,NC,ASO,EN,Combined TRACON& Tower with Radar,184,251,71,5,511,0,1,82,2,85,184,252,153,7,596,7,0,7,603
02/14/2005,RDU,NC,ASO,EN,Combined TRACON& Tower with Radar,212,325,89,4,630,0,0,12,1,13,212,325,101,5,643,0,0,0,643
02/15/2005,RDU,NC,ASO,EN,Combined TRACON& Tower with Radar,231,367,159,7,764,0,5,49,12,66,231,372,208,19,830,0,5,5,835
02/16/2005,RDU,NC,ASO,EN,Combined TRACON& Tower with Radar,227,354,153,1,735,0,4,30,7,41,227,358,183,8,776,0,0,0,776
02/17/2005,RDU,NC,ASO,EN,Combined TRACON& Tower with Radar,233,351,122,3,709,0,7,69,15,91,233,358,191,18,800,0,0,0,800
02/18/2005,RDU,NC,ASO,EN,Combined TRACON& Tower with Radar,229,352,111,2,694,0,5,71,10,86,229,357,182,12,780,0,0,0,780
02/19/2005,RDU,NC,ASO,EN,Combined TRACON& Tower with Radar,179,255,50,0,484,0,3,95,4,102,179,258,145,4,586,2,0,2,588
02/20/2005,RDU,NC,ASO,EN,Combined TRACON& Tower with Radar,178,267,70,0,515,0,1,41,0,42,178,268,111,0,557,0,0,0,557
02/21/2005,RDU,NC,ASO,EN,Combined TRACON& Tower with Radar,200,292,94,2,588,0,0,9,0,9,200,292,103,2,597,0,0,0,597
02/22/2005,RDU,NC,ASO,EN,Combined TRACON& Tower with Radar,243,362,140,10,755,0,4,65,17,86,243,366,205,27,841,2,0,2,843
02/23/2005,RDU,NC,ASO,EN,Combined TRACON& Tower with Radar,235,348,95,6,684,0,3,65,19,87,235,351,160,25,771,0,0,0,771
02/24/2005,RDU,NC,ASO,EN,Combined TRACON& Tower with Radar,225,328,96,5,654,0,2,0,1,3,225,330,96,6,657,0,0,0,657
02/25/2005,RDU,NC,ASO,EN,Combined TRACON& Tower with Radar,238,363,101,3,705,0,2,50,8,60,238,365,151,11,765,0,0,0,765
02/26/2005,RDU,NC,ASO,EN,Combined TRACON& Tower with Radar,178,238,72,2,490,0,3,121,0,124,178,241,193,2,614,0,0,0,614
02/27/2005,RDU,NC,ASO,EN,Combined TRACON& Tower with Radar,183,254,71,0,508,0,0,31,0,31,183,254,102,0,539,0,0,0,539
02/28/2005,RDU,NC,ASO,EN,Combined TRACON& Tower with Radar,206,309,72,6,593,0,0,0,0,0,206,309,72,6,593,0,0,0,593
03/01/2005,RDU,NC,ASO,EN,Combined TRACON& Tower with Radar,230,326,94,6,656,0,3,30,10,43,230,329,124,16,699,0,0,0,699
03/02/2005,RDU,NC,ASO,EN,Combined TRACON& Tower with Radar,233,357,86,0,676,0,3,57,17,77,233,360,143,17,753,0,0,0,753
03/03/2005,RDU,NC,ASO,EN,Combined TRACON& Tower with Radar,231,359,101,2,693,0,3,69,11,83,231,362,170,13,776,0,0,0,776
03/04/2005,RDU,NC,ASO,EN,Combined TRACON& Tower with Radar,238,355,103,3,699,0,6,98,11,115,238,361,201,14,814,0,2,2,816
03/05/2005,RDU,NC,ASO,EN,Combined TRACON& Tower with Radar,183,251,38,1,473,0,2,27,8,37,183,253,65,9,510,0,0,0,510
03/06/2005,RDU,NC,ASO,EN,Combined TRACON& Tower with Radar,186,286,115,2,589,0,1,72,3,76,186,287,187,5,665,0,0,0,665
03/07/2005,RDU,NC,ASO,EN,Combined TRACON& Tower with Radar,213,331,118,7,669,0,2,76,16,94,213,333,194,23,763,0,0,0,763
03/08/2005,RDU,NC,ASO,EN,Combined TRACON& Tower with Radar,224,316,96,2,638,0,0,5,6,11,224,316,101,8,649,0,0,0,649
03/09/2005,RDU,NC,ASO,EN,Combined TRACON& Tower with Radar,239,350,117,0,706,0,10,82,11,103,239,360,199,11,809,0,0,0,809
03/10/2005,RDU,NC,ASO,EN,Combined TRACON& Tower with Radar,237,361,121,8,727,0,11,72,21,104,237,372,193,29,831,0,0,0,831
03/11/2005,RDU,NC,ASO,EN,Combined TRACON& Tower with Radar,238,334,100,6,678,0,7,50,12,69,238,341,150,18,747,6,0,6,753
03/12/2005,RDU,NC,ASO,EN,Combined TRACON& Tower with Radar,184,254,35,1,474,0,1,44,7,52,184,255,79,8,526,0,0,0,526
03/13/2005,RDU,NC,ASO,EN,Combined TRACON& Tower with Radar,196,259,57,0,512,0,0,86,8,94,196,259,143,8,606,0,0,0,606
03/14/2005,RDU,NC,ASO,EN,Combined TRACON& Tower with Radar,219,346,99,2,666,0,1,18,2,21,219,347,117,4,687,0,8,8,695
03/15/2005,RDU,NC,ASO,EN,Combined TRACON& Tower with Radar,233,350,120,12,715,0,13,103,15,131,233,363,223,27,846,2,0,2,848
03/16/2005,RDU,NC,ASO,EN,Combined TRACON& Tower with Radar,225,369,126,2,722,0,3,6,0,9,225,372,132,2,731,0,0,0,731
03/17/2005,RDU,NC,ASO,EN,Combined TRACON& Tower with Radar,238,333,76,7,654,0,0,0,1,1,238,333,76,8,655,0,0,0,655
03/18/2005,RDU,NC,ASO,EN,Combined TRACON& Tower with Radar,241,352,127,5,725,0,13,75,7,95,241,365,202,12,820,0,0,0,820
03/19/2005,RDU,NC,ASO,EN,Combined TRACON& Tower with Radar,186,255,62,0,503,0,2,92,0,94,186,257,154,0,597,15,0,15,612
03/20/2005,RDU,NC,ASO,EN,Combined TRACON& Tower with Radar,198,258,90,2,548,0,0,52,0,52,198,258,142,2,600,0,0,0,600
03/21/2005,RDU,NC,ASO,EN,Combined TRACON& Tower with Radar,219,344,90,3,656,0,4,78,7,89,219,348,168,10,745,0,0,0,745
03/22/2005,RDU,NC,ASO,EN,Combined TRACON& Tower with Radar,228,347,95,3,673,0,6,49,16,71,228,353,144,19,744,0,0,0,744
03/23/2005,RDU,NC,ASO,EN,Combined TRACON& Tower with Radar,242,336,111,6,695,0,0,12,8,20,242,336,123,14,715,0,0,0,715
03/24/2005,RDU,NC,ASO,EN,Combined TRACON& Tower with Radar,252,357,162,8,779,0,4,83,19,106,252,361,245,27,885,0,2,2,887
03/25/2005,RDU,NC,ASO,EN,Combined TRACON& Tower with Radar,237,341,103,1,682,0,2,24,0,26,237,343,127,1,708,0,0,0,708
03/26/2005,RDU,NC,ASO,EN,Combined TRACON& Tower with Radar,187,248,55,0,490,0,4,3,0,7,187,252,58,0,497,0,0,0,497
03/27/2005,RDU,NC,ASO,EN,Combined TRACON& Tower with Radar,197,265,50,0,512,0,0,3,0,3,197,265,53,0,515,0,0,0,515
03/28/2005,RDU,NC,ASO,EN,Combined TRACON& Tower with Radar,204,342,108,0,654,0,1,8,4,13,204,343,116,4,667,0,0,0,667
03/29/2005,RDU,NC,ASO,EN,Combined TRACON& Tower with Radar,250,346,136,3,735,0,3,74,10,87,250,349,210,13,822,0,0,0,822
03/30/2005,RDU,NC,ASO,EN,Combined TRACON& Tower with Radar,233,353,126,8,720,0,5,90,22,117,233,358,216,30,837,0,0,0,837
03/31/2005,RDU,NC,ASO,EN,Combined TRACON& Tower with Radar,231,361,110,0,702,0,2,19,5,26,231,363,129,5,728,0,0,0,728
04/01/2005,RDU,NC,ASO,EN,Combined TRACON& Tower with Radar,234,362,96,1,693,0,2,8,8,18,234,364,104,9,711,0,0,0,711
04/02/2005,RDU,NC,ASO,EN,Combined TRACON& Tower with Radar,177,234,49,2,462,0,0,8,1,9,177,234,57,3,471,0,0,0,471
04/03/2005,RDU,NC,ASO,EN,Combined TRACON& Tower with Radar,198,254,70,3,525,0,0,16,2,18,198,254,86,5,543,0,0,0,543
04/04/2005,RDU,NC,ASO,EN,Combined TRACON& Tower with Radar,215,360,107,5,687,0,2,76,7,85,215,362,183,12,772,0,0,0,772
04/05/2005,RDU,NC,ASO,EN,Combined TRACON& Tower with Radar,244,361,131,5,741,0,11,108,19,138,244,372,239,24,879,3,0,3,882
04/06/2005,RDU,NC,ASO,EN,Combined TRACON& Tower with Radar,232,358,128,2,720,0,3,99,26,128,232,361,227,28,848,0,0,0,848
04/07/2005,RDU,NC,ASO,EN,Combined TRACON& Tower with Radar,230,385,108,2,725,0,3,39,8,50,230,388,147,10,775,0,0,0,775
04/08/2005,RDU,NC,ASO,EN,Combined TRACON& Tower with Radar,244,363,109,5,721,0,2,9,0,11,244,365,118,5,732,0,0,0,732
04/09/2005,RDU,NC,ASO,EN,Combined TRACON& Tower with Radar,178,273,59,1,511,0,0,39,4,43,178,273,98,5,554,0,0,0,554
04/10/2005,RDU,NC,ASO,EN,Combined TRACON& Tower with Radar,194,277,81,5,557,0,0,99,0,99,194,277,180,5,656,0,0,0,656
04/11/2005,RDU,NC,ASO,EN,Combined TRACON& Tower with Radar,214,355,121,0,690,0,2,82,9,93,214,357,203,9,783,0,0,0,783
04/12/2005,RDU,NC,ASO,EN,Combined TRACON& Tower with Radar,231,379,98,4,712,0,18,31,6,55,231,397,129,10,767,0,0,0,767
04/13/2005,RDU,NC,ASO,EN,Combined TRACON& Tower with Radar,238,377,110,1,726,0,0,1,3,4,238,377,111,4,730,0,0,0,730
04/14/2005,RDU,NC,ASO,EN,Combined TRACON& Tower with Radar,229,381,149,7,766,0,12,52,2,66,229,393,201,9,832,0,0,0,832
04/15/2005,RDU,NC,ASO,EN,Combined TRACON& Tower with Radar,233,374,140,2,749,0,9,52,2,63,233,383,192,4,812,0,0,0,812
04/16/2005,RDU,NC,ASO,EN,Combined TRACON& Tower with Radar,180,263,63,0,506,0,3,39,3,45,180,266,102,3,551,0,0,0,551
04/17/2005,RDU,NC,ASO,EN,Combined TRACON& Tower with Radar,190,299,93,0,582,0,1,98,1,100,190,300,191,1,682,0,0,0,682
04/18/2005,RDU,NC,ASO,EN,Combined TRACON& Tower with Radar,217,352,114,1,684,0,5,73,4,82,217,357,187,5,766,2,0,2,768
04/19/2005,RDU,NC,ASO,EN,Combined TRACON& Tower with Radar,232,361,127,1,721,0,8,66,13,87,232,369,193,14,808,0,0,0,808
04/20/2005,RDU,NC,ASO,EN,Combined TRACON& Tower with Radar,229,364,142,6,741,0,5,71,2,78,229,369,213,8,819,0,0,0,819
04/21/2005,RDU,NC,ASO,EN,Combined TRACON& Tower with Radar,229,371,136,6,742,0,5,54,6,65,229,376,190,12,807,0,0,0,807
04/22/2005,RDU,NC,ASO,EN,Combined TRACON& Tower with Radar,227,379,139,3,748,0,3,51,8,62,227,382,190,11,810,0,0,0,810
04/23/2005,RDU,NC,ASO,EN,Combined TRACON& Tower with Radar,179,287,51,0,517,0,2,9,0,11,179,289,60,0,528,0,0,0,528
04/24/2005,RDU,NC,ASO,EN,Combined TRACON& Tower with Radar,201,277,62,1,541,0,1,42,4,47,201,278,104,5,588,0,0,0,588
04/25/2005,RDU,NC,ASO,EN,Combined TRACON& Tower with Radar,216,357,95,0,668,0,3,86,2,91,216,360,181,2,759,0,0,0,759
04/26/2005,RDU,NC,ASO,EN,Combined TRACON& Tower with Radar,229,359,139,0,727,0,2,54,6,62,229,361,193,6,789,0,0,0,789
04/27/2005,RDU,NC,ASO,EN,Combined TRACON& Tower with Radar,235,368,123,1,727,0,9,44,2,55,235,377,167,3,782,0,0,0,782
04/28/2005,RDU,NC,ASO,EN,Combined TRACON& Tower with Radar,229,381,136,6,752,0,10,88,4,102,229,391,224,10,854,0,0,0,854
04/29/2005,RDU,NC,ASO,EN,Combined TRACON& Tower with Radar,225,370,111,8,714,0,2,41,5,48,225,372,152,13,762,0,0,0,762
04/30/2005,RDU,NC,ASO,EN,Combined TRACON& Tower with Radar,174,261,38,2,475,0,1,5,5,11,174,262,43,7,486,0,0,0,486
05/01/2005,RDU,NC,ASO,EN,Combined TRACON& Tower with Radar,190,250,89,5,534,0,0,69,0,69,190,250,158,5,603,0,0,0,603
05/02/2005,RDU,NC,ASO,EN,Combined TRACON& Tower with Radar,217,334,97,1,649,0,1,89,9,99,217,335,186,10,748,0,8,8,756
05/03/2005,RDU,NC,ASO,EN,Combined TRACON& Tower with Radar,230,349,119,0,698,0,6,82,5,93,230,355,201,5,791,0,0,0,791
05/04/2005,RDU,NC,ASO,EN,Combined TRACON& Tower with Radar,234,349,102,3,688,0,6,78,18,102,234,355,180,21,790,0,0,0,790
05/05/2005,RDU,NC,ASO,EN,Combined TRACON& Tower with Radar,224,354,116,2,696,0,4,41,10,55,224,358,157,12,751,0,0,0,751
05/06/2005,RDU,NC,ASO,EN,Combined TRACON& Tower with Radar,231,352,112,0,695,0,0,16,3,19,231,352,128,3,714,0,0,0,714
05/07/2005,RDU,NC,ASO,EN,Combined TRACON& Tower with Radar,181,267,42,0,490,0,2,94,3,99,181,269,136,3,589,0,0,0,589
05/08/2005,RDU,NC,ASO,EN,Combined TRACON& Tower with Radar,191,260,77,2,530,0,2,63,0,65,191,262,140,2,595,0,0,0,595
05/09/2005,RDU,NC,ASO,EN,Combined TRACON& Tower with Radar,213,333,98,7,651,0,0,74,9,83,213,333,172,16,734,6,0,6,740
05/10/2005,RDU,NC,ASO,EN,Combined TRACON& Tower with Radar,230,337,109,5,681,0,16,82,10,108,230,353,191,15,789,0,0,0,789
05/11/2005,RDU,NC,ASO,EN,Combined TRACON& Tower with Radar,212,344,160,5,721,0,11,60,9,80,212,355,220,14,801,0,0,0,801
05/12/2005,RDU,NC,ASO,EN,Combined TRACON& Tower with Radar,237,347,135,0,719,0,15,63,2,80,237,362,198,2,799,0,0,0,799
05/13/2005,RDU,NC,ASO,EN,Combined TRACON& Tower with Radar,230,354,159,5,748,0,3,32,3,38,230,357,191,8,786,0,0,0,786
05/14/2005,RDU,NC,ASO,EN,Combined TRACON& Tower with Radar,188,270,109,6,573,0,1,26,3,30,188,271,135,9,603,0,0,0,603
05/15/2005,RDU,NC,ASO,EN,Combined TRACON& Tower with Radar,199,284,82,4,569,0,1,13,0,14,199,285,95,4,583,0,0,0,583
05/16/2005,RDU,NC,ASO,EN,Combined TRACON& Tower with Radar,219,345,134,2,700,0,7,66,5,78,219,352,200,7,778,0,0,0,778
05/17/2005,RDU,NC,ASO,EN,Combined TRACON& Tower with Radar,228,327,98,1,654,0,10,58,17,85,228,337,156,18,739,0,0,0,739
05/18/2005,RDU,NC,ASO,EN,Combined TRACON& Tower with Radar,230,342,132,13,717,0,5,62,9,76,230,347,194,22,793,0,0,0,793
05/19/2005,RDU,NC,ASO,EN,Combined TRACON& Tower with Radar,220,340,142,3,705,0,5,34,8,47,220,345,176,11,752,0,0,0,752
05/20/2005,RDU,NC,ASO,EN,Combined TRACON& Tower with Radar,234,329,98,0,661,0,3,13,6,22,234,332,111,6,683,0,0,0,683
05/21/2005,RDU,NC,ASO,EN,Combined TRACON& Tower with Radar,186,250,54,0,490,0,2,69,4,75,186,252,123,4,565,0,0,0,565
05/22/2005,RDU,NC,ASO,EN,Combined TRACON& Tower with Radar,193,257,86,3,539,0,1,99,0,100,193,258,185,3,639,0,0,0,639
05/23/2005,RDU,NC,ASO,EN,Combined TRACON& Tower with Radar,213,314,112,11,650,0,1,56,6,63,213,315,168,17,713,0,0,0,713
05/24/2005,RDU,NC,ASO,EN,Combined TRACON& Tower with Radar,227,324,142,1,694,0,4,40,3,47,227,328,182,4,741,0,0,0,741
05/25/2005,RDU,NC,ASO,EN,Combined TRACON& Tower with Radar,228,328,130,8,694,0,0,45,16,61,228,328,175,24,755,0,0,0,755
05/26/2005,RDU,NC,ASO,EN,Combined TRACON& Tower with Radar,230,335,126,11,702,0,4,74,10,88,230,339,200,21,790,0,0,0,790
05/27/2005,RDU,NC,ASO,EN,Combined TRACON& Tower with Radar,229,334,113,6,682,0,9,75,3,87,229,343,188,9,769,0,0,0,769
05/28/2005,RDU,NC,ASO,EN,Combined TRACON& Tower with Radar,183,247,46,1,477,0,3,51,0,54,183,250,97,1,531,12,0,12,543
05/29/2005,RDU,NC,ASO,EN,Combined TRACON& Tower with Radar,189,246,39,0,474,0,1,69,2,72,189,247,108,2,546,6,0,6,552
05/30/2005,RDU,NC,ASO,EN,Combined TRACON& Tower with Radar,199,266,76,3,544,0,1,41,3,45,199,267,117,6,589,0,1,1,590
05/31/2005,RDU,NC,ASO,EN,Combined TRACON& Tower with Radar,209,315,95,6,625,0,5,32,10,47,209,320,127,16,672,2,0,2,674
06/01/2005,RDU,NC,ASO,EN,Combined TRACON& Tower with Radar,222,349,105,2,678,0,0,25,11,36,222,349,130,13,714,8,22,30,744
06/02/2005,RDU,NC,ASO,EN,Combined TRACON& Tower with Radar,221,357,108,2,688,0,0,0,0,0,221,357,108,2,688,0,0,0,688
06/03/2005,RDU,NC,ASO,EN,Combined TRACON& Tower with Radar,226,325,100,3,654,0,1,1,0,2,226,326,101,3,656,6,0,6,662
06/04/2005,RDU,NC,ASO,EN,Combined TRACON& Tower with Radar,194,251,62,0,507,0,0,21,0,21,194,251,83,0,528,0,0,0,528
06/05/2005,RDU,NC,ASO,EN,Combined TRACON& Tower with Radar,187,258,53,2,500,0,1,50,0,51,187,259,103,2,551,0,0,0,551
06/06/2005,RDU,NC,ASO,EN,Combined TRACON& Tower with Radar,197,308,108,6,619,0,1,51,4,56,197,309,159,10,675,0,0,0,675
06/07/2005,RDU,NC,ASO,EN,Combined TRACON& Tower with Radar,234,344,116,6,700,0,3,22,5,30,234,347,138,11,730,0,0,0,730
06/08/2005,RDU,NC,ASO,EN,Combined TRACON& Tower with Radar,239,348,114,5,706,0,3,46,9,58,239,351,160,14,764,0,12,12,776
06/09/2005,RDU,NC,ASO,EN,Combined TRACON& Tower with Radar,214,327,138,6,685,0,2,29,15,46,214,329,167,21,731,0,0,0,731
06/10/2005,RDU,NC,ASO,EN,Combined TRACON& Tower with Radar,223,311,126,3,663,0,3,21,17,41,223,314,147,20,704,0,0,0,704
06/11/2005,RDU,NC,ASO,EN,Combined TRACON& Tower with Radar,199,244,67,5,515,0,5,62,13,80,199,249,129,18,595,0,0,0,595
06/12/2005,RDU,NC,ASO,EN,Combined TRACON& Tower with Radar,198,247,82,2,529,0,2,25,2,29,198,249,107,4,558,12,0,12,570
06/13/2005,RDU,NC,ASO,EN,Combined TRACON& Tower with Radar,208,317,107,6,638,0,3,29,0,32,208,320,136,6,670,0,0,0,670
06/14/2005,RDU,NC,ASO,EN,Combined TRACON& Tower with Radar,216,328,133,8,685,0,4,74,16,94,216,332,207,24,779,0,22,22,801
06/15/2005,RDU,NC,ASO,EN,Combined TRACON& Tower with Radar,231,365,134,3,733,0,4,76,17,97,231,369,210,20,830,0,34,34,864
06/16/2005,RDU,NC,ASO,EN,Combined TRACON& Tower with Radar,223,327,134,3,687,0,7,73,16,96,223,334,207,19,783,0,25,25,808
06/17/2005,RDU,NC,ASO,EN,Combined TRACON& Tower with Radar,230,331,148,12,721,0,5,75,13,93,230,336,223,25,814,0,0,0,814
06/18/2005,RDU,NC,ASO,EN,Combined TRACON& Tower with Radar,193,247,85,1,526,0,3,75,7,85,193,250,160,8,611,0,0,0,611
06/19/2005,RDU,NC,ASO,EN,Combined TRACON& Tower with Radar,198,251,111,2,562,0,0,46,0,46,198,251,157,2,608,0,0,0,608
06/20/2005,RDU,NC,ASO,EN,Combined TRACON& Tower with Radar,203,323,125,7,658,0,2,32,7,41,203,325,157,14,699,0,3,3,702
06/21/2005,RDU,NC,ASO,EN,Combined TRACON& Tower with Radar,229,331,142,5,707,0,4,73,11,88,229,335,215,16,795,4,26,30,825
06/22/2005,RDU,NC,ASO,EN,Combined TRACON& Tower with Radar,219,319,122,2,662,0,4,56,15,75,219,323,178,17,737,0,2,2,739
06/23/2005,RDU,NC,ASO,EN,Combined TRACON& Tower with Radar,230,336,136,6,708,0,4,84,7,95,230,340,220,13,803,0,0,0,803
06/24/2005,RDU,NC,ASO,EN,Combined TRACON& Tower with Radar,224,328,127,4,683,0,3,72,2,77,224,331,199,6,760,0,0,0,760
06/25/2005,RDU,NC,ASO,EN,Combined TRACON& Tower with Radar,198,235,65,29,527,0,1,52,3,56,198,236,117,32,583,0,0,0,583
06/26/2005,RDU,NC,ASO,EN,Combined TRACON& Tower with Radar,198,243,98,0,539,0,0,19,2,21,198,243,117,2,560,0,0,0,560
06/27/2005,RDU,NC,ASO,EN,Combined TRACON& Tower with Radar,206,313,88,3,610,0,1,38,9,48,206,314,126,12,658,2,0,2,660
06/28/2005,RDU,NC,ASO,EN,Combined TRACON& Tower with Radar,228,319,138,0,685,0,0,8,7,15,228,319,146,7,700,0,0,0,700
06/29/2005,RDU,NC,ASO,EN,Combined TRACON& Tower with Radar,218,292,130,3,643,0,0,23,10,33,218,292,153,13,676,2,7,9,685
06/30/2005,RDU,NC,ASO,EN,Combined TRACON& Tower with Radar,235,371,108,7,721,0,4,53,10,67,235,375,161,17,788,0,0,0,788
07/01/2005,RDU,NC,ASO,EN,Combined TRACON& Tower with Radar,221,318,109,2,650,0,1,39,5,45,221,319,148,7,695,0,0,0,695
07/02/2005,RDU,NC,ASO,EN,Combined TRACON& Tower with Radar,202,241,56,0,499,0,3,42,3,48,202,244,98,3,547,0,0,0,547
07/03/2005,RDU,NC,ASO,EN,Combined TRACON& Tower with Radar,175,215,38,0,428,0,0,15,0,15,175,215,53,0,443,0,0,0,443
07/04/2005,RDU,NC,ASO,EN,Combined TRACON& Tower with Radar,180,248,60,5,493,0,2,26,1,29,180,250,86,6,522,0,0,0,522
07/05/2005,RDU,NC,ASO,EN,Combined TRACON& Tower with Radar,201,308,94,3,606,0,1,29,2,32,201,309,123,5,638,0,0,0,638
07/06/2005,RDU,NC,ASO,EN,Combined TRACON& Tower with Radar,230,329,95,1,655,0,4,74,13,91,230,333,169,14,746,0,4,4,750
07/07/2005,RDU,NC,ASO,EN,Combined TRACON& Tower with Radar,213,324,84,0,621,0,2,32,13,47,213,326,116,13,668,10,0,10,678
07/08/2005,RDU,NC,ASO,EN,Combined TRACON& Tower with Radar,233,326,121,8,688,0,2,45,5,52,233,328,166,13,740,0,0,0,740
07/09/2005,RDU,NC,ASO,EN,Combined TRACON& Tower with Radar,196,238,65,5,504,0,2,84,4,90,196,240,149,9,594,5,0,5,599
07/10/2005,RDU,NC,ASO,EN,Combined TRACON& Tower with Radar,203,238,85,3,529,0,1,60,0,61,203,239,145,3,590,0,0,0,590
07/11/2005,RDU,NC,ASO,EN,Combined TRACON& Tower with Radar,201,312,104,8,625,0,0,32,5,37,201,312,136,13,662,0,0,0,662
07/12/2005,RDU,NC,ASO,EN,Combined TRACON& Tower with Radar,224,335,126,2,687,0,0,38,8,46,224,335,164,10,733,0,0,0,733
07/13/2005,RDU,NC,ASO,EN,Combined TRACON& Tower with Radar,216,331,122,3,672,0,2,45,11,58,216,333,167,14,730,2,1,3,733
07/14/2005,RDU,NC,ASO,EN,Combined TRACON& Tower with Radar,223,318,111,0,652,0,2,30,11,43,223,320,141,11,695,0,14,14,709
07/15/2005,RDU,NC,ASO,EN,Combined TRACON& Tower with Radar,214,308,99,3,624,0,2,43,11,56,214,310,142,14,680,0,0,0,680
07/16/2005,RDU,NC,ASO,EN,Combined TRACON& Tower with Radar,202,243,48,0,493,0,2,62,2,66,202,245,110,2,559,12,0,12,571
07/17/2005,RDU,NC,ASO,EN,Combined TRACON& Tower with Radar,186,244,55,0,485,0,0,49,1,50,186,244,104,1,535,0,0,0,535
07/18/2005,RDU,NC,ASO,EN,Combined TRACON& Tower with Radar,198,296,78,7,579,0,1,55,4,60,198,297,133,11,639,0,0,0,639
07/19/2005,RDU,NC,ASO,EN,Combined TRACON& Tower with Radar,221,317,113,7,658,0,2,72,11,85,221,319,185,18,743,0,6,6,749
07/20/2005,RDU,NC,ASO,EN,Combined TRACON& Tower with Radar,218,344,116,5,683,0,3,54,14,71,218,347,170,19,754,0,0,0,754
07/21/2005,RDU,NC,ASO,EN,Combined TRACON& Tower with Radar,223,318,114,4,659,0,6,84,27,117,223,324,198,31,776,2,16,18,794
07/22/2005,RDU,NC,ASO,EN,Combined TRACON& Tower with Radar,227,313,99,8,647,0,5,59,5,69,227,318,158,13,716,0,0,0,716
07/23/2005,RDU,NC,ASO,EN,Combined TRACON& Tower with Radar,197,251,43,0,491,0,1,48,2,51,197,252,91,2,542,0,0,0,542
07/24/2005,RDU,NC,ASO,EN,Combined TRACON& Tower with Radar,194,250,82,3,529,0,0,45,0,45,194,250,127,3,574,0,0,0,574
07/25/2005,RDU,NC,ASO,EN,Combined TRACON& Tower with Radar,196,307,97,6,606,0,3,63,4,70,196,310,160,10,676,0,0,0,676
07/26/2005,RDU,NC,ASO,EN,Combined TRACON& Tower with Radar,219,333,121,5,678,0,3,85,15,103,219,336,206,20,781,0,12,12,793
07/27/2005,RDU,NC,ASO,EN,Combined TRACON& Tower with Radar,221,304,125,6,656,0,7,72,24,103,221,311,197,30,759,0,0,0,759
07/28/2005,RDU,NC,ASO,EN,Combined TRACON& Tower with Radar,227,330,102,3,662,0,4,54,11,69,227,334,156,14,731,0,0,0,731
07/29/2005,RDU,NC,ASO,EN,Combined TRACON& Tower with Radar,227,329,110,4,670,0,0,7,1,8,227,329,117,5,678,0,0,0,678
07/30/2005,RDU,NC,ASO,EN,Combined TRACON& Tower with Radar,194,245,60,1,500,0,0,7,0,7,194,245,67,1,507,0,0,0,507
07/31/2005,RDU,NC,ASO,EN,Combined TRACON& Tower with Radar,196,255,67,3,521,0,0,3,2,5,196,255,70,5,526,0,0,0,526
08/01/2005,RDU,NC,ASO,EN,Combined TRACON& Tower with Radar,204,314,97,4,619,0,1,36,8,45,204,315,133,12,664,0,0,0,664
08/02/2005,RDU,NC,ASO,EN,Combined TRACON& Tower with Radar,223,319,127,2,671,0,9,75,13,97,223,328,202,15,768,0,0,0,768
08/03/2005,RDU,NC,ASO,EN,Combined TRACON& Tower with Radar,229,339,123,6,697,0,7,60,13,80,229,346,183,19,777,0,0,0,777
08/04/2005,RDU,NC,ASO,EN,Combined TRACON& Tower with Radar,222,326,122,1,671,0,4,80,17,101,222,330,202,18,772,0,0,0,772
08/05/2005,RDU,NC,ASO,EN,Combined TRACON& Tower with Radar,223,311,88,2,624,0,3,55,2,60,223,314,143,4,684,0,0,0,684
08/06/2005,RDU,NC,ASO,EN,Combined TRACON& Tower with Radar,196,249,48,0,493,0,4,53,1,58,196,253,101,1,551,0,0,0,551
08/07/2005,RDU,NC,ASO,EN,Combined TRACON& Tower with Radar,197,254,80,2,533,0,1,42,2,45,197,255,122,4,578,0,0,0,578
08/08/2005,RDU,NC,ASO,EN,Combined TRACON& Tower with Radar,200,287,93,1,581,0,1,30,8,39,200,288,123,9,620,0,0,0,620
08/09/2005,RDU,NC,ASO,EN,Combined TRACON& Tower with Radar,231,315,94,1,641,0,0,17,9,26,231,315,111,10,667,0,14,14,681
08/10/2005,RDU,NC,ASO,EN,Combined TRACON& Tower with Radar,224,321,99,6,650,0,1,28,10,39,224,322,127,16,689,0,12,12,701
08/11/2005,RDU,NC,ASO,EN,Combined TRACON& Tower with Radar,218,330,118,3,669,0,2,55,12,69,218,332,173,15,738,0,0,0,738
08/12/2005,RDU,NC,ASO,EN,Combined TRACON& Tower with Radar,231,319,119,6,675,0,4,70,13,87,231,323,189,19,762,0,14,14,776
08/13/2005,RDU,NC,ASO,EN,Combined TRACON& Tower with Radar,191,246,43,4,484,0,4,51,2,57,191,250,94,6,541,0,0,0,541
08/14/2005,RDU,NC,ASO,EN,Combined TRACON& Tower with Radar,194,208,74,2,478,0,1,21,1,23,194,209,95,3,501,0,0,0,501
08/15/2005,RDU,NC,ASO,EN,Combined TRACON& Tower with Radar,207,306,94,6,613,0,3,41,14,58,207,309,135,20,671,0,10,10,681
08/16/2005,RDU,NC,ASO,EN,Combined TRACON& Tower with Radar,215,318,107,5,645,0,3,43,13,59,215,321,150,18,704,6,0,6,710
08/17/2005,RDU,NC,ASO,EN,Combined TRACON& Tower with Radar,229,337,138,3,707,0,2,23,15,40,229,339,161,18,747,0,0,0,747
08/18/2005,RDU,NC,ASO,EN,Combined TRACON& Tower with Radar,218,329,122,5,674,0,10,46,11,67,218,339,168,16,741,0,0,0,741
08/19/2005,RDU,NC,ASO,EN,Combined TRACON& Tower with Radar,222,324,132,9,687,0,6,41,14,61,222,330,173,23,748,2,10,12,760
08/20/2005,RDU,NC,ASO,EN,Combined TRACON& Tower with Radar,187,233,38,7,465,0,3,60,4,67,187,236,98,11,532,0,0,0,532
08/21/2005,RDU,NC,ASO,EN,Combined TRACON& Tower with Radar,194,244,49,0,487,0,0,43,0,43,194,244,92,0,530,0,0,0,530
08/22/2005,RDU,NC,ASO,EN,Combined TRACON& Tower with Radar,205,312,108,1,626,0,6,61,12,79,205,318,169,13,705,0,0,0,705
08/23/2005,RDU,NC,ASO,EN,Combined TRACON& Tower with Radar,223,322,139,8,692,0,8,29,6,43,223,330,168,14,735,0,0,0,735
08/24/2005,RDU,NC,ASO,EN,Combined TRACON& Tower with Radar,235,342,115,2,694,0,3,35,16,54,235,345,150,18,748,0,0,0,748
08/25/2005,RDU,NC,ASO,EN,Combined TRACON& Tower with Radar,224,332,120,0,676,0,9,112,11,132,224,341,232,11,808,0,0,0,808
08/26/2005,RDU,NC,ASO,EN,Combined TRACON& Tower with Radar,218,321,132,3,674,0,5,94,16,115,218,326,226,19,789,2,2,4,793
08/27/2005,RDU,NC,ASO,EN,Combined TRACON& Tower with Radar,192,245,51,2,490,0,7,66,5,78,192,252,117,7,568,12,0,12,580
08/28/2005,RDU,NC,ASO,EN,Combined TRACON& Tower with Radar,192,250,88,2,532,0,5,58,0,63,192,255,146,2,595,0,0,0,595
08/29/2005,RDU,NC,ASO,EN,Combined TRACON& Tower with Radar,198,292,109,4,603,0,2,30,15,47,198,294,139,19,650,6,4,10,660
08/30/2005,RDU,NC,ASO,EN,Combined TRACON& Tower with Radar,223,326,82,2,633,0,8,20,11,39,223,334,102,13,672,4,0,4,676
08/31/2005,RDU,NC,ASO,EN,Combined TRACON& Tower with Radar,229,320,92,14,655,0,6,53,21,80,229,326,145,35,735,5,19,24,759
09/01/2005,RDU,NC,ASO,EN,Combined TRACON& Tower with Radar,224,309,100,3,636,0,17,87,7,111,224,326,187,10,747,0,0,0,747
09/02/2005,RDU,NC,ASO,EN,Combined TRACON& Tower with Radar,224,327,109,2,662,0,10,90,6,106,224,337,199,8,768,12,0,12,780
09/03/2005,RDU,NC,ASO,EN,Combined TRACON& Tower with Radar,178,215,46,0,439,0,3,70,0,73,178,218,116,0,512,0,0,0,512
09/04/2005,RDU,NC,ASO,EN,Combined TRACON& Tower with Radar,169,206,49,3,427,0,3,81,1,85,169,209,130,4,512,0,0,0,512
09/05/2005,RDU,NC,ASO,EN,Combined TRACON& Tower with Radar,201,256,73,0,530,0,2,85,2,89,201,258,158,2,619,0,0,0,619
09/06/2005,RDU,NC,ASO,EN,Combined TRACON& Tower with Radar,210,318,107,4,639,0,4,49,18,71,210,322,156,22,710,0,0,0,710
09/07/2005,RDU,NC,ASO,EN,Combined TRACON& Tower with Radar,236,312,111,3,662,0,9,74,11,94,236,321,185,14,756,0,0,0,756
09/08/2005,RDU,NC,ASO,EN,Combined TRACON& Tower with Radar,240,310,126,6,682,0,9,58,16,83,240,319,184,22,765,0,0,0,765
09/09/2005,RDU,NC,ASO,EN,Combined TRACON& Tower with Radar,236,302,110,1,649,0,6,78,13,97,236,308,188,14,746,2,0,2,748
09/10/2005,RDU,NC,ASO,EN,Combined TRACON& Tower with Radar,189,224,59,1,473,0,4,65,1,70,189,228,124,2,543,0,0,0,543
09/11/2005,RDU,NC,ASO,EN,Combined TRACON& Tower with Radar,195,244,62,1,502,0,2,44,1,47,195,246,106,2,549,0,0,0,549
09/12/2005,RDU,NC,ASO,EN,Combined TRACON& Tower with Radar,213,303,99,0,615,0,4,51,9,64,213,307,150,9,679,0,0,0,679
09/13/2005,RDU,NC,ASO,EN,Combined TRACON& Tower with Radar,234,299,125,4,662,0,5,14,9,28,234,304,139,13,690,0,0,0,690
09/14/2005,RDU,NC,ASO,EN,Combined TRACON& Tower with Radar,229,294,86,0,609,0,3,8,0,11,229,297,94,0,620,0,0,0,620
09/15/2005,RDU,NC,ASO,EN,Combined TRACON& Tower with Radar,230,304,116,4,654,0,9,66,8,83,230,313,182,12,737,0,0,0,737
09/16/2005,RDU,NC,ASO,EN,Combined TRACON& Tower with Radar,237,314,143,5,699,0,2,73,8,83,237,316,216,13,782,0,0,0,782
09/17/2005,RDU,NC,ASO,EN,Combined TRACON& Tower with Radar,194,222,57,6,479,0,5,63,8,76,194,227,120,14,555,0,0,0,555
09/18/2005,RDU,NC,ASO,EN,Combined TRACON& Tower with Radar,192,240,109,3,544,0,0,65,12,77,192,240,174,15,621,0,0,0,621
09/19/2005,RDU,NC,ASO,EN,Combined TRACON& Tower with Radar,211,306,116,0,633,0,6,34,4,44,211,312,150,4,677,0,0,0,677
09/20/2005,RDU,NC,ASO,EN,Combined TRACON& Tower with Radar,216,303,120,3,642,0,5,28,14,47,216,308,148,17,689,0,2,2,691
09/21/2005,RDU,NC,ASO,EN,Combined TRACON& Tower with Radar,238,348,132,5,723,0,2,53,2,57,238,350,185,7,780,0,0,0,780
09/22/2005,RDU,NC,ASO,EN,Combined TRACON& Tower with Radar,228,325,169,0,722,0,7,54,4,65,228,332,223,4,787,0,0,0,787
09/23/2005,RDU,NC,ASO,EN,Combined TRACON& Tower with Radar,228,324,124,8,684,0,10,64,13,87,228,334,188,21,771,0,0,0,771
09/24/2005,RDU,NC,ASO,EN,Combined TRACON& Tower with Radar,185,215,69,2,471,0,4,21,4,29,185,219,90,6,500,0,0,0,500
09/25/2005,RDU,NC,ASO,EN,Combined TRACON& Tower with Radar,192,225,92,1,510,0,2,24,0,26,192,227,116,1,536,0,0,0,536
09/26/2005,RDU,NC,ASO,EN,Combined TRACON& Tower with Radar,215,303,107,2,627,0,6,24,1,31,215,309,131,3,658,0,1,1,659
09/27/2005,RDU,NC,ASO,EN,Combined TRACON& Tower with Radar,226,312,102,5,645,0,7,62,14,83,226,319,164,19,728,0,0,0,728
09/28/2005,RDU,NC,ASO,EN,Combined TRACON& Tower with Radar,224,314,97,1,636,0,8,104,3,115,224,322,201,4,751,0,0,0,751
09/29/2005,RDU,NC,ASO,EN,Combined TRACON& Tower with Radar,229,318,151,5,703,0,5,64,16,85,229,323,215,21,788,0,6,6,794
09/30/2005,RDU,NC,ASO,EN,Combined TRACON& Tower with Radar,235,332,138,6,711,0,3,75,12,90,235,335,213,18,801,0,0,0,801
10/01/2005,RDU,NC,ASO,EN,Combined TRACON& Tower with Radar,196,233,87,4,520,0,1,67,3,71,196,234,154,7,591,0,0,0,591
10/02/2005,RDU,NC,ASO,EN,Combined TRACON& Tower with Radar,191,245,98,4,538,0,2,91,0,93,191,247,189,4,631,0,0,0,631
10/03/2005,RDU,NC,ASO,EN,Combined TRACON& Tower with Radar,210,297,98,1,606,0,4,49,3,56,210,301,147,4,662,0,0,0,662
10/04/2005,RDU,NC,ASO,EN,Combined TRACON& Tower with Radar,223,316,102,3,644,0,9,36,5,50,223,325,138,8,694,0,0,0,694
10/05/2005,RDU,NC,ASO,EN,Combined TRACON& Tower with Radar,237,323,171,2,733,0,4,23,13,40,237,327,194,15,773,0,10,10,783
10/06/2005,RDU,NC,ASO,EN,Combined TRACON& Tower with Radar,229,326,90,2,647,0,0,2,3,5,229,326,92,5,652,0,0,0,652
10/07/2005,RDU,NC,ASO,EN,Combined TRACON& Tower with Radar,239,318,111,2,670,0,0,0,1,1,239,318,111,3,671,0,0,0,671
10/08/2005,RDU,NC,ASO,EN,Combined TRACON& Tower with Radar,192,237,72,0,501,0,0,3,0,3,192,237,75,0,504,0,0,0,504
10/09/2005,RDU,NC,ASO,EN,Combined TRACON& Tower with Radar,202,237,90,1,530,0,0,4,1,5,202,237,94,2,535,0,0,0,535
10/10/2005,RDU,NC,ASO,EN,Combined TRACON& Tower with Radar,214,275,97,0,586,0,0,0,0,0,214,275,97,0,586,0,0,0,586
10/11/2005,RDU,NC,ASO,EN,Combined TRACON& Tower with Radar,229,314,99,0,642,0,0,2,2,4,229,314,101,2,646,0,0,0,646
10/12/2005,RDU,NC,ASO,EN,Combined TRACON& Tower with Radar,219,317,166,8,710,0,0,4,5,9,219,317,170,13,719,0,0,0,719
10/13/2005,RDU,NC,ASO,EN,Combined TRACON& Tower with Radar,230,319,161,4,714,0,3,67,14,84,230,322,228,18,798,0,0,0,798
10/14/2005,RDU,NC,ASO,EN,Combined TRACON& Tower with Radar,237,318,139,10,704,0,4,44,11,59,237,322,183,21,763,0,0,0,763
10/15/2005,RDU,NC,ASO,EN,Combined TRACON& Tower with Radar,200,230,74,0,504,0,4,57,11,72,200,234,131,11,576,0,0,0,576
10/16/2005,RDU,NC,ASO,EN,Combined TRACON& Tower with Radar,186,227,66,4,483,0,4,83,2,89,186,231,149,6,572,0,0,0,572
10/17/2005,RDU,NC,ASO,EN,Combined TRACON& Tower with Radar,207,310,80,7,604,0,8,73,7,88,207,318,153,14,692,0,0,0,692
10/18/2005,RDU,NC,ASO,EN,Combined TRACON& Tower with Radar,224,317,112,3,656,0,7,99,9,115,224,324,211,12,771,4,6,10,781
10/19/2005,RDU,NC,ASO,EN,Combined TRACON& Tower with Radar,227,328,127,7,689,0,14,100,16,130,227,342,227,23,819,0,0,0,819
10/20/2005,RDU,NC,ASO,EN,Combined TRACON& Tower with Radar,225,325,144,3,697,0,9,83,9,101,225,334,227,12,798,0,0,0,798
10/21/2005,RDU,NC,ASO,EN,Combined TRACON& Tower with Radar,225,337,136,5,703,0,5,31,8,44,225,342,167,13,747,0,0,0,747
10/22/2005,RDU,NC,ASO,EN,Combined TRACON& Tower with Radar,200,250,69,5,524,0,1,9,2,12,200,251,78,7,536,0,0,0,536
10/23/2005,RDU,NC,ASO,EN,Combined TRACON& Tower with Radar,186,251,96,6,539,0,1,95,0,96,186,252,191,6,635,0,0,0,635
10/24/2005,RDU,NC,ASO,EN,Combined TRACON& Tower with Radar,204,294,90,10,598,0,2,34,3,39,204,296,124,13,637,0,0,0,637
10/25/2005,RDU,NC,ASO,EN,Combined TRACON& Tower with Radar,226,303,87,5,621,0,6,44,14,64,226,309,131,19,685,0,1,1,686
10/26/2005,RDU,NC,ASO,EN,Combined TRACON& Tower with Radar,235,335,118,8,696,0,7,100,28,135,235,342,218,36,831,0,0,0,831
10/27/2005,RDU,NC,ASO,EN,Combined TRACON& Tower with Radar,232,317,113,5,667,0,7,80,11,98,232,324,193,16,765,0,0,0,765
10/28/2005,RDU,NC,ASO,EN,Combined TRACON& Tower with Radar,238,312,113,5,668,0,11,62,5,78,238,323,175,10,746,0,0,0,746
10/29/2005,RDU,NC,ASO,EN,Combined TRACON& Tower with Radar,195,226,70,0,491,0,2,91,0,93,195,228,161,0,584,0,0,0,584
10/30/2005,RDU,NC,ASO,EN,Combined TRACON& Tower with Radar,191,230,77,4,502,0,3,91,0,94,191,233,168,4,596,0,0,0,596
10/31/2005,RDU,NC,ASO,EN,Combined TRACON& Tower with Radar,209,315,74,0,598,0,0,76,4,80,209,315,150,4,678,0,0,0,678
11/01/2005,RDU,NC,ASO,EN,Combined TRACON& Tower with Radar,221,316,126,6,669,0,7,89,12,108,221,323,215,18,777,0,0,0,777
11/02/2005,RDU,NC,ASO,EN,Combined TRACON& Tower with Radar,232,309,95,2,638,0,10,70,4,84,232,319,165,6,722,0,0,0,722
11/03/2005,RDU,NC,ASO,EN,Combined TRACON& Tower with Radar,224,314,129,0,667,0,3,94,7,104,224,317,223,7,771,0,0,0,771
11/04/2005,RDU,NC,ASO,EN,Combined TRACON& Tower with Radar,235,311,112,2,660,0,8,79,13,100,235,319,191,15,760,0,0,0,760
11/05/2005,RDU,NC,ASO,EN,Combined TRACON& Tower with Radar,191,233,64,0,488,0,4,86,16,106,191,237,150,16,594,0,0,0,594
11/06/2005,RDU,NC,ASO,EN,Combined TRACON& Tower with Radar,195,225,71,6,497,0,4,82,9,95,195,229,153,15,592,4,0,4,596
11/07/2005,RDU,NC,ASO,EN,Combined TRACON& Tower with Radar,214,302,108,3,627,0,2,49,7,58,214,304,157,10,685,0,0,0,685
11/08/2005,RDU,NC,ASO,EN,Combined TRACON& Tower with Radar,221,303,121,3,648,0,6,79,6,91,221,309,200,9,739,4,0,4,743
11/09/2005,RDU,NC,ASO,EN,Combined TRACON& Tower with Radar,217,311,140,5,673,0,6,95,6,107,217,317,235,11,780,0,0,0,780
11/10/2005,RDU,NC,ASO,EN,Combined TRACON& Tower with Radar,225,330,107,2,664,0,8,57,4,69,225,338,164,6,733,0,0,0,733
11/11/2005,RDU,NC,ASO,EN,Combined TRACON& Tower with Radar,220,305,118,5,648,0,6,90,1,97,220,311,208,6,745,0,0,0,745
11/12/2005,RDU,NC,ASO,EN,Combined TRACON& Tower with Radar,182,241,59,0,482,0,3,94,2,99,182,244,153,2,581,0,0,0,581
11/13/2005,RDU,NC,ASO,EN,Combined TRACON& Tower with Radar,189,247,98,0,534,0,3,80,7,90,189,250,178,7,624,0,0,0,624
11/14/2005,RDU,NC,ASO,EN,Combined TRACON& Tower with Radar,199,304,94,1,598,0,8,53,6,67,199,312,147,7,665,0,0,0,665
11/15/2005,RDU,NC,ASO,EN,Combined TRACON& Tower with Radar,210,317,126,2,655,0,12,50,15,77,210,329,176,17,732,0,0,0,732
11/16/2005,RDU,NC,ASO,EN,Combined TRACON& Tower with Radar,222,316,133,3,674,0,6,21,2,29,222,322,154,5,703,0,0,0,703
11/17/2005,RDU,NC,ASO,EN,Combined TRACON& Tower with Radar,224,334,135,5,698,0,13,76,16,105,224,347,211,21,803,0,0,0,803
11/18/2005,RDU,NC,ASO,EN,Combined TRACON& Tower with Radar,227,332,147,11,717,0,10,97,14,121,227,342,244,25,838,0,0,0,838
11/19/2005,RDU,NC,ASO,EN,Combined TRACON& Tower with Radar,174,250,75,4,503,0,10,102,8,120,174,260,177,12,623,0,0,0,623
11/20/2005,RDU,NC,ASO,EN,Combined TRACON& Tower with Radar,176,270,113,4,563,0,2,29,1,32,176,272,142,5,595,0,0,0,595
11/21/2005,RDU,NC,ASO,EN,Combined TRACON& Tower with Radar,198,304,64,2,568,0,0,0,0,0,198,304,64,2,568,0,0,0,568
11/22/2005,RDU,NC,ASO,EN,Combined TRACON& Tower with Radar,226,354,142,0,722,0,4,38,16,58,226,358,180,16,780,0,2,2,782
11/23/2005,RDU,NC,ASO,EN,Combined TRACON& Tower with Radar,227,340,121,6,694,0,5,72,14,91,227,345,193,20,785,0,0,0,785
11/24/2005,RDU,NC,ASO,EN,Combined TRACON& Tower with Radar,174,214,28,0,416,0,8,27,0,35,174,222,55,0,451,0,0,0,451
11/25/2005,RDU,NC,ASO,EN,Combined TRACON& Tower with Radar,161,249,49,0,459,0,6,70,4,80,161,255,119,4,539,0,0,0,539
11/26/2005,RDU,NC,ASO,EN,Combined TRACON& Tower with Radar,176,246,76,0,498,0,7,67,0,74,176,253,143,0,572,0,0,0,572
11/27/2005,RDU,NC,ASO,EN,Combined TRACON& Tower with Radar,181,277,148,0,606,0,2,9,1,12,181,279,157,1,618,0,0,0,618
11/28/2005,RDU,NC,ASO,EN,Combined TRACON& Tower with Radar,203,332,102,4,641,0,1,7,2,10,203,333,109,6,651,0,0,0,651
11/29/2005,RDU,NC,ASO,EN,Combined TRACON& Tower with Radar,231,323,85,1,640,0,0,4,0,4,231,323,89,1,644,0,0,0,644
11/30/2005,RDU,NC,ASO,EN,Combined TRACON& Tower with Radar,226,344,143,4,717,0,8,98,24,130,226,352,241,28,847,0,0,0,847
12/01/2005,RDU,NC,ASO,EN,Combined TRACON& Tower with Radar,226,319,100,3,648,0,9,61,11,81,226,328,161,14,729,0,0,0,729
12/02/2005,RDU,NC,ASO,EN,Combined TRACON& Tower with Radar,225,303,128,4,660,0,8,61,3,72,225,311,189,7,732,0,2,2,734
12/03/2005,RDU,NC,ASO,EN,Combined TRACON& Tower with Radar,170,239,67,2,478,0,1,70,7,78,170,240,137,9,556,0,0,0,556
12/04/2005,RDU,NC,ASO,EN,Combined TRACON& Tower with Radar,182,227,65,1,475,0,2,9,4,15,182,229,74,5,490,0,0,0,490
12/05/2005,RDU,NC,ASO,EN,Combined TRACON& Tower with Radar,192,276,97,0,565,0,0,0,0,0,192,276,97,0,565,0,0,0,565
12/06/2005,RDU,NC,ASO,EN,Combined TRACON& Tower with Radar,223,314,139,3,679,0,5,69,13,87,223,319,208,16,766,0,2,2,768
12/07/2005,RDU,NC,ASO,EN,Combined TRACON& Tower with Radar,212,325,152,10,699,0,5,74,18,97,212,330,226,28,796,0,0,0,796
12/08/2005,RDU,NC,ASO,EN,Combined TRACON& Tower with Radar,211,296,139,0,646,0,8,55,10,73,211,304,194,10,719,0,0,0,719
12/09/2005,RDU,NC,ASO,EN,Combined TRACON& Tower with Radar,226,283,94,2,605,0,6,26,2,34,226,289,120,4,639,0,0,0,639
12/10/2005,RDU,NC,ASO,EN,Combined TRACON& Tower with Radar,173,238,68,4,483,0,1,83,1,85,173,239,151,5,568,0,0,0,568
12/11/2005,RDU,NC,ASO,EN,Combined TRACON& Tower with Radar,186,222,52,4,464,0,1,60,1,62,186,223,112,5,526,0,0,0,526
12/12/2005,RDU,NC,ASO,EN,Combined TRACON& Tower with Radar,200,311,97,1,609,0,3,46,6,55,200,314,143,7,664,0,0,0,664
12/13/2005,RDU,NC,ASO,EN,Combined TRACON& Tower with Radar,218,318,137,2,675,0,13,73,16,102,218,331,210,18,777,4,0,4,781
12/14/2005,RDU,NC,ASO,EN,Combined TRACON& Tower with Radar,218,313,152,3,686,0,14,57,7,78,218,327,209,10,764,0,0,0,764
12/15/2005,RDU,NC,ASO,EN,Combined TRACON& Tower with Radar,213,299,83,0,595,0,3,0,1,4,213,302,83,1,599,0,0,0,599
12/16/2005,RDU,NC,ASO,EN,Combined TRACON& Tower with Radar,218,319,120,1,658,0,6,73,4,83,218,325,193,5,741,0,0,0,741
12/17/2005,RDU,NC,ASO,EN,Combined TRACON& Tower with Radar,175,243,63,1,482,0,1,91,0,92,175,244,154,1,574,0,0,0,574
12/18/2005,RDU,NC,ASO,EN,Combined TRACON& Tower with Radar,176,234,61,0,471,0,5,9,0,14,176,239,70,0,485,0,0,0,485
12/19/2005,RDU,NC,ASO,EN,Combined TRACON& Tower with Radar,191,310,91,5,597,0,4,51,10,65,191,314,142,15,662,0,0,0,662
12/20/2005,RDU,NC,ASO,EN,Combined TRACON& Tower with Radar,224,314,85,2,625,0,14,68,7,89,224,328,153,9,714,0,0,0,714
12/21/2005,RDU,NC,ASO,EN,Combined TRACON& Tower with Radar,232,320,99,4,655,0,6,92,6,104,232,326,191,10,759,0,0,0,759
12/22/2005,RDU,NC,ASO,EN,Combined TRACON& Tower with Radar,219,311,79,3,612,0,4,82,3,89,219,315,161,6,701,0,0,0,701
12/23/2005,RDU,NC,ASO,EN,Combined TRACON& Tower with Radar,221,310,48,0,579,0,6,99,0,105,221,316,147,0,684,0,0,0,684
12/24/2005,RDU,NC,ASO,EN,Combined TRACON& Tower with Radar,172,243,45,0,460,0,3,41,0,44,172,246,86,0,504,0,0,0,504
12/25/2005,RDU,NC,ASO,EN,Combined TRACON& Tower with Radar,152,194,20,0,366,0,0,4,0,4,152,194,24,0,370,0,0,0,370
12/26/2005,RDU,NC,ASO,EN,Combined TRACON& Tower with Radar,187,258,72,0,517,0,0,29,0,29,187,258,101,0,546,0,0,0,546
12/27/2005,RDU,NC,ASO,EN,Combined TRACON& Tower with Radar,193,282,68,3,546,0,1,76,6,83,193,283,144,9,629,0,0,0,629
12/28/2005,RDU,NC,ASO,EN,Combined TRACON& Tower with Radar,211,298,69,1,579,0,6,58,7,71,211,304,127,8,650,0,0,0,650
12/29/2005,RDU,NC,ASO,EN,Combined TRACON& Tower with Radar,218,292,53,2,565,0,2,19,8,29,218,294,72,10,594,0,0,0,594
12/30/2005,RDU,NC,ASO,EN,Combined TRACON& Tower with Radar,216,297,55,0,568,0,4,80,6,90,216,301,135,6,658,0,0,0,658
12/31/2005,RDU,NC,ASO,EN,Combined TRACON& Tower with Radar,168,229,22,0,419,0,1,30,1,32,168,230,52,1,451,0,0,0,451
01/01/2006,RDU,NC,ASO,EN,Combined TRACON& Tower with Radar,159,216,34,0,409,0,0,68,0,68,159,216,102,0,477,0,0,0,477
01/02/2006,RDU,NC,ASO,EN,Combined TRACON& Tower with Radar,177,248,65,2,492,0,0,0,0,0,177,248,65,2,492,0,0,0,492
01/03/2006,RDU,NC,ASO,EN,Combined TRACON& Tower with Radar,189,292,66,0,547,0,1,12,3,16,189,293,78,3,563,0,0,0,563
01/04/2006,RDU,NC,ASO,EN,Combined TRACON& Tower with Radar,214,295,112,2,623,0,7,32,8,47,214,302,144,10,670,0,0,0,670
01/05/2006,RDU,NC,ASO,EN,Combined TRACON& Tower with Radar,207,306,114,6,633,0,7,50,6,63,207,313,164,12,696,0,0,0,696
01/06/2006,RDU,NC,ASO,EN,Combined TRACON& Tower with Radar,204,304,79,6,593,0,5,43,10,58,204,309,122,16,651,0,0,0,651
01/07/2006,RDU,NC,ASO,EN,Combined TRACON& Tower with Radar,154,235,47,0,436,0,2,80,9,91,154,237,127,9,527,0,0,0,527
01/08/2006,RDU,NC,ASO,EN,Combined TRACON& Tower with Radar,175,229,55,7,466,0,1,77,8,86,175,230,132,15,552,12,0,12,564
01/09/2006,RDU,NC,ASO,EN,Combined TRACON& Tower with Radar,183,293,73,2,551,0,7,45,0,52,183,300,118,2,603,0,0,0,603
01/10/2006,RDU,NC,ASO,EN,Combined TRACON& Tower with Radar,202,302,124,5,633,0,3,12,5,20,202,305,136,10,653,0,0,0,653
01/11/2006,RDU,NC,ASO,EN,Combined TRACON& Tower with Radar,204,332,125,9,670,0,1,17,7,25,204,333,142,16,695,0,4,4,699
01/12/2006,RDU,NC,ASO,EN,Combined TRACON& Tower with Radar,205,345,146,11,707,0,4,55,11,70,205,349,201,22,777,0,0,0,777
01/13/2006,RDU,NC,ASO,EN,Combined TRACON& Tower with Radar,196,299,101,7,603,0,4,20,18,42,196,303,121,25,645,0,0,0,645
01/14/2006,RDU,NC,ASO,EN,Combined TRACON& Tower with Radar,167,226,35,3,431,0,2,11,0,13,167,228,46,3,444,0,0,0,444
01/15/2006,RDU,NC,ASO,EN,Combined TRACON& Tower with Radar,168,209,48,3,428,0,1,40,2,43,168,210,88,5,471,0,0,0,471
01/16/2006,RDU,NC,ASO,EN,Combined TRACON& Tower with Radar,190,271,85,5,551,0,4,58,0,62,190,275,143,5,613,0,0,0,613
01/17/2006,RDU,NC,ASO,EN,Combined TRACON& Tower with Radar,200,306,102,6,614,0,4,21,8,33,200,310,123,14,647,0,0,0,647
01/18/2006,RDU,NC,ASO,EN,Combined TRACON& Tower with Radar,213,306,91,6,616,0,1,15,16,32,213,307,106,22,648,0,8,8,656
01/19/2006,RDU,NC,ASO,EN,Combined TRACON& Tower with Radar,203,316,136,5,660,0,8,98,6,112,203,324,234,11,772,22,0,22,794
01/20/2006,RDU,NC,ASO,EN,Combined TRACON& Tower with Radar,205,311,128,1,645,0,12,81,0,93,205,323,209,1,738,0,4,4,742
01/21/2006,RDU,NC,ASO,EN,Combined TRACON& Tower with Radar,150,217,49,0,416,0,3,6,5,14,150,220,55,5,430,0,0,0,430
01/22/2006,RDU,NC,ASO,EN,Combined TRACON& Tower with Radar,166,222,80,2,470,0,1,8,0,9,166,223,88,2,479,0,0,0,479
01/23/2006,RDU,NC,ASO,EN,Combined TRACON& Tower with Radar,195,283,70,0,548,0,0,0,0,0,195,283,70,0,548,0,0,0,548
01/24/2006,RDU,NC,ASO,EN,Combined TRACON& Tower with Radar,208,313,121,8,650,0,2,35,9,46,208,315,156,17,696,0,0,0,696
01/25/2006,RDU,NC,ASO,EN,Combined TRACON& Tower with Radar,206,308,110,0,624,0,12,36,2,50,206,320,146,2,674,0,0,0,674
01/26/2006,RDU,NC,ASO,EN,Combined TRACON& Tower with Radar,204,341,135,3,683,0,12,64,9,85,204,353,199,12,768,0,6,6,774
01/27/2006,RDU,NC,ASO,EN,Combined TRACON& Tower with Radar,208,317,111,6,642,0,6,94,3,103,208,323,205,9,745,0,0,0,745
01/28/2006,RDU,NC,ASO,EN,Combined TRACON& Tower with Radar,148,223,58,0,429,0,4,111,9,124,148,227,169,9,553,16,0,16,569
01/29/2006,RDU,NC,ASO,EN,Combined TRACON& Tower with Radar,166,232,82,2,482,0,0,10,0,10,166,232,92,2,492,0,0,0,492
01/30/2006,RDU,NC,ASO,EN,Combined TRACON& Tower with Radar,187,299,123,5,614,0,3,38,10,51,187,302,161,15,665,0,4,4,669
01/31/2006,RDU,NC,ASO,EN,Combined TRACON& Tower with Radar,211,308,94,4,617,0,6,27,4,37,211,314,121,8,654,0,0,0,654
02/01/2006,RDU,NC,ASO,EN,Combined TRACON& Tower with Radar,215,299,139,4,657,0,14,102,6,122,215,313,241,10,779,0,0,0,779
02/02/2006,RDU,NC,ASO,EN,Combined TRACON& Tower with Radar,204,314,94,3,615,0,8,55,6,69,204,322,149,9,684,0,0,0,684
02/03/2006,RDU,NC,ASO,EN,Combined TRACON& Tower with Radar,201,338,98,5,642,0,6,39,15,60,201,344,137,20,702,0,0,0,702
02/04/2006,RDU,NC,ASO,EN,Combined TRACON& Tower with Radar,152,247,80,0,479,0,2,5,1,8,152,249,85,1,487,0,0,0,487
02/05/2006,RDU,NC,ASO,EN,Combined TRACON& Tower with Radar,167,228,66,0,461,0,4,42,1,47,167,232,108,1,508,0,0,0,508
02/06/2006,RDU,NC,ASO,EN,Combined TRACON& Tower with Radar,182,292,109,3,586,0,5,63,18,86,182,297,172,21,672,0,2,2,674
02/07/2006,RDU,NC,ASO,EN,Combined TRACON& Tower with Radar,209,312,122,0,643,0,7,85,14,106,209,319,207,14,749,0,0,0,749
02/08/2006,RDU,NC,ASO,EN,Combined TRACON& Tower with Radar,207,329,133,3,672,1,4,88,6,99,208,333,221,9,771,10,0,10,781
02/09/2006,RDU,NC,ASO,EN,Combined TRACON& Tower with Radar,204,306,112,3,625,0,7,69,12,88,204,313,181,15,713,0,0,0,713
02/10/2006,RDU,NC,ASO,EN,Combined TRACON& Tower with Radar,208,307,89,10,614,0,8,80,15,103,208,315,169,25,717,4,0,4,721
02/11/2006,RDU,NC,ASO,EN,Combined TRACON& Tower with Radar,145,216,25,0,386,0,1,2,3,6,145,217,27,3,392,0,0,0,392
02/12/2006,RDU,NC,ASO,EN,Combined TRACON& Tower with Radar,161,153,51,3,368,0,0,15,15,30,161,153,66,18,398,0,0,0,398
02/13/2006,RDU,NC,ASO,EN,Combined TRACON& Tower with Radar,179,281,95,4,559,0,3,70,10,83,179,284,165,14,642,0,0,0,642
02/14/2006,RDU,NC,ASO,EN,Combined TRACON& Tower with Radar,207,315,83,1,606,0,11,83,4,98,207,326,166,5,704,0,0,0,704
02/15/2006,RDU,NC,ASO,EN,Combined TRACON& Tower with Radar,205,330,165,4,704,0,10,105,7,122,205,340,270,11,826,0,0,0,826
02/16/2006,RDU,NC,ASO,EN,Combined TRACON& Tower with Radar,192,316,119,3,630,0,11,81,11,103,192,327,200,14,733,0,0,0,733
02/17/2006,RDU,NC,ASO,EN,Combined TRACON& Tower with Radar,214,299,98,6,617,0,10,53,6,69,214,309,151,12,686,0,0,0,686
02/18/2006,RDU,NC,ASO,EN,Combined TRACON& Tower with Radar,153,233,38,4,428,0,7,13,1,21,153,240,51,5,449,0,0,0,449
02/19/2006,RDU,NC,ASO,EN,Combined TRACON& Tower with Radar,169,228,83,0,480,0,1,84,1,86,169,229,167,1,566,0,0,0,566
02/20/2006,RDU,NC,ASO,EN,Combined TRACON& Tower with Radar,185,278,79,0,542,0,2,43,1,46,185,280,122,1,588,0,0,0,588
02/21/2006,RDU,NC,ASO,EN,Combined TRACON& Tower with Radar,212,303,134,0,649,0,1,62,10,73,212,304,196,10,722,0,0,0,722
02/22/2006,RDU,NC,ASO,EN,Combined TRACON& Tower with Radar,208,307,106,4,625,0,3,10,0,13,208,310,116,4,638,0,0,0,638
02/23/2006,RDU,NC,ASO,EN,Combined TRACON& Tower with Radar,210,315,141,4,670,0,0,30,14,44,210,315,171,18,714,0,0,0,714
02/24/2006,RDU,NC,ASO,EN,Combined TRACON& Tower with Radar,209,319,98,3,629,0,8,98,2,108,209,327,196,5,737,0,0,0,737
02/25/2006,RDU,NC,ASO,EN,Combined TRACON& Tower with Radar,153,240,52,0,445,0,4,69,0,73,153,244,121,0,518,0,0,0,518
02/26/2006,RDU,NC,ASO,EN,Combined TRACON& Tower with Radar,179,230,77,1,487,0,0,30,0,30,179,230,107,1,517,0,0,0,517
02/27/2006,RDU,NC,ASO,EN,Combined TRACON& Tower with Radar,186,300,80,2,568,0,3,67,2,72,186,303,147,4,640,0,0,0,640
02/28/2006,RDU,NC,ASO,EN,Combined TRACON& Tower with Radar,211,302,116,0,629,0,9,74,12,95,211,311,190,12,724,0,0,0,724
03/01/2006,RDU,NC,ASO,EN,Combined TRACON& Tower with Radar,213,297,109,0,619,0,9,76,15,100,213,306,185,15,719,0,15,15,734
03/02/2006,RDU,NC,ASO,EN,Combined TRACON& Tower with Radar,204,288,121,2,615,0,7,30,5,42,204,295,151,7,657,0,0,0,657
03/03/2006,RDU,NC,ASO,EN,Combined TRACON& Tower with Radar,215,317,85,11,628,0,7,82,11,100,215,324,167,22,728,0,0,0,728
03/04/2006,RDU,NC,ASO,EN,Combined TRACON& Tower with Radar,163,266,101,9,539,0,6,76,7,89,163,272,177,16,628,0,0,0,628
03/05/2006,RDU,NC,ASO,EN,Combined TRACON& Tower with Radar,164,266,117,1,548,0,1,77,4,82,164,267,194,5,630,10,0,10,640
03/06/2006,RDU,NC,ASO,EN,Combined TRACON& Tower with Radar,194,310,89,0,593,0,0,12,0,12,194,310,101,0,605,0,0,0,605
03/07/2006,RDU,NC,ASO,EN,Combined TRACON& Tower with Radar,212,317,99,3,631,0,6,72,16,94,212,323,171,19,725,0,0,0,725
03/08/2006,RDU,NC,ASO,EN,Combined TRACON& Tower with Radar,213,330,111,3,657,0,8,85,12,105,213,338,196,15,762,0,0,0,762
03/09/2006,RDU,NC,ASO,EN,Combined TRACON& Tower with Radar,209,313,103,9,634,0,7,61,8,76,209,320,164,17,710,0,4,4,714
03/10/2006,RDU,NC,ASO,EN,Combined TRACON& Tower with Radar,219,310,104,4,637,0,3,38,12,53,219,313,142,16,690,0,0,0,690
03/11/2006,RDU,NC,ASO,EN,Combined TRACON& Tower with Radar,161,233,63,0,457,0,5,63,4,72,161,238,126,4,529,0,0,0,529
03/12/2006,RDU,NC,ASO,EN,Combined TRACON& Tower with Radar,171,215,74,4,464,0,0,63,10,73,171,215,137,14,537,10,0,10,547
03/13/2006,RDU,NC,ASO,EN,Combined TRACON& Tower with Radar,190,292,61,1,544,0,2,37,12,51,190,294,98,13,595,0,0,0,595
03/14/2006,RDU,NC,ASO,EN,Combined TRACON& Tower with Radar,225,297,115,1,638,0,15,29,5,49,225,312,144,6,687,0,0,0,687
03/15/2006,RDU,NC,ASO,EN,Combined TRACON& Tower with Radar,218,314,150,4,686,0,11,72,25,108,218,325,222,29,794,0,0,0,794
03/16/2006,RDU,NC,ASO,EN,Combined TRACON& Tower with Radar,215,312,158,13,698,0,9,72,22,103,215,321,230,35,801,0,0,0,801
03/17/2006,RDU,NC,ASO,EN,Combined TRACON& Tower with Radar,211,321,146,27,705,0,16,70,15,101,211,337,216,42,806,0,12,12,818
03/18/2006,RDU,NC,ASO,EN,Combined TRACON& Tower with Radar,159,218,63,4,444,0,6,87,17,110,159,224,150,21,554,10,6,16,570
03/19/2006,RDU,NC,ASO,EN,Combined TRACON& Tower with Radar,175,231,100,1,507,0,0,77,12,89,175,231,177,13,596,2,0,2,598
03/20/2006,RDU,NC,ASO,EN,Combined TRACON& Tower with Radar,192,314,120,4,630,0,2,34,10,46,192,316,154,14,676,0,0,0,676
03/21/2006,RDU,NC,ASO,EN,Combined TRACON& Tower with Radar,218,313,121,1,653,0,1,0,0,1,218,314,121,1,654,0,0,0,654
03/22/2006,RDU,NC,ASO,EN,Combined TRACON& Tower with Radar,213,342,152,9,716,0,2,72,11,85,213,344,224,20,801,0,10,10,811
03/23/2006,RDU,NC,ASO,EN,Combined TRACON& Tower with Radar,215,325,155,8,703,0,8,103,39,150,215,333,258,47,853,0,0,0,853
03/24/2006,RDU,NC,ASO,EN,Combined TRACON& Tower with Radar,214,322,150,9,695,0,9,30,18,57,214,331,180,27,752,0,2,2,754
03/25/2006,RDU,NC,ASO,EN,Combined TRACON& Tower with Radar,162,235,75,3,475,0,2,15,8,25,162,237,90,11,500,0,0,0,500
03/26/2006,RDU,NC,ASO,EN,Combined TRACON& Tower with Radar,173,238,77,1,489,0,2,81,13,96,173,240,158,14,585,0,0,0,585
03/27/2006,RDU,NC,ASO,EN,Combined TRACON& Tower with Radar,189,303,79,2,573,0,0,85,19,104,189,303,164,21,677,0,0,0,677
03/28/2006,RDU,NC,ASO,EN,Combined TRACON& Tower with Radar,216,291,102,10,619,0,6,49,13,68,216,297,151,23,687,0,0,0,687
03/29/2006,RDU,NC,ASO,EN,Combined TRACON& Tower with Radar,220,324,122,10,676,0,5,74,14,93,220,329,196,24,769,6,0,6,775
03/30/2006,RDU,NC,ASO,EN,Combined TRACON& Tower with Radar,216,306,136,10,668,0,9,111,17,137,216,315,247,27,805,0,0,0,805
03/31/2006,RDU,NC,ASO,EN,Combined TRACON& Tower with Radar,208,326,115,7,656,0,9,66,19,94,208,335,181,26,750,0,0,0,750
04/01/2006,RDU,NC,ASO,EN,Combined TRACON& Tower with Radar,163,225,69,0,457,0,2,24,1,27,163,227,93,1,484,0,0,0,484
04/02/2006,RDU,NC,ASO,EN,Combined TRACON& Tower with Radar,165,234,88,2,489,0,2,109,2,113,165,236,197,4,602,0,0,0,602
04/03/2006,RDU,NC,ASO,EN,Combined TRACON& Tower with Radar,199,300,97,1,597,0,0,19,0,19,199,300,116,1,616,0,0,0,616
04/04/2006,RDU,NC,ASO,EN,Combined TRACON& Tower with Radar,215,315,121,3,654,0,6,66,11,83,215,321,187,14,737,0,0,0,737
04/05/2006,RDU,NC,ASO,EN,Combined TRACON& Tower with Radar,214,311,155,3,683,0,8,87,11,106,214,319,242,14,789,0,0,0,789
04/06/2006,RDU,NC,ASO,EN,Combined TRACON& Tower with Radar,209,322,166,5,702,0,6,103,8,117,209,328,269,13,819,0,0,0,819
04/07/2006,RDU,NC,ASO,EN,Combined TRACON& Tower with Radar,208,313,132,1,654,0,5,84,6,95,208,318,216,7,749,0,0,0,749
04/08/2006,RDU,NC,ASO,EN,Combined TRACON& Tower with Radar,173,241,57,0,471,0,2,4,0,6,173,243,61,0,477,0,0,0,477
04/09/2006,RDU,NC,ASO,EN,Combined TRACON& Tower with Radar,179,250,100,4,533,0,1,84,7,92,179,251,184,11,625,0,0,0,625
04/10/2006,RDU,NC,ASO,EN,Combined TRACON& Tower with Radar,197,320,102,3,622,0,1,87,2,90,197,321,189,5,712,0,0,0,712
04/11/2006,RDU,NC,ASO,EN,Combined TRACON& Tower with Radar,212,321,121,0,654,0,12,107,8,127,212,333,228,8,781,0,0,0,781
04/12/2006,RDU,NC,ASO,EN,Combined TRACON& Tower with Radar,216,327,136,3,682,0,13,81,21,115,216,340,217,24,797,0,0,0,797
04/13/2006,RDU,NC,ASO,EN,Combined TRACON& Tower with Radar,216,312,136,10,674,0,13,94,8,115,216,325,230,18,789,0,0,0,789
04/14/2006,RDU,NC,ASO,EN,Combined TRACON& Tower with Radar,210,311,70,0,591,0,6,64,8,78,210,317,134,8,669,0,0,0,669
04/15/2006,RDU,NC,ASO,EN,Combined TRACON& Tower with Radar,170,224,51,0,445,0,3,71,0,74,170,227,122,0,519,0,0,0,519
04/16/2006,RDU,NC,ASO,EN,Combined TRACON& Tower with Radar,172,241,62,6,481,0,0,38,1,39,172,241,100,7,520,0,0,0,520
04/17/2006,RDU,NC,ASO,EN,Combined TRACON& Tower with Radar,199,310,162,0,671,0,5,43,4,52,199,315,205,4,723,0,0,0,723
04/18/2006,RDU,NC,ASO,EN,Combined TRACON& Tower with Radar,209,327,133,0,669,0,4,77,10,91,209,331,210,10,760,0,0,0,760
04/19/2006,RDU,NC,ASO,EN,Combined TRACON& Tower with Radar,210,310,144,5,669,0,12,68,14,94,210,322,212,19,763,0,0,0,763
04/20/2006,RDU,NC,ASO,EN,Combined TRACON& Tower with Radar,211,341,188,2,742,0,4,79,15,98,211,345,267,17,840,0,0,0,840
04/21/2006,RDU,NC,ASO,EN,Combined TRACON& Tower with Radar,219,328,162,1,710,0,5,50,4,59,219,333,212,5,769,0,0,0,769
04/22/2006,RDU,NC,ASO,EN,Combined TRACON& Tower with Radar,168,231,63,0,462,0,0,4,3,7,168,231,67,3,469,0,0,0,469
04/23/2006,RDU,NC,ASO,EN,Combined TRACON& Tower with Radar,185,245,142,0,572,0,0,60,0,60,185,245,202,0,632,0,0,0,632
04/24/2006,RDU,NC,ASO,EN,Combined TRACON& Tower with Radar,191,297,93,4,585,0,1,64,7,72,191,298,157,11,657,0,0,0,657
04/25/2006,RDU,NC,ASO,EN,Combined TRACON& Tower with Radar,215,307,124,1,647,0,10,52,4,66,215,317,176,5,713,0,0,0,713
04/26/2006,RDU,NC,ASO,EN,Combined TRACON& Tower with Radar,220,327,125,5,677,0,2,5,3,10,220,329,130,8,687,0,0,0,687
04/27/2006,RDU,NC,ASO,EN,Combined TRACON& Tower with Radar,216,317,135,6,674,0,0,8,4,12,216,317,143,10,686,0,0,0,686
04/28/2006,RDU,NC,ASO,EN,Combined TRACON& Tower with Radar,211,328,107,7,653,0,10,117,9,136,211,338,224,16,789,0,0,0,789
04/29/2006,RDU,NC,ASO,EN,Combined TRACON& Tower with Radar,170,234,57,0,461,0,6,71,2,79,170,240,128,2,540,0,0,0,540
04/30/2006,RDU,NC,ASO,EN,Combined TRACON& Tower with Radar,170,245,54,1,470,0,1,46,1,48,170,246,100,2,518,0,0,0,518
05/01/2006,RDU,NC,ASO,EN,Combined TRACON& Tower with Radar,199,299,97,3,598,0,2,63,15,80,199,301,160,18,678,0,0,0,678
05/02/2006,RDU,NC,ASO,EN,Combined TRACON& Tower with Radar,217,311,115,1,644,0,5,88,12,105,217,316,203,13,749,0,0,0,749
05/03/2006,RDU,NC,ASO,EN,Combined TRACON& Tower with Radar,219,316,148,2,685,0,6,68,22,96,219,322,216,24,781,0,0,0,781
05/04/2006,RDU,NC,ASO,EN,Combined TRACON& Tower with Radar,221,311,149,11,692,0,5,91,21,117,221,316,240,32,809,0,0,0,809
05/05/2006,RDU,NC,ASO,EN,Combined TRACON& Tower with Radar,215,312,107,1,635,0,7,42,6,55,215,319,149,7,690,0,0,0,690
05/06/2006,RDU,NC,ASO,EN,Combined TRACON& Tower with Radar,171,221,68,1,461,0,5,55,8,68,171,226,123,9,529,0,0,0,529
05/07/2006,RDU,NC,ASO,EN,Combined TRACON& Tower with Radar,179,231,64,2,476,0,0,10,1,11,179,231,74,3,487,0,0,0,487
05/08/2006,RDU,NC,ASO,EN,Combined TRACON& Tower with Radar,199,305,119,8,631,0,0,4,3,7,199,305,123,11,638,0,0,0,638
05/09/2006,RDU,NC,ASO,EN,Combined TRACON& Tower with Radar,220,328,163,9,720,0,0,30,2,32,220,328,193,11,752,0,0,0,752
05/10/2006,RDU,NC,ASO,EN,Combined TRACON& Tower with Radar,222,309,131,2,664,0,8,68,9,85,222,317,199,11,749,0,0,0,749
05/11/2006,RDU,NC,ASO,EN,Combined TRACON& Tower with Radar,227,308,152,2,689,0,2,17,5,24,227,310,169,7,713,0,0,0,713
05/12/2006,RDU,NC,ASO,EN,Combined TRACON& Tower with Radar,221,337,135,10,703,0,11,107,11,129,221,348,242,21,832,0,0,0,832
05/13/2006,RDU,NC,ASO,EN,Combined TRACON& Tower with Radar,180,239,98,7,524,0,1,95,2,98,180,240,193,9,622,0,0,0,622
05/14/2006,RDU,NC,ASO,EN,Combined TRACON& Tower with Radar,176,235,92,5,508,0,0,20,0,20,176,235,112,5,528,0,0,0,528
05/15/2006,RDU,NC,ASO,EN,Combined TRACON& Tower with Radar,202,312,123,9,646,0,4,53,3,60,202,316,176,12,706,0,0,0,706
05/16/2006,RDU,NC,ASO,EN,Combined TRACON& Tower with Radar,223,309,129,0,661,0,8,93,11,112,223,317,222,11,773,0,0,0,773
05/17/2006,RDU,NC,ASO,EN,Combined TRACON& Tower with Radar,211,307,122,8,648,0,14,58,12,84,211,321,180,20,732,0,0,0,732
05/18/2006,RDU,NC,ASO,EN,Combined TRACON& Tower with Radar,218,313,113,4,648,0,9,44,5,58,218,322,157,9,706,6,0,6,712
05/19/2006,RDU,NC,ASO,EN,Combined TRACON& Tower with Radar,219,318,112,5,654,0,4,99,7,110,219,322,211,12,764,0,0,0,764
05/20/2006,RDU,NC,ASO,EN,Combined TRACON& Tower with Radar,174,238,87,2,501,0,3,43,0,46,174,241,130,2,547,0,0,0,547
05/21/2006,RDU,NC,ASO,EN,Combined TRACON& Tower with Radar,182,240,85,1,508,0,0,57,0,57,182,240,142,1,565,0,0,0,565
05/22/2006,RDU,NC,ASO,EN,Combined TRACON& Tower with Radar,199,324,102,1,626,0,2,72,7,81,199,326,174,8,707,0,0,0,707
05/23/2006,RDU,NC,ASO,EN,Combined TRACON& Tower with Radar,222,310,116,7,655,0,10,90,14,114,222,320,206,21,769,0,0,0,769
05/24/2006,RDU,NC,ASO,EN,Combined TRACON& Tower with Radar,215,322,139,4,680,0,13,92,19,124,215,335,231,23,804,0,0,0,804
05/25/2006,RDU,NC,ASO,EN,Combined TRACON& Tower with Radar,217,323,152,5,697,0,15,45,17,77,217,338,197,22,774,0,0,0,774
05/26/2006,RDU,NC,ASO,EN,Combined TRACON& Tower with Radar,214,320,115,7,656,0,14,62,5,81,214,334,177,12,737,0,0,0,737
05/27/2006,RDU,NC,ASO,EN,Combined TRACON& Tower with Radar,178,225,54,0,457,0,4,56,0,60,178,229,110,0,517,6,0,6,523
05/28/2006,RDU,NC,ASO,EN,Combined TRACON& Tower with Radar,170,200,33,0,403,0,0,49,0,49,170,200,82,0,452,0,0,0,452
05/29/2006,RDU,NC,ASO,EN,Combined TRACON& Tower with Radar,177,224,79,1,481,0,0,54,4,58,177,224,133,5,539,0,0,0,539
05/30/2006,RDU,NC,ASO,EN,Combined TRACON& Tower with Radar,201,300,95,7,603,0,4,49,3,56,201,304,144,10,659,0,0,0,659
05/31/2006,RDU,NC,ASO,EN,Combined TRACON& Tower with Radar,220,329,145,0,694,0,7,68,5,80,220,336,213,5,774,0,0,0,774
06/01/2006,RDU,NC,ASO,EN,Combined TRACON& Tower with Radar,221,303,114,2,640,0,7,61,17,85,221,310,175,19,725,6,0,6,731
06/02/2006,RDU,NC,ASO,EN,Combined TRACON& Tower with Radar,219,298,110,6,633,0,9,22,7,38,219,307,132,13,671,0,0,0,671
06/03/2006,RDU,NC,ASO,EN,Combined TRACON& Tower with Radar,179,222,73,1,475,0,0,34,4,38,179,222,107,5,513,0,0,0,513
06/04/2006,RDU,NC,ASO,EN,Combined TRACON& Tower with Radar,181,233,84,7,505,0,0,71,3,74,181,233,155,10,579,0,0,0,579
06/05/2006,RDU,NC,ASO,EN,Combined TRACON& Tower with Radar,197,316,127,1,641,0,2,44,15,61,197,318,171,16,702,0,0,0,702
06/06/2006,RDU,NC,ASO,EN,Combined TRACON& Tower with Radar,213,345,121,0,679,0,7,43,11,61,213,352,164,11,740,0,0,0,740
06/07/2006,RDU,NC,ASO,EN,Combined TRACON& Tower with Radar,217,306,136,4,663,0,10,76,8,94,217,316,212,12,757,0,0,0,757
06/08/2006,RDU,NC,ASO,EN,Combined TRACON& Tower with Radar,221,324,119,2,666,0,15,39,7,61,221,339,158,9,727,0,0,0,727
06/09/2006,RDU,NC,ASO,EN,Combined TRACON& Tower with Radar,234,294,108,11,647,0,11,84,6,101,234,305,192,17,748,0,0,0,748
06/10/2006,RDU,NC,ASO,EN,Combined TRACON& Tower with Radar,183,221,75,4,483,0,3,77,6,86,183,224,152,10,569,0,0,0,569
06/11/2006,RDU,NC,ASO,EN,Combined TRACON& Tower with Radar,191,221,89,4,505,0,0,40,2,42,191,221,129,6,547,0,0,0,547
06/12/2006,RDU,NC,ASO,EN,Combined TRACON& Tower with Radar,212,301,89,2,604,0,0,7,5,12,212,301,96,7,616,0,0,0,616
06/13/2006,RDU,NC,ASO,EN,Combined TRACON& Tower with Radar,231,298,123,2,654,0,6,37,12,55,231,304,160,14,709,0,0,0,709
06/14/2006,RDU,NC,ASO,EN,Combined TRACON& Tower with Radar,229,304,90,0,623,0,0,7,1,8,229,304,97,1,631,4,0,4,635
06/15/2006,RDU,NC,ASO,EN,Combined TRACON& Tower with Radar,224,319,155,5,703,0,8,95,12,115,224,327,250,17,818,0,0,0,818
06/16/2006,RDU,NC,ASO,EN,Combined TRACON& Tower with Radar,224,314,126,1,665,0,4,76,9,89,224,318,202,10,754,0,0,0,754
06/17/2006,RDU,NC,ASO,EN,Combined TRACON& Tower with Radar,198,206,67,1,472,0,4,69,3,76,198,210,136,4,548,0,0,0,548
06/18/2006,RDU,NC,ASO,EN,Combined TRACON& Tower with Radar,194,212,77,2,485,0,0,57,1,58,194,212,134,3,543,0,0,0,543
06/19/2006,RDU,NC,ASO,EN,Combined TRACON& Tower with Radar,214,288,137,2,641,0,0,77,5,82,214,288,214,7,723,0,0,0,723
06/20/2006,RDU,NC,ASO,EN,Combined TRACON& Tower with Radar,238,312,153,2,705,0,15,104,9,128,238,327,257,11,833,0,0,0,833
06/21/2006,RDU,NC,ASO,EN,Combined TRACON& Tower with Radar,221,309,120,7,657,0,14,53,10,77,221,323,173,17,734,0,0,0,734
06/22/2006,RDU,NC,ASO,EN,Combined TRACON& Tower with Radar,219,320,122,7,668,0,12,78,19,109,219,332,200,26,777,0,0,0,777
06/23/2006,RDU,NC,ASO,EN,Combined TRACON& Tower with Radar,220,273,111,3,607,0,8,32,3,43,220,281,143,6,650,0,0,0,650
06/24/2006,RDU,NC,ASO,EN,Combined TRACON& Tower with Radar,186,229,65,0,480,0,0,21,0,21,186,229,86,0,501,0,0,0,501
06/25/2006,RDU,NC,ASO,EN,Combined TRACON& Tower with Radar,186,211,64,3,464,0,0,4,0,4,186,211,68,3,468,0,0,0,468
06/26/2006,RDU,NC,ASO,EN,Combined TRACON& Tower with Radar,221,270,101,2,594,0,0,9,1,10,221,270,110,3,604,0,0,0,604
06/27/2006,RDU,NC,ASO,EN,Combined TRACON& Tower with Radar,212,303,122,1,638,0,3,8,1,12,212,306,130,2,650,0,0,0,650
06/28/2006,RDU,NC,ASO,EN,Combined TRACON& Tower with Radar,235,302,128,3,668,0,6,52,13,71,235,308,180,16,739,0,22,22,761
06/29/2006,RDU,NC,ASO,EN,Combined TRACON& Tower with Radar,230,311,157,2,700,0,10,124,19,153,230,321,281,21,853,0,0,0,853
06/30/2006,RDU,NC,ASO,EN,Combined TRACON& Tower with Radar,222,290,126,4,642,0,9,85,6,100,222,299,211,10,742,0,0,0,742
07/01/2006,RDU,NC,ASO,EN,Combined TRACON& Tower with Radar,189,225,77,23,514,0,3,78,1,82,189,228,155,24,596,0,0,0,596
07/02/2006,RDU,NC,ASO,EN,Combined TRACON& Tower with Radar,188,193,46,0,427,0,0,51,1,52,188,193,97,1,479,0,0,0,479
07/03/2006,RDU,NC,ASO,EN,Combined TRACON& Tower with Radar,181,246,40,0,467,0,0,69,2,71,181,246,109,2,538,6,0,6,544
07/04/2006,RDU,NC,ASO,EN,Combined TRACON& Tower with Radar,192,196,41,0,429,0,4,32,0,36,192,200,73,0,465,0,0,0,465
07/05/2006,RDU,NC,ASO,EN,Combined TRACON& Tower with Radar,203,268,93,3,567,0,4,36,8,48,203,272,129,11,615,0,0,0,615
07/06/2006,RDU,NC,ASO,EN,Combined TRACON& Tower with Radar,231,323,86,0,640,0,1,8,2,11,231,324,94,2,651,0,0,0,651
07/07/2006,RDU,NC,ASO,EN,Combined TRACON& Tower with Radar,224,297,114,9,644,0,8,65,9,82,224,305,179,18,726,0,0,0,726
07/08/2006,RDU,NC,ASO,EN,Combined TRACON& Tower with Radar,192,213,61,22,488,0,5,71,0,76,192,218,132,22,564,0,0,0,564
07/09/2006,RDU,NC,ASO,EN,Combined TRACON& Tower with Radar,198,221,73,1,493,0,0,75,2,77,198,221,148,3,570,0,0,0,570
07/10/2006,RDU,NC,ASO,EN,Combined TRACON& Tower with Radar,213,296,108,7,624,0,1,62,11,74,213,297,170,18,698,0,0,0,698
07/11/2006,RDU,NC,ASO,EN,Combined TRACON& Tower with Radar,219,292,125,4,640,0,9,70,18,97,219,301,195,22,737,0,0,0,737
07/12/2006,RDU,NC,ASO,EN,Combined TRACON& Tower with Radar,224,295,109,4,632,0,8,73,23,104,224,303,182,27,736,0,0,0,736
07/13/2006,RDU,NC,ASO,EN,Combined TRACON& Tower with Radar,230,310,121,10,671,0,13,66,21,100,230,323,187,31,771,0,0,0,771
07/14/2006,RDU,NC,ASO,EN,Combined TRACON& Tower with Radar,227,303,111,7,648,0,8,53,12,73,227,311,164,19,721,0,0,0,721
07/15/2006,RDU,NC,ASO,EN,Combined TRACON& Tower with Radar,195,217,58,10,480,0,5,41,4,50,195,222,99,14,530,0,0,0,530
07/16/2006,RDU,NC,ASO,EN,Combined TRACON& Tower with Radar,190,220,69,3,482,0,0,67,8,75,190,220,136,11,557,0,0,0,557
07/17/2006,RDU,NC,ASO,EN,Combined TRACON& Tower with Radar,205,295,96,4,600,0,5,77,15,97,205,300,173,19,697,0,0,0,697
07/18/2006,RDU,NC,ASO,EN,Combined TRACON& Tower with Radar,227,304,72,8,611,0,7,55,14,76,227,311,127,22,687,0,0,0,687
07/19/2006,RDU,NC,ASO,EN,Combined TRACON& Tower with Radar,231,313,132,3,679,0,9,52,20,81,231,322,184,23,760,0,10,10,770
07/20/2006,RDU,NC,ASO,EN,Combined TRACON& Tower with Radar,226,313,149,3,691,0,12,47,28,87,226,325,196,31,778,10,12,22,800
07/21/2006,RDU,NC,ASO,EN,Combined TRACON& Tower with Radar,225,272,115,8,620,0,8,77,14,99,225,280,192,22,719,0,0,0,719
07/22/2006,RDU,NC,ASO,EN,Combined TRACON& Tower with Radar,198,199,54,2,453,0,2,22,0,24,198,201,76,2,477,0,0,0,477
07/23/2006,RDU,NC,ASO,EN,Combined TRACON& Tower with Radar,206,220,89,1,516,0,0,14,2,16,206,220,103,3,532,0,0,0,532
07/24/2006,RDU,NC,ASO,EN,Combined TRACON& Tower with Radar,217,293,110,4,624,0,1,32,13,46,217,294,142,17,670,0,10,10,680
07/25/2006,RDU,NC,ASO,EN,Combined TRACON& Tower with Radar,232,325,141,5,703,0,2,7,10,19,232,327,148,15,722,0,10,10,732
07/26/2006,RDU,NC,ASO,EN,Combined TRACON& Tower with Radar,233,324,139,3,699,0,3,59,13,75,233,327,198,16,774,0,0,0,774
07/27/2006,RDU,NC,ASO,EN,Combined TRACON& Tower with Radar,222,279,132,2,635,0,8,63,12,83,222,287,195,14,718,8,0,8,726
07/28/2006,RDU,NC,ASO,EN,Combined TRACON& Tower with Radar,236,296,100,4,636,0,9,79,8,96,236,305,179,12,732,0,0,0,732
07/29/2006,RDU,NC,ASO,EN,Combined TRACON& Tower with Radar,203,220,73,2,498,0,3,67,5,75,203,223,140,7,573,0,0,0,573
07/30/2006,RDU,NC,ASO,EN,Combined TRACON& Tower with Radar,198,218,78,1,495,0,0,68,2,70,198,218,146,3,565,0,0,0,565
07/31/2006,RDU,NC,ASO,EN,Combined TRACON& Tower with Radar,216,281,107,5,609,0,2,50,11,63,216,283,157,16,672,0,0,0,672
08/01/2006,RDU,NC,ASO,EN,Combined TRACON& Tower with Radar,230,303,131,3,667,0,9,56,12,77,230,312,187,15,744,0,0,0,744
08/02/2006,RDU,NC,ASO,EN,Combined TRACON& Tower with Radar,232,308,121,3,664,0,7,49,15,71,232,315,170,18,735,10,0,10,745
08/03/2006,RDU,NC,ASO,EN,Combined TRACON& Tower with Radar,227,307,155,5,694,0,7,50,11,68,227,314,205,16,762,0,0,0,762
08/04/2006,RDU,NC,ASO,EN,Combined TRACON& Tower with Radar,230,302,98,4,634,0,9,73,7,89,230,311,171,11,723,0,0,0,723
08/05/2006,RDU,NC,ASO,EN,Combined TRACON& Tower with Radar,202,221,61,1,485,0,4,50,12,66,202,225,111,13,551,0,0,0,551
08/06/2006,RDU,NC,ASO,EN,Combined TRACON& Tower with Radar,200,227,80,3,510,0,0,54,10,64,200,227,134,13,574,0,0,0,574
08/07/2006,RDU,NC,ASO,EN,Combined TRACON& Tower with Radar,213,272,122,2,609,1,6,27,1,35,214,278,149,3,644,0,0,0,644
08/08/2006,RDU,NC,ASO,EN,Combined TRACON& Tower with Radar,236,310,150,1,697,0,15,59,12,86,236,325,209,13,783,0,0,0,783
08/09/2006,RDU,NC,ASO,EN,Combined TRACON& Tower with Radar,234,323,155,7,719,0,5,39,11,55,234,328,194,18,774,0,0,0,774
08/10/2006,RDU,NC,ASO,EN,Combined TRACON& Tower with Radar,220,310,150,5,685,0,5,42,3,50,220,315,192,8,735,0,0,0,735
08/11/2006,RDU,NC,ASO,EN,Combined TRACON& Tower with Radar,247,330,142,2,721,0,3,19,1,23,247,333,161,3,744,0,0,0,744
08/12/2006,RDU,NC,ASO,EN,Combined TRACON& Tower with Radar,200,222,66,3,491,0,4,30,7,41,200,226,96,10,532,0,0,0,532
08/13/2006,RDU,NC,ASO,EN,Combined TRACON& Tower with Radar,195,227,87,4,513,0,1,91,2,94,195,228,178,6,607,0,0,0,607
08/14/2006,RDU,NC,ASO,EN,Combined TRACON& Tower with Radar,218,287,99,0,604,0,4,79,19,102,218,291,178,19,706,0,4,4,710
08/15/2006,RDU,NC,ASO,EN,Combined TRACON& Tower with Radar,234,310,147,6,697,0,8,68,8,84,234,318,215,14,781,0,0,0,781
08/16/2006,RDU,NC,ASO,EN,Combined TRACON& Tower with Radar,227,311,133,4,675,0,4,28,14,46,227,315,161,18,721,0,0,0,721
08/17/2006,RDU,NC,ASO,EN,Combined TRACON& Tower with Radar,229,305,131,2,667,0,11,72,11,94,229,316,203,13,761,0,0,0,761
08/18/2006,RDU,NC,ASO,EN,Combined TRACON& Tower with Radar,229,312,115,8,664,0,6,37,9,52,229,318,152,17,716,0,0,0,716
08/19/2006,RDU,NC,ASO,EN,Combined TRACON& Tower with Radar,198,214,59,7,478,0,4,65,3,72,198,218,124,10,550,6,0,6,556
08/20/2006,RDU,NC,ASO,EN,Combined TRACON& Tower with Radar,205,213,73,2,493,0,0,51,4,55,205,213,124,6,548,0,0,0,548
08/21/2006,RDU,NC,ASO,EN,Combined TRACON& Tower with Radar,222,284,127,2,635,0,3,31,11,45,222,287,158,13,680,0,0,0,680
08/22/2006,RDU,NC,ASO,EN,Combined TRACON& Tower with Radar,233,315,140,2,690,0,3,24,10,37,233,318,164,12,727,0,10,10,737
08/23/2006,RDU,NC,ASO,EN,Combined TRACON& Tower with Radar,233,321,174,4,732,0,4,59,15,78,233,325,233,19,810,0,0,0,810
08/24/2006,RDU,NC,ASO,EN,Combined TRACON& Tower with Radar,225,325,144,4,698,0,8,81,15,104,225,333,225,19,802,0,0,0,802
08/25/2006,RDU,NC,ASO,EN,Combined TRACON& Tower with Radar,234,290,115,1,640,0,10,85,6,101,234,300,200,7,741,0,8,8,749
08/26/2006,RDU,NC,ASO,EN,Combined TRACON& Tower with Radar,202,212,53,12,479,0,7,89,4,100,202,219,142,16,579,0,0,0,579
08/27/2006,RDU,NC,ASO,EN,Combined TRACON& Tower with Radar,203,202,72,3,480,0,2,68,0,70,203,204,140,3,550,0,0,0,550
08/28/2006,RDU,NC,ASO,EN,Combined TRACON& Tower with Radar,213,285,103,1,602,0,6,70,9,85,213,291,173,10,687,0,0,0,687
08/29/2006,RDU,NC,ASO,EN,Combined TRACON& Tower with Radar,230,283,116,3,632,0,7,58,5,70,230,290,174,8,702,6,0,6,708
08/30/2006,RDU,NC,ASO,EN,Combined TRACON& Tower with Radar,214,244,103,2,563,0,11,41,6,58,214,255,144,8,621,0,0,0,621
08/31/2006,RDU,NC,ASO,EN,Combined TRACON& Tower with Radar,254,300,98,1,653,0,1,0,0,1,254,301,98,1,654,0,0,0,654
09/01/2006,RDU,NC,ASO,EN,Combined TRACON& Tower with Radar,231,273,52,3,559,0,0,4,0,4,231,273,56,3,563,0,0,0,563
09/02/2006,RDU,NC,ASO,EN,Combined TRACON& Tower with Radar,198,201,45,0,444,0,2,66,3,71,198,203,111,3,515,0,0,0,515
09/03/2006,RDU,NC,ASO,EN,Combined TRACON& Tower with Radar,178,169,47,2,396,0,1,48,0,49,178,170,95,2,445,0,0,0,445
09/04/2006,RDU,NC,ASO,EN,Combined TRACON& Tower with Radar,195,207,81,0,483,0,0,16,0,16,195,207,97,0,499,0,0,0,499
09/05/2006,RDU,NC,ASO,EN,Combined TRACON& Tower with Radar,220,265,117,1,603,0,0,11,0,11,220,265,128,1,614,0,0,0,614
09/06/2006,RDU,NC,ASO,EN,Combined TRACON& Tower with Radar,246,318,139,2,705,0,3,64,17,84,246,321,203,19,789,0,0,0,789
09/07/2006,RDU,NC,ASO,EN,Combined TRACON& Tower with Radar,235,321,135,10,701,0,5,72,18,95,235,326,207,28,796,0,0,0,796
09/08/2006,RDU,NC,ASO,EN,Combined TRACON& Tower with Radar,240,306,148,5,699,0,3,88,6,97,240,309,236,11,796,0,0,0,796
09/09/2006,RDU,NC,ASO,EN,Combined TRACON& Tower with Radar,204,215,84,8,511,0,4,85,18,107,204,219,169,26,618,0,0,0,618
09/10/2006,RDU,NC,ASO,EN,Combined TRACON& Tower with Radar,202,218,82,6,508,0,0,68,6,74,202,218,150,12,582,0,0,0,582
09/11/2006,RDU,NC,ASO,EN,Combined TRACON& Tower with Radar,218,302,106,10,636,0,0,25,10,35,218,302,131,20,671,0,0,0,671
09/12/2006,RDU,NC,ASO,EN,Combined TRACON& Tower with Radar,227,331,126,9,693,0,16,89,12,117,227,347,215,21,810,0,1,1,811
09/13/2006,RDU,NC,ASO,EN,Combined TRACON& Tower with Radar,232,315,106,2,655,0,13,22,4,39,232,328,128,6,694,0,0,0,694
09/14/2006,RDU,NC,ASO,EN,Combined TRACON& Tower with Radar,229,325,145,4,703,0,0,13,4,17,229,325,158,8,720,0,0,0,720
09/15/2006,RDU,NC,ASO,EN,Combined TRACON& Tower with Radar,237,307,136,21,701,0,9,87,14,110,237,316,223,35,811,0,0,0,811
09/16/2006,RDU,NC,ASO,EN,Combined TRACON& Tower with Radar,204,244,75,5,528,1,4,36,14,55,205,248,111,19,583,7,0,7,590
09/17/2006,RDU,NC,ASO,EN,Combined TRACON& Tower with Radar,208,215,98,2,523,0,0,52,8,60,208,215,150,10,583,0,0,0,583
09/18/2006,RDU,NC,ASO,EN,Combined TRACON& Tower with Radar,223,296,110,2,631,0,4,67,10,81,223,300,177,12,712,0,0,0,712
09/19/2006,RDU,NC,ASO,EN,Combined TRACON& Tower with Radar,227,311,134,4,676,0,5,20,6,31,227,316,154,10,707,0,0,0,707
09/20/2006,RDU,NC,ASO,EN,Combined TRACON& Tower with Radar,238,314,143,2,697,0,7,85,10,102,238,321,228,12,799,0,0,0,799
09/21/2006,RDU,NC,ASO,EN,Combined TRACON& Tower with Radar,238,330,142,7,717,0,7,89,13,109,238,337,231,20,826,0,0,0,826
09/22/2006,RDU,NC,ASO,EN,Combined TRACON& Tower with Radar,229,318,146,1,694,0,8,97,8,113,229,326,243,9,807,0,0,0,807
09/23/2006,RDU,NC,ASO,EN,Combined TRACON& Tower with Radar,194,214,80,7,495,0,0,38,1,39,194,214,118,8,534,0,0,0,534
09/24/2006,RDU,NC,ASO,EN,Combined TRACON& Tower with Radar,213,213,79,1,506,0,0,21,13,34,213,213,100,14,540,0,0,0,540
09/25/2006,RDU,NC,ASO,EN,Combined TRACON& Tower with Radar,225,293,95,1,614,0,5,57,8,70,225,298,152,9,684,0,13,13,697
09/26/2006,RDU,NC,ASO,EN,Combined TRACON& Tower with Radar,238,317,112,4,671,0,10,104,10,124,238,327,216,14,795,0,0,0,795
09/27/2006,RDU,NC,ASO,EN,Combined TRACON& Tower with Radar,236,334,144,5,719,0,17,88,12,117,236,351,232,17,836,0,0,0,836
09/28/2006,RDU,NC,ASO,EN,Combined TRACON& Tower with Radar,229,301,131,8,669,0,9,54,4,67,229,310,185,12,736,0,0,0,736
09/29/2006,RDU,NC,ASO,EN,Combined TRACON& Tower with Radar,256,304,122,3,685,0,11,100,9,120,256,315,222,12,805,0,0,0,805
09/30/2006,RDU,NC,ASO,EN,Combined TRACON& Tower with Radar,194,218,82,4,498,0,6,78,3,87,194,224,160,7,585,0,0,0,585
10/01/2006,RDU,NC,ASO,EN,Combined TRACON& Tower with Radar,214,212,86,0,512,0,1,66,2,69,214,213,152,2,581,0,0,0,581
10/02/2006,RDU,NC,ASO,EN,Combined TRACON& Tower with Radar,213,297,104,2,616,0,6,54,5,65,213,303,158,7,681,0,0,0,681
10/03/2006,RDU,NC,ASO,EN,Combined TRACON& Tower with Radar,241,299,124,0,664,0,8,60,17,85,241,307,184,17,749,4,0,4,753
10/04/2006,RDU,NC,ASO,EN,Combined TRACON& Tower with Radar,235,306,141,3,685,0,10,90,16,116,235,316,231,19,801,0,0,0,801
10/05/2006,RDU,NC,ASO,EN,Combined TRACON& Tower with Radar,242,322,143,5,712,0,5,75,6,86,242,327,218,11,798,0,0,0,798
10/06/2006,RDU,NC,ASO,EN,Combined TRACON& Tower with Radar,238,297,151,2,688,0,1,11,0,12,238,298,162,2,700,0,0,0,700
10/07/2006,RDU,NC,ASO,EN,Combined TRACON& Tower with Radar,204,224,82,0,510,0,0,0,0,0,204,224,82,0,510,0,0,0,510
10/08/2006,RDU,NC,ASO,EN,Combined TRACON& Tower with Radar,215,232,114,2,563,0,0,0,0,0,215,232,114,2,563,0,0,0,563
10/09/2006,RDU,NC,ASO,EN,Combined TRACON& Tower with Radar,223,270,90,2,585,0,0,31,3,34,223,270,121,5,619,0,0,0,619
10/10/2006,RDU,NC,ASO,EN,Combined TRACON& Tower with Radar,233,294,120,3,650,0,3,101,11,115,233,297,221,14,765,0,0,0,765
10/11/2006,RDU,NC,ASO,EN,Combined TRACON& Tower with Radar,231,299,148,1,679,0,5,53,15,73,231,304,201,16,752,0,0,0,752
10/12/2006,RDU,NC,ASO,EN,Combined TRACON& Tower with Radar,240,322,130,4,696,0,9,46,12,67,240,331,176,16,763,8,0,8,771
10/13/2006,RDU,NC,ASO,EN,Combined TRACON& Tower with Radar,245,303,119,4,671,0,7,81,14,102,245,310,200,18,773,0,0,0,773
10/14/2006,RDU,NC,ASO,EN,Combined TRACON& Tower with Radar,201,211,62,3,477,0,5,69,2,76,201,216,131,5,553,0,0,0,553
10/15/2006,RDU,NC,ASO,EN,Combined TRACON& Tower with Radar,214,219,101,4,538,0,0,67,15,82,214,219,168,19,620,0,0,0,620
10/16/2006,RDU,NC,ASO,EN,Combined TRACON& Tower with Radar,224,302,115,3,644,0,1,56,10,67,224,303,171,13,711,0,0,0,711
10/17/2006,RDU,NC,ASO,EN,Combined TRACON& Tower with Radar,235,318,134,2,689,0,0,3,1,4,235,318,137,3,693,0,0,0,693
10/18/2006,RDU,NC,ASO,EN,Combined TRACON& Tower with Radar,239,332,139,4,714,0,2,44,3,49,239,334,183,7,763,0,0,0,763
10/19/2006,RDU,NC,ASO,EN,Combined TRACON& Tower with Radar,252,308,144,1,705,0,2,28,13,43,252,310,172,14,748,0,0,0,748
10/20/2006,RDU,NC,ASO,EN,Combined TRACON& Tower with Radar,244,317,138,7,706,0,3,54,8,65,244,320,192,15,771,0,0,0,771
10/21/2006,RDU,NC,ASO,EN,Combined TRACON& Tower with Radar,208,213,53,2,476,0,10,94,3,107,208,223,147,5,583,0,6,6,589
10/22/2006,RDU,NC,ASO,EN,Combined TRACON& Tower with Radar,214,208,105,7,534,0,0,5,3,8,214,208,110,10,542,0,0,0,542
10/23/2006,RDU,NC,ASO,EN,Combined TRACON& Tower with Radar,231,286,121,6,644,0,1,74,15,90,231,287,195,21,734,0,0,0,734
10/24/2006,RDU,NC,ASO,EN,Combined TRACON& Tower with Radar,236,305,123,0,664,0,7,74,10,91,236,312,197,10,755,0,0,0,755
10/25/2006,RDU,NC,ASO,EN,Combined TRACON& Tower with Radar,243,308,116,5,672,0,9,94,29,132,243,317,210,34,804,4,2,6,810
10/26/2006,RDU,NC,ASO,EN,Combined TRACON& Tower with Radar,246,320,132,4,702,0,8,61,23,92,246,328,193,27,794,0,0,0,794
10/27/2006,RDU,NC,ASO,EN,Combined TRACON& Tower with Radar,232,352,107,4,695,0,4,14,7,25,232,356,121,11,720,0,0,0,720
10/28/2006,RDU,NC,ASO,EN,Combined TRACON& Tower with Radar,205,220,49,2,476,0,1,14,3,18,205,221,63,5,494,0,0,0,494
10/29/2006,RDU,NC,ASO,EN,Combined TRACON& Tower with Radar,207,243,92,3,545,0,3,55,1,59,207,246,147,4,604,0,0,0,604
10/30/2006,RDU,NC,ASO,EN,Combined TRACON& Tower with Radar,226,287,75,3,591,0,2,99,15,116,226,289,174,18,707,0,0,0,707
10/31/2006,RDU,NC,ASO,EN,Combined TRACON& Tower with Radar,237,284,95,6,622,0,13,82,28,123,237,297,177,34,745,0,0,0,745
11/01/2006,RDU,NC,ASO,EN,Combined TRACON& Tower with Radar,241,316,112,6,675,0,13,87,5,105,241,329,199,11,780,0,0,0,780
11/02/2006,RDU,NC,ASO,EN,Combined TRACON& Tower with Radar,239,300,128,2,669,0,14,53,5,72,239,314,181,7,741,0,0,0,741
11/03/2006,RDU,NC,ASO,EN,Combined TRACON& Tower with Radar,252,304,137,14,707,0,17,105,12,134,252,321,242,26,841,0,0,0,841
11/04/2006,RDU,NC,ASO,EN,Combined TRACON& Tower with Radar,186,225,69,4,484,0,9,97,12,118,186,234,166,16,602,0,10,10,612
11/05/2006,RDU,NC,ASO,EN,Combined TRACON& Tower with Radar,216,231,95,6,548,0,1,79,0,80,216,232,174,6,628,2,0,2,630
11/06/2006,RDU,NC,ASO,EN,Combined TRACON& Tower with Radar,220,292,109,1,622,0,6,56,11,73,220,298,165,12,695,0,0,0,695
11/07/2006,RDU,NC,ASO,EN,Combined TRACON& Tower with Radar,233,297,122,5,657,0,3,9,0,12,233,300,131,5,669,0,0,0,669
11/08/2006,RDU,NC,ASO,EN,Combined TRACON& Tower with Radar,233,315,142,5,695,0,1,12,10,23,233,316,154,15,718,0,35,35,753
11/09/2006,RDU,NC,ASO,EN,Combined TRACON& Tower with Radar,246,325,143,3,717,0,12,94,25,131,246,337,237,28,848,0,34,34,882
11/10/2006,RDU,NC,ASO,EN,Combined TRACON& Tower with Radar,241,313,137,1,692,0,6,124,0,130,241,319,261,1,822,1,0,1,823
11/11/2006,RDU,NC,ASO,EN,Combined TRACON& Tower with Radar,191,221,57,1,470,0,7,63,0,70,191,228,120,1,540,0,0,0,540
11/12/2006,RDU,NC,ASO,EN,Combined TRACON& Tower with Radar,218,208,90,2,518,0,2,16,2,20,218,210,106,4,538,0,0,0,538
11/13/2006,RDU,NC,ASO,EN,Combined TRACON& Tower with Radar,221,272,135,6,634,0,1,48,15,64,221,273,183,21,698,0,2,2,700
11/14/2006,RDU,NC,ASO,EN,Combined TRACON& Tower with Radar,238,304,147,1,690,0,7,86,19,112,238,311,233,20,802,0,0,0,802
11/15/2006,RDU,NC,ASO,EN,Combined TRACON& Tower with Radar,239,305,130,0,674,0,7,55,17,79,239,312,185,17,753,0,0,0,753
11/16/2006,RDU,NC,ASO,EN,Combined TRACON& Tower with Radar,247,284,88,2,621,0,3,19,4,26,247,287,107,6,647,0,0,0,647
11/17/2006,RDU,NC,ASO,EN,Combined TRACON& Tower with Radar,250,326,145,4,725,0,7,76,20,103,250,333,221,24,828,0,0,0,828
11/18/2006,RDU,NC,ASO,EN,Combined TRACON& Tower with Radar,190,219,79,3,491,0,5,115,1,121,190,224,194,4,612,8,0,8,620
11/19/2006,RDU,NC,ASO,EN,Combined TRACON& Tower with Radar,208,223,94,4,529,0,1,84,9,94,208,224,178,13,623,0,0,0,623
11/20/2006,RDU,NC,ASO,EN,Combined TRACON& Tower with Radar,228,291,110,6,635,0,6,60,17,83,228,297,170,23,718,0,0,0,718
11/21/2006,RDU,NC,ASO,EN,Combined TRACON& Tower with Radar,247,319,143,4,713,0,1,23,3,27,247,320,166,7,740,0,0,0,740
11/22/2006,RDU,NC,ASO,EN,Combined TRACON& Tower with Radar,252,333,113,2,700,0,0,4,0,4,252,333,117,2,704,0,0,0,704
11/23/2006,RDU,NC,ASO,EN,Combined TRACON& Tower with Radar,196,204,43,0,443,0,0,9,0,9,196,204,52,0,452,0,0,0,452
11/24/2006,RDU,NC,ASO,EN,Combined TRACON& Tower with Radar,197,230,43,0,470,0,8,81,0,89,197,238,124,0,559,0,0,0,559
11/25/2006,RDU,NC,ASO,EN,Combined TRACON& Tower with Radar,199,224,79,0,502,0,3,92,0,95,199,227,171,0,597,0,0,0,597
11/26/2006,RDU,NC,ASO,EN,Combined TRACON& Tower with Radar,211,247,120,0,578,0,2,94,0,96,211,249,214,0,674,0,0,0,674
11/27/2006,RDU,NC,ASO,EN,Combined TRACON& Tower with Radar,234,305,116,6,661,0,5,56,10,71,234,310,172,16,732,0,12,12,744
11/28/2006,RDU,NC,ASO,EN,Combined TRACON& Tower with Radar,254,305,150,1,710,0,5,82,19,106,254,310,232,20,816,0,0,0,816
11/29/2006,RDU,NC,ASO,EN,Combined TRACON& Tower with Radar,244,316,151,9,720,0,1,60,25,86,244,317,211,34,806,0,16,16,822
11/30/2006,RDU,NC,ASO,EN,Combined TRACON& Tower with Radar,242,320,188,5,755,1,2,19,18,40,243,322,207,23,795,0,0,0,795
12/01/2006,RDU,NC,ASO,EN,Combined TRACON& Tower with Radar,233,315,85,2,635,0,4,8,2,14,233,319,93,4,649,0,0,0,649
12/02/2006,RDU,NC,ASO,EN,Combined TRACON& Tower with Radar,199,234,108,5,546,0,3,75,6,84,199,237,183,11,630,0,0,0,630
12/03/2006,RDU,NC,ASO,EN,Combined TRACON& Tower with Radar,218,230,116,0,564,0,0,42,1,43,218,230,158,1,607,0,0,0,607
12/04/2006,RDU,NC,ASO,EN,Combined TRACON& Tower with Radar,230,295,105,4,634,0,5,71,9,85,230,300,176,13,719,0,0,0,719
12/05/2006,RDU,NC,ASO,EN,Combined TRACON& Tower with Radar,248,300,140,5,693,0,6,94,12,112,248,306,234,17,805,0,0,0,805
12/06/2006,RDU,NC,ASO,EN,Combined TRACON& Tower with Radar,246,296,121,3,666,0,10,81,10,101,246,306,202,13,767,0,0,0,767
12/07/2006,RDU,NC,ASO,EN,Combined TRACON& Tower with Radar,243,311,115,8,677,0,11,72,11,94,243,322,187,19,771,0,0,0,771
12/08/2006,RDU,NC,ASO,EN,Combined TRACON& Tower with Radar,249,313,123,4,689,0,8,60,4,72,249,321,183,8,761,0,0,0,761
12/09/2006,RDU,NC,ASO,EN,Combined TRACON& Tower with Radar,199,211,74,3,487,0,4,96,2,102,199,215,170,5,589,0,0,0,589
12/10/2006,RDU,NC,ASO,EN,Combined TRACON& Tower with Radar,211,208,76,4,499,0,3,90,0,93,211,211,166,4,592,0,0,0,592
12/11/2006,RDU,NC,ASO,EN,Combined TRACON& Tower with Radar,221,313,101,4,639,0,3,73,6,82,221,316,174,10,721,0,0,0,721
12/12/2006,RDU,NC,ASO,EN,Combined TRACON& Tower with Radar,245,310,150,6,711,0,9,79,22,110,245,319,229,28,821,0,0,0,821
12/13/2006,RDU,NC,ASO,EN,Combined TRACON& Tower with Radar,242,312,147,5,706,0,11,37,31,79,242,323,184,36,785,0,0,0,785
12/14/2006,RDU,NC,ASO,EN,Combined TRACON& Tower with Radar,236,317,142,8,703,0,5,61,31,97,236,322,203,39,800,0,0,0,800
12/15/2006,RDU,NC,ASO,EN,Combined TRACON& Tower with Radar,253,325,135,2,715,0,5,70,0,75,253,330,205,2,790,0,0,0,790
12/16/2006,RDU,NC,ASO,EN,Combined TRACON& Tower with Radar,188,222,70,1,481,0,6,80,0,86,188,228,150,1,567,0,0,0,567
12/17/2006,RDU,NC,ASO,EN,Combined TRACON& Tower with Radar,197,228,57,4,486,0,2,76,1,79,197,230,133,5,565,0,0,0,565
12/18/2006,RDU,NC,ASO,EN,Combined TRACON& Tower with Radar,216,309,111,2,638,0,6,66,8,80,216,315,177,10,718,0,2,2,720
12/19/2006,RDU,NC,ASO,EN,Combined TRACON& Tower with Radar,255,325,110,3,693,0,11,94,9,114,255,336,204,12,807,0,0,0,807
12/20/2006,RDU,NC,ASO,EN,Combined TRACON& Tower with Radar,259,322,139,2,722,0,13,84,9,106,259,335,223,11,828,0,5,5,833
12/21/2006,RDU,NC,ASO,EN,Combined TRACON& Tower with Radar,253,313,131,7,704,0,9,49,5,63,253,322,180,12,767,0,4,4,771
12/22/2006,RDU,NC,ASO,EN,Combined TRACON& Tower with Radar,252,303,73,0,628,0,4,6,1,11,252,307,79,1,639,0,0,0,639
12/23/2006,RDU,NC,ASO,EN,Combined TRACON& Tower with Radar,207,248,73,0,528,0,0,12,0,12,207,248,85,0,540,0,0,0,540
12/24/2006,RDU,NC,ASO,EN,Combined TRACON& Tower with Radar,186,200,36,0,422,0,1,58,0,59,186,201,94,0,481,0,0,0,481
12/25/2006,RDU,NC,ASO,EN,Combined TRACON& Tower with Radar,177,188,4,0,369,0,0,3,0,3,177,188,7,0,372,0,0,0,372
12/26/2006,RDU,NC,ASO,EN,Combined TRACON& Tower with Radar,224,267,49,0,540,0,1,24,0,25,224,268,73,0,565,0,0,0,565
12/27/2006,RDU,NC,ASO,EN,Combined TRACON& Tower with Radar,242,291,77,0,610,0,9,56,5,70,242,300,133,5,680,0,0,0,680
12/28/2006,RDU,NC,ASO,EN,Combined TRACON& Tower with Radar,242,275,62,1,580,0,4,74,7,85,242,279,136,8,665,0,0,0,665
12/29/2006,RDU,NC,ASO,EN,Combined TRACON& Tower with Radar,248,291,50,2,591,0,9,88,4,101,248,300,138,6,692,0,0,0,692
12/30/2006,RDU,NC,ASO,EN,Combined TRACON& Tower with Radar,199,206,57,2,464,0,7,73,0,80,199,213,130,2,544,0,0,0,544
12/31/2006,RDU,NC,ASO,EN,Combined TRACON& Tower with Radar,180,206,40,0,426,0,0,5,0,5,180,206,45,0,431,0,0,0,431
01/01/2007,RDU,NC,ASO,EN,Combined TRACON& Tower with Radar,207,195,38,0,440,0,0,4,0,4,207,195,42,0,444,0,0,0,444
01/02/2007,RDU,NC,ASO,EN,Combined TRACON& Tower with Radar,230,293,81,0,604,0,1,74,0,75,230,294,155,0,679,6,0,6,685
01/03/2007,RDU,NC,ASO,EN,Combined TRACON& Tower with Radar,243,305,116,2,666,0,6,64,10,80,243,311,180,12,746,0,0,0,746
01/04/2007,RDU,NC,ASO,EN,Combined TRACON& Tower with Radar,231,289,104,5,629,0,6,33,13,52,231,295,137,18,681,0,0,0,681
01/05/2007,RDU,NC,ASO,EN,Combined TRACON& Tower with Radar,232,286,87,1,606,0,0,6,8,14,232,286,93,9,620,0,0,0,620
01/06/2007,RDU,NC,ASO,EN,Combined TRACON& Tower with Radar,188,214,84,4,490,0,1,74,5,80,188,215,158,9,570,0,0,0,570
01/07/2007,RDU,NC,ASO,EN,Combined TRACON& Tower with Radar,207,223,64,6,500,0,0,21,3,24,207,223,85,9,524,0,0,0,524
01/08/2007,RDU,NC,ASO,EN,Combined TRACON& Tower with Radar,228,272,87,5,592,0,2,25,2,29,228,274,112,7,621,0,0,0,621
01/09/2007,RDU,NC,ASO,EN,Combined TRACON& Tower with Radar,230,301,96,5,632,0,6,71,13,90,230,307,167,18,722,0,0,0,722
01/10/2007,RDU,NC,ASO,EN,Combined TRACON& Tower with Radar,234,320,92,7,653,1,5,72,22,100,235,325,164,29,753,0,0,0,753
01/11/2007,RDU,NC,ASO,EN,Combined TRACON& Tower with Radar,245,304,106,3,658,0,11,90,15,116,245,315,196,18,774,0,0,0,774
01/12/2007,RDU,NC,ASO,EN,Combined TRACON& Tower with Radar,238,319,112,1,670,0,7,91,17,115,238,326,203,18,785,0,0,0,785
01/13/2007,RDU,NC,ASO,EN,Combined TRACON& Tower with Radar,174,213,56,1,444,0,3,93,1,97,174,216,149,2,541,0,0,0,541
01/14/2007,RDU,NC,ASO,EN,Combined TRACON& Tower with Radar,191,218,53,0,462,0,1,85,1,87,191,219,138,1,549,0,0,0,549
01/15/2007,RDU,NC,ASO,EN,Combined TRACON& Tower with Radar,217,242,99,2,560,0,0,34,0,34,217,242,133,2,594,0,0,0,594
01/16/2007,RDU,NC,ASO,EN,Combined TRACON& Tower with Radar,247,282,101,7,637,0,6,39,8,53,247,288,140,15,690,0,0,0,690
01/17/2007,RDU,NC,ASO,EN,Combined TRACON& Tower with Radar,237,300,144,5,686,0,20,62,11,93,237,320,206,16,779,0,0,0,779
01/18/2007,RDU,NC,ASO,EN,Combined TRACON& Tower with Radar,221,259,107,0,587,0,4,1,0,5,221,263,108,0,592,0,0,0,592
01/19/2007,RDU,NC,ASO,EN,Combined TRACON& Tower with Radar,242,306,122,0,670,0,8,63,1,72,242,314,185,1,742,0,0,0,742
01/20/2007,RDU,NC,ASO,EN,Combined TRACON& Tower with Radar,176,232,73,0,481,0,5,92,2,99,176,237,165,2,580,0,0,0,580
01/21/2007,RDU,NC,ASO,EN,Combined TRACON& Tower with Radar,178,198,49,0,425,0,1,17,0,18,178,199,66,0,443,0,0,0,443
01/22/2007,RDU,NC,ASO,EN,Combined TRACON& Tower with Radar,218,291,84,4,597,0,0,0,0,0,218,291,84,4,597,0,0,0,597
01/23/2007,RDU,NC,ASO,EN,Combined TRACON& Tower with Radar,238,313,131,4,686,0,5,78,14,97,238,318,209,18,783,0,8,8,791
01/24/2007,RDU,NC,ASO,EN,Combined TRACON& Tower with Radar,236,301,102,9,648,0,8,62,9,79,236,309,164,18,727,0,8,8,735
01/25/2007,RDU,NC,ASO,EN,Combined TRACON& Tower with Radar,235,300,126,1,662,0,11,43,11,65,235,311,169,12,727,0,0,0,727
01/26/2007,RDU,NC,ASO,EN,Combined TRACON& Tower with Radar,232,312,69,6,619,0,9,71,2,82,232,321,140,8,701,0,0,0,701
01/27/2007,RDU,NC,ASO,EN,Combined TRACON& Tower with Radar,183,211,70,7,471,0,3,69,0,72,183,214,139,7,543,0,0,0,543
01/28/2007,RDU,NC,ASO,EN,Combined TRACON& Tower with Radar,201,246,54,5,506,0,0,36,0,36,201,246,90,5,542,0,0,0,542
01/29/2007,RDU,NC,ASO,EN,Combined TRACON& Tower with Radar,228,299,103,4,634,0,3,66,4,73,228,302,169,8,707,0,0,0,707
01/30/2007,RDU,NC,ASO,EN,Combined TRACON& Tower with Radar,237,301,111,7,656,0,10,62,9,81,237,311,173,16,737,0,0,0,737
01/31/2007,RDU,NC,ASO,EN,Combined TRACON& Tower with Radar,232,318,123,4,677,0,5,93,13,111,232,323,216,17,788,0,0,0,788
02/01/2007,RDU,NC,ASO,EN,Combined TRACON& Tower with Radar,212,252,53,0,517,0,5,14,0,19,212,257,67,0,536,0,0,0,536
02/02/2007,RDU,NC,ASO,EN,Combined TRACON& Tower with Radar,244,287,99,1,631,0,1,2,0,3,244,288,101,1,634,0,0,0,634
02/03/2007,RDU,NC,ASO,EN,Combined TRACON& Tower with Radar,177,221,54,4,456,0,8,64,1,73,177,229,118,5,529,0,0,0,529
02/04/2007,RDU,NC,ASO,EN,Combined TRACON& Tower with Radar,193,229,94,2,518,0,0,29,2,31,193,229,123,4,549,0,0,0,549
02/05/2007,RDU,NC,ASO,EN,Combined TRACON& Tower with Radar,216,274,97,2,589,0,3,50,10,63,216,277,147,12,652,0,0,0,652
02/06/2007,RDU,NC,ASO,EN,Combined TRACON& Tower with Radar,229,284,118,4,635,0,9,62,10,81,229,293,180,14,716,0,0,0,716
02/07/2007,RDU,NC,ASO,EN,Combined TRACON& Tower with Radar,233,312,161,5,711,0,13,69,10,92,233,325,230,15,803,0,0,0,803
02/08/2007,RDU,NC,ASO,EN,Combined TRACON& Tower with Radar,234,323,156,2,715,0,4,70,12,86,234,327,226,14,801,0,0,0,801
02/09/2007,RDU,NC,ASO,EN,Combined TRACON& Tower with Radar,235,278,73,5,591,0,6,82,14,102,235,284,155,19,693,0,0,0,693
02/10/2007,RDU,NC,ASO,EN,Combined TRACON& Tower with Radar,180,218,77,5,480,0,6,79,14,99,180,224,156,19,579,0,0,0,579
02/11/2007,RDU,NC,ASO,EN,Combined TRACON& Tower with Radar,199,215,106,5,525,0,0,115,10,125,199,215,221,15,650,0,0,0,650
02/12/2007,RDU,NC,ASO,EN,Combined TRACON& Tower with Radar,218,268,121,3,610,0,1,50,15,66,218,269,171,18,676,0,0,0,676
02/13/2007,RDU,NC,ASO,EN,Combined TRACON& Tower with Radar,206,262,92,1,561,0,3,15,2,20,206,265,107,3,581,0,2,2,583
02/14/2007,RDU,NC,ASO,EN,Combined TRACON& Tower with Radar,183,215,81,2,481,0,0,20,5,25,183,215,101,7,506,0,0,0,506
02/15/2007,RDU,NC,ASO,EN,Combined TRACON& Tower with Radar,215,257,102,2,576,0,11,74,5,90,215,268,176,7,666,0,0,0,666
02/16/2007,RDU,NC,ASO,EN,Combined TRACON& Tower with Radar,233,291,123,6,653,0,7,75,4,86,233,298,198,10,739,0,0,0,739
02/17/2007,RDU,NC,ASO,EN,Combined TRACON& Tower with Radar,161,230,54,0,445,0,6,61,0,67,161,236,115,0,512,0,0,0,512
02/18/2007,RDU,NC,ASO,EN,Combined TRACON& Tower with Radar,181,228,97,2,508,0,0,24,1,25,181,228,121,3,533,0,0,0,533
02/19/2007,RDU,NC,ASO,EN,Combined TRACON& Tower with Radar,208,259,113,2,582,0,2,71,1,74,208,261,184,3,656,0,0,0,656
02/20/2007,RDU,NC,ASO,EN,Combined TRACON& Tower with Radar,223,306,115,6,650,0,10,50,7,67,223,316,165,13,717,0,3,3,720
02/21/2007,RDU,NC,ASO,EN,Combined TRACON& Tower with Radar,223,329,145,8,705,0,8,58,4,70,223,337,203,12,775,0,0,0,775
02/22/2007,RDU,NC,ASO,EN,Combined TRACON& Tower with Radar,227,315,119,14,675,0,1,35,3,39,227,316,154,17,714,0,0,0,714
02/23/2007,RDU,NC,ASO,EN,Combined TRACON& Tower with Radar,238,299,112,3,652,0,8,99,3,110,238,307,211,6,762,0,0,0,762
02/24/2007,RDU,NC,ASO,EN,Combined TRACON& Tower with Radar,166,230,92,1,489,0,4,87,3,94,166,234,179,4,583,0,0,0,583
02/25/2007,RDU,NC,ASO,EN,Combined TRACON& Tower with Radar,167,195,72,1,435,0,0,2,0,2,167,195,74,1,437,0,0,0,437
02/26/2007,RDU,NC,ASO,EN,Combined TRACON& Tower with Radar,219,266,103,3,591,0,1,45,9,55,219,267,148,12,646,0,0,0,646
02/27/2007,RDU,NC,ASO,EN,Combined TRACON& Tower with Radar,233,306,104,4,647,0,7,90,3,100,233,313,194,7,747,0,0,0,747
02/28/2007,RDU,NC,ASO,EN,Combined TRACON& Tower with Radar,239,318,144,10,711,0,7,93,8,108,239,325,237,18,819,0,0,0,819
03/01/2007,RDU,NC,ASO,EN,Combined TRACON& Tower with Radar,221,326,138,1,686,0,5,19,0,24,221,331,157,1,710,0,0,0,710
03/02/2007,RDU,NC,ASO,EN,Combined TRACON& Tower with Radar,241,305,118,4,668,0,5,34,6,45,241,310,152,10,713,0,0,0,713
03/03/2007,RDU,NC,ASO,EN,Combined TRACON& Tower with Radar,185,242,57,5,489,0,7,55,0,62,185,249,112,5,551,0,0,0,551
03/04/2007,RDU,NC,ASO,EN,Combined TRACON& Tower with Radar,197,254,124,4,579,0,2,53,0,55,197,256,177,4,634,0,0,0,634
03/05/2007,RDU,NC,ASO,EN,Combined TRACON& Tower with Radar,214,308,90,2,614,0,4,74,2,80,214,312,164,4,694,0,0,0,694
03/06/2007,RDU,NC,ASO,EN,Combined TRACON& Tower with Radar,235,295,129,4,663,0,9,85,8,102,235,304,214,12,765,0,0,0,765
03/07/2007,RDU,NC,ASO,EN,Combined TRACON& Tower with Radar,230,300,132,3,665,0,9,41,15,65,230,309,173,18,730,0,0,0,730
03/08/2007,RDU,NC,ASO,EN,Combined TRACON& Tower with Radar,239,328,126,9,702,0,11,90,18,119,239,339,216,27,821,0,0,0,821
03/09/2007,RDU,NC,ASO,EN,Combined TRACON& Tower with Radar,233,321,115,3,672,0,9,72,9,90,233,330,187,12,762,0,0,0,762
03/10/2007,RDU,NC,ASO,EN,Combined TRACON& Tower with Radar,181,219,48,4,452,0,4,75,11,90,181,223,123,15,542,0,0,0,542
03/11/2007,RDU,NC,ASO,EN,Combined TRACON& Tower with Radar,204,226,92,3,525,0,1,54,5,60,204,227,146,8,585,0,0,0,585
03/12/2007,RDU,NC,ASO,EN,Combined TRACON& Tower with Radar,220,296,107,6,629,0,4,77,5,86,220,300,184,11,715,0,0,0,715
03/13/2007,RDU,NC,ASO,EN,Combined TRACON& Tower with Radar,232,316,126,3,677,0,9,73,10,92,232,325,199,13,769,0,0,0,769
03/14/2007,RDU,NC,ASO,EN,Combined TRACON& Tower with Radar,238,309,123,3,673,0,6,79,12,97,238,315,202,15,770,0,0,0,770
03/15/2007,RDU,NC,ASO,EN,Combined TRACON& Tower with Radar,233,307,117,10,667,0,5,61,17,83,233,312,178,27,750,0,14,14,764
03/16/2007,RDU,NC,ASO,EN,Combined TRACON& Tower with Radar,212,226,92,3,533,0,2,1,0,3,212,228,93,3,536,0,0,0,536
03/17/2007,RDU,NC,ASO,EN,Combined TRACON& Tower with Radar,186,196,62,1,445,0,3,49,1,53,186,199,111,2,498,0,0,0,498
03/18/2007,RDU,NC,ASO,EN,Combined TRACON& Tower with Radar,199,229,58,3,489,0,1,80,20,101,199,230,138,23,590,0,0,0,590
03/19/2007,RDU,NC,ASO,EN,Combined TRACON& Tower with Radar,228,296,88,5,617,0,2,59,22,83,228,298,147,27,700,0,0,0,700
03/20/2007,RDU,NC,ASO,EN,Combined TRACON& Tower with Radar,238,327,115,4,684,0,11,71,10,92,238,338,186,14,776,0,0,0,776
03/21/2007,RDU,NC,ASO,EN,Combined TRACON& Tower with Radar,235,315,122,1,673,0,10,47,10,67,235,325,169,11,740,0,0,0,740
03/22/2007,RDU,NC,ASO,EN,Combined TRACON& Tower with Radar,239,308,147,7,701,0,5,61,9,75,239,313,208,16,776,0,0,0,776
03/23/2007,RDU,NC,ASO,EN,Combined TRACON& Tower with Radar,231,311,128,5,675,0,6,89,7,102,231,317,217,12,777,10,6,16,793
03/24/2007,RDU,NC,ASO,EN,Combined TRACON& Tower with Radar,190,223,83,4,500,0,4,81,3,88,190,227,164,7,588,0,0,0,588
03/25/2007,RDU,NC,ASO,EN,Combined TRACON& Tower with Radar,203,216,63,6,488,0,0,87,1,88,203,216,150,7,576,3,0,3,579
03/26/2007,RDU,NC,ASO,EN,Combined TRACON& Tower with Radar,218,314,117,7,656,0,0,38,6,44,218,314,155,13,700,0,0,0,700
03/27/2007,RDU,NC,ASO,EN,Combined TRACON& Tower with Radar,238,312,114,5,669,0,5,58,19,82,238,317,172,24,751,6,0,6,757
03/28/2007,RDU,NC,ASO,EN,Combined TRACON& Tower with Radar,235,293,145,3,676,0,10,53,11,74,235,303,198,14,750,0,0,0,750
03/29/2007,RDU,NC,ASO,EN,Combined TRACON& Tower with Radar,236,323,153,4,716,0,1,20,7,28,236,324,173,11,744,0,0,0,744
03/30/2007,RDU,NC,ASO,EN,Combined TRACON& Tower with Radar,223,307,117,5,652,0,9,86,10,105,223,316,203,15,757,0,0,0,757
03/31/2007,RDU,NC,ASO,EN,Combined TRACON& Tower with Radar,180,223,69,4,476,0,5,104,2,111,180,228,173,6,587,0,0,0,587
04/01/2007,RDU,NC,ASO,EN,Combined TRACON& Tower with Radar,195,209,68,4,476,0,0,29,0,29,195,209,97,4,505,0,0,0,505
04/02/2007,RDU,NC,ASO,EN,Combined TRACON& Tower with Radar,228,286,105,2,621,0,2,45,4,51,228,288,150,6,672,0,0,0,672
04/03/2007,RDU,NC,ASO,EN,Combined TRACON& Tower with Radar,230,306,101,4,641,0,7,64,11,82,230,313,165,15,723,0,6,6,729
04/04/2007,RDU,NC,ASO,EN,Combined TRACON& Tower with Radar,242,307,110,3,662,0,6,48,7,61,242,313,158,10,723,0,0,0,723
04/05/2007,RDU,NC,ASO,EN,Combined TRACON& Tower with Radar,239,318,163,10,730,0,6,77,10,93,239,324,240,20,823,0,0,0,823
04/06/2007,RDU,NC,ASO,EN,Combined TRACON& Tower with Radar,237,308,82,9,636,0,8,95,0,103,237,316,177,9,739,0,0,0,739
04/07/2007,RDU,NC,ASO,EN,Combined TRACON& Tower with Radar,194,228,49,2,473,0,2,44,0,46,194,230,93,2,519,0,0,0,519
04/08/2007,RDU,NC,ASO,EN,Combined TRACON& Tower with Radar,203,227,66,0,496,0,0,66,0,66,203,227,132,0,562,0,0,0,562
04/09/2007,RDU,NC,ASO,EN,Combined TRACON& Tower with Radar,221,305,118,2,646,0,1,82,4,87,221,306,200,6,733,0,0,0,733
04/10/2007,RDU,NC,ASO,EN,Combined TRACON& Tower with Radar,238,309,122,2,671,0,8,83,8,99,238,317,205,10,770,0,0,0,770
04/11/2007,RDU,NC,ASO,EN,Combined TRACON& Tower with Radar,230,319,138,2,689,0,4,4,0,8,230,323,142,2,697,0,0,0,697
04/12/2007,RDU,NC,ASO,EN,Combined TRACON& Tower with Radar,246,306,143,2,697,0,8,34,10,52,246,314,177,12,749,0,0,0,749
04/13/2007,RDU,NC,ASO,EN,Combined TRACON& Tower with Radar,244,299,129,8,680,0,8,91,12,111,244,307,220,20,791,4,0,4,795
04/14/2007,RDU,NC,ASO,EN,Combined TRACON& Tower with Radar,192,222,66,7,487,0,2,55,11,68,192,224,121,18,555,0,0,0,555
04/15/2007,RDU,NC,ASO,EN,Combined TRACON& Tower with Radar,203,172,55,4,434,0,0,0,0,0,203,172,55,4,434,0,0,0,434
04/16/2007,RDU,NC,ASO,EN,Combined TRACON& Tower with Radar,212,201,60,5,478,0,6,9,3,18,212,207,69,8,496,0,0,0,496
04/17/2007,RDU,NC,ASO,EN,Combined TRACON& Tower with Radar,243,291,118,4,656,0,8,57,11,76,243,299,175,15,732,0,0,0,732
04/18/2007,RDU,NC,ASO,EN,Combined TRACON& Tower with Radar,240,299,154,5,698,0,9,65,14,88,240,308,219,19,786,0,0,0,786
04/19/2007,RDU,NC,ASO,EN,Combined TRACON& Tower with Radar,241,298,152,4,695,0,3,36,11,50,241,301,188,15,745,0,0,0,745
04/20/2007,RDU,NC,ASO,EN,Combined TRACON& Tower with Radar,245,304,117,3,669,0,4,82,9,95,245,308,199,12,764,0,0,0,764
04/21/2007,RDU,NC,ASO,EN,Combined TRACON& Tower with Radar,194,216,65,3,478,0,5,113,2,120,194,221,178,5,598,0,0,0,598
04/22/2007,RDU,NC,ASO,EN,Combined TRACON& Tower with Radar,207,210,62,2,481,0,0,99,5,104,207,210,161,7,585,0,0,0,585
04/23/2007,RDU,NC,ASO,EN,Combined TRACON& Tower with Radar,230,285,108,3,626,0,5,88,10,103,230,290,196,13,729,5,0,5,734
04/24/2007,RDU,NC,ASO,EN,Combined TRACON& Tower with Radar,236,299,126,0,661,0,9,88,19,116,236,308,214,19,777,0,0,0,777
04/25/2007,RDU,NC,ASO,EN,Combined TRACON& Tower with Radar,235,283,138,3,659,0,11,78,17,106,235,294,216,20,765,0,0,0,765
04/26/2007,RDU,NC,ASO,EN,Combined TRACON& Tower with Radar,244,286,158,2,690,0,6,70,9,85,244,292,228,11,775,0,0,0,775
04/27/2007,RDU,NC,ASO,EN,Combined TRACON& Tower with Radar,247,296,136,3,682,0,4,30,4,38,247,300,166,7,720,0,0,0,720
04/28/2007,RDU,NC,ASO,EN,Combined TRACON& Tower with Radar,203,217,67,3,490,0,5,67,3,75,203,222,134,6,565,4,0,4,569
04/29/2007,RDU,NC,ASO,EN,Combined TRACON& Tower with Radar,211,209,65,0,485,0,2,82,3,87,211,211,147,3,572,0,0,0,572
04/30/2007,RDU,NC,ASO,EN,Combined TRACON& Tower with Radar,232,264,111,5,612,0,1,67,4,72,232,265,178,9,684,0,0,0,684
05/01/2007,RDU,NC,ASO,EN,Combined TRACON& Tower with Radar,254,301,116,2,673,0,6,79,5,90,254,307,195,7,763,0,0,0,763
05/02/2007,RDU,NC,ASO,EN,Combined TRACON& Tower with Radar,250,297,133,1,681,0,6,91,7,104,250,303,224,8,785,0,0,0,785
05/03/2007,RDU,NC,ASO,EN,Combined TRACON& Tower with Radar,250,321,154,0,725,0,5,26,6,37,250,326,180,6,762,0,0,0,762
05/04/2007,RDU,NC,ASO,EN,Combined TRACON& Tower with Radar,248,313,127,9,697,0,3,6,5,14,248,316,133,14,711,0,0,0,711
05/05/2007,RDU,NC,ASO,EN,Combined TRACON& Tower with Radar,202,231,68,5,506,0,6,5,4,15,202,237,73,9,521,0,0,0,521
05/06/2007,RDU,NC,ASO,EN,Combined TRACON& Tower with Radar,218,224,75,7,524,0,0,19,13,32,218,224,94,20,556,0,0,0,556
05/07/2007,RDU,NC,ASO,EN,Combined TRACON& Tower with Radar,238,305,124,2,669,0,2,56,3,61,238,307,180,5,730,0,0,0,730
05/08/2007,RDU,NC,ASO,EN,Combined TRACON& Tower with Radar,262,322,140,3,727,0,5,21,2,28,262,327,161,5,755,0,0,0,755
05/09/2007,RDU,NC,ASO,EN,Combined TRACON& Tower with Radar,247,309,159,3,718,0,0,13,4,17,247,309,172,7,735,0,0,0,735
05/10/2007,RDU,NC,ASO,EN,Combined TRACON& Tower with Radar,249,313,157,2,721,0,3,50,12,65,249,316,207,14,786,0,0,0,786
05/11/2007,RDU,NC,ASO,EN,Combined TRACON& Tower with Radar,266,345,179,4,794,0,9,105,14,128,266,354,284,18,922,0,0,0,922
05/12/2007,RDU,NC,ASO,EN,Combined TRACON& Tower with Radar,199,246,69,2,516,0,6,11,1,18,199,252,80,3,534,0,0,0,534
05/13/2007,RDU,NC,ASO,EN,Combined TRACON& Tower with Radar,228,243,95,2,568,0,0,19,1,20,228,243,114,3,588,0,0,0,588
05/14/2007,RDU,NC,ASO,EN,Combined TRACON& Tower with Radar,237,323,123,5,688,0,4,90,13,107,237,327,213,18,795,0,0,0,795
05/15/2007,RDU,NC,ASO,EN,Combined TRACON& Tower with Radar,248,307,123,6,684,0,10,127,21,158,248,317,250,27,842,0,0,0,842
05/16/2007,RDU,NC,ASO,EN,Combined TRACON& Tower with Radar,246,300,110,8,664,0,10,52,13,75,246,310,162,21,739,0,10,10,749
05/17/2007,RDU,NC,ASO,EN,Combined TRACON& Tower with Radar,265,322,149,4,740,0,8,40,12,60,265,330,189,16,800,0,0,0,800
05/18/2007,RDU,NC,ASO,EN,Combined TRACON& Tower with Radar,258,328,154,5,745,0,9,54,12,75,258,337,208,17,820,0,0,0,820
05/19/2007,RDU,NC,ASO,EN,Combined TRACON& Tower with Radar,196,246,56,3,501,0,4,68,9,81,196,250,124,12,582,0,0,0,582
05/20/2007,RDU,NC,ASO,EN,Combined TRACON& Tower with Radar,214,238,63,5,520,0,2,91,7,100,214,240,154,12,620,0,0,0,620
05/21/2007,RDU,NC,ASO,EN,Combined TRACON& Tower with Radar,237,318,111,2,668,0,5,76,16,97,237,323,187,18,765,0,0,0,765
05/22/2007,RDU,NC,ASO,EN,Combined TRACON& Tower with Radar,252,327,136,4,719,0,8,74,11,93,252,335,210,15,812,0,0,0,812
05/23/2007,RDU,NC,ASO,EN,Combined TRACON& Tower with Radar,250,320,130,3,703,0,13,96,8,117,250,333,226,11,820,0,0,0,820
05/24/2007,RDU,NC,ASO,EN,Combined TRACON& Tower with Radar,254,334,100,1,689,0,10,91,25,126,254,344,191,26,815,0,0,0,815
05/25/2007,RDU,NC,ASO,EN,Combined TRACON& Tower with Radar,254,327,100,1,682,0,7,98,7,112,254,334,198,8,794,0,0,0,794
05/26/2007,RDU,NC,ASO,EN,Combined TRACON& Tower with Radar,185,236,50,0,471,0,7,65,0,72,185,243,115,0,543,0,0,0,543
05/27/2007,RDU,NC,ASO,EN,Combined TRACON& Tower with Radar,200,209,40,0,449,0,0,58,0,58,200,209,98,0,507,0,0,0,507
05/28/2007,RDU,NC,ASO,EN,Combined TRACON& Tower with Radar,220,245,63,0,528,0,2,64,4,70,220,247,127,4,598,0,0,0,598
05/29/2007,RDU,NC,ASO,EN,Combined TRACON& Tower with Radar,241,301,112,3,657,0,9,65,8,82,241,310,177,11,739,0,0,0,739
05/30/2007,RDU,NC,ASO,EN,Combined TRACON& Tower with Radar,254,330,116,0,700,0,11,74,16,101,254,341,190,16,801,0,0,0,801
05/31/2007,RDU,NC,ASO,EN,Combined TRACON& Tower with Radar,256,319,125,1,701,0,9,90,5,104,256,328,215,6,805,0,0,0,805
06/01/2007,RDU,NC,ASO,EN,Combined TRACON& Tower with Radar,247,301,95,1,644,0,12,70,7,89,247,313,165,8,733,0,0,0,733
06/02/2007,RDU,NC,ASO,EN,Combined TRACON& Tower with Radar,207,234,58,5,504,0,6,45,14,65,207,240,103,19,569,0,0,0,569
06/03/2007,RDU,NC,ASO,EN,Combined TRACON& Tower with Radar,215,225,54,4,498,0,0,0,1,1,215,225,54,5,499,0,0,0,499
06/04/2007,RDU,NC,ASO,EN,Combined TRACON& Tower with Radar,233,329,105,2,669,0,1,69,2,72,233,330,174,4,741,0,0,0,741
06/05/2007,RDU,NC,ASO,EN,Combined TRACON& Tower with Radar,254,333,112,1,700,0,5,68,6,79,254,338,180,7,779,0,0,0,779
06/06/2007,RDU,NC,ASO,EN,Combined TRACON& Tower with Radar,248,338,143,6,735,0,4,65,8,77,248,342,208,14,812,0,0,0,812
06/07/2007,RDU,NC,ASO,EN,Combined TRACON& Tower with Radar,236,324,137,4,701,0,5,94,7,106,236,329,231,11,807,0,0,0,807
06/08/2007,RDU,NC,ASO,EN,Combined TRACON& Tower with Radar,243,303,136,2,684,0,5,64,1,70,243,308,200,3,754,0,0,0,754
06/09/2007,RDU,NC,ASO,EN,Combined TRACON& Tower with Radar,204,243,71,5,523,0,4,37,5,46,204,247,108,10,569,0,0,0,569
06/10/2007,RDU,NC,ASO,EN,Combined TRACON& Tower with Radar,208,257,87,0,552,0,0,60,0,60,208,257,147,0,612,0,0,0,612
06/11/2007,RDU,NC,ASO,EN,Combined TRACON& Tower with Radar,239,303,101,3,646,0,1,55,10,66,239,304,156,13,712,0,0,0,712
06/12/2007,RDU,NC,ASO,EN,Combined TRACON& Tower with Radar,239,304,110,0,653,0,4,39,10,53,239,308,149,10,706,0,0,0,706
06/13/2007,RDU,NC,ASO,EN,Combined TRACON& Tower with Radar,248,323,124,4,699,0,3,14,3,20,248,326,138,7,719,0,0,0,719
06/14/2007,RDU,NC,ASO,EN,Combined TRACON& Tower with Radar,251,352,143,5,751,0,0,17,23,40,251,352,160,28,791,0,16,16,807
06/15/2007,RDU,NC,ASO,EN,Combined TRACON& Tower with Radar,245,342,134,2,723,0,2,40,14,56,245,344,174,16,779,0,0,0,779
06/16/2007,RDU,NC,ASO,EN,Combined TRACON& Tower with Radar,191,242,69,4,506,0,5,53,5,63,191,247,122,9,569,0,0,0,569
06/17/2007,RDU,NC,ASO,EN,Combined TRACON& Tower with Radar,200,269,58,3,530,0,3,61,5,69,200,272,119,8,599,0,0,0,599
06/18/2007,RDU,NC,ASO,EN,Combined TRACON& Tower with Radar,233,313,101,2,649,0,2,68,9,79,233,315,169,11,728,0,0,0,728
06/19/2007,RDU,NC,ASO,EN,Combined TRACON& Tower with Radar,243,332,95,3,673,0,8,47,17,72,243,340,142,20,745,0,0,0,745
06/20/2007,RDU,NC,ASO,EN,Combined TRACON& Tower with Radar,247,335,125,3,710,0,4,52,4,60,247,339,177,7,770,0,0,0,770
06/21/2007,RDU,NC,ASO,EN,Combined TRACON& Tower with Radar,247,330,121,2,700,0,5,81,17,103,247,335,202,19,803,0,0,0,803
06/22/2007,RDU,NC,ASO,EN,Combined TRACON& Tower with Radar,255,333,102,1,691,0,7,66,2,75,255,340,168,3,766,0,0,0,766
06/23/2007,RDU,NC,ASO,EN,Combined TRACON& Tower with Radar,196,252,76,4,528,0,9,62,3,74,196,261,138,7,602,0,0,0,602
06/24/2007,RDU,NC,ASO,EN,Combined TRACON& Tower with Radar,212,258,91,0,561,0,2,48,2,52,212,260,139,2,613,0,0,0,613
06/25/2007,RDU,NC,ASO,EN,Combined TRACON& Tower with Radar,223,331,116,3,673,0,1,56,14,71,223,332,172,17,744,0,10,10,754
06/26/2007,RDU,NC,ASO,EN,Combined TRACON& Tower with Radar,239,334,125,1,699,0,14,49,14,77,239,348,174,15,776,0,0,0,776
06/27/2007,RDU,NC,ASO,EN,Combined TRACON& Tower with Radar,232,344,144,0,720,0,6,49,17,72,232,350,193,17,792,8,0,8,800
06/28/2007,RDU,NC,ASO,EN,Combined TRACON& Tower with Radar,227,324,146,6,703,0,10,48,10,68,227,334,194,16,771,0,0,0,771
06/29/2007,RDU,NC,ASO,EN,Combined TRACON& Tower with Radar,257,351,128,3,739,0,5,47,8,60,257,356,175,11,799,0,0,0,799
06/30/2007,RDU,NC,ASO,EN,Combined TRACON& Tower with Radar,201,255,39,0,495,0,3,36,0,39,201,258,75,0,534,0,0,0,534
07/01/2007,RDU,NC,ASO,EN,Combined TRACON& Tower with Radar,209,254,63,0,526,0,0,38,2,40,209,254,101,2,566,0,0,0,566
07/02/2007,RDU,NC,ASO,EN,Combined TRACON& Tower with Radar,225,286,94,2,607,0,3,78,19,100,225,289,172,21,707,0,0,0,707
07/03/2007,RDU,NC,ASO,EN,Combined TRACON& Tower with Radar,230,310,65,0,605,0,6,75,14,95,230,316,140,14,700,0,1,1,701
07/04/2007,RDU,NC,ASO,EN,Combined TRACON& Tower with Radar,196,227,36,0,459,0,4,48,5,57,196,231,84,5,516,0,0,0,516
07/05/2007,RDU,NC,ASO,EN,Combined TRACON& Tower with Radar,223,307,82,3,615,0,0,65,9,74,223,307,147,12,689,0,0,0,689
07/06/2007,RDU,NC,ASO,EN,Combined TRACON& Tower with Radar,244,298,63,5,610,0,7,55,19,81,244,305,118,24,691,0,0,0,691
07/07/2007,RDU,NC,ASO,EN,Combined TRACON& Tower with Radar,203,255,35,0,493,0,4,42,1,47,203,259,77,1,540,0,0,0,540
07/08/2007,RDU,NC,ASO,EN,Combined TRACON& Tower with Radar,213,249,65,0,527,0,0,40,0,40,213,249,105,0,567,0,0,0,567
07/09/2007,RDU,NC,ASO,EN,Combined TRACON& Tower with Radar,237,304,97,1,639,0,1,49,4,54,237,305,146,5,693,0,0,0,693
07/10/2007,RDU,NC,ASO,EN,Combined TRACON& Tower with Radar,238,296,142,4,680,0,8,18,4,30,238,304,160,8,710,0,0,0,710
07/11/2007,RDU,NC,ASO,EN,Combined TRACON& Tower with Radar,253,313,104,0,670,0,9,51,2,62,253,322,155,2,732,0,0,0,732
07/12/2007,RDU,NC,ASO,EN,Combined TRACON& Tower with Radar,257,336,98,1,692,0,9,85,10,104,257,345,183,11,796,4,0,4,800
07/13/2007,RDU,NC,ASO,EN,Combined TRACON& Tower with Radar,243,334,101,1,679,0,8,68,20,96,243,342,169,21,775,0,0,0,775
07/14/2007,RDU,NC,ASO,EN,Combined TRACON& Tower with Radar,199,239,53,2,493,0,3,70,7,80,199,242,123,9,573,0,0,0,573
07/15/2007,RDU,NC,ASO,EN,Combined TRACON& Tower with Radar,209,233,81,3,526,0,0,40,8,48,209,233,121,11,574,0,0,0,574
07/16/2007,RDU,NC,ASO,EN,Combined TRACON& Tower with Radar,233,309,121,4,667,0,1,45,22,68,233,310,166,26,735,0,0,0,735
07/17/2007,RDU,NC,ASO,EN,Combined TRACON& Tower with Radar,242,322,125,5,694,0,9,58,16,83,242,331,183,21,777,0,4,4,781
07/18/2007,RDU,NC,ASO,EN,Combined TRACON& Tower with Radar,244,311,147,8,710,0,1,57,18,76,244,312,204,26,786,0,0,0,786
07/19/2007,RDU,NC,ASO,EN,Combined TRACON& Tower with Radar,233,315,151,3,702,0,4,72,23,99,233,319,223,26,801,0,0,0,801
07/20/2007,RDU,NC,ASO,EN,Combined TRACON& Tower with Radar,256,328,110,3,697,0,8,50,25,83,256,336,160,28,780,8,12,20,800
07/21/2007,RDU,NC,ASO,EN,Combined TRACON& Tower with Radar,196,252,58,3,509,0,3,81,13,97,196,255,139,16,606,0,0,0,606
07/22/2007,RDU,NC,ASO,EN,Combined TRACON& Tower with Radar,204,247,71,1,523,0,0,68,6,74,204,247,139,7,597,0,0,0,597
07/23/2007,RDU,NC,ASO,EN,Combined TRACON& Tower with Radar,232,286,118,2,638,0,3,64,8,75,232,289,182,10,713,0,0,0,713
07/24/2007,RDU,NC,ASO,EN,Combined TRACON& Tower with Radar,256,340,138,4,738,0,9,67,19,95,256,349,205,23,833,0,0,0,833
07/25/2007,RDU,NC,ASO,EN,Combined TRACON& Tower with Radar,248,342,114,5,709,0,11,68,12,91,248,353,182,17,800,0,0,0,800
07/26/2007,RDU,NC,ASO,EN,Combined TRACON& Tower with Radar,245,337,112,4,698,0,15,55,13,83,245,352,167,17,781,0,0,0,781
07/27/2007,RDU,NC,ASO,EN,Combined TRACON& Tower with Radar,229,308,95,3,635,0,13,61,24,98,229,321,156,27,733,0,0,0,733
07/28/2007,RDU,NC,ASO,EN,Combined TRACON& Tower with Radar,211,267,43,2,523,0,3,29,0,32,211,270,72,2,555,0,0,0,555
07/29/2007,RDU,NC,ASO,EN,Combined TRACON& Tower with Radar,202,224,60,4,490,0,1,45,4,50,202,225,105,8,540,0,0,0,540
07/30/2007,RDU,NC,ASO,EN,Combined TRACON& Tower with Radar,242,317,124,0,683,0,1,18,6,25,242,318,142,6,708,6,0,6,714
07/31/2007,RDU,NC,ASO,EN,Combined TRACON& Tower with Radar,246,337,114,9,706,0,5,67,15,87,246,342,181,24,793,0,0,0,793
08/01/2007,RDU,NC,ASO,EN,Combined TRACON& Tower with Radar,242,331,108,0,681,0,11,60,13,84,242,342,168,13,765,0,0,0,765
08/02/2007,RDU,NC,ASO,EN,Combined TRACON& Tower with Radar,249,338,98,4,689,0,4,87,5,96,249,342,185,9,785,0,0,0,785
08/03/2007,RDU,NC,ASO,EN,Combined TRACON& Tower with Radar,239,323,119,8,689,0,10,60,12,82,239,333,179,20,771,0,0,0,771
08/04/2007,RDU,NC,ASO,EN,Combined TRACON& Tower with Radar,195,256,52,3,506,0,5,71,21,97,195,261,123,24,603,0,0,0,603
08/05/2007,RDU,NC,ASO,EN,Combined TRACON& Tower with Radar,208,262,85,7,562,0,2,58,6,66,208,264,143,13,628,0,0,0,628
08/06/2007,RDU,NC,ASO,EN,Combined TRACON& Tower with Radar,233,299,116,3,651,0,4,32,14,50,233,303,148,17,701,10,0,10,711
08/07/2007,RDU,NC,ASO,EN,Combined TRACON& Tower with Radar,253,319,111,4,687,0,6,51,18,75,253,325,162,22,762,0,0,0,762
08/08/2007,RDU,NC,ASO,EN,Combined TRACON& Tower with Radar,243,321,130,11,705,0,6,49,11,66,243,327,179,22,771,0,0,0,771
08/09/2007,RDU,NC,ASO,EN,Combined TRACON& Tower with Radar,239,291,132,1,663,0,8,36,15,59,239,299,168,16,722,0,0,0,722
08/10/2007,RDU,NC,ASO,EN,Combined TRACON& Tower with Radar,264,305,108,5,682,0,7,45,6,58,264,312,153,11,740,0,0,0,740
08/11/2007,RDU,NC,ASO,EN,Combined TRACON& Tower with Radar,204,260,71,5,540,0,5,11,1,17,204,265,82,6,557,0,0,0,557
08/12/2007,RDU,NC,ASO,EN,Combined TRACON& Tower with Radar,214,248,60,6,528,0,0,76,4,80,214,248,136,10,608,0,0,0,608
08/13/2007,RDU,NC,ASO,EN,Combined TRACON& Tower with Radar,236,309,128,7,680,0,3,69,17,89,236,312,197,24,769,0,0,0,769
08/14/2007,RDU,NC,ASO,EN,Combined TRACON& Tower with Radar,243,341,114,2,700,0,10,101,19,130,243,351,215,21,830,0,0,0,830
08/15/2007,RDU,NC,ASO,EN,Combined TRACON& Tower with Radar,248,338,95,3,684,0,11,72,17,100,248,349,167,20,784,0,0,0,784
08/16/2007,RDU,NC,ASO,EN,Combined TRACON& Tower with Radar,244,307,117,8,676,0,8,72,20,100,244,315,189,28,776,0,0,0,776
08/17/2007,RDU,NC,ASO,EN,Combined TRACON& Tower with Radar,256,301,111,6,674,0,8,38,10,56,256,309,149,16,730,0,0,0,730
08/18/2007,RDU,NC,ASO,EN,Combined TRACON& Tower with Radar,199,253,53,4,509,0,5,70,7,82,199,258,123,11,591,6,0,6,597
08/19/2007,RDU,NC,ASO,EN,Combined TRACON& Tower with Radar,202,245,74,0,521,0,1,27,6,34,202,246,101,6,555,0,0,0,555
08/20/2007,RDU,NC,ASO,EN,Combined TRACON& Tower with Radar,228,306,81,2,617,0,6,79,23,108,228,312,160,25,725,2,8,10,735
08/21/2007,RDU,NC,ASO,EN,Combined TRACON& Tower with Radar,254,331,88,2,675,0,5,63,18,86,254,336,151,20,761,0,8,8,769
08/22/2007,RDU,NC,ASO,EN,Combined TRACON& Tower with Radar,245,339,145,8,737,0,6,66,15,87,245,345,211,23,824,0,0,0,824
08/23/2007,RDU,NC,ASO,EN,Combined TRACON& Tower with Radar,231,339,143,4,717,0,4,23,27,54,231,343,166,31,771,0,0,0,771
08/24/2007,RDU,NC,ASO,EN,Combined TRACON& Tower with Radar,235,331,119,6,691,0,11,65,11,87,235,342,184,17,778,0,0,0,778
08/25/2007,RDU,NC,ASO,EN,Combined TRACON& Tower with Radar,192,255,55,6,508,0,6,84,3,93,192,261,139,9,601,0,0,0,601
08/26/2007,RDU,NC,ASO,EN,Combined TRACON& Tower with Radar,209,250,91,3,553,0,0,55,7,62,209,250,146,10,615,0,0,0,615
08/27/2007,RDU,NC,ASO,EN,Combined TRACON& Tower with Radar,230,309,95,1,635,0,6,33,20,59,230,315,128,21,694,0,0,0,694
08/28/2007,RDU,NC,ASO,EN,Combined TRACON& Tower with Radar,242,327,135,8,712,0,7,75,9,91,242,334,210,17,803,0,0,0,803
08/29/2007,RDU,NC,ASO,EN,Combined TRACON& Tower with Radar,241,307,133,3,684,0,8,60,13,81,241,315,193,16,765,0,0,0,765
08/30/2007,RDU,NC,ASO,EN,Combined TRACON& Tower with Radar,244,321,158,5,728,0,4,64,20,88,244,325,222,25,816,0,0,0,816
08/31/2007,RDU,NC,ASO,EN,Combined TRACON& Tower with Radar,250,323,116,7,696,0,8,71,12,91,250,331,187,19,787,0,0,0,787
09/01/2007,RDU,NC,ASO,EN,Combined TRACON& Tower with Radar,190,246,73,3,512,0,4,23,4,31,190,250,96,7,543,0,0,0,543
09/02/2007,RDU,NC,ASO,EN,Combined TRACON& Tower with Radar,171,207,55,0,433,0,2,39,0,41,171,209,94,0,474,0,0,0,474
09/03/2007,RDU,NC,ASO,EN,Combined TRACON& Tower with Radar,208,247,70,2,527,0,2,87,2,91,208,249,157,4,618,0,0,0,618
09/04/2007,RDU,NC,ASO,EN,Combined TRACON& Tower with Radar,232,296,118,1,647,0,3,57,14,74,232,299,175,15,721,0,0,0,721
09/05/2007,RDU,NC,ASO,EN,Combined TRACON& Tower with Radar,248,318,114,8,688,0,7,75,12,94,248,325,189,20,782,0,0,0,782
09/06/2007,RDU,NC,ASO,EN,Combined TRACON& Tower with Radar,250,331,138,3,722,0,10,85,24,119,250,341,223,27,841,0,0,0,841
09/07/2007,RDU,NC,ASO,EN,Combined TRACON& Tower with Radar,244,322,122,0,688,0,14,80,2,96,244,336,202,2,784,0,0,0,784
09/08/2007,RDU,NC,ASO,EN,Combined TRACON& Tower with Radar,193,229,57,3,482,0,9,70,3,82,193,238,127,6,564,0,0,0,564
09/09/2007,RDU,NC,ASO,EN,Combined TRACON& Tower with Radar,214,243,87,7,551,1,1,50,8,60,215,244,137,15,611,0,0,0,611
09/10/2007,RDU,NC,ASO,EN,Combined TRACON& Tower with Radar,232,318,122,6,678,0,4,53,11,68,232,322,175,17,746,0,0,0,746
09/11/2007,RDU,NC,ASO,EN,Combined TRACON& Tower with Radar,241,301,82,2,626,0,9,78,12,99,241,310,160,14,725,0,0,0,725
09/12/2007,RDU,NC,ASO,EN,Combined TRACON& Tower with Radar,246,339,140,2,727,0,9,57,3,69,246,348,197,5,796,0,0,0,796
09/13/2007,RDU,NC,ASO,EN,Combined TRACON& Tower with Radar,244,333,139,3,719,0,1,34,15,50,244,334,173,18,769,0,0,0,769
09/14/2007,RDU,NC,ASO,EN,Combined TRACON& Tower with Radar,257,317,104,12,690,0,2,8,2,12,257,319,112,14,702,0,0,0,702
09/15/2007,RDU,NC,ASO,EN,Combined TRACON& Tower with Radar,195,247,54,2,498,0,0,20,3,23,195,247,74,5,521,0,0,0,521
09/16/2007,RDU,NC,ASO,EN,Combined TRACON& Tower with Radar,215,255,75,8,553,0,1,85,7,93,215,256,160,15,646,0,0,0,646
09/17/2007,RDU,NC,ASO,EN,Combined TRACON& Tower with Radar,235,305,120,2,662,0,0,74,10,84,235,305,194,12,746,0,0,0,746
09/18/2007,RDU,NC,ASO,EN,Combined TRACON& Tower with Radar,246,327,115,2,690,0,5,73,16,94,246,332,188,18,784,0,0,0,784
09/19/2007,RDU,NC,ASO,EN,Combined TRACON& Tower with Radar,232,317,168,3,720,0,4,22,4,30,232,321,190,7,750,0,0,0,750
09/20/2007,RDU,NC,ASO,EN,Combined TRACON& Tower with Radar,252,339,130,3,724,0,3,14,5,22,252,342,144,8,746,0,0,0,746
09/21/2007,RDU,NC,ASO,EN,Combined TRACON& Tower with Radar,247,340,163,2,752,0,1,16,4,21,247,341,179,6,773,0,0,0,773
09/22/2007,RDU,NC,ASO,EN,Combined TRACON& Tower with Radar,197,233,75,3,508,0,2,62,7,71,197,235,137,10,579,0,0,0,579
09/23/2007,RDU,NC,ASO,EN,Combined TRACON& Tower with Radar,217,265,83,3,568,0,3,71,4,78,217,268,154,7,646,0,0,0,646
09/24/2007,RDU,NC,ASO,EN,Combined TRACON& Tower with Radar,234,316,88,2,640,0,1,62,10,73,234,317,150,12,713,0,0,0,713
09/25/2007,RDU,NC,ASO,EN,Combined TRACON& Tower with Radar,242,319,134,0,695,0,9,55,8,72,242,328,189,8,767,0,0,0,767
09/26/2007,RDU,NC,ASO,EN,Combined TRACON& Tower with Radar,248,336,135,0,719,0,8,64,8,80,248,344,199,8,799,0,0,0,799
09/27/2007,RDU,NC,ASO,EN,Combined TRACON& Tower with Radar,246,337,120,6,709,0,13,61,7,81,246,350,181,13,790,0,0,0,790
09/28/2007,RDU,NC,ASO,EN,Combined TRACON& Tower with Radar,258,315,102,3,678,0,5,64,5,74,258,320,166,8,752,0,0,0,752
09/29/2007,RDU,NC,ASO,EN,Combined TRACON& Tower with Radar,193,237,59,0,489,0,3,96,8,107,193,240,155,8,596,0,0,0,596
09/30/2007,RDU,NC,ASO,EN,Combined TRACON& Tower with Radar,208,236,100,6,550,0,2,80,1,83,208,238,180,7,633,0,0,0,633
10/01/2007,RDU,NC,ASO,EN,Combined TRACON& Tower with Radar,233,312,111,0,656,0,2,68,8,78,233,314,179,8,734,2,8,10,744
10/02/2007,RDU,NC,ASO,EN,Combined TRACON& Tower with Radar,250,321,136,0,707,0,4,38,21,63,250,325,174,21,770,0,0,0,770
10/03/2007,RDU,NC,ASO,EN,Combined TRACON& Tower with Radar,246,320,126,4,696,0,2,27,17,46,246,322,153,21,742,0,0,0,742
10/04/2007,RDU,NC,ASO,EN,Combined TRACON& Tower with Radar,260,345,129,3,737,0,4,37,22,63,260,349,166,25,800,0,0,0,800
10/05/2007,RDU,NC,ASO,EN,Combined TRACON& Tower with Radar,245,319,135,9,708,0,5,12,7,24,245,324,147,16,732,0,0,0,732
10/06/2007,RDU,NC,ASO,EN,Combined TRACON& Tower with Radar,197,224,73,0,494,0,1,9,2,12,197,225,82,2,506,0,0,0,506
10/07/2007,RDU,NC,ASO,EN,Combined TRACON& Tower with Radar,207,250,87,2,546,0,0,74,1,75,207,250,161,3,621,0,0,0,621
10/08/2007,RDU,NC,ASO,EN,Combined TRACON& Tower with Radar,237,287,118,1,643,0,0,60,1,61,237,287,178,2,704,0,0,0,704
10/09/2007,RDU,NC,ASO,EN,Combined TRACON& Tower with Radar,239,283,118,0,640,0,8,91,28,127,239,291,209,28,767,0,0,0,767
10/10/2007,RDU,NC,ASO,EN,Combined TRACON& Tower with Radar,253,322,151,4,730,0,10,72,17,99,253,332,223,21,829,0,0,0,829
10/11/2007,RDU,NC,ASO,EN,Combined TRACON& Tower with Radar,242,301,142,4,689,0,13,80,10,103,242,314,222,14,792,0,0,0,792
10/12/2007,RDU,NC,ASO,EN,Combined TRACON& Tower with Radar,262,335,155,2,754,0,14,102,7,123,262,349,257,9,877,0,0,0,877
10/13/2007,RDU,NC,ASO,EN,Combined TRACON& Tower with Radar,198,226,102,2,528,0,11,77,13,101,198,237,179,15,629,0,0,0,629
10/14/2007,RDU,NC,ASO,EN,Combined TRACON& Tower with Radar,207,236,90,1,534,0,4,83,5,92,207,240,173,6,626,0,0,0,626
10/15/2007,RDU,NC,ASO,EN,Combined TRACON& Tower with Radar,230,317,138,1,686,0,11,76,11,98,230,328,214,12,784,3,0,3,787
10/16/2007,RDU,NC,ASO,EN,Combined TRACON& Tower with Radar,254,324,121,4,703,0,7,98,18,123,254,331,219,22,826,0,0,0,826
10/17/2007,RDU,NC,ASO,EN,Combined TRACON& Tower with Radar,241,325,168,4,738,0,10,60,9,79,241,335,228,13,817,0,0,0,817
10/18/2007,RDU,NC,ASO,EN,Combined TRACON& Tower with Radar,243,328,130,1,702,0,3,15,8,26,243,331,145,9,728,0,0,0,728
10/19/2007,RDU,NC,ASO,EN,Combined TRACON& Tower with Radar,242,309,105,1,657,0,2,18,6,26,242,311,123,7,683,0,0,0,683
10/20/2007,RDU,NC,ASO,EN,Combined TRACON& Tower with Radar,200,229,65,12,506,0,10,58,2,70,200,239,123,14,576,0,0,0,576
10/21/2007,RDU,NC,ASO,EN,Combined TRACON& Tower with Radar,209,236,108,4,557,0,0,95,0,95,209,236,203,4,652,0,0,0,652
10/22/2007,RDU,NC,ASO,EN,Combined TRACON& Tower with Radar,234,298,107,1,640,0,8,54,11,73,234,306,161,12,713,0,0,0,713
10/23/2007,RDU,NC,ASO,EN,Combined TRACON& Tower with Radar,248,311,148,5,712,0,15,34,12,61,248,326,182,17,773,0,0,0,773
10/24/2007,RDU,NC,ASO,EN,Combined TRACON& Tower with Radar,241,311,130,0,682,0,2,8,2,12,241,313,138,2,694,6,0,6,700
10/25/2007,RDU,NC,ASO,EN,Combined TRACON& Tower with Radar,248,336,130,0,714,0,0,0,0,0,248,336,130,0,714,0,0,0,714
10/26/2007,RDU,NC,ASO,EN,Combined TRACON& Tower with Radar,253,329,115,1,698,0,0,0,0,0,253,329,115,1,698,0,0,0,698
10/27/2007,RDU,NC,ASO,EN,Combined TRACON& Tower with Radar,205,254,103,0,562,0,0,37,7,44,205,254,140,7,606,0,0,0,606
10/28/2007,RDU,NC,ASO,EN,Combined TRACON& Tower with Radar,212,243,84,3,542,0,5,43,0,48,212,248,127,3,590,0,0,0,590
10/29/2007,RDU,NC,ASO,EN,Combined TRACON& Tower with Radar,236,304,107,0,647,0,8,90,15,113,236,312,197,15,760,0,0,0,760
10/30/2007,RDU,NC,ASO,EN,Combined TRACON& Tower with Radar,250,310,120,0,680,0,10,93,12,115,250,320,213,12,795,0,0,0,795
10/31/2007,RDU,NC,ASO,EN,Combined TRACON& Tower with Radar,239,311,95,0,645,0,12,88,10,110,239,323,183,10,755,0,0,0,755
11/01/2007,RDU,NC,ASO,EN,Combined TRACON& Tower with Radar,249,339,136,8,732,0,14,91,31,136,249,353,227,39,868,0,4,4,872
11/02/2007,RDU,NC,ASO,EN,Combined TRACON& Tower with Radar,251,340,135,2,728,0,6,71,15,92,251,346,206,17,820,0,0,0,820
11/03/2007,RDU,NC,ASO,EN,Combined TRACON& Tower with Radar,201,230,67,10,508,0,5,75,5,85,201,235,142,15,593,0,0,0,593
11/04/2007,RDU,NC,ASO,EN,Combined TRACON& Tower with Radar,217,260,97,7,581,0,7,69,0,76,217,267,166,7,657,0,0,0,657
11/05/2007,RDU,NC,ASO,EN,Combined TRACON& Tower with Radar,225,316,81,2,624,0,4,74,10,88,225,320,155,12,712,0,0,0,712
11/06/2007,RDU,NC,ASO,EN,Combined TRACON& Tower with Radar,254,316,127,1,698,0,5,57,10,72,254,321,184,11,770,0,0,0,770
11/07/2007,RDU,NC,ASO,EN,Combined TRACON& Tower with Radar,245,326,162,3,736,0,6,74,15,95,245,332,236,18,831,0,0,0,831
11/08/2007,RDU,NC,ASO,EN,Combined TRACON& Tower with Radar,247,347,174,2,770,0,9,76,28,113,247,356,250,30,883,0,0,0,883
11/09/2007,RDU,NC,ASO,EN,Combined TRACON& Tower with Radar,259,335,148,5,747,0,4,90,12,106,259,339,238,17,853,0,0,0,853
11/10/2007,RDU,NC,ASO,EN,Combined TRACON& Tower with Radar,197,251,70,0,518,0,8,49,3,60,197,259,119,3,578,0,0,0,578
11/11/2007,RDU,NC,ASO,EN,Combined TRACON& Tower with Radar,218,253,83,0,554,0,2,81,7,90,218,255,164,7,644,0,0,0,644
11/12/2007,RDU,NC,ASO,EN,Combined TRACON& Tower with Radar,236,283,114,1,634,0,5,67,1,73,236,288,181,2,707,0,0,0,707
11/13/2007,RDU,NC,ASO,EN,Combined TRACON& Tower with Radar,247,310,133,4,694,0,5,79,23,107,247,315,212,27,801,0,0,0,801
11/14/2007,RDU,NC,ASO,EN,Combined TRACON& Tower with Radar,248,308,124,4,684,0,12,74,9,95,248,320,198,13,779,12,0,12,791
11/15/2007,RDU,NC,ASO,EN,Combined TRACON& Tower with Radar,258,306,110,5,679,0,8,26,10,44,258,314,136,15,723,0,0,0,723
11/16/2007,RDU,NC,ASO,EN,Combined TRACON& Tower with Radar,262,327,136,6,731,0,12,66,4,82,262,339,202,10,813,0,0,0,813
11/17/2007,RDU,NC,ASO,EN,Combined TRACON& Tower with Radar,197,226,69,1,493,0,7,84,9,100,197,233,153,10,593,0,0,0,593
11/18/2007,RDU,NC,ASO,EN,Combined TRACON& Tower with Radar,221,231,75,2,529,0,1,91,4,96,221,232,166,6,625,0,0,0,625
11/19/2007,RDU,NC,ASO,EN,Combined TRACON& Tower with Radar,226,306,102,2,636,0,6,62,12,80,226,312,164,14,716,0,0,0,716
11/20/2007,RDU,NC,ASO,EN,Combined TRACON& Tower with Radar,245,352,141,5,743,0,2,54,9,65,245,354,195,14,808,0,0,0,808
11/21/2007,RDU,NC,ASO,EN,Combined TRACON& Tower with Radar,262,341,140,0,743,0,4,80,15,99,262,345,220,15,842,0,0,0,842
11/22/2007,RDU,NC,ASO,EN,Combined TRACON& Tower with Radar,183,216,32,1,432,0,2,25,0,27,183,218,57,1,459,0,0,0,459
11/23/2007,RDU,NC,ASO,EN,Combined TRACON& Tower with Radar,192,229,63,0,484,0,4,51,0,55,192,233,114,0,539,0,0,0,539
11/24/2007,RDU,NC,ASO,EN,Combined TRACON& Tower with Radar,194,252,85,0,531,0,3,61,0,64,194,255,146,0,595,0,0,0,595
11/25/2007,RDU,NC,ASO,EN,Combined TRACON& Tower with Radar,224,289,137,6,656,0,0,18,0,18,224,289,155,6,674,0,0,0,674
11/26/2007,RDU,NC,ASO,EN,Combined TRACON& Tower with Radar,235,313,98,0,646,0,0,0,0,0,235,313,98,0,646,0,0,0,646
11/27/2007,RDU,NC,ASO,EN,Combined TRACON& Tower with Radar,255,348,150,7,760,0,7,59,2,68,255,355,209,9,828,0,0,0,828
11/28/2007,RDU,NC,ASO,EN,Combined TRACON& Tower with Radar,243,325,148,8,724,0,13,91,4,108,243,338,239,12,832,0,0,0,832
11/29/2007,RDU,NC,ASO,EN,Combined TRACON& Tower with Radar,253,315,135,1,704,0,10,68,20,98,253,325,203,21,802,0,0,0,802
11/30/2007,RDU,NC,ASO,EN,Combined TRACON& Tower with Radar,248,316,128,5,697,0,11,78,10,99,248,327,206,15,796,0,0,0,796
12/01/2007,RDU,NC,ASO,EN,Combined TRACON& Tower with Radar,188,229,55,2,474,0,6,78,1,85,188,235,133,3,559,0,0,0,559
12/02/2007,RDU,NC,ASO,EN,Combined TRACON& Tower with Radar,206,209,75,6,496,0,0,21,0,21,206,209,96,6,517,0,0,0,517
12/03/2007,RDU,NC,ASO,EN,Combined TRACON& Tower with Radar,237,315,96,4,652,0,0,29,4,33,237,315,125,8,685,0,0,0,685
12/04/2007,RDU,NC,ASO,EN,Combined TRACON& Tower with Radar,234,317,119,5,675,0,6,49,11,66,234,323,168,16,741,0,0,0,741
12/05/2007,RDU,NC,ASO,EN,Combined TRACON& Tower with Radar,225,298,114,6,643,0,6,57,12,75,225,304,171,18,718,0,0,0,718
12/06/2007,RDU,NC,ASO,EN,Combined TRACON& Tower with Radar,246,344,149,1,740,0,13,66,13,92,246,357,215,14,832,0,0,0,832
12/07/2007,RDU,NC,ASO,EN,Combined TRACON& Tower with Radar,245,314,164,6,729,0,9,55,9,73,245,323,219,15,802,0,0,0,802
12/08/2007,RDU,NC,ASO,EN,Combined TRACON& Tower with Radar,189,240,96,3,528,0,5,67,1,73,189,245,163,4,601,0,0,0,601
12/09/2007,RDU,NC,ASO,EN,Combined TRACON& Tower with Radar,200,222,75,3,500,0,1,61,0,62,200,223,136,3,562,0,0,0,562
12/10/2007,RDU,NC,ASO,EN,Combined TRACON& Tower with Radar,227,301,118,2,648,0,6,58,12,76,227,307,176,14,724,0,0,0,724
12/11/2007,RDU,NC,ASO,EN,Combined TRACON& Tower with Radar,234,317,126,3,680,0,6,78,25,109,234,323,204,28,789,0,0,0,789
12/12/2007,RDU,NC,ASO,EN,Combined TRACON& Tower with Radar,248,316,129,4,697,0,7,58,14,79,248,323,187,18,776,0,0,0,776
12/13/2007,RDU,NC,ASO,EN,Combined TRACON& Tower with Radar,240,284,129,2,655,0,2,22,12,36,240,286,151,14,691,0,0,0,691
12/14/2007,RDU,NC,ASO,EN,Combined TRACON& Tower with Radar,240,310,135,4,689,0,8,81,11,100,240,318,216,15,789,0,0,0,789
12/15/2007,RDU,NC,ASO,EN,Combined TRACON& Tower with Radar,179,235,61,2,477,0,2,11,0,13,179,237,72,2,490,0,0,0,490
12/16/2007,RDU,NC,ASO,EN,Combined TRACON& Tower with Radar,205,223,40,3,471,0,1,2,1,4,205,224,42,4,475,0,0,0,475
12/17/2007,RDU,NC,ASO,EN,Combined TRACON& Tower with Radar,224,292,106,4,626,0,4,67,15,86,224,296,173,19,712,0,0,0,712
12/18/2007,RDU,NC,ASO,EN,Combined TRACON& Tower with Radar,248,317,117,2,684,0,8,85,31,124,248,325,202,33,808,0,64,64,872
12/19/2007,RDU,NC,ASO,EN,Combined TRACON& Tower with Radar,248,324,131,8,711,0,10,67,12,89,248,334,198,20,800,0,32,32,832
12/20/2007,RDU,NC,ASO,EN,Combined TRACON& Tower with Radar,243,323,112,6,684,0,8,95,4,107,243,331,207,10,791,0,0,0,791
12/21/2007,RDU,NC,ASO,EN,Combined TRACON& Tower with Radar,245,314,87,3,649,0,5,28,3,36,245,319,115,6,685,0,0,0,685
12/22/2007,RDU,NC,ASO,EN,Combined TRACON& Tower with Radar,211,248,91,0,550,0,2,5,0,7,211,250,96,0,557,0,0,0,557
12/23/2007,RDU,NC,ASO,EN,Combined TRACON& Tower with Radar,201,214,34,0,449,0,0,6,0,6,201,214,40,0,455,0,0,0,455
12/24/2007,RDU,NC,ASO,EN,Combined TRACON& Tower with Radar,192,237,44,0,473,0,6,61,0,67,192,243,105,0,540,0,0,0,540
12/25/2007,RDU,NC,ASO,EN,Combined TRACON& Tower with Radar,172,194,8,0,374,0,2,22,1,25,172,196,30,1,399,0,0,0,399
12/26/2007,RDU,NC,ASO,EN,Combined TRACON& Tower with Radar,217,290,69,0,576,0,0,8,0,8,217,290,77,0,584,0,0,0,584
12/27/2007,RDU,NC,ASO,EN,Combined TRACON& Tower with Radar,234,308,88,2,632,0,7,74,0,81,234,315,162,2,713,0,0,0,713
12/28/2007,RDU,NC,ASO,EN,Combined TRACON& Tower with Radar,238,297,60,0,595,0,5,31,0,36,238,302,91,0,631,0,0,0,631
12/29/2007,RDU,NC,ASO,EN,Combined TRACON& Tower with Radar,194,242,60,0,496,0,0,7,0,7,194,242,67,0,503,0,0,0,503
12/30/2007,RDU,NC,ASO,EN,Combined TRACON& Tower with Radar,210,218,38,0,466,0,0,3,0,3,210,218,41,0,469,0,0,0,469
12/31/2007,RDU,NC,ASO,EN,Combined TRACON& Tower with Radar,186,228,39,0,453,0,2,70,0,72,186,230,109,0,525,0,0,0,525
01/01/2008,RDU,NC,ASO,EN,Combined TRACON& Tower with Radar,192,209,37,0,438,0,1,45,2,48,192,210,82,2,486,0,0,0,486
01/02/2008,RDU,NC,ASO,EN,Combined TRACON& Tower with Radar,228,281,72,1,582,0,5,32,5,42,228,286,104,6,624,0,0,0,624
01/03/2008,RDU,NC,ASO,EN,Combined TRACON& Tower with Radar,239,296,71,4,610,0,9,54,22,85,239,305,125,26,695,0,0,0,695
01/04/2008,RDU,NC,ASO,EN,Combined TRACON& Tower with Radar,236,290,83,3,612,0,11,87,22,120,236,301,170,25,732,0,0,0,732
01/05/2008,RDU,NC,ASO,EN,Combined TRACON& Tower with Radar,187,214,55,4,460,0,7,82,17,106,187,221,137,21,566,0,0,0,566
01/06/2008,RDU,NC,ASO,EN,Combined TRACON& Tower with Radar,198,212,89,4,503,0,3,78,2,83,198,215,167,6,586,0,0,0,586
01/07/2008,RDU,NC,ASO,EN,Combined TRACON& Tower with Radar,210,291,93,4,598,0,4,64,18,86,210,295,157,22,684,0,0,0,684
01/08/2008,RDU,NC,ASO,EN,Combined TRACON& Tower with Radar,231,308,95,1,635,0,9,42,15,66,231,317,137,16,701,0,0,0,701
01/09/2008,RDU,NC,ASO,EN,Combined TRACON& Tower with Radar,235,307,95,12,649,0,10,29,29,68,235,317,124,41,717,0,0,0,717
01/10/2008,RDU,NC,ASO,EN,Combined TRACON& Tower with Radar,222,325,117,1,665,0,5,23,10,38,222,330,140,11,703,0,0,0,703
01/11/2008,RDU,NC,ASO,EN,Combined TRACON& Tower with Radar,228,291,110,4,633,0,8,31,21,60,228,299,141,25,693,0,0,0,693
01/12/2008,RDU,NC,ASO,EN,Combined TRACON& Tower with Radar,168,224,59,6,457,0,6,82,1,89,168,230,141,7,546,0,0,0,546
01/13/2008,RDU,NC,ASO,EN,Combined TRACON& Tower with Radar,196,216,79,2,493,0,4,17,2,23,196,220,96,4,516,0,0,0,516
01/14/2008,RDU,NC,ASO,EN,Combined TRACON& Tower with Radar,203,276,101,6,586,0,9,50,17,76,203,285,151,23,662,0,0,0,662
01/15/2008,RDU,NC,ASO,EN,Combined TRACON& Tower with Radar,231,303,83,6,623,0,12,106,21,139,231,315,189,27,762,0,0,0,762
01/16/2008,RDU,NC,ASO,EN,Combined TRACON& Tower with Radar,222,307,132,4,665,0,12,63,16,91,222,319,195,20,756,0,0,0,756
01/17/2008,RDU,NC,ASO,EN,Combined TRACON& Tower with Radar,214,297,75,0,586,0,2,0,2,4,214,299,75,2,590,0,0,0,590
01/18/2008,RDU,NC,ASO,EN,Combined TRACON& Tower with Radar,230,324,122,2,678,0,3,23,33,59,230,327,145,35,737,0,0,0,737
01/19/2008,RDU,NC,ASO,EN,Combined TRACON& Tower with Radar,149,235,49,0,433,0,0,3,0,3,149,235,52,0,436,0,0,0,436
01/20/2008,RDU,NC,ASO,EN,Combined TRACON& Tower with Radar,187,214,45,1,447,0,2,41,0,43,187,216,86,1,490,0,0,0,490
01/21/2008,RDU,NC,ASO,EN,Combined TRACON& Tower with Radar,205,277,95,1,578,0,1,64,0,65,205,278,159,1,643,0,0,0,643
01/22/2008,RDU,NC,ASO,EN,Combined TRACON& Tower with Radar,223,286,108,0,617,0,3,31,2,36,223,289,139,2,653,0,0,0,653
01/23/2008,RDU,NC,ASO,EN,Combined TRACON& Tower with Radar,231,300,112,6,649,0,6,44,11,61,231,306,156,17,710,0,0,0,710
01/24/2008,RDU,NC,ASO,EN,Combined TRACON& Tower with Radar,229,306,120,1,656,0,4,38,8,50,229,310,158,9,706,0,0,0,706
01/25/2008,RDU,NC,ASO,EN,Combined TRACON& Tower with Radar,227,287,81,1,596,0,7,55,16,78,227,294,136,17,674,0,0,0,674
01/26/2008,RDU,NC,ASO,EN,Combined TRACON& Tower with Radar,159,228,41,0,428,0,7,75,2,84,159,235,116,2,512,0,0,0,512
01/27/2008,RDU,NC,ASO,EN,Combined TRACON& Tower with Radar,186,224,54,1,465,0,0,76,0,76,186,224,130,1,541,0,0,0,541
01/28/2008,RDU,NC,ASO,EN,Combined TRACON& Tower with Radar,211,293,87,4,595,0,5,64,16,85,211,298,151,20,680,0,0,0,680
01/29/2008,RDU,NC,ASO,EN,Combined TRACON& Tower with Radar,217,297,91,4,609,0,8,60,11,79,217,305,151,15,688,0,6,6,694
01/30/2008,RDU,NC,ASO,EN,Combined TRACON& Tower with Radar,230,308,108,3,649,0,5,57,10,72,230,313,165,13,721,0,0,0,721
01/31/2008,RDU,NC,ASO,EN,Combined TRACON& Tower with Radar,209,317,140,9,675,0,6,48,5,59,209,323,188,14,734,0,0,0,734
02/01/2008,RDU,NC,ASO,EN,Combined TRACON& Tower with Radar,217,289,76,8,590,0,1,13,3,17,217,290,89,11,607,0,0,0,607
02/02/2008,RDU,NC,ASO,EN,Combined TRACON& Tower with Radar,169,220,65,2,456,0,3,110,0,113,169,223,175,2,569,0,0,0,569
02/03/2008,RDU,NC,ASO,EN,Combined TRACON& Tower with Radar,185,225,67,1,478,0,3,72,1,76,185,228,139,2,554,0,0,0,554
02/04/2008,RDU,NC,ASO,EN,Combined TRACON& Tower with Radar,201,273,103,6,583,0,0,48,17,65,201,273,151,23,648,0,0,0,648
02/05/2008,RDU,NC,ASO,EN,Combined TRACON& Tower with Radar,222,309,94,3,628,0,2,26,20,48,222,311,120,23,676,0,0,0,676
02/06/2008,RDU,NC,ASO,EN,Combined TRACON& Tower with Radar,206,301,127,2,636,0,9,15,6,30,206,310,142,8,666,0,0,0,666
02/07/2008,RDU,NC,ASO,EN,Combined TRACON& Tower with Radar,230,326,120,8,684,0,5,77,37,119,230,331,197,45,803,0,20,20,823
02/08/2008,RDU,NC,ASO,EN,Combined TRACON& Tower with Radar,230,299,94,11,634,0,9,90,19,118,230,308,184,30,752,0,0,0,752
02/09/2008,RDU,NC,ASO,EN,Combined TRACON& Tower with Radar,167,209,60,6,442,0,6,92,8,106,167,215,152,14,548,0,0,0,548
02/10/2008,RDU,NC,ASO,EN,Combined TRACON& Tower with Radar,203,224,63,11,501,0,0,20,1,21,203,224,83,12,522,0,0,0,522
02/11/2008,RDU,NC,ASO,EN,Combined TRACON& Tower with Radar,211,269,88,4,572,0,6,68,11,85,211,275,156,15,657,0,0,0,657
02/12/2008,RDU,NC,ASO,EN,Combined TRACON& Tower with Radar,216,276,128,1,621,0,3,40,6,49,216,279,168,7,670,0,0,0,670
02/13/2008,RDU,NC,ASO,EN,Combined TRACON& Tower with Radar,224,309,119,4,656,0,0,1,0,1,224,309,120,4,657,0,0,0,657
02/14/2008,RDU,NC,ASO,EN,Combined TRACON& Tower with Radar,232,320,125,2,679,0,8,85,18,111,232,328,210,20,790,0,0,0,790
02/15/2008,RDU,NC,ASO,EN,Combined TRACON& Tower with Radar,238,293,117,4,652,0,4,99,20,123,238,297,216,24,775,0,0,0,775
02/16/2008,RDU,NC,ASO,EN,Combined TRACON& Tower with Radar,173,208,81,8,470,0,2,78,4,84,173,210,159,12,554,0,0,0,554
02/17/2008,RDU,NC,ASO,EN,Combined TRACON& Tower with Radar,182,208,45,0,435,0,0,28,1,29,182,208,73,1,464,0,0,0,464
02/18/2008,RDU,NC,ASO,EN,Combined TRACON& Tower with Radar,219,252,88,1,560,0,3,18,0,21,219,255,106,1,581,0,0,0,581
02/19/2008,RDU,NC,ASO,EN,Combined TRACON& Tower with Radar,237,301,123,3,664,0,6,54,10,70,237,307,177,13,734,0,0,0,734
02/20/2008,RDU,NC,ASO,EN,Combined TRACON& Tower with Radar,233,296,116,3,648,0,5,50,16,71,233,301,166,19,719,0,12,12,731
02/21/2008,RDU,NC,ASO,EN,Combined TRACON& Tower with Radar,239,291,123,1,654,0,7,69,11,87,239,298,192,12,741,0,0,0,741
02/22/2008,RDU,NC,ASO,EN,Combined TRACON& Tower with Radar,229,252,97,4,582,0,0,0,0,0,229,252,97,4,582,0,0,0,582
02/23/2008,RDU,NC,ASO,EN,Combined TRACON& Tower with Radar,180,225,84,2,491,0,0,16,2,18,180,225,100,4,509,0,0,0,509
02/24/2008,RDU,NC,ASO,EN,Combined TRACON& Tower with Radar,200,223,98,1,522,0,0,22,0,22,200,223,120,1,544,0,0,0,544
02/25/2008,RDU,NC,ASO,EN,Combined TRACON& Tower with Radar,215,286,122,8,631,0,1,67,15,83,215,287,189,23,714,0,0,0,714
02/26/2008,RDU,NC,ASO,EN,Combined TRACON& Tower with Radar,227,288,93,12,620,0,3,7,15,25,227,291,100,27,645,0,0,0,645
02/27/2008,RDU,NC,ASO,EN,Combined TRACON& Tower with Radar,241,302,109,4,656,0,9,45,20,74,241,311,154,24,730,0,0,0,730
02/28/2008,RDU,NC,ASO,EN,Combined TRACON& Tower with Radar,235,324,132,3,694,0,8,87,14,109,235,332,219,17,803,0,0,0,803
02/29/2008,RDU,NC,ASO,EN,Combined TRACON& Tower with Radar,231,293,111,6,641,0,10,75,24,109,231,303,186,30,750,0,0,0,750
03/01/2008,RDU,NC,ASO,EN,Combined TRACON& Tower with Radar,179,203,62,1,445,0,2,50,16,68,179,205,112,17,513,0,0,0,513
03/02/2008,RDU,NC,ASO,EN,Combined TRACON& Tower with Radar,203,219,73,3,498,0,1,72,6,79,203,220,145,9,577,0,0,0,577
03/03/2008,RDU,NC,ASO,EN,Combined TRACON& Tower with Radar,220,283,104,2,609,0,4,42,24,70,220,287,146,26,679,0,0,0,679
03/04/2008,RDU,NC,ASO,EN,Combined TRACON& Tower with Radar,231,282,58,0,571,0,4,15,14,33,231,286,73,14,604,0,0,0,604
03/05/2008,RDU,NC,ASO,EN,Combined TRACON& Tower with Radar,252,288,116,2,658,0,6,75,24,105,252,294,191,26,763,0,0,0,763
03/06/2008,RDU,NC,ASO,EN,Combined TRACON& Tower with Radar,231,304,132,4,671,0,3,108,22,133,231,307,240,26,804,0,0,0,804
03/07/2008,RDU,NC,ASO,EN,Combined TRACON& Tower with Radar,229,280,97,6,612,0,3,2,0,5,229,283,99,6,617,0,0,0,617
03/08/2008,RDU,NC,ASO,EN,Combined TRACON& Tower with Radar,184,211,72,2,469,0,0,7,0,7,184,211,79,2,476,0,0,0,476
03/09/2008,RDU,NC,ASO,EN,Combined TRACON& Tower with Radar,198,235,106,1,540,0,0,98,0,98,198,235,204,1,638,0,0,0,638
03/10/2008,RDU,NC,ASO,EN,Combined TRACON& Tower with Radar,221,287,82,2,592,0,4,84,22,110,221,291,166,24,702,0,0,0,702
03/11/2008,RDU,NC,ASO,EN,Combined TRACON& Tower with Radar,242,280,116,9,647,0,17,106,19,142,242,297,222,28,789,0,0,0,789
03/12/2008,RDU,NC,ASO,EN,Combined TRACON& Tower with Radar,231,289,91,5,616,0,10,81,28,119,231,299,172,33,735,0,0,0,735
03/13/2008,RDU,NC,ASO,EN,Combined TRACON& Tower with Radar,234,286,132,3,655,0,8,93,19,120,234,294,225,22,775,0,0,0,775
03/14/2008,RDU,NC,ASO,EN,Combined TRACON& Tower with Radar,237,302,96,0,635,0,7,46,21,74,237,309,142,21,709,0,0,0,709
03/15/2008,RDU,NC,ASO,EN,Combined TRACON& Tower with Radar,191,212,32,0,435,0,7,26,0,33,191,219,58,0,468,0,0,0,468
03/16/2008,RDU,NC,ASO,EN,Combined TRACON& Tower with Radar,215,214,68,2,499,0,2,40,0,42,215,216,108,2,541,0,0,0,541
03/17/2008,RDU,NC,ASO,EN,Combined TRACON& Tower with Radar,218,277,89,4,588,0,1,72,24,97,218,278,161,28,685,0,0,0,685
03/18/2008,RDU,NC,ASO,EN,Combined TRACON& Tower with Radar,231,282,121,3,637,0,6,52,28,86,231,288,173,31,723,0,0,0,723
03/19/2008,RDU,NC,ASO,EN,Combined TRACON& Tower with Radar,225,268,102,0,595,0,3,18,10,31,225,271,120,10,626,0,0,0,626
03/20/2008,RDU,NC,ASO,EN,Combined TRACON& Tower with Radar,244,312,109,9,674,0,5,62,25,92,244,317,171,34,766,0,0,0,766
03/21/2008,RDU,NC,ASO,EN,Combined TRACON& Tower with Radar,229,290,108,8,635,0,5,105,17,127,229,295,213,25,762,0,0,0,762
03/22/2008,RDU,NC,ASO,EN,Combined TRACON& Tower with Radar,175,208,39,5,427,0,5,55,1,61,175,213,94,6,488,0,0,0,488
03/23/2008,RDU,NC,ASO,EN,Combined TRACON& Tower with Radar,201,231,67,0,499,0,0,57,2,59,201,231,124,2,558,0,0,0,558
03/24/2008,RDU,NC,ASO,EN,Combined TRACON& Tower with Radar,222,282,98,3,605,0,0,26,9,35,222,282,124,12,640,0,0,0,640
03/25/2008,RDU,NC,ASO,EN,Combined TRACON& Tower with Radar,227,295,114,4,640,0,5,82,15,102,227,300,196,19,742,0,0,0,742
03/26/2008,RDU,NC,ASO,EN,Combined TRACON& Tower with Radar,228,306,130,3,667,0,12,91,23,126,228,318,221,26,793,0,0,0,793
03/27/2008,RDU,NC,ASO,EN,Combined TRACON& Tower with Radar,227,296,132,2,657,0,7,61,14,82,227,303,193,16,739,0,0,0,739
03/28/2008,RDU,NC,ASO,EN,Combined TRACON& Tower with Radar,239,292,123,9,663,0,2,79,14,95,239,294,202,23,758,0,0,0,758
03/29/2008,RDU,NC,ASO,EN,Combined TRACON& Tower with Radar,176,213,87,0,476,0,2,16,1,19,176,215,103,1,495,0,0,0,495
03/30/2008,RDU,NC,ASO,EN,Combined TRACON& Tower with Radar,203,216,75,2,496,0,0,8,2,10,203,216,83,4,506,0,0,0,506
03/31/2008,RDU,NC,ASO,EN,Combined TRACON& Tower with Radar,232,293,104,0,629,0,0,0,0,0,232,293,104,0,629,0,0,0,629
04/01/2008,RDU,NC,ASO,EN,Combined TRACON& Tower with Radar,240,269,89,4,602,0,1,14,21,36,240,270,103,25,638,0,0,0,638
04/02/2008,RDU,NC,ASO,EN,Combined TRACON& Tower with Radar,245,279,115,4,643,0,10,91,27,128,245,289,206,31,771,0,0,0,771
04/03/2008,RDU,NC,ASO,EN,Combined TRACON& Tower with Radar,239,280,100,1,620,0,9,20,7,36,239,289,120,8,656,0,0,0,656
04/04/2008,RDU,NC,ASO,EN,Combined TRACON& Tower with Radar,241,269,103,1,614,0,0,8,2,10,241,269,111,3,624,0,0,0,624
04/05/2008,RDU,NC,ASO,EN,Combined TRACON& Tower with Radar,202,189,37,0,428,0,0,1,0,1,202,189,38,0,429,0,0,0,429
04/06/2008,RDU,NC,ASO,EN,Combined TRACON& Tower with Radar,215,211,96,1,523,0,0,0,0,0,215,211,96,1,523,0,0,0,523
04/07/2008,RDU,NC,ASO,EN,Combined TRACON& Tower with Radar,228,275,127,1,631,0,0,6,13,19,228,275,133,14,650,0,4,4,654
04/08/2008,RDU,NC,ASO,EN,Combined TRACON& Tower with Radar,235,293,139,6,673,0,0,19,26,45,235,293,158,32,718,0,0,0,718
04/09/2008,RDU,NC,ASO,EN,Combined TRACON& Tower with Radar,216,299,157,10,682,0,0,54,31,85,216,299,211,41,767,0,0,0,767
04/10/2008,RDU,NC,ASO,EN,Combined TRACON& Tower with Radar,215,283,151,2,651,0,11,112,38,161,215,294,263,40,812,7,0,7,819
04/11/2008,RDU,NC,ASO,EN,Combined TRACON& Tower with Radar,230,274,116,6,626,0,9,73,20,102,230,283,189,26,728,0,0,0,728
04/12/2008,RDU,NC,ASO,EN,Combined TRACON& Tower with Radar,192,194,47,0,433,0,5,27,4,36,192,199,74,4,469,0,0,0,469
04/13/2008,RDU,NC,ASO,EN,Combined TRACON& Tower with Radar,213,220,96,6,535,0,5,79,3,87,213,225,175,9,622,0,0,0,622
04/14/2008,RDU,NC,ASO,EN,Combined TRACON& Tower with Radar,229,271,92,0,592,0,7,42,21,70,229,278,134,21,662,0,0,0,662
04/15/2008,RDU,NC,ASO,EN,Combined TRACON& Tower with Radar,237,283,92,9,621,0,9,63,9,81,237,292,155,18,702,3,0,3,705
04/16/2008,RDU,NC,ASO,EN,Combined TRACON& Tower with Radar,243,273,95,3,614,0,9,79,23,111,243,282,174,26,725,0,0,0,725
04/17/2008,RDU,NC,ASO,EN,Combined TRACON& Tower with Radar,244,281,114,3,642,0,5,105,18,128,244,286,219,21,770,0,0,0,770
04/18/2008,RDU,NC,ASO,EN,Combined TRACON& Tower with Radar,235,277,130,4,646,0,9,96,16,121,235,286,226,20,767,0,0,0,767
04/19/2008,RDU,NC,ASO,EN,Combined TRACON& Tower with Radar,186,192,76,0,454,0,4,55,19,78,186,196,131,19,532,0,0,0,532
04/20/2008,RDU,NC,ASO,EN,Combined TRACON& Tower with Radar,211,206,79,5,501,0,0,7,0,7,211,206,86,5,508,0,0,0,508
04/21/2008,RDU,NC,ASO,EN,Combined TRACON& Tower with Radar,236,277,126,5,644,0,2,21,4,27,236,279,147,9,671,0,0,0,671
04/22/2008,RDU,NC,ASO,EN,Combined TRACON& Tower with Radar,245,296,107,4,652,0,3,7,1,11,245,299,114,5,663,0,0,0,663
04/23/2008,RDU,NC,ASO,EN,Combined TRACON& Tower with Radar,240,288,112,2,642,0,3,28,2,33,240,291,140,4,675,0,0,0,675
04/24/2008,RDU,NC,ASO,EN,Combined TRACON& Tower with Radar,240,282,123,2,647,0,7,108,5,120,240,289,231,7,767,0,0,0,767
04/25/2008,RDU,NC,ASO,EN,Combined TRACON& Tower with Radar,235,269,83,10,597,0,7,88,6,101,235,276,171,16,698,0,0,0,698
04/26/2008,RDU,NC,ASO,EN,Combined TRACON& Tower with Radar,199,181,51,4,435,0,6,50,7,63,199,187,101,11,498,0,0,0,498
04/27/2008,RDU,NC,ASO,EN,Combined TRACON& Tower with Radar,215,211,81,6,513,0,2,19,1,22,215,213,100,7,535,0,0,0,535
04/28/2008,RDU,NC,ASO,EN,Combined TRACON& Tower with Radar,224,249,84,4,561,0,0,9,0,9,224,249,93,4,570,0,0,0,570
04/29/2008,RDU,NC,ASO,EN,Combined TRACON& Tower with Radar,252,286,135,2,675,0,13,70,9,92,252,299,205,11,767,5,0,5,772
04/30/2008,RDU,NC,ASO,EN,Combined TRACON& Tower with Radar,241,289,138,0,668,0,7,92,15,114,241,296,230,15,782,0,0,0,782
05/01/2008,RDU,NC,ASO,EN,Combined TRACON& Tower with Radar,247,291,140,3,681,0,9,90,19,118,247,300,230,22,799,0,0,0,799
05/02/2008,RDU,NC,ASO,EN,Combined TRACON& Tower with Radar,233,265,93,3,594,0,11,81,8,100,233,276,174,11,694,0,0,0,694
05/03/2008,RDU,NC,ASO,EN,Combined TRACON& Tower with Radar,199,185,53,10,447,0,7,41,1,49,199,192,94,11,496,0,0,0,496
05/04/2008,RDU,NC,ASO,EN,Combined TRACON& Tower with Radar,209,204,79,1,493,0,1,45,5,51,209,205,124,6,544,0,0,0,544
05/05/2008,RDU,NC,ASO,EN,Combined TRACON& Tower with Radar,235,268,102,6,611,0,6,64,10,80,235,274,166,16,691,0,0,0,691
05/06/2008,RDU,NC,ASO,EN,Combined TRACON& Tower with Radar,242,271,131,10,654,0,9,77,16,102,242,280,208,26,756,0,0,0,756
05/07/2008,RDU,NC,ASO,EN,Combined TRACON& Tower with Radar,240,284,114,5,643,0,14,87,13,114,240,298,201,18,757,0,0,0,757
05/08/2008,RDU,NC,ASO,EN,Combined TRACON& Tower with Radar,246,279,121,3,649,0,5,20,8,33,246,284,141,11,682,0,0,0,682
05/09/2008,RDU,NC,ASO,EN,Combined TRACON& Tower with Radar,243,286,143,1,673,0,0,32,5,37,243,286,175,6,710,0,0,0,710
05/10/2008,RDU,NC,ASO,EN,Combined TRACON& Tower with Radar,196,203,57,0,456,0,5,63,11,79,196,208,120,11,535,0,0,0,535
05/11/2008,RDU,NC,ASO,EN,Combined TRACON& Tower with Radar,214,216,77,1,508,0,0,3,0,3,214,216,80,1,511,0,0,0,511
05/12/2008,RDU,NC,ASO,EN,Combined TRACON& Tower with Radar,237,268,132,4,641,0,3,28,12,43,237,271,160,16,684,0,14,14,698
05/13/2008,RDU,NC,ASO,EN,Combined TRACON& Tower with Radar,245,287,115,8,655,0,11,85,20,116,245,298,200,28,771,0,0,0,771
05/14/2008,RDU,NC,ASO,EN,Combined TRACON& Tower with Radar,246,274,117,5,642,0,9,69,24,102,246,283,186,29,744,0,0,0,744
05/15/2008,RDU,NC,ASO,EN,Combined TRACON& Tower with Radar,247,284,129,7,667,0,8,38,13,59,247,292,167,20,726,0,0,0,726
05/16/2008,RDU,NC,ASO,EN,Combined TRACON& Tower with Radar,241,271,111,11,634,0,1,26,5,32,241,272,137,16,666,0,0,0,666
05/17/2008,RDU,NC,ASO,EN,Combined TRACON& Tower with Radar,198,188,41,6,433,0,5,65,5,75,198,193,106,11,508,0,0,0,508
05/18/2008,RDU,NC,ASO,EN,Combined TRACON& Tower with Radar,217,193,67,5,482,0,0,42,3,45,217,193,109,8,527,0,0,0,527
05/19/2008,RDU,NC,ASO,EN,Combined TRACON& Tower with Radar,237,291,81,6,615,0,7,82,21,110,237,298,163,27,725,0,4,4,729
05/20/2008,RDU,NC,ASO,EN,Combined TRACON& Tower with Radar,233,268,110,5,616,0,10,31,9,50,233,278,141,14,666,0,0,0,666
05/21/2008,RDU,NC,ASO,EN,Combined TRACON& Tower with Radar,248,287,129,3,667,0,11,82,23,116,248,298,211,26,783,0,0,0,783
05/22/2008,RDU,NC,ASO,EN,Combined TRACON& Tower with Radar,246,277,130,5,658,0,7,107,53,167,246,284,237,58,825,0,0,0,825
05/23/2008,RDU,NC,ASO,EN,Combined TRACON& Tower with Radar,248,269,100,5,622,0,8,68,13,89,248,277,168,18,711,0,0,0,711
05/24/2008,RDU,NC,ASO,EN,Combined TRACON& Tower with Radar,194,179,58,0,431,0,3,50,2,55,194,182,108,2,486,0,0,0,486
05/25/2008,RDU,NC,ASO,EN,Combined TRACON& Tower with Radar,188,163,49,2,402,0,0,84,3,87,188,163,133,5,489,0,0,0,489
05/26/2008,RDU,NC,ASO,EN,Combined TRACON& Tower with Radar,223,212,73,2,510,0,0,65,7,72,223,212,138,9,582,0,0,0,582
05/27/2008,RDU,NC,ASO,EN,Combined TRACON& Tower with Radar,221,246,90,8,565,0,1,49,22,72,221,247,139,30,637,0,0,0,637
05/28/2008,RDU,NC,ASO,EN,Combined TRACON& Tower with Radar,253,272,123,0,648,0,1,4,7,12,253,273,127,7,660,0,0,0,660
05/29/2008,RDU,NC,ASO,EN,Combined TRACON& Tower with Radar,250,281,103,4,638,0,5,80,29,114,250,286,183,33,752,0,0,0,752
05/30/2008,RDU,NC,ASO,EN,Combined TRACON& Tower with Radar,242,269,104,7,622,0,8,87,22,117,242,277,191,29,739,0,0,0,739
05/31/2008,RDU,NC,ASO,EN,Combined TRACON& Tower with Radar,192,175,40,2,409,0,4,26,1,31,192,179,66,3,440,0,0,0,440
06/01/2008,RDU,NC,ASO,EN,Combined TRACON& Tower with Radar,215,193,55,1,464,0,0,40,4,44,215,193,95,5,508,0,0,0,508
06/02/2008,RDU,NC,ASO,EN,Combined TRACON& Tower with Radar,241,265,99,5,610,0,2,71,15,88,241,267,170,20,698,0,0,0,698
06/03/2008,RDU,NC,ASO,EN,Combined TRACON& Tower with Radar,245,268,111,3,627,0,9,65,31,105,245,277,176,34,732,0,0,0,732
06/04/2008,RDU,NC,ASO,EN,Combined TRACON& Tower with Radar,237,262,146,6,651,0,5,44,26,75,237,267,190,32,726,0,6,6,732
06/05/2008,RDU,NC,ASO,EN,Combined TRACON& Tower with Radar,249,295,134,3,681,0,6,64,23,93,249,301,198,26,774,0,0,0,774
06/06/2008,RDU,NC,ASO,EN,Combined TRACON& Tower with Radar,245,279,111,4,639,0,4,78,18,100,245,283,189,22,739,0,0,0,739
06/07/2008,RDU,NC,ASO,EN,Combined TRACON& Tower with Radar,196,201,44,3,444,0,3,68,5,76,196,204,112,8,520,0,0,0,520
06/08/2008,RDU,NC,ASO,EN,Combined TRACON& Tower with Radar,210,211,67,1,489,0,2,67,23,92,210,213,134,24,581,0,0,0,581
06/09/2008,RDU,NC,ASO,EN,Combined TRACON& Tower with Radar,238,270,100,2,610,0,5,53,34,92,238,275,153,36,702,0,0,0,702
06/10/2008,RDU,NC,ASO,EN,Combined TRACON& Tower with Radar,230,274,102,0,606,0,5,54,29,88,230,279,156,29,694,0,0,0,694
06/11/2008,RDU,NC,ASO,EN,Combined TRACON& Tower with Radar,259,275,133,8,675,0,3,46,28,77,259,278,179,36,752,0,0,0,752
06/12/2008,RDU,NC,ASO,EN,Combined TRACON& Tower with Radar,251,306,141,5,703,0,4,16,8,28,251,310,157,13,731,0,0,0,731
06/13/2008,RDU,NC,ASO,EN,Combined TRACON& Tower with Radar,240,264,90,8,602,0,5,49,33,87,240,269,139,41,689,0,0,0,689
06/14/2008,RDU,NC,ASO,EN,Combined TRACON& Tower with Radar,198,183,52,1,434,0,2,55,6,63,198,185,107,7,497,0,0,0,497
06/15/2008,RDU,NC,ASO,EN,Combined TRACON& Tower with Radar,215,199,68,2,484,0,0,22,3,25,215,199,90,5,509,0,0,0,509
06/16/2008,RDU,NC,ASO,EN,Combined TRACON& Tower with Radar,225,248,98,5,576,0,0,51,19,70,225,248,149,24,646,0,0,0,646
06/17/2008,RDU,NC,ASO,EN,Combined TRACON& Tower with Radar,251,281,96,14,642,0,7,62,31,100,251,288,158,45,742,0,0,0,742
06/18/2008,RDU,NC,ASO,EN,Combined TRACON& Tower with Radar,239,255,100,4,598,0,6,64,48,118,239,261,164,52,716,0,0,0,716
06/19/2008,RDU,NC,ASO,EN,Combined TRACON& Tower with Radar,241,277,97,6,621,0,8,91,25,124,241,285,188,31,745,0,0,0,745
06/20/2008,RDU,NC,ASO,EN,Combined TRACON& Tower with Radar,242,279,139,5,665,0,0,17,28,45,242,279,156,33,710,0,0,0,710
06/21/2008,RDU,NC,ASO,EN,Combined TRACON& Tower with Radar,195,198,51,4,448,0,0,36,6,42,195,198,87,10,490,0,20,20,510
06/22/2008,RDU,NC,ASO,EN,Combined TRACON& Tower with Radar,192,187,63,0,442,0,1,14,1,16,192,188,77,1,458,0,0,0,458
06/23/2008,RDU,NC,ASO,EN,Combined TRACON& Tower with Radar,231,263,89,4,587,0,4,47,15,66,231,267,136,19,653,0,0,0,653
06/24/2008,RDU,NC,ASO,EN,Combined TRACON& Tower with Radar,246,276,93,3,618,0,7,91,42,140,246,283,184,45,758,0,0,0,758
06/25/2008,RDU,NC,ASO,EN,Combined TRACON& Tower with Radar,242,279,127,5,653,0,7,73,26,106,242,286,200,31,759,0,0,0,759
06/26/2008,RDU,NC,ASO,EN,Combined TRACON& Tower with Radar,240,270,125,3,638,0,10,70,13,93,240,280,195,16,731,0,0,0,731
06/27/2008,RDU,NC,ASO,EN,Combined TRACON& Tower with Radar,268,268,95,4,635,0,9,53,11,73,268,277,148,15,708,0,0,0,708
06/28/2008,RDU,NC,ASO,EN,Combined TRACON& Tower with Radar,198,190,67,15,470,0,4,59,6,69,198,194,126,21,539,0,0,0,539
06/29/2008,RDU,NC,ASO,EN,Combined TRACON& Tower with Radar,188,186,61,5,440,0,4,35,3,42,188,190,96,8,482,0,0,0,482
06/30/2008,RDU,NC,ASO,EN,Combined TRACON& Tower with Radar,245,273,86,5,609,0,6,43,16,65,245,279,129,21,674,0,0,0,674
07/01/2008,RDU,NC,ASO,EN,Combined TRACON& Tower with Radar,239,267,81,4,591,0,4,65,27,96,239,271,146,31,687,4,8,12,699
07/02/2008,RDU,NC,ASO,EN,Combined TRACON& Tower with Radar,237,262,88,6,593,0,5,68,33,106,237,267,156,39,699,0,0,0,699
07/03/2008,RDU,NC,ASO,EN,Combined TRACON& Tower with Radar,242,251,78,6,577,0,4,73,27,104,242,255,151,33,681,0,0,0,681
07/04/2008,RDU,NC,ASO,EN,Combined TRACON& Tower with Radar,181,175,36,0,392,0,6,37,6,49,181,181,73,6,441,0,0,0,441
07/05/2008,RDU,NC,ASO,EN,Combined TRACON& Tower with Radar,185,180,38,0,403,0,0,15,0,15,185,180,53,0,418,0,0,0,418
07/06/2008,RDU,NC,ASO,EN,Combined TRACON& Tower with Radar,190,204,79,0,473,0,0,16,0,16,190,204,95,0,489,0,0,0,489
07/07/2008,RDU,NC,ASO,EN,Combined TRACON& Tower with Radar,233,278,106,1,618,0,1,17,14,32,233,279,123,15,650,0,0,0,650
07/08/2008,RDU,NC,ASO,EN,Combined TRACON& Tower with Radar,242,266,89,8,605,0,4,20,15,39,242,270,109,23,644,0,0,0,644
07/09/2008,RDU,NC,ASO,EN,Combined TRACON& Tower with Radar,245,261,98,5,609,0,7,43,16,66,245,268,141,21,675,0,0,0,675
07/10/2008,RDU,NC,ASO,EN,Combined TRACON& Tower with Radar,238,286,131,6,661,0,4,56,18,78,238,290,187,24,739,0,0,0,739
07/11/2008,RDU,NC,ASO,EN,Combined TRACON& Tower with Radar,254,264,93,5,616,0,1,21,19,41,254,265,114,24,657,0,0,0,657
07/12/2008,RDU,NC,ASO,EN,Combined TRACON& Tower with Radar,199,188,41,2,430,0,4,66,13,83,199,192,107,15,513,0,0,0,513
07/13/2008,RDU,NC,ASO,EN,Combined TRACON& Tower with Radar,189,204,79,8,480,0,0,41,9,50,189,204,120,17,530,0,0,0,530
07/14/2008,RDU,NC,ASO,EN,Combined TRACON& Tower with Radar,232,277,94,9,612,0,1,31,8,40,232,278,125,17,652,0,0,0,652
07/15/2008,RDU,NC,ASO,EN,Combined TRACON& Tower with Radar,243,272,98,2,615,0,6,70,22,98,243,278,168,24,713,0,0,0,713
07/16/2008,RDU,NC,ASO,EN,Combined TRACON& Tower with Radar,237,281,113,5,636,0,8,71,25,104,237,289,184,30,740,0,0,0,740
07/17/2008,RDU,NC,ASO,EN,Combined TRACON& Tower with Radar,239,256,118,4,617,0,6,82,31,119,239,262,200,35,736,0,0,0,736
07/18/2008,RDU,NC,ASO,EN,Combined TRACON& Tower with Radar,241,278,92,11,622,0,7,65,23,95,241,285,157,34,717,0,0,0,717
07/19/2008,RDU,NC,ASO,EN,Combined TRACON& Tower with Radar,200,197,52,0,449,0,4,27,1,32,200,201,79,1,481,0,0,0,481
07/20/2008,RDU,NC,ASO,EN,Combined TRACON& Tower with Radar,201,200,58,1,460,0,0,46,0,46,201,200,104,1,506,0,0,0,506
07/21/2008,RDU,NC,ASO,EN,Combined TRACON& Tower with Radar,228,278,81,7,594,0,2,44,35,81,228,280,125,42,675,0,0,0,675
07/22/2008,RDU,NC,ASO,EN,Combined TRACON& Tower with Radar,237,273,94,5,609,0,8,51,27,86,237,281,145,32,695,0,10,10,705
07/23/2008,RDU,NC,ASO,EN,Combined TRACON& Tower with Radar,217,249,95,4,565,0,1,27,7,35,217,250,122,11,600,0,0,0,600
07/24/2008,RDU,NC,ASO,EN,Combined TRACON& Tower with Radar,249,255,110,8,622,0,4,71,45,120,249,259,181,53,742,0,0,0,742
07/25/2008,RDU,NC,ASO,EN,Combined TRACON& Tower with Radar,237,282,96,2,617,0,2,69,10,81,237,284,165,12,698,8,0,8,706
07/26/2008,RDU,NC,ASO,EN,Combined TRACON& Tower with Radar,204,186,57,1,448,0,2,41,1,44,204,188,98,2,492,0,0,0,492
07/27/2008,RDU,NC,ASO,EN,Combined TRACON& Tower with Radar,190,179,68,0,437,0,3,36,0,39,190,182,104,0,476,0,0,0,476
07/28/2008,RDU,NC,ASO,EN,Combined TRACON& Tower with Radar,241,256,86,3,586,0,4,73,15,92,241,260,159,18,678,0,0,0,678
07/29/2008,RDU,NC,ASO,EN,Combined TRACON& Tower with Radar,238,281,97,7,623,0,2,62,23,87,238,283,159,30,710,0,0,0,710
07/30/2008,RDU,NC,ASO,EN,Combined TRACON& Tower with Radar,241,273,110,1,625,1,9,65,19,94,242,282,175,20,719,0,0,0,719
07/31/2008,RDU,NC,ASO,EN,Combined TRACON& Tower with Radar,250,279,93,2,624,0,2,47,23,72,250,281,140,25,696,0,0,0,696
08/01/2008,RDU,NC,ASO,EN,Combined TRACON& Tower with Radar,251,253,96,11,611,0,4,60,16,80,251,257,156,27,691,0,0,0,691
08/02/2008,RDU,NC,ASO,EN,Combined TRACON& Tower with Radar,194,175,33,1,403,0,2,35,13,50,194,177,68,14,453,0,0,0,453
08/03/2008,RDU,NC,ASO,EN,Combined TRACON& Tower with Radar,206,204,71,4,485,0,1,47,9,57,206,205,118,13,542,0,0,0,542
08/04/2008,RDU,NC,ASO,EN,Combined TRACON& Tower with Radar,220,256,82,3,561,0,1,45,10,56,220,257,127,13,617,0,0,0,617
08/05/2008,RDU,NC,ASO,EN,Combined TRACON& Tower with Radar,243,259,95,7,604,0,5,64,20,89,243,264,159,27,693,0,0,0,693
08/06/2008,RDU,NC,ASO,EN,Combined TRACON& Tower with Radar,248,250,115,2,615,0,3,59,27,89,248,253,174,29,704,0,0,0,704
08/07/2008,RDU,NC,ASO,EN,Combined TRACON& Tower with Radar,227,262,112,1,602,0,3,58,18,79,227,265,170,19,681,0,0,0,681
08/08/2008,RDU,NC,ASO,EN,Combined TRACON& Tower with Radar,252,248,106,12,618,0,4,83,28,115,252,252,189,40,733,0,0,0,733
08/09/2008,RDU,NC,ASO,EN,Combined TRACON& Tower with Radar,203,201,33,2,439,0,2,68,4,74,203,203,101,6,513,0,0,0,513
08/10/2008,RDU,NC,ASO,EN,Combined TRACON& Tower with Radar,187,164,56,6,413,0,0,28,2,30,187,164,84,8,443,0,0,0,443
08/11/2008,RDU,NC,ASO,EN,Combined TRACON& Tower with Radar,230,242,79,7,558,0,1,58,21,80,230,243,137,28,638,0,0,0,638
08/12/2008,RDU,NC,ASO,EN,Combined TRACON& Tower with Radar,244,246,111,0,601,0,2,92,22,116,244,248,203,22,717,0,0,0,717
08/13/2008,RDU,NC,ASO,EN,Combined TRACON& Tower with Radar,245,277,109,3,634,0,1,17,5,23,245,278,126,8,657,0,0,0,657
08/14/2008,RDU,NC,ASO,EN,Combined TRACON& Tower with Radar,230,229,117,6,582,0,2,49,39,90,230,231,166,45,672,0,0,0,672
08/15/2008,RDU,NC,ASO,EN,Combined TRACON& Tower with Radar,236,231,89,6,562,0,2,49,9,60,236,233,138,15,622,0,0,0,622
08/16/2008,RDU,NC,ASO,EN,Combined TRACON& Tower with Radar,208,189,55,6,458,0,3,47,2,52,208,192,102,8,510,0,0,0,510
08/17/2008,RDU,NC,ASO,EN,Combined TRACON& Tower with Radar,206,212,98,8,524,0,2,31,1,34,206,214,129,9,558,0,0,0,558
08/18/2008,RDU,NC,ASO,EN,Combined TRACON& Tower with Radar,229,259,115,5,608,0,3,52,36,91,229,262,167,41,699,0,2,2,701
08/19/2008,RDU,NC,ASO,EN,Combined TRACON& Tower with Radar,233,257,99,15,604,0,4,74,29,107,233,261,173,44,711,0,0,0,711
08/20/2008,RDU,NC,ASO,EN,Combined TRACON& Tower with Radar,239,260,106,7,612,0,8,64,23,95,239,268,170,30,707,0,0,0,707
08/21/2008,RDU,NC,ASO,EN,Combined TRACON& Tower with Radar,240,265,145,2,652,0,1,40,30,71,240,266,185,32,723,0,0,0,723
08/22/2008,RDU,NC,ASO,EN,Combined TRACON& Tower with Radar,241,262,88,4,595,0,6,58,17,81,241,268,146,21,676,0,0,0,676
08/23/2008,RDU,NC,ASO,EN,Combined TRACON& Tower with Radar,188,177,56,7,428,0,2,38,0,40,188,179,94,7,468,0,0,0,468
08/24/2008,RDU,NC,ASO,EN,Combined TRACON& Tower with Radar,199,196,49,6,450,0,0,71,0,71,199,196,120,6,521,0,0,0,521
08/25/2008,RDU,NC,ASO,EN,Combined TRACON& Tower with Radar,224,237,75,6,542,0,0,29,9,38,224,237,104,15,580,0,0,0,580
08/26/2008,RDU,NC,ASO,EN,Combined TRACON& Tower with Radar,233,245,98,1,577,0,2,6,1,9,233,247,104,2,586,0,0,0,586
08/27/2008,RDU,NC,ASO,EN,Combined TRACON& Tower with Radar,238,264,115,4,621,0,0,5,0,5,238,264,120,4,626,0,0,0,626
08/28/2008,RDU,NC,ASO,EN,Combined TRACON& Tower with Radar,243,263,115,1,622,0,2,24,19,45,243,265,139,20,667,0,0,0,667
08/29/2008,RDU,NC,ASO,EN,Combined TRACON& Tower with Radar,247,251,120,2,620,0,4,32,1,37,247,255,152,3,657,0,0,0,657
08/30/2008,RDU,NC,ASO,EN,Combined TRACON& Tower with Radar,179,173,50,1,403,0,2,25,0,27,179,175,75,1,430,0,0,0,430
08/31/2008,RDU,NC,ASO,EN,Combined TRACON& Tower with Radar,164,145,46,0,355,0,2,40,0,42,164,147,86,0,397,0,0,0,397
09/01/2008,RDU,NC,ASO,EN,Combined TRACON& Tower with Radar,201,168,49,0,418,0,4,60,3,67,201,172,109,3,485,0,0,0,485
09/02/2008,RDU,NC,ASO,EN,Combined TRACON& Tower with Radar,221,242,88,4,555,0,8,62,17,87,221,250,150,21,642,0,0,0,642
09/03/2008,RDU,NC,ASO,EN,Combined TRACON& Tower with Radar,230,233,96,7,566,0,4,64,38,106,230,237,160,45,672,0,0,0,672
09/04/2008,RDU,NC,ASO,EN,Combined TRACON& Tower with Radar,230,249,119,0,598,0,11,50,15,76,230,260,169,15,674,0,0,0,674
09/05/2008,RDU,NC,ASO,EN,Combined TRACON& Tower with Radar,229,224,55,3,511,0,3,14,5,22,229,227,69,8,533,0,0,0,533
09/06/2008,RDU,NC,ASO,EN,Combined TRACON& Tower with Radar,170,107,19,1,297,0,0,15,0,15,170,107,34,1,312,0,0,0,312
09/07/2008,RDU,NC,ASO,EN,Combined TRACON& Tower with Radar,188,188,35,1,412,0,0,42,4,46,188,188,77,5,458,0,0,0,458
09/08/2008,RDU,NC,ASO,EN,Combined TRACON& Tower with Radar,216,233,76,8,533,0,1,56,9,66,216,234,132,17,599,0,0,0,599
09/09/2008,RDU,NC,ASO,EN,Combined TRACON& Tower with Radar,218,215,111,2,546,0,2,9,2,13,218,217,120,4,559,0,0,0,559
09/10/2008,RDU,NC,ASO,EN,Combined TRACON& Tower with Radar,227,220,94,2,543,0,1,2,0,3,227,221,96,2,546,0,0,0,546
09/11/2008,RDU,NC,ASO,EN,Combined TRACON& Tower with Radar,226,241,136,2,605,0,0,8,1,9,226,241,144,3,614,0,0,0,614
09/12/2008,RDU,NC,ASO,EN,Combined TRACON& Tower with Radar,233,230,107,0,570,0,3,27,10,40,233,233,134,10,610,0,0,0,610
09/13/2008,RDU,NC,ASO,EN,Combined TRACON& Tower with Radar,187,133,56,8,384,0,2,56,11,69,187,135,112,19,453,0,0,0,453
09/14/2008,RDU,NC,ASO,EN,Combined TRACON& Tower with Radar,182,167,81,12,442,0,0,54,2,56,182,167,135,14,498,0,0,0,498
09/15/2008,RDU,NC,ASO,EN,Combined TRACON& Tower with Radar,218,228,81,5,532,0,7,47,3,57,218,235,128,8,589,0,0,0,589
09/16/2008,RDU,NC,ASO,EN,Combined TRACON& Tower with Radar,228,216,107,10,561,0,2,3,2,7,228,218,110,12,568,0,0,0,568
09/17/2008,RDU,NC,ASO,EN,Combined TRACON& Tower with Radar,226,252,101,4,583,0,7,37,19,63,226,259,138,23,646,0,0,0,646
09/18/2008,RDU,NC,ASO,EN,Combined TRACON& Tower with Radar,229,233,119,6,587,0,6,68,21,95,229,239,187,27,682,0,0,0,682
09/19/2008,RDU,NC,ASO,EN,Combined TRACON& Tower with Radar,232,241,127,2,602,0,4,45,14,63,232,245,172,16,665,0,0,0,665
09/20/2008,RDU,NC,ASO,EN,Combined TRACON& Tower with Radar,186,143,67,0,396,0,2,38,0,40,186,145,105,0,436,0,0,0,436
09/21/2008,RDU,NC,ASO,EN,Combined TRACON& Tower with Radar,187,191,67,2,447,0,0,35,2,37,187,191,102,4,484,0,0,0,484
09/22/2008,RDU,NC,ASO,EN,Combined TRACON& Tower with Radar,214,228,82,6,530,0,0,65,17,82,214,228,147,23,612,0,0,0,612
09/23/2008,RDU,NC,ASO,EN,Combined TRACON& Tower with Radar,230,224,113,3,570,0,2,34,12,48,230,226,147,15,618,0,0,0,618
09/24/2008,RDU,NC,ASO,EN,Combined TRACON& Tower with Radar,227,256,111,8,602,0,6,52,16,74,227,262,163,24,676,0,0,0,676
09/25/2008,RDU,NC,ASO,EN,Combined TRACON& Tower with Radar,232,240,68,0,540,0,2,4,3,9,232,242,72,3,549,0,0,0,549
09/26/2008,RDU,NC,ASO,EN,Combined TRACON& Tower with Radar,231,244,73,5,553,0,0,10,0,10,231,244,83,5,563,0,0,0,563
09/27/2008,RDU,NC,ASO,EN,Combined TRACON& Tower with Radar,197,147,61,2,407,0,1,20,6,27,197,148,81,8,434,0,0,0,434
09/28/2008,RDU,NC,ASO,EN,Combined TRACON& Tower with Radar,184,201,68,1,454,0,0,20,2,22,184,201,88,3,476,0,0,0,476
09/29/2008,RDU,NC,ASO,EN,Combined TRACON& Tower with Radar,219,241,74,1,535,0,0,74,19,93,219,241,148,20,628,0,0,0,628
09/30/2008,RDU,NC,ASO,EN,Combined TRACON& Tower with Radar,229,222,114,6,571,0,1,28,13,42,229,223,142,19,613,0,0,0,613
10/01/2008,RDU,NC,ASO,EN,Combined TRACON& Tower with Radar,226,223,112,3,564,0,3,33,23,59,226,226,145,26,623,0,14,14,637
10/02/2008,RDU,NC,ASO,EN,Combined TRACON& Tower with Radar,226,243,108,7,584,0,4,85,12,101,226,247,193,19,685,0,0,0,685
10/03/2008,RDU,NC,ASO,EN,Combined TRACON& Tower with Radar,242,233,115,1,591,0,6,84,22,112,242,239,199,23,703,0,0,0,703
10/04/2008,RDU,NC,ASO,EN,Combined TRACON& Tower with Radar,189,144,51,0,384,0,4,79,8,91,189,148,130,8,475,0,0,0,475
10/05/2008,RDU,NC,ASO,EN,Combined TRACON& Tower with Radar,199,194,84,4,481,0,2,62,4,68,199,196,146,8,549,0,0,0,549
10/06/2008,RDU,NC,ASO,EN,Combined TRACON& Tower with Radar,216,223,57,5,501,0,0,54,13,67,216,223,111,18,568,0,0,0,568
10/07/2008,RDU,NC,ASO,EN,Combined TRACON& Tower with Radar,229,208,82,6,525,0,2,59,26,87,229,210,141,32,612,0,0,0,612
10/08/2008,RDU,NC,ASO,EN,Combined TRACON& Tower with Radar,223,223,118,6,570,0,5,48,18,71,223,228,166,24,641,0,0,0,641
10/09/2008,RDU,NC,ASO,EN,Combined TRACON& Tower with Radar,231,231,122,2,586,0,2,26,16,44,231,233,148,18,630,0,0,0,630
10/10/2008,RDU,NC,ASO,EN,Combined TRACON& Tower with Radar,233,231,106,12,582,0,3,26,17,46,233,234,132,29,628,0,0,0,628
10/11/2008,RDU,NC,ASO,EN,Combined TRACON& Tower with Radar,188,148,74,6,416,0,0,39,9,48,188,148,113,15,464,0,0,0,464
10/12/2008,RDU,NC,ASO,EN,Combined TRACON& Tower with Radar,188,178,87,5,458,0,2,55,3,60,188,180,142,8,518,0,0,0,518
10/13/2008,RDU,NC,ASO,EN,Combined TRACON& Tower with Radar,223,220,90,1,534,0,0,57,6,63,223,220,147,7,597,0,0,0,597
10/14/2008,RDU,NC,ASO,EN,Combined TRACON& Tower with Radar,228,221,114,3,566,0,2,71,30,103,228,223,185,33,669,0,0,0,669
10/15/2008,RDU,NC,ASO,EN,Combined TRACON& Tower with Radar,232,220,89,2,543,0,1,79,22,102,232,221,168,24,645,0,0,0,645
10/16/2008,RDU,NC,ASO,EN,Combined TRACON& Tower with Radar,230,226,103,4,563,0,4,80,20,104,230,230,183,24,667,0,0,0,667
10/17/2008,RDU,NC,ASO,EN,Combined TRACON& Tower with Radar,237,232,109,3,581,0,2,11,6,19,237,234,120,9,600,0,0,0,600
10/18/2008,RDU,NC,ASO,EN,Combined TRACON& Tower with Radar,188,141,61,3,393,0,0,21,5,26,188,141,82,8,419,0,0,0,419
10/19/2008,RDU,NC,ASO,EN,Combined TRACON& Tower with Radar,190,190,65,6,451,0,1,56,3,60,190,191,121,9,511,0,0,0,511
10/20/2008,RDU,NC,ASO,EN,Combined TRACON& Tower with Radar,218,225,81,2,526,0,2,65,23,90,218,227,146,25,616,0,0,0,616
10/21/2008,RDU,NC,ASO,EN,Combined TRACON& Tower with Radar,227,213,93,9,542,0,6,63,35,104,227,219,156,44,646,0,0,0,646
10/22/2008,RDU,NC,ASO,EN,Combined TRACON& Tower with Radar,226,230,105,8,569,0,5,70,16,91,226,235,175,24,660,0,0,0,660
10/23/2008,RDU,NC,ASO,EN,Combined TRACON& Tower with Radar,232,235,103,7,577,0,3,53,15,71,232,238,156,22,648,0,0,0,648
10/24/2008,RDU,NC,ASO,EN,Combined TRACON& Tower with Radar,239,236,115,6,596,0,6,15,2,23,239,242,130,8,619,0,0,0,619
10/25/2008,RDU,NC,ASO,EN,Combined TRACON& Tower with Radar,189,147,56,3,395,0,0,3,0,3,189,147,59,3,398,0,0,0,398
10/26/2008,RDU,NC,ASO,EN,Combined TRACON& Tower with Radar,196,180,91,2,469,0,3,65,0,68,196,183,156,2,537,0,0,0,537
10/27/2008,RDU,NC,ASO,EN,Combined TRACON& Tower with Radar,215,232,103,2,552,0,2,37,24,63,215,234,140,26,615,0,0,0,615
10/28/2008,RDU,NC,ASO,EN,Combined TRACON& Tower with Radar,225,209,92,4,530,0,3,38,35,76,225,212,130,39,606,0,16,16,622
10/29/2008,RDU,NC,ASO,EN,Combined TRACON& Tower with Radar,227,227,94,8,556,0,3,67,12,82,227,230,161,20,638,0,0,0,638
10/30/2008,RDU,NC,ASO,EN,Combined TRACON& Tower with Radar,222,219,103,11,555,0,7,72,35,114,222,226,175,46,669,0,0,0,669
10/31/2008,RDU,NC,ASO,EN,Combined TRACON& Tower with Radar,242,220,57,2,521,0,4,71,14,89,242,224,128,16,610,0,0,0,610
11/01/2008,RDU,NC,ASO,EN,Combined TRACON& Tower with Radar,186,146,47,2,381,0,5,87,4,96,186,151,134,6,477,0,0,0,477
11/02/2008,RDU,NC,ASO,EN,Combined TRACON& Tower with Radar,196,168,57,0,421,0,0,65,21,86,196,168,122,21,507,0,0,0,507
11/03/2008,RDU,NC,ASO,EN,Combined TRACON& Tower with Radar,222,214,71,6,513,0,0,3,2,5,222,214,74,8,518,0,0,0,518
11/04/2008,RDU,NC,ASO,EN,Combined TRACON& Tower with Radar,237,223,72,0,532,0,0,3,0,3,237,223,75,0,535,0,0,0,535
11/05/2008,RDU,NC,ASO,EN,Combined TRACON& Tower with Radar,234,209,107,2,552,0,0,15,14,29,234,209,122,16,581,0,0,0,581
11/06/2008,RDU,NC,ASO,EN,Combined TRACON& Tower with Radar,225,216,117,3,561,0,2,63,24,89,225,218,180,27,650,0,0,0,650
11/07/2008,RDU,NC,ASO,EN,Combined TRACON& Tower with Radar,239,234,143,3,619,0,4,92,20,116,239,238,235,23,735,0,0,0,735
11/08/2008,RDU,NC,ASO,EN,Combined TRACON& Tower with Radar,193,134,83,0,410,0,2,36,6,44,193,136,119,6,454,0,0,0,454
11/09/2008,RDU,NC,ASO,EN,Combined TRACON& Tower with Radar,194,196,67,2,459,0,0,62,5,67,194,196,129,7,526,0,0,0,526
11/10/2008,RDU,NC,ASO,EN,Combined TRACON& Tower with Radar,227,214,74,0,515,0,3,48,10,61,227,217,122,10,576,0,0,0,576
11/11/2008,RDU,NC,ASO,EN,Combined TRACON& Tower with Radar,235,197,78,0,510,0,4,71,0,75,235,201,149,0,585,0,0,0,585
11/12/2008,RDU,NC,ASO,EN,Combined TRACON& Tower with Radar,232,222,106,10,570,0,4,72,15,91,232,226,178,25,661,0,0,0,661
11/13/2008,RDU,NC,ASO,EN,Combined TRACON& Tower with Radar,242,230,109,4,585,0,1,6,0,7,242,231,115,4,592,0,0,0,592
11/14/2008,RDU,NC,ASO,EN,Combined TRACON& Tower with Radar,236,206,80,3,525,0,0,0,0,0,236,206,80,3,525,0,0,0,525
11/15/2008,RDU,NC,ASO,EN,Combined TRACON& Tower with Radar,202,148,45,4,399,0,0,16,6,22,202,148,61,10,421,0,0,0,421
11/16/2008,RDU,NC,ASO,EN,Combined TRACON& Tower with Radar,201,176,66,1,444,0,0,39,10,49,201,176,105,11,493,0,0,0,493
11/17/2008,RDU,NC,ASO,EN,Combined TRACON& Tower with Radar,224,215,101,3,543,0,4,59,21,84,224,219,160,24,627,0,0,0,627
11/18/2008,RDU,NC,ASO,EN,Combined TRACON& Tower with Radar,244,208,79,5,536,0,2,45,11,58,244,210,124,16,594,0,0,0,594
11/19/2008,RDU,NC,ASO,EN,Combined TRACON& Tower with Radar,240,232,89,6,567,0,8,61,20,89,240,240,150,26,656,0,0,0,656
11/20/2008,RDU,NC,ASO,EN,Combined TRACON& Tower with Radar,237,220,91,9,557,0,9,80,14,103,237,229,171,23,660,0,0,0,660
11/21/2008,RDU,NC,ASO,EN,Combined TRACON& Tower with Radar,247,224,89,14,574,0,9,30,3,42,247,233,119,17,616,0,0,0,616
11/22/2008,RDU,NC,ASO,EN,Combined TRACON& Tower with Radar,196,137,51,4,388,0,2,44,4,50,196,139,95,8,438,0,0,0,438
11/23/2008,RDU,NC,ASO,EN,Combined TRACON& Tower with Radar,197,179,56,13,445,0,2,78,0,80,197,181,134,13,525,0,0,0,525
11/24/2008,RDU,NC,ASO,EN,Combined TRACON& Tower with Radar,222,210,69,2,503,0,8,28,4,40,222,218,97,6,543,0,0,0,543
11/25/2008,RDU,NC,ASO,EN,Combined TRACON& Tower with Radar,248,233,100,1,582,0,5,44,11,60,248,238,144,12,642,0,0,0,642
11/26/2008,RDU,NC,ASO,EN,Combined TRACON& Tower with Radar,235,234,86,0,555,0,4,71,2,77,235,238,157,2,632,0,0,0,632
11/27/2008,RDU,NC,ASO,EN,Combined TRACON& Tower with Radar,160,131,20,0,311,0,4,41,0,45,160,135,61,0,356,10,0,10,366
11/28/2008,RDU,NC,ASO,EN,Combined TRACON& Tower with Radar,173,140,47,0,360,0,2,57,0,59,173,142,104,0,419,0,0,0,419
11/29/2008,RDU,NC,ASO,EN,Combined TRACON& Tower with Radar,198,153,65,0,416,0,2,37,0,39,198,155,102,0,455,0,0,0,455
11/30/2008,RDU,NC,ASO,EN,Combined TRACON& Tower with Radar,213,186,80,0,479,0,0,0,0,0,213,186,80,0,479,0,0,0,479
12/01/2008,RDU,NC,ASO,EN,Combined TRACON& Tower with Radar,233,216,93,7,549,0,0,23,5,28,233,216,116,12,577,0,0,0,577
12/02/2008,RDU,NC,ASO,EN,Combined TRACON& Tower with Radar,246,224,87,2,559,0,4,62,29,95,246,228,149,31,654,0,0,0,654
12/03/2008,RDU,NC,ASO,EN,Combined TRACON& Tower with Radar,232,221,106,2,561,0,3,68,28,99,232,224,174,30,660,0,0,0,660
12/04/2008,RDU,NC,ASO,EN,Combined TRACON& Tower with Radar,238,233,134,8,613,0,2,54,27,83,238,235,188,35,696,0,0,0,696
12/05/2008,RDU,NC,ASO,EN,Combined TRACON& Tower with Radar,245,221,90,10,566,0,8,32,10,50,245,229,122,20,616,0,0,0,616
12/06/2008,RDU,NC,ASO,EN,Combined TRACON& Tower with Radar,190,146,49,3,388,0,4,37,1,42,190,150,86,4,430,0,0,0,430
12/07/2008,RDU,NC,ASO,EN,Combined TRACON& Tower with Radar,196,176,65,8,445,0,0,27,3,30,196,176,92,11,475,0,0,0,475
12/08/2008,RDU,NC,ASO,EN,Combined TRACON& Tower with Radar,227,217,91,1,536,0,0,37,29,66,227,217,128,30,602,0,0,0,602
12/09/2008,RDU,NC,ASO,EN,Combined TRACON& Tower with Radar,235,206,109,5,555,0,2,22,21,45,235,208,131,26,600,0,0,0,600
12/10/2008,RDU,NC,ASO,EN,Combined TRACON& Tower with Radar,226,207,107,0,540,0,0,2,0,2,226,207,109,0,542,0,0,0,542
12/11/2008,RDU,NC,ASO,EN,Combined TRACON& Tower with Radar,230,219,64,0,513,0,0,0,0,0,230,219,64,0,513,0,0,0,513
12/12/2008,RDU,NC,ASO,EN,Combined TRACON& Tower with Radar,244,216,86,13,559,0,2,45,3,50,244,218,131,16,609,0,0,0,609
12/13/2008,RDU,NC,ASO,EN,Combined TRACON& Tower with Radar,187,140,54,4,385,0,2,83,5,90,187,142,137,9,475,0,0,0,475
12/14/2008,RDU,NC,ASO,EN,Combined TRACON& Tower with Radar,193,165,66,4,428,0,2,35,1,38,193,167,101,5,466,0,0,0,466
12/15/2008,RDU,NC,ASO,EN,Combined TRACON& Tower with Radar,235,209,87,5,536,0,4,36,28,68,235,213,123,33,604,0,0,0,604
12/16/2008,RDU,NC,ASO,EN,Combined TRACON& Tower with Radar,234,213,87,4,538,0,0,1,0,1,234,213,88,4,539,0,0,0,539
12/17/2008,RDU,NC,ASO,EN,Combined TRACON& Tower with Radar,243,230,85,2,560,0,0,0,0,0,243,230,85,2,560,0,0,0,560
12/18/2008,RDU,NC,ASO,EN,Combined TRACON& Tower with Radar,239,242,101,0,582,0,0,0,0,0,239,242,101,0,582,0,0,0,582
12/19/2008,RDU,NC,ASO,EN,Combined TRACON& Tower with Radar,216,189,69,3,477,0,3,16,9,28,216,192,85,12,505,0,0,0,505
12/20/2008,RDU,NC,ASO,EN,Combined TRACON& Tower with Radar,184,153,82,2,421,0,2,17,2,21,184,155,99,4,442,0,0,0,442
12/21/2008,RDU,NC,ASO,EN,Combined TRACON& Tower with Radar,195,145,35,0,375,0,0,15,1,16,195,145,50,1,391,0,0,0,391
12/22/2008,RDU,NC,ASO,EN,Combined TRACON& Tower with Radar,211,212,56,4,483,0,2,74,10,86,211,214,130,14,569,0,0,0,569
12/23/2008,RDU,NC,ASO,EN,Combined TRACON& Tower with Radar,235,223,63,2,523,0,7,62,4,73,235,230,125,6,596,0,0,0,596
12/24/2008,RDU,NC,ASO,EN,Combined TRACON& Tower with Radar,193,178,30,0,401,0,0,21,0,21,193,178,51,0,422,0,0,0,422
12/25/2008,RDU,NC,ASO,EN,Combined TRACON& Tower with Radar,172,130,15,0,317,0,0,15,0,15,172,130,30,0,332,0,0,0,332
12/26/2008,RDU,NC,ASO,EN,Combined TRACON& Tower with Radar,207,206,66,0,479,0,0,14,0,14,207,206,80,0,493,0,0,0,493
12/27/2008,RDU,NC,ASO,EN,Combined TRACON& Tower with Radar,184,179,54,0,417,0,0,0,0,0,184,179,54,0,417,0,0,0,417
12/28/2008,RDU,NC,ASO,EN,Combined TRACON& Tower with Radar,202,177,54,0,433,0,0,3,0,3,202,177,57,0,436,0,0,0,436
12/29/2008,RDU,NC,ASO,EN,Combined TRACON& Tower with Radar,228,214,51,0,493,0,1,58,4,63,228,215,109,4,556,0,0,0,556
12/30/2008,RDU,NC,ASO,EN,Combined TRACON& Tower with Radar,232,214,46,0,492,0,3,75,7,85,232,217,121,7,577,0,0,0,577
12/31/2008,RDU,NC,ASO,EN,Combined TRACON& Tower with Radar,201,163,30,0,394,0,4,27,0,31,201,167,57,0,425,0,0,0,425
01/01/2009,RDU,NC,ASO,EN,Combined TRACON& Tower with Radar,189,144,17,0,350,0,0,58,0,58,189,144,75,0,408,0,0,0,408
01/02/2009,RDU,NC,ASO,EN,Combined TRACON& Tower with Radar,213,200,23,0,436,0,0,7,3,10,213,200,30,3,446,0,0,0,446
01/03/2009,RDU,NC,ASO,EN,Combined TRACON& Tower with Radar,204,163,59,0,426,0,0,58,3,61,204,163,117,3,487,0,0,0,487
01/04/2009,RDU,NC,ASO,EN,Combined TRACON& Tower with Radar,190,184,76,0,450,0,0,3,0,3,190,184,79,0,453,0,0,0,453
01/05/2009,RDU,NC,ASO,EN,Combined TRACON& Tower with Radar,219,198,66,5,488,0,0,3,8,11,219,198,69,13,499,0,0,0,499
01/06/2009,RDU,NC,ASO,EN,Combined TRACON& Tower with Radar,235,204,49,0,488,0,0,0,0,0,235,204,49,0,488,0,0,0,488
01/07/2009,RDU,NC,ASO,EN,Combined TRACON& Tower with Radar,217,212,53,5,487,0,0,7,2,9,217,212,60,7,496,0,0,0,496
01/08/2009,RDU,NC,ASO,EN,Combined TRACON& Tower with Radar,227,226,78,5,536,0,1,35,30,66,227,227,113,35,602,0,0,0,602
01/09/2009,RDU,NC,ASO,EN,Combined TRACON& Tower with Radar,230,209,67,5,511,0,4,97,35,136,230,213,164,40,647,0,0,0,647
01/10/2009,RDU,NC,ASO,EN,Combined TRACON& Tower with Radar,168,126,36,5,335,0,3,53,30,86,168,129,89,35,421,0,0,0,421
01/11/2009,RDU,NC,ASO,EN,Combined TRACON& Tower with Radar,190,146,59,5,400,0,0,32,11,43,190,146,91,16,443,0,0,0,443
01/12/2009,RDU,NC,ASO,EN,Combined TRACON& Tower with Radar,206,209,72,1,488,0,1,48,30,79,206,210,120,31,567,4,0,4,571
01/13/2009,RDU,NC,ASO,EN,Combined TRACON& Tower with Radar,222,202,66,2,492,0,3,45,23,71,222,205,111,25,563,0,0,0,563
01/14/2009,RDU,NC,ASO,EN,Combined TRACON& Tower with Radar,218,211,74,8,511,0,5,59,21,85,218,216,133,29,596,0,0,0,596
01/15/2009,RDU,NC,ASO,EN,Combined TRACON& Tower with Radar,213,196,79,6,494,0,5,58,10,73,213,201,137,16,567,0,0,0,567
01/16/2009,RDU,NC,ASO,EN,Combined TRACON& Tower with Radar,214,212,54,6,486,0,4,59,4,67,214,216,113,10,553,0,0,0,553
01/17/2009,RDU,NC,ASO,EN,Combined TRACON& Tower with Radar,170,162,53,1,386,0,1,59,4,64,170,163,112,5,450,0,0,0,450
01/18/2009,RDU,NC,ASO,EN,Combined TRACON& Tower with Radar,178,145,28,0,351,0,0,5,0,5,178,145,33,0,356,0,0,0,356
01/19/2009,RDU,NC,ASO,EN,Combined TRACON& Tower with Radar,203,184,67,2,456,0,0,17,1,18,203,184,84,3,474,0,0,0,474
01/20/2009,RDU,NC,ASO,EN,Combined TRACON& Tower with Radar,203,141,43,6,393,0,0,9,0,9,203,141,52,6,402,0,0,0,402
01/21/2009,RDU,NC,ASO,EN,Combined TRACON& Tower with Radar,214,213,101,0,528,0,3,41,6,50,214,216,142,6,578,0,0,0,578
01/22/2009,RDU,NC,ASO,EN,Combined TRACON& Tower with Radar,218,224,90,10,542,0,2,64,15,81,218,226,154,25,623,0,0,0,623
01/23/2009,RDU,NC,ASO,EN,Combined TRACON& Tower with Radar,216,227,86,7,536,0,4,95,19,118,216,231,181,26,654,0,0,0,654
01/24/2009,RDU,NC,ASO,EN,Combined TRACON& Tower with Radar,172,133,48,2,355,0,0,28,2,30,172,133,76,4,385,0,0,0,385
01/25/2009,RDU,NC,ASO,EN,Combined TRACON& Tower with Radar,181,164,47,3,395,0,0,49,0,49,181,164,96,3,444,4,0,4,448
01/26/2009,RDU,NC,ASO,EN,Combined TRACON& Tower with Radar,213,211,71,9,504,0,0,34,17,51,213,211,105,26,555,0,0,0,555
01/27/2009,RDU,NC,ASO,EN,Combined TRACON& Tower with Radar,208,216,97,0,521,0,0,9,10,19,208,216,106,10,540,0,0,0,540
01/28/2009,RDU,NC,ASO,EN,Combined TRACON& Tower with Radar,197,158,71,2,428,0,0,1,1,2,197,158,72,3,430,0,0,0,430
01/29/2009,RDU,NC,ASO,EN,Combined TRACON& Tower with Radar,221,224,80,10,535,0,0,60,18,78,221,224,140,28,613,0,0,0,613
01/30/2009,RDU,NC,ASO,EN,Combined TRACON& Tower with Radar,219,224,84,5,532,0,0,56,25,81,219,224,140,30,613,0,0,0,613
01/31/2009,RDU,NC,ASO,EN,Combined TRACON& Tower with Radar,175,132,37,4,348,0,3,75,11,89,175,135,112,15,437,0,0,0,437
02/01/2009,RDU,NC,ASO,EN,Combined TRACON& Tower with Radar,187,176,58,6,427,0,0,46,1,47,187,176,104,7,474,0,0,0,474
02/02/2009,RDU,NC,ASO,EN,Combined TRACON& Tower with Radar,201,208,89,11,509,0,7,46,29,82,201,215,135,40,591,0,0,0,591
02/03/2009,RDU,NC,ASO,EN,Combined TRACON& Tower with Radar,205,190,43,12,450,0,0,34,26,60,205,190,77,38,510,0,0,0,510
02/04/2009,RDU,NC,ASO,EN,Combined TRACON& Tower with Radar,220,229,59,8,516,0,0,31,25,56,220,229,90,33,572,10,2,12,584
02/05/2009,RDU,NC,ASO,EN,Combined TRACON& Tower with Radar,219,210,64,4,497,0,7,64,24,95,219,217,128,28,592,0,0,0,592
02/06/2009,RDU,NC,ASO,EN,Combined TRACON& Tower with Radar,224,216,75,9,524,0,0,78,26,104,224,216,153,35,628,0,0,0,628
02/07/2009,RDU,NC,ASO,EN,Combined TRACON& Tower with Radar,172,141,67,7,387,0,0,94,14,108,172,141,161,21,495,0,0,0,495
02/08/2009,RDU,NC,ASO,EN,Combined TRACON& Tower with Radar,182,167,46,0,395,0,0,57,4,61,182,167,103,4,456,0,0,0,456
02/09/2009,RDU,NC,ASO,EN,Combined TRACON& Tower with Radar,208,217,66,6,497,0,1,51,5,57,208,218,117,11,554,0,0,0,554
02/10/2009,RDU,NC,ASO,EN,Combined TRACON& Tower with Radar,219,217,87,4,527,0,1,40,30,71,219,218,127,34,598,0,0,0,598
02/11/2009,RDU,NC,ASO,EN,Combined TRACON& Tower with Radar,212,234,110,7,563,0,1,25,9,35,212,235,135,16,598,0,0,0,598
02/12/2009,RDU,NC,ASO,EN,Combined TRACON& Tower with Radar,223,237,101,1,562,0,0,54,17,71,223,237,155,18,633,0,0,0,633
02/13/2009,RDU,NC,ASO,EN,Combined TRACON& Tower with Radar,226,210,86,2,524,0,2,76,21,99,226,212,162,23,623,0,0,0,623
02/14/2009,RDU,NC,ASO,EN,Combined TRACON& Tower with Radar,183,142,43,0,368,0,2,48,0,50,183,144,91,0,418,0,0,0,418
02/15/2009,RDU,NC,ASO,EN,Combined TRACON& Tower with Radar,191,167,47,0,405,0,2,66,1,69,191,169,113,1,474,0,0,0,474
02/16/2009,RDU,NC,ASO,EN,Combined TRACON& Tower with Radar,211,208,61,1,481,0,0,52,0,52,211,208,113,1,533,0,0,0,533
02/17/2009,RDU,NC,ASO,EN,Combined TRACON& Tower with Radar,220,214,85,9,528,0,1,70,21,92,220,215,155,30,620,0,0,0,620
02/18/2009,RDU,NC,ASO,EN,Combined TRACON& Tower with Radar,218,211,77,0,506,0,2,5,3,10,218,213,82,3,516,0,0,0,516
02/19/2009,RDU,NC,ASO,EN,Combined TRACON& Tower with Radar,222,223,92,5,542,0,3,35,26,64,222,226,127,31,606,0,0,0,606
02/20/2009,RDU,NC,ASO,EN,Combined TRACON& Tower with Radar,220,218,67,7,512,0,4,85,19,108,220,222,152,26,620,0,0,0,620
02/21/2009,RDU,NC,ASO,EN,Combined TRACON& Tower with Radar,180,136,46,7,369,0,1,83,0,84,180,137,129,7,453,0,0,0,453
02/22/2009,RDU,NC,ASO,EN,Combined TRACON& Tower with Radar,192,179,46,4,421,0,1,24,2,27,192,180,70,6,448,0,0,0,448
02/23/2009,RDU,NC,ASO,EN,Combined TRACON& Tower with Radar,207,209,93,11,520,0,4,40,26,70,207,213,133,37,590,0,0,0,590
02/24/2009,RDU,NC,ASO,EN,Combined TRACON& Tower with Radar,221,208,94,6,529,0,0,88,26,114,221,208,182,32,643,0,8,8,651
02/25/2009,RDU,NC,ASO,EN,Combined TRACON& Tower with Radar,217,212,81,5,515,0,8,64,22,94,217,220,145,27,609,0,0,0,609
02/26/2009,RDU,NC,ASO,EN,Combined TRACON& Tower with Radar,218,212,102,10,542,0,5,67,26,98,218,217,169,36,640,0,0,0,640
02/27/2009,RDU,NC,ASO,EN,Combined TRACON& Tower with Radar,220,219,75,4,518,0,1,15,13,29,220,220,90,17,547,0,0,0,547
02/28/2009,RDU,NC,ASO,EN,Combined TRACON& Tower with Radar,192,135,42,2,371,0,0,0,0,0,192,135,42,2,371,0,0,0,371
03/01/2009,RDU,NC,ASO,EN,Combined TRACON& Tower with Radar,158,150,12,1,321,0,0,0,0,0,158,150,12,1,321,0,0,0,321
03/02/2009,RDU,NC,ASO,EN,Combined TRACON& Tower with Radar,177,139,42,2,360,0,1,28,2,31,177,140,70,4,391,0,0,0,391
03/03/2009,RDU,NC,ASO,EN,Combined TRACON& Tower with Radar,222,217,87,3,529,0,4,51,11,66,222,221,138,14,595,0,0,0,595
03/04/2009,RDU,NC,ASO,EN,Combined TRACON& Tower with Radar,220,224,96,8,548,0,0,66,12,78,220,224,162,20,626,0,0,0,626
03/05/2009,RDU,NC,ASO,EN,Combined TRACON& Tower with Radar,222,224,90,4,540,0,1,63,8,72,222,225,153,12,612,0,0,0,612
03/06/2009,RDU,NC,ASO,EN,Combined TRACON& Tower with Radar,224,219,89,17,549,0,1,71,7,79,224,220,160,24,628,0,0,0,628
03/07/2009,RDU,NC,ASO,EN,Combined TRACON& Tower with Radar,186,138,51,8,383,0,1,89,8,98,186,139,140,16,481,0,0,0,481
03/08/2009,RDU,NC,ASO,EN,Combined TRACON& Tower with Radar,193,184,63,3,443,1,4,49,5,59,194,188,112,8,502,0,0,0,502
03/09/2009,RDU,NC,ASO,EN,Combined TRACON& Tower with Radar,220,210,71,9,510,0,3,65,8,76,220,213,136,17,586,0,0,0,586
03/10/2009,RDU,NC,ASO,EN,Combined TRACON& Tower with Radar,227,212,85,3,527,0,3,50,5,58,227,215,135,8,585,0,0,0,585
03/11/2009,RDU,NC,ASO,EN,Combined TRACON& Tower with Radar,223,188,105,3,519,0,3,57,6,66,223,191,162,9,585,0,0,0,585
03/12/2009,RDU,NC,ASO,EN,Combined TRACON& Tower with Radar,231,224,102,5,562,0,0,58,11,69,231,224,160,16,631,0,0,0,631
03/13/2009,RDU,NC,ASO,EN,Combined TRACON& Tower with Radar,225,211,70,4,510,0,0,7,0,7,225,211,77,4,517,0,0,0,517
03/14/2009,RDU,NC,ASO,EN,Combined TRACON& Tower with Radar,190,142,32,2,366,0,0,0,0,0,190,142,32,2,366,0,0,0,366
03/15/2009,RDU,NC,ASO,EN,Combined TRACON& Tower with Radar,202,182,66,0,450,0,0,0,0,0,202,182,66,0,450,0,0,0,450
03/16/2009,RDU,NC,ASO,EN,Combined TRACON& Tower with Radar,218,205,54,7,484,0,0,0,0,0,218,205,54,7,484,0,0,0,484
03/17/2009,RDU,NC,ASO,EN,Combined TRACON& Tower with Radar,233,214,108,7,562,0,4,21,6,31,233,218,129,13,593,0,0,0,593
03/18/2009,RDU,NC,ASO,EN,Combined TRACON& Tower with Radar,217,209,82,8,516,0,3,84,26,113,217,212,166,34,629,0,0,0,629
03/19/2009,RDU,NC,ASO,EN,Combined TRACON& Tower with Radar,231,213,93,4,541,0,1,51,20,72,231,214,144,24,613,0,0,0,613
03/20/2009,RDU,NC,ASO,EN,Combined TRACON& Tower with Radar,229,209,63,8,509,0,5,78,7,90,229,214,141,15,599,0,0,0,599
03/21/2009,RDU,NC,ASO,EN,Combined TRACON& Tower with Radar,182,133,38,2,355,0,2,73,2,77,182,135,111,4,432,0,0,0,432
03/22/2009,RDU,NC,ASO,EN,Combined TRACON& Tower with Radar,200,165,56,7,428,0,0,79,3,82,200,165,135,10,510,0,0,0,510
03/23/2009,RDU,NC,ASO,EN,Combined TRACON& Tower with Radar,220,207,54,5,486,0,7,80,9,96,220,214,134,14,582,0,0,0,582
03/24/2009,RDU,NC,ASO,EN,Combined TRACON& Tower with Radar,229,218,99,4,550,0,2,89,22,113,229,220,188,26,663,0,0,0,663
03/25/2009,RDU,NC,ASO,EN,Combined TRACON& Tower with Radar,234,213,70,4,521,0,0,26,3,29,234,213,96,7,550,0,0,0,550
03/26/2009,RDU,NC,ASO,EN,Combined TRACON& Tower with Radar,230,233,84,0,547,0,0,4,0,4,230,233,88,0,551,0,0,0,551
03/27/2009,RDU,NC,ASO,EN,Combined TRACON& Tower with Radar,238,224,83,5,550,0,1,2,2,5,238,225,85,7,555,0,0,0,555
03/28/2009,RDU,NC,ASO,EN,Combined TRACON& Tower with Radar,187,126,46,1,360,0,0,1,1,2,187,126,47,2,362,0,0,0,362
03/29/2009,RDU,NC,ASO,EN,Combined TRACON& Tower with Radar,195,141,41,1,378,0,0,23,1,24,195,141,64,2,402,0,0,0,402
03/30/2009,RDU,NC,ASO,EN,Combined TRACON& Tower with Radar,227,214,76,8,525,0,0,78,13,91,227,214,154,21,616,0,0,0,616
03/31/2009,RDU,NC,ASO,EN,Combined TRACON& Tower with Radar,231,214,80,9,534,0,0,72,9,81,231,214,152,18,615,0,0,0,615
04/01/2009,RDU,NC,ASO,EN,Combined TRACON& Tower with Radar,224,216,83,2,525,0,0,17,5,22,224,216,100,7,547,0,0,0,547
04/02/2009,RDU,NC,ASO,EN,Combined TRACON& Tower with Radar,218,226,105,10,559,0,0,2,0,2,218,226,107,10,561,0,0,0,561
04/03/2009,RDU,NC,ASO,EN,Combined TRACON& Tower with Radar,230,202,89,3,524,0,10,23,2,35,230,212,112,5,559,0,0,0,559
04/04/2009,RDU,NC,ASO,EN,Combined TRACON& Tower with Radar,192,151,58,0,401,0,0,79,3,82,192,151,137,3,483,0,0,0,483
04/05/2009,RDU,NC,ASO,EN,Combined TRACON& Tower with Radar,191,171,64,2,428,0,1,61,2,64,191,172,125,4,492,0,0,0,492
04/06/2009,RDU,NC,ASO,EN,Combined TRACON& Tower with Radar,216,188,72,0,476,0,0,10,2,12,216,188,82,2,488,0,0,0,488
04/07/2009,RDU,NC,ASO,EN,Combined TRACON& Tower with Radar,226,217,107,8,558,0,2,50,4,56,226,219,157,12,614,0,0,0,614
04/08/2009,RDU,NC,ASO,EN,Combined TRACON& Tower with Radar,224,211,86,6,527,0,0,76,10,86,224,211,162,16,613,0,0,0,613
04/09/2009,RDU,NC,ASO,EN,Combined TRACON& Tower with Radar,225,231,103,5,564,0,2,94,18,114,225,233,197,23,678,0,0,0,678
04/10/2009,RDU,NC,ASO,EN,Combined TRACON& Tower with Radar,219,224,66,2,511,0,2,25,1,28,219,226,91,3,539,0,0,0,539
04/11/2009,RDU,NC,ASO,EN,Combined TRACON& Tower with Radar,193,133,46,0,372,0,2,30,0,32,193,135,76,0,404,0,0,0,404
04/12/2009,RDU,NC,ASO,EN,Combined TRACON& Tower with Radar,187,174,63,0,424,0,0,73,2,75,187,174,136,2,499,0,0,0,499
04/13/2009,RDU,NC,ASO,EN,Combined TRACON& Tower with Radar,205,212,78,5,500,0,2,34,6,42,205,214,112,11,542,0,0,0,542
04/14/2009,RDU,NC,ASO,EN,Combined TRACON& Tower with Radar,227,229,67,3,526,0,0,0,1,1,227,229,67,4,527,0,0,0,527
04/15/2009,RDU,NC,ASO,EN,Combined TRACON& Tower with Radar,222,222,85,5,534,0,0,44,5,49,222,222,129,10,583,0,0,0,583
04/16/2009,RDU,NC,ASO,EN,Combined TRACON& Tower with Radar,224,232,102,2,560,0,0,74,5,79,224,232,176,7,639,0,0,0,639
04/17/2009,RDU,NC,ASO,EN,Combined TRACON& Tower with Radar,218,222,105,7,552,0,0,100,8,108,218,222,205,15,660,0,0,0,660
04/18/2009,RDU,NC,ASO,EN,Combined TRACON& Tower with Radar,186,139,67,3,395,0,6,106,3,115,186,145,173,6,510,0,0,0,510
04/19/2009,RDU,NC,ASO,EN,Combined TRACON& Tower with Radar,189,180,75,6,450,0,1,46,4,51,189,181,121,10,501,0,0,0,501
04/20/2009,RDU,NC,ASO,EN,Combined TRACON& Tower with Radar,212,208,70,7,497,0,0,11,0,11,212,208,81,7,508,0,0,0,508
04/21/2009,RDU,NC,ASO,EN,Combined TRACON& Tower with Radar,229,217,93,11,550,0,2,63,12,77,229,219,156,23,627,0,0,0,627
04/22/2009,RDU,NC,ASO,EN,Combined TRACON& Tower with Radar,232,211,79,11,533,0,2,31,12,45,232,213,110,23,578,0,0,0,578
04/23/2009,RDU,NC,ASO,EN,Combined TRACON& Tower with Radar,221,216,96,5,538,0,5,67,20,92,221,221,163,25,630,0,0,0,630
04/24/2009,RDU,NC,ASO,EN,Combined TRACON& Tower with Radar,227,223,75,8,533,0,2,51,9,62,227,225,126,17,595,0,0,0,595
04/25/2009,RDU,NC,ASO,EN,Combined TRACON& Tower with Radar,185,135,47,0,367,0,0,64,5,69,185,135,111,5,436,0,0,0,436
04/26/2009,RDU,NC,ASO,EN,Combined TRACON& Tower with Radar,180,170,53,8,411,0,0,77,5,82,180,170,130,13,493,0,0,0,493
04/27/2009,RDU,NC,ASO,EN,Combined TRACON& Tower with Radar,215,218,73,4,510,0,0,59,4,63,215,218,132,8,573,0,0,0,573
04/28/2009,RDU,NC,ASO,EN,Combined TRACON& Tower with Radar,223,220,95,4,542,0,1,94,13,108,223,221,189,17,650,0,0,0,650
04/29/2009,RDU,NC,ASO,EN,Combined TRACON& Tower with Radar,225,218,78,4,525,0,0,66,7,73,225,218,144,11,598,0,0,0,598
04/30/2009,RDU,NC,ASO,EN,Combined TRACON& Tower with Radar,220,235,102,5,562,0,0,29,1,30,220,235,131,6,592,0,0,0,592
05/01/2009,RDU,NC,ASO,EN,Combined TRACON& Tower with Radar,221,219,108,6,554,0,1,35,2,38,221,220,143,8,592,0,0,0,592
05/02/2009,RDU,NC,ASO,EN,Combined TRACON& Tower with Radar,186,131,35,2,354,0,0,18,6,24,186,131,53,8,378,0,0,0,378
05/03/2009,RDU,NC,ASO,EN,Combined TRACON& Tower with Radar,190,167,67,4,428,0,0,15,0,15,190,167,82,4,443,0,0,0,443
05/04/2009,RDU,NC,ASO,EN,Combined TRACON& Tower with Radar,211,210,59,4,484,0,0,29,3,32,211,210,88,7,516,0,0,0,516
05/05/2009,RDU,NC,ASO,EN,Combined TRACON& Tower with Radar,230,216,87,8,541,0,0,0,0,0,230,216,87,8,541,0,0,0,541
05/06/2009,RDU,NC,ASO,EN,Combined TRACON& Tower with Radar,223,238,85,6,552,0,2,21,4,27,223,240,106,10,579,0,0,0,579
05/07/2009,RDU,NC,ASO,EN,Combined TRACON& Tower with Radar,230,225,111,8,574,0,0,11,7,18,230,225,122,15,592,0,0,0,592
05/08/2009,RDU,NC,ASO,EN,Combined TRACON& Tower with Radar,234,263,93,10,600,0,0,43,6,49,234,263,136,16,649,0,0,0,649
05/09/2009,RDU,NC,ASO,EN,Combined TRACON& Tower with Radar,192,149,79,3,423,0,0,37,6,43,192,149,116,9,466,0,0,0,466
05/10/2009,RDU,NC,ASO,EN,Combined TRACON& Tower with Radar,202,208,75,2,487,0,0,51,0,51,202,208,126,2,538,0,0,0,538
05/11/2009,RDU,NC,ASO,EN,Combined TRACON& Tower with Radar,223,228,86,3,540,0,0,20,7,27,223,228,106,10,567,0,0,0,567
05/12/2009,RDU,NC,ASO,EN,Combined TRACON& Tower with Radar,231,225,121,10,587,0,5,70,15,90,231,230,191,25,677,0,0,0,677
05/13/2009,RDU,NC,ASO,EN,Combined TRACON& Tower with Radar,227,232,96,3,558,0,2,82,17,101,227,234,178,20,659,0,0,0,659
05/14/2009,RDU,NC,ASO,EN,Combined TRACON& Tower with Radar,227,225,99,13,564,0,4,17,12,33,227,229,116,25,597,0,0,0,597
05/15/2009,RDU,NC,ASO,EN,Combined TRACON& Tower with Radar,230,229,79,5,543,0,0,23,6,29,230,229,102,11,572,0,0,0,572
05/16/2009,RDU,NC,ASO,EN,Combined TRACON& Tower with Radar,192,133,50,1,376,0,2,12,4,18,192,135,62,5,394,0,0,0,394
05/17/2009,RDU,NC,ASO,EN,Combined TRACON& Tower with Radar,205,184,63,2,454,0,0,3,0,3,205,184,66,2,457,0,0,0,457
05/18/2009,RDU,NC,ASO,EN,Combined TRACON& Tower with Radar,218,220,87,0,525,0,0,36,13,49,218,220,123,13,574,0,0,0,574
05/19/2009,RDU,NC,ASO,EN,Combined TRACON& Tower with Radar,232,235,77,6,550,0,2,51,13,66,232,237,128,19,616,0,0,0,616
05/20/2009,RDU,NC,ASO,EN,Combined TRACON& Tower with Radar,228,225,96,1,550,0,4,99,9,112,228,229,195,10,662,0,0,0,662
05/21/2009,RDU,NC,ASO,EN,Combined TRACON& Tower with Radar,238,233,85,6,562,0,3,60,7,70,238,236,145,13,632,0,0,0,632
05/22/2009,RDU,NC,ASO,EN,Combined TRACON& Tower with Radar,237,236,95,7,575,0,0,86,2,88,237,236,181,9,663,0,0,0,663
05/23/2009,RDU,NC,ASO,EN,Combined TRACON& Tower with Radar,177,139,52,0,368,0,0,61,4,65,177,139,113,4,433,0,0,0,433
05/24/2009,RDU,NC,ASO,EN,Combined TRACON& Tower with Radar,166,140,41,2,349,0,1,12,0,13,166,141,53,2,362,0,0,0,362
05/25/2009,RDU,NC,ASO,EN,Combined TRACON& Tower with Radar,212,171,54,1,438,0,0,16,0,16,212,171,70,1,454,0,0,0,454
05/26/2009,RDU,NC,ASO,EN,Combined TRACON& Tower with Radar,227,226,83,5,541,0,0,2,4,6,227,226,85,9,547,0,0,0,547
05/27/2009,RDU,NC,ASO,EN,Combined TRACON& Tower with Radar,232,227,85,2,546,0,0,27,5,32,232,227,112,7,578,0,0,0,578
05/28/2009,RDU,NC,ASO,EN,Combined TRACON& Tower with Radar,229,214,72,4,519,0,1,25,8,34,229,215,97,12,553,0,0,0,553
05/29/2009,RDU,NC,ASO,EN,Combined TRACON& Tower with Radar,238,215,89,3,545,0,0,37,6,43,238,215,126,9,588,0,0,0,588
05/30/2009,RDU,NC,ASO,EN,Combined TRACON& Tower with Radar,182,130,48,0,360,0,2,85,3,90,182,132,133,3,450,0,0,0,450
05/31/2009,RDU,NC,ASO,EN,Combined TRACON& Tower with Radar,201,180,48,5,434,0,1,57,4,62,201,181,105,9,496,0,0,0,496
06/01/2009,RDU,NC,ASO,EN,Combined TRACON& Tower with Radar,226,214,83,2,525,0,2,58,7,67,226,216,141,9,592,0,0,0,592
06/02/2009,RDU,NC,ASO,EN,Combined TRACON& Tower with Radar,237,207,97,7,548,0,2,50,3,55,237,209,147,10,603,0,0,0,603
06/03/2009,RDU,NC,ASO,EN,Combined TRACON& Tower with Radar,252,199,96,2,549,0,4,65,2,71,252,203,161,4,620,0,0,0,620
06/04/2009,RDU,NC,ASO,EN,Combined TRACON& Tower with Radar,240,210,75,0,525,0,0,35,0,35,240,210,110,0,560,0,0,0,560
06/05/2009,RDU,NC,ASO,EN,Combined TRACON& Tower with Radar,236,207,95,2,540,0,0,3,1,4,236,207,98,3,544,0,0,0,544
06/06/2009,RDU,NC,ASO,EN,Combined TRACON& Tower with Radar,192,133,72,1,398,0,0,44,1,45,192,133,116,2,443,0,0,0,443
06/07/2009,RDU,NC,ASO,EN,Combined TRACON& Tower with Radar,213,179,83,8,483,0,0,22,7,29,213,179,105,15,512,0,0,0,512
06/08/2009,RDU,NC,ASO,EN,Combined TRACON& Tower with Radar,232,210,98,2,542,0,2,21,4,27,232,212,119,6,569,0,0,0,569
06/09/2009,RDU,NC,ASO,EN,Combined TRACON& Tower with Radar,221,176,99,2,498,0,1,47,5,53,221,177,146,7,551,0,0,0,551
06/10/2009,RDU,NC,ASO,EN,Combined TRACON& Tower with Radar,250,218,106,9,583,0,2,34,5,41,250,220,140,14,624,0,0,0,624
06/11/2009,RDU,NC,ASO,EN,Combined TRACON& Tower with Radar,230,225,94,7,556,0,0,39,6,45,230,225,133,13,601,0,0,0,601
06/12/2009,RDU,NC,ASO,EN,Combined TRACON& Tower with Radar,243,216,70,7,536,0,2,45,4,51,243,218,115,11,587,0,0,0,587
06/13/2009,RDU,NC,ASO,EN,Combined TRACON& Tower with Radar,213,129,44,0,386,0,0,44,0,44,213,129,88,0,430,0,0,0,430
06/14/2009,RDU,NC,ASO,EN,Combined TRACON& Tower with Radar,214,179,67,3,463,0,0,28,5,33,214,179,95,8,496,0,0,0,496
06/15/2009,RDU,NC,ASO,EN,Combined TRACON& Tower with Radar,233,204,80,2,519,0,0,8,5,13,233,204,88,7,532,0,0,0,532
06/16/2009,RDU,NC,ASO,EN,Combined TRACON& Tower with Radar,237,212,100,2,551,0,0,1,1,2,237,212,101,3,553,0,0,0,553
06/17/2009,RDU,NC,ASO,EN,Combined TRACON& Tower with Radar,238,220,102,3,563,0,0,15,1,16,238,220,117,4,579,0,0,0,579
06/18/2009,RDU,NC,ASO,EN,Combined TRACON& Tower with Radar,250,209,143,3,605,0,0,50,1,51,250,209,193,4,656,0,0,0,656
06/19/2009,RDU,NC,ASO,EN,Combined TRACON& Tower with Radar,231,219,81,5,536,0,2,92,7,101,231,221,173,12,637,0,0,0,637
06/20/2009,RDU,NC,ASO,EN,Combined TRACON& Tower with Radar,201,126,42,2,371,0,0,64,0,64,201,126,106,2,435,0,0,0,435
06/21/2009,RDU,NC,ASO,EN,Combined TRACON& Tower with Radar,211,177,35,1,424,0,0,46,2,48,211,177,81,3,472,0,0,0,472
06/22/2009,RDU,NC,ASO,EN,Combined TRACON& Tower with Radar,230,215,67,2,514,0,0,36,8,44,230,215,103,10,558,0,0,0,558
06/23/2009,RDU,NC,ASO,EN,Combined TRACON& Tower with Radar,239,212,102,4,557,0,2,60,0,62,239,214,162,4,619,0,0,0,619
06/24/2009,RDU,NC,ASO,EN,Combined TRACON& Tower with Radar,239,210,99,3,551,0,0,65,4,69,239,210,164,7,620,0,0,0,620
06/25/2009,RDU,NC,ASO,EN,Combined TRACON& Tower with Radar,236,228,112,2,578,0,0,71,4,75,236,228,183,6,653,0,0,0,653
06/26/2009,RDU,NC,ASO,EN,Combined TRACON& Tower with Radar,229,209,73,5,516,0,2,65,9,76,229,211,138,14,592,0,0,0,592
06/27/2009,RDU,NC,ASO,EN,Combined TRACON& Tower with Radar,205,130,30,3,368,0,1,46,0,47,205,131,76,3,415,0,0,0,415
06/28/2009,RDU,NC,ASO,EN,Combined TRACON& Tower with Radar,206,175,47,1,429,0,0,44,2,46,206,175,91,3,475,0,0,0,475
06/29/2009,RDU,NC,ASO,EN,Combined TRACON& Tower with Radar,233,212,75,2,522,0,3,52,8,63,233,215,127,10,585,0,0,0,585
06/30/2009,RDU,NC,ASO,EN,Combined TRACON& Tower with Radar,236,211,65,5,517,0,1,51,6,58,236,212,116,11,575,0,0,0,575
07/01/2009,RDU,NC,ASO,EN,Combined TRACON& Tower with Radar,234,207,96,1,538,0,2,63,5,70,234,209,159,6,608,0,0,0,608
07/02/2009,RDU,NC,ASO,EN,Combined TRACON& Tower with Radar,243,193,79,2,517,0,0,67,6,73,243,193,146,8,590,0,0,0,590
07/03/2009,RDU,NC,ASO,EN,Combined TRACON& Tower with Radar,220,167,47,1,435,0,0,49,1,50,220,167,96,2,485,0,0,0,485
07/04/2009,RDU,NC,ASO,EN,Combined TRACON& Tower with Radar,156,121,16,0,293,0,0,37,0,37,156,121,53,0,330,0,0,0,330
07/05/2009,RDU,NC,ASO,EN,Combined TRACON& Tower with Radar,211,175,52,1,439,0,0,8,0,8,211,175,60,1,447,0,0,0,447
07/06/2009,RDU,NC,ASO,EN,Combined TRACON& Tower with Radar,233,209,69,4,515,0,0,27,7,34,233,209,96,11,549,0,0,0,549
07/07/2009,RDU,NC,ASO,EN,Combined TRACON& Tower with Radar,238,199,78,1,516,0,5,43,8,56,238,204,121,9,572,0,0,0,572
07/08/2009,RDU,NC,ASO,EN,Combined TRACON& Tower with Radar,233,225,77,2,537,0,0,72,6,78,233,225,149,8,615,0,0,0,615
07/09/2009,RDU,NC,ASO,EN,Combined TRACON& Tower with Radar,236,216,83,1,536,0,0,28,7,35,236,216,111,8,571,0,0,0,571
07/10/2009,RDU,NC,ASO,EN,Combined TRACON& Tower with Radar,236,218,69,12,535,0,0,67,7,74,236,218,136,19,609,0,0,0,609
07/11/2009,RDU,NC,ASO,EN,Combined TRACON& Tower with Radar,190,139,28,2,359,0,0,49,5,54,190,139,77,7,413,0,0,0,413
07/12/2009,RDU,NC,ASO,EN,Combined TRACON& Tower with Radar,202,174,50,4,430,0,0,31,2,33,202,174,81,6,463,0,0,0,463
07/13/2009,RDU,NC,ASO,EN,Combined TRACON& Tower with Radar,234,208,65,0,507,0,0,18,6,24,234,208,83,6,531,0,0,0,531
07/14/2009,RDU,NC,ASO,EN,Combined TRACON& Tower with Radar,237,224,78,3,542,0,1,74,12,87,237,225,152,15,629,0,0,0,629
07/15/2009,RDU,NC,ASO,EN,Combined TRACON& Tower with Radar,235,223,97,4,559,0,1,66,9,76,235,224,163,13,635,0,0,0,635
07/16/2009,RDU,NC,ASO,EN,Combined TRACON& Tower with Radar,232,230,95,0,557,0,0,40,8,48,232,230,135,8,605,0,0,0,605
07/17/2009,RDU,NC,ASO,EN,Combined TRACON& Tower with Radar,239,216,63,6,524,0,2,37,3,42,239,218,100,9,566,0,0,0,566
07/18/2009,RDU,NC,ASO,EN,Combined TRACON& Tower with Radar,189,133,35,0,357,0,1,44,0,45,189,134,79,0,402,0,0,0,402
07/19/2009,RDU,NC,ASO,EN,Combined TRACON& Tower with Radar,207,177,61,2,447,0,0,49,2,51,207,177,110,4,498,0,0,0,498
07/20/2009,RDU,NC,ASO,EN,Combined TRACON& Tower with Radar,232,235,86,13,566,0,0,6,2,8,232,235,92,15,574,0,0,0,574
07/21/2009,RDU,NC,ASO,EN,Combined TRACON& Tower with Radar,235,221,111,6,573,0,1,48,4,53,235,222,159,10,626,0,0,0,626
07/22/2009,RDU,NC,ASO,EN,Combined TRACON& Tower with Radar,231,225,97,0,553,0,0,65,11,76,231,225,162,11,629,0,0,0,629
07/23/2009,RDU,NC,ASO,EN,Combined TRACON& Tower with Radar,239,215,77,9,540,0,0,37,3,40,239,215,114,12,580,0,0,0,580
07/24/2009,RDU,NC,ASO,EN,Combined TRACON& Tower with Radar,240,224,92,7,563,0,1,64,11,76,240,225,156,18,639,0,0,0,639
07/25/2009,RDU,NC,ASO,EN,Combined TRACON& Tower with Radar,192,142,39,2,375,0,2,41,12,55,192,144,80,14,430,0,0,0,430
07/26/2009,RDU,NC,ASO,EN,Combined TRACON& Tower with Radar,200,167,73,3,443,0,0,34,5,39,200,167,107,8,482,0,0,0,482
07/27/2009,RDU,NC,ASO,EN,Combined TRACON& Tower with Radar,225,214,84,6,529,0,5,25,23,53,225,219,109,29,582,0,0,0,582
07/28/2009,RDU,NC,ASO,EN,Combined TRACON& Tower with Radar,238,227,99,7,571,0,4,35,10,49,238,231,134,17,620,0,0,0,620
07/29/2009,RDU,NC,ASO,EN,Combined TRACON& Tower with Radar,236,183,102,8,529,0,0,16,9,25,236,183,118,17,554,0,0,0,554
07/30/2009,RDU,NC,ASO,EN,Combined TRACON& Tower with Radar,240,225,86,3,554,0,0,54,8,62,240,225,140,11,616,0,0,0,616
07/31/2009,RDU,NC,ASO,EN,Combined TRACON& Tower with Radar,230,213,62,5,510,0,1,25,8,34,230,214,87,13,544,0,0,0,544
08/01/2009,RDU,NC,ASO,EN,Combined TRACON& Tower with Radar,195,132,51,0,378,0,0,11,14,25,195,132,62,14,403,0,0,0,403
08/02/2009,RDU,NC,ASO,EN,Combined TRACON& Tower with Radar,205,149,57,5,416,0,0,4,0,4,205,149,61,5,420,0,0,0,420
08/03/2009,RDU,NC,ASO,EN,Combined TRACON& Tower with Radar,242,208,48,5,503,0,0,54,11,65,242,208,102,16,568,0,0,0,568
08/04/2009,RDU,NC,ASO,EN,Combined TRACON& Tower with Radar,237,206,95,6,544,0,1,55,14,70,237,207,150,20,614,0,0,0,614
08/05/2009,RDU,NC,ASO,EN,Combined TRACON& Tower with Radar,238,212,100,0,550,0,0,46,8,54,238,212,146,8,604,0,0,0,604
08/06/2009,RDU,NC,ASO,EN,Combined TRACON& Tower with Radar,242,217,107,1,567,0,0,23,3,26,242,217,130,4,593,0,0,0,593
08/07/2009,RDU,NC,ASO,EN,Combined TRACON& Tower with Radar,242,207,64,0,513,0,2,68,7,77,242,209,132,7,590,0,0,0,590
08/08/2009,RDU,NC,ASO,EN,Combined TRACON& Tower with Radar,194,130,38,2,364,0,0,45,2,47,194,130,83,4,411,0,0,0,411
08/09/2009,RDU,NC,ASO,EN,Combined TRACON& Tower with Radar,206,159,41,2,408,0,0,43,2,45,206,159,84,4,453,0,0,0,453
08/10/2009,RDU,NC,ASO,EN,Combined TRACON& Tower with Radar,239,205,65,0,509,0,1,39,2,42,239,206,104,2,551,0,0,0,551
08/11/2009,RDU,NC,ASO,EN,Combined TRACON& Tower with Radar,237,214,80,3,534,0,0,36,11,47,237,214,116,14,581,0,0,0,581
08/12/2009,RDU,NC,ASO,EN,Combined TRACON& Tower with Radar,239,205,86,3,533,0,3,36,3,42,239,208,122,6,575,0,0,0,575
08/13/2009,RDU,NC,ASO,EN,Combined TRACON& Tower with Radar,231,232,86,6,555,0,0,31,3,34,231,232,117,9,589,0,0,0,589
08/14/2009,RDU,NC,ASO,EN,Combined TRACON& Tower with Radar,234,217,69,5,525,0,0,26,6,32,234,217,95,11,557,0,0,0,557
08/15/2009,RDU,NC,ASO,EN,Combined TRACON& Tower with Radar,187,130,35,0,352,0,0,26,0,26,187,130,61,0,378,0,0,0,378
08/16/2009,RDU,NC,ASO,EN,Combined TRACON& Tower with Radar,195,167,56,4,422,0,0,33,1,34,195,167,89,5,456,0,0,0,456
08/17/2009,RDU,NC,ASO,EN,Combined TRACON& Tower with Radar,225,210,81,5,521,0,1,51,5,57,225,211,132,10,578,0,0,0,578
08/18/2009,RDU,NC,ASO,EN,Combined TRACON& Tower with Radar,225,204,98,5,532,0,1,71,3,75,225,205,169,8,607,0,0,0,607
08/19/2009,RDU,NC,ASO,EN,Combined TRACON& Tower with Radar,232,207,106,6,551,0,0,41,2,43,232,207,147,8,594,0,0,0,594
08/20/2009,RDU,NC,ASO,EN,Combined TRACON& Tower with Radar,225,218,97,5,545,0,0,28,3,31,225,218,125,8,576,0,0,0,576
08/21/2009,RDU,NC,ASO,EN,Combined TRACON& Tower with Radar,223,210,83,13,529,0,1,23,2,26,223,211,106,15,555,0,0,0,555
08/22/2009,RDU,NC,ASO,EN,Combined TRACON& Tower with Radar,188,131,39,0,358,0,0,12,2,14,188,131,51,2,372,0,0,0,372
08/23/2009,RDU,NC,ASO,EN,Combined TRACON& Tower with Radar,197,167,71,3,438,0,0,28,0,28,197,167,99,3,466,0,0,0,466
08/24/2009,RDU,NC,ASO,EN,Combined TRACON& Tower with Radar,224,213,80,2,519,0,0,27,4,31,224,213,107,6,550,0,0,0,550
08/25/2009,RDU,NC,ASO,EN,Combined TRACON& Tower with Radar,225,204,78,2,509,0,2,59,1,62,225,206,137,3,571,0,0,0,571
08/26/2009,RDU,NC,ASO,EN,Combined TRACON& Tower with Radar,224,212,85,2,523,0,0,64,2,66,224,212,149,4,589,0,0,0,589
08/27/2009,RDU,NC,ASO,EN,Combined TRACON& Tower with Radar,227,206,76,0,509,0,0,48,10,58,227,206,124,10,567,0,0,0,567
08/28/2009,RDU,NC,ASO,EN,Combined TRACON& Tower with Radar,217,202,83,6,508,0,0,30,1,31,217,202,113,7,539,0,0,0,539
08/29/2009,RDU,NC,ASO,EN,Combined TRACON& Tower with Radar,170,122,42,0,334,0,0,33,0,33,170,122,75,0,367,0,0,0,367
08/30/2009,RDU,NC,ASO,EN,Combined TRACON& Tower with Radar,201,168,67,5,441,0,0,56,1,57,201,168,123,6,498,0,0,0,498
08/31/2009,RDU,NC,ASO,EN,Combined TRACON& Tower with Radar,210,209,57,8,484,0,0,13,2,15,210,209,70,10,499,0,0,0,499
09/01/2009,RDU,NC,ASO,EN,Combined TRACON& Tower with Radar,217,216,84,0,517,0,2,51,13,66,217,218,135,13,583,0,0,0,583
09/02/2009,RDU,NC,ASO,EN,Combined TRACON& Tower with Radar,219,203,78,5,505,0,3,57,7,67,219,206,135,12,572,0,0,0,572
09/03/2009,RDU,NC,ASO,EN,Combined TRACON& Tower with Radar,221,215,117,7,560,0,0,62,14,76,221,215,179,21,636,0,0,0,636
09/04/2009,RDU,NC,ASO,EN,Combined TRACON& Tower with Radar,222,225,115,5,567,0,1,81,1,83,222,226,196,6,650,0,0,0,650
09/05/2009,RDU,NC,ASO,EN,Combined TRACON& Tower with Radar,161,133,42,1,337,0,0,40,0,40,161,133,82,1,377,0,0,0,377
09/06/2009,RDU,NC,ASO,EN,Combined TRACON& Tower with Radar,155,131,36,0,322,0,1,38,0,39,155,132,74,0,361,0,0,0,361
09/07/2009,RDU,NC,ASO,EN,Combined TRACON& Tower with Radar,191,168,74,1,434,0,0,3,0,3,191,168,77,1,437,0,0,0,437
09/08/2009,RDU,NC,ASO,EN,Combined TRACON& Tower with Radar,214,215,68,4,501,0,0,24,4,28,214,215,92,8,529,0,0,0,529
09/09/2009,RDU,NC,ASO,EN,Combined TRACON& Tower with Radar,217,199,104,10,530,0,0,55,10,65,217,199,159,20,595,0,0,0,595
09/10/2009,RDU,NC,ASO,EN,Combined TRACON& Tower with Radar,213,227,90,4,534,0,0,19,2,21,213,227,109,6,555,0,0,0,555
09/11/2009,RDU,NC,ASO,EN,Combined TRACON& Tower with Radar,216,230,80,6,532,0,2,68,2,72,216,232,148,8,604,0,0,0,604
09/12/2009,RDU,NC,ASO,EN,Combined TRACON& Tower with Radar,171,121,59,4,355,0,0,63,5,68,171,121,122,9,423,0,0,0,423
09/13/2009,RDU,NC,ASO,EN,Combined TRACON& Tower with Radar,193,170,58,4,425,0,0,52,4,56,193,170,110,8,481,0,0,0,481
09/14/2009,RDU,NC,ASO,EN,Combined TRACON& Tower with Radar,207,216,64,4,491,0,1,64,8,73,207,217,128,12,564,0,0,0,564
09/15/2009,RDU,NC,ASO,EN,Combined TRACON& Tower with Radar,208,219,80,0,507,0,0,57,6,63,208,219,137,6,570,0,0,0,570
09/16/2009,RDU,NC,ASO,EN,Combined TRACON& Tower with Radar,212,203,109,0,524,0,0,27,6,33,212,203,136,6,557,0,0,0,557
09/17/2009,RDU,NC,ASO,EN,Combined TRACON& Tower with Radar,215,232,115,5,567,0,0,8,0,8,215,232,123,5,575,0,0,0,575
09/18/2009,RDU,NC,ASO,EN,Combined TRACON& Tower with Radar,214,219,103,1,537,0,0,24,2,26,214,219,127,3,563,0,0,0,563
09/19/2009,RDU,NC,ASO,EN,Combined TRACON& Tower with Radar,168,120,51,1,340,0,2,25,2,29,168,122,76,3,369,0,0,0,369
09/20/2009,RDU,NC,ASO,EN,Combined TRACON& Tower with Radar,193,177,45,5,420,0,0,36,3,39,193,177,81,8,459,0,0,0,459
09/21/2009,RDU,NC,ASO,EN,Combined TRACON& Tower with Radar,198,222,81,2,503,0,1,51,1,53,198,223,132,3,556,0,0,0,556
09/22/2009,RDU,NC,ASO,EN,Combined TRACON& Tower with Radar,218,222,95,4,539,0,0,1,0,1,218,222,96,4,540,0,0,0,540
09/23/2009,RDU,NC,ASO,EN,Combined TRACON& Tower with Radar,213,224,110,1,548,0,0,11,2,13,213,224,121,3,561,0,0,0,561
09/24/2009,RDU,NC,ASO,EN,Combined TRACON& Tower with Radar,212,236,107,3,558,0,0,40,11,51,212,236,147,14,609,0,0,0,609
09/25/2009,RDU,NC,ASO,EN,Combined TRACON& Tower with Radar,222,240,116,4,582,0,0,16,0,16,222,240,132,4,598,0,0,0,598
09/26/2009,RDU,NC,ASO,EN,Combined TRACON& Tower with Radar,164,129,48,1,342,0,0,2,2,4,164,129,50,3,346,0,0,0,346
09/27/2009,RDU,NC,ASO,EN,Combined TRACON& Tower with Radar,199,183,94,4,480,0,0,30,2,32,199,183,124,6,512,0,0,0,512
09/28/2009,RDU,NC,ASO,EN,Combined TRACON& Tower with Radar,202,219,65,2,488,0,2,39,8,49,202,221,104,10,537,0,0,0,537
09/29/2009,RDU,NC,ASO,EN,Combined TRACON& Tower with Radar,209,212,71,4,496,0,2,56,7,65,209,214,127,11,561,0,0,0,561
09/30/2009,RDU,NC,ASO,EN,Combined TRACON& Tower with Radar,214,207,80,0,501,0,1,89,11,101,214,208,169,11,602,0,0,0,602
10/01/2009,RDU,NC,ASO,EN,Combined TRACON& Tower with Radar,216,239,113,2,570,0,0,54,0,54,216,239,167,2,624,0,0,0,624
10/02/2009,RDU,NC,ASO,EN,Combined TRACON& Tower with Radar,222,250,89,4,565,0,0,57,3,60,222,250,146,7,625,0,0,0,625
10/03/2009,RDU,NC,ASO,EN,Combined TRACON& Tower with Radar,162,129,58,0,349,0,0,65,7,72,162,129,123,7,421,0,0,0,421
10/04/2009,RDU,NC,ASO,EN,Combined TRACON& Tower with Radar,199,183,61,2,445,0,1,54,0,55,199,184,115,2,500,0,0,0,500
10/05/2009,RDU,NC,ASO,EN,Combined TRACON& Tower with Radar,209,224,82,2,517,0,0,12,3,15,209,224,94,5,532,0,0,0,532
10/06/2009,RDU,NC,ASO,EN,Combined TRACON& Tower with Radar,214,222,109,4,549,0,0,3,0,3,214,222,112,4,552,0,0,0,552
10/07/2009,RDU,NC,ASO,EN,Combined TRACON& Tower with Radar,213,218,93,3,527,0,1,37,7,45,213,219,130,10,572,0,0,0,572
10/08/2009,RDU,NC,ASO,EN,Combined TRACON& Tower with Radar,217,232,82,1,532,0,1,81,3,85,217,233,163,4,617,0,0,0,617
10/09/2009,RDU,NC,ASO,EN,Combined TRACON& Tower with Radar,217,224,79,1,521,0,1,42,0,43,217,225,121,1,564,0,0,0,564
10/10/2009,RDU,NC,ASO,EN,Combined TRACON& Tower with Radar,163,125,36,0,324,0,0,9,4,13,163,125,45,4,337,0,0,0,337
10/11/2009,RDU,NC,ASO,EN,Combined TRACON& Tower with Radar,201,167,68,1,437,0,0,42,0,42,201,167,110,1,479,0,0,0,479
10/12/2009,RDU,NC,ASO,EN,Combined TRACON& Tower with Radar,204,210,69,0,483,0,0,11,0,11,204,210,80,0,494,0,0,0,494
10/13/2009,RDU,NC,ASO,EN,Combined TRACON& Tower with Radar,215,229,76,2,522,0,4,70,5,79,215,233,146,7,601,0,0,0,601
10/14/2009,RDU,NC,ASO,EN,Combined TRACON& Tower with Radar,218,237,88,3,546,0,2,6,0,8,218,239,94,3,554,0,0,0,554
10/15/2009,RDU,NC,ASO,EN,Combined TRACON& Tower with Radar,209,243,117,3,572,0,0,0,0,0,209,243,117,3,572,0,0,0,572
10/16/2009,RDU,NC,ASO,EN,Combined TRACON& Tower with Radar,223,263,135,9,630,0,0,22,0,22,223,263,157,9,652,0,0,0,652
10/17/2009,RDU,NC,ASO,EN,Combined TRACON& Tower with Radar,159,128,58,0,345,0,0,27,0,27,159,128,85,0,372,0,0,0,372
10/18/2009,RDU,NC,ASO,EN,Combined TRACON& Tower with Radar,196,156,66,1,419,0,0,12,1,13,196,156,78,2,432,0,0,0,432
10/19/2009,RDU,NC,ASO,EN,Combined TRACON& Tower with Radar,207,227,88,3,525,0,0,53,3,56,207,227,141,6,581,0,0,0,581
10/20/2009,RDU,NC,ASO,EN,Combined TRACON& Tower with Radar,211,220,90,7,528,0,3,78,5,86,211,223,168,12,614,0,0,0,614
10/21/2009,RDU,NC,ASO,EN,Combined TRACON& Tower with Radar,215,216,92,5,528,0,3,94,15,112,215,219,186,20,640,0,0,0,640
10/22/2009,RDU,NC,ASO,EN,Combined TRACON& Tower with Radar,212,242,111,7,572,0,0,67,5,72,212,242,178,12,644,0,0,0,644
10/23/2009,RDU,NC,ASO,EN,Combined TRACON& Tower with Radar,213,235,109,5,562,0,0,26,8,34,213,235,135,13,596,0,0,0,596
10/24/2009,RDU,NC,ASO,EN,Combined TRACON& Tower with Radar,167,138,34,1,340,0,0,1,0,1,167,138,35,1,341,0,0,0,341
10/25/2009,RDU,NC,ASO,EN,Combined TRACON& Tower with Radar,200,175,79,1,455,0,0,50,1,51,200,175,129,2,506,10,0,10,516
10/26/2009,RDU,NC,ASO,EN,Combined TRACON& Tower with Radar,206,212,78,3,499,0,0,33,9,42,206,212,111,12,541,0,0,0,541
10/27/2009,RDU,NC,ASO,EN,Combined TRACON& Tower with Radar,216,221,82,7,526,0,0,0,0,0,216,221,82,7,526,0,0,0,526
10/28/2009,RDU,NC,ASO,EN,Combined TRACON& Tower with Radar,221,207,84,8,520,0,2,42,18,62,221,209,126,26,582,0,0,0,582
10/29/2009,RDU,NC,ASO,EN,Combined TRACON& Tower with Radar,216,232,125,0,573,0,0,50,10,60,216,232,175,10,633,0,0,0,633
10/30/2009,RDU,NC,ASO,EN,Combined TRACON& Tower with Radar,224,217,88,6,535,0,0,4,2,6,224,217,92,8,541,0,0,0,541
10/31/2009,RDU,NC,ASO,EN,Combined TRACON& Tower with Radar,163,127,36,3,329,0,0,1,0,1,163,127,37,3,330,0,0,0,330
11/01/2009,RDU,NC,ASO,EN,Combined TRACON& Tower with Radar,203,162,62,3,430,0,0,3,0,3,203,162,65,3,433,0,0,0,433
11/02/2009,RDU,NC,ASO,EN,Combined TRACON& Tower with Radar,212,214,61,10,497,0,3,16,1,20,212,217,77,11,517,0,0,0,517
11/03/2009,RDU,NC,ASO,EN,Combined TRACON& Tower with Radar,215,214,91,3,523,0,5,73,11,89,215,219,164,14,612,0,0,0,612
11/04/2009,RDU,NC,ASO,EN,Combined TRACON& Tower with Radar,218,200,95,1,514,0,2,75,10,87,218,202,170,11,601,0,0,0,601
11/05/2009,RDU,NC,ASO,EN,Combined TRACON& Tower with Radar,224,225,88,6,543,0,1,61,11,73,224,226,149,17,616,0,0,0,616
11/06/2009,RDU,NC,ASO,EN,Combined TRACON& Tower with Radar,226,224,100,9,559,0,1,86,6,93,226,225,186,15,652,0,0,0,652
11/07/2009,RDU,NC,ASO,EN,Combined TRACON& Tower with Radar,171,115,71,3,360,0,0,63,1,64,171,115,134,4,424,0,0,0,424
11/08/2009,RDU,NC,ASO,EN,Combined TRACON& Tower with Radar,198,173,72,12,455,0,0,52,14,66,198,173,124,26,521,0,0,0,521
11/09/2009,RDU,NC,ASO,EN,Combined TRACON& Tower with Radar,216,212,94,9,531,0,0,42,13,55,216,212,136,22,586,2,59,61,647
11/10/2009,RDU,NC,ASO,EN,Combined TRACON& Tower with Radar,218,219,90,6,533,0,0,19,4,23,218,219,109,10,556,0,0,0,556
11/11/2009,RDU,NC,ASO,EN,Combined TRACON& Tower with Radar,219,205,73,0,497,0,0,0,0,0,219,205,73,0,497,0,0,0,497
11/12/2009,RDU,NC,ASO,EN,Combined TRACON& Tower with Radar,226,231,82,3,542,0,0,0,1,1,226,231,82,4,543,0,0,0,543
11/13/2009,RDU,NC,ASO,EN,Combined TRACON& Tower with Radar,224,217,105,3,549,0,0,0,1,1,224,217,105,4,550,0,0,0,550
11/14/2009,RDU,NC,ASO,EN,Combined TRACON& Tower with Radar,178,134,86,10,408,0,0,22,3,25,178,134,108,13,433,0,0,0,433
11/15/2009,RDU,NC,ASO,EN,Combined TRACON& Tower with Radar,202,176,70,3,451,0,1,75,2,78,202,177,145,5,529,0,0,0,529
11/16/2009,RDU,NC,ASO,EN,Combined TRACON& Tower with Radar,219,211,68,5,503,0,5,47,5,57,219,216,115,10,560,0,0,0,560
11/17/2009,RDU,NC,ASO,EN,Combined TRACON& Tower with Radar,215,224,92,3,534,0,0,52,9,61,215,224,144,12,595,0,0,0,595
11/18/2009,RDU,NC,ASO,EN,Combined TRACON& Tower with Radar,217,224,91,2,534,0,0,1,0,1,217,224,92,2,535,0,0,0,535
11/19/2009,RDU,NC,ASO,EN,Combined TRACON& Tower with Radar,205,223,127,5,560,0,0,8,2,10,205,223,135,7,570,0,0,0,570
11/20/2009,RDU,NC,ASO,EN,Combined TRACON& Tower with Radar,227,233,90,1,551,0,1,55,5,61,227,234,145,6,612,0,0,0,612
11/21/2009,RDU,NC,ASO,EN,Combined TRACON& Tower with Radar,175,126,55,0,356,0,0,66,3,69,175,126,121,3,425,0,0,0,425
11/22/2009,RDU,NC,ASO,EN,Combined TRACON& Tower with Radar,196,165,61,1,423,0,1,37,1,39,196,166,98,2,462,0,0,0,462
11/23/2009,RDU,NC,ASO,EN,Combined TRACON& Tower with Radar,210,208,59,6,483,0,0,0,0,0,210,208,59,6,483,0,0,0,483
11/24/2009,RDU,NC,ASO,EN,Combined TRACON& Tower with Radar,217,226,107,6,556,0,0,11,8,19,217,226,118,14,575,0,0,0,575
11/25/2009,RDU,NC,ASO,EN,Combined TRACON& Tower with Radar,221,218,94,2,535,0,0,30,1,31,221,218,124,3,566,0,0,0,566
11/26/2009,RDU,NC,ASO,EN,Combined TRACON& Tower with Radar,131,118,36,0,285,0,0,13,0,13,131,118,49,0,298,0,0,0,298
11/27/2009,RDU,NC,ASO,EN,Combined TRACON& Tower with Radar,178,159,40,0,377,0,0,61,2,63,178,159,101,2,440,0,0,0,440
11/28/2009,RDU,NC,ASO,EN,Combined TRACON& Tower with Radar,190,144,48,0,382,0,0,58,2,60,190,144,106,2,442,0,0,0,442
11/29/2009,RDU,NC,ASO,EN,Combined TRACON& Tower with Radar,225,187,82,2,496,0,1,72,0,73,225,188,154,2,569,0,0,0,569
11/30/2009,RDU,NC,ASO,EN,Combined TRACON& Tower with Radar,215,207,70,1,493,0,2,27,7,36,215,209,97,8,529,0,0,0,529
12/01/2009,RDU,NC,ASO,EN,Combined TRACON& Tower with Radar,215,221,82,6,524,0,1,40,5,46,215,222,122,11,570,0,0,0,570
12/02/2009,RDU,NC,ASO,EN,Combined TRACON& Tower with Radar,210,239,73,9,531,0,0,0,0,0,210,239,73,9,531,0,0,0,531
12/03/2009,RDU,NC,ASO,EN,Combined TRACON& Tower with Radar,229,230,99,6,564,0,2,40,14,56,229,232,139,20,620,0,0,0,620
12/04/2009,RDU,NC,ASO,EN,Combined TRACON& Tower with Radar,218,225,84,6,533,0,0,67,6,73,218,225,151,12,606,0,0,0,606
12/05/2009,RDU,NC,ASO,EN,Combined TRACON& Tower with Radar,167,124,57,2,350,0,0,1,0,1,167,124,58,2,351,0,0,0,351
12/06/2009,RDU,NC,ASO,EN,Combined TRACON& Tower with Radar,196,170,48,2,416,0,0,57,14,71,196,170,105,16,487,0,0,0,487
12/07/2009,RDU,NC,ASO,EN,Combined TRACON& Tower with Radar,208,214,86,4,512,0,3,33,4,40,208,217,119,8,552,0,0,0,552
12/08/2009,RDU,NC,ASO,EN,Combined TRACON& Tower with Radar,203,199,79,6,487,0,0,23,7,30,203,199,102,13,517,0,20,20,537
12/09/2009,RDU,NC,ASO,EN,Combined TRACON& Tower with Radar,216,201,63,1,481,0,0,14,0,14,216,201,77,1,495,0,0,0,495
12/10/2009,RDU,NC,ASO,EN,Combined TRACON& Tower with Radar,222,235,92,2,551,0,4,40,7,51,222,239,132,9,602,0,0,0,602
12/11/2009,RDU,NC,ASO,EN,Combined TRACON& Tower with Radar,214,222,85,4,525,0,0,58,6,64,214,222,143,10,589,0,0,0,589
12/12/2009,RDU,NC,ASO,EN,Combined TRACON& Tower with Radar,169,122,37,0,328,0,0,36,1,37,169,122,73,1,365,0,0,0,365
12/13/2009,RDU,NC,ASO,EN,Combined TRACON& Tower with Radar,192,153,36,2,383,0,0,0,0,0,192,153,36,2,383,0,0,0,383
12/14/2009,RDU,NC,ASO,EN,Combined TRACON& Tower with Radar,199,187,85,2,473,0,0,1,0,1,199,187,86,2,474,0,0,0,474
12/15/2009,RDU,NC,ASO,EN,Combined TRACON& Tower with Radar,214,216,83,6,519,0,0,20,1,21,214,216,103,7,540,0,0,0,540
12/16/2009,RDU,NC,ASO,EN,Combined TRACON& Tower with Radar,214,215,94,0,523,0,0,73,6,79,214,215,167,6,602,0,0,0,602
12/17/2009,RDU,NC,ASO,EN,Combined TRACON& Tower with Radar,214,238,90,4,546,0,3,89,4,96,214,241,179,8,642,0,0,0,642
12/18/2009,RDU,NC,ASO,EN,Combined TRACON& Tower with Radar,199,222,68,0,489,0,2,18,2,22,199,224,86,2,511,0,0,0,511
12/19/2009,RDU,NC,ASO,EN,Combined TRACON& Tower with Radar,148,121,24,0,293,0,0,5,1,6,148,121,29,1,299,0,0,0,299
12/20/2009,RDU,NC,ASO,EN,Combined TRACON& Tower with Radar,173,132,33,0,338,0,1,30,1,32,173,133,63,1,370,21,0,21,391
12/21/2009,RDU,NC,ASO,EN,Combined TRACON& Tower with Radar,210,220,55,2,487,0,0,40,2,42,210,220,95,4,529,0,0,0,529
12/22/2009,RDU,NC,ASO,EN,Combined TRACON& Tower with Radar,217,215,61,6,499,0,4,81,0,85,217,219,142,6,584,0,0,0,584
12/23/2009,RDU,NC,ASO,EN,Combined TRACON& Tower with Radar,214,226,54,2,496,0,0,63,0,63,214,226,117,2,559,0,0,0,559
12/24/2009,RDU,NC,ASO,EN,Combined TRACON& Tower with Radar,181,158,19,0,358,0,0,39,0,39,181,158,58,0,397,0,0,0,397
12/25/2009,RDU,NC,ASO,EN,Combined TRACON& Tower with Radar,161,119,4,0,284,0,0,1,0,1,161,119,5,0,285,0,0,0,285
12/26/2009,RDU,NC,ASO,EN,Combined TRACON& Tower with Radar,173,140,57,0,370,0,0,27,0,27,173,140,84,0,397,0,0,0,397
12/27/2009,RDU,NC,ASO,EN,Combined TRACON& Tower with Radar,201,163,40,2,406,0,0,49,0,49,201,163,89,2,455,0,0,0,455
12/28/2009,RDU,NC,ASO,EN,Combined TRACON& Tower with Radar,200,212,31,10,453,0,7,39,3,49,200,219,70,13,502,0,0,0,502
12/29/2009,RDU,NC,ASO,EN,Combined TRACON& Tower with Radar,207,200,39,3,449,0,4,50,0,54,207,204,89,3,503,0,0,0,503
12/30/2009,RDU,NC,ASO,EN,Combined TRACON& Tower with Radar,214,201,45,6,466,0,3,49,0,52,214,204,94,6,518,0,0,0,518
12/31/2009,RDU,NC,ASO,EN,Combined TRACON& Tower with Radar,170,152,32,0,354,0,0,0,0,0,170,152,32,0,354,0,0,0,354
01/01/2010,RDU,NC,ASO,EN,Combined TRACON& Tower with Radar,158,128,14,0,300,0,5,13,0,18,158,133,27,0,318,0,0,0,318
01/02/2010,RDU,NC,ASO,EN,Combined TRACON& Tower with Radar,180,144,36,0,360,0,0,16,0,16,180,144,52,0,376,0,0,0,376
01/03/2010,RDU,NC,ASO,EN,Combined TRACON& Tower with Radar,192,177,65,2,436,0,0,32,0,32,192,177,97,2,468,0,0,0,468
01/04/2010,RDU,NC,ASO,EN,Combined TRACON& Tower with Radar,207,218,52,2,479,0,4,38,6,48,207,222,90,8,527,0,0,0,527
01/05/2010,RDU,NC,ASO,EN,Combined TRACON& Tower with Radar,206,210,57,2,475,0,2,43,8,53,206,212,100,10,528,0,0,0,528
01/06/2010,RDU,NC,ASO,EN,Combined TRACON& Tower with Radar,209,192,53,4,458,0,2,65,3,70,209,194,118,7,528,0,0,0,528
01/07/2010,RDU,NC,ASO,EN,Combined TRACON& Tower with Radar,200,210,50,6,466,0,0,29,10,39,200,210,79,16,505,0,0,0,505
01/08/2010,RDU,NC,ASO,EN,Combined TRACON& Tower with Radar,217,210,65,11,503,0,0,27,10,37,217,210,92,21,540,0,0,0,540
01/09/2010,RDU,NC,ASO,EN,Combined TRACON& Tower with Radar,147,124,33,5,309,0,0,53,12,65,147,124,86,17,374,0,0,0,374
01/10/2010,RDU,NC,ASO,EN,Combined TRACON& Tower with Radar,175,164,45,3,387,0,0,39,3,42,175,164,84,6,429,0,0,0,429
01/11/2010,RDU,NC,ASO,EN,Combined TRACON& Tower with Radar,195,210,71,0,476,0,2,36,7,45,195,212,107,7,521,0,0,0,521
01/12/2010,RDU,NC,ASO,EN,Combined TRACON& Tower with Radar,202,212,50,1,465,0,0,44,7,51,202,212,94,8,516,0,0,0,516
01/13/2010,RDU,NC,ASO,EN,Combined TRACON& Tower with Radar,204,205,90,4,503,0,0,52,11,63,204,205,142,15,566,0,0,0,566
01/14/2010,RDU,NC,ASO,EN,Combined TRACON& Tower with Radar,208,224,88,8,528,0,0,58,7,65,208,224,146,15,593,0,0,0,593
01/15/2010,RDU,NC,ASO,EN,Combined TRACON& Tower with Radar,210,217,69,2,498,0,0,84,5,89,210,217,153,7,587,0,0,0,587
01/16/2010,RDU,NC,ASO,EN,Combined TRACON& Tower with Radar,142,127,42,0,311,0,0,54,0,54,142,127,96,0,365,0,0,0,365
01/17/2010,RDU,NC,ASO,EN,Combined TRACON& Tower with Radar,167,165,31,0,363,0,0,1,0,1,167,165,32,0,364,0,0,0,364
01/18/2010,RDU,NC,ASO,EN,Combined TRACON& Tower with Radar,201,199,61,1,462,0,1,38,3,42,201,200,99,4,504,0,0,0,504
01/19/2010,RDU,NC,ASO,EN,Combined TRACON& Tower with Radar,202,203,85,4,494,0,7,56,8,71,202,210,141,12,565,0,0,0,565
01/20/2010,RDU,NC,ASO,EN,Combined TRACON& Tower with Radar,205,213,84,3,505,0,0,46,12,58,205,213,130,15,563,0,0,0,563
01/21/2010,RDU,NC,ASO,EN,Combined TRACON& Tower with Radar,203,210,73,6,492,0,0,2,2,4,203,210,75,8,496,0,0,0,496
01/22/2010,RDU,NC,ASO,EN,Combined TRACON& Tower with Radar,209,222,68,8,507,0,0,0,0,0,209,222,68,8,507,0,0,0,507
01/23/2010,RDU,NC,ASO,EN,Combined TRACON& Tower with Radar,136,127,43,1,307,0,2,64,2,68,136,129,107,3,375,0,0,0,375
01/24/2010,RDU,NC,ASO,EN,Combined TRACON& Tower with Radar,166,163,49,0,378,0,0,0,0,0,166,163,49,0,378,0,0,0,378
01/25/2010,RDU,NC,ASO,EN,Combined TRACON& Tower with Radar,201,187,42,5,435,0,3,25,1,29,201,190,67,6,464,0,0,0,464
01/26/2010,RDU,NC,ASO,EN,Combined TRACON& Tower with Radar,203,206,104,4,517,0,2,55,12,69,203,208,159,16,586,0,0,0,586
01/27/2010,RDU,NC,ASO,EN,Combined TRACON& Tower with Radar,208,204,91,2,505,0,2,63,14,79,208,206,154,16,584,0,0,0,584
01/28/2010,RDU,NC,ASO,EN,Combined TRACON& Tower with Radar,206,225,82,4,517,0,2,61,4,67,206,227,143,8,584,0,0,0,584
01/29/2010,RDU,NC,ASO,EN,Combined TRACON& Tower with Radar,205,205,54,0,464,0,0,20,3,23,205,205,74,3,487,0,0,0,487
01/30/2010,RDU,NC,ASO,EN,Combined TRACON& Tower with Radar,23,24,4,0,51,0,0,0,0,0,23,24,4,0,51,0,0,0,51
01/31/2010,RDU,NC,ASO,EN,Combined TRACON& Tower with Radar,164,131,40,4,339,0,0,21,4,25,164,131,61,8,364,0,0,0,364
02/01/2010,RDU,NC,ASO,EN,Combined TRACON& Tower with Radar,197,197,46,2,442,0,0,37,1,38,197,197,83,3,480,0,0,0,480
02/02/2010,RDU,NC,ASO,EN,Combined TRACON& Tower with Radar,200,198,59,1,458,0,0,1,0,1,200,198,60,1,459,0,0,0,459
02/03/2010,RDU,NC,ASO,EN,Combined TRACON& Tower with Radar,211,219,83,4,517,0,0,37,8,45,211,219,120,12,562,0,0,0,562
02/04/2010,RDU,NC,ASO,EN,Combined TRACON& Tower with Radar,210,217,108,4,539,0,1,45,6,52,210,218,153,10,591,10,0,10,601
02/05/2010,RDU,NC,ASO,EN,Combined TRACON& Tower with Radar,193,202,55,1,451,0,0,0,0,0,193,202,55,1,451,0,0,0,451
02/06/2010,RDU,NC,ASO,EN,Combined TRACON& Tower with Radar,114,106,25,2,247,0,0,1,0,1,114,106,26,2,248,0,0,0,248
02/07/2010,RDU,NC,ASO,EN,Combined TRACON& Tower with Radar,151,143,40,7,341,0,0,55,14,69,151,143,95,21,410,0,0,0,410
02/08/2010,RDU,NC,ASO,EN,Combined TRACON& Tower with Radar,192,207,71,5,475,0,1,51,4,56,192,208,122,9,531,0,0,0,531
02/09/2010,RDU,NC,ASO,EN,Combined TRACON& Tower with Radar,185,188,71,2,446,0,0,8,0,8,185,188,79,2,454,0,0,0,454
02/10/2010,RDU,NC,ASO,EN,Combined TRACON& Tower with Radar,153,125,53,0,331,0,0,5,0,5,153,125,58,0,336,0,0,0,336
02/11/2010,RDU,NC,ASO,EN,Combined TRACON& Tower with Radar,171,186,100,1,458,0,0,42,10,52,171,186,142,11,510,4,0,4,514
02/12/2010,RDU,NC,ASO,EN,Combined TRACON& Tower with Radar,185,249,88,7,529,0,3,55,1,59,185,252,143,8,588,0,0,0,588
02/13/2010,RDU,NC,ASO,EN,Combined TRACON& Tower with Radar,150,147,49,0,346,0,0,28,1,29,150,147,77,1,375,0,0,0,375
02/14/2010,RDU,NC,ASO,EN,Combined TRACON& Tower with Radar,181,154,42,0,377,0,0,52,2,54,181,154,94,2,431,0,0,0,431
02/15/2010,RDU,NC,ASO,EN,Combined TRACON& Tower with Radar,191,183,43,0,417,0,0,17,2,19,191,183,60,2,436,0,0,0,436
02/16/2010,RDU,NC,ASO,EN,Combined TRACON& Tower with Radar,209,204,81,0,494,0,0,43,10,53,209,204,124,10,547,0,0,0,547
02/17/2010,RDU,NC,ASO,EN,Combined TRACON& Tower with Radar,205,215,94,1,515,0,1,63,16,80,205,216,157,17,595,0,0,0,595
02/18/2010,RDU,NC,ASO,EN,Combined TRACON& Tower with Radar,209,228,114,7,558,0,0,51,7,58,209,228,165,14,616,0,0,0,616
02/19/2010,RDU,NC,ASO,EN,Combined TRACON& Tower with Radar,212,215,83,1,511,0,0,66,1,67,212,215,149,2,578,0,0,0,578
02/20/2010,RDU,NC,ASO,EN,Combined TRACON& Tower with Radar,157,138,48,2,345,0,0,66,6,72,157,138,114,8,417,0,0,0,417
02/21/2010,RDU,NC,ASO,EN,Combined TRACON& Tower with Radar,179,174,63,2,418,0,0,67,0,67,179,174,130,2,485,0,0,0,485
02/22/2010,RDU,NC,ASO,EN,Combined TRACON& Tower with Radar,200,216,64,3,483,0,0,9,1,10,200,216,73,4,493,0,0,0,493
02/23/2010,RDU,NC,ASO,EN,Combined TRACON& Tower with Radar,199,211,121,1,532,0,0,12,5,17,199,211,133,6,549,0,0,0,549
02/24/2010,RDU,NC,ASO,EN,Combined TRACON& Tower with Radar,202,213,80,2,497,0,0,7,2,9,202,213,87,4,506,0,0,0,506
02/25/2010,RDU,NC,ASO,EN,Combined TRACON& Tower with Radar,187,217,105,3,512,0,4,31,4,39,187,221,136,7,551,0,0,0,551
02/26/2010,RDU,NC,ASO,EN,Combined TRACON& Tower with Radar,177,166,55,5,403,0,1,34,6,41,177,167,89,11,444,0,0,0,444
02/27/2010,RDU,NC,ASO,EN,Combined TRACON& Tower with Radar,163,130,42,4,339,0,0,57,2,59,163,130,99,6,398,0,0,0,398
02/28/2010,RDU,NC,ASO,EN,Combined TRACON& Tower with Radar,180,154,41,6,381,0,0,25,4,29,180,154,66,10,410,0,0,0,410
03/01/2010,RDU,NC,ASO,EN,Combined TRACON& Tower with Radar,201,216,60,2,479,0,0,63,13,76,201,216,123,15,555,0,0,0,555
03/02/2010,RDU,NC,ASO,EN,Combined TRACON& Tower with Radar,197,196,65,10,468,0,0,20,10,30,197,196,85,20,498,0,0,0,498
03/03/2010,RDU,NC,ASO,EN,Combined TRACON& Tower with Radar,199,205,56,13,473,0,1,18,10,29,199,206,74,23,502,0,0,0,502
03/04/2010,RDU,NC,ASO,EN,Combined TRACON& Tower with Radar,208,219,105,2,534,0,0,44,10,54,208,219,149,12,588,0,0,0,588
03/05/2010,RDU,NC,ASO,EN,Combined TRACON& Tower with Radar,216,241,97,11,565,0,2,63,11,76,216,243,160,22,641,0,0,0,641
03/06/2010,RDU,NC,ASO,EN,Combined TRACON& Tower with Radar,157,146,67,1,371,0,1,72,7,80,157,147,139,8,451,0,0,0,451
03/07/2010,RDU,NC,ASO,EN,Combined TRACON& Tower with Radar,190,174,69,3,436,0,2,52,7,61,190,176,121,10,497,0,0,0,497
03/08/2010,RDU,NC,ASO,EN,Combined TRACON& Tower with Radar,200,213,66,15,494,0,2,51,5,58,200,215,117,20,552,0,0,0,552
03/09/2010,RDU,NC,ASO,EN,Combined TRACON& Tower with Radar,208,214,79,5,506,0,0,83,15,98,208,214,162,20,604,0,0,0,604
03/10/2010,RDU,NC,ASO,EN,Combined TRACON& Tower with Radar,200,217,97,7,521,0,0,31,14,45,200,217,128,21,566,0,0,0,566
03/11/2010,RDU,NC,ASO,EN,Combined TRACON& Tower with Radar,209,218,64,8,499,0,0,5,3,8,209,218,69,11,507,0,0,0,507
03/12/2010,RDU,NC,ASO,EN,Combined TRACON& Tower with Radar,204,220,73,2,499,0,0,1,1,2,204,220,74,3,501,0,0,0,501
03/13/2010,RDU,NC,ASO,EN,Combined TRACON& Tower with Radar,165,117,36,0,318,0,1,22,0,23,165,118,58,0,341,0,0,0,341
03/14/2010,RDU,NC,ASO,EN,Combined TRACON& Tower with Radar,176,145,65,0,386,0,0,29,2,31,176,145,94,2,417,0,0,0,417
03/15/2010,RDU,NC,ASO,EN,Combined TRACON& Tower with Radar,197,198,69,5,469,0,0,31,6,37,197,198,100,11,506,0,0,0,506
03/16/2010,RDU,NC,ASO,EN,Combined TRACON& Tower with Radar,213,208,87,17,525,0,0,46,5,51,213,208,133,22,576,0,0,0,576
03/17/2010,RDU,NC,ASO,EN,Combined TRACON& Tower with Radar,211,222,85,1,519,0,0,68,16,84,211,222,153,17,603,0,0,0,603
03/18/2010,RDU,NC,ASO,EN,Combined TRACON& Tower with Radar,225,214,94,6,539,0,0,37,2,39,225,214,131,8,578,0,0,0,578
03/19/2010,RDU,NC,ASO,EN,Combined TRACON& Tower with Radar,216,224,76,5,521,0,0,85,9,94,216,224,161,14,615,0,0,0,615
03/20/2010,RDU,NC,ASO,EN,Combined TRACON& Tower with Radar,170,123,45,0,338,0,0,81,2,83,170,123,126,2,421,0,0,0,421
03/21/2010,RDU,NC,ASO,EN,Combined TRACON& Tower with Radar,195,170,47,0,412,0,0,30,3,33,195,170,77,3,445,0,0,0,445
03/22/2010,RDU,NC,ASO,EN,Combined TRACON& Tower with Radar,215,215,65,11,506,0,2,18,17,37,215,217,83,28,543,0,0,0,543
03/23/2010,RDU,NC,ASO,EN,Combined TRACON& Tower with Radar,205,215,81,1,502,0,2,37,9,48,205,217,118,10,550,0,0,0,550
03/24/2010,RDU,NC,ASO,EN,Combined TRACON& Tower with Radar,207,223,88,4,522,0,0,82,10,92,207,223,170,14,614,0,0,0,614
03/25/2010,RDU,NC,ASO,EN,Combined TRACON& Tower with Radar,216,216,81,2,515,0,0,55,10,65,216,216,136,12,580,0,0,0,580
03/26/2010,RDU,NC,ASO,EN,Combined TRACON& Tower with Radar,219,221,81,13,534,0,0,18,3,21,219,221,99,16,555,0,0,0,555
03/27/2010,RDU,NC,ASO,EN,Combined TRACON& Tower with Radar,169,128,51,8,356,0,0,86,6,92,169,128,137,14,448,0,0,0,448
03/28/2010,RDU,NC,ASO,EN,Combined TRACON& Tower with Radar,191,169,45,11,416,0,0,11,0,11,191,169,56,11,427,0,0,0,427
03/29/2010,RDU,NC,ASO,EN,Combined TRACON& Tower with Radar,208,215,86,3,512,0,0,15,0,15,208,215,101,3,527,0,0,0,527
03/30/2010,RDU,NC,ASO,EN,Combined TRACON& Tower with Radar,208,215,54,5,482,0,1,41,10,52,208,216,95,15,534,0,0,0,534
03/31/2010,RDU,NC,ASO,EN,Combined TRACON& Tower with Radar,211,211,92,14,528,0,0,71,13,84,211,211,163,27,612,0,16,16,628
04/01/2010,RDU,NC,ASO,EN,Combined TRACON& Tower with Radar,215,224,70,3,512,0,1,76,19,96,215,225,146,22,608,0,0,0,608
04/02/2010,RDU,NC,ASO,EN,Combined TRACON& Tower with Radar,218,227,45,3,493,0,0,70,12,82,218,227,115,15,575,0,0,0,575
04/03/2010,RDU,NC,ASO,EN,Combined TRACON& Tower with Radar,176,125,33,0,334,0,2,55,0,57,176,127,88,0,391,0,0,0,391
04/04/2010,RDU,NC,ASO,EN,Combined TRACON& Tower with Radar,185,173,35,2,395,0,0,32,2,34,185,173,67,4,429,0,0,0,429
04/05/2010,RDU,NC,ASO,EN,Combined TRACON& Tower with Radar,204,213,72,3,492,0,0,66,10,76,204,213,138,13,568,0,0,0,568
04/06/2010,RDU,NC,ASO,EN,Combined TRACON& Tower with Radar,224,186,111,2,523,0,0,65,4,69,224,186,176,6,592,0,0,0,592
04/07/2010,RDU,NC,ASO,EN,Combined TRACON& Tower with Radar,219,183,99,4,505,0,0,60,12,72,219,183,159,16,577,0,0,0,577
04/08/2010,RDU,NC,ASO,EN,Combined TRACON& Tower with Radar,218,218,91,4,531,0,0,25,4,29,218,218,116,8,560,0,0,0,560
04/09/2010,RDU,NC,ASO,EN,Combined TRACON& Tower with Radar,223,204,123,2,552,0,2,39,3,44,223,206,162,5,596,0,0,0,596
04/10/2010,RDU,NC,ASO,EN,Combined TRACON& Tower with Radar,174,111,58,0,343,0,1,73,0,74,174,112,131,0,417,0,0,0,417
04/11/2010,RDU,NC,ASO,EN,Combined TRACON& Tower with Radar,188,155,57,8,408,0,0,73,8,81,188,155,130,16,489,0,0,0,489
04/12/2010,RDU,NC,ASO,EN,Combined TRACON& Tower with Radar,208,201,72,2,483,0,0,54,7,61,208,201,126,9,544,0,0,0,544
04/13/2010,RDU,NC,ASO,EN,Combined TRACON& Tower with Radar,221,194,84,7,506,0,1,66,14,81,221,195,150,21,587,0,0,0,587
04/14/2010,RDU,NC,ASO,EN,Combined TRACON& Tower with Radar,220,194,105,7,526,0,0,20,7,27,220,194,125,14,553,0,0,0,553
04/15/2010,RDU,NC,ASO,EN,Combined TRACON& Tower with Radar,219,203,115,5,542,0,0,84,10,94,219,203,199,15,636,0,0,0,636
04/16/2010,RDU,NC,ASO,EN,Combined TRACON& Tower with Radar,218,207,112,1,538,0,0,50,5,55,218,207,162,6,593,0,0,0,593
04/17/2010,RDU,NC,ASO,EN,Combined TRACON& Tower with Radar,179,102,34,4,319,0,0,36,5,41,179,102,70,9,360,0,0,0,360
04/18/2010,RDU,NC,ASO,EN,Combined TRACON& Tower with Radar,186,154,70,2,412,0,0,51,1,52,186,154,121,3,464,0,0,0,464
04/19/2010,RDU,NC,ASO,EN,Combined TRACON& Tower with Radar,208,189,52,5,454,0,1,51,11,63,208,190,103,16,517,0,0,0,517
04/20/2010,RDU,NC,ASO,EN,Combined TRACON& Tower with Radar,214,195,78,1,488,0,2,47,5,54,214,197,125,6,542,0,0,0,542
04/21/2010,RDU,NC,ASO,EN,Combined TRACON& Tower with Radar,218,201,89,6,514,0,0,17,7,24,218,201,106,13,538,0,0,0,538
04/22/2010,RDU,NC,ASO,EN,Combined TRACON& Tower with Radar,219,203,112,2,536,0,2,60,8,70,219,205,172,10,606,0,0,0,606
04/23/2010,RDU,NC,ASO,EN,Combined TRACON& Tower with Radar,223,200,94,4,521,0,0,47,11,58,223,200,141,15,579,0,0,0,579
04/24/2010,RDU,NC,ASO,EN,Combined TRACON& Tower with Radar,174,114,65,2,355,0,0,18,6,24,174,114,83,8,379,0,0,0,379
04/25/2010,RDU,NC,ASO,EN,Combined TRACON& Tower with Radar,193,135,46,0,374,0,1,2,2,5,193,136,48,2,379,0,0,0,379
04/26/2010,RDU,NC,ASO,EN,Combined TRACON& Tower with Radar,221,195,70,3,489,0,1,28,6,35,221,196,98,9,524,0,0,0,524
04/27/2010,RDU,NC,ASO,EN,Combined TRACON& Tower with Radar,221,188,88,2,499,0,2,43,4,49,221,190,131,6,548,0,0,0,548
04/28/2010,RDU,NC,ASO,EN,Combined TRACON& Tower with Radar,217,190,81,0,488,0,2,73,0,75,217,192,154,0,563,0,0,0,563
04/29/2010,RDU,NC,ASO,EN,Combined TRACON& Tower with Radar,221,208,100,0,529,0,2,90,3,95,221,210,190,3,624,0,0,0,624
04/30/2010,RDU,NC,ASO,EN,Combined TRACON& Tower with Radar,220,201,84,3,508,0,1,63,2,66,220,202,147,5,574,0,0,0,574
05/01/2010,RDU,NC,ASO,EN,Combined TRACON& Tower with Radar,175,105,51,0,331,0,0,29,8,37,175,105,80,8,368,0,0,0,368
05/02/2010,RDU,NC,ASO,EN,Combined TRACON& Tower with Radar,184,141,54,6,385,0,0,27,3,30,184,141,81,9,415,0,0,0,415
05/03/2010,RDU,NC,ASO,EN,Combined TRACON& Tower with Radar,207,193,58,2,460,0,0,8,0,8,207,193,66,2,468,0,0,0,468
05/04/2010,RDU,NC,ASO,EN,Combined TRACON& Tower with Radar,223,186,66,13,488,0,0,47,5,52,223,186,113,18,540,0,0,0,540
05/05/2010,RDU,NC,ASO,EN,Combined TRACON& Tower with Radar,226,188,75,2,491,0,0,53,9,62,226,188,128,11,553,0,0,0,553
05/06/2010,RDU,NC,ASO,EN,Combined TRACON& Tower with Radar,221,199,91,4,515,0,0,44,10,54,221,199,135,14,569,0,0,0,569
05/07/2010,RDU,NC,ASO,EN,Combined TRACON& Tower with Radar,224,190,78,4,496,0,0,45,5,50,224,190,123,9,546,0,0,0,546
05/08/2010,RDU,NC,ASO,EN,Combined TRACON& Tower with Radar,185,104,53,0,342,0,0,32,0,32,185,104,85,0,374,0,0,0,374
05/09/2010,RDU,NC,ASO,EN,Combined TRACON& Tower with Radar,196,144,56,1,397,0,0,42,5,47,196,144,98,6,444,0,0,0,444
05/10/2010,RDU,NC,ASO,EN,Combined TRACON& Tower with Radar,220,204,78,5,507,0,6,61,9,76,220,210,139,14,583,0,0,0,583
05/11/2010,RDU,NC,ASO,EN,Combined TRACON& Tower with Radar,233,206,80,2,521,0,0,34,10,44,233,206,114,12,565,0,0,0,565
05/12/2010,RDU,NC,ASO,EN,Combined TRACON& Tower with Radar,228,206,90,8,532,0,0,32,6,38,228,206,122,14,570,0,0,0,570
05/13/2010,RDU,NC,ASO,EN,Combined TRACON& Tower with Radar,231,220,100,8,559,0,0,34,14,48,231,220,134,22,607,0,0,0,607
05/14/2010,RDU,NC,ASO,EN,Combined TRACON& Tower with Radar,225,205,88,10,528,0,2,49,4,55,225,207,137,14,583,0,0,0,583
05/15/2010,RDU,NC,ASO,EN,Combined TRACON& Tower with Radar,182,122,57,2,363,0,1,60,2,63,182,123,117,4,426,0,0,0,426
05/16/2010,RDU,NC,ASO,EN,Combined TRACON& Tower with Radar,201,170,71,2,444,0,0,11,2,13,201,170,82,4,457,0,0,0,457
05/17/2010,RDU,NC,ASO,EN,Combined TRACON& Tower with Radar,223,205,72,4,504,0,0,2,0,2,223,205,74,4,506,0,0,0,506
05/18/2010,RDU,NC,ASO,EN,Combined TRACON& Tower with Radar,234,190,97,4,525,0,0,7,2,9,234,190,104,6,534,0,0,0,534
05/19/2010,RDU,NC,ASO,EN,Combined TRACON& Tower with Radar,229,202,109,7,547,0,0,20,3,23,229,202,129,10,570,0,0,0,570
05/20/2010,RDU,NC,ASO,EN,Combined TRACON& Tower with Radar,227,199,104,8,538,0,2,68,14,84,227,201,172,22,622,0,0,0,622
05/21/2010,RDU,NC,ASO,EN,Combined TRACON& Tower with Radar,229,191,84,2,506,0,0,54,6,60,229,191,138,8,566,0,0,0,566
05/22/2010,RDU,NC,ASO,EN,Combined TRACON& Tower with Radar,183,98,42,3,326,0,0,10,2,12,183,98,52,5,338,0,0,0,338
05/23/2010,RDU,NC,ASO,EN,Combined TRACON& Tower with Radar,197,142,47,3,389,0,0,10,0,10,197,142,57,3,399,0,0,0,399
05/24/2010,RDU,NC,ASO,EN,Combined TRACON& Tower with Radar,221,190,71,5,487,0,0,1,4,5,221,190,72,9,492,0,0,0,492
05/25/2010,RDU,NC,ASO,EN,Combined TRACON& Tower with Radar,232,204,96,6,538,0,0,17,13,30,232,204,113,19,568,0,0,0,568
05/26/2010,RDU,NC,ASO,EN,Combined TRACON& Tower with Radar,226,192,85,2,505,0,1,67,20,88,226,193,152,22,593,0,0,0,593
05/27/2010,RDU,NC,ASO,EN,Combined TRACON& Tower with Radar,226,195,96,8,525,0,1,69,8,78,226,196,165,16,603,0,0,0,603
05/28/2010,RDU,NC,ASO,EN,Combined TRACON& Tower with Radar,238,196,69,1,504,0,1,52,9,62,238,197,121,10,566,0,0,0,566
05/29/2010,RDU,NC,ASO,EN,Combined TRACON& Tower with Radar,175,104,41,0,320,0,0,9,2,11,175,104,50,2,331,0,0,0,331
05/30/2010,RDU,NC,ASO,EN,Combined TRACON& Tower with Radar,168,98,23,1,290,0,0,30,0,30,168,98,53,1,320,0,0,0,320
05/31/2010,RDU,NC,ASO,EN,Combined TRACON& Tower with Radar,195,138,41,0,374,0,0,25,0,25,195,138,66,0,399,0,0,0,399
06/01/2010,RDU,NC,ASO,EN,Combined TRACON& Tower with Radar,223,197,94,7,521,0,0,17,1,18,223,197,111,8,539,0,0,0,539
06/02/2010,RDU,NC,ASO,EN,Combined TRACON& Tower with Radar,232,189,75,3,499,0,2,17,13,32,232,191,92,16,531,0,0,0,531
06/03/2010,RDU,NC,ASO,EN,Combined TRACON& Tower with Radar,224,189,106,1,520,0,0,32,26,58,224,189,138,27,578,0,0,0,578
06/04/2010,RDU,NC,ASO,EN,Combined TRACON& Tower with Radar,231,193,51,5,480,0,2,46,15,63,231,195,97,20,543,0,0,0,543
06/05/2010,RDU,NC,ASO,EN,Combined TRACON& Tower with Radar,186,101,29,0,316,0,1,41,5,47,186,102,70,5,363,0,0,0,363
06/06/2010,RDU,NC,ASO,EN,Combined TRACON& Tower with Radar,195,146,63,0,404,0,2,34,8,44,195,148,97,8,448,0,0,0,448
06/07/2010,RDU,NC,ASO,EN,Combined TRACON& Tower with Radar,229,191,69,5,494,0,2,60,21,83,229,193,129,26,577,0,0,0,577
06/08/2010,RDU,NC,ASO,EN,Combined TRACON& Tower with Radar,230,189,88,1,508,0,4,75,11,90,230,193,163,12,598,0,0,0,598
06/09/2010,RDU,NC,ASO,EN,Combined TRACON& Tower with Radar,233,186,75,3,497,0,2,48,12,62,233,188,123,15,559,0,0,0,559
06/10/2010,RDU,NC,ASO,EN,Combined TRACON& Tower with Radar,247,200,81,6,534,0,0,42,8,50,247,200,123,14,584,0,0,0,584
06/11/2010,RDU,NC,ASO,EN,Combined TRACON& Tower with Radar,247,193,93,0,533,0,0,43,9,52,247,193,136,9,585,0,0,0,585
06/12/2010,RDU,NC,ASO,EN,Combined TRACON& Tower with Radar,200,106,29,0,335,0,0,35,7,42,200,106,64,7,377,0,0,0,377
06/13/2010,RDU,NC,ASO,EN,Combined TRACON& Tower with Radar,214,148,71,2,435,0,0,23,0,23,214,148,94,2,458,0,0,0,458
06/14/2010,RDU,NC,ASO,EN,Combined TRACON& Tower with Radar,246,189,69,14,518,0,0,37,13,50,246,189,106,27,568,0,0,0,568
06/15/2010,RDU,NC,ASO,EN,Combined TRACON& Tower with Radar,240,182,89,6,517,0,0,47,14,61,240,182,136,20,578,0,0,0,578
06/16/2010,RDU,NC,ASO,EN,Combined TRACON& Tower with Radar,242,182,91,11,526,0,2,15,9,26,242,184,106,20,552,0,0,0,552
06/17/2010,RDU,NC,ASO,EN,Combined TRACON& Tower with Radar,248,188,95,10,541,0,5,64,18,87,248,193,159,28,628,0,0,0,628
06/18/2010,RDU,NC,ASO,EN,Combined TRACON& Tower with Radar,251,181,95,6,533,0,1,61,8,70,251,182,156,14,603,0,0,0,603
06/19/2010,RDU,NC,ASO,EN,Combined TRACON& Tower with Radar,198,111,55,3,367,0,0,33,0,33,198,111,88,3,400,0,0,0,400
06/20/2010,RDU,NC,ASO,EN,Combined TRACON& Tower with Radar,215,132,49,0,396,0,0,40,2,42,215,132,89,2,438,0,0,0,438
06/21/2010,RDU,NC,ASO,EN,Combined TRACON& Tower with Radar,236,179,56,8,479,0,0,39,16,55,236,179,95,24,534,0,0,0,534
06/22/2010,RDU,NC,ASO,EN,Combined TRACON& Tower with Radar,260,191,85,24,560,0,2,61,19,82,260,193,146,43,642,0,0,0,642
06/23/2010,RDU,NC,ASO,EN,Combined TRACON& Tower with Radar,247,188,98,2,535,0,1,46,11,58,247,189,144,13,593,0,0,0,593
06/24/2010,RDU,NC,ASO,EN,Combined TRACON& Tower with Radar,240,189,80,11,520,0,2,37,14,53,240,191,117,25,573,0,0,0,573
06/25/2010,RDU,NC,ASO,EN,Combined TRACON& Tower with Radar,249,195,75,2,521,0,0,38,18,56,249,195,113,20,577,0,0,0,577
06/26/2010,RDU,NC,ASO,EN,Combined TRACON& Tower with Radar,202,105,45,0,352,0,1,41,1,43,202,106,86,1,395,0,0,0,395
06/27/2010,RDU,NC,ASO,EN,Combined TRACON& Tower with Radar,207,135,49,5,396,0,0,34,2,36,207,135,83,7,432,0,0,0,432
06/28/2010,RDU,NC,ASO,EN,Combined TRACON& Tower with Radar,237,181,53,4,475,0,0,54,26,80,237,181,107,30,555,0,0,0,555
06/29/2010,RDU,NC,ASO,EN,Combined TRACON& Tower with Radar,255,194,72,12,533,0,0,49,7,56,255,194,121,19,589,0,0,0,589
06/30/2010,RDU,NC,ASO,EN,Combined TRACON& Tower with Radar,252,186,108,5,551,0,1,38,12,51,252,187,146,17,602,0,0,0,602
07/01/2010,RDU,NC,ASO,EN,Combined TRACON& Tower with Radar,245,202,77,7,531,0,2,50,8,60,245,204,127,15,591,0,0,0,591
07/02/2010,RDU,NC,ASO,EN,Combined TRACON& Tower with Radar,239,182,54,7,482,0,0,52,6,58,239,182,106,13,540,0,0,0,540
07/03/2010,RDU,NC,ASO,EN,Combined TRACON& Tower with Radar,201,107,28,2,338,0,2,38,7,47,201,109,66,9,385,0,0,0,385
07/04/2010,RDU,NC,ASO,EN,Combined TRACON& Tower with Radar,167,122,20,1,310,0,0,22,8,30,167,122,42,9,340,0,0,0,340
07/05/2010,RDU,NC,ASO,EN,Combined TRACON& Tower with Radar,221,149,39,2,411,0,0,55,8,63,221,149,94,10,474,0,0,0,474
07/06/2010,RDU,NC,ASO,EN,Combined TRACON& Tower with Radar,240,186,61,8,495,0,0,47,9,56,240,186,108,17,551,0,0,0,551
07/07/2010,RDU,NC,ASO,EN,Combined TRACON& Tower with Radar,252,176,55,15,498,0,0,19,19,38,252,176,74,34,536,0,24,24,560
07/08/2010,RDU,NC,ASO,EN,Combined TRACON& Tower with Radar,246,186,86,7,525,0,0,39,11,50,246,186,125,18,575,0,0,0,575
07/09/2010,RDU,NC,ASO,EN,Combined TRACON& Tower with Radar,251,185,75,8,519,0,0,38,4,42,251,185,113,12,561,0,0,0,561
07/10/2010,RDU,NC,ASO,EN,Combined TRACON& Tower with Radar,205,108,39,2,354,0,1,21,8,30,205,109,60,10,384,0,0,0,384
07/11/2010,RDU,NC,ASO,EN,Combined TRACON& Tower with Radar,218,139,41,0,398,0,0,36,6,42,218,139,77,6,440,0,0,0,440
07/12/2010,RDU,NC,ASO,EN,Combined TRACON& Tower with Radar,239,172,74,4,489,0,0,30,6,36,239,172,104,10,525,0,0,0,525
07/13/2010,RDU,NC,ASO,EN,Combined TRACON& Tower with Radar,252,172,99,5,528,0,0,19,11,30,252,172,118,16,558,0,0,0,558
07/14/2010,RDU,NC,ASO,EN,Combined TRACON& Tower with Radar,241,183,102,15,541,0,6,37,18,61,241,189,139,33,602,0,0,0,602
07/15/2010,RDU,NC,ASO,EN,Combined TRACON& Tower with Radar,248,187,96,4,535,0,0,50,12,62,248,187,146,16,597,0,0,0,597
07/16/2010,RDU,NC,ASO,EN,Combined TRACON& Tower with Radar,246,206,55,6,513,0,0,38,11,49,246,206,93,17,562,0,0,0,562
07/17/2010,RDU,NC,ASO,EN,Combined TRACON& Tower with Radar,212,109,57,13,391,0,0,25,2,27,212,109,82,15,418,0,0,0,418
07/18/2010,RDU,NC,ASO,EN,Combined TRACON& Tower with Radar,209,144,62,3,418,0,1,36,9,46,209,145,98,12,464,22,0,22,486
07/19/2010,RDU,NC,ASO,EN,Combined TRACON& Tower with Radar,239,170,59,10,478,0,1,26,10,37,239,171,85,20,515,0,0,0,515
07/20/2010,RDU,NC,ASO,EN,Combined TRACON& Tower with Radar,258,186,63,5,512,0,0,40,12,52,258,186,103,17,564,0,0,0,564
07/21/2010,RDU,NC,ASO,EN,Combined TRACON& Tower with Radar,243,185,81,3,512,0,5,30,10,45,243,190,111,13,557,0,0,0,557
07/22/2010,RDU,NC,ASO,EN,Combined TRACON& Tower with Radar,249,186,91,9,535,0,0,31,7,38,249,186,122,16,573,0,0,0,573
07/23/2010,RDU,NC,ASO,EN,Combined TRACON& Tower with Radar,242,184,70,10,506,0,1,48,12,61,242,185,118,22,567,0,0,0,567
07/24/2010,RDU,NC,ASO,EN,Combined TRACON& Tower with Radar,202,104,41,10,357,0,0,36,2,38,202,104,77,12,395,0,0,0,395
07/25/2010,RDU,NC,ASO,EN,Combined TRACON& Tower with Radar,224,142,59,1,426,0,0,33,3,36,224,142,92,4,462,0,0,0,462
07/26/2010,RDU,NC,ASO,EN,Combined TRACON& Tower with Radar,245,179,68,4,496,0,0,41,11,52,245,179,109,15,548,0,0,0,548
07/27/2010,RDU,NC,ASO,EN,Combined TRACON& Tower with Radar,252,190,81,2,525,0,0,10,7,17,252,190,91,9,542,0,0,0,542
07/28/2010,RDU,NC,ASO,EN,Combined TRACON& Tower with Radar,246,199,90,4,539,0,0,29,15,44,246,199,119,19,583,0,0,0,583
07/29/2010,RDU,NC,ASO,EN,Combined TRACON& Tower with Radar,260,187,87,7,541,0,5,44,12,61,260,192,131,19,602,0,0,0,602
07/30/2010,RDU,NC,ASO,EN,Combined TRACON& Tower with Radar,261,175,74,0,510,0,0,54,11,65,261,175,128,11,575,0,0,0,575
07/31/2010,RDU,NC,ASO,EN,Combined TRACON& Tower with Radar,201,108,31,0,340,0,0,36,3,39,201,108,67,3,379,0,0,0,379
08/01/2010,RDU,NC,ASO,EN,Combined TRACON& Tower with Radar,214,137,74,2,427,0,0,9,0,9,214,137,83,2,436,8,0,8,444
08/02/2010,RDU,NC,ASO,EN,Combined TRACON& Tower with Radar,249,172,69,2,492,0,1,30,10,41,249,173,99,12,533,0,0,0,533
08/03/2010,RDU,NC,ASO,EN,Combined TRACON& Tower with Radar,253,173,94,2,522,0,2,36,15,53,253,175,130,17,575,0,0,0,575
08/04/2010,RDU,NC,ASO,EN,Combined TRACON& Tower with Radar,242,183,87,6,518,0,2,34,9,45,242,185,121,15,563,0,0,0,563
08/05/2010,RDU,NC,ASO,EN,Combined TRACON& Tower with Radar,254,173,78,1,506,0,2,30,14,46,254,175,108,15,552,0,0,0,552
08/06/2010,RDU,NC,ASO,EN,Combined TRACON& Tower with Radar,271,192,91,9,563,0,0,36,25,61,271,192,127,34,624,0,0,0,624
08/07/2010,RDU,NC,ASO,EN,Combined TRACON& Tower with Radar,216,110,33,3,362,0,0,41,2,43,216,110,74,5,405,0,0,0,405
08/08/2010,RDU,NC,ASO,EN,Combined TRACON& Tower with Radar,222,131,64,0,417,0,0,33,4,37,222,131,97,4,454,0,0,0,454
08/09/2010,RDU,NC,ASO,EN,Combined TRACON& Tower with Radar,249,175,81,2,507,0,0,37,16,53,249,175,118,18,560,0,0,0,560
08/10/2010,RDU,NC,ASO,EN,Combined TRACON& Tower with Radar,255,168,91,9,523,0,2,32,22,56,255,170,123,31,579,0,0,0,579
08/11/2010,RDU,NC,ASO,EN,Combined TRACON& Tower with Radar,249,178,84,3,514,0,2,31,17,50,249,180,115,20,564,0,0,0,564
08/12/2010,RDU,NC,ASO,EN,Combined TRACON& Tower with Radar,247,164,69,6,486,0,4,45,24,73,247,168,114,30,559,0,0,0,559
08/13/2010,RDU,NC,ASO,EN,Combined TRACON& Tower with Radar,253,173,64,4,494,0,1,21,13,35,253,174,85,17,529,0,0,0,529
08/14/2010,RDU,NC,ASO,EN,Combined TRACON& Tower with Radar,209,104,45,0,358,0,0,14,1,15,209,104,59,1,373,0,0,0,373
08/15/2010,RDU,NC,ASO,EN,Combined TRACON& Tower with Radar,216,137,44,4,401,0,0,30,2,32,216,137,74,6,433,0,0,0,433
08/16/2010,RDU,NC,ASO,EN,Combined TRACON& Tower with Radar,235,164,74,1,474,0,0,39,26,65,235,164,113,27,539,0,0,0,539
08/17/2010,RDU,NC,ASO,EN,Combined TRACON& Tower with Radar,243,185,71,13,512,0,2,55,27,84,243,187,126,40,596,0,0,0,596
08/18/2010,RDU,NC,ASO,EN,Combined TRACON& Tower with Radar,244,172,89,6,511,0,0,17,14,31,244,172,106,20,542,0,0,0,542
08/19/2010,RDU,NC,ASO,EN,Combined TRACON& Tower with Radar,238,191,104,5,538,0,0,7,5,12,238,191,111,10,550,0,0,0,550
08/20/2010,RDU,NC,ASO,EN,Combined TRACON& Tower with Radar,242,201,79,9,531,0,0,49,17,66,242,201,128,26,597,0,0,0,597
08/21/2010,RDU,NC,ASO,EN,Combined TRACON& Tower with Radar,199,103,53,3,358,0,0,45,2,47,199,103,98,5,405,0,0,0,405
08/22/2010,RDU,NC,ASO,EN,Combined TRACON& Tower with Radar,209,140,53,0,402,0,2,18,2,22,209,142,71,2,424,0,0,0,424
08/23/2010,RDU,NC,ASO,EN,Combined TRACON& Tower with Radar,237,171,80,6,494,0,2,27,12,41,237,173,107,18,535,0,0,0,535
08/24/2010,RDU,NC,ASO,EN,Combined TRACON& Tower with Radar,240,184,88,8,520,0,0,4,4,8,240,184,92,12,528,0,0,0,528
08/25/2010,RDU,NC,ASO,EN,Combined TRACON& Tower with Radar,237,177,111,1,526,0,0,37,28,65,237,177,148,29,591,0,0,0,591
08/26/2010,RDU,NC,ASO,EN,Combined TRACON& Tower with Radar,239,202,93,2,536,0,0,43,27,70,239,202,136,29,606,0,0,0,606
08/27/2010,RDU,NC,ASO,EN,Combined TRACON& Tower with Radar,238,191,75,1,505,0,2,53,4,59,238,193,128,5,564,0,0,0,564
08/28/2010,RDU,NC,ASO,EN,Combined TRACON& Tower with Radar,197,112,47,2,358,0,0,45,4,49,197,112,92,6,407,0,0,0,407
08/29/2010,RDU,NC,ASO,EN,Combined TRACON& Tower with Radar,204,140,45,0,389,0,1,48,4,53,204,141,93,4,442,0,0,0,442
08/30/2010,RDU,NC,ASO,EN,Combined TRACON& Tower with Radar,230,185,61,9,485,0,3,58,26,87,230,188,119,35,572,0,0,0,572
08/31/2010,RDU,NC,ASO,EN,Combined TRACON& Tower with Radar,239,181,65,5,490,0,0,65,10,75,239,181,130,15,565,0,0,0,565
09/01/2010,RDU,NC,ASO,EN,Combined TRACON& Tower with Radar,228,179,100,2,509,0,0,40,19,59,228,179,140,21,568,0,0,0,568
09/02/2010,RDU,NC,ASO,EN,Combined TRACON& Tower with Radar,243,184,63,10,500,0,4,38,24,66,243,188,101,34,566,0,0,0,566
09/03/2010,RDU,NC,ASO,EN,Combined TRACON& Tower with Radar,240,183,55,10,488,0,0,39,11,50,240,183,94,21,538,0,0,0,538
09/04/2010,RDU,NC,ASO,EN,Combined TRACON& Tower with Radar,186,118,28,1,333,0,1,53,2,56,186,119,81,3,389,0,0,0,389
09/05/2010,RDU,NC,ASO,EN,Combined TRACON& Tower with Radar,171,124,41,1,337,0,0,45,2,47,171,124,86,3,384,0,0,0,384
09/06/2010,RDU,NC,ASO,EN,Combined TRACON& Tower with Radar,216,145,44,3,408,0,0,53,0,53,216,145,97,3,461,0,0,0,461
09/07/2010,RDU,NC,ASO,EN,Combined TRACON& Tower with Radar,241,162,83,3,489,0,0,33,20,53,241,162,116,23,542,0,0,0,542
09/08/2010,RDU,NC,ASO,EN,Combined TRACON& Tower with Radar,240,174,71,9,494,0,1,38,21,60,240,175,109,30,554,0,0,0,554
09/09/2010,RDU,NC,ASO,EN,Combined TRACON& Tower with Radar,241,180,61,4,486,0,0,66,27,93,241,180,127,31,579,0,0,0,579
09/10/2010,RDU,NC,ASO,EN,Combined TRACON& Tower with Radar,247,179,77,7,510,0,0,51,18,69,247,179,128,25,579,0,0,0,579
09/11/2010,RDU,NC,ASO,EN,Combined TRACON& Tower with Radar,193,96,42,4,335,0,0,36,5,41,193,96,78,9,376,0,0,0,376
09/12/2010,RDU,NC,ASO,EN,Combined TRACON& Tower with Radar,218,120,67,1,406,0,0,23,9,32,218,120,90,10,438,0,0,0,438
09/13/2010,RDU,NC,ASO,EN,Combined TRACON& Tower with Radar,237,164,86,8,495,0,2,52,16,70,237,166,138,24,565,0,0,0,565
09/14/2010,RDU,NC,ASO,EN,Combined TRACON& Tower with Radar,241,163,90,8,502,0,1,58,21,80,241,164,148,29,582,0,0,0,582
09/15/2010,RDU,NC,ASO,EN,Combined TRACON& Tower with Radar,243,166,94,2,505,0,2,60,21,83,243,168,154,23,588,0,0,0,588
09/16/2010,RDU,NC,ASO,EN,Combined TRACON& Tower with Radar,239,166,115,9,529,0,1,71,19,91,239,167,186,28,620,0,0,0,620
09/17/2010,RDU,NC,ASO,EN,Combined TRACON& Tower with Radar,250,175,95,11,531,0,2,72,7,81,250,177,167,18,612,0,0,0,612
09/18/2010,RDU,NC,ASO,EN,Combined TRACON& Tower with Radar,196,103,77,4,380,0,0,42,6,48,196,103,119,10,428,0,0,0,428
09/19/2010,RDU,NC,ASO,EN,Combined TRACON& Tower with Radar,215,127,63,2,407,0,0,40,1,41,215,127,103,3,448,0,0,0,448
09/20/2010,RDU,NC,ASO,EN,Combined TRACON& Tower with Radar,232,158,63,9,462,0,0,34,6,40,232,158,97,15,502,0,0,0,502
09/21/2010,RDU,NC,ASO,EN,Combined TRACON& Tower with Radar,245,158,89,0,492,0,0,38,4,42,245,158,127,4,534,0,0,0,534
09/22/2010,RDU,NC,ASO,EN,Combined TRACON& Tower with Radar,237,170,95,1,503,0,0,52,10,62,237,170,147,11,565,0,0,0,565
09/23/2010,RDU,NC,ASO,EN,Combined TRACON& Tower with Radar,252,174,96,3,525,0,0,53,11,64,252,174,149,14,589,0,0,0,589
09/24/2010,RDU,NC,ASO,EN,Combined TRACON& Tower with Radar,251,166,81,0,498,0,0,34,2,36,251,166,115,2,534,0,0,0,534
09/25/2010,RDU,NC,ASO,EN,Combined TRACON& Tower with Radar,199,94,31,0,324,0,0,58,9,67,199,94,89,9,391,0,0,0,391
09/26/2010,RDU,NC,ASO,EN,Combined TRACON& Tower with Radar,217,137,74,0,428,0,0,13,2,15,217,137,87,2,443,0,0,0,443
09/27/2010,RDU,NC,ASO,EN,Combined TRACON& Tower with Radar,230,150,62,1,443,0,0,0,0,0,230,150,62,1,443,0,0,0,443
09/28/2010,RDU,NC,ASO,EN,Combined TRACON& Tower with Radar,240,148,67,7,462,0,0,35,26,61,240,148,102,33,523,0,0,0,523
09/29/2010,RDU,NC,ASO,EN,Combined TRACON& Tower with Radar,241,166,92,4,503,0,0,0,0,0,241,166,92,4,503,0,0,0,503
09/30/2010,RDU,NC,ASO,EN,Combined TRACON& Tower with Radar,241,159,94,4,498,0,0,2,1,3,241,159,96,5,501,0,0,0,501
10/01/2010,RDU,NC,ASO,EN,Combined TRACON& Tower with Radar,254,171,103,6,534,0,3,37,36,76,254,174,140,42,610,0,0,0,610
10/02/2010,RDU,NC,ASO,EN,Combined TRACON& Tower with Radar,193,102,64,5,364,0,2,62,34,98,193,104,126,39,462,0,0,0,462
10/03/2010,RDU,NC,ASO,EN,Combined TRACON& Tower with Radar,222,130,87,4,443,0,0,23,4,27,222,130,110,8,470,0,0,0,470
10/04/2010,RDU,NC,ASO,EN,Combined TRACON& Tower with Radar,238,162,80,8,488,0,0,29,19,48,238,162,109,27,536,0,0,0,536
10/05/2010,RDU,NC,ASO,EN,Combined TRACON& Tower with Radar,242,164,71,4,481,0,1,54,31,86,242,165,125,35,567,0,0,0,567
10/06/2010,RDU,NC,ASO,EN,Combined TRACON& Tower with Radar,239,171,76,2,488,0,0,55,25,80,239,171,131,27,568,0,0,0,568
10/07/2010,RDU,NC,ASO,EN,Combined TRACON& Tower with Radar,254,187,80,4,525,0,0,72,23,95,254,187,152,27,620,0,0,0,620
10/08/2010,RDU,NC,ASO,EN,Combined TRACON& Tower with Radar,255,177,93,2,527,0,5,59,8,72,255,182,152,10,599,0,0,0,599
10/09/2010,RDU,NC,ASO,EN,Combined TRACON& Tower with Radar,205,84,54,2,345,0,0,64,4,68,205,84,118,6,413,0,0,0,413
10/10/2010,RDU,NC,ASO,EN,Combined TRACON& Tower with Radar,218,137,53,0,408,0,0,37,4,41,218,137,90,4,449,0,0,0,449
10/11/2010,RDU,NC,ASO,EN,Combined TRACON& Tower with Radar,240,165,74,1,480,0,0,31,4,35,240,165,105,5,515,0,0,0,515
10/12/2010,RDU,NC,ASO,EN,Combined TRACON& Tower with Radar,251,177,77,12,517,0,3,62,12,77,251,180,139,24,594,0,0,0,594
10/13/2010,RDU,NC,ASO,EN,Combined TRACON& Tower with Radar,247,164,86,3,500,0,4,51,22,77,247,168,137,25,577,0,0,0,577
10/14/2010,RDU,NC,ASO,EN,Combined TRACON& Tower with Radar,248,161,92,3,504,0,1,12,27,40,248,162,104,30,544,0,0,0,544
10/15/2010,RDU,NC,ASO,EN,Combined TRACON& Tower with Radar,245,161,81,9,496,0,2,39,14,55,245,163,120,23,551,0,0,0,551
10/16/2010,RDU,NC,ASO,EN,Combined TRACON& Tower with Radar,197,97,43,2,339,0,0,63,2,65,197,97,106,4,404,0,0,0,404
10/17/2010,RDU,NC,ASO,EN,Combined TRACON& Tower with Radar,226,130,62,3,421,0,0,68,0,68,226,130,130,3,489,0,0,0,489
10/18/2010,RDU,NC,ASO,EN,Combined TRACON& Tower with Radar,234,154,61,3,452,0,0,59,16,75,234,154,120,19,527,0,0,0,527
10/19/2010,RDU,NC,ASO,EN,Combined TRACON& Tower with Radar,243,170,79,6,498,0,3,59,21,83,243,173,138,27,581,0,0,0,581
10/20/2010,RDU,NC,ASO,EN,Combined TRACON& Tower with Radar,243,181,87,5,516,0,0,5,10,15,243,181,92,15,531,0,0,0,531
10/21/2010,RDU,NC,ASO,EN,Combined TRACON& Tower with Radar,247,172,77,11,507,0,1,62,11,74,247,173,139,22,581,0,0,0,581
10/22/2010,RDU,NC,ASO,EN,Combined TRACON& Tower with Radar,248,188,93,4,533,0,3,64,15,82,248,191,157,19,615,0,0,0,615
10/23/2010,RDU,NC,ASO,EN,Combined TRACON& Tower with Radar,194,102,37,4,337,0,5,68,8,81,194,107,105,12,418,0,0,0,418
10/24/2010,RDU,NC,ASO,EN,Combined TRACON& Tower with Radar,223,151,75,1,450,0,0,53,2,55,223,151,128,3,505,0,0,0,505
10/25/2010,RDU,NC,ASO,EN,Combined TRACON& Tower with Radar,245,159,87,2,493,0,1,12,12,25,245,160,99,14,518,0,0,0,518
10/26/2010,RDU,NC,ASO,EN,Combined TRACON& Tower with Radar,230,161,114,4,509,0,2,13,15,30,230,163,127,19,539,0,0,0,539
10/27/2010,RDU,NC,ASO,EN,Combined TRACON& Tower with Radar,232,158,97,4,491,0,0,7,16,23,232,158,104,20,514,0,0,0,514
10/28/2010,RDU,NC,ASO,EN,Combined TRACON& Tower with Radar,251,167,102,7,527,0,0,34,8,42,251,167,136,15,569,0,0,0,569
10/29/2010,RDU,NC,ASO,EN,Combined TRACON& Tower with Radar,254,165,84,2,505,0,0,72,14,86,254,165,156,16,591,0,0,0,591
10/30/2010,RDU,NC,ASO,EN,Combined TRACON& Tower with Radar,198,89,47,7,341,0,0,69,3,72,198,89,116,10,413,0,0,0,413
10/31/2010,RDU,NC,ASO,EN,Combined TRACON& Tower with Radar,220,122,67,0,409,0,0,52,1,53,220,122,119,1,462,0,0,0,462
11/01/2010,RDU,NC,ASO,EN,Combined TRACON& Tower with Radar,245,179,65,7,496,0,1,45,4,50,245,180,110,11,546,0,0,0,546
11/02/2010,RDU,NC,ASO,EN,Combined TRACON& Tower with Radar,244,176,70,3,493,0,1,65,17,83,244,177,135,20,576,0,0,0,576
11/03/2010,RDU,NC,ASO,EN,Combined TRACON& Tower with Radar,249,183,93,5,530,0,1,7,22,30,249,184,100,27,560,0,0,0,560
11/04/2010,RDU,NC,ASO,EN,Combined TRACON& Tower with Radar,259,194,84,26,563,0,0,5,4,9,259,194,89,30,572,0,0,0,572
11/05/2010,RDU,NC,ASO,EN,Combined TRACON& Tower with Radar,265,191,88,8,552,0,0,38,16,54,265,191,126,24,606,0,0,0,606
11/06/2010,RDU,NC,ASO,EN,Combined TRACON& Tower with Radar,201,110,61,1,373,0,0,35,3,38,201,110,96,4,411,0,0,0,411
11/07/2010,RDU,NC,ASO,EN,Combined TRACON& Tower with Radar,230,138,44,1,413,0,0,50,5,55,230,138,94,6,468,0,0,0,468
11/08/2010,RDU,NC,ASO,EN,Combined TRACON& Tower with Radar,244,171,71,7,493,0,0,33,18,51,244,171,104,25,544,0,0,0,544
11/09/2010,RDU,NC,ASO,EN,Combined TRACON& Tower with Radar,246,198,83,7,534,0,0,62,22,84,246,198,145,29,618,0,0,0,618
11/10/2010,RDU,NC,ASO,EN,Combined TRACON& Tower with Radar,252,193,59,10,514,0,0,39,19,58,252,193,98,29,572,0,0,0,572
11/11/2010,RDU,NC,ASO,EN,Combined TRACON& Tower with Radar,257,186,83,4,530,0,3,41,6,50,257,189,124,10,580,0,0,0,580
11/12/2010,RDU,NC,ASO,EN,Combined TRACON& Tower with Radar,258,192,84,2,536,0,2,43,4,49,258,194,127,6,585,0,0,0,585
11/13/2010,RDU,NC,ASO,EN,Combined TRACON& Tower with Radar,197,117,58,0,372,0,1,68,4,73,197,118,126,4,445,0,0,0,445
11/14/2010,RDU,NC,ASO,EN,Combined TRACON& Tower with Radar,233,144,66,1,444,0,1,71,4,76,233,145,137,5,520,0,0,0,520
11/15/2010,RDU,NC,ASO,EN,Combined TRACON& Tower with Radar,244,190,83,9,526,0,1,46,7,54,244,191,129,16,580,0,0,0,580
11/16/2010,RDU,NC,ASO,EN,Combined TRACON& Tower with Radar,244,186,93,2,525,0,2,9,8,19,244,188,102,10,544,0,0,0,544
11/17/2010,RDU,NC,ASO,EN,Combined TRACON& Tower with Radar,256,194,73,12,535,0,1,54,20,75,256,195,127,32,610,0,0,0,610
11/18/2010,RDU,NC,ASO,EN,Combined TRACON& Tower with Radar,266,183,92,5,546,0,0,40,23,63,266,183,132,28,609,0,0,0,609
11/19/2010,RDU,NC,ASO,EN,Combined TRACON& Tower with Radar,274,172,92,18,556,0,2,82,8,92,274,174,174,26,648,0,0,0,648
11/20/2010,RDU,NC,ASO,EN,Combined TRACON& Tower with Radar,220,108,47,0,375,0,0,80,0,80,220,108,127,0,455,0,0,0,455
11/21/2010,RDU,NC,ASO,EN,Combined TRACON& Tower with Radar,232,137,62,2,433,0,0,58,5,63,232,137,120,7,496,0,0,0,496
11/22/2010,RDU,NC,ASO,EN,Combined TRACON& Tower with Radar,260,167,101,5,533,0,1,40,29,70,260,168,141,34,603,0,0,0,603
11/23/2010,RDU,NC,ASO,EN,Combined TRACON& Tower with Radar,264,187,90,7,548,0,1,37,26,64,264,188,127,33,612,0,0,0,612
11/24/2010,RDU,NC,ASO,EN,Combined TRACON& Tower with Radar,269,183,113,0,565,0,2,57,5,64,269,185,170,5,629,0,0,0,629
11/25/2010,RDU,NC,ASO,EN,Combined TRACON& Tower with Radar,171,96,33,0,300,0,1,1,2,4,171,97,34,2,304,0,0,0,304
11/26/2010,RDU,NC,ASO,EN,Combined TRACON& Tower with Radar,210,108,31,0,349,0,0,12,0,12,210,108,43,0,361,0,0,0,361
11/27/2010,RDU,NC,ASO,EN,Combined TRACON& Tower with Radar,234,134,42,0,410,0,0,59,0,59,234,134,101,0,469,0,0,0,469
11/28/2010,RDU,NC,ASO,EN,Combined TRACON& Tower with Radar,259,166,99,0,524,0,0,48,2,50,259,166,147,2,574,0,0,0,574
11/29/2010,RDU,NC,ASO,EN,Combined TRACON& Tower with Radar,267,179,77,10,533,0,0,28,22,50,267,179,105,32,583,0,0,0,583
11/30/2010,RDU,NC,ASO,EN,Combined TRACON& Tower with Radar,255,186,46,5,492,0,0,10,11,21,255,186,56,16,513,0,0,0,513
12/01/2010,RDU,NC,ASO,EN,Combined TRACON& Tower with Radar,246,180,85,2,513,0,0,24,21,45,246,180,109,23,558,0,0,0,558
12/02/2010,RDU,NC,ASO,EN,Combined TRACON& Tower with Radar,263,214,118,3,598,0,1,44,20,65,263,215,162,23,663,0,0,0,663
12/03/2010,RDU,NC,ASO,EN,Combined TRACON& Tower with Radar,270,186,68,9,533,0,0,40,12,52,270,186,108,21,585,0,0,0,585
12/04/2010,RDU,NC,ASO,EN,Combined TRACON& Tower with Radar,205,101,39,2,347,0,0,24,0,24,205,101,63,2,371,0,0,0,371
12/05/2010,RDU,NC,ASO,EN,Combined TRACON& Tower with Radar,233,139,42,1,415,0,0,19,6,25,233,139,61,7,440,0,0,0,440
12/06/2010,RDU,NC,ASO,EN,Combined TRACON& Tower with Radar,252,168,69,8,497,0,5,23,15,43,252,173,92,23,540,0,0,0,540
12/07/2010,RDU,NC,ASO,EN,Combined TRACON& Tower with Radar,252,175,81,2,510,0,3,39,10,52,252,178,120,12,562,0,0,0,562
12/08/2010,RDU,NC,ASO,EN,Combined TRACON& Tower with Radar,253,182,84,12,531,0,4,42,16,62,253,186,126,28,593,0,0,0,593
12/09/2010,RDU,NC,ASO,EN,Combined TRACON& Tower with Radar,260,180,92,5,537,0,3,53,15,71,260,183,145,20,608,0,0,0,608
12/10/2010,RDU,NC,ASO,EN,Combined TRACON& Tower with Radar,263,179,57,3,502,0,0,47,5,52,263,179,104,8,554,0,0,0,554
12/11/2010,RDU,NC,ASO,EN,Combined TRACON& Tower with Radar,196,105,50,0,351,0,1,10,0,11,196,106,60,0,362,0,0,0,362
12/12/2010,RDU,NC,ASO,EN,Combined TRACON& Tower with Radar,191,118,29,2,340,0,0,1,0,1,191,118,30,2,341,0,0,0,341
12/13/2010,RDU,NC,ASO,EN,Combined TRACON& Tower with Radar,246,148,57,5,456,0,0,30,11,41,246,148,87,16,497,0,0,0,497
12/14/2010,RDU,NC,ASO,EN,Combined TRACON& Tower with Radar,253,165,69,3,490,0,2,48,11,61,253,167,117,14,551,0,0,0,551
12/15/2010,RDU,NC,ASO,EN,Combined TRACON& Tower with Radar,263,167,85,6,521,0,1,50,10,61,263,168,135,16,582,0,0,0,582
12/16/2010,RDU,NC,ASO,EN,Combined TRACON& Tower with Radar,241,134,64,0,439,0,0,0,2,2,241,134,64,2,441,0,0,0,441
12/17/2010,RDU,NC,ASO,EN,Combined TRACON& Tower with Radar,260,190,88,11,549,0,1,22,12,35,260,191,110,23,584,0,0,0,584
12/18/2010,RDU,NC,ASO,EN,Combined TRACON& Tower with Radar,221,103,40,3,367,0,0,10,1,11,221,103,50,4,378,0,0,0,378
12/19/2010,RDU,NC,ASO,EN,Combined TRACON& Tower with Radar,220,148,52,6,426,0,0,33,1,34,220,148,85,7,460,0,0,0,460
12/20/2010,RDU,NC,ASO,EN,Combined TRACON& Tower with Radar,230,172,62,7,471,0,2,53,21,76,230,174,115,28,547,0,0,0,547
12/21/2010,RDU,NC,ASO,EN,Combined TRACON& Tower with Radar,259,187,63,4,513,0,6,42,18,66,259,193,105,22,579,0,0,0,579
12/22/2010,RDU,NC,ASO,EN,Combined TRACON& Tower with Radar,258,189,78,1,526,0,2,41,0,43,258,191,119,1,569,0,0,0,569
12/23/2010,RDU,NC,ASO,EN,Combined TRACON& Tower with Radar,262,191,37,0,490,0,6,55,0,61,262,197,92,0,551,0,0,0,551
12/24/2010,RDU,NC,ASO,EN,Combined TRACON& Tower with Radar,203,130,12,0,345,0,3,34,0,37,203,133,46,0,382,0,0,0,382
12/25/2010,RDU,NC,ASO,EN,Combined TRACON& Tower with Radar,180,98,7,1,286,0,0,3,1,4,180,98,10,2,290,0,0,0,290
12/26/2010,RDU,NC,ASO,EN,Combined TRACON& Tower with Radar,113,70,26,0,209,0,0,4,0,4,113,70,30,0,213,0,0,0,213
12/27/2010,RDU,NC,ASO,EN,Combined TRACON& Tower with Radar,182,127,49,0,358,0,1,20,5,26,182,128,69,5,384,0,0,0,384
12/28/2010,RDU,NC,ASO,EN,Combined TRACON& Tower with Radar,219,162,63,3,447,0,2,36,7,45,219,164,99,10,492,0,0,0,492
12/29/2010,RDU,NC,ASO,EN,Combined TRACON& Tower with Radar,249,167,45,7,468,0,2,58,11,71,249,169,103,18,539,0,0,0,539
12/30/2010,RDU,NC,ASO,EN,Combined TRACON& Tower with Radar,242,167,52,8,469,0,1,38,2,41,242,168,90,10,510,0,0,0,510
12/31/2010,RDU,NC,ASO,EN,Combined TRACON& Tower with Radar,205,112,34,0,351,0,2,50,2,54,205,114,84,2,405,0,0,0,405
01/01/2011,RDU,NC,ASO,EN,Combined TRACON& Tower with Radar,190,102,37,0,329,0,0,1,1,2,190,102,38,1,331,0,0,0,331
01/02/2011,RDU,NC,ASO,EN,Combined TRACON& Tower with Radar,225,162,72,1,460,0,0,2,0,2,225,162,74,1,462,0,0,0,462
01/03/2011,RDU,NC,ASO,EN,Combined TRACON& Tower with Radar,242,173,47,6,468,0,0,49,8,57,242,173,96,14,525,0,0,0,525
01/04/2011,RDU,NC,ASO,EN,Combined TRACON& Tower with Radar,244,186,70,9,509,0,1,60,18,79,244,187,130,27,588,0,0,0,588
01/05/2011,RDU,NC,ASO,EN,Combined TRACON& Tower with Radar,255,174,56,13,498,0,0,30,16,46,255,174,86,29,544,0,0,0,544
01/06/2011,RDU,NC,ASO,EN,Combined TRACON& Tower with Radar,242,171,73,13,499,0,0,36,14,50,242,171,109,27,549,0,0,0,549
01/07/2011,RDU,NC,ASO,EN,Combined TRACON& Tower with Radar,246,158,71,5,480,0,1,33,13,47,246,159,104,18,527,0,0,0,527
01/08/2011,RDU,NC,ASO,EN,Combined TRACON& Tower with Radar,212,95,39,9,355,0,0,19,13,32,212,95,58,22,387,0,0,0,387
01/09/2011,RDU,NC,ASO,EN,Combined TRACON& Tower with Radar,201,134,80,2,417,0,0,49,13,62,201,134,129,15,479,0,30,30,509
01/10/2011,RDU,NC,ASO,EN,Combined TRACON& Tower with Radar,174,137,48,0,359,0,0,2,1,3,174,137,50,1,362,0,0,0,362
01/11/2011,RDU,NC,ASO,EN,Combined TRACON& Tower with Radar,137,96,22,0,255,0,0,0,0,0,137,96,22,0,255,0,0,0,255
01/12/2011,RDU,NC,ASO,EN,Combined TRACON& Tower with Radar,207,132,45,6,390,0,1,31,21,53,207,133,76,27,443,0,0,0,443
01/13/2011,RDU,NC,ASO,EN,Combined TRACON& Tower with Radar,240,188,66,11,505,0,2,59,33,94,240,190,125,44,599,0,0,0,599
01/14/2011,RDU,NC,ASO,EN,Combined TRACON& Tower with Radar,250,179,77,0,506,0,0,68,13,81,250,179,145,13,587,0,0,0,587
01/15/2011,RDU,NC,ASO,EN,Combined TRACON& Tower with Radar,197,104,54,0,355,0,0,60,2,62,197,104,114,2,417,0,0,0,417
01/16/2011,RDU,NC,ASO,EN,Combined TRACON& Tower with Radar,203,123,32,0,358,0,0,69,0,69,203,123,101,0,427,0,0,0,427
01/17/2011,RDU,NC,ASO,EN,Combined TRACON& Tower with Radar,234,149,55,0,438,0,0,14,3,17,234,149,69,3,455,0,0,0,455
01/18/2011,RDU,NC,ASO,EN,Combined TRACON& Tower with Radar,232,156,78,4,470,0,0,15,7,22,232,156,93,11,492,0,0,0,492
01/19/2011,RDU,NC,ASO,EN,Combined TRACON& Tower with Radar,251,193,78,6,528,0,0,41,18,59,251,193,119,24,587,0,0,0,587
01/20/2011,RDU,NC,ASO,EN,Combined TRACON& Tower with Radar,246,174,71,0,491,0,0,51,18,69,246,174,122,18,560,0,0,0,560
01/21/2011,RDU,NC,ASO,EN,Combined TRACON& Tower with Radar,232,171,65,11,479,0,1,45,15,61,232,172,110,26,540,0,0,0,540
01/22/2011,RDU,NC,ASO,EN,Combined TRACON& Tower with Radar,186,97,16,1,300,0,0,52,3,55,186,97,68,4,355,0,0,0,355
01/23/2011,RDU,NC,ASO,EN,Combined TRACON& Tower with Radar,208,125,29,1,363,0,0,54,8,62,208,125,83,9,425,0,0,0,425
01/24/2011,RDU,NC,ASO,EN,Combined TRACON& Tower with Radar,242,167,77,6,492,0,0,27,15,42,242,167,104,21,534,0,0,0,534
01/25/2011,RDU,NC,ASO,EN,Combined TRACON& Tower with Radar,239,200,74,2,515,0,0,17,14,31,239,200,91,16,546,0,0,0,546
01/26/2011,RDU,NC,ASO,EN,Combined TRACON& Tower with Radar,209,138,70,0,417,0,0,0,2,2,209,138,70,2,419,0,0,0,419
01/27/2011,RDU,NC,ASO,EN,Combined TRACON& Tower with Radar,222,163,89,2,476,0,2,48,21,71,222,165,137,23,547,0,0,0,547
01/28/2011,RDU,NC,ASO,EN,Combined TRACON& Tower with Radar,247,190,84,10,531,0,2,48,18,68,247,192,132,28,599,0,0,0,599
01/29/2011,RDU,NC,ASO,EN,Combined TRACON& Tower with Radar,187,106,39,0,332,0,0,67,3,70,187,106,106,3,402,0,0,0,402
01/30/2011,RDU,NC,ASO,EN,Combined TRACON& Tower with Radar,209,162,64,12,447,0,0,55,2,57,209,162,119,14,504,0,0,0,504
01/31/2011,RDU,NC,ASO,EN,Combined TRACON& Tower with Radar,245,179,67,14,505,0,0,18,8,26,245,179,85,22,531,0,0,0,531
02/01/2011,RDU,NC,ASO,EN,Combined TRACON& Tower with Radar,191,142,68,8,409,0,0,8,8,16,191,142,76,16,425,0,0,0,425
02/02/2011,RDU,NC,ASO,EN,Combined TRACON& Tower with Radar,185,130,75,3,393,0,0,17,16,33,185,130,92,19,426,0,0,0,426
02/03/2011,RDU,NC,ASO,EN,Combined TRACON& Tower with Radar,230,176,96,11,513,0,2,44,16,62,230,178,140,27,575,0,0,0,575
02/04/2011,RDU,NC,ASO,EN,Combined TRACON& Tower with Radar,254,162,65,2,483,0,0,0,0,0,254,162,65,2,483,0,0,0,483
02/05/2011,RDU,NC,ASO,EN,Combined TRACON& Tower with Radar,192,114,35,4,345,0,0,1,1,2,192,114,36,5,347,0,0,0,347
02/06/2011,RDU,NC,ASO,EN,Combined TRACON& Tower with Radar,208,145,45,2,400,0,1,77,1,79,208,146,122,3,479,0,0,0,479
02/07/2011,RDU,NC,ASO,EN,Combined TRACON& Tower with Radar,235,180,64,5,484,0,3,36,22,61,235,183,100,27,545,0,0,0,545
02/08/2011,RDU,NC,ASO,EN,Combined TRACON& Tower with Radar,240,173,74,16,503,0,2,54,29,85,240,175,128,45,588,0,0,0,588
02/09/2011,RDU,NC,ASO,EN,Combined TRACON& Tower with Radar,234,197,84,5,520,0,0,54,24,78,234,197,138,29,598,0,0,0,598
02/10/2011,RDU,NC,ASO,EN,Combined TRACON& Tower with Radar,244,202,104,5,555,0,3,34,28,65,244,205,138,33,620,0,0,0,620
02/11/2011,RDU,NC,ASO,EN,Combined TRACON& Tower with Radar,249,180,64,9,502,0,3,71,25,99,249,183,135,34,601,0,0,0,601
02/12/2011,RDU,NC,ASO,EN,Combined TRACON& Tower with Radar,196,100,39,5,340,0,0,52,14,66,196,100,91,19,406,0,0,0,406
02/13/2011,RDU,NC,ASO,EN,Combined TRACON& Tower with Radar,211,125,51,2,389,0,1,67,7,75,211,126,118,9,464,18,0,18,482
02/14/2011,RDU,NC,ASO,EN,Combined TRACON& Tower with Radar,233,165,58,2,458,0,0,27,18,45,233,165,85,20,503,0,0,0,503
02/15/2011,RDU,NC,ASO,EN,Combined TRACON& Tower with Radar,245,181,83,2,511,0,2,77,34,113,245,183,160,36,624,0,0,0,624
02/16/2011,RDU,NC,ASO,EN,Combined TRACON& Tower with Radar,242,185,78,3,508,0,2,55,22,79,242,187,133,25,587,0,0,0,587
02/17/2011,RDU,NC,ASO,EN,Combined TRACON& Tower with Radar,247,193,92,5,537,0,0,46,29,75,247,193,138,34,612,0,0,0,612
02/18/2011,RDU,NC,ASO,EN,Combined TRACON& Tower with Radar,246,186,87,4,523,0,0,64,11,75,246,186,151,15,598,0,0,0,598
02/19/2011,RDU,NC,ASO,EN,Combined TRACON& Tower with Radar,192,113,26,0,331,0,0,47,4,51,192,113,73,4,382,0,0,0,382
02/20/2011,RDU,NC,ASO,EN,Combined TRACON& Tower with Radar,196,133,63,0,392,0,0,97,0,97,196,133,160,0,489,0,0,0,489
02/21/2011,RDU,NC,ASO,EN,Combined TRACON& Tower with Radar,228,163,72,0,463,0,0,40,2,42,228,163,112,2,505,0,0,0,505
02/22/2011,RDU,NC,ASO,EN,Combined TRACON& Tower with Radar,247,180,80,8,515,0,0,17,14,31,247,180,97,22,546,0,0,0,546
02/23/2011,RDU,NC,ASO,EN,Combined TRACON& Tower with Radar,251,205,119,5,580,0,1,52,16,69,251,206,171,21,649,0,0,0,649
02/24/2011,RDU,NC,ASO,EN,Combined TRACON& Tower with Radar,248,201,120,2,571,0,3,45,16,64,248,204,165,18,635,0,0,0,635
02/25/2011,RDU,NC,ASO,EN,Combined TRACON& Tower with Radar,249,164,61,3,477,0,0,7,2,9,249,164,68,5,486,0,0,0,486
02/26/2011,RDU,NC,ASO,EN,Combined TRACON& Tower with Radar,191,108,65,0,364,0,0,72,10,82,191,108,137,10,446,0,0,0,446
02/27/2011,RDU,NC,ASO,EN,Combined TRACON& Tower with Radar,218,125,65,6,414,0,0,58,6,64,218,125,123,12,478,0,0,0,478
02/28/2011,RDU,NC,ASO,EN,Combined TRACON& Tower with Radar,220,158,52,4,434,0,1,13,5,19,220,159,65,9,453,0,0,0,453
03/01/2011,RDU,NC,ASO,EN,Combined TRACON& Tower with Radar,250,177,62,3,492,0,5,35,23,63,250,182,97,26,555,0,0,0,555
03/02/2011,RDU,NC,ASO,EN,Combined TRACON& Tower with Radar,244,182,80,3,509,0,3,67,19,89,244,185,147,22,598,0,0,0,598
03/03/2011,RDU,NC,ASO,EN,Combined TRACON& Tower with Radar,251,200,94,12,557,0,0,76,17,93,251,200,170,29,650,0,0,0,650
03/04/2011,RDU,NC,ASO,EN,Combined TRACON& Tower with Radar,242,185,72,6,505,0,3,56,12,71,242,188,128,18,576,0,0,0,576
03/05/2011,RDU,NC,ASO,EN,Combined TRACON& Tower with Radar,197,111,54,0,362,0,0,68,1,69,197,111,122,1,431,0,0,0,431
03/06/2011,RDU,NC,ASO,EN,Combined TRACON& Tower with Radar,206,122,53,0,381,0,0,1,0,1,206,122,54,0,382,0,0,0,382
03/07/2011,RDU,NC,ASO,EN,Combined TRACON& Tower with Radar,244,181,74,11,510,0,0,50,18,68,244,181,124,29,578,0,0,0,578
03/08/2011,RDU,NC,ASO,EN,Combined TRACON& Tower with Radar,243,167,85,3,498,0,4,75,9,88,243,171,160,12,586,0,0,0,586
03/09/2011,RDU,NC,ASO,EN,Combined TRACON& Tower with Radar,245,190,87,4,526,0,0,11,7,18,245,190,98,11,544,0,0,0,544
03/10/2011,RDU,NC,ASO,EN,Combined TRACON& Tower with Radar,245,176,68,2,491,0,1,3,2,6,245,177,71,4,497,0,0,0,497
03/11/2011,RDU,NC,ASO,EN,Combined TRACON& Tower with Radar,250,180,68,3,501,0,1,64,8,73,250,181,132,11,574,0,0,0,574
03/12/2011,RDU,NC,ASO,EN,Combined TRACON& Tower with Radar,205,105,32,0,342,0,0,64,7,71,205,105,96,7,413,0,0,0,413
03/13/2011,RDU,NC,ASO,EN,Combined TRACON& Tower with Radar,208,137,54,2,401,0,1,51,6,58,208,138,105,8,459,0,0,0,459
03/14/2011,RDU,NC,ASO,EN,Combined TRACON& Tower with Radar,242,171,60,4,477,0,1,27,15,43,242,172,87,19,520,0,0,0,520
03/15/2011,RDU,NC,ASO,EN,Combined TRACON& Tower with Radar,248,186,79,3,516,0,0,12,1,13,248,186,91,4,529,0,0,0,529
03/16/2011,RDU,NC,ASO,EN,Combined TRACON& Tower with Radar,255,181,86,3,525,0,0,23,9,32,255,181,109,12,557,0,0,0,557
03/17/2011,RDU,NC,ASO,EN,Combined TRACON& Tower with Radar,261,175,59,1,496,0,5,60,9,74,261,180,119,10,570,0,0,0,570
03/18/2011,RDU,NC,ASO,EN,Combined TRACON& Tower with Radar,257,171,60,1,489,0,4,70,7,81,257,175,130,8,570,0,0,0,570
03/19/2011,RDU,NC,ASO,EN,Combined TRACON& Tower with Radar,206,95,53,0,354,0,0,69,1,70,206,95,122,1,424,0,0,0,424
03/20/2011,RDU,NC,ASO,EN,Combined TRACON& Tower with Radar,212,138,41,1,392,0,0,61,9,70,212,138,102,10,462,0,0,0,462
03/21/2011,RDU,NC,ASO,EN,Combined TRACON& Tower with Radar,243,189,67,1,500,0,2,30,16,48,243,191,97,17,548,0,0,0,548
03/22/2011,RDU,NC,ASO,EN,Combined TRACON& Tower with Radar,257,197,74,6,534,0,1,66,14,81,257,198,140,20,615,0,0,0,615
03/23/2011,RDU,NC,ASO,EN,Combined TRACON& Tower with Radar,249,172,64,4,489,0,3,41,22,66,249,175,105,26,555,0,0,0,555
03/24/2011,RDU,NC,ASO,EN,Combined TRACON& Tower with Radar,262,198,104,10,574,0,2,34,23,59,262,200,138,33,633,0,0,0,633
03/25/2011,RDU,NC,ASO,EN,Combined TRACON& Tower with Radar,248,176,85,8,517,0,1,36,15,52,248,177,121,23,569,0,0,0,569
03/26/2011,RDU,NC,ASO,EN,Combined TRACON& Tower with Radar,208,112,41,0,361,0,0,23,4,27,208,112,64,4,388,0,0,0,388
03/27/2011,RDU,NC,ASO,EN,Combined TRACON& Tower with Radar,215,137,52,4,408,0,0,0,0,0,215,137,52,4,408,0,0,0,408
03/28/2011,RDU,NC,ASO,EN,Combined TRACON& Tower with Radar,248,177,68,0,493,0,0,5,9,14,248,177,73,9,507,0,0,0,507
03/29/2011,RDU,NC,ASO,EN,Combined TRACON& Tower with Radar,250,183,108,6,547,0,2,60,21,83,250,185,168,27,630,0,0,0,630
03/30/2011,RDU,NC,ASO,EN,Combined TRACON& Tower with Radar,248,172,88,0,508,0,0,0,0,0,248,172,88,0,508,0,0,0,508
03/31/2011,RDU,NC,ASO,EN,Combined TRACON& Tower with Radar,250,180,92,4,526,0,0,1,1,2,250,180,93,5,528,0,0,0,528
04/01/2011,RDU,NC,ASO,EN,Combined TRACON& Tower with Radar,266,170,55,2,493,0,5,30,6,41,266,175,85,8,534,0,0,0,534
04/02/2011,RDU,NC,ASO,EN,Combined TRACON& Tower with Radar,210,110,31,0,351,0,0,17,10,27,210,110,48,10,378,0,0,0,378
04/03/2011,RDU,NC,ASO,EN,Combined TRACON& Tower with Radar,232,133,67,0,432,0,0,88,7,95,232,133,155,7,527,0,0,0,527
04/04/2011,RDU,NC,ASO,EN,Combined TRACON& Tower with Radar,256,150,37,2,445,0,6,21,16,43,256,156,58,18,488,0,0,0,488
04/05/2011,RDU,NC,ASO,EN,Combined TRACON& Tower with Radar,253,163,62,2,480,0,1,14,14,29,253,164,76,16,509,0,0,0,509
04/06/2011,RDU,NC,ASO,EN,Combined TRACON& Tower with Radar,261,163,87,6,517,0,4,64,16,84,261,167,151,22,601,0,0,0,601
04/07/2011,RDU,NC,ASO,EN,Combined TRACON& Tower with Radar,260,168,98,9,535,0,2,92,5,99,260,170,190,14,634,0,0,0,634
04/08/2011,RDU,NC,ASO,EN,Combined TRACON& Tower with Radar,271,181,79,11,542,0,2,51,0,53,271,183,130,11,595,0,0,0,595
04/09/2011,RDU,NC,ASO,EN,Combined TRACON& Tower with Radar,210,103,60,0,373,0,0,2,2,4,210,103,62,2,377,0,0,0,377
04/10/2011,RDU,NC,ASO,EN,Combined TRACON& Tower with Radar,228,125,81,3,437,0,0,13,0,13,228,125,94,3,450,0,0,0,450
04/11/2011,RDU,NC,ASO,EN,Combined TRACON& Tower with Radar,256,156,77,9,498,0,0,28,11,39,256,156,105,20,537,0,0,0,537
04/12/2011,RDU,NC,ASO,EN,Combined TRACON& Tower with Radar,256,168,88,2,514,0,5,13,23,41,256,173,101,25,555,0,0,0,555
04/13/2011,RDU,NC,ASO,EN,Combined TRACON& Tower with Radar,249,170,110,8,537,0,4,54,11,69,249,174,164,19,606,0,0,0,606
04/14/2011,RDU,NC,ASO,EN,Combined TRACON& Tower with Radar,262,168,87,1,518,0,5,72,13,90,262,173,159,14,608,0,0,0,608
04/15/2011,RDU,NC,ASO,EN,Combined TRACON& Tower with Radar,260,180,101,4,545,0,2,62,12,76,260,182,163,16,621,0,0,0,621
04/16/2011,RDU,NC,ASO,EN,Combined TRACON& Tower with Radar,218,109,24,0,351,0,4,10,2,16,218,113,34,2,367,0,0,0,367
04/17/2011,RDU,NC,ASO,EN,Combined TRACON& Tower with Radar,237,131,66,0,434,0,0,75,7,82,237,131,141,7,516,0,0,0,516
04/18/2011,RDU,NC,ASO,EN,Combined TRACON& Tower with Radar,260,164,85,1,510,0,0,58,11,69,260,164,143,12,579,0,0,0,579
04/19/2011,RDU,NC,ASO,EN,Combined TRACON& Tower with Radar,256,166,101,1,524,0,0,72,26,98,256,166,173,27,622,0,0,0,622
04/20/2011,RDU,NC,ASO,EN,Combined TRACON& Tower with Radar,249,167,112,4,532,0,4,45,23,72,249,171,157,27,604,0,0,0,604
04/21/2011,RDU,NC,ASO,EN,Combined TRACON& Tower with Radar,266,181,115,0,562,0,4,40,11,55,266,185,155,11,617,0,0,0,617
04/22/2011,RDU,NC,ASO,EN,Combined TRACON& Tower with Radar,264,161,79,0,504,0,0,14,6,20,264,161,93,6,524,0,0,0,524
04/23/2011,RDU,NC,ASO,EN,Combined TRACON& Tower with Radar,209,101,42,2,354,0,0,5,1,6,209,101,47,3,360,0,0,0,360
04/24/2011,RDU,NC,ASO,EN,Combined TRACON& Tower with Radar,221,129,67,0,417,0,0,55,2,57,221,129,122,2,474,0,0,0,474
04/25/2011,RDU,NC,ASO,EN,Combined TRACON& Tower with Radar,249,192,102,2,545,0,0,61,19,80,249,192,163,21,625,0,0,0,625
04/26/2011,RDU,NC,ASO,EN,Combined TRACON& Tower with Radar,257,159,82,1,499,0,0,15,20,35,257,159,97,21,534,0,0,0,534
04/27/2011,RDU,NC,ASO,EN,Combined TRACON& Tower with Radar,256,166,66,1,489,0,0,14,21,35,256,166,80,22,524,0,0,0,524
04/28/2011,RDU,NC,ASO,EN,Combined TRACON& Tower with Radar,252,156,76,1,485,0,0,6,13,19,252,156,82,14,504,0,0,0,504
04/29/2011,RDU,NC,ASO,EN,Combined TRACON& Tower with Radar,274,163,84,6,527,0,4,80,14,98,274,167,164,20,625,0,0,0,625
04/30/2011,RDU,NC,ASO,EN,Combined TRACON& Tower with Radar,219,84,30,14,347,0,1,66,8,75,219,85,96,22,422,0,0,0,422
05/01/2011,RDU,NC,ASO,EN,Combined TRACON& Tower with Radar,238,124,69,0,431,0,0,62,0,62,238,124,131,0,493,0,0,0,493
05/02/2011,RDU,NC,ASO,EN,Combined TRACON& Tower with Radar,274,155,70,17,516,0,4,71,16,91,274,159,141,33,607,0,0,0,607
05/03/2011,RDU,NC,ASO,EN,Combined TRACON& Tower with Radar,277,174,98,1,550,0,2,47,20,69,277,176,145,21,619,0,0,0,619
05/04/2011,RDU,NC,ASO,EN,Combined TRACON& Tower with Radar,280,176,109,5,570,0,1,37,21,59,280,177,146,26,629,0,0,0,629
05/05/2011,RDU,NC,ASO,EN,Combined TRACON& Tower with Radar,280,181,116,3,580,0,1,80,17,98,280,182,196,20,678,0,0,0,678
05/06/2011,RDU,NC,ASO,EN,Combined TRACON& Tower with Radar,279,170,100,5,554,0,0,52,8,60,279,170,152,13,614,0,0,0,614
05/07/2011,RDU,NC,ASO,EN,Combined TRACON& Tower with Radar,221,89,71,0,381,0,0,65,4,69,221,89,136,4,450,0,0,0,450
05/08/2011,RDU,NC,ASO,EN,Combined TRACON& Tower with Radar,244,128,73,2,447,0,0,15,3,18,244,128,88,5,465,0,0,0,465
05/09/2011,RDU,NC,ASO,EN,Combined TRACON& Tower with Radar,261,165,82,4,512,0,0,62,13,75,261,165,144,17,587,0,4,4,591
05/10/2011,RDU,NC,ASO,EN,Combined TRACON& Tower with Radar,271,164,88,3,526,0,0,40,17,57,271,164,128,20,583,0,0,0,583
05/11/2011,RDU,NC,ASO,EN,Combined TRACON& Tower with Radar,265,165,125,5,560,0,0,52,16,68,265,165,177,21,628,0,0,0,628
05/12/2011,RDU,NC,ASO,EN,Combined TRACON& Tower with Radar,279,184,117,2,582,0,2,13,0,15,279,186,130,2,597,0,0,0,597
05/13/2011,RDU,NC,ASO,EN,Combined TRACON& Tower with Radar,272,183,85,2,542,0,0,10,6,16,272,183,95,8,558,0,0,0,558
05/14/2011,RDU,NC,ASO,EN,Combined TRACON& Tower with Radar,217,100,59,1,377,0,1,12,8,21,217,101,71,9,398,0,0,0,398
05/15/2011,RDU,NC,ASO,EN,Combined TRACON& Tower with Radar,243,142,81,1,467,0,0,31,13,44,243,142,112,14,511,18,0,18,529
05/16/2011,RDU,NC,ASO,EN,Combined TRACON& Tower with Radar,259,179,68,4,510,0,0,45,22,67,259,179,113,26,577,0,0,0,577
05/17/2011,RDU,NC,ASO,EN,Combined TRACON& Tower with Radar,267,163,71,0,501,0,0,23,7,30,267,163,94,7,531,0,16,16,547
05/18/2011,RDU,NC,ASO,EN,Combined TRACON& Tower with Radar,267,161,100,5,533,0,1,52,23,76,267,162,152,28,609,0,0,0,609
05/19/2011,RDU,NC,ASO,EN,Combined TRACON& Tower with Radar,267,198,105,10,580,0,0,79,23,102,267,198,184,33,682,0,0,0,682
05/20/2011,RDU,NC,ASO,EN,Combined TRACON& Tower with Radar,270,172,90,4,536,0,0,56,12,68,270,172,146,16,604,0,0,0,604
05/21/2011,RDU,NC,ASO,EN,Combined TRACON& Tower with Radar,218,98,36,0,352,0,0,55,4,59,218,98,91,4,411,0,0,0,411
05/22/2011,RDU,NC,ASO,EN,Combined TRACON& Tower with Radar,236,138,62,2,438,0,0,70,2,72,236,138,132,4,510,0,0,0,510
05/23/2011,RDU,NC,ASO,EN,Combined TRACON& Tower with Radar,256,150,73,6,485,0,1,47,14,62,256,151,120,20,547,0,0,0,547
05/24/2011,RDU,NC,ASO,EN,Combined TRACON& Tower with Radar,277,156,86,2,521,0,0,51,16,67,277,156,137,18,588,0,0,0,588
05/25/2011,RDU,NC,ASO,EN,Combined TRACON& Tower with Radar,248,160,83,9,500,0,2,66,8,76,248,162,149,17,576,0,0,0,576
05/26/2011,RDU,NC,ASO,EN,Combined TRACON& Tower with Radar,271,183,73,8,535,0,3,49,18,70,271,186,122,26,605,0,0,0,605
05/27/2011,RDU,NC,ASO,EN,Combined TRACON& Tower with Radar,266,156,55,4,481,0,1,3,2,6,266,157,58,6,487,0,0,0,487
05/28/2011,RDU,NC,ASO,EN,Combined TRACON& Tower with Radar,208,104,37,1,350,0,0,15,3,18,208,104,52,4,368,0,0,0,368
05/29/2011,RDU,NC,ASO,EN,Combined TRACON& Tower with Radar,203,101,34,1,339,0,0,24,1,25,203,101,58,2,364,0,0,0,364
05/30/2011,RDU,NC,ASO,EN,Combined TRACON& Tower with Radar,233,136,41,4,414,0,0,51,2,53,233,136,92,6,467,0,0,0,467
05/31/2011,RDU,NC,ASO,EN,Combined TRACON& Tower with Radar,256,162,71,4,493,0,1,55,11,67,256,163,126,15,560,0,0,0,560
06/01/2011,RDU,NC,ASO,EN,Combined TRACON& Tower with Radar,256,166,91,4,517,0,4,56,17,77,256,170,147,21,594,0,0,0,594
06/02/2011,RDU,NC,ASO,EN,Combined TRACON& Tower with Radar,268,189,75,8,540,0,1,64,18,83,268,190,139,26,623,0,0,0,623
06/03/2011,RDU,NC,ASO,EN,Combined TRACON& Tower with Radar,266,168,78,5,517,0,1,63,12,76,266,169,141,17,593,0,0,0,593
06/04/2011,RDU,NC,ASO,EN,Combined TRACON& Tower with Radar,220,89,28,7,344,0,0,60,15,75,220,89,88,22,419,0,0,0,419
06/05/2011,RDU,NC,ASO,EN,Combined TRACON& Tower with Radar,246,131,41,1,419,0,0,34,8,42,246,131,75,9,461,0,0,0,461
06/06/2011,RDU,NC,ASO,EN,Combined TRACON& Tower with Radar,265,159,74,2,500,0,3,41,11,55,265,162,115,13,555,0,0,0,555
06/07/2011,RDU,NC,ASO,EN,Combined TRACON& Tower with Radar,269,159,108,4,540,0,2,53,13,68,269,161,161,17,608,0,0,0,608
06/08/2011,RDU,NC,ASO,EN,Combined TRACON& Tower with Radar,278,164,82,2,526,0,0,68,6,74,278,164,150,8,600,0,0,0,600
06/09/2011,RDU,NC,ASO,EN,Combined TRACON& Tower with Radar,260,140,95,5,500,0,0,65,15,80,260,140,160,20,580,0,0,0,580
06/10/2011,RDU,NC,ASO,EN,Combined TRACON& Tower with Radar,280,156,83,8,527,0,2,45,7,54,280,158,128,15,581,0,0,0,581
06/11/2011,RDU,NC,ASO,EN,Combined TRACON& Tower with Radar,218,111,28,0,357,0,0,51,4,55,218,111,79,4,412,0,0,0,412
06/12/2011,RDU,NC,ASO,EN,Combined TRACON& Tower with Radar,254,121,61,6,442,0,0,53,2,55,254,121,114,8,497,0,0,0,497
06/13/2011,RDU,NC,ASO,EN,Combined TRACON& Tower with Radar,271,169,93,2,535,0,0,53,10,63,271,169,146,12,598,0,0,0,598
06/14/2011,RDU,NC,ASO,EN,Combined TRACON& Tower with Radar,263,163,74,1,501,0,2,73,15,90,263,165,147,16,591,6,0,6,597
06/15/2011,RDU,NC,ASO,EN,Combined TRACON& Tower with Radar,275,164,93,6,538,0,3,58,14,75,275,167,151,20,613,0,0,0,613
06/16/2011,RDU,NC,ASO,EN,Combined TRACON& Tower with Radar,274,167,87,5,533,0,2,33,10,45,274,169,120,15,578,0,0,0,578
06/17/2011,RDU,NC,ASO,EN,Combined TRACON& Tower with Radar,263,155,81,4,503,0,1,51,10,62,263,156,132,14,565,0,0,0,565
06/18/2011,RDU,NC,ASO,EN,Combined TRACON& Tower with Radar,226,115,46,2,389,0,0,43,6,49,226,115,89,8,438,0,0,0,438
06/19/2011,RDU,NC,ASO,EN,Combined TRACON& Tower with Radar,244,132,48,2,426,0,0,27,0,27,244,132,75,2,453,0,0,0,453
06/20/2011,RDU,NC,ASO,EN,Combined TRACON& Tower with Radar,268,160,86,2,516,0,0,31,14,45,268,160,117,16,561,12,0,12,573
06/21/2011,RDU,NC,ASO,EN,Combined TRACON& Tower with Radar,271,161,106,7,545,0,0,12,7,19,271,161,118,14,564,0,0,0,564
06/22/2011,RDU,NC,ASO,EN,Combined TRACON& Tower with Radar,264,173,91,5,533,0,2,43,28,73,264,175,134,33,606,0,0,0,606
06/23/2011,RDU,NC,ASO,EN,Combined TRACON& Tower with Radar,275,151,71,4,501,0,4,33,24,61,275,155,104,28,562,0,0,0,562
06/24/2011,RDU,NC,ASO,EN,Combined TRACON& Tower with Radar,283,161,84,2,530,0,3,32,8,43,283,164,116,10,573,0,0,0,573
06/25/2011,RDU,NC,ASO,EN,Combined TRACON& Tower with Radar,217,106,53,1,377,0,0,65,2,67,217,106,118,3,444,0,0,0,444
06/26/2011,RDU,NC,ASO,EN,Combined TRACON& Tower with Radar,246,134,45,1,426,0,1,48,4,53,246,135,93,5,479,0,0,0,479
06/27/2011,RDU,NC,ASO,EN,Combined TRACON& Tower with Radar,259,167,55,8,489,0,3,27,17,47,259,170,82,25,536,0,0,0,536
06/28/2011,RDU,NC,ASO,EN,Combined TRACON& Tower with Radar,269,156,71,4,500,0,1,31,8,40,269,157,102,12,540,0,0,0,540
06/29/2011,RDU,NC,ASO,EN,Combined TRACON& Tower with Radar,284,165,77,4,530,0,1,56,25,82,284,166,133,29,612,0,0,0,612
06/30/2011,RDU,NC,ASO,EN,Combined TRACON& Tower with Radar,275,157,61,2,495,0,2,86,23,111,275,159,147,25,606,0,0,0,606
07/01/2011,RDU,NC,ASO,EN,Combined TRACON& Tower with Radar,269,164,68,4,505,0,2,76,8,86,269,166,144,12,591,0,0,0,591
07/02/2011,RDU,NC,ASO,EN,Combined TRACON& Tower with Radar,229,86,35,0,350,0,3,35,1,39,229,89,70,1,389,0,0,0,389
07/03/2011,RDU,NC,ASO,EN,Combined TRACON& Tower with Radar,203,105,16,0,324,0,0,26,5,31,203,105,42,5,355,0,0,0,355
07/04/2011,RDU,NC,ASO,EN,Combined TRACON& Tower with Radar,247,113,19,0,379,0,0,13,0,13,247,113,32,0,392,0,0,0,392
07/05/2011,RDU,NC,ASO,EN,Combined TRACON& Tower with Radar,266,166,59,3,494,0,0,56,24,80,266,166,115,27,574,0,0,0,574
07/06/2011,RDU,NC,ASO,EN,Combined TRACON& Tower with Radar,273,144,46,9,472,0,0,14,3,17,273,144,60,12,489,0,0,0,489
07/07/2011,RDU,NC,ASO,EN,Combined TRACON& Tower with Radar,276,149,83,4,512,0,0,17,18,35,276,149,100,22,547,0,0,0,547
07/08/2011,RDU,NC,ASO,EN,Combined TRACON& Tower with Radar,267,151,56,4,478,0,0,22,15,37,267,151,78,19,515,0,0,0,515
07/09/2011,RDU,NC,ASO,EN,Combined TRACON& Tower with Radar,234,99,45,3,381,0,0,32,20,52,234,99,77,23,433,0,0,0,433
07/10/2011,RDU,NC,ASO,EN,Combined TRACON& Tower with Radar,248,137,53,2,440,0,0,77,6,83,248,137,130,8,523,0,0,0,523
07/11/2011,RDU,NC,ASO,EN,Combined TRACON& Tower with Radar,267,163,69,6,505,0,0,74,15,89,267,163,143,21,594,0,0,0,594
07/12/2011,RDU,NC,ASO,EN,Combined TRACON& Tower with Radar,276,174,75,6,531,0,0,44,28,72,276,174,119,34,603,0,0,0,603
07/13/2011,RDU,NC,ASO,EN,Combined TRACON& Tower with Radar,277,180,78,9,544,0,0,51,12,63,277,180,129,21,607,0,0,0,607
07/14/2011,RDU,NC,ASO,EN,Combined TRACON& Tower with Radar,279,158,67,5,509,0,1,77,34,112,279,159,144,39,621,0,0,0,621
07/15/2011,RDU,NC,ASO,EN,Combined TRACON& Tower with Radar,276,155,59,4,494,0,0,71,8,79,276,155,130,12,573,0,0,0,573
07/16/2011,RDU,NC,ASO,EN,Combined TRACON& Tower with Radar,226,99,32,1,358,0,0,56,4,60,226,99,88,5,418,0,0,0,418
07/17/2011,RDU,NC,ASO,EN,Combined TRACON& Tower with Radar,250,134,43,2,429,0,0,51,4,55,250,134,94,6,484,0,0,0,484
07/18/2011,RDU,NC,ASO,EN,Combined TRACON& Tower with Radar,266,159,56,8,489,0,3,47,20,70,266,162,103,28,559,0,0,0,559
07/19/2011,RDU,NC,ASO,EN,Combined TRACON& Tower with Radar,271,172,85,17,545,0,4,38,26,68,271,176,123,43,613,0,0,0,613
07/20/2011,RDU,NC,ASO,EN,Combined TRACON& Tower with Radar,269,173,94,2,538,0,2,49,14,65,269,175,143,16,603,0,0,0,603
07/21/2011,RDU,NC,ASO,EN,Combined TRACON& Tower with Radar,279,168,60,3,510,0,7,58,32,97,279,175,118,35,607,0,0,0,607
07/22/2011,RDU,NC,ASO,EN,Combined TRACON& Tower with Radar,273,157,78,4,512,1,3,83,19,106,274,160,161,23,618,0,0,0,618
07/23/2011,RDU,NC,ASO,EN,Combined TRACON& Tower with Radar,227,88,37,2,354,0,0,37,2,39,227,88,74,4,393,0,0,0,393
07/24/2011,RDU,NC,ASO,EN,Combined TRACON& Tower with Radar,244,125,60,2,431,0,0,38,1,39,244,125,98,3,470,0,0,0,470
07/25/2011,RDU,NC,ASO,EN,Combined TRACON& Tower with Radar,254,147,64,5,470,0,2,25,11,38,254,149,89,16,508,0,0,0,508
07/26/2011,RDU,NC,ASO,EN,Combined TRACON& Tower with Radar,276,156,92,9,533,1,0,30,17,48,277,156,122,26,581,0,0,0,581
07/27/2011,RDU,NC,ASO,EN,Combined TRACON& Tower with Radar,285,154,91,4,534,0,1,72,21,94,285,155,163,25,628,0,0,0,628
07/28/2011,RDU,NC,ASO,EN,Combined TRACON& Tower with Radar,276,147,93,2,518,0,0,55,29,84,276,147,148,31,602,0,0,0,602
07/29/2011,RDU,NC,ASO,EN,Combined TRACON& Tower with Radar,278,163,50,4,495,0,1,51,17,69,278,164,101,21,564,0,0,0,564
07/30/2011,RDU,NC,ASO,EN,Combined TRACON& Tower with Radar,234,101,28,1,364,0,0,46,2,48,234,101,74,3,412,0,0,0,412
07/31/2011,RDU,NC,ASO,EN,Combined TRACON& Tower with Radar,248,133,70,0,451,0,0,7,7,14,248,133,77,7,465,0,0,0,465
08/01/2011,RDU,NC,ASO,EN,Combined TRACON& Tower with Radar,276,138,85,4,503,0,0,66,33,99,276,138,151,37,602,0,0,0,602
08/02/2011,RDU,NC,ASO,EN,Combined TRACON& Tower with Radar,283,154,81,3,521,0,1,59,18,78,283,155,140,21,599,0,0,0,599
08/03/2011,RDU,NC,ASO,EN,Combined TRACON& Tower with Radar,275,158,64,5,502,0,1,82,21,104,275,159,146,26,606,0,0,0,606
08/04/2011,RDU,NC,ASO,EN,Combined TRACON& Tower with Radar,276,168,77,2,523,0,1,53,33,87,276,169,130,35,610,0,0,0,610
08/05/2011,RDU,NC,ASO,EN,Combined TRACON& Tower with Radar,275,165,92,4,536,0,2,22,1,25,275,167,114,5,561,0,0,0,561
08/06/2011,RDU,NC,ASO,EN,Combined TRACON& Tower with Radar,223,97,30,4,354,0,0,3,13,16,223,97,33,17,370,0,0,0,370
08/07/2011,RDU,NC,ASO,EN,Combined TRACON& Tower with Radar,240,123,73,4,440,0,2,36,7,45,240,125,109,11,485,0,0,0,485
08/08/2011,RDU,NC,ASO,EN,Combined TRACON& Tower with Radar,276,151,84,5,516,0,0,44,25,69,276,151,128,30,585,0,0,0,585
08/09/2011,RDU,NC,ASO,EN,Combined TRACON& Tower with Radar,256,163,90,6,515,0,1,60,23,84,256,164,150,29,599,0,0,0,599
08/10/2011,RDU,NC,ASO,EN,Combined TRACON& Tower with Radar,275,154,80,7,516,0,1,48,24,73,275,155,128,31,589,0,0,0,589
08/11/2011,RDU,NC,ASO,EN,Combined TRACON& Tower with Radar,284,159,97,0,540,0,0,71,30,101,284,159,168,30,641,0,0,0,641
08/12/2011,RDU,NC,ASO,EN,Combined TRACON& Tower with Radar,276,158,56,2,492,0,2,58,6,66,276,160,114,8,558,0,0,0,558
08/13/2011,RDU,NC,ASO,EN,Combined TRACON& Tower with Radar,224,83,37,4,348,0,0,10,2,12,224,83,47,6,360,0,0,0,360
08/14/2011,RDU,NC,ASO,EN,Combined TRACON& Tower with Radar,240,108,49,2,399,0,0,19,7,26,240,108,68,9,425,4,0,4,429
08/15/2011,RDU,NC,ASO,EN,Combined TRACON& Tower with Radar,255,150,69,10,484,0,1,52,23,76,255,151,121,33,560,0,0,0,560
08/16/2011,RDU,NC,ASO,EN,Combined TRACON& Tower with Radar,273,155,106,9,543,0,0,62,22,84,273,155,168,31,627,0,0,0,627
08/17/2011,RDU,NC,ASO,EN,Combined TRACON& Tower with Radar,265,151,85,4,505,0,0,82,20,102,265,151,167,24,607,0,0,0,607
08/18/2011,RDU,NC,ASO,EN,Combined TRACON& Tower with Radar,256,161,99,8,524,0,2,71,26,99,256,163,170,34,623,0,0,0,623
08/19/2011,RDU,NC,ASO,EN,Combined TRACON& Tower with Radar,272,159,81,18,530,0,2,65,13,80,272,161,146,31,610,0,0,0,610
08/20/2011,RDU,NC,ASO,EN,Combined TRACON& Tower with Radar,212,86,48,2,348,0,1,54,0,55,212,87,102,2,403,0,0,0,403
08/21/2011,RDU,NC,ASO,EN,Combined TRACON& Tower with Radar,212,116,49,0,377,0,0,38,8,46,212,116,87,8,423,0,0,0,423
08/22/2011,RDU,NC,ASO,EN,Combined TRACON& Tower with Radar,271,152,71,8,502,0,0,35,23,58,271,152,106,31,560,0,0,0,560
08/23/2011,RDU,NC,ASO,EN,Combined TRACON& Tower with Radar,272,159,105,4,540,0,0,50,30,80,272,159,155,34,620,0,0,0,620
08/24/2011,RDU,NC,ASO,EN,Combined TRACON& Tower with Radar,261,171,96,4,532,0,1,64,21,86,261,172,160,25,618,0,0,0,618
08/25/2011,RDU,NC,ASO,EN,Combined TRACON& Tower with Radar,250,156,104,6,516,0,0,50,8,58,250,156,154,14,574,0,0,0,574
08/26/2011,RDU,NC,ASO,EN,Combined TRACON& Tower with Radar,275,154,92,3,524,0,0,10,6,16,275,154,102,9,540,0,0,0,540
08/27/2011,RDU,NC,ASO,EN,Combined TRACON& Tower with Radar,125,39,6,0,170,0,1,0,1,2,125,40,6,1,172,0,0,0,172
08/28/2011,RDU,NC,ASO,EN,Combined TRACON& Tower with Radar,150,67,27,2,246,0,4,102,14,120,150,71,129,16,366,0,0,0,366
08/29/2011,RDU,NC,ASO,EN,Combined TRACON& Tower with Radar,226,145,88,0,459,0,1,43,3,47,226,146,131,3,506,0,0,0,506
08/30/2011,RDU,NC,ASO,EN,Combined TRACON& Tower with Radar,264,158,91,5,518,0,4,41,9,54,264,162,132,14,572,0,0,0,572
08/31/2011,RDU,NC,ASO,EN,Combined TRACON& Tower with Radar,266,170,71,4,511,0,5,49,15,69,266,175,120,19,580,0,0,0,580
09/01/2011,RDU,NC,ASO,EN,Combined TRACON& Tower with Radar,261,168,87,5,521,0,3,65,14,82,261,171,152,19,603,0,0,0,603
09/02/2011,RDU,NC,ASO,EN,Combined TRACON& Tower with Radar,266,171,58,2,497,0,3,43,0,46,266,174,101,2,543,0,0,0,543
09/03/2011,RDU,NC,ASO,EN,Combined TRACON& Tower with Radar,181,106,36,0,323,0,0,52,0,52,181,106,88,0,375,0,0,0,375
09/04/2011,RDU,NC,ASO,EN,Combined TRACON& Tower with Radar,170,106,22,2,300,0,0,36,2,38,170,106,58,4,338,0,0,0,338
09/05/2011,RDU,NC,ASO,EN,Combined TRACON& Tower with Radar,236,135,42,0,413,0,0,19,0,19,236,135,61,0,432,0,0,0,432
09/06/2011,RDU,NC,ASO,EN,Combined TRACON& Tower with Radar,248,158,49,2,457,0,0,1,0,1,248,158,50,2,458,0,0,0,458
09/07/2011,RDU,NC,ASO,EN,Combined TRACON& Tower with Radar,236,161,84,3,484,0,0,24,27,51,236,161,108,30,535,0,0,0,535
09/08/2011,RDU,NC,ASO,EN,Combined TRACON& Tower with Radar,250,169,66,3,488,0,2,67,27,96,250,171,133,30,584,0,0,0,584
09/09/2011,RDU,NC,ASO,EN,Combined TRACON& Tower with Radar,273,164,68,7,512,0,1,81,20,102,273,165,149,27,614,0,0,0,614
09/10/2011,RDU,NC,ASO,EN,Combined TRACON& Tower with Radar,191,95,40,0,326,0,0,63,18,81,191,95,103,18,407,0,0,0,407
09/11/2011,RDU,NC,ASO,EN,Combined TRACON& Tower with Radar,222,134,63,1,420,0,0,34,9,43,222,134,97,10,463,0,0,0,463
09/12/2011,RDU,NC,ASO,EN,Combined TRACON& Tower with Radar,252,162,99,5,518,0,2,57,15,74,252,164,156,20,592,0,0,0,592
09/13/2011,RDU,NC,ASO,EN,Combined TRACON& Tower with Radar,251,160,96,3,510,0,1,62,16,79,251,161,158,19,589,6,0,6,595
09/14/2011,RDU,NC,ASO,EN,Combined TRACON& Tower with Radar,245,167,74,5,491,0,1,34,25,60,245,168,108,30,551,0,0,0,551
09/15/2011,RDU,NC,ASO,EN,Combined TRACON& Tower with Radar,254,182,115,5,556,0,0,27,12,39,254,182,142,17,595,0,0,0,595
09/16/2011,RDU,NC,ASO,EN,Combined TRACON& Tower with Radar,262,185,89,4,540,0,0,40,12,52,262,185,129,16,592,0,0,0,592
09/17/2011,RDU,NC,ASO,EN,Combined TRACON& Tower with Radar,184,89,47,1,321,0,0,0,0,0,184,89,47,1,321,0,0,0,321
09/18/2011,RDU,NC,ASO,EN,Combined TRACON& Tower with Radar,226,142,89,0,457,0,0,22,4,26,226,142,111,4,483,0,0,0,483
09/19/2011,RDU,NC,ASO,EN,Combined TRACON& Tower with Radar,243,164,104,3,514,0,0,23,4,27,243,164,127,7,541,0,0,0,541
09/20/2011,RDU,NC,ASO,EN,Combined TRACON& Tower with Radar,258,163,110,0,531,0,4,31,10,45,258,167,141,10,576,0,0,0,576
09/21/2011,RDU,NC,ASO,EN,Combined TRACON& Tower with Radar,255,173,126,0,554,0,0,13,0,13,255,173,139,0,567,0,0,0,567
09/22/2011,RDU,NC,ASO,EN,Combined TRACON& Tower with Radar,253,181,120,12,566,0,0,12,11,23,253,181,132,23,589,0,0,0,589
09/23/2011,RDU,NC,ASO,EN,Combined TRACON& Tower with Radar,261,180,92,6,539,0,0,3,0,3,261,180,95,6,542,0,0,0,542
09/24/2011,RDU,NC,ASO,EN,Combined TRACON& Tower with Radar,190,99,50,0,339,0,0,8,2,10,190,99,58,2,349,0,0,0,349
09/25/2011,RDU,NC,ASO,EN,Combined TRACON& Tower with Radar,224,145,73,12,454,0,0,16,1,17,224,145,89,13,471,0,0,0,471
09/26/2011,RDU,NC,ASO,EN,Combined TRACON& Tower with Radar,247,163,101,12,523,0,0,22,17,39,247,163,123,29,562,0,0,0,562
09/27/2011,RDU,NC,ASO,EN,Combined TRACON& Tower with Radar,255,155,106,4,520,0,3,20,23,46,255,158,126,27,566,0,0,0,566
09/28/2011,RDU,NC,ASO,EN,Combined TRACON& Tower with Radar,251,171,116,8,546,0,4,55,22,81,251,175,171,30,627,0,0,0,627
09/29/2011,RDU,NC,ASO,EN,Combined TRACON& Tower with Radar,246,169,73,6,494,0,4,55,36,95,246,173,128,42,589,0,0,0,589
09/30/2011,RDU,NC,ASO,EN,Combined TRACON& Tower with Radar,265,170,86,8,529,0,2,67,11,80,265,172,153,19,609,0,0,0,609
10/01/2011,RDU,NC,ASO,EN,Combined TRACON& Tower with Radar,199,77,53,0,329,0,0,58,7,65,199,77,111,7,394,0,0,0,394
10/02/2011,RDU,NC,ASO,EN,Combined TRACON& Tower with Radar,234,132,67,0,433,0,0,50,2,52,234,132,117,2,485,0,0,0,485
10/03/2011,RDU,NC,ASO,EN,Combined TRACON& Tower with Radar,257,161,94,1,513,0,1,49,1,51,257,162,143,2,564,0,0,0,564
10/04/2011,RDU,NC,ASO,EN,Combined TRACON& Tower with Radar,249,166,92,5,512,0,3,75,24,102,249,169,167,29,614,0,0,0,614
10/05/2011,RDU,NC,ASO,EN,Combined TRACON& Tower with Radar,257,172,79,5,513,0,5,71,18,94,257,177,150,23,607,0,0,0,607
10/06/2011,RDU,NC,ASO,EN,Combined TRACON& Tower with Radar,258,170,99,2,529,0,0,58,18,76,258,170,157,20,605,0,0,0,605
10/07/2011,RDU,NC,ASO,EN,Combined TRACON& Tower with Radar,273,184,123,2,582,0,0,101,12,113,273,184,224,14,695,0,0,0,695
10/08/2011,RDU,NC,ASO,EN,Combined TRACON& Tower with Radar,199,77,41,0,317,0,0,59,3,62,199,77,100,3,379,0,0,0,379
10/09/2011,RDU,NC,ASO,EN,Combined TRACON& Tower with Radar,227,129,78,0,434,0,0,80,4,84,227,129,158,4,518,0,0,0,518
10/10/2011,RDU,NC,ASO,EN,Combined TRACON& Tower with Radar,255,155,53,0,463,0,0,43,0,43,255,155,96,0,506,0,0,0,506
10/11/2011,RDU,NC,ASO,EN,Combined TRACON& Tower with Radar,251,160,109,6,526,0,2,4,0,6,251,162,113,6,532,0,0,0,532
10/12/2011,RDU,NC,ASO,EN,Combined TRACON& Tower with Radar,254,183,79,1,517,0,0,5,0,5,254,183,84,1,522,0,0,0,522
10/13/2011,RDU,NC,ASO,EN,Combined TRACON& Tower with Radar,254,194,114,5,567,0,0,18,25,43,254,194,132,30,610,0,0,0,610
10/14/2011,RDU,NC,ASO,EN,Combined TRACON& Tower with Radar,258,178,90,7,533,0,2,60,17,79,258,180,150,24,612,0,0,0,612
10/15/2011,RDU,NC,ASO,EN,Combined TRACON& Tower with Radar,206,83,70,0,359,0,0,87,2,89,206,83,157,2,448,0,0,0,448
10/16/2011,RDU,NC,ASO,EN,Combined TRACON& Tower with Radar,228,158,74,2,462,0,1,71,5,77,228,159,145,7,539,0,0,0,539
10/17/2011,RDU,NC,ASO,EN,Combined TRACON& Tower with Radar,254,172,87,10,523,0,3,62,26,91,254,175,149,36,614,0,0,0,614
10/18/2011,RDU,NC,ASO,EN,Combined TRACON& Tower with Radar,253,159,120,10,542,0,2,40,22,64,253,161,160,32,606,0,0,0,606
10/19/2011,RDU,NC,ASO,EN,Combined TRACON& Tower with Radar,246,173,89,10,518,0,0,0,0,0,246,173,89,10,518,0,0,0,518
10/20/2011,RDU,NC,ASO,EN,Combined TRACON& Tower with Radar,263,173,99,13,548,0,2,49,27,78,263,175,148,40,626,0,0,0,626
10/21/2011,RDU,NC,ASO,EN,Combined TRACON& Tower with Radar,264,168,84,7,523,0,2,97,7,106,264,170,181,14,629,0,0,0,629
10/22/2011,RDU,NC,ASO,EN,Combined TRACON& Tower with Radar,197,86,57,1,341,0,0,82,4,86,197,86,139,5,427,0,0,0,427
10/23/2011,RDU,NC,ASO,EN,Combined TRACON& Tower with Radar,230,142,55,3,430,0,0,60,4,64,230,142,115,7,494,0,0,0,494
10/24/2011,RDU,NC,ASO,EN,Combined TRACON& Tower with Radar,265,162,94,8,529,0,3,71,22,96,265,165,165,30,625,0,0,0,625
10/25/2011,RDU,NC,ASO,EN,Combined TRACON& Tower with Radar,254,171,91,7,523,0,2,77,27,106,254,173,168,34,629,0,0,0,629
10/26/2011,RDU,NC,ASO,EN,Combined TRACON& Tower with Radar,254,179,79,12,524,0,2,73,27,102,254,181,152,39,626,0,0,0,626
10/27/2011,RDU,NC,ASO,EN,Combined TRACON& Tower with Radar,255,170,89,5,519,0,4,67,23,94,255,174,156,28,613,0,0,0,613
10/28/2011,RDU,NC,ASO,EN,Combined TRACON& Tower with Radar,269,187,99,4,559,0,0,28,8,36,269,187,127,12,595,0,0,0,595
10/29/2011,RDU,NC,ASO,EN,Combined TRACON& Tower with Radar,202,66,33,0,301,0,3,9,2,14,202,69,42,2,315,0,0,0,315
10/30/2011,RDU,NC,ASO,EN,Combined TRACON& Tower with Radar,221,163,70,0,454,0,0,90,1,91,221,163,160,1,545,0,0,0,545
10/31/2011,RDU,NC,ASO,EN,Combined TRACON& Tower with Radar,250,153,68,2,473,0,0,49,11,60,250,153,117,13,533,0,0,0,533
11/01/2011,RDU,NC,ASO,EN,Combined TRACON& Tower with Radar,257,172,100,4,533,0,0,79,29,108,257,172,179,33,641,0,0,0,641
11/02/2011,RDU,NC,ASO,EN,Combined TRACON& Tower with Radar,251,167,95,6,519,0,0,108,24,132,251,167,203,30,651,0,0,0,651
11/03/2011,RDU,NC,ASO,EN,Combined TRACON& Tower with Radar,259,191,122,1,573,0,1,67,31,99,259,192,189,32,672,0,0,0,672
11/04/2011,RDU,NC,ASO,EN,Combined TRACON& Tower with Radar,270,190,103,7,570,0,0,1,0,1,270,190,104,7,571,0,0,0,571
11/05/2011,RDU,NC,ASO,EN,Combined TRACON& Tower with Radar,207,90,52,0,349,0,0,75,5,80,207,90,127,5,429,0,0,0,429
11/06/2011,RDU,NC,ASO,EN,Combined TRACON& Tower with Radar,228,137,56,1,422,0,0,93,6,99,228,137,149,7,521,0,0,0,521
11/07/2011,RDU,NC,ASO,EN,Combined TRACON& Tower with Radar,253,166,61,0,480,0,6,85,39,130,253,172,146,39,610,0,0,0,610
11/08/2011,RDU,NC,ASO,EN,Combined TRACON& Tower with Radar,250,164,82,2,498,0,5,81,40,126,250,169,163,42,624,0,0,0,624
11/09/2011,RDU,NC,ASO,EN,Combined TRACON& Tower with Radar,248,169,110,6,533,0,0,85,27,112,248,169,195,33,645,0,0,0,645
11/10/2011,RDU,NC,ASO,EN,Combined TRACON& Tower with Radar,252,177,106,9,544,0,0,11,19,30,252,177,117,28,574,0,0,0,574
11/11/2011,RDU,NC,ASO,EN,Combined TRACON& Tower with Radar,268,175,75,0,518,0,2,77,5,84,268,177,152,5,602,0,0,0,602
11/12/2011,RDU,NC,ASO,EN,Combined TRACON& Tower with Radar,200,85,42,1,328,0,3,75,2,80,200,88,117,3,408,0,0,0,408
11/13/2011,RDU,NC,ASO,EN,Combined TRACON& Tower with Radar,231,138,66,6,441,0,0,71,1,72,231,138,137,7,513,0,0,0,513
11/14/2011,RDU,NC,ASO,EN,Combined TRACON& Tower with Radar,255,167,68,2,492,0,0,62,14,76,255,167,130,16,568,0,0,0,568
11/15/2011,RDU,NC,ASO,EN,Combined TRACON& Tower with Radar,250,166,89,3,508,0,2,44,25,71,250,168,133,28,579,0,0,0,579
11/16/2011,RDU,NC,ASO,EN,Combined TRACON& Tower with Radar,248,167,105,3,523,0,0,12,2,14,248,167,117,5,537,0,0,0,537
11/17/2011,RDU,NC,ASO,EN,Combined TRACON& Tower with Radar,245,191,147,4,587,0,0,19,13,32,245,191,166,17,619,0,0,0,619
11/18/2011,RDU,NC,ASO,EN,Combined TRACON& Tower with Radar,255,200,100,9,564,0,2,77,22,101,255,202,177,31,665,0,0,0,665
11/19/2011,RDU,NC,ASO,EN,Combined TRACON& Tower with Radar,186,107,74,4,371,0,0,77,8,85,186,107,151,12,456,0,0,0,456
11/20/2011,RDU,NC,ASO,EN,Combined TRACON& Tower with Radar,219,138,64,0,421,0,0,50,6,56,219,138,114,6,477,0,0,0,477
11/21/2011,RDU,NC,ASO,EN,Combined TRACON& Tower with Radar,228,159,91,6,484,0,0,38,25,63,228,159,129,31,547,0,0,0,547
11/22/2011,RDU,NC,ASO,EN,Combined TRACON& Tower with Radar,243,197,110,2,552,0,0,19,23,42,243,197,129,25,594,0,0,0,594
11/23/2011,RDU,NC,ASO,EN,Combined TRACON& Tower with Radar,262,183,66,4,515,0,0,6,12,18,262,183,72,16,533,0,0,0,533
11/24/2011,RDU,NC,ASO,EN,Combined TRACON& Tower with Radar,148,77,29,0,254,0,0,24,4,28,148,77,53,4,282,0,0,0,282
11/25/2011,RDU,NC,ASO,EN,Combined TRACON& Tower with Radar,184,112,42,3,341,0,0,41,1,42,184,112,83,4,383,0,0,0,383
11/26/2011,RDU,NC,ASO,EN,Combined TRACON& Tower with Radar,217,124,43,1,385,0,0,56,1,57,217,124,99,2,442,0,0,0,442
11/27/2011,RDU,NC,ASO,EN,Combined TRACON& Tower with Radar,254,165,108,0,527,0,0,39,0,39,254,165,147,0,566,0,0,0,566
11/28/2011,RDU,NC,ASO,EN,Combined TRACON& Tower with Radar,253,174,63,4,494,0,0,18,6,24,253,174,81,10,518,0,0,0,518
11/29/2011,RDU,NC,ASO,EN,Combined TRACON& Tower with Radar,234,179,96,6,515,0,0,24,10,34,234,179,120,16,549,0,0,0,549
11/30/2011,RDU,NC,ASO,EN,Combined TRACON& Tower with Radar,244,189,111,0,544,0,1,63,30,94,244,190,174,30,638,0,0,0,638
12/01/2011,RDU,NC,ASO,EN,Combined TRACON& Tower with Radar,248,203,103,5,559,0,0,70,22,92,248,203,173,27,651,0,0,0,651
12/02/2011,RDU,NC,ASO,EN,Combined TRACON& Tower with Radar,252,183,97,6,538,0,1,62,5,68,252,184,159,11,606,0,0,0,606
12/03/2011,RDU,NC,ASO,EN,Combined TRACON& Tower with Radar,169,100,69,2,340,0,0,79,2,81,169,100,148,4,421,0,0,0,421
12/04/2011,RDU,NC,ASO,EN,Combined TRACON& Tower with Radar,212,140,49,3,404,0,1,45,4,50,212,141,94,7,454,0,0,0,454
12/05/2011,RDU,NC,ASO,EN,Combined TRACON& Tower with Radar,234,172,62,3,471,0,1,30,22,53,234,173,92,25,524,0,0,0,524
12/06/2011,RDU,NC,ASO,EN,Combined TRACON& Tower with Radar,235,182,94,0,511,0,0,12,15,27,235,182,106,15,538,0,0,0,538
12/07/2011,RDU,NC,ASO,EN,Combined TRACON& Tower with Radar,233,173,77,10,493,0,0,6,5,11,233,173,83,15,504,0,0,0,504
12/08/2011,RDU,NC,ASO,EN,Combined TRACON& Tower with Radar,241,201,107,8,557,0,1,56,19,76,241,202,163,27,633,0,0,0,633
12/09/2011,RDU,NC,ASO,EN,Combined TRACON& Tower with Radar,246,182,87,2,517,0,0,60,10,70,246,182,147,12,587,0,0,0,587
12/10/2011,RDU,NC,ASO,EN,Combined TRACON& Tower with Radar,174,105,29,7,315,0,0,69,0,69,174,105,98,7,384,0,0,0,384
12/11/2011,RDU,NC,ASO,EN,Combined TRACON& Tower with Radar,214,147,35,1,397,0,0,69,4,73,214,147,104,5,470,0,0,0,470
12/12/2011,RDU,NC,ASO,EN,Combined TRACON& Tower with Radar,242,176,70,2,490,0,0,43,9,52,242,176,113,11,542,0,0,0,542
12/13/2011,RDU,NC,ASO,EN,Combined TRACON& Tower with Radar,233,163,101,6,503,0,2,57,14,73,233,165,158,20,576,0,0,0,576
12/14/2011,RDU,NC,ASO,EN,Combined TRACON& Tower with Radar,235,166,90,6,497,0,0,53,10,63,235,166,143,16,560,0,0,0,560
12/15/2011,RDU,NC,ASO,EN,Combined TRACON& Tower with Radar,236,179,109,6,530,0,2,61,11,74,236,181,170,17,604,0,0,0,604
12/16/2011,RDU,NC,ASO,EN,Combined TRACON& Tower with Radar,252,173,103,2,530,0,1,41,6,48,252,174,144,8,578,0,0,0,578
12/17/2011,RDU,NC,ASO,EN,Combined TRACON& Tower with Radar,196,98,62,3,359,0,0,24,2,26,196,98,86,5,385,0,0,0,385
12/18/2011,RDU,NC,ASO,EN,Combined TRACON& Tower with Radar,211,148,37,0,396,0,1,69,0,70,211,149,106,0,466,0,0,0,466
12/19/2011,RDU,NC,ASO,EN,Combined TRACON& Tower with Radar,237,188,68,1,494,0,1,53,6,60,237,189,121,7,554,0,0,0,554
12/20/2011,RDU,NC,ASO,EN,Combined TRACON& Tower with Radar,236,172,78,6,492,0,2,43,8,53,236,174,121,14,545,0,0,0,545
12/21/2011,RDU,NC,ASO,EN,Combined TRACON& Tower with Radar,238,189,91,5,523,0,0,3,0,3,238,189,94,5,526,0,0,0,526
12/22/2011,RDU,NC,ASO,EN,Combined TRACON& Tower with Radar,247,191,66,5,509,0,0,5,0,5,247,191,71,5,514,0,0,0,514
12/23/2011,RDU,NC,ASO,EN,Combined TRACON& Tower with Radar,254,185,44,1,484,0,0,56,1,57,254,185,100,2,541,0,0,0,541
12/24/2011,RDU,NC,ASO,EN,Combined TRACON& Tower with Radar,177,95,22,1,295,0,1,38,2,41,177,96,60,3,336,0,0,0,336
12/25/2011,RDU,NC,ASO,EN,Combined TRACON& Tower with Radar,166,91,6,0,263,0,0,8,2,10,166,91,14,2,273,0,0,0,273
12/26/2011,RDU,NC,ASO,EN,Combined TRACON& Tower with Radar,228,160,73,0,461,0,0,56,0,56,228,160,129,0,517,0,0,0,517
12/27/2011,RDU,NC,ASO,EN,Combined TRACON& Tower with Radar,234,170,36,2,442,0,1,0,4,5,234,171,36,6,447,0,0,0,447
12/28/2011,RDU,NC,ASO,EN,Combined TRACON& Tower with Radar,246,167,47,4,464,0,4,58,6,68,246,171,105,10,532,0,0,0,532
12/29/2011,RDU,NC,ASO,EN,Combined TRACON& Tower with Radar,241,167,37,2,447,0,0,66,12,78,241,167,103,14,525,0,0,0,525
12/30/2011,RDU,NC,ASO,EN,Combined TRACON& Tower with Radar,241,175,53,2,471,0,1,75,0,76,241,176,128,2,547,0,0,0,547
12/31/2011,RDU,NC,ASO,EN,Combined TRACON& Tower with Radar,188,85,32,2,307,0,0,58,2,60,188,85,90,4,367,0,0,0,367
01/01/2012,RDU,NC,ASO,EN,Combined TRACON& Tower with Radar,171,103,36,0,310,0,0,15,2,17,171,103,51,2,327,0,0,0,327
01/02/2012,RDU,NC,ASO,EN,Combined TRACON& Tower with Radar,226,153,46,2,427,0,0,52,2,54,226,153,98,4,481,0,0,0,481
01/03/2012,RDU,NC,ASO,EN,Combined TRACON& Tower with Radar,231,175,67,4,477,0,1,15,13,29,231,176,82,17,506,0,0,0,506
01/04/2012,RDU,NC,ASO,EN,Combined TRACON& Tower with Radar,227,173,59,3,462,0,0,56,24,80,227,173,115,27,542,0,0,0,542
01/05/2012,RDU,NC,ASO,EN,Combined TRACON& Tower with Radar,229,175,72,5,481,0,0,75,15,90,229,175,147,20,571,0,0,0,571
01/06/2012,RDU,NC,ASO,EN,Combined TRACON& Tower with Radar,239,169,76,6,490,0,0,84,5,89,239,169,160,11,579,0,0,0,579
01/07/2012,RDU,NC,ASO,EN,Combined TRACON& Tower with Radar,181,95,33,2,311,0,0,89,16,105,181,95,122,18,416,0,0,0,416
01/08/2012,RDU,NC,ASO,EN,Combined TRACON& Tower with Radar,195,150,36,2,383,0,0,55,11,66,195,150,91,13,449,0,0,0,449
01/09/2012,RDU,NC,ASO,EN,Combined TRACON& Tower with Radar,219,180,84,4,487,0,0,0,0,0,219,180,84,4,487,0,0,0,487
01/10/2012,RDU,NC,ASO,EN,Combined TRACON& Tower with Radar,218,176,97,17,508,0,0,50,25,75,218,176,147,42,583,0,0,0,583
01/11/2012,RDU,NC,ASO,EN,Combined TRACON& Tower with Radar,223,190,44,2,459,0,0,2,0,2,223,190,46,2,461,0,0,0,461
01/12/2012,RDU,NC,ASO,EN,Combined TRACON& Tower with Radar,222,190,97,11,520,0,1,33,25,59,222,191,130,36,579,0,0,0,579
01/13/2012,RDU,NC,ASO,EN,Combined TRACON& Tower with Radar,233,181,82,2,498,0,0,30,6,36,233,181,112,8,534,0,0,0,534
01/14/2012,RDU,NC,ASO,EN,Combined TRACON& Tower with Radar,177,95,34,4,310,0,1,69,8,78,177,96,103,12,388,0,0,0,388
01/15/2012,RDU,NC,ASO,EN,Combined TRACON& Tower with Radar,191,115,45,3,354,0,1,44,11,56,191,116,89,14,410,0,0,0,410
01/16/2012,RDU,NC,ASO,EN,Combined TRACON& Tower with Radar,217,147,50,2,416,1,0,64,9,74,218,147,114,11,490,0,0,0,490
01/17/2012,RDU,NC,ASO,EN,Combined TRACON& Tower with Radar,216,174,91,7,488,0,1,21,17,39,216,175,112,24,527,0,0,0,527
01/18/2012,RDU,NC,ASO,EN,Combined TRACON& Tower with Radar,219,180,91,4,494,0,2,38,21,61,219,182,129,25,555,0,0,0,555
01/19/2012,RDU,NC,ASO,EN,Combined TRACON& Tower with Radar,226,200,111,6,543,0,1,69,21,91,226,201,180,27,634,0,0,0,634
01/20/2012,RDU,NC,ASO,EN,Combined TRACON& Tower with Radar,232,174,82,12,500,0,0,40,12,52,232,174,122,24,552,0,0,0,552
01/21/2012,RDU,NC,ASO,EN,Combined TRACON& Tower with Radar,172,92,46,0,310,0,0,1,0,1,172,92,47,0,311,0,0,0,311
01/22/2012,RDU,NC,ASO,EN,Combined TRACON& Tower with Radar,191,134,50,6,381,0,0,1,0,1,191,134,51,6,382,0,0,0,382
01/23/2012,RDU,NC,ASO,EN,Combined TRACON& Tower with Radar,218,160,60,2,440,0,0,0,0,0,218,160,60,2,440,0,0,0,440
01/24/2012,RDU,NC,ASO,EN,Combined TRACON& Tower with Radar,222,191,89,11,513,0,0,39,17,56,222,191,128,28,569,0,0,0,569
01/25/2012,RDU,NC,ASO,EN,Combined TRACON& Tower with Radar,218,195,115,6,534,0,3,80,9,92,218,198,195,15,626,0,0,0,626
01/26/2012,RDU,NC,ASO,EN,Combined TRACON& Tower with Radar,227,188,106,5,526,0,3,30,8,41,227,191,136,13,567,0,0,0,567
01/27/2012,RDU,NC,ASO,EN,Combined TRACON& Tower with Radar,231,175,71,22,499,0,2,26,6,34,231,177,97,28,533,0,0,0,533
01/28/2012,RDU,NC,ASO,EN,Combined TRACON& Tower with Radar,176,103,52,0,331,0,0,95,0,95,176,103,147,0,426,0,0,0,426
01/29/2012,RDU,NC,ASO,EN,Combined TRACON& Tower with Radar,189,136,48,9,382,0,0,74,2,76,189,136,122,11,458,0,0,0,458
01/30/2012,RDU,NC,ASO,EN,Combined TRACON& Tower with Radar,221,180,92,11,504,0,3,45,25,73,221,183,137,36,577,0,0,0,577
01/31/2012,RDU,NC,ASO,EN,Combined TRACON& Tower with Radar,219,172,90,6,487,0,0,63,18,81,219,172,153,24,568,0,0,0,568
02/01/2012,RDU,NC,ASO,EN,Combined TRACON& Tower with Radar,220,179,70,3,472,0,4,59,13,76,220,183,129,16,548,0,0,0,548
02/02/2012,RDU,NC,ASO,EN,Combined TRACON& Tower with Radar,224,202,92,11,529,0,0,41,17,58,224,202,133,28,587,0,0,0,587
02/03/2012,RDU,NC,ASO,EN,Combined TRACON& Tower with Radar,228,183,73,5,489,0,2,91,6,99,228,185,164,11,588,0,0,0,588
02/04/2012,RDU,NC,ASO,EN,Combined TRACON& Tower with Radar,174,93,50,2,319,0,0,28,11,39,174,93,78,13,358,0,0,0,358
02/05/2012,RDU,NC,ASO,EN,Combined TRACON& Tower with Radar,192,146,79,7,424,0,0,0,0,0,192,146,79,7,424,0,0,0,424
02/06/2012,RDU,NC,ASO,EN,Combined TRACON& Tower with Radar,217,174,77,4,472,0,1,43,19,63,217,175,120,23,535,0,0,0,535
02/07/2012,RDU,NC,ASO,EN,Combined TRACON& Tower with Radar,215,185,84,14,498,0,3,83,20,106,215,188,167,34,604,0,0,0,604
02/08/2012,RDU,NC,ASO,EN,Combined TRACON& Tower with Radar,218,186,98,4,506,0,2,56,19,77,218,188,154,23,583,0,0,0,583
02/09/2012,RDU,NC,ASO,EN,Combined TRACON& Tower with Radar,234,198,111,4,547,0,3,88,24,115,234,201,199,28,662,0,0,0,662
02/10/2012,RDU,NC,ASO,EN,Combined TRACON& Tower with Radar,229,190,71,7,497,0,0,58,15,73,229,190,129,22,570,0,0,0,570
02/11/2012,RDU,NC,ASO,EN,Combined TRACON& Tower with Radar,186,104,36,0,326,0,0,19,5,24,186,104,55,5,350,0,0,0,350
02/12/2012,RDU,NC,ASO,EN,Combined TRACON& Tower with Radar,194,144,44,3,385,0,0,57,4,61,194,144,101,7,446,0,0,0,446
02/13/2012,RDU,NC,ASO,EN,Combined TRACON& Tower with Radar,229,180,81,4,494,0,2,70,14,86,229,182,151,18,580,0,0,0,580
02/14/2012,RDU,NC,ASO,EN,Combined TRACON& Tower with Radar,224,182,82,2,490,0,0,54,6,60,224,182,136,8,550,0,0,0,550
02/15/2012,RDU,NC,ASO,EN,Combined TRACON& Tower with Radar,223,183,81,4,491,0,0,80,10,90,223,183,161,14,581,0,0,0,581
02/16/2012,RDU,NC,ASO,EN,Combined TRACON& Tower with Radar,232,199,102,5,538,0,0,15,5,20,232,199,117,10,558,0,0,0,558
02/17/2012,RDU,NC,ASO,EN,Combined TRACON& Tower with Radar,241,197,102,6,546,0,0,94,8,102,241,197,196,14,648,0,0,0,648
02/18/2012,RDU,NC,ASO,EN,Combined TRACON& Tower with Radar,178,109,60,0,347,0,0,88,2,90,178,109,148,2,437,0,0,0,437
02/19/2012,RDU,NC,ASO,EN,Combined TRACON& Tower with Radar,202,123,29,0,354,0,0,0,0,0,202,123,29,0,354,0,0,0,354
02/20/2012,RDU,NC,ASO,EN,Combined TRACON& Tower with Radar,231,170,76,0,477,0,0,64,0,64,231,170,140,0,541,0,0,0,541
02/21/2012,RDU,NC,ASO,EN,Combined TRACON& Tower with Radar,235,183,113,3,534,0,0,54,33,87,235,183,167,36,621,0,0,0,621
02/22/2012,RDU,NC,ASO,EN,Combined TRACON& Tower with Radar,230,188,95,6,519,0,0,63,23,86,230,188,158,29,605,0,0,0,605
02/23/2012,RDU,NC,ASO,EN,Combined TRACON& Tower with Radar,234,199,131,7,571,0,0,44,19,63,234,199,175,26,634,0,0,0,634
02/24/2012,RDU,NC,ASO,EN,Combined TRACON& Tower with Radar,239,179,85,2,505,0,0,7,4,11,239,179,92,6,516,0,0,0,516
02/25/2012,RDU,NC,ASO,EN,Combined TRACON& Tower with Radar,187,140,51,1,379,0,0,30,4,34,187,140,81,5,413,0,0,0,413
02/26/2012,RDU,NC,ASO,EN,Combined TRACON& Tower with Radar,206,133,63,3,405,0,2,82,2,86,206,135,145,5,491,0,0,0,491
02/27/2012,RDU,NC,ASO,EN,Combined TRACON& Tower with Radar,235,181,71,2,489,0,0,6,2,8,235,181,77,4,497,0,0,0,497
02/28/2012,RDU,NC,ASO,EN,Combined TRACON& Tower with Radar,232,172,78,3,485,0,2,83,17,102,232,174,161,20,587,0,0,0,587
02/29/2012,RDU,NC,ASO,EN,Combined TRACON& Tower with Radar,226,186,88,0,500,0,0,2,2,4,226,186,90,2,504,0,0,0,504
03/01/2012,RDU,NC,ASO,EN,Combined TRACON& Tower with Radar,234,196,85,4,519,0,0,66,13,79,234,196,151,17,598,0,0,0,598
03/02/2012,RDU,NC,ASO,EN,Combined TRACON& Tower with Radar,232,194,86,2,514,0,0,11,1,12,232,194,97,3,526,0,0,0,526
03/03/2012,RDU,NC,ASO,EN,Combined TRACON& Tower with Radar,191,156,86,2,435,0,0,26,3,29,191,156,112,5,464,0,0,0,464
03/04/2012,RDU,NC,ASO,EN,Combined TRACON& Tower with Radar,214,164,62,0,440,0,0,43,0,43,214,164,105,0,483,0,0,0,483
03/05/2012,RDU,NC,ASO,EN,Combined TRACON& Tower with Radar,248,167,73,4,492,0,2,28,7,37,248,169,101,11,529,0,0,0,529
03/06/2012,RDU,NC,ASO,EN,Combined TRACON& Tower with Radar,239,173,82,3,497,0,3,88,15,106,239,176,170,18,603,0,0,0,603
03/07/2012,RDU,NC,ASO,EN,Combined TRACON& Tower with Radar,244,170,97,4,515,0,0,71,9,80,244,170,168,13,595,0,0,0,595
03/08/2012,RDU,NC,ASO,EN,Combined TRACON& Tower with Radar,244,175,90,9,518,0,1,35,3,39,244,176,125,12,557,0,0,0,557
03/09/2012,RDU,NC,ASO,EN,Combined TRACON& Tower with Radar,250,165,90,12,517,0,1,35,7,43,250,166,125,19,560,0,0,0,560
03/10/2012,RDU,NC,ASO,EN,Combined TRACON& Tower with Radar,198,89,48,3,338,0,2,108,3,113,198,91,156,6,451,0,0,0,451
03/11/2012,RDU,NC,ASO,EN,Combined TRACON& Tower with Radar,226,162,70,1,459,0,8,71,5,84,226,170,141,6,543,0,0,0,543
03/12/2012,RDU,NC,ASO,EN,Combined TRACON& Tower with Radar,244,174,71,2,491,0,5,56,12,73,244,179,127,14,564,0,0,0,564
03/13/2012,RDU,NC,ASO,EN,Combined TRACON& Tower with Radar,238,176,70,4,488,0,0,46,12,58,238,176,116,16,546,0,0,0,546
03/14/2012,RDU,NC,ASO,EN,Combined TRACON& Tower with Radar,252,167,90,0,509,0,0,56,9,65,252,167,146,9,574,0,0,0,574
03/15/2012,RDU,NC,ASO,EN,Combined TRACON& Tower with Radar,244,175,84,2,505,0,0,50,8,58,244,175,134,10,563,0,0,0,563
03/16/2012,RDU,NC,ASO,EN,Combined TRACON& Tower with Radar,251,168,75,4,498,0,0,54,14,68,251,168,129,18,566,0,0,0,566
03/17/2012,RDU,NC,ASO,EN,Combined TRACON& Tower with Radar,193,94,40,0,327,0,2,43,14,59,193,96,83,14,386,0,0,0,386
03/18/2012,RDU,NC,ASO,EN,Combined TRACON& Tower with Radar,232,133,74,4,443,0,0,3,1,4,232,133,77,5,447,0,0,0,447
03/19/2012,RDU,NC,ASO,EN,Combined TRACON& Tower with Radar,246,181,86,2,515,0,0,39,0,39,246,181,125,2,554,0,0,0,554
03/20/2012,RDU,NC,ASO,EN,Combined TRACON& Tower with Radar,235,153,80,1,469,0,0,52,4,56,235,153,132,5,525,0,0,0,525
03/21/2012,RDU,NC,ASO,EN,Combined TRACON& Tower with Radar,249,177,78,3,507,0,3,33,5,41,249,180,111,8,548,0,0,0,548
03/22/2012,RDU,NC,ASO,EN,Combined TRACON& Tower with Radar,248,180,125,8,561,0,1,40,12,53,248,181,165,20,614,0,0,0,614
03/23/2012,RDU,NC,ASO,EN,Combined TRACON& Tower with Radar,252,169,88,3,512,0,2,60,12,74,252,171,148,15,586,0,0,0,586
03/24/2012,RDU,NC,ASO,EN,Combined TRACON& Tower with Radar,195,98,48,0,341,0,0,4,0,4,195,98,52,0,345,0,0,0,345
03/25/2012,RDU,NC,ASO,EN,Combined TRACON& Tower with Radar,239,142,75,2,458,0,0,11,2,13,239,142,86,4,471,22,0,22,493
03/26/2012,RDU,NC,ASO,EN,Combined TRACON& Tower with Radar,241,162,91,2,496,0,0,57,23,80,241,162,148,25,576,0,0,0,576
03/27/2012,RDU,NC,ASO,EN,Combined TRACON& Tower with Radar,241,160,91,5,497,0,0,103,25,128,241,160,194,30,625,0,0,0,625
03/28/2012,RDU,NC,ASO,EN,Combined TRACON& Tower with Radar,243,157,98,5,503,0,0,47,29,76,243,157,145,34,579,0,0,0,579
03/29/2012,RDU,NC,ASO,EN,Combined TRACON& Tower with Radar,243,174,107,0,524,0,0,65,6,71,243,174,172,6,595,0,0,0,595
03/30/2012,RDU,NC,ASO,EN,Combined TRACON& Tower with Radar,250,166,80,8,504,0,0,58,3,61,250,166,138,11,565,0,0,0,565
03/31/2012,RDU,NC,ASO,EN,Combined TRACON& Tower with Radar,195,102,48,2,347,0,0,3,0,3,195,102,51,2,350,0,0,0,350
04/01/2012,RDU,NC,ASO,EN,Combined TRACON& Tower with Radar,218,136,68,3,425,0,0,36,2,38,218,136,104,5,463,0,0,0,463
04/02/2012,RDU,NC,ASO,EN,Combined TRACON& Tower with Radar,239,179,66,0,484,0,0,47,5,52,239,179,113,5,536,0,0,0,536
04/03/2012,RDU,NC,ASO,EN,Combined TRACON& Tower with Radar,236,162,76,4,478,0,0,81,24,105,236,162,157,28,583,0,0,0,583
04/04/2012,RDU,NC,ASO,EN,Combined TRACON& Tower with Radar,241,169,94,5,509,0,0,50,3,53,241,169,144,8,562,18,0,18,580
04/05/2012,RDU,NC,ASO,EN,Combined TRACON& Tower with Radar,241,186,103,2,532,0,0,35,15,50,241,186,138,17,582,0,0,0,582
04/06/2012,RDU,NC,ASO,EN,Combined TRACON& Tower with Radar,236,175,62,5,478,0,1,39,14,54,236,176,101,19,532,0,0,0,532
04/07/2012,RDU,NC,ASO,EN,Combined TRACON& Tower with Radar,187,105,34,0,326,0,0,75,1,76,187,105,109,1,402,0,0,0,402
04/08/2012,RDU,NC,ASO,EN,Combined TRACON& Tower with Radar,218,140,57,0,415,0,1,51,2,54,218,141,108,2,469,0,0,0,469
04/09/2012,RDU,NC,ASO,EN,Combined TRACON& Tower with Radar,236,171,69,7,483,0,0,63,22,85,236,171,132,29,568,0,0,0,568
04/10/2012,RDU,NC,ASO,EN,Combined TRACON& Tower with Radar,251,170,84,5,510,0,2,54,23,79,251,172,138,28,589,0,0,0,589
04/11/2012,RDU,NC,ASO,EN,Combined TRACON& Tower with Radar,251,179,99,3,532,0,0,52,26,78,251,179,151,29,610,0,0,0,610
04/12/2012,RDU,NC,ASO,EN,Combined TRACON& Tower with Radar,257,177,92,7,533,0,1,108,18,127,257,178,200,25,660,0,0,0,660
04/13/2012,RDU,NC,ASO,EN,Combined TRACON& Tower with Radar,254,165,64,10,493,0,0,62,12,74,254,165,126,22,567,0,0,0,567
04/14/2012,RDU,NC,ASO,EN,Combined TRACON& Tower with Radar,194,93,50,2,339,0,0,58,9,67,194,93,108,11,406,0,0,0,406
04/15/2012,RDU,NC,ASO,EN,Combined TRACON& Tower with Radar,224,135,78,2,439,0,0,46,6,52,224,135,124,8,491,0,0,0,491
04/16/2012,RDU,NC,ASO,EN,Combined TRACON& Tower with Radar,255,171,68,9,503,0,1,55,18,74,255,172,123,27,577,0,0,0,577
04/17/2012,RDU,NC,ASO,EN,Combined TRACON& Tower with Radar,245,163,79,9,496,0,0,54,22,76,245,163,133,31,572,0,0,0,572
04/18/2012,RDU,NC,ASO,EN,Combined TRACON& Tower with Radar,256,170,83,17,526,0,0,22,24,46,256,170,105,41,572,0,0,0,572
04/19/2012,RDU,NC,ASO,EN,Combined TRACON& Tower with Radar,253,159,111,7,530,0,1,20,20,41,253,160,131,27,571,0,0,0,571
04/20/2012,RDU,NC,ASO,EN,Combined TRACON& Tower with Radar,256,180,121,3,560,0,0,50,0,50,256,180,171,3,610,0,0,0,610
04/21/2012,RDU,NC,ASO,EN,Combined TRACON& Tower with Radar,194,90,40,2,326,0,0,45,5,50,194,90,85,7,376,0,0,0,376
04/22/2012,RDU,NC,ASO,EN,Combined TRACON& Tower with Radar,222,137,48,0,407,0,0,0,0,0,222,137,48,0,407,0,0,0,407
04/23/2012,RDU,NC,ASO,EN,Combined TRACON& Tower with Radar,261,170,82,2,515,0,1,27,20,48,261,171,109,22,563,0,0,0,563
04/24/2012,RDU,NC,ASO,EN,Combined TRACON& Tower with Radar,250,171,83,4,508,0,1,39,21,61,250,172,122,25,569,0,0,0,569
04/25/2012,RDU,NC,ASO,EN,Combined TRACON& Tower with Radar,253,187,117,6,563,0,0,62,33,95,253,187,179,39,658,0,0,0,658
04/26/2012,RDU,NC,ASO,EN,Combined TRACON& Tower with Radar,252,164,91,3,510,0,0,34,18,52,252,164,125,21,562,0,0,0,562
04/27/2012,RDU,NC,ASO,EN,Combined TRACON& Tower with Radar,266,181,94,0,541,0,0,83,1,84,266,181,177,1,625,0,0,0,625
04/28/2012,RDU,NC,ASO,EN,Combined TRACON& Tower with Radar,195,87,47,1,330,0,0,29,2,31,195,87,76,3,361,0,0,0,361
04/29/2012,RDU,NC,ASO,EN,Combined TRACON& Tower with Radar,229,138,84,7,458,0,2,46,0,48,229,140,130,7,506,0,0,0,506
04/30/2012,RDU,NC,ASO,EN,Combined TRACON& Tower with Radar,249,173,82,0,504,0,0,24,16,40,249,173,106,16,544,0,0,0,544
05/01/2012,RDU,NC,ASO,EN,Combined TRACON& Tower with Radar,244,159,77,8,488,0,0,31,21,52,244,159,108,29,540,0,0,0,540
05/02/2012,RDU,NC,ASO,EN,Combined TRACON& Tower with Radar,251,164,107,8,530,0,1,64,30,95,251,165,171,38,625,0,0,0,625
05/03/2012,RDU,NC,ASO,EN,Combined TRACON& Tower with Radar,250,165,111,6,532,0,0,62,34,96,250,165,173,40,628,0,0,0,628
05/04/2012,RDU,NC,ASO,EN,Combined TRACON& Tower with Radar,262,156,76,6,500,0,0,56,9,65,262,156,132,15,565,0,0,0,565
05/05/2012,RDU,NC,ASO,EN,Combined TRACON& Tower with Radar,196,87,40,2,325,0,0,53,0,53,196,87,93,2,378,0,0,0,378
05/06/2012,RDU,NC,ASO,EN,Combined TRACON& Tower with Radar,229,131,78,5,443,0,0,15,5,20,229,131,93,10,463,0,0,0,463
05/07/2012,RDU,NC,ASO,EN,Combined TRACON& Tower with Radar,255,151,70,4,480,0,0,36,27,63,255,151,106,31,543,0,0,0,543
05/08/2012,RDU,NC,ASO,EN,Combined TRACON& Tower with Radar,251,166,93,4,514,0,0,51,23,74,251,166,144,27,588,0,0,0,588
05/09/2012,RDU,NC,ASO,EN,Combined TRACON& Tower with Radar,248,154,93,5,500,0,0,6,1,7,248,154,99,6,507,0,0,0,507
05/10/2012,RDU,NC,ASO,EN,Combined TRACON& Tower with Radar,259,174,106,5,544,0,1,81,25,107,259,175,187,30,651,0,0,0,651
05/11/2012,RDU,NC,ASO,EN,Combined TRACON& Tower with Radar,267,175,98,1,541,0,1,97,2,100,267,176,195,3,641,0,0,0,641
05/12/2012,RDU,NC,ASO,EN,Combined TRACON& Tower with Radar,193,96,58,2,349,0,2,63,2,67,193,98,121,4,416,0,0,0,416
05/13/2012,RDU,NC,ASO,EN,Combined TRACON& Tower with Radar,235,142,80,0,457,0,2,22,4,28,235,144,102,4,485,0,0,0,485
05/14/2012,RDU,NC,ASO,EN,Combined TRACON& Tower with Radar,253,157,107,2,519,0,0,13,2,15,253,157,120,4,534,0,0,0,534
05/15/2012,RDU,NC,ASO,EN,Combined TRACON& Tower with Radar,244,165,107,7,523,0,0,24,6,30,244,165,131,13,553,0,0,0,553
05/16/2012,RDU,NC,ASO,EN,Combined TRACON& Tower with Radar,251,176,106,1,534,0,1,42,12,55,251,177,148,13,589,0,0,0,589
05/17/2012,RDU,NC,ASO,EN,Combined TRACON& Tower with Radar,258,178,98,4,538,0,1,48,11,60,258,179,146,15,598,0,0,0,598
05/18/2012,RDU,NC,ASO,EN,Combined TRACON& Tower with Radar,266,163,63,6,498,0,0,74,4,78,266,163,137,10,576,0,0,0,576
05/19/2012,RDU,NC,ASO,EN,Combined TRACON& Tower with Radar,195,94,38,0,327,0,0,62,2,64,195,94,100,2,391,0,0,0,391
05/20/2012,RDU,NC,ASO,EN,Combined TRACON& Tower with Radar,229,148,44,3,424,0,0,55,2,57,229,148,99,5,481,0,0,0,481
05/21/2012,RDU,NC,ASO,EN,Combined TRACON& Tower with Radar,260,167,93,4,524,0,0,32,16,48,260,167,125,20,572,0,0,0,572
05/22/2012,RDU,NC,ASO,EN,Combined TRACON& Tower with Radar,247,176,91,3,517,0,0,40,12,52,247,176,131,15,569,0,0,0,569
05/23/2012,RDU,NC,ASO,EN,Combined TRACON& Tower with Radar,247,167,101,8,523,0,0,19,11,30,247,167,120,19,553,0,0,0,553
05/24/2012,RDU,NC,ASO,EN,Combined TRACON& Tower with Radar,259,174,106,5,544,0,0,25,20,45,259,174,131,25,589,0,0,0,589
05/25/2012,RDU,NC,ASO,EN,Combined TRACON& Tower with Radar,263,161,85,1,510,0,0,55,4,59,263,161,140,5,569,0,0,0,569
05/26/2012,RDU,NC,ASO,EN,Combined TRACON& Tower with Radar,184,85,36,1,306,0,1,48,5,54,184,86,84,6,360,0,0,0,360
05/27/2012,RDU,NC,ASO,EN,Combined TRACON& Tower with Radar,179,88,39,0,306,0,0,19,0,19,179,88,58,0,325,0,0,0,325
05/28/2012,RDU,NC,ASO,EN,Combined TRACON& Tower with Radar,232,126,50,2,410,0,0,33,0,33,232,126,83,2,443,0,0,0,443
05/29/2012,RDU,NC,ASO,EN,Combined TRACON& Tower with Radar,242,139,59,4,444,0,0,18,8,26,242,139,77,12,470,0,0,0,470
05/30/2012,RDU,NC,ASO,EN,Combined TRACON& Tower with Radar,253,175,76,4,508,0,0,16,15,31,253,175,92,19,539,0,0,0,539
05/31/2012,RDU,NC,ASO,EN,Combined TRACON& Tower with Radar,258,175,75,6,514,0,0,122,29,151,258,175,197,35,665,0,0,0,665
06/01/2012,RDU,NC,ASO,EN,Combined TRACON& Tower with Radar,250,145,89,2,486,0,0,20,5,25,250,145,109,7,511,0,0,0,511
06/02/2012,RDU,NC,ASO,EN,Combined TRACON& Tower with Radar,196,90,46,4,336,0,0,61,20,81,196,90,107,24,417,0,0,0,417
06/03/2012,RDU,NC,ASO,EN,Combined TRACON& Tower with Radar,234,152,49,2,437,0,0,62,9,71,234,152,111,11,508,0,0,0,508
06/04/2012,RDU,NC,ASO,EN,Combined TRACON& Tower with Radar,257,165,78,2,502,0,2,59,10,71,257,167,137,12,573,0,0,0,573
06/05/2012,RDU,NC,ASO,EN,Combined TRACON& Tower with Radar,246,169,87,2,504,0,3,64,17,84,246,172,151,19,588,0,0,0,588
06/06/2012,RDU,NC,ASO,EN,Combined TRACON& Tower with Radar,252,170,88,10,520,0,0,38,22,60,252,170,126,32,580,0,0,0,580
06/07/2012,RDU,NC,ASO,EN,Combined TRACON& Tower with Radar,244,186,99,10,539,0,0,71,23,94,244,186,170,33,633,0,0,0,633
06/08/2012,RDU,NC,ASO,EN,Combined TRACON& Tower with Radar,258,169,88,5,520,0,0,75,9,84,258,169,163,14,604,0,0,0,604
06/09/2012,RDU,NC,ASO,EN,Combined TRACON& Tower with Radar,204,92,33,5,334,0,0,74,14,88,204,92,107,19,422,0,0,0,422
06/10/2012,RDU,NC,ASO,EN,Combined TRACON& Tower with Radar,233,137,49,0,419,0,0,52,6,58,233,137,101,6,477,0,0,0,477
06/11/2012,RDU,NC,ASO,EN,Combined TRACON& Tower with Radar,252,155,87,0,494,0,0,5,0,5,252,155,92,0,499,0,0,0,499
06/12/2012,RDU,NC,ASO,EN,Combined TRACON& Tower with Radar,244,169,103,1,517,0,1,10,8,19,244,170,113,9,536,0,0,0,536
06/13/2012,RDU,NC,ASO,EN,Combined TRACON& Tower with Radar,250,164,91,5,510,0,0,49,13,62,250,164,140,18,572,0,0,0,572
06/14/2012,RDU,NC,ASO,EN,Combined TRACON& Tower with Radar,260,160,60,4,484,0,0,41,19,60,260,160,101,23,544,0,0,0,544
06/15/2012,RDU,NC,ASO,EN,Combined TRACON& Tower with Radar,258,166,98,2,524,0,0,56,11,67,258,166,154,13,591,0,0,0,591
06/16/2012,RDU,NC,ASO,EN,Combined TRACON& Tower with Radar,209,98,23,7,337,0,1,81,4,86,209,99,104,11,423,0,0,0,423
06/17/2012,RDU,NC,ASO,EN,Combined TRACON& Tower with Radar,236,134,44,4,418,0,0,47,2,49,236,134,91,6,467,0,0,0,467
06/18/2012,RDU,NC,ASO,EN,Combined TRACON& Tower with Radar,253,166,88,6,513,0,0,43,23,66,253,166,131,29,579,0,0,0,579
06/19/2012,RDU,NC,ASO,EN,Combined TRACON& Tower with Radar,257,160,86,7,510,0,4,50,23,77,257,164,136,30,587,0,0,0,587
06/20/2012,RDU,NC,ASO,EN,Combined TRACON& Tower with Radar,256,169,85,15,525,0,0,69,33,102,256,169,154,48,627,0,0,0,627
06/21/2012,RDU,NC,ASO,EN,Combined TRACON& Tower with Radar,247,172,90,5,514,0,1,40,23,64,247,173,130,28,578,0,0,0,578
06/22/2012,RDU,NC,ASO,EN,Combined TRACON& Tower with Radar,235,135,64,5,439,0,0,40,9,49,235,135,104,14,488,0,0,0,488
06/23/2012,RDU,NC,ASO,EN,Combined TRACON& Tower with Radar,220,101,46,7,374,0,0,32,0,32,220,101,78,7,406,0,0,0,406
06/24/2012,RDU,NC,ASO,EN,Combined TRACON& Tower with Radar,232,138,51,5,426,0,0,28,2,30,232,138,79,7,456,0,0,0,456
06/25/2012,RDU,NC,ASO,EN,Combined TRACON& Tower with Radar,253,156,70,2,481,0,0,24,21,45,253,156,94,23,526,0,0,0,526
06/26/2012,RDU,NC,ASO,EN,Combined TRACON& Tower with Radar,253,177,89,4,523,0,0,64,18,82,253,177,153,22,605,0,0,0,605
06/27/2012,RDU,NC,ASO,EN,Combined TRACON& Tower with Radar,252,169,93,4,518,0,1,54,34,89,252,170,147,38,607,0,0,0,607
06/28/2012,RDU,NC,ASO,EN,Combined TRACON& Tower with Radar,255,149,116,14,534,0,0,69,16,85,255,149,185,30,619,0,0,0,619
06/29/2012,RDU,NC,ASO,EN,Combined TRACON& Tower with Radar,251,163,71,0,485,0,0,60,6,66,251,163,131,6,551,0,0,0,551
06/30/2012,RDU,NC,ASO,EN,Combined TRACON& Tower with Radar,212,100,38,0,350,0,0,34,1,35,212,100,72,1,385,0,0,0,385
07/01/2012,RDU,NC,ASO,EN,Combined TRACON& Tower with Radar,224,138,33,2,397,0,1,26,6,33,224,139,59,8,430,0,0,0,430
07/02/2012,RDU,NC,ASO,EN,Combined TRACON& Tower with Radar,244,132,61,2,439,0,0,40,30,70,244,132,101,32,509,0,0,0,509
07/03/2012,RDU,NC,ASO,EN,Combined TRACON& Tower with Radar,223,139,57,2,421,0,1,74,9,84,223,140,131,11,505,0,0,0,505
07/04/2012,RDU,NC,ASO,EN,Combined TRACON& Tower with Radar,184,79,13,0,276,0,0,34,2,36,184,79,47,2,312,0,0,0,312
07/05/2012,RDU,NC,ASO,EN,Combined TRACON& Tower with Radar,222,143,50,2,417,0,0,38,4,42,222,143,88,6,459,0,0,0,459
07/06/2012,RDU,NC,ASO,EN,Combined TRACON& Tower with Radar,239,139,28,2,408,0,0,34,0,34,239,139,62,2,442,0,0,0,442
07/07/2012,RDU,NC,ASO,EN,Combined TRACON& Tower with Radar,198,95,41,0,334,0,0,38,0,38,198,95,79,0,372,0,0,0,372
07/08/2012,RDU,NC,ASO,EN,Combined TRACON& Tower with Radar,230,133,45,0,408,0,0,39,6,45,230,133,84,6,453,0,0,0,453
07/09/2012,RDU,NC,ASO,EN,Combined TRACON& Tower with Radar,252,160,72,0,484,0,0,58,12,70,252,160,130,12,554,0,0,0,554
07/10/2012,RDU,NC,ASO,EN,Combined TRACON& Tower with Radar,249,165,104,5,523,0,0,9,16,25,249,165,113,21,548,0,0,0,548
07/11/2012,RDU,NC,ASO,EN,Combined TRACON& Tower with Radar,265,169,95,5,534,0,0,13,6,19,265,169,108,11,553,0,0,0,553
07/12/2012,RDU,NC,ASO,EN,Combined TRACON& Tower with Radar,261,157,87,2,507,0,0,35,5,40,261,157,122,7,547,0,0,0,547
07/13/2012,RDU,NC,ASO,EN,Combined TRACON& Tower with Radar,258,145,88,7,498,0,0,11,6,17,258,145,99,13,515,0,0,0,515
07/14/2012,RDU,NC,ASO,EN,Combined TRACON& Tower with Radar,208,110,45,4,367,0,0,42,23,65,208,110,87,27,432,0,0,0,432
07/15/2012,RDU,NC,ASO,EN,Combined TRACON& Tower with Radar,232,126,51,0,409,0,0,41,0,41,232,126,92,0,450,0,0,0,450
07/16/2012,RDU,NC,ASO,EN,Combined TRACON& Tower with Radar,274,157,79,4,514,0,0,60,32,92,274,157,139,36,606,0,0,0,606
07/17/2012,RDU,NC,ASO,EN,Combined TRACON& Tower with Radar,261,159,77,9,506,0,0,70,17,87,261,159,147,26,593,0,0,0,593
07/18/2012,RDU,NC,ASO,EN,Combined TRACON& Tower with Radar,232,134,87,3,456,0,0,58,9,67,232,134,145,12,523,0,0,0,523
07/19/2012,RDU,NC,ASO,EN,Combined TRACON& Tower with Radar,262,147,90,2,501,0,0,59,17,76,262,147,149,19,577,0,0,0,577
07/20/2012,RDU,NC,ASO,EN,Combined TRACON& Tower with Radar,267,137,62,4,470,0,0,15,14,29,267,137,77,18,499,0,0,0,499
07/21/2012,RDU,NC,ASO,EN,Combined TRACON& Tower with Radar,212,99,54,0,365,0,0,1,2,3,212,99,55,2,368,0,0,0,368
07/22/2012,RDU,NC,ASO,EN,Combined TRACON& Tower with Radar,235,134,47,1,417,0,0,6,0,6,235,134,53,1,423,0,0,0,423
07/23/2012,RDU,NC,ASO,EN,Combined TRACON& Tower with Radar,260,149,92,4,505,0,1,53,18,72,260,150,145,22,577,0,0,0,577
07/24/2012,RDU,NC,ASO,EN,Combined TRACON& Tower with Radar,260,161,78,4,503,0,0,43,23,66,260,161,121,27,569,0,0,0,569
07/25/2012,RDU,NC,ASO,EN,Combined TRACON& Tower with Radar,261,151,87,3,502,0,0,64,20,84,261,151,151,23,586,0,0,0,586
07/26/2012,RDU,NC,ASO,EN,Combined TRACON& Tower with Radar,247,142,82,7,478,0,0,77,20,97,247,142,159,27,575,0,0,0,575
07/27/2012,RDU,NC,ASO,EN,Combined TRACON& Tower with Radar,269,148,84,1,502,0,2,64,13,79,269,150,148,14,581,0,0,0,581
07/28/2012,RDU,NC,ASO,EN,Combined TRACON& Tower with Radar,205,87,22,3,317,0,0,49,7,56,205,87,71,10,373,0,0,0,373
07/29/2012,RDU,NC,ASO,EN,Combined TRACON& Tower with Radar,241,126,41,4,412,0,1,72,0,73,241,127,113,4,485,0,0,0,485
07/30/2012,RDU,NC,ASO,EN,Combined TRACON& Tower with Radar,261,142,76,1,480,0,0,41,33,74,261,142,117,34,554,0,14,14,568
07/31/2012,RDU,NC,ASO,EN,Combined TRACON& Tower with Radar,256,151,88,5,500,0,0,37,19,56,256,151,125,24,556,0,0,0,556
08/01/2012,RDU,NC,ASO,EN,Combined TRACON& Tower with Radar,258,134,70,8,470,0,0,35,14,49,258,134,105,22,519,0,0,0,519
08/02/2012,RDU,NC,ASO,EN,Combined TRACON& Tower with Radar,269,146,79,7,501,0,0,45,12,57,269,146,124,19,558,0,0,0,558
08/03/2012,RDU,NC,ASO,EN,Combined TRACON& Tower with Radar,259,140,66,4,469,0,1,66,22,89,259,141,132,26,558,0,0,0,558
08/04/2012,RDU,NC,ASO,EN,Combined TRACON& Tower with Radar,213,85,37,0,335,0,0,34,5,39,213,85,71,5,374,0,0,0,374
08/05/2012,RDU,NC,ASO,EN,Combined TRACON& Tower with Radar,234,122,47,0,403,0,0,28,4,32,234,122,75,4,435,0,0,0,435
08/06/2012,RDU,NC,ASO,EN,Combined TRACON& Tower with Radar,267,139,65,1,472,0,2,41,11,54,267,141,106,12,526,0,0,0,526
08/07/2012,RDU,NC,ASO,EN,Combined TRACON& Tower with Radar,262,136,108,4,510,0,0,11,18,29,262,136,119,22,539,0,0,0,539
08/08/2012,RDU,NC,ASO,EN,Combined TRACON& Tower with Radar,260,151,100,0,511,0,0,24,25,49,260,151,124,25,560,0,0,0,560
08/09/2012,RDU,NC,ASO,EN,Combined TRACON& Tower with Radar,250,143,91,1,485,0,0,49,26,75,250,143,140,27,560,0,0,0,560
08/10/2012,RDU,NC,ASO,EN,Combined TRACON& Tower with Radar,248,129,104,7,488,0,0,11,4,15,248,129,115,11,503,0,0,0,503
08/11/2012,RDU,NC,ASO,EN,Combined TRACON& Tower with Radar,219,88,48,3,358,0,0,13,0,13,219,88,61,3,371,0,0,0,371
08/12/2012,RDU,NC,ASO,EN,Combined TRACON& Tower with Radar,230,126,58,9,423,0,0,62,3,65,230,126,120,12,488,0,0,0,488
08/13/2012,RDU,NC,ASO,EN,Combined TRACON& Tower with Radar,256,141,74,2,473,0,0,48,17,65,256,141,122,19,538,0,0,0,538
08/14/2012,RDU,NC,ASO,EN,Combined TRACON& Tower with Radar,255,145,77,4,481,0,0,50,22,72,255,145,127,26,553,0,0,0,553
08/15/2012,RDU,NC,ASO,EN,Combined TRACON& Tower with Radar,265,138,98,1,502,0,1,53,28,82,265,139,151,29,584,0,0,0,584
08/16/2012,RDU,NC,ASO,EN,Combined TRACON& Tower with Radar,261,148,98,1,508,0,0,70,17,87,261,148,168,18,595,0,0,0,595
08/17/2012,RDU,NC,ASO,EN,Combined TRACON& Tower with Radar,276,133,79,14,502,0,0,62,16,78,276,133,141,30,580,0,0,0,580
08/18/2012,RDU,NC,ASO,EN,Combined TRACON& Tower with Radar,201,87,48,0,336,0,0,49,8,57,201,87,97,8,393,0,0,0,393
08/19/2012,RDU,NC,ASO,EN,Combined TRACON& Tower with Radar,250,116,55,1,422,0,0,2,0,2,250,116,57,1,424,0,0,0,424
08/20/2012,RDU,NC,ASO,EN,Combined TRACON& Tower with Radar,259,137,72,2,470,0,0,19,3,22,259,137,91,5,492,0,0,0,492
08/21/2012,RDU,NC,ASO,EN,Combined TRACON& Tower with Radar,259,146,109,6,520,0,0,38,24,62,259,146,147,30,582,0,0,0,582
08/22/2012,RDU,NC,ASO,EN,Combined TRACON& Tower with Radar,263,148,93,3,507,0,1,12,10,23,263,149,105,13,530,0,0,0,530
08/23/2012,RDU,NC,ASO,EN,Combined TRACON& Tower with Radar,269,153,102,1,525,0,1,48,32,81,269,154,150,33,606,0,0,0,606
08/24/2012,RDU,NC,ASO,EN,Combined TRACON& Tower with Radar,266,152,95,0,513,0,0,34,4,38,266,152,129,4,551,0,0,0,551
08/25/2012,RDU,NC,ASO,EN,Combined TRACON& Tower with Radar,202,96,55,0,353,0,0,16,5,21,202,96,71,5,374,0,0,0,374
08/26/2012,RDU,NC,ASO,EN,Combined TRACON& Tower with Radar,228,113,62,0,403,0,0,56,6,62,228,113,118,6,465,0,0,0,465
08/27/2012,RDU,NC,ASO,EN,Combined TRACON& Tower with Radar,263,130,70,2,465,0,0,35,15,50,263,130,105,17,515,0,0,0,515
08/28/2012,RDU,NC,ASO,EN,Combined TRACON& Tower with Radar,255,156,91,4,506,0,0,22,9,31,255,156,113,13,537,0,0,0,537
08/29/2012,RDU,NC,ASO,EN,Combined TRACON& Tower with Radar,258,155,77,19,509,0,0,32,8,40,258,155,109,27,549,0,0,0,549
08/30/2012,RDU,NC,ASO,EN,Combined TRACON& Tower with Radar,264,150,92,3,509,0,0,55,18,73,264,150,147,21,582,0,0,0,582
08/31/2012,RDU,NC,ASO,EN,Combined TRACON& Tower with Radar,262,162,105,2,531,0,0,49,3,52,262,162,154,5,583,0,0,0,583
09/01/2012,RDU,NC,ASO,EN,Combined TRACON& Tower with Radar,182,77,44,0,303,0,0,36,4,40,182,77,80,4,343,0,0,0,343
09/02/2012,RDU,NC,ASO,EN,Combined TRACON& Tower with Radar,165,79,34,0,278,0,0,13,2,15,165,79,47,2,293,0,0,0,293
09/03/2012,RDU,NC,ASO,EN,Combined TRACON& Tower with Radar,228,104,75,1,408,0,0,6,0,6,228,104,81,1,414,0,0,0,414
09/04/2012,RDU,NC,ASO,EN,Combined TRACON& Tower with Radar,245,136,71,12,464,0,0,23,5,28,245,136,94,17,492,0,0,0,492
09/05/2012,RDU,NC,ASO,EN,Combined TRACON& Tower with Radar,245,134,59,1,439,0,0,16,17,33,245,134,75,18,472,0,0,0,472
09/06/2012,RDU,NC,ASO,EN,Combined TRACON& Tower with Radar,252,155,94,2,503,0,0,33,7,40,252,155,127,9,543,0,0,0,543
09/07/2012,RDU,NC,ASO,EN,Combined TRACON& Tower with Radar,261,144,87,2,494,0,0,42,2,44,261,144,129,4,538,0,0,0,538
09/08/2012,RDU,NC,ASO,EN,Combined TRACON& Tower with Radar,189,93,41,2,325,0,0,10,2,12,189,93,51,4,337,0,0,0,337
09/09/2012,RDU,NC,ASO,EN,Combined TRACON& Tower with Radar,236,129,68,0,433,0,0,68,0,68,236,129,136,0,501,0,0,0,501
09/10/2012,RDU,NC,ASO,EN,Combined TRACON& Tower with Radar,248,153,56,8,465,0,0,66,16,82,248,153,122,24,547,0,0,0,547
09/11/2012,RDU,NC,ASO,EN,Combined TRACON& Tower with Radar,240,155,69,5,469,0,0,57,15,72,240,155,126,20,541,0,0,0,541
09/12/2012,RDU,NC,ASO,EN,Combined TRACON& Tower with Radar,242,153,106,4,505,0,0,67,11,78,242,153,173,15,583,0,0,0,583
09/13/2012,RDU,NC,ASO,EN,Combined TRACON& Tower with Radar,255,166,86,4,511,0,0,78,17,95,255,166,164,21,606,0,0,0,606
09/14/2012,RDU,NC,ASO,EN,Combined TRACON& Tower with Radar,258,165,79,17,519,0,0,45,9,54,258,165,124,26,573,0,0,0,573
09/15/2012,RDU,NC,ASO,EN,Combined TRACON& Tower with Radar,183,90,35,2,310,0,0,58,12,70,183,90,93,14,380,0,0,0,380
09/16/2012,RDU,NC,ASO,EN,Combined TRACON& Tower with Radar,229,139,63,2,433,0,0,8,0,8,229,139,71,2,441,0,0,0,441
09/17/2012,RDU,NC,ASO,EN,Combined TRACON& Tower with Radar,246,150,81,0,477,0,0,10,6,16,246,150,91,6,493,0,0,0,493
09/18/2012,RDU,NC,ASO,EN,Combined TRACON& Tower with Radar,229,142,71,0,442,0,0,1,0,1,229,142,72,0,443,0,0,0,443
09/19/2012,RDU,NC,ASO,EN,Combined TRACON& Tower with Radar,250,160,116,7,533,0,1,40,10,51,250,161,156,17,584,0,0,0,584
09/20/2012,RDU,NC,ASO,EN,Combined TRACON& Tower with Radar,256,157,85,2,500,0,0,45,9,54,256,157,130,11,554,0,0,0,554
09/21/2012,RDU,NC,ASO,EN,Combined TRACON& Tower with Radar,252,168,90,3,513,0,2,79,2,83,252,170,169,5,596,0,0,0,596
09/22/2012,RDU,NC,ASO,EN,Combined TRACON& Tower with Radar,181,83,37,2,303,0,0,43,5,48,181,83,80,7,351,0,0,0,351
09/23/2012,RDU,NC,ASO,EN,Combined TRACON& Tower with Radar,225,137,43,1,406,0,0,72,1,73,225,137,115,2,479,0,0,0,479
09/24/2012,RDU,NC,ASO,EN,Combined TRACON& Tower with Radar,239,149,73,0,461,0,1,62,15,78,239,150,135,15,539,0,0,0,539
09/25/2012,RDU,NC,ASO,EN,Combined TRACON& Tower with Radar,238,150,85,4,477,0,1,58,16,75,238,151,143,20,552,0,0,0,552
09/26/2012,RDU,NC,ASO,EN,Combined TRACON& Tower with Radar,246,149,66,1,462,0,3,74,14,91,246,152,140,15,553,0,0,0,553
09/27/2012,RDU,NC,ASO,EN,Combined TRACON& Tower with Radar,253,168,101,5,527,0,1,86,31,118,253,169,187,36,645,0,0,0,645
09/28/2012,RDU,NC,ASO,EN,Combined TRACON& Tower with Radar,254,174,93,8,529,0,0,54,12,66,254,174,147,20,595,0,0,0,595
09/29/2012,RDU,NC,ASO,EN,Combined TRACON& Tower with Radar,189,84,39,3,315,0,0,1,0,1,189,84,40,3,316,0,0,0,316
09/30/2012,RDU,NC,ASO,EN,Combined TRACON& Tower with Radar,225,152,67,1,445,0,1,61,2,64,225,153,128,3,509,0,0,0,509
10/01/2012,RDU,NC,ASO,EN,Combined TRACON& Tower with Radar,250,145,70,3,468,0,0,6,7,13,250,145,76,10,481,0,0,0,481
10/02/2012,RDU,NC,ASO,EN,Combined TRACON& Tower with Radar,245,162,74,5,486,0,0,7,8,15,245,162,81,13,501,0,0,0,501
10/03/2012,RDU,NC,ASO,EN,Combined TRACON& Tower with Radar,242,145,112,11,510,0,0,28,14,42,242,145,140,25,552,0,0,0,552
10/04/2012,RDU,NC,ASO,EN,Combined TRACON& Tower with Radar,256,150,94,5,505,0,0,57,18,75,256,150,151,23,580,0,0,0,580
10/05/2012,RDU,NC,ASO,EN,Combined TRACON& Tower with Radar,260,143,78,15,496,0,0,80,2,82,260,143,158,17,578,0,0,0,578
10/06/2012,RDU,NC,ASO,EN,Combined TRACON& Tower with Radar,191,96,51,1,339,0,0,84,3,87,191,96,135,4,426,0,0,0,426
10/07/2012,RDU,NC,ASO,EN,Combined TRACON& Tower with Radar,242,132,60,1,435,0,0,3,0,3,242,132,63,1,438,0,0,0,438
10/08/2012,RDU,NC,ASO,EN,Combined TRACON& Tower with Radar,250,163,70,0,483,0,0,8,0,8,250,163,78,0,491,0,0,0,491
10/09/2012,RDU,NC,ASO,EN,Combined TRACON& Tower with Radar,246,145,93,5,489,0,0,3,0,3,246,145,96,5,492,0,0,0,492
10/10/2012,RDU,NC,ASO,EN,Combined TRACON& Tower with Radar,243,150,94,8,495,0,1,75,13,89,243,151,169,21,584,0,0,0,584
10/11/2012,RDU,NC,ASO,EN,Combined TRACON& Tower with Radar,253,155,95,3,506,0,0,99,8,107,253,155,194,11,613,0,0,0,613
10/12/2012,RDU,NC,ASO,EN,Combined TRACON& Tower with Radar,260,159,101,4,524,0,0,67,9,76,260,159,168,13,600,0,0,0,600
10/13/2012,RDU,NC,ASO,EN,Combined TRACON& Tower with Radar,191,96,46,3,336,0,0,102,9,111,191,96,148,12,447,0,0,0,447
10/14/2012,RDU,NC,ASO,EN,Combined TRACON& Tower with Radar,230,123,60,4,417,0,0,88,2,90,230,123,148,6,507,0,0,0,507
10/15/2012,RDU,NC,ASO,EN,Combined TRACON& Tower with Radar,246,145,60,0,451,0,0,10,13,23,246,145,70,13,474,0,0,0,474
10/16/2012,RDU,NC,ASO,EN,Combined TRACON& Tower with Radar,246,146,90,5,487,0,0,67,21,88,246,146,157,26,575,0,0,0,575
10/17/2012,RDU,NC,ASO,EN,Combined TRACON& Tower with Radar,239,169,83,12,503,0,0,69,17,86,239,169,152,29,589,0,0,0,589
10/18/2012,RDU,NC,ASO,EN,Combined TRACON& Tower with Radar,257,158,93,3,511,0,2,38,15,55,257,160,131,18,566,0,0,0,566
10/19/2012,RDU,NC,ASO,EN,Combined TRACON& Tower with Radar,265,147,85,0,497,0,2,52,5,59,265,149,137,5,556,0,0,0,556
10/20/2012,RDU,NC,ASO,EN,Combined TRACON& Tower with Radar,196,93,32,0,321,0,0,89,0,89,196,93,121,0,410,0,0,0,410
10/21/2012,RDU,NC,ASO,EN,Combined TRACON& Tower with Radar,229,126,54,0,409,0,0,67,4,71,229,126,121,4,480,0,0,0,480
10/22/2012,RDU,NC,ASO,EN,Combined TRACON& Tower with Radar,245,154,77,2,478,0,1,65,15,81,245,155,142,17,559,0,0,0,559
10/23/2012,RDU,NC,ASO,EN,Combined TRACON& Tower with Radar,249,153,97,4,503,0,0,60,24,84,249,153,157,28,587,0,0,0,587
10/24/2012,RDU,NC,ASO,EN,Combined TRACON& Tower with Radar,241,144,84,4,473,0,1,82,23,106,241,145,166,27,579,0,0,0,579
10/25/2012,RDU,NC,ASO,EN,Combined TRACON& Tower with Radar,246,165,113,9,533,0,0,76,30,106,246,165,189,39,639,0,0,0,639
10/26/2012,RDU,NC,ASO,EN,Combined TRACON& Tower with Radar,262,188,118,1,569,0,0,12,0,12,262,188,130,1,581,0,0,0,581
10/27/2012,RDU,NC,ASO,EN,Combined TRACON& Tower with Radar,194,91,39,2,326,0,0,4,2,6,194,91,43,4,332,0,0,0,332
10/28/2012,RDU,NC,ASO,EN,Combined TRACON& Tower with Radar,231,135,58,1,425,0,0,8,0,8,231,135,66,1,433,0,0,0,433
10/29/2012,RDU,NC,ASO,EN,Combined TRACON& Tower with Radar,160,70,49,4,283,0,0,18,11,29,160,70,67,15,312,0,0,0,312
10/30/2012,RDU,NC,ASO,EN,Combined TRACON& Tower with Radar,168,69,40,2,279,0,2,12,3,17,168,71,52,5,296,0,0,0,296
10/31/2012,RDU,NC,ASO,EN,Combined TRACON& Tower with Radar,195,89,72,0,356,0,0,49,8,57,195,89,121,8,413,0,0,0,413
11/01/2012,RDU,NC,ASO,EN,Combined TRACON& Tower with Radar,237,144,96,3,480,0,0,46,2,48,237,144,142,5,528,0,0,0,528
11/02/2012,RDU,NC,ASO,EN,Combined TRACON& Tower with Radar,250,148,113,4,515,0,0,68,7,75,250,148,181,11,590,0,0,0,590
11/03/2012,RDU,NC,ASO,EN,Combined TRACON& Tower with Radar,189,88,38,2,317,0,0,92,3,95,189,88,130,5,412,0,0,0,412
11/04/2012,RDU,NC,ASO,EN,Combined TRACON& Tower with Radar,230,123,73,2,428,0,0,40,1,41,230,123,113,3,469,0,0,0,469
11/05/2012,RDU,NC,ASO,EN,Combined TRACON& Tower with Radar,237,148,55,6,446,0,0,61,29,90,237,148,116,35,536,0,0,0,536
11/06/2012,RDU,NC,ASO,EN,Combined TRACON& Tower with Radar,233,141,69,0,443,0,0,47,23,70,233,141,116,23,513,0,0,0,513
11/07/2012,RDU,NC,ASO,EN,Combined TRACON& Tower with Radar,225,139,75,5,444,0,2,33,26,61,225,141,108,31,505,0,0,0,505
11/08/2012,RDU,NC,ASO,EN,Combined TRACON& Tower with Radar,240,165,99,9,513,0,2,63,25,90,240,167,162,34,603,0,0,0,603
11/09/2012,RDU,NC,ASO,EN,Combined TRACON& Tower with Radar,260,168,66,3,497,0,0,83,2,85,260,168,149,5,582,0,0,0,582
11/10/2012,RDU,NC,ASO,EN,Combined TRACON& Tower with Radar,193,100,46,3,342,0,1,87,3,91,193,101,133,6,433,0,0,0,433
11/11/2012,RDU,NC,ASO,EN,Combined TRACON& Tower with Radar,229,126,56,0,411,0,0,77,2,79,229,126,133,2,490,0,0,0,490
11/12/2012,RDU,NC,ASO,EN,Combined TRACON& Tower with Radar,249,156,74,1,480,0,0,33,8,41,249,156,107,9,521,0,0,0,521
11/13/2012,RDU,NC,ASO,EN,Combined TRACON& Tower with Radar,246,151,87,3,487,0,0,0,0,0,246,151,87,3,487,0,0,0,487
11/14/2012,RDU,NC,ASO,EN,Combined TRACON& Tower with Radar,247,154,99,2,502,0,0,87,31,118,247,154,186,33,620,0,2,2,622
11/15/2012,RDU,NC,ASO,EN,Combined TRACON& Tower with Radar,239,167,120,6,532,0,0,11,2,13,239,167,131,8,545,0,0,0,545
11/16/2012,RDU,NC,ASO,EN,Combined TRACON& Tower with Radar,248,165,87,2,502,0,0,70,15,85,248,165,157,17,587,0,0,0,587
11/17/2012,RDU,NC,ASO,EN,Combined TRACON& Tower with Radar,184,83,43,0,310,0,0,57,2,59,184,83,100,2,369,0,0,0,369
11/18/2012,RDU,NC,ASO,EN,Combined TRACON& Tower with Radar,214,133,64,1,412,0,0,3,3,6,214,133,67,4,418,0,0,0,418
11/19/2012,RDU,NC,ASO,EN,Combined TRACON& Tower with Radar,221,133,95,2,451,0,0,17,30,47,221,133,112,32,498,0,0,0,498
11/20/2012,RDU,NC,ASO,EN,Combined TRACON& Tower with Radar,242,179,104,4,529,0,0,49,19,68,242,179,153,23,597,0,0,0,597
11/21/2012,RDU,NC,ASO,EN,Combined TRACON& Tower with Radar,249,161,67,8,485,0,1,80,4,85,249,162,147,12,570,0,0,0,570
11/22/2012,RDU,NC,ASO,EN,Combined TRACON& Tower with Radar,147,78,11,0,236,0,1,22,2,25,147,79,33,2,261,0,0,0,261
11/23/2012,RDU,NC,ASO,EN,Combined TRACON& Tower with Radar,173,104,19,0,296,0,0,70,2,72,173,104,89,2,368,0,0,0,368
11/24/2012,RDU,NC,ASO,EN,Combined TRACON& Tower with Radar,209,128,40,0,377,0,0,66,4,70,209,128,106,4,447,0,0,0,447
11/25/2012,RDU,NC,ASO,EN,Combined TRACON& Tower with Radar,244,172,89,3,508,0,0,74,4,78,244,172,163,7,586,0,0,0,586
11/26/2012,RDU,NC,ASO,EN,Combined TRACON& Tower with Radar,251,150,85,6,492,0,0,46,33,79,251,150,131,39,571,0,0,0,571
11/27/2012,RDU,NC,ASO,EN,Combined TRACON& Tower with Radar,236,165,100,7,508,0,0,37,15,52,236,165,137,22,560,0,0,0,560
11/28/2012,RDU,NC,ASO,EN,Combined TRACON& Tower with Radar,240,184,115,5,544,0,2,51,33,86,240,186,166,38,630,0,0,0,630
11/29/2012,RDU,NC,ASO,EN,Combined TRACON& Tower with Radar,236,185,109,12,542,0,1,73,31,105,236,186,182,43,647,0,0,0,647
11/30/2012,RDU,NC,ASO,EN,Combined TRACON& Tower with Radar,245,162,69,6,482,0,0,72,8,80,245,162,141,14,562,0,0,0,562
12/01/2012,RDU,NC,ASO,EN,Combined TRACON& Tower with Radar,176,95,53,1,325,0,1,85,0,86,176,96,138,1,411,0,0,0,411
12/02/2012,RDU,NC,ASO,EN,Combined TRACON& Tower with Radar,213,135,35,5,388,0,0,61,4,65,213,135,96,9,453,0,0,0,453
12/03/2012,RDU,NC,ASO,EN,Combined TRACON& Tower with Radar,236,159,98,3,496,0,0,43,9,52,236,159,141,12,548,5,0,5,553
12/04/2012,RDU,NC,ASO,EN,Combined TRACON& Tower with Radar,238,168,64,7,477,0,3,45,12,60,238,171,109,19,537,0,0,0,537
12/05/2012,RDU,NC,ASO,EN,Combined TRACON& Tower with Radar,234,163,96,7,500,0,4,24,15,43,234,167,120,22,543,0,0,0,543
12/06/2012,RDU,NC,ASO,EN,Combined TRACON& Tower with Radar,236,168,89,18,511,0,0,61,7,68,236,168,150,25,579,0,0,0,579
12/07/2012,RDU,NC,ASO,EN,Combined TRACON& Tower with Radar,242,164,91,0,497,0,0,7,4,11,242,164,98,4,508,0,0,0,508
12/08/2012,RDU,NC,ASO,EN,Combined TRACON& Tower with Radar,181,109,34,5,329,0,0,50,3,53,181,109,84,8,382,0,0,0,382
12/09/2012,RDU,NC,ASO,EN,Combined TRACON& Tower with Radar,224,145,59,2,430,0,0,34,2,36,224,145,93,4,466,0,0,0,466
12/10/2012,RDU,NC,ASO,EN,Combined TRACON& Tower with Radar,228,155,77,1,461,0,1,17,4,22,228,156,94,5,483,0,0,0,483
12/11/2012,RDU,NC,ASO,EN,Combined TRACON& Tower with Radar,239,156,100,13,508,0,0,29,8,37,239,156,129,21,545,0,0,0,545
12/12/2012,RDU,NC,ASO,EN,Combined TRACON& Tower with Radar,232,167,95,5,499,0,1,28,7,36,232,168,123,12,535,0,0,0,535
12/13/2012,RDU,NC,ASO,EN,Combined TRACON& Tower with Radar,242,183,108,4,537,0,0,32,14,46,242,183,140,18,583,0,0,0,583
12/14/2012,RDU,NC,ASO,EN,Combined TRACON& Tower with Radar,239,167,106,2,514,0,2,90,2,94,239,169,196,4,608,0,0,0,608
12/15/2012,RDU,NC,ASO,EN,Combined TRACON& Tower with Radar,174,90,36,0,300,0,0,63,0,63,174,90,99,0,363,0,0,0,363
12/16/2012,RDU,NC,ASO,EN,Combined TRACON& Tower with Radar,203,125,53,2,383,0,0,6,0,6,203,125,59,2,389,0,0,0,389
12/17/2012,RDU,NC,ASO,EN,Combined TRACON& Tower with Radar,231,150,86,0,467,0,0,14,8,22,231,150,100,8,489,0,0,0,489
12/18/2012,RDU,NC,ASO,EN,Combined TRACON& Tower with Radar,240,144,73,7,464,0,0,38,11,49,240,144,111,18,513,0,0,0,513
12/19/2012,RDU,NC,ASO,EN,Combined TRACON& Tower with Radar,249,151,84,9,493,0,0,91,5,96,249,151,175,14,589,0,0,0,589
12/20/2012,RDU,NC,ASO,EN,Combined TRACON& Tower with Radar,254,152,75,2,483,0,0,42,0,42,254,152,117,2,525,0,0,0,525
12/21/2012,RDU,NC,ASO,EN,Combined TRACON& Tower with Radar,252,136,47,2,437,0,0,11,2,13,252,136,58,4,450,0,0,0,450
12/22/2012,RDU,NC,ASO,EN,Combined TRACON& Tower with Radar,196,104,41,0,341,0,1,12,2,15,196,105,53,2,356,0,0,0,356
12/23/2012,RDU,NC,ASO,EN,Combined TRACON& Tower with Radar,206,108,36,0,350,0,1,50,2,53,206,109,86,2,403,0,0,0,403
12/24/2012,RDU,NC,ASO,EN,Combined TRACON& Tower with Radar,177,87,17,0,281,0,0,25,0,25,177,87,42,0,306,0,0,0,306
12/25/2012,RDU,NC,ASO,EN,Combined TRACON& Tower with Radar,174,92,19,1,286,0,0,11,1,12,174,92,30,2,298,0,0,0,298
12/26/2012,RDU,NC,ASO,EN,Combined TRACON& Tower with Radar,228,132,30,0,390,0,0,0,0,0,228,132,30,0,390,0,0,0,390
12/27/2012,RDU,NC,ASO,EN,Combined TRACON& Tower with Radar,237,149,67,1,454,0,1,30,2,33,237,150,97,3,487,0,0,0,487
12/28/2012,RDU,NC,ASO,EN,Combined TRACON& Tower with Radar,235,138,36,1,410,0,0,68,1,69,235,138,104,2,479,0,0,0,479
12/29/2012,RDU,NC,ASO,EN,Combined TRACON& Tower with Radar,182,95,39,0,316,0,0,3,3,6,182,95,42,3,322,0,0,0,322
12/30/2012,RDU,NC,ASO,EN,Combined TRACON& Tower with Radar,197,116,48,0,361,0,0,43,0,43,197,116,91,0,404,0,0,0,404
12/31/2012,RDU,NC,ASO,EN,Combined TRACON& Tower with Radar,184,88,14,0,286,0,1,47,0,48,184,89,61,0,334,0,0,0,334
01/01/2013,RDU,NC,ASO,EN,Combined TRACON& Tower with Radar,178,106,23,0,307,0,0,4,0,4,178,106,27,0,311,0,0,0,311
01/02/2013,RDU,NC,ASO,EN,Combined TRACON& Tower with Radar,246,143,61,3,453,0,0,8,1,9,246,143,69,4,462,0,0,0,462
01/03/2013,RDU,NC,ASO,EN,Combined TRACON& Tower with Radar,233,146,59,4,442,0,1,32,0,33,233,147,91,4,475,0,0,0,475
01/04/2013,RDU,NC,ASO,EN,Combined TRACON& Tower with Radar,235,143,56,2,436,0,0,75,8,83,235,143,131,10,519,0,0,0,519
01/05/2013,RDU,NC,ASO,EN,Combined TRACON& Tower with Radar,178,113,49,0,340,0,0,86,2,88,178,113,135,2,428,0,0,0,428
01/06/2013,RDU,NC,ASO,EN,Combined TRACON& Tower with Radar,192,133,84,2,411,0,0,44,2,46,192,133,128,4,457,0,0,0,457
01/07/2013,RDU,NC,ASO,EN,Combined TRACON& Tower with Radar,216,156,71,2,445,0,0,63,17,80,216,156,134,19,525,0,0,0,525
01/08/2013,RDU,NC,ASO,EN,Combined TRACON& Tower with Radar,217,161,75,4,457,0,0,42,23,65,217,161,117,27,522,0,0,0,522
01/09/2013,RDU,NC,ASO,EN,Combined TRACON& Tower with Radar,221,153,81,1,456,0,0,47,37,84,221,153,128,38,540,0,0,0,540
01/10/2013,RDU,NC,ASO,EN,Combined TRACON& Tower with Radar,219,159,97,4,479,0,2,62,32,96,219,161,159,36,575,0,0,0,575
01/11/2013,RDU,NC,ASO,EN,Combined TRACON& Tower with Radar,222,125,87,0,434,0,0,3,0,3,222,125,90,0,437,0,0,0,437
01/12/2013,RDU,NC,ASO,EN,Combined TRACON& Tower with Radar,162,72,41,2,277,0,1,45,9,55,162,73,86,11,332,0,0,0,332
01/13/2013,RDU,NC,ASO,EN,Combined TRACON& Tower with Radar,193,116,40,0,349,0,0,60,3,63,193,116,100,3,412,0,0,0,412
01/14/2013,RDU,NC,ASO,EN,Combined TRACON& Tower with Radar,217,148,72,5,442,0,0,17,28,45,217,148,89,33,487,0,0,0,487
01/15/2013,RDU,NC,ASO,EN,Combined TRACON& Tower with Radar,210,153,79,4,446,0,0,0,0,0,210,153,79,4,446,0,0,0,446
01/16/2013,RDU,NC,ASO,EN,Combined TRACON& Tower with Radar,211,132,73,1,417,0,0,0,0,0,211,132,73,1,417,0,0,0,417
01/17/2013,RDU,NC,ASO,EN,Combined TRACON& Tower with Radar,216,162,86,1,465,0,0,0,0,0,216,162,86,1,465,0,0,0,465
01/18/2013,RDU,NC,ASO,EN,Combined TRACON& Tower with Radar,229,181,64,3,477,0,3,76,10,89,229,184,140,13,566,0,0,0,566
01/19/2013,RDU,NC,ASO,EN,Combined TRACON& Tower with Radar,165,85,40,0,290,0,0,91,2,93,165,85,131,2,383,0,0,0,383
01/20/2013,RDU,NC,ASO,EN,Combined TRACON& Tower with Radar,185,108,46,1,340,0,0,60,7,67,185,108,106,8,407,0,0,0,407
01/21/2013,RDU,NC,ASO,EN,Combined TRACON& Tower with Radar,209,147,52,0,408,0,0,89,2,91,209,147,141,2,499,0,0,0,499
01/22/2013,RDU,NC,ASO,EN,Combined TRACON& Tower with Radar,220,158,71,0,449,0,4,34,37,75,220,162,105,37,524,0,0,0,524
01/23/2013,RDU,NC,ASO,EN,Combined TRACON& Tower with Radar,224,152,58,1,435,0,2,72,14,88,224,154,130,15,523,0,0,0,523
01/24/2013,RDU,NC,ASO,EN,Combined TRACON& Tower with Radar,230,166,72,2,470,0,1,32,22,55,230,167,104,24,525,0,0,0,525
01/25/2013,RDU,NC,ASO,EN,Combined TRACON& Tower with Radar,198,131,45,6,380,0,0,5,3,8,198,131,50,9,388,0,0,0,388
01/26/2013,RDU,NC,ASO,EN,Combined TRACON& Tower with Radar,166,122,52,0,340,0,1,17,1,19,166,123,69,1,359,0,0,0,359
01/27/2013,RDU,NC,ASO,EN,Combined TRACON& Tower with Radar,195,120,54,3,372,0,1,44,4,49,195,121,98,7,421,0,0,0,421
01/28/2013,RDU,NC,ASO,EN,Combined TRACON& Tower with Radar,205,147,95,2,449,0,0,19,19,38,205,147,114,21,487,0,0,0,487
01/29/2013,RDU,NC,ASO,EN,Combined TRACON& Tower with Radar,217,149,83,5,454,0,0,58,23,81,217,149,141,28,535,0,0,0,535
01/30/2013,RDU,NC,ASO,EN,Combined TRACON& Tower with Radar,211,137,47,0,395,0,0,5,1,6,211,137,52,1,401,0,0,0,401
01/31/2013,RDU,NC,ASO,EN,Combined TRACON& Tower with Radar,237,162,82,10,491,0,0,36,22,58,237,162,118,32,549,0,0,0,549
02/01/2013,RDU,NC,ASO,EN,Combined TRACON& Tower with Radar,229,162,75,5,471,0,0,32,8,40,229,162,107,13,511,0,0,0,511
02/02/2013,RDU,NC,ASO,EN,Combined TRACON& Tower with Radar,163,87,60,0,310,0,0,66,6,72,163,87,126,6,382,0,0,0,382
02/03/2013,RDU,NC,ASO,EN,Combined TRACON& Tower with Radar,186,96,33,1,316,0,0,44,0,44,186,96,77,1,360,0,0,0,360
02/04/2013,RDU,NC,ASO,EN,Combined TRACON& Tower with Radar,211,146,84,0,441,0,0,55,9,64,211,146,139,9,505,0,0,0,505
02/05/2013,RDU,NC,ASO,EN,Combined TRACON& Tower with Radar,217,145,93,4,459,0,0,47,0,47,217,145,140,4,506,0,0,0,506
02/06/2013,RDU,NC,ASO,EN,Combined TRACON& Tower with Radar,219,158,78,3,458,0,0,91,4,95,219,158,169,7,553,0,0,0,553
02/07/2013,RDU,NC,ASO,EN,Combined TRACON& Tower with Radar,222,164,98,7,491,0,1,30,0,31,222,165,128,7,522,0,0,0,522
02/08/2013,RDU,NC,ASO,EN,Combined TRACON& Tower with Radar,201,147,107,15,470,0,1,21,3,25,201,148,128,18,495,0,0,0,495
02/09/2013,RDU,NC,ASO,EN,Combined TRACON& Tower with Radar,158,70,39,0,267,0,0,92,5,97,158,70,131,5,364,0,0,0,364
02/10/2013,RDU,NC,ASO,EN,Combined TRACON& Tower with Radar,199,128,26,7,360,0,0,60,2,62,199,128,86,9,422,0,0,0,422
02/11/2013,RDU,NC,ASO,EN,Combined TRACON& Tower with Radar,215,132,79,1,427,0,0,0,10,10,215,132,79,11,437,0,0,0,437
02/12/2013,RDU,NC,ASO,EN,Combined TRACON& Tower with Radar,219,166,80,1,466,0,0,55,25,80,219,166,135,26,546,0,0,0,546
02/13/2013,RDU,NC,ASO,EN,Combined TRACON& Tower with Radar,226,181,114,0,521,0,0,4,0,4,226,181,118,0,525,0,0,0,525
02/14/2013,RDU,NC,ASO,EN,Combined TRACON& Tower with Radar,235,180,125,14,554,0,0,111,20,131,235,180,236,34,685,0,0,0,685
02/15/2013,RDU,NC,ASO,EN,Combined TRACON& Tower with Radar,238,153,69,4,464,0,0,66,4,70,238,153,135,8,534,0,0,0,534
02/16/2013,RDU,NC,ASO,EN,Combined TRACON& Tower with Radar,165,93,38,0,296,0,0,2,1,3,165,93,40,1,299,0,0,0,299
02/17/2013,RDU,NC,ASO,EN,Combined TRACON& Tower with Radar,196,101,37,0,334,0,0,29,3,32,196,101,66,3,366,0,0,0,366
02/18/2013,RDU,NC,ASO,EN,Combined TRACON& Tower with Radar,224,151,89,0,464,0,0,74,0,74,224,151,163,0,538,0,0,0,538
02/19/2013,RDU,NC,ASO,EN,Combined TRACON& Tower with Radar,244,140,97,0,481,0,2,15,11,28,244,142,112,11,509,0,0,0,509
02/20/2013,RDU,NC,ASO,EN,Combined TRACON& Tower with Radar,238,154,92,11,495,0,1,73,14,88,238,155,165,25,583,0,0,0,583
02/21/2013,RDU,NC,ASO,EN,Combined TRACON& Tower with Radar,234,148,72,3,457,0,0,97,28,125,234,148,169,31,582,0,0,0,582
02/22/2013,RDU,NC,ASO,EN,Combined TRACON& Tower with Radar,236,132,55,2,425,0,0,5,7,12,236,132,60,9,437,0,0,0,437
02/23/2013,RDU,NC,ASO,EN,Combined TRACON& Tower with Radar,184,93,30,0,307,0,0,1,0,1,184,93,31,0,308,0,0,0,308
02/24/2013,RDU,NC,ASO,EN,Combined TRACON& Tower with Radar,220,140,73,1,434,0,0,97,0,97,220,140,170,1,531,0,0,0,531
02/25/2013,RDU,NC,ASO,EN,Combined TRACON& Tower with Radar,231,146,60,13,450,0,0,51,25,76,231,146,111,38,526,0,0,0,526
02/26/2013,RDU,NC,ASO,EN,Combined TRACON& Tower with Radar,236,140,52,5,433,0,0,2,0,2,236,140,54,5,435,0,0,0,435
02/27/2013,RDU,NC,ASO,EN,Combined TRACON& Tower with Radar,238,148,89,10,485,0,0,61,25,86,238,148,150,35,571,0,0,0,571
02/28/2013,RDU,NC,ASO,EN,Combined TRACON& Tower with Radar,237,164,86,10,497,0,0,47,24,71,237,164,133,34,568,10,0,10,578
03/01/2013,RDU,NC,ASO,EN,Combined TRACON& Tower with Radar,235,161,71,2,469,0,1,66,1,68,235,162,137,3,537,0,0,0,537
03/02/2013,RDU,NC,ASO,EN,Combined TRACON& Tower with Radar,174,119,60,0,353,0,0,66,14,80,174,119,126,14,433,0,0,0,433
03/03/2013,RDU,NC,ASO,EN,Combined TRACON& Tower with Radar,217,136,68,0,421,0,0,50,2,52,217,136,118,2,473,0,0,0,473
03/04/2013,RDU,NC,ASO,EN,Combined TRACON& Tower with Radar,233,157,80,7,477,0,0,68,21,89,233,157,148,28,566,0,0,0,566
03/05/2013,RDU,NC,ASO,EN,Combined TRACON& Tower with Radar,228,165,92,1,486,0,0,18,1,19,228,165,110,2,505,0,0,0,505
03/06/2013,RDU,NC,ASO,EN,Combined TRACON& Tower with Radar,223,142,53,3,421,0,0,10,2,12,223,142,63,5,433,0,0,0,433
03/07/2013,RDU,NC,ASO,EN,Combined TRACON& Tower with Radar,228,162,105,8,503,0,0,49,7,56,228,162,154,15,559,0,0,0,559
03/08/2013,RDU,NC,ASO,EN,Combined TRACON& Tower with Radar,225,153,81,1,460,0,0,61,4,65,225,153,142,5,525,0,0,0,525
03/09/2013,RDU,NC,ASO,EN,Combined TRACON& Tower with Radar,171,113,45,0,329,0,0,100,12,112,171,113,145,12,441,0,0,0,441
03/10/2013,RDU,NC,ASO,EN,Combined TRACON& Tower with Radar,218,120,80,1,419,0,1,72,2,75,218,121,152,3,494,0,0,0,494
03/11/2013,RDU,NC,ASO,EN,Combined TRACON& Tower with Radar,234,149,69,0,452,0,1,33,2,36,234,150,102,2,488,0,0,0,488
03/12/2013,RDU,NC,ASO,EN,Combined TRACON& Tower with Radar,232,150,75,5,462,0,0,15,4,19,232,150,90,9,481,0,0,0,481
03/13/2013,RDU,NC,ASO,EN,Combined TRACON& Tower with Radar,237,165,85,4,491,0,1,59,5,65,237,166,144,9,556,0,0,0,556
03/14/2013,RDU,NC,ASO,EN,Combined TRACON& Tower with Radar,233,166,88,6,493,0,0,74,6,80,233,166,162,12,573,0,0,0,573
03/15/2013,RDU,NC,ASO,EN,Combined TRACON& Tower with Radar,238,169,74,0,481,0,2,90,11,103,238,171,164,11,584,0,0,0,584
03/16/2013,RDU,NC,ASO,EN,Combined TRACON& Tower with Radar,166,104,27,2,299,0,0,50,4,54,166,104,77,6,353,0,0,0,353
03/17/2013,RDU,NC,ASO,EN,Combined TRACON& Tower with Radar,219,128,74,0,421,0,1,9,2,12,219,129,83,2,433,0,0,0,433
03/18/2013,RDU,NC,ASO,EN,Combined TRACON& Tower with Radar,221,150,74,2,447,0,0,0,0,0,221,150,74,2,447,0,0,0,447
03/19/2013,RDU,NC,ASO,EN,Combined TRACON& Tower with Radar,233,165,90,6,494,0,0,57,12,69,233,165,147,18,563,0,0,0,563
03/20/2013,RDU,NC,ASO,EN,Combined TRACON& Tower with Radar,240,158,91,7,496,0,2,88,8,98,240,160,179,15,594,0,0,0,594
03/21/2013,RDU,NC,ASO,EN,Combined TRACON& Tower with Radar,241,175,93,9,518,0,2,47,12,61,241,177,140,21,579,0,0,0,579
03/22/2013,RDU,NC,ASO,EN,Combined TRACON& Tower with Radar,242,172,63,0,477,0,0,93,6,99,242,172,156,6,576,0,0,0,576
03/23/2013,RDU,NC,ASO,EN,Combined TRACON& Tower with Radar,165,94,49,0,308,0,1,62,9,72,165,95,111,9,380,0,0,0,380
03/24/2013,RDU,NC,ASO,EN,Combined TRACON& Tower with Radar,212,133,34,0,379,0,0,0,0,0,212,133,34,0,379,0,0,0,379
03/25/2013,RDU,NC,ASO,EN,Combined TRACON& Tower with Radar,234,166,62,0,462,0,1,22,0,23,234,167,84,0,485,0,0,0,485
03/26/2013,RDU,NC,ASO,EN,Combined TRACON& Tower with Radar,240,165,73,6,484,0,2,50,12,64,240,167,123,18,548,0,0,0,548
03/27/2013,RDU,NC,ASO,EN,Combined TRACON& Tower with Radar,242,165,97,8,512,0,0,46,21,67,242,165,143,29,579,0,0,0,579
03/28/2013,RDU,NC,ASO,EN,Combined TRACON& Tower with Radar,235,180,110,5,530,0,2,80,23,105,235,182,190,28,635,0,0,0,635
03/29/2013,RDU,NC,ASO,EN,Combined TRACON& Tower with Radar,233,168,69,8,478,0,0,95,0,95,233,168,164,8,573,0,0,0,573
03/30/2013,RDU,NC,ASO,EN,Combined TRACON& Tower with Radar,168,101,28,1,298,0,0,94,4,98,168,101,122,5,396,0,0,0,396
03/31/2013,RDU,NC,ASO,EN,Combined TRACON& Tower with Radar,216,110,41,0,367,0,0,5,0,5,216,110,46,0,372,0,0,0,372
04/01/2013,RDU,NC,ASO,EN,Combined TRACON& Tower with Radar,238,161,67,3,469,0,1,54,15,70,238,162,121,18,539,0,0,0,539
04/02/2013,RDU,NC,ASO,EN,Combined TRACON& Tower with Radar,245,144,52,19,460,0,0,83,21,104,245,144,135,40,564,0,0,0,564
04/03/2013,RDU,NC,ASO,EN,Combined TRACON& Tower with Radar,250,147,90,6,493,0,0,101,16,117,250,147,191,22,610,0,0,0,610
04/04/2013,RDU,NC,ASO,EN,Combined TRACON& Tower with Radar,249,156,73,5,483,0,0,13,0,13,249,156,86,5,496,0,0,0,496
04/05/2013,RDU,NC,ASO,EN,Combined TRACON& Tower with Radar,250,155,89,4,498,0,0,38,5,43,250,155,127,9,541,0,0,0,541
04/06/2013,RDU,NC,ASO,EN,Combined TRACON& Tower with Radar,176,91,32,0,299,0,1,82,9,92,176,92,114,9,391,0,0,0,391
04/07/2013,RDU,NC,ASO,EN,Combined TRACON& Tower with Radar,233,124,53,0,410,0,0,68,10,78,233,124,121,10,488,0,0,0,488
04/08/2013,RDU,NC,ASO,EN,Combined TRACON& Tower with Radar,249,152,67,4,472,0,1,62,17,80,249,153,129,21,552,0,0,0,552
04/09/2013,RDU,NC,ASO,EN,Combined TRACON& Tower with Radar,250,157,108,7,522,0,0,76,24,100,250,157,184,31,622,0,0,0,622
04/10/2013,RDU,NC,ASO,EN,Combined TRACON& Tower with Radar,242,142,117,6,507,0,0,94,17,111,242,142,211,23,618,0,0,0,618
04/11/2013,RDU,NC,ASO,EN,Combined TRACON& Tower with Radar,254,155,108,29,546,0,0,33,26,59,254,155,141,55,605,0,0,0,605
04/12/2013,RDU,NC,ASO,EN,Combined TRACON& Tower with Radar,263,151,84,1,499,0,1,19,8,28,263,152,103,9,527,0,0,0,527
04/13/2013,RDU,NC,ASO,EN,Combined TRACON& Tower with Radar,188,97,40,6,331,0,1,94,0,95,188,98,134,6,426,0,0,0,426
04/14/2013,RDU,NC,ASO,EN,Combined TRACON& Tower with Radar,228,123,51,4,406,0,2,68,0,70,228,125,119,4,476,0,0,0,476
04/15/2013,RDU,NC,ASO,EN,Combined TRACON& Tower with Radar,254,147,79,7,487,0,0,37,30,67,254,147,116,37,554,0,24,24,578
04/16/2013,RDU,NC,ASO,EN,Combined TRACON& Tower with Radar,244,133,99,5,481,0,0,50,26,76,244,133,149,31,557,0,0,0,557
04/17/2013,RDU,NC,ASO,EN,Combined TRACON& Tower with Radar,250,144,102,4,500,0,1,46,28,75,250,145,148,32,575,4,0,4,579
04/18/2013,RDU,NC,ASO,EN,Combined TRACON& Tower with Radar,250,161,110,11,532,0,0,55,20,75,250,161,165,31,607,0,0,0,607
04/19/2013,RDU,NC,ASO,EN,Combined TRACON& Tower with Radar,256,127,78,0,461,0,0,11,3,14,256,127,89,3,475,0,0,0,475
04/20/2013,RDU,NC,ASO,EN,Combined TRACON& Tower with Radar,196,91,63,2,352,0,0,75,0,75,196,91,138,2,427,0,0,0,427
04/21/2013,RDU,NC,ASO,EN,Combined TRACON& Tower with Radar,233,128,63,2,426,0,0,47,0,47,233,128,110,2,473,0,0,0,473
04/22/2013,RDU,NC,ASO,EN,Combined TRACON& Tower with Radar,248,149,72,10,479,0,0,50,16,66,248,149,122,26,545,0,0,0,545
04/23/2013,RDU,NC,ASO,EN,Combined TRACON& Tower with Radar,261,151,106,6,524,0,1,55,24,80,261,152,161,30,604,0,0,0,604
04/24/2013,RDU,NC,ASO,EN,Combined TRACON& Tower with Radar,254,133,101,2,490,0,0,47,9,56,254,133,148,11,546,0,0,0,546
04/25/2013,RDU,NC,ASO,EN,Combined TRACON& Tower with Radar,261,148,78,11,498,0,0,60,17,77,261,148,138,28,575,0,0,0,575
04/26/2013,RDU,NC,ASO,EN,Combined TRACON& Tower with Radar,261,167,67,2,497,0,0,74,5,79,261,167,141,7,576,0,0,0,576
04/27/2013,RDU,NC,ASO,EN,Combined TRACON& Tower with Radar,186,98,33,2,319,0,0,57,0,57,186,98,90,2,376,0,0,0,376
04/28/2013,RDU,NC,ASO,EN,Combined TRACON& Tower with Radar,230,128,41,1,400,0,0,12,0,12,230,128,53,1,412,0,0,0,412
04/29/2013,RDU,NC,ASO,EN,Combined TRACON& Tower with Radar,251,151,92,2,496,0,0,6,13,19,251,151,98,15,515,0,0,0,515
04/30/2013,RDU,NC,ASO,EN,Combined TRACON& Tower with Radar,254,148,90,2,494,0,0,10,19,29,254,148,100,21,523,0,0,0,523
05/01/2013,RDU,NC,ASO,EN,Combined TRACON& Tower with Radar,255,156,111,5,527,0,0,3,1,4,255,156,114,6,531,0,0,0,531
05/02/2013,RDU,NC,ASO,EN,Combined TRACON& Tower with Radar,253,165,119,1,538,0,0,10,10,20,253,165,129,11,558,18,0,18,576
05/03/2013,RDU,NC,ASO,EN,Combined TRACON& Tower with Radar,261,135,108,8,512,0,0,48,8,56,261,135,156,16,568,0,0,0,568
05/04/2013,RDU,NC,ASO,EN,Combined TRACON& Tower with Radar,190,83,50,4,327,0,0,17,5,22,190,83,67,9,349,0,0,0,349
05/05/2013,RDU,NC,ASO,EN,Combined TRACON& Tower with Radar,239,106,62,0,407,0,0,4,1,5,239,106,66,1,412,0,0,0,412
05/06/2013,RDU,NC,ASO,EN,Combined TRACON& Tower with Radar,255,138,71,3,467,0,0,11,12,23,255,138,82,15,490,0,0,0,490
05/07/2013,RDU,NC,ASO,EN,Combined TRACON& Tower with Radar,261,147,58,5,471,0,0,35,22,57,261,147,93,27,528,0,0,0,528
05/08/2013,RDU,NC,ASO,EN,Combined TRACON& Tower with Radar,255,136,74,11,476,0,0,38,11,49,255,136,112,22,525,0,0,0,525
05/09/2013,RDU,NC,ASO,EN,Combined TRACON& Tower with Radar,274,173,102,5,554,0,0,119,17,136,274,173,221,22,690,7,0,7,697
05/10/2013,RDU,NC,ASO,EN,Combined TRACON& Tower with Radar,258,158,100,2,518,0,1,105,5,111,258,159,205,7,629,0,0,0,629
05/11/2013,RDU,NC,ASO,EN,Combined TRACON& Tower with Radar,194,97,43,0,334,0,0,36,2,38,194,97,79,2,372,0,0,0,372
05/12/2013,RDU,NC,ASO,EN,Combined TRACON& Tower with Radar,244,131,66,0,441,0,2,50,2,54,244,133,116,2,495,0,0,0,495
05/13/2013,RDU,NC,ASO,EN,Combined TRACON& Tower with Radar,256,160,75,4,495,0,0,66,24,90,256,160,141,28,585,20,0,20,605
05/14/2013,RDU,NC,ASO,EN,Combined TRACON& Tower with Radar,262,152,73,9,496,0,1,94,27,122,262,153,167,36,618,0,0,0,618
05/15/2013,RDU,NC,ASO,EN,Combined TRACON& Tower with Radar,258,143,64,4,469,0,0,91,21,112,258,143,155,25,581,16,0,16,597
05/16/2013,RDU,NC,ASO,EN,Combined TRACON& Tower with Radar,262,159,85,6,512,0,1,56,22,79,262,160,141,28,591,0,0,0,591
05/17/2013,RDU,NC,ASO,EN,Combined TRACON& Tower with Radar,264,154,82,5,505,0,0,75,12,87,264,154,157,17,592,0,0,0,592
05/18/2013,RDU,NC,ASO,EN,Combined TRACON& Tower with Radar,195,85,35,2,317,0,0,37,4,41,195,85,72,6,358,0,0,0,358
05/19/2013,RDU,NC,ASO,EN,Combined TRACON& Tower with Radar,250,122,55,2,429,0,0,4,0,4,250,122,59,2,433,0,0,0,433
05/20/2013,RDU,NC,ASO,EN,Combined TRACON& Tower with Radar,256,140,106,6,508,0,0,5,8,13,256,140,111,14,521,0,0,0,521
05/21/2013,RDU,NC,ASO,EN,Combined TRACON& Tower with Radar,257,149,112,4,522,0,0,34,27,61,257,149,146,31,583,0,0,0,583
05/22/2013,RDU,NC,ASO,EN,Combined TRACON& Tower with Radar,254,153,108,6,521,0,0,56,25,81,254,153,164,31,602,0,0,0,602
05/23/2013,RDU,NC,ASO,EN,Combined TRACON& Tower with Radar,243,138,87,8,476,0,0,32,30,62,243,138,119,38,538,0,0,0,538
05/24/2013,RDU,NC,ASO,EN,Combined TRACON& Tower with Radar,271,159,78,0,508,0,0,71,2,73,271,159,149,2,581,0,0,0,581
05/25/2013,RDU,NC,ASO,EN,Combined TRACON& Tower with Radar,190,77,27,1,295,0,0,90,3,93,190,77,117,4,388,0,0,0,388
05/26/2013,RDU,NC,ASO,EN,Combined TRACON& Tower with Radar,186,73,35,0,294,0,2,45,2,49,186,75,80,2,343,0,0,0,343
05/27/2013,RDU,NC,ASO,EN,Combined TRACON& Tower with Radar,242,102,36,0,380,0,0,88,0,88,242,102,124,0,468,0,0,0,468
05/28/2013,RDU,NC,ASO,EN,Combined TRACON& Tower with Radar,258,153,69,4,484,0,0,77,23,100,258,153,146,27,584,0,0,0,584
05/29/2013,RDU,NC,ASO,EN,Combined TRACON& Tower with Radar,260,151,99,5,515,0,0,60,18,78,260,151,159,23,593,0,0,0,593
05/30/2013,RDU,NC,ASO,EN,Combined TRACON& Tower with Radar,256,155,99,0,510,0,1,82,23,106,256,156,181,23,616,0,0,0,616
05/31/2013,RDU,NC,ASO,EN,Combined TRACON& Tower with Radar,263,148,82,11,504,0,1,70,9,80,263,149,152,20,584,0,0,0,584
06/01/2013,RDU,NC,ASO,EN,Combined TRACON& Tower with Radar,189,89,53,1,332,0,0,78,16,94,189,89,131,17,426,0,0,0,426
06/02/2013,RDU,NC,ASO,EN,Combined TRACON& Tower with Radar,235,116,59,2,412,0,4,44,7,55,235,120,103,9,467,0,0,0,467
06/03/2013,RDU,NC,ASO,EN,Combined TRACON& Tower with Radar,264,145,62,11,482,0,0,14,12,26,264,145,76,23,508,0,0,0,508
06/04/2013,RDU,NC,ASO,EN,Combined TRACON& Tower with Radar,264,151,99,5,519,0,0,62,26,88,264,151,161,31,607,0,0,0,607
06/05/2013,RDU,NC,ASO,EN,Combined TRACON& Tower with Radar,253,141,105,8,507,0,1,69,19,89,253,142,174,27,596,0,0,0,596
06/06/2013,RDU,NC,ASO,EN,Combined TRACON& Tower with Radar,261,147,73,4,485,0,0,8,1,9,261,147,81,5,494,0,0,0,494
06/07/2013,RDU,NC,ASO,EN,Combined TRACON& Tower with Radar,268,151,26,0,445,0,0,3,1,4,268,151,29,1,449,0,0,0,449
06/08/2013,RDU,NC,ASO,EN,Combined TRACON& Tower with Radar,208,89,41,4,342,0,0,44,4,48,208,89,85,8,390,0,0,0,390
06/09/2013,RDU,NC,ASO,EN,Combined TRACON& Tower with Radar,247,118,50,0,415,0,0,51,0,51,247,118,101,0,466,0,0,0,466
06/10/2013,RDU,NC,ASO,EN,Combined TRACON& Tower with Radar,263,130,62,2,457,0,0,4,2,6,263,130,66,4,463,0,0,0,463
06/11/2013,RDU,NC,ASO,EN,Combined TRACON& Tower with Radar,264,160,96,5,525,0,0,79,37,116,264,160,175,42,641,18,0,18,659
06/12/2013,RDU,NC,ASO,EN,Combined TRACON& Tower with Radar,264,152,54,8,478,0,0,98,29,127,264,152,152,37,605,0,0,0,605
06/13/2013,RDU,NC,ASO,EN,Combined TRACON& Tower with Radar,264,120,70,2,456,0,0,47,24,71,264,120,117,26,527,10,0,10,537
06/14/2013,RDU,NC,ASO,EN,Combined TRACON& Tower with Radar,277,150,79,0,506,0,0,72,10,82,277,150,151,10,588,0,0,0,588
06/15/2013,RDU,NC,ASO,EN,Combined TRACON& Tower with Radar,220,117,43,0,380,0,0,84,0,84,220,117,127,0,464,0,0,0,464
06/16/2013,RDU,NC,ASO,EN,Combined TRACON& Tower with Radar,244,124,78,0,446,0,0,61,0,61,244,124,139,0,507,0,0,0,507
06/17/2013,RDU,NC,ASO,EN,Combined TRACON& Tower with Radar,260,136,89,3,488,0,0,48,13,61,260,136,137,16,549,0,0,0,549
06/18/2013,RDU,NC,ASO,EN,Combined TRACON& Tower with Radar,260,138,99,0,497,0,0,16,8,24,260,138,115,8,521,19,0,19,540
06/19/2013,RDU,NC,ASO,EN,Combined TRACON& Tower with Radar,276,159,115,10,560,0,0,55,28,83,276,159,170,38,643,0,0,0,643
06/20/2013,RDU,NC,ASO,EN,Combined TRACON& Tower with Radar,267,149,106,7,529,0,0,76,21,97,267,149,182,28,626,0,0,0,626
06/21/2013,RDU,NC,ASO,EN,Combined TRACON& Tower with Radar,270,152,93,0,515,0,1,83,6,90,270,153,176,6,605,0,0,0,605
06/22/2013,RDU,NC,ASO,EN,Combined TRACON& Tower with Radar,215,98,71,0,384,0,0,4,0,4,215,98,75,0,388,0,0,0,388
06/23/2013,RDU,NC,ASO,EN,Combined TRACON& Tower with Radar,242,134,59,1,436,0,0,47,0,47,242,134,106,1,483,0,0,0,483
06/24/2013,RDU,NC,ASO,EN,Combined TRACON& Tower with Radar,245,128,76,2,451,0,2,28,4,34,245,130,104,6,485,0,0,0,485
06/25/2013,RDU,NC,ASO,EN,Combined TRACON& Tower with Radar,257,158,76,1,492,0,5,52,23,80,257,163,128,24,572,0,0,0,572
06/26/2013,RDU,NC,ASO,EN,Combined TRACON& Tower with Radar,268,161,76,4,509,0,4,55,10,69,268,165,131,14,578,8,0,8,586
06/27/2013,RDU,NC,ASO,EN,Combined TRACON& Tower with Radar,257,152,91,3,503,0,0,33,10,43,257,152,124,13,546,0,0,0,546
06/28/2013,RDU,NC,ASO,EN,Combined TRACON& Tower with Radar,253,145,74,0,472,0,1,74,4,79,253,146,148,4,551,0,0,0,551
06/29/2013,RDU,NC,ASO,EN,Combined TRACON& Tower with Radar,220,106,44,0,370,0,2,20,0,22,220,108,64,0,392,0,0,0,392
06/30/2013,RDU,NC,ASO,EN,Combined TRACON& Tower with Radar,224,111,39,1,375,0,0,15,0,15,224,111,54,1,390,0,0,0,390
07/01/2013,RDU,NC,ASO,EN,Combined TRACON& Tower with Radar,240,125,61,0,426,0,0,9,1,10,240,125,70,1,436,0,12,12,448
07/02/2013,RDU,NC,ASO,EN,Combined TRACON& Tower with Radar,247,142,58,2,449,0,0,3,0,3,247,142,61,2,452,0,0,0,452
07/03/2013,RDU,NC,ASO,EN,Combined TRACON& Tower with Radar,262,140,54,2,458,0,0,12,0,12,262,140,66,2,470,0,0,0,470
07/04/2013,RDU,NC,ASO,EN,Combined TRACON& Tower with Radar,181,69,14,0,264,0,0,27,0,27,181,69,41,0,291,0,0,0,291
07/05/2013,RDU,NC,ASO,EN,Combined TRACON& Tower with Radar,214,101,32,0,347,0,0,52,0,52,214,101,84,0,399,0,0,0,399
07/06/2013,RDU,NC,ASO,EN,Combined TRACON& Tower with Radar,208,102,44,0,354,0,2,69,1,72,208,104,113,1,426,0,0,0,426
07/07/2013,RDU,NC,ASO,EN,Combined TRACON& Tower with Radar,231,126,60,1,418,0,0,43,1,44,231,126,103,2,462,0,0,0,462
07/08/2013,RDU,NC,ASO,EN,Combined TRACON& Tower with Radar,261,153,92,1,507,0,0,30,12,42,261,153,122,13,549,0,0,0,549
07/09/2013,RDU,NC,ASO,EN,Combined TRACON& Tower with Radar,256,158,96,3,513,0,0,14,24,38,256,158,110,27,551,0,0,0,551
07/10/2013,RDU,NC,ASO,EN,Combined TRACON& Tower with Radar,242,140,90,4,476,0,3,36,22,61,242,143,126,26,537,8,0,8,545
07/11/2013,RDU,NC,ASO,EN,Combined TRACON& Tower with Radar,261,143,96,6,506,0,0,12,2,14,261,143,108,8,520,0,0,0,520
07/12/2013,RDU,NC,ASO,EN,Combined TRACON& Tower with Radar,262,143,87,4,496,0,0,16,0,16,262,143,103,4,512,0,0,0,512
07/13/2013,RDU,NC,ASO,EN,Combined TRACON& Tower with Radar,207,99,15,2,323,0,0,5,0,5,207,99,20,2,328,0,0,0,328
07/14/2013,RDU,NC,ASO,EN,Combined TRACON& Tower with Radar,242,123,49,6,420,0,0,65,4,69,242,123,114,10,489,6,0,6,495
07/15/2013,RDU,NC,ASO,EN,Combined TRACON& Tower with Radar,253,146,81,4,484,0,0,70,32,102,253,146,151,36,586,0,0,0,586
07/16/2013,RDU,NC,ASO,EN,Combined TRACON& Tower with Radar,255,159,68,0,482,0,1,62,18,81,255,160,130,18,563,0,0,0,563
07/17/2013,RDU,NC,ASO,EN,Combined TRACON& Tower with Radar,259,148,83,3,493,0,1,51,21,73,259,149,134,24,566,10,0,10,576
07/18/2013,RDU,NC,ASO,EN,Combined TRACON& Tower with Radar,263,152,58,13,486,0,0,62,24,86,263,152,120,37,572,0,0,0,572
07/19/2013,RDU,NC,ASO,EN,Combined TRACON& Tower with Radar,260,138,78,2,478,0,1,78,8,87,260,139,156,10,565,0,0,0,565
07/20/2013,RDU,NC,ASO,EN,Combined TRACON& Tower with Radar,203,100,42,0,345,0,0,43,0,43,203,100,85,0,388,0,0,0,388
07/21/2013,RDU,NC,ASO,EN,Combined TRACON& Tower with Radar,241,124,53,0,418,0,0,25,2,27,241,124,78,2,445,0,0,0,445
07/22/2013,RDU,NC,ASO,EN,Combined TRACON& Tower with Radar,251,141,57,9,458,0,0,20,22,42,251,141,77,31,500,0,0,0,500
07/23/2013,RDU,NC,ASO,EN,Combined TRACON& Tower with Radar,256,145,102,4,507,0,1,48,21,70,256,146,150,25,577,0,0,0,577
07/24/2013,RDU,NC,ASO,EN,Combined TRACON& Tower with Radar,267,141,69,3,480,0,2,58,4,64,267,143,127,7,544,0,0,0,544
07/25/2013,RDU,NC,ASO,EN,Combined TRACON& Tower with Radar,260,144,86,4,494,0,0,46,29,75,260,144,132,33,569,0,0,0,569
07/26/2013,RDU,NC,ASO,EN,Combined TRACON& Tower with Radar,261,150,72,5,488,0,0,99,6,105,261,150,171,11,593,0,0,0,593
07/27/2013,RDU,NC,ASO,EN,Combined TRACON& Tower with Radar,210,98,33,1,342,0,0,54,1,55,210,98,87,2,397,8,0,8,405
07/28/2013,RDU,NC,ASO,EN,Combined TRACON& Tower with Radar,246,117,81,1,445,0,0,26,0,26,246,117,107,1,471,14,0,14,485
07/29/2013,RDU,NC,ASO,EN,Combined TRACON& Tower with Radar,261,151,74,7,493,0,0,55,24,79,261,151,129,31,572,0,0,0,572
07/30/2013,RDU,NC,ASO,EN,Combined TRACON& Tower with Radar,258,148,83,3,492,0,0,103,36,139,258,148,186,39,631,0,5,5,636
07/31/2013,RDU,NC,ASO,EN,Combined TRACON& Tower with Radar,257,158,75,4,494,0,1,50,84,135,257,159,125,88,629,0,0,0,629
08/01/2013,RDU,NC,ASO,EN,Combined TRACON& Tower with Radar,268,141,72,3,484,0,0,17,21,38,268,141,89,24,522,0,0,0,522
08/02/2013,RDU,NC,ASO,EN,Combined TRACON& Tower with Radar,266,141,101,1,509,0,0,114,7,121,266,141,215,8,630,0,0,0,630
08/03/2013,RDU,NC,ASO,EN,Combined TRACON& Tower with Radar,210,104,51,0,365,0,0,24,5,29,210,104,75,5,394,0,0,0,394
08/04/2013,RDU,NC,ASO,EN,Combined TRACON& Tower with Radar,245,116,63,15,439,0,0,63,0,63,245,116,126,15,502,0,0,0,502
08/05/2013,RDU,NC,ASO,EN,Combined TRACON& Tower with Radar,257,151,63,6,477,0,0,73,18,91,257,151,136,24,568,0,0,0,568
08/06/2013,RDU,NC,ASO,EN,Combined TRACON& Tower with Radar,263,146,84,9,502,0,0,38,17,55,263,146,122,26,557,0,0,0,557
08/07/2013,RDU,NC,ASO,EN,Combined TRACON& Tower with Radar,257,153,57,6,473,0,0,60,23,83,257,153,117,29,556,0,0,0,556
08/08/2013,RDU,NC,ASO,EN,Combined TRACON& Tower with Radar,254,153,82,4,493,0,0,52,17,69,254,153,134,21,562,0,0,0,562
08/09/2013,RDU,NC,ASO,EN,Combined TRACON& Tower with Radar,259,147,78,3,487,0,0,68,10,78,259,147,146,13,565,0,0,0,565
08/10/2013,RDU,NC,ASO,EN,Combined TRACON& Tower with Radar,216,104,35,2,357,0,0,62,11,73,216,104,97,13,430,0,0,0,430
08/11/2013,RDU,NC,ASO,EN,Combined TRACON& Tower with Radar,240,128,55,3,426,0,0,51,2,53,240,128,106,5,479,0,0,0,479
08/12/2013,RDU,NC,ASO,EN,Combined TRACON& Tower with Radar,250,133,81,2,466,0,0,64,7,71,250,133,145,9,537,8,0,8,545
08/13/2013,RDU,NC,ASO,EN,Combined TRACON& Tower with Radar,261,130,79,2,472,0,2,17,19,38,261,132,96,21,510,0,0,0,510
08/14/2013,RDU,NC,ASO,EN,Combined TRACON& Tower with Radar,256,145,86,3,490,0,0,63,21,84,256,145,149,24,574,0,0,0,574
08/15/2013,RDU,NC,ASO,EN,Combined TRACON& Tower with Radar,265,150,86,4,505,0,1,80,13,94,265,151,166,17,599,0,0,0,599
08/16/2013,RDU,NC,ASO,EN,Combined TRACON& Tower with Radar,260,149,66,3,478,0,0,63,0,63,260,149,129,3,541,0,0,0,541
08/17/2013,RDU,NC,ASO,EN,Combined TRACON& Tower with Radar,205,95,55,0,355,0,0,1,2,3,205,95,56,2,358,0,0,0,358
08/18/2013,RDU,NC,ASO,EN,Combined TRACON& Tower with Radar,233,130,42,3,408,0,0,11,5,16,233,130,53,8,424,0,0,0,424
08/19/2013,RDU,NC,ASO,EN,Combined TRACON& Tower with Radar,255,148,89,4,496,0,0,5,4,9,255,148,94,8,505,0,0,0,505
08/20/2013,RDU,NC,ASO,EN,Combined TRACON& Tower with Radar,258,175,108,2,543,0,0,44,26,70,258,175,152,28,613,0,0,0,613
08/21/2013,RDU,NC,ASO,EN,Combined TRACON& Tower with Radar,258,147,74,7,486,0,0,14,10,24,258,147,88,17,510,0,0,0,510
08/22/2013,RDU,NC,ASO,EN,Combined TRACON& Tower with Radar,253,140,92,7,492,0,0,83,15,98,253,140,175,22,590,0,0,0,590
08/23/2013,RDU,NC,ASO,EN,Combined TRACON& Tower with Radar,266,137,77,2,482,0,0,74,5,79,266,137,151,7,561,5,0,5,566
08/24/2013,RDU,NC,ASO,EN,Combined TRACON& Tower with Radar,199,81,35,0,315,0,0,104,0,104,199,81,139,0,419,0,0,0,419
08/25/2013,RDU,NC,ASO,EN,Combined TRACON& Tower with Radar,228,124,69,0,421,0,1,53,1,55,228,125,122,1,476,0,0,0,476
08/26/2013,RDU,NC,ASO,EN,Combined TRACON& Tower with Radar,254,131,60,3,448,0,0,95,25,120,254,131,155,28,568,0,0,0,568
08/27/2013,RDU,NC,ASO,EN,Combined TRACON& Tower with Radar,263,139,59,4,465,0,0,71,23,94,263,139,130,27,559,0,0,0,559
08/28/2013,RDU,NC,ASO,EN,Combined TRACON& Tower with Radar,259,123,82,6,470,0,0,66,18,84,259,123,148,24,554,0,0,0,554
08/29/2013,RDU,NC,ASO,EN,Combined TRACON& Tower with Radar,266,142,88,1,497,0,3,51,23,77,266,145,139,24,574,20,12,32,606
08/30/2013,RDU,NC,ASO,EN,Combined TRACON& Tower with Radar,268,125,105,0,498,0,0,82,5,87,268,125,187,5,585,0,0,0,585
08/31/2013,RDU,NC,ASO,EN,Combined TRACON& Tower with Radar,191,68,38,0,297,0,0,70,0,70,191,68,108,0,367,0,0,0,367
09/01/2013,RDU,NC,ASO,EN,Combined TRACON& Tower with Radar,175,54,33,0,262,0,0,25,2,27,175,54,58,2,289,0,0,0,289
09/02/2013,RDU,NC,ASO,EN,Combined TRACON& Tower with Radar,225,106,48,0,379,0,0,61,0,61,225,106,109,0,440,0,0,0,440
09/03/2013,RDU,NC,ASO,EN,Combined TRACON& Tower with Radar,253,150,77,3,483,0,0,60,14,74,253,150,137,17,557,0,0,0,557
09/04/2013,RDU,NC,ASO,EN,Combined TRACON& Tower with Radar,258,138,79,9,484,0,0,78,16,94,258,138,157,25,578,0,0,0,578
09/05/2013,RDU,NC,ASO,EN,Combined TRACON& Tower with Radar,261,151,91,14,517,0,0,80,13,93,261,151,171,27,610,0,0,0,610
09/06/2013,RDU,NC,ASO,EN,Combined TRACON& Tower with Radar,263,150,82,1,496,0,0,89,2,91,263,150,171,3,587,0,0,0,587
09/07/2013,RDU,NC,ASO,EN,Combined TRACON& Tower with Radar,181,76,58,0,315,0,0,105,12,117,181,76,163,12,432,0,0,0,432
09/08/2013,RDU,NC,ASO,EN,Combined TRACON& Tower with Radar,233,129,61,3,426,0,0,73,4,77,233,129,134,7,503,0,0,0,503
09/09/2013,RDU,NC,ASO,EN,Combined TRACON& Tower with Radar,249,146,77,7,479,0,0,75,4,79,249,146,152,11,558,0,0,0,558
09/10/2013,RDU,NC,ASO,EN,Combined TRACON& Tower with Radar,243,142,73,7,465,0,0,62,8,70,243,142,135,15,535,0,0,0,535
09/11/2013,RDU,NC,ASO,EN,Combined TRACON& Tower with Radar,245,147,108,4,504,0,2,81,16,99,245,149,189,20,603,0,0,0,603
09/12/2013,RDU,NC,ASO,EN,Combined TRACON& Tower with Radar,240,147,93,6,486,0,0,78,5,83,240,147,171,11,569,0,0,0,569
09/13/2013,RDU,NC,ASO,EN,Combined TRACON& Tower with Radar,265,139,91,8,503,0,0,84,6,90,265,139,175,14,593,0,0,0,593
09/14/2013,RDU,NC,ASO,EN,Combined TRACON& Tower with Radar,186,85,40,6,317,0,0,110,3,113,186,85,150,9,430,0,0,0,430
09/15/2013,RDU,NC,ASO,EN,Combined TRACON& Tower with Radar,237,115,70,3,425,0,1,101,6,108,237,116,171,9,533,0,0,0,533
09/16/2013,RDU,NC,ASO,EN,Combined TRACON& Tower with Radar,251,137,97,0,485,0,0,42,2,44,251,137,139,2,529,0,0,0,529
09/17/2013,RDU,NC,ASO,EN,Combined TRACON& Tower with Radar,247,146,84,0,477,0,0,69,2,71,247,146,153,2,548,0,0,0,548
09/18/2013,RDU,NC,ASO,EN,Combined TRACON& Tower with Radar,257,146,107,0,510,0,0,76,0,76,257,146,183,0,586,0,0,0,586
09/19/2013,RDU,NC,ASO,EN,Combined TRACON& Tower with Radar,253,142,123,10,528,0,3,95,6,104,253,145,218,16,632,0,0,0,632
09/20/2013,RDU,NC,ASO,EN,Combined TRACON& Tower with Radar,263,149,104,11,527,0,1,14,0,15,263,150,118,11,542,0,0,0,542
09/21/2013,RDU,NC,ASO,EN,Combined TRACON& Tower with Radar,181,89,55,1,326,0,0,10,2,12,181,89,65,3,338,20,0,20,358
09/22/2013,RDU,NC,ASO,EN,Combined TRACON& Tower with Radar,234,114,50,2,400,0,1,48,0,49,234,115,98,2,449,0,0,0,449
09/23/2013,RDU,NC,ASO,EN,Combined TRACON& Tower with Radar,250,145,67,4,466,0,0,82,15,97,250,145,149,19,563,0,0,0,563
09/24/2013,RDU,NC,ASO,EN,Combined TRACON& Tower with Radar,250,142,89,9,490,0,0,73,21,94,250,142,162,30,584,0,0,0,584
09/25/2013,RDU,NC,ASO,EN,Combined TRACON& Tower with Radar,257,142,84,10,493,0,0,65,30,95,257,142,149,40,588,0,0,0,588
09/26/2013,RDU,NC,ASO,EN,Combined TRACON& Tower with Radar,260,150,86,2,498,0,0,65,23,88,260,150,151,25,586,6,0,6,592
09/27/2013,RDU,NC,ASO,EN,Combined TRACON& Tower with Radar,268,156,91,1,516,0,0,68,3,71,268,156,159,4,587,0,0,0,587
09/28/2013,RDU,NC,ASO,EN,Combined TRACON& Tower with Radar,183,86,39,0,308,0,0,84,3,87,183,86,123,3,395,0,0,0,395
09/29/2013,RDU,NC,ASO,EN,Combined TRACON& Tower with Radar,236,144,68,0,448,0,1,98,5,104,236,145,166,5,552,0,0,0,552
09/30/2013,RDU,NC,ASO,EN,Combined TRACON& Tower with Radar,258,140,91,6,495,0,0,42,8,50,258,140,133,14,545,0,8,8,553
10/01/2013,RDU,NC,ASO,EN,Combined TRACON& Tower with Radar,247,147,67,1,462,0,3,73,1,77,247,150,140,2,539,0,23,23,562
10/02/2013,RDU,NC,ASO,EN,Combined TRACON& Tower with Radar,251,153,71,0,475,0,0,93,4,97,251,153,164,4,572,0,0,0,572
10/03/2013,RDU,NC,ASO,EN,Combined TRACON& Tower with Radar,257,170,87,6,520,0,0,104,6,110,257,170,191,12,630,0,0,0,630
10/04/2013,RDU,NC,ASO,EN,Combined TRACON& Tower with Radar,257,158,76,0,491,0,0,53,0,53,257,158,129,0,544,0,0,0,544
10/05/2013,RDU,NC,ASO,EN,Combined TRACON& Tower with Radar,186,76,51,0,313,0,0,84,2,86,186,76,135,2,399,0,0,0,399
10/06/2013,RDU,NC,ASO,EN,Combined TRACON& Tower with Radar,241,126,80,0,447,0,2,32,2,36,241,128,112,2,483,0,0,0,483
10/07/2013,RDU,NC,ASO,EN,Combined TRACON& Tower with Radar,248,146,62,0,456,0,0,2,2,4,248,146,64,2,460,0,0,0,460
10/08/2013,RDU,NC,ASO,EN,Combined TRACON& Tower with Radar,252,154,89,0,495,0,0,26,1,27,252,154,115,1,522,6,0,6,528
10/09/2013,RDU,NC,ASO,EN,Combined TRACON& Tower with Radar,257,150,110,0,517,0,0,22,3,25,257,150,132,3,542,0,0,0,542
10/10/2013,RDU,NC,ASO,EN,Combined TRACON& Tower with Radar,266,148,93,0,507,0,0,1,0,1,266,148,94,0,508,0,0,0,508
10/11/2013,RDU,NC,ASO,EN,Combined TRACON& Tower with Radar,267,160,131,1,559,0,0,8,1,9,267,160,139,2,568,0,0,0,568
10/12/2013,RDU,NC,ASO,EN,Combined TRACON& Tower with Radar,193,89,57,0,339,0,0,3,2,5,193,89,60,2,344,0,0,0,344
10/13/2013,RDU,NC,ASO,EN,Combined TRACON& Tower with Radar,234,115,89,0,438,0,0,1,0,1,234,115,90,0,439,0,0,0,439
10/14/2013,RDU,NC,ASO,EN,Combined TRACON& Tower with Radar,261,149,98,0,508,0,0,4,2,6,261,149,102,2,514,0,0,0,514
10/15/2013,RDU,NC,ASO,EN,Combined TRACON& Tower with Radar,257,150,101,9,517,0,0,47,0,47,257,150,148,9,564,0,0,0,564
10/16/2013,RDU,NC,ASO,EN,Combined TRACON& Tower with Radar,261,154,108,0,523,0,0,41,2,43,261,154,149,2,566,0,0,0,566
10/17/2013,RDU,NC,ASO,EN,Combined TRACON& Tower with Radar,266,156,94,1,517,0,0,71,3,74,266,156,165,4,591,0,0,0,591
10/18/2013,RDU,NC,ASO,EN,Combined TRACON& Tower with Radar,257,168,106,8,539,0,0,77,5,82,257,168,183,13,621,0,0,0,621
10/19/2013,RDU,NC,ASO,EN,Combined TRACON& Tower with Radar,184,89,32,0,305,0,0,5,0,5,184,89,37,0,310,0,0,0,310
10/20/2013,RDU,NC,ASO,EN,Combined TRACON& Tower with Radar,235,145,60,2,442,0,1,114,0,115,235,146,174,2,557,0,0,0,557
10/21/2013,RDU,NC,ASO,EN,Combined TRACON& Tower with Radar,255,145,79,4,483,0,0,70,3,73,255,145,149,7,556,0,0,0,556
10/22/2013,RDU,NC,ASO,EN,Combined TRACON& Tower with Radar,256,145,89,4,494,0,0,56,0,56,256,145,145,4,550,0,0,0,550
10/23/2013,RDU,NC,ASO,EN,Combined TRACON& Tower with Radar,258,153,86,5,502,0,0,44,1,45,258,153,130,6,547,0,0,0,547
10/24/2013,RDU,NC,ASO,EN,Combined TRACON& Tower with Radar,265,157,91,1,514,0,2,67,1,70,265,159,158,2,584,0,0,0,584
10/25/2013,RDU,NC,ASO,EN,Combined TRACON& Tower with Radar,263,181,69,4,517,0,2,99,4,105,263,183,168,8,622,0,0,0,622
10/26/2013,RDU,NC,ASO,EN,Combined TRACON& Tower with Radar,187,96,53,2,338,0,0,87,2,89,187,96,140,4,427,12,0,12,439
10/27/2013,RDU,NC,ASO,EN,Combined TRACON& Tower with Radar,227,147,55,0,429,0,1,86,2,89,227,148,141,2,518,0,0,0,518
10/28/2013,RDU,NC,ASO,EN,Combined TRACON& Tower with Radar,245,157,89,2,493,0,0,60,19,79,245,157,149,21,572,0,0,0,572
10/29/2013,RDU,NC,ASO,EN,Combined TRACON& Tower with Radar,250,156,89,4,499,0,0,54,22,76,250,156,143,26,575,0,0,0,575
10/30/2013,RDU,NC,ASO,EN,Combined TRACON& Tower with Radar,249,148,90,3,490,0,1,51,18,70,249,149,141,21,560,0,0,0,560
10/31/2013,RDU,NC,ASO,EN,Combined TRACON& Tower with Radar,235,139,72,5,451,0,1,49,14,64,235,140,121,19,515,0,0,0,515
11/01/2013,RDU,NC,ASO,EN,Combined TRACON& Tower with Radar,258,144,76,6,484,0,0,16,0,16,258,144,92,6,500,0,0,0,500
11/02/2013,RDU,NC,ASO,EN,Combined TRACON& Tower with Radar,187,84,52,2,325,0,0,83,21,104,187,84,135,23,429,0,0,0,429
11/03/2013,RDU,NC,ASO,EN,Combined TRACON& Tower with Radar,233,127,61,2,423,0,0,69,0,69,233,127,130,2,492,0,0,0,492
11/04/2013,RDU,NC,ASO,EN,Combined TRACON& Tower with Radar,263,133,65,4,465,0,1,52,17,70,263,134,117,21,535,0,0,0,535
11/05/2013,RDU,NC,ASO,EN,Combined TRACON& Tower with Radar,266,137,85,3,491,0,1,57,25,83,266,138,142,28,574,0,0,0,574
11/06/2013,RDU,NC,ASO,EN,Combined TRACON& Tower with Radar,269,142,68,0,479,0,1,70,24,95,269,143,138,24,574,0,0,0,574
11/07/2013,RDU,NC,ASO,EN,Combined TRACON& Tower with Radar,267,168,105,10,550,0,1,12,15,28,267,169,117,25,578,0,0,0,578
11/08/2013,RDU,NC,ASO,EN,Combined TRACON& Tower with Radar,269,150,80,4,503,0,0,68,6,74,269,150,148,10,577,0,0,0,577
11/09/2013,RDU,NC,ASO,EN,Combined TRACON& Tower with Radar,188,100,68,2,358,0,1,96,0,97,188,101,164,2,455,0,0,0,455
11/10/2013,RDU,NC,ASO,EN,Combined TRACON& Tower with Radar,235,124,60,0,419,0,1,66,4,71,235,125,126,4,490,0,0,0,490
11/11/2013,RDU,NC,ASO,EN,Combined TRACON& Tower with Radar,265,133,69,3,470,0,0,86,1,87,265,133,155,4,557,0,0,0,557
11/12/2013,RDU,NC,ASO,EN,Combined TRACON& Tower with Radar,261,147,72,4,484,0,0,27,12,39,261,147,99,16,523,0,0,0,523
11/13/2013,RDU,NC,ASO,EN,Combined TRACON& Tower with Radar,263,143,108,3,517,0,1,63,33,97,263,144,171,36,614,0,0,0,614
11/14/2013,RDU,NC,ASO,EN,Combined TRACON& Tower with Radar,262,151,105,5,523,0,0,71,17,88,262,151,176,22,611,0,0,0,611
11/15/2013,RDU,NC,ASO,EN,Combined TRACON& Tower with Radar,279,163,87,5,534,0,0,31,7,38,279,163,118,12,572,0,0,0,572
11/16/2013,RDU,NC,ASO,EN,Combined TRACON& Tower with Radar,187,89,53,4,333,0,0,16,2,18,187,89,69,6,351,0,0,0,351
11/17/2013,RDU,NC,ASO,EN,Combined TRACON& Tower with Radar,233,122,51,1,407,0,0,17,1,18,233,122,68,2,425,0,0,0,425
11/18/2013,RDU,NC,ASO,EN,Combined TRACON& Tower with Radar,265,139,73,4,481,0,0,53,21,74,265,139,126,25,555,0,0,0,555
11/19/2013,RDU,NC,ASO,EN,Combined TRACON& Tower with Radar,258,147,91,3,499,0,0,64,21,85,258,147,155,24,584,0,0,0,584
11/20/2013,RDU,NC,ASO,EN,Combined TRACON& Tower with Radar,266,153,93,4,516,0,0,62,22,84,266,153,155,26,600,0,0,0,600
11/21/2013,RDU,NC,ASO,EN,Combined TRACON& Tower with Radar,259,168,125,4,556,0,2,71,13,86,259,170,196,17,642,0,0,0,642
11/22/2013,RDU,NC,ASO,EN,Combined TRACON& Tower with Radar,257,174,74,7,512,0,0,56,16,72,257,174,130,23,584,8,0,8,592
11/23/2013,RDU,NC,ASO,EN,Combined TRACON& Tower with Radar,184,96,54,2,336,0,0,64,3,67,184,96,118,5,403,12,0,12,415
11/24/2013,RDU,NC,ASO,EN,Combined TRACON& Tower with Radar,217,126,34,5,382,0,1,42,3,46,217,127,76,8,428,0,0,0,428
11/25/2013,RDU,NC,ASO,EN,Combined TRACON& Tower with Radar,231,145,81,21,478,0,0,69,17,86,231,145,150,38,564,6,0,6,570
11/26/2013,RDU,NC,ASO,EN,Combined TRACON& Tower with Radar,273,158,45,1,477,0,0,0,0,0,273,158,45,1,477,0,0,0,477
11/27/2013,RDU,NC,ASO,EN,Combined TRACON& Tower with Radar,276,160,48,0,484,0,0,1,0,1,276,160,49,0,485,0,0,0,485
11/28/2013,RDU,NC,ASO,EN,Combined TRACON& Tower with Radar,160,75,26,0,261,0,0,16,0,16,160,75,42,0,277,0,0,0,277
11/29/2013,RDU,NC,ASO,EN,Combined TRACON& Tower with Radar,176,94,36,0,306,0,1,62,0,63,176,95,98,0,369,0,0,0,369
11/30/2013,RDU,NC,ASO,EN,Combined TRACON& Tower with Radar,238,113,32,2,385,0,4,51,0,55,238,117,83,2,440,6,0,6,446
12/01/2013,RDU,NC,ASO,EN,Combined TRACON& Tower with Radar,266,151,83,0,500,0,1,62,0,63,266,152,145,0,563,0,0,0,563
12/02/2013,RDU,NC,ASO,EN,Combined TRACON& Tower with Radar,270,157,84,3,514,0,0,59,25,84,270,157,143,28,598,5,0,5,603
12/03/2013,RDU,NC,ASO,EN,Combined TRACON& Tower with Radar,263,166,96,3,528,0,1,48,14,63,263,167,144,17,591,0,0,0,591
12/04/2013,RDU,NC,ASO,EN,Combined TRACON& Tower with Radar,262,157,125,10,554,0,1,6,0,7,262,158,131,10,561,0,0,0,561
12/05/2013,RDU,NC,ASO,EN,Combined TRACON& Tower with Radar,264,135,101,1,501,0,0,4,7,11,264,135,105,8,512,0,0,0,512
12/06/2013,RDU,NC,ASO,EN,Combined TRACON& Tower with Radar,254,134,88,6,482,0,0,50,10,60,254,134,138,16,542,0,0,0,542
12/07/2013,RDU,NC,ASO,EN,Combined TRACON& Tower with Radar,178,98,38,0,314,0,0,6,1,7,178,98,44,1,321,0,0,0,321
12/08/2013,RDU,NC,ASO,EN,Combined TRACON& Tower with Radar,214,92,28,2,336,0,0,0,1,1,214,92,28,3,337,0,0,0,337
12/09/2013,RDU,NC,ASO,EN,Combined TRACON& Tower with Radar,252,137,58,2,449,0,0,0,0,0,252,137,58,2,449,0,0,0,449
12/10/2013,RDU,NC,ASO,EN,Combined TRACON& Tower with Radar,243,131,65,3,442,0,0,8,19,27,243,131,73,22,469,0,0,0,469
12/11/2013,RDU,NC,ASO,EN,Combined TRACON& Tower with Radar,267,130,94,3,494,0,0,74,24,98,267,130,168,27,592,0,0,0,592
12/12/2013,RDU,NC,ASO,EN,Combined TRACON& Tower with Radar,275,142,93,5,515,0,1,77,19,97,275,143,170,24,612,0,0,0,612
12/13/2013,RDU,NC,ASO,EN,Combined TRACON& Tower with Radar,268,144,73,8,493,0,0,96,6,102,268,144,169,14,595,0,0,0,595
12/14/2013,RDU,NC,ASO,EN,Combined TRACON& Tower with Radar,180,74,49,1,304,0,0,5,0,5,180,74,54,1,309,0,0,0,309
12/15/2013,RDU,NC,ASO,EN,Combined TRACON& Tower with Radar,229,119,40,1,389,0,0,53,1,54,229,119,93,2,443,0,0,0,443
12/16/2013,RDU,NC,ASO,EN,Combined TRACON& Tower with Radar,260,127,80,6,473,0,1,61,24,86,260,128,141,30,559,0,0,0,559
12/17/2013,RDU,NC,ASO,EN,Combined TRACON& Tower with Radar,259,118,87,7,471,0,1,79,21,101,259,119,166,28,572,0,0,0,572
12/18/2013,RDU,NC,ASO,EN,Combined TRACON& Tower with Radar,268,138,87,7,500,0,1,67,23,91,268,139,154,30,591,0,0,0,591
12/19/2013,RDU,NC,ASO,EN,Combined TRACON& Tower with Radar,272,143,81,13,509,0,0,84,19,103,272,143,165,32,612,0,0,0,612
12/20/2013,RDU,NC,ASO,EN,Combined TRACON& Tower with Radar,276,147,65,2,490,0,0,61,0,61,276,147,126,2,551,0,0,0,551
12/21/2013,RDU,NC,ASO,EN,Combined TRACON& Tower with Radar,243,99,50,0,392,0,1,55,0,56,243,100,105,0,448,0,0,0,448
12/22/2013,RDU,NC,ASO,EN,Combined TRACON& Tower with Radar,245,103,38,0,386,0,0,1,4,5,245,103,39,4,391,0,0,0,391
12/23/2013,RDU,NC,ASO,EN,Combined TRACON& Tower with Radar,252,115,41,2,410,0,0,0,0,0,252,115,41,2,410,0,0,0,410
12/24/2013,RDU,NC,ASO,EN,Combined TRACON& Tower with Radar,213,95,22,0,330,0,0,46,0,46,213,95,68,0,376,0,0,0,376
12/25/2013,RDU,NC,ASO,EN,Combined TRACON& Tower with Radar,183,64,5,0,252,0,0,12,0,12,183,64,17,0,264,0,0,0,264
12/26/2013,RDU,NC,ASO,EN,Combined TRACON& Tower with Radar,259,139,43,0,441,0,2,56,0,58,259,141,99,0,499,0,0,0,499
12/27/2013,RDU,NC,ASO,EN,Combined TRACON& Tower with Radar,271,143,57,2,473,0,0,79,3,82,271,143,136,5,555,0,0,0,555
12/28/2013,RDU,NC,ASO,EN,Combined TRACON& Tower with Radar,242,84,49,0,375,0,0,61,1,62,242,84,110,1,437,0,0,0,437
12/29/2013,RDU,NC,ASO,EN,Combined TRACON& Tower with Radar,243,95,27,0,365,0,0,9,0,9,243,95,36,0,374,0,0,0,374
12/30/2013,RDU,NC,ASO,EN,Combined TRACON& Tower with Radar,259,109,46,9,423,0,0,57,12,69,259,109,103,21,492,0,0,0,492
12/31/2013,RDU,NC,ASO,EN,Combined TRACON& Tower with Radar,214,76,24,2,316,0,1,66,0,67,214,77,90,2,383,6,8,14,397
01/01/2014,RDU,NC,ASO,EN,Combined TRACON& Tower with Radar,190,76,37,0,303,0,1,26,2,29,190,77,63,2,332,0,0,0,332
01/02/2014,RDU,NC,ASO,EN,Combined TRACON& Tower with Radar,244,97,38,4,383,0,0,9,1,10,244,97,47,5,393,0,0,0,393
01/03/2014,RDU,NC,ASO,EN,Combined TRACON& Tower with Radar,230,104,59,2,395,0,0,36,0,36,230,104,95,2,431,0,0,0,431
01/04/2014,RDU,NC,ASO,EN,Combined TRACON& Tower with Radar,203,84,60,0,347,0,0,79,0,79,203,84,139,0,426,0,0,0,426
01/05/2014,RDU,NC,ASO,EN,Combined TRACON& Tower with Radar,214,107,43,1,365,0,0,0,0,0,214,107,43,1,365,0,0,0,365
01/06/2014,RDU,NC,ASO,EN,Combined TRACON& Tower with Radar,225,116,64,2,407,0,0,16,19,35,225,116,80,21,442,0,0,0,442
01/07/2014,RDU,NC,ASO,EN,Combined TRACON& Tower with Radar,219,120,83,4,426,0,5,39,16,60,219,125,122,20,486,0,0,0,486
01/08/2014,RDU,NC,ASO,EN,Combined TRACON& Tower with Radar,257,114,91,3,465,0,3,71,16,90,257,117,162,19,555,0,0,0,555
01/09/2014,RDU,NC,ASO,EN,Combined TRACON& Tower with Radar,265,115,62,8,450,0,0,70,16,86,265,115,132,24,536,0,0,0,536
01/10/2014,RDU,NC,ASO,EN,Combined TRACON& Tower with Radar,258,137,55,3,453,0,0,1,0,1,258,137,56,3,454,0,0,0,454
01/11/2014,RDU,NC,ASO,EN,Combined TRACON& Tower with Radar,189,65,16,0,270,0,0,0,0,0,189,65,16,0,270,0,0,0,270
01/12/2014,RDU,NC,ASO,EN,Combined TRACON& Tower with Radar,236,100,37,6,379,0,0,93,8,101,236,100,130,14,480,0,0,0,480
01/13/2014,RDU,NC,ASO,EN,Combined TRACON& Tower with Radar,260,125,60,2,447,0,0,59,16,75,260,125,119,18,522,0,0,0,522
01/14/2014,RDU,NC,ASO,EN,Combined TRACON& Tower with Radar,255,120,90,5,470,0,0,23,16,39,255,120,113,21,509,0,0,0,509
01/15/2014,RDU,NC,ASO,EN,Combined TRACON& Tower with Radar,259,113,55,9,436,0,1,45,23,69,259,114,100,32,505,0,0,0,505
01/16/2014,RDU,NC,ASO,EN,Combined TRACON& Tower with Radar,265,157,95,4,521,0,0,57,13,70,265,157,152,17,591,0,0,0,591
01/17/2014,RDU,NC,ASO,EN,Combined TRACON& Tower with Radar,262,139,75,5,481,0,0,66,1,67,262,139,141,6,548,0,0,0,548
01/18/2014,RDU,NC,ASO,EN,Combined TRACON& Tower with Radar,186,67,52,6,311,0,1,57,1,59,186,68,109,7,370,0,0,0,370
01/19/2014,RDU,NC,ASO,EN,Combined TRACON& Tower with Radar,212,73,36,1,322,0,0,58,0,58,212,73,94,1,380,0,0,0,380
01/20/2014,RDU,NC,ASO,EN,Combined TRACON& Tower with Radar,254,129,49,0,432,0,1,88,0,89,254,130,137,0,521,0,0,0,521
01/21/2014,RDU,NC,ASO,EN,Combined TRACON& Tower with Radar,209,87,50,4,350,0,0,47,0,47,209,87,97,4,397,0,0,0,397
01/22/2014,RDU,NC,ASO,EN,Combined TRACON& Tower with Radar,239,104,79,8,430,0,4,50,7,61,239,108,129,15,491,0,0,0,491
01/23/2014,RDU,NC,ASO,EN,Combined TRACON& Tower with Radar,267,151,76,0,494,0,0,56,27,83,267,151,132,27,577,0,0,0,577
01/24/2014,RDU,NC,ASO,EN,Combined TRACON& Tower with Radar,256,132,67,4,459,0,0,66,4,70,256,132,133,8,529,0,0,0,529
01/25/2014,RDU,NC,ASO,EN,Combined TRACON& Tower with Radar,186,72,37,4,299,0,0,14,2,16,186,72,51,6,315,0,0,0,315
01/26/2014,RDU,NC,ASO,EN,Combined TRACON& Tower with Radar,233,84,50,2,369,0,0,93,4,97,233,84,143,6,466,47,0,47,513
01/27/2014,RDU,NC,ASO,EN,Combined TRACON& Tower with Radar,256,126,76,2,460,0,0,57,19,76,256,126,133,21,536,0,0,0,536
01/28/2014,RDU,NC,ASO,EN,Combined TRACON& Tower with Radar,185,87,48,2,322,0,0,20,0,20,185,87,68,2,342,0,0,0,342
01/29/2014,RDU,NC,ASO,EN,Combined TRACON& Tower with Radar,207,93,39,8,347,0,0,32,6,38,207,93,71,14,385,0,0,0,385
01/30/2014,RDU,NC,ASO,EN,Combined TRACON& Tower with Radar,246,141,83,7,477,0,3,65,13,81,246,144,148,20,558,0,0,0,558
01/31/2014,RDU,NC,ASO,EN,Combined TRACON& Tower with Radar,261,138,64,7,470,0,0,109,6,115,261,138,173,13,585,0,0,0,585
02/01/2014,RDU,NC,ASO,EN,Combined TRACON& Tower with Radar,186,69,54,5,314,0,0,81,3,84,186,69,135,8,398,8,0,8,406
02/02/2014,RDU,NC,ASO,EN,Combined TRACON& Tower with Radar,208,75,39,0,322,0,0,51,4,55,208,75,90,4,377,0,0,0,377
02/03/2014,RDU,NC,ASO,EN,Combined TRACON& Tower with Radar,228,111,61,4,404,0,0,5,0,5,228,111,66,4,409,0,16,16,425
02/04/2014,RDU,NC,ASO,EN,Combined TRACON& Tower with Radar,251,124,89,4,468,0,0,0,0,0,251,124,89,4,468,0,0,0,468
02/05/2014,RDU,NC,ASO,EN,Combined TRACON& Tower with Radar,219,85,71,2,377,0,0,5,12,17,219,85,76,14,394,0,0,0,394
02/06/2014,RDU,NC,ASO,EN,Combined TRACON& Tower with Radar,251,130,72,16,469,0,0,87,26,113,251,130,159,42,582,0,0,0,582
02/07/2014,RDU,NC,ASO,EN,Combined TRACON& Tower with Radar,276,125,70,6,477,0,0,80,20,100,276,125,150,26,577,0,5,5,582
02/08/2014,RDU,NC,ASO,EN,Combined TRACON& Tower with Radar,193,74,29,4,300,0,0,86,16,102,193,74,115,20,402,0,0,0,402
02/09/2014,RDU,NC,ASO,EN,Combined TRACON& Tower with Radar,233,96,46,1,376,0,1,46,4,51,233,97,92,5,427,0,0,0,427
02/10/2014,RDU,NC,ASO,EN,Combined TRACON& Tower with Radar,251,143,69,3,466,0,0,16,2,18,251,143,85,5,484,0,0,0,484
02/11/2014,RDU,NC,ASO,EN,Combined TRACON& Tower with Radar,235,137,65,3,440,0,0,23,17,40,235,137,88,20,480,0,0,0,480
02/12/2014,RDU,NC,ASO,EN,Combined TRACON& Tower with Radar,75,48,30,0,153,0,0,8,0,8,75,48,38,0,161,0,0,0,161
02/13/2014,RDU,NC,ASO,EN,Combined TRACON& Tower with Radar,65,26,22,2,115,0,0,0,0,0,65,26,22,2,115,0,0,0,115
02/14/2014,RDU,NC,ASO,EN,Combined TRACON& Tower with Radar,235,97,65,6,403,0,0,41,5,46,235,97,106,11,449,0,0,0,449
02/15/2014,RDU,NC,ASO,EN,Combined TRACON& Tower with Radar,188,81,35,0,304,0,0,11,2,13,188,81,46,2,317,0,0,0,317
02/16/2014,RDU,NC,ASO,EN,Combined TRACON& Tower with Radar,213,96,40,0,349,0,1,90,2,93,213,97,130,2,442,0,0,0,442
02/17/2014,RDU,NC,ASO,EN,Combined TRACON& Tower with Radar,258,129,71,2,460,0,0,86,2,88,258,129,157,4,548,0,0,0,548
02/18/2014,RDU,NC,ASO,EN,Combined TRACON& Tower with Radar,251,124,87,4,466,0,1,75,17,93,251,125,162,21,559,0,0,0,559
02/19/2014,RDU,NC,ASO,EN,Combined TRACON& Tower with Radar,269,127,113,7,516,0,0,27,16,43,269,127,140,23,559,0,0,0,559
02/20/2014,RDU,NC,ASO,EN,Combined TRACON& Tower with Radar,258,143,99,5,505,0,0,67,15,82,258,143,166,20,587,0,0,0,587
02/21/2014,RDU,NC,ASO,EN,Combined TRACON& Tower with Radar,240,130,72,3,445,0,1,5,8,14,240,131,77,11,459,0,0,0,459
02/22/2014,RDU,NC,ASO,EN,Combined TRACON& Tower with Radar,200,115,79,12,406,0,0,105,6,111,200,115,184,18,517,0,0,0,517
02/23/2014,RDU,NC,ASO,EN,Combined TRACON& Tower with Radar,228,118,56,0,402,0,0,83,2,85,228,118,139,2,487,0,0,0,487
02/24/2014,RDU,NC,ASO,EN,Combined TRACON& Tower with Radar,268,125,69,3,465,0,1,81,21,103,268,126,150,24,568,8,0,8,576
02/25/2014,RDU,NC,ASO,EN,Combined TRACON& Tower with Radar,263,121,74,9,467,0,0,70,15,85,263,121,144,24,552,0,0,0,552
02/26/2014,RDU,NC,ASO,EN,Combined TRACON& Tower with Radar,269,129,85,6,489,0,0,86,16,102,269,129,171,22,591,0,0,0,591
02/27/2014,RDU,NC,ASO,EN,Combined TRACON& Tower with Radar,270,144,91,8,513,0,1,80,13,94,270,145,171,21,607,0,0,0,607
02/28/2014,RDU,NC,ASO,EN,Combined TRACON& Tower with Radar,268,131,86,6,491,0,0,85,4,89,268,131,171,10,580,0,0,0,580
03/01/2014,RDU,NC,ASO,EN,Combined TRACON& Tower with Radar,187,82,60,5,334,0,0,61,4,65,187,82,121,9,399,0,0,0,399
03/02/2014,RDU,NC,ASO,EN,Combined TRACON& Tower with Radar,234,105,51,4,394,0,0,75,2,77,234,105,126,6,471,0,0,0,471
03/03/2014,RDU,NC,ASO,EN,Combined TRACON& Tower with Radar,193,55,33,0,281,0,0,3,0,3,193,55,36,0,284,0,0,0,284
03/04/2014,RDU,NC,ASO,EN,Combined TRACON& Tower with Radar,266,121,80,2,469,0,0,47,16,63,266,121,127,18,532,0,0,0,532
03/05/2014,RDU,NC,ASO,EN,Combined TRACON& Tower with Radar,268,126,72,8,474,0,1,51,9,61,268,127,123,17,535,0,0,0,535
03/06/2014,RDU,NC,ASO,EN,Combined TRACON& Tower with Radar,266,162,69,4,501,0,0,42,9,51,266,162,111,13,552,0,0,0,552
03/07/2014,RDU,NC,ASO,EN,Combined TRACON& Tower with Radar,277,168,40,10,495,0,0,2,0,2,277,168,42,10,497,0,0,0,497
03/08/2014,RDU,NC,ASO,EN,Combined TRACON& Tower with Radar,197,134,70,6,407,0,2,114,26,142,197,136,184,32,549,0,0,0,549
03/09/2014,RDU,NC,ASO,EN,Combined TRACON& Tower with Radar,251,129,68,3,451,0,1,87,8,96,251,130,155,11,547,0,0,0,547
03/10/2014,RDU,NC,ASO,EN,Combined TRACON& Tower with Radar,266,134,60,7,467,0,0,97,9,106,266,134,157,16,573,0,0,0,573
03/11/2014,RDU,NC,ASO,EN,Combined TRACON& Tower with Radar,272,120,92,8,492,0,1,93,20,114,272,121,185,28,606,0,0,0,606
03/12/2014,RDU,NC,ASO,EN,Combined TRACON& Tower with Radar,272,114,74,2,462,0,0,16,5,21,272,114,90,7,483,0,0,0,483
03/13/2014,RDU,NC,ASO,EN,Combined TRACON& Tower with Radar,271,137,66,10,484,0,0,37,14,51,271,137,103,24,535,0,0,0,535
03/14/2014,RDU,NC,ASO,EN,Combined TRACON& Tower with Radar,275,142,69,4,490,0,0,79,12,91,275,142,148,16,581,0,0,0,581
03/15/2014,RDU,NC,ASO,EN,Combined TRACON& Tower with Radar,207,84,34,4,329,0,0,70,2,72,207,84,104,6,401,0,0,0,401
03/16/2014,RDU,NC,ASO,EN,Combined TRACON& Tower with Radar,248,105,34,2,389,0,0,21,0,21,248,105,55,2,410,0,0,0,410
03/17/2014,RDU,NC,ASO,EN,Combined TRACON& Tower with Radar,250,120,39,0,409,0,0,0,0,0,250,120,39,0,409,0,0,0,409
03/18/2014,RDU,NC,ASO,EN,Combined TRACON& Tower with Radar,271,129,78,2,480,0,0,0,0,0,271,129,78,2,480,0,0,0,480
03/19/2014,RDU,NC,ASO,EN,Combined TRACON& Tower with Radar,280,139,80,5,504,0,0,0,0,0,280,139,80,5,504,0,0,0,504
03/20/2014,RDU,NC,ASO,EN,Combined TRACON& Tower with Radar,284,155,76,2,517,0,0,71,18,89,284,155,147,20,606,0,0,0,606
03/21/2014,RDU,NC,ASO,EN,Combined TRACON& Tower with Radar,285,149,108,5,547,0,0,100,4,104,285,149,208,9,651,0,0,0,651
03/22/2014,RDU,NC,ASO,EN,Combined TRACON& Tower with Radar,201,84,48,2,335,0,3,78,0,81,201,87,126,2,416,0,0,0,416
03/23/2014,RDU,NC,ASO,EN,Combined TRACON& Tower with Radar,262,117,98,5,482,0,0,20,0,20,262,117,118,5,502,0,0,0,502
03/24/2014,RDU,NC,ASO,EN,Combined TRACON& Tower with Radar,280,133,65,5,483,0,0,72,17,89,280,133,137,22,572,0,0,0,572
03/25/2014,RDU,NC,ASO,EN,Combined TRACON& Tower with Radar,274,120,49,3,446,0,0,11,0,11,274,120,60,3,457,0,0,0,457
03/26/2014,RDU,NC,ASO,EN,Combined TRACON& Tower with Radar,272,138,84,9,503,0,0,57,21,78,272,138,141,30,581,0,0,0,581
03/27/2014,RDU,NC,ASO,EN,Combined TRACON& Tower with Radar,277,140,60,1,478,0,0,84,29,113,277,140,144,30,591,0,0,0,591
03/28/2014,RDU,NC,ASO,EN,Combined TRACON& Tower with Radar,284,139,66,0,489,0,0,18,3,21,284,139,84,3,510,0,0,0,510
03/29/2014,RDU,NC,ASO,EN,Combined TRACON& Tower with Radar,196,97,39,0,332,0,0,0,0,0,196,97,39,0,332,0,0,0,332
03/30/2014,RDU,NC,ASO,EN,Combined TRACON& Tower with Radar,246,90,34,0,370,0,0,7,0,7,246,90,41,0,377,0,0,0,377
03/31/2014,RDU,NC,ASO,EN,Combined TRACON& Tower with Radar,271,129,68,3,471,0,0,89,14,103,271,129,157,17,574,0,0,0,574
04/01/2014,RDU,NC,ASO,EN,Combined TRACON& Tower with Radar,273,130,65,2,470,0,0,76,14,90,273,130,141,16,560,0,0,0,560
04/02/2014,RDU,NC,ASO,EN,Combined TRACON& Tower with Radar,275,144,88,8,515,0,0,80,10,90,275,144,168,18,605,0,0,0,605
04/03/2014,RDU,NC,ASO,EN,Combined TRACON& Tower with Radar,273,147,91,2,513,0,5,74,17,96,273,152,165,19,609,0,0,0,609
04/04/2014,RDU,NC,ASO,EN,Combined TRACON& Tower with Radar,284,135,84,5,508,0,1,53,2,56,284,136,137,7,564,0,0,0,564
04/05/2014,RDU,NC,ASO,EN,Combined TRACON& Tower with Radar,201,95,43,9,348,0,0,92,4,96,201,95,135,13,444,0,0,0,444
04/06/2014,RDU,NC,ASO,EN,Combined TRACON& Tower with Radar,249,119,62,4,434,0,1,69,0,70,249,120,131,4,504,0,0,0,504
04/07/2014,RDU,NC,ASO,EN,Combined TRACON& Tower with Radar,275,127,80,4,486,0,1,2,0,3,275,128,82,4,489,0,0,0,489
04/08/2014,RDU,NC,ASO,EN,Combined TRACON& Tower with Radar,275,148,91,13,527,0,0,46,13,59,275,148,137,26,586,0,0,0,586
04/09/2014,RDU,NC,ASO,EN,Combined TRACON& Tower with Radar,274,144,77,4,499,0,1,78,10,89,274,145,155,14,588,0,0,0,588
04/10/2014,RDU,NC,ASO,EN,Combined TRACON& Tower with Radar,287,136,117,8,548,0,1,87,17,105,287,137,204,25,653,0,0,0,653
04/11/2014,RDU,NC,ASO,EN,Combined TRACON& Tower with Radar,280,144,108,5,537,0,1,68,6,75,280,145,176,11,612,0,0,0,612
04/12/2014,RDU,NC,ASO,EN,Combined TRACON& Tower with Radar,198,81,72,1,352,0,1,91,13,105,198,82,163,14,457,0,0,0,457
04/13/2014,RDU,NC,ASO,EN,Combined TRACON& Tower with Radar,251,128,80,1,460,0,0,85,6,91,251,128,165,7,551,0,0,0,551
04/14/2014,RDU,NC,ASO,EN,Combined TRACON& Tower with Radar,274,132,56,14,476,0,0,19,6,25,274,132,75,20,501,0,0,0,501
04/15/2014,RDU,NC,ASO,EN,Combined TRACON& Tower with Radar,264,120,66,2,452,0,0,1,4,5,264,120,67,6,457,0,0,0,457
04/16/2014,RDU,NC,ASO,EN,Combined TRACON& Tower with Radar,273,152,81,4,510,0,3,56,16,75,273,155,137,20,585,0,0,0,585
04/17/2014,RDU,NC,ASO,EN,Combined TRACON& Tower with Radar,281,150,80,8,519,0,1,85,23,109,281,151,165,31,628,0,0,0,628
04/18/2014,RDU,NC,ASO,EN,Combined TRACON& Tower with Radar,269,134,63,2,468,0,0,66,4,70,269,134,129,6,538,8,0,8,546
04/19/2014,RDU,NC,ASO,EN,Combined TRACON& Tower with Radar,193,85,28,8,314,0,0,2,0,2,193,85,30,8,316,0,0,0,316
04/20/2014,RDU,NC,ASO,EN,Combined TRACON& Tower with Radar,234,105,49,0,388,0,0,32,0,32,234,105,81,0,420,0,0,0,420
04/21/2014,RDU,NC,ASO,EN,Combined TRACON& Tower with Radar,274,140,120,2,536,0,0,79,14,93,274,140,199,16,629,0,0,0,629
04/22/2014,RDU,NC,ASO,EN,Combined TRACON& Tower with Radar,268,137,99,6,510,0,0,68,7,75,268,137,167,13,585,8,0,8,593
04/23/2014,RDU,NC,ASO,EN,Combined TRACON& Tower with Radar,274,131,80,9,494,0,0,71,7,78,274,131,151,16,572,0,0,0,572
04/24/2014,RDU,NC,ASO,EN,Combined TRACON& Tower with Radar,280,149,123,5,557,0,0,100,11,111,280,149,223,16,668,0,0,0,668
04/25/2014,RDU,NC,ASO,EN,Combined TRACON& Tower with Radar,280,148,66,8,502,0,0,15,4,19,280,148,81,12,521,0,0,0,521
04/26/2014,RDU,NC,ASO,EN,Combined TRACON& Tower with Radar,196,88,59,0,343,0,3,105,2,110,196,91,164,2,453,0,0,0,453
04/27/2014,RDU,NC,ASO,EN,Combined TRACON& Tower with Radar,245,109,44,0,398,0,4,124,0,128,245,113,168,0,526,20,0,20,546
04/28/2014,RDU,NC,ASO,EN,Combined TRACON& Tower with Radar,272,128,82,8,490,0,0,32,3,35,272,128,114,11,525,0,0,0,525
04/29/2014,RDU,NC,ASO,EN,Combined TRACON& Tower with Radar,276,122,61,0,459,0,0,1,0,1,276,122,62,0,460,0,0,0,460
04/30/2014,RDU,NC,ASO,EN,Combined TRACON& Tower with Radar,259,127,50,2,438,0,0,5,3,8,259,127,55,5,446,0,0,0,446
05/01/2014,RDU,NC,ASO,EN,Combined TRACON& Tower with Radar,274,136,86,3,499,0,0,35,13,48,274,136,121,16,547,0,0,0,547
05/02/2014,RDU,NC,ASO,EN,Combined TRACON& Tower with Radar,288,141,63,4,496,0,4,106,6,116,288,145,169,10,612,0,0,0,612
05/03/2014,RDU,NC,ASO,EN,Combined TRACON& Tower with Radar,210,86,35,4,335,0,1,88,0,89,210,87,123,4,424,0,0,0,424
05/04/2014,RDU,NC,ASO,EN,Combined TRACON& Tower with Radar,252,107,42,6,407,0,0,71,3,74,252,107,113,9,481,0,0,0,481
05/05/2014,RDU,NC,ASO,EN,Combined TRACON& Tower with Radar,282,136,99,5,522,0,0,74,9,83,282,136,173,14,605,0,0,0,605
05/06/2014,RDU,NC,ASO,EN,Combined TRACON& Tower with Radar,279,134,118,4,535,0,0,77,8,85,279,134,195,12,620,0,0,0,620
05/07/2014,RDU,NC,ASO,EN,Combined TRACON& Tower with Radar,284,135,101,0,520,0,0,29,10,39,284,135,130,10,559,16,0,16,575
05/08/2014,RDU,NC,ASO,EN,Combined TRACON& Tower with Radar,286,124,90,0,500,0,1,72,12,85,286,125,162,12,585,0,0,0,585
05/09/2014,RDU,NC,ASO,EN,Combined TRACON& Tower with Radar,294,136,84,4,518,0,1,74,10,85,294,137,158,14,603,0,0,0,603
05/10/2014,RDU,NC,ASO,EN,Combined TRACON& Tower with Radar,222,87,56,0,365,0,1,41,4,46,222,88,97,4,411,0,74,74,485
05/11/2014,RDU,NC,ASO,EN,Combined TRACON& Tower with Radar,257,109,73,0,439,0,2,70,0,72,257,111,143,0,511,0,0,0,511
05/12/2014,RDU,NC,ASO,EN,Combined TRACON& Tower with Radar,279,155,79,5,518,0,4,62,22,88,279,159,141,27,606,0,0,0,606
05/13/2014,RDU,NC,ASO,EN,Combined TRACON& Tower with Radar,272,129,80,4,485,0,2,73,13,88,272,131,153,17,573,8,0,8,581
05/14/2014,RDU,NC,ASO,EN,Combined TRACON& Tower with Radar,286,138,112,4,540,0,2,77,17,96,286,140,189,21,636,0,0,0,636
05/15/2014,RDU,NC,ASO,EN,Combined TRACON& Tower with Radar,285,128,50,0,463,0,0,9,5,14,285,128,59,5,477,0,0,0,477
05/16/2014,RDU,NC,ASO,EN,Combined TRACON& Tower with Radar,289,127,62,11,489,0,0,77,15,92,289,127,139,26,581,0,0,0,581
05/17/2014,RDU,NC,ASO,EN,Combined TRACON& Tower with Radar,220,83,47,0,350,0,0,94,6,100,220,83,141,6,450,0,0,0,450
05/18/2014,RDU,NC,ASO,EN,Combined TRACON& Tower with Radar,268,111,51,1,431,0,0,70,4,74,268,111,121,5,505,0,0,0,505
05/19/2014,RDU,NC,ASO,EN,Combined TRACON& Tower with Radar,282,122,75,2,481,0,0,90,26,116,282,122,165,28,597,0,0,0,597
05/20/2014,RDU,NC,ASO,EN,Combined TRACON& Tower with Radar,287,122,91,0,500,0,0,98,18,116,287,122,189,18,616,0,0,0,616
05/21/2014,RDU,NC,ASO,EN,Combined TRACON& Tower with Radar,285,138,84,2,509,0,0,59,26,85,285,138,143,28,594,0,0,0,594
05/22/2014,RDU,NC,ASO,EN,Combined TRACON& Tower with Radar,287,117,89,2,495,0,1,77,32,110,287,118,166,34,605,0,0,0,605
05/23/2014,RDU,NC,ASO,EN,Combined TRACON& Tower with Radar,297,136,64,0,497,0,1,62,2,65,297,137,126,2,562,0,0,0,562
05/24/2014,RDU,NC,ASO,EN,Combined TRACON& Tower with Radar,213,60,43,0,316,0,0,89,0,89,213,60,132,0,405,0,0,0,405
05/25/2014,RDU,NC,ASO,EN,Combined TRACON& Tower with Radar,205,72,21,0,298,0,1,54,0,55,205,73,75,0,353,0,0,0,353
05/26/2014,RDU,NC,ASO,EN,Combined TRACON& Tower with Radar,267,95,40,1,403,0,1,48,1,50,267,96,88,2,453,14,0,14,467
05/27/2014,RDU,NC,ASO,EN,Combined TRACON& Tower with Radar,273,111,57,4,445,0,0,49,16,65,273,111,106,20,510,0,0,0,510
05/28/2014,RDU,NC,ASO,EN,Combined TRACON& Tower with Radar,288,139,82,8,517,0,4,77,40,121,288,143,159,48,638,10,0,10,648
05/29/2014,RDU,NC,ASO,EN,Combined TRACON& Tower with Radar,311,134,86,2,533,0,0,14,3,17,311,134,100,5,550,0,0,0,550
05/30/2014,RDU,NC,ASO,EN,Combined TRACON& Tower with Radar,287,122,73,7,489,0,0,9,20,29,287,122,82,27,518,0,0,0,518
05/31/2014,RDU,NC,ASO,EN,Combined TRACON& Tower with Radar,224,73,25,0,322,0,3,66,0,69,224,76,91,0,391,0,0,0,391
06/01/2014,RDU,NC,ASO,EN,Combined TRACON& Tower with Radar,266,104,58,0,428,0,0,79,0,79,266,104,137,0,507,0,0,0,507
06/02/2014,RDU,NC,ASO,EN,Combined TRACON& Tower with Radar,290,118,69,4,481,0,2,76,17,95,290,120,145,21,576,0,0,0,576
06/03/2014,RDU,NC,ASO,EN,Combined TRACON& Tower with Radar,278,123,62,5,468,0,2,73,17,92,278,125,135,22,560,0,0,0,560
06/04/2014,RDU,NC,ASO,EN,Combined TRACON& Tower with Radar,282,125,83,0,490,0,0,73,8,81,282,125,156,8,571,0,0,0,571
06/05/2014,RDU,NC,ASO,EN,Combined TRACON& Tower with Radar,299,114,80,4,497,0,0,43,10,53,299,114,123,14,550,0,0,0,550
06/06/2014,RDU,NC,ASO,EN,Combined TRACON& Tower with Radar,305,97,72,2,476,0,1,62,3,66,305,98,134,5,542,6,0,6,548
06/07/2014,RDU,NC,ASO,EN,Combined TRACON& Tower with Radar,231,66,40,7,344,0,0,70,8,78,231,66,110,15,422,0,0,0,422
06/08/2014,RDU,NC,ASO,EN,Combined TRACON& Tower with Radar,272,79,52,3,406,0,0,39,3,42,272,79,91,6,448,0,0,0,448
06/09/2014,RDU,NC,ASO,EN,Combined TRACON& Tower with Radar,307,86,95,3,491,0,0,42,6,48,307,86,137,9,539,0,0,0,539
06/10/2014,RDU,NC,ASO,EN,Combined TRACON& Tower with Radar,304,98,75,18,495,0,0,64,3,67,304,98,139,21,562,0,0,0,562
06/11/2014,RDU,NC,ASO,EN,Combined TRACON& Tower with Radar,290,105,91,9,495,0,0,56,3,59,290,105,147,12,554,0,0,0,554
06/12/2014,RDU,NC,ASO,EN,Combined TRACON& Tower with Radar,302,112,93,2,509,0,0,30,0,30,302,112,123,2,539,0,0,0,539
06/13/2014,RDU,NC,ASO,EN,Combined TRACON& Tower with Radar,279,101,71,5,456,0,0,45,0,45,279,101,116,5,501,0,0,0,501
06/14/2014,RDU,NC,ASO,EN,Combined TRACON& Tower with Radar,237,73,45,22,377,0,0,83,0,83,237,73,128,22,460,0,0,0,460
06/15/2014,RDU,NC,ASO,EN,Combined TRACON& Tower with Radar,289,84,48,7,428,0,0,53,0,53,289,84,101,7,481,0,0,0,481
06/16/2014,RDU,NC,ASO,EN,Combined TRACON& Tower with Radar,302,97,63,1,463,0,0,50,7,57,302,97,113,8,520,0,0,0,520
06/17/2014,RDU,NC,ASO,EN,Combined TRACON& Tower with Radar,309,105,76,9,499,0,0,84,3,87,309,105,160,12,586,0,0,0,586
06/18/2014,RDU,NC,ASO,EN,Combined TRACON& Tower with Radar,293,116,89,0,498,0,0,89,8,97,293,116,178,8,595,0,0,0,595
06/19/2014,RDU,NC,ASO,EN,Combined TRACON& Tower with Radar,308,106,72,2,488,0,0,63,1,64,308,106,135,3,552,0,0,0,552
06/20/2014,RDU,NC,ASO,EN,Combined TRACON& Tower with Radar,314,106,76,3,499,0,0,55,1,56,314,106,131,4,555,0,0,0,555
06/21/2014,RDU,NC,ASO,EN,Combined TRACON& Tower with Radar,223,75,40,17,355,0,1,33,0,34,223,76,73,17,389,0,0,0,389
06/22/2014,RDU,NC,ASO,EN,Combined TRACON& Tower with Radar,282,84,84,0,450,0,0,19,0,19,282,84,103,0,469,0,0,0,469
06/23/2014,RDU,NC,ASO,EN,Combined TRACON& Tower with Radar,302,102,61,22,487,0,0,73,2,75,302,102,134,24,562,4,0,4,566
06/24/2014,RDU,NC,ASO,EN,Combined TRACON& Tower with Radar,307,118,74,4,503,0,0,62,2,64,307,118,136,6,567,16,0,16,583
06/25/2014,RDU,NC,ASO,EN,Combined TRACON& Tower with Radar,289,105,89,6,489,0,0,35,6,41,289,105,124,12,530,0,0,0,530
06/26/2014,RDU,NC,ASO,EN,Combined TRACON& Tower with Radar,314,105,93,1,513,0,1,86,7,94,314,106,179,8,607,0,0,0,607
06/27/2014,RDU,NC,ASO,EN,Combined TRACON& Tower with Radar,306,104,80,7,497,0,0,49,8,57,306,104,129,15,554,0,0,0,554
06/28/2014,RDU,NC,ASO,EN,Combined TRACON& Tower with Radar,232,69,56,0,357,0,0,24,0,24,232,69,80,0,381,18,0,18,399
06/29/2014,RDU,NC,ASO,EN,Combined TRACON& Tower with Radar,277,74,44,1,396,0,0,54,0,54,277,74,98,1,450,0,0,0,450
06/30/2014,RDU,NC,ASO,EN,Combined TRACON& Tower with Radar,279,67,66,3,415,0,1,51,6,58,279,68,117,9,473,0,0,0,473
07/01/2014,RDU,NC,ASO,EN,Combined TRACON& Tower with Radar,275,93,86,1,455,0,0,59,4,63,275,93,145,5,518,0,0,0,518
07/02/2014,RDU,NC,ASO,EN,Combined TRACON& Tower with Radar,285,89,65,2,441,0,0,65,2,67,285,89,130,4,508,14,0,14,522
07/03/2014,RDU,NC,ASO,EN,Combined TRACON& Tower with Radar,272,92,39,2,405,0,0,26,0,26,272,92,65,2,431,0,0,0,431
07/04/2014,RDU,NC,ASO,EN,Combined TRACON& Tower with Radar,203,64,24,0,291,0,0,51,0,51,203,64,75,0,342,0,0,0,342
07/05/2014,RDU,NC,ASO,EN,Combined TRACON& Tower with Radar,207,71,21,0,299,0,1,59,0,60,207,72,80,0,359,0,0,0,359
07/06/2014,RDU,NC,ASO,EN,Combined TRACON& Tower with Radar,271,84,44,0,399,0,0,67,0,67,271,84,111,0,466,0,0,0,466
07/07/2014,RDU,NC,ASO,EN,Combined TRACON& Tower with Radar,294,99,66,4,463,0,0,54,17,71,294,99,120,21,534,0,0,0,534
07/08/2014,RDU,NC,ASO,EN,Combined TRACON& Tower with Radar,302,107,77,3,489,0,0,65,13,78,302,107,142,16,567,0,0,0,567
07/09/2014,RDU,NC,ASO,EN,Combined TRACON& Tower with Radar,295,109,91,2,497,0,0,43,8,51,295,109,134,10,548,0,0,0,548
07/10/2014,RDU,NC,ASO,EN,Combined TRACON& Tower with Radar,309,132,65,3,509,0,0,18,2,20,309,132,83,5,529,0,0,0,529
07/11/2014,RDU,NC,ASO,EN,Combined TRACON& Tower with Radar,311,103,84,3,501,0,0,29,1,30,311,103,113,4,531,0,0,0,531
07/12/2014,RDU,NC,ASO,EN,Combined TRACON& Tower with Radar,232,78,43,1,354,0,3,48,2,53,232,81,91,3,407,6,0,6,413
07/13/2014,RDU,NC,ASO,EN,Combined TRACON& Tower with Radar,263,84,39,2,388,0,0,56,2,58,263,84,95,4,446,0,0,0,446
07/14/2014,RDU,NC,ASO,EN,Combined TRACON& Tower with Radar,276,101,51,2,430,0,0,57,20,77,276,101,108,22,507,0,0,0,507
07/15/2014,RDU,NC,ASO,EN,Combined TRACON& Tower with Radar,257,84,83,2,426,0,0,28,2,30,257,84,111,4,456,0,0,0,456
07/16/2014,RDU,NC,ASO,EN,Combined TRACON& Tower with Radar,298,105,95,5,503,0,1,55,22,78,298,106,150,27,581,0,0,0,581
07/17/2014,RDU,NC,ASO,EN,Combined TRACON& Tower with Radar,300,99,86,5,490,0,2,92,28,122,300,101,178,33,612,0,0,0,612
07/18/2014,RDU,NC,ASO,EN,Combined TRACON& Tower with Radar,306,105,68,2,481,0,0,76,5,81,306,105,144,7,562,0,0,0,562
07/19/2014,RDU,NC,ASO,EN,Combined TRACON& Tower with Radar,231,77,35,9,352,0,0,57,0,57,231,77,92,9,409,0,0,0,409
07/20/2014,RDU,NC,ASO,EN,Combined TRACON& Tower with Radar,272,87,66,2,427,0,0,33,0,33,272,87,99,2,460,0,0,0,460
07/21/2014,RDU,NC,ASO,EN,Combined TRACON& Tower with Radar,301,97,55,3,456,0,0,3,4,7,301,97,58,7,463,0,0,0,463
07/22/2014,RDU,NC,ASO,EN,Combined TRACON& Tower with Radar,296,96,115,2,509,0,0,10,28,38,296,96,125,30,547,0,0,0,547
07/23/2014,RDU,NC,ASO,EN,Combined TRACON& Tower with Radar,283,93,77,11,464,0,0,45,28,73,283,93,122,39,537,0,0,0,537
07/24/2014,RDU,NC,ASO,EN,Combined TRACON& Tower with Radar,306,113,85,12,516,0,0,29,20,49,306,113,114,32,565,0,0,0,565
07/25/2014,RDU,NC,ASO,EN,Combined TRACON& Tower with Radar,307,113,85,5,510,0,1,42,2,45,307,114,127,7,555,0,0,0,555
07/26/2014,RDU,NC,ASO,EN,Combined TRACON& Tower with Radar,228,67,36,2,333,0,1,51,2,54,228,68,87,4,387,0,0,0,387
07/27/2014,RDU,NC,ASO,EN,Combined TRACON& Tower with Radar,258,84,53,0,395,0,0,29,0,29,258,84,82,0,424,0,0,0,424
07/28/2014,RDU,NC,ASO,EN,Combined TRACON& Tower with Radar,300,97,73,12,482,0,0,54,27,81,300,97,127,39,563,0,0,0,563
07/29/2014,RDU,NC,ASO,EN,Combined TRACON& Tower with Radar,299,105,76,8,488,0,1,64,14,79,299,106,140,22,567,0,0,0,567
07/30/2014,RDU,NC,ASO,EN,Combined TRACON& Tower with Radar,298,104,106,5,513,0,1,64,21,86,298,105,170,26,599,0,0,0,599
07/31/2014,RDU,NC,ASO,EN,Combined TRACON& Tower with Radar,303,126,83,1,513,0,0,42,9,51,303,126,125,10,564,0,0,0,564
08/01/2014,RDU,NC,ASO,EN,Combined TRACON& Tower with Radar,297,99,54,11,461,0,0,7,0,7,297,99,61,11,468,0,0,0,468
08/02/2014,RDU,NC,ASO,EN,Combined TRACON& Tower with Radar,236,82,47,0,365,0,0,1,0,1,236,82,48,0,366,0,0,0,366
08/03/2014,RDU,NC,ASO,EN,Combined TRACON& Tower with Radar,273,83,71,5,432,0,0,9,2,11,273,83,80,7,443,0,0,0,443
08/04/2014,RDU,NC,ASO,EN,Combined TRACON& Tower with Radar,298,106,58,2,464,0,1,35,10,46,298,107,93,12,510,0,0,0,510
08/05/2014,RDU,NC,ASO,EN,Combined TRACON& Tower with Radar,297,95,57,4,453,0,0,54,30,84,297,95,111,34,537,0,0,0,537
08/06/2014,RDU,NC,ASO,EN,Combined TRACON& Tower with Radar,294,100,62,8,464,0,1,79,22,102,294,101,141,30,566,22,0,22,588
08/07/2014,RDU,NC,ASO,EN,Combined TRACON& Tower with Radar,302,107,84,4,497,0,0,82,28,110,302,107,166,32,607,0,0,0,607
08/08/2014,RDU,NC,ASO,EN,Combined TRACON& Tower with Radar,305,108,73,11,497,0,0,62,7,69,305,108,135,18,566,0,0,0,566
08/09/2014,RDU,NC,ASO,EN,Combined TRACON& Tower with Radar,225,69,31,0,325,0,0,0,0,0,225,69,31,0,325,0,0,0,325
08/10/2014,RDU,NC,ASO,EN,Combined TRACON& Tower with Radar,269,90,50,2,411,0,0,26,0,26,269,90,76,2,437,0,0,0,437
08/11/2014,RDU,NC,ASO,EN,Combined TRACON& Tower with Radar,288,107,55,0,450,0,0,40,10,50,288,107,95,10,500,0,0,0,500
08/12/2014,RDU,NC,ASO,EN,Combined TRACON& Tower with Radar,281,95,87,0,463,0,0,17,9,26,281,95,104,9,489,0,0,0,489
08/13/2014,RDU,NC,ASO,EN,Combined TRACON& Tower with Radar,290,111,86,3,490,0,0,65,16,81,290,111,151,19,571,0,0,0,571
08/14/2014,RDU,NC,ASO,EN,Combined TRACON& Tower with Radar,289,116,87,5,497,0,0,90,8,98,289,116,177,13,595,0,0,0,595
08/15/2014,RDU,NC,ASO,EN,Combined TRACON& Tower with Radar,290,111,90,8,499,0,0,83,2,85,290,111,173,10,584,0,0,0,584
08/16/2014,RDU,NC,ASO,EN,Combined TRACON& Tower with Radar,226,73,35,0,334,0,1,56,1,58,226,74,91,1,392,0,0,0,392
08/17/2014,RDU,NC,ASO,EN,Combined TRACON& Tower with Radar,263,83,46,4,396,0,1,63,0,64,263,84,109,4,460,0,0,0,460
08/18/2014,RDU,NC,ASO,EN,Combined TRACON& Tower with Radar,291,109,73,16,489,0,0,34,19,53,291,109,107,35,542,0,0,0,542
08/19/2014,RDU,NC,ASO,EN,Combined TRACON& Tower with Radar,294,105,94,3,496,0,0,32,15,47,294,105,126,18,543,0,0,0,543
08/20/2014,RDU,NC,ASO,EN,Combined TRACON& Tower with Radar,301,101,122,3,527,0,0,39,12,51,301,101,161,15,578,0,0,0,578
08/21/2014,RDU,NC,ASO,EN,Combined TRACON& Tower with Radar,295,105,102,11,513,0,1,69,11,81,295,106,171,22,594,0,0,0,594
08/22/2014,RDU,NC,ASO,EN,Combined TRACON& Tower with Radar,301,101,81,0,483,0,5,55,2,62,301,106,136,2,545,0,0,0,545
08/23/2014,RDU,NC,ASO,EN,Combined TRACON& Tower with Radar,228,47,35,8,318,0,0,42,0,42,228,47,77,8,360,0,0,0,360
08/24/2014,RDU,NC,ASO,EN,Combined TRACON& Tower with Radar,266,84,68,0,418,0,1,34,0,35,266,85,102,0,453,0,0,0,453
08/25/2014,RDU,NC,ASO,EN,Combined TRACON& Tower with Radar,284,89,68,1,442,0,1,51,17,69,284,90,119,18,511,0,0,0,511
08/26/2014,RDU,NC,ASO,EN,Combined TRACON& Tower with Radar,299,85,95,11,490,0,4,76,19,99,299,89,171,30,589,0,0,0,589
08/27/2014,RDU,NC,ASO,EN,Combined TRACON& Tower with Radar,294,103,66,6,469,0,1,64,15,80,294,104,130,21,549,0,0,0,549
08/28/2014,RDU,NC,ASO,EN,Combined TRACON& Tower with Radar,299,108,98,5,510,0,0,70,21,91,299,108,168,26,601,0,0,0,601
08/29/2014,RDU,NC,ASO,EN,Combined TRACON& Tower with Radar,303,99,102,0,504,0,0,37,0,37,303,99,139,0,541,14,0,14,555
08/30/2014,RDU,NC,ASO,EN,Combined TRACON& Tower with Radar,198,51,61,0,310,0,0,29,0,29,198,51,90,0,339,0,0,0,339
08/31/2014,RDU,NC,ASO,EN,Combined TRACON& Tower with Radar,187,59,34,0,280,0,0,42,0,42,187,59,76,0,322,0,0,0,322
09/01/2014,RDU,NC,ASO,EN,Combined TRACON& Tower with Radar,263,74,39,0,376,0,0,51,0,51,263,74,90,0,427,0,0,0,427
09/02/2014,RDU,NC,ASO,EN,Combined TRACON& Tower with Radar,292,109,57,2,460,0,0,33,7,40,292,109,90,9,500,0,0,0,500
09/03/2014,RDU,NC,ASO,EN,Combined TRACON& Tower with Radar,266,101,79,2,448,0,0,45,5,50,266,101,124,7,498,0,0,0,498
09/04/2014,RDU,NC,ASO,EN,Combined TRACON& Tower with Radar,265,90,86,5,446,0,1,30,2,33,265,91,116,7,479,0,0,0,479
09/05/2014,RDU,NC,ASO,EN,Combined TRACON& Tower with Radar,281,94,103,9,487,0,2,63,9,74,281,96,166,18,561,18,0,18,579
09/06/2014,RDU,NC,ASO,EN,Combined TRACON& Tower with Radar,188,52,46,8,294,0,0,56,0,56,188,52,102,8,350,0,0,0,350
09/07/2014,RDU,NC,ASO,EN,Combined TRACON& Tower with Radar,268,80,88,2,438,0,0,9,2,11,268,80,97,4,449,0,0,0,449
09/08/2014,RDU,NC,ASO,EN,Combined TRACON& Tower with Radar,291,101,67,0,459,0,0,0,0,0,291,101,67,0,459,0,0,0,459
09/09/2014,RDU,NC,ASO,EN,Combined TRACON& Tower with Radar,289,105,97,5,496,0,0,9,11,20,289,105,106,16,516,0,0,0,516
09/10/2014,RDU,NC,ASO,EN,Combined TRACON& Tower with Radar,293,115,93,5,506,0,0,45,18,63,293,115,138,23,569,0,0,0,569
09/11/2014,RDU,NC,ASO,EN,Combined TRACON& Tower with Radar,290,109,95,4,498,0,1,69,20,90,290,110,164,24,588,0,30,30,618
09/12/2014,RDU,NC,ASO,EN,Combined TRACON& Tower with Radar,305,110,78,6,499,0,0,15,2,17,305,110,93,8,516,0,0,0,516
09/13/2014,RDU,NC,ASO,EN,Combined TRACON& Tower with Radar,200,61,53,7,321,0,0,1,0,1,200,61,54,7,322,0,0,0,322
09/14/2014,RDU,NC,ASO,EN,Combined TRACON& Tower with Radar,272,83,71,2,428,0,1,39,0,40,272,84,110,2,468,0,0,0,468
09/15/2014,RDU,NC,ASO,EN,Combined TRACON& Tower with Radar,289,92,80,8,469,0,0,17,5,22,289,92,97,13,491,32,0,32,523
09/16/2014,RDU,NC,ASO,EN,Combined TRACON& Tower with Radar,288,95,100,4,487,0,0,36,0,36,288,95,136,4,523,0,0,0,523
09/17/2014,RDU,NC,ASO,EN,Combined TRACON& Tower with Radar,293,103,73,2,471,0,0,39,0,39,293,103,112,2,510,28,0,28,538
09/18/2014,RDU,NC,ASO,EN,Combined TRACON& Tower with Radar,291,113,92,2,498,0,0,54,2,56,291,113,146,4,554,0,20,20,574
09/19/2014,RDU,NC,ASO,EN,Combined TRACON& Tower with Radar,300,127,99,13,539,0,0,60,3,63,300,127,159,16,602,0,0,0,602
09/20/2014,RDU,NC,ASO,EN,Combined TRACON& Tower with Radar,199,81,54,2,336,0,3,88,2,93,199,84,142,4,429,0,0,0,429
09/21/2014,RDU,NC,ASO,EN,Combined TRACON& Tower with Radar,269,87,53,10,419,0,0,84,1,85,269,87,137,11,504,0,0,0,504
09/22/2014,RDU,NC,ASO,EN,Combined TRACON& Tower with Radar,294,100,63,12,469,0,0,55,11,66,294,100,118,23,535,0,0,0,535
09/23/2014,RDU,NC,ASO,EN,Combined TRACON& Tower with Radar,298,103,81,5,487,0,1,39,21,61,298,104,120,26,548,0,0,0,548
09/24/2014,RDU,NC,ASO,EN,Combined TRACON& Tower with Radar,301,102,95,7,505,0,1,0,0,1,301,103,95,7,506,0,0,0,506
09/25/2014,RDU,NC,ASO,EN,Combined TRACON& Tower with Radar,292,108,110,8,518,0,0,4,4,8,292,108,114,12,526,0,0,0,526
09/26/2014,RDU,NC,ASO,EN,Combined TRACON& Tower with Radar,282,105,115,3,505,0,0,26,1,27,282,105,141,4,532,0,0,0,532
09/27/2014,RDU,NC,ASO,EN,Combined TRACON& Tower with Radar,198,54,49,0,301,0,1,72,0,73,198,55,121,0,374,32,0,32,406
09/28/2014,RDU,NC,ASO,EN,Combined TRACON& Tower with Radar,268,86,73,2,429,0,0,66,0,66,268,86,139,2,495,40,0,40,535
09/29/2014,RDU,NC,ASO,EN,Combined TRACON& Tower with Radar,291,88,85,4,468,0,0,6,14,20,291,88,91,18,488,0,54,54,542
09/30/2014,RDU,NC,ASO,EN,Combined TRACON& Tower with Radar,302,104,81,3,490,0,1,18,6,25,302,105,99,9,515,0,0,0,515
10/01/2014,RDU,NC,ASO,EN,Combined TRACON& Tower with Radar,301,108,101,10,520,0,0,44,18,62,301,108,145,28,582,0,0,0,582
10/02/2014,RDU,NC,ASO,EN,Combined TRACON& Tower with Radar,297,111,108,3,519,0,0,76,11,87,297,111,184,14,606,12,0,12,618
10/03/2014,RDU,NC,ASO,EN,Combined TRACON& Tower with Radar,302,105,73,6,486,0,1,43,6,50,302,106,116,12,536,0,0,0,536
10/04/2014,RDU,NC,ASO,EN,Combined TRACON& Tower with Radar,207,62,44,1,314,0,0,47,6,53,207,62,91,7,367,0,0,0,367
10/05/2014,RDU,NC,ASO,EN,Combined TRACON& Tower with Radar,275,103,73,1,452,0,1,69,4,74,275,104,142,5,526,0,0,0,526
10/06/2014,RDU,NC,ASO,EN,Combined TRACON& Tower with Radar,301,100,72,10,483,0,0,48,19,67,301,100,120,29,550,4,0,4,554
10/07/2014,RDU,NC,ASO,EN,Combined TRACON& Tower with Radar,296,110,88,15,509,0,2,53,17,72,296,112,141,32,581,30,0,30,611
10/08/2014,RDU,NC,ASO,EN,Combined TRACON& Tower with Radar,296,122,101,0,519,0,1,81,23,105,296,123,182,23,624,0,0,0,624
10/09/2014,RDU,NC,ASO,EN,Combined TRACON& Tower with Radar,303,121,105,3,532,0,1,64,19,84,303,122,169,22,616,0,0,0,616
10/10/2014,RDU,NC,ASO,EN,Combined TRACON& Tower with Radar,320,114,90,4,528,0,0,55,2,57,320,114,145,6,585,0,0,0,585
10/11/2014,RDU,NC,ASO,EN,Combined TRACON& Tower with Radar,225,69,46,1,341,0,0,39,2,41,225,69,85,3,382,0,0,0,382
10/12/2014,RDU,NC,ASO,EN,Combined TRACON& Tower with Radar,280,87,72,0,439,0,0,1,0,1,280,87,73,0,440,0,0,0,440
10/13/2014,RDU,NC,ASO,EN,Combined TRACON& Tower with Radar,299,84,91,0,474,0,0,37,0,37,299,84,128,0,511,0,0,0,511
10/14/2014,RDU,NC,ASO,EN,Combined TRACON& Tower with Radar,293,109,83,2,487,0,0,10,8,18,293,109,93,10,505,0,0,0,505
10/15/2014,RDU,NC,ASO,EN,Combined TRACON& Tower with Radar,301,101,72,0,474,0,0,16,7,23,301,101,88,7,497,0,0,0,497
10/16/2014,RDU,NC,ASO,EN,Combined TRACON& Tower with Radar,304,97,91,4,496,0,1,82,22,105,304,98,173,26,601,0,0,0,601
10/17/2014,RDU,NC,ASO,EN,Combined TRACON& Tower with Radar,316,105,85,0,506,0,3,82,2,87,316,108,167,2,593,0,0,0,593
10/18/2014,RDU,NC,ASO,EN,Combined TRACON& Tower with Radar,213,57,56,0,326,0,2,71,0,73,213,59,127,0,399,0,0,0,399
10/19/2014,RDU,NC,ASO,EN,Combined TRACON& Tower with Radar,274,103,65,1,443,0,2,83,0,85,274,105,148,1,528,20,0,20,548
10/20/2014,RDU,NC,ASO,EN,Combined TRACON& Tower with Radar,300,105,86,8,499,0,0,72,20,92,300,105,158,28,591,0,0,0,591
10/21/2014,RDU,NC,ASO,EN,Combined TRACON& Tower with Radar,297,106,86,8,497,0,0,43,6,49,297,106,129,14,546,0,0,0,546
10/22/2014,RDU,NC,ASO,EN,Combined TRACON& Tower with Radar,290,94,70,10,464,0,0,56,21,77,290,94,126,31,541,0,0,0,541
10/23/2014,RDU,NC,ASO,EN,Combined TRACON& Tower with Radar,293,118,103,8,522,0,1,40,10,51,293,119,143,18,573,0,0,0,573
10/24/2014,RDU,NC,ASO,EN,Combined TRACON& Tower with Radar,307,134,96,7,544,0,1,62,0,63,307,135,158,7,607,0,0,0,607
10/25/2014,RDU,NC,ASO,EN,Combined TRACON& Tower with Radar,208,70,47,2,327,0,1,77,0,78,208,71,124,2,405,0,0,0,405
10/26/2014,RDU,NC,ASO,EN,Combined TRACON& Tower with Radar,280,96,79,3,458,0,0,58,0,58,280,96,137,3,516,0,0,0,516
10/27/2014,RDU,NC,ASO,EN,Combined TRACON& Tower with Radar,293,99,62,2,456,0,1,36,30,67,293,100,98,32,523,0,0,0,523
10/28/2014,RDU,NC,ASO,EN,Combined TRACON& Tower with Radar,285,90,81,2,458,0,0,50,15,65,285,90,131,17,523,0,0,0,523
10/29/2014,RDU,NC,ASO,EN,Combined TRACON& Tower with Radar,288,95,107,3,493,0,0,58,4,62,288,95,165,7,555,0,0,0,555
10/30/2014,RDU,NC,ASO,EN,Combined TRACON& Tower with Radar,288,110,80,11,489,0,0,76,16,92,288,110,156,27,581,0,0,0,581
10/31/2014,RDU,NC,ASO,EN,Combined TRACON& Tower with Radar,299,101,82,1,483,0,1,76,1,78,299,102,158,2,561,0,0,0,561
11/01/2014,RDU,NC,ASO,EN,Combined TRACON& Tower with Radar,206,61,33,1,301,0,0,2,9,11,206,61,35,10,312,0,0,0,312
11/02/2014,RDU,NC,ASO,EN,Combined TRACON& Tower with Radar,265,96,39,5,405,0,0,34,1,35,265,96,73,6,440,0,0,0,440
11/03/2014,RDU,NC,ASO,EN,Combined TRACON& Tower with Radar,293,109,74,6,482,0,0,58,23,81,293,109,132,29,563,0,0,0,563
11/04/2014,RDU,NC,ASO,EN,Combined TRACON& Tower with Radar,280,78,74,2,434,0,0,66,12,78,280,78,140,14,512,0,0,0,512
11/05/2014,RDU,NC,ASO,EN,Combined TRACON& Tower with Radar,295,113,69,11,488,0,0,68,11,79,295,113,137,22,567,0,0,0,567
11/06/2014,RDU,NC,ASO,EN,Combined TRACON& Tower with Radar,281,119,84,16,500,0,0,21,9,30,281,119,105,25,530,0,0,0,530
11/07/2014,RDU,NC,ASO,EN,Combined TRACON& Tower with Radar,312,132,88,2,534,0,2,62,0,64,312,134,150,2,598,0,0,0,598
11/08/2014,RDU,NC,ASO,EN,Combined TRACON& Tower with Radar,208,69,51,1,329,0,0,98,1,99,208,69,149,2,428,6,0,6,434
11/09/2014,RDU,NC,ASO,EN,Combined TRACON& Tower with Radar,272,74,60,1,407,0,1,83,0,84,272,75,143,1,491,0,0,0,491
11/10/2014,RDU,NC,ASO,EN,Combined TRACON& Tower with Radar,290,90,80,1,461,0,1,69,2,72,290,91,149,3,533,0,0,0,533
11/11/2014,RDU,NC,ASO,EN,Combined TRACON& Tower with Radar,296,98,99,0,493,0,0,32,0,32,296,98,131,0,525,0,0,0,525
11/12/2014,RDU,NC,ASO,EN,Combined TRACON& Tower with Radar,290,107,98,0,495,0,0,73,9,82,290,107,171,9,577,0,0,0,577
11/13/2014,RDU,NC,ASO,EN,Combined TRACON& Tower with Radar,293,116,100,2,511,0,0,37,4,41,293,116,137,6,552,0,0,0,552
11/14/2014,RDU,NC,ASO,EN,Combined TRACON& Tower with Radar,307,120,76,0,503,0,0,67,5,72,307,120,143,5,575,0,0,0,575
11/15/2014,RDU,NC,ASO,EN,Combined TRACON& Tower with Radar,207,82,67,2,358,0,0,73,1,74,207,82,140,3,432,0,0,0,432
11/16/2014,RDU,NC,ASO,EN,Combined TRACON& Tower with Radar,276,83,69,4,432,0,0,37,6,43,276,83,106,10,475,0,0,0,475
11/17/2014,RDU,NC,ASO,EN,Combined TRACON& Tower with Radar,281,106,65,0,452,0,0,0,0,0,281,106,65,0,452,0,0,0,452
11/18/2014,RDU,NC,ASO,EN,Combined TRACON& Tower with Radar,293,92,65,2,452,0,2,61,17,80,293,94,126,19,532,0,0,0,532
11/19/2014,RDU,NC,ASO,EN,Combined TRACON& Tower with Radar,303,100,76,3,482,0,1,78,8,87,303,101,154,11,569,0,0,0,569
11/20/2014,RDU,NC,ASO,EN,Combined TRACON& Tower with Radar,304,111,102,3,520,0,1,78,15,94,304,112,180,18,614,0,0,0,614
11/21/2014,RDU,NC,ASO,EN,Combined TRACON& Tower with Radar,303,105,69,2,479,0,0,93,2,95,303,105,162,4,574,0,0,0,574
11/22/2014,RDU,NC,ASO,EN,Combined TRACON& Tower with Radar,203,61,53,4,321,0,1,86,1,88,203,62,139,5,409,0,0,0,409
11/23/2014,RDU,NC,ASO,EN,Combined TRACON& Tower with Radar,263,56,41,2,362,0,0,7,0,7,263,56,48,2,369,0,0,0,369
11/24/2014,RDU,NC,ASO,EN,Combined TRACON& Tower with Radar,259,77,58,8,402,0,0,18,4,22,259,77,76,12,424,0,6,6,430
11/25/2014,RDU,NC,ASO,EN,Combined TRACON& Tower with Radar,309,111,121,2,543,0,0,18,4,22,309,111,139,6,565,0,0,0,565
11/26/2014,RDU,NC,ASO,EN,Combined TRACON& Tower with Radar,302,110,62,0,474,0,1,2,0,3,302,111,64,0,477,0,0,0,477
11/27/2014,RDU,NC,ASO,EN,Combined TRACON& Tower with Radar,172,52,16,0,240,0,0,4,0,4,172,52,20,0,244,0,0,0,244
11/28/2014,RDU,NC,ASO,EN,Combined TRACON& Tower with Radar,202,70,29,0,301,0,1,40,0,41,202,71,69,0,342,0,0,0,342
11/29/2014,RDU,NC,ASO,EN,Combined TRACON& Tower with Radar,265,92,44,0,401,0,0,65,0,65,265,92,109,0,466,18,0,18,484
11/30/2014,RDU,NC,ASO,EN,Combined TRACON& Tower with Radar,311,110,103,0,524,0,0,69,0,69,311,110,172,0,593,0,0,0,593
12/01/2014,RDU,NC,ASO,EN,Combined TRACON& Tower with Radar,312,117,57,5,491,0,0,60,16,76,312,117,117,21,567,0,0,0,567
12/02/2014,RDU,NC,ASO,EN,Combined TRACON& Tower with Radar,293,112,66,0,471,0,0,1,0,1,293,112,67,0,472,0,0,0,472
12/03/2014,RDU,NC,ASO,EN,Combined TRACON& Tower with Radar,309,104,79,5,497,0,0,2,8,10,309,104,81,13,507,0,0,0,507
12/04/2014,RDU,NC,ASO,EN,Combined TRACON& Tower with Radar,313,96,78,7,494,0,0,46,18,64,313,96,124,25,558,0,0,0,558
12/05/2014,RDU,NC,ASO,EN,Combined TRACON& Tower with Radar,303,98,94,1,496,0,0,69,0,69,303,98,163,1,565,0,0,0,565
12/06/2014,RDU,NC,ASO,EN,Combined TRACON& Tower with Radar,209,50,41,8,308,0,0,0,0,0,209,50,41,8,308,0,0,0,308
12/07/2014,RDU,NC,ASO,EN,Combined TRACON& Tower with Radar,280,67,52,2,401,0,0,38,0,38,280,67,90,2,439,4,0,4,443
12/08/2014,RDU,NC,ASO,EN,Combined TRACON& Tower with Radar,292,97,55,5,449,0,0,12,7,19,292,97,67,12,468,6,16,22,490
12/09/2014,RDU,NC,ASO,EN,Combined TRACON& Tower with Radar,291,103,103,8,505,0,0,2,0,2,291,103,105,8,507,0,0,0,507
12/10/2014,RDU,NC,ASO,EN,Combined TRACON& Tower with Radar,298,116,82,8,504,0,0,54,10,64,298,116,136,18,568,0,0,0,568
12/11/2014,RDU,NC,ASO,EN,Combined TRACON& Tower with Radar,318,105,105,3,531,0,2,55,14,71,318,107,160,17,602,0,0,0,602
12/12/2014,RDU,NC,ASO,EN,Combined TRACON& Tower with Radar,308,89,72,15,484,0,0,62,9,71,308,89,134,24,555,0,0,0,555
12/13/2014,RDU,NC,ASO,EN,Combined TRACON& Tower with Radar,213,45,54,3,315,0,0,77,0,77,213,45,131,3,392,0,0,0,392
12/14/2014,RDU,NC,ASO,EN,Combined TRACON& Tower with Radar,279,69,83,8,439,0,3,90,0,93,279,72,173,8,532,0,0,0,532
12/15/2014,RDU,NC,ASO,EN,Combined TRACON& Tower with Radar,300,94,79,4,477,0,0,68,15,83,300,94,147,19,560,0,0,0,560
12/16/2014,RDU,NC,ASO,EN,Combined TRACON& Tower with Radar,303,76,98,1,478,0,0,7,2,9,303,76,105,3,487,0,22,22,509
12/17/2014,RDU,NC,ASO,EN,Combined TRACON& Tower with Radar,309,95,106,10,520,0,2,71,23,96,309,97,177,33,616,0,0,0,616
12/18/2014,RDU,NC,ASO,EN,Combined TRACON& Tower with Radar,317,94,79,4,494,0,0,53,0,53,317,94,132,4,547,0,0,0,547
12/19/2014,RDU,NC,ASO,EN,Combined TRACON& Tower with Radar,314,100,74,2,490,0,0,74,4,78,314,100,148,6,568,0,0,0,568
12/20/2014,RDU,NC,ASO,EN,Combined TRACON& Tower with Radar,265,62,39,1,367,0,1,9,2,12,265,63,48,3,379,0,0,0,379
12/21/2014,RDU,NC,ASO,EN,Combined TRACON& Tower with Radar,280,70,41,0,391,0,0,22,0,22,280,70,63,0,413,0,0,0,413
12/22/2014,RDU,NC,ASO,EN,Combined TRACON& Tower with Radar,294,79,36,0,409,0,0,0,0,0,294,79,36,0,409,0,0,0,409
12/23/2014,RDU,NC,ASO,EN,Combined TRACON& Tower with Radar,285,75,28,0,388,0,0,0,0,0,285,75,28,0,388,0,0,0,388
12/24/2014,RDU,NC,ASO,EN,Combined TRACON& Tower with Radar,235,61,9,0,305,0,0,0,0,0,235,61,9,0,305,0,0,0,305
12/25/2014,RDU,NC,ASO,EN,Combined TRACON& Tower with Radar,207,30,8,0,245,0,1,7,0,8,207,31,15,0,253,0,0,0,253
12/26/2014,RDU,NC,ASO,EN,Combined TRACON& Tower with Radar,286,76,37,1,400,0,0,59,0,59,286,76,96,1,459,0,0,0,459
12/27/2014,RDU,NC,ASO,EN,Combined TRACON& Tower with Radar,261,62,39,0,362,0,0,49,0,49,261,62,88,0,411,0,0,0,411
12/28/2014,RDU,NC,ASO,EN,Combined TRACON& Tower with Radar,272,75,34,0,381,0,0,4,0,4,272,75,38,0,385,0,0,0,385
12/29/2014,RDU,NC,ASO,EN,Combined TRACON& Tower with Radar,290,71,45,0,406,0,0,0,0,0,290,71,45,0,406,0,0,0,406
12/30/2014,RDU,NC,ASO,EN,Combined TRACON& Tower with Radar,296,72,22,2,392,0,0,6,59,65,296,72,28,61,457,0,0,0,457
12/31/2014,RDU,NC,ASO,EN,Combined TRACON& Tower with Radar,206,57,46,4,313,0,0,61,12,73,206,57,107,16,386,0,0,0,386
01/01/2015,RDU,NC,ASO,EN,Combined TRACON& Tower with Radar,206,38,22,0,266,0,2,48,0,50,206,40,70,0,316,0,0,0,316
01/02/2015,RDU,NC,ASO,EN,Combined TRACON& Tower with Radar,295,64,47,0,406,0,0,72,0,72,295,64,119,0,478,0,0,0,478
01/03/2015,RDU,NC,ASO,EN,Combined TRACON& Tower with Radar,236,55,60,0,351,0,0,0,0,0,236,55,60,0,351,0,0,0,351
01/04/2015,RDU,NC,ASO,EN,Combined TRACON& Tower with Radar,279,58,38,0,375,0,0,0,0,0,279,58,38,0,375,0,0,0,375
01/05/2015,RDU,NC,ASO,EN,Combined TRACON& Tower with Radar,286,76,56,5,423,0,1,56,20,77,286,77,112,25,500,0,0,0,500
01/06/2015,RDU,NC,ASO,EN,Combined TRACON& Tower with Radar,267,79,61,1,408,0,4,63,31,98,267,83,124,32,506,0,0,0,506
01/07/2015,RDU,NC,ASO,EN,Combined TRACON& Tower with Radar,285,76,54,0,415,0,0,32,15,47,285,76,86,15,462,0,0,0,462
01/08/2015,RDU,NC,ASO,EN,Combined TRACON& Tower with Radar,288,83,52,3,426,0,0,56,18,74,288,83,108,21,500,0,0,0,500
01/09/2015,RDU,NC,ASO,EN,Combined TRACON& Tower with Radar,278,91,69,1,439,0,2,63,3,68,278,93,132,4,507,0,0,0,507
01/10/2015,RDU,NC,ASO,EN,Combined TRACON& Tower with Radar,189,53,49,1,292,0,0,89,32,121,189,53,138,33,413,0,0,0,413
01/11/2015,RDU,NC,ASO,EN,Combined TRACON& Tower with Radar,247,68,48,4,367,0,0,68,15,83,247,68,116,19,450,0,0,0,450
01/12/2015,RDU,NC,ASO,EN,Combined TRACON& Tower with Radar,261,59,48,0,368,0,0,0,0,0,261,59,48,0,368,0,0,0,368
01/13/2015,RDU,NC,ASO,EN,Combined TRACON& Tower with Radar,280,91,53,3,427,0,0,0,0,0,280,91,53,3,427,0,0,0,427
01/14/2015,RDU,NC,ASO,EN,Combined TRACON& Tower with Radar,268,83,52,0,403,0,0,0,0,0,268,83,52,0,403,0,0,0,403
01/15/2015,RDU,NC,ASO,EN,Combined TRACON& Tower with Radar,281,88,79,1,449,0,0,10,20,30,281,88,89,21,479,0,0,0,479
01/16/2015,RDU,NC,ASO,EN,Combined TRACON& Tower with Radar,291,97,83,4,475,0,0,94,2,96,291,97,177,6,571,0,0,0,571
01/17/2015,RDU,NC,ASO,EN,Combined TRACON& Tower with Radar,181,47,33,0,261,0,0,126,0,126,181,47,159,0,387,0,0,0,387
01/18/2015,RDU,NC,ASO,EN,Combined TRACON& Tower with Radar,210,47,26,1,284,0,0,23,0,23,210,47,49,1,307,0,0,0,307
01/19/2015,RDU,NC,ASO,EN,Combined TRACON& Tower with Radar,269,94,64,0,427,0,1,70,0,71,269,95,134,0,498,0,0,0,498
01/20/2015,RDU,NC,ASO,EN,Combined TRACON& Tower with Radar,277,79,79,13,448,0,0,90,16,106,277,79,169,29,554,0,0,0,554
01/21/2015,RDU,NC,ASO,EN,Combined TRACON& Tower with Radar,282,74,61,2,419,0,0,54,17,71,282,74,115,19,490,0,0,0,490
01/22/2015,RDU,NC,ASO,EN,Combined TRACON& Tower with Radar,282,92,73,1,448,0,0,62,17,79,282,92,135,18,527,0,0,0,527
01/23/2015,RDU,NC,ASO,EN,Combined TRACON& Tower with Radar,285,85,42,0,412,0,0,21,4,25,285,85,63,4,437,0,0,0,437
01/24/2015,RDU,NC,ASO,EN,Combined TRACON& Tower with Radar,188,64,30,2,284,0,0,9,0,9,188,64,39,2,293,24,0,24,317
01/25/2015,RDU,NC,ASO,EN,Combined TRACON& Tower with Radar,251,71,58,3,383,0,0,96,0,96,251,71,154,3,479,0,0,0,479
01/26/2015,RDU,NC,ASO,EN,Combined TRACON& Tower with Radar,227,70,55,5,357,0,0,3,5,8,227,70,58,10,365,25,15,40,405
01/27/2015,RDU,NC,ASO,EN,Combined TRACON& Tower with Radar,195,61,53,2,311,0,0,46,22,68,195,61,99,24,379,0,0,0,379
01/28/2015,RDU,NC,ASO,EN,Combined TRACON& Tower with Radar,261,81,84,2,428,0,8,84,12,104,261,89,168,14,532,0,0,0,532
01/29/2015,RDU,NC,ASO,EN,Combined TRACON& Tower with Radar,288,87,59,7,441,0,0,64,14,78,288,87,123,21,519,0,0,0,519
01/30/2015,RDU,NC,ASO,EN,Combined TRACON& Tower with Radar,288,102,53,11,454,0,2,46,1,49,288,104,99,12,503,0,0,0,503
01/31/2015,RDU,NC,ASO,EN,Combined TRACON& Tower with Radar,185,54,45,1,285,0,0,90,1,91,185,54,135,2,376,0,0,0,376
02/01/2015,RDU,NC,ASO,EN,Combined TRACON& Tower with Radar,190,53,50,1,294,0,0,51,0,51,190,53,101,1,345,0,0,0,345
02/02/2015,RDU,NC,ASO,EN,Combined TRACON& Tower with Radar,218,72,57,3,350,0,0,3,8,11,218,72,60,11,361,0,0,0,361
02/03/2015,RDU,NC,ASO,EN,Combined TRACON& Tower with Radar,255,89,73,2,419,0,1,88,19,108,255,90,161,21,527,0,0,0,527
02/04/2015,RDU,NC,ASO,EN,Combined TRACON& Tower with Radar,277,82,92,0,451,0,0,88,23,111,277,82,180,23,562,10,0,10,572
02/05/2015,RDU,NC,ASO,EN,Combined TRACON& Tower with Radar,279,98,69,2,448,0,1,34,11,46,279,99,103,13,494,0,0,0,494
02/06/2015,RDU,NC,ASO,EN,Combined TRACON& Tower with Radar,287,88,81,15,471,0,0,76,29,105,287,88,157,44,576,0,0,0,576
02/07/2015,RDU,NC,ASO,EN,Combined TRACON& Tower with Radar,188,70,71,7,336,0,1,75,24,100,188,71,146,31,436,0,0,0,436
02/08/2015,RDU,NC,ASO,EN,Combined TRACON& Tower with Radar,235,77,44,7,363,0,1,59,4,64,235,78,103,11,427,0,0,0,427
02/09/2015,RDU,NC,ASO,EN,Combined TRACON& Tower with Radar,234,75,61,1,371,0,1,28,2,31,234,76,89,3,402,0,0,0,402
02/10/2015,RDU,NC,ASO,EN,Combined TRACON& Tower with Radar,269,94,46,3,412,0,0,12,4,16,269,94,58,7,428,0,0,0,428
02/11/2015,RDU,NC,ASO,EN,Combined TRACON& Tower with Radar,286,89,80,4,459,0,0,68,18,86,286,89,148,22,545,0,0,0,545
02/12/2015,RDU,NC,ASO,EN,Combined TRACON& Tower with Radar,282,101,76,3,462,0,0,44,9,53,282,101,120,12,515,0,0,0,515
02/13/2015,RDU,NC,ASO,EN,Combined TRACON& Tower with Radar,286,93,66,7,452,0,1,96,0,97,286,94,162,7,549,0,0,0,549
02/14/2015,RDU,NC,ASO,EN,Combined TRACON& Tower with Radar,189,50,22,4,265,0,4,49,2,55,189,54,71,6,320,12,0,12,332
02/15/2015,RDU,NC,ASO,EN,Combined TRACON& Tower with Radar,215,66,34,0,315,0,2,19,0,21,215,68,53,0,336,0,0,0,336
02/16/2015,RDU,NC,ASO,EN,Combined TRACON& Tower with Radar,195,75,49,2,321,0,0,30,2,32,195,75,79,4,353,12,0,12,365
02/17/2015,RDU,NC,ASO,EN,Combined TRACON& Tower with Radar,186,87,31,0,304,0,1,13,0,14,186,88,44,0,318,0,0,0,318
02/18/2015,RDU,NC,ASO,EN,Combined TRACON& Tower with Radar,276,132,89,12,509,0,0,14,0,14,276,132,103,12,523,0,0,0,523
02/19/2015,RDU,NC,ASO,EN,Combined TRACON& Tower with Radar,271,122,97,3,493,0,0,35,2,37,271,122,132,5,530,0,0,0,530
02/20/2015,RDU,NC,ASO,EN,Combined TRACON& Tower with Radar,280,96,60,1,437,0,1,69,2,72,280,97,129,3,509,0,0,0,509
02/21/2015,RDU,NC,ASO,EN,Combined TRACON& Tower with Radar,195,57,46,0,298,0,0,26,0,26,195,57,72,0,324,70,0,70,394
02/22/2015,RDU,NC,ASO,EN,Combined TRACON& Tower with Radar,251,83,78,2,414,0,0,37,0,37,251,83,115,2,451,0,0,0,451
02/23/2015,RDU,NC,ASO,EN,Combined TRACON& Tower with Radar,265,90,51,2,408,0,0,8,2,10,265,90,59,4,418,0,0,0,418
02/24/2015,RDU,NC,ASO,EN,Combined TRACON& Tower with Radar,228,89,57,0,374,0,0,1,0,1,228,89,58,0,375,0,0,0,375
02/25/2015,RDU,NC,ASO,EN,Combined TRACON& Tower with Radar,217,74,92,1,384,0,1,46,9,56,217,75,138,10,440,0,0,0,440
02/26/2015,RDU,NC,ASO,EN,Combined TRACON& Tower with Radar,185,71,32,0,288,0,0,10,0,10,185,71,42,0,298,0,0,0,298
02/27/2015,RDU,NC,ASO,EN,Combined TRACON& Tower with Radar,286,113,65,0,464,0,3,48,1,52,286,116,113,1,516,0,0,0,516
02/28/2015,RDU,NC,ASO,EN,Combined TRACON& Tower with Radar,201,81,68,1,351,0,1,67,2,70,201,82,135,3,421,0,0,0,421
03/01/2015,RDU,NC,ASO,EN,Combined TRACON& Tower with Radar,200,78,37,0,315,0,0,4,0,4,200,78,41,0,319,0,0,0,319
03/02/2015,RDU,NC,ASO,EN,Combined TRACON& Tower with Radar,262,98,57,13,430,0,1,51,12,64,262,99,108,25,494,10,10,20,514
03/03/2015,RDU,NC,ASO,EN,Combined TRACON& Tower with Radar,261,111,105,0,477,0,0,4,0,4,261,111,109,0,481,0,0,0,481
03/04/2015,RDU,NC,ASO,EN,Combined TRACON& Tower with Radar,257,102,82,1,442,0,0,19,12,31,257,102,101,13,473,0,0,0,473
03/05/2015,RDU,NC,ASO,EN,Combined TRACON& Tower with Radar,195,83,55,2,335,0,0,0,0,0,195,83,55,2,335,0,0,0,335
03/06/2015,RDU,NC,ASO,EN,Combined TRACON& Tower with Radar,273,114,85,8,480,0,0,107,33,140,273,114,192,41,620,4,0,4,624
03/07/2015,RDU,NC,ASO,EN,Combined TRACON& Tower with Radar,205,74,37,3,319,0,0,119,26,145,205,74,156,29,464,0,0,0,464
03/08/2015,RDU,NC,ASO,EN,Combined TRACON& Tower with Radar,265,87,85,5,442,0,0,85,6,91,265,87,170,11,533,0,0,0,533
03/09/2015,RDU,NC,ASO,EN,Combined TRACON& Tower with Radar,288,82,72,6,448,0,0,56,24,80,288,82,128,30,528,0,18,18,546
03/10/2015,RDU,NC,ASO,EN,Combined TRACON& Tower with Radar,278,91,77,9,455,0,0,33,30,63,278,91,110,39,518,0,0,0,518
03/11/2015,RDU,NC,ASO,EN,Combined TRACON& Tower with Radar,277,91,91,3,462,0,0,21,21,42,277,91,112,24,504,0,0,0,504
03/12/2015,RDU,NC,ASO,EN,Combined TRACON& Tower with Radar,288,99,70,12,469,0,0,75,22,97,288,99,145,34,566,0,0,0,566
03/13/2015,RDU,NC,ASO,EN,Combined TRACON& Tower with Radar,287,106,74,2,469,0,0,57,7,64,287,106,131,9,533,4,0,4,537
03/14/2015,RDU,NC,ASO,EN,Combined TRACON& Tower with Radar,207,67,36,2,312,0,0,1,0,1,207,67,37,2,313,0,0,0,313
03/15/2015,RDU,NC,ASO,EN,Combined TRACON& Tower with Radar,251,68,58,0,377,0,0,75,0,75,251,68,133,0,452,0,0,0,452
03/16/2015,RDU,NC,ASO,EN,Combined TRACON& Tower with Radar,287,107,80,2,476,0,2,68,22,92,287,109,148,24,568,0,0,0,568
03/17/2015,RDU,NC,ASO,EN,Combined TRACON& Tower with Radar,283,88,92,8,471,0,0,65,15,80,283,88,157,23,551,0,0,0,551
03/18/2015,RDU,NC,ASO,EN,Combined TRACON& Tower with Radar,279,91,78,5,453,0,2,84,23,109,279,93,162,28,562,12,0,12,574
03/19/2015,RDU,NC,ASO,EN,Combined TRACON& Tower with Radar,293,107,102,5,507,0,0,24,2,26,293,107,126,7,533,0,0,0,533
03/20/2015,RDU,NC,ASO,EN,Combined TRACON& Tower with Radar,272,93,92,1,458,0,0,5,0,5,272,93,97,1,463,0,0,0,463
03/21/2015,RDU,NC,ASO,EN,Combined TRACON& Tower with Radar,218,59,66,2,345,0,0,121,9,130,218,59,187,11,475,0,0,0,475
03/22/2015,RDU,NC,ASO,EN,Combined TRACON& Tower with Radar,270,79,51,0,400,0,0,74,0,74,270,79,125,0,474,0,0,0,474
03/23/2015,RDU,NC,ASO,EN,Combined TRACON& Tower with Radar,279,107,60,3,449,0,0,50,10,60,279,107,110,13,509,0,0,0,509
03/24/2015,RDU,NC,ASO,EN,Combined TRACON& Tower with Radar,279,93,88,2,462,0,2,62,15,79,279,95,150,17,541,0,0,0,541
03/25/2015,RDU,NC,ASO,EN,Combined TRACON& Tower with Radar,287,95,114,4,500,0,0,20,23,43,287,95,134,27,543,0,0,0,543
03/26/2015,RDU,NC,ASO,EN,Combined TRACON& Tower with Radar,275,103,83,5,466,0,0,27,18,45,275,103,110,23,511,0,0,0,511
03/27/2015,RDU,NC,ASO,EN,Combined TRACON& Tower with Radar,295,105,86,5,491,0,0,3,0,3,295,105,89,5,494,0,0,0,494
03/28/2015,RDU,NC,ASO,EN,Combined TRACON& Tower with Radar,212,68,48,2,330,0,1,43,3,47,212,69,91,5,377,0,0,0,377
03/29/2015,RDU,NC,ASO,EN,Combined TRACON& Tower with Radar,270,79,66,6,421,0,0,88,0,88,270,79,154,6,509,10,0,10,519
03/30/2015,RDU,NC,ASO,EN,Combined TRACON& Tower with Radar,287,102,61,3,453,0,0,24,19,43,287,102,85,22,496,0,0,0,496
03/31/2015,RDU,NC,ASO,EN,Combined TRACON& Tower with Radar,283,101,57,5,446,0,1,81,31,113,283,102,138,36,559,0,0,0,559
04/01/2015,RDU,NC,ASO,EN,Combined TRACON& Tower with Radar,274,118,82,0,474,0,0,77,23,100,274,118,159,23,574,0,0,0,574
04/02/2015,RDU,NC,ASO,EN,Combined TRACON& Tower with Radar,286,105,89,6,486,0,1,76,20,97,286,106,165,26,583,0,0,0,583
04/03/2015,RDU,NC,ASO,EN,Combined TRACON& Tower with Radar,290,101,63,5,459,0,0,17,0,17,290,101,80,5,476,0,0,0,476
04/04/2015,RDU,NC,ASO,EN,Combined TRACON& Tower with Radar,212,63,23,0,298,0,1,86,0,87,212,64,109,0,385,0,0,0,385
04/05/2015,RDU,NC,ASO,EN,Combined TRACON& Tower with Radar,237,71,37,1,346,0,0,81,0,81,237,71,118,1,427,10,0,10,437
04/06/2015,RDU,NC,ASO,EN,Combined TRACON& Tower with Radar,277,88,74,4,443,0,0,68,10,78,277,88,142,14,521,12,0,12,533
04/07/2015,RDU,NC,ASO,EN,Combined TRACON& Tower with Radar,295,93,92,2,482,0,0,16,2,18,295,93,108,4,500,0,0,0,500
04/08/2015,RDU,NC,ASO,EN,Combined TRACON& Tower with Radar,288,93,92,0,473,0,0,54,14,68,288,93,146,14,541,0,0,0,541
04/09/2015,RDU,NC,ASO,EN,Combined TRACON& Tower with Radar,298,109,106,3,516,0,0,12,0,12,298,109,118,3,528,0,0,0,528
04/10/2015,RDU,NC,ASO,EN,Combined TRACON& Tower with Radar,315,93,77,3,488,0,0,25,5,30,315,93,102,8,518,0,0,0,518
04/11/2015,RDU,NC,ASO,EN,Combined TRACON& Tower with Radar,213,62,58,1,334,0,1,83,8,92,213,63,141,9,426,14,0,14,440
04/12/2015,RDU,NC,ASO,EN,Combined TRACON& Tower with Radar,270,73,56,4,403,0,1,92,2,95,270,74,148,6,498,8,6,14,512
04/13/2015,RDU,NC,ASO,EN,Combined TRACON& Tower with Radar,300,97,65,35,497,0,0,73,6,79,300,97,138,41,576,0,0,0,576
04/14/2015,RDU,NC,ASO,EN,Combined TRACON& Tower with Radar,295,89,83,16,483,0,0,10,0,10,295,89,93,16,493,0,0,0,493
04/15/2015,RDU,NC,ASO,EN,Combined TRACON& Tower with Radar,294,85,79,3,461,0,0,8,11,19,294,85,87,14,480,0,0,0,480
04/16/2015,RDU,NC,ASO,EN,Combined TRACON& Tower with Radar,298,101,100,2,501,0,1,21,5,27,298,102,121,7,528,0,0,0,528
04/17/2015,RDU,NC,ASO,EN,Combined TRACON& Tower with Radar,309,111,103,1,524,0,0,32,5,37,309,111,135,6,561,4,0,4,565
04/18/2015,RDU,NC,ASO,EN,Combined TRACON& Tower with Radar,208,61,68,0,337,0,0,70,2,72,208,61,138,2,409,0,0,0,409
04/19/2015,RDU,NC,ASO,EN,Combined TRACON& Tower with Radar,270,76,56,2,404,0,0,0,0,0,270,76,56,2,404,0,0,0,404
04/20/2015,RDU,NC,ASO,EN,Combined TRACON& Tower with Radar,276,91,79,6,452,0,0,12,0,12,276,91,91,6,464,0,0,0,464
04/21/2015,RDU,NC,ASO,EN,Combined TRACON& Tower with Radar,298,81,86,3,468,0,2,106,6,114,298,83,192,9,582,0,0,0,582
04/22/2015,RDU,NC,ASO,EN,Combined TRACON& Tower with Radar,289,95,92,5,481,0,0,69,6,75,289,95,161,11,556,0,0,0,556
04/23/2015,RDU,NC,ASO,EN,Combined TRACON& Tower with Radar,308,122,85,6,521,0,0,80,7,87,308,122,165,13,608,0,0,0,608
04/24/2015,RDU,NC,ASO,EN,Combined TRACON& Tower with Radar,303,101,90,2,496,0,0,102,5,107,303,101,192,7,603,0,0,0,603
04/25/2015,RDU,NC,ASO,EN,Combined TRACON& Tower with Radar,214,67,67,10,358,0,0,21,0,21,214,67,88,10,379,0,0,0,379
04/26/2015,RDU,NC,ASO,EN,Combined TRACON& Tower with Radar,269,70,94,0,433,0,1,5,0,6,269,71,99,0,439,0,0,0,439
04/27/2015,RDU,NC,ASO,EN,Combined TRACON& Tower with Radar,294,86,47,4,431,0,0,94,8,102,294,86,141,12,533,0,0,0,533
04/28/2015,RDU,NC,ASO,EN,Combined TRACON& Tower with Radar,303,84,77,8,472,0,2,68,23,93,303,86,145,31,565,6,0,6,571
04/29/2015,RDU,NC,ASO,EN,Combined TRACON& Tower with Radar,293,82,80,5,460,0,0,74,23,97,293,82,154,28,557,0,0,0,557
04/30/2015,RDU,NC,ASO,EN,Combined TRACON& Tower with Radar,306,100,78,9,493,0,2,42,11,55,306,102,120,20,548,0,0,0,548
05/01/2015,RDU,NC,ASO,EN,Combined TRACON& Tower with Radar,317,91,66,5,479,0,0,14,1,15,317,91,80,6,494,0,0,0,494
05/02/2015,RDU,NC,ASO,EN,Combined TRACON& Tower with Radar,219,60,39,3,321,0,1,122,7,130,219,61,161,10,451,12,0,12,463
05/03/2015,RDU,NC,ASO,EN,Combined TRACON& Tower with Radar,276,74,75,0,425,0,3,92,2,97,276,77,167,2,522,52,0,52,574
05/04/2015,RDU,NC,ASO,EN,Combined TRACON& Tower with Radar,304,90,68,0,462,0,2,76,16,94,304,92,144,16,556,0,0,0,556
05/05/2015,RDU,NC,ASO,EN,Combined TRACON& Tower with Radar,300,102,76,6,484,0,2,71,19,92,300,104,147,25,576,10,0,10,586
05/06/2015,RDU,NC,ASO,EN,Combined TRACON& Tower with Radar,301,86,69,4,460,0,1,98,29,128,301,87,167,33,588,0,0,0,588
05/07/2015,RDU,NC,ASO,EN,Combined TRACON& Tower with Radar,320,117,93,11,541,0,0,71,19,90,320,117,164,30,631,0,4,4,635
05/08/2015,RDU,NC,ASO,EN,Combined TRACON& Tower with Radar,314,111,107,1,533,0,1,59,13,73,314,112,166,14,606,0,0,0,606
05/09/2015,RDU,NC,ASO,EN,Combined TRACON& Tower with Radar,221,75,58,0,354,0,0,20,0,20,221,75,78,0,374,0,0,0,374
05/10/2015,RDU,NC,ASO,EN,Combined TRACON& Tower with Radar,251,91,82,0,424,0,0,0,0,0,251,91,82,0,424,0,0,0,424
05/11/2015,RDU,NC,ASO,EN,Combined TRACON& Tower with Radar,301,93,107,6,507,0,0,46,21,67,301,93,153,27,574,0,0,0,574
05/12/2015,RDU,NC,ASO,EN,Combined TRACON& Tower with Radar,307,88,91,0,486,0,0,62,16,78,307,88,153,16,564,0,0,0,564
05/13/2015,RDU,NC,ASO,EN,Combined TRACON& Tower with Radar,298,86,65,3,452,0,0,102,15,117,298,86,167,18,569,0,0,0,569
05/14/2015,RDU,NC,ASO,EN,Combined TRACON& Tower with Radar,311,103,92,5,511,0,0,81,9,90,311,103,173,14,601,6,0,6,607
05/15/2015,RDU,NC,ASO,EN,Combined TRACON& Tower with Radar,306,95,94,3,498,0,0,50,0,50,306,95,144,3,548,0,0,0,548
05/16/2015,RDU,NC,ASO,EN,Combined TRACON& Tower with Radar,229,53,52,2,336,0,0,55,0,55,229,53,107,2,391,30,0,30,421
05/17/2015,RDU,NC,ASO,EN,Combined TRACON& Tower with Radar,283,67,44,0,394,0,2,77,0,79,283,69,121,0,473,40,0,40,513
05/18/2015,RDU,NC,ASO,EN,Combined TRACON& Tower with Radar,292,85,64,4,445,0,1,67,9,77,292,86,131,13,522,20,0,20,542
05/19/2015,RDU,NC,ASO,EN,Combined TRACON& Tower with Radar,311,85,86,5,487,0,0,40,8,48,311,85,126,13,535,0,0,0,535
05/20/2015,RDU,NC,ASO,EN,Combined TRACON& Tower with Radar,296,100,75,1,472,0,0,121,17,138,296,100,196,18,610,0,0,0,610
05/21/2015,RDU,NC,ASO,EN,Combined TRACON& Tower with Radar,311,100,112,1,524,0,0,10,14,24,311,100,122,15,548,16,0,16,564
05/22/2015,RDU,NC,ASO,EN,Combined TRACON& Tower with Radar,324,90,97,1,512,0,1,107,8,116,324,91,204,9,628,0,0,0,628
05/23/2015,RDU,NC,ASO,EN,Combined TRACON& Tower with Radar,213,52,26,0,291,0,0,90,0,90,213,52,116,0,381,0,0,0,381
05/24/2015,RDU,NC,ASO,EN,Combined TRACON& Tower with Radar,223,47,31,0,301,0,1,72,0,73,223,48,103,0,374,0,0,0,374
05/25/2015,RDU,NC,ASO,EN,Combined TRACON& Tower with Radar,273,71,52,0,396,0,3,89,0,92,273,74,141,0,488,0,0,0,488
05/26/2015,RDU,NC,ASO,EN,Combined TRACON& Tower with Radar,288,89,91,1,469,0,1,60,12,73,288,90,151,13,542,0,0,0,542
05/27/2015,RDU,NC,ASO,EN,Combined TRACON& Tower with Radar,288,82,92,1,463,0,0,27,20,47,288,82,119,21,510,0,0,0,510
05/28/2015,RDU,NC,ASO,EN,Combined TRACON& Tower with Radar,318,89,101,8,516,0,1,22,9,32,318,90,123,17,548,0,0,0,548
05/29/2015,RDU,NC,ASO,EN,Combined TRACON& Tower with Radar,317,99,73,0,489,0,1,55,1,57,317,100,128,1,546,0,0,0,546
05/30/2015,RDU,NC,ASO,EN,Combined TRACON& Tower with Radar,220,57,36,0,313,0,0,54,1,55,220,57,90,1,368,0,0,0,368
05/31/2015,RDU,NC,ASO,EN,Combined TRACON& Tower with Radar,248,70,40,1,359,0,0,53,2,55,248,70,93,3,414,0,0,0,414
06/01/2015,RDU,NC,ASO,EN,Combined TRACON& Tower with Radar,281,83,91,3,458,0,0,37,2,39,281,83,128,5,497,0,0,0,497
06/02/2015,RDU,NC,ASO,EN,Combined TRACON& Tower with Radar,301,90,73,2,466,0,0,11,0,11,301,90,84,2,477,0,0,0,477
06/03/2015,RDU,NC,ASO,EN,Combined TRACON& Tower with Radar,306,90,89,3,488,0,0,0,0,0,306,90,89,3,488,0,0,0,488
06/04/2015,RDU,NC,ASO,EN,Combined TRACON& Tower with Radar,303,110,69,4,486,0,0,2,0,2,303,110,71,4,488,0,0,0,488
06/05/2015,RDU,NC,ASO,EN,Combined TRACON& Tower with Radar,317,97,99,4,517,0,0,24,3,27,317,97,123,7,544,0,0,0,544
06/06/2015,RDU,NC,ASO,EN,Combined TRACON& Tower with Radar,225,58,41,2,326,0,0,71,11,82,225,58,112,13,408,0,0,0,408
06/07/2015,RDU,NC,ASO,EN,Combined TRACON& Tower with Radar,284,79,51,2,416,0,0,62,1,63,284,79,113,3,479,20,0,20,499
06/08/2015,RDU,NC,ASO,EN,Combined TRACON& Tower with Radar,306,89,79,22,496,0,0,41,0,41,306,89,120,22,537,0,0,0,537
06/09/2015,RDU,NC,ASO,EN,Combined TRACON& Tower with Radar,306,87,97,12,502,0,0,27,27,54,306,87,124,39,556,0,0,0,556
06/10/2015,RDU,NC,ASO,EN,Combined TRACON& Tower with Radar,299,92,92,11,494,0,0,69,19,88,299,92,161,30,582,0,0,0,582
06/11/2015,RDU,NC,ASO,EN,Combined TRACON& Tower with Radar,307,109,68,3,487,0,1,72,11,84,307,110,140,14,571,0,0,0,571
06/12/2015,RDU,NC,ASO,EN,Combined TRACON& Tower with Radar,313,97,79,6,495,0,1,59,4,64,313,98,138,10,559,20,0,20,579
06/13/2015,RDU,NC,ASO,EN,Combined TRACON& Tower with Radar,253,57,35,2,347,0,0,64,6,70,253,57,99,8,417,10,0,10,427
06/14/2015,RDU,NC,ASO,EN,Combined TRACON& Tower with Radar,286,55,43,1,385,0,0,46,0,46,286,55,89,1,431,20,0,20,451
06/15/2015,RDU,NC,ASO,EN,Combined TRACON& Tower with Radar,292,95,85,12,484,0,0,73,0,73,292,95,158,12,557,16,0,16,573
06/16/2015,RDU,NC,ASO,EN,Combined TRACON& Tower with Radar,301,88,86,0,475,0,1,77,15,93,301,89,163,15,568,0,0,0,568
06/17/2015,RDU,NC,ASO,EN,Combined TRACON& Tower with Radar,303,104,82,0,489,0,2,76,31,109,303,106,158,31,598,0,0,0,598
06/18/2015,RDU,NC,ASO,EN,Combined TRACON& Tower with Radar,285,89,85,0,459,0,0,72,16,88,285,89,157,16,547,0,0,0,547
06/19/2015,RDU,NC,ASO,EN,Combined TRACON& Tower with Radar,331,99,82,7,519,0,1,51,2,54,331,100,133,9,573,0,0,0,573
06/20/2015,RDU,NC,ASO,EN,Combined TRACON& Tower with Radar,250,53,29,0,332,0,0,60,2,62,250,53,89,2,394,0,0,0,394
06/21/2015,RDU,NC,ASO,EN,Combined TRACON& Tower with Radar,293,66,47,1,407,0,2,65,1,68,293,68,112,2,475,0,0,0,475
06/22/2015,RDU,NC,ASO,EN,Combined TRACON& Tower with Radar,302,93,84,1,480,0,0,70,16,86,302,93,154,17,566,0,0,0,566
06/23/2015,RDU,NC,ASO,EN,Combined TRACON& Tower with Radar,291,72,77,3,443,0,0,66,21,87,291,72,143,24,530,0,0,0,530
06/24/2015,RDU,NC,ASO,EN,Combined TRACON& Tower with Radar,296,88,75,3,462,0,1,81,19,101,296,89,156,22,563,0,0,0,563
06/25/2015,RDU,NC,ASO,EN,Combined TRACON& Tower with Radar,311,91,95,2,499,0,0,52,7,59,311,91,147,9,558,0,0,0,558
06/26/2015,RDU,NC,ASO,EN,Combined TRACON& Tower with Radar,311,104,42,3,460,0,0,69,0,69,311,104,111,3,529,0,0,0,529
06/27/2015,RDU,NC,ASO,EN,Combined TRACON& Tower with Radar,248,47,48,0,343,0,0,12,0,12,248,47,60,0,355,0,0,0,355
06/28/2015,RDU,NC,ASO,EN,Combined TRACON& Tower with Radar,286,69,44,1,400,0,1,85,1,87,286,70,129,2,487,0,0,0,487
06/29/2015,RDU,NC,ASO,EN,Combined TRACON& Tower with Radar,291,71,79,1,442,0,0,75,15,90,291,71,154,16,532,0,0,0,532
06/30/2015,RDU,NC,ASO,EN,Combined TRACON& Tower with Radar,309,86,101,1,497,0,0,77,13,90,309,86,178,14,587,4,0,4,591
07/01/2015,RDU,NC,ASO,EN,Combined TRACON& Tower with Radar,313,99,78,15,505,0,0,62,9,71,313,99,140,24,576,0,0,0,576
07/02/2015,RDU,NC,ASO,EN,Combined TRACON& Tower with Radar,328,110,96,0,534,0,1,47,1,49,328,111,143,1,583,0,0,0,583
07/03/2015,RDU,NC,ASO,EN,Combined TRACON& Tower with Radar,247,63,55,0,365,0,0,2,0,2,247,63,57,0,367,0,0,0,367
07/04/2015,RDU,NC,ASO,EN,Combined TRACON& Tower with Radar,199,43,24,0,266,0,1,28,0,29,199,44,52,0,295,0,0,0,295
07/05/2015,RDU,NC,ASO,EN,Combined TRACON& Tower with Radar,284,68,45,0,397,0,0,29,0,29,284,68,74,0,426,18,0,18,444
07/06/2015,RDU,NC,ASO,EN,Combined TRACON& Tower with Radar,310,84,68,0,462,0,0,46,19,65,310,84,114,19,527,0,0,0,527
07/07/2015,RDU,NC,ASO,EN,Combined TRACON& Tower with Radar,297,85,34,0,416,0,0,88,18,106,297,85,122,18,522,0,0,0,522
07/08/2015,RDU,NC,ASO,EN,Combined TRACON& Tower with Radar,304,81,71,3,459,0,0,66,12,78,304,81,137,15,537,0,0,0,537
07/09/2015,RDU,NC,ASO,EN,Combined TRACON& Tower with Radar,310,84,72,6,472,0,1,95,16,112,310,85,167,22,584,0,0,0,584
07/10/2015,RDU,NC,ASO,EN,Combined TRACON& Tower with Radar,327,94,70,3,494,0,0,56,1,57,327,94,126,4,551,0,0,0,551
07/11/2015,RDU,NC,ASO,EN,Combined TRACON& Tower with Radar,242,54,35,1,332,0,0,73,2,75,242,54,108,3,407,0,0,0,407
07/12/2015,RDU,NC,ASO,EN,Combined TRACON& Tower with Radar,288,85,54,5,432,0,2,42,0,44,288,87,96,5,476,14,0,14,490
07/13/2015,RDU,NC,ASO,EN,Combined TRACON& Tower with Radar,303,78,69,1,451,0,0,16,4,20,303,78,85,5,471,14,0,14,485
07/14/2015,RDU,NC,ASO,EN,Combined TRACON& Tower with Radar,290,84,79,20,473,0,0,41,22,63,290,84,120,42,536,0,8,8,544
07/15/2015,RDU,NC,ASO,EN,Combined TRACON& Tower with Radar,305,91,69,4,469,0,1,70,13,84,305,92,139,17,553,0,0,0,553
07/16/2015,RDU,NC,ASO,EN,Combined TRACON& Tower with Radar,318,100,74,7,499,0,0,68,13,81,318,100,142,20,580,10,0,10,590
07/17/2015,RDU,NC,ASO,EN,Combined TRACON& Tower with Radar,309,95,75,1,480,0,1,60,2,63,309,96,135,3,543,0,0,0,543
07/18/2015,RDU,NC,ASO,EN,Combined TRACON& Tower with Radar,238,60,16,1,315,0,1,52,1,54,238,61,68,2,369,0,0,0,369
07/19/2015,RDU,NC,ASO,EN,Combined TRACON& Tower with Radar,292,74,52,1,419,0,1,51,0,52,292,75,103,1,471,6,0,6,477
07/20/2015,RDU,NC,ASO,EN,Combined TRACON& Tower with Radar,307,78,56,4,445,0,0,67,21,88,307,78,123,25,533,0,0,0,533
07/21/2015,RDU,NC,ASO,EN,Combined TRACON& Tower with Radar,309,111,56,0,476,0,0,59,20,79,309,111,115,20,555,0,0,0,555
07/22/2015,RDU,NC,ASO,EN,Combined TRACON& Tower with Radar,309,90,77,7,483,0,2,96,16,114,309,92,173,23,597,0,0,0,597
07/23/2015,RDU,NC,ASO,EN,Combined TRACON& Tower with Radar,309,96,69,3,477,0,1,12,8,21,309,97,81,11,498,0,0,0,498
07/24/2015,RDU,NC,ASO,EN,Combined TRACON& Tower with Radar,309,93,90,10,502,0,1,63,3,67,309,94,153,13,569,6,0,6,575
07/25/2015,RDU,NC,ASO,EN,Combined TRACON& Tower with Radar,250,58,29,0,337,0,0,69,0,69,250,58,98,0,406,0,0,0,406
07/26/2015,RDU,NC,ASO,EN,Combined TRACON& Tower with Radar,278,72,60,6,416,0,0,55,0,55,278,72,115,6,471,0,0,0,471
07/27/2015,RDU,NC,ASO,EN,Combined TRACON& Tower with Radar,311,85,61,2,459,0,2,43,5,50,311,87,104,7,509,0,0,0,509
07/28/2015,RDU,NC,ASO,EN,Combined TRACON& Tower with Radar,306,103,63,2,474,0,1,34,2,37,306,104,97,4,511,0,0,0,511
07/29/2015,RDU,NC,ASO,EN,Combined TRACON& Tower with Radar,303,88,102,0,493,0,0,70,6,76,303,88,172,6,569,0,0,0,569
07/30/2015,RDU,NC,ASO,EN,Combined TRACON& Tower with Radar,309,87,83,1,480,0,2,53,9,64,309,89,136,10,544,0,0,0,544
07/31/2015,RDU,NC,ASO,EN,Combined TRACON& Tower with Radar,299,89,69,6,463,0,1,92,3,96,299,90,161,9,559,0,0,0,559
08/01/2015,RDU,NC,ASO,EN,Combined TRACON& Tower with Radar,249,60,32,2,343,0,1,52,12,65,249,61,84,14,408,0,0,0,408
08/02/2015,RDU,NC,ASO,EN,Combined TRACON& Tower with Radar,298,75,48,0,421,0,0,62,5,67,298,75,110,5,488,0,0,0,488
08/03/2015,RDU,NC,ASO,EN,Combined TRACON& Tower with Radar,302,87,70,5,464,0,0,45,1,46,302,87,115,6,510,0,0,0,510
08/04/2015,RDU,NC,ASO,EN,Combined TRACON& Tower with Radar,317,86,97,1,501,0,0,54,7,61,317,86,151,8,562,0,0,0,562
08/05/2015,RDU,NC,ASO,EN,Combined TRACON& Tower with Radar,320,88,86,6,500,0,2,58,19,79,320,90,144,25,579,0,0,0,579
08/06/2015,RDU,NC,ASO,EN,Combined TRACON& Tower with Radar,318,85,72,3,478,0,0,23,4,27,318,85,95,7,505,0,0,0,505
08/07/2015,RDU,NC,ASO,EN,Combined TRACON& Tower with Radar,315,92,69,1,477,0,0,1,0,1,315,92,70,1,478,0,0,0,478
08/08/2015,RDU,NC,ASO,EN,Combined TRACON& Tower with Radar,248,61,63,0,372,0,0,40,0,40,248,61,103,0,412,0,0,0,412
08/09/2015,RDU,NC,ASO,EN,Combined TRACON& Tower with Radar,281,70,50,0,401,0,0,97,0,97,281,70,147,0,498,0,0,0,498
08/10/2015,RDU,NC,ASO,EN,Combined TRACON& Tower with Radar,297,72,76,1,446,0,0,56,14,70,297,72,132,15,516,0,0,0,516
08/11/2015,RDU,NC,ASO,EN,Combined TRACON& Tower with Radar,299,96,98,2,495,0,0,23,8,31,299,96,121,10,526,0,0,0,526
08/12/2015,RDU,NC,ASO,EN,Combined TRACON& Tower with Radar,309,88,78,5,480,0,0,100,27,127,309,88,178,32,607,0,0,0,607
08/13/2015,RDU,NC,ASO,EN,Combined TRACON& Tower with Radar,316,89,80,2,487,0,1,90,25,116,316,90,170,27,603,0,0,0,603
08/14/2015,RDU,NC,ASO,EN,Combined TRACON& Tower with Radar,299,99,77,2,477,0,2,73,2,77,299,101,150,4,554,0,0,0,554
08/15/2015,RDU,NC,ASO,EN,Combined TRACON& Tower with Radar,198,61,33,2,294,0,1,70,1,72,198,62,103,3,366,6,0,6,372
08/16/2015,RDU,NC,ASO,EN,Combined TRACON& Tower with Radar,283,79,51,0,413,0,3,65,3,71,283,82,116,3,484,0,0,0,484
08/17/2015,RDU,NC,ASO,EN,Combined TRACON& Tower with Radar,299,93,57,4,453,0,3,64,15,82,299,96,121,19,535,0,0,0,535
08/18/2015,RDU,NC,ASO,EN,Combined TRACON& Tower with Radar,303,97,86,5,491,0,0,20,17,37,303,97,106,22,528,0,0,0,528
08/19/2015,RDU,NC,ASO,EN,Combined TRACON& Tower with Radar,298,115,98,4,515,0,0,13,10,23,298,115,111,14,538,0,0,0,538
08/20/2015,RDU,NC,ASO,EN,Combined TRACON& Tower with Radar,287,100,101,2,490,0,0,25,11,36,287,100,126,13,526,0,0,0,526
08/21/2015,RDU,NC,ASO,EN,Combined TRACON& Tower with Radar,313,92,72,10,487,0,1,61,3,65,313,93,133,13,552,0,0,0,552
08/22/2015,RDU,NC,ASO,EN,Combined TRACON& Tower with Radar,214,62,50,0,326,0,0,88,0,88,214,62,138,0,414,0,0,0,414
08/23/2015,RDU,NC,ASO,EN,Combined TRACON& Tower with Radar,265,83,60,5,413,0,0,93,0,93,265,83,153,5,506,34,0,34,540
08/24/2015,RDU,NC,ASO,EN,Combined TRACON& Tower with Radar,296,82,54,0,432,0,0,45,7,52,296,82,99,7,484,0,0,0,484
08/25/2015,RDU,NC,ASO,EN,Combined TRACON& Tower with Radar,296,104,77,2,479,0,0,79,21,100,296,104,156,23,579,0,0,0,579
08/26/2015,RDU,NC,ASO,EN,Combined TRACON& Tower with Radar,300,97,96,3,496,0,0,31,19,50,300,97,127,22,546,0,0,0,546
08/27/2015,RDU,NC,ASO,EN,Combined TRACON& Tower with Radar,304,85,102,10,501,0,0,58,34,92,304,85,160,44,593,0,0,0,593
08/28/2015,RDU,NC,ASO,EN,Combined TRACON& Tower with Radar,306,106,62,2,476,0,1,78,21,100,306,107,140,23,576,0,0,0,576
08/29/2015,RDU,NC,ASO,EN,Combined TRACON& Tower with Radar,218,62,49,0,329,0,1,68,5,74,218,63,117,5,403,26,0,26,429
08/30/2015,RDU,NC,ASO,EN,Combined TRACON& Tower with Radar,262,79,53,3,397,0,0,68,7,75,262,79,121,10,472,0,0,0,472
08/31/2015,RDU,NC,ASO,EN,Combined TRACON& Tower with Radar,304,93,79,4,480,0,0,1,0,1,304,93,80,4,481,8,0,8,489
09/01/2015,RDU,NC,ASO,EN,Combined TRACON& Tower with Radar,294,90,77,3,464,0,0,62,21,83,294,90,139,24,547,0,0,0,547
09/02/2015,RDU,NC,ASO,EN,Combined TRACON& Tower with Radar,288,92,84,8,472,0,1,84,15,100,288,93,168,23,572,4,0,4,576
09/03/2015,RDU,NC,ASO,EN,Combined TRACON& Tower with Radar,302,112,93,5,512,0,0,81,19,100,302,112,174,24,612,0,0,0,612
09/04/2015,RDU,NC,ASO,EN,Combined TRACON& Tower with Radar,304,92,70,7,473,0,0,72,6,78,304,92,142,13,551,0,0,0,551
09/05/2015,RDU,NC,ASO,EN,Combined TRACON& Tower with Radar,192,49,52,0,293,0,0,4,0,4,192,49,56,0,297,0,0,0,297
09/06/2015,RDU,NC,ASO,EN,Combined TRACON& Tower with Radar,195,44,46,0,285,0,1,14,0,15,195,45,60,0,300,0,0,0,300
09/07/2015,RDU,NC,ASO,EN,Combined TRACON& Tower with Radar,262,76,56,0,394,0,1,32,0,33,262,77,88,0,427,0,0,0,427
09/08/2015,RDU,NC,ASO,EN,Combined TRACON& Tower with Radar,290,101,100,3,494,0,2,31,24,57,290,103,131,27,551,0,0,0,551
09/09/2015,RDU,NC,ASO,EN,Combined TRACON& Tower with Radar,267,84,69,0,420,0,0,55,20,75,267,84,124,20,495,0,4,4,499
09/10/2015,RDU,NC,ASO,EN,Combined TRACON& Tower with Radar,256,83,103,11,453,0,0,25,11,36,256,83,128,22,489,10,0,10,499
09/11/2015,RDU,NC,ASO,EN,Combined TRACON& Tower with Radar,291,87,95,3,476,0,0,15,8,23,291,87,110,11,499,0,0,0,499
09/12/2015,RDU,NC,ASO,EN,Combined TRACON& Tower with Radar,204,60,50,0,314,0,0,22,10,32,204,60,72,10,346,10,4,14,360
09/13/2015,RDU,NC,ASO,EN,Combined TRACON& Tower with Radar,267,75,65,4,411,0,0,77,9,86,267,75,142,13,497,0,0,0,497
09/14/2015,RDU,NC,ASO,EN,Combined TRACON& Tower with Radar,302,89,62,11,464,0,0,74,13,87,302,89,136,24,551,0,0,0,551
09/15/2015,RDU,NC,ASO,EN,Combined TRACON& Tower with Radar,286,99,74,3,462,0,0,95,10,105,286,99,169,13,567,0,0,0,567
09/16/2015,RDU,NC,ASO,EN,Combined TRACON& Tower with Radar,295,103,89,5,492,0,1,65,14,80,295,104,154,19,572,0,0,0,572
09/17/2015,RDU,NC,ASO,EN,Combined TRACON& Tower with Radar,303,113,80,2,498,0,2,86,17,105,303,115,166,19,603,12,0,12,615
09/18/2015,RDU,NC,ASO,EN,Combined TRACON& Tower with Radar,312,95,79,5,491,0,3,70,0,73,312,98,149,5,564,0,0,0,564
09/19/2015,RDU,NC,ASO,EN,Combined TRACON& Tower with Radar,211,73,55,0,339,0,0,64,2,66,211,73,119,2,405,0,0,0,405
09/20/2015,RDU,NC,ASO,EN,Combined TRACON& Tower with Radar,269,84,54,3,410,0,0,62,0,62,269,84,116,3,472,4,0,4,476
09/21/2015,RDU,NC,ASO,EN,Combined TRACON& Tower with Radar,307,89,79,2,477,0,1,21,16,38,307,90,100,18,515,0,0,0,515
09/22/2015,RDU,NC,ASO,EN,Combined TRACON& Tower with Radar,290,92,85,2,469,0,0,19,17,36,290,92,104,19,505,0,0,0,505
09/23/2015,RDU,NC,ASO,EN,Combined TRACON& Tower with Radar,296,99,83,1,479,0,0,42,5,47,296,99,125,6,526,0,0,0,526
09/24/2015,RDU,NC,ASO,EN,Combined TRACON& Tower with Radar,305,101,94,3,503,0,0,24,2,26,305,101,118,5,529,0,0,0,529
09/25/2015,RDU,NC,ASO,EN,Combined TRACON& Tower with Radar,315,94,57,2,468,0,0,0,0,0,315,94,57,2,468,0,0,0,468
09/26/2015,RDU,NC,ASO,EN,Combined TRACON& Tower with Radar,230,49,33,1,313,0,0,0,1,1,230,49,33,2,314,0,0,0,314
09/27/2015,RDU,NC,ASO,EN,Combined TRACON& Tower with Radar,274,85,46,3,408,0,0,1,0,1,274,85,47,3,409,10,0,10,419
09/28/2015,RDU,NC,ASO,EN,Combined TRACON& Tower with Radar,311,99,76,2,488,0,0,3,0,3,311,99,79,2,491,0,0,0,491
09/29/2015,RDU,NC,ASO,EN,Combined TRACON& Tower with Radar,331,113,78,6,528,0,0,3,0,3,331,113,81,6,531,0,0,0,531
09/30/2015,RDU,NC,ASO,EN,Combined TRACON& Tower with Radar,307,107,94,2,510,0,0,26,3,29,307,107,120,5,539,0,14,14,553
10/01/2015,RDU,NC,ASO,EN,Combined TRACON& Tower with Radar,309,116,85,3,513,0,0,0,0,0,309,116,85,3,513,0,0,0,513
10/02/2015,RDU,NC,ASO,EN,Combined TRACON& Tower with Radar,318,95,39,2,454,0,0,0,0,0,318,95,39,2,454,0,0,0,454
10/03/2015,RDU,NC,ASO,EN,Combined TRACON& Tower with Radar,227,49,35,0,311,0,0,1,0,1,227,49,36,0,312,0,0,0,312
10/04/2015,RDU,NC,ASO,EN,Combined TRACON& Tower with Radar,265,86,27,0,378,0,0,0,0,0,265,86,27,0,378,0,0,0,378
10/05/2015,RDU,NC,ASO,EN,Combined TRACON& Tower with Radar,305,96,68,0,469,0,0,0,0,0,305,96,68,0,469,0,0,0,469
10/06/2015,RDU,NC,ASO,EN,Combined TRACON& Tower with Radar,300,103,65,3,471,0,0,89,17,106,300,103,154,20,577,0,0,0,577
10/07/2015,RDU,NC,ASO,EN,Combined TRACON& Tower with Radar,308,102,90,3,503,0,0,99,10,109,308,102,189,13,612,0,0,0,612
10/08/2015,RDU,NC,ASO,EN,Combined TRACON& Tower with Radar,309,114,96,3,522,0,0,76,21,97,309,114,172,24,619,0,0,0,619
10/09/2015,RDU,NC,ASO,EN,Combined TRACON& Tower with Radar,319,95,75,2,491,0,0,53,4,57,319,95,128,6,548,0,0,0,548
10/10/2015,RDU,NC,ASO,EN,Combined TRACON& Tower with Radar,232,52,48,1,333,0,0,5,0,5,232,52,53,1,338,14,0,14,352
10/11/2015,RDU,NC,ASO,EN,Combined TRACON& Tower with Radar,275,89,89,0,453,0,0,86,0,86,275,89,175,0,539,8,0,8,547
10/12/2015,RDU,NC,ASO,EN,Combined TRACON& Tower with Radar,308,95,79,0,482,0,3,65,0,68,308,98,144,0,550,0,0,0,550
10/13/2015,RDU,NC,ASO,EN,Combined TRACON& Tower with Radar,303,119,100,9,531,0,0,55,14,69,303,119,155,23,600,0,0,0,600
10/14/2015,RDU,NC,ASO,EN,Combined TRACON& Tower with Radar,302,119,87,1,509,0,0,78,19,97,302,119,165,20,606,0,0,0,606
10/15/2015,RDU,NC,ASO,EN,Combined TRACON& Tower with Radar,311,112,88,2,513,0,1,77,20,98,311,113,165,22,611,0,0,0,611
10/16/2015,RDU,NC,ASO,EN,Combined TRACON& Tower with Radar,315,105,89,5,514,0,0,56,0,56,315,105,145,5,570,0,0,0,570
10/17/2015,RDU,NC,ASO,EN,Combined TRACON& Tower with Radar,218,62,38,2,320,0,0,85,14,99,218,62,123,16,419,0,0,0,419
10/18/2015,RDU,NC,ASO,EN,Combined TRACON& Tower with Radar,277,87,50,3,417,0,2,50,0,52,277,89,100,3,469,0,0,0,469
10/19/2015,RDU,NC,ASO,EN,Combined TRACON& Tower with Radar,316,98,89,3,506,0,0,70,7,77,316,98,159,10,583,30,0,30,613
10/20/2015,RDU,NC,ASO,EN,Combined TRACON& Tower with Radar,303,96,45,2,446,0,0,55,17,72,303,96,100,19,518,0,0,0,518
10/21/2015,RDU,NC,ASO,EN,Combined TRACON& Tower with Radar,301,91,69,5,466,0,0,82,14,96,301,91,151,19,562,24,0,24,586
10/22/2015,RDU,NC,ASO,EN,Combined TRACON& Tower with Radar,310,102,98,4,514,0,0,68,17,85,310,102,166,21,599,0,0,0,599
10/23/2015,RDU,NC,ASO,EN,Combined TRACON& Tower with Radar,307,101,87,2,497,0,1,43,1,45,307,102,130,3,542,0,0,0,542
10/24/2015,RDU,NC,ASO,EN,Combined TRACON& Tower with Radar,223,57,43,1,324,0,1,59,0,60,223,58,102,1,384,0,0,0,384
10/25/2015,RDU,NC,ASO,EN,Combined TRACON& Tower with Radar,270,88,63,2,423,0,1,55,1,57,270,89,118,3,480,20,0,20,500
10/26/2015,RDU,NC,ASO,EN,Combined TRACON& Tower with Radar,303,108,81,9,501,0,0,37,6,43,303,108,118,15,544,0,0,0,544
10/27/2015,RDU,NC,ASO,EN,Combined TRACON& Tower with Radar,284,93,93,1,471,0,0,0,0,0,284,93,93,1,471,0,0,0,471
10/28/2015,RDU,NC,ASO,EN,Combined TRACON& Tower with Radar,279,85,83,0,447,0,0,0,0,0,279,85,83,0,447,0,0,0,447
10/29/2015,RDU,NC,ASO,EN,Combined TRACON& Tower with Radar,302,111,106,6,525,0,0,81,29,110,302,111,187,35,635,0,0,0,635
10/30/2015,RDU,NC,ASO,EN,Combined TRACON& Tower with Radar,313,109,89,0,511,0,0,84,4,88,313,109,173,4,599,0,0,0,599
10/31/2015,RDU,NC,ASO,EN,Combined TRACON& Tower with Radar,201,47,59,0,307,0,1,81,0,82,201,48,140,0,389,6,0,6,395
11/01/2015,RDU,NC,ASO,EN,Combined TRACON& Tower with Radar,272,93,86,4,455,0,0,12,0,12,272,93,98,4,467,0,0,0,467
11/02/2015,RDU,NC,ASO,EN,Combined TRACON& Tower with Radar,313,95,54,2,464,0,0,0,0,0,313,95,54,2,464,0,0,0,464
11/03/2015,RDU,NC,ASO,EN,Combined TRACON& Tower with Radar,312,95,87,0,494,0,0,0,0,0,312,95,87,0,494,0,0,0,494
11/04/2015,RDU,NC,ASO,EN,Combined TRACON& Tower with Radar,315,101,77,0,493,0,0,16,0,16,315,101,93,0,509,0,0,0,509
11/05/2015,RDU,NC,ASO,EN,Combined TRACON& Tower with Radar,303,101,110,8,522,0,0,7,16,23,303,101,117,24,545,0,48,48,593
11/06/2015,RDU,NC,ASO,EN,Combined TRACON& Tower with Radar,336,110,112,4,562,0,0,19,4,23,336,110,131,8,585,0,0,0,585
11/07/2015,RDU,NC,ASO,EN,Combined TRACON& Tower with Radar,239,62,34,1,336,0,0,4,4,8,239,62,38,5,344,0,44,44,388
11/08/2015,RDU,NC,ASO,EN,Combined TRACON& Tower with Radar,281,82,86,0,449,0,0,88,0,88,281,82,174,0,537,0,0,0,537
11/09/2015,RDU,NC,ASO,EN,Combined TRACON& Tower with Radar,318,94,52,0,464,0,0,0,0,0,318,94,52,0,464,0,0,0,464
11/10/2015,RDU,NC,ASO,EN,Combined TRACON& Tower with Radar,305,92,88,2,487,0,1,22,10,33,305,93,110,12,520,0,24,24,544
11/11/2015,RDU,NC,ASO,EN,Combined TRACON& Tower with Radar,319,85,75,0,479,0,2,107,0,109,319,87,182,0,588,10,0,10,598
11/12/2015,RDU,NC,ASO,EN,Combined TRACON& Tower with Radar,322,109,101,14,546,0,0,73,15,88,322,109,174,29,634,0,10,10,644
11/13/2015,RDU,NC,ASO,EN,Combined TRACON& Tower with Radar,328,125,79,8,540,0,0,62,4,66,328,125,141,12,606,0,0,0,606
11/14/2015,RDU,NC,ASO,EN,Combined TRACON& Tower with Radar,243,67,64,3,377,0,0,75,2,77,243,67,139,5,454,20,0,20,474
11/15/2015,RDU,NC,ASO,EN,Combined TRACON& Tower with Radar,286,94,63,1,444,0,0,91,0,91,286,94,154,1,535,0,0,0,535
11/16/2015,RDU,NC,ASO,EN,Combined TRACON& Tower with Radar,325,90,63,2,480,0,0,89,18,107,325,90,152,20,587,8,0,8,595
11/17/2015,RDU,NC,ASO,EN,Combined TRACON& Tower with Radar,306,109,91,1,507,0,5,63,8,76,306,114,154,9,583,12,0,12,595
11/18/2015,RDU,NC,ASO,EN,Combined TRACON& Tower with Radar,312,109,90,14,525,0,0,36,4,40,312,109,126,18,565,0,0,0,565
11/19/2015,RDU,NC,ASO,EN,Combined TRACON& Tower with Radar,315,109,84,5,513,0,0,1,10,11,315,109,85,15,524,0,38,38,562
11/20/2015,RDU,NC,ASO,EN,Combined TRACON& Tower with Radar,323,126,94,0,543,0,4,115,11,130,323,130,209,11,673,16,0,16,689
11/21/2015,RDU,NC,ASO,EN,Combined TRACON& Tower with Radar,238,50,68,0,356,0,0,103,3,106,238,50,171,3,462,20,0,20,482
11/22/2015,RDU,NC,ASO,EN,Combined TRACON& Tower with Radar,268,74,52,0,394,0,1,56,1,58,268,75,108,1,452,8,0,8,460
11/23/2015,RDU,NC,ASO,EN,Combined TRACON& Tower with Radar,284,82,60,5,431,0,2,72,16,90,284,84,132,21,521,0,0,0,521
11/24/2015,RDU,NC,ASO,EN,Combined TRACON& Tower with Radar,310,108,99,7,524,0,2,63,13,78,310,110,162,20,602,0,0,0,602
11/25/2015,RDU,NC,ASO,EN,Combined TRACON& Tower with Radar,328,109,84,2,523,0,1,82,0,83,328,110,166,2,606,0,0,0,606
11/26/2015,RDU,NC,ASO,EN,Combined TRACON& Tower with Radar,172,59,13,0,244,0,0,29,0,29,172,59,42,0,273,0,0,0,273
11/27/2015,RDU,NC,ASO,EN,Combined TRACON& Tower with Radar,217,62,37,0,316,0,0,32,1,33,217,62,69,1,349,6,0,6,355
11/28/2015,RDU,NC,ASO,EN,Combined TRACON& Tower with Radar,286,84,51,0,421,0,3,49,0,52,286,87,100,0,473,0,0,0,473
11/29/2015,RDU,NC,ASO,EN,Combined TRACON& Tower with Radar,328,106,79,0,513,0,0,46,3,49,328,106,125,3,562,0,0,0,562
11/30/2015,RDU,NC,ASO,EN,Combined TRACON& Tower with Radar,333,100,57,6,496,0,0,0,0,0,333,100,57,6,496,0,0,0,496
12/01/2015,RDU,NC,ASO,EN,Combined TRACON& Tower with Radar,294,114,62,0,470,0,0,1,0,1,294,114,63,0,471,0,0,0,471
12/02/2015,RDU,NC,ASO,EN,Combined TRACON& Tower with Radar,293,129,116,4,542,0,0,2,2,4,293,129,118,6,546,0,0,0,546
12/03/2015,RDU,NC,ASO,EN,Combined TRACON& Tower with Radar,304,144,114,3,565,0,0,78,20,98,304,144,192,23,663,6,0,6,669
12/04/2015,RDU,NC,ASO,EN,Combined TRACON& Tower with Radar,306,111,92,4,513,0,0,91,8,99,306,111,183,12,612,0,0,0,612
12/05/2015,RDU,NC,ASO,EN,Combined TRACON& Tower with Radar,231,72,46,0,349,0,2,86,0,88,231,74,132,0,437,0,0,0,437
12/06/2015,RDU,NC,ASO,EN,Combined TRACON& Tower with Radar,281,86,80,1,448,0,0,97,2,99,281,86,177,3,547,0,0,0,547
12/07/2015,RDU,NC,ASO,EN,Combined TRACON& Tower with Radar,301,117,79,1,498,0,1,54,9,64,301,118,133,10,562,6,0,6,568
12/08/2015,RDU,NC,ASO,EN,Combined TRACON& Tower with Radar,293,129,95,4,521,0,0,79,23,102,293,129,174,27,623,0,0,0,623
12/09/2015,RDU,NC,ASO,EN,Combined TRACON& Tower with Radar,300,121,121,1,543,0,0,43,22,65,300,121,164,23,608,0,0,0,608
12/10/2015,RDU,NC,ASO,EN,Combined TRACON& Tower with Radar,310,111,97,2,520,0,2,67,19,88,310,113,164,21,608,0,20,20,628
12/11/2015,RDU,NC,ASO,EN,Combined TRACON& Tower with Radar,307,110,73,15,505,0,0,86,10,96,307,110,159,25,601,0,0,0,601
12/12/2015,RDU,NC,ASO,EN,Combined TRACON& Tower with Radar,238,51,51,0,340,0,0,51,3,54,238,51,102,3,394,0,0,0,394
12/13/2015,RDU,NC,ASO,EN,Combined TRACON& Tower with Radar,280,87,31,1,399,0,2,73,1,76,280,89,104,2,475,0,0,0,475
12/14/2015,RDU,NC,ASO,EN,Combined TRACON& Tower with Radar,286,102,82,3,473,0,1,21,3,25,286,103,103,6,498,0,24,24,522
12/15/2015,RDU,NC,ASO,EN,Combined TRACON& Tower with Radar,299,127,99,2,527,0,0,90,19,109,299,127,189,21,636,0,0,0,636
12/16/2015,RDU,NC,ASO,EN,Combined TRACON& Tower with Radar,303,113,103,8,527,0,5,81,21,107,303,118,184,29,634,0,0,0,634
12/17/2015,RDU,NC,ASO,EN,Combined TRACON& Tower with Radar,309,111,72,0,492,0,0,3,0,3,309,111,75,0,495,0,0,0,495
12/18/2015,RDU,NC,ASO,EN,Combined TRACON& Tower with Radar,322,109,80,6,517,0,2,52,0,54,322,111,132,6,571,0,0,0,571
12/19/2015,RDU,NC,ASO,EN,Combined TRACON& Tower with Radar,281,57,50,2,390,0,2,61,1,64,281,59,111,3,454,0,0,0,454
12/20/2015,RDU,NC,ASO,EN,Combined TRACON& Tower with Radar,303,57,44,0,404,0,0,69,2,71,303,57,113,2,475,6,0,6,481
12/21/2015,RDU,NC,ASO,EN,Combined TRACON& Tower with Radar,305,86,69,26,486,0,0,56,2,58,305,86,125,28,544,0,0,0,544
12/22/2015,RDU,NC,ASO,EN,Combined TRACON& Tower with Radar,305,96,63,0,464,0,0,0,0,0,305,96,63,0,464,0,0,0,464
12/23/2015,RDU,NC,ASO,EN,Combined TRACON& Tower with Radar,300,80,35,0,415,0,0,0,0,0,300,80,35,0,415,0,0,0,415
12/24/2015,RDU,NC,ASO,EN,Combined TRACON& Tower with Radar,251,62,9,2,324,0,0,0,0,0,251,62,9,2,324,0,0,0,324
12/25/2015,RDU,NC,ASO,EN,Combined TRACON& Tower with Radar,200,64,14,0,278,0,0,2,0,2,200,64,16,0,280,0,0,0,280
12/26/2015,RDU,NC,ASO,EN,Combined TRACON& Tower with Radar,268,78,61,0,407,0,0,9,0,9,268,78,70,0,416,6,0,6,422
12/27/2015,RDU,NC,ASO,EN,Combined TRACON& Tower with Radar,291,61,61,0,413,0,0,9,0,9,291,61,70,0,422,0,0,0,422
12/28/2015,RDU,NC,ASO,EN,Combined TRACON& Tower with Radar,270,79,31,2,382,0,0,0,0,0,270,79,31,2,382,0,0,0,382
12/29/2015,RDU,NC,ASO,EN,Combined TRACON& Tower with Radar,275,78,72,3,428,0,0,13,3,16,275,78,85,6,444,0,0,0,444
12/30/2015,RDU,NC,ASO,EN,Combined TRACON& Tower with Radar,303,97,32,0,432,0,0,0,0,0,303,97,32,0,432,0,0,0,432
12/31/2015,RDU,NC,ASO,EN,Combined TRACON& Tower with Radar,225,63,54,1,343,0,0,1,0,1,225,63,55,1,344,0,0,0,344
01/01/2016,RDU,NC,ASO,EN,Combined TRACON& Tower with Radar,206,53,20,0,279,0,1,30,1,32,206,54,50,1,311,0,0,0,311
01/02/2016,RDU,NC,ASO,EN,Combined TRACON& Tower with Radar,280,66,52,0,398,0,0,86,2,88,280,66,138,2,486,0,0,0,486
01/03/2016,RDU,NC,ASO,EN,Combined TRACON& Tower with Radar,299,61,63,0,423,0,1,62,0,63,299,62,125,0,486,22,0,22,508
01/04/2016,RDU,NC,ASO,EN,Combined TRACON& Tower with Radar,314,80,48,2,444,0,1,52,2,55,314,81,100,4,499,14,0,14,513
01/05/2016,RDU,NC,ASO,EN,Combined TRACON& Tower with Radar,303,80,83,3,469,0,1,55,9,65,303,81,138,12,534,0,0,0,534
01/06/2016,RDU,NC,ASO,EN,Combined TRACON& Tower with Radar,288,70,82,3,443,0,2,45,22,69,288,72,127,25,512,0,0,0,512
01/07/2016,RDU,NC,ASO,EN,Combined TRACON& Tower with Radar,299,77,69,4,449,0,0,1,0,1,299,77,70,4,450,0,0,0,450
01/08/2016,RDU,NC,ASO,EN,Combined TRACON& Tower with Radar,288,82,50,0,420,0,0,0,0,0,288,82,50,0,420,0,0,0,420
01/09/2016,RDU,NC,ASO,EN,Combined TRACON& Tower with Radar,214,54,67,0,335,0,0,1,0,1,214,54,68,0,336,0,0,0,336
01/10/2016,RDU,NC,ASO,EN,Combined TRACON& Tower with Radar,255,61,51,0,367,0,0,53,2,55,255,61,104,2,422,0,0,0,422
01/11/2016,RDU,NC,ASO,EN,Combined TRACON& Tower with Radar,289,76,81,2,448,0,1,82,24,107,289,77,163,26,555,0,0,0,555
01/12/2016,RDU,NC,ASO,EN,Combined TRACON& Tower with Radar,306,85,57,1,449,0,1,85,15,101,306,86,142,16,550,0,0,0,550
01/13/2016,RDU,NC,ASO,EN,Combined TRACON& Tower with Radar,297,86,71,9,463,0,1,83,25,109,297,87,154,34,572,0,0,0,572
01/14/2016,RDU,NC,ASO,EN,Combined TRACON& Tower with Radar,291,82,65,4,442,0,1,84,15,100,291,83,149,19,542,12,0,12,554
01/15/2016,RDU,NC,ASO,EN,Combined TRACON& Tower with Radar,303,99,54,2,458,0,0,33,3,36,303,99,87,5,494,0,0,0,494
01/16/2016,RDU,NC,ASO,EN,Combined TRACON& Tower with Radar,207,84,77,0,368,0,0,46,0,46,207,84,123,0,414,0,0,0,414
01/17/2016,RDU,NC,ASO,EN,Combined TRACON& Tower with Radar,232,57,30,0,319,0,0,9,0,9,232,57,39,0,328,0,0,0,328
01/18/2016,RDU,NC,ASO,EN,Combined TRACON& Tower with Radar,278,107,75,0,460,0,0,80,0,80,278,107,155,0,540,0,0,0,540
01/19/2016,RDU,NC,ASO,EN,Combined TRACON& Tower with Radar,290,103,78,1,472,0,1,55,46,102,290,104,133,47,574,18,0,18,592
01/20/2016,RDU,NC,ASO,EN,Combined TRACON& Tower with Radar,291,90,54,1,436,0,0,55,8,63,291,90,109,9,499,0,0,0,499
01/21/2016,RDU,NC,ASO,EN,Combined TRACON& Tower with Radar,256,96,101,0,453,0,1,62,18,81,256,97,163,18,534,10,4,14,548
01/22/2016,RDU,NC,ASO,EN,Combined TRACON& Tower with Radar,45,22,19,0,86,0,0,0,0,0,45,22,19,0,86,0,0,0,86
01/23/2016,RDU,NC,ASO,EN,Combined TRACON& Tower with Radar,60,4,11,0,75,0,0,2,0,2,60,4,13,0,77,0,0,0,77
01/24/2016,RDU,NC,ASO,EN,Combined TRACON& Tower with Radar,174,48,57,3,282,0,2,24,1,27,174,50,81,4,309,0,0,0,309
01/25/2016,RDU,NC,ASO,EN,Combined TRACON& Tower with Radar,251,92,61,7,411,0,1,53,10,64,251,93,114,17,475,0,0,0,475
01/26/2016,RDU,NC,ASO,EN,Combined TRACON& Tower with Radar,271,79,79,9,438,0,0,67,16,83,271,79,146,25,521,8,6,14,535
01/27/2016,RDU,NC,ASO,EN,Combined TRACON& Tower with Radar,291,91,82,8,472,0,2,34,13,49,291,93,116,21,521,0,0,0,521
01/28/2016,RDU,NC,ASO,EN,Combined TRACON& Tower with Radar,293,89,72,4,458,0,1,45,20,66,293,90,117,24,524,0,0,0,524
01/29/2016,RDU,NC,ASO,EN,Combined TRACON& Tower with Radar,298,99,63,0,460,0,1,72,4,77,298,100,135,4,537,0,0,0,537
01/30/2016,RDU,NC,ASO,EN,Combined TRACON& Tower with Radar,206,59,40,1,306,0,0,120,2,122,206,59,160,3,428,20,0,20,448
01/31/2016,RDU,NC,ASO,EN,Combined TRACON& Tower with Radar,249,77,43,0,369,0,0,82,2,84,249,77,125,2,453,0,0,0,453
02/01/2016,RDU,NC,ASO,EN,Combined TRACON& Tower with Radar,295,97,82,11,485,0,0,41,11,52,295,97,123,22,537,0,0,0,537
02/02/2016,RDU,NC,ASO,EN,Combined TRACON& Tower with Radar,283,100,73,0,456,0,0,23,24,47,283,100,96,24,503,0,0,0,503
02/03/2016,RDU,NC,ASO,EN,Combined TRACON& Tower with Radar,282,89,53,3,427,0,0,0,0,0,282,89,53,3,427,0,0,0,427
02/04/2016,RDU,NC,ASO,EN,Combined TRACON& Tower with Radar,293,112,89,2,496,0,0,10,3,13,293,112,99,5,509,0,18,18,527
02/05/2016,RDU,NC,ASO,EN,Combined TRACON& Tower with Radar,281,96,71,1,449,0,1,47,10,58,281,97,118,11,507,6,0,6,513
02/06/2016,RDU,NC,ASO,EN,Combined TRACON& Tower with Radar,196,76,61,1,334,0,0,108,16,124,196,76,169,17,458,30,26,56,514
02/07/2016,RDU,NC,ASO,EN,Combined TRACON& Tower with Radar,219,61,38,3,321,0,0,22,0,22,219,61,60,3,343,12,0,12,355
02/08/2016,RDU,NC,ASO,EN,Combined TRACON& Tower with Radar,279,113,87,5,484,0,2,54,4,60,279,115,141,9,544,10,0,10,554
02/09/2016,RDU,NC,ASO,EN,Combined TRACON& Tower with Radar,287,99,74,18,478,0,2,55,8,65,287,101,129,26,543,0,0,0,543
02/10/2016,RDU,NC,ASO,EN,Combined TRACON& Tower with Radar,294,94,97,7,492,0,0,60,16,76,294,94,157,23,568,0,0,0,568
02/11/2016,RDU,NC,ASO,EN,Combined TRACON& Tower with Radar,286,108,90,9,493,0,0,90,15,105,286,108,180,24,598,28,0,28,626
02/12/2016,RDU,NC,ASO,EN,Combined TRACON& Tower with Radar,300,93,55,1,449,0,0,16,5,21,300,93,71,6,470,0,0,0,470
02/13/2016,RDU,NC,ASO,EN,Combined TRACON& Tower with Radar,193,67,49,2,311,0,0,28,0,28,193,67,77,2,339,0,0,0,339
02/14/2016,RDU,NC,ASO,EN,Combined TRACON& Tower with Radar,233,76,54,1,364,0,1,63,2,66,233,77,117,3,430,0,0,0,430
02/15/2016,RDU,NC,ASO,EN,Combined TRACON& Tower with Radar,200,53,11,0,264,0,0,0,0,0,200,53,11,0,264,0,0,0,264
02/16/2016,RDU,NC,ASO,EN,Combined TRACON& Tower with Radar,264,93,87,1,445,0,1,23,0,24,264,94,110,1,469,0,0,0,469
02/17/2016,RDU,NC,ASO,EN,Combined TRACON& Tower with Radar,292,113,92,4,501,0,1,96,25,122,292,114,188,29,623,12,0,12,635
02/18/2016,RDU,NC,ASO,EN,Combined TRACON& Tower with Radar,283,97,101,2,483,0,3,91,17,111,283,100,192,19,594,14,6,20,614
02/19/2016,RDU,NC,ASO,EN,Combined TRACON& Tower with Radar,294,97,84,3,478,0,1,92,2,95,294,98,176,5,573,0,0,0,573
02/20/2016,RDU,NC,ASO,EN,Combined TRACON& Tower with Radar,208,81,50,0,339,0,0,105,2,107,208,81,155,2,446,8,0,8,454
02/21/2016,RDU,NC,ASO,EN,Combined TRACON& Tower with Radar,260,79,55,0,394,0,0,42,0,42,260,79,97,0,436,12,0,12,448
02/22/2016,RDU,NC,ASO,EN,Combined TRACON& Tower with Radar,287,98,68,4,457,0,0,1,0,1,287,98,69,4,458,0,0,0,458
02/23/2016,RDU,NC,ASO,EN,Combined TRACON& Tower with Radar,284,95,59,0,438,0,0,0,0,0,284,95,59,0,438,0,0,0,438
02/24/2016,RDU,NC,ASO,EN,Combined TRACON& Tower with Radar,265,74,48,0,387,0,0,0,0,0,265,74,48,0,387,0,0,0,387
02/25/2016,RDU,NC,ASO,EN,Combined TRACON& Tower with Radar,293,107,94,3,497,0,0,29,22,51,293,107,123,25,548,0,0,0,548
02/26/2016,RDU,NC,ASO,EN,Combined TRACON& Tower with Radar,299,103,76,4,482,0,2,87,4,93,299,105,163,8,575,0,0,0,575
02/27/2016,RDU,NC,ASO,EN,Combined TRACON& Tower with Radar,216,78,32,0,326,0,1,108,0,109,216,79,140,0,435,0,0,0,435
02/28/2016,RDU,NC,ASO,EN,Combined TRACON& Tower with Radar,266,85,47,0,398,0,2,89,2,93,266,87,136,2,491,0,0,0,491
02/29/2016,RDU,NC,ASO,EN,Combined TRACON& Tower with Radar,296,94,82,8,480,0,0,88,6,94,296,94,170,14,574,0,0,0,574
03/01/2016,RDU,NC,ASO,EN,Combined TRACON& Tower with Radar,278,101,84,3,466,0,2,66,10,78,278,103,150,13,544,0,0,0,544
03/02/2016,RDU,NC,ASO,EN,Combined TRACON& Tower with Radar,300,97,92,0,489,0,1,43,13,57,300,98,135,13,546,20,12,32,578
03/03/2016,RDU,NC,ASO,EN,Combined TRACON& Tower with Radar,292,108,89,1,490,0,0,80,14,94,292,108,169,15,584,12,72,84,668
03/04/2016,RDU,NC,ASO,EN,Combined TRACON& Tower with Radar,303,108,92,1,504,0,0,41,7,48,303,108,133,8,552,0,0,0,552
03/05/2016,RDU,NC,ASO,EN,Combined TRACON& Tower with Radar,216,113,56,4,389,0,0,101,8,109,216,113,157,12,498,0,0,0,498
03/06/2016,RDU,NC,ASO,EN,Combined TRACON& Tower with Radar,276,108,57,4,445,0,1,40,4,45,276,109,97,8,490,0,0,0,490
03/07/2016,RDU,NC,ASO,EN,Combined TRACON& Tower with Radar,299,106,76,4,485,0,0,75,12,87,299,106,151,16,572,16,0,16,588
03/08/2016,RDU,NC,ASO,EN,Combined TRACON& Tower with Radar,292,97,72,1,462,0,1,91,9,101,292,98,163,10,563,0,0,0,563
03/09/2016,RDU,NC,ASO,EN,Combined TRACON& Tower with Radar,284,94,68,0,446,0,1,88,21,110,284,95,156,21,556,0,0,0,556
03/10/2016,RDU,NC,ASO,EN,Combined TRACON& Tower with Radar,311,99,88,11,509,0,0,49,21,70,311,99,137,32,579,0,0,0,579
03/11/2016,RDU,NC,ASO,EN,Combined TRACON& Tower with Radar,307,96,75,7,485,0,0,69,0,69,307,96,144,7,554,0,0,0,554
03/12/2016,RDU,NC,ASO,EN,Combined TRACON& Tower with Radar,224,60,50,0,334,0,0,49,0,49,224,60,99,0,383,0,0,0,383
03/13/2016,RDU,NC,ASO,EN,Combined TRACON& Tower with Radar,277,73,89,0,439,0,0,12,2,14,277,73,101,2,453,0,0,0,453
03/14/2016,RDU,NC,ASO,EN,Combined TRACON& Tower with Radar,289,94,67,2,452,0,0,11,9,20,289,94,78,11,472,0,0,0,472
03/15/2016,RDU,NC,ASO,EN,Combined TRACON& Tower with Radar,310,103,72,3,488,0,0,71,12,83,310,103,143,15,571,0,0,0,571
03/16/2016,RDU,NC,ASO,EN,Combined TRACON& Tower with Radar,298,95,81,2,476,0,0,108,11,119,298,95,189,13,595,14,0,14,609
03/17/2016,RDU,NC,ASO,EN,Combined TRACON& Tower with Radar,299,112,90,1,502,0,2,79,19,100,299,114,169,20,602,0,0,0,602
03/18/2016,RDU,NC,ASO,EN,Combined TRACON& Tower with Radar,308,102,102,0,512,0,1,110,9,120,308,103,212,9,632,0,0,0,632
03/19/2016,RDU,NC,ASO,EN,Combined TRACON& Tower with Radar,227,65,43,0,335,0,1,40,1,42,227,66,83,1,377,0,0,0,377
03/20/2016,RDU,NC,ASO,EN,Combined TRACON& Tower with Radar,277,84,78,4,443,0,0,0,0,0,277,84,78,4,443,0,0,0,443
03/21/2016,RDU,NC,ASO,EN,Combined TRACON& Tower with Radar,302,87,65,0,454,0,0,57,13,70,302,87,122,13,524,0,0,0,524
03/22/2016,RDU,NC,ASO,EN,Combined TRACON& Tower with Radar,300,100,57,2,459,0,2,66,12,80,300,102,123,14,539,0,0,0,539
03/23/2016,RDU,NC,ASO,EN,Combined TRACON& Tower with Radar,295,102,82,2,481,0,0,56,15,71,295,102,138,17,552,0,0,0,552
03/24/2016,RDU,NC,ASO,EN,Combined TRACON& Tower with Radar,295,112,99,3,509,0,2,81,19,102,295,114,180,22,611,0,0,0,611
03/25/2016,RDU,NC,ASO,EN,Combined TRACON& Tower with Radar,315,92,57,1,465,0,0,36,2,38,315,92,93,3,503,6,42,48,551
03/26/2016,RDU,NC,ASO,EN,Combined TRACON& Tower with Radar,233,65,39,0,337,0,0,57,2,59,233,65,96,2,396,30,0,30,426
03/27/2016,RDU,NC,ASO,EN,Combined TRACON& Tower with Radar,276,89,41,1,407,0,0,0,0,0,276,89,41,1,407,0,0,0,407
03/28/2016,RDU,NC,ASO,EN,Combined TRACON& Tower with Radar,300,94,80,0,474,0,0,40,5,45,300,94,120,5,519,0,0,0,519
03/29/2016,RDU,NC,ASO,EN,Combined TRACON& Tower with Radar,294,104,80,5,483,0,3,113,7,123,294,107,193,12,606,0,0,0,606
03/30/2016,RDU,NC,ASO,EN,Combined TRACON& Tower with Radar,300,98,52,4,454,0,1,83,12,96,300,99,135,16,550,0,0,0,550
03/31/2016,RDU,NC,ASO,EN,Combined TRACON& Tower with Radar,300,103,61,0,464,0,0,35,19,54,300,103,96,19,518,0,0,0,518
04/01/2016,RDU,NC,ASO,EN,Combined TRACON& Tower with Radar,302,122,57,2,483,0,0,13,3,16,302,122,70,5,499,0,4,4,503
04/02/2016,RDU,NC,ASO,EN,Combined TRACON& Tower with Radar,228,98,63,1,390,0,1,36,16,53,228,99,99,17,443,64,0,64,507
04/03/2016,RDU,NC,ASO,EN,Combined TRACON& Tower with Radar,267,91,42,3,403,0,0,72,3,75,267,91,114,6,478,4,0,4,482
04/04/2016,RDU,NC,ASO,EN,Combined TRACON& Tower with Radar,296,104,55,6,461,0,0,70,2,72,296,104,125,8,533,0,0,0,533
04/05/2016,RDU,NC,ASO,EN,Combined TRACON& Tower with Radar,303,99,73,0,475,0,0,72,1,73,303,99,145,1,548,0,0,0,548
04/06/2016,RDU,NC,ASO,EN,Combined TRACON& Tower with Radar,305,95,90,4,494,0,0,89,0,89,305,95,179,4,583,30,0,30,613
04/07/2016,RDU,NC,ASO,EN,Combined TRACON& Tower with Radar,289,118,105,0,512,0,0,15,0,15,289,118,120,0,527,0,0,0,527
04/08/2016,RDU,NC,ASO,EN,Combined TRACON& Tower with Radar,311,130,106,13,560,0,1,80,1,82,311,131,186,14,642,0,0,0,642
04/09/2016,RDU,NC,ASO,EN,Combined TRACON& Tower with Radar,248,64,27,0,339,0,1,23,0,24,248,65,50,0,363,0,0,0,363
04/10/2016,RDU,NC,ASO,EN,Combined TRACON& Tower with Radar,276,88,58,4,426,0,0,83,0,83,276,88,141,4,509,0,0,0,509
04/11/2016,RDU,NC,ASO,EN,Combined TRACON& Tower with Radar,302,103,86,10,501,0,0,65,5,70,302,103,151,15,571,2,0,2,573
04/12/2016,RDU,NC,ASO,EN,Combined TRACON& Tower with Radar,309,98,59,2,468,0,0,0,0,0,309,98,59,2,468,0,0,0,468
04/13/2016,RDU,NC,ASO,EN,Combined TRACON& Tower with Radar,309,98,88,5,500,0,0,100,1,101,309,98,188,6,601,0,12,12,613
04/14/2016,RDU,NC,ASO,EN,Combined TRACON& Tower with Radar,324,110,94,11,539,0,0,76,2,78,324,110,170,13,617,0,0,0,617
04/15/2016,RDU,NC,ASO,EN,Combined TRACON& Tower with Radar,327,101,74,2,504,0,0,91,5,96,327,101,165,7,600,20,0,20,620
04/16/2016,RDU,NC,ASO,EN,Combined TRACON& Tower with Radar,234,50,48,0,332,0,0,100,0,100,234,50,148,0,432,8,0,8,440
04/17/2016,RDU,NC,ASO,EN,Combined TRACON& Tower with Radar,289,83,63,1,436,0,0,80,1,81,289,83,143,2,517,0,0,0,517
04/18/2016,RDU,NC,ASO,EN,Combined TRACON& Tower with Radar,317,106,74,5,502,0,0,82,2,84,317,106,156,7,586,18,0,18,604
04/19/2016,RDU,NC,ASO,EN,Combined TRACON& Tower with Radar,311,100,87,7,505,0,0,66,3,69,311,100,153,10,574,6,0,6,580
04/20/2016,RDU,NC,ASO,EN,Combined TRACON& Tower with Radar,317,95,88,3,503,0,0,63,11,74,317,95,151,14,577,0,0,0,577
04/21/2016,RDU,NC,ASO,EN,Combined TRACON& Tower with Radar,315,120,112,4,551,0,2,62,2,66,315,122,174,6,617,0,0,0,617
04/22/2016,RDU,NC,ASO,EN,Combined TRACON& Tower with Radar,326,113,83,2,524,0,1,2,1,4,326,114,85,3,528,0,0,0,528
04/23/2016,RDU,NC,ASO,EN,Combined TRACON& Tower with Radar,242,75,55,0,372,0,0,60,2,62,242,75,115,2,434,40,0,40,474
04/24/2016,RDU,NC,ASO,EN,Combined TRACON& Tower with Radar,287,87,72,1,447,0,2,86,0,88,287,89,158,1,535,0,0,0,535
04/25/2016,RDU,NC,ASO,EN,Combined TRACON& Tower with Radar,316,91,85,2,494,0,0,90,19,109,316,91,175,21,603,0,0,0,603
04/26/2016,RDU,NC,ASO,EN,Combined TRACON& Tower with Radar,307,105,78,3,493,0,0,87,12,99,307,105,165,15,592,0,0,0,592
04/27/2016,RDU,NC,ASO,EN,Combined TRACON& Tower with Radar,320,106,113,0,539,0,0,70,15,85,320,106,183,15,624,0,0,0,624
04/28/2016,RDU,NC,ASO,EN,Combined TRACON& Tower with Radar,320,105,111,3,539,0,0,26,6,32,320,105,137,9,571,0,12,12,583
04/29/2016,RDU,NC,ASO,EN,Combined TRACON& Tower with Radar,317,104,70,4,495,0,0,83,1,84,317,104,153,5,579,12,0,12,591
04/30/2016,RDU,NC,ASO,EN,Combined TRACON& Tower with Radar,252,57,55,1,365,0,0,4,0,4,252,57,59,1,369,0,0,0,369
05/01/2016,RDU,NC,ASO,EN,Combined TRACON& Tower with Radar,292,89,50,0,431,0,0,11,2,13,292,89,61,2,444,28,0,28,472
05/02/2016,RDU,NC,ASO,EN,Combined TRACON& Tower with Radar,322,96,81,0,499,0,1,21,3,25,322,97,102,3,524,18,0,18,542
05/03/2016,RDU,NC,ASO,EN,Combined TRACON& Tower with Radar,309,108,90,0,507,0,1,13,2,16,309,109,103,2,523,0,0,0,523
05/04/2016,RDU,NC,ASO,EN,Combined TRACON& Tower with Radar,319,125,97,1,542,0,0,60,10,70,319,125,157,11,612,0,0,0,612
05/05/2016,RDU,NC,ASO,EN,Combined TRACON& Tower with Radar,320,102,90,5,517,0,0,2,0,2,320,102,92,5,519,0,0,0,519
05/06/2016,RDU,NC,ASO,EN,Combined TRACON& Tower with Radar,335,101,87,15,538,0,0,17,2,19,335,101,104,17,557,0,0,0,557
05/07/2016,RDU,NC,ASO,EN,Combined TRACON& Tower with Radar,254,75,55,4,388,0,0,88,0,88,254,75,143,4,476,0,0,0,476
05/08/2016,RDU,NC,ASO,EN,Combined TRACON& Tower with Radar,289,65,59,4,417,0,3,48,0,51,289,68,107,4,468,0,0,0,468
05/09/2016,RDU,NC,ASO,EN,Combined TRACON& Tower with Radar,331,95,95,9,530,0,0,70,24,94,331,95,165,33,624,0,0,0,624
05/10/2016,RDU,NC,ASO,EN,Combined TRACON& Tower with Radar,330,97,81,1,509,0,0,86,29,115,330,97,167,30,624,0,0,0,624
05/11/2016,RDU,NC,ASO,EN,Combined TRACON& Tower with Radar,330,93,92,5,520,0,0,63,16,79,330,93,155,21,599,0,0,0,599
05/12/2016,RDU,NC,ASO,EN,Combined TRACON& Tower with Radar,330,117,102,4,553,0,0,21,0,21,330,117,123,4,574,0,0,0,574
05/13/2016,RDU,NC,ASO,EN,Combined TRACON& Tower with Radar,342,108,83,9,542,0,2,43,8,53,342,110,126,17,595,0,16,16,611
05/14/2016,RDU,NC,ASO,EN,Combined TRACON& Tower with Radar,252,89,46,5,392,0,0,69,7,76,252,89,115,12,468,0,0,0,468
05/15/2016,RDU,NC,ASO,EN,Combined TRACON& Tower with Radar,308,95,75,1,479,0,1,109,2,112,308,96,184,3,591,0,0,0,591
05/16/2016,RDU,NC,ASO,EN,Combined TRACON& Tower with Radar,338,94,63,16,511,0,4,97,8,109,338,98,160,24,620,14,8,22,642
05/17/2016,RDU,NC,ASO,EN,Combined TRACON& Tower with Radar,322,91,76,4,493,0,0,2,3,5,322,91,78,7,498,0,0,0,498
05/18/2016,RDU,NC,ASO,EN,Combined TRACON& Tower with Radar,329,83,102,1,515,0,0,0,2,2,329,83,102,3,517,0,0,0,517
05/19/2016,RDU,NC,ASO,EN,Combined TRACON& Tower with Radar,331,102,102,1,536,0,0,4,0,4,331,102,106,1,540,0,0,0,540
05/20/2016,RDU,NC,ASO,EN,Combined TRACON& Tower with Radar,340,94,91,4,529,0,2,53,11,66,340,96,144,15,595,6,0,6,601
05/21/2016,RDU,NC,ASO,EN,Combined TRACON& Tower with Radar,252,65,46,4,367,0,0,11,0,11,252,65,57,4,378,0,0,0,378
05/22/2016,RDU,NC,ASO,EN,Combined TRACON& Tower with Radar,310,73,77,3,463,0,1,17,1,19,310,74,94,4,482,10,0,10,492
05/23/2016,RDU,NC,ASO,EN,Combined TRACON& Tower with Radar,333,98,78,7,516,0,0,32,9,41,333,98,110,16,557,0,0,0,557
05/24/2016,RDU,NC,ASO,EN,Combined TRACON& Tower with Radar,331,94,79,11,515,0,0,88,18,106,331,94,167,29,621,0,0,0,621
05/25/2016,RDU,NC,ASO,EN,Combined TRACON& Tower with Radar,331,94,78,4,507,0,0,97,28,125,331,94,175,32,632,0,0,0,632
05/26/2016,RDU,NC,ASO,EN,Combined TRACON& Tower with Radar,331,103,86,8,528,0,0,76,19,95,331,103,162,27,623,0,0,0,623
05/27/2016,RDU,NC,ASO,EN,Combined TRACON& Tower with Radar,338,99,65,2,504,0,0,107,4,111,338,99,172,6,615,0,0,0,615
05/28/2016,RDU,NC,ASO,EN,Combined TRACON& Tower with Radar,253,61,39,0,353,0,1,45,0,46,253,62,84,0,399,20,0,20,419
05/29/2016,RDU,NC,ASO,EN,Combined TRACON& Tower with Radar,248,48,30,0,326,0,0,1,0,1,248,48,31,0,327,0,0,0,327
05/30/2016,RDU,NC,ASO,EN,Combined TRACON& Tower with Radar,299,82,48,0,429,0,0,7,0,7,299,82,55,0,436,0,0,0,436
05/31/2016,RDU,NC,ASO,EN,Combined TRACON& Tower with Radar,332,109,86,6,533,0,0,28,9,37,332,109,114,15,570,0,0,0,570
06/01/2016,RDU,NC,ASO,EN,Combined TRACON& Tower with Radar,331,106,90,6,533,0,0,30,6,36,331,106,120,12,569,0,0,0,569
06/02/2016,RDU,NC,ASO,EN,Combined TRACON& Tower with Radar,328,92,107,1,528,0,0,36,7,43,328,92,143,8,571,8,0,8,579
06/03/2016,RDU,NC,ASO,EN,Combined TRACON& Tower with Radar,342,91,67,2,502,0,1,77,9,87,342,92,144,11,589,14,0,14,603
06/04/2016,RDU,NC,ASO,EN,Combined TRACON& Tower with Radar,258,64,39,0,361,0,0,67,5,72,258,64,106,5,433,40,0,40,473
06/05/2016,RDU,NC,ASO,EN,Combined TRACON& Tower with Radar,298,64,47,0,409,0,0,12,0,12,298,64,59,0,421,0,0,0,421
06/06/2016,RDU,NC,ASO,EN,Combined TRACON& Tower with Radar,338,81,68,5,492,0,0,17,6,23,338,81,85,11,515,0,0,0,515
06/07/2016,RDU,NC,ASO,EN,Combined TRACON& Tower with Radar,353,82,100,0,535,0,0,61,7,68,353,82,161,7,603,0,0,0,603
06/08/2016,RDU,NC,ASO,EN,Combined TRACON& Tower with Radar,336,90,72,4,502,0,2,90,20,112,336,92,162,24,614,0,0,0,614
06/09/2016,RDU,NC,ASO,EN,Combined TRACON& Tower with Radar,339,86,78,3,506,0,1,98,12,111,339,87,176,15,617,20,4,24,641
06/10/2016,RDU,NC,ASO,EN,Combined TRACON& Tower with Radar,339,96,93,15,543,0,1,127,2,130,339,97,220,17,673,20,0,20,693
06/11/2016,RDU,NC,ASO,EN,Combined TRACON& Tower with Radar,260,67,30,5,362,0,1,64,6,71,260,68,94,11,433,0,0,0,433
06/12/2016,RDU,NC,ASO,EN,Combined TRACON& Tower with Radar,308,69,66,1,444,0,1,68,4,73,308,70,134,5,517,0,0,0,517
06/13/2016,RDU,NC,ASO,EN,Combined TRACON& Tower with Radar,331,83,87,5,506,0,0,95,11,106,331,83,182,16,612,0,0,0,612
06/14/2016,RDU,NC,ASO,EN,Combined TRACON& Tower with Radar,341,89,94,0,524,0,0,84,17,101,341,89,178,17,625,0,0,0,625
06/15/2016,RDU,NC,ASO,EN,Combined TRACON& Tower with Radar,340,81,75,0,496,0,1,28,12,41,340,82,103,12,537,2,34,36,573
06/16/2016,RDU,NC,ASO,EN,Combined TRACON& Tower with Radar,329,102,110,2,543,0,2,68,15,85,329,104,178,17,628,0,0,0,628
06/17/2016,RDU,NC,ASO,EN,Combined TRACON& Tower with Radar,340,93,67,3,503,0,0,61,2,63,340,93,128,5,566,0,0,0,566
06/18/2016,RDU,NC,ASO,EN,Combined TRACON& Tower with Radar,271,65,29,0,365,0,2,76,0,78,271,67,105,0,443,0,0,0,443
06/19/2016,RDU,NC,ASO,EN,Combined TRACON& Tower with Radar,303,65,49,0,417,0,0,73,0,73,303,65,122,0,490,0,0,0,490
06/20/2016,RDU,NC,ASO,EN,Combined TRACON& Tower with Radar,331,87,74,0,492,0,2,90,17,109,331,89,164,17,601,0,0,0,601
06/21/2016,RDU,NC,ASO,EN,Combined TRACON& Tower with Radar,323,82,58,4,467,0,1,68,17,86,323,83,126,21,553,0,0,0,553
06/22/2016,RDU,NC,ASO,EN,Combined TRACON& Tower with Radar,340,95,85,1,521,0,1,67,12,80,340,96,152,13,601,0,22,22,623
06/23/2016,RDU,NC,ASO,EN,Combined TRACON& Tower with Radar,305,82,67,0,454,0,1,54,1,56,305,83,121,1,510,0,0,0,510
06/24/2016,RDU,NC,ASO,EN,Combined TRACON& Tower with Radar,342,91,71,1,505,0,0,67,6,73,342,91,138,7,578,0,0,0,578
06/25/2016,RDU,NC,ASO,EN,Combined TRACON& Tower with Radar,270,55,74,3,402,0,0,11,3,14,270,55,85,6,416,6,0,6,422
06/26/2016,RDU,NC,ASO,EN,Combined TRACON& Tower with Radar,299,62,65,1,427,0,0,77,2,79,299,62,142,3,506,28,0,28,534
06/27/2016,RDU,NC,ASO,EN,Combined TRACON& Tower with Radar,341,79,77,3,500,0,1,64,23,88,341,80,141,26,588,0,34,34,622
06/28/2016,RDU,NC,ASO,EN,Combined TRACON& Tower with Radar,320,78,86,2,486,0,0,6,24,30,320,78,92,26,516,0,0,0,516
06/29/2016,RDU,NC,ASO,EN,Combined TRACON& Tower with Radar,345,104,93,0,542,0,1,81,2,84,345,105,174,2,626,0,0,0,626
06/30/2016,RDU,NC,ASO,EN,Combined TRACON& Tower with Radar,339,93,115,0,547,0,0,45,14,59,339,93,160,14,606,0,0,0,606
07/01/2016,RDU,NC,ASO,EN,Combined TRACON& Tower with Radar,314,74,49,0,437,0,1,46,5,52,314,75,95,5,489,46,38,84,573
07/02/2016,RDU,NC,ASO,EN,Combined TRACON& Tower with Radar,270,57,50,0,377,0,0,49,1,50,270,57,99,1,427,0,0,0,427
07/03/2016,RDU,NC,ASO,EN,Combined TRACON& Tower with Radar,252,50,29,0,331,0,0,1,0,1,252,50,30,0,332,0,0,0,332
07/04/2016,RDU,NC,ASO,EN,Combined TRACON& Tower with Radar,266,49,22,0,337,0,0,6,0,6,266,49,28,0,343,0,0,0,343
07/05/2016,RDU,NC,ASO,EN,Combined TRACON& Tower with Radar,326,75,68,2,471,0,0,48,6,54,326,75,116,8,525,0,0,0,525
07/06/2016,RDU,NC,ASO,EN,Combined TRACON& Tower with Radar,331,78,61,4,474,0,1,72,10,83,331,79,133,14,557,4,0,4,561
07/07/2016,RDU,NC,ASO,EN,Combined TRACON& Tower with Radar,332,66,86,4,488,0,3,76,9,88,332,69,162,13,576,6,0,6,582
07/08/2016,RDU,NC,ASO,EN,Combined TRACON& Tower with Radar,311,77,48,5,441,0,1,99,3,103,311,78,147,8,544,0,0,0,544
07/09/2016,RDU,NC,ASO,EN,Combined TRACON& Tower with Radar,281,50,26,0,357,0,0,81,0,81,281,50,107,0,438,0,0,0,438
07/10/2016,RDU,NC,ASO,EN,Combined TRACON& Tower with Radar,307,69,37,0,413,0,3,93,2,98,307,72,130,2,511,0,0,0,511
07/11/2016,RDU,NC,ASO,EN,Combined TRACON& Tower with Radar,330,87,79,2,498,0,0,58,2,60,330,87,137,4,558,6,26,32,590
07/12/2016,RDU,NC,ASO,EN,Combined TRACON& Tower with Radar,338,97,78,7,520,0,1,61,3,65,338,98,139,10,585,10,0,10,595
07/13/2016,RDU,NC,ASO,EN,Combined TRACON& Tower with Radar,314,76,81,1,472,0,0,64,13,77,314,76,145,14,549,0,0,0,549
07/14/2016,RDU,NC,ASO,EN,Combined TRACON& Tower with Radar,325,100,84,4,513,0,0,78,11,89,325,100,162,15,602,0,0,0,602
07/15/2016,RDU,NC,ASO,EN,Combined TRACON& Tower with Radar,335,93,70,0,498,0,0,70,8,78,335,93,140,8,576,0,0,0,576
07/16/2016,RDU,NC,ASO,EN,Combined TRACON& Tower with Radar,263,46,52,3,364,0,1,13,0,14,263,47,65,3,378,0,0,0,378
07/17/2016,RDU,NC,ASO,EN,Combined TRACON& Tower with Radar,308,58,68,0,434,0,0,22,0,22,308,58,90,0,456,24,0,24,480
07/18/2016,RDU,NC,ASO,EN,Combined TRACON& Tower with Radar,323,75,89,10,497,0,0,62,1,63,323,75,151,11,560,0,0,0,560
07/19/2016,RDU,NC,ASO,EN,Combined TRACON& Tower with Radar,337,87,74,4,502,0,4,54,12,70,337,91,128,16,572,0,0,0,572
07/20/2016,RDU,NC,ASO,EN,Combined TRACON& Tower with Radar,331,87,63,6,487,0,0,81,22,103,331,87,144,28,590,0,0,0,590
07/21/2016,RDU,NC,ASO,EN,Combined TRACON& Tower with Radar,312,99,93,10,514,0,0,113,17,130,312,99,206,27,644,0,0,0,644
07/22/2016,RDU,NC,ASO,EN,Combined TRACON& Tower with Radar,312,91,64,3,470,0,0,85,2,87,312,91,149,5,557,0,0,0,557
07/23/2016,RDU,NC,ASO,EN,Combined TRACON& Tower with Radar,267,53,50,1,371,0,0,71,0,71,267,53,121,1,442,0,0,0,442
07/24/2016,RDU,NC,ASO,EN,Combined TRACON& Tower with Radar,292,60,45,0,397,0,2,57,0,59,292,62,102,0,456,26,0,26,482
07/25/2016,RDU,NC,ASO,EN,Combined TRACON& Tower with Radar,286,78,82,1,447,0,1,57,16,74,286,79,139,17,521,0,0,0,521
07/26/2016,RDU,NC,ASO,EN,Combined TRACON& Tower with Radar,340,83,69,2,494,0,1,59,10,70,340,84,128,12,564,6,0,6,570
07/27/2016,RDU,NC,ASO,EN,Combined TRACON& Tower with Radar,326,91,83,0,500,0,0,50,12,62,326,91,133,12,562,0,0,0,562
07/28/2016,RDU,NC,ASO,EN,Combined TRACON& Tower with Radar,311,89,83,1,484,0,0,79,16,95,311,89,162,17,579,0,18,18,597
07/29/2016,RDU,NC,ASO,EN,Combined TRACON& Tower with Radar,324,97,65,15,501,0,0,67,7,74,324,97,132,22,575,8,0,8,583
07/30/2016,RDU,NC,ASO,EN,Combined TRACON& Tower with Radar,252,49,29,0,330,0,2,58,0,60,252,51,87,0,390,8,0,8,398
07/31/2016,RDU,NC,ASO,EN,Combined TRACON& Tower with Radar,279,66,63,3,411,0,2,37,1,40,279,68,100,4,451,0,0,0,451
08/01/2016,RDU,NC,ASO,EN,Combined TRACON& Tower with Radar,339,86,72,3,500,0,0,33,1,34,339,86,105,4,534,0,0,0,534
08/02/2016,RDU,NC,ASO,EN,Combined TRACON& Tower with Radar,337,87,94,6,524,0,0,25,10,35,337,87,119,16,559,0,0,0,559
08/03/2016,RDU,NC,ASO,EN,Combined TRACON& Tower with Radar,339,98,82,4,523,0,0,31,1,32,339,98,113,5,555,0,0,0,555
08/04/2016,RDU,NC,ASO,EN,Combined TRACON& Tower with Radar,336,109,87,5,537,0,0,47,0,47,336,109,134,5,584,4,0,4,588
08/05/2016,RDU,NC,ASO,EN,Combined TRACON& Tower with Radar,345,97,86,1,529,0,0,12,6,18,345,97,98,7,547,0,0,0,547
08/06/2016,RDU,NC,ASO,EN,Combined TRACON& Tower with Radar,264,63,40,0,367,0,0,52,2,54,264,63,92,2,421,28,0,28,449
08/07/2016,RDU,NC,ASO,EN,Combined TRACON& Tower with Radar,303,67,60,0,430,0,1,20,3,24,303,68,80,3,454,0,0,0,454
08/08/2016,RDU,NC,ASO,EN,Combined TRACON& Tower with Radar,293,83,89,0,465,0,0,12,1,13,293,83,101,1,478,0,0,0,478
08/09/2016,RDU,NC,ASO,EN,Combined TRACON& Tower with Radar,315,101,121,1,538,0,1,26,0,27,315,102,147,1,565,0,0,0,565
08/10/2016,RDU,NC,ASO,EN,Combined TRACON& Tower with Radar,326,95,84,1,506,0,0,32,16,48,326,95,116,17,554,3,0,3,557
08/11/2016,RDU,NC,ASO,EN,Combined TRACON& Tower with Radar,320,101,117,12,550,0,1,63,14,78,320,102,180,26,628,2,0,2,630
08/12/2016,RDU,NC,ASO,EN,Combined TRACON& Tower with Radar,331,84,63,3,481,0,0,63,3,66,331,84,126,6,547,0,0,0,547
08/13/2016,RDU,NC,ASO,EN,Combined TRACON& Tower with Radar,256,61,46,2,365,0,0,67,0,67,256,61,113,2,432,14,0,14,446
08/14/2016,RDU,NC,ASO,EN,Combined TRACON& Tower with Radar,302,71,45,3,421,0,0,43,0,43,302,71,88,3,464,30,0,30,494
08/15/2016,RDU,NC,ASO,EN,Combined TRACON& Tower with Radar,322,95,91,3,511,0,1,66,15,82,322,96,157,18,593,14,0,14,607
08/16/2016,RDU,NC,ASO,EN,Combined TRACON& Tower with Radar,328,90,79,19,516,0,2,67,12,81,328,92,146,31,597,6,0,6,603
08/17/2016,RDU,NC,ASO,EN,Combined TRACON& Tower with Radar,324,103,99,11,537,0,1,59,20,80,324,104,158,31,617,0,0,0,617
08/18/2016,RDU,NC,ASO,EN,Combined TRACON& Tower with Radar,322,102,90,11,525,0,0,44,17,61,322,102,134,28,586,8,0,8,594
08/19/2016,RDU,NC,ASO,EN,Combined TRACON& Tower with Radar,305,122,64,4,495,0,0,41,7,48,305,122,105,11,543,0,0,0,543
08/20/2016,RDU,NC,ASO,EN,Combined TRACON& Tower with Radar,231,69,52,5,357,0,2,19,2,23,231,71,71,7,380,0,0,0,380
08/21/2016,RDU,NC,ASO,EN,Combined TRACON& Tower with Radar,268,81,50,0,399,0,0,47,0,47,268,81,97,0,446,0,0,0,446
08/22/2016,RDU,NC,ASO,EN,Combined TRACON& Tower with Radar,307,132,64,2,505,0,1,70,19,90,307,133,134,21,595,0,0,0,595
08/23/2016,RDU,NC,ASO,EN,Combined TRACON& Tower with Radar,321,116,71,8,516,0,1,76,13,90,321,117,147,21,606,0,0,0,606
08/24/2016,RDU,NC,ASO,EN,Combined TRACON& Tower with Radar,302,137,101,2,542,0,2,89,15,106,302,139,190,17,648,0,0,0,648
08/25/2016,RDU,NC,ASO,EN,Combined TRACON& Tower with Radar,309,124,109,4,546,0,0,97,12,109,309,124,206,16,655,6,0,6,661
08/26/2016,RDU,NC,ASO,EN,Combined TRACON& Tower with Radar,312,116,90,13,531,0,0,83,8,91,312,116,173,21,622,0,0,0,622
08/27/2016,RDU,NC,ASO,EN,Combined TRACON& Tower with Radar,210,71,47,0,328,0,3,48,4,55,210,74,95,4,383,0,0,0,383
08/28/2016,RDU,NC,ASO,EN,Combined TRACON& Tower with Radar,275,67,55,2,399,0,0,36,0,36,275,67,91,2,435,0,0,0,435
08/29/2016,RDU,NC,ASO,EN,Combined TRACON& Tower with Radar,310,94,98,4,506,0,0,56,17,73,310,94,154,21,579,16,0,16,595
08/30/2016,RDU,NC,ASO,EN,Combined TRACON& Tower with Radar,312,87,100,2,501,0,0,68,21,89,312,87,168,23,590,16,0,16,606
08/31/2016,RDU,NC,ASO,EN,Combined TRACON& Tower with Radar,306,98,86,5,495,0,0,52,20,72,306,98,138,25,567,0,0,0,567
09/01/2016,RDU,NC,ASO,EN,Combined TRACON& Tower with Radar,315,90,90,2,497,0,0,35,0,35,315,90,125,2,532,0,0,0,532
09/02/2016,RDU,NC,ASO,EN,Combined TRACON& Tower with Radar,318,96,34,3,451,0,0,0,0,0,318,96,34,3,451,0,0,0,451
09/03/2016,RDU,NC,ASO,EN,Combined TRACON& Tower with Radar,199,61,50,5,315,0,0,12,0,12,199,61,62,5,327,0,0,0,327
09/04/2016,RDU,NC,ASO,EN,Combined TRACON& Tower with Radar,203,61,37,0,301,0,1,56,1,58,203,62,93,1,359,0,0,0,359
09/05/2016,RDU,NC,ASO,EN,Combined TRACON& Tower with Radar,274,87,69,0,430,0,0,63,1,64,274,87,132,1,494,0,0,0,494
09/06/2016,RDU,NC,ASO,EN,Combined TRACON& Tower with Radar,300,93,69,4,466,0,1,87,15,103,300,94,156,19,569,0,0,0,569
09/07/2016,RDU,NC,ASO,EN,Combined TRACON& Tower with Radar,289,98,80,3,470,0,0,63,14,77,289,98,143,17,547,0,0,0,547
09/08/2016,RDU,NC,ASO,EN,Combined TRACON& Tower with Radar,304,106,100,10,520,0,1,80,25,106,304,107,180,35,626,12,0,12,638
09/09/2016,RDU,NC,ASO,EN,Combined TRACON& Tower with Radar,297,114,73,4,488,0,0,76,8,84,297,114,149,12,572,8,0,8,580
09/10/2016,RDU,NC,ASO,EN,Combined TRACON& Tower with Radar,204,69,71,2,346,0,0,86,6,92,204,69,157,8,438,0,0,0,438
09/11/2016,RDU,NC,ASO,EN,Combined TRACON& Tower with Radar,281,97,66,8,452,0,0,65,0,65,281,97,131,8,517,6,0,6,523
09/12/2016,RDU,NC,ASO,EN,Combined TRACON& Tower with Radar,300,95,87,3,485,0,2,50,0,52,300,97,137,3,537,0,0,0,537
09/13/2016,RDU,NC,ASO,EN,Combined TRACON& Tower with Radar,313,101,88,17,519,0,0,82,12,94,313,101,170,29,613,0,0,0,613
09/14/2016,RDU,NC,ASO,EN,Combined TRACON& Tower with Radar,304,104,80,2,490,0,2,67,26,95,304,106,147,28,585,0,0,0,585
09/15/2016,RDU,NC,ASO,EN,Combined TRACON& Tower with Radar,330,94,100,4,528,0,1,78,19,98,330,95,178,23,626,0,0,0,626
09/16/2016,RDU,NC,ASO,EN,Combined TRACON& Tower with Radar,333,94,103,5,535,0,0,36,8,44,333,94,139,13,579,20,0,20,599
09/17/2016,RDU,NC,ASO,EN,Combined TRACON& Tower with Radar,229,53,61,1,344,0,0,30,0,30,229,53,91,1,374,0,0,0,374
09/18/2016,RDU,NC,ASO,EN,Combined TRACON& Tower with Radar,298,68,55,4,425,0,1,29,3,33,298,69,84,7,458,25,0,25,483
09/19/2016,RDU,NC,ASO,EN,Combined TRACON& Tower with Radar,316,80,65,0,461,0,0,0,0,0,316,80,65,0,461,0,0,0,461
09/20/2016,RDU,NC,ASO,EN,Combined TRACON& Tower with Radar,340,80,104,2,526,0,0,9,4,13,340,80,113,6,539,0,14,14,553
09/21/2016,RDU,NC,ASO,EN,Combined TRACON& Tower with Radar,319,80,84,3,486,0,0,3,2,5,319,80,87,5,491,0,0,0,491
09/22/2016,RDU,NC,ASO,EN,Combined TRACON& Tower with Radar,331,101,102,3,537,0,2,6,6,14,331,103,108,9,551,0,34,34,585
09/23/2016,RDU,NC,ASO,EN,Combined TRACON& Tower with Radar,332,73,76,4,485,0,0,41,2,43,332,73,117,6,528,0,0,0,528
09/24/2016,RDU,NC,ASO,EN,Combined TRACON& Tower with Radar,230,56,45,4,335,0,2,101,2,105,230,58,146,6,440,0,0,0,440
09/25/2016,RDU,NC,ASO,EN,Combined TRACON& Tower with Radar,302,70,78,2,452,0,0,7,1,8,302,70,85,3,460,0,0,0,460
09/26/2016,RDU,NC,ASO,EN,Combined TRACON& Tower with Radar,327,77,74,6,484,0,0,37,9,46,327,77,111,15,530,6,0,6,536
09/27/2016,RDU,NC,ASO,EN,Combined TRACON& Tower with Radar,342,85,74,3,504,0,0,44,10,54,342,85,118,13,558,0,16,16,574
09/28/2016,RDU,NC,ASO,EN,Combined TRACON& Tower with Radar,321,95,90,5,511,0,0,24,14,38,321,95,114,19,549,0,34,34,583
09/29/2016,RDU,NC,ASO,EN,Combined TRACON& Tower with Radar,334,97,89,3,523,0,0,35,6,41,334,97,124,9,564,18,0,18,582
09/30/2016,RDU,NC,ASO,EN,Combined TRACON& Tower with Radar,335,111,99,1,546,0,0,17,0,17,335,111,116,1,563,0,0,0,563
10/01/2016,RDU,NC,ASO,EN,Combined TRACON& Tower with Radar,243,74,55,1,373,0,0,73,0,73,243,74,128,1,446,0,0,0,446
10/02/2016,RDU,NC,ASO,EN,Combined TRACON& Tower with Radar,310,76,72,1,459,0,0,38,1,39,310,76,110,2,498,0,0,0,498
10/03/2016,RDU,NC,ASO,EN,Combined TRACON& Tower with Radar,333,81,64,2,480,0,0,72,8,80,333,81,136,10,560,0,0,0,560
10/04/2016,RDU,NC,ASO,EN,Combined TRACON& Tower with Radar,337,94,85,7,523,0,0,80,14,94,337,94,165,21,617,0,10,10,627
10/05/2016,RDU,NC,ASO,EN,Combined TRACON& Tower with Radar,323,110,124,3,560,0,0,20,6,26,323,110,144,9,586,16,0,16,602
10/06/2016,RDU,NC,ASO,EN,Combined TRACON& Tower with Radar,331,101,87,4,523,0,0,21,11,32,331,101,108,15,555,0,0,0,555
10/07/2016,RDU,NC,ASO,EN,Combined TRACON& Tower with Radar,324,86,59,1,470,0,0,0,0,0,324,86,59,1,470,0,0,0,470
10/08/2016,RDU,NC,ASO,EN,Combined TRACON& Tower with Radar,222,36,7,0,265,0,0,0,0,0,222,36,7,0,265,0,0,0,265
10/09/2016,RDU,NC,ASO,EN,Combined TRACON& Tower with Radar,296,65,36,1,398,0,0,28,10,38,296,65,64,11,436,0,0,0,436
10/10/2016,RDU,NC,ASO,EN,Combined TRACON& Tower with Radar,335,82,74,4,495,0,1,153,14,168,335,83,227,18,663,38,0,38,701
10/11/2016,RDU,NC,ASO,EN,Combined TRACON& Tower with Radar,335,75,78,4,492,0,3,133,18,154,335,78,211,22,646,22,0,22,668
10/12/2016,RDU,NC,ASO,EN,Combined TRACON& Tower with Radar,323,77,109,7,516,0,2,93,15,110,323,79,202,22,626,0,0,0,626
10/13/2016,RDU,NC,ASO,EN,Combined TRACON& Tower with Radar,378,117,83,5,583,0,5,113,27,145,378,122,196,32,728,26,0,26,754
10/14/2016,RDU,NC,ASO,EN,Combined TRACON& Tower with Radar,340,87,87,19,533,0,1,102,12,115,340,88,189,31,648,0,0,0,648
10/15/2016,RDU,NC,ASO,EN,Combined TRACON& Tower with Radar,238,54,60,0,352,0,0,107,7,114,238,54,167,7,466,14,0,14,480
10/16/2016,RDU,NC,ASO,EN,Combined TRACON& Tower with Radar,308,79,79,7,473,0,1,72,6,79,308,80,151,13,552,0,0,0,552
10/17/2016,RDU,NC,ASO,EN,Combined TRACON& Tower with Radar,336,78,89,3,506,0,5,98,8,111,336,83,187,11,617,0,0,0,617
10/18/2016,RDU,NC,ASO,EN,Combined TRACON& Tower with Radar,341,80,94,6,521,0,1,71,17,89,341,81,165,23,610,0,0,0,610
10/19/2016,RDU,NC,ASO,EN,Combined TRACON& Tower with Radar,322,92,96,0,510,0,0,77,10,87,322,92,173,10,597,0,0,0,597
10/20/2016,RDU,NC,ASO,EN,Combined TRACON& Tower with Radar,343,84,81,10,518,0,0,79,12,91,343,84,160,22,609,0,0,0,609
10/21/2016,RDU,NC,ASO,EN,Combined TRACON& Tower with Radar,335,71,91,2,499,0,0,29,1,30,335,71,120,3,529,8,0,8,537
10/22/2016,RDU,NC,ASO,EN,Combined TRACON& Tower with Radar,242,55,59,0,356,0,0,45,2,47,242,55,104,2,403,0,0,0,403
10/23/2016,RDU,NC,ASO,EN,Combined TRACON& Tower with Radar,315,84,60,2,461,0,1,68,0,69,315,85,128,2,530,0,0,0,530
10/24/2016,RDU,NC,ASO,EN,Combined TRACON& Tower with Radar,333,73,77,1,484,0,1,71,3,75,333,74,148,4,559,0,0,0,559
10/25/2016,RDU,NC,ASO,EN,Combined TRACON& Tower with Radar,327,84,91,11,513,0,0,87,18,105,327,84,178,29,618,6,0,6,624
10/26/2016,RDU,NC,ASO,EN,Combined TRACON& Tower with Radar,313,83,95,8,499,0,0,86,16,102,313,83,181,24,601,0,0,0,601
10/27/2016,RDU,NC,ASO,EN,Combined TRACON& Tower with Radar,335,86,111,1,533,0,1,72,10,83,335,87,183,11,616,0,0,0,616
10/28/2016,RDU,NC,ASO,EN,Combined TRACON& Tower with Radar,342,95,81,4,522,0,0,91,0,91,342,95,172,4,613,6,0,6,619
10/29/2016,RDU,NC,ASO,EN,Combined TRACON& Tower with Radar,241,39,44,1,325,0,3,82,2,87,241,42,126,3,412,30,0,30,442
10/30/2016,RDU,NC,ASO,EN,Combined TRACON& Tower with Radar,294,77,76,4,451,0,0,75,2,77,294,77,151,6,528,0,0,0,528
10/31/2016,RDU,NC,ASO,EN,Combined TRACON& Tower with Radar,310,63,71,8,452,0,1,56,12,69,310,64,127,20,521,0,0,0,521
11/01/2016,RDU,NC,ASO,EN,Combined TRACON& Tower with Radar,325,77,87,11,500,0,0,33,15,48,325,77,120,26,548,0,0,0,548
11/02/2016,RDU,NC,ASO,EN,Combined TRACON& Tower with Radar,320,79,113,1,513,0,1,56,21,78,320,80,169,22,591,20,14,34,625
11/03/2016,RDU,NC,ASO,EN,Combined TRACON& Tower with Radar,344,106,119,4,573,0,0,71,16,87,344,106,190,20,660,0,0,0,660
11/04/2016,RDU,NC,ASO,EN,Combined TRACON& Tower with Radar,343,101,115,4,563,0,0,74,8,82,343,101,189,12,645,0,0,0,645
11/05/2016,RDU,NC,ASO,EN,Combined TRACON& Tower with Radar,214,72,62,0,348,0,0,65,11,76,214,72,127,11,424,0,0,0,424
11/06/2016,RDU,NC,ASO,EN,Combined TRACON& Tower with Radar,322,93,86,2,503,0,2,87,2,91,322,95,173,4,594,0,0,0,594
11/07/2016,RDU,NC,ASO,EN,Combined TRACON& Tower with Radar,335,77,84,1,497,0,2,71,4,77,335,79,155,5,574,0,0,0,574
11/08/2016,RDU,NC,ASO,EN,Combined TRACON& Tower with Radar,316,80,58,1,455,0,2,80,11,93,316,82,138,12,548,0,0,0,548
11/09/2016,RDU,NC,ASO,EN,Combined TRACON& Tower with Radar,346,78,84,4,512,0,0,32,9,41,346,78,116,13,553,0,0,0,553
11/10/2016,RDU,NC,ASO,EN,Combined TRACON& Tower with Radar,359,94,107,2,562,0,0,85,0,85,359,94,192,2,647,0,0,0,647
11/11/2016,RDU,NC,ASO,EN,Combined TRACON& Tower with Radar,359,85,71,1,516,0,3,86,2,91,359,88,157,3,607,0,0,0,607
11/12/2016,RDU,NC,ASO,EN,Combined TRACON& Tower with Radar,232,71,52,0,355,0,0,73,0,73,232,71,125,0,428,0,0,0,428
11/13/2016,RDU,NC,ASO,EN,Combined TRACON& Tower with Radar,316,78,71,1,466,0,0,61,0,61,316,78,132,1,527,0,0,0,527
11/14/2016,RDU,NC,ASO,EN,Combined TRACON& Tower with Radar,352,68,79,8,507,0,0,4,0,4,352,68,83,8,511,0,0,0,511
11/15/2016,RDU,NC,ASO,EN,Combined TRACON& Tower with Radar,345,81,103,3,532,0,0,61,13,74,345,81,164,16,606,0,0,0,606
11/16/2016,RDU,NC,ASO,EN,Combined TRACON& Tower with Radar,358,79,108,5,550,0,0,88,17,105,358,79,196,22,655,0,0,0,655
11/17/2016,RDU,NC,ASO,EN,Combined TRACON& Tower with Radar,379,89,117,6,591,0,0,89,11,100,379,89,206,17,691,7,0,7,698
11/18/2016,RDU,NC,ASO,EN,Combined TRACON& Tower with Radar,357,79,104,1,541,0,1,76,18,95,357,80,180,19,636,4,0,4,640
11/19/2016,RDU,NC,ASO,EN,Combined TRACON& Tower with Radar,250,65,48,0,363,0,0,57,5,62,250,65,105,5,425,0,0,0,425
11/20/2016,RDU,NC,ASO,EN,Combined TRACON& Tower with Radar,317,60,41,1,419,0,0,64,0,64,317,60,105,1,483,0,0,0,483
11/21/2016,RDU,NC,ASO,EN,Combined TRACON& Tower with Radar,313,68,72,12,465,0,2,68,4,74,313,70,140,16,539,0,0,0,539
11/22/2016,RDU,NC,ASO,EN,Combined TRACON& Tower with Radar,367,87,102,0,556,0,3,79,2,84,367,90,181,2,640,0,0,0,640
11/23/2016,RDU,NC,ASO,EN,Combined TRACON& Tower with Radar,370,73,75,1,519,0,0,73,0,73,370,73,148,1,592,0,0,0,592
11/24/2016,RDU,NC,ASO,EN,Combined TRACON& Tower with Radar,202,35,23,0,260,0,0,14,0,14,202,35,37,0,274,0,0,0,274
11/25/2016,RDU,NC,ASO,EN,Combined TRACON& Tower with Radar,251,58,30,0,339,0,0,44,1,45,251,58,74,1,384,0,0,0,384
11/26/2016,RDU,NC,ASO,EN,Combined TRACON& Tower with Radar,316,79,49,0,444,0,1,46,0,47,316,80,95,0,491,0,0,0,491
11/27/2016,RDU,NC,ASO,EN,Combined TRACON& Tower with Radar,365,89,83,0,537,0,0,61,0,61,365,89,144,0,598,0,0,0,598
11/28/2016,RDU,NC,ASO,EN,Combined TRACON& Tower with Radar,372,71,61,1,505,0,1,41,12,54,372,72,102,13,559,0,0,0,559
11/29/2016,RDU,NC,ASO,EN,Combined TRACON& Tower with Radar,352,86,64,7,509,0,1,17,4,22,352,87,81,11,531,0,42,42,573
11/30/2016,RDU,NC,ASO,EN,Combined TRACON& Tower with Radar,353,91,95,11,550,0,0,12,9,21,353,91,107,20,571,0,0,0,571
12/01/2016,RDU,NC,ASO,EN,Combined TRACON& Tower with Radar,360,94,93,8,555,0,0,89,9,98,360,94,182,17,653,0,0,0,653
12/02/2016,RDU,NC,ASO,EN,Combined TRACON& Tower with Radar,353,95,84,5,537,0,1,76,4,81,353,96,160,9,618,0,0,0,618
12/03/2016,RDU,NC,ASO,EN,Combined TRACON& Tower with Radar,216,52,58,5,331,0,0,62,0,62,216,52,120,5,393,0,0,0,393
12/04/2016,RDU,NC,ASO,EN,Combined TRACON& Tower with Radar,304,78,37,2,421,0,0,19,1,20,304,78,56,3,441,0,0,0,441
12/05/2016,RDU,NC,ASO,EN,Combined TRACON& Tower with Radar,352,80,88,0,520,0,0,44,3,47,352,80,132,3,567,0,0,0,567
12/06/2016,RDU,NC,ASO,EN,Combined TRACON& Tower with Radar,345,86,88,3,522,0,0,0,0,0,345,86,88,3,522,0,0,0,522
12/07/2016,RDU,NC,ASO,EN,Combined TRACON& Tower with Radar,353,90,87,6,536,0,0,95,13,108,353,90,182,19,644,0,30,30,674
12/08/2016,RDU,NC,ASO,EN,Combined TRACON& Tower with Radar,358,92,111,4,565,0,0,50,10,60,358,92,161,14,625,0,0,0,625
12/09/2016,RDU,NC,ASO,EN,Combined TRACON& Tower with Radar,353,80,71,3,507,0,0,82,15,97,353,80,153,18,604,0,0,0,604
12/10/2016,RDU,NC,ASO,EN,Combined TRACON& Tower with Radar,218,40,47,1,306,0,0,68,11,79,218,40,115,12,385,0,0,0,385
12/11/2016,RDU,NC,ASO,EN,Combined TRACON& Tower with Radar,307,69,48,0,424,0,2,63,2,67,307,71,111,2,491,22,0,22,513
12/12/2016,RDU,NC,ASO,EN,Combined TRACON& Tower with Radar,351,71,88,2,512,0,0,6,10,16,351,71,94,12,528,0,0,0,528
12/13/2016,RDU,NC,ASO,EN,Combined TRACON& Tower with Radar,345,97,111,4,557,0,0,30,6,36,345,97,141,10,593,0,52,52,645
12/14/2016,RDU,NC,ASO,EN,Combined TRACON& Tower with Radar,350,100,84,5,539,0,1,64,13,78,350,101,148,18,617,0,0,0,617
12/15/2016,RDU,NC,ASO,EN,Combined TRACON& Tower with Radar,346,95,79,2,522,0,4,46,4,54,346,99,125,6,576,0,0,0,576
12/16/2016,RDU,NC,ASO,EN,Combined TRACON& Tower with Radar,340,103,93,0,536,0,0,85,0,85,340,103,178,0,621,0,0,0,621
12/17/2016,RDU,NC,ASO,EN,Combined TRACON& Tower with Radar,250,45,30,0,325,0,0,2,0,2,250,45,32,0,327,0,0,0,327
12/18/2016,RDU,NC,ASO,EN,Combined TRACON& Tower with Radar,293,58,38,1,390,0,0,4,0,4,293,58,42,1,394,0,0,0,394
12/19/2016,RDU,NC,ASO,EN,Combined TRACON& Tower with Radar,333,69,70,1,473,0,0,10,7,17,333,69,80,8,490,0,0,0,490
12/20/2016,RDU,NC,ASO,EN,Combined TRACON& Tower with Radar,334,68,96,3,501,0,4,37,13,54,334,72,133,16,555,8,0,8,563
12/21/2016,RDU,NC,ASO,EN,Combined TRACON& Tower with Radar,359,67,78,1,505,0,1,85,13,99,359,68,163,14,604,12,12,24,628
12/22/2016,RDU,NC,ASO,EN,Combined TRACON& Tower with Radar,366,65,71,0,502,0,1,68,0,69,366,66,139,0,571,10,0,10,581
12/23/2016,RDU,NC,ASO,EN,Combined TRACON& Tower with Radar,352,64,44,1,461,0,0,65,0,65,352,64,109,1,526,0,0,0,526
12/24/2016,RDU,NC,ASO,EN,Combined TRACON& Tower with Radar,242,37,16,0,295,0,0,5,0,5,242,37,21,0,300,0,0,0,300
12/25/2016,RDU,NC,ASO,EN,Combined TRACON& Tower with Radar,214,35,18,0,267,0,0,16,0,16,214,35,34,0,283,0,0,0,283
12/26/2016,RDU,NC,ASO,EN,Combined TRACON& Tower with Radar,323,59,98,0,480,0,3,37,1,41,323,62,135,1,521,16,0,16,537
12/27/2016,RDU,NC,ASO,EN,Combined TRACON& Tower with Radar,352,66,76,0,494,0,0,13,0,13,352,66,89,0,507,0,0,0,507
12/28/2016,RDU,NC,ASO,EN,Combined TRACON& Tower with Radar,344,85,64,3,496,0,1,96,0,97,344,86,160,3,593,0,0,0,593
12/29/2016,RDU,NC,ASO,EN,Combined TRACON& Tower with Radar,351,66,37,3,457,0,1,22,0,23,351,67,59,3,480,0,0,0,480
12/30/2016,RDU,NC,ASO,EN,Combined TRACON& Tower with Radar,343,59,37,4,443,0,0,66,1,67,343,59,103,5,510,10,0,10,520
12/31/2016,RDU,NC,ASO,EN,Combined TRACON& Tower with Radar,234,49,22,0,305,0,0,84,0,84,234,49,106,0,389,0,0,0,389
01/01/2017,RDU,NC,ASO,EN,Combined TRACON& Tower with Radar,249,49,43,0,341,0,0,7,0,7,249,49,50,0,348,0,0,0,348
01/02/2017,RDU,NC,ASO,EN,Combined TRACON& Tower with Radar,308,52,24,0,384,0,0,0,0,0,308,52,24,0,384,0,0,0,384
01/03/2017,RDU,NC,ASO,EN,Combined TRACON& Tower with Radar,339,78,47,0,464,0,0,0,0,0,339,78,47,0,464,0,0,0,464
01/04/2017,RDU,NC,ASO,EN,Combined TRACON& Tower with Radar,322,71,63,6,462,0,1,62,0,63,322,72,125,6,525,0,0,0,525
01/05/2017,RDU,NC,ASO,EN,Combined TRACON& Tower with Radar,316,60,61,6,443,0,1,69,11,81,316,61,130,17,524,0,0,0,524
01/06/2017,RDU,NC,ASO,EN,Combined TRACON& Tower with Radar,266,64,55,0,385,0,1,23,0,24,266,65,78,0,409,0,0,0,409
01/07/2017,RDU,NC,ASO,EN,Combined TRACON& Tower with Radar,105,17,5,0,127,0,0,3,2,5,105,17,8,2,132,0,0,0,132
01/08/2017,RDU,NC,ASO,EN,Combined TRACON& Tower with Radar,204,55,43,2,304,0,1,12,0,13,204,56,55,2,317,0,0,0,317
01/09/2017,RDU,NC,ASO,EN,Combined TRACON& Tower with Radar,288,62,41,3,394,0,0,21,0,21,288,62,62,3,415,0,0,0,415
01/10/2017,RDU,NC,ASO,EN,Combined TRACON& Tower with Radar,295,52,59,3,409,0,2,50,2,54,295,54,109,5,463,0,0,0,463
01/11/2017,RDU,NC,ASO,EN,Combined TRACON& Tower with Radar,331,68,69,5,473,0,1,26,1,28,331,69,95,6,501,0,0,0,501
01/12/2017,RDU,NC,ASO,EN,Combined TRACON& Tower with Radar,336,76,79,4,495,0,3,67,7,77,336,79,146,11,572,26,0,26,598
01/13/2017,RDU,NC,ASO,EN,Combined TRACON& Tower with Radar,342,86,79,3,510,0,0,91,4,95,342,86,170,7,605,6,0,6,611
01/14/2017,RDU,NC,ASO,EN,Combined TRACON& Tower with Radar,209,49,43,0,301,0,0,19,1,20,209,49,62,1,321,0,0,0,321
01/15/2017,RDU,NC,ASO,EN,Combined TRACON& Tower with Radar,266,42,59,0,367,0,0,65,1,66,266,42,124,1,433,2,0,2,435
01/16/2017,RDU,NC,ASO,EN,Combined TRACON& Tower with Radar,332,60,67,0,459,0,1,21,1,23,332,61,88,1,482,0,0,0,482
01/17/2017,RDU,NC,ASO,EN,Combined TRACON& Tower with Radar,328,77,72,3,480,0,0,2,2,4,328,77,74,5,484,0,0,0,484
01/18/2017,RDU,NC,ASO,EN,Combined TRACON& Tower with Radar,327,67,76,15,485,0,3,73,2,78,327,70,149,17,563,0,0,0,563
01/19/2017,RDU,NC,ASO,EN,Combined TRACON& Tower with Radar,342,70,83,10,505,0,0,74,8,82,342,70,157,18,587,0,0,0,587
01/20/2017,RDU,NC,ASO,EN,Combined TRACON& Tower with Radar,345,71,66,2,484,0,0,8,0,8,345,71,74,2,492,0,0,0,492
01/21/2017,RDU,NC,ASO,EN,Combined TRACON& Tower with Radar,223,55,32,0,310,0,0,0,0,0,223,55,32,0,310,0,0,0,310
01/22/2017,RDU,NC,ASO,EN,Combined TRACON& Tower with Radar,290,48,30,0,368,0,0,0,0,0,290,48,30,0,368,0,0,0,368
01/23/2017,RDU,NC,ASO,EN,Combined TRACON& Tower with Radar,317,75,71,4,467,0,0,17,9,26,317,75,88,13,493,0,26,26,519
01/24/2017,RDU,NC,ASO,EN,Combined TRACON& Tower with Radar,330,83,83,11,507,0,2,63,11,76,330,85,146,22,583,0,0,0,583
01/25/2017,RDU,NC,ASO,EN,Combined TRACON& Tower with Radar,327,73,96,11,507,0,1,104,12,117,327,74,200,23,624,4,0,4,628
01/26/2017,RDU,NC,ASO,EN,Combined TRACON& Tower with Radar,342,104,94,1,541,0,1,35,10,46,342,105,129,11,587,0,14,14,601
01/27/2017,RDU,NC,ASO,EN,Combined TRACON& Tower with Radar,340,82,65,14,501,0,0,73,3,76,340,82,138,17,577,6,12,18,595
01/28/2017,RDU,NC,ASO,EN,Combined TRACON& Tower with Radar,215,45,27,0,287,0,1,95,0,96,215,46,122,0,383,0,0,0,383
01/29/2017,RDU,NC,ASO,EN,Combined TRACON& Tower with Radar,296,49,63,5,413,0,0,72,0,72,296,49,135,5,485,10,0,10,495
01/30/2017,RDU,NC,ASO,EN,Combined TRACON& Tower with Radar,333,72,52,5,462,0,1,44,3,48,333,73,96,8,510,0,0,0,510
01/31/2017,RDU,NC,ASO,EN,Combined TRACON& Tower with Radar,332,65,77,2,476,0,0,62,7,69,332,65,139,9,545,6,0,6,551
02/01/2017,RDU,NC,ASO,EN,Combined TRACON& Tower with Radar,323,97,98,0,518,0,1,70,11,82,323,98,168,11,600,0,30,30,630
02/02/2017,RDU,NC,ASO,EN,Combined TRACON& Tower with Radar,338,83,89,1,511,0,0,68,22,90,338,83,157,23,601,8,10,18,619
02/03/2017,RDU,NC,ASO,EN,Combined TRACON& Tower with Radar,345,90,68,4,507,0,0,40,2,42,345,90,108,6,549,14,0,14,563
02/04/2017,RDU,NC,ASO,EN,Combined TRACON& Tower with Radar,214,71,61,2,348,0,1,88,1,90,214,72,149,3,438,12,0,12,450
02/05/2017,RDU,NC,ASO,EN,Combined TRACON& Tower with Radar,246,47,44,2,339,0,1,62,0,63,246,48,106,2,402,16,0,16,418
02/06/2017,RDU,NC,ASO,EN,Combined TRACON& Tower with Radar,325,70,91,4,490,0,1,72,16,89,325,71,163,20,579,0,0,0,579
02/07/2017,RDU,NC,ASO,EN,Combined TRACON& Tower with Radar,322,71,82,6,481,0,1,64,11,76,322,72,146,17,557,0,0,0,557
02/08/2017,RDU,NC,ASO,EN,Combined TRACON& Tower with Radar,322,100,96,6,524,0,1,80,5,86,322,101,176,11,610,0,0,0,610
02/09/2017,RDU,NC,ASO,EN,Combined TRACON& Tower with Radar,270,110,116,4,500,0,0,17,4,21,270,110,133,8,521,0,0,0,521
02/10/2017,RDU,NC,ASO,EN,Combined TRACON& Tower with Radar,329,101,100,6,536,0,1,91,6,98,329,102,191,12,634,0,0,0,634
02/11/2017,RDU,NC,ASO,EN,Combined TRACON& Tower with Radar,215,65,46,8,334,0,0,107,8,115,215,65,153,16,449,0,16,16,465
02/12/2017,RDU,NC,ASO,EN,Combined TRACON& Tower with Radar,289,60,73,1,423,0,0,57,1,58,289,60,130,2,481,0,0,0,481
02/13/2017,RDU,NC,ASO,EN,Combined TRACON& Tower with Radar,313,75,79,6,473,0,2,63,1,66,313,77,142,7,539,0,0,0,539
02/14/2017,RDU,NC,ASO,EN,Combined TRACON& Tower with Radar,324,76,90,7,497,0,0,83,9,92,324,76,173,16,589,0,0,0,589
02/15/2017,RDU,NC,ASO,EN,Combined TRACON& Tower with Radar,322,81,101,3,507,0,0,22,12,34,322,81,123,15,541,0,0,0,541
02/16/2017,RDU,NC,ASO,EN,Combined TRACON& Tower with Radar,342,85,101,4,532,0,0,79,16,95,342,85,180,20,627,0,0,0,627
02/17/2017,RDU,NC,ASO,EN,Combined TRACON& Tower with Radar,335,95,97,3,530,0,2,86,5,93,335,97,183,8,623,12,0,12,635
02/18/2017,RDU,NC,ASO,EN,Combined TRACON& Tower with Radar,211,61,56,0,328,0,0,105,2,107,211,61,161,2,435,0,0,0,435
02/19/2017,RDU,NC,ASO,EN,Combined TRACON& Tower with Radar,275,61,69,5,410,0,3,83,0,86,275,64,152,5,496,0,0,0,496
02/20/2017,RDU,NC,ASO,EN,Combined TRACON& Tower with Radar,329,69,104,0,502,0,0,99,0,99,329,69,203,0,601,0,0,0,601
02/21/2017,RDU,NC,ASO,EN,Combined TRACON& Tower with Radar,334,74,97,6,511,0,1,68,9,78,334,75,165,15,589,0,40,40,629
02/22/2017,RDU,NC,ASO,EN,Combined TRACON& Tower with Radar,329,75,100,6,510,0,0,66,4,70,329,75,166,10,580,10,2,12,592
02/23/2017,RDU,NC,ASO,EN,Combined TRACON& Tower with Radar,338,84,106,4,532,0,2,67,8,77,338,86,173,12,609,6,0,6,615
02/24/2017,RDU,NC,ASO,EN,Combined TRACON& Tower with Radar,338,59,92,5,494,0,0,75,9,84,338,59,167,14,578,0,0,0,578
02/25/2017,RDU,NC,ASO,EN,Combined TRACON& Tower with Radar,235,52,41,4,332,0,2,52,1,55,235,54,93,5,387,0,6,6,393
02/26/2017,RDU,NC,ASO,EN,Combined TRACON& Tower with Radar,310,75,57,1,443,0,0,93,2,95,310,75,150,3,538,7,0,7,545
02/27/2017,RDU,NC,ASO,EN,Combined TRACON& Tower with Radar,330,76,68,3,477,0,1,79,5,85,330,77,147,8,562,0,0,0,562
02/28/2017,RDU,NC,ASO,EN,Combined TRACON& Tower with Radar,335,99,105,0,539,0,2,48,4,54,335,101,153,4,593,24,0,24,617
03/01/2017,RDU,NC,ASO,EN,Combined TRACON& Tower with Radar,324,80,55,0,459,0,0,11,0,11,324,80,66,0,470,0,0,0,470
03/02/2017,RDU,NC,ASO,EN,Combined TRACON& Tower with Radar,351,80,85,5,521,0,0,65,1,66,351,80,150,6,587,0,0,0,587
03/03/2017,RDU,NC,ASO,EN,Combined TRACON& Tower with Radar,337,84,79,0,500,0,0,61,2,63,337,84,140,2,563,0,0,0,563
03/04/2017,RDU,NC,ASO,EN,Combined TRACON& Tower with Radar,217,76,66,2,361,0,0,86,6,92,217,76,152,8,453,0,0,0,453
03/05/2017,RDU,NC,ASO,EN,Combined TRACON& Tower with Radar,303,79,59,3,444,0,2,75,2,79,303,81,134,5,523,4,0,4,527
03/06/2017,RDU,NC,ASO,EN,Combined TRACON& Tower with Radar,329,74,72,8,483,0,4,52,0,56,329,78,124,8,539,0,0,0,539
03/07/2017,RDU,NC,ASO,EN,Combined TRACON& Tower with Radar,330,91,72,8,501,0,1,32,3,36,330,92,104,11,537,0,0,0,537
03/08/2017,RDU,NC,ASO,EN,Combined TRACON& Tower with Radar,333,101,98,8,540,0,1,87,8,96,333,102,185,16,636,0,0,0,636
03/09/2017,RDU,NC,ASO,EN,Combined TRACON& Tower with Radar,338,87,94,2,521,0,1,103,11,115,338,88,197,13,636,0,0,0,636
03/10/2017,RDU,NC,ASO,EN,Combined TRACON& Tower with Radar,338,84,45,14,481,0,0,35,5,40,338,84,80,19,521,0,0,0,521
03/11/2017,RDU,NC,ASO,EN,Combined TRACON& Tower with Radar,235,62,51,0,348,0,2,107,2,111,235,64,158,2,459,32,0,32,491
03/12/2017,RDU,NC,ASO,EN,Combined TRACON& Tower with Radar,322,57,43,0,422,0,0,18,0,18,322,57,61,0,440,0,0,0,440
03/13/2017,RDU,NC,ASO,EN,Combined TRACON& Tower with Radar,325,88,88,11,512,0,1,20,4,25,325,89,108,15,537,0,0,0,537
03/14/2017,RDU,NC,ASO,EN,Combined TRACON& Tower with Radar,217,69,44,2,332,0,2,15,4,21,217,71,59,6,353,0,0,0,353
03/15/2017,RDU,NC,ASO,EN,Combined TRACON& Tower with Radar,325,89,74,1,489,0,4,28,4,36,325,93,102,5,525,0,16,16,541
03/16/2017,RDU,NC,ASO,EN,Combined TRACON& Tower with Radar,351,94,99,2,546,0,1,86,13,100,351,95,185,15,646,0,0,0,646
03/17/2017,RDU,NC,ASO,EN,Combined TRACON& Tower with Radar,336,81,74,5,496,0,0,115,4,119,336,81,189,9,615,0,0,0,615
03/18/2017,RDU,NC,ASO,EN,Combined TRACON& Tower with Radar,236,61,48,1,346,0,2,25,0,27,236,63,73,1,373,12,0,12,385
03/19/2017,RDU,NC,ASO,EN,Combined TRACON& Tower with Radar,322,75,69,1,467,0,3,57,1,61,322,78,126,2,528,0,16,16,544
03/20/2017,RDU,NC,ASO,EN,Combined TRACON& Tower with Radar,342,82,84,6,514,0,0,79,10,89,342,82,163,16,603,0,0,0,603
03/21/2017,RDU,NC,ASO,EN,Combined TRACON& Tower with Radar,343,77,115,4,539,0,4,79,8,91,343,81,194,12,630,0,0,0,630
03/22/2017,RDU,NC,ASO,EN,Combined TRACON& Tower with Radar,343,81,91,4,519,0,1,68,10,79,343,82,159,14,598,0,0,0,598
03/23/2017,RDU,NC,ASO,EN,Combined TRACON& Tower with Radar,343,71,101,8,523,0,0,103,7,110,343,71,204,15,633,26,0,26,659
03/24/2017,RDU,NC,ASO,EN,Combined TRACON& Tower with Radar,349,84,90,4,527,0,0,74,1,75,349,84,164,5,602,0,0,0,602
03/25/2017,RDU,NC,ASO,EN,Combined TRACON& Tower with Radar,233,59,55,0,347,0,1,83,1,85,233,60,138,1,432,0,0,0,432
03/26/2017,RDU,NC,ASO,EN,Combined TRACON& Tower with Radar,318,65,76,2,461,0,1,59,0,60,318,66,135,2,521,0,0,0,521
03/27/2017,RDU,NC,ASO,EN,Combined TRACON& Tower with Radar,339,82,83,7,511,0,1,53,2,56,339,83,136,9,567,0,0,0,567
03/28/2017,RDU,NC,ASO,EN,Combined TRACON& Tower with Radar,321,85,85,5,496,0,0,26,2,28,321,85,111,7,524,0,0,0,524
03/29/2017,RDU,NC,ASO,EN,Combined TRACON& Tower with Radar,334,91,113,6,544,0,0,74,12,86,334,91,187,18,630,0,0,0,630
03/30/2017,RDU,NC,ASO,EN,Combined TRACON& Tower with Radar,350,98,91,2,541,0,1,41,14,56,350,99,132,16,597,28,0,28,625
03/31/2017,RDU,NC,ASO,EN,Combined TRACON& Tower with Radar,336,90,57,0,483,0,0,7,2,9,336,90,64,2,492,0,0,0,492
04/01/2017,RDU,NC,ASO,EN,Combined TRACON& Tower with Radar,230,64,63,0,357,0,1,81,0,82,230,65,144,0,439,0,0,0,439
04/02/2017,RDU,NC,ASO,EN,Combined TRACON& Tower with Radar,308,72,68,0,448,0,2,106,2,110,308,74,174,2,558,0,0,0,558
04/03/2017,RDU,NC,ASO,EN,Combined TRACON& Tower with Radar,334,89,84,3,510,0,0,22,0,22,334,89,106,3,532,0,0,0,532
04/04/2017,RDU,NC,ASO,EN,Combined TRACON& Tower with Radar,336,109,80,4,529,0,1,35,7,43,336,110,115,11,572,0,2,2,574
04/05/2017,RDU,NC,ASO,EN,Combined TRACON& Tower with Radar,325,101,80,2,508,0,0,41,2,43,325,101,121,4,551,0,36,36,587
04/06/2017,RDU,NC,ASO,EN,Combined TRACON& Tower with Radar,298,94,96,19,507,0,4,6,7,17,298,98,102,26,524,0,0,0,524
04/07/2017,RDU,NC,ASO,EN,Combined TRACON& Tower with Radar,326,99,109,2,536,0,4,30,2,36,326,103,139,4,572,0,0,0,572
04/08/2017,RDU,NC,ASO,EN,Combined TRACON& Tower with Radar,244,80,69,0,393,0,2,87,2,91,244,82,156,2,484,12,0,12,496
04/09/2017,RDU,NC,ASO,EN,Combined TRACON& Tower with Radar,311,83,81,0,475,0,4,69,0,73,311,87,150,0,548,12,10,22,570
04/10/2017,RDU,NC,ASO,EN,Combined TRACON& Tower with Radar,335,77,99,3,514,0,0,100,15,115,335,77,199,18,629,0,0,0,629
04/11/2017,RDU,NC,ASO,EN,Combined TRACON& Tower with Radar,344,89,77,0,510,0,2,93,13,108,344,91,170,13,618,0,0,0,618
04/12/2017,RDU,NC,ASO,EN,Combined TRACON& Tower with Radar,332,98,102,1,533,0,1,84,8,93,332,99,186,9,626,44,0,44,670
04/13/2017,RDU,NC,ASO,EN,Combined TRACON& Tower with Radar,341,102,92,0,535,0,2,94,9,105,341,104,186,9,640,6,0,6,646
04/14/2017,RDU,NC,ASO,EN,Combined TRACON& Tower with Radar,349,89,79,1,518,0,0,48,1,49,349,89,127,2,567,0,0,0,567
04/15/2017,RDU,NC,ASO,EN,Combined TRACON& Tower with Radar,217,62,52,0,331,0,2,71,0,73,217,64,123,0,404,0,0,0,404
04/16/2017,RDU,NC,ASO,EN,Combined TRACON& Tower with Radar,287,70,69,0,426,0,1,32,2,35,287,71,101,2,461,0,0,0,461
04/17/2017,RDU,NC,ASO,EN,Combined TRACON& Tower with Radar,342,89,84,9,524,0,0,48,7,55,342,89,132,16,579,0,0,0,579
04/18/2017,RDU,NC,ASO,EN,Combined TRACON& Tower with Radar,342,91,95,3,531,0,0,70,5,75,342,91,165,8,606,4,0,4,610
04/19/2017,RDU,NC,ASO,EN,Combined TRACON& Tower with Radar,327,91,87,2,507,0,1,33,0,34,327,92,120,2,541,0,0,0,541
04/20/2017,RDU,NC,ASO,EN,Combined TRACON& Tower with Radar,337,102,131,2,572,0,1,67,2,70,337,103,198,4,642,48,0,48,690
04/21/2017,RDU,NC,ASO,EN,Combined TRACON& Tower with Radar,342,105,107,11,565,0,2,95,3,100,342,107,202,14,665,0,0,0,665
04/22/2017,RDU,NC,ASO,EN,Combined TRACON& Tower with Radar,241,69,80,7,397,0,0,63,0,63,241,69,143,7,460,0,0,0,460
04/23/2017,RDU,NC,ASO,EN,Combined TRACON& Tower with Radar,311,83,89,4,487,0,0,1,0,1,311,83,90,4,488,0,0,0,488
04/24/2017,RDU,NC,ASO,EN,Combined TRACON& Tower with Radar,349,98,73,6,526,0,0,0,0,0,349,98,73,6,526,0,0,0,526
04/25/2017,RDU,NC,ASO,EN,Combined TRACON& Tower with Radar,331,76,98,6,511,0,0,11,8,19,331,76,109,14,530,0,0,0,530
04/26/2017,RDU,NC,ASO,EN,Combined TRACON& Tower with Radar,335,104,121,6,566,0,1,88,5,94,335,105,209,11,660,0,0,0,660
04/27/2017,RDU,NC,ASO,EN,Combined TRACON& Tower with Radar,354,78,73,2,507,0,1,76,8,85,354,79,149,10,592,0,0,0,592
04/28/2017,RDU,NC,ASO,EN,Combined TRACON& Tower with Radar,353,92,90,0,535,0,1,88,8,97,353,93,178,8,632,10,0,10,642
04/29/2017,RDU,NC,ASO,EN,Combined TRACON& Tower with Radar,233,69,41,3,346,0,3,62,3,68,233,72,103,6,414,16,0,16,430
04/30/2017,RDU,NC,ASO,EN,Combined TRACON& Tower with Radar,317,76,87,2,482,0,0,40,0,40,317,76,127,2,522,0,0,0,522
05/01/2017,RDU,NC,ASO,EN,Combined TRACON& Tower with Radar,336,90,69,0,495,0,0,11,4,15,336,90,80,4,510,0,0,0,510
05/02/2017,RDU,NC,ASO,EN,Combined TRACON& Tower with Radar,353,89,79,4,525,0,1,92,11,104,353,90,171,15,629,0,0,0,629
05/03/2017,RDU,NC,ASO,EN,Combined TRACON& Tower with Radar,347,85,74,15,521,0,1,99,2,102,347,86,173,17,623,0,0,0,623
05/04/2017,RDU,NC,ASO,EN,Combined TRACON& Tower with Radar,358,86,86,6,536,0,2,44,5,51,358,88,130,11,587,0,0,0,587
05/05/2017,RDU,NC,ASO,EN,Combined TRACON& Tower with Radar,340,90,74,8,512,0,0,25,5,30,340,90,99,13,542,8,0,8,550
05/06/2017,RDU,NC,ASO,EN,Combined TRACON& Tower with Radar,259,48,42,3,352,0,1,30,4,35,259,49,72,7,387,0,0,0,387
05/07/2017,RDU,NC,ASO,EN,Combined TRACON& Tower with Radar,322,72,60,0,454,0,0,71,3,74,322,72,131,3,528,0,0,0,528
05/08/2017,RDU,NC,ASO,EN,Combined TRACON& Tower with Radar,350,81,69,4,504,0,0,82,6,88,350,81,151,10,592,0,0,0,592
05/09/2017,RDU,NC,ASO,EN,Combined TRACON& Tower with Radar,357,83,77,5,522,0,0,65,19,84,357,83,142,24,606,0,0,0,606
05/10/2017,RDU,NC,ASO,EN,Combined TRACON& Tower with Radar,349,97,105,1,552,0,1,55,11,67,349,98,160,12,619,0,0,0,619
05/11/2017,RDU,NC,ASO,EN,Combined TRACON& Tower with Radar,362,102,126,6,596,0,0,39,5,44,362,102,165,11,640,0,0,0,640
05/12/2017,RDU,NC,ASO,EN,Combined TRACON& Tower with Radar,367,120,127,5,619,0,0,1,0,1,367,120,128,5,620,0,0,0,620
05/13/2017,RDU,NC,ASO,EN,Combined TRACON& Tower with Radar,252,60,63,0,375,0,0,24,0,24,252,60,87,0,399,28,0,28,427
05/14/2017,RDU,NC,ASO,EN,Combined TRACON& Tower with Radar,310,88,72,2,472,0,1,97,1,99,310,89,169,3,571,0,0,0,571
05/15/2017,RDU,NC,ASO,EN,Combined TRACON& Tower with Radar,352,96,85,10,543,0,3,62,10,75,352,99,147,20,618,0,0,0,618
05/16/2017,RDU,NC,ASO,EN,Combined TRACON& Tower with Radar,348,89,86,0,523,0,2,97,10,109,348,91,183,10,632,0,0,0,632
05/17/2017,RDU,NC,ASO,EN,Combined TRACON& Tower with Radar,350,81,90,3,524,0,4,103,23,130,350,85,193,26,654,30,0,30,684
05/18/2017,RDU,NC,ASO,EN,Combined TRACON& Tower with Radar,363,85,74,3,525,0,2,70,14,86,363,87,144,17,611,0,0,0,611
05/19/2017,RDU,NC,ASO,EN,Combined TRACON& Tower with Radar,364,87,74,6,531,0,2,70,3,75,364,89,144,9,606,0,0,0,606
05/20/2017,RDU,NC,ASO,EN,Combined TRACON& Tower with Radar,253,56,41,2,352,0,0,73,1,74,253,56,114,3,426,0,0,0,426
05/21/2017,RDU,NC,ASO,EN,Combined TRACON& Tower with Radar,320,66,53,3,442,0,1,3,0,4,320,67,56,3,446,0,0,0,446
05/22/2017,RDU,NC,ASO,EN,Combined TRACON& Tower with Radar,344,77,63,3,487,0,0,22,6,28,344,77,85,9,515,0,20,20,535
05/23/2017,RDU,NC,ASO,EN,Combined TRACON& Tower with Radar,356,85,72,2,515,0,0,0,0,0,356,85,72,2,515,0,0,0,515
05/24/2017,RDU,NC,ASO,EN,Combined TRACON& Tower with Radar,354,96,94,4,548,0,0,7,0,7,354,96,101,4,555,0,0,0,555
05/25/2017,RDU,NC,ASO,EN,Combined TRACON& Tower with Radar,332,68,81,3,484,0,0,32,7,39,332,68,113,10,523,0,0,0,523
05/26/2017,RDU,NC,ASO,EN,Combined TRACON& Tower with Radar,374,98,76,2,550,0,1,122,3,126,374,99,198,5,676,4,0,4,680
05/27/2017,RDU,NC,ASO,EN,Combined TRACON& Tower with Radar,237,54,32,2,325,0,0,96,1,97,237,54,128,3,422,20,0,20,442
05/28/2017,RDU,NC,ASO,EN,Combined TRACON& Tower with Radar,237,47,18,2,304,0,0,40,0,40,237,47,58,2,344,0,0,0,344
05/29/2017,RDU,NC,ASO,EN,Combined TRACON& Tower with Radar,321,69,48,1,439,0,0,54,1,55,321,69,102,2,494,24,0,24,518
05/30/2017,RDU,NC,ASO,EN,Combined TRACON& Tower with Radar,332,88,94,3,517,0,0,59,13,72,332,88,153,16,589,0,0,0,589
05/31/2017,RDU,NC,ASO,EN,Combined TRACON& Tower with Radar,363,80,89,1,533,0,0,75,7,82,363,80,164,8,615,0,0,0,615
06/01/2017,RDU,NC,ASO,EN,Combined TRACON& Tower with Radar,358,79,95,0,532,0,0,94,9,103,358,79,189,9,635,0,0,0,635
06/02/2017,RDU,NC,ASO,EN,Combined TRACON& Tower with Radar,356,91,74,0,521,0,2,87,6,95,356,93,161,6,616,6,0,6,622
06/03/2017,RDU,NC,ASO,EN,Combined TRACON& Tower with Radar,254,50,54,1,359,0,0,77,0,77,254,50,131,1,436,26,0,26,462
06/04/2017,RDU,NC,ASO,EN,Combined TRACON& Tower with Radar,327,72,60,3,462,0,1,50,0,51,327,73,110,3,513,0,0,0,513
06/05/2017,RDU,NC,ASO,EN,Combined TRACON& Tower with Radar,351,64,61,1,477,0,1,1,0,2,351,65,62,1,479,0,0,0,479
06/06/2017,RDU,NC,ASO,EN,Combined TRACON& Tower with Radar,351,106,86,4,547,0,0,75,17,92,351,106,161,21,639,0,0,0,639
06/07/2017,RDU,NC,ASO,EN,Combined TRACON& Tower with Radar,349,87,86,6,528,0,0,62,12,74,349,87,148,18,602,0,0,0,602
06/08/2017,RDU,NC,ASO,EN,Combined TRACON& Tower with Radar,356,73,106,4,539,0,0,57,11,68,356,73,163,15,607,0,0,0,607
06/09/2017,RDU,NC,ASO,EN,Combined TRACON& Tower with Radar,353,84,68,3,508,0,1,82,3,86,353,85,150,6,594,26,0,26,620
06/10/2017,RDU,NC,ASO,EN,Combined TRACON& Tower with Radar,270,43,55,4,372,0,0,99,2,101,270,43,154,6,473,22,0,22,495
06/11/2017,RDU,NC,ASO,EN,Combined TRACON& Tower with Radar,330,61,43,0,434,0,0,66,0,66,330,61,109,0,500,0,0,0,500
06/12/2017,RDU,NC,ASO,EN,Combined TRACON& Tower with Radar,360,67,66,1,494,0,2,80,7,89,360,69,146,8,583,0,0,0,583
06/13/2017,RDU,NC,ASO,EN,Combined TRACON& Tower with Radar,358,65,84,2,509,0,3,81,16,100,358,68,165,18,609,20,0,20,629
06/14/2017,RDU,NC,ASO,EN,Combined TRACON& Tower with Radar,352,77,82,1,512,0,0,73,10,83,352,77,155,11,595,0,0,0,595
06/15/2017,RDU,NC,ASO,EN,Combined TRACON& Tower with Radar,358,84,94,0,536,0,1,45,5,51,358,85,139,5,587,0,0,0,587
06/16/2017,RDU,NC,ASO,EN,Combined TRACON& Tower with Radar,351,86,80,1,518,0,0,27,7,34,351,86,107,8,552,0,0,0,552
06/17/2017,RDU,NC,ASO,EN,Combined TRACON& Tower with Radar,303,46,54,0,403,0,1,6,0,7,303,47,60,0,410,0,0,0,410
06/18/2017,RDU,NC,ASO,EN,Combined TRACON& Tower with Radar,324,63,72,0,459,0,0,27,2,29,324,63,99,2,488,0,0,0,488
06/19/2017,RDU,NC,ASO,EN,Combined TRACON& Tower with Radar,305,74,77,0,456,0,0,20,4,24,305,74,97,4,480,0,0,0,480
06/20/2017,RDU,NC,ASO,EN,Combined TRACON& Tower with Radar,360,87,90,0,537,0,0,54,2,56,360,87,144,2,593,0,0,0,593
06/21/2017,RDU,NC,ASO,EN,Combined TRACON& Tower with Radar,363,100,102,1,566,0,0,44,3,47,363,100,146,4,613,0,0,0,613
06/22/2017,RDU,NC,ASO,EN,Combined TRACON& Tower with Radar,364,82,96,2,544,0,0,30,5,35,364,82,126,7,579,36,0,36,615
06/23/2017,RDU,NC,ASO,EN,Combined TRACON& Tower with Radar,351,85,72,1,509,0,0,34,0,34,351,85,106,1,543,0,0,0,543
06/24/2017,RDU,NC,ASO,EN,Combined TRACON& Tower with Radar,287,55,44,0,386,0,2,52,0,54,287,57,96,0,440,0,0,0,440
06/25/2017,RDU,NC,ASO,EN,Combined TRACON& Tower with Radar,328,75,52,1,456,0,1,80,1,82,328,76,132,2,538,0,0,0,538
06/26/2017,RDU,NC,ASO,EN,Combined TRACON& Tower with Radar,356,66,62,0,484,0,1,75,2,78,356,67,137,2,562,20,0,20,582
06/27/2017,RDU,NC,ASO,EN,Combined TRACON& Tower with Radar,361,77,92,0,530,0,2,98,2,102,361,79,190,2,632,0,0,0,632
06/28/2017,RDU,NC,ASO,EN,Combined TRACON& Tower with Radar,356,90,66,4,516,0,4,105,11,120,356,94,171,15,636,10,0,10,646
06/29/2017,RDU,NC,ASO,EN,Combined TRACON& Tower with Radar,372,82,77,9,540,0,0,102,9,111,372,82,179,18,651,0,0,0,651
06/30/2017,RDU,NC,ASO,EN,Combined TRACON& Tower with Radar,356,75,68,4,503,0,0,33,2,35,356,75,101,6,538,0,0,0,538
07/01/2017,RDU,NC,ASO,EN,Combined TRACON& Tower with Radar,278,44,51,0,373,0,0,27,0,27,278,44,78,0,400,0,0,0,400
07/02/2017,RDU,NC,ASO,EN,Combined TRACON& Tower with Radar,280,50,36,0,366,0,1,56,0,57,280,51,92,0,423,0,0,0,423
07/03/2017,RDU,NC,ASO,EN,Combined TRACON& Tower with Radar,267,51,31,0,349,0,0,53,6,59,267,51,84,6,408,2,2,4,412
07/04/2017,RDU,NC,ASO,EN,Combined TRACON& Tower with Radar,276,39,28,0,343,0,0,33,1,34,276,39,61,1,377,0,0,0,377
07/05/2017,RDU,NC,ASO,EN,Combined TRACON& Tower with Radar,339,83,59,2,483,0,0,37,6,43,339,83,96,8,526,0,0,0,526
07/06/2017,RDU,NC,ASO,EN,Combined TRACON& Tower with Radar,358,78,61,2,499,0,0,83,2,85,358,78,144,4,584,0,0,0,584
07/07/2017,RDU,NC,ASO,EN,Combined TRACON& Tower with Radar,338,77,60,1,476,0,1,69,5,75,338,78,129,6,551,24,0,24,575
07/08/2017,RDU,NC,ASO,EN,Combined TRACON& Tower with Radar,282,45,32,0,359,0,0,86,0,86,282,45,118,0,445,0,0,0,445
07/09/2017,RDU,NC,ASO,EN,Combined TRACON& Tower with Radar,329,72,55,3,459,0,0,81,0,81,329,72,136,3,540,0,0,0,540
07/10/2017,RDU,NC,ASO,EN,Combined TRACON& Tower with Radar,333,73,69,7,482,0,3,57,3,63,333,76,126,10,545,6,0,6,551
07/11/2017,RDU,NC,ASO,EN,Combined TRACON& Tower with Radar,359,81,114,7,561,0,0,78,5,83,359,81,192,12,644,0,0,0,644
07/12/2017,RDU,NC,ASO,EN,Combined TRACON& Tower with Radar,342,84,105,4,535,0,2,89,8,99,342,86,194,12,634,12,0,12,646
07/13/2017,RDU,NC,ASO,EN,Combined TRACON& Tower with Radar,346,78,107,2,533,0,1,79,7,87,346,79,186,9,620,0,0,0,620
07/14/2017,RDU,NC,ASO,EN,Combined TRACON& Tower with Radar,350,73,75,1,499,0,0,85,2,87,350,73,160,3,586,0,0,0,586
07/15/2017,RDU,NC,ASO,EN,Combined TRACON& Tower with Radar,285,52,42,2,381,0,0,74,5,79,285,52,116,7,460,0,0,0,460
07/16/2017,RDU,NC,ASO,EN,Combined TRACON& Tower with Radar,330,71,72,3,476,0,0,36,2,38,330,71,108,5,514,22,0,22,536
07/17/2017,RDU,NC,ASO,EN,Combined TRACON& Tower with Radar,341,80,95,4,520,0,0,30,3,33,341,80,125,7,553,0,0,0,553
07/18/2017,RDU,NC,ASO,EN,Combined TRACON& Tower with Radar,363,84,69,4,520,0,0,20,3,23,363,84,89,7,543,0,0,0,543
07/19/2017,RDU,NC,ASO,EN,Combined TRACON& Tower with Radar,367,93,93,5,558,0,2,87,3,92,367,95,180,8,650,0,0,0,650
07/20/2017,RDU,NC,ASO,EN,Combined TRACON& Tower with Radar,360,78,106,6,550,0,2,97,8,107,360,80,203,14,657,0,0,0,657
07/21/2017,RDU,NC,ASO,EN,Combined TRACON& Tower with Radar,363,78,57,0,498,0,0,67,0,67,363,78,124,0,565,6,0,6,571
07/22/2017,RDU,NC,ASO,EN,Combined TRACON& Tower with Radar,279,47,47,0,373,0,1,86,2,89,279,48,133,2,462,0,0,0,462
07/23/2017,RDU,NC,ASO,EN,Combined TRACON& Tower with Radar,298,50,46,1,395,0,2,36,0,38,298,52,82,1,433,0,0,0,433
07/24/2017,RDU,NC,ASO,EN,Combined TRACON& Tower with Radar,364,68,83,2,517,0,0,38,0,38,364,68,121,2,555,0,0,0,555
07/25/2017,RDU,NC,ASO,EN,Combined TRACON& Tower with Radar,362,85,96,1,544,0,0,84,3,87,362,85,180,4,631,6,0,6,637
07/26/2017,RDU,NC,ASO,EN,Combined TRACON& Tower with Radar,368,91,95,5,559,0,0,90,3,93,368,91,185,8,652,0,0,0,652
07/27/2017,RDU,NC,ASO,EN,Combined TRACON& Tower with Radar,364,79,90,4,537,0,0,65,5,70,364,79,155,9,607,0,34,34,641
07/28/2017,RDU,NC,ASO,EN,Combined TRACON& Tower with Radar,350,71,102,2,525,0,0,41,0,41,350,71,143,2,566,0,0,0,566
07/29/2017,RDU,NC,ASO,EN,Combined TRACON& Tower with Radar,290,48,64,1,403,0,0,19,0,19,290,48,83,1,422,20,0,20,442
07/30/2017,RDU,NC,ASO,EN,Combined TRACON& Tower with Radar,327,62,36,4,429,0,1,82,0,83,327,63,118,4,512,0,0,0,512
07/31/2017,RDU,NC,ASO,EN,Combined TRACON& Tower with Radar,356,73,65,0,494,0,2,96,4,102,356,75,161,4,596,0,0,0,596
08/01/2017,RDU,NC,ASO,EN,Combined TRACON& Tower with Radar,358,76,81,4,519,0,0,99,4,103,358,76,180,8,622,0,0,0,622
08/02/2017,RDU,NC,ASO,EN,Combined TRACON& Tower with Radar,341,88,85,1,515,0,0,102,2,104,341,88,187,3,619,0,0,0,619
08/03/2017,RDU,NC,ASO,EN,Combined TRACON& Tower with Radar,357,83,67,3,510,0,2,99,8,109,357,85,166,11,619,0,0,0,619
08/04/2017,RDU,NC,ASO,EN,Combined TRACON& Tower with Radar,338,71,73,1,483,0,0,73,2,75,338,71,146,3,558,0,0,0,558
08/05/2017,RDU,NC,ASO,EN,Combined TRACON& Tower with Radar,274,48,61,2,385,0,0,78,4,82,274,48,139,6,467,8,0,8,475
08/06/2017,RDU,NC,ASO,EN,Combined TRACON& Tower with Radar,317,71,65,1,454,0,0,68,4,72,317,71,133,5,526,10,0,10,536
08/07/2017,RDU,NC,ASO,EN,Combined TRACON& Tower with Radar,341,88,70,1,500,0,0,10,0,10,341,88,80,1,510,0,0,0,510
08/08/2017,RDU,NC,ASO,EN,Combined TRACON& Tower with Radar,360,73,107,5,545,0,0,16,0,16,360,73,123,5,561,0,0,0,561
08/09/2017,RDU,NC,ASO,EN,Combined TRACON& Tower with Radar,355,86,118,10,569,0,1,69,8,78,355,87,187,18,647,0,0,0,647
08/10/2017,RDU,NC,ASO,EN,Combined TRACON& Tower with Radar,356,94,90,9,549,0,0,95,7,102,356,94,185,16,651,0,30,30,681
08/11/2017,RDU,NC,ASO,EN,Combined TRACON& Tower with Radar,355,86,83,5,529,0,0,51,4,55,355,86,134,9,584,6,14,20,604
08/12/2017,RDU,NC,ASO,EN,Combined TRACON& Tower with Radar,270,47,40,0,357,0,1,33,0,34,270,48,73,0,391,12,0,12,403
08/13/2017,RDU,NC,ASO,EN,Combined TRACON& Tower with Radar,322,64,55,2,443,0,0,9,0,9,322,64,64,2,452,0,0,0,452
08/14/2017,RDU,NC,ASO,EN,Combined TRACON& Tower with Radar,364,81,87,2,534,0,0,25,8,33,364,81,112,10,567,0,0,0,567
08/15/2017,RDU,NC,ASO,EN,Combined TRACON& Tower with Radar,363,90,100,7,560,0,0,27,5,32,363,90,127,12,592,0,0,0,592
08/16/2017,RDU,NC,ASO,EN,Combined TRACON& Tower with Radar,349,90,95,8,542,0,0,78,7,85,349,90,173,15,627,44,0,44,671
08/17/2017,RDU,NC,ASO,EN,Combined TRACON& Tower with Radar,354,93,84,4,535,0,1,76,8,85,354,94,160,12,620,0,0,0,620
08/18/2017,RDU,NC,ASO,EN,Combined TRACON& Tower with Radar,334,78,64,3,479,0,3,82,3,88,334,81,146,6,567,0,0,0,567
08/19/2017,RDU,NC,ASO,EN,Combined TRACON& Tower with Radar,257,64,34,0,355,0,0,90,1,91,257,64,124,1,446,0,0,0,446
08/20/2017,RDU,NC,ASO,EN,Combined TRACON& Tower with Radar,317,72,63,0,452,0,0,93,0,93,317,72,156,0,545,0,0,0,545
08/21/2017,RDU,NC,ASO,EN,Combined TRACON& Tower with Radar,342,94,101,2,539,0,0,89,7,96,342,94,190,9,635,0,20,20,655
08/22/2017,RDU,NC,ASO,EN,Combined TRACON& Tower with Radar,343,105,96,14,558,0,1,89,6,96,343,106,185,20,654,0,0,0,654
08/23/2017,RDU,NC,ASO,EN,Combined TRACON& Tower with Radar,348,105,106,4,563,0,0,55,9,64,348,105,161,13,627,10,0,10,637
08/24/2017,RDU,NC,ASO,EN,Combined TRACON& Tower with Radar,352,91,108,6,557,0,0,58,10,68,352,91,166,16,625,32,0,32,657
08/25/2017,RDU,NC,ASO,EN,Combined TRACON& Tower with Radar,354,74,97,2,527,0,0,76,0,76,354,74,173,2,603,6,0,6,609
08/26/2017,RDU,NC,ASO,EN,Combined TRACON& Tower with Radar,241,48,60,0,349,0,0,83,0,83,241,48,143,0,432,0,0,0,432
08/27/2017,RDU,NC,ASO,EN,Combined TRACON& Tower with Radar,308,51,48,0,407,0,1,71,0,72,308,52,119,0,479,20,0,20,499
08/28/2017,RDU,NC,ASO,EN,Combined TRACON& Tower with Radar,331,67,97,12,507,0,0,50,13,63,331,67,147,25,570,0,62,62,632
08/29/2017,RDU,NC,ASO,EN,Combined TRACON& Tower with Radar,343,82,65,6,496,0,0,2,7,9,343,82,67,13,505,0,92,92,597
08/30/2017,RDU,NC,ASO,EN,Combined TRACON& Tower with Radar,343,76,108,8,535,0,0,103,15,118,343,76,211,23,653,0,0,0,653
08/31/2017,RDU,NC,ASO,EN,Combined TRACON& Tower with Radar,342,76,79,13,510,0,1,67,14,82,342,77,146,27,592,71,116,187,779
09/01/2017,RDU,NC,ASO,EN,Combined TRACON& Tower with Radar,343,79,70,1,493,0,0,7,0,7,343,79,77,1,500,0,0,0,500
09/02/2017,RDU,NC,ASO,EN,Combined TRACON& Tower with Radar,241,50,46,2,339,0,0,17,1,18,241,50,63,3,357,0,0,0,357
09/03/2017,RDU,NC,ASO,EN,Combined TRACON& Tower with Radar,222,49,31,0,302,0,2,83,0,85,222,51,114,0,387,4,0,4,391
09/04/2017,RDU,NC,ASO,EN,Combined TRACON& Tower with Radar,310,69,62,0,441,0,2,84,0,86,310,71,146,0,527,36,0,36,563
09/05/2017,RDU,NC,ASO,EN,Combined TRACON& Tower with Radar,311,79,89,8,487,0,0,89,11,100,311,79,178,19,587,0,0,0,587
09/06/2017,RDU,NC,ASO,EN,Combined TRACON& Tower with Radar,322,79,92,4,497,0,0,25,4,29,322,79,117,8,526,22,11,33,559
09/07/2017,RDU,NC,ASO,EN,Combined TRACON& Tower with Radar,326,92,106,6,530,0,2,112,18,132,326,94,218,24,662,16,0,16,678
09/08/2017,RDU,NC,ASO,EN,Combined TRACON& Tower with Radar,326,109,127,4,566,0,0,110,11,121,326,109,237,15,687,38,0,38,725
09/09/2017,RDU,NC,ASO,EN,Combined TRACON& Tower with Radar,222,59,70,0,351,0,0,80,4,84,222,59,150,4,435,6,0,6,441
09/10/2017,RDU,NC,ASO,EN,Combined TRACON& Tower with Radar,278,60,58,0,396,0,0,52,5,57,278,60,110,5,453,0,0,0,453
09/11/2017,RDU,NC,ASO,EN,Combined TRACON& Tower with Radar,316,66,45,0,427,0,0,18,1,19,316,66,63,1,446,0,0,0,446
09/12/2017,RDU,NC,ASO,EN,Combined TRACON& Tower with Radar,326,78,61,1,466,0,0,1,0,1,326,78,62,1,467,0,0,0,467
09/13/2017,RDU,NC,ASO,EN,Combined TRACON& Tower with Radar,345,95,98,5,543,0,1,100,17,118,345,96,198,22,661,6,0,6,667
09/14/2017,RDU,NC,ASO,EN,Combined TRACON& Tower with Radar,352,88,114,3,557,0,1,91,12,104,352,89,205,15,661,0,0,0,661
09/15/2017,RDU,NC,ASO,EN,Combined TRACON& Tower with Radar,360,94,99,13,566,0,0,97,4,101,360,94,196,17,667,10,8,18,685
09/16/2017,RDU,NC,ASO,EN,Combined TRACON& Tower with Radar,243,60,50,3,356,0,1,84,0,85,243,61,134,3,441,12,0,12,453
09/17/2017,RDU,NC,ASO,EN,Combined TRACON& Tower with Radar,305,67,69,2,443,0,1,71,0,72,305,68,140,2,515,16,0,16,531
09/18/2017,RDU,NC,ASO,EN,Combined TRACON& Tower with Radar,354,89,95,7,545,0,1,53,3,57,354,90,148,10,602,0,0,0,602
09/19/2017,RDU,NC,ASO,EN,Combined TRACON& Tower with Radar,338,82,98,3,521,0,0,82,17,99,338,82,180,20,620,20,0,20,640
09/20/2017,RDU,NC,ASO,EN,Combined TRACON& Tower with Radar,358,101,87,4,550,0,0,89,15,104,358,101,176,19,654,30,0,30,684
09/21/2017,RDU,NC,ASO,EN,Combined TRACON& Tower with Radar,351,100,98,1,550,0,0,71,14,85,351,100,169,15,635,8,0,8,643
09/22/2017,RDU,NC,ASO,EN,Combined TRACON& Tower with Radar,356,94,84,4,538,0,2,99,4,105,356,96,183,8,643,10,0,10,653
09/23/2017,RDU,NC,ASO,EN,Combined TRACON& Tower with Radar,247,49,32,0,328,0,0,103,1,104,247,49,135,1,432,6,0,6,438
09/24/2017,RDU,NC,ASO,EN,Combined TRACON& Tower with Radar,311,63,65,0,439,0,0,89,2,91,311,63,154,2,530,0,0,0,530
09/25/2017,RDU,NC,ASO,EN,Combined TRACON& Tower with Radar,349,74,90,2,515,0,1,68,14,83,349,75,158,16,598,0,0,0,598
09/26/2017,RDU,NC,ASO,EN,Combined TRACON& Tower with Radar,349,86,88,2,525,0,1,19,10,30,349,87,107,12,555,0,0,0,555
09/27/2017,RDU,NC,ASO,EN,Combined TRACON& Tower with Radar,350,89,89,2,530,0,0,75,13,88,350,89,164,15,618,0,0,0,618
09/28/2017,RDU,NC,ASO,EN,Combined TRACON& Tower with Radar,362,94,89,3,548,0,0,95,8,103,362,94,184,11,651,4,0,4,655
09/29/2017,RDU,NC,ASO,EN,Combined TRACON& Tower with Radar,359,100,84,1,544,0,1,72,13,86,359,101,156,14,630,0,0,0,630
09/30/2017,RDU,NC,ASO,EN,Combined TRACON& Tower with Radar,252,57,48,1,358,0,0,67,0,67,252,57,115,1,425,0,0,0,425
10/01/2017,RDU,NC,ASO,EN,Combined TRACON& Tower with Radar,318,68,44,1,431,0,0,69,0,69,318,68,113,1,500,0,0,0,500
10/02/2017,RDU,NC,ASO,EN,Combined TRACON& Tower with Radar,354,87,66,4,511,0,1,50,9,60,354,88,116,13,571,6,0,6,577
10/03/2017,RDU,NC,ASO,EN,Combined TRACON& Tower with Radar,343,82,79,5,509,0,0,81,7,88,343,82,160,12,597,0,0,0,597
10/04/2017,RDU,NC,ASO,EN,Combined TRACON& Tower with Radar,370,97,84,0,551,0,0,63,5,68,370,97,147,5,619,8,0,8,627
10/05/2017,RDU,NC,ASO,EN,Combined TRACON& Tower with Radar,360,93,122,0,575,0,0,92,10,102,360,93,214,10,677,10,0,10,687
10/06/2017,RDU,NC,ASO,EN,Combined TRACON& Tower with Radar,361,109,105,0,575,0,0,95,7,102,361,109,200,7,677,20,5,25,702
10/07/2017,RDU,NC,ASO,EN,Combined TRACON& Tower with Radar,246,53,60,3,362,0,0,8,2,10,246,53,68,5,372,0,0,0,372
10/08/2017,RDU,NC,ASO,EN,Combined TRACON& Tower with Radar,306,82,85,1,474,0,0,5,0,5,306,82,90,1,479,0,0,0,479
10/09/2017,RDU,NC,ASO,EN,Combined TRACON& Tower with Radar,344,72,94,2,512,0,0,21,0,21,344,72,115,2,533,0,0,0,533
10/10/2017,RDU,NC,ASO,EN,Combined TRACON& Tower with Radar,351,84,94,5,534,0,0,22,3,25,351,84,116,8,559,10,36,46,605
10/11/2017,RDU,NC,ASO,EN,Combined TRACON& Tower with Radar,350,91,113,8,562,0,0,36,3,39,350,91,149,11,601,0,0,0,601
10/12/2017,RDU,NC,ASO,EN,Combined TRACON& Tower with Radar,362,93,134,10,599,0,0,18,1,19,362,93,152,11,618,0,0,0,618
10/13/2017,RDU,NC,ASO,EN,Combined TRACON& Tower with Radar,367,95,116,4,582,0,0,13,2,15,367,95,129,6,597,0,0,0,597
10/14/2017,RDU,NC,ASO,EN,Combined TRACON& Tower with Radar,244,71,78,6,399,0,0,54,1,55,244,71,132,7,454,22,0,22,476
10/15/2017,RDU,NC,ASO,EN,Combined TRACON& Tower with Radar,314,77,62,4,457,0,2,62,4,68,314,79,124,8,525,0,0,0,525
10/16/2017,RDU,NC,ASO,EN,Combined TRACON& Tower with Radar,354,82,78,3,517,0,0,38,7,45,354,82,116,10,562,0,0,0,562
10/17/2017,RDU,NC,ASO,EN,Combined TRACON& Tower with Radar,343,96,73,1,513,0,1,100,11,112,343,97,173,12,625,0,0,0,625
10/18/2017,RDU,NC,ASO,EN,Combined TRACON& Tower with Radar,347,103,79,6,535,0,3,100,9,112,347,106,179,15,647,6,30,36,683
10/19/2017,RDU,NC,ASO,EN,Combined TRACON& Tower with Radar,363,99,106,10,578,0,0,121,14,135,363,99,227,24,713,23,0,23,736
10/20/2017,RDU,NC,ASO,EN,Combined TRACON& Tower with Radar,363,117,113,2,595,0,0,150,9,159,363,117,263,11,754,8,6,14,768
10/21/2017,RDU,NC,ASO,EN,Combined TRACON& Tower with Radar,251,66,54,0,371,0,0,147,0,147,251,66,201,0,518,20,0,20,538
10/22/2017,RDU,NC,ASO,EN,Combined TRACON& Tower with Radar,320,88,81,0,489,0,3,136,0,139,320,91,217,0,628,20,0,20,648
10/23/2017,RDU,NC,ASO,EN,Combined TRACON& Tower with Radar,347,85,76,0,508,0,1,18,2,21,347,86,94,2,529,0,0,0,529
10/24/2017,RDU,NC,ASO,EN,Combined TRACON& Tower with Radar,329,71,85,4,489,0,3,44,8,55,329,74,129,12,544,0,0,0,544
10/25/2017,RDU,NC,ASO,EN,Combined TRACON& Tower with Radar,339,80,100,0,519,0,0,80,15,95,339,80,180,15,614,16,0,16,630
10/26/2017,RDU,NC,ASO,EN,Combined TRACON& Tower with Radar,365,84,117,2,568,0,1,99,14,114,365,85,216,16,682,8,0,8,690
10/27/2017,RDU,NC,ASO,EN,Combined TRACON& Tower with Radar,371,104,108,3,586,0,0,79,9,88,371,104,187,12,674,0,0,0,674
10/28/2017,RDU,NC,ASO,EN,Combined TRACON& Tower with Radar,244,55,51,0,350,0,0,83,0,83,244,55,134,0,433,24,0,24,457
10/29/2017,RDU,NC,ASO,EN,Combined TRACON& Tower with Radar,294,65,66,8,433,0,0,2,0,2,294,65,68,8,435,0,0,0,435
10/30/2017,RDU,NC,ASO,EN,Combined TRACON& Tower with Radar,316,80,65,2,463,0,1,56,10,67,316,81,121,12,530,0,0,0,530
10/31/2017,RDU,NC,ASO,EN,Combined TRACON& Tower with Radar,310,78,60,5,453,0,2,104,10,116,310,80,164,15,569,0,0,0,569
11/01/2017,RDU,NC,ASO,EN,Combined TRACON& Tower with Radar,324,76,97,16,513,0,3,86,7,96,324,79,183,23,609,27,0,27,636
11/02/2017,RDU,NC,ASO,EN,Combined TRACON& Tower with Radar,341,91,95,1,528,0,1,91,14,106,341,92,186,15,634,0,0,0,634
11/03/2017,RDU,NC,ASO,EN,Combined TRACON& Tower with Radar,338,104,113,6,561,0,0,97,4,101,338,104,210,10,662,0,0,0,662
11/04/2017,RDU,NC,ASO,EN,Combined TRACON& Tower with Radar,243,60,89,1,393,0,0,1,0,1,243,60,90,1,394,0,0,0,394
11/05/2017,RDU,NC,ASO,EN,Combined TRACON& Tower with Radar,319,69,62,4,454,0,0,47,0,47,319,69,109,4,501,22,0,22,523
11/06/2017,RDU,NC,ASO,EN,Combined TRACON& Tower with Radar,339,87,71,3,500,0,2,65,9,76,339,89,136,12,576,0,0,0,576
11/07/2017,RDU,NC,ASO,EN,Combined TRACON& Tower with Radar,330,87,89,0,506,0,0,0,0,0,330,87,89,0,506,0,0,0,506
11/08/2017,RDU,NC,ASO,EN,Combined TRACON& Tower with Radar,360,99,99,2,560,0,0,1,0,1,360,99,100,2,561,0,0,0,561
11/09/2017,RDU,NC,ASO,EN,Combined TRACON& Tower with Radar,358,94,98,2,552,0,0,0,0,0,358,94,98,2,552,0,0,0,552
11/10/2017,RDU,NC,ASO,EN,Combined TRACON& Tower with Radar,379,88,106,2,575,0,0,128,0,128,379,88,234,2,703,6,0,6,709
11/11/2017,RDU,NC,ASO,EN,Combined TRACON& Tower with Radar,258,62,82,0,402,0,1,114,0,115,258,63,196,0,517,8,0,8,525
11/12/2017,RDU,NC,ASO,EN,Combined TRACON& Tower with Radar,331,73,84,0,488,0,1,64,0,65,331,74,148,0,553,0,0,0,553
11/13/2017,RDU,NC,ASO,EN,Combined TRACON& Tower with Radar,357,77,109,8,551,0,1,60,8,69,357,78,169,16,620,0,8,8,628
11/14/2017,RDU,NC,ASO,EN,Combined TRACON& Tower with Radar,352,92,100,4,548,0,0,81,9,90,352,92,181,13,638,8,0,8,646
11/15/2017,RDU,NC,ASO,EN,Combined TRACON& Tower with Radar,349,99,128,2,578,0,0,87,7,94,349,99,215,9,672,6,6,12,684
11/16/2017,RDU,NC,ASO,EN,Combined TRACON& Tower with Radar,362,104,109,0,575,0,1,112,3,116,362,105,221,3,691,29,0,29,720
11/17/2017,RDU,NC,ASO,EN,Combined TRACON& Tower with Radar,390,98,112,1,601,0,3,100,4,107,390,101,212,5,708,6,0,6,714
11/18/2017,RDU,NC,ASO,EN,Combined TRACON& Tower with Radar,262,75,54,2,393,0,0,98,0,98,262,75,152,2,491,0,0,0,491
11/19/2017,RDU,NC,ASO,EN,Combined TRACON& Tower with Radar,328,67,60,2,457,0,0,66,1,67,328,67,126,3,524,20,6,26,550
11/20/2017,RDU,NC,ASO,EN,Combined TRACON& Tower with Radar,326,62,62,4,454,0,0,88,12,100,326,62,150,16,554,4,0,4,558
11/21/2017,RDU,NC,ASO,EN,Combined TRACON& Tower with Radar,364,87,111,2,564,0,2,91,16,109,364,89,202,18,673,0,0,0,673
11/22/2017,RDU,NC,ASO,EN,Combined TRACON& Tower with Radar,387,88,88,3,566,0,3,91,4,98,387,91,179,7,664,0,0,0,664
11/23/2017,RDU,NC,ASO,EN,Combined TRACON& Tower with Radar,189,49,16,0,254,0,0,22,1,23,189,49,38,1,277,0,0,0,277
11/24/2017,RDU,NC,ASO,EN,Combined TRACON& Tower with Radar,227,53,40,0,320,0,0,93,0,93,227,53,133,0,413,0,0,0,413
11/25/2017,RDU,NC,ASO,EN,Combined TRACON& Tower with Radar,344,70,55,0,469,0,0,98,2,100,344,70,153,2,569,0,0,0,569
11/26/2017,RDU,NC,ASO,EN,Combined TRACON& Tower with Radar,394,80,85,0,559,0,2,109,0,111,394,82,194,0,670,0,0,0,670
11/27/2017,RDU,NC,ASO,EN,Combined TRACON& Tower with Radar,384,75,86,3,548,0,0,84,10,94,384,75,170,13,642,0,0,0,642
11/28/2017,RDU,NC,ASO,EN,Combined TRACON& Tower with Radar,362,86,94,5,547,0,0,100,7,107,362,86,194,12,654,0,0,0,654
11/29/2017,RDU,NC,ASO,EN,Combined TRACON& Tower with Radar,343,101,105,4,553,0,1,88,11,100,343,102,193,15,653,50,0,50,703
11/30/2017,RDU,NC,ASO,EN,Combined TRACON& Tower with Radar,366,97,130,0,593,0,1,118,11,130,366,98,248,11,723,2,32,34,757
12/01/2017,RDU,NC,ASO,EN,Combined TRACON& Tower with Radar,359,86,95,10,550,0,1,75,0,76,359,87,170,10,626,0,8,8,634
12/02/2017,RDU,NC,ASO,EN,Combined TRACON& Tower with Radar,235,62,68,0,365,0,0,31,6,37,235,62,99,6,402,4,26,30,432
12/03/2017,RDU,NC,ASO,EN,Combined TRACON& Tower with Radar,325,47,56,1,429,0,4,78,3,85,325,51,134,4,514,0,0,0,514
12/04/2017,RDU,NC,ASO,EN,Combined TRACON& Tower with Radar,344,82,79,0,505,0,1,66,17,84,344,83,145,17,589,0,0,0,589
12/05/2017,RDU,NC,ASO,EN,Combined TRACON& Tower with Radar,351,86,101,0,538,0,1,33,9,43,351,87,134,9,581,0,0,0,581
12/06/2017,RDU,NC,ASO,EN,Combined TRACON& Tower with Radar,348,95,125,0,568,0,0,48,15,63,348,95,173,15,631,0,0,0,631
12/07/2017,RDU,NC,ASO,EN,Combined TRACON& Tower with Radar,362,82,91,5,540,0,0,90,16,106,362,82,181,21,646,0,0,0,646
12/08/2017,RDU,NC,ASO,EN,Combined TRACON& Tower with Radar,344,70,60,2,476,0,0,3,0,3,344,70,63,2,479,6,0,6,485
12/09/2017,RDU,NC,ASO,EN,Combined TRACON& Tower with Radar,217,38,27,1,283,0,0,0,0,0,217,38,27,1,283,0,0,0,283
12/10/2017,RDU,NC,ASO,EN,Combined TRACON& Tower with Radar,333,61,85,0,479,0,2,97,0,99,333,63,182,0,578,0,0,0,578
12/11/2017,RDU,NC,ASO,EN,Combined TRACON& Tower with Radar,349,83,94,2,528,0,0,99,15,114,349,83,193,17,642,0,0,0,642
12/12/2017,RDU,NC,ASO,EN,Combined TRACON& Tower with Radar,354,84,91,5,534,0,0,90,13,103,354,84,181,18,637,0,0,0,637
12/13/2017,RDU,NC,ASO,EN,Combined TRACON& Tower with Radar,354,95,103,6,558,0,0,103,14,117,354,95,206,20,675,0,0,0,675
12/14/2017,RDU,NC,ASO,EN,Combined TRACON& Tower with Radar,365,97,95,0,557,0,0,100,6,106,365,97,195,6,663,0,0,0,663
12/15/2017,RDU,NC,ASO,EN,Combined TRACON& Tower with Radar,340,92,101,1,534,0,0,78,2,80,340,92,179,3,614,0,0,0,614
12/16/2017,RDU,NC,ASO,EN,Combined TRACON& Tower with Radar,253,51,51,0,355,0,3,115,0,118,253,54,166,0,473,0,0,0,473
12/17/2017,RDU,NC,ASO,EN,Combined TRACON& Tower with Radar,313,59,36,0,408,0,0,86,0,86,313,59,122,0,494,0,0,0,494
12/18/2017,RDU,NC,ASO,EN,Combined TRACON& Tower with Radar,344,76,82,9,511,0,0,93,14,107,344,76,175,23,618,16,0,16,634
12/19/2017,RDU,NC,ASO,EN,Combined TRACON& Tower with Radar,353,85,93,5,536,0,0,100,7,107,353,85,193,12,643,0,0,0,643
12/20/2017,RDU,NC,ASO,EN,Combined TRACON& Tower with Radar,376,76,96,0,548,0,0,20,0,20,376,76,116,0,568,0,0,0,568
12/21/2017,RDU,NC,ASO,EN,Combined TRACON& Tower with Radar,358,69,91,0,518,0,0,105,1,106,358,69,196,1,624,0,0,0,624
12/22/2017,RDU,NC,ASO,EN,Combined TRACON& Tower with Radar,362,70,75,1,508,0,1,71,3,75,362,71,146,4,583,0,0,0,583
12/23/2017,RDU,NC,ASO,EN,Combined TRACON& Tower with Radar,310,52,37,0,399,0,0,22,0,22,310,52,59,0,421,0,0,0,421
12/24/2017,RDU,NC,ASO,EN,Combined TRACON& Tower with Radar,239,37,35,0,311,0,1,2,0,3,239,38,37,0,314,0,0,0,314
12/25/2017,RDU,NC,ASO,EN,Combined TRACON& Tower with Radar,227,38,14,0,279,0,3,16,0,19,227,41,30,0,298,0,0,0,298
12/26/2017,RDU,NC,ASO,EN,Combined TRACON& Tower with Radar,335,71,87,0,493,0,1,95,0,96,335,72,182,0,589,0,0,0,589
12/27/2017,RDU,NC,ASO,EN,Combined TRACON& Tower with Radar,347,64,77,0,488,0,0,74,0,74,347,64,151,0,562,0,0,0,562
12/28/2017,RDU,NC,ASO,EN,Combined TRACON& Tower with Radar,341,70,44,0,455,0,0,75,2,77,341,70,119,2,532,0,0,0,532
12/29/2017,RDU,NC,ASO,EN,Combined TRACON& Tower with Radar,346,54,47,0,447,0,0,65,0,65,346,54,112,0,512,0,0,0,512
12/30/2017,RDU,NC,ASO,EN,Combined TRACON& Tower with Radar,303,44,85,0,432,0,0,74,0,74,303,44,159,0,506,24,0,24,530
12/31/2017,RDU,NC,ASO,EN,Combined TRACON& Tower with Radar,256,40,27,0,323,0,1,33,1,35,256,41,60,1,358,0,0,0,358
01/01/2018,RDU,NC,ASO,EN,Combined TRACON& Tower with Radar,250,46,38,0,334,0,0,38,0,38,250,46,76,0,372,0,0,0,372
01/02/2018,RDU,NC,ASO,EN,Combined TRACON& Tower with Radar,333,62,69,5,469,0,0,67,17,84,333,62,136,22,553,0,0,0,553
01/03/2018,RDU,NC,ASO,EN,Combined TRACON& Tower with Radar,314,60,57,2,433,0,1,36,0,37,314,61,93,2,470,0,0,0,470
01/04/2018,RDU,NC,ASO,EN,Combined TRACON& Tower with Radar,269,30,55,1,355,0,2,31,0,33,269,32,86,1,388,0,0,0,388
01/05/2018,RDU,NC,ASO,EN,Combined TRACON& Tower with Radar,297,54,64,0,415,0,1,89,0,90,297,55,153,0,505,0,18,18,523
01/06/2018,RDU,NC,ASO,EN,Combined TRACON& Tower with Radar,247,50,36,0,333,0,0,84,2,86,247,50,120,2,419,0,0,0,419
01/07/2018,RDU,NC,ASO,EN,Combined TRACON& Tower with Radar,317,54,51,2,424,0,0,76,0,76,317,54,127,2,500,0,0,0,500
01/08/2018,RDU,NC,ASO,EN,Combined TRACON& Tower with Radar,321,70,50,2,443,0,0,74,9,83,321,70,124,11,526,0,0,0,526
01/09/2018,RDU,NC,ASO,EN,Combined TRACON& Tower with Radar,318,75,89,6,488,0,1,99,10,110,318,76,188,16,598,0,0,0,598
01/10/2018,RDU,NC,ASO,EN,Combined TRACON& Tower with Radar,325,80,79,0,484,0,3,113,12,128,325,83,192,12,612,38,0,38,650
01/11/2018,RDU,NC,ASO,EN,Combined TRACON& Tower with Radar,345,72,60,2,479,0,0,6,0,6,345,72,66,2,485,6,0,6,491
01/12/2018,RDU,NC,ASO,EN,Combined TRACON& Tower with Radar,323,74,63,3,463,0,0,3,0,3,323,74,66,3,466,0,0,0,466
01/13/2018,RDU,NC,ASO,EN,Combined TRACON& Tower with Radar,230,53,51,0,334,0,2,52,1,55,230,55,103,1,389,0,0,0,389
01/14/2018,RDU,NC,ASO,EN,Combined TRACON& Tower with Radar,260,53,37,0,350,0,0,93,0,93,260,53,130,0,443,0,0,0,443
01/15/2018,RDU,NC,ASO,EN,Combined TRACON& Tower with Radar,320,75,67,0,462,0,2,124,0,126,320,77,191,0,588,21,0,21,609
01/16/2018,RDU,NC,ASO,EN,Combined TRACON& Tower with Radar,309,90,110,3,512,0,1,111,16,128,309,91,221,19,640,12,0,12,652
01/17/2018,RDU,NC,ASO,EN,Combined TRACON& Tower with Radar,151,35,22,0,208,0,0,0,0,0,151,35,22,0,208,0,0,0,208
01/18/2018,RDU,NC,ASO,EN,Combined TRACON& Tower with Radar,247,58,57,0,362,0,2,45,0,47,247,60,102,0,409,0,0,0,409
01/19/2018,RDU,NC,ASO,EN,Combined TRACON& Tower with Radar,359,73,68,2,502,0,0,86,0,86,359,73,154,2,588,0,0,0,588
01/20/2018,RDU,NC,ASO,EN,Combined TRACON& Tower with Radar,221,63,63,0,347,0,1,114,4,119,221,64,177,4,466,0,0,0,466
01/21/2018,RDU,NC,ASO,EN,Combined TRACON& Tower with Radar,294,63,55,0,412,0,1,107,2,110,294,64,162,2,522,10,0,10,532
01/22/2018,RDU,NC,ASO,EN,Combined TRACON& Tower with Radar,323,84,62,1,470,0,2,90,2,94,323,86,152,3,564,0,0,0,564
01/23/2018,RDU,NC,ASO,EN,Combined TRACON& Tower with Radar,321,81,64,3,469,0,0,20,13,33,321,81,84,16,502,10,0,10,512
01/24/2018,RDU,NC,ASO,EN,Combined TRACON& Tower with Radar,327,79,78,2,486,0,4,124,29,157,327,83,202,31,643,10,30,40,683
01/25/2018,RDU,NC,ASO,EN,Combined TRACON& Tower with Radar,343,76,79,0,498,0,1,117,8,126,343,77,196,8,624,16,0,16,640
01/26/2018,RDU,NC,ASO,EN,Combined TRACON& Tower with Radar,344,111,78,0,533,0,1,109,3,113,344,112,187,3,646,0,0,0,646
01/27/2018,RDU,NC,ASO,EN,Combined TRACON& Tower with Radar,218,83,79,1,381,0,0,73,0,73,218,83,152,1,454,0,0,0,454
01/28/2018,RDU,NC,ASO,EN,Combined TRACON& Tower with Radar,296,90,66,0,452,0,0,0,0,0,296,90,66,0,452,0,0,0,452
01/29/2018,RDU,NC,ASO,EN,Combined TRACON& Tower with Radar,334,106,100,0,540,0,1,0,0,1,334,107,100,0,541,0,32,32,573
01/30/2018,RDU,NC,ASO,EN,Combined TRACON& Tower with Radar,326,87,71,2,486,0,0,75,10,85,326,87,146,12,571,0,0,0,571
01/31/2018,RDU,NC,ASO,EN,Combined TRACON& Tower with Radar,334,85,99,5,523,0,2,103,15,120,334,87,202,20,643,4,0,4,647
02/01/2018,RDU,NC,ASO,EN,Combined TRACON& Tower with Radar,341,88,95,7,531,0,0,99,8,107,341,88,194,15,638,0,0,0,638
02/02/2018,RDU,NC,ASO,EN,Combined TRACON& Tower with Radar,343,82,84,6,515,0,0,83,5,88,343,82,167,11,603,0,0,0,603
02/03/2018,RDU,NC,ASO,EN,Combined TRACON& Tower with Radar,222,42,53,0,317,0,0,101,2,103,222,42,154,2,420,28,0,28,448
02/04/2018,RDU,NC,ASO,EN,Combined TRACON& Tower with Radar,239,56,33,2,330,0,0,3,0,3,239,56,36,2,333,0,0,0,333
02/05/2018,RDU,NC,ASO,EN,Combined TRACON& Tower with Radar,331,84,96,0,511,0,0,98,2,100,331,84,194,2,611,0,0,0,611
02/06/2018,RDU,NC,ASO,EN,Combined TRACON& Tower with Radar,332,87,93,11,523,0,0,111,8,119,332,87,204,19,642,0,0,0,642
02/07/2018,RDU,NC,ASO,EN,Combined TRACON& Tower with Radar,304,80,78,0,462,0,0,6,2,8,304,80,84,2,470,0,0,0,470
02/08/2018,RDU,NC,ASO,EN,Combined TRACON& Tower with Radar,345,120,142,14,621,0,1,85,10,96,345,121,227,24,717,0,26,26,743
02/09/2018,RDU,NC,ASO,EN,Combined TRACON& Tower with Radar,334,84,108,1,527,0,2,126,18,146,334,86,234,19,673,0,0,0,673
02/10/2018,RDU,NC,ASO,EN,Combined TRACON& Tower with Radar,225,35,40,0,300,0,0,0,0,0,225,35,40,0,300,0,0,0,300
02/11/2018,RDU,NC,ASO,EN,Combined TRACON& Tower with Radar,284,70,49,3,406,0,1,2,0,3,284,71,51,3,409,0,0,0,409
02/12/2018,RDU,NC,ASO,EN,Combined TRACON& Tower with Radar,324,90,102,1,517,0,0,4,0,4,324,90,106,1,521,0,0,0,521
02/13/2018,RDU,NC,ASO,EN,Combined TRACON& Tower with Radar,337,93,85,5,520,0,0,38,6,44,337,93,123,11,564,0,0,0,564
02/14/2018,RDU,NC,ASO,EN,Combined TRACON& Tower with Radar,302,86,108,5,501,0,1,86,0,87,302,87,194,5,588,0,0,0,588
02/15/2018,RDU,NC,ASO,EN,Combined TRACON& Tower with Radar,338,89,94,0,521,0,0,64,0,64,338,89,158,0,585,32,0,32,617
02/16/2018,RDU,NC,ASO,EN,Combined TRACON& Tower with Radar,352,96,94,5,547,0,1,52,1,54,352,97,146,6,601,0,0,0,601
02/17/2018,RDU,NC,ASO,EN,Combined TRACON& Tower with Radar,231,39,37,1,308,0,1,14,0,15,231,40,51,1,323,0,0,0,323
02/18/2018,RDU,NC,ASO,EN,Combined TRACON& Tower with Radar,259,64,61,0,384,0,2,105,2,109,259,66,166,2,493,8,0,8,501
02/19/2018,RDU,NC,ASO,EN,Combined TRACON& Tower with Radar,320,79,72,0,471,0,0,0,0,0,320,79,72,0,471,0,0,0,471
02/20/2018,RDU,NC,ASO,EN,Combined TRACON& Tower with Radar,319,83,66,4,472,0,0,20,0,20,319,83,86,4,492,0,0,0,492
02/21/2018,RDU,NC,ASO,EN,Combined TRACON& Tower with Radar,338,114,147,0,599,0,2,46,4,52,338,116,193,4,651,0,0,0,651
02/22/2018,RDU,NC,ASO,EN,Combined TRACON& Tower with Radar,338,95,148,0,581,0,0,39,3,42,338,95,187,3,623,0,0,0,623
02/23/2018,RDU,NC,ASO,EN,Combined TRACON& Tower with Radar,350,96,93,0,539,0,3,60,0,63,350,99,153,0,602,0,0,0,602
02/24/2018,RDU,NC,ASO,EN,Combined TRACON& Tower with Radar,242,69,80,2,393,0,0,67,0,67,242,69,147,2,460,8,0,8,468
02/25/2018,RDU,NC,ASO,EN,Combined TRACON& Tower with Radar,303,76,57,0,436,0,0,43,0,43,303,76,100,0,479,0,0,0,479
02/26/2018,RDU,NC,ASO,EN,Combined TRACON& Tower with Radar,329,77,92,6,504,0,0,23,2,25,329,77,115,8,529,0,0,0,529
02/27/2018,RDU,NC,ASO,EN,Combined TRACON& Tower with Radar,337,73,72,2,484,0,1,147,7,155,337,74,219,9,639,0,0,0,639
02/28/2018,RDU,NC,ASO,EN,Combined TRACON& Tower with Radar,340,85,108,3,536,0,0,97,1,98,340,85,205,4,634,0,0,0,634
03/01/2018,RDU,NC,ASO,EN,Combined TRACON& Tower with Radar,340,94,75,1,510,0,0,2,0,2,340,94,77,1,512,0,0,0,512
03/02/2018,RDU,NC,ASO,EN,Combined TRACON& Tower with Radar,292,47,43,0,382,0,1,17,1,19,292,48,60,1,401,0,0,0,401
03/03/2018,RDU,NC,ASO,EN,Combined TRACON& Tower with Radar,239,113,90,1,443,0,1,67,2,70,239,114,157,3,513,6,0,6,519
03/04/2018,RDU,NC,ASO,EN,Combined TRACON& Tower with Radar,301,93,97,2,493,0,1,107,1,109,301,94,204,3,602,0,0,0,602
03/05/2018,RDU,NC,ASO,EN,Combined TRACON& Tower with Radar,331,90,67,1,489,0,0,136,4,140,331,90,203,5,629,0,0,0,629
03/06/2018,RDU,NC,ASO,EN,Combined TRACON& Tower with Radar,336,80,92,2,510,0,0,44,0,44,336,80,136,2,554,0,0,0,554
03/07/2018,RDU,NC,ASO,EN,Combined TRACON& Tower with Radar,298,70,82,0,450,0,0,34,7,41,298,70,116,7,491,0,0,0,491
03/08/2018,RDU,NC,ASO,EN,Combined TRACON& Tower with Radar,336,99,90,7,532,0,0,110,8,118,336,99,200,15,650,0,0,0,650
03/09/2018,RDU,NC,ASO,EN,Combined TRACON& Tower with Radar,346,102,81,4,533,0,0,102,2,104,346,102,183,6,637,0,0,0,637
03/10/2018,RDU,NC,ASO,EN,Combined TRACON& Tower with Radar,263,55,57,3,378,0,1,105,2,108,263,56,162,5,486,18,0,18,504
03/11/2018,RDU,NC,ASO,EN,Combined TRACON& Tower with Radar,315,63,48,0,426,0,0,11,2,13,315,63,59,2,439,0,0,0,439
03/12/2018,RDU,NC,ASO,EN,Combined TRACON& Tower with Radar,334,65,60,0,459,0,0,0,0,0,334,65,60,0,459,0,0,0,459
03/13/2018,RDU,NC,ASO,EN,Combined TRACON& Tower with Radar,315,86,89,20,510,0,0,70,9,79,315,86,159,29,589,0,0,0,589
03/14/2018,RDU,NC,ASO,EN,Combined TRACON& Tower with Radar,347,92,74,2,515,0,1,85,7,93,347,93,159,9,608,10,20,30,638
03/15/2018,RDU,NC,ASO,EN,Combined TRACON& Tower with Radar,350,96,67,0,513,0,1,82,6,89,350,97,149,6,602,30,0,30,632
03/16/2018,RDU,NC,ASO,EN,Combined TRACON& Tower with Radar,354,93,77,3,527,0,1,87,6,94,354,94,164,9,621,0,0,0,621
03/17/2018,RDU,NC,ASO,EN,Combined TRACON& Tower with Radar,267,47,49,0,363,0,2,91,0,93,267,49,140,0,456,8,0,8,464
03/18/2018,RDU,NC,ASO,EN,Combined TRACON& Tower with Radar,314,79,68,0,461,0,1,96,4,101,314,80,164,4,562,6,0,6,568
03/19/2018,RDU,NC,ASO,EN,Combined TRACON& Tower with Radar,335,88,87,5,515,0,0,91,9,100,335,88,178,14,615,0,0,0,615
03/20/2018,RDU,NC,ASO,EN,Combined TRACON& Tower with Radar,329,100,91,6,526,0,0,0,0,0,329,100,91,6,526,0,0,0,526
03/21/2018,RDU,NC,ASO,EN,Combined TRACON& Tower with Radar,266,65,78,0,409,0,1,3,5,9,266,66,81,5,418,0,0,0,418
03/22/2018,RDU,NC,ASO,EN,Combined TRACON& Tower with Radar,328,83,118,4,533,0,2,105,9,116,328,85,223,13,649,0,0,0,649
03/23/2018,RDU,NC,ASO,EN,Combined TRACON& Tower with Radar,358,88,104,2,552,0,0,123,4,127,358,88,227,6,679,8,0,8,687
03/24/2018,RDU,NC,ASO,EN,Combined TRACON& Tower with Radar,262,40,34,3,339,0,0,72,0,72,262,40,106,3,411,0,0,0,411
03/25/2018,RDU,NC,ASO,EN,Combined TRACON& Tower with Radar,320,84,42,2,448,0,1,39,0,40,320,85,81,2,488,0,0,0,488
03/26/2018,RDU,NC,ASO,EN,Combined TRACON& Tower with Radar,335,91,72,4,502,0,0,91,6,97,335,91,163,10,599,0,0,0,599
03/27/2018,RDU,NC,ASO,EN,Combined TRACON& Tower with Radar,335,83,92,14,524,0,2,73,4,79,335,85,165,18,603,0,0,0,603
03/28/2018,RDU,NC,ASO,EN,Combined TRACON& Tower with Radar,339,96,116,5,556,0,0,59,4,63,339,96,175,9,619,12,0,12,631
03/29/2018,RDU,NC,ASO,EN,Combined TRACON& Tower with Radar,354,94,94,4,546,0,2,90,3,95,354,96,184,7,641,0,0,0,641
03/30/2018,RDU,NC,ASO,EN,Combined TRACON& Tower with Radar,346,104,74,2,526,0,0,38,0,38,346,104,112,2,564,0,0,0,564
03/31/2018,RDU,NC,ASO,EN,Combined TRACON& Tower with Radar,256,54,41,0,351,0,0,109,0,109,256,54,150,0,460,38,0,38,498
04/01/2018,RDU,NC,ASO,EN,Combined TRACON& Tower with Radar,307,85,45,1,438,0,1,63,0,64,307,86,108,1,502,0,0,0,502
04/02/2018,RDU,NC,ASO,EN,Combined TRACON& Tower with Radar,323,101,66,0,490,0,0,104,5,109,323,101,170,5,599,0,0,0,599
04/03/2018,RDU,NC,ASO,EN,Combined TRACON& Tower with Radar,335,87,97,3,522,0,0,60,4,64,335,87,157,7,586,10,0,10,596
04/04/2018,RDU,NC,ASO,EN,Combined TRACON& Tower with Radar,353,93,71,4,521,0,0,38,10,48,353,93,109,14,569,0,2,2,571
04/05/2018,RDU,NC,ASO,EN,Combined TRACON& Tower with Radar,363,89,112,4,568,0,0,124,8,132,363,89,236,12,700,10,0,10,710
04/06/2018,RDU,NC,ASO,EN,Combined TRACON& Tower with Radar,349,83,84,2,518,0,0,76,14,90,349,83,160,16,608,0,0,0,608
04/07/2018,RDU,NC,ASO,EN,Combined TRACON& Tower with Radar,264,61,54,4,383,0,0,0,0,0,264,61,54,4,383,0,0,0,383
04/08/2018,RDU,NC,ASO,EN,Combined TRACON& Tower with Radar,349,74,81,4,508,0,0,90,4,94,349,74,171,8,602,0,0,0,602
04/09/2018,RDU,NC,ASO,EN,Combined TRACON& Tower with Radar,372,80,77,4,533,0,0,57,0,57,372,80,134,4,590,24,0,24,614
04/10/2018,RDU,NC,ASO,EN,Combined TRACON& Tower with Radar,362,96,81,2,541,0,0,82,2,84,362,96,163,4,625,0,0,0,625
04/11/2018,RDU,NC,ASO,EN,Combined TRACON& Tower with Radar,384,90,83,6,563,0,0,90,3,93,384,90,173,9,656,0,0,0,656
04/12/2018,RDU,NC,ASO,EN,Combined TRACON& Tower with Radar,376,93,87,5,561,0,0,82,8,90,376,93,169,13,651,0,0,0,651
04/13/2018,RDU,NC,ASO,EN,Combined TRACON& Tower with Radar,382,98,75,3,558,0,0,77,11,88,382,98,152,14,646,0,0,0,646
04/14/2018,RDU,NC,ASO,EN,Combined TRACON& Tower with Radar,271,39,58,1,369,0,0,69,0,69,271,39,127,1,438,0,0,0,438
04/15/2018,RDU,NC,ASO,EN,Combined TRACON& Tower with Radar,339,67,37,0,443,0,0,2,0,2,339,67,39,0,445,0,0,0,445
04/16/2018,RDU,NC,ASO,EN,Combined TRACON& Tower with Radar,365,66,85,5,521,0,0,50,5,55,365,66,135,10,576,0,0,0,576
04/17/2018,RDU,NC,ASO,EN,Combined TRACON& Tower with Radar,371,84,98,2,555,0,0,77,5,82,371,84,175,7,637,0,0,0,637
04/18/2018,RDU,NC,ASO,EN,Combined TRACON& Tower with Radar,379,81,122,5,587,0,0,91,6,97,379,81,213,11,684,0,0,0,684
04/19/2018,RDU,NC,ASO,EN,Combined TRACON& Tower with Radar,384,116,121,2,623,0,0,52,18,70,384,116,173,20,693,0,0,0,693
04/20/2018,RDU,NC,ASO,EN,Combined TRACON& Tower with Radar,386,115,113,3,617,0,1,135,17,153,386,116,248,20,770,0,0,0,770
04/21/2018,RDU,NC,ASO,EN,Combined TRACON& Tower with Radar,274,54,61,4,393,0,0,130,12,142,274,54,191,16,535,10,0,10,545
04/22/2018,RDU,NC,ASO,EN,Combined TRACON& Tower with Radar,356,75,64,0,495,0,0,74,16,90,356,75,138,16,585,6,0,6,591
04/23/2018,RDU,NC,ASO,EN,Combined TRACON& Tower with Radar,369,73,66,6,514,0,0,43,2,45,369,73,109,8,559,0,0,0,559
04/24/2018,RDU,NC,ASO,EN,Combined TRACON& Tower with Radar,373,94,44,4,515,0,0,0,0,0,373,94,44,4,515,0,0,0,515
04/25/2018,RDU,NC,ASO,EN,Combined TRACON& Tower with Radar,373,89,108,10,580,0,1,11,10,22,373,90,119,20,602,0,0,0,602
04/26/2018,RDU,NC,ASO,EN,Combined TRACON& Tower with Radar,378,93,94,6,571,0,2,91,2,95,378,95,185,8,666,0,0,0,666
04/27/2018,RDU,NC,ASO,EN,Combined TRACON& Tower with Radar,384,89,73,1,547,0,1,97,0,98,384,90,170,1,645,6,0,6,651
04/28/2018,RDU,NC,ASO,EN,Combined TRACON& Tower with Radar,272,46,48,1,367,0,0,84,9,93,272,46,132,10,460,0,0,0,460
04/29/2018,RDU,NC,ASO,EN,Combined TRACON& Tower with Radar,357,72,63,0,492,0,4,80,0,84,357,76,143,0,576,0,0,0,576
04/30/2018,RDU,NC,ASO,EN,Combined TRACON& Tower with Radar,373,81,68,8,530,0,1,108,2,111,373,82,176,10,641,0,0,0,641
05/01/2018,RDU,NC,ASO,EN,Combined TRACON& Tower with Radar,367,85,80,2,534,0,3,117,0,120,367,88,197,2,654,4,0,4,658
05/02/2018,RDU,NC,ASO,EN,Combined TRACON& Tower with Radar,379,79,104,2,564,0,0,129,4,133,379,79,233,6,697,6,0,6,703
05/03/2018,RDU,NC,ASO,EN,Combined TRACON& Tower with Radar,373,98,116,8,595,0,2,89,0,91,373,100,205,8,686,0,0,0,686
05/04/2018,RDU,NC,ASO,EN,Combined TRACON& Tower with Radar,383,84,108,4,579,0,0,94,3,97,383,84,202,7,676,0,0,0,676
05/05/2018,RDU,NC,ASO,EN,Combined TRACON& Tower with Radar,274,41,34,3,352,0,1,75,2,78,274,42,109,5,430,20,0,20,450
05/06/2018,RDU,NC,ASO,EN,Combined TRACON& Tower with Radar,356,69,55,4,484,0,1,23,2,26,356,70,78,6,510,0,0,0,510
05/07/2018,RDU,NC,ASO,EN,Combined TRACON& Tower with Radar,375,82,74,3,534,0,0,89,4,93,375,82,163,7,627,0,0,0,627
05/08/2018,RDU,NC,ASO,EN,Combined TRACON& Tower with Radar,377,91,73,3,544,0,0,91,3,94,377,91,164,6,638,0,0,0,638
05/09/2018,RDU,NC,ASO,EN,Combined TRACON& Tower with Radar,377,84,110,2,573,0,0,127,5,132,377,84,237,7,705,0,0,0,705
05/10/2018,RDU,NC,ASO,EN,Combined TRACON& Tower with Radar,374,86,105,2,567,0,0,85,2,87,374,86,190,4,654,0,0,0,654
05/11/2018,RDU,NC,ASO,EN,Combined TRACON& Tower with Radar,396,123,120,3,642,0,0,107,2,109,396,123,227,5,751,0,0,0,751
05/12/2018,RDU,NC,ASO,EN,Combined TRACON& Tower with Radar,273,64,65,2,404,0,0,92,0,92,273,64,157,2,496,0,0,0,496
05/13/2018,RDU,NC,ASO,EN,Combined TRACON& Tower with Radar,345,102,90,1,538,0,2,74,1,77,345,104,164,2,615,0,0,0,615
05/14/2018,RDU,NC,ASO,EN,Combined TRACON& Tower with Radar,359,81,123,2,565,0,5,110,0,115,359,86,233,2,680,0,0,0,680
05/15/2018,RDU,NC,ASO,EN,Combined TRACON& Tower with Radar,346,75,108,2,531,0,1,81,2,84,346,76,189,4,615,6,0,6,621
05/16/2018,RDU,NC,ASO,EN,Combined TRACON& Tower with Radar,365,89,86,3,543,0,0,19,1,20,365,89,105,4,563,0,0,0,563
05/17/2018,RDU,NC,ASO,EN,Combined TRACON& Tower with Radar,383,85,88,4,560,0,0,14,0,14,383,85,102,4,574,0,0,0,574
05/18/2018,RDU,NC,ASO,EN,Combined TRACON& Tower with Radar,379,90,85,1,555,0,0,7,0,7,379,90,92,1,562,0,0,0,562
05/19/2018,RDU,NC,ASO,EN,Combined TRACON& Tower with Radar,279,55,52,0,386,0,0,4,0,4,279,55,56,0,390,0,0,0,390
05/20/2018,RDU,NC,ASO,EN,Combined TRACON& Tower with Radar,372,77,69,0,518,0,0,23,0,23,372,77,92,0,541,0,0,0,541
05/21/2018,RDU,NC,ASO,EN,Combined TRACON& Tower with Radar,369,86,91,1,547,0,0,63,4,67,369,86,154,5,614,6,0,6,620
05/22/2018,RDU,NC,ASO,EN,Combined TRACON& Tower with Radar,378,91,117,2,588,0,0,73,4,77,378,91,190,6,665,0,0,0,665
05/23/2018,RDU,NC,ASO,EN,Combined TRACON& Tower with Radar,378,93,90,13,574,0,1,90,3,94,378,94,180,16,668,10,0,10,678
05/24/2018,RDU,NC,ASO,EN,Combined TRACON& Tower with Radar,389,82,119,2,592,0,0,121,0,121,389,82,240,2,713,0,0,0,713
05/25/2018,RDU,NC,ASO,EN,Combined TRACON& Tower with Radar,375,91,82,0,548,0,2,135,0,137,375,93,217,0,685,64,0,64,749
05/26/2018,RDU,NC,ASO,EN,Combined TRACON& Tower with Radar,265,42,46,0,353,0,0,15,0,15,265,42,61,0,368,0,0,0,368
05/27/2018,RDU,NC,ASO,EN,Combined TRACON& Tower with Radar,261,44,32,0,337,0,0,55,0,55,261,44,87,0,392,0,0,0,392
05/28/2018,RDU,NC,ASO,EN,Combined TRACON& Tower with Radar,327,75,45,1,448,0,0,11,0,11,327,75,56,1,459,0,0,0,459
05/29/2018,RDU,NC,ASO,EN,Combined TRACON& Tower with Radar,367,90,73,3,533,0,0,0,0,0,367,90,73,3,533,0,0,0,533
05/30/2018,RDU,NC,ASO,EN,Combined TRACON& Tower with Radar,384,82,122,5,593,0,0,38,0,38,384,82,160,5,631,0,0,0,631
05/31/2018,RDU,NC,ASO,EN,Combined TRACON& Tower with Radar,392,82,105,9,588,0,0,25,0,25,392,82,130,9,613,0,0,0,613
06/01/2018,RDU,NC,ASO,EN,Combined TRACON& Tower with Radar,380,85,61,6,532,0,0,108,0,108,380,85,169,6,640,0,0,0,640
06/02/2018,RDU,NC,ASO,EN,Combined TRACON& Tower with Radar,284,51,58,2,395,0,0,63,3,66,284,51,121,5,461,0,0,0,461
06/03/2018,RDU,NC,ASO,EN,Combined TRACON& Tower with Radar,357,79,60,5,501,0,3,60,0,63,357,82,120,5,564,0,0,0,564
06/04/2018,RDU,NC,ASO,EN,Combined TRACON& Tower with Radar,375,74,70,2,521,0,0,113,0,113,375,74,183,2,634,0,0,0,634
06/05/2018,RDU,NC,ASO,EN,Combined TRACON& Tower with Radar,372,72,83,2,529,0,2,111,1,114,372,74,194,3,643,10,0,10,653
06/06/2018,RDU,NC,ASO,EN,Combined TRACON& Tower with Radar,387,95,102,5,589,0,1,102,1,104,387,96,204,6,693,0,0,0,693
06/07/2018,RDU,NC,ASO,EN,Combined TRACON& Tower with Radar,378,89,107,22,596,0,0,111,0,111,378,89,218,22,707,0,28,28,735
06/08/2018,RDU,NC,ASO,EN,Combined TRACON& Tower with Radar,383,99,95,4,581,0,0,86,4,90,383,99,181,8,671,6,0,6,677
06/09/2018,RDU,NC,ASO,EN,Combined TRACON& Tower with Radar,314,54,39,0,407,0,2,79,0,81,314,56,118,0,488,0,0,0,488
06/10/2018,RDU,NC,ASO,EN,Combined TRACON& Tower with Radar,348,67,59,2,476,0,0,55,0,55,348,67,114,2,531,0,0,0,531
06/11/2018,RDU,NC,ASO,EN,Combined TRACON& Tower with Radar,370,89,75,11,545,0,0,40,1,41,370,89,115,12,586,0,0,0,586
06/12/2018,RDU,NC,ASO,EN,Combined TRACON& Tower with Radar,381,86,101,4,572,0,0,1,0,1,381,86,102,4,573,0,0,0,573
06/13/2018,RDU,NC,ASO,EN,Combined TRACON& Tower with Radar,378,83,111,9,581,0,0,76,2,78,378,83,187,11,659,0,0,0,659
06/14/2018,RDU,NC,ASO,EN,Combined TRACON& Tower with Radar,386,91,116,0,593,0,0,85,3,88,386,91,201,3,681,0,0,0,681
06/15/2018,RDU,NC,ASO,EN,Combined TRACON& Tower with Radar,381,86,115,3,585,0,0,90,0,90,381,86,205,3,675,0,0,0,675
06/16/2018,RDU,NC,ASO,EN,Combined TRACON& Tower with Radar,309,61,38,2,410,0,0,88,0,88,309,61,126,2,498,0,0,0,498
06/17/2018,RDU,NC,ASO,EN,Combined TRACON& Tower with Radar,338,66,58,3,465,0,0,59,0,59,338,66,117,3,524,0,0,0,524
06/18/2018,RDU,NC,ASO,EN,Combined TRACON& Tower with Radar,370,77,72,2,521,0,2,99,2,103,370,79,171,4,624,6,0,6,630
06/19/2018,RDU,NC,ASO,EN,Combined TRACON& Tower with Radar,369,78,101,1,549,0,1,103,1,105,369,79,204,2,654,12,0,12,666
06/20/2018,RDU,NC,ASO,EN,Combined TRACON& Tower with Radar,370,92,94,7,563,0,0,66,5,71,370,92,160,12,634,0,0,0,634
06/21/2018,RDU,NC,ASO,EN,Combined TRACON& Tower with Radar,384,88,94,3,569,0,3,87,3,93,384,91,181,6,662,20,0,20,682
06/22/2018,RDU,NC,ASO,EN,Combined TRACON& Tower with Radar,376,90,69,0,535,0,0,68,0,68,376,90,137,0,603,0,0,0,603
06/23/2018,RDU,NC,ASO,EN,Combined TRACON& Tower with Radar,309,57,50,1,417,0,0,69,1,70,309,57,119,2,487,0,0,0,487
06/24/2018,RDU,NC,ASO,EN,Combined TRACON& Tower with Radar,341,81,53,1,476,0,1,83,0,84,341,82,136,1,560,10,0,10,570
06/25/2018,RDU,NC,ASO,EN,Combined TRACON& Tower with Radar,376,83,93,0,552,0,0,83,0,83,376,83,176,0,635,0,0,0,635
06/26/2018,RDU,NC,ASO,EN,Combined TRACON& Tower with Radar,381,90,107,1,579,0,0,6,0,6,381,90,113,1,585,0,0,0,585
06/27/2018,RDU,NC,ASO,EN,Combined TRACON& Tower with Radar,374,92,146,2,614,0,2,44,3,49,374,94,190,5,663,15,0,15,678
06/28/2018,RDU,NC,ASO,EN,Combined TRACON& Tower with Radar,371,82,115,1,569,0,0,108,7,115,371,82,223,8,684,0,0,0,684
06/29/2018,RDU,NC,ASO,EN,Combined TRACON& Tower with Radar,382,84,86,11,563,0,0,115,0,115,382,84,201,11,678,12,0,12,690
06/30/2018,RDU,NC,ASO,EN,Combined TRACON& Tower with Radar,311,61,60,0,432,0,0,93,1,94,311,61,153,1,526,16,0,16,542
07/01/2018,RDU,NC,ASO,EN,Combined TRACON& Tower with Radar,314,68,43,0,425,0,0,61,0,61,314,68,104,0,486,0,0,0,486
07/02/2018,RDU,NC,ASO,EN,Combined TRACON& Tower with Radar,305,68,36,2,411,0,0,91,0,91,305,68,127,2,502,0,0,0,502
07/03/2018,RDU,NC,ASO,EN,Combined TRACON& Tower with Radar,286,59,44,0,389,0,3,90,4,97,286,62,134,4,486,0,0,0,486
07/04/2018,RDU,NC,ASO,EN,Combined TRACON& Tower with Radar,249,34,20,0,303,0,0,41,0,41,249,34,61,0,344,6,0,6,350
07/05/2018,RDU,NC,ASO,EN,Combined TRACON& Tower with Radar,297,59,50,0,406,0,2,55,0,57,297,61,105,0,463,6,0,6,469
07/06/2018,RDU,NC,ASO,EN,Combined TRACON& Tower with Radar,323,55,48,3,429,0,0,63,2,65,323,55,111,5,494,0,0,0,494
07/07/2018,RDU,NC,ASO,EN,Combined TRACON& Tower with Radar,314,69,38,0,421,0,0,19,0,19,314,69,57,0,440,0,0,0,440
07/08/2018,RDU,NC,ASO,EN,Combined TRACON& Tower with Radar,349,71,78,0,498,0,0,87,0,87,349,71,165,0,585,0,0,0,585
07/09/2018,RDU,NC,ASO,EN,Combined TRACON& Tower with Radar,370,80,68,3,521,0,0,98,1,99,370,80,166,4,620,0,0,0,620
07/10/2018,RDU,NC,ASO,EN,Combined TRACON& Tower with Radar,383,79,86,3,551,0,0,97,0,97,383,79,183,3,648,0,0,0,648
07/11/2018,RDU,NC,ASO,EN,Combined TRACON& Tower with Radar,384,85,84,2,555,0,0,120,1,121,384,85,204,3,676,0,0,0,676
07/12/2018,RDU,NC,ASO,EN,Combined TRACON& Tower with Radar,388,87,125,3,603,0,0,27,1,28,388,87,152,4,631,0,0,0,631
07/13/2018,RDU,NC,ASO,EN,Combined TRACON& Tower with Radar,380,76,87,3,546,0,0,67,0,67,380,76,154,3,613,16,0,16,629
07/14/2018,RDU,NC,ASO,EN,Combined TRACON& Tower with Radar,313,52,49,1,415,0,0,95,0,95,313,52,144,1,510,0,0,0,510
07/15/2018,RDU,NC,ASO,EN,Combined TRACON& Tower with Radar,320,51,70,0,441,0,0,84,4,88,320,51,154,4,529,12,0,12,541
07/16/2018,RDU,NC,ASO,EN,Combined TRACON& Tower with Radar,364,73,83,4,524,0,0,60,0,60,364,73,143,4,584,0,0,0,584
07/17/2018,RDU,NC,ASO,EN,Combined TRACON& Tower with Radar,380,76,96,11,563,0,0,58,2,60,380,76,154,13,623,0,0,0,623
07/18/2018,RDU,NC,ASO,EN,Combined TRACON& Tower with Radar,386,86,84,2,558,0,0,78,4,82,386,86,162,6,640,0,0,0,640
07/19/2018,RDU,NC,ASO,EN,Combined TRACON& Tower with Radar,386,94,87,5,572,0,1,84,4,89,386,95,171,9,661,0,0,0,661
07/20/2018,RDU,NC,ASO,EN,Combined TRACON& Tower with Radar,381,99,88,7,575,0,0,73,0,73,381,99,161,7,648,0,0,0,648
07/21/2018,RDU,NC,ASO,EN,Combined TRACON& Tower with Radar,309,55,66,5,435,0,0,35,1,36,309,55,101,6,471,10,0,10,481
07/22/2018,RDU,NC,ASO,EN,Combined TRACON& Tower with Radar,348,57,53,2,460,0,0,21,0,21,348,57,74,2,481,0,0,0,481
07/23/2018,RDU,NC,ASO,EN,Combined TRACON& Tower with Radar,375,68,76,4,523,0,0,14,2,16,375,68,90,6,539,0,0,0,539
07/24/2018,RDU,NC,ASO,EN,Combined TRACON& Tower with Radar,365,79,106,2,552,0,0,17,2,19,365,79,123,4,571,6,0,6,577
07/25/2018,RDU,NC,ASO,EN,Combined TRACON& Tower with Radar,369,97,85,5,556,0,0,9,1,10,369,97,94,6,566,0,0,0,566
07/26/2018,RDU,NC,ASO,EN,Combined TRACON& Tower with Radar,394,89,124,2,609,0,0,86,3,89,394,89,210,5,698,0,0,0,698
07/27/2018,RDU,NC,ASO,EN,Combined TRACON& Tower with Radar,350,83,67,1,501,0,0,98,4,102,350,83,165,5,603,7,0,7,610
07/28/2018,RDU,NC,ASO,EN,Combined TRACON& Tower with Radar,317,57,65,0,439,0,1,55,0,56,317,58,120,0,495,12,0,12,507
07/29/2018,RDU,NC,ASO,EN,Combined TRACON& Tower with Radar,352,66,59,0,477,0,1,25,2,28,352,67,84,2,505,0,0,0,505
07/30/2018,RDU,NC,ASO,EN,Combined TRACON& Tower with Radar,377,77,68,4,526,0,0,6,2,8,377,77,74,6,534,0,0,0,534
07/31/2018,RDU,NC,ASO,EN,Combined TRACON& Tower with Radar,370,87,98,4,559,0,0,20,2,22,370,87,118,6,581,0,0,0,581
08/01/2018,RDU,NC,ASO,EN,Combined TRACON& Tower with Radar,387,87,93,0,567,0,0,46,4,50,387,87,139,4,617,26,0,26,643
08/02/2018,RDU,NC,ASO,EN,Combined TRACON& Tower with Radar,338,83,75,4,500,0,0,29,0,29,338,83,104,4,529,0,0,0,529
08/03/2018,RDU,NC,ASO,EN,Combined TRACON& Tower with Radar,351,81,69,2,503,0,0,5,0,5,351,81,74,2,508,0,0,0,508
08/04/2018,RDU,NC,ASO,EN,Combined TRACON& Tower with Radar,311,46,76,5,438,0,0,42,0,42,311,46,118,5,480,0,0,0,480
08/05/2018,RDU,NC,ASO,EN,Combined TRACON& Tower with Radar,352,69,57,5,483,0,0,103,4,107,352,69,160,9,590,14,0,14,604
08/06/2018,RDU,NC,ASO,EN,Combined TRACON& Tower with Radar,383,67,66,4,520,0,0,95,3,98,383,67,161,7,618,0,0,0,618
08/07/2018,RDU,NC,ASO,EN,Combined TRACON& Tower with Radar,356,75,74,2,507,0,1,123,1,125,356,76,197,3,632,0,0,0,632
08/08/2018,RDU,NC,ASO,EN,Combined TRACON& Tower with Radar,367,73,102,4,546,0,0,91,2,93,367,73,193,6,639,0,0,0,639
08/09/2018,RDU,NC,ASO,EN,Combined TRACON& Tower with Radar,386,75,91,2,554,0,2,137,2,141,386,77,228,4,695,0,0,0,695
08/10/2018,RDU,NC,ASO,EN,Combined TRACON& Tower with Radar,372,98,91,2,563,0,0,124,0,124,372,98,215,2,687,0,0,0,687
08/11/2018,RDU,NC,ASO,EN,Combined TRACON& Tower with Radar,278,49,48,1,376,0,0,70,2,72,278,49,118,3,448,0,0,0,448
08/12/2018,RDU,NC,ASO,EN,Combined TRACON& Tower with Radar,331,58,69,9,467,0,0,50,0,50,331,58,119,9,517,0,0,0,517
08/13/2018,RDU,NC,ASO,EN,Combined TRACON& Tower with Radar,361,71,87,1,520,0,0,72,0,72,361,71,159,1,592,0,0,0,592
08/14/2018,RDU,NC,ASO,EN,Combined TRACON& Tower with Radar,366,87,86,4,543,0,0,103,3,106,366,87,189,7,649,0,0,0,649
08/15/2018,RDU,NC,ASO,EN,Combined TRACON& Tower with Radar,379,77,92,6,554,0,0,119,5,124,379,77,211,11,678,0,0,0,678
08/16/2018,RDU,NC,ASO,EN,Combined TRACON& Tower with Radar,381,88,93,5,567,0,1,100,3,104,381,89,193,8,671,0,0,0,671
08/17/2018,RDU,NC,ASO,EN,Combined TRACON& Tower with Radar,368,84,91,2,545,0,0,100,2,102,368,84,191,4,647,0,0,0,647
08/18/2018,RDU,NC,ASO,EN,Combined TRACON& Tower with Radar,288,38,61,2,389,0,0,27,0,27,288,38,88,2,416,0,0,0,416
08/19/2018,RDU,NC,ASO,EN,Combined TRACON& Tower with Radar,336,74,91,0,501,0,0,38,1,39,336,74,129,1,540,0,0,0,540
08/20/2018,RDU,NC,ASO,EN,Combined TRACON& Tower with Radar,376,96,72,2,546,0,0,57,2,59,376,96,129,4,605,4,0,4,609
08/21/2018,RDU,NC,ASO,EN,Combined TRACON& Tower with Radar,371,110,117,0,598,0,1,65,3,69,371,111,182,3,667,0,0,0,667
08/22/2018,RDU,NC,ASO,EN,Combined TRACON& Tower with Radar,382,101,133,2,618,0,2,96,4,102,382,103,229,6,720,0,0,0,720
08/23/2018,RDU,NC,ASO,EN,Combined TRACON& Tower with Radar,371,86,103,3,563,0,1,136,2,139,371,87,239,5,702,0,0,0,702
08/24/2018,RDU,NC,ASO,EN,Combined TRACON& Tower with Radar,371,86,101,0,558,0,0,149,6,155,371,86,250,6,713,0,0,0,713
08/25/2018,RDU,NC,ASO,EN,Combined TRACON& Tower with Radar,272,47,58,0,377,0,1,110,3,114,272,48,168,3,491,6,0,6,497
08/26/2018,RDU,NC,ASO,EN,Combined TRACON& Tower with Radar,337,64,62,0,463,0,0,88,0,88,337,64,150,0,551,0,0,0,551
08/27/2018,RDU,NC,ASO,EN,Combined TRACON& Tower with Radar,374,77,77,8,536,0,0,81,4,85,374,77,158,12,621,26,0,26,647
08/28/2018,RDU,NC,ASO,EN,Combined TRACON& Tower with Radar,368,81,100,2,551,0,0,77,4,81,368,81,177,6,632,0,0,0,632
08/29/2018,RDU,NC,ASO,EN,Combined TRACON& Tower with Radar,374,79,110,1,564,0,0,78,5,83,374,79,188,6,647,0,0,0,647
08/30/2018,RDU,NC,ASO,EN,Combined TRACON& Tower with Radar,372,84,79,1,536,0,2,98,6,106,372,86,177,7,642,6,0,6,648
08/31/2018,RDU,NC,ASO,EN,Combined TRACON& Tower with Radar,389,89,100,7,585,0,0,80,2,82,389,89,180,9,667,0,0,0,667
09/01/2018,RDU,NC,ASO,EN,Combined TRACON& Tower with Radar,264,42,36,0,342,0,0,63,0,63,264,42,99,0,405,0,0,0,405
09/02/2018,RDU,NC,ASO,EN,Combined TRACON& Tower with Radar,236,49,45,0,330,0,0,32,0,32,236,49,77,0,362,0,0,0,362
09/03/2018,RDU,NC,ASO,EN,Combined TRACON& Tower with Radar,314,65,61,0,440,0,1,86,0,87,314,66,147,0,527,8,0,8,535
09/04/2018,RDU,NC,ASO,EN,Combined TRACON& Tower with Radar,336,74,57,4,471,0,0,76,1,77,336,74,133,5,548,0,0,0,548
09/05/2018,RDU,NC,ASO,EN,Combined TRACON& Tower with Radar,344,80,80,12,516,0,0,92,7,99,344,80,172,19,615,0,0,0,615
09/06/2018,RDU,NC,ASO,EN,Combined TRACON& Tower with Radar,336,89,83,6,514,0,0,100,4,104,336,89,183,10,618,0,0,0,618
09/07/2018,RDU,NC,ASO,EN,Combined TRACON& Tower with Radar,353,96,95,9,553,0,0,95,9,104,353,96,190,18,657,0,0,0,657
09/08/2018,RDU,NC,ASO,EN,Combined TRACON& Tower with Radar,272,40,56,1,369,0,0,65,0,65,272,40,121,1,434,0,0,0,434
09/09/2018,RDU,NC,ASO,EN,Combined TRACON& Tower with Radar,339,54,78,1,472,0,0,18,0,18,339,54,96,1,490,0,0,0,490
09/10/2018,RDU,NC,ASO,EN,Combined TRACON& Tower with Radar,372,82,69,2,525,0,1,18,3,22,372,83,87,5,547,0,0,0,547
09/11/2018,RDU,NC,ASO,EN,Combined TRACON& Tower with Radar,382,95,99,0,576,0,3,46,9,58,382,98,145,9,634,0,0,0,634
09/12/2018,RDU,NC,ASO,EN,Combined TRACON& Tower with Radar,383,87,121,1,592,0,2,29,3,34,383,89,150,4,626,0,0,0,626
09/13/2018,RDU,NC,ASO,EN,Combined TRACON& Tower with Radar,257,27,28,0,312,0,0,4,2,6,257,27,32,2,318,0,0,0,318
09/14/2018,RDU,NC,ASO,EN,Combined TRACON& Tower with Radar,156,16,2,2,176,0,0,0,0,0,156,16,2,2,176,0,0,0,176
09/15/2018,RDU,NC,ASO,EN,Combined TRACON& Tower with Radar,208,11,10,6,235,0,0,3,4,7,208,11,13,10,242,0,0,0,242
09/16/2018,RDU,NC,ASO,EN,Combined TRACON& Tower with Radar,322,59,51,33,465,0,0,13,24,37,322,59,64,57,502,0,0,0,502
09/17/2018,RDU,NC,ASO,EN,Combined TRACON& Tower with Radar,370,95,117,45,627,0,5,59,35,99,370,100,176,80,726,0,0,0,726
09/18/2018,RDU,NC,ASO,EN,Combined TRACON& Tower with Radar,386,112,134,33,665,0,55,149,38,242,386,167,283,71,907,0,0,0,907
09/19/2018,RDU,NC,ASO,EN,Combined TRACON& Tower with Radar,377,160,143,34,714,0,131,149,38,318,377,291,292,72,1032,0,0,0,1032
09/20/2018,RDU,NC,ASO,EN,Combined TRACON& Tower with Radar,371,149,150,17,687,0,127,125,21,273,371,276,275,38,960,20,0,20,980
09/21/2018,RDU,NC,ASO,EN,Combined TRACON& Tower with Radar,382,196,139,11,728,0,73,100,16,189,382,269,239,27,917,0,0,0,917
09/22/2018,RDU,NC,ASO,EN,Combined TRACON& Tower with Radar,276,98,99,7,480,0,103,148,17,268,276,201,247,24,748,28,0,28,776
09/23/2018,RDU,NC,ASO,EN,Combined TRACON& Tower with Radar,350,143,119,2,614,0,5,10,0,15,350,148,129,2,629,0,0,0,629
09/24/2018,RDU,NC,ASO,EN,Combined TRACON& Tower with Radar,374,91,96,1,562,0,0,6,0,6,374,91,102,1,568,6,0,6,574
09/25/2018,RDU,NC,ASO,EN,Combined TRACON& Tower with Radar,371,102,85,7,565,0,0,40,1,41,371,102,125,8,606,0,0,0,606
09/26/2018,RDU,NC,ASO,EN,Combined TRACON& Tower with Radar,366,86,110,1,563,0,0,77,2,79,366,86,187,3,642,0,0,0,642
09/27/2018,RDU,NC,ASO,EN,Combined TRACON& Tower with Radar,394,101,115,2,612,0,0,18,1,19,394,101,133,3,631,0,0,0,631
09/28/2018,RDU,NC,ASO,EN,Combined TRACON& Tower with Radar,388,87,129,4,608,0,0,36,0,36,388,87,165,4,644,0,0,0,644
09/29/2018,RDU,NC,ASO,EN,Combined TRACON& Tower with Radar,279,70,90,0,439,0,3,112,0,115,279,73,202,0,554,0,0,0,554
09/30/2018,RDU,NC,ASO,EN,Combined TRACON& Tower with Radar,342,74,81,0,497,0,0,98,0,98,342,74,179,0,595,0,0,0,595
10/01/2018,RDU,NC,ASO,EN,Combined TRACON& Tower with Radar,377,76,86,3,542,0,0,96,2,98,377,76,182,5,640,0,0,0,640
10/02/2018,RDU,NC,ASO,EN,Combined TRACON& Tower with Radar,371,97,86,6,560,0,1,106,1,108,371,98,192,7,668,0,0,0,668
10/03/2018,RDU,NC,ASO,EN,Combined TRACON& Tower with Radar,386,97,107,2,592,0,1,126,3,130,386,98,233,5,722,0,0,0,722
10/04/2018,RDU,NC,ASO,EN,Combined TRACON& Tower with Radar,385,99,94,2,580,0,0,126,5,131,385,99,220,7,711,0,0,0,711
10/05/2018,RDU,NC,ASO,EN,Combined TRACON& Tower with Radar,388,92,85,3,568,0,0,87,7,94,388,92,172,10,662,0,0,0,662
10/06/2018,RDU,NC,ASO,EN,Combined TRACON& Tower with Radar,269,54,64,4,391,0,0,13,1,14,269,54,77,5,405,0,0,0,405
10/07/2018,RDU,NC,ASO,EN,Combined TRACON& Tower with Radar,354,71,84,0,509,0,0,83,1,84,354,71,167,1,593,20,0,20,613
10/08/2018,RDU,NC,ASO,EN,Combined TRACON& Tower with Radar,366,71,102,1,540,0,1,48,0,49,366,72,150,1,589,0,0,0,589
10/09/2018,RDU,NC,ASO,EN,Combined TRACON& Tower with Radar,378,102,112,3,595,0,0,39,0,39,378,102,151,3,634,0,0,0,634
10/10/2018,RDU,NC,ASO,EN,Combined TRACON& Tower with Radar,380,95,90,5,570,0,0,14,0,14,380,95,104,5,584,0,0,0,584
10/11/2018,RDU,NC,ASO,EN,Combined TRACON& Tower with Radar,303,54,20,2,379,0,0,0,0,0,303,54,20,2,379,0,0,0,379
10/12/2018,RDU,NC,ASO,EN,Combined TRACON& Tower with Radar,396,97,97,4,594,0,3,136,4,143,396,100,233,8,737,8,0,8,745
10/13/2018,RDU,NC,ASO,EN,Combined TRACON& Tower with Radar,282,40,54,2,378,0,0,112,5,117,282,40,166,7,495,10,0,10,505
10/14/2018,RDU,NC,ASO,EN,Combined TRACON& Tower with Radar,344,76,93,3,516,0,0,79,0,79,344,76,172,3,595,0,0,0,595
10/15/2018,RDU,NC,ASO,EN,Combined TRACON& Tower with Radar,376,83,82,3,544,0,2,75,1,78,376,85,157,4,622,0,0,0,622
10/16/2018,RDU,NC,ASO,EN,Combined TRACON& Tower with Radar,385,90,117,3,595,0,0,77,3,80,385,90,194,6,675,0,0,0,675
10/17/2018,RDU,NC,ASO,EN,Combined TRACON& Tower with Radar,380,99,97,3,579,0,0,73,2,75,380,99,170,5,654,0,0,0,654
10/18/2018,RDU,NC,ASO,EN,Combined TRACON& Tower with Radar,380,124,115,3,622,0,0,109,5,114,380,124,224,8,736,0,0,0,736
10/19/2018,RDU,NC,ASO,EN,Combined TRACON& Tower with Radar,391,115,95,3,604,0,0,117,3,120,391,115,212,6,724,0,0,0,724
10/20/2018,RDU,NC,ASO,EN,Combined TRACON& Tower with Radar,294,54,69,4,421,0,0,22,1,23,294,54,91,5,444,0,0,0,444
10/21/2018,RDU,NC,ASO,EN,Combined TRACON& Tower with Radar,350,93,70,2,515,0,0,69,4,73,350,93,139,6,588,0,0,0,588
10/22/2018,RDU,NC,ASO,EN,Combined TRACON& Tower with Radar,382,79,61,3,525,0,2,79,5,86,382,81,140,8,611,0,0,0,611
10/23/2018,RDU,NC,ASO,EN,Combined TRACON& Tower with Radar,381,85,84,2,552,0,0,102,5,107,381,85,186,7,659,0,0,0,659
10/24/2018,RDU,NC,ASO,EN,Combined TRACON& Tower with Radar,379,88,111,3,581,0,1,76,5,82,379,89,187,8,663,0,0,0,663
10/25/2018,RDU,NC,ASO,EN,Combined TRACON& Tower with Radar,377,93,106,0,576,0,3,103,2,108,377,96,209,2,684,0,0,0,684
10/26/2018,RDU,NC,ASO,EN,Combined TRACON& Tower with Radar,395,83,61,4,543,0,1,14,0,15,395,84,75,4,558,0,0,0,558
10/27/2018,RDU,NC,ASO,EN,Combined TRACON& Tower with Radar,269,55,59,4,387,0,3,14,0,17,269,58,73,4,404,0,0,0,404
10/28/2018,RDU,NC,ASO,EN,Combined TRACON& Tower with Radar,329,65,63,4,461,0,0,90,0,90,329,65,153,4,551,0,0,0,551
10/29/2018,RDU,NC,ASO,EN,Combined TRACON& Tower with Radar,343,68,94,2,507,0,0,80,0,80,343,68,174,2,587,0,0,0,587
10/30/2018,RDU,NC,ASO,EN,Combined TRACON& Tower with Radar,328,80,88,2,498,0,0,128,5,133,328,80,216,7,631,0,0,0,631
10/31/2018,RDU,NC,ASO,EN,Combined TRACON& Tower with Radar,281,68,82,2,433,0,2,88,0,90,281,70,170,2,523,0,0,0,523
11/01/2018,RDU,NC,ASO,EN,Combined TRACON& Tower with Radar,342,87,105,2,536,0,0,30,2,32,342,87,135,4,568,0,0,0,568
11/02/2018,RDU,NC,ASO,EN,Combined TRACON& Tower with Radar,371,96,73,2,542,0,0,24,0,24,371,96,97,2,566,0,0,0,566
11/03/2018,RDU,NC,ASO,EN,Combined TRACON& Tower with Radar,265,58,48,1,372,0,0,75,0,75,265,58,123,1,447,0,0,0,447
11/04/2018,RDU,NC,ASO,EN,Combined TRACON& Tower with Radar,337,81,79,0,497,0,1,98,0,99,337,82,177,0,596,20,0,20,616
11/05/2018,RDU,NC,ASO,EN,Combined TRACON& Tower with Radar,367,86,58,3,514,0,0,0,0,0,367,86,58,3,514,0,0,0,514
11/06/2018,RDU,NC,ASO,EN,Combined TRACON& Tower with Radar,343,87,87,1,518,0,0,21,0,21,343,87,108,1,539,0,0,0,539
11/07/2018,RDU,NC,ASO,EN,Combined TRACON& Tower with Radar,372,92,110,3,577,0,0,124,6,130,372,92,234,9,707,24,0,24,731
11/08/2018,RDU,NC,ASO,EN,Combined TRACON& Tower with Radar,383,101,125,4,613,0,1,78,6,85,383,102,203,10,698,0,0,0,698
11/09/2018,RDU,NC,ASO,EN,Combined TRACON& Tower with Radar,383,104,110,2,599,0,0,4,0,4,383,104,114,2,603,0,0,0,603
11/10/2018,RDU,NC,ASO,EN,Combined TRACON& Tower with Radar,282,82,69,2,435,0,0,59,2,61,282,82,128,4,496,0,0,0,496
11/11/2018,RDU,NC,ASO,EN,Combined TRACON& Tower with Radar,354,79,71,0,504,0,0,122,0,122,354,79,193,0,626,0,0,0,626
11/12/2018,RDU,NC,ASO,EN,Combined TRACON& Tower with Radar,373,89,78,0,540,0,0,18,0,18,373,89,96,0,558,0,0,0,558
11/13/2018,RDU,NC,ASO,EN,Combined TRACON& Tower with Radar,378,97,89,0,564,0,0,1,0,1,378,97,90,0,565,0,0,0,565
11/14/2018,RDU,NC,ASO,EN,Combined TRACON& Tower with Radar,376,93,140,1,610,0,0,32,0,32,376,93,172,1,642,0,0,0,642
11/15/2018,RDU,NC,ASO,EN,Combined TRACON& Tower with Radar,356,76,76,3,511,0,0,0,0,0,356,76,76,3,511,0,0,0,511
11/16/2018,RDU,NC,ASO,EN,Combined TRACON& Tower with Radar,407,96,100,2,605,0,0,130,3,133,407,96,230,5,738,18,0,18,756
11/17/2018,RDU,NC,ASO,EN,Combined TRACON& Tower with Radar,288,49,49,2,388,0,0,134,2,136,288,49,183,4,524,0,0,0,524
11/18/2018,RDU,NC,ASO,EN,Combined TRACON& Tower with Radar,349,70,64,3,486,0,0,101,0,101,349,70,165,3,587,0,0,0,587
11/19/2018,RDU,NC,ASO,EN,Combined TRACON& Tower with Radar,331,79,115,4,529,0,0,70,2,72,331,79,185,6,601,0,0,0,601
11/20/2018,RDU,NC,ASO,EN,Combined TRACON& Tower with Radar,384,89,118,3,594,0,0,112,9,121,384,89,230,12,715,0,0,0,715
11/21/2018,RDU,NC,ASO,EN,Combined TRACON& Tower with Radar,402,99,79,0,580,0,0,88,1,89,402,99,167,1,669,0,0,0,669
11/22/2018,RDU,NC,ASO,EN,Combined TRACON& Tower with Radar,213,37,19,0,269,0,2,30,0,32,213,39,49,0,301,0,0,0,301
11/23/2018,RDU,NC,ASO,EN,Combined TRACON& Tower with Radar,240,59,57,0,356,0,0,57,0,57,240,59,114,0,413,0,0,0,413
11/24/2018,RDU,NC,ASO,EN,Combined TRACON& Tower with Radar,359,83,42,0,484,0,0,1,0,1,359,83,43,0,485,0,0,0,485
11/25/2018,RDU,NC,ASO,EN,Combined TRACON& Tower with Radar,404,83,102,1,590,0,0,90,0,90,404,83,192,1,680,28,0,28,708
11/26/2018,RDU,NC,ASO,EN,Combined TRACON& Tower with Radar,399,83,76,2,560,0,2,11,3,16,399,85,87,5,576,0,0,0,576
11/27/2018,RDU,NC,ASO,EN,Combined TRACON& Tower with Radar,377,108,95,6,586,0,2,106,2,110,377,110,201,8,696,0,0,0,696
11/28/2018,RDU,NC,ASO,EN,Combined TRACON& Tower with Radar,378,104,124,4,610,0,0,87,7,94,378,104,211,11,704,0,0,0,704
11/29/2018,RDU,NC,ASO,EN,Combined TRACON& Tower with Radar,381,89,99,5,574,0,0,108,7,115,381,89,207,12,689,0,0,0,689
11/30/2018,RDU,NC,ASO,EN,Combined TRACON& Tower with Radar,382,84,79,3,548,0,0,78,1,79,382,84,157,4,627,0,0,0,627
12/01/2018,RDU,NC,ASO,EN,Combined TRACON& Tower with Radar,268,56,44,12,380,0,0,44,0,44,268,56,88,12,424,0,0,0,424
12/02/2018,RDU,NC,ASO,EN,Combined TRACON& Tower with Radar,343,75,56,4,478,0,0,9,0,9,343,75,65,4,487,0,0,0,487
12/03/2018,RDU,NC,ASO,EN,Combined TRACON& Tower with Radar,372,90,81,4,547,0,0,95,0,95,372,90,176,4,642,0,0,0,642
12/04/2018,RDU,NC,ASO,EN,Combined TRACON& Tower with Radar,371,105,75,4,555,0,0,96,3,99,371,105,171,7,654,0,0,0,654
12/05/2018,RDU,NC,ASO,EN,Combined TRACON& Tower with Radar,371,107,111,6,595,0,1,71,0,72,371,108,182,6,667,0,0,0,667
12/06/2018,RDU,NC,ASO,EN,Combined TRACON& Tower with Radar,379,103,115,4,601,0,1,112,4,117,379,104,227,8,718,0,0,0,718
12/07/2018,RDU,NC,ASO,EN,Combined TRACON& Tower with Radar,381,99,69,4,553,0,0,100,0,100,381,99,169,4,653,16,0,16,669
12/08/2018,RDU,NC,ASO,EN,Combined TRACON& Tower with Radar,267,76,55,0,398,0,0,76,0,76,267,76,131,0,474,0,0,0,474
12/09/2018,RDU,NC,ASO,EN,Combined TRACON& Tower with Radar,140,12,7,0,159,0,0,0,0,0,140,12,7,0,159,0,0,0,159
12/10/2018,RDU,NC,ASO,EN,Combined TRACON& Tower with Radar,312,65,36,0,413,0,0,8,0,8,312,65,44,0,421,0,0,0,421
12/11/2018,RDU,NC,ASO,EN,Combined TRACON& Tower with Radar,383,84,106,8,581,0,0,66,2,68,383,84,172,10,649,26,0,26,675
12/12/2018,RDU,NC,ASO,EN,Combined TRACON& Tower with Radar,381,96,103,2,582,0,0,120,1,121,381,96,223,3,703,18,0,18,721
12/13/2018,RDU,NC,ASO,EN,Combined TRACON& Tower with Radar,385,95,124,13,617,0,2,107,6,115,385,97,231,19,732,0,0,0,732
12/14/2018,RDU,NC,ASO,EN,Combined TRACON& Tower with Radar,384,89,70,0,543,0,0,10,0,10,384,89,80,0,553,0,0,0,553
12/15/2018,RDU,NC,ASO,EN,Combined TRACON& Tower with Radar,270,55,40,0,365,0,0,0,0,0,270,55,40,0,365,0,0,0,365
12/16/2018,RDU,NC,ASO,EN,Combined TRACON& Tower with Radar,347,57,60,0,464,0,2,69,0,71,347,59,129,0,535,0,0,0,535
12/17/2018,RDU,NC,ASO,EN,Combined TRACON& Tower with Radar,372,90,71,4,537,0,0,83,4,87,372,90,154,8,624,0,0,0,624
12/18/2018,RDU,NC,ASO,EN,Combined TRACON& Tower with Radar,379,103,111,2,595,0,2,104,0,106,379,105,215,2,701,0,0,0,701
12/19/2018,RDU,NC,ASO,EN,Combined TRACON& Tower with Radar,372,76,114,4,566,0,0,111,2,113,372,76,225,6,679,0,0,0,679
12/20/2018,RDU,NC,ASO,EN,Combined TRACON& Tower with Radar,398,110,80,0,588,0,1,2,0,3,398,111,82,0,591,0,0,0,591
12/21/2018,RDU,NC,ASO,EN,Combined TRACON& Tower with Radar,414,94,61,5,574,0,0,18,0,18,414,94,79,5,592,4,0,4,596
12/22/2018,RDU,NC,ASO,EN,Combined TRACON& Tower with Radar,341,61,56,0,458,0,0,73,0,73,341,61,129,0,531,0,0,0,531
12/23/2018,RDU,NC,ASO,EN,Combined TRACON& Tower with Radar,359,56,50,0,465,0,1,113,1,115,359,57,163,1,580,0,0,0,580
12/24/2018,RDU,NC,ASO,EN,Combined TRACON& Tower with Radar,268,57,15,0,340,0,0,45,1,46,268,57,60,1,386,8,0,8,394
12/25/2018,RDU,NC,ASO,EN,Combined TRACON& Tower with Radar,252,39,21,0,312,0,0,29,0,29,252,39,50,0,341,6,0,6,347
12/26/2018,RDU,NC,ASO,EN,Combined TRACON& Tower with Radar,351,56,53,4,464,0,0,86,0,86,351,56,139,4,550,0,0,0,550
12/27/2018,RDU,NC,ASO,EN,Combined TRACON& Tower with Radar,377,67,66,1,511,0,0,54,0,54,377,67,120,1,565,0,0,0,565
12/28/2018,RDU,NC,ASO,EN,Combined TRACON& Tower with Radar,370,67,23,0,460,0,0,1,0,1,370,67,24,0,461,0,0,0,461
12/29/2018,RDU,NC,ASO,EN,Combined TRACON& Tower with Radar,330,53,73,0,456,0,0,86,0,86,330,53,159,0,542,14,0,14,556
12/30/2018,RDU,NC,ASO,EN,Combined TRACON& Tower with Radar,359,36,56,0,451,0,0,38,0,38,359,36,94,0,489,18,0,18,507
12/31/2018,RDU,NC,ASO,EN,Combined TRACON& Tower with Radar,288,43,20,2,353,0,0,0,0,0,288,43,20,2,353,0,0,0,353
01/01/2019,RDU,NC,ASO,EN,Combined TRACON& Tower with Radar,276,40,41,0,357,0,0,35,0,35,276,40,76,0,392,0,0,0,392
01/02/2019,RDU,NC,ASO,EN,Combined TRACON& Tower with Radar,361,57,53,2,473,0,0,79,6,85,361,57,132,8,558,0,0,0,558
01/03/2019,RDU,NC,ASO,EN,Combined TRACON& Tower with Radar,353,66,60,8,487,0,0,5,0,5,353,66,65,8,492,0,0,0,492
01/04/2019,RDU,NC,ASO,EN,Combined TRACON& Tower with Radar,346,78,37,3,464,0,0,0,0,0,346,78,37,3,464,0,0,0,464
01/05/2019,RDU,NC,ASO,EN,Combined TRACON& Tower with Radar,265,67,54,2,388,0,1,90,2,93,265,68,144,4,481,22,0,22,503
01/06/2019,RDU,NC,ASO,EN,Combined TRACON& Tower with Radar,339,67,68,1,475,0,0,141,10,151,339,67,209,11,626,14,0,14,640
01/07/2019,RDU,NC,ASO,EN,Combined TRACON& Tower with Radar,347,58,64,3,472,0,1,89,5,95,347,59,153,8,567,0,0,0,567
01/08/2019,RDU,NC,ASO,EN,Combined TRACON& Tower with Radar,339,90,73,3,505,0,0,68,3,71,339,90,141,6,576,0,0,0,576
01/09/2019,RDU,NC,ASO,EN,Combined TRACON& Tower with Radar,338,79,75,1,493,0,1,61,5,67,338,80,136,6,560,0,0,0,560
01/10/2019,RDU,NC,ASO,EN,Combined TRACON& Tower with Radar,348,86,67,1,502,0,0,102,3,105,348,86,169,4,607,48,8,56,663
01/11/2019,RDU,NC,ASO,EN,Combined TRACON& Tower with Radar,355,80,72,4,511,0,1,145,2,148,355,81,217,6,659,38,0,38,697
01/12/2019,RDU,NC,ASO,EN,Combined TRACON& Tower with Radar,211,45,29,0,285,0,1,79,0,80,211,46,108,0,365,30,0,30,395
01/13/2019,RDU,NC,ASO,EN,Combined TRACON& Tower with Radar,302,66,41,0,409,0,0,0,0,0,302,66,41,0,409,0,0,0,409
01/14/2019,RDU,NC,ASO,EN,Combined TRACON& Tower with Radar,348,99,84,4,535,0,1,30,4,35,348,100,114,8,570,2,0,2,572
01/15/2019,RDU,NC,ASO,EN,Combined TRACON& Tower with Radar,330,104,99,6,539,0,1,92,1,94,330,105,191,7,633,16,0,16,649
01/16/2019,RDU,NC,ASO,EN,Combined TRACON& Tower with Radar,339,98,82,2,521,0,0,127,8,135,339,98,209,10,656,0,0,0,656
01/17/2019,RDU,NC,ASO,EN,Combined TRACON& Tower with Radar,352,92,87,2,533,0,0,74,0,74,352,92,161,2,607,0,0,0,607
01/18/2019,RDU,NC,ASO,EN,Combined TRACON& Tower with Radar,362,103,98,13,576,0,0,97,5,102,362,103,195,18,678,0,0,0,678
01/19/2019,RDU,NC,ASO,EN,Combined TRACON& Tower with Radar,189,82,80,0,351,0,0,27,0,27,189,82,107,0,378,30,0,30,408
01/20/2019,RDU,NC,ASO,EN,Combined TRACON& Tower with Radar,256,68,51,1,376,0,0,5,0,5,256,68,56,1,381,0,0,0,381
01/21/2019,RDU,NC,ASO,EN,Combined TRACON& Tower with Radar,320,68,62,2,452,0,1,73,3,77,320,69,135,5,529,0,0,0,529
01/22/2019,RDU,NC,ASO,EN,Combined TRACON& Tower with Radar,325,89,76,4,494,0,0,120,2,122,325,89,196,6,616,0,0,0,616
01/23/2019,RDU,NC,ASO,EN,Combined TRACON& Tower with Radar,328,97,89,6,520,0,1,31,0,32,328,98,120,6,552,30,0,30,582
01/24/2019,RDU,NC,ASO,EN,Combined TRACON& Tower with Radar,335,106,85,2,528,11,0,35,0,46,346,106,120,2,574,12,0,12,586
01/25/2019,RDU,NC,ASO,EN,Combined TRACON& Tower with Radar,358,90,74,2,524,0,0,122,3,125,358,90,196,5,649,0,0,0,649
01/26/2019,RDU,NC,ASO,EN,Combined TRACON& Tower with Radar,209,70,77,1,357,0,0,132,1,133,209,70,209,2,490,20,0,20,510
01/27/2019,RDU,NC,ASO,EN,Combined TRACON& Tower with Radar,309,68,61,3,441,0,1,127,2,130,309,69,188,5,571,0,0,0,571
01/28/2019,RDU,NC,ASO,EN,Combined TRACON& Tower with Radar,338,66,100,6,510,0,0,119,4,123,338,66,219,10,633,0,0,0,633
01/29/2019,RDU,NC,ASO,EN,Combined TRACON& Tower with Radar,324,85,88,0,497,0,1,38,5,44,324,86,126,5,541,0,0,0,541
01/30/2019,RDU,NC,ASO,EN,Combined TRACON& Tower with Radar,313,88,60,0,461,0,0,56,2,58,313,88,116,2,519,0,0,0,519
01/31/2019,RDU,NC,ASO,EN,Combined TRACON& Tower with Radar,351,85,82,8,526,0,1,116,4,121,351,86,198,12,647,0,0,0,647
02/01/2019,RDU,NC,ASO,EN,Combined TRACON& Tower with Radar,353,95,95,7,550,0,6,108,7,121,353,101,203,14,671,8,0,8,679
02/02/2019,RDU,NC,ASO,EN,Combined TRACON& Tower with Radar,213,70,83,4,370,0,1,144,5,150,213,71,227,9,520,0,0,0,520
02/03/2019,RDU,NC,ASO,EN,Combined TRACON& Tower with Radar,268,61,45,6,380,0,1,75,1,77,268,62,120,7,457,0,0,0,457
02/04/2019,RDU,NC,ASO,EN,Combined TRACON& Tower with Radar,349,80,58,2,489,0,1,97,1,99,349,81,155,3,588,0,0,0,588
02/05/2019,RDU,NC,ASO,EN,Combined TRACON& Tower with Radar,337,104,99,2,542,0,3,120,3,126,337,107,219,5,668,0,0,0,668
02/06/2019,RDU,NC,ASO,EN,Combined TRACON& Tower with Radar,335,94,112,7,548,0,1,74,6,81,335,95,186,13,629,0,0,0,629
02/07/2019,RDU,NC,ASO,EN,Combined TRACON& Tower with Radar,355,99,83,6,543,0,2,50,6,58,355,101,133,12,601,0,0,0,601
02/08/2019,RDU,NC,ASO,EN,Combined TRACON& Tower with Radar,357,88,70,3,518,0,2,71,5,78,357,90,141,8,596,0,0,0,596
02/09/2019,RDU,NC,ASO,EN,Combined TRACON& Tower with Radar,209,65,62,2,338,0,0,97,4,101,209,65,159,6,439,0,0,0,439
02/10/2019,RDU,NC,ASO,EN,Combined TRACON& Tower with Radar,305,71,85,1,462,0,0,76,1,77,305,71,161,2,539,0,0,0,539
02/11/2019,RDU,NC,ASO,EN,Combined TRACON& Tower with Radar,345,72,92,2,511,0,0,1,0,1,345,72,93,2,512,0,0,0,512
02/12/2019,RDU,NC,ASO,EN,Combined TRACON& Tower with Radar,289,82,61,0,432,0,0,0,0,0,289,82,61,0,432,0,0,0,432
02/13/2019,RDU,NC,ASO,EN,Combined TRACON& Tower with Radar,347,83,108,9,547,0,1,54,6,61,347,84,162,15,608,0,0,0,608
02/14/2019,RDU,NC,ASO,EN,Combined TRACON& Tower with Radar,359,83,73,16,531,0,1,133,4,138,359,84,206,20,669,0,0,0,669
02/15/2019,RDU,NC,ASO,EN,Combined TRACON& Tower with Radar,363,87,76,3,529,0,1,95,3,99,363,88,171,6,628,30,0,30,658
02/16/2019,RDU,NC,ASO,EN,Combined TRACON& Tower with Radar,233,62,36,1,332,0,0,3,1,4,233,62,39,2,336,0,0,0,336
02/17/2019,RDU,NC,ASO,EN,Combined TRACON& Tower with Radar,270,54,55,1,380,0,0,15,1,16,270,54,70,2,396,0,0,0,396
02/18/2019,RDU,NC,ASO,EN,Combined TRACON& Tower with Radar,345,81,90,3,519,0,1,49,0,50,345,82,139,3,569,0,0,0,569
02/19/2019,RDU,NC,ASO,EN,Combined TRACON& Tower with Radar,349,103,125,3,580,0,0,88,2,90,349,103,213,5,670,0,0,0,670
02/20/2019,RDU,NC,ASO,EN,Combined TRACON& Tower with Radar,325,148,91,2,566,0,0,0,0,0,325,148,91,2,566,0,0,0,566
02/21/2019,RDU,NC,ASO,EN,Combined TRACON& Tower with Radar,368,146,142,1,657,0,0,4,0,4,368,146,146,1,661,0,0,0,661
02/22/2019,RDU,NC,ASO,EN,Combined TRACON& Tower with Radar,359,91,75,0,525,0,0,0,0,0,359,91,75,0,525,0,0,0,525
02/23/2019,RDU,NC,ASO,EN,Combined TRACON& Tower with Radar,243,61,44,0,348,0,0,0,0,0,243,61,44,0,348,0,0,0,348
02/24/2019,RDU,NC,ASO,EN,Combined TRACON& Tower with Radar,315,57,42,0,414,0,1,6,0,7,315,58,48,0,421,0,0,0,421
02/25/2019,RDU,NC,ASO,EN,Combined TRACON& Tower with Radar,356,72,72,0,500,0,0,94,2,96,356,72,166,2,596,0,0,0,596
02/26/2019,RDU,NC,ASO,EN,Combined TRACON& Tower with Radar,359,86,108,2,555,0,0,178,3,181,359,86,286,5,736,6,0,6,742
02/27/2019,RDU,NC,ASO,EN,Combined TRACON& Tower with Radar,359,95,102,2,558,0,0,8,0,8,359,95,110,2,566,0,0,0,566
02/28/2019,RDU,NC,ASO,EN,Combined TRACON& Tower with Radar,368,112,112,3,595,0,2,73,0,75,368,114,185,3,670,12,0,12,682
03/01/2019,RDU,NC,ASO,EN,Combined TRACON& Tower with Radar,371,106,71,0,548,0,0,0,0,0,371,106,71,0,548,0,0,0,548
03/02/2019,RDU,NC,ASO,EN,Combined TRACON& Tower with Radar,265,63,107,0,435,0,1,104,2,107,265,64,211,2,542,30,0,30,572
03/03/2019,RDU,NC,ASO,EN,Combined TRACON& Tower with Radar,323,63,56,0,442,0,0,4,0,4,323,63,60,0,446,0,0,0,446
03/04/2019,RDU,NC,ASO,EN,Combined TRACON& Tower with Radar,357,70,54,2,483,0,2,92,0,94,357,72,146,2,577,0,0,0,577
03/05/2019,RDU,NC,ASO,EN,Combined TRACON& Tower with Radar,364,94,99,2,559,0,9,100,0,109,364,103,199,2,668,0,0,0,668
03/06/2019,RDU,NC,ASO,EN,Combined TRACON& Tower with Radar,378,78,82,6,544,0,0,98,3,101,378,78,180,9,645,0,0,0,645
03/07/2019,RDU,NC,ASO,EN,Combined TRACON& Tower with Radar,380,92,92,8,572,0,0,143,7,150,380,92,235,15,722,30,0,30,752
03/08/2019,RDU,NC,ASO,EN,Combined TRACON& Tower with Radar,379,101,62,2,544,0,0,50,1,51,379,101,112,3,595,0,0,0,595
03/09/2019,RDU,NC,ASO,EN,Combined TRACON& Tower with Radar,274,70,70,0,414,0,0,6,0,6,274,70,76,0,420,0,0,0,420
03/10/2019,RDU,NC,ASO,EN,Combined TRACON& Tower with Radar,341,66,67,0,474,0,0,23,0,23,341,66,90,0,497,0,0,0,497
03/11/2019,RDU,NC,ASO,EN,Combined TRACON& Tower with Radar,375,70,70,5,520,0,2,111,1,114,375,72,181,6,634,0,0,0,634
03/12/2019,RDU,NC,ASO,EN,Combined TRACON& Tower with Radar,370,82,80,2,534,0,1,114,4,119,370,83,194,6,653,0,0,0,653
03/13/2019,RDU,NC,ASO,EN,Combined TRACON& Tower with Radar,355,75,95,2,527,0,1,115,0,116,355,76,210,2,643,0,0,0,643
03/14/2019,RDU,NC,ASO,EN,Combined TRACON& Tower with Radar,361,70,87,2,520,0,1,121,0,122,361,71,208,2,642,10,0,10,652
03/15/2019,RDU,NC,ASO,EN,Combined TRACON& Tower with Radar,375,70,65,5,515,0,1,32,0,33,375,71,97,5,548,0,0,0,548
03/16/2019,RDU,NC,ASO,EN,Combined TRACON& Tower with Radar,288,63,61,0,412,0,1,134,1,136,288,64,195,1,548,0,0,0,548
03/17/2019,RDU,NC,ASO,EN,Combined TRACON& Tower with Radar,340,55,80,1,476,0,1,109,0,110,340,56,189,1,586,6,0,6,592
03/18/2019,RDU,NC,ASO,EN,Combined TRACON& Tower with Radar,376,77,59,1,513,0,0,105,5,110,376,77,164,6,623,0,0,0,623
03/19/2019,RDU,NC,ASO,EN,Combined TRACON& Tower with Radar,368,75,87,6,536,0,0,102,2,104,368,75,189,8,640,0,0,0,640
03/20/2019,RDU,NC,ASO,EN,Combined TRACON& Tower with Radar,376,92,103,2,573,0,2,56,4,62,376,94,159,6,635,0,0,0,635
03/21/2019,RDU,NC,ASO,EN,Combined TRACON& Tower with Radar,383,93,100,3,579,0,1,15,1,17,383,94,115,4,596,0,0,0,596
03/22/2019,RDU,NC,ASO,EN,Combined TRACON& Tower with Radar,383,92,64,2,541,0,0,74,11,85,383,92,138,13,626,0,0,0,626
03/23/2019,RDU,NC,ASO,EN,Combined TRACON& Tower with Radar,290,58,40,1,389,0,0,109,0,109,290,58,149,1,498,28,0,28,526
03/24/2019,RDU,NC,ASO,EN,Combined TRACON& Tower with Radar,344,74,67,1,486,0,0,104,0,104,344,74,171,1,590,8,0,8,598
03/25/2019,RDU,NC,ASO,EN,Combined TRACON& Tower with Radar,368,92,69,0,529,0,0,58,2,60,368,92,127,2,589,16,0,16,605
03/26/2019,RDU,NC,ASO,EN,Combined TRACON& Tower with Radar,372,74,79,3,528,0,0,55,4,59,372,74,134,7,587,0,0,0,587
03/27/2019,RDU,NC,ASO,EN,Combined TRACON& Tower with Radar,371,81,87,2,541,0,1,121,6,128,371,82,208,8,669,8,0,8,677
03/28/2019,RDU,NC,ASO,EN,Combined TRACON& Tower with Radar,377,92,91,2,562,0,1,106,12,119,377,93,197,14,681,10,0,10,691
03/29/2019,RDU,NC,ASO,EN,Combined TRACON& Tower with Radar,376,78,100,1,555,0,1,154,6,161,376,79,254,7,716,4,0,4,720
03/30/2019,RDU,NC,ASO,EN,Combined TRACON& Tower with Radar,280,60,36,3,379,0,0,96,0,96,280,60,132,3,475,16,0,16,491
03/31/2019,RDU,NC,ASO,EN,Combined TRACON& Tower with Radar,337,66,53,3,459,0,0,31,2,33,337,66,84,5,492,6,0,6,498
04/01/2019,RDU,NC,ASO,EN,Combined TRACON& Tower with Radar,381,76,62,3,522,0,1,110,0,111,381,77,172,3,633,0,0,0,633
04/02/2019,RDU,NC,ASO,EN,Combined TRACON& Tower with Radar,384,86,79,1,550,0,0,4,0,4,384,86,83,1,554,56,0,56,610
04/03/2019,RDU,NC,ASO,EN,Combined TRACON& Tower with Radar,375,87,105,4,571,0,1,112,5,118,375,88,217,9,689,12,0,12,701
04/04/2019,RDU,NC,ASO,EN,Combined TRACON& Tower with Radar,389,73,78,1,541,0,1,128,7,136,389,74,206,8,677,0,0,0,677
04/05/2019,RDU,NC,ASO,EN,Combined TRACON& Tower with Radar,380,78,82,0,540,0,1,7,0,8,380,79,89,0,548,0,0,0,548
04/06/2019,RDU,NC,ASO,EN,Combined TRACON& Tower with Radar,275,56,84,0,415,0,0,43,1,44,275,56,127,1,459,0,0,0,459
04/07/2019,RDU,NC,ASO,EN,Combined TRACON& Tower with Radar,345,68,107,1,521,0,0,33,6,39,345,68,140,7,560,0,0,0,560
04/08/2019,RDU,NC,ASO,EN,Combined TRACON& Tower with Radar,389,60,86,0,535,0,0,22,0,22,389,60,108,0,557,0,0,0,557
04/09/2019,RDU,NC,ASO,EN,Combined TRACON& Tower with Radar,387,88,86,3,564,0,0,51,3,54,387,88,137,6,618,0,0,0,618
04/10/2019,RDU,NC,ASO,EN,Combined TRACON& Tower with Radar,393,89,120,2,604,0,0,160,6,166,393,89,280,8,770,0,0,0,770
04/11/2019,RDU,NC,ASO,EN,Combined TRACON& Tower with Radar,390,94,98,1,583,0,0,125,10,135,390,94,223,11,718,0,24,24,742
04/12/2019,RDU,NC,ASO,EN,Combined TRACON& Tower with Radar,389,93,84,3,569,0,0,6,0,6,389,93,90,3,575,0,0,0,575
04/13/2019,RDU,NC,ASO,EN,Combined TRACON& Tower with Radar,275,53,67,0,395,0,0,1,0,1,275,53,68,0,396,0,0,0,396
04/14/2019,RDU,NC,ASO,EN,Combined TRACON& Tower with Radar,316,87,68,0,471,0,0,1,0,1,316,87,69,0,472,0,0,0,472
04/15/2019,RDU,NC,ASO,EN,Combined TRACON& Tower with Radar,375,85,71,2,533,0,1,84,1,86,375,86,155,3,619,0,0,0,619
04/16/2019,RDU,NC,ASO,EN,Combined TRACON& Tower with Radar,393,88,63,4,548,0,0,150,5,155,393,88,213,9,703,8,0,8,711
04/17/2019,RDU,NC,ASO,EN,Combined TRACON& Tower with Radar,388,84,103,3,578,0,0,168,6,174,388,84,271,9,752,0,0,0,752
04/18/2019,RDU,NC,ASO,EN,Combined TRACON& Tower with Radar,393,84,103,0,580,0,0,98,4,102,393,84,201,4,682,0,22,22,704
04/19/2019,RDU,NC,ASO,EN,Combined TRACON& Tower with Radar,361,52,31,0,444,0,0,2,0,2,361,52,33,0,446,0,0,0,446
04/20/2019,RDU,NC,ASO,EN,Combined TRACON& Tower with Radar,275,44,52,0,371,0,0,28,0,28,275,44,80,0,399,0,0,0,399
04/21/2019,RDU,NC,ASO,EN,Combined TRACON& Tower with Radar,345,72,67,1,485,0,1,41,0,42,345,73,108,1,527,0,0,0,527
04/22/2019,RDU,NC,ASO,EN,Combined TRACON& Tower with Radar,396,65,84,0,545,0,2,98,7,107,396,67,182,7,652,0,0,0,652
04/23/2019,RDU,NC,ASO,EN,Combined TRACON& Tower with Radar,393,96,96,1,586,0,2,120,5,127,393,98,216,6,713,0,0,0,713
04/24/2019,RDU,NC,ASO,EN,Combined TRACON& Tower with Radar,392,74,123,6,595,0,1,130,10,141,392,75,253,16,736,0,0,0,736
04/25/2019,RDU,NC,ASO,EN,Combined TRACON& Tower with Radar,402,81,106,0,589,0,3,116,12,131,402,84,222,12,720,0,0,0,720
04/26/2019,RDU,NC,ASO,EN,Combined TRACON& Tower with Radar,367,73,62,2,504,0,0,5,2,7,367,73,67,4,511,0,0,0,511
04/27/2019,RDU,NC,ASO,EN,Combined TRACON& Tower with Radar,269,59,64,2,394,0,1,91,0,92,269,60,155,2,486,0,0,0,486
04/28/2019,RDU,NC,ASO,EN,Combined TRACON& Tower with Radar,359,66,80,0,505,0,1,101,0,102,359,67,181,0,607,0,0,0,607
04/29/2019,RDU,NC,ASO,EN,Combined TRACON& Tower with Radar,386,74,97,3,560,0,3,36,9,48,386,77,133,12,608,0,0,0,608
04/30/2019,RDU,NC,ASO,EN,Combined TRACON& Tower with Radar,394,73,79,5,551,0,0,120,8,128,394,73,199,13,679,0,0,0,679
05/01/2019,RDU,NC,ASO,EN,Combined TRACON& Tower with Radar,397,74,110,3,584,0,0,128,7,135,397,74,238,10,719,0,0,0,719
05/02/2019,RDU,NC,ASO,EN,Combined TRACON& Tower with Radar,399,84,105,5,593,0,2,84,9,95,399,86,189,14,688,0,42,42,730
05/03/2019,RDU,NC,ASO,EN,Combined TRACON& Tower with Radar,418,76,95,0,589,0,0,42,2,44,418,76,137,2,633,0,0,0,633
05/04/2019,RDU,NC,ASO,EN,Combined TRACON& Tower with Radar,333,40,49,0,422,0,0,30,0,30,333,40,79,0,452,0,0,0,452
05/05/2019,RDU,NC,ASO,EN,Combined TRACON& Tower with Radar,381,60,60,0,501,0,0,9,0,9,381,60,69,0,510,0,0,0,510
05/06/2019,RDU,NC,ASO,EN,Combined TRACON& Tower with Radar,424,60,74,0,558,0,1,94,13,108,424,61,168,13,666,28,0,28,694
05/07/2019,RDU,NC,ASO,EN,Combined TRACON& Tower with Radar,419,65,101,10,595,0,1,85,10,96,419,66,186,20,691,0,0,0,691
05/08/2019,RDU,NC,ASO,EN,Combined TRACON& Tower with Radar,413,74,105,0,592,0,1,75,11,87,413,75,180,11,679,24,6,30,709
05/09/2019,RDU,NC,ASO,EN,Combined TRACON& Tower with Radar,436,80,107,7,630,0,0,87,12,99,436,80,194,19,729,10,0,10,739
05/10/2019,RDU,NC,ASO,EN,Combined TRACON& Tower with Radar,435,80,119,1,635,0,0,78,9,87,435,80,197,10,722,0,0,0,722
05/11/2019,RDU,NC,ASO,EN,Combined TRACON& Tower with Radar,297,48,65,1,411,0,1,41,2,44,297,49,106,3,455,0,0,0,455
05/12/2019,RDU,NC,ASO,EN,Combined TRACON& Tower with Radar,374,96,72,4,546,0,0,10,0,10,374,96,82,4,556,0,0,0,556
05/13/2019,RDU,NC,ASO,EN,Combined TRACON& Tower with Radar,413,76,82,1,572,0,1,32,8,41,413,77,114,9,613,0,0,0,613
05/14/2019,RDU,NC,ASO,EN,Combined TRACON& Tower with Radar,410,68,101,2,581,0,0,106,11,117,410,68,207,13,698,0,0,0,698
05/15/2019,RDU,NC,ASO,EN,Combined TRACON& Tower with Radar,414,75,110,3,602,0,0,146,20,166,414,75,256,23,768,0,0,0,768
05/16/2019,RDU,NC,ASO,EN,Combined TRACON& Tower with Radar,428,64,102,1,595,0,1,110,11,122,428,65,212,12,717,0,0,0,717
05/17/2019,RDU,NC,ASO,EN,Combined TRACON& Tower with Radar,421,82,111,4,618,0,0,99,3,102,421,82,210,7,720,12,0,12,732
05/18/2019,RDU,NC,ASO,EN,Combined TRACON& Tower with Radar,318,40,43,0,401,0,2,110,0,112,318,42,153,0,513,26,0,26,539
05/19/2019,RDU,NC,ASO,EN,Combined TRACON& Tower with Radar,383,53,68,5,509,0,1,98,1,100,383,54,166,6,609,18,0,18,627
05/20/2019,RDU,NC,ASO,EN,Combined TRACON& Tower with Radar,420,59,91,0,570,0,0,52,4,56,420,59,143,4,626,0,0,0,626
05/21/2019,RDU,NC,ASO,EN,Combined TRACON& Tower with Radar,414,61,111,1,587,0,2,129,10,141,414,63,240,11,728,0,0,0,728
05/22/2019,RDU,NC,ASO,EN,Combined TRACON& Tower with Radar,418,82,131,7,638,0,1,133,11,145,418,83,264,18,783,0,0,0,783
05/23/2019,RDU,NC,ASO,EN,Combined TRACON& Tower with Radar,411,68,121,3,603,0,0,66,10,76,411,68,187,13,679,0,0,0,679
05/24/2019,RDU,NC,ASO,EN,Combined TRACON& Tower with Radar,437,71,86,3,597,0,1,112,6,119,437,72,198,9,716,0,0,0,716
05/25/2019,RDU,NC,ASO,EN,Combined TRACON& Tower with Radar,296,35,38,0,369,0,0,97,2,99,296,35,135,2,468,50,0,50,518
05/26/2019,RDU,NC,ASO,EN,Combined TRACON& Tower with Radar,292,32,29,0,353,0,0,64,0,64,292,32,93,0,417,0,0,0,417
05/27/2019,RDU,NC,ASO,EN,Combined TRACON& Tower with Radar,379,46,57,0,482,0,3,94,0,97,379,49,151,0,579,12,0,12,591
05/28/2019,RDU,NC,ASO,EN,Combined TRACON& Tower with Radar,404,64,81,2,551,0,2,106,13,121,404,66,187,15,672,20,0,20,692
05/29/2019,RDU,NC,ASO,EN,Combined TRACON& Tower with Radar,393,64,108,2,567,0,3,86,17,106,393,67,194,19,673,12,0,12,685
05/30/2019,RDU,NC,ASO,EN,Combined TRACON& Tower with Radar,436,72,79,4,591,0,0,107,13,120,436,72,186,17,711,0,0,0,711
05/31/2019,RDU,NC,ASO,EN,Combined TRACON& Tower with Radar,439,67,71,0,577,0,2,82,6,90,439,69,153,6,667,0,0,0,667
06/01/2019,RDU,NC,ASO,EN,Combined TRACON& Tower with Radar,317,37,47,1,402,0,1,67,0,68,317,38,114,1,470,10,0,10,480
06/02/2019,RDU,NC,ASO,EN,Combined TRACON& Tower with Radar,375,65,60,0,500,0,0,104,0,104,375,65,164,0,604,0,0,0,604
06/03/2019,RDU,NC,ASO,EN,Combined TRACON& Tower with Radar,428,63,64,7,562,0,1,101,8,110,428,64,165,15,672,0,0,0,672
06/04/2019,RDU,NC,ASO,EN,Combined TRACON& Tower with Radar,416,80,78,3,577,0,0,121,8,129,416,80,199,11,706,0,12,12,718
06/05/2019,RDU,NC,ASO,EN,Combined TRACON& Tower with Radar,406,90,80,6,582,0,0,29,0,29,406,90,109,6,611,0,0,0,611
06/06/2019,RDU,NC,ASO,EN,Combined TRACON& Tower with Radar,437,86,84,1,608,0,0,73,5,78,437,86,157,6,686,0,0,0,686
06/07/2019,RDU,NC,ASO,EN,Combined TRACON& Tower with Radar,419,70,62,0,551,0,0,6,0,6,419,70,68,0,557,0,0,0,557
06/08/2019,RDU,NC,ASO,EN,Combined TRACON& Tower with Radar,322,41,40,0,403,0,0,2,0,2,322,41,42,0,405,0,0,0,405
06/09/2019,RDU,NC,ASO,EN,Combined TRACON& Tower with Radar,386,53,64,0,503,0,0,0,0,0,386,53,64,0,503,0,0,0,503
06/10/2019,RDU,NC,ASO,EN,Combined TRACON& Tower with Radar,406,66,74,0,546,0,0,25,2,27,406,66,99,2,573,0,0,0,573
06/11/2019,RDU,NC,ASO,EN,Combined TRACON& Tower with Radar,436,70,113,5,624,0,1,128,16,145,436,71,241,21,769,0,8,8,777
06/12/2019,RDU,NC,ASO,EN,Combined TRACON& Tower with Radar,429,76,97,4,606,0,3,85,9,97,429,79,182,13,703,0,0,0,703
06/13/2019,RDU,NC,ASO,EN,Combined TRACON& Tower with Radar,427,85,100,4,616,0,2,50,7,59,427,87,150,11,675,0,4,4,679
06/14/2019,RDU,NC,ASO,EN,Combined TRACON& Tower with Radar,430,90,53,3,576,0,2,148,4,154,430,92,201,7,730,0,0,0,730
06/15/2019,RDU,NC,ASO,EN,Combined TRACON& Tower with Radar,340,55,44,0,439,0,0,119,0,119,340,55,163,0,558,0,0,0,558
06/16/2019,RDU,NC,ASO,EN,Combined TRACON& Tower with Radar,395,55,53,0,503,0,0,85,0,85,395,55,138,0,588,0,0,0,588
06/17/2019,RDU,NC,ASO,EN,Combined TRACON& Tower with Radar,422,70,66,2,560,0,0,101,10,111,422,70,167,12,671,20,0,20,691
06/18/2019,RDU,NC,ASO,EN,Combined TRACON& Tower with Radar,420,74,101,4,599,0,0,86,8,94,420,74,187,12,693,0,20,20,713
06/19/2019,RDU,NC,ASO,EN,Combined TRACON& Tower with Radar,425,72,80,2,579,0,0,39,6,45,425,72,119,8,624,0,0,0,624
06/20/2019,RDU,NC,ASO,EN,Combined TRACON& Tower with Radar,411,72,92,7,582,0,0,41,8,49,411,72,133,15,631,0,0,0,631
06/21/2019,RDU,NC,ASO,EN,Combined TRACON& Tower with Radar,442,82,107,1,632,0,1,100,6,107,442,83,207,7,739,0,0,0,739
06/22/2019,RDU,NC,ASO,EN,Combined TRACON& Tower with Radar,345,40,47,1,433,0,0,103,0,103,345,40,150,1,536,2,0,2,538
06/23/2019,RDU,NC,ASO,EN,Combined TRACON& Tower with Radar,399,69,65,0,533,0,0,116,4,120,399,69,181,4,653,0,0,0,653
06/24/2019,RDU,NC,ASO,EN,Combined TRACON& Tower with Radar,429,63,71,3,566,0,0,112,11,123,429,63,183,14,689,8,0,8,697
06/25/2019,RDU,NC,ASO,EN,Combined TRACON& Tower with Radar,427,81,91,1,600,0,0,120,17,137,427,81,211,18,737,0,0,0,737
06/26/2019,RDU,NC,ASO,EN,Combined TRACON& Tower with Radar,424,75,97,3,599,0,2,160,24,186,424,77,257,27,785,0,0,0,785
06/27/2019,RDU,NC,ASO,EN,Combined TRACON& Tower with Radar,428,80,84,4,596,0,0,122,10,132,428,80,206,14,728,0,0,0,728
06/28/2019,RDU,NC,ASO,EN,Combined TRACON& Tower with Radar,427,77,75,0,579,0,3,122,5,130,427,80,197,5,709,0,0,0,709
06/29/2019,RDU,NC,ASO,EN,Combined TRACON& Tower with Radar,337,43,42,0,422,0,1,99,0,100,337,44,141,0,522,0,0,0,522
06/30/2019,RDU,NC,ASO,EN,Combined TRACON& Tower with Radar,363,52,40,0,455,0,2,81,1,84,363,54,121,1,539,0,0,0,539
07/01/2019,RDU,NC,ASO,EN,Combined TRACON& Tower with Radar,360,54,49,7,470,0,0,134,20,154,360,54,183,27,624,12,0,12,636
07/02/2019,RDU,NC,ASO,EN,Combined TRACON& Tower with Radar,353,57,55,5,470,0,0,118,15,133,353,57,173,20,603,6,0,6,609
07/03/2019,RDU,NC,ASO,EN,Combined TRACON& Tower with Radar,359,61,51,1,472,0,2,120,18,140,359,63,171,19,612,0,0,0,612
07/04/2019,RDU,NC,ASO,EN,Combined TRACON& Tower with Radar,280,30,25,1,336,0,0,38,0,38,280,30,63,1,374,20,0,20,394
07/05/2019,RDU,NC,ASO,EN,Combined TRACON& Tower with Radar,308,42,41,0,391,0,0,39,0,39,308,42,80,0,430,46,0,46,476
07/06/2019,RDU,NC,ASO,EN,Combined TRACON& Tower with Radar,314,50,46,0,410,0,2,39,2,43,314,52,85,2,453,0,0,0,453
07/07/2019,RDU,NC,ASO,EN,Combined TRACON& Tower with Radar,388,54,67,0,509,0,5,44,0,49,388,59,111,0,558,0,0,0,558
07/08/2019,RDU,NC,ASO,EN,Combined TRACON& Tower with Radar,435,74,85,0,594,0,1,61,2,64,435,75,146,2,658,0,0,0,658
07/09/2019,RDU,NC,ASO,EN,Combined TRACON& Tower with Radar,438,80,98,2,618,0,0,66,10,76,438,80,164,12,694,0,0,0,694
07/10/2019,RDU,NC,ASO,EN,Combined TRACON& Tower with Radar,426,88,82,2,598,0,0,114,16,130,426,88,196,18,728,0,0,0,728
07/11/2019,RDU,NC,ASO,EN,Combined TRACON& Tower with Radar,394,56,88,2,540,0,0,65,9,74,394,56,153,11,614,0,0,0,614
07/12/2019,RDU,NC,ASO,EN,Combined TRACON& Tower with Radar,436,85,85,4,610,0,2,68,4,74,436,87,153,8,684,0,0,0,684
07/13/2019,RDU,NC,ASO,EN,Combined TRACON& Tower with Radar,349,45,49,0,443,0,0,115,3,118,349,45,164,3,561,0,0,0,561
07/14/2019,RDU,NC,ASO,EN,Combined TRACON& Tower with Radar,399,61,56,1,517,0,0,121,1,122,399,61,177,2,639,10,0,10,649
07/15/2019,RDU,NC,ASO,EN,Combined TRACON& Tower with Radar,436,78,73,0,587,0,0,111,8,119,436,78,184,8,706,0,0,0,706
07/16/2019,RDU,NC,ASO,EN,Combined TRACON& Tower with Radar,426,81,78,2,587,0,0,100,10,110,426,81,178,12,697,24,0,24,721
07/17/2019,RDU,NC,ASO,EN,Combined TRACON& Tower with Radar,399,87,95,5,586,0,0,77,7,84,399,87,172,12,670,6,0,6,676
07/18/2019,RDU,NC,ASO,EN,Combined TRACON& Tower with Radar,423,73,88,0,584,0,0,90,9,99,423,73,178,9,683,0,0,0,683
07/19/2019,RDU,NC,ASO,EN,Combined TRACON& Tower with Radar,432,78,89,4,603,0,4,91,5,100,432,82,180,9,703,0,0,0,703
07/20/2019,RDU,NC,ASO,EN,Combined TRACON& Tower with Radar,366,56,48,1,471,0,0,74,8,82,366,56,122,9,553,0,0,0,553
07/21/2019,RDU,NC,ASO,EN,Combined TRACON& Tower with Radar,388,54,56,1,499,0,3,88,5,96,388,57,144,6,595,0,0,0,595
07/22/2019,RDU,NC,ASO,EN,Combined TRACON& Tower with Radar,405,67,80,3,555,0,1,63,3,67,405,68,143,6,622,8,0,8,630
07/23/2019,RDU,NC,ASO,EN,Combined TRACON& Tower with Radar,423,72,72,0,567,0,2,3,0,5,423,74,75,0,572,0,0,0,572
07/24/2019,RDU,NC,ASO,EN,Combined TRACON& Tower with Radar,426,96,115,5,642,0,0,87,4,91,426,96,202,9,733,6,0,6,739
07/25/2019,RDU,NC,ASO,EN,Combined TRACON& Tower with Radar,435,81,104,2,622,0,1,104,20,125,435,82,208,22,747,24,0,24,771
07/26/2019,RDU,NC,ASO,EN,Combined TRACON& Tower with Radar,432,62,73,1,568,0,1,115,6,122,432,63,188,7,690,14,0,14,704
07/27/2019,RDU,NC,ASO,EN,Combined TRACON& Tower with Radar,341,52,53,1,447,0,2,99,1,102,341,54,152,2,549,16,0,16,565
07/28/2019,RDU,NC,ASO,EN,Combined TRACON& Tower with Radar,398,61,54,1,514,0,1,112,0,113,398,62,166,1,627,0,0,0,627
07/29/2019,RDU,NC,ASO,EN,Combined TRACON& Tower with Radar,426,73,63,0,562,0,0,87,12,99,426,73,150,12,661,0,0,0,661
07/30/2019,RDU,NC,ASO,EN,Combined TRACON& Tower with Radar,423,69,85,6,583,0,0,114,10,124,423,69,199,16,707,0,0,0,707
07/31/2019,RDU,NC,ASO,EN,Combined TRACON& Tower with Radar,398,64,94,3,559,0,1,86,11,98,398,65,180,14,657,8,14,22,679
08/01/2019,RDU,NC,ASO,EN,Combined TRACON& Tower with Radar,435,67,87,1,590,0,0,60,6,66,435,67,147,7,656,6,22,28,684
08/02/2019,RDU,NC,ASO,EN,Combined TRACON& Tower with Radar,439,70,72,3,584,0,0,55,8,63,439,70,127,11,647,0,0,0,647
08/03/2019,RDU,NC,ASO,EN,Combined TRACON& Tower with Radar,344,52,47,5,448,0,1,37,9,47,344,53,84,14,495,0,0,0,495
08/04/2019,RDU,NC,ASO,EN,Combined TRACON& Tower with Radar,402,56,59,1,518,0,0,46,6,52,402,56,105,7,570,0,0,0,570
08/05/2019,RDU,NC,ASO,EN,Combined TRACON& Tower with Radar,435,74,94,0,603,0,0,33,7,40,435,74,127,7,643,0,0,0,643
08/06/2019,RDU,NC,ASO,EN,Combined TRACON& Tower with Radar,402,71,92,2,567,0,1,69,10,80,402,72,161,12,647,0,0,0,647
08/07/2019,RDU,NC,ASO,EN,Combined TRACON& Tower with Radar,378,73,80,4,535,0,1,88,5,94,378,74,168,9,629,0,0,0,629
08/08/2019,RDU,NC,ASO,EN,Combined TRACON& Tower with Radar,409,81,98,0,588,0,2,140,17,159,409,83,238,17,747,12,0,12,759
08/09/2019,RDU,NC,ASO,EN,Combined TRACON& Tower with Radar,432,71,77,2,582,0,1,109,8,118,432,72,186,10,700,0,0,0,700
08/10/2019,RDU,NC,ASO,EN,Combined TRACON& Tower with Radar,331,44,38,0,413,0,1,140,4,145,331,45,178,4,558,20,0,20,578
08/11/2019,RDU,NC,ASO,EN,Combined TRACON& Tower with Radar,397,59,47,2,505,0,0,77,3,80,397,59,124,5,585,0,0,0,585
08/12/2019,RDU,NC,ASO,EN,Combined TRACON& Tower with Radar,412,71,53,12,548,0,1,98,15,114,412,72,151,27,662,0,0,0,662
08/13/2019,RDU,NC,ASO,EN,Combined TRACON& Tower with Radar,408,74,83,0,565,0,0,82,7,89,408,74,165,7,654,0,0,0,654
08/14/2019,RDU,NC,ASO,EN,Combined TRACON& Tower with Radar,430,86,95,4,615,0,2,88,14,104,430,88,183,18,719,0,0,0,719
08/15/2019,RDU,NC,ASO,EN,Combined TRACON& Tower with Radar,406,77,121,5,609,0,0,41,9,50,406,77,162,14,659,0,0,0,659
08/16/2019,RDU,NC,ASO,EN,Combined TRACON& Tower with Radar,432,73,92,6,603,0,1,53,4,58,432,74,145,10,661,0,0,0,661
08/17/2019,RDU,NC,ASO,EN,Combined TRACON& Tower with Radar,311,45,50,0,406,0,0,45,0,45,311,45,95,0,451,0,0,0,451
08/18/2019,RDU,NC,ASO,EN,Combined TRACON& Tower with Radar,379,70,63,0,512,0,2,78,3,83,379,72,141,3,595,0,0,0,595
08/19/2019,RDU,NC,ASO,EN,Combined TRACON& Tower with Radar,399,68,77,0,544,0,0,68,9,77,399,68,145,9,621,0,0,0,621
08/20/2019,RDU,NC,ASO,EN,Combined TRACON& Tower with Radar,399,91,83,1,574,0,1,94,14,109,399,92,177,15,683,12,0,12,695
08/21/2019,RDU,NC,ASO,EN,Combined TRACON& Tower with Radar,400,94,117,3,614,0,2,72,12,86,400,96,189,15,700,0,0,0,700
08/22/2019,RDU,NC,ASO,EN,Combined TRACON& Tower with Radar,421,86,90,2,599,0,3,84,6,93,421,89,174,8,692,0,0,0,692
08/23/2019,RDU,NC,ASO,EN,Combined TRACON& Tower with Radar,420,78,85,2,585,0,0,76,7,83,420,78,161,9,668,0,0,0,668
08/24/2019,RDU,NC,ASO,EN,Combined TRACON& Tower with Radar,313,50,51,1,415,0,0,3,1,4,313,50,54,2,419,0,0,0,419
08/25/2019,RDU,NC,ASO,EN,Combined TRACON& Tower with Radar,392,56,60,2,510,0,0,90,3,93,392,56,150,5,603,0,0,0,603
08/26/2019,RDU,NC,ASO,EN,Combined TRACON& Tower with Radar,407,70,85,5,567,0,1,59,10,70,407,71,144,15,637,0,0,0,637
08/27/2019,RDU,NC,ASO,EN,Combined TRACON& Tower with Radar,420,78,82,7,587,0,0,70,11,81,420,78,152,18,668,18,10,28,696
08/28/2019,RDU,NC,ASO,EN,Combined TRACON& Tower with Radar,408,82,126,3,619,0,0,93,14,107,408,82,219,17,726,0,0,0,726
08/29/2019,RDU,NC,ASO,EN,Combined TRACON& Tower with Radar,429,80,106,2,617,0,0,165,11,176,429,80,271,13,793,8,0,8,801
08/30/2019,RDU,NC,ASO,EN,Combined TRACON& Tower with Radar,412,74,62,0,548,0,1,133,9,143,412,75,195,9,691,0,0,0,691
08/31/2019,RDU,NC,ASO,EN,Combined TRACON& Tower with Radar,280,40,58,0,378,0,1,113,3,117,280,41,171,3,495,0,0,0,495
09/01/2019,RDU,NC,ASO,EN,Combined TRACON& Tower with Radar,277,35,40,0,352,0,0,49,0,49,277,35,89,0,401,0,0,0,401
09/02/2019,RDU,NC,ASO,EN,Combined TRACON& Tower with Radar,326,58,55,0,439,0,0,76,0,76,326,58,131,0,515,10,0,10,525
09/03/2019,RDU,NC,ASO,EN,Combined TRACON& Tower with Radar,358,69,72,0,499,0,1,81,11,93,358,70,153,11,592,0,6,6,598
09/04/2019,RDU,NC,ASO,EN,Combined TRACON& Tower with Radar,368,78,76,2,524,0,0,57,2,59,368,78,133,4,583,4,0,4,587
09/05/2019,RDU,NC,ASO,EN,Combined TRACON& Tower with Radar,389,56,27,0,472,0,1,6,0,7,389,57,33,0,479,0,0,0,479
09/06/2019,RDU,NC,ASO,EN,Combined TRACON& Tower with Radar,394,52,47,4,497,0,1,38,5,44,394,53,85,9,541,0,0,0,541
09/07/2019,RDU,NC,ASO,EN,Combined TRACON& Tower with Radar,283,51,61,6,401,0,1,119,10,130,283,52,180,16,531,14,0,14,545
09/08/2019,RDU,NC,ASO,EN,Combined TRACON& Tower with Radar,389,68,62,0,519,0,0,89,8,97,389,68,151,8,616,10,0,10,626
09/09/2019,RDU,NC,ASO,EN,Combined TRACON& Tower with Radar,417,63,94,1,575,0,0,37,4,41,417,63,131,5,616,0,0,0,616
09/10/2019,RDU,NC,ASO,EN,Combined TRACON& Tower with Radar,409,75,82,3,569,0,1,75,11,87,409,76,157,14,656,0,4,4,660
09/11/2019,RDU,NC,ASO,EN,Combined TRACON& Tower with Radar,405,79,101,2,587,0,0,99,8,107,405,79,200,10,694,0,0,0,694
09/12/2019,RDU,NC,ASO,EN,Combined TRACON& Tower with Radar,420,86,92,6,604,0,0,118,8,126,420,86,210,14,730,20,0,20,750
09/13/2019,RDU,NC,ASO,EN,Combined TRACON& Tower with Radar,435,95,92,2,624,0,0,10,0,10,435,95,102,2,634,0,0,0,634
09/14/2019,RDU,NC,ASO,EN,Combined TRACON& Tower with Radar,300,43,50,0,393,0,0,47,0,47,300,43,97,0,440,6,0,6,446
09/15/2019,RDU,NC,ASO,EN,Combined TRACON& Tower with Radar,390,63,76,8,537,0,0,71,1,72,390,63,147,9,609,0,0,0,609
09/16/2019,RDU,NC,ASO,EN,Combined TRACON& Tower with Radar,424,68,65,0,557,0,2,88,2,92,424,70,153,2,649,0,0,0,649
09/17/2019,RDU,NC,ASO,EN,Combined TRACON& Tower with Radar,407,77,75,4,563,0,1,99,5,105,407,78,174,9,668,0,0,0,668
09/18/2019,RDU,NC,ASO,EN,Combined TRACON& Tower with Radar,407,86,100,4,597,0,0,93,2,95,407,86,193,6,692,0,0,0,692
09/19/2019,RDU,NC,ASO,EN,Combined TRACON& Tower with Radar,411,73,101,3,588,0,1,124,2,127,411,74,225,5,715,10,0,10,725
09/20/2019,RDU,NC,ASO,EN,Combined TRACON& Tower with Radar,424,81,98,5,608,0,3,106,6,115,424,84,204,11,723,0,0,0,723
09/21/2019,RDU,NC,ASO,EN,Combined TRACON& Tower with Radar,298,48,51,1,398,0,0,120,2,122,298,48,171,3,520,0,0,0,520
09/22/2019,RDU,NC,ASO,EN,Combined TRACON& Tower with Radar,392,72,78,0,542,0,1,114,0,115,392,73,192,0,657,0,0,0,657
09/23/2019,RDU,NC,ASO,EN,Combined TRACON& Tower with Radar,414,82,49,2,547,0,0,98,16,114,414,82,147,18,661,0,0,0,661
09/24/2019,RDU,NC,ASO,EN,Combined TRACON& Tower with Radar,408,77,76,3,564,0,1,109,11,121,408,78,185,14,685,0,4,4,689
09/25/2019,RDU,NC,ASO,EN,Combined TRACON& Tower with Radar,399,99,104,2,604,0,0,110,4,114,399,99,214,6,718,0,0,0,718
09/26/2019,RDU,NC,ASO,EN,Combined TRACON& Tower with Radar,417,80,111,2,610,0,0,95,7,102,417,80,206,9,712,0,0,0,712
09/27/2019,RDU,NC,ASO,EN,Combined TRACON& Tower with Radar,415,90,122,2,629,0,0,104,2,106,415,90,226,4,735,0,0,0,735
09/28/2019,RDU,NC,ASO,EN,Combined TRACON& Tower with Radar,287,50,86,1,424,0,3,89,0,92,287,53,175,1,516,0,0,0,516
09/29/2019,RDU,NC,ASO,EN,Combined TRACON& Tower with Radar,388,74,72,0,534,0,0,86,1,87,388,74,158,1,621,0,0,0,621
09/30/2019,RDU,NC,ASO,EN,Combined TRACON& Tower with Radar,416,78,78,0,572,0,0,55,8,63,416,78,133,8,635,0,0,0,635
10/01/2019,RDU,NC,ASO,EN,Combined TRACON& Tower with Radar,407,62,87,2,558,0,0,91,8,99,407,62,178,10,657,0,0,0,657
10/02/2019,RDU,NC,ASO,EN,Combined TRACON& Tower with Radar,409,70,90,1,570,0,0,89,11,100,409,70,179,12,670,0,0,0,670
10/03/2019,RDU,NC,ASO,EN,Combined TRACON& Tower with Radar,424,59,69,0,552,0,0,113,14,127,424,59,182,14,679,0,0,0,679
10/04/2019,RDU,NC,ASO,EN,Combined TRACON& Tower with Radar,435,64,79,2,580,0,1,97,6,104,435,65,176,8,684,0,0,0,684
10/05/2019,RDU,NC,ASO,EN,Combined TRACON& Tower with Radar,314,52,66,0,432,0,0,74,0,74,314,52,140,0,506,8,0,8,514
10/06/2019,RDU,NC,ASO,EN,Combined TRACON& Tower with Radar,391,66,65,0,522,0,2,86,0,88,391,68,151,0,610,0,0,0,610
10/07/2019,RDU,NC,ASO,EN,Combined TRACON& Tower with Radar,423,65,76,4,568,0,0,77,9,86,423,65,153,13,654,0,0,0,654
10/08/2019,RDU,NC,ASO,EN,Combined TRACON& Tower with Radar,413,74,102,0,589,0,0,5,2,7,413,74,107,2,596,0,0,0,596
10/09/2019,RDU,NC,ASO,EN,Combined TRACON& Tower with Radar,421,82,102,4,609,0,0,64,14,78,421,82,166,18,687,0,0,0,687
10/10/2019,RDU,NC,ASO,EN,Combined TRACON& Tower with Radar,416,94,126,2,638,0,0,100,19,119,416,94,226,21,757,6,16,22,779
10/11/2019,RDU,NC,ASO,EN,Combined TRACON& Tower with Radar,425,70,86,2,583,0,0,143,3,146,425,70,229,5,729,0,0,0,729
10/12/2019,RDU,NC,ASO,EN,Combined TRACON& Tower with Radar,319,45,54,0,418,0,1,106,0,107,319,46,160,0,525,0,0,0,525
10/13/2019,RDU,NC,ASO,EN,Combined TRACON& Tower with Radar,394,69,74,0,537,0,0,27,0,27,394,69,101,0,564,0,0,0,564
10/14/2019,RDU,NC,ASO,EN,Combined TRACON& Tower with Radar,424,62,94,0,580,0,0,90,0,90,424,62,184,0,670,0,0,0,670
10/15/2019,RDU,NC,ASO,EN,Combined TRACON& Tower with Radar,416,56,82,2,556,0,0,114,9,123,416,56,196,11,679,0,0,0,679
10/16/2019,RDU,NC,ASO,EN,Combined TRACON& Tower with Radar,414,62,75,0,551,0,0,15,8,23,414,62,90,8,574,0,0,0,574
10/17/2019,RDU,NC,ASO,EN,Combined TRACON& Tower with Radar,405,81,82,0,568,0,2,104,20,126,405,83,186,20,694,0,0,0,694
10/18/2019,RDU,NC,ASO,EN,Combined TRACON& Tower with Radar,432,70,79,0,581,0,2,152,1,155,432,72,231,1,736,2,0,2,738
10/19/2019,RDU,NC,ASO,EN,Combined TRACON& Tower with Radar,308,39,42,0,389,0,1,114,23,138,308,40,156,23,527,0,0,0,527
10/20/2019,RDU,NC,ASO,EN,Combined TRACON& Tower with Radar,397,75,76,8,556,0,0,1,0,1,397,75,77,8,557,0,0,0,557
10/21/2019,RDU,NC,ASO,EN,Combined TRACON& Tower with Radar,416,65,95,4,580,0,1,100,14,115,416,66,195,18,695,0,0,0,695
10/22/2019,RDU,NC,ASO,EN,Combined TRACON& Tower with Radar,419,65,53,0,537,0,0,3,3,6,419,65,56,3,543,0,0,0,543
10/23/2019,RDU,NC,ASO,EN,Combined TRACON& Tower with Radar,415,71,93,2,581,0,2,142,16,160,415,73,235,18,741,0,0,0,741
10/24/2019,RDU,NC,ASO,EN,Combined TRACON& Tower with Radar,413,96,87,4,600,0,3,128,11,142,413,99,215,15,742,0,0,0,742
10/25/2019,RDU,NC,ASO,EN,Combined TRACON& Tower with Radar,424,86,103,2,615,0,1,111,2,114,424,87,214,4,729,0,0,0,729
10/26/2019,RDU,NC,ASO,EN,Combined TRACON& Tower with Radar,294,60,57,0,411,0,0,107,0,107,294,60,164,0,518,0,0,0,518
10/27/2019,RDU,NC,ASO,EN,Combined TRACON& Tower with Radar,367,87,78,0,532,0,5,15,0,20,367,92,93,0,552,0,0,0,552
10/28/2019,RDU,NC,ASO,EN,Combined TRACON& Tower with Radar,379,54,77,5,515,0,1,92,14,107,379,55,169,19,622,0,0,0,622
10/29/2019,RDU,NC,ASO,EN,Combined TRACON& Tower with Radar,377,82,107,10,576,0,0,21,7,28,377,82,128,17,604,0,0,0,604
10/30/2019,RDU,NC,ASO,EN,Combined TRACON& Tower with Radar,376,65,97,0,538,0,0,0,0,0,376,65,97,0,538,0,0,0,538
10/31/2019,RDU,NC,ASO,EN,Combined TRACON& Tower with Radar,321,59,67,4,451,0,0,10,6,16,321,59,77,10,467,0,0,0,467
11/01/2019,RDU,NC,ASO,EN,Combined TRACON& Tower with Radar,353,69,121,1,544,0,0,110,0,110,353,69,231,1,654,14,0,14,668
11/02/2019,RDU,NC,ASO,EN,Combined TRACON& Tower with Radar,294,42,69,0,405,0,1,119,7,127,294,43,188,7,532,0,0,0,532
11/03/2019,RDU,NC,ASO,EN,Combined TRACON& Tower with Radar,375,65,76,2,518,0,0,127,6,133,375,65,203,8,651,0,0,0,651
11/04/2019,RDU,NC,ASO,EN,Combined TRACON& Tower with Radar,416,73,92,6,587,0,0,85,4,89,416,73,177,10,676,0,0,0,676
11/05/2019,RDU,NC,ASO,EN,Combined TRACON& Tower with Radar,394,61,64,4,523,0,1,110,3,114,394,62,174,7,637,0,0,0,637
11/06/2019,RDU,NC,ASO,EN,Combined TRACON& Tower with Radar,410,74,99,7,590,0,0,125,9,134,410,74,224,16,724,0,0,0,724
11/07/2019,RDU,NC,ASO,EN,Combined TRACON& Tower with Radar,418,88,124,4,634,0,3,94,4,101,418,91,218,8,735,0,0,0,735
11/08/2019,RDU,NC,ASO,EN,Combined TRACON& Tower with Radar,434,99,105,1,639,0,1,75,1,77,434,100,180,2,716,0,0,0,716
11/09/2019,RDU,NC,ASO,EN,Combined TRACON& Tower with Radar,306,73,73,0,452,0,0,104,2,106,306,73,177,2,558,0,0,0,558
11/10/2019,RDU,NC,ASO,EN,Combined TRACON& Tower with Radar,383,85,117,0,585,0,0,101,4,105,383,85,218,4,690,0,0,0,690
11/11/2019,RDU,NC,ASO,EN,Combined TRACON& Tower with Radar,399,57,70,1,527,0,1,101,2,104,399,58,171,3,631,0,0,0,631
11/12/2019,RDU,NC,ASO,EN,Combined TRACON& Tower with Radar,417,67,81,5,570,0,1,5,1,7,417,68,86,6,577,0,0,0,577
11/13/2019,RDU,NC,ASO,EN,Combined TRACON& Tower with Radar,417,94,86,4,601,0,3,89,14,106,417,97,175,18,707,0,0,0,707
11/14/2019,RDU,NC,ASO,EN,Combined TRACON& Tower with Radar,416,82,104,2,604,0,0,82,10,92,416,82,186,12,696,0,0,0,696
11/15/2019,RDU,NC,ASO,EN,Combined TRACON& Tower with Radar,441,102,73,5,621,0,0,2,0,2,441,102,75,5,623,0,0,0,623
11/16/2019,RDU,NC,ASO,EN,Combined TRACON& Tower with Radar,304,35,51,0,390,0,2,15,0,17,304,37,66,0,407,0,0,0,407
11/17/2019,RDU,NC,ASO,EN,Combined TRACON& Tower with Radar,382,67,82,0,531,0,0,33,0,33,382,67,115,0,564,0,0,0,564
11/18/2019,RDU,NC,ASO,EN,Combined TRACON& Tower with Radar,418,68,71,2,559,0,0,1,0,1,418,68,72,2,560,0,0,0,560
11/19/2019,RDU,NC,ASO,EN,Combined TRACON& Tower with Radar,433,75,106,2,616,0,0,45,10,55,433,75,151,12,671,0,0,0,671
11/20/2019,RDU,NC,ASO,EN,Combined TRACON& Tower with Radar,426,69,100,8,603,0,0,140,12,152,426,69,240,20,755,0,0,0,755
11/21/2019,RDU,NC,ASO,EN,Combined TRACON& Tower with Radar,414,76,97,3,590,0,2,136,16,154,414,78,233,19,744,0,0,0,744
11/22/2019,RDU,NC,ASO,EN,Combined TRACON& Tower with Radar,421,79,87,1,588,0,2,98,0,100,421,81,185,1,688,4,0,4,692
11/23/2019,RDU,NC,ASO,EN,Combined TRACON& Tower with Radar,327,38,45,0,410,0,0,21,0,21,327,38,66,0,431,0,0,0,431
11/24/2019,RDU,NC,ASO,EN,Combined TRACON& Tower with Radar,367,62,69,0,498,0,2,64,0,66,367,64,133,0,564,0,0,0,564
11/25/2019,RDU,NC,ASO,EN,Combined TRACON& Tower with Radar,386,68,71,5,530,0,1,121,16,138,386,69,192,21,668,0,0,0,668
11/26/2019,RDU,NC,ASO,EN,Combined TRACON& Tower with Radar,415,104,106,3,628,0,3,123,13,139,415,107,229,16,767,0,0,0,767
11/27/2019,RDU,NC,ASO,EN,Combined TRACON& Tower with Radar,438,95,74,0,607,0,0,31,0,31,438,95,105,0,638,0,0,0,638
11/28/2019,RDU,NC,ASO,EN,Combined TRACON& Tower with Radar,236,24,15,0,275,0,0,20,0,20,236,24,35,0,295,0,0,0,295
11/29/2019,RDU,NC,ASO,EN,Combined TRACON& Tower with Radar,273,43,50,0,366,0,0,87,0,87,273,43,137,0,453,10,0,10,463
11/30/2019,RDU,NC,ASO,EN,Combined TRACON& Tower with Radar,379,71,82,0,532,0,0,17,0,17,379,71,99,0,549,0,0,0,549
12/01/2019,RDU,NC,ASO,EN,Combined TRACON& Tower with Radar,424,86,86,2,598,0,0,1,0,1,424,86,87,2,599,0,0,0,599
12/02/2019,RDU,NC,ASO,EN,Combined TRACON& Tower with Radar,416,73,59,4,552,0,2,50,13,65,416,75,109,17,617,0,0,0,617
12/03/2019,RDU,NC,ASO,EN,Combined TRACON& Tower with Radar,421,91,88,6,606,0,2,109,14,125,421,93,197,20,731,20,14,34,765
12/04/2019,RDU,NC,ASO,EN,Combined TRACON& Tower with Radar,422,91,116,0,629,0,4,100,14,118,422,95,216,14,747,0,0,0,747
12/05/2019,RDU,NC,ASO,EN,Combined TRACON& Tower with Radar,431,75,94,5,605,0,2,121,13,136,431,77,215,18,741,0,0,0,741
12/06/2019,RDU,NC,ASO,EN,Combined TRACON& Tower with Radar,418,74,80,0,572,0,0,72,12,84,418,74,152,12,656,0,0,0,656
12/07/2019,RDU,NC,ASO,EN,Combined TRACON& Tower with Radar,299,56,49,0,404,0,0,83,3,86,299,56,132,3,490,0,0,0,490
12/08/2019,RDU,NC,ASO,EN,Combined TRACON& Tower with Radar,376,62,57,0,495,0,0,63,0,63,376,62,120,0,558,0,0,0,558
12/09/2019,RDU,NC,ASO,EN,Combined TRACON& Tower with Radar,411,58,65,1,535,0,0,1,4,5,411,58,66,5,540,0,40,40,580
12/10/2019,RDU,NC,ASO,EN,Combined TRACON& Tower with Radar,409,68,97,0,574,0,0,9,2,11,409,68,106,2,585,0,12,12,597
12/11/2019,RDU,NC,ASO,EN,Combined TRACON& Tower with Radar,409,68,84,3,564,0,0,92,6,98,409,68,176,9,662,0,0,0,662
12/12/2019,RDU,NC,ASO,EN,Combined TRACON& Tower with Radar,415,73,107,4,599,0,0,119,13,132,415,73,226,17,731,0,0,0,731
12/13/2019,RDU,NC,ASO,EN,Combined TRACON& Tower with Radar,421,68,58,0,547,0,1,0,1,2,421,69,58,1,549,0,0,0,549
12/14/2019,RDU,NC,ASO,EN,Combined TRACON& Tower with Radar,293,43,54,0,390,0,0,4,0,4,293,43,58,0,394,0,0,0,394
12/15/2019,RDU,NC,ASO,EN,Combined TRACON& Tower with Radar,370,77,76,2,525,0,0,112,0,112,370,77,188,2,637,16,0,16,653
12/16/2019,RDU,NC,ASO,EN,Combined TRACON& Tower with Radar,406,68,79,3,556,0,0,125,12,137,406,68,204,15,693,0,0,0,693
12/17/2019,RDU,NC,ASO,EN,Combined TRACON& Tower with Radar,400,72,64,0,536,0,0,2,0,2,400,72,66,0,538,0,0,0,538
12/18/2019,RDU,NC,ASO,EN,Combined TRACON& Tower with Radar,412,93,93,2,600,0,3,128,0,131,412,96,221,2,731,12,0,12,743
12/19/2019,RDU,NC,ASO,EN,Combined TRACON& Tower with Radar,409,90,104,2,605,0,1,116,0,117,409,91,220,2,722,16,0,16,738
12/20/2019,RDU,NC,ASO,EN,Combined TRACON& Tower with Radar,404,98,96,2,600,0,2,119,1,122,404,100,215,3,722,0,0,0,722
12/21/2019,RDU,NC,ASO,EN,Combined TRACON& Tower with Radar,348,60,38,0,446,0,0,92,0,92,348,60,130,0,538,18,0,18,556
12/22/2019,RDU,NC,ASO,EN,Combined TRACON& Tower with Radar,373,54,30,0,457,0,2,50,0,52,373,56,80,0,509,27,0,27,536
12/23/2019,RDU,NC,ASO,EN,Combined TRACON& Tower with Radar,375,65,57,5,502,0,0,4,0,4,375,65,61,5,506,0,0,0,506
12/24/2019,RDU,NC,ASO,EN,Combined TRACON& Tower with Radar,296,53,30,0,379,0,1,27,0,28,296,54,57,0,407,0,0,0,407
12/25/2019,RDU,NC,ASO,EN,Combined TRACON& Tower with Radar,250,45,13,0,308,0,0,18,1,19,250,45,31,1,327,0,0,0,327
12/26/2019,RDU,NC,ASO,EN,Combined TRACON& Tower with Radar,357,68,68,0,493,0,2,66,0,68,357,70,134,0,561,8,0,8,569
12/27/2019,RDU,NC,ASO,EN,Combined TRACON& Tower with Radar,382,83,74,0,539,0,0,26,0,26,382,83,100,0,565,0,0,0,565
12/28/2019,RDU,NC,ASO,EN,Combined TRACON& Tower with Radar,333,53,44,2,432,0,2,67,1,70,333,55,111,3,502,0,0,0,502
12/29/2019,RDU,NC,ASO,EN,Combined TRACON& Tower with Radar,363,42,54,0,459,0,1,4,0,5,363,43,58,0,464,2,0,2,466
12/30/2019,RDU,NC,ASO,EN,Combined TRACON& Tower with Radar,370,55,55,3,483,0,0,40,2,42,370,55,95,5,525,0,0,0,525
12/31/2019,RDU,NC,ASO,EN,Combined TRACON& Tower with Radar,299,56,33,5,393,0,0,74,6,80,299,56,107,11,473,4,0,4,477
01/01/2020,RDU,NC,ASO,EN,Combined TRACON& Tower with Radar,268,45,41,0,354,0,0,69,0,69,268,45,110,0,423,0,0,0,423
01/02/2020,RDU,NC,ASO,EN,Combined TRACON& Tower with Radar,364,57,32,3,456,0,1,77,0,78,364,58,109,3,534,0,0,0,534
01/03/2020,RDU,NC,ASO,EN,Combined TRACON& Tower with Radar,366,57,53,2,478,0,0,1,0,1,366,57,54,2,479,0,0,0,479
01/04/2020,RDU,NC,ASO,EN,Combined TRACON& Tower with Radar,301,45,58,0,404,0,4,13,20,37,301,49,71,20,441,12,0,12,453
01/05/2020,RDU,NC,ASO,EN,Combined TRACON& Tower with Radar,351,47,61,0,459,0,0,77,1,78,351,47,138,1,537,0,0,0,537
01/06/2020,RDU,NC,ASO,EN,Combined TRACON& Tower with Radar,393,55,44,3,495,0,0,90,13,103,393,55,134,16,598,0,0,0,598
01/07/2020,RDU,NC,ASO,EN,Combined TRACON& Tower with Radar,370,62,78,7,517,0,2,38,5,45,370,64,116,12,562,0,0,0,562
01/08/2020,RDU,NC,ASO,EN,Combined TRACON& Tower with Radar,374,68,76,7,525,0,2,78,16,96,374,70,154,23,621,0,0,0,621
01/09/2020,RDU,NC,ASO,EN,Combined TRACON& Tower with Radar,389,59,89,9,546,0,1,109,16,126,389,60,198,25,672,0,0,0,672
01/10/2020,RDU,NC,ASO,EN,Combined TRACON& Tower with Radar,377,51,75,0,503,0,0,68,7,75,377,51,143,7,578,0,0,0,578
01/11/2020,RDU,NC,ASO,EN,Combined TRACON& Tower with Radar,251,38,50,0,339,0,1,13,3,17,251,39,63,3,356,0,0,0,356
01/12/2020,RDU,NC,ASO,EN,Combined TRACON& Tower with Radar,343,61,72,0,476,0,0,54,2,56,343,61,126,2,532,0,0,0,532
01/13/2020,RDU,NC,ASO,EN,Combined TRACON& Tower with Radar,375,48,37,0,460,0,0,0,0,0,375,48,37,0,460,0,0,0,460
01/14/2020,RDU,NC,ASO,EN,Combined TRACON& Tower with Radar,367,50,73,6,496,0,0,5,0,5,367,50,78,6,501,31,28,59,560
01/15/2020,RDU,NC,ASO,EN,Combined TRACON& Tower with Radar,382,57,90,8,537,0,1,52,11,64,382,58,142,19,601,0,0,0,601
01/16/2020,RDU,NC,ASO,EN,Combined TRACON& Tower with Radar,379,81,74,5,539,0,1,67,14,82,379,82,141,19,621,0,16,16,637
01/17/2020,RDU,NC,ASO,EN,Combined TRACON& Tower with Radar,375,79,86,2,542,0,1,136,3,140,375,80,222,5,682,20,0,20,702
01/18/2020,RDU,NC,ASO,EN,Combined TRACON& Tower with Radar,236,73,64,14,387,0,0,52,0,52,236,73,116,14,439,0,0,0,439
01/19/2020,RDU,NC,ASO,EN,Combined TRACON& Tower with Radar,299,52,60,7,418,0,3,52,2,57,299,55,112,9,475,10,0,10,485
01/20/2020,RDU,NC,ASO,EN,Combined TRACON& Tower with Radar,360,51,74,2,487,0,0,118,0,118,360,51,192,2,605,0,0,0,605
01/21/2020,RDU,NC,ASO,EN,Combined TRACON& Tower with Radar,366,62,90,2,520,0,1,90,16,107,366,63,180,18,627,0,0,0,627
01/22/2020,RDU,NC,ASO,EN,Combined TRACON& Tower with Radar,374,62,93,8,537,0,0,85,7,92,374,62,178,15,629,0,0,0,629
01/23/2020,RDU,NC,ASO,EN,Combined TRACON& Tower with Radar,381,64,94,7,546,0,4,90,13,107,381,68,184,20,653,0,0,0,653
01/24/2020,RDU,NC,ASO,EN,Combined TRACON& Tower with Radar,376,68,56,0,500,0,0,11,0,11,376,68,67,0,511,0,0,0,511
01/25/2020,RDU,NC,ASO,EN,Combined TRACON& Tower with Radar,251,30,44,2,327,0,0,59,0,59,251,30,103,2,386,0,0,0,386
01/26/2020,RDU,NC,ASO,EN,Combined TRACON& Tower with Radar,342,58,52,0,452,0,0,103,0,103,342,58,155,0,555,10,0,10,565
01/27/2020,RDU,NC,ASO,EN,Combined TRACON& Tower with Radar,375,52,63,3,493,0,0,72,8,80,375,52,135,11,573,26,0,26,599
01/28/2020,RDU,NC,ASO,EN,Combined TRACON& Tower with Radar,365,71,106,6,548,0,1,99,13,113,365,72,205,19,661,0,0,0,661
01/29/2020,RDU,NC,ASO,EN,Combined TRACON& Tower with Radar,374,66,113,2,555,0,0,112,9,121,374,66,225,11,676,0,0,0,676
01/30/2020,RDU,NC,ASO,EN,Combined TRACON& Tower with Radar,380,67,86,4,537,0,0,82,19,101,380,67,168,23,638,0,0,0,638
01/31/2020,RDU,NC,ASO,EN,Combined TRACON& Tower with Radar,386,72,76,1,535,0,1,57,4,62,386,73,133,5,597,0,0,0,597
02/01/2020,RDU,NC,ASO,EN,Combined TRACON& Tower with Radar,243,36,39,1,319,0,0,3,0,3,243,36,42,1,322,0,0,0,322
02/02/2020,RDU,NC,ASO,EN,Combined TRACON& Tower with Radar,300,47,44,2,393,0,0,58,3,61,300,47,102,5,454,10,0,10,464
02/03/2020,RDU,NC,ASO,EN,Combined TRACON& Tower with Radar,379,72,70,10,531,0,0,112,23,135,379,72,182,33,666,8,0,8,674
02/04/2020,RDU,NC,ASO,EN,Combined TRACON& Tower with Radar,360,60,75,5,500,0,1,91,7,99,360,61,166,12,599,0,0,0,599
02/05/2020,RDU,NC,ASO,EN,Combined TRACON& Tower with Radar,363,65,94,4,526,0,1,14,2,17,363,66,108,6,543,0,0,0,543
02/06/2020,RDU,NC,ASO,EN,Combined TRACON& Tower with Radar,365,44,38,0,447,0,0,1,0,1,365,44,39,0,448,0,0,0,448
02/07/2020,RDU,NC,ASO,EN,Combined TRACON& Tower with Radar,382,94,64,2,542,0,0,16,2,18,382,94,80,4,560,0,0,0,560
02/08/2020,RDU,NC,ASO,EN,Combined TRACON& Tower with Radar,249,46,55,2,352,0,0,130,6,136,249,46,185,8,488,0,12,12,500
02/09/2020,RDU,NC,ASO,EN,Combined TRACON& Tower with Radar,333,62,70,2,467,0,0,119,0,119,333,62,189,2,586,20,0,20,606
02/10/2020,RDU,NC,ASO,EN,Combined TRACON& Tower with Radar,371,77,99,5,552,0,2,77,4,83,371,79,176,9,635,4,0,4,639
02/11/2020,RDU,NC,ASO,EN,Combined TRACON& Tower with Radar,367,70,56,0,493,0,0,13,0,13,367,70,69,0,506,20,0,20,526
02/12/2020,RDU,NC,ASO,EN,Combined TRACON& Tower with Radar,375,62,105,4,546,0,0,18,1,19,375,62,123,5,565,6,0,6,571
02/13/2020,RDU,NC,ASO,EN,Combined TRACON& Tower with Radar,392,77,80,4,553,0,0,13,0,13,392,77,93,4,566,0,0,0,566
02/14/2020,RDU,NC,ASO,EN,Combined TRACON& Tower with Radar,409,80,99,1,589,0,0,154,0,154,409,80,253,1,743,0,0,0,743
02/15/2020,RDU,NC,ASO,EN,Combined TRACON& Tower with Radar,262,52,88,1,403,0,2,120,0,122,262,54,208,1,525,14,0,14,539
02/16/2020,RDU,NC,ASO,EN,Combined TRACON& Tower with Radar,299,40,86,0,425,0,0,95,0,95,299,40,181,0,520,0,0,0,520
02/17/2020,RDU,NC,ASO,EN,Combined TRACON& Tower with Radar,370,59,77,0,506,0,0,117,1,118,370,59,194,1,624,0,0,0,624
02/18/2020,RDU,NC,ASO,EN,Combined TRACON& Tower with Radar,383,67,75,5,530,0,3,61,7,71,383,70,136,12,601,0,0,0,601
02/19/2020,RDU,NC,ASO,EN,Combined TRACON& Tower with Radar,396,67,104,5,572,0,0,32,5,37,396,67,136,10,609,0,0,0,609
02/20/2020,RDU,NC,ASO,EN,Combined TRACON& Tower with Radar,365,52,60,1,478,0,0,44,2,46,365,52,104,3,524,0,0,0,524
02/21/2020,RDU,NC,ASO,EN,Combined TRACON& Tower with Radar,401,63,68,0,532,0,2,79,2,83,401,65,147,2,615,0,0,0,615
02/22/2020,RDU,NC,ASO,EN,Combined TRACON& Tower with Radar,268,51,89,0,408,0,3,104,0,107,268,54,193,0,515,2,0,2,517
02/23/2020,RDU,NC,ASO,EN,Combined TRACON& Tower with Radar,347,65,72,0,484,0,2,130,1,133,347,67,202,1,617,0,0,0,617
02/24/2020,RDU,NC,ASO,EN,Combined TRACON& Tower with Radar,385,60,78,6,529,0,0,27,6,33,385,60,105,12,562,12,18,30,592
02/25/2020,RDU,NC,ASO,EN,Combined TRACON& Tower with Radar,388,58,89,5,540,0,1,7,4,12,388,59,96,9,552,0,0,0,552
02/26/2020,RDU,NC,ASO,EN,Combined TRACON& Tower with Radar,384,67,95,2,548,0,1,14,8,23,384,68,109,10,571,0,60,60,631
02/27/2020,RDU,NC,ASO,EN,Combined TRACON& Tower with Radar,394,69,82,6,551,0,0,57,8,65,394,69,139,14,616,0,18,18,634
02/28/2020,RDU,NC,ASO,EN,Combined TRACON& Tower with Radar,398,80,78,5,561,0,0,99,8,107,398,80,177,13,668,0,0,0,668
02/29/2020,RDU,NC,ASO,EN,Combined TRACON& Tower with Radar,275,53,66,0,394,0,0,84,4,88,275,53,150,4,482,6,0,6,488
03/01/2020,RDU,NC,ASO,EN,Combined TRACON& Tower with Radar,355,54,64,1,474,0,0,128,0,128,355,54,192,1,602,0,0,0,602
03/02/2020,RDU,NC,ASO,EN,Combined TRACON& Tower with Radar,391,64,77,8,540,0,0,67,9,76,391,64,144,17,616,0,0,0,616
03/03/2020,RDU,NC,ASO,EN,Combined TRACON& Tower with Radar,383,62,85,4,534,0,0,17,2,19,383,62,102,6,553,0,0,0,553
03/04/2020,RDU,NC,ASO,EN,Combined TRACON& Tower with Radar,387,58,108,5,558,0,0,143,14,157,387,58,251,19,715,0,0,0,715
03/05/2020,RDU,NC,ASO,EN,Combined TRACON& Tower with Radar,408,64,85,2,559,0,0,92,17,109,408,64,177,19,668,0,0,0,668
03/06/2020,RDU,NC,ASO,EN,Combined TRACON& Tower with Radar,407,67,73,0,547,0,1,38,4,43,407,68,111,4,590,0,0,0,590
03/07/2020,RDU,NC,ASO,EN,Combined TRACON& Tower with Radar,274,86,112,2,474,0,0,69,2,71,274,86,181,4,545,0,0,0,545
03/08/2020,RDU,NC,ASO,EN,Combined TRACON& Tower with Radar,371,74,84,2,531,0,1,118,3,122,371,75,202,5,653,4,0,4,657
03/09/2020,RDU,NC,ASO,EN,Combined TRACON& Tower with Radar,400,49,64,2,515,0,3,115,16,134,400,52,179,18,649,0,0,0,649
03/10/2020,RDU,NC,ASO,EN,Combined TRACON& Tower with Radar,392,45,59,9,505,0,2,45,13,60,392,47,104,22,565,14,0,14,579
03/11/2020,RDU,NC,ASO,EN,Combined TRACON& Tower with Radar,394,51,66,8,519,0,0,102,24,126,394,51,168,32,645,20,0,20,665
03/12/2020,RDU,NC,ASO,EN,Combined TRACON& Tower with Radar,424,59,72,2,557,0,0,52,19,71,424,59,124,21,628,0,0,0,628
03/13/2020,RDU,NC,ASO,EN,Combined TRACON& Tower with Radar,404,47,71,3,525,0,1,63,22,86,404,48,134,25,611,0,0,0,611
03/14/2020,RDU,NC,ASO,EN,Combined TRACON& Tower with Radar,287,45,47,0,379,0,1,98,2,101,287,46,145,2,480,0,0,0,480
03/15/2020,RDU,NC,ASO,EN,Combined TRACON& Tower with Radar,372,52,82,0,506,0,0,16,0,16,372,52,98,0,522,0,0,0,522
03/16/2020,RDU,NC,ASO,EN,Combined TRACON& Tower with Radar,394,39,47,0,480,0,0,84,17,101,394,39,131,17,581,6,0,6,587
03/17/2020,RDU,NC,ASO,EN,Combined TRACON& Tower with Radar,377,46,58,2,483,0,0,27,6,33,377,46,85,8,516,6,0,6,522
03/18/2020,RDU,NC,ASO,EN,Combined TRACON& Tower with Radar,367,44,42,3,456,0,0,62,11,73,367,44,104,14,529,0,0,0,529
03/19/2020,RDU,NC,ASO,EN,Combined TRACON& Tower with Radar,362,46,56,3,467,0,0,45,13,58,362,46,101,16,525,0,0,0,525
03/20/2020,RDU,NC,ASO,EN,Combined TRACON& Tower with Radar,349,36,27,11,423,0,0,32,2,34,349,36,59,13,457,0,0,0,457
03/21/2020,RDU,NC,ASO,EN,Combined TRACON& Tower with Radar,205,23,58,1,287,0,0,47,0,47,205,23,105,1,334,52,0,52,386
03/22/2020,RDU,NC,ASO,EN,Combined TRACON& Tower with Radar,272,35,42,1,350,0,0,76,0,76,272,35,118,1,426,24,0,24,450
03/23/2020,RDU,NC,ASO,EN,Combined TRACON& Tower with Radar,259,30,16,0,305,0,0,0,0,0,259,30,16,0,305,0,0,0,305
03/24/2020,RDU,NC,ASO,EN,Combined TRACON& Tower with Radar,235,37,35,0,307,0,0,1,1,2,235,37,36,1,309,0,0,0,309
03/25/2020,RDU,NC,ASO,EN,Combined TRACON& Tower with Radar,195,25,30,0,250,0,0,14,8,22,195,25,44,8,272,94,0,94,366
03/26/2020,RDU,NC,ASO,EN,Combined TRACON& Tower with Radar,207,26,38,2,273,0,1,54,32,87,207,27,92,34,360,73,0,73,433
03/27/2020,RDU,NC,ASO,EN,Combined TRACON& Tower with Radar,189,24,32,0,245,0,0,76,3,79,189,24,108,3,324,102,0,102,426
03/28/2020,RDU,NC,ASO,EN,Combined TRACON& Tower with Radar,142,12,28,0,182,0,0,77,0,77,142,12,105,0,259,128,0,128,387
03/29/2020,RDU,NC,ASO,EN,Combined TRACON& Tower with Radar,166,13,16,0,195,0,0,44,0,44,166,13,60,0,239,82,0,82,321
03/30/2020,RDU,NC,ASO,EN,Combined TRACON& Tower with Radar,154,14,27,3,198,0,0,32,15,47,154,14,59,18,245,16,0,16,261
03/31/2020,RDU,NC,ASO,EN,Combined TRACON& Tower with Radar,146,28,19,2,195,0,0,27,13,40,146,28,46,15,235,32,0,32,267
04/01/2020,RDU,NC,ASO,EN,Combined TRACON& Tower with Radar,149,18,25,2,194,0,0,13,12,25,149,18,38,14,219,10,0,10,229
04/02/2020,RDU,NC,ASO,EN,Combined TRACON& Tower with Radar,104,20,23,6,153,0,2,50,19,71,104,22,73,25,224,34,12,46,270
04/03/2020,RDU,NC,ASO,EN,Combined TRACON& Tower with Radar,129,23,16,2,170,0,0,51,0,51,129,23,67,2,221,30,0,30,251
04/04/2020,RDU,NC,ASO,EN,Combined TRACON& Tower with Radar,90,8,17,0,115,0,0,91,0,91,90,8,108,0,206,48,0,48,254
04/05/2020,RDU,NC,ASO,EN,Combined TRACON& Tower with Radar,113,6,20,0,139,0,0,66,0,66,113,6,86,0,205,44,0,44,249
04/06/2020,RDU,NC,ASO,EN,Combined TRACON& Tower with Radar,113,10,24,2,149,0,3,51,9,63,113,13,75,11,212,52,0,52,264
04/07/2020,RDU,NC,ASO,EN,Combined TRACON& Tower with Radar,110,16,28,1,155,0,0,65,5,70,110,16,93,6,225,0,0,0,225
04/08/2020,RDU,NC,ASO,EN,Combined TRACON& Tower with Radar,102,16,37,9,164,0,2,57,3,62,102,18,94,12,226,46,0,46,272
04/09/2020,RDU,NC,ASO,EN,Combined TRACON& Tower with Radar,121,18,19,9,167,0,0,26,6,32,121,18,45,15,199,0,0,0,199
04/10/2020,RDU,NC,ASO,EN,Combined TRACON& Tower with Radar,118,19,31,0,168,0,0,24,0,24,118,19,55,0,192,4,0,4,196
04/11/2020,RDU,NC,ASO,EN,Combined TRACON& Tower with Radar,83,5,36,0,124,0,0,118,0,118,83,5,154,0,242,70,0,70,312
04/12/2020,RDU,NC,ASO,EN,Combined TRACON& Tower with Radar,101,8,13,0,122,0,0,25,0,25,101,8,38,0,147,18,0,18,165
04/13/2020,RDU,NC,ASO,EN,Combined TRACON& Tower with Radar,95,18,9,0,122,0,0,14,6,20,95,18,23,6,142,0,0,0,142
04/14/2020,RDU,NC,ASO,EN,Combined TRACON& Tower with Radar,87,22,37,2,148,0,4,73,12,89,87,26,110,14,237,46,0,46,283
04/15/2020,RDU,NC,ASO,EN,Combined TRACON& Tower with Radar,89,23,26,2,140,0,0,52,8,60,89,23,78,10,200,20,0,20,220
04/16/2020,RDU,NC,ASO,EN,Combined TRACON& Tower with Radar,91,22,28,3,144,0,1,80,9,90,91,23,108,12,234,56,0,56,290
04/17/2020,RDU,NC,ASO,EN,Combined TRACON& Tower with Radar,74,14,20,2,110,0,0,70,3,73,74,14,90,5,183,40,0,40,223
04/18/2020,RDU,NC,ASO,EN,Combined TRACON& Tower with Radar,71,16,13,0,100,0,1,22,0,23,71,17,35,0,123,20,0,20,143
04/19/2020,RDU,NC,ASO,EN,Combined TRACON& Tower with Radar,73,10,26,0,109,0,1,75,0,76,73,11,101,0,185,55,0,55,240
04/20/2020,RDU,NC,ASO,EN,Combined TRACON& Tower with Radar,76,19,39,1,135,0,2,17,4,23,76,21,56,5,158,21,0,21,179
04/21/2020,RDU,NC,ASO,EN,Combined TRACON& Tower with Radar,79,24,21,0,124,0,0,111,11,122,79,24,132,11,246,4,0,4,250
04/22/2020,RDU,NC,ASO,EN,Combined TRACON& Tower with Radar,82,18,43,11,154,0,1,138,8,147,82,19,181,19,301,132,0,132,433
04/23/2020,RDU,NC,ASO,EN,Combined TRACON& Tower with Radar,79,23,41,2,145,0,0,22,2,24,79,23,63,4,169,42,18,60,229
04/24/2020,RDU,NC,ASO,EN,Combined TRACON& Tower with Radar,77,12,31,0,120,0,2,38,0,40,77,14,69,0,160,40,0,40,200
04/25/2020,RDU,NC,ASO,EN,Combined TRACON& Tower with Radar,63,10,48,1,122,0,0,0,0,0,63,10,48,1,122,140,0,140,262
04/26/2020,RDU,NC,ASO,EN,Combined TRACON& Tower with Radar,67,2,37,1,107,0,0,25,1,26,67,2,62,2,133,20,0,20,153
04/27/2020,RDU,NC,ASO,EN,Combined TRACON& Tower with Radar,73,14,27,2,116,0,0,36,11,47,73,14,63,13,163,0,0,0,163
04/28/2020,RDU,NC,ASO,EN,Combined TRACON& Tower with Radar,73,26,42,2,143,0,0,116,6,122,73,26,158,8,265,47,0,47,312
04/29/2020,RDU,NC,ASO,EN,Combined TRACON& Tower with Radar,82,29,26,2,139,0,0,48,8,56,82,29,74,10,195,0,14,14,209
04/30/2020,RDU,NC,ASO,EN,Combined TRACON& Tower with Radar,81,19,63,5,168,0,0,17,5,22,81,19,80,10,190,12,0,12,202
05/01/2020,RDU,NC,ASO,EN,Combined TRACON& Tower with Radar,86,23,35,0,144,0,0,80,5,85,86,23,115,5,229,0,0,0,229
05/02/2020,RDU,NC,ASO,EN,Combined TRACON& Tower with Radar,73,15,38,2,128,0,1,114,5,120,73,16,152,7,248,0,0,0,248
05/03/2020,RDU,NC,ASO,EN,Combined TRACON& Tower with Radar,71,8,31,2,112,0,0,67,0,67,71,8,98,2,179,12,0,12,191
05/04/2020,RDU,NC,ASO,EN,Combined TRACON& Tower with Radar,83,13,35,5,136,0,0,83,10,93,83,13,118,15,229,13,0,13,242
05/05/2020,RDU,NC,ASO,EN,Combined TRACON& Tower with Radar,69,19,51,4,143,0,0,48,1,49,69,19,99,5,192,39,0,39,231
05/06/2020,RDU,NC,ASO,EN,Combined TRACON& Tower with Radar,78,21,53,4,156,0,0,34,8,42,78,21,87,12,198,32,0,32,230
05/07/2020,RDU,NC,ASO,EN,Combined TRACON& Tower with Radar,85,25,73,6,189,0,1,113,15,129,85,26,186,21,318,23,0,23,341
05/08/2020,RDU,NC,ASO,EN,Combined TRACON& Tower with Radar,82,22,39,4,147,0,0,44,0,44,82,22,83,4,191,20,0,20,211
05/09/2020,RDU,NC,ASO,EN,Combined TRACON& Tower with Radar,61,9,43,0,113,0,0,59,0,59,61,9,102,0,172,42,0,42,214
05/10/2020,RDU,NC,ASO,EN,Combined TRACON& Tower with Radar,73,12,40,0,125,0,0,82,0,82,73,12,122,0,207,10,0,10,217
05/11/2020,RDU,NC,ASO,EN,Combined TRACON& Tower with Radar,74,20,32,5,131,0,0,44,2,46,74,20,76,7,177,0,0,0,177
05/12/2020,RDU,NC,ASO,EN,Combined TRACON& Tower with Radar,70,18,62,4,154,0,0,127,8,135,70,18,189,12,289,30,0,30,319
05/13/2020,RDU,NC,ASO,EN,Combined TRACON& Tower with Radar,79,24,66,4,173,0,0,79,14,93,79,24,145,18,266,26,0,26,292
05/14/2020,RDU,NC,ASO,EN,Combined TRACON& Tower with Radar,86,31,54,12,183,0,0,81,12,93,86,31,135,24,276,10,0,10,286
05/15/2020,RDU,NC,ASO,EN,Combined TRACON& Tower with Radar,80,33,50,20,183,0,0,74,4,78,80,33,124,24,261,0,16,16,277
05/16/2020,RDU,NC,ASO,EN,Combined TRACON& Tower with Radar,58,15,46,0,119,0,0,105,0,105,58,15,151,0,224,26,0,26,250
05/17/2020,RDU,NC,ASO,EN,Combined TRACON& Tower with Radar,77,7,58,0,142,0,0,39,0,39,77,7,97,0,181,48,0,48,229
05/18/2020,RDU,NC,ASO,EN,Combined TRACON& Tower with Radar,75,20,41,6,142,0,0,0,4,4,75,20,41,10,146,0,0,0,146
05/19/2020,RDU,NC,ASO,EN,Combined TRACON& Tower with Radar,70,18,42,11,141,0,0,0,0,0,70,18,42,11,141,0,0,0,141
05/20/2020,RDU,NC,ASO,EN,Combined TRACON& Tower with Radar,81,32,27,2,142,0,0,0,0,0,81,32,27,2,142,0,0,0,142
05/21/2020,RDU,NC,ASO,EN,Combined TRACON& Tower with Radar,85,26,51,0,162,0,0,0,0,0,85,26,51,0,162,0,0,0,162
05/22/2020,RDU,NC,ASO,EN,Combined TRACON& Tower with Radar,79,34,64,6,183,0,2,59,4,65,79,36,123,10,248,0,0,0,248
05/23/2020,RDU,NC,ASO,EN,Combined TRACON& Tower with Radar,60,14,47,0,121,0,0,62,0,62,60,14,109,0,183,0,0,0,183
05/24/2020,RDU,NC,ASO,EN,Combined TRACON& Tower with Radar,72,4,27,0,103,0,0,74,0,74,72,4,101,0,177,12,0,12,189
05/25/2020,RDU,NC,ASO,EN,Combined TRACON& Tower with Radar,73,14,57,0,144,0,0,17,0,17,73,14,74,0,161,62,0,62,223
05/26/2020,RDU,NC,ASO,EN,Combined TRACON& Tower with Radar,63,28,79,6,176,0,0,34,13,47,63,28,113,19,223,16,0,16,239
05/27/2020,RDU,NC,ASO,EN,Combined TRACON& Tower with Radar,77,25,60,0,162,0,0,1,0,1,77,25,61,0,163,0,0,0,163
05/28/2020,RDU,NC,ASO,EN,Combined TRACON& Tower with Radar,82,23,73,0,178,0,0,14,6,20,82,23,87,6,198,62,0,62,260
05/29/2020,RDU,NC,ASO,EN,Combined TRACON& Tower with Radar,80,26,48,2,156,0,0,10,0,10,80,26,58,2,166,7,0,7,173
05/30/2020,RDU,NC,ASO,EN,Combined TRACON& Tower with Radar,63,13,64,0,140,0,1,83,2,86,63,14,147,2,226,35,0,35,261
05/31/2020,RDU,NC,ASO,EN,Combined TRACON& Tower with Radar,73,6,48,6,133,0,0,115,2,117,73,6,163,8,250,18,0,18,268
06/01/2020,RDU,NC,ASO,EN,Combined TRACON& Tower with Radar,78,24,54,8,164,0,0,123,11,134,78,24,177,19,298,12,0,12,310
06/02/2020,RDU,NC,ASO,EN,Combined TRACON& Tower with Radar,75,28,46,4,153,0,0,121,12,133,75,28,167,16,286,0,0,0,286
06/03/2020,RDU,NC,ASO,EN,Combined TRACON& Tower with Radar,82,25,53,4,164,0,2,114,13,129,82,27,167,17,293,0,0,0,293
06/04/2020,RDU,NC,ASO,EN,Combined TRACON& Tower with Radar,95,31,49,0,175,0,0,118,15,133,95,31,167,15,308,0,0,0,308
06/05/2020,RDU,NC,ASO,EN,Combined TRACON& Tower with Radar,94,30,63,0,187,0,0,20,3,23,94,30,83,3,210,0,0,0,210
06/06/2020,RDU,NC,ASO,EN,Combined TRACON& Tower with Radar,77,16,53,1,147,0,0,52,1,53,77,16,105,2,200,0,0,0,200
06/07/2020,RDU,NC,ASO,EN,Combined TRACON& Tower with Radar,94,12,54,0,160,0,0,91,4,95,94,12,145,4,255,20,0,20,275
06/08/2020,RDU,NC,ASO,EN,Combined TRACON& Tower with Radar,94,25,63,0,182,0,0,68,6,74,94,25,131,6,256,12,0,12,268
06/09/2020,RDU,NC,ASO,EN,Combined TRACON& Tower with Radar,88,40,104,6,238,0,0,43,9,52,88,40,147,15,290,0,0,0,290
06/10/2020,RDU,NC,ASO,EN,Combined TRACON& Tower with Radar,86,37,79,4,206,0,0,35,8,43,86,37,114,12,249,4,16,20,269
06/11/2020,RDU,NC,ASO,EN,Combined TRACON& Tower with Radar,103,31,79,2,215,0,0,13,3,16,103,31,92,5,231,24,0,24,255
06/12/2020,RDU,NC,ASO,EN,Combined TRACON& Tower with Radar,102,26,76,10,214,0,0,111,8,119,102,26,187,18,333,0,0,0,333
06/13/2020,RDU,NC,ASO,EN,Combined TRACON& Tower with Radar,83,25,51,0,159,0,0,127,0,127,83,25,178,0,286,20,0,20,306
06/14/2020,RDU,NC,ASO,EN,Combined TRACON& Tower with Radar,102,19,68,0,189,0,0,86,0,86,102,19,154,0,275,6,0,6,281
06/15/2020,RDU,NC,ASO,EN,Combined TRACON& Tower with Radar,99,33,52,0,184,0,0,0,0,0,99,33,52,0,184,0,0,0,184
06/16/2020,RDU,NC,ASO,EN,Combined TRACON& Tower with Radar,95,28,55,0,178,0,0,0,0,0,95,28,55,0,178,0,0,0,178
06/17/2020,RDU,NC,ASO,EN,Combined TRACON& Tower with Radar,93,43,86,6,228,0,0,6,0,6,93,43,92,6,234,0,0,0,234
06/18/2020,RDU,NC,ASO,EN,Combined TRACON& Tower with Radar,108,36,124,4,272,0,0,91,16,107,108,36,215,20,379,0,0,0,379
06/19/2020,RDU,NC,ASO,EN,Combined TRACON& Tower with Radar,104,27,69,0,200,0,1,47,0,48,104,28,116,0,248,0,0,0,248
06/20/2020,RDU,NC,ASO,EN,Combined TRACON& Tower with Radar,88,25,62,4,179,0,0,23,4,27,88,25,85,8,206,0,0,0,206
06/21/2020,RDU,NC,ASO,EN,Combined TRACON& Tower with Radar,108,17,68,1,194,0,1,85,3,89,108,18,153,4,283,2,0,2,285
06/22/2020,RDU,NC,ASO,EN,Combined TRACON& Tower with Radar,119,21,76,5,221,0,0,105,5,110,119,21,181,10,331,16,0,16,347
06/23/2020,RDU,NC,ASO,EN,Combined TRACON& Tower with Radar,104,46,62,6,218,0,1,118,9,128,104,47,180,15,346,18,0,18,364
06/24/2020,RDU,NC,ASO,EN,Combined TRACON& Tower with Radar,101,41,107,4,253,0,0,132,24,156,101,41,239,28,409,0,0,0,409
06/25/2020,RDU,NC,ASO,EN,Combined TRACON& Tower with Radar,119,34,102,11,266,0,0,62,2,64,119,34,164,13,330,26,0,26,356
06/26/2020,RDU,NC,ASO,EN,Combined TRACON& Tower with Radar,114,22,64,0,200,0,1,139,7,147,114,23,203,7,347,22,0,22,369
06/27/2020,RDU,NC,ASO,EN,Combined TRACON& Tower with Radar,94,18,53,0,165,0,0,104,2,106,94,18,157,2,271,26,0,26,297
06/28/2020,RDU,NC,ASO,EN,Combined TRACON& Tower with Radar,104,8,44,4,160,0,0,71,0,71,104,8,115,4,231,0,0,0,231
06/29/2020,RDU,NC,ASO,EN,Combined TRACON& Tower with Radar,116,18,67,1,202,0,0,94,15,109,116,18,161,16,311,22,0,22,333
06/30/2020,RDU,NC,ASO,EN,Combined TRACON& Tower with Radar,109,25,64,0,198,0,0,70,4,74,109,25,134,4,272,8,0,8,280
07/01/2020,RDU,NC,ASO,EN,Combined TRACON& Tower with Radar,115,33,64,9,221,0,0,92,2,94,115,33,156,11,315,14,0,14,329
07/02/2020,RDU,NC,ASO,EN,Combined TRACON& Tower with Radar,135,32,81,4,252,0,0,111,5,116,135,32,192,9,368,8,0,8,376
07/03/2020,RDU,NC,ASO,EN,Combined TRACON& Tower with Radar,132,27,42,0,201,0,1,122,2,125,132,28,164,2,326,30,0,30,356
07/04/2020,RDU,NC,ASO,EN,Combined TRACON& Tower with Radar,102,5,24,0,131,0,0,34,0,34,102,5,58,0,165,4,0,4,169
07/05/2020,RDU,NC,ASO,EN,Combined TRACON& Tower with Radar,130,13,29,0,172,0,0,43,1,44,130,13,72,1,216,0,0,0,216
07/06/2020,RDU,NC,ASO,EN,Combined TRACON& Tower with Radar,133,16,60,4,213,0,0,100,4,104,133,16,160,8,317,36,0,36,353
07/07/2020,RDU,NC,ASO,EN,Combined TRACON& Tower with Radar,142,30,76,6,254,0,0,33,2,35,142,30,109,8,289,12,0,12,301
07/08/2020,RDU,NC,ASO,EN,Combined TRACON& Tower with Radar,145,35,83,4,267,0,0,17,9,26,145,35,100,13,293,0,0,0,293
07/09/2020,RDU,NC,ASO,EN,Combined TRACON& Tower with Radar,165,30,80,3,278,0,0,58,5,63,165,30,138,8,341,0,0,0,341
07/10/2020,RDU,NC,ASO,EN,Combined TRACON& Tower with Radar,161,23,79,4,267,0,0,113,5,118,161,23,192,9,385,0,0,0,385
07/11/2020,RDU,NC,ASO,EN,Combined TRACON& Tower with Radar,139,17,45,2,203,0,0,113,13,126,139,17,158,15,329,12,0,12,341
07/12/2020,RDU,NC,ASO,EN,Combined TRACON& Tower with Radar,160,22,61,4,247,0,0,130,4,134,160,22,191,8,381,24,0,24,405
07/13/2020,RDU,NC,ASO,EN,Combined TRACON& Tower with Radar,158,22,40,2,222,0,0,81,8,89,158,22,121,10,311,0,0,0,311
07/14/2020,RDU,NC,ASO,EN,Combined TRACON& Tower with Radar,151,29,50,6,236,0,1,120,10,131,151,30,170,16,367,10,0,10,377
07/15/2020,RDU,NC,ASO,EN,Combined TRACON& Tower with Radar,153,30,68,8,259,0,4,103,10,117,153,34,171,18,376,3,0,3,379
07/16/2020,RDU,NC,ASO,EN,Combined TRACON& Tower with Radar,167,29,69,2,267,0,0,115,10,125,167,29,184,12,392,12,0,12,404
07/17/2020,RDU,NC,ASO,EN,Combined TRACON& Tower with Radar,164,28,38,2,232,0,0,73,2,75,164,28,111,4,307,0,0,0,307
07/18/2020,RDU,NC,ASO,EN,Combined TRACON& Tower with Radar,144,20,35,2,201,0,0,73,2,75,144,20,108,4,276,0,0,0,276
07/19/2020,RDU,NC,ASO,EN,Combined TRACON& Tower with Radar,160,17,41,2,220,0,0,121,0,121,160,17,162,2,341,0,0,0,341
07/20/2020,RDU,NC,ASO,EN,Combined TRACON& Tower with Radar,160,20,32,8,220,0,1,75,9,85,160,21,107,17,305,0,0,0,305
07/21/2020,RDU,NC,ASO,EN,Combined TRACON& Tower with Radar,161,25,47,1,234,0,0,93,5,98,161,25,140,6,332,0,0,0,332
07/22/2020,RDU,NC,ASO,EN,Combined TRACON& Tower with Radar,155,34,78,3,270,0,0,117,10,127,155,34,195,13,397,0,0,0,397
07/23/2020,RDU,NC,ASO,EN,Combined TRACON& Tower with Radar,166,30,51,0,247,0,0,55,4,59,166,30,106,4,306,0,0,0,306
07/24/2020,RDU,NC,ASO,EN,Combined TRACON& Tower with Radar,168,30,68,4,270,0,1,53,4,58,168,31,121,8,328,0,0,0,328
07/25/2020,RDU,NC,ASO,EN,Combined TRACON& Tower with Radar,144,16,51,0,211,0,0,76,4,80,144,16,127,4,291,0,0,0,291
07/26/2020,RDU,NC,ASO,EN,Combined TRACON& Tower with Radar,159,13,60,1,233,0,0,95,0,95,159,13,155,1,328,0,0,0,328
07/27/2020,RDU,NC,ASO,EN,Combined TRACON& Tower with Radar,155,19,53,12,239,0,1,86,6,93,155,20,139,18,332,12,0,12,344
07/28/2020,RDU,NC,ASO,EN,Combined TRACON& Tower with Radar,151,29,43,7,230,0,2,69,7,78,151,31,112,14,308,0,0,0,308
07/29/2020,RDU,NC,ASO,EN,Combined TRACON& Tower with Radar,147,28,52,3,230,0,0,59,6,65,147,28,111,9,295,14,0,14,309
07/30/2020,RDU,NC,ASO,EN,Combined TRACON& Tower with Radar,157,35,84,2,278,0,0,61,6,67,157,35,145,8,345,24,0,24,369
07/31/2020,RDU,NC,ASO,EN,Combined TRACON& Tower with Radar,154,33,73,2,262,0,1,48,5,54,154,34,121,7,316,0,0,0,316
08/01/2020,RDU,NC,ASO,EN,Combined TRACON& Tower with Radar,153,17,50,3,223,0,0,57,6,63,153,17,107,9,286,42,0,42,328
08/02/2020,RDU,NC,ASO,EN,Combined TRACON& Tower with Radar,173,11,55,0,239,0,0,64,2,66,173,11,119,2,305,10,0,10,315
08/03/2020,RDU,NC,ASO,EN,Combined TRACON& Tower with Radar,174,32,53,0,259,0,0,1,0,1,174,32,54,0,260,0,0,0,260
08/04/2020,RDU,NC,ASO,EN,Combined TRACON& Tower with Radar,151,25,39,1,216,0,0,69,5,74,151,25,108,6,290,0,0,0,290
08/05/2020,RDU,NC,ASO,EN,Combined TRACON& Tower with Radar,160,46,94,1,301,0,0,75,9,84,160,46,169,10,385,0,0,0,385
08/06/2020,RDU,NC,ASO,EN,Combined TRACON& Tower with Radar,182,43,74,5,304,0,0,18,9,27,182,43,92,14,331,0,0,0,331
08/07/2020,RDU,NC,ASO,EN,Combined TRACON& Tower with Radar,181,51,87,4,323,0,3,35,2,40,181,54,122,6,363,0,0,0,363
08/08/2020,RDU,NC,ASO,EN,Combined TRACON& Tower with Radar,155,37,60,1,253,0,0,67,4,71,155,37,127,5,324,12,0,12,336
08/09/2020,RDU,NC,ASO,EN,Combined TRACON& Tower with Radar,163,24,84,0,271,0,0,68,3,71,163,24,152,3,342,28,0,28,370
08/10/2020,RDU,NC,ASO,EN,Combined TRACON& Tower with Radar,169,49,54,0,272,0,0,78,3,81,169,49,132,3,353,44,0,44,397
08/11/2020,RDU,NC,ASO,EN,Combined TRACON& Tower with Radar,172,55,84,7,318,0,0,83,8,91,172,55,167,15,409,0,0,0,409
08/12/2020,RDU,NC,ASO,EN,Combined TRACON& Tower with Radar,175,51,59,0,285,0,0,77,2,79,175,51,136,2,364,0,0,0,364
08/13/2020,RDU,NC,ASO,EN,Combined TRACON& Tower with Radar,188,56,91,5,340,0,0,31,3,34,188,56,122,8,374,24,8,32,406
08/14/2020,RDU,NC,ASO,EN,Combined TRACON& Tower with Radar,181,48,78,1,308,0,0,32,8,40,181,48,110,9,348,0,0,0,348
08/15/2020,RDU,NC,ASO,EN,Combined TRACON& Tower with Radar,162,34,32,1,229,0,0,2,0,2,162,34,34,1,231,0,0,0,231
08/16/2020,RDU,NC,ASO,EN,Combined TRACON& Tower with Radar,173,26,67,3,269,0,0,10,9,19,173,26,77,12,288,32,0,32,320
08/17/2020,RDU,NC,ASO,EN,Combined TRACON& Tower with Radar,178,33,77,2,290,0,0,70,4,74,178,33,147,6,364,0,0,0,364
08/18/2020,RDU,NC,ASO,EN,Combined TRACON& Tower with Radar,167,40,89,4,300,0,0,102,4,106,167,40,191,8,406,0,0,0,406
08/19/2020,RDU,NC,ASO,EN,Combined TRACON& Tower with Radar,165,38,99,10,312,0,0,58,5,63,165,38,157,15,375,6,0,6,381
08/20/2020,RDU,NC,ASO,EN,Combined TRACON& Tower with Radar,192,44,113,7,356,0,0,29,4,33,192,44,142,11,389,0,0,0,389
08/21/2020,RDU,NC,ASO,EN,Combined TRACON& Tower with Radar,182,20,87,4,293,0,0,31,1,32,182,20,118,5,325,24,0,24,349
08/22/2020,RDU,NC,ASO,EN,Combined TRACON& Tower with Radar,154,8,61,0,223,0,1,29,0,30,154,9,90,0,253,0,0,0,253
08/23/2020,RDU,NC,ASO,EN,Combined TRACON& Tower with Radar,173,23,75,0,271,0,0,78,0,78,173,23,153,0,349,0,0,0,349
08/24/2020,RDU,NC,ASO,EN,Combined TRACON& Tower with Radar,181,28,53,10,272,0,1,71,13,85,181,29,124,23,357,0,0,0,357
08/25/2020,RDU,NC,ASO,EN,Combined TRACON& Tower with Radar,161,33,70,2,266,0,0,116,19,135,161,33,186,21,401,0,0,0,401
08/26/2020,RDU,NC,ASO,EN,Combined TRACON& Tower with Radar,157,35,86,8,286,0,0,107,8,115,157,35,193,16,401,0,0,0,401
08/27/2020,RDU,NC,ASO,EN,Combined TRACON& Tower with Radar,187,41,74,4,306,0,2,84,11,97,187,43,158,15,403,0,0,0,403
08/28/2020,RDU,NC,ASO,EN,Combined TRACON& Tower with Radar,176,32,84,0,292,0,0,117,0,117,176,32,201,0,409,0,0,0,409
08/29/2020,RDU,NC,ASO,EN,Combined TRACON& Tower with Radar,152,22,36,0,210,0,2,20,0,22,152,24,56,0,232,0,0,0,232
08/30/2020,RDU,NC,ASO,EN,Combined TRACON& Tower with Radar,175,24,75,0,274,0,0,99,0,99,175,24,174,0,373,0,0,0,373
08/31/2020,RDU,NC,ASO,EN,Combined TRACON& Tower with Radar,176,25,85,0,286,0,0,21,3,24,176,25,106,3,310,0,0,0,310
09/01/2020,RDU,NC,ASO,EN,Combined TRACON& Tower with Radar,161,37,105,3,306,0,0,22,6,28,161,37,127,9,334,0,0,0,334
09/02/2020,RDU,NC,ASO,EN,Combined TRACON& Tower with Radar,154,32,110,12,308,0,0,61,7,68,154,32,171,19,376,36,0,36,412
09/03/2020,RDU,NC,ASO,EN,Combined TRACON& Tower with Radar,188,42,93,7,330,0,0,79,13,92,188,42,172,20,422,0,0,0,422
09/04/2020,RDU,NC,ASO,EN,Combined TRACON& Tower with Radar,180,33,79,0,292,0,0,123,1,124,180,33,202,1,416,0,0,0,416
09/05/2020,RDU,NC,ASO,EN,Combined TRACON& Tower with Radar,147,14,44,0,205,0,0,67,2,69,147,14,111,2,274,0,0,0,274
09/06/2020,RDU,NC,ASO,EN,Combined TRACON& Tower with Radar,137,17,60,0,214,0,0,89,2,91,137,17,149,2,305,0,0,0,305
09/07/2020,RDU,NC,ASO,EN,Combined TRACON& Tower with Radar,150,13,59,0,222,0,3,95,0,98,150,16,154,0,320,0,0,0,320
09/08/2020,RDU,NC,ASO,EN,Combined TRACON& Tower with Radar,134,44,69,0,247,0,0,49,2,51,134,44,118,2,298,0,0,0,298
09/09/2020,RDU,NC,ASO,EN,Combined TRACON& Tower with Radar,139,32,60,2,233,0,1,5,0,6,139,33,65,2,239,0,0,0,239
09/10/2020,RDU,NC,ASO,EN,Combined TRACON& Tower with Radar,158,40,91,0,289,0,0,34,3,37,158,40,125,3,326,11,0,11,337
09/11/2020,RDU,NC,ASO,EN,Combined TRACON& Tower with Radar,158,31,73,2,264,0,0,33,4,37,158,31,106,6,301,0,0,0,301
09/12/2020,RDU,NC,ASO,EN,Combined TRACON& Tower with Radar,135,19,70,2,226,0,1,13,3,17,135,20,83,5,243,0,4,4,247
09/13/2020,RDU,NC,ASO,EN,Combined TRACON& Tower with Radar,149,13,78,6,246,0,0,73,3,76,149,13,151,9,322,0,0,0,322
09/14/2020,RDU,NC,ASO,EN,Combined TRACON& Tower with Radar,147,22,87,4,260,0,0,76,3,79,147,22,163,7,339,0,0,0,339
09/15/2020,RDU,NC,ASO,EN,Combined TRACON& Tower with Radar,135,32,63,4,234,0,3,104,8,115,135,35,167,12,349,0,0,0,349
09/16/2020,RDU,NC,ASO,EN,Combined TRACON& Tower with Radar,141,43,106,4,294,0,0,85,5,90,141,43,191,9,384,0,0,0,384
09/17/2020,RDU,NC,ASO,EN,Combined TRACON& Tower with Radar,163,32,43,0,238,0,0,0,0,0,163,32,43,0,238,0,0,0,238
09/18/2020,RDU,NC,ASO,EN,Combined TRACON& Tower with Radar,158,26,90,0,274,0,0,21,0,21,158,26,111,0,295,0,0,0,295
09/19/2020,RDU,NC,ASO,EN,Combined TRACON& Tower with Radar,140,30,39,1,210,0,0,75,3,78,140,30,114,4,288,6,8,14,302
09/20/2020,RDU,NC,ASO,EN,Combined TRACON& Tower with Radar,151,13,71,0,235,0,2,87,0,89,151,15,158,0,324,16,0,16,340
09/21/2020,RDU,NC,ASO,EN,Combined TRACON& Tower with Radar,145,35,77,4,261,0,1,95,6,102,145,36,172,10,363,0,0,0,363
09/22/2020,RDU,NC,ASO,EN,Combined TRACON& Tower with Radar,132,49,73,1,255,0,0,141,7,148,132,49,214,8,403,4,0,4,407
09/23/2020,RDU,NC,ASO,EN,Combined TRACON& Tower with Radar,137,33,79,4,253,0,0,123,12,135,137,33,202,16,388,8,10,18,406
09/24/2020,RDU,NC,ASO,EN,Combined TRACON& Tower with Radar,161,41,80,2,284,0,0,82,9,91,161,41,162,11,375,0,0,0,375
09/25/2020,RDU,NC,ASO,EN,Combined TRACON& Tower with Radar,155,34,58,1,248,0,0,0,0,0,155,34,58,1,248,0,0,0,248
09/26/2020,RDU,NC,ASO,EN,Combined TRACON& Tower with Radar,132,17,63,0,212,0,0,8,0,8,132,17,71,0,220,32,0,32,252
09/27/2020,RDU,NC,ASO,EN,Combined TRACON& Tower with Radar,155,21,83,0,259,0,0,46,0,46,155,21,129,0,305,30,0,30,335
09/28/2020,RDU,NC,ASO,EN,Combined TRACON& Tower with Radar,148,18,69,2,237,0,0,52,7,59,148,18,121,9,296,0,0,0,296
09/29/2020,RDU,NC,ASO,EN,Combined TRACON& Tower with Radar,144,22,79,2,247,0,0,12,7,19,144,22,91,9,266,6,0,6,272
09/30/2020,RDU,NC,ASO,EN,Combined TRACON& Tower with Radar,138,30,93,16,277,0,2,98,14,114,138,32,191,30,391,0,0,0,391
10/01/2020,RDU,NC,ASO,EN,Combined TRACON& Tower with Radar,168,33,79,0,280,0,0,102,2,104,168,33,181,2,384,6,0,6,390
10/02/2020,RDU,NC,ASO,EN,Combined TRACON& Tower with Radar,171,38,62,6,277,0,0,96,0,96,171,38,158,6,373,8,0,8,381
10/03/2020,RDU,NC,ASO,EN,Combined TRACON& Tower with Radar,150,26,38,2,216,0,0,115,2,117,150,26,153,4,333,21,0,21,354
10/04/2020,RDU,NC,ASO,EN,Combined TRACON& Tower with Radar,165,30,67,0,262,0,0,86,0,86,165,30,153,0,348,0,0,0,348
10/05/2020,RDU,NC,ASO,EN,Combined TRACON& Tower with Radar,166,22,53,6,247,0,1,97,1,99,166,23,150,7,346,6,0,6,352
10/06/2020,RDU,NC,ASO,EN,Combined TRACON& Tower with Radar,134,31,78,7,250,0,2,104,9,115,134,33,182,16,365,0,0,0,365
10/07/2020,RDU,NC,ASO,EN,Combined TRACON& Tower with Radar,132,39,80,2,253,0,2,96,4,102,132,41,176,6,355,14,0,14,369
10/08/2020,RDU,NC,ASO,EN,Combined TRACON& Tower with Radar,179,38,93,5,315,0,0,91,13,104,179,38,184,18,419,0,0,0,419
10/09/2020,RDU,NC,ASO,EN,Combined TRACON& Tower with Radar,178,35,103,0,316,0,0,86,2,88,178,35,189,2,404,0,0,0,404
10/10/2020,RDU,NC,ASO,EN,Combined TRACON& Tower with Radar,146,19,44,0,209,0,2,0,0,2,146,21,44,0,211,0,0,0,211
10/11/2020,RDU,NC,ASO,EN,Combined TRACON& Tower with Radar,171,22,43,0,236,0,0,1,0,1,171,22,44,0,237,0,0,0,237
10/12/2020,RDU,NC,ASO,EN,Combined TRACON& Tower with Radar,169,29,64,0,262,0,0,2,0,2,169,29,66,0,264,0,0,0,264
10/13/2020,RDU,NC,ASO,EN,Combined TRACON& Tower with Radar,130,24,92,5,251,0,1,76,14,91,130,25,168,19,342,10,0,10,352
10/14/2020,RDU,NC,ASO,EN,Combined TRACON& Tower with Radar,133,51,82,7,273,0,0,127,10,137,133,51,209,17,410,0,0,0,410
10/15/2020,RDU,NC,ASO,EN,Combined TRACON& Tower with Radar,178,37,101,2,318,0,0,132,9,141,178,37,233,11,459,24,0,24,483
10/16/2020,RDU,NC,ASO,EN,Combined TRACON& Tower with Radar,176,41,77,2,296,0,0,14,7,21,176,41,91,9,317,0,0,0,317
10/17/2020,RDU,NC,ASO,EN,Combined TRACON& Tower with Radar,143,36,52,6,237,0,0,116,14,130,143,36,168,20,367,0,0,0,367
10/18/2020,RDU,NC,ASO,EN,Combined TRACON& Tower with Radar,175,28,68,0,271,0,2,124,7,133,175,30,192,7,404,16,0,16,420
10/19/2020,RDU,NC,ASO,EN,Combined TRACON& Tower with Radar,164,35,74,1,274,0,0,58,13,71,164,35,132,14,345,6,0,6,351
10/20/2020,RDU,NC,ASO,EN,Combined TRACON& Tower with Radar,134,45,78,2,259,0,0,108,12,120,134,45,186,14,379,22,0,22,401
10/21/2020,RDU,NC,ASO,EN,Combined TRACON& Tower with Radar,139,32,77,4,252,0,0,77,9,86,139,32,154,13,338,0,0,0,338
10/22/2020,RDU,NC,ASO,EN,Combined TRACON& Tower with Radar,181,31,116,4,332,0,0,96,7,103,181,31,212,11,435,7,0,7,442
10/23/2020,RDU,NC,ASO,EN,Combined TRACON& Tower with Radar,173,43,75,2,293,0,0,113,10,123,173,43,188,12,416,12,0,12,428
10/24/2020,RDU,NC,ASO,EN,Combined TRACON& Tower with Radar,138,30,56,10,234,0,0,119,0,119,138,30,175,10,353,0,0,0,353
10/25/2020,RDU,NC,ASO,EN,Combined TRACON& Tower with Radar,162,28,56,0,246,0,0,0,0,0,162,28,56,0,246,0,0,0,246
10/26/2020,RDU,NC,ASO,EN,Combined TRACON& Tower with Radar,160,18,84,2,264,0,0,47,7,54,160,18,131,9,318,0,0,0,318
10/27/2020,RDU,NC,ASO,EN,Combined TRACON& Tower with Radar,120,38,83,0,241,0,0,54,2,56,120,38,137,2,297,14,0,14,311
10/28/2020,RDU,NC,ASO,EN,Combined TRACON& Tower with Radar,123,50,83,0,256,0,0,40,4,44,123,50,123,4,300,0,0,0,300
10/29/2020,RDU,NC,ASO,EN,Combined TRACON& Tower with Radar,179,30,40,3,252,0,0,5,0,5,179,30,45,3,257,0,0,0,257
10/30/2020,RDU,NC,ASO,EN,Combined TRACON& Tower with Radar,164,31,69,1,265,0,2,47,2,51,164,33,116,3,316,0,0,0,316
10/31/2020,RDU,NC,ASO,EN,Combined TRACON& Tower with Radar,104,14,70,0,188,0,1,86,2,89,104,15,156,2,277,20,0,20,297
11/01/2020,RDU,NC,ASO,EN,Combined TRACON& Tower with Radar,153,25,54,0,232,0,0,9,0,9,153,25,63,0,241,0,0,0,241
11/02/2020,RDU,NC,ASO,EN,Combined TRACON& Tower with Radar,157,24,51,2,234,0,0,64,0,64,157,24,115,2,298,0,0,0,298
11/03/2020,RDU,NC,ASO,EN,Combined TRACON& Tower with Radar,113,32,36,15,196,0,0,134,11,145,113,32,170,26,341,0,0,0,341
11/04/2020,RDU,NC,ASO,EN,Combined TRACON& Tower with Radar,124,32,59,2,217,0,0,123,14,137,124,32,182,16,354,18,0,18,372
11/05/2020,RDU,NC,ASO,EN,Combined TRACON& Tower with Radar,172,49,55,3,279,0,0,142,12,154,172,49,197,15,433,0,0,0,433
11/06/2020,RDU,NC,ASO,EN,Combined TRACON& Tower with Radar,171,30,71,10,282,0,0,107,7,114,171,30,178,17,396,12,10,22,418
11/07/2020,RDU,NC,ASO,EN,Combined TRACON& Tower with Radar,136,13,50,1,200,0,0,76,2,78,136,13,126,3,278,0,0,0,278
11/08/2020,RDU,NC,ASO,EN,Combined TRACON& Tower with Radar,175,20,68,1,264,0,0,68,1,69,175,20,136,2,333,36,0,36,369
11/09/2020,RDU,NC,ASO,EN,Combined TRACON& Tower with Radar,177,27,58,0,262,0,0,59,2,61,177,27,117,2,323,53,0,53,376
11/10/2020,RDU,NC,ASO,EN,Combined TRACON& Tower with Radar,133,37,80,3,253,0,1,45,4,50,133,38,125,7,303,68,47,115,418
11/11/2020,RDU,NC,ASO,EN,Combined TRACON& Tower with Radar,137,34,50,2,223,0,0,0,0,0,137,34,50,2,223,0,0,0,223
11/12/2020,RDU,NC,ASO,EN,Combined TRACON& Tower with Radar,186,30,51,0,267,0,0,1,0,1,186,30,52,0,268,0,0,0,268
11/13/2020,RDU,NC,ASO,EN,Combined TRACON& Tower with Radar,183,46,58,0,287,0,0,36,4,40,183,46,94,4,327,0,0,0,327
11/14/2020,RDU,NC,ASO,EN,Combined TRACON& Tower with Radar,143,15,46,0,204,0,1,117,0,118,143,16,163,0,322,0,0,0,322
11/15/2020,RDU,NC,ASO,EN,Combined TRACON& Tower with Radar,177,27,46,0,250,0,0,7,0,7,177,27,53,0,257,0,0,0,257
11/16/2020,RDU,NC,ASO,EN,Combined TRACON& Tower with Radar,174,32,69,12,287,0,0,93,12,105,174,32,162,24,392,0,0,0,392
11/17/2020,RDU,NC,ASO,EN,Combined TRACON& Tower with Radar,137,47,58,3,245,0,0,56,11,67,137,47,114,14,312,0,0,0,312
11/18/2020,RDU,NC,ASO,EN,Combined TRACON& Tower with Radar,145,31,84,6,266,0,0,65,20,85,145,31,149,26,351,0,14,14,365
11/19/2020,RDU,NC,ASO,EN,Combined TRACON& Tower with Radar,191,39,75,2,307,0,0,62,15,77,191,39,137,17,384,0,0,0,384
11/20/2020,RDU,NC,ASO,EN,Combined TRACON& Tower with Radar,188,31,76,4,299,0,0,84,6,90,188,31,160,10,389,10,0,10,399
11/21/2020,RDU,NC,ASO,EN,Combined TRACON& Tower with Radar,184,14,58,0,256,0,0,102,2,104,184,14,160,2,360,32,0,32,392
11/22/2020,RDU,NC,ASO,EN,Combined TRACON& Tower with Radar,185,19,61,1,266,0,0,99,0,99,185,19,160,1,365,11,0,11,376
11/23/2020,RDU,NC,ASO,EN,Combined TRACON& Tower with Radar,190,29,56,6,281,0,0,62,22,84,190,29,118,28,365,0,0,0,365
11/24/2020,RDU,NC,ASO,EN,Combined TRACON& Tower with Radar,210,43,79,0,332,0,0,125,6,131,210,43,204,6,463,0,0,0,463
11/25/2020,RDU,NC,ASO,EN,Combined TRACON& Tower with Radar,220,43,66,2,331,0,0,73,3,76,220,43,139,5,407,0,0,0,407
11/26/2020,RDU,NC,ASO,EN,Combined TRACON& Tower with Radar,92,12,19,0,123,0,0,9,0,9,92,12,28,0,132,0,0,0,132
11/27/2020,RDU,NC,ASO,EN,Combined TRACON& Tower with Radar,158,42,50,0,250,0,0,23,0,23,158,42,73,0,273,0,0,0,273
11/28/2020,RDU,NC,ASO,EN,Combined TRACON& Tower with Radar,200,30,63,0,293,0,0,81,1,82,200,30,144,1,375,16,0,16,391
11/29/2020,RDU,NC,ASO,EN,Combined TRACON& Tower with Radar,219,37,100,0,356,0,1,67,0,68,219,38,167,0,424,0,0,0,424
11/30/2020,RDU,NC,ASO,EN,Combined TRACON& Tower with Radar,215,43,28,3,289,0,0,4,6,10,215,43,32,9,299,0,0,0,299
12/01/2020,RDU,NC,ASO,EN,Combined TRACON& Tower with Radar,174,35,46,3,258,0,1,43,18,62,174,36,89,21,320,36,0,36,356
12/02/2020,RDU,NC,ASO,EN,Combined TRACON& Tower with Radar,151,42,58,4,255,0,1,79,7,87,151,43,137,11,342,0,0,0,342
12/03/2020,RDU,NC,ASO,EN,Combined TRACON& Tower with Radar,178,34,74,8,294,0,0,107,13,120,178,34,181,21,414,10,0,10,424
12/04/2020,RDU,NC,ASO,EN,Combined TRACON& Tower with Radar,174,34,36,0,244,0,0,53,4,57,174,34,89,4,301,0,0,0,301
12/05/2020,RDU,NC,ASO,EN,Combined TRACON& Tower with Radar,128,30,33,0,191,0,0,29,2,31,128,30,62,2,222,0,0,0,222
12/06/2020,RDU,NC,ASO,EN,Combined TRACON& Tower with Radar,169,23,51,2,245,0,0,105,0,105,169,23,156,2,350,0,0,0,350
12/07/2020,RDU,NC,ASO,EN,Combined TRACON& Tower with Radar,173,23,50,0,246,0,0,0,0,0,173,23,50,0,246,0,0,0,246
12/08/2020,RDU,NC,ASO,EN,Combined TRACON& Tower with Radar,132,33,101,2,268,0,0,99,10,109,132,33,200,12,377,12,0,12,389
12/09/2020,RDU,NC,ASO,EN,Combined TRACON& Tower with Radar,147,44,71,10,272,0,0,92,17,109,147,44,163,27,381,5,0,5,386
12/10/2020,RDU,NC,ASO,EN,Combined TRACON& Tower with Radar,179,41,86,4,310,0,0,115,17,132,179,41,201,21,442,8,0,8,450
12/11/2020,RDU,NC,ASO,EN,Combined TRACON& Tower with Radar,174,35,57,1,267,0,0,105,11,116,174,35,162,12,383,6,0,6,389
12/12/2020,RDU,NC,ASO,EN,Combined TRACON& Tower with Radar,134,18,46,0,198,0,0,88,0,88,134,18,134,0,286,28,0,28,314
12/13/2020,RDU,NC,ASO,EN,Combined TRACON& Tower with Radar,168,7,86,0,261,0,0,52,0,52,168,7,138,0,313,0,0,0,313
12/14/2020,RDU,NC,ASO,EN,Combined TRACON& Tower with Radar,165,20,34,3,222,0,0,5,5,10,165,20,39,8,232,0,0,0,232
12/15/2020,RDU,NC,ASO,EN,Combined TRACON& Tower with Radar,138,45,69,10,262,0,1,119,34,154,138,46,188,44,416,16,0,16,432
12/16/2020,RDU,NC,ASO,EN,Combined TRACON& Tower with Radar,152,29,34,0,215,0,0,1,0,1,152,29,35,0,216,0,0,0,216
12/17/2020,RDU,NC,ASO,EN,Combined TRACON& Tower with Radar,189,39,72,0,300,0,0,76,4,80,189,39,148,4,380,0,0,0,380
12/18/2020,RDU,NC,ASO,EN,Combined TRACON& Tower with Radar,197,38,72,2,309,0,0,111,15,126,197,38,183,17,435,10,0,10,445
12/19/2020,RDU,NC,ASO,EN,Combined TRACON& Tower with Radar,212,27,75,0,314,0,0,115,0,115,212,27,190,0,429,18,0,18,447
12/20/2020,RDU,NC,ASO,EN,Combined TRACON& Tower with Radar,201,17,25,0,243,0,0,0,0,0,201,17,25,0,243,0,0,0,243
12/21/2020,RDU,NC,ASO,EN,Combined TRACON& Tower with Radar,189,34,70,4,297,0,0,48,5,53,189,34,118,9,350,20,0,20,370
12/22/2020,RDU,NC,ASO,EN,Combined TRACON& Tower with Radar,212,44,66,6,328,0,0,75,9,84,212,44,141,15,412,4,4,8,420
12/23/2020,RDU,NC,ASO,EN,Combined TRACON& Tower with Radar,221,62,88,1,372,0,0,106,8,114,221,62,194,9,486,0,0,0,486
12/24/2020,RDU,NC,ASO,EN,Combined TRACON& Tower with Radar,142,24,7,0,173,0,0,0,0,0,142,24,7,0,173,0,0,0,173
12/25/2020,RDU,NC,ASO,EN,Combined TRACON& Tower with Radar,105,21,19,0,145,0,0,6,0,6,105,21,25,0,151,0,0,0,151
12/26/2020,RDU,NC,ASO,EN,Combined TRACON& Tower with Radar,187,40,82,0,309,0,3,85,0,88,187,43,167,0,397,0,0,0,397
12/27/2020,RDU,NC,ASO,EN,Combined TRACON& Tower with Radar,216,39,62,0,317,0,0,77,0,77,216,39,139,0,394,0,0,0,394
12/28/2020,RDU,NC,ASO,EN,Combined TRACON& Tower with Radar,184,33,40,3,260,0,0,88,13,101,184,33,128,16,361,32,32,64,425
12/29/2020,RDU,NC,ASO,EN,Combined TRACON& Tower with Radar,202,38,62,1,303,0,0,100,3,103,202,38,162,4,406,2,30,32,438
12/30/2020,RDU,NC,ASO,EN,Combined TRACON& Tower with Radar,201,37,71,2,311,0,0,77,0,77,201,37,148,2,388,20,0,20,408
12/31/2020,RDU,NC,ASO,EN,Combined TRACON& Tower with Radar,142,26,27,0,195,0,0,0,0,0,142,26,27,0,195,0,0,0,195
01/01/2021,RDU,NC,ASO,EN,Combined TRACON& Tower with Radar,141,14,22,0,177,0,0,1,0,1,141,14,23,0,178,0,0,0,178
01/02/2021,RDU,NC,ASO,EN,Combined TRACON& Tower with Radar,199,30,64,2,295,0,0,26,0,26,199,30,90,2,321,0,0,0,321
01/03/2021,RDU,NC,ASO,EN,Combined TRACON& Tower with Radar,225,20,69,0,314,0,0,1,0,1,225,20,70,0,315,0,0,0,315
01/04/2021,RDU,NC,ASO,EN,Combined TRACON& Tower with Radar,186,36,63,4,289,0,1,137,8,146,186,37,200,12,435,20,0,20,455
01/05/2021,RDU,NC,ASO,EN,Combined TRACON& Tower with Radar,149,31,47,3,230,0,0,91,22,113,149,31,138,25,343,0,0,0,343
01/06/2021,RDU,NC,ASO,EN,Combined TRACON& Tower with Radar,146,32,70,9,257,0,3,144,17,164,146,35,214,26,421,0,0,0,421
01/07/2021,RDU,NC,ASO,EN,Combined TRACON& Tower with Radar,183,39,65,3,290,0,0,134,7,141,183,39,199,10,431,22,0,22,453
01/08/2021,RDU,NC,ASO,EN,Combined TRACON& Tower with Radar,170,33,47,0,250,0,0,1,0,1,170,33,48,0,251,0,0,0,251
01/09/2021,RDU,NC,ASO,EN,Combined TRACON& Tower with Radar,129,19,49,0,197,0,0,93,2,95,129,19,142,2,292,12,0,12,304
01/10/2021,RDU,NC,ASO,EN,Combined TRACON& Tower with Radar,171,23,58,3,255,0,0,95,0,95,171,23,153,3,350,0,0,0,350
01/11/2021,RDU,NC,ASO,EN,Combined TRACON& Tower with Radar,162,30,58,6,256,0,0,67,3,70,162,30,125,9,326,0,0,0,326
01/12/2021,RDU,NC,ASO,EN,Combined TRACON& Tower with Radar,134,34,52,6,226,0,0,89,12,101,134,34,141,18,327,32,0,32,359
01/13/2021,RDU,NC,ASO,EN,Combined TRACON& Tower with Radar,144,40,83,7,274,0,0,114,9,123,144,40,197,16,397,20,0,20,417
01/14/2021,RDU,NC,ASO,EN,Combined TRACON& Tower with Radar,183,46,74,4,307,0,0,76,3,79,183,46,150,7,386,0,0,0,386
01/15/2021,RDU,NC,ASO,EN,Combined TRACON& Tower with Radar,176,46,37,2,261,0,0,44,2,46,176,46,81,4,307,22,0,22,329
01/16/2021,RDU,NC,ASO,EN,Combined TRACON& Tower with Radar,126,25,44,0,195,0,0,9,0,9,126,25,53,0,204,10,0,10,214
01/17/2021,RDU,NC,ASO,EN,Combined TRACON& Tower with Radar,154,9,54,0,217,0,0,86,0,86,154,9,140,0,303,20,0,20,323
01/18/2021,RDU,NC,ASO,EN,Combined TRACON& Tower with Radar,169,42,58,5,274,0,0,83,2,85,169,42,141,7,359,8,0,8,367
01/19/2021,RDU,NC,ASO,EN,Combined TRACON& Tower with Radar,140,36,78,8,262,0,0,97,13,110,140,36,175,21,372,0,16,16,388
01/20/2021,RDU,NC,ASO,EN,Combined TRACON& Tower with Radar,141,38,52,9,240,0,3,78,11,92,141,41,130,20,332,0,0,0,332
01/21/2021,RDU,NC,ASO,EN,Combined TRACON& Tower with Radar,188,44,63,5,300,0,0,83,15,98,188,44,146,20,398,40,0,40,438
01/22/2021,RDU,NC,ASO,EN,Combined TRACON& Tower with Radar,169,30,50,5,254,0,1,93,9,103,169,31,143,14,357,34,0,34,391
01/23/2021,RDU,NC,ASO,EN,Combined TRACON& Tower with Radar,133,9,47,6,195,0,0,81,3,84,133,9,128,9,279,0,0,0,279
01/24/2021,RDU,NC,ASO,EN,Combined TRACON& Tower with Radar,170,15,62,3,250,0,0,108,6,114,170,15,170,9,364,22,0,22,386
01/25/2021,RDU,NC,ASO,EN,Combined TRACON& Tower with Radar,162,24,35,2,223,0,0,0,0,0,162,24,35,2,223,0,0,0,223
01/26/2021,RDU,NC,ASO,EN,Combined TRACON& Tower with Radar,128,31,37,0,196,0,0,0,0,0,128,31,37,0,196,0,0,0,196
01/27/2021,RDU,NC,ASO,EN,Combined TRACON& Tower with Radar,134,40,71,2,247,0,0,52,0,52,134,40,123,2,299,0,0,0,299
01/28/2021,RDU,NC,ASO,EN,Combined TRACON& Tower with Radar,182,38,64,1,285,0,0,24,8,32,182,38,88,9,317,0,0,0,317
01/29/2021,RDU,NC,ASO,EN,Combined TRACON& Tower with Radar,173,34,51,0,258,0,0,121,8,129,173,34,172,8,387,38,0,38,425
01/30/2021,RDU,NC,ASO,EN,Combined TRACON& Tower with Radar,129,25,56,0,210,0,2,129,4,135,129,27,185,4,345,4,0,4,349
01/31/2021,RDU,NC,ASO,EN,Combined TRACON& Tower with Radar,170,18,25,2,215,0,0,0,0,0,170,18,25,2,215,0,0,0,215
02/01/2021,RDU,NC,ASO,EN,Combined TRACON& Tower with Radar,149,33,25,0,207,0,0,1,0,1,149,33,26,0,208,0,0,0,208
02/02/2021,RDU,NC,ASO,EN,Combined TRACON& Tower with Radar,134,49,53,7,243,0,0,42,10,52,134,49,95,17,295,0,0,0,295
02/03/2021,RDU,NC,ASO,EN,Combined TRACON& Tower with Radar,140,31,77,8,256,0,2,85,16,103,140,33,162,24,359,0,0,0,359
02/04/2021,RDU,NC,ASO,EN,Combined TRACON& Tower with Radar,187,49,92,3,331,0,0,108,21,129,187,49,200,24,460,0,0,0,460
02/05/2021,RDU,NC,ASO,EN,Combined TRACON& Tower with Radar,179,32,54,2,267,0,0,20,6,26,179,32,74,8,293,0,0,0,293
02/06/2021,RDU,NC,ASO,EN,Combined TRACON& Tower with Radar,140,30,69,0,239,0,0,132,5,137,140,30,201,5,376,10,0,10,386
02/07/2021,RDU,NC,ASO,EN,Combined TRACON& Tower with Radar,154,18,38,2,212,0,0,10,0,10,154,18,48,2,222,0,0,0,222
02/08/2021,RDU,NC,ASO,EN,Combined TRACON& Tower with Radar,167,35,68,23,293,0,0,88,5,93,167,35,156,28,386,0,0,0,386
02/09/2021,RDU,NC,ASO,EN,Combined TRACON& Tower with Radar,144,29,87,12,272,0,0,70,13,83,144,29,157,25,355,14,0,14,369
02/10/2021,RDU,NC,ASO,EN,Combined TRACON& Tower with Radar,137,56,112,11,316,0,0,18,17,35,137,56,130,28,351,0,0,0,351
02/11/2021,RDU,NC,ASO,EN,Combined TRACON& Tower with Radar,212,51,65,0,328,0,0,1,0,1,212,51,66,0,329,0,0,0,329
02/12/2021,RDU,NC,ASO,EN,Combined TRACON& Tower with Radar,208,50,39,0,297,0,0,0,0,0,208,50,39,0,297,0,0,0,297
02/13/2021,RDU,NC,ASO,EN,Combined TRACON& Tower with Radar,148,36,28,0,212,0,0,0,0,0,148,36,28,0,212,0,0,0,212
02/14/2021,RDU,NC,ASO,EN,Combined TRACON& Tower with Radar,181,24,22,0,227,0,0,0,0,0,181,24,22,0,227,0,0,0,227
02/15/2021,RDU,NC,ASO,EN,Combined TRACON& Tower with Radar,175,21,27,0,223,0,0,0,0,0,175,21,27,0,223,0,0,0,223
02/16/2021,RDU,NC,ASO,EN,Combined TRACON& Tower with Radar,136,38,82,2,258,0,1,35,15,51,136,39,117,17,309,18,0,18,327
02/17/2021,RDU,NC,ASO,EN,Combined TRACON& Tower with Radar,136,45,107,7,295,0,0,116,16,132,136,45,223,23,427,20,0,20,447
02/18/2021,RDU,NC,ASO,EN,Combined TRACON& Tower with Radar,163,24,29,0,216,0,0,0,0,0,163,24,29,0,216,0,0,0,216
02/19/2021,RDU,NC,ASO,EN,Combined TRACON& Tower with Radar,196,30,50,0,276,0,0,10,3,13,196,30,60,3,289,6,0,6,295
02/20/2021,RDU,NC,ASO,EN,Combined TRACON& Tower with Radar,159,33,58,0,250,0,2,77,5,84,159,35,135,5,334,0,0,0,334
02/21/2021,RDU,NC,ASO,EN,Combined TRACON& Tower with Radar,206,23,76,0,305,0,0,158,0,158,206,23,234,0,463,0,0,0,463
02/22/2021,RDU,NC,ASO,EN,Combined TRACON& Tower with Radar,208,28,39,0,275,0,0,5,3,8,208,28,44,3,283,0,0,0,283
02/23/2021,RDU,NC,ASO,EN,Combined TRACON& Tower with Radar,158,28,85,8,279,0,1,98,16,115,158,29,183,24,394,0,0,0,394
02/24/2021,RDU,NC,ASO,EN,Combined TRACON& Tower with Radar,153,47,118,9,327,0,0,114,11,125,153,47,232,20,452,0,0,0,452
02/25/2021,RDU,NC,ASO,EN,Combined TRACON& Tower with Radar,207,40,94,8,349,0,0,122,8,130,207,40,216,16,479,0,0,0,479
02/26/2021,RDU,NC,ASO,EN,Combined TRACON& Tower with Radar,205,35,46,8,294,0,0,28,4,32,205,35,74,12,326,0,0,0,326
02/27/2021,RDU,NC,ASO,EN,Combined TRACON& Tower with Radar,160,31,59,2,252,0,0,9,0,9,160,31,68,2,261,20,0,20,281
02/28/2021,RDU,NC,ASO,EN,Combined TRACON& Tower with Radar,206,30,58,0,294,0,1,25,0,26,206,31,83,0,320,0,0,0,320
03/01/2021,RDU,NC,ASO,EN,Combined TRACON& Tower with Radar,202,26,40,2,270,0,0,25,0,25,202,26,65,2,295,0,0,0,295
03/02/2021,RDU,NC,ASO,EN,Combined TRACON& Tower with Radar,162,37,71,2,272,0,0,130,13,143,162,37,201,15,415,14,0,14,429
03/03/2021,RDU,NC,ASO,EN,Combined TRACON& Tower with Radar,169,35,84,11,299,0,0,116,3,119,169,35,200,14,418,6,0,6,424
03/04/2021,RDU,NC,ASO,EN,Combined TRACON& Tower with Radar,221,55,88,5,369,0,2,85,8,95,221,57,173,13,464,0,0,0,464
03/05/2021,RDU,NC,ASO,EN,Combined TRACON& Tower with Radar,215,38,89,2,344,0,0,125,1,126,215,38,214,3,470,0,0,0,470
03/06/2021,RDU,NC,ASO,EN,Combined TRACON& Tower with Radar,170,19,74,2,265,0,1,85,3,89,170,20,159,5,354,0,0,0,354
03/07/2021,RDU,NC,ASO,EN,Combined TRACON& Tower with Radar,220,37,77,1,335,0,0,82,8,90,220,37,159,9,425,0,0,0,425
03/08/2021,RDU,NC,ASO,EN,Combined TRACON& Tower with Radar,222,25,58,4,309,0,1,98,5,104,222,26,156,9,413,14,0,14,427
03/09/2021,RDU,NC,ASO,EN,Combined TRACON& Tower with Radar,185,31,74,4,294,0,1,127,10,138,185,32,201,14,432,0,0,0,432
03/10/2021,RDU,NC,ASO,EN,Combined TRACON& Tower with Radar,187,38,72,6,303,0,1,144,18,163,187,39,216,24,466,5,0,5,471
03/11/2021,RDU,NC,ASO,EN,Combined TRACON& Tower with Radar,242,44,67,8,361,0,1,87,12,100,242,45,154,20,461,18,0,18,479
03/12/2021,RDU,NC,ASO,EN,Combined TRACON& Tower with Radar,231,38,61,0,330,0,3,100,7,110,231,41,161,7,440,0,0,0,440
03/13/2021,RDU,NC,ASO,EN,Combined TRACON& Tower with Radar,180,26,50,0,256,0,2,97,0,99,180,28,147,0,355,0,0,0,355
03/14/2021,RDU,NC,ASO,EN,Combined TRACON& Tower with Radar,222,24,53,5,304,0,2,58,1,61,222,26,111,6,365,0,0,0,365
03/15/2021,RDU,NC,ASO,EN,Combined TRACON& Tower with Radar,217,32,53,7,309,0,0,88,19,107,217,32,141,26,416,0,0,0,416
03/16/2021,RDU,NC,ASO,EN,Combined TRACON& Tower with Radar,197,42,34,0,273,0,0,0,1,1,197,42,34,1,274,0,0,0,274
03/17/2021,RDU,NC,ASO,EN,Combined TRACON& Tower with Radar,201,45,105,5,356,0,0,6,2,8,201,45,111,7,364,0,0,0,364
03/18/2021,RDU,NC,ASO,EN,Combined TRACON& Tower with Radar,252,34,34,0,320,0,0,0,0,0,252,34,34,0,320,0,0,0,320
03/19/2021,RDU,NC,ASO,EN,Combined TRACON& Tower with Radar,238,56,50,4,348,0,0,13,2,15,238,56,63,6,363,0,0,0,363
03/20/2021,RDU,NC,ASO,EN,Combined TRACON& Tower with Radar,185,24,57,2,268,0,2,101,0,103,185,26,158,2,371,0,0,0,371
03/21/2021,RDU,NC,ASO,EN,Combined TRACON& Tower with Radar,238,29,73,1,341,0,0,52,0,52,238,29,125,1,393,0,0,0,393
03/22/2021,RDU,NC,ASO,EN,Combined TRACON& Tower with Radar,224,37,69,6,336,0,0,72,19,91,224,37,141,25,427,0,0,0,427
03/23/2021,RDU,NC,ASO,EN,Combined TRACON& Tower with Radar,196,32,106,4,338,0,0,1,1,2,196,32,107,5,340,0,0,0,340
03/24/2021,RDU,NC,ASO,EN,Combined TRACON& Tower with Radar,194,33,85,2,314,0,0,27,6,33,194,33,112,8,347,16,4,20,367
03/25/2021,RDU,NC,ASO,EN,Combined TRACON& Tower with Radar,243,42,89,13,387,0,1,77,12,90,243,43,166,25,477,0,0,0,477
03/26/2021,RDU,NC,ASO,EN,Combined TRACON& Tower with Radar,245,46,79,4,374,0,0,35,7,42,245,46,114,11,416,0,0,0,416
03/27/2021,RDU,NC,ASO,EN,Combined TRACON& Tower with Radar,197,24,50,1,272,0,0,8,0,8,197,24,58,1,280,0,0,0,280
03/28/2021,RDU,NC,ASO,EN,Combined TRACON& Tower with Radar,230,28,48,0,306,0,0,6,2,8,230,28,54,2,314,0,0,0,314
03/29/2021,RDU,NC,ASO,EN,Combined TRACON& Tower with Radar,228,32,59,6,325,0,0,136,11,147,228,32,195,17,472,20,0,20,492
03/30/2021,RDU,NC,ASO,EN,Combined TRACON& Tower with Radar,202,39,71,6,318,0,0,160,12,172,202,39,231,18,490,0,0,0,490
03/31/2021,RDU,NC,ASO,EN,Combined TRACON& Tower with Radar,202,45,75,2,324,0,0,3,0,3,202,45,78,2,327,0,0,0,327
04/01/2021,RDU,NC,ASO,EN,Combined TRACON& Tower with Radar,244,63,87,3,397,0,4,60,3,67,244,67,147,6,464,8,0,8,472
04/02/2021,RDU,NC,ASO,EN,Combined TRACON& Tower with Radar,249,31,64,0,344,0,1,80,4,85,249,32,144,4,429,16,0,16,445
04/03/2021,RDU,NC,ASO,EN,Combined TRACON& Tower with Radar,205,46,48,0,299,0,0,130,0,130,205,46,178,0,429,6,0,6,435
04/04/2021,RDU,NC,ASO,EN,Combined TRACON& Tower with Radar,242,30,45,0,317,0,0,63,0,63,242,30,108,0,380,0,0,0,380
04/05/2021,RDU,NC,ASO,EN,Combined TRACON& Tower with Radar,243,51,70,2,366,0,0,122,10,132,243,51,192,12,498,0,0,0,498
04/06/2021,RDU,NC,ASO,EN,Combined TRACON& Tower with Radar,210,53,70,2,335,0,0,112,9,121,210,53,182,11,456,0,0,0,456
04/07/2021,RDU,NC,ASO,EN,Combined TRACON& Tower with Radar,213,44,78,7,342,0,1,129,13,143,213,45,207,20,485,16,0,16,501
04/08/2021,RDU,NC,ASO,EN,Combined TRACON& Tower with Radar,267,45,72,2,386,0,0,111,8,119,267,45,183,10,505,16,10,26,531
04/09/2021,RDU,NC,ASO,EN,Combined TRACON& Tower with Radar,258,52,79,1,390,0,0,81,2,83,258,52,160,3,473,6,0,6,479
04/10/2021,RDU,NC,ASO,EN,Combined TRACON& Tower with Radar,208,21,75,3,307,0,0,56,9,65,208,21,131,12,372,58,0,58,430
04/11/2021,RDU,NC,ASO,EN,Combined TRACON& Tower with Radar,224,30,59,4,317,0,0,23,2,25,224,30,82,6,342,0,0,0,342
04/12/2021,RDU,NC,ASO,EN,Combined TRACON& Tower with Radar,241,32,89,7,369,0,1,86,10,97,241,33,175,17,466,6,0,6,472
04/13/2021,RDU,NC,ASO,EN,Combined TRACON& Tower with Radar,214,28,81,9,332,0,0,140,15,155,214,28,221,24,487,42,0,42,529
04/14/2021,RDU,NC,ASO,EN,Combined TRACON& Tower with Radar,205,49,88,5,347,0,1,126,16,143,205,50,214,21,490,34,0,34,524
04/15/2021,RDU,NC,ASO,EN,Combined TRACON& Tower with Radar,267,49,110,8,434,0,0,75,16,91,267,49,185,24,525,0,0,0,525
04/16/2021,RDU,NC,ASO,EN,Combined TRACON& Tower with Radar,252,32,61,6,351,0,0,110,4,114,252,32,171,10,465,0,0,0,465
04/17/2021,RDU,NC,ASO,EN,Combined TRACON& Tower with Radar,201,22,52,0,275,0,2,94,1,97,201,24,146,1,372,0,0,0,372
04/18/2021,RDU,NC,ASO,EN,Combined TRACON& Tower with Radar,249,16,76,0,341,0,0,73,2,75,249,16,149,2,416,8,0,8,424
04/19/2021,RDU,NC,ASO,EN,Combined TRACON& Tower with Radar,235,29,77,3,344,0,1,46,7,54,235,30,123,10,398,0,0,0,398
04/20/2021,RDU,NC,ASO,EN,Combined TRACON& Tower with Radar,206,47,79,5,337,0,0,134,26,160,206,47,213,31,497,0,0,0,497
04/21/2021,RDU,NC,ASO,EN,Combined TRACON& Tower with Radar,209,38,79,1,327,0,0,52,11,63,209,38,131,12,390,0,0,0,390
04/22/2021,RDU,NC,ASO,EN,Combined TRACON& Tower with Radar,272,35,98,6,411,0,0,95,16,111,272,35,193,22,522,2,0,2,524
04/23/2021,RDU,NC,ASO,EN,Combined TRACON& Tower with Radar,250,44,77,2,373,0,2,153,8,163,250,46,230,10,536,0,0,0,536
04/24/2021,RDU,NC,ASO,EN,Combined TRACON& Tower with Radar,196,14,43,0,253,0,0,43,0,43,196,14,86,0,296,0,0,0,296
04/25/2021,RDU,NC,ASO,EN,Combined TRACON& Tower with Radar,247,45,70,0,362,0,1,29,0,30,247,46,99,0,392,0,0,0,392
04/26/2021,RDU,NC,ASO,EN,Combined TRACON& Tower with Radar,237,37,63,2,339,0,0,139,7,146,237,37,202,9,485,30,0,30,515
04/27/2021,RDU,NC,ASO,EN,Combined TRACON& Tower with Radar,209,29,66,6,310,0,0,115,5,120,209,29,181,11,430,12,0,12,442
04/28/2021,RDU,NC,ASO,EN,Combined TRACON& Tower with Radar,207,39,78,2,326,0,0,134,21,155,207,39,212,23,481,0,0,0,481
04/29/2021,RDU,NC,ASO,EN,Combined TRACON& Tower with Radar,267,49,92,4,412,0,1,59,2,62,267,50,151,6,474,0,0,0,474
04/30/2021,RDU,NC,ASO,EN,Combined TRACON& Tower with Radar,252,67,81,1,401,0,2,48,4,54,252,69,129,5,455,0,0,0,455
05/01/2021,RDU,NC,ASO,EN,Combined TRACON& Tower with Radar,202,32,72,4,310,0,0,122,0,122,202,32,194,4,432,0,0,0,432
05/02/2021,RDU,NC,ASO,EN,Combined TRACON& Tower with Radar,248,55,104,6,413,0,0,66,0,66,248,55,170,6,479,0,0,0,479
05/03/2021,RDU,NC,ASO,EN,Combined TRACON& Tower with Radar,236,52,57,8,353,0,0,6,0,6,236,52,63,8,359,0,0,0,359
05/04/2021,RDU,NC,ASO,EN,Combined TRACON& Tower with Radar,214,43,74,8,339,0,0,73,7,80,214,43,147,15,419,36,0,36,455
05/05/2021,RDU,NC,ASO,EN,Combined TRACON& Tower with Radar,228,44,107,4,383,0,0,106,17,123,228,44,213,21,506,0,0,0,506
05/06/2021,RDU,NC,ASO,EN,Combined TRACON& Tower with Radar,274,47,115,4,440,0,2,178,13,193,274,49,293,17,633,24,0,24,657
05/07/2021,RDU,NC,ASO,EN,Combined TRACON& Tower with Radar,277,43,86,0,406,0,1,36,1,38,277,44,122,1,444,0,0,0,444
05/08/2021,RDU,NC,ASO,EN,Combined TRACON& Tower with Radar,218,30,57,2,307,0,0,82,0,82,218,30,139,2,389,0,0,0,389
05/09/2021,RDU,NC,ASO,EN,Combined TRACON& Tower with Radar,251,22,49,2,324,0,0,50,1,51,251,22,99,3,375,0,0,0,375
05/10/2021,RDU,NC,ASO,EN,Combined TRACON& Tower with Radar,270,34,74,8,386,0,0,35,7,42,270,34,109,15,428,0,0,0,428
05/11/2021,RDU,NC,ASO,EN,Combined TRACON& Tower with Radar,244,44,113,4,405,0,1,163,17,181,244,45,276,21,586,0,0,0,586
05/12/2021,RDU,NC,ASO,EN,Combined TRACON& Tower with Radar,243,49,100,0,392,0,0,72,14,86,243,49,172,14,478,0,0,0,478
05/13/2021,RDU,NC,ASO,EN,Combined TRACON& Tower with Radar,280,64,94,4,442,0,4,158,17,179,280,68,252,21,621,5,0,5,626
05/14/2021,RDU,NC,ASO,EN,Combined TRACON& Tower with Radar,276,50,97,25,448,0,0,143,10,153,276,50,240,35,601,0,0,0,601
05/15/2021,RDU,NC,ASO,EN,Combined TRACON& Tower with Radar,229,27,58,11,325,0,0,96,1,97,229,27,154,12,422,28,0,28,450
05/16/2021,RDU,NC,ASO,EN,Combined TRACON& Tower with Radar,254,41,71,6,372,0,1,66,0,67,254,42,137,6,439,0,0,0,439
05/17/2021,RDU,NC,ASO,EN,Combined TRACON& Tower with Radar,268,46,66,6,386,0,0,92,16,108,268,46,158,22,494,10,0,10,504
05/18/2021,RDU,NC,ASO,EN,Combined TRACON& Tower with Radar,247,42,81,7,377,0,0,135,12,147,247,42,216,19,524,4,0,4,528
05/19/2021,RDU,NC,ASO,EN,Combined TRACON& Tower with Radar,248,37,105,7,397,0,0,145,13,158,248,37,250,20,555,34,0,34,589
05/20/2021,RDU,NC,ASO,EN,Combined TRACON& Tower with Radar,289,38,94,4,425,0,0,156,20,176,289,38,250,24,601,0,0,0,601
05/21/2021,RDU,NC,ASO,EN,Combined TRACON& Tower with Radar,279,50,56,4,389,0,2,142,1,145,279,52,198,5,534,18,0,18,552
05/22/2021,RDU,NC,ASO,EN,Combined TRACON& Tower with Radar,231,29,41,9,310,0,0,139,2,141,231,29,180,11,451,14,0,14,465
05/23/2021,RDU,NC,ASO,EN,Combined TRACON& Tower with Radar,257,23,80,4,364,0,1,40,2,43,257,24,120,6,407,0,0,0,407
05/24/2021,RDU,NC,ASO,EN,Combined TRACON& Tower with Radar,280,27,60,4,371,0,0,99,9,108,280,27,159,13,479,0,0,0,479
05/25/2021,RDU,NC,ASO,EN,Combined TRACON& Tower with Radar,245,37,88,4,374,0,1,60,8,69,245,38,148,12,443,6,4,10,453
05/26/2021,RDU,NC,ASO,EN,Combined TRACON& Tower with Radar,253,52,94,1,400,0,0,122,2,124,253,52,216,3,524,0,0,0,524
05/27/2021,RDU,NC,ASO,EN,Combined TRACON& Tower with Radar,295,33,94,1,423,0,1,140,2,143,295,34,234,3,566,4,0,4,570
05/28/2021,RDU,NC,ASO,EN,Combined TRACON& Tower with Radar,281,38,64,0,383,0,0,72,6,78,281,38,136,6,461,10,0,10,471
05/29/2021,RDU,NC,ASO,EN,Combined TRACON& Tower with Radar,228,24,40,0,292,0,0,17,0,17,228,24,57,0,309,36,0,36,345
05/30/2021,RDU,NC,ASO,EN,Combined TRACON& Tower with Radar,237,19,41,0,297,0,0,7,0,7,237,19,48,0,304,0,0,0,304
05/31/2021,RDU,NC,ASO,EN,Combined TRACON& Tower with Radar,256,20,78,0,354,0,0,94,0,94,256,20,172,0,448,32,0,32,480
06/01/2021,RDU,NC,ASO,EN,Combined TRACON& Tower with Radar,243,51,98,0,392,0,2,121,3,126,243,53,219,3,518,5,0,5,523
06/02/2021,RDU,NC,ASO,EN,Combined TRACON& Tower with Radar,260,37,87,4,388,0,1,44,5,50,260,38,131,9,438,0,0,0,438
06/03/2021,RDU,NC,ASO,EN,Combined TRACON& Tower with Radar,287,43,47,2,379,0,0,2,0,2,287,43,49,2,381,0,0,0,381
06/04/2021,RDU,NC,ASO,EN,Combined TRACON& Tower with Radar,296,51,89,8,444,0,0,33,9,42,296,51,122,17,486,0,0,0,486
06/05/2021,RDU,NC,ASO,EN,Combined TRACON& Tower with Radar,246,20,52,6,324,0,1,114,4,119,246,21,166,10,443,0,0,0,443
06/06/2021,RDU,NC,ASO,EN,Combined TRACON& Tower with Radar,277,32,60,4,373,0,1,28,6,35,277,33,88,10,408,0,0,0,408
06/07/2021,RDU,NC,ASO,EN,Combined TRACON& Tower with Radar,299,33,71,3,406,0,0,49,2,51,299,33,120,5,457,0,0,0,457
06/08/2021,RDU,NC,ASO,EN,Combined TRACON& Tower with Radar,282,40,102,9,433,0,0,43,5,48,282,40,145,14,481,20,6,26,507
06/09/2021,RDU,NC,ASO,EN,Combined TRACON& Tower with Radar,269,42,115,6,432,0,0,43,4,47,269,42,158,10,479,0,0,0,479
06/10/2021,RDU,NC,ASO,EN,Combined TRACON& Tower with Radar,294,49,92,4,439,0,0,17,0,17,294,49,109,4,456,7,0,7,463
06/11/2021,RDU,NC,ASO,EN,Combined TRACON& Tower with Radar,302,40,97,0,439,0,0,33,0,33,302,40,130,0,472,0,0,0,472
06/12/2021,RDU,NC,ASO,EN,Combined TRACON& Tower with Radar,263,30,61,0,354,0,0,3,2,5,263,30,64,2,359,0,0,0,359
06/13/2021,RDU,NC,ASO,EN,Combined TRACON& Tower with Radar,277,45,79,1,402,0,1,71,0,72,277,46,150,1,474,0,0,0,474
06/14/2021,RDU,NC,ASO,EN,Combined TRACON& Tower with Radar,294,32,72,5,403,0,1,123,6,130,294,33,195,11,533,2,0,2,535
06/15/2021,RDU,NC,ASO,EN,Combined TRACON& Tower with Radar,281,54,93,12,440,0,0,131,4,135,281,54,224,16,575,0,0,0,575
06/16/2021,RDU,NC,ASO,EN,Combined TRACON& Tower with Radar,282,48,97,5,432,0,0,146,6,152,282,48,243,11,584,32,0,32,616
06/17/2021,RDU,NC,ASO,EN,Combined TRACON& Tower with Radar,301,53,124,7,485,0,1,146,6,153,301,54,270,13,638,0,0,0,638
06/18/2021,RDU,NC,ASO,EN,Combined TRACON& Tower with Radar,294,27,65,1,387,0,0,139,4,143,294,27,204,5,530,0,0,0,530
06/19/2021,RDU,NC,ASO,EN,Combined TRACON& Tower with Radar,248,20,48,0,316,0,0,74,0,74,248,20,122,0,390,0,0,0,390
06/20/2021,RDU,NC,ASO,EN,Combined TRACON& Tower with Radar,270,20,49,0,339,0,0,8,0,8,270,20,57,0,347,0,0,0,347
06/21/2021,RDU,NC,ASO,EN,Combined TRACON& Tower with Radar,287,27,73,3,390,0,1,57,4,62,287,28,130,7,452,0,0,0,452
06/22/2021,RDU,NC,ASO,EN,Combined TRACON& Tower with Radar,283,39,64,2,388,0,1,12,1,14,283,40,76,3,402,0,0,0,402
06/23/2021,RDU,NC,ASO,EN,Combined TRACON& Tower with Radar,286,36,100,9,431,0,3,128,13,144,286,39,228,22,575,0,0,0,575
06/24/2021,RDU,NC,ASO,EN,Combined TRACON& Tower with Radar,297,49,88,6,440,0,0,92,12,104,297,49,180,18,544,0,0,0,544
06/25/2021,RDU,NC,ASO,EN,Combined TRACON& Tower with Radar,295,42,105,9,451,0,0,34,3,37,295,42,139,12,488,0,0,0,488
06/26/2021,RDU,NC,ASO,EN,Combined TRACON& Tower with Radar,253,27,81,0,361,0,1,23,0,24,253,28,104,0,385,0,0,0,385
06/27/2021,RDU,NC,ASO,EN,Combined TRACON& Tower with Radar,280,35,91,0,406,0,1,44,1,46,280,36,135,1,452,0,0,0,452
06/28/2021,RDU,NC,ASO,EN,Combined TRACON& Tower with Radar,295,31,89,9,424,0,0,104,14,118,295,31,193,23,542,0,0,0,542
06/29/2021,RDU,NC,ASO,EN,Combined TRACON& Tower with Radar,284,29,131,4,448,0,0,66,14,80,284,29,197,18,528,0,0,0,528
06/30/2021,RDU,NC,ASO,EN,Combined TRACON& Tower with Radar,289,38,99,9,435,0,0,110,9,119,289,38,209,18,554,0,0,0,554
07/01/2021,RDU,NC,ASO,EN,Combined TRACON& Tower with Radar,293,36,107,0,436,0,0,106,11,117,293,36,213,11,553,0,0,0,553
07/02/2021,RDU,NC,ASO,EN,Combined TRACON& Tower with Radar,305,41,62,0,408,0,0,24,0,24,305,41,86,0,432,0,0,0,432
07/03/2021,RDU,NC,ASO,EN,Combined TRACON& Tower with Radar,259,24,52,0,335,0,1,81,0,82,259,25,133,0,417,0,0,0,417
07/04/2021,RDU,NC,ASO,EN,Combined TRACON& Tower with Radar,247,13,31,0,291,0,0,35,0,35,247,13,66,0,326,0,0,0,326
07/05/2021,RDU,NC,ASO,EN,Combined TRACON& Tower with Radar,286,14,54,0,354,0,0,104,0,104,286,14,158,0,458,0,0,0,458
07/06/2021,RDU,NC,ASO,EN,Combined TRACON& Tower with Radar,279,33,59,2,373,0,0,131,16,147,279,33,190,18,520,0,0,0,520
07/07/2021,RDU,NC,ASO,EN,Combined TRACON& Tower with Radar,294,24,95,7,420,0,0,105,14,119,294,24,200,21,539,0,0,0,539
07/08/2021,RDU,NC,ASO,EN,Combined TRACON& Tower with Radar,322,28,26,0,376,0,0,1,0,1,322,28,27,0,377,0,0,0,377
07/09/2021,RDU,NC,ASO,EN,Combined TRACON& Tower with Radar,313,42,62,0,417,0,0,24,0,24,313,42,86,0,441,0,0,0,441
07/10/2021,RDU,NC,ASO,EN,Combined TRACON& Tower with Radar,259,24,52,0,335,0,1,81,0,82,259,25,133,0,417,0,0,0,417
07/11/2021,RDU,NC,ASO,EN,Combined TRACON& Tower with Radar,247,13,31,0,291,0,0,35,0,35,247,13,66,0,326,0,0,0,326
07/12/2021,RDU,NC,ASO,EN,Combined TRACON& Tower with Radar,286,14,54,0,354,0,0,104,0,104,286,14,158,0,458,0,0,0,458
07/13/2021,RDU,NC,ASO,EN,Combined TRACON& Tower with Radar,279,33,59,2,373,0,0,131,16,147,279,33,190,18,520,0,0,0,520
07/14/2021,RDU,NC,ASO,EN,Combined TRACON& Tower with Radar,281,48,89,3,421,0,0,105,5,110,281,48,194,8,531,13,3,16,547
07/15/2021,RDU,NC,ASO,EN,Combined TRACON& Tower with Radar,313,54,87,9,463,0,0,110,18,128,313,54,197,27,591,0,0,0,591
07/16/2021,RDU,NC,ASO,EN,Combined TRACON& Tower with Radar,307,39,80,4,430,0,0,90,2,92,307,39,170,6,522,0,0,0,522
07/17/2021,RDU,NC,ASO,EN,Combined TRACON& Tower with Radar,242,23,48,3,316,0,1,87,0,88,242,24,135,3,404,16,0,16,420
07/18/2021,RDU,NC,ASO,EN,Combined TRACON& Tower with Radar,283,18,62,3,366,0,0,41,3,44,283,18,103,6,410,0,0,0,410
07/19/2021,RDU,NC,ASO,EN,Combined TRACON& Tower with Radar,286,25,98,2,411,0,0,2,0,2,286,25,100,2,413,0,0,0,413
07/20/2021,RDU,NC,ASO,EN,Combined TRACON& Tower with Radar,303,34,84,1,422,0,0,110,6,116,303,34,194,7,538,0,0,0,538
07/21/2021,RDU,NC,ASO,EN,Combined TRACON& Tower with Radar,285,32,127,5,449,0,0,137,10,147,285,32,264,15,596,0,0,0,596
07/22/2021,RDU,NC,ASO,EN,Combined TRACON& Tower with Radar,310,42,106,3,461,0,0,122,14,136,310,42,228,17,597,0,0,0,597
07/23/2021,RDU,NC,ASO,EN,Combined TRACON& Tower with Radar,305,32,106,8,451,0,0,143,9,152,305,32,249,17,603,6,0,6,609
07/24/2021,RDU,NC,ASO,EN,Combined TRACON& Tower with Radar,259,23,99,0,381,0,0,91,0,91,259,23,190,0,472,0,0,0,472
07/25/2021,RDU,NC,ASO,EN,Combined TRACON& Tower with Radar,282,23,78,1,384,0,0,66,0,66,282,23,144,1,450,0,0,0,450
07/26/2021,RDU,NC,ASO,EN,Combined TRACON& Tower with Radar,313,34,75,2,424,0,0,77,1,78,313,34,152,3,502,0,0,0,502
07/27/2021,RDU,NC,ASO,EN,Combined TRACON& Tower with Radar,288,48,75,7,418,0,0,36,29,65,288,48,111,36,483,0,0,0,483
07/28/2021,RDU,NC,ASO,EN,Combined TRACON& Tower with Radar,292,53,126,7,478,0,0,88,17,105,292,53,214,24,583,8,0,8,591
07/29/2021,RDU,NC,ASO,EN,Combined TRACON& Tower with Radar,302,47,111,12,472,0,2,107,10,119,302,49,218,22,591,0,0,0,591
07/30/2021,RDU,NC,ASO,EN,Combined TRACON& Tower with Radar,308,36,79,17,440,0,0,107,10,117,308,36,186,27,557,0,0,0,557
07/31/2021,RDU,NC,ASO,EN,Combined TRACON& Tower with Radar,257,30,71,1,359,0,0,101,1,102,257,30,172,2,461,0,0,0,461
08/01/2021,RDU,NC,ASO,EN,Combined TRACON& Tower with Radar,270,28,70,2,370,0,1,32,4,37,270,29,102,6,407,6,0,6,413
08/02/2021,RDU,NC,ASO,EN,Combined TRACON& Tower with Radar,288,38,71,2,399,0,1,110,5,116,288,39,181,7,515,0,0,0,515
08/03/2021,RDU,NC,ASO,EN,Combined TRACON& Tower with Radar,286,32,82,4,404,0,0,53,2,55,286,32,135,6,459,0,0,0,459
08/04/2021,RDU,NC,ASO,EN,Combined TRACON& Tower with Radar,279,40,105,5,429,0,0,51,9,60,279,40,156,14,489,0,0,0,489
08/05/2021,RDU,NC,ASO,EN,Combined TRACON& Tower with Radar,308,32,94,6,440,0,0,161,11,172,308,32,255,17,612,0,0,0,612
08/06/2021,RDU,NC,ASO,EN,Combined TRACON& Tower with Radar,298,44,85,5,432,0,0,88,15,103,298,44,173,20,535,2,0,2,537
08/07/2021,RDU,NC,ASO,EN,Combined TRACON& Tower with Radar,260,12,51,2,325,0,0,9,0,9,260,12,60,2,334,0,0,0,334
08/08/2021,RDU,NC,ASO,EN,Combined TRACON& Tower with Radar,287,26,94,1,408,0,1,85,1,87,287,27,179,2,495,0,0,0,495
08/09/2021,RDU,NC,ASO,EN,Combined TRACON& Tower with Radar,280,21,63,8,372,0,2,98,7,107,280,23,161,15,479,0,0,0,479
08/10/2021,RDU,NC,ASO,EN,Combined TRACON& Tower with Radar,284,40,85,6,415,0,0,94,12,106,284,40,179,18,521,0,0,0,521
08/11/2021,RDU,NC,ASO,EN,Combined TRACON& Tower with Radar,289,54,97,6,446,0,0,123,9,132,289,54,220,15,578,0,0,0,578
08/12/2021,RDU,NC,ASO,EN,Combined TRACON& Tower with Radar,303,67,95,10,475,0,1,139,8,148,303,68,234,18,623,0,0,0,623
08/13/2021,RDU,NC,ASO,EN,Combined TRACON& Tower with Radar,296,45,86,0,427,0,0,118,4,122,296,45,204,4,549,0,0,0,549
08/14/2021,RDU,NC,ASO,EN,Combined TRACON& Tower with Radar,239,24,56,0,319,0,0,61,2,63,239,24,117,2,382,0,0,0,382
08/15/2021,RDU,NC,ASO,EN,Combined TRACON& Tower with Radar,281,42,65,0,388,0,0,25,0,25,281,42,90,0,413,0,0,0,413
08/16/2021,RDU,NC,ASO,EN,Combined TRACON& Tower with Radar,294,52,78,0,424,0,0,9,1,10,294,52,87,1,434,0,10,10,444
08/17/2021,RDU,NC,ASO,EN,Combined TRACON& Tower with Radar,284,50,91,1,426,1,1,9,3,14,285,51,100,4,440,8,0,8,448
08/18/2021,RDU,NC,ASO,EN,Combined TRACON& Tower with Radar,277,68,99,5,449,0,0,49,7,56,277,68,148,12,505,3,0,3,508
08/19/2021,RDU,NC,ASO,EN,Combined TRACON& Tower with Radar,299,55,108,0,462,0,0,119,11,130,299,55,227,11,592,0,0,0,592
08/20/2021,RDU,NC,ASO,EN,Combined TRACON& Tower with Radar,317,35,93,0,445,0,1,41,0,42,317,36,134,0,487,8,0,8,495
08/21/2021,RDU,NC,ASO,EN,Combined TRACON& Tower with Radar,266,44,71,0,381,0,1,64,0,65,266,45,135,0,446,14,0,14,460
08/22/2021,RDU,NC,ASO,EN,Combined TRACON& Tower with Radar,288,33,60,2,383,0,0,71,0,71,288,33,131,2,454,0,0,0,454
08/23/2021,RDU,NC,ASO,EN,Combined TRACON& Tower with Radar,292,25,96,6,419,0,0,107,10,117,292,25,203,16,536,6,0,6,542
08/24/2021,RDU,NC,ASO,EN,Combined TRACON& Tower with Radar,283,46,104,4,437,0,0,126,12,138,283,46,230,16,575,15,0,15,590
08/25/2021,RDU,NC,ASO,EN,Combined TRACON& Tower with Radar,274,38,85,4,401,0,0,90,9,99,274,38,175,13,500,12,0,12,512
08/26/2021,RDU,NC,ASO,EN,Combined TRACON& Tower with Radar,304,39,97,4,444,0,0,157,7,164,304,39,254,11,608,0,0,0,608
08/27/2021,RDU,NC,ASO,EN,Combined TRACON& Tower with Radar,301,23,79,2,405,0,0,133,1,134,301,23,212,3,539,21,0,21,560
08/28/2021,RDU,NC,ASO,EN,Combined TRACON& Tower with Radar,265,16,53,0,334,0,0,130,0,130,265,16,183,0,464,0,0,0,464
08/29/2021,RDU,NC,ASO,EN,Combined TRACON& Tower with Radar,287,35,47,0,369,0,0,53,0,53,287,35,100,0,422,0,0,0,422
08/30/2021,RDU,NC,ASO,EN,Combined TRACON& Tower with Radar,291,29,52,0,372,0,0,103,6,109,291,29,155,6,481,0,0,0,481
08/31/2021,RDU,NC,ASO,EN,Combined TRACON& Tower with Radar,283,46,69,7,405,0,1,110,11,122,283,47,179,18,527,0,0,0,527
09/01/2021,RDU,NC,ASO,EN,Combined TRACON& Tower with Radar,274,26,49,0,349,0,0,3,0,3,274,26,52,0,352,0,0,0,352
09/02/2021,RDU,NC,ASO,EN,Combined TRACON& Tower with Radar,307,28,107,4,446,0,1,123,7,131,307,29,230,11,577,0,0,0,577
09/03/2021,RDU,NC,ASO,EN,Combined TRACON& Tower with Radar,308,49,94,3,454,0,1,117,2,120,308,50,211,5,574,0,0,0,574
09/04/2021,RDU,NC,ASO,EN,Combined TRACON& Tower with Radar,250,23,60,0,333,0,0,83,0,83,250,23,143,0,416,20,0,20,436
09/05/2021,RDU,NC,ASO,EN,Combined TRACON& Tower with Radar,243,15,43,0,301,0,1,43,0,44,243,16,86,0,345,0,0,0,345
09/06/2021,RDU,NC,ASO,EN,Combined TRACON& Tower with Radar,272,29,95,1,397,0,0,108,1,109,272,29,203,2,506,6,0,6,512
09/07/2021,RDU,NC,ASO,EN,Combined TRACON& Tower with Radar,260,44,81,2,387,0,0,120,18,138,260,44,201,20,525,12,0,12,537
09/08/2021,RDU,NC,ASO,EN,Combined TRACON& Tower with Radar,270,64,73,3,410,0,0,38,4,42,270,64,111,7,452,0,0,0,452
09/09/2021,RDU,NC,ASO,EN,Combined TRACON& Tower with Radar,305,49,114,6,474,0,0,25,6,31,305,49,139,12,505,0,0,0,505
09/10/2021,RDU,NC,ASO,EN,Combined TRACON& Tower with Radar,304,52,99,5,460,0,2,138,5,145,304,54,237,10,605,0,0,0,605
09/11/2021,RDU,NC,ASO,EN,Combined TRACON& Tower with Radar,239,22,58,2,321,0,0,134,5,139,239,22,192,7,460,0,0,0,460
09/12/2021,RDU,NC,ASO,EN,Combined TRACON& Tower with Radar,300,33,82,2,417,0,0,81,5,86,300,33,163,7,503,0,0,0,503
09/13/2021,RDU,NC,ASO,EN,Combined TRACON& Tower with Radar,300,47,85,4,436,0,0,108,1,109,300,47,193,5,545,0,0,0,545
09/14/2021,RDU,NC,ASO,EN,Combined TRACON& Tower with Radar,278,54,88,1,421,0,1,110,7,118,278,55,198,8,539,0,0,0,539
09/15/2021,RDU,NC,ASO,EN,Combined TRACON& Tower with Radar,286,46,110,5,447,0,2,53,7,62,286,48,163,12,509,0,0,0,509
09/16/2021,RDU,NC,ASO,EN,Combined TRACON& Tower with Radar,316,55,119,3,493,0,0,78,11,89,316,55,197,14,582,0,0,0,582
09/17/2021,RDU,NC,ASO,EN,Combined TRACON& Tower with Radar,322,50,119,3,494,0,0,20,2,22,322,50,139,5,516,0,0,0,516
09/18/2021,RDU,NC,ASO,EN,Combined TRACON& Tower with Radar,251,34,104,3,392,0,0,34,4,38,251,34,138,7,430,0,0,0,430
09/19/2021,RDU,NC,ASO,EN,Combined TRACON& Tower with Radar,306,47,109,3,465,0,0,78,0,78,306,47,187,3,543,10,0,10,553
09/20/2021,RDU,NC,ASO,EN,Combined TRACON& Tower with Radar,297,32,116,1,446,0,0,58,10,68,297,32,174,11,514,12,0,12,526
09/21/2021,RDU,NC,ASO,EN,Combined TRACON& Tower with Radar,279,38,74,2,393,0,2,7,1,10,279,40,81,3,403,0,0,0,403
09/22/2021,RDU,NC,ASO,EN,Combined TRACON& Tower with Radar,281,29,71,0,381,0,0,1,0,1,281,29,72,0,382,0,0,0,382
09/23/2021,RDU,NC,ASO,EN,Combined TRACON& Tower with Radar,292,42,107,2,443,0,0,158,13,171,292,42,265,15,614,0,0,0,614
09/24/2021,RDU,NC,ASO,EN,Combined TRACON& Tower with Radar,305,67,107,2,481,0,1,177,10,188,305,68,284,12,669,0,0,0,669
09/25/2021,RDU,NC,ASO,EN,Combined TRACON& Tower with Radar,250,36,87,2,375,0,0,174,0,174,250,36,261,2,549,8,0,8,557
09/26/2021,RDU,NC,ASO,EN,Combined TRACON& Tower with Radar,305,49,93,0,447,0,1,94,0,95,305,50,187,0,542,0,0,0,542
09/27/2021,RDU,NC,ASO,EN,Combined TRACON& Tower with Radar,299,32,72,6,409,0,0,127,11,138,299,32,199,17,547,0,0,0,547
09/28/2021,RDU,NC,ASO,EN,Combined TRACON& Tower with Radar,275,37,85,4,401,0,0,143,27,170,275,37,228,31,571,4,0,4,575
09/29/2021,RDU,NC,ASO,EN,Combined TRACON& Tower with Radar,280,53,112,4,449,0,0,151,10,161,280,53,263,14,610,0,0,0,610
09/30/2021,RDU,NC,ASO,EN,Combined TRACON& Tower with Radar,315,52,151,3,521,0,1,105,9,115,315,53,256,12,636,9,0,9,645
10/01/2021,RDU,NC,ASO,EN,Combined TRACON& Tower with Radar,322,60,120,0,502,0,1,117,5,123,322,61,237,5,625,0,0,0,625
10/02/2021,RDU,NC,ASO,EN,Combined TRACON& Tower with Radar,239,40,68,0,347,0,0,104,0,104,239,40,172,0,451,0,0,0,451
10/03/2021,RDU,NC,ASO,EN,Combined TRACON& Tower with Radar,297,65,98,0,460,0,0,57,3,60,297,65,155,3,520,0,0,0,520
10/04/2021,RDU,NC,ASO,EN,Combined TRACON& Tower with Radar,299,45,105,3,452,0,0,49,13,62,299,45,154,16,514,0,0,0,514
10/05/2021,RDU,NC,ASO,EN,Combined TRACON& Tower with Radar,279,49,102,2,432,0,1,53,6,60,279,50,155,8,492,0,0,0,492
10/06/2021,RDU,NC,ASO,EN,Combined TRACON& Tower with Radar,291,52,131,1,475,0,0,46,8,54,291,52,177,9,529,0,0,0,529
10/07/2021,RDU,NC,ASO,EN,Combined TRACON& Tower with Radar,324,48,153,0,525,0,0,2,4,6,324,48,155,4,531,0,0,0,531
10/08/2021,RDU,NC,ASO,EN,Combined TRACON& Tower with Radar,311,55,134,0,500,0,1,13,0,14,311,56,147,0,514,0,0,0,514
10/09/2021,RDU,NC,ASO,EN,Combined TRACON& Tower with Radar,256,39,56,0,351,0,0,0,0,0,256,39,56,0,351,0,0,0,351
10/10/2021,RDU,NC,ASO,EN,Combined TRACON& Tower with Radar,282,44,97,1,424,0,0,4,0,4,282,44,101,1,428,0,0,0,428
10/11/2021,RDU,NC,ASO,EN,Combined TRACON& Tower with Radar,312,41,132,2,487,0,0,20,0,20,312,41,152,2,507,0,0,0,507
10/12/2021,RDU,NC,ASO,EN,Combined TRACON& Tower with Radar,309,44,142,4,499,0,0,19,4,23,309,44,161,8,522,10,10,20,542
10/13/2021,RDU,NC,ASO,EN,Combined TRACON& Tower with Radar,299,79,149,13,540,0,3,154,8,165,299,82,303,21,705,28,4,32,737
10/14/2021,RDU,NC,ASO,EN,Combined TRACON& Tower with Radar,340,61,119,4,524,0,1,154,11,166,340,62,273,15,690,0,0,0,690
10/15/2021,RDU,NC,ASO,EN,Combined TRACON& Tower with Radar,335,91,120,7,553,0,1,161,7,169,335,92,281,14,722,12,0,12,734
10/16/2021,RDU,NC,ASO,EN,Combined TRACON& Tower with Radar,262,42,63,1,368,0,0,51,7,58,262,42,114,8,426,0,0,0,426
10/17/2021,RDU,NC,ASO,EN,Combined TRACON& Tower with Radar,319,90,106,2,517,0,1,58,0,59,319,91,164,2,576,0,0,0,576
10/18/2021,RDU,NC,ASO,EN,Combined TRACON& Tower with Radar,315,35,102,2,454,0,0,141,2,143,315,35,243,4,597,0,0,0,597
10/19/2021,RDU,NC,ASO,EN,Combined TRACON& Tower with Radar,305,51,85,8,449,0,0,170,14,184,305,51,255,22,633,0,0,0,633
10/20/2021,RDU,NC,ASO,EN,Combined TRACON& Tower with Radar,300,51,117,7,475,0,0,153,6,159,300,51,270,13,634,2,0,2,636
10/21/2021,RDU,NC,ASO,EN,Combined TRACON& Tower with Radar,334,45,96,9,484,0,0,160,10,170,334,45,256,19,654,0,0,0,654
10/22/2021,RDU,NC,ASO,EN,Combined TRACON& Tower with Radar,326,57,112,0,495,0,0,58,2,60,326,57,170,2,555,0,0,0,555
10/23/2021,RDU,NC,ASO,EN,Combined TRACON& Tower with Radar,263,28,62,0,353,0,0,145,0,145,263,28,207,0,498,0,0,0,498
10/24/2021,RDU,NC,ASO,EN,Combined TRACON& Tower with Radar,315,43,75,2,435,0,0,89,7,96,315,43,164,9,531,0,0,0,531
10/25/2021,RDU,NC,ASO,EN,Combined TRACON& Tower with Radar,313,34,95,0,442,0,0,44,6,50,313,34,139,6,492,30,0,30,522
10/26/2021,RDU,NC,ASO,EN,Combined TRACON& Tower with Radar,302,40,65,4,411,0,1,61,6,68,302,41,126,10,479,6,0,6,485
10/27/2021,RDU,NC,ASO,EN,Combined TRACON& Tower with Radar,303,43,97,6,449,0,0,182,10,192,303,43,279,16,641,6,0,6,647
10/28/2021,RDU,NC,ASO,EN,Combined TRACON& Tower with Radar,324,35,113,2,474,0,0,124,8,132,324,35,237,10,606,28,0,28,634
10/29/2021,RDU,NC,ASO,EN,Combined TRACON& Tower with Radar,335,50,118,0,503,0,0,83,4,87,335,50,201,4,590,0,0,0,590
10/30/2021,RDU,NC,ASO,EN,Combined TRACON& Tower with Radar,252,39,95,0,386,0,0,44,2,46,252,39,139,2,432,42,0,42,474
10/31/2021,RDU,NC,ASO,EN,Combined TRACON& Tower with Radar,245,24,91,0,360,0,0,61,0,61,245,24,152,0,421,0,0,0,421
11/01/2021,RDU,NC,ASO,EN,Combined TRACON& Tower with Radar,301,42,98,7,448,0,0,150,4,154,301,42,248,11,602,14,0,14,616
11/02/2021,RDU,NC,ASO,EN,Combined TRACON& Tower with Radar,310,40,114,8,472,0,0,148,9,157,310,40,262,17,629,0,0,0,629
11/03/2021,RDU,NC,ASO,EN,Combined TRACON& Tower with Radar,322,50,117,11,500,0,0,126,13,139,322,50,243,24,639,18,0,18,657
11/04/2021,RDU,NC,ASO,EN,Combined TRACON& Tower with Radar,348,59,88,4,499,0,0,39,5,44,348,59,127,9,543,0,0,0,543
11/05/2021,RDU,NC,ASO,EN,Combined TRACON& Tower with Radar,342,54,134,5,535,0,1,175,2,178,342,55,309,7,713,12,0,12,725
11/06/2021,RDU,NC,ASO,EN,Combined TRACON& Tower with Radar,268,32,78,2,380,0,0,34,2,36,268,32,112,4,416,0,0,0,416
11/07/2021,RDU,NC,ASO,EN,Combined TRACON& Tower with Radar,327,39,85,5,456,0,0,36,2,38,327,39,121,7,494,0,0,0,494
11/08/2021,RDU,NC,ASO,EN,Combined TRACON& Tower with Radar,343,33,86,12,474,0,1,130,5,136,343,34,216,17,610,6,0,6,616
11/09/2021,RDU,NC,ASO,EN,Combined TRACON& Tower with Radar,319,47,99,4,469,0,2,188,20,210,319,49,287,24,679,0,0,0,679
11/10/2021,RDU,NC,ASO,EN,Combined TRACON& Tower with Radar,330,53,122,2,507,0,1,163,10,174,330,54,285,12,681,6,88,94,775
11/11/2021,RDU,NC,ASO,EN,Combined TRACON& Tower with Radar,366,50,146,1,563,0,0,125,2,127,366,50,271,3,690,14,0,14,704
11/12/2021,RDU,NC,ASO,EN,Combined TRACON& Tower with Radar,306,45,127,2,480,0,0,119,6,125,306,45,246,8,605,0,0,0,605
11/13/2021,RDU,NC,ASO,EN,Combined TRACON& Tower with Radar,269,35,75,0,379,0,0,106,0,106,269,35,181,0,485,0,0,0,485
11/14/2021,RDU,NC,ASO,EN,Combined TRACON& Tower with Radar,325,35,99,0,459,0,1,78,0,79,325,36,177,0,538,8,0,8,546
11/15/2021,RDU,NC,ASO,EN,Combined TRACON& Tower with Radar,344,32,80,10,466,0,0,73,23,96,344,32,153,33,562,0,0,0,562
11/16/2021,RDU,NC,ASO,EN,Combined TRACON& Tower with Radar,321,39,112,7,479,0,0,99,26,125,321,39,211,33,604,18,0,18,622
11/17/2021,RDU,NC,ASO,EN,Combined TRACON& Tower with Radar,330,64,153,14,561,0,0,84,16,100,330,64,237,30,661,0,0,0,661
11/18/2021,RDU,NC,ASO,EN,Combined TRACON& Tower with Radar,362,45,142,13,562,0,1,44,18,63,362,46,186,31,625,0,0,0,625
11/19/2021,RDU,NC,ASO,EN,Combined TRACON& Tower with Radar,354,49,130,5,538,0,0,90,11,101,354,49,220,16,639,0,0,0,639
11/20/2021,RDU,NC,ASO,EN,Combined TRACON& Tower with Radar,284,39,86,1,410,0,0,111,5,116,284,39,197,6,526,0,0,0,526
11/21/2021,RDU,NC,ASO,EN,Combined TRACON& Tower with Radar,340,60,80,2,482,0,0,79,2,81,340,60,159,4,563,0,0,0,563
11/22/2021,RDU,NC,ASO,EN,Combined TRACON& Tower with Radar,325,46,88,4,463,0,0,23,12,35,325,46,111,16,498,0,0,0,498
11/23/2021,RDU,NC,ASO,EN,Combined TRACON& Tower with Radar,356,57,122,6,541,0,4,80,13,97,356,61,202,19,638,0,0,0,638
11/24/2021,RDU,NC,ASO,EN,Combined TRACON& Tower with Radar,367,40,99,0,506,0,0,72,5,77,367,40,171,5,583,0,0,0,583
11/25/2021,RDU,NC,ASO,EN,Combined TRACON& Tower with Radar,192,21,30,0,243,0,0,22,1,23,192,21,52,1,266,0,0,0,266
11/26/2021,RDU,NC,ASO,EN,Combined TRACON& Tower with Radar,246,44,58,4,352,0,0,18,6,24,246,44,76,10,376,0,0,0,376
11/27/2021,RDU,NC,ASO,EN,Combined TRACON& Tower with Radar,301,38,87,0,426,0,1,74,0,75,301,39,161,0,501,0,0,0,501
11/28/2021,RDU,NC,ASO,EN,Combined TRACON& Tower with Radar,367,69,123,2,561,0,2,60,0,62,367,71,183,2,623,0,0,0,623
11/29/2021,RDU,NC,ASO,EN,Combined TRACON& Tower with Radar,362,47,98,7,514,0,0,31,15,46,362,47,129,22,560,0,0,0,560
11/30/2021,RDU,NC,ASO,EN,Combined TRACON& Tower with Radar,347,38,115,5,505,0,0,71,12,83,347,38,186,17,588,0,0,0,588
12/01/2021,RDU,NC,ASO,EN,Combined TRACON& Tower with Radar,334,51,114,6,505,0,3,71,21,95,334,54,185,27,600,8,8,16,616
12/02/2021,RDU,NC,ASO,EN,Combined TRACON& Tower with Radar,357,50,104,3,514,0,2,74,13,89,357,52,178,16,603,0,0,0,603
12/03/2021,RDU,NC,ASO,EN,Combined TRACON& Tower with Radar,358,48,85,2,493,0,0,91,2,93,358,48,176,4,586,0,0,0,586
12/04/2021,RDU,NC,ASO,EN,Combined TRACON& Tower with Radar,271,37,69,2,379,0,2,95,0,97,271,39,164,2,476,0,0,0,476
12/05/2021,RDU,NC,ASO,EN,Combined TRACON& Tower with Radar,325,35,99,0,459,0,1,78,0,79,325,36,177,0,538,0,0,0,538
12/06/2021,RDU,NC,ASO,EN,Combined TRACON& Tower with Radar,258,36,56,7,357,0,0,28,4,32,258,36,84,11,389,0,0,0,389
12/07/2021,RDU,NC,ASO,EN,Combined TRACON& Tower with Radar,330,59,79,10,478,0,0,69,16,85,330,59,148,26,563,0,0,0,563
12/08/2021,RDU,NC,ASO,EN,Combined TRACON& Tower with Radar,314,41,90,10,455,0,0,14,14,28,314,41,104,24,483,0,20,20,503
12/09/2021,RDU,NC,ASO,EN,Combined TRACON& Tower with Radar,353,45,105,7,510,0,1,109,21,131,353,46,214,28,641,0,0,0,641
12/10/2021,RDU,NC,ASO,EN,Combined TRACON& Tower with Radar,348,34,119,0,501,0,0,16,4,20,348,34,135,4,521,0,0,0,521
12/11/2021,RDU,NC,ASO,EN,Combined TRACON& Tower with Radar,259,35,53,2,349,0,0,2,0,2,259,35,55,2,351,0,0,0,351
12/12/2021,RDU,NC,ASO,EN,Combined TRACON& Tower with Radar,331,40,91,4,466,0,0,108,1,109,331,40,199,5,575,0,0,0,575
12/13/2021,RDU,NC,ASO,EN,Combined TRACON& Tower with Radar,325,30,84,11,450,0,1,115,8,124,325,31,199,19,574,0,0,0,574
12/14/2021,RDU,NC,ASO,EN,Combined TRACON& Tower with Radar,327,29,97,4,457,0,0,76,19,95,327,29,173,23,552,0,0,0,552
12/15/2021,RDU,NC,ASO,EN,Combined TRACON& Tower with Radar,315,47,94,11,467,0,1,44,18,63,315,48,138,29,530,0,0,0,530
12/16/2021,RDU,NC,ASO,EN,Combined TRACON& Tower with Radar,341,56,138,1,536,0,0,57,12,69,341,56,195,13,605,0,0,0,605
12/17/2021,RDU,NC,ASO,EN,Combined TRACON& Tower with Radar,335,37,116,0,488,0,0,54,6,60,335,37,170,6,548,0,0,0,548
12/18/2021,RDU,NC,ASO,EN,Combined TRACON& Tower with Radar,290,31,47,2,370,0,0,10,0,10,290,31,57,2,380,8,0,8,388
12/19/2021,RDU,NC,ASO,EN,Combined TRACON& Tower with Radar,310,19,43,0,372,0,0,1,0,1,310,19,44,0,373,0,0,0,373
12/20/2021,RDU,NC,ASO,EN,Combined TRACON& Tower with Radar,312,42,89,2,445,0,1,74,2,77,312,43,163,4,522,0,0,0,522
12/21/2021,RDU,NC,ASO,EN,Combined TRACON& Tower with Radar,337,43,78,0,458,0,0,8,2,10,337,43,86,2,468,0,0,0,468
12/22/2021,RDU,NC,ASO,EN,Combined TRACON& Tower with Radar,319,45,120,1,485,0,0,46,5,51,319,45,166,6,536,0,8,8,544
12/23/2021,RDU,NC,ASO,EN,Combined TRACON& Tower with Radar,349,53,66,0,468,0,1,94,5,100,349,54,160,5,568,10,0,10,578
12/24/2021,RDU,NC,ASO,EN,Combined TRACON& Tower with Radar,237,21,25,0,283,0,1,34,0,35,237,22,59,0,318,16,0,16,334
12/25/2021,RDU,NC,ASO,EN,Combined TRACON& Tower with Radar,210,28,10,0,248,0,0,7,0,7,210,28,17,0,255,0,0,0,255
12/26/2021,RDU,NC,ASO,EN,Combined TRACON& Tower with Radar,282,23,61,0,366,0,0,49,0,49,282,23,110,0,415,0,0,0,415
12/27/2021,RDU,NC,ASO,EN,Combined TRACON& Tower with Radar,274,38,82,0,394,0,0,31,5,36,274,38,113,5,430,0,0,0,430
12/28/2021,RDU,NC,ASO,EN,Combined TRACON& Tower with Radar,303,42,72,0,417,0,0,43,17,60,303,42,115,17,477,0,0,0,477
12/29/2021,RDU,NC,ASO,EN,Combined TRACON& Tower with Radar,294,40,67,0,401,0,0,17,16,33,294,40,84,16,434,8,0,8,442
12/30/2021,RDU,NC,ASO,EN,Combined TRACON& Tower with Radar,320,45,55,2,422,0,0,10,1,11,320,45,65,3,433,0,0,0,433
12/31/2021,RDU,NC,ASO,EN,Combined TRACON& Tower with Radar,237,31,53,0,321,0,0,31,1,32,237,31,84,1,353,0,0,0,353
01/01/2022,RDU,NC,ASO,EN,Combined TRACON& Tower with Radar,209,19,48,0,276,0,0,5,1,6,209,19,53,1,282,0,0,0,282
01/02/2022,RDU,NC,ASO,EN,Combined TRACON& Tower with Radar,285,32,63,2,382,0,0,3,0,3,285,32,66,2,385,0,0,0,385
01/03/2022,RDU,NC,ASO,EN,Combined TRACON& Tower with Radar,280,33,47,2,362,0,0,7,1,8,280,33,54,3,370,0,0,0,370
01/04/2022,RDU,NC,ASO,EN,Combined TRACON& Tower with Radar,299,47,91,2,439,0,0,85,27,112,299,47,176,29,551,0,0,0,551
01/05/2022,RDU,NC,ASO,EN,Combined TRACON& Tower with Radar,297,40,87,2,426,0,0,42,14,56,297,40,129,16,482,0,0,0,482
01/06/2022,RDU,NC,ASO,EN,Combined TRACON& Tower with Radar,300,37,51,17,405,0,1,80,8,89,300,38,131,25,494,18,0,18,512
01/07/2022,RDU,NC,ASO,EN,Combined TRACON& Tower with Radar,269,39,55,5,368,0,0,47,8,55,269,39,102,13,423,0,0,0,423
01/08/2022,RDU,NC,ASO,EN,Combined TRACON& Tower with Radar,229,34,68,2,333,0,5,73,13,91,229,39,141,15,424,0,0,0,424
01/09/2022,RDU,NC,ASO,EN,Combined TRACON& Tower with Radar,298,31,54,2,385,0,0,11,6,17,298,31,65,8,402,0,0,0,402
01/10/2022,RDU,NC,ASO,EN,Combined TRACON& Tower with Radar,302,21,61,3,387,0,2,50,10,62,302,23,111,13,449,0,0,0,449
01/11/2022,RDU,NC,ASO,EN,Combined TRACON& Tower with Radar,301,34,82,8,425,0,1,66,24,91,301,35,148,32,516,14,0,14,530
01/12/2022,RDU,NC,ASO,EN,Combined TRACON& Tower with Radar,312,37,66,2,417,0,0,74,19,93,312,37,140,21,510,0,0,0,510
01/13/2022,RDU,NC,ASO,EN,Combined TRACON& Tower with Radar,333,37,65,4,439,0,1,81,7,89,333,38,146,11,528,0,0,0,528
01/14/2022,RDU,NC,ASO,EN,Combined TRACON& Tower with Radar,323,39,73,0,435,0,1,70,2,73,323,40,143,2,508,0,0,0,508
01/15/2022,RDU,NC,ASO,EN,Combined TRACON& Tower with Radar,217,60,62,0,339,0,2,50,0,52,217,62,112,0,391,0,0,0,391
01/16/2022,RDU,NC,ASO,EN,Combined TRACON& Tower with Radar,89,5,6,0,100,0,0,0,0,0,89,5,6,0,100,0,0,0,100
01/17/2022,RDU,NC,ASO,EN,Combined TRACON& Tower with Radar,281,40,35,0,356,0,1,15,4,20,281,41,50,4,376,0,0,0,376
01/18/2022,RDU,NC,ASO,EN,Combined TRACON& Tower with Radar,307,36,74,10,427,0,1,69,28,98,307,37,143,38,525,0,0,0,525
01/19/2022,RDU,NC,ASO,EN,Combined TRACON& Tower with Radar,314,29,88,1,432,0,1,76,25,102,314,30,164,26,534,0,8,8,542
01/20/2022,RDU,NC,ASO,EN,Combined TRACON& Tower with Radar,313,24,83,0,420,0,0,22,0,22,313,24,105,0,442,0,0,0,442
01/21/2022,RDU,NC,ASO,EN,Combined TRACON& Tower with Radar,237,33,45,2,317,0,0,8,5,13,237,33,53,7,330,0,0,0,330
01/22/2022,RDU,NC,ASO,EN,Combined TRACON& Tower with Radar,233,34,63,0,330,0,0,22,10,32,233,34,85,10,362,0,0,0,362
01/23/2022,RDU,NC,ASO,EN,Combined TRACON& Tower with Radar,297,33,73,0,403,0,3,76,0,79,297,36,149,0,482,0,0,0,482
01/24/2022,RDU,NC,ASO,EN,Combined TRACON& Tower with Radar,310,32,76,13,431,0,2,93,17,112,310,34,169,30,543,0,0,0,543
01/25/2022,RDU,NC,ASO,EN,Combined TRACON& Tower with Radar,312,53,96,7,468,0,2,98,26,126,312,55,194,33,594,18,0,18,612
01/26/2022,RDU,NC,ASO,EN,Combined TRACON& Tower with Radar,315,47,102,10,474,0,0,68,20,88,315,47,170,30,562,0,0,0,562
01/27/2022,RDU,NC,ASO,EN,Combined TRACON& Tower with Radar,325,41,84,4,454,0,0,82,16,98,325,41,166,20,552,0,0,0,552
01/28/2022,RDU,NC,ASO,EN,Combined TRACON& Tower with Radar,303,48,77,3,431,0,0,53,2,55,303,48,130,5,486,0,0,0,486
01/29/2022,RDU,NC,ASO,EN,Combined TRACON& Tower with Radar,191,14,24,4,233,0,0,6,2,8,191,14,30,6,241,0,0,0,241
01/30/2022,RDU,NC,ASO,EN,Combined TRACON& Tower with Radar,270,24,67,1,362,0,0,91,0,91,270,24,158,1,453,8,0,8,461
01/31/2022,RDU,NC,ASO,EN,Combined TRACON& Tower with Radar,313,29,75,3,420,0,0,115,12,127,313,29,190,15,547,0,0,0,547
02/01/2022,RDU,NC,ASO,EN,Combined TRACON& Tower with Radar,313,38,89,4,444,0,1,85,16,102,313,39,174,20,546,8,0,8,554
02/02/2022,RDU,NC,ASO,EN,Combined TRACON& Tower with Radar,308,47,95,3,453,0,0,68,19,87,308,47,163,22,540,0,0,0,540
02/03/2022,RDU,NC,ASO,EN,Combined TRACON& Tower with Radar,304,55,76,5,440,0,0,8,5,13,304,55,84,10,453,0,0,0,453
02/04/2022,RDU,NC,ASO,EN,Combined TRACON& Tower with Radar,267,44,64,4,379,0,0,4,0,4,267,44,68,4,383,0,0,0,383
02/05/2022,RDU,NC,ASO,EN,Combined TRACON& Tower with Radar,230,49,85,1,365,0,2,61,7,70,230,51,146,8,435,0,0,0,435
02/06/2022,RDU,NC,ASO,EN,Combined TRACON& Tower with Radar,298,45,83,1,427,0,1,104,8,113,298,46,187,9,540,0,0,0,540
02/07/2022,RDU,NC,ASO,EN,Combined TRACON& Tower with Radar,313,78,72,3,466,0,0,0,0,0,313,78,72,3,466,0,0,0,466
02/08/2022,RDU,NC,ASO,EN,Combined TRACON& Tower with Radar,314,57,98,4,473,0,0,68,17,85,314,57,166,21,558,0,0,0,558
02/09/2022,RDU,NC,ASO,EN,Combined TRACON& Tower with Radar,317,39,98,11,465,0,0,103,24,127,317,39,201,35,592,0,0,0,592
02/10/2022,RDU,NC,ASO,EN,Combined TRACON& Tower with Radar,329,35,100,3,467,0,0,82,16,98,329,35,182,19,565,0,0,0,565
02/11/2022,RDU,NC,ASO,EN,Combined TRACON& Tower with Radar,325,46,93,5,469,0,0,93,11,104,325,46,186,16,573,30,0,30,603
02/12/2022,RDU,NC,ASO,EN,Combined TRACON& Tower with Radar,256,27,51,4,338,0,0,91,1,92,256,27,142,5,430,0,0,0,430
02/13/2022,RDU,NC,ASO,EN,Combined TRACON& Tower with Radar,273,21,33,0,327,0,0,5,0,5,273,21,38,0,332,0,0,0,332
02/14/2022,RDU,NC,ASO,EN,Combined TRACON& Tower with Radar,317,39,65,1,422,0,0,60,6,66,317,39,125,7,488,0,0,0,488
02/15/2022,RDU,NC,ASO,EN,Combined TRACON& Tower with Radar,315,63,132,4,514,0,0,90,18,108,315,63,222,22,622,8,0,8,630
02/16/2022,RDU,NC,ASO,EN,Combined TRACON& Tower with Radar,319,51,120,4,494,0,0,77,24,101,319,51,197,28,595,0,0,0,595
02/17/2022,RDU,NC,ASO,EN,Combined TRACON& Tower with Radar,330,35,101,8,474,0,0,24,13,37,330,35,125,21,511,0,0,0,511
02/18/2022,RDU,NC,ASO,EN,Combined TRACON& Tower with Radar,328,55,125,0,508,0,0,20,2,22,328,55,145,2,530,0,0,0,530
02/19/2022,RDU,NC,ASO,EN,Combined TRACON& Tower with Radar,251,54,73,0,378,0,0,56,0,56,251,54,129,0,434,0,0,0,434
02/20/2022,RDU,NC,ASO,EN,Combined TRACON& Tower with Radar,292,49,74,0,415,0,2,83,0,85,292,51,157,0,500,0,0,0,500
02/21/2022,RDU,NC,ASO,EN,Combined TRACON& Tower with Radar,324,39,129,0,492,0,0,69,6,75,324,39,198,6,567,0,0,0,567
02/22/2022,RDU,NC,ASO,EN,Combined TRACON& Tower with Radar,319,53,98,2,472,0,0,26,21,47,319,53,124,23,519,0,0,0,519
02/23/2022,RDU,NC,ASO,EN,Combined TRACON& Tower with Radar,313,52,93,5,463,0,0,20,4,24,313,52,113,9,487,0,0,0,487
02/24/2022,RDU,NC,ASO,EN,Combined TRACON& Tower with Radar,327,42,104,7,480,0,0,4,4,8,327,42,108,11,488,0,0,0,488
02/25/2022,RDU,NC,ASO,EN,Combined TRACON& Tower with Radar,326,47,60,3,436,0,0,26,5,31,326,47,86,8,467,0,0,0,467
02/26/2022,RDU,NC,ASO,EN,Combined TRACON& Tower with Radar,253,37,75,0,365,0,0,96,0,96,253,37,171,0,461,12,0,12,473
02/27/2022,RDU,NC,ASO,EN,Combined TRACON& Tower with Radar,305,27,56,0,388,0,0,3,0,3,305,27,59,0,391,0,0,0,391
02/28/2022,RDU,NC,ASO,EN,Combined TRACON& Tower with Radar,334,35,89,4,462,0,3,97,17,117,334,38,186,21,579,10,0,10,589
03/01/2022,RDU,NC,ASO,EN,Combined TRACON& Tower with Radar,330,38,90,12,470,0,0,124,16,140,330,38,214,28,610,0,0,0,610
03/02/2022,RDU,NC,ASO,EN,Combined TRACON& Tower with Radar,321,45,111,6,483,0,2,50,8,60,321,47,161,14,543,0,0,0,543
03/03/2022,RDU,NC,ASO,EN,Combined TRACON& Tower with Radar,332,62,91,5,490,0,3,87,10,100,332,65,178,15,590,0,0,0,590
03/04/2022,RDU,NC,ASO,EN,Combined TRACON& Tower with Radar,330,93,121,3,547,0,0,125,12,137,330,93,246,15,684,0,0,0,684
03/05/2022,RDU,NC,ASO,EN,Combined TRACON& Tower with Radar,251,164,150,3,568,0,0,25,11,36,251,164,175,14,604,0,0,0,604
03/06/2022,RDU,NC,ASO,EN,Combined TRACON& Tower with Radar,299,92,103,2,496,0,0,34,2,36,299,92,137,4,532,0,0,0,532
03/07/2022,RDU,NC,ASO,EN,Combined TRACON& Tower with Radar,313,34,68,1,416,0,0,9,2,11,313,34,77,3,427,0,0,0,427
03/08/2022,RDU,NC,ASO,EN,Combined TRACON& Tower with Radar,324,44,97,5,470,0,1,69,14,84,324,45,166,19,554,0,0,0,554
03/09/2022,RDU,NC,ASO,EN,Combined TRACON& Tower with Radar,313,42,65,2,422,0,0,0,0,0,313,42,65,2,422,0,0,0,422
03/10/2022,RDU,NC,ASO,EN,Combined TRACON& Tower with Radar,330,41,97,6,474,0,0,13,5,18,330,41,110,11,492,0,0,0,492
03/11/2022,RDU,NC,ASO,EN,Combined TRACON& Tower with Radar,319,43,97,4,463,0,0,25,0,25,319,43,122,4,488,0,0,0,488
03/12/2022,RDU,NC,ASO,EN,Combined TRACON& Tower with Radar,246,22,34,0,302,0,0,3,1,4,246,22,37,1,306,0,0,0,306
03/13/2022,RDU,NC,ASO,EN,Combined TRACON& Tower with Radar,299,40,88,0,427,0,0,90,0,90,299,40,178,0,517,0,0,0,517
03/14/2022,RDU,NC,ASO,EN,Combined TRACON& Tower with Radar,311,40,93,3,447,0,3,96,13,112,311,43,189,16,559,0,0,0,559
03/15/2022,RDU,NC,ASO,EN,Combined TRACON& Tower with Radar,329,36,95,5,465,0,0,107,21,128,329,36,202,26,593,0,0,0,593
03/16/2022,RDU,NC,ASO,EN,Combined TRACON& Tower with Radar,314,47,91,4,456,0,0,39,9,48,314,47,130,13,504,0,0,0,504
03/17/2022,RDU,NC,ASO,EN,Combined TRACON& Tower with Radar,332,41,83,0,456,0,0,14,8,22,332,41,97,8,478,0,0,0,478
03/18/2022,RDU,NC,ASO,EN,Combined TRACON& Tower with Radar,314,50,73,4,441,0,0,86,2,88,314,50,159,6,529,0,0,0,529
03/19/2022,RDU,NC,ASO,EN,Combined TRACON& Tower with Radar,245,20,53,1,319,0,0,6,0,6,245,20,59,1,325,0,0,0,325
03/20/2022,RDU,NC,ASO,EN,Combined TRACON& Tower with Radar,309,33,98,5,445,0,0,56,2,58,309,33,154,7,503,0,0,0,503
03/21/2022,RDU,NC,ASO,EN,Combined TRACON& Tower with Radar,311,33,102,10,456,0,1,110,15,126,311,34,212,25,582,12,0,12,594
03/22/2022,RDU,NC,ASO,EN,Combined TRACON& Tower with Radar,326,44,86,3,459,0,0,105,25,130,326,44,191,28,589,10,0,10,599
03/23/2022,RDU,NC,ASO,EN,Combined TRACON& Tower with Radar,309,37,69,8,423,0,0,12,3,15,309,37,81,11,438,0,0,0,438
03/24/2022,RDU,NC,ASO,EN,Combined TRACON& Tower with Radar,331,58,85,9,483,0,0,0,8,8,331,58,85,17,491,0,0,0,491
03/25/2022,RDU,NC,ASO,EN,Combined TRACON& Tower with Radar,327,54,90,4,475,0,0,76,5,81,327,54,166,9,556,12,0,12,568
03/26/2022,RDU,NC,ASO,EN,Combined TRACON& Tower with Radar,250,27,62,1,340,0,1,18,1,20,250,28,80,2,360,0,0,0,360
03/27/2022,RDU,NC,ASO,EN,Combined TRACON& Tower with Radar,315,41,81,0,437,0,0,64,0,64,315,41,145,0,501,0,0,0,501
03/28/2022,RDU,NC,ASO,EN,Combined TRACON& Tower with Radar,323,26,74,5,428,0,0,80,11,91,323,26,154,16,519,14,0,14,533
03/29/2022,RDU,NC,ASO,EN,Combined TRACON& Tower with Radar,336,47,94,15,492,0,0,113,20,133,336,47,207,35,625,6,0,6,631
03/30/2022,RDU,NC,ASO,EN,Combined TRACON& Tower with Radar,317,47,105,3,472,0,0,43,20,63,317,47,148,23,535,0,0,0,535
03/31/2022,RDU,NC,ASO,EN,Combined TRACON& Tower with Radar,330,46,49,4,429,0,0,2,2,4,330,46,51,6,433,0,0,0,433
04/01/2022,RDU,NC,ASO,EN,Combined TRACON& Tower with Radar,342,74,122,7,545,0,1,70,5,76,342,75,192,12,621,0,0,0,621
04/02/2022,RDU,NC,ASO,EN,Combined TRACON& Tower with Radar,229,53,95,2,379,0,1,108,6,115,229,54,203,8,494,0,0,0,494
04/03/2022,RDU,NC,ASO,EN,Combined TRACON& Tower with Radar,285,65,75,2,427,0,1,55,9,65,285,66,130,11,492,0,0,0,492
04/04/2022,RDU,NC,ASO,EN,Combined TRACON& Tower with Radar,333,56,94,2,485,0,0,110,16,126,333,56,204,18,611,0,0,0,611
04/05/2022,RDU,NC,ASO,EN,Combined TRACON& Tower with Radar,335,53,124,1,513,0,0,60,12,72,335,53,184,13,585,0,0,0,585
04/06/2022,RDU,NC,ASO,EN,Combined TRACON& Tower with Radar,326,50,106,12,494,0,0,62,13,75,326,50,168,25,569,0,0,0,569
04/07/2022,RDU,NC,ASO,EN,Combined TRACON& Tower with Radar,313,52,110,2,477,0,0,12,24,36,313,52,122,26,513,0,0,0,513
04/08/2022,RDU,NC,ASO,EN,Combined TRACON& Tower with Radar,326,69,119,0,514,0,0,63,6,69,326,69,182,6,583,0,0,0,583
04/09/2022,RDU,NC,ASO,EN,Combined TRACON& Tower with Radar,254,43,90,0,387,0,1,55,3,59,254,44,145,3,446,0,0,0,446
04/10/2022,RDU,NC,ASO,EN,Combined TRACON& Tower with Radar,303,37,106,3,449,0,0,54,3,57,303,37,160,6,506,0,0,0,506
04/11/2022,RDU,NC,ASO,EN,Combined TRACON& Tower with Radar,331,45,94,0,470,0,0,79,1,80,331,45,173,1,550,20,0,20,570
04/12/2022,RDU,NC,ASO,EN,Combined TRACON& Tower with Radar,338,42,88,5,473,0,0,98,19,117,338,42,186,24,590,0,0,0,590
04/13/2022,RDU,NC,ASO,EN,Combined TRACON& Tower with Radar,324,49,122,1,496,0,0,86,13,99,324,49,208,14,595,0,0,0,595
04/14/2022,RDU,NC,ASO,EN,Combined TRACON& Tower with Radar,342,80,123,6,551,0,0,16,14,30,342,80,139,20,581,0,0,0,581
04/15/2022,RDU,NC,ASO,EN,Combined TRACON& Tower with Radar,336,48,98,1,483,0,1,105,7,113,336,49,203,8,596,0,0,0,596
04/16/2022,RDU,NC,ASO,EN,Combined TRACON& Tower with Radar,260,45,84,0,389,0,0,50,2,52,260,45,134,2,441,0,0,0,441
04/17/2022,RDU,NC,ASO,EN,Combined TRACON& Tower with Radar,302,49,78,0,429,0,0,67,0,67,302,49,145,0,496,0,0,0,496
04/18/2022,RDU,NC,ASO,EN,Combined TRACON& Tower with Radar,321,43,88,0,452,0,0,0,0,0,321,43,88,0,452,0,0,0,452
04/19/2022,RDU,NC,ASO,EN,Combined TRACON& Tower with Radar,351,54,81,5,491,0,1,52,23,76,351,55,133,28,567,0,0,0,567
04/20/2022,RDU,NC,ASO,EN,Combined TRACON& Tower with Radar,326,43,121,7,497,0,0,136,20,156,326,43,257,27,653,0,0,0,653
04/21/2022,RDU,NC,ASO,EN,Combined TRACON& Tower with Radar,351,47,99,3,500,0,0,122,19,141,351,47,221,22,641,0,0,0,641
04/22/2022,RDU,NC,ASO,EN,Combined TRACON& Tower with Radar,344,31,102,3,480,0,0,98,0,98,344,31,200,3,578,0,0,0,578
04/23/2022,RDU,NC,ASO,EN,Combined TRACON& Tower with Radar,256,27,68,1,352,0,1,107,0,108,256,28,175,1,460,0,0,0,460
04/24/2022,RDU,NC,ASO,EN,Combined TRACON& Tower with Radar,311,33,87,2,433,0,0,86,0,86,311,33,173,2,519,0,0,0,519
04/25/2022,RDU,NC,ASO,EN,Combined TRACON& Tower with Radar,326,34,80,6,446,0,0,82,13,95,326,34,162,19,541,0,0,0,541
04/26/2022,RDU,NC,ASO,EN,Combined TRACON& Tower with Radar,340,29,76,5,450,0,0,54,14,68,340,29,130,19,518,0,0,0,518
04/27/2022,RDU,NC,ASO,EN,Combined TRACON& Tower with Radar,341,66,96,6,509,0,0,62,18,80,341,66,158,24,589,0,0,0,589
04/28/2022,RDU,NC,ASO,EN,Combined TRACON& Tower with Radar,358,47,137,12,554,0,1,94,9,104,358,48,231,21,658,14,0,14,672
04/29/2022,RDU,NC,ASO,EN,Combined TRACON& Tower with Radar,351,42,87,0,480,0,0,139,10,149,351,42,226,10,629,10,0,10,639
04/30/2022,RDU,NC,ASO,EN,Combined TRACON& Tower with Radar,265,34,73,0,372,0,0,85,0,85,265,34,158,0,457,4,0,4,461
05/01/2022,RDU,NC,ASO,EN,Combined TRACON& Tower with Radar,310,35,80,0,425,0,1,55,0,56,310,36,135,0,481,0,0,0,481
05/02/2022,RDU,NC,ASO,EN,Combined TRACON& Tower with Radar,333,34,94,2,463,0,1,55,10,66,333,35,149,12,529,0,0,0,529
05/03/2022,RDU,NC,ASO,EN,Combined TRACON& Tower with Radar,339,48,111,8,506,0,1,60,14,75,339,49,171,22,581,10,0,10,591
05/04/2022,RDU,NC,ASO,EN,Combined TRACON& Tower with Radar,342,46,92,11,491,0,2,66,17,85,342,48,158,28,576,12,0,12,588
05/05/2022,RDU,NC,ASO,EN,Combined TRACON& Tower with Radar,354,73,148,4,579,0,1,75,17,93,354,74,223,21,672,0,0,0,672
05/06/2022,RDU,NC,ASO,EN,Combined TRACON& Tower with Radar,356,55,82,1,494,0,0,0,2,2,356,55,82,3,496,0,0,0,496
05/07/2022,RDU,NC,ASO,EN,Combined TRACON& Tower with Radar,270,54,72,2,398,0,0,47,2,49,270,54,119,4,447,0,0,0,447
05/08/2022,RDU,NC,ASO,EN,Combined TRACON& Tower with Radar,314,64,84,0,462,0,0,0,0,0,314,64,84,0,462,0,0,0,462
05/09/2022,RDU,NC,ASO,EN,Combined TRACON& Tower with Radar,346,47,99,8,500,0,0,79,20,99,346,47,178,28,599,10,0,10,609
05/10/2022,RDU,NC,ASO,EN,Combined TRACON& Tower with Radar,343,43,88,2,476,0,1,66,17,84,343,44,154,19,560,14,2,16,576
05/11/2022,RDU,NC,ASO,EN,Combined TRACON& Tower with Radar,340,40,85,11,476,0,0,58,18,76,340,40,143,29,552,0,0,0,552
05/12/2022,RDU,NC,ASO,EN,Combined TRACON& Tower with Radar,353,59,83,2,497,0,0,4,0,4,353,59,87,2,501,0,0,0,501
05/13/2022,RDU,NC,ASO,EN,Combined TRACON& Tower with Radar,339,37,69,0,445,0,0,5,2,7,339,37,74,2,452,0,0,0,452
05/14/2022,RDU,NC,ASO,EN,Combined TRACON& Tower with Radar,267,28,52,2,349,0,0,8,7,15,267,28,60,9,364,0,0,0,364
05/15/2022,RDU,NC,ASO,EN,Combined TRACON& Tower with Radar,330,35,70,1,436,0,0,83,0,83,330,35,153,1,519,0,0,0,519
05/16/2022,RDU,NC,ASO,EN,Combined TRACON& Tower with Radar,305,52,82,6,445,0,1,52,7,60,305,53,134,13,505,0,0,0,505
05/17/2022,RDU,NC,ASO,EN,Combined TRACON& Tower with Radar,341,48,93,5,487,0,0,117,18,135,341,48,210,23,622,0,0,0,622
05/18/2022,RDU,NC,ASO,EN,Combined TRACON& Tower with Radar,338,48,85,13,484,1,0,93,11,105,339,48,178,24,589,0,0,0,589
05/19/2022,RDU,NC,ASO,EN,Combined TRACON& Tower with Radar,348,30,101,8,487,0,0,79,10,89,348,30,180,18,576,0,0,0,576
05/20/2022,RDU,NC,ASO,EN,Combined TRACON& Tower with Radar,324,47,94,6,471,0,0,92,7,99,324,47,186,13,570,0,0,0,570
05/21/2022,RDU,NC,ASO,EN,Combined TRACON& Tower with Radar,262,25,50,1,338,0,0,63,0,63,262,25,113,1,401,0,0,0,401
05/22/2022,RDU,NC,ASO,EN,Combined TRACON& Tower with Radar,302,40,68,1,411,0,0,34,0,34,302,40,102,1,445,0,0,0,445
05/23/2022,RDU,NC,ASO,EN,Combined TRACON& Tower with Radar,319,33,65,1,418,0,0,17,11,28,319,33,82,12,446,0,0,0,446
05/24/2022,RDU,NC,ASO,EN,Combined TRACON& Tower with Radar,352,48,86,4,490,0,0,6,2,8,352,48,92,6,498,0,0,0,498
05/25/2022,RDU,NC,ASO,EN,Combined TRACON& Tower with Radar,346,57,114,8,525,0,0,5,2,7,346,57,119,10,532,0,0,0,532
05/26/2022,RDU,NC,ASO,EN,Combined TRACON& Tower with Radar,380,60,111,11,562,0,0,28,18,46,380,60,139,29,608,0,0,0,608
05/27/2022,RDU,NC,ASO,EN,Combined TRACON& Tower with Radar,331,45,61,0,437,0,0,11,4,15,331,45,72,4,452,0,0,0,452
05/28/2022,RDU,NC,ASO,EN,Combined TRACON& Tower with Radar,266,24,43,2,335,0,2,109,2,113,266,26,152,4,448,0,0,0,448
05/29/2022,RDU,NC,ASO,EN,Combined TRACON& Tower with Radar,312,24,38,4,378,0,3,76,0,79,312,27,114,4,457,0,0,0,457
05/30/2022,RDU,NC,ASO,EN,Combined TRACON& Tower with Radar,337,36,60,0,433,0,0,90,0,90,337,36,150,0,523,0,0,0,523
05/31/2022,RDU,NC,ASO,EN,Combined TRACON& Tower with Radar,339,39,85,1,464,0,0,110,9,119,339,39,195,10,583,0,0,0,583
06/01/2022,RDU,NC,ASO,EN,Combined TRACON& Tower with Radar,326,45,74,0,445,0,0,103,16,119,326,45,177,16,564,6,0,6,570
06/02/2022,RDU,NC,ASO,EN,Combined TRACON& Tower with Radar,340,56,83,6,485,0,0,86,7,93,340,56,169,13,578,0,0,0,578
06/03/2022,RDU,NC,ASO,EN,Combined TRACON& Tower with Radar,336,44,105,1,486,0,0,86,4,90,336,44,191,5,576,0,0,0,576
06/04/2022,RDU,NC,ASO,EN,Combined TRACON& Tower with Radar,261,26,55,14,356,0,0,97,7,104,261,26,152,21,460,4,0,4,464
06/05/2022,RDU,NC,ASO,EN,Combined TRACON& Tower with Radar,329,36,54,2,421,0,0,87,6,93,329,36,141,8,514,0,0,0,514
06/06/2022,RDU,NC,ASO,EN,Combined TRACON& Tower with Radar,332,44,68,2,446,0,1,80,11,92,332,45,148,13,538,42,0,42,580
06/07/2022,RDU,NC,ASO,EN,Combined TRACON& Tower with Radar,341,47,77,4,469,0,0,87,12,99,341,47,164,16,568,0,0,0,568
06/08/2022,RDU,NC,ASO,EN,Combined TRACON& Tower with Radar,322,40,89,0,451,0,1,40,5,46,322,41,129,5,497,0,0,0,497
06/09/2022,RDU,NC,ASO,EN,Combined TRACON& Tower with Radar,344,50,100,2,496,0,0,81,5,86,344,50,181,7,582,0,0,0,582
06/10/2022,RDU,NC,ASO,EN,Combined TRACON& Tower with Radar,335,35,89,0,459,0,0,103,5,108,335,35,192,5,567,0,0,0,567
06/11/2022,RDU,NC,ASO,EN,Combined TRACON& Tower with Radar,268,26,53,2,349,0,1,57,2,60,268,27,110,4,409,0,0,0,409
06/12/2022,RDU,NC,ASO,EN,Combined TRACON& Tower with Radar,302,33,69,15,419,0,0,37,0,37,302,33,106,15,456,0,0,0,456
06/13/2022,RDU,NC,ASO,EN,Combined TRACON& Tower with Radar,319,43,72,6,440,0,0,72,3,75,319,43,144,9,515,0,0,0,515
06/14/2022,RDU,NC,ASO,EN,Combined TRACON& Tower with Radar,342,49,104,2,497,0,0,51,6,57,342,49,155,8,554,0,0,0,554
06/15/2022,RDU,NC,ASO,EN,Combined TRACON& Tower with Radar,331,41,85,5,462,0,0,76,4,80,331,41,161,9,542,0,0,0,542
06/16/2022,RDU,NC,ASO,EN,Combined TRACON& Tower with Radar,302,44,78,2,426,0,0,66,2,68,302,44,144,4,494,0,0,0,494
06/17/2022,RDU,NC,ASO,EN,Combined TRACON& Tower with Radar,307,48,84,1,440,0,0,56,0,56,307,48,140,1,496,10,0,10,506
06/18/2022,RDU,NC,ASO,EN,Combined TRACON& Tower with Radar,263,43,67,0,373,0,0,72,2,74,263,43,139,2,447,0,0,0,447
06/19/2022,RDU,NC,ASO,EN,Combined TRACON& Tower with Radar,313,33,69,1,416,0,1,72,1,74,313,34,141,2,490,0,0,0,490
06/20/2022,RDU,NC,ASO,EN,Combined TRACON& Tower with Radar,321,39,107,1,468,0,1,85,1,87,321,40,192,2,555,6,0,6,561
06/21/2022,RDU,NC,ASO,EN,Combined TRACON& Tower with Radar,337,39,91,3,470,0,0,96,4,100,337,39,187,7,570,0,0,0,570
06/22/2022,RDU,NC,ASO,EN,Combined TRACON& Tower with Radar,302,53,103,2,460,0,0,83,4,87,302,53,186,6,547,0,0,0,547
06/23/2022,RDU,NC,ASO,EN,Combined TRACON& Tower with Radar,336,55,105,1,497,0,0,52,4,56,336,55,157,5,553,0,0,0,553
06/24/2022,RDU,NC,ASO,EN,Combined TRACON& Tower with Radar,319,46,105,5,475,0,0,102,5,107,319,46,207,10,582,0,0,0,582
06/25/2022,RDU,NC,ASO,EN,Combined TRACON& Tower with Radar,263,23,66,0,352,0,0,82,1,83,263,23,148,1,435,0,0,0,435
06/26/2022,RDU,NC,ASO,EN,Combined TRACON& Tower with Radar,316,35,67,1,419,0,0,90,0,90,316,35,157,1,509,12,0,12,521
06/27/2022,RDU,NC,ASO,EN,Combined TRACON& Tower with Radar,308,44,74,1,427,0,2,48,7,57,308,46,122,8,484,6,14,20,504
06/28/2022,RDU,NC,ASO,EN,Combined TRACON& Tower with Radar,321,33,81,18,453,0,0,87,6,93,321,33,168,24,546,0,0,0,546
06/29/2022,RDU,NC,ASO,EN,Combined TRACON& Tower with Radar,310,41,111,0,462,0,0,11,8,19,310,41,122,8,481,0,0,0,481
06/30/2022,RDU,NC,ASO,EN,Combined TRACON& Tower with Radar,339,43,101,4,487,0,0,99,7,106,339,43,200,11,593,0,0,0,593
07/01/2022,RDU,NC,ASO,EN,Combined TRACON& Tower with Radar,333,21,77,1,432,0,0,50,2,52,333,21,127,3,484,0,0,0,484
07/02/2022,RDU,NC,ASO,EN,Combined TRACON& Tower with Radar,264,17,54,3,338,0,0,35,0,35,264,17,89,3,373,0,0,0,373
07/03/2022,RDU,NC,ASO,EN,Combined TRACON& Tower with Radar,284,17,36,0,337,0,1,44,0,45,284,18,80,0,382,0,0,0,382
07/04/2022,RDU,NC,ASO,EN,Combined TRACON& Tower with Radar,315,9,34,0,358,0,0,71,0,71,315,9,105,0,429,0,0,0,429
07/05/2022,RDU,NC,ASO,EN,Combined TRACON& Tower with Radar,307,29,69,1,406,0,2,48,10,60,307,31,117,11,466,0,0,0,466
07/06/2022,RDU,NC,ASO,EN,Combined TRACON& Tower with Radar,319,29,86,1,435,0,1,71,10,82,319,30,157,11,517,10,0,10,527
07/07/2022,RDU,NC,ASO,EN,Combined TRACON& Tower with Radar,340,38,49,5,432,0,0,49,8,57,340,38,98,13,489,0,0,0,489
07/08/2022,RDU,NC,ASO,EN,Combined TRACON& Tower with Radar,324,30,78,5,437,0,0,11,1,12,324,30,89,6,449,0,0,0,449
07/09/2022,RDU,NC,ASO,EN,Combined TRACON& Tower with Radar,275,20,39,0,334,0,0,39,0,39,275,20,78,0,373,0,0,0,373
07/10/2022,RDU,NC,ASO,EN,Combined TRACON& Tower with Radar,321,24,60,0,405,0,0,0,0,0,321,24,60,0,405,0,0,0,405
07/11/2022,RDU,NC,ASO,EN,Combined TRACON& Tower with Radar,347,24,70,6,447,0,1,85,1,87,347,25,155,7,534,0,16,16,550
07/12/2022,RDU,NC,ASO,EN,Combined TRACON& Tower with Radar,333,30,86,4,453,0,0,99,9,108,333,30,185,13,561,0,0,0,561
07/13/2022,RDU,NC,ASO,EN,Combined TRACON& Tower with Radar,351,42,103,1,497,0,1,15,1,17,351,43,118,2,514,0,0,0,514
07/14/2022,RDU,NC,ASO,EN,Combined TRACON& Tower with Radar,351,37,102,8,498,0,0,76,2,78,351,37,178,10,576,0,22,22,598
07/15/2022,RDU,NC,ASO,EN,Combined TRACON& Tower with Radar,346,30,75,6,457,0,0,44,4,48,346,30,119,10,505,0,0,0,505
07/16/2022,RDU,NC,ASO,EN,Combined TRACON& Tower with Radar,278,29,39,0,346,0,0,31,0,31,278,29,70,0,377,14,0,14,391
07/17/2022,RDU,NC,ASO,EN,Combined TRACON& Tower with Radar,331,27,49,3,410,0,0,72,1,73,331,27,121,4,483,0,0,0,483
07/18/2022,RDU,NC,ASO,EN,Combined TRACON& Tower with Radar,320,39,92,4,455,0,0,61,6,67,320,39,153,10,522,0,0,0,522
07/19/2022,RDU,NC,ASO,EN,Combined TRACON& Tower with Radar,341,44,76,6,467,0,0,69,8,77,341,44,145,14,544,0,0,0,544
07/20/2022,RDU,NC,ASO,EN,Combined TRACON& Tower with Radar,341,59,99,4,503,0,0,97,6,103,341,59,196,10,606,0,0,0,606
07/21/2022,RDU,NC,ASO,EN,Combined TRACON& Tower with Radar,352,40,77,2,471,0,0,23,9,32,352,40,100,11,503,0,0,0,503
07/22/2022,RDU,NC,ASO,EN,Combined TRACON& Tower with Radar,340,39,73,0,452,0,4,101,4,109,340,43,174,4,561,0,0,0,561
07/23/2022,RDU,NC,ASO,EN,Combined TRACON& Tower with Radar,277,23,54,0,354,0,0,73,0,73,277,23,127,0,427,0,0,0,427
07/24/2022,RDU,NC,ASO,EN,Combined TRACON& Tower with Radar,299,26,57,0,382,0,0,75,0,75,299,26,132,0,457,0,0,0,457
07/25/2022,RDU,NC,ASO,EN,Combined TRACON& Tower with Radar,311,36,97,6,450,0,0,22,3,25,311,36,119,9,475,0,0,0,475
07/26/2022,RDU,NC,ASO,EN,Combined TRACON& Tower with Radar,338,43,94,4,479,0,1,38,5,44,338,44,132,9,523,0,0,0,523
07/27/2022,RDU,NC,ASO,EN,Combined TRACON& Tower with Radar,334,55,101,0,490,0,0,80,7,87,334,55,181,7,577,0,0,0,577
07/28/2022,RDU,NC,ASO,EN,Combined TRACON& Tower with Radar,342,39,81,7,469,0,0,88,7,95,342,39,169,14,564,0,0,0,564
07/29/2022,RDU,NC,ASO,EN,Combined TRACON& Tower with Radar,342,40,70,4,456,0,0,57,7,64,342,40,127,11,520,0,0,0,520
07/30/2022,RDU,NC,ASO,EN,Combined TRACON& Tower with Radar,275,25,54,2,356,0,0,67,0,67,275,25,121,2,423,16,0,16,439
07/31/2022,RDU,NC,ASO,EN,Combined TRACON& Tower with Radar,321,36,71,0,428,0,0,7,0,7,321,36,78,0,435,0,0,0,435
08/01/2022,RDU,NC,ASO,EN,Combined TRACON& Tower with Radar,334,45,76,6,461,0,0,72,18,90,334,45,148,24,551,0,8,8,559
08/02/2022,RDU,NC,ASO,EN,Combined TRACON& Tower with Radar,337,35,87,16,475,0,5,119,15,139,337,40,206,31,614,0,16,16,630
08/03/2022,RDU,NC,ASO,EN,Combined TRACON& Tower with Radar,321,57,72,10,460,0,0,106,12,118,321,57,178,22,578,0,0,0,578
08/04/2022,RDU,NC,ASO,EN,Combined TRACON& Tower with Radar,341,52,73,7,473,0,0,83,8,91,341,52,156,15,564,25,0,25,589
08/05/2022,RDU,NC,ASO,EN,Combined TRACON& Tower with Radar,315,24,96,32,467,0,1,53,4,58,315,25,149,36,525,0,0,0,525
08/06/2022,RDU,NC,ASO,EN,Combined TRACON& Tower with Radar,280,34,46,2,362,0,0,46,4,50,280,34,92,6,412,28,0,28,440
08/07/2022,RDU,NC,ASO,EN,Combined TRACON& Tower with Radar,310,37,83,7,437,0,0,49,9,58,310,37,132,16,495,22,0,22,517
08/08/2022,RDU,NC,ASO,EN,Combined TRACON& Tower with Radar,349,37,74,4,464,0,1,64,5,70,349,38,138,9,534,0,0,0,534
08/09/2022,RDU,NC,ASO,EN,Combined TRACON& Tower with Radar,327,48,75,5,455,0,0,65,17,82,327,48,140,22,537,0,12,12,549
08/10/2022,RDU,NC,ASO,EN,Combined TRACON& Tower with Radar,326,48,81,8,463,0,1,65,10,76,326,49,146,18,539,0,0,0,539
08/11/2022,RDU,NC,ASO,EN,Combined TRACON& Tower with Radar,346,53,81,1,481,0,0,64,15,79,346,53,145,16,560,6,0,6,566
08/12/2022,RDU,NC,ASO,EN,Combined TRACON& Tower with Radar,334,46,106,1,487,0,0,64,9,73,334,46,170,10,560,0,0,0,560
08/13/2022,RDU,NC,ASO,EN,Combined TRACON& Tower with Radar,266,24,53,0,343,0,0,110,2,112,266,24,163,2,455,0,0,0,455
08/14/2022,RDU,NC,ASO,EN,Combined TRACON& Tower with Radar,337,32,66,2,437,0,0,86,0,86,337,32,152,2,523,0,0,0,523
08/15/2022,RDU,NC,ASO,EN,Combined TRACON& Tower with Radar,320,41,65,2,428,0,0,35,1,36,320,41,100,3,464,0,0,0,464
08/16/2022,RDU,NC,ASO,EN,Combined TRACON& Tower with Radar,343,41,102,12,498,0,0,19,13,32,343,41,121,25,530,0,0,0,530
08/17/2022,RDU,NC,ASO,EN,Combined TRACON& Tower with Radar,328,44,83,4,459,0,0,95,18,113,328,44,178,22,572,0,0,0,572
08/18/2022,RDU,NC,ASO,EN,Combined TRACON& Tower with Radar,350,52,84,4,490,0,0,98,9,107,350,52,182,13,597,0,0,0,597
08/19/2022,RDU,NC,ASO,EN,Combined TRACON& Tower with Radar,343,51,73,0,467,0,3,77,13,93,343,54,150,13,560,0,0,0,560
08/20/2022,RDU,NC,ASO,EN,Combined TRACON& Tower with Radar,272,44,56,0,372,0,1,19,0,20,272,45,75,0,392,0,0,0,392
08/21/2022,RDU,NC,ASO,EN,Combined TRACON& Tower with Radar,314,58,54,0,426,0,0,17,0,17,314,58,71,0,443,6,0,6,449
08/22/2022,RDU,NC,ASO,EN,Combined TRACON& Tower with Radar,299,41,84,3,427,0,1,29,12,42,299,42,113,15,469,0,52,52,521
08/23/2022,RDU,NC,ASO,EN,Combined TRACON& Tower with Radar,324,41,96,8,469,0,0,90,14,104,324,41,186,22,573,0,0,0,573
08/24/2022,RDU,NC,ASO,EN,Combined TRACON& Tower with Radar,335,51,65,7,458,0,0,102,19,121,335,51,167,26,579,48,0,48,627
08/25/2022,RDU,NC,ASO,EN,Combined TRACON& Tower with Radar,355,44,89,2,490,0,0,75,15,90,355,44,164,17,580,0,0,0,580
08/26/2022,RDU,NC,ASO,EN,Combined TRACON& Tower with Radar,331,48,104,9,492,0,0,113,13,126,331,48,217,22,618,0,16,16,634
08/27/2022,RDU,NC,ASO,EN,Combined TRACON& Tower with Radar,283,28,67,1,379,0,1,97,0,98,283,29,164,1,477,0,0,0,477
08/28/2022,RDU,NC,ASO,EN,Combined TRACON& Tower with Radar,327,20,72,3,422,0,0,69,1,70,327,20,141,4,492,6,0,6,498
08/29/2022,RDU,NC,ASO,EN,Combined TRACON& Tower with Radar,322,28,68,10,428,0,1,65,22,88,322,29,133,32,516,0,0,0,516
08/30/2022,RDU,NC,ASO,EN,Combined TRACON& Tower with Radar,330,37,83,8,458,0,1,50,18,69,330,38,133,26,527,0,0,0,527
08/31/2022,RDU,NC,ASO,EN,Combined TRACON& Tower with Radar,339,60,96,10,505,0,0,112,10,122,339,60,208,20,627,0,0,0,627
09/01/2022,RDU,NC,ASO,EN,Combined TRACON& Tower with Radar,340,36,69,7,452,0,0,89,17,106,340,36,158,24,558,0,0,0,558
09/02/2022,RDU,NC,ASO,EN,Combined TRACON& Tower with Radar,343,43,95,0,481,0,0,109,4,113,343,43,204,4,594,0,30,30,624
09/03/2022,RDU,NC,ASO,EN,Combined TRACON& Tower with Radar,255,25,59,0,339,0,0,75,2,77,255,25,134,2,416,0,0,0,416
09/04/2022,RDU,NC,ASO,EN,Combined TRACON& Tower with Radar,280,18,43,0,341,0,1,47,0,48,280,19,90,0,389,0,0,0,389
09/05/2022,RDU,NC,ASO,EN,Combined TRACON& Tower with Radar,316,35,62,0,413,0,0,41,0,41,316,35,103,0,454,0,0,0,454
09/06/2022,RDU,NC,ASO,EN,Combined TRACON& Tower with Radar,319,37,72,3,431,0,0,35,7,42,319,37,107,10,473,10,0,10,483
09/07/2022,RDU,NC,ASO,EN,Combined TRACON& Tower with Radar,307,34,116,4,461,0,0,28,14,42,307,34,144,18,503,0,15,15,518
09/08/2022,RDU,NC,ASO,EN,Combined TRACON& Tower with Radar,342,51,111,3,507,0,0,47,31,78,342,51,158,34,585,0,0,0,585
09/09/2022,RDU,NC,ASO,EN,Combined TRACON& Tower with Radar,340,52,109,0,501,0,0,125,14,139,340,52,234,14,640,14,0,14,654
09/10/2022,RDU,NC,ASO,EN,Combined TRACON& Tower with Radar,276,29,44,0,349,0,0,1,0,1,276,29,45,0,350,0,0,0,350
09/11/2022,RDU,NC,ASO,EN,Combined TRACON& Tower with Radar,346,38,64,0,448,0,0,3,0,3,346,38,67,0,451,0,0,0,451
09/12/2022,RDU,NC,ASO,EN,Combined TRACON& Tower with Radar,333,31,93,3,460,0,0,37,8,45,333,31,130,11,505,0,0,0,505
09/13/2022,RDU,NC,ASO,EN,Combined TRACON& Tower with Radar,344,54,111,1,510,0,0,121,11,132,344,54,232,12,642,0,0,0,642
09/14/2022,RDU,NC,ASO,EN,Combined TRACON& Tower with Radar,326,62,132,2,522,0,0,131,11,142,326,62,263,13,664,0,0,0,664
09/15/2022,RDU,NC,ASO,EN,Combined TRACON& Tower with Radar,366,65,120,0,551,0,0,106,8,114,366,65,226,8,665,20,0,20,685
09/16/2022,RDU,NC,ASO,EN,Combined TRACON& Tower with Radar,345,44,91,4,484,0,0,138,6,144,345,44,229,10,628,0,0,0,628
09/17/2022,RDU,NC,ASO,EN,Combined TRACON& Tower with Radar,267,29,61,0,357,0,0,79,1,80,267,29,140,1,437,10,0,10,447
09/18/2022,RDU,NC,ASO,EN,Combined TRACON& Tower with Radar,353,35,90,2,480,0,0,89,3,92,353,35,179,5,572,0,0,0,572
09/19/2022,RDU,NC,ASO,EN,Combined TRACON& Tower with Radar,338,40,81,1,460,0,0,97,1,98,338,40,178,2,558,0,0,0,558
09/20/2022,RDU,NC,ASO,EN,Combined TRACON& Tower with Radar,327,40,85,1,453,0,0,90,13,103,327,40,175,14,556,0,0,0,556
09/21/2022,RDU,NC,ASO,EN,Combined TRACON& Tower with Radar,323,42,86,2,453,0,0,95,11,106,323,42,181,13,559,0,0,0,559
09/22/2022,RDU,NC,ASO,EN,Combined TRACON& Tower with Radar,339,59,106,7,511,0,0,48,4,52,339,59,154,11,563,0,0,0,563
09/23/2022,RDU,NC,ASO,EN,Combined TRACON& Tower with Radar,356,69,84,1,510,0,0,74,6,80,356,69,158,7,590,0,0,0,590
09/24/2022,RDU,NC,ASO,EN,Combined TRACON& Tower with Radar,284,50,78,0,412,0,0,108,0,108,284,50,186,0,520,0,0,0,520
09/25/2022,RDU,NC,ASO,EN,Combined TRACON& Tower with Radar,344,60,77,0,481,0,0,60,0,60,344,60,137,0,541,0,0,0,541
09/26/2022,RDU,NC,ASO,EN,Combined TRACON& Tower with Radar,342,38,109,4,493,0,1,78,6,85,342,39,187,10,578,0,0,0,578
09/27/2022,RDU,NC,ASO,EN,Combined TRACON& Tower with Radar,334,56,83,4,477,0,0,81,3,84,334,56,164,7,561,0,0,0,561
09/28/2022,RDU,NC,ASO,EN,Combined TRACON& Tower with Radar,309,51,92,2,454,0,0,100,3,103,309,51,192,5,557,0,0,0,557
09/29/2022,RDU,NC,ASO,EN,Combined TRACON& Tower with Radar,338,40,87,1,466,0,0,21,2,23,338,40,108,3,489,0,0,0,489
09/30/2022,RDU,NC,ASO,EN,Combined TRACON& Tower with Radar,277,19,12,0,308,0,0,0,0,0,277,19,12,0,308,0,0,0,308
10/01/2022,RDU,NC,ASO,EN,Combined TRACON& Tower with Radar,269,30,25,0,324,0,0,5,3,8,269,30,30,3,332,0,0,0,332
10/02/2022,RDU,NC,ASO,EN,Combined TRACON& Tower with Radar,349,27,62,0,438,0,1,7,0,8,349,28,69,0,446,0,0,0,446
10/03/2022,RDU,NC,ASO,EN,Combined TRACON& Tower with Radar,342,34,84,3,463,0,0,12,0,12,342,34,96,3,475,0,0,0,475
10/04/2022,RDU,NC,ASO,EN,Combined TRACON& Tower with Radar,334,41,98,1,474,0,0,81,6,87,334,41,179,7,561,0,0,0,561
10/05/2022,RDU,NC,ASO,EN,Combined TRACON& Tower with Radar,322,44,98,1,465,0,0,101,8,109,322,44,199,9,574,0,0,0,574
10/06/2022,RDU,NC,ASO,EN,Combined TRACON& Tower with Radar,364,60,93,0,517,0,0,108,16,124,364,60,201,16,641,0,0,0,641
10/07/2022,RDU,NC,ASO,EN,Combined TRACON& Tower with Radar,342,43,84,0,469,0,0,107,1,108,342,43,191,1,577,0,0,0,577
10/08/2022,RDU,NC,ASO,EN,Combined TRACON& Tower with Radar,285,26,56,0,367,0,0,85,0,85,285,26,141,0,452,0,0,0,452
10/09/2022,RDU,NC,ASO,EN,Combined TRACON& Tower with Radar,344,46,67,0,457,0,0,88,0,88,344,46,155,0,545,0,0,0,545
10/10/2022,RDU,NC,ASO,EN,Combined TRACON& Tower with Radar,340,42,77,0,459,0,0,100,0,100,340,42,177,0,559,0,0,0,559
10/11/2022,RDU,NC,ASO,EN,Combined TRACON& Tower with Radar,340,42,85,2,469,0,1,113,19,133,340,43,198,21,602,0,0,0,602
10/12/2022,RDU,NC,ASO,EN,Combined TRACON& Tower with Radar,336,53,120,8,517,0,1,86,18,105,336,54,206,26,622,0,8,8,630
10/13/2022,RDU,NC,ASO,EN,Combined TRACON& Tower with Radar,351,56,76,7,490,0,0,12,14,26,351,56,88,21,516,0,0,0,516
10/14/2022,RDU,NC,ASO,EN,Combined TRACON& Tower with Radar,353,98,104,5,560,0,2,118,8,128,353,100,222,13,688,0,12,12,700
10/15/2022,RDU,NC,ASO,EN,Combined TRACON& Tower with Radar,279,54,48,1,382,0,0,94,16,110,279,54,142,17,492,0,7,7,499
10/16/2022,RDU,NC,ASO,EN,Combined TRACON& Tower with Radar,350,84,88,0,522,0,1,91,1,93,350,85,179,1,615,0,0,0,615
10/17/2022,RDU,NC,ASO,EN,Combined TRACON& Tower with Radar,336,53,86,2,477,0,0,38,2,40,336,53,124,4,517,0,0,0,517
10/18/2022,RDU,NC,ASO,EN,Combined TRACON& Tower with Radar,340,51,100,3,494,0,1,77,12,90,340,52,177,15,584,0,0,0,584
10/19/2022,RDU,NC,ASO,EN,Combined TRACON& Tower with Radar,333,44,117,2,496,0,0,95,17,112,333,44,212,19,608,0,0,0,608
10/20/2022,RDU,NC,ASO,EN,Combined TRACON& Tower with Radar,350,63,115,9,537,0,0,93,8,101,350,63,208,17,638,0,8,8,646
10/21/2022,RDU,NC,ASO,EN,Combined TRACON& Tower with Radar,352,56,86,0,494,0,2,103,8,113,352,58,189,8,607,0,0,0,607
10/22/2022,RDU,NC,ASO,EN,Combined TRACON& Tower with Radar,280,36,50,2,368,0,1,88,6,95,280,37,138,8,463,12,0,12,475
10/23/2022,RDU,NC,ASO,EN,Combined TRACON& Tower with Radar,348,52,69,1,470,0,0,84,1,85,348,52,153,2,555,0,0,0,555
10/24/2022,RDU,NC,ASO,EN,Combined TRACON& Tower with Radar,328,37,92,1,458,0,1,90,12,103,328,38,182,13,561,0,0,0,561
10/25/2022,RDU,NC,ASO,EN,Combined TRACON& Tower with Radar,345,57,83,2,487,0,2,43,23,68,345,59,126,25,555,0,0,0,555
10/26/2022,RDU,NC,ASO,EN,Combined TRACON& Tower with Radar,351,42,104,0,497,0,0,4,8,12,351,42,108,8,509,0,20,20,529
10/27/2022,RDU,NC,ASO,EN,Combined TRACON& Tower with Radar,348,57,111,1,517,0,1,83,16,100,348,58,194,17,617,0,0,0,617
10/28/2022,RDU,NC,ASO,EN,Combined TRACON& Tower with Radar,343,52,109,4,508,0,1,110,5,116,343,53,219,9,624,0,0,0,624
10/29/2022,RDU,NC,ASO,EN,Combined TRACON& Tower with Radar,274,31,59,0,364,0,0,43,1,44,274,31,102,1,408,0,0,0,408
10/30/2022,RDU,NC,ASO,EN,Combined TRACON& Tower with Radar,337,40,65,0,442,0,0,81,1,82,337,40,146,1,524,0,0,0,524
10/31/2022,RDU,NC,ASO,EN,Combined TRACON& Tower with Radar,307,34,50,0,391,0,1,58,6,65,307,35,108,6,456,0,0,0,456
11/01/2022,RDU,NC,ASO,EN,Combined TRACON& Tower with Radar,336,51,79,1,467,0,0,80,14,94,336,51,159,15,561,20,0,20,581
11/02/2022,RDU,NC,ASO,EN,Combined TRACON& Tower with Radar,340,53,100,0,493,0,0,101,11,112,340,53,201,11,605,0,0,0,605
11/03/2022,RDU,NC,ASO,EN,Combined TRACON& Tower with Radar,349,57,128,1,535,0,0,91,10,101,349,57,219,11,636,0,0,0,636
11/04/2022,RDU,NC,ASO,EN,Combined TRACON& Tower with Radar,337,50,109,7,503,0,1,73,3,77,337,51,182,10,580,0,0,0,580
11/05/2022,RDU,NC,ASO,EN,Combined TRACON& Tower with Radar,266,25,70,11,372,0,2,39,1,42,266,27,109,12,414,0,0,0,414
11/06/2022,RDU,NC,ASO,EN,Combined TRACON& Tower with Radar,313,41,91,11,456,0,0,57,1,58,313,41,148,12,514,0,0,0,514
11/07/2022,RDU,NC,ASO,EN,Combined TRACON& Tower with Radar,324,37,98,2,461,0,0,88,5,93,324,37,186,7,554,6,0,6,560
11/08/2022,RDU,NC,ASO,EN,Combined TRACON& Tower with Radar,327,45,88,2,462,0,1,51,12,64,327,46,139,14,526,0,0,0,526
11/09/2022,RDU,NC,ASO,EN,Combined TRACON& Tower with Radar,339,44,93,4,480,0,1,83,12,96,339,45,176,16,576,0,0,0,576
11/10/2022,RDU,NC,ASO,EN,Combined TRACON& Tower with Radar,329,38,107,2,476,0,1,18,0,19,329,39,125,2,495,10,0,10,505
11/11/2022,RDU,NC,ASO,EN,Combined TRACON& Tower with Radar,341,55,49,0,445,0,0,1,0,1,341,55,50,0,446,0,0,0,446
11/12/2022,RDU,NC,ASO,EN,Combined TRACON& Tower with Radar,288,65,102,2,457,0,0,23,0,23,288,65,125,2,480,14,0,14,494
11/13/2022,RDU,NC,ASO,EN,Combined TRACON& Tower with Radar,326,52,91,0,469,0,1,50,0,51,326,53,141,0,520,0,0,0,520
11/14/2022,RDU,NC,ASO,EN,Combined TRACON& Tower with Radar,334,42,75,7,458,0,0,142,14,156,334,42,217,21,614,0,0,0,614
11/15/2022,RDU,NC,ASO,EN,Combined TRACON& Tower with Radar,329,46,85,3,463,0,0,27,7,34,329,46,112,10,497,0,0,0,497
11/16/2022,RDU,NC,ASO,EN,Combined TRACON& Tower with Radar,367,57,89,2,515,0,1,81,13,95,367,58,170,15,610,0,0,0,610
11/17/2022,RDU,NC,ASO,EN,Combined TRACON& Tower with Radar,339,54,79,0,472,0,1,117,21,139,339,55,196,21,611,0,0,0,611
11/18/2022,RDU,NC,ASO,EN,Combined TRACON& Tower with Radar,348,67,89,3,507,0,1,90,3,94,348,68,179,6,601,0,0,0,601
11/19/2022,RDU,NC,ASO,EN,Combined TRACON& Tower with Radar,295,37,63,0,395,0,0,104,4,108,295,37,167,4,503,20,0,20,523
11/20/2022,RDU,NC,ASO,EN,Combined TRACON& Tower with Radar,329,47,54,0,430,0,0,78,2,80,329,47,132,2,510,0,0,0,510
11/21/2022,RDU,NC,ASO,EN,Combined TRACON& Tower with Radar,342,47,67,1,457,0,1,115,13,129,342,48,182,14,586,8,0,8,594
11/22/2022,RDU,NC,ASO,EN,Combined TRACON& Tower with Radar,358,51,104,1,514,0,0,112,17,129,358,51,216,18,643,0,0,0,643
11/23/2022,RDU,NC,ASO,EN,Combined TRACON& Tower with Radar,357,60,74,1,492,0,2,92,10,104,357,62,166,11,596,0,10,10,606
11/24/2022,RDU,NC,ASO,EN,Combined TRACON& Tower with Radar,192,25,33,0,250,0,0,14,3,17,192,25,47,3,267,0,0,0,267
11/25/2022,RDU,NC,ASO,EN,Combined TRACON& Tower with Radar,259,55,40,1,355,0,0,22,2,24,259,55,62,3,379,0,0,0,379
11/26/2022,RDU,NC,ASO,EN,Combined TRACON& Tower with Radar,300,65,83,1,449,0,1,66,0,67,300,66,149,1,516,0,0,0,516
11/27/2022,RDU,NC,ASO,EN,Combined TRACON& Tower with Radar,333,53,78,1,465,0,3,8,0,11,333,56,86,1,476,0,0,0,476
11/28/2022,RDU,NC,ASO,EN,Combined TRACON& Tower with Radar,352,46,88,2,488,0,0,74,20,94,352,46,162,22,582,0,0,0,582
11/29/2022,RDU,NC,ASO,EN,Combined TRACON& Tower with Radar,334,47,72,2,455,0,0,92,15,107,334,47,164,17,562,0,0,0,562
11/30/2022,RDU,NC,ASO,EN,Combined TRACON& Tower with Radar,350,75,79,2,506,0,0,9,6,15,350,75,88,8,521,0,0,0,521
12/01/2022,RDU,NC,ASO,EN,Combined TRACON& Tower with Radar,342,58,92,6,498,0,0,101,15,116,342,58,193,21,614,0,0,0,614
12/02/2022,RDU,NC,ASO,EN,Combined TRACON& Tower with Radar,337,50,104,2,493,0,0,87,5,92,337,50,191,7,585,0,0,0,585
12/03/2022,RDU,NC,ASO,EN,Combined TRACON& Tower with Radar,279,39,45,4,367,0,0,7,0,7,279,39,52,4,374,0,0,0,374
12/04/2022,RDU,NC,ASO,EN,Combined TRACON& Tower with Radar,316,36,65,0,417,0,2,86,2,90,316,38,151,2,507,0,0,0,507
12/05/2022,RDU,NC,ASO,EN,Combined TRACON& Tower with Radar,326,46,56,0,428,0,0,105,5,110,326,46,161,5,538,0,0,0,538
12/06/2022,RDU,NC,ASO,EN,Combined TRACON& Tower with Radar,344,45,75,2,466,0,0,2,0,2,344,45,77,2,468,0,0,0,468
12/07/2022,RDU,NC,ASO,EN,Combined TRACON& Tower with Radar,338,79,80,3,500,0,0,0,0,0,338,79,80,3,500,0,0,0,500
12/08/2022,RDU,NC,ASO,EN,Combined TRACON& Tower with Radar,340,55,151,4,550,0,0,6,11,17,340,55,157,15,567,0,20,20,587
12/09/2022,RDU,NC,ASO,EN,Combined TRACON& Tower with Radar,335,38,96,1,470,0,0,70,4,74,335,38,166,5,544,0,0,0,544
12/10/2022,RDU,NC,ASO,EN,Combined TRACON& Tower with Radar,279,36,57,0,372,0,0,59,0,59,279,36,116,0,431,0,0,0,431
12/11/2022,RDU,NC,ASO,EN,Combined TRACON& Tower with Radar,316,23,66,3,408,0,1,60,0,61,316,24,126,3,469,0,0,0,469
12/12/2022,RDU,NC,ASO,EN,Combined TRACON& Tower with Radar,331,46,80,4,461,0,0,103,4,107,331,46,183,8,568,0,0,0,568
12/13/2022,RDU,NC,ASO,EN,Combined TRACON& Tower with Radar,339,58,95,3,495,0,0,99,15,114,339,58,194,18,609,0,0,0,609
12/14/2022,RDU,NC,ASO,EN,Combined TRACON& Tower with Radar,336,50,82,2,470,0,0,49,7,56,336,50,131,9,526,0,0,0,526
12/15/2022,RDU,NC,ASO,EN,Combined TRACON& Tower with Radar,344,50,61,0,455,0,0,0,0,0,344,50,61,0,455,0,0,0,455
12/16/2022,RDU,NC,ASO,EN,Combined TRACON& Tower with Radar,336,51,60,5,452,0,0,79,6,85,336,51,139,11,537,0,0,0,537
12/17/2022,RDU,NC,ASO,EN,Combined TRACON& Tower with Radar,292,39,87,1,419,0,2,72,5,79,292,41,159,6,498,0,0,0,498
12/18/2022,RDU,NC,ASO,EN,Combined TRACON& Tower with Radar,317,34,59,0,410,0,0,80,1,81,317,34,139,1,491,0,0,0,491
12/19/2022,RDU,NC,ASO,EN,Combined TRACON& Tower with Radar,314,32,54,3,403,0,0,95,8,103,314,32,149,11,506,0,0,0,506
12/20/2022,RDU,NC,ASO,EN,Combined TRACON& Tower with Radar,322,37,75,2,436,0,0,90,7,97,322,37,165,9,533,0,0,0,533
12/21/2022,RDU,NC,ASO,EN,Combined TRACON& Tower with Radar,333,38,75,4,450,0,0,83,1,84,333,38,158,5,534,0,0,0,534
12/22/2022,RDU,NC,ASO,EN,Combined TRACON& Tower with Radar,317,49,43,0,409,0,0,0,0,0,317,49,43,0,409,0,0,0,409
12/23/2022,RDU,NC,ASO,EN,Combined TRACON& Tower with Radar,293,36,25,0,354,0,0,1,0,1,293,36,26,0,355,0,0,0,355
12/24/2022,RDU,NC,ASO,EN,Combined TRACON& Tower with Radar,202,28,23,1,254,0,1,12,0,13,202,29,35,1,267,0,0,0,267
12/25/2022,RDU,NC,ASO,EN,Combined TRACON& Tower with Radar,193,30,13,0,236,0,0,20,0,20,193,30,33,0,256,0,0,0,256
12/26/2022,RDU,NC,ASO,EN,Combined TRACON& Tower with Radar,236,35,76,0,347,0,0,41,0,41,236,35,117,0,388,0,0,0,388
12/27/2022,RDU,NC,ASO,EN,Combined TRACON& Tower with Radar,271,58,87,1,417,0,1,67,1,69,271,59,154,2,486,6,0,6,492
12/28/2022,RDU,NC,ASO,EN,Combined TRACON& Tower with Radar,255,55,60,0,370,0,1,56,0,57,255,56,116,0,427,30,0,30,457
12/29/2022,RDU,NC,ASO,EN,Combined TRACON& Tower with Radar,269,41,53,0,363,0,0,91,1,92,269,41,144,1,455,20,0,20,475
12/30/2022,RDU,NC,ASO,EN,Combined TRACON& Tower with Radar,291,37,72,0,400,0,0,86,4,90,291,37,158,4,490,0,0,0,490
12/31/2022,RDU,NC,ASO,EN,Combined TRACON& Tower with Radar,239,29,17,0,285,0,0,0,0,0,239,29,17,0,285,0,0,0,285
01/01/2023,RDU,NC,ASO,EN,Combined TRACON& Tower with Radar,236,37,36,0,309,0,0,31,1,32,236,37,67,1,341,0,0,0,341
01/02/2023,RDU,NC,ASO,EN,Combined TRACON& Tower with Radar,286,32,94,1,413,0,0,37,0,37,286,32,131,1,450,0,0,0,450
01/03/2023,RDU,NC,ASO,EN,Combined TRACON& Tower with Radar,274,41,56,9,380,0,0,52,6,58,274,41,108,15,438,0,0,0,438
01/04/2023,RDU,NC,ASO,EN,Combined TRACON& Tower with Radar,284,31,58,7,380,0,0,7,2,9,284,31,65,9,389,0,32,32,421
01/05/2023,RDU,NC,ASO,EN,Combined TRACON& Tower with Radar,274,48,75,1,398,0,0,83,13,96,274,48,158,14,494,0,0,0,494
01/06/2023,RDU,NC,ASO,EN,Combined TRACON& Tower with Radar,277,44,53,0,374,0,1,103,10,114,277,45,156,10,488,0,10,10,498
01/07/2023,RDU,NC,ASO,EN,Combined TRACON& Tower with Radar,258,30,59,2,349,0,0,102,10,112,258,30,161,12,461,59,8,67,528
01/08/2023,RDU,NC,ASO,EN,Combined TRACON& Tower with Radar,308,28,42,3,381,1,0,27,4,32,309,28,69,7,413,0,0,0,413
01/09/2023,RDU,NC,ASO,EN,Combined TRACON& Tower with Radar,321,32,56,4,413,0,0,58,8,66,321,32,114,12,479,0,0,0,479
01/10/2023,RDU,NC,ASO,EN,Combined TRACON& Tower with Radar,329,37,68,8,442,0,0,96,13,109,329,37,164,21,551,0,0,0,551
01/11/2023,RDU,NC,ASO,EN,Combined TRACON& Tower with Radar,319,39,91,9,458,0,0,127,9,136,319,39,218,18,594,0,0,0,594
01/12/2023,RDU,NC,ASO,EN,Combined TRACON& Tower with Radar,345,35,93,2,475,0,1,9,10,20,345,36,102,12,495,0,0,0,495
01/13/2023,RDU,NC,ASO,EN,Combined TRACON& Tower with Radar,342,38,77,3,460,0,0,53,2,55,342,38,130,5,515,0,0,0,515
01/14/2023,RDU,NC,ASO,EN,Combined TRACON& Tower with Radar,255,25,52,0,332,0,0,67,2,69,255,25,119,2,401,0,0,0,401
01/15/2023,RDU,NC,ASO,EN,Combined TRACON& Tower with Radar,305,22,70,2,399,0,0,103,0,103,305,22,173,2,502,0,0,0,502
01/16/2023,RDU,NC,ASO,EN,Combined TRACON& Tower with Radar,320,43,80,1,444,0,0,122,0,122,320,43,202,1,566,30,0,30,596
01/17/2023,RDU,NC,ASO,EN,Combined TRACON& Tower with Radar,328,38,74,1,441,0,0,7,3,10,328,38,81,4,451,0,0,0,451
01/18/2023,RDU,NC,ASO,EN,Combined TRACON& Tower with Radar,329,35,75,15,454,0,1,79,22,102,329,36,154,37,556,12,0,12,568
01/19/2023,RDU,NC,ASO,EN,Combined TRACON& Tower with Radar,338,54,74,10,476,0,2,22,2,26,338,56,96,12,502,0,0,0,502
01/20/2023,RDU,NC,ASO,EN,Combined TRACON& Tower with Radar,334,46,85,10,475,0,1,85,16,102,334,47,170,26,577,0,0,0,577
01/21/2023,RDU,NC,ASO,EN,Combined TRACON& Tower with Radar,256,57,56,0,369,0,0,117,1,118,256,57,173,1,487,0,0,0,487
01/22/2023,RDU,NC,ASO,EN,Combined TRACON& Tower with Radar,326,38,27,4,395,0,0,1,0,1,326,38,28,4,396,0,0,0,396
01/23/2023,RDU,NC,ASO,EN,Combined TRACON& Tower with Radar,312,38,69,3,422,0,1,23,9,33,312,39,92,12,455,0,10,10,465
01/24/2023,RDU,NC,ASO,EN,Combined TRACON& Tower with Radar,340,38,76,8,462,0,0,101,14,115,340,38,177,22,577,0,0,0,577
01/25/2023,RDU,NC,ASO,EN,Combined TRACON& Tower with Radar,312,34,38,0,384,0,0,2,0,2,312,34,40,0,386,0,0,0,386
01/26/2023,RDU,NC,ASO,EN,Combined TRACON& Tower with Radar,343,51,67,11,472,0,0,84,9,93,343,51,151,20,565,28,0,28,593
01/27/2023,RDU,NC,ASO,EN,Combined TRACON& Tower with Radar,333,43,89,11,476,0,1,133,0,134,333,44,222,11,610,0,0,0,610
01/28/2023,RDU,NC,ASO,EN,Combined TRACON& Tower with Radar,260,24,52,0,336,0,1,129,3,133,260,25,181,3,469,0,0,0,469
01/29/2023,RDU,NC,ASO,EN,Combined TRACON& Tower with Radar,327,34,54,4,419,0,0,69,0,69,327,34,123,4,488,0,0,0,488
01/30/2023,RDU,NC,ASO,EN,Combined TRACON& Tower with Radar,324,35,50,5,414,0,0,16,11,27,324,35,66,16,441,0,0,0,441
01/31/2023,RDU,NC,ASO,EN,Combined TRACON& Tower with Radar,317,36,58,2,413,0,0,0,0,0,317,36,58,2,413,0,0,0,413
02/01/2023,RDU,NC,ASO,EN,Combined TRACON& Tower with Radar,310,50,84,2,446,0,0,0,0,0,310,50,84,2,446,0,0,0,446
02/02/2023,RDU,NC,ASO,EN,Combined TRACON& Tower with Radar,340,31,49,2,422,0,0,1,0,1,340,31,50,2,423,0,0,0,423
02/03/2023,RDU,NC,ASO,EN,Combined TRACON& Tower with Radar,331,66,73,3,473,0,0,79,10,89,331,66,152,13,562,0,0,0,562
02/04/2023,RDU,NC,ASO,EN,Combined TRACON& Tower with Radar,273,49,89,1,412,0,0,123,8,131,273,49,212,9,543,0,0,0,543
02/05/2023,RDU,NC,ASO,EN,Combined TRACON& Tower with Radar,331,56,73,2,462,0,1,37,9,47,331,57,110,11,509,10,0,10,519
02/06/2023,RDU,NC,ASO,EN,Combined TRACON& Tower with Radar,328,69,70,2,469,0,0,86,10,96,328,69,156,12,565,0,0,0,565
02/07/2023,RDU,NC,ASO,EN,Combined TRACON& Tower with Radar,335,55,87,6,483,0,0,120,14,134,335,55,207,20,617,0,0,0,617
02/08/2023,RDU,NC,ASO,EN,Combined TRACON& Tower with Radar,324,64,106,6,500,0,0,120,19,139,324,64,226,25,639,0,0,0,639
02/09/2023,RDU,NC,ASO,EN,Combined TRACON& Tower with Radar,334,54,84,6,478,0,0,60,23,83,334,54,144,29,561,0,0,0,561
02/10/2023,RDU,NC,ASO,EN,Combined TRACON& Tower with Radar,342,34,101,6,483,0,0,65,2,67,342,34,166,8,550,0,0,0,550
02/11/2023,RDU,NC,ASO,EN,Combined TRACON& Tower with Radar,266,35,44,2,347,0,0,111,1,112,266,35,155,3,459,0,0,0,459
02/12/2023,RDU,NC,ASO,EN,Combined TRACON& Tower with Radar,310,36,55,1,402,0,0,0,0,0,310,36,55,1,402,0,0,0,402
02/13/2023,RDU,NC,ASO,EN,Combined TRACON& Tower with Radar,324,31,80,5,440,0,0,119,9,128,324,31,199,14,568,0,0,0,568
02/14/2023,RDU,NC,ASO,EN,Combined TRACON& Tower with Radar,318,47,73,8,446,0,0,103,13,116,318,47,176,21,562,0,0,0,562
02/15/2023,RDU,NC,ASO,EN,Combined TRACON& Tower with Radar,329,49,119,8,505,0,0,96,11,107,329,49,215,19,612,0,10,10,622
02/16/2023,RDU,NC,ASO,EN,Combined TRACON& Tower with Radar,344,51,99,4,498,0,0,50,24,74,344,51,149,28,572,0,0,0,572
02/17/2023,RDU,NC,ASO,EN,Combined TRACON& Tower with Radar,348,47,52,2,449,0,0,2,2,4,348,47,54,4,453,0,0,0,453
02/18/2023,RDU,NC,ASO,EN,Combined TRACON& Tower with Radar,275,36,74,0,385,0,1,145,8,154,275,37,219,8,539,22,0,22,561
02/19/2023,RDU,NC,ASO,EN,Combined TRACON& Tower with Radar,317,24,68,0,409,0,0,77,0,77,317,24,145,0,486,0,0,0,486
02/20/2023,RDU,NC,ASO,EN,Combined TRACON& Tower with Radar,343,36,87,0,466,0,0,97,4,101,343,36,184,4,567,10,0,10,577
02/21/2023,RDU,NC,ASO,EN,Combined TRACON& Tower with Radar,334,45,102,5,486,0,0,65,8,73,334,45,167,13,559,0,0,0,559
02/22/2023,RDU,NC,ASO,EN,Combined TRACON& Tower with Radar,324,62,88,6,480,0,0,75,17,92,324,62,163,23,572,8,0,8,580
02/23/2023,RDU,NC,ASO,EN,Combined TRACON& Tower with Radar,337,55,86,3,481,0,3,22,9,34,337,58,108,12,515,0,10,10,525
02/24/2023,RDU,NC,ASO,EN,Combined TRACON& Tower with Radar,353,62,99,6,520,0,1,97,9,107,353,63,196,15,627,10,0,10,637
02/25/2023,RDU,NC,ASO,EN,Combined TRACON& Tower with Radar,270,37,70,4,381,0,0,12,0,12,270,37,82,4,393,0,0,0,393
02/26/2023,RDU,NC,ASO,EN,Combined TRACON& Tower with Radar,332,38,88,4,462,0,0,6,0,6,332,38,94,4,468,0,0,0,468
02/27/2023,RDU,NC,ASO,EN,Combined TRACON& Tower with Radar,335,39,73,4,451,0,0,62,13,75,335,39,135,17,526,0,0,0,526
02/28/2023,RDU,NC,ASO,EN,Combined TRACON& Tower with Radar,322,34,93,4,453,0,0,110,12,122,322,34,203,16,575,0,0,0,575
03/01/2023,RDU,NC,ASO,EN,Combined TRACON& Tower with Radar,330,27,83,6,446,0,2,64,11,77,330,29,147,17,523,6,0,6,529
03/02/2023,RDU,NC,ASO,EN,Combined TRACON& Tower with Radar,350,33,87,11,481,0,0,52,4,56,350,33,139,15,537,0,0,0,537
03/03/2023,RDU,NC,ASO,EN,Combined TRACON& Tower with Radar,336,36,68,5,445,0,0,7,3,10,336,36,75,8,455,0,0,0,455
03/04/2023,RDU,NC,ASO,EN,Combined TRACON& Tower with Radar,270,76,79,4,429,0,0,71,3,74,270,76,150,7,503,0,0,0,503
03/05/2023,RDU,NC,ASO,EN,Combined TRACON& Tower with Radar,335,39,74,1,449,0,4,129,7,140,335,43,203,8,589,0,0,0,589
03/06/2023,RDU,NC,ASO,EN,Combined TRACON& Tower with Radar,357,30,62,7,456,0,14,109,1,124,357,44,171,8,580,0,0,0,580
03/07/2023,RDU,NC,ASO,EN,Combined TRACON& Tower with Radar,340,40,72,1,453,0,0,56,19,75,340,40,128,20,528,0,0,0,528
03/08/2023,RDU,NC,ASO,EN,Combined TRACON& Tower with Radar,347,40,78,3,468,0,5,109,14,128,347,45,187,17,596,0,0,0,596
03/09/2023,RDU,NC,ASO,EN,Combined TRACON& Tower with Radar,364,44,81,1,490,0,9,131,12,152,364,53,212,13,642,0,0,0,642
03/10/2023,RDU,NC,ASO,EN,Combined TRACON& Tower with Radar,372,34,93,8,507,0,0,2,0,2,372,34,95,8,509,0,0,0,509
03/11/2023,RDU,NC,ASO,EN,Combined TRACON& Tower with Radar,283,34,47,0,364,0,2,54,0,56,283,36,101,0,420,0,0,0,420
03/12/2023,RDU,NC,ASO,EN,Combined TRACON& Tower with Radar,339,26,44,2,411,0,0,0,0,0,339,26,44,2,411,0,0,0,411
03/13/2023,RDU,NC,ASO,EN,Combined TRACON& Tower with Radar,362,28,50,4,444,0,3,36,10,49,362,31,86,14,493,0,0,0,493
03/14/2023,RDU,NC,ASO,EN,Combined TRACON& Tower with Radar,355,48,47,2,452,0,4,37,7,48,355,52,84,9,500,0,0,0,500
03/15/2023,RDU,NC,ASO,EN,Combined TRACON& Tower with Radar,344,48,53,1,446,0,4,69,7,80,344,52,122,8,526,0,0,0,526
03/16/2023,RDU,NC,ASO,EN,Combined TRACON& Tower with Radar,373,69,74,2,518,0,13,90,8,111,373,82,164,10,629,0,0,0,629
03/17/2023,RDU,NC,ASO,EN,Combined TRACON& Tower with Radar,374,45,51,5,475,0,4,18,4,26,374,49,69,9,501,0,0,0,501
03/18/2023,RDU,NC,ASO,EN,Combined TRACON& Tower with Radar,288,45,60,3,396,0,13,67,0,80,288,58,127,3,476,0,0,0,476
03/19/2023,RDU,NC,ASO,EN,Combined TRACON& Tower with Radar,348,48,72,4,472,0,18,103,1,122,348,66,175,5,594,0,0,0,594
03/20/2023,RDU,NC,ASO,EN,Combined TRACON& Tower with Radar,358,50,81,7,496,0,9,77,8,94,358,59,158,15,590,0,0,0,590
03/21/2023,RDU,NC,ASO,EN,Combined TRACON& Tower with Radar,354,38,84,7,483,0,25,93,12,130,354,63,177,19,613,0,0,0,613
03/22/2023,RDU,NC,ASO,EN,Combined TRACON& Tower with Radar,356,60,94,2,512,0,16,68,7,91,356,76,162,9,603,0,0,0,603
03/23/2023,RDU,NC,ASO,EN,Combined TRACON& Tower with Radar,364,62,86,6,518,0,1,38,7,46,364,63,124,13,564,0,0,0,564
03/24/2023,RDU,NC,ASO,EN,Combined TRACON& Tower with Radar,381,60,67,5,513,0,16,88,6,110,381,76,155,11,623,0,0,0,623
03/25/2023,RDU,NC,ASO,EN,Combined TRACON& Tower with Radar,279,27,52,0,358,0,0,21,2,23,279,27,73,2,381,0,0,0,381
03/26/2023,RDU,NC,ASO,EN,Combined TRACON& Tower with Radar,345,38,53,2,438,0,6,52,2,60,345,44,105,4,498,0,0,0,498
03/27/2023,RDU,NC,ASO,EN,Combined TRACON& Tower with Radar,358,46,83,10,497,0,0,17,3,20,358,46,100,13,517,0,0,0,517
03/28/2023,RDU,NC,ASO,EN,Combined TRACON& Tower with Radar,357,57,71,4,489,0,22,69,6,97,357,79,140,10,586,0,0,0,586
03/29/2023,RDU,NC,ASO,EN,Combined TRACON& Tower with Radar,351,52,89,1,493,0,25,82,5,112,351,77,171,6,605,0,0,0,605
03/30/2023,RDU,NC,ASO,EN,Combined TRACON& Tower with Radar,365,60,74,4,503,0,15,146,10,171,365,75,220,14,674,30,0,30,704
03/31/2023,RDU,NC,ASO,EN,Combined TRACON& Tower with Radar,367,46,67,2,482,0,3,56,6,65,367,49,123,8,547,0,0,0,547
04/01/2023,RDU,NC,ASO,EN,Combined TRACON& Tower with Radar,273,33,25,0,331,0,1,0,2,3,273,34,25,2,334,0,51,51,385
04/02/2023,RDU,NC,ASO,EN,Combined TRACON& Tower with Radar,346,53,61,0,460,0,14,107,2,123,346,67,168,2,583,0,0,0,583
04/03/2023,RDU,NC,ASO,EN,Combined TRACON& Tower with Radar,354,61,79,4,498,0,12,83,2,97,354,73,162,6,595,24,0,24,619
04/04/2023,RDU,NC,ASO,EN,Combined TRACON& Tower with Radar,349,58,95,3,505,4,30,64,5,103,353,88,159,8,608,36,0,36,644
04/05/2023,RDU,NC,ASO,EN,Combined TRACON& Tower with Radar,339,65,94,5,503,0,17,90,4,111,339,82,184,9,614,0,0,0,614
04/06/2023,RDU,NC,ASO,EN,Combined TRACON& Tower with Radar,371,46,105,3,525,0,1,40,6,47,371,47,145,9,572,0,0,0,572
04/07/2023,RDU,NC,ASO,EN,Combined TRACON& Tower with Radar,375,43,47,6,471,0,0,0,0,0,375,43,47,6,471,0,0,0,471
04/08/2023,RDU,NC,ASO,EN,Combined TRACON& Tower with Radar,290,23,22,0,335,0,0,0,0,0,290,23,22,0,335,0,0,0,335
04/09/2023,RDU,NC,ASO,EN,Combined TRACON& Tower with Radar,333,30,33,0,396,0,2,46,0,48,333,32,79,0,444,0,0,0,444
04/10/2023,RDU,NC,ASO,EN,Combined TRACON& Tower with Radar,363,41,82,2,488,0,24,108,2,134,363,65,190,4,622,0,0,0,622
04/11/2023,RDU,NC,ASO,EN,Combined TRACON& Tower with Radar,353,53,88,3,497,0,39,106,10,155,353,92,194,13,652,6,0,6,658
04/12/2023,RDU,NC,ASO,EN,Combined TRACON& Tower with Radar,344,49,106,9,508,0,29,131,2,162,344,78,237,11,670,20,0,20,690
04/13/2023,RDU,NC,ASO,EN,Combined TRACON& Tower with Radar,368,64,99,6,537,0,18,113,2,133,368,82,212,8,670,0,0,0,670
04/14/2023,RDU,NC,ASO,EN,Combined TRACON& Tower with Radar,363,59,72,4,498,0,2,9,0,11,363,61,81,4,509,0,0,0,509
04/15/2023,RDU,NC,ASO,EN,Combined TRACON& Tower with Radar,284,42,87,11,424,0,5,54,4,63,284,47,141,15,487,0,0,0,487
04/16/2023,RDU,NC,ASO,EN,Combined TRACON& Tower with Radar,348,41,91,4,484,0,22,83,2,107,348,63,174,6,591,0,0,0,591
04/17/2023,RDU,NC,ASO,EN,Combined TRACON& Tower with Radar,364,52,103,6,525,0,12,73,3,88,364,64,176,9,613,0,0,0,613
04/18/2023,RDU,NC,ASO,EN,Combined TRACON& Tower with Radar,363,54,90,4,511,0,13,77,5,95,363,67,167,9,606,0,0,0,606
04/19/2023,RDU,NC,ASO,EN,Combined TRACON& Tower with Radar,356,58,80,4,498,0,24,117,7,148,356,82,197,11,646,0,0,0,646
04/20/2023,RDU,NC,ASO,EN,Combined TRACON& Tower with Radar,369,66,69,20,524,0,22,97,5,124,369,88,166,25,648,6,0,6,654
04/21/2023,RDU,NC,ASO,EN,Combined TRACON& Tower with Radar,375,59,93,25,552,0,13,94,8,115,375,72,187,33,667,0,0,0,667
04/22/2023,RDU,NC,ASO,EN,Combined TRACON& Tower with Radar,296,34,42,2,374,0,0,9,2,11,296,34,51,4,385,0,0,0,385
04/23/2023,RDU,NC,ASO,EN,Combined TRACON& Tower with Radar,358,32,54,1,445,0,15,97,2,114,358,47,151,3,559,0,0,0,559
04/24/2023,RDU,NC,ASO,EN,Combined TRACON& Tower with Radar,374,46,76,1,497,0,16,111,14,141,374,62,187,15,638,0,0,0,638
04/25/2023,RDU,NC,ASO,EN,Combined TRACON& Tower with Radar,350,68,91,4,513,0,21,100,6,127,350,89,191,10,640,6,0,6,646
04/26/2023,RDU,NC,ASO,EN,Combined TRACON& Tower with Radar,344,66,63,1,474,0,11,67,12,90,344,77,130,13,564,18,0,18,582
04/27/2023,RDU,NC,ASO,EN,Combined TRACON& Tower with Radar,370,38,51,5,464,0,0,2,0,2,370,38,53,5,466,0,0,0,466
04/28/2023,RDU,NC,ASO,EN,Combined TRACON& Tower with Radar,387,41,57,4,489,0,1,4,11,16,387,42,61,15,505,0,0,0,505
04/29/2023,RDU,NC,ASO,EN,Combined TRACON& Tower with Radar,288,38,42,1,369,0,8,49,0,57,288,46,91,1,426,0,0,0,426
04/30/2023,RDU,NC,ASO,EN,Combined TRACON& Tower with Radar,333,34,52,0,419,0,0,3,0,3,333,34,55,0,422,0,0,0,422
05/01/2023,RDU,NC,ASO,EN,Combined TRACON& Tower with Radar,380,40,64,0,484,0,4,58,4,66,380,44,122,4,550,0,0,0,550
05/02/2023,RDU,NC,ASO,EN,Combined TRACON& Tower with Radar,349,40,68,9,466,0,12,43,7,62,349,52,111,16,528,0,0,0,528
05/03/2023,RDU,NC,ASO,EN,Combined TRACON& Tower with Radar,356,50,70,8,484,0,9,52,9,70,356,59,122,17,554,8,0,8,562
05/04/2023,RDU,NC,ASO,EN,Combined TRACON& Tower with Radar,378,57,83,10,528,0,25,121,12,158,378,82,204,22,686,0,0,0,686
05/05/2023,RDU,NC,ASO,EN,Combined TRACON& Tower with Radar,380,60,95,12,547,0,30,110,20,160,380,90,205,32,707,0,0,0,707
05/06/2023,RDU,NC,ASO,EN,Combined TRACON& Tower with Radar,298,39,49,2,388,0,22,94,7,123,298,61,143,9,511,12,0,12,523
05/07/2023,RDU,NC,ASO,EN,Combined TRACON& Tower with Radar,356,31,77,3,467,0,11,71,3,85,356,42,148,6,552,0,0,0,552
05/08/2023,RDU,NC,ASO,EN,Combined TRACON& Tower with Radar,379,55,64,19,517,0,24,72,8,104,379,79,136,27,621,0,0,0,621
05/09/2023,RDU,NC,ASO,EN,Combined TRACON& Tower with Radar,359,47,80,8,494,0,13,65,29,107,359,60,145,37,601,0,0,0,601
05/10/2023,RDU,NC,ASO,EN,Combined TRACON& Tower with Radar,361,60,107,18,546,0,31,96,11,138,361,91,203,29,684,0,0,0,684
05/11/2023,RDU,NC,ASO,EN,Combined TRACON& Tower with Radar,396,89,87,15,587,0,22,87,11,120,396,111,174,26,707,0,0,0,707
05/12/2023,RDU,NC,ASO,EN,Combined TRACON& Tower with Radar,406,94,81,15,596,0,23,81,10,114,406,117,162,25,710,16,0,16,726
05/13/2023,RDU,NC,ASO,EN,Combined TRACON& Tower with Radar,313,60,37,6,416,0,3,37,2,42,313,63,74,8,458,0,0,0,458
05/14/2023,RDU,NC,ASO,EN,Combined TRACON& Tower with Radar,376,90,80,3,549,0,2,23,1,26,376,92,103,4,575,0,0,0,575
05/15/2023,RDU,NC,ASO,EN,Combined TRACON& Tower with Radar,398,61,98,13,570,0,27,103,17,147,398,88,201,30,717,0,0,0,717
05/16/2023,RDU,NC,ASO,EN,Combined TRACON& Tower with Radar,359,52,84,12,507,0,16,48,7,71,359,68,132,19,578,0,0,0,578
05/17/2023,RDU,NC,ASO,EN,Combined TRACON& Tower with Radar,377,79,90,4,550,0,22,99,8,129,377,101,189,12,679,10,0,10,689
05/18/2023,RDU,NC,ASO,EN,Combined TRACON& Tower with Radar,413,71,101,5,590,0,15,68,20,103,413,86,169,25,693,0,0,0,693
05/19/2023,RDU,NC,ASO,EN,Combined TRACON& Tower with Radar,415,71,81,4,571,0,1,3,4,8,415,72,84,8,579,0,0,0,579
05/20/2023,RDU,NC,ASO,EN,Combined TRACON& Tower with Radar,313,43,55,3,414,0,8,66,2,76,313,51,121,5,490,0,0,0,490
05/21/2023,RDU,NC,ASO,EN,Combined TRACON& Tower with Radar,396,45,67,2,510,0,5,46,4,55,396,50,113,6,565,0,0,0,565
05/22/2023,RDU,NC,ASO,EN,Combined TRACON& Tower with Radar,397,53,78,3,531,0,18,91,7,116,397,71,169,10,647,0,0,0,647
05/23/2023,RDU,NC,ASO,EN,Combined TRACON& Tower with Radar,374,49,78,6,507,0,22,79,13,114,374,71,157,19,621,0,0,0,621
05/24/2023,RDU,NC,ASO,EN,Combined TRACON& Tower with Radar,376,51,93,11,531,0,29,86,14,129,376,80,179,25,660,0,0,0,660
05/25/2023,RDU,NC,ASO,EN,Combined TRACON& Tower with Radar,419,41,100,1,561,0,14,44,12,70,419,55,144,13,631,0,0,0,631
05/26/2023,RDU,NC,ASO,EN,Combined TRACON& Tower with Radar,411,59,58,0,528,0,20,62,2,84,411,79,120,2,612,0,0,0,612
05/27/2023,RDU,NC,ASO,EN,Combined TRACON& Tower with Radar,314,36,22,0,372,0,0,3,0,3,314,36,25,0,375,0,0,0,375
05/28/2023,RDU,NC,ASO,EN,Combined TRACON& Tower with Radar,366,23,36,0,425,0,0,0,0,0,366,23,36,0,425,0,0,0,425
05/29/2023,RDU,NC,ASO,EN,Combined TRACON& Tower with Radar,400,24,70,0,494,0,0,1,0,1,400,24,71,0,495,0,0,0,495
05/30/2023,RDU,NC,ASO,EN,Combined TRACON& Tower with Radar,363,52,77,6,498,0,0,10,0,10,363,52,87,6,508,0,6,6,514
05/31/2023,RDU,NC,ASO,EN,Combined TRACON& Tower with Radar,377,52,92,8,529,0,8,67,9,84,377,60,159,17,613,0,0,0,613
06/01/2023,RDU,NC,ASO,EN,Combined TRACON& Tower with Radar,399,80,113,8,600,0,2,46,16,64,399,82,159,24,664,6,0,6,670
06/02/2023,RDU,NC,ASO,EN,Combined TRACON& Tower with Radar,398,58,77,4,537,0,8,63,9,80,398,66,140,13,617,0,6,6,623
06/03/2023,RDU,NC,ASO,EN,Combined TRACON& Tower with Radar,312,56,59,2,429,0,21,87,6,114,312,77,146,8,543,0,0,0,543
06/04/2023,RDU,NC,ASO,EN,Combined TRACON& Tower with Radar,393,46,66,3,508,0,5,37,5,47,393,51,103,8,555,0,0,0,555
06/05/2023,RDU,NC,ASO,EN,Combined TRACON& Tower with Radar,405,46,63,7,521,0,16,100,7,123,405,62,163,14,644,0,0,0,644
06/06/2023,RDU,NC,ASO,EN,Combined TRACON& Tower with Radar,374,51,80,5,510,0,10,75,16,101,374,61,155,21,611,15,0,15,626
06/07/2023,RDU,NC,ASO,EN,Combined TRACON& Tower with Radar,378,47,71,6,502,0,0,59,12,71,378,47,130,18,573,0,12,12,585
06/08/2023,RDU,NC,ASO,EN,Combined TRACON& Tower with Radar,399,43,79,7,528,0,7,79,14,100,399,50,158,21,628,0,0,0,628
06/09/2023,RDU,NC,ASO,EN,Combined TRACON& Tower with Radar,417,43,84,4,548,0,3,58,13,74,417,46,142,17,622,0,0,0,622
06/10/2023,RDU,NC,ASO,EN,Combined TRACON& Tower with Radar,312,34,36,0,382,1,8,89,2,100,313,42,125,2,482,10,0,10,492
06/11/2023,RDU,NC,ASO,EN,Combined TRACON& Tower with Radar,394,39,58,0,491,0,7,63,2,72,394,46,121,2,563,10,0,10,573
06/12/2023,RDU,NC,ASO,EN,Combined TRACON& Tower with Radar,381,29,59,18,487,0,0,11,4,15,381,29,70,22,502,0,0,0,502
06/13/2023,RDU,NC,ASO,EN,Combined TRACON& Tower with Radar,384,63,99,20,566,0,23,103,9,135,384,86,202,29,701,0,0,0,701
06/14/2023,RDU,NC,ASO,EN,Combined TRACON& Tower with Radar,368,50,71,7,496,0,5,77,17,99,368,55,148,24,595,0,0,0,595
06/15/2023,RDU,NC,ASO,EN,Combined TRACON& Tower with Radar,405,45,76,0,526,0,11,77,20,108,405,56,153,20,634,0,0,0,634
06/16/2023,RDU,NC,ASO,EN,Combined TRACON& Tower with Radar,393,51,64,0,508,0,11,76,2,89,393,62,140,2,597,20,0,20,617
06/17/2023,RDU,NC,ASO,EN,Combined TRACON& Tower with Radar,322,34,28,0,384,0,19,74,0,93,322,53,102,0,477,6,0,6,483
06/18/2023,RDU,NC,ASO,EN,Combined TRACON& Tower with Radar,386,34,46,0,466,0,15,75,2,92,386,49,121,2,558,26,0,26,584
06/19/2023,RDU,NC,ASO,EN,Combined TRACON& Tower with Radar,390,48,70,0,508,0,2,26,4,32,390,50,96,4,540,0,0,0,540
06/20/2023,RDU,NC,ASO,EN,Combined TRACON& Tower with Radar,374,53,50,2,479,0,0,2,7,9,374,53,52,9,488,0,0,0,488
06/21/2023,RDU,NC,ASO,EN,Combined TRACON& Tower with Radar,390,46,87,7,530,0,0,1,0,1,390,46,88,7,531,0,0,0,531
06/22/2023,RDU,NC,ASO,EN,Combined TRACON& Tower with Radar,398,35,56,2,491,0,0,1,0,1,398,35,57,2,492,0,0,0,492
06/23/2023,RDU,NC,ASO,EN,Combined TRACON& Tower with Radar,401,54,60,3,518,0,0,7,1,8,401,54,67,4,526,0,0,0,526
06/24/2023,RDU,NC,ASO,EN,Combined TRACON& Tower with Radar,324,42,57,2,425,0,7,65,2,74,324,49,122,4,499,12,0,12,511
06/25/2023,RDU,NC,ASO,EN,Combined TRACON& Tower with Radar,396,37,64,2,499,0,16,94,2,112,396,53,158,4,611,0,0,0,611
06/26/2023,RDU,NC,ASO,EN,Combined TRACON& Tower with Radar,364,44,63,3,474,0,17,64,7,88,364,61,127,10,562,0,0,0,562
06/27/2023,RDU,NC,ASO,EN,Combined TRACON& Tower with Radar,338,50,91,6,485,0,22,85,13,120,338,72,176,19,605,10,0,10,615
06/28/2023,RDU,NC,ASO,EN,Combined TRACON& Tower with Radar,360,64,111,6,541,2,27,85,11,125,362,91,196,17,666,20,0,20,686
06/29/2023,RDU,NC,ASO,EN,Combined TRACON& Tower with Radar,405,73,91,5,574,0,19,77,12,108,405,92,168,17,682,0,0,0,682
06/30/2023,RDU,NC,ASO,EN,Combined TRACON& Tower with Radar,414,57,81,2,554,0,5,45,1,51,414,62,126,3,605,0,0,0,605
07/01/2023,RDU,NC,ASO,EN,Combined TRACON& Tower with Radar,332,45,64,0,441,0,2,11,0,13,332,47,75,0,454,10,0,10,464
07/02/2023,RDU,NC,ASO,EN,Combined TRACON& Tower with Radar,348,28,36,1,413,0,6,62,1,69,348,34,98,2,482,0,0,0,482
07/03/2023,RDU,NC,ASO,EN,Combined TRACON& Tower with Radar,345,26,27,2,400,0,17,46,1,64,345,43,73,3,464,0,0,0,464
07/04/2023,RDU,NC,ASO,EN,Combined TRACON& Tower with Radar,299,21,24,0,344,0,18,44,0,62,299,39,68,0,406,0,0,0,406
07/05/2023,RDU,NC,ASO,EN,Combined TRACON& Tower with Radar,368,37,73,3,481,0,11,44,15,70,368,48,117,18,551,20,0,20,571
07/06/2023,RDU,NC,ASO,EN,Combined TRACON& Tower with Radar,401,32,63,13,509,1,9,51,13,74,402,41,114,26,583,16,0,16,599
07/07/2023,RDU,NC,ASO,EN,Combined TRACON& Tower with Radar,370,36,69,1,476,0,17,74,1,92,370,53,143,2,568,14,0,14,582
07/08/2023,RDU,NC,ASO,EN,Combined TRACON& Tower with Radar,326,28,57,2,413,0,9,31,1,41,326,37,88,3,454,0,0,0,454
07/09/2023,RDU,NC,ASO,EN,Combined TRACON& Tower with Radar,356,27,71,1,455,0,0,19,0,19,356,27,90,1,474,0,0,0,474
07/10/2023,RDU,NC,ASO,EN,Combined TRACON& Tower with Radar,408,55,79,3,545,0,10,67,6,83,408,65,146,9,628,10,0,10,638
07/11/2023,RDU,NC,ASO,EN,Combined TRACON& Tower with Radar,395,54,88,9,546,0,24,86,21,131,395,78,174,30,677,36,0,36,713
07/12/2023,RDU,NC,ASO,EN,Combined TRACON& Tower with Radar,397,78,89,12,576,0,18,111,11,140,397,96,200,23,716,0,0,0,716
07/13/2023,RDU,NC,ASO,EN,Combined TRACON& Tower with Radar,416,56,86,16,574,0,12,79,9,100,416,68,165,25,674,14,0,14,688
07/14/2023,RDU,NC,ASO,EN,Combined TRACON& Tower with Radar,398,35,52,9,494,0,2,20,0,22,398,37,72,9,516,0,0,0,516
07/15/2023,RDU,NC,ASO,EN,Combined TRACON& Tower with Radar,342,28,44,2,416,0,14,33,0,47,342,42,77,2,463,12,0,12,475
07/16/2023,RDU,NC,ASO,EN,Combined TRACON& Tower with Radar,363,40,56,3,462,0,10,39,1,50,363,50,95,4,512,0,0,0,512
07/17/2023,RDU,NC,ASO,EN,Combined TRACON& Tower with Radar,420,51,78,20,569,0,14,86,8,108,420,65,164,28,677,0,0,0,677
07/18/2023,RDU,NC,ASO,EN,Combined TRACON& Tower with Radar,374,57,87,15,533,0,12,72,14,98,374,69,159,29,631,0,0,0,631
07/19/2023,RDU,NC,ASO,EN,Combined TRACON& Tower with Radar,398,58,80,2,538,0,12,52,20,84,398,70,132,22,622,0,0,0,622
07/20/2023,RDU,NC,ASO,EN,Combined TRACON& Tower with Radar,408,58,69,2,537,0,20,80,12,112,408,78,149,14,649,12,0,12,661
07/21/2023,RDU,NC,ASO,EN,Combined TRACON& Tower with Radar,420,47,64,2,533,0,9,66,15,90,420,56,130,17,623,0,0,0,623
07/22/2023,RDU,NC,ASO,EN,Combined TRACON& Tower with Radar,350,31,33,5,419,0,19,71,0,90,350,50,104,5,509,4,0,4,513
07/23/2023,RDU,NC,ASO,EN,Combined TRACON& Tower with Radar,414,31,62,0,507,0,10,49,0,59,414,41,111,0,566,0,0,0,566
07/24/2023,RDU,NC,ASO,EN,Combined TRACON& Tower with Radar,420,38,70,1,529,0,2,26,8,36,420,40,96,9,565,0,0,0,565
07/25/2023,RDU,NC,ASO,EN,Combined TRACON& Tower with Radar,380,55,77,3,515,0,13,72,19,104,380,68,149,22,619,0,0,0,619
07/26/2023,RDU,NC,ASO,EN,Combined TRACON& Tower with Radar,411,39,76,0,526,0,15,58,16,89,411,54,134,16,615,0,0,0,615
07/27/2023,RDU,NC,ASO,EN,Combined TRACON& Tower with Radar,398,57,73,0,528,0,11,60,13,84,398,68,133,13,612,0,0,0,612
07/28/2023,RDU,NC,ASO,EN,Combined TRACON& Tower with Radar,423,59,59,19,560,0,23,65,6,94,423,82,124,25,654,13,0,13,667
07/29/2023,RDU,NC,ASO,EN,Combined TRACON& Tower with Radar,321,46,40,3,410,0,13,60,0,73,321,59,100,3,483,0,0,0,483
07/30/2023,RDU,NC,ASO,EN,Combined TRACON& Tower with Radar,412,52,51,0,515,0,16,50,0,66,412,68,101,0,581,8,0,8,589
07/31/2023,RDU,NC,ASO,EN,Combined TRACON& Tower with Radar,405,43,68,1,517,0,9,48,5,62,405,52,116,6,579,0,0,0,579
08/01/2023,RDU,NC,ASO,EN,Combined TRACON& Tower with Radar,396,66,58,6,526,0,14,84,30,128,396,80,142,36,654,0,0,0,654
08/02/2023,RDU,NC,ASO,EN,Combined TRACON& Tower with Radar,400,58,59,3,520,1,22,101,4,128,401,80,160,7,648,0,0,0,648
08/03/2023,RDU,NC,ASO,EN,Combined TRACON& Tower with Radar,413,52,84,2,551,0,7,71,4,82,413,59,155,6,633,0,0,0,633
08/04/2023,RDU,NC,ASO,EN,Combined TRACON& Tower with Radar,418,44,76,2,540,0,0,4,0,4,418,44,80,2,544,0,0,0,544
08/05/2023,RDU,NC,ASO,EN,Combined TRACON& Tower with Radar,337,46,49,4,436,0,3,53,15,71,337,49,102,19,507,0,0,0,507
08/06/2023,RDU,NC,ASO,EN,Combined TRACON& Tower with Radar,409,47,52,1,509,0,11,82,3,96,409,58,134,4,605,0,0,0,605
08/07/2023,RDU,NC,ASO,EN,Combined TRACON& Tower with Radar,375,52,90,15,532,0,2,15,4,21,375,54,105,19,553,0,0,0,553
08/08/2023,RDU,NC,ASO,EN,Combined TRACON& Tower with Radar,393,41,97,19,550,0,8,73,13,94,393,49,170,32,644,0,0,0,644
08/09/2023,RDU,NC,ASO,EN,Combined TRACON& Tower with Radar,406,59,91,2,558,0,26,114,12,152,406,85,205,14,710,5,0,5,715
08/10/2023,RDU,NC,ASO,EN,Combined TRACON& Tower with Radar,413,47,76,2,538,0,5,29,9,43,413,52,105,11,581,0,0,0,581
08/11/2023,RDU,NC,ASO,EN,Combined TRACON& Tower with Radar,418,34,62,11,525,0,25,72,6,103,418,59,134,17,628,0,0,0,628
08/12/2023,RDU,NC,ASO,EN,Combined TRACON& Tower with Radar,346,40,37,1,424,0,23,74,1,98,346,63,111,2,522,0,0,0,522
08/13/2023,RDU,NC,ASO,EN,Combined TRACON& Tower with Radar,412,42,62,1,517,0,12,66,0,78,412,54,128,1,595,0,0,0,595
08/14/2023,RDU,NC,ASO,EN,Combined TRACON& Tower with Radar,409,33,37,6,485,0,14,64,15,93,409,47,101,21,578,0,0,0,578
08/15/2023,RDU,NC,ASO,EN,Combined TRACON& Tower with Radar,385,58,53,2,498,0,14,53,7,74,385,72,106,9,572,0,0,0,572
08/16/2023,RDU,NC,ASO,EN,Combined TRACON& Tower with Radar,410,93,60,7,570,0,16,85,30,131,410,109,145,37,701,0,0,0,701
08/17/2023,RDU,NC,ASO,EN,Combined TRACON& Tower with Radar,429,61,87,16,593,0,9,26,15,50,429,70,113,31,643,0,0,0,643
08/18/2023,RDU,NC,ASO,EN,Combined TRACON& Tower with Radar,421,77,64,20,582,0,26,71,4,101,421,103,135,24,683,0,0,0,683
08/19/2023,RDU,NC,ASO,EN,Combined TRACON& Tower with Radar,335,48,34,0,417,0,30,81,2,113,335,78,115,2,530,0,0,0,530
08/20/2023,RDU,NC,ASO,EN,Combined TRACON& Tower with Radar,398,54,50,0,502,0,20,51,0,71,398,74,101,0,573,0,0,0,573
08/21/2023,RDU,NC,ASO,EN,Combined TRACON& Tower with Radar,428,44,45,20,537,0,17,83,11,111,428,61,128,31,648,0,0,0,648
08/22/2023,RDU,NC,ASO,EN,Combined TRACON& Tower with Radar,400,38,92,18,548,0,23,80,15,118,400,61,172,33,666,0,0,0,666
08/23/2023,RDU,NC,ASO,EN,Combined TRACON& Tower with Radar,406,49,74,18,547,0,16,100,24,140,406,65,174,42,687,0,0,0,687
08/24/2023,RDU,NC,ASO,EN,Combined TRACON& Tower with Radar,419,67,80,5,571,0,16,72,16,104,419,83,152,21,675,0,0,0,675
08/25/2023,RDU,NC,ASO,EN,Combined TRACON& Tower with Radar,427,54,60,5,546,0,25,92,16,133,427,79,152,21,679,0,0,0,679
08/26/2023,RDU,NC,ASO,EN,Combined TRACON& Tower with Radar,331,52,50,0,433,0,20,86,0,106,331,72,136,0,539,0,0,0,539
08/27/2023,RDU,NC,ASO,EN,Combined TRACON& Tower with Radar,408,34,46,0,488,0,2,27,0,29,408,36,73,0,517,0,0,0,517
08/28/2023,RDU,NC,ASO,EN,Combined TRACON& Tower with Radar,423,39,52,1,515,0,0,14,9,23,423,39,66,10,538,0,0,0,538
08/29/2023,RDU,NC,ASO,EN,Combined TRACON& Tower with Radar,383,62,69,0,514,0,0,16,5,21,383,62,85,5,535,0,0,0,535
08/30/2023,RDU,NC,ASO,EN,Combined TRACON& Tower with Radar,392,56,53,4,505,0,0,9,6,15,392,56,62,10,520,0,0,0,520
08/31/2023,RDU,NC,ASO,EN,Combined TRACON& Tower with Radar,424,47,44,0,515,0,6,30,13,49,424,53,74,13,564,0,0,0,564
